Candidate_Models_July82022/M_0.9_F_lqp_Set_1_cal/Bison.asc
ncols         290
nrows         380
xllcorner     -2197417.7431653
yllcorner     -584827.01486885
cellsize      10000.0
NODATA_value  -9999
[rows 189 to 215 of 380, columns 61 to 121 of 290]
1.16659E-1 1.77853E-1 1.61911E-1 1.45885E-1 1.50155E-1 9.99486E-2 9.22902E-2 7.2602E-2 5.55673E-2 5.07679E-2 3.64267E-2 5.44108E-2 5.26778E-2 9.03245E-2 4.26963E-2 3.35044E-2 8.12827E-3 2.33546E-3 5.77695E-3 2.22641E-2 5.37987E-2 4.1952E-2 3.17062E-2 7.12941E-2 8.51465E-2 4.10238E-2 1.02352E-1 1.08267E-1 1.52346E-1 1.6999E-1 1.76169E-1 2.23497E-1 4.02088E-1 3.31915E-1 3.98576E-1 2.55136E-1 5.06329E-1 5.77275E-1 4.03251E-1 5.37194E-1 5.50185E-1 5.37221E-1 5.33043E-1 5.96369E-1 5.91129E-1 5.85912E-1 4.24367E-1 5.59794E-1 5.71685E-1 5.451E-1 4.15255E-1 4.13517E-1 5.24151E-1 3.34645E-1 2.82676E-1 3.00087E-1 2.83555E-1 3.12333E-1 3.19E-1 2.68096E-1 2.76892E-1
7.63655E-2 1.24406E-1 2.2029E-1 1.73786E-1 1.31096E-1 1.20203E-1 1.14385E-1 9.52738E-2 7.59451E-2 7.83624E-2 1.08675E-1 5.19352E-2 9.67949E-2 5.83399E-2 3.0967E-2 4.32891E-2 9.7378E-3 3.50284E-3 2.8311E-2 2.11607E-2 2.53296E-2 2.80107E-2 2.30974E-2 3.26777E-2 4.43322E-2 1.07692E-1 1.45784E-1 9.39676E-2 1.10253E-1 1.5613E-1 1.71178E-1 1.87287E-1 2.24602E-1 3.87454E-1 5.6096E-1 5.62074E-1 4.86427E-1 4.78292E-1 5.70259E-1 3.60934E-1 2.58491E-1 3.9908E-1 4.23754E-1 5.2132E-1 4.73996E-1 5.23547E-1 5.40637E-1 5.26962E-1 4.26131E-1 5.81491E-1 3.99206E-1 3.97559E-1 5.19368E-1 3.28874E-1 2.87387E-1 3.28673E-1 3.37827E-1 3.2626E-1 3.10868E-1 3.22002E-1 3.22299E-1
7.53147E-2 1.42244E-1 1.73494E-1 1.88468E-1 1.28998E-1 1.39608E-1 1.32047E-1 1.06423E-1 8.3529E-2 8.731E-2 6.10935E-2 6.03716E-2 7.82759E-2 3.89912E-2 3.21623E-2 3.4045E-2 3.88244E-2 7.78488E-3 6.2139E-3 1.47035E-2 2.03519E-2 4.28778E-2 5.48599E-2 8.64542E-2 6.2823E-2 5.35695E-2 1.55682E-1 1.07782E-1 1.20133E-1 1.33618E-1 1.7017E-1 1.85674E-1 2.40327E-1 5.32997E-1 5.0709E-1 4.78895E-1 5.07217E-1 5.63379E-1 4.7513E-1 5.43465E-1 6.00923E-1 6.03056E-1 5.56537E-1 6.07699E-1 5.71284E-1 5.62814E-1 4.77832E-1 2.6321E-1 3.0356E-1 5.5654E-1 4.51367E-1 4.42766E-1 4.74273E-1 4.11811E-1 3.10065E-1 3.29831E-1 5.47851E-1 3.86531E-1 3.49025E-1 3.24113E-1 3.48761E-1
8.94029E-2 1.101E-1 1.20919E-1 2.06112E-1 1.59895E-1 1.31184E-1 1.28972E-1 1.20213E-1 9.81794E-2 8.84164E-2 8.03416E-2 9.90748E-2 1.1012E-1 5.19618E-2 3.57028E-2 3.03005E-2 3.58801E-2 6.77344E-3 9.84579E-3 2.59055E-2 2.92533E-2 2.67223E-2 1.80574E-2 2.09683E-2 8.3433E-2 1.51894E-1 1.0138E-1 7.78727E-2 1.02457E-1 1.20054E-1 1.6034E-1 1.95303E-1 2.58176E-1 4.16884E-1 4.75722E-1 5.67803E-1 5.98571E-1 5.78486E-1 5.54069E-1 4.85005E-1 4.8149E-1 4.73504E-1 4.08295E-1 5.47526E-1 4.63138E-1 5.83011E-1 5.60783E-1 2.73854E-1 5.82624E-1 5.42807E-1 5.71349E-1 4.95207E-1 5.68924E-1 5.21494E-1 4.67986E-1 5.77447E-1 5.66502E-1 4.06443E-1 4.18377E-1 4.4278E-1 3.46062E-1
9.1322E-2 8.99624E-2 1.26433E-1 1.89625E-1 1.72554E-1 1.2778E-1 1.3489E-1 1.46703E-1 1.1971E-1 1.47197E-1 9.42634E-2 9.77606E-2 7.47873E-2 6.26311E-2 5.1594E-2 2.41553E-2 5.19887E-2 1.42643E-2 7.93152E-3 6.16581E-3 2.5303E-2 2.97301E-2 2.99427E-2 2.02248E-2 4.98574E-2 2.48928E-2 3.8784E-2 7.15017E-2 7.79959E-2 1.41307E-1 1.62731E-1 1.9859E-1 2.55689E-1 6.10831E-1 6.13842E-1 5.09298E-1 4.95965E-1 5.86177E-1 5.87092E-1 5.60232E-1 5.34044E-1 4.50163E-1 4.86159E-1 5.76055E-1 5.4849E-1 5.79514E-1 2.78324E-1 2.68236E-1 4.22265E-1 4.34009E-1 5.82197E-1 4.97642E-1 5.59427E-1 5.57998E-1 3.96735E-1 5.30268E-1 5.76386E-1 4.38788E-1 3.07738E-1 2.59515E-1 2.76184E-1
1.28351E-1 1.79026E-1 1.50876E-1 1.46978E-1 2.34752E-1 1.44237E-1 1.21418E-1 1.11114E-1 1.21631E-1 1.21957E-1 1.06692E-1 1.03621E-1 4.45695E-2 7.28247E-2 3.97101E-2 2.27452E-2 1.48449E-2 7.69006E-2 2.16959E-2 9.2112E-3 7.17031E-3 1.69574E-2 3.28135E-2 4.48014E-2 5.13856E-2 7.79137E-2 7.14018E-2 7.38771E-2 8.55074E-2 9.69691E-2 1.33641E-1 2.11103E-1 2.46817E-1 5.66661E-1 6.06976E-1 5.92461E-1 5.78277E-1 5.74799E-1 5.56663E-1 5.94799E-1 6.09645E-1 5.50992E-1 4.82709E-1 5.16267E-1 4.79219E-1 5.21667E-1 2.57678E-1 2.48861E-1 3.51982E-1 5.55113E-1 5.65139E-1 5.81363E-1 5.03918E-1 5.55205E-1 5.78469E-1 5.51791E-1 5.7629E-1 3.3041E-1 2.33909E-1 2.6131E-1 3.16844E-1
2.09324E-1 2.57094E-1 3.12392E-1 1.91839E-1 1.34342E-1 1.50744E-1 1.38335E-1 1.13667E-1 1.29707E-1 1.16918E-1 1.27526E-1 8.8367E-2 6.51323E-2 8.23566E-2 3.62865E-2 1.76657E-2 2.3391E-2 4.07615E-2 4.19546E-2 1.24746E-2 4.49886E-3 2.46715E-2 1.08822E-2 4.74618E-2 2.81114E-2 3.34536E-2 2.82114E-2 5.16838E-2 7.41182E-2 7.6045E-2 1.16414E-1 2.02186E-1 2.63069E-1 3.10099E-1 2.99937E-1 2.29966E-1 2.92827E-1 4.21363E-1 5.64622E-1 4.46829E-1 2.85407E-1 2.63296E-1 2.89823E-1 4.06605E-1 5.67981E-1 5.41195E-1 2.62933E-1 2.55946E-1 3.29108E-1 5.40159E-1 5.67635E-1 4.31234E-1 5.21483E-1 5.62591E-1 5.61074E-1 5.42036E-1 4.06139E-1 3.17703E-1 2.49856E-1 2.42676E-1 2.49406E-1
2.59058E-1 3.81383E-1 4.30148E-1 5.10308E-1 2.57912E-1 1.624E-1 1.73407E-1 1.67043E-1 1.17207E-1 1.09049E-1 1.32269E-1 1.10956E-1 1.22588E-1 8.92264E-2 5.2617E-2 2.79611E-2 3.03279E-2 1.14193E-2 3.49271E-3 2.84511E-2 1.5899E-2 2.67346E-2 5.16705E-2 1.86886E-2 3.98795E-2 3.14282E-2 1.26918E-2 5.15358E-2 5.88368E-2 8.9696E-2 1.09766E-1 1.87346E-1 2.19861E-1 2.84014E-1 1.97448E-1 2.33798E-1 2.31061E-1 2.8121E-1 4.63923E-1 3.08096E-1 2.83057E-1 2.71957E-1 2.71053E-1 2.63166E-1 4.11387E-1 5.53447E-1 5.52143E-1 3.13924E-1 4.44683E-1 5.58201E-1 5.09383E-1 5.66317E-1 3.87471E-1 4.27514E-1 4.06571E-1 3.63118E-1 2.38329E-1 3.14962E-1 3.47098E-1 3.25756E-1 3.03411E-1
2.35448E-1 2.74062E-1 3.27356E-1 3.75814E-1 4.42888E-1 3.54996E-1 1.91992E-1 1.33892E-1 1.19036E-1 1.14483E-1 1.12876E-1 1.0459E-1 9.57852E-2 9.56074E-2 6.09088E-2 4.26292E-2 4.23622E-2 3.86521E-2 2.17595E-2 3.72326E-3 6.96012E-3 1.2715E-2 3.45147E-2 1.39242E-2 1.57056E-2 2.4372E-2 2.14241E-2 2.69837E-2 7.99873E-2 7.9507E-2 1.02912E-1 1.68565E-1 1.72333E-1 2.22489E-1 2.28703E-1 2.20191E-1 1.92923E-1 2.35367E-1 2.62001E-1 2.55094E-1 2.52787E-1 2.43226E-1 2.51751E-1 2.44414E-1 2.72583E-1 2.88344E-1 2.5572E-1 3.52403E-1 5.52715E-1 5.74842E-1 4.76774E-1 5.56049E-1 3.0717E-1 3.12377E-1 5.08788E-1 3.29721E-1 2.40736E-1 2.25203E-1 2.3903E-1 2.40016E-1 3.83705E-1
1.62684E-1 1.81275E-1 1.84532E-1 2.36422E-1 2.90966E-1 2.42938E-1 1.82632E-1 1.52694E-1 1.32935E-1 1.58962E-1 2.12746E-1 1.53426E-1 1.48346E-1 1.50153E-1 9.54805E-2 6.09517E-2 7.5031E-2 4.82822E-2 2.78214E-2 1.04951E-2 8.20141E-3 3.36109E-2 8.94397E-3 2.67553E-2 9.91471E-2 1.78184E-2 5.57084E-2 1.80608E-2 3.25847E-2 6.6312E-2 8.30483E-2 1.66545E-1 1.93098E-1 1.76544E-1 1.99134E-1 1.82985E-1 1.67616E-1 2.2301E-1 2.12796E-1 2.44081E-1 2.27604E-1 2.2243E-1 2.3118E-1 2.25862E-1 2.62139E-1 2.44857E-1 2.40127E-1 5.38252E-1 5.66173E-1 5.39346E-1 4.72136E-1 5.1758E-1 2.95948E-1 2.15309E-1 2.28826E-1 2.28108E-1 2.27635E-1 2.34304E-1 2.19147E-1 2.20147E-1 2.40567E-1
1.18095E-1 1.18559E-1 1.39033E-1 1.0767E-1 2.67066E-1 2.50535E-1 1.95165E-1 1.36904E-1 1.33797E-1 1.9114E-1 2.2812E-1 2.44392E-1 1.48952E-1 1.08478E-1 9.62659E-2 7.37407E-2 1.06914E-1 9.67481E-2 6.79437E-2 1.40934E-2 1.50335E-2 8.66833E-3 1.79488E-2 7.97904E-3 2.48606E-2 2.07286E-2 3.34002E-2 1.87156E-2 4.06181E-2 5.25416E-2 5.53769E-2 9.56206E-2 1.60743E-1 6.95596E-2 1.39924E-1 1.69828E-1 2.12249E-1 2.4559E-1 2.07078E-1 2.23438E-1 2.099E-1 2.41759E-1 2.14763E-1 2.1303E-1 2.25871E-1 2.22332E-1 2.32873E-1 4.72809E-1 5.58092E-1 4.71995E-1 5.19156E-1 4.23684E-1 2.09181E-1 2.02556E-1 2.13064E-1 2.02419E-1 2.53641E-1 2.17306E-1 2.25508E-1 2.26098E-1 2.50386E-1
1.42501E-1 9.87557E-2 1.91824E-1 1.3525E-1 1.96345E-1 1.73546E-1 1.39753E-1 1.40925E-1 1.70789E-1 2.15246E-1 1.91925E-1 2.74435E-1 1.69285E-1 1.09512E-1 8.54242E-2 9.0046E-2 7.495E-2 7.86464E-2 4.73984E-2 8.8447E-3 4.08252E-3 1.47764E-2 1.24225E-2 1.72536E-2 8.49995E-3 2.99937E-2 2.70531E-2 1.08659E-2 2.68311E-2 3.44092E-2 8.02287E-2 1.39991E-1 8.53142E-2 7.56947E-2 1.64446E-1 2.13817E-1 2.21491E-1 1.89793E-1 1.83351E-1 2.12409E-1 1.98157E-1 1.91747E-1 1.95181E-1 1.88629E-1 2.04422E-1 2.30834E-1 2.14504E-1 4.56265E-1 5.1789E-1 4.75823E-1 2.50055E-1 2.22304E-1 2.02177E-1 1.99875E-1 1.97199E-1 2.0495E-1 2.17382E-1 1.68251E-1 1.55924E-1 1.9039E-1 2.3918E-1
2.86714E-1 3.51357E-1 2.18747E-1 2.12286E-1 3.13292E-1 1.82955E-1 1.32239E-1 1.44803E-1 2.40292E-1 2.37464E-1 2.5694E-1 3.20117E-1 1.67211E-1 2.72646E-2 9.85435E-2 8.83499E-2 6.21894E-2 7.92227E-2 7.60276E-2 5.37905E-3 1.78629E-2 1.75751E-2 1.42299E-2 1.19819E-2 2.17628E-2 2.57809E-2 5.07943E-2 3.31904E-2 3.54526E-2 6.6664E-2 6.02394E-2 8.65018E-2 7.70638E-2 8.87859E-2 1.32082E-1 1.89379E-1 1.44557E-1 2.11338E-1 2.15198E-1 2.34247E-1 1.9406E-1 1.78414E-1 1.72537E-1 1.67623E-1 1.84615E-1 1.91531E-1 1.99348E-1 2.34995E-1 3.49816E-1 4.4174E-1 2.33084E-1 2.25722E-1 2.24326E-1 2.05723E-1 2.12544E-1 2.03518E-1 1.83047E-1 1.35222E-1 1.63937E-1 1.56493E-1 2.19364E-1
2.34156E-1 1.85989E-1 4.66764E-1 4.8021E-1 2.02672E-1 2.14402E-1 2.12167E-1 2.33802E-1 1.44193E-1 1.83984E-1 1.86826E-1 2.36468E-1 8.09555E-2 4.02034E-2 8.65237E-2 5.92357E-2 5.21194E-2 4.96644E-2 5.35575E-2 2.02782E-2 2.97333E-2 2.81174E-3 4.0268E-2 2.40393E-2 5.73842E-3 1.6785E-2 2.38126E-2 3.16694E-2 3.42758E-2 7.74578E-2 9.36145E-2 9.44737E-2 8.82295E-2 1.2552E-1 1.17843E-1 1.47751E-1 2.05947E-1 2.48881E-1 3.02028E-1 1.81752E-1 1.69298E-1 1.60488E-1 1.72443E-1 1.66259E-1 1.83901E-1 2.41386E-1 2.01826E-1 2.06529E-1 2.48748E-1 4.0557E-1 2.30618E-1 2.1804E-1 2.16645E-1 2.12295E-1 1.86919E-1 2.73234E-1 1.5794E-1 1.57599E-1 1.82968E-1 2.38645E-1 2.7299E-1
2.03058E-1 2.10996E-1 2.18307E-1 2.23195E-1 1.52509E-1 1.85728E-1 2.0945E-1 2.3162E-1 1.76828E-1 1.78647E-1 1.73089E-1 1.56347E-1 6.35848E-2 5.86994E-2 5.89694E-2 7.66498E-3 4.95357E-2 3.51654E-2 9.0248E-3 7.43932E-2 6.88343E-3 2.12839E-2 1.04583E-2 1.13029E-2 3.9465E-2 1.17208E-2 2.18365E-2 3.80878E-2 7.65431E-2 9.08405E-2 8.77252E-2 9.99709E-2 1.07501E-1 1.33734E-1 1.24097E-1 1.18437E-1 1.68529E-1 1.88361E-1 2.19049E-1 1.67638E-1 1.33156E-1 1.68563E-1 1.60918E-1 1.45886E-1 1.62909E-1 1.86714E-1 2.20246E-1 2.21994E-1 2.27744E-1 2.42525E-1 2.5511E-1 2.17872E-1 2.2516E-1 2.32324E-1 2.21297E-1 1.89726E-1 2.03745E-1 2.66565E-1 2.27889E-1 3.52652E-1 2.55119E-1
1.41653E-1 1.54354E-1 1.837E-1 1.88995E-1 2.00933E-1 2.60442E-1 2.51229E-1 2.45435E-1 2.61888E-1 1.74605E-1 1.84692E-1 9.40555E-2 2.56253E-2 4.04225E-2 6.57592E-2 1.72577E-2 3.93631E-2 2.44706E-2 5.53328E-3 3.30896E-2 6.44203E-2 1.03411E-2 1.23927E-2 6.50773E-3 9.97866E-3 1.3633E-2 5.37064E-2 2.61861E-2 7.6923E-3 3.84879E-2 8.88952E-2 1.01197E-1 9.37912E-2 1.15561E-1 1.26569E-1 1.51709E-1 1.70542E-1 1.60408E-1 1.81165E-1 1.33583E-1 1.43763E-1 1.52964E-1 1.29976E-1 1.47437E-1 1.44785E-1 1.57067E-1 1.95014E-1 2.14501E-1 2.13746E-1 2.38404E-1 2.49691E-1 2.27328E-1 2.08083E-1 2.13246E-1 2.48919E-1 2.6467E-1 2.62113E-1 2.05739E-1 1.93138E-1 2.65149E-1 2.963E-1
1.73912E-1 1.56132E-1 1.73769E-1 1.63273E-1 2.19342E-1 3.28859E-1 4.0019E-1 2.42785E-1 2.58678E-1 1.83995E-1 1.7509E-1 1.15541E-1 2.14723E-2 3.6717E-2 6.24139E-2 1.80377E-2 2.18341E-2 1.68421E-2 2.80611E-2 9.50123E-3 1.02765E-2 8.07558E-2 1.03743E-1 4.5855E-3 1.2559E-2 4.25264E-2 6.02199E-2 3.12227E-2 5.13572E-2 3.99659E-2 4.06774E-2 1.05403E-1 1.09447E-1 1.52942E-1 1.6073E-1 1.69193E-1 1.53441E-1 1.37659E-1 1.50383E-1 1.36426E-1 1.48125E-1 1.79891E-1 1.22249E-1 1.4427E-1 1.43466E-1 1.59696E-1 1.82187E-1 2.15914E-1 2.15752E-1 2.29795E-1 2.3162E-1 2.41201E-1 2.1549E-1 2.21301E-1 2.20827E-1 2.47773E-1 3.27802E-1 2.39971E-1 2.87673E-1 2.53984E-1 2.63803E-1
1.58349E-1 1.61748E-1 1.55335E-1 1.71402E-1 1.63158E-1 1.82298E-1 3.78085E-1 2.67628E-1 2.55421E-1 1.9489E-1 2.32121E-1 1.54176E-1 5.04946E-2 6.99101E-2 4.12898E-2 2.7306E-2 2.23206E-2 4.11877E-2 1.8469E-2 1.1801E-2 3.13751E-3 5.42965E-2 1.05409E-1 5.7177E-3 1.23811E-2 1.17411E-2 1.37127E-2 1.70844E-2 4.86181E-2 3.08962E-2 4.17492E-2 7.28794E-2 1.38819E-1 1.04385E-1 1.16463E-1 1.42733E-1 1.71888E-1 1.83335E-1 1.83822E-1 1.64586E-1 2.03612E-1 1.78635E-1 1.49956E-1 1.35698E-1 1.54038E-1 2.00103E-1 1.79814E-1 2.15577E-1 1.94478E-1 2.45767E-1 2.26402E-1 2.78208E-1 2.81992E-1 2.28786E-1 2.32779E-1 2.27177E-1 2.864E-1 3.4777E-1 3.94354E-1 3.32814E-1 2.79448E-1
1.49156E-1 1.67372E-1 2.45201E-1 1.7304E-1 1.74773E-1 2.36295E-1 2.45637E-1 2.05306E-1 1.63241E-1 2.10037E-1 2.93619E-1 1.46752E-1 1.21977E-1 7.76841E-2 6.58297E-2 5.86032E-2 2.28888E-2 5.85179E-2 2.46583E-2 9.9027E-3 3.93336E-3 7.14544E-3 8.1426E-2 7.53694E-2 2.1254E-2 4.12808E-2 8.27357E-3 2.27225E-2 2.60288E-2 3.04506E-2 8.73795E-2 6.84387E-2 1.75861E-1 1.76569E-1 1.87968E-1 1.58535E-1 2.03493E-1 1.62182E-1 2.39321E-1 2.26025E-1 1.5525E-1 1.56767E-1 1.6175E-1 1.54992E-1 1.7759E-1 1.60822E-1 1.84359E-1 2.02418E-1 2.23382E-1 2.27233E-1 2.21282E-1 2.44916E-1 2.56454E-1 2.78899E-1 2.33911E-1 2.72137E-1 3.15668E-1 3.62188E-1 3.93713E-1 2.55884E-1 3.098E-1
1.93605E-1 1.58555E-1 2.67442E-1 1.7054E-1 1.80202E-1 2.1989E-1 2.94282E-1 2.7854E-1 2.01411E-1 1.66967E-1 2.3365E-1 1.61116E-1 1.23044E-1 9.43117E-2 2.9283E-2 5.1546E-2 4.18644E-2 6.35711E-2 1.94285E-2 1.62063E-2 1.15533E-2 1.25633E-2 3.1747E-2 1.13908E-1 3.33404E-2 1.36817E-2 1.8537E-2 5.45794E-2 3.39818E-2 4.19063E-2 1.21903E-1 1.63014E-1 1.22733E-1 1.1494E-1 1.40646E-1 1.23993E-1 1.36984E-1 1.86E-1 1.64623E-1 1.51799E-1 1.63724E-1 1.70262E-1 2.65507E-1 2.63593E-1 2.45364E-1 2.18074E-1 2.29766E-1 2.38473E-1 2.45615E-1 2.47922E-1 2.74675E-1 2.60488E-1 2.57639E-1 2.42917E-1 2.92062E-1 2.90902E-1 2.59437E-1 2.5882E-1 2.95089E-1 3.37417E-1 4.28345E-1
1.68942E-1 1.64003E-1 2.52907E-1 2.01754E-1 2.00608E-1 1.9023E-1 2.69233E-1 2.83185E-1 1.88994E-1 2.00901E-1 1.80449E-1 1.73295E-1 1.127E-1 3.58524E-2 7.4143E-2 4.04682E-2 3.82042E-2 6.77635E-2 1.03043E-1 1.49382E-2 9.33158E-3 2.95557E-2 2.63316E-2 4.99202E-2 1.21585E-1 3.42288E-2 1.69153E-2 3.29033E-2 2.15543E-2 3.70723E-2 6.02073E-2 1.00408E-1 6.86149E-2 1.28842E-1 8.68437E-2 1.35736E-1 1.00823E-1 1.40964E-1 1.43977E-1 1.54053E-1 1.49478E-1 1.99818E-1 2.40947E-1 2.03639E-1 1.94283E-1 2.00388E-1 1.93484E-1 2.06342E-1 1.99897E-1 2.32505E-1 2.34508E-1 2.37186E-1 2.61546E-1 2.21366E-1 2.43479E-1 3.12948E-1 3.6277E-1 3.30891E-1 2.61644E-1 3.12221E-1 3.97586E-1
1.5859E-1 1.71772E-1 2.05675E-1 1.69385E-1 1.45583E-1 1.8901E-1 2.8768E-1 2.50314E-1 1.94189E-1 2.6123E-1 2.3477E-1 1.37406E-1 1.39584E-1 4.44352E-2 8.14005E-2 2.69669E-2 2.32019E-2 7.83799E-2 7.80154E-2 1.54295E-2 1.07317E-2 1.15298E-2 1.92344E-2 3.15051E-2 9.7009E-2 7.37912E-2 2.33553E-2 7.57702E-2 3.52307E-2 2.51582E-2 4.27464E-2 1.00649E-1 6.90318E-2 1.58693E-1 1.07388E-1 1.26725E-1 1.38526E-1 1.25742E-1 1.43306E-1 1.46917E-1 1.56741E-1 1.70079E-1 2.13369E-1 1.77947E-1 1.89254E-1 2.38919E-1 2.33466E-1 2.00203E-1 2.0999E-1 2.26798E-1 1.75435E-1 2.39531E-1 2.13271E-1 2.32871E-1 2.2331E-1 2.80688E-1 3.38275E-1 3.94008E-1 5.23445E-1 4.57627E-1 5.76987E-1
1.71208E-1 1.63929E-1 1.69163E-1 1.67233E-1 1.81237E-1 2.12094E-1 2.31476E-1 2.69123E-1 1.70752E-1 2.15854E-1 2.17865E-1 1.29781E-1 1.49691E-1 9.54686E-2 5.43713E-2 3.20161E-2 4.05654E-2 6.07148E-2 7.95416E-2 2.8584E-2 7.58115E-2 3.91055E-2 4.1196E-2 1.97763E-2 1.98756E-2 1.9109E-1 3.32111E-2 1.71065E-1 4.71616E-2 9.66179E-2 1.88379E-1 1.11898E-1 7.31625E-2 2.08745E-1 1.25188E-1 1.3114E-1 1.55116E-1 1.67633E-1 1.09572E-1 1.65224E-1 2.00603E-1 1.79084E-1 1.88455E-1 4.01265E-1 2.40161E-1 2.25257E-1 2.01976E-1 1.94428E-1 2.22438E-1 2.84064E-1 2.14806E-1 2.50999E-1 2.08922E-1 2.26235E-1 3.36222E-1 2.38477E-1 2.44379E-1 2.45328E-1 5.98774E-1 6.19587E-1 5.98924E-1
1.73981E-1 1.66579E-1 2.13494E-1 1.82678E-1 1.79464E-1 2.56111E-1 2.54014E-1 1.7713E-1 1.92075E-1 2.98744E-1 1.71129E-1 1.28737E-1 1.55603E-1 1.07428E-1 4.97876E-2 2.83328E-2 1.06411E-2 1.49507E-2 7.30443E-2 9.36445E-3 1.12487E-2 2.4587E-2 2.67397E-2 3.83842E-2 1.3769E-2 8.39641E-2 1.79972E-1 3.71577E-2 2.8482E-2 4.36589E-2 9.54342E-2 8.42004E-2 4.76043E-2 1.53755E-1 1.66545E-1 1.99257E-1 1.88856E-1 9.81164E-2 1.27663E-1 1.19099E-1 2.3018E-1 2.36157E-1 2.09515E-1 1.97963E-1 2.27888E-1 2.28012E-1 2.22835E-1 2.26369E-1 2.52443E-1 2.17495E-1 2.29687E-1 2.93746E-1 2.99835E-1 5.3155E-1 6.03469E-1 3.49248E-1 2.86883E-1 5.93495E-1 6.11787E-1 5.22048E-1 5.12281E-1
2.47865E-1 2.43203E-1 2.61619E-1 1.88123E-1 1.86703E-1 2.2743E-1 2.50026E-1 1.94514E-1 1.73255E-1 2.95185E-1 1.82978E-1 1.71465E-1 1.70064E-1 1.14062E-1 7.0074E-2 2.00678E-2 2.00001E-2 4.2385E-2 7.60572E-2 3.55637E-2 3.45941E-2 6.94314E-2 2.37689E-2 4.94702E-2 4.89806E-2 7.64496E-2 1.03572E-1 4.61577E-2 5.99739E-2 2.22747E-2 5.52269E-2 5.32374E-2 9.98001E-2 1.43733E-1 1.60245E-1 1.41327E-1 1.72268E-1 1.36984E-1 1.08967E-1 1.21159E-1 1.73393E-1 2.04086E-1 1.88817E-1 2.50115E-1 2.12478E-1 2.17913E-1 2.1987E-1 2.43147E-1 2.23968E-1 2.7092E-1 3.64314E-1 3.99543E-1 4.58783E-1 6.30794E-1 4.64661E-1 5.28972E-1 3.77595E-1 4.28909E-1 5.92871E-1 5.50969E-1 5.43148E-1
2.67855E-1 3.13876E-1 2.31944E-1 2.16515E-1 1.93023E-1 2.51655E-1 2.11165E-1 1.97074E-1 1.96184E-1 2.30862E-1 2.15254E-1 1.95898E-1 2.10512E-1 2.88901E-1 7.90573E-2 3.56877E-2 1.2355E-2 1.36053E-2 3.71134E-2 1.29922E-1 2.59173E-2 4.0576E-2 8.68149E-2 6.27993E-2 8.13859E-3 1.5354E-2 5.58798E-2 1.23336E-1 1.11232E-1 4.18436E-2 1.31452E-1 6.59947E-2 1.24958E-1 9.90933E-2 8.15014E-2 1.08431E-1 1.27316E-1 1.1193E-1 8.57137E-2 9.83687E-2 1.954E-1 1.76994E-1 2.32194E-1 2.48971E-1 2.11713E-1 2.38183E-1 2.42606E-1 2.41218E-1 2.9149E-1 3.80924E-1 5.27743E-1 5.04097E-1 5.93252E-1 5.42577E-1 3.51137E-1 4.8088E-1 5.68308E-1 4.6274E-1 5.79395E-1 6.2362E-1 5.803E-1
2.72401E-1 2.53996E-1 2.48107E-1 2.27815E-1 1.9182E-1 1.99186E-1 2.66241E-1 2.01108E-1 2.65702E-1 2.18784E-1 2.23138E-1 1.63139E-1 1.62899E-1 1.41411E-1 9.89997E-2 5.27996E-2 9.75656E-2 3.51863E-2 3.03228E-2 1.10109E-2 2.3671E-2 4.61219E-2 2.80401E-2 1.77529E-2 3.39537E-2 7.65321E-2 3.67828E-2 2.27099E-2 1.60145E-1 3.84748E-2 1.35471E-1 1.37002E-1 1.7638E-1 8.56537E-2 1.07394E-1 1.28839E-1 2.0149E-1 1.46167E-1 8.96835E-2 1.29808E-1 2.22945E-1 2.44995E-1 2.34426E-1 2.04613E-1 2.12983E-1 2.057E-1 2.16841E-1 2.22005E-1 2.57355E-1 2.60468E-1 3.09939E-1 2.91792E-1 5.06756E-1 5.26926E-1 5.73942E-1 5.40333E-1 6.02731E-1 4.13631E-1 6.32236E-1 6.3547E-1 6.20517E-1
