Candidate_Models_July82022/M_0.9_F_lqp_Set_1_cal/Bison.asc
ncols         290
nrows         380
xllcorner     -2197417.7431653
yllcorner     -584827.01486885
cellsize      10000.0
NODATA_value  -9999
[rows 162 to 188 of 380, columns 0 to 60 of 290]
-9999 -9999 -9999 -9999 -9999 -9999 -9999 -9999 -9999 -9999 -9999 -9999 -9999 -9999 2.04002E-2 1.32235E-2 -9999 1.21975E-2 8.95198E-3 3.3079E-3 8.24353E-3 1.7145E-2 3.01207E-2 2.35015E-2 1.01487E-2 -9999 1.7744E-2 2.67807E-5 9.08169E-5 1.20397E-3 6.20154E-3 1.11196E-3 8.93811E-4 3.0618E-3 0E0 8.26957E-2 3.18768E-2 1.41172E-2 2.79184E-3 2.24187E-2 5.45669E-2 1.02803E-2 3.99725E-2 3.66062E-2 1.58822E-2 2.57247E-2 6.72533E-2 6.25611E-2 9.78648E-2 5.64693E-2 6.33183E-2 6.66484E-2 1.23497E-1 1.26818E-1 5.56611E-2 8.17963E-2 6.29796E-2 8.12288E-2 5.68631E-2 5.68917E-2 7.03715E-2
-9999 -9999 -9999 -9999 -9999 -9999 -9999 -9999 -9999 -9999 -9999 -9999 -9999 -9999 -9999 -9999 -9999 1.65293E-2 5.32779E-3 1.77842E-3 1.21837E-2 -9999 -9999 -9999 -9999 -9999 1.06395E-2 6.53162E-4 1.40986E-3 8.06106E-4 9.51627E-4 1.30817E-4 0E0 3.39168E-3 7.55851E-3 1.04662E-1 1.59354E-2 1.04046E-3 2.89954E-3 4.25578E-2 1.01242E-2 9.22036E-2 7.95674E-2 4.12451E-2 2.10256E-2 1.85457E-2 2.87505E-2 3.33889E-2 4.1045E-2 5.98707E-2 3.86514E-2 6.62556E-2 6.20394E-2 1.43457E-1 8.35116E-2 3.87026E-2 7.63475E-2 7.28124E-2 8.32448E-2 5.90406E-2 4.44878E-2
-9999 -9999 -9999 -9999 -9999 -9999 -9999 -9999 -9999 -9999 -9999 -9999 -9999 -9999 -9999 1.45888E-2 -9999 2.4305E-2 7.42991E-3 1.44173E-3 6.12448E-4 1.70205E-4 -9999 -9999 -9999 1.40374E-3 3.47703E-3 9.30014E-4 7.61131E-4 3.48603E-3 1.0373E-2 6.59764E-4 1.0988E-4 6.06314E-3 0E0 7.37446E-3 5.87119E-3 3.85075E-3 5.16569E-2 1.11098E-1 3.20696E-2 2.88576E-2 9.16399E-2 7.1285E-3 3.24815E-3 5.22589E-2 1.10597E-2 3.95642E-2 3.49571E-2 4.48746E-2 1.91141E-2 7.69241E-2 8.61333E-2 9.02977E-2 3.49171E-2 9.06643E-2 5.99562E-2 6.08219E-2 7.06045E-2 7.14015E-2 7.00589E-2
-9999 -9999 -9999 -9999 -9999 -9999 -9999 -9999 -9999 -9999 -9999 -9999 -9999 -9999 -9999 1.1015E-2 -9999 8.77479E-3 -9999 1.57116E-3 1.93347E-3 -9999 -9999 -9999 4.11552E-3 7.52184E-4 -9999 2.45197E-3 2.83397E-6 3.91261E-4 -9999 1.43457E-3 1.22615E-4 3.31247E-3 0E0 2.54681E-2 1.90422E-3 6.99233E-2 1.5656E-1 1.59981E-1 2.89269E-2 4.8036E-2 8.88465E-2 1.30348E-2 3.89705E-2 1.61014E-2 5.17791E-2 3.66247E-2 5.94241E-2 3.50189E-2 8.89626E-2 5.60425E-2 5.95333E-2 6.05693E-2 1.27767E-1 4.82038E-2 8.06478E-2 5.59807E-2 8.62578E-2 7.33432E-2 6.40755E-2
-9999 -9999 -9999 -9999 -9999 -9999 -9999 -9999 -9999 -9999 -9999 -9999 -9999 -9999 -9999 9.69033E-3 -9999 2.76399E-2 -9999 1.66099E-3 3.56818E-4 1.39213E-2 3.08142E-2 -9999 9.44626E-3 1.50764E-2 -9999 -9999 2.11632E-3 -9999 2.76659E-4 1.97715E-4 2.60295E-4 2.69093E-3 3.59063E-2 -9999 3.21193E-3 1.90813E-2 1.05521E-1 3.32103E-2 6.86828E-3 8.62397E-3 8.62882E-2 5.34166E-2 4.84202E-2 5.77186E-3 1.78554E-2 3.28508E-2 3.10418E-2 5.39701E-2 2.93895E-2 3.97865E-2 3.32114E-2 7.43933E-2 6.09183E-2 1.73502E-1 9.82198E-2 9.52576E-2 1.31013E-1 7.70079E-2 7.52956E-2
-9999 -9999 -9999 -9999 -9999 -9999 -9999 -9999 -9999 -9999 -9999 -9999 -9999 -9999 -9999 1.15448E-2 3.47829E-2 -9999 -9999 7.68142E-3 6.06287E-3 2.47996E-2 -9999 4.0398E-2 -9999 1.7935E-2 2.32972E-2 4.90918E-3 1.7556E-2 -9999 5.15365E-7 1.21227E-3 3.64404E-4 5.32863E-3 7.18098E-3 3.56902E-4 1.77035E-2 4.53742E-3 5.28966E-3 1.30701E-3 1.0874E-3 1.97238E-2 1.02503E-1 1.12764E-1 2.10656E-2 2.43405E-3 2.08439E-2 3.34197E-2 3.21503E-2 1.15579E-1 2.28088E-2 3.34383E-2 4.86365E-2 5.36646E-2 4.57137E-2 3.62865E-2 1.26189E-1 6.00853E-2 7.46629E-2 7.59871E-2 8.55293E-2
-9999 -9999 -9999 -9999 -9999 -9999 -9999 -9999 -9999 -9999 -9999 -9999 -9999 -9999 -9999 2.53174E-2 -9999 -9999 -9999 9.85815E-3 2.24306E-2 2.95839E-2 -9999 -9999 3.48328E-2 5.1343E-3 -9999 -9999 -9999 0E0 -9999 8.68975E-5 5.96257E-5 2.75031E-3 6.48848E-3 1.36813E-3 2.64835E-2 6.68021E-3 2.12928E-3 2.64067E-2 4.41214E-3 3.88042E-2 4.55059E-2 9.52847E-2 6.5486E-2 4.29392E-3 1.74294E-2 3.17443E-2 3.36194E-2 1.08734E-1 3.41241E-2 3.44394E-2 2.25746E-2 5.69516E-2 6.41293E-2 7.26976E-2 1.07743E-1 1.12117E-1 9.05559E-2 7.19363E-2 7.11256E-2
-9999 -9999 -9999 -9999 -9999 -9999 -9999 -9999 -9999 -9999 -9999 -9999 -9999 -9999 -9999 2.4662E-2 -9999 -9999 -9999 1.6065E-2 1.52189E-2 -9999 -9999 -9999 2.5627E-2 -9999 0E0 3.7953E-2 5.3868E-3 1.95427E-3 1.07648E-5 4.13017E-5 6.71595E-5 3.11164E-3 -9999 1.17608E-2 -9999 3.95409E-3 8.16981E-3 1.0546E-3 4.10452E-3 5.02554E-2 3.68183E-3 8.00926E-2 2.38912E-2 5.31246E-2 3.86011E-2 4.21337E-2 7.90171E-2 3.67478E-2 5.95266E-2 5.90221E-2 4.6147E-2 1.25354E-1 8.41543E-2 8.95592E-2 1.1679E-1 8.9886E-2 7.96328E-2 7.9895E-2 9.45201E-2
-9999 -9999 -9999 -9999 -9999 -9999 -9999 -9999 -9999 -9999 -9999 -9999 -9999 -9999 -9999 -9999 -9999 -9999 3.69439E-2 1.41725E-2 7.6586E-3 -9999 -9999 -9999 3.60415E-2 -9999 -9999 -9999 1.21957E-2 -9999 9.70148E-5 2.43357E-4 4.4013E-4 7.74938E-4 -9999 1.484E-2 1.83187E-2 6.56046E-4 6.77117E-4 4.6057E-4 1.05432E-3 4.6885E-2 7.09112E-2 6.68303E-2 5.08399E-2 7.02031E-2 9.63969E-2 7.8576E-2 2.39386E-2 2.4437E-2 1.09347E-1 5.56862E-2 4.31752E-2 8.37429E-2 2.60034E-2 7.1524E-2 1.05613E-1 1.00885E-1 6.12441E-2 6.80033E-2 9.71098E-2
-9999 -9999 -9999 -9999 -9999 -9999 -9999 -9999 -9999 -9999 -9999 -9999 -9999 -9999 -9999 -9999 -9999 -9999 -9999 -9999 -9999 -9999 -9999 -9999 -9999 3.31727E-2 -9999 2.8472E-2 3.85658E-3 1.37227E-3 2.79911E-4 2.57504E-4 8.75332E-4 6.17729E-3 6.26066E-4 6.29898E-3 1.07922E-3 2.84508E-2 2.4574E-3 3.44407E-3 4.43598E-2 2.91031E-2 1.08376E-2 9.43414E-3 9.20324E-3 1.66043E-2 1.27114E-1 1.37703E-1 3.28523E-2 1.21968E-1 9.16991E-2 2.98423E-2 4.47266E-2 4.04004E-2 3.6796E-2 6.08608E-2 1.34476E-1 1.31099E-1 1.29705E-1 7.32027E-2 9.62357E-2
-9999 -9999 -9999 -9999 -9999 -9999 -9999 -9999 -9999 -9999 -9999 -9999 -9999 -9999 -9999 -9999 -9999 -9999 -9999 -9999 -9999 -9999 -9999 -9999 -9999 -9999 -9999 1.04043E-2 4.77213E-3 4.00106E-3 1.11176E-4 1.18963E-3 1.25003E-2 4.80861E-3 4.22189E-3 7.67046E-4 4.76221E-3 1.32264E-1 9.11168E-3 3.29383E-2 3.73225E-2 4.80361E-3 1.49085E-2 6.40813E-3 3.52999E-3 6.40689E-2 3.72163E-2 1.24119E-1 9.68696E-2 1.39998E-2 6.33619E-2 2.08382E-2 5.19029E-2 3.98389E-2 5.84942E-2 4.89504E-2 6.62611E-2 1.25943E-1 1.13756E-1 1.02624E-1 4.98754E-2
-9999 -9999 -9999 -9999 -9999 -9999 -9999 -9999 -9999 -9999 -9999 -9999 -9999 -9999 -9999 -9999 -9999 -9999 -9999 -9999 -9999 -9999 -9999 -9999 -9999 -9999 -9999 1.42626E-2 8.28173E-3 6.45846E-3 1.17621E-3 1.00722E-3 2.53811E-2 2.91249E-3 2.33543E-4 1.60888E-3 2.73686E-3 3.62192E-2 4.71638E-2 3.52724E-2 5.41272E-3 6.95572E-3 6.38901E-3 1.38816E-3 1.1179E-2 1.40489E-1 2.99591E-2 1.02833E-1 1.43528E-1 1.56346E-2 2.40571E-2 8.74157E-2 8.58604E-2 6.04527E-2 6.66615E-2 4.52991E-2 6.19094E-2 1.38813E-1 8.57133E-2 2.3789E-2 1.09999E-1
-9999 -9999 -9999 -9999 -9999 -9999 -9999 -9999 -9999 -9999 -9999 3.22055E-2 -9999 -9999 -9999 -9999 -9999 -9999 -9999 -9999 -9999 -9999 -9999 -9999 -9999 -9999 -9999 -9999 -9999 1.27372E-2 1.31598E-2 -9999 5.78316E-3 1.18916E-2 -9999 1.78245E-2 1.2037E-2 4.35741E-3 3.18221E-3 2.10501E-2 2.14892E-2 6.80534E-3 9.16889E-3 7.1387E-3 3.03479E-2 1.08215E-1 3.98906E-2 9.2876E-2 1.09579E-1 3.20742E-2 3.20708E-2 3.21864E-2 3.82716E-2 5.82132E-2 6.63788E-2 5.3492E-2 3.76825E-2 1.01772E-1 1.11357E-1 2.76959E-2 5.88858E-2
-9999 -9999 -9999 -9999 -9999 -9999 -9999 -9999 -9999 -9999 -9999 1.6154E-2 2.57849E-2 4.18806E-2 -9999 -9999 -9999 -9999 -9999 -9999 -9999 -9999 -9999 -9999 -9999 -9999 -9999 -9999 -9999 -9999 8.56877E-3 2.68521E-4 1.19153E-4 4.7617E-5 2.53829E-4 3.49491E-4 1.66616E-3 1.55145E-3 3.96889E-3 1.1827E-2 1.01347E-2 8.78942E-3 1.08772E-2 5.02529E-3 3.35269E-3 1.30304E-1 5.49143E-2 6.42887E-2 1.26953E-1 4.21581E-2 1.75954E-2 3.38459E-2 5.47207E-2 3.58461E-2 9.54546E-2 8.18098E-2 3.48742E-2 8.44491E-2 1.5009E-1 9.46197E-2 7.91697E-2
-9999 -9999 -9999 -9999 -9999 -9999 -9999 -9999 -9999 -9999 1.52664E-2 9.32571E-3 1.27214E-2 2.89992E-2 -9999 -9999 -9999 -9999 -9999 -9999 -9999 -9999 -9999 -9999 -9999 -9999 -9999 -9999 -9999 9.31886E-3 5.48915E-5 1.16014E-4 1.31657E-4 3.02545E-3 1.62369E-3 1.15015E-3 1.22835E-2 3.96167E-3 5.14339E-3 1.65682E-2 7.23711E-3 9.87739E-3 1.61986E-2 1.72565E-2 4.44561E-2 9.84132E-2 1.48547E-1 1.41448E-1 1.12797E-1 3.91815E-2 6.70047E-2 4.05276E-2 2.90823E-2 5.50806E-2 9.21055E-2 1.04916E-1 4.11827E-2 7.95164E-2 1.37017E-1 4.95853E-2 4.08945E-2
-9999 -9999 -9999 -9999 -9999 -9999 -9999 -9999 -9999 3.42722E-2 6.07295E-3 2.04333E-2 -9999 2.45217E-2 3.1028E-2 3.67635E-2 -9999 -9999 -9999 -9999 -9999 -9999 -9999 -9999 -9999 -9999 -9999 -9999 2.20669E-2 2.31388E-3 2.54189E-5 8.9217E-4 9.06931E-4 1.58226E-4 4.97745E-4 1.08426E-2 2.20055E-2 3.53222E-3 5.23435E-3 2.77836E-2 1.52646E-2 1.16099E-2 6.64683E-2 4.60626E-2 5.73106E-2 8.35114E-2 1.24476E-1 5.95665E-2 3.74308E-2 6.00778E-2 1.98543E-2 2.6375E-2 3.91652E-2 5.13968E-2 9.11725E-2 8.5353E-2 4.79555E-2 9.16341E-2 1.41813E-1 9.67651E-2 6.21075E-2
-9999 -9999 -9999 -9999 -9999 -9999 -9999 -9999 -9999 -9999 7.74626E-3 3.50235E-2 1.72708E-2 2.31731E-2 6.60489E-2 7.37086E-2 -9999 -9999 -9999 -9999 -9999 -9999 -9999 -9999 -9999 -9999 -9999 4.92651E-2 1.63471E-2 6.66095E-3 1.0009E-3 5.26687E-5 2.65979E-3 4.61449E-3 6.06779E-3 4.10714E-2 1.73659E-2 4.94559E-3 2.16874E-3 4.15819E-2 6.57091E-3 1.85127E-2 1.14654E-2 8.31555E-3 8.89513E-3 3.39658E-2 8.57191E-2 3.76721E-2 5.02488E-2 5.09855E-2 3.02572E-2 4.37542E-2 2.75643E-2 6.98894E-2 1.10275E-1 9.48421E-2 4.14748E-2 1.04808E-1 1.05658E-1 6.54042E-2 8.67031E-2
-9999 -9999 -9999 -9999 -9999 -9999 -9999 -9999 -9999 -9999 9.22781E-3 1.48827E-2 1.53276E-2 3.05579E-2 6.22612E-2 -9999 1.57738E-1 4.99656E-2 4.60569E-2 -9999 -9999 -9999 -9999 -9999 -9999 -9999 -9999 -9999 1.36845E-2 5.11139E-3 7.15741E-5 1.76592E-4 6.11965E-3 5.9245E-3 3.8437E-2 2.84093E-2 7.54014E-2 1.54432E-2 1.93566E-2 4.98131E-3 7.33363E-3 9.66453E-3 4.15481E-2 1.22306E-2 8.42299E-3 1.23888E-2 8.72987E-2 3.88959E-2 1.00638E-1 4.3377E-2 2.1188E-2 4.48111E-2 7.20115E-2 8.29914E-2 8.16049E-2 1.18714E-1 8.28608E-2 1.09668E-1 3.14242E-2 9.43129E-2 4.82359E-2
-9999 -9999 -9999 -9999 -9999 -9999 -9999 -9999 -9999 2.23123E-2 4.68448E-3 -9999 -9999 -9999 4.82068E-2 1.17102E-1 7.37442E-2 -9999 -9999 -9999 -9999 -9999 -9999 -9999 -9999 -9999 -9999 -9999 3.10573E-3 7.91088E-5 1.79017E-3 1.12217E-4 1.74353E-3 2.19849E-3 3.74319E-2 2.09799E-2 1.46649E-2 1.12521E-3 4.23263E-3 1.39456E-2 1.52886E-2 4.06415E-2 2.10275E-2 2.30194E-2 3.26588E-2 2.40498E-2 4.6402E-2 8.02762E-2 1.15468E-1 5.11175E-2 2.9823E-2 3.64531E-2 9.44594E-2 1.20435E-1 6.58619E-2 1.17801E-1 1.12943E-1 1.17491E-1 4.68626E-2 9.73035E-2 9.86704E-2
-9999 -9999 -9999 -9999 -9999 -9999 -9999 -9999 -9999 7.0803E-3 1.0785E-2 1.64628E-2 -9999 -9999 7.11659E-2 5.40442E-2 -9999 -9999 -9999 -9999 -9999 -9999 -9999 -9999 -9999 -9999 -9999 -9999 7.23277E-3 4.27297E-3 8.98013E-4 9.82343E-4 2.61292E-4 1.84621E-3 6.76147E-3 6.46388E-3 2.42494E-3 1.44015E-3 3.21816E-2 3.64278E-2 4.52842E-2 1.29952E-2 3.77886E-2 5.93532E-2 5.7733E-3 2.95475E-2 4.06091E-2 8.97996E-3 1.129E-1 6.77658E-2 3.6061E-2 3.74364E-2 9.96343E-2 7.15312E-2 1.07887E-1 1.23453E-1 1.0192E-1 7.58535E-2 1.51305E-1 9.65104E-2 4.82677E-2
-9999 -9999 -9999 -9999 -9999 -9999 -9999 -9999 -9999 -9999 1.16771E-2 8.96436E-3 1.43123E-2 3.08961E-2 4.70811E-2 3.83115E-2 -9999 -9999 -9999 -9999 -9999 -9999 -9999 -9999 -9999 4.97669E-2 9.74229E-3 -9999 -9999 2.39907E-2 6.71292E-4 2.44937E-4 4.20986E-3 1.28998E-2 1.06417E-2 9.15499E-3 2.50367E-3 1.45349E-2 3.44411E-2 5.83246E-2 1.67727E-2 8.20029E-3 2.23022E-2 9.43913E-2 6.13042E-2 1.04683E-2 9.34241E-3 7.85076E-2 1.21409E-1 1.23372E-1 4.6761E-2 6.43889E-2 1.10402E-1 8.45175E-2 8.99119E-2 1.49258E-1 1.05335E-1 7.85949E-2 4.17258E-2 1.24415E-1 8.40069E-2
-9999 -9999 -9999 -9999 -9999 -9999 -9999 -9999 -9999 -9999 -9999 5.36233E-3 1.89875E-2 3.26216E-2 3.13029E-2 -9999 -9999 -9999 -9999 -9999 -9999 -9999 -9999 -9999 -9999 -9999 1.3651E-2 1.94086E-2 8.85212E-5 1.95234E-3 4.62202E-6 2.33391E-4 1.45601E-4 1.8688E-4 3.81569E-3 1.84487E-3 9.08715E-4 1.9554E-4 2.31264E-2 5.29337E-4 1.57137E-3 1.42045E-2 7.98848E-3 7.21493E-2 4.50288E-2 2.90611E-2 7.02735E-2 8.04707E-2 1.32318E-1 1.49909E-1 9.96879E-2 2.86097E-2 1.02741E-1 1.16548E-1 1.16835E-1 1.72367E-1 6.69922E-2 4.77268E-2 1.55456E-2 5.23346E-2 9.84587E-2
-9999 -9999 -9999 -9999 -9999 -9999 -9999 -9999 -9999 2.68847E-2 1.69076E-2 8.00923E-3 1.0901E-2 2.08963E-2 -9999 -9999 -9999 -9999 -9999 -9999 -9999 -9999 -9999 -9999 6.43668E-2 4.14356E-2 2.93015E-2 -9999 6.18714E-5 3.92035E-4 4.75481E-6 3.24939E-5 2.17093E-4 3.48564E-3 2.32198E-3 7.10348E-3 5.85628E-4 2.97916E-3 1.12881E-2 5.34153E-4 2.81635E-3 4.11302E-3 8.39762E-3 1.81578E-2 7.46832E-2 8.61811E-3 2.53339E-2 4.4396E-2 6.89606E-2 1.654E-1 1.05993E-1 5.86865E-2 8.93944E-2 9.58593E-2 9.75176E-2 1.79489E-1 4.58471E-2 9.83059E-2 4.5025E-2 3.05128E-2 1.17741E-1
-9999 -9999 -9999 -9999 -9999 -9999 -9999 -9999 -9999 1.99673E-2 1.32715E-3 5.60596E-3 1.52698E-2 1.44643E-2 -9999 -9999 -9999 -9999 -9999 -9999 -9999 -9999 -9999 -9999 -9999 -9999 1.74744E-2 -9999 6.58691E-4 7.6899E-4 2.01537E-5 2.4082E-5 6.83519E-4 2.90036E-3 0E0 2.14451E-3 1.16213E-3 7.31261E-3 6.09751E-4 2.2276E-3 8.15646E-4 2.4125E-2 1.73768E-2 2.9025E-2 7.14961E-2 5.66184E-2 2.81402E-2 3.01956E-2 3.76561E-2 1.45979E-1 6.06841E-2 6.72523E-2 9.65493E-2 8.41846E-2 5.79807E-2 1.5375E-1 1.24747E-1 5.77779E-2 1.02486E-1 1.07972E-1 9.56885E-2
-9999 -9999 -9999 -9999 -9999 -9999 -9999 -9999 -9999 1.5019E-2 1.64566E-2 -9999 -9999 -9999 -9999 -9999 -9999 -9999 -9999 -9999 -9999 -9999 -9999 -9999 -9999 2.06314E-2 4.12784E-4 6.132E-3 2.59434E-3 2.78981E-4 1.02676E-5 1.43301E-3 1.06892E-2 3.56292E-3 7.35821E-3 2.63089E-3 6.26803E-3 3.06894E-3 4.76382E-4 1.71197E-3 5.8419E-3 6.64531E-3 6.81849E-3 4.50488E-2 3.50324E-2 5.23011E-2 5.40966E-2 4.71365E-2 3.15034E-2 1.72833E-1 7.56641E-2 1.06562E-1 1.17651E-1 6.2045E-2 5.98025E-2 9.50475E-2 1.14976E-1 1.43292E-1 1.11938E-1 1.47071E-1 1.53866E-1
-9999 -9999 -9999 -9999 -9999 -9999 -9999 -9999 -9999 -9999 5.88293E-3 1.16609E-2 4.20103E-3 1.39859E-2 -9999 -9999 -9999 -9999 -9999 -9999 -9999 -9999 -9999 1.07355E-1 4.47618E-2 2.4109E-2 1.92876E-2 1.04963E-4 9.12462E-3 1.73515E-4 2.50936E-5 5.79133E-5 -9999 1.44863E-3 4.64487E-4 3.67902E-3 1.70407E-2 2.17419E-4 4.73891E-4 1.18343E-3 3.73718E-3 9.94903E-3 1.40661E-2 7.40631E-2 8.25223E-2 1.11304E-1 5.79007E-2 5.03389E-2 1.1237E-1 1.87475E-1 2.36887E-1 1.40414E-1 1.52592E-1 1.06122E-1 6.2292E-2 8.94728E-2 1.42034E-1 1.27617E-1 7.65162E-2 7.29841E-2 1.04726E-1
-9999 -9999 -9999 -9999 -9999 -9999 -9999 -9999 -9999 -9999 -9999 3.44146E-3 1.82648E-2 1.90318E-2 -9999 -9999 -9999 -9999 -9999 -9999 -9999 -9999 -9999 -9999 3.22577E-2 -9999 -9999 1.00537E-4 6.4797E-3 3.70561E-5 9.3803E-4 2.01454E-4 2.52789E-4 4.45316E-3 3.08731E-2 -9999 7.57988E-4 5.42031E-4 6.21928E-4 1.1269E-3 1.57116E-2 4.45038E-3 1.43833E-2 7.88536E-3 4.91237E-2 8.65892E-2 1.41687E-1 1.20559E-1 1.58079E-1 6.88514E-2 9.48537E-2 7.04778E-2 1.44106E-1 1.62657E-1 1.12276E-1 9.31312E-2 1.50186E-1 8.88186E-2 1.12313E-1 9.99188E-2 1.45524E-1
