Candidate_Models_July82022/M_0.9_F_lqp_Set_1_cal/Bison.asc
ncols         290
nrows         380
xllcorner     -2197417.7431653
yllcorner     -584827.01486885
cellsize      10000.0
NODATA_value  -9999
[rows 162 to 188 of 380, columns 183 to 243 of 290]
6.80214E-2 7.16053E-2 6.87873E-2 6.20928E-2 5.90817E-2 5.44316E-2 3.68814E-2 4.06536E-2 5.01955E-2 6.53604E-2 6.55892E-2 5.92928E-2 4.88737E-2 4.19186E-2 5.02436E-2 4.4463E-2 3.91259E-2 4.12013E-2 3.92665E-2 4.61202E-2 4.54757E-2 4.4886E-2 4.27817E-2 4.52643E-2 4.30092E-2 4.16629E-2 4.49296E-2 3.99465E-2 5.7896E-2 6.01006E-2 4.2093E-2 5.45991E-2 6.2479E-2 4.09544E-2 4.11872E-2 5.75546E-2 3.93596E-2 3.35246E-2 2.63288E-2 2.89642E-2 2.55155E-2 2.29749E-2 2.99695E-2 3.38072E-2 3.21722E-2 2.98375E-2 3.32736E-2 3.29254E-2 2.88654E-2 3.22164E-2 2.98127E-2 2.77925E-2 2.56281E-2 2.64028E-2 2.57786E-2 2.95689E-2 2.74906E-2 2.78564E-2 2.63617E-2 2.60341E-2 2.59712E-2
5.71376E-2 7.04302E-2 6.99466E-2 6.66662E-2 5.32038E-2 5.85045E-2 5.41619E-2 4.6019E-2 6.11468E-2 7.16697E-2 7.19693E-2 6.52556E-2 6.11684E-2 5.87801E-2 5.38218E-2 4.93588E-2 4.72822E-2 4.22897E-2 3.73961E-2 3.99349E-2 3.59492E-2 4.58075E-2 4.6841E-2 3.7431E-2 2.76124E-2 4.12898E-2 3.70307E-2 4.70214E-2 5.65736E-2 4.45674E-2 4.49679E-2 5.70621E-2 4.24401E-2 4.16096E-2 4.01034E-2 5.24035E-2 3.14465E-2 2.68105E-2 3.90143E-2 2.74502E-2 2.33951E-2 2.3722E-2 3.43727E-2 3.94446E-2 2.85789E-2 3.42576E-2 2.88783E-2 2.59535E-2 3.27687E-2 3.14603E-2 3.16106E-2 3.31812E-2 3.30917E-2 3.48641E-2 3.04152E-2 2.98727E-2 2.58366E-2 2.7092E-2 2.48352E-2 2.53129E-2 2.70973E-2
9.08876E-2 6.84015E-2 6.91904E-2 5.09218E-2 7.16932E-2 7.18842E-2 7.07586E-2 6.97593E-2 7.14776E-2 7.05616E-2 6.93975E-2 6.74629E-2 6.8926E-2 6.33045E-2 4.84454E-2 5.26731E-2 4.85348E-2 4.63475E-2 4.37352E-2 3.55959E-2 3.8815E-2 5.03395E-2 5.23549E-2 3.37954E-2 2.9787E-2 4.90417E-2 3.95169E-2 3.9365E-2 4.47026E-2 6.5123E-2 4.58116E-2 7.08932E-2 4.9216E-2 4.7451E-2 3.95497E-2 3.6148E-2 2.5417E-2 2.84972E-2 2.79602E-2 3.1791E-2 2.94405E-2 3.01061E-2 2.99973E-2 2.9212E-2 3.07302E-2 3.31533E-2 3.42281E-2 3.79604E-2 4.06011E-2 3.48608E-2 3.43762E-2 3.43449E-2 3.66284E-2 3.88331E-2 3.47703E-2 3.11996E-2 2.90285E-2 3.00105E-2 3.04975E-2 2.51141E-2 2.67624E-2
8.40069E-2 7.69491E-2 6.88674E-2 6.25684E-2 6.88303E-2 7.02576E-2 7.19749E-2 6.58959E-2 7.26767E-2 7.3E-2 7.18985E-2 7.41913E-2 6.25927E-2 5.54569E-2 5.4555E-2 1.05151E-1 5.70085E-2 6.87507E-2 5.1149E-2 4.08391E-2 4.18763E-2 5.21307E-2 4.89329E-2 4.16678E-2 4.24168E-2 5.69968E-2 4.9236E-2 5.04614E-2 4.88808E-2 7.38126E-2 6.7412E-2 4.04179E-2 4.83765E-2 4.28492E-2 4.55245E-2 4.08987E-2 3.00217E-2 3.12552E-2 3.90409E-2 3.65742E-2 3.94358E-2 3.42166E-2 2.73342E-2 2.6763E-2 3.38551E-2 3.6671E-2 3.55661E-2 3.41276E-2 4.55621E-2 3.93837E-2 3.74676E-2 3.1607E-2 3.35238E-2 3.95371E-2 4.00002E-2 3.34298E-2 3.51906E-2 3.45759E-2 2.73001E-2 2.73164E-2 2.61432E-2
9.70336E-2 8.50507E-2 8.25802E-2 5.95885E-2 7.12327E-2 7.54499E-2 7.35718E-2 7.06977E-2 7.13025E-2 7.70677E-2 7.16376E-2 6.74573E-2 6.88173E-2 6.73584E-2 6.1692E-2 8.80267E-2 5.71482E-2 7.99763E-2 5.72449E-2 5.74107E-2 5.41782E-2 5.23397E-2 4.98044E-2 5.4713E-2 4.79691E-2 4.66579E-2 4.83205E-2 4.79465E-2 4.4802E-2 4.22053E-2 4.2469E-2 3.54414E-2 3.82827E-2 4.60129E-2 4.38885E-2 4.02443E-2 3.68326E-2 4.04758E-2 4.29957E-2 4.24461E-2 3.82266E-2 4.14471E-2 3.60704E-2 3.49156E-2 3.7597E-2 4.00271E-2 3.62323E-2 2.87021E-2 3.16305E-2 3.23998E-2 3.24136E-2 3.71315E-2 3.70133E-2 4.13292E-2 4.14841E-2 3.10777E-2 3.8677E-2 3.12906E-2 2.88676E-2 3.03373E-2 2.87143E-2
6.56535E-2 7.1364E-2 8.21328E-2 8.03962E-2 8.1022E-2 8.11575E-2 7.32082E-2 7.2034E-2 7.2498E-2 6.89732E-2 6.57381E-2 6.65991E-2 7.184E-2 6.46752E-2 6.21436E-2 5.97907E-2 5.78559E-2 5.33472E-2 6.65904E-2 5.16192E-2 6.94152E-2 6.23341E-2 4.33776E-2 4.27651E-2 3.8555E-2 4.7511E-2 4.58919E-2 4.1176E-2 5.02058E-2 5.046E-2 5.17362E-2 5.03683E-2 3.54622E-2 3.65873E-2 3.41772E-2 4.22219E-2 4.97267E-2 3.8878E-2 3.8556E-2 4.16047E-2 4.15641E-2 3.2332E-2 3.76506E-2 3.55703E-2 3.30133E-2 3.33954E-2 3.03876E-2 2.68038E-2 2.71379E-2 2.80011E-2 2.78254E-2 3.55338E-2 3.27175E-2 3.43004E-2 3.03396E-2 3.31775E-2 2.97204E-2 2.93208E-2 3.24089E-2 3.2787E-2 2.95914E-2
6.16122E-2 6.9754E-2 1.19951E-1 1.00844E-1 8.75342E-2 8.45282E-2 7.88447E-2 7.75976E-2 6.73106E-2 6.84722E-2 6.21798E-2 7.50577E-2 7.05882E-2 6.39713E-2 5.8949E-2 6.11404E-2 7.36109E-2 5.00539E-2 4.92482E-2 5.73142E-2 7.31726E-2 5.08295E-2 4.85948E-2 4.8418E-2 5.03481E-2 5.15818E-2 5.73533E-2 5.1294E-2 6.09982E-2 4.11867E-2 5.05314E-2 5.35951E-2 4.30716E-2 3.7856E-2 4.24555E-2 4.8632E-2 4.2632E-2 3.48935E-2 3.519E-2 3.85409E-2 3.15203E-2 3.4508E-2 3.98774E-2 4.40959E-2 4.21742E-2 3.47387E-2 3.43141E-2 3.39398E-2 4.4686E-2 3.50059E-2 3.74369E-2 3.50879E-2 2.76762E-2 3.05337E-2 3.30727E-2 3.01898E-2 4.00119E-2 3.48733E-2 2.89938E-2 3.34768E-2 3.39987E-2
6.35155E-2 6.68216E-2 1.01641E-1 1.09718E-1 1.07584E-1 1.25137E-1 1.07721E-1 7.88814E-2 8.30658E-2 6.70071E-2 6.4749E-2 6.74236E-2 7.12878E-2 6.61132E-2 5.65026E-2 5.63787E-2 5.3237E-2 5.38695E-2 6.02417E-2 5.84262E-2 6.13119E-2 5.88932E-2 5.72689E-2 5.72239E-2 4.9769E-2 5.63039E-2 4.69113E-2 5.25496E-2 4.53521E-2 4.66661E-2 5.31727E-2 5.10675E-2 3.95801E-2 4.20419E-2 4.93926E-2 5.03861E-2 4.78531E-2 3.80802E-2 3.29383E-2 4.70025E-2 4.288E-2 4.10706E-2 4.67727E-2 4.70601E-2 4.45094E-2 3.97259E-2 3.28672E-2 4.51182E-2 4.63447E-2 4.55044E-2 4.31451E-2 3.91644E-2 3.9735E-2 3.38763E-2 3.84641E-2 3.49471E-2 3.54417E-2 2.92842E-2 2.96342E-2 3.14747E-2 4.02893E-2
7.15396E-2 1.29378E-1 1.57821E-1 1.08019E-1 1.25904E-1 1.00769E-1 1.07096E-1 1.03789E-1 9.20314E-2 1.17089E-1 6.66281E-2 7.28535E-2 7.09656E-2 6.72599E-2 7.33293E-2 6.88693E-2 6.40215E-2 5.92706E-2 6.37237E-2 6.01651E-2 6.54209E-2 5.78739E-2 5.89144E-2 5.80398E-2 4.75729E-2 5.29588E-2 4.29242E-2 3.89657E-2 4.19306E-2 4.6763E-2 4.79697E-2 5.56049E-2 6.51052E-2 4.61112E-2 5.61882E-2 7.18207E-2 4.76603E-2 4.42838E-2 4.48515E-2 4.82741E-2 5.46834E-2 5.72375E-2 4.93667E-2 4.82735E-2 4.3381E-2 4.41189E-2 3.49221E-2 3.9027E-2 4.18725E-2 4.15423E-2 3.66403E-2 3.6133E-2 3.24967E-2 3.4879E-2 3.92676E-2 3.68771E-2 3.95831E-2 3.76342E-2 2.99647E-2 3.05634E-2 4.11329E-2
9.65007E-2 1.1674E-1 1.09482E-1 1.02436E-1 8.98978E-2 6.13127E-2 6.2217E-2 7.78337E-2 8.11717E-2 6.86017E-2 6.7161E-2 7.41241E-2 7.70393E-2 7.50128E-2 8.42308E-2 7.7852E-2 8.39098E-2 6.85455E-2 6.52246E-2 5.88015E-2 5.49329E-2 6.41681E-2 6.21529E-2 4.63614E-2 4.59483E-2 5.40049E-2 6.22981E-2 5.27392E-2 4.7197E-2 4.49614E-2 5.15754E-2 6.87235E-2 5.41272E-2 5.01277E-2 6.22179E-2 7.98022E-2 5.99697E-2 5.78264E-2 4.3332E-2 4.87483E-2 4.59782E-2 5.4699E-2 4.92394E-2 6.267E-2 4.34399E-2 4.51807E-2 3.76855E-2 3.77109E-2 4.11539E-2 3.88704E-2 3.69635E-2 3.74321E-2 3.9103E-2 4.03621E-2 3.84022E-2 3.82891E-2 4.12613E-2 4.22979E-2 4.4168E-2 4.26918E-2 5.48446E-2
9.82996E-2 1.20393E-1 1.18638E-1 1.10992E-1 8.5778E-2 6.49646E-2 7.70518E-2 9.08764E-2 6.94683E-2 7.17141E-2 7.14555E-2 7.10247E-2 7.66522E-2 8.20204E-2 8.5512E-2 8.18711E-2 7.47178E-2 6.66925E-2 5.88678E-2 5.32263E-2 5.7964E-2 6.0912E-2 5.4983E-2 4.86543E-2 5.52489E-2 4.44123E-2 6.84149E-2 5.90774E-2 4.68847E-2 5.01834E-2 5.54831E-2 6.69441E-2 6.99509E-2 4.46648E-2 5.82339E-2 5.15166E-2 3.47776E-2 5.64278E-2 5.63811E-2 5.58525E-2 4.78975E-2 5.26515E-2 5.6592E-2 5.38284E-2 4.60227E-2 3.66518E-2 4.89751E-2 4.44552E-2 4.12253E-2 3.93695E-2 4.13366E-2 4.29206E-2 4.06021E-2 3.51239E-2 3.89242E-2 4.7514E-2 4.14777E-2 4.05257E-2 4.96789E-2 4.67693E-2 4.555E-2
8.09053E-2 1.10938E-1 1.03247E-1 1.37063E-1 8.36141E-2 6.90957E-2 7.04034E-2 1.15969E-1 8.44561E-2 8.17549E-2 6.66221E-2 7.70678E-2 7.67219E-2 8.66369E-2 8.80423E-2 8.43883E-2 7.70915E-2 6.74854E-2 6.03167E-2 6.11558E-2 5.94393E-2 6.16619E-2 5.85634E-2 5.08924E-2 6.2895E-2 5.1573E-2 5.86735E-2 5.60397E-2 4.46603E-2 4.49124E-2 5.22444E-2 7.31246E-2 4.97966E-2 5.02733E-2 4.71839E-2 5.06731E-2 5.04739E-2 5.3769E-2 4.4916E-2 5.94811E-2 4.62899E-2 5.40729E-2 5.03245E-2 4.85419E-2 5.19313E-2 3.8939E-2 3.76366E-2 3.68416E-2 4.36738E-2 4.13706E-2 4.00215E-2 3.96369E-2 3.98438E-2 3.95373E-2 4.15359E-2 3.5529E-2 3.76017E-2 5.41306E-2 5.03899E-2 4.97481E-2 4.5996E-2
7.72714E-2 1.18936E-1 1.46138E-1 1.06104E-1 7.21192E-2 7.97464E-2 6.51497E-2 7.22486E-2 8.57511E-2 8.48738E-2 7.3329E-2 7.35451E-2 8.43596E-2 8.83931E-2 8.47531E-2 8.35835E-2 7.57027E-2 6.91438E-2 6.45875E-2 6.40972E-2 6.42573E-2 6.1986E-2 6.62003E-2 5.87365E-2 5.59527E-2 5.86141E-2 5.58415E-2 5.77554E-2 6.70756E-2 5.33354E-2 5.43493E-2 4.5836E-2 4.30408E-2 5.74239E-2 5.132E-2 5.23693E-2 5.71054E-2 5.37965E-2 5.47156E-2 5.82294E-2 6.47689E-2 4.86615E-2 5.36104E-2 4.67234E-2 5.19541E-2 5.31849E-2 4.1242E-2 4.21467E-2 4.42385E-2 4.02868E-2 4.33027E-2 4.26103E-2 4.69605E-2 4.28952E-2 3.799E-2 3.67301E-2 3.3848E-2 3.94462E-2 3.96854E-2 3.77898E-2 4.85088E-2
9.69748E-2 2.03975E-1 1.26669E-1 9.50491E-2 7.73637E-2 7.27505E-2 7.54719E-2 7.76388E-2 1.00143E-1 8.3543E-2 7.5776E-2 8.18672E-2 8.05952E-2 8.77208E-2 9.15011E-2 8.18183E-2 8.34754E-2 7.18477E-2 7.3825E-2 7.57438E-2 6.68625E-2 5.3627E-2 6.11342E-2 6.50489E-2 5.73674E-2 5.36952E-2 7.91709E-2 5.37117E-2 5.15793E-2 5.07794E-2 5.14524E-2 4.96985E-2 4.59574E-2 5.39666E-2 5.29938E-2 5.40827E-2 5.86467E-2 6.20874E-2 5.46412E-2 7.06225E-2 6.34695E-2 5.21737E-2 5.34349E-2 4.63502E-2 4.90479E-2 4.87958E-2 4.73759E-2 4.62859E-2 4.36318E-2 3.77072E-2 4.39867E-2 4.24725E-2 4.32625E-2 4.24856E-2 3.82198E-2 4.25984E-2 4.04982E-2 5.56928E-2 5.83691E-2 4.22477E-2 6.05673E-2
1.2485E-1 1.51223E-1 1.42454E-1 8.51014E-2 8.22123E-2 7.85253E-2 8.3962E-2 8.8691E-2 1.17056E-1 9.45212E-2 8.79664E-2 8.90484E-2 8.69006E-2 8.76568E-2 8.48404E-2 7.94311E-2 7.63391E-2 7.4813E-2 8.20351E-2 7.62426E-2 6.77047E-2 5.37768E-2 7.83757E-2 8.48273E-2 5.23894E-2 5.97903E-2 8.36279E-2 7.13741E-2 6.57817E-2 6.23212E-2 5.50161E-2 4.6542E-2 6.09999E-2 7.66875E-2 5.57356E-2 7.07063E-2 5.0844E-2 6.53706E-2 6.45162E-2 6.76062E-2 5.59746E-2 5.61559E-2 5.82183E-2 5.0993E-2 5.25135E-2 4.94502E-2 5.06258E-2 4.71696E-2 4.43729E-2 4.12007E-2 4.26032E-2 4.5943E-2 4.3646E-2 4.25756E-2 3.82451E-2 4.4062E-2 4.53571E-2 5.09024E-2 7.29216E-2 7.09537E-2 5.93647E-2
1.9786E-1 2.00663E-1 1.19701E-1 1.00843E-1 8.58496E-2 9.87114E-2 1.10185E-1 8.70686E-2 9.11507E-2 9.17479E-2 8.88537E-2 1.70235E-1 1.33724E-1 9.68491E-2 8.3498E-2 7.34056E-2 7.37858E-2 7.68711E-2 8.00029E-2 9.00464E-2 6.43943E-2 7.0359E-2 6.21303E-2 9.59865E-2 5.71272E-2 8.60997E-2 6.48217E-2 5.77498E-2 6.78001E-2 5.49668E-2 6.21189E-2 6.44483E-2 6.17092E-2 6.24979E-2 6.00627E-2 5.46553E-2 6.74822E-2 6.94423E-2 6.74705E-2 5.5015E-2 7.36297E-2 5.46535E-2 5.39179E-2 6.09998E-2 5.08438E-2 4.80115E-2 4.71529E-2 4.6471E-2 4.76777E-2 4.73432E-2 4.52323E-2 4.41921E-2 4.46311E-2 4.35612E-2 4.64107E-2 3.78439E-2 5.12503E-2 5.19968E-2 5.22348E-2 4.23974E-2 4.34365E-2
1.37247E-1 1.39922E-1 1.32193E-1 1.11296E-1 1.08596E-1 1.35029E-1 1.01774E-1 9.34036E-2 9.53784E-2 9.27679E-2 1.46402E-1 1.31455E-1 1.15996E-1 8.87609E-2 7.85354E-2 8.27843E-2 7.86595E-2 7.3274E-2 8.22347E-2 7.89808E-2 7.07511E-2 7.25164E-2 7.1004E-2 7.0201E-2 5.65936E-2 7.64712E-2 6.1063E-2 5.8395E-2 6.88027E-2 6.28136E-2 5.75899E-2 6.17491E-2 5.68392E-2 5.70495E-2 5.80828E-2 5.23481E-2 5.9994E-2 6.96318E-2 7.4107E-2 5.26299E-2 5.81549E-2 5.78829E-2 5.77726E-2 5.33285E-2 4.75485E-2 4.81624E-2 4.78267E-2 5.04397E-2 4.85032E-2 4.73763E-2 4.71882E-2 4.58655E-2 4.6749E-2 4.18602E-2 4.72528E-2 3.78928E-2 3.71132E-2 4.1362E-2 4.36052E-2 6.25046E-2 7.33723E-2
1.15051E-1 1.03244E-1 1.36418E-1 1.34868E-1 1.24637E-1 1.25208E-1 1.0837E-1 1.07356E-1 1.08749E-1 1.09469E-1 1.01856E-1 1.60396E-1 8.28581E-2 8.71857E-2 7.86735E-2 8.45817E-2 9.14325E-2 7.74448E-2 7.90067E-2 9.57253E-2 8.84284E-2 7.97775E-2 6.31737E-2 7.16072E-2 5.8111E-2 5.56682E-2 5.02046E-2 5.78244E-2 6.90586E-2 7.37809E-2 6.07332E-2 5.70965E-2 6.41325E-2 6.65329E-2 6.37054E-2 5.82555E-2 7.15341E-2 9.76498E-2 5.41839E-2 5.5201E-2 6.34157E-2 5.90794E-2 5.39321E-2 5.1596E-2 5.69224E-2 5.25076E-2 5.56665E-2 4.81664E-2 4.99724E-2 4.95859E-2 4.80708E-2 4.54853E-2 6.00221E-2 3.98437E-2 5.1011E-2 4.27333E-2 3.7582E-2 3.97832E-2 4.80043E-2 7.53183E-2 8.639E-2
1.09069E-1 1.12398E-1 1.3409E-1 1.42395E-1 2.02565E-1 1.92669E-1 1.11516E-1 1.15375E-1 1.02488E-1 1.05424E-1 1.16631E-1 9.16055E-2 8.16154E-2 9.50742E-2 8.12021E-2 8.40849E-2 8.3636E-2 7.94048E-2 9.43049E-2 8.08799E-2 8.7497E-2 6.9401E-2 5.95892E-2 6.36619E-2 6.285E-2 5.78472E-2 6.39484E-2 6.27277E-2 7.26146E-2 6.17801E-2 6.2875E-2 6.49531E-2 6.52879E-2 8.68022E-2 5.81084E-2 6.6099E-2 6.9499E-2 7.44701E-2 5.73653E-2 6.13366E-2 6.01107E-2 5.92321E-2 5.7298E-2 5.64869E-2 6.09865E-2 5.79606E-2 5.81778E-2 4.8949E-2 5.37936E-2 4.31079E-2 4.69874E-2 4.73845E-2 5.18893E-2 4.45995E-2 5.41726E-2 4.15397E-2 4.15466E-2 4.59981E-2 5.00672E-2 5.78964E-2 7.29907E-2
1.28928E-1 1.40623E-1 1.39408E-1 1.39054E-1 1.90774E-1 1.46549E-1 1.17064E-1 1.19433E-1 1.87647E-1 1.20217E-1 1.15358E-1 1.06502E-1 9.62706E-2 9.48622E-2 9.33102E-2 8.92829E-2 9.24712E-2 7.64288E-2 7.61319E-2 6.77019E-2 7.2362E-2 6.19449E-2 6.30087E-2 6.15022E-2 6.28633E-2 6.30035E-2 7.35213E-2 6.95715E-2 7.61931E-2 6.44876E-2 6.86107E-2 7.11822E-2 7.00291E-2 6.98167E-2 7.09976E-2 6.06163E-2 6.77574E-2 5.71542E-2 5.90509E-2 7.69037E-2 6.70327E-2 5.30518E-2 6.22921E-2 5.3724E-2 5.68646E-2 5.21632E-2 4.93138E-2 4.9734E-2 5.18537E-2 5.00863E-2 5.05387E-2 4.63788E-2 4.57169E-2 4.05498E-2 4.80254E-2 4.56895E-2 4.69783E-2 4.94681E-2 5.59044E-2 5.94941E-2 7.64723E-2
1.46713E-1 1.47252E-1 1.4822E-1 1.48535E-1 1.27737E-1 1.46894E-1 1.19077E-1 1.69554E-1 2.1818E-1 1.51885E-1 1.11435E-1 1.14633E-1 9.67337E-2 9.51705E-2 8.76449E-2 9.60399E-2 8.66366E-2 9.60525E-2 8.60893E-2 7.30132E-2 7.13966E-2 6.45268E-2 6.24078E-2 5.93137E-2 6.88126E-2 8.01137E-2 8.2236E-2 7.37371E-2 7.35084E-2 1.07067E-1 7.27567E-2 7.99395E-2 8.40661E-2 8.24684E-2 7.08322E-2 6.83447E-2 6.36592E-2 6.54072E-2 6.50925E-2 6.78402E-2 5.78208E-2 5.36972E-2 5.03144E-2 4.75562E-2 5.69309E-2 4.9637E-2 4.63917E-2 4.90141E-2 4.69812E-2 5.24453E-2 5.26211E-2 5.21466E-2 4.55699E-2 4.35381E-2 4.66179E-2 4.4324E-2 4.09664E-2 4.43329E-2 9.7985E-2 9.67569E-2 5.58817E-2
1.48573E-1 1.48558E-1 2.28701E-1 2.01119E-1 1.45949E-1 1.44248E-1 1.28557E-1 1.93452E-1 1.63281E-1 1.33485E-1 1.26624E-1 9.97388E-2 1.01071E-1 1.08152E-1 8.40045E-2 9.59055E-2 9.08201E-2 9.35396E-2 9.45205E-2 7.92299E-2 7.90104E-2 7.64677E-2 6.39498E-2 6.764E-2 7.89159E-2 8.34857E-2 8.00687E-2 8.02671E-2 7.0502E-2 7.80458E-2 7.33299E-2 7.10325E-2 8.28143E-2 6.93193E-2 6.89532E-2 6.42005E-2 6.90501E-2 7.07785E-2 6.52937E-2 6.50747E-2 5.86778E-2 5.05616E-2 4.89026E-2 5.0818E-2 5.64094E-2 6.36534E-2 4.5804E-2 5.6208E-2 5.85265E-2 5.28496E-2 5.06836E-2 4.90658E-2 5.25413E-2 4.9731E-2 5.16253E-2 4.96522E-2 4.60847E-2 6.71192E-2 5.43565E-2 5.8411E-2 4.82083E-2
1.61395E-1 1.91473E-1 2.50026E-1 1.55449E-1 1.4844E-1 1.4103E-1 1.39938E-1 1.18734E-1 1.47026E-1 1.18205E-1 1.14137E-1 1.21174E-1 1.04581E-1 1.14369E-1 1.168E-1 9.79685E-2 8.94076E-2 9.87589E-2 1.01072E-1 8.96758E-2 8.67237E-2 7.99583E-2 6.7461E-2 6.78307E-2 7.96771E-2 8.43018E-2 8.37202E-2 7.42161E-2 7.76446E-2 6.68867E-2 6.41082E-2 6.89804E-2 8.4929E-2 8.15715E-2 5.86714E-2 6.4871E-2 6.2256E-2 6.17477E-2 6.26623E-2 6.76903E-2 5.94464E-2 5.68502E-2 6.05675E-2 5.77606E-2 6.16038E-2 5.73591E-2 4.68E-2 4.7105E-2 6.02567E-2 5.79979E-2 5.79345E-2 4.87894E-2 4.86127E-2 4.77581E-2 4.91212E-2 5.00958E-2 4.46472E-2 6.39736E-2 5.52064E-2 5.30382E-2 -9999
2.0107E-1 1.65104E-1 1.51027E-1 1.5779E-1 1.60313E-1 1.5148E-1 1.31553E-1 1.30625E-1 1.23803E-1 1.11161E-1 1.14968E-1 1.18208E-1 1.05151E-1 1.08674E-1 1.04462E-1 1.01491E-1 9.08682E-2 9.50942E-2 1.00503E-1 1.06192E-1 9.28264E-2 8.00354E-2 7.16739E-2 6.60378E-2 6.78184E-2 7.2629E-2 7.99408E-2 7.66023E-2 7.20663E-2 8.38404E-2 6.53773E-2 7.41806E-2 9.6625E-2 8.66644E-2 6.08438E-2 5.66929E-2 5.45676E-2 7.67468E-2 5.59964E-2 5.41472E-2 5.90266E-2 7.36428E-2 6.43089E-2 6.8483E-2 6.29777E-2 5.61627E-2 5.0829E-2 5.5563E-2 5.94084E-2 5.34827E-2 5.8526E-2 5.20916E-2 5.54688E-2 5.03855E-2 5.13809E-2 5.18491E-2 5.31393E-2 4.87608E-2 5.42764E-2 4.93686E-2 -9999
2.23347E-1 2.86309E-1 1.43649E-1 1.41434E-1 1.36828E-1 1.34491E-1 1.32102E-1 1.2948E-1 1.27081E-1 1.18427E-1 1.23761E-1 1.20898E-1 1.09092E-1 1.05379E-1 1.12389E-1 9.75672E-2 9.6101E-2 9.62944E-2 9.47317E-2 1.17363E-1 9.89406E-2 8.46664E-2 7.90407E-2 7.70684E-2 7.18787E-2 6.61779E-2 8.81777E-2 8.576E-2 1.12964E-1 9.58975E-2 8.25563E-2 7.59924E-2 9.24596E-2 6.89468E-2 5.59621E-2 6.89833E-2 7.56861E-2 8.01533E-2 5.46395E-2 6.54928E-2 7.57771E-2 7.1133E-2 6.90224E-2 7.2786E-2 6.72877E-2 5.81873E-2 5.70174E-2 5.57262E-2 5.73299E-2 6.06652E-2 5.41593E-2 5.13046E-2 6.17292E-2 5.09035E-2 5.01089E-2 4.9879E-2 5.15307E-2 5.41387E-2 5.4587E-2 4.44538E-2 -9999
1.41301E-1 1.5232E-1 1.55943E-1 1.42129E-1 1.40193E-1 1.33286E-1 1.67302E-1 1.35017E-1 1.36139E-1 1.26077E-1 1.18345E-1 1.14222E-1 1.03297E-1 9.89441E-2 1.04828E-1 1.05569E-1 1.04198E-1 9.41578E-2 9.60402E-2 1.06177E-1 1.124E-1 8.87942E-2 8.38433E-2 8.66747E-2 8.30987E-2 9.12521E-2 7.99289E-2 7.20999E-2 1.08799E-1 8.54994E-2 9.33512E-2 7.1145E-2 7.24993E-2 7.10324E-2 7.97857E-2 9.75989E-2 8.52631E-2 8.44524E-2 6.55137E-2 7.44048E-2 7.73478E-2 7.45844E-2 6.97377E-2 6.7089E-2 6.2248E-2 5.6762E-2 6.2576E-2 6.07814E-2 5.66235E-2 5.6429E-2 5.11103E-2 5.14165E-2 4.87119E-2 5.26402E-2 4.8019E-2 4.96617E-2 5.45814E-2 5.73059E-2 5.32272E-2 5.08566E-2 -9999
1.52327E-1 1.53083E-1 1.57734E-1 1.59716E-1 1.32657E-1 2.03512E-1 1.57576E-1 1.29475E-1 1.34475E-1 1.21755E-1 1.20123E-1 1.21125E-1 1.13049E-1 9.8941E-2 1.01274E-1 9.59607E-2 1.03036E-1 1.28205E-1 9.24206E-2 9.82908E-2 1.07673E-1 9.0087E-2 8.35754E-2 8.70652E-2 7.36229E-2 8.19899E-2 7.78129E-2 7.84272E-2 8.34628E-2 8.39467E-2 7.15167E-2 6.58763E-2 9.26971E-2 8.47165E-2 7.13315E-2 9.27945E-2 9.40448E-2 8.4224E-2 8.49715E-2 7.42524E-2 6.71057E-2 6.93566E-2 6.48316E-2 6.69836E-2 6.21416E-2 6.01705E-2 6.76576E-2 6.072E-2 5.72917E-2 5.26673E-2 5.32339E-2 5.20652E-2 5.12708E-2 5.60042E-2 5.65482E-2 5.51555E-2 5.04156E-2 5.32011E-2 6.25521E-2 -9999 -9999
