Candidate_Models_July82022/M_0.9_F_lqp_Set_1_cal/Bison.asc
ncols         290
nrows         380
xllcorner     -2197417.7431653
yllcorner     -584827.01486885
cellsize      10000.0
NODATA_value  -9999
[rows 54 to 80 of 380, columns 61 to 121 of 290]
2.99512E-2 3.18198E-2 4.13641E-2 3.31373E-2 7.45495E-2 7.29785E-2 8.557E-2 3.87891E-2 3.9972E-2 3.65183E-2 2.97986E-2 2.31535E-2 2.87255E-2 2.24257E-2 2.15486E-2 2.63203E-2 2.44217E-2 2.56545E-2 2.48121E-2 2.47234E-2 2.58108E-2 2.4736E-2 2.24725E-2 2.19222E-2 2.14752E-2 2.33601E-2 2.0538E-2 1.75721E-2 1.77708E-2 2.24252E-2 3.318E-2 3.13247E-2 3.04592E-2 2.93282E-2 2.14754E-2 3.76714E-2 2.53039E-2 3.05419E-2 3.47733E-2 4.17776E-2 3.67236E-2 3.82484E-2 3.45965E-2 3.51696E-2 3.63033E-2 2.66043E-2 3.00884E-2 3.68974E-2 3.50087E-2 3.61133E-2 4.07521E-2 3.5309E-2 2.16733E-2 2.29067E-2 3.69392E-2 5.05698E-2 5.33632E-2 5.12864E-2 4.4672E-2 4.68608E-2 2.4688E-2
3.00356E-2 3.01503E-2 4.09866E-2 3.29978E-2 3.15966E-2 3.55321E-2 3.95693E-2 4.23951E-2 3.50027E-2 3.69282E-2 3.65295E-2 2.9648E-2 3.30903E-2 2.31131E-2 2.40365E-2 2.30128E-2 2.43664E-2 2.51846E-2 2.65436E-2 2.60629E-2 2.51674E-2 2.44704E-2 2.2656E-2 2.55396E-2 2.31287E-2 2.16141E-2 2.14296E-2 2.45667E-2 2.03449E-2 1.72533E-2 2.43237E-2 2.93228E-2 2.31167E-2 2.89652E-2 3.35811E-2 2.5884E-2 3.426E-2 4.02156E-2 3.71544E-2 3.92191E-2 3.00299E-2 4.1464E-2 3.43433E-2 3.36579E-2 3.71651E-2 3.05057E-2 2.70907E-2 2.65281E-2 3.42399E-2 4.11414E-2 4.2939E-2 5.1164E-2 2.91587E-2 3.22684E-2 4.1909E-2 5.30521E-2 4.94109E-2 5.21369E-2 5.32559E-2 4.13088E-2 3.17857E-2
3.52997E-2 2.99712E-2 4.65091E-2 3.41529E-2 3.02223E-2 2.99524E-2 3.60901E-2 4.4527E-2 3.89654E-2 3.86454E-2 3.85444E-2 4.25478E-2 2.56506E-2 2.47607E-2 2.36029E-2 2.28508E-2 3.15699E-2 2.53386E-2 2.43484E-2 2.53452E-2 2.46255E-2 2.32779E-2 3.76956E-2 3.33916E-2 3.01435E-2 1.91301E-2 2.58272E-2 3.3332E-2 3.75691E-2 2.80379E-2 2.12729E-2 3.56771E-2 3.186E-2 3.14748E-2 3.42217E-2 2.87714E-2 3.19926E-2 3.77584E-2 4.31766E-2 4.52418E-2 4.19887E-2 4.26263E-2 3.80766E-2 3.59324E-2 3.60528E-2 3.54885E-2 2.26844E-2 2.46889E-2 4.42202E-2 4.18502E-2 2.99939E-2 4.75403E-2 4.30102E-2 4.38477E-2 3.79438E-2 5.30239E-2 5.13775E-2 5.08037E-2 4.90389E-2 4.79575E-2 2.59604E-2
3.50881E-2 3.56894E-2 3.41173E-2 3.59278E-2 2.61441E-2 3.12857E-2 4.06007E-2 4.01153E-2 3.74385E-2 4.08837E-2 3.29197E-2 3.03567E-2 3.28052E-2 2.79953E-2 2.63552E-2 3.42104E-2 3.0009E-2 2.80621E-2 2.5618E-2 2.54336E-2 2.38378E-2 2.20187E-2 2.39347E-2 2.98416E-2 3.59709E-2 2.06107E-2 2.28376E-2 2.10777E-2 3.16802E-2 3.80964E-2 3.6558E-2 2.83821E-2 3.16991E-2 2.75042E-2 3.71522E-2 3.37261E-2 3.88816E-2 4.11422E-2 4.45066E-2 4.10972E-2 3.80984E-2 3.62987E-2 4.59289E-2 3.60794E-2 2.71674E-2 3.25154E-2 3.34286E-2 4.0514E-2 4.57434E-2 3.69222E-2 2.60838E-2 4.78603E-2 3.82969E-2 4.38684E-2 4.24256E-2 5.54631E-2 4.45769E-2 3.98521E-2 4.10454E-2 4.98338E-2 3.76856E-2
3.11748E-2 3.21433E-2 3.89061E-2 3.21572E-2 3.33224E-2 3.06562E-2 2.86293E-2 3.01753E-2 6.63111E-2 4.79353E-2 2.78098E-2 2.71652E-2 2.79723E-2 2.53748E-2 2.8597E-2 3.59814E-2 4.24888E-2 3.28436E-2 2.65416E-2 2.90224E-2 2.38817E-2 2.16218E-2 2.17385E-2 2.37473E-2 5.65131E-2 4.67698E-2 4.96566E-2 2.78198E-2 2.86493E-2 3.63868E-2 3.6065E-2 2.84634E-2 3.30082E-2 2.94432E-2 3.27383E-2 3.58361E-2 3.3894E-2 3.94419E-2 3.85859E-2 4.49635E-2 4.46196E-2 4.4581E-2 4.26618E-2 4.13276E-2 2.36894E-2 4.9455E-2 6.39637E-2 4.67479E-2 3.60269E-2 3.99326E-2 4.0024E-2 5.74235E-2 4.51264E-2 4.48542E-2 3.71503E-2 4.62617E-2 4.71014E-2 4.45603E-2 4.80888E-2 5.19415E-2 4.22009E-2
2.53951E-2 2.88709E-2 3.57161E-2 3.10394E-2 3.11798E-2 4.04434E-2 3.1952E-2 2.90338E-2 3.27149E-2 3.03266E-2 2.98481E-2 2.98868E-2 2.44769E-2 2.07288E-2 3.12395E-2 3.43525E-2 4.15012E-2 3.83569E-2 3.36661E-2 3.08644E-2 2.60574E-2 2.10389E-2 2.41319E-2 6.26051E-2 4.62853E-2 4.21482E-2 3.79041E-2 5.34101E-2 3.63069E-2 4.7699E-2 4.94429E-2 2.80685E-2 3.82523E-2 5.929E-2 4.88567E-2 2.92214E-2 3.75316E-2 3.21304E-2 4.15131E-2 4.74768E-2 3.93938E-2 4.52845E-2 4.91467E-2 3.64234E-2 3.31316E-2 7.4527E-2 6.45448E-2 4.47966E-2 2.72341E-2 3.34428E-2 4.7328E-2 5.00391E-2 4.93469E-2 4.03141E-2 4.02274E-2 3.94078E-2 4.58921E-2 4.85726E-2 5.02544E-2 3.93649E-2 3.20512E-2
3.37719E-2 3.22071E-2 4.65924E-2 2.49063E-2 3.96922E-2 2.5581E-2 3.16447E-2 3.72143E-2 2.76825E-2 3.03723E-2 4.02009E-2 3.22348E-2 2.31519E-2 2.31924E-2 3.04382E-2 3.78173E-2 4.50271E-2 4.22684E-2 3.63424E-2 3.10692E-2 2.53768E-2 2.91368E-2 3.87776E-2 7.02406E-2 5.42463E-2 4.31105E-2 3.76943E-2 3.78035E-2 6.25296E-2 5.22926E-2 5.72725E-2 3.7732E-2 2.67209E-2 3.79978E-2 4.26393E-2 4.34604E-2 6.87353E-2 6.7153E-2 5.09556E-2 4.64009E-2 4.69198E-2 5.94129E-2 6.27379E-2 5.0027E-2 6.08466E-2 6.11052E-2 5.76818E-2 4.24972E-2 2.63421E-2 3.07873E-2 3.29375E-2 4.11458E-2 5.13504E-2 4.10863E-2 3.19847E-2 3.60896E-2 4.82217E-2 5.29597E-2 5.41546E-2 4.78433E-2 3.46824E-2
2.55073E-2 3.28224E-2 3.9454E-2 3.75464E-2 3.4387E-2 2.00696E-2 2.44287E-2 2.48731E-2 2.59683E-2 3.8351E-2 3.63194E-2 2.41346E-2 2.83796E-2 2.78743E-2 2.68859E-2 3.69399E-2 3.56717E-2 3.81124E-2 4.41498E-2 3.37308E-2 4.6656E-2 7.5519E-2 5.79317E-2 4.44819E-2 6.92227E-2 4.11365E-2 3.81246E-2 3.03722E-2 4.51272E-2 3.9622E-2 3.96199E-2 3.97494E-2 3.44703E-2 3.77181E-2 4.43164E-2 5.15487E-2 5.36531E-2 5.31739E-2 5.52406E-2 6.14524E-2 6.47965E-2 5.82062E-2 6.26893E-2 6.39466E-2 6.72024E-2 7.81184E-2 7.78072E-2 5.88654E-2 2.55887E-2 3.1779E-2 4.09034E-2 4.39926E-2 4.89494E-2 4.11858E-2 5.56029E-2 3.49778E-2 5.15705E-2 4.82997E-2 5.10755E-2 3.75978E-2 3.15634E-2
2.62464E-2 2.68948E-2 3.90588E-2 2.21508E-2 4.09581E-2 2.09719E-2 2.79716E-2 2.26596E-2 3.64102E-2 2.97923E-2 3.43467E-2 2.6785E-2 2.61416E-2 2.85691E-2 3.22733E-2 3.08974E-2 3.08375E-2 3.39335E-2 3.31541E-2 3.35988E-2 6.02809E-2 6.4136E-2 7.58706E-2 4.89714E-2 5.78786E-2 4.56122E-2 3.84554E-2 3.76979E-2 3.29957E-2 3.32141E-2 3.38239E-2 5.86197E-2 6.38184E-2 7.26479E-2 4.96229E-2 4.63584E-2 5.03183E-2 5.22081E-2 6.6179E-2 5.49384E-2 7.00749E-2 6.83482E-2 5.63923E-2 5.96027E-2 4.70031E-2 4.55046E-2 6.72174E-2 5.27402E-2 3.91449E-2 3.12212E-2 3.91945E-2 4.30363E-2 4.638E-2 5.19036E-2 5.84112E-2 5.5348E-2 5.13282E-2 5.70076E-2 5.09765E-2 2.78767E-2 2.68345E-2
5.07397E-2 3.67212E-2 4.58266E-2 3.10373E-2 1.76105E-2 2.9507E-2 1.88863E-2 1.94314E-2 2.56364E-2 3.02065E-2 3.4865E-2 2.76826E-2 2.26281E-2 2.36756E-2 2.91515E-2 3.13095E-2 3.24148E-2 3.17928E-2 4.09723E-2 4.90785E-2 3.41666E-2 3.80483E-2 3.80005E-2 3.5765E-2 3.86518E-2 6.83078E-2 4.05106E-2 2.38259E-2 2.39623E-2 4.04053E-2 5.85132E-2 6.03717E-2 5.96977E-2 5.77529E-2 6.62687E-2 5.51538E-2 4.74168E-2 4.31465E-2 5.78918E-2 6.24096E-2 7.90989E-2 6.22272E-2 6.80553E-2 8.00599E-2 7.01854E-2 5.29212E-2 4.91923E-2 5.13109E-2 7.02681E-2 5.52547E-2 4.89333E-2 4.72793E-2 4.18061E-2 5.76287E-2 5.95101E-2 6.38549E-2 6.4112E-2 6.83144E-2 4.75472E-2 3.84996E-2 2.90951E-2
3.02032E-2 2.12011E-2 2.1683E-2 3.79905E-2 2.01611E-2 1.175E-2 2.50434E-2 3.13549E-2 2.86166E-2 3.49215E-2 3.90025E-2 3.07618E-2 2.89942E-2 2.08759E-2 3.84308E-2 2.65446E-2 5.38533E-2 8.8032E-2 5.06571E-2 4.33587E-2 3.07882E-2 3.64353E-2 3.65547E-2 3.53819E-2 4.50223E-2 4.33624E-2 3.80598E-2 1.75797E-2 2.42767E-2 3.83819E-2 5.839E-2 4.96583E-2 6.33348E-2 6.53167E-2 6.72012E-2 7.2576E-2 3.53508E-2 4.32397E-2 6.3692E-2 7.25123E-2 6.89202E-2 6.49527E-2 6.51033E-2 5.21129E-2 6.54829E-2 3.30588E-2 6.35872E-2 6.10744E-2 6.45002E-2 6.69768E-2 5.14495E-2 4.28387E-2 3.96558E-2 3.89439E-2 4.92299E-2 6.46984E-2 8.1608E-2 4.06091E-2 2.99545E-2 2.62437E-2 2.64833E-2
3.1886E-2 2.98647E-2 2.68731E-2 4.84119E-2 1.90842E-2 3.19627E-2 1.47762E-2 2.34945E-2 1.78029E-2 2.2323E-2 1.381E-2 2.42197E-2 2.57346E-2 2.32648E-2 2.57068E-2 3.4411E-2 3.12529E-2 7.41537E-2 4.72026E-2 6.02773E-2 3.66962E-2 3.29447E-2 4.19929E-2 3.23164E-2 3.75151E-2 5.01649E-2 4.10882E-2 2.74284E-2 2.47503E-2 4.05453E-2 3.68478E-2 4.58147E-2 4.41489E-2 1.02008E-1 6.25532E-2 6.02332E-2 6.67475E-2 5.21285E-2 4.93178E-2 4.73744E-2 3.72065E-2 5.70272E-2 5.12653E-2 4.81935E-2 4.88795E-2 5.68477E-2 5.48883E-2 6.85962E-2 6.67049E-2 6.06039E-2 5.75747E-2 9.89239E-2 5.55615E-2 5.9733E-2 4.81711E-2 6.28821E-2 5.4232E-2 3.1973E-2 3.03572E-2 2.53832E-2 2.77221E-2
3.44313E-2 4.16675E-2 4.90092E-2 4.29728E-2 2.40589E-2 3.13035E-2 2.75708E-2 2.06489E-2 3.27943E-2 2.9278E-2 2.0337E-2 2.73075E-2 4.25413E-2 2.09018E-2 2.91526E-2 3.03038E-2 2.96572E-2 2.30675E-2 3.36418E-2 4.02542E-2 3.78157E-2 3.12891E-2 4.45953E-2 3.25778E-2 3.64748E-2 5.07991E-2 3.32647E-2 4.33288E-2 2.78247E-2 3.65691E-2 3.8649E-2 8.40393E-2 3.67017E-2 6.19563E-2 5.13115E-2 6.12241E-2 3.97482E-2 6.28138E-2 8.01437E-2 4.97011E-2 2.96309E-2 4.01492E-2 5.52381E-2 5.32678E-2 5.74449E-2 5.14841E-2 5.89169E-2 6.76841E-2 7.03683E-2 6.38264E-2 6.79926E-2 5.68041E-2 5.43857E-2 6.17518E-2 4.90249E-2 3.73779E-2 6.22231E-2 6.19584E-2 5.4676E-2 4.73305E-2 3.64729E-2
2.94224E-2 2.75692E-2 2.63595E-2 5.63751E-2 4.57821E-2 3.32256E-2 1.47598E-2 3.96128E-2 3.01656E-2 3.61397E-2 4.07214E-2 3.08271E-2 2.77554E-2 2.09211E-2 3.77114E-2 3.43279E-2 2.82169E-2 2.45044E-2 2.56304E-2 2.8572E-2 2.71734E-2 4.03012E-2 4.12619E-2 4.02994E-2 4.15843E-2 4.88117E-2 2.58009E-2 2.41702E-2 2.85205E-2 3.55945E-2 3.887E-2 3.89318E-2 4.46982E-2 8.96285E-2 6.34238E-2 5.85457E-2 5.76537E-2 7.5949E-2 7.71654E-2 5.6642E-2 4.97601E-2 3.59128E-2 7.31705E-2 7.17061E-2 1.06379E-1 7.87182E-2 4.50548E-2 3.67919E-2 4.03236E-2 5.38464E-2 4.63079E-2 5.76916E-2 4.54555E-2 3.45849E-2 3.79347E-2 3.73306E-2 3.77831E-2 4.16045E-2 4.37951E-2 4.12738E-2 4.78733E-2
4.38322E-2 2.7637E-2 4.96854E-2 6.58187E-2 5.90618E-2 4.88125E-2 1.31867E-2 4.26434E-2 3.00795E-2 2.05061E-2 3.83735E-2 2.70459E-2 3.80425E-2 3.99293E-2 3.78604E-2 3.36522E-2 3.08839E-2 3.37787E-2 2.74659E-2 2.11483E-2 1.78292E-2 1.77884E-2 3.30935E-2 4.70546E-2 4.15347E-2 4.25325E-2 2.15967E-2 1.936E-2 3.34687E-2 2.70096E-2 2.91421E-2 2.14602E-2 3.48499E-2 8.10522E-2 7.68569E-2 8.47796E-2 6.44833E-2 7.09919E-2 7.54065E-2 6.38603E-2 1.02024E-1 1.10024E-1 6.60443E-2 5.43782E-2 6.56368E-2 1.18178E-1 3.14176E-2 3.07605E-2 3.29671E-2 3.59123E-2 3.47454E-2 3.35646E-2 3.35194E-2 3.35315E-2 3.54772E-2 3.72041E-2 3.89569E-2 3.7393E-2 3.50542E-2 3.52305E-2 3.64898E-2
7.06788E-2 3.28634E-2 4.24995E-2 4.99763E-2 4.31736E-2 3.37813E-2 4.07245E-2 4.61742E-2 2.90628E-2 2.22728E-2 3.89612E-2 3.3677E-2 3.67688E-2 4.52915E-2 3.00978E-2 2.62848E-2 1.85198E-2 1.82251E-2 2.34246E-2 2.19958E-2 2.55143E-2 1.94027E-2 2.02679E-2 4.79314E-2 4.64721E-2 3.83468E-2 3.68508E-2 3.48964E-2 5.84298E-2 3.84109E-2 2.55161E-2 3.40668E-2 4.57798E-2 5.39502E-2 6.82688E-2 7.17671E-2 8.46572E-2 6.95228E-2 7.09378E-2 1.04165E-1 8.66147E-2 1.24112E-1 8.85115E-2 5.93197E-2 5.23387E-2 9.04862E-2 3.10189E-2 3.26616E-2 6.22652E-2 9.65017E-2 6.01361E-2 3.50956E-2 3.55745E-2 3.72602E-2 4.58058E-2 4.05714E-2 4.11025E-2 3.91456E-2 3.50028E-2 3.59597E-2 3.62529E-2
6.76975E-2 4.65175E-2 3.48305E-2 5.34458E-2 4.33615E-2 3.46753E-2 3.92117E-2 3.94023E-2 2.97087E-2 4.74314E-2 3.59766E-2 2.42847E-2 3.45035E-2 4.00603E-2 3.39292E-2 2.73081E-2 2.14808E-2 1.9971E-2 1.76598E-2 1.73703E-2 1.32877E-2 1.50855E-2 2.11258E-2 1.49162E-2 2.62043E-2 2.58707E-2 3.18871E-2 3.76901E-2 4.19952E-2 4.10759E-2 3.4795E-2 2.76102E-2 4.35761E-2 6.0015E-2 1.01013E-1 1.09599E-1 8.16757E-2 8.61459E-2 6.63698E-2 7.84734E-2 6.66474E-2 8.83674E-2 8.696E-2 7.79252E-2 4.83519E-2 4.34274E-2 4.72995E-2 4.36387E-2 6.48625E-2 8.17877E-2 1.1021E-1 5.33055E-2 5.52189E-2 5.85613E-2 4.40047E-2 5.97635E-2 6.75077E-2 5.82365E-2 8.74159E-2 3.61408E-2 3.83955E-2
1.2159E-1 8.77766E-2 6.77861E-2 3.64278E-2 4.64818E-2 3.97358E-2 4.06981E-2 4.81163E-2 6.87397E-2 2.60907E-2 3.7634E-2 3.18629E-2 4.39116E-2 3.73074E-2 3.78465E-2 2.50384E-2 2.52185E-2 2.41181E-2 2.77474E-2 2.50228E-2 1.81022E-2 1.59221E-2 1.91836E-2 1.93305E-2 2.27925E-2 2.49694E-2 1.87767E-2 3.03462E-2 3.58094E-2 3.86771E-2 4.5344E-2 4.52392E-2 4.34526E-2 5.82501E-2 1.07676E-1 9.33862E-2 7.91868E-2 7.25283E-2 8.61891E-2 6.10124E-2 7.02299E-2 7.94626E-2 8.36129E-2 6.61458E-2 5.14783E-2 7.30685E-2 7.41805E-2 5.1014E-2 6.79949E-2 6.2876E-2 7.41739E-2 8.17151E-2 9.0617E-2 9.93141E-2 5.75891E-2 8.53002E-2 9.26059E-2 7.74119E-2 8.03138E-2 5.82117E-2 4.16998E-2
7.39391E-2 7.91545E-2 5.5575E-2 5.92951E-2 6.03235E-2 5.33858E-2 5.10199E-2 5.18313E-2 6.25345E-2 3.01991E-2 2.18604E-2 3.52971E-2 4.87075E-2 2.37027E-2 5.02256E-2 2.63105E-2 2.86326E-2 2.68128E-2 2.12473E-2 3.05837E-2 2.5185E-2 1.96414E-2 2.95589E-2 1.90604E-2 1.69181E-2 2.29675E-2 1.24158E-2 1.84133E-2 3.54805E-2 4.4473E-2 4.86588E-2 5.92962E-2 5.33069E-2 7.79771E-2 1.3809E-1 1.01972E-1 6.15426E-2 4.98059E-2 7.40532E-2 6.4006E-2 6.47483E-2 6.67326E-2 7.25059E-2 8.17966E-2 5.17505E-2 6.01297E-2 7.22697E-2 5.33948E-2 5.97125E-2 6.66848E-2 4.65487E-2 7.4763E-2 8.14983E-2 8.38816E-2 7.33794E-2 8.54959E-2 6.0062E-2 6.32505E-2 5.58567E-2 1.33111E-1 7.90176E-2
1.32501E-1 5.14024E-2 5.501E-2 7.10283E-2 3.68606E-2 3.33819E-2 5.61889E-2 4.09159E-2 7.06925E-2 4.53263E-2 3.1443E-2 2.13425E-2 2.43849E-2 3.55288E-2 2.73018E-2 2.20084E-2 3.11462E-2 1.52323E-2 2.77577E-2 2.73118E-2 2.00783E-2 2.5052E-2 2.05979E-2 2.40682E-2 1.41247E-2 2.04207E-2 2.0895E-2 2.0565E-2 3.09426E-2 2.91099E-2 4.77594E-2 5.28827E-2 7.99929E-2 5.38556E-2 9.14459E-2 1.04565E-1 1.31674E-1 5.97261E-2 6.8465E-2 6.76314E-2 7.7002E-2 4.74444E-2 5.49823E-2 7.07035E-2 4.774E-2 6.00704E-2 7.41153E-2 5.30934E-2 5.63769E-2 6.95594E-2 5.04571E-2 5.32064E-2 7.16976E-2 7.78512E-2 6.8233E-2 7.4585E-2 5.36415E-2 5.58678E-2 4.53778E-2 1.10631E-1 1.45695E-1
6.4549E-2 3.14439E-2 3.69416E-2 3.68156E-2 5.38167E-2 5.6929E-2 3.16754E-2 5.72696E-2 4.58629E-2 4.95167E-2 3.57894E-2 2.66376E-2 3.10958E-2 2.15636E-2 2.51642E-2 2.05591E-2 1.95714E-2 2.55974E-2 2.01853E-2 1.31742E-2 2.04267E-2 3.47463E-2 3.22801E-2 3.10902E-2 2.07975E-2 1.95292E-2 1.4783E-2 2.01613E-2 2.0906E-2 2.78955E-2 5.11275E-2 7.03396E-2 7.15076E-2 7.56814E-2 6.23055E-2 6.87953E-2 8.97282E-2 8.17372E-2 3.85055E-2 7.43103E-2 4.94835E-2 5.57034E-2 3.1668E-2 5.91071E-2 8.33947E-2 5.99333E-2 9.551E-2 7.22672E-2 6.90636E-2 6.98563E-2 7.00581E-2 7.60942E-2 5.84841E-2 7.03462E-2 7.70927E-2 4.84379E-2 4.55115E-2 3.2997E-2 4.02241E-2 6.09703E-2 8.90433E-2
5.75843E-2 6.92585E-2 4.50281E-2 2.9645E-2 2.81751E-2 3.53001E-2 2.90965E-2 5.46028E-2 4.12671E-2 4.7351E-2 4.82637E-2 3.23701E-2 2.66951E-2 1.38874E-2 2.57368E-2 2.89801E-2 2.53186E-2 2.92909E-2 3.05271E-2 2.73874E-2 2.46434E-2 2.01391E-2 2.29583E-2 2.50467E-2 2.75534E-2 1.90311E-2 1.84951E-2 2.1023E-2 1.83488E-2 2.42646E-2 3.5516E-2 6.48933E-2 8.21464E-2 7.66621E-2 7.11978E-2 5.96396E-2 8.23962E-2 9.92964E-2 5.69929E-2 4.85911E-2 5.76608E-2 4.79052E-2 6.60747E-2 5.57945E-2 8.04654E-2 6.64095E-2 8.22065E-2 8.05267E-2 8.58609E-2 6.48359E-2 8.48508E-2 7.46631E-2 4.97913E-2 7.20151E-2 6.36331E-2 4.27828E-2 6.82289E-2 4.78567E-2 3.55315E-2 4.1843E-2 6.37591E-2
5.96478E-2 4.54852E-2 3.18888E-2 1.27302E-2 3.08932E-2 3.14448E-2 2.86472E-2 3.15497E-2 3.25435E-2 4.17816E-2 2.34999E-2 1.95613E-2 3.41704E-2 2.24433E-2 2.14364E-2 2.66973E-2 2.09401E-2 1.95499E-2 2.65312E-2 3.08104E-2 2.63361E-2 2.37963E-2 1.9596E-2 2.40286E-2 2.92106E-2 2.19361E-2 1.51329E-2 2.05486E-2 1.84727E-2 2.66562E-2 2.58666E-2 4.1815E-2 6.77472E-2 6.66357E-2 8.00031E-2 7.70205E-2 5.7894E-2 8.7162E-2 7.84926E-2 6.78481E-2 6.1953E-2 5.03341E-2 5.95655E-2 5.53817E-2 8.41984E-2 9.84328E-2 9.6797E-2 8.29025E-2 6.40619E-2 7.79974E-2 6.63198E-2 6.8163E-2 5.39083E-2 6.9152E-2 4.8279E-2 5.58098E-2 5.40022E-2 4.39627E-2 4.00642E-2 4.16215E-2 4.26804E-2
2.84107E-2 4.70885E-2 4.37037E-2 1.27887E-2 1.94599E-2 1.71155E-2 2.32185E-2 2.57497E-2 2.35689E-2 2.28293E-2 3.03964E-2 3.78442E-2 3.3426E-2 1.7895E-2 2.9221E-2 2.55158E-2 2.14759E-2 2.36473E-2 2.50664E-2 2.87799E-2 3.27073E-2 2.64384E-2 3.37709E-2 2.17503E-2 2.53323E-2 1.56487E-2 2.42064E-2 2.46872E-2 2.40697E-2 2.03071E-2 3.19687E-2 3.51947E-2 5.75998E-2 5.57455E-2 7.7595E-2 7.68741E-2 5.80941E-2 9.53091E-2 6.61097E-2 8.16105E-2 5.67969E-2 4.64523E-2 5.11259E-2 6.05459E-2 5.78276E-2 1.19332E-1 1.07344E-1 7.29212E-2 7.90825E-2 8.19902E-2 7.03499E-2 6.69336E-2 1.31745E-1 7.85864E-2 5.78239E-2 5.60654E-2 4.25186E-2 4.27454E-2 4.4721E-2 4.55301E-2 4.67233E-2
3.68619E-2 3.36736E-2 4.24832E-2 2.24498E-2 2.61844E-2 2.15036E-2 1.85501E-2 4.40757E-2 3.93501E-2 2.38124E-2 4.01047E-2 3.2261E-2 3.05055E-2 2.66321E-2 2.51553E-2 3.92985E-2 2.77792E-2 2.87677E-2 1.66374E-2 2.10765E-2 3.82726E-2 2.55726E-2 3.22739E-2 2.70838E-2 2.67373E-2 2.16691E-2 2.36454E-2 2.50168E-2 2.68801E-2 2.91614E-2 2.81113E-2 2.77347E-2 3.84293E-2 6.78971E-2 6.17218E-2 7.59829E-2 7.0628E-2 8.55067E-2 5.8729E-2 6.44172E-2 5.41802E-2 6.93389E-2 8.06172E-2 6.04007E-2 6.21105E-2 7.08993E-2 5.77525E-2 8.65341E-2 7.14868E-2 6.81391E-2 6.97457E-2 6.83358E-2 8.17566E-2 4.81421E-2 3.64497E-2 3.91982E-2 4.30148E-2 4.78235E-2 4.83919E-2 4.85288E-2 4.61719E-2
2.14566E-2 9.05275E-2 5.69214E-2 1.96046E-2 3.97979E-2 1.60801E-2 1.30057E-2 2.4493E-2 2.83543E-2 2.33748E-2 2.06176E-2 3.50399E-2 3.01856E-2 2.09159E-2 2.69372E-2 2.88769E-2 2.52758E-2 3.26561E-2 2.80576E-2 6.20692E-2 3.23021E-2 3.63183E-2 3.76061E-2 2.49973E-2 2.59186E-2 2.42997E-2 2.19972E-2 2.63578E-2 3.76685E-2 3.72502E-2 3.55787E-2 3.85853E-2 3.32403E-2 7.44335E-2 7.47407E-2 9.97613E-2 1.10565E-1 5.95831E-2 7.85169E-2 4.36878E-2 6.07787E-2 5.76269E-2 7.6196E-2 5.54364E-2 6.00437E-2 5.92558E-2 6.60714E-2 1.06171E-1 7.47461E-2 6.92834E-2 6.92281E-2 7.02558E-2 7.8925E-2 4.5799E-2 4.05688E-2 4.39901E-2 4.68839E-2 5.02449E-2 4.84158E-2 4.80975E-2 4.66196E-2
4.02937E-2 5.82851E-2 4.45615E-2 3.06021E-2 7.20809E-2 3.55077E-2 3.49751E-2 1.5238E-2 2.85212E-2 2.68435E-2 2.1467E-2 1.99694E-2 2.48202E-2 1.61435E-2 3.37252E-2 2.05476E-2 2.09166E-2 2.6317E-2 2.95207E-2 3.70913E-2 4.01363E-2 3.58211E-2 2.97009E-2 2.79106E-2 2.19304E-2 2.87261E-2 2.53182E-2 3.10012E-2 2.70227E-2 3.07481E-2 2.96492E-2 3.2381E-2 4.43938E-2 5.99219E-2 4.6977E-2 1.01069E-1 9.82096E-2 4.29682E-2 5.61888E-2 4.26261E-2 6.0774E-2 7.23597E-2 5.97046E-2 5.72124E-2 5.87483E-2 5.77351E-2 7.53089E-2 1.33238E-1 1.13024E-1 5.56827E-2 5.59737E-2 6.99474E-2 6.85969E-2 4.24668E-2 4.3883E-2 4.56846E-2 4.97919E-2 4.71629E-2 4.86297E-2 4.54647E-2 5.31327E-2
