Candidate_Models_Sept202022/M_0.6_F_lqp_Set_1_all/Bison.asc
ncols         97
nrows         127
xllcorner     -2197417.7431653
yllcorner     -584827.01486885
cellsize      30000.0
NODATA_value  -9999
[rows 0 to 26 of 127, columns 0 to 60 of 97]
-9999 -9999 -9999 -9999 -9999 -9999 -9999 -9999 -9999 -9999 -9999 -9999 -9999 -9999 -9999 -9999 -9999 -9999 -9999 -9999 -9999 -9999 -9999 -9999 -9999 -9999 -9999 -9999 -9999 -9999 -9999 -9999 -9999 -9999 -9999 -9999 -9999 -9999 -9999 -9999 -9999 -9999 -9999 -9999 -9999 -9999 -9999 -9999 -9999 -9999 -9999 -9999 -9999 -9999 -9999 -9999 -9999 -9999 -9999 -9999 -9999
-9999 -9999 -9999 -9999 -9999 -9999 -9999 -9999 -9999 -9999 -9999 -9999 -9999 -9999 -9999 -9999 -9999 -9999 -9999 -9999 -9999 -9999 -9999 -9999 -9999 -9999 -9999 -9999 -9999 -9999 -9999 -9999 -9999 -9999 -9999 -9999 -9999 -9999 -9999 -9999 -9999 -9999 -9999 -9999 -9999 -9999 -9999 -9999 -9999 -9999 -9999 -9999 -9999 -9999 -9999 -9999 -9999 -9999 -9999 -9999 -9999
-9999 -9999 -9999 -9999 -9999 -9999 -9999 -9999 -9999 -9999 -9999 -9999 -9999 -9999 -9999 -9999 -9999 -9999 -9999 -9999 -9999 -9999 -9999 -9999 -9999 -9999 -9999 -9999 -9999 -9999 -9999 -9999 -9999 -9999 -9999 -9999 -9999 -9999 -9999 -9999 -9999 -9999 -9999 -9999 -9999 -9999 -9999 -9999 -9999 -9999 -9999 -9999 -9999 -9999 -9999 -9999 -9999 -9999 -9999 -9999 -9999
-9999 -9999 -9999 -9999 -9999 -9999 -9999 -9999 -9999 -9999 -9999 -9999 -9999 -9999 -9999 -9999 -9999 -9999 -9999 9.18781E-6 9.15624E-6 5.25357E-6 7.27786E-6 -9999 -9999 -9999 -9999 -9999 -9999 -9999 -9999 -9999 -9999 -9999 -9999 -9999 -9999 -9999 -9999 -9999 -9999 -9999 -9999 -9999 -9999 -9999 -9999 -9999 -9999 -9999 -9999 -9999 -9999 -9999 -9999 -9999 -9999 -9999 -9999 -9999 -9999
-9999 -9999 -9999 -9999 -9999 -9999 -9999 -9999 -9999 -9999 -9999 -9999 -9999 -9999 -9999 -9999 -9999 -9999 9.72303E-6 8.19385E-6 7.78357E-6 8.80063E-6 7.43906E-6 6.12129E-6 5.40265E-6 -9999 -9999 -9999 -9999 -9999 -9999 -9999 -9999 -9999 -9999 -9999 -9999 -9999 -9999 -9999 -9999 -9999 -9999 -9999 -9999 -9999 -9999 -9999 -9999 -9999 -9999 -9999 -9999 -9999 -9999 -9999 -9999 -9999 -9999 -9999 -9999
-9999 -9999 -9999 -9999 -9999 -9999 -9999 -9999 -9999 -9999 -9999 -9999 -9999 -9999 -9999 -9999 -9999 -9999 7.21708E-6 6.30638E-6 6.56036E-6 7.40112E-6 6.13064E-6 4.93038E-6 4.94978E-6 -9999 -9999 -9999 -9999 -9999 -9999 -9999 -9999 -9999 -9999 -9999 -9999 -9999 -9999 -9999 -9999 -9999 -9999 -9999 -9999 -9999 -9999 -9999 -9999 -9999 -9999 -9999 -9999 -9999 -9999 -9999 -9999 -9999 -9999 -9999 -9999
-9999 -9999 -9999 -9999 -9999 -9999 -9999 -9999 -9999 -9999 -9999 -9999 -9999 -9999 -9999 -9999 -9999 6.22825E-6 5.89783E-6 2.81324E-6 3.09783E-6 4.10502E-6 5.00225E-6 4.5026E-6 4.7547E-6 4.7793E-6 -9999 5.75169E-6 5.03776E-6 5.41095E-6 -9999 -9999 -9999 -9999 -9999 -9999 -9999 -9999 3.90789E-6 -9999 -9999 -9999 -9999 -9999 -9999 -9999 -9999 -9999 -9999 -9999 -9999 -9999 -9999 -9999 -9999 -9999 -9999 -9999 -9999 -9999 -9999
-9999 -9999 -9999 -9999 -9999 -9999 -9999 -9999 -9999 -9999 -9999 -9999 -9999 -9999 -9999 -9999 1.17454E-5 8.90979E-6 2.59652E-6 1.6151E-6 1.82809E-6 2.34862E-6 3.6606E-6 4.01027E-6 4.49384E-6 4.67599E-6 4.91913E-6 5.06861E-6 4.53023E-6 4.5462E-6 4.7176E-6 4.64055E-6 4.30282E-6 4.11047E-6 4.31072E-6 4.58564E-6 4.84512E-6 -9999 3.55104E-6 3.26708E-6 -9999 -9999 -9999 -9999 -9999 -9999 -9999 -9999 -9999 -9999 -9999 -9999 -9999 -9999 -9999 -9999 -9999 -9999 -9999 -9999 -9999
-9999 -9999 -9999 -9999 -9999 -9999 -9999 -9999 -9999 -9999 -9999 -9999 -9999 -9999 -9999 5.83482E-6 7.61809E-6 4.96996E-6 2.0962E-6 1.35082E-6 1.30538E-6 1.80359E-6 3.29581E-6 4.02823E-6 4.22963E-6 4.15908E-6 6.32326E-6 6.48301E-6 4.08903E-6 3.74052E-6 3.93815E-6 3.9731E-6 3.86089E-6 3.67408E-6 4.21204E-6 5.54574E-6 5.13502E-6 5.02563E-6 3.70094E-6 3.59072E-6 -9999 -9999 -9999 -9999 -9999 -9999 -9999 -9999 -9999 -9999 -9999 -9999 -9999 -9999 -9999 -9999 -9999 -9999 -9999 -9999 -9999
-9999 -9999 -9999 -9999 -9999 -9999 -9999 -9999 -9999 -9999 -9999 -9999 -9999 -9999 -9999 9.63924E-6 8.0479E-6 4.12312E-6 1.57105E-6 1.6253E-6 1.96292E-6 2.71751E-6 3.86262E-6 4.2763E-6 4.57912E-6 3.63388E-6 5.59216E-6 5.5533E-6 3.51124E-6 3.56093E-6 4.56885E-6 4.39706E-6 4.2562E-6 4.7599E-6 5.06654E-6 6.56088E-6 7.17357E-6 6.31244E-6 4.59025E-6 -9999 -9999 -9999 3.3292E-6 -9999 -9999 -9999 -9999 -9999 -9999 -9999 -9999 -9999 -9999 -9999 -9999 -9999 -9999 -9999 -9999 -9999 -9999
-9999 -9999 -9999 -9999 -9999 -9999 -9999 -9999 -9999 -9999 -9999 -9999 -9999 -9999 6.59615E-6 8.5515E-6 8.03057E-6 5.13837E-6 4.48291E-6 2.77913E-6 2.63866E-6 3.2621E-6 4.45678E-6 4.5966E-6 4.44607E-6 4.39887E-6 5.8089E-6 4.89149E-6 4.5894E-6 3.7814E-6 5.3029E-6 4.47084E-6 3.99146E-6 5.59558E-6 7.57877E-6 7.66957E-6 7.85322E-6 5.95064E-6 3.96082E-6 -9999 -9999 3.62511E-6 -9999 -9999 -9999 -9999 -9999 -9999 -9999 -9999 -9999 -9999 -9999 -9999 -9999 -9999 -9999 -9999 -9999 -9999 -9999
-9999 -9999 -9999 -9999 -9999 -9999 -9999 -9999 -9999 -9999 -9999 -9999 -9999 5.1792E-6 8.69866E-6 8.56666E-6 8.5357E-6 5.57673E-6 5.32934E-6 5.78333E-6 3.79239E-6 4.91628E-6 5.01362E-6 5.83091E-6 4.09059E-6 4.55236E-6 5.09972E-6 4.85367E-6 3.3524E-6 3.32566E-6 3.60968E-6 4.23745E-6 4.44379E-6 6.33717E-6 7.5132E-6 7.6205E-6 8.05695E-6 6.05832E-6 4.03825E-6 3.39818E-6 3.42878E-6 3.6011E-6 -9999 4.59478E-6 4.78088E-6 -9999 -9999 -9999 -9999 -9999 -9999 -9999 -9999 -9999 -9999 -9999 -9999 -9999 -9999 -9999 -9999
-9999 -9999 -9999 -9999 -9999 -9999 -9999 -9999 -9999 -9999 -9999 -9999 -9999 8.97597E-6 8.78954E-6 7.79798E-6 6.75088E-6 4.76389E-6 1.05607E-5 2.87825E-6 3.79259E-6 3.68615E-6 5.63762E-6 4.63805E-6 3.50998E-6 4.17229E-6 4.4432E-6 3.54842E-6 3.58412E-6 3.37729E-6 3.90016E-6 4.1883E-6 5.29377E-6 5.52653E-6 6.32609E-6 6.38905E-6 5.42813E-6 5.09393E-6 3.60757E-6 2.91474E-6 3.06986E-6 4.20617E-6 4.34998E-6 4.95919E-6 5.13507E-6 5.69177E-6 -9999 -9999 -9999 -9999 -9999 -9999 -9999 -9999 -9999 -9999 -9999 -9999 -9999 -9999 -9999
-9999 -9999 -9999 -9999 -9999 -9999 -9999 -9999 -9999 -9999 -9999 -9999 1.63799E-5 1.92096E-5 1.05991E-5 8.41527E-6 5.6728E-6 5.41989E-6 4.68776E-6 5.12635E-6 4.76083E-6 4.9368E-6 5.53381E-6 4.08656E-6 3.15785E-6 2.74341E-6 3.78271E-6 2.66879E-6 5.10583E-6 5.43675E-6 4.58937E-6 3.48581E-6 3.33014E-6 4.14718E-6 4.13615E-6 4.97062E-6 3.77763E-6 4.30877E-6 4.17402E-6 3.08938E-6 3.02648E-6 3.2502E-6 4.04992E-6 4.76447E-6 5.0839E-6 5.40947E-6 5.84331E-6 -9999 -9999 -9999 2.28682E-6 1.86818E-6 -9999 -9999 -9999 -9999 -9999 -9999 -9999 -9999 -9999
-9999 -9999 -9999 -9999 -9999 -9999 -9999 -9999 -9999 -9999 -9999 7.49799E-6 7.45497E-6 1.55664E-5 7.67705E-6 5.5242E-6 2.90879E-6 5.00957E-6 5.7639E-6 6.28065E-6 5.06963E-6 8.93127E-6 6.46089E-6 3.98808E-6 2.18944E-6 2.19195E-6 4.20099E-6 4.75755E-6 3.92497E-6 3.6605E-6 3.39289E-6 3.30884E-6 2.82263E-6 2.94154E-6 4.78124E-6 5.81362E-6 5.72479E-6 5.27233E-6 4.69252E-6 3.50675E-6 3.29339E-6 3.49573E-6 3.99818E-6 4.59159E-6 4.84413E-6 5.10051E-6 4.80973E-6 4.14575E-6 -9999 -9999 -9999 2.13352E-6 1.86415E-6 -9999 -9999 -9999 -9999 -9999 -9999 -9999 -9999
-9999 -9999 -9999 -9999 -9999 -9999 -9999 -9999 -9999 -9999 -9999 6.77884E-6 5.20615E-6 5.20976E-6 3.8758E-6 2.17407E-6 1.70234E-6 3.56715E-6 3.3886E-6 6.1985E-6 6.17634E-6 7.52756E-6 5.74306E-6 4.29039E-6 2.01995E-6 2.46512E-6 4.15578E-6 5.92803E-6 6.54598E-6 5.4614E-6 3.32066E-6 3.04324E-6 2.73589E-6 2.81376E-6 4.67533E-6 5.40968E-6 5.01206E-6 4.91563E-6 4.34677E-6 3.66955E-6 3.45816E-6 3.7751E-6 4.18878E-6 4.53512E-6 4.12568E-6 4.45995E-6 3.96111E-6 3.80259E-6 3.89792E-6 -9999 -9999 2.46149E-6 2.29093E-6 2.07393E-6 2.18093E-6 -9999 -9999 -9999 -9999 -9999 -9999
-9999 -9999 -9999 -9999 -9999 -9999 -9999 -9999 -9999 -9999 1.03266E-5 8.01883E-6 9.69438E-6 3.79406E-6 2.49495E-6 1.83833E-6 1.902E-6 1.84274E-6 2.75585E-6 6.00461E-6 1.09821E-5 7.48934E-6 4.91175E-6 5.58155E-6 2.43659E-6 2.9575E-6 3.08787E-6 3.51799E-6 5.82357E-6 3.29039E-6 3.44493E-6 2.68894E-6 4.13807E-6 3.67254E-6 5.76563E-6 6.82877E-6 6.86945E-6 6.58109E-6 6.62908E-6 4.5177E-6 3.83804E-6 4.00712E-6 4.26534E-6 4.19306E-6 3.80645E-6 3.61937E-6 3.56182E-6 3.79586E-6 3.9366E-6 3.48295E-6 3.10171E-6 3.59225E-6 -9999 -9999 2.27106E-6 2.08252E-6 -9999 -9999 -9999 -9999 -9999
-9999 -9999 -9999 -9999 -9999 -9999 -9999 -9999 -9999 1.37128E-5 1.19339E-5 8.36014E-6 5.926E-6 3.47954E-6 2.71674E-6 2.23923E-6 1.8844E-6 1.96349E-6 2.06305E-6 4.01659E-6 6.19091E-6 6.7393E-6 6.24398E-6 4.167E-6 2.32377E-6 2.78974E-6 3.52068E-6 3.2445E-6 3.63167E-6 3.72689E-6 5.43733E-6 3.60534E-6 3.67796E-6 5.23619E-6 5.87171E-6 6.48533E-6 6.77564E-6 9.60262E-6 1.00487E-5 8.53227E-6 4.18788E-6 4.27077E-6 4.537E-6 4.30347E-6 4.03545E-6 3.56481E-6 3.56643E-6 3.83179E-6 3.81848E-6 3.33032E-6 3.31588E-6 3.50271E-6 3.43669E-6 -9999 2.21734E-6 2.11241E-6 1.90466E-6 1.6534E-6 -9999 -9999 -9999
-9999 -9999 -9999 -9999 -9999 -9999 -9999 -9999 1.05427E-5 1.03458E-5 1.20944E-5 6.11792E-6 4.29689E-6 5.94628E-6 7.30277E-6 5.40987E-6 3.73466E-6 3.27728E-6 3.43336E-6 3.53539E-6 4.38353E-6 5.7989E-6 7.26308E-6 4.28342E-6 3.13501E-6 3.01855E-6 3.20924E-6 3.05235E-6 2.91111E-6 2.49183E-6 4.17625E-6 4.50651E-6 5.14823E-6 6.91862E-6 7.08791E-6 6.4695E-6 7.44045E-6 1.00195E-5 1.10563E-5 1.452E-5 7.11514E-6 4.96781E-6 4.65855E-6 4.49031E-6 3.9777E-6 3.68389E-6 3.97534E-6 4.21783E-6 3.7989E-6 3.42606E-6 3.3945E-6 3.59611E-6 3.62294E-6 3.64176E-6 2.43273E-6 2.20309E-6 1.81811E-6 1.62471E-6 1.43283E-6 1.32604E-6 1.25574E-6
-9999 -9999 -9999 -9999 -9999 -9999 -9999 -9999 5.61365E-6 4.38217E-6 6.15768E-6 6.16663E-6 4.75453E-6 7.4003E-6 9.66517E-6 1.41098E-5 6.82808E-6 5.90579E-6 5.80726E-6 3.92777E-6 4.49487E-6 4.79166E-6 4.76814E-6 5.73567E-6 4.119E-6 4.45756E-6 3.64341E-6 3.11078E-6 4.17023E-6 4.07559E-6 4.7879E-6 5.23579E-6 6.2124E-6 8.48918E-6 8.12252E-6 7.59941E-6 9.39828E-6 9.70042E-6 1.10712E-5 1.22674E-5 9.17199E-6 5.39196E-6 4.99673E-6 4.70307E-6 4.47947E-6 4.44845E-6 4.70404E-6 4.69165E-6 4.38686E-6 3.77027E-6 3.6198E-6 3.83365E-6 4.02009E-6 3.8317E-6 -9999 2.5026E-6 2.09096E-6 1.87929E-6 1.34701E-6 1.42549E-6 1.22759E-6
-9999 -9999 -9999 -9999 -9999 -9999 -9999 8.76019E-6 8.44589E-6 9.19475E-6 1.05268E-5 6.20082E-6 8.07704E-6 7.96997E-6 9.6441E-6 1.27293E-5 8.91878E-6 9.55965E-6 8.11869E-6 5.88463E-6 5.29472E-6 6.01568E-6 5.35998E-6 5.32185E-6 3.811E-6 5.63734E-6 6.11097E-6 4.72296E-6 6.17031E-6 5.84809E-6 5.70432E-6 6.22392E-6 7.55943E-6 9.83782E-6 1.12445E-5 1.48797E-5 7.59971E-6 1.0512E-5 9.06974E-6 1.34662E-5 7.65138E-6 5.69478E-6 5.29875E-6 5.20785E-6 5.40415E-6 5.23202E-6 4.9578E-6 4.58174E-6 4.45581E-6 4.39426E-6 4.07395E-6 4.21761E-6 -9999 -9999 -9999 -9999 -9999 -9999 -9999 -9999 -9999
-9999 -9999 -9999 -9999 -9999 -9999 1.50992E-5 1.75144E-5 1.15799E-5 9.15524E-6 1.36189E-5 1.69341E-5 9.82719E-6 1.32992E-5 9.997E-6 8.62402E-6 1.15797E-5 1.43579E-5 1.35258E-5 1.05088E-5 8.41508E-6 5.91922E-6 4.93279E-6 8.6576E-6 5.05186E-6 6.08694E-6 7.61335E-6 7.40821E-6 5.36319E-6 3.8639E-6 5.7629E-6 7.20241E-6 8.12976E-6 1.37528E-5 1.26601E-5 8.96625E-6 1.34329E-5 1.01279E-5 1.47927E-5 1.45082E-5 6.72007E-6 9.2692E-6 7.07605E-6 6.52526E-6 6.19813E-6 5.59244E-6 5.25768E-6 4.77834E-6 4.37926E-6 4.26111E-6 4.6434E-6 4.65486E-6 3.88447E-6 3.55462E-6 -9999 -9999 -9999 -9999 -9999 -9999 -9999
-9999 -9999 -9999 -9999 -9999 -9999 1.46103E-5 1.44522E-5 8.95486E-6 8.70923E-6 7.80946E-6 1.50435E-5 1.27785E-5 9.18691E-6 8.75751E-6 1.28839E-5 1.37532E-5 1.70469E-5 1.37171E-5 1.31236E-5 8.91433E-6 9.14481E-6 6.8061E-6 6.91856E-6 6.92847E-6 7.30784E-6 6.37312E-6 6.40123E-6 6.29848E-6 3.72659E-6 6.52449E-6 8.31719E-6 9.50882E-6 8.15008E-6 8.43368E-6 1.16039E-5 1.30612E-5 1.48597E-5 1.0852E-5 1.10814E-5 8.41543E-6 1.03566E-5 7.90263E-6 8.25509E-6 8.24851E-6 7.25528E-6 6.92695E-6 5.7531E-6 4.6555E-6 4.28165E-6 4.04323E-6 3.49631E-6 3.0572E-6 2.799E-6 2.62749E-6 2.38622E-6 1.95943E-6 1.67173E-6 1.74829E-6 1.66821E-6 1.32639E-6
-9999 -9999 -9999 -9999 -9999 1.2312E-5 1.01637E-5 1.02295E-5 7.68143E-6 1.83849E-5 1.83452E-5 1.3233E-5 8.71854E-6 9.89279E-6 8.47417E-6 8.67832E-6 1.06457E-5 1.72912E-5 1.17506E-5 1.23614E-5 1.44522E-5 1.28703E-5 9.85444E-6 9.64803E-6 9.96799E-6 7.47089E-6 5.85226E-6 3.82105E-6 5.64793E-6 5.10915E-6 3.88367E-6 8.83057E-6 1.31483E-5 1.44081E-5 1.24464E-5 1.107E-5 1.40229E-5 -9999 -9999 1.17737E-5 -9999 -9999 -9999 1.2844E-5 9.4614E-6 6.95901E-6 6.06619E-6 5.02487E-6 4.20738E-6 4.29871E-6 3.8088E-6 2.95065E-6 2.6468E-6 2.45269E-6 2.29442E-6 2.04301E-6 1.70202E-6 1.56418E-6 1.53065E-6 1.47157E-6 1.45254E-6
-9999 -9999 -9999 -9999 1.05149E-5 8.88416E-6 8.796E-6 8.84827E-6 1.00355E-5 1.38128E-5 1.41686E-5 1.23502E-5 1.21602E-5 8.59732E-6 8.74364E-6 1.13013E-5 1.19753E-5 1.37175E-5 1.2405E-5 1.3982E-5 1.94562E-5 1.2721E-5 1.05769E-5 1.23653E-5 9.91136E-6 1.0164E-5 6.54397E-6 5.58934E-6 4.60197E-6 3.71762E-6 6.98042E-6 1.10107E-5 1.42035E-5 1.39786E-5 7.36093E-6 1.26671E-5 1.30437E-5 1.65043E-5 2.43033E-5 1.51711E-5 2.68537E-5 -9999 1.20752E-5 1.44355E-5 8.5447E-6 6.33316E-6 6.70312E-6 6.3728E-6 5.0976E-6 5.49531E-6 4.39932E-6 3.04434E-6 2.84801E-6 2.53106E-6 2.06098E-6 1.62854E-6 1.38782E-6 1.39876E-6 1.23505E-6 1.2377E-6 1.32836E-6
-9999 -9999 -9999 1.66239E-5 2.43219E-5 1.92768E-5 1.15564E-5 1.13861E-5 1.20385E-5 2.04378E-5 1.49423E-5 1.57939E-5 1.91526E-5 1.04726E-5 1.38253E-5 9.09047E-6 1.15842E-5 1.36971E-5 1.72405E-5 1.74509E-5 1.16992E-5 6.48269E-6 1.05143E-5 1.14156E-5 7.93414E-6 7.17437E-6 6.78754E-6 6.19847E-6 6.02999E-6 4.04012E-6 6.30787E-6 1.31286E-5 1.27999E-5 9.41003E-6 9.32742E-6 1.54822E-5 1.59154E-5 1.42808E-5 1.46658E-5 1.15452E-5 2.08439E-5 1.50958E-5 -9999 -9999 7.39824E-6 7.93779E-6 1.39029E-5 1.19265E-5 6.84549E-6 5.07311E-6 6.41041E-6 3.78162E-6 2.8896E-6 2.66778E-6 2.14794E-6 1.59769E-6 1.45318E-6 1.33295E-6 1.28036E-6 1.23549E-6 1.40602E-6
-9999 -9999 -9999 4.1444E-6 1.98839E-5 2.33245E-5 1.65845E-5 2.27763E-5 4.10306E-5 1.91979E-5 1.57667E-5 1.8761E-5 1.09806E-5 1.05539E-5 1.85846E-5 1.08437E-5 1.37692E-5 1.74472E-5 1.62106E-5 9.71928E-6 7.77017E-6 5.84568E-6 4.93491E-6 6.60683E-6 7.29085E-6 8.25839E-6 8.37232E-6 9.4279E-6 6.34888E-6 5.90185E-6 6.69277E-6 9.31602E-6 1.0701E-5 9.4222E-6 9.053E-6 1.32749E-5 1.62328E-5 1.94668E-5 1.12734E-5 8.045E-6 -9999 -9999 -9999 -9999 -9999 1.6778E-5 1.86272E-5 1.07109E-5 6.16745E-6 5.14381E-6 5.17327E-6 7.40886E-6 2.89065E-6 2.72837E-6 1.82486E-6 1.40088E-6 1.50219E-6 1.58715E-6 1.80428E-6 1.87644E-6 2.18334E-6
