Candidate_Models_Sept202022/M_0.6_F_lqp_Set_1_all/Bison.asc
ncols         97
nrows         127
xllcorner     -2197417.7431653
yllcorner     -584827.01486885
cellsize      30000.0
NODATA_value  -9999
[rows 81 to 107 of 127, columns 0 to 60 of 97]
-9999 -9999 -9999 -9999 -9999 -9999 -9999 -9999 -9999 -9999 -9999 1.08391E-6 2.90387E-7 5.62667E-7 5.32494E-6 2.37164E-6 1.5008E-6 5.13444E-7 8.28238E-7 6.28161E-6 3.98999E-6 2.43331E-5 1.65509E-5 2.68291E-5 6.97923E-5 1.27006E-4 4.37647E-5 3.90195E-5 6.23804E-5 8.03527E-6 7.37258E-6 3.44563E-6 8.97488E-6 2.66861E-5 2.49692E-5 3.30788E-5 2.55323E-5 2.11168E-4 4.90993E-4 1.24951E-3 2.73102E-3 8.92936E-4 7.85976E-4 1.30672E-3 8.98374E-4 3.96679E-4 3.24738E-4 3.14768E-4 3.40514E-4 4.17791E-4 4.80827E-4 6.72548E-4 7.25147E-4 6.63081E-4 6.35721E-4 3.55462E-4 4.71504E-4 5.02938E-4 4.25821E-4 3.49969E-4 3.46456E-4
-9999 -9999 -9999 -9999 -9999 -9999 -9999 -9999 -9999 -9999 -9999 -9999 6.57389E-7 3.13782E-7 1.5971E-6 3.92771E-6 2.14624E-6 4.90434E-6 1.55685E-6 7.77123E-7 1.31409E-6 3.81757E-6 3.77606E-6 1.23656E-5 1.11094E-4 1.23265E-4 2.94244E-5 4.44083E-5 9.20126E-5 1.12076E-5 5.73174E-6 4.85906E-6 5.80645E-6 1.51043E-5 4.25751E-5 5.37486E-5 3.89959E-5 5.86889E-5 1.66987E-4 7.59578E-4 2.29378E-3 9.17635E-4 8.10718E-4 9.73024E-4 7.34066E-4 3.81918E-4 2.84492E-4 3.71188E-4 4.20153E-4 6.24487E-4 6.39381E-4 6.80335E-4 7.56743E-4 6.72597E-4 5.57131E-4 5.28058E-4 4.77979E-4 3.89315E-4 3.67057E-4 3.14788E-4 4.13327E-4
-9999 -9999 -9999 -9999 -9999 -9999 -9999 -9999 -9999 -9999 -9999 -9999 -9999 8.49751E-7 2.52413E-7 1.05319E-6 1.55209E-6 7.02623E-6 1.29668E-4 3.3648E-6 1.57454E-6 2.68372E-6 1.85286E-6 8.15186E-6 2.90674E-5 2.34341E-5 1.92154E-5 5.87228E-5 1.47137E-5 1.1198E-5 4.9945E-6 4.786E-6 4.17729E-6 7.87282E-6 3.02798E-5 1.11498E-4 4.20332E-5 4.05941E-5 7.68172E-5 6.56304E-4 1.28874E-3 1.18637E-3 8.82524E-4 7.01361E-4 5.45925E-4 3.40057E-4 3.54502E-4 4.01281E-4 4.57226E-4 5.51222E-4 5.9109E-4 5.96085E-4 8.01064E-4 7.09925E-4 6.03944E-4 5.29228E-4 6.52337E-4 5.09042E-4 3.29998E-4 3.50361E-4 3.71251E-4
-9999 -9999 -9999 -9999 -9999 -9999 -9999 -9999 -9999 -9999 -9999 -9999 -9999 8.66417E-7 4.48234E-7 1.08884E-6 3.70507E-6 -9999 1.68488E-5 4.42292E-5 5.86589E-5 1.78604E-5 4.23452E-6 4.97106E-6 5.18472E-5 2.60863E-5 4.9767E-5 3.43928E-5 1.64666E-5 9.85186E-6 8.88074E-6 5.90828E-6 4.65847E-6 8.76409E-6 2.13121E-5 4.2924E-5 3.30864E-5 4.29929E-5 5.49211E-5 3.71479E-4 6.5678E-4 7.82067E-4 8.07722E-4 4.23412E-4 5.09185E-4 6.85313E-4 5.81707E-4 6.16512E-4 4.1785E-4 5.20278E-4 5.4827E-4 5.02225E-4 5.73417E-4 5.13738E-4 5.22562E-4 3.11055E-4 5.24613E-4 6.43513E-4 4.32628E-4 4.05051E-4 5.29349E-4
-9999 -9999 -9999 -9999 -9999 -9999 -9999 -9999 -9999 -9999 -9999 -9999 -9999 1.88781E-6 9.1892E-7 6.69119E-7 3.44306E-6 -9999 2.5905E-5 1.51901E-4 3.79989E-5 4.83881E-6 1.66769E-6 6.02552E-6 1.82559E-5 3.22126E-5 6.39061E-5 1.9232E-5 1.525E-5 9.0301E-6 6.52709E-6 4.24921E-6 7.85809E-6 1.21721E-5 2.01487E-5 3.58266E-5 4.65723E-5 5.80655E-5 1.13794E-4 1.26646E-4 4.12067E-4 5.62685E-4 7.57964E-4 5.13489E-4 4.2342E-4 6.6964E-4 3.97026E-4 3.54785E-4 4.2027E-4 6.31502E-4 5.29314E-4 3.47112E-4 5.01358E-4 7.43649E-4 6.13952E-4 5.26168E-4 7.63464E-4 3.9106E-4 3.79494E-4 3.7394E-4 3.52052E-4
-9999 -9999 -9999 -9999 -9999 -9999 -9999 -9999 -9999 -9999 -9999 -9999 -9999 8.77207E-7 1.5485E-6 1.24925E-6 2.13415E-6 -9999 1.81161E-6 2.22625E-5 3.96586E-6 2.40171E-6 3.6885E-6 5.86128E-6 2.29752E-5 5.75589E-5 1.05693E-4 2.13958E-5 1.3508E-5 6.66363E-6 1.12509E-5 1.22673E-5 1.02601E-5 9.08891E-6 1.3689E-5 8.01022E-5 2.15352E-5 5.36447E-5 5.76052E-5 2.06965E-4 3.16042E-4 5.00956E-4 5.931E-4 5.7867E-4 5.57124E-4 4.5612E-4 3.25651E-4 3.80242E-4 4.70351E-4 6.46018E-4 4.70167E-4 2.66551E-4 3.84745E-4 7.19892E-4 6.36727E-4 6.22689E-4 6.15082E-4 2.94509E-4 3.29113E-4 3.50144E-4 5.21703E-4
-9999 -9999 -9999 -9999 -9999 -9999 -9999 -9999 -9999 -9999 -9999 -9999 -9999 1.24592E-6 7.50506E-7 9.67096E-7 1.61864E-5 -9999 1.11077E-5 2.26071E-5 3.1471E-6 1.72203E-6 1.29948E-5 3.17789E-5 3.55181E-5 8.41771E-5 3.20547E-4 9.53826E-5 5.75358E-5 1.00943E-5 2.13428E-5 4.5222E-6 2.07409E-6 1.17115E-5 2.82752E-5 4.49882E-5 4.0669E-5 3.19444E-5 3.71852E-4 3.53312E-4 2.27371E-4 4.46113E-4 9.76879E-4 5.78519E-4 4.94326E-4 4.8622E-4 6.15259E-4 7.46812E-4 5.32202E-4 3.86388E-4 2.81163E-4 2.307E-4 3.93018E-4 5.7508E-4 8.24878E-4 7.45439E-4 5.02981E-4 3.55359E-4 3.36903E-4 3.3803E-4 4.09985E-4
-9999 -9999 -9999 -9999 -9999 -9999 -9999 -9999 -9999 -9999 -9999 -9999 -9999 6.07092E-7 4.47619E-7 6.42809E-7 1.27665E-6 2.40593E-6 2.64122E-6 3.56856E-5 1.63134E-6 1.02842E-6 1.28154E-5 3.74461E-5 1.03675E-4 2.67748E-4 1.66448E-4 5.01791E-5 2.35368E-5 2.55393E-5 1.69192E-5 7.40825E-6 4.644E-6 6.73638E-5 1.45172E-5 1.34558E-5 3.56699E-5 1.48771E-5 3.36184E-5 2.60244E-4 2.39589E-4 5.60774E-4 5.43367E-4 5.96365E-4 5.68422E-4 5.21305E-4 4.45832E-4 3.60658E-4 6.45604E-4 6.2209E-4 4.14884E-4 3.79613E-4 7.97527E-4 7.5948E-4 7.77025E-4 7.04453E-4 5.88152E-4 5.01432E-4 5.65404E-4 3.29016E-4 3.65187E-4
-9999 -9999 -9999 -9999 -9999 -9999 -9999 -9999 -9999 -9999 -9999 -9999 -9999 9.07883E-7 5.23496E-7 4.34594E-7 1.80183E-6 1.27761E-6 2.62356E-6 1.11671E-5 5.80341E-6 2.34105E-6 7.08627E-6 5.17215E-5 2.81035E-4 1.79048E-4 5.25204E-5 2.53401E-5 1.82784E-5 1.05626E-4 1.04415E-5 1.03953E-5 9.36194E-6 7.74161E-5 9.13559E-6 1.29244E-5 4.94337E-5 9.35342E-6 1.08387E-5 2.16518E-5 2.17709E-4 4.54764E-4 4.5041E-4 6.75502E-4 6.27771E-4 5.39735E-4 6.01528E-4 3.18531E-4 2.44706E-4 3.62101E-4 4.17329E-4 3.25383E-4 6.37253E-4 7.55442E-4 8.26711E-4 6.74334E-4 5.46304E-4 6.10259E-4 5.46463E-4 5.9671E-4 4.04692E-4
-9999 -9999 -9999 -9999 -9999 -9999 -9999 -9999 -9999 -9999 -9999 -9999 -9999 1.18895E-6 1.04965E-6 1.2393E-6 7.84831E-7 1.10357E-6 1.96302E-6 2.50217E-5 1.72395E-6 4.31648E-6 1.79289E-5 2.62621E-4 5.39363E-4 1.46808E-4 1.34151E-4 2.29713E-5 3.67816E-5 7.12498E-5 2.37135E-5 1.31471E-5 2.94167E-5 1.5428E-5 9.37175E-6 1.1333E-5 1.82885E-5 1.01103E-5 2.61001E-5 1.67047E-5 1.17478E-4 1.83189E-4 6.89739E-4 4.5484E-4 6.0415E-4 7.11572E-4 3.34947E-4 3.61631E-4 2.97801E-4 5.8599E-4 5.04208E-4 3.48281E-4 6.13392E-4 5.22315E-4 5.4448E-4 5.58067E-4 5.2159E-4 5.83911E-4 6.55976E-4 6.10967E-4 4.80522E-4
-9999 -9999 -9999 -9999 -9999 -9999 -9999 -9999 -9999 -9999 -9999 -9999 -9999 1.90265E-6 2.64204E-6 2.61213E-6 1.50244E-6 1.50381E-6 1.77498E-5 1.51001E-5 4.19924E-6 8.36046E-6 9.06729E-5 5.45166E-4 2.34499E-4 1.2407E-4 2.7241E-4 1.63777E-4 4.90478E-5 3.88488E-5 4.61678E-5 2.54787E-5 3.38166E-5 1.79331E-5 5.17765E-6 2.64152E-5 2.91323E-5 3.82627E-5 7.28514E-5 2.0452E-5 4.34477E-5 1.54213E-4 5.42358E-4 7.08902E-4 2.90406E-4 3.2184E-4 4.4292E-4 3.96562E-4 5.1433E-4 3.58418E-4 2.79141E-4 3.04913E-4 4.3118E-4 4.77706E-4 4.99701E-4 3.25471E-4 3.18959E-4 3.8997E-4 5.29129E-4 4.51523E-4 3.66382E-4
-9999 -9999 -9999 -9999 -9999 -9999 -9999 -9999 -9999 -9999 -9999 -9999 -9999 1.46403E-6 1.00106E-6 5.38595E-6 5.0801E-6 5.79664E-6 9.63108E-6 4.14551E-6 9.06923E-6 3.10325E-5 6.8555E-5 1.41735E-4 1.50056E-4 1.11047E-4 1.91476E-4 1.93318E-4 2.47545E-4 1.529E-4 8.79813E-5 5.21309E-5 1.13732E-5 5.21922E-6 5.80679E-6 1.77146E-5 7.01663E-5 1.53011E-4 3.87454E-4 1.55251E-5 3.61685E-5 3.29711E-4 4.01574E-4 6.01854E-4 3.68585E-4 4.01969E-4 4.60324E-4 4.21138E-4 3.96902E-4 3.65085E-4 2.83317E-4 3.44827E-4 4.72133E-4 5.01308E-4 4.88016E-4 4.16058E-4 3.12639E-4 5.68917E-4 4.45227E-4 4.44561E-4 4.18121E-4
-9999 -9999 -9999 -9999 -9999 -9999 -9999 -9999 -9999 -9999 -9999 -9999 1.89407E-6 1.21619E-6 2.31736E-6 7.23084E-6 8.68392E-6 6.35444E-6 6.19756E-6 1.9377E-6 8.57331E-6 1.59397E-4 1.72612E-4 1.88438E-4 5.47828E-5 1.01956E-4 1.49332E-4 1.84229E-4 1.88527E-4 1.04513E-4 2.27515E-4 4.09281E-5 7.67995E-6 4.9366E-6 9.27106E-6 1.00604E-5 4.97626E-5 1.7835E-4 3.6715E-5 1.48192E-5 1.03119E-5 1.76451E-4 4.30666E-4 5.25004E-4 4.23312E-4 4.54848E-4 4.0325E-4 3.39865E-4 2.90021E-4 6.43071E-4 3.30726E-4 3.11169E-4 3.62968E-4 3.97297E-4 4.26345E-4 4.0217E-4 3.55297E-4 6.8926E-4 4.3565E-4 3.69092E-4 4.96564E-4
-9999 -9999 -9999 -9999 -9999 -9999 -9999 -9999 -9999 -9999 -9999 -9999 6.06632E-6 2.88116E-6 2.55352E-6 5.33693E-6 4.29272E-6 5.57718E-6 3.53351E-6 4.87518E-6 4.01416E-5 2.01191E-4 4.05696E-5 1.27312E-4 1.02391E-4 9.17569E-5 8.92991E-5 1.22092E-4 1.48484E-4 1.67902E-4 1.47791E-4 6.76479E-5 1.31588E-5 1.79707E-5 5.11493E-6 1.43827E-5 1.28677E-4 4.18707E-4 5.92651E-5 1.02441E-5 1.4119E-5 1.49254E-4 2.58952E-4 3.2662E-4 3.12152E-4 3.67469E-4 2.64464E-4 3.00859E-4 3.97086E-4 4.84534E-4 3.53422E-4 2.6924E-4 2.44268E-4 3.12494E-4 3.40993E-4 3.37708E-4 3.31565E-4 3.9781E-4 4.27987E-4 3.34317E-4 3.53336E-4
-9999 -9999 -9999 -9999 -9999 -9999 -9999 -9999 -9999 -9999 -9999 -9999 1.99127E-6 1.8801E-6 2.53702E-6 6.01214E-6 2.87905E-6 2.85246E-6 2.22276E-6 1.56184E-5 7.39202E-5 8.07709E-5 6.88224E-5 2.32696E-5 3.99098E-5 7.37327E-5 1.39082E-4 8.97909E-5 1.25592E-4 1.42704E-4 1.90719E-4 1.85091E-5 8.85085E-6 5.183E-6 4.96622E-6 1.15221E-5 9.49264E-5 3.93204E-4 8.14659E-5 1.8125E-5 1.72253E-5 2.80592E-4 2.58465E-4 3.62614E-4 2.58805E-4 2.68492E-4 2.43825E-4 2.29152E-4 3.66541E-4 7.41832E-4 5.39793E-4 6.2442E-4 3.2871E-4 2.38927E-4 3.29348E-4 4.69608E-4 5.28063E-4 6.36944E-4 3.61073E-4 3.33929E-4 4.61297E-4
-9999 -9999 -9999 -9999 -9999 -9999 -9999 -9999 -9999 -9999 -9999 -9999 7.22845E-6 1.9852E-6 1.12558E-5 1.14904E-5 1.30414E-5 1.01417E-6 6.25629E-6 1.07782E-5 2.58326E-5 5.073E-5 5.99904E-5 6.85394E-5 3.69411E-5 4.83034E-5 8.24668E-5 9.24858E-5 1.97202E-4 3.43273E-4 1.86938E-4 4.4683E-5 1.15779E-5 7.05871E-6 4.78405E-6 5.00123E-6 2.96758E-5 1.57094E-4 2.24514E-5 3.97687E-5 2.87555E-5 2.16285E-4 2.80004E-4 3.71043E-4 3.1505E-4 3.32794E-4 3.80921E-4 2.33538E-4 2.95313E-4 5.36569E-4 5.32794E-4 4.79483E-4 5.21334E-4 3.18547E-4 7.30657E-4 5.48047E-4 7.9989E-4 4.55132E-4 2.83431E-4 3.1989E-4 3.10038E-4
-9999 -9999 -9999 -9999 -9999 -9999 -9999 -9999 -9999 -9999 -9999 2.50968E-6 2.28539E-6 1.31582E-5 1.07098E-5 3.55251E-6 9.66571E-6 4.54833E-6 2.19796E-5 1.53104E-4 7.32244E-5 4.21343E-5 7.20105E-5 6.5081E-5 2.26551E-5 4.62044E-5 8.02534E-5 2.6554E-4 2.20183E-4 3.71821E-4 4.90519E-4 2.76591E-4 1.18349E-5 1.4106E-5 6.63575E-6 7.5338E-6 2.08676E-5 4.61179E-4 1.82124E-4 8.57049E-5 2.41042E-4 8.21468E-5 6.24741E-4 4.15855E-4 4.61835E-4 6.71055E-4 3.68367E-4 1.55016E-4 2.55859E-4 3.54865E-4 3.04379E-4 2.24632E-4 4.31614E-4 6.58717E-4 3.47382E-4 2.98417E-4 2.73928E-4 3.1146E-4 3.24571E-4 3.73454E-4 2.96341E-4
-9999 -9999 -9999 -9999 -9999 -9999 -9999 -9999 -9999 -9999 -9999 1.5413E-6 6.3381E-6 2.38646E-5 1.39126E-5 1.43649E-5 7.49145E-6 4.42616E-6 5.8216E-5 1.33828E-4 1.08415E-4 2.61656E-5 2.60899E-5 3.08161E-5 6.63368E-5 9.15081E-5 1.15371E-4 1.75644E-5 1.22292E-5 6.91328E-4 3.98342E-4 5.52254E-4 1.27541E-4 9.01885E-6 8.97739E-6 6.59572E-6 1.7118E-5 6.42864E-4 3.84792E-5 3.89716E-4 2.57673E-4 1.49651E-4 8.3271E-4 3.78155E-4 4.27197E-4 7.21237E-5 5.17172E-5 3.3617E-4 2.34663E-4 5.28186E-4 3.32468E-4 2.01175E-4 3.66015E-4 4.52043E-4 2.11732E-4 2.37086E-4 2.19984E-4 2.36829E-4 2.93474E-4 3.18759E-4 3.30473E-4
-9999 -9999 -9999 -9999 -9999 -9999 -9999 -9999 -9999 -9999 8.36786E-7 7.89575E-7 7.66264E-6 2.02173E-5 5.70719E-5 3.47534E-6 2.15865E-6 7.2932E-6 4.71329E-5 3.39042E-5 4.54933E-5 7.23066E-5 7.69925E-5 6.60288E-5 7.85727E-5 2.08356E-4 7.68079E-5 1.28437E-5 3.88696E-5 1.18909E-4 1.16377E-4 7.59452E-4 2.32589E-4 6.46587E-6 1.3716E-5 1.18032E-5 8.53248E-5 6.68676E-4 6.66092E-5 2.07241E-4 8.37001E-4 2.14321E-4 6.16104E-4 7.12218E-4 3.34538E-4 5.09319E-4 1.36756E-4 3.4313E-4 3.78961E-4 1.34462E-4 3.10701E-4 1.70997E-4 1.71155E-4 1.92978E-4 2.08771E-4 2.19356E-4 2.18612E-4 2.72753E-4 2.47324E-4 2.40724E-4 2.58597E-4
-9999 -9999 -9999 -9999 -9999 -9999 -9999 -9999 -9999 -9999 5.37071E-7 4.56632E-7 1.48833E-5 2.31384E-5 1.09394E-5 2.95401E-6 2.66831E-6 1.50604E-5 1.69428E-5 2.17516E-5 2.27758E-5 5.0583E-5 5.95113E-5 6.84113E-5 7.11569E-5 6.42953E-5 1.05512E-4 9.35579E-5 1.61947E-4 1.87247E-4 7.4577E-5 7.01902E-5 1.70112E-5 1.2811E-5 1.18787E-5 1.33189E-5 1.06823E-4 2.02957E-4 8.4255E-5 3.16295E-4 1.05481E-3 6.15017E-5 1.69889E-4 5.4842E-4 3.89177E-4 2.75318E-4 3.11635E-4 1.92642E-4 1.61635E-4 2.20161E-4 1.54984E-4 2.02069E-4 1.72992E-4 1.81979E-4 2.45625E-4 3.14176E-4 2.50702E-4 2.50768E-4 2.78388E-4 2.88477E-4 2.9354E-4
-9999 -9999 -9999 -9999 -9999 -9999 -9999 -9999 -9999 -9999 3.89656E-7 4.74977E-7 1.5992E-5 1.34695E-5 2.49406E-6 2.43967E-6 4.06943E-6 1.60383E-5 4.01221E-5 2.38398E-5 1.70848E-5 2.07687E-5 2.27352E-5 2.73725E-5 5.5297E-5 3.63885E-5 1.98256E-4 3.55002E-5 1.73682E-4 1.86299E-4 4.34787E-5 2.17315E-5 2.07649E-5 2.03039E-5 2.22261E-5 2.76121E-5 9.57758E-5 1.04522E-4 2.11999E-4 1.50582E-4 5.4629E-4 3.16129E-4 5.66079E-4 4.84505E-4 5.19945E-4 4.47047E-4 1.11538E-4 1.93069E-4 1.90313E-4 1.94274E-4 2.86048E-4 3.44064E-4 3.36662E-4 2.04436E-4 2.40544E-4 1.80378E-4 1.80338E-4 2.02443E-4 3.44104E-4 2.75993E-4 2.10656E-4
-9999 -9999 -9999 -9999 -9999 -9999 -9999 -9999 -9999 3.81862E-7 2.90949E-7 5.71027E-7 1.7054E-5 4.14927E-6 1.05618E-6 1.26402E-6 8.74246E-6 3.90094E-5 5.06166E-5 1.40067E-5 1.88878E-5 2.49624E-5 2.89503E-5 3.41267E-5 2.22473E-5 2.0682E-5 3.15541E-4 4.61363E-5 3.62428E-5 2.62432E-5 2.81689E-5 4.51665E-5 5.55836E-5 6.37089E-5 5.91742E-5 7.20366E-5 8.58436E-5 1.02226E-4 5.29365E-4 1.17139E-4 7.40763E-4 5.53609E-4 8.79427E-4 3.05249E-4 5.26162E-4 2.75739E-4 3.56705E-4 2.92146E-4 2.45731E-4 1.72067E-4 1.68336E-4 2.12347E-4 2.11963E-4 3.27998E-4 4.31227E-4 3.9973E-4 2.95708E-4 2.80528E-4 2.17563E-4 2.77466E-4 2.72009E-4
-9999 -9999 -9999 -9999 -9999 -9999 -9999 -9999 -9999 6.11014E-7 3.60181E-7 6.79339E-7 2.88244E-6 9.66533E-7 8.37483E-7 1.66641E-6 1.03486E-5 2.65235E-5 3.95921E-5 2.48521E-5 5.03809E-5 2.53277E-5 2.54459E-5 3.16854E-5 2.69383E-5 4.33693E-5 1.98369E-4 1.55676E-4 1.24069E-4 6.89733E-5 6.81198E-5 9.60575E-5 4.72391E-5 8.28869E-5 2.44792E-4 3.54495E-4 1.31704E-4 4.8634E-4 3.96181E-4 4.77774E-4 9.99617E-4 1.1258E-3 2.99637E-4 4.18616E-4 7.74852E-4 6.67409E-4 6.07601E-4 2.12925E-4 3.79234E-4 3.84863E-4 3.84366E-4 3.98857E-4 2.2885E-4 3.47804E-4 3.60855E-4 4.89306E-4 3.54093E-4 2.76689E-4 2.99703E-4 1.98848E-4 1.67676E-4
-9999 -9999 -9999 -9999 -9999 -9999 -9999 -9999 5.38284E-7 4.2936E-7 1.14328E-6 8.66981E-6 8.98162E-7 1.08016E-6 1.76333E-6 9.7534E-6 1.36316E-5 2.40998E-5 3.13646E-5 3.19695E-5 5.08445E-5 5.32557E-5 3.34412E-5 4.86622E-5 3.47946E-5 1.41658E-4 1.1315E-4 1.93481E-4 1.04607E-4 1.68127E-4 1.17128E-4 9.27548E-5 3.77429E-5 1.15922E-4 2.28558E-4 1.29211E-4 1.53471E-4 6.41513E-4 4.66681E-4 1.47676E-3 1.14788E-3 7.31407E-4 4.01893E-4 2.01316E-4 7.75604E-5 3.50448E-4 5.83929E-5 1.79323E-4 2.61918E-4 4.61264E-4 2.99148E-4 2.84525E-4 1.59675E-4 2.1284E-4 2.18605E-4 5.64723E-4 5.12167E-4 4.94447E-4 3.08324E-4 1.95111E-4 2.08428E-4
-9999 -9999 -9999 -9999 -9999 -9999 -9999 1.0774E-6 7.97859E-7 4.98958E-7 4.29055E-6 9.04457E-6 8.81821E-7 1.1177E-6 3.31795E-6 2.21959E-5 2.74432E-5 3.35859E-5 4.61812E-5 5.01591E-5 5.76351E-5 4.26448E-5 4.25939E-5 5.31414E-5 4.28548E-5 8.48718E-5 8.23889E-5 2.42499E-4 2.988E-4 2.64361E-4 1.03273E-4 7.81169E-5 5.07322E-5 7.17523E-5 1.44385E-4 1.86698E-4 9.68341E-4 7.61865E-4 9.064E-4 1.40062E-3 9.52384E-4 6.55917E-4 2.37263E-4 1.55954E-4 7.83575E-5 2.41216E-4 1.79998E-4 8.23523E-5 3.34078E-4 6.79166E-4 4.01451E-4 4.30225E-4 9.91353E-4 2.81827E-4 5.23029E-4 5.05349E-4 6.08517E-4 5.39922E-4 5.08197E-4 2.44553E-4 2.17113E-4
-9999 -9999 -9999 -9999 -9999 -9999 -9999 2.37804E-7 1.67251E-7 3.02766E-7 1.71451E-6 1.59385E-6 6.77123E-7 2.29952E-6 1.44068E-5 2.49097E-5 2.85326E-5 8.44854E-5 4.88306E-5 4.30228E-5 5.21288E-5 7.73036E-5 1.1393E-4 8.19044E-5 8.28903E-5 6.37083E-5 9.96886E-5 2.34627E-4 1.0683E-4 3.09102E-4 9.32628E-5 4.39848E-5 6.43442E-5 1.68307E-4 1.61947E-4 6.09591E-4 6.24956E-4 9.65944E-4 1.19619E-3 1.48344E-3 1.28979E-3 5.05013E-4 3.17695E-4 1.80804E-4 1.40655E-4 1.04162E-4 1.7486E-4 1.5363E-4 3.94627E-4 2.07646E-4 2.82462E-4 2.88749E-4 3.4346E-4 6.56963E-4 3.56614E-4 6.60028E-4 3.91427E-4 5.177E-4 5.29866E-4 2.64856E-4 2.22615E-4
-9999 -9999 -9999 -9999 -9999 -9999 -9999 3.92676E-7 4.00996E-7 3.87056E-7 2.17878E-6 2.37076E-6 2.15507E-6 2.6603E-6 2.53037E-5 2.4325E-5 3.45533E-5 8.26452E-5 4.68531E-5 4.10293E-5 5.17835E-5 5.69344E-5 1.76606E-4 1.05086E-4 5.83427E-5 5.13295E-5 5.02133E-5 2.36485E-4 6.89317E-5 1.51251E-4 2.07475E-4 5.08077E-5 2.65144E-4 3.66304E-4 3.28271E-4 4.88251E-4 9.72426E-4 7.83136E-4 1.06227E-3 6.79504E-4 4.65539E-4 3.44933E-4 2.22619E-4 7.75334E-5 6.87717E-5 1.00593E-4 1.31132E-4 7.51146E-5 2.90332E-4 7.17881E-4 5.19424E-4 4.46451E-4 5.11811E-4 2.00698E-4 5.59134E-4 5.39626E-4 3.00209E-4 5.07851E-4 3.62303E-4 2.21386E-4 2.89466E-4
