Candidate_Models_Sept202022/M_0.6_F_lqp_Set_1_all/Bison.asc
ncols         97
nrows         127
xllcorner     -2197417.7431653
yllcorner     -584827.01486885
cellsize      30000.0
NODATA_value  -9999
[rows 27 to 53 of 127, columns 0 to 60 of 97]
-9999 -9999 6.72091E-6 2.80519E-6 1.39226E-5 2.63257E-5 2.64278E-5 3.40582E-5 7.14484E-5 3.16372E-5 2.57738E-5 3.65175E-5 1.25001E-5 1.83687E-5 1.41228E-5 2.08226E-5 1.57188E-5 1.38028E-5 9.16943E-6 8.00269E-6 7.17346E-6 7.03688E-6 5.5321E-6 4.87566E-6 5.86931E-6 8.11344E-6 9.3139E-6 8.07335E-6 7.70917E-6 7.13794E-6 6.01632E-6 8.23523E-6 6.73441E-6 8.3833E-6 1.12153E-5 1.16978E-5 1.46208E-5 1.3105E-5 7.64889E-6 1.69431E-5 3.40996E-5 2.79173E-5 2.54505E-5 5.28166E-5 2.1289E-5 1.6647E-5 1.31413E-5 9.49478E-6 6.70058E-6 5.80535E-6 5.27484E-6 5.6758E-6 3.73092E-6 3.12346E-6 1.96216E-6 1.45558E-6 1.39391E-6 1.24324E-6 1.41625E-6 1.54691E-6 2.51318E-6
-9999 7.55973E-7 7.46592E-6 3.53243E-6 2.70006E-6 1.29841E-5 3.0593E-5 3.0681E-5 3.04121E-5 3.73227E-5 2.86319E-5 2.81305E-5 2.85171E-5 2.57312E-5 1.9687E-5 2.02509E-5 2.85192E-5 1.79926E-5 1.42388E-5 1.17541E-5 1.3974E-5 9.45959E-6 5.40305E-6 5.8002E-6 7.25953E-6 9.05521E-6 8.27752E-6 9.14097E-6 8.59142E-6 8.64692E-6 6.68547E-6 6.04108E-6 6.94541E-6 7.69501E-6 7.5734E-6 1.01317E-5 1.24752E-5 2.51231E-5 2.35623E-5 1.87695E-5 2.22602E-5 1.46928E-5 2.24159E-5 2.08137E-5 2.12757E-5 1.15991E-5 1.14778E-5 7.2917E-6 6.2766E-6 4.68363E-6 5.18501E-6 7.02708E-6 3.24155E-6 2.57493E-6 2.025E-6 1.59415E-6 1.37265E-6 1.24961E-6 1.34639E-6 1.57494E-6 1.37596E-6
-9999 1.15333E-7 3.11907E-7 2.96096E-6 3.97096E-6 1.24879E-5 2.04144E-5 3.30783E-5 4.24352E-5 4.02364E-5 2.62603E-5 3.50299E-5 3.09909E-5 2.61174E-5 2.56541E-5 1.6114E-5 2.02298E-5 2.1892E-5 2.34901E-5 1.65026E-5 9.97988E-6 6.47157E-6 7.91121E-6 6.37411E-6 1.17736E-5 9.81595E-6 9.98782E-6 9.58623E-6 8.12304E-6 8.33942E-6 7.19663E-6 6.76536E-6 9.2902E-6 7.87949E-6 7.32895E-6 8.64918E-6 9.5803E-6 1.56309E-5 1.40319E-5 1.90449E-5 2.16412E-5 2.10437E-5 2.23886E-5 1.76242E-5 1.05384E-5 1.18274E-5 8.38808E-6 6.53405E-6 4.7874E-6 4.78868E-6 4.55441E-6 4.20415E-6 2.94E-6 2.41202E-6 1.89363E-6 1.65502E-6 1.41146E-6 1.24841E-6 1.20441E-6 1.47237E-6 1.40931E-6
3.16907E-6 7.91237E-8 4.63383E-9 7.0543E-8 5.61693E-7 6.37334E-6 2.04218E-5 4.21071E-5 3.36859E-5 3.38898E-5 3.18155E-5 3.50518E-5 3.86217E-5 4.5247E-5 2.42783E-5 1.89962E-5 3.15553E-5 2.42928E-5 2.12812E-5 1.59006E-5 1.03728E-5 7.51996E-6 1.05199E-5 1.17228E-5 1.03101E-5 1.01755E-5 9.32094E-6 1.0137E-5 9.36083E-6 8.30534E-6 7.40407E-6 6.81391E-6 8.02884E-6 6.888E-6 9.05035E-6 1.01188E-5 1.00968E-5 1.23461E-5 1.80503E-5 1.96119E-5 2.04738E-5 1.71663E-5 1.57032E-5 1.91391E-5 1.18701E-5 9.84658E-6 8.50116E-6 6.25951E-6 4.61086E-6 3.34315E-6 2.88476E-6 3.18254E-6 3.06452E-6 2.73469E-6 2.21818E-6 1.84386E-6 1.4576E-6 1.313E-6 1.27413E-6 1.47687E-6 1.45759E-6
3.43104E-6 2.20096E-6 1.72725E-8 5.13338E-9 1.89173E-7 1.09772E-5 2.28659E-5 5.70344E-5 4.00448E-5 4.15917E-5 4.54729E-5 4.13904E-5 3.93525E-5 5.86638E-5 3.09226E-5 3.48867E-5 1.97474E-5 3.07973E-5 1.71629E-5 1.05828E-5 8.52814E-6 9.84441E-6 1.00183E-5 1.05079E-5 1.09635E-5 1.00425E-5 9.96645E-6 1.05545E-5 9.62714E-6 9.48785E-6 8.21483E-6 7.63523E-6 8.53032E-6 5.3091E-6 1.04485E-5 1.03479E-5 1.39457E-5 1.53746E-5 1.57885E-5 1.42E-5 1.6877E-5 1.66715E-5 1.58977E-5 1.30573E-5 1.05918E-5 8.31487E-6 7.59096E-6 6.93686E-6 5.22853E-6 3.3772E-6 3.09137E-6 3.30036E-6 2.88976E-6 2.78288E-6 2.38479E-6 1.92898E-6 1.57759E-6 1.52322E-6 1.40013E-6 1.51095E-6 1.48269E-6
3.05671E-6 7.41389E-6 1.23896E-6 3.16525E-8 7.27952E-8 8.89387E-6 3.35824E-5 4.29707E-5 4.29264E-5 4.49391E-5 4.56024E-5 4.19692E-5 3.90073E-5 3.63357E-5 3.00522E-5 2.32286E-5 1.99002E-5 1.73616E-5 1.70636E-5 1.38213E-5 1.1244E-5 1.01132E-5 9.94157E-6 1.18348E-5 1.67861E-5 1.14044E-5 1.09279E-5 1.90653E-5 1.14998E-5 8.58254E-6 7.34461E-6 7.49444E-6 6.69238E-6 6.34855E-6 8.4242E-6 1.14514E-5 1.46609E-5 1.17729E-5 1.14731E-5 1.16288E-5 1.06261E-5 1.64063E-5 1.5615E-5 1.67693E-5 1.37119E-5 7.81873E-6 6.86062E-6 6.49699E-6 6.21247E-6 3.74793E-6 3.56144E-6 3.3456E-6 2.80406E-6 2.80626E-6 2.48246E-6 1.87974E-6 1.7219E-6 1.65515E-6 1.70501E-6 1.55002E-6 1.58311E-6
-9999 1.88464E-6 4.49791E-6 2.82065E-6 2.12874E-7 1.20287E-5 2.12359E-5 4.42208E-5 3.65209E-5 2.95713E-5 4.50085E-5 4.9091E-5 3.8892E-5 3.45778E-5 1.7746E-5 1.63859E-5 9.85816E-6 8.88928E-6 1.70448E-5 1.74009E-5 1.40429E-5 1.76867E-5 1.17415E-5 1.17462E-5 1.34422E-5 1.73123E-5 1.5003E-5 1.80389E-5 1.69864E-5 1.11898E-5 9.64161E-6 8.6299E-6 8.22833E-6 8.86916E-6 9.79751E-6 1.18279E-5 1.43169E-5 1.4924E-5 1.22915E-5 1.56898E-5 1.3709E-5 1.20656E-5 1.52781E-5 1.4229E-5 1.21693E-5 8.0996E-6 7.81305E-6 1.00515E-5 8.08857E-6 5.73646E-6 4.79694E-6 4.15896E-6 3.38319E-6 3.28793E-6 2.54485E-6 2.23116E-6 2.3622E-6 1.81275E-6 1.76455E-6 1.58559E-6 1.71103E-6
-9999 -9999 1.43918E-6 2.24519E-6 1.18205E-6 1.60351E-5 8.62199E-6 2.06594E-5 2.97649E-5 3.98621E-5 3.34274E-5 9.09682E-5 3.01575E-5 2.79169E-5 1.8115E-5 1.50001E-5 1.17911E-5 9.02662E-6 1.08478E-5 1.77593E-5 1.91006E-5 1.17582E-5 1.22962E-5 1.1864E-5 2.26049E-5 1.53915E-5 1.69347E-5 2.48088E-5 1.51537E-5 1.29826E-5 8.81322E-6 7.89252E-6 1.09879E-5 1.07888E-5 1.22653E-5 1.08022E-5 1.16464E-5 1.205E-5 9.94888E-6 1.19594E-5 1.66656E-5 1.59017E-5 1.85388E-5 1.39519E-5 1.48818E-5 1.04431E-5 9.87439E-6 9.18883E-6 1.04267E-5 1.10769E-5 6.65004E-6 4.96946E-6 3.6802E-6 3.39255E-6 2.81426E-6 2.32889E-6 2.64811E-6 1.95019E-6 1.95518E-6 1.92219E-6 1.83125E-6
-9999 -9999 1.56835E-6 2.79894E-6 2.75639E-6 7.91586E-6 5.23742E-6 1.24444E-5 1.62034E-5 4.30378E-5 3.95126E-5 5.45756E-5 2.93308E-5 2.65239E-5 1.67883E-5 2.33878E-5 1.81951E-5 1.72551E-5 1.18162E-5 1.43031E-5 1.79681E-5 1.96328E-5 1.31073E-5 1.13843E-5 1.94791E-5 1.68023E-5 1.91579E-5 2.1136E-5 2.23152E-5 1.25367E-5 1.04804E-5 9.16247E-6 8.55855E-6 9.1877E-6 8.98832E-6 1.24946E-5 7.72412E-6 1.02245E-5 1.04562E-5 1.08283E-5 1.17475E-5 1.87136E-5 1.17659E-5 1.4947E-5 1.40378E-5 1.21722E-5 9.51214E-6 1.06382E-5 1.00913E-5 1.50289E-5 8.50339E-6 8.23515E-6 4.9318E-6 3.71907E-6 3.06479E-6 2.65595E-6 2.42099E-6 2.31484E-6 2.34766E-6 2.2149E-6 1.86353E-6
-9999 -9999 1.74207E-6 3.05452E-6 2.24431E-6 3.94804E-6 4.45884E-6 2.03041E-5 2.56905E-5 3.17235E-5 4.21279E-5 2.97505E-5 3.76725E-5 2.72434E-5 1.71116E-5 2.10097E-5 2.3062E-5 2.01205E-5 2.09971E-5 1.785E-5 1.9727E-5 2.0867E-5 1.35794E-5 1.76258E-5 1.34925E-5 1.41052E-5 1.86631E-5 1.67355E-5 1.85014E-5 1.54998E-5 1.09837E-5 8.29857E-6 7.46292E-6 9.68322E-6 1.19363E-5 1.30826E-5 8.32659E-6 8.86725E-6 9.75141E-6 9.40954E-6 1.06252E-5 1.17991E-5 1.0794E-5 8.15981E-6 1.47782E-5 1.38018E-5 1.11718E-5 1.40413E-5 1.20815E-5 1.41749E-5 8.59709E-6 6.86796E-6 5.07827E-6 4.02156E-6 3.84983E-6 3.1277E-6 2.83889E-6 2.53311E-6 2.85931E-6 2.46816E-6 2.17184E-6
-9999 -9999 -9999 2.31005E-6 5.63686E-6 1.68304E-5 1.06152E-5 1.67851E-5 1.92492E-5 1.31633E-5 1.71165E-5 3.50484E-5 4.07767E-5 3.09059E-5 1.94588E-5 1.9492E-5 2.0298E-5 1.79323E-5 2.10164E-5 2.18271E-5 1.99666E-5 1.82678E-5 1.2031E-5 2.03078E-5 2.57516E-5 1.60484E-5 2.23709E-5 1.98755E-5 1.46987E-5 1.21495E-5 1.01404E-5 1.15723E-5 8.43653E-6 1.03946E-5 1.21662E-5 1.20674E-5 1.12067E-5 8.99611E-6 7.64352E-6 9.70099E-6 8.9085E-6 1.04742E-5 1.38648E-5 1.41358E-5 1.6264E-5 1.31663E-5 1.22674E-5 1.41824E-5 1.06209E-5 8.82214E-6 7.79293E-6 7.4225E-6 6.84838E-6 5.1559E-6 4.88648E-6 4.0413E-6 3.78548E-6 3.13124E-6 2.56536E-6 2.57486E-6 2.43801E-6
-9999 -9999 -9999 8.11113E-7 2.67787E-6 3.8748E-5 2.08555E-5 2.55261E-5 3.84223E-5 3.10646E-5 1.08339E-5 3.03723E-5 2.80632E-5 2.82838E-5 2.92884E-5 2.15784E-5 1.50833E-5 2.14471E-5 1.80113E-5 1.92134E-5 1.24587E-5 1.15645E-5 1.15861E-5 1.71941E-5 2.0788E-5 2.22374E-5 2.03969E-5 1.4405E-5 9.30063E-6 1.04542E-5 1.07071E-5 1.14689E-5 1.0043E-5 1.17663E-5 1.17455E-5 1.17657E-5 1.13672E-5 1.30327E-5 1.62825E-5 1.11984E-5 9.95299E-6 1.14549E-5 1.25379E-5 9.90316E-6 1.5729E-5 1.48709E-5 1.42724E-5 1.60013E-5 1.54513E-5 1.3455E-5 7.35941E-6 1.29782E-5 8.52108E-6 7.44192E-6 5.68933E-6 4.15876E-6 3.88144E-6 3.3489E-6 3.17577E-6 2.73546E-6 2.52214E-6
-9999 -9999 -9999 2.77203E-7 1.22036E-6 7.79167E-6 1.58665E-5 2.03688E-5 2.46487E-5 3.28078E-5 1.50085E-5 1.87149E-5 3.11298E-5 2.73427E-5 2.17761E-5 2.24124E-5 1.42659E-5 2.11488E-5 1.87764E-5 2.01936E-5 1.51705E-5 1.08056E-5 1.63644E-5 1.80588E-5 2.15114E-5 2.0632E-5 1.96848E-5 1.62532E-5 1.26117E-5 1.08818E-5 1.2032E-5 1.36411E-5 1.35428E-5 1.18574E-5 1.40499E-5 1.43744E-5 1.64886E-5 1.81336E-5 1.70979E-5 1.21309E-5 8.83578E-6 8.79731E-6 1.38004E-5 1.76149E-5 1.78171E-5 1.75338E-5 1.37486E-5 1.91726E-5 1.57971E-5 1.38074E-5 1.2229E-5 9.72818E-6 1.38051E-5 1.0578E-5 8.02068E-6 7.33814E-6 7.79596E-6 5.42819E-6 4.57397E-6 3.44803E-6 2.94125E-6
-9999 -9999 -9999 -9999 1.81314E-6 3.00236E-6 8.18202E-6 4.74033E-6 2.24572E-5 1.68244E-5 2.97119E-6 1.10594E-5 3.73386E-5 2.11999E-5 2.4295E-5 3.03133E-5 2.70315E-5 2.26404E-5 2.64079E-5 2.26122E-5 1.59688E-5 1.5438E-5 1.64345E-5 1.51117E-5 1.81162E-5 1.94444E-5 1.84403E-5 1.53393E-5 1.37596E-5 1.40383E-5 1.30634E-5 1.3686E-5 1.36074E-5 1.52366E-5 1.33237E-5 1.49516E-5 1.65743E-5 1.55438E-5 1.34911E-5 1.35522E-5 1.31718E-5 1.20144E-5 1.21678E-5 2.09087E-5 2.10124E-5 1.80979E-5 1.50086E-5 2.00957E-5 2.14367E-5 1.7187E-5 1.01815E-5 1.60534E-5 2.05874E-5 1.33709E-5 1.13706E-5 1.23372E-5 7.47197E-6 8.7972E-6 8.73166E-6 3.81212E-6 2.93406E-6
-9999 -9999 -9999 -9999 1.32061E-6 2.88331E-6 3.60326E-6 8.73246E-6 2.24286E-6 1.02529E-6 1.10071E-6 9.16998E-6 3.18423E-5 2.4759E-5 2.88087E-5 1.98061E-5 2.47876E-5 3.04121E-5 2.47502E-5 2.35609E-5 2.15391E-5 2.62757E-5 1.8252E-5 1.71812E-5 1.60976E-5 1.5548E-5 2.22734E-5 1.67651E-5 1.72777E-5 1.42247E-5 1.32787E-5 1.59075E-5 1.66899E-5 1.7294E-5 1.60341E-5 1.66438E-5 1.57784E-5 2.02702E-5 1.99236E-5 2.32579E-5 2.24461E-5 2.40588E-5 1.72164E-5 2.32705E-5 1.98344E-5 2.51269E-5 2.67786E-5 1.33745E-5 2.15468E-5 2.69469E-5 2.09886E-5 2.06464E-5 2.27015E-5 1.016E-5 1.01412E-5 1.20056E-5 1.0728E-5 1.08132E-5 9.04754E-6 4.57334E-6 3.46823E-6
-9999 -9999 -9999 -9999 2.65744E-7 1.20486E-6 2.35694E-6 6.18099E-6 3.14526E-6 1.67127E-6 2.4741E-6 8.38722E-6 2.51049E-5 2.14047E-5 2.41837E-5 2.21416E-5 2.90746E-5 3.42062E-5 1.69125E-5 2.27325E-5 2.32047E-5 1.74875E-5 2.24363E-5 2.2724E-5 2.41237E-5 2.24371E-5 2.15603E-5 1.66518E-5 1.74117E-5 1.32963E-5 1.74856E-5 2.02034E-5 2.10951E-5 1.93827E-5 1.94267E-5 1.90564E-5 1.78904E-5 2.06725E-5 2.85147E-5 2.9571E-5 2.36562E-5 2.32404E-5 2.62185E-5 2.50267E-5 2.30682E-5 2.70439E-5 3.44165E-5 3.75338E-5 -9999 2.62311E-5 1.98918E-5 1.89267E-5 1.34664E-5 1.30779E-5 2.62702E-5 1.34091E-5 1.3269E-5 1.14642E-5 1.58322E-5 5.99006E-6 3.91172E-6
-9999 -9999 -9999 -9999 2.99468E-7 7.07629E-7 1.42545E-6 1.3234E-7 2.34925E-5 4.50702E-5 3.60556E-6 5.57766E-6 1.30308E-5 1.61906E-5 1.91931E-5 2.67046E-5 2.94218E-5 2.05921E-5 1.76034E-5 2.25812E-5 2.58798E-5 2.35119E-5 2.4641E-5 3.35548E-5 2.25938E-5 1.88551E-5 1.73447E-5 2.06344E-5 1.54132E-5 1.63171E-5 1.95971E-5 2.27129E-5 2.17555E-5 2.18517E-5 1.9671E-5 2.15146E-5 2.02339E-5 2.0128E-5 2.01592E-5 2.37627E-5 3.02732E-5 2.4752E-5 2.61223E-5 2.64219E-5 2.79195E-5 2.59886E-5 -9999 -9999 -9999 -9999 2.78524E-5 1.58086E-5 1.58368E-5 2.09609E-5 1.94669E-5 1.66505E-5 8.58655E-6 6.60426E-6 4.46296E-6 5.56482E-6 5.42876E-6
-9999 -9999 -9999 -9999 1.94016E-7 1.34546E-6 1.09148E-6 3.12428E-7 8.06714E-8 3.91109E-5 3.99666E-6 1.66335E-5 1.11463E-5 1.67063E-5 1.73203E-5 2.14434E-5 2.1787E-5 1.75849E-5 1.97266E-5 2.10746E-5 2.02447E-5 2.25777E-5 2.60235E-5 2.50919E-5 1.53717E-5 1.32935E-5 1.8576E-5 1.6306E-5 1.98536E-5 2.09061E-5 2.13008E-5 2.18295E-5 2.26972E-5 2.77291E-5 1.75479E-5 2.29318E-5 2.39687E-5 2.03553E-5 2.13696E-5 2.24608E-5 2.78031E-5 2.45069E-5 2.182E-5 1.7794E-5 3.23964E-5 -9999 -9999 -9999 -9999 6.1598E-5 2.83517E-5 2.43101E-5 1.86875E-5 1.92429E-5 1.9861E-5 1.54948E-5 1.33158E-5 8.86832E-6 9.29438E-6 1.19558E-5 6.47047E-6
-9999 -9999 -9999 -9999 5.45341E-7 1.85736E-6 1.71295E-6 2.88312E-7 2.98329E-6 6.94554E-6 5.96789E-6 1.19057E-5 7.82493E-6 1.86801E-5 2.0508E-5 2.07225E-5 2.22231E-5 2.33191E-5 1.59834E-5 1.78831E-5 2.06139E-5 2.56426E-5 2.18692E-5 1.76573E-5 1.63175E-5 1.555E-5 1.85477E-5 2.15247E-5 2.51785E-5 2.60309E-5 2.49956E-5 2.27697E-5 2.37148E-5 2.42264E-5 2.41983E-5 2.08021E-5 2.35658E-5 2.08949E-5 2.57369E-5 2.54097E-5 2.56934E-5 2.67578E-5 3.43772E-5 4.10114E-5 4.45609E-5 -9999 -9999 -9999 6.47117E-5 4.68747E-5 4.05724E-5 2.74653E-5 2.33149E-5 2.19952E-5 1.75789E-5 1.51387E-5 1.35419E-5 7.02212E-6 7.60834E-6 1.21169E-5 6.1104E-6
-9999 -9999 -9999 9.80655E-7 1.39161E-5 5.94632E-6 4.6281E-7 7.67195E-7 3.99006E-7 1.50813E-6 9.56831E-6 5.88433E-6 7.94664E-6 1.4188E-5 2.0782E-5 1.69471E-5 2.77824E-5 2.26025E-5 2.34591E-5 1.55975E-5 1.82223E-5 1.90117E-5 1.72943E-5 1.2918E-5 2.01243E-5 1.53394E-5 1.71859E-5 2.25727E-5 1.9155E-5 2.57642E-5 3.40889E-5 3.01315E-5 2.51978E-5 2.66262E-5 2.53629E-5 2.5261E-5 2.27486E-5 2.63296E-5 2.42203E-5 2.73731E-5 2.67498E-5 2.55396E-5 2.937E-5 4.15593E-5 8.07363E-5 6.32969E-5 5.09312E-5 5.10544E-5 4.99864E-5 3.67613E-5 3.89587E-5 3.33664E-5 2.75725E-5 2.43835E-5 2.24544E-5 1.56685E-5 1.3994E-5 7.86346E-6 8.79542E-6 9.7303E-6 7.77568E-6
-9999 -9999 -9999 -9999 1.55829E-6 1.05281E-5 1.58015E-6 -9999 3.12666E-7 1.50223E-6 5.91504E-6 3.59323E-6 1.54851E-5 1.87024E-5 1.85815E-5 2.43617E-5 2.84994E-5 2.2703E-5 1.88734E-5 2.29007E-5 1.57095E-5 1.92583E-5 1.32989E-5 2.05649E-5 2.92385E-5 2.4288E-5 1.94917E-5 2.40351E-5 2.03174E-5 2.36492E-5 2.63044E-5 3.34214E-5 3.04474E-5 2.79494E-5 2.6519E-5 2.40326E-5 2.70656E-5 2.44719E-5 2.42515E-5 3.12715E-5 3.2486E-5 2.91777E-5 2.64704E-5 3.65187E-5 4.82496E-5 4.79704E-5 4.49929E-5 4.18733E-5 4.53489E-5 3.54475E-5 3.78828E-5 2.93171E-5 2.97895E-5 2.62307E-5 2.36135E-5 1.55454E-5 1.35761E-5 9.66327E-6 1.24606E-5 1.10397E-5 7.29046E-6
-9999 -9999 -9999 -9999 4.19199E-7 7.30668E-7 9.37162E-7 1.56084E-6 6.04007E-7 4.62412E-6 8.04621E-6 2.10922E-6 2.56991E-5 1.11319E-5 1.6787E-5 3.91922E-5 2.15587E-5 3.01928E-5 1.88746E-5 1.79612E-5 1.57465E-5 1.75776E-5 1.96277E-5 3.23045E-5 2.41396E-5 2.94911E-5 1.83694E-5 2.07144E-5 2.19418E-5 2.5152E-5 2.95395E-5 3.81904E-5 3.61077E-5 3.48661E-5 3.24436E-5 3.13733E-5 2.89275E-5 2.4857E-5 2.65739E-5 2.93543E-5 2.96705E-5 3.12269E-5 2.53012E-5 3.41377E-5 3.21356E-5 4.06802E-5 4.34061E-5 4.26122E-5 3.85115E-5 3.62751E-5 3.55402E-5 2.84192E-5 2.78213E-5 2.69734E-5 2.67418E-5 1.9574E-5 1.50457E-5 1.46248E-5 9.90814E-6 1.19759E-5 1.14598E-5
-9999 -9999 -9999 -9999 2.6843E-6 7.84584E-7 1.45646E-6 8.86628E-7 1.15473E-6 4.57905E-6 2.83062E-6 1.7481E-6 1.02825E-5 2.02442E-5 1.8218E-5 2.45353E-5 2.71408E-5 3.00015E-5 2.58933E-5 1.84115E-5 1.98909E-5 1.69723E-5 1.39342E-5 1.91975E-5 4.57755E-5 2.66487E-5 1.58185E-5 2.32885E-5 2.78618E-5 3.15047E-5 3.12717E-5 3.52696E-5 4.69673E-5 3.98648E-5 4.29945E-5 3.5789E-5 3.4723E-5 3.18629E-5 3.76105E-5 3.7949E-5 3.4615E-5 3.45091E-5 3.5242E-5 3.26055E-5 3.46561E-5 3.64675E-5 3.82906E-5 4.21013E-5 3.51307E-5 3.82095E-5 3.24702E-5 2.86439E-5 2.62894E-5 2.5433E-5 2.47117E-5 1.69401E-5 1.64163E-5 1.76995E-5 1.41141E-5 1.23061E-5 9.49153E-6
-9999 -9999 -9999 -9999 -9999 8.88893E-7 1.63647E-6 1.92583E-6 7.44069E-7 2.2132E-6 1.85242E-6 5.44083E-6 7.16982E-6 1.25206E-5 1.39363E-5 2.54603E-5 4.06782E-5 2.90728E-5 2.95913E-5 2.20427E-5 2.17192E-5 2.61882E-5 1.68919E-5 2.32419E-5 2.99847E-5 5.47491E-5 2.41733E-5 2.11102E-5 2.37835E-5 3.61811E-5 3.74773E-5 4.55792E-5 4.42765E-5 4.41576E-5 3.99066E-5 4.09597E-5 3.53931E-5 3.34876E-5 3.68704E-5 3.57769E-5 3.78928E-5 3.69387E-5 3.80903E-5 3.90243E-5 3.88575E-5 3.3406E-5 4.00783E-5 3.55493E-5 3.7978E-5 4.09569E-5 3.37978E-5 3.08949E-5 2.73939E-5 2.53027E-5 2.47708E-5 1.7649E-5 2.04662E-5 1.74286E-5 1.83628E-5 9.12123E-6 1.06663E-5
-9999 -9999 -9999 -9999 -9999 2.78324E-6 4.89015E-7 1.76076E-6 1.33384E-6 5.30649E-6 3.8356E-6 6.23507E-7 1.6626E-6 4.66989E-6 1.65261E-5 2.54142E-5 2.95492E-5 3.03661E-5 2.98349E-5 2.66614E-5 3.15024E-5 1.76445E-5 2.48739E-5 2.31943E-5 3.74518E-5 5.56209E-5 2.88857E-5 2.49981E-5 2.78683E-5 3.54244E-5 3.57117E-5 4.32006E-5 4.54255E-5 3.96285E-5 3.69216E-5 4.07589E-5 4.44348E-5 4.37984E-5 4.22273E-5 4.14027E-5 3.94106E-5 3.98795E-5 3.96542E-5 4.52833E-5 4.18753E-5 4.2293E-5 3.93622E-5 3.79979E-5 3.52646E-5 4.10024E-5 3.69475E-5 3.17524E-5 3.0084E-5 2.21623E-5 2.71483E-5 2.40674E-5 1.71706E-5 1.81404E-5 1.49294E-5 1.49475E-5 1.30724E-5
-9999 -9999 -9999 -9999 -9999 3.61295E-6 1.5334E-6 5.1757E-7 9.2163E-7 2.72331E-7 3.38688E-6 1.11233E-6 9.85114E-7 1.79659E-6 1.86446E-5 1.96286E-5 2.03862E-5 2.08593E-5 2.95401E-5 3.27424E-5 2.39187E-5 2.59538E-5 2.44762E-5 2.23808E-5 3.31725E-5 4.42173E-5 2.27441E-5 3.46601E-5 3.6337E-5 3.06642E-5 3.81065E-5 4.07272E-5 4.70733E-5 4.53987E-5 4.80871E-5 5.01176E-5 4.75614E-5 5.38156E-5 5.26921E-5 5.11136E-5 4.83011E-5 4.44645E-5 4.67973E-5 4.03815E-5 4.79253E-5 4.93769E-5 3.96136E-5 3.70957E-5 3.5485E-5 4.0313E-5 4.00762E-5 3.48986E-5 3.30537E-5 2.11095E-5 2.82948E-5 2.18961E-5 2.19626E-5 1.88776E-5 1.6219E-5 1.68228E-5 1.43386E-5
-9999 -9999 -9999 -9999 -9999 1.73996E-6 5.11451E-7 9.4893E-7 1.40461E-6 2.3514E-7 6.83593E-7 1.09649E-6 3.84298E-6 5.35535E-6 1.20661E-5 1.6115E-5 1.49742E-5 1.49899E-5 2.22901E-5 2.51202E-5 3.14524E-5 4.65317E-5 3.77406E-5 2.53937E-5 2.09751E-5 6.69888E-5 2.96834E-5 3.00936E-5 3.8562E-5 3.12113E-5 4.19488E-5 4.61291E-5 4.95214E-5 5.27566E-5 5.4466E-5 5.14131E-5 6.06689E-5 5.20034E-5 5.36131E-5 6.01316E-5 8.54788E-5 6.32082E-5 4.41915E-5 3.19403E-5 5.18352E-5 4.54505E-5 4.48736E-5 4.21021E-5 3.81767E-5 4.78976E-5 3.80537E-5 3.75191E-5 4.39131E-5 3.62125E-5 2.42725E-5 -9999 2.0901E-5 1.54883E-5 1.67294E-5 1.95936E-5 1.60208E-5
