Candidate_Models_Sept202022/M_0.6_F_lqp_Set_1_all/Bison.asc
ncols         97
nrows         127
xllcorner     -2197417.7431653
yllcorner     -584827.01486885
cellsize      30000.0
NODATA_value  -9999
[rows 54 to 80 of 127, columns 0 to 60 of 97]
-9999 -9999 -9999 -9999 4.02581E-6 2.04106E-6 4.97902E-7 1.72965E-6 1.12409E-6 1.88098E-7 3.17355E-7 3.80178E-6 2.84086E-6 6.01689E-6 5.98075E-6 5.56221E-6 9.95373E-6 1.68601E-5 1.91065E-5 2.28769E-5 3.22003E-5 4.31316E-5 4.05494E-5 3.33613E-5 3.61979E-5 6.67155E-5 4.59412E-5 3.52171E-5 5.25412E-5 4.51063E-5 4.53811E-5 4.9297E-5 5.82402E-5 6.25738E-5 5.88673E-5 6.00846E-5 6.0046E-5 5.63146E-5 6.1081E-5 7.36699E-5 1.07496E-4 1.1573E-4 8.13298E-5 5.80239E-5 5.58855E-5 4.85615E-5 5.17153E-5 4.43467E-5 4.01352E-5 3.74343E-5 3.87492E-5 3.84967E-5 2.96896E-5 5.02699E-5 5.53833E-5 3.38985E-5 3.68488E-5 3.08065E-5 2.99555E-5 2.51356E-5 1.76744E-5
-9999 -9999 -9999 -9999 -9999 1.49898E-6 4.00247E-7 6.80796E-7 3.69838E-6 4.27255E-7 1.80755E-7 2.71631E-6 9.3175E-6 3.67405E-6 5.53888E-6 4.59699E-6 6.51982E-6 9.10336E-6 1.93614E-5 1.63851E-5 3.58546E-5 4.43422E-5 4.06744E-5 5.46874E-5 3.97174E-5 3.76398E-5 4.04066E-5 4.2872E-5 7.68707E-5 6.83657E-5 5.99809E-5 5.39809E-5 5.84835E-5 5.71011E-5 5.77133E-5 7.09135E-5 7.06334E-5 6.13258E-5 7.57885E-5 7.31557E-5 1.07295E-4 1.40714E-4 7.52227E-5 5.73104E-5 5.97209E-5 5.63622E-5 4.94487E-5 4.34313E-5 4.53926E-5 3.59227E-5 4.43456E-5 4.84273E-5 4.39495E-5 5.8646E-5 4.91775E-5 3.79915E-5 3.6617E-5 2.94863E-5 2.9709E-5 2.48916E-5 2.31523E-5
-9999 -9999 -9999 -9999 -9999 2.7585E-6 1.13262E-6 1.80951E-6 2.18857E-6 1.01286E-6 2.90961E-8 8.68257E-7 1.36728E-6 1.17755E-6 7.16532E-6 4.60336E-6 8.4477E-6 1.0509E-5 1.54534E-5 2.3971E-5 4.20411E-5 3.13591E-5 3.06804E-5 4.02859E-5 3.32771E-5 2.81392E-5 3.6966E-5 6.38924E-5 1.01877E-4 6.57434E-5 7.53792E-5 6.99946E-5 7.02458E-5 6.98831E-5 8.10904E-5 9.60315E-5 7.26243E-5 6.61581E-5 7.69699E-5 7.0419E-5 1.18187E-4 9.19897E-5 6.25589E-5 6.3323E-5 6.06265E-5 5.63142E-5 5.14488E-5 4.6305E-5 4.87603E-5 5.21543E-5 5.80742E-5 5.35241E-5 5.92276E-5 5.57456E-5 4.12137E-5 4.1908E-5 4.03746E-5 3.77199E-5 2.7912E-5 2.30695E-5 1.48211E-5
-9999 -9999 -9999 -9999 -9999 -9999 1.95848E-6 -9999 3.76702E-6 3.99367E-7 1.09737E-7 6.49245E-7 1.21407E-6 1.80253E-6 2.77784E-6 1.08549E-5 7.71839E-6 9.75487E-6 1.68804E-5 2.75704E-5 2.66534E-5 3.00884E-5 3.04946E-5 4.14903E-5 3.45126E-5 3.90075E-5 2.64465E-5 6.35495E-5 7.78894E-5 7.92114E-5 1.70587E-4 1.37324E-4 8.58194E-5 7.83045E-5 8.78533E-5 1.05612E-4 1.03025E-4 7.42486E-5 8.00768E-5 6.52517E-5 7.07738E-5 6.15445E-5 7.74351E-5 6.51075E-5 5.10459E-5 5.58801E-5 5.13848E-5 6.22574E-5 6.84701E-5 6.1981E-5 5.85188E-5 6.71034E-5 5.21069E-5 4.80328E-5 4.50182E-5 4.33601E-5 4.04241E-5 3.73892E-5 3.12424E-5 2.37475E-5 1.69904E-5
-9999 -9999 -9999 9.06139E-7 -9999 -9999 -9999 -9999 -9999 1.00926E-6 3.91749E-7 3.0865E-7 1.01741E-6 2.11093E-6 1.92471E-6 1.05557E-5 7.62192E-6 1.12085E-5 1.51166E-5 2.15437E-5 2.4143E-5 3.20082E-5 2.79033E-5 4.54196E-5 2.77171E-5 3.22545E-5 2.74275E-5 4.05378E-5 1.08126E-4 1.09785E-4 2.63436E-4 2.10613E-4 8.3412E-5 6.80515E-5 7.25688E-5 1.10306E-4 1.01393E-4 1.29614E-4 3.31488E-4 7.43014E-5 7.24786E-5 6.27895E-5 7.15161E-5 6.23549E-5 4.43112E-5 5.30031E-5 6.89645E-5 6.48443E-5 6.53967E-5 5.86642E-5 6.0723E-5 5.91274E-5 5.85723E-5 4.85233E-5 4.51589E-5 4.85493E-5 3.98558E-5 4.28095E-5 3.65238E-5 2.93691E-5 2.45673E-5
-9999 -9999 -9999 8.79037E-7 1.50842E-6 2.72112E-6 -9999 -9999 -9999 1.36253E-6 1.02088E-7 6.55897E-7 1.36082E-6 3.0291E-6 3.87927E-6 1.49105E-5 1.30866E-5 1.03428E-5 1.88894E-5 2.30859E-5 2.09479E-5 2.23487E-5 2.92276E-5 2.66957E-5 2.96012E-5 2.04346E-5 2.07236E-5 3.95285E-5 1.38773E-4 2.13091E-4 3.8045E-4 2.7962E-4 9.30369E-5 9.55012E-5 9.82796E-5 9.41528E-5 1.00963E-4 2.82345E-4 2.09424E-4 7.91111E-5 8.1913E-5 9.08079E-5 7.20652E-5 6.58806E-5 6.28995E-5 6.28957E-5 6.55536E-5 5.86588E-5 5.99398E-5 8.52266E-5 7.16914E-5 6.17427E-5 4.98661E-5 5.1342E-5 3.88096E-5 5.25383E-5 5.08243E-5 5.25517E-5 4.46576E-5 3.5864E-5 2.78372E-5
-9999 -9999 -9999 8.31945E-7 2.08326E-6 3.79427E-6 2.66943E-6 -9999 -9999 4.79503E-6 2.23753E-7 2.41431E-6 1.32541E-6 2.83847E-6 4.3555E-6 8.42693E-6 1.22173E-5 1.53307E-5 2.09776E-5 2.09576E-5 2.69872E-5 2.24293E-5 1.7359E-5 1.5145E-5 2.62208E-5 3.35296E-6 3.27314E-6 2.43474E-5 7.68456E-5 8.16263E-5 5.18618E-4 6.07748E-4 2.48253E-4 3.35705E-4 2.97749E-4 1.51259E-4 1.81998E-4 2.12895E-4 1.43732E-4 8.93612E-5 9.70548E-5 8.81805E-5 8.01636E-5 7.25266E-5 6.43939E-5 6.23337E-5 6.19433E-5 6.60091E-5 6.48699E-5 1.16898E-4 1.07395E-4 9.54423E-5 5.78937E-5 6.13754E-5 4.08693E-5 5.25361E-5 4.93283E-5 5.5502E-5 4.82266E-5 3.86064E-5 2.59177E-5
-9999 -9999 -9999 7.44525E-7 1.26499E-6 2.05398E-6 -9999 -9999 2.23697E-6 1.56996E-7 6.56147E-8 6.19724E-7 7.70408E-7 2.11268E-6 6.58089E-6 8.64609E-6 3.95562E-5 1.88665E-5 2.44374E-5 1.46321E-5 2.41849E-5 2.26976E-5 2.24589E-5 1.84465E-5 1.96846E-5 4.0955E-6 2.39434E-6 1.69093E-5 4.55232E-5 1.88373E-4 4.09828E-4 7.41616E-4 5.19535E-4 3.36591E-4 4.91936E-4 3.16565E-4 2.75849E-4 3.71836E-4 1.89878E-4 1.2057E-4 1.17344E-4 1.0929E-4 8.80838E-5 7.594E-5 7.16611E-5 8.3659E-5 7.43879E-5 7.50208E-5 9.55273E-5 1.2306E-4 1.16878E-4 6.83349E-5 6.07674E-5 4.7079E-5 3.81435E-5 5.84946E-5 5.39452E-5 4.42934E-5 4.93166E-5 3.67584E-5 3.46465E-5
-9999 -9999 -9999 6.30334E-7 2.45779E-6 -9999 -9999 4.63691E-6 1.25531E-6 2.30285E-7 1.12126E-7 6.9998E-7 8.17502E-7 9.71478E-7 7.02279E-6 1.20384E-5 3.4734E-5 2.25745E-5 2.18164E-5 2.20559E-5 2.55675E-5 2.55602E-5 1.88997E-5 2.05159E-5 1.75706E-5 5.82985E-6 1.40612E-6 1.16733E-5 2.88616E-5 4.81753E-5 2.00574E-4 5.3375E-4 2.22774E-4 2.85437E-4 8.15424E-4 5.14975E-4 4.7665E-4 9.04563E-4 3.19524E-4 1.26082E-4 1.17818E-4 9.11165E-5 7.8511E-5 7.46524E-5 8.13799E-5 9.72785E-5 8.31169E-5 7.31858E-5 6.98625E-5 9.82192E-5 1.10891E-4 5.78532E-5 4.59171E-5 5.0176E-5 4.48997E-5 4.86649E-5 5.22188E-5 4.68125E-5 4.8501E-5 3.91241E-5 3.50798E-5
-9999 -9999 -9999 3.47971E-7 6.49451E-7 -9999 -9999 -9999 2.1132E-6 2.08998E-7 1.96238E-7 8.8753E-7 3.94748E-7 3.15676E-6 9.76701E-6 1.98052E-5 3.13142E-5 3.00975E-5 3.02924E-5 2.51286E-5 3.11041E-5 3.53961E-5 2.75313E-5 1.91504E-5 1.7657E-5 7.41749E-6 3.95754E-6 1.16939E-5 2.05552E-5 3.15822E-5 5.61924E-5 2.2236E-4 3.4116E-4 4.10196E-4 5.27725E-4 5.49984E-4 4.27523E-4 2.89722E-4 1.40266E-4 1.11376E-4 9.32044E-5 9.62372E-5 8.52469E-5 8.11214E-5 8.96863E-5 9.73341E-5 1.15079E-4 8.06955E-5 7.98295E-5 1.08125E-4 1.04781E-4 6.80075E-5 6.66928E-5 5.91381E-5 5.60294E-5 4.56189E-5 5.41917E-5 5.06904E-5 5.25318E-5 5.0911E-5 4.12094E-5
-9999 -9999 -9999 6.06995E-7 2.79299E-6 -9999 -9999 -9999 3.11376E-6 1.32303E-6 5.95715E-7 1.71858E-7 3.05283E-6 4.77881E-6 6.41151E-6 1.93685E-5 2.63306E-5 3.35619E-5 4.16591E-5 2.61638E-5 2.48254E-5 4.93571E-5 3.38773E-5 2.52073E-5 1.97477E-5 1.08415E-5 4.59539E-6 1.02565E-5 1.48399E-5 2.73063E-5 4.07092E-5 2.61366E-4 3.40609E-4 4.96412E-4 3.24998E-4 4.20057E-4 3.1855E-4 3.87951E-4 1.59192E-4 1.59101E-4 9.87125E-5 9.89789E-5 8.37721E-5 8.26019E-5 1.45301E-4 1.48299E-4 1.31256E-4 9.032E-5 8.73221E-5 1.13529E-4 1.44347E-4 7.74166E-5 6.5064E-5 5.16047E-5 6.35547E-5 4.96527E-5 5.14326E-5 4.79531E-5 4.28818E-5 4.97507E-5 4.00299E-5
-9999 -9999 -9999 1.73183E-7 2.81776E-6 -9999 -9999 -9999 3.86484E-6 3.6473E-7 6.83412E-8 4.51106E-8 1.41771E-6 4.17277E-6 3.053E-5 2.00995E-5 2.03398E-5 3.87565E-5 3.35646E-5 3.26817E-5 5.53231E-5 7.06336E-5 3.51783E-5 2.76042E-5 1.96746E-5 9.53167E-6 5.36496E-6 5.98632E-6 1.0768E-5 1.68728E-5 3.19605E-5 1.20912E-4 2.70991E-4 6.05609E-4 3.69583E-4 3.89646E-4 1.49834E-4 3.10259E-4 3.30861E-4 1.80251E-4 7.76332E-5 7.97356E-5 8.04681E-5 8.9077E-5 9.63223E-5 9.42629E-5 1.01169E-4 1.06036E-4 1.30617E-4 1.13629E-4 9.66997E-5 8.78217E-5 7.05376E-5 6.58137E-5 6.1262E-5 5.84922E-5 4.90111E-5 6.37979E-5 5.21898E-5 5.19475E-5 6.25165E-5
-9999 -9999 -9999 -9999 9.93001E-7 -9999 -9999 -9999 -9999 1.46319E-6 1.07258E-7 1.39782E-7 9.03833E-7 1.8924E-6 9.91681E-6 1.74505E-5 1.67532E-5 3.96286E-5 5.03285E-5 6.13068E-5 4.31505E-5 1.26115E-4 5.62176E-5 3.61447E-5 3.28709E-5 1.42318E-5 6.00593E-6 4.34229E-6 8.91551E-6 1.09176E-5 2.44333E-5 3.96371E-5 5.43485E-5 9.04932E-5 7.3965E-5 1.03568E-4 2.96772E-4 2.15608E-4 8.80535E-5 6.44676E-5 1.13619E-4 7.98581E-5 1.28024E-4 9.48189E-5 9.31911E-5 1.26355E-4 1.17668E-4 1.2713E-4 1.05972E-4 9.96874E-5 1.56874E-4 8.36145E-5 7.77833E-5 7.44107E-5 7.54453E-5 6.57016E-5 6.15611E-5 5.65343E-5 5.38149E-5 5.31129E-5 5.35566E-5
-9999 -9999 -9999 -9999 1.65163E-6 -9999 -9999 -9999 -9999 4.23138E-6 7.48824E-7 3.47693E-7 9.1531E-7 1.68764E-6 7.51339E-6 1.71464E-5 3.24007E-5 3.97369E-5 4.67903E-5 3.79129E-5 4.63398E-5 6.41511E-5 4.30173E-5 6.94693E-5 7.69913E-5 1.69935E-5 7.55985E-6 3.27446E-6 5.18837E-6 9.94547E-6 1.70105E-5 2.30466E-5 4.98676E-5 1.09413E-4 5.95189E-5 6.36762E-5 1.30296E-4 7.13896E-5 4.70793E-5 3.60321E-5 8.47043E-5 6.42899E-5 9.7596E-5 1.38801E-4 1.02198E-4 1.21495E-4 2.35077E-4 1.23531E-4 1.1552E-4 1.23656E-4 1.36664E-4 9.80869E-5 9.31035E-5 8.00279E-5 7.8312E-5 8.1662E-5 7.13152E-5 6.61651E-5 6.00493E-5 5.12372E-5 4.99888E-5
-9999 -9999 -9999 -9999 -9999 -9999 -9999 -9999 -9999 3.07061E-6 2.55285E-6 5.00563E-7 1.07148E-6 2.66915E-6 3.66809E-6 9.56608E-6 3.12601E-5 3.48518E-5 3.78338E-5 4.99302E-5 4.28201E-5 4.58629E-5 5.46355E-5 3.8067E-5 2.45212E-5 7.87527E-6 4.60619E-6 5.98584E-6 3.89926E-6 9.73454E-6 1.92791E-5 2.68112E-5 3.29995E-5 7.10182E-5 3.52151E-5 5.59606E-5 1.37702E-4 1.20615E-4 5.94003E-5 8.57714E-5 1.07408E-4 7.66757E-5 1.19109E-4 1.37492E-4 2.99609E-4 3.75207E-4 3.87774E-4 1.61777E-4 1.20535E-4 1.13999E-4 1.32629E-4 1.28334E-4 9.52843E-5 6.99625E-5 8.24503E-5 7.31531E-5 7.34218E-5 7.58106E-5 6.23607E-5 5.77045E-5 5.55418E-5
-9999 -9999 -9999 -9999 -9999 -9999 -9999 -9999 -9999 -9999 2.26317E-6 8.31971E-7 8.69024E-7 1.48109E-6 6.536E-6 8.71041E-6 2.93043E-5 3.15328E-5 3.68623E-5 4.11624E-5 4.18887E-5 4.22294E-5 5.42939E-5 4.28396E-5 2.63281E-5 9.90723E-6 6.24759E-6 5.2885E-6 6.00085E-6 7.26285E-6 1.73708E-5 3.12254E-5 4.1909E-5 4.07087E-5 5.21448E-5 5.47929E-5 1.03366E-4 1.27506E-4 7.28081E-5 9.3811E-5 1.04594E-4 2.45939E-4 2.53981E-4 3.67173E-4 4.74194E-4 5.07541E-4 3.44049E-4 6.01682E-4 1.33224E-4 1.16511E-4 1.83853E-4 1.33742E-4 9.33292E-5 8.65293E-5 8.22685E-5 7.71825E-5 9.07881E-5 9.76647E-5 7.84331E-5 6.55073E-5 6.81297E-5
-9999 -9999 -9999 -9999 -9999 -9999 -9999 -9999 -9999 -9999 1.85099E-6 6.08091E-7 1.33195E-7 6.61516E-7 6.41222E-6 7.68771E-6 2.76894E-5 4.27716E-5 3.58251E-5 4.65133E-5 4.47876E-5 4.3717E-5 5.76453E-5 6.57801E-5 2.4606E-5 1.27974E-5 8.68442E-6 6.10962E-6 1.10057E-5 1.26914E-5 1.98384E-5 2.95263E-5 3.51135E-5 4.80349E-5 5.92149E-5 9.67167E-5 8.34561E-5 7.14189E-5 7.89758E-5 2.88666E-4 2.99201E-4 4.96285E-4 3.28236E-4 4.15265E-4 4.38532E-4 4.24346E-4 1.78393E-4 3.79368E-4 2.61463E-4 3.61394E-4 3.62157E-4 1.87663E-4 1.04286E-4 9.45779E-5 8.67482E-5 8.50537E-5 8.44936E-5 7.46537E-5 7.76209E-5 7.29186E-5 7.37935E-5
-9999 -9999 -9999 -9999 -9999 -9999 -9999 -9999 -9999 -9999 1.47104E-6 4.88523E-7 1.79848E-7 5.37392E-7 1.84998E-5 1.68526E-5 2.36641E-5 5.28304E-5 4.34405E-5 7.11528E-5 5.98987E-5 5.53835E-5 5.65793E-5 6.6053E-5 3.14516E-5 9.84191E-6 8.39457E-6 8.55737E-6 1.1763E-5 1.915E-5 2.65194E-5 4.02426E-5 4.03646E-5 4.20388E-5 6.3424E-5 8.45392E-5 1.44893E-4 2.10369E-4 2.48498E-4 2.04001E-4 3.35671E-4 3.81085E-4 5.66168E-4 5.46498E-4 5.59603E-4 6.7756E-4 6.55459E-4 5.35222E-4 3.86712E-4 6.10656E-4 6.19131E-4 4.36812E-4 2.79312E-4 2.27124E-4 2.18859E-4 1.02012E-4 9.04934E-5 8.48622E-5 8.90355E-5 8.56541E-5 8.23242E-5
-9999 -9999 -9999 -9999 -9999 -9999 -9999 -9999 -9999 -9999 1.36975E-6 3.67294E-7 6.05054E-7 3.66447E-7 3.4454E-6 9.81706E-6 2.82879E-5 5.31896E-5 6.00073E-5 1.0062E-4 1.14478E-4 6.72544E-5 5.34359E-5 5.98491E-5 3.26492E-5 1.49435E-5 8.35462E-6 7.95955E-6 1.88355E-5 1.46383E-5 2.72087E-5 4.59197E-5 4.78462E-5 4.37912E-5 9.82043E-5 6.53709E-5 1.24567E-4 1.76812E-4 1.49348E-4 2.19167E-4 4.42409E-4 6.75505E-4 9.20231E-4 8.00384E-4 1.18813E-3 7.9877E-4 7.99536E-4 7.40622E-4 7.83077E-4 7.66022E-4 3.012E-4 1.96927E-4 2.00795E-4 3.13703E-4 3.40968E-4 3.04443E-4 1.18428E-4 9.58759E-5 9.24486E-5 8.95656E-5 9.33287E-5
-9999 -9999 -9999 -9999 -9999 -9999 -9999 -9999 -9999 -9999 8.86568E-7 5.3765E-7 5.64819E-7 7.34694E-7 2.72088E-5 5.39944E-6 4.16396E-5 3.27215E-5 5.118E-5 1.16457E-4 1.67501E-4 8.42142E-5 6.78839E-5 4.87005E-5 4.8762E-5 2.6198E-5 1.79799E-5 1.02963E-5 1.42035E-5 2.83916E-5 2.45739E-5 2.09219E-5 4.40548E-5 1.01291E-4 8.09317E-5 1.01863E-4 9.51381E-5 1.02255E-4 1.42782E-4 2.36652E-4 5.01068E-4 1.14764E-3 1.26638E-3 2.14734E-3 1.53627E-3 7.36379E-4 5.36995E-4 6.54013E-4 3.91129E-4 8.59603E-4 7.51811E-4 2.98076E-4 2.06004E-4 4.09478E-4 2.48472E-4 2.04588E-4 1.21697E-4 1.51672E-4 1.19497E-4 9.40753E-5 1.02332E-4
-9999 -9999 -9999 -9999 -9999 -9999 -9999 -9999 2.04502E-6 1.47154E-6 1.25135E-6 9.26892E-7 6.90027E-7 6.86926E-7 1.52445E-6 2.56107E-5 4.2043E-5 3.94811E-5 4.31074E-5 6.67029E-5 7.20346E-5 1.17349E-4 1.22088E-4 6.74415E-5 5.50288E-5 2.96376E-5 1.24586E-5 6.0771E-6 6.68222E-6 1.22818E-5 1.41747E-5 2.19179E-5 4.0048E-5 4.26351E-5 5.46225E-5 4.69401E-5 6.51236E-5 1.31754E-4 1.12707E-4 3.05718E-4 6.65831E-4 1.20889E-3 9.5396E-4 9.88082E-4 1.02935E-3 5.83175E-4 5.91247E-4 6.93701E-4 6.11839E-4 4.35648E-4 6.49649E-4 5.27449E-4 3.90902E-4 3.32093E-4 2.33626E-4 1.97002E-4 2.62447E-4 2.34115E-4 2.20476E-4 1.18047E-4 1.2891E-4
-9999 -9999 -9999 -9999 -9999 -9999 -9999 -9999 1.40328E-6 7.10853E-7 1.08295E-6 1.55965E-6 1.32382E-6 3.86112E-7 9.14303E-7 4.05151E-6 6.38972E-6 6.26814E-5 3.84249E-5 2.09464E-5 3.19532E-5 5.29724E-5 1.34443E-4 4.78658E-5 4.68662E-5 3.0233E-5 1.75718E-5 9.42205E-6 5.00433E-6 5.96557E-6 1.73049E-5 1.44472E-5 4.17478E-5 5.50919E-5 7.18073E-5 4.13297E-5 1.05765E-4 9.90715E-5 1.07649E-4 1.00888E-4 3.73412E-4 9.44254E-4 8.61047E-4 8.07485E-4 8.33305E-4 6.20816E-4 5.08837E-4 6.00266E-4 5.73278E-4 7.52011E-4 6.04867E-4 5.35084E-4 4.8646E-4 3.42131E-4 3.14626E-4 3.84758E-4 4.42246E-4 4.24229E-4 3.27644E-4 3.5886E-4 3.77777E-4
-9999 -9999 -9999 -9999 -9999 -9999 -9999 -9999 5.54339E-7 4.8E-7 1.96724E-7 4.60246E-7 1.00149E-6 5.89173E-7 4.42611E-7 2.72746E-6 2.84993E-6 4.07034E-5 3.96159E-5 3.78411E-5 2.58482E-5 2.75412E-5 8.86679E-5 6.04677E-5 5.96158E-5 6.56453E-5 2.51756E-5 1.77869E-5 7.13404E-6 5.09763E-6 1.72741E-5 1.44381E-5 2.60067E-5 8.54742E-5 1.93988E-4 1.44385E-4 7.61721E-5 1.15251E-4 9.77283E-5 3.97888E-4 8.8297E-4 1.23185E-3 1.13242E-3 1.17672E-3 1.13679E-3 6.76892E-4 5.57949E-4 4.63462E-4 7.62473E-4 7.74787E-4 9.2749E-4 6.41276E-4 5.16744E-4 3.78205E-4 5.15394E-4 2.91848E-4 5.34112E-4 4.65395E-4 3.24661E-4 5.32384E-4 5.50013E-4
-9999 -9999 -9999 -9999 -9999 -9999 -9999 -9999 -9999 8.83328E-7 1.86693E-7 3.34448E-7 5.87603E-7 1.19754E-6 4.36371E-7 1.12E-6 4.64478E-6 3.45229E-5 1.54772E-4 7.12756E-5 1.67555E-5 1.79304E-5 3.52532E-5 7.0499E-5 4.67261E-5 4.48781E-5 3.3639E-5 2.88633E-5 1.05381E-5 5.72187E-6 4.55262E-6 7.19685E-6 1.51588E-5 3.69317E-5 7.47634E-5 9.03352E-5 1.07237E-4 8.52714E-5 1.44717E-4 9.87394E-4 9.17927E-4 1.84476E-3 1.7405E-3 1.27796E-3 9.22355E-4 5.9636E-4 7.03905E-4 7.48148E-4 4.06612E-4 5.03369E-4 4.78787E-4 5.70967E-4 4.0974E-4 9.07373E-4 7.34193E-4 3.82682E-4 5.1492E-4 6.21632E-4 4.17361E-4 4.98863E-4 3.55607E-4
-9999 -9999 -9999 -9999 -9999 -9999 -9999 -9999 -9999 5.07849E-7 3.85729E-7 2.33066E-7 4.07363E-7 1.0208E-6 1.75774E-6 9.65752E-7 1.55304E-6 2.04908E-6 1.55939E-5 3.02292E-5 1.72368E-5 1.6039E-5 3.37637E-5 5.9094E-5 4.43192E-5 4.40746E-5 4.92142E-5 2.63717E-5 9.54064E-6 3.69831E-6 4.75331E-6 2.76548E-6 1.68114E-5 1.86756E-5 6.0662E-5 9.72955E-5 1.56284E-4 1.01887E-4 1.01919E-4 5.59642E-4 1.22838E-3 1.21889E-3 8.95863E-4 9.00214E-4 7.70335E-4 4.36013E-4 3.36402E-4 7.34443E-4 4.69556E-4 5.5628E-4 7.37694E-4 4.73273E-4 6.09672E-4 5.62681E-4 7.44355E-4 5.52347E-4 3.18117E-4 4.01214E-4 3.50088E-4 4.06697E-4 4.1038E-4
-9999 -9999 -9999 -9999 -9999 -9999 -9999 -9999 -9999 -9999 6.42545E-7 3.07817E-7 3.3129E-7 1.44801E-6 3.51944E-6 8.85899E-7 9.61749E-7 2.59731E-6 8.71321E-6 9.08975E-6 1.47775E-5 1.23843E-5 3.8092E-5 1.20472E-4 8.33109E-5 6.24413E-5 4.16787E-5 2.67E-5 8.53838E-6 4.68587E-6 7.66147E-6 5.6896E-6 5.30042E-6 8.93909E-6 3.09941E-5 6.196E-5 7.54291E-5 9.29641E-5 1.74273E-4 6.81982E-4 1.04069E-3 9.66543E-4 8.96018E-4 8.52763E-4 3.96162E-4 4.1593E-4 3.11517E-4 5.2344E-4 4.19857E-4 5.3957E-4 8.56581E-4 7.58562E-4 7.71844E-4 8.0592E-4 4.80592E-4 6.19378E-4 6.2223E-4 3.33895E-4 3.37942E-4 4.47042E-4 3.95646E-4
-9999 -9999 -9999 -9999 -9999 -9999 -9999 -9999 -9999 -9999 5.93257E-7 3.31959E-7 4.45119E-7 8.26135E-7 3.30962E-6 1.55094E-6 7.22853E-7 8.04816E-7 2.67878E-6 5.77109E-6 1.25957E-5 2.01744E-5 3.64485E-5 4.6357E-5 8.14187E-5 1.59344E-4 1.58506E-4 4.88337E-5 3.52659E-5 7.72637E-6 5.68925E-6 1.45581E-5 1.65696E-5 2.45135E-5 4.0331E-5 4.37393E-5 4.80739E-5 7.90576E-5 1.16408E-4 8.34968E-4 1.35954E-3 9.87774E-4 9.92878E-4 1.19347E-3 8.388E-4 4.53028E-4 2.67859E-4 3.23231E-4 4.27644E-4 4.48591E-4 6.7411E-4 6.94354E-4 7.26914E-4 7.18954E-4 7.00564E-4 4.90446E-4 5.30106E-4 5.20228E-4 5.44426E-4 3.3435E-4 3.56286E-4
