Candidate_Models_July82022/M_4_F_lqp_Set_1_all/Bison.asc
ncols         290
nrows         380
xllcorner     -2197417.7431653
yllcorner     -584827.01486885
cellsize      10000.0
NODATA_value  -9999
[rows 108 to 134 of 380, columns 0 to 60 of 290]
-9999 -9999 -9999 -9999 -9999 -9999 -9999 -9999 -9999 1.28051E-5 1.44933E-5 1.66466E-5 9.28869E-6 1.43061E-5 2.29237E-5 2.07227E-5 2.70772E-5 1.52746E-5 2.40339E-5 2.45557E-5 1.64808E-5 3.16322E-5 3.30676E-5 2.90007E-5 4.36053E-5 3.60092E-5 3.25951E-5 1.38E-5 3.15158E-5 2.23541E-5 1.96257E-5 3.48373E-5 2.73927E-5 1.80652E-5 9.66093E-6 2.15872E-5 2.30504E-5 2.8188E-5 1.93944E-5 1.96659E-5 2.15538E-5 1.43042E-5 2.10109E-5 1.72901E-5 1.86734E-5 2.35575E-5 1.34008E-5 1.58272E-5 1.48507E-5 2.00208E-5 1.89271E-5 1.52226E-5 1.36706E-5 1.67257E-5 1.97221E-5 2.02319E-5 1.55202E-5 1.03587E-5 1.32215E-5 1.26437E-5 1.85919E-5
-9999 -9999 -9999 -9999 -9999 -9999 -9999 -9999 -9999 -9999 2.21744E-5 1.32027E-5 2.37556E-5 5.05379E-5 2.62525E-5 2.1556E-5 2.30601E-5 1.24752E-5 1.03244E-5 1.35671E-5 1.81608E-5 3.69109E-5 3.87082E-5 2.5437E-5 4.70532E-5 3.68038E-5 3.79343E-5 2.50119E-5 2.14952E-5 3.66419E-5 1.33097E-5 2.77035E-5 2.08807E-5 1.70326E-5 1.40518E-5 2.33393E-5 3.05286E-5 2.2778E-5 2.31234E-5 2.08312E-5 2.04365E-5 1.86166E-5 2.04307E-5 1.73749E-5 1.64637E-5 2.14238E-5 1.75976E-5 1.55689E-5 1.58786E-5 2.11472E-5 1.91193E-5 1.82896E-5 1.23723E-5 1.82461E-5 1.91337E-5 1.93141E-5 1.89998E-5 1.61062E-5 1.30028E-5 3.56527E-5 1.8487E-5
-9999 -9999 -9999 -9999 -9999 -9999 -9999 -9999 -9999 -9999 1.12214E-5 2.03393E-5 2.67107E-5 5.66826E-5 3.16175E-5 2.03787E-5 2.98446E-5 3.65423E-5 1.80008E-5 1.26507E-5 2.67151E-5 2.94926E-5 3.06774E-5 1.83075E-5 1.87873E-5 4.74721E-5 4.50762E-5 3.36012E-5 1.91698E-5 1.15995E-5 1.64621E-5 1.34914E-5 2.02572E-5 2.65053E-5 2.46909E-5 2.19105E-5 2.25267E-5 2.1769E-5 2.87081E-5 3.00308E-5 1.76092E-5 2.60412E-5 2.19039E-5 1.56808E-5 1.6421E-5 2.03971E-5 1.50401E-5 1.33827E-5 1.90291E-5 2.02073E-5 1.47201E-5 1.69554E-5 1.711E-5 1.53772E-5 1.46518E-5 1.98259E-5 2.68135E-5 1.23455E-5 1.96918E-5 3.57997E-5 2.76298E-5
-9999 -9999 -9999 -9999 -9999 -9999 -9999 -9999 -9999 -9999 1.60729E-5 3.26986E-5 4.17953E-5 6.64313E-5 4.25434E-5 4.93865E-5 4.03829E-5 5.8967E-5 2.35775E-5 2.30165E-5 3.01619E-5 1.92398E-5 4.3014E-5 1.66334E-5 1.11141E-5 1.06491E-5 1.6851E-5 4.05837E-5 2.10698E-5 1.85598E-5 1.56884E-5 1.19554E-5 3.48661E-5 1.43516E-5 1.56653E-5 2.08756E-5 2.05609E-5 2.61829E-5 3.53327E-5 1.67329E-5 1.80813E-5 2.07834E-5 1.73472E-5 1.56104E-5 1.56381E-5 2.1303E-5 1.70436E-5 1.85752E-5 2.09216E-5 1.57623E-5 1.76266E-5 1.8999E-5 1.50924E-5 1.73463E-5 2.0122E-5 1.86818E-5 1.79571E-5 1.45007E-5 1.11033E-5 1.07096E-5 1.38549E-5
-9999 -9999 -9999 -9999 -9999 -9999 -9999 -9999 -9999 -9999 -9999 1.12763E-5 4.37446E-5 3.94655E-5 5.08705E-5 4.6764E-5 3.79575E-5 5.54189E-5 4.47261E-5 2.48487E-5 3.60263E-5 9.63829E-6 1.27857E-5 1.52783E-5 8.74267E-6 2.36578E-5 2.28954E-5 2.37184E-5 3.08054E-5 1.36761E-5 2.14429E-5 1.96266E-5 1.99304E-5 2.5883E-5 1.35974E-5 2.11733E-5 2.82016E-5 2.9556E-5 3.2495E-5 2.84683E-5 1.9806E-5 2.50297E-5 2.71171E-5 1.14993E-5 2.32019E-5 1.90127E-5 1.71932E-5 1.12626E-5 1.30583E-5 2.1049E-5 2.01357E-5 2.13118E-5 1.18966E-5 1.60681E-5 1.73065E-5 1.72213E-5 2.32052E-5 3.13775E-5 2.16069E-5 1.1186E-5 1.00603E-5
-9999 -9999 -9999 -9999 -9999 -9999 -9999 -9999 -9999 -9999 -9999 4.24388E-6 4.14743E-5 4.01355E-5 4.48264E-5 4.95437E-5 3.8013E-5 5.31678E-5 4.0413E-5 3.85699E-5 2.12446E-5 1.84713E-5 8.05765E-6 1.40684E-5 2.53493E-5 2.9786E-5 2.48573E-5 1.18711E-5 2.60368E-5 2.39364E-5 2.79749E-5 1.70262E-5 1.87405E-5 2.86121E-5 2.60622E-5 2.28006E-5 2.11609E-5 2.29042E-5 2.97644E-5 2.18799E-5 1.98061E-5 2.84691E-5 2.31085E-5 1.8671E-5 1.88546E-5 2.21734E-5 1.95027E-5 1.76525E-5 1.72906E-5 1.50104E-5 1.96488E-5 2.06118E-5 1.67187E-5 1.74956E-5 2.29507E-5 2.02673E-5 1.59329E-5 1.96542E-5 1.52613E-5 1.4575E-5 1.66214E-5
-9999 -9999 -9999 -9999 -9999 -9999 -9999 -9999 -9999 -9999 1.64562E-5 1.08731E-5 3.39782E-5 1.17733E-4 2.56416E-5 0E0 1.85127E-5 3.31167E-5 3.40311E-5 3.60276E-5 3.00511E-5 2.48482E-5 1.40439E-5 1.32762E-5 2.32333E-5 1.35528E-5 1.24041E-5 7.71951E-6 1.61369E-5 2.9474E-5 1.77829E-5 1.19545E-5 1.82401E-5 1.71619E-5 2.97478E-5 2.52503E-5 3.1484E-5 1.08774E-5 3.04473E-5 2.58861E-5 1.74198E-5 1.9888E-5 2.37193E-5 2.5235E-5 2.4329E-5 1.99402E-5 1.91252E-5 1.60207E-5 1.31527E-5 1.2463E-5 1.28578E-5 2.41135E-5 2.71551E-5 1.64597E-5 2.11452E-5 1.68728E-5 1.24094E-5 1.64621E-5 1.37767E-5 1.23596E-5 1.71183E-5
-9999 -9999 -9999 -9999 -9999 -9999 -9999 -9999 -9999 -9999 -9999 6.34252E-6 0E0 0E0 3.50432E-5 4.2791E-5 2.23143E-5 2.75362E-5 3.72872E-5 3.4203E-5 3.82714E-5 2.67929E-5 1.36281E-5 6.06826E-6 2.47769E-5 1.0846E-5 -9999 1.20102E-5 2.16769E-5 2.12411E-5 9.48368E-6 2.26434E-5 3.2747E-5 2.75856E-5 1.96546E-5 3.18246E-5 3.23333E-5 2.41439E-5 1.83236E-5 2.62841E-5 1.54736E-5 1.91865E-5 2.01808E-5 2.39688E-5 2.39371E-5 1.80371E-5 1.81048E-5 1.33299E-5 1.48827E-5 1.31149E-5 1.38807E-5 3.70666E-5 2.3277E-5 1.45551E-5 1.59708E-5 2.15547E-5 1.4424E-5 1.74584E-5 1.51718E-5 1.18384E-5 1.45422E-5
-9999 -9999 -9999 -9999 -9999 -9999 -9999 -9999 -9999 -9999 -9999 2.63795E-6 5.78219E-5 3.17292E-5 2.24398E-5 1.54801E-5 1.63511E-5 2.26407E-5 2.54906E-5 3.24955E-5 2.79176E-5 4.02892E-5 2.71271E-5 5.20992E-6 1.17938E-5 -9999 1.9443E-5 2.67845E-5 4.44646E-5 2.31956E-5 3.04587E-5 2.63453E-5 2.89674E-5 3.06459E-5 2.66469E-5 2.98536E-5 3.0604E-5 1.30823E-5 2.44589E-5 2.2706E-5 2.47857E-5 1.93322E-5 2.10437E-5 1.52991E-5 1.81285E-5 1.61082E-5 1.33443E-5 1.74713E-5 1.12789E-5 1.26823E-5 1.35964E-5 2.21626E-5 2.16274E-5 1.5671E-5 1.36164E-5 1.41838E-5 1.85734E-5 1.95858E-5 1.57539E-5 1.42559E-5 1.47416E-5
-9999 -9999 -9999 -9999 -9999 -9999 -9999 -9999 -9999 -9999 -9999 3.91528E-6 5.83403E-5 0E0 0E0 4.67107E-5 1.74795E-5 -9999 3.35376E-5 3.77921E-5 -9999 3.86133E-5 4.78395E-5 2.19338E-5 1.32191E-5 -9999 1.1689E-5 1.49577E-5 3.39331E-5 2.76478E-5 1.75623E-5 4.21303E-5 2.51793E-5 1.86534E-5 9.79553E-6 3.53125E-5 2.97954E-5 3.10962E-5 2.33672E-5 2.84257E-5 2.56621E-5 2.31738E-5 1.98117E-5 1.97021E-5 1.95602E-5 2.22803E-5 1.79772E-5 2.19724E-5 1.23075E-5 9.42181E-6 9.92869E-6 1.61078E-5 2.01622E-5 1.78846E-5 1.58639E-5 1.4197E-5 1.48566E-5 1.7758E-5 1.58393E-5 1.56787E-5 1.4258E-5
-9999 -9999 -9999 -9999 -9999 -9999 -9999 -9999 -9999 -9999 -9999 7.19684E-6 0E0 0E0 0E0 5.16832E-5 3.27341E-5 -9999 2.3683E-5 1.47584E-5 3.11851E-5 2.12748E-5 3.32955E-5 4.77835E-5 -9999 -9999 1.90244E-5 2.71283E-5 2.36122E-5 3.91758E-5 1.92402E-5 1.51381E-5 9.81251E-6 1.67029E-5 1.54875E-5 3.41162E-5 2.37558E-5 2.28116E-5 2.41374E-5 3.52832E-5 2.76558E-5 2.24966E-5 2.21202E-5 1.78362E-5 2.40728E-5 2.06724E-5 2.34754E-5 1.73658E-5 1.4256E-5 1.83282E-5 2.27157E-5 2.14269E-5 1.86523E-5 2.51934E-5 1.60475E-5 1.56794E-5 1.81357E-5 2.02954E-5 1.73927E-5 1.59036E-5 1.39819E-5
-9999 -9999 -9999 -9999 -9999 -9999 -9999 -9999 -9999 -9999 -9999 -9999 1.24448E-5 5.05809E-5 5.69137E-5 5.46171E-5 3.08949E-5 -9999 -9999 -9999 8.0488E-6 -9999 2.77944E-5 1.63839E-5 -9999 1.51036E-5 2.83927E-5 3.51298E-5 3.24925E-5 4.86044E-5 3.60663E-5 9.63618E-6 1.18008E-5 1.33401E-5 2.02868E-5 3.26287E-5 2.53965E-5 3.38883E-5 2.89273E-5 1.85958E-5 1.67987E-5 2.27531E-5 1.38597E-5 2.24488E-5 2.20844E-5 1.78023E-5 3.2644E-5 5.51113E-5 2.40203E-5 1.76029E-5 1.51324E-5 1.53432E-5 1.684E-5 2.38963E-5 2.5436E-5 1.46177E-5 1.76864E-5 1.71859E-5 1.6308E-5 1.56597E-5 1.57642E-5
-9999 -9999 -9999 -9999 -9999 -9999 -9999 -9999 -9999 -9999 -9999 -9999 6.38096E-6 1.6668E-5 5.14183E-5 3.8599E-5 -9999 1.2154E-5 -9999 -9999 2.46829E-5 9.79531E-6 1.82338E-5 6.00005E-6 -9999 8.17154E-6 1.11378E-5 2.59811E-5 4.2643E-5 3.98548E-5 2.40773E-5 7.61057E-6 2.59716E-5 3.36547E-5 2.57556E-5 1.8126E-5 2.26613E-5 2.7162E-5 3.77873E-5 1.83108E-5 1.10666E-5 2.21823E-5 1.87088E-5 2.37199E-5 2.03714E-5 2.25128E-5 2.83463E-5 8.8722E-5 1.38681E-4 3.81918E-5 1.85917E-5 1.87816E-5 2.2668E-5 1.82772E-5 1.7013E-5 2.34273E-5 1.81302E-5 1.71025E-5 1.71564E-5 1.75487E-5 1.6409E-5
-9999 -9999 -9999 -9999 -9999 -9999 -9999 -9999 -9999 -9999 -9999 -9999 -9999 5.57967E-6 3.08506E-5 1.69445E-5 1.17308E-5 9.13586E-6 -9999 1.19982E-5 1.17085E-5 9.02005E-6 4.26204E-6 1.00744E-5 -9999 9.28722E-6 1.22141E-5 2.27645E-5 3.56573E-5 4.27874E-5 3.53336E-5 9.05529E-6 2.22872E-5 6.42041E-6 1.09995E-5 1.62006E-5 2.49302E-5 3.92892E-5 2.32515E-5 2.98227E-5 2.63225E-5 2.64523E-5 2.87488E-5 2.50584E-5 2.44553E-5 2.10934E-5 3.20433E-5 1.46115E-4 1.22468E-4 3.53309E-5 2.28579E-5 1.32044E-5 2.35808E-5 2.355E-5 2.67629E-5 1.76113E-5 1.97656E-5 1.84574E-5 1.91476E-5 1.83268E-5 1.64419E-5
-9999 -9999 -9999 -9999 -9999 -9999 -9999 -9999 -9999 -9999 -9999 -9999 -9999 2.69241E-6 9.83988E-6 1.33049E-5 7.17928E-6 9.25439E-6 -9999 2.22202E-5 9.62407E-6 9.20085E-6 1.48064E-5 -9999 2.42517E-5 6.54489E-6 6.46551E-6 1.72135E-5 3.7892E-5 4.44705E-5 3.82598E-5 2.33634E-5 8.10339E-6 1.69424E-5 1.2179E-5 1.99753E-5 2.65041E-5 2.39298E-5 3.4934E-5 3.54282E-5 2.61471E-5 3.49162E-5 2.9623E-5 2.44166E-5 2.49752E-5 1.99061E-5 3.23101E-5 3.268E-5 2.65372E-5 2.38111E-5 3.21899E-5 5.26819E-5 1.99132E-5 1.43303E-5 2.02559E-5 1.98884E-5 1.74775E-5 1.89568E-5 2.16489E-5 2.0214E-5 1.7457E-5
-9999 -9999 -9999 -9999 -9999 -9999 -9999 -9999 -9999 -9999 -9999 -9999 -9999 3.20689E-6 -9999 -9999 8.40646E-6 -9999 -9999 1.97747E-5 6.1936E-6 1.40483E-5 1.17189E-5 -9999 -9999 5.31742E-6 9.2667E-6 2.67435E-5 4.24136E-5 4.93378E-5 4.43463E-5 4.50471E-5 2.24657E-5 1.97085E-5 1.07354E-5 2.73512E-5 1.85553E-5 2.59136E-5 2.75688E-5 2.44754E-5 1.89091E-5 2.83865E-5 2.5924E-5 2.52509E-5 1.57035E-5 2.53274E-5 2.6156E-5 2.30826E-5 2.24346E-5 2.0683E-5 2.21028E-5 3.54468E-5 2.70687E-5 3.04674E-5 2.63009E-5 1.77026E-5 2.15551E-5 1.85186E-5 2.07495E-5 2.19739E-5 1.92373E-5
-9999 -9999 -9999 -9999 -9999 -9999 -9999 -9999 -9999 -9999 -9999 -9999 -9999 -9999 -9999 -9999 1.16739E-5 -9999 -9999 2.57476E-5 -9999 1.43475E-5 1.1247E-5 -9999 7.63038E-6 1.25157E-5 1.69723E-5 1.08766E-5 2.54401E-5 4.67731E-5 3.58277E-5 2.37702E-5 3.3211E-5 8.76354E-6 1.69216E-5 2.13358E-5 1.93399E-5 1.45044E-5 2.53823E-5 2.53176E-5 2.34903E-5 2.91159E-5 2.92894E-5 2.86483E-5 2.90387E-5 2.27263E-5 2.37503E-5 2.09538E-5 2.78253E-5 2.41689E-5 2.55644E-5 2.8481E-5 1.77085E-5 1.44032E-5 1.84924E-5 1.48595E-5 2.27952E-5 2.14087E-5 2.23279E-5 2.5085E-5 2.30165E-5
-9999 -9999 -9999 -9999 -9999 -9999 -9999 -9999 -9999 -9999 -9999 -9999 -9999 0E0 -9999 4.01077E-6 -9999 -9999 -9999 3.26129E-5 -9999 1.65678E-5 -9999 -9999 1.04422E-5 9.25821E-6 4.2767E-5 4.02814E-5 3.78038E-5 4.9224E-5 2.41967E-5 1.74447E-5 3.61037E-5 9.3755E-6 1.52529E-5 1.07522E-5 2.78123E-5 2.28585E-5 1.88185E-5 2.6517E-5 3.22192E-5 2.77119E-5 2.89292E-5 2.74674E-5 2.91131E-5 2.28428E-5 2.40206E-5 2.28851E-5 3.05337E-5 3.03454E-5 3.7352E-5 3.70141E-5 3.53803E-5 2.54111E-5 1.35686E-5 1.39351E-5 2.27535E-5 1.74235E-5 2.68386E-5 2.52268E-5 2.18264E-5
-9999 -9999 -9999 -9999 -9999 -9999 -9999 -9999 -9999 -9999 -9999 -9999 1.59403E-5 3.53344E-6 1.23792E-6 2.88095E-6 3.05985E-6 4.4461E-6 -9999 -9999 9.15902E-6 7.53335E-6 -9999 -9999 7.40315E-6 1.79467E-5 3.14265E-5 3.43908E-5 3.69394E-5 4.34261E-5 2.80676E-5 2.47593E-5 2.22363E-5 1.85455E-5 1.66114E-5 9.3725E-6 8.04128E-6 2.94413E-5 2.6101E-5 2.21393E-5 2.48118E-5 2.96029E-5 2.66672E-5 2.68478E-5 3.36926E-5 2.55275E-5 3.07358E-5 2.35399E-5 2.61217E-5 3.58074E-5 3.64703E-5 2.78111E-5 2.76485E-5 2.09921E-5 2.76666E-5 2.07786E-5 1.71942E-5 1.66015E-5 2.14036E-5 2.09137E-5 2.43658E-5
-9999 -9999 -9999 -9999 -9999 -9999 -9999 -9999 -9999 -9999 -9999 -9999 1.29908E-5 1.10334E-6 2.71455E-6 7.52189E-6 4.2989E-6 6.13313E-6 9.44526E-6 -9999 -9999 -9999 -9999 -9999 -9999 6.64871E-6 3.14113E-5 2.86554E-5 1.67215E-5 2.13527E-5 9.16666E-6 4.52665E-5 1.13639E-5 7.61092E-6 1.5224E-5 8.25437E-6 7.80591E-6 1.27669E-5 2.33137E-5 1.96045E-5 2.50336E-5 2.90864E-5 2.35311E-5 2.83258E-5 2.3788E-5 3.20765E-5 2.94883E-5 2.3762E-5 3.58842E-5 4.47427E-5 2.40391E-5 3.11038E-5 3.7707E-5 1.41675E-5 1.72016E-5 1.82523E-5 1.63042E-5 1.51664E-5 2.39907E-5 2.14923E-5 1.98697E-5
-9999 -9999 -9999 -9999 -9999 -9999 -9999 -9999 -9999 -9999 -9999 -9999 -9999 3.60843E-6 5.00691E-6 2.42671E-6 6.64356E-6 -9999 1.13901E-5 -9999 -9999 -9999 7.34516E-6 -9999 4.30346E-6 5.56529E-6 2.31745E-5 2.11346E-5 -9999 5.5238E-6 9.97661E-6 7.68038E-6 7.56415E-6 8.40782E-6 1.33823E-5 1.23338E-5 1.58036E-5 1.74101E-5 1.70705E-5 1.89559E-5 2.41877E-5 2.53115E-5 2.74257E-5 2.75876E-5 2.69025E-5 3.23314E-5 3.10993E-5 4.07387E-5 4.06824E-5 3.7474E-5 3.56042E-5 3.21191E-5 1.99965E-5 8.32531E-6 1.58374E-5 2.84171E-5 1.77016E-5 1.9299E-5 1.98402E-5 2.75863E-5 2.73785E-5
-9999 -9999 -9999 -9999 -9999 -9999 -9999 -9999 -9999 -9999 -9999 -9999 -9999 2.05254E-6 3.94412E-6 6.77788E-6 4.90544E-6 2.22518E-6 4.79437E-6 5.87369E-6 -9999 -9999 9.64393E-6 -9999 1.43303E-5 1.04152E-5 1.06315E-5 -9999 9.90552E-6 1.80032E-5 1.37638E-5 7.46299E-6 4.14098E-5 1.75015E-5 1.04174E-5 7.74851E-6 5.27356E-6 1.65421E-5 1.87744E-5 1.88683E-5 2.65738E-5 2.04198E-5 2.38144E-5 2.76728E-5 3.62765E-5 3.15216E-5 4.37457E-5 4.40157E-5 4.41641E-5 3.78834E-5 3.24053E-5 3.11326E-5 1.79099E-5 2.211E-5 2.59764E-5 1.70619E-5 1.65861E-5 2.12191E-5 2.28229E-5 2.15795E-5 2.76307E-5
-9999 -9999 -9999 -9999 -9999 -9999 -9999 -9999 -9999 -9999 -9999 -9999 2.25253E-5 4.7992E-6 1.66882E-6 2.95796E-6 5.31634E-6 -9999 4.82464E-6 9.67448E-6 4.47916E-6 -9999 2.94082E-6 8.53033E-7 -9999 -9999 -9999 4.90238E-6 8.90538E-6 3.59514E-5 2.93915E-5 4.10844E-5 2.26131E-5 9.1503E-6 1.03249E-5 1.30403E-5 1.10321E-5 1.31957E-5 1.40272E-5 1.35601E-5 1.48152E-5 2.30011E-5 2.36186E-5 2.37726E-5 3.55313E-5 3.94883E-5 4.19853E-5 3.24693E-5 2.91586E-5 3.07086E-5 2.2813E-5 2.54687E-5 2.74418E-5 1.55253E-5 2.09719E-5 1.36149E-5 2.11584E-5 1.57451E-5 2.46838E-5 3.13303E-5 2.52517E-5
-9999 -9999 -9999 -9999 -9999 -9999 -9999 -9999 -9999 -9999 -9999 -9999 -9999 2.68933E-6 2.95362E-6 -9999 2.80743E-6 -9999 2.94665E-6 -9999 -9999 -9999 1.82369E-6 4.92844E-6 -9999 -9999 2.08155E-6 1.76295E-5 7.35248E-6 9.46982E-6 1.48375E-5 6.77357E-5 1.62445E-5 3.72889E-5 3.13736E-5 1.46753E-5 7.44593E-6 1.4853E-5 1.44437E-5 3.14579E-5 2.69283E-5 2.4028E-5 2.61229E-5 2.29436E-5 2.48048E-5 3.8982E-5 2.91841E-5 2.98737E-5 2.71873E-5 3.53311E-5 3.12806E-5 2.10615E-5 1.96998E-5 1.11167E-5 2.29017E-5 1.1138E-5 1.22858E-5 2.07768E-5 2.34187E-5 3.65127E-5 2.48222E-5
-9999 -9999 -9999 -9999 -9999 -9999 -9999 -9999 -9999 -9999 -9999 -9999 -9999 2.44282E-6 3.0087E-6 -9999 1.91004E-6 3.94848E-6 -9999 -9999 -9999 1.0245E-5 2.88624E-6 2.84418E-6 -9999 -9999 1.83926E-6 9.47841E-6 2.46983E-6 7.89306E-6 1.15072E-5 1.36127E-5 2.09953E-5 1.32821E-5 3.22391E-5 3.29837E-5 1.1886E-5 1.2586E-5 2.81272E-5 3.81893E-5 2.62554E-5 2.64511E-5 3.81834E-5 2.32116E-5 2.38335E-5 3.11066E-5 2.86979E-5 2.64847E-5 2.55435E-5 2.0014E-5 2.49539E-5 3.32775E-5 2.60782E-5 1.29292E-5 2.05542E-5 1.90022E-5 1.54777E-5 2.00167E-5 2.13877E-5 2.85769E-5 2.00291E-5
-9999 -9999 -9999 -9999 -9999 -9999 -9999 -9999 -9999 -9999 -9999 -9999 -9999 2.88902E-6 2.27956E-6 -9999 8.07472E-6 1.97154E-6 4.17556E-6 -9999 -9999 4.74626E-6 1.86021E-6 6.39073E-6 -9999 -9999 -9999 4.49514E-6 8.42223E-6 1.00376E-5 8.91922E-6 7.56423E-6 7.92085E-6 1.05027E-5 2.17478E-5 2.99525E-5 1.40469E-5 2.28792E-5 2.00519E-5 2.37075E-5 2.64108E-5 3.79633E-5 5.01045E-5 2.85827E-5 2.41921E-5 2.97766E-5 2.62918E-5 2.89887E-5 2.55209E-5 1.66876E-5 2.34589E-5 1.61484E-5 1.64109E-5 1.57269E-5 2.6211E-5 1.58483E-5 2.15704E-5 1.19003E-5 2.22141E-5 1.90472E-5 2.63467E-5
-9999 -9999 -9999 -9999 -9999 -9999 -9999 -9999 -9999 -9999 -9999 -9999 -9999 7.79231E-6 -9999 2.42898E-6 -9999 4.40508E-6 4.60547E-6 -9999 9.76674E-6 1.65474E-6 2.21125E-6 2.39986E-6 1.1474E-5 -9999 2.56555E-6 3.8986E-6 8.64568E-6 2.55525E-5 2.8598E-5 4.69166E-5 1.23855E-5 1.04513E-5 1.9426E-5 2.28648E-5 1.2401E-5 1.10027E-5 1.21746E-5 2.3748E-5 3.58552E-5 3.83829E-5 4.77711E-5 3.89966E-5 2.84035E-5 2.13956E-5 3.22134E-5 4.73878E-5 2.67294E-5 2.66921E-5 1.96091E-5 2.93031E-5 2.71595E-5 2.63735E-5 2.71004E-5 1.74148E-5 1.45132E-5 2.0634E-5 1.79973E-5 1.72396E-5 1.08035E-5
