Candidate_Models_July82022/M_4_F_lqp_Set_1_all/Bison.asc
ncols         290
nrows         380
xllcorner     -2197417.7431653
yllcorner     -584827.01486885
cellsize      10000.0
NODATA_value  -9999
[rows 162 to 188 of 380, columns 0 to 60 of 290]
-9999 -9999 -9999 -9999 -9999 -9999 -9999 -9999 -9999 -9999 -9999 -9999 -9999 -9999 9.19917E-6 6.84534E-6 -9999 8.92017E-6 9.26221E-6 4.27353E-6 6.92051E-6 1.16547E-5 1.14104E-5 6.69813E-6 7.30463E-6 -9999 8.11429E-6 8.95132E-7 1.24637E-6 3.18879E-6 6.51152E-6 3.01614E-6 2.24543E-6 3.5756E-6 0E0 3.65944E-5 1.6515E-5 5.46451E-6 1.16751E-5 1.69635E-5 3.50064E-5 1.92116E-5 2.72116E-5 2.60429E-5 1.4041E-5 1.08838E-5 1.98206E-5 2.75578E-5 2.59444E-5 1.33938E-5 1.86276E-5 2.63272E-5 4.81264E-5 2.72863E-5 1.68892E-5 2.7458E-5 1.58545E-5 3.13967E-5 1.75324E-5 2.40128E-5 2.71159E-5
-9999 -9999 -9999 -9999 -9999 -9999 -9999 -9999 -9999 -9999 -9999 -9999 -9999 -9999 -9999 -9999 -9999 9.24392E-6 5.47422E-6 4.17395E-6 7.69599E-6 -9999 -9999 -9999 -9999 -9999 8.745E-6 2.39361E-6 2.48596E-6 3.14297E-6 3.31282E-6 1.81484E-6 0E0 4.0195E-6 4.65795E-6 3.12934E-5 8.86654E-6 3.82103E-6 6.26997E-6 4.18665E-5 1.63794E-5 2.75273E-5 3.34661E-5 1.94664E-5 2.47459E-5 8.13741E-6 1.86248E-5 8.35761E-6 1.16037E-5 2.89507E-5 1.75274E-5 2.20707E-5 2.66277E-5 3.44625E-5 2.27903E-5 1.24868E-5 3.56317E-5 2.59068E-5 2.69495E-5 1.96676E-5 2.28265E-5
-9999 -9999 -9999 -9999 -9999 -9999 -9999 -9999 -9999 -9999 -9999 -9999 -9999 -9999 -9999 3.64007E-6 -9999 1.19541E-5 4.56774E-6 2.52698E-6 2.36513E-6 2.26123E-6 -9999 -9999 -9999 3.10673E-6 5.75889E-6 3.25467E-6 2.58246E-6 5.70485E-6 6.56246E-6 3.22093E-6 1.48363E-6 6.07933E-6 0E0 5.6238E-6 6.15429E-6 4.76422E-6 4.75742E-5 5.10546E-5 1.64149E-5 2.03165E-5 3.67332E-5 1.26081E-5 6.09231E-6 2.25543E-5 9.65984E-6 9.70114E-6 1.30364E-5 1.27226E-5 6.28015E-6 2.10622E-5 2.43051E-5 1.39942E-5 1.74288E-5 3.18776E-5 2.74038E-5 2.44269E-5 1.19947E-5 1.2967E-5 2.02124E-5
-9999 -9999 -9999 -9999 -9999 -9999 -9999 -9999 -9999 -9999 -9999 -9999 -9999 -9999 -9999 3.53355E-6 -9999 6.27005E-6 -9999 2.29225E-6 2.78072E-6 -9999 -9999 -9999 4.18832E-6 1.71939E-6 -9999 5.15273E-6 4.02562E-7 1.85576E-6 -9999 3.53979E-6 1.43089E-6 4.83282E-6 0E0 7.91945E-6 4.00708E-6 2.58326E-5 6.39944E-5 6.3939E-5 1.8797E-5 3.10692E-5 3.45201E-5 1.56706E-5 2.04093E-5 1.63315E-5 2.61326E-5 1.23263E-5 1.75071E-5 1.25819E-5 1.39416E-5 1.22002E-5 1.38301E-5 1.38941E-5 3.53382E-5 2.38679E-5 3.46329E-5 1.25919E-5 1.75441E-5 1.49577E-5 1.98801E-5
-9999 -9999 -9999 -9999 -9999 -9999 -9999 -9999 -9999 -9999 -9999 -9999 -9999 -9999 -9999 3.86015E-6 -9999 1.21268E-5 -9999 2.71827E-6 1.59022E-6 5.32002E-6 1.39892E-5 -9999 6.90845E-6 9.21992E-6 -9999 -9999 4.54652E-6 -9999 1.92029E-6 1.38859E-6 1.56891E-6 5.76125E-6 1.53119E-5 -9999 5.26036E-6 5.60972E-6 3.87513E-5 3.45085E-5 1.58416E-5 1.71504E-5 3.90878E-5 3.36449E-5 2.95953E-5 7.13358E-6 1.15013E-5 1.29888E-5 1.69821E-5 1.93208E-5 8.01502E-6 1.3804E-5 1.29806E-5 2.3167E-5 2.33228E-5 4.51294E-5 3.53088E-5 1.981E-5 3.79714E-5 1.76357E-5 2.49123E-5
-9999 -9999 -9999 -9999 -9999 -9999 -9999 -9999 -9999 -9999 -9999 -9999 -9999 -9999 -9999 6.36816E-6 1.43424E-5 -9999 -9999 5.45551E-6 4.7606E-6 9.93068E-6 -9999 1.59931E-5 -9999 7.97983E-6 1.1965E-5 6.05929E-6 1.3045E-5 -9999 2.28462E-7 2.32298E-6 1.76074E-6 6.59966E-6 5.49746E-6 4.59289E-6 1.26874E-5 3.79542E-6 1.57999E-5 1.02449E-5 5.61343E-6 1.51794E-5 4.14519E-5 4.41175E-5 1.99698E-5 8.37085E-6 1.12895E-5 1.15151E-5 8.56065E-6 3.1896E-5 2.23577E-5 1.56641E-5 1.83863E-5 2.59178E-5 2.10174E-5 1.86486E-5 3.93874E-5 2.17207E-5 2.28642E-5 1.54317E-5 2.00718E-5
-9999 -9999 -9999 -9999 -9999 -9999 -9999 -9999 -9999 -9999 -9999 -9999 -9999 -9999 -9999 1.01185E-5 -9999 -9999 -9999 5.43237E-6 9.6306E-6 1.03359E-5 -9999 -9999 1.21644E-5 3.51651E-6 -9999 -9999 -9999 0E0 -9999 1.29965E-6 1.05424E-6 5.34853E-6 3.03516E-6 3.08464E-6 1.13592E-5 5.92626E-6 4.09344E-6 2.50168E-5 1.05302E-5 2.44416E-5 3.11503E-5 3.51783E-5 3.1628E-5 9.94163E-6 1.20486E-5 2.23786E-5 1.42504E-5 3.21031E-5 3.22442E-5 1.72251E-5 1.16082E-5 3.30582E-5 2.57693E-5 3.02703E-5 2.82122E-5 4.04363E-5 3.32627E-5 2.00507E-5 2.17697E-5
-9999 -9999 -9999 -9999 -9999 -9999 -9999 -9999 -9999 -9999 -9999 -9999 -9999 -9999 -9999 8.19787E-6 -9999 -9999 -9999 1.11695E-5 7.58454E-6 -9999 -9999 -9999 1.05633E-5 -9999 0E0 1.74278E-5 4.84386E-6 2.79333E-6 5.44904E-7 6.10669E-7 1.09056E-6 3.41393E-6 -9999 8.10801E-6 -9999 7.32951E-6 5.34772E-6 6.04916E-6 4.00747E-6 2.36133E-5 1.13234E-5 3.14032E-5 1.97701E-5 2.98066E-5 1.49573E-5 1.73902E-5 2.16479E-5 2.13514E-5 2.52756E-5 1.78609E-5 1.85248E-5 4.46009E-5 2.26887E-5 2.59376E-5 2.80624E-5 3.58504E-5 2.4709E-5 1.95419E-5 1.97129E-5
-9999 -9999 -9999 -9999 -9999 -9999 -9999 -9999 -9999 -9999 -9999 -9999 -9999 -9999 -9999 -9999 -9999 -9999 1.46368E-5 9.8351E-6 5.64064E-6 -9999 -9999 -9999 1.72749E-5 -9999 -9999 -9999 8.00772E-6 -9999 7.42216E-7 1.28753E-6 2.35971E-6 2.31471E-6 -9999 8.88292E-6 7.4667E-6 2.40732E-6 3.79522E-6 6.16113E-6 1.07041E-5 1.96981E-5 2.45694E-5 2.3813E-5 2.61522E-5 3.09243E-5 3.75434E-5 2.20688E-5 8.91553E-6 2.23118E-5 2.94898E-5 1.46924E-5 1.99008E-5 3.18754E-5 1.58891E-5 2.07894E-5 2.79732E-5 3.61909E-5 2.56748E-5 2.11285E-5 2.1864E-5
-9999 -9999 -9999 -9999 -9999 -9999 -9999 -9999 -9999 -9999 -9999 -9999 -9999 -9999 -9999 -9999 -9999 -9999 -9999 -9999 -9999 -9999 -9999 -9999 -9999 1.55545E-5 -9999 1.42278E-5 4.60849E-6 2.18942E-6 1.66273E-6 1.27633E-6 1.35022E-6 4.64366E-6 3.55626E-6 8.84966E-6 2.21273E-6 2.76778E-5 1.19968E-5 4.84432E-6 2.10065E-5 1.99794E-5 9.12781E-6 6.81503E-6 1.5581E-5 1.64294E-5 3.78174E-5 4.81119E-5 1.0786E-5 2.31729E-5 2.55793E-5 1.99093E-5 2.29463E-5 2.06488E-5 2.00169E-5 3.18018E-5 3.01207E-5 4.20204E-5 4.15726E-5 1.95225E-5 2.52495E-5
-9999 -9999 -9999 -9999 -9999 -9999 -9999 -9999 -9999 -9999 -9999 -9999 -9999 -9999 -9999 -9999 -9999 -9999 -9999 -9999 -9999 -9999 -9999 -9999 -9999 -9999 -9999 8.39149E-6 2.55209E-6 2.19075E-6 9.07511E-7 1.77246E-6 9.80841E-6 4.24456E-6 6.44951E-6 2.36822E-6 5.47577E-6 5.37946E-5 1.11511E-5 1.55357E-5 2.14366E-5 7.50686E-6 5.71701E-6 7.22898E-6 5.92082E-6 2.22541E-5 2.43343E-5 4.05964E-5 3.73297E-5 8.68072E-6 1.66525E-5 2.02681E-5 2.34819E-5 3.37045E-5 2.78039E-5 2.66429E-5 2.27763E-5 3.90631E-5 4.25034E-5 2.35475E-5 1.95474E-5
-9999 -9999 -9999 -9999 -9999 -9999 -9999 -9999 -9999 -9999 -9999 -9999 -9999 -9999 -9999 -9999 -9999 -9999 -9999 -9999 -9999 -9999 -9999 -9999 -9999 -9999 -9999 9.85912E-6 4.78439E-6 4.78766E-6 3.53693E-6 4.14344E-6 9.07305E-6 5.97998E-6 2.54332E-6 3.59647E-6 2.54936E-6 1.04585E-5 1.87935E-5 2.21922E-5 6.32091E-6 9.70146E-6 5.35526E-6 5.62807E-6 1.14232E-5 4.32433E-5 1.26524E-5 2.57818E-5 4.44012E-5 9.60905E-6 1.42511E-5 2.21462E-5 2.53856E-5 3.01079E-5 3.3837E-5 1.61738E-5 2.10353E-5 4.52381E-5 3.65818E-5 1.73882E-5 3.31923E-5
-9999 -9999 -9999 -9999 -9999 -9999 -9999 -9999 -9999 -9999 -9999 1.54178E-5 -9999 -9999 -9999 -9999 -9999 -9999 -9999 -9999 -9999 -9999 -9999 -9999 -9999 -9999 -9999 -9999 -9999 8.10206E-6 9.51579E-6 -9999 5.59642E-6 5.31105E-6 -9999 1.16609E-5 7.60818E-6 4.99962E-6 6.26391E-6 1.43364E-5 1.27121E-5 1.03926E-5 8.2873E-6 1.1338E-5 1.34142E-5 2.04125E-5 1.64432E-5 2.47808E-5 2.87393E-5 1.17246E-5 1.68098E-5 1.96732E-5 2.03417E-5 2.3017E-5 2.18243E-5 2.92665E-5 1.51288E-5 3.32785E-5 3.7973E-5 2.06934E-5 1.52413E-5
-9999 -9999 -9999 -9999 -9999 -9999 -9999 -9999 -9999 -9999 -9999 1.25474E-5 1.4911E-5 1.77959E-5 -9999 -9999 -9999 -9999 -9999 -9999 -9999 -9999 -9999 -9999 -9999 -9999 -9999 -9999 -9999 -9999 4.9987E-6 1.82228E-6 1.8501E-6 1.16594E-6 2.96765E-6 2.0568E-6 5.62978E-6 4.47366E-6 5.91853E-6 8.82413E-6 1.20042E-5 9.87351E-6 1.8688E-5 1.33534E-5 6.25977E-6 3.68378E-5 2.33056E-5 1.99758E-5 3.86369E-5 1.58791E-5 1.00424E-5 1.75302E-5 2.91022E-5 2.08301E-5 3.22345E-5 4.49346E-5 1.58724E-5 3.00455E-5 4.33981E-5 3.35951E-5 1.6338E-5
-9999 -9999 -9999 -9999 -9999 -9999 -9999 -9999 -9999 -9999 9.45018E-6 5.41903E-6 1.0643E-5 1.7476E-5 -9999 -9999 -9999 -9999 -9999 -9999 -9999 -9999 -9999 -9999 -9999 -9999 -9999 -9999 -9999 4.67332E-6 1.01618E-6 1.43688E-6 1.07411E-6 5.48524E-6 3.97601E-6 5.58513E-6 1.75752E-5 6.47572E-6 5.70367E-6 8.25761E-6 9.22237E-6 1.45924E-5 1.25076E-5 8.7775E-6 2.23695E-5 3.10888E-5 4.81782E-5 4.48292E-5 2.79449E-5 1.22908E-5 1.82975E-5 1.63859E-5 1.63532E-5 2.1273E-5 2.79322E-5 5.01923E-5 2.06782E-5 2.31426E-5 3.73596E-5 2.53351E-5 2.07732E-5
-9999 -9999 -9999 -9999 -9999 -9999 -9999 -9999 -9999 1.66093E-5 7.26833E-6 1.2745E-5 -9999 1.58469E-5 2.03856E-5 1.82118E-5 -9999 -9999 -9999 -9999 -9999 -9999 -9999 -9999 -9999 -9999 -9999 -9999 1.21218E-5 4.66398E-6 1.20497E-6 3.59959E-6 3.63562E-6 1.71015E-6 3.34956E-6 1.30608E-5 1.20338E-5 5.19887E-6 7.78869E-6 1.83952E-5 1.21249E-5 9.6611E-6 2.20553E-5 2.02702E-5 1.47795E-5 2.50664E-5 4.04995E-5 1.52883E-5 9.74359E-6 1.94416E-5 9.34539E-6 1.52823E-5 1.69393E-5 2.63261E-5 2.85622E-5 3.40574E-5 2.71818E-5 3.13823E-5 3.80122E-5 2.83039E-5 2.83313E-5
-9999 -9999 -9999 -9999 -9999 -9999 -9999 -9999 -9999 -9999 8.61054E-6 1.49162E-5 1.22217E-5 1.77217E-5 3.4076E-5 3.21701E-5 -9999 -9999 -9999 -9999 -9999 -9999 -9999 -9999 -9999 -9999 -9999 2.15009E-5 1.18989E-5 5.97237E-6 3.23591E-6 1.52487E-6 4.38076E-6 5.6812E-6 7.37313E-6 1.50847E-5 9.87032E-6 6.51415E-6 3.5423E-6 2.1333E-5 1.05168E-5 1.21518E-5 1.38965E-5 7.71E-6 7.22177E-6 1.08538E-5 2.09193E-5 1.38541E-5 1.21166E-5 2.23921E-5 1.42751E-5 1.24321E-5 1.85687E-5 3.40235E-5 3.497E-5 3.37E-5 2.59687E-5 3.53301E-5 3.06928E-5 2.20366E-5 2.89212E-5
-9999 -9999 -9999 -9999 -9999 -9999 -9999 -9999 -9999 -9999 8.84967E-6 1.07192E-5 9.63163E-6 2.07824E-5 3.32975E-5 -9999 5.57789E-5 2.56672E-5 1.99251E-5 -9999 -9999 -9999 -9999 -9999 -9999 -9999 -9999 -9999 7.82874E-6 5.27333E-6 1.40704E-6 1.55381E-6 6.66519E-6 8.153E-6 2.35288E-5 9.18994E-6 3.27552E-5 1.42254E-5 9.85452E-6 6.88326E-6 9.21042E-6 7.89991E-6 1.11139E-5 1.92351E-5 9.87722E-6 9.05307E-6 2.44122E-5 1.29431E-5 2.46663E-5 2.08595E-5 1.75032E-5 2.12817E-5 3.02828E-5 3.39605E-5 3.64759E-5 3.50536E-5 3.24424E-5 3.44338E-5 1.92221E-5 2.68161E-5 1.98327E-5
-9999 -9999 -9999 -9999 -9999 -9999 -9999 -9999 -9999 1.25923E-5 7.16301E-6 -9999 -9999 -9999 2.39363E-5 4.51403E-5 3.46059E-5 -9999 -9999 -9999 -9999 -9999 -9999 -9999 -9999 -9999 -9999 -9999 5.21776E-6 1.92139E-6 3.85624E-6 1.53971E-6 7.30256E-6 5.52538E-6 1.05054E-5 7.55263E-6 1.1149E-5 5.89089E-6 4.78574E-6 9.86027E-6 1.17645E-5 1.61756E-5 7.16609E-6 1.38943E-5 1.47416E-5 1.5939E-5 2.15544E-5 2.98828E-5 3.38056E-5 2.51041E-5 2.04861E-5 2.00514E-5 3.0166E-5 3.89131E-5 3.55004E-5 2.85555E-5 3.82282E-5 2.74154E-5 1.72446E-5 2.67513E-5 3.60048E-5
-9999 -9999 -9999 -9999 -9999 -9999 -9999 -9999 -9999 6.46882E-6 7.89033E-6 7.83959E-6 -9999 -9999 3.01706E-5 2.91333E-5 -9999 -9999 -9999 -9999 -9999 -9999 -9999 -9999 -9999 -9999 -9999 -9999 7.67593E-6 5.95341E-6 2.74134E-6 2.58457E-6 2.22749E-6 4.51403E-6 5.71331E-6 6.09631E-6 4.17843E-6 4.71576E-6 1.01142E-5 2.85836E-5 1.50689E-5 6.68724E-6 8.58783E-6 1.8131E-5 5.97865E-6 1.35695E-5 1.78095E-5 1.17901E-5 2.04701E-5 2.22054E-5 1.67371E-5 1.96972E-5 4.00265E-5 3.12688E-5 3.25472E-5 3.72547E-5 3.48531E-5 3.09191E-5 3.44254E-5 3.12587E-5 2.41265E-5
-9999 -9999 -9999 -9999 -9999 -9999 -9999 -9999 -9999 -9999 4.8428E-6 7.35352E-6 7.96444E-6 2.05309E-5 2.76435E-5 2.12135E-5 -9999 -9999 -9999 -9999 -9999 -9999 -9999 -9999 -9999 2.19705E-5 1.21619E-5 -9999 -9999 1.40135E-5 3.08528E-6 2.16273E-6 4.432E-6 6.13777E-6 6.59518E-6 8.46776E-6 3.71746E-6 1.04247E-5 2.52881E-5 3.48486E-5 1.14693E-5 7.04484E-6 1.26837E-5 1.93444E-5 2.16205E-5 9.9612E-6 1.29789E-5 2.71004E-5 3.50675E-5 3.31611E-5 2.28211E-5 2.36063E-5 4.12945E-5 3.77788E-5 3.2717E-5 3.52049E-5 3.71214E-5 2.87114E-5 2.44069E-5 3.27935E-5 2.5692E-5
-9999 -9999 -9999 -9999 -9999 -9999 -9999 -9999 -9999 -9999 -9999 6.3156E-6 1.05077E-5 2.24689E-5 2.08852E-5 -9999 -9999 -9999 -9999 -9999 -9999 -9999 -9999 -9999 -9999 -9999 9.94358E-6 1.02053E-5 2.05434E-6 3.2295E-6 6.42358E-7 1.39031E-6 1.29421E-6 2.18122E-6 3.6736E-6 5.20061E-6 4.54824E-6 2.15322E-6 1.80013E-5 2.8913E-6 5.72188E-6 9.79382E-6 8.81061E-6 1.80153E-5 1.12738E-5 1.30582E-5 2.85444E-5 3.18936E-5 3.67148E-5 3.75502E-5 3.68032E-5 2.30984E-5 4.35772E-5 3.87897E-5 4.05239E-5 4.17616E-5 3.23196E-5 2.39871E-5 1.15838E-5 1.59117E-5 2.75734E-5
-9999 -9999 -9999 -9999 -9999 -9999 -9999 -9999 -9999 6.86915E-6 5.35497E-6 7.64626E-6 9.77857E-6 1.62587E-5 -9999 -9999 -9999 -9999 -9999 -9999 -9999 -9999 -9999 -9999 2.10555E-5 2.16998E-5 1.0363E-5 -9999 1.5703E-6 2.60215E-6 4.46737E-7 6.64955E-7 1.45816E-6 2.99126E-6 4.70574E-6 1.15084E-5 2.39167E-6 6.60424E-6 1.7706E-5 2.76135E-6 6.19016E-6 6.44814E-6 9.32719E-6 1.20984E-5 1.58067E-5 9.59361E-6 1.82145E-5 2.13488E-5 2.50756E-5 4.12419E-5 3.66722E-5 2.3579E-5 3.4096E-5 3.90725E-5 3.43773E-5 4.60644E-5 2.80757E-5 3.23788E-5 2.07956E-5 1.72083E-5 3.50309E-5
-9999 -9999 -9999 -9999 -9999 -9999 -9999 -9999 -9999 6.47662E-6 4.39553E-6 5.1596E-6 1.0013E-5 1.33565E-5 -9999 -9999 -9999 -9999 -9999 -9999 -9999 -9999 -9999 -9999 -9999 -9999 9.61746E-6 -9999 3.11772E-6 2.62039E-6 8.89916E-7 1.1597E-6 7.70619E-6 4.18605E-6 0E0 6.02043E-6 3.13213E-6 7.06614E-6 4.26948E-6 4.98232E-6 5.06263E-6 1.05295E-5 1.42049E-5 1.48642E-5 1.67446E-5 2.94357E-5 1.90207E-5 2.62251E-5 2.05011E-5 4.13646E-5 2.53277E-5 2.6736E-5 3.55165E-5 3.52996E-5 2.50604E-5 3.94365E-5 3.68701E-5 2.71445E-5 2.86012E-5 3.46728E-5 3.27378E-5
-9999 -9999 -9999 -9999 -9999 -9999 -9999 -9999 -9999 7.1136E-6 7.89466E-6 -9999 -9999 -9999 -9999 -9999 -9999 -9999 -9999 -9999 -9999 -9999 -9999 -9999 -9999 1.65955E-5 3.02003E-6 5.88578E-6 5.49563E-6 2.69596E-6 4.80397E-7 3.39287E-6 5.87256E-6 3.37942E-6 4.89266E-6 3.73548E-6 9.78665E-6 7.2974E-6 3.46394E-6 5.23598E-6 7.64167E-6 1.08486E-5 7.62549E-6 1.62296E-5 1.65782E-5 2.48407E-5 1.86031E-5 2.14845E-5 1.56398E-5 3.65193E-5 2.59582E-5 3.27269E-5 3.55661E-5 1.88689E-5 2.84975E-5 3.23218E-5 3.96882E-5 4.25355E-5 3.31404E-5 3.92329E-5 3.87796E-5
-9999 -9999 -9999 -9999 -9999 -9999 -9999 -9999 -9999 -9999 4.60271E-6 6.73406E-6 6.18653E-6 1.08274E-5 -9999 -9999 -9999 -9999 -9999 -9999 -9999 -9999 -9999 3.68088E-5 2.23959E-5 1.61262E-5 1.07701E-5 1.63557E-6 7.42948E-6 2.09924E-6 8.21333E-7 1.03999E-6 -9999 3.15631E-6 3.7666E-6 3.79259E-6 1.17135E-5 2.92528E-6 4.11138E-6 4.55598E-6 7.38878E-6 1.46692E-5 1.00273E-5 1.63406E-5 2.76803E-5 3.42386E-5 2.90639E-5 2.84126E-5 3.09116E-5 4.13373E-5 4.52851E-5 3.72723E-5 4.19682E-5 2.95518E-5 3.0147E-5 3.76776E-5 4.03064E-5 4.43851E-5 2.56479E-5 2.56949E-5 3.40155E-5
-9999 -9999 -9999 -9999 -9999 -9999 -9999 -9999 -9999 -9999 -9999 3.19852E-6 1.24085E-5 1.27514E-5 -9999 -9999 -9999 -9999 -9999 -9999 -9999 -9999 -9999 -9999 1.46096E-5 -9999 -9999 2.32849E-6 7.05668E-6 1.39663E-6 2.93661E-6 1.14933E-6 2.99622E-6 3.66549E-6 1.58647E-5 -9999 3.92822E-6 3.57457E-6 3.82231E-6 7.8291E-6 1.90715E-5 1.00375E-5 1.31876E-5 1.59716E-5 2.41793E-5 2.84652E-5 3.7453E-5 3.16521E-5 3.43398E-5 2.36962E-5 2.60602E-5 2.54375E-5 4.44732E-5 4.57357E-5 3.95423E-5 3.92159E-5 4.04347E-5 3.04074E-5 3.23932E-5 2.77406E-5 3.16402E-5
