Candidate_Models_July82022/M_4_F_lqp_Set_1_all/Bison.asc
ncols         290
nrows         380
xllcorner     -2197417.7431653
yllcorner     -584827.01486885
cellsize      10000.0
NODATA_value  -9999
[rows 270 to 296 of 380, columns 61 to 121 of 290]
3.37443E-6 4.82406E-6 4.10402E-6 4.80325E-6 2.8792E-5 2.54875E-5 2.50072E-5 7.69934E-5 7.9182E-5 6.77702E-5 1.86871E-4 1.55415E-4 1.97172E-4 2.54338E-4 1.83736E-4 1.47096E-4 1.46623E-4 1.02178E-4 8.63609E-5 1.1731E-4 5.99783E-5 3.35244E-5 3.37951E-5 3.22242E-5 5.8054E-5 5.74993E-5 4.05069E-5 5.71347E-5 1.27393E-4 2.39029E-5 3.73406E-5 1.20293E-4 2.49012E-5 3.26777E-5 3.44001E-5 2.29394E-5 2.08194E-5 3.03318E-5 3.05557E-5 1.64874E-5 1.2299E-5 2.26511E-5 2.64202E-5 1.63978E-5 2.10315E-5 2.76969E-5 3.26167E-5 2.7897E-5 3.94393E-5 4.94661E-5 4.13583E-5 8.43626E-6 1.55891E-5 1.15088E-5 7.06661E-5 4.11262E-5 3.74187E-5 1.03127E-4 4.68823E-5 7.51638E-5 8.79268E-5
4.8929E-6 3.03772E-6 5.93741E-6 1.28432E-5 1.4434E-5 2.98534E-5 3.1581E-5 5.32439E-5 1.27622E-4 1.79153E-4 1.51129E-4 1.45921E-4 2.76413E-4 2.33383E-4 2.278E-4 8.43632E-5 1.26934E-4 1.50226E-4 6.98895E-5 1.14114E-4 5.01409E-5 4.37546E-5 3.95507E-5 4.44888E-5 7.07158E-5 9.4618E-5 4.72911E-5 5.52708E-5 1.31823E-4 3.35721E-5 2.94683E-5 6.70105E-5 4.49066E-5 2.49395E-5 2.92981E-5 2.81531E-5 2.65359E-5 9.72662E-5 3.24435E-5 1.79503E-5 8.03661E-6 1.81817E-5 3.12584E-5 1.77247E-5 3.38171E-5 2.88837E-5 2.93103E-5 1.8305E-5 3.85848E-5 3.16469E-5 2.75399E-5 4.60879E-5 2.46822E-5 1.42184E-5 3.92411E-5 8.66157E-5 6.30643E-5 2.82619E-5 5.73376E-5 4.02303E-5 7.58157E-5
1.1245E-5 1.80781E-5 1.14246E-5 8.11338E-6 4.11428E-5 3.56059E-5 3.39071E-5 3.37115E-5 1.16677E-4 1.96359E-4 2.68401E-4 2.87964E-4 2.79403E-4 2.56832E-4 2.14524E-4 1.07166E-4 7.28799E-5 5.11721E-5 1.0738E-4 1.02217E-4 7.68214E-5 6.32061E-5 4.4539E-5 7.21024E-5 9.12603E-5 4.19497E-5 5.2607E-5 8.91241E-5 4.60401E-5 3.65685E-5 4.39478E-5 4.00343E-5 4.29506E-5 4.05982E-5 4.34696E-5 4.0416E-5 5.24596E-5 7.0336E-5 1.9655E-5 7.07017E-6 7.55737E-6 1.23128E-5 2.5341E-5 1.23924E-5 5.06068E-5 2.67703E-5 2.69757E-5 2.66312E-5 3.67933E-5 3.02292E-5 3.82756E-5 5.22868E-5 5.59296E-5 2.31506E-5 3.09872E-5 3.84934E-5 4.79325E-5 2.0326E-5 3.23041E-5 7.49442E-6 1.87307E-5
5.20136E-6 5.89555E-6 7.34672E-6 2.60286E-5 5.84775E-5 6.96469E-5 1.08971E-4 6.71746E-5 6.1186E-5 2.66445E-4 2.33656E-4 2.37538E-4 1.86327E-4 8.76079E-5 1.12278E-4 1.94867E-4 1.11968E-4 2.64903E-4 1.82345E-4 2.08753E-4 2.50909E-4 7.60473E-5 5.50134E-5 7.05671E-5 5.67071E-5 5.60739E-5 7.55548E-5 6.09703E-5 5.49219E-5 1.27434E-4 7.64958E-5 3.97694E-5 4.26951E-5 3.43209E-5 4.16507E-5 3.71041E-5 4.40815E-5 3.15549E-5 4.8556E-5 1.30762E-5 9.90693E-6 1.24534E-5 1.34887E-5 8.62494E-6 4.83143E-5 3.58634E-5 2.91854E-5 5.71824E-5 5.31929E-5 2.96718E-5 4.48463E-5 4.00041E-5 5.70755E-5 4.74132E-5 3.75358E-5 3.95401E-5 2.15448E-5 1.67525E-5 3.91481E-5 2.50848E-5 5.18609E-5
1.64341E-5 1.6162E-5 1.13035E-5 2.13343E-5 2.36317E-5 3.11754E-5 1.0944E-4 1.38153E-4 1.36546E-4 1.53051E-4 2.5098E-4 2.70062E-4 1.48621E-4 2.3862E-4 1.78261E-4 1.11765E-4 2.5647E-4 1.8325E-4 2.2572E-4 2.46634E-4 2.05106E-4 2.53129E-4 5.95332E-5 1.64049E-4 7.80911E-5 6.84154E-5 6.01609E-5 7.62425E-5 1.80953E-4 2.13532E-4 6.69931E-5 5.69266E-5 3.87602E-5 4.28592E-5 4.89996E-5 2.83536E-5 2.48276E-5 3.18185E-5 1.40926E-5 2.51306E-5 1.28648E-5 1.28028E-5 5.48727E-6 1.77675E-5 2.57815E-5 3.94261E-5 5.62805E-5 5.29051E-5 4.44532E-5 5.24732E-5 3.07864E-5 3.39151E-5 8.10826E-5 1.92845E-4 5.29359E-5 4.36039E-5 1.68192E-5 3.32231E-5 2.52597E-5 4.42196E-5 7.71762E-5
2.24425E-5 3.56607E-5 4.67534E-5 2.94771E-5 2.63127E-5 2.94303E-5 7.98007E-5 1.14897E-4 2.19045E-4 1.16256E-4 1.05816E-4 1.2305E-4 1.79238E-4 2.26365E-4 7.3198E-5 9.82753E-5 2.34036E-4 2.26405E-4 2.10732E-4 2.46485E-4 2.23354E-4 2.53641E-4 1.6213E-4 2.32879E-4 1.4814E-4 1.43669E-4 1.23358E-4 1.07995E-4 1.29166E-4 1.81072E-4 9.74144E-5 4.78629E-5 2.2631E-5 3.28773E-5 5.80406E-5 4.94811E-5 3.08702E-5 1.23863E-5 1.92721E-5 9.65232E-6 4.57024E-5 1.27903E-5 9.25464E-6 9.064E-6 1.63122E-5 3.90355E-5 3.38029E-5 6.97994E-5 9.00987E-5 4.53537E-5 4.33455E-5 4.19874E-5 2.49741E-4 2.44984E-4 8.66868E-5 2.64102E-5 1.87067E-5 2.37288E-5 1.47486E-5 3.86738E-5 7.3983E-5
5.11489E-6 4.10792E-5 8.85926E-5 6.49632E-5 2.71005E-5 3.21344E-5 3.48837E-5 8.26149E-5 1.28435E-4 1.22599E-4 1.12485E-4 1.61828E-4 2.37159E-4 1.08302E-4 1.57455E-4 1.31872E-4 2.26383E-4 1.88261E-4 2.42629E-4 2.45805E-4 1.52957E-4 1.24737E-4 2.26579E-4 1.69767E-4 1.63301E-4 1.56831E-4 1.42135E-4 1.84289E-4 6.19342E-5 9.13221E-5 1.75828E-4 4.733E-5 3.66111E-5 3.18159E-5 5.66813E-5 2.74179E-5 1.05938E-5 1.54749E-5 1.60693E-5 1.78348E-5 8.48443E-6 1.46604E-5 2.76195E-5 1.4579E-5 2.236E-5 4.46324E-5 6.01703E-5 5.90838E-5 1.26617E-4 7.05865E-5 4.81309E-5 7.14351E-5 2.1552E-4 2.40519E-4 1.67902E-4 1.30841E-5 5.19656E-5 2.49411E-5 2.79E-5 2.61781E-5 3.84659E-5
1.37349E-5 1.43471E-5 4.63688E-5 9.78815E-5 8.18932E-5 5.48426E-5 8.03413E-5 6.89427E-5 6.80854E-5 1.26623E-4 1.19035E-4 2.43613E-4 1.51977E-4 1.58812E-4 1.77222E-4 1.29275E-4 1.28275E-4 1.68385E-4 2.20509E-4 2.24905E-4 1.63572E-4 2.16781E-4 2.10153E-4 2.23092E-4 1.42191E-4 1.42084E-4 1.52939E-4 2.13721E-4 1.04912E-4 7.68717E-5 1.96194E-4 1.12507E-4 1.57434E-4 1.90355E-4 5.28051E-5 1.61864E-5 1.56472E-5 1.9748E-5 1.52186E-5 1.45827E-5 1.38757E-5 1.44341E-5 2.18943E-5 1.24642E-5 9.73633E-6 3.84177E-5 3.27162E-5 6.64739E-5 7.26401E-5 6.89129E-5 3.60393E-5 7.11862E-5 6.37177E-5 2.13374E-4 1.45681E-4 3.06556E-5 1.4183E-5 3.13319E-5 2.23597E-5 2.30123E-5 2.61214E-5
2.62571E-5 2.10111E-5 6.17153E-5 2.20267E-4 2.56067E-4 1.69806E-4 8.49729E-5 7.16276E-5 7.46895E-5 1.95663E-4 1.41762E-4 1.84223E-4 1.20588E-4 8.4397E-5 2.03826E-4 7.00835E-5 1.86674E-4 1.17945E-4 9.31702E-5 1.83776E-4 2.29636E-4 2.28034E-4 1.88142E-4 1.98524E-4 1.75206E-4 1.92127E-4 2.13348E-4 2.12718E-4 1.19546E-4 7.94912E-5 8.25785E-5 1.24911E-4 3.74169E-5 7.85536E-5 3.6537E-5 1.90522E-5 1.07276E-5 1.66433E-5 1.85136E-5 2.22893E-5 1.56974E-5 1.22996E-5 3.24798E-5 2.23676E-5 1.43853E-5 1.78118E-5 4.34176E-5 4.14269E-5 4.47087E-5 6.06075E-5 7.0498E-5 4.27771E-5 3.25674E-5 7.01243E-5 7.51258E-5 3.9617E-5 1.21373E-5 3.76679E-5 2.94959E-5 1.15518E-5 2.49089E-5
2.82799E-5 5.12949E-5 6.66215E-5 1.47001E-4 2.02429E-4 1.55766E-4 8.4853E-5 6.68287E-5 7.4562E-5 2.07242E-4 1.12112E-4 1.2131E-4 1.72619E-4 1.15826E-4 1.89264E-4 1.79235E-4 2.1758E-4 2.21174E-4 1.72807E-4 1.98745E-4 2.24139E-4 2.10738E-4 1.82684E-4 2.05813E-4 1.77853E-4 2.28823E-4 1.74294E-4 2.21258E-4 1.3801E-4 1.83453E-4 1.96432E-4 5.61641E-5 3.88408E-5 4.28609E-5 2.72672E-5 2.65862E-5 2.36522E-5 1.78241E-5 2.47935E-5 2.00549E-5 2.38142E-5 1.1862E-5 1.25775E-5 5.03827E-5 1.25655E-5 9.3719E-6 3.35992E-5 3.82504E-5 3.33999E-5 8.36088E-5 1.72515E-4 6.57861E-5 9.27345E-5 5.57842E-5 4.2046E-5 3.65544E-5 1.31747E-5 3.38052E-5 2.96065E-5 2.59774E-5 1.48181E-5
3.18753E-5 5.96363E-5 6.21876E-5 6.03811E-5 1.42371E-4 1.95629E-4 9.99454E-5 6.70351E-5 6.96036E-5 1.6322E-4 1.75128E-4 2.14354E-4 2.00411E-4 1.66924E-4 2.00965E-4 1.39628E-4 2.09406E-4 2.1563E-4 2.178E-4 2.22018E-4 2.33836E-4 1.99833E-4 2.18607E-4 1.75594E-4 2.221E-4 1.75395E-4 1.71422E-4 1.086E-4 2.11438E-4 1.58774E-4 1.25737E-4 1.76847E-4 8.86892E-5 4.54736E-5 2.92721E-5 2.68511E-5 5.08829E-5 3.25803E-5 1.73395E-5 1.30948E-5 1.94822E-5 1.26999E-5 1.69923E-5 4.02537E-5 1.01996E-5 1.53086E-5 3.24397E-5 3.47514E-5 3.22379E-5 1.71102E-4 1.90237E-4 1.30727E-4 1.46802E-4 6.22642E-5 3.72499E-5 3.72319E-5 1.65467E-5 1.54338E-5 2.63646E-5 1.90915E-5 2.71844E-5
4.26704E-5 5.22494E-5 7.52326E-5 8.60323E-5 5.14918E-5 1.51587E-4 6.80028E-5 6.65685E-5 7.51576E-5 1.4062E-4 1.77468E-4 1.93338E-4 1.17366E-4 1.20563E-4 1.27953E-4 1.15658E-4 1.83499E-4 2.04688E-4 1.98452E-4 2.26003E-4 2.15996E-4 2.31402E-4 2.148E-4 1.45247E-4 1.91476E-4 1.96361E-4 2.06292E-4 1.99779E-4 1.28322E-4 1.20365E-4 1.16161E-4 1.31317E-4 2.00075E-4 6.97202E-5 3.63617E-5 1.32563E-5 1.50851E-5 2.07859E-5 2.51297E-5 2.00041E-5 1.292E-5 1.1295E-5 2.39168E-5 1.88054E-5 4.95154E-5 1.18357E-5 2.25516E-5 3.93297E-5 5.31408E-5 1.7557E-4 2.2922E-4 1.99713E-4 1.77917E-4 6.28229E-5 3.14378E-5 3.98205E-5 1.35465E-5 1.61053E-5 3.56232E-5 2.57435E-5 1.5903E-5
4.24109E-5 6.8967E-5 2.26522E-4 2.06083E-4 4.65806E-5 6.55776E-5 7.32752E-5 6.19497E-5 5.70109E-5 1.20474E-4 1.83358E-4 1.5432E-4 1.39088E-4 1.32937E-4 1.88876E-4 1.51541E-4 1.74242E-4 2.02665E-4 1.71945E-4 2.14915E-4 2.21423E-4 2.1423E-4 2.09327E-4 1.91063E-4 1.38674E-4 1.36268E-4 1.86858E-4 1.25444E-4 1.14706E-4 1.16158E-4 1.63028E-4 2.08011E-4 8.1994E-5 3.3518E-5 5.95075E-5 2.81032E-5 1.73878E-5 1.84618E-5 2.02561E-5 1.50087E-5 1.67029E-5 7.68785E-6 1.04929E-5 1.2499E-5 1.64905E-5 2.45927E-5 3.15274E-5 5.8644E-5 4.40043E-5 1.45001E-4 1.71749E-4 1.30165E-4 1.57164E-4 1.58486E-4 2.03552E-5 4.77514E-5 1.35764E-5 2.15668E-5 1.29659E-5 2.62004E-5 1.80158E-5
5.36789E-5 1.14722E-4 2.13847E-4 1.56001E-4 8.01971E-5 6.61813E-5 6.45897E-5 5.98658E-5 1.462E-4 1.83399E-4 1.66859E-4 1.56884E-4 1.51172E-4 1.41712E-4 1.70946E-4 1.84101E-4 2.02685E-4 1.79576E-4 1.48463E-4 1.63771E-4 2.15257E-4 1.6894E-4 1.67481E-4 1.53394E-4 1.75479E-4 1.58481E-4 1.0075E-4 1.05983E-4 1.1618E-4 1.15424E-4 1.17356E-4 1.58566E-4 4.70403E-5 3.83763E-5 2.34145E-5 4.0498E-5 2.94411E-5 3.07677E-5 2.54239E-5 2.24073E-5 1.45238E-5 1.76997E-5 1.24923E-5 3.689E-5 2.76227E-5 2.27243E-5 4.47768E-5 1.46499E-4 8.56231E-5 1.31235E-4 1.34857E-4 1.75581E-4 1.47888E-4 2.28886E-4 2.36868E-5 5.69494E-5 1.61052E-5 9.84429E-6 2.47365E-5 5.02206E-5 4.49099E-5
6.28641E-5 1.22831E-4 2.03929E-4 1.16669E-4 1.83595E-4 1.0142E-4 6.29932E-5 7.13452E-5 0E0 1.69892E-4 8.33145E-5 4.92008E-5 8.1934E-5 1.62957E-4 1.13803E-4 1.09001E-4 1.89354E-4 1.92526E-4 2.16404E-4 2.07525E-4 2.03704E-4 1.18309E-4 1.70227E-4 1.43393E-4 1.68473E-4 1.18806E-4 1.02011E-4 1.07903E-4 1.17247E-4 1.19119E-4 1.51795E-4 1.68507E-4 8.2352E-5 4.87288E-5 4.40675E-5 3.44231E-5 2.62914E-5 2.3257E-5 2.39385E-5 2.21011E-5 1.49768E-5 1.67375E-5 1.51539E-5 1.50327E-5 2.06568E-5 2.55897E-5 2.66353E-5 5.23091E-5 1.57753E-4 1.7823E-4 1.80607E-4 1.56289E-4 1.37328E-4 1.70632E-4 2.56265E-5 6.2174E-5 5.26604E-5 3.38907E-5 1.71155E-5 3.48497E-5 8.01302E-5
9.23219E-5 1.79548E-4 1.16386E-4 1.64374E-4 1.85728E-4 1.59914E-4 8.37253E-5 7.27188E-5 1.01146E-4 5.20829E-5 4.95755E-5 4.42916E-5 1.49003E-4 1.52104E-4 1.72322E-4 1.24712E-4 1.73477E-4 1.64389E-4 1.98934E-4 1.67835E-4 1.804E-4 1.56126E-4 1.64403E-4 1.56149E-4 1.35543E-4 1.00697E-4 9.51577E-5 1.00669E-4 1.19894E-4 1.17743E-4 1.90356E-4 7.55396E-5 4.85103E-5 4.14367E-5 2.88067E-5 4.92911E-5 2.29595E-5 2.03691E-5 1.2772E-5 2.57617E-5 1.48077E-5 1.37027E-5 1.87835E-5 1.64623E-5 1.18729E-5 2.36925E-5 2.56192E-5 2.65216E-5 3.49106E-5 1.62255E-4 1.8372E-4 1.42809E-4 1.39951E-4 1.51246E-4 3.53145E-5 7.02276E-5 5.56485E-5 3.74003E-5 2.20479E-5 3.59155E-5 3.25617E-5
6.29651E-5 1.46776E-4 1.26306E-4 1.1595E-4 1.46114E-4 1.82286E-4 1.57797E-4 8.24562E-5 7.95162E-5 5.01744E-5 5.15145E-5 4.76452E-5 1.46407E-4 1.1089E-4 1.686E-4 1.47337E-4 1.49098E-4 1.64151E-4 1.40036E-4 1.1993E-4 9.70859E-5 1.30355E-4 1.42734E-4 1.72043E-4 1.22702E-4 9.16869E-5 9.46079E-5 1.04117E-4 1.14789E-4 1.19871E-4 1.23305E-4 2.14931E-4 6.00463E-5 4.30934E-5 3.20206E-5 3.31899E-5 4.16606E-5 1.44487E-5 1.00855E-5 2.3749E-5 2.46684E-5 2.51959E-5 1.26312E-5 1.85928E-5 1.37303E-5 9.4876E-6 4.32444E-5 2.48744E-5 5.58893E-5 3.30056E-5 1.21701E-4 1.90899E-4 1.33723E-4 1.48271E-4 9.20997E-5 1.76926E-5 4.92971E-5 2.81986E-5 2.36207E-5 4.31943E-5 4.50282E-5
7.78997E-5 6.79595E-5 7.70453E-5 1.41625E-4 1.77665E-4 1.12217E-4 1.33138E-4 1.45996E-4 1.41907E-4 1.01124E-4 5.04618E-5 4.79643E-5 1.13794E-4 9.02436E-5 1.4513E-4 1.6678E-4 1.69416E-4 1.57062E-4 9.37942E-5 1.13224E-4 5.84892E-5 1.60183E-4 1.33449E-4 1.35438E-4 1.07502E-4 9.51758E-5 8.67793E-5 1.01859E-4 1.12473E-4 1.21002E-4 1.61134E-4 1.36107E-4 9.17814E-5 2.86748E-5 3.96836E-5 3.88192E-5 3.19631E-5 2.79429E-5 2.17295E-5 1.83692E-5 1.16598E-5 1.55035E-5 1.31367E-5 1.38589E-5 1.56585E-5 1.09388E-5 1.86162E-5 3.64124E-5 2.98927E-5 4.99823E-5 2.62288E-5 1.81117E-4 2.25868E-4 4.54376E-5 6.69657E-5 1.91051E-5 5.63316E-5 2.74724E-5 1.61657E-5 6.02793E-5 2.66834E-5
7.31276E-5 6.54228E-5 5.82665E-5 6.52889E-5 8.28097E-5 1.32965E-4 1.26588E-4 1.88816E-4 1.80903E-4 1.78396E-4 8.28142E-5 8.56921E-5 1.52939E-4 9.78114E-5 1.37633E-4 1.1058E-4 1.47541E-4 6.61713E-5 1.40553E-4 1.41065E-4 5.5899E-5 9.55808E-5 1.21291E-4 9.7453E-5 1.10659E-4 9.15634E-5 9.49595E-5 9.5902E-5 1.44267E-4 1.38213E-4 2.11691E-4 1.37779E-4 1.66583E-4 1.02418E-4 5.04939E-5 2.78223E-5 1.88506E-5 3.81449E-5 4.16791E-5 1.93825E-5 1.77774E-5 1.25162E-5 2.00704E-5 1.28824E-5 1.45552E-5 1.25737E-5 1.10913E-5 5.19525E-5 4.22761E-5 4.61746E-5 6.38228E-5 4.92982E-5 1.6999E-4 2.37263E-5 6.1823E-6 2.86194E-5 5.84565E-5 5.98716E-5 3.01665E-5 5.68631E-5 3.03398E-5
4.58845E-5 5.17243E-5 7.49837E-5 6.25685E-5 6.65832E-5 1.25825E-4 1.63143E-4 1.54848E-4 1.27532E-4 1.29055E-4 1.11986E-4 0E0 0E0 7.83026E-5 1.2843E-4 1.01832E-4 1.04292E-4 1.0095E-4 1.52726E-4 1.41127E-4 1.57925E-4 8.27007E-5 1.23747E-4 1.4098E-4 1.19848E-4 1.22526E-4 1.36933E-4 1.2876E-4 1.16404E-4 1.21677E-4 1.39294E-4 1.56701E-4 1.76888E-4 1.3863E-4 4.44759E-5 4.57296E-5 2.71641E-5 3.91617E-5 2.90372E-5 2.50518E-5 1.52632E-5 2.23883E-5 1.83841E-5 1.56194E-5 1.85736E-5 2.6252E-5 1.72195E-5 4.11532E-5 3.86175E-5 4.60283E-5 1.07536E-4 1.0518E-4 3.96068E-5 4.23475E-5 3.43923E-5 4.27727E-5 6.11884E-5 5.91508E-5 5.98684E-5 1.97188E-5 4.1904E-5
6.9894E-5 6.66847E-5 8.34941E-5 1.24086E-4 2.0813E-4 1.41358E-4 1.27993E-4 1.91705E-4 1.95539E-4 1.99848E-4 1.82921E-4 1.07517E-4 0E0 0E0 1.27294E-4 1.2221E-4 1.41657E-4 1.34005E-4 1.35286E-4 1.31837E-4 1.00816E-4 1.29963E-4 1.4296E-4 1.38106E-4 1.25739E-4 1.42404E-4 1.07218E-4 1.05882E-4 1.06453E-4 1.204E-4 1.13047E-4 1.10196E-4 1.33781E-4 1.72698E-4 5.13437E-5 2.33459E-5 5.4458E-5 2.78433E-5 4.92782E-5 4.6398E-5 3.66461E-5 1.48059E-5 1.6126E-5 1.3029E-5 2.27389E-5 1.56682E-5 1.64631E-5 3.26434E-5 4.54898E-5 2.09127E-5 4.35954E-5 2.35066E-4 2.086E-4 2.49556E-5 3.46287E-5 8.15761E-5 8.07273E-5 1.70234E-4 2.86636E-4 1.88927E-4 6.84995E-5
1.55005E-4 6.55645E-5 6.95157E-5 9.27131E-5 9.12494E-5 1.17738E-4 1.80323E-4 1.56809E-4 1.6437E-4 1.26349E-4 1.77507E-4 1.82656E-4 1.33206E-4 0E0 9.20612E-5 1.31153E-4 1.1261E-4 1.22866E-4 7.85276E-5 7.71953E-5 8.27724E-5 7.39277E-5 9.60927E-5 1.65412E-4 1.49765E-4 1.83717E-4 1.49243E-4 1.0122E-4 1.6619E-4 8.13596E-5 8.53891E-5 8.87835E-5 1.12927E-4 1.7596E-4 9.2133E-5 2.82933E-5 2.82196E-5 2.74035E-5 4.13227E-5 4.68345E-5 2.18105E-5 2.8597E-5 2.25749E-5 1.40824E-5 2.2461E-5 2.87721E-5 3.28274E-5 1.56422E-5 5.66014E-5 5.4048E-5 2.73655E-5 1.36921E-4 2.23137E-4 5.70062E-5 4.49046E-5 6.37163E-5 8.41344E-5 1.28423E-4 6.02837E-5 3.12391E-4 2.89881E-4
1.53065E-4 4.55196E-5 6.55964E-5 6.29271E-5 7.34304E-5 1.10091E-4 1.42122E-4 1.24576E-4 1.12221E-4 1.15642E-4 1.1604E-4 1.42973E-4 1.81558E-4 1.0205E-4 1.16657E-4 1.32422E-4 8.70618E-5 1.14953E-4 6.96112E-5 6.99702E-5 7.71031E-5 1.09685E-4 1.37491E-4 4.35772E-5 5.0145E-5 1.82048E-4 1.48112E-4 1.18023E-4 1.14404E-4 1.24547E-4 7.99312E-5 8.9885E-5 1.79934E-4 1.33043E-4 8.39676E-5 4.61096E-5 4.2591E-5 4.8415E-5 4.99369E-5 3.83175E-5 2.94554E-5 1.72074E-5 2.10971E-5 1.07562E-5 2.01173E-5 1.06052E-5 3.65717E-5 1.78542E-5 3.48788E-5 2.2097E-5 4.98503E-5 1.59084E-4 1.55431E-4 3.10263E-5 5.65327E-5 7.90146E-5 6.16039E-5 3.51429E-5 4.19381E-5 2.71776E-4 3.6061E-4
1.0734E-4 7.5573E-5 8.58772E-5 6.69663E-5 5.34422E-5 9.51968E-5 1.05885E-4 1.15865E-4 0E0 1.38965E-4 1.18089E-4 1.27955E-4 1.23288E-4 9.57027E-5 1.01759E-4 1.06392E-4 9.23445E-5 7.94535E-5 1.22139E-4 6.80664E-5 1.563E-4 3.98358E-5 1.95624E-5 2.18528E-5 2.41057E-5 6.24145E-5 1.24087E-4 1.30803E-4 1.4603E-4 9.90126E-5 1.00771E-4 1.52444E-4 2.24483E-4 1.8642E-4 1.85773E-4 5.23382E-5 6.38388E-5 5.76524E-5 3.42218E-5 1.76437E-5 1.76944E-5 2.35306E-5 3.46373E-5 2.94104E-5 1.80691E-5 1.99835E-5 2.96771E-5 4.98898E-5 2.9399E-5 2.30609E-5 2.76703E-5 2.22268E-4 2.06471E-4 5.41208E-5 4.14306E-5 7.56374E-5 7.88315E-5 5.7637E-5 8.46042E-5 2.00382E-4 2.23076E-4
1.72199E-4 1.25916E-4 1.59911E-4 6.41924E-5 1.08992E-4 9.69691E-5 1.51546E-4 9.7179E-5 1.11824E-4 1.14691E-4 1.3971E-4 1.11315E-4 1.29818E-4 1.29174E-4 1.2343E-4 1.45613E-4 7.53607E-5 7.17803E-5 7.69378E-5 1.35338E-4 5.42377E-5 1.75161E-5 2.85811E-5 2.36526E-5 2.40244E-5 4.00283E-5 1.2909E-4 1.81665E-4 1.48261E-4 1.55362E-4 1.14663E-4 2.36555E-4 2.08505E-4 1.77149E-4 1.60771E-4 8.23555E-5 1.07016E-4 8.96141E-5 4.8441E-5 2.1267E-5 2.85814E-5 1.92979E-5 2.66397E-5 2.72303E-5 1.93874E-5 2.19008E-5 1.72822E-5 2.15957E-5 2.37794E-5 4.31533E-5 6.75552E-5 2.47275E-4 2.9387E-4 3.33199E-5 2.49813E-5 3.1825E-5 5.62458E-5 2.0403E-4 2.75685E-4 1.22209E-4 5.52591E-5
1.53741E-4 8.40893E-5 1.22449E-4 1.22461E-4 8.51135E-5 1.41482E-4 6.87889E-5 9.12882E-5 1.38786E-4 1.19189E-4 1.01332E-4 1.02991E-4 1.12702E-4 1.13263E-4 1.22569E-4 1.03796E-4 1.02535E-4 8.16861E-5 9.23362E-5 8.66165E-5 1.9552E-5 1.91933E-5 2.67146E-5 3.26721E-5 6.39327E-5 5.61215E-5 5.61388E-5 2.4141E-4 1.53713E-4 5.68393E-5 6.98577E-5 2.26366E-4 1.91064E-4 1.50892E-4 1.34744E-4 1.66614E-4 1.04683E-4 6.53634E-5 3.60449E-5 3.55328E-5 3.13765E-5 2.28919E-5 1.71387E-5 1.71461E-5 2.1904E-5 1.61647E-5 3.30961E-5 1.32589E-5 3.34312E-5 4.55555E-5 1.45329E-4 1.75481E-4 2.25332E-4 3.07185E-5 1.6399E-5 2.79412E-5 1.63922E-4 2.79548E-4 2.34091E-4 3.59937E-4 1.34477E-4
4.82176E-5 6.42257E-5 1.49099E-4 1.56912E-4 1.61959E-4 1.55995E-4 1.59677E-4 1.49262E-4 1.50962E-4 1.06136E-4 1.35687E-4 1.30375E-4 1.22723E-4 1.00057E-4 1.19619E-4 9.9254E-5 8.27496E-5 1.39821E-4 1.18486E-4 2.01529E-5 2.52458E-5 3.68502E-5 3.68034E-5 4.66582E-5 7.32141E-5 1.07698E-4 1.31621E-4 8.59022E-5 1.20165E-4 1.05974E-4 1.04222E-4 9.89075E-5 2.31393E-4 1.48125E-4 1.59397E-4 1.75874E-4 1.08847E-4 7.13086E-5 3.46125E-5 1.83385E-5 1.66644E-5 1.90039E-5 3.47095E-5 2.00699E-5 2.12938E-5 2.08148E-5 2.23642E-5 2.33916E-5 6.94179E-5 3.3463E-5 2.56542E-4 1.94252E-4 7.51495E-5 2.52034E-5 2.48925E-5 6.95405E-5 6.91095E-5 3.14888E-4 1.76053E-4 2.48155E-4 2.64504E-4
