Candidate_Models_July82022/M_4_F_lqp_Set_1_all/Bison.asc
ncols         290
nrows         380
xllcorner     -2197417.7431653
yllcorner     -584827.01486885
cellsize      10000.0
NODATA_value  -9999
[rows 162 to 188 of 380, columns 183 to 243 of 290]
1.41966E-5 1.36382E-5 1.2751E-5 1.21054E-5 1.2986E-5 1.32415E-5 1.40219E-5 1.45553E-5 1.20407E-5 1.33014E-5 1.38901E-5 1.39849E-5 1.46463E-5 1.5324E-5 1.49351E-5 1.42265E-5 1.39947E-5 1.36933E-5 1.3407E-5 1.23378E-5 1.22862E-5 1.17484E-5 1.13049E-5 1.12678E-5 1.09238E-5 1.09681E-5 1.16934E-5 1.0351E-5 1.60351E-5 1.78291E-5 1.13683E-5 1.46628E-5 1.89304E-5 1.01831E-5 8.93123E-6 2.53235E-5 1.33476E-5 9.49806E-6 9.70783E-6 9.8027E-6 9.96531E-6 9.95291E-6 1.01907E-5 9.83874E-6 1.03493E-5 1.04413E-5 1.04521E-5 1.03603E-5 1.04479E-5 1.06686E-5 1.10218E-5 1.06636E-5 1.03621E-5 1.05317E-5 1.07259E-5 1.03722E-5 1.01009E-5 1.07272E-5 1.13534E-5 1.11065E-5 1.10447E-5
1.43783E-5 1.32905E-5 1.30452E-5 1.33729E-5 1.26839E-5 1.33162E-5 1.38634E-5 1.51382E-5 1.74784E-5 1.40233E-5 1.5386E-5 1.45266E-5 1.47486E-5 1.55186E-5 1.46732E-5 1.49669E-5 1.42149E-5 1.39006E-5 1.39537E-5 1.33042E-5 1.33512E-5 1.22411E-5 1.17981E-5 1.21975E-5 1.20577E-5 1.386E-5 1.09516E-5 1.26009E-5 1.59096E-5 1.14773E-5 1.1499E-5 1.76599E-5 1.18646E-5 1.07359E-5 1.04984E-5 1.326E-5 1.01441E-5 9.80614E-6 1.05061E-5 1.03976E-5 1.00928E-5 9.83422E-6 1.04014E-5 1.01299E-5 1.07133E-5 1.06551E-5 1.06263E-5 1.0959E-5 1.08017E-5 1.05475E-5 1.08514E-5 1.11919E-5 1.21015E-5 1.14184E-5 1.02083E-5 1.00445E-5 1.08254E-5 1.06448E-5 1.10732E-5 1.1334E-5 1.12151E-5
1.55972E-5 1.34344E-5 1.30779E-5 1.21084E-5 1.39573E-5 1.44052E-5 1.45309E-5 1.4479E-5 1.56334E-5 1.5416E-5 1.55922E-5 1.58101E-5 1.59139E-5 1.58914E-5 1.55375E-5 1.80816E-5 1.83575E-5 1.47365E-5 1.42171E-5 1.3641E-5 1.2947E-5 1.20082E-5 1.32526E-5 1.27885E-5 1.22335E-5 1.20087E-5 1.12731E-5 1.21838E-5 1.26104E-5 2.11174E-5 1.20619E-5 2.37926E-5 1.47105E-5 1.15963E-5 9.87006E-6 1.03799E-5 1.00927E-5 1.04629E-5 1.03047E-5 1.05386E-5 1.04316E-5 1.06485E-5 1.05025E-5 1.10044E-5 1.07678E-5 1.03266E-5 1.05356E-5 1.08988E-5 1.55255E-5 1.21566E-5 1.15725E-5 1.18003E-5 1.15114E-5 1.54986E-5 1.00946E-5 1.08031E-5 1.07986E-5 1.09071E-5 1.10184E-5 1.14346E-5 1.14845E-5
1.5185E-5 1.48362E-5 1.45394E-5 1.45145E-5 1.39555E-5 1.36647E-5 1.41938E-5 1.28297E-5 1.56065E-5 1.6088E-5 1.54657E-5 1.63479E-5 1.60557E-5 1.65433E-5 1.5988E-5 4.64091E-5 1.56683E-5 2.06948E-5 1.39054E-5 1.4522E-5 1.39611E-5 1.23101E-5 1.24081E-5 1.28457E-5 1.21885E-5 1.78936E-5 1.32373E-5 1.2139E-5 1.22275E-5 2.31142E-5 2.19597E-5 1.04415E-5 1.38623E-5 1.07309E-5 1.11786E-5 1.04462E-5 1.10882E-5 1.05275E-5 1.08532E-5 1.08391E-5 1.03609E-5 1.03543E-5 1.0532E-5 1.10957E-5 1.08614E-5 1.02903E-5 1.04958E-5 1.12579E-5 2.02345E-5 1.64247E-5 1.30763E-5 1.14816E-5 1.20026E-5 1.2186E-5 1.08873E-5 1.10667E-5 1.05621E-5 1.00822E-5 1.12482E-5 1.14425E-5 1.14107E-5
2.18554E-5 1.53205E-5 1.53346E-5 1.53799E-5 1.46711E-5 1.46221E-5 1.47453E-5 1.42586E-5 1.4789E-5 1.56714E-5 1.62401E-5 1.65202E-5 1.67821E-5 1.65434E-5 1.64247E-5 2.85797E-5 1.57515E-5 2.48814E-5 1.4634E-5 1.40614E-5 1.36338E-5 1.36195E-5 1.31197E-5 1.26971E-5 1.21166E-5 1.20726E-5 1.22279E-5 1.20087E-5 1.12614E-5 1.21607E-5 1.38132E-5 1.13776E-5 1.11078E-5 1.27604E-5 1.22835E-5 1.11888E-5 1.17102E-5 1.10153E-5 1.09964E-5 1.07221E-5 1.0754E-5 1.06487E-5 1.1018E-5 1.143E-5 1.09788E-5 1.05751E-5 1.11258E-5 1.1189E-5 1.16873E-5 1.23203E-5 1.19591E-5 1.15132E-5 1.07662E-5 1.09283E-5 1.08604E-5 1.12596E-5 9.67936E-6 1.11476E-5 1.17405E-5 1.14193E-5 1.11658E-5
2.12973E-5 1.64046E-5 2.2078E-5 2.15919E-5 1.70121E-5 1.59085E-5 1.56307E-5 1.61872E-5 1.61248E-5 1.65045E-5 1.69795E-5 1.73762E-5 1.75573E-5 1.70924E-5 1.7045E-5 1.57782E-5 1.63803E-5 1.63567E-5 1.93016E-5 1.508E-5 3.04753E-5 1.7036E-5 1.39799E-5 1.33418E-5 1.36315E-5 1.25673E-5 1.48074E-5 1.36145E-5 1.34395E-5 1.6505E-5 1.66404E-5 1.76845E-5 1.15799E-5 1.16918E-5 1.0782E-5 1.07006E-5 1.313E-5 1.15229E-5 1.25561E-5 1.13514E-5 1.14532E-5 1.12788E-5 1.08698E-5 1.17077E-5 1.19187E-5 1.14974E-5 1.17759E-5 1.16528E-5 1.16952E-5 1.21542E-5 1.16327E-5 1.16714E-5 1.18257E-5 1.11878E-5 1.11335E-5 1.15711E-5 1.12593E-5 1.06901E-5 1.1976E-5 1.21868E-5 1.16267E-5
2.09942E-5 2.0019E-5 2.89677E-5 1.93192E-5 1.67812E-5 1.66226E-5 1.65632E-5 1.71004E-5 1.74633E-5 2.01448E-5 1.8024E-5 1.77469E-5 1.67259E-5 1.79214E-5 1.75321E-5 1.81653E-5 2.24316E-5 1.72546E-5 1.66335E-5 1.57836E-5 2.44257E-5 1.41232E-5 1.40773E-5 1.50457E-5 1.47902E-5 1.261E-5 1.62275E-5 1.79007E-5 1.76713E-5 1.21875E-5 1.45984E-5 1.78783E-5 1.38011E-5 1.18402E-5 1.10589E-5 1.11467E-5 1.33484E-5 1.12E-5 1.3241E-5 1.1242E-5 1.18649E-5 1.27972E-5 1.1419E-5 1.17413E-5 1.15239E-5 1.17461E-5 1.16088E-5 1.1123E-5 1.46096E-5 1.19878E-5 1.16732E-5 1.14832E-5 1.20505E-5 1.2302E-5 1.12273E-5 1.15279E-5 1.30617E-5 1.32383E-5 1.15621E-5 1.14146E-5 1.26878E-5
1.833E-5 1.93625E-5 2.34687E-5 2.2514E-5 2.26087E-5 3.13023E-5 2.80004E-5 1.8261E-5 2.09372E-5 2.48818E-5 2.46277E-5 1.78284E-5 1.76853E-5 1.90562E-5 1.89968E-5 2.08084E-5 1.8903E-5 1.72956E-5 1.71213E-5 1.70844E-5 1.52293E-5 1.46313E-5 1.47239E-5 1.56927E-5 1.34673E-5 1.66038E-5 1.36846E-5 1.53184E-5 1.24593E-5 1.29791E-5 1.3146E-5 1.27824E-5 1.28518E-5 1.2308E-5 1.35062E-5 1.27989E-5 1.2465E-5 1.14241E-5 1.14198E-5 1.24059E-5 1.41729E-5 1.28113E-5 1.18468E-5 1.1889E-5 1.14262E-5 1.20907E-5 1.24748E-5 1.22446E-5 1.29285E-5 1.38289E-5 1.4098E-5 1.16358E-5 1.2309E-5 1.11299E-5 1.10109E-5 1.11423E-5 1.15837E-5 1.18653E-5 1.19744E-5 1.30288E-5 1.25746E-5
2.15243E-5 2.97501E-5 3.86535E-5 2.07085E-5 2.71764E-5 2.194E-5 3.98234E-5 3.95328E-5 3.21414E-5 4.89029E-5 2.23638E-5 1.89854E-5 1.89572E-5 1.93792E-5 1.98451E-5 2.03486E-5 1.94013E-5 1.89035E-5 1.87927E-5 1.68656E-5 1.62551E-5 1.47525E-5 1.40457E-5 1.60979E-5 1.53015E-5 1.47188E-5 1.25088E-5 1.36878E-5 1.29478E-5 1.27856E-5 1.09347E-5 1.59437E-5 2.20565E-5 1.44203E-5 1.82535E-5 3.16398E-5 1.43302E-5 1.27152E-5 1.16323E-5 1.32231E-5 1.45046E-5 1.55086E-5 1.2816E-5 1.35211E-5 1.21174E-5 1.43532E-5 1.36171E-5 1.33946E-5 1.29284E-5 1.45057E-5 1.29759E-5 1.18927E-5 1.16151E-5 1.13479E-5 1.15269E-5 1.12215E-5 1.10363E-5 1.09784E-5 1.1503E-5 1.26182E-5 1.4468E-5
2.28088E-5 2.12121E-5 2.22173E-5 2.0275E-5 1.93716E-5 2.03883E-5 2.1391E-5 2.5066E-5 2.87238E-5 2.531E-5 1.9744E-5 1.97373E-5 1.97376E-5 2.04529E-5 2.10192E-5 2.12081E-5 2.44394E-5 2.22444E-5 2.50191E-5 1.9417E-5 1.72883E-5 1.59369E-5 1.62212E-5 1.83593E-5 1.37159E-5 1.20192E-5 1.57661E-5 1.28E-5 1.11884E-5 1.17666E-5 1.29697E-5 2.012E-5 1.63433E-5 1.46707E-5 2.12233E-5 2.6749E-5 1.71509E-5 1.52787E-5 1.34931E-5 1.27506E-5 1.3742E-5 1.57608E-5 1.49118E-5 1.89566E-5 1.30749E-5 1.29703E-5 1.34037E-5 1.30829E-5 1.25323E-5 1.26041E-5 1.19105E-5 1.17046E-5 1.17622E-5 1.18509E-5 1.14383E-5 1.28598E-5 1.10766E-5 1.10716E-5 1.17355E-5 1.20081E-5 1.57013E-5
2.43203E-5 2.79583E-5 2.43842E-5 2.22967E-5 2.52808E-5 2.11285E-5 2.13034E-5 2.7521E-5 2.20479E-5 2.01827E-5 2.33367E-5 1.88459E-5 2.06447E-5 2.15058E-5 2.33098E-5 2.43162E-5 2.61204E-5 2.42427E-5 2.09446E-5 1.87836E-5 1.93399E-5 1.60381E-5 1.59437E-5 1.53415E-5 1.47132E-5 1.5012E-5 1.69855E-5 1.75182E-5 1.29524E-5 1.52344E-5 1.25095E-5 2.03502E-5 2.69606E-5 1.43926E-5 1.69287E-5 1.28949E-5 1.35111E-5 1.53418E-5 1.52624E-5 1.49592E-5 1.36658E-5 1.37687E-5 1.70666E-5 1.50225E-5 1.28137E-5 1.43431E-5 1.67437E-5 1.43589E-5 1.29869E-5 1.32812E-5 1.29291E-5 1.27047E-5 1.17692E-5 1.20619E-5 1.17119E-5 1.4406E-5 1.1445E-5 1.12653E-5 1.54325E-5 1.39457E-5 1.22951E-5
2.50951E-5 3.33253E-5 2.83224E-5 3.01373E-5 2.30968E-5 2.2774E-5 2.20607E-5 3.16985E-5 2.3746E-5 2.08703E-5 2.18685E-5 2.05035E-5 2.10382E-5 2.31748E-5 2.46016E-5 2.7173E-5 2.63261E-5 2.46792E-5 2.27479E-5 1.9343E-5 1.7764E-5 1.69672E-5 1.55889E-5 1.54968E-5 1.55519E-5 1.58087E-5 1.33767E-5 1.35059E-5 1.47025E-5 1.50262E-5 1.2584E-5 2.33616E-5 1.49959E-5 1.36472E-5 1.18357E-5 1.31795E-5 1.32704E-5 1.29813E-5 1.21761E-5 1.46752E-5 1.32478E-5 1.49553E-5 1.41579E-5 1.52848E-5 1.42089E-5 1.32499E-5 1.35871E-5 1.33611E-5 1.33693E-5 1.29343E-5 1.22452E-5 1.25534E-5 1.28039E-5 1.28543E-5 1.19027E-5 1.21413E-5 1.16522E-5 1.76394E-5 1.64481E-5 1.39964E-5 1.23407E-5
2.51098E-5 3.1442E-5 3.3629E-5 2.38052E-5 2.33475E-5 2.73474E-5 2.28762E-5 2.13105E-5 2.29797E-5 2.12867E-5 2.19345E-5 2.27813E-5 2.26049E-5 2.44688E-5 2.3753E-5 2.83085E-5 2.78901E-5 2.53549E-5 2.15397E-5 1.99377E-5 1.83179E-5 1.69867E-5 1.71631E-5 1.53887E-5 1.66527E-5 1.52792E-5 1.53653E-5 1.4455E-5 1.84991E-5 1.32862E-5 1.33754E-5 1.31796E-5 1.56305E-5 2.0264E-5 1.42858E-5 1.38812E-5 1.44299E-5 1.33871E-5 1.35556E-5 1.56962E-5 2.27312E-5 1.46919E-5 1.44641E-5 1.30923E-5 1.41747E-5 1.41932E-5 1.30913E-5 1.31451E-5 1.32244E-5 1.31396E-5 1.29834E-5 1.30108E-5 1.35413E-5 1.22853E-5 1.26856E-5 1.3081E-5 1.27327E-5 1.19511E-5 1.26559E-5 1.27206E-5 1.45286E-5
3.09748E-5 5.3058E-5 2.54038E-5 2.97013E-5 2.60163E-5 2.45131E-5 2.48932E-5 2.17119E-5 2.65811E-5 2.14715E-5 2.28822E-5 2.27478E-5 2.1746E-5 2.33162E-5 2.71424E-5 2.53194E-5 2.97907E-5 2.44763E-5 2.17199E-5 2.23615E-5 1.79837E-5 1.81531E-5 1.95759E-5 1.66813E-5 1.49978E-5 1.56907E-5 2.76839E-5 1.47289E-5 1.51125E-5 1.42372E-5 1.62039E-5 1.52273E-5 1.61279E-5 1.65027E-5 1.57814E-5 1.54466E-5 1.58195E-5 1.62255E-5 1.4384E-5 2.25833E-5 1.90711E-5 1.40321E-5 1.54715E-5 1.33346E-5 1.33057E-5 1.31683E-5 1.35327E-5 1.32887E-5 1.30924E-5 1.3512E-5 1.38236E-5 1.33584E-5 1.32657E-5 1.24465E-5 1.28859E-5 1.37446E-5 1.28094E-5 1.98719E-5 2.56275E-5 1.26478E-5 2.17983E-5
4.30364E-5 4.31092E-5 3.84525E-5 2.88703E-5 2.55177E-5 2.32181E-5 2.39672E-5 2.33367E-5 2.91695E-5 2.31113E-5 2.17468E-5 2.31587E-5 2.31787E-5 2.58734E-5 2.43815E-5 2.43281E-5 2.4783E-5 2.29385E-5 2.18065E-5 1.88683E-5 1.96998E-5 1.89217E-5 3.17585E-5 2.60452E-5 1.69933E-5 1.87479E-5 2.938E-5 1.96126E-5 1.68313E-5 1.71248E-5 1.70454E-5 1.46705E-5 1.84255E-5 2.47364E-5 2.05574E-5 2.8352E-5 1.56696E-5 1.70582E-5 1.712E-5 1.82835E-5 1.48655E-5 1.45975E-5 1.58342E-5 1.36145E-5 1.37805E-5 1.37507E-5 1.40593E-5 1.3302E-5 1.35353E-5 1.40998E-5 1.32764E-5 1.35774E-5 1.2738E-5 1.27892E-5 1.32469E-5 1.31109E-5 1.40132E-5 1.59794E-5 2.80908E-5 2.64131E-5 1.96057E-5
6.19645E-5 5.90843E-5 3.45059E-5 2.76818E-5 2.48234E-5 3.46507E-5 2.90449E-5 2.28305E-5 2.30994E-5 2.2127E-5 2.32804E-5 7.22274E-5 4.66091E-5 3.08801E-5 2.3455E-5 2.5761E-5 2.4028E-5 2.16745E-5 2.09442E-5 2.5435E-5 1.93594E-5 2.14213E-5 2.15028E-5 3.4134E-5 1.79851E-5 3.38066E-5 2.08343E-5 1.60774E-5 1.56633E-5 1.55351E-5 1.52704E-5 1.78549E-5 1.61963E-5 1.69661E-5 1.77843E-5 1.5807E-5 1.70371E-5 1.88941E-5 1.91283E-5 1.6752E-5 2.4398E-5 1.46011E-5 1.38248E-5 1.88535E-5 1.43289E-5 1.50043E-5 1.41163E-5 1.40554E-5 1.3922E-5 1.41452E-5 1.34809E-5 1.38744E-5 1.35452E-5 1.33384E-5 1.31136E-5 1.31208E-5 1.60446E-5 1.71532E-5 1.65822E-5 1.32529E-5 1.46089E-5
3.01289E-5 3.59284E-5 3.11389E-5 2.96166E-5 3.25392E-5 4.87552E-5 2.27106E-5 2.24095E-5 2.37523E-5 2.27626E-5 5.01677E-5 9.88425E-5 3.75949E-5 2.75052E-5 2.33763E-5 2.43692E-5 2.2877E-5 2.13577E-5 2.12538E-5 2.10052E-5 2.23177E-5 2.84209E-5 2.55835E-5 2.13303E-5 1.99173E-5 2.59116E-5 1.80017E-5 1.71005E-5 1.62736E-5 1.68086E-5 1.533E-5 1.68105E-5 1.64477E-5 1.71829E-5 1.84838E-5 1.52698E-5 1.63898E-5 1.77036E-5 2.20258E-5 1.67021E-5 1.48323E-5 1.53699E-5 1.53415E-5 1.55517E-5 1.53107E-5 1.47615E-5 1.4955E-5 1.44082E-5 1.40586E-5 1.39527E-5 1.41184E-5 1.40799E-5 1.3894E-5 1.47177E-5 1.41196E-5 1.42723E-5 1.42475E-5 1.37001E-5 1.2787E-5 2.72794E-5 4.13893E-5
3.16804E-5 3.08459E-5 3.29272E-5 4.61363E-5 4.41958E-5 3.89297E-5 2.37311E-5 2.41751E-5 2.63247E-5 2.881E-5 2.73997E-5 6.22917E-5 2.60247E-5 2.70926E-5 2.54782E-5 2.2226E-5 2.47749E-5 2.29061E-5 2.15343E-5 2.77322E-5 3.28765E-5 3.22499E-5 2.37111E-5 2.12361E-5 2.0814E-5 1.99603E-5 1.84983E-5 1.69955E-5 1.73967E-5 2.1629E-5 1.54803E-5 1.59821E-5 1.98559E-5 2.00673E-5 1.72912E-5 1.5709E-5 2.02883E-5 4.47577E-5 1.87282E-5 1.7035E-5 1.93253E-5 1.80952E-5 1.46936E-5 1.49584E-5 1.56367E-5 1.55325E-5 1.53074E-5 1.52598E-5 1.50459E-5 1.46332E-5 1.46101E-5 1.47797E-5 2.15926E-5 1.62819E-5 2.03585E-5 1.50646E-5 1.4182E-5 1.40182E-5 1.41266E-5 3.31656E-5 4.95243E-5
3.14259E-5 3.10323E-5 2.93148E-5 3.16805E-5 6.53491E-5 6.59908E-5 2.62272E-5 2.61707E-5 2.59035E-5 2.74501E-5 3.59353E-5 2.81721E-5 2.61238E-5 2.61764E-5 2.43577E-5 2.62251E-5 2.41838E-5 2.28309E-5 2.46744E-5 2.06551E-5 3.16151E-5 2.47274E-5 2.21971E-5 2.21602E-5 2.16865E-5 2.13895E-5 2.05014E-5 1.81613E-5 1.84136E-5 1.68766E-5 1.62651E-5 1.80708E-5 1.89347E-5 2.61359E-5 1.87621E-5 1.78564E-5 1.80695E-5 2.4232E-5 1.65345E-5 1.62464E-5 1.55805E-5 1.59763E-5 1.547E-5 1.52331E-5 1.78649E-5 1.60846E-5 1.58608E-5 1.54051E-5 1.54018E-5 1.58735E-5 1.60814E-5 1.46771E-5 1.68001E-5 1.53885E-5 1.79108E-5 1.37321E-5 1.47935E-5 1.44165E-5 1.42617E-5 1.64412E-5 2.85153E-5
3.06654E-5 3.03825E-5 3.00955E-5 3.01691E-5 4.96417E-5 3.51939E-5 2.7019E-5 3.20515E-5 7.11475E-5 3.24196E-5 3.75293E-5 3.55976E-5 3.12626E-5 2.58964E-5 2.42307E-5 2.71504E-5 2.35003E-5 2.26599E-5 2.30293E-5 2.24726E-5 2.11284E-5 2.246E-5 2.24903E-5 2.26052E-5 2.28272E-5 2.17743E-5 2.06718E-5 1.83304E-5 2.03219E-5 1.87734E-5 1.63711E-5 2.28996E-5 1.8861E-5 2.12593E-5 2.12477E-5 1.5897E-5 1.71557E-5 1.98386E-5 1.61629E-5 2.11808E-5 2.17002E-5 1.71053E-5 1.8204E-5 1.92835E-5 1.83754E-5 1.74686E-5 1.6858E-5 1.71334E-5 1.59316E-5 1.52223E-5 1.5634E-5 1.48166E-5 1.60269E-5 1.56025E-5 1.46109E-5 1.49002E-5 1.44201E-5 1.45286E-5 2.01198E-5 2.30727E-5 2.63137E-5
3.1359E-5 3.10985E-5 2.89833E-5 3.19337E-5 3.10057E-5 3.47907E-5 3.17943E-5 6.502E-5 1.15291E-4 4.32064E-5 3.71539E-5 3.4316E-5 2.60836E-5 2.55708E-5 2.55956E-5 2.68234E-5 2.39443E-5 2.51179E-5 2.23782E-5 2.36103E-5 2.17094E-5 2.26848E-5 2.28296E-5 2.19585E-5 2.17663E-5 2.16197E-5 2.00317E-5 1.89268E-5 1.93521E-5 4.00078E-5 1.82028E-5 2.59075E-5 2.70183E-5 2.56074E-5 1.95985E-5 1.7633E-5 1.54427E-5 1.74586E-5 1.67063E-5 1.99392E-5 1.72007E-5 1.74992E-5 1.68986E-5 1.74379E-5 1.75903E-5 1.82036E-5 1.81636E-5 1.78381E-5 1.65433E-5 1.5651E-5 1.56634E-5 1.53324E-5 1.67832E-5 1.60633E-5 1.59549E-5 1.47492E-5 1.70175E-5 1.55243E-5 4.39226E-5 3.70239E-5 1.47613E-5
3.59233E-5 3.1853E-5 6.53441E-5 5.0493E-5 3.37124E-5 3.45507E-5 2.9843E-5 6.13301E-5 4.3016E-5 3.33203E-5 4.00384E-5 3.03873E-5 2.67112E-5 3.15713E-5 2.89454E-5 2.80265E-5 2.39654E-5 2.52424E-5 2.43401E-5 2.51219E-5 2.66611E-5 2.45779E-5 2.31254E-5 2.15715E-5 2.02801E-5 2.06641E-5 1.98265E-5 2.25731E-5 1.98364E-5 1.86942E-5 1.76693E-5 1.85071E-5 2.29977E-5 1.92684E-5 1.77054E-5 1.79343E-5 1.78343E-5 1.80364E-5 1.69423E-5 1.70075E-5 1.77811E-5 1.78918E-5 1.89674E-5 1.8461E-5 1.77646E-5 2.3122E-5 1.89465E-5 1.92915E-5 1.80423E-5 1.67996E-5 1.60599E-5 1.57841E-5 1.65418E-5 1.62576E-5 1.61339E-5 1.61375E-5 1.95023E-5 2.64766E-5 1.55384E-5 1.54222E-5 1.55598E-5
3.6668E-5 4.14777E-5 7.13945E-5 3.48825E-5 3.44264E-5 3.23082E-5 3.43622E-5 3.07503E-5 3.90892E-5 2.81662E-5 2.70091E-5 3.19641E-5 2.77929E-5 3.39487E-5 3.72044E-5 2.58689E-5 2.3516E-5 2.31661E-5 2.58434E-5 2.56136E-5 2.91551E-5 2.73906E-5 2.45998E-5 2.37179E-5 2.13501E-5 2.03692E-5 1.88987E-5 2.31375E-5 1.87866E-5 1.8811E-5 1.82898E-5 1.71325E-5 2.67364E-5 2.72547E-5 1.89157E-5 1.93998E-5 1.86325E-5 1.85607E-5 1.75305E-5 1.95238E-5 1.75042E-5 1.70982E-5 1.85085E-5 1.96548E-5 1.87841E-5 1.88323E-5 1.9417E-5 1.89466E-5 2.01748E-5 1.90534E-5 1.69269E-5 1.62858E-5 1.62109E-5 1.67128E-5 1.69332E-5 1.60867E-5 1.88193E-5 1.97172E-5 1.5443E-5 1.55983E-5 -9999
5.10665E-5 3.79825E-5 3.39862E-5 3.44191E-5 3.6028E-5 3.39291E-5 3.02308E-5 3.0011E-5 3.1214E-5 2.70021E-5 2.72827E-5 2.93842E-5 2.78063E-5 3.00319E-5 2.94712E-5 2.72652E-5 2.46948E-5 2.43883E-5 2.49188E-5 2.47253E-5 2.71626E-5 2.76087E-5 2.58879E-5 2.41811E-5 2.18629E-5 2.07304E-5 2.05018E-5 2.04987E-5 1.85928E-5 1.90112E-5 1.87014E-5 1.93173E-5 3.3098E-5 3.09812E-5 1.86999E-5 2.03122E-5 2.01056E-5 2.15705E-5 1.93004E-5 1.91786E-5 1.89183E-5 1.87717E-5 1.84326E-5 1.9877E-5 1.98977E-5 2.02175E-5 2.05957E-5 1.95833E-5 1.85706E-5 1.77632E-5 1.69083E-5 1.76628E-5 1.64415E-5 1.56326E-5 1.68447E-5 1.70926E-5 1.78573E-5 1.5828E-5 1.58894E-5 1.63383E-5 -9999
6.21525E-5 8.60031E-5 3.36751E-5 3.77768E-5 3.15861E-5 3.22039E-5 3.0777E-5 2.92696E-5 2.88203E-5 2.8694E-5 3.04509E-5 3.08857E-5 2.71957E-5 2.61807E-5 3.15584E-5 2.7571E-5 2.42637E-5 2.50165E-5 2.94394E-5 3.87773E-5 2.97883E-5 2.92121E-5 2.69088E-5 2.4657E-5 2.27209E-5 2.21439E-5 2.1184E-5 2.15448E-5 3.43341E-5 2.79284E-5 2.11657E-5 1.92435E-5 2.46845E-5 1.96184E-5 1.93528E-5 2.07266E-5 1.96704E-5 1.93769E-5 2.0365E-5 1.92274E-5 1.82288E-5 1.96922E-5 2.00756E-5 1.92797E-5 1.99896E-5 2.06299E-5 2.0372E-5 1.9853E-5 1.85087E-5 1.81155E-5 1.84044E-5 1.68387E-5 1.86631E-5 1.73118E-5 1.70731E-5 1.69682E-5 1.95114E-5 1.6336E-5 1.63486E-5 1.69841E-5 -9999
3.72029E-5 3.50701E-5 3.57734E-5 3.3801E-5 3.19644E-5 3.26417E-5 4.72379E-5 3.00713E-5 3.07453E-5 3.2642E-5 2.87625E-5 2.85865E-5 2.7008E-5 2.91547E-5 2.6974E-5 2.7403E-5 2.97112E-5 2.72329E-5 2.79655E-5 3.07109E-5 2.9952E-5 2.90023E-5 2.6832E-5 2.61548E-5 2.08803E-5 2.15649E-5 2.0783E-5 2.0762E-5 3.93258E-5 2.86428E-5 2.84804E-5 2.24221E-5 2.00292E-5 1.99814E-5 2.15317E-5 3.12079E-5 2.22512E-5 2.15267E-5 2.06981E-5 2.03404E-5 2.01297E-5 1.90101E-5 2.06248E-5 2.05905E-5 2.12279E-5 2.12498E-5 2.13764E-5 1.97601E-5 1.85764E-5 1.88413E-5 1.95423E-5 1.85536E-5 1.77767E-5 1.83018E-5 1.76293E-5 1.72528E-5 1.76227E-5 1.70924E-5 1.74408E-5 1.74852E-5 -9999
3.65316E-5 3.62636E-5 3.52512E-5 3.83795E-5 3.36111E-5 5.86863E-5 3.73856E-5 2.8622E-5 3.34878E-5 3.26986E-5 3.11483E-5 3.11473E-5 2.96245E-5 2.76999E-5 2.68694E-5 2.5711E-5 3.34998E-5 4.61811E-5 2.709E-5 2.68705E-5 3.06446E-5 2.76341E-5 2.77314E-5 2.4978E-5 2.35798E-5 2.1001E-5 2.13758E-5 2.15302E-5 2.24962E-5 2.31102E-5 2.28371E-5 2.24979E-5 2.53079E-5 2.18864E-5 1.93274E-5 3.45399E-5 2.46973E-5 2.16303E-5 2.19977E-5 2.2063E-5 2.24073E-5 2.13011E-5 2.19048E-5 2.15594E-5 2.27714E-5 2.16231E-5 2.36136E-5 1.90587E-5 1.93148E-5 2.03352E-5 1.96986E-5 1.90986E-5 1.87781E-5 1.73798E-5 1.76527E-5 1.78697E-5 1.82624E-5 1.84656E-5 1.72032E-5 -9999 -9999
