Candidate_Models_July82022/M_0.3_F_lqp_Set_1_cal/Bison.asc
ncols         290
nrows         380
xllcorner     -2197417.7431653
yllcorner     -584827.01486885
cellsize      10000.0
NODATA_value  -9999
[rows 243 to 269 of 380, columns 61 to 121 of 290]
1.4546E-3 1.94812E-3 7.69722E-3 3.91722E-2 7.59359E-2 3.60265E-2 4.0743E-2 6.60726E-2 7.51823E-2 1.97969E-1 1.39517E-1 2.71068E-1 2.54594E-1 2.73308E-1 3.25989E-1 5.42144E-1 4.27192E-1 1.41626E-1 2.7274E-1 2.63075E-1 2.11637E-1 1.08507E-1 2.07419E-1 2.38934E-1 1.72114E-1 7.04576E-2 7.35176E-2 5.75414E-2 3.03678E-3 1.68471E-3 3.15231E-3 2.09816E-2 1.31147E-3 2.21568E-4 1.44218E-2 1.2236E-3 8.42528E-3 1.19348E-2 2.93485E-3 3.34031E-2 3.20185E-3 3.74766E-2 1.70321E-2 7.5818E-2 7.46273E-2 6.1002E-2 3.19914E-2 2.10195E-1 2.72502E-2 6.64783E-2 2.0901E-1 1.96774E-1 3.02096E-1 4.79132E-1 5.71476E-1 6.98341E-1 7.35016E-1 7.82469E-1 7.61784E-1 7.59113E-1 7.00259E-1
1.46788E-3 5.51356E-4 5.69366E-3 3.74247E-3 1.29825E-2 2.03432E-2 2.04752E-2 1.45347E-2 5.87477E-2 1.12583E-1 1.56551E-1 2.80405E-1 3.65481E-1 4.00849E-1 5.2828E-1 6.67743E-1 2.25831E-1 2.09313E-1 1.80034E-1 7.89997E-2 3.87239E-2 8.60819E-2 1.94593E-1 3.19731E-1 8.60239E-2 5.56209E-2 1.73872E-2 4.61677E-2 4.71835E-4 9.95007E-3 1.01112E-3 2.72401E-2 8.81766E-4 5.55249E-2 3.0775E-4 2.08732E-3 2.1941E-3 5.87314E-3 4.73753E-3 5.54336E-2 1.05586E-1 4.13673E-2 1.04945E-2 1.12876E-1 1.89428E-1 4.90344E-2 2.04955E-1 1.16893E-2 1.20255E-2 3.353E-2 1.29252E-1 1.69383E-1 2.07159E-1 3.09101E-1 2.27519E-1 3.79607E-1 7.00729E-1 7.31367E-1 7.28932E-1 7.8552E-1 7.7412E-1
1.03383E-2 1.17879E-4 9.28674E-4 1.18875E-4 1.54606E-5 7.22908E-5 2.29864E-2 1.24538E-2 8.28493E-3 5.34927E-2 1.25972E-1 2.95556E-1 5.09404E-1 3.89634E-1 6.04755E-1 6.52539E-1 6.42719E-1 3.28707E-1 8.94249E-2 2.07824E-2 2.2765E-2 1.25064E-1 2.24222E-1 2.1944E-1 8.15225E-3 4.91457E-2 5.56632E-2 8.52539E-3 1.56608E-2 1.56349E-3 9.53483E-3 2.57691E-2 2.20344E-2 1.40676E-3 2.23808E-3 4.21851E-4 2.49346E-3 2.22511E-3 1.59138E-2 1.78877E-3 1.09617E-1 2.83887E-2 5.05466E-2 1.10739E-2 1.26758E-1 2.54574E-1 1.09249E-1 2.73382E-2 1.14934E-1 1.14747E-1 8.43145E-2 1.22215E-1 1.84771E-1 2.61918E-1 1.20173E-1 3.33752E-1 3.48508E-1 7.25793E-1 7.39344E-1 7.58716E-1 3.79609E-1
3.92112E-3 1.29469E-2 6.11526E-3 2.8147E-3 6.0445E-5 2.94665E-5 5.39192E-3 3.15641E-3 3.3879E-3 2.98204E-2 1.19582E-1 3.80014E-2 2.19815E-1 5.46923E-1 6.59941E-1 4.504E-1 3.35537E-1 1.52548E-1 7.41563E-2 3.91295E-2 4.99145E-2 1.02173E-1 3.38923E-1 1.99761E-1 6.88796E-2 1.08139E-1 3.72098E-2 8.90151E-3 4.00962E-2 2.18342E-2 1.32304E-2 5.66331E-3 3.49048E-2 7.17891E-3 1.40654E-3 1.02781E-2 3.99906E-3 2.26369E-3 1.29364E-1 2.38969E-2 2.72176E-2 5.08162E-2 9.62755E-2 1.37545E-2 1.68168E-1 2.11949E-1 1.06018E-1 1.60724E-1 6.42047E-2 8.26612E-2 8.1047E-2 1.02992E-1 2.32589E-1 1.70586E-1 2.082E-1 3.83878E-1 3.17044E-1 4.0609E-1 7.52265E-1 7.85225E-1 4.17688E-1
4.017E-5 9.46705E-5 1.26394E-2 8.52982E-3 3.08245E-5 1.17881E-4 5.43719E-3 3.34962E-3 1.30138E-3 8.24745E-3 3.91874E-2 7.64127E-2 1.53398E-1 4.78896E-1 2.03642E-1 6.48057E-2 4.68033E-2 7.79944E-2 1.79522E-2 2.29546E-2 7.7147E-2 1.98935E-1 9.48962E-2 1.32119E-1 1.44136E-1 9.95309E-2 5.48782E-2 6.37496E-2 1.91068E-2 1.26836E-2 2.06933E-3 1.95065E-2 3.0054E-2 2.85247E-4 5.48012E-4 2.76029E-3 1.10493E-3 3.35374E-3 4.3551E-3 2.54499E-2 1.06093E-3 3.07829E-2 2.24603E-2 6.61662E-2 6.61848E-2 2.64912E-1 1.82341E-1 3.0311E-1 9.98017E-2 5.57016E-2 4.28193E-2 8.89104E-2 3.29989E-1 3.30739E-1 1.92792E-1 2.48459E-1 3.00861E-1 4.22648E-1 7.52532E-1 7.38807E-1 7.70636E-1
7.04133E-3 1.33486E-4 2.13486E-2 4.54907E-3 1.12584E-4 8.11179E-4 3.95873E-3 8.2112E-4 2.99191E-4 5.02194E-3 1.36781E-2 7.60316E-2 1.73845E-1 1.75834E-1 5.04997E-2 2.297E-2 4.25393E-2 2.95413E-2 1.45745E-2 4.93444E-2 9.32374E-2 2.05956E-1 5.45035E-2 3.69453E-2 3.06458E-2 2.96723E-2 2.47405E-2 4.27584E-2 3.20819E-2 1.07746E-2 8.57789E-4 1.2989E-2 4.46939E-2 5.77063E-3 1.90996E-3 1.97927E-3 1.59347E-2 7.61665E-4 8.47561E-3 1.39441E-2 5.21496E-2 1.10628E-1 2.33492E-2 1.02727E-1 1.54526E-2 2.59713E-1 2.20016E-1 1.69112E-1 1.44374E-1 2.62414E-1 8.02789E-2 1.21725E-1 2.75541E-1 1.74734E-1 1.75807E-1 1.41858E-1 2.9872E-1 6.24174E-1 7.29927E-1 7.37362E-1 6.80655E-1
1.44675E-3 1.60626E-3 1.46892E-2 2.48052E-2 2.48268E-4 1.13629E-4 4.62985E-4 1.18148E-4 2.11273E-5 8.47548E-4 3.97614E-2 5.45486E-2 8.94298E-2 8.21209E-2 6.84618E-2 4.31384E-2 3.82391E-2 6.16736E-2 3.0464E-2 8.51334E-2 1.28419E-1 1.93846E-1 3.1568E-2 4.14055E-2 8.0009E-3 6.44166E-3 1.11695E-2 1.91938E-2 9.5721E-3 3.02358E-3 1.45158E-2 1.87853E-2 3.81034E-2 1.00759E-2 3.2151E-3 1.99066E-3 3.01754E-2 4.44523E-4 1.57729E-2 1.54685E-2 1.78322E-2 2.07481E-2 2.06194E-2 9.35303E-2 1.94324E-2 2.11505E-1 2.90901E-1 5.98408E-2 2.5185E-1 9.00799E-2 3.21396E-2 1.50942E-2 1.35712E-1 1.12352E-1 2.6471E-1 1.64901E-1 2.55679E-1 5.92745E-1 6.81915E-1 6.7034E-1 6.69088E-1
1.09044E-3 1.92234E-4 1.35016E-2 5.48803E-3 1.50885E-5 5.78815E-3 2.47297E-5 6.18088E-5 5.27178E-4 5.77545E-3 3.46288E-2 3.50936E-2 1.3515E-1 1.03434E-1 1.02134E-1 8.2689E-2 4.51057E-2 8.14907E-2 1.05908E-1 1.48558E-1 1.97594E-1 2.92447E-1 6.52488E-2 5.06078E-2 4.15205E-3 8.60971E-3 2.45822E-2 6.09946E-3 1.51334E-2 1.35588E-2 3.29635E-2 6.3892E-2 5.82018E-3 4.06012E-3 8.47963E-3 6.02993E-4 6.99756E-3 2.57468E-3 1.57441E-2 -9999 1.4804E-2 2.83003E-2 1.56047E-2 2.63329E-2 9.2484E-2 2.67449E-1 2.44699E-1 2.11501E-1 2.64472E-1 4.77625E-2 1.8841E-2 2.23465E-1 6.00937E-2 5.55186E-2 1.35286E-1 1.95501E-1 2.32216E-1 6.74953E-1 6.48031E-1 6.49254E-1 6.72811E-1
1.10845E-3 7.70502E-3 2.41415E-2 4.56714E-3 3.11703E-3 1.35744E-2 1.19392E-3 3.89557E-4 1.73004E-4 3.30045E-3 2.61916E-2 3.4467E-2 1.83042E-1 1.86553E-1 5.8392E-2 4.81074E-2 9.82617E-2 1.62118E-1 3.35583E-1 5.05064E-1 2.8356E-1 1.88258E-1 5.6274E-2 3.08499E-2 1.28028E-2 2.57992E-2 1.33477E-2 6.31536E-3 9.03436E-3 3.04549E-2 4.99558E-2 1.65681E-1 8.21632E-3 2.22765E-3 1.10312E-2 4.22736E-3 8.94484E-3 1.46813E-3 2.90627E-2 8.91421E-4 1.73525E-2 4.40332E-2 2.96747E-2 2.757E-2 1.00118E-1 1.00509E-1 2.8709E-1 2.27344E-1 1.50155E-1 4.19218E-2 1.46333E-1 2.03392E-1 7.88586E-2 7.57356E-2 1.17142E-1 1.60005E-1 3.66923E-1 7.0869E-1 6.38322E-1 6.34219E-1 6.94017E-1
1.04963E-2 3.19905E-2 8.09493E-2 1.77008E-2 2.94268E-4 1.42906E-3 3.72334E-4 1.45806E-4 5.50922E-4 1.20436E-3 1.70829E-2 1.8511E-1 5.22594E-1 1.78317E-1 6.24131E-2 7.9937E-2 9.94149E-2 1.64274E-1 1.71189E-1 1.37942E-1 2.85211E-2 6.03655E-2 7.34051E-2 1.9596E-2 4.65092E-2 6.23454E-2 5.693E-3 7.58749E-3 1.14532E-2 4.05945E-2 2.09111E-2 1.77082E-2 2.68528E-3 8.89071E-3 2.36155E-3 1.80044E-2 1.46199E-3 3.92136E-3 1.476E-2 1.50213E-2 9.28923E-3 2.29692E-2 9.92963E-3 7.26915E-2 1.12262E-1 1.59257E-1 3.12093E-1 1.85739E-1 7.05889E-2 1.14651E-1 2.25483E-1 2.22759E-2 8.82322E-2 3.54871E-2 1.14608E-1 1.41028E-1 2.89268E-1 6.81389E-1 6.01709E-1 6.29496E-1 6.29959E-1
2.09938E-1 2.29779E-1 5.80146E-2 2.04781E-3 3.56201E-4 2.17434E-4 1.16152E-3 3.13766E-4 5.81958E-4 3.19807E-3 2.39436E-2 1.72179E-1 1.29107E-1 1.70106E-1 1.30307E-1 1.14517E-1 1.24323E-1 1.93574E-1 1.3123E-1 6.83865E-2 3.64626E-2 6.07079E-2 6.70352E-2 5.58846E-2 1.04534E-1 2.8117E-2 5.09049E-3 5.61005E-3 1.59786E-2 5.12245E-2 6.19425E-3 5.62389E-3 6.21838E-2 1.47326E-2 2.86204E-2 9.48544E-4 1.97576E-3 1.59904E-3 2.22237E-2 8.79053E-3 9.11783E-2 7.18154E-2 2.96693E-2 4.20299E-2 4.98582E-2 1.91432E-1 2.43879E-1 2.51337E-1 1.21823E-1 9.61433E-2 1.62088E-1 6.69756E-2 1.94224E-1 1.38844E-1 6.42249E-2 9.0789E-2 1.46834E-1 5.0834E-1 6.62272E-1 6.1227E-1 6.1451E-1
1.78827E-2 1.41524E-2 6.63971E-3 2.69035E-3 4.8491E-4 2.38467E-3 8.58322E-4 1.15949E-3 1.04663E-3 3.28765E-3 7.86708E-2 1.76764E-1 1.19083E-1 1.25405E-1 1.39924E-1 1.10797E-1 8.61282E-2 1.64736E-1 2.05656E-1 7.72185E-2 9.87914E-2 7.39211E-2 5.71516E-2 6.47204E-2 9.8614E-2 1.20491E-2 -9999 2.71898E-2 3.99014E-2 3.16004E-2 8.83736E-3 3.71932E-3 1.57875E-2 4.09408E-3 1.44231E-3 2.89087E-3 4.02401E-3 1.942E-3 2.85832E-2 9.5191E-3 6.29371E-2 4.01285E-2 8.97384E-2 6.59685E-2 2.98347E-2 1.74233E-1 1.95292E-1 1.32431E-1 3.23387E-1 1.76935E-1 5.67302E-2 9.10373E-2 1.91125E-1 5.96347E-2 7.11328E-2 7.06767E-2 1.2717E-1 3.10676E-1 6.52103E-1 6.71911E-1 5.97089E-1
1.60616E-2 1.92081E-3 6.35332E-4 1.0181E-4 8.33449E-3 6.14324E-5 8.988E-3 1.97572E-3 2.36562E-3 2.72113E-3 3.39157E-2 2.92291E-2 3.75032E-2 1.02246E-1 1.847E-1 6.64844E-2 7.55285E-2 2.62046E-1 1.411E-1 5.35512E-2 3.41967E-2 1.11257E-1 5.94537E-2 1.42477E-1 8.62725E-3 2.56177E-2 1.45013E-2 3.28348E-2 6.05526E-2 7.51051E-3 3.23656E-3 1.94375E-3 6.92517E-3 2.1679E-2 -9999 7.24196E-3 1.36427E-2 3.12469E-3 2.37845E-2 2.88089E-2 7.81579E-3 2.32544E-2 3.12247E-2 1.18516E-2 1.0106E-2 1.44587E-1 2.34965E-1 5.80699E-2 1.09345E-1 1.10803E-1 7.22427E-2 6.46222E-2 1.25939E-1 8.83552E-2 9.34982E-2 3.67073E-2 9.30912E-2 3.95561E-1 6.52617E-1 6.72869E-1 5.95211E-1
1.28412E-2 2.23554E-2 2.17887E-3 1.06336E-3 4.4988E-4 1.98672E-7 4.11683E-3 3.09795E-3 5.02566E-3 3.76836E-3 2.17662E-2 1.12311E-2 2.12782E-2 5.93618E-2 1.82698E-1 9.56347E-2 2.10691E-1 2.70934E-1 1.92724E-1 8.74499E-2 3.28462E-2 8.94823E-2 6.39828E-2 7.73862E-2 7.94767E-3 2.34619E-2 4.89428E-2 7.22176E-3 4.5434E-2 9.15291E-3 8.59029E-3 6.57213E-3 7.94909E-3 2.14599E-3 5.4899E-4 1.91853E-3 1.9032E-3 3.0445E-2 1.39161E-2 7.91227E-3 6.52006E-3 3.35277E-2 1.60193E-2 2.50355E-2 2.62426E-2 1.77418E-1 3.14214E-1 7.15135E-2 3.18617E-2 1.74391E-1 5.67357E-2 5.18231E-2 1.44406E-1 9.28573E-2 2.2784E-1 1.44043E-1 9.95846E-2 2.65006E-1 2.55965E-1 7.08485E-1 6.08473E-1
1.03318E-4 1.48495E-2 3.66475E-3 1.48168E-2 4.42015E-3 1.51447E-2 1.41671E-2 1.00279E-2 7.87386E-3 1.1736E-3 1.80052E-2 1.31578E-2 2.5015E-2 5.0376E-2 9.86619E-2 9.49557E-2 2.16718E-1 2.8978E-1 2.80481E-1 7.176E-2 6.20008E-2 9.57986E-2 1.13141E-1 4.35077E-2 2.41276E-2 6.00574E-2 2.27566E-2 3.1576E-3 2.33765E-2 2.24817E-2 4.5681E-3 7.10338E-3 2.24E-2 8.19426E-3 6.55771E-3 4.37686E-3 6.33463E-3 2.62084E-2 2.65536E-2 5.82031E-4 4.93917E-3 3.54918E-2 3.72009E-2 2.52082E-2 1.61678E-1 2.43462E-1 2.29127E-1 5.86757E-2 8.27343E-2 4.28942E-2 1.3259E-1 9.43438E-2 1.89241E-1 8.35572E-2 1.72719E-1 2.29118E-1 2.56881E-1 5.86435E-1 4.63503E-1 6.17732E-1 6.02113E-1
1.19761E-3 1.08637E-2 1.57464E-2 1.05473E-2 2.16789E-3 2.01375E-3 1.70014E-2 1.69612E-3 3.50241E-3 5.96196E-3 1.00728E-2 3.13021E-2 6.39119E-2 7.91955E-2 6.16249E-2 1.47272E-1 2.04953E-1 2.89091E-1 1.50038E-1 9.5351E-2 1.1422E-1 1.16812E-1 1.26124E-1 6.62477E-2 3.46838E-2 6.33822E-2 2.35043E-2 8.0222E-3 8.73154E-3 2.09943E-2 4.53173E-2 2.37758E-2 2.03779E-2 9.92322E-4 1.48336E-3 4.3842E-4 3.75279E-3 4.09061E-3 8.28373E-3 4.1816E-3 2.7949E-2 1.27753E-2 6.49195E-2 3.62285E-2 4.10686E-1 3.4767E-1 2.49032E-1 2.81507E-2 1.2407E-2 3.90127E-2 3.35877E-2 4.14294E-2 1.73481E-1 8.83419E-2 1.36518E-1 2.0604E-1 4.83217E-1 5.90328E-1 2.70984E-1 5.78436E-1 5.73164E-1
3.3106E-2 2.03014E-3 5.82901E-6 8.12395E-3 3.64073E-3 8.34742E-4 9.5279E-4 1.68317E-3 1.01741E-3 4.04394E-3 3.40856E-2 1.3377E-1 2.19989E-1 7.6973E-2 1.06675E-1 5.15388E-2 2.7231E-1 4.41698E-1 3.52235E-1 2.6581E-1 1.82769E-1 1.79492E-1 1.5549E-1 1.19757E-1 8.9396E-2 7.48413E-2 2.54167E-2 2.23113E-3 1.30668E-2 1.88397E-2 1.42954E-2 4.87598E-2 6.84105E-3 3.08456E-3 1.37795E-3 1.2459E-5 4.30915E-5 8.89284E-3 2.12542E-2 1.72802E-2 1.22152E-2 4.70352E-2 3.24663E-2 4.52233E-2 1.6095E-1 3.22266E-1 3.1425E-1 5.41115E-2 1.66228E-2 3.29405E-2 5.41171E-2 1.05109E-1 1.26999E-1 6.39251E-2 1.17349E-1 1.08463E-1 5.26235E-1 4.90909E-1 5.02145E-1 6.27193E-1 5.48253E-1
2.58349E-2 5.01319E-3 1.2821E-4 6.7292E-3 3.70015E-3 3.38064E-3 1.83442E-4 8.67215E-4 1.10173E-2 2.68907E-2 3.90046E-2 1.89715E-1 1.67495E-1 1.68419E-1 1.30235E-1 2.52726E-1 2.71743E-1 3.87751E-1 3.18366E-1 5.9449E-1 5.67009E-1 3.39045E-1 3.62026E-1 1.73835E-1 8.49295E-2 9.60207E-2 5.49511E-2 2.53538E-2 1.00865E-2 1.49828E-2 3.77225E-2 3.21628E-2 1.19238E-2 3.00665E-3 6.00374E-3 4.43216E-5 7.03931E-5 4.54168E-3 3.40176E-2 1.25101E-2 1.63698E-2 4.87003E-2 5.56402E-2 8.57017E-2 2.29413E-1 2.03036E-1 2.20843E-1 2.74698E-1 4.52081E-2 1.5158E-2 3.79213E-2 1.47068E-2 6.39455E-2 1.33214E-1 2.66375E-1 3.97538E-1 5.43405E-1 5.17985E-1 6.38981E-1 5.62508E-1 5.48687E-1
6.83038E-3 1.27408E-2 8.50389E-3 4.42562E-3 1.44417E-2 9.28108E-4 4.59499E-3 6.26606E-3 4.00418E-2 9.79558E-2 7.8347E-2 8.94783E-2 1.04218E-1 6.56054E-2 9.51609E-2 1.89243E-1 4.32173E-1 4.54712E-1 3.10413E-1 5.46344E-1 5.05565E-1 2.35951E-1 2.76057E-1 1.23655E-1 2.42695E-1 1.44284E-1 1.44541E-1 3.25474E-2 1.71105E-2 1.25949E-2 4.09277E-2 3.68041E-2 7.90987E-3 9.1047E-3 7.86925E-4 4.48169E-5 5.75944E-5 1.65407E-4 7.44067E-2 5.76416E-3 3.16833E-2 7.48126E-2 3.82729E-2 2.5332E-1 2.86333E-1 3.69458E-2 5.81392E-2 2.20435E-1 2.08877E-1 2.36039E-2 7.6566E-3 7.45909E-3 2.43404E-2 2.0423E-1 3.84249E-1 4.04971E-1 5.547E-1 5.84979E-1 6.11425E-1 5.32111E-1 5.44225E-1
5.85661E-4 1.12078E-2 3.09778E-4 6.39646E-5 1.62159E-3 1.98255E-2 6.21628E-2 1.33971E-2 6.17945E-3 2.54816E-2 1.70225E-1 1.40923E-1 1.11787E-1 7.88288E-2 1.10036E-1 2.45452E-1 3.8405E-1 3.69988E-1 4.06283E-1 1.39711E-1 2.3173E-1 2.47477E-1 1.28986E-1 3.43506E-1 1.08198E-1 5.69645E-2 1.00395E-1 3.05489E-2 3.3163E-2 3.44231E-2 4.98012E-2 5.85294E-2 1.95325E-2 2.62681E-2 5.70025E-4 6.01962E-5 1.12466E-4 6.56304E-3 8.91569E-2 9.4834E-3 4.36059E-2 3.62267E-2 1.76341E-2 6.50967E-2 6.46104E-2 5.08466E-2 5.5565E-2 1.14915E-1 1.82511E-1 1.30785E-2 2.38505E-2 4.48711E-3 1.54606E-2 1.33514E-1 3.03781E-1 1.60224E-1 5.82157E-1 5.33507E-1 5.80571E-1 5.03604E-1 5.48253E-1
1.03547E-2 7.73272E-3 2.50543E-4 8.98945E-4 1.8194E-3 3.20758E-2 9.33489E-3 5.96619E-3 2.57153E-2 8.38886E-2 8.48744E-2 4.21549E-1 9.84603E-2 1.60413E-1 2.27502E-1 4.69618E-1 4.27667E-1 3.70746E-1 5.82382E-1 4.29423E-1 3.78315E-1 2.17723E-1 2.42022E-1 2.90347E-1 7.40884E-2 3.73558E-2 9.25271E-2 4.53948E-2 8.85297E-2 1.06162E-1 6.05325E-2 3.77076E-2 9.50706E-3 9.8712E-3 2.10095E-3 1.59581E-4 2.65309E-4 7.07227E-3 1.52824E-1 9.35916E-2 9.23808E-3 4.76329E-2 3.26593E-2 2.22382E-2 3.3092E-2 5.62863E-2 1.2266E-1 9.57463E-2 1.79325E-1 1.93351E-1 2.56226E-2 5.88789E-3 5.2673E-3 5.1097E-2 3.33641E-2 3.47775E-2 2.91537E-1 5.41742E-1 5.21072E-1 5.24448E-1 5.23218E-1
1.21851E-4 7.20174E-4 2.07413E-4 6.01278E-4 1.17437E-2 3.75994E-3 8.98289E-3 3.37008E-2 2.03058E-2 1.47763E-1 1.89713E-1 5.21545E-1 2.52401E-1 6.68143E-2 3.61221E-1 4.34984E-1 3.24592E-1 4.16195E-1 2.90073E-1 4.52256E-1 2.0772E-1 1.98608E-1 2.62715E-1 1.47576E-1 4.62252E-2 4.22664E-2 1.30319E-1 1.98861E-1 6.06156E-2 3.38837E-2 8.58995E-2 6.36921E-4 6.11431E-2 3.54034E-3 1.08294E-3 1.42413E-2 3.35814E-3 1.14707E-2 1.52189E-1 1.48705E-1 5.3989E-3 6.30613E-2 3.80704E-2 1.13418E-2 2.21928E-2 2.64773E-2 4.66607E-2 8.83898E-2 1.36287E-1 4.21741E-2 5.45456E-3 6.30502E-3 2.29363E-2 6.15957E-2 6.60698E-2 7.56669E-2 5.11038E-2 2.79837E-1 4.59904E-1 4.90202E-1 5.07829E-1
7.81399E-4 2.44718E-3 3.18633E-4 5.67858E-5 2.54321E-4 2.63193E-3 4.53078E-2 3.87771E-2 2.58247E-2 1.56834E-2 1.2266E-1 3.95436E-1 3.43293E-1 2.10049E-1 2.85023E-1 4.25536E-1 3.54098E-1 3.26774E-1 2.97352E-1 2.29073E-1 3.59549E-1 1.55849E-1 1.8603E-1 1.41336E-1 8.2188E-2 6.41275E-2 1.41284E-1 1.85282E-1 6.70263E-2 1.04929E-2 2.9201E-2 6.49633E-2 8.4555E-3 5.30181E-3 2.95353E-3 2.15917E-2 2.16179E-2 2.00027E-3 6.16712E-3 2.78448E-1 8.50918E-2 3.21877E-2 3.7457E-3 1.40779E-2 1.57629E-2 2.51104E-2 1.51539E-2 5.19883E-2 1.7587E-1 6.39227E-2 1.66465E-2 2.46153E-3 4.28633E-2 2.55795E-2 9.30952E-3 2.74874E-2 1.66949E-2 2.05247E-1 3.9352E-1 5.37929E-1 5.00491E-1
9.79369E-5 5.04094E-4 2.50744E-5 1.07007E-2 2.40203E-3 9.12151E-3 1.04896E-2 2.51877E-2 1.12588E-1 8.11094E-2 1.65724E-1 3.98464E-1 2.2373E-1 2.55679E-1 3.95754E-1 3.92726E-1 3.69258E-1 4.19799E-1 2.83497E-1 1.87501E-1 1.73744E-1 1.71509E-1 1.7492E-1 1.46785E-1 4.1426E-2 1.08517E-1 1.46841E-1 3.28552E-1 1.34857E-1 2.61683E-2 1.199E-2 5.73012E-2 2.18343E-3 2.78344E-3 1.20503E-2 1.62963E-2 9.9157E-4 5.09161E-4 1.69932E-2 2.38396E-1 1.97264E-2 4.32685E-2 1.38609E-2 3.39804E-2 5.9037E-2 3.96513E-2 1.8903E-2 5.16748E-2 2.34784E-1 2.21643E-1 5.13233E-4 6.44129E-3 2.76678E-3 3.62086E-2 1.139E-3 2.75187E-4 3.94858E-3 4.65523E-2 3.86088E-1 4.68157E-1 4.78378E-1
6.98428E-3 8.76472E-4 7.70326E-6 1.32338E-3 3.10672E-2 9.29839E-3 4.39706E-3 8.94457E-3 8.1851E-2 2.67449E-1 1.2276E-1 3.58169E-1 2.69723E-1 4.11197E-1 3.65426E-1 3.29347E-1 2.99873E-1 2.72242E-1 2.14248E-1 2.19131E-1 1.74325E-1 1.77534E-1 1.77597E-1 1.01988E-1 8.13849E-2 1.78831E-1 1.35208E-1 2.75793E-1 2.39515E-1 3.3289E-2 1.75546E-2 2.75053E-2 3.45964E-2 2.95979E-2 2.87445E-2 3.9843E-2 2.25917E-2 9.47303E-3 2.0469E-2 3.53871E-1 6.36964E-2 1.60538E-2 1.22207E-2 1.75102E-2 2.37463E-2 2.19311E-2 1.50729E-2 3.49322E-2 4.27475E-1 3.94645E-1 1.38172E-3 1.86536E-3 1.10511E-3 4.95644E-2 5.19352E-2 1.61151E-3 1.52302E-3 6.45175E-2 7.96714E-2 3.48492E-1 4.6946E-1
2.06991E-3 5.22089E-4 6.44159E-5 6.84887E-4 8.82266E-3 2.71136E-3 1.90568E-3 6.89208E-3 1.29261E-1 2.89315E-1 1.95806E-1 2.85754E-1 4.35291E-1 2.81974E-1 3.60173E-1 4.25592E-1 3.27699E-1 2.95251E-1 2.51687E-1 1.80045E-1 1.81759E-1 2.15065E-1 1.91255E-1 1.13767E-1 9.65666E-2 1.64682E-1 1.61628E-1 2.84999E-1 1.52152E-1 4.79648E-2 8.5083E-3 2.71092E-2 3.3794E-2 3.20958E-2 3.57201E-2 5.80843E-2 2.33427E-3 6.03421E-2 8.06501E-2 2.84868E-1 7.39077E-2 5.68503E-2 2.2443E-2 1.22277E-2 1.47632E-2 4.35688E-2 7.57313E-2 1.51543E-1 1.25421E-1 2.12282E-1 2.93975E-3 7.19754E-4 1.73442E-3 1.05206E-1 2.98704E-2 1.31082E-3 2.14973E-3 1.0046E-1 4.02507E-2 4.89135E-2 5.01322E-1
4.84636E-3 4.96286E-3 2.37721E-4 6.8556E-4 1.00352E-2 1.67573E-2 2.26614E-3 3.07149E-2 9.64874E-2 2.21161E-1 3.48772E-1 3.03308E-1 3.69099E-1 3.91505E-1 4.83905E-1 3.01812E-1 3.55647E-1 3.39317E-1 3.48197E-1 5.01714E-1 2.82765E-1 1.18756E-1 1.71387E-1 9.23722E-2 1.78848E-1 2.06536E-1 2.1321E-1 2.50019E-1 1.29098E-1 4.00771E-2 3.63243E-2 5.78063E-2 4.35962E-2 2.27715E-2 2.67034E-2 5.25354E-2 1.11783E-1 3.7663E-2 7.15029E-2 1.84461E-2 7.79402E-3 3.4219E-2 2.41655E-2 2.58973E-2 7.8789E-3 1.51649E-2 4.59387E-2 1.497E-2 4.96736E-2 1.27863E-1 7.17606E-3 5.61624E-4 6.44999E-4 7.18012E-2 1.20124E-1 2.06908E-2 2.41764E-3 1.07463E-2 9.48831E-3 5.37728E-2 3.46317E-1
