Candidate_Models_July82022/M_0.3_F_lqp_Set_1_cal/Bison.asc
ncols         290
nrows         380
xllcorner     -2197417.7431653
yllcorner     -584827.01486885
cellsize      10000.0
NODATA_value  -9999
[rows 135 to 161 of 380, columns 61 to 121 of 290]
7.86751E-2 1.02983E-1 1.06302E-1 1.68696E-1 1.19426E-1 9.50867E-2 9.78574E-2 7.39855E-2 5.80961E-2 5.25293E-2 1.00352E-1 9.85619E-2 6.72741E-2 6.26666E-2 5.4386E-2 7.94522E-2 5.25047E-2 5.87183E-2 5.68033E-2 6.47462E-2 7.11977E-2 7.20572E-2 8.06E-2 8.62021E-2 8.41914E-2 6.69436E-2 1.15037E-1 8.59407E-2 7.64081E-2 7.29059E-2 9.09777E-2 8.49005E-2 8.77803E-2 8.78901E-2 8.0971E-2 7.96687E-2 7.9826E-2 8.85173E-2 7.80849E-2 8.71023E-2 8.33496E-2 8.47162E-2 8.97198E-2 8.15947E-2 8.34213E-2 7.99509E-2 8.19241E-2 9.81943E-2 8.26123E-2 9.3804E-2 1.06451E-1 1.05006E-1 1.0442E-1 1.18622E-1 1.3307E-1 1.3063E-1 1.5409E-1 1.35602E-1 1.31929E-1 1.23868E-1 1.53298E-1
1.23568E-1 1.06085E-1 1.14173E-1 1.29199E-1 8.89665E-2 7.66694E-2 5.58029E-2 7.61404E-2 5.82981E-2 4.66675E-2 9.89443E-2 8.83109E-2 1.09561E-1 6.42973E-2 5.41591E-2 9.38612E-2 6.71859E-2 6.09532E-2 6.37889E-2 6.64078E-2 9.97334E-2 9.13879E-2 9.62985E-2 5.67662E-2 7.85132E-2 8.09741E-2 9.36723E-2 7.56882E-2 7.41808E-2 7.59942E-2 7.88827E-2 7.57345E-2 8.36127E-2 8.70898E-2 8.39432E-2 9.11231E-2 8.09566E-2 8.03142E-2 8.28113E-2 8.08701E-2 8.26329E-2 8.39682E-2 9.16327E-2 7.81348E-2 8.21857E-2 1.00096E-1 7.79178E-2 7.81909E-2 7.1117E-2 1.27515E-1 1.238E-1 9.25184E-2 1.15744E-1 1.17957E-1 1.26593E-1 1.40387E-1 1.54956E-1 1.45133E-1 1.33273E-1 1.2419E-1 1.52638E-1
4.60525E-2 8.83235E-2 6.42509E-2 9.10794E-2 1.16494E-1 7.00058E-2 8.69491E-2 6.91016E-2 4.79081E-2 4.13743E-2 5.63078E-2 7.43943E-2 8.31875E-2 9.69428E-2 5.50904E-2 4.51567E-2 6.36806E-2 6.61516E-2 1.02813E-1 8.08499E-2 9.16671E-2 1.05722E-1 7.99561E-2 5.17047E-2 7.70653E-2 8.78964E-2 8.0365E-2 6.67226E-2 6.58757E-2 6.74103E-2 8.05962E-2 7.63939E-2 7.53403E-2 8.62103E-2 8.20618E-2 8.44239E-2 8.75482E-2 8.29493E-2 8.5978E-2 9.00388E-2 8.20014E-2 9.87762E-2 8.30014E-2 8.50203E-2 8.51874E-2 8.41001E-2 9.48559E-2 9.5907E-2 9.29605E-2 1.0077E-1 1.21541E-1 1.08352E-1 1.15865E-1 1.19168E-1 1.22955E-1 1.3258E-1 1.41747E-1 1.41434E-1 1.37289E-1 1.3903E-1 1.55701E-1
6.04964E-2 1.39358E-1 7.73156E-2 8.06841E-2 1.11382E-1 6.74001E-2 7.96399E-2 6.72503E-2 3.5217E-2 3.43865E-2 5.20717E-2 9.43186E-2 9.26478E-2 1.09045E-1 1.09893E-1 7.72914E-2 7.31487E-2 6.81316E-2 5.3526E-2 9.76785E-2 8.44165E-2 7.44664E-2 5.8728E-2 4.51843E-2 6.16153E-2 7.03543E-2 6.54269E-2 6.25328E-2 6.54963E-2 6.54075E-2 7.12782E-2 7.17618E-2 7.81496E-2 7.99962E-2 8.50306E-2 8.18407E-2 8.62137E-2 8.65433E-2 8.66701E-2 8.65532E-2 8.45235E-2 8.68641E-2 8.81132E-2 8.63935E-2 8.79087E-2 8.99718E-2 8.65833E-2 9.37464E-2 7.41315E-2 1.0368E-1 1.1095E-1 1.11224E-1 1.07026E-1 9.29547E-2 1.09474E-1 1.17579E-1 1.38546E-1 1.36163E-1 1.57906E-1 1.56961E-1 1.52267E-1
1.1497E-1 9.42713E-2 7.32397E-2 4.12253E-2 1.16695E-1 4.727E-2 5.31101E-2 7.04231E-2 5.29892E-2 4.59101E-2 3.20276E-2 5.34789E-2 3.92879E-2 1.11543E-1 1.08996E-1 6.40864E-2 6.23404E-2 1.15274E-1 6.56701E-2 6.06772E-2 7.34041E-2 6.74118E-2 4.74112E-2 4.73756E-2 6.64341E-2 6.12721E-2 6.44676E-2 7.2194E-2 6.56545E-2 7.21697E-2 7.51623E-2 7.38143E-2 7.46619E-2 7.65784E-2 8.45576E-2 8.62783E-2 8.56534E-2 9.10777E-2 9.53101E-2 9.26924E-2 9.59072E-2 1.00726E-1 8.54497E-2 8.96232E-2 8.78498E-2 9.3325E-2 8.91101E-2 1.00474E-1 9.67544E-2 9.80712E-2 1.08189E-1 9.43748E-2 1.04107E-1 1.06131E-1 1.0555E-1 1.12053E-1 1.1762E-1 1.21046E-1 1.34494E-1 1.67466E-1 1.53924E-1
4.61787E-2 1.0489E-1 6.79891E-2 8.30765E-2 1.18335E-1 5.41806E-2 5.71509E-2 3.73164E-2 7.98779E-2 2.78208E-2 5.32121E-2 5.98719E-2 7.59508E-2 7.76891E-2 1.09333E-1 8.79367E-2 1.04529E-1 8.19633E-2 1.05825E-1 8.89657E-2 8.44643E-2 7.53302E-2 5.54965E-2 5.24506E-2 6.2265E-2 5.93828E-2 6.64157E-2 6.2938E-2 6.515E-2 7.42845E-2 7.01975E-2 8.22036E-2 7.94874E-2 7.34157E-2 8.03433E-2 7.97443E-2 8.27406E-2 8.6735E-2 9.61748E-2 9.60864E-2 9.54434E-2 9.6878E-2 9.81499E-2 7.50934E-2 7.47155E-2 7.47241E-2 9.20464E-2 1.01232E-1 1.07354E-1 1.05408E-1 9.81163E-2 1.04137E-1 1.15944E-1 9.15534E-2 9.38265E-2 1.03598E-1 1.17596E-1 1.23054E-1 1.38916E-1 1.45886E-1 1.58788E-1
4.39998E-2 8.87838E-2 4.5429E-2 3.78826E-2 1.14802E-1 4.50464E-2 5.08812E-2 7.29185E-2 6.67198E-2 5.3537E-2 6.94501E-2 9.97571E-2 6.98385E-2 8.64995E-2 8.27065E-2 8.90655E-2 1.17959E-1 9.68618E-2 9.3055E-2 8.50387E-2 7.65281E-2 7.68065E-2 6.087E-2 5.38934E-2 5.51542E-2 6.34608E-2 6.9225E-2 6.68761E-2 6.39683E-2 7.20552E-2 7.27197E-2 7.77286E-2 8.0923E-2 7.74824E-2 8.24329E-2 8.74599E-2 9.32837E-2 9.09244E-2 9.79276E-2 1.00547E-1 1.01311E-1 1.03378E-1 1.05507E-1 8.88274E-2 9.5324E-2 9.83397E-2 1.06797E-1 8.78608E-2 1.11025E-1 1.27304E-1 1.15474E-1 1.12781E-1 9.02069E-2 7.16958E-2 8.98235E-2 9.74092E-2 1.13023E-1 1.1333E-1 1.22043E-1 1.17374E-1 1.43226E-1
3.60075E-2 8.03925E-2 3.27038E-2 5.74667E-2 1.41729E-1 2.16139E-2 5.60339E-2 5.91944E-2 5.80833E-2 5.56351E-2 9.33987E-2 9.94109E-2 6.33365E-2 1.24342E-1 1.57226E-1 1.78931E-1 1.7499E-1 1.77505E-1 1.23197E-1 8.92283E-2 6.82372E-2 6.62843E-2 6.86419E-2 7.20989E-2 6.18224E-2 5.24336E-2 6.70814E-2 9.02548E-2 6.74081E-2 7.1182E-2 7.40752E-2 7.56167E-2 7.64308E-2 8.74371E-2 8.2056E-2 8.55973E-2 8.93515E-2 8.92182E-2 9.41634E-2 9.70038E-2 1.02639E-1 9.83948E-2 1.0504E-1 1.06899E-1 1.10717E-1 1.09792E-1 1.13573E-1 1.0664E-1 1.28356E-1 1.15563E-1 1.03021E-1 9.68857E-2 8.6693E-2 1.05035E-1 1.05919E-1 1.00665E-1 9.9081E-2 1.15672E-1 1.21694E-1 1.0933E-1 1.03094E-1
3.94842E-2 4.25948E-2 3.78337E-2 2.78941E-2 1.51853E-1 1.51026E-1 7.26738E-2 4.64986E-2 7.05103E-2 8.34099E-2 1.3929E-1 4.79147E-2 2.15544E-1 1.33865E-1 1.99388E-1 2.15957E-1 1.36543E-1 1.28816E-1 1.11021E-1 1.06322E-1 8.04149E-2 7.41515E-2 6.47087E-2 7.08844E-2 7.48312E-2 5.84371E-2 8.19632E-2 7.62412E-2 8.46409E-2 7.83375E-2 1.04395E-1 7.96692E-2 8.21401E-2 7.88565E-2 8.60006E-2 8.4249E-2 9.46782E-2 9.38978E-2 1.02979E-1 1.01322E-1 1.05491E-1 9.90709E-2 1.03512E-1 1.09865E-1 1.11165E-1 1.31682E-1 1.2E-1 1.11641E-1 1.0699E-1 1.18488E-1 1.12714E-1 1.1976E-1 9.21676E-2 9.23096E-2 1.06123E-1 1.14269E-1 1.15004E-1 1.15909E-1 1.01785E-1 9.57036E-2 8.85611E-2
6.16414E-2 1.98445E-2 1.20302E-1 5.52303E-2 8.91975E-2 1.65024E-1 9.64873E-2 5.34109E-2 8.40978E-2 6.97131E-2 4.77787E-2 1.92194E-1 3.98762E-2 9.67111E-2 1.49039E-1 1.8137E-1 1.52646E-1 9.0342E-2 7.06808E-2 7.46641E-2 9.24621E-2 7.245E-2 6.67776E-2 7.50914E-2 7.33932E-2 9.41885E-2 8.37899E-2 8.04552E-2 8.86927E-2 8.65897E-2 8.72261E-2 9.98581E-2 8.83378E-2 9.50571E-2 1.16905E-1 9.70197E-2 1.03735E-1 1.23572E-1 1.29398E-1 1.02827E-1 1.04666E-1 1.04622E-1 1.00735E-1 1.05691E-1 1.08998E-1 1.193E-1 1.23097E-1 1.15927E-1 1.06364E-1 1.04355E-1 1.13612E-1 9.22075E-2 8.55404E-2 6.61369E-2 1.0115E-1 1.23766E-1 1.06601E-1 1.1166E-1 7.88459E-2 9.89611E-2 1.02136E-1
3.80105E-2 2.47868E-2 1.31244E-1 7.00351E-2 6.13863E-2 1.35022E-1 9.10484E-2 6.61037E-2 4.63859E-2 1.04892E-1 8.29243E-2 1.21002E-1 6.32233E-2 9.29974E-2 1.20435E-1 1.54203E-1 1.7189E-1 8.94925E-2 1.06793E-1 7.69981E-2 1.2631E-1 1.06411E-1 6.85837E-2 9.06922E-2 9.16725E-2 9.7742E-2 8.76749E-2 7.32763E-2 9.69321E-2 1.11489E-1 8.52129E-2 8.81001E-2 8.362E-2 9.42966E-2 9.43384E-2 9.88865E-2 1.08593E-1 1.22313E-1 1.05522E-1 1.16433E-1 1.06162E-1 1.11562E-1 1.06135E-1 1.1169E-1 1.19154E-1 1.24698E-1 1.20099E-1 1.25294E-1 1.04452E-1 1.1895E-1 1.08004E-1 8.83972E-2 8.52592E-2 8.02922E-2 7.91641E-2 1.14679E-1 1.04702E-1 9.98727E-2 8.41385E-2 1.00302E-1 1.14532E-1
4.61652E-2 2.69069E-2 1.79977E-2 8.47238E-2 4.34671E-2 5.98587E-2 5.02048E-2 8.58406E-2 5.41496E-2 8.09832E-2 4.60263E-2 1.29258E-1 9.18773E-2 9.00574E-2 6.83622E-2 7.43968E-2 6.05593E-2 8.36074E-2 7.58101E-2 4.74719E-2 6.44481E-2 9.73782E-2 6.9143E-2 1.0822E-1 8.38253E-2 8.76734E-2 9.15206E-2 8.87337E-2 9.07038E-2 1.22458E-1 9.48066E-2 9.13986E-2 8.66962E-2 1.01069E-1 1.02334E-1 1.03338E-1 1.17287E-1 1.24269E-1 1.16869E-1 1.23177E-1 1.03567E-1 1.12874E-1 1.25225E-1 1.12932E-1 1.22325E-1 1.34851E-1 1.22387E-1 1.17436E-1 1.14171E-1 1.11577E-1 1.12763E-1 1.05234E-1 1.19613E-1 1.6476E-1 1.33134E-1 1.16007E-1 1.18871E-1 1.39262E-1 1.33868E-1 1.26648E-1 1.29682E-1
9.47604E-2 8.59853E-2 6.42851E-2 2.42252E-2 6.61323E-2 8.96182E-2 7.60762E-2 3.64843E-2 1.25227E-1 5.35519E-2 6.42441E-2 4.93223E-2 6.90045E-2 1.17848E-1 1.31556E-1 8.74928E-2 7.67157E-2 7.26509E-2 8.31899E-2 6.96686E-2 5.55587E-2 7.66654E-2 1.43869E-1 1.17588E-1 9.5596E-2 9.7713E-2 1.15757E-1 1.02776E-1 8.8305E-2 9.3485E-2 1.02843E-1 8.60796E-2 9.12201E-2 1.08207E-1 1.09513E-1 1.31992E-1 1.33018E-1 1.36115E-1 1.28358E-1 1.38504E-1 1.27762E-1 1.1992E-1 1.25395E-1 1.21301E-1 1.28696E-1 1.33282E-1 1.31719E-1 1.22058E-1 1.10039E-1 1.06473E-1 1.11424E-1 1.04649E-1 1.13386E-1 1.35395E-1 1.76153E-1 1.16985E-1 1.20289E-1 1.48154E-1 1.38747E-1 1.51026E-1 1.54855E-1
5.52203E-2 6.39846E-2 7.51868E-2 8.33427E-2 2.27772E-2 6.19352E-2 4.50501E-2 4.10528E-2 4.5209E-2 1.99539E-2 4.25055E-2 5.19546E-2 5.92437E-2 1.53415E-1 8.95673E-2 6.32871E-2 5.41626E-2 9.27566E-2 6.94923E-2 4.91353E-2 6.73652E-2 6.1862E-2 1.19441E-1 1.11478E-1 7.57542E-2 8.73751E-2 1.0605E-1 9.90743E-2 1.03976E-1 1.00263E-1 8.30816E-2 8.66944E-2 9.70605E-2 1.10241E-1 1.19344E-1 1.31507E-1 1.41385E-1 1.3656E-1 1.17938E-1 1.32341E-1 1.22155E-1 1.28732E-1 1.64739E-1 1.35303E-1 1.36752E-1 1.46625E-1 1.47783E-1 1.19643E-1 1.12806E-1 1.23007E-1 9.58386E-2 1.16047E-1 1.18352E-1 1.16981E-1 1.14181E-1 1.17725E-1 1.46562E-1 1.25102E-1 1.59424E-1 1.55908E-1 1.6933E-1
9.34326E-2 5.68261E-2 9.55552E-2 2.6773E-2 4.31195E-2 4.27534E-2 3.0944E-2 6.68816E-2 3.62963E-2 1.02074E-1 6.76235E-2 6.15536E-2 7.98296E-2 5.47019E-2 4.43403E-2 7.49462E-2 6.41789E-2 7.04227E-2 8.0812E-2 7.55529E-2 8.68609E-2 9.09145E-2 8.82544E-2 8.63203E-2 6.78745E-2 6.75404E-2 9.67395E-2 9.34514E-2 1.18305E-1 9.91576E-2 1.06628E-1 9.18547E-2 1.06035E-1 1.18702E-1 1.22447E-1 1.46084E-1 1.39401E-1 1.55866E-1 1.34174E-1 1.43019E-1 1.27732E-1 1.3424E-1 1.55174E-1 1.66978E-1 1.54004E-1 1.62503E-1 1.31381E-1 1.25326E-1 1.2463E-1 1.18757E-1 9.02389E-2 1.12277E-1 1.07744E-1 1.25417E-1 1.4776E-1 1.32888E-1 1.61093E-1 1.59886E-1 1.56755E-1 1.63589E-1 1.70415E-1
6.59951E-2 7.24686E-2 7.69582E-2 1.13556E-1 3.30613E-2 8.34826E-2 3.6131E-2 5.91299E-2 1.24035E-1 3.61851E-2 1.12838E-1 2.17663E-2 4.68632E-2 7.80651E-2 7.72434E-2 3.77819E-2 8.42915E-2 7.5515E-2 7.6657E-2 9.34778E-2 6.49721E-2 1.01307E-1 9.32047E-2 1.04058E-1 6.8256E-2 8.98054E-2 8.29029E-2 1.00008E-1 1.02917E-1 9.84694E-2 1.0014E-1 1.12571E-1 1.15248E-1 1.64261E-1 1.54692E-1 1.41565E-1 1.44622E-1 1.43431E-1 1.4175E-1 1.74361E-1 1.9343E-1 1.46471E-1 1.45466E-1 1.39074E-1 1.52495E-1 1.59133E-1 1.35913E-1 1.55654E-1 1.41499E-1 1.42116E-1 1.37555E-1 1.16457E-1 1.17252E-1 1.32966E-1 1.48053E-1 1.54509E-1 1.60926E-1 1.67036E-1 1.66385E-1 1.65705E-1 1.78951E-1
5.4421E-2 6.43597E-2 8.94698E-2 1.27716E-2 3.93311E-2 2.91033E-2 8.54382E-2 5.11782E-2 5.2033E-2 1.41619E-1 1.06533E-1 3.19036E-2 4.81462E-2 3.66149E-2 8.70411E-2 9.10793E-2 1.02418E-1 9.34422E-2 1.8628E-1 1.18251E-1 1.40195E-1 1.11993E-1 6.54571E-2 1.15351E-1 6.65816E-2 1.32123E-1 8.95831E-2 9.48889E-2 9.69543E-2 1.07014E-1 1.23813E-1 1.17863E-1 1.31312E-1 1.47757E-1 1.6625E-1 1.45075E-1 1.70623E-1 1.5093E-1 1.48931E-1 1.6253E-1 2.07482E-1 2.05309E-1 1.67277E-1 1.47738E-1 1.51274E-1 1.54429E-1 1.48982E-1 1.48691E-1 1.52861E-1 1.48903E-1 1.51628E-1 1.62292E-1 1.43862E-1 1.47369E-1 1.48916E-1 1.48799E-1 1.52409E-1 1.45051E-1 1.52044E-1 1.74443E-1 1.73163E-1
1.10866E-1 3.96367E-2 8.55465E-2 1.81813E-2 2.83912E-2 4.88079E-2 1.35697E-1 8.08295E-2 8.20627E-2 2.22549E-2 9.11299E-2 9.25617E-2 7.0011E-2 8.88965E-2 4.71515E-2 1.21498E-1 6.55711E-2 1.56468E-1 1.05507E-1 1.34724E-1 1.06356E-1 1.2581E-1 8.1663E-2 8.73218E-2 7.14353E-2 9.52091E-2 1.06824E-1 1.01483E-1 1.16525E-1 1.10777E-1 1.04925E-1 1.35057E-1 1.37336E-1 1.32947E-1 1.59729E-1 1.31834E-1 1.49019E-1 1.35579E-1 1.36075E-1 1.35951E-1 1.60001E-1 1.6186E-1 1.33897E-1 1.53399E-1 1.60943E-1 1.56618E-1 1.57728E-1 1.71172E-1 1.73961E-1 1.81233E-1 1.67833E-1 1.76918E-1 1.65936E-1 1.71981E-1 1.6937E-1 1.69347E-1 1.62882E-1 1.64054E-1 1.92934E-1 1.75341E-1 1.60859E-1
8.49281E-2 3.2116E-2 9.10555E-2 2.79429E-2 3.42654E-2 3.64339E-2 1.02374E-1 7.97881E-2 1.32604E-1 8.32554E-2 4.23744E-2 7.21551E-2 4.29677E-2 8.95963E-2 1.47293E-1 5.73493E-2 1.41086E-1 1.17713E-1 1.07602E-1 9.17836E-2 1.25707E-1 9.40946E-2 8.90383E-2 1.32847E-1 1.78645E-1 1.12721E-1 1.08741E-1 1.00346E-1 1.01062E-1 1.30888E-1 1.20689E-1 1.42755E-1 1.28034E-1 1.49304E-1 1.41425E-1 1.43212E-1 1.51167E-1 1.4961E-1 1.45978E-1 1.39914E-1 1.40688E-1 1.6258E-1 1.58075E-1 1.61423E-1 1.42804E-1 1.61357E-1 1.60318E-1 1.75806E-1 2.00811E-1 1.82476E-1 1.87777E-1 1.72063E-1 1.59047E-1 1.57807E-1 1.74154E-1 1.8167E-1 1.88372E-1 1.67399E-1 1.90101E-1 1.9897E-1 1.57501E-1
6.08495E-2 5.86618E-2 3.94599E-2 7.25628E-2 1.10465E-1 4.37636E-2 1.01103E-1 7.97035E-2 7.53303E-2 1.01787E-1 9.09278E-2 3.43089E-2 5.43786E-2 1.05254E-1 8.30188E-2 1.11288E-1 4.05196E-2 8.98758E-2 1.1501E-1 1.27943E-1 1.04224E-1 1.32629E-1 1.06639E-1 1.26768E-1 1.27404E-1 1.02844E-1 1.11831E-1 1.03762E-1 1.08984E-1 1.14183E-1 1.17533E-1 1.76011E-1 1.29434E-1 1.37949E-1 1.40744E-1 1.44923E-1 1.48571E-1 1.49498E-1 1.49777E-1 1.42103E-1 1.63354E-1 1.45665E-1 1.46597E-1 1.6163E-1 1.73315E-1 1.76228E-1 1.78473E-1 1.79325E-1 2.33368E-1 1.3604E-1 1.54947E-1 1.72963E-1 1.85963E-1 1.87612E-1 1.8431E-1 1.90561E-1 1.67781E-1 1.8264E-1 2.05556E-1 1.97273E-1 1.87156E-1
3.91382E-2 5.56659E-2 1.12525E-1 6.12478E-2 3.88416E-2 1.02965E-1 2.45606E-2 1.25691E-1 1.21201E-1 1.28797E-1 1.08577E-1 1.48979E-1 9.21201E-2 1.85566E-1 8.90379E-2 7.54778E-2 1.05074E-1 1.17849E-1 1.09102E-1 1.13006E-1 1.16431E-1 1.38593E-1 1.13973E-1 1.28182E-1 9.81304E-2 1.05283E-1 1.15722E-1 1.04264E-1 1.34664E-1 1.11459E-1 1.24126E-1 1.64361E-1 1.51968E-1 1.44416E-1 1.61642E-1 1.76772E-1 1.47401E-1 1.56354E-1 1.57331E-1 1.55103E-1 1.5956E-1 1.46175E-1 1.87717E-1 1.69338E-1 1.73638E-1 1.70688E-1 1.86123E-1 1.73237E-1 1.6138E-1 1.44275E-1 1.58171E-1 1.83675E-1 2.44057E-1 2.13805E-1 1.96551E-1 2.06833E-1 2.1537E-1 2.04837E-1 1.84894E-1 1.72661E-1 1.73071E-1
4.00818E-2 5.84056E-2 2.45804E-2 4.60331E-2 8.7155E-2 9.73349E-2 7.16844E-2 1.19764E-1 1.22359E-1 1.31695E-1 5.32584E-2 8.89631E-2 9.55882E-2 5.71778E-2 6.92138E-2 1.07524E-1 7.83409E-2 1.48667E-1 1.24225E-1 8.89925E-2 1.57261E-1 2.06435E-1 1.11386E-1 1.65739E-1 1.09244E-1 1.22132E-1 1.09905E-1 9.41964E-2 1.18743E-1 1.20869E-1 1.33955E-1 1.3872E-1 1.60442E-1 1.55363E-1 1.31221E-1 1.99117E-1 1.9943E-1 1.62475E-1 1.71871E-1 1.64714E-1 1.87106E-1 1.77243E-1 1.79204E-1 1.76515E-1 1.79654E-1 1.88798E-1 1.98698E-1 1.92016E-1 3.03501E-1 1.95452E-1 1.60762E-1 2.07524E-1 2.06985E-1 1.91085E-1 2.01718E-1 2.19276E-1 1.7826E-1 1.91983E-1 2.12904E-1 2.14342E-1 1.69448E-1
3.48369E-2 9.83779E-2 7.28146E-2 4.4672E-2 1.15158E-1 2.61567E-2 1.38732E-1 1.3747E-1 1.10061E-1 3.19264E-2 7.41648E-2 8.59377E-2 1.04153E-1 1.20706E-1 6.71298E-2 1.0947E-1 5.09079E-2 6.88027E-2 8.12202E-2 1.16853E-1 1.14227E-1 9.31036E-2 9.87219E-2 9.99731E-2 1.3179E-1 1.19903E-1 1.07152E-1 1.21482E-1 1.31091E-1 1.53873E-1 1.32915E-1 1.54197E-1 1.68218E-1 1.97732E-1 1.56666E-1 1.62478E-1 1.71847E-1 1.77488E-1 1.59238E-1 1.75138E-1 1.89843E-1 1.86328E-1 2.00183E-1 1.64594E-1 1.71787E-1 1.68216E-1 1.80595E-1 1.67021E-1 1.7248E-1 1.85616E-1 1.82501E-1 1.85005E-1 1.91305E-1 2.03873E-1 2.11206E-1 2.21319E-1 1.97105E-1 1.81256E-1 2.01002E-1 2.17592E-1 1.88411E-1
5.37241E-2 1.02713E-1 9.07667E-2 7.97766E-2 1.02718E-1 9.39692E-2 1.12521E-1 1.67326E-1 1.21907E-1 1.6787E-1 9.80115E-2 2.75671E-2 4.70237E-2 7.36127E-2 1.34446E-1 9.2224E-2 8.76412E-2 1.06724E-1 9.55263E-2 1.01803E-1 9.08367E-2 1.26866E-1 1.12279E-1 9.22862E-2 1.15022E-1 1.07422E-1 1.12342E-1 1.04067E-1 1.27002E-1 1.46142E-1 1.55983E-1 1.40093E-1 1.82629E-1 2.28991E-1 1.64988E-1 1.69413E-1 1.81394E-1 1.90678E-1 1.7816E-1 1.67011E-1 1.7019E-1 1.67196E-1 1.68531E-1 2.05758E-1 1.70443E-1 1.83954E-1 1.73917E-1 1.718E-1 1.99592E-1 1.94904E-1 1.87826E-1 1.73853E-1 2.07853E-1 2.01497E-1 1.99389E-1 1.8953E-1 1.76999E-1 1.89195E-1 1.90996E-1 2.33443E-1 2.23982E-1
5.52907E-2 7.09976E-2 7.93714E-2 9.96426E-2 8.06339E-2 1.42305E-1 9.01545E-2 1.72787E-1 1.43846E-1 8.01428E-2 3.534E-2 6.85495E-2 4.86055E-2 7.05643E-2 6.9115E-2 1.118E-1 1.1025E-1 7.85805E-2 7.81393E-2 7.59472E-2 1.0071E-1 1.93191E-1 1.17656E-1 9.33881E-2 1.07781E-1 1.69935E-1 1.51428E-1 1.37683E-1 1.34513E-1 1.70661E-1 1.53593E-1 1.71434E-1 1.90728E-1 1.59449E-1 1.79245E-1 1.71433E-1 1.69469E-1 1.67329E-1 1.87087E-1 1.72126E-1 1.94094E-1 1.82589E-1 2.18135E-1 2.04887E-1 1.80082E-1 1.84567E-1 1.97597E-1 1.90567E-1 1.84215E-1 1.96457E-1 1.83313E-1 1.84236E-1 2.14778E-1 1.95877E-1 1.74912E-1 1.86694E-1 2.0825E-1 2.07696E-1 2.27861E-1 2.63955E-1 2.39608E-1
6.19648E-2 7.39401E-2 7.3973E-2 1.16919E-1 5.19608E-2 9.6497E-2 6.37873E-2 1.69403E-1 1.76903E-1 7.86042E-2 1.37651E-1 5.74818E-2 6.77006E-2 8.43835E-2 1.13431E-1 1.10247E-1 7.69459E-2 8.94296E-2 6.14307E-2 8.17977E-2 1.56266E-1 1.21218E-1 1.10469E-1 1.04812E-1 1.10694E-1 1.26872E-1 1.43696E-1 1.30241E-1 1.65168E-1 1.77997E-1 1.4525E-1 1.70213E-1 1.67586E-1 1.48896E-1 1.73573E-1 1.6266E-1 1.83961E-1 1.87903E-1 2.21237E-1 2.22695E-1 1.91532E-1 2.16564E-1 1.72043E-1 1.77254E-1 1.95415E-1 1.68496E-1 1.91479E-1 1.86696E-1 1.82233E-1 1.65857E-1 1.76831E-1 1.78641E-1 2.01085E-1 1.77158E-1 1.84065E-1 2.00499E-1 2.14418E-1 2.07843E-1 2.36407E-1 3.27466E-1 3.39263E-1
6.92368E-2 1.18817E-1 9.99373E-2 1.00758E-1 1.10477E-1 1.01315E-1 1.16372E-1 1.7066E-1 1.99138E-1 1.12664E-1 1.90589E-1 9.94136E-2 4.69388E-2 1.11573E-1 9.3769E-2 1.33912E-1 1.04812E-1 9.93397E-2 2.60476E-1 1.66089E-1 1.50077E-1 1.28324E-1 1.25494E-1 1.27634E-1 1.26294E-1 1.44283E-1 1.65143E-1 1.39528E-1 1.64719E-1 1.61061E-1 1.68844E-1 1.56128E-1 1.58734E-1 1.59145E-1 1.57224E-1 1.5775E-1 1.55633E-1 1.99706E-1 2.05713E-1 2.61912E-1 2.31255E-1 1.98789E-1 1.68782E-1 1.75202E-1 1.85072E-1 1.97682E-1 1.77214E-1 1.9927E-1 1.79025E-1 2.14411E-1 1.86148E-1 1.8866E-1 1.71579E-1 1.88951E-1 2.08464E-1 2.50191E-1 2.23578E-1 2.6912E-1 2.99887E-1 2.46046E-1 3.51202E-1
