Candidate_Models_July82022/M_0.3_F_lqp_Set_1_cal/Bison.asc
ncols         290
nrows         380
xllcorner     -2197417.7431653
yllcorner     -584827.01486885
cellsize      10000.0
NODATA_value  -9999
[rows 270 to 296 of 380, columns 61 to 121 of 290]
4.33816E-3 1.67985E-3 4.73675E-4 2.99431E-4 2.26147E-2 3.15932E-2 2.27729E-2 1.99239E-1 2.40686E-1 2.31596E-1 4.16302E-1 3.7255E-1 4.27718E-1 4.74333E-1 4.30037E-1 3.66538E-1 3.97332E-1 3.42603E-1 3.0365E-1 3.71766E-1 2.30709E-1 1.5464E-1 1.0261E-1 8.73223E-2 1.77304E-1 2.05117E-1 1.30848E-1 1.41609E-1 2.95011E-1 4.73284E-2 7.57883E-2 2.34797E-1 4.06934E-2 2.21998E-2 2.6277E-2 3.3909E-2 1.61581E-2 8.52071E-2 4.32577E-2 2.90352E-3 1.20325E-3 4.27397E-2 4.8112E-2 7.27439E-3 6.15116E-2 2.06927E-2 5.44491E-2 6.28725E-2 5.33253E-2 1.09208E-1 1.06755E-1 8.9298E-4 1.92325E-3 2.99834E-3 1.80509E-1 4.17658E-2 3.83664E-2 1.26142E-1 1.6403E-2 1.39884E-1 2.18007E-1
3.49794E-4 2.02264E-4 2.85043E-4 8.07904E-4 7.87716E-3 4.01667E-2 4.88826E-2 1.77369E-1 3.19545E-1 3.09568E-1 3.33883E-1 3.55261E-1 5.21269E-1 4.61492E-1 4.75379E-1 2.35461E-1 3.19353E-1 3.70169E-1 2.37844E-1 3.41617E-1 1.8488E-1 1.5637E-1 9.55732E-2 1.57157E-1 2.207E-1 2.51382E-1 1.58196E-1 1.47549E-1 3.22042E-1 8.42114E-2 5.51098E-2 1.37125E-1 5.65452E-2 4.45956E-2 5.35843E-2 4.98321E-2 2.0135E-2 2.12974E-1 4.67015E-2 9.86636E-3 6.59037E-4 3.65406E-2 6.87198E-2 1.96496E-2 7.37711E-2 4.33541E-2 9.82015E-2 7.80738E-2 1.23625E-1 6.92535E-2 5.0862E-2 7.37694E-2 1.43647E-2 4.98853E-3 1.54978E-1 2.32327E-1 1.6815E-1 3.46561E-2 5.6258E-3 1.42094E-2 1.7919E-1
1.13715E-3 2.45364E-3 4.95948E-4 8.45509E-4 5.18617E-2 1.14075E-1 6.50641E-2 1.22712E-1 2.88795E-1 4.05692E-1 5.00607E-1 5.43564E-1 5.33777E-1 4.89867E-1 4.56227E-1 2.64229E-1 2.02334E-1 1.87236E-1 2.95172E-1 3.11261E-1 2.37546E-1 2.23751E-1 1.38786E-1 1.79331E-1 2.50338E-1 8.65077E-2 1.07792E-1 2.13863E-1 1.02594E-1 9.07497E-2 9.72311E-2 6.1835E-2 7.82183E-2 7.99104E-2 6.41578E-2 4.97967E-2 9.29736E-2 1.45742E-1 3.33645E-2 3.51681E-4 3.94795E-5 1.19648E-2 1.63598E-2 1.22006E-2 1.0521E-1 1.08162E-1 1.18483E-1 9.33788E-2 1.08439E-1 5.12688E-2 1.30243E-1 7.62568E-2 1.31954E-1 2.55238E-2 5.19209E-2 6.57099E-2 8.93627E-2 1.55742E-2 2.5708E-2 6.17684E-4 1.01463E-3
2.48548E-4 6.23599E-4 6.92046E-4 7.92953E-3 4.27543E-2 1.59007E-1 2.40553E-1 1.88405E-1 1.84722E-1 5.32557E-1 4.7306E-1 4.84577E-1 4.32792E-1 2.40575E-1 2.61347E-1 4.34305E-1 3.33512E-1 5.21962E-1 3.71793E-1 4.3402E-1 4.99346E-1 2.55553E-1 1.73045E-1 2.22259E-1 1.71851E-1 6.62507E-2 8.24837E-2 1.44564E-1 1.31223E-1 2.5492E-1 1.57573E-1 1.0001E-1 7.98209E-2 4.53976E-2 7.98769E-2 5.7312E-2 6.38831E-2 7.51309E-2 7.91537E-2 2.57126E-3 1.49867E-3 1.0377E-2 1.65217E-3 8.06747E-3 9.87773E-2 1.67469E-1 1.49772E-1 2.30757E-1 1.92886E-1 1.015E-1 1.30625E-1 1.21397E-1 1.29109E-1 1.18593E-1 7.43903E-2 1.11477E-1 3.7636E-2 1.13447E-2 3.24412E-2 3.35439E-3 3.52317E-2
9.57975E-3 1.28442E-2 1.94365E-3 7.54014E-3 3.40304E-2 2.88068E-2 2.33089E-1 2.80738E-1 3.13911E-1 3.36252E-1 4.80909E-1 5.22273E-1 3.71848E-1 4.92842E-1 3.95039E-1 2.93312E-1 4.91581E-1 3.69834E-1 4.57407E-1 5.04656E-1 4.44585E-1 4.89709E-1 2.09974E-1 3.69815E-1 2.17736E-1 1.38009E-1 1.34794E-1 2.10931E-1 3.69151E-1 4.05995E-1 1.64497E-1 1.12759E-1 5.56938E-2 9.09516E-2 6.19377E-2 4.27623E-2 3.95056E-2 8.27556E-2 2.74562E-2 5.01377E-2 2.6243E-3 7.98247E-3 1.42952E-4 1.12801E-2 6.14443E-2 1.51845E-1 3.01913E-1 1.8598E-1 1.74354E-1 2.02911E-1 9.31113E-2 9.50266E-2 2.15317E-1 4.27386E-1 1.74491E-1 5.25401E-2 6.23495E-3 6.07905E-2 2.04869E-2 8.88966E-2 1.97788E-1
3.02618E-2 5.14721E-2 4.84555E-2 3.62757E-2 2.39299E-2 4.32714E-2 1.99287E-1 2.51476E-1 3.88158E-1 2.67487E-1 2.78974E-1 2.77089E-1 3.71532E-1 4.36362E-1 1.87555E-1 2.23326E-1 4.37785E-1 4.27509E-1 4.48041E-1 4.9987E-1 4.72165E-1 4.98535E-1 3.63976E-1 4.60095E-1 3.65184E-1 3.48541E-1 3.16072E-1 2.66273E-1 3.12367E-1 3.83864E-1 2.33161E-1 5.39573E-2 1.93749E-2 7.78183E-2 7.51627E-2 6.30766E-2 1.02319E-1 2.77965E-3 9.94288E-3 1.01065E-2 5.91669E-2 1.04482E-2 2.81322E-3 4.06627E-3 1.10561E-2 1.60649E-1 1.60136E-1 2.69408E-1 3.42854E-1 1.49655E-1 1.66718E-1 1.48404E-1 5.52176E-1 5.59219E-1 2.85922E-1 3.41454E-2 2.51315E-2 2.56732E-2 1.80132E-2 6.46828E-2 5.29387E-2
1.02041E-4 6.72025E-2 1.71027E-1 1.28472E-1 3.22925E-2 2.2908E-2 7.11495E-2 2.26819E-1 2.73556E-1 2.72449E-1 2.74638E-1 3.9133E-1 4.64239E-1 2.56855E-1 3.24703E-1 2.66761E-1 4.02494E-1 3.69268E-1 4.48957E-1 4.72633E-1 3.37455E-1 2.83067E-1 4.61265E-1 3.5781E-1 3.41409E-1 3.06079E-1 2.73896E-1 4.01554E-1 1.52509E-1 2.18083E-1 3.70127E-1 7.83206E-2 6.25857E-2 8.9077E-2 8.99736E-2 4.10348E-2 2.96203E-3 5.10472E-3 7.12416E-3 1.08817E-2 2.98647E-3 2.06982E-2 6.73824E-2 6.7057E-3 5.0412E-2 1.44686E-1 2.00143E-1 2.45228E-1 4.10356E-1 3.00716E-1 2.09886E-1 2.87659E-1 5.38482E-1 5.56126E-1 4.14206E-1 6.71416E-3 9.81884E-2 1.01299E-2 5.74929E-2 1.72988E-2 1.99293E-2
1.63791E-3 2.29579E-3 7.92623E-2 2.54813E-1 1.41738E-1 1.10402E-1 1.34715E-1 1.80339E-1 1.74576E-1 2.61642E-1 2.73642E-1 5.01654E-1 3.3678E-1 2.67432E-1 3.16899E-1 2.54545E-1 2.42557E-1 3.24058E-1 4.0897E-1 4.29695E-1 3.55591E-1 4.44352E-1 4.35988E-1 4.57736E-1 3.04189E-1 2.81438E-1 3.05054E-1 4.15709E-1 2.38745E-1 1.44056E-1 3.79768E-1 2.43395E-1 3.13259E-1 3.82153E-1 7.0049E-2 9.24032E-3 4.62269E-3 7.90897E-3 9.12587E-3 8.06502E-3 3.31765E-3 1.36069E-2 4.06678E-2 2.06539E-3 7.79686E-3 9.19697E-2 8.76947E-2 2.27273E-1 2.70545E-1 2.69817E-1 1.67206E-1 2.79152E-1 2.62122E-1 5.19116E-1 3.27113E-1 2.02585E-2 1.07333E-2 4.12288E-2 5.55825E-2 1.32088E-2 8.04692E-3
2.3418E-2 9.75416E-4 9.64153E-2 4.1824E-1 4.84403E-1 3.45242E-1 1.73583E-1 1.97213E-1 2.00112E-1 3.0612E-1 2.31354E-1 2.93461E-1 2.10287E-1 1.41717E-1 3.29127E-1 1.17127E-1 3.35431E-1 2.20238E-1 1.98549E-1 3.66993E-1 4.28179E-1 4.4629E-1 3.90756E-1 4.09634E-1 3.49822E-1 3.73326E-1 4.06039E-1 4.1439E-1 2.75853E-1 1.81675E-1 1.80437E-1 2.56386E-1 6.27674E-2 1.61869E-1 5.9071E-2 1.65865E-2 8.46814E-3 1.11119E-2 1.03951E-2 2.39716E-2 9.584E-3 7.03017E-3 6.14709E-2 3.94918E-2 1.06082E-2 6.64938E-3 1.3004E-1 1.4881E-1 1.95239E-1 2.5375E-1 2.89157E-1 2.06457E-1 1.91358E-1 1.76578E-1 1.9665E-1 8.26159E-2 6.51211E-3 1.14277E-1 4.42092E-2 6.0971E-3 8.9108E-3
3.81291E-2 9.85549E-2 1.40494E-1 3.41387E-1 3.82961E-1 3.18843E-1 1.89115E-1 1.70444E-1 1.50354E-1 3.29135E-1 1.76474E-1 1.90382E-1 2.69293E-1 1.90572E-1 3.0226E-1 2.94376E-1 3.69786E-1 3.882E-1 3.20924E-1 3.62386E-1 4.08549E-1 4.03964E-1 3.64027E-1 3.97531E-1 3.4623E-1 4.3017E-1 3.3422E-1 4.09792E-1 2.7952E-1 3.77355E-1 3.92567E-1 1.38908E-1 9.13307E-2 6.80956E-2 4.03367E-2 1.62525E-2 1.21249E-2 1.307E-2 2.0816E-2 1.26357E-2 1.76496E-2 4.32892E-3 1.06237E-2 7.71011E-2 1.0153E-3 1.06184E-3 5.58799E-2 1.52335E-1 1.37679E-1 2.96787E-1 4.83669E-1 2.8045E-1 3.42444E-1 1.63818E-1 1.20385E-1 5.39566E-2 4.26393E-3 3.52493E-2 5.17668E-2 1.10181E-2 6.61888E-3
6.26876E-2 1.34127E-1 1.23655E-1 1.18251E-1 3.13645E-1 3.79299E-1 2.11007E-1 1.30137E-1 1.40633E-1 2.61845E-1 2.85009E-1 3.39081E-1 3.0396E-1 2.49248E-1 3.10385E-1 2.26645E-1 3.46352E-1 3.63627E-1 3.75665E-1 3.88497E-1 4.23435E-1 3.73221E-1 4.11577E-1 3.29169E-1 4.15221E-1 3.53433E-1 3.3801E-1 2.19326E-1 4.07021E-1 2.99041E-1 2.62548E-1 3.53288E-1 2.02532E-1 1.01199E-1 4.79931E-2 5.93573E-2 8.23638E-2 7.33943E-2 1.77902E-2 1.25709E-2 1.3974E-2 3.12733E-3 2.38128E-2 8.19435E-2 1.35611E-3 1.57701E-2 1.51798E-1 1.54464E-1 1.18645E-1 4.28276E-1 4.58342E-1 4.0376E-1 4.01277E-1 1.39242E-1 8.39602E-2 3.61994E-2 2.68831E-2 3.33778E-3 4.20834E-2 7.28304E-3 1.10672E-2
7.54962E-2 1.07792E-1 1.44478E-1 1.44274E-1 1.26944E-1 3.06643E-1 1.34609E-1 1.40284E-1 1.17436E-1 2.10658E-1 2.78499E-1 2.93957E-1 1.72347E-1 1.68213E-1 1.89674E-1 1.71726E-1 2.83383E-1 3.30492E-1 3.41443E-1 3.87684E-1 3.83976E-1 4.06309E-1 3.91643E-1 2.66969E-1 3.51182E-1 3.63739E-1 3.83959E-1 3.8219E-1 2.56449E-1 2.54793E-1 2.42964E-1 2.67061E-1 3.71984E-1 1.4153E-1 7.14372E-2 7.30051E-3 8.57257E-3 3.09335E-2 5.31303E-2 1.72355E-2 6.40132E-3 4.61298E-3 1.70039E-2 5.01881E-2 1.16008E-1 4.29167E-2 2.90399E-2 1.28085E-1 1.63119E-1 4.22319E-1 5.28817E-1 4.87408E-1 4.7477E-1 1.41176E-1 5.87802E-2 7.01585E-2 9.62247E-3 2.57286E-2 3.83348E-2 1.13694E-2 1.30058E-2
1.02079E-1 1.17649E-1 3.77307E-1 3.368E-1 1.23678E-1 1.1855E-1 9.89631E-2 1.09354E-1 1.02957E-1 2.04225E-1 2.47682E-1 1.95242E-1 1.87325E-1 1.88655E-1 2.68303E-1 2.28962E-1 2.68747E-1 3.31205E-1 2.86567E-1 3.68259E-1 3.813E-1 3.65853E-1 3.57444E-1 3.31621E-1 2.53203E-1 2.52662E-1 3.63897E-1 2.60681E-1 2.36643E-1 2.57308E-1 3.0494E-1 3.9343E-1 1.96699E-1 7.46509E-2 1.20212E-1 5.58746E-2 2.39843E-2 1.02948E-2 1.43492E-2 2.38879E-2 1.68497E-2 1.49465E-3 2.38948E-3 1.05321E-2 1.27995E-2 6.33214E-2 1.46581E-1 1.31978E-1 1.17676E-1 3.45475E-1 3.80061E-1 3.72055E-1 4.1336E-1 4.00014E-1 1.67211E-3 7.348E-2 2.6748E-3 9.28055E-3 8.89542E-3 1.30593E-2 1.91538E-3
1.19135E-1 1.84059E-1 3.33536E-1 2.3147E-1 1.33477E-1 1.06311E-1 1.23494E-1 9.13701E-2 1.62929E-1 2.21711E-1 2.29298E-1 2.32821E-1 1.71558E-1 1.73885E-1 2.41892E-1 2.85373E-1 3.09973E-1 2.97394E-1 2.63722E-1 2.73798E-1 3.65345E-1 2.84019E-1 2.72334E-1 2.48048E-1 2.97536E-1 2.89456E-1 1.96822E-1 2.2321E-1 2.42471E-1 2.58194E-1 2.76638E-1 3.37671E-1 9.65914E-2 5.38914E-2 4.02824E-2 2.5372E-2 5.8399E-2 3.87283E-2 2.78357E-2 1.88421E-2 1.28211E-2 3.51042E-3 1.57864E-2 7.02323E-2 3.09214E-2 1.33593E-2 1.47776E-1 3.94237E-1 2.36799E-1 3.14283E-1 3.1382E-1 4.645E-1 4.3147E-1 5.04187E-1 2.88302E-3 1.08381E-1 3.00306E-3 3.78675E-3 2.13504E-2 5.14602E-2 4.56533E-3
9.36966E-2 2.27581E-1 3.11717E-1 2.09299E-1 2.64568E-1 1.29566E-1 1.04255E-1 1.2252E-1 0E0 1.86106E-1 7.54286E-2 4.2586E-2 7.87297E-2 2.06558E-1 1.50879E-1 1.60625E-1 2.77922E-1 2.99755E-1 3.52758E-1 3.38613E-1 3.29269E-1 1.74656E-1 2.6993E-1 2.24364E-1 2.77395E-1 2.05205E-1 1.97494E-1 2.22742E-1 2.4564E-1 2.72888E-1 3.29883E-1 3.2295E-1 1.52622E-1 9.05788E-2 7.73992E-2 2.39476E-2 1.04381E-2 3.55328E-2 4.45894E-2 4.6616E-2 1.11785E-2 3.99016E-3 7.07931E-3 7.30256E-3 3.23904E-2 5.63901E-2 5.07175E-2 1.79576E-1 3.50718E-1 4.09635E-1 4.32652E-1 3.90542E-1 4.0905E-1 3.73556E-1 1.29172E-2 1.22644E-1 1.11362E-1 5.36753E-2 6.59664E-3 4.02941E-2 1.01723E-2
1.46417E-1 2.38594E-1 1.41749E-1 2.04431E-1 2.4287E-1 2.8164E-1 1.1355E-1 8.18901E-2 1.12323E-1 4.3354E-2 3.49579E-2 3.16914E-2 1.64165E-1 1.91269E-1 2.18653E-1 1.66072E-1 2.39302E-1 2.46009E-1 2.95522E-1 2.62901E-1 2.7176E-1 2.39067E-1 2.53126E-1 2.39972E-1 2.23363E-1 1.79287E-1 1.83965E-1 1.86908E-1 2.46444E-1 2.61771E-1 3.62979E-1 1.4555E-1 6.79946E-2 3.61175E-2 1.85207E-2 5.75351E-2 7.0037E-3 1.04309E-2 1.528E-3 2.60686E-2 1.65257E-2 1.4285E-2 1.19503E-2 3.25577E-3 1.62798E-2 7.3217E-2 6.13472E-2 1.02231E-1 1.18161E-1 3.58882E-1 3.44026E-1 3.74171E-1 4.08281E-1 3.87077E-1 2.50576E-2 1.1719E-1 1.20392E-1 1.11894E-2 9.76392E-3 6.62176E-2 7.0389E-3
1.09424E-1 2.00582E-1 1.52547E-1 1.33504E-1 1.65727E-1 2.38183E-1 1.99877E-1 1.19001E-1 1.25588E-1 3.9818E-2 3.57844E-2 2.97239E-2 1.50378E-1 1.18131E-1 2.07035E-1 1.81957E-1 1.87796E-1 2.19485E-1 1.97131E-1 1.66044E-1 1.22905E-1 1.68078E-1 2.07625E-1 2.60387E-1 1.98182E-1 1.55266E-1 1.67602E-1 2.13436E-1 2.50562E-1 2.67987E-1 2.83086E-1 4.22128E-1 9.78428E-2 5.62667E-2 2.50388E-2 3.47463E-2 5.09841E-2 1.6415E-3 8.12528E-5 9.58769E-3 1.27054E-2 2.86186E-2 7.91084E-3 7.45356E-3 1.62412E-3 1.4318E-2 1.9152E-1 4.12798E-2 1.44621E-1 6.23298E-2 2.63589E-1 4.37378E-1 3.74542E-1 4.13898E-1 4.95772E-2 1.41982E-2 5.34895E-2 3.07498E-3 5.58555E-3 3.4136E-2 3.91537E-2
8.61074E-2 7.33198E-2 8.88461E-2 2.13807E-1 1.98797E-1 1.22112E-1 1.57628E-1 1.73456E-1 1.68894E-1 1.93337E-1 3.76636E-2 2.91037E-2 1.1018E-1 1.1045E-1 1.67951E-1 1.97998E-1 2.19801E-1 1.96643E-1 1.14545E-1 1.28543E-1 6.94689E-2 2.13979E-1 1.70037E-1 1.88157E-1 1.20502E-1 1.07178E-1 1.30172E-1 1.90833E-1 2.33306E-1 2.76716E-1 2.43303E-1 2.41861E-1 1.60072E-1 2.39333E-2 2.14996E-2 1.71718E-2 2.15029E-2 5.22416E-2 3.66146E-2 2.74591E-3 1.49371E-2 1.27633E-2 4.66001E-3 3.49497E-3 7.30773E-4 3.1509E-3 3.10059E-2 9.39913E-2 2.48781E-2 1.19338E-1 2.7634E-2 4.35598E-1 5.35142E-1 9.77651E-2 5.43765E-2 9.47542E-4 1.07147E-1 4.49165E-2 8.78467E-3 3.4092E-2 2.69861E-2
8.19783E-2 8.63675E-2 9.09014E-2 7.3717E-2 8.71306E-2 1.4232E-1 1.37062E-1 2.29749E-1 2.11863E-1 1.89466E-1 8.11071E-2 6.33969E-2 1.64843E-1 9.88699E-2 1.37236E-1 1.03619E-1 1.66083E-1 7.74385E-2 1.72154E-1 1.70893E-1 6.38741E-2 1.02786E-1 1.41315E-1 1.12744E-1 1.34735E-1 1.28817E-1 9.40174E-2 1.78408E-1 3.09111E-1 3.13026E-1 4.14473E-1 2.30532E-1 2.78371E-1 1.72369E-1 4.19882E-2 2.62457E-2 1.09358E-2 9.81555E-2 9.9498E-2 4.82914E-2 1.02836E-2 1.86229E-3 1.93635E-2 1.12228E-3 6.06024E-4 1.40998E-3 1.60315E-3 1.86603E-1 8.22865E-2 1.45779E-1 2.0644E-1 1.48083E-1 4.43896E-1 6.25014E-2 7.06939E-4 1.64227E-2 1.4112E-1 1.33317E-1 6.09368E-3 5.42129E-2 2.83974E-2
8.38691E-2 9.41516E-2 9.9486E-2 8.91935E-2 7.53901E-2 1.57909E-1 2.02913E-1 1.81479E-1 1.62096E-1 2.02209E-1 1.2088E-1 0E0 0E0 6.92791E-2 1.1609E-1 9.14884E-2 1.04354E-1 1.15086E-1 1.83723E-1 1.83254E-1 2.09606E-1 1.05538E-1 1.54143E-1 1.85883E-1 1.57018E-1 1.72453E-1 2.17456E-1 1.69237E-1 2.51049E-1 2.62781E-1 2.59291E-1 2.8196E-1 3.25467E-1 2.8139E-1 7.07278E-2 4.79741E-2 2.12061E-2 1.11107E-1 5.83502E-2 4.07329E-2 3.30173E-2 1.14853E-2 3.42331E-2 2.98459E-3 5.82044E-3 3.72982E-3 3.69356E-2 2.16463E-1 1.15895E-1 2.4102E-1 3.45966E-1 3.92479E-1 9.5522E-2 2.63816E-2 4.37531E-3 2.02313E-2 1.5522E-1 2.06162E-1 1.53155E-1 9.50713E-2 1.10063E-1
8.92593E-2 1.01415E-1 1.2743E-1 1.68384E-1 2.59394E-1 1.47785E-1 1.4149E-1 2.11091E-1 2.25449E-1 2.33547E-1 2.08062E-1 1.1175E-1 0E0 0E0 1.10238E-1 1.13915E-1 1.48711E-1 1.44371E-1 1.60857E-1 1.71084E-1 1.26619E-1 1.86983E-1 2.07429E-1 1.91258E-1 1.90571E-1 2.51463E-1 1.89672E-1 1.53076E-1 2.05264E-1 2.39771E-1 2.28224E-1 1.73728E-1 2.47986E-1 3.20764E-1 7.21621E-2 5.33011E-2 5.80518E-2 6.82072E-2 4.99371E-2 9.54153E-2 3.39877E-2 2.36124E-2 3.03939E-3 1.26223E-2 1.41354E-2 1.12888E-3 1.26125E-2 1.88585E-1 7.08198E-2 2.04488E-2 1.32019E-1 5.45472E-1 5.14041E-1 4.03917E-2 2.46195E-2 3.13791E-1 2.98897E-1 5.0656E-1 6.7466E-1 5.19989E-1 2.79451E-1
1.80276E-1 9.63152E-2 8.43483E-2 1.0595E-1 1.10942E-1 1.34993E-1 1.93206E-1 1.48257E-1 1.72268E-1 1.40073E-1 1.89114E-1 2.08803E-1 1.50912E-1 0E0 7.89256E-2 1.26115E-1 1.0206E-1 1.38704E-1 8.49576E-2 8.72903E-2 9.08944E-2 8.80022E-2 1.47248E-1 2.66148E-1 2.59359E-1 3.29217E-1 2.33631E-1 1.57201E-1 2.2958E-1 8.16354E-2 1.0583E-1 7.86461E-2 1.56417E-1 2.7232E-1 1.45833E-1 5.40437E-2 5.08173E-2 3.86236E-2 3.52992E-2 3.82464E-2 2.18212E-2 1.54838E-2 4.47286E-2 1.90921E-2 3.22945E-2 8.68992E-3 8.47776E-3 2.14269E-2 1.35683E-1 1.65002E-1 4.05678E-2 4.19561E-1 5.37121E-1 2.92461E-1 2.66766E-1 2.98977E-1 3.20026E-1 4.00712E-1 2.11206E-1 6.8946E-1 6.61089E-1
2.05092E-1 6.52184E-2 7.82003E-2 6.15236E-2 5.63184E-2 1.01914E-1 1.284E-1 1.07451E-1 9.84151E-2 1.00778E-1 1.11255E-1 1.40884E-1 2.06079E-1 1.01106E-1 1.01313E-1 1.2563E-1 8.07066E-2 1.14575E-1 6.89708E-2 8.01931E-2 1.06059E-1 1.53172E-1 2.16428E-1 4.64585E-2 7.0541E-2 3.03597E-1 2.46524E-1 1.82756E-1 1.41402E-1 1.65033E-1 9.93448E-2 1.5881E-1 3.59683E-1 2.65334E-1 1.77278E-1 1.21411E-1 5.21562E-2 3.46014E-2 6.37391E-2 4.89208E-2 2.28826E-2 2.481E-2 1.43988E-2 4.08617E-3 4.30881E-3 3.97557E-4 8.0781E-3 1.00003E-3 6.42082E-2 1.36414E-2 1.41945E-1 4.83577E-1 4.7891E-1 8.51286E-2 2.73377E-1 3.24682E-1 1.8552E-1 1.05106E-1 1.13467E-1 6.67167E-1 7.19729E-1
1.00036E-1 6.89543E-2 7.13839E-2 5.73706E-2 3.1804E-2 6.64419E-2 7.24519E-2 8.01092E-2 0E0 1.19102E-1 1.00554E-1 1.14009E-1 1.08727E-1 1.19756E-1 1.31812E-1 9.95089E-2 8.60661E-2 7.36826E-2 1.2856E-1 8.55863E-2 2.28466E-1 4.45878E-2 2.29696E-2 2.19212E-2 2.50311E-2 1.23245E-1 2.45811E-1 1.8744E-1 2.36775E-1 1.39936E-1 1.67829E-1 3.26873E-1 4.63993E-1 3.8138E-1 3.56719E-1 1.42031E-1 1.31783E-1 3.34359E-2 2.71164E-2 5.59921E-4 3.73017E-3 2.19672E-2 2.74248E-2 2.81362E-3 2.15286E-3 3.20998E-3 7.33872E-3 6.5363E-2 1.13463E-2 4.2257E-3 1.16274E-2 5.38453E-1 4.98919E-1 1.31883E-1 2.38131E-1 3.33655E-1 3.64734E-1 2.77799E-1 2.92537E-1 5.32444E-1 5.22765E-1
1.8699E-1 1.15585E-1 1.44209E-1 5.12309E-2 8.52086E-2 8.41406E-2 1.27439E-1 6.71406E-2 9.62309E-2 8.73115E-2 1.26823E-1 1.04572E-1 1.22614E-1 1.36245E-1 1.43671E-1 1.92396E-1 7.26449E-2 7.23373E-2 8.51308E-2 1.88303E-1 9.414E-2 6.39836E-3 1.73391E-2 4.38448E-2 3.10856E-2 8.79863E-2 2.69866E-1 3.82016E-1 1.94571E-1 2.99453E-1 2.81124E-1 4.80574E-1 4.99245E-1 4.52403E-1 3.94819E-1 2.16334E-1 2.33277E-1 1.05654E-1 2.89771E-2 3.5034E-3 5.96992E-3 9.20747E-3 1.48917E-2 4.57934E-2 2.64349E-2 2.38575E-2 1.49814E-2 1.20463E-2 5.17668E-3 3.65906E-2 1.75081E-1 5.76312E-1 6.12412E-1 5.75356E-2 1.20559E-1 8.86432E-2 2.77282E-1 6.02429E-1 6.61037E-1 3.92314E-1 1.66844E-1
1.78047E-1 8.73108E-2 1.03305E-1 1.03054E-1 6.56726E-2 1.199E-1 4.70606E-2 6.80343E-2 1.30246E-1 1.09182E-1 9.19865E-2 9.35772E-2 1.10877E-1 1.30201E-1 1.52345E-1 1.40159E-1 1.39248E-1 9.43591E-2 1.09173E-1 1.09369E-1 9.80075E-3 1.89591E-2 5.40853E-2 7.00248E-2 1.15525E-1 1.18865E-1 1.06344E-1 4.01453E-1 2.36993E-1 1.79551E-1 9.4361E-2 4.28766E-1 4.82839E-1 4.12085E-1 3.83432E-1 3.60753E-1 2.40973E-1 1.31176E-1 2.23019E-2 1.21176E-2 3.15E-2 5.43315E-2 3.53102E-3 2.22348E-3 1.67036E-3 1.74829E-3 4.91166E-3 3.85532E-3 8.77993E-3 7.11405E-2 4.75827E-1 4.65053E-1 4.42682E-1 1.33401E-1 4.56795E-2 2.85769E-2 4.49797E-1 6.49173E-1 6.28739E-1 7.30199E-1 4.51652E-1
6.92824E-2 7.57188E-2 1.5902E-1 1.77043E-1 1.71458E-1 1.66946E-1 1.56663E-1 1.41818E-1 1.52129E-1 9.98722E-2 1.31652E-1 1.29912E-1 1.3145E-1 1.10256E-1 1.45813E-1 1.29873E-1 1.2012E-1 2.29909E-1 2.24785E-1 4.25081E-2 1.86239E-2 2.61312E-2 7.24666E-2 5.75692E-2 1.46911E-1 2.61401E-1 3.15912E-1 1.80043E-1 2.72848E-1 2.56919E-1 2.53317E-1 2.57722E-1 5.14067E-1 4.29034E-1 4.05925E-1 3.91888E-1 2.73227E-1 1.24119E-1 4.32161E-2 3.63501E-2 3.22905E-2 4.06648E-2 7.69673E-3 2.874E-3 1.02313E-2 5.13976E-3 4.46503E-3 5.97357E-3 5.06047E-2 1.42851E-1 5.81753E-1 5.17923E-1 2.55463E-1 1.12266E-1 5.34665E-2 1.64136E-1 3.45793E-1 7.11816E-1 5.44249E-1 6.54767E-1 6.7999E-1
