Candidate_Models_July82022/M_0.3_F_lqp_Set_1_cal/Bison.asc
ncols         290
nrows         380
xllcorner     -2197417.7431653
yllcorner     -584827.01486885
cellsize      10000.0
NODATA_value  -9999
[rows 216 to 242 of 380, columns 183 to 243 of 290]
2.38332E-1 2.22543E-1 2.09867E-1 2.09822E-1 1.77721E-1 1.43354E-1 1.53121E-1 1.83819E-1 1.74935E-1 1.91466E-1 2.22473E-1 2.10272E-1 2.09611E-1 2.22027E-1 2.23638E-1 2.31331E-1 2.23194E-1 2.15333E-1 2.06281E-1 2.27238E-1 2.58674E-1 2.04071E-1 2.04283E-1 2.01949E-1 2.00823E-1 2.06298E-1 1.99664E-1 1.97161E-1 1.96659E-1 1.83644E-1 1.77663E-1 1.75546E-1 1.78721E-1 1.63553E-1 1.54368E-1 1.51322E-1 1.5185E-1 1.46063E-1 1.41457E-1 1.41535E-1 1.44909E-1 1.47736E-1 1.4991E-1 1.38576E-1 1.44453E-1 1.42396E-1 1.36744E-1 1.40444E-1 1.45727E-1 1.53689E-1 1.53476E-1 -9999 -9999 -9999 -9999 -9999 -9999 -9999 -9999 -9999 -9999
2.33918E-1 2.21249E-1 2.25779E-1 2.29998E-1 2.03818E-1 1.65576E-1 1.35515E-1 1.85373E-1 1.86881E-1 2.0333E-1 2.37468E-1 2.10079E-1 2.43619E-1 2.34044E-1 2.26106E-1 2.13032E-1 2.37568E-1 2.29687E-1 2.04963E-1 2.34481E-1 2.74106E-1 2.27803E-1 2.15105E-1 2.06148E-1 1.97969E-1 2.08364E-1 2.01264E-1 2.06208E-1 1.94628E-1 1.92592E-1 1.87533E-1 1.92104E-1 1.83493E-1 1.76506E-1 1.74239E-1 1.66933E-1 1.63834E-1 1.58267E-1 1.55368E-1 1.49833E-1 1.51677E-1 1.50461E-1 1.52696E-1 1.51703E-1 1.49304E-1 1.44868E-1 1.4855E-1 1.48943E-1 1.50009E-1 1.50675E-1 -9999 -9999 -9999 -9999 -9999 -9999 -9999 -9999 -9999 -9999 -9999
2.55172E-1 2.13667E-1 2.18928E-1 2.04091E-1 2.1653E-1 1.98326E-1 1.82058E-1 1.97849E-1 1.99418E-1 2.11302E-1 2.35739E-1 2.16874E-1 2.57506E-1 2.34564E-1 2.49914E-1 2.29502E-1 3.00692E-1 3.01746E-1 2.47741E-1 2.61238E-1 2.72644E-1 2.34558E-1 2.20841E-1 2.23414E-1 2.23958E-1 2.093E-1 2.13256E-1 2.07105E-1 1.97058E-1 1.98515E-1 1.89243E-1 1.82441E-1 1.91699E-1 1.82407E-1 1.89648E-1 1.83055E-1 1.67583E-1 1.65646E-1 1.64148E-1 1.57982E-1 1.53522E-1 1.42154E-1 1.57277E-1 1.61006E-1 1.62114E-1 1.47016E-1 1.50799E-1 1.50022E-1 1.54871E-1 1.47622E-1 -9999 -9999 -9999 -9999 -9999 -9999 -9999 -9999 -9999 -9999 -9999
2.51812E-1 2.51378E-1 2.12733E-1 2.36368E-1 2.28533E-1 2.27325E-1 2.22896E-1 2.27833E-1 2.22094E-1 2.46935E-1 2.68043E-1 2.14964E-1 2.22818E-1 2.40135E-1 2.39714E-1 2.2776E-1 2.30291E-1 2.81522E-1 2.72024E-1 2.54347E-1 2.47384E-1 3.05441E-1 2.87102E-1 2.34056E-1 2.31968E-1 2.1267E-1 2.23228E-1 2.30811E-1 2.1399E-1 2.10538E-1 2.11659E-1 1.84088E-1 2.34815E-1 2.11324E-1 1.88002E-1 1.72005E-1 1.82464E-1 1.77579E-1 1.85964E-1 1.86678E-1 1.67254E-1 1.68393E-1 1.6607E-1 1.63864E-1 1.63072E-1 1.67099E-1 1.63191E-1 1.52306E-1 1.66827E-1 1.58396E-1 -9999 -9999 -9999 -9999 -9999 -9999 -9999 -9999 -9999 -9999 -9999
2.56622E-1 2.54561E-1 2.7322E-1 2.23516E-1 2.44768E-1 2.89966E-1 2.38795E-1 2.4255E-1 2.52981E-1 2.46587E-1 2.58998E-1 2.35626E-1 2.67697E-1 2.47053E-1 2.64552E-1 2.36873E-1 2.35066E-1 2.37832E-1 2.44041E-1 2.65289E-1 2.55961E-1 2.26624E-1 2.49688E-1 2.68034E-1 2.12443E-1 2.30321E-1 2.52664E-1 2.50225E-1 2.33493E-1 2.02814E-1 2.27355E-1 2.47829E-1 3.05186E-1 2.57024E-1 2.15126E-1 1.74229E-1 1.92929E-1 1.76686E-1 1.81105E-1 1.84148E-1 1.84448E-1 1.8205E-1 1.74653E-1 1.72971E-1 1.74181E-1 1.75714E-1 1.77899E-1 1.78036E-1 1.67391E-1 -9999 -9999 -9999 -9999 -9999 -9999 -9999 -9999 -9999 -9999 -9999 -9999
2.86837E-1 2.8842E-1 2.98981E-1 2.5975E-1 2.54374E-1 3.21438E-1 2.97948E-1 2.53087E-1 2.56715E-1 2.93333E-1 2.79714E-1 2.7839E-1 2.70545E-1 2.6869E-1 3.11343E-1 2.72649E-1 2.52873E-1 2.4337E-1 2.47747E-1 2.47131E-1 2.52392E-1 2.50875E-1 2.3631E-1 2.37802E-1 2.36047E-1 2.57498E-1 2.86939E-1 2.64116E-1 2.31654E-1 2.0981E-1 2.3324E-1 2.61845E-1 2.3371E-1 2.46312E-1 2.27464E-1 2.1424E-1 2.15799E-1 1.96592E-1 1.86796E-1 1.95429E-1 1.97239E-1 1.93245E-1 1.98208E-1 1.93412E-1 1.88231E-1 1.68221E-1 1.82601E-1 1.78934E-1 1.70666E-1 -9999 -9999 -9999 -9999 -9999 -9999 -9999 -9999 -9999 -9999 -9999 -9999
2.89547E-1 2.50115E-1 2.54491E-1 2.60439E-1 2.51127E-1 2.62129E-1 2.82446E-1 2.63896E-1 2.82758E-1 3.11329E-1 2.56007E-1 2.79743E-1 3.00734E-1 2.53655E-1 2.58215E-1 2.70147E-1 2.63189E-1 2.76187E-1 2.63324E-1 2.51196E-1 2.73852E-1 3.16613E-1 3.04256E-1 2.63813E-1 2.80388E-1 3.34488E-1 2.98264E-1 2.41471E-1 2.38689E-1 2.27597E-1 2.37334E-1 2.43831E-1 2.56888E-1 2.40531E-1 2.42861E-1 2.27716E-1 2.22878E-1 2.07509E-1 2.05158E-1 1.91705E-1 2.02083E-1 2.21951E-1 2.22881E-1 2.16446E-1 1.99344E-1 1.83802E-1 1.79083E-1 1.88998E-1 1.85837E-1 -9999 -9999 -9999 -9999 -9999 -9999 -9999 -9999 -9999 -9999 -9999 -9999
3.52104E-1 3.12002E-1 2.96075E-1 2.65714E-1 2.608E-1 2.72469E-1 3.73002E-1 2.63698E-1 2.73647E-1 2.64978E-1 2.77372E-1 2.73237E-1 3.05968E-1 2.65876E-1 2.86252E-1 2.68921E-1 2.97863E-1 2.27863E-1 2.79558E-1 2.71113E-1 2.77965E-1 2.33143E-1 2.81924E-1 2.63719E-1 2.88734E-1 2.61097E-1 2.78068E-1 3.59305E-1 3.12219E-1 3.27381E-1 2.56708E-1 2.54115E-1 2.71438E-1 2.93942E-1 2.52975E-1 3.01976E-1 2.29235E-1 2.19972E-1 2.17343E-1 2.02738E-1 2.1504E-1 2.26592E-1 2.37756E-1 2.38345E-1 2.01922E-1 1.90991E-1 1.87753E-1 1.8619E-1 2.06346E-1 -9999 -9999 -9999 -9999 -9999 -9999 -9999 -9999 -9999 -9999 -9999 -9999
3.42419E-1 3.12453E-1 2.93144E-1 2.85271E-1 2.85397E-1 2.80816E-1 3.14711E-1 3.0856E-1 4.07542E-1 3.80617E-1 2.71743E-1 2.63782E-1 2.81902E-1 2.71891E-1 2.77609E-1 2.96433E-1 2.50559E-1 2.42436E-1 2.66725E-1 3.09549E-1 2.61661E-1 2.74276E-1 2.69649E-1 2.4409E-1 2.66587E-1 3.77151E-1 3.33906E-1 3.68347E-1 3.70498E-1 2.98097E-1 2.60938E-1 2.62799E-1 2.91904E-1 3.06758E-1 2.89947E-1 2.63539E-1 2.54225E-1 2.53466E-1 2.25794E-1 2.26369E-1 2.263E-1 2.44254E-1 2.61523E-1 2.50728E-1 2.24062E-1 2.132E-1 1.99395E-1 1.98592E-1 -9999 -9999 -9999 -9999 -9999 -9999 -9999 -9999 -9999 -9999 -9999 -9999 -9999
3.36557E-1 4.98606E-1 3.80867E-1 3.16063E-1 3.48791E-1 4.65138E-1 3.50839E-1 3.9408E-1 3.55956E-1 4.67085E-1 4.64937E-1 3.94379E-1 3.46679E-1 2.33978E-1 4.06944E-1 2.91743E-1 2.65627E-1 2.58886E-1 2.51196E-1 2.8401E-1 2.95802E-1 2.58641E-1 2.39019E-1 2.49227E-1 2.58428E-1 2.91883E-1 4.08562E-1 3.95824E-1 2.76116E-1 2.64728E-1 2.90132E-1 3.14718E-1 2.93198E-1 3.18158E-1 3.2328E-1 3.07954E-1 3.00686E-1 2.76734E-1 2.45681E-1 2.23683E-1 2.30886E-1 2.49729E-1 2.77082E-1 2.6159E-1 2.52562E-1 2.39921E-1 2.30445E-1 2.18676E-1 -9999 -9999 -9999 -9999 -9999 -9999 -9999 -9999 -9999 -9999 -9999 -9999 -9999
1.77295E-1 2.65608E-1 4.19674E-1 4.02448E-1 3.20187E-1 2.92163E-1 1.98165E-1 1.53932E-1 1.93668E-1 4.42069E-1 3.49931E-1 4.26308E-1 4.61327E-1 4.36783E-1 4.50693E-1 2.72168E-1 2.59403E-1 2.93489E-1 2.73567E-1 2.66757E-1 2.08701E-1 2.9687E-1 2.3371E-1 2.442E-1 2.56873E-1 2.60256E-1 2.81708E-1 2.52763E-1 2.54898E-1 2.55504E-1 2.81563E-1 3.59918E-1 3.17065E-1 3.05148E-1 2.8817E-1 2.943E-1 3.22779E-1 3.03982E-1 2.66658E-1 2.47355E-1 2.43752E-1 2.54938E-1 2.90947E-1 2.6183E-1 2.68533E-1 2.64447E-1 2.52533E-1 2.43131E-1 -9999 -9999 -9999 -9999 -9999 -9999 -9999 -9999 -9999 -9999 -9999 -9999 -9999
2.49223E-1 3.37969E-1 5.13976E-1 5.08658E-1 4.99145E-1 5.04508E-1 4.57261E-1 3.79827E-1 2.8205E-1 2.93065E-1 4.77047E-1 3.43129E-1 1.6973E-1 3.90844E-1 3.73462E-1 3.78714E-1 3.29092E-1 2.58204E-1 2.59285E-1 2.37651E-1 2.78393E-1 2.00451E-1 2.0678E-1 2.34987E-1 3.11027E-1 2.73352E-1 3.97728E-1 2.96341E-1 2.55069E-1 2.6883E-1 2.91099E-1 2.71347E-1 2.79707E-1 2.81249E-1 2.99302E-1 2.94874E-1 2.93171E-1 3.16881E-1 2.80873E-1 2.50474E-1 3.85527E-1 3.2751E-1 2.9436E-1 2.74124E-1 2.77828E-1 2.76755E-1 2.74027E-1 2.64323E-1 -9999 -9999 -9999 -9999 -9999 -9999 -9999 -9999 -9999 -9999 -9999 -9999 -9999
2.66808E-1 2.50814E-1 4.28248E-1 4.51323E-1 4.60094E-1 5.12698E-1 4.85273E-1 4.26038E-1 5.14742E-1 3.81179E-1 1.94903E-1 1.88547E-1 1.83557E-1 4.74268E-1 3.2513E-1 2.61476E-1 4.23747E-1 2.55865E-1 2.2855E-1 2.27701E-1 2.02319E-1 1.84976E-1 2.24885E-1 2.71094E-1 3.44254E-1 3.43497E-1 3.30559E-1 2.90831E-1 2.56445E-1 2.79368E-1 2.97705E-1 2.97206E-1 2.98233E-1 3.06267E-1 3.1316E-1 3.4244E-1 3.10441E-1 3.34626E-1 3.01289E-1 2.84045E-1 3.93621E-1 2.81646E-1 2.85233E-1 2.86761E-1 2.95431E-1 2.95588E-1 2.88773E-1 2.7818E-1 2.90094E-1 -9999 -9999 -9999 -9999 -9999 -9999 -9999 -9999 -9999 -9999 -9999 -9999
4.12037E-1 4.21296E-1 4.416E-1 5.27361E-1 4.08566E-1 4.9667E-1 5.1901E-1 3.41269E-1 3.20374E-1 2.02391E-1 2.02966E-1 1.80791E-1 1.84705E-1 2.26189E-1 2.23174E-1 4.31125E-1 4.3074E-1 2.36536E-1 2.42716E-1 2.09814E-1 2.07456E-1 2.06932E-1 2.29906E-1 2.70804E-1 4.00562E-1 3.76779E-1 3.0207E-1 3.8225E-1 3.58304E-1 3.54419E-1 3.24281E-1 3.04887E-1 3.34187E-1 3.88514E-1 3.2481E-1 3.2051E-1 3.03762E-1 3.34746E-1 3.32253E-1 3.56623E-1 2.84194E-1 2.9315E-1 2.86976E-1 2.91052E-1 2.99529E-1 3.10245E-1 3.01348E-1 2.97123E-1 3.04366E-1 -9999 -9999 -9999 -9999 -9999 -9999 -9999 -9999 -9999 -9999 -9999 -9999
2.51411E-1 2.34781E-1 2.00793E-1 3.12096E-1 3.7023E-1 5.39667E-1 4.37665E-1 1.85522E-1 2.04047E-1 1.96153E-1 2.1199E-1 2.14002E-1 2.37162E-1 2.55149E-1 4.32638E-1 2.78877E-1 2.44834E-1 2.33984E-1 2.2543E-1 2.31197E-1 2.79594E-1 2.40097E-1 2.55256E-1 3.02264E-1 3.12141E-1 3.76116E-1 3.27087E-1 3.81676E-1 3.68085E-1 3.36923E-1 3.68333E-1 4.05305E-1 3.89956E-1 3.88961E-1 3.57989E-1 3.18885E-1 3.16791E-1 3.17182E-1 3.05675E-1 3.39543E-1 2.76414E-1 3.15819E-1 2.91508E-1 3.05273E-1 3.03597E-1 3.11212E-1 3.10877E-1 3.10711E-1 3.13263E-1 3.06851E-1 -9999 -9999 -9999 -9999 -9999 -9999 -9999 -9999 -9999 -9999 -9999
2.59993E-1 2.37751E-1 2.22217E-1 2.16324E-1 2.06569E-1 1.85094E-1 1.86821E-1 1.98078E-1 2.25507E-1 2.14489E-1 1.98596E-1 1.95497E-1 1.78475E-1 3.84099E-1 3.54065E-1 2.63723E-1 2.53588E-1 2.47987E-1 2.56631E-1 2.39939E-1 2.50847E-1 2.65301E-1 2.71727E-1 3.18759E-1 3.42072E-1 2.84911E-1 3.02705E-1 3.15547E-1 3.00783E-1 3.03545E-1 3.38915E-1 4.24052E-1 3.55582E-1 3.30581E-1 3.94785E-1 4.05066E-1 3.52394E-1 3.65247E-1 4.00241E-1 3.26899E-1 3.44212E-1 3.28516E-1 3.42267E-1 2.97931E-1 3.21778E-1 3.26612E-1 3.19559E-1 3.26519E-1 3.26249E-1 3.24491E-1 3.17199E-1 -9999 -9999 -9999 -9999 -9999 -9999 -9999 -9999 -9999 -9999
3.16707E-1 2.67821E-1 2.36462E-1 2.1136E-1 1.94338E-1 1.86283E-1 1.9017E-1 2.00146E-1 2.18448E-1 2.21684E-1 2.10491E-1 2.16451E-1 4.05206E-1 3.99046E-1 2.76053E-1 2.79175E-1 2.4645E-1 2.34024E-1 2.48194E-1 2.30956E-1 2.52284E-1 2.73878E-1 2.93365E-1 3.11704E-1 3.02154E-1 2.76955E-1 2.84283E-1 3.36381E-1 3.24073E-1 3.01389E-1 2.80533E-1 2.88121E-1 3.41318E-1 3.24164E-1 3.36505E-1 3.27827E-1 3.96202E-1 3.93512E-1 3.96015E-1 3.74636E-1 3.37798E-1 3.42277E-1 3.59859E-1 3.38352E-1 3.6172E-1 3.80424E-1 4.15083E-1 3.42374E-1 3.26849E-1 3.2854E-1 3.28975E-1 -9999 -9999 -9999 -9999 -9999 -9999 -9999 -9999 -9999 -9999
4.76559E-1 4.48232E-1 3.96852E-1 2.22672E-1 2.25617E-1 2.54431E-1 2.28178E-1 2.14683E-1 2.05555E-1 2.33375E-1 2.06381E-1 2.01615E-1 4.81787E-1 4.83214E-1 4.78382E-1 3.16586E-1 3.06101E-1 2.64619E-1 2.70384E-1 4.15183E-1 4.04319E-1 3.8467E-1 4.88743E-1 4.46061E-1 3.10464E-1 2.92926E-1 2.97478E-1 2.74789E-1 2.97055E-1 3.08921E-1 2.81565E-1 2.88829E-1 3.50042E-1 3.86024E-1 3.4072E-1 3.34173E-1 3.2964E-1 3.5479E-1 3.77591E-1 3.80372E-1 3.52334E-1 3.19513E-1 3.11084E-1 3.23956E-1 3.25925E-1 3.20534E-1 3.28669E-1 3.29263E-1 3.31525E-1 3.29572E-1 3.36516E-1 3.29955E-1 -9999 -9999 -9999 -9999 -9999 -9999 -9999 -9999 -9999
4.1423E-1 4.71866E-1 4.82335E-1 2.55424E-1 2.43578E-1 2.92571E-1 2.38326E-1 2.26002E-1 2.39756E-1 2.4081E-1 2.35734E-1 4.53884E-1 5.18655E-1 4.95107E-1 2.86058E-1 2.74352E-1 1.8004E-1 4.35874E-1 2.70393E-1 4.29363E-1 4.57348E-1 4.91113E-1 5.01432E-1 3.25489E-1 3.23806E-1 2.9067E-1 2.83749E-1 2.44476E-1 2.65346E-1 3.00515E-1 2.97299E-1 2.89261E-1 3.67435E-1 3.97339E-1 3.70911E-1 3.77525E-1 3.55516E-1 3.27707E-1 3.59002E-1 3.5954E-1 3.47108E-1 3.20299E-1 3.13815E-1 3.34287E-1 3.3503E-1 3.03107E-1 3.23219E-1 3.34822E-1 3.37107E-1 3.35123E-1 3.44826E-1 3.33752E-1 3.37212E-1 -9999 -9999 -9999 -9999 -9999 -9999 -9999 -9999
5.14352E-1 5.21013E-1 5.23646E-1 4.30509E-1 5.15044E-1 5.25374E-1 3.47237E-1 4.72349E-1 2.79691E-1 2.15535E-1 2.27565E-1 4.69934E-1 3.77151E-1 4.13231E-1 2.72799E-1 1.75222E-1 1.59056E-1 4.45033E-1 3.15592E-1 3.72858E-1 4.73586E-1 4.90312E-1 2.82046E-1 2.79299E-1 2.70379E-1 2.7002E-1 2.83733E-1 2.922E-1 2.68408E-1 2.76232E-1 3.21544E-1 3.16667E-1 3.25832E-1 3.44335E-1 3.65452E-1 4.29407E-1 3.5972E-1 3.19535E-1 3.30163E-1 3.20793E-1 3.31257E-1 3.36465E-1 3.98447E-1 3.50014E-1 3.28643E-1 3.01314E-1 3.16312E-1 3.28133E-1 3.38066E-1 3.49624E-1 3.5112E-1 3.47435E-1 3.33459E-1 -9999 -9999 -9999 -9999 -9999 -9999 -9999 -9999
5.01145E-1 5.27106E-1 5.27878E-1 3.85111E-1 6.22596E-1 5.92553E-1 4.25986E-1 5.55073E-1 5.79594E-1 4.36392E-1 4.9021E-1 4.34436E-1 5.09757E-1 3.74456E-1 2.40006E-1 2.60127E-1 1.71735E-1 2.01522E-1 4.71388E-1 4.45107E-1 3.95714E-1 3.91435E-1 2.67439E-1 2.60049E-1 2.9979E-1 2.69437E-1 2.53213E-1 2.54042E-1 2.80558E-1 3.22904E-1 3.34686E-1 2.88905E-1 3.30481E-1 3.08865E-1 3.60848E-1 4.18145E-1 3.48025E-1 3.14802E-1 3.21497E-1 3.10672E-1 3.29815E-1 3.07499E-1 3.40598E-1 3.35136E-1 3.06833E-1 3.3244E-1 3.01139E-1 3.19666E-1 3.3721E-1 3.49624E-1 3.53987E-1 3.49457E-1 3.46367E-1 3.39283E-1 -9999 -9999 -9999 -9999 -9999 -9999 -9999
4.1837E-1 3.18981E-1 6.18487E-1 4.21468E-1 3.77232E-1 3.52977E-1 3.30273E-1 4.47848E-1 5.76137E-1 5.77224E-1 5.55724E-1 5.24061E-1 4.33138E-1 3.62645E-1 5.27986E-1 3.84414E-1 3.97937E-1 4.66091E-1 3.18373E-1 2.94968E-1 2.77676E-1 2.74033E-1 2.7774E-1 2.80112E-1 2.87342E-1 2.54454E-1 2.39586E-1 2.69999E-1 2.82729E-1 4.01409E-1 4.75199E-1 2.85949E-1 2.87063E-1 2.96502E-1 3.33532E-1 4.08841E-1 3.65585E-1 3.1213E-1 3.0245E-1 3.57462E-1 3.47563E-1 3.41649E-1 3.15049E-1 3.2351E-1 3.06792E-1 3.17226E-1 3.24044E-1 3.1074E-1 3.33913E-1 3.40322E-1 3.84608E-1 3.47629E-1 3.4781E-1 3.52233E-1 -9999 -9999 -9999 -9999 -9999 -9999 -9999
3.47868E-1 4.88334E-1 3.44404E-1 2.90731E-1 2.77749E-1 2.97442E-1 3.03218E-1 3.87337E-1 3.06228E-1 4.14569E-1 4.27882E-1 4.38978E-1 5.54032E-1 5.31868E-1 4.85906E-1 3.87635E-1 3.5724E-1 3.08945E-1 2.86024E-1 2.80228E-1 2.62473E-1 3.20285E-1 2.93002E-1 2.74501E-1 2.73757E-1 2.77631E-1 2.7729E-1 2.87545E-1 2.97071E-1 4.68267E-1 4.98699E-1 3.52778E-1 3.06434E-1 2.75086E-1 3.075E-1 4.30406E-1 3.78466E-1 3.73668E-1 2.99603E-1 3.33483E-1 3.00164E-1 3.27257E-1 3.05871E-1 3.2113E-1 3.29619E-1 3.77181E-1 3.48327E-1 3.10617E-1 3.13682E-1 3.33196E-1 4.9353E-1 3.51033E-1 3.52666E-1 3.51366E-1 3.48603E-1 -9999 -9999 -9999 -9999 -9999 -9999
3.47742E-1 5.3492E-1 3.13167E-1 2.99283E-1 3.20669E-1 3.26877E-1 2.98053E-1 2.75779E-1 2.7113E-1 2.82368E-1 2.34778E-1 4.56477E-1 3.94136E-1 5.38144E-1 3.56878E-1 3.34167E-1 3.62306E-1 3.17278E-1 3.29514E-1 3.04705E-1 3.22106E-1 3.10685E-1 3.13512E-1 3.77109E-1 3.22097E-1 3.07665E-1 2.98713E-1 3.27213E-1 3.5341E-1 2.84655E-1 3.64116E-1 5.00715E-1 3.07524E-1 2.91259E-1 3.26282E-1 3.55334E-1 3.16875E-1 3.36244E-1 3.20423E-1 3.55843E-1 3.0404E-1 3.20599E-1 3.4516E-1 3.04322E-1 3.03958E-1 3.7982E-1 3.53835E-1 3.3636E-1 3.01222E-1 3.1833E-1 4.99274E-1 3.43716E-1 3.48647E-1 3.52909E-1 3.6815E-1 -9999 -9999 -9999 -9999 -9999 -9999
3.33677E-1 4.00281E-1 3.29828E-1 3.15648E-1 3.07438E-1 3.40433E-1 3.06372E-1 2.84461E-1 2.79186E-1 3.11359E-1 2.60394E-1 2.39724E-1 2.11407E-1 4.16473E-1 3.94899E-1 3.30904E-1 3.46304E-1 3.28119E-1 3.88985E-1 3.50106E-1 3.32726E-1 3.22297E-1 3.19909E-1 3.51217E-1 3.18021E-1 3.35416E-1 4.05537E-1 4.77093E-1 3.79736E-1 2.40764E-1 3.95566E-1 4.08556E-1 2.97091E-1 3.22555E-1 3.36211E-1 3.3532E-1 2.9672E-1 3.11974E-1 3.32512E-1 3.49254E-1 3.2396E-1 2.99399E-1 3.15265E-1 3.18606E-1 3.23841E-1 3.62821E-1 3.76275E-1 3.61827E-1 3.61346E-1 3.10856E-1 3.74423E-1 3.3775E-1 3.45766E-1 3.48701E-1 3.84126E-1 3.6122E-1 -9999 -9999 -9999 -9999 -9999
3.51368E-1 4.05934E-1 3.30538E-1 3.34632E-1 3.31657E-1 3.4336E-1 3.05418E-1 2.89417E-1 2.90279E-1 2.75157E-1 2.40482E-1 2.7096E-1 2.12573E-1 3.41026E-1 5.03394E-1 4.14611E-1 4.63431E-1 5.24623E-1 4.85576E-1 4.92925E-1 4.10947E-1 4.08314E-1 5.32176E-1 3.37089E-1 3.42337E-1 5.03354E-1 3.1204E-1 2.68663E-1 2.50223E-1 2.29245E-1 3.18309E-1 3.62532E-1 3.12802E-1 3.43085E-1 3.74705E-1 3.58976E-1 3.14149E-1 3.38386E-1 3.41954E-1 3.40021E-1 3.2338E-1 3.24596E-1 2.98344E-1 3.18236E-1 3.28385E-1 3.43282E-1 3.54113E-1 4.10328E-1 3.45337E-1 3.44864E-1 3.08273E-1 3.15306E-1 3.44586E-1 3.52332E-1 3.49307E-1 3.60864E-1 3.43308E-1 -9999 -9999 -9999 -9999
4.51971E-1 3.55998E-1 3.38376E-1 3.34062E-1 3.35286E-1 3.3935E-1 3.25318E-1 3.14919E-1 2.91639E-1 2.65428E-1 2.4701E-1 2.46314E-1 2.5167E-1 1.89428E-1 1.95871E-1 5.18451E-1 5.14178E-1 4.10425E-1 3.76358E-1 2.8775E-1 3.63327E-1 3.69787E-1 4.00131E-1 4.86404E-1 5.2274E-1 2.14789E-1 2.53191E-1 2.53156E-1 2.63498E-1 2.51901E-1 2.2072E-1 5.23053E-1 4.88292E-1 4.1657E-1 3.6551E-1 3.88572E-1 3.36297E-1 3.48671E-1 3.95674E-1 3.56122E-1 3.55048E-1 3.41256E-1 3.18075E-1 3.4303E-1 3.29833E-1 3.20432E-1 3.32822E-1 3.65572E-1 3.76542E-1 3.57284E-1 2.86225E-1 3.05017E-1 4.22438E-1 4.02231E-1 3.49931E-1 3.44764E-1 3.39407E-1 -9999 -9999 -9999 -9999
