Candidate_Models_Sept202022/M_0.7_F_lqp_Set_1_all/Bison.asc
ncols         97
nrows         127
xllcorner     -2197417.7431653
yllcorner     -584827.01486885
cellsize      30000.0
NODATA_value  -9999
[rows 81 to 107 of 127, columns 0 to 60 of 97]
-9999 -9999 -9999 -9999 -9999 -9999 -9999 -9999 -9999 -9999 -9999 8.70075E-7 2.04157E-7 4.99275E-7 4.94449E-6 2.12378E-6 1.39323E-6 3.95285E-7 7.39872E-7 5.34302E-6 3.69092E-6 2.21487E-5 1.58263E-5 2.67946E-5 6.75122E-5 1.3657E-4 4.37955E-5 4.04458E-5 6.31772E-5 8.3895E-6 7.32985E-6 3.45379E-6 8.60972E-6 2.5933E-5 2.45509E-5 3.12175E-5 2.00213E-5 2.19353E-4 4.87389E-4 1.2868E-3 2.48621E-3 8.85046E-4 8.14558E-4 1.34909E-3 9.46327E-4 3.94404E-4 2.99968E-4 2.73662E-4 3.14875E-4 3.9161E-4 4.62927E-4 6.7719E-4 7.09237E-4 6.69061E-4 6.35345E-4 3.39817E-4 4.75651E-4 5.07909E-4 4.32981E-4 3.58088E-4 3.533E-4
-9999 -9999 -9999 -9999 -9999 -9999 -9999 -9999 -9999 -9999 -9999 -9999 5.10178E-7 2.64721E-7 1.54122E-6 3.21353E-6 1.9376E-6 4.38592E-6 1.41173E-6 6.48099E-7 1.17105E-6 3.65493E-6 3.7758E-6 1.27556E-5 1.16829E-4 1.38999E-4 3.02737E-5 4.67218E-5 8.87512E-5 1.17709E-5 5.66132E-6 4.67296E-6 5.47817E-6 1.37907E-5 3.9983E-5 5.38547E-5 3.34845E-5 5.33265E-5 1.62135E-4 7.1301E-4 1.47627E-3 8.65174E-4 8.3731E-4 9.75825E-4 7.56297E-4 3.62528E-4 2.48815E-4 3.38302E-4 4.00135E-4 6.33837E-4 6.43045E-4 6.80813E-4 7.34666E-4 6.74571E-4 5.5221E-4 5.20464E-4 4.87362E-4 3.86165E-4 3.73596E-4 3.09645E-4 4.23382E-4
-9999 -9999 -9999 -9999 -9999 -9999 -9999 -9999 -9999 -9999 -9999 -9999 -9999 7.01689E-7 2.12586E-7 1.01404E-6 6.46302E-7 4.74525E-6 8.32885E-5 3.04646E-6 1.28777E-6 2.50513E-6 1.83449E-6 8.51635E-6 2.94192E-5 2.4058E-5 1.95036E-5 5.35078E-5 1.47753E-5 1.13652E-5 4.98296E-6 4.83186E-6 4.02167E-6 7.43374E-6 2.8905E-5 1.1489E-4 3.86334E-5 3.45093E-5 6.92236E-5 6.6146E-4 1.2889E-3 1.11385E-3 9.04783E-4 7.27315E-4 5.55801E-4 3.06755E-4 3.14855E-4 3.47991E-4 4.21632E-4 5.53244E-4 5.99232E-4 5.99275E-4 7.78109E-4 7.05259E-4 6.11916E-4 5.31127E-4 6.74681E-4 5.18059E-4 3.35332E-4 3.52807E-4 3.71089E-4
-9999 -9999 -9999 -9999 -9999 -9999 -9999 -9999 -9999 -9999 -9999 -9999 -9999 7.39503E-7 3.91596E-7 1.05171E-6 2.81515E-6 -9999 5.44517E-6 2.69606E-5 5.73783E-5 1.78815E-5 4.36783E-6 5.13401E-6 5.33774E-5 2.59602E-5 4.83639E-5 3.46364E-5 1.67112E-5 9.90522E-6 8.85459E-6 5.57306E-6 4.35639E-6 8.31934E-6 2.01831E-5 4.35657E-5 3.10211E-5 3.78398E-5 5.14429E-5 3.79818E-4 7.03071E-4 7.53953E-4 7.68868E-4 4.41585E-4 5.1297E-4 6.92628E-4 5.652E-4 6.11635E-4 3.7305E-4 4.86944E-4 5.54729E-4 5.05964E-4 5.65797E-4 4.94505E-4 5.29659E-4 2.86708E-4 5.27501E-4 6.41283E-4 4.13779E-4 4.12897E-4 5.26374E-4
-9999 -9999 -9999 -9999 -9999 -9999 -9999 -9999 -9999 -9999 -9999 -9999 -9999 1.63413E-6 8.13914E-7 6.43399E-7 2.61935E-6 -9999 1.90482E-5 1.29343E-4 3.61734E-5 4.66076E-6 1.59297E-6 6.04746E-6 1.79415E-5 3.19729E-5 6.57753E-5 1.93873E-5 1.53808E-5 9.12858E-6 6.39947E-6 4.23863E-6 7.67515E-6 1.21389E-5 1.89275E-5 3.59687E-5 4.387E-5 5.71711E-5 1.14288E-4 1.24009E-4 4.22585E-4 5.6956E-4 7.61131E-4 5.2477E-4 4.24163E-4 6.77015E-4 3.87095E-4 3.19657E-4 3.69395E-4 6.49304E-4 5.33954E-4 3.39059E-4 5.03931E-4 7.45827E-4 6.03328E-4 4.82961E-4 7.57178E-4 3.85825E-4 3.81789E-4 3.80432E-4 3.56399E-4
-9999 -9999 -9999 -9999 -9999 -9999 -9999 -9999 -9999 -9999 -9999 -9999 -9999 8.17272E-7 1.38409E-6 9.87326E-7 1.06647E-6 -9999 1.36382E-6 1.87504E-5 3.62864E-6 1.8691E-6 3.23593E-6 5.48814E-6 2.10676E-5 5.74494E-5 1.15763E-4 2.18803E-5 1.38063E-5 6.86231E-6 1.17787E-5 1.38719E-5 1.09176E-5 8.83752E-6 1.35445E-5 7.89928E-5 2.00733E-5 5.44057E-5 5.60163E-5 2.0031E-4 3.30836E-4 4.87258E-4 5.62094E-4 5.87794E-4 5.5984E-4 4.68655E-4 3.13995E-4 3.74498E-4 4.5437E-4 6.66334E-4 4.83763E-4 2.39525E-4 3.75198E-4 7.17593E-4 6.3219E-4 6.3026E-4 6.17771E-4 2.69027E-4 3.20856E-4 3.53503E-4 5.3077E-4
-9999 -9999 -9999 -9999 -9999 -9999 -9999 -9999 -9999 -9999 -9999 -9999 -9999 1.1753E-6 6.46137E-7 8.37354E-7 1.27524E-5 -9999 5.26953E-6 1.88832E-5 2.88347E-6 1.53953E-6 1.24025E-5 3.06053E-5 3.43089E-5 8.63067E-5 3.45276E-4 1.00715E-4 6.08637E-5 1.03915E-5 2.22265E-5 4.61014E-6 2.01539E-6 1.16971E-5 2.76936E-5 4.63698E-5 4.20733E-5 3.31024E-5 3.88651E-4 3.8931E-4 2.44494E-4 4.71399E-4 9.37732E-4 5.75283E-4 5.15383E-4 5.07324E-4 6.38604E-4 7.73194E-4 5.47897E-4 3.7335E-4 2.81708E-4 2.10108E-4 3.86586E-4 5.77266E-4 8.30154E-4 7.53599E-4 5.04366E-4 3.39916E-4 3.03521E-4 3.2386E-4 4.0413E-4
-9999 -9999 -9999 -9999 -9999 -9999 -9999 -9999 -9999 -9999 -9999 -9999 -9999 5.97947E-7 3.57152E-7 4.98253E-7 1.06607E-6 1.75829E-6 1.24253E-6 2.5841E-5 1.50142E-6 8.67866E-7 1.12382E-5 3.62883E-5 1.07938E-4 2.86994E-4 1.70277E-4 5.07936E-5 2.42258E-5 2.68403E-5 1.76503E-5 7.60881E-6 4.41395E-6 7.43954E-5 1.49613E-5 1.36864E-5 3.63975E-5 1.41628E-5 3.26394E-5 2.74149E-4 2.59968E-4 5.65212E-4 5.55387E-4 5.42872E-4 5.82204E-4 5.14638E-4 4.65673E-4 3.55762E-4 6.63088E-4 6.42077E-4 4.17913E-4 3.75804E-4 8.1331E-4 7.65986E-4 7.81045E-4 6.90689E-4 5.86147E-4 5.00165E-4 5.61842E-4 3.06838E-4 3.69539E-4
-9999 -9999 -9999 -9999 -9999 -9999 -9999 -9999 -9999 -9999 -9999 -9999 -9999 9.40275E-7 4.32138E-7 3.00427E-7 1.5706E-6 6.63301E-7 5.74406E-7 8.35707E-6 5.72522E-6 2.08539E-6 6.54348E-6 4.95749E-5 3.04682E-4 1.89475E-4 5.35503E-5 2.57799E-5 1.91274E-5 1.02755E-4 1.09833E-5 1.0678E-5 9.09014E-6 8.02866E-5 9.06612E-6 1.28159E-5 5.11996E-5 9.36582E-6 1.02446E-5 1.83241E-5 2.30077E-4 4.83734E-4 4.78979E-4 6.98889E-4 5.89836E-4 5.31819E-4 6.16462E-4 3.18397E-4 2.26598E-4 3.37583E-4 4.05428E-4 3.04209E-4 6.47222E-4 7.61221E-4 8.28706E-4 6.74234E-4 5.47157E-4 6.03643E-4 5.26665E-4 6.0035E-4 3.98053E-4
-9999 -9999 -9999 -9999 -9999 -9999 -9999 -9999 -9999 -9999 -9999 -9999 -9999 1.1337E-6 1.01934E-6 1.16576E-6 4.64435E-7 4.52755E-7 3.89645E-7 2.22644E-5 1.42692E-6 4.13994E-6 1.82982E-5 2.72411E-4 5.98943E-4 1.47514E-4 1.40142E-4 2.41675E-5 3.88551E-5 7.20844E-5 2.45987E-5 1.36409E-5 2.96579E-5 1.59014E-5 9.41317E-6 1.13302E-5 1.83188E-5 9.91962E-6 2.5643E-5 1.37479E-5 1.11235E-4 1.87011E-4 7.37489E-4 4.7198E-4 6.41577E-4 7.52859E-4 3.2917E-4 3.38256E-4 2.78544E-4 5.67187E-4 4.84021E-4 3.39692E-4 6.22308E-4 5.09846E-4 5.13069E-4 5.40055E-4 5.20892E-4 5.77454E-4 6.51416E-4 6.10164E-4 4.82222E-4
-9999 -9999 -9999 -9999 -9999 -9999 -9999 -9999 -9999 -9999 -9999 -9999 -9999 1.3432E-6 2.09039E-6 1.92914E-6 6.49501E-7 3.06707E-7 8.45481E-6 1.40142E-5 3.86652E-6 7.88164E-6 9.40731E-5 5.35963E-4 2.27924E-4 1.27692E-4 3.03109E-4 1.80018E-4 5.04525E-5 3.60872E-5 4.01004E-5 2.31869E-5 3.08293E-5 1.94336E-5 4.92543E-6 2.65622E-5 2.86064E-5 3.81966E-5 7.28703E-5 1.88236E-5 3.97806E-5 1.64201E-4 5.8431E-4 7.59499E-4 2.96222E-4 3.0964E-4 4.48955E-4 4.0255E-4 5.17811E-4 3.43073E-4 2.54101E-4 2.82048E-4 4.29728E-4 4.7354E-4 4.59967E-4 2.63239E-4 2.723E-4 3.46762E-4 5.06601E-4 4.52945E-4 3.47208E-4
-9999 -9999 -9999 -9999 -9999 -9999 -9999 -9999 -9999 -9999 -9999 -9999 -9999 1.38693E-6 9.65102E-7 4.40908E-6 3.66683E-6 4.1432E-6 8.36352E-6 3.69632E-6 8.86122E-6 2.93347E-5 6.66212E-5 1.33637E-4 1.30477E-4 1.12929E-4 2.05192E-4 2.12409E-4 2.93506E-4 1.35012E-4 6.4915E-5 4.33846E-5 1.14301E-5 5.10841E-6 5.38371E-6 1.69358E-5 6.87945E-5 1.5356E-4 3.784E-4 1.44002E-5 3.42895E-5 3.17406E-4 4.14052E-4 6.49107E-4 3.81475E-4 4.29993E-4 4.91193E-4 4.41143E-4 4.10856E-4 3.76402E-4 2.72427E-4 3.23072E-4 4.63639E-4 4.66113E-4 4.4505E-4 3.4252E-4 2.5676E-4 5.11202E-4 4.03259E-4 4.48243E-4 4.14912E-4
-9999 -9999 -9999 -9999 -9999 -9999 -9999 -9999 -9999 -9999 -9999 -9999 1.5393E-6 1.10636E-6 2.06526E-6 6.60107E-6 7.48181E-6 5.36549E-6 5.41837E-6 1.7702E-6 8.45169E-6 1.56211E-4 1.60186E-4 1.91271E-4 4.19273E-5 1.00798E-4 1.6076E-4 1.94696E-4 2.3087E-4 7.93864E-5 1.65796E-4 3.53481E-5 7.64277E-6 4.83237E-6 9.31795E-6 9.68915E-6 4.92502E-5 1.80647E-4 3.40983E-5 1.41373E-5 9.62594E-6 1.58888E-4 4.57328E-4 5.64284E-4 4.58568E-4 4.90866E-4 4.23363E-4 3.58722E-4 3.0356E-4 6.66923E-4 3.32862E-4 3.10359E-4 3.49062E-4 3.62228E-4 3.77428E-4 3.59051E-4 2.89501E-4 6.65169E-4 3.92577E-4 3.40802E-4 5.00485E-4
-9999 -9999 -9999 -9999 -9999 -9999 -9999 -9999 -9999 -9999 -9999 -9999 3.57065E-6 2.38408E-6 2.18723E-6 3.91701E-6 3.7622E-6 4.79457E-6 3.05411E-6 4.68523E-6 3.66116E-5 1.56336E-4 3.44721E-5 1.30617E-4 1.03665E-4 9.01923E-5 6.86418E-5 1.23227E-4 1.76562E-4 1.84285E-4 1.57019E-4 6.06243E-5 1.30739E-5 1.83038E-5 4.95547E-6 1.43073E-5 1.39148E-4 4.60711E-4 5.76028E-5 9.56343E-6 1.28263E-5 1.36311E-4 2.72055E-4 3.60061E-4 3.4293E-4 4.03274E-4 2.74107E-4 3.2353E-4 3.96903E-4 4.45808E-4 3.10361E-4 2.6913E-4 2.36828E-4 3.11456E-4 3.09337E-4 2.96767E-4 3.02985E-4 3.62336E-4 3.83403E-4 2.94031E-4 3.28975E-4
-9999 -9999 -9999 -9999 -9999 -9999 -9999 -9999 -9999 -9999 -9999 -9999 1.64875E-6 1.686E-6 2.02592E-6 4.36779E-6 2.49957E-6 2.53291E-6 2.17159E-6 1.51979E-5 6.54472E-5 6.554E-5 5.64231E-5 1.94105E-5 3.45255E-5 6.75153E-5 1.6513E-4 1.03329E-4 1.56801E-4 1.61055E-4 2.04147E-4 1.82004E-5 9.03027E-6 5.0874E-6 4.79026E-6 1.15102E-5 9.42724E-5 4.4374E-4 8.47436E-5 1.76552E-5 1.6246E-5 2.63022E-4 2.73578E-4 3.98867E-4 2.90268E-4 2.98173E-4 2.67335E-4 2.50422E-4 3.82482E-4 7.60015E-4 5.56882E-4 6.38631E-4 3.24742E-4 2.24917E-4 3.037E-4 4.45517E-4 5.06162E-4 6.56597E-4 3.34238E-4 3.20042E-4 4.68028E-4
-9999 -9999 -9999 -9999 -9999 -9999 -9999 -9999 -9999 -9999 -9999 -9999 6.17007E-6 1.75764E-6 9.56075E-6 6.76854E-6 1.12726E-5 9.88477E-7 6.17919E-6 1.04721E-5 2.38416E-5 4.1023E-5 4.95958E-5 6.37369E-5 3.11482E-5 4.44582E-5 8.45287E-5 1.07164E-4 2.32479E-4 3.58043E-4 1.96591E-4 4.51962E-5 1.14857E-5 6.6573E-6 4.50276E-6 4.87148E-6 2.96225E-5 1.61481E-4 2.29217E-5 4.0339E-5 2.74839E-5 1.98116E-4 2.87241E-4 3.78885E-4 3.51079E-4 3.70184E-4 3.79146E-4 2.30314E-4 2.98336E-4 5.41647E-4 5.62731E-4 5.029E-4 5.392E-4 3.00828E-4 7.03818E-4 5.18724E-4 8.17609E-4 4.27332E-4 2.48556E-4 3.14576E-4 2.90064E-4
-9999 -9999 -9999 -9999 -9999 -9999 -9999 -9999 -9999 -9999 -9999 2.08259E-6 1.90706E-6 1.29026E-5 5.01093E-6 7.38724E-7 8.0093E-6 4.06894E-6 1.93703E-5 1.65755E-4 7.01188E-5 3.83081E-5 7.21789E-5 6.07189E-5 1.28252E-5 4.45348E-5 9.77038E-5 2.98231E-4 2.30208E-4 4.03455E-4 5.27089E-4 2.91092E-4 1.17667E-5 1.38382E-5 6.27103E-6 7.25705E-6 2.0891E-5 4.65076E-4 1.88829E-4 8.72606E-5 2.4747E-4 8.26053E-5 6.05121E-4 4.18353E-4 4.43584E-4 6.3777E-4 3.52604E-4 1.58751E-4 2.71271E-4 3.72617E-4 3.05397E-4 2.27722E-4 4.52552E-4 6.7903E-4 3.42806E-4 2.91737E-4 2.49324E-4 2.78323E-4 3.13564E-4 3.74169E-4 2.71784E-4
-9999 -9999 -9999 -9999 -9999 -9999 -9999 -9999 -9999 -9999 -9999 1.25411E-6 5.70689E-6 2.32593E-5 1.17577E-5 8.53352E-6 6.3688E-6 4.27146E-6 5.58148E-5 1.32797E-4 1.14912E-4 2.5341E-5 2.30746E-5 2.68117E-5 6.81615E-5 1.03483E-4 1.18183E-4 1.73095E-5 1.17177E-5 7.06953E-4 4.10575E-4 5.83727E-4 1.22708E-4 9.22198E-6 8.61795E-6 6.47799E-6 1.66405E-5 6.66278E-4 3.80079E-5 3.92598E-4 2.56934E-4 1.48062E-4 8.43015E-4 3.6781E-4 4.14547E-4 6.97158E-5 4.98434E-5 3.24485E-4 2.5789E-4 5.38579E-4 3.39563E-4 2.08109E-4 3.78449E-4 4.60475E-4 2.0959E-4 2.34919E-4 2.07088E-4 2.18899E-4 2.8893E-4 3.18716E-4 3.31245E-4
-9999 -9999 -9999 -9999 -9999 -9999 -9999 -9999 -9999 -9999 5.71465E-7 6.66098E-7 6.97419E-6 1.38741E-5 4.67241E-5 2.82684E-6 1.96404E-6 7.09415E-6 4.40724E-5 3.19774E-5 4.32836E-5 6.31686E-5 7.34191E-5 5.3436E-5 7.96238E-5 2.1386E-4 7.51345E-5 1.26157E-5 3.77059E-5 1.13229E-4 1.08663E-4 8.07032E-4 2.3217E-4 6.19399E-6 1.23472E-5 1.09194E-5 7.71003E-5 6.9913E-4 6.52199E-5 2.06053E-4 8.51749E-4 2.08176E-4 5.83037E-4 7.36202E-4 3.25345E-4 5.22314E-4 1.3228E-4 3.20944E-4 3.97076E-4 1.24703E-4 3.17402E-4 1.73211E-4 1.74116E-4 1.92196E-4 2.08678E-4 2.11528E-4 2.16295E-4 2.72959E-4 2.34328E-4 2.21705E-4 2.51723E-4
-9999 -9999 -9999 -9999 -9999 -9999 -9999 -9999 -9999 -9999 4.30077E-7 3.92612E-7 1.50877E-5 2.2607E-5 9.14871E-6 2.45308E-6 2.49585E-6 1.37698E-5 1.53871E-5 1.98284E-5 2.05139E-5 4.53803E-5 5.20227E-5 6.23749E-5 6.57935E-5 6.01987E-5 1.04756E-4 8.93739E-5 1.64019E-4 1.83477E-4 7.024E-5 6.67068E-5 1.65336E-5 1.28384E-5 1.0974E-5 1.18188E-5 9.80676E-5 1.99056E-4 8.16443E-5 3.08281E-4 1.06845E-3 6.03644E-5 1.65587E-4 5.58489E-4 3.87354E-4 2.81962E-4 3.03748E-4 1.97793E-4 1.73501E-4 2.37028E-4 1.63044E-4 2.18844E-4 1.81384E-4 1.87889E-4 2.50952E-4 3.27598E-4 2.48764E-4 2.50223E-4 2.68262E-4 2.75525E-4 2.81501E-4
-9999 -9999 -9999 -9999 -9999 -9999 -9999 -9999 -9999 -9999 3.24673E-7 4.12583E-7 1.82803E-5 1.22155E-5 2.06673E-6 2.13934E-6 3.96278E-6 1.35396E-5 3.21313E-5 2.16957E-5 1.49836E-5 1.88847E-5 2.07887E-5 2.48869E-5 5.25562E-5 3.49397E-5 1.96577E-4 3.53452E-5 1.6958E-4 1.77953E-4 4.0852E-5 2.06509E-5 1.82596E-5 2.01436E-5 2.04216E-5 2.68578E-5 9.64734E-5 1.04445E-4 1.9979E-4 1.44744E-4 5.30568E-4 3.07004E-4 5.93524E-4 5.34966E-4 5.10883E-4 4.40585E-4 1.03246E-4 1.87953E-4 1.97156E-4 2.11663E-4 3.13396E-4 3.6331E-4 3.62783E-4 2.16731E-4 2.52512E-4 1.83397E-4 1.75459E-4 1.986E-4 3.64542E-4 2.62752E-4 1.99818E-4
-9999 -9999 -9999 -9999 -9999 -9999 -9999 -9999 -9999 3.00448E-7 2.56486E-7 5.37582E-7 1.11875E-5 3.34867E-6 8.83874E-7 1.14918E-6 8.13448E-6 2.96335E-5 4.17273E-5 1.31647E-5 1.73024E-5 2.27643E-5 2.66271E-5 3.08945E-5 2.21295E-5 2.11821E-5 3.38347E-4 4.54799E-5 3.61243E-5 2.63612E-5 2.8545E-5 4.39006E-5 5.45818E-5 5.92882E-5 5.49868E-5 6.98988E-5 8.91693E-5 1.04312E-4 5.49811E-4 1.13813E-4 7.1641E-4 5.58552E-4 8.97118E-4 3.41278E-4 5.60526E-4 2.71869E-4 3.42039E-4 3.04872E-4 2.54283E-4 1.80565E-4 1.85773E-4 2.36596E-4 2.26459E-4 3.59323E-4 4.69558E-4 4.21031E-4 3.09767E-4 2.83794E-4 2.17618E-4 2.72013E-4 2.65E-4
-9999 -9999 -9999 -9999 -9999 -9999 -9999 -9999 -9999 4.50077E-7 3.36267E-7 6.3723E-7 2.33188E-6 8.47643E-7 7.16263E-7 1.69659E-6 1.01812E-5 1.60728E-5 3.04128E-5 2.28715E-5 4.54662E-5 2.38259E-5 2.43464E-5 3.01057E-5 2.70131E-5 4.27532E-5 1.86092E-4 1.52317E-4 1.24901E-4 6.83839E-5 7.02601E-5 9.56904E-5 4.64474E-5 7.67199E-5 2.2558E-4 3.23486E-4 1.32244E-4 4.91666E-4 4.01402E-4 4.66295E-4 1.03986E-3 1.15305E-3 2.89031E-4 3.88442E-4 8.19495E-4 6.70469E-4 5.74041E-4 2.13668E-4 3.94565E-4 4.13067E-4 4.11977E-4 4.20196E-4 2.53541E-4 3.87448E-4 3.82899E-4 5.19487E-4 3.75645E-4 2.85205E-4 3.09621E-4 1.94126E-4 1.61437E-4
-9999 -9999 -9999 -9999 -9999 -9999 -9999 -9999 3.37866E-7 3.49595E-7 9.94673E-7 8.19307E-6 7.58899E-7 9.23906E-7 1.606E-6 9.90269E-6 1.15726E-5 2.20593E-5 2.7609E-5 2.91745E-5 4.64235E-5 4.84252E-5 3.34163E-5 4.86695E-5 3.58202E-5 1.3961E-4 1.0923E-4 1.91445E-4 1.04736E-4 1.80678E-4 1.20042E-4 9.75251E-5 3.90253E-5 1.07923E-4 2.0926E-4 1.27035E-4 1.54037E-4 6.40832E-4 4.68114E-4 1.47746E-3 1.15943E-3 7.12858E-4 3.96342E-4 1.97718E-4 7.55684E-5 3.30982E-4 5.11871E-5 1.56996E-4 2.56625E-4 4.94202E-4 3.22509E-4 3.06918E-4 1.7825E-4 2.35378E-4 2.20123E-4 5.99913E-4 5.41727E-4 5.3034E-4 3.13117E-4 1.90332E-4 2.0043E-4
-9999 -9999 -9999 -9999 -9999 -9999 -9999 7.4563E-7 6.7928E-7 4.05771E-7 3.65926E-6 8.37092E-6 7.50993E-7 9.97156E-7 3.32464E-6 1.98616E-5 2.41043E-5 3.12829E-5 4.15373E-5 4.62731E-5 5.17522E-5 4.22511E-5 4.26299E-5 5.44463E-5 4.35254E-5 8.03198E-5 7.89255E-5 2.70382E-4 3.28073E-4 2.87796E-4 1.03705E-4 8.24294E-5 5.41425E-5 7.2135E-5 1.35745E-4 1.89447E-4 9.81861E-4 7.36179E-4 8.72741E-4 1.33255E-3 8.8787E-4 6.0715E-4 2.27447E-4 1.49289E-4 7.66195E-5 2.36426E-4 1.65201E-4 6.42756E-5 2.73609E-4 7.05662E-4 4.11912E-4 4.2899E-4 9.35982E-4 2.94574E-4 5.37484E-4 5.18237E-4 6.34753E-4 5.70985E-4 5.24119E-4 2.46829E-4 2.08518E-4
-9999 -9999 -9999 -9999 -9999 -9999 -9999 1.85091E-7 1.36703E-7 2.43407E-7 1.44817E-6 1.36926E-6 6.3045E-7 2.26286E-6 1.41611E-5 2.20695E-5 2.71456E-5 8.59045E-5 4.74404E-5 4.04436E-5 4.97374E-5 7.73564E-5 1.13365E-4 8.52704E-5 8.38855E-5 6.16103E-5 1.02585E-4 2.76427E-4 9.99724E-5 3.41553E-4 9.6456E-5 4.59565E-5 6.75823E-5 1.78148E-4 1.6028E-4 6.22705E-4 6.2187E-4 9.31219E-4 1.14888E-3 1.43702E-3 1.24421E-3 4.8539E-4 3.09386E-4 1.84309E-4 1.39368E-4 1.04295E-4 1.65448E-4 1.47214E-4 3.79092E-4 2.02806E-4 2.66739E-4 2.97482E-4 3.31539E-4 6.24731E-4 3.46842E-4 6.94215E-4 4.00913E-4 5.46476E-4 5.34585E-4 2.56644E-4 2.19444E-4
-9999 -9999 -9999 -9999 -9999 -9999 -9999 3.23317E-7 3.11252E-7 3.34576E-7 1.65103E-6 2.04502E-6 1.95141E-6 2.73873E-6 2.59946E-5 2.35207E-5 3.4182E-5 8.09907E-5 4.38002E-5 3.91642E-5 5.01605E-5 5.69407E-5 1.92599E-4 1.04782E-4 5.82862E-5 4.85943E-5 4.84962E-5 2.43105E-4 6.18468E-5 1.60882E-4 2.11255E-4 5.38968E-5 2.70234E-4 3.50956E-4 3.26469E-4 4.88381E-4 9.77496E-4 7.98371E-4 1.06354E-3 6.70156E-4 4.60521E-4 3.32418E-4 2.14903E-4 7.88755E-5 6.97547E-5 1.05244E-4 1.24429E-4 7.0651E-5 2.7897E-4 6.90954E-4 5.09862E-4 4.50266E-4 5.07483E-4 1.98272E-4 5.74726E-4 5.30902E-4 2.90959E-4 5.24789E-4 3.6422E-4 2.16927E-4 2.97065E-4
