Candidate_Models_Sept202022/M_0.7_F_lqp_Set_1_all/Bison.asc
ncols         97
nrows         127
xllcorner     -2197417.7431653
yllcorner     -584827.01486885
cellsize      30000.0
NODATA_value  -9999
[rows 0 to 26 of 127, columns 0 to 60 of 97]
-9999 -9999 -9999 -9999 -9999 -9999 -9999 -9999 -9999 -9999 -9999 -9999 -9999 -9999 -9999 -9999 -9999 -9999 -9999 -9999 -9999 -9999 -9999 -9999 -9999 -9999 -9999 -9999 -9999 -9999 -9999 -9999 -9999 -9999 -9999 -9999 -9999 -9999 -9999 -9999 -9999 -9999 -9999 -9999 -9999 -9999 -9999 -9999 -9999 -9999 -9999 -9999 -9999 -9999 -9999 -9999 -9999 -9999 -9999 -9999 -9999
-9999 -9999 -9999 -9999 -9999 -9999 -9999 -9999 -9999 -9999 -9999 -9999 -9999 -9999 -9999 -9999 -9999 -9999 -9999 -9999 -9999 -9999 -9999 -9999 -9999 -9999 -9999 -9999 -9999 -9999 -9999 -9999 -9999 -9999 -9999 -9999 -9999 -9999 -9999 -9999 -9999 -9999 -9999 -9999 -9999 -9999 -9999 -9999 -9999 -9999 -9999 -9999 -9999 -9999 -9999 -9999 -9999 -9999 -9999 -9999 -9999
-9999 -9999 -9999 -9999 -9999 -9999 -9999 -9999 -9999 -9999 -9999 -9999 -9999 -9999 -9999 -9999 -9999 -9999 -9999 -9999 -9999 -9999 -9999 -9999 -9999 -9999 -9999 -9999 -9999 -9999 -9999 -9999 -9999 -9999 -9999 -9999 -9999 -9999 -9999 -9999 -9999 -9999 -9999 -9999 -9999 -9999 -9999 -9999 -9999 -9999 -9999 -9999 -9999 -9999 -9999 -9999 -9999 -9999 -9999 -9999 -9999
-9999 -9999 -9999 -9999 -9999 -9999 -9999 -9999 -9999 -9999 -9999 -9999 -9999 -9999 -9999 -9999 -9999 -9999 -9999 1.13737E-5 1.36166E-5 7.98063E-6 9.79785E-6 -9999 -9999 -9999 -9999 -9999 -9999 -9999 -9999 -9999 -9999 -9999 -9999 -9999 -9999 -9999 -9999 -9999 -9999 -9999 -9999 -9999 -9999 -9999 -9999 -9999 -9999 -9999 -9999 -9999 -9999 -9999 -9999 -9999 -9999 -9999 -9999 -9999 -9999
-9999 -9999 -9999 -9999 -9999 -9999 -9999 -9999 -9999 -9999 -9999 -9999 -9999 -9999 -9999 -9999 -9999 -9999 1.19558E-5 1.02473E-5 1.02761E-5 1.09629E-5 1.03769E-5 7.70282E-6 5.86782E-6 -9999 -9999 -9999 -9999 -9999 -9999 -9999 -9999 -9999 -9999 -9999 -9999 -9999 -9999 -9999 -9999 -9999 -9999 -9999 -9999 -9999 -9999 -9999 -9999 -9999 -9999 -9999 -9999 -9999 -9999 -9999 -9999 -9999 -9999 -9999 -9999
-9999 -9999 -9999 -9999 -9999 -9999 -9999 -9999 -9999 -9999 -9999 -9999 -9999 -9999 -9999 -9999 -9999 -9999 8.42416E-6 7.48879E-6 7.9429E-6 9.07066E-6 7.93315E-6 5.59627E-6 5.32846E-6 -9999 -9999 -9999 -9999 -9999 -9999 -9999 -9999 -9999 -9999 -9999 -9999 -9999 -9999 -9999 -9999 -9999 -9999 -9999 -9999 -9999 -9999 -9999 -9999 -9999 -9999 -9999 -9999 -9999 -9999 -9999 -9999 -9999 -9999 -9999 -9999
-9999 -9999 -9999 -9999 -9999 -9999 -9999 -9999 -9999 -9999 -9999 -9999 -9999 -9999 -9999 -9999 -9999 7.13097E-6 6.98619E-6 3.10519E-6 3.4336E-6 4.87543E-6 6.21873E-6 5.32031E-6 5.01424E-6 4.93986E-6 -9999 6.00163E-6 5.39742E-6 5.83581E-6 -9999 -9999 -9999 -9999 -9999 -9999 -9999 -9999 4.24367E-6 -9999 -9999 -9999 -9999 -9999 -9999 -9999 -9999 -9999 -9999 -9999 -9999 -9999 -9999 -9999 -9999 -9999 -9999 -9999 -9999 -9999 -9999
-9999 -9999 -9999 -9999 -9999 -9999 -9999 -9999 -9999 -9999 -9999 -9999 -9999 -9999 -9999 -9999 1.13596E-5 1.02963E-5 3.07123E-6 1.78638E-6 1.95708E-6 2.60992E-6 4.15153E-6 4.85285E-6 5.04301E-6 4.91583E-6 5.4401E-6 5.37916E-6 4.8784E-6 4.9461E-6 5.11561E-6 5.12049E-6 4.63694E-6 4.44511E-6 4.59788E-6 4.87879E-6 5.12307E-6 -9999 3.87192E-6 3.581E-6 -9999 -9999 -9999 -9999 -9999 -9999 -9999 -9999 -9999 -9999 -9999 -9999 -9999 -9999 -9999 -9999 -9999 -9999 -9999 -9999 -9999
-9999 -9999 -9999 -9999 -9999 -9999 -9999 -9999 -9999 -9999 -9999 -9999 -9999 -9999 -9999 6.54661E-6 8.55684E-6 5.67686E-6 2.41871E-6 1.54377E-6 1.40051E-6 1.92458E-6 3.56695E-6 5.02564E-6 5.22736E-6 4.63296E-6 6.71871E-6 6.85496E-6 4.49779E-6 4.09087E-6 4.31936E-6 4.36601E-6 4.28735E-6 4.12096E-6 4.60023E-6 5.98456E-6 5.50585E-6 5.39211E-6 4.03335E-6 3.91583E-6 -9999 -9999 -9999 -9999 -9999 -9999 -9999 -9999 -9999 -9999 -9999 -9999 -9999 -9999 -9999 -9999 -9999 -9999 -9999 -9999 -9999
-9999 -9999 -9999 -9999 -9999 -9999 -9999 -9999 -9999 -9999 -9999 -9999 -9999 -9999 -9999 1.09542E-5 9.27629E-6 4.69344E-6 1.75621E-6 1.80762E-6 2.13718E-6 3.02168E-6 4.29025E-6 5.22473E-6 5.72704E-6 4.30826E-6 5.97969E-6 5.91141E-6 3.88619E-6 3.95426E-6 5.02665E-6 4.81108E-6 4.60826E-6 5.2039E-6 5.42138E-6 7.00113E-6 7.65926E-6 6.66498E-6 4.98425E-6 -9999 -9999 -9999 3.5942E-6 -9999 -9999 -9999 -9999 -9999 -9999 -9999 -9999 -9999 -9999 -9999 -9999 -9999 -9999 -9999 -9999 -9999 -9999
-9999 -9999 -9999 -9999 -9999 -9999 -9999 -9999 -9999 -9999 -9999 -9999 -9999 -9999 7.26178E-6 1.0152E-5 9.93094E-6 5.98997E-6 5.13613E-6 3.09331E-6 3.01579E-6 3.62328E-6 5.62101E-6 6.02265E-6 5.61896E-6 5.20829E-6 6.21548E-6 5.27581E-6 5.1025E-6 4.15802E-6 5.76564E-6 4.87255E-6 4.32323E-6 5.94962E-6 8.1315E-6 8.30389E-6 8.45152E-6 6.42532E-6 4.48672E-6 -9999 -9999 3.8241E-6 -9999 -9999 -9999 -9999 -9999 -9999 -9999 -9999 -9999 -9999 -9999 -9999 -9999 -9999 -9999 -9999 -9999 -9999 -9999
-9999 -9999 -9999 -9999 -9999 -9999 -9999 -9999 -9999 -9999 -9999 -9999 -9999 5.92797E-6 9.85036E-6 9.9741E-6 1.00356E-5 6.4747E-6 5.90407E-6 5.27456E-6 4.06628E-6 5.19653E-6 5.98014E-6 7.43882E-6 5.09395E-6 5.02058E-6 5.52285E-6 5.25071E-6 3.67559E-6 3.641E-6 3.92359E-6 4.63958E-6 4.79582E-6 6.70021E-6 7.93296E-6 8.20514E-6 8.7233E-6 6.36202E-6 4.54189E-6 3.73131E-6 3.59143E-6 3.79365E-6 -9999 4.86637E-6 5.02679E-6 -9999 -9999 -9999 -9999 -9999 -9999 -9999 -9999 -9999 -9999 -9999 -9999 -9999 -9999 -9999 -9999
-9999 -9999 -9999 -9999 -9999 -9999 -9999 -9999 -9999 -9999 -9999 -9999 -9999 1.06199E-5 1.01228E-5 9.0002E-6 8.25356E-6 5.39133E-6 9.41091E-6 2.34266E-6 3.53215E-6 3.91196E-6 6.24912E-6 5.45628E-6 3.87569E-6 4.5516E-6 4.81955E-6 3.8218E-6 3.84188E-6 3.63784E-6 4.33528E-6 4.59555E-6 5.60256E-6 5.76789E-6 6.56985E-6 7.01303E-6 5.74006E-6 5.4209E-6 3.97183E-6 3.19075E-6 3.28572E-6 4.82679E-6 4.76072E-6 5.22858E-6 5.36803E-6 6.02608E-6 -9999 -9999 -9999 -9999 -9999 -9999 -9999 -9999 -9999 -9999 -9999 -9999 -9999 -9999 -9999
-9999 -9999 -9999 -9999 -9999 -9999 -9999 -9999 -9999 -9999 -9999 -9999 1.92153E-5 2.09015E-5 1.17454E-5 9.88585E-6 7.25153E-6 5.72234E-6 5.19366E-6 5.09216E-6 4.59839E-6 5.27481E-6 6.1048E-6 4.69909E-6 3.55836E-6 2.99017E-6 4.10645E-6 2.89561E-6 5.5066E-6 5.91993E-6 5.02425E-6 3.88026E-6 3.67569E-6 4.45295E-6 4.51558E-6 5.24479E-6 4.05006E-6 4.54018E-6 4.34359E-6 3.31091E-6 3.18921E-6 3.45529E-6 4.50749E-6 5.17843E-6 5.52512E-6 5.78312E-6 6.12841E-6 -9999 -9999 -9999 2.394E-6 1.95584E-6 -9999 -9999 -9999 -9999 -9999 -9999 -9999 -9999 -9999
-9999 -9999 -9999 -9999 -9999 -9999 -9999 -9999 -9999 -9999 -9999 9.43265E-6 8.79805E-6 1.65475E-5 9.26917E-6 6.98702E-6 3.71083E-6 4.39911E-6 5.753E-6 6.47636E-6 5.3684E-6 9.59028E-6 7.27345E-6 4.50978E-6 2.44316E-6 2.37584E-6 4.64074E-6 5.14866E-6 4.27804E-6 3.97955E-6 3.76612E-6 3.77634E-6 3.15461E-6 3.22462E-6 5.10354E-6 6.05907E-6 5.91884E-6 5.44191E-6 4.85478E-6 3.73081E-6 3.51789E-6 3.69298E-6 4.23753E-6 4.80989E-6 5.00702E-6 5.30773E-6 5.11089E-6 4.47349E-6 -9999 -9999 -9999 2.26439E-6 1.97199E-6 -9999 -9999 -9999 -9999 -9999 -9999 -9999 -9999
-9999 -9999 -9999 -9999 -9999 -9999 -9999 -9999 -9999 -9999 -9999 8.39866E-6 6.74457E-6 6.78734E-6 4.84331E-6 2.79447E-6 2.15501E-6 3.56431E-6 3.43465E-6 6.04351E-6 6.68111E-6 8.30713E-6 6.38903E-6 4.84104E-6 2.21379E-6 2.66545E-6 4.51537E-6 6.45008E-6 7.05711E-6 5.88363E-6 3.64903E-6 3.31069E-6 2.9289E-6 3.0326E-6 4.94968E-6 5.63575E-6 5.22174E-6 5.07073E-6 4.49082E-6 3.82171E-6 3.82228E-6 4.0625E-6 4.36979E-6 4.96457E-6 4.25757E-6 4.61396E-6 4.1439E-6 3.95343E-6 4.0824E-6 -9999 -9999 2.58574E-6 2.40626E-6 2.21217E-6 2.28727E-6 -9999 -9999 -9999 -9999 -9999 -9999
-9999 -9999 -9999 -9999 -9999 -9999 -9999 -9999 -9999 -9999 1.20575E-5 9.39071E-6 1.13791E-5 4.65027E-6 2.65261E-6 2.13877E-6 2.27822E-6 2.11902E-6 3.00123E-6 5.3189E-6 1.11753E-5 8.32963E-6 5.16969E-6 5.96967E-6 2.73393E-6 3.23029E-6 3.32812E-6 3.78082E-6 6.17403E-6 3.63506E-6 3.84641E-6 2.99093E-6 4.39294E-6 3.88516E-6 5.95907E-6 6.96122E-6 7.00147E-6 6.6528E-6 6.73276E-6 4.65049E-6 4.16083E-6 4.27897E-6 4.52698E-6 4.55118E-6 4.06987E-6 3.80742E-6 3.6583E-6 3.90452E-6 4.04813E-6 3.6159E-6 3.27342E-6 3.83101E-6 -9999 -9999 2.39545E-6 2.22329E-6 -9999 -9999 -9999 -9999 -9999
-9999 -9999 -9999 -9999 -9999 -9999 -9999 -9999 -9999 1.52001E-5 1.17753E-5 9.46049E-6 7.50551E-6 4.52882E-6 2.99719E-6 2.74617E-6 2.28542E-6 2.64317E-6 2.59021E-6 4.3757E-6 6.85752E-6 7.42298E-6 6.13644E-6 4.57337E-6 2.59957E-6 3.11302E-6 3.76519E-6 3.45706E-6 3.88828E-6 4.10503E-6 5.80189E-6 3.88689E-6 3.86082E-6 5.49262E-6 6.11519E-6 6.62095E-6 6.91088E-6 9.53446E-6 9.93243E-6 8.43836E-6 4.48537E-6 4.5027E-6 4.65205E-6 4.59735E-6 4.25458E-6 3.66721E-6 3.66284E-6 3.94527E-6 3.90477E-6 3.404E-6 3.43007E-6 3.64175E-6 3.53135E-6 -9999 2.33768E-6 2.24262E-6 2.02907E-6 1.76493E-6 -9999 -9999 -9999
-9999 -9999 -9999 -9999 -9999 -9999 -9999 -9999 1.10486E-5 1.16384E-5 1.34497E-5 7.53267E-6 5.60969E-6 7.92678E-6 8.63823E-6 6.70232E-6 4.81402E-6 4.32182E-6 3.99093E-6 3.95382E-6 4.87217E-6 6.02652E-6 7.41579E-6 4.80696E-6 3.38514E-6 3.35479E-6 3.40666E-6 3.25579E-6 3.13451E-6 2.7343E-6 4.50746E-6 4.72889E-6 5.34174E-6 7.03896E-6 7.2248E-6 6.60744E-6 7.52488E-6 9.97963E-6 1.09441E-5 1.40456E-5 7.14239E-6 5.26017E-6 4.76567E-6 4.68508E-6 4.14488E-6 3.74434E-6 4.06638E-6 4.34264E-6 3.903E-6 3.49347E-6 3.49074E-6 3.69161E-6 3.75205E-6 3.80111E-6 2.55551E-6 2.31792E-6 1.9144E-6 1.72362E-6 1.5597E-6 1.43071E-6 1.36916E-6
-9999 -9999 -9999 -9999 -9999 -9999 -9999 -9999 6.37502E-6 5.18267E-6 7.1746E-6 7.52704E-6 5.99546E-6 9.59286E-6 1.25414E-5 1.65157E-5 8.03762E-6 7.43477E-6 7.19953E-6 4.92734E-6 5.00924E-6 5.22661E-6 5.08575E-6 6.06551E-6 4.34886E-6 4.86684E-6 3.91617E-6 3.32323E-6 4.411E-6 4.27894E-6 5.08056E-6 5.4694E-6 6.43971E-6 8.60297E-6 8.20947E-6 7.85592E-6 9.2882E-6 9.67222E-6 1.0883E-5 1.20351E-5 9.17944E-6 5.52168E-6 5.12999E-6 4.8551E-6 4.61245E-6 4.55557E-6 4.80994E-6 4.87352E-6 4.57244E-6 3.84118E-6 3.67911E-6 3.98093E-6 4.18464E-6 3.95306E-6 -9999 2.62424E-6 2.20675E-6 2.05618E-6 1.54944E-6 1.53869E-6 1.34839E-6
-9999 -9999 -9999 -9999 -9999 -9999 -9999 9.7566E-6 9.61875E-6 1.00516E-5 1.17579E-5 7.49562E-6 9.44471E-6 9.15337E-6 1.23341E-5 1.52957E-5 1.10224E-5 1.27936E-5 1.09403E-5 8.28263E-6 7.14677E-6 7.53573E-6 6.60184E-6 6.44843E-6 4.22825E-6 6.06866E-6 6.58097E-6 4.81559E-6 6.2126E-6 6.05942E-6 5.90565E-6 6.53099E-6 7.8218E-6 1.00953E-5 1.13618E-5 1.44524E-5 7.63216E-6 1.0444E-5 8.99676E-6 1.31609E-5 7.77285E-6 5.85534E-6 5.49019E-6 5.35548E-6 5.52281E-6 5.29472E-6 5.02998E-6 4.75355E-6 4.65987E-6 4.63602E-6 4.28071E-6 4.39724E-6 -9999 -9999 -9999 -9999 -9999 -9999 -9999 -9999 -9999
-9999 -9999 -9999 -9999 -9999 -9999 1.57011E-5 1.89434E-5 1.32985E-5 1.02167E-5 1.45454E-5 1.68651E-5 1.08323E-5 1.40282E-5 1.13996E-5 1.03834E-5 1.35143E-5 1.78935E-5 1.66012E-5 1.4702E-5 1.18079E-5 7.80073E-6 6.52703E-6 1.18663E-5 6.58375E-6 6.2993E-6 7.70685E-6 7.48112E-6 5.39066E-6 4.09913E-6 5.58078E-6 6.62964E-6 8.48982E-6 1.40764E-5 1.29113E-5 8.86334E-6 1.32365E-5 1.00026E-5 1.44928E-5 1.42995E-5 6.78453E-6 9.3075E-6 7.20373E-6 6.72673E-6 6.29916E-6 5.6985E-6 5.3854E-6 5.00271E-6 4.66118E-6 4.50212E-6 4.87454E-6 4.97492E-6 4.21245E-6 3.89243E-6 -9999 -9999 -9999 -9999 -9999 -9999 -9999
-9999 -9999 -9999 -9999 -9999 -9999 1.60575E-5 1.54735E-5 1.00033E-5 9.92425E-6 8.95009E-6 1.36244E-5 1.33744E-5 9.6808E-6 9.41221E-6 1.38285E-5 1.50116E-5 1.90087E-5 1.5495E-5 1.61851E-5 1.12925E-5 1.26288E-5 9.18334E-6 8.88776E-6 9.77844E-6 9.43171E-6 6.64917E-6 6.42537E-6 6.56851E-6 3.93732E-6 6.92941E-6 8.2794E-6 9.99826E-6 8.36115E-6 8.62432E-6 1.14636E-5 1.31328E-5 1.47291E-5 1.08795E-5 1.11944E-5 8.65413E-6 1.04878E-5 8.01967E-6 8.38154E-6 8.51106E-6 7.52648E-6 7.20798E-6 5.97339E-6 5.10635E-6 4.51599E-6 4.30981E-6 3.58641E-6 3.17006E-6 2.95288E-6 2.78573E-6 2.67596E-6 2.24796E-6 1.91588E-6 1.97694E-6 1.94309E-6 1.57124E-6
-9999 -9999 -9999 -9999 -9999 1.27807E-5 1.08638E-5 1.07241E-5 8.62547E-6 1.8732E-5 1.86705E-5 1.42199E-5 9.56226E-6 1.04995E-5 8.9083E-6 9.68432E-6 1.17308E-5 1.82229E-5 1.28716E-5 1.43832E-5 1.726E-5 1.58848E-5 1.29404E-5 1.20665E-5 1.23848E-5 1.02453E-5 7.65086E-6 5.02913E-6 6.21831E-6 5.4649E-6 4.14921E-6 9.17596E-6 1.32332E-5 1.42871E-5 1.17267E-5 1.08865E-5 1.40055E-5 -9999 -9999 1.13408E-5 -9999 -9999 -9999 1.32155E-5 9.78384E-6 7.26153E-6 6.33836E-6 5.25243E-6 4.45666E-6 4.60286E-6 4.16677E-6 3.08911E-6 2.76579E-6 2.56196E-6 2.48017E-6 2.36824E-6 1.80893E-6 1.71319E-6 1.62282E-6 1.63058E-6 1.64923E-6
-9999 -9999 -9999 -9999 1.23155E-5 9.568E-6 8.85217E-6 8.9405E-6 1.11677E-5 1.50297E-5 1.60918E-5 1.36552E-5 1.26774E-5 9.22837E-6 9.79157E-6 1.23758E-5 1.35135E-5 1.56846E-5 1.33249E-5 1.52184E-5 2.10736E-5 1.46897E-5 1.2589E-5 1.48659E-5 1.21523E-5 1.33121E-5 8.14648E-6 7.39168E-6 6.09514E-6 4.39726E-6 7.42957E-6 1.13303E-5 1.43748E-5 1.42738E-5 6.83583E-6 1.26191E-5 1.303E-5 1.62482E-5 2.39463E-5 1.50612E-5 2.57988E-5 -9999 1.22413E-5 1.46125E-5 8.79955E-6 6.69872E-6 7.09409E-6 7.05515E-6 5.47653E-6 5.90899E-6 4.66966E-6 3.08778E-6 2.96189E-6 2.6451E-6 2.2141E-6 1.73255E-6 1.46728E-6 1.50529E-6 1.30979E-6 1.3519E-6 1.55667E-6
-9999 -9999 -9999 1.76814E-5 2.45316E-5 2.03122E-5 1.17664E-5 1.11666E-5 1.23562E-5 2.24507E-5 1.72378E-5 1.756E-5 1.94061E-5 1.11343E-5 1.42018E-5 9.82647E-6 1.22197E-5 1.45122E-5 1.91755E-5 1.87383E-5 1.23843E-5 6.70725E-6 1.26721E-5 1.27461E-5 9.2081E-6 8.93432E-6 8.55284E-6 8.20816E-6 7.85484E-6 5.20735E-6 7.14577E-6 1.38449E-5 1.3041E-5 9.95997E-6 9.47214E-6 1.50697E-5 1.58729E-5 1.41464E-5 1.45125E-5 1.17375E-5 2.0484E-5 1.51771E-5 -9999 -9999 7.63051E-6 8.35426E-6 1.49624E-5 1.2509E-5 7.27136E-6 5.26E-6 6.72551E-6 3.96565E-6 2.98362E-6 2.78989E-6 2.24761E-6 1.66426E-6 1.53289E-6 1.4249E-6 1.3697E-6 1.31353E-6 1.60215E-6
-9999 -9999 -9999 3.61581E-6 1.88266E-5 2.31194E-5 1.69935E-5 2.25082E-5 3.63013E-5 2.20567E-5 1.79916E-5 2.05209E-5 1.23872E-5 1.1449E-5 1.71947E-5 1.14121E-5 1.42751E-5 1.76705E-5 1.73022E-5 1.00321E-5 7.90397E-6 5.79734E-6 5.28941E-6 7.48268E-6 7.37043E-6 9.84595E-6 1.08218E-5 1.1211E-5 7.68699E-6 6.7312E-6 7.80865E-6 9.93805E-6 1.05763E-5 9.71806E-6 9.09726E-6 1.29825E-5 1.60753E-5 1.89776E-5 1.14594E-5 8.26226E-6 -9999 -9999 -9999 -9999 -9999 2.04199E-5 2.00218E-5 1.12901E-5 6.46455E-6 5.28316E-6 5.29653E-6 7.83392E-6 3.04133E-6 2.87972E-6 1.93623E-6 1.48E-6 1.57258E-6 1.63021E-6 1.83805E-6 2.01073E-6 2.49139E-6
