Candidate_Models_Sept202022/M_0.7_F_lqp_Set_1_all/Bison.asc
ncols         97
nrows         127
xllcorner     -2197417.7431653
yllcorner     -584827.01486885
cellsize      30000.0
NODATA_value  -9999
[rows 27 to 53 of 127, columns 0 to 60 of 97]
-9999 -9999 5.68008E-6 2.26841E-6 1.2649E-5 2.53594E-5 2.68437E-5 3.69077E-5 6.97237E-5 3.41079E-5 2.81906E-5 4.02482E-5 1.42715E-5 1.95939E-5 1.51682E-5 2.2022E-5 1.67177E-5 1.44901E-5 9.06406E-6 8.25213E-6 7.27624E-6 6.73891E-6 5.28647E-6 5.16613E-6 6.11651E-6 9.75682E-6 1.13754E-5 9.2273E-6 9.32284E-6 8.9261E-6 7.57924E-6 9.04477E-6 6.98914E-6 8.82482E-6 1.16112E-5 1.19259E-5 1.38388E-5 1.32402E-5 7.70594E-6 1.74057E-5 3.33307E-5 2.67949E-5 2.56377E-5 4.98982E-5 2.17564E-5 1.79313E-5 1.38411E-5 1.00339E-5 7.02265E-6 5.89801E-6 5.39265E-6 6.04943E-6 3.91915E-6 3.34419E-6 2.02804E-6 1.49028E-6 1.42962E-6 1.28305E-6 1.50284E-6 1.72081E-6 2.67171E-6
-9999 3.54145E-7 6.16459E-6 2.81549E-6 2.3234E-6 1.19414E-5 3.09781E-5 3.42613E-5 3.40153E-5 4.15875E-5 3.13508E-5 2.977E-5 3.08538E-5 2.71455E-5 2.10369E-5 2.1963E-5 3.00972E-5 1.90175E-5 1.45399E-5 1.18536E-5 1.26759E-5 8.7918E-6 5.39014E-6 6.26684E-6 7.30125E-6 1.10288E-5 1.13528E-5 1.10212E-5 1.12869E-5 1.03318E-5 8.41501E-6 6.64956E-6 6.78835E-6 7.97138E-6 7.88195E-6 9.89597E-6 1.14769E-5 2.40065E-5 2.33618E-5 1.90154E-5 2.24009E-5 1.52753E-5 2.27384E-5 2.11378E-5 2.16529E-5 1.2348E-5 1.22003E-5 7.63693E-6 6.45022E-6 4.79869E-6 5.26825E-6 7.33586E-6 3.37774E-6 2.69463E-6 2.09965E-6 1.65969E-6 1.42669E-6 1.3086E-6 1.39048E-6 1.62186E-6 1.47002E-6
-9999 3.74259E-8 1.33687E-7 1.90068E-6 3.05421E-6 1.21715E-5 2.02189E-5 3.57054E-5 5.18849E-5 4.50688E-5 2.75035E-5 3.61186E-5 3.25137E-5 2.8084E-5 2.70841E-5 1.69865E-5 2.19122E-5 2.37243E-5 2.35618E-5 1.58436E-5 1.01199E-5 6.46922E-6 7.75027E-6 7.18589E-6 1.28409E-5 1.08862E-5 1.25881E-5 1.24757E-5 9.73569E-6 1.02111E-5 8.51821E-6 7.50883E-6 9.5783E-6 8.15808E-6 7.70789E-6 8.64669E-6 8.50355E-6 1.41631E-5 1.31072E-5 1.91158E-5 2.11606E-5 2.08511E-5 2.1359E-5 1.81224E-5 1.12358E-5 1.25641E-5 9.0054E-6 6.89735E-6 4.95394E-6 4.8415E-6 4.62751E-6 4.34621E-6 3.11282E-6 2.48401E-6 1.96014E-6 1.69499E-6 1.45224E-6 1.27454E-6 1.22283E-6 1.53282E-6 1.4708E-6
1.51537E-6 2.46158E-8 1.03254E-9 3.06468E-8 2.59392E-7 5.04239E-6 2.04617E-5 4.59815E-5 3.73354E-5 3.67463E-5 3.27951E-5 3.64551E-5 4.07667E-5 4.84511E-5 2.62502E-5 2.00252E-5 3.31107E-5 2.60875E-5 2.20814E-5 1.60926E-5 1.02144E-5 7.30981E-6 1.04702E-5 1.26702E-5 1.08831E-5 1.14135E-5 1.07797E-5 1.35405E-5 1.04123E-5 9.12317E-6 7.73111E-6 7.43136E-6 8.58485E-6 7.01756E-6 9.23678E-6 1.00227E-5 8.73551E-6 1.15432E-5 1.74858E-5 1.96341E-5 2.04389E-5 1.71394E-5 1.47878E-5 1.9047E-5 1.26393E-5 1.0561E-5 9.10406E-6 6.69808E-6 4.79022E-6 3.44007E-6 2.98178E-6 3.33243E-6 3.18994E-6 2.80991E-6 2.27685E-6 1.8592E-6 1.45301E-6 1.32926E-6 1.29052E-6 1.52326E-6 1.48435E-6
2.38194E-6 9.50119E-7 4.00716E-9 9.19684E-10 7.34632E-8 8.34413E-6 2.34748E-5 5.79862E-5 4.26282E-5 4.29062E-5 4.63272E-5 4.31517E-5 4.12337E-5 6.10844E-5 3.29129E-5 3.63127E-5 2.21392E-5 3.47214E-5 1.81187E-5 1.083E-5 8.33433E-6 9.37418E-6 1.00383E-5 1.07027E-5 1.11716E-5 1.05702E-5 1.1285E-5 1.29554E-5 1.16825E-5 1.02315E-5 8.96035E-6 7.97066E-6 8.78627E-6 5.44286E-6 1.0964E-5 1.08487E-5 1.37283E-5 1.47416E-5 1.5573E-5 1.41569E-5 1.68244E-5 1.64143E-5 1.58386E-5 1.32411E-5 1.12732E-5 8.95191E-6 8.1671E-6 7.35514E-6 5.54167E-6 3.50035E-6 3.15254E-6 3.39244E-6 2.93728E-6 2.84454E-6 2.44243E-6 1.94949E-6 1.58007E-6 1.52958E-6 1.41831E-6 1.53946E-6 1.52819E-6
2.21736E-6 3.74303E-6 4.54486E-7 7.0764E-9 2.21906E-8 6.29321E-6 3.31368E-5 4.53654E-5 4.4827E-5 4.59341E-5 4.67713E-5 4.36606E-5 4.13336E-5 3.84052E-5 3.19298E-5 2.59014E-5 2.37515E-5 1.90862E-5 1.79136E-5 1.44463E-5 1.1393E-5 9.96402E-6 1.00145E-5 1.14908E-5 1.63911E-5 1.25476E-5 1.22461E-5 2.34862E-5 1.35217E-5 1.05114E-5 8.01891E-6 7.75598E-6 6.65533E-6 6.2213E-6 9.18331E-6 1.17219E-5 1.31575E-5 1.16328E-5 1.16747E-5 1.13298E-5 1.09405E-5 1.56785E-5 1.57027E-5 1.56051E-5 1.35299E-5 8.36172E-6 7.33337E-6 7.0198E-6 6.48748E-6 3.91469E-6 3.62187E-6 3.40055E-6 2.85736E-6 2.89491E-6 2.54642E-6 1.92414E-6 1.73378E-6 1.6499E-6 1.73443E-6 1.57877E-6 1.64017E-6
-9999 1.38509E-6 3.25905E-6 1.37675E-6 7.14416E-8 8.63159E-6 1.94604E-5 4.73555E-5 3.86717E-5 3.18145E-5 4.77996E-5 5.19498E-5 4.18856E-5 3.57298E-5 1.89861E-5 1.77191E-5 1.15524E-5 9.98063E-6 1.78491E-5 1.79984E-5 1.44342E-5 1.77425E-5 1.2003E-5 1.2124E-5 1.44641E-5 1.9398E-5 1.69135E-5 2.10019E-5 1.88245E-5 1.3264E-5 1.12117E-5 8.92038E-6 8.1631E-6 8.96586E-6 1.04413E-5 1.12434E-5 1.35612E-5 1.46448E-5 1.23511E-5 1.46963E-5 1.3862E-5 1.24566E-5 1.51776E-5 1.41743E-5 1.2128E-5 8.79875E-6 8.19265E-6 1.05064E-5 8.57461E-6 6.05149E-6 4.9239E-6 4.28434E-6 3.52106E-6 3.35535E-6 2.61809E-6 2.27949E-6 2.56023E-6 1.82565E-6 1.78912E-6 1.61592E-6 1.7771E-6
-9999 -9999 1.18949E-6 1.1978E-6 5.43006E-7 1.41309E-5 7.80141E-6 2.09612E-5 2.95821E-5 4.23051E-5 3.51207E-5 1.03401E-4 3.15727E-5 2.89323E-5 1.94608E-5 1.59306E-5 1.24029E-5 9.50954E-6 1.07799E-5 1.82182E-5 1.96026E-5 1.21046E-5 1.27733E-5 1.28577E-5 2.28436E-5 1.83971E-5 2.01906E-5 3.00556E-5 1.77382E-5 1.58318E-5 1.05946E-5 8.64941E-6 1.09852E-5 1.119E-5 1.23414E-5 1.07404E-5 1.10956E-5 1.22375E-5 9.02912E-6 1.0521E-5 1.69571E-5 1.5861E-5 1.8381E-5 1.39476E-5 1.55149E-5 1.11333E-5 1.04452E-5 9.70157E-6 1.09724E-5 1.12082E-5 6.83314E-6 5.12175E-6 3.81639E-6 3.42223E-6 2.85158E-6 2.34595E-6 2.91725E-6 1.98167E-6 1.99237E-6 1.97538E-6 1.88321E-6
-9999 -9999 1.28257E-6 1.61128E-6 1.6179E-6 7.25935E-6 4.90116E-6 1.1321E-5 1.41482E-5 4.70701E-5 4.16809E-5 5.97825E-5 3.10658E-5 2.78342E-5 1.70665E-5 2.4239E-5 1.84748E-5 1.74386E-5 1.21132E-5 1.57878E-5 1.81215E-5 1.98249E-5 1.36485E-5 1.34321E-5 2.17161E-5 1.89388E-5 2.10135E-5 2.37805E-5 2.53456E-5 1.40114E-5 1.26288E-5 9.67169E-6 9.19601E-6 9.97627E-6 9.70808E-6 1.24751E-5 6.36951E-6 1.00118E-5 9.104E-6 9.50028E-6 1.18505E-5 1.90126E-5 1.22459E-5 1.56256E-5 1.48226E-5 1.30406E-5 1.02984E-5 1.11033E-5 1.04777E-5 1.4845E-5 8.65925E-6 8.32736E-6 5.0235E-6 3.76171E-6 3.11458E-6 2.67E-6 2.43081E-6 2.33896E-6 2.37823E-6 2.2574E-6 1.89266E-6
-9999 -9999 1.4368E-6 2.11873E-6 1.50047E-6 3.70301E-6 4.40576E-6 1.96269E-5 2.39822E-5 3.45195E-5 4.68281E-5 3.27888E-5 4.06334E-5 2.83052E-5 1.70701E-5 2.14885E-5 2.36376E-5 2.05044E-5 2.20396E-5 1.92152E-5 2.11292E-5 2.13997E-5 1.42844E-5 1.99672E-5 1.46993E-5 1.742E-5 2.06852E-5 2.00907E-5 2.25892E-5 1.80148E-5 1.28298E-5 8.69301E-6 8.17962E-6 1.06195E-5 1.25153E-5 1.34248E-5 7.25017E-6 7.70933E-6 8.73912E-6 9.04749E-6 1.03741E-5 1.23124E-5 1.13058E-5 8.58376E-6 1.56913E-5 1.48318E-5 1.20497E-5 1.45421E-5 1.25876E-5 1.43674E-5 8.88101E-6 7.09394E-6 5.18989E-6 4.06084E-6 3.89184E-6 3.16126E-6 2.83119E-6 2.58287E-6 2.94249E-6 2.52886E-6 2.19882E-6
-9999 -9999 -9999 1.63977E-6 2.8052E-6 1.43051E-5 1.00076E-5 1.92606E-5 2.1395E-5 1.35065E-5 1.80597E-5 3.95025E-5 4.3146E-5 3.14181E-5 2.00246E-5 2.02079E-5 2.08664E-5 1.87511E-5 2.21301E-5 2.2681E-5 2.05732E-5 1.6887E-5 1.23134E-5 2.21684E-5 2.86264E-5 1.79834E-5 2.53946E-5 2.12719E-5 1.58513E-5 1.28917E-5 1.09288E-5 1.1125E-5 9.33287E-6 1.10336E-5 1.25224E-5 1.24698E-5 1.09135E-5 7.77677E-6 7.85245E-6 9.80824E-6 9.09213E-6 1.07793E-5 1.42968E-5 1.46674E-5 1.72953E-5 1.41926E-5 1.33347E-5 1.51718E-5 1.11182E-5 9.32893E-6 8.17623E-6 7.6479E-6 6.92702E-6 5.21503E-6 4.90214E-6 4.1316E-6 3.802E-6 3.17264E-6 2.60108E-6 2.60828E-6 2.4632E-6
-9999 -9999 -9999 5.71632E-7 1.04176E-6 3.34979E-5 1.81357E-5 3.40321E-5 4.44219E-5 3.76861E-5 1.13296E-5 3.17367E-5 2.99108E-5 2.90691E-5 3.1321E-5 2.21326E-5 1.57931E-5 2.28635E-5 1.94464E-5 1.99768E-5 1.26832E-5 1.1509E-5 1.14327E-5 1.79085E-5 2.18019E-5 2.26875E-5 2.09717E-5 1.5394E-5 1.04863E-5 1.1465E-5 1.10914E-5 1.15131E-5 1.13927E-5 1.22756E-5 1.22962E-5 1.23469E-5 1.05541E-5 1.18465E-5 1.62067E-5 1.03064E-5 9.77086E-6 1.14397E-5 1.19157E-5 1.00824E-5 1.63019E-5 1.61751E-5 1.54424E-5 1.69878E-5 1.6119E-5 1.41534E-5 7.72759E-6 1.33357E-5 8.61639E-6 7.44737E-6 5.68059E-6 4.19623E-6 3.89534E-6 3.35106E-6 3.22307E-6 2.77061E-6 2.55986E-6
-9999 -9999 -9999 1.99319E-7 2.73613E-7 5.2906E-6 1.34981E-5 1.78253E-5 3.09786E-5 3.52099E-5 1.60073E-5 2.03742E-5 3.26411E-5 2.79258E-5 2.31636E-5 2.31856E-5 1.54721E-5 2.18416E-5 1.95187E-5 2.10256E-5 1.53871E-5 1.10109E-5 1.63238E-5 1.80171E-5 2.16114E-5 2.06606E-5 1.97261E-5 1.71435E-5 1.27344E-5 1.15691E-5 1.27364E-5 1.37603E-5 1.45155E-5 1.21986E-5 1.44447E-5 1.52647E-5 1.75831E-5 1.82875E-5 1.60527E-5 1.12366E-5 8.68652E-6 9.10718E-6 1.41094E-5 1.7596E-5 1.88209E-5 1.8775E-5 1.47347E-5 2.03882E-5 1.66662E-5 1.44881E-5 1.25932E-5 1.01061E-5 1.3996E-5 1.06743E-5 8.0707E-6 7.53534E-6 7.93873E-6 5.58772E-6 4.63398E-6 3.50179E-6 2.9595E-6
-9999 -9999 -9999 -9999 9.22397E-7 1.78754E-6 7.42532E-6 4.44553E-6 2.47796E-5 1.35549E-5 2.73099E-6 1.20963E-5 3.88207E-5 2.17814E-5 2.56693E-5 3.13529E-5 2.75887E-5 2.33036E-5 2.73246E-5 2.3865E-5 1.67663E-5 1.58952E-5 1.68054E-5 1.53639E-5 1.81082E-5 1.91808E-5 1.8396E-5 1.5207E-5 1.35765E-5 1.44605E-5 1.35554E-5 1.46443E-5 1.37433E-5 1.55447E-5 1.38003E-5 1.57605E-5 1.76061E-5 1.5995E-5 1.26349E-5 1.3045E-5 1.31071E-5 1.2367E-5 1.29093E-5 2.21981E-5 2.22512E-5 1.91386E-5 1.59507E-5 2.11926E-5 2.38905E-5 1.8162E-5 1.0701E-5 1.65149E-5 2.08287E-5 1.38392E-5 1.16057E-5 1.3324E-5 7.78146E-6 9.0174E-6 8.78114E-6 3.87595E-6 2.96787E-6
-9999 -9999 -9999 -9999 9.80408E-7 2.20268E-6 3.25191E-6 8.51236E-6 1.97505E-6 4.64472E-7 7.78034E-7 1.00079E-5 3.3804E-5 2.45563E-5 3.01704E-5 1.95904E-5 2.57972E-5 3.25337E-5 2.58154E-5 2.47438E-5 2.31289E-5 2.83131E-5 1.89105E-5 1.75762E-5 1.63428E-5 1.55378E-5 2.19306E-5 1.61586E-5 1.61428E-5 1.31235E-5 1.29877E-5 1.72074E-5 1.71164E-5 1.79607E-5 1.66781E-5 1.75696E-5 1.66843E-5 2.14468E-5 2.01697E-5 2.33988E-5 2.13353E-5 2.40167E-5 1.83275E-5 2.48033E-5 2.09356E-5 2.63692E-5 2.81662E-5 1.38671E-5 2.24867E-5 2.8232E-5 2.19716E-5 2.13381E-5 2.336E-5 1.0845E-5 1.13779E-5 1.26616E-5 1.11576E-5 1.10003E-5 9.10689E-6 4.71348E-6 3.53805E-6
-9999 -9999 -9999 -9999 2.00911E-7 1.04721E-6 2.3836E-6 5.48585E-6 2.275E-6 8.64561E-7 2.28831E-6 8.97124E-6 2.58045E-5 2.10937E-5 2.42409E-5 2.16788E-5 2.82996E-5 3.58039E-5 1.74772E-5 2.3985E-5 2.44714E-5 1.83683E-5 2.36942E-5 2.37336E-5 2.45511E-5 2.27483E-5 2.0926E-5 1.68175E-5 1.63412E-5 1.24874E-5 1.73327E-5 2.07763E-5 2.14889E-5 1.97873E-5 1.9813E-5 1.97467E-5 1.87656E-5 2.19388E-5 2.89953E-5 2.86061E-5 2.49065E-5 2.46106E-5 2.81071E-5 2.66719E-5 2.42216E-5 2.76197E-5 3.54193E-5 3.89401E-5 -9999 2.75154E-5 2.09311E-5 1.99106E-5 1.40716E-5 1.38037E-5 2.61499E-5 1.37363E-5 1.32828E-5 1.12805E-5 1.54567E-5 6.06047E-6 3.97384E-6
-9999 -9999 -9999 -9999 2.34385E-7 6.28335E-7 1.3506E-6 1.18966E-7 2.59988E-5 5.21655E-5 3.33054E-6 6.35145E-6 1.38275E-5 1.6289E-5 1.89381E-5 2.47193E-5 2.86843E-5 2.11992E-5 1.79084E-5 2.37316E-5 2.72398E-5 2.47241E-5 2.59288E-5 3.39852E-5 2.31751E-5 1.93277E-5 1.66201E-5 2.10793E-5 1.4594E-5 1.55915E-5 1.99934E-5 2.30679E-5 2.16094E-5 2.14663E-5 1.95509E-5 2.18972E-5 2.09621E-5 2.10435E-5 2.12886E-5 2.47744E-5 2.99799E-5 2.64699E-5 2.78579E-5 2.79775E-5 2.91938E-5 2.70411E-5 -9999 -9999 -9999 -9999 2.89956E-5 1.6796E-5 1.6408E-5 2.13529E-5 1.94617E-5 1.65891E-5 8.77243E-6 6.77423E-6 4.57232E-6 5.63982E-6 5.41679E-6
-9999 -9999 -9999 -9999 1.56697E-7 1.33783E-6 9.97757E-7 2.625E-7 6.49914E-8 4.53566E-5 3.74978E-6 1.88125E-5 1.19451E-5 1.6188E-5 1.65882E-5 2.07412E-5 2.17449E-5 1.78494E-5 2.01826E-5 2.1356E-5 2.07782E-5 2.39203E-5 2.73625E-5 2.6508E-5 1.58985E-5 1.3048E-5 1.72289E-5 1.57533E-5 1.96669E-5 2.14544E-5 2.20988E-5 2.23894E-5 2.27387E-5 2.73599E-5 1.74496E-5 2.23826E-5 2.42693E-5 2.10674E-5 2.21596E-5 2.33385E-5 2.90897E-5 2.60705E-5 2.30201E-5 1.8347E-5 3.35105E-5 -9999 -9999 -9999 -9999 6.37446E-5 2.88336E-5 2.48191E-5 1.9275E-5 1.96102E-5 1.98483E-5 1.55701E-5 1.34951E-5 9.2447E-6 9.3751E-6 1.17867E-5 6.46396E-6
-9999 -9999 -9999 -9999 4.2044E-7 1.71949E-6 1.63966E-6 2.65865E-7 2.65293E-6 5.43282E-6 4.56823E-6 1.19848E-5 8.72078E-6 1.69134E-5 1.90232E-5 2.04164E-5 2.2224E-5 2.29399E-5 1.59562E-5 1.78216E-5 2.09063E-5 2.68077E-5 2.22267E-5 1.77733E-5 1.65596E-5 1.49258E-5 1.7617E-5 2.15821E-5 2.61356E-5 2.66228E-5 2.53046E-5 2.32082E-5 2.37842E-5 2.42045E-5 2.40971E-5 2.05046E-5 2.2939E-5 2.12145E-5 2.66737E-5 2.62527E-5 2.67494E-5 2.79775E-5 3.52196E-5 4.08669E-5 4.54062E-5 -9999 -9999 -9999 6.6847E-5 4.87393E-5 3.95705E-5 2.73489E-5 2.35764E-5 2.13742E-5 1.78159E-5 1.50036E-5 1.37289E-5 7.21648E-6 7.72176E-6 1.13354E-5 6.05601E-6
-9999 -9999 -9999 7.49809E-7 1.54957E-5 5.50819E-6 4.46153E-7 6.99888E-7 3.34168E-7 9.57369E-7 5.68317E-6 5.81852E-6 8.519E-6 1.45565E-5 2.14922E-5 1.74073E-5 2.81903E-5 2.1721E-5 2.27482E-5 1.55915E-5 1.81066E-5 1.95057E-5 1.72095E-5 1.22051E-5 1.94415E-5 1.45618E-5 1.69006E-5 2.24328E-5 1.94014E-5 2.56935E-5 3.51512E-5 3.07275E-5 2.54495E-5 2.66066E-5 2.49689E-5 2.49154E-5 2.2787E-5 2.65328E-5 2.47874E-5 2.83436E-5 2.75151E-5 2.63095E-5 3.02113E-5 4.17203E-5 8.42159E-5 6.31383E-5 5.27587E-5 5.30305E-5 5.25996E-5 3.82255E-5 3.91316E-5 3.29035E-5 2.77881E-5 2.44962E-5 2.22227E-5 1.54531E-5 1.41944E-5 8.16741E-6 8.63879E-6 9.30931E-6 7.47742E-6
-9999 -9999 -9999 -9999 1.39559E-6 9.35068E-6 1.45494E-6 -9999 2.31198E-7 8.68086E-7 3.72869E-6 3.43192E-6 1.63048E-5 2.01341E-5 1.9236E-5 2.50778E-5 2.71515E-5 2.20532E-5 1.83678E-5 2.18975E-5 1.5896E-5 1.90807E-5 1.25621E-5 1.90046E-5 2.75228E-5 2.31006E-5 1.91904E-5 2.37014E-5 2.04084E-5 2.379E-5 2.63807E-5 3.34893E-5 3.04987E-5 2.83462E-5 2.65094E-5 2.38677E-5 2.63308E-5 2.36308E-5 2.37647E-5 3.11387E-5 3.23443E-5 2.91387E-5 2.71611E-5 3.70403E-5 4.63792E-5 4.84819E-5 4.61291E-5 4.36041E-5 4.69543E-5 3.67893E-5 3.8334E-5 2.87495E-5 2.98327E-5 2.65322E-5 2.37244E-5 1.52097E-5 1.38608E-5 9.88103E-6 1.20058E-5 1.0541E-5 7.04586E-6
-9999 -9999 -9999 -9999 3.13536E-7 5.90674E-7 9.37254E-7 1.65948E-6 4.7698E-7 2.62843E-6 5.13877E-6 2.04417E-6 2.63134E-5 1.0944E-5 1.65007E-5 3.95841E-5 2.07116E-5 2.89614E-5 1.80774E-5 1.65269E-5 1.4657E-5 1.71951E-5 1.89079E-5 3.00638E-5 2.36373E-5 2.99121E-5 1.70269E-5 2.0386E-5 2.16056E-5 2.56505E-5 3.00961E-5 3.92134E-5 3.61035E-5 3.52487E-5 3.30808E-5 3.14028E-5 2.84034E-5 2.35001E-5 2.63729E-5 2.86558E-5 2.90566E-5 3.18323E-5 2.56535E-5 3.41665E-5 3.23487E-5 4.15546E-5 4.34923E-5 4.15513E-5 3.95077E-5 3.73706E-5 3.58947E-5 2.90339E-5 2.85456E-5 2.76676E-5 2.74199E-5 1.99622E-5 1.53465E-5 1.48095E-5 9.78054E-6 1.15913E-5 1.10583E-5
-9999 -9999 -9999 -9999 2.40243E-6 7.22293E-7 1.31776E-6 8.59254E-7 1.06081E-6 3.11049E-6 2.01917E-6 1.6962E-6 1.04305E-5 1.99717E-5 1.84413E-5 2.34463E-5 2.5441E-5 2.81005E-5 2.53636E-5 1.78319E-5 1.96438E-5 1.60172E-5 1.34363E-5 1.78829E-5 4.50078E-5 2.68766E-5 1.38788E-5 2.12855E-5 2.76112E-5 3.15259E-5 3.23973E-5 3.61394E-5 4.7684E-5 3.95093E-5 4.33632E-5 3.57055E-5 3.40791E-5 3.1235E-5 3.6324E-5 3.70116E-5 3.51129E-5 3.54145E-5 3.4931E-5 3.28958E-5 3.53389E-5 3.72705E-5 3.67231E-5 4.04426E-5 3.60914E-5 3.8908E-5 3.32995E-5 2.93568E-5 2.71416E-5 2.61398E-5 2.53397E-5 1.7396E-5 1.67178E-5 1.73301E-5 1.37466E-5 1.19397E-5 9.21392E-6
-9999 -9999 -9999 -9999 -9999 7.86988E-7 1.552E-6 1.89025E-6 6.11531E-7 1.87639E-6 1.75614E-6 5.103E-6 6.94534E-6 1.23387E-5 1.37666E-5 2.47804E-5 3.90384E-5 2.80725E-5 2.81553E-5 2.05484E-5 2.06848E-5 2.48119E-5 1.56503E-5 2.16232E-5 2.83654E-5 5.46451E-5 2.15941E-5 1.95937E-5 2.31624E-5 3.78037E-5 3.96452E-5 4.72462E-5 4.46318E-5 4.35642E-5 3.957E-5 4.1635E-5 3.5145E-5 3.35342E-5 3.69939E-5 3.59357E-5 3.85916E-5 3.77554E-5 3.78796E-5 3.88606E-5 3.78802E-5 3.36988E-5 3.73067E-5 3.60974E-5 3.82914E-5 4.22051E-5 3.50924E-5 3.21724E-5 2.83202E-5 2.58488E-5 2.53814E-5 1.80716E-5 2.04661E-5 1.786E-5 1.8089E-5 8.85295E-6 1.02678E-5
-9999 -9999 -9999 -9999 -9999 2.46174E-6 4.2955E-7 1.62083E-6 1.2247E-6 5.58958E-6 4.25446E-6 6.54769E-7 1.69767E-6 4.79982E-6 1.60825E-5 2.45314E-5 2.7405E-5 2.87332E-5 2.75195E-5 2.44915E-5 2.98185E-5 1.76395E-5 2.42695E-5 2.23701E-5 3.54853E-5 5.35753E-5 2.61413E-5 2.31554E-5 2.687E-5 3.51721E-5 3.62763E-5 4.4602E-5 4.7353E-5 4.05538E-5 3.72915E-5 4.16247E-5 4.48732E-5 4.49579E-5 4.27896E-5 4.19946E-5 3.92819E-5 3.99914E-5 3.88451E-5 4.28704E-5 3.83046E-5 4.01835E-5 3.94143E-5 3.75442E-5 3.46709E-5 4.02352E-5 3.75252E-5 3.24534E-5 2.94527E-5 2.25532E-5 2.78014E-5 2.3214E-5 1.77502E-5 1.87438E-5 1.49922E-5 1.45766E-5 1.24789E-5
-9999 -9999 -9999 -9999 -9999 2.96803E-6 1.47812E-6 4.40022E-7 7.74079E-7 2.27004E-7 3.73572E-6 1.18813E-6 9.7496E-7 1.7908E-6 1.77189E-5 1.86498E-5 1.88872E-5 1.90513E-5 2.75004E-5 3.00667E-5 2.33338E-5 2.53187E-5 2.39177E-5 2.15326E-5 3.05713E-5 4.11399E-5 2.12977E-5 3.25942E-5 3.50311E-5 3.01956E-5 3.84478E-5 4.19372E-5 4.85966E-5 4.64526E-5 4.93518E-5 5.11478E-5 4.836E-5 5.61347E-5 5.3062E-5 5.18553E-5 4.86561E-5 4.37582E-5 4.42261E-5 3.77563E-5 4.47382E-5 4.47739E-5 3.86356E-5 3.74697E-5 3.58516E-5 4.08348E-5 4.06947E-5 3.48535E-5 3.14682E-5 2.12745E-5 2.88059E-5 2.29634E-5 2.31931E-5 1.97765E-5 1.66107E-5 1.67488E-5 1.40954E-5
-9999 -9999 -9999 -9999 -9999 1.64123E-6 4.76452E-7 9.05407E-7 1.25021E-6 1.81842E-7 5.94908E-7 1.07373E-6 3.65139E-6 5.23028E-6 1.14995E-5 1.51162E-5 1.38788E-5 1.39658E-5 2.01789E-5 2.35381E-5 3.05393E-5 4.50738E-5 3.69707E-5 2.43895E-5 1.98774E-5 6.65728E-5 2.78979E-5 2.79985E-5 3.73962E-5 3.08267E-5 4.23488E-5 4.69982E-5 5.05112E-5 5.31433E-5 5.41318E-5 5.20549E-5 6.21824E-5 5.28437E-5 5.40694E-5 6.07539E-5 8.81853E-5 6.25148E-5 4.36147E-5 3.06619E-5 4.96019E-5 4.46473E-5 4.50798E-5 4.28135E-5 3.84648E-5 4.77693E-5 3.76252E-5 3.82321E-5 4.2971E-5 3.46148E-5 2.46159E-5 -9999 2.18956E-5 1.62547E-5 1.71796E-5 1.98899E-5 1.59617E-5
