Candidate_Models_Sept202022/M_0.7_F_lqp_Set_1_all/Bison.asc
ncols         97
nrows         127
xllcorner     -2197417.7431653
yllcorner     -584827.01486885
cellsize      30000.0
NODATA_value  -9999
[rows 54 to 80 of 127, columns 0 to 60 of 97]
-9999 -9999 -9999 -9999 3.33754E-6 1.8104E-6 4.30588E-7 1.43375E-6 9.32074E-7 1.5759E-7 2.40186E-7 3.73127E-6 2.80675E-6 5.52113E-6 5.83053E-6 5.37595E-6 9.16139E-6 1.51451E-5 1.77724E-5 2.14295E-5 3.00403E-5 4.25007E-5 4.04267E-5 3.42215E-5 3.39118E-5 6.41418E-5 4.14629E-5 3.28958E-5 5.08568E-5 4.45983E-5 4.51112E-5 4.94734E-5 5.85115E-5 6.20974E-5 5.77703E-5 5.91285E-5 5.91541E-5 5.58562E-5 6.06544E-5 7.38261E-5 1.14608E-4 1.25799E-4 8.60455E-5 6.10789E-5 5.77454E-5 4.96554E-5 5.37903E-5 4.53304E-5 4.033E-5 3.75999E-5 3.91281E-5 3.91986E-5 3.03581E-5 5.04461E-5 5.51518E-5 3.33808E-5 3.61859E-5 3.00775E-5 2.87987E-5 2.53264E-5 1.77103E-5
-9999 -9999 -9999 -9999 -9999 1.24143E-6 3.18275E-7 5.99887E-7 3.76654E-6 3.82682E-7 1.34302E-7 2.35382E-6 9.25863E-6 3.51191E-6 5.56077E-6 4.30771E-6 5.80803E-6 8.48124E-6 1.8113E-5 1.54996E-5 3.2797E-5 4.31347E-5 4.12462E-5 5.64309E-5 3.79104E-5 3.62232E-5 3.78911E-5 4.05154E-5 7.57414E-5 6.8538E-5 5.94081E-5 5.3751E-5 5.86076E-5 5.65136E-5 5.56823E-5 6.9502E-5 6.98688E-5 6.21953E-5 7.82075E-5 7.57556E-5 1.14167E-4 1.58258E-4 8.03651E-5 6.00007E-5 6.23579E-5 5.88339E-5 5.07672E-5 4.39778E-5 4.57255E-5 3.53744E-5 4.37871E-5 4.93134E-5 4.35889E-5 5.87395E-5 4.86257E-5 3.80223E-5 3.6762E-5 2.93954E-5 2.91874E-5 2.46506E-5 2.21259E-5
-9999 -9999 -9999 -9999 -9999 2.36146E-6 9.86861E-7 1.55805E-6 1.86791E-6 9.3496E-7 2.17547E-8 7.58468E-7 1.27669E-6 1.18264E-6 7.71289E-6 4.31368E-6 8.12298E-6 9.53633E-6 1.47413E-5 2.23344E-5 4.0981E-5 3.0753E-5 3.02125E-5 3.96007E-5 3.13795E-5 2.64769E-5 3.39798E-5 6.18807E-5 1.00527E-4 6.57542E-5 7.56753E-5 7.03141E-5 7.03213E-5 6.96334E-5 7.98026E-5 9.40306E-5 7.12773E-5 6.54316E-5 7.808E-5 7.47853E-5 1.2459E-4 9.63088E-5 6.57097E-5 6.56878E-5 6.25058E-5 5.78028E-5 5.25124E-5 4.67094E-5 4.94967E-5 5.23125E-5 5.86576E-5 5.35117E-5 5.95126E-5 5.39992E-5 4.11751E-5 4.228E-5 3.98084E-5 3.70959E-5 2.73394E-5 2.23854E-5 1.42687E-5
-9999 -9999 -9999 -9999 -9999 -9999 1.7329E-6 -9999 3.49132E-6 3.19213E-7 8.2946E-8 5.77745E-7 1.11778E-6 1.95259E-6 2.83299E-6 1.12507E-5 7.58052E-6 9.12822E-6 1.64868E-5 2.69673E-5 2.54598E-5 2.88181E-5 2.95056E-5 4.0721E-5 3.36639E-5 3.65477E-5 2.46649E-5 6.1775E-5 7.92243E-5 8.02624E-5 1.76954E-4 1.42494E-4 8.81542E-5 7.87599E-5 8.66405E-5 1.02344E-4 1.01845E-4 7.38095E-5 7.98149E-5 6.80436E-5 7.21806E-5 5.97122E-5 7.68576E-5 6.59513E-5 5.08766E-5 5.56184E-5 4.96836E-5 5.82219E-5 6.29764E-5 6.04972E-5 5.90178E-5 6.2712E-5 5.18787E-5 4.85689E-5 4.51829E-5 4.24163E-5 3.93981E-5 3.61247E-5 2.99655E-5 2.26861E-5 1.66045E-5
-9999 -9999 -9999 9.41232E-7 -9999 -9999 -9999 -9999 -9999 8.56375E-7 3.28724E-7 2.82629E-7 9.96234E-7 2.08083E-6 1.80616E-6 1.04841E-5 7.28464E-6 1.15508E-5 1.47843E-5 2.17532E-5 2.38281E-5 3.09323E-5 2.66748E-5 4.58343E-5 2.67175E-5 3.1542E-5 2.62124E-5 3.86496E-5 1.11336E-4 1.15033E-4 2.81218E-4 2.2348E-4 8.58722E-5 6.76534E-5 7.13598E-5 1.09433E-4 9.97843E-5 1.31101E-4 3.75816E-4 7.57591E-5 7.22935E-5 6.0739E-5 7.13258E-5 6.1667E-5 4.21992E-5 5.01216E-5 6.4946E-5 6.13449E-5 6.13427E-5 5.59118E-5 6.12054E-5 5.91828E-5 5.76134E-5 4.81969E-5 4.39451E-5 4.6476E-5 3.8641E-5 3.86937E-5 3.40402E-5 2.83661E-5 2.38389E-5
-9999 -9999 -9999 8.18608E-7 1.6486E-6 2.99474E-6 -9999 -9999 -9999 1.18097E-6 8.19822E-8 5.59923E-7 1.31178E-6 3.03405E-6 3.9151E-6 1.58297E-5 1.34181E-5 1.00672E-5 1.96916E-5 2.36886E-5 2.05152E-5 2.19927E-5 2.92065E-5 2.67849E-5 3.0419E-5 2.04523E-5 2.05239E-5 3.93674E-5 1.44512E-4 2.3238E-4 4.22093E-4 3.06037E-4 9.57908E-5 9.62875E-5 9.69273E-5 9.32439E-5 1.01391E-4 2.99866E-4 2.26063E-4 7.89301E-5 8.04688E-5 8.70348E-5 7.19041E-5 6.52139E-5 6.05598E-5 5.94193E-5 6.14501E-5 5.45965E-5 5.69758E-5 8.71582E-5 7.39487E-5 6.33284E-5 4.95583E-5 5.03323E-5 3.77222E-5 5.05465E-5 4.37876E-5 4.68019E-5 4.20414E-5 3.38145E-5 2.59047E-5
-9999 -9999 -9999 7.32908E-7 2.18626E-6 4.3786E-6 2.68918E-6 -9999 -9999 4.65858E-6 1.70487E-7 2.03677E-6 1.25179E-6 2.72294E-6 4.25296E-6 8.6743E-6 1.25957E-5 1.62111E-5 2.22962E-5 2.10219E-5 2.66903E-5 2.21609E-5 1.74615E-5 1.56324E-5 2.73525E-5 3.45944E-6 3.3357E-6 2.49228E-5 8.08268E-5 8.49682E-5 5.89702E-4 7.30729E-4 2.70319E-4 3.77671E-4 3.23085E-4 1.53652E-4 1.86051E-4 2.17282E-4 1.52567E-4 8.70922E-5 9.43605E-5 8.6057E-5 7.98119E-5 7.15225E-5 6.22174E-5 5.94422E-5 5.92331E-5 6.27103E-5 6.23173E-5 1.22392E-4 1.06148E-4 9.76408E-5 5.45065E-5 5.36834E-5 3.95162E-5 5.12938E-5 4.66417E-5 5.18109E-5 4.49274E-5 3.56182E-5 2.44877E-5
-9999 -9999 -9999 6.17236E-7 1.35976E-6 2.22868E-6 -9999 -9999 1.93685E-6 1.26573E-7 5.5494E-8 5.58335E-7 8.03833E-7 2.32571E-6 6.44599E-6 8.98888E-6 3.99298E-5 2.00671E-5 2.55461E-5 1.52457E-5 2.55454E-5 2.3392E-5 2.35388E-5 1.95852E-5 2.11048E-5 4.40349E-6 2.53888E-6 1.78998E-5 4.79754E-5 1.999E-4 4.52995E-4 8.90178E-4 5.94195E-4 3.67592E-4 5.49274E-4 3.33047E-4 2.82543E-4 3.90218E-4 1.94388E-4 1.19955E-4 1.16182E-4 1.08E-4 8.66144E-5 7.24578E-5 6.84206E-5 8.05469E-5 7.09143E-5 7.23002E-5 9.43643E-5 1.23597E-4 1.19579E-4 6.72502E-5 5.89524E-5 4.58628E-5 3.63013E-5 5.70582E-5 5.14705E-5 4.2469E-5 4.60887E-5 3.51733E-5 3.30541E-5
-9999 -9999 -9999 5.28615E-7 2.33075E-6 -9999 -9999 4.83783E-6 1.09718E-6 1.87815E-7 9.49872E-8 5.93562E-7 8.82619E-7 9.4121E-7 7.19014E-6 1.23571E-5 3.69109E-5 2.39801E-5 2.31608E-5 2.36622E-5 2.73435E-5 2.71046E-5 2.01272E-5 2.21634E-5 1.91018E-5 6.47024E-6 1.44891E-6 1.22741E-5 2.88824E-5 4.92347E-5 2.11669E-4 5.84802E-4 2.24234E-4 3.06381E-4 9.9996E-4 5.9378E-4 5.29977E-4 1.07044E-3 3.25263E-4 1.24731E-4 1.1692E-4 8.92038E-5 7.54057E-5 7.1107E-5 7.73381E-5 9.27919E-5 7.91161E-5 7.10402E-5 6.83022E-5 9.98406E-5 1.15164E-4 5.72868E-5 4.60053E-5 4.93317E-5 4.39732E-5 4.75177E-5 5.04252E-5 4.51838E-5 4.74209E-5 3.76553E-5 3.26104E-5
-9999 -9999 -9999 2.66815E-7 5.74005E-7 -9999 -9999 -9999 1.86278E-6 1.64793E-7 1.54893E-7 7.69004E-7 3.40755E-7 2.9155E-6 1.00935E-5 2.07007E-5 3.30004E-5 3.16053E-5 3.21556E-5 2.64991E-5 3.29179E-5 3.71837E-5 2.97141E-5 2.08036E-5 1.92493E-5 7.97908E-6 3.91016E-6 1.127E-5 1.99531E-5 3.15101E-5 5.67323E-5 2.27652E-4 3.52913E-4 4.21486E-4 5.69774E-4 6.1627E-4 4.77079E-4 3.21163E-4 1.39788E-4 1.09884E-4 9.01624E-5 9.24082E-5 8.13891E-5 7.73769E-5 8.56825E-5 9.286E-5 1.10489E-4 7.7882E-5 7.66365E-5 1.06932E-4 1.05307E-4 6.62079E-5 6.36989E-5 5.69517E-5 5.38424E-5 4.3809E-5 5.28618E-5 4.89564E-5 5.08194E-5 4.77579E-5 3.85417E-5
-9999 -9999 -9999 4.39139E-7 2.31885E-6 -9999 -9999 -9999 2.62148E-6 1.01603E-6 4.65261E-7 1.57357E-7 2.41539E-6 4.62496E-6 6.5855E-6 2.06311E-5 2.80877E-5 3.46688E-5 4.33281E-5 2.72502E-5 2.58702E-5 5.1721E-5 3.64145E-5 2.75809E-5 2.1493E-5 1.19106E-5 4.4538E-6 9.59787E-6 1.44986E-5 2.75634E-5 4.09142E-5 2.71595E-4 3.91956E-4 5.43451E-4 3.53062E-4 4.44227E-4 3.37685E-4 4.35657E-4 1.57379E-4 1.54461E-4 9.5489E-5 9.50456E-5 7.89985E-5 7.86517E-5 1.42666E-4 1.44275E-4 1.2652E-4 8.5976E-5 8.16603E-5 1.0547E-4 1.44514E-4 7.64382E-5 6.2976E-5 4.93945E-5 6.19287E-5 4.70071E-5 5.00322E-5 4.66758E-5 4.16168E-5 4.87973E-5 3.82218E-5
-9999 -9999 -9999 1.17588E-7 2.21957E-6 -9999 -9999 -9999 3.18682E-6 2.75202E-7 4.80499E-8 3.82878E-8 1.2089E-6 3.91481E-6 3.26144E-5 2.07337E-5 2.07795E-5 3.96353E-5 3.46484E-5 3.34943E-5 5.86457E-5 7.61305E-5 3.80347E-5 3.03569E-5 2.13774E-5 1.02763E-5 5.34831E-6 5.56183E-6 1.04201E-5 1.66277E-5 3.1737E-5 1.22716E-4 2.77607E-4 6.05175E-4 3.96654E-4 4.084E-4 1.51812E-4 3.24826E-4 3.43029E-4 1.76888E-4 7.46284E-5 7.46458E-5 7.57844E-5 8.29889E-5 9.11928E-5 9.03434E-5 9.70577E-5 9.96104E-5 1.2283E-4 1.08818E-4 9.54986E-5 8.66529E-5 6.82286E-5 6.33917E-5 5.91957E-5 5.63439E-5 4.72752E-5 6.1986E-5 5.03734E-5 5.05308E-5 5.50375E-5
-9999 -9999 -9999 -9999 8.16556E-7 -9999 -9999 -9999 -9999 1.29137E-6 8.20468E-8 1.09605E-7 7.59223E-7 1.72838E-6 9.54269E-6 1.78125E-5 1.70912E-5 4.04581E-5 5.15175E-5 6.32498E-5 4.46108E-5 1.21806E-4 5.78195E-5 3.90641E-5 3.54659E-5 1.55419E-5 6.22341E-6 4.0328E-6 7.88009E-6 1.02171E-5 2.37843E-5 3.88332E-5 5.37461E-5 9.00239E-5 7.34437E-5 1.03122E-4 3.10005E-4 2.16711E-4 8.63677E-5 6.25363E-5 1.11463E-4 7.64371E-5 1.2332E-4 9.08735E-5 8.95329E-5 1.2097E-4 1.14872E-4 1.22541E-4 9.6995E-5 9.3288E-5 1.53483E-4 8.04543E-5 7.52176E-5 7.23411E-5 7.43914E-5 6.38132E-5 5.91216E-5 5.52004E-5 5.28099E-5 5.27251E-5 5.24831E-5
-9999 -9999 -9999 -9999 1.51044E-6 -9999 -9999 -9999 -9999 3.66803E-6 6.06494E-7 2.60143E-7 7.06984E-7 1.43506E-6 6.8869E-6 1.761E-5 3.28708E-5 3.999E-5 4.67118E-5 3.84771E-5 4.69755E-5 6.70989E-5 4.52839E-5 6.7629E-5 6.96919E-5 1.86192E-5 7.89997E-6 3.08519E-6 4.57534E-6 8.81592E-6 1.55187E-5 2.17811E-5 4.86272E-5 1.07165E-4 5.79431E-5 6.23153E-5 1.29396E-4 6.88332E-5 4.39355E-5 3.28625E-5 8.01439E-5 5.819E-5 9.06957E-5 1.32944E-4 9.93664E-5 1.18782E-4 2.32283E-4 1.20505E-4 1.10643E-4 1.18687E-4 1.33171E-4 9.45837E-5 8.97922E-5 7.68352E-5 7.59055E-5 7.87216E-5 6.94219E-5 6.46955E-5 5.88724E-5 5.02675E-5 4.91308E-5
-9999 -9999 -9999 -9999 -9999 -9999 -9999 -9999 -9999 2.5916E-6 2.09747E-6 3.57621E-7 8.45501E-7 2.16027E-6 3.20034E-6 1.00258E-5 3.2671E-5 3.56866E-5 3.74503E-5 5.05145E-5 4.3837E-5 4.79763E-5 5.74439E-5 4.05824E-5 2.56813E-5 8.15584E-6 4.65831E-6 5.96032E-6 3.44931E-6 8.12662E-6 1.63405E-5 2.42298E-5 3.12503E-5 6.70463E-5 3.34208E-5 5.3568E-5 1.27962E-4 1.12059E-4 5.33948E-5 7.6274E-5 1.00464E-4 7.34402E-5 1.15175E-4 1.33517E-4 2.98427E-4 3.7448E-4 3.87259E-4 1.59337E-4 1.18673E-4 1.10693E-4 1.30035E-4 1.24569E-4 9.14478E-5 6.54748E-5 7.99577E-5 7.10623E-5 7.14183E-5 7.45432E-5 6.08803E-5 5.5751E-5 5.42528E-5
-9999 -9999 -9999 -9999 -9999 -9999 -9999 -9999 -9999 -9999 2.01368E-6 6.02481E-7 6.07881E-7 1.23501E-6 5.6028E-6 8.8242E-6 2.89547E-5 2.98138E-5 3.64024E-5 4.15641E-5 4.25297E-5 4.34577E-5 5.57241E-5 4.51493E-5 2.68156E-5 9.68241E-6 6.01232E-6 5.04017E-6 5.42545E-6 6.36429E-6 1.43743E-5 2.87693E-5 3.91168E-5 3.83027E-5 4.92028E-5 5.17677E-5 9.58629E-5 1.20308E-4 6.95236E-5 9.02168E-5 1.01393E-4 2.43525E-4 2.48503E-4 3.66514E-4 4.84035E-4 5.17164E-4 3.40286E-4 5.78776E-4 1.30788E-4 1.14997E-4 1.79536E-4 1.31199E-4 8.79443E-5 8.15692E-5 7.84904E-5 7.60309E-5 8.99888E-5 9.65421E-5 7.57507E-5 6.3019E-5 6.71228E-5
-9999 -9999 -9999 -9999 -9999 -9999 -9999 -9999 -9999 -9999 1.6374E-6 4.33256E-7 9.96675E-8 5.53671E-7 5.60025E-6 7.34228E-6 2.86185E-5 4.24679E-5 3.4258E-5 4.64705E-5 4.47798E-5 4.41564E-5 5.76739E-5 6.62397E-5 2.49759E-5 1.24799E-5 8.37944E-6 5.43266E-6 1.02435E-5 1.086E-5 1.65325E-5 2.42185E-5 2.98887E-5 4.45743E-5 5.59792E-5 8.99187E-5 7.88076E-5 6.73049E-5 7.56552E-5 2.75618E-4 2.97266E-4 5.11475E-4 3.603E-4 4.37569E-4 4.40067E-4 4.23724E-4 1.7491E-4 3.78138E-4 2.57822E-4 3.61143E-4 3.46693E-4 1.82245E-4 1.02269E-4 9.01796E-5 8.29078E-5 8.32426E-5 8.28418E-5 7.18105E-5 7.55278E-5 7.11808E-5 7.1553E-5
-9999 -9999 -9999 -9999 -9999 -9999 -9999 -9999 -9999 -9999 1.19084E-6 3.20598E-7 1.36351E-7 4.58855E-7 1.65235E-5 1.57485E-5 2.41369E-5 5.17406E-5 4.30818E-5 7.0683E-5 5.97293E-5 5.45346E-5 5.58048E-5 6.75371E-5 3.24336E-5 9.42206E-6 7.77521E-6 7.67574E-6 1.08087E-5 1.83483E-5 2.32453E-5 3.3827E-5 3.28116E-5 3.70215E-5 5.99783E-5 7.94988E-5 1.3358E-4 2.01789E-4 2.45382E-4 1.96757E-4 3.52384E-4 4.00284E-4 5.99235E-4 5.76238E-4 5.79408E-4 7.16113E-4 6.59589E-4 5.33128E-4 3.93633E-4 6.24907E-4 6.38888E-4 4.42067E-4 2.74813E-4 2.20111E-4 2.2005E-4 1.02929E-4 8.97311E-5 8.30726E-5 8.69657E-5 8.31072E-5 7.82568E-5
-9999 -9999 -9999 -9999 -9999 -9999 -9999 -9999 -9999 -9999 1.14001E-6 2.44112E-7 4.11545E-7 3.05497E-7 2.99623E-6 9.52709E-6 2.74307E-5 5.25652E-5 5.94181E-5 1.01689E-4 1.1425E-4 6.59394E-5 5.38224E-5 6.0807E-5 3.32945E-5 1.47042E-5 7.86603E-6 7.18402E-6 1.65488E-5 1.33872E-5 2.54025E-5 3.98714E-5 3.99128E-5 3.926E-5 9.1629E-5 6.1034E-5 1.13376E-4 1.60584E-4 1.4222E-4 2.1403E-4 4.47837E-4 6.55896E-4 9.33914E-4 8.36646E-4 1.18398E-3 8.28719E-4 8.35742E-4 7.72716E-4 8.10597E-4 7.82812E-4 3.00095E-4 1.96068E-4 2.00699E-4 3.02488E-4 3.46663E-4 3.09331E-4 1.17811E-4 9.32245E-5 9.03042E-5 8.78162E-5 9.05894E-5
-9999 -9999 -9999 -9999 -9999 -9999 -9999 -9999 -9999 -9999 7.14489E-7 3.58791E-7 4.19969E-7 5.53874E-7 2.03433E-5 5.23697E-6 3.98593E-5 3.12594E-5 4.97619E-5 1.17872E-4 1.76733E-4 8.25896E-5 6.90409E-5 4.95691E-5 4.90607E-5 2.68929E-5 1.71337E-5 9.31911E-6 1.26744E-5 2.57649E-5 2.46676E-5 1.82205E-5 3.80553E-5 9.88862E-5 7.14668E-5 9.32795E-5 8.78644E-5 9.41974E-5 1.29721E-4 2.27315E-4 5.12888E-4 1.14246E-3 1.28534E-3 1.4914E-3 1.38131E-3 7.51646E-4 5.63546E-4 6.78114E-4 3.67523E-4 9.14008E-4 7.633E-4 2.95619E-4 2.05205E-4 3.99508E-4 2.48929E-4 2.06508E-4 1.23342E-4 1.52289E-4 1.19133E-4 9.23696E-5 9.99775E-5
-9999 -9999 -9999 -9999 -9999 -9999 -9999 -9999 1.9104E-6 1.42399E-6 1.19852E-6 7.49909E-7 5.01597E-7 4.98334E-7 1.2697E-6 2.21003E-5 3.90256E-5 3.65002E-5 4.09264E-5 6.55415E-5 7.14298E-5 1.19873E-4 1.25624E-4 6.83812E-5 5.53362E-5 2.92754E-5 1.19284E-5 5.64335E-6 6.01865E-6 1.13539E-5 1.39489E-5 2.04721E-5 3.45063E-5 3.86605E-5 4.86952E-5 4.24459E-5 5.94866E-5 1.19108E-4 1.03514E-4 2.91321E-4 6.66148E-4 1.19171E-3 9.6571E-4 9.98154E-4 1.00373E-3 6.04749E-4 6.12752E-4 7.14922E-4 6.40187E-4 4.45904E-4 6.90624E-4 5.28346E-4 3.79855E-4 3.10037E-4 2.2761E-4 1.95338E-4 2.53669E-4 2.39092E-4 2.18639E-4 1.18624E-4 1.27569E-4
-9999 -9999 -9999 -9999 -9999 -9999 -9999 -9999 1.21054E-6 6.39863E-7 1.15228E-6 1.51015E-6 1.04816E-6 2.84783E-7 6.82882E-7 3.44199E-6 5.74111E-6 5.91506E-5 3.69104E-5 2.13494E-5 3.2342E-5 5.32072E-5 1.40133E-4 4.83651E-5 4.72312E-5 3.04979E-5 1.76836E-5 9.68187E-6 4.91341E-6 5.71363E-6 1.59406E-5 1.41935E-5 4.11931E-5 4.89108E-5 6.09525E-5 3.67605E-5 9.79664E-5 9.13074E-5 9.96654E-5 9.72E-5 3.62904E-4 9.3822E-4 8.85138E-4 8.36933E-4 8.48626E-4 6.35475E-4 5.24879E-4 6.17496E-4 5.91862E-4 7.93031E-4 6.23528E-4 5.57752E-4 4.97048E-4 3.41892E-4 3.05913E-4 3.55307E-4 4.40586E-4 4.22493E-4 3.33804E-4 3.55292E-4 3.85094E-4
-9999 -9999 -9999 -9999 -9999 -9999 -9999 -9999 4.30222E-7 3.73822E-7 1.75367E-7 4.20553E-7 8.88376E-7 4.55352E-7 3.41093E-7 2.13915E-6 2.52365E-6 3.65229E-5 3.74943E-5 3.65874E-5 2.52542E-5 2.79479E-5 9.05696E-5 5.96646E-5 5.53333E-5 5.97052E-5 2.46173E-5 1.7687E-5 6.96115E-6 5.12135E-6 1.63063E-5 1.44032E-5 2.55341E-5 8.3443E-5 1.90044E-4 1.35459E-4 6.98513E-5 1.05543E-4 9.0815E-5 3.725E-4 8.90081E-4 1.24726E-3 1.17002E-3 1.18231E-3 1.17006E-3 6.92231E-4 5.6957E-4 4.70269E-4 7.88132E-4 8.10012E-4 9.82777E-4 6.70672E-4 5.10047E-4 3.62769E-4 5.17724E-4 2.67855E-4 5.08703E-4 4.581E-4 3.32885E-4 5.51641E-4 5.67538E-4
-9999 -9999 -9999 -9999 -9999 -9999 -9999 -9999 -9999 6.35317E-7 1.4908E-7 2.86426E-7 4.81862E-7 1.02209E-6 3.40866E-7 7.92164E-7 3.5919E-6 2.92489E-5 1.37784E-4 6.64599E-5 1.57442E-5 1.74792E-5 3.53217E-5 6.84362E-5 4.62061E-5 4.34455E-5 3.29576E-5 2.96449E-5 1.08997E-5 5.82649E-6 4.61774E-6 6.80753E-6 1.44939E-5 3.70887E-5 7.1525E-5 8.58655E-5 1.00436E-4 7.67066E-5 1.33087E-4 9.45863E-4 9.53298E-4 1.80684E-3 1.74712E-3 1.30925E-3 9.10779E-4 6.13547E-4 7.14773E-4 7.85859E-4 3.90334E-4 4.81212E-4 4.70127E-4 5.5734E-4 4.05564E-4 9.34481E-4 7.68217E-4 3.8809E-4 5.09686E-4 6.16923E-4 4.36844E-4 5.12271E-4 3.75906E-4
-9999 -9999 -9999 -9999 -9999 -9999 -9999 -9999 -9999 3.31037E-7 2.86328E-7 1.88687E-7 3.38669E-7 9.85518E-7 1.63533E-6 7.26052E-7 1.12311E-6 1.69411E-6 1.39322E-5 2.73562E-5 1.60969E-5 1.44921E-5 3.17883E-5 5.85698E-5 4.41942E-5 4.37062E-5 4.96314E-5 2.69744E-5 1.00789E-5 3.94544E-6 4.77291E-6 2.5984E-6 1.48617E-5 1.87419E-5 5.79678E-5 8.94735E-5 1.4275E-4 8.979E-5 9.14713E-5 5.2904E-4 1.21396E-3 1.24234E-3 9.38804E-4 9.31654E-4 7.78469E-4 4.43779E-4 3.37433E-4 7.64365E-4 4.73366E-4 5.49944E-4 7.51185E-4 4.61556E-4 6.1964E-4 5.68741E-4 7.5744E-4 5.6755E-4 3.18434E-4 4.08932E-4 3.67354E-4 4.24666E-4 4.30054E-4
-9999 -9999 -9999 -9999 -9999 -9999 -9999 -9999 -9999 -9999 4.82198E-7 2.40069E-7 2.8909E-7 1.47269E-6 2.57489E-6 7.63206E-7 7.04421E-7 2.0026E-6 7.64793E-6 8.2022E-6 1.33973E-5 1.11624E-5 3.60436E-5 1.27222E-4 8.76068E-5 6.21159E-5 4.35213E-5 2.76471E-5 8.6906E-6 4.87252E-6 7.19306E-6 5.41738E-6 4.95899E-6 9.10289E-6 2.99099E-5 5.55722E-5 6.52811E-5 7.9725E-5 1.6013E-4 6.49159E-4 1.08156E-3 9.79322E-4 9.35855E-4 9.10791E-4 3.87304E-4 4.04318E-4 3.02586E-4 5.35012E-4 4.1215E-4 5.20665E-4 8.62083E-4 7.58987E-4 7.73843E-4 8.01744E-4 4.73827E-4 6.03244E-4 6.44744E-4 3.43263E-4 3.51547E-4 4.62048E-4 4.0998E-4
-9999 -9999 -9999 -9999 -9999 -9999 -9999 -9999 -9999 -9999 4.57285E-7 2.48751E-7 3.49361E-7 7.39605E-7 2.84549E-6 1.44636E-6 5.94916E-7 6.10664E-7 2.29501E-6 5.7104E-6 1.1966E-5 1.82691E-5 3.45422E-5 4.69913E-5 7.57481E-5 1.62454E-4 1.62651E-4 5.19544E-5 3.7019E-5 8.24332E-6 5.89043E-6 1.61262E-5 1.59065E-5 2.52787E-5 4.44826E-5 4.01154E-5 4.09387E-5 6.72204E-5 1.05774E-4 8.16644E-4 1.38511E-3 9.67362E-4 1.01595E-3 1.2397E-3 8.6752E-4 4.58543E-4 2.49279E-4 2.96018E-4 4.21724E-4 4.30673E-4 6.70066E-4 6.9283E-4 7.24388E-4 7.2485E-4 6.93989E-4 4.91509E-4 5.35899E-4 5.20925E-4 5.38378E-4 3.44249E-4 3.64442E-4
