Candidate_Models_Sept202022/M_4_F_lqp_Set_1_cal/Bison.asc
ncols         97
nrows         127
xllcorner     -2197417.7431653
yllcorner     -584827.01486885
cellsize      30000.0
NODATA_value  -9999
[rows 81 to 107 of 127, columns 0 to 60 of 97]
-9999 -9999 -9999 -9999 -9999 -9999 -9999 -9999 -9999 -9999 -9999 1.01789E-2 4.43145E-3 1.02982E-2 6.00013E-2 2.93904E-2 1.6049E-2 6.65128E-3 2.07251E-2 8.34462E-2 4.12802E-2 8E-2 3.30645E-2 8.43281E-2 2.26732E-1 3.07389E-1 1.64047E-1 1.36275E-1 2.36966E-1 5.35185E-2 4.65623E-2 3.34888E-2 5.56895E-2 1.08749E-1 9.50331E-2 1.22989E-1 1.76665E-1 1.99264E-1 4.33047E-1 7.36645E-1 7.94437E-1 6.92845E-1 6.89772E-1 7.52264E-1 6.81193E-1 5.57204E-1 5.1392E-1 5.03213E-1 5.22053E-1 5.56463E-1 5.85688E-1 6.73442E-1 7.02517E-1 6.80786E-1 6.96287E-1 5.70207E-1 6.29509E-1 6.21656E-1 6.12713E-1 5.94565E-1 6.10925E-1
-9999 -9999 -9999 -9999 -9999 -9999 -9999 -9999 -9999 -9999 -9999 -9999 7.2831E-3 5.97282E-3 2.20503E-2 6.68724E-2 2.90542E-2 2.53925E-2 1.10518E-2 3.20992E-2 2.22337E-2 2.20617E-2 2.62344E-2 7.71068E-2 3.19745E-1 3.70753E-1 1.9224E-1 1.40702E-1 3.00657E-1 5.31899E-2 2.46949E-2 3.49992E-2 3.56594E-2 7.21661E-2 1.31301E-1 9.39526E-2 1.18309E-1 1.30736E-1 2.30867E-1 6.92209E-1 8.19674E-1 7.07664E-1 6.89811E-1 7.16948E-1 6.64439E-1 5.45121E-1 4.78757E-1 5.103E-1 5.34739E-1 6.17089E-1 6.23194E-1 6.67142E-1 7.26032E-1 6.61078E-1 6.42176E-1 6.78209E-1 6.31635E-1 5.63996E-1 5.99513E-1 5.7392E-1 6.34629E-1
-9999 -9999 -9999 -9999 -9999 -9999 -9999 -9999 -9999 -9999 -9999 -9999 -9999 1.01311E-2 4.139E-3 2.08961E-2 1.04846E-1 5.60293E-2 1.49056E-1 1.48645E-2 1.11295E-2 1.54409E-2 1.05143E-2 7.11164E-2 1.67493E-1 1.62404E-1 1.06298E-1 2.47866E-1 1.33251E-1 6.73793E-2 2.97419E-2 2.34143E-2 2.02091E-2 3.32595E-2 7.72664E-2 1.94887E-1 7.8259E-2 1.5292E-1 1.75087E-1 6.6536E-1 7.43107E-1 7.37295E-1 6.88241E-1 6.63052E-1 6.22249E-1 5.2228E-1 5.13257E-1 5.19811E-1 5.46637E-1 5.8059E-1 6.18737E-1 6.49835E-1 7.25524E-1 6.99486E-1 6.72099E-1 6.55513E-1 6.67167E-1 6.4468E-1 5.79848E-1 5.95327E-1 5.88803E-1
-9999 -9999 -9999 -9999 -9999 -9999 -9999 -9999 -9999 -9999 -9999 -9999 -9999 1.34763E-2 7.48008E-3 1.84009E-2 5.96276E-2 -9999 2.12507E-1 2.56009E-1 1.43523E-1 4.23336E-2 1.36141E-2 5.28829E-2 1.58101E-1 1.4918E-1 1.70582E-1 1.64758E-1 9.11405E-2 9.27803E-2 4.49588E-2 2.44419E-2 2.27941E-2 3.50466E-2 6.81379E-2 9.90956E-2 7.15505E-2 1.42155E-1 1.62388E-1 6.48348E-1 6.44248E-1 6.80598E-1 7.0814E-1 5.85292E-1 5.96947E-1 6.72336E-1 5.79968E-1 5.78244E-1 5.26517E-1 5.70687E-1 6.1768E-1 6.1726E-1 6.24182E-1 6.05058E-1 6.26793E-1 5.27524E-1 6.26466E-1 6.39239E-1 5.84895E-1 6.33843E-1 6.6041E-1
-9999 -9999 -9999 -9999 -9999 -9999 -9999 -9999 -9999 -9999 -9999 -9999 -9999 1.6993E-2 1.01236E-2 1.70484E-2 5.93824E-2 -9999 1.67982E-1 3.36681E-1 7.18784E-2 1.5121E-2 9.89585E-3 4.85714E-2 9.82223E-2 7.17979E-2 1.90897E-1 8.0417E-2 8.08533E-2 4.20975E-2 3.7407E-2 1.67671E-2 4.39699E-2 4.18743E-2 5.29786E-2 1.22381E-1 1.05394E-1 1.07772E-1 2.13064E-1 3.71454E-1 6.44756E-1 6.39203E-1 6.96691E-1 6.32774E-1 5.59314E-1 6.48486E-1 5.18913E-1 5.01825E-1 5.40129E-1 6.40753E-1 6.53454E-1 5.40448E-1 6.25356E-1 7.06625E-1 6.32703E-1 6.02497E-1 6.62154E-1 5.87888E-1 6.08827E-1 6.05605E-1 5.88949E-1
-9999 -9999 -9999 -9999 -9999 -9999 -9999 -9999 -9999 -9999 -9999 -9999 -9999 1.39668E-2 1.73398E-2 3.36319E-2 7.59669E-2 -9999 3.59265E-2 9.06001E-2 3.28454E-2 3.34044E-2 1.86994E-2 3.21564E-2 1.17741E-1 1.76868E-1 2.6369E-1 8.33272E-2 5.61454E-2 4.91715E-2 6.18066E-2 3.63451E-2 7.13068E-2 4.07775E-2 3.63899E-2 2.60757E-1 6.31535E-2 1.13024E-1 1.58123E-1 5.6293E-1 6.00067E-1 6.37417E-1 6.81253E-1 6.70462E-1 6.56651E-1 5.81635E-1 5.06437E-1 5.28353E-1 5.7004E-1 6.50388E-1 6.00482E-1 4.8607E-1 5.69258E-1 6.98295E-1 6.83977E-1 6.69484E-1 6.61638E-1 5.32442E-1 5.72749E-1 6.24971E-1 6.84575E-1
-9999 -9999 -9999 -9999 -9999 -9999 -9999 -9999 -9999 -9999 -9999 -9999 -9999 2.03588E-2 6.18911E-3 7.41047E-3 1.75338E-1 -9999 1.53609E-1 8.78691E-2 2.14169E-2 9.4427E-3 6.69926E-2 8.80294E-2 8.83355E-2 1.80788E-1 4.38701E-1 1.88619E-1 1.50252E-1 4.51671E-2 9.44696E-2 3.43854E-2 3.44756E-2 5.82259E-2 1.13063E-1 1.59384E-1 1.18193E-1 1.2822E-1 3.93903E-1 6.50991E-1 5.37336E-1 6.00205E-1 7.43034E-1 6.8064E-1 6.35056E-1 6.0325E-1 6.48759E-1 6.73054E-1 6.16682E-1 5.37259E-1 5.15991E-1 4.78256E-1 5.78943E-1 6.4493E-1 7.08823E-1 7.06515E-1 6.40174E-1 5.71326E-1 5.58812E-1 5.63869E-1 6.58765E-1
-9999 -9999 -9999 -9999 -9999 -9999 -9999 -9999 -9999 -9999 -9999 -9999 -9999 1.441E-2 4.6972E-3 7.79473E-3 1.06867E-2 5.43317E-2 8.58428E-2 1.26188E-1 1.00872E-2 1.19637E-2 7.24904E-2 1.14905E-1 2.55538E-1 3.65257E-1 3.12208E-1 1.548E-1 7.93419E-2 9.84312E-2 7.37815E-2 3.18726E-2 2.84074E-2 2.03713E-1 6.06031E-2 7.43602E-2 1.44214E-1 8.43111E-2 1.38906E-1 7.34461E-1 5.94144E-1 6.66492E-1 6.47918E-1 7.00286E-1 6.55122E-1 6.72191E-1 5.83683E-1 5.44234E-1 6.78586E-1 6.73263E-1 6.12223E-1 6.20744E-1 7.25657E-1 7.05948E-1 6.93778E-1 7.18822E-1 6.86602E-1 6.76657E-1 6.67303E-1 5.68836E-1 6.13275E-1
-9999 -9999 -9999 -9999 -9999 -9999 -9999 -9999 -9999 -9999 -9999 -9999 -9999 2.43485E-2 6.41655E-3 4.43636E-3 1.09694E-2 5.31948E-2 1.22577E-1 1.04197E-1 1.04862E-2 2.94414E-2 4.95661E-2 1.40155E-1 4.00934E-1 3.36151E-1 1.71032E-1 8.97973E-2 6.93583E-2 2.87589E-1 7.4528E-2 6.45659E-2 6.60442E-2 2.5923E-1 5.09117E-2 7.10613E-2 1.68395E-1 8.1304E-2 1.18443E-1 2.63655E-1 6.85919E-1 6.42783E-1 5.93736E-1 6.39032E-1 6.81606E-1 6.61069E-1 6.24921E-1 5.09606E-1 5.12524E-1 5.75151E-1 5.84605E-1 6.08184E-1 6.90776E-1 7.10341E-1 6.91573E-1 6.92624E-1 6.62881E-1 7.03201E-1 6.99286E-1 6.85365E-1 5.83426E-1
-9999 -9999 -9999 -9999 -9999 -9999 -9999 -9999 -9999 -9999 -9999 -9999 -9999 3.07202E-2 2.14833E-2 2.25439E-2 5.66594E-2 7.19144E-2 1.22621E-1 6.62674E-2 8.13932E-3 3.1155E-2 8.92693E-2 4.20237E-1 5.55945E-1 3.41032E-1 2.81393E-1 8.90702E-2 1.40145E-1 2.38114E-1 1.24668E-1 7.9875E-2 1.27068E-1 8.55554E-2 4.34117E-2 6.13187E-2 8.89618E-2 7.22993E-2 1.32447E-1 2.26206E-1 5.72533E-1 5.41838E-1 6.11258E-1 5.33485E-1 5.85264E-1 6.35591E-1 5.07028E-1 5.26288E-1 4.92471E-1 5.8636E-1 5.81604E-1 5.53844E-1 6.74419E-1 6.1571E-1 6.00872E-1 6.29655E-1 6.38349E-1 6.59763E-1 6.71514E-1 6.41811E-1 6.25513E-1
-9999 -9999 -9999 -9999 -9999 -9999 -9999 -9999 -9999 -9999 -9999 -9999 -9999 4.09447E-2 4.73384E-2 5.36304E-2 6.82135E-2 1.03452E-1 1.79645E-1 3.56213E-2 3.74532E-2 6.2966E-2 2.38968E-1 6.23979E-1 4.98067E-1 3.05908E-1 4.44187E-1 3.24113E-1 2.02776E-1 2.27296E-1 2.68101E-1 1.70627E-1 1.7335E-1 7.35809E-2 2.91964E-2 9.13497E-2 1.12178E-1 1.72423E-1 2.21678E-1 8.93621E-2 5.21752E-1 4.89181E-1 5.66909E-1 5.88415E-1 4.24845E-1 4.89141E-1 5.31561E-1 4.84509E-1 5.33132E-1 4.87509E-1 4.69888E-1 5.17881E-1 5.58809E-1 5.77829E-1 5.7428E-1 5.38926E-1 5.44384E-1 5.62226E-1 6.15499E-1 6.11149E-1 5.85435E-1
-9999 -9999 -9999 -9999 -9999 -9999 -9999 -9999 -9999 -9999 -9999 -9999 -9999 2.72687E-2 2.50459E-2 1.00998E-1 1.03557E-1 1.01592E-1 4.81692E-2 3.22194E-2 9.33273E-2 2.00072E-1 2.82559E-1 3.81809E-1 4.52816E-1 3.20535E-1 4.06475E-1 3.75027E-1 4.56665E-1 4.48079E-1 4.30102E-1 2.98566E-1 7.34935E-2 3.76539E-2 2.94603E-2 7.41601E-2 2.15103E-1 3.27254E-1 6.10945E-1 6.75896E-2 2.20276E-1 6.83408E-1 5.15076E-1 5.64407E-1 4.67855E-1 4.9985E-1 5.12229E-1 4.88352E-1 4.88258E-1 4.94182E-1 4.47873E-1 4.97127E-1 5.59944E-1 5.61484E-1 5.40853E-1 5.46775E-1 4.84794E-1 5.94662E-1 5.6185E-1 6.0951E-1 5.99204E-1
-9999 -9999 -9999 -9999 -9999 -9999 -9999 -9999 -9999 -9999 -9999 -9999 2.79919E-2 2.04484E-2 2.81875E-2 1.10603E-1 7.28536E-2 3.79241E-2 4.83389E-2 2.51093E-2 8.67547E-2 4.20857E-1 4.32453E-1 4.72624E-1 4.0503E-1 3.64465E-1 3.56191E-1 4.50271E-1 3.79846E-1 4.51673E-1 6.32383E-1 2.13213E-1 5.49157E-2 3.89105E-2 5.10044E-2 5.76962E-2 1.56508E-1 3.35225E-1 1.76967E-1 6.65164E-2 8.00525E-2 5.67951E-1 5.62251E-1 5.69541E-1 5.30017E-1 4.95694E-1 4.71462E-1 4.66386E-1 4.53325E-1 6.4027E-1 5.09923E-1 4.65728E-1 4.88975E-1 5.18127E-1 5.09742E-1 5.1193E-1 4.98901E-1 6.03243E-1 5.30342E-1 5.18206E-1 5.80157E-1
-9999 -9999 -9999 -9999 -9999 -9999 -9999 -9999 -9999 -9999 -9999 -9999 6.72209E-2 3.88598E-2 4.12688E-2 8.20322E-2 3.9121E-2 4.49945E-2 2.0461E-2 4.7443E-2 2.18099E-1 5.41347E-1 2.32982E-1 3.75716E-1 3.56705E-1 3.99193E-1 4.65652E-1 3.748E-1 3.35454E-1 4.63671E-1 5.00011E-1 2.83867E-1 6.80804E-2 6.51632E-2 3.0722E-2 5.41658E-2 3.48014E-1 5.24229E-1 3.1375E-1 5.59834E-2 1.40266E-1 4.75731E-1 4.56925E-1 4.72188E-1 4.73098E-1 5.02365E-1 4.3707E-1 4.84786E-1 5.50279E-1 6.8751E-1 5.99151E-1 4.66708E-1 4.20299E-1 4.73714E-1 4.77289E-1 4.95831E-1 4.66937E-1 5.08174E-1 5.30735E-1 4.98305E-1 5.12902E-1
-9999 -9999 -9999 -9999 -9999 -9999 -9999 -9999 -9999 -9999 -9999 -9999 2.30752E-2 2.81858E-2 5.86012E-2 6.82297E-2 2.56969E-2 5.04861E-2 7.21189E-2 1.59949E-1 3.30274E-1 4.73071E-1 3.53881E-1 2.14433E-1 2.8957E-1 3.9267E-1 3.21195E-1 2.55639E-1 3.10196E-1 4.61124E-1 5.29692E-1 1.5002E-1 8.86626E-2 4.57451E-2 3.87421E-2 3.98449E-2 2.69667E-1 5.38579E-1 3.34035E-1 1.2377E-1 1.5692E-1 5.52969E-1 4.48533E-1 4.89577E-1 4.45657E-1 4.74063E-1 4.6411E-1 4.54197E-1 5.17159E-1 6.06889E-1 5.11261E-1 6.03045E-1 5.05004E-1 4.09859E-1 4.5925E-1 5.03386E-1 5.19575E-1 5.86831E-1 4.94636E-1 4.95852E-1 5.69956E-1
-9999 -9999 -9999 -9999 -9999 -9999 -9999 -9999 -9999 -9999 -9999 -9999 3.70166E-2 2.84998E-2 1.36803E-1 1.54838E-1 5.81938E-2 3.41838E-2 1.11128E-1 1.47552E-1 2.29258E-1 3.10525E-1 4.04735E-1 3.12548E-1 3.19755E-1 2.96136E-1 3.06989E-1 2.49189E-1 3.96473E-1 6.16239E-1 5.49759E-1 2.72276E-1 8.7978E-2 3.96749E-2 4.07775E-2 5.14825E-2 1.11262E-1 3.68679E-1 1.45942E-1 1.66657E-1 1.40945E-1 5.66898E-1 5.05213E-1 5.21981E-1 4.91037E-1 5.20861E-1 6.22939E-1 5.00101E-1 4.94691E-1 5.74616E-1 5.44389E-1 4.81125E-1 5.15817E-1 4.55994E-1 5.92363E-1 5.46191E-1 5.5855E-1 5.04829E-1 4.57501E-1 4.85413E-1 4.83908E-1
-9999 -9999 -9999 -9999 -9999 -9999 -9999 -9999 -9999 -9999 -9999 2.84775E-2 2.93889E-2 1.38744E-1 2.16217E-1 1.80617E-1 8.20365E-2 3.45514E-2 1.95464E-1 4.04149E-1 3.19223E-1 2.61185E-1 3.2492E-1 3.80483E-1 3.96108E-1 2.88554E-1 2.83544E-1 5.32678E-1 5.03853E-1 5.32448E-1 6.55406E-1 5.16546E-1 8.04731E-2 1.18225E-1 3.75344E-2 8.52334E-2 9.97136E-2 5.63267E-1 2.67467E-1 2.53734E-1 4.63168E-1 2.54374E-1 6.15044E-1 5.09534E-1 6.01613E-1 6.7668E-1 6.21091E-1 3.92711E-1 4.51929E-1 5.44205E-1 5.04187E-1 4.10992E-1 4.92939E-1 5.50259E-1 4.76595E-1 4.59535E-1 4.58522E-1 4.67173E-1 4.74341E-1 4.9645E-1 4.63743E-1
-9999 -9999 -9999 -9999 -9999 -9999 -9999 -9999 -9999 -9999 -9999 2.17689E-2 9.2959E-2 1.81207E-1 1.40509E-1 2.05344E-1 6.09073E-2 8.12277E-2 3.03797E-1 3.90439E-1 3.37331E-1 1.92165E-1 2.40939E-1 2.93555E-1 3.12738E-1 3.1768E-1 4.73814E-1 1.30132E-1 8.74738E-2 6.28963E-1 5.49523E-1 6.45492E-1 3.44335E-1 1.21693E-1 7.80338E-2 7.84961E-2 1.25717E-1 7.1405E-1 1.02956E-1 5.20693E-1 4.4394E-1 3.84122E-1 6.24475E-1 4.44697E-1 5.72445E-1 2.34784E-1 1.55143E-1 5.76684E-1 4.47201E-1 6.22924E-1 5.33062E-1 3.99705E-1 4.77339E-1 5.01163E-1 4.13526E-1 4.24325E-1 4.07524E-1 4.1895E-1 4.6266E-1 4.82883E-1 4.88837E-1
-9999 -9999 -9999 -9999 -9999 -9999 -9999 -9999 -9999 -9999 4.15069E-2 2.20334E-2 1.09296E-1 2.08219E-1 2.72254E-1 2.90608E-2 3.50545E-2 1.12272E-1 2.3757E-1 1.90878E-1 2.04452E-1 3.44284E-1 3.37613E-1 3.43329E-1 2.98572E-1 4.9878E-1 2.85112E-1 1.19145E-1 1.77897E-1 2.77769E-1 2.9431E-1 6.50339E-1 4.62545E-1 4.24275E-2 8.33877E-2 8.673E-2 4.07538E-1 7.16397E-1 2.18513E-1 4.4234E-1 7.11838E-1 4.22792E-1 6.3358E-1 5.97961E-1 5.98134E-1 5.9367E-1 3.78535E-1 6.14832E-1 5.68862E-1 4.05604E-1 5.27422E-1 3.9464E-1 3.7355E-1 3.89486E-1 3.98884E-1 4.10682E-1 4.00363E-1 4.40342E-1 4.35052E-1 4.40942E-1 4.50235E-1
-9999 -9999 -9999 -9999 -9999 -9999 -9999 -9999 -9999 -9999 1.63593E-2 1.31609E-2 1.67823E-1 1.72243E-1 8.61284E-2 2.13482E-2 5.29865E-2 1.3679E-1 1.31014E-1 1.58389E-1 1.44082E-1 2.51202E-1 2.76618E-1 2.92531E-1 2.89795E-1 2.79921E-1 3.72841E-1 3.33408E-1 4.0656E-1 3.86314E-1 2.07894E-1 2.55742E-1 1.06089E-1 1.42989E-1 9.048E-2 5.90119E-2 5.52628E-1 3.91356E-1 2.89974E-1 4.68481E-1 6.81258E-1 2.19849E-1 3.76681E-1 6.10415E-1 5.58254E-1 5.9112E-1 6.20533E-1 4.20042E-1 3.56955E-1 4.0194E-1 3.51303E-1 3.95046E-1 3.67721E-1 3.94512E-1 4.09492E-1 4.35856E-1 4.24314E-1 4.2828E-1 4.60474E-1 4.5134E-1 4.66972E-1
-9999 -9999 -9999 -9999 -9999 -9999 -9999 -9999 -9999 -9999 1.37584E-2 1.67654E-2 1.4093E-1 1.2859E-1 3.27834E-2 4.38319E-2 9.96458E-2 1.65701E-1 2.68964E-1 1.65012E-1 1.38972E-1 1.39593E-1 1.7014E-1 1.80755E-1 2.64924E-1 2.06525E-1 4.87158E-1 2.273E-1 5.24365E-1 3.6672E-1 1.3864E-1 8.7411E-2 7.97351E-2 1.57694E-1 1.28795E-1 1.54568E-1 2.16878E-1 3.57017E-1 5.78359E-1 3.63342E-1 6.03429E-1 4.76094E-1 5.53799E-1 4.98579E-1 6.02459E-1 5.78075E-1 4.05841E-1 5.08889E-1 4.09422E-1 3.81049E-1 4.22344E-1 4.76115E-1 4.74194E-1 4.07767E-1 4.08396E-1 3.7114E-1 3.85152E-1 3.98671E-1 5.05547E-1 4.68525E-1 4.25908E-1
-9999 -9999 -9999 -9999 -9999 -9999 -9999 -9999 -9999 2.26035E-2 1.30402E-2 2.55756E-2 2.43015E-1 6.57769E-2 1.42798E-2 3.14714E-2 1.76478E-1 2.89564E-1 2.9908E-1 1.28181E-1 1.50228E-1 1.56937E-1 1.68499E-1 2.08379E-1 1.57844E-1 1.54038E-1 5.41792E-1 2.62364E-1 2.31234E-1 1.1279E-1 1.41492E-1 3.04396E-1 2.31952E-1 2.7624E-1 2.28801E-1 2.11885E-1 1.95687E-1 3.02924E-1 6.99581E-1 2.60271E-1 6.32706E-1 6.5017E-1 7.09745E-1 4.4135E-1 6.70711E-1 5.31743E-1 6.47581E-1 4.80138E-1 4.55897E-1 3.89788E-1 3.58934E-1 4.02423E-1 4.08703E-1 4.66253E-1 5.13144E-1 5.17024E-1 4.73161E-1 4.58704E-1 4.35852E-1 4.64003E-1 4.64057E-1
-9999 -9999 -9999 -9999 -9999 -9999 -9999 -9999 -9999 2.28591E-2 1.61883E-2 2.47617E-2 5.19185E-2 2.29204E-2 1.47138E-2 7.96549E-2 2.22896E-1 3.18863E-1 2.73942E-1 1.92932E-1 2.92554E-1 1.90015E-1 1.57636E-1 2.15153E-1 1.92188E-1 2.57957E-1 4.83012E-1 3.90726E-1 3.34957E-1 2.40747E-1 2.89883E-1 4.53631E-1 1.43274E-1 2.87901E-1 4.63282E-1 5.54657E-1 3.18004E-1 7.01691E-1 7.13813E-1 5.99963E-1 6.35102E-1 7.38941E-1 6.281E-1 6.70382E-1 6.8256E-1 6.41332E-1 6.73479E-1 4.39325E-1 5.00694E-1 5.01325E-1 5.3768E-1 5.5879E-1 4.41064E-1 4.83199E-1 4.95799E-1 5.52001E-1 4.99445E-1 4.59891E-1 4.68325E-1 4.21515E-1 3.91001E-1
-9999 -9999 -9999 -9999 -9999 -9999 -9999 -9999 4.44759E-2 1.73221E-2 2.58954E-2 1.05497E-1 1.51976E-2 1.91504E-2 3.76246E-2 1.83783E-1 2.77404E-1 2.28582E-1 2.27667E-1 2.18976E-1 2.59573E-1 2.48538E-1 2.27532E-1 2.44409E-1 2.2879E-1 3.88363E-1 3.23629E-1 4.28228E-1 3.14156E-1 4.2494E-1 4.23521E-1 5.32305E-1 2.41431E-1 3.34745E-1 4.64695E-1 2.3796E-1 3.16186E-1 6.29591E-1 6.29623E-1 7.07594E-1 7.08858E-1 6.62371E-1 6.64508E-1 3.99282E-1 2.0466E-1 5.17657E-1 2.39454E-1 4.72016E-1 5.60431E-1 5.47473E-1 4.96941E-1 5.03759E-1 3.83062E-1 4.38396E-1 4.67468E-1 5.88441E-1 5.7675E-1 5.41923E-1 4.81776E-1 4.18314E-1 4.29855E-1
-9999 -9999 -9999 -9999 -9999 -9999 -9999 3.07101E-2 2.40662E-2 1.54953E-2 7.52666E-2 1.00103E-1 1.72019E-2 2.36595E-2 1.0094E-1 2.52548E-1 2.66369E-1 2.43218E-1 2.77941E-1 2.71926E-1 2.94951E-1 2.64264E-1 2.4751E-1 2.58945E-1 2.35612E-1 2.92793E-1 3.05629E-1 4.61538E-1 5.52736E-1 5.23997E-1 3.64337E-1 3.74222E-1 3.38985E-1 3.33214E-1 3.33956E-1 3.52705E-1 6.67107E-1 6.50489E-1 6.68025E-1 7.55536E-1 7.53382E-1 7.58467E-1 6.18831E-1 4.76202E-1 3.16654E-1 4.05669E-1 4.45368E-1 7.46978E-1 7.55192E-1 6.32463E-1 5.28199E-1 5.89839E-1 7.34192E-1 5.19624E-1 6.47517E-1 5.94735E-1 5.77815E-1 5.47027E-1 5.46286E-1 4.49501E-1 4.36194E-1
-9999 -9999 -9999 -9999 -9999 -9999 -9999 6.47095E-3 5.32023E-3 6.23828E-3 3.40225E-2 3.48383E-2 2.08274E-2 6.97692E-2 2.72922E-1 2.97713E-1 2.61176E-1 3.21028E-1 2.68701E-1 2.54743E-1 2.62764E-1 3.03967E-1 3.5426E-1 3.06431E-1 2.84461E-1 2.52319E-1 3.21829E-1 4.52468E-1 5.08084E-1 5.38844E-1 3.52413E-1 2.07984E-1 2.94791E-1 4.96961E-1 3.17623E-1 5.57571E-1 5.98318E-1 7.44399E-1 7.38632E-1 7.30716E-1 7.47996E-1 6.68677E-1 5.64462E-1 4.30496E-1 4.55691E-1 3.92018E-1 3.9308E-1 3.35204E-1 6.1054E-1 3.99559E-1 4.6923E-1 4.25837E-1 5.7113E-1 7.15872E-1 5.95834E-1 6.21195E-1 5.45763E-1 5.45932E-1 5.63418E-1 4.70024E-1 4.44644E-1
-9999 -9999 -9999 -9999 -9999 -9999 -9999 1.08039E-2 6.48057E-3 1.03271E-2 6.42545E-2 5.21985E-2 4.98667E-2 8.22098E-2 3.1355E-1 2.81856E-1 2.83324E-1 3.4237E-1 2.71391E-1 2.46346E-1 2.71289E-1 2.59159E-1 3.87178E-1 3.38776E-1 2.47597E-1 2.57184E-1 2.47729E-1 4.995E-1 4.68004E-1 4.92853E-1 5.12015E-1 2.79671E-1 5.72731E-1 7.71369E-1 5.66831E-1 5.403E-1 6.87248E-1 6.22877E-1 7.0596E-1 6.04036E-1 5.47674E-1 5.31973E-1 4.88783E-1 4.72298E-1 4.74119E-1 4.79258E-1 3.5667E-1 2.17246E-1 4.84676E-1 6.27558E-1 5.61943E-1 5.21514E-1 6.39735E-1 5.00247E-1 6.83289E-1 6.47456E-1 5.24083E-1 5.56119E-1 5.2769E-1 4.56459E-1 4.79748E-1
