Candidate_Models_Sept202022/M_4_F_lqp_Set_1_cal/Bison.asc
ncols         97
nrows         127
xllcorner     -2197417.7431653
yllcorner     -584827.01486885
cellsize      30000.0
NODATA_value  -9999
[rows 54 to 80 of 127, columns 0 to 60 of 97]
-9999 -9999 -9999 -9999 1.81303E-2 1.30601E-2 7.79384E-3 1.30121E-2 1.1685E-2 6.35234E-3 9.20758E-3 3.09788E-2 5.68893E-2 1.14215E-1 6.65276E-2 2.54482E-2 3.48571E-2 6.46534E-2 6.86851E-2 8.56879E-2 1.1396E-1 9.29819E-2 7.37523E-2 5.94516E-2 7.39863E-2 1.30729E-1 1.06299E-1 8.58467E-2 1.42986E-1 1.17911E-1 1.32446E-1 1.57096E-1 1.7499E-1 1.7835E-1 1.54981E-1 1.47384E-1 1.50628E-1 1.44486E-1 1.64715E-1 1.88997E-1 2.58829E-1 3.27621E-1 2.17328E-1 1.45897E-1 1.26436E-1 1.24451E-1 1.25815E-1 1.13961E-1 1.14791E-1 1.10636E-1 1.09512E-1 1.00949E-1 8.94487E-2 1.27412E-1 1.28957E-1 1.1282E-1 1.10529E-1 9.59283E-2 9.03379E-2 6.57575E-2 5.63102E-2
-9999 -9999 -9999 -9999 -9999 7.46918E-3 5.05828E-3 1.09548E-2 1.15186E-2 8.26877E-3 6.87019E-3 2.357E-2 7.14462E-2 9.21331E-2 6.54831E-2 3.17718E-2 2.24723E-2 2.67524E-2 9.09221E-2 3.66393E-2 1.1837E-1 1.02568E-1 7.79226E-2 1.05113E-1 6.44457E-2 7.41832E-2 9.19898E-2 1.21044E-1 1.8626E-1 1.7269E-1 1.89069E-1 1.77877E-1 1.87399E-1 1.61618E-1 1.57109E-1 1.6769E-1 1.70543E-1 1.55374E-1 1.93242E-1 1.73235E-1 2.56777E-1 4.58923E-1 1.86986E-1 1.3946E-1 1.45763E-1 1.43367E-1 1.23383E-1 1.18557E-1 1.24092E-1 1.20194E-1 1.32179E-1 1.4193E-1 1.28706E-1 1.33924E-1 1.24863E-1 1.04545E-1 9.68833E-2 8.70624E-2 8.1953E-2 6.90968E-2 7.42803E-2
-9999 -9999 -9999 -9999 -9999 1.36486E-2 9.78444E-3 1.25479E-2 1.38308E-2 1.13193E-2 3.05985E-3 1.27459E-2 2.02045E-2 4.02902E-2 8.54116E-2 4.05036E-2 5.14697E-2 6.20823E-2 6.85854E-2 7.54564E-2 8.9716E-2 7.42313E-2 6.37558E-2 7.98321E-2 6.86113E-2 9.81067E-2 1.02848E-1 1.4526E-1 2.41018E-1 1.75861E-1 2.09096E-1 2.15264E-1 2.2002E-1 2.05796E-1 2.08957E-1 2.27613E-1 1.69802E-1 1.50121E-1 1.75253E-1 1.52324E-1 2.51438E-1 1.83188E-1 1.4008E-1 1.49209E-1 1.45593E-1 1.38035E-1 1.26445E-1 1.16299E-1 1.11253E-1 1.34021E-1 1.37646E-1 1.36489E-1 1.3334E-1 1.47886E-1 1.12735E-1 1.029E-1 1.08882E-1 9.73015E-2 8.62173E-2 8.17105E-2 7.75051E-2
-9999 -9999 -9999 -9999 -9999 -9999 1.79031E-2 -9999 2.48868E-2 4.06154E-3 2.95931E-3 1.05077E-2 3.59514E-2 3.90683E-2 2.60946E-2 7.65474E-2 3.61759E-2 6.49532E-2 7.825E-2 1.00376E-1 6.60904E-2 6.83734E-2 6.86107E-2 1.13196E-1 7.78085E-2 9.35364E-2 5.57539E-2 1.44131E-1 1.70837E-1 2.02244E-1 3.41072E-1 3.2902E-1 2.58617E-1 2.33634E-1 2.25741E-1 2.2497E-1 2.25374E-1 1.69127E-1 1.80868E-1 1.38999E-1 1.63499E-1 1.68555E-1 1.66949E-1 1.60597E-1 1.43539E-1 1.45203E-1 1.4346E-1 1.63403E-1 1.7943E-1 1.31949E-1 1.39525E-1 1.83282E-1 1.30845E-1 1.14307E-1 1.11001E-1 1.18735E-1 1.1461E-1 1.10586E-1 1.03947E-1 9.29136E-2 7.61739E-2
-9999 -9999 -9999 2.28557E-2 -9999 -9999 -9999 -9999 -9999 9.9708E-3 1.0833E-2 1.0317E-2 1.37674E-2 2.67676E-2 3.35726E-2 4.71477E-2 4.02754E-2 7.17166E-2 7.51651E-2 1.16124E-1 6.96339E-2 8.58013E-2 5.30861E-2 1.2841E-1 5.36719E-2 5.53465E-2 6.20087E-2 1.069E-1 2.69857E-1 2.0314E-1 4.45127E-1 4.03292E-1 2.5392E-1 2.11426E-1 1.87609E-1 2.39134E-1 2.22724E-1 2.6787E-1 4.58505E-1 1.73304E-1 1.78403E-1 1.6949E-1 1.71644E-1 1.64892E-1 1.51475E-1 1.61898E-1 1.72044E-1 1.58881E-1 1.6169E-1 1.44089E-1 1.43739E-1 1.41403E-1 1.47094E-1 1.1695E-1 1.18408E-1 1.36385E-1 1.15638E-1 1.6059E-1 1.33049E-1 1.00528E-1 9.36844E-2
-9999 -9999 -9999 1.45763E-2 3.27143E-2 3.77577E-2 -9999 -9999 -9999 1.48725E-2 6.95944E-3 2.30899E-2 2.23379E-2 3.35825E-2 2.94732E-2 5.96487E-2 3.85371E-2 5.52222E-2 1.06257E-1 9.74417E-2 7.80506E-2 8.11353E-2 7.61215E-2 1.23637E-1 8.29174E-2 5.9539E-2 6.8652E-2 1.1648E-1 3.32463E-1 2.89539E-1 5.27028E-1 4.61921E-1 2.6828E-1 2.39337E-1 2.41727E-1 2.08094E-1 2.20217E-1 4.69854E-1 3.37335E-1 1.82841E-1 1.88711E-1 2.13433E-1 1.76506E-1 1.61843E-1 1.72449E-1 1.59325E-1 1.71337E-1 1.61703E-1 1.60589E-1 1.91854E-1 1.74631E-1 1.618E-1 1.21707E-1 1.20543E-1 1.18519E-1 1.41867E-1 1.97643E-1 1.78656E-1 1.35061E-1 1.29953E-1 1.27632E-1
-9999 -9999 -9999 1.33117E-2 3.29398E-2 4.82401E-2 3.21544E-2 -9999 -9999 1.91196E-2 9.74689E-3 2.58873E-2 2.29743E-2 2.64084E-2 2.63314E-2 4.95978E-2 6.46188E-2 9.49711E-2 1.08762E-1 8.22348E-2 1.09551E-1 1.20885E-1 1.12264E-1 8.57379E-2 1.26713E-1 5.59089E-2 1.02651E-1 1.0875E-1 2.07396E-1 2.09005E-1 4.9395E-1 6.3247E-1 4.57907E-1 4.59139E-1 5.03592E-1 2.93375E-1 3.35561E-1 3.68497E-1 2.29949E-1 2.1315E-1 2.25603E-1 2.09763E-1 1.94523E-1 1.76773E-1 1.68063E-1 1.68525E-1 1.67538E-1 1.84004E-1 1.78512E-1 2.7428E-1 3.12884E-1 2.51097E-1 1.75666E-1 2.15979E-1 1.31332E-1 1.36131E-1 1.52187E-1 1.61361E-1 1.55144E-1 1.52626E-1 1.1396E-1
-9999 -9999 -9999 7.01606E-3 2.81732E-2 3.74926E-2 -9999 -9999 2.95695E-2 1.01455E-2 4.42641E-3 1.10568E-2 1.88173E-2 2.74935E-2 3.19852E-2 6.28224E-2 1.69366E-1 1.16133E-1 1.20689E-1 7.86711E-2 1.01215E-1 1.17286E-1 1.37774E-1 1.19913E-1 1.29651E-1 6.12204E-2 6.92572E-2 9.06342E-2 1.48312E-1 3.52205E-1 5.91439E-1 6.8966E-1 6.32495E-1 5.60557E-1 5.73097E-1 5.07582E-1 4.60515E-1 4.85979E-1 3.27309E-1 2.6065E-1 2.64372E-1 2.59663E-1 2.1783E-1 1.9714E-1 1.75811E-1 2.15841E-1 2.00327E-1 1.96923E-1 2.4084E-1 3.03782E-1 2.85571E-1 1.85929E-1 1.54934E-1 1.31075E-1 1.4128E-1 1.47241E-1 1.55865E-1 1.38849E-1 1.62388E-1 1.29246E-1 1.28309E-1
-9999 -9999 -9999 7.14155E-3 2.8865E-2 -9999 -9999 4.97533E-2 2.21235E-2 9.50199E-3 8.31622E-3 9.76855E-3 2.05132E-2 2.54493E-2 3.72568E-2 8.33587E-2 1.23811E-1 1.09915E-1 1.26692E-1 1.07737E-1 1.08639E-1 1.40789E-1 1.44133E-1 1.47566E-1 1.39046E-1 7.48999E-2 1.03181E-1 1.15654E-1 1.16429E-1 1.45891E-1 3.87873E-1 6.25416E-1 4.6126E-1 5.26969E-1 6.84832E-1 6.25249E-1 5.85976E-1 6.98781E-1 4.95916E-1 2.81951E-1 2.65058E-1 2.2465E-1 2.05378E-1 1.88329E-1 2.03663E-1 2.48496E-1 2.16445E-1 1.77082E-1 1.74502E-1 2.26303E-1 2.4945E-1 1.47757E-1 1.19777E-1 1.35336E-1 1.34912E-1 1.40718E-1 1.50139E-1 1.404E-1 1.32218E-1 1.28868E-1 1.48991E-1
-9999 -9999 -9999 5.63763E-3 9.80191E-3 -9999 -9999 -9999 2.40909E-2 8.82076E-3 7.52048E-3 1.33753E-2 8.68198E-3 6.88406E-2 7.95669E-2 8.9385E-2 1.1748E-1 1.37376E-1 1.54429E-1 9.96938E-2 1.24479E-1 1.42215E-1 1.57635E-1 1.48413E-1 1.34252E-1 7.33286E-2 5.5874E-2 5.99987E-2 1.05672E-1 1.21285E-1 1.7638E-1 4.61162E-1 5.6232E-1 5.79669E-1 6.87778E-1 6.82532E-1 5.79198E-1 5.87444E-1 3.25583E-1 2.85866E-1 2.56061E-1 2.54635E-1 2.29656E-1 2.10163E-1 2.25911E-1 2.46028E-1 2.75335E-1 2.01058E-1 2.11588E-1 2.52921E-1 2.47914E-1 1.79711E-1 1.9036E-1 1.70776E-1 1.63457E-1 1.48875E-1 1.49034E-1 1.481E-1 1.45103E-1 1.6487E-1 1.5772E-1
-9999 -9999 -9999 7.1316E-3 1.65106E-2 -9999 -9999 -9999 3.23328E-2 1.37429E-2 1.22611E-2 8.4557E-3 2.52409E-2 6.18333E-2 6.59708E-2 1.17689E-1 1.19428E-1 1.43651E-1 1.63159E-1 1.18347E-1 1.19476E-1 1.72291E-1 1.75827E-1 1.72168E-1 1.55038E-1 1.33239E-1 5.16887E-2 8.48199E-2 9.00655E-2 1.67766E-1 2.09709E-1 5.05681E-1 5.94499E-1 6.48522E-1 5.70497E-1 5.65388E-1 4.91634E-1 6.08406E-1 3.70149E-1 3.90291E-1 2.89967E-1 2.8689E-1 2.50161E-1 2.24739E-1 3.19678E-1 3.21463E-1 3.00342E-1 2.26945E-1 2.36728E-1 2.85885E-1 2.98696E-1 1.93795E-1 1.81357E-1 1.63228E-1 1.72157E-1 1.6487E-1 1.51363E-1 1.43407E-1 1.36862E-1 1.35167E-1 1.44763E-1
-9999 -9999 -9999 4.59387E-3 1.92676E-2 -9999 -9999 -9999 3.11461E-2 1.9602E-2 4.12038E-3 9.91025E-3 1.69512E-2 5.4194E-2 1.27918E-1 9.86087E-2 1.17046E-1 1.58709E-1 1.30095E-1 1.30491E-1 2.0523E-1 2.77768E-1 1.92049E-1 1.81499E-1 1.55491E-1 1.34999E-1 8.18366E-2 9.83429E-2 9.31692E-2 1.47527E-1 1.97365E-1 3.32112E-1 5.16995E-1 6.53376E-1 4.98853E-1 5.89463E-1 3.74308E-1 5.44796E-1 5.65274E-1 3.97398E-1 2.48208E-1 2.41873E-1 2.41673E-1 2.53535E-1 2.31686E-1 2.34764E-1 2.38521E-1 2.63684E-1 3.02397E-1 2.68058E-1 2.2544E-1 2.07039E-1 1.89618E-1 1.78908E-1 1.76402E-1 1.7173E-1 1.52388E-1 1.72682E-1 1.57893E-1 1.53011E-1 2.33257E-1
-9999 -9999 -9999 -9999 8.06803E-3 -9999 -9999 -9999 -9999 2.30843E-2 7.41138E-3 8.20496E-3 2.27816E-2 1.6575E-2 6.27641E-2 1.12048E-1 1.34958E-1 1.58954E-1 1.56356E-1 1.96495E-1 1.71165E-1 4.15261E-1 2.73228E-1 1.99616E-1 2.27553E-1 1.40843E-1 8.50216E-2 6.21619E-2 1.15576E-1 9.68045E-2 1.2825E-1 1.85071E-1 2.30565E-1 2.71131E-1 2.5866E-1 3.03565E-1 5.45799E-1 4.71093E-1 2.98163E-1 2.36804E-1 3.19965E-1 2.32493E-1 3.08437E-1 2.61011E-1 2.45577E-1 2.93324E-1 2.57896E-1 2.8213E-1 2.74046E-1 2.53766E-1 3.29073E-1 2.13482E-1 2.01074E-1 1.88213E-1 1.86922E-1 1.86683E-1 1.78065E-1 1.64998E-1 1.5618E-1 1.47719E-1 1.46796E-1
-9999 -9999 -9999 -9999 2.08433E-2 -9999 -9999 -9999 -9999 3.43068E-2 1.18757E-2 7.26905E-3 4.09744E-2 2.48264E-2 4.2562E-2 1.01756E-1 1.45118E-1 1.48312E-1 1.62847E-1 1.54303E-1 1.89776E-1 2.37213E-1 2.03286E-1 3.22332E-1 4.22609E-1 1.74326E-1 1.13648E-1 8.27437E-2 8.98568E-2 9.61848E-2 7.8266E-2 1.3809E-1 2.10879E-1 2.88952E-1 2.4233E-1 2.44299E-1 3.64754E-1 2.64149E-1 2.16434E-1 1.94217E-1 2.72777E-1 2.55246E-1 2.78821E-1 3.25839E-1 2.57532E-1 2.8634E-1 3.92262E-1 2.86013E-1 2.76105E-1 2.86822E-1 2.9849E-1 2.33225E-1 2.21166E-1 2.06883E-1 2.00833E-1 2.10437E-1 1.93735E-1 1.7935E-1 1.7102E-1 1.5495E-1 1.49901E-1
-9999 -9999 -9999 -9999 -9999 -9999 -9999 -9999 -9999 2.39356E-2 1.94779E-2 5.0647E-3 1.9336E-2 1.56084E-2 1.89087E-2 7.17206E-2 1.61737E-1 1.64999E-1 1.50911E-1 1.86334E-1 1.7509E-1 1.83914E-1 2.03367E-1 1.87258E-1 1.63613E-1 8.74715E-2 6.03153E-2 1.00752E-1 6.67635E-2 8.84881E-2 1.19897E-1 1.06403E-1 1.15535E-1 2.11144E-1 1.91016E-1 2.49566E-1 3.74707E-1 3.47589E-1 2.33507E-1 2.78972E-1 3.35971E-1 2.76862E-1 3.09177E-1 3.42844E-1 4.78435E-1 5.29593E-1 5.2611E-1 3.31589E-1 2.7107E-1 2.64428E-1 2.90078E-1 2.86716E-1 2.35835E-1 2.03494E-1 2.09308E-1 1.96796E-1 1.99377E-1 1.97853E-1 1.78507E-1 1.79328E-1 1.69077E-1
-9999 -9999 -9999 -9999 -9999 -9999 -9999 -9999 -9999 -9999 2.27523E-2 6.75968E-3 7.33916E-3 2.01192E-2 3.34263E-2 1.15733E-1 1.57431E-1 1.43296E-1 1.84218E-1 1.78375E-1 1.59079E-1 1.57306E-1 1.9276E-1 1.8372E-1 1.5888E-1 7.8232E-2 7.24317E-2 6.83894E-2 7.49102E-2 9.07077E-2 1.24024E-1 8.17526E-2 1.72596E-1 2.24155E-1 2.54879E-1 2.57356E-1 3.28753E-1 3.47393E-1 2.65149E-1 3.08652E-1 3.27478E-1 4.62802E-1 4.7908E-1 5.49701E-1 6.08332E-1 6.22611E-1 5.20343E-1 6.19745E-1 2.90511E-1 2.61009E-1 3.57906E-1 2.90688E-1 2.4232E-1 2.31613E-1 2.14787E-1 1.93279E-1 2.23468E-1 2.37795E-1 2.11785E-1 1.95136E-1 1.97301E-1
-9999 -9999 -9999 -9999 -9999 -9999 -9999 -9999 -9999 -9999 1.86927E-2 8.04304E-3 5.70387E-3 1.36009E-2 3.4145E-2 2.80929E-2 1.79374E-1 2.09944E-1 1.70535E-1 1.81411E-1 1.53791E-1 1.51219E-1 1.99707E-1 2.46359E-1 1.41204E-1 7.3721E-2 5.58693E-2 3.0824E-2 5.62419E-2 1.31549E-1 1.13806E-1 1.1512E-1 1.29478E-1 2.12461E-1 2.38973E-1 2.95438E-1 2.43655E-1 2.54526E-1 2.70161E-1 4.86385E-1 5.21806E-1 6.08739E-1 5.74014E-1 6.13883E-1 6.00204E-1 5.73883E-1 3.85976E-1 5.09147E-1 4.2476E-1 4.93956E-1 5.24027E-1 3.68543E-1 2.40215E-1 2.35472E-1 2.1671E-1 2.15758E-1 2.13565E-1 2.03122E-1 2.05473E-1 1.99883E-1 2.08016E-1
-9999 -9999 -9999 -9999 -9999 -9999 -9999 -9999 -9999 -9999 1.43986E-2 4.83578E-3 7.57998E-3 1.34908E-2 1.5722E-1 1.62022E-1 2.07251E-1 2.35213E-1 1.92503E-1 1.94484E-1 1.73287E-1 1.83336E-1 2.03099E-1 2.18244E-1 1.64714E-1 8.04592E-2 5.19512E-2 5.98727E-2 7.92365E-2 6.92826E-2 1.19776E-1 1.77192E-1 1.47595E-1 1.32475E-1 2.31456E-1 2.67967E-1 3.66176E-1 4.49569E-1 4.87833E-1 4.65153E-1 5.83303E-1 6.0604E-1 6.55046E-1 6.4505E-1 6.53127E-1 6.70802E-1 6.22064E-1 5.95306E-1 5.89356E-1 6.21557E-1 6.4733E-1 5.4181E-1 4.38895E-1 3.95365E-1 3.95785E-1 2.41559E-1 2.18297E-1 2.0909E-1 2.20056E-1 2.15723E-1 2.29415E-1
-9999 -9999 -9999 -9999 -9999 -9999 -9999 -9999 -9999 -9999 1.55915E-2 3.58916E-3 7.47616E-3 1.32638E-2 6.87052E-2 6.02295E-2 1.61646E-1 1.96227E-1 1.82244E-1 2.23809E-1 2.52645E-1 2.12051E-1 1.93932E-1 2.07577E-1 1.46731E-1 7.49582E-2 5.78013E-2 5.75657E-2 1.64281E-1 8.00583E-2 7.67826E-2 2.02618E-1 1.55944E-1 1.02445E-1 2.52618E-1 2.56591E-1 3.62206E-1 4.29116E-1 4.05662E-1 4.80022E-1 5.95883E-1 6.63879E-1 7.19766E-1 6.82048E-1 7.43797E-1 6.8852E-1 6.71886E-1 6.62227E-1 6.9271E-1 6.44478E-1 4.53533E-1 3.7339E-1 3.6599E-1 4.85195E-1 5.47422E-1 4.93826E-1 2.58392E-1 2.34345E-1 2.30176E-1 2.15032E-1 2.34668E-1
-9999 -9999 -9999 -9999 -9999 -9999 -9999 -9999 -9999 -9999 9.37628E-3 4.6648E-3 1.1733E-2 6.81508E-2 1.99257E-1 3.423E-2 1.61005E-1 1.40671E-1 1.84071E-1 2.64248E-1 3.08332E-1 2.28564E-1 2.15635E-1 1.7205E-1 2.13673E-1 1.42091E-1 7.38437E-2 6.2573E-2 9.78283E-2 1.75254E-1 9.075E-2 8.88668E-2 1.34326E-1 1.58066E-1 2.25989E-1 3.27891E-1 3.15953E-1 3.27257E-1 3.89986E-1 4.76456E-1 6.28773E-1 7.34384E-1 7.40679E-1 7.9937E-1 7.85717E-1 6.56496E-1 6.24562E-1 6.52393E-1 5.83106E-1 7.02301E-1 6.54552E-1 4.56409E-1 3.75326E-1 5.60397E-1 4.1785E-1 3.73679E-1 2.52308E-1 3.05823E-1 2.56946E-1 2.23254E-1 2.44421E-1
-9999 -9999 -9999 -9999 -9999 -9999 -9999 -9999 2.9934E-2 2.3372E-2 1.93336E-2 8.95517E-3 5.21912E-3 1.41629E-2 5.09509E-2 1.62416E-1 1.54011E-1 1.41591E-1 1.42744E-1 2.13489E-1 2.41054E-1 2.66583E-1 2.54256E-1 2.1037E-1 2.23696E-1 1.87604E-1 7.32907E-2 4.76832E-2 5.00139E-2 8.54435E-2 5.16498E-2 6.70704E-2 1.567E-1 1.20573E-1 1.8183E-1 1.7932E-1 2.45021E-1 3.68107E-1 3.38975E-1 5.12291E-1 6.57143E-1 7.44263E-1 7.08232E-1 7.03756E-1 7.21921E-1 6.35398E-1 6.30784E-1 6.64412E-1 6.56133E-1 6.11647E-1 6.85942E-1 6.40102E-1 6.02784E-1 5.58583E-1 3.90324E-1 3.47509E-1 4.28829E-1 3.84705E-1 3.84323E-1 2.51626E-1 2.79409E-1
-9999 -9999 -9999 -9999 -9999 -9999 -9999 -9999 1.28577E-2 1.1773E-2 2.63632E-2 1.9287E-2 1.2237E-2 5.45047E-3 7.60346E-3 6.35563E-2 6.75494E-2 1.89291E-1 1.24162E-1 1.62609E-1 2.227E-1 2.298E-1 2.52171E-1 2.18128E-1 2.21073E-1 1.47586E-1 9.07262E-2 7.44313E-2 6.85849E-2 5.66049E-2 1.47807E-1 4.84176E-2 1.26939E-1 1.69715E-1 2.65142E-1 1.42907E-1 2.33941E-1 3.01594E-1 3.29712E-1 3.2123E-1 5.7388E-1 6.96233E-1 6.86114E-1 6.94931E-1 6.95569E-1 6.58438E-1 6.18749E-1 6.4822E-1 6.47403E-1 6.95981E-1 6.84305E-1 6.68336E-1 6.39355E-1 5.92546E-1 5.86137E-1 5.4629E-1 6.08067E-1 5.38976E-1 5.71545E-1 5.51734E-1 5.87084E-1
-9999 -9999 -9999 -9999 -9999 -9999 -9999 -9999 5.07027E-3 3.7302E-3 6.2336E-3 6.57811E-3 1.04638E-2 6.27801E-3 6.83331E-3 3.6596E-2 6.98712E-2 1.86924E-1 1.40024E-1 1.55617E-1 2.02764E-1 1.73557E-1 1.92212E-1 2.25304E-1 2.54001E-1 2.63144E-1 1.12073E-1 1.12443E-1 9.29467E-2 7.12934E-2 9.92671E-2 1.01502E-1 1.11719E-1 2.17034E-1 3.43826E-1 3.16452E-1 1.5625E-1 2.37809E-1 3.00853E-1 5.70589E-1 6.96101E-1 7.10975E-1 7.1379E-1 7.34411E-1 7.39163E-1 6.77323E-1 6.46599E-1 6.19045E-1 6.97079E-1 7.00937E-1 7.44155E-1 6.93953E-1 6.45937E-1 5.88519E-1 6.382E-1 5.75734E-1 6.06685E-1 5.6176E-1 5.68402E-1 6.39205E-1 6.78286E-1
-9999 -9999 -9999 -9999 -9999 -9999 -9999 -9999 -9999 4.78961E-3 4.06854E-3 5.51888E-3 8.40206E-3 1.38046E-2 6.82364E-3 6.6676E-3 4.37144E-2 1.82893E-1 3.59789E-1 2.35893E-1 9.37987E-2 1.0834E-1 9.99903E-2 2.10742E-1 1.8111E-1 2.04707E-1 1.35949E-1 6.76287E-2 6.98329E-2 5.82398E-2 4.22965E-2 6.72277E-2 9.39728E-2 8.71737E-2 2.04171E-1 1.88862E-1 2.1666E-1 2.31605E-1 3.43269E-1 7.24844E-1 6.88897E-1 7.58597E-1 7.60479E-1 7.42983E-1 7.05693E-1 6.3721E-1 7.04898E-1 7.09275E-1 6.08469E-1 6.37152E-1 6.39365E-1 6.46133E-1 6.15043E-1 7.29206E-1 7.03914E-1 6.11296E-1 6.49378E-1 6.38866E-1 6.19553E-1 5.88578E-1 6.28125E-1
-9999 -9999 -9999 -9999 -9999 -9999 -9999 -9999 -9999 4.17921E-3 5.45985E-3 5.16925E-3 4.50639E-3 1.67711E-2 1.96541E-2 9.47734E-3 1.14148E-2 4.17186E-2 1.43059E-1 1.23303E-1 6.71172E-2 5.23345E-2 7.98126E-2 1.27638E-1 1.55789E-1 1.71533E-1 1.74017E-1 9.54822E-2 5.31855E-2 4.154E-2 7.8384E-2 2.77269E-2 1.64636E-1 7.0166E-2 1.7756E-1 2.56855E-1 3.67628E-1 2.37573E-1 2.63579E-1 6.28659E-1 7.28884E-1 7.18375E-1 6.95416E-1 7.0183E-1 6.86989E-1 5.93828E-1 5.87769E-1 7.08381E-1 6.36294E-1 6.6724E-1 7.09716E-1 6.29191E-1 6.69948E-1 6.77262E-1 7.03173E-1 6.57417E-1 5.75078E-1 6.01627E-1 6.15093E-1 6.12811E-1 6.48878E-1
-9999 -9999 -9999 -9999 -9999 -9999 -9999 -9999 -9999 -9999 5.3095E-3 2.80681E-3 3.30953E-3 2.70601E-2 6.16524E-2 8.90022E-3 1.01405E-2 2.17438E-2 1.05555E-1 7.47567E-2 6.09593E-2 3.37378E-2 6.39458E-2 2.44645E-1 1.76974E-1 1.79321E-1 1.2235E-1 7.08631E-2 4.90729E-2 4.44325E-2 5.09915E-2 4.44756E-2 5.8057E-2 8.30973E-2 9.84843E-2 2.05812E-1 2.94285E-1 2.68023E-1 4.12095E-1 6.38402E-1 6.80106E-1 6.95331E-1 7.00576E-1 6.85903E-1 5.64565E-1 5.66373E-1 5.40484E-1 6.34527E-1 6.09674E-1 6.34915E-1 7.25502E-1 7.14004E-1 6.97289E-1 7.28428E-1 6.37983E-1 6.63576E-1 6.87551E-1 5.83411E-1 6.10048E-1 6.59496E-1 6.36314E-1
-9999 -9999 -9999 -9999 -9999 -9999 -9999 -9999 -9999 -9999 6.4569E-3 3.17238E-3 4.96624E-3 1.25497E-2 7.22259E-2 2.41727E-2 7.30266E-3 9.1061E-3 4.6372E-2 5.57078E-2 5.22335E-2 6.12065E-2 5.95811E-2 1.02432E-1 2.747E-1 3.6843E-1 3.11078E-1 1.31325E-1 1.28672E-1 7.15675E-2 3.07043E-2 6.17712E-2 1.01734E-1 1.18446E-1 8.51467E-2 1.4125E-1 2.04314E-1 2.35577E-1 2.74609E-1 6.81894E-1 7.04549E-1 7.12452E-1 7.24344E-1 7.48804E-1 6.89024E-1 5.86943E-1 5.0448E-1 5.28931E-1 5.91943E-1 5.84831E-1 6.37892E-1 6.70955E-1 6.80424E-1 6.96408E-1 6.77452E-1 6.28432E-1 6.65862E-1 6.73745E-1 6.88147E-1 6.05171E-1 6.15532E-1
