Candidate_Models_Sept202022/M_4_F_lqp_Set_1_cal/Bison.asc
ncols         97
nrows         127
xllcorner     -2197417.7431653
yllcorner     -584827.01486885
cellsize      30000.0
NODATA_value  -9999
[rows 27 to 53 of 127, columns 0 to 60 of 97]
-9999 -9999 2.10915E-1 2.11626E-1 1.66999E-1 8.15031E-2 3.59209E-2 6.06559E-2 1.93555E-1 5.75545E-2 8.14347E-2 8.89134E-2 4.49851E-2 3.76416E-2 3.56879E-2 4.51889E-2 2.79904E-2 3.94478E-2 5.15436E-2 3.71405E-2 2.36811E-2 3.48525E-2 4.06319E-2 5.00576E-2 7.17507E-2 4.95056E-2 6.24203E-2 6.06598E-2 7.17303E-2 6.2797E-2 4.68633E-2 3.41065E-2 4.44147E-2 3.541E-2 3.2135E-2 3.38224E-2 5.86181E-2 3.90939E-2 4.37449E-2 4.0785E-2 4.49139E-2 7.09765E-2 5.18421E-2 8.25357E-2 5.49433E-2 4.05887E-2 2.9689E-2 3.01793E-2 2.63489E-2 2.58234E-2 2.64266E-2 2.83403E-2 2.49332E-2 2.37705E-2 1.89056E-2 1.58633E-2 1.54713E-2 1.4264E-2 1.49827E-2 1.50171E-2 2.1347E-2
-9999 2.89407E-1 1.85574E-1 2.06633E-1 1.56179E-1 1.29743E-1 5.56578E-2 6.14111E-2 6.6605E-2 5.24755E-2 7.35061E-2 6.5054E-2 3.66999E-2 3.88625E-2 5.57249E-2 3.73715E-2 6.20097E-2 5.42388E-2 4.8455E-2 5.4185E-2 1.27385E-1 5.73724E-2 2.75289E-2 4.20408E-2 6.70145E-2 5.59315E-2 5.27561E-2 5.04776E-2 4.95642E-2 5.62982E-2 4.70412E-2 2.56058E-2 5.76179E-2 3.4734E-2 3.4342E-2 4.46394E-2 6.10739E-2 6.10548E-2 4.97168E-2 4.09687E-2 4.36508E-2 4.26214E-2 4.11649E-2 3.91274E-2 4.14479E-2 3.45338E-2 3.09655E-2 2.92437E-2 2.69106E-2 2.5323E-2 2.51059E-2 3.34015E-2 2.34275E-2 2.18868E-2 1.92469E-2 1.65952E-2 1.54376E-2 1.44689E-2 1.5113E-2 1.63259E-2 1.45538E-2
-9999 2.59862E-1 2.68345E-1 2.71024E-1 2.5863E-1 1.4227E-1 7.78076E-2 7.26689E-2 1.17853E-1 8.7508E-2 8.38253E-2 8.70065E-2 4.45177E-2 4.43091E-2 4.52535E-2 4.60716E-2 2.7538E-2 4.77138E-2 9.52178E-2 1.15212E-1 3.28723E-2 2.35084E-2 3.63809E-2 3.22381E-2 7.63018E-2 7.3247E-2 7.1272E-2 6.02387E-2 6.06009E-2 7.24451E-2 4.31176E-2 2.34128E-2 3.09608E-2 3.7746E-2 3.31335E-2 3.67744E-2 6.04561E-2 6.24072E-2 5.94909E-2 4.38346E-2 5.12983E-2 4.60755E-2 5.36527E-2 3.83417E-2 3.31601E-2 3.09989E-2 3.03242E-2 2.79152E-2 2.61779E-2 2.4067E-2 2.18664E-2 2.33565E-2 2.17982E-2 2.16686E-2 1.86369E-2 1.74701E-2 1.60833E-2 1.52332E-2 1.47047E-2 1.57875E-2 1.50986E-2
2.20034E-1 2.83546E-1 2.37605E-1 2.28595E-1 2.32985E-1 1.9312E-1 1.40845E-1 7.6603E-2 1.06855E-1 7.80376E-2 9.97113E-2 8.80918E-2 5.60572E-2 6.50418E-2 5.02812E-2 3.52958E-2 4.92666E-2 5.53601E-2 5.47939E-2 5.23165E-2 5.26484E-2 2.83779E-2 3.43638E-2 6.62494E-2 7.33189E-2 5.56283E-2 5.40647E-2 5.43047E-2 7.04626E-2 6.01561E-2 4.86814E-2 4.84381E-2 2.31685E-2 4.24223E-2 4.80535E-2 4.45629E-2 6.29766E-2 5.79076E-2 5.50896E-2 4.46823E-2 4.38903E-2 3.78007E-2 5.06003E-2 4.59949E-2 3.4005E-2 2.83067E-2 2.70594E-2 2.62076E-2 2.62275E-2 2.4306E-2 2.21902E-2 2.3764E-2 2.33877E-2 2.32021E-2 2.07279E-2 1.91881E-2 1.68551E-2 1.58338E-2 1.52957E-2 1.60747E-2 1.59639E-2
9.28787E-2 1.80631E-1 2.4531E-1 2.81069E-1 2.37535E-1 2.34361E-1 1.12614E-1 9.36879E-2 7.62576E-2 8.77717E-2 1.15198E-1 7.50265E-2 7.0938E-2 8.12841E-2 5.27002E-2 6.95742E-2 4.06877E-2 5.05518E-2 5.03057E-2 4.59565E-2 4.86314E-2 5.97867E-2 3.09822E-2 4.75748E-2 5.91278E-2 7.51047E-2 6.32792E-2 7.98732E-2 7.58556E-2 7.0651E-2 3.69501E-2 2.29571E-2 4.24712E-2 3.79508E-2 2.97341E-2 5.40993E-2 4.36039E-2 5.19423E-2 4.95125E-2 4.68204E-2 4.2996E-2 4.2892E-2 4.3372E-2 4.12369E-2 3.30917E-2 2.74022E-2 2.47881E-2 2.59949E-2 2.52711E-2 2.36559E-2 2.26738E-2 2.42024E-2 2.35025E-2 2.35574E-2 2.17765E-2 1.97046E-2 1.78572E-2 1.74303E-2 1.62299E-2 1.66621E-2 1.60463E-2
6.91671E-2 1.22149E-1 2.19533E-1 3.65117E-1 2.69722E-1 2.60921E-1 1.43662E-1 7.21954E-2 6.89345E-2 8.21815E-2 8.59302E-2 8.15995E-2 7.83927E-2 4.97057E-2 3.51615E-2 3.57064E-2 6.54389E-2 2.21841E-2 3.49811E-2 4.36985E-2 5.22525E-2 4.39214E-2 3.26477E-2 5.79548E-2 7.05827E-2 5.70952E-2 6.15257E-2 1.05241E-1 6.26574E-2 3.91227E-2 3.99818E-2 3.90533E-2 6.07494E-2 5.61047E-2 2.14591E-2 3.07227E-2 6.25352E-2 4.73662E-2 4.18867E-2 5.29401E-2 3.57423E-2 5.33598E-2 4.27976E-2 5.70428E-2 4.69207E-2 2.87311E-2 2.58055E-2 2.2846E-2 2.79099E-2 2.41949E-2 2.41773E-2 2.36544E-2 2.36901E-2 2.33359E-2 2.23968E-2 1.92369E-2 1.87745E-2 1.83611E-2 1.82598E-2 1.69254E-2 1.65437E-2
-9999 8.73301E-2 1.06396E-1 1.65664E-1 2.43129E-1 2.17864E-1 1.44496E-1 7.26071E-2 6.29885E-2 4.56714E-2 8.10814E-2 8.31076E-2 6.35222E-2 5.49203E-2 5.1028E-2 2.58954E-2 3.42183E-2 2.87028E-2 3.01723E-2 4.09102E-2 5.29634E-2 6.34438E-2 3.14612E-2 4.38033E-2 4.23509E-2 7.36258E-2 6.16553E-2 1.13763E-1 8.84281E-2 7.52305E-2 5.55105E-2 2.96263E-2 5.14868E-2 4.13071E-2 2.14561E-2 4.8689E-2 5.54308E-2 4.79286E-2 4.43162E-2 6.1154E-2 4.22302E-2 3.59644E-2 4.58612E-2 4.45046E-2 4.48112E-2 2.62051E-2 2.78072E-2 2.67673E-2 2.48906E-2 2.57107E-2 2.60893E-2 2.47003E-2 2.42513E-2 2.50249E-2 2.27883E-2 2.16513E-2 2.28082E-2 1.91986E-2 1.86013E-2 1.70854E-2 1.75171E-2
-9999 -9999 5.44091E-2 1.19859E-1 1.72391E-1 1.38243E-1 7.77396E-2 4.9628E-2 8.37236E-2 8.94133E-2 8.52558E-2 1.33456E-1 5.42405E-2 4.70849E-2 5.61262E-2 2.77089E-2 3.03195E-2 2.89003E-2 3.76796E-2 4.4939E-2 5.81154E-2 3.50066E-2 3.06704E-2 5.26244E-2 9.51445E-2 5.04251E-2 3.72629E-2 1.23848E-1 8.13384E-2 8.49418E-2 4.20571E-2 2.71228E-2 5.83769E-2 3.32193E-2 3.88509E-2 4.35071E-2 5.79824E-2 4.37769E-2 6.54545E-2 6.88313E-2 3.96127E-2 4.165E-2 4.61677E-2 4.6459E-2 3.64498E-2 2.80546E-2 2.6568E-2 2.59252E-2 2.58383E-2 3.16915E-2 2.63059E-2 2.68259E-2 2.5659E-2 2.5474E-2 2.4502E-2 2.21632E-2 2.44514E-2 1.99221E-2 1.96346E-2 1.91353E-2 1.8435E-2
-9999 -9999 6.35945E-2 8.42644E-2 1.45695E-1 9.54123E-2 7.15593E-2 8.28836E-2 1.18725E-1 9.76109E-2 1.07737E-1 7.81095E-2 4.53966E-2 3.32796E-2 3.8155E-2 4.58234E-2 4.37726E-2 4.64233E-2 3.8765E-2 5.73281E-2 6.85734E-2 4.85813E-2 2.97994E-2 4.0481E-2 7.04364E-2 9.70868E-2 5.86531E-2 1.15646E-1 1.32769E-1 8.20339E-2 6.17118E-2 3.60214E-2 3.59228E-2 2.41323E-2 2.52421E-2 4.59345E-2 7.71594E-2 5.48714E-2 7.30902E-2 7.27519E-2 4.85705E-2 4.7223E-2 3.88084E-2 3.66025E-2 3.22377E-2 2.84247E-2 2.27172E-2 2.77456E-2 3.23139E-2 3.75191E-2 2.91464E-2 2.83094E-2 2.7555E-2 2.7452E-2 2.50869E-2 2.37666E-2 2.27037E-2 2.1996E-2 2.19865E-2 2.09595E-2 1.90556E-2
-9999 -9999 5.64053E-2 5.51099E-2 1.12684E-1 8.06934E-2 6.49375E-2 1.13274E-1 1.42207E-1 1.01559E-1 7.84238E-2 3.65663E-2 5.90552E-2 4.80598E-2 5.20642E-2 4.886E-2 5.78228E-2 5.60263E-2 5.00883E-2 3.90835E-2 7.21254E-2 5.65571E-2 3.4346E-2 4.49964E-2 4.0121E-2 3.76269E-2 3.73279E-2 3.73378E-2 8.32186E-2 8.91486E-2 5.03589E-2 3.46015E-2 2.47101E-2 2.79645E-2 3.79246E-2 4.22636E-2 7.60449E-2 7.42049E-2 7.14995E-2 6.02801E-2 5.77982E-2 3.98011E-2 3.80094E-2 3.47798E-2 3.32414E-2 3.00265E-2 2.49904E-2 3.22836E-2 3.08905E-2 3.7126E-2 3.04117E-2 2.95921E-2 2.9121E-2 2.75971E-2 2.60752E-2 2.46223E-2 2.39739E-2 2.28955E-2 2.4462E-2 2.24082E-2 2.09559E-2
-9999 -9999 -9999 5.20639E-2 1.94165E-1 1.67832E-1 1.1841E-1 7.13978E-2 7.10884E-2 8.66663E-2 5.23159E-2 4.51967E-2 6.77846E-2 5.81686E-2 4.48464E-2 4.35163E-2 5.56755E-2 4.95997E-2 5.80087E-2 3.94573E-2 6.18022E-2 1.09113E-1 3.93079E-2 5.09769E-2 6.66764E-2 4.26456E-2 7.30186E-2 4.2282E-2 4.41054E-2 5.24846E-2 6.16276E-2 4.83055E-2 2.21734E-2 3.93848E-2 4.41641E-2 4.31885E-2 6.41861E-2 7.97842E-2 4.51537E-2 5.25644E-2 4.79095E-2 4.54027E-2 4.58529E-2 4.27334E-2 3.46345E-2 3.15009E-2 2.87189E-2 3.00076E-2 3.33182E-2 3.26815E-2 3.29988E-2 3.24855E-2 3.26534E-2 3.05712E-2 2.91474E-2 2.82709E-2 2.53122E-2 2.40426E-2 2.30778E-2 2.33701E-2 2.26412E-2
-9999 -9999 -9999 3.796E-2 3.17507E-1 1.44289E-1 1.19003E-1 5.55017E-2 8.58735E-2 8.20276E-2 6.12695E-2 6.05634E-2 5.24645E-2 5.32524E-2 6.86424E-2 5.87163E-2 3.99528E-2 7.37528E-2 5.13178E-2 4.29995E-2 4.01248E-2 5.57489E-2 4.22005E-2 3.56918E-2 4.89416E-2 5.65888E-2 5.19478E-2 2.77919E-2 1.53525E-2 3.46394E-2 6.01602E-2 3.44535E-2 2.68691E-2 4.50091E-2 4.45649E-2 4.4579E-2 7.45587E-2 7.67726E-2 5.32804E-2 7.33065E-2 5.99315E-2 5.86386E-2 6.44803E-2 4.64606E-2 4.22901E-2 3.60652E-2 3.61238E-2 3.56886E-2 3.56629E-2 3.27125E-2 3.61678E-2 3.42725E-2 3.51583E-2 3.29396E-2 3.0403E-2 2.84225E-2 2.74089E-2 2.56173E-2 2.4887E-2 2.40666E-2 2.31833E-2
-9999 -9999 -9999 1.58056E-2 2.56589E-1 7.56537E-2 8.36006E-2 1.19213E-1 4.94186E-2 1.22711E-1 8.05094E-2 6.32482E-2 6.59871E-2 7.31181E-2 5.11376E-2 5.59079E-2 3.36108E-2 6.28599E-2 3.84491E-2 5.9492E-2 6.9876E-2 4.67006E-2 6.8192E-2 4.7534E-2 5.55119E-2 6.24942E-2 5.53528E-2 4.49907E-2 2.96144E-2 2.98743E-2 7.46586E-2 4.72653E-2 4.16786E-2 4.77381E-2 4.53943E-2 4.82679E-2 5.32886E-2 5.41466E-2 6.90845E-2 7.58542E-2 5.55414E-2 4.63751E-2 5.27604E-2 5.58471E-2 4.00755E-2 4.10679E-2 3.92206E-2 4.00601E-2 3.86942E-2 3.57326E-2 3.98645E-2 3.92807E-2 3.75385E-2 3.58398E-2 3.41515E-2 3.18424E-2 2.92604E-2 2.73062E-2 2.69613E-2 2.58021E-2 2.56188E-2
-9999 -9999 -9999 -9999 8.32534E-2 6.2456E-2 3.98792E-2 3.50214E-2 5.64155E-2 1.49641E-1 8.63292E-2 6.51589E-2 8.7863E-2 5.58273E-2 5.29654E-2 1.01314E-1 1.15088E-1 5.57059E-2 5.26884E-2 5.81929E-2 5.3594E-2 4.69577E-2 4.90846E-2 3.86631E-2 5.34947E-2 7.05304E-2 6.21595E-2 5.75108E-2 4.56724E-2 4.15482E-2 3.35773E-2 3.74273E-2 6.12136E-2 5.67715E-2 5.19539E-2 5.15239E-2 5.12598E-2 5.74238E-2 8.21141E-2 7.30537E-2 6.13215E-2 5.13088E-2 4.4231E-2 4.6233E-2 4.57296E-2 4.5554E-2 4.64686E-2 4.78412E-2 5.76374E-2 4.20912E-2 4.06106E-2 4.02196E-2 4.10827E-2 4.19373E-2 4.99858E-2 3.36241E-2 3.37867E-2 2.83379E-2 2.87616E-2 2.68113E-2 2.5944E-2
-9999 -9999 -9999 -9999 9.31928E-3 3.19274E-2 4.64425E-2 4.8107E-2 2.80597E-2 1.42752E-1 1.12498E-1 4.38569E-2 5.46368E-2 8.02377E-2 7.119E-2 6.73562E-2 7.46808E-2 7.34469E-2 5.40157E-2 7.24011E-2 6.48448E-2 6.91121E-2 4.99598E-2 4.32891E-2 4.24276E-2 4.93127E-2 1.04663E-1 7.65942E-2 8.46082E-2 8.84565E-2 3.90444E-2 4.39506E-2 6.5527E-2 5.99748E-2 5.83369E-2 5.36677E-2 5.26763E-2 5.61458E-2 6.84521E-2 6.96114E-2 8.36216E-2 7.31355E-2 4.86538E-2 4.9187E-2 4.97354E-2 5.53772E-2 5.90945E-2 5.6779E-2 5.98189E-2 5.30826E-2 4.61094E-2 4.27621E-2 4.11293E-2 3.86283E-2 3.71625E-2 2.55166E-2 2.56093E-2 3.09954E-2 3.29429E-2 3.09357E-2 2.84908E-2
-9999 -9999 -9999 -9999 1.57656E-2 1.6368E-2 1.85677E-2 4.53966E-2 8.16625E-2 1.23833E-1 9.5692E-2 1.7993E-2 4.26766E-2 7.06382E-2 8.13285E-2 6.99272E-2 1.08342E-1 1.0268E-1 4.65176E-2 6.29713E-2 7.28871E-2 5.6481E-2 6.02926E-2 5.98582E-2 8.32713E-2 7.91925E-2 8.85659E-2 4.72837E-2 7.36151E-2 6.26253E-2 5.96383E-2 7.55335E-2 6.66203E-2 5.96464E-2 6.09138E-2 5.8011E-2 5.54274E-2 5.64062E-2 7.63051E-2 8.7799E-2 6.02022E-2 5.91122E-2 5.37753E-2 5.5257E-2 5.53154E-2 6.92785E-2 7.75907E-2 8.22641E-2 -9999 5.61618E-2 4.98133E-2 4.44624E-2 4.85742E-2 3.76876E-2 5.635E-2 3.30117E-2 3.99323E-2 4.12417E-2 4.04768E-2 3.04297E-2 2.97271E-2
-9999 -9999 -9999 -9999 1.31552E-2 1.84579E-2 1.27332E-2 9.14928E-3 4.29121E-2 8.02671E-2 8.41513E-2 3.25869E-2 3.17949E-2 4.32904E-2 9.42047E-2 1.21192E-1 1.10837E-1 6.33976E-2 5.43558E-2 6.0685E-2 9.25582E-2 7.97333E-2 7.23836E-2 1.2312E-1 8.26496E-2 7.4247E-2 9.38383E-2 5.55792E-2 5.57267E-2 5.05469E-2 5.95015E-2 7.81926E-2 6.89655E-2 7.18556E-2 6.84142E-2 6.35792E-2 5.99942E-2 5.98401E-2 5.80458E-2 6.72657E-2 8.68357E-2 5.94799E-2 6.02953E-2 5.93171E-2 6.38923E-2 6.87883E-2 -9999 -9999 -9999 -9999 6.92529E-2 5.116E-2 4.71972E-2 4.3738E-2 4.79571E-2 4.50305E-2 3.86075E-2 3.27487E-2 3.05804E-2 3.10871E-2 3.09084E-2
-9999 -9999 -9999 -9999 8.17164E-3 1.24018E-2 1.38629E-2 1.2058E-2 2.70549E-2 7.4286E-2 8.46448E-2 1.0038E-1 4.13125E-2 9.19503E-2 1.01598E-1 1.01731E-1 7.53161E-2 5.08376E-2 4.01114E-2 5.63144E-2 5.39526E-2 6.20076E-2 6.4118E-2 7.21581E-2 4.85268E-2 6.65274E-2 9.79392E-2 4.67482E-2 7.00675E-2 6.34975E-2 6.83012E-2 6.88151E-2 7.21805E-2 7.84779E-2 6.72045E-2 8.23276E-2 6.60482E-2 6.10881E-2 6.26443E-2 6.36854E-2 6.72282E-2 5.97594E-2 6.17618E-2 6.57846E-2 7.97241E-2 -9999 -9999 -9999 -9999 9.85023E-2 8.05415E-2 6.41365E-2 5.0262E-2 4.69054E-2 5.09745E-2 4.55496E-2 3.98292E-2 3.19319E-2 3.24921E-2 3.32684E-2 3.10417E-2
-9999 -9999 -9999 -9999 1.27203E-2 1.22518E-2 1.9291E-2 8.08866E-3 2.14253E-2 7.23991E-2 1.71987E-1 1.28059E-1 4.21072E-2 1.21643E-1 1.19719E-1 1.08158E-1 7.67337E-2 7.89882E-2 4.06178E-2 4.77658E-2 4.53363E-2 6.23371E-2 5.96513E-2 4.71885E-2 3.68716E-2 4.64323E-2 7.19276E-2 6.83881E-2 8.50828E-2 9.86644E-2 8.998E-2 7.05234E-2 7.54408E-2 7.25618E-2 7.22543E-2 7.32834E-2 7.96691E-2 6.89967E-2 6.93245E-2 7.04839E-2 6.78041E-2 6.93148E-2 8.34729E-2 1.07919E-1 1.03691E-1 -9999 -9999 -9999 1.08141E-1 8.56091E-2 9.92405E-2 7.60591E-2 6.03876E-2 6.90964E-2 4.80289E-2 5.3094E-2 3.93366E-2 3.58758E-2 3.68978E-2 4.70065E-2 3.65189E-2
-9999 -9999 -9999 2.18929E-2 1.70158E-2 2.71456E-2 7.67544E-3 1.11199E-2 1.50314E-2 7.25734E-2 2.59248E-1 1.13291E-1 5.65456E-2 5.82352E-2 7.97023E-2 6.77484E-2 9.31102E-2 8.84364E-2 7.7948E-2 4.3673E-2 3.94269E-2 4.83493E-2 4.74962E-2 4.25042E-2 5.95484E-2 3.60101E-2 4.29633E-2 7.75491E-2 8.08137E-2 1.09993E-1 1.26532E-1 1.04411E-1 7.98203E-2 8.0499E-2 7.78158E-2 7.51377E-2 7.29369E-2 7.3874E-2 6.76184E-2 7.2063E-2 7.70275E-2 7.38464E-2 7.8029E-2 1.02922E-1 1.73112E-1 1.30298E-1 9.6726E-2 9.49509E-2 8.90738E-2 7.84757E-2 8.93057E-2 8.54755E-2 6.60345E-2 6.21446E-2 6.20538E-2 6.01194E-2 4.12108E-2 3.59408E-2 4.39854E-2 4.35253E-2 3.86643E-2
-9999 -9999 -9999 -9999 1.25574E-2 3.97901E-2 1.48305E-2 -9999 1.85991E-2 9.52078E-2 2.36545E-1 1.08703E-1 6.39967E-2 5.71019E-2 6.77119E-2 8.17274E-2 1.17039E-1 9.81048E-2 8.81246E-2 7.14091E-2 4.09567E-2 6.60258E-2 4.05284E-2 8.34011E-2 9.97318E-2 6.04883E-2 3.85241E-2 9.08944E-2 8.38814E-2 9.51904E-2 1.05642E-1 1.18979E-1 1.02942E-1 8.78127E-2 8.93433E-2 8.48686E-2 9.67658E-2 9.33038E-2 8.17807E-2 8.00355E-2 7.3111E-2 7.04063E-2 7.7319E-2 1.02233E-1 1.33698E-1 1.06237E-1 9.3549E-2 8.5586E-2 9.02387E-2 8.00186E-2 8.83712E-2 9.08992E-2 7.1491E-2 6.20696E-2 6.32746E-2 6.54661E-2 4.24299E-2 3.93482E-2 4.78529E-2 4.52879E-2 3.89443E-2
-9999 -9999 -9999 -9999 9.6596E-3 8.59329E-3 1.23288E-2 2.59643E-2 2.04277E-2 1.49626E-1 2.02278E-1 7.45454E-2 1.15273E-1 9.06017E-2 8.29689E-2 9.06591E-2 6.16655E-2 1.10114E-1 8.94579E-2 6.65919E-2 5.97809E-2 4.53015E-2 4.8146E-2 1.23709E-1 6.16128E-2 5.28598E-2 4.77271E-2 6.77693E-2 6.64235E-2 9.15762E-2 1.1352E-1 1.3881E-1 1.27397E-1 1.15236E-1 1.0876E-1 9.32889E-2 9.69734E-2 1.14633E-1 8.89484E-2 9.15754E-2 8.93997E-2 8.36333E-2 8.42722E-2 9.99352E-2 9.51643E-2 9.57349E-2 1.07986E-1 1.21474E-1 9.20826E-2 8.55454E-2 9.14334E-2 7.54301E-2 6.46869E-2 5.86162E-2 5.76242E-2 5.28078E-2 4.71225E-2 4.14294E-2 4.74477E-2 4.69615E-2 4.17127E-2
-9999 -9999 -9999 -9999 1.27021E-2 1.18399E-2 1.56968E-2 1.41143E-2 1.80288E-2 9.94084E-2 1.42415E-1 5.56785E-2 1.07064E-1 1.12609E-1 8.6589E-2 9.4803E-2 8.53487E-2 1.29979E-1 1.04484E-1 7.3744E-2 5.98252E-2 6.27456E-2 3.43523E-2 7.49469E-2 1.57806E-1 1.03815E-1 5.68771E-2 8.34007E-2 9.93629E-2 1.15748E-1 1.10912E-1 1.20606E-1 1.55195E-1 1.36552E-1 1.33752E-1 1.02038E-1 9.93023E-2 9.81588E-2 1.13921E-1 1.07482E-1 9.59129E-2 9.66171E-2 1.13384E-1 9.78708E-2 9.19321E-2 9.19741E-2 1.27057E-1 1.27388E-1 8.80287E-2 9.47718E-2 8.42245E-2 7.64581E-2 6.50447E-2 6.13561E-2 5.79683E-2 5.30971E-2 4.80001E-2 5.49056E-2 5.33585E-2 4.69365E-2 4.24046E-2
-9999 -9999 -9999 -9999 -9999 1.30549E-2 1.93714E-2 2.15313E-2 1.05549E-2 2.41431E-2 5.47695E-2 8.81979E-2 1.10751E-1 8.65378E-2 1.38589E-1 1.02104E-1 1.59141E-1 1.05453E-1 1.30687E-1 9.05971E-2 7.51339E-2 9.4764E-2 5.88474E-2 8.77338E-2 1.3058E-1 1.95769E-1 8.61642E-2 6.12074E-2 7.47842E-2 1.20178E-1 1.25661E-1 1.48011E-1 1.43055E-1 1.4295E-1 1.23021E-1 1.14551E-1 1.07418E-1 1.10974E-1 1.04211E-1 1.07717E-1 1.0635E-1 1.01249E-1 1.14041E-1 9.7733E-2 9.32691E-2 8.53267E-2 1.44176E-1 9.50458E-2 1.01546E-1 9.04772E-2 8.09638E-2 8.08134E-2 6.82447E-2 6.74564E-2 6.1753E-2 5.92268E-2 6.2306E-2 4.3741E-2 5.13808E-2 5.21828E-2 4.50004E-2
-9999 -9999 -9999 -9999 -9999 3.89422E-2 7.13242E-3 2.11814E-2 1.38342E-2 2.45307E-2 4.31943E-2 3.95884E-2 3.98791E-2 5.59833E-2 1.08298E-1 1.09236E-1 1.5914E-1 1.4307E-1 1.45387E-1 1.21553E-1 1.10788E-1 3.97524E-2 7.20997E-2 6.32004E-2 1.43331E-1 1.74981E-1 7.71938E-2 7.66783E-2 8.61279E-2 1.32383E-1 1.18391E-1 1.39464E-1 1.38389E-1 1.19007E-1 1.12633E-1 1.12282E-1 1.25736E-1 1.325E-1 1.17064E-1 1.15952E-1 1.22001E-1 1.13082E-1 1.03757E-1 1.17314E-1 1.42713E-1 1.15172E-1 9.93702E-2 1.15685E-1 1.13458E-1 1.17358E-1 9.37686E-2 8.47587E-2 1.00445E-1 7.10965E-2 6.63085E-2 9.31053E-2 5.69054E-2 4.79962E-2 5.00583E-2 5.26954E-2 5.08622E-2
-9999 -9999 -9999 -9999 -9999 3.3505E-2 2.45631E-2 4.96546E-3 9.28542E-3 9.01274E-3 2.98032E-2 6.27671E-2 4.92093E-2 6.63406E-2 8.18805E-2 8.36313E-2 9.35571E-2 1.11709E-1 1.24492E-1 1.46968E-1 6.20947E-2 6.48779E-2 5.8424E-2 5.03113E-2 8.1254E-2 1.39657E-1 5.64724E-2 1.1792E-1 1.2881E-1 9.6758E-2 1.23305E-1 1.218E-1 1.34352E-1 1.26187E-1 1.32722E-1 1.32395E-1 1.24692E-1 1.50151E-1 1.38303E-1 1.3402E-1 1.33468E-1 1.27025E-1 1.37075E-1 1.33975E-1 1.36898E-1 1.63414E-1 1.08352E-1 1.04435E-1 9.96598E-2 1.02046E-1 1.00149E-1 1.03025E-1 1.18553E-1 7.77622E-2 7.88893E-2 6.01635E-2 5.4311E-2 5.094E-2 4.89031E-2 4.88122E-2 4.46958E-2
-9999 -9999 -9999 -9999 -9999 2.71276E-2 7.95912E-3 1.42416E-2 1.66541E-2 1.11893E-2 1.92454E-2 2.62579E-2 1.00161E-1 7.72544E-2 7.55364E-2 5.43978E-2 5.80418E-2 4.93627E-2 9.83687E-2 1.1349E-1 8.65086E-2 1.06533E-1 8.92432E-2 4.27216E-2 5.13513E-2 1.63746E-1 7.34016E-2 7.57722E-2 1.30031E-1 8.28966E-2 1.20345E-1 1.35769E-1 1.50619E-1 1.52349E-1 1.46599E-1 1.38621E-1 1.54169E-1 1.32255E-1 1.39902E-1 1.50794E-1 2.2264E-1 1.67739E-1 1.34807E-1 1.20165E-1 1.24805E-1 1.15579E-1 1.09479E-1 1.10027E-1 1.08832E-1 1.21948E-1 1.16046E-1 9.70031E-2 1.15778E-1 1.21188E-1 8.23806E-2 -9999 7.08217E-2 5.91416E-2 5.6248E-2 5.47579E-2 5.10161E-2
