Candidate_Models_Sept202022/M_4_F_lqp_Set_1_cal/Bison.asc
ncols         97
nrows         127
xllcorner     -2197417.7431653
yllcorner     -584827.01486885
cellsize      30000.0
NODATA_value  -9999
[rows 0 to 26 of 127, columns 0 to 60 of 97]
-9999 -9999 -9999 -9999 -9999 -9999 -9999 -9999 -9999 -9999 -9999 -9999 -9999 -9999 -9999 -9999 -9999 -9999 -9999 -9999 -9999 -9999 -9999 -9999 -9999 -9999 -9999 -9999 -9999 -9999 -9999 -9999 -9999 -9999 -9999 -9999 -9999 -9999 -9999 -9999 -9999 -9999 -9999 -9999 -9999 -9999 -9999 -9999 -9999 -9999 -9999 -9999 -9999 -9999 -9999 -9999 -9999 -9999 -9999 -9999 -9999
-9999 -9999 -9999 -9999 -9999 -9999 -9999 -9999 -9999 -9999 -9999 -9999 -9999 -9999 -9999 -9999 -9999 -9999 -9999 -9999 -9999 -9999 -9999 -9999 -9999 -9999 -9999 -9999 -9999 -9999 -9999 -9999 -9999 -9999 -9999 -9999 -9999 -9999 -9999 -9999 -9999 -9999 -9999 -9999 -9999 -9999 -9999 -9999 -9999 -9999 -9999 -9999 -9999 -9999 -9999 -9999 -9999 -9999 -9999 -9999 -9999
-9999 -9999 -9999 -9999 -9999 -9999 -9999 -9999 -9999 -9999 -9999 -9999 -9999 -9999 -9999 -9999 -9999 -9999 -9999 -9999 -9999 -9999 -9999 -9999 -9999 -9999 -9999 -9999 -9999 -9999 -9999 -9999 -9999 -9999 -9999 -9999 -9999 -9999 -9999 -9999 -9999 -9999 -9999 -9999 -9999 -9999 -9999 -9999 -9999 -9999 -9999 -9999 -9999 -9999 -9999 -9999 -9999 -9999 -9999 -9999 -9999
-9999 -9999 -9999 -9999 -9999 -9999 -9999 -9999 -9999 -9999 -9999 -9999 -9999 -9999 -9999 -9999 -9999 -9999 -9999 5.07331E-2 4.644E-2 3.27859E-2 3.60927E-2 -9999 -9999 -9999 -9999 -9999 -9999 -9999 -9999 -9999 -9999 -9999 -9999 -9999 -9999 -9999 -9999 -9999 -9999 -9999 -9999 -9999 -9999 -9999 -9999 -9999 -9999 -9999 -9999 -9999 -9999 -9999 -9999 -9999 -9999 -9999 -9999 -9999 -9999
-9999 -9999 -9999 -9999 -9999 -9999 -9999 -9999 -9999 -9999 -9999 -9999 -9999 -9999 -9999 -9999 -9999 -9999 4.92363E-2 4.24083E-2 3.92266E-2 4.36255E-2 3.81454E-2 3.01727E-2 2.74699E-2 -9999 -9999 -9999 -9999 -9999 -9999 -9999 -9999 -9999 -9999 -9999 -9999 -9999 -9999 -9999 -9999 -9999 -9999 -9999 -9999 -9999 -9999 -9999 -9999 -9999 -9999 -9999 -9999 -9999 -9999 -9999 -9999 -9999 -9999 -9999 -9999
-9999 -9999 -9999 -9999 -9999 -9999 -9999 -9999 -9999 -9999 -9999 -9999 -9999 -9999 -9999 -9999 -9999 -9999 3.315E-2 3.23052E-2 3.67379E-2 3.89387E-2 3.30972E-2 2.75893E-2 2.75921E-2 -9999 -9999 -9999 -9999 -9999 -9999 -9999 -9999 -9999 -9999 -9999 -9999 -9999 -9999 -9999 -9999 -9999 -9999 -9999 -9999 -9999 -9999 -9999 -9999 -9999 -9999 -9999 -9999 -9999 -9999 -9999 -9999 -9999 -9999 -9999 -9999
-9999 -9999 -9999 -9999 -9999 -9999 -9999 -9999 -9999 -9999 -9999 -9999 -9999 -9999 -9999 -9999 -9999 3.04757E-2 2.64903E-2 1.95145E-2 2.09586E-2 2.75117E-2 3.00942E-2 2.83535E-2 3.08608E-2 3.09774E-2 -9999 3.19523E-2 2.83368E-2 2.90389E-2 -9999 -9999 -9999 -9999 -9999 -9999 -9999 -9999 2.25329E-2 -9999 -9999 -9999 -9999 -9999 -9999 -9999 -9999 -9999 -9999 -9999 -9999 -9999 -9999 -9999 -9999 -9999 -9999 -9999 -9999 -9999 -9999
-9999 -9999 -9999 -9999 -9999 -9999 -9999 -9999 -9999 -9999 -9999 -9999 -9999 -9999 -9999 -9999 7.07944E-2 4.72098E-2 2.13457E-2 1.27919E-2 1.46242E-2 1.97614E-2 2.84884E-2 2.70894E-2 3.00234E-2 2.9895E-2 2.85682E-2 2.90914E-2 2.61383E-2 2.59733E-2 2.60615E-2 2.57923E-2 2.42129E-2 2.35765E-2 2.42432E-2 2.51326E-2 2.59249E-2 -9999 2.13755E-2 2.05127E-2 -9999 -9999 -9999 -9999 -9999 -9999 -9999 -9999 -9999 -9999 -9999 -9999 -9999 -9999 -9999 -9999 -9999 -9999 -9999 -9999 -9999
-9999 -9999 -9999 -9999 -9999 -9999 -9999 -9999 -9999 -9999 -9999 -9999 -9999 -9999 -9999 1.44339E-2 2.11036E-2 2.11287E-2 1.82804E-2 1.2382E-2 1.26746E-2 1.7138E-2 2.76532E-2 2.9454E-2 2.86585E-2 2.57709E-2 2.59305E-2 2.55427E-2 2.2961E-2 2.26035E-2 2.28277E-2 2.29109E-2 2.23559E-2 2.14128E-2 2.36731E-2 2.82578E-2 2.68851E-2 2.68581E-2 2.21906E-2 2.1965E-2 -9999 -9999 -9999 -9999 -9999 -9999 -9999 -9999 -9999 -9999 -9999 -9999 -9999 -9999 -9999 -9999 -9999 -9999 -9999 -9999 -9999
-9999 -9999 -9999 -9999 -9999 -9999 -9999 -9999 -9999 -9999 -9999 -9999 -9999 -9999 -9999 1.97882E-2 2.32385E-2 1.71866E-2 1.20553E-2 1.19957E-2 1.28406E-2 1.87985E-2 3.17484E-2 3.65523E-2 3.2379E-2 2.36626E-2 2.29743E-2 2.30091E-2 2.03834E-2 2.10674E-2 2.21469E-2 2.28229E-2 2.14365E-2 2.13592E-2 2.61389E-2 3.17679E-2 3.39831E-2 3.17064E-2 2.5859E-2 -9999 -9999 -9999 2.19042E-2 -9999 -9999 -9999 -9999 -9999 -9999 -9999 -9999 -9999 -9999 -9999 -9999 -9999 -9999 -9999 -9999 -9999 -9999
-9999 -9999 -9999 -9999 -9999 -9999 -9999 -9999 -9999 -9999 -9999 -9999 -9999 -9999 2.95439E-2 2.3329E-2 2.77531E-2 2.54485E-2 2.51378E-2 1.84313E-2 1.61101E-2 2.06901E-2 3.2987E-2 3.36391E-2 3.6208E-2 1.87083E-2 2.21726E-2 2.23295E-2 2.08132E-2 2.14426E-2 2.21349E-2 2.2145E-2 2.07245E-2 2.28406E-2 2.94412E-2 3.44913E-2 3.46634E-2 3.0772E-2 2.35047E-2 -9999 -9999 2.36576E-2 -9999 -9999 -9999 -9999 -9999 -9999 -9999 -9999 -9999 -9999 -9999 -9999 -9999 -9999 -9999 -9999 -9999 -9999 -9999
-9999 -9999 -9999 -9999 -9999 -9999 -9999 -9999 -9999 -9999 -9999 -9999 -9999 2.25757E-2 2.35908E-2 1.82879E-2 2.61036E-2 3.14102E-2 3.90348E-2 7.36374E-2 2.5137E-2 3.4048E-2 2.51738E-2 3.84235E-2 2.15611E-2 1.70497E-2 1.99714E-2 1.99141E-2 1.97376E-2 2.13992E-2 2.142E-2 2.03242E-2 2.07722E-2 2.47358E-2 2.82067E-2 3.09279E-2 3.37503E-2 3.25455E-2 2.39158E-2 2.24682E-2 2.29217E-2 2.38135E-2 -9999 2.77496E-2 2.85233E-2 -9999 -9999 -9999 -9999 -9999 -9999 -9999 -9999 -9999 -9999 -9999 -9999 -9999 -9999 -9999 -9999
-9999 -9999 -9999 -9999 -9999 -9999 -9999 -9999 -9999 -9999 -9999 -9999 -9999 2.34104E-2 2.03618E-2 2.30963E-2 3.53401E-2 2.58623E-2 9.07185E-2 5.88224E-2 4.23097E-2 2.58628E-2 3.5243E-2 3.53878E-2 1.9356E-2 1.80504E-2 1.87993E-2 1.94069E-2 2.02217E-2 2.0188E-2 1.89263E-2 1.89196E-2 1.96345E-2 2.09715E-2 2.23936E-2 2.12872E-2 2.94518E-2 2.67477E-2 2.20974E-2 2.06711E-2 2.1645E-2 2.59879E-2 2.64711E-2 2.97664E-2 3.11419E-2 3.23717E-2 -9999 -9999 -9999 -9999 -9999 -9999 -9999 -9999 -9999 -9999 -9999 -9999 -9999 -9999 -9999
-9999 -9999 -9999 -9999 -9999 -9999 -9999 -9999 -9999 -9999 -9999 -9999 6.01135E-2 8.40534E-2 3.30326E-2 4.48357E-2 3.80037E-2 3.97323E-2 1.83358E-2 4.43288E-2 4.6388E-2 3.58467E-2 4.20067E-2 2.3156E-2 1.54956E-2 1.71948E-2 1.83503E-2 1.86973E-2 1.96811E-2 1.80187E-2 1.78385E-2 1.76269E-2 1.79264E-2 1.84231E-2 1.84265E-2 2.06772E-2 2.14464E-2 2.32914E-2 2.32596E-2 2.17259E-2 2.20875E-2 2.31074E-2 2.56477E-2 2.94366E-2 3.10063E-2 3.21431E-2 3.31266E-2 -9999 -9999 -9999 1.84345E-2 1.65605E-2 -9999 -9999 -9999 -9999 -9999 -9999 -9999 -9999 -9999
-9999 -9999 -9999 -9999 -9999 -9999 -9999 -9999 -9999 -9999 -9999 2.28391E-2 2.66241E-2 6.38057E-2 4.10285E-2 3.0595E-2 2.22633E-2 8.29498E-2 4.55454E-2 3.84752E-2 3.79041E-2 6.14734E-2 3.70543E-2 1.62344E-2 1.51992E-2 1.63509E-2 1.70474E-2 2.04121E-2 1.94621E-2 1.91339E-2 1.68686E-2 1.58519E-2 1.70303E-2 1.77969E-2 1.87563E-2 2.0551E-2 2.23475E-2 2.38808E-2 2.34395E-2 2.36923E-2 2.33997E-2 2.46191E-2 2.68903E-2 3.00457E-2 3.16865E-2 3.22661E-2 3.01653E-2 2.64802E-2 -9999 -9999 -9999 1.78347E-2 1.67519E-2 -9999 -9999 -9999 -9999 -9999 -9999 -9999 -9999
-9999 -9999 -9999 -9999 -9999 -9999 -9999 -9999 -9999 -9999 -9999 2.06974E-2 1.57975E-2 2.67894E-2 3.36474E-2 2.67688E-2 1.69493E-2 3.69692E-2 3.03462E-2 6.09833E-2 4.36338E-2 5.20169E-2 2.88527E-2 1.58412E-2 1.65446E-2 1.75445E-2 1.95821E-2 1.93123E-2 1.81737E-2 1.75535E-2 1.66363E-2 1.66478E-2 1.7111E-2 1.71644E-2 1.8254E-2 2.06331E-2 2.26249E-2 2.4266E-2 2.47511E-2 2.45082E-2 2.39094E-2 2.60514E-2 2.82418E-2 2.92442E-2 2.85992E-2 2.99855E-2 2.79684E-2 2.67343E-2 2.57888E-2 -9999 -9999 1.95967E-2 1.87427E-2 1.7245E-2 1.73698E-2 -9999 -9999 -9999 -9999 -9999 -9999
-9999 -9999 -9999 -9999 -9999 -9999 -9999 -9999 -9999 -9999 4.18981E-2 1.67935E-2 3.627E-2 2.81666E-2 2.65308E-2 2.21573E-2 1.95245E-2 1.75779E-2 2.12726E-2 7.98235E-2 6.57855E-2 5.03737E-2 3.64168E-2 2.52705E-2 1.69651E-2 1.87285E-2 2.06728E-2 2.11058E-2 1.91169E-2 1.72542E-2 1.54497E-2 1.56963E-2 1.58574E-2 1.73434E-2 1.91792E-2 2.19673E-2 2.4125E-2 2.59164E-2 2.56252E-2 2.54245E-2 2.62707E-2 2.7448E-2 2.83371E-2 2.79445E-2 2.65615E-2 2.64143E-2 2.69601E-2 2.75556E-2 2.6836E-2 2.45264E-2 2.24462E-2 2.45902E-2 -9999 -9999 1.7371E-2 1.60347E-2 -9999 -9999 -9999 -9999 -9999
-9999 -9999 -9999 -9999 -9999 -9999 -9999 -9999 -9999 2.734E-2 7.4962E-2 2.55307E-2 3.25571E-2 3.10006E-2 2.87883E-2 2.43235E-2 1.97057E-2 2.14206E-2 2.11817E-2 2.58926E-2 2.51386E-2 3.31796E-2 5.494E-2 2.29633E-2 1.83216E-2 1.91885E-2 2.1729E-2 2.25048E-2 2.18337E-2 1.74731E-2 1.70375E-2 1.55929E-2 1.64588E-2 1.6584E-2 1.92458E-2 2.33155E-2 2.35958E-2 2.63559E-2 2.75024E-2 2.78507E-2 2.75776E-2 2.88611E-2 3.02793E-2 2.83714E-2 2.78936E-2 2.68548E-2 2.73339E-2 2.77063E-2 2.66937E-2 2.45344E-2 2.40283E-2 2.47846E-2 2.45258E-2 -9999 1.68524E-2 1.62015E-2 1.51333E-2 1.38427E-2 -9999 -9999 -9999
-9999 -9999 -9999 -9999 -9999 -9999 -9999 -9999 6.38396E-2 3.83534E-2 3.14066E-2 1.66967E-2 9.37059E-3 2.82731E-2 5.06295E-2 4.12589E-2 3.57079E-2 2.61449E-2 2.96357E-2 2.17747E-2 2.05588E-2 3.16745E-2 3.54592E-2 1.57503E-2 2.07342E-2 2.04683E-2 2.32717E-2 2.26216E-2 1.98449E-2 1.78002E-2 1.58398E-2 1.64889E-2 1.791E-2 2.00814E-2 2.11929E-2 2.45662E-2 2.57367E-2 2.57905E-2 2.82104E-2 2.99803E-2 3.14481E-2 3.12871E-2 3.07881E-2 2.97212E-2 2.78091E-2 2.7672E-2 2.88495E-2 2.85315E-2 2.66721E-2 2.54158E-2 2.51131E-2 2.58517E-2 2.54363E-2 2.49239E-2 1.79044E-2 1.67942E-2 1.49944E-2 1.38605E-2 1.25555E-2 1.19296E-2 1.14079E-2
-9999 -9999 -9999 -9999 -9999 -9999 -9999 -9999 2.42478E-2 2.41712E-2 1.30189E-2 8.29815E-3 1.31017E-2 3.44887E-2 5.42765E-2 7.08775E-2 4.50434E-2 4.43749E-2 4.67321E-2 2.94852E-2 2.85827E-2 2.68328E-2 2.62204E-2 2.40324E-2 2.35835E-2 2.07976E-2 2.33688E-2 2.15909E-2 2.14182E-2 2.01672E-2 1.66274E-2 1.6711E-2 1.92137E-2 2.34159E-2 2.53893E-2 2.50511E-2 2.92532E-2 2.57667E-2 3.06014E-2 3.0294E-2 3.54082E-2 3.32281E-2 3.20949E-2 3.08961E-2 3.02272E-2 3.05452E-2 3.06949E-2 2.97389E-2 2.84335E-2 2.6959E-2 2.68346E-2 2.71708E-2 2.721E-2 2.54257E-2 -9999 1.79203E-2 1.62022E-2 1.48665E-2 1.18327E-2 1.23658E-2 1.11361E-2
-9999 -9999 -9999 -9999 -9999 -9999 -9999 1.81425E-2 1.89039E-2 4.01538E-2 3.43288E-2 1.17124E-2 1.65781E-2 2.1943E-2 4.05629E-2 6.88119E-2 5.21261E-2 4.97727E-2 5.31155E-2 4.29713E-2 3.59429E-2 3.10217E-2 4.1656E-2 3.30017E-2 2.92936E-2 2.47962E-2 2.30384E-2 2.96963E-2 2.85624E-2 2.2062E-2 2.01086E-2 1.96365E-2 2.2442E-2 2.39732E-2 2.65037E-2 3.63128E-2 3.02566E-2 2.96861E-2 3.09879E-2 3.24056E-2 3.43511E-2 3.37401E-2 3.32136E-2 3.28216E-2 3.36138E-2 3.34336E-2 3.22565E-2 3.02749E-2 2.9138E-2 2.83021E-2 2.79265E-2 2.89189E-2 -9999 -9999 -9999 -9999 -9999 -9999 -9999 -9999 -9999
-9999 -9999 -9999 -9999 -9999 -9999 5.21525E-2 4.39552E-2 3.01992E-2 1.79386E-2 3.7457E-2 8.43991E-2 2.15157E-2 4.89664E-2 1.63744E-2 4.088E-2 6.4698E-2 7.18036E-2 6.30321E-2 6.55245E-2 5.22905E-2 3.64058E-2 4.38241E-2 6.08052E-2 4.28398E-2 4.86796E-2 3.35003E-2 2.62986E-2 2.76312E-2 1.87776E-2 2.71486E-2 3.55208E-2 2.36213E-2 2.7943E-2 2.68353E-2 3.84785E-2 3.29273E-2 3.26406E-2 3.38687E-2 3.37039E-2 3.44251E-2 3.6635E-2 3.59205E-2 3.68048E-2 3.64956E-2 3.4678E-2 3.34156E-2 3.09275E-2 2.95816E-2 2.86433E-2 3.01351E-2 3.04069E-2 2.63696E-2 2.36001E-2 -9999 -9999 -9999 -9999 -9999 -9999 -9999
-9999 -9999 -9999 -9999 -9999 -9999 4.47226E-2 4.24534E-2 2.13639E-2 1.65563E-2 1.46474E-2 9.89455E-2 3.34532E-2 4.06232E-2 2.95394E-2 5.05292E-2 4.96259E-2 6.19876E-2 4.27708E-2 6.27013E-2 7.31187E-2 5.41843E-2 5.17315E-2 6.34083E-2 5.48502E-2 5.07621E-2 4.69806E-2 3.3161E-2 2.31732E-2 2.04894E-2 1.97487E-2 3.40022E-2 2.41528E-2 3.41152E-2 3.59742E-2 3.87217E-2 3.43319E-2 3.91656E-2 3.75208E-2 3.57445E-2 3.52717E-2 4.06208E-2 4.0103E-2 4.24754E-2 4.04553E-2 3.48801E-2 3.44021E-2 3.36015E-2 3.00582E-2 2.96519E-2 2.82762E-2 2.73392E-2 2.41134E-2 2.18098E-2 2.0366E-2 1.79316E-2 1.55285E-2 1.40551E-2 1.43653E-2 1.39422E-2 1.16399E-2
-9999 -9999 -9999 -9999 -9999 3.73071E-2 2.47555E-2 2.42982E-2 2.33664E-2 5.87386E-2 4.46727E-2 2.94188E-2 1.92333E-2 3.29587E-2 2.15607E-2 1.87938E-2 1.98051E-2 5.49022E-2 3.1743E-2 3.84433E-2 6.73871E-2 6.56671E-2 6.75122E-2 7.77014E-2 6.4673E-2 5.37052E-2 5.82275E-2 3.41375E-2 1.78756E-2 2.01433E-2 2.33192E-2 2.91757E-2 3.77143E-2 3.84784E-2 5.25557E-2 4.38281E-2 3.96933E-2 -9999 -9999 6.13162E-2 -9999 -9999 -9999 4.28236E-2 3.7332E-2 3.38853E-2 3.50373E-2 3.29544E-2 2.96444E-2 2.90267E-2 2.71396E-2 2.47108E-2 2.25214E-2 2.07413E-2 1.89895E-2 1.65413E-2 1.55508E-2 1.43213E-2 1.43141E-2 1.33273E-2 1.27563E-2
-9999 -9999 -9999 -9999 8.2613E-2 2.81145E-2 3.4545E-2 2.83113E-2 2.96917E-2 2.85141E-2 1.2905E-2 2.13889E-2 4.604E-2 3.37422E-2 2.14212E-2 2.50015E-2 3.38408E-2 3.04322E-2 2.44635E-2 3.0481E-2 4.94978E-2 4.75787E-2 5.06244E-2 8.85463E-2 6.06435E-2 8.28527E-2 6.24305E-2 5.46371E-2 4.36386E-2 2.18551E-2 2.40567E-2 4.13094E-2 3.98062E-2 3.24553E-2 5.55928E-2 3.64175E-2 3.5244E-2 4.29487E-2 4.45019E-2 4.08396E-2 5.28235E-2 -9999 5.16158E-2 4.74206E-2 3.80882E-2 3.47515E-2 3.54529E-2 3.04972E-2 2.94496E-2 3.12226E-2 2.92048E-2 2.56927E-2 2.36606E-2 2.13172E-2 1.79629E-2 1.57427E-2 1.41809E-2 1.38862E-2 1.29051E-2 1.24711E-2 1.20718E-2
-9999 -9999 -9999 6.68677E-2 1.02971E-1 5.89728E-2 2.70092E-2 3.71886E-2 3.3301E-2 2.02713E-2 2.29409E-2 2.3789E-2 6.10984E-2 3.95601E-2 4.38355E-2 1.91173E-2 3.26246E-2 4.39673E-2 3.78972E-2 4.79798E-2 3.8446E-2 2.31142E-2 5.73505E-2 7.43548E-2 8.29218E-2 7.64898E-2 6.65337E-2 5.05858E-2 5.06783E-2 4.43596E-2 2.93794E-2 4.01633E-2 3.77824E-2 2.69082E-2 3.59278E-2 4.32605E-2 3.90728E-2 3.98793E-2 3.85395E-2 3.78508E-2 4.80961E-2 5.38175E-2 -9999 -9999 3.81832E-2 3.92018E-2 3.76323E-2 3.21265E-2 3.13305E-2 3.02721E-2 3.54147E-2 2.67307E-2 2.41605E-2 2.23607E-2 1.94219E-2 1.60782E-2 1.49456E-2 1.38717E-2 1.34961E-2 1.30713E-2 1.31285E-2
-9999 -9999 -9999 1.67193E-1 1.04543E-1 6.23268E-2 2.67048E-2 6.50743E-2 1.76691E-1 4.11358E-2 5.58835E-2 4.31556E-2 2.94687E-2 2.8178E-2 9.02337E-2 3.24297E-2 4.98835E-2 7.98291E-2 6.21563E-2 3.63564E-2 3.97863E-2 2.93119E-2 3.25481E-2 5.45217E-2 7.8603E-2 7.45121E-2 6.80079E-2 6.92469E-2 6.56351E-2 5.75365E-2 5.00928E-2 3.23999E-2 5.26275E-2 3.68419E-2 3.99958E-2 4.25911E-2 4.24007E-2 4.2129E-2 3.82216E-2 3.91621E-2 -9999 -9999 -9999 -9999 -9999 3.46924E-2 3.60682E-2 3.12454E-2 2.95731E-2 2.74787E-2 3.07791E-2 3.69645E-2 2.36163E-2 2.26209E-2 1.75457E-2 1.49028E-2 1.55654E-2 1.63761E-2 1.78956E-2 1.71717E-2 1.80713E-2
