Candidate_Models_July82022/M_0.8_F_lqp_Set_1_cal/Bison.asc
ncols         290
nrows         380
xllcorner     -2197417.7431653
yllcorner     -584827.01486885
cellsize      10000.0
NODATA_value  -9999
[rows 243 to 269 of 380, columns 122 to 182 of 290]
7.43343E-1 6.48098E-1 6.17936E-1 6.2835E-1 6.04788E-1 5.89151E-1 5.93499E-1 6.41929E-1 6.31071E-1 5.78146E-1 5.79778E-1 5.92259E-1 6.4501E-1 6.93943E-1 6.62849E-1 6.92118E-1 6.45356E-1 6.22499E-1 6.63908E-1 6.49803E-1 6.25125E-1 6.13078E-1 6.1268E-1 6.31339E-1 6.22507E-1 6.1115E-1 6.29813E-1 6.40332E-1 6.29997E-1 6.15155E-1 6.06081E-1 5.8816E-1 6.07232E-1 6.06422E-1 5.98541E-1 6.03681E-1 5.90851E-1 5.64039E-1 6.0187E-1 5.63223E-1 5.76635E-1 5.62771E-1 5.56759E-1 5.4977E-1 5.38755E-1 5.49853E-1 5.70769E-1 5.37773E-1 5.15357E-1 5.66516E-1 6.15566E-1 6.618E-1 6.65094E-1 5.48173E-1 5.21355E-1 5.13398E-1 4.96162E-1 5.14203E-1 4.80726E-1 4.59172E-1 5.39181E-1
7.22773E-1 6.56287E-1 6.15144E-1 6.296E-1 6.14143E-1 6.1079E-1 5.90266E-1 5.95213E-1 6.06925E-1 6.36074E-1 6.35682E-1 5.63003E-1 6.94672E-1 6.47202E-1 6.14118E-1 6.88993E-1 6.22122E-1 6.08524E-1 6.31935E-1 6.44455E-1 6.62326E-1 6.40196E-1 6.3341E-1 6.31659E-1 6.3481E-1 6.31114E-1 6.16164E-1 6.30654E-1 6.42043E-1 6.17328E-1 6.0541E-1 6.21602E-1 6.58606E-1 5.93948E-1 6.08032E-1 6.60297E-1 7.4386E-1 5.97923E-1 6.10288E-1 5.49147E-1 5.62775E-1 5.79651E-1 5.60365E-1 5.33656E-1 5.1042E-1 5.86717E-1 7.11818E-1 6.83108E-1 5.61802E-1 6.26914E-1 6.18654E-1 7.02241E-1 6.38045E-1 5.93841E-1 4.86984E-1 5.16359E-1 4.8867E-1 5.53168E-1 4.77469E-1 4.60625E-1 5.01469E-1
7.51716E-1 6.65112E-1 6.18004E-1 6.24587E-1 5.94789E-1 5.8697E-1 6.045E-1 6.26442E-1 6.28682E-1 6.60413E-1 6.53678E-1 6.47237E-1 6.01318E-1 6.24104E-1 6.18103E-1 6.16757E-1 6.29568E-1 6.67226E-1 6.56355E-1 6.39164E-1 6.77985E-1 6.49492E-1 6.56605E-1 6.41674E-1 6.45458E-1 6.33869E-1 6.3844E-1 6.34552E-1 6.45682E-1 6.56343E-1 6.06835E-1 6.22889E-1 6.94397E-1 5.97487E-1 5.98591E-1 6.41248E-1 6.56444E-1 6.23517E-1 6.15985E-1 5.94164E-1 5.60743E-1 5.65174E-1 5.58273E-1 5.5869E-1 5.39848E-1 5.37994E-1 5.34963E-1 5.52384E-1 5.72552E-1 6.79507E-1 6.25614E-1 6.84591E-1 5.64111E-1 5.22431E-1 5.13293E-1 5.02841E-1 4.89055E-1 4.93582E-1 5.18517E-1 5.69264E-1 5.14033E-1
7.76965E-1 6.82603E-1 6.31002E-1 6.2058E-1 6.54571E-1 6.10812E-1 6.12067E-1 6.10951E-1 6.27273E-1 6.56669E-1 6.52212E-1 6.5331E-1 6.20193E-1 6.04525E-1 6.17196E-1 6.14487E-1 6.22506E-1 6.25314E-1 6.30987E-1 6.50141E-1 6.5084E-1 6.53484E-1 6.67928E-1 6.42287E-1 6.67967E-1 6.39862E-1 6.45956E-1 6.39618E-1 6.54751E-1 6.34713E-1 6.36871E-1 6.36709E-1 6.60125E-1 6.08596E-1 6.37233E-1 6.08255E-1 6.56744E-1 6.22607E-1 6.21824E-1 6.06464E-1 5.97142E-1 5.75501E-1 6.00695E-1 5.68546E-1 5.49278E-1 5.37776E-1 5.3137E-1 5.48081E-1 6.06536E-1 5.41946E-1 5.64915E-1 5.10411E-1 5.14802E-1 5.2763E-1 5.08193E-1 5.05081E-1 4.95757E-1 4.74639E-1 4.98018E-1 5.04002E-1 4.79684E-1
6.72059E-1 6.3088E-1 6.75301E-1 6.33773E-1 7.03937E-1 6.54489E-1 6.08196E-1 6.03793E-1 6.22739E-1 7.29864E-1 6.32101E-1 6.17358E-1 6.27059E-1 5.95664E-1 6.10172E-1 6.13381E-1 6.07225E-1 6.11827E-1 6.43764E-1 6.38134E-1 6.6196E-1 6.65967E-1 6.35727E-1 6.43661E-1 6.5428E-1 6.51044E-1 6.50295E-1 6.47192E-1 6.54074E-1 6.34581E-1 6.21827E-1 6.48164E-1 6.33259E-1 6.29733E-1 6.10087E-1 6.19995E-1 6.19846E-1 6.26101E-1 6.83781E-1 6.71313E-1 6.11494E-1 6.42932E-1 6.25474E-1 5.83257E-1 5.88181E-1 5.68199E-1 5.56733E-1 5.53057E-1 6.02157E-1 5.8173E-1 5.39017E-1 5.22768E-1 5.05815E-1 5.01457E-1 5.1789E-1 5.17847E-1 4.98376E-1 4.95792E-1 4.96713E-1 4.83522E-1 4.88212E-1
6.55464E-1 6.89798E-1 6.57453E-1 6.5764E-1 6.6299E-1 6.91678E-1 6.5067E-1 6.35536E-1 6.12622E-1 6.27569E-1 6.63918E-1 6.48403E-1 6.31621E-1 6.13229E-1 5.9782E-1 6.15302E-1 6.15256E-1 6.45747E-1 6.33201E-1 6.42516E-1 6.61086E-1 6.43571E-1 6.49411E-1 6.39673E-1 6.50278E-1 6.40857E-1 6.45009E-1 6.51E-1 6.4531E-1 6.23677E-1 6.31223E-1 6.48369E-1 6.36406E-1 6.06212E-1 6.3419E-1 6.59736E-1 6.30333E-1 6.50279E-1 6.54855E-1 6.20031E-1 6.02193E-1 5.86498E-1 7.0134E-1 5.63833E-1 6.19941E-1 5.75152E-1 6.20421E-1 6.16552E-1 6.07116E-1 5.82083E-1 5.41571E-1 5.11953E-1 5.05161E-1 4.91186E-1 5.3358E-1 5.1884E-1 4.94009E-1 4.98209E-1 5.01373E-1 5.0422E-1 4.99324E-1
6.25186E-1 6.77551E-1 6.97351E-1 6.61959E-1 6.38459E-1 6.52459E-1 6.25632E-1 6.21333E-1 6.29339E-1 6.73614E-1 6.48608E-1 6.8817E-1 6.15117E-1 6.33668E-1 5.89093E-1 6.07522E-1 6.03734E-1 6.21636E-1 6.33132E-1 6.30813E-1 6.40822E-1 6.49704E-1 6.54979E-1 6.47934E-1 6.51697E-1 6.37658E-1 6.42182E-1 6.2848E-1 6.36357E-1 6.42195E-1 6.17797E-1 6.13282E-1 6.17546E-1 6.10469E-1 6.1379E-1 6.52883E-1 6.58445E-1 6.41866E-1 6.45036E-1 6.11139E-1 6.03236E-1 5.72476E-1 5.66325E-1 6.44425E-1 5.40995E-1 5.64015E-1 5.74561E-1 5.78199E-1 5.66845E-1 6.24896E-1 5.32947E-1 4.99653E-1 5.08404E-1 5.11482E-1 5.2837E-1 5.10913E-1 5.05304E-1 5.10734E-1 5.08354E-1 5.08007E-1 5.23413E-1
6.20083E-1 6.47916E-1 6.56021E-1 6.29457E-1 6.36531E-1 6.19029E-1 6.08253E-1 6.0767E-1 6.01191E-1 6.43278E-1 6.11136E-1 6.11554E-1 6.10075E-1 6.04706E-1 5.76179E-1 6.11712E-1 6.10366E-1 6.2085E-1 6.27555E-1 6.19625E-1 6.30286E-1 6.23172E-1 6.46259E-1 6.44267E-1 6.17526E-1 6.20023E-1 6.17477E-1 6.1801E-1 6.38487E-1 5.98698E-1 6.2082E-1 6.01803E-1 6.20087E-1 6.06732E-1 6.21275E-1 6.32275E-1 6.30361E-1 6.27645E-1 6.06282E-1 5.86088E-1 5.80427E-1 5.32253E-1 5.58724E-1 5.63706E-1 5.69641E-1 5.76423E-1 5.69018E-1 5.645E-1 5.65529E-1 6.80861E-1 6.54754E-1 5.23411E-1 5.16652E-1 5.14852E-1 5.18706E-1 5.31559E-1 5.09909E-1 5.08657E-1 5.11532E-1 5.06555E-1 6.71293E-1
6.86115E-1 6.94134E-1 6.42592E-1 6.43513E-1 6.32507E-1 6.37739E-1 5.85278E-1 6.08746E-1 6.2187E-1 5.90676E-1 6.29906E-1 6.26837E-1 6.3482E-1 6.16027E-1 6.10741E-1 6.36415E-1 6.49037E-1 6.43782E-1 6.6897E-1 6.71914E-1 6.78783E-1 6.58169E-1 6.33702E-1 6.40563E-1 6.21912E-1 6.16486E-1 6.20053E-1 6.26587E-1 6.75006E-1 6.5408E-1 6.22419E-1 6.21015E-1 6.27272E-1 6.45432E-1 6.61392E-1 6.02512E-1 6.36376E-1 6.16272E-1 5.91025E-1 5.82929E-1 5.93288E-1 5.66638E-1 5.71314E-1 5.81425E-1 5.67676E-1 5.69585E-1 5.65596E-1 6.27239E-1 5.92446E-1 5.41407E-1 7.29635E-1 6.45577E-1 5.34939E-1 5.3605E-1 5.10256E-1 5.09169E-1 5.04449E-1 5.05459E-1 5.01612E-1 5.54655E-1 7.22969E-1
6.23306E-1 6.25799E-1 6.38747E-1 6.27412E-1 6.24584E-1 6.06493E-1 6.92495E-1 6.01049E-1 6.04439E-1 6.09792E-1 6.1338E-1 6.49755E-1 7.04408E-1 6.41386E-1 6.38384E-1 6.23283E-1 6.37516E-1 6.5627E-1 6.64269E-1 6.91394E-1 6.65319E-1 6.69571E-1 6.46889E-1 6.31592E-1 6.31648E-1 6.4337E-1 6.53383E-1 6.45427E-1 6.25355E-1 6.65542E-1 5.98882E-1 5.88644E-1 5.91701E-1 6.09187E-1 6.01585E-1 6.24194E-1 6.54502E-1 6.79051E-1 6.44093E-1 5.78746E-1 5.7373E-1 5.78485E-1 6.03052E-1 6.27211E-1 6.10266E-1 5.80003E-1 6.10397E-1 6.32713E-1 6.07291E-1 7.18127E-1 7.15747E-1 7.30816E-1 7.49851E-1 6.75493E-1 5.22963E-1 5.25928E-1 5.29922E-1 5.05698E-1 4.97008E-1 5.03114E-1 7.17399E-1
6.19934E-1 6.15554E-1 6.30431E-1 6.29418E-1 6.04635E-1 5.97641E-1 7.37853E-1 6.11182E-1 5.9667E-1 6.04561E-1 6.11454E-1 6.06336E-1 6.40077E-1 6.57663E-1 6.38703E-1 7.25808E-1 6.61509E-1 6.61824E-1 6.58261E-1 6.58935E-1 6.61235E-1 6.56196E-1 6.4626E-1 6.52833E-1 6.09357E-1 6.35731E-1 6.59916E-1 6.34001E-1 6.16906E-1 6.34424E-1 6.04395E-1 5.96267E-1 5.97217E-1 6.03354E-1 6.07697E-1 6.1043E-1 5.78386E-1 5.8405E-1 7.38876E-1 5.97846E-1 5.86593E-1 5.92489E-1 6.21264E-1 5.95478E-1 5.90599E-1 5.9123E-1 5.97776E-1 5.79515E-1 6.18056E-1 6.92097E-1 5.46575E-1 5.68278E-1 7.35581E-1 6.67007E-1 5.84914E-1 5.21282E-1 5.25616E-1 4.78022E-1 4.95444E-1 5.07111E-1 6.49903E-1
5.96466E-1 6.02963E-1 6.20462E-1 6.07968E-1 6.11434E-1 6.26944E-1 6.4764E-1 6.16883E-1 5.9636E-1 6.66221E-1 5.95421E-1 5.99266E-1 7.17847E-1 7.76106E-1 6.26666E-1 6.97848E-1 6.3773E-1 7.65486E-1 6.64665E-1 6.41038E-1 6.54778E-1 6.45975E-1 6.18972E-1 6.46885E-1 6.17321E-1 6.21464E-1 6.7024E-1 6.30567E-1 6.08208E-1 6.11413E-1 5.96028E-1 5.972E-1 5.95798E-1 6.09552E-1 6.13456E-1 6.18798E-1 6.02054E-1 5.76266E-1 6.97083E-1 5.94633E-1 6.05837E-1 6.03659E-1 6.19884E-1 5.99589E-1 5.95759E-1 5.95028E-1 5.80769E-1 5.95907E-1 7.21879E-1 5.59491E-1 5.49649E-1 5.39602E-1 5.45158E-1 5.35559E-1 5.3119E-1 5.04689E-1 5.1836E-1 5.11641E-1 4.95465E-1 4.97713E-1 5.03845E-1
6.01888E-1 5.99196E-1 6.21448E-1 6.32456E-1 5.91089E-1 6.05455E-1 6.43807E-1 6.18331E-1 5.98785E-1 6.07261E-1 6.08701E-1 6.06044E-1 6.85292E-1 7.71259E-1 6.03161E-1 6.5784E-1 6.44624E-1 6.70434E-1 6.26056E-1 6.35082E-1 6.33592E-1 6.57591E-1 6.38542E-1 6.16011E-1 6.42946E-1 6.33253E-1 6.39176E-1 6.22189E-1 6.15205E-1 5.97735E-1 6.01728E-1 6.03999E-1 5.94793E-1 6.04145E-1 6.11796E-1 6.08472E-1 5.94316E-1 5.79884E-1 6.13075E-1 6.29195E-1 6.44564E-1 6.62749E-1 6.78804E-1 5.99021E-1 6.17247E-1 7.35301E-1 7.30436E-1 7.16424E-1 7.16146E-1 5.84622E-1 5.49207E-1 5.60775E-1 5.31484E-1 5.41848E-1 5.39802E-1 5.13036E-1 4.84459E-1 5.11921E-1 5.01183E-1 4.93649E-1 4.93996E-1
5.90816E-1 5.95774E-1 6.36569E-1 5.83653E-1 5.76973E-1 5.91557E-1 7.04614E-1 6.66933E-1 5.88898E-1 6.18921E-1 6.19943E-1 6.28669E-1 6.00695E-1 6.22416E-1 5.99038E-1 6.46119E-1 6.72212E-1 6.41413E-1 6.30076E-1 6.24963E-1 6.25793E-1 6.24149E-1 6.20082E-1 6.41112E-1 6.26147E-1 6.29675E-1 6.07539E-1 6.17191E-1 6.00875E-1 6.02776E-1 5.97454E-1 6.34136E-1 5.97894E-1 5.9862E-1 5.99283E-1 5.88678E-1 5.98119E-1 6.21361E-1 5.91988E-1 6.12316E-1 6.01431E-1 6.3755E-1 6.26173E-1 7.103E-1 7.031E-1 6.58695E-1 6.15952E-1 5.96814E-1 5.84456E-1 5.76831E-1 5.89152E-1 5.63921E-1 5.292E-1 5.25776E-1 5.27836E-1 5.27866E-1 5.09781E-1 5.47147E-1 5.50797E-1 5.02385E-1 4.91144E-1
6.08336E-1 5.98197E-1 5.88231E-1 5.76398E-1 5.94555E-1 6.00844E-1 5.9347E-1 5.77056E-1 5.9668E-1 6.16563E-1 6.59492E-1 6.01734E-1 6.21366E-1 6.02515E-1 6.07882E-1 6.37612E-1 6.24077E-1 6.20912E-1 5.95359E-1 5.93429E-1 6.01507E-1 6.07933E-1 6.19022E-1 6.23378E-1 6.28436E-1 6.48109E-1 6.37135E-1 6.28465E-1 6.19128E-1 6.136E-1 5.91093E-1 5.94985E-1 6.05313E-1 6.10774E-1 5.94369E-1 5.99801E-1 6.14301E-1 6.23867E-1 6.06308E-1 6.22215E-1 6.22972E-1 6.04585E-1 6.04277E-1 6.05716E-1 6.10317E-1 6.12365E-1 6.06834E-1 6.06171E-1 5.85812E-1 5.66458E-1 5.2902E-1 5.32457E-1 5.30579E-1 5.31002E-1 5.40669E-1 5.17544E-1 5.22669E-1 5.09872E-1 6.06178E-1 5.31748E-1 4.99477E-1
5.82954E-1 5.99392E-1 6.06088E-1 6.0133E-1 6.69591E-1 6.00961E-1 5.79285E-1 5.75545E-1 5.91905E-1 5.99951E-1 6.09895E-1 6.18313E-1 6.53789E-1 6.04467E-1 6.14292E-1 6.0357E-1 5.99984E-1 6.06081E-1 5.95815E-1 6.07637E-1 6.13303E-1 6.11389E-1 5.71505E-1 6.27302E-1 6.15607E-1 6.12726E-1 6.28129E-1 6.42966E-1 6.19867E-1 6.2834E-1 5.94249E-1 6.52991E-1 5.94245E-1 5.93619E-1 5.92582E-1 6.32677E-1 6.01634E-1 5.96279E-1 6.01853E-1 6.75627E-1 6.08235E-1 6.37411E-1 6.00641E-1 5.84033E-1 5.92767E-1 6.07079E-1 6.52018E-1 5.85645E-1 5.98577E-1 5.5772E-1 5.52426E-1 5.62837E-1 5.47009E-1 5.27643E-1 5.94875E-1 6.32787E-1 5.22653E-1 5.01563E-1 5.0567E-1 5.97917E-1 5.31791E-1
5.65478E-1 5.87913E-1 5.93077E-1 6.14192E-1 6.91083E-1 6.40573E-1 5.91872E-1 5.87558E-1 5.76094E-1 6.04474E-1 6.20573E-1 5.97156E-1 6.14067E-1 6.52442E-1 6.15052E-1 5.96458E-1 5.99803E-1 6.13172E-1 6.17912E-1 6.26928E-1 6.16417E-1 6.10784E-1 6.07181E-1 6.33318E-1 6.39436E-1 6.84372E-1 6.76953E-1 6.33709E-1 6.32751E-1 6.06373E-1 6.20432E-1 7.04651E-1 5.93156E-1 6.03368E-1 5.90446E-1 5.99657E-1 6.08086E-1 6.58334E-1 6.15408E-1 6.1904E-1 6.24641E-1 5.98262E-1 6.07925E-1 5.93655E-1 5.78883E-1 5.9214E-1 6.43055E-1 7.54829E-1 5.8553E-1 6.35617E-1 7.57455E-1 5.78993E-1 5.6844E-1 5.42667E-1 5.17698E-1 5.04456E-1 5.00046E-1 5.17344E-1 5.29993E-1 5.27747E-1 5.25153E-1
6.18065E-1 5.79278E-1 5.80821E-1 5.7616E-1 5.92802E-1 5.91378E-1 5.59895E-1 5.83628E-1 5.65036E-1 5.99631E-1 5.91181E-1 5.81106E-1 5.73346E-1 5.80039E-1 6.14404E-1 6.07983E-1 6.12995E-1 6.00434E-1 7.0063E-1 6.08869E-1 6.48825E-1 7.42439E-1 6.21131E-1 6.18017E-1 6.17705E-1 7.51284E-1 7.32995E-1 7.20139E-1 6.48815E-1 6.11025E-1 5.78359E-1 5.80495E-1 5.98671E-1 6.07094E-1 5.96572E-1 5.93961E-1 6.15124E-1 6.26962E-1 6.07079E-1 6.23949E-1 6.26999E-1 6.31552E-1 7.06499E-1 6.05899E-1 5.94069E-1 6.51546E-1 6.15508E-1 5.91915E-1 5.80007E-1 5.66567E-1 6.72109E-1 5.6442E-1 5.67479E-1 5.60056E-1 5.65076E-1 5.48257E-1 5.12236E-1 5.17282E-1 6.79485E-1 5.06405E-1 5.46787E-1
5.59964E-1 6.01242E-1 5.70643E-1 5.7957E-1 5.7102E-1 6.60688E-1 5.81744E-1 5.99548E-1 5.78675E-1 5.82675E-1 6.50643E-1 6.12814E-1 5.91797E-1 6.05887E-1 6.11587E-1 6.04338E-1 5.99042E-1 6.04563E-1 6.16307E-1 6.04034E-1 6.027E-1 6.18577E-1 6.28793E-1 6.13569E-1 6.12992E-1 6.41155E-1 5.89289E-1 5.95334E-1 5.87151E-1 5.68896E-1 5.5972E-1 5.71388E-1 6.72932E-1 6.42222E-1 6.20869E-1 6.1704E-1 6.04901E-1 6.1192E-1 6.13262E-1 6.28681E-1 6.2881E-1 6.16352E-1 6.24561E-1 6.20337E-1 6.1053E-1 6.01062E-1 5.79744E-1 5.97429E-1 5.9864E-1 5.88368E-1 5.64677E-1 6.93442E-1 5.73757E-1 5.57151E-1 5.7312E-1 5.78273E-1 5.61562E-1 5.31764E-1 5.29894E-1 5.15996E-1 5.4046E-1
5.79829E-1 5.67047E-1 5.51736E-1 5.96933E-1 5.89799E-1 7.11176E-1 5.86178E-1 5.87683E-1 6.24964E-1 6.09744E-1 6.07954E-1 6.11319E-1 6.01899E-1 6.16897E-1 6.71428E-1 5.95745E-1 5.94768E-1 6.00654E-1 6.18076E-1 6.50984E-1 6.11901E-1 6.0784E-1 6.23384E-1 6.3408E-1 6.15426E-1 6.02518E-1 5.76741E-1 5.80232E-1 5.60189E-1 5.76217E-1 6.07446E-1 5.73639E-1 5.71892E-1 6.0554E-1 6.05245E-1 5.99215E-1 6.00264E-1 6.28293E-1 6.4128E-1 6.61377E-1 6.46139E-1 6.27482E-1 6.33489E-1 6.31754E-1 6.11675E-1 5.84862E-1 5.82906E-1 5.72826E-1 5.79665E-1 5.83897E-1 5.82834E-1 5.70674E-1 5.64383E-1 7.26895E-1 7.51005E-1 7.15547E-1 5.69235E-1 5.40403E-1 5.23005E-1 4.99891E-1 5.28241E-1
5.56801E-1 5.52221E-1 5.74368E-1 5.89424E-1 5.90989E-1 5.69668E-1 5.78346E-1 5.85393E-1 6.06634E-1 6.55946E-1 6.34244E-1 5.97876E-1 6.02051E-1 5.86901E-1 6.08524E-1 6.24154E-1 5.9574E-1 5.8685E-1 6.43737E-1 6.36761E-1 5.97744E-1 6.20029E-1 6.22329E-1 6.33201E-1 6.25495E-1 6.11333E-1 5.86096E-1 5.8039E-1 5.66842E-1 5.60225E-1 5.5312E-1 5.58602E-1 5.71994E-1 5.85673E-1 6.23741E-1 6.77405E-1 6.28827E-1 6.14598E-1 6.09531E-1 6.72892E-1 6.351E-1 6.26641E-1 6.30495E-1 6.24432E-1 5.96572E-1 6.07518E-1 6.3525E-1 5.95809E-1 5.77159E-1 5.76064E-1 5.6021E-1 5.77395E-1 5.64684E-1 6.96056E-1 6.04416E-1 4.33966E-1 6.08461E-1 5.49596E-1 5.33157E-1 4.91744E-1 4.81945E-1
5.31178E-1 5.66452E-1 5.60771E-1 5.57469E-1 5.72846E-1 5.77672E-1 6.07805E-1 6.41423E-1 5.83041E-1 6.04809E-1 6.13472E-1 6.05452E-1 6.13902E-1 6.04743E-1 6.05174E-1 6.33144E-1 5.93729E-1 5.99537E-1 6.19798E-1 6.15236E-1 6.49419E-1 6.44223E-1 6.28694E-1 6.25272E-1 6.57835E-1 5.96129E-1 6.06236E-1 5.98478E-1 5.94902E-1 5.99361E-1 6.96912E-1 7.0875E-1 7.22891E-1 6.93923E-1 6.69721E-1 6.8728E-1 6.13559E-1 6.32088E-1 6.26223E-1 6.34799E-1 6.3936E-1 6.32761E-1 6.35157E-1 6.34215E-1 5.98155E-1 6.08556E-1 5.92003E-1 5.79786E-1 5.77128E-1 5.75855E-1 5.65769E-1 5.63266E-1 5.81602E-1 6.09752E-1 6.73066E-1 7.33899E-1 6.5054E-1 5.29879E-1 5.87167E-1 4.83317E-1 4.67535E-1
5.21242E-1 5.74995E-1 7.17202E-1 5.69815E-1 5.89935E-1 5.91567E-1 6.80096E-1 6.02509E-1 6.16697E-1 5.97151E-1 6.01065E-1 6.08134E-1 5.99862E-1 6.11133E-1 6.13736E-1 6.18127E-1 6.34294E-1 6.24331E-1 6.04467E-1 6.12427E-1 6.08973E-1 6.21221E-1 7.43955E-1 7.47746E-1 7.90442E-1 6.75611E-1 7.65398E-1 6.45646E-1 7.56771E-1 7.30933E-1 7.56363E-1 7.38672E-1 6.78299E-1 6.15794E-1 6.20456E-1 6.33563E-1 6.06887E-1 6.24673E-1 6.44341E-1 6.24047E-1 6.39644E-1 6.30769E-1 6.26361E-1 6.16776E-1 5.89445E-1 5.94495E-1 5.85763E-1 6.00331E-1 5.96658E-1 5.72256E-1 5.65536E-1 5.63963E-1 5.81317E-1 6.33091E-1 6.13009E-1 5.54086E-1 5.76616E-1 5.34756E-1 5.35295E-1 5.37301E-1 5.08979E-1
4.92934E-1 5.70729E-1 5.6086E-1 5.71607E-1 5.91161E-1 6.1276E-1 5.95441E-1 6.37705E-1 6.2221E-1 6.50134E-1 6.12528E-1 6.23795E-1 6.37138E-1 6.0154E-1 5.78257E-1 5.90541E-1 6.25944E-1 6.14364E-1 5.97283E-1 6.10336E-1 6.28243E-1 6.12335E-1 6.44581E-1 6.63333E-1 6.49856E-1 7.66495E-1 7.71982E-1 6.67395E-1 7.19951E-1 7.1905E-1 6.34426E-1 6.17354E-1 6.1603E-1 6.62889E-1 6.81898E-1 6.33835E-1 6.24316E-1 6.31612E-1 6.24857E-1 6.20853E-1 6.25672E-1 6.31325E-1 6.95421E-1 6.38741E-1 6.04656E-1 6.15032E-1 6.01478E-1 6.27557E-1 6.09646E-1 5.8032E-1 6.38956E-1 5.61135E-1 5.82863E-1 5.6118E-1 5.66414E-1 5.81186E-1 6.2121E-1 5.26278E-1 5.40484E-1 5.66717E-1 5.43397E-1
4.95939E-1 5.13608E-1 5.44768E-1 6.17242E-1 6.31648E-1 6.06011E-1 6.51073E-1 6.66056E-1 6.24806E-1 6.28378E-1 6.51709E-1 6.22159E-1 6.04944E-1 6.0637E-1 6.04638E-1 6.08256E-1 6.057E-1 6.99813E-1 7.80022E-1 6.14825E-1 6.03423E-1 6.18364E-1 6.45843E-1 6.26566E-1 6.42879E-1 6.57462E-1 6.39741E-1 6.53204E-1 6.85417E-1 7.29872E-1 6.34284E-1 6.341E-1 6.81598E-1 6.87535E-1 6.48874E-1 6.38308E-1 6.21741E-1 6.244E-1 6.15714E-1 6.2739E-1 6.412E-1 6.46176E-1 6.62854E-1 6.21086E-1 6.10631E-1 6.017E-1 5.98167E-1 5.86951E-1 5.92079E-1 5.59509E-1 6.26031E-1 6.03403E-1 5.71369E-1 5.87069E-1 5.90841E-1 5.74873E-1 6.21983E-1 5.51019E-1 6.10801E-1 6.13149E-1 5.85403E-1
5.58503E-1 5.4554E-1 5.618E-1 6.3456E-1 6.28291E-1 6.37096E-1 6.30666E-1 6.2861E-1 6.30434E-1 6.36969E-1 6.50486E-1 6.55257E-1 6.1499E-1 6.39278E-1 6.39388E-1 6.14672E-1 6.06393E-1 6.61144E-1 7.74546E-1 6.06444E-1 5.9944E-1 6.54081E-1 6.38339E-1 6.34521E-1 6.39351E-1 6.75756E-1 6.36686E-1 6.56348E-1 6.56473E-1 6.93057E-1 6.47769E-1 6.36232E-1 6.51986E-1 6.54952E-1 6.12721E-1 6.34389E-1 6.48042E-1 6.43195E-1 6.34486E-1 6.41256E-1 6.4114E-1 6.5856E-1 6.55173E-1 6.33027E-1 6.22275E-1 6.63921E-1 6.12616E-1 5.99918E-1 5.95594E-1 5.53244E-1 5.55748E-1 5.91724E-1 5.98057E-1 5.6773E-1 6.14473E-1 6.64478E-1 5.849E-1 5.84605E-1 5.98945E-1 5.84028E-1 5.45986E-1
6.27094E-1 5.66095E-1 5.97401E-1 6.49428E-1 6.73486E-1 6.80527E-1 6.4066E-1 6.41627E-1 6.6404E-1 6.37999E-1 6.19864E-1 6.14498E-1 6.06636E-1 6.23824E-1 6.10381E-1 5.86434E-1 6.04053E-1 6.85281E-1 6.08284E-1 5.86638E-1 6.02632E-1 6.17032E-1 6.08234E-1 6.41844E-1 5.95214E-1 6.24276E-1 6.97902E-1 7.16279E-1 6.97083E-1 7.08875E-1 7.01761E-1 6.38672E-1 6.37062E-1 6.40181E-1 6.15075E-1 6.15549E-1 6.31126E-1 6.59816E-1 6.23872E-1 6.25303E-1 6.49598E-1 6.39674E-1 6.23237E-1 6.1918E-1 6.21298E-1 6.55642E-1 6.18584E-1 6.06047E-1 5.72829E-1 5.70657E-1 5.76932E-1 6.02306E-1 6.05814E-1 6.15252E-1 6.56141E-1 6.00397E-1 5.87281E-1 6.02993E-1 5.84742E-1 5.6414E-1 5.46686E-1
