Candidate_Models_July82022/M_0.8_F_lqp_Set_1_cal/Bison.asc
ncols         290
nrows         380
xllcorner     -2197417.7431653
yllcorner     -584827.01486885
cellsize      10000.0
NODATA_value  -9999
[rows 243 to 269 of 380, columns 183 to 243 of 290]
4.57976E-1 4.29687E-1 4.21939E-1 4.38134E-1 4.52643E-1 4.36157E-1 5.59052E-1 6.14546E-1 6.42544E-1 4.38319E-1 3.77621E-1 3.49034E-1 3.41646E-1 3.29021E-1 3.60534E-1 5.32525E-1 5.44289E-1 4.4759E-1 4.39405E-1 3.27098E-1 3.07308E-1 3.30885E-1 4.69738E-1 4.64898E-1 5.94435E-1 4.04967E-1 3.28978E-1 3.32103E-1 3.36497E-1 4.50481E-1 4.88751E-1 3.93936E-1 5.21757E-1 5.01542E-1 4.25623E-1 4.2625E-1 3.37108E-1 3.1693E-1 4.15805E-1 3.62037E-1 4.09096E-1 3.94007E-1 4.68383E-1 4.29689E-1 3.56064E-1 3.7674E-1 3.51218E-1 3.50712E-1 4.17239E-1 3.72418E-1 2.32413E-1 2.26347E-1 4.05662E-1 3.42782E-1 4.39556E-1 2.81831E-1 2.71519E-1 2.52473E-1 -9999 -9999 -9999
4.89904E-1 5.06972E-1 4.405E-1 4.68669E-1 4.34821E-1 6.44706E-1 3.286E-1 6.5057E-1 6.03807E-1 6.14764E-1 4.12471E-1 4.31115E-1 4.12347E-1 3.55321E-1 3.08071E-1 3.52129E-1 4.13075E-1 4.56779E-1 3.84584E-1 3.91728E-1 3.06198E-1 3.38574E-1 4.27277E-1 5.41443E-1 5.04138E-1 4.67965E-1 3.28267E-1 3.2994E-1 6.2162E-1 4.46774E-1 3.6662E-1 3.43116E-1 5.33514E-1 4.15429E-1 4.32642E-1 4.33145E-1 3.30983E-1 3.24487E-1 3.99849E-1 4.66736E-1 4.13496E-1 4.11044E-1 3.9492E-1 4.11844E-1 3.95659E-1 3.68851E-1 3.57364E-1 3.58375E-1 4.58169E-1 4.35539E-1 3.00695E-1 2.45981E-1 4.0897E-1 3.50012E-1 4.37811E-1 3.31861E-1 2.73649E-1 2.6342E-1 -9999 -9999 -9999
4.89356E-1 4.52053E-1 4.38749E-1 4.34267E-1 4.76045E-1 6.24227E-1 6.40094E-1 5.79229E-1 4.20133E-1 4.26978E-1 3.85789E-1 4.35687E-1 5.98141E-1 5.09156E-1 4.07601E-1 3.32162E-1 3.26748E-1 3.47629E-1 3.01747E-1 3.6589E-1 3.88454E-1 3.59718E-1 4.29241E-1 4.01214E-1 4.60409E-1 4.10316E-1 4.73143E-1 5.603E-1 3.46662E-1 3.55014E-1 3.47815E-1 3.5773E-1 5.96195E-1 5.16024E-1 5.38595E-1 6.00151E-1 3.25024E-1 3.61598E-1 4.09104E-1 4.78784E-1 4.45234E-1 4.13226E-1 4.14167E-1 3.97981E-1 3.90474E-1 3.97593E-1 3.6384E-1 3.6493E-1 3.64511E-1 3.49698E-1 3.00096E-1 3.17577E-1 3.69953E-1 3.75665E-1 3.4544E-1 3.3288E-1 2.69619E-1 2.64049E-1 2.58291E-1 -9999 -9999
5.08797E-1 4.60799E-1 4.45969E-1 4.38957E-1 6.04557E-1 4.52934E-1 4.52088E-1 4.55282E-1 4.45306E-1 4.17232E-1 3.91887E-1 5.18743E-1 4.05488E-1 5.85269E-1 4.87241E-1 4.73209E-1 3.10537E-1 3.28533E-1 3.0296E-1 3.28104E-1 4.41572E-1 5.28844E-1 4.29922E-1 4.30916E-1 6.10994E-1 6.05067E-1 6.13685E-1 3.85391E-1 3.70393E-1 3.50436E-1 3.36835E-1 3.34831E-1 5.94751E-1 6.00863E-1 5.32802E-1 5.26185E-1 4.93191E-1 3.20907E-1 3.90437E-1 6.1371E-1 3.35159E-1 3.94215E-1 4.2448E-1 4.67722E-1 4.90403E-1 5.70076E-1 5.36246E-1 4.00967E-1 2.91656E-1 3.24776E-1 2.87451E-1 3.13396E-1 3.62783E-1 3.60839E-1 3.18864E-1 2.90712E-1 2.753E-1 2.73838E-1 3.06262E-1 2.96644E-1 -9999
5.15627E-1 4.93232E-1 4.61295E-1 6.03521E-1 4.8485E-1 4.22665E-1 6.58875E-1 5.67557E-1 4.55169E-1 4.57084E-1 4.22496E-1 3.75149E-1 3.72344E-1 3.80534E-1 4.59499E-1 6.16278E-1 5.26152E-1 5.00053E-1 3.18669E-1 3.32942E-1 3.43546E-1 3.30864E-1 3.15631E-1 3.56157E-1 5.99755E-1 3.71034E-1 3.8024E-1 3.75604E-1 3.58535E-1 3.45995E-1 3.50141E-1 3.43518E-1 5.01602E-1 5.79432E-1 5.57732E-1 3.99E-1 5.23072E-1 3.98356E-1 2.98904E-1 5.29853E-1 3.48607E-1 3.66633E-1 3.84308E-1 3.56107E-1 3.78934E-1 4.53022E-1 4.83837E-1 2.61945E-1 2.69589E-1 3.13841E-1 2.99951E-1 3.0186E-1 2.99475E-1 3.05327E-1 2.96591E-1 2.73954E-1 3.4263E-1 3.59699E-1 3.5254E-1 2.71656E-1 -9999
5.36144E-1 4.95502E-1 4.83027E-1 4.68981E-1 4.42074E-1 5.07217E-1 6.97779E-1 6.39275E-1 4.61658E-1 4.18394E-1 4.65274E-1 4.09212E-1 3.8059E-1 4.77518E-1 4.23014E-1 4.15302E-1 5.45229E-1 6.09537E-1 5.74274E-1 3.1828E-1 3.3212E-1 3.17194E-1 3.20231E-1 3.70715E-1 5.76573E-1 4.19517E-1 4.71354E-1 5.90521E-1 3.62137E-1 3.37254E-1 3.28447E-1 3.42771E-1 4.76032E-1 5.41744E-1 5.57326E-1 5.45508E-1 4.11959E-1 5.8287E-1 5.26472E-1 4.39563E-1 4.41007E-1 4.39627E-1 3.58071E-1 3.97748E-1 3.23132E-1 5.57168E-1 4.40906E-1 2.90739E-1 3.01621E-1 2.8879E-1 3.35599E-1 3.09984E-1 3.03785E-1 3.10453E-1 2.91898E-1 2.66001E-1 2.48132E-1 3.57344E-1 3.99006E-1 2.83345E-1 -9999
6.72766E-1 4.91855E-1 4.72882E-1 4.71974E-1 4.46747E-1 4.61416E-1 6.08565E-1 5.21453E-1 4.5329E-1 4.88259E-1 4.30007E-1 4.59185E-1 4.54395E-1 5.59931E-1 5.50273E-1 4.53013E-1 4.63415E-1 4.94379E-1 6.08256E-1 3.72761E-1 3.19707E-1 3.21441E-1 3.15524E-1 3.23624E-1 4.17969E-1 5.41234E-1 4.58158E-1 5.98726E-1 3.80069E-1 3.53832E-1 3.31613E-1 3.33392E-1 4.91436E-1 3.5766E-1 5.20056E-1 4.63207E-1 3.53289E-1 5.82169E-1 5.31139E-1 6.06611E-1 6.22383E-1 5.37986E-1 5.69727E-1 4.50009E-1 3.74227E-1 5.49634E-1 5.96898E-1 4.24998E-1 3.41556E-1 3.17285E-1 3.44719E-1 3.08407E-1 3.33738E-1 4.91826E-1 4.38651E-1 3.97895E-1 3.06164E-1 3.26201E-1 3.27922E-1 2.53794E-1 -9999
6.36029E-1 4.94882E-1 4.72853E-1 4.72233E-1 4.49813E-1 4.39004E-1 5.732E-1 7.14166E-1 6.50003E-1 5.18685E-1 4.82651E-1 5.39689E-1 5.41101E-1 6.36231E-1 6.26739E-1 5.61906E-1 3.8522E-1 3.80632E-1 4.67206E-1 3.57917E-1 3.20681E-1 3.44211E-1 3.93099E-1 3.27108E-1 5.05212E-1 3.94484E-1 4.11831E-1 4.51805E-1 6.06256E-1 3.49631E-1 3.38697E-1 3.34544E-1 4.82677E-1 4.30769E-1 5.61668E-1 4.92386E-1 3.64326E-1 3.73249E-1 5.42008E-1 6.05117E-1 5.59896E-1 5.52937E-1 5.57478E-1 3.51613E-1 4.24873E-1 6.3743E-1 5.86308E-1 5.12131E-1 4.78803E-1 3.37549E-1 3.30356E-1 3.83358E-1 4.38468E-1 4.40597E-1 4.78419E-1 2.96541E-1 3.20694E-1 3.92333E-1 2.67127E-1 2.97865E-1 -9999
5.308E-1 4.86115E-1 5.01251E-1 4.62411E-1 4.59223E-1 4.40896E-1 6.85856E-1 6.83622E-1 6.03785E-1 5.10696E-1 5.2161E-1 4.43465E-1 4.82813E-1 6.06134E-1 6.409E-1 4.94105E-1 4.05902E-1 4.46837E-1 3.87095E-1 3.48212E-1 3.48584E-1 3.69194E-1 3.74297E-1 3.64155E-1 5.74808E-1 5.77214E-1 3.89134E-1 4.01441E-1 6.2366E-1 5.2914E-1 3.62776E-1 5.14387E-1 4.78153E-1 3.8415E-1 3.91536E-1 5.32209E-1 3.40821E-1 5.02216E-1 4.80589E-1 5.32997E-1 6.11724E-1 6.27191E-1 5.04428E-1 3.82139E-1 3.29929E-1 5.17903E-1 5.93833E-1 5.51263E-1 4.83701E-1 3.56357E-1 3.78879E-1 4.05224E-1 5.00008E-1 4.05639E-1 4.76657E-1 2.99396E-1 3.35437E-1 3.43163E-1 2.82518E-1 3.55941E-1 -9999
4.97335E-1 4.90981E-1 7.11904E-1 4.63159E-1 4.62129E-1 4.51436E-1 5.01363E-1 6.19425E-1 5.37957E-1 4.34471E-1 4.70742E-1 4.74339E-1 4.24905E-1 4.55437E-1 4.8753E-1 4.13204E-1 4.20405E-1 4.34158E-1 4.68423E-1 4.77436E-1 3.64833E-1 3.57981E-1 3.84767E-1 3.74621E-1 5.65888E-1 4.72863E-1 4.66687E-1 3.44691E-1 3.59771E-1 4.69274E-1 5.11677E-1 3.3036E-1 3.04487E-1 3.23584E-1 3.52794E-1 3.38218E-1 3.42692E-1 5.58644E-1 2.73781E-1 5.70565E-1 5.52873E-1 6.299E-1 5.82574E-1 5.86026E-1 4.90227E-1 3.0547E-1 4.88815E-1 6.14757E-1 5.5856E-1 3.59503E-1 3.45727E-1 4.37958E-1 4.77386E-1 4.41169E-1 4.6849E-1 3.02274E-1 4.56483E-1 5.00078E-1 4.28913E-1 2.92002E-1 -9999
6.34731E-1 5.05751E-1 4.93642E-1 4.67161E-1 4.57676E-1 4.50843E-1 4.41087E-1 4.59113E-1 4.5331E-1 4.4018E-1 4.54612E-1 4.7828E-1 4.53616E-1 5.02872E-1 4.62865E-1 3.9571E-1 4.25287E-1 4.58614E-1 4.07129E-1 4.32602E-1 3.74329E-1 4.07119E-1 3.9187E-1 4.0699E-1 3.85212E-1 3.93189E-1 5.00982E-1 3.7002E-1 5.29932E-1 3.76138E-1 3.54569E-1 3.28372E-1 3.05803E-1 3.30688E-1 3.69674E-1 3.59805E-1 3.81336E-1 4.75387E-1 4.89373E-1 4.85063E-1 4.95928E-1 5.80732E-1 5.96368E-1 5.99104E-1 5.61938E-1 3.4574E-1 5.51033E-1 6.06326E-1 5.9945E-1 3.84513E-1 3.48137E-1 3.83115E-1 4.40143E-1 3.48798E-1 4.54921E-1 4.97637E-1 4.74748E-1 4.91886E-1 4.78311E-1 3.7091E-1 -9999
6.70234E-1 4.94322E-1 4.90515E-1 4.81454E-1 4.61951E-1 4.69115E-1 4.47956E-1 4.62903E-1 4.56768E-1 4.20574E-1 4.16097E-1 4.25944E-1 6.73792E-1 6.2486E-1 4.24105E-1 3.7788E-1 4.00279E-1 3.66338E-1 4.28668E-1 5.66706E-1 3.71949E-1 4.2904E-1 4.68838E-1 4.59314E-1 3.86298E-1 3.85379E-1 4.86133E-1 3.6449E-1 4.73493E-1 5.66953E-1 4.28881E-1 3.71177E-1 4.77206E-1 3.86005E-1 3.37346E-1 4.01311E-1 5.55508E-1 5.5056E-1 4.53975E-1 3.85039E-1 3.99858E-1 6.02906E-1 4.98221E-1 6.14262E-1 4.04589E-1 5.2565E-1 5.19397E-1 4.79749E-1 6.01984E-1 5.86735E-1 3.76302E-1 4.67078E-1 5.46225E-1 3.07753E-1 3.79863E-1 2.90119E-1 2.84953E-1 3.23753E-1 3.22407E-1 2.89655E-1 -9999
6.30384E-1 5.47823E-1 4.97837E-1 4.76413E-1 4.66074E-1 4.71165E-1 4.40862E-1 4.53635E-1 4.63036E-1 4.45973E-1 4.60717E-1 4.47672E-1 6.17902E-1 5.69061E-1 3.96006E-1 3.84872E-1 4.32197E-1 4.15557E-1 3.99861E-1 4.22156E-1 4.23292E-1 4.13727E-1 4.96591E-1 4.5563E-1 4.30017E-1 3.88253E-1 4.9527E-1 4.36796E-1 3.57206E-1 4.00184E-1 4.02763E-1 4.33697E-1 4.24694E-1 4.30425E-1 4.85249E-1 4.47609E-1 4.02581E-1 4.72526E-1 5.42161E-1 5.83311E-1 5.66224E-1 6.27764E-1 4.9544E-1 5.304E-1 4.33385E-1 5.13707E-1 5.89996E-1 5.83764E-1 6.00119E-1 5.60636E-1 4.15456E-1 4.27706E-1 4.94343E-1 4.57109E-1 3.82898E-1 3.69861E-1 2.63284E-1 3.87783E-1 2.93176E-1 2.77872E-1 -9999
5.15168E-1 6.7124E-1 5.68468E-1 4.65843E-1 5.07637E-1 4.78992E-1 4.82572E-1 5.6425E-1 6.07125E-1 6.50982E-1 4.84651E-1 4.73845E-1 4.36688E-1 4.24979E-1 3.96569E-1 4.15835E-1 4.12956E-1 4.0797E-1 4.07054E-1 4.25547E-1 4.23575E-1 4.7409E-1 4.60972E-1 4.07023E-1 3.80011E-1 3.76997E-1 4.46159E-1 3.66577E-1 3.38153E-1 6.06137E-1 5.8621E-1 5.06692E-1 3.74945E-1 3.96116E-1 3.83051E-1 3.85296E-1 3.43921E-1 3.26528E-1 4.77198E-1 5.12317E-1 5.77124E-1 5.43212E-1 4.65692E-1 5.53356E-1 4.95109E-1 3.26453E-1 3.19399E-1 5.23728E-1 6.02926E-1 6.26833E-1 5.99993E-1 5.19148E-1 4.3013E-1 5.05089E-1 5.15833E-1 5.20918E-1 5.35095E-1 5.01919E-1 3.23412E-1 2.79277E-1 -9999
5.05318E-1 5.33831E-1 4.93929E-1 4.80403E-1 4.78848E-1 4.99034E-1 4.6548E-1 4.95882E-1 5.23431E-1 5.0866E-1 6.34155E-1 5.23264E-1 4.57213E-1 4.27191E-1 4.12555E-1 4.29177E-1 4.0181E-1 4.06856E-1 4.36168E-1 4.22692E-1 4.06393E-1 4.10848E-1 4.2063E-1 4.24558E-1 4.01052E-1 4.13044E-1 4.21945E-1 3.73113E-1 3.55912E-1 3.4932E-1 3.49164E-1 5.53579E-1 5.17127E-1 3.54989E-1 4.07316E-1 3.9737E-1 3.46364E-1 3.52698E-1 3.64653E-1 5.5982E-1 3.54242E-1 5.90738E-1 6.14457E-1 6.29631E-1 4.57844E-1 5.12752E-1 2.91915E-1 2.97495E-1 5.30835E-1 6.07585E-1 6.27006E-1 4.76942E-1 3.95234E-1 3.7268E-1 3.99058E-1 3.81875E-1 4.62011E-1 5.16898E-1 2.67314E-1 2.81473E-1 -9999
5.01847E-1 5.0692E-1 4.98827E-1 4.90035E-1 4.69403E-1 4.82065E-1 4.92253E-1 4.63752E-1 4.53731E-1 4.5067E-1 4.78677E-1 5.48322E-1 4.60677E-1 4.68589E-1 4.42837E-1 4.33775E-1 5.52699E-1 5.00254E-1 4.35062E-1 4.28587E-1 4.4691E-1 4.99479E-1 5.14238E-1 4.78963E-1 4.12014E-1 3.9317E-1 3.91203E-1 3.97179E-1 3.93442E-1 4.37738E-1 4.38876E-1 5.00895E-1 5.57052E-1 5.53416E-1 5.85084E-1 6.0575E-1 4.87565E-1 3.69818E-1 4.3094E-1 5.1077E-1 3.23939E-1 6.08767E-1 5.9751E-1 5.1571E-1 4.95974E-1 6.28284E-1 3.43841E-1 2.98606E-1 3.0564E-1 5.03422E-1 6.37518E-1 6.18206E-1 4.44462E-1 4.52468E-1 4.81561E-1 4.07386E-1 5.22011E-1 5.01794E-1 2.76428E-1 2.81838E-1 -9999
5.39811E-1 4.96978E-1 4.98196E-1 6.90516E-1 6.00767E-1 4.80762E-1 4.80686E-1 5.2011E-1 5.50595E-1 4.7368E-1 4.70844E-1 4.65424E-1 5.51652E-1 3.97736E-1 4.14428E-1 4.46957E-1 5.53694E-1 6.50907E-1 5.55278E-1 5.61102E-1 5.11493E-1 5.48863E-1 6.02269E-1 5.06553E-1 4.78884E-1 6.18156E-1 6.12285E-1 4.22143E-1 4.23262E-1 3.44585E-1 4.11451E-1 3.47849E-1 3.35448E-1 4.34505E-1 5.11411E-1 4.84563E-1 5.59928E-1 5.93071E-1 4.07694E-1 3.8285E-1 4.01473E-1 5.45314E-1 4.85827E-1 5.90848E-1 6.23892E-1 6.5893E-1 5.45712E-1 3.11017E-1 3.07006E-1 3.04891E-1 5.70835E-1 5.98122E-1 4.6E-1 4.57421E-1 4.65339E-1 4.66273E-1 5.45053E-1 5.21864E-1 3.01273E-1 2.74512E-1 -9999
5.38575E-1 4.93861E-1 4.90017E-1 6.89723E-1 6.76092E-1 4.93237E-1 4.768E-1 4.66481E-1 4.70135E-1 4.71025E-1 4.71538E-1 4.45046E-1 4.39102E-1 4.63047E-1 4.50246E-1 4.59657E-1 5.15439E-1 5.21679E-1 6.43929E-1 6.65173E-1 6.66261E-1 6.85691E-1 6.77602E-1 6.63053E-1 6.06849E-1 5.79391E-1 5.12945E-1 4.17672E-1 4.28883E-1 3.90243E-1 3.67381E-1 3.56035E-1 3.42771E-1 3.69594E-1 4.34366E-1 4.52825E-1 5.93163E-1 5.20711E-1 5.90891E-1 4.90354E-1 4.1376E-1 3.89922E-1 3.76092E-1 3.90016E-1 6.15624E-1 6.34792E-1 6.28131E-1 3.1487E-1 3.08461E-1 3.04948E-1 4.34275E-1 6.0811E-1 4.33094E-1 3.6735E-1 4.31566E-1 4.77831E-1 5.10077E-1 3.58812E-1 4.79212E-1 2.75964E-1 -9999
5.4595E-1 4.86505E-1 4.76825E-1 5.03818E-1 4.98489E-1 4.70155E-1 4.72183E-1 4.5995E-1 4.61077E-1 5.05273E-1 5.30591E-1 6.9648E-1 5.38474E-1 4.35669E-1 4.85719E-1 4.47106E-1 4.40211E-1 4.67317E-1 5.36062E-1 4.70943E-1 4.53232E-1 4.85279E-1 5.72976E-1 4.76118E-1 5.61004E-1 4.28787E-1 4.32765E-1 5.34297E-1 4.80115E-1 3.92182E-1 3.9714E-1 3.67749E-1 4.36861E-1 3.765E-1 4.15066E-1 4.57666E-1 4.55997E-1 3.87597E-1 4.33855E-1 4.43587E-1 4.18024E-1 3.48832E-1 3.41723E-1 3.30655E-1 5.46353E-1 5.44755E-1 5.98264E-1 3.52016E-1 3.10238E-1 3.07162E-1 2.93525E-1 5.73041E-1 4.9928E-1 3.46472E-1 4.08617E-1 5.38093E-1 3.87567E-1 4.00091E-1 5.44351E-1 3.05382E-1 -9999
5.01747E-1 4.89408E-1 4.81402E-1 4.93982E-1 4.99126E-1 4.86043E-1 4.84023E-1 4.58646E-1 4.66456E-1 5.04814E-1 4.47279E-1 5.55203E-1 5.59233E-1 4.56325E-1 4.24986E-1 4.49215E-1 5.06395E-1 5.30377E-1 4.94013E-1 4.61707E-1 4.51329E-1 4.42623E-1 4.61223E-1 4.4282E-1 4.00028E-1 3.9626E-1 3.82421E-1 5.97647E-1 4.32432E-1 3.58419E-1 3.48262E-1 3.41698E-1 3.77915E-1 3.67833E-1 3.43778E-1 3.67856E-1 3.67346E-1 4.47248E-1 3.7753E-1 3.48571E-1 3.43801E-1 3.36135E-1 3.28368E-1 3.21501E-1 5.95617E-1 5.05486E-1 6.02722E-1 3.05973E-1 3.02758E-1 2.98831E-1 3.69239E-1 6.13644E-1 5.79973E-1 3.66501E-1 4.19592E-1 5.52903E-1 3.18888E-1 3.55954E-1 5.06072E-1 5.65735E-1 5.25696E-1
5.03754E-1 4.81228E-1 4.79131E-1 4.84478E-1 4.86956E-1 4.73394E-1 4.58082E-1 4.58326E-1 4.8039E-1 4.4406E-1 4.37909E-1 4.41986E-1 4.8174E-1 4.25738E-1 4.28162E-1 4.47442E-1 4.50475E-1 4.75245E-1 4.34729E-1 4.4434E-1 4.46095E-1 4.76375E-1 4.79374E-1 4.58229E-1 4.12511E-1 4.08789E-1 4.36631E-1 4.82206E-1 6.28611E-1 4.25839E-1 3.55305E-1 3.4671E-1 3.70908E-1 3.42637E-1 3.41971E-1 3.62443E-1 3.8255E-1 4.0837E-1 3.71483E-1 3.36525E-1 4.27836E-1 4.15235E-1 3.61081E-1 3.46586E-1 4.86211E-1 6.21404E-1 5.53168E-1 4.57211E-1 3.57962E-1 4.2679E-1 5.62548E-1 5.59609E-1 6.15946E-1 5.65496E-1 5.42169E-1 3.4286E-1 3.06322E-1 4.91977E-1 3.16102E-1 3.78694E-1 4.99991E-1
4.80653E-1 4.93775E-1 4.76538E-1 4.69835E-1 4.70064E-1 4.68372E-1 4.72146E-1 4.67022E-1 4.95232E-1 4.52376E-1 4.23753E-1 4.27927E-1 4.24187E-1 4.47366E-1 4.18245E-1 4.3082E-1 4.1608E-1 4.3322E-1 4.16782E-1 4.11688E-1 4.60818E-1 5.26585E-1 4.846E-1 5.35033E-1 4.58635E-1 4.14806E-1 4.05108E-1 4.3635E-1 5.88352E-1 4.80506E-1 3.68435E-1 3.83773E-1 3.69142E-1 3.59262E-1 3.49804E-1 3.38978E-1 3.95005E-1 3.95595E-1 3.69892E-1 3.46135E-1 4.0311E-1 5.7997E-1 5.02842E-1 3.62229E-1 3.83048E-1 4.83551E-1 4.88907E-1 4.76241E-1 5.70803E-1 5.81516E-1 6.01294E-1 6.0766E-1 5.40108E-1 5.14277E-1 4.02756E-1 3.89088E-1 3.33942E-1 4.11891E-1 3.74562E-1 3.82758E-1 3.61177E-1
5.07359E-1 4.88886E-1 4.84616E-1 4.70612E-1 4.81973E-1 4.73026E-1 4.78986E-1 4.67377E-1 4.4978E-1 4.44316E-1 4.44865E-1 4.33859E-1 4.18842E-1 4.66661E-1 4.2442E-1 4.27768E-1 4.1394E-1 4.77585E-1 4.42167E-1 4.29046E-1 4.85103E-1 5.25747E-1 4.20644E-1 4.57339E-1 5.42836E-1 4.13081E-1 3.8886E-1 4.06603E-1 4.25105E-1 4.47577E-1 4.36662E-1 3.81719E-1 3.74719E-1 3.40955E-1 3.50793E-1 4.42878E-1 3.57421E-1 3.75237E-1 3.46502E-1 3.36488E-1 3.8137E-1 4.47817E-1 6.13373E-1 3.92755E-1 4.36656E-1 3.7082E-1 3.88157E-1 4.8461E-1 4.08078E-1 4.18483E-1 4.95275E-1 5.38525E-1 5.19082E-1 4.08175E-1 4.95556E-1 3.6745E-1 4.40748E-1 4.29337E-1 4.57297E-1 4.23748E-1 3.20395E-1
5.35273E-1 4.96609E-1 4.98584E-1 4.71839E-1 4.80333E-1 4.76212E-1 4.76285E-1 4.67089E-1 4.5477E-1 4.47632E-1 4.54876E-1 4.44384E-1 4.36315E-1 4.73114E-1 4.77506E-1 4.3565E-1 4.4922E-1 6.27896E-1 6.49381E-1 4.9643E-1 4.63828E-1 4.63905E-1 4.96245E-1 3.96743E-1 4.37394E-1 4.9346E-1 3.9156E-1 3.97842E-1 3.73081E-1 3.80458E-1 4.00996E-1 3.91466E-1 3.4744E-1 3.69981E-1 4.30127E-1 3.59762E-1 3.37659E-1 3.38255E-1 3.40307E-1 3.94368E-1 4.55109E-1 4.0026E-1 6.20432E-1 4.20022E-1 4.24456E-1 4.3101E-1 3.90895E-1 3.67413E-1 5.35203E-1 4.81195E-1 4.7756E-1 4.94837E-1 5.46386E-1 4.81405E-1 4.79104E-1 3.79885E-1 5.5251E-1 4.84117E-1 4.5753E-1 3.84585E-1 4.29827E-1
5.76873E-1 5.31659E-1 4.82942E-1 4.98137E-1 4.79355E-1 4.78125E-1 5.21089E-1 4.68441E-1 4.67919E-1 4.59826E-1 4.65408E-1 4.67283E-1 4.78743E-1 4.411E-1 4.56314E-1 4.35094E-1 4.86702E-1 6.75085E-1 4.94353E-1 4.30855E-1 5.95221E-1 4.84171E-1 4.23063E-1 4.00094E-1 3.87681E-1 4.32092E-1 4.47034E-1 4.09552E-1 3.82229E-1 3.76006E-1 4.07877E-1 3.65683E-1 3.58129E-1 3.37411E-1 3.73485E-1 3.87983E-1 4.16969E-1 4.36857E-1 3.64883E-1 6.26891E-1 6.21038E-1 4.7039E-1 5.3366E-1 5.37237E-1 5.01595E-1 4.89008E-1 3.4049E-1 4.17871E-1 5.62871E-1 5.59116E-1 4.26201E-1 5.00854E-1 4.93369E-1 4.27964E-1 4.35629E-1 4.05735E-1 5.64033E-1 4.75151E-1 3.96605E-1 4.24123E-1 4.66106E-1
5.3786E-1 5.36686E-1 5.10728E-1 4.94803E-1 4.88515E-1 4.72091E-1 4.91688E-1 4.70539E-1 4.6192E-1 4.69194E-1 4.79027E-1 4.52554E-1 4.85407E-1 4.6399E-1 4.4594E-1 4.75853E-1 4.46729E-1 6.7409E-1 5.31855E-1 5.16081E-1 6.06329E-1 5.91283E-1 4.16955E-1 4.26762E-1 3.89056E-1 4.0591E-1 3.86205E-1 3.88295E-1 3.71202E-1 3.63836E-1 5.14587E-1 5.1955E-1 4.3216E-1 4.7252E-1 4.16682E-1 3.9986E-1 3.70375E-1 3.54074E-1 3.74078E-1 3.98176E-1 6.15264E-1 6.42013E-1 6.612E-1 6.56314E-1 6.42153E-1 5.85201E-1 5.30734E-1 5.48038E-1 4.83394E-1 5.62138E-1 4.19889E-1 3.61104E-1 3.83992E-1 4.3224E-1 4.17052E-1 3.73742E-1 3.77646E-1 4.74747E-1 3.3121E-1 3.44227E-1 4.26694E-1
5.33099E-1 5.23096E-1 5.05644E-1 5.01455E-1 4.9022E-1 4.45602E-1 4.44487E-1 4.96369E-1 5.22175E-1 4.81135E-1 4.66423E-1 4.61739E-1 4.45056E-1 4.52847E-1 4.37865E-1 4.36473E-1 4.34846E-1 4.36647E-1 4.64832E-1 4.93313E-1 5.00193E-1 4.8131E-1 4.40488E-1 4.25851E-1 3.98627E-1 3.9608E-1 3.94461E-1 3.80705E-1 3.592E-1 3.75286E-1 5.23623E-1 6.18138E-1 5.62841E-1 5.08028E-1 4.51625E-1 3.50985E-1 3.72931E-1 5.93256E-1 3.4364E-1 4.77333E-1 3.42239E-1 4.31403E-1 6.35427E-1 6.32884E-1 5.9383E-1 4.76136E-1 3.90884E-1 4.31046E-1 4.19282E-1 3.90532E-1 3.95339E-1 3.8382E-1 3.88567E-1 5.25281E-1 4.18442E-1 3.74615E-1 3.23085E-1 3.47426E-1 3.03675E-1 3.34384E-1 3.48291E-1
