Candidate_Models_July82022/M_0.8_F_lqp_Set_1_cal/Bison.asc
ncols         290
nrows         380
xllcorner     -2197417.7431653
yllcorner     -584827.01486885
cellsize      10000.0
NODATA_value  -9999
[rows 81 to 107 of 380, columns 183 to 243 of 290]
6.94341E-3 8.30959E-3 7.71444E-3 9.11302E-3 7.15332E-3 6.87933E-3 6.62537E-3 6.17076E-3 6.12342E-3 5.88493E-3 5.73208E-3 5.57292E-3 5.72127E-3 5.49661E-3 6.10108E-3 6.07151E-3 6.03135E-3 5.65972E-3 5.72027E-3 5.83586E-3 5.90278E-3 5.53717E-3 5.65876E-3 5.75937E-3 4.93918E-3 5.00773E-3 4.99393E-3 4.62921E-3 4.72715E-3 4.43333E-3 4.37575E-3 4.417E-3 4.35857E-3 4.44592E-3 4.32524E-3 4.04981E-3 4.06443E-3 3.63859E-3 3.48743E-3 3.28047E-3 3.34235E-3 2.99045E-3 2.9459E-3 2.83553E-3 2.69579E-3 2.56568E-3 2.38114E-3 2.37677E-3 2.26354E-3 2.16448E-3 2.27306E-3 2.28081E-3 2.41044E-3 2.32359E-3 2.32835E-3 2.39613E-3 2.32177E-3 2.42815E-3 2.27372E-3 1.94546E-3 1.87709E-3
6.98732E-3 7.5157E-3 8.94798E-3 -9999 6.58348E-3 6.99615E-3 6.42401E-3 6.20485E-3 6.02113E-3 5.71032E-3 5.94595E-3 5.70441E-3 5.70499E-3 5.56526E-3 6.01409E-3 5.74105E-3 5.66684E-3 6.0734E-3 5.72502E-3 5.86269E-3 5.8355E-3 5.52235E-3 5.37692E-3 5.29088E-3 5.11008E-3 5.09259E-3 5.15494E-3 4.75357E-3 4.27115E-3 4.22925E-3 4.25129E-3 4.8006E-3 4.40145E-3 4.22402E-3 4.07718E-3 3.99392E-3 3.83787E-3 3.82602E-3 3.60992E-3 3.21651E-3 3.25345E-3 3.12722E-3 2.91679E-3 2.90342E-3 2.65406E-3 2.565E-3 2.57871E-3 2.35189E-3 2.41771E-3 2.28606E-3 2.32651E-3 2.35004E-3 2.45533E-3 2.35522E-3 2.37205E-3 2.28751E-3 2.49723E-3 2.38389E-3 2.37939E-3 2.02794E-3 1.89738E-3
6.0544E-3 6.96672E-3 8.14634E-3 7.51669E-3 6.54232E-3 6.74694E-3 5.87392E-3 5.96422E-3 5.92131E-3 5.86197E-3 5.44859E-3 5.51665E-3 5.5043E-3 5.66531E-3 5.68335E-3 5.71866E-3 5.7642E-3 5.61835E-3 6.07014E-3 5.59993E-3 5.55312E-3 5.24505E-3 5.51347E-3 5.36882E-3 5.15904E-3 5.06551E-3 4.92894E-3 4.81721E-3 4.28381E-3 4.20935E-3 4.67814E-3 4.22471E-3 4.39929E-3 4.11612E-3 4.01125E-3 3.71092E-3 3.81152E-3 3.68833E-3 3.5349E-3 3.24869E-3 3.12361E-3 3.13799E-3 3.03205E-3 3.07194E-3 2.82696E-3 2.65723E-3 2.60395E-3 2.53885E-3 2.43063E-3 2.50119E-3 2.42472E-3 2.40989E-3 2.44426E-3 2.33609E-3 2.54016E-3 2.17276E-3 2.30249E-3 2.5033E-3 2.27354E-3 2.30429E-3 1.96849E-3
6.09745E-3 6.17853E-3 7.98543E-3 8.04998E-3 6.52626E-3 6.77482E-3 6.38624E-3 6.09572E-3 6.0686E-3 5.64043E-3 5.80876E-3 5.60545E-3 5.78794E-3 6.01176E-3 5.79238E-3 5.60856E-3 5.35568E-3 5.58386E-3 5.69566E-3 5.30385E-3 5.55976E-3 5.34986E-3 5.398E-3 6.26422E-3 5.08641E-3 5.08181E-3 4.53149E-3 4.83742E-3 4.43158E-3 4.2063E-3 5.27262E-3 4.50767E-3 4.36979E-3 4.41254E-3 4.1829E-3 3.99133E-3 3.65501E-3 3.60947E-3 3.60009E-3 3.529E-3 3.34154E-3 3.4103E-3 3.27727E-3 3.08374E-3 2.82812E-3 2.78344E-3 2.61714E-3 2.60294E-3 2.63875E-3 2.51013E-3 2.43321E-3 2.43743E-3 2.5059E-3 2.568E-3 2.29866E-3 2.30723E-3 2.44025E-3 2.24817E-3 2.32619E-3 2.47512E-3 2.06918E-3
6.23416E-3 6.25198E-3 6.2386E-3 7.31584E-3 7.64715E-3 6.79381E-3 6.75201E-3 7.09834E-3 5.94763E-3 4.96043E-3 5.84244E-3 5.32437E-3 6.15604E-3 4.9551E-3 5.73538E-3 5.86289E-3 5.44644E-3 5.6655E-3 5.60778E-3 5.52092E-3 5.55752E-3 5.56739E-3 5.62232E-3 5.63919E-3 5.40935E-3 5.09755E-3 5.02454E-3 4.88576E-3 4.99755E-3 4.37474E-3 5.49536E-3 4.81509E-3 4.68875E-3 4.10024E-3 4.24779E-3 3.96223E-3 3.60405E-3 3.62616E-3 3.60758E-3 3.66902E-3 3.39688E-3 3.39306E-3 3.22709E-3 3.05026E-3 2.9355E-3 2.83953E-3 2.69992E-3 2.72563E-3 2.60366E-3 2.66393E-3 2.6793E-3 2.64545E-3 2.41346E-3 2.40113E-3 2.22776E-3 2.44277E-3 2.32583E-3 2.28753E-3 2.28301E-3 2.44868E-3 1.92538E-3
6.44587E-3 7.02249E-3 6.89753E-3 6.97236E-3 7.5181E-3 7.65144E-3 6.22897E-3 6.50276E-3 -9999 -9999 6.03539E-3 5.85351E-3 5.72798E-3 5.88011E-3 5.80248E-3 5.64819E-3 5.75411E-3 5.92742E-3 5.90385E-3 5.90576E-3 6.16275E-3 5.77689E-3 5.55546E-3 5.77325E-3 6.51436E-3 5.8161E-3 5.08878E-3 5.055E-3 5.10707E-3 4.68003E-3 4.84964E-3 5.15394E-3 4.67231E-3 4.51432E-3 4.15397E-3 4.04323E-3 3.96862E-3 3.78426E-3 3.68106E-3 3.6921E-3 3.52532E-3 3.38066E-3 3.46935E-3 3.04235E-3 3.11608E-3 2.95177E-3 2.98086E-3 2.8654E-3 2.54214E-3 2.65374E-3 2.6099E-3 2.53078E-3 2.40427E-3 2.38358E-3 2.62038E-3 2.22256E-3 2.30929E-3 2.1192E-3 2.32489E-3 2.09208E-3 2.01756E-3
6.75242E-3 6.56458E-3 6.18825E-3 7.64376E-3 8.61443E-3 6.88714E-3 6.24966E-3 6.62043E-3 6.2212E-3 5.66646E-3 6.39649E-3 6.11508E-3 -9999 5.81652E-3 5.63348E-3 6.02792E-3 5.81992E-3 5.75519E-3 5.67547E-3 5.87794E-3 5.92279E-3 5.93798E-3 5.893E-3 5.54283E-3 5.96309E-3 6.41091E-3 5.40386E-3 5.11685E-3 5.24386E-3 6.07983E-3 4.84924E-3 7.50643E-3 4.95317E-3 4.34089E-3 4.29503E-3 4.53612E-3 4.37386E-3 3.99364E-3 3.90506E-3 3.89301E-3 3.49844E-3 3.58361E-3 3.16346E-3 3.18699E-3 3.09303E-3 3.1759E-3 2.91649E-3 2.9904E-3 2.72833E-3 2.6343E-3 2.79762E-3 2.33061E-3 2.54312E-3 2.47057E-3 2.43949E-3 2.30945E-3 2.15297E-3 2.5572E-3 2.22766E-3 1.84129E-3 2.08789E-3
6.678E-3 7.01887E-3 6.87492E-3 6.9414E-3 6.79105E-3 7.8507E-3 6.9371E-3 6.96837E-3 6.22626E-3 6.07462E-3 6.29753E-3 6.22425E-3 6.93849E-3 6.08293E-3 5.83922E-3 5.99329E-3 6.47417E-3 6.08439E-3 6.20432E-3 6.52595E-3 6.13951E-3 5.94085E-3 5.78947E-3 6.37158E-3 5.73218E-3 5.62126E-3 5.8364E-3 5.07651E-3 5.14033E-3 4.42435E-3 4.98307E-3 5.17998E-3 4.63997E-3 4.65741E-3 4.74172E-3 4.6527E-3 4.52622E-3 4.06429E-3 3.9286E-3 3.93124E-3 3.78327E-3 3.64281E-3 3.60873E-3 3.29509E-3 3.28922E-3 3.15618E-3 3.08359E-3 3.00039E-3 2.76007E-3 2.80598E-3 2.744E-3 2.6966E-3 2.55056E-3 2.42344E-3 2.66726E-3 2.28417E-3 2.61729E-3 2.21199E-3 2.16851E-3 2.33252E-3 2.06821E-3
6.97198E-3 7.33573E-3 7.44705E-3 7.25191E-3 6.91838E-3 7.31682E-3 6.99124E-3 7.26495E-3 6.56898E-3 6.64661E-3 6.82864E-3 6.91676E-3 6.40742E-3 6.21298E-3 6.22414E-3 6.27623E-3 6.01706E-3 6.0908E-3 6.58526E-3 6.51101E-3 6.62026E-3 6.37589E-3 5.9697E-3 5.94701E-3 5.53807E-3 5.75745E-3 5.79507E-3 5.83359E-3 5.24393E-3 4.81232E-3 5.01431E-3 4.81034E-3 4.82912E-3 4.91257E-3 4.83702E-3 4.96018E-3 4.40007E-3 4.10271E-3 4.00621E-3 3.93776E-3 3.7349E-3 3.61793E-3 3.52326E-3 3.34834E-3 3.28086E-3 3.32929E-3 3.07199E-3 3.05318E-3 2.85211E-3 2.85548E-3 2.83649E-3 2.69227E-3 2.58906E-3 2.35601E-3 2.54103E-3 2.50426E-3 3.56438E-3 2.44609E-3 2.14559E-3 2.12219E-3 2.2647E-3
7.50757E-3 7.8196E-3 8.32605E-3 7.48621E-3 7.62878E-3 8.17585E-3 8.24343E-3 7.15839E-3 7.43809E-3 6.76581E-3 6.8683E-3 6.4945E-3 6.82536E-3 5.8467E-3 6.18816E-3 6.7006E-3 6.22705E-3 6.34706E-3 6.5218E-3 6.95294E-3 6.58576E-3 6.38298E-3 6.63909E-3 5.89679E-3 5.85428E-3 6.0059E-3 6.45307E-3 6.19945E-3 6.67184E-3 5.25159E-3 4.96019E-3 4.78182E-3 4.66011E-3 5.04538E-3 5.14586E-3 4.98876E-3 4.71677E-3 4.51568E-3 4.09265E-3 3.57911E-3 3.62953E-3 3.65127E-3 3.54806E-3 3.60412E-3 3.49321E-3 3.29715E-3 3.16992E-3 3.00901E-3 3.00655E-3 3.02267E-3 2.93927E-3 2.70786E-3 2.72283E-3 2.36131E-3 2.7365E-3 2.55165E-3 2.94831E-3 2.38301E-3 2.34063E-3 2.25681E-3 2.24934E-3
7.74554E-3 7.92306E-3 7.35644E-3 7.97016E-3 8.0058E-3 7.68067E-3 8.08499E-3 7.33425E-3 7.17335E-3 7.26442E-3 6.97155E-3 6.66348E-3 6.89444E-3 6.99491E-3 6.63889E-3 6.6505E-3 6.67133E-3 6.40701E-3 6.24413E-3 6.47448E-3 7.19116E-3 6.42518E-3 7.16249E-3 7.13548E-3 7.04869E-3 6.19196E-3 6.10058E-3 6.26189E-3 5.90963E-3 6.07207E-3 5.69478E-3 5.0013E-3 5.04183E-3 5.5504E-3 5.06518E-3 4.89291E-3 4.71728E-3 4.54007E-3 3.95525E-3 4.32805E-3 3.99194E-3 3.70663E-3 3.57055E-3 3.40891E-3 3.44184E-3 3.1808E-3 3.23541E-3 2.97672E-3 2.94886E-3 3.14121E-3 2.86019E-3 2.88983E-3 2.78051E-3 2.55752E-3 2.80823E-3 2.50066E-3 2.56257E-3 2.47764E-3 2.29665E-3 2.4412E-3 2.25881E-3
7.78555E-3 8.12129E-3 9.33495E-3 5.81102E-3 7.9928E-3 7.84861E-3 7.04566E-3 7.49898E-3 7.54859E-3 6.6814E-3 8.40406E-3 7.06583E-3 6.32939E-3 7.16561E-3 6.65758E-3 6.64477E-3 6.43265E-3 6.38558E-3 6.4485E-3 6.8626E-3 6.73588E-3 7.03553E-3 6.82391E-3 6.60839E-3 6.56545E-3 6.47292E-3 6.41452E-3 6.34758E-3 5.71394E-3 5.52651E-3 5.23383E-3 5.08168E-3 6.05395E-3 5.24534E-3 4.67198E-3 4.84022E-3 4.69117E-3 4.5429E-3 4.51173E-3 4.40933E-3 3.79603E-3 4.01116E-3 3.69433E-3 3.53351E-3 3.38497E-3 3.50101E-3 3.35224E-3 3.20363E-3 3.03921E-3 2.77031E-3 2.97211E-3 2.52601E-3 2.66195E-3 2.60914E-3 2.59319E-3 2.69234E-3 3.03829E-3 2.63944E-3 2.51183E-3 2.35035E-3 2.5849E-3
8.00901E-3 8.213E-3 7.87965E-3 9.68598E-3 7.94827E-3 7.35369E-3 8.05742E-3 8.4744E-3 6.97834E-3 8.10659E-3 7.96677E-3 7.5145E-3 6.32763E-3 6.75113E-3 6.84271E-3 7.07878E-3 6.72644E-3 6.64595E-3 6.93273E-3 7.2052E-3 7.17572E-3 6.82225E-3 6.83114E-3 7.00312E-3 7.04856E-3 6.60341E-3 6.95119E-3 6.9705E-3 6.0931E-3 5.81049E-3 5.32205E-3 5.37509E-3 5.76781E-3 6.37188E-3 4.77884E-3 5.02365E-3 4.67944E-3 4.39413E-3 4.29642E-3 4.30195E-3 4.12985E-3 4.14151E-3 3.5326E-3 3.56345E-3 3.60841E-3 3.51625E-3 3.2949E-3 3.0911E-3 3.0943E-3 2.99927E-3 2.91527E-3 3.04598E-3 2.92461E-3 3.06356E-3 2.53958E-3 2.64277E-3 2.85973E-3 2.60295E-3 2.47457E-3 2.55885E-3 2.54274E-3
8.4146E-3 9.89514E-3 8.11236E-3 8.15101E-3 7.98511E-3 7.06374E-3 7.9277E-3 7.61884E-3 7.89636E-3 7.47401E-3 6.97226E-3 6.7974E-3 7.17326E-3 6.96365E-3 7.02929E-3 7.26168E-3 7.17943E-3 6.88002E-3 6.50584E-3 6.87662E-3 7.26525E-3 7.09336E-3 7.12615E-3 6.96047E-3 7.05187E-3 6.82353E-3 6.39717E-3 7.11778E-3 6.36773E-3 6.08597E-3 5.80818E-3 5.73546E-3 5.87635E-3 5.54781E-3 5.18673E-3 5.55013E-3 4.66828E-3 4.53445E-3 4.3889E-3 4.30782E-3 3.95074E-3 4.02587E-3 3.94099E-3 3.75132E-3 3.39915E-3 3.37994E-3 3.29025E-3 3.17329E-3 3.2377E-3 2.95921E-3 2.94074E-3 2.93376E-3 -9999 2.91034E-3 2.77671E-3 2.70593E-3 2.66877E-3 2.68702E-3 2.63909E-3 2.67345E-3 2.87483E-3
7.89533E-3 8.17243E-3 9.3022E-3 9.46117E-3 8.5721E-3 7.74906E-3 8.16161E-3 8.28278E-3 7.69251E-3 7.54699E-3 7.264E-3 7.14576E-3 7.01123E-3 7.40193E-3 6.98808E-3 6.98529E-3 6.95543E-3 7.13402E-3 7.42737E-3 7.51987E-3 7.04896E-3 7.79446E-3 6.94149E-3 6.90506E-3 6.96417E-3 6.66719E-3 7.74984E-3 6.50459E-3 7.06459E-3 5.92064E-3 5.98883E-3 5.54971E-3 5.83358E-3 5.37059E-3 5.40284E-3 5.18742E-3 5.08131E-3 4.95545E-3 4.32333E-3 3.95171E-3 4.03704E-3 4.39188E-3 3.86596E-3 3.7128E-3 3.55228E-3 3.23683E-3 4.74278E-3 3.42234E-3 3.1698E-3 3.7575E-3 2.98589E-3 2.72797E-3 3.09408E-3 2.58267E-3 2.86714E-3 2.55993E-3 2.7842E-3 2.81424E-3 2.68446E-3 2.82051E-3 3.12332E-3
9.03646E-3 8.63471E-3 9.15923E-3 8.86023E-3 8.21457E-3 8.3825E-3 8.223E-3 7.31344E-3 7.82423E-3 8.04531E-3 7.42826E-3 7.55911E-3 7.48177E-3 7.61894E-3 7.37928E-3 7.27306E-3 7.37775E-3 6.54465E-3 7.17531E-3 7.52925E-3 7.96673E-3 9.91354E-3 6.95885E-3 7.09733E-3 6.84764E-3 7.03648E-3 7.04173E-3 6.54105E-3 7.03795E-3 6.24358E-3 5.84613E-3 6.89652E-3 5.85166E-3 5.49122E-3 6.74614E-3 5.43525E-3 5.41721E-3 4.82826E-3 4.55985E-3 4.22811E-3 4.03118E-3 3.92463E-3 4.15797E-3 3.67431E-3 3.70578E-3 3.49386E-3 3.44116E-3 3.2527E-3 3.16011E-3 3.34318E-3 3.21788E-3 3.06113E-3 3.21763E-3 2.85041E-3 2.74914E-3 2.86594E-3 2.87999E-3 2.94312E-3 2.79986E-3 2.90879E-3 2.89515E-3
8.65142E-3 9.88755E-3 8.70706E-3 8.60626E-3 9.63225E-3 8.03074E-3 8.83835E-3 8.00869E-3 8.26753E-3 7.87651E-3 7.6886E-3 7.79232E-3 8.16092E-3 8.30145E-3 8.15963E-3 7.70332E-3 7.38775E-3 7.08206E-3 7.71801E-3 8.34817E-3 7.74409E-3 7.96026E-3 7.12397E-3 6.70135E-3 8.35641E-3 6.88286E-3 6.639E-3 6.52505E-3 6.81468E-3 6.26857E-3 5.75825E-3 6.27224E-3 5.82456E-3 5.46859E-3 5.81761E-3 6.0084E-3 5.46229E-3 4.85738E-3 4.46801E-3 4.28559E-3 4.13189E-3 3.96797E-3 3.98832E-3 3.72377E-3 4.00251E-3 3.84117E-3 3.56219E-3 3.4971E-3 3.47777E-3 3.30103E-3 3.12875E-3 3.63398E-3 2.97894E-3 3.00919E-3 3.00232E-3 2.96844E-3 3.03422E-3 3.11073E-3 2.88765E-3 2.92264E-3 2.99522E-3
9.06577E-3 9.63335E-3 8.15666E-3 8.90593E-3 8.1375E-3 1.09417E-2 8.64274E-3 7.90992E-3 8.5153E-3 9.55531E-3 8.30694E-3 7.76104E-3 7.50776E-3 7.93635E-3 8.50352E-3 8.1589E-3 8.22117E-3 7.91911E-3 7.68656E-3 7.71739E-3 8.08514E-3 7.52146E-3 7.66996E-3 7.18202E-3 6.82254E-3 6.6572E-3 6.6243E-3 7.18656E-3 7.12188E-3 5.91161E-3 6.14579E-3 6.1376E-3 6.59423E-3 6.02438E-3 6.31838E-3 5.0139E-3 5.21573E-3 4.84687E-3 4.71627E-3 4.72271E-3 4.38907E-3 4.44915E-3 4.01969E-3 3.92944E-3 3.96485E-3 4.0538E-3 3.62659E-3 3.74068E-3 3.60431E-3 3.51272E-3 3.51161E-3 3.36388E-3 3.23732E-3 3.15507E-3 3.15464E-3 2.87768E-3 3.08697E-3 3.01274E-3 3.04782E-3 3.26114E-3 3.12438E-3
9.87046E-3 9.5518E-3 9.78016E-3 9.64005E-3 9.66502E-3 1.0047E-2 1.05679E-2 8.58368E-3 8.26598E-3 8.45812E-3 7.2065E-3 8.5958E-3 9.35159E-3 8.71556E-3 7.97084E-3 8.11553E-3 7.79821E-3 8.03289E-3 7.61989E-3 7.80748E-3 8.72835E-3 8.36261E-3 7.37062E-3 7.23125E-3 6.88705E-3 6.35952E-3 6.61731E-3 6.16239E-3 5.88509E-3 6.53312E-3 5.5584E-3 5.82486E-3 5.82847E-3 5.69446E-3 5.67776E-3 4.93694E-3 4.82957E-3 4.91224E-3 5.13502E-3 4.67278E-3 4.49913E-3 4.44762E-3 4.05391E-3 3.91318E-3 3.91386E-3 3.61752E-3 3.61304E-3 3.61955E-3 3.67101E-3 3.64078E-3 3.32735E-3 3.33102E-3 3.52546E-3 2.98493E-3 3.01865E-3 3.16563E-3 2.91021E-3 3.02337E-3 2.91881E-3 3.21279E-3 3.44913E-3
1.10218E-2 9.0964E-3 9.72187E-3 8.94383E-3 8.79062E-3 8.5314E-3 9.12927E-3 8.9763E-3 8.21139E-3 8.52951E-3 7.93671E-3 7.23425E-3 7.64829E-3 8.0306E-3 8.04556E-3 8.18439E-3 8.13567E-3 7.82018E-3 7.24417E-3 7.59266E-3 8.27317E-3 7.8064E-3 7.47409E-3 9.2899E-3 6.82402E-3 6.44074E-3 6.09146E-3 6.41986E-3 7.30116E-3 6.70643E-3 6.04111E-3 5.86179E-3 5.8952E-3 6.27137E-3 5.32306E-3 5.42088E-3 4.89753E-3 5.38611E-3 4.90571E-3 4.85897E-3 4.61932E-3 4.49713E-3 4.58978E-3 4.77626E-3 5.02598E-3 4.14615E-3 3.76085E-3 3.71167E-3 3.77936E-3 3.91209E-3 3.51244E-3 3.51565E-3 3.42756E-3 3.12769E-3 2.81234E-3 3.11832E-3 3.08634E-3 3.08286E-3 3.03088E-3 3.293E-3 3.26652E-3
9.21702E-3 8.95083E-3 1.00489E-2 9.76453E-3 1.08106E-2 9.80108E-3 8.93353E-3 9.24356E-3 8.6709E-3 9.0531E-3 8.70082E-3 8.30975E-3 8.29834E-3 8.32066E-3 8.14745E-3 8.27995E-3 7.37914E-3 7.92339E-3 7.50188E-3 7.57622E-3 8.23815E-3 7.29153E-3 8.04621E-3 6.95393E-3 6.26241E-3 5.99395E-3 6.33361E-3 6.17015E-3 6.21131E-3 6.43757E-3 6.32697E-3 6.10511E-3 5.9159E-3 6.15108E-3 5.34069E-3 5.54169E-3 5.47713E-3 6.41832E-3 5.29756E-3 4.84724E-3 4.73819E-3 4.72658E-3 4.45263E-3 4.42813E-3 3.93655E-3 3.92248E-3 3.90163E-3 3.91255E-3 4.13673E-3 3.76201E-3 3.67598E-3 3.74338E-3 3.42258E-3 3.35443E-3 3.35903E-3 2.95813E-3 3.10506E-3 3.0765E-3 2.95447E-3 3.34236E-3 3.24675E-3
9.35961E-3 9.05586E-3 9.44619E-3 8.91505E-3 8.5324E-3 8.27538E-3 1.07362E-2 8.7767E-3 8.99222E-3 8.81189E-3 9.80933E-3 8.69019E-3 7.66936E-3 8.41596E-3 7.39531E-3 8.21214E-3 5.54969E-3 7.05439E-3 8.13515E-3 7.32863E-3 7.33172E-3 7.42455E-3 8.72879E-3 7.22073E-3 6.7764E-3 6.39855E-3 5.91459E-3 6.24313E-3 5.76213E-3 6.24965E-3 6.43205E-3 6.26364E-3 6.36644E-3 6.63804E-3 7.55432E-3 5.32922E-3 5.68084E-3 5.0474E-3 5.04126E-3 5.27309E-3 5.39105E-3 4.73841E-3 4.43941E-3 4.52963E-3 4.56267E-3 4.23148E-3 4.23447E-3 4.02117E-3 3.95788E-3 4.13522E-3 3.77125E-3 4.39254E-3 3.5973E-3 3.48565E-3 3.32185E-3 3.35846E-3 3.1722E-3 3.21294E-3 3.00016E-3 3.28143E-3 3.6436E-3
9.99779E-3 1.01542E-2 8.78097E-3 8.49965E-3 8.57914E-3 8.67662E-3 9.48911E-3 9.22992E-3 8.39503E-3 9.2378E-3 1.33904E-2 8.71979E-3 8.25938E-3 8.69716E-3 8.28887E-3 8.46079E-3 8.06486E-3 7.99492E-3 7.93768E-3 7.75712E-3 7.68524E-3 7.78667E-3 8.52871E-3 7.94472E-3 7.53234E-3 6.6499E-3 6.40354E-3 9.54392E-3 6.46066E-3 8.87977E-3 6.48184E-3 6.33555E-3 6.7959E-3 6.18961E-3 6.21399E-3 6.04748E-3 5.91267E-3 5.57033E-3 5.34854E-3 5.71371E-3 5.19503E-3 4.72864E-3 4.59155E-3 4.36728E-3 4.48172E-3 4.40507E-3 4.39022E-3 3.92523E-3 4.02562E-3 3.64094E-3 3.53318E-3 3.61697E-3 3.45371E-3 3.64693E-3 3.34713E-3 3.37864E-3 3.42865E-3 3.16927E-3 3.30947E-3 3.27023E-3 3.41285E-3
9.77842E-3 9.90911E-3 8.96722E-3 9.33394E-3 9.08222E-3 9.19848E-3 9.5913E-3 9.84542E-3 8.88243E-3 9.00468E-3 8.34581E-3 8.81765E-3 8.25296E-3 8.37508E-3 8.27049E-3 8.42271E-3 8.30394E-3 8.73302E-3 8.32073E-3 7.69426E-3 8.02434E-3 9.07911E-3 1.00665E-2 9.77427E-3 8.33027E-3 1.00763E-2 6.90735E-3 9.43258E-3 4.83787E-3 6.28445E-3 6.01839E-3 5.92471E-3 6.3315E-3 6.31322E-3 6.54104E-3 6.23236E-3 6.23284E-3 6.45556E-3 5.80677E-3 5.76243E-3 5.51233E-3 4.98456E-3 4.61611E-3 4.8491E-3 4.5935E-3 4.19928E-3 4.10999E-3 3.92354E-3 3.83329E-3 3.72211E-3 3.51202E-3 3.43738E-3 3.69665E-3 4.08769E-3 3.58422E-3 3.49364E-3 3.52015E-3 3.52581E-3 3.31129E-3 3.66358E-3 3.83286E-3
9.32184E-3 9.79398E-3 9.8765E-3 9.15797E-3 9.50716E-3 9.20091E-3 1.01748E-2 9.79141E-3 9.09793E-3 8.45349E-3 8.80916E-3 8.50571E-3 8.83898E-3 8.58975E-3 8.25865E-3 8.06123E-3 8.36964E-3 8.1912E-3 8.84164E-3 8.93142E-3 8.50363E-3 8.29611E-3 1.06798E-2 8.58358E-3 7.85702E-3 7.40277E-3 6.7589E-3 5.39212E-3 8.80477E-3 8.99781E-3 7.24311E-3 6.17886E-3 6.62397E-3 6.66534E-3 6.36321E-3 6.68943E-3 6.71724E-3 6.1274E-3 5.39963E-3 5.5057E-3 5.31408E-3 5.28579E-3 5.19497E-3 5.03767E-3 4.81155E-3 4.16544E-3 4.17137E-3 4.14254E-3 5.28068E-3 3.90004E-3 3.96028E-3 3.48833E-3 3.85427E-3 4.07307E-3 3.71785E-3 3.62023E-3 3.75602E-3 3.75973E-3 3.54737E-3 3.76597E-3 3.94272E-3
1.02593E-2 1.03692E-2 1.00821E-2 9.64336E-3 9.27257E-3 9.42467E-3 9.63261E-3 9.19641E-3 8.43721E-3 8.79219E-3 9.08388E-3 8.73331E-3 8.69415E-3 8.58321E-3 7.73144E-3 8.14707E-3 1.44707E-2 8.71604E-3 9.3796E-3 9.26651E-3 9.50476E-3 9.24885E-3 8.79126E-3 8.19789E-3 8.1682E-3 8.64165E-3 8.01985E-3 7.1999E-3 7.94625E-3 8.36705E-3 8.19897E-3 7.15509E-3 7.11919E-3 6.72793E-3 6.32691E-3 6.21804E-3 5.78108E-3 5.96586E-3 5.3466E-3 5.64664E-3 5.45194E-3 4.96169E-3 4.82617E-3 4.99263E-3 5.12163E-3 4.43864E-3 4.17211E-3 3.99364E-3 4.05956E-3 4.08497E-3 3.87479E-3 3.91328E-3 3.85084E-3 3.92981E-3 3.7046E-3 3.4317E-3 3.57198E-3 3.9521E-3 3.99429E-3 4.37681E-3 3.89091E-3
1.14355E-2 9.73478E-3 1.03926E-2 1.192E-2 1.01023E-2 9.78535E-3 1.13054E-2 9.96506E-3 8.82442E-3 9.06487E-3 8.70108E-3 8.96823E-3 8.49499E-3 8.78452E-3 8.63363E-3 8.65236E-3 9.15541E-3 9.02016E-3 9.8121E-3 9.99026E-3 9.52698E-3 9.17815E-3 1.00933E-2 1.02763E-2 9.71598E-3 9.02643E-3 7.9036E-3 6.89256E-3 6.80706E-3 6.85768E-3 6.26887E-3 6.27012E-3 1.00824E-2 6.2297E-3 6.48282E-3 6.22762E-3 6.19228E-3 5.56197E-3 5.3552E-3 5.39818E-3 5.57532E-3 5.04988E-3 5.1152E-3 4.69223E-3 5.02592E-3 4.61054E-3 4.3783E-3 4.29769E-3 4.21666E-3 3.97986E-3 4.06057E-3 4.55917E-3 4.3945E-3 4.15201E-3 4.25993E-3 4.20229E-3 4.29596E-3 4.30993E-3 4.48996E-3 4.64695E-3 4.66803E-3
