Candidate_Models_July82022/M_0.8_F_lqp_Set_1_cal/Bison.asc
ncols         290
nrows         380
xllcorner     -2197417.7431653
yllcorner     -584827.01486885
cellsize      10000.0
NODATA_value  -9999
[rows 270 to 296 of 380, columns 61 to 121 of 290]
8.40368E-3 5.94184E-3 3.08263E-3 2.5655E-3 4.84334E-2 6.89155E-2 5.54133E-2 2.5022E-1 3.08256E-1 2.42883E-1 5.01902E-1 4.31591E-1 5.22831E-1 5.79046E-1 4.96933E-1 4.01778E-1 4.21081E-1 3.35262E-1 2.79958E-1 3.73039E-1 2.29108E-1 1.66929E-1 1.46059E-1 1.26308E-1 2.02041E-1 2.11536E-1 1.68029E-1 1.93683E-1 3.58433E-1 7.7078E-2 1.03097E-1 3.31634E-1 7.17905E-2 6.23744E-2 7.23057E-2 6.68328E-2 3.59447E-2 1.0798E-1 8.19842E-2 1.01419E-2 6.28705E-3 6.96653E-2 6.7112E-2 1.89505E-2 8.69114E-2 4.45887E-2 8.06324E-2 8.10583E-2 8.09933E-2 1.50922E-1 1.39038E-1 4.26844E-3 8.13604E-3 1.05285E-2 2.23953E-1 6.94304E-2 6.85255E-2 1.45345E-1 6.30282E-2 1.66364E-1 2.41707E-1
1.38771E-3 1.52097E-3 2.3373E-3 5.34223E-3 2.8036E-2 8.41615E-2 8.8886E-2 2.11692E-1 3.83087E-1 4.90715E-1 4.66827E-1 4.59452E-1 6.15498E-1 5.66443E-1 5.38755E-1 2.46614E-1 3.54717E-1 4.07328E-1 2.18573E-1 3.46962E-1 1.80477E-1 1.77811E-1 1.43974E-1 1.73122E-1 2.40638E-1 3.26494E-1 1.75746E-1 1.85578E-1 3.80736E-1 1.13628E-1 8.89186E-2 1.99321E-1 1.0804E-1 7.78077E-2 9.12443E-2 7.28914E-2 4.10645E-2 2.68238E-1 8.7098E-2 2.45922E-2 3.5198E-3 6.46526E-2 1.04591E-1 3.88901E-2 1.11605E-1 6.83074E-2 1.2456E-1 1.04773E-1 1.39871E-1 9.45231E-2 7.69222E-2 1.17698E-1 3.02668E-2 1.59603E-2 1.58947E-1 2.69164E-1 1.72992E-1 5.50553E-2 1.58953E-2 3.73213E-2 2.21924E-1
3.70075E-3 1.05503E-2 4.767E-3 6.94881E-3 1.08443E-1 1.4231E-1 1.01204E-1 1.51747E-1 4.04171E-1 5.47223E-1 6.10537E-1 6.28825E-1 6.12951E-1 5.80369E-1 5.18158E-1 2.97238E-1 2.08822E-1 1.5801E-1 3.10424E-1 3.25606E-1 2.31997E-1 2.17423E-1 1.69771E-1 2.14026E-1 2.94036E-1 1.26207E-1 1.60185E-1 2.68484E-1 1.42512E-1 1.26254E-1 1.36501E-1 1.07416E-1 1.18437E-1 1.15874E-1 1.14219E-1 9.51158E-2 1.36962E-1 1.97602E-1 5.47736E-2 2.40338E-3 7.47512E-4 2.83553E-2 3.78471E-2 2.67821E-2 1.54073E-1 1.22739E-1 1.4013E-1 1.08886E-1 1.19417E-1 7.2019E-2 1.25866E-1 1.35461E-1 1.71512E-1 4.43697E-2 7.78879E-2 8.60752E-2 1.19427E-1 3.54939E-2 5.46316E-2 4.26289E-3 6.84953E-3
1.50112E-3 4.66034E-3 5.97257E-3 4.01888E-2 1.24391E-1 2.17575E-1 3.05848E-1 2.67928E-1 2.10827E-1 6.23991E-1 5.82753E-1 5.84775E-1 4.83205E-1 2.50509E-1 3.06497E-1 4.88413E-1 3.37477E-1 5.97405E-1 4.87415E-1 5.36613E-1 5.77417E-1 2.58286E-1 1.79219E-1 2.23142E-1 1.79821E-1 1.3483E-1 1.76002E-1 1.79492E-1 1.64034E-1 3.29716E-1 2.17359E-1 1.29147E-1 1.20401E-1 8.71782E-2 1.23714E-1 9.96106E-2 1.09934E-1 1.02693E-1 1.29219E-1 8.7098E-3 6.57322E-3 2.80868E-2 7.40228E-3 2.28294E-2 1.49727E-1 1.65455E-1 1.41763E-1 2.16742E-1 1.98107E-1 1.06697E-1 1.36561E-1 1.47073E-1 1.74381E-1 1.35297E-1 9.51466E-2 1.22461E-1 4.87165E-2 2.34972E-2 5.78328E-2 1.40976E-2 7.37892E-2
2.26793E-2 3.45267E-2 1.12638E-2 2.79614E-2 7.3928E-2 6.91411E-2 3.38545E-1 3.65436E-1 3.91807E-1 4.19367E-1 5.88688E-1 6.10796E-1 4.18015E-1 5.56406E-1 4.51947E-1 3.16375E-1 5.78847E-1 4.92986E-1 5.60642E-1 5.90763E-1 5.45123E-1 5.77247E-1 1.96428E-1 4.51919E-1 2.25043E-1 1.82619E-1 1.70348E-1 2.37805E-1 4.49975E-1 4.84414E-1 1.9442E-1 1.57716E-1 1.01777E-1 1.24575E-1 1.19229E-1 7.06166E-2 6.30875E-2 1.02467E-1 4.85351E-2 7.58495E-2 8.64507E-3 2.14853E-2 1.43644E-3 2.72903E-2 9.4557E-2 1.57079E-1 2.58947E-1 2.05139E-1 1.85361E-1 2.002E-1 1.08043E-1 1.08358E-1 2.67243E-1 4.79629E-1 1.84413E-1 1.0204E-1 1.69118E-2 8.97874E-2 4.19964E-2 1.57792E-1 2.46421E-1
5.47393E-2 8.72829E-2 9.60238E-2 6.96646E-2 5.33967E-2 7.62611E-2 2.57347E-1 3.25824E-1 5.21575E-1 3.23769E-1 3.06506E-1 3.19234E-1 4.40093E-1 5.47332E-1 1.95452E-1 2.54846E-1 5.45595E-1 5.47848E-1 5.28412E-1 5.88694E-1 5.68131E-1 5.76433E-1 4.20383E-1 5.46141E-1 4.29539E-1 3.95497E-1 3.53678E-1 3.08379E-1 3.57726E-1 4.54319E-1 2.77469E-1 9.9614E-2 4.88026E-2 1.05362E-1 1.36932E-1 1.17981E-1 1.06377E-1 1.10244E-2 2.50554E-2 2.84048E-2 1.07053E-1 2.41895E-2 9.85984E-3 1.25543E-2 2.59175E-2 1.59349E-1 1.51993E-1 2.55506E-1 3.33615E-1 1.55137E-1 1.64653E-1 1.53815E-1 5.88497E-1 5.88954E-1 3.35113E-1 5.69931E-2 4.42838E-2 4.14998E-2 3.52609E-2 1.31979E-1 9.68584E-2
1.23317E-3 1.11071E-1 2.47009E-1 1.86075E-1 6.37362E-2 4.57288E-2 1.0005E-1 2.81167E-1 3.4609E-1 3.25824E-1 3.13508E-1 4.373E-1 5.5852E-1 2.89616E-1 3.93439E-1 3.25137E-1 5.29013E-1 4.56437E-1 5.62017E-1 5.70851E-1 4.0323E-1 3.40797E-1 5.36065E-1 4.70334E-1 4.41219E-1 4.13745E-1 3.81844E-1 4.71461E-1 1.71978E-1 2.53956E-1 4.52548E-1 1.21294E-1 9.62084E-2 1.10161E-1 1.44403E-1 7.0867E-2 1.17313E-2 1.62352E-2 2.07834E-2 2.82562E-2 1.06073E-2 4.02359E-2 9.37954E-2 1.80065E-2 7.1529E-2 1.52203E-1 2.13848E-1 2.314E-1 4.20801E-1 2.82619E-1 1.95955E-1 2.73259E-1 5.77173E-1 5.87375E-1 4.62841E-1 1.53049E-2 1.42344E-1 2.49437E-2 7.26094E-2 3.82419E-2 4.9239E-2
6.77355E-3 1.02447E-2 1.21927E-1 3.11425E-1 2.1875E-1 1.55232E-1 2.10659E-1 2.2417E-1 1.83112E-1 3.13657E-1 3.14144E-1 5.6462E-1 3.81697E-1 3.58908E-1 4.17281E-1 3.20071E-1 3.10505E-1 4.11069E-1 5.15789E-1 5.23339E-1 4.24575E-1 5.23716E-1 5.35674E-1 5.53375E-1 4.08743E-1 3.94134E-1 4.07176E-1 4.99759E-1 2.844E-1 1.91797E-1 4.70066E-1 3.0226E-1 3.95218E-1 4.5572E-1 1.25111E-1 2.34716E-2 1.54913E-2 2.36428E-2 2.39523E-2 2.03488E-2 1.10394E-2 2.89875E-2 7.10095E-2 7.05134E-3 2.42087E-2 1.14245E-1 1.05713E-1 2.40677E-1 2.67206E-1 2.59913E-1 1.64835E-1 2.82831E-1 2.5412E-1 5.6019E-1 3.9453E-1 3.88677E-2 2.20902E-2 5.98644E-2 7.58119E-2 2.89094E-2 2.27646E-2
5.1995E-2 6.42689E-3 1.51532E-1 5.32384E-1 5.90983E-1 4.41078E-1 2.5225E-1 2.34828E-1 2.10358E-1 4.73916E-1 3.86524E-1 4.49142E-1 2.75916E-1 1.86154E-1 4.59839E-1 1.56653E-1 4.37616E-1 2.87299E-1 2.40345E-1 4.5202E-1 5.49046E-1 5.55107E-1 5.03398E-1 5.22256E-1 4.76709E-1 4.75275E-1 5.09604E-1 5.12538E-1 3.2519E-1 2.22176E-1 2.25572E-1 3.61561E-1 1.01284E-1 2.14752E-1 9.77828E-2 3.33949E-2 2.13298E-2 2.77515E-2 2.51529E-2 4.49434E-2 2.61238E-2 1.98904E-2 9.58463E-2 6.73797E-2 2.25006E-2 1.78029E-2 1.49713E-1 1.65017E-1 1.80008E-1 2.30871E-1 2.70245E-1 1.83527E-1 1.65317E-1 2.12491E-1 2.35411E-1 1.08174E-1 1.66718E-2 1.25909E-1 6.0883E-2 1.66881E-2 2.3623E-2
6.67266E-2 1.4307E-1 2.01005E-1 4.40218E-1 5.22018E-1 4.53264E-1 2.5226E-1 1.96842E-1 1.79022E-1 4.78271E-1 3.21663E-1 3.43943E-1 4.30105E-1 2.62612E-1 4.57288E-1 4.04925E-1 5.01403E-1 5.21368E-1 4.13149E-1 4.68573E-1 5.24277E-1 5.26939E-1 4.87407E-1 5.21269E-1 4.67269E-1 5.2498E-1 4.22944E-1 5.07375E-1 3.51465E-1 4.73526E-1 4.72184E-1 1.64193E-1 1.15048E-1 1.12212E-1 7.32915E-2 4.24218E-2 3.31017E-2 3.18988E-2 4.62747E-2 3.17247E-2 3.98854E-2 1.41374E-2 3.2811E-2 1.25619E-1 5.01799E-3 5.5397E-3 7.77135E-2 1.53118E-1 1.27662E-1 3.02312E-1 5.01884E-1 2.64502E-1 3.28322E-1 1.76921E-1 1.42142E-1 9.4544E-2 1.15497E-2 5.71727E-2 6.77817E-2 2.57295E-2 1.87613E-2
9.56993E-2 1.88336E-1 1.79577E-1 1.74076E-1 4.19794E-1 5.16773E-1 2.79283E-1 1.74077E-1 1.70764E-1 4.35531E-1 4.47634E-1 4.87479E-1 4.62073E-1 3.66067E-1 4.61622E-1 3.80096E-1 4.81459E-1 4.8773E-1 5.14975E-1 5.26205E-1 5.42319E-1 4.75779E-1 5.29868E-1 4.58416E-1 5.15504E-1 4.39745E-1 4.23354E-1 2.83941E-1 5.05457E-1 4.26048E-1 3.57732E-1 4.37323E-1 2.59307E-1 1.27356E-1 7.5994E-2 8.6997E-2 1.33255E-1 1.02003E-1 3.49961E-2 3.36039E-2 3.44955E-2 1.13092E-2 4.46574E-2 1.2859E-1 6.03823E-3 3.21192E-2 1.50832E-1 1.4348E-1 1.15377E-1 5.20593E-1 5.57483E-1 4.36566E-1 4.31184E-1 1.7578E-1 1.02624E-1 7.48385E-2 3.9601E-2 1.03152E-2 7.08437E-2 1.99854E-2 2.58802E-2
1.16089E-1 1.5596E-1 2.18414E-1 2.2021E-1 1.54423E-1 4.00982E-1 1.93995E-1 1.70243E-1 1.64076E-1 3.79865E-1 4.5609E-1 4.72217E-1 2.56834E-1 2.58775E-1 3.46633E-1 3.21318E-1 4.48758E-1 4.68215E-1 4.88954E-1 5.23035E-1 5.16149E-1 5.22222E-1 4.96178E-1 3.55564E-1 4.54424E-1 4.87717E-1 4.91154E-1 4.98902E-1 3.6491E-1 3.51499E-1 3.33024E-1 3.55063E-1 4.7033E-1 1.95999E-1 1.02826E-1 2.16435E-2 2.15947E-2 5.59466E-2 7.51211E-2 3.69384E-2 1.76313E-2 1.44034E-2 3.29682E-2 8.39336E-2 1.3563E-1 8.06816E-2 5.58644E-2 1.4445E-1 1.66349E-1 5.21773E-1 5.7663E-1 5.55597E-1 5.2897E-1 1.80284E-1 8.17127E-2 1.11755E-1 2.07004E-2 3.90667E-2 5.94132E-2 2.64919E-2 2.75216E-2
1.39022E-1 1.91598E-1 5.29683E-1 4.93996E-1 1.4455E-1 1.73359E-1 1.78917E-1 1.4485E-1 1.37466E-1 3.36595E-1 4.09073E-1 3.73455E-1 3.6443E-1 2.93633E-1 4.13104E-1 3.94709E-1 4.37041E-1 4.70553E-1 3.94644E-1 5.05723E-1 5.1666E-1 4.88875E-1 4.80533E-1 4.47535E-1 3.93022E-1 3.8615E-1 4.77268E-1 3.79853E-1 3.50518E-1 3.43897E-1 4.52822E-1 4.87322E-1 2.51897E-1 1.09143E-1 1.57245E-1 7.4088E-2 4.17134E-2 2.33156E-2 2.99049E-2 4.53754E-2 3.69275E-2 7.86606E-3 1.10054E-2 2.96666E-2 4.17644E-2 9.93914E-2 1.60721E-1 1.76237E-1 1.40222E-1 4.59629E-1 5.19353E-1 4.38634E-1 4.95011E-1 4.42177E-1 7.67026E-3 1.26333E-1 9.88574E-3 2.26643E-2 2.03106E-2 3.47446E-2 8.8833E-3
1.68732E-1 2.87807E-1 4.90235E-1 3.61105E-1 2.01255E-1 1.68541E-1 1.75408E-1 1.31677E-1 2.99464E-1 3.71734E-1 3.56694E-1 3.49025E-1 3.3118E-1 2.95209E-1 4.11848E-1 4.50069E-1 4.50413E-1 4.32412E-1 3.62517E-1 3.84665E-1 4.94781E-1 3.9899E-1 3.87366E-1 3.5863E-1 4.41719E-1 4.2667E-1 3.1876E-1 3.32424E-1 3.43199E-1 3.45098E-1 3.52206E-1 4.23428E-1 1.2952E-1 8.84874E-2 7.007E-2 6.68767E-2 8.81699E-2 6.48577E-2 4.33535E-2 3.88246E-2 2.98655E-2 1.36119E-2 3.80598E-2 9.69129E-2 5.63808E-2 3.12177E-2 1.76106E-1 4.31269E-1 2.63477E-1 4.19424E-1 4.59363E-1 5.29212E-1 4.64772E-1 5.56983E-1 1.19987E-2 1.58326E-1 1.1119E-2 1.29552E-2 3.54154E-2 8.42728E-2 1.7955E-2
1.55871E-1 3.39408E-1 4.86607E-1 3.13165E-1 4.32686E-1 2.29844E-1 1.6008E-1 1.77451E-1 0E0 3.61571E-1 1.43789E-1 7.65493E-2 1.48781E-1 3.91268E-1 3.08919E-1 3.10499E-1 4.45686E-1 4.52928E-1 4.89516E-1 4.86031E-1 4.75227E-1 2.68462E-1 3.97323E-1 3.36506E-1 4.32602E-1 3.55626E-1 3.18312E-1 3.30636E-1 3.47827E-1 3.4581E-1 4.14644E-1 4.33723E-1 2.05026E-1 1.29773E-1 1.12893E-1 5.775E-2 3.18254E-2 6.29669E-2 7.14576E-2 6.90218E-2 2.75034E-2 1.54104E-2 2.10728E-2 2.17732E-2 6.14874E-2 8.47917E-2 8.13341E-2 2.24958E-1 3.87467E-1 4.87074E-1 5.2422E-1 5.07129E-1 4.44369E-1 4.5094E-1 2.77775E-2 1.76462E-1 1.38569E-1 8.17556E-2 1.9216E-2 6.34357E-2 3.3848E-2
2.31339E-1 4.18132E-1 3.01569E-1 3.80252E-1 4.16161E-1 4.10146E-1 1.9364E-1 1.48383E-1 1.98262E-1 8.43193E-2 7.3021E-2 6.42778E-2 3.05424E-1 3.6981E-1 3.84812E-1 3.27513E-1 3.9598E-1 4.09935E-1 4.49191E-1 4.22946E-1 4.26158E-1 3.62884E-1 3.78509E-1 3.95226E-1 3.71683E-1 3.08271E-1 3.03106E-1 3.2107E-1 3.57796E-1 3.4674E-1 4.61198E-1 2.03341E-1 1.12527E-1 7.49285E-2 4.40226E-2 1.09661E-1 2.29532E-2 3.05877E-2 7.99123E-3 5.41983E-2 3.7038E-2 3.48797E-2 2.79632E-2 1.20571E-2 3.77653E-2 1.092E-1 9.04223E-2 1.3017E-1 1.54022E-1 4.92736E-1 5.08098E-1 4.5559E-1 4.44005E-1 4.52341E-1 4.93493E-2 1.74203E-1 1.62787E-1 3.21438E-2 2.68669E-2 9.73868E-2 2.23038E-2
1.66556E-1 3.36711E-1 3.21621E-1 2.91758E-1 3.39181E-1 4.20941E-1 3.39659E-1 1.87274E-1 1.89753E-1 7.89617E-2 7.78035E-2 6.75026E-2 3.20252E-1 2.86285E-1 3.75167E-1 3.32149E-1 3.3182E-1 3.73622E-1 3.10564E-1 2.70444E-1 2.0354E-1 2.8678E-1 3.37405E-1 4.07212E-1 3.42752E-1 2.82303E-1 2.94224E-1 3.32733E-1 3.46666E-1 3.4705E-1 3.48557E-1 5.04652E-1 1.50974E-1 9.50861E-2 5.30202E-2 7.23815E-2 8.9252E-2 8.36721E-3 1.39592E-3 2.91209E-2 3.11662E-2 5.1224E-2 2.2539E-2 2.05825E-2 7.68036E-3 4.01299E-2 1.91104E-1 5.97902E-2 1.55371E-1 9.14554E-2 3.52843E-1 5.40914E-1 4.33401E-1 4.61509E-1 9.42151E-2 3.40429E-2 1.03292E-1 1.48741E-2 1.82732E-2 6.29737E-2 6.90648E-2
1.76523E-1 1.4663E-1 1.66519E-1 3.58885E-1 4.06677E-1 2.85308E-1 3.31673E-1 3.03989E-1 3.01332E-1 2.64199E-1 7.85239E-2 6.76479E-2 2.34106E-1 2.49279E-1 3.32138E-1 3.59544E-1 3.8217E-1 3.58571E-1 1.96538E-1 2.34479E-1 1.09684E-1 3.72767E-1 3.42428E-1 3.53276E-1 2.99548E-1 2.71842E-1 2.54547E-1 3.1303E-1 3.44699E-1 3.51998E-1 3.57354E-1 3.42232E-1 2.31582E-1 4.81979E-2 6.13404E-2 5.15691E-2 5.08867E-2 7.44612E-2 5.96057E-2 1.08624E-2 3.70694E-2 3.02506E-2 1.52677E-2 1.17146E-2 4.62511E-3 1.30466E-2 5.34247E-2 1.23213E-1 4.49323E-2 1.45472E-1 4.28149E-2 4.99695E-1 5.79425E-1 1.28379E-1 9.34514E-2 6.88037E-3 1.53138E-1 6.79892E-2 2.35074E-2 7.79394E-2 4.87117E-2
1.62228E-1 1.54462E-1 1.39868E-1 1.37353E-1 1.65132E-1 3.13476E-1 3.0729E-1 4.0843E-1 3.69285E-1 3.47026E-1 1.54366E-1 1.43354E-1 3.43366E-1 2.48443E-1 2.92809E-1 2.09742E-1 3.144E-1 1.31112E-1 2.99134E-1 2.99383E-1 1.05854E-1 2.19695E-1 2.8517E-1 2.4207E-1 2.78656E-1 2.83754E-1 2.66562E-1 2.94338E-1 4.0624E-1 3.89302E-1 4.91513E-1 3.23423E-1 3.75884E-1 2.44348E-1 9.42029E-2 5.39639E-2 2.92501E-2 1.12243E-1 1.20807E-1 6.97795E-2 2.5797E-2 7.51857E-3 3.82808E-2 6.17569E-3 4.65704E-3 6.71317E-3 7.39531E-3 2.01199E-1 1.05276E-1 1.74049E-1 2.04197E-1 1.5349E-1 5.1645E-1 9.90992E-2 4.81339E-3 3.94962E-2 1.78444E-1 1.75375E-1 2.29296E-2 9.88345E-2 5.23483E-2
1.27995E-1 1.4084E-1 1.80549E-1 1.47626E-1 1.40059E-1 2.76021E-1 3.59198E-1 3.48097E-1 3.37764E-1 3.4027E-1 2.40094E-1 0E0 0E0 1.94371E-1 2.57703E-1 1.85067E-1 2.14518E-1 2.06324E-1 3.38054E-1 3.49832E-1 3.50949E-1 1.82637E-1 2.94071E-1 3.38582E-1 3.11638E-1 3.34608E-1 3.65743E-1 3.663E-1 3.37524E-1 3.36356E-1 3.38096E-1 3.87346E-1 4.4241E-1 3.67748E-1 1.06248E-1 9.41772E-2 4.93853E-2 1.23547E-1 8.25636E-2 6.44485E-2 6.05284E-2 2.60988E-2 5.67318E-2 1.19496E-2 1.76983E-2 1.55615E-2 5.91364E-2 1.927E-1 1.37343E-1 2.12216E-1 3.82268E-1 3.98475E-1 1.29176E-1 5.42306E-2 1.88551E-2 5.35022E-2 1.88302E-1 2.08319E-1 1.80347E-1 1.17801E-1 1.31394E-1
1.64674E-1 1.70608E-1 2.17406E-1 2.95513E-1 4.33734E-1 2.86843E-1 2.59456E-1 3.80018E-1 4.08228E-1 4.14876E-1 3.66049E-1 2.19282E-1 0E0 0E0 2.64206E-1 2.65916E-1 3.04376E-1 3.073E-1 3.2376E-1 3.2695E-1 2.6594E-1 3.37024E-1 3.63839E-1 3.67505E-1 3.62795E-1 3.90964E-1 3.0906E-1 3.23046E-1 3.0362E-1 3.22998E-1 3.03893E-1 3.32324E-1 3.92031E-1 4.12991E-1 1.15297E-1 8.85369E-2 1.07037E-1 9.13475E-2 9.27216E-2 1.19327E-1 6.39316E-2 4.70154E-2 1.2747E-2 2.97838E-2 3.49554E-2 6.53128E-3 2.95573E-2 1.75449E-1 9.67108E-2 4.12825E-2 1.41912E-1 5.93606E-1 5.42301E-1 6.45054E-2 5.28408E-2 2.87801E-1 2.78638E-1 5.05179E-1 6.72536E-1 5.32917E-1 2.62736E-1
3.32493E-1 1.58733E-1 1.5424E-1 2.08805E-1 2.03678E-1 2.50954E-1 3.69502E-1 3.06485E-1 3.5098E-1 3.09566E-1 3.69524E-1 3.69543E-1 2.78252E-1 0E0 2.1475E-1 2.81815E-1 2.10604E-1 2.89457E-1 2.0642E-1 2.09131E-1 2.36466E-1 2.2064E-1 2.86667E-1 3.9941E-1 3.99222E-1 4.68339E-1 3.85274E-1 2.84606E-1 3.95463E-1 2.43877E-1 2.45535E-1 2.84906E-1 3.30883E-1 4.03737E-1 2.14413E-1 8.41987E-2 8.22153E-2 7.01883E-2 7.3902E-2 7.86085E-2 4.40716E-2 3.51964E-2 6.22182E-2 4.10167E-2 5.45172E-2 2.53621E-2 2.54211E-2 4.44974E-2 1.59651E-1 1.80418E-1 6.2069E-2 4.46566E-1 5.6451E-1 2.51077E-1 2.18504E-1 2.64111E-1 3.24965E-1 4.11699E-1 2.24906E-1 6.93722E-1 6.63218E-1
3.71427E-1 1.04865E-1 1.45131E-1 1.21803E-1 1.29836E-1 2.11936E-1 3.03256E-1 2.7037E-1 2.59733E-1 2.69321E-1 2.71914E-1 2.93132E-1 3.73903E-1 1.97478E-1 2.53639E-1 2.64297E-1 1.58841E-1 2.56473E-1 1.73778E-1 1.87905E-1 2.24516E-1 3.15041E-1 3.214E-1 8.46269E-2 1.14727E-1 4.22157E-1 3.88332E-1 3.40637E-1 2.71613E-1 2.92288E-1 2.29148E-1 2.59575E-1 4.36796E-1 3.84121E-1 2.42069E-1 1.46244E-1 8.86972E-2 7.86158E-2 1.05825E-1 7.82298E-2 4.80993E-2 4.82633E-2 3.1519E-2 1.42113E-2 1.71276E-2 3.4098E-3 2.25918E-2 6.43885E-3 9.24572E-2 3.60138E-2 1.65734E-1 4.96961E-1 4.73609E-1 1.00412E-1 2.40111E-1 3.03578E-1 2.07848E-1 1.28381E-1 1.2373E-1 6.73264E-1 7.22455E-1
2.33988E-1 1.50932E-1 1.56674E-1 1.18807E-1 7.4532E-2 1.58652E-1 1.77952E-1 1.97201E-1 0E0 2.73179E-1 2.2195E-1 2.5437E-1 2.41758E-1 1.99657E-1 2.09897E-1 2.44239E-1 2.16021E-1 1.87518E-1 2.64334E-1 1.8678E-1 3.61742E-1 8.46005E-2 4.8556E-2 4.36389E-2 4.3831E-2 1.64031E-1 4.13904E-1 3.92864E-1 3.94921E-1 3.00815E-1 3.07293E-1 4.39854E-1 5.42279E-1 4.99182E-1 4.66878E-1 2.01596E-1 1.73378E-1 8.69598E-2 5.96522E-2 4.95537E-3 1.5452E-2 4.49252E-2 4.99624E-2 1.37054E-2 9.0512E-3 1.28005E-2 2.21386E-2 1.00963E-1 3.08106E-2 1.62794E-2 2.98177E-2 5.79242E-1 5.17857E-1 1.45735E-1 2.1104E-1 3.06177E-1 3.08545E-1 2.37682E-1 2.89045E-1 5.54695E-1 5.66063E-1
3.6364E-1 2.64742E-1 3.11551E-1 1.09194E-1 1.95033E-1 2.27173E-1 2.93434E-1 1.61822E-1 2.51651E-1 2.01738E-1 2.89424E-1 2.56266E-1 2.79411E-1 2.72042E-1 2.99002E-1 3.31748E-1 1.98137E-1 1.78135E-1 1.96409E-1 3.30205E-1 1.34682E-1 1.91064E-2 3.92271E-2 6.79325E-2 5.28303E-2 1.04936E-1 3.46763E-1 4.82427E-1 4.66331E-1 4.51688E-1 3.32164E-1 5.37141E-1 5.29652E-1 4.86149E-1 4.50961E-1 2.69753E-1 2.77357E-1 1.80269E-1 7.36658E-2 1.4419E-2 1.9944E-2 2.28777E-2 3.21093E-2 6.20195E-2 5.20854E-2 4.48072E-2 3.68742E-2 2.92199E-2 1.69209E-2 7.05248E-2 1.78877E-1 6.22883E-1 6.45787E-1 7.6766E-2 1.15763E-1 1.04219E-1 2.77014E-1 5.94391E-1 6.61266E-1 3.86182E-1 1.75203E-1
3.37832E-1 1.76246E-1 2.35316E-1 2.29686E-1 1.476E-1 2.69489E-1 1.10508E-1 1.5695E-1 3.00255E-1 2.73366E-1 2.37043E-1 2.42488E-1 2.64704E-1 2.77527E-1 2.9938E-1 2.71637E-1 2.74939E-1 2.22034E-1 2.86968E-1 1.68969E-1 2.68371E-2 3.69004E-2 7.63382E-2 9.71235E-2 1.59521E-1 1.54966E-1 1.38184E-1 5.23607E-1 4.20277E-1 2.26266E-1 1.55771E-1 5.1437E-1 4.95539E-1 4.53129E-1 4.16668E-1 4.69048E-1 2.71486E-1 1.64633E-1 5.62721E-2 3.58768E-2 5.75754E-2 7.69697E-2 1.23568E-2 8.00122E-3 8.28869E-3 7.78235E-3 1.72525E-2 1.37664E-2 2.7712E-2 1.1124E-1 4.70002E-1 5.21763E-1 4.94514E-1 1.26971E-1 5.96545E-2 4.47915E-2 4.43257E-1 6.78068E-1 6.38399E-1 7.3565E-1 4.39876E-1
1.22677E-1 1.35822E-1 3.13173E-1 3.38563E-1 3.4264E-1 3.4304E-1 3.26655E-1 3.04796E-1 3.20234E-1 2.07331E-1 2.74929E-1 2.7815E-1 2.58128E-1 2.51681E-1 2.90551E-1 2.60147E-1 2.36563E-1 3.84508E-1 3.05229E-1 7.0403E-2 3.9625E-2 5.45959E-2 1.00143E-1 1.01146E-1 2.25761E-1 3.18227E-1 3.90503E-1 2.75859E-1 4.0162E-1 2.94633E-1 3.06864E-1 2.92385E-1 5.50643E-1 4.49383E-1 4.60906E-1 4.58638E-1 3.0062E-1 1.68058E-1 7.11692E-2 6.40336E-2 6.13568E-2 5.48723E-2 2.20517E-2 1.06058E-2 2.25571E-2 1.57273E-2 1.49212E-2 1.89761E-2 1.05633E-1 1.75023E-1 6.27816E-1 5.67677E-1 2.76585E-1 1.24626E-1 6.37075E-2 1.76791E-1 2.89725E-1 7.10788E-1 5.62014E-1 6.32336E-1 6.90054E-1
