Candidate_Models_Sept202022/M_0.9_F_lqp_Set_1_cal/Bison.asc
ncols         97
nrows         127
xllcorner     -2197417.7431653
yllcorner     -584827.01486885
cellsize      30000.0
NODATA_value  -9999
[rows 54 to 80 of 127, columns 0 to 60 of 97]
-9999 -9999 -9999 -9999 9.71722E-3 5.71381E-3 1.53414E-3 4.66528E-3 3.16357E-3 5.61139E-4 8.71671E-4 1.14969E-2 9.2071E-3 1.91626E-2 2.04996E-2 1.64779E-2 2.71057E-2 4.5337E-2 5.22596E-2 6.29529E-2 8.69203E-2 1.06105E-1 9.89742E-2 8.92982E-2 8.59327E-2 1.51374E-1 1.09545E-1 8.85368E-2 1.34287E-1 1.20478E-1 1.28526E-1 1.41919E-1 1.59996E-1 1.72566E-1 1.61057E-1 1.62899E-1 1.61893E-1 1.53114E-1 1.65754E-1 1.96878E-1 2.48458E-1 2.60543E-1 2.06761E-1 1.54957E-1 1.50479E-1 1.301E-1 1.40885E-1 1.227E-1 1.07246E-1 9.90381E-2 1.03128E-1 1.06419E-1 7.69445E-2 1.25827E-1 1.53896E-1 9.12936E-2 1.04935E-1 9.51093E-2 9.62686E-2 7.46637E-2 5.21476E-2
-9999 -9999 -9999 -9999 -9999 3.63785E-3 1.0322E-3 2.23164E-3 8.94116E-3 1.28029E-3 4.9878E-4 7.22023E-3 2.82106E-2 1.3114E-2 2.01609E-2 1.37047E-2 1.66553E-2 2.42212E-2 5.72672E-2 4.26666E-2 9.51031E-2 1.10214E-1 1.05626E-1 1.37688E-1 9.11516E-2 8.94023E-2 9.99164E-2 1.13175E-1 1.81771E-1 1.69548E-1 1.62784E-1 1.54398E-1 1.6629E-1 1.58979E-1 1.54119E-1 1.87504E-1 1.89269E-1 1.67254E-1 1.9253E-1 1.90627E-1 2.47064E-1 2.93255E-1 1.95292E-1 1.58528E-1 1.60319E-1 1.47176E-1 1.37236E-1 1.15575E-1 1.21577E-1 8.52647E-2 1.06931E-1 1.1612E-1 1.06758E-1 1.56236E-1 1.41332E-1 1.07489E-1 1.0472E-1 8.50464E-2 8.99758E-2 7.28316E-2 7.1485E-2
-9999 -9999 -9999 -9999 -9999 7.08188E-3 3.28271E-3 5.06149E-3 5.89623E-3 3.2291E-3 9.17327E-5 2.48597E-3 4.18444E-3 4.5189E-3 2.82697E-2 1.42876E-2 2.59616E-2 3.00005E-2 4.54541E-2 6.53385E-2 1.05452E-1 8.21876E-2 7.9526E-2 1.01644E-1 8.13109E-2 7.48715E-2 9.28953E-2 1.55617E-1 2.33129E-1 1.69794E-1 1.93698E-1 1.95901E-1 1.96369E-1 1.89487E-1 2.12126E-1 2.40419E-1 1.89417E-1 1.72994E-1 1.99677E-1 1.78588E-1 2.61635E-1 2.12484E-1 1.64045E-1 1.72084E-1 1.67714E-1 1.53633E-1 1.41594E-1 1.26534E-1 1.35457E-1 1.38188E-1 1.55636E-1 1.44084E-1 1.60887E-1 1.58208E-1 1.12768E-1 1.1742E-1 1.14922E-1 1.10942E-1 8.05126E-2 6.64511E-2 4.04357E-2
-9999 -9999 -9999 -9999 -9999 -9999 6.04868E-3 -9999 1.14793E-2 1.05803E-3 2.89902E-4 1.9943E-3 4.20163E-3 7.38519E-3 9.37485E-3 3.82483E-2 2.28635E-2 2.94333E-2 5.22363E-2 8.12584E-2 6.94717E-2 7.85087E-2 8.08203E-2 1.12493E-1 8.92906E-2 9.73159E-2 6.68436E-2 1.54099E-1 1.88381E-1 1.98291E-1 3.42444E-1 3.15197E-1 2.33076E-1 2.14415E-1 2.29239E-1 2.53E-1 2.45247E-1 1.91222E-1 2.0393E-1 1.67434E-1 1.87415E-1 1.5465E-1 1.95134E-1 1.71647E-1 1.31796E-1 1.4955E-1 1.36766E-1 1.70676E-1 1.86121E-1 1.65767E-1 1.59274E-1 1.9364E-1 1.43836E-1 1.3294E-1 1.25681E-1 1.22035E-1 1.14738E-1 1.0715E-1 9.02836E-2 6.73361E-2 4.54235E-2
-9999 -9999 -9999 4.08048E-3 -9999 -9999 -9999 -9999 -9999 2.95736E-3 1.28025E-3 9.9632E-4 3.22273E-3 6.93379E-3 5.94513E-3 3.19473E-2 2.27456E-2 3.94345E-2 4.67663E-2 7.17366E-2 6.76691E-2 8.71122E-2 7.03504E-2 1.25764E-1 6.76726E-2 7.70435E-2 7.13862E-2 1.06768E-1 2.55381E-1 2.40777E-1 4.4924E-1 3.96452E-1 2.26473E-1 1.90093E-1 1.92511E-1 2.64479E-1 2.49792E-1 2.87949E-1 4.82999E-1 1.9353E-1 1.86874E-1 1.51635E-1 1.84409E-1 1.60962E-1 1.03617E-1 1.33105E-1 1.81759E-1 1.73226E-1 1.70621E-1 1.51897E-1 1.64011E-1 1.6223E-1 1.62123E-1 1.36615E-1 1.27463E-1 1.38391E-1 1.1089E-1 1.26494E-1 1.04202E-1 8.17653E-2 6.77555E-2
-9999 -9999 -9999 3.0685E-3 6.66134E-3 1.10071E-2 -9999 -9999 -9999 3.97975E-3 3.26675E-4 1.95055E-3 4.33904E-3 1.00977E-2 1.19926E-2 4.49887E-2 3.51317E-2 3.20701E-2 6.40276E-2 7.37064E-2 6.20104E-2 6.65995E-2 8.16396E-2 8.30303E-2 8.17496E-2 5.43736E-2 5.77489E-2 1.0886E-1 3.08982E-1 3.76643E-1 5.28773E-1 4.56103E-1 2.41607E-1 2.40343E-1 2.43274E-1 2.33367E-1 2.48743E-1 4.59262E-1 3.7687E-1 2.01811E-1 2.08842E-1 2.28768E-1 1.83188E-1 1.70101E-1 1.54613E-1 1.62066E-1 1.69648E-1 1.49632E-1 1.49204E-1 1.95119E-1 1.76489E-1 1.50921E-1 1.35879E-1 1.42805E-1 1.0325E-1 1.449E-1 1.56746E-1 1.56416E-1 1.28035E-1 1.0212E-1 7.64372E-2
-9999 -9999 -9999 2.67264E-3 8.23066E-3 1.50647E-2 1.00688E-2 -9999 -9999 1.1706E-2 6.40711E-4 6.2506E-3 4.10138E-3 8.00745E-3 1.25182E-2 2.79576E-2 4.0821E-2 5.46475E-2 7.18102E-2 6.40148E-2 8.14901E-2 7.28123E-2 5.93089E-2 5.03305E-2 8.42931E-2 1.21192E-2 1.26232E-2 7.61183E-2 2.00036E-1 2.11434E-1 5.84861E-1 6.27072E-1 4.33073E-1 4.95142E-1 4.73515E-1 3.25819E-1 3.70357E-1 4.03438E-1 2.9345E-1 2.16537E-1 2.32592E-1 2.21726E-1 2.03623E-1 1.74885E-1 1.64031E-1 1.57912E-1 1.56729E-1 1.68993E-1 1.63295E-1 2.29398E-1 2.03276E-1 1.94952E-1 1.58576E-1 1.82619E-1 1.0292E-1 1.40513E-1 1.32013E-1 1.55268E-1 1.3391E-1 1.08689E-1 6.45084E-2
-9999 -9999 -9999 2.05288E-3 5.574E-3 8.97607E-3 -9999 -9999 7.26753E-3 5.16734E-4 2.00025E-4 1.8326E-3 2.81559E-3 6.67113E-3 1.85997E-2 2.95911E-2 1.18034E-1 6.68167E-2 8.08451E-2 5.00112E-2 7.87967E-2 7.64199E-2 7.85593E-2 6.59244E-2 7.08821E-2 1.52611E-2 9.05904E-3 5.372E-2 1.28256E-1 3.62873E-1 5.47816E-1 6.75362E-1 5.98621E-1 5.01111E-1 5.87628E-1 4.91517E-1 4.60406E-1 5.21724E-1 3.65365E-1 2.68621E-1 2.63039E-1 2.47737E-1 2.08447E-1 1.84035E-1 1.7979E-1 2.034E-1 1.86105E-1 1.94249E-1 2.15186E-1 2.28727E-1 2.25635E-1 1.65476E-1 1.64748E-1 1.22946E-1 9.00785E-2 1.55E-1 1.42246E-1 1.15465E-1 1.34437E-1 9.53995E-2 8.99489E-2
-9999 -9999 -9999 1.79322E-3 8.56978E-3 -9999 -9999 1.66643E-2 4.2722E-3 7.22793E-4 3.68271E-4 1.79244E-3 2.97461E-3 3.18221E-3 2.21089E-2 4.00611E-2 1.00741E-1 7.72562E-2 7.87032E-2 7.58806E-2 8.38576E-2 8.88014E-2 7.04446E-2 7.46571E-2 6.43548E-2 2.22793E-2 5.29819E-3 3.87022E-2 8.45896E-2 1.34006E-1 3.76451E-1 6.0981E-1 4.10524E-1 4.69901E-1 6.92097E-1 5.94869E-1 5.81404E-1 7.18988E-1 4.8486E-1 2.85251E-1 2.69512E-1 2.23949E-1 1.94182E-1 1.8802E-1 2.01191E-1 2.29074E-1 2.05067E-1 1.81733E-1 1.72546E-1 2.14108E-1 2.21698E-1 1.51014E-1 1.27654E-1 1.29212E-1 1.11059E-1 1.24135E-1 1.3596E-1 1.23259E-1 1.33903E-1 1.04329E-1 8.95672E-2
-9999 -9999 -9999 9.51457E-4 2.0993E-3 -9999 -9999 -9999 6.87147E-3 6.60522E-4 5.80794E-4 2.51522E-3 1.18306E-3 1.00913E-2 3.27546E-2 6.54373E-2 9.53326E-2 9.64499E-2 1.01709E-1 8.02773E-2 9.81806E-2 1.10334E-1 9.83247E-2 7.31791E-2 6.63631E-2 2.83132E-2 1.33511E-2 3.41065E-2 6.20563E-2 9.37553E-2 1.53179E-1 4.09403E-1 5.10914E-1 5.55534E-1 6.14594E-1 6.20997E-1 5.57019E-1 4.68733E-1 3.07695E-1 2.64082E-1 2.29559E-1 2.25905E-1 2.09557E-1 1.995E-1 2.20021E-1 2.23096E-1 2.56141E-1 2.0006E-1 1.98164E-1 2.39248E-1 2.17279E-1 1.68235E-1 1.66889E-1 1.49529E-1 1.41883E-1 1.08911E-1 1.41747E-1 1.33155E-1 1.4471E-1 1.41594E-1 1.08107E-1
-9999 -9999 -9999 1.52044E-3 7.28537E-3 -9999 -9999 -9999 9.81287E-3 3.49301E-3 1.68166E-3 5.95715E-4 7.3205E-3 1.49784E-2 2.20045E-2 6.94366E-2 8.80385E-2 1.0638E-1 1.22917E-1 8.58001E-2 8.29814E-2 1.39565E-1 1.15871E-1 9.3132E-2 7.2824E-2 4.39148E-2 1.4971E-2 3.00217E-2 4.51049E-2 9.13936E-2 1.31447E-1 4.53753E-1 4.92202E-1 6.00026E-1 4.88185E-1 5.57805E-1 4.92297E-1 5.32592E-1 3.42304E-1 3.5052E-1 2.47307E-1 2.38166E-1 2.07042E-1 2.03538E-1 2.78179E-1 2.88917E-1 2.78759E-1 2.12049E-1 1.8864E-1 2.55631E-1 2.85051E-1 1.89584E-1 1.61375E-1 1.19748E-1 1.59445E-1 1.15131E-1 1.27702E-1 1.2212E-1 1.07574E-1 1.35564E-1 9.69072E-2
-9999 -9999 -9999 4.41942E-4 7.39432E-3 -9999 -9999 -9999 1.16003E-2 1.24513E-3 1.88265E-4 1.76397E-4 3.75332E-3 1.31562E-2 8.58489E-2 6.6666E-2 6.87321E-2 1.18844E-1 1.03417E-1 1.00095E-1 1.59506E-1 1.97808E-1 1.22813E-1 1.01077E-1 7.28758E-2 3.83998E-2 1.87206E-2 1.91986E-2 3.43782E-2 5.95509E-2 1.06499E-1 2.87056E-1 4.60038E-1 6.43044E-1 5.22461E-1 5.44692E-1 3.34342E-1 4.91092E-1 5.05723E-1 3.50849E-1 1.99115E-1 1.83085E-1 2.05099E-1 2.16965E-1 2.3062E-1 2.24696E-1 2.38122E-1 2.23137E-1 2.66636E-1 2.48117E-1 2.26516E-1 2.11737E-1 1.75359E-1 1.59974E-1 1.42857E-1 1.39808E-1 1.17265E-1 1.68488E-1 1.34267E-1 1.37081E-1 1.82183E-1
-9999 -9999 -9999 -9999 2.72461E-3 -9999 -9999 -9999 -9999 5.00527E-3 3.48989E-4 4.35201E-4 2.63998E-3 5.26838E-3 2.95723E-2 6.15109E-2 6.2288E-2 1.19539E-1 1.39217E-1 1.66351E-1 1.29739E-1 2.94257E-1 1.68735E-1 1.18446E-1 1.11365E-1 5.46173E-2 2.24283E-2 1.36483E-2 2.62544E-2 3.40259E-2 7.44835E-2 1.18845E-1 1.56954E-1 2.21931E-1 2.00133E-1 2.49752E-1 4.81905E-1 4.0933E-1 2.28681E-1 1.76238E-1 2.65947E-1 1.93707E-1 2.6985E-1 2.29791E-1 2.26146E-1 2.88228E-1 2.61546E-1 2.75094E-1 2.17261E-1 1.98526E-1 2.97696E-1 2.03371E-1 1.9201E-1 1.86702E-1 1.8972E-1 1.49513E-1 1.49371E-1 1.40394E-1 1.36018E-1 1.38941E-1 1.44475E-1
-9999 -9999 -9999 -9999 5.72798E-3 -9999 -9999 -9999 -9999 1.31663E-2 2.23544E-3 9.13863E-4 2.66722E-3 4.72583E-3 2.04004E-2 5.72468E-2 1.02738E-1 1.17209E-1 1.32005E-1 1.15986E-1 1.38607E-1 1.78088E-1 1.35312E-1 1.93137E-1 2.20177E-1 6.32415E-2 2.88382E-2 1.12101E-2 1.59306E-2 2.92464E-2 4.80029E-2 7.23484E-2 1.42273E-1 2.47146E-1 1.65669E-1 1.74289E-1 3.03744E-1 1.90154E-1 1.34431E-1 1.06299E-1 2.07823E-1 1.67373E-1 2.20097E-1 2.92206E-1 2.43096E-1 2.74253E-1 4.0678E-1 2.757E-1 2.50944E-1 2.59313E-1 2.69996E-1 2.3955E-1 2.30781E-1 1.94714E-1 1.89535E-1 1.98728E-1 1.71441E-1 1.67239E-1 1.5322E-1 1.2754E-1 1.26246E-1
-9999 -9999 -9999 -9999 -9999 -9999 -9999 -9999 -9999 9.22388E-3 7.12462E-3 1.13331E-3 2.7835E-3 6.11875E-3 9.17728E-3 3.32298E-2 1.06058E-1 1.14355E-1 1.14198E-1 1.45119E-1 1.32233E-1 1.40145E-1 1.53718E-1 1.20743E-1 8.29538E-2 2.90277E-2 1.6236E-2 2.17547E-2 1.18764E-2 2.72933E-2 5.39026E-2 7.42617E-2 9.00924E-2 1.71516E-1 1.07108E-1 1.57361E-1 2.9389E-1 2.667E-1 1.51189E-1 1.99754E-1 2.54187E-1 2.02471E-1 2.71459E-1 3.03932E-1 4.81678E-1 5.35994E-1 5.35961E-1 3.27274E-1 2.68195E-1 2.58729E-1 2.86103E-1 2.84939E-1 2.31353E-1 1.5693E-1 1.9925E-1 1.73601E-1 1.74313E-1 1.90813E-1 1.55643E-1 1.38658E-1 1.38774E-1
-9999 -9999 -9999 -9999 -9999 -9999 -9999 -9999 -9999 -9999 7.43368E-3 1.94478E-3 1.86833E-3 4.00397E-3 1.5724E-2 3.31129E-2 9.27655E-2 9.58993E-2 1.21008E-1 1.31044E-1 1.27828E-1 1.25617E-1 1.49585E-1 1.28018E-1 8.64127E-2 3.28173E-2 2.08362E-2 1.72364E-2 1.82973E-2 2.25099E-2 4.82781E-2 7.69558E-2 1.18055E-1 1.26467E-1 1.53083E-1 1.5777E-1 2.44683E-1 2.79955E-1 1.91487E-1 2.36227E-1 2.58704E-1 4.37363E-1 4.54392E-1 5.37336E-1 5.955E-1 6.08462E-1 5.23156E-1 6.31943E-1 2.79943E-1 2.61862E-1 3.39728E-1 2.82606E-1 2.09786E-1 1.99873E-1 1.93404E-1 1.87752E-1 2.19703E-1 2.21555E-1 1.9475E-1 1.56581E-1 1.72797E-1
-9999 -9999 -9999 -9999 -9999 -9999 -9999 -9999 -9999 -9999 6.00083E-3 1.51784E-3 3.57484E-4 1.85354E-3 1.54357E-2 2.00087E-2 9.9235E-2 1.3875E-1 1.12624E-1 1.40407E-1 1.32275E-1 1.25903E-1 1.5741E-1 1.74062E-1 7.99527E-2 3.89925E-2 2.73773E-2 1.5761E-2 3.03052E-2 3.59795E-2 5.22392E-2 7.29235E-2 8.95861E-2 1.37147E-1 1.64105E-1 2.29687E-1 1.99391E-1 1.85703E-1 2.03654E-1 4.6145E-1 4.91155E-1 6.02387E-1 4.97817E-1 5.58893E-1 5.79858E-1 5.70999E-1 3.56053E-1 5.35131E-1 4.51819E-1 5.30087E-1 4.9708E-1 3.28639E-1 2.48222E-1 2.17958E-1 2.01642E-1 2.01892E-1 2.0098E-1 1.70369E-1 1.8403E-1 1.79043E-1 1.844E-1
-9999 -9999 -9999 -9999 -9999 -9999 -9999 -9999 -9999 -9999 4.30442E-3 1.04456E-3 5.11408E-4 1.61005E-3 5.45699E-2 4.83499E-2 7.60242E-2 1.61304E-1 1.37055E-1 1.84815E-1 1.62292E-1 1.55138E-1 1.56262E-1 1.70545E-1 9.98054E-2 3.24713E-2 2.44689E-2 2.39134E-2 3.14189E-2 4.90953E-2 6.77438E-2 1.02521E-1 9.68533E-2 1.03786E-1 1.71092E-1 2.09074E-1 3.06373E-1 4.01839E-1 4.47944E-1 4.0808E-1 5.04352E-1 5.36139E-1 6.32134E-1 6.34799E-1 6.32283E-1 6.78472E-1 6.68602E-1 6.23424E-1 5.41666E-1 6.48823E-1 6.5312E-1 5.62715E-1 4.7179E-1 4.25584E-1 3.91013E-1 2.36859E-1 2.13959E-1 1.9775E-1 2.11852E-1 2.10546E-1 1.98575E-1
-9999 -9999 -9999 -9999 -9999 -9999 -9999 -9999 -9999 -9999 4.26173E-3 7.86028E-4 1.33757E-3 1.1558E-3 1.07233E-2 2.93055E-2 8.72069E-2 1.5419E-1 1.63103E-1 2.33818E-1 2.57814E-1 1.81475E-1 1.51898E-1 1.59123E-1 9.88896E-2 4.48852E-2 2.50164E-2 2.24655E-2 5.46937E-2 3.90233E-2 6.71349E-2 1.16077E-1 1.10363E-1 1.02109E-1 2.20901E-1 1.76547E-1 2.78394E-1 3.54748E-1 3.29795E-1 4.22784E-1 5.82198E-1 6.74789E-1 7.43863E-1 7.18867E-1 7.93202E-1 7.15192E-1 7.13908E-1 6.90336E-1 7.0637E-1 6.98543E-1 4.70859E-1 3.69085E-1 3.75029E-1 5.06211E-1 5.12906E-1 4.80783E-1 2.71796E-1 2.18689E-1 2.18364E-1 2.14537E-1 2.1154E-1
-9999 -9999 -9999 -9999 -9999 -9999 -9999 -9999 -9999 -9999 2.53263E-3 1.15869E-3 1.51381E-3 2.48375E-3 6.89596E-2 1.53082E-2 1.10225E-1 9.69701E-2 1.46276E-1 2.67111E-1 3.389E-1 2.07169E-1 1.82181E-1 1.34269E-1 1.42316E-1 8.51449E-2 4.95045E-2 2.81249E-2 3.9815E-2 7.85866E-2 6.60408E-2 5.29682E-2 1.01468E-1 1.98269E-1 1.75504E-1 2.3716E-1 2.32144E-1 2.44247E-1 3.05463E-1 4.29312E-1 6.11709E-1 7.81141E-1 8.03327E-1 8.73649E-1 8.32986E-1 6.92088E-1 6.24557E-1 6.63793E-1 5.54155E-1 7.22225E-1 6.95771E-1 4.7313E-1 3.87096E-1 5.69526E-1 4.35092E-1 3.90592E-1 2.57545E-1 3.08215E-1 2.67206E-1 2.16523E-1 2.30042E-1
-9999 -9999 -9999 -9999 -9999 -9999 -9999 -9999 7.3469E-3 5.42662E-3 4.60257E-3 2.55032E-3 1.54642E-3 1.72619E-3 4.80201E-3 7.36361E-2 1.10577E-1 1.03443E-1 1.18612E-1 1.7923E-1 1.9537E-1 2.62117E-1 2.6539E-1 1.72994E-1 1.56464E-1 9.5553E-2 3.759E-2 1.83056E-2 1.89582E-2 3.3687E-2 3.60366E-2 5.48562E-2 9.89213E-2 1.0488E-1 1.29113E-1 1.19252E-1 1.7045E-1 2.89014E-1 2.56155E-1 4.86351E-1 6.7726E-1 7.94457E-1 7.57268E-1 7.61227E-1 7.64088E-1 6.43728E-1 6.473E-1 6.78956E-1 6.49466E-1 5.66791E-1 6.68449E-1 6.17733E-1 5.48388E-1 5.175E-1 4.14104E-1 3.79479E-1 4.48178E-1 4.1413E-1 4.17588E-1 2.75048E-1 2.6823E-1
-9999 -9999 -9999 -9999 -9999 -9999 -9999 -9999 4.20687E-3 2.46048E-3 4.80094E-3 5.39686E-3 3.48941E-3 9.23908E-4 1.98725E-3 1.16848E-2 1.90668E-2 1.60162E-1 1.05587E-1 7.69267E-2 1.14118E-1 1.58052E-1 2.8534E-1 1.4721E-1 1.44011E-1 9.53721E-2 5.5902E-2 3.36452E-2 1.85143E-2 1.75465E-2 4.80989E-2 3.78248E-2 1.08287E-1 1.29649E-1 1.68824E-1 9.9075E-2 2.23068E-1 2.36356E-1 2.50444E-1 2.50908E-1 5.51949E-1 7.46463E-1 7.29158E-1 7.19493E-1 7.27135E-1 6.64636E-1 6.1134E-1 6.48965E-1 6.33424E-1 6.97109E-1 6.57314E-1 6.23886E-1 5.94996E-1 5.10439E-1 4.95946E-1 5.567E-1 5.77596E-1 5.71393E-1 5.0018E-1 5.30696E-1 5.36394E-1
-9999 -9999 -9999 -9999 -9999 -9999 -9999 -9999 1.44891E-3 1.12231E-3 6.85428E-4 1.4767E-3 3.02623E-3 1.45988E-3 1.11564E-3 7.14049E-3 9.44005E-3 1.08532E-1 1.08865E-1 1.08652E-1 8.96989E-2 9.38759E-2 2.00335E-1 1.68802E-1 1.67777E-1 1.78845E-1 7.66538E-2 5.83614E-2 2.52818E-2 1.70052E-2 4.51065E-2 4.29125E-2 7.20574E-2 2.02696E-1 3.68108E-1 2.87717E-1 1.66905E-1 2.38057E-1 2.34326E-1 5.55492E-1 7.34311E-1 7.94096E-1 7.81749E-1 7.92823E-1 7.85527E-1 6.83811E-1 6.36331E-1 5.82197E-1 6.97232E-1 6.9895E-1 7.44752E-1 6.61319E-1 6.12764E-1 5.37819E-1 6.13776E-1 4.82664E-1 6.31147E-1 5.97728E-1 4.95798E-1 6.17689E-1 6.29116E-1
-9999 -9999 -9999 -9999 -9999 -9999 -9999 -9999 -9999 1.89813E-3 5.41448E-4 9.65535E-4 1.65817E-3 3.48782E-3 1.13859E-3 2.18501E-3 1.13244E-2 8.82356E-2 3.26694E-1 1.81389E-1 4.97457E-2 5.73683E-2 9.23796E-2 1.81831E-1 1.33394E-1 1.3493E-1 9.89833E-2 6.85349E-2 3.33559E-2 1.86646E-2 1.38895E-2 2.08189E-2 4.22826E-2 8.95067E-2 1.77623E-1 1.9441E-1 2.21201E-1 1.9577E-1 3.03885E-1 7.60304E-1 7.42315E-1 8.57536E-1 8.52185E-1 8.01357E-1 7.46065E-1 6.40322E-1 6.96108E-1 6.96152E-1 5.55422E-1 6.12652E-1 5.93031E-1 6.36762E-1 5.5346E-1 7.37779E-1 6.96724E-1 5.39404E-1 6.15444E-1 6.58435E-1 5.56701E-1 6.09608E-1 5.25717E-1
-9999 -9999 -9999 -9999 -9999 -9999 -9999 -9999 -9999 1.03657E-3 9.86421E-4 6.67182E-4 1.08186E-3 3.63483E-3 5.56026E-3 2.28611E-3 3.2888E-3 6.02017E-3 4.7311E-2 7.96239E-2 4.66326E-2 4.01822E-2 8.23809E-2 1.39487E-1 1.27099E-1 1.3026E-1 1.35007E-1 7.35139E-2 2.91415E-2 1.27983E-2 1.6534E-2 7.84969E-3 4.90009E-2 5.10447E-2 1.47132E-1 2.18509E-1 3.10599E-1 2.06177E-1 2.27432E-1 6.44202E-1 7.96958E-1 7.97648E-1 7.30103E-1 7.31372E-1 7.06539E-1 5.61116E-1 4.95439E-1 6.90345E-1 5.83051E-1 6.29455E-1 6.97116E-1 5.88536E-1 6.53044E-1 6.4138E-1 6.97262E-1 6.2842E-1 4.90982E-1 5.47377E-1 5.19474E-1 5.49086E-1 5.63038E-1
-9999 -9999 -9999 -9999 -9999 -9999 -9999 -9999 -9999 -9999 1.52596E-3 7.12794E-4 8.35746E-4 5.64876E-3 1.29377E-2 2.46356E-3 2.23755E-3 6.07905E-3 2.67543E-2 2.67228E-2 3.82611E-2 2.95796E-2 8.22578E-2 2.59577E-1 1.91366E-1 1.59776E-1 1.0799E-1 6.61895E-2 2.58058E-2 1.5491E-2 2.09712E-2 1.58946E-2 1.55616E-2 2.94471E-2 7.74297E-2 1.45584E-1 1.73995E-1 1.99541E-1 3.57023E-1 6.86623E-1 7.61601E-1 7.56684E-1 7.33228E-1 7.07619E-1 5.41385E-1 5.56408E-1 4.77425E-1 6.06949E-1 5.52003E-1 6.21682E-1 7.32293E-1 7.07841E-1 7.07551E-1 7.25239E-1 5.96115E-1 6.57767E-1 6.59285E-1 4.9975E-1 5.11243E-1 5.85721E-1 5.51838E-1
-9999 -9999 -9999 -9999 -9999 -9999 -9999 -9999 -9999 -9999 1.57368E-3 7.70007E-4 1.09347E-3 2.52169E-3 1.32027E-2 5.32159E-3 1.88452E-3 1.90793E-3 7.90681E-3 1.82287E-2 3.22959E-2 5.087E-2 7.84426E-2 1.09215E-1 2.10877E-1 3.27982E-1 3.00263E-1 1.17647E-1 8.91749E-2 2.59593E-2 1.52592E-2 3.83007E-2 4.57718E-2 7.03277E-2 9.68678E-2 1.03994E-1 1.13315E-1 1.74191E-1 2.53977E-1 7.26426E-1 8.12741E-1 7.67055E-1 7.58951E-1 7.88903E-1 7.17985E-1 5.66817E-1 4.39434E-1 4.90939E-1 5.52611E-1 5.69613E-1 6.66852E-1 6.80983E-1 6.93861E-1 6.88965E-1 6.833E-1 5.96896E-1 6.24007E-1 6.22752E-1 6.3859E-1 5.05152E-1 5.23533E-1
