Candidate_Models_Sept202022/M_0.9_F_lqp_Set_1_cal/Bison.asc
ncols         97
nrows         127
xllcorner     -2197417.7431653
yllcorner     -584827.01486885
cellsize      30000.0
NODATA_value  -9999
[rows 27 to 53 of 127, columns 0 to 60 of 97]
-9999 -9999 2.34032E-2 1.06616E-2 4.60811E-2 7.30008E-2 6.92322E-2 9.8511E-2 2.18302E-1 8.768E-2 7.6085E-2 1.1453E-1 3.64016E-2 5.39232E-2 4.29716E-2 6.54526E-2 4.57396E-2 4.29099E-2 2.80532E-2 2.47048E-2 2.19527E-2 2.22258E-2 1.71535E-2 1.68216E-2 2.07615E-2 2.92323E-2 3.43623E-2 2.8117E-2 2.93222E-2 2.709E-2 2.20125E-2 2.65962E-2 2.2257E-2 2.69687E-2 3.75337E-2 3.79507E-2 5.08772E-2 4.03893E-2 2.06562E-2 5.0119E-2 9.53413E-2 8.58592E-2 7.28636E-2 1.51982E-1 6.75646E-2 4.81732E-2 4.00111E-2 2.8859E-2 2.08589E-2 1.80836E-2 1.64172E-2 1.78938E-2 1.20003E-2 1.04474E-2 6.60485E-3 4.9442E-3 4.74939E-3 4.25493E-3 4.88739E-3 5.45414E-3 8.36838E-3
-9999 2.14741E-3 2.43221E-2 1.28366E-2 1.05093E-2 4.09644E-2 8.23575E-2 8.59E-2 8.64785E-2 9.91055E-2 8.11464E-2 8.04301E-2 7.79828E-2 7.36318E-2 5.74914E-2 5.96766E-2 8.49308E-2 5.32904E-2 4.31066E-2 3.6018E-2 5.09772E-2 3.20036E-2 1.67964E-2 1.96952E-2 2.38355E-2 3.32851E-2 3.31976E-2 3.20498E-2 3.1998E-2 3.03012E-2 2.44361E-2 1.92424E-2 2.58827E-2 2.45701E-2 2.3974E-2 3.42634E-2 4.46166E-2 8.12582E-2 7.29889E-2 5.73499E-2 6.53212E-2 4.25115E-2 6.91525E-2 6.54878E-2 6.63513E-2 3.60793E-2 3.45794E-2 2.21329E-2 1.92709E-2 1.45179E-2 1.61156E-2 2.14735E-2 1.04458E-2 8.48883E-3 6.72972E-3 5.39876E-3 4.70346E-3 4.32668E-3 4.56654E-3 5.20415E-3 4.70956E-3
-9999 2.85253E-4 8.97286E-4 9.45943E-3 1.42295E-2 4.28373E-2 5.92767E-2 9.15789E-2 1.3146E-1 1.11092E-1 7.34424E-2 9.5516E-2 8.6305E-2 7.35972E-2 7.22029E-2 4.75349E-2 5.59796E-2 6.28857E-2 7.33564E-2 5.7501E-2 2.97905E-2 1.94437E-2 2.42297E-2 2.19547E-2 4.00388E-2 3.42273E-2 3.84085E-2 3.68109E-2 2.92283E-2 3.14641E-2 2.42848E-2 2.12083E-2 3.15024E-2 2.50226E-2 2.41036E-2 2.69074E-2 3.65677E-2 5.7303E-2 5.01419E-2 6.31011E-2 7.14176E-2 6.59956E-2 7.54828E-2 5.47442E-2 3.15052E-2 3.653E-2 2.51848E-2 1.97804E-2 1.44848E-2 1.48549E-2 1.43529E-2 1.32035E-2 9.60055E-3 7.81671E-3 6.27587E-3 5.50289E-3 4.77405E-3 4.24856E-3 4.05748E-3 4.93408E-3 4.70396E-3
7.15689E-3 1.96878E-4 1.13035E-5 2.30175E-4 1.59694E-3 2.14155E-2 6.55814E-2 1.13291E-1 1.00768E-1 9.4133E-2 8.81906E-2 9.51606E-2 1.06337E-1 1.25988E-1 6.90941E-2 5.47217E-2 8.85038E-2 6.94669E-2 6.48689E-2 5.06533E-2 3.32742E-2 2.30371E-2 3.23199E-2 4.20185E-2 3.42731E-2 3.44948E-2 3.24685E-2 3.84695E-2 3.24764E-2 2.73917E-2 2.28431E-2 2.3331E-2 2.55247E-2 2.13913E-2 3.30371E-2 3.46888E-2 3.95803E-2 4.40088E-2 6.13244E-2 6.40688E-2 6.47275E-2 5.36609E-2 5.37887E-2 6.19994E-2 3.53367E-2 2.99701E-2 2.58391E-2 1.89646E-2 1.37292E-2 1.00704E-2 8.97039E-3 9.93135E-3 9.70619E-3 8.64012E-3 7.1717E-3 6.00708E-3 4.75564E-3 4.382E-3 4.24653E-3 4.89251E-3 4.76828E-3
1.00259E-2 4.68404E-3 3.64878E-5 1.04073E-5 5.05613E-4 3.40003E-2 6.92079E-2 1.42072E-1 1.05638E-1 1.10327E-1 1.19781E-1 1.10701E-1 1.07812E-1 1.60702E-1 8.9262E-2 1.02347E-1 5.72737E-2 8.35843E-2 5.0988E-2 3.2808E-2 2.63808E-2 3.26078E-2 3.10497E-2 3.40944E-2 3.60633E-2 3.39293E-2 3.45057E-2 3.98844E-2 3.63148E-2 3.08788E-2 2.57091E-2 2.3777E-2 2.81955E-2 1.51231E-2 3.35434E-2 3.92272E-2 4.57405E-2 5.26279E-2 5.34655E-2 4.56655E-2 5.4727E-2 5.39438E-2 5.11522E-2 4.16154E-2 3.2419E-2 2.51294E-2 2.32541E-2 2.09673E-2 1.57595E-2 1.01454E-2 9.42166E-3 1.013E-2 8.93009E-3 8.67536E-3 7.61018E-3 6.23125E-3 5.13234E-3 4.96612E-3 4.59982E-3 4.88934E-3 4.86526E-3
9.22394E-3 1.55254E-2 2.44511E-3 6.42579E-5 1.77419E-4 2.6911E-2 9.47613E-2 1.12194E-1 1.14754E-1 1.17251E-1 1.19116E-1 1.12343E-1 1.04774E-1 1.01261E-1 8.38472E-2 6.58058E-2 6.7309E-2 4.93624E-2 5.12869E-2 4.183E-2 3.39177E-2 3.18228E-2 3.15044E-2 3.83167E-2 5.20892E-2 3.81546E-2 3.71377E-2 6.83227E-2 3.97807E-2 2.89771E-2 2.34802E-2 2.36303E-2 2.41411E-2 2.16585E-2 2.65759E-2 3.74274E-2 5.43035E-2 3.88098E-2 3.58528E-2 3.87699E-2 3.24825E-2 5.685E-2 5.01849E-2 5.97705E-2 4.77315E-2 2.37241E-2 2.13248E-2 1.98993E-2 1.91911E-2 1.11564E-2 1.07236E-2 1.02284E-2 8.60354E-3 8.76561E-3 7.84769E-3 6.06869E-3 5.57222E-3 5.30363E-3 5.5229E-3 5.02396E-3 5.14012E-3
-9999 6.72278E-3 1.42115E-2 6.13146E-3 4.72715E-4 3.22247E-2 6.05018E-2 1.1289E-1 9.88075E-2 8.07061E-2 1.21024E-1 1.27276E-1 1.05412E-1 9.66364E-2 5.30721E-2 4.62455E-2 3.28122E-2 2.90211E-2 5.11451E-2 5.19469E-2 4.23916E-2 5.71065E-2 3.62062E-2 3.74052E-2 4.19658E-2 5.59946E-2 4.84378E-2 6.35782E-2 5.49527E-2 3.90905E-2 3.16986E-2 2.73653E-2 2.66792E-2 2.97272E-2 3.18927E-2 4.17563E-2 5.08961E-2 4.90144E-2 4.0226E-2 5.60615E-2 4.45984E-2 3.71075E-2 5.08263E-2 4.69136E-2 4.18683E-2 2.45532E-2 2.44676E-2 3.14867E-2 2.4614E-2 1.72122E-2 1.43726E-2 1.26833E-2 1.04445E-2 1.01172E-2 7.98659E-3 6.95415E-3 6.84901E-3 5.78133E-3 5.6379E-3 5.09387E-3 5.53262E-3
-9999 -9999 5.32302E-3 5.13871E-3 2.70229E-3 4.46763E-2 2.52657E-2 5.77634E-2 8.18259E-2 1.07131E-1 9.27421E-2 1.87895E-1 8.43138E-2 7.77008E-2 5.54783E-2 4.29384E-2 3.56801E-2 2.88107E-2 3.34915E-2 5.34293E-2 5.64849E-2 3.63898E-2 3.71672E-2 3.89044E-2 6.85241E-2 5.00709E-2 5.16685E-2 8.61763E-2 5.1402E-2 4.67811E-2 2.94151E-2 2.46426E-2 3.73203E-2 3.69535E-2 4.26847E-2 3.5414E-2 4.01173E-2 3.75417E-2 3.64403E-2 4.52599E-2 5.3685E-2 5.13034E-2 6.1481E-2 4.58207E-2 4.72843E-2 3.25557E-2 3.10205E-2 2.89382E-2 3.2376E-2 3.47698E-2 2.03413E-2 1.49847E-2 1.12372E-2 1.03264E-2 8.61624E-3 7.21595E-3 7.40105E-3 6.17814E-3 6.16917E-3 6.09688E-3 5.80766E-3
-9999 -9999 6.04598E-3 6.7992E-3 6.80317E-3 2.44397E-2 1.68564E-2 3.64385E-2 4.48786E-2 1.17828E-1 1.11189E-1 1.29964E-1 8.34476E-2 7.21149E-2 4.85861E-2 6.84707E-2 5.43894E-2 5.33861E-2 3.70878E-2 4.59792E-2 5.35617E-2 5.92744E-2 3.95552E-2 3.81127E-2 6.02728E-2 5.7612E-2 5.78388E-2 7.08295E-2 7.5722E-2 4.18333E-2 3.62976E-2 2.94233E-2 2.86818E-2 2.92519E-2 2.85313E-2 3.93347E-2 3.08095E-2 3.28331E-2 3.97897E-2 4.07165E-2 3.69037E-2 6.05411E-2 3.52512E-2 4.66768E-2 4.42312E-2 3.83124E-2 3.00531E-2 3.40071E-2 3.1222E-2 4.90961E-2 2.56688E-2 2.49236E-2 1.48433E-2 1.11419E-2 9.31365E-3 8.10985E-3 7.41415E-3 7.13935E-3 7.22828E-3 6.86223E-3 5.84971E-3
-9999 -9999 6.60944E-3 8.1932E-3 6.13201E-3 1.31065E-2 1.50099E-2 6.09361E-2 7.38E-2 9.47208E-2 1.15496E-1 8.01866E-2 1.07143E-1 7.82931E-2 5.22882E-2 6.44952E-2 7.26915E-2 6.28521E-2 6.42177E-2 5.42025E-2 6.07638E-2 6.25585E-2 4.10748E-2 5.37631E-2 4.17713E-2 4.65632E-2 5.37881E-2 5.0846E-2 6.29622E-2 5.20885E-2 3.58644E-2 2.6459E-2 2.40347E-2 3.04025E-2 3.78259E-2 4.13897E-2 3.13574E-2 3.36156E-2 3.59005E-2 3.13537E-2 3.45802E-2 3.50287E-2 3.14646E-2 2.27564E-2 4.58737E-2 4.3676E-2 3.52094E-2 4.51215E-2 3.73709E-2 4.36632E-2 2.56364E-2 2.0484E-2 1.51158E-2 1.19829E-2 1.1643E-2 9.53378E-3 8.58922E-3 7.75918E-3 8.73436E-3 7.58136E-3 6.67449E-3
-9999 -9999 -9999 6.8516E-3 1.29951E-2 4.87581E-2 3.42198E-2 5.10577E-2 5.75901E-2 4.27455E-2 5.11525E-2 9.52704E-2 1.13864E-1 8.80591E-2 5.75028E-2 6.02112E-2 6.40341E-2 5.68073E-2 6.43534E-2 6.46255E-2 6.09708E-2 6.21834E-2 3.6975E-2 6.10052E-2 7.81071E-2 4.94832E-2 7.04284E-2 5.57903E-2 4.38075E-2 3.78027E-2 3.24157E-2 3.7107E-2 2.59067E-2 3.22038E-2 3.78197E-2 3.69428E-2 3.58318E-2 3.37994E-2 2.07999E-2 2.85721E-2 2.57535E-2 3.07236E-2 4.20134E-2 4.32451E-2 5.06871E-2 4.08533E-2 3.77291E-2 4.39279E-2 3.22498E-2 2.59276E-2 2.26133E-2 2.18248E-2 2.01754E-2 1.52568E-2 1.44587E-2 1.17226E-2 1.14545E-2 9.51396E-3 7.76767E-3 7.79577E-3 7.39081E-3
-9999 -9999 -9999 2.58711E-3 5.77103E-3 9.8175E-2 5.88485E-2 6.98149E-2 9.94939E-2 8.70239E-2 3.55E-2 8.58757E-2 8.24291E-2 8.25914E-2 9.11552E-2 6.91142E-2 4.653E-2 6.60147E-2 5.52594E-2 5.87927E-2 4.02295E-2 3.98987E-2 3.48359E-2 4.90952E-2 5.93768E-2 6.30293E-2 6.12464E-2 4.07314E-2 2.704E-2 3.16414E-2 3.29494E-2 3.48396E-2 3.04947E-2 3.63249E-2 3.61049E-2 3.5265E-2 3.89856E-2 4.66925E-2 5.11183E-2 3.90123E-2 3.16991E-2 3.47088E-2 4.27773E-2 2.99281E-2 4.96173E-2 4.46104E-2 4.26847E-2 4.90275E-2 4.78457E-2 4.07838E-2 2.14118E-2 3.86708E-2 2.49771E-2 2.20157E-2 1.69162E-2 1.23473E-2 1.15672E-2 1.00363E-2 9.52844E-3 8.20916E-3 7.60916E-3
-9999 -9999 -9999 8.77141E-4 1.65496E-3 1.86352E-2 4.20565E-2 5.73611E-2 6.44321E-2 9.74072E-2 4.88622E-2 5.91573E-2 8.70491E-2 7.93553E-2 6.71048E-2 7.0184E-2 4.26764E-2 6.32396E-2 5.50504E-2 6.6615E-2 5.27256E-2 3.66209E-2 5.34668E-2 5.29606E-2 6.38128E-2 6.0683E-2 5.71367E-2 4.73163E-2 3.61386E-2 3.13482E-2 3.84689E-2 4.11244E-2 4.18715E-2 3.61232E-2 4.41406E-2 4.44919E-2 5.00706E-2 5.61537E-2 5.48583E-2 3.96918E-2 2.57667E-2 2.43185E-2 4.19543E-2 5.76867E-2 5.55246E-2 5.22102E-2 3.98305E-2 5.88223E-2 4.78462E-2 4.16489E-2 3.64859E-2 2.84471E-2 4.06881E-2 3.11623E-2 2.36361E-2 2.17926E-2 2.33801E-2 1.63576E-2 1.36672E-2 1.0271E-2 8.68429E-3
-9999 -9999 -9999 -9999 4.36771E-3 7.05943E-3 2.21991E-2 1.33047E-2 5.51178E-2 4.83688E-2 1.06018E-2 3.91165E-2 1.05702E-1 6.18467E-2 7.28996E-2 9.44247E-2 8.46501E-2 6.60138E-2 7.6621E-2 7.37762E-2 5.41556E-2 4.92668E-2 5.23182E-2 4.63115E-2 5.6048E-2 6.09967E-2 5.61903E-2 4.67886E-2 4.15094E-2 3.99883E-2 3.70436E-2 4.14567E-2 4.08913E-2 4.78123E-2 4.02479E-2 4.49982E-2 5.07561E-2 4.59484E-2 4.39487E-2 4.41998E-2 3.90187E-2 3.54689E-2 3.40615E-2 6.44069E-2 6.46181E-2 5.35739E-2 4.14559E-2 5.92801E-2 5.70671E-2 5.07576E-2 2.87436E-2 4.75792E-2 6.0697E-2 3.9022E-2 3.52888E-2 3.84649E-2 2.27441E-2 2.63467E-2 2.60906E-2 1.13213E-2 8.68128E-3
-9999 -9999 -9999 -9999 3.07956E-3 7.91273E-3 1.20135E-2 2.4147E-2 6.0055E-3 2.36815E-3 3.56387E-3 3.02547E-2 9.00901E-2 7.46635E-2 8.89115E-2 5.94096E-2 7.32348E-2 8.87854E-2 7.43124E-2 7.8457E-2 6.79496E-2 7.91274E-2 5.69736E-2 5.24324E-2 4.94706E-2 4.79488E-2 7.16859E-2 5.22466E-2 5.16795E-2 4.19494E-2 3.78132E-2 4.78488E-2 5.08824E-2 5.35257E-2 4.79755E-2 5.08094E-2 4.72883E-2 6.30371E-2 6.16095E-2 7.53087E-2 7.58685E-2 7.75524E-2 5.00017E-2 7.1668E-2 5.88097E-2 7.58476E-2 7.76089E-2 3.23527E-2 5.76813E-2 7.90111E-2 6.20972E-2 6.16299E-2 6.64705E-2 2.89957E-2 2.76653E-2 3.64361E-2 3.30791E-2 3.32518E-2 2.74292E-2 1.37661E-2 1.01549E-2
-9999 -9999 -9999 -9999 8.7185E-4 3.34411E-3 7.7835E-3 1.73097E-2 8.86879E-3 4.13093E-3 7.78881E-3 2.33797E-2 6.76335E-2 6.55435E-2 7.57468E-2 6.35347E-2 8.40313E-2 9.98265E-2 5.12864E-2 7.36303E-2 7.69052E-2 5.75649E-2 7.11525E-2 7.02806E-2 7.71433E-2 7.12131E-2 6.88158E-2 5.13543E-2 5.27248E-2 3.95531E-2 5.2333E-2 6.2741E-2 6.58705E-2 6.08843E-2 6.02986E-2 5.90337E-2 5.40201E-2 6.44609E-2 9.35248E-2 1.00885E-1 7.23989E-2 6.99845E-2 8.06849E-2 7.50018E-2 6.85381E-2 8.15377E-2 9.6377E-2 9.73221E-2 -9999 7.56378E-2 5.69431E-2 5.53563E-2 3.73801E-2 3.82575E-2 7.7392E-2 4.06273E-2 4.05897E-2 3.76823E-2 4.83501E-2 1.76192E-2 1.13609E-2
-9999 -9999 -9999 -9999 9.65961E-4 2.24582E-3 4.35295E-3 4.99545E-4 5.24087E-2 9.65665E-2 1.14103E-2 1.89267E-2 3.8425E-2 4.79127E-2 6.37344E-2 7.72845E-2 8.52145E-2 6.04347E-2 5.18878E-2 6.97435E-2 8.52069E-2 7.85188E-2 7.92453E-2 1.06047E-1 7.29053E-2 6.31287E-2 5.79272E-2 6.24598E-2 4.55943E-2 4.68921E-2 5.88124E-2 7.09951E-2 6.68842E-2 6.60263E-2 5.83561E-2 6.63422E-2 6.1459E-2 5.93084E-2 5.90302E-2 7.21006E-2 9.94553E-2 7.44315E-2 7.81663E-2 7.88757E-2 8.13216E-2 7.0345E-2 -9999 -9999 -9999 -9999 7.45281E-2 4.35811E-2 4.59246E-2 6.28781E-2 5.83995E-2 5.05604E-2 2.61786E-2 1.96136E-2 1.28868E-2 1.63005E-2 1.58334E-2
-9999 -9999 -9999 -9999 6.41295E-4 3.89616E-3 3.29217E-3 1.05757E-3 3.60602E-4 8.40759E-2 1.19794E-2 5.61958E-2 3.55548E-2 5.39467E-2 5.77999E-2 6.86065E-2 6.72998E-2 5.11931E-2 5.48111E-2 6.17172E-2 6.18336E-2 7.24057E-2 8.04826E-2 7.90925E-2 4.90877E-2 4.47165E-2 5.82392E-2 4.68554E-2 6.09256E-2 6.38294E-2 6.59719E-2 6.81018E-2 7.11744E-2 8.3364E-2 5.00356E-2 6.84799E-2 7.23792E-2 5.96907E-2 6.27404E-2 6.60111E-2 8.44304E-2 7.18356E-2 6.25508E-2 4.63761E-2 8.70431E-2 -9999 -9999 -9999 -9999 1.64443E-1 7.74283E-2 7.11991E-2 5.56824E-2 5.66834E-2 5.89984E-2 4.64679E-2 3.90091E-2 2.63192E-2 2.83363E-2 3.71421E-2 1.90755E-2
-9999 -9999 -9999 -9999 1.64527E-3 4.75398E-3 5.828E-3 1.0408E-3 8.61681E-3 1.66791E-2 1.76483E-2 4.03324E-2 2.67992E-2 5.75515E-2 6.39325E-2 6.78102E-2 6.88673E-2 6.95374E-2 4.50447E-2 5.05519E-2 5.78465E-2 7.7648E-2 6.71082E-2 5.34826E-2 4.73187E-2 4.55972E-2 5.68755E-2 6.48153E-2 7.33032E-2 8.04472E-2 7.57998E-2 6.99055E-2 7.24893E-2 7.44477E-2 7.29982E-2 5.99476E-2 6.95714E-2 6.00783E-2 7.63476E-2 7.37649E-2 7.43647E-2 7.79716E-2 1.03839E-1 1.17246E-1 1.14762E-1 -9999 -9999 -9999 1.70362E-1 1.31563E-1 1.24281E-1 8.38082E-2 7.11539E-2 6.88476E-2 5.12528E-2 4.66917E-2 4.15648E-2 2.06994E-2 2.37613E-2 4.09326E-2 1.89714E-2
-9999 -9999 -9999 3.08451E-3 2.81816E-2 1.38075E-2 1.55513E-3 2.53748E-3 1.35959E-3 4.15609E-3 2.46569E-2 2.05029E-2 2.81001E-2 4.56458E-2 6.8134E-2 5.54584E-2 8.5273E-2 6.66064E-2 6.71511E-2 4.42393E-2 4.99429E-2 5.58479E-2 5.1954E-2 3.71584E-2 5.57669E-2 4.22422E-2 4.88163E-2 6.91343E-2 5.91472E-2 8.11436E-2 9.58396E-2 8.88875E-2 7.7684E-2 8.16319E-2 7.6245E-2 7.51201E-2 6.5951E-2 7.85848E-2 7.20687E-2 8.08523E-2 7.62879E-2 7.28127E-2 8.60467E-2 1.2288E-1 1.9988E-1 1.76164E-1 1.41148E-1 1.39485E-1 1.40971E-1 1.05799E-1 1.16799E-1 1.0325E-1 8.30055E-2 7.18779E-2 6.82459E-2 4.87002E-2 4.21931E-2 2.34331E-2 2.90389E-2 3.22339E-2 2.46225E-2
-9999 -9999 -9999 -9999 4.04003E-3 2.4139E-2 4.72621E-3 -9999 1.00701E-3 3.98685E-3 1.60056E-2 1.16167E-2 4.76769E-2 5.66979E-2 5.92638E-2 7.74698E-2 8.2616E-2 6.85285E-2 5.73739E-2 6.30587E-2 4.42947E-2 5.61434E-2 3.72204E-2 5.77209E-2 7.94538E-2 6.55509E-2 5.34956E-2 7.47465E-2 6.42642E-2 7.36196E-2 8.08606E-2 1.01849E-1 9.44942E-2 8.48384E-2 7.71642E-2 6.77625E-2 8.02418E-2 7.15688E-2 7.04018E-2 9.08662E-2 9.17907E-2 8.58668E-2 7.43774E-2 1.0566E-1 1.46249E-1 1.39584E-1 1.31173E-1 1.2005E-1 1.3166E-1 1.01777E-1 1.13915E-1 9.00963E-2 9.13278E-2 7.7633E-2 6.94334E-2 4.69246E-2 3.97961E-2 2.82509E-2 4.03172E-2 3.49014E-2 2.2343E-2
-9999 -9999 -9999 -9999 1.11269E-3 1.98109E-3 3.2932E-3 6.54426E-3 1.92944E-3 1.07786E-2 2.12388E-2 6.95251E-3 7.55441E-2 3.68382E-2 5.22122E-2 1.00966E-1 6.09956E-2 8.59296E-2 5.78701E-2 4.97773E-2 4.41348E-2 4.842E-2 5.42257E-2 8.89378E-2 6.37477E-2 7.57083E-2 4.90754E-2 6.26222E-2 6.53776E-2 7.67745E-2 8.83776E-2 1.07329E-1 1.1201E-1 1.0601E-1 9.07287E-2 9.18053E-2 8.24068E-2 7.20082E-2 7.24694E-2 8.13749E-2 8.18271E-2 8.91048E-2 6.69831E-2 1.00367E-1 9.24105E-2 1.19139E-1 1.27002E-1 1.26437E-1 1.09454E-1 1.0467E-1 1.051E-1 8.28168E-2 8.18078E-2 7.95972E-2 7.75206E-2 5.6602E-2 4.35588E-2 4.37277E-2 3.09691E-2 3.68597E-2 3.44985E-2
-9999 -9999 -9999 -9999 6.53318E-3 2.6658E-3 4.62053E-3 3.27371E-3 3.6922E-3 1.11929E-2 8.22142E-3 5.9318E-3 3.36945E-2 6.19119E-2 5.68843E-2 7.07849E-2 7.40729E-2 8.80127E-2 8.09706E-2 5.44142E-2 5.55873E-2 4.79579E-2 3.75008E-2 5.33365E-2 1.25832E-1 7.69064E-2 4.14425E-2 6.70328E-2 8.37499E-2 9.25024E-2 9.38173E-2 1.07208E-1 1.33304E-1 1.07502E-1 1.15096E-1 1.03087E-1 9.90571E-2 9.00148E-2 1.10142E-1 1.08594E-1 9.6709E-2 9.59681E-2 9.97662E-2 9.18389E-2 1.0015E-1 1.05648E-1 1.16395E-1 1.28445E-1 9.85718E-2 1.10664E-1 9.38705E-2 8.25027E-2 7.58291E-2 7.41241E-2 7.22362E-2 4.81149E-2 4.84733E-2 5.58721E-2 4.35698E-2 3.65823E-2 2.76741E-2
-9999 -9999 -9999 -9999 -9999 2.85828E-3 5.59329E-3 6.82578E-3 2.07327E-3 6.06967E-3 6.22901E-3 1.8363E-2 2.37871E-2 3.7244E-2 4.32062E-2 7.32338E-2 1.13646E-1 8.31186E-2 8.7565E-2 6.44224E-2 6.08306E-2 7.0512E-2 4.69115E-2 6.46437E-2 8.45864E-2 1.52217E-1 6.31535E-2 5.8919E-2 7.08363E-2 1.01642E-1 1.06437E-1 1.28645E-1 1.24388E-1 1.24687E-1 1.15229E-1 1.14426E-1 9.82792E-2 8.75708E-2 1.02857E-1 9.72581E-2 1.05003E-1 1.04113E-1 1.07699E-1 1.09485E-1 1.1011E-1 9.5536E-2 1.23553E-1 9.91826E-2 1.06035E-1 1.17987E-1 9.74173E-2 8.57411E-2 7.80489E-2 7.22328E-2 7.17759E-2 4.91326E-2 6.12711E-2 5.26232E-2 5.62689E-2 2.66017E-2 3.20784E-2
-9999 -9999 -9999 -9999 -9999 9.88291E-3 1.53386E-3 5.86394E-3 3.76612E-3 1.40352E-2 1.22836E-2 2.34076E-3 6.06728E-3 1.55716E-2 4.9679E-2 7.27586E-2 8.51175E-2 8.73779E-2 8.64538E-2 7.74668E-2 8.55999E-2 4.59782E-2 6.79996E-2 6.15487E-2 1.02331E-1 1.45927E-1 7.21625E-2 7.03472E-2 8.08904E-2 1.05605E-1 1.06212E-1 1.26235E-1 1.32477E-1 1.16169E-1 1.0299E-1 1.15469E-1 1.21684E-1 1.09861E-1 1.14658E-1 1.12981E-1 1.05908E-1 1.1092E-1 1.11914E-1 1.2844E-1 1.23232E-1 1.19309E-1 1.11924E-1 1.06405E-1 9.83178E-2 1.1893E-1 1.05197E-1 8.92595E-2 8.92098E-2 6.05951E-2 7.85988E-2 7.47658E-2 4.83819E-2 5.32584E-2 4.40509E-2 4.42189E-2 3.91348E-2
-9999 -9999 -9999 -9999 -9999 1.07128E-2 5.76845E-3 1.3946E-3 2.5074E-3 8.54916E-4 1.0791E-2 3.87766E-3 3.5976E-3 6.30088E-3 5.21706E-2 5.60652E-2 5.87938E-2 6.02044E-2 8.18778E-2 9.24812E-2 6.20692E-2 6.65044E-2 6.48528E-2 5.90306E-2 8.2555E-2 1.14666E-1 5.76261E-2 9.99644E-2 1.0628E-1 9.00678E-2 1.10601E-1 1.17627E-1 1.38492E-1 1.32375E-1 1.30882E-1 1.34631E-1 1.27125E-1 1.36419E-1 1.46963E-1 1.4227E-1 1.30705E-1 1.18786E-1 1.30344E-1 1.1041E-1 1.30448E-1 1.43687E-1 1.07779E-1 1.01759E-1 9.74215E-2 1.14206E-1 1.14627E-1 9.92355E-2 1.00697E-1 5.65026E-2 8.08203E-2 6.07341E-2 6.25986E-2 5.40685E-2 4.70596E-2 5.0085E-2 4.28956E-2
-9999 -9999 -9999 -9999 -9999 6.39019E-3 1.63309E-3 3.29919E-3 4.15988E-3 7.43233E-4 2.1789E-3 3.94051E-3 1.25628E-2 1.72897E-2 3.53349E-2 4.38369E-2 4.19846E-2 4.1354E-2 6.22386E-2 7.33591E-2 8.1378E-2 1.12249E-1 9.71065E-2 6.25737E-2 5.29552E-2 1.63854E-1 7.325E-2 7.80317E-2 1.09987E-1 8.74227E-2 1.20283E-1 1.31771E-1 1.43153E-1 1.50789E-1 1.51609E-1 1.34765E-1 1.5704E-1 1.42615E-1 1.49249E-1 1.61891E-1 2.11278E-1 1.70753E-1 1.1608E-1 8.01132E-2 1.3705E-1 1.21715E-1 1.24668E-1 1.16256E-1 1.04117E-1 1.36726E-1 1.05661E-1 1.06696E-1 1.31745E-1 1.09021E-1 6.1843E-2 -9999 5.33761E-2 4.15488E-2 4.78962E-2 5.75796E-2 4.74228E-2
