Candidate_Models_Sept202022/M_0.9_F_lqp_Set_1_cal/Bison.asc
ncols         97
nrows         127
xllcorner     -2197417.7431653
yllcorner     -584827.01486885
cellsize      30000.0
NODATA_value  -9999
[rows 0 to 26 of 127, columns 0 to 60 of 97]
-9999 -9999 -9999 -9999 -9999 -9999 -9999 -9999 -9999 -9999 -9999 -9999 -9999 -9999 -9999 -9999 -9999 -9999 -9999 -9999 -9999 -9999 -9999 -9999 -9999 -9999 -9999 -9999 -9999 -9999 -9999 -9999 -9999 -9999 -9999 -9999 -9999 -9999 -9999 -9999 -9999 -9999 -9999 -9999 -9999 -9999 -9999 -9999 -9999 -9999 -9999 -9999 -9999 -9999 -9999 -9999 -9999 -9999 -9999 -9999 -9999
-9999 -9999 -9999 -9999 -9999 -9999 -9999 -9999 -9999 -9999 -9999 -9999 -9999 -9999 -9999 -9999 -9999 -9999 -9999 -9999 -9999 -9999 -9999 -9999 -9999 -9999 -9999 -9999 -9999 -9999 -9999 -9999 -9999 -9999 -9999 -9999 -9999 -9999 -9999 -9999 -9999 -9999 -9999 -9999 -9999 -9999 -9999 -9999 -9999 -9999 -9999 -9999 -9999 -9999 -9999 -9999 -9999 -9999 -9999 -9999 -9999
-9999 -9999 -9999 -9999 -9999 -9999 -9999 -9999 -9999 -9999 -9999 -9999 -9999 -9999 -9999 -9999 -9999 -9999 -9999 -9999 -9999 -9999 -9999 -9999 -9999 -9999 -9999 -9999 -9999 -9999 -9999 -9999 -9999 -9999 -9999 -9999 -9999 -9999 -9999 -9999 -9999 -9999 -9999 -9999 -9999 -9999 -9999 -9999 -9999 -9999 -9999 -9999 -9999 -9999 -9999 -9999 -9999 -9999 -9999 -9999 -9999
-9999 -9999 -9999 -9999 -9999 -9999 -9999 -9999 -9999 -9999 -9999 -9999 -9999 -9999 -9999 -9999 -9999 -9999 -9999 3.25021E-2 3.92225E-2 2.46687E-2 2.93643E-2 -9999 -9999 -9999 -9999 -9999 -9999 -9999 -9999 -9999 -9999 -9999 -9999 -9999 -9999 -9999 -9999 -9999 -9999 -9999 -9999 -9999 -9999 -9999 -9999 -9999 -9999 -9999 -9999 -9999 -9999 -9999 -9999 -9999 -9999 -9999 -9999 -9999 -9999
-9999 -9999 -9999 -9999 -9999 -9999 -9999 -9999 -9999 -9999 -9999 -9999 -9999 -9999 -9999 -9999 -9999 -9999 3.2837E-2 2.77726E-2 2.77968E-2 3.05111E-2 3.10359E-2 2.30832E-2 1.76538E-2 -9999 -9999 -9999 -9999 -9999 -9999 -9999 -9999 -9999 -9999 -9999 -9999 -9999 -9999 -9999 -9999 -9999 -9999 -9999 -9999 -9999 -9999 -9999 -9999 -9999 -9999 -9999 -9999 -9999 -9999 -9999 -9999 -9999 -9999 -9999 -9999
-9999 -9999 -9999 -9999 -9999 -9999 -9999 -9999 -9999 -9999 -9999 -9999 -9999 -9999 -9999 -9999 -9999 -9999 2.20892E-2 1.94529E-2 2.12551E-2 2.46807E-2 2.26979E-2 1.64954E-2 1.55716E-2 -9999 -9999 -9999 -9999 -9999 -9999 -9999 -9999 -9999 -9999 -9999 -9999 -9999 -9999 -9999 -9999 -9999 -9999 -9999 -9999 -9999 -9999 -9999 -9999 -9999 -9999 -9999 -9999 -9999 -9999 -9999 -9999 -9999 -9999 -9999 -9999
-9999 -9999 -9999 -9999 -9999 -9999 -9999 -9999 -9999 -9999 -9999 -9999 -9999 -9999 -9999 -9999 -9999 1.87039E-2 1.86734E-2 8.25237E-3 9.27943E-3 1.32778E-2 1.7626E-2 1.56052E-2 1.48066E-2 1.46454E-2 -9999 1.71692E-2 1.54942E-2 1.67914E-2 -9999 -9999 -9999 -9999 -9999 -9999 -9999 -9999 1.32034E-2 -9999 -9999 -9999 -9999 -9999 -9999 -9999 -9999 -9999 -9999 -9999 -9999 -9999 -9999 -9999 -9999 -9999 -9999 -9999 -9999 -9999 -9999
-9999 -9999 -9999 -9999 -9999 -9999 -9999 -9999 -9999 -9999 -9999 -9999 -9999 -9999 -9999 -9999 4.65942E-2 2.92665E-2 8.55817E-3 5.08917E-3 5.55129E-3 7.19797E-3 1.20155E-2 1.41258E-2 1.48937E-2 1.44967E-2 1.50228E-2 1.5023E-2 1.39144E-2 1.41189E-2 1.47548E-2 1.42733E-2 1.36721E-2 1.31174E-2 1.37577E-2 1.4669E-2 1.55151E-2 -9999 1.21013E-2 1.12758E-2 -9999 -9999 -9999 -9999 -9999 -9999 -9999 -9999 -9999 -9999 -9999 -9999 -9999 -9999 -9999 -9999 -9999 -9999 -9999 -9999 -9999
-9999 -9999 -9999 -9999 -9999 -9999 -9999 -9999 -9999 -9999 -9999 -9999 -9999 -9999 -9999 2.05573E-2 2.51139E-2 1.5856E-2 6.74429E-3 4.32778E-3 3.93835E-3 5.34962E-3 1.02005E-2 1.48545E-2 1.53012E-2 1.34562E-2 2.01354E-2 2.03397E-2 1.27316E-2 1.17452E-2 1.25243E-2 1.27241E-2 1.25497E-2 1.21699E-2 1.36099E-2 1.77246E-2 1.65123E-2 1.64385E-2 1.25371E-2 1.22841E-2 -9999 -9999 -9999 -9999 -9999 -9999 -9999 -9999 -9999 -9999 -9999 -9999 -9999 -9999 -9999 -9999 -9999 -9999 -9999 -9999 -9999
-9999 -9999 -9999 -9999 -9999 -9999 -9999 -9999 -9999 -9999 -9999 -9999 -9999 -9999 -9999 3.10127E-2 2.56973E-2 1.34183E-2 5.00803E-3 5.13887E-3 6.26181E-3 8.59152E-3 1.24993E-2 1.59297E-2 1.6613E-2 1.21959E-2 1.76832E-2 1.75404E-2 1.11239E-2 1.12709E-2 1.45258E-2 1.39908E-2 1.35973E-2 1.54305E-2 1.59862E-2 2.05273E-2 2.23877E-2 2.00566E-2 1.53394E-2 -9999 -9999 -9999 1.18101E-2 -9999 -9999 -9999 -9999 -9999 -9999 -9999 -9999 -9999 -9999 -9999 -9999 -9999 -9999 -9999 -9999 -9999 -9999
-9999 -9999 -9999 -9999 -9999 -9999 -9999 -9999 -9999 -9999 -9999 -9999 -9999 -9999 2.34325E-2 2.68372E-2 2.57647E-2 1.65505E-2 1.46766E-2 8.9986E-3 8.60569E-3 1.03433E-2 1.6295E-2 1.74724E-2 1.7014E-2 1.46282E-2 1.86488E-2 1.51991E-2 1.41844E-2 1.18459E-2 1.68102E-2 1.42176E-2 1.27117E-2 1.76695E-2 2.37088E-2 2.44672E-2 2.48167E-2 1.93798E-2 1.39205E-2 -9999 -9999 1.25031E-2 -9999 -9999 -9999 -9999 -9999 -9999 -9999 -9999 -9999 -9999 -9999 -9999 -9999 -9999 -9999 -9999 -9999 -9999 -9999
-9999 -9999 -9999 -9999 -9999 -9999 -9999 -9999 -9999 -9999 -9999 -9999 -9999 1.69727E-2 3.03104E-2 2.7324E-2 2.68016E-2 1.807E-2 1.84425E-2 2.60839E-2 1.35208E-2 1.81539E-2 1.69488E-2 2.10839E-2 1.40084E-2 1.51967E-2 1.68029E-2 1.58376E-2 1.04359E-2 1.04033E-2 1.13794E-2 1.36238E-2 1.41927E-2 1.98274E-2 2.3382E-2 2.40567E-2 2.56613E-2 1.94773E-2 1.41656E-2 1.1897E-2 1.15979E-2 1.21666E-2 -9999 1.55358E-2 1.59918E-2 -9999 -9999 -9999 -9999 -9999 -9999 -9999 -9999 -9999 -9999 -9999 -9999 -9999 -9999 -9999 -9999
-9999 -9999 -9999 -9999 -9999 -9999 -9999 -9999 -9999 -9999 -9999 -9999 -9999 3.00605E-2 2.86748E-2 2.46714E-2 2.25221E-2 1.52624E-2 4.41857E-2 1.40415E-2 1.61436E-2 1.16117E-2 1.80208E-2 1.55198E-2 1.12238E-2 1.38725E-2 1.48677E-2 1.11432E-2 1.11912E-2 1.05975E-2 1.2649E-2 1.35846E-2 1.70544E-2 1.74791E-2 1.99191E-2 2.06715E-2 1.73189E-2 1.66073E-2 1.24243E-2 1.02538E-2 1.06481E-2 1.3611E-2 1.50821E-2 1.67464E-2 1.74071E-2 1.91475E-2 -9999 -9999 -9999 -9999 -9999 -9999 -9999 -9999 -9999 -9999 -9999 -9999 -9999 -9999 -9999
-9999 -9999 -9999 -9999 -9999 -9999 -9999 -9999 -9999 -9999 -9999 -9999 5.45842E-2 6.81397E-2 3.47018E-2 2.79884E-2 2.00546E-2 1.96431E-2 1.54907E-2 1.98023E-2 1.85466E-2 1.54547E-2 1.74158E-2 1.34991E-2 1.04894E-2 8.82185E-3 1.239E-2 8.05802E-3 1.6365E-2 1.75734E-2 1.4835E-2 1.14001E-2 1.08346E-2 1.32785E-2 1.34353E-2 1.59383E-2 1.23911E-2 1.40609E-2 1.37092E-2 1.06137E-2 1.04037E-2 1.12985E-2 1.44374E-2 1.67463E-2 1.79442E-2 1.86574E-2 1.9363E-2 -9999 -9999 -9999 7.84259E-3 6.53088E-3 -9999 -9999 -9999 -9999 -9999 -9999 -9999 -9999 -9999
-9999 -9999 -9999 -9999 -9999 -9999 -9999 -9999 -9999 -9999 -9999 2.45353E-2 2.5224E-2 5.82029E-2 2.72818E-2 1.95035E-2 1.04646E-2 2.40149E-2 2.20936E-2 2.09499E-2 1.64835E-2 2.77562E-2 2.06299E-2 1.35955E-2 6.92643E-3 6.75193E-3 1.4066E-2 1.53781E-2 1.2387E-2 1.15308E-2 1.09688E-2 1.09507E-2 9.13569E-3 9.43564E-3 1.5337E-2 1.8481E-2 1.81784E-2 1.68264E-2 1.52671E-2 1.18424E-2 1.13472E-2 1.20089E-2 1.37663E-2 1.57535E-2 1.65288E-2 1.73721E-2 1.64305E-2 1.41248E-2 -9999 -9999 -9999 7.50326E-3 6.63679E-3 -9999 -9999 -9999 -9999 -9999 -9999 -9999 -9999
-9999 -9999 -9999 -9999 -9999 -9999 -9999 -9999 -9999 -9999 -9999 2.34044E-2 1.79178E-2 1.90429E-2 1.44826E-2 8.77746E-3 6.3879E-3 1.4451E-2 1.1478E-2 2.25472E-2 2.08154E-2 2.35223E-2 1.8199E-2 1.50373E-2 6.08664E-3 7.50608E-3 1.33523E-2 1.96333E-2 2.16941E-2 1.78702E-2 1.0669E-2 9.73924E-3 8.59105E-3 8.95069E-3 1.49922E-2 1.72264E-2 1.60648E-2 1.57075E-2 1.41141E-2 1.21868E-2 1.21804E-2 1.31442E-2 1.41748E-2 1.60854E-2 1.4056E-2 1.51436E-2 1.36192E-2 1.28154E-2 1.28873E-2 -9999 -9999 8.49803E-3 7.93195E-3 7.31873E-3 7.55086E-3 -9999 -9999 -9999 -9999 -9999 -9999
-9999 -9999 -9999 -9999 -9999 -9999 -9999 -9999 -9999 -9999 3.81263E-2 2.7809E-2 3.56565E-2 1.3798E-2 8.05397E-3 6.58241E-3 6.75622E-3 6.56689E-3 9.13897E-3 2.54921E-2 3.96797E-2 2.36689E-2 1.50047E-2 2.08044E-2 7.56407E-3 8.98517E-3 9.06425E-3 1.05843E-2 1.89337E-2 1.05273E-2 1.12007E-2 8.66837E-3 1.33399E-2 1.16914E-2 1.83163E-2 2.14862E-2 2.15638E-2 2.06433E-2 2.09841E-2 1.47304E-2 1.31952E-2 1.37488E-2 1.45038E-2 1.47037E-2 1.32856E-2 1.25482E-2 1.21163E-2 1.27594E-2 1.29222E-2 1.15939E-2 1.05559E-2 1.22109E-2 -9999 -9999 7.87147E-3 7.33175E-3 -9999 -9999 -9999 -9999 -9999
-9999 -9999 -9999 -9999 -9999 -9999 -9999 -9999 -9999 4.90948E-2 5.03961E-2 3.07419E-2 2.32942E-2 1.39136E-2 9.19911E-3 8.33618E-3 6.87935E-3 7.89485E-3 7.62748E-3 1.33753E-2 1.9852E-2 2.2578E-2 2.4457E-2 1.38123E-2 6.94278E-3 8.23845E-3 1.03731E-2 9.27868E-3 1.13023E-2 1.18445E-2 1.76851E-2 1.15806E-2 1.1742E-2 1.68586E-2 1.86651E-2 2.03571E-2 2.13215E-2 2.97912E-2 3.10666E-2 2.65287E-2 1.40749E-2 1.43201E-2 1.4842E-2 1.46291E-2 1.37954E-2 1.21008E-2 1.21016E-2 1.28112E-2 1.25032E-2 1.10426E-2 1.10709E-2 1.16109E-2 1.12891E-2 -9999 7.66809E-3 7.40753E-3 6.70312E-3 5.80987E-3 -9999 -9999 -9999
-9999 -9999 -9999 -9999 -9999 -9999 -9999 -9999 4.46548E-2 4.01468E-2 4.67642E-2 2.24637E-2 1.47834E-2 2.26008E-2 2.60786E-2 1.99481E-2 1.48121E-2 1.23733E-2 1.16996E-2 1.1669E-2 1.40759E-2 1.96948E-2 2.77755E-2 1.42202E-2 9.57506E-3 9.03899E-3 8.99486E-3 8.52606E-3 8.55335E-3 7.50774E-3 1.35305E-2 1.44608E-2 1.65424E-2 2.21787E-2 2.24168E-2 2.02191E-2 2.32591E-2 3.11078E-2 3.39908E-2 4.39037E-2 2.22259E-2 1.63084E-2 1.50052E-2 1.48382E-2 1.33224E-2 1.22704E-2 1.31905E-2 1.37587E-2 1.24544E-2 1.13182E-2 1.12537E-2 1.17493E-2 1.18896E-2 1.18596E-2 8.36649E-3 7.65587E-3 6.3496E-3 5.67909E-3 5.08768E-3 4.62883E-3 4.38524E-3
-9999 -9999 -9999 -9999 -9999 -9999 -9999 -9999 1.81179E-2 1.4875E-2 1.98092E-2 1.93046E-2 1.58502E-2 2.74926E-2 3.69274E-2 4.74418E-2 2.2856E-2 2.1758E-2 2.14887E-2 1.40975E-2 1.43408E-2 1.50718E-2 1.54485E-2 1.93163E-2 1.3123E-2 1.42875E-2 1.07332E-2 8.97895E-3 1.32203E-2 1.31684E-2 1.58489E-2 1.72753E-2 2.00897E-2 2.71648E-2 2.55271E-2 2.36839E-2 2.91031E-2 3.01627E-2 3.41055E-2 3.7416E-2 2.80294E-2 1.69643E-2 1.59063E-2 1.52288E-2 1.46098E-2 1.45021E-2 1.50253E-2 1.50477E-2 1.41859E-2 1.22298E-2 1.1726E-2 1.25199E-2 1.30123E-2 1.24393E-2 -9999 8.52965E-3 7.20787E-3 6.65247E-3 4.84836E-3 4.9002E-3 4.27953E-3
-9999 -9999 -9999 -9999 -9999 -9999 -9999 2.71592E-2 2.63715E-2 3.34175E-2 3.8506E-2 2.03213E-2 2.52544E-2 2.55036E-2 3.52376E-2 4.48526E-2 3.17909E-2 3.59811E-2 3.1852E-2 2.42169E-2 2.01306E-2 2.08452E-2 1.95442E-2 1.88499E-2 1.25757E-2 1.85419E-2 1.95783E-2 1.62076E-2 2.24805E-2 2.04539E-2 2.03206E-2 2.12311E-2 2.53277E-2 3.14318E-2 3.5681E-2 4.76482E-2 2.37478E-2 3.24154E-2 2.78926E-2 4.09813E-2 2.35952E-2 1.79339E-2 1.6888E-2 1.64581E-2 1.69617E-2 1.6413E-2 1.56571E-2 1.48338E-2 1.44191E-2 1.41678E-2 1.32556E-2 1.35553E-2 -9999 -9999 -9999 -9999 -9999 -9999 -9999 -9999 -9999
-9999 -9999 -9999 -9999 -9999 -9999 4.88968E-2 5.59169E-2 3.85643E-2 2.85995E-2 4.90981E-2 6.49618E-2 3.13579E-2 4.68414E-2 3.02453E-2 3.02464E-2 3.9157E-2 5.06342E-2 4.66687E-2 4.29927E-2 3.39596E-2 2.24928E-2 2.01171E-2 3.51644E-2 1.97583E-2 1.94544E-2 2.61809E-2 2.64392E-2 1.94786E-2 1.26542E-2 2.21072E-2 2.81241E-2 2.66477E-2 4.39877E-2 4.07032E-2 2.93948E-2 4.19366E-2 3.10903E-2 4.46496E-2 4.34521E-2 2.0656E-2 2.79671E-2 2.15467E-2 1.99618E-2 1.89411E-2 1.74028E-2 1.65882E-2 1.54564E-2 1.45407E-2 1.38294E-2 1.47049E-2 1.46014E-2 1.24013E-2 1.19631E-2 -9999 -9999 -9999 -9999 -9999 -9999 -9999
-9999 -9999 -9999 -9999 -9999 -9999 4.49167E-2 4.52406E-2 2.79216E-2 2.76023E-2 2.53768E-2 6.07488E-2 4.22793E-2 2.95896E-2 2.82431E-2 4.0311E-2 4.213E-2 5.22632E-2 4.1901E-2 4.48358E-2 3.50356E-2 3.6115E-2 2.81156E-2 2.83235E-2 2.97173E-2 2.78239E-2 2.31231E-2 2.16758E-2 2.15393E-2 1.22961E-2 2.20852E-2 3.03998E-2 3.19383E-2 2.63188E-2 2.79411E-2 3.73561E-2 3.97557E-2 4.42521E-2 3.23571E-2 3.32854E-2 2.56166E-2 3.06776E-2 2.32192E-2 2.41091E-2 2.46595E-2 2.21928E-2 2.13592E-2 1.79279E-2 1.55958E-2 1.39938E-2 1.31928E-2 1.13038E-2 1.01072E-2 9.51601E-3 9.04632E-3 8.53611E-3 7.14472E-3 6.09159E-3 6.21248E-3 6.09643E-3 4.62193E-3
-9999 -9999 -9999 -9999 -9999 3.95548E-2 3.14263E-2 3.08816E-2 2.41248E-2 6.73026E-2 6.59272E-2 4.5388E-2 2.78321E-2 3.2361E-2 2.65185E-2 2.67478E-2 3.23502E-2 5.38114E-2 3.51067E-2 3.81816E-2 4.856E-2 4.44869E-2 3.86482E-2 3.78129E-2 3.7258E-2 3.07857E-2 2.43062E-2 1.55347E-2 1.85914E-2 1.67733E-2 1.19232E-2 3.02982E-2 4.46002E-2 4.76588E-2 4.36253E-2 3.65596E-2 4.38354E-2 -9999 -9999 4.07692E-2 -9999 -9999 -9999 3.76485E-2 2.84206E-2 2.12595E-2 1.87902E-2 1.60906E-2 1.37816E-2 1.40265E-2 1.27587E-2 9.85419E-3 8.95228E-3 8.37036E-3 8.0987E-3 7.62129E-3 5.93858E-3 5.55318E-3 5.24367E-3 5.14981E-3 5.10723E-3
-9999 -9999 -9999 -9999 3.95954E-2 2.65794E-2 2.65905E-2 2.80788E-2 3.27356E-2 4.28304E-2 4.06456E-2 3.75559E-2 4.12066E-2 2.67405E-2 2.7904E-2 3.49251E-2 3.63239E-2 3.94876E-2 3.67383E-2 4.26958E-2 5.93577E-2 4.03747E-2 3.60363E-2 4.57603E-2 3.67418E-2 4.17348E-2 2.5712E-2 2.29873E-2 1.83463E-2 1.28123E-2 2.30065E-2 3.67814E-2 4.96267E-2 4.42097E-2 2.66859E-2 4.0468E-2 4.07143E-2 5.00663E-2 7.16281E-2 4.62644E-2 8.0777E-2 -9999 3.38232E-2 4.13926E-2 2.54488E-2 1.92578E-2 2.0342E-2 2.04679E-2 1.63716E-2 1.76943E-2 1.43435E-2 9.85763E-3 9.50819E-3 8.58152E-3 7.20954E-3 5.7502E-3 4.87657E-3 4.92603E-3 4.28978E-3 4.34918E-3 4.82157E-3
-9999 -9999 -9999 5.11452E-2 7.05562E-2 5.54966E-2 3.45226E-2 3.69544E-2 3.69581E-2 5.72607E-2 4.42182E-2 4.68905E-2 6.46102E-2 3.18584E-2 4.52405E-2 2.80648E-2 3.76297E-2 4.19191E-2 5.08764E-2 5.28109E-2 3.54521E-2 1.98191E-2 3.71579E-2 3.91227E-2 3.07307E-2 2.94486E-2 2.72722E-2 2.45821E-2 2.34569E-2 1.62107E-2 2.02165E-2 4.15752E-2 4.30172E-2 3.01512E-2 2.9805E-2 5.20398E-2 5.07724E-2 4.46284E-2 4.4419E-2 3.44175E-2 6.27827E-2 4.74171E-2 -9999 -9999 2.13809E-2 2.32303E-2 4.12302E-2 3.60715E-2 2.12781E-2 1.58011E-2 1.99241E-2 1.23025E-2 9.55098E-3 8.98731E-3 7.36413E-3 5.52361E-3 5.07146E-3 4.68346E-3 4.48518E-3 4.27192E-3 5.01469E-3
-9999 -9999 -9999 1.57442E-2 5.84791E-2 6.43295E-2 4.59254E-2 6.98472E-2 1.50483E-1 5.72997E-2 5.02108E-2 5.44853E-2 3.28383E-2 3.22195E-2 6.96838E-2 3.3317E-2 4.21656E-2 5.90232E-2 4.72003E-2 3.01853E-2 2.50851E-2 1.86611E-2 1.62577E-2 2.36772E-2 2.47037E-2 3.13978E-2 3.32548E-2 3.35525E-2 2.45722E-2 2.08775E-2 2.26247E-2 2.95073E-2 3.72368E-2 3.09919E-2 3.04684E-2 4.43524E-2 5.26671E-2 6.17084E-2 3.40634E-2 2.28984E-2 -9999 -9999 -9999 -9999 -9999 5.11809E-2 5.42261E-2 3.24897E-2 1.90741E-2 1.60668E-2 1.5928E-2 2.30491E-2 9.57904E-3 9.18494E-3 6.32778E-3 4.90316E-3 5.18323E-3 5.35567E-3 5.96367E-3 6.38816E-3 7.75087E-3
