Candidate_Models_Sept202022/M_0.9_F_lqp_Set_1_cal/Bison.asc
ncols         97
nrows         127
xllcorner     -2197417.7431653
yllcorner     -584827.01486885
cellsize      30000.0
NODATA_value  -9999
[rows 81 to 107 of 127, columns 0 to 60 of 97]
-9999 -9999 -9999 -9999 -9999 -9999 -9999 -9999 -9999 -9999 -9999 2.98033E-3 6.74409E-4 1.76394E-3 1.7515E-2 7.60552E-3 4.47565E-3 1.27013E-3 2.55375E-3 1.87802E-2 1.17487E-2 5.92371E-2 3.5676E-2 7.16162E-2 1.81108E-1 2.86574E-1 1.23284E-1 1.05056E-1 1.53324E-1 2.50193E-2 2.12322E-2 1.06441E-2 2.47228E-2 7.18445E-2 6.90397E-2 8.56352E-2 6.3546E-2 3.23865E-1 5.55527E-1 7.91448E-1 9.04029E-1 7.42667E-1 7.06354E-1 8.03265E-1 7.18799E-1 5.33088E-1 4.87633E-1 4.86812E-1 4.97123E-1 5.4853E-1 5.83687E-1 6.7133E-1 6.98607E-1 6.69637E-1 6.68838E-1 5.14685E-1 5.89424E-1 6.01554E-1 5.60494E-1 5.13669E-1 5.16278E-1
-9999 -9999 -9999 -9999 -9999 -9999 -9999 -9999 -9999 -9999 -9999 -9999 1.76206E-3 9.08735E-4 5.21399E-3 1.40184E-2 7.10849E-3 1.22243E-2 3.68772E-3 2.55685E-3 3.85125E-3 9.3639E-3 1.03216E-2 3.95145E-2 2.5521E-1 2.75503E-1 9.69235E-2 1.07534E-1 2.15587E-1 3.27503E-2 1.53603E-2 1.40045E-2 1.57791E-2 3.88196E-2 1.05327E-1 1.18826E-1 8.75631E-2 1.29371E-1 2.93367E-1 7.08958E-1 8.95246E-1 7.56344E-1 7.11231E-1 7.53955E-1 6.81602E-1 5.22011E-1 4.57397E-1 5.19482E-1 5.46851E-1 6.42467E-1 6.49324E-1 6.71451E-1 7.11393E-1 6.65095E-1 6.26166E-1 6.3055E-1 5.89607E-1 5.32956E-1 5.22359E-1 4.82924E-1 5.61108E-1
-9999 -9999 -9999 -9999 -9999 -9999 -9999 -9999 -9999 -9999 -9999 -9999 -9999 2.39659E-3 7.00324E-4 3.69949E-3 7.37906E-3 1.90232E-2 2.4667E-1 7.53237E-3 3.45207E-3 6.56714E-3 4.43266E-3 2.73929E-2 9.44754E-2 8.06686E-2 5.78529E-2 1.49006E-1 5.32771E-2 3.51404E-2 1.48376E-2 1.3167E-2 1.07667E-2 2.0486E-2 7.30421E-2 2.26698E-1 9.14598E-2 9.58799E-2 1.66261E-1 6.69023E-1 8.05613E-1 8.00621E-1 7.28618E-1 6.74556E-1 6.1598E-1 4.97237E-1 5.09976E-1 5.42318E-1 5.68325E-1 6.08324E-1 6.29963E-1 6.39365E-1 7.21834E-1 6.88629E-1 6.46109E-1 6.2103E-1 6.60072E-1 6.0495E-1 4.93167E-1 5.11624E-1 5.25854E-1
-9999 -9999 -9999 -9999 -9999 -9999 -9999 -9999 -9999 -9999 -9999 -9999 -9999 2.78748E-3 1.34477E-3 3.69274E-3 1.2051E-2 -9999 7.50905E-2 1.48559E-1 1.28678E-1 3.60246E-2 9.14983E-3 1.78052E-2 1.31593E-1 8.47041E-2 1.20193E-1 1.01437E-1 5.19136E-2 3.5016E-2 2.49802E-2 1.50776E-2 1.18679E-2 2.26168E-2 5.52931E-2 1.05113E-1 7.65744E-2 1.00683E-1 1.33843E-1 5.39773E-1 6.56552E-1 7.1901E-1 7.28239E-1 5.42765E-1 5.91604E-1 6.73943E-1 6.22363E-1 6.33546E-1 5.4866E-1 5.9955E-1 6.12708E-1 5.92115E-1 6.24313E-1 6.01551E-1 6.02784E-1 4.7419E-1 6.07307E-1 6.57482E-1 5.67531E-1 5.53623E-1 6.23055E-1
-9999 -9999 -9999 -9999 -9999 -9999 -9999 -9999 -9999 -9999 -9999 -9999 -9999 5.83792E-3 2.69759E-3 2.49448E-3 1.15182E-2 -9999 8.52643E-2 3.2695E-1 7.55034E-2 9.90725E-3 4.11809E-3 2.0155E-2 5.70779E-2 7.39023E-2 1.51228E-1 5.63019E-2 4.68874E-2 2.62128E-2 1.87904E-2 1.05541E-2 2.17756E-2 3.07429E-2 4.888E-2 9.69959E-2 1.072E-1 1.25572E-1 2.30692E-1 2.87253E-1 5.37719E-1 6.34813E-1 7.03171E-1 6.06229E-1 5.46231E-1 6.6575E-1 5.30977E-1 5.05008E-1 5.51531E-1 6.46062E-1 6.15268E-1 4.95933E-1 5.94552E-1 6.97451E-1 6.42227E-1 6.12686E-1 6.93381E-1 5.32662E-1 5.32059E-1 5.24212E-1 5.09283E-1
-9999 -9999 -9999 -9999 -9999 -9999 -9999 -9999 -9999 -9999 -9999 -9999 -9999 3.05634E-3 4.82829E-3 4.76949E-3 8.17927E-3 -9999 6.15681E-3 5.7476E-2 1.08261E-2 5.72272E-3 8.53473E-3 1.60463E-2 6.26225E-2 1.37935E-1 2.29937E-1 6.19574E-2 3.91804E-2 2.18119E-2 3.3077E-2 2.91648E-2 2.99632E-2 2.49271E-2 3.47578E-2 1.91454E-1 5.12789E-2 1.22352E-1 1.4099E-1 4.01561E-1 4.6284E-1 6.18404E-1 6.62995E-1 6.38876E-1 6.29904E-1 5.61734E-1 4.75132E-1 5.13166E-1 5.67837E-1 6.52837E-1 5.71825E-1 4.36925E-1 5.23508E-1 6.9045E-1 6.64255E-1 6.46478E-1 6.47758E-1 4.6855E-1 4.90045E-1 5.17073E-1 6.20761E-1
-9999 -9999 -9999 -9999 -9999 -9999 -9999 -9999 -9999 -9999 -9999 -9999 -9999 4.63722E-3 1.92012E-3 2.40983E-3 5.32337E-2 -9999 4.35179E-2 6.01121E-2 8.14776E-3 3.79382E-3 3.01991E-2 7.23961E-2 8.52406E-2 1.82836E-1 4.56911E-1 2.05136E-1 1.30271E-1 2.79757E-2 5.76926E-2 1.38841E-2 6.86872E-3 3.2788E-2 7.68944E-2 1.19807E-1 9.9619E-2 8.65538E-2 4.87566E-1 4.97643E-1 3.76532E-1 5.66286E-1 7.63738E-1 6.45528E-1 5.89923E-1 5.79609E-1 6.40476E-1 6.85577E-1 6.00727E-1 5.24529E-1 4.38304E-1 3.9962E-1 5.27267E-1 6.26097E-1 7.14242E-1 6.9498E-1 5.96693E-1 5.10722E-1 5.05369E-1 4.98121E-1 5.68183E-1
-9999 -9999 -9999 -9999 -9999 -9999 -9999 -9999 -9999 -9999 -9999 -9999 -9999 2.45878E-3 1.143E-3 1.59445E-3 3.21943E-3 8.56388E-3 1.07373E-2 9.72268E-2 3.89218E-3 2.49437E-3 3.06712E-2 8.89086E-2 2.25787E-1 4.03337E-1 3.14436E-1 1.26612E-1 6.14126E-2 6.41047E-2 4.53072E-2 1.95335E-2 1.26588E-2 1.50201E-1 4.06024E-2 4.1913E-2 9.70503E-2 4.01801E-2 8.66458E-2 4.40566E-1 4.03974E-1 6.37189E-1 6.23541E-1 6.74274E-1 6.30237E-1 6.2041E-1 5.54487E-1 4.98818E-1 6.57293E-1 6.42942E-1 5.50113E-1 5.3036E-1 7.03667E-1 6.9553E-1 6.99568E-1 6.92593E-1 6.45159E-1 6.09387E-1 6.33922E-1 4.93775E-1 5.19131E-1
-9999 -9999 -9999 -9999 -9999 -9999 -9999 -9999 -9999 -9999 -9999 -9999 -9999 4.04191E-3 1.44601E-3 9.1217E-4 4.25945E-3 5.02454E-3 1.24285E-2 3.83453E-2 1.012E-2 6.43617E-3 1.87169E-2 1.19968E-1 4.2157E-1 3.04723E-1 1.30985E-1 6.72761E-2 4.84504E-2 2.16901E-1 3.38858E-2 3.17417E-2 2.71381E-2 1.7768E-1 2.66955E-2 3.86472E-2 1.26236E-1 2.85129E-2 3.37013E-2 5.77235E-2 4.03084E-1 5.70269E-1 5.56389E-1 6.67998E-1 6.75792E-1 6.2901E-1 6.39712E-1 4.65492E-1 4.06076E-1 5.12549E-1 5.43066E-1 4.82951E-1 6.53074E-1 6.93846E-1 7.11504E-1 6.72582E-1 6.21639E-1 6.59412E-1 6.42836E-1 6.4721E-1 5.42517E-1
-9999 -9999 -9999 -9999 -9999 -9999 -9999 -9999 -9999 -9999 -9999 -9999 -9999 5.21481E-3 3.99966E-3 4.39057E-3 3.68695E-3 4.84975E-3 9.61278E-3 5.92458E-2 3.45074E-3 1.15017E-2 4.88568E-2 4.06022E-1 5.82696E-1 2.78897E-1 2.51089E-1 6.02012E-2 9.27375E-2 1.6252E-1 6.7464E-2 3.89298E-2 7.74217E-2 4.35515E-2 2.53668E-2 3.41937E-2 5.45737E-2 3.08737E-2 7.47366E-2 4.30902E-2 2.67666E-1 3.30939E-1 6.60336E-1 5.56527E-1 6.32552E-1 6.62095E-1 4.83786E-1 5.09073E-1 4.57518E-1 6.34274E-1 5.92298E-1 4.97077E-1 6.4585E-1 5.9912E-1 6.13078E-1 6.17439E-1 6.04066E-1 6.33269E-1 6.61687E-1 6.41536E-1 5.89096E-1
-9999 -9999 -9999 -9999 -9999 -9999 -9999 -9999 -9999 -9999 -9999 -9999 -9999 7.51872E-3 9.90499E-3 9.59362E-3 6.1673E-3 7.27539E-3 6.54139E-2 3.2327E-2 1.12642E-2 2.24485E-2 1.81831E-1 6.04202E-1 4.08687E-1 2.49249E-1 4.22032E-1 3.10678E-1 1.19255E-1 1.03101E-1 1.21346E-1 7.17362E-2 8.88935E-2 4.58977E-2 1.35412E-2 6.75933E-2 7.98952E-2 1.0823E-1 1.69204E-1 4.91816E-2 1.08823E-1 2.86572E-1 5.99777E-1 6.61429E-1 4.43852E-1 4.75827E-1 5.54496E-1 5.21179E-1 5.91666E-1 5.04902E-1 4.46124E-1 4.6664E-1 5.50938E-1 5.76718E-1 5.94239E-1 5.005E-1 4.88267E-1 5.38909E-1 6.08809E-1 5.68954E-1 5.17077E-1
-9999 -9999 -9999 -9999 -9999 -9999 -9999 -9999 -9999 -9999 -9999 -9999 -9999 5.4908E-3 3.96864E-3 2.05121E-2 1.939E-2 2.15562E-2 2.50798E-2 1.13886E-2 3.04429E-2 9.10382E-2 1.73453E-1 2.72472E-1 3.02174E-1 2.32823E-1 3.51416E-1 3.53534E-1 3.89961E-1 3.09554E-1 2.16681E-1 1.38875E-1 3.32368E-2 1.51434E-2 1.43431E-2 4.75571E-2 1.70745E-1 2.98541E-1 5.33384E-1 3.84403E-2 9.35632E-2 4.90817E-1 5.25335E-1 6.20833E-1 4.99087E-1 5.21507E-1 5.55115E-1 5.32969E-1 5.21091E-1 4.97687E-1 4.42009E-1 4.96052E-1 5.74695E-1 5.90983E-1 5.86347E-1 5.59855E-1 4.88068E-1 6.30923E-1 5.69187E-1 5.63561E-1 5.4603E-1
-9999 -9999 -9999 -9999 -9999 -9999 -9999 -9999 -9999 -9999 -9999 -9999 7.01574E-3 4.26772E-3 7.36055E-3 2.69905E-2 2.61938E-2 1.60531E-2 1.6756E-2 5.77969E-3 2.872E-2 3.19603E-1 3.39047E-1 3.4838E-1 1.57284E-1 2.32839E-1 2.97131E-1 3.47307E-1 3.29315E-1 2.5337E-1 4.39038E-1 1.03569E-1 2.22906E-2 1.47724E-2 2.54023E-2 2.75972E-2 1.23433E-1 3.28439E-1 9.50389E-2 3.71545E-2 3.01257E-2 3.47007E-1 5.41095E-1 5.95849E-1 5.38177E-1 5.52157E-1 5.14619E-1 4.7704E-1 4.36829E-1 6.377E-1 4.76953E-1 4.62449E-1 5.06624E-1 5.34689E-1 5.56997E-1 5.39812E-1 5.23127E-1 6.68742E-1 5.63751E-1 5.18552E-1 5.87881E-1
-9999 -9999 -9999 -9999 -9999 -9999 -9999 -9999 -9999 -9999 -9999 -9999 2.1346E-2 9.82213E-3 8.8383E-3 1.87765E-2 1.24998E-2 1.47882E-2 8.26867E-3 1.5005E-2 1.11654E-1 3.84219E-1 1.02075E-1 2.62772E-1 2.31578E-1 2.2054E-1 2.33173E-1 2.67063E-1 2.88577E-1 3.13596E-1 2.95433E-1 1.64332E-1 3.51811E-2 4.37878E-2 1.40705E-2 3.53738E-2 2.80609E-1 5.23281E-1 1.61718E-1 2.66088E-2 4.06179E-2 3.12631E-1 4.18376E-1 4.68954E-1 4.59129E-1 4.95839E-1 4.11689E-1 4.47222E-1 5.26846E-1 6.07392E-1 5.16876E-1 4.28456E-1 4.07862E-1 4.64796E-1 4.987E-1 4.98394E-1 4.87274E-1 5.36837E-1 5.5877E-1 4.99695E-1 5.0732E-1
-9999 -9999 -9999 -9999 -9999 -9999 -9999 -9999 -9999 -9999 -9999 -9999 6.10204E-3 6.2091E-3 9.58984E-3 1.86443E-2 7.78391E-3 9.32096E-3 9.17556E-3 5.55625E-2 1.82592E-1 2.21769E-1 1.77407E-1 6.34492E-2 1.11577E-1 1.91843E-1 2.7673E-1 1.99542E-1 2.42505E-1 2.7049E-1 3.5784E-1 5.88068E-2 2.98022E-2 1.59818E-2 1.46159E-2 2.72732E-2 2.04466E-1 5.04439E-1 1.89176E-1 5.1142E-2 5.17203E-2 4.63201E-1 4.13488E-1 5.01453E-1 4.10859E-1 4.1927E-1 3.94908E-1 3.81781E-1 4.94811E-1 6.83472E-1 5.91593E-1 6.5582E-1 4.94469E-1 4.0621E-1 4.91046E-1 5.85179E-1 6.09293E-1 6.45662E-1 5.13014E-1 4.90729E-1 5.72021E-1
-9999 -9999 -9999 -9999 -9999 -9999 -9999 -9999 -9999 -9999 -9999 -9999 1.8267E-2 6.24447E-3 3.77157E-2 4.3688E-2 3.31696E-2 4.06557E-3 2.42972E-2 3.9233E-2 8.40155E-2 1.3418E-1 1.75553E-1 1.67839E-1 1.11768E-1 1.29147E-1 1.87665E-1 1.93707E-1 3.25459E-1 4.89317E-1 3.58968E-1 1.27616E-1 3.52004E-2 1.83385E-2 1.38042E-2 1.54694E-2 7.42411E-2 3.08424E-1 6.5366E-2 1.07189E-1 7.5889E-2 3.88644E-1 4.3383E-1 4.97722E-1 4.61767E-1 4.75686E-1 5.37964E-1 3.93574E-1 4.48776E-1 6.09203E-1 6.03537E-1 5.56231E-1 6.04209E-1 4.82801E-1 6.86696E-1 6.21448E-1 6.95769E-1 5.75685E-1 4.5421E-1 4.72915E-1 4.70901E-1
-9999 -9999 -9999 -9999 -9999 -9999 -9999 -9999 -9999 -9999 -9999 7.69481E-3 7.0842E-3 4.15574E-2 4.57471E-2 1.90267E-2 2.89966E-2 1.1751E-2 6.53141E-2 3.16157E-1 1.85643E-1 1.16967E-1 1.88256E-1 1.79718E-1 8.15959E-2 1.24941E-1 1.71654E-1 4.08593E-1 3.92865E-1 4.95974E-1 5.66071E-1 4.32904E-1 3.29092E-2 4.34254E-2 1.70551E-2 2.39485E-2 5.807E-2 5.60526E-1 3.02845E-1 2.04492E-1 4.14647E-1 1.95832E-1 6.48656E-1 5.54054E-1 5.72001E-1 6.69159E-1 5.24815E-1 3.03469E-1 4.11461E-1 5.04637E-1 4.72018E-1 3.89133E-1 5.59792E-1 6.58028E-1 5.03689E-1 4.58722E-1 4.43745E-1 4.77129E-1 4.75345E-1 5.07917E-1 4.61002E-1
-9999 -9999 -9999 -9999 -9999 -9999 -9999 -9999 -9999 -9999 -9999 4.73976E-3 2.1747E-2 6.9202E-2 4.67081E-2 5.67342E-2 2.16156E-2 1.6656E-2 1.57726E-1 2.79928E-1 2.40867E-1 7.15613E-2 7.915E-2 9.55122E-2 1.64258E-1 2.02927E-1 2.54412E-1 4.94255E-2 3.4386E-2 6.58619E-1 5.31653E-1 6.15602E-1 2.55813E-1 3.26839E-2 2.65577E-2 2.17234E-2 4.90115E-2 6.46611E-1 8.83161E-2 5.33924E-1 4.27604E-1 3.13503E-1 7.05144E-1 5.07558E-1 5.67084E-1 1.773E-1 1.2557E-1 5.00188E-1 3.94838E-1 6.20289E-1 4.97529E-1 3.55924E-1 5.13407E-1 5.66939E-1 3.67904E-1 3.94314E-1 3.81826E-1 4.01919E-1 4.47912E-1 4.6665E-1 4.78194E-1
-9999 -9999 -9999 -9999 -9999 -9999 -9999 -9999 -9999 -9999 3.73679E-3 2.84495E-3 2.61071E-2 7.38439E-2 1.65998E-1 8.96368E-3 7.16998E-3 2.75772E-2 1.22148E-1 8.77845E-2 1.07556E-1 1.86687E-1 1.99523E-1 1.71249E-1 1.88429E-1 3.76751E-1 1.76245E-1 4.08618E-2 9.85906E-2 2.3757E-1 2.34748E-1 6.81911E-1 4.00354E-1 1.73665E-2 3.57259E-2 3.31737E-2 1.85926E-1 6.66209E-1 1.63545E-1 3.81264E-1 7.16349E-1 3.87322E-1 6.48362E-1 6.74367E-1 5.09545E-1 6.10624E-1 2.96766E-1 5.24467E-1 5.2816E-1 2.90671E-1 5.0831E-1 3.24575E-1 3.17599E-1 3.48129E-1 3.68401E-1 3.79654E-1 3.73624E-1 4.27617E-1 4.06001E-1 4.05949E-1 4.17623E-1
-9999 -9999 -9999 -9999 -9999 -9999 -9999 -9999 -9999 -9999 1.89116E-3 1.50449E-3 4.86233E-2 6.91755E-2 3.21717E-2 7.10861E-3 9.55247E-3 4.62603E-2 4.49508E-2 5.98796E-2 5.56944E-2 1.32128E-1 1.54353E-1 1.76012E-1 1.7731E-1 1.64868E-1 2.46329E-1 2.22805E-1 3.38366E-1 3.55828E-1 1.53999E-1 1.64949E-1 4.92593E-2 4.50228E-2 3.43436E-2 3.22564E-2 2.32294E-1 3.6657E-1 2.04402E-1 4.69611E-1 7.62361E-1 1.58896E-1 3.3624E-1 6.26832E-1 5.35533E-1 4.5305E-1 4.87523E-1 3.45447E-1 3.05049E-1 3.79261E-1 2.9759E-1 3.52398E-1 3.23503E-1 3.34733E-1 4.07645E-1 4.71032E-1 4.11473E-1 4.06224E-1 4.37268E-1 4.4682E-1 4.4969E-1
-9999 -9999 -9999 -9999 -9999 -9999 -9999 -9999 -9999 -9999 1.38518E-3 1.66516E-3 4.57167E-2 4.26463E-2 7.07468E-3 8.04091E-3 1.65111E-2 4.88531E-2 1.14917E-1 6.48822E-2 4.36101E-2 5.2887E-2 6.4134E-2 7.59463E-2 1.51296E-1 1.05427E-1 3.79206E-1 9.78072E-2 3.27599E-1 3.32331E-1 9.46343E-2 5.12283E-2 4.96707E-2 6.63785E-2 6.05601E-2 7.81798E-2 1.98751E-1 2.41842E-1 4.04743E-1 3.17497E-1 6.25077E-1 4.80645E-1 6.32167E-1 5.74013E-1 6.11052E-1 5.81517E-1 2.44848E-1 3.63587E-1 3.46215E-1 3.41575E-1 4.51151E-1 5.02802E-1 4.92967E-1 3.54591E-1 3.97892E-1 3.28343E-1 3.28677E-1 3.58319E-1 4.84258E-1 4.3608E-1 3.71987E-1
-9999 -9999 -9999 -9999 -9999 -9999 -9999 -9999 -9999 1.66405E-3 1.10365E-3 2.29343E-3 6.38533E-2 1.33543E-2 2.7613E-3 4.50301E-3 3.65998E-2 1.18665E-1 1.44517E-1 4.4055E-2 5.41293E-2 6.43171E-2 7.40588E-2 9.43531E-2 7.00058E-2 6.68589E-2 4.93096E-1 1.28558E-1 1.04963E-1 6.3803E-2 7.51669E-2 1.24805E-1 1.47355E-1 1.60766E-1 1.46243E-1 1.64642E-1 1.82804E-1 2.33878E-1 6.33794E-1 2.42939E-1 6.93245E-1 6.37044E-1 7.21295E-1 4.42401E-1 6.10136E-1 4.60114E-1 5.31711E-1 4.62449E-1 4.24602E-1 3.23306E-1 3.14939E-1 3.64344E-1 3.63341E-1 4.74551E-1 5.46885E-1 5.28909E-1 4.47367E-1 4.39393E-1 3.69813E-1 4.37125E-1 4.38672E-1
-9999 -9999 -9999 -9999 -9999 -9999 -9999 -9999 -9999 2.23119E-3 1.39149E-3 2.56142E-3 9.25669E-3 3.15655E-3 2.46316E-3 7.81127E-3 4.68734E-2 9.48492E-2 1.15137E-1 7.52347E-2 1.45958E-1 7.59899E-2 6.97155E-2 9.38933E-2 8.49513E-2 1.29617E-1 3.8142E-1 3.07191E-1 2.42847E-1 1.57254E-1 1.7217E-1 2.35801E-1 1.13897E-1 1.89803E-1 4.11154E-1 5.03604E-1 2.78875E-1 5.92493E-1 5.75738E-1 5.98824E-1 7.49984E-1 7.76997E-1 4.887E-1 5.63149E-1 6.82647E-1 6.57146E-1 6.39767E-1 3.99965E-1 5.35607E-1 5.31595E-1 5.27246E-1 5.35723E-1 3.79962E-1 4.8914E-1 5.08709E-1 5.87005E-1 4.98965E-1 4.3436E-1 4.55733E-1 3.53011E-1 3.17032E-1
-9999 -9999 -9999 -9999 -9999 -9999 -9999 -9999 2.58113E-3 1.54936E-3 3.62465E-3 2.75867E-2 2.50277E-3 3.16234E-3 6.09882E-3 4.17138E-2 5.9631E-2 8.17281E-2 9.23257E-2 9.3647E-2 1.36775E-1 1.37807E-1 1.06423E-1 1.38566E-1 1.08111E-1 3.00727E-1 2.38876E-1 3.47871E-1 2.14947E-1 3.16803E-1 2.66289E-1 2.60811E-1 1.14124E-1 2.47599E-1 3.9322E-1 2.54365E-1 2.99147E-1 6.55555E-1 6.01208E-1 8.23225E-1 7.81173E-1 6.97625E-1 5.56473E-1 3.57481E-1 1.73248E-1 4.93351E-1 1.37755E-1 3.37324E-1 4.44711E-1 5.73459E-1 4.54819E-1 4.37457E-1 2.95991E-1 3.61028E-1 3.77687E-1 6.19314E-1 6.03751E-1 5.9487E-1 4.6696E-1 3.49217E-1 3.69791E-1
-9999 -9999 -9999 -9999 -9999 -9999 -9999 3.9222E-3 2.86255E-3 1.62941E-3 1.37732E-2 2.73438E-2 2.54883E-3 3.60403E-3 1.46641E-2 8.22107E-2 9.55825E-2 1.06671E-1 1.35429E-1 1.40333E-1 1.56872E-1 1.32914E-1 1.28274E-1 1.51192E-1 1.23921E-1 1.88434E-1 1.84085E-1 4.10097E-1 4.60702E-1 4.30142E-1 2.39933E-1 2.11868E-1 1.61475E-1 1.86779E-1 2.87111E-1 3.4936E-1 7.35258E-1 6.99242E-1 7.31798E-1 8.19049E-1 7.58716E-1 6.79552E-1 4.25394E-1 3.19724E-1 1.95689E-1 4.0795E-1 3.51831E-1 2.06314E-1 5.10393E-1 6.72153E-1 5.39764E-1 5.72857E-1 7.36567E-1 4.34788E-1 6.12284E-1 6.03109E-1 6.37748E-1 6.11959E-1 5.95925E-1 4.00914E-1 3.84233E-1
-9999 -9999 -9999 -9999 -9999 -9999 -9999 6.84044E-4 4.95841E-4 7.80097E-4 4.97543E-3 4.88481E-3 2.36195E-3 9.59748E-3 6.51603E-2 9.55489E-2 9.97309E-2 2.26715E-1 1.42189E-1 1.2225E-1 1.39594E-1 1.97946E-1 2.63068E-1 2.07606E-1 1.87193E-1 1.39785E-1 2.14396E-1 3.98653E-1 2.65605E-1 4.75542E-1 2.17325E-1 1.14955E-1 1.73498E-1 3.62674E-1 3.10539E-1 6.26849E-1 6.46755E-1 7.58733E-1 7.91748E-1 8.1801E-1 8.02594E-1 6.13272E-1 4.90309E-1 3.58143E-1 3.09632E-1 2.65599E-1 3.48312E-1 3.08074E-1 5.46201E-1 3.53627E-1 4.28609E-1 4.25638E-1 5.16887E-1 6.6965E-1 5.11149E-1 6.60213E-1 5.40197E-1 5.98892E-1 6.10908E-1 4.31336E-1 3.94892E-1
-9999 -9999 -9999 -9999 -9999 -9999 -9999 1.25098E-3 9.51341E-4 1.12732E-3 7.12568E-3 7.50444E-3 7.28987E-3 1.14191E-2 9.97987E-2 9.26211E-2 1.18513E-1 2.22246E-1 1.34709E-1 1.1568E-1 1.40037E-1 1.49015E-1 3.59323E-1 2.41333E-1 1.37539E-1 1.24578E-1 1.19311E-1 4.18994E-1 1.98685E-1 3.15963E-1 3.8545E-1 1.43062E-1 4.43077E-1 5.46407E-1 4.98523E-1 5.83682E-1 7.47149E-1 6.93806E-1 7.63181E-1 6.57628E-1 5.64247E-1 5.01606E-1 4.05505E-1 2.34504E-1 2.03165E-1 2.86511E-1 2.85701E-1 1.73456E-1 4.62434E-1 6.8701E-1 5.96009E-1 5.34456E-1 6.15437E-1 4.01867E-1 6.23393E-1 6.04562E-1 4.63905E-1 6.02581E-1 5.22921E-1 3.95736E-1 4.65132E-1
