Candidate_Models_July82022/M_5_F_lqp_Set_1_cal/Bison.asc
ncols         290
nrows         380
xllcorner     -2197417.7431653
yllcorner     -584827.01486885
cellsize      10000.0
NODATA_value  -9999
[rows 54 to 80 of 380, columns 183 to 243 of 290]
2.30807E-2 2.2228E-2 2.20667E-2 -9999 -9999 -9999 -9999 -9999 -9999 -9999 -9999 -9999 -9999 -9999 -9999 -9999 -9999 -9999 -9999 -9999 -9999 -9999 -9999 -9999 -9999 -9999 -9999 -9999 -9999 -9999 -9999 -9999 -9999 -9999 -9999 -9999 -9999 -9999 -9999 -9999 -9999 -9999 -9999 -9999 -9999 -9999 -9999 -9999 -9999 -9999 -9999 -9999 -9999 -9999 -9999 -9999 -9999 -9999 -9999 -9999 -9999
2.37295E-2 2.3299E-2 -9999 -9999 -9999 -9999 -9999 -9999 -9999 -9999 -9999 -9999 -9999 -9999 -9999 -9999 -9999 -9999 -9999 -9999 -9999 -9999 -9999 -9999 -9999 -9999 -9999 -9999 -9999 -9999 -9999 -9999 -9999 -9999 -9999 -9999 -9999 -9999 -9999 -9999 -9999 -9999 -9999 -9999 -9999 -9999 -9999 -9999 -9999 -9999 -9999 -9999 -9999 -9999 -9999 -9999 -9999 -9999 -9999 -9999 -9999
-9999 -9999 -9999 -9999 -9999 -9999 -9999 -9999 -9999 -9999 1.71561E-2 1.62005E-2 -9999 -9999 -9999 -9999 -9999 -9999 -9999 -9999 -9999 -9999 -9999 -9999 -9999 -9999 -9999 -9999 -9999 -9999 -9999 -9999 -9999 -9999 -9999 -9999 -9999 -9999 -9999 -9999 -9999 -9999 -9999 -9999 -9999 -9999 -9999 -9999 -9999 -9999 -9999 -9999 -9999 -9999 -9999 -9999 -9999 -9999 -9999 -9999 -9999
-9999 -9999 -9999 -9999 -9999 -9999 -9999 -9999 1.81201E-2 1.70661E-2 1.66813E-2 1.64889E-2 1.61437E-2 1.61066E-2 -9999 -9999 -9999 -9999 -9999 -9999 -9999 -9999 -9999 -9999 -9999 -9999 -9999 -9999 -9999 -9999 -9999 -9999 -9999 -9999 -9999 -9999 -9999 -9999 -9999 -9999 -9999 -9999 -9999 -9999 -9999 -9999 -9999 -9999 -9999 -9999 -9999 -9999 -9999 -9999 -9999 -9999 -9999 -9999 -9999 -9999 -9999
-9999 -9999 2.35918E-2 2.16885E-2 2.21178E-2 2.08099E-2 2.01416E-2 1.8501E-2 1.76532E-2 1.68569E-2 1.63423E-2 1.64308E-2 1.6759E-2 1.67915E-2 -9999 -9999 -9999 -9999 -9999 -9999 -9999 -9999 -9999 -9999 -9999 -9999 -9999 -9999 1.81464E-2 -9999 -9999 -9999 -9999 -9999 -9999 -9999 -9999 -9999 -9999 -9999 -9999 -9999 -9999 -9999 -9999 -9999 -9999 -9999 -9999 -9999 -9999 -9999 -9999 -9999 -9999 -9999 -9999 -9999 -9999 -9999 -9999
-9999 -9999 2.21375E-2 2.15807E-2 2.17191E-2 1.99454E-2 1.95767E-2 1.89394E-2 1.72144E-2 1.78144E-2 1.8031E-2 1.6976E-2 -9999 1.71241E-2 -9999 -9999 -9999 -9999 -9999 -9999 -9999 -9999 -9999 -9999 -9999 -9999 -9999 1.79057E-2 1.87023E-2 1.84918E-2 -9999 -9999 -9999 -9999 -9999 -9999 -9999 -9999 -9999 -9999 -9999 -9999 -9999 -9999 -9999 -9999 -9999 -9999 -9999 -9999 -9999 -9999 -9999 -9999 -9999 -9999 -9999 -9999 -9999 -9999 -9999
-9999 2.2976E-2 2.32765E-2 2.23465E-2 2.0814E-2 2.06139E-2 1.97828E-2 1.94254E-2 1.9069E-2 -9999 -9999 -9999 -9999 1.72142E-2 -9999 -9999 1.87742E-2 1.83757E-2 -9999 -9999 -9999 -9999 -9999 -9999 -9999 -9999 -9999 -9999 -9999 -9999 -9999 -9999 -9999 -9999 -9999 -9999 -9999 -9999 -9999 -9999 -9999 -9999 -9999 -9999 -9999 -9999 -9999 -9999 -9999 -9999 -9999 -9999 -9999 -9999 -9999 -9999 -9999 -9999 -9999 -9999 -9999
2.40394E-2 2.24826E-2 2.29962E-2 2.24426E-2 2.05525E-2 2.05088E-2 1.90129E-2 -9999 1.96047E-2 1.21411E-2 -9999 -9999 -9999 1.77565E-2 -9999 -9999 -9999 1.91394E-2 -9999 -9999 -9999 -9999 -9999 -9999 -9999 -9999 -9999 -9999 -9999 -9999 -9999 -9999 -9999 -9999 -9999 -9999 -9999 -9999 -9999 -9999 -9999 -9999 -9999 -9999 -9999 1.27179E-2 1.3528E-2 1.28277E-2 -9999 -9999 -9999 -9999 -9999 -9999 -9999 -9999 -9999 -9999 -9999 -9999 -9999
2.37487E-2 2.24618E-2 2.25768E-2 2.17279E-2 -9999 -9999 1.95341E-2 -9999 -9999 -9999 1.806E-2 1.85646E-2 1.78915E-2 1.86879E-2 -9999 -9999 -9999 -9999 -9999 -9999 -9999 -9999 -9999 -9999 -9999 -9999 -9999 -9999 -9999 -9999 -9999 -9999 -9999 -9999 -9999 -9999 -9999 -9999 -9999 -9999 -9999 -9999 -9999 -9999 -9999 -9999 1.25788E-2 1.33434E-2 7.83747E-3 -9999 -9999 -9999 -9999 -9999 -9999 -9999 -9999 -9999 -9999 -9999 -9999
-9999 -9999 -9999 -9999 -9999 1.92794E-2 -9999 -9999 -9999 -9999 1.91686E-2 1.99209E-2 1.83822E-2 1.97254E-2 1.99032E-2 1.98371E-2 -9999 -9999 -9999 -9999 -9999 -9999 -9999 -9999 -9999 -9999 -9999 -9999 -9999 -9999 -9999 -9999 -9999 -9999 -9999 -9999 -9999 -9999 -9999 -9999 -9999 -9999 -9999 1.28408E-2 1.3431E-2 1.33146E-2 1.32972E-2 1.32092E-2 1.32258E-2 -9999 -9999 -9999 -9999 -9999 -9999 -9999 -9999 -9999 -9999 -9999 -9999
-9999 -9999 -9999 1.7169E-2 -9999 -9999 -9999 1.6363E-2 1.89089E-2 1.92179E-2 2.00737E-2 2.07775E-2 2.06554E-2 2.08364E-2 2.07924E-2 2.04113E-2 2.0381E-2 -9999 -9999 -9999 -9999 -9999 -9999 -9999 -9999 -9999 -9999 -9999 -9999 -9999 -9999 -9999 -9999 -9999 -9999 -9999 -9999 -9999 -9999 -9999 -9999 -9999 -9999 1.3857E-2 1.33315E-2 1.36083E-2 1.32195E-2 1.30253E-2 1.29303E-2 1.29555E-2 1.31695E-2 1.27529E-2 -9999 1.27616E-2 -9999 -9999 -9999 -9999 -9999 -9999 1.21053E-2
-9999 -9999 -9999 2.19777E-2 2.2145E-2 1.84947E-2 1.87647E-2 1.97325E-2 1.94009E-2 2.01883E-2 2.13648E-2 2.09391E-2 2.17132E-2 2.16449E-2 2.18274E-2 2.18239E-2 2.10268E-2 -9999 -9999 -9999 -9999 -9999 -9999 -9999 -9999 -9999 -9999 -9999 -9999 -9999 -9999 -9999 -9999 -9999 -9999 -9999 -9999 -9999 -9999 -9999 -9999 -9999 -9999 -9999 1.39617E-2 1.35051E-2 1.31994E-2 1.28863E-2 1.27847E-2 1.27553E-2 1.29803E-2 -9999 1.28057E-2 1.29384E-2 -9999 -9999 -9999 -9999 -9999 1.19881E-2 1.22085E-2
-9999 -9999 -9999 -9999 2.05369E-2 1.93238E-2 2.04624E-2 2.22601E-2 2.10413E-2 2.20971E-2 2.15546E-2 2.22532E-2 2.29146E-2 2.28144E-2 2.27551E-2 2.26492E-2 2.17802E-2 2.1541E-2 2.0638E-2 2.08534E-2 2.07575E-2 2.0682E-2 -9999 -9999 -9999 -9999 -9999 -9999 -9999 -9999 -9999 -9999 -9999 -9999 -9999 -9999 -9999 -9999 -9999 -9999 -9999 -9999 1.41046E-2 1.41777E-2 1.39944E-2 1.36048E-2 1.32868E-2 1.32857E-2 1.30554E-2 1.31635E-2 1.1841E-2 1.30944E-2 1.2821E-2 -9999 -9999 -9999 1.22955E-2 1.2322E-2 1.21413E-2 1.24996E-2 1.23938E-2
-9999 -9999 2.21948E-2 2.11163E-2 2.37032E-2 2.16701E-2 2.28363E-2 2.32671E-2 2.13425E-2 2.17383E-2 2.21893E-2 2.21457E-2 2.26163E-2 2.28847E-2 2.27039E-2 2.26912E-2 2.21883E-2 2.28921E-2 2.12817E-2 2.07041E-2 2.06748E-2 2.04747E-2 2.02307E-2 -9999 -9999 -9999 -9999 -9999 -9999 -9999 -9999 -9999 -9999 -9999 -9999 -9999 -9999 -9999 -9999 -9999 -9999 -9999 1.48358E-2 1.43929E-2 1.37475E-2 1.38585E-2 -9999 1.33701E-2 1.22555E-2 1.26985E-2 1.25266E-2 1.28183E-2 1.24423E-2 -9999 -9999 -9999 1.25308E-2 1.22957E-2 1.25681E-2 1.18912E-2 1.22371E-2
-9999 -9999 2.22117E-2 2.36678E-2 2.37052E-2 2.417E-2 2.45597E-2 2.38428E-2 2.27596E-2 2.38954E-2 2.34474E-2 2.27635E-2 2.2662E-2 2.31286E-2 2.37841E-2 2.23571E-2 2.34452E-2 2.22331E-2 2.22866E-2 2.13008E-2 2.09905E-2 2.12259E-2 2.115E-2 2.15693E-2 -9999 -9999 -9999 -9999 -9999 -9999 -9999 -9999 -9999 -9999 -9999 -9999 -9999 -9999 -9999 -9999 -9999 -9999 -9999 -9999 1.37071E-2 -9999 -9999 -9999 -9999 1.30679E-2 1.27484E-2 1.24591E-2 1.24013E-2 -9999 -9999 -9999 1.25584E-2 1.21605E-2 1.182E-2 1.20297E-2 1.21554E-2
-9999 -9999 -9999 2.30162E-2 2.36356E-2 2.46601E-2 2.37084E-2 2.33375E-2 2.36812E-2 2.35803E-2 2.44835E-2 2.40174E-2 2.37575E-2 2.38561E-2 2.33991E-2 2.37808E-2 2.29295E-2 2.23276E-2 2.23581E-2 2.08972E-2 2.21088E-2 2.11351E-2 2.19621E-2 2.21058E-2 2.20913E-2 2.18789E-2 -9999 -9999 -9999 -9999 -9999 -9999 -9999 1.79484E-2 1.80377E-2 1.68113E-2 1.68272E-2 1.62947E-2 1.63302E-2 -9999 -9999 -9999 1.53887E-2 1.48041E-2 1.39636E-2 -9999 -9999 -9999 -9999 1.30237E-2 1.23617E-2 1.28013E-2 1.27789E-2 -9999 -9999 8.4713E-3 1.19087E-2 1.12841E-2 1.189E-2 1.18643E-2 1.19761E-2
2.41741E-2 2.09442E-2 -9999 -9999 2.51963E-2 2.408E-2 2.38699E-2 2.38627E-2 2.33413E-2 2.34687E-2 2.40463E-2 2.40829E-2 2.39469E-2 2.37085E-2 2.24577E-2 2.32756E-2 2.32799E-2 2.30208E-2 2.21168E-2 2.16534E-2 2.1553E-2 2.21797E-2 2.22566E-2 2.18645E-2 2.23615E-2 2.26984E-2 2.18696E-2 2.08894E-2 2.05405E-2 2.02914E-2 1.90011E-2 1.84707E-2 1.82656E-2 1.89343E-2 1.8039E-2 1.79288E-2 1.7583E-2 1.72491E-2 1.69427E-2 1.64676E-2 1.57971E-2 1.56783E-2 1.52837E-2 1.46725E-2 1.40902E-2 1.4053E-2 -9999 -9999 -9999 1.31642E-2 1.30381E-2 1.26232E-2 1.27008E-2 -9999 -9999 -9999 1.24749E-2 1.13986E-2 1.15873E-2 1.16057E-2 1.21571E-2
2.41698E-2 -9999 -9999 -9999 2.38353E-2 2.37861E-2 2.31115E-2 2.3422E-2 2.33802E-2 2.30492E-2 2.37077E-2 2.40389E-2 2.40227E-2 2.38222E-2 2.32914E-2 2.31167E-2 2.33683E-2 2.29763E-2 2.19618E-2 2.19445E-2 2.21376E-2 2.18237E-2 2.18058E-2 2.22804E-2 2.28947E-2 2.3E-2 2.28865E-2 2.12696E-2 2.17682E-2 2.0762E-2 1.98506E-2 1.93772E-2 1.91628E-2 1.8942E-2 1.91559E-2 1.90475E-2 1.82285E-2 1.7041E-2 1.66525E-2 1.62451E-2 1.59424E-2 1.54178E-2 1.50712E-2 1.46413E-2 1.44668E-2 1.40015E-2 1.38607E-2 1.36205E-2 1.3039E-2 1.34814E-2 1.31339E-2 1.30955E-2 -9999 -9999 -9999 -9999 -9999 1.20075E-2 1.12283E-2 1.18154E-2 1.25895E-2
2.54663E-2 -9999 -9999 2.41442E-2 2.30998E-2 2.36902E-2 2.24914E-2 2.31562E-2 2.3029E-2 2.29011E-2 2.2879E-2 2.38442E-2 2.33114E-2 2.32919E-2 2.3245E-2 2.30327E-2 2.30295E-2 2.29756E-2 2.22754E-2 2.19186E-2 2.20727E-2 2.25938E-2 2.2442E-2 2.23696E-2 2.24592E-2 2.26399E-2 2.24932E-2 2.22495E-2 2.27792E-2 2.08258E-2 2.0059E-2 1.90864E-2 1.95499E-2 1.93338E-2 1.98072E-2 1.98323E-2 1.86649E-2 1.78086E-2 1.65678E-2 1.61627E-2 1.57314E-2 1.54462E-2 1.49715E-2 1.4599E-2 1.49006E-2 1.4549E-2 1.43712E-2 1.36986E-2 1.3343E-2 1.31629E-2 1.31882E-2 1.31465E-2 -9999 -9999 -9999 -9999 -9999 1.20291E-2 1.26542E-2 1.21547E-2 1.16142E-2
2.41327E-2 2.44439E-2 -9999 -9999 2.25454E-2 2.20104E-2 2.25574E-2 2.31136E-2 2.28214E-2 2.27377E-2 2.27197E-2 2.23669E-2 2.34651E-2 2.35174E-2 2.35489E-2 2.27768E-2 2.28844E-2 2.22634E-2 2.25744E-2 2.21154E-2 2.17286E-2 2.20886E-2 2.24663E-2 2.23175E-2 2.20611E-2 2.18016E-2 2.20028E-2 2.1718E-2 2.26116E-2 2.17294E-2 2.12659E-2 2.02024E-2 1.99142E-2 2.0564E-2 2.07264E-2 2.03436E-2 2.00032E-2 1.85369E-2 1.76623E-2 1.66769E-2 1.56158E-2 1.53749E-2 1.47061E-2 1.46224E-2 1.45253E-2 1.45285E-2 1.41524E-2 1.29229E-2 1.37194E-2 1.30183E-2 1.33872E-2 1.31246E-2 1.29774E-2 1.288E-2 -9999 1.28761E-2 -9999 1.2306E-2 1.30136E-2 1.25196E-2 1.24387E-2
2.54392E-2 2.51515E-2 -9999 2.37299E-2 2.15372E-2 2.22518E-2 2.2511E-2 2.29478E-2 2.29619E-2 2.17429E-2 2.29363E-2 2.23555E-2 2.31898E-2 2.34411E-2 2.28058E-2 2.27219E-2 2.29884E-2 2.27737E-2 2.27545E-2 2.23229E-2 2.15055E-2 2.18086E-2 2.23227E-2 2.23125E-2 2.21079E-2 2.1972E-2 2.19137E-2 2.28087E-2 2.08932E-2 2.12472E-2 2.06807E-2 2.03483E-2 2.10366E-2 2.01681E-2 2.06238E-2 2.01767E-2 1.97021E-2 1.89455E-2 1.7818E-2 1.68424E-2 1.62179E-2 1.57759E-2 1.57941E-2 1.47769E-2 1.47236E-2 1.45338E-2 1.37956E-2 1.34831E-2 1.36885E-2 1.37793E-2 1.29555E-2 1.38188E-2 1.35843E-2 -9999 -9999 1.37877E-2 -9999 -9999 1.35181E-2 1.26472E-2 1.29943E-2
-9999 -9999 -9999 -9999 -9999 2.20131E-2 2.07592E-2 2.32396E-2 2.24854E-2 2.22482E-2 2.23536E-2 2.23214E-2 2.28981E-2 2.26888E-2 2.272E-2 2.24237E-2 2.22216E-2 2.26396E-2 2.28301E-2 2.23144E-2 2.23295E-2 2.26328E-2 2.2125E-2 2.24111E-2 2.28334E-2 2.29442E-2 2.1905E-2 2.17754E-2 2.06266E-2 2.11409E-2 2.14235E-2 2.07528E-2 2.03216E-2 2.09555E-2 2.08614E-2 2.01313E-2 1.96103E-2 1.9074E-2 1.77025E-2 1.74623E-2 1.5994E-2 1.59227E-2 1.55581E-2 1.47695E-2 1.42821E-2 1.40036E-2 1.37757E-2 1.38837E-2 1.34766E-2 1.37406E-2 1.35179E-2 1.35882E-2 1.31737E-2 1.36677E-2 1.31661E-2 -9999 1.38155E-2 1.3792E-2 1.36101E-2 1.27393E-2 1.14976E-2
-9999 -9999 2.31315E-2 -9999 -9999 2.38523E-2 2.11265E-2 2.29521E-2 2.23033E-2 2.22823E-2 2.33646E-2 2.31775E-2 2.28585E-2 2.26673E-2 2.31376E-2 2.28974E-2 2.2677E-2 2.29597E-2 2.23093E-2 2.28812E-2 2.21874E-2 2.2376E-2 2.23016E-2 2.22178E-2 2.28776E-2 2.24557E-2 2.17646E-2 2.23067E-2 2.10267E-2 2.12269E-2 2.08843E-2 2.12972E-2 1.99634E-2 2.03887E-2 2.00923E-2 1.96684E-2 1.96495E-2 1.8004E-2 1.74777E-2 1.73053E-2 1.6279E-2 1.57886E-2 1.58267E-2 1.54014E-2 1.50931E-2 1.40805E-2 1.39249E-2 1.37558E-2 1.35835E-2 1.29773E-2 1.34475E-2 1.34158E-2 1.34545E-2 1.34786E-2 1.3022E-2 1.30561E-2 1.31935E-2 1.39006E-2 1.26176E-2 1.19314E-2 1.20119E-2
2.99932E-2 -9999 1.15835E-2 -9999 2.26571E-2 2.49584E-2 2.13595E-2 2.32975E-2 2.36522E-2 2.31366E-2 2.32357E-2 2.30787E-2 2.2845E-2 2.24037E-2 2.27432E-2 2.22907E-2 2.21323E-2 2.24534E-2 2.22624E-2 2.24679E-2 2.24008E-2 2.21209E-2 2.20096E-2 2.21298E-2 2.28972E-2 2.24732E-2 2.14738E-2 2.11078E-2 2.03185E-2 2.07508E-2 2.02188E-2 2.01211E-2 2.03016E-2 2.05045E-2 2.03148E-2 1.9542E-2 1.88153E-2 1.80144E-2 1.71428E-2 1.74307E-2 1.58954E-2 1.58082E-2 1.53006E-2 1.50487E-2 1.45555E-2 1.43341E-2 1.35623E-2 1.37881E-2 1.35717E-2 1.33564E-2 1.30499E-2 1.30754E-2 1.37753E-2 1.38254E-2 1.33571E-2 1.35987E-2 1.36592E-2 1.34647E-2 1.32638E-2 1.19058E-2 1.18457E-2
2.42611E-2 -9999 2.33651E-2 2.44139E-2 2.65624E-2 2.76982E-2 2.79197E-2 2.24586E-2 2.3465E-2 3.29642E-2 2.33613E-2 2.31957E-2 2.24981E-2 2.27436E-2 2.32093E-2 2.27044E-2 2.268E-2 2.26965E-2 2.27506E-2 2.34927E-2 2.30011E-2 2.29353E-2 2.2543E-2 2.3155E-2 2.32522E-2 2.22091E-2 2.11142E-2 2.15543E-2 2.08028E-2 2.07545E-2 1.98349E-2 2.00334E-2 2.02925E-2 1.97873E-2 1.99169E-2 1.95288E-2 1.83851E-2 1.80407E-2 1.74248E-2 1.63897E-2 1.62241E-2 1.58712E-2 1.53998E-2 1.47629E-2 1.40718E-2 1.44385E-2 1.3733E-2 1.37733E-2 1.37792E-2 1.33165E-2 1.29978E-2 1.31348E-2 1.33063E-2 1.40283E-2 1.39187E-2 1.38644E-2 1.45239E-2 1.46091E-2 1.34399E-2 1.25118E-2 1.1978E-2
2.69689E-2 2.68607E-2 2.22356E-2 2.42373E-2 2.81422E-2 2.30447E-2 2.55305E-2 2.5239E-2 2.60864E-2 2.50346E-2 2.32398E-2 2.30259E-2 2.2341E-2 2.27853E-2 2.38135E-2 2.48982E-2 2.36999E-2 2.28625E-2 2.24351E-2 2.35014E-2 2.40027E-2 2.32348E-2 2.2613E-2 2.32228E-2 2.30966E-2 2.14317E-2 2.07597E-2 2.14279E-2 2.01631E-2 2.00812E-2 1.92846E-2 2.00673E-2 1.97677E-2 1.93848E-2 2.0009E-2 1.95955E-2 1.88477E-2 1.78398E-2 1.70849E-2 1.63804E-2 1.624E-2 1.57289E-2 1.51615E-2 1.50171E-2 1.37258E-2 1.38101E-2 1.3791E-2 1.33982E-2 1.344E-2 1.32319E-2 1.35849E-2 1.30686E-2 1.39031E-2 1.39946E-2 1.33316E-2 1.42285E-2 1.41913E-2 1.42254E-2 1.25187E-2 1.2943E-2 1.28231E-2
2.59004E-2 2.68891E-2 -9999 2.38931E-2 2.62621E-2 2.39811E-2 2.35353E-2 2.52724E-2 2.43047E-2 2.47292E-2 2.3538E-2 2.3421E-2 2.35169E-2 2.39242E-2 2.32449E-2 2.25534E-2 2.27699E-2 2.35614E-2 2.3228E-2 2.34249E-2 2.36668E-2 2.26223E-2 2.20598E-2 2.29631E-2 2.23692E-2 2.13002E-2 2.10414E-2 1.99053E-2 1.97819E-2 1.96265E-2 1.91482E-2 1.99711E-2 1.98807E-2 1.92561E-2 2.00223E-2 1.93474E-2 1.86997E-2 1.78437E-2 1.74571E-2 1.69006E-2 1.63038E-2 1.59407E-2 1.52875E-2 1.52498E-2 1.43373E-2 1.44433E-2 1.35468E-2 1.3639E-2 1.36743E-2 1.28446E-2 1.36284E-2 1.35201E-2 1.34785E-2 1.40654E-2 1.45673E-2 1.30666E-2 1.41348E-2 1.43379E-2 1.41597E-2 1.34295E-2 1.33229E-2
