Candidate_Models_July82022/M_5_F_lqp_Set_1_cal/Bison.asc
ncols         290
nrows         380
xllcorner     -2197417.7431653
yllcorner     -584827.01486885
cellsize      10000.0
NODATA_value  -9999
[rows 81 to 107 of 380, columns 183 to 243 of 290]
2.5597E-2 2.69652E-2 2.32893E-2 2.76832E-2 2.56496E-2 2.48832E-2 2.34681E-2 2.43596E-2 2.42705E-2 2.37141E-2 2.29071E-2 2.28008E-2 2.35996E-2 2.27028E-2 2.39526E-2 2.38098E-2 2.38362E-2 2.302E-2 2.33127E-2 2.31958E-2 2.3462E-2 2.25212E-2 2.27417E-2 2.31348E-2 2.09194E-2 2.1275E-2 2.05617E-2 2.00122E-2 2.05751E-2 1.98515E-2 1.94129E-2 1.95572E-2 1.99217E-2 2.02898E-2 1.97859E-2 1.90425E-2 1.8957E-2 1.76998E-2 1.74004E-2 1.68733E-2 1.69563E-2 1.58669E-2 1.57788E-2 1.52602E-2 1.48706E-2 1.43964E-2 1.35169E-2 1.39583E-2 1.37919E-2 1.32097E-2 1.37006E-2 1.38874E-2 1.43744E-2 1.41406E-2 1.41545E-2 1.40221E-2 1.39127E-2 1.39767E-2 1.41245E-2 1.35174E-2 1.36271E-2
2.61534E-2 2.63006E-2 2.75707E-2 -9999 2.34958E-2 2.44955E-2 2.43035E-2 2.38241E-2 2.4109E-2 2.32305E-2 2.3905E-2 2.3506E-2 2.33387E-2 2.28753E-2 2.37954E-2 2.23843E-2 2.28247E-2 2.38423E-2 2.31117E-2 2.34736E-2 2.34572E-2 2.26865E-2 2.21383E-2 2.19261E-2 2.13055E-2 2.13877E-2 2.13963E-2 2.05085E-2 1.95718E-2 1.93163E-2 1.91469E-2 2.09222E-2 1.97359E-2 1.93229E-2 1.92657E-2 1.90407E-2 1.87786E-2 1.84878E-2 1.77118E-2 1.66676E-2 1.68406E-2 1.64234E-2 1.57382E-2 1.58151E-2 1.48171E-2 1.44946E-2 1.45777E-2 1.41173E-2 1.41005E-2 1.36524E-2 1.38743E-2 1.40271E-2 1.42421E-2 1.4128E-2 1.45068E-2 1.33798E-2 1.49986E-2 1.43909E-2 1.47935E-2 1.38694E-2 1.3983E-2
2.41143E-2 2.52519E-2 2.65898E-2 2.3876E-2 2.23898E-2 2.58812E-2 2.33059E-2 2.39977E-2 2.40689E-2 2.40753E-2 2.28881E-2 2.24701E-2 2.22947E-2 2.27313E-2 2.25228E-2 2.2168E-2 2.32414E-2 2.26942E-2 2.37924E-2 2.30036E-2 2.29362E-2 2.23353E-2 2.26066E-2 2.21869E-2 2.15101E-2 2.12314E-2 2.10236E-2 2.07188E-2 1.93388E-2 1.91444E-2 2.09772E-2 1.97567E-2 1.98519E-2 1.92038E-2 1.89762E-2 1.81332E-2 1.88003E-2 1.83043E-2 1.76951E-2 1.68396E-2 1.72883E-2 1.64897E-2 1.61053E-2 1.63949E-2 1.54372E-2 1.48585E-2 1.49779E-2 1.46386E-2 1.41892E-2 1.47186E-2 1.4363E-2 1.44107E-2 1.40117E-2 1.3993E-2 1.44827E-2 1.28545E-2 1.45567E-2 1.5006E-2 1.40407E-2 1.44149E-2 1.3792E-2
2.48508E-2 2.44862E-2 2.62736E-2 2.60767E-2 2.07503E-2 2.56777E-2 2.48265E-2 2.44419E-2 2.43238E-2 2.32783E-2 2.39705E-2 2.29829E-2 2.28984E-2 2.37247E-2 2.30018E-2 2.27789E-2 2.21266E-2 2.32284E-2 2.3316E-2 2.23093E-2 2.31643E-2 2.26904E-2 2.26474E-2 2.45868E-2 2.14863E-2 2.14836E-2 2.00585E-2 2.10215E-2 1.96838E-2 1.92788E-2 2.19178E-2 2.01924E-2 1.98635E-2 1.99741E-2 1.94152E-2 1.90324E-2 1.83388E-2 1.81349E-2 1.82329E-2 1.77188E-2 1.71716E-2 1.7432E-2 1.69218E-2 1.63576E-2 1.5503E-2 1.55356E-2 1.50028E-2 1.50257E-2 1.51165E-2 1.47877E-2 1.46017E-2 1.43518E-2 1.42558E-2 1.49078E-2 1.45176E-2 1.33756E-2 1.49835E-2 1.41927E-2 1.44169E-2 1.52453E-2 1.41426E-2
2.52186E-2 2.46201E-2 2.37736E-2 2.50902E-2 2.44414E-2 2.40538E-2 2.53422E-2 2.63736E-2 2.35684E-2 2.10722E-2 2.39985E-2 2.22609E-2 2.43502E-2 2.06135E-2 2.34483E-2 2.34344E-2 2.23234E-2 2.31085E-2 2.33372E-2 2.28538E-2 2.30023E-2 2.30851E-2 2.29381E-2 2.28266E-2 2.26304E-2 2.14509E-2 2.13712E-2 2.11171E-2 2.14686E-2 1.97074E-2 2.29482E-2 2.12463E-2 2.07081E-2 1.90045E-2 1.95147E-2 1.90625E-2 1.81955E-2 1.8194E-2 1.79741E-2 1.82593E-2 1.72247E-2 1.72259E-2 1.70527E-2 1.64457E-2 1.58958E-2 1.59161E-2 1.53067E-2 1.5709E-2 1.49365E-2 1.52289E-2 1.53704E-2 1.48551E-2 1.47473E-2 1.47095E-2 1.36983E-2 1.47823E-2 1.5722E-2 1.47644E-2 1.46995E-2 1.52931E-2 1.40871E-2
2.55916E-2 2.72494E-2 2.67778E-2 2.50979E-2 2.66082E-2 2.47231E-2 2.3822E-2 2.41945E-2 -9999 -9999 2.43268E-2 2.37428E-2 2.27712E-2 2.37212E-2 2.37656E-2 2.30859E-2 2.33234E-2 2.41193E-2 2.40602E-2 2.41464E-2 2.47108E-2 2.34081E-2 2.28165E-2 2.34778E-2 2.51763E-2 2.39144E-2 2.14129E-2 2.1542E-2 2.19435E-2 2.06427E-2 2.1059E-2 2.22547E-2 2.08203E-2 2.03876E-2 1.93048E-2 1.93879E-2 1.90576E-2 1.8644E-2 1.80133E-2 1.81961E-2 1.78301E-2 1.71873E-2 1.77527E-2 1.65422E-2 1.66376E-2 1.61736E-2 1.62847E-2 1.59835E-2 1.5092E-2 1.52652E-2 1.51713E-2 1.51487E-2 1.47551E-2 1.45866E-2 1.4652E-2 1.40329E-2 1.46157E-2 1.44136E-2 1.53885E-2 1.44959E-2 1.39455E-2
2.67558E-2 2.49752E-2 2.51535E-2 2.82876E-2 3.00301E-2 2.19693E-2 2.36172E-2 2.5172E-2 2.45334E-2 2.23898E-2 2.48946E-2 2.46276E-2 -9999 2.39794E-2 2.35074E-2 2.45354E-2 2.36879E-2 2.37786E-2 2.34548E-2 2.40951E-2 2.40995E-2 2.42097E-2 2.39237E-2 2.29103E-2 2.39058E-2 2.5069E-2 2.26842E-2 2.20025E-2 2.23491E-2 2.45115E-2 2.12714E-2 2.83028E-2 2.1702E-2 1.98644E-2 1.96047E-2 2.04145E-2 2.01415E-2 1.93135E-2 1.89374E-2 1.90678E-2 1.77439E-2 1.80526E-2 1.67262E-2 1.68007E-2 1.67349E-2 1.68674E-2 1.61131E-2 1.65725E-2 1.56862E-2 1.51517E-2 1.47903E-2 1.32527E-2 1.49999E-2 1.43323E-2 1.51099E-2 1.44387E-2 1.38442E-2 1.60641E-2 1.47588E-2 1.30161E-2 1.45543E-2
2.6193E-2 2.69942E-2 2.59488E-2 2.65938E-2 2.58462E-2 2.64522E-2 2.55822E-2 2.67647E-2 2.47857E-2 2.43172E-2 2.47205E-2 2.41451E-2 2.62131E-2 2.47558E-2 2.41073E-2 2.44001E-2 2.58426E-2 2.492E-2 2.41771E-2 2.55193E-2 2.44805E-2 2.40702E-2 2.37341E-2 2.50717E-2 2.35749E-2 2.34922E-2 2.33342E-2 2.17736E-2 2.15302E-2 2.00291E-2 2.12822E-2 2.16854E-2 2.06559E-2 2.07466E-2 2.09104E-2 2.09558E-2 2.05548E-2 1.95385E-2 1.91499E-2 1.90633E-2 1.8506E-2 1.82152E-2 1.82087E-2 1.73744E-2 1.72536E-2 1.6537E-2 1.65818E-2 1.61078E-2 1.54867E-2 1.57799E-2 1.57574E-2 1.56115E-2 1.51874E-2 1.51975E-2 1.66311E-2 1.46988E-2 1.58632E-2 1.42433E-2 1.4227E-2 1.5311E-2 1.42397E-2
2.70075E-2 2.74139E-2 2.76179E-2 2.62821E-2 2.52298E-2 2.62278E-2 2.31988E-2 2.73752E-2 2.5528E-2 2.51862E-2 2.54303E-2 2.66124E-2 2.47928E-2 2.4934E-2 2.51542E-2 2.51573E-2 2.44417E-2 2.44805E-2 2.5593E-2 2.55092E-2 2.55256E-2 2.51584E-2 2.42126E-2 2.40369E-2 2.29303E-2 2.3311E-2 2.33728E-2 2.32903E-2 2.17995E-2 2.07316E-2 2.1252E-2 2.10802E-2 2.11053E-2 2.12253E-2 2.14189E-2 2.20787E-2 1.99183E-2 1.94244E-2 1.92206E-2 1.92105E-2 1.85661E-2 1.81464E-2 1.79581E-2 1.73466E-2 1.70294E-2 1.69891E-2 1.67834E-2 1.5839E-2 1.52547E-2 1.55914E-2 1.57045E-2 1.58615E-2 1.54292E-2 1.4724E-2 1.57074E-2 1.55951E-2 1.96387E-2 1.54149E-2 1.42858E-2 1.46151E-2 1.5722E-2
2.81343E-2 2.90172E-2 2.90982E-2 2.76185E-2 2.65275E-2 2.91881E-2 2.83516E-2 2.68132E-2 2.7665E-2 2.56261E-2 2.65571E-2 2.47295E-2 2.64482E-2 2.35308E-2 2.51284E-2 2.66191E-2 2.49296E-2 2.54575E-2 2.59222E-2 2.70144E-2 2.56966E-2 2.53494E-2 2.58098E-2 2.3631E-2 2.35022E-2 2.39955E-2 2.49456E-2 2.45333E-2 2.57779E-2 2.18086E-2 2.12307E-2 2.11617E-2 2.07226E-2 2.20134E-2 2.23189E-2 2.20712E-2 2.09425E-2 2.10325E-2 1.96762E-2 1.95021E-2 1.84137E-2 1.83998E-2 1.79823E-2 1.83191E-2 1.76396E-2 1.74209E-2 1.72981E-2 1.65869E-2 1.64859E-2 1.6493E-2 1.55527E-2 1.50306E-2 1.52502E-2 1.4579E-2 1.62416E-2 1.57801E-2 1.9732E-2 1.53225E-2 1.52307E-2 1.51578E-2 1.55496E-2
2.87894E-2 2.88471E-2 2.66453E-2 2.87693E-2 2.89924E-2 2.82904E-2 2.91193E-2 2.70155E-2 2.67126E-2 2.67511E-2 2.64974E-2 2.52066E-2 2.69528E-2 2.7034E-2 2.65571E-2 2.64518E-2 2.62873E-2 2.58593E-2 2.51954E-2 2.59115E-2 2.70934E-2 2.57254E-2 2.72039E-2 2.69166E-2 2.67728E-2 2.4441E-2 2.42809E-2 2.45623E-2 2.40057E-2 2.45429E-2 2.38709E-2 2.17424E-2 2.17578E-2 2.29166E-2 2.2311E-2 2.30413E-2 2.11173E-2 2.10699E-2 1.93503E-2 2.03819E-2 1.93085E-2 1.86961E-2 1.81042E-2 1.76755E-2 1.76636E-2 1.71398E-2 1.7434E-2 1.63642E-2 1.66242E-2 1.77345E-2 1.55022E-2 1.6384E-2 1.63621E-2 1.5182E-2 1.62444E-2 1.54982E-2 1.59181E-2 1.5981E-2 1.52644E-2 1.593E-2 1.56226E-2
2.86936E-2 2.9392E-2 3.19569E-2 2.33028E-2 2.92476E-2 2.87516E-2 2.6688E-2 2.80907E-2 2.84787E-2 2.58377E-2 3.09144E-2 2.66106E-2 2.53525E-2 2.79012E-2 2.65173E-2 2.63191E-2 2.55136E-2 2.58688E-2 2.5623E-2 2.66652E-2 2.63236E-2 2.69265E-2 2.61968E-2 2.51869E-2 2.57741E-2 2.50856E-2 2.48346E-2 2.48068E-2 2.37847E-2 2.33669E-2 2.28465E-2 2.20761E-2 2.43896E-2 2.25001E-2 2.11322E-2 2.15017E-2 2.11936E-2 2.10138E-2 2.10882E-2 2.05475E-2 1.95099E-2 2.01149E-2 1.84574E-2 1.80348E-2 1.76418E-2 1.8252E-2 1.80644E-2 1.74049E-2 1.70729E-2 1.59126E-2 1.66224E-2 1.52366E-2 1.58333E-2 1.58702E-2 1.59166E-2 1.58472E-2 1.83029E-2 1.65041E-2 1.61998E-2 1.55639E-2 1.68212E-2
2.91966E-2 2.90363E-2 2.83385E-2 3.27322E-2 2.86738E-2 2.7563E-2 2.96341E-2 3.05939E-2 2.59667E-2 2.99464E-2 2.92615E-2 2.87334E-2 2.47388E-2 2.62056E-2 2.68859E-2 2.75584E-2 2.65726E-2 2.60941E-2 2.68303E-2 2.74507E-2 2.73934E-2 2.60245E-2 2.57581E-2 2.66707E-2 2.5846E-2 2.53849E-2 2.63089E-2 2.64661E-2 2.48569E-2 2.45119E-2 2.32841E-2 2.29881E-2 2.40869E-2 2.54117E-2 2.20222E-2 2.25999E-2 2.13143E-2 2.082E-2 2.06957E-2 2.05948E-2 1.99479E-2 2.01211E-2 1.82226E-2 1.82189E-2 1.88724E-2 1.8324E-2 1.80345E-2 1.72826E-2 1.72049E-2 1.69963E-2 1.61338E-2 1.66061E-2 1.69022E-2 1.74146E-2 1.55079E-2 1.60472E-2 1.68434E-2 1.59301E-2 1.57013E-2 1.65052E-2 1.64694E-2
2.91213E-2 3.20753E-2 2.89814E-2 2.90129E-2 2.834E-2 2.64229E-2 2.92487E-2 2.84249E-2 2.93391E-2 2.82664E-2 2.72116E-2 2.65318E-2 2.78753E-2 2.70789E-2 2.74897E-2 2.78211E-2 2.72524E-2 2.68345E-2 2.55443E-2 2.62144E-2 2.71933E-2 2.64316E-2 2.70664E-2 2.70023E-2 2.66089E-2 2.67153E-2 2.52762E-2 2.71122E-2 2.52331E-2 2.47806E-2 2.46094E-2 2.43657E-2 2.42716E-2 2.35862E-2 2.28559E-2 2.51402E-2 2.1446E-2 2.11887E-2 2.08153E-2 2.04478E-2 1.95135E-2 1.96247E-2 1.96816E-2 1.89449E-2 1.83947E-2 1.78267E-2 1.78859E-2 1.75144E-2 1.76799E-2 1.64927E-2 1.65128E-2 1.64976E-2 -9999 1.68242E-2 1.67608E-2 1.65723E-2 1.59563E-2 1.68601E-2 1.65715E-2 1.67635E-2 1.77645E-2
2.8889E-2 2.92163E-2 3.1307E-2 3.25154E-2 3.01888E-2 2.78921E-2 2.96659E-2 2.99688E-2 2.85066E-2 2.87284E-2 2.74123E-2 2.75065E-2 2.71682E-2 2.84197E-2 2.69583E-2 2.67457E-2 2.67634E-2 2.76082E-2 2.77668E-2 2.75614E-2 2.6601E-2 2.81194E-2 2.70832E-2 2.71358E-2 2.68884E-2 2.62026E-2 2.88306E-2 2.58628E-2 2.71611E-2 2.50178E-2 2.4743E-2 2.35935E-2 2.43306E-2 2.29695E-2 2.3305E-2 2.29917E-2 2.28141E-2 2.22059E-2 2.06851E-2 2.00198E-2 1.98967E-2 2.11792E-2 1.95985E-2 1.91482E-2 1.86733E-2 1.76104E-2 2.37969E-2 1.81997E-2 1.76549E-2 2.01254E-2 1.70508E-2 1.6057E-2 1.77641E-2 1.58827E-2 1.7093E-2 1.58868E-2 1.69708E-2 1.70745E-2 1.68482E-2 1.75068E-2 1.83966E-2
3.17689E-2 2.97578E-2 3.24665E-2 3.31317E-2 3.01445E-2 3.01622E-2 2.91921E-2 2.74626E-2 2.82627E-2 2.95788E-2 2.79476E-2 2.84924E-2 2.78144E-2 2.82863E-2 2.71642E-2 2.79932E-2 2.80977E-2 2.54517E-2 2.68236E-2 2.76913E-2 2.88224E-2 3.487E-2 2.71574E-2 2.75613E-2 2.67765E-2 2.72255E-2 2.71009E-2 2.58995E-2 2.71572E-2 2.53226E-2 2.44257E-2 2.69947E-2 2.43569E-2 2.30914E-2 2.69601E-2 2.34243E-2 2.36576E-2 2.2501E-2 2.14123E-2 2.04517E-2 1.98956E-2 1.94405E-2 2.05121E-2 1.8864E-2 1.91629E-2 1.85951E-2 1.84834E-2 1.77067E-2 1.74051E-2 1.81145E-2 1.80178E-2 1.76689E-2 1.81859E-2 1.67657E-2 1.64846E-2 1.71093E-2 1.72684E-2 1.76538E-2 1.71524E-2 1.78124E-2 1.74538E-2
3.09364E-2 3.30792E-2 3.11512E-2 3.08797E-2 3.31193E-2 2.9132E-2 3.16749E-2 2.98222E-2 3.01464E-2 2.83677E-2 2.75898E-2 2.90476E-2 2.9741E-2 3.01661E-2 2.94454E-2 2.83102E-2 2.71301E-2 2.66067E-2 2.8182E-2 2.96696E-2 2.85004E-2 2.90827E-2 2.72226E-2 2.64952E-2 3.03524E-2 2.68777E-2 2.63045E-2 2.59119E-2 2.72836E-2 2.53829E-2 2.49135E-2 2.69754E-2 2.42934E-2 2.32923E-2 2.52334E-2 2.53927E-2 2.45634E-2 2.25528E-2 2.11399E-2 2.06457E-2 2.00113E-2 1.95675E-2 2.02869E-2 1.91007E-2 2.02491E-2 1.9834E-2 1.89488E-2 1.89098E-2 1.85407E-2 1.81465E-2 1.78598E-2 1.97472E-2 1.71993E-2 1.74846E-2 1.75481E-2 1.73193E-2 1.76667E-2 1.82924E-2 1.76953E-2 1.77646E-2 1.79348E-2
3.16716E-2 3.3153E-2 3.00054E-2 3.12697E-2 2.91155E-2 3.60063E-2 3.08639E-2 2.98306E-2 3.06468E-2 3.33398E-2 3.04138E-2 2.75125E-2 2.73157E-2 2.84658E-2 3.0132E-2 2.95067E-2 2.99706E-2 2.85553E-2 2.85579E-2 2.83928E-2 2.91322E-2 2.81322E-2 2.85322E-2 2.73146E-2 2.69322E-2 2.67256E-2 2.65005E-2 2.73709E-2 2.99289E-2 2.51754E-2 2.56233E-2 2.60139E-2 2.67644E-2 2.49454E-2 2.59681E-2 2.28031E-2 2.36016E-2 2.24131E-2 2.1944E-2 2.18908E-2 2.06661E-2 2.13268E-2 2.03096E-2 1.98515E-2 2.02801E-2 2.07802E-2 1.92197E-2 1.95751E-2 1.88525E-2 1.89603E-2 1.91446E-2 1.87255E-2 1.83456E-2 1.79948E-2 1.79283E-2 1.70652E-2 1.82153E-2 1.81018E-2 1.83267E-2 1.89806E-2 1.84303E-2
3.33853E-2 3.3088E-2 3.38476E-2 3.31353E-2 3.31195E-2 3.4361E-2 3.56168E-2 3.11808E-2 3.01961E-2 2.94203E-2 2.68698E-2 3.07331E-2 3.27541E-2 3.05742E-2 2.85995E-2 2.88472E-2 2.89783E-2 3.01409E-2 2.90749E-2 2.91948E-2 3.09431E-2 3.01599E-2 2.79978E-2 2.77631E-2 2.70909E-2 2.54508E-2 2.63511E-2 2.52458E-2 2.40688E-2 2.63276E-2 2.40272E-2 2.48888E-2 2.47175E-2 2.4354E-2 2.44904E-2 2.27659E-2 2.24494E-2 2.25528E-2 2.32804E-2 2.19159E-2 2.11944E-2 2.15416E-2 2.04013E-2 2.00254E-2 2.02881E-2 1.94549E-2 1.91132E-2 1.89876E-2 1.94004E-2 1.89091E-2 1.83125E-2 1.87158E-2 1.96567E-2 1.76546E-2 1.78363E-2 1.85986E-2 1.74359E-2 1.79499E-2 1.77246E-2 1.86877E-2 1.97477E-2
3.67846E-2 3.21582E-2 3.33237E-2 3.20862E-2 3.14107E-2 3.12888E-2 3.33037E-2 3.24718E-2 2.96268E-2 3.08382E-2 2.87447E-2 2.69214E-2 2.77449E-2 2.94243E-2 2.87707E-2 2.96421E-2 2.98882E-2 2.95204E-2 2.82439E-2 2.88724E-2 3.01589E-2 2.90395E-2 2.86145E-2 3.27581E-2 2.69169E-2 2.61385E-2 2.47462E-2 2.6172E-2 2.79139E-2 2.67374E-2 2.56548E-2 2.46848E-2 2.45343E-2 2.58196E-2 2.34996E-2 2.37743E-2 2.29773E-2 2.37836E-2 2.27588E-2 2.25616E-2 2.16956E-2 2.14627E-2 2.18023E-2 2.24794E-2 2.35698E-2 2.10289E-2 1.93965E-2 1.95517E-2 1.95796E-2 1.98492E-2 1.87811E-2 1.89282E-2 1.91688E-2 1.83116E-2 1.69406E-2 1.82363E-2 1.81428E-2 1.82864E-2 1.8213E-2 1.91803E-2 1.92584E-2
3.21862E-2 3.15856E-2 3.51896E-2 3.35345E-2 3.63896E-2 3.44395E-2 3.18665E-2 3.23926E-2 3.10675E-2 3.18441E-2 3.15854E-2 3.0677E-2 3.09259E-2 2.98376E-2 2.99501E-2 3.07848E-2 2.76098E-2 3.0126E-2 2.87559E-2 2.90816E-2 3.04418E-2 2.78197E-2 2.95498E-2 2.8051E-2 2.6433E-2 2.58894E-2 2.61459E-2 2.51472E-2 2.49807E-2 2.59813E-2 2.58693E-2 2.50554E-2 2.46349E-2 2.56445E-2 2.35887E-2 2.32746E-2 2.39093E-2 2.60849E-2 2.35351E-2 2.21181E-2 2.2269E-2 2.2321E-2 2.13803E-2 2.12411E-2 1.99463E-2 2.00797E-2 1.98688E-2 2.01835E-2 2.10372E-2 1.96441E-2 1.95599E-2 1.98193E-2 1.91121E-2 1.86748E-2 1.90654E-2 1.76633E-2 1.8354E-2 1.78874E-2 1.80918E-2 1.93144E-2 1.9143E-2
3.35559E-2 3.23599E-2 3.37834E-2 3.24298E-2 3.14619E-2 3.10039E-2 3.59402E-2 3.12698E-2 3.15871E-2 3.16895E-2 3.37427E-2 3.16022E-2 2.8513E-2 3.0233E-2 2.72123E-2 3.08592E-2 2.35804E-2 2.72936E-2 3.0914E-2 2.89042E-2 2.89516E-2 2.88723E-2 3.11889E-2 2.80548E-2 2.73236E-2 2.59688E-2 2.42343E-2 2.51265E-2 2.37377E-2 2.49994E-2 2.59659E-2 2.53812E-2 2.59157E-2 2.68346E-2 2.90858E-2 2.2871E-2 2.41235E-2 2.2219E-2 2.27375E-2 2.33007E-2 2.39206E-2 2.22492E-2 2.12625E-2 2.15157E-2 2.18352E-2 2.08298E-2 2.08117E-2 1.95971E-2 2.04912E-2 2.08229E-2 1.96685E-2 2.15669E-2 1.89311E-2 1.92911E-2 1.89932E-2 1.91049E-2 1.81407E-2 1.88694E-2 1.81146E-2 1.89234E-2 2.03153E-2
3.4541E-2 3.54815E-2 3.21361E-2 3.14873E-2 3.14636E-2 3.12661E-2 3.33903E-2 3.29616E-2 2.99338E-2 3.26456E-2 4.13041E-2 3.16689E-2 3.05588E-2 3.19693E-2 3.02903E-2 3.11047E-2 3.0172E-2 3.00783E-2 3.11223E-2 2.9545E-2 2.95643E-2 2.91746E-2 3.0233E-2 2.90262E-2 2.8129E-2 2.60538E-2 2.5415E-2 3.29301E-2 2.5062E-2 3.09683E-2 2.6249E-2 2.54441E-2 2.70992E-2 2.57617E-2 2.54491E-2 2.48538E-2 2.46527E-2 2.38401E-2 2.34611E-2 2.45851E-2 2.34962E-2 2.18767E-2 2.19679E-2 2.12959E-2 2.12275E-2 2.11264E-2 2.11361E-2 1.96577E-2 2.04257E-2 1.88786E-2 1.82581E-2 1.9721E-2 1.92895E-2 1.89286E-2 1.85863E-2 1.81115E-2 1.87197E-2 1.85221E-2 1.87657E-2 1.89866E-2 1.94066E-2
3.44288E-2 3.44983E-2 3.25166E-2 3.31063E-2 3.23568E-2 3.30287E-2 3.29563E-2 3.39643E-2 3.10843E-2 3.21645E-2 3.07005E-2 3.28606E-2 3.05433E-2 3.10768E-2 3.09501E-2 3.02825E-2 3.07064E-2 3.04136E-2 3.13224E-2 2.93606E-2 3.04813E-2 3.21218E-2 3.44418E-2 3.30894E-2 3.10046E-2 3.4496E-2 2.64945E-2 3.26196E-2 2.05858E-2 2.44944E-2 2.50404E-2 2.36641E-2 2.52608E-2 2.53938E-2 2.63595E-2 2.54237E-2 2.54313E-2 2.59865E-2 2.47792E-2 2.45234E-2 2.39437E-2 2.26543E-2 2.21073E-2 2.23455E-2 2.13214E-2 1.97643E-2 2.03135E-2 2.0548E-2 2.0273E-2 1.98802E-2 1.9213E-2 1.86286E-2 2.00575E-2 2.10027E-2 1.95863E-2 1.89886E-2 1.9257E-2 1.99341E-2 1.87863E-2 2.00902E-2 2.10326E-2
3.34346E-2 3.45992E-2 3.4776E-2 3.27399E-2 3.36531E-2 3.26491E-2 3.51564E-2 3.40481E-2 3.25024E-2 3.03052E-2 3.24479E-2 3.13616E-2 3.24024E-2 3.1566E-2 3.06025E-2 3.00539E-2 3.10789E-2 3.09853E-2 3.14745E-2 3.218E-2 3.11876E-2 3.02196E-2 3.56087E-2 3.09204E-2 2.88513E-2 2.87001E-2 2.51338E-2 2.09095E-2 2.51441E-2 2.5734E-2 2.48406E-2 2.39636E-2 2.61656E-2 2.68655E-2 2.52721E-2 2.66221E-2 2.60157E-2 2.60443E-2 2.42568E-2 2.36651E-2 2.36878E-2 2.34852E-2 2.36587E-2 2.32429E-2 2.24819E-2 2.02332E-2 2.11517E-2 2.11361E-2 2.49311E-2 2.06357E-2 2.01964E-2 1.87572E-2 2.05732E-2 2.10889E-2 2.03464E-2 1.98965E-2 2.03443E-2 2.06457E-2 1.98389E-2 2.0165E-2 2.11271E-2
3.52783E-2 3.57865E-2 3.48546E-2 3.40298E-2 3.31637E-2 3.37736E-2 3.4551E-2 3.37847E-2 3.2063E-2 3.13034E-2 3.26466E-2 3.25999E-2 3.19937E-2 3.13866E-2 2.93143E-2 3.08153E-2 4.51872E-2 3.22415E-2 3.2681E-2 3.23504E-2 3.29292E-2 3.21908E-2 3.13001E-2 3.00805E-2 2.9824E-2 3.02531E-2 2.83299E-2 2.67401E-2 2.53649E-2 2.54392E-2 2.61274E-2 2.7075E-2 2.69332E-2 2.76105E-2 2.59915E-2 2.61515E-2 2.45536E-2 2.53783E-2 2.37574E-2 2.47826E-2 2.45092E-2 2.24609E-2 2.2331E-2 2.31769E-2 2.34676E-2 2.17374E-2 2.11956E-2 2.09981E-2 2.1136E-2 2.15063E-2 2.07265E-2 2.04543E-2 2.03483E-2 2.02563E-2 1.91171E-2 1.90438E-2 1.96552E-2 2.09183E-2 2.10064E-2 2.21215E-2 2.09751E-2
3.75333E-2 3.43126E-2 3.57985E-2 3.9384E-2 3.47693E-2 3.4973E-2 3.79735E-2 3.50703E-2 3.2725E-2 3.23841E-2 3.13452E-2 3.32822E-2 3.20256E-2 3.21401E-2 3.14198E-2 3.19414E-2 3.32221E-2 3.23494E-2 3.35548E-2 3.2743E-2 3.22569E-2 3.1305E-2 3.08608E-2 3.10894E-2 3.13251E-2 3.07871E-2 2.87287E-2 2.6056E-2 2.63425E-2 2.77316E-2 2.4591E-2 2.4437E-2 3.50844E-2 2.63604E-2 2.65623E-2 2.59153E-2 2.59858E-2 2.4226E-2 2.24297E-2 2.39082E-2 2.4988E-2 2.30699E-2 2.37025E-2 2.25295E-2 2.31359E-2 2.279E-2 2.23719E-2 2.20511E-2 2.14799E-2 2.08222E-2 2.12495E-2 2.29252E-2 2.2241E-2 2.15916E-2 2.16632E-2 2.14949E-2 2.21278E-2 2.16545E-2 2.28206E-2 2.35433E-2 2.28931E-2
