Candidate_Models_July82022/M_5_F_lqp_Set_1_cal/Bison.asc
ncols         290
nrows         380
xllcorner     -2197417.7431653
yllcorner     -584827.01486885
cellsize      10000.0
NODATA_value  -9999
[rows 27 to 53 of 380, columns 61 to 121 of 290]
2.88059E-2 3.1577E-2 3.76259E-2 4.18803E-2 4.75919E-2 5.08529E-2 6.44585E-2 5.33358E-2 5.34496E-2 5.25287E-2 6.50921E-2 6.25814E-2 4.38621E-2 5.33154E-2 4.93057E-2 4.71609E-2 4.65102E-2 5.12185E-2 5.00548E-2 4.91372E-2 4.94288E-2 4.8656E-2 4.79402E-2 4.45039E-2 4.39423E-2 4.49028E-2 4.45624E-2 4.66535E-2 4.85707E-2 4.63012E-2 4.53513E-2 4.81699E-2 4.71897E-2 4.93239E-2 4.69084E-2 4.71988E-2 4.52187E-2 4.19416E-2 4.4373E-2 4.72281E-2 4.64115E-2 4.95537E-2 5.19819E-2 5.38739E-2 5.73229E-2 5.98877E-2 6.1835E-2 6.07754E-2 5.86514E-2 5.81864E-2 5.96199E-2 5.78639E-2 5.51689E-2 5.09152E-2 4.97843E-2 4.1825E-2 -9999 -9999 -9999 -9999 -9999
2.95311E-2 2.79294E-2 3.71537E-2 4.38555E-2 4.14978E-2 5.29112E-2 6.30392E-2 6.81459E-2 6.28232E-2 4.96141E-2 5.333E-2 5.8085E-2 4.90762E-2 4.75323E-2 4.95791E-2 4.63542E-2 4.77118E-2 4.79226E-2 4.69463E-2 4.79772E-2 4.89541E-2 4.83865E-2 4.68307E-2 4.30613E-2 4.60893E-2 4.45603E-2 4.49601E-2 4.27924E-2 4.53842E-2 4.55885E-2 4.49107E-2 4.74209E-2 4.71663E-2 4.513E-2 4.74591E-2 4.60972E-2 4.42459E-2 -9999 4.3305E-2 4.18826E-2 4.53575E-2 4.90853E-2 5.18323E-2 5.53564E-2 5.70821E-2 6.05881E-2 6.00337E-2 6.09285E-2 5.98325E-2 5.9216E-2 5.90741E-2 5.58673E-2 5.41896E-2 5.27867E-2 4.87467E-2 4.30464E-2 -9999 -9999 -9999 -9999 -9999
2.84559E-2 3.03992E-2 3.81039E-2 4.82024E-2 5.0276E-2 5.9342E-2 6.45077E-2 4.90198E-2 5.13483E-2 5.43108E-2 4.54182E-2 6.41949E-2 5.04103E-2 4.95915E-2 4.58529E-2 3.47192E-2 4.5953E-2 4.76437E-2 4.60567E-2 4.88524E-2 4.82032E-2 4.82475E-2 4.76793E-2 4.41573E-2 4.18468E-2 4.31743E-2 4.71745E-2 4.41886E-2 4.78683E-2 4.67282E-2 4.62583E-2 4.42025E-2 4.72214E-2 4.60702E-2 4.43036E-2 4.4881E-2 4.33169E-2 4.39266E-2 4.06454E-2 4.26159E-2 4.741E-2 4.80927E-2 5.40116E-2 5.41354E-2 5.68713E-2 6.11976E-2 5.99052E-2 6.15806E-2 6.11036E-2 5.99767E-2 5.95221E-2 5.4953E-2 5.1935E-2 4.98414E-2 4.33468E-2 4.1289E-2 -9999 -9999 -9999 -9999 -9999
3.78285E-2 3.52519E-2 3.95396E-2 4.28139E-2 5.33567E-2 5.42204E-2 4.60925E-2 4.86582E-2 5.2755E-2 6.19563E-2 5.34835E-2 5.69272E-2 5.83382E-2 5.21425E-2 3.87996E-2 4.23228E-2 4.62681E-2 4.43152E-2 4.78163E-2 4.78719E-2 4.8252E-2 4.70244E-2 4.5881E-2 4.22642E-2 4.29536E-2 4.51202E-2 4.41674E-2 4.70966E-2 4.98605E-2 4.76546E-2 4.51848E-2 4.4517E-2 4.61232E-2 4.64968E-2 4.15069E-2 4.29289E-2 4.30028E-2 4.31605E-2 4.39748E-2 4.51737E-2 4.88804E-2 4.99181E-2 5.43789E-2 6.1033E-2 5.86084E-2 5.8687E-2 6.05081E-2 6.11809E-2 5.91933E-2 5.51593E-2 5.66927E-2 5.20931E-2 5.15831E-2 4.76576E-2 4.18294E-2 4.22993E-2 -9999 -9999 -9999 -9999 -9999
4.31345E-2 3.97119E-2 4.02244E-2 4.10029E-2 4.93382E-2 5.54315E-2 5.91896E-2 5.05837E-2 4.02843E-2 5.0339E-2 5.42196E-2 4.77753E-2 5.51171E-2 4.3774E-2 3.69357E-2 4.12784E-2 4.33929E-2 4.44196E-2 4.87929E-2 5.05582E-2 4.78298E-2 4.57178E-2 4.5022E-2 4.0045E-2 4.16098E-2 4.40939E-2 4.40255E-2 4.55077E-2 4.67327E-2 4.17941E-2 4.5368E-2 4.60001E-2 4.73299E-2 4.28292E-2 4.48656E-2 4.48021E-2 4.32285E-2 4.28999E-2 4.50518E-2 4.7228E-2 5.21953E-2 5.05278E-2 5.17028E-2 5.27277E-2 5.61212E-2 5.45692E-2 5.86836E-2 5.58378E-2 5.67268E-2 5.70997E-2 5.30751E-2 5.22739E-2 5.04297E-2 4.43961E-2 3.762E-2 3.82836E-2 -9999 -9999 -9999 -9999 -9999
3.85764E-2 7.56996E-2 1.35821E-1 1.66241E-1 6.92915E-2 5.70597E-2 4.55297E-2 4.19759E-2 3.88135E-2 4.68207E-2 4.233E-2 4.19277E-2 4.33674E-2 3.42735E-2 2.86223E-2 4.10372E-2 4.07054E-2 4.20334E-2 4.38817E-2 4.42889E-2 4.40755E-2 4.34236E-2 4.42353E-2 4.6201E-2 4.18677E-2 4.42527E-2 4.61329E-2 4.42031E-2 4.74559E-2 4.5916E-2 4.58286E-2 4.28831E-2 4.21364E-2 4.40869E-2 4.40466E-2 3.97156E-2 4.3721E-2 4.37085E-2 4.5978E-2 4.81694E-2 4.89564E-2 5.23774E-2 5.34485E-2 5.21984E-2 6.00674E-2 5.71555E-2 5.80451E-2 5.28337E-2 5.44032E-2 5.66854E-2 5.49558E-2 5.46799E-2 5.20261E-2 4.11605E-2 4.19993E-2 4.5327E-2 3.96287E-2 -9999 -9999 -9999 -9999
4.42518E-2 3.94309E-2 1.282E-1 9.86089E-2 5.25852E-2 8.73787E-2 4.51935E-2 5.12917E-2 5.99516E-2 6.65144E-2 7.15114E-2 5.2783E-2 4.91306E-2 4.10792E-2 4.06297E-2 3.92426E-2 3.92068E-2 4.03241E-2 4.18428E-2 4.22448E-2 4.26523E-2 4.2151E-2 4.26501E-2 4.09781E-2 4.48287E-2 4.33905E-2 4.41159E-2 4.49164E-2 4.44774E-2 4.43334E-2 4.30514E-2 4.25644E-2 4.3024E-2 4.45062E-2 3.49797E-2 4.19649E-2 4.27773E-2 4.42943E-2 4.59018E-2 4.68403E-2 4.99917E-2 5.11719E-2 5.1875E-2 4.74332E-2 5.45467E-2 5.28681E-2 4.87082E-2 5.51749E-2 5.35521E-2 5.77023E-2 5.47036E-2 5.56637E-2 5.28792E-2 4.47595E-2 4.14836E-2 4.40506E-2 4.28394E-2 -9999 -9999 0E0 -9999
4.842E-2 4.06259E-2 3.81283E-2 5.18364E-2 4.74528E-2 3.97618E-2 6.04481E-2 5.09736E-2 6.15685E-2 7.35059E-2 6.87758E-2 5.33093E-2 4.39378E-2 3.81472E-2 3.97604E-2 3.88872E-2 3.82096E-2 4.09364E-2 4.12603E-2 4.31917E-2 4.72548E-2 4.24259E-2 4.20036E-2 4.31485E-2 4.41429E-2 4.36806E-2 4.44896E-2 4.46501E-2 4.50985E-2 4.44412E-2 4.36911E-2 4.57252E-2 4.34451E-2 3.86776E-2 4.19243E-2 4.20876E-2 4.07616E-2 4.24701E-2 4.45342E-2 4.53546E-2 4.53579E-2 4.71059E-2 4.93787E-2 4.959E-2 5.21482E-2 4.89727E-2 4.75863E-2 5.62132E-2 5.75098E-2 5.5829E-2 5.79147E-2 5.62706E-2 5.12414E-2 4.02766E-2 4.22329E-2 4.22409E-2 4.08134E-2 4.35922E-2 -9999 -9999 4.45049E-2
1.3406E-1 4.53638E-2 4.6996E-2 5.10345E-2 4.98816E-2 4.66364E-2 6.2283E-2 6.8349E-2 6.76344E-2 6.21517E-2 6.22333E-2 5.11185E-2 4.72897E-2 3.88879E-2 3.86017E-2 3.85889E-2 3.93958E-2 4.05692E-2 4.04466E-2 4.09811E-2 4.20957E-2 4.66093E-2 4.45343E-2 4.43625E-2 4.29252E-2 4.30278E-2 4.37848E-2 4.41146E-2 4.44788E-2 4.23483E-2 4.365E-2 4.07863E-2 3.6946E-2 4.06392E-2 4.23923E-2 4.39227E-2 4.08973E-2 4.13966E-2 4.28192E-2 4.34247E-2 4.40974E-2 4.50342E-2 4.48958E-2 4.79911E-2 4.62243E-2 3.59953E-2 4.24264E-2 5.20225E-2 5.59165E-2 5.56901E-2 5.25033E-2 5.06064E-2 4.65742E-2 4.81813E-2 3.7821E-2 4.13403E-2 4.24129E-2 4.02007E-2 4.05656E-2 4.34249E-2 4.42531E-2
1.16203E-1 1.019E-1 1.21385E-1 5.12053E-2 5.27277E-2 5.27143E-2 7.27722E-2 9.66666E-2 8.22754E-2 5.50984E-2 5.15297E-2 4.82882E-2 4.52268E-2 3.87148E-2 3.83392E-2 3.8979E-2 4.01712E-2 4.42542E-2 3.82444E-2 3.97768E-2 3.94276E-2 4.3078E-2 4.27358E-2 4.20847E-2 4.4013E-2 4.49131E-2 4.30657E-2 4.18358E-2 4.25769E-2 4.17361E-2 3.7458E-2 4.05947E-2 3.97353E-2 4.01039E-2 4.30148E-2 5.32083E-2 3.87158E-2 4.10762E-2 4.20967E-2 4.04243E-2 4.17439E-2 4.00418E-2 4.15708E-2 4.42084E-2 4.07855E-2 3.59797E-2 4.357E-2 4.92139E-2 5.41942E-2 5.44474E-2 5.10121E-2 4.89656E-2 4.56751E-2 4.20665E-2 3.96713E-2 4.40101E-2 4.08572E-2 4.02714E-2 4.02883E-2 3.99802E-2 4.36581E-2
1.69929E-1 9.6187E-2 7.382E-2 5.63585E-2 5.77477E-2 6.92945E-2 8.43252E-2 6.86481E-2 5.29477E-2 6.64625E-2 5.36015E-2 4.23818E-2 3.91849E-2 3.95254E-2 3.95851E-2 3.71093E-2 4.32425E-2 4.31093E-2 3.88079E-2 3.94182E-2 4.18522E-2 4.44995E-2 4.14848E-2 4.24886E-2 4.2246E-2 4.13132E-2 4.02373E-2 4.18655E-2 4.16012E-2 4.15696E-2 3.08009E-2 3.40293E-2 3.75656E-2 3.8694E-2 3.7441E-2 3.69304E-2 3.91141E-2 3.65391E-2 3.95116E-2 4.0709E-2 4.13209E-2 4.0677E-2 4.03987E-2 4.20691E-2 3.90101E-2 4.32599E-2 4.43871E-2 4.72744E-2 4.89148E-2 4.86739E-2 4.69495E-2 4.69868E-2 4.55959E-2 4.42624E-2 4.23254E-2 4.00571E-2 3.87168E-2 3.83043E-2 4.06346E-2 4.01334E-2 3.99975E-2
6.39418E-2 5.2402E-2 5.15971E-2 6.18538E-2 6.57156E-2 7.39344E-2 7.58666E-2 8.03967E-2 6.17181E-2 5.80217E-2 4.90322E-2 4.01784E-2 3.71529E-2 3.88544E-2 5.00423E-2 3.74715E-2 4.05735E-2 4.05781E-2 4.02407E-2 4.37282E-2 4.11691E-2 4.34111E-2 4.11373E-2 4.29954E-2 4.01705E-2 3.89126E-2 3.76216E-2 3.89453E-2 3.70323E-2 3.90057E-2 3.72419E-2 3.6988E-2 3.78722E-2 3.67895E-2 3.8985E-2 3.66172E-2 3.42225E-2 4.1593E-2 3.76659E-2 4.11175E-2 4.0458E-2 3.99303E-2 3.69959E-2 3.58008E-2 3.70627E-2 4.23352E-2 4.44412E-2 4.44193E-2 4.0127E-2 4.56858E-2 4.67201E-2 4.35983E-2 4.5132E-2 4.44287E-2 4.45077E-2 4.42194E-2 4.06067E-2 4.16972E-2 4.10398E-2 4.09015E-2 4.21763E-2
1.32068E-1 5.2036E-2 6.03908E-2 6.86638E-2 7.26479E-2 8.24077E-2 8.16202E-2 7.16765E-2 5.53914E-2 4.53813E-2 3.40476E-2 4.47102E-2 2.9463E-2 3.61106E-2 5.18821E-2 3.69828E-2 3.87365E-2 4.00504E-2 3.94157E-2 4.3933E-2 4.27894E-2 4.35656E-2 4.29537E-2 4.36417E-2 3.94443E-2 3.72605E-2 3.14563E-2 3.92744E-2 4.00359E-2 3.83462E-2 3.78995E-2 3.61663E-2 3.42379E-2 3.70248E-2 3.5257E-2 3.7091E-2 3.46544E-2 3.88828E-2 3.95891E-2 3.88787E-2 3.96657E-2 3.74868E-2 3.94702E-2 4.00442E-2 3.85114E-2 4.12511E-2 4.19418E-2 4.27153E-2 4.31005E-2 4.3101E-2 4.4788E-2 4.50177E-2 4.46366E-2 4.41593E-2 4.52537E-2 4.44578E-2 4.15206E-2 4.23544E-2 4.25338E-2 4.20869E-2 4.34303E-2
2.46441E-1 5.71622E-2 8.4223E-2 1.77035E-1 8.73097E-2 8.07988E-2 7.24262E-2 6.56243E-2 4.91973E-2 4.39705E-2 4.80813E-2 2.85145E-2 3.48048E-2 3.54323E-2 3.76634E-2 3.82582E-2 3.86088E-2 3.64306E-2 3.69223E-2 3.96073E-2 4.25285E-2 4.33072E-2 4.29588E-2 4.29396E-2 4.00745E-2 3.88524E-2 3.85361E-2 4.20596E-2 3.90903E-2 3.76105E-2 3.53727E-2 3.81592E-2 3.79109E-2 3.67066E-2 3.64368E-2 3.64218E-2 3.94087E-2 3.87312E-2 3.72466E-2 3.96113E-2 3.54013E-2 4.11581E-2 3.88846E-2 3.57428E-2 3.82014E-2 4.20504E-2 4.22142E-2 3.90874E-2 3.84097E-2 4.32885E-2 4.44511E-2 4.4413E-2 4.26049E-2 4.49794E-2 4.38589E-2 4.45221E-2 4.36965E-2 4.3875E-2 4.46626E-2 4.397E-2 4.41957E-2
1.20755E-1 1.57672E-1 2.24249E-1 9.9072E-2 9.08263E-2 1.01039E-1 6.50158E-2 6.59194E-2 5.22563E-2 4.00396E-2 4.01458E-2 3.03234E-2 3.74135E-2 3.75414E-2 3.85731E-2 3.90684E-2 3.91417E-2 3.37152E-2 3.27102E-2 3.98007E-2 4.33138E-2 4.32935E-2 4.11792E-2 4.14015E-2 3.82697E-2 3.84743E-2 4.26646E-2 3.89142E-2 3.68887E-2 3.33946E-2 3.62333E-2 3.72983E-2 3.56952E-2 3.40333E-2 3.21914E-2 3.56794E-2 3.12796E-2 3.25831E-2 3.91143E-2 3.92768E-2 3.82106E-2 3.99043E-2 3.86929E-2 4.06662E-2 4.05998E-2 4.00636E-2 3.87702E-2 4.26331E-2 4.40453E-2 4.47462E-2 4.56137E-2 4.55952E-2 4.52298E-2 4.63975E-2 4.34389E-2 4.5394E-2 4.55288E-2 4.41975E-2 4.44363E-2 4.51003E-2 4.34215E-2
5.41215E-2 7.28638E-2 7.86477E-2 8.58319E-2 1.09155E-1 9.56007E-2 7.08007E-2 6.00788E-2 5.20796E-2 3.16835E-2 4.09052E-2 3.64498E-2 3.64929E-2 3.80761E-2 3.95018E-2 3.83252E-2 3.78787E-2 3.75593E-2 4.04153E-2 4.16763E-2 4.20668E-2 4.89365E-2 4.13414E-2 4.16422E-2 4.13308E-2 4.17257E-2 4.16597E-2 4.09477E-2 4.04745E-2 3.51524E-2 3.93649E-2 3.78371E-2 3.10008E-2 3.5113E-2 3.41848E-2 3.49128E-2 3.91995E-2 3.96402E-2 3.45781E-2 3.81412E-2 3.82975E-2 3.96903E-2 3.73947E-2 3.93256E-2 4.07776E-2 4.10394E-2 3.9907E-2 4.25027E-2 4.44459E-2 4.24858E-2 4.57256E-2 4.66606E-2 4.61599E-2 4.68051E-2 4.43301E-2 4.63027E-2 4.55223E-2 4.19603E-2 4.60504E-2 4.39666E-2 4.38592E-2
7.2204E-2 7.47148E-2 9.09337E-2 9.29837E-2 1.02667E-1 7.99922E-2 7.0569E-2 4.07667E-2 3.6272E-2 3.04961E-2 3.12932E-2 3.71156E-2 3.57481E-2 3.84929E-2 3.96989E-2 4.01452E-2 3.8429E-2 3.61503E-2 4.08922E-2 3.99275E-2 4.65766E-2 5.34729E-2 3.67791E-2 4.22253E-2 4.6203E-2 4.48131E-2 4.29348E-2 4.07147E-2 3.97978E-2 3.82289E-2 3.73266E-2 3.33008E-2 3.335E-2 3.67157E-2 3.47642E-2 3.84082E-2 3.82624E-2 3.92509E-2 3.77629E-2 3.81634E-2 3.75394E-2 3.82782E-2 3.85619E-2 3.48919E-2 4.10928E-2 4.12454E-2 4.2416E-2 4.08555E-2 4.21206E-2 4.31957E-2 4.45691E-2 4.56934E-2 4.45545E-2 4.61501E-2 4.40223E-2 4.16918E-2 4.58883E-2 4.56248E-2 4.6088E-2 4.72947E-2 4.45918E-2
7.61703E-2 7.18982E-2 7.97271E-2 8.2397E-2 8.60845E-2 8.18258E-2 6.11853E-2 5.53018E-2 5.1843E-2 3.94115E-2 3.15133E-2 4.32217E-2 4.02707E-2 3.92938E-2 4.0817E-2 4.01776E-2 3.99198E-2 3.76633E-2 4.23546E-2 4.19681E-2 3.91052E-2 3.82515E-2 4.21809E-2 3.94758E-2 3.5278E-2 3.85118E-2 4.00501E-2 3.57129E-2 3.89344E-2 3.54205E-2 3.44765E-2 3.43027E-2 3.2694E-2 3.83613E-2 3.58821E-2 3.66824E-2 3.72471E-2 3.87064E-2 3.72352E-2 3.64872E-2 3.91811E-2 3.7701E-2 3.75734E-2 3.447E-2 3.78912E-2 3.98596E-2 4.02538E-2 4.25923E-2 4.49921E-2 4.1432E-2 4.46072E-2 4.62367E-2 4.45363E-2 4.66373E-2 4.56793E-2 4.58346E-2 4.61895E-2 4.55387E-2 4.75743E-2 4.6465E-2 4.49286E-2
7.14652E-2 6.41668E-2 8.82906E-2 9.64775E-2 9.18501E-2 7.9103E-2 6.55845E-2 5.57047E-2 5.15222E-2 3.30747E-2 3.49575E-2 4.09822E-2 4.19364E-2 4.08622E-2 4.11593E-2 4.15943E-2 4.23301E-2 3.95914E-2 4.4125E-2 4.44395E-2 4.37749E-2 3.93964E-2 4.13348E-2 4.16301E-2 3.55193E-2 3.68763E-2 3.70536E-2 3.76811E-2 3.72855E-2 3.89289E-2 3.6536E-2 3.56621E-2 3.54297E-2 3.38362E-2 3.70063E-2 3.67816E-2 3.73154E-2 3.7647E-2 3.73799E-2 3.4483E-2 3.82109E-2 3.81698E-2 3.59479E-2 3.72858E-2 4.0119E-2 4.08259E-2 4.08645E-2 4.24568E-2 4.40127E-2 4.28737E-2 4.51202E-2 4.6264E-2 4.75318E-2 4.70799E-2 4.61711E-2 4.67564E-2 4.62253E-2 4.59071E-2 4.70506E-2 4.72994E-2 4.67389E-2
2.10385E-1 9.78227E-2 8.54397E-2 9.50654E-2 9.25662E-2 6.68017E-2 5.85873E-2 3.00724E-2 3.46206E-2 3.72371E-2 5.66941E-2 3.25581E-2 3.94116E-2 4.21983E-2 4.06773E-2 4.1154E-2 4.13816E-2 4.05522E-2 4.49261E-2 4.52142E-2 4.05709E-2 4.00264E-2 4.07362E-2 3.8629E-2 3.77993E-2 3.74249E-2 3.65488E-2 3.67428E-2 3.75567E-2 3.97114E-2 3.2328E-2 3.6578E-2 3.46221E-2 3.58879E-2 3.70614E-2 3.42131E-2 3.6976E-2 3.68401E-2 3.49526E-2 3.50122E-2 3.80586E-2 3.70256E-2 3.64014E-2 3.8563E-2 3.95711E-2 4.00953E-2 4.26129E-2 4.53051E-2 4.26722E-2 4.59774E-2 4.71061E-2 4.74991E-2 4.5413E-2 4.87566E-2 4.67252E-2 4.71087E-2 4.66145E-2 4.70156E-2 4.68099E-2 4.74316E-2 4.70901E-2
2.20693E-1 9.51542E-2 8.3673E-2 9.88626E-2 8.48398E-2 7.71976E-2 7.36441E-2 4.93933E-2 4.13464E-2 4.95395E-2 2.69375E-2 3.65431E-2 4.02178E-2 4.22961E-2 4.20165E-2 4.16604E-2 4.28775E-2 4.31303E-2 4.64297E-2 4.67771E-2 4.2158E-2 4.44258E-2 4.29333E-2 4.31101E-2 3.65218E-2 3.67429E-2 3.91712E-2 3.89332E-2 3.68698E-2 3.65323E-2 2.79664E-2 2.71192E-2 3.28913E-2 3.66309E-2 3.34923E-2 3.35641E-2 3.46586E-2 3.66106E-2 3.57725E-2 3.5429E-2 3.73684E-2 3.53089E-2 3.76737E-2 3.88459E-2 4.05384E-2 4.19406E-2 4.30448E-2 4.42153E-2 4.53576E-2 4.68695E-2 4.87994E-2 4.82333E-2 4.62188E-2 4.636E-2 4.4899E-2 4.76518E-2 4.92742E-2 4.50283E-2 4.66865E-2 4.83345E-2 5.03999E-2
1.95058E-1 1.28529E-1 7.51237E-2 1.03704E-1 7.9556E-2 7.53128E-2 7.22627E-2 7.31447E-2 5.69099E-2 4.20209E-2 2.90518E-2 3.57533E-2 4.37211E-2 4.21215E-2 4.30049E-2 4.97075E-2 3.87601E-2 4.48E-2 4.66919E-2 4.64023E-2 4.3403E-2 4.62436E-2 4.55927E-2 4.16353E-2 3.80171E-2 3.44937E-2 3.36064E-2 3.55001E-2 3.75802E-2 3.9482E-2 3.57959E-2 3.35416E-2 3.593E-2 3.15559E-2 3.1323E-2 2.51576E-2 3.42173E-2 3.48761E-2 3.28672E-2 3.70317E-2 3.66189E-2 3.53941E-2 3.73617E-2 3.99326E-2 4.04651E-2 4.23783E-2 3.96578E-2 4.26386E-2 4.39428E-2 4.74077E-2 4.71096E-2 4.75544E-2 4.87712E-2 4.91758E-2 4.5103E-2 4.84683E-2 4.60399E-2 4.59965E-2 4.89059E-2 4.89994E-2 5.01113E-2
9.81188E-2 7.17621E-2 7.29184E-2 8.5284E-2 8.4445E-2 -9999 6.57263E-2 1.21237E-1 1.85888E-1 8.0302E-2 7.15915E-2 2.74742E-2 4.34109E-2 4.29236E-2 4.2376E-2 4.43246E-2 4.21642E-2 4.65783E-2 4.66711E-2 4.69318E-2 4.63568E-2 4.86772E-2 4.75511E-2 -9999 4.05166E-2 3.65518E-2 3.64886E-2 3.49575E-2 3.84815E-2 4.24109E-2 3.71144E-2 3.29233E-2 3.1834E-2 3.53512E-2 3.57132E-2 3.41673E-2 3.04976E-2 3.33661E-2 3.5255E-2 3.61856E-2 3.86635E-2 3.57959E-2 3.71448E-2 4.04631E-2 4.08982E-2 4.332E-2 4.02149E-2 4.18468E-2 4.63317E-2 4.52072E-2 4.76823E-2 4.78357E-2 4.74353E-2 4.69048E-2 4.66338E-2 4.8584E-2 4.58729E-2 4.94293E-2 4.88777E-2 4.93887E-2 5.14168E-2
7.31311E-2 5.21842E-2 5.75909E-2 9.14785E-2 8.36651E-2 6.39892E-2 7.18712E-2 1.13201E-1 1.12749E-1 5.07416E-2 4.93673E-2 3.5072E-2 4.34558E-2 4.2015E-2 4.38038E-2 4.10219E-2 4.31437E-2 4.7148E-2 4.60501E-2 4.62637E-2 4.77222E-2 4.79064E-2 4.70065E-2 1.06685E-1 4.18841E-2 3.68605E-2 3.55398E-2 3.56556E-2 4.12331E-2 3.94597E-2 3.68713E-2 3.05973E-2 3.46338E-2 3.52892E-2 3.19949E-2 3.43316E-2 3.27579E-2 3.37646E-2 3.49128E-2 3.22825E-2 3.52127E-2 3.57262E-2 3.83199E-2 4.06504E-2 4.3916E-2 4.36831E-2 4.1971E-2 3.65155E-2 4.37906E-2 4.68933E-2 4.37392E-2 4.58791E-2 4.8584E-2 4.91059E-2 4.86187E-2 4.95852E-2 4.71376E-2 4.87202E-2 4.93196E-2 4.77685E-2 4.90464E-2
5.31119E-2 4.65344E-2 5.57905E-2 6.83638E-2 8.02022E-2 2.02722E-1 2.02252E-1 1.15159E-1 5.80716E-2 4.90195E-2 3.30607E-2 4.08176E-2 4.52687E-2 4.34359E-2 4.48385E-2 4.15444E-2 4.68273E-2 4.47774E-2 4.87791E-2 4.69898E-2 4.8784E-2 4.88E-2 4.76362E-2 4.68465E-2 4.40029E-2 3.93406E-2 -9999 3.61073E-2 3.6528E-2 3.83814E-2 3.1352E-2 3.29103E-2 3.1207E-2 3.5108E-2 3.29713E-2 3.34461E-2 3.17376E-2 3.5005E-2 3.42849E-2 3.55864E-2 3.41632E-2 3.66081E-2 3.75135E-2 3.87562E-2 4.21361E-2 4.34911E-2 4.29124E-2 4.42982E-2 -9999 4.50079E-2 4.69247E-2 4.6856E-2 4.6924E-2 4.86632E-2 4.71605E-2 4.95909E-2 4.72231E-2 4.84344E-2 5.00059E-2 5.08638E-2 5.18801E-2
5.38811E-2 4.63063E-2 4.79687E-2 4.65664E-2 1.06837E-1 1.68688E-1 1.07267E-1 5.10529E-2 5.10342E-2 3.83896E-2 4.80259E-2 4.50482E-2 4.23238E-2 4.2345E-2 4.54926E-2 4.65246E-2 3.8597E-2 4.82088E-2 4.79312E-2 4.86518E-2 5.16791E-2 5.01676E-2 5.00485E-2 4.65143E-2 4.35255E-2 4.26596E-2 3.63073E-2 4.04905E-2 4.13624E-2 3.90319E-2 3.62665E-2 3.66726E-2 2.85669E-2 3.40428E-2 3.06221E-2 3.44505E-2 3.42354E-2 3.60747E-2 3.45669E-2 3.11824E-2 3.39452E-2 3.52823E-2 3.9292E-2 3.94572E-2 4.33821E-2 4.23832E-2 4.72232E-2 4.70755E-2 4.42168E-2 4.66547E-2 4.75594E-2 4.68228E-2 4.90297E-2 4.55355E-2 4.89322E-2 4.78399E-2 5.00593E-2 4.85818E-2 5.08764E-2 5.34807E-2 5.07505E-2
4.5587E-2 5.18674E-2 4.73093E-2 5.60648E-2 1.7488E-1 1.52428E-1 1.13202E-1 3.25963E-2 3.52074E-2 3.76517E-2 4.83039E-2 4.50618E-2 4.53569E-2 4.48271E-2 4.77514E-2 3.31093E-2 4.58074E-2 4.93156E-2 4.85581E-2 5.09185E-2 5.17452E-2 5.03454E-2 4.70963E-2 4.69406E-2 4.35996E-2 4.23902E-2 4.21065E-2 3.942E-2 4.30962E-2 3.07323E-2 3.67269E-2 3.51456E-2 3.32132E-2 3.32993E-2 2.90895E-2 3.55725E-2 3.35932E-2 3.67633E-2 3.57579E-2 3.52322E-2 3.80131E-2 3.89348E-2 4.13611E-2 4.11562E-2 4.3693E-2 4.36494E-2 4.84686E-2 4.50185E-2 4.58424E-2 4.65672E-2 4.70848E-2 4.59239E-2 4.75682E-2 4.39627E-2 5.0949E-2 4.66783E-2 4.9243E-2 4.90556E-2 4.99457E-2 5.79183E-2 5.58903E-2
