Candidate_Models_July82022/M_5_F_lqp_Set_1_cal/Bison.asc
ncols         290
nrows         380
xllcorner     -2197417.7431653
yllcorner     -584827.01486885
cellsize      10000.0
NODATA_value  -9999
[rows 351 to 377 of 380, columns 183 to 243 of 290]
5.16355E-1 4.5971E-1 4.89454E-1 4.79473E-1 5.27049E-1 5.32878E-1 5.36084E-1 5.25511E-1 5.13864E-1 5.11789E-1 4.96652E-1 4.95678E-1 4.95726E-1 4.98083E-1 4.88745E-1 5.09136E-1 5.51778E-1 5.10632E-1 5.08616E-1 5.10436E-1 5.14178E-1 5.15061E-1 5.0221E-1 5.06908E-1 5.09299E-1 4.96312E-1 4.92618E-1 4.9452E-1 4.84813E-1 4.76187E-1 4.75616E-1 4.93778E-1 4.92317E-1 5.06783E-1 4.847E-1 4.95157E-1 4.76053E-1 4.84973E-1 4.97851E-1 4.90807E-1 4.9998E-1 4.86685E-1 4.76334E-1 4.82781E-1 5.02534E-1 5.24401E-1 5.09747E-1 4.89855E-1 4.91701E-1 4.852E-1 4.77417E-1 4.80007E-1 -9999 -9999 -9999 -9999 -9999 -9999 -9999 -9999 -9999
4.71036E-1 4.71762E-1 4.98712E-1 4.76578E-1 4.95253E-1 5.23176E-1 5.14017E-1 5.11901E-1 5.04325E-1 5.04262E-1 4.97342E-1 5.02643E-1 5.02038E-1 4.98933E-1 4.9861E-1 4.98996E-1 5.04287E-1 5.00251E-1 5.22321E-1 4.94018E-1 5.28551E-1 5.29843E-1 5.08834E-1 4.96973E-1 5.07241E-1 5.06763E-1 4.98045E-1 4.94622E-1 4.86187E-1 4.87319E-1 4.94778E-1 4.9961E-1 4.91085E-1 4.90438E-1 4.78057E-1 4.94716E-1 4.82156E-1 4.64431E-1 4.94866E-1 4.98629E-1 5.04518E-1 4.90487E-1 4.87962E-1 4.85827E-1 4.81925E-1 5.04596E-1 5.27157E-1 4.97964E-1 4.97387E-1 4.85325E-1 4.73598E-1 4.81126E-1 -9999 -9999 -9999 -9999 -9999 -9999 -9999 -9999 -9999
5.44891E-1 4.59418E-1 4.8565E-1 4.73879E-1 4.95254E-1 4.89804E-1 4.85032E-1 5.01744E-1 5.02958E-1 4.99027E-1 4.9966E-1 4.96937E-1 5.23484E-1 5.07489E-1 4.97779E-1 4.97775E-1 5.06769E-1 5.12537E-1 5.12194E-1 5.13096E-1 5.10197E-1 5.36534E-1 4.92694E-1 5.12978E-1 4.98503E-1 5.02033E-1 4.81666E-1 4.76562E-1 4.85566E-1 4.89164E-1 4.98182E-1 4.87248E-1 4.90919E-1 4.79944E-1 4.78341E-1 4.65602E-1 4.72881E-1 4.81276E-1 4.86418E-1 4.96133E-1 5.07495E-1 4.86513E-1 4.90127E-1 4.85632E-1 4.95943E-1 4.98975E-1 4.97635E-1 4.94043E-1 5.02875E-1 5.08626E-1 4.7878E-1 4.71886E-1 -9999 -9999 -9999 -9999 -9999 -9999 -9999 -9999 -9999
4.94703E-1 5.2782E-1 4.70951E-1 4.77896E-1 4.79209E-1 4.90921E-1 4.83525E-1 4.88236E-1 4.85245E-1 5.01681E-1 4.92113E-1 4.92059E-1 4.94171E-1 4.94964E-1 4.93324E-1 4.96073E-1 5.42215E-1 4.93175E-1 5.10959E-1 5.01455E-1 5.21497E-1 4.96193E-1 5.03112E-1 4.85212E-1 5.07216E-1 4.87338E-1 4.84838E-1 4.81645E-1 4.77304E-1 4.71259E-1 4.75919E-1 4.89303E-1 4.81007E-1 4.63963E-1 4.77382E-1 4.78712E-1 4.69975E-1 4.84791E-1 4.8145E-1 4.84431E-1 4.85075E-1 4.89132E-1 4.91407E-1 5.06253E-1 4.8887E-1 4.98286E-1 4.97242E-1 4.89678E-1 4.96822E-1 4.86137E-1 4.90562E-1 4.82184E-1 -9999 -9999 -9999 -9999 -9999 -9999 -9999 -9999 -9999
5.4409E-1 4.70658E-1 4.65744E-1 4.82051E-1 4.61265E-1 4.82098E-1 5.77073E-1 5.3035E-1 4.73612E-1 4.77771E-1 4.95588E-1 4.95759E-1 4.84717E-1 4.88276E-1 4.96939E-1 5.08827E-1 5.12397E-1 4.97805E-1 5.08851E-1 5.14063E-1 5.09354E-1 5.01832E-1 4.98664E-1 5.05607E-1 5.03623E-1 4.86271E-1 4.85471E-1 4.91712E-1 4.92804E-1 4.94178E-1 4.82041E-1 4.73481E-1 4.71522E-1 4.70443E-1 4.80383E-1 4.61122E-1 4.74718E-1 4.70329E-1 4.70411E-1 4.85118E-1 4.89245E-1 4.8193E-1 4.8574E-1 4.88781E-1 4.97258E-1 4.97511E-1 4.97352E-1 4.93672E-1 4.81099E-1 4.83082E-1 4.79834E-1 4.81118E-1 -9999 -9999 -9999 -9999 -9999 -9999 -9999 -9999 -9999
4.87981E-1 4.71827E-1 5.06479E-1 4.71013E-1 4.49151E-1 4.75189E-1 5.53212E-1 4.71213E-1 4.84509E-1 4.79844E-1 4.77913E-1 4.81737E-1 4.90773E-1 4.98096E-1 4.83089E-1 4.97526E-1 5.08047E-1 4.94157E-1 5.06742E-1 5.032E-1 4.8355E-1 5.0748E-1 5.07289E-1 4.9587E-1 4.78486E-1 4.81832E-1 4.78986E-1 4.84719E-1 4.7861E-1 4.59976E-1 4.81979E-1 4.78961E-1 4.68648E-1 5.20923E-1 5.59909E-1 4.78626E-1 4.88641E-1 4.81258E-1 4.75524E-1 4.84547E-1 4.7466E-1 4.85373E-1 5.56417E-1 5.36096E-1 5.01664E-1 4.99122E-1 4.97679E-1 4.95045E-1 4.85883E-1 4.86575E-1 4.77488E-1 4.77789E-1 -9999 -9999 -9999 -9999 -9999 -9999 -9999 -9999 -9999
4.67588E-1 5.13571E-1 4.83169E-1 4.72615E-1 4.88892E-1 5.16298E-1 5.68117E-1 4.91205E-1 4.65305E-1 4.78566E-1 4.6389E-1 4.74943E-1 4.76475E-1 4.76553E-1 4.87209E-1 5.06044E-1 5.48377E-1 5.13002E-1 4.87787E-1 4.73757E-1 4.8801E-1 5.02478E-1 4.96315E-1 5.0037E-1 4.90556E-1 4.89482E-1 4.83474E-1 4.86883E-1 4.91611E-1 4.72754E-1 4.75218E-1 4.57811E-1 4.71676E-1 4.70318E-1 4.9583E-1 4.75988E-1 4.79561E-1 4.77667E-1 4.78999E-1 4.80469E-1 4.65007E-1 4.73298E-1 4.78807E-1 4.73167E-1 4.97636E-1 4.96114E-1 4.94774E-1 4.92709E-1 4.82594E-1 4.79331E-1 4.80123E-1 4.81928E-1 -9999 -9999 -9999 -9999 -9999 -9999 -9999 -9999 -9999
4.74824E-1 4.62118E-1 4.71552E-1 4.75978E-1 4.77852E-1 4.71778E-1 4.75235E-1 5.08273E-1 4.99834E-1 4.34663E-1 4.76533E-1 4.64706E-1 4.64875E-1 4.80005E-1 4.90509E-1 4.81583E-1 5.12121E-1 4.88099E-1 4.84125E-1 5.00308E-1 4.9669E-1 4.77149E-1 4.67915E-1 4.81516E-1 5.03243E-1 4.98157E-1 4.8675E-1 4.85277E-1 4.95977E-1 4.82561E-1 4.84538E-1 4.85264E-1 4.81395E-1 4.73069E-1 4.69812E-1 4.79097E-1 4.79069E-1 4.84165E-1 4.63191E-1 4.81597E-1 4.82242E-1 4.82541E-1 4.71778E-1 4.91112E-1 4.9644E-1 4.71764E-1 4.86369E-1 4.86664E-1 4.81314E-1 4.75747E-1 4.70329E-1 4.75429E-1 -9999 -9999 -9999 -9999 -9999 -9999 -9999 -9999 -9999
4.77524E-1 4.52877E-1 4.50174E-1 4.92714E-1 4.71479E-1 4.56454E-1 4.75636E-1 4.63301E-1 4.56812E-1 4.63895E-1 4.63959E-1 4.64143E-1 4.66396E-1 4.61605E-1 4.75969E-1 4.89909E-1 4.80791E-1 4.83505E-1 4.93112E-1 4.93841E-1 4.9944E-1 4.82991E-1 5.01488E-1 4.91453E-1 4.85983E-1 4.94592E-1 4.87877E-1 4.85863E-1 4.81263E-1 4.86106E-1 4.7997E-1 4.78837E-1 4.77136E-1 4.7513E-1 4.73543E-1 4.7179E-1 4.77478E-1 4.7138E-1 4.66722E-1 4.70908E-1 4.85832E-1 4.72214E-1 4.82203E-1 4.74073E-1 4.79652E-1 4.76169E-1 4.73255E-1 4.76965E-1 4.79581E-1 4.75476E-1 4.57743E-1 -9999 -9999 -9999 -9999 -9999 -9999 -9999 -9999 -9999 -9999
5.13563E-1 5.00093E-1 5.07618E-1 5.0865E-1 4.93257E-1 4.83848E-1 4.82701E-1 4.7519E-1 4.79631E-1 4.95774E-1 4.79704E-1 4.57853E-1 4.63489E-1 4.636E-1 4.58802E-1 4.68571E-1 4.80886E-1 4.88266E-1 4.73739E-1 4.82141E-1 4.85832E-1 4.84584E-1 4.87793E-1 4.89278E-1 4.78078E-1 4.76261E-1 4.8117E-1 4.8354E-1 4.83504E-1 4.79366E-1 4.85371E-1 4.7535E-1 4.73378E-1 4.70159E-1 4.56567E-1 4.55383E-1 4.76E-1 4.6691E-1 4.7853E-1 4.82695E-1 4.69813E-1 4.83198E-1 4.71743E-1 4.71378E-1 4.81959E-1 4.6631E-1 4.63575E-1 4.66661E-1 4.77535E-1 4.68353E-1 4.69592E-1 -9999 -9999 -9999 -9999 -9999 -9999 -9999 -9999 -9999 -9999
5.22292E-1 5.02385E-1 5.29261E-1 5.18583E-1 4.83385E-1 5.02858E-1 4.94768E-1 5.01657E-1 5.08959E-1 4.97105E-1 4.89902E-1 4.83664E-1 4.84375E-1 4.81844E-1 4.79622E-1 4.58121E-1 4.39355E-1 4.68122E-1 4.82905E-1 4.79164E-1 4.89613E-1 4.83886E-1 4.82666E-1 4.77356E-1 4.8041E-1 4.77922E-1 4.823E-1 4.73473E-1 4.76938E-1 4.78955E-1 4.78191E-1 4.87251E-1 4.90664E-1 4.87768E-1 4.59871E-1 4.72499E-1 4.70884E-1 4.79844E-1 4.63142E-1 4.68253E-1 4.6337E-1 4.54969E-1 4.62145E-1 4.58601E-1 4.65023E-1 4.64423E-1 4.73193E-1 4.82312E-1 4.59244E-1 4.74118E-1 4.67688E-1 -9999 -9999 -9999 -9999 -9999 -9999 -9999 -9999 -9999 -9999
4.90554E-1 4.84138E-1 4.91931E-1 4.80057E-1 4.81869E-1 4.79408E-1 4.77867E-1 4.80362E-1 4.82022E-1 4.98629E-1 4.88522E-1 4.85977E-1 4.8037E-1 4.7518E-1 4.54811E-1 4.80285E-1 4.93303E-1 4.68039E-1 4.71877E-1 4.48678E-1 5.2241E-1 5.24551E-1 4.76549E-1 4.74955E-1 4.87856E-1 4.86933E-1 4.87352E-1 4.7585E-1 4.83817E-1 4.8123E-1 4.72862E-1 4.8876E-1 4.93509E-1 4.94177E-1 4.86746E-1 4.77555E-1 4.65757E-1 4.68144E-1 4.74174E-1 4.67376E-1 4.66216E-1 4.49649E-1 4.65384E-1 4.58824E-1 4.64902E-1 5.36886E-1 5.00795E-1 4.66803E-1 4.56298E-1 4.53032E-1 4.65431E-1 -9999 -9999 -9999 -9999 -9999 -9999 -9999 -9999 -9999 -9999
5.23172E-1 5.05739E-1 4.95154E-1 4.77855E-1 5.10618E-1 4.86099E-1 4.82277E-1 4.9397E-1 4.85625E-1 4.88328E-1 4.61829E-1 4.846E-1 4.58367E-1 4.72928E-1 4.67836E-1 4.68743E-1 4.73524E-1 4.77238E-1 4.79181E-1 4.7925E-1 4.66278E-1 6.31201E-1 6.28727E-1 4.59847E-1 4.8039E-1 4.88064E-1 4.95686E-1 4.77392E-1 4.92838E-1 4.91196E-1 4.86632E-1 4.90971E-1 4.85799E-1 4.90118E-1 4.87534E-1 4.85655E-1 4.71384E-1 4.57949E-1 4.62877E-1 4.6798E-1 4.74119E-1 4.66283E-1 4.53279E-1 4.63054E-1 4.63802E-1 4.54192E-1 4.68139E-1 4.5978E-1 4.56652E-1 4.52681E-1 4.48038E-1 -9999 -9999 -9999 -9999 -9999 -9999 -9999 -9999 -9999 -9999
5.43705E-1 5.50139E-1 5.18875E-1 5.26594E-1 4.94968E-1 4.90647E-1 4.98338E-1 5.20761E-1 4.98663E-1 4.93389E-1 4.76882E-1 5.0742E-1 4.69268E-1 4.67014E-1 4.5178E-1 4.56166E-1 4.71098E-1 4.59458E-1 4.70006E-1 4.76166E-1 4.70988E-1 4.64427E-1 4.90759E-1 4.73227E-1 4.79444E-1 4.84202E-1 4.87976E-1 5.61638E-1 4.78095E-1 4.93095E-1 6.21805E-1 4.87609E-1 4.80885E-1 4.8014E-1 4.77506E-1 4.74255E-1 4.74586E-1 4.77197E-1 4.63597E-1 4.59277E-1 4.61626E-1 4.52848E-1 4.60955E-1 4.59065E-1 4.53439E-1 4.50434E-1 4.38928E-1 4.50556E-1 4.5939E-1 4.41806E-1 4.45614E-1 -9999 -9999 -9999 -9999 -9999 -9999 -9999 -9999 -9999 -9999
4.95252E-1 5.15389E-1 4.99478E-1 5.10615E-1 4.97867E-1 4.96662E-1 4.86287E-1 4.9656E-1 5.08308E-1 5.34652E-1 4.92168E-1 4.89673E-1 4.82681E-1 4.7878E-1 4.7155E-1 4.61629E-1 4.56675E-1 4.60706E-1 4.47533E-1 4.60357E-1 4.52688E-1 4.5907E-1 4.62644E-1 4.66648E-1 4.66674E-1 4.71065E-1 4.80607E-1 4.96715E-1 4.77138E-1 4.83342E-1 5.27237E-1 4.80842E-1 5.0926E-1 4.72124E-1 4.73272E-1 4.70116E-1 4.64328E-1 4.59155E-1 4.45998E-1 4.41729E-1 4.52465E-1 4.4807E-1 4.58683E-1 4.48871E-1 4.49103E-1 4.50998E-1 4.44985E-1 4.38657E-1 4.38306E-1 4.42712E-1 4.40683E-1 -9999 -9999 -9999 -9999 -9999 -9999 -9999 -9999 -9999 -9999
5.19135E-1 4.90278E-1 5.08477E-1 4.88954E-1 4.85728E-1 4.93606E-1 4.96421E-1 4.9008E-1 5.49962E-1 5.06487E-1 4.79787E-1 4.82123E-1 4.73528E-1 4.69412E-1 5.0659E-1 4.50349E-1 4.4076E-1 4.54608E-1 4.65591E-1 4.65545E-1 4.61993E-1 4.59895E-1 4.56431E-1 4.57251E-1 4.59105E-1 4.66067E-1 4.79162E-1 4.79717E-1 4.79448E-1 4.80885E-1 4.86625E-1 4.90768E-1 5.16177E-1 4.94016E-1 4.70626E-1 4.84871E-1 4.6705E-1 4.64628E-1 4.57712E-1 4.60713E-1 4.50272E-1 4.59265E-1 4.49334E-1 4.4827E-1 4.48625E-1 4.41326E-1 4.43899E-1 4.4315E-1 4.39459E-1 4.37552E-1 5.99691E-1 -9999 -9999 -9999 -9999 -9999 -9999 -9999 -9999 -9999 -9999
4.90728E-1 4.87175E-1 5.10208E-1 4.90199E-1 4.85571E-1 4.86993E-1 5.37956E-1 4.83253E-1 5.05464E-1 5.18482E-1 4.70303E-1 4.71986E-1 4.64094E-1 4.42348E-1 4.59033E-1 4.72082E-1 4.69255E-1 4.68128E-1 4.60646E-1 4.59493E-1 4.56176E-1 4.56262E-1 4.58036E-1 4.51374E-1 4.55596E-1 4.64118E-1 4.68536E-1 4.75238E-1 4.67766E-1 4.70705E-1 4.69489E-1 4.98752E-1 4.78016E-1 4.79006E-1 4.42999E-1 4.44232E-1 4.73194E-1 4.63407E-1 4.57687E-1 4.58129E-1 4.48601E-1 4.53947E-1 4.53851E-1 4.51284E-1 4.48978E-1 4.46723E-1 4.41018E-1 4.41899E-1 4.44286E-1 4.38484E-1 5.27987E-1 -9999 -9999 -9999 -9999 -9999 -9999 -9999 -9999 -9999 -9999
4.98766E-1 5.01214E-1 4.93628E-1 4.76398E-1 5.06785E-1 4.78084E-1 5.0342E-1 4.92282E-1 5.39339E-1 5.04095E-1 4.75851E-1 4.62489E-1 4.69298E-1 4.82085E-1 4.77376E-1 4.66831E-1 4.64979E-1 4.59277E-1 4.57656E-1 4.5881E-1 4.51093E-1 4.44712E-1 4.45502E-1 4.42776E-1 4.54896E-1 4.65196E-1 4.62573E-1 4.51036E-1 4.62054E-1 4.54373E-1 4.48491E-1 4.56988E-1 4.62738E-1 4.67567E-1 4.67172E-1 4.56132E-1 4.70836E-1 4.55031E-1 4.89774E-1 4.59877E-1 4.56102E-1 4.49581E-1 4.43514E-1 4.46717E-1 4.45784E-1 4.40335E-1 4.51083E-1 4.41287E-1 4.39497E-1 4.30309E-1 4.33271E-1 -9999 -9999 -9999 -9999 -9999 -9999 -9999 -9999 -9999 -9999
5.18561E-1 4.98231E-1 5.08808E-1 4.90543E-1 4.9084E-1 4.88277E-1 4.9704E-1 4.73412E-1 5.07692E-1 5.70687E-1 4.76696E-1 4.89082E-1 4.86389E-1 4.77119E-1 4.74938E-1 4.66265E-1 4.60859E-1 4.5589E-1 4.55011E-1 4.55356E-1 4.49337E-1 4.46276E-1 4.3537E-1 4.47357E-1 4.43509E-1 4.53953E-1 4.50372E-1 4.60653E-1 4.46601E-1 4.64388E-1 4.51898E-1 4.3996E-1 4.45644E-1 4.53846E-1 4.57155E-1 4.55839E-1 4.65497E-1 5.18973E-1 4.84725E-1 4.48471E-1 4.46918E-1 4.54284E-1 4.43182E-1 4.49913E-1 5.58041E-1 4.40678E-1 4.3952E-1 4.4061E-1 4.3394E-1 4.27425E-1 4.2857E-1 -9999 -9999 -9999 -9999 -9999 -9999 -9999 -9999 -9999 -9999
5.10351E-1 5.34504E-1 4.95935E-1 4.91334E-1 4.93908E-1 4.98948E-1 4.97665E-1 4.90421E-1 4.89885E-1 4.84338E-1 4.80517E-1 4.8898E-1 4.82971E-1 4.75575E-1 4.67051E-1 4.61235E-1 4.55244E-1 4.57156E-1 4.51431E-1 4.54243E-1 4.52126E-1 4.44604E-1 4.40417E-1 4.37408E-1 4.44822E-1 4.45373E-1 4.4999E-1 4.42723E-1 4.33698E-1 4.51665E-1 4.55808E-1 4.40373E-1 4.47061E-1 4.48334E-1 4.53009E-1 4.47107E-1 4.46132E-1 4.63601E-1 4.58591E-1 4.58838E-1 4.50766E-1 4.43595E-1 4.40676E-1 4.33336E-1 4.35147E-1 4.35856E-1 4.36702E-1 4.38174E-1 4.37154E-1 4.32244E-1 5.59006E-1 -9999 -9999 -9999 -9999 -9999 -9999 -9999 -9999 -9999 -9999
4.97015E-1 5.09318E-1 5.38864E-1 4.95666E-1 4.94635E-1 5.12298E-1 4.93579E-1 4.85016E-1 5.29887E-1 4.91375E-1 4.93422E-1 4.81611E-1 4.77335E-1 4.73148E-1 4.71173E-1 4.60599E-1 4.47462E-1 4.50765E-1 4.49553E-1 4.48083E-1 4.48778E-1 4.45226E-1 4.38278E-1 4.49251E-1 4.28638E-1 4.21502E-1 4.43799E-1 4.223E-1 4.29246E-1 4.22838E-1 4.45996E-1 4.51551E-1 4.29742E-1 4.19565E-1 4.4508E-1 4.41834E-1 4.41453E-1 4.44251E-1 4.50475E-1 4.49767E-1 4.45494E-1 4.36502E-1 4.32431E-1 4.3471E-1 4.38386E-1 4.53087E-1 4.33753E-1 4.35472E-1 4.38065E-1 4.35141E-1 4.34508E-1 -9999 -9999 -9999 -9999 -9999 -9999 -9999 -9999 -9999 -9999
6.10106E-1 5.1891E-1 5.36141E-1 5.12931E-1 5.06226E-1 5.12282E-1 4.98378E-1 4.843E-1 5.10914E-1 4.78769E-1 4.82593E-1 4.75868E-1 4.72093E-1 4.62862E-1 4.63087E-1 4.57358E-1 4.54134E-1 4.45705E-1 4.43027E-1 4.44033E-1 4.46043E-1 4.49772E-1 4.40332E-1 4.54642E-1 4.32443E-1 4.3727E-1 4.21443E-1 4.40975E-1 4.33271E-1 4.27031E-1 4.33985E-1 4.31498E-1 4.42173E-1 4.3882E-1 4.77201E-1 4.39887E-1 4.34886E-1 4.41288E-1 4.41206E-1 4.43141E-1 4.3439E-1 4.5641E-1 4.53214E-1 4.33458E-1 4.33289E-1 4.35504E-1 4.33601E-1 4.29996E-1 4.29839E-1 4.32258E-1 4.25776E-1 -9999 -9999 -9999 -9999 -9999 -9999 -9999 -9999 -9999 -9999
4.98304E-1 5.8581E-1 5.05994E-1 5.09227E-1 5.75876E-1 5.25113E-1 4.85934E-1 4.84496E-1 4.87117E-1 4.88693E-1 4.84421E-1 4.84315E-1 4.74009E-1 4.57698E-1 4.56129E-1 4.49294E-1 4.48433E-1 4.40432E-1 4.39731E-1 4.38645E-1 4.41229E-1 4.45515E-1 4.44779E-1 4.44331E-1 4.3776E-1 4.33717E-1 4.18986E-1 4.17666E-1 4.32545E-1 4.24889E-1 4.71938E-1 4.35386E-1 4.36758E-1 4.38045E-1 4.40569E-1 4.37048E-1 4.23899E-1 4.38446E-1 4.31486E-1 4.40435E-1 4.36987E-1 4.4306E-1 4.39474E-1 4.40654E-1 4.38164E-1 4.30482E-1 4.29581E-1 4.30118E-1 4.28584E-1 4.33101E-1 4.34322E-1 -9999 -9999 -9999 -9999 -9999 -9999 -9999 -9999 -9999 -9999
5.24536E-1 4.96346E-1 5.02173E-1 5.02406E-1 5.16173E-1 5.46849E-1 4.90489E-1 4.84094E-1 4.90642E-1 5.01347E-1 4.84375E-1 4.76893E-1 4.66855E-1 4.57188E-1 4.55692E-1 4.50962E-1 4.42886E-1 4.37754E-1 4.36545E-1 4.33547E-1 4.33493E-1 4.40686E-1 4.37239E-1 4.38646E-1 4.28683E-1 4.26228E-1 4.18696E-1 4.11952E-1 4.27984E-1 4.20389E-1 4.24756E-1 4.6732E-1 4.26958E-1 4.29557E-1 4.20292E-1 4.12577E-1 4.11592E-1 4.23974E-1 4.30886E-1 4.30123E-1 4.31522E-1 4.28956E-1 4.35885E-1 4.35951E-1 4.33011E-1 4.32891E-1 4.28165E-1 4.27382E-1 4.28965E-1 4.2722E-1 4.29405E-1 -9999 -9999 -9999 -9999 -9999 -9999 -9999 -9999 -9999 -9999
5.38931E-1 5.27347E-1 4.93373E-1 4.93162E-1 5.06138E-1 4.94055E-1 4.94261E-1 4.98358E-1 4.9089E-1 5.18036E-1 4.86679E-1 4.70591E-1 4.67733E-1 4.62915E-1 4.51038E-1 4.47E-1 4.40828E-1 4.40579E-1 4.31406E-1 4.31075E-1 4.29945E-1 4.26717E-1 4.33192E-1 4.28444E-1 4.21357E-1 4.2232E-1 4.29293E-1 5.32432E-1 4.19735E-1 4.28406E-1 4.06131E-1 4.26141E-1 4.17512E-1 4.18378E-1 4.18319E-1 4.23381E-1 4.19749E-1 4.22229E-1 4.08E-1 4.21186E-1 4.14611E-1 4.23647E-1 4.22465E-1 4.29283E-1 4.25661E-1 4.23052E-1 4.23911E-1 4.21412E-1 4.25558E-1 4.2352E-1 4.2501E-1 -9999 -9999 -9999 -9999 -9999 -9999 -9999 -9999 -9999 -9999
5.84459E-1 5.24675E-1 4.97705E-1 5.1519E-1 5.37205E-1 4.88288E-1 5.04937E-1 5.1289E-1 5.11875E-1 5.23951E-1 4.83004E-1 4.78903E-1 4.63877E-1 4.50723E-1 4.50821E-1 4.43874E-1 4.27477E-1 4.58351E-1 4.36843E-1 4.14002E-1 4.16609E-1 4.20639E-1 4.20227E-1 4.28124E-1 4.11888E-1 4.11023E-1 4.19066E-1 4.21898E-1 4.28099E-1 4.20584E-1 4.08441E-1 4.1904E-1 4.19195E-1 4.08912E-1 4.1206E-1 4.2378E-1 4.23563E-1 4.12865E-1 4.00041E-1 4.20866E-1 4.26182E-1 4.32489E-1 5.80144E-1 5.23217E-1 4.0887E-1 4.18341E-1 4.07787E-1 4.03006E-1 4.08266E-1 4.07271E-1 4.1584E-1 -9999 -9999 -9999 -9999 -9999 -9999 -9999 -9999 -9999 -9999
5.16318E-1 5.13967E-1 5.3887E-1 5.08905E-1 5.3386E-1 5.26102E-1 4.98886E-1 5.49532E-1 5.40684E-1 5.33125E-1 4.85397E-1 4.74553E-1 4.6356E-1 4.54908E-1 4.51624E-1 4.46192E-1 4.45829E-1 4.42994E-1 4.27982E-1 4.14391E-1 4.29758E-1 4.51402E-1 4.32491E-1 4.16458E-1 3.9737E-1 4.20869E-1 4.15898E-1 4.23398E-1 4.17241E-1 4.16586E-1 4.09993E-1 4.0429E-1 4.07227E-1 4.12093E-1 4.07801E-1 4.08916E-1 4.08195E-1 4.19313E-1 4.22251E-1 4.25468E-1 4.15688E-1 4.10327E-1 4.11551E-1 4.06277E-1 4.17739E-1 4.15651E-1 4.15918E-1 4.0436E-1 4.10358E-1 4.2184E-1 4.23913E-1 -9999 -9999 -9999 -9999 -9999 -9999 -9999 -9999 -9999 -9999
