Candidate_Models_July82022/M_10_F_lqp_Set_1_all/Bison.asc
ncols         290
nrows         380
xllcorner     -2197417.7431653
yllcorner     -584827.01486885
cellsize      10000.0
NODATA_value  -9999
[rows 324 to 350 of 380, columns 61 to 121 of 290]
1.24585E-4 1.13665E-4 1.20849E-4 1.21109E-4 1.14178E-4 1.01845E-4 1.44048E-4 1.18405E-4 1.06674E-4 1.26718E-4 1.33115E-4 1.16086E-4 1.12156E-4 1.21983E-4 1.25638E-4 1.13263E-4 1.16332E-4 1.26338E-4 1.24136E-4 1.07938E-4 2.25154E-4 1.22758E-4 1.41715E-4 2.34402E-4 2.02837E-4 2.46801E-4 2.32153E-4 2.58416E-4 1.84277E-4 2.45326E-4 2.10593E-4 2.31412E-4 2.0009E-4 1.30116E-4 1.24643E-4 1.18012E-4 2.00276E-4 2.08085E-4 3.98406E-4 1.92202E-4 1.75914E-4 1.16277E-4 2.42986E-4 1.06406E-4 1.62453E-4 5.31472E-5 7.43308E-5 1.74555E-4 1.66523E-4 1.69937E-4 3.10969E-4 1.06621E-4 1.24875E-4 2.2107E-4 1.9557E-4 1.35268E-4 1.36715E-4 2.75314E-4 2.99882E-4 3.06927E-4 2.57349E-4
1.15223E-4 1.2055E-4 1.24277E-4 1.23558E-4 1.20338E-4 1.00438E-4 1.5644E-4 1.57915E-4 1.40547E-4 9.7138E-5 9.47955E-5 9.62454E-5 1.1216E-4 1.27579E-4 1.16158E-4 1.11796E-4 1.32747E-4 1.27948E-4 1.00083E-4 1.22238E-4 2.25479E-4 2.16067E-4 1.58151E-4 1.18633E-4 2.31338E-4 1.86214E-4 2.21693E-4 2.17118E-4 2.31439E-4 2.36887E-4 2.68988E-4 2.34494E-4 1.98792E-4 2.37232E-4 1.38146E-4 1.30113E-4 1.02421E-4 1.33137E-4 2.57746E-4 1.31275E-4 1.20561E-4 1.72864E-4 1.12517E-4 1.37572E-4 8.90478E-5 0E0 4.58263E-4 1.95394E-4 2.49726E-4 1.63073E-4 2.857E-4 3.19191E-4 1.29866E-4 1.59847E-4 1.77784E-4 2.01762E-4 1.38169E-4 1.83888E-4 3.02805E-4 1.94828E-4 1.99552E-4
1.18603E-4 1.12375E-4 1.18726E-4 1.19862E-4 1.1729E-4 1.06008E-4 1.38602E-4 1.447E-4 1.22862E-4 1.07377E-4 1.18029E-4 1.15224E-4 9.59692E-5 1.07268E-4 1.09787E-4 1.08821E-4 9.67146E-5 9.84828E-5 1.22553E-4 1.70614E-4 1.4096E-4 2.32439E-4 1.5712E-4 1.46255E-4 1.4047E-4 2.42565E-4 2.19077E-4 2.51446E-4 2.54887E-4 2.77091E-4 2.87493E-4 2.4419E-4 3.00276E-4 1.98944E-4 9.40691E-5 1.23352E-4 9.81814E-5 1.50213E-4 1.41709E-4 1.1117E-4 1.18522E-4 1.27958E-4 8.24286E-5 1.2103E-4 1.18686E-4 1.14134E-4 9.75322E-5 1.55882E-4 2.10203E-4 1.8076E-4 1.63055E-4 2.99158E-4 1.93498E-4 1.03313E-4 3.23424E-4 2.80478E-4 1.39514E-4 1.4327E-4 3.34134E-4 3.39835E-4 3.27563E-4
1.00196E-4 1.18709E-4 1.17209E-4 1.13026E-4 1.12749E-4 1.42629E-4 1.67094E-4 1.11789E-4 9.41528E-5 1.24931E-4 1.35762E-4 9.55398E-5 9.12049E-5 1.10024E-4 1.16928E-4 1.1132E-4 1.1693E-4 1.2016E-4 1.26393E-4 1.44467E-4 1.63135E-4 2.17049E-4 1.38992E-4 1.60375E-4 1.08523E-4 1.53991E-4 2.43445E-4 2.15153E-4 2.49621E-4 2.65854E-4 2.47483E-4 2.40965E-4 2.74E-4 1.72179E-4 1.72137E-4 1.49371E-4 1.78761E-4 1.60253E-4 3.02351E-4 1.71586E-4 1.48361E-4 1.50778E-4 9.38588E-5 1.59199E-4 1.11773E-4 1.44432E-4 1.42774E-4 2.09449E-4 1.29621E-4 1.6031E-4 1.81281E-4 3.69864E-4 1.37366E-4 1.64811E-4 2.06114E-4 2.13613E-4 1.44406E-4 1.46146E-4 2.86973E-4 3.28721E-4 3.20509E-4
1.18827E-4 1.18271E-4 1.25982E-4 1.22852E-4 1.36107E-4 1.20054E-4 1.0295E-4 1.20705E-4 1.03872E-4 1.33153E-4 9.20252E-5 9.66319E-5 1.26078E-4 1.11603E-4 1.10638E-4 1.04591E-4 1.17543E-4 1.21054E-4 1.43724E-4 1.26824E-4 2.05532E-4 2.34659E-4 1.53609E-4 1.04397E-4 1.4279E-4 1.91888E-4 1.69457E-4 2.22163E-4 1.77767E-4 2.53477E-4 2.57444E-4 2.35996E-4 1.95702E-4 1.60472E-4 1.64933E-4 2.78872E-4 3.12234E-4 3.698E-4 4.13245E-4 3.90075E-4 2.66107E-4 2.27179E-4 1.85956E-4 2.19917E-4 9.06436E-5 1.26988E-4 1.86786E-4 1.49966E-4 1.38567E-4 1.50284E-4 2.43154E-4 3.23032E-4 1.91998E-4 1.47603E-4 1.45355E-4 1.53912E-4 1.43214E-4 1.43943E-4 1.82329E-4 2.42332E-4 3.28802E-4
1.23889E-4 1.17935E-4 1.14989E-4 1.45519E-4 1.25503E-4 1.16406E-4 9.81597E-5 1.35412E-4 1.7287E-4 1.10183E-4 8.29147E-5 1.30567E-4 1.1005E-4 1.01472E-4 1.14247E-4 1.19767E-4 1.94857E-4 2.13097E-4 2.17709E-4 1.62092E-4 2.83708E-4 2.5395E-4 1.30016E-4 9.22442E-5 1.55728E-4 1.30253E-4 1.21557E-4 1.30675E-4 1.67183E-4 2.20516E-4 2.71126E-4 2.49383E-4 2.71672E-4 1.62915E-4 1.24163E-4 1.54755E-4 2.81322E-4 3.7101E-4 3.9165E-4 3.64771E-4 4.14329E-4 3.65882E-4 2.37729E-4 3.92594E-4 3.31131E-4 1.4601E-4 1.51571E-4 1.23559E-4 1.53459E-4 1.38173E-4 1.53742E-4 1.55607E-4 1.54212E-4 1.53102E-4 1.47873E-4 1.42047E-4 1.52591E-4 1.41984E-4 1.61285E-4 3.32506E-4 2.52994E-4
1.18994E-4 1.16352E-4 1.11759E-4 1.08844E-4 1.46604E-4 1.1661E-4 1.0614E-4 1.39587E-4 1.5018E-4 1.06007E-4 9.82667E-5 1.09167E-4 1.07513E-4 1.1062E-4 1.13169E-4 1.23883E-4 1.48692E-4 1.39883E-4 1.21498E-4 1.1404E-4 1.73044E-4 2.02496E-4 1.13194E-4 1.32044E-4 1.06908E-4 1.21601E-4 1.7117E-4 1.91819E-4 2.39896E-4 2.72528E-4 2.73299E-4 2.78419E-4 1.93823E-4 1.83216E-4 1.49599E-4 1.58491E-4 1.65837E-4 1.48539E-4 1.65204E-4 1.75164E-4 1.56291E-4 1.39412E-4 1.93311E-4 2.37695E-4 2.86204E-4 2.39561E-4 3.38336E-4 2.04207E-4 1.63149E-4 1.47979E-4 1.55348E-4 1.57239E-4 1.46951E-4 1.32203E-4 1.46654E-4 1.56983E-4 1.34155E-4 1.44496E-4 1.74229E-4 3.44209E-4 2.8031E-4
1.08421E-4 1.07653E-4 1.07926E-4 1.13745E-4 1.86715E-4 1.31543E-4 1.34419E-4 1.45688E-4 1.82403E-4 1.03382E-4 1.23276E-4 1.18876E-4 1.12855E-4 1.18895E-4 1.14735E-4 1.14886E-4 1.25173E-4 9.21859E-5 1.19075E-4 1.34355E-4 1.32958E-4 1.26498E-4 1.31783E-4 1.671E-4 1.38589E-4 1.22031E-4 1.14629E-4 1.40659E-4 2.27839E-4 2.15329E-4 2.45119E-4 2.41608E-4 2.65905E-4 2.75659E-4 2.08994E-4 1.55412E-4 1.46457E-4 1.44038E-4 1.52948E-4 1.4185E-4 1.37845E-4 1.51208E-4 1.51596E-4 1.74141E-4 1.76149E-4 2.17541E-4 2.10025E-4 1.44121E-4 1.4847E-4 1.52355E-4 1.5225E-4 1.47827E-4 1.47834E-4 1.60064E-4 1.53494E-4 1.51944E-4 2.16226E-4 1.876E-4 2.12177E-4 1.93636E-4 3.30843E-4
1.17345E-4 1.51379E-4 1.25119E-4 1.22548E-4 1.19375E-4 1.19159E-4 1.25772E-4 1.43378E-4 1.10124E-4 1.20291E-4 1.22187E-4 1.16447E-4 1.17307E-4 1.13853E-4 1.11967E-4 1.32083E-4 1.19513E-4 1.19914E-4 1.1166E-4 1.42723E-4 1.3998E-4 1.48274E-4 9.12105E-5 1.42417E-4 1.58604E-4 1.94314E-4 1.22243E-4 1.20025E-4 1.94532E-4 2.43819E-4 2.48712E-4 1.92314E-4 2.29874E-4 2.3328E-4 2.28337E-4 2.23291E-4 2.22723E-4 2.22173E-4 2.05412E-4 2.59304E-4 1.94903E-4 1.42559E-4 1.52255E-4 2.44242E-4 2.68559E-4 1.43435E-4 1.45636E-4 1.4639E-4 1.44436E-4 1.43401E-4 1.48343E-4 1.46791E-4 1.48597E-4 1.52867E-4 1.47137E-4 1.44582E-4 3.46737E-4 3.35165E-4 3.20731E-4 2.92562E-4 2.60062E-4
1.20932E-4 1.28209E-4 1.23213E-4 1.11882E-4 9.8767E-5 9.92178E-5 1.11025E-4 1.18384E-4 1.13304E-4 1.20745E-4 1.19774E-4 1.20165E-4 1.16798E-4 1.17142E-4 1.27344E-4 1.22416E-4 1.22485E-4 1.2914E-4 1.21742E-4 1.36321E-4 1.40959E-4 1.29711E-4 1.32865E-4 1.31471E-4 1.40094E-4 2.18872E-4 1.04137E-4 9.85692E-5 1.12346E-4 2.377E-4 2.50077E-4 2.55082E-4 2.25815E-4 2.25879E-4 2.70162E-4 2.65583E-4 2.27284E-4 2.34076E-4 2.74827E-4 2.63471E-4 2.9389E-4 2.9061E-4 2.54064E-4 2.77327E-4 2.07469E-4 1.39282E-4 1.38722E-4 1.31163E-4 1.33699E-4 1.39852E-4 1.39911E-4 1.43789E-4 1.47186E-4 1.43424E-4 1.46706E-4 2.78773E-4 2.9094E-4 2.50061E-4 2.9819E-4 2.99833E-4 2.59414E-4
1.35823E-4 1.20509E-4 1.11968E-4 1.02486E-4 1.29301E-4 1.17397E-4 1.11363E-4 1.00214E-4 1.32891E-4 1.59875E-4 1.15779E-4 1.10499E-4 1.1872E-4 1.15259E-4 1.07436E-4 1.29268E-4 1.34994E-4 1.39268E-4 1.0081E-4 1.31593E-4 1.20069E-4 1.48176E-4 1.36395E-4 1.46925E-4 1.63973E-4 1.58576E-4 1.64342E-4 1.18966E-4 1.09281E-4 1.26176E-4 1.59242E-4 1.78283E-4 1.80648E-4 2.66985E-4 2.55991E-4 2.15913E-4 2.47206E-4 2.74462E-4 2.36841E-4 3.00419E-4 2.79835E-4 3.18751E-4 3.10671E-4 2.51424E-4 1.44634E-4 1.62241E-4 1.59019E-4 1.67789E-4 1.32594E-4 1.36261E-4 1.38962E-4 1.35281E-4 1.43225E-4 1.3657E-4 2.4261E-4 3.32145E-4 2.67529E-4 2.84776E-4 3.06981E-4 2.94284E-4 1.9967E-4
1.42597E-4 1.45446E-4 1.26337E-4 1.33502E-4 1.18277E-4 1.40346E-4 1.53859E-4 1.20109E-4 1.41608E-4 1.19121E-4 1.16459E-4 1.55978E-4 1.29883E-4 1.24225E-4 1.32925E-4 1.4682E-4 1.42686E-4 1.37125E-4 1.25323E-4 1.3164E-4 1.04837E-4 1.24588E-4 1.4795E-4 1.44213E-4 1.60794E-4 1.49077E-4 1.48418E-4 1.29696E-4 1.26258E-4 1.24472E-4 2.26733E-4 2.34393E-4 2.39398E-4 2.80764E-4 2.51841E-4 2.35598E-4 2.3223E-4 2.54422E-4 2.14809E-4 2.73717E-4 2.6077E-4 2.77072E-4 3.00741E-4 2.96606E-4 2.8914E-4 2.958E-4 2.40246E-4 3.09143E-4 1.73334E-4 1.46376E-4 1.66462E-4 1.40949E-4 1.58453E-4 3.30277E-4 2.76588E-4 3.29425E-4 3.47697E-4 2.77958E-4 3.25873E-4 2.27704E-4 1.60139E-4
1.54999E-4 1.34166E-4 1.38586E-4 1.14298E-4 1.34011E-4 1.93758E-4 1.54198E-4 1.39732E-4 1.18349E-4 1.23615E-4 1.34733E-4 1.51097E-4 1.57871E-4 1.23415E-4 1.40983E-4 1.49235E-4 1.50362E-4 1.35566E-4 1.40829E-4 1.21256E-4 1.51428E-4 1.4912E-4 1.36976E-4 1.5012E-4 1.597E-4 1.51396E-4 1.44949E-4 1.31637E-4 1.32462E-4 1.30775E-4 1.25477E-4 1.5793E-4 2.92284E-4 2.92393E-4 2.67942E-4 2.16253E-4 2.91948E-4 2.1482E-4 2.30076E-4 2.2395E-4 2.39654E-4 2.27756E-4 2.7166E-4 2.99107E-4 3.11203E-4 2.72513E-4 2.49498E-4 2.49931E-4 2.90319E-4 3.18263E-4 1.8166E-4 1.52167E-4 3.27477E-4 3.05111E-4 2.9831E-4 2.38452E-4 3.30322E-4 2.55325E-4 2.82429E-4 2.29619E-4 1.27822E-4
1.3827E-4 1.28304E-4 1.47857E-4 1.22116E-4 1.17866E-4 1.31076E-4 1.46174E-4 1.20287E-4 1.59808E-4 1.67283E-4 1.48636E-4 1.65117E-4 1.23091E-4 1.28611E-4 1.37345E-4 1.47728E-4 1.54802E-4 1.4194E-4 1.44905E-4 1.49061E-4 1.18296E-4 1.31554E-4 1.286E-4 1.47832E-4 1.42325E-4 1.41992E-4 1.45911E-4 1.46352E-4 1.37212E-4 1.33979E-4 1.19309E-4 1.3325E-4 1.98188E-4 2.6332E-4 1.93509E-4 1.5609E-4 2.72474E-4 2.26175E-4 2.33556E-4 2.1977E-4 2.33993E-4 2.72953E-4 2.82316E-4 2.60211E-4 2.64175E-4 2.79517E-4 2.27205E-4 2.31976E-4 2.2838E-4 2.90301E-4 2.04805E-4 1.71127E-4 2.63724E-4 2.70916E-4 3.06532E-4 2.71003E-4 2.97732E-4 1.72289E-4 1.58281E-4 1.53608E-4 1.38069E-4
-9999 -9999 -9999 -9999 1.23203E-4 1.33593E-4 1.34335E-4 1.5161E-4 1.07745E-4 1.48406E-4 1.33654E-4 1.15926E-4 1.6492E-4 1.6942E-4 1.58854E-4 1.63176E-4 1.58143E-4 1.55522E-4 1.59288E-4 1.43129E-4 1.13856E-4 1.44747E-4 1.19267E-4 1.23107E-4 1.48359E-4 1.40649E-4 1.43397E-4 1.47157E-4 1.39099E-4 1.34155E-4 1.27801E-4 1.99676E-4 1.74267E-4 1.61E-4 2.02514E-4 1.50693E-4 1.77707E-4 2.53696E-4 2.32453E-4 2.22433E-4 2.80033E-4 2.61522E-4 2.20859E-4 2.5921E-4 2.28072E-4 2.30572E-4 2.32143E-4 2.48238E-4 2.9714E-4 2.04368E-4 2.73607E-4 2.42549E-4 2.73515E-4 2.93228E-4 2.40583E-4 2.53788E-4 1.54183E-4 1.36144E-4 1.27079E-4 1.49736E-4 1.24344E-4
-9999 -9999 -9999 -9999 -9999 -9999 -9999 -9999 -9999 1.56466E-4 1.32918E-4 1.36428E-4 1.92742E-4 2.96403E-4 1.5709E-4 1.42014E-4 1.67712E-4 1.57855E-4 1.51216E-4 1.4539E-4 1.37112E-4 1.43989E-4 1.41258E-4 1.19512E-4 1.44634E-4 1.48918E-4 2.14021E-4 1.5154E-4 1.38406E-4 1.22392E-4 9.69595E-5 1.49066E-4 1.71093E-4 1.31749E-4 1.84158E-4 1.59965E-4 2.64806E-4 2.01801E-4 3.05821E-4 2.73207E-4 2.58997E-4 2.18723E-4 2.2469E-4 2.24144E-4 2.5252E-4 2.65383E-4 2.70172E-4 2.30368E-4 2.74446E-4 3.03117E-4 2.7093E-4 2.924E-4 2.0136E-4 2.92536E-4 1.58916E-4 1.4709E-4 1.67696E-4 1.12233E-4 1.40853E-4 1.58578E-4 1.2364E-4
-9999 -9999 -9999 -9999 -9999 -9999 -9999 -9999 -9999 -9999 -9999 -9999 -9999 1.98785E-4 9.86413E-5 1.09855E-4 1.62748E-4 1.49328E-4 1.5195E-4 1.37799E-4 1.44123E-4 1.24158E-4 1.3416E-4 1.34904E-4 1.43971E-4 1.67107E-4 1.53922E-4 1.49842E-4 1.44018E-4 1.23477E-4 1.24898E-4 1.13041E-4 1.55175E-4 1.59195E-4 1.7859E-4 1.75175E-4 1.42752E-4 1.39371E-4 2.69129E-4 2.82147E-4 2.03775E-4 2.03132E-4 2.35858E-4 2.53774E-4 2.53669E-4 2.20156E-4 2.20609E-4 2.58277E-4 2.43715E-4 2.67789E-4 2.72385E-4 2.38278E-4 1.6023E-4 2.93885E-4 1.36328E-4 1.70449E-4 2.56259E-4 1.86529E-4 2.70227E-4 2.97793E-4 2.02655E-4
-9999 -9999 -9999 -9999 -9999 -9999 -9999 -9999 -9999 -9999 -9999 -9999 -9999 -9999 -9999 -9999 -9999 1.6146E-4 1.47246E-4 1.40164E-4 1.44607E-4 1.27188E-4 1.49949E-4 1.4705E-4 1.53227E-4 2.63749E-4 1.58027E-4 1.60206E-4 1.23214E-4 1.36165E-4 1.41686E-4 1.19604E-4 1.6203E-4 1.57996E-4 2.17061E-4 2.32886E-4 1.68347E-4 1.37436E-4 2.80071E-4 2.05389E-4 1.1659E-4 1.28124E-4 1.42994E-4 1.87168E-4 2.47079E-4 2.17473E-4 2.19341E-4 2.64256E-4 1.90696E-4 2.77681E-4 2.99534E-4 1.51988E-4 1.34948E-4 2.6892E-4 1.5363E-4 2.43045E-4 1.70634E-4 1.53071E-4 2.98593E-4 3.05399E-4 9.76539E-5
-9999 -9999 -9999 -9999 -9999 -9999 -9999 -9999 -9999 -9999 -9999 -9999 -9999 -9999 -9999 -9999 -9999 -9999 -9999 -9999 -9999 1.44905E-4 1.42194E-4 1.47555E-4 1.71789E-4 2.67422E-4 2.01768E-4 1.2405E-4 1.60699E-4 1.27734E-4 1.386E-4 1.26506E-4 1.30833E-4 1.80346E-4 1.69035E-4 1.59294E-4 1.56988E-4 1.31207E-4 1.773E-4 1.29959E-4 1.52207E-4 1.1981E-4 1.5679E-4 1.33889E-4 2.79045E-4 2.8301E-4 2.08249E-4 3.82298E-4 1.92635E-4 2.80523E-4 3.12417E-4 2.21269E-4 1.36574E-4 2.70425E-4 2.0597E-4 2.98354E-4 2.17437E-4 1.38874E-4 3.11805E-4 3.3154E-4 8.5421E-5
-9999 -9999 -9999 -9999 -9999 -9999 -9999 -9999 -9999 -9999 -9999 -9999 -9999 -9999 -9999 -9999 -9999 -9999 -9999 -9999 -9999 -9999 -9999 -9999 -9999 1.4557E-4 1.36372E-4 1.58553E-4 1.61904E-4 1.0933E-4 1.57076E-4 1.43744E-4 1.0763E-4 1.67222E-4 1.39667E-4 1.90575E-4 1.78043E-4 1.16459E-4 1.62927E-4 1.45854E-4 1.43744E-4 1.28099E-4 1.40775E-4 1.22048E-4 1.41487E-4 1.46527E-4 2.09333E-4 1.67593E-4 1.26691E-4 2.78117E-4 2.82446E-4 1.99884E-4 1.35701E-4 2.1657E-4 3.04529E-4 2.35751E-4 2.30134E-4 1.71837E-4 1.9369E-4 2.80485E-4 2.18479E-4
-9999 -9999 -9999 -9999 -9999 -9999 -9999 -9999 -9999 -9999 -9999 -9999 -9999 -9999 -9999 -9999 -9999 -9999 -9999 -9999 -9999 -9999 -9999 -9999 -9999 -9999 -9999 -9999 -9999 -9999 1.60335E-4 9.16645E-5 8.99842E-5 1.66415E-4 1.80703E-4 1.4426E-4 1.60778E-4 1.37828E-4 1.3486E-4 1.41108E-4 1.53253E-4 1.37846E-4 1.61325E-4 1.25375E-4 1.34705E-4 1.76342E-4 3.00667E-4 1.56196E-4 2.10207E-4 2.69181E-4 1.45989E-4 1.79803E-4 1.85284E-4 1.84512E-4 3.02628E-4 2.27095E-4 1.81806E-4 3.46439E-4 2.52189E-4 2.52752E-4 2.27384E-4
-9999 -9999 -9999 -9999 -9999 -9999 -9999 -9999 -9999 -9999 -9999 -9999 -9999 -9999 -9999 -9999 -9999 -9999 -9999 -9999 -9999 -9999 -9999 -9999 -9999 -9999 -9999 -9999 -9999 -9999 -9999 -9999 -9999 -9999 1.58138E-4 1.49794E-4 1.57718E-4 1.35345E-4 1.28466E-4 1.8962E-4 1.47803E-4 1.39315E-4 1.65291E-4 1.40779E-4 1.53718E-4 1.62327E-4 2.59341E-4 1.94876E-4 2.91107E-4 2.5436E-4 1.75385E-4 1.85378E-4 1.97445E-4 1.90148E-4 3.28202E-4 2.81689E-4 3.06701E-4 2.35636E-4 1.75356E-4 2.50512E-4 3.15862E-4
-9999 -9999 -9999 -9999 -9999 -9999 -9999 -9999 -9999 -9999 -9999 -9999 -9999 -9999 -9999 -9999 -9999 -9999 -9999 -9999 -9999 -9999 -9999 -9999 -9999 -9999 -9999 -9999 -9999 -9999 -9999 -9999 -9999 -9999 -9999 -9999 -9999 -9999 1.35564E-4 1.7608E-4 1.45467E-4 1.41731E-4 1.5556E-4 1.16381E-4 1.39787E-4 1.34004E-4 1.57345E-4 1.15964E-4 1.59973E-4 2.16404E-4 2.65452E-4 3.03848E-4 3.3715E-4 3.02568E-4 2.89445E-4 3.02726E-4 2.38479E-4 2.71978E-4 1.89176E-4 3.34192E-4 2.55777E-4
-9999 -9999 -9999 -9999 -9999 -9999 -9999 -9999 -9999 -9999 -9999 -9999 -9999 -9999 -9999 -9999 -9999 -9999 -9999 -9999 -9999 -9999 -9999 -9999 -9999 -9999 -9999 -9999 -9999 -9999 -9999 -9999 -9999 -9999 -9999 -9999 -9999 -9999 -9999 -9999 -9999 -9999 1.36216E-4 1.41517E-4 1.38215E-4 1.41975E-4 1.58728E-4 2.43048E-4 2.74328E-4 1.51662E-4 2.83564E-4 3.15247E-4 2.93453E-4 3.13376E-4 2.64539E-4 3.39513E-4 2.68909E-4 2.48483E-4 1.5984E-4 2.64818E-4 2.63942E-4
-9999 -9999 -9999 -9999 -9999 -9999 -9999 -9999 -9999 -9999 -9999 -9999 -9999 -9999 -9999 -9999 -9999 -9999 -9999 -9999 -9999 -9999 -9999 -9999 -9999 -9999 -9999 -9999 -9999 -9999 -9999 -9999 -9999 -9999 -9999 -9999 -9999 -9999 -9999 -9999 -9999 -9999 -9999 -9999 -9999 -9999 1.41162E-4 1.95337E-4 2.91517E-4 2.37964E-4 3.01302E-4 3.1149E-4 3.39544E-4 2.74089E-4 3.32452E-4 3.19537E-4 3.23587E-4 2.45195E-4 3.49974E-4 2.78045E-4 2.71244E-4
-9999 -9999 -9999 -9999 -9999 -9999 -9999 -9999 -9999 -9999 -9999 -9999 -9999 -9999 -9999 -9999 -9999 -9999 -9999 -9999 -9999 -9999 -9999 -9999 -9999 -9999 -9999 -9999 -9999 -9999 -9999 -9999 -9999 -9999 -9999 -9999 -9999 -9999 -9999 -9999 -9999 -9999 -9999 -9999 -9999 -9999 -9999 -9999 -9999 -9999 -9999 2.27558E-4 2.96031E-4 3.05064E-4 3.14778E-4 3.0812E-4 3.18886E-4 3.36678E-4 2.68253E-4 3.00907E-4 2.9137E-4
-9999 -9999 -9999 -9999 -9999 -9999 -9999 -9999 -9999 -9999 -9999 -9999 -9999 -9999 -9999 -9999 -9999 -9999 -9999 -9999 -9999 -9999 -9999 -9999 -9999 -9999 -9999 -9999 -9999 -9999 -9999 -9999 -9999 -9999 -9999 -9999 -9999 -9999 -9999 -9999 -9999 -9999 -9999 -9999 -9999 -9999 -9999 -9999 -9999 -9999 -9999 -9999 -9999 -9999 -9999 2.90059E-4 3.10954E-4 2.86949E-4 3.10888E-4 3.61583E-4 3.17143E-4
