Candidate_Models_July82022/M_10_F_lqp_Set_1_all/Bison.asc
ncols         290
nrows         380
xllcorner     -2197417.7431653
yllcorner     -584827.01486885
cellsize      10000.0
NODATA_value  -9999
[rows 108 to 134 of 380, columns 183 to 243 of 290]
1.25704E-5 1.24566E-5 1.2523E-5 1.23349E-5 1.22441E-5 1.23127E-5 1.24441E-5 1.19811E-5 1.19203E-5 1.15734E-5 1.14536E-5 1.14822E-5 1.12221E-5 1.16156E-5 1.15229E-5 1.18716E-5 1.13967E-5 1.19982E-5 1.20685E-5 1.23105E-5 1.3328E-5 1.16753E-5 1.14927E-5 1.10801E-5 1.11431E-5 1.09672E-5 1.07155E-5 1.07983E-5 9.97984E-6 9.78232E-6 1.10631E-5 1.41429E-5 1.0953E-5 1.05997E-5 1.01229E-5 1.01195E-5 1.00546E-5 9.93072E-6 1.00981E-5 9.87763E-6 9.54442E-6 9.2496E-6 9.22071E-6 9.2916E-6 9.14344E-6 9.23757E-6 9.11553E-6 9.00863E-6 8.9141E-6 9.13299E-6 9.11622E-6 9.29542E-6 9.22722E-6 8.9578E-6 9.29451E-6 9.21353E-6 9.23885E-6 9.34494E-6 9.38878E-6 9.54554E-6 9.65282E-6
1.24908E-5 1.25363E-5 1.25671E-5 1.27677E-5 1.22456E-5 1.23199E-5 1.22622E-5 1.19742E-5 1.205E-5 1.1738E-5 1.20733E-5 1.14713E-5 1.15712E-5 1.21333E-5 1.12654E-5 1.19243E-5 1.20799E-5 1.16731E-5 1.2417E-5 1.21563E-5 1.18745E-5 1.19487E-5 1.11419E-5 1.10511E-5 1.12022E-5 1.09953E-5 1.06623E-5 1.03408E-5 9.90225E-6 9.68952E-6 9.66502E-6 1.01074E-5 1.16191E-5 1.05072E-5 1.00517E-5 1.01016E-5 1.02346E-5 1.01227E-5 9.88008E-6 9.98284E-6 9.94766E-6 9.63596E-6 9.52798E-6 9.2989E-6 9.30616E-6 9.28374E-6 9.12519E-6 9.1568E-6 9.21569E-6 8.88284E-6 9.18711E-6 8.72452E-6 8.93807E-6 9.02386E-6 9.21498E-6 9.61893E-6 1.02221E-5 9.44982E-6 9.45484E-6 9.54782E-6 9.7404E-6
1.27515E-5 1.25729E-5 1.25876E-5 1.28025E-5 1.26136E-5 1.23668E-5 1.21393E-5 1.21335E-5 1.23686E-5 1.2308E-5 1.20794E-5 1.19992E-5 1.19335E-5 1.19612E-5 1.2044E-5 1.18917E-5 1.19228E-5 1.1134E-5 1.2149E-5 1.18155E-5 1.19857E-5 1.17292E-5 1.16348E-5 1.12213E-5 1.08548E-5 1.09912E-5 1.06379E-5 1.04295E-5 9.75972E-6 9.92977E-6 9.77157E-6 1.04455E-5 1.10748E-5 1.02757E-5 1.0463E-5 1.05009E-5 1.01741E-5 1.02822E-5 1.01966E-5 1.00715E-5 9.98209E-6 9.83379E-6 9.64083E-6 9.5586E-6 9.62446E-6 9.70768E-6 9.45192E-6 9.12272E-6 9.16878E-6 9.18906E-6 9.02526E-6 9.23501E-6 9.2439E-6 9.2904E-6 9.53483E-6 9.70794E-6 9.23783E-6 9.12826E-6 1.06756E-5 1.04985E-5 1.00145E-5
1.29004E-5 1.3097E-5 1.3127E-5 1.26231E-5 1.28762E-5 1.27927E-5 1.22155E-5 1.23356E-5 1.24024E-5 1.22559E-5 1.19403E-5 1.20787E-5 1.19949E-5 1.19718E-5 1.22713E-5 1.21139E-5 1.23943E-5 1.18591E-5 1.20404E-5 1.17135E-5 1.16899E-5 1.19717E-5 1.17524E-5 1.159E-5 1.21371E-5 1.10095E-5 1.04459E-5 1.02357E-5 1.01106E-5 9.90405E-6 9.93276E-6 1.09051E-5 1.07486E-5 1.10176E-5 1.08731E-5 1.09632E-5 1.05966E-5 1.04857E-5 1.05361E-5 1.00231E-5 1.02831E-5 9.75465E-6 1.00124E-5 9.74173E-6 9.92512E-6 9.73741E-6 9.72644E-6 9.29691E-6 9.67561E-6 9.42214E-6 9.26238E-6 9.3786E-6 9.13671E-6 9.37797E-6 9.26706E-6 9.83255E-6 9.46713E-6 9.64124E-6 9.8047E-6 9.68016E-6 1.00961E-5
1.28634E-5 1.31434E-5 1.29732E-5 1.29944E-5 1.2718E-5 1.28157E-5 1.2576E-5 1.26109E-5 1.25383E-5 1.23344E-5 1.2449E-5 1.22897E-5 1.22699E-5 1.17568E-5 1.24799E-5 1.19721E-5 1.2802E-5 1.22501E-5 1.22642E-5 1.21624E-5 1.20137E-5 1.17561E-5 1.21541E-5 1.17233E-5 1.16307E-5 1.16298E-5 1.02043E-5 9.83993E-6 1.00177E-5 1.00734E-5 1.00695E-5 1.06065E-5 1.14531E-5 1.09446E-5 1.09536E-5 1.09394E-5 1.07126E-5 1.07026E-5 1.04681E-5 1.06986E-5 1.02013E-5 1.02904E-5 1.00845E-5 9.95265E-6 1.00027E-5 9.80926E-6 9.97272E-6 9.82613E-6 9.69379E-6 9.48889E-6 9.39768E-6 9.37425E-6 9.33616E-6 9.58346E-6 9.51102E-6 9.39471E-6 9.40379E-6 9.77518E-6 9.8764E-6 9.83633E-6 1.02468E-5
1.31128E-5 1.30049E-5 1.41378E-5 1.31676E-5 1.30903E-5 1.2846E-5 1.28208E-5 1.27885E-5 1.26441E-5 1.26239E-5 1.26257E-5 1.25096E-5 1.24714E-5 1.24936E-5 1.17693E-5 1.25007E-5 1.19928E-5 1.23194E-5 1.20749E-5 1.20362E-5 1.23663E-5 1.17696E-5 1.1414E-5 1.13922E-5 1.13848E-5 1.17195E-5 1.05747E-5 1.03237E-5 1.01727E-5 1.03163E-5 1.02991E-5 1.0662E-5 1.08807E-5 1.06405E-5 1.13498E-5 1.07764E-5 1.09575E-5 1.14169E-5 1.32432E-5 1.05396E-5 1.0419E-5 1.02434E-5 1.01667E-5 1.00294E-5 1.00808E-5 9.92305E-6 1.01473E-5 9.91028E-6 1.00151E-5 9.62841E-6 9.51905E-6 9.78232E-6 9.81892E-6 1.01929E-5 9.74975E-6 9.76216E-6 9.41466E-6 9.87537E-6 9.87164E-6 9.67364E-6 9.90541E-6
1.35305E-5 1.35499E-5 1.33591E-5 1.32396E-5 1.34834E-5 1.32768E-5 1.31026E-5 1.32862E-5 1.28865E-5 1.30522E-5 1.27383E-5 1.33931E-5 1.24895E-5 1.2488E-5 1.28743E-5 1.26053E-5 1.2617E-5 1.2135E-5 1.2237E-5 1.16168E-5 1.18043E-5 1.18762E-5 1.16988E-5 1.12335E-5 1.07468E-5 1.13394E-5 1.0792E-5 1.04131E-5 1.03507E-5 1.06326E-5 1.09125E-5 1.09658E-5 1.10733E-5 1.07962E-5 1.09678E-5 1.09778E-5 1.11435E-5 1.16408E-5 1.10762E-5 1.04214E-5 1.04547E-5 1.03206E-5 1.03088E-5 1.09378E-5 1.00258E-5 1.01625E-5 1.00425E-5 1.18553E-5 9.89496E-6 1.00682E-5 9.87072E-6 1.0098E-5 1.01147E-5 9.82835E-6 9.76925E-6 9.73006E-6 9.8047E-6 9.88009E-6 9.66979E-6 9.79122E-6 9.86758E-6
1.35424E-5 1.364E-5 1.35596E-5 1.3434E-5 1.35118E-5 1.34861E-5 1.30137E-5 1.29155E-5 1.29422E-5 1.31595E-5 1.28241E-5 1.27807E-5 1.31237E-5 1.30509E-5 1.30142E-5 1.28408E-5 1.21814E-5 1.24608E-5 2.04297E-5 1.26232E-5 1.22873E-5 1.19706E-5 1.18387E-5 1.14105E-5 1.11875E-5 1.09369E-5 1.07781E-5 1.0873E-5 1.04123E-5 1.06926E-5 1.09409E-5 1.11243E-5 1.08676E-5 1.11127E-5 1.0793E-5 1.11815E-5 1.08311E-5 1.13235E-5 1.0662E-5 1.0591E-5 1.09417E-5 1.07111E-5 1.03281E-5 1.02246E-5 1.02944E-5 9.98668E-6 1.24266E-5 1.26302E-5 9.84655E-6 1.00613E-5 1.02572E-5 1.02633E-5 1.03739E-5 9.66892E-6 1.00175E-5 9.93932E-6 1.01211E-5 9.76919E-6 9.67589E-6 9.80042E-6 9.94376E-6
1.3933E-5 1.36749E-5 1.35704E-5 1.35719E-5 1.33337E-5 1.3232E-5 1.29456E-5 1.28748E-5 1.30223E-5 1.29759E-5 1.33701E-5 1.28272E-5 1.31219E-5 1.31463E-5 1.2942E-5 1.27666E-5 1.23661E-5 1.219E-5 1.36281E-5 1.2534E-5 1.31903E-5 1.23399E-5 1.45489E-5 1.16875E-5 1.12644E-5 1.15199E-5 1.11558E-5 1.08604E-5 1.04811E-5 1.08085E-5 1.10967E-5 1.11205E-5 1.14315E-5 1.09421E-5 1.11321E-5 1.09454E-5 1.08346E-5 1.07928E-5 1.06653E-5 1.04668E-5 1.08209E-5 1.03778E-5 1.07907E-5 1.01923E-5 1.02333E-5 1.05164E-5 1.08261E-5 1.05407E-5 1.03543E-5 1.00722E-5 1.03285E-5 9.83636E-6 9.89044E-6 9.90618E-6 9.70278E-6 9.8615E-6 1.00109E-5 9.73953E-6 9.77307E-6 1.00418E-5 1.01825E-5
1.46618E-5 1.36948E-5 1.39472E-5 1.39441E-5 1.35154E-5 1.35218E-5 1.34821E-5 1.35398E-5 1.32059E-5 1.32483E-5 1.34204E-5 1.29755E-5 1.29727E-5 1.31382E-5 1.31516E-5 1.2678E-5 1.24663E-5 1.24373E-5 1.2435E-5 1.31314E-5 1.30048E-5 1.22214E-5 1.21449E-5 1.18639E-5 1.18728E-5 1.17938E-5 1.1299E-5 1.09276E-5 1.1209E-5 1.1478E-5 1.1372E-5 1.16058E-5 1.14647E-5 1.12623E-5 1.12625E-5 1.11178E-5 1.07921E-5 1.06704E-5 1.07852E-5 1.07101E-5 1.06667E-5 1.08493E-5 1.06961E-5 1.06388E-5 1.03579E-5 1.05793E-5 1.25555E-5 1.33235E-5 1.0438E-5 1.02248E-5 1.03115E-5 1.04028E-5 1.00214E-5 9.96272E-6 9.92158E-6 1.01056E-5 1.00964E-5 1.00992E-5 1.01795E-5 1.01231E-5 1.01321E-5
1.40622E-5 1.42954E-5 1.4142E-5 1.40912E-5 1.34616E-5 1.32565E-5 1.35966E-5 1.3744E-5 1.35994E-5 1.35902E-5 1.36133E-5 1.37541E-5 1.33688E-5 1.33763E-5 1.32499E-5 1.33207E-5 1.29886E-5 1.26557E-5 1.23552E-5 1.22735E-5 1.11723E-5 1.21031E-5 1.24657E-5 1.22142E-5 1.24103E-5 1.20259E-5 1.1946E-5 1.14734E-5 1.1957E-5 1.19998E-5 1.17373E-5 1.19568E-5 1.17597E-5 1.12756E-5 1.12696E-5 1.13099E-5 1.10162E-5 1.09809E-5 1.07602E-5 1.08474E-5 1.07643E-5 1.06644E-5 1.10505E-5 1.07187E-5 1.07109E-5 1.08662E-5 1.12948E-5 1.0841E-5 1.05522E-5 1.04884E-5 1.06137E-5 1.03893E-5 1.0121E-5 1.00943E-5 1.01185E-5 1.00141E-5 1.00016E-5 9.9135E-6 1.00944E-5 1.01539E-5 1.05247E-5
1.42401E-5 1.398E-5 1.41902E-5 1.37076E-5 1.38292E-5 1.35023E-5 1.35354E-5 1.34854E-5 1.38576E-5 1.37669E-5 1.36021E-5 1.30226E-5 1.35428E-5 1.33458E-5 1.30791E-5 1.32527E-5 1.27053E-5 1.26854E-5 1.2951E-5 1.26731E-5 1.30619E-5 1.25778E-5 1.24045E-5 1.22662E-5 1.24282E-5 1.23692E-5 1.24341E-5 1.25391E-5 1.2578E-5 1.24154E-5 1.23318E-5 1.20591E-5 1.18245E-5 1.15711E-5 1.13425E-5 1.12238E-5 1.11117E-5 1.11516E-5 1.10375E-5 1.07937E-5 1.0793E-5 1.06884E-5 1.0885E-5 1.08716E-5 1.13831E-5 1.10987E-5 1.06536E-5 1.08461E-5 1.04534E-5 1.0836E-5 1.06266E-5 1.05023E-5 1.04043E-5 1.02686E-5 1.01973E-5 1.01806E-5 1.05173E-5 1.04612E-5 1.02972E-5 1.03736E-5 1.08372E-5
1.42526E-5 1.4395E-5 1.42186E-5 1.41693E-5 1.48833E-5 1.3592E-5 1.35543E-5 1.35401E-5 1.35204E-5 1.37707E-5 1.37597E-5 1.36145E-5 1.3448E-5 1.35723E-5 1.3136E-5 1.31985E-5 1.30967E-5 1.27864E-5 1.31803E-5 1.33019E-5 1.42826E-5 1.2742E-5 1.25551E-5 1.23483E-5 1.2782E-5 1.28243E-5 1.30857E-5 1.31416E-5 1.29799E-5 1.29596E-5 1.27996E-5 1.19942E-5 1.20765E-5 1.1819E-5 1.1563E-5 1.13821E-5 1.11372E-5 1.10294E-5 1.10321E-5 1.10312E-5 1.11369E-5 1.10027E-5 1.10991E-5 1.0992E-5 1.13419E-5 1.09907E-5 1.09376E-5 1.08311E-5 1.08016E-5 1.08335E-5 1.08984E-5 1.07651E-5 1.03328E-5 1.04541E-5 1.04649E-5 1.02703E-5 1.03303E-5 1.03944E-5 1.05295E-5 1.08267E-5 1.09753E-5
1.4235E-5 1.43943E-5 1.44117E-5 1.49617E-5 1.40873E-5 1.37837E-5 1.37645E-5 1.35855E-5 1.3509E-5 1.34928E-5 1.38304E-5 1.32404E-5 1.457E-5 1.38493E-5 1.35905E-5 1.34124E-5 1.33775E-5 1.32548E-5 1.3452E-5 1.34739E-5 1.25348E-5 1.27085E-5 1.28166E-5 1.25253E-5 1.36752E-5 1.3437E-5 1.32404E-5 1.3318E-5 1.35143E-5 1.29866E-5 1.2851E-5 1.24336E-5 1.21719E-5 1.17356E-5 1.14053E-5 1.1345E-5 1.1324E-5 1.13382E-5 1.12665E-5 1.13749E-5 1.13298E-5 1.12076E-5 1.12828E-5 1.11993E-5 1.2518E-5 1.14432E-5 1.14655E-5 1.13206E-5 1.11774E-5 1.11669E-5 1.11202E-5 1.1142E-5 1.10729E-5 1.08798E-5 1.04816E-5 1.05466E-5 1.07883E-5 1.08479E-5 1.08828E-5 1.09999E-5 1.07738E-5
1.42644E-5 1.4371E-5 1.44072E-5 1.42964E-5 1.4075E-5 1.38588E-5 1.41563E-5 1.36381E-5 1.36436E-5 1.36747E-5 1.48828E-5 1.36508E-5 1.41468E-5 1.36642E-5 1.36101E-5 1.34065E-5 1.36389E-5 1.36703E-5 1.3038E-5 1.33278E-5 1.275E-5 1.28593E-5 1.27192E-5 1.25257E-5 1.314E-5 1.3618E-5 1.3453E-5 1.35328E-5 1.32469E-5 1.30418E-5 1.28451E-5 1.28318E-5 1.2409E-5 1.18764E-5 1.20802E-5 1.15945E-5 1.12112E-5 1.14075E-5 1.13251E-5 1.14774E-5 1.14174E-5 1.15113E-5 1.12922E-5 1.12892E-5 1.15862E-5 1.17414E-5 1.15932E-5 1.20374E-5 1.14305E-5 1.12663E-5 1.12667E-5 1.11422E-5 1.11477E-5 1.09949E-5 1.09731E-5 1.11366E-5 1.11215E-5 1.1102E-5 1.08923E-5 1.11932E-5 1.11043E-5
1.44439E-5 1.44269E-5 1.56207E-5 1.4551E-5 1.44482E-5 1.44432E-5 1.40803E-5 1.39335E-5 1.41549E-5 1.41128E-5 1.46893E-5 1.38824E-5 1.39281E-5 1.37425E-5 1.38847E-5 1.35993E-5 1.37157E-5 1.36011E-5 1.3257E-5 1.33951E-5 1.31384E-5 1.29876E-5 1.26322E-5 1.27717E-5 1.30658E-5 1.31122E-5 1.32777E-5 1.33752E-5 1.33438E-5 1.2899E-5 1.27889E-5 1.26789E-5 1.25534E-5 1.19321E-5 1.18996E-5 1.18123E-5 1.16897E-5 1.16657E-5 1.16314E-5 1.19528E-5 1.19062E-5 1.18954E-5 1.15096E-5 1.17155E-5 1.19242E-5 1.14769E-5 1.20556E-5 1.18668E-5 1.16097E-5 1.14146E-5 1.16042E-5 1.17105E-5 1.11803E-5 1.10879E-5 1.13811E-5 1.15605E-5 1.13685E-5 1.12046E-5 1.13215E-5 1.13195E-5 1.14596E-5
1.48453E-5 1.44133E-5 1.4845E-5 1.46843E-5 1.44913E-5 1.40951E-5 1.41672E-5 1.38284E-5 1.42721E-5 1.42376E-5 1.73563E-5 1.39998E-5 1.4023E-5 1.40499E-5 1.39495E-5 1.35641E-5 1.39122E-5 1.35042E-5 1.34652E-5 1.33182E-5 1.34859E-5 1.33958E-5 1.27658E-5 1.27761E-5 1.26745E-5 1.28963E-5 1.29E-5 1.32003E-5 1.28844E-5 1.28136E-5 1.27556E-5 1.25228E-5 1.22521E-5 1.20793E-5 1.22537E-5 1.1932E-5 1.18467E-5 1.17681E-5 1.20773E-5 1.20632E-5 1.18924E-5 1.20012E-5 1.19049E-5 1.22675E-5 1.2239E-5 1.23703E-5 1.23845E-5 1.2378E-5 1.22507E-5 1.18457E-5 1.16331E-5 1.162E-5 1.18644E-5 1.16543E-5 1.16944E-5 1.15381E-5 1.13077E-5 1.15081E-5 1.13525E-5 1.14189E-5 1.16179E-5
1.48831E-5 1.45418E-5 1.46411E-5 1.45091E-5 1.46828E-5 1.42446E-5 1.44244E-5 1.44145E-5 1.43441E-5 1.4861E-5 1.40613E-5 1.41748E-5 1.40939E-5 1.4461E-5 1.52348E-5 1.39497E-5 1.37861E-5 1.36198E-5 1.35701E-5 1.35854E-5 1.3691E-5 1.32518E-5 1.28007E-5 1.28259E-5 1.23731E-5 1.2407E-5 1.26806E-5 1.29358E-5 1.27207E-5 1.28728E-5 1.30029E-5 1.25197E-5 1.23292E-5 1.21467E-5 1.23715E-5 1.23455E-5 1.24094E-5 1.20001E-5 1.21535E-5 1.20579E-5 1.20249E-5 1.20493E-5 1.26968E-5 1.22132E-5 1.24779E-5 1.29079E-5 1.26904E-5 1.31745E-5 1.23344E-5 1.19221E-5 1.32412E-5 1.14795E-5 1.1703E-5 1.17644E-5 1.1699E-5 1.1677E-5 1.17366E-5 1.16255E-5 1.1627E-5 1.17008E-5 1.20307E-5
1.53958E-5 1.51469E-5 1.44335E-5 1.45065E-5 1.47346E-5 1.42518E-5 1.45828E-5 1.44692E-5 1.45265E-5 1.47787E-5 1.49854E-5 1.43125E-5 1.43105E-5 1.41174E-5 1.41192E-5 1.37214E-5 1.38826E-5 1.3857E-5 1.37299E-5 1.41756E-5 1.3252E-5 1.34221E-5 1.34619E-5 1.29684E-5 1.26553E-5 1.23818E-5 1.20978E-5 1.26361E-5 1.28314E-5 1.28425E-5 1.23584E-5 1.25998E-5 1.2528E-5 1.24203E-5 1.27427E-5 1.26963E-5 1.26166E-5 1.25878E-5 1.24376E-5 1.23877E-5 1.22201E-5 1.22561E-5 1.25017E-5 1.22944E-5 1.24002E-5 1.25888E-5 1.24522E-5 1.30563E-5 1.23379E-5 1.24293E-5 1.24211E-5 1.17574E-5 1.31671E-5 1.18095E-5 1.26499E-5 1.18232E-5 1.19907E-5 1.21163E-5 1.1821E-5 1.18349E-5 1.1886E-5
1.50226E-5 1.59031E-5 1.52477E-5 1.4862E-5 1.51474E-5 1.49118E-5 1.46636E-5 1.46042E-5 1.50896E-5 1.44277E-5 1.44634E-5 1.4627E-5 1.44835E-5 1.47811E-5 1.43601E-5 1.43411E-5 1.41187E-5 1.43617E-5 1.3993E-5 1.36784E-5 1.34406E-5 1.36595E-5 1.3261E-5 1.30362E-5 1.30053E-5 1.26119E-5 1.23582E-5 1.25725E-5 1.26572E-5 1.25471E-5 1.23503E-5 1.26172E-5 1.23725E-5 1.24921E-5 1.29083E-5 1.27119E-5 1.24882E-5 1.28093E-5 1.22749E-5 1.21714E-5 1.23219E-5 1.24358E-5 1.2269E-5 1.22545E-5 1.24743E-5 1.25271E-5 1.247E-5 1.28256E-5 1.24557E-5 1.26428E-5 1.23136E-5 1.21079E-5 1.26303E-5 1.21344E-5 1.17436E-5 1.21434E-5 1.21301E-5 1.21722E-5 1.20202E-5 1.22509E-5 1.20687E-5
1.55103E-5 1.59503E-5 1.45476E-5 1.49545E-5 1.50021E-5 1.4991E-5 1.50371E-5 1.49002E-5 1.55832E-5 1.45348E-5 1.48669E-5 1.61942E-5 1.42747E-5 1.42863E-5 1.4478E-5 1.41144E-5 1.41127E-5 1.40918E-5 1.42444E-5 1.38933E-5 1.41835E-5 1.35851E-5 1.37492E-5 1.34231E-5 1.2639E-5 1.28232E-5 1.27166E-5 1.27838E-5 1.218E-5 1.24466E-5 1.25038E-5 1.26058E-5 1.26547E-5 1.31092E-5 1.29056E-5 1.27219E-5 1.25275E-5 1.27206E-5 1.25608E-5 1.23937E-5 1.23912E-5 1.2423E-5 1.21786E-5 1.23672E-5 1.23763E-5 1.26477E-5 1.28497E-5 1.25698E-5 1.24753E-5 1.25149E-5 1.24448E-5 1.23388E-5 1.23273E-5 1.23294E-5 1.22804E-5 1.2281E-5 1.22517E-5 1.22199E-5 1.22776E-5 1.2432E-5 1.25498E-5
1.57103E-5 1.52193E-5 1.51119E-5 1.51823E-5 1.47009E-5 1.49603E-5 1.46842E-5 1.49968E-5 1.48667E-5 1.44238E-5 1.5052E-5 1.50716E-5 1.48075E-5 1.46366E-5 1.42253E-5 1.44198E-5 1.41087E-5 1.41926E-5 1.54204E-5 1.39871E-5 1.40793E-5 1.36867E-5 1.40548E-5 1.30727E-5 1.31635E-5 1.28406E-5 1.25398E-5 1.29403E-5 1.27902E-5 1.22633E-5 1.27596E-5 1.267E-5 1.29018E-5 1.29648E-5 1.31755E-5 1.31072E-5 1.29566E-5 1.29666E-5 1.28934E-5 1.27132E-5 1.25131E-5 1.26846E-5 1.27294E-5 1.26745E-5 1.29735E-5 1.27384E-5 1.27776E-5 1.26009E-5 1.27524E-5 1.30632E-5 1.28918E-5 1.25599E-5 1.24469E-5 1.21534E-5 1.22695E-5 1.25093E-5 1.24298E-5 1.24855E-5 1.23715E-5 1.22731E-5 1.27782E-5
1.50771E-5 1.5311E-5 1.5046E-5 1.50756E-5 1.43162E-5 1.51917E-5 1.45058E-5 1.45187E-5 1.49851E-5 1.46829E-5 1.45217E-5 1.44969E-5 1.4541E-5 1.46084E-5 1.44569E-5 1.42837E-5 1.46392E-5 1.4334E-5 1.42197E-5 1.43858E-5 1.46443E-5 1.408E-5 1.39718E-5 1.39128E-5 1.35586E-5 1.2945E-5 1.28661E-5 1.28573E-5 1.27398E-5 1.26124E-5 1.25489E-5 1.29908E-5 1.28598E-5 1.28822E-5 1.3247E-5 1.3294E-5 1.31512E-5 1.31594E-5 1.32505E-5 1.28898E-5 1.29028E-5 1.29934E-5 1.33612E-5 1.30386E-5 1.35777E-5 1.29087E-5 1.31155E-5 1.76474E-5 1.33549E-5 1.31546E-5 1.34864E-5 1.29896E-5 1.25414E-5 1.2509E-5 1.26152E-5 1.28498E-5 1.29578E-5 1.2823E-5 1.28429E-5 1.32135E-5 1.3641E-5
1.46512E-5 1.4813E-5 1.43328E-5 1.46942E-5 1.47385E-5 1.45494E-5 1.44451E-5 1.4707E-5 1.47939E-5 1.52649E-5 1.47963E-5 1.4834E-5 1.5526E-5 1.4595E-5 1.44176E-5 1.47209E-5 1.46246E-5 1.43686E-5 1.43364E-5 1.37836E-5 1.46128E-5 1.47158E-5 1.39881E-5 1.42716E-5 1.38294E-5 1.36829E-5 1.31177E-5 1.34561E-5 1.27641E-5 1.3147E-5 1.29593E-5 1.325E-5 1.34376E-5 1.34313E-5 1.33325E-5 1.32115E-5 1.36358E-5 1.31831E-5 1.30596E-5 1.33039E-5 1.3384E-5 1.35074E-5 1.33073E-5 1.30662E-5 1.30672E-5 1.30154E-5 1.32278E-5 1.33508E-5 1.34475E-5 1.33963E-5 1.82903E-5 1.56654E-5 1.29435E-5 1.30375E-5 1.29121E-5 1.30203E-5 1.29899E-5 1.30624E-5 1.31122E-5 1.31438E-5 1.3743E-5
1.38238E-5 1.46469E-5 1.42553E-5 1.49514E-5 1.47637E-5 1.44362E-5 1.47738E-5 1.47637E-5 1.4831E-5 1.49518E-5 1.54497E-5 1.51817E-5 1.56489E-5 1.48065E-5 1.45301E-5 1.49066E-5 1.47311E-5 1.46149E-5 1.54201E-5 1.53088E-5 1.49863E-5 1.45592E-5 1.43346E-5 1.42233E-5 1.41212E-5 1.33373E-5 1.34284E-5 1.34724E-5 1.3761E-5 1.29268E-5 1.36071E-5 1.34698E-5 1.36198E-5 1.40057E-5 1.38714E-5 1.36926E-5 1.33419E-5 1.3306E-5 1.30022E-5 1.33356E-5 1.3292E-5 1.32704E-5 1.32478E-5 1.28939E-5 1.27192E-5 1.29569E-5 1.35365E-5 1.319E-5 1.36511E-5 1.36253E-5 1.35359E-5 1.39325E-5 1.35516E-5 1.29842E-5 1.29748E-5 1.30216E-5 1.35997E-5 1.32864E-5 1.34714E-5 1.36723E-5 1.4145E-5
1.42415E-5 1.40659E-5 1.50427E-5 1.47011E-5 1.51121E-5 1.52603E-5 1.44517E-5 1.49614E-5 1.51745E-5 1.57012E-5 1.4831E-5 1.46757E-5 1.4701E-5 1.49008E-5 1.46149E-5 1.3817E-5 1.44723E-5 1.50637E-5 1.47396E-5 1.38469E-5 1.48662E-5 1.44572E-5 1.45461E-5 1.40917E-5 1.41457E-5 1.35998E-5 1.42678E-5 1.41665E-5 1.36028E-5 1.3408E-5 1.3599E-5 1.38296E-5 1.43131E-5 1.43395E-5 1.37903E-5 1.36944E-5 1.37275E-5 1.34346E-5 1.35638E-5 1.31137E-5 1.33602E-5 1.31078E-5 1.33823E-5 1.34541E-5 1.34387E-5 1.33734E-5 1.33095E-5 1.31677E-5 1.34474E-5 1.36454E-5 1.36174E-5 1.36216E-5 1.3432E-5 1.34489E-5 1.30965E-5 1.3289E-5 1.35038E-5 1.38695E-5 1.38171E-5 1.38117E-5 1.3975E-5
1.44811E-5 1.46164E-5 1.46591E-5 1.64858E-5 1.50587E-5 1.49777E-5 1.49267E-5 1.46414E-5 1.53783E-5 1.5116E-5 1.49525E-5 1.47768E-5 1.46859E-5 1.5374E-5 1.51811E-5 1.44064E-5 1.46009E-5 1.50006E-5 1.50412E-5 1.43219E-5 1.40638E-5 1.43011E-5 1.5795E-5 1.46935E-5 1.49412E-5 1.44089E-5 1.38997E-5 1.40088E-5 1.40634E-5 1.38134E-5 1.43661E-5 1.42922E-5 1.42739E-5 1.45417E-5 1.43846E-5 1.38622E-5 1.38926E-5 1.38463E-5 1.40554E-5 1.3668E-5 1.35551E-5 1.36436E-5 1.40025E-5 1.36729E-5 1.37875E-5 1.36454E-5 1.41186E-5 1.37581E-5 1.34683E-5 1.35706E-5 1.50092E-5 1.41375E-5 1.41345E-5 1.36422E-5 1.35961E-5 1.38717E-5 1.41376E-5 1.45071E-5 1.422E-5 1.36697E-5 1.39938E-5
