Candidate_Models_July82022/M_10_F_lqp_Set_1_all/Bison.asc
ncols         290
nrows         380
xllcorner     -2197417.7431653
yllcorner     -584827.01486885
cellsize      10000.0
NODATA_value  -9999
[rows 324 to 350 of 380, columns 183 to 243 of 290]
2.66679E-4 1.74274E-4 1.43397E-4 2.41313E-4 2.43547E-4 2.00223E-4 1.97974E-4 2.26711E-4 1.925E-4 1.9449E-4 1.97108E-4 2.06172E-4 2.13393E-4 2.02099E-4 1.98478E-4 1.99128E-4 2.0846E-4 2.08447E-4 2.08253E-4 1.99025E-4 2.0225E-4 1.95228E-4 1.99318E-4 2.01172E-4 2.02849E-4 2.04426E-4 2.14109E-4 2.10455E-4 2.07651E-4 2.53645E-4 2.59967E-4 2.26066E-4 2.62676E-4 2.21381E-4 2.23641E-4 2.17159E-4 2.21091E-4 2.2283E-4 2.1962E-4 2.23575E-4 2.25831E-4 2.24097E-4 2.24521E-4 2.2462E-4 2.20669E-4 2.22534E-4 2.23271E-4 2.27339E-4 2.35323E-4 2.20041E-4 2.18291E-4 2.14539E-4 2.09271E-4 2.13789E-4 2.33557E-4 2.75669E-4 2.43342E-4 2.15305E-4 2.22832E-4 2.18973E-4 2.10714E-4
1.39147E-4 8.91856E-5 1.65575E-4 2.35734E-4 2.45559E-4 2.00343E-4 1.86347E-4 1.97218E-4 1.96069E-4 1.88182E-4 1.93976E-4 2.01007E-4 2.05273E-4 2.07868E-4 2.05253E-4 2.02981E-4 2.03976E-4 2.06791E-4 1.99449E-4 2.04806E-4 2.15545E-4 2.16312E-4 2.13965E-4 1.92302E-4 1.77872E-4 1.93087E-4 2.09593E-4 1.95001E-4 2.22283E-4 2.10908E-4 2.09683E-4 2.74196E-4 2.21927E-4 2.16999E-4 2.17102E-4 2.20716E-4 2.2501E-4 2.21108E-4 2.16101E-4 2.1769E-4 2.19293E-4 2.18428E-4 2.23045E-4 2.2059E-4 2.21395E-4 2.21144E-4 2.22163E-4 2.20503E-4 2.19235E-4 2.19089E-4 2.17338E-4 2.17675E-4 2.13289E-4 2.17867E-4 2.2411E-4 2.40995E-4 2.2531E-4 2.25979E-4 2.5619E-4 2.49169E-4 2.53334E-4
9.75263E-5 1.16099E-4 2.25244E-4 2.67904E-4 2.67997E-4 2.7286E-4 2.64242E-4 2.11844E-4 2.08091E-4 1.80361E-4 1.93378E-4 1.94384E-4 2.03245E-4 2.07598E-4 2.05702E-4 2.07797E-4 2.10359E-4 1.99303E-4 2.06859E-4 2.15937E-4 1.90864E-4 1.98982E-4 2.02563E-4 1.9544E-4 1.99235E-4 1.99422E-4 2.15863E-4 2.03277E-4 2.14241E-4 2.1381E-4 2.23761E-4 2.54919E-4 2.70012E-4 2.19E-4 2.18754E-4 2.19051E-4 2.18387E-4 2.11957E-4 2.21655E-4 2.23011E-4 2.23606E-4 2.2068E-4 2.16486E-4 2.16848E-4 2.17104E-4 2.22339E-4 2.24518E-4 2.22025E-4 2.26205E-4 2.21177E-4 2.20632E-4 2.38039E-4 2.08465E-4 2.16758E-4 2.17345E-4 2.22572E-4 2.27448E-4 2.2059E-4 2.28197E-4 2.67501E-4 2.34975E-4
2.43699E-4 3.07003E-4 2.66657E-4 1.54988E-4 7.91609E-5 5.54634E-5 9.9743E-5 1.33704E-4 2.90597E-4 2.25195E-4 2.01573E-4 1.944E-4 1.93222E-4 2.05339E-4 2.05107E-4 2.12803E-4 2.08772E-4 2.04856E-4 2.08304E-4 1.99544E-4 1.83371E-4 1.93806E-4 2.03478E-4 2.17397E-4 2.00187E-4 1.85197E-4 2.07026E-4 2.07296E-4 2.15266E-4 2.13465E-4 2.19608E-4 2.52423E-4 2.36281E-4 2.61729E-4 2.18747E-4 2.23759E-4 2.20917E-4 2.19941E-4 2.22327E-4 2.29411E-4 2.20635E-4 2.19237E-4 2.2194E-4 2.19294E-4 2.17633E-4 2.1462E-4 2.16665E-4 2.23403E-4 2.25436E-4 2.25007E-4 2.1983E-4 2.17871E-4 2.13372E-4 2.19742E-4 2.15999E-4 2.3924E-4 2.21318E-4 2.22063E-4 2.20693E-4 2.23426E-4 2.53886E-4
2.60645E-4 2.91718E-4 2.88442E-4 9.22552E-5 1.06212E-4 7.53751E-5 7.45178E-5 8.63428E-5 7.28529E-5 2.82019E-4 1.8719E-4 1.86194E-4 1.91769E-4 1.82527E-4 1.87629E-4 1.9388E-4 1.95558E-4 2.01233E-4 1.93015E-4 2.00854E-4 2.00368E-4 2.07471E-4 2.03952E-4 2.03673E-4 2.00547E-4 2.10509E-4 2.14471E-4 2.07718E-4 1.95862E-4 2.17574E-4 2.17748E-4 2.21235E-4 2.13831E-4 2.44402E-4 2.38318E-4 2.2215E-4 2.14611E-4 2.23292E-4 2.23879E-4 2.22299E-4 2.30345E-4 2.27982E-4 2.12326E-4 2.27072E-4 2.20324E-4 2.33125E-4 2.21669E-4 2.22959E-4 2.24214E-4 2.23137E-4 2.50987E-4 2.26326E-4 2.17617E-4 2.17478E-4 2.165E-4 2.18325E-4 2.50071E-4 2.71653E-4 2.74653E-4 2.43242E-4 2.23405E-4
2.99265E-4 2.86125E-4 3.08937E-4 9.97472E-5 1.08086E-4 7.97091E-5 8.77691E-5 9.49335E-5 7.1921E-5 2.43398E-4 2.19708E-4 1.92507E-4 2.01283E-4 2.01017E-4 2.05792E-4 2.01992E-4 1.9184E-4 2.21343E-4 2.12637E-4 2.04298E-4 2.0079E-4 2.0391E-4 2.05426E-4 2.01725E-4 2.03589E-4 2.0743E-4 2.03555E-4 2.10448E-4 2.09927E-4 2.02165E-4 2.20476E-4 2.16659E-4 2.1243E-4 2.06367E-4 2.53476E-4 2.41498E-4 2.6217E-4 2.45082E-4 2.22721E-4 2.26613E-4 2.30791E-4 2.23511E-4 2.21194E-4 2.23762E-4 2.23402E-4 2.20452E-4 2.18545E-4 2.19301E-4 2.26094E-4 2.20792E-4 2.21799E-4 2.15182E-4 2.15198E-4 2.16083E-4 2.15515E-4 2.17029E-4 2.80351E-4 2.83009E-4 2.27112E-4 2.67334E-4 2.31823E-4
1.74756E-4 2.85919E-4 2.941E-4 2.3868E-4 9.928E-5 8.58011E-5 7.7457E-5 7.56197E-5 7.23729E-5 8.97608E-5 2.59298E-4 1.95745E-4 1.84573E-4 1.92275E-4 1.92686E-4 2.01646E-4 2.03532E-4 1.82978E-4 1.89768E-4 1.90659E-4 2.04924E-4 2.0787E-4 2.006E-4 2.04815E-4 1.95974E-4 2.00321E-4 2.05144E-4 2.07897E-4 2.11351E-4 2.13038E-4 2.02156E-4 2.11417E-4 2.07836E-4 2.15429E-4 2.17828E-4 2.23188E-4 2.2293E-4 2.53605E-4 2.3445E-4 2.71932E-4 2.48228E-4 2.20989E-4 2.20512E-4 2.24721E-4 2.19895E-4 2.21356E-4 2.19789E-4 2.08323E-4 2.17704E-4 2.1916E-4 2.2384E-4 2.18145E-4 2.13735E-4 2.13449E-4 2.13723E-4 2.15773E-4 2.18434E-4 2.32323E-4 2.20722E-4 2.27696E-4 2.22007E-4
2.74093E-4 2.30749E-4 1.44259E-4 2.62942E-4 9.65561E-5 7.82558E-5 1.60018E-4 6.10196E-5 7.54451E-5 8.5331E-5 2.24878E-4 2.18487E-4 1.92957E-4 1.92689E-4 1.98073E-4 2.04578E-4 2.05857E-4 1.83478E-4 2.1388E-4 2.12684E-4 1.94655E-4 1.89466E-4 1.95057E-4 1.97582E-4 2.00676E-4 2.04822E-4 2.10144E-4 2.13432E-4 1.99553E-4 2.12306E-4 1.97088E-4 2.06075E-4 2.07519E-4 2.09998E-4 2.11319E-4 2.02385E-4 1.9886E-4 2.6161E-4 2.61477E-4 2.64975E-4 2.82759E-4 2.19942E-4 2.22758E-4 2.17152E-4 2.16478E-4 2.2013E-4 2.18529E-4 2.17737E-4 2.11385E-4 2.19259E-4 2.22679E-4 2.16646E-4 2.15481E-4 2.15629E-4 2.13486E-4 2.14428E-4 2.15659E-4 2.18385E-4 2.24372E-4 2.20527E-4 2.21848E-4
2.90526E-4 2.9098E-4 1.88214E-4 1.38769E-4 1.02173E-4 1.13062E-4 9.82992E-5 7.14115E-5 7.51916E-5 7.33831E-5 2.86145E-4 1.78745E-4 1.90676E-4 1.97319E-4 2.06558E-4 2.09125E-4 1.90698E-4 2.01553E-4 2.05603E-4 2.02315E-4 2.03121E-4 1.92735E-4 1.88575E-4 2.02467E-4 1.87302E-4 1.99931E-4 1.99191E-4 1.90516E-4 2.02726E-4 2.11955E-4 2.0393E-4 2.08808E-4 2.07616E-4 2.12358E-4 2.10865E-4 2.13373E-4 2.12695E-4 2.18831E-4 2.19717E-4 2.19963E-4 2.47986E-4 2.70773E-4 2.19925E-4 2.23227E-4 2.11116E-4 2.13931E-4 2.2117E-4 2.23574E-4 2.12479E-4 2.17878E-4 2.19503E-4 2.20179E-4 2.14803E-4 2.19073E-4 2.17777E-4 2.16701E-4 2.21294E-4 2.25268E-4 2.25972E-4 2.44174E-4 2.59014E-4
2.30975E-4 2.94064E-4 2.94845E-4 2.452E-4 1.10909E-4 2.127E-4 1.47051E-4 6.2779E-5 4.94725E-5 7.24263E-5 2.58188E-4 1.92279E-4 1.9148E-4 2.01028E-4 1.96331E-4 2.05858E-4 1.97696E-4 2.27602E-4 2.57666E-4 2.40855E-4 2.00793E-4 2.09278E-4 2.01821E-4 1.98648E-4 2.00052E-4 2.03777E-4 2.05864E-4 2.07307E-4 2.04931E-4 2.05649E-4 2.07915E-4 2.02801E-4 2.09957E-4 2.11741E-4 2.02111E-4 2.14543E-4 2.15604E-4 2.11868E-4 2.09563E-4 2.02069E-4 2.23969E-4 2.48353E-4 2.26438E-4 2.10419E-4 2.18317E-4 2.12094E-4 2.23562E-4 2.14566E-4 2.14818E-4 2.16354E-4 2.18363E-4 2.18461E-4 2.16581E-4 2.18475E-4 2.14188E-4 2.1505E-4 2.15925E-4 2.20017E-4 2.24835E-4 2.28803E-4 2.29579E-4
2.19525E-4 2.8155E-4 2.8029E-4 2.55353E-4 1.89251E-4 1.99936E-4 1.19986E-4 1.08666E-4 8.1493E-5 2.34014E-4 2.35415E-4 1.90631E-4 2.03245E-4 1.9295E-4 1.96474E-4 2.25136E-4 2.67747E-4 1.5693E-4 2.29597E-4 2.61718E-4 2.32881E-4 2.1267E-4 2.42826E-4 2.40376E-4 2.17052E-4 2.05864E-4 2.01392E-4 2.02733E-4 1.97152E-4 2.11027E-4 2.10419E-4 2.13676E-4 2.15027E-4 2.1519E-4 2.21813E-4 2.20073E-4 2.21253E-4 2.14624E-4 2.18602E-4 2.17863E-4 2.28228E-4 2.06949E-4 2.65883E-4 2.20654E-4 2.20598E-4 2.08706E-4 2.30318E-4 2.13749E-4 2.16797E-4 2.15325E-4 2.18883E-4 2.14748E-4 2.11745E-4 2.16526E-4 2.1677E-4 2.13696E-4 2.16433E-4 2.17897E-4 2.18414E-4 2.33265E-4 2.29748E-4
2.2963E-4 2.58375E-4 2.92386E-4 2.86488E-4 2.74744E-4 1.24955E-4 9.54765E-5 8.15208E-5 8.70214E-5 2.88513E-4 1.9513E-4 1.91431E-4 2.41364E-4 2.07495E-4 2.44958E-4 1.95415E-4 1.97067E-4 2.47412E-4 2.44921E-4 2.21844E-4 2.59163E-4 2.68028E-4 2.63196E-4 2.12802E-4 2.05085E-4 1.9124E-4 2.0558E-4 2.06053E-4 2.06888E-4 2.10953E-4 2.15151E-4 2.1338E-4 2.20291E-4 2.09276E-4 2.12585E-4 2.18934E-4 2.20042E-4 2.16881E-4 2.0175E-4 2.12253E-4 1.90563E-4 2.44438E-4 2.42886E-4 2.28034E-4 2.14895E-4 2.17009E-4 2.17541E-4 2.11582E-4 2.13613E-4 2.16169E-4 2.1395E-4 2.18144E-4 2.51556E-4 2.12294E-4 2.14583E-4 2.12181E-4 2.14281E-4 2.16297E-4 2.18401E-4 2.1145E-4 2.29636E-4
2.36694E-4 2.31676E-4 2.83015E-4 2.69027E-4 2.73285E-4 2.71696E-4 1.39197E-4 1.0841E-4 2.02955E-4 2.25192E-4 2.06342E-4 1.97072E-4 2.00271E-4 2.25461E-4 1.54772E-4 1.86626E-4 2.69237E-4 2.28383E-4 2.35571E-4 2.36102E-4 2.19649E-4 2.06994E-4 2.36995E-4 2.33977E-4 2.53491E-4 2.51813E-4 2.36812E-4 2.58035E-4 2.12887E-4 2.0537E-4 1.99302E-4 1.99524E-4 2.08212E-4 2.09312E-4 2.08937E-4 2.03404E-4 2.0612E-4 2.10664E-4 2.18163E-4 2.19177E-4 2.1715E-4 2.7239E-4 2.2259E-4 2.1301E-4 2.12847E-4 2.14646E-4 2.18576E-4 2.15685E-4 2.17036E-4 2.16929E-4 2.14669E-4 2.1457E-4 2.17895E-4 2.09397E-4 2.06928E-4 2.15096E-4 2.17812E-4 2.15747E-4 2.21062E-4 2.24608E-4 2.30087E-4
2.2333E-4 2.28285E-4 2.86519E-4 2.72165E-4 2.90986E-4 3.04389E-4 2.64259E-4 2.38854E-4 2.88559E-4 2.04509E-4 2.02117E-4 1.97815E-4 2.06381E-4 2.07567E-4 2.43641E-4 2.46352E-4 2.7017E-4 2.46621E-4 2.48299E-4 1.9796E-4 2.17598E-4 2.26915E-4 2.24527E-4 2.38012E-4 2.12278E-4 2.01605E-4 2.41428E-4 2.18528E-4 2.01378E-4 2.06826E-4 2.04716E-4 1.98594E-4 2.08436E-4 2.10451E-4 2.00613E-4 2.12723E-4 2.13358E-4 2.13445E-4 2.19493E-4 2.10049E-4 1.98848E-4 2.35973E-4 2.48369E-4 2.11057E-4 2.04147E-4 2.13076E-4 2.1415E-4 2.14619E-4 2.14931E-4 2.17304E-4 2.13428E-4 2.1326E-4 2.16412E-4 2.13192E-4 2.1049E-4 2.1915E-4 2.14374E-4 2.18696E-4 2.1831E-4 2.15926E-4 2.19649E-4
2.18954E-4 2.26173E-4 2.25894E-4 2.28429E-4 2.38919E-4 3.07151E-4 2.95906E-4 2.4001E-4 2.28738E-4 2.29426E-4 1.93521E-4 1.85017E-4 2.02704E-4 2.50057E-4 2.29556E-4 2.66779E-4 2.42638E-4 2.34462E-4 2.02934E-4 2.12865E-4 2.00606E-4 2.12119E-4 2.06067E-4 2.01586E-4 1.95825E-4 1.97969E-4 2.02979E-4 2.05762E-4 2.08991E-4 2.03556E-4 2.01114E-4 2.17414E-4 2.01856E-4 2.04412E-4 2.01044E-4 2.08054E-4 2.13757E-4 2.06918E-4 2.01333E-4 2.03797E-4 2.04626E-4 2.21501E-4 2.54106E-4 2.36906E-4 2.18396E-4 2.15297E-4 2.13135E-4 2.12879E-4 2.1193E-4 2.1118E-4 2.07868E-4 2.13852E-4 2.18885E-4 2.15072E-4 2.11809E-4 2.17531E-4 2.12447E-4 2.24637E-4 2.16086E-4 2.14549E-4 2.10832E-4
2.24914E-4 2.26735E-4 2.77481E-4 2.49991E-4 2.28475E-4 2.14533E-4 2.42975E-4 2.65981E-4 2.61507E-4 2.04678E-4 2.03315E-4 2.05024E-4 2.13343E-4 2.3949E-4 2.63862E-4 2.43884E-4 2.03921E-4 1.89444E-4 1.93385E-4 1.88116E-4 2.05865E-4 2.21763E-4 1.92497E-4 2.09956E-4 1.95724E-4 2.03741E-4 2.05619E-4 1.9731E-4 2.03937E-4 1.99709E-4 2.09027E-4 2.02925E-4 2.02056E-4 2.06281E-4 2.06345E-4 2.00542E-4 2.0515E-4 1.94682E-4 2.07184E-4 2.10072E-4 2.12175E-4 2.15691E-4 2.20206E-4 2.5713E-4 2.34124E-4 2.09446E-4 2.18117E-4 2.14692E-4 2.14695E-4 2.13849E-4 2.11802E-4 2.13717E-4 2.15279E-4 2.16516E-4 2.17033E-4 2.12865E-4 2.14942E-4 2.19851E-4 2.21001E-4 2.1395E-4 2.09057E-4
2.345E-4 2.34049E-4 2.77691E-4 2.78095E-4 2.183E-4 2.19972E-4 2.10596E-4 2.15465E-4 2.26764E-4 2.05141E-4 2.08894E-4 2.09833E-4 2.17591E-4 2.21046E-4 2.21174E-4 2.10585E-4 1.96705E-4 2.20943E-4 2.08314E-4 2.63709E-4 3.08957E-4 2.42232E-4 2.06914E-4 2.00669E-4 2.15823E-4 1.93107E-4 1.90729E-4 2.04378E-4 2.02042E-4 2.04972E-4 2.13729E-4 2.11232E-4 2.15866E-4 2.06548E-4 2.00145E-4 1.92816E-4 2.01479E-4 1.95731E-4 2.04756E-4 1.98926E-4 2.00312E-4 2.11044E-4 2.2238E-4 2.41275E-4 2.49982E-4 2.19316E-4 2.1855E-4 2.13004E-4 2.14063E-4 2.1319E-4 2.15107E-4 2.14827E-4 2.11972E-4 2.19297E-4 2.18364E-4 2.21504E-4 2.17454E-4 2.21703E-4 2.05756E-4 2.06033E-4 2.08879E-4
2.59834E-4 2.27616E-4 2.82851E-4 2.83591E-4 2.27647E-4 2.32856E-4 2.30951E-4 2.04191E-4 2.17898E-4 2.09962E-4 2.12561E-4 2.04944E-4 2.07953E-4 2.10191E-4 2.15119E-4 2.27634E-4 2.37112E-4 2.21155E-4 2.07586E-4 2.13642E-4 2.17776E-4 2.18082E-4 2.1383E-4 2.11375E-4 2.13347E-4 2.12308E-4 2.19097E-4 2.14123E-4 3.09524E-4 2.60717E-4 2.12382E-4 2.10862E-4 2.13508E-4 2.08966E-4 2.11604E-4 1.97792E-4 2.1399E-4 2.06742E-4 2.14347E-4 2.07978E-4 2.0804E-4 2.1312E-4 2.12622E-4 2.11531E-4 2.31133E-4 2.64123E-4 2.25593E-4 2.11871E-4 2.20836E-4 2.53442E-4 2.13742E-4 2.11281E-4 2.10058E-4 2.07664E-4 2.15178E-4 2.1234E-4 2.15267E-4 2.20507E-4 2.25445E-4 2.14154E-4 2.1082E-4
2.35214E-4 2.24577E-4 2.49072E-4 2.8732E-4 2.33857E-4 2.21053E-4 2.14312E-4 2.0722E-4 2.16303E-4 2.08578E-4 2.13189E-4 2.09759E-4 2.03979E-4 2.10713E-4 2.1574E-4 2.06186E-4 2.5985E-4 2.1621E-4 2.13429E-4 2.05816E-4 2.19292E-4 2.14363E-4 2.1302E-4 2.10205E-4 2.23669E-4 2.09049E-4 1.98886E-4 2.09308E-4 2.20922E-4 2.11492E-4 2.14686E-4 2.18614E-4 2.06899E-4 2.13523E-4 2.08338E-4 2.05529E-4 2.08273E-4 2.12236E-4 2.12005E-4 2.12024E-4 2.1239E-4 2.03758E-4 2.12625E-4 2.3606E-4 2.33016E-4 3.24536E-4 2.82481E-4 2.81342E-4 2.32782E-4 2.15555E-4 2.13364E-4 2.14201E-4 2.16298E-4 2.0905E-4 2.15737E-4 2.15051E-4 2.15558E-4 -9999 -9999 -9999 -9999
2.36968E-4 2.1731E-4 2.51934E-4 2.24471E-4 2.21175E-4 2.26664E-4 2.19295E-4 2.12623E-4 2.17033E-4 2.15632E-4 2.11172E-4 2.07337E-4 2.07622E-4 2.02485E-4 2.20569E-4 2.16207E-4 2.42059E-4 2.14506E-4 2.1988E-4 2.22276E-4 2.14372E-4 2.16115E-4 2.10082E-4 2.15807E-4 2.16912E-4 2.14617E-4 2.16678E-4 1.98499E-4 2.08511E-4 2.14867E-4 2.12218E-4 2.17711E-4 2.18933E-4 2.19674E-4 2.1014E-4 2.13326E-4 2.09059E-4 1.99114E-4 2.07166E-4 2.06791E-4 2.09497E-4 2.0593E-4 2.11663E-4 2.04942E-4 2.17036E-4 2.2669E-4 2.11392E-4 2.84445E-4 2.90063E-4 2.2431E-4 2.17959E-4 2.06217E-4 2.12401E-4 -9999 -9999 -9999 -9999 -9999 -9999 -9999 -9999
3.13716E-4 2.92704E-4 2.9978E-4 2.59306E-4 2.26566E-4 2.16582E-4 2.23781E-4 2.51875E-4 2.12803E-4 2.10067E-4 2.0665E-4 2.11566E-4 2.1109E-4 2.1089E-4 2.34415E-4 2.76972E-4 3.03255E-4 2.34881E-4 2.28123E-4 2.18706E-4 2.24114E-4 2.11674E-4 2.09389E-4 2.16758E-4 2.18868E-4 2.07348E-4 2.09899E-4 2.14005E-4 2.11278E-4 2.05354E-4 2.04936E-4 2.2209E-4 2.18701E-4 2.42212E-4 2.84027E-4 2.19407E-4 2.19674E-4 2.15328E-4 2.14561E-4 2.09519E-4 2.0885E-4 2.05156E-4 2.08106E-4 2.13726E-4 2.03509E-4 2.13959E-4 2.07908E-4 2.16285E-4 2.54793E-4 2.72059E-4 2.59049E-4 2.16374E-4 -9999 -9999 -9999 -9999 -9999 -9999 -9999 -9999 -9999
2.22625E-4 2.26104E-4 2.41571E-4 2.47751E-4 3.28977E-4 2.62531E-4 2.84636E-4 2.90476E-4 2.38117E-4 2.2753E-4 2.11289E-4 2.06534E-4 2.27493E-4 2.6594E-4 2.90591E-4 2.77698E-4 2.33492E-4 2.21897E-4 2.21665E-4 2.21792E-4 2.1077E-4 2.11374E-4 2.07714E-4 1.966E-4 2.09293E-4 2.11604E-4 2.15551E-4 2.23195E-4 2.27797E-4 2.19037E-4 2.17642E-4 2.21673E-4 2.18359E-4 2.19821E-4 2.58833E-4 2.27551E-4 2.36219E-4 2.21039E-4 2.20106E-4 2.18657E-4 2.12509E-4 2.37307E-4 2.19764E-4 2.07178E-4 2.24094E-4 2.29526E-4 2.10347E-4 2.22739E-4 1.97267E-4 2.12165E-4 2.52602E-4 2.58262E-4 -9999 -9999 -9999 -9999 -9999 -9999 -9999 -9999 -9999
2.19351E-4 2.1815E-4 2.19382E-4 2.22896E-4 2.46571E-4 3.0896E-4 3.29266E-4 2.48778E-4 2.19051E-4 2.05049E-4 2.0824E-4 2.55841E-4 3.34743E-4 3.33429E-4 2.42712E-4 2.33808E-4 2.27267E-4 2.24754E-4 2.23696E-4 2.17907E-4 2.1267E-4 2.11823E-4 2.13338E-4 2.12799E-4 2.07966E-4 2.12509E-4 2.18253E-4 2.4263E-4 2.22505E-4 2.29405E-4 2.23228E-4 2.13562E-4 2.17949E-4 2.11885E-4 2.15618E-4 2.18318E-4 2.37824E-4 3.04852E-4 3.3463E-4 3.2816E-4 3.66885E-4 2.41487E-4 2.11977E-4 2.15658E-4 2.10107E-4 2.1437E-4 2.17309E-4 2.28873E-4 2.58883E-4 2.40566E-4 2.45233E-4 2.43862E-4 -9999 -9999 -9999 -9999 -9999 -9999 -9999 -9999 -9999
2.15326E-4 2.27372E-4 2.16567E-4 2.2512E-4 2.1434E-4 2.22853E-4 2.99693E-4 3.11998E-4 2.87302E-4 2.78726E-4 2.84126E-4 3.22752E-4 2.40797E-4 2.14854E-4 2.23931E-4 2.26768E-4 2.2308E-4 2.16137E-4 2.20626E-4 2.19096E-4 2.21352E-4 2.22525E-4 2.1852E-4 2.15092E-4 2.18665E-4 2.09213E-4 2.21859E-4 2.2101E-4 2.19488E-4 2.1177E-4 2.14386E-4 2.23091E-4 2.20386E-4 2.21904E-4 2.2276E-4 2.18529E-4 2.41635E-4 2.83528E-4 2.14699E-4 2.76495E-4 2.2083E-4 2.14203E-4 2.17495E-4 2.18572E-4 2.1468E-4 2.19794E-4 2.26376E-4 2.17556E-4 2.12245E-4 2.15949E-4 2.31083E-4 2.15704E-4 -9999 -9999 -9999 -9999 -9999 -9999 -9999 -9999 -9999
2.15311E-4 2.20984E-4 2.20764E-4 2.16019E-4 2.08351E-4 2.2178E-4 2.4735E-4 3.03147E-4 3.15997E-4 2.63951E-4 2.29908E-4 2.2057E-4 2.25822E-4 2.2299E-4 2.18783E-4 2.23276E-4 2.13602E-4 2.16861E-4 2.26564E-4 2.22194E-4 2.23294E-4 2.17872E-4 2.14041E-4 2.12504E-4 2.15176E-4 2.13064E-4 1.99223E-4 1.99944E-4 2.2305E-4 2.24781E-4 2.13584E-4 2.54924E-4 2.26186E-4 2.24749E-4 2.18929E-4 2.17917E-4 2.21113E-4 2.24722E-4 2.28046E-4 2.85746E-4 2.19058E-4 2.51908E-4 2.39347E-4 2.39419E-4 2.25359E-4 2.18951E-4 2.18004E-4 2.2167E-4 2.0742E-4 2.17548E-4 2.15181E-4 2.02705E-4 -9999 -9999 -9999 -9999 -9999 -9999 -9999 -9999 -9999
2.07555E-4 2.1571E-4 2.247E-4 2.26362E-4 2.20324E-4 2.07931E-4 2.05818E-4 2.15536E-4 2.08436E-4 2.09803E-4 2.12687E-4 2.27367E-4 2.18041E-4 2.14342E-4 2.22178E-4 2.17159E-4 2.26875E-4 2.27134E-4 2.27466E-4 2.34711E-4 2.21252E-4 2.2443E-4 2.21412E-4 2.17257E-4 2.19809E-4 2.136E-4 2.15917E-4 2.16793E-4 2.1563E-4 2.21193E-4 2.11889E-4 2.67812E-4 2.58207E-4 2.22115E-4 2.14167E-4 2.11509E-4 2.19091E-4 2.18937E-4 2.1424E-4 2.14575E-4 2.20554E-4 2.24625E-4 2.39969E-4 2.2717E-4 2.20383E-4 2.2122E-4 2.19672E-4 2.22014E-4 2.19763E-4 2.15598E-4 2.12539E-4 2.11406E-4 -9999 -9999 -9999 -9999 -9999 -9999 -9999 -9999 -9999
2.0706E-4 2.10476E-4 2.22974E-4 2.13539E-4 2.08311E-4 2.21341E-4 2.17419E-4 2.25869E-4 2.13815E-4 2.23267E-4 2.18065E-4 2.18998E-4 2.17391E-4 2.21064E-4 2.1717E-4 2.2154E-4 2.27567E-4 2.0965E-4 2.0708E-4 2.23604E-4 2.16547E-4 2.16335E-4 2.3591E-4 2.19883E-4 2.19714E-4 2.19939E-4 2.13796E-4 2.22898E-4 2.10674E-4 2.1713E-4 2.2367E-4 2.18676E-4 2.18384E-4 2.14768E-4 2.07703E-4 2.17963E-4 2.13449E-4 2.16822E-4 2.17312E-4 2.10868E-4 2.17274E-4 2.16899E-4 2.26893E-4 2.17767E-4 2.24242E-4 2.17483E-4 2.23136E-4 2.19189E-4 2.24821E-4 2.20495E-4 2.14265E-4 2.11475E-4 -9999 -9999 -9999 -9999 -9999 -9999 -9999 -9999 -9999
