Candidate_Models_July82022/M_10_F_lqp_Set_1_all/Bison.asc
ncols         290
nrows         380
xllcorner     -2197417.7431653
yllcorner     -584827.01486885
cellsize      10000.0
NODATA_value  -9999
[rows 297 to 323 of 380, columns 61 to 121 of 290]
7.97032E-5 9.0618E-5 1.80045E-4 1.23504E-4 1.59445E-4 1.98513E-4 1.82486E-4 1.77619E-4 1.45834E-4 9.74844E-5 1.73039E-4 1.52102E-4 1.05632E-4 1.255E-4 1.44176E-4 1.412E-4 1.37469E-4 1.11109E-4 5.81301E-5 5.58472E-5 5.02034E-5 6.45224E-5 4.86755E-5 6.41014E-5 5.85486E-5 1.90701E-4 1.05458E-4 8.61629E-5 1.08074E-4 1.95202E-4 8.16826E-5 6.31454E-5 1.98297E-4 1.67289E-4 1.67095E-4 1.83747E-4 1.59328E-4 6.1284E-5 3.44416E-5 4.11678E-5 7.80142E-5 5.50724E-5 1.03959E-4 4.49464E-5 4.51753E-5 3.95245E-5 5.79957E-5 1.0451E-4 1.03834E-4 9.81788E-5 1.74111E-4 2.26246E-4 5.4395E-5 4.7073E-5 4.7919E-5 1.1556E-4 1.815E-4 3.4893E-5 4.5425E-5 4.35525E-5 2.40411E-4
9.79115E-5 1.60193E-4 1.40309E-4 8.54043E-5 1.49665E-4 1.75949E-4 1.44485E-4 1.55756E-4 1.39467E-4 9.03508E-5 1.11495E-4 1.53334E-4 1.71034E-4 1.6155E-4 1.46359E-4 2.09663E-4 8.53991E-5 6.66052E-5 3.8408E-5 6.81345E-5 7.99324E-5 5.51649E-5 9.68162E-5 9.0396E-5 4.24688E-5 9.53847E-5 7.12742E-5 7.76132E-5 6.95652E-5 6.48546E-5 1.10999E-4 1.20477E-4 9.00614E-5 1.62784E-4 1.80945E-4 1.86166E-4 1.13733E-4 4.02975E-5 4.67021E-5 1.88635E-5 3.33267E-5 5.70576E-5 3.22594E-5 3.42708E-5 3.41195E-5 8.51725E-5 8.23352E-5 1.29184E-4 2.31608E-4 1.79692E-4 1.93617E-4 1.54916E-4 4.73016E-5 5.46972E-5 7.60497E-5 2.20862E-4 2.44192E-4 5.75013E-5 6.62466E-5 9.93699E-5 2.41447E-4
5.77459E-5 9.29728E-5 1.78176E-4 8.95654E-5 1.38141E-4 1.7978E-4 1.22316E-4 1.0229E-4 1.75651E-4 1.4038E-4 1.23999E-4 1.13902E-4 1.22598E-4 1.55384E-4 1.75415E-4 1.26387E-4 8.51173E-5 6.58148E-5 5.65316E-5 6.87722E-5 1.80965E-4 1.59262E-4 1.00343E-4 1.14798E-4 8.10436E-5 6.41092E-5 1.03625E-4 1.07386E-4 9.31812E-5 7.72871E-5 1.14352E-4 1.13323E-4 1.37462E-4 1.5805E-4 1.57252E-4 4.64121E-5 5.4752E-5 5.85064E-5 5.55947E-5 5.39734E-5 4.52802E-5 3.22695E-5 5.85832E-5 4.8342E-5 4.04405E-5 2.85722E-5 3.88793E-5 1.60937E-4 1.02849E-4 1.58356E-4 1.58501E-4 6.2607E-5 5.66802E-5 7.09139E-5 1.19532E-4 2.84046E-4 2.21431E-4 4.77434E-5 6.30809E-5 2.07056E-4 1.93453E-4
8.87907E-5 1.10803E-4 9.58109E-5 1.07092E-4 9.47453E-5 1.21662E-4 1.01456E-4 1.56598E-4 1.18917E-4 1.05497E-4 9.41792E-5 1.08704E-4 8.75184E-5 1.26838E-4 1.11263E-4 9.16534E-5 8.25901E-5 6.55736E-5 6.78436E-5 1.74913E-4 1.65685E-4 1.12924E-4 1.07165E-4 2.1004E-4 1.4733E-4 9.48316E-5 1.75316E-4 2.29112E-4 1.00683E-4 5.98775E-5 7.30065E-5 1.02036E-4 9.46961E-5 1.25146E-4 4.60549E-5 3.23498E-5 3.29081E-5 5.85077E-5 4.52162E-5 8.10046E-5 8.62948E-5 2.32771E-5 5.73209E-5 1.00183E-4 3.72589E-5 4.85119E-5 1.52847E-4 1.28437E-4 9.10708E-5 2.06223E-4 1.53454E-4 9.0459E-5 1.0175E-4 4.7258E-5 6.10078E-5 1.29142E-4 7.59117E-5 6.76611E-5 1.29607E-4 1.94424E-4 2.30441E-4
8.42626E-5 1.00628E-4 8.98851E-5 1.23501E-4 1.26205E-4 9.39907E-5 1.0298E-4 8.37901E-5 8.67401E-5 7.65227E-5 1.18205E-4 1.33472E-4 1.07123E-4 8.94607E-5 9.48227E-5 9.44253E-5 8.3135E-5 7.31783E-5 2.01779E-4 1.38666E-4 8.62522E-5 5.51407E-5 4.96692E-5 1.89342E-4 2.32485E-4 2.21917E-4 2.36058E-4 2.35531E-4 6.6628E-5 6.62611E-5 8.67994E-5 7.96406E-5 8.6381E-5 8.67616E-5 4.3673E-5 5.0547E-5 5.08358E-5 4.71955E-5 5.59269E-5 5.95736E-5 5.14044E-5 5.67253E-5 4.89704E-5 4.21666E-5 3.58069E-5 2.55431E-5 3.45272E-5 1.88987E-4 1.21512E-4 1.93971E-4 1.39805E-4 9.37783E-5 7.33565E-5 4.47348E-5 4.46524E-5 6.06707E-5 8.55325E-5 1.82851E-4 1.50774E-4 1.89097E-4 2.00383E-4
1.02876E-4 8.5185E-5 8.77578E-5 8.80623E-5 9.63519E-5 1.08262E-4 1.08196E-4 9.13655E-5 9.32688E-5 9.39915E-5 1.01111E-4 1.50034E-4 1.43596E-4 1.0349E-4 9.88432E-5 1.2465E-4 8.50348E-5 1.08334E-4 1.6808E-4 1.31786E-4 2.11488E-4 3.90091E-5 4.88833E-5 2.98607E-5 2.70906E-4 2.44946E-4 1.87546E-4 1.47731E-4 5.21274E-5 5.73787E-5 8.1343E-5 6.12571E-5 6.33602E-5 4.36121E-5 4.05236E-5 4.88246E-5 4.09994E-5 4.35825E-5 3.9481E-5 6.28451E-5 5.761E-5 6.08023E-5 7.47852E-5 7.71188E-5 3.32364E-5 5.75114E-5 1.39571E-4 1.09056E-4 8.39683E-5 5.66211E-5 1.87298E-4 1.57025E-4 5.19447E-5 6.11421E-5 1.01697E-4 7.57218E-5 4.25722E-5 1.5673E-4 1.63078E-4 8.43435E-5 1.58702E-4
8.81118E-5 8.67008E-5 7.99583E-5 9.28638E-5 9.51353E-5 7.14345E-5 7.3363E-5 7.79503E-5 7.18207E-5 7.69755E-5 8.94355E-5 1.11412E-4 1.28472E-4 7.45261E-5 8.67742E-5 6.34823E-5 5.27766E-5 7.1155E-5 1.21482E-4 1.47548E-4 1.79188E-4 4.99576E-5 2.96969E-5 4.87448E-5 8.15778E-5 2.38058E-4 2.00216E-4 1.6588E-4 6.38871E-5 1.58401E-4 3.15766E-5 7.65721E-5 7.81109E-5 5.29325E-5 9.90839E-5 5.03723E-5 3.69979E-5 7.10693E-5 7.86896E-5 7.94718E-5 8.04777E-5 5.10672E-5 8.11995E-5 6.48525E-5 6.5483E-5 4.79678E-5 4.5837E-5 5.5107E-5 3.8763E-5 5.42591E-5 9.4348E-5 7.36342E-5 1.93594E-4 1.43022E-4 5.90786E-5 2.2227E-4 2.32439E-4 1.05863E-4 6.73189E-5 6.67641E-5 2.35872E-4
0E0 7.61448E-5 5.29993E-5 5.67902E-5 6.50568E-5 7.54676E-5 8.15142E-5 6.67209E-5 6.88889E-5 9.38381E-5 8.43575E-5 7.70549E-5 1.16768E-4 6.8471E-5 6.29856E-5 6.8404E-5 6.08863E-5 5.29441E-5 1.45104E-4 1.66217E-4 1.37373E-4 6.32775E-5 2.88602E-5 7.61726E-5 4.50395E-5 1.12192E-4 8.25485E-5 6.49014E-5 1.00727E-4 2.38959E-5 8.88847E-5 8.24012E-5 4.50295E-5 4.61588E-5 3.38057E-5 2.59817E-5 4.65726E-5 4.77233E-5 6.47825E-5 6.88468E-5 2.42721E-5 3.68399E-5 3.85154E-5 8.60904E-5 9.14414E-5 1.15828E-4 5.53987E-5 9.14473E-5 7.3171E-5 7.02873E-5 6.52713E-5 8.29765E-5 8.4403E-5 3.30852E-4 2.7498E-4 2.82351E-4 6.07544E-5 4.80454E-5 2.22452E-4 7.52934E-5 2.75422E-4
7.89179E-5 8.50554E-5 8.10561E-5 6.69238E-5 7.05562E-5 7.02698E-5 8.1331E-5 8.03419E-5 7.56401E-5 9.03422E-5 9.19735E-5 7.64322E-5 7.82877E-5 3.81681E-5 7.25135E-5 7.01349E-5 6.54334E-5 1.13931E-4 2.06694E-4 1.59935E-4 9.59592E-5 4.67202E-5 1.06319E-4 1.30478E-4 9.61463E-5 8.04285E-5 7.8881E-5 4.06398E-5 3.8611E-5 6.06501E-5 9.65332E-5 4.51935E-5 8.17646E-5 6.03536E-5 9.73966E-5 2.04275E-4 6.83773E-5 3.31426E-5 3.34899E-5 9.32915E-5 1.44245E-4 2.42539E-4 4.52208E-5 5.50936E-5 1.11409E-4 1.37733E-4 8.01227E-5 4.49881E-5 5.53506E-5 9.78593E-5 4.35247E-5 3.96142E-5 1.12622E-4 2.86511E-4 2.98071E-4 9.93575E-5 4.28159E-5 6.33001E-5 8.35911E-5 1.35855E-4 2.32843E-4
7.41862E-5 9.26174E-5 1.13779E-4 1.05416E-4 6.67128E-5 9.06694E-5 6.5817E-5 7.78792E-5 1.00338E-4 9.81512E-5 7.69742E-5 8.70232E-5 6.10353E-5 3.28524E-5 5.35005E-5 9.53422E-5 8.28991E-5 1.77623E-4 1.78466E-4 1.73593E-4 1.21568E-4 7.6222E-5 5.58806E-5 6.65305E-5 8.5773E-5 6.75074E-5 6.411E-5 7.80693E-5 4.35459E-5 9.11903E-5 5.87728E-5 4.4587E-5 4.78349E-5 9.00576E-5 9.28703E-5 1.15934E-4 6.57032E-5 7.56911E-5 7.31399E-5 1.36797E-4 1.7246E-4 7.61993E-5 4.00851E-5 4.66682E-5 4.45543E-5 3.41771E-5 1.07102E-4 8.34186E-5 7.33248E-5 7.10442E-5 7.17348E-5 4.40453E-5 2.62741E-4 2.64274E-4 3.23898E-4 7.47103E-5 6.79635E-5 7.7549E-5 5.97434E-5 1.29593E-4 2.39302E-4
6.2317E-5 8.54967E-5 1.02659E-4 7.30906E-5 6.36999E-5 1.09254E-4 6.326E-5 1.21552E-4 1.54129E-4 9.41709E-5 8.02128E-5 7.61834E-5 1.29682E-4 6.9087E-5 4.91013E-5 6.01802E-5 4.36926E-5 1.06817E-4 1.83958E-4 2.34232E-4 1.86626E-4 1.43149E-4 7.85328E-5 5.86145E-5 7.70071E-5 1.02577E-4 4.56673E-5 6.21668E-5 9.30757E-5 6.45316E-5 6.52264E-5 5.90248E-5 1.10643E-4 1.74016E-4 1.23078E-4 8.44873E-5 1.30306E-4 4.66357E-5 9.76924E-5 8.17818E-5 1.10243E-4 9.72328E-5 1.48653E-4 1.33539E-4 7.38146E-5 1.09886E-4 8.45114E-5 4.80063E-5 5.04754E-5 1.15243E-4 1.25533E-4 1.37597E-4 1.4271E-4 2.95554E-4 3.83104E-4 8.87091E-5 7.57088E-5 7.71606E-5 1.07454E-4 1.4318E-4 2.29591E-4
1.06627E-4 1.07288E-4 7.38477E-5 7.40882E-5 7.58512E-5 8.3538E-5 8.70137E-5 9.78604E-5 8.4766E-5 9.37889E-5 5.44441E-5 4.93983E-5 6.25972E-5 8.26322E-5 7.80056E-5 7.37197E-5 8.92695E-5 8.15057E-5 2.32704E-4 2.17607E-4 1.73283E-4 2.18266E-4 1.91178E-4 1.17637E-4 1.83891E-4 1.36308E-4 6.42742E-5 9.48576E-5 1.07617E-4 7.57393E-5 7.85884E-5 1.72867E-4 7.80394E-5 1.18379E-4 2.21336E-4 4.365E-5 1.11364E-4 7.44855E-5 1.83083E-4 7.98426E-5 8.52162E-5 1.27294E-4 1.98211E-4 1.77601E-4 1.2151E-4 7.47867E-5 1.24089E-4 8.39449E-5 6.7328E-5 7.72861E-5 2.06513E-4 9.77232E-5 7.64669E-5 3.89926E-4 3.37718E-4 1.25634E-4 9.6715E-5 1.38281E-4 9.94073E-5 2.62598E-4 2.79736E-4
1.04308E-4 1.01035E-4 9.86352E-5 7.40334E-5 7.01377E-5 7.96625E-5 7.57391E-5 9.12442E-5 1.00457E-4 9.35022E-5 8.31709E-5 7.01999E-5 5.14983E-5 7.86479E-5 8.40436E-5 7.54024E-5 1.03966E-4 7.34825E-5 1.4947E-4 1.45413E-4 1.5258E-4 1.18024E-4 1.37282E-4 1.99921E-4 1.66313E-4 1.15105E-4 6.33985E-5 6.07005E-5 9.609E-5 7.41961E-5 7.25552E-5 2.06277E-4 1.11151E-4 1.39508E-4 1.12202E-4 4.58652E-5 4.14001E-5 1.66243E-4 7.48186E-5 1.04172E-4 1.17521E-4 7.9189E-5 1.64483E-4 9.31685E-5 3.3331E-4 1.82554E-4 1.51903E-4 1.71827E-4 1.17573E-4 9.67438E-5 2.31436E-4 2.17729E-4 9.80342E-5 3.88281E-4 3.07848E-4 3.61261E-4 2.47584E-4 1.14442E-4 9.2013E-5 2.81944E-4 2.36429E-4
1.17457E-4 1.15437E-4 1.10622E-4 1.21643E-4 7.94043E-5 1.16648E-4 4.14961E-5 7.72364E-5 1.05715E-4 8.4342E-5 1.45671E-4 1.59968E-4 8.66687E-5 5.27726E-5 7.17507E-5 1.08964E-4 1.11477E-4 1.13934E-4 9.00969E-5 1.35868E-4 1.12781E-4 1.0319E-4 1.37596E-4 9.35856E-5 9.79795E-5 7.96124E-5 1.24907E-4 1.12538E-4 7.99761E-5 1.53166E-4 6.86134E-5 7.75682E-5 2.188E-4 9.26101E-5 9.12469E-5 5.56794E-5 5.14222E-5 3.11163E-5 5.73259E-5 1.04794E-4 5.85245E-5 6.04233E-5 2.7583E-4 9.89723E-5 1.00261E-4 1.64444E-4 1.75066E-4 4.87483E-5 8.92667E-5 1.564E-4 2.51574E-4 3.01749E-4 1.59869E-4 7.20939E-5 3.60491E-4 1.3591E-4 3.07497E-4 2.34049E-4 1.97117E-4 2.36361E-4 2.05876E-4
1.46715E-4 1.47935E-4 1.45566E-4 1.04103E-4 6.10474E-5 8.51137E-5 6.91934E-5 6.07177E-5 6.27867E-5 4.31117E-5 6.11513E-5 1.28218E-4 9.94334E-5 5.39485E-5 9.82382E-5 1.94597E-4 1.83989E-4 9.89798E-5 1.39E-4 9.04376E-5 1.16854E-4 1.23007E-4 1.23614E-4 1.37451E-4 1.11084E-4 8.18921E-5 1.08286E-4 1.45352E-4 1.25053E-4 2.03875E-4 8.56147E-5 1.24704E-4 3.11093E-4 1.02538E-4 9.11077E-5 4.03591E-5 1.05927E-4 5.50182E-5 6.968E-5 9.81425E-5 6.69214E-5 2.34344E-4 1.25503E-4 1.7166E-4 9.57985E-5 5.56112E-5 7.90039E-5 5.76031E-5 1.07426E-4 1.37407E-4 1.7695E-4 2.66136E-4 1.31881E-4 8.17018E-5 8.20021E-5 2.74331E-4 2.88918E-4 2.17484E-4 2.75509E-4 2.66004E-4 2.25623E-4
1.07861E-4 1.15645E-4 1.15231E-4 1.03407E-4 8.86713E-5 7.32998E-5 7.46581E-5 1.76959E-4 1.45656E-4 5.86512E-5 5.60785E-5 1.06057E-4 5.59991E-5 7.31176E-5 8.19339E-5 1.13937E-4 1.2206E-4 1.2133E-4 1.55267E-4 1.30593E-4 2.1437E-4 1.14373E-4 1.30602E-4 1.13168E-4 8.15438E-5 1.15762E-4 1.06688E-4 2.06041E-4 1.37513E-4 1.70352E-4 8.27194E-5 1.06599E-4 2.66783E-4 9.62737E-5 1.23314E-4 1.08158E-4 1.00146E-4 9.60327E-5 1.57837E-4 8.68251E-5 7.37583E-5 1.2433E-4 1.6273E-4 6.44948E-5 1.33922E-4 9.24994E-5 6.42271E-5 6.36881E-5 1.0814E-4 6.44929E-5 1.01278E-4 2.48345E-4 1.62513E-4 9.34289E-5 2.79846E-4 2.82605E-4 2.5128E-4 2.04324E-4 2.63854E-4 2.06036E-4 2.8295E-4
1.21521E-4 1.09757E-4 1.11231E-4 1.14903E-4 9.82364E-5 9.74406E-5 8.68297E-5 1.21576E-4 2.55974E-4 1.05275E-4 7.37965E-5 1.12675E-4 8.8658E-5 6.38166E-5 1.07071E-4 9.39236E-5 1.75953E-4 1.55355E-4 1.14145E-4 1.14013E-4 1.99081E-4 1.93069E-4 1.60401E-4 9.73379E-5 1.28667E-4 1.36838E-4 2.20187E-4 2.45659E-4 2.52034E-4 2.2278E-4 1.15146E-4 1.02519E-4 1.57627E-4 9.21518E-5 7.63756E-5 8.12643E-5 1.08472E-4 7.96743E-5 1.65862E-4 1.10077E-4 1.18052E-4 8.43515E-5 6.07955E-5 2.79218E-4 5.89515E-5 5.83215E-5 8.27739E-5 1.48521E-4 1.04925E-4 7.81718E-5 1.31208E-4 1.98709E-4 1.24016E-4 1.18306E-4 2.84942E-4 2.63941E-4 2.94858E-4 2.84089E-4 2.68883E-4 1.63524E-4 2.9043E-4
1.20292E-4 1.11726E-4 1.11763E-4 7.51481E-5 6.56651E-5 8.73895E-5 8.93669E-5 8.95316E-5 1.41675E-4 7.53431E-5 5.01484E-5 7.17235E-5 7.69952E-5 8.48662E-5 8.27615E-5 1.17616E-4 1.08913E-4 1.05464E-4 1.58788E-4 1.46847E-4 1.46382E-4 1.34636E-4 1.38792E-4 2.08511E-4 1.94545E-4 2.3236E-4 1.57323E-4 2.7934E-4 2.66764E-4 1.50881E-4 6.78663E-5 1.31649E-4 2.44391E-4 8.7534E-5 7.86268E-5 6.8527E-5 8.37535E-5 1.16724E-4 1.49181E-4 1.05965E-4 1.36043E-4 1.00851E-4 7.34216E-5 1.86066E-4 3.54428E-5 8.2336E-5 9.50886E-5 1.23072E-4 1.01558E-4 2.36948E-4 1.38443E-4 2.67555E-4 1.59851E-4 1.02904E-4 2.90658E-4 1.5399E-4 2.81917E-4 2.49853E-4 3.38763E-4 2.88475E-4 2.09896E-4
1.20447E-4 1.165E-4 1.00329E-4 1.22249E-4 8.70971E-5 8.6606E-5 9.93685E-5 8.76257E-5 1.62553E-4 8.18159E-5 1.006E-4 7.95891E-5 8.2626E-5 8.93315E-5 9.57212E-5 1.15488E-4 1.24979E-4 1.16093E-4 1.24838E-4 1.08544E-4 2.29181E-4 2.39204E-4 1.99849E-4 2.15261E-4 2.43288E-4 2.42483E-4 1.90274E-4 1.88139E-4 2.02655E-4 1.23281E-4 8.04747E-5 1.58863E-4 2.29151E-4 5.92298E-5 9.53265E-5 7.49219E-5 1.61709E-4 1.23936E-4 8.50412E-5 6.20351E-5 7.33039E-5 1.05607E-4 8.50247E-5 5.66505E-5 1.05166E-4 7.56918E-5 1.09285E-4 1.72562E-4 1.19558E-4 2.50782E-4 8.60149E-5 2.07948E-4 2.78412E-4 1.41809E-4 1.54818E-4 1.29829E-4 2.79058E-4 1.98665E-4 2.82762E-4 2.5043E-4 2.98495E-4
1.29133E-4 1.08651E-4 1.08287E-4 1.15773E-4 9.35946E-5 1.0916E-4 1.07483E-4 9.38312E-5 1.06475E-4 9.47588E-5 1.10443E-4 1.11044E-4 1.28004E-4 1.07728E-4 1.20893E-4 1.01674E-4 1.09519E-4 1.11289E-4 1.12363E-4 1.58373E-4 2.28868E-4 1.96912E-4 2.54515E-4 2.34637E-4 2.04873E-4 2.2478E-4 2.23599E-4 2.4077E-4 1.97006E-4 1.4532E-4 1.07554E-4 1.15658E-4 1.23138E-4 5.61831E-5 1.19766E-4 9.07119E-5 1.04477E-4 1.35376E-4 7.22445E-5 2.0005E-4 1.72939E-4 1.42842E-4 1.19329E-4 7.66044E-5 1.66674E-4 1.16599E-4 1.94314E-4 1.69619E-4 2.65763E-4 2.44345E-4 1.08788E-4 1.93827E-4 3.32065E-4 3.02662E-4 1.46313E-4 1.91081E-4 1.62267E-4 1.98604E-4 2.82894E-4 3.36747E-4 3.13407E-4
1.23192E-4 1.25052E-4 1.07312E-4 1.20423E-4 1.12715E-4 1.19747E-4 1.14773E-4 1.10957E-4 1.01682E-4 8.97094E-5 1.33065E-4 1.3234E-4 1.24273E-4 1.41376E-4 1.09828E-4 1.06385E-4 1.098E-4 1.2675E-4 1.65065E-4 1.53553E-4 2.1011E-4 2.21412E-4 2.42493E-4 2.2026E-4 2.26057E-4 2.51885E-4 2.50518E-4 1.78926E-4 1.31916E-4 2.11602E-4 1.22118E-4 7.68056E-5 8.1046E-5 5.6107E-5 8.41331E-5 7.78415E-5 9.73769E-5 1.39282E-4 7.82675E-5 1.0569E-4 1.34277E-4 9.3145E-5 1.81197E-4 6.45068E-5 9.60342E-5 1.08134E-4 2.65274E-4 1.46392E-4 1.80513E-4 2.37865E-4 2.61278E-4 4.14255E-4 1.72831E-4 3.13611E-4 2.48907E-4 2.10635E-4 1.81762E-4 1.9604E-4 2.95731E-4 2.92901E-4 2.74364E-4
1.23793E-4 1.1564E-4 2.03736E-4 1.16469E-4 1.19985E-4 1.16112E-4 1.19424E-4 1.31224E-4 9.83632E-5 9.85958E-5 1.03032E-4 1.1312E-4 1.53987E-4 1.27974E-4 1.18425E-4 1.13983E-4 1.07687E-4 1.16266E-4 1.97141E-4 1.68768E-4 2.26231E-4 2.13417E-4 1.99523E-4 2.40291E-4 2.40714E-4 2.06101E-4 1.97872E-4 2.25924E-4 1.32918E-4 1.38184E-4 9.57334E-5 1.14232E-4 8.40729E-5 1.32323E-4 5.81602E-5 1.03196E-4 1.18186E-4 1.20216E-4 1.61162E-4 1.53221E-4 1.30031E-4 1.40193E-4 6.16146E-5 1.27655E-4 1.31231E-4 1.29886E-4 1.21867E-4 1.60617E-4 1.49006E-4 2.26945E-4 2.0468E-4 3.35583E-4 1.43721E-4 1.80711E-4 2.17923E-4 1.92138E-4 2.22662E-4 1.71366E-4 1.76143E-4 2.98867E-4 2.91586E-4
1.202E-4 1.23596E-4 1.34753E-4 1.8577E-4 1.20702E-4 1.14159E-4 2.4878E-4 2.71067E-4 2.28966E-4 1.93208E-4 1.17666E-4 1.15316E-4 1.01832E-4 1.33264E-4 1.29237E-4 8.7256E-5 7.67852E-5 1.04161E-4 1.85041E-4 1.77737E-4 2.33796E-4 2.52776E-4 2.23218E-4 1.96873E-4 1.9516E-4 1.82171E-4 1.84513E-4 2.22943E-4 2.08303E-4 2.53439E-4 1.07023E-4 1.07294E-4 1.05685E-4 9.17158E-5 8.88648E-5 1.35401E-4 9.44057E-5 6.67615E-5 2.42604E-4 1.53589E-4 1.16841E-4 1.01223E-4 5.30322E-5 6.10309E-5 1.06499E-4 1.0879E-4 1.55477E-4 1.61364E-4 1.6121E-4 1.47676E-4 2.13164E-4 2.6309E-4 1.3571E-4 2.03206E-4 1.87857E-4 3.18013E-4 1.83736E-4 2.16866E-4 1.86737E-4 2.07128E-4 2.15899E-4
1.17928E-4 1.20812E-4 1.17377E-4 1.26588E-4 1.16539E-4 1.72828E-4 2.73962E-4 2.82164E-4 1.9044E-4 1.39409E-4 1.39656E-4 1.08474E-4 1.09124E-4 1.23227E-4 9.0887E-5 1.18498E-4 1.28056E-4 9.4472E-5 1.08428E-4 1.05368E-4 1.54997E-4 2.37955E-4 1.95985E-4 2.07817E-4 1.9556E-4 1.88566E-4 1.72203E-4 2.12148E-4 2.18095E-4 2.19154E-4 1.4861E-4 1.16182E-4 8.98407E-5 1.1251E-4 9.3987E-5 6.15822E-5 9.3304E-5 2.28067E-4 1.1153E-4 0E0 1.25021E-4 1.49786E-4 8.25397E-5 1.53474E-4 1.55232E-4 1.08929E-4 1.30422E-4 1.34632E-4 1.67454E-4 1.46045E-4 2.04816E-4 1.59987E-4 1.49511E-4 2.91379E-4 1.48514E-4 1.81526E-4 1.98692E-4 9.44945E-5 1.60984E-4 2.47795E-4 1.81494E-4
1.23115E-4 1.1591E-4 1.17286E-4 1.83832E-4 1.24737E-4 1.42821E-4 1.55775E-4 2.69899E-4 1.90606E-4 1.58233E-4 1.2246E-4 1.27238E-4 1.1282E-4 1.08654E-4 1.23481E-4 1.1278E-4 9.99809E-5 1.1446E-4 1.2604E-4 1.3395E-4 1.11991E-4 1.42634E-4 2.0473E-4 1.90936E-4 1.85189E-4 1.83655E-4 1.93893E-4 1.89858E-4 2.56365E-4 2.14297E-4 1.20949E-4 1.1574E-4 1.11909E-4 1.3818E-4 1.24975E-4 1.37153E-4 3.33263E-4 1.85749E-4 2.68579E-4 3.67988E-4 1.24237E-4 1.06016E-4 2.78362E-4 1.11618E-4 1.22754E-4 1.25227E-4 1.4489E-4 1.87581E-4 1.99621E-4 1.93557E-4 1.52427E-4 1.49998E-4 1.52313E-4 3.23005E-4 1.16681E-4 1.48594E-4 2.0716E-4 1.59903E-4 1.33689E-4 1.37931E-4 1.68274E-4
1.1913E-4 1.31168E-4 1.13142E-4 1.34164E-4 1.74422E-4 1.59957E-4 1.4852E-4 1.72496E-4 1.91591E-4 2.1621E-4 1.16192E-4 1.20093E-4 1.23702E-4 1.07456E-4 1.27988E-4 1.2139E-4 1.0206E-4 1.09982E-4 1.02817E-4 1.41322E-4 9.49168E-5 2.11974E-4 2.09976E-4 2.06392E-4 1.78661E-4 2.3311E-4 1.85428E-4 1.85251E-4 2.24016E-4 2.57848E-4 1.2159E-4 1.21864E-4 8.50723E-5 1.01764E-4 1.09182E-4 1.14538E-4 2.40901E-4 2.32179E-4 3.92848E-4 4.85069E-4 1.59049E-4 2.16061E-4 1.79091E-4 1.14009E-4 1.55433E-4 1.25992E-4 2.12617E-4 1.92596E-4 2.31241E-4 2.06913E-4 2.32705E-4 1.65223E-4 1.1319E-4 1.83482E-4 3.45326E-4 1.52397E-4 2.34509E-4 1.2536E-4 1.5416E-4 1.50265E-4 2.45438E-4
1.19893E-4 1.32531E-4 1.15034E-4 1.15317E-4 1.14805E-4 1.16625E-4 1.57975E-4 1.86684E-4 1.35399E-4 1.60612E-4 1.10465E-4 1.08336E-4 9.89026E-5 1.21315E-4 1.24688E-4 1.11885E-4 1.11144E-4 1.09314E-4 1.1405E-4 1.11331E-4 1.46216E-4 1.4443E-4 2.11029E-4 1.97287E-4 2.26913E-4 2.44675E-4 2.33547E-4 2.43961E-4 1.85841E-4 2.71796E-4 1.04773E-4 1.13624E-4 1.45856E-4 1.38662E-4 1.06001E-4 8.00347E-5 1.50744E-4 8.53774E-5 2.0543E-4 3.87892E-4 1.04771E-4 1.65316E-4 3.02726E-4 3.32416E-4 1.42604E-4 1.8414E-4 1.82897E-4 1.86209E-4 2.84187E-4 2.08132E-4 3.06317E-4 1.48643E-4 1.51794E-4 1.91312E-4 1.77842E-4 1.31954E-4 1.60625E-4 1.40201E-4 2.30563E-4 3.25789E-4 3.03395E-4
