Candidate_Models_July82022/M_0.1_F_lqp_Set_1_all/Bison.asc
ncols         290
nrows         380
xllcorner     -2197417.7431653
yllcorner     -584827.01486885
cellsize      10000.0
NODATA_value  -9999
[rows 324 to 350 of 380, columns 183 to 243 of 290]
3.80162E-4 1.42284E-4 8.49358E-5 2.28855E-4 1.73866E-4 1.30044E-4 1.27529E-4 1.81883E-4 1.22116E-4 1.26126E-4 1.30056E-4 1.45929E-4 1.6434E-4 1.40594E-4 1.40941E-4 1.47524E-4 1.53268E-4 1.50912E-4 1.47651E-4 1.39731E-4 1.35719E-4 1.28136E-4 1.27837E-4 1.27789E-4 1.2561E-4 1.21877E-4 1.25449E-4 1.34338E-4 1.69687E-4 3.34648E-4 3.74052E-4 4.55193E-4 3.35604E-4 1.32973E-4 1.32559E-4 1.27623E-4 1.34498E-4 1.40365E-4 1.39378E-4 1.48061E-4 1.50322E-4 1.51421E-4 1.50307E-4 1.49658E-4 1.44503E-4 1.42341E-4 1.41737E-4 1.53077E-4 1.69016E-4 1.34225E-4 1.32502E-4 1.29156E-4 1.28854E-4 1.34177E-4 1.67173E-4 3.40806E-4 1.90103E-4 1.26883E-4 1.42175E-4 1.32094E-4 1.26037E-4
1.10197E-4 2.16794E-5 1.70759E-4 2.20393E-4 2.1406E-4 1.41026E-4 1.20176E-4 1.24805E-4 1.1894E-4 1.15504E-4 1.20216E-4 1.27925E-4 1.4286E-4 1.49466E-4 1.4248E-4 1.43065E-4 1.52127E-4 1.48612E-4 1.40187E-4 1.35447E-4 1.34475E-4 1.3208E-4 1.30481E-4 1.20979E-4 1.08256E-4 1.11562E-4 1.23463E-4 1.16851E-4 1.33385E-4 1.27436E-4 1.28195E-4 4.45427E-4 1.30146E-4 1.26064E-4 1.25549E-4 1.29349E-4 1.34791E-4 1.37191E-4 1.34941E-4 1.40358E-4 1.39822E-4 1.39108E-4 1.45629E-4 1.44509E-4 1.44302E-4 1.41092E-4 1.41287E-4 1.36252E-4 1.33836E-4 1.32899E-4 1.31859E-4 1.30499E-4 1.29774E-4 1.34356E-4 1.4523E-4 1.79999E-4 1.37086E-4 1.37163E-4 2.50179E-4 2.00043E-4 2.23354E-4
6.61557E-5 5.55012E-5 2.1979E-4 1.93543E-4 9.41841E-5 1.20726E-4 1.87217E-4 1.8864E-4 1.28595E-4 1.0973E-4 1.12812E-4 1.20119E-4 1.30888E-4 1.44588E-4 1.39724E-4 1.40335E-4 1.42317E-4 1.33161E-4 1.2779E-4 1.2992E-4 1.136E-4 1.20189E-4 1.34315E-4 1.19185E-4 1.21523E-4 1.17101E-4 1.26487E-4 1.25002E-4 1.29594E-4 1.32957E-4 1.36365E-4 3.56562E-4 4.45505E-4 1.25142E-4 1.28466E-4 1.3145E-4 1.31641E-4 1.30226E-4 1.38744E-4 1.44052E-4 1.41629E-4 1.39339E-4 1.3875E-4 1.42478E-4 1.40062E-4 1.4268E-4 1.41049E-4 1.3657E-4 1.36361E-4 1.32584E-4 1.34306E-4 1.83115E-4 1.25859E-4 1.31309E-4 1.329E-4 1.42268E-4 1.52282E-4 1.3452E-4 1.50006E-4 3.8105E-4 1.59573E-4
3.3022E-4 3.1571E-4 2.82335E-4 9.96498E-5 2.25068E-5 2.16808E-5 3.25283E-5 5.91161E-5 1.42056E-4 1.25074E-4 1.12593E-4 1.13431E-4 1.15632E-4 1.2464E-4 1.2954E-4 1.30353E-4 1.25414E-4 1.2011E-4 1.2007E-4 1.14596E-4 1.16213E-4 1.17496E-4 1.25127E-4 1.28606E-4 1.22278E-4 1.15888E-4 1.27755E-4 1.26388E-4 1.30696E-4 1.29998E-4 1.33406E-4 2.30282E-4 4.54711E-4 2.66397E-4 1.24146E-4 1.29718E-4 1.34342E-4 1.35967E-4 1.48088E-4 1.54602E-4 1.44431E-4 1.43194E-4 1.49288E-4 1.53685E-4 1.43663E-4 1.38837E-4 1.37751E-4 1.39472E-4 1.33313E-4 1.32974E-4 1.32906E-4 1.32926E-4 1.27558E-4 1.34021E-4 1.33462E-4 1.74876E-4 1.30347E-4 1.31962E-4 1.28637E-4 1.39334E-4 2.13281E-4
3.79437E-4 3.33416E-4 3.08675E-4 4.85927E-5 5.12303E-5 3.44182E-5 2.92261E-5 2.55948E-5 3.32572E-5 2.09734E-4 1.16295E-4 1.13689E-4 1.14627E-4 1.10968E-4 1.14388E-4 1.15489E-4 1.129E-4 1.17611E-4 1.13439E-4 1.1989E-4 1.20677E-4 1.22795E-4 1.24702E-4 1.22886E-4 1.21186E-4 1.26886E-4 1.31425E-4 1.24564E-4 1.15313E-4 1.24628E-4 1.25392E-4 1.27881E-4 1.2327E-4 2.25672E-4 1.65717E-4 1.24134E-4 1.28918E-4 1.38398E-4 1.44467E-4 1.4801E-4 1.57547E-4 1.54243E-4 1.42245E-4 1.55137E-4 1.47543E-4 1.611E-4 1.4115E-4 1.35451E-4 1.32608E-4 1.31056E-4 1.98035E-4 1.47532E-4 1.3595E-4 1.32733E-4 1.3447E-4 1.31165E-4 2.10991E-4 2.70387E-4 3.20432E-4 1.73717E-4 1.37736E-4
4.65085E-4 4.34361E-4 4.66998E-4 7.69175E-5 5.94097E-5 4.1624E-5 5.79229E-5 4.01014E-5 3.95345E-5 1.17715E-4 1.27864E-4 1.12224E-4 1.16455E-4 1.20698E-4 1.22438E-4 1.12925E-4 1.07866E-4 1.18776E-4 1.19309E-4 1.18543E-4 1.21378E-4 1.24182E-4 1.24492E-4 1.21873E-4 1.20318E-4 1.19223E-4 1.21194E-4 1.29454E-4 1.18264E-4 1.12957E-4 1.22512E-4 1.19218E-4 1.09948E-4 1.15298E-4 2.18349E-4 2.5041E-4 2.67438E-4 2.11845E-4 1.41569E-4 1.49758E-4 1.55375E-4 1.49258E-4 1.44588E-4 1.48136E-4 1.43285E-4 1.40693E-4 1.35452E-4 1.30861E-4 1.33456E-4 1.29015E-4 1.30792E-4 1.2651E-4 1.25435E-4 1.2837E-4 1.29268E-4 1.29727E-4 3.28861E-4 3.41764E-4 1.43165E-4 2.66671E-4 1.55947E-4
2.34453E-4 4.27206E-4 4.99486E-4 2.75059E-4 5.81438E-5 6.85404E-5 5.78787E-5 4.92066E-5 3.87417E-5 3.26467E-5 2.00588E-4 1.24706E-4 1.18623E-4 1.20097E-4 1.17924E-4 1.22468E-4 1.16192E-4 1.02242E-4 1.10193E-4 1.14703E-4 1.18946E-4 1.2098E-4 1.18242E-4 1.16165E-4 1.14065E-4 1.16458E-4 1.17886E-4 1.19347E-4 1.21273E-4 1.19146E-4 1.11965E-4 1.18468E-4 1.13954E-4 1.21679E-4 1.21806E-4 1.24638E-4 1.30485E-4 2.71135E-4 1.58831E-4 4.85345E-4 2.39512E-4 1.45026E-4 1.41474E-4 1.44175E-4 1.39014E-4 1.4287E-4 1.37669E-4 1.24496E-4 1.27473E-4 1.26088E-4 1.28229E-4 1.26315E-4 1.25447E-4 1.24893E-4 1.26633E-4 1.28207E-4 1.30845E-4 1.64737E-4 1.33389E-4 1.46355E-4 1.39547E-4
4.45687E-4 3.58681E-4 1.94391E-4 3.94163E-4 6.20626E-5 7.55875E-5 1.56577E-4 4.75392E-5 4.20563E-5 5.5517E-5 2.75569E-4 1.62789E-4 1.19875E-4 1.22707E-4 1.18306E-4 1.15622E-4 1.14732E-4 1.00563E-4 1.17787E-4 1.19696E-4 1.12583E-4 1.08955E-4 1.10525E-4 1.12919E-4 1.12462E-4 1.14153E-4 1.17638E-4 1.19682E-4 1.13987E-4 1.17932E-4 1.10475E-4 1.14573E-4 1.14821E-4 1.16347E-4 1.16831E-4 1.18541E-4 1.17256E-4 2.58044E-4 2.99649E-4 4.52924E-4 4.19113E-4 1.39826E-4 1.39458E-4 1.38662E-4 1.3703E-4 1.32006E-4 1.34242E-4 1.29255E-4 1.21754E-4 1.25858E-4 1.29222E-4 1.27796E-4 1.28575E-4 1.26187E-4 1.25668E-4 1.25324E-4 1.27318E-4 1.30711E-4 1.39377E-4 1.33272E-4 1.34527E-4
3.37833E-4 3.47175E-4 1.92347E-4 1.85171E-4 7.10253E-5 9.3719E-5 1.28174E-4 6.92307E-5 5.14384E-5 3.48323E-5 2.26975E-4 1.16381E-4 1.14147E-4 1.14498E-4 1.2031E-4 1.17821E-4 1.08513E-4 1.12087E-4 1.26564E-4 1.1311E-4 1.08844E-4 1.08247E-4 1.07219E-4 1.16232E-4 1.08733E-4 1.13288E-4 1.15423E-4 1.11237E-4 1.15186E-4 1.16205E-4 1.12357E-4 1.14283E-4 1.14151E-4 1.15898E-4 1.17919E-4 1.21231E-4 1.21756E-4 1.26305E-4 1.26168E-4 1.34417E-4 3.12999E-4 3.37776E-4 1.3313E-4 1.35547E-4 1.30521E-4 1.26872E-4 1.29041E-4 1.33834E-4 1.22122E-4 1.2509E-4 1.27253E-4 1.28933E-4 1.26435E-4 1.28827E-4 1.2581E-4 1.25773E-4 1.31296E-4 1.35068E-4 1.39965E-4 1.88697E-4 2.38745E-4
1.44856E-4 3.66743E-4 3.68786E-4 3.59978E-4 9.20851E-5 2.59023E-4 2.05136E-4 5.82446E-5 3.75921E-5 2.70269E-5 2.63385E-4 1.30412E-4 1.15036E-4 1.26684E-4 1.16064E-4 1.05436E-4 1.06589E-4 1.43813E-4 2.34649E-4 1.81289E-4 1.08513E-4 1.09388E-4 1.08105E-4 1.08428E-4 1.09799E-4 1.12205E-4 1.12843E-4 1.13319E-4 1.12256E-4 1.11403E-4 1.10441E-4 1.0755E-4 1.11344E-4 1.12451E-4 1.12329E-4 1.18369E-4 1.23377E-4 1.22729E-4 1.20615E-4 1.18898E-4 1.3201E-4 2.67899E-4 1.36894E-4 1.20345E-4 1.26661E-4 1.21957E-4 1.36169E-4 1.22221E-4 1.20638E-4 1.2253E-4 1.24359E-4 1.248E-4 1.25038E-4 1.25694E-4 1.22967E-4 1.23327E-4 1.25508E-4 1.29519E-4 1.47321E-4 1.43667E-4 1.50198E-4
1.34419E-4 3.31209E-4 3.08845E-4 2.83763E-4 2.10657E-4 2.34282E-4 1.68363E-4 1.04996E-4 4.47982E-5 2.22191E-4 2.06187E-4 1.22065E-4 1.18701E-4 1.08714E-4 1.02085E-4 1.39822E-4 2.6179E-4 1.82914E-4 2.94824E-4 2.42717E-4 1.59115E-4 1.18163E-4 2.00298E-4 1.78221E-4 1.23179E-4 1.09593E-4 1.103E-4 1.10133E-4 1.15889E-4 1.16864E-4 1.11544E-4 1.12029E-4 1.11531E-4 1.14715E-4 1.14884E-4 1.21464E-4 1.25174E-4 1.19075E-4 1.22827E-4 1.22896E-4 1.26371E-4 1.42007E-4 2.53276E-4 1.20462E-4 1.20804E-4 1.16913E-4 1.42691E-4 1.1638E-4 1.18287E-4 1.1803E-4 1.20853E-4 1.20918E-4 1.20341E-4 1.22813E-4 1.24137E-4 1.2249E-4 1.24974E-4 1.27014E-4 1.30337E-4 1.5742E-4 1.48458E-4
1.47714E-4 2.24489E-4 3.0867E-4 3.64641E-4 3.74789E-4 1.20586E-4 6.59822E-5 5.59489E-5 5.81376E-5 2.10762E-4 1.35006E-4 1.21158E-4 1.84389E-4 1.19378E-4 2.02306E-4 2.53946E-4 2.4898E-4 3.20423E-4 3.01019E-4 2.80661E-4 2.85485E-4 2.90802E-4 2.52656E-4 1.22239E-4 1.09008E-4 1.09864E-4 1.12758E-4 1.09066E-4 1.1008E-4 1.14102E-4 1.23713E-4 1.14401E-4 1.22674E-4 1.12479E-4 1.13716E-4 1.1737E-4 1.19623E-4 1.20947E-4 1.20739E-4 1.19983E-4 1.06887E-4 2.80352E-4 1.57976E-4 1.38458E-4 1.13996E-4 1.16681E-4 1.21567E-4 1.12992E-4 1.15684E-4 1.17153E-4 1.18179E-4 1.20266E-4 2.08083E-4 1.20966E-4 1.23436E-4 1.21999E-4 1.22543E-4 1.24019E-4 1.28755E-4 1.26748E-4 1.52694E-4
1.34116E-4 1.33256E-4 3.41167E-4 2.54464E-4 3.36267E-4 3.68722E-4 1.03137E-4 7.25422E-5 1.34896E-4 1.71849E-4 1.25697E-4 1.13778E-4 1.08576E-4 2.24588E-4 1.79953E-4 2.32683E-4 2.99629E-4 1.41121E-4 2.22973E-4 1.65513E-4 1.57914E-4 1.08149E-4 2.02645E-4 3.3093E-4 2.56251E-4 2.77464E-4 1.85127E-4 2.14167E-4 1.11865E-4 1.10305E-4 1.08687E-4 1.03891E-4 1.0449E-4 1.07875E-4 1.15707E-4 1.11613E-4 1.12064E-4 1.16644E-4 1.2101E-4 1.17289E-4 1.44778E-4 3.90321E-4 1.30066E-4 1.10872E-4 1.11669E-4 1.11639E-4 1.22431E-4 1.13505E-4 1.164E-4 1.14579E-4 1.16569E-4 1.18067E-4 1.22299E-4 1.18522E-4 1.1944E-4 1.22981E-4 1.24242E-4 1.23548E-4 1.25E-4 1.44363E-4 1.47041E-4
1.19571E-4 1.18143E-4 2.59338E-4 2.4949E-4 3.22572E-4 2.56303E-4 3.31739E-4 2.27732E-4 2.52451E-4 1.58352E-4 1.15025E-4 1.06233E-4 1.20793E-4 2.48451E-4 3.05779E-4 2.96277E-4 3.03767E-4 3.13515E-4 3.13428E-4 1.24486E-4 1.36994E-4 1.49671E-4 1.4986E-4 1.50701E-4 1.17606E-4 1.11879E-4 1.9254E-4 1.41586E-4 1.07045E-4 1.09446E-4 1.05453E-4 1.05951E-4 1.04952E-4 1.03571E-4 1.02588E-4 1.09218E-4 1.08817E-4 1.10095E-4 1.13758E-4 1.12488E-4 1.07981E-4 1.54302E-4 2.4533E-4 1.11012E-4 1.06653E-4 1.08134E-4 1.09371E-4 1.09592E-4 1.14069E-4 1.13891E-4 1.12701E-4 1.14083E-4 1.17706E-4 1.17816E-4 1.18863E-4 1.22145E-4 1.23995E-4 1.22543E-4 1.22889E-4 1.25481E-4 1.2691E-4
1.24373E-4 1.22597E-4 1.31453E-4 1.35031E-4 1.48389E-4 2.71548E-4 2.37409E-4 2.42106E-4 2.66837E-4 1.51188E-4 1.07721E-4 1.06082E-4 1.10923E-4 2.83521E-4 2.63939E-4 2.96667E-4 2.47816E-4 1.82561E-4 1.09107E-4 1.11081E-4 1.099E-4 1.08381E-4 1.07638E-4 1.04673E-4 1.02675E-4 1.03951E-4 1.10357E-4 1.15261E-4 1.12538E-4 1.09779E-4 1.08959E-4 1.16746E-4 1.05731E-4 1.04553E-4 1.03609E-4 1.0463E-4 1.05279E-4 1.02467E-4 1.01567E-4 1.07027E-4 1.07653E-4 1.12597E-4 3.05527E-4 1.44429E-4 1.10666E-4 1.08544E-4 1.07708E-4 1.07709E-4 1.07034E-4 1.08519E-4 1.0826E-4 1.11233E-4 1.15739E-4 1.15345E-4 1.16776E-4 1.18156E-4 1.19005E-4 1.29352E-4 1.19363E-4 1.19606E-4 1.16185E-4
1.30389E-4 1.26535E-4 2.45645E-4 1.76484E-4 1.25759E-4 1.20201E-4 1.93084E-4 2.65473E-4 2.84797E-4 1.21955E-4 1.12499E-4 1.11394E-4 1.19221E-4 1.65277E-4 2.19949E-4 1.91717E-4 1.19938E-4 1.06406E-4 1.08728E-4 1.05795E-4 1.12692E-4 1.00707E-4 1.06402E-4 1.11469E-4 1.06611E-4 1.08317E-4 1.14189E-4 1.096E-4 1.10499E-4 1.12203E-4 1.1949E-4 1.20902E-4 1.17222E-4 1.11179E-4 1.0857E-4 1.06099E-4 1.01166E-4 9.8002E-5 9.92106E-5 1.05244E-4 1.0906E-4 1.09271E-4 1.2632E-4 2.63758E-4 1.40324E-4 1.05869E-4 1.07633E-4 1.08344E-4 1.0599E-4 1.0555E-4 1.04337E-4 1.0709E-4 1.09706E-4 1.12341E-4 1.15355E-4 1.16552E-4 1.19628E-4 1.21319E-4 1.20488E-4 1.15904E-4 1.1213E-4
1.45867E-4 1.3232E-4 2.44104E-4 2.28191E-4 1.26096E-4 1.21562E-4 1.4629E-4 1.23523E-4 1.51554E-4 1.16826E-4 1.10443E-4 1.07496E-4 1.16264E-4 1.28475E-4 1.42113E-4 1.15848E-4 1.06083E-4 1.17339E-4 1.10699E-4 1.48754E-4 1.70195E-4 1.49015E-4 1.16308E-4 1.12247E-4 1.20245E-4 1.1651E-4 1.17755E-4 1.18196E-4 1.13921E-4 1.12685E-4 1.27832E-4 1.28176E-4 1.21879E-4 1.20113E-4 1.10816E-4 1.09829E-4 1.0567E-4 9.9595E-5 1.021E-4 1.03033E-4 1.02498E-4 1.06968E-4 1.12942E-4 1.29068E-4 2.76365E-4 1.18198E-4 1.11087E-4 1.06668E-4 1.06041E-4 1.02717E-4 1.02275E-4 1.05773E-4 1.08417E-4 1.12755E-4 1.14744E-4 1.20243E-4 1.19862E-4 1.23102E-4 1.1444E-4 1.11448E-4 1.18709E-4
1.8447E-4 1.57509E-4 2.69991E-4 3.25112E-4 1.64352E-4 1.4643E-4 1.42875E-4 1.17969E-4 1.20511E-4 1.12815E-4 1.12127E-4 1.07411E-4 1.08195E-4 1.1276E-4 1.27718E-4 1.21719E-4 1.28015E-4 1.18419E-4 1.16768E-4 1.26886E-4 1.2649E-4 1.25437E-4 1.23382E-4 1.20197E-4 1.22916E-4 1.24267E-4 1.30779E-4 1.2817E-4 1.64014E-4 1.42813E-4 1.27121E-4 1.26331E-4 1.22119E-4 1.14409E-4 1.14217E-4 1.11384E-4 1.10643E-4 1.13061E-4 1.11065E-4 1.08647E-4 1.0521E-4 1.06431E-4 1.08142E-4 1.10065E-4 1.27966E-4 3.39089E-4 1.21166E-4 1.0956E-4 1.16189E-4 1.6594E-4 9.86745E-5 1.00623E-4 1.08091E-4 1.09798E-4 1.12685E-4 1.13331E-4 1.16214E-4 1.18733E-4 1.21583E-4 1.17684E-4 1.16876E-4
1.38594E-4 1.4248E-4 1.85952E-4 2.49138E-4 1.5176E-4 1.2577E-4 1.21485E-4 1.18717E-4 1.22648E-4 1.1297E-4 1.14863E-4 1.12537E-4 1.10589E-4 1.09156E-4 1.19099E-4 1.19434E-4 1.38319E-4 1.21951E-4 1.26964E-4 1.26828E-4 1.30586E-4 1.26707E-4 1.22152E-4 1.23637E-4 1.51088E-4 1.23032E-4 1.21683E-4 1.24883E-4 1.40723E-4 1.25313E-4 1.24154E-4 1.27358E-4 1.19536E-4 1.17964E-4 1.14333E-4 1.10852E-4 1.11987E-4 1.15557E-4 1.15145E-4 1.15889E-4 1.11774E-4 1.06113E-4 1.09346E-4 1.31484E-4 1.30234E-4 1.97354E-4 3.38901E-4 2.36189E-4 1.65751E-4 1.11451E-4 9.76308E-5 9.88065E-5 1.07489E-4 1.07186E-4 1.10756E-4 1.10529E-4 1.13849E-4 -9999 -9999 -9999 -9999
1.59442E-4 1.23978E-4 2.00773E-4 1.40218E-4 1.25302E-4 1.28529E-4 1.21638E-4 1.17501E-4 1.21904E-4 1.18748E-4 1.14895E-4 1.08951E-4 1.07851E-4 1.14478E-4 1.23718E-4 1.27641E-4 1.26624E-4 1.31299E-4 1.31405E-4 1.39235E-4 1.32569E-4 1.29846E-4 1.25662E-4 1.24789E-4 1.29321E-4 1.31359E-4 1.44473E-4 1.23512E-4 1.25195E-4 1.25057E-4 1.25831E-4 1.2764E-4 1.25278E-4 1.22676E-4 1.1699E-4 1.1707E-4 1.14278E-4 1.13561E-4 1.16261E-4 1.16233E-4 1.1491E-4 1.09877E-4 1.1172E-4 1.1134E-4 1.17986E-4 1.19949E-4 1.1664E-4 2.14571E-4 2.50183E-4 1.11838E-4 1.03079E-4 9.99239E-5 1.08063E-4 -9999 -9999 -9999 -9999 -9999 -9999 -9999 -9999
2.79039E-4 2.52959E-4 2.83893E-4 2.17599E-4 1.43484E-4 1.20423E-4 1.2702E-4 1.82527E-4 1.14708E-4 1.10758E-4 1.07688E-4 1.06406E-4 1.11245E-4 1.12508E-4 1.5692E-4 2.08074E-4 1.85965E-4 1.44462E-4 1.41398E-4 1.36305E-4 1.52196E-4 1.29062E-4 1.2682E-4 1.26978E-4 1.30001E-4 1.28237E-4 1.34779E-4 1.3162E-4 1.29464E-4 1.24987E-4 1.23343E-4 1.27818E-4 1.24233E-4 1.36714E-4 1.19913E-4 1.21608E-4 1.22613E-4 1.21809E-4 1.22696E-4 1.18373E-4 1.15207E-4 1.11645E-4 1.11486E-4 1.14696E-4 1.11236E-4 1.13248E-4 1.09456E-4 1.12681E-4 1.32782E-4 1.91109E-4 1.15565E-4 1.09147E-4 -9999 -9999 -9999 -9999 -9999 -9999 -9999 -9999 -9999
1.35442E-4 1.41309E-4 1.5531E-4 1.58161E-4 2.51323E-4 1.7466E-4 2.01308E-4 2.40972E-4 1.60409E-4 1.30731E-4 1.07149E-4 1.08978E-4 1.55319E-4 2.19194E-4 3.02499E-4 2.32354E-4 1.5121E-4 1.39003E-4 1.35809E-4 1.33314E-4 1.34599E-4 1.28109E-4 1.21656E-4 1.16773E-4 1.24682E-4 1.27898E-4 1.2829E-4 1.27047E-4 1.26802E-4 1.2638E-4 1.27421E-4 1.2491E-4 1.34039E-4 1.23135E-4 1.65778E-4 1.28375E-4 1.16563E-4 1.1719E-4 1.23766E-4 1.25393E-4 1.17971E-4 1.02011E-4 1.14429E-4 1.22655E-4 1.21301E-4 1.37629E-4 1.35874E-4 1.21899E-4 1.09224E-4 1.16201E-4 1.91739E-4 1.77803E-4 -9999 -9999 -9999 -9999 -9999 -9999 -9999 -9999 -9999
1.42916E-4 1.43706E-4 1.47961E-4 1.49849E-4 1.58336E-4 3.29985E-4 2.63322E-4 1.69244E-4 1.35447E-4 1.06708E-4 1.14073E-4 1.42756E-4 2.90213E-4 2.97407E-4 1.66965E-4 1.41237E-4 1.44167E-4 1.41387E-4 1.38613E-4 1.34038E-4 1.30633E-4 1.30625E-4 1.30582E-4 1.31612E-4 1.30754E-4 1.32882E-4 1.32795E-4 1.45796E-4 1.38324E-4 1.35293E-4 1.28442E-4 1.29726E-4 1.28953E-4 1.25676E-4 1.23981E-4 1.23592E-4 1.44117E-4 1.66881E-4 1.82222E-4 1.8136E-4 1.75308E-4 1.69891E-4 1.17598E-4 1.14855E-4 1.12464E-4 1.14582E-4 1.15826E-4 1.2525E-4 1.36367E-4 1.41632E-4 1.38268E-4 1.42598E-4 -9999 -9999 -9999 -9999 -9999 -9999 -9999 -9999 -9999
1.42666E-4 1.57677E-4 1.56882E-4 1.54186E-4 1.4349E-4 1.53101E-4 2.51773E-4 2.32666E-4 1.91097E-4 2.98089E-4 2.93046E-4 2.73874E-4 1.59008E-4 1.42691E-4 1.37804E-4 1.41933E-4 1.41502E-4 1.38382E-4 1.35162E-4 1.36828E-4 1.38437E-4 1.38435E-4 1.36168E-4 1.35603E-4 1.35885E-4 1.37505E-4 1.38449E-4 1.3376E-4 1.28218E-4 1.32806E-4 1.28232E-4 1.33032E-4 1.29205E-4 1.3068E-4 1.26254E-4 1.22787E-4 1.32599E-4 1.50863E-4 1.25473E-4 1.36385E-4 1.20708E-4 1.11778E-4 1.12351E-4 1.13024E-4 1.15274E-4 1.17458E-4 1.18201E-4 1.15476E-4 1.11475E-4 1.14009E-4 1.21284E-4 1.12482E-4 -9999 -9999 -9999 -9999 -9999 -9999 -9999 -9999 -9999
1.40828E-4 1.35812E-4 1.59266E-4 1.54824E-4 1.44308E-4 1.57644E-4 2.01712E-4 3.10388E-4 2.88392E-4 1.99319E-4 1.45496E-4 1.3361E-4 1.35289E-4 1.41492E-4 1.44089E-4 1.40885E-4 1.36671E-4 1.39959E-4 1.4044E-4 1.40768E-4 1.4217E-4 1.41022E-4 1.37724E-4 1.38741E-4 1.40516E-4 1.41189E-4 1.35425E-4 1.31806E-4 1.41492E-4 1.60111E-4 1.29042E-4 2.02391E-4 1.46076E-4 1.37534E-4 1.26354E-4 1.21805E-4 1.20538E-4 1.19916E-4 1.21866E-4 1.47779E-4 1.20507E-4 1.69925E-4 1.54574E-4 1.54221E-4 1.27572E-4 1.16956E-4 1.16222E-4 1.14121E-4 1.09347E-4 1.12944E-4 1.16396E-4 1.07124E-4 -9999 -9999 -9999 -9999 -9999 -9999 -9999 -9999 -9999
1.15728E-4 1.30404E-4 1.48542E-4 1.50659E-4 1.46758E-4 1.4564E-4 1.53652E-4 1.36613E-4 1.32361E-4 1.25755E-4 1.2113E-4 1.38232E-4 1.27372E-4 1.33177E-4 1.40247E-4 1.39355E-4 1.40314E-4 1.4688E-4 1.41498E-4 1.58732E-4 1.42975E-4 1.44383E-4 1.42481E-4 1.43321E-4 1.43086E-4 1.42539E-4 1.39093E-4 1.41634E-4 1.33488E-4 1.44424E-4 1.32756E-4 2.19735E-4 2.13716E-4 1.30408E-4 1.22129E-4 1.21529E-4 1.26524E-4 1.193E-4 1.17588E-4 1.16947E-4 1.20319E-4 1.38248E-4 1.53755E-4 1.29715E-4 1.23176E-4 1.18753E-4 1.14969E-4 1.1588E-4 1.11365E-4 1.1236E-4 1.1025E-4 1.08421E-4 -9999 -9999 -9999 -9999 -9999 -9999 -9999 -9999 -9999
1.17243E-4 1.16068E-4 1.36532E-4 1.31622E-4 1.51373E-4 1.55511E-4 1.52689E-4 1.47136E-4 1.41683E-4 1.39028E-4 1.21452E-4 1.18726E-4 1.21696E-4 1.29828E-4 1.33397E-4 1.3692E-4 1.50961E-4 1.43675E-4 1.43102E-4 1.45897E-4 1.42266E-4 1.44228E-4 1.63203E-4 1.50365E-4 1.47419E-4 1.49377E-4 1.37807E-4 1.36621E-4 1.31334E-4 1.33385E-4 1.34441E-4 1.4938E-4 1.34372E-4 1.32657E-4 1.23643E-4 1.30411E-4 1.21497E-4 1.23661E-4 1.2267E-4 1.2297E-4 1.21917E-4 1.23425E-4 1.34044E-4 1.26927E-4 1.21387E-4 1.19146E-4 1.22098E-4 1.13006E-4 1.232E-4 1.15822E-4 1.12177E-4 1.09445E-4 -9999 -9999 -9999 -9999 -9999 -9999 -9999 -9999 -9999
