Candidate_Models_July82022/M_0.1_F_lqp_Set_1_all/Bison.asc
ncols         290
nrows         380
xllcorner     -2197417.7431653
yllcorner     -584827.01486885
cellsize      10000.0
NODATA_value  -9999
[rows 162 to 188 of 380, columns 0 to 60 of 290]
-9999 -9999 -9999 -9999 -9999 -9999 -9999 -9999 -9999 -9999 -9999 -9999 -9999 -9999 1.12247E-5 1.42193E-6 -9999 4.79834E-7 2.61834E-7 6.51178E-8 2.25038E-7 9.0574E-7 1.24322E-5 1.23982E-5 2.70895E-7 -9999 6.50015E-6 1.16209E-11 2.2805E-10 9.45094E-8 2.67583E-7 8.45594E-8 1.34641E-8 7.2543E-8 0E0 1.09115E-5 3.44634E-6 4.94619E-7 4.24642E-8 1.70839E-6 5.35028E-6 2.3794E-7 1.06635E-6 1.30821E-6 5.23954E-7 1.36188E-6 2.96843E-6 3.40288E-6 6.49256E-6 5.99415E-6 4.96771E-6 1.17535E-5 2.62821E-5 1.38525E-5 8.87485E-6 1.46614E-5 8.13392E-6 1.09447E-5 7.52539E-6 7.60045E-6 1.11819E-5
-9999 -9999 -9999 -9999 -9999 -9999 -9999 -9999 -9999 -9999 -9999 -9999 -9999 -9999 -9999 -9999 -9999 1.6237E-6 3.33421E-7 4.70698E-8 6.45859E-7 -9999 -9999 -9999 -9999 -9999 6.15343E-7 6.30096E-9 5.76619E-8 4.76074E-8 1.95105E-8 1.06774E-8 0E0 1.21331E-7 3.60478E-7 3.60016E-5 1.18907E-6 5.19063E-9 2.38573E-8 1.94674E-6 3.30612E-7 6.8114E-6 3.14432E-6 1.58928E-6 6.24876E-7 5.1887E-7 5.53141E-7 1.55006E-6 3.04131E-6 8.9281E-6 5.20031E-6 6.45064E-6 9.49026E-6 2.14922E-5 7.80316E-6 2.60153E-6 8.58701E-6 1.26772E-5 1.57799E-5 1.03151E-5 4.95049E-6
-9999 -9999 -9999 -9999 -9999 -9999 -9999 -9999 -9999 -9999 -9999 -9999 -9999 -9999 -9999 3.34763E-6 -9999 3.94699E-6 9.29034E-7 5.46547E-8 4.70602E-9 1.72513E-10 -9999 -9999 -9999 3.16975E-8 4.86868E-8 5.42866E-9 3.63843E-8 3.33476E-7 1.65321E-6 8.93206E-8 1.97566E-9 9.88133E-7 0E0 2.41296E-7 1.37475E-7 7.43502E-8 3.97347E-6 1.50365E-5 2.14976E-6 9.45758E-7 4.44407E-6 1.071E-7 4.42653E-8 1.7077E-6 3.66205E-7 2.18283E-6 3.8803E-6 4.86066E-6 7.74059E-7 6.24168E-6 1.54061E-5 9.45846E-6 2.78379E-6 1.64185E-5 8.44133E-6 7.83077E-6 9.03137E-6 1.13845E-5 1.18909E-5
-9999 -9999 -9999 -9999 -9999 -9999 -9999 -9999 -9999 -9999 -9999 -9999 -9999 -9999 -9999 1.54326E-6 -9999 3.43891E-7 -9999 6.64302E-8 1.36359E-7 -9999 -9999 -9999 1.78462E-7 5.63294E-8 -9999 4.74525E-8 1.38453E-12 4.80494E-9 -9999 3.99977E-7 1.35637E-9 7.64166E-7 0E0 2.56402E-6 1.44911E-8 1.50036E-5 1.89247E-5 1.84346E-5 1.67657E-6 1.32743E-6 3.34895E-6 2.48989E-7 1.55927E-6 2.11423E-7 5.76237E-6 2.18496E-6 8.76054E-6 3.77333E-6 5.11558E-6 3.0742E-6 6.31607E-6 7.36095E-6 2.13447E-5 4.36657E-6 1.21735E-5 6.94498E-6 1.23853E-5 1.17755E-5 1.04056E-5
-9999 -9999 -9999 -9999 -9999 -9999 -9999 -9999 -9999 -9999 -9999 -9999 -9999 -9999 -9999 9.36171E-7 -9999 6.72654E-6 -9999 5.61329E-8 9.30831E-9 1.54E-6 5.28522E-6 -9999 5.495E-7 3.87339E-6 -9999 -9999 1.80403E-8 -9999 4.09013E-9 1.44064E-9 8.96041E-9 5.43337E-7 1.26871E-5 -9999 3.96292E-8 1.14227E-6 2.15767E-5 1.65123E-6 9.43172E-8 7.01294E-8 3.03577E-6 2.46146E-6 1.50703E-6 1.11618E-7 7.6114E-7 2.69878E-6 2.39812E-6 4.25124E-6 1.60563E-6 2.98386E-6 2.08477E-6 5.4757E-6 4.13075E-6 2.61146E-5 1.57602E-5 1.15613E-5 4.66714E-5 1.52905E-5 1.81464E-5
-9999 -9999 -9999 -9999 -9999 -9999 -9999 -9999 -9999 -9999 -9999 -9999 -9999 -9999 -9999 8.29665E-7 8.58264E-6 -9999 -9999 4.44291E-7 2.95905E-7 4.45584E-6 -9999 1.06167E-5 -9999 3.45958E-6 2.91644E-6 1.54245E-7 8.06588E-7 -9999 2.2873E-13 3.16673E-8 7.13904E-9 1.64382E-6 2.75148E-7 4.76427E-10 1.18982E-6 6.64788E-8 8.28163E-8 5.38594E-9 2.0784E-9 3.73302E-7 4.48065E-6 5.82947E-6 4.55556E-7 1.8446E-8 9.30908E-7 1.53312E-6 2.084E-6 7.51122E-6 1.53111E-6 1.31378E-6 4.81595E-6 6.61454E-6 4.84626E-6 3.34547E-6 1.32985E-5 7.20914E-6 1.20664E-5 1.40257E-5 2.1608E-5
-9999 -9999 -9999 -9999 -9999 -9999 -9999 -9999 -9999 -9999 -9999 -9999 -9999 -9999 -9999 3.28646E-6 -9999 -9999 -9999 6.86451E-7 2.73682E-6 8.56912E-6 -9999 -9999 1.28254E-5 3.14143E-7 -9999 -9999 -9999 0E0 -9999 8.60168E-10 1.6709E-10 1.89984E-7 1.67427E-7 7.69197E-9 2.46084E-6 1.86044E-7 1.62822E-8 1.57458E-6 6.14004E-8 9.39352E-7 1.35195E-6 4.18075E-6 3.16862E-6 3.45342E-8 8.1285E-7 2.50849E-6 1.79683E-6 7.69142E-6 1.46794E-6 3.44814E-6 1.40239E-6 6.32121E-6 7.3321E-6 1.00166E-5 1.22514E-5 2.10944E-5 1.76441E-5 1.31314E-5 1.27058E-5
-9999 -9999 -9999 -9999 -9999 -9999 -9999 -9999 -9999 -9999 -9999 -9999 -9999 -9999 -9999 5.46637E-6 -9999 -9999 -9999 6.60837E-7 1.21067E-6 -9999 -9999 -9999 5.4588E-6 -9999 0E0 5.86457E-6 1.95467E-7 7.00949E-8 1.06603E-11 2.25383E-9 2.36797E-10 1.16748E-7 -9999 5.6111E-7 -9999 8.07429E-8 6.87583E-8 5.10299E-9 1.85976E-8 9.20702E-7 2.01688E-8 3.34179E-6 4.69716E-7 1.62988E-6 2.17526E-6 3.40264E-6 6.19523E-6 1.70122E-6 3.02416E-6 9.86652E-6 3.02087E-6 2.10157E-5 1.24174E-5 9.93187E-6 1.6371E-5 1.69E-5 1.35818E-5 1.39848E-5 1.9113E-5
-9999 -9999 -9999 -9999 -9999 -9999 -9999 -9999 -9999 -9999 -9999 -9999 -9999 -9999 -9999 -9999 -9999 -9999 8.70596E-6 5.31542E-7 5.52112E-7 -9999 -9999 -9999 5.46102E-6 -9999 -9999 -9999 1.04679E-6 -9999 1.95986E-9 4.37492E-9 2.56457E-8 1.07416E-8 -9999 8.72223E-7 6.82586E-7 2.22235E-9 6.28171E-10 3.43857E-10 1.7225E-9 8.79951E-7 2.36662E-6 2.15931E-6 1.57386E-6 3.18323E-6 6.84661E-6 7.87299E-6 5.87999E-7 1.35172E-6 9.76735E-6 8.20397E-6 3.13282E-6 1.20655E-5 1.70232E-6 6.10297E-6 1.11806E-5 1.55608E-5 7.78431E-6 1.13939E-5 1.62521E-5
-9999 -9999 -9999 -9999 -9999 -9999 -9999 -9999 -9999 -9999 -9999 -9999 -9999 -9999 -9999 -9999 -9999 -9999 -9999 -9999 -9999 -9999 -9999 -9999 -9999 4.15435E-6 -9999 3.15532E-6 9.8654E-8 3.44752E-8 3.09197E-9 6.77454E-8 2.36327E-8 1.48571E-7 1.06591E-9 6.44273E-8 2.83285E-9 2.11078E-6 1.4592E-8 1.84666E-8 9.07818E-7 3.82804E-7 1.04156E-7 1.09438E-7 1.36616E-7 4.02269E-7 8.26137E-6 9.98628E-6 1.69747E-6 1.18148E-5 5.79207E-6 2.35868E-6 1.80658E-6 3.85745E-6 2.77682E-6 4.3108E-6 2.50436E-5 1.81399E-5 2.19943E-5 1.05531E-5 1.85823E-5
-9999 -9999 -9999 -9999 -9999 -9999 -9999 -9999 -9999 -9999 -9999 -9999 -9999 -9999 -9999 -9999 -9999 -9999 -9999 -9999 -9999 -9999 -9999 -9999 -9999 -9999 -9999 4.16204E-7 3.80599E-7 2.23971E-7 5.30459E-9 5.06029E-8 4.07075E-7 1.33803E-7 4.31732E-8 2.29598E-9 1.5457E-7 3.31344E-5 2.45435E-7 8.48565E-7 5.99196E-7 3.49889E-8 1.4371E-7 9.93711E-8 3.15726E-8 3.62958E-6 2.75984E-6 6.92142E-6 7.08869E-6 3.95646E-7 3.34273E-6 6.1914E-7 2.36132E-6 1.82735E-6 3.501E-6 4.0758E-6 1.08156E-5 1.46346E-5 1.17823E-5 2.06895E-5 7.40535E-6
-9999 -9999 -9999 -9999 -9999 -9999 -9999 -9999 -9999 -9999 -9999 -9999 -9999 -9999 -9999 -9999 -9999 -9999 -9999 -9999 -9999 -9999 -9999 -9999 -9999 -9999 -9999 1.03034E-6 4.54869E-7 2.61337E-7 1.65905E-8 4.01708E-9 7.93458E-6 3.59411E-8 3.13796E-10 1.17427E-8 1.979E-8 9.71169E-7 1.3884E-6 4.71988E-7 8.44661E-8 9.79992E-8 4.8392E-8 6.00397E-9 1.95338E-7 8.54132E-6 1.70083E-6 6.53357E-6 9.57642E-6 7.76187E-7 1.75632E-6 5.10928E-6 5.53858E-6 3.79124E-6 4.29405E-6 6.57192E-6 5.26937E-6 1.25463E-5 8.32821E-6 1.67927E-6 1.43145E-5
-9999 -9999 -9999 -9999 -9999 -9999 -9999 -9999 -9999 -9999 -9999 3.85845E-6 -9999 -9999 -9999 -9999 -9999 -9999 -9999 -9999 -9999 -9999 -9999 -9999 -9999 -9999 -9999 -9999 -9999 6.99442E-7 1.38788E-6 -9999 1.49663E-7 6.49622E-7 -9999 3.17844E-7 1.1206E-7 2.57873E-8 3.24462E-8 1.88472E-7 1.20231E-6 1.22935E-7 1.76301E-7 1.40241E-7 1.12302E-6 1.0048E-5 3.87471E-6 9.44677E-6 6.40197E-6 2.63925E-6 2.42494E-6 1.52719E-6 1.87141E-6 2.93956E-6 5.03149E-6 4.77773E-6 4.59571E-6 7.63496E-6 9.15044E-6 2.33068E-6 8.49868E-6
-9999 -9999 -9999 -9999 -9999 -9999 -9999 -9999 -9999 -9999 -9999 5.29992E-7 1.78712E-6 7.95482E-6 -9999 -9999 -9999 -9999 -9999 -9999 -9999 -9999 -9999 -9999 -9999 -9999 -9999 -9999 -9999 -9999 2.27879E-6 6.87535E-10 1.37824E-10 1.69113E-11 7.58973E-10 5.79154E-10 1.29071E-8 7.43418E-9 4.11689E-8 1.09412E-7 2.01039E-7 1.60814E-7 3.29085E-7 7.18129E-8 3.49456E-8 6.76059E-6 4.99812E-6 7.32711E-6 7.38322E-6 2.04353E-6 7.85019E-7 1.69697E-6 2.54689E-6 2.08575E-6 7.45611E-6 5.95336E-6 3.22115E-6 6.8411E-6 2.02072E-5 1.12614E-5 1.11145E-5
-9999 -9999 -9999 -9999 -9999 -9999 -9999 -9999 -9999 -9999 7.81655E-7 5.10613E-7 4.14139E-7 1.94357E-6 -9999 -9999 -9999 -9999 -9999 -9999 -9999 -9999 -9999 -9999 -9999 -9999 -9999 -9999 -9999 2.70784E-6 1.65264E-10 2.34569E-10 8.44801E-11 3.87947E-8 1.34545E-8 1.07939E-8 4.95794E-7 4.76016E-8 7.7334E-8 2.67066E-7 7.13331E-8 2.68236E-7 4.25958E-7 3.73534E-7 2.68859E-6 5.06284E-6 1.33465E-5 9.48918E-6 8.66168E-6 2.7473E-6 3.91198E-6 4.06549E-6 2.18258E-6 3.57627E-6 7.7957E-6 7.1758E-6 3.6388E-6 6.8817E-6 1.7397E-5 4.67071E-6 4.64342E-6
-9999 -9999 -9999 -9999 -9999 -9999 -9999 -9999 -9999 4.12688E-6 1.89622E-7 1.4653E-6 -9999 1.04686E-6 1.22263E-6 3.96669E-6 -9999 -9999 -9999 -9999 -9999 -9999 -9999 -9999 -9999 -9999 -9999 -9999 3.06302E-6 1.57198E-7 3.52458E-11 5.76661E-9 8.71063E-9 2.2727E-10 4.10122E-9 1.24367E-6 6.75627E-7 2.22539E-8 5.42229E-8 3.39197E-7 6.82593E-7 2.24752E-7 2.14125E-6 1.26325E-6 2.19966E-6 3.23448E-6 6.12933E-6 9.39804E-6 2.8272E-6 3.5419E-6 8.95336E-7 1.79636E-6 3.1187E-6 3.56503E-6 7.74083E-6 6.19582E-6 2.99455E-6 7.84875E-6 1.92005E-5 1.52187E-5 6.89462E-6
-9999 -9999 -9999 -9999 -9999 -9999 -9999 -9999 -9999 -9999 2.70768E-7 2.70439E-6 5.25469E-7 1.13858E-6 4.7775E-6 7.23777E-6 -9999 -9999 -9999 -9999 -9999 -9999 -9999 -9999 -9999 -9999 -9999 9.44425E-6 8.2521E-7 1.29E-6 1.51247E-8 5.8433E-11 9.32279E-8 2.10675E-7 5.97793E-7 1.13435E-5 7.02114E-7 4.45485E-8 8.59818E-9 8.98769E-7 1.33835E-7 3.37236E-7 1.0573E-7 1.71292E-7 1.43969E-7 1.87843E-6 4.32287E-6 3.92316E-6 4.1751E-6 3.58938E-6 2.82844E-6 2.26952E-6 1.81064E-6 4.94975E-6 1.29402E-5 7.93991E-6 2.55136E-6 8.3663E-6 1.3834E-5 8.16127E-6 1.01848E-5
-9999 -9999 -9999 -9999 -9999 -9999 -9999 -9999 -9999 -9999 4.01271E-7 9.70595E-7 1.23677E-6 1.34527E-6 3.59025E-6 -9999 2.83214E-5 3.30689E-6 6.43629E-6 -9999 -9999 -9999 -9999 -9999 -9999 -9999 -9999 -9999 2.37844E-6 5.34177E-7 1.15924E-10 1.613E-9 1.17173E-5 3.06607E-7 1.34203E-5 2.80486E-6 1.43E-5 6.50902E-7 3.02127E-7 5.47376E-8 1.3627E-7 2.11501E-7 1.33275E-6 2.86773E-7 1.41584E-7 3.41123E-7 7.16421E-6 2.71397E-6 8.43353E-6 1.95275E-6 7.16595E-7 2.67638E-6 4.54257E-6 6.05738E-6 6.32926E-6 1.23379E-5 8.10809E-6 1.03974E-5 2.66087E-6 1.32469E-5 5.31598E-6
-9999 -9999 -9999 -9999 -9999 -9999 -9999 -9999 -9999 3.01473E-6 1.48222E-7 -9999 -9999 -9999 3.90914E-6 1.31457E-5 5.14397E-6 -9999 -9999 -9999 -9999 -9999 -9999 -9999 -9999 -9999 -9999 -9999 1.5479E-7 1.79396E-10 6.32851E-8 1.19888E-9 4.28746E-7 3.64436E-8 1.13789E-5 1.32284E-6 5.5059E-7 5.3271E-9 1.61893E-8 1.91661E-7 3.34291E-7 8.96476E-7 3.83202E-7 1.05924E-6 1.11977E-6 1.00416E-6 2.82567E-6 5.02089E-6 8.25787E-6 3.00732E-6 1.41995E-6 1.95294E-6 8.99186E-6 1.25325E-5 3.55349E-6 1.2428E-5 1.12322E-5 1.85329E-5 5.41066E-6 1.17308E-5 1.88959E-5
-9999 -9999 -9999 -9999 -9999 -9999 -9999 -9999 -9999 3.87815E-7 5.99493E-7 7.54257E-7 -9999 -9999 6.90453E-6 2.73901E-6 -9999 -9999 -9999 -9999 -9999 -9999 -9999 -9999 -9999 -9999 -9999 -9999 3.55745E-7 1.27907E-7 1.41383E-8 1.05156E-8 9.97661E-9 3.78174E-8 2.89326E-7 1.25791E-7 1.817E-8 5.01634E-9 6.00406E-7 7.2543E-7 1.00637E-6 1.94377E-7 1.25497E-6 3.51235E-6 8.46382E-8 1.28114E-6 1.77263E-6 2.21106E-7 1.40663E-5 4.91138E-6 3.36911E-6 2.52357E-6 7.55206E-6 4.88705E-6 1.05346E-5 1.48642E-5 1.00876E-5 7.81696E-6 3.52337E-5 8.98704E-6 6.1375E-6
-9999 -9999 -9999 -9999 -9999 -9999 -9999 -9999 -9999 -9999 9.98209E-7 3.29318E-7 6.81485E-7 1.06124E-6 2.28119E-6 3.00583E-6 -9999 -9999 -9999 -9999 -9999 -9999 -9999 -9999 -9999 1.45491E-5 5.50071E-7 -9999 -9999 2.28219E-6 4.73253E-9 3.12168E-9 2.31054E-7 2.83581E-7 1.63269E-7 1.26437E-7 4.70888E-9 1.09354E-7 4.44103E-7 1.93898E-6 2.33023E-7 8.12645E-8 4.38203E-7 6.73449E-6 5.88527E-6 2.06815E-7 2.00728E-7 7.25602E-6 1.76778E-5 1.39737E-5 3.94724E-6 6.76763E-6 9.15624E-6 6.25649E-6 1.03977E-5 2.66503E-5 1.00715E-5 6.20925E-6 2.34115E-6 1.53653E-5 6.03458E-6
-9999 -9999 -9999 -9999 -9999 -9999 -9999 -9999 -9999 -9999 -9999 1.21494E-7 7.00219E-7 1.07336E-6 1.32523E-6 -9999 -9999 -9999 -9999 -9999 -9999 -9999 -9999 -9999 -9999 -9999 7.01584E-7 1.11071E-5 9.59428E-11 5.50718E-8 3.86222E-13 4.85024E-10 5.99153E-10 4.03309E-10 3.20261E-8 4.10113E-8 1.08964E-8 1.60247E-10 2.87666E-7 5.31246E-10 9.23504E-9 1.23812E-7 1.41696E-7 6.6926E-6 2.96688E-6 8.54653E-7 5.05774E-6 1.00262E-5 1.72201E-5 2.18208E-5 8.58948E-6 1.36783E-6 7.90902E-6 1.18052E-5 1.20777E-5 3.99312E-5 5.41233E-6 2.7502E-6 5.42773E-7 3.64123E-6 1.11455E-5
-9999 -9999 -9999 -9999 -9999 -9999 -9999 -9999 -9999 7.82977E-6 2.70236E-6 2.45809E-7 2.58342E-7 5.90707E-7 -9999 -9999 -9999 -9999 -9999 -9999 -9999 -9999 -9999 -9999 3.46943E-5 5.97545E-6 1.56066E-5 -9999 1.41793E-10 2.79223E-9 6.04713E-13 3.22807E-11 7.0078E-9 9.25849E-8 3.87947E-8 6.17691E-7 1.79603E-9 7.72193E-9 4.53237E-8 5.52267E-10 1.46791E-8 2.6664E-8 1.30331E-7 6.00997E-7 7.98748E-6 2.02632E-7 1.01455E-6 2.44374E-6 4.76471E-6 2.21E-5 1.08093E-5 4.11821E-6 6.95349E-6 7.48071E-6 8.57549E-6 4.11339E-5 2.29961E-6 9.50589E-6 3.06745E-6 1.4617E-6 9.20209E-6
-9999 -9999 -9999 -9999 -9999 -9999 -9999 -9999 -9999 5.35937E-6 3.78667E-8 2.05704E-7 4.9268E-7 4.02555E-7 -9999 -9999 -9999 -9999 -9999 -9999 -9999 -9999 -9999 -9999 -9999 -9999 2.63503E-6 -9999 6.8478E-9 1.40539E-8 5.37675E-12 1.47655E-11 2.15843E-7 1.02568E-7 0E0 3.47698E-8 2.59498E-9 4.05143E-8 5.7869E-10 5.64336E-9 2.02153E-9 9.85123E-7 4.67637E-7 1.60239E-6 7.26228E-6 4.31532E-6 9.54124E-7 1.6058E-6 2.38674E-6 1.7696E-5 5.30018E-6 5.49334E-6 8.8921E-6 6.53789E-6 3.94664E-6 2.91382E-5 1.36161E-5 3.54039E-6 1.06694E-5 1.35068E-5 9.22921E-6
-9999 -9999 -9999 -9999 -9999 -9999 -9999 -9999 -9999 4.59499E-6 2.35235E-6 -9999 -9999 -9999 -9999 -9999 -9999 -9999 -9999 -9999 -9999 -9999 -9999 -9999 -9999 9.29175E-7 5.91835E-9 4.00523E-7 8.38282E-8 1.41648E-9 6.80417E-13 3.83428E-8 1.05171E-5 2.94201E-7 4.15388E-7 2.09408E-8 6.50821E-8 5.97697E-9 7.01228E-10 7.72855E-9 4.00303E-8 1.19404E-7 9.12502E-8 2.40145E-6 1.87289E-6 3.46047E-6 3.38168E-6 4.10902E-6 1.7464E-6 2.3465E-5 7.06445E-6 1.1917E-5 1.23453E-5 6.07159E-6 6.02612E-6 9.1876E-6 1.09468E-5 1.52187E-5 1.07134E-5 2.00518E-5 2.45777E-5
-9999 -9999 -9999 -9999 -9999 -9999 -9999 -9999 -9999 -9999 2.61837E-7 3.90941E-7 8.02973E-8 5.12036E-7 -9999 -9999 -9999 -9999 -9999 -9999 -9999 -9999 -9999 3.7859E-5 5.71276E-6 1.65705E-6 3.56325E-6 9.62867E-10 5.40909E-7 7.9242E-10 1.16466E-11 2.06992E-11 -9999 4.95327E-8 1.42038E-9 1.63896E-8 4.98108E-7 6.86549E-11 8.66371E-10 2.56375E-9 4.86695E-8 2.39421E-7 1.94351E-7 6.93701E-6 5.81134E-6 1.07892E-5 4.80762E-6 3.78274E-6 1.21667E-5 3.25592E-5 4.76757E-5 1.5781E-5 1.85729E-5 1.03253E-5 5.03966E-6 6.68007E-6 1.75888E-5 1.19207E-5 5.94813E-6 5.69565E-6 1.24557E-5
-9999 -9999 -9999 -9999 -9999 -9999 -9999 -9999 -9999 -9999 -9999 1.60208E-7 1.17788E-6 7.27615E-7 -9999 -9999 -9999 -9999 -9999 -9999 -9999 -9999 -9999 -9999 5.8928E-6 -9999 -9999 2.59524E-10 2.5299E-7 6.71486E-11 2.42214E-8 3.75203E-10 4.63788E-10 2.10666E-7 4.06757E-6 -9999 1.43792E-9 1.12614E-9 3.43442E-9 1.31827E-8 7.08764E-7 3.19032E-8 3.0078E-7 1.10879E-7 3.23447E-6 9.81163E-6 1.91857E-5 1.85483E-5 2.48055E-5 6.46758E-6 1.33394E-5 7.4214E-6 1.77649E-5 2.35012E-5 1.37374E-5 8.09968E-6 2.44609E-5 1.24309E-5 1.40589E-5 1.0888E-5 2.66853E-5
