Candidate_Models_July82022/M_0.1_F_lqp_Set_1_all/Bison.asc
ncols         290
nrows         380
xllcorner     -2197417.7431653
yllcorner     -584827.01486885
cellsize      10000.0
NODATA_value  -9999
[rows 135 to 161 of 380, columns 61 to 121 of 290]
2.06406E-5 1.67185E-5 2.10429E-5 3.50106E-5 2.11642E-5 1.45934E-5 1.67532E-5 1.18902E-5 9.78309E-6 7.39785E-6 1.8596E-5 1.82001E-5 9.72787E-6 9.53577E-6 7.98307E-6 1.46683E-5 8.43901E-6 8.25014E-6 8.99656E-6 9.33178E-6 9.76451E-6 1.00789E-5 1.39014E-5 1.48751E-5 1.33472E-5 1.03357E-5 1.85278E-5 1.39938E-5 1.25048E-5 1.20094E-5 1.61215E-5 1.39487E-5 1.50562E-5 1.53462E-5 1.48974E-5 1.53636E-5 1.50477E-5 1.66493E-5 1.42924E-5 1.67895E-5 1.64465E-5 1.88761E-5 1.97402E-5 1.80293E-5 1.909E-5 1.87103E-5 1.93994E-5 2.37221E-5 2.08E-5 2.23815E-5 2.38351E-5 2.34814E-5 2.35286E-5 2.60084E-5 2.80979E-5 2.9239E-5 3.42443E-5 3.11659E-5 3.03408E-5 2.8598E-5 3.39695E-5
2.72079E-5 2.0721E-5 1.97996E-5 2.15762E-5 1.48115E-5 1.25631E-5 9.12494E-6 1.2685E-5 1.01566E-5 6.89252E-6 1.84895E-5 1.78484E-5 2.26485E-5 9.83664E-6 8.08095E-6 1.67732E-5 1.18533E-5 8.93522E-6 9.17093E-6 9.96791E-6 1.62542E-5 1.32061E-5 1.51254E-5 9.35801E-6 1.15927E-5 1.14508E-5 1.38462E-5 1.13787E-5 1.16112E-5 1.53503E-5 1.34818E-5 1.18821E-5 1.39347E-5 1.51857E-5 1.42452E-5 1.67869E-5 1.48502E-5 1.61057E-5 1.63816E-5 1.61981E-5 1.67915E-5 1.83546E-5 2.03844E-5 1.72547E-5 1.90957E-5 2.49683E-5 1.79361E-5 1.87146E-5 1.7087E-5 3.30478E-5 2.93332E-5 2.05589E-5 2.53355E-5 2.60815E-5 2.77061E-5 2.9872E-5 3.53465E-5 3.37364E-5 3.11305E-5 2.87102E-5 3.40795E-5
9.54939E-6 1.7765E-5 1.07115E-5 1.57781E-5 1.98873E-5 1.17831E-5 1.68122E-5 1.09933E-5 6.54056E-6 6.82148E-6 9.32942E-6 1.71271E-5 1.88337E-5 1.91143E-5 8.75839E-6 6.61172E-6 1.01736E-5 1.01309E-5 1.78675E-5 1.29969E-5 1.35114E-5 1.78755E-5 1.19083E-5 7.87601E-6 1.26118E-5 1.31571E-5 1.26565E-5 9.71389E-6 9.89757E-6 1.03444E-5 1.43656E-5 1.29436E-5 1.25002E-5 1.61667E-5 1.47262E-5 1.55124E-5 1.61038E-5 1.54274E-5 1.7107E-5 1.83637E-5 1.70456E-5 2.44935E-5 1.92511E-5 1.92896E-5 1.98449E-5 1.9851E-5 2.41774E-5 2.2849E-5 2.18E-5 2.20648E-5 2.79542E-5 2.40247E-5 2.50917E-5 2.59597E-5 2.70812E-5 2.95624E-5 3.17909E-5 3.20008E-5 3.13506E-5 3.20435E-5 3.69863E-5
1.47106E-5 2.6543E-5 1.76976E-5 1.47546E-5 1.857E-5 9.85759E-6 1.3798E-5 9.76489E-6 6.26437E-6 5.99151E-6 8.29951E-6 2.35463E-5 2.30777E-5 2.43588E-5 2.49313E-5 1.38335E-5 1.34881E-5 1.06774E-5 7.39185E-6 1.68666E-5 1.41279E-5 1.1652E-5 8.72022E-6 6.58502E-6 1.01971E-5 1.03703E-5 9.63043E-6 9.35417E-6 1.01276E-5 1.05294E-5 1.25116E-5 1.22594E-5 1.4035E-5 1.42744E-5 1.67891E-5 1.46264E-5 1.50672E-5 1.56726E-5 1.61473E-5 1.71361E-5 1.81735E-5 1.93505E-5 1.99297E-5 1.90633E-5 2.08641E-5 2.15181E-5 2.0426E-5 2.1652E-5 1.64925E-5 2.26781E-5 2.38927E-5 2.54299E-5 2.39114E-5 2.09981E-5 2.4033E-5 2.50141E-5 3.03922E-5 2.9784E-5 3.48996E-5 3.65656E-5 3.65727E-5
1.79371E-5 1.58219E-5 1.52591E-5 7.57662E-6 1.91902E-5 7.21144E-6 9.06566E-6 1.14643E-5 1.01078E-5 1.08917E-5 5.59029E-6 1.32671E-5 7.9082E-6 2.82981E-5 2.20992E-5 1.11817E-5 9.63049E-6 2.22365E-5 9.86774E-6 9.13247E-6 1.1836E-5 1.07305E-5 6.54469E-6 7.17486E-6 1.00254E-5 8.63082E-6 1.0108E-5 1.34111E-5 1.07901E-5 1.29774E-5 1.34445E-5 1.26527E-5 1.2696E-5 1.32084E-5 1.55601E-5 1.55109E-5 1.52563E-5 1.69638E-5 1.83504E-5 1.76206E-5 1.92478E-5 2.15459E-5 1.89329E-5 2.03705E-5 2.01276E-5 2.09157E-5 2.05618E-5 2.23899E-5 2.20834E-5 2.2285E-5 2.4364E-5 2.39112E-5 2.55907E-5 2.40855E-5 2.50302E-5 2.47989E-5 2.51409E-5 2.72728E-5 2.94248E-5 4.0101E-5 3.65408E-5
1.11464E-5 1.84209E-5 1.82511E-5 1.72508E-5 2.00226E-5 9.97071E-6 8.84171E-6 8.00951E-6 1.7763E-5 5.70123E-6 1.17658E-5 1.45431E-5 1.97583E-5 2.05252E-5 2.34721E-5 2.06607E-5 2.33352E-5 1.48854E-5 1.83892E-5 1.46558E-5 1.41715E-5 1.34452E-5 8.39628E-6 8.2229E-6 8.84728E-6 8.87738E-6 1.00906E-5 1.01169E-5 1.01744E-5 1.28518E-5 1.16171E-5 1.60176E-5 1.40768E-5 1.27255E-5 1.39138E-5 1.38888E-5 1.43796E-5 1.56737E-5 1.73381E-5 1.85453E-5 1.82158E-5 1.93757E-5 2.13147E-5 1.69652E-5 1.66511E-5 1.67003E-5 2.12161E-5 2.27658E-5 2.41955E-5 2.43984E-5 2.37155E-5 2.55959E-5 2.97267E-5 2.26177E-5 2.34725E-5 2.55044E-5 2.72404E-5 2.89192E-5 3.66771E-5 4.06334E-5 3.78144E-5
1.10149E-5 1.71216E-5 9.83612E-6 9.01568E-6 1.9168E-5 7.02001E-6 7.87188E-6 1.62624E-5 1.70544E-5 1.25151E-5 1.82869E-5 2.40077E-5 1.80757E-5 2.34578E-5 1.79287E-5 1.70763E-5 2.31996E-5 1.82957E-5 1.50141E-5 1.31358E-5 1.2356E-5 1.34349E-5 9.65608E-6 8.49619E-6 7.8494E-6 9.89527E-6 1.20231E-5 1.14984E-5 9.23701E-6 1.14665E-5 1.18055E-5 1.3599E-5 1.44159E-5 1.37118E-5 1.50087E-5 1.61701E-5 1.82663E-5 1.62864E-5 1.75642E-5 1.82454E-5 1.94406E-5 1.97502E-5 2.15317E-5 1.99525E-5 2.19638E-5 2.2407E-5 2.34139E-5 1.99978E-5 2.63148E-5 3.20798E-5 2.87952E-5 2.84879E-5 2.20098E-5 1.63915E-5 2.24526E-5 2.46532E-5 3.00018E-5 3.05933E-5 3.41808E-5 3.33752E-5 3.78904E-5
6.78765E-6 1.44923E-5 7.82902E-6 1.40435E-5 2.48956E-5 5.21295E-6 9.87258E-6 1.28543E-5 1.53748E-5 1.43601E-5 2.66618E-5 2.4801E-5 1.3824E-5 3.3698E-5 3.89087E-5 4.37868E-5 4.1137E-5 4.19537E-5 2.21168E-5 1.37923E-5 1.04424E-5 9.85321E-6 1.13537E-5 1.20847E-5 8.64072E-6 6.85541E-6 1.0075E-5 1.47363E-5 1.05872E-5 1.21589E-5 1.28098E-5 1.34961E-5 1.25889E-5 1.5801E-5 1.44467E-5 1.50805E-5 1.5751E-5 1.59526E-5 1.73335E-5 1.81463E-5 2.02991E-5 1.82496E-5 2.11125E-5 2.05288E-5 2.20995E-5 2.30945E-5 2.37864E-5 2.46564E-5 3.11566E-5 2.85906E-5 2.40334E-5 2.30127E-5 2.13241E-5 2.66724E-5 2.70089E-5 2.45059E-5 2.33635E-5 2.93096E-5 3.32259E-5 3.2282E-5 2.94694E-5
8.24056E-6 7.39943E-6 8.10974E-6 6.51385E-6 3.15584E-5 3.89072E-5 1.36369E-5 1.05034E-5 1.88574E-5 2.30535E-5 3.96578E-5 9.20749E-6 5.75485E-5 3.51883E-5 4.50382E-5 5.30871E-5 2.72702E-5 2.43763E-5 2.03808E-5 2.04643E-5 1.38455E-5 1.13232E-5 8.96834E-6 1.20309E-5 1.18494E-5 7.57111E-6 1.21327E-5 1.20404E-5 1.42848E-5 1.34163E-5 2.08667E-5 1.35516E-5 1.50288E-5 1.41218E-5 1.48417E-5 1.45435E-5 1.71934E-5 1.65888E-5 1.88488E-5 1.79918E-5 2.00465E-5 2.03744E-5 1.93781E-5 2.15443E-5 2.28253E-5 2.95612E-5 2.59309E-5 2.52824E-5 2.55837E-5 2.8043E-5 2.76682E-5 3.00901E-5 2.0668E-5 2.25689E-5 2.64714E-5 2.9048E-5 3.32013E-5 3.04905E-5 2.71763E-5 2.69595E-5 2.44862E-5
1.58267E-5 4.35965E-6 2.3512E-5 1.25736E-5 1.53974E-5 3.18007E-5 2.31646E-5 9.52878E-6 2.28232E-5 1.80946E-5 1.28707E-5 4.85598E-5 9.31119E-6 2.43091E-5 4.02503E-5 3.76474E-5 3.11669E-5 2.27256E-5 1.18278E-5 1.1694E-5 1.73588E-5 1.16677E-5 9.6775E-6 1.26951E-5 1.2337E-5 1.5131E-5 1.37881E-5 1.27843E-5 1.56054E-5 1.4473E-5 1.50159E-5 1.87762E-5 1.60465E-5 1.84646E-5 2.35328E-5 1.69402E-5 1.9137E-5 2.43249E-5 2.61126E-5 1.82407E-5 1.89497E-5 2.20153E-5 2.08049E-5 2.23179E-5 2.35457E-5 2.61887E-5 2.83382E-5 2.79723E-5 2.57318E-5 2.42462E-5 2.68107E-5 2.13126E-5 1.94647E-5 1.43606E-5 2.49505E-5 3.28568E-5 2.9803E-5 2.96188E-5 1.95737E-5 2.64283E-5 2.79221E-5
8.76972E-6 5.87292E-6 2.34746E-5 1.53072E-5 1.53588E-5 2.59703E-5 1.57342E-5 1.32025E-5 1.19949E-5 2.97293E-5 2.20175E-5 3.0384E-5 1.53797E-5 2.50984E-5 3.1816E-5 3.58252E-5 3.86392E-5 2.47032E-5 2.46929E-5 1.38595E-5 2.94506E-5 2.09946E-5 9.98655E-6 1.47678E-5 1.57842E-5 1.69862E-5 1.48797E-5 1.10076E-5 1.78702E-5 2.12418E-5 1.43319E-5 1.50686E-5 1.37196E-5 1.62513E-5 1.67585E-5 1.80133E-5 1.89823E-5 2.30338E-5 1.78905E-5 2.24866E-5 1.9358E-5 2.166E-5 2.0634E-5 2.3593E-5 2.43132E-5 2.87187E-5 2.84237E-5 2.9355E-5 2.38151E-5 2.89217E-5 2.58687E-5 2.1046E-5 2.03766E-5 1.87294E-5 1.83532E-5 2.88864E-5 2.89127E-5 2.61239E-5 2.07581E-5 2.674E-5 3.24201E-5
1.03293E-5 6.43317E-6 4.16E-6 1.64031E-5 9.277E-6 1.02005E-5 1.1089E-5 1.30288E-5 1.25888E-5 2.21956E-5 1.20482E-5 2.90677E-5 2.50463E-5 2.50421E-5 1.73229E-5 1.85412E-5 1.55228E-5 2.2893E-5 1.30543E-5 7.10906E-6 1.16471E-5 2.18907E-5 1.21571E-5 1.97092E-5 1.38307E-5 1.52829E-5 1.65896E-5 1.48983E-5 1.5294E-5 2.25294E-5 1.69873E-5 1.52387E-5 1.36704E-5 1.73678E-5 1.81373E-5 1.8859E-5 2.18365E-5 2.33737E-5 2.08672E-5 2.69914E-5 2.4278E-5 2.49899E-5 2.79845E-5 2.35808E-5 2.69642E-5 3.13556E-5 2.88615E-5 2.82427E-5 3.10864E-5 2.61292E-5 2.68018E-5 2.53974E-5 2.98215E-5 4.79776E-5 3.34187E-5 2.93559E-5 3.2192E-5 3.92447E-5 3.62138E-5 3.3826E-5 3.18793E-5
2.55022E-5 2.04492E-5 1.23599E-5 5.40566E-6 1.45918E-5 1.83734E-5 1.78287E-5 8.87519E-6 2.22334E-5 1.32502E-5 1.69644E-5 1.26579E-5 1.87347E-5 3.14881E-5 3.30571E-5 2.35263E-5 2.04305E-5 1.95941E-5 1.66157E-5 1.25942E-5 9.43395E-6 1.39829E-5 3.35633E-5 2.47705E-5 1.78602E-5 1.83748E-5 2.62043E-5 1.76349E-5 1.47116E-5 1.56757E-5 1.78785E-5 1.35352E-5 1.4764E-5 1.86424E-5 2.11653E-5 2.7452E-5 2.77257E-5 2.67533E-5 2.6898E-5 3.15513E-5 3.13211E-5 2.71296E-5 2.98115E-5 2.50642E-5 2.74116E-5 3.11063E-5 3.10615E-5 3.11483E-5 2.83062E-5 2.58037E-5 2.79022E-5 2.57034E-5 2.91232E-5 3.86403E-5 5.06724E-5 2.88773E-5 3.11346E-5 4.14811E-5 3.95531E-5 3.77146E-5 3.58705E-5
1.37922E-5 1.36706E-5 1.98528E-5 2.23297E-5 5.29391E-6 1.01869E-5 1.01132E-5 9.43686E-6 9.03981E-6 4.43599E-6 1.08731E-5 1.3588E-5 1.57321E-5 4.03721E-5 2.28257E-5 1.66897E-5 1.48147E-5 2.49404E-5 1.6727E-5 9.54817E-6 1.28633E-5 1.05766E-5 2.41076E-5 2.2501E-5 1.23952E-5 1.45319E-5 1.90709E-5 2.02041E-5 1.96462E-5 1.75937E-5 1.32971E-5 1.28312E-5 1.52728E-5 1.86688E-5 2.33314E-5 2.65248E-5 2.8426E-5 2.66648E-5 2.96689E-5 2.83246E-5 2.90507E-5 3.09722E-5 4.23541E-5 3.05246E-5 2.75804E-5 3.47173E-5 3.6838E-5 2.88295E-5 2.80521E-5 3.08556E-5 2.36707E-5 2.91635E-5 3.02698E-5 3.19166E-5 2.79985E-5 2.89401E-5 3.93874E-5 3.23104E-5 3.9383E-5 3.73275E-5 3.82043E-5
2.56637E-5 1.36251E-5 2.62968E-5 6.43939E-6 9.40347E-6 7.85298E-6 6.25045E-6 1.45836E-5 9.12525E-6 1.85696E-5 1.68605E-5 1.66583E-5 2.10426E-5 1.39606E-5 1.15526E-5 1.9838E-5 1.71811E-5 1.90015E-5 2.02067E-5 1.7262E-5 1.68981E-5 1.68536E-5 1.66515E-5 1.45225E-5 1.00796E-5 1.01527E-5 1.60536E-5 1.69208E-5 2.2718E-5 1.68128E-5 1.78468E-5 1.39401E-5 1.75335E-5 2.14213E-5 2.23239E-5 3.38429E-5 2.88047E-5 3.33871E-5 2.86211E-5 3.18252E-5 3.28409E-5 2.9554E-5 3.84814E-5 3.97624E-5 3.27556E-5 3.92787E-5 3.2085E-5 3.19195E-5 3.13399E-5 2.95289E-5 2.16641E-5 2.8531E-5 2.76048E-5 3.35895E-5 3.84535E-5 3.24129E-5 4.15594E-5 3.98486E-5 3.83601E-5 3.85709E-5 3.74935E-5
1.56999E-5 1.87857E-5 2.06646E-5 2.96711E-5 8.03669E-6 1.67414E-5 7.4459E-6 1.58083E-5 3.60743E-5 9.1166E-6 2.18854E-5 5.17273E-6 1.21989E-5 2.07869E-5 2.00792E-5 1.04466E-5 2.27491E-5 2.01415E-5 2.05514E-5 2.1381E-5 1.06206E-5 1.92594E-5 1.84154E-5 1.87473E-5 1.04105E-5 1.49599E-5 1.37232E-5 1.71247E-5 1.70768E-5 1.71137E-5 1.81876E-5 1.95031E-5 2.13242E-5 3.37557E-5 3.06359E-5 2.94961E-5 3.34205E-5 3.05629E-5 3.14816E-5 3.97834E-5 5.18632E-5 3.3451E-5 3.35112E-5 2.93137E-5 3.20282E-5 3.59704E-5 3.23901E-5 3.85113E-5 3.28607E-5 3.38651E-5 3.37527E-5 2.80482E-5 2.82504E-5 3.07828E-5 3.33421E-5 3.51317E-5 3.66813E-5 3.90447E-5 3.8655E-5 3.7518E-5 4.12808E-5
1.43665E-5 1.54972E-5 2.39634E-5 2.45565E-6 8.49562E-6 7.21645E-6 1.57169E-5 1.19763E-5 1.35249E-5 3.95753E-5 2.26073E-5 7.61911E-6 1.18362E-5 9.4509E-6 2.29625E-5 2.41193E-5 2.6761E-5 2.55386E-5 5.60948E-5 2.1613E-5 3.04794E-5 2.07666E-5 1.05194E-5 2.3034E-5 9.70774E-6 2.56841E-5 1.47165E-5 1.59919E-5 1.58278E-5 1.72526E-5 2.28279E-5 2.05605E-5 2.60139E-5 2.93413E-5 3.31535E-5 2.67244E-5 3.71239E-5 3.41761E-5 3.12297E-5 3.5066E-5 5.02876E-5 5.21141E-5 3.52831E-5 3.05775E-5 3.04428E-5 3.25918E-5 3.23187E-5 3.39136E-5 3.53579E-5 3.3603E-5 3.55283E-5 3.833E-5 3.38813E-5 3.41254E-5 3.44364E-5 3.51106E-5 3.5772E-5 3.45011E-5 3.636E-5 4.20626E-5 4.19964E-5
3.08016E-5 1.01785E-5 2.0301E-5 3.78942E-6 4.88193E-6 1.25766E-5 2.48044E-5 1.70759E-5 1.75087E-5 3.78612E-6 2.23025E-5 2.56619E-5 1.87577E-5 2.36647E-5 1.27534E-5 3.22733E-5 1.79738E-5 4.59147E-5 2.86785E-5 2.91383E-5 1.9601E-5 2.46961E-5 1.63231E-5 1.54867E-5 9.7393E-6 1.58045E-5 1.81353E-5 1.96566E-5 2.21509E-5 2.06744E-5 1.76307E-5 2.42424E-5 2.53041E-5 2.51728E-5 3.24817E-5 2.32737E-5 2.68759E-5 2.31992E-5 2.42273E-5 2.45541E-5 3.10814E-5 3.20535E-5 3.00117E-5 3.35901E-5 3.32851E-5 3.25308E-5 3.23269E-5 3.70933E-5 3.90153E-5 4.17612E-5 3.97204E-5 3.92745E-5 3.98772E-5 4.07566E-5 4.01263E-5 4.01661E-5 3.77453E-5 3.86591E-5 4.81653E-5 4.27525E-5 3.71579E-5
2.16932E-5 8.10757E-6 2.02669E-5 5.77223E-6 5.96171E-6 8.96616E-6 1.76579E-5 1.37007E-5 2.59228E-5 1.84977E-5 1.05733E-5 1.57109E-5 1.0774E-5 2.52473E-5 3.94148E-5 1.47537E-5 3.6968E-5 3.21144E-5 2.67759E-5 2.08162E-5 2.74971E-5 1.62856E-5 1.92797E-5 2.67305E-5 4.10971E-5 1.99575E-5 2.12804E-5 1.92816E-5 1.75321E-5 2.54106E-5 2.07731E-5 2.75347E-5 2.30391E-5 2.84871E-5 2.59433E-5 2.57724E-5 2.66547E-5 2.79446E-5 2.74696E-5 2.53059E-5 2.54716E-5 3.36126E-5 3.44037E-5 3.49085E-5 3.30144E-5 3.56255E-5 3.38186E-5 3.80708E-5 4.62593E-5 4.03493E-5 4.12884E-5 3.89686E-5 3.82321E-5 3.74036E-5 3.98079E-5 4.36375E-5 4.42069E-5 3.92673E-5 4.52393E-5 5.14791E-5 3.81973E-5
1.51198E-5 1.50529E-5 8.18448E-6 1.51488E-5 1.71784E-5 1.09419E-5 2.04161E-5 1.59765E-5 1.16598E-5 2.2883E-5 2.52578E-5 8.45216E-6 1.36837E-5 2.87394E-5 2.25421E-5 3.0771E-5 1.03572E-5 2.30143E-5 2.84104E-5 2.70354E-5 1.7804E-5 2.54603E-5 2.1587E-5 2.43602E-5 2.33333E-5 2.1241E-5 2.08792E-5 1.97538E-5 2.02935E-5 2.0604E-5 1.95788E-5 3.95836E-5 2.26557E-5 2.39781E-5 2.45237E-5 2.62582E-5 2.67077E-5 2.72066E-5 2.73484E-5 3.13189E-5 3.49792E-5 3.30186E-5 3.29261E-5 3.44496E-5 3.68802E-5 3.77338E-5 3.77889E-5 4.08593E-5 6.18443E-5 3.10472E-5 3.69028E-5 4.14971E-5 4.56364E-5 4.42962E-5 4.09808E-5 4.57941E-5 4.03713E-5 4.17219E-5 4.70248E-5 5.06256E-5 4.6463E-5
6.86212E-6 1.31647E-5 2.23575E-5 1.53811E-5 6.95348E-6 1.92001E-5 4.72552E-6 2.90392E-5 2.56156E-5 2.33953E-5 2.46567E-5 4.58944E-5 2.54507E-5 5.53809E-5 2.40123E-5 1.91586E-5 2.8901E-5 3.10553E-5 2.95029E-5 2.5213E-5 2.24561E-5 2.86483E-5 2.00982E-5 2.64796E-5 1.79111E-5 2.09448E-5 2.10055E-5 1.92622E-5 2.56011E-5 2.01182E-5 2.35153E-5 3.07002E-5 2.94753E-5 2.61934E-5 2.97526E-5 3.48647E-5 2.56885E-5 2.75612E-5 2.89103E-5 3.13343E-5 3.13592E-5 3.30834E-5 4.09473E-5 3.74094E-5 3.86605E-5 4.01585E-5 4.23719E-5 3.82137E-5 3.82734E-5 3.35296E-5 3.7556E-5 4.47378E-5 6.33412E-5 5.21536E-5 4.67498E-5 4.89405E-5 5.09008E-5 4.73462E-5 4.2713E-5 4.04757E-5 3.95325E-5
9.04642E-6 1.47231E-5 5.46839E-6 9.9828E-6 2.26997E-5 2.08044E-5 1.77539E-5 2.6786E-5 2.8572E-5 2.30954E-5 8.87718E-6 2.14936E-5 2.16264E-5 1.47939E-5 1.96504E-5 3.12261E-5 2.10042E-5 3.95149E-5 2.63658E-5 1.37994E-5 3.67515E-5 4.89905E-5 2.01854E-5 3.31227E-5 1.95004E-5 2.42403E-5 1.93828E-5 1.38031E-5 2.09337E-5 2.301E-5 2.63075E-5 2.7097E-5 2.96022E-5 2.92891E-5 1.98558E-5 3.79404E-5 3.88247E-5 2.92982E-5 3.34535E-5 3.1754E-5 3.84476E-5 3.75569E-5 3.83073E-5 3.89749E-5 4.01568E-5 4.27553E-5 4.67825E-5 4.45186E-5 9.03296E-5 4.20317E-5 3.09837E-5 4.763E-5 4.9494E-5 4.52377E-5 4.61061E-5 5.20612E-5 3.68851E-5 4.60005E-5 5.25675E-5 5.53457E-5 3.8651E-5
7.22145E-6 1.67048E-5 1.91677E-5 1.15878E-5 2.59522E-5 6.35193E-6 2.62964E-5 2.46325E-5 2.4578E-5 5.32293E-6 1.75646E-5 1.43269E-5 2.64204E-5 3.19621E-5 1.73458E-5 2.82352E-5 1.31623E-5 1.68712E-5 1.77133E-5 2.29353E-5 2.19398E-5 1.62579E-5 1.90606E-5 1.95365E-5 2.60617E-5 2.26369E-5 1.68227E-5 2.33436E-5 2.26399E-5 2.83155E-5 2.43529E-5 3.18554E-5 3.28267E-5 4.42812E-5 3.36975E-5 3.10697E-5 3.18748E-5 3.41517E-5 2.88304E-5 3.43141E-5 3.97891E-5 4.02523E-5 4.66717E-5 3.66701E-5 4.03174E-5 3.99132E-5 4.39913E-5 3.90885E-5 3.89252E-5 4.3093E-5 4.10845E-5 4.14499E-5 4.53279E-5 4.94849E-5 5.13727E-5 5.40827E-5 4.53845E-5 4.00896E-5 4.86857E-5 5.295E-5 4.41033E-5
1.20504E-5 2.49861E-5 2.52648E-5 2.16402E-5 2.29451E-5 2.68809E-5 2.08045E-5 3.99269E-5 2.62002E-5 3.54159E-5 1.78905E-5 5.99089E-6 1.05485E-5 1.73194E-5 3.68716E-5 2.57544E-5 2.25733E-5 2.66145E-5 2.18531E-5 2.4338E-5 1.96084E-5 2.41917E-5 2.07517E-5 1.62313E-5 2.08426E-5 1.83591E-5 1.86504E-5 1.66492E-5 2.07237E-5 2.60952E-5 2.99476E-5 2.60024E-5 4.005E-5 5.26166E-5 3.25661E-5 3.73002E-5 3.80444E-5 3.93831E-5 3.58811E-5 3.24935E-5 3.52486E-5 3.52798E-5 3.64505E-5 5.05411E-5 3.9354E-5 4.49061E-5 4.18944E-5 3.70997E-5 4.58441E-5 4.67675E-5 4.22485E-5 3.77659E-5 5.11165E-5 4.75667E-5 4.64635E-5 4.41148E-5 4.37399E-5 5.30121E-5 4.49602E-5 5.47668E-5 5.61158E-5
1.41251E-5 1.81764E-5 2.23882E-5 2.62592E-5 2.23912E-5 4.2652E-5 1.78861E-5 3.59252E-5 3.0403E-5 1.67485E-5 7.85592E-6 1.43624E-5 1.20079E-5 1.73998E-5 1.86443E-5 3.08698E-5 3.01326E-5 2.08867E-5 1.77182E-5 1.49966E-5 2.21654E-5 4.55765E-5 2.2709E-5 1.61044E-5 1.97354E-5 3.63648E-5 2.86414E-5 2.40717E-5 2.28237E-5 3.08516E-5 2.62635E-5 3.28707E-5 3.61186E-5 2.84559E-5 3.75682E-5 3.22019E-5 3.10299E-5 3.05536E-5 4.02256E-5 3.56402E-5 4.14798E-5 4.10112E-5 5.39742E-5 5.11186E-5 4.48781E-5 4.41247E-5 4.93071E-5 4.60373E-5 4.31188E-5 4.95496E-5 4.29864E-5 4.1582E-5 5.16781E-5 4.45402E-5 3.78019E-5 4.47636E-5 5.06696E-5 5.05458E-5 5.12283E-5 6.5532E-5 5.83202E-5
1.61259E-5 1.73267E-5 2.04497E-5 3.37028E-5 1.18396E-5 2.7571E-5 1.55205E-5 3.55855E-5 3.85824E-5 1.41262E-5 2.72673E-5 7.52572E-6 9.76584E-6 1.93799E-5 2.89877E-5 2.89743E-5 2.0629E-5 2.11179E-5 1.43353E-5 1.70471E-5 3.61428E-5 2.49415E-5 2.0177E-5 1.98668E-5 2.00031E-5 2.17135E-5 2.58575E-5 2.12715E-5 2.88707E-5 3.58916E-5 2.67901E-5 3.22993E-5 3.1018E-5 2.78269E-5 3.32991E-5 3.14345E-5 3.52373E-5 3.81839E-5 5.01226E-5 5.16843E-5 4.55783E-5 5.51386E-5 4.25563E-5 4.36436E-5 4.79179E-5 4.00132E-5 4.97969E-5 4.92174E-5 4.19693E-5 3.74169E-5 4.0641E-5 3.88509E-5 4.57286E-5 3.9494E-5 4.01611E-5 4.78419E-5 5.16885E-5 4.74607E-5 5.58799E-5 9.36598E-5 1.12204E-4
1.87028E-5 3.30693E-5 2.8691E-5 2.86133E-5 2.44491E-5 2.67557E-5 3.18469E-5 3.9143E-5 4.28648E-5 2.41756E-5 3.87217E-5 2.89715E-5 9.33601E-6 2.1112E-5 2.50868E-5 3.81402E-5 2.77415E-5 2.59766E-5 7.40832E-5 4.75793E-5 3.08309E-5 3.07798E-5 2.3561E-5 2.48897E-5 2.46503E-5 2.74959E-5 3.29935E-5 2.40495E-5 3.20965E-5 3.09241E-5 3.35183E-5 2.84289E-5 3.15446E-5 3.27268E-5 2.87351E-5 2.98301E-5 2.91078E-5 4.43556E-5 4.80109E-5 7.22138E-5 5.86906E-5 4.85019E-5 4.04321E-5 4.33323E-5 4.5908E-5 5.22846E-5 4.40845E-5 5.2031E-5 4.3284E-5 5.85106E-5 4.7499E-5 4.36056E-5 3.60372E-5 4.34785E-5 4.93081E-5 6.67564E-5 5.44036E-5 7.36373E-5 8.46028E-5 5.41243E-5 1.03635E-4
