Candidate_Models_July82022/M_0.1_F_lqp_Set_1_all/Bison.asc
ncols         290
nrows         380
xllcorner     -2197417.7431653
yllcorner     -584827.01486885
cellsize      10000.0
NODATA_value  -9999
[rows 54 to 80 of 380, columns 61 to 121 of 290]
5.43627E-6 6.23204E-6 8.52021E-6 6.97123E-6 9.33564E-6 1.16667E-5 1.37884E-5 5.2063E-6 6.65264E-6 6.25633E-6 5.97802E-6 4.08497E-6 5.3673E-6 4.34413E-6 3.96935E-6 6.0063E-6 5.16011E-6 5.43345E-6 5.15889E-6 5.37825E-6 5.60627E-6 5.37563E-6 4.76142E-6 4.57077E-6 4.69787E-6 5.88069E-6 5.304E-6 3.56928E-6 3.87791E-6 5.9434E-6 1.32604E-5 1.19597E-5 1.18809E-5 1.12785E-5 6.93863E-6 1.78707E-5 8.25484E-6 1.16682E-5 1.53908E-5 2.16232E-5 1.81843E-5 1.98896E-5 1.59015E-5 1.82628E-5 1.68998E-5 7.24569E-6 9.71681E-6 1.7253E-5 1.62008E-5 1.81257E-5 2.48948E-5 1.68123E-5 3.06846E-6 3.79704E-6 1.78117E-5 3.8743E-5 4.89279E-5 4.90854E-5 3.55061E-5 3.89201E-5 4.59973E-6
5.45245E-6 5.3795E-6 8.32936E-6 6.48898E-6 5.41734E-6 6.61137E-6 7.06264E-6 8.70068E-6 7.34931E-6 5.83973E-6 7.12794E-6 5.73015E-6 6.07029E-6 3.79134E-6 4.48411E-6 4.41433E-6 5.71769E-6 4.9923E-6 5.65076E-6 5.83614E-6 5.42137E-6 5.2362E-6 4.81635E-6 6.53898E-6 5.70453E-6 4.95917E-6 5.10452E-6 6.78553E-6 4.75577E-6 3.63125E-6 6.88963E-6 9.50676E-6 7.1676E-6 1.03013E-5 1.33772E-5 8.65221E-6 1.3639E-5 1.5888E-5 1.51928E-5 1.8385E-5 1.07547E-5 2.1258E-5 1.56801E-5 1.7724E-5 1.69755E-5 9.91588E-6 6.74583E-6 5.94053E-6 1.33045E-5 2.22667E-5 2.75617E-5 3.98174E-5 8.78864E-6 1.25369E-5 2.41988E-5 4.5699E-5 4.09969E-5 5.00176E-5 5.19021E-5 2.59313E-5 1.12286E-5
6.53197E-6 5.35418E-6 8.24526E-6 5.91841E-6 4.48075E-6 4.55218E-6 5.85852E-6 8.24743E-6 6.99816E-6 6.24351E-6 7.06072E-6 8.18812E-6 3.57174E-6 3.53619E-6 3.55708E-6 4.27654E-6 9.38896E-6 5.00762E-6 4.57525E-6 5.34117E-6 5.25932E-6 5.01286E-6 1.03584E-5 9.29921E-6 8.19697E-6 3.89027E-6 6.8641E-6 9.58746E-6 1.15715E-5 8.37509E-6 5.28376E-6 1.2633E-5 1.11192E-5 1.13229E-5 1.08488E-5 1.03215E-5 1.10086E-5 1.45053E-5 1.95465E-5 2.24335E-5 1.98684E-5 2.03711E-5 1.79524E-5 1.53714E-5 1.73098E-5 1.30741E-5 3.60083E-6 4.39241E-6 2.31311E-5 2.23184E-5 1.27204E-5 3.66673E-5 2.7291E-5 2.58514E-5 1.8272E-5 4.36214E-5 4.54032E-5 4.73551E-5 4.05243E-5 3.83039E-5 4.76513E-6
6.24215E-6 5.90869E-6 5.70482E-6 6.12386E-6 3.29252E-6 4.34645E-6 6.46527E-6 5.99917E-6 6.28727E-6 6.68788E-6 5.84817E-6 5.00358E-6 6.42085E-6 4.35963E-6 3.59091E-6 7.09319E-6 7.52945E-6 6.86036E-6 5.49157E-6 5.54447E-6 5.20448E-6 4.50111E-6 5.59136E-6 7.80988E-6 9.4882E-6 4.40235E-6 4.87197E-6 4.96505E-6 8.88699E-6 1.12323E-5 9.70567E-6 7.90918E-6 1.01571E-5 8.00343E-6 1.18429E-5 1.18297E-5 1.4102E-5 1.57657E-5 1.88272E-5 1.74401E-5 1.49891E-5 1.39413E-5 2.19856E-5 1.32933E-5 9.3042E-6 8.75756E-6 1.06323E-5 1.80397E-5 2.57337E-5 1.62627E-5 1.03047E-5 3.39663E-5 1.82461E-5 2.48328E-5 2.1338E-5 4.43292E-5 3.01161E-5 2.0069E-5 2.20304E-5 3.74333E-5 1.53451E-5
5.14912E-6 4.7162E-6 7.36431E-6 4.67027E-6 4.72647E-6 3.29135E-6 2.83216E-6 4.18411E-6 8.13715E-6 7.14683E-6 3.90378E-6 4.32023E-6 3.59462E-6 3.3033E-6 3.60769E-6 5.93559E-6 1.0133E-5 8.00862E-6 5.83027E-6 7.14196E-6 4.95156E-6 4.37143E-6 4.72256E-6 5.53568E-6 1.27029E-5 1.10868E-5 1.07845E-5 6.47375E-6 7.49134E-6 9.40243E-6 9.4415E-6 7.40536E-6 9.19307E-6 8.74562E-6 1.08024E-5 1.27288E-5 1.17237E-5 1.4656E-5 1.47133E-5 1.87645E-5 1.88777E-5 1.9842E-5 1.83877E-5 1.75157E-5 4.15511E-6 1.5845E-5 4.44885E-5 2.60062E-5 1.33865E-5 1.88595E-5 2.30157E-5 4.13131E-5 2.49806E-5 2.60572E-5 1.51102E-5 2.854E-5 2.96898E-5 2.78685E-5 3.27454E-5 4.2097E-5 1.00048E-5
3.52376E-6 4.5468E-6 7.55328E-6 4.83335E-6 2.34466E-6 2.98993E-6 3.55648E-6 4.25015E-6 4.58477E-6 4.07464E-6 3.82557E-6 3.92872E-6 3.29761E-6 2.32727E-6 3.7931E-6 6.24618E-6 8.48667E-6 9.36982E-6 8.63637E-6 7.78009E-6 5.95624E-6 4.02723E-6 5.43203E-6 1.13227E-5 1.02434E-5 9.74069E-6 9.26227E-6 1.15341E-5 8.65497E-6 1.04631E-5 1.122E-5 7.52385E-6 1.02116E-5 1.30377E-5 1.44086E-5 8.8176E-6 9.45433E-6 1.03682E-5 1.54094E-5 2.05281E-5 1.45305E-5 1.97116E-5 2.19998E-5 1.45764E-5 9.4177E-6 4.10505E-5 4.76823E-5 2.36425E-5 6.25715E-6 1.04577E-5 2.79028E-5 3.11323E-5 3.13726E-5 1.90332E-5 1.92752E-5 1.81856E-5 2.71853E-5 3.31157E-5 3.59096E-5 1.80106E-5 6.14402E-6
3.46331E-6 2.91573E-6 9.45059E-6 2.02836E-6 4.96771E-6 1.60856E-6 3.06336E-6 4.93344E-6 2.23881E-6 4.1878E-6 4.48173E-6 3.69907E-6 2.24362E-6 2.2134E-6 4.2104E-6 6.27896E-6 9.63164E-6 1.03365E-5 9.72553E-6 7.72655E-6 5.50044E-6 5.29309E-6 9.96658E-6 1.31317E-5 1.1178E-5 9.03646E-6 8.3171E-6 8.55847E-6 1.15502E-5 1.10534E-5 1.10896E-5 8.90564E-6 7.00761E-6 9.48801E-6 1.0994E-5 1.20217E-5 1.83364E-5 2.15762E-5 1.90565E-5 2.02489E-5 1.87877E-5 2.99296E-5 2.83636E-5 2.41427E-5 2.87772E-5 2.68915E-5 2.04876E-5 1.38298E-5 4.59713E-6 7.64039E-6 1.00946E-5 1.9254E-5 3.31191E-5 1.84596E-5 8.81548E-6 1.39171E-5 3.04353E-5 4.07483E-5 4.31013E-5 3.05228E-5 8.96861E-6
1.60693E-6 4.53147E-6 9.40167E-6 7.74997E-6 2.50256E-6 1.10697E-6 1.54067E-6 3.68347E-6 1.94238E-6 4.70293E-6 3.56551E-6 1.5306E-6 3.13662E-6 2.27428E-6 3.55119E-6 4.31451E-6 6.63421E-6 7.45499E-6 1.92656E-5 9.02384E-6 1.02013E-5 1.03625E-5 7.65259E-6 9.29886E-6 1.24521E-5 9.03106E-6 8.17144E-6 6.91903E-6 9.87044E-6 9.4715E-6 8.61152E-6 1.08827E-5 7.71692E-6 8.81768E-6 9.72458E-6 1.49188E-5 1.6853E-5 1.62459E-5 2.06367E-5 2.8398E-5 2.71508E-5 2.32049E-5 2.95763E-5 3.45095E-5 3.54649E-5 4.5051E-5 2.77564E-5 2.7278E-5 4.22387E-6 8.63725E-6 1.67378E-5 2.07919E-5 2.99983E-5 1.90701E-5 3.78908E-5 1.18443E-5 3.40901E-5 3.01896E-5 3.39633E-5 1.49607E-5 6.47706E-6
1.65803E-6 2.72744E-6 7.50776E-6 1.43176E-6 5.80785E-6 9.32607E-7 2.34486E-6 1.54541E-6 3.07288E-6 2.056E-6 2.2869E-6 2.01525E-6 2.22709E-6 2.84772E-6 3.03288E-6 3.04486E-6 4.06829E-6 5.6923E-6 8.84251E-6 6.38339E-6 2.00672E-5 1.0881E-5 1.17123E-5 1.0133E-5 1.06473E-5 9.28386E-6 7.41878E-6 7.38429E-6 7.63523E-6 7.36982E-6 7.12157E-6 8.63199E-6 9.95761E-6 1.27541E-5 1.42899E-5 1.31184E-5 1.59524E-5 1.55066E-5 2.76871E-5 2.08899E-5 2.8478E-5 2.53859E-5 2.53137E-5 2.76028E-5 1.41109E-5 1.50802E-5 3.47363E-5 2.78911E-5 1.41647E-5 7.56776E-6 1.43744E-5 1.85496E-5 2.35876E-5 3.44213E-5 4.14271E-5 3.84089E-5 3.21678E-5 4.49015E-5 3.55432E-5 5.19045E-6 4.05351E-6
6.70275E-6 2.25543E-6 1.03173E-5 1.85802E-6 8.33211E-7 2.4281E-6 8.96772E-7 1.15911E-6 1.85503E-6 1.85868E-6 2.43502E-6 2.53806E-6 1.61112E-6 2.38472E-6 2.5435E-6 2.84108E-6 3.67164E-6 5.24285E-6 9.57241E-6 7.97451E-6 5.82348E-6 6.22568E-6 8.15371E-6 7.6048E-6 7.65178E-6 1.02665E-5 7.72923E-6 5.18069E-6 4.62742E-6 7.9353E-6 9.40672E-6 9.04161E-6 1.17853E-5 1.31307E-5 1.56871E-5 1.83871E-5 1.45664E-5 1.24476E-5 1.8425E-5 2.16365E-5 3.54571E-5 2.31341E-5 2.86631E-5 3.21452E-5 1.47855E-5 9.63902E-6 1.44533E-5 2.64089E-5 3.37299E-5 3.01259E-5 2.43707E-5 2.28933E-5 1.7667E-5 4.22356E-5 4.42207E-5 4.84904E-5 5.40789E-5 6.54122E-5 2.97811E-5 1.57739E-5 5.88035E-6
2.4012E-6 8.65734E-7 1.12875E-6 8.35269E-6 1.09411E-6 2.70559E-7 1.74927E-6 3.74024E-6 1.60799E-6 2.3634E-6 3.565E-6 2.36232E-6 2.54054E-6 1.09708E-6 2.58371E-6 2.48823E-6 6.22197E-6 1.1555E-5 9.5104E-6 7.57089E-6 5.58849E-6 6.60542E-6 6.98952E-6 7.21813E-6 8.38424E-6 7.82497E-6 7.30249E-6 3.30392E-6 5.27148E-6 6.45713E-6 9.73303E-6 6.94439E-6 9.24856E-6 1.03793E-5 1.21703E-5 1.91362E-5 9.05719E-6 1.33866E-5 2.19667E-5 2.94411E-5 2.46693E-5 2.35136E-5 2.40798E-5 2.02369E-5 1.509E-5 6.9649E-6 2.21949E-5 2.93337E-5 3.48332E-5 4.30589E-5 2.70224E-5 1.79454E-5 1.37132E-5 1.34728E-5 2.70938E-5 5.04925E-5 8.82961E-5 1.69983E-5 5.78791E-6 4.32829E-6 4.18267E-6
2.00957E-6 2.00382E-6 1.36931E-6 1.08188E-5 1.29067E-6 1.92556E-6 6.59534E-7 1.90076E-6 7.90931E-7 1.00329E-6 4.01675E-7 1.2101E-6 1.15708E-6 1.01067E-6 1.98571E-6 2.4593E-6 3.08169E-6 9.16041E-6 8.54109E-6 9.06928E-6 6.25557E-6 5.5539E-6 7.55668E-6 6.39093E-6 8.297E-6 8.67022E-6 7.46983E-6 5.07425E-6 4.97686E-6 7.09941E-6 6.67285E-6 1.02375E-5 8.36425E-6 3.38748E-5 1.39855E-5 1.97723E-5 2.32774E-5 9.93595E-6 1.23327E-5 1.40792E-5 8.58578E-6 2.04983E-5 2.08212E-5 1.63779E-5 1.51457E-5 2.34266E-5 2.44109E-5 3.49347E-5 3.75809E-5 3.59663E-5 3.23882E-5 8.27547E-5 2.96944E-5 3.77648E-5 2.18588E-5 4.41056E-5 3.63868E-5 5.52414E-6 5.29444E-6 3.8338E-6 4.13093E-6
1.49847E-6 2.37686E-6 4.63023E-6 3.89454E-6 1.31474E-6 2.07194E-6 1.94552E-6 1.16237E-6 3.02944E-6 1.59949E-6 7.46666E-7 1.48155E-6 2.82802E-6 1.68807E-6 1.62354E-6 3.26297E-6 3.92053E-6 2.30059E-6 4.21183E-6 5.36918E-6 5.88553E-6 5.47191E-6 7.53903E-6 7.69654E-6 8.2902E-6 8.92242E-6 6.58965E-6 7.26674E-6 5.65464E-6 7.15776E-6 7.34315E-6 3.69327E-5 7.95388E-6 8.07828E-6 1.22796E-5 1.95876E-5 1.16185E-5 2.01171E-5 2.35216E-5 1.28356E-5 5.16931E-6 1.05346E-5 8.67201E-6 1.19699E-5 2.30353E-5 1.88885E-5 2.5119E-5 3.50654E-5 3.69471E-5 3.63588E-5 3.8528E-5 2.96586E-5 2.89704E-5 2.695E-5 2.05305E-5 9.32898E-6 4.04713E-5 4.61838E-5 3.56472E-5 2.27136E-5 1.02215E-5
1.48953E-6 1.91497E-6 1.6282E-6 8.1532E-6 3.23965E-6 1.55811E-6 4.17764E-7 5.10704E-6 1.97796E-6 2.46686E-6 2.32618E-6 1.54444E-6 3.3493E-6 2.04553E-6 4.98185E-6 5.76974E-6 1.66987E-6 1.3452E-6 1.67479E-6 3.06066E-6 3.21614E-6 4.99407E-6 7.85333E-6 7.0469E-6 8.02995E-6 8.74604E-6 4.84941E-6 4.8182E-6 6.04564E-6 7.28283E-6 6.49492E-6 7.7278E-6 7.5912E-6 1.65543E-5 1.59813E-5 1.5716E-5 1.41914E-5 1.75482E-5 1.6049E-5 1.70013E-5 1.36857E-5 7.39349E-6 1.56937E-5 1.33478E-5 2.69891E-5 1.8071E-5 1.04263E-5 8.40347E-6 1.02311E-5 2.44511E-5 1.49843E-5 2.71074E-5 1.7243E-5 8.36174E-6 1.04935E-5 8.83889E-6 8.46767E-6 1.11257E-5 1.4383E-5 1.28174E-5 1.94866E-5
2.91349E-6 1.47499E-6 3.84448E-6 1.08235E-5 4.4074E-6 4.85462E-6 3.07429E-7 6.05874E-6 1.954E-6 7.82435E-7 3.11043E-6 1.9301E-6 3.1193E-6 2.0569E-6 5.98813E-6 3.73242E-6 1.86682E-6 1.77662E-6 1.51016E-6 1.42323E-6 1.29275E-6 1.28332E-6 4.3951E-6 9.45664E-6 1.09637E-5 9.31823E-6 4.52345E-6 3.69431E-6 6.55366E-6 5.64824E-6 6.57264E-6 4.11718E-6 7.65077E-6 1.71464E-5 1.72491E-5 1.91814E-5 1.53337E-5 2.15573E-5 2.03648E-5 1.65196E-5 2.80836E-5 2.48052E-5 2.49464E-5 2.10708E-5 2.92464E-5 2.61329E-5 5.37359E-6 5.13309E-6 5.72972E-6 6.50626E-6 5.93399E-6 5.90535E-6 5.70439E-6 5.69987E-6 6.12721E-6 6.44309E-6 6.91844E-6 6.85384E-6 6.12222E-6 6.16943E-6 6.4605E-6
7.17258E-6 1.43182E-6 5.90117E-6 6.57337E-6 3.10991E-6 3.16925E-6 2.17955E-6 4.48076E-6 1.41625E-6 9.87965E-7 2.8918E-6 1.73563E-6 2.50779E-6 8.97211E-6 1.83678E-6 1.54103E-6 1.26413E-6 6.85147E-7 1.2425E-6 1.38422E-6 1.6223E-6 1.00738E-6 1.59277E-6 8.90159E-6 8.66385E-6 7.54428E-6 7.44499E-6 7.70451E-6 1.87471E-5 7.0067E-6 4.50788E-6 6.50465E-6 1.00828E-5 1.46265E-5 1.73159E-5 1.86464E-5 2.35503E-5 1.79877E-5 2.31486E-5 3.05823E-5 2.65414E-5 3.2106E-5 2.49556E-5 1.28785E-5 1.64648E-5 2.00277E-5 5.53901E-6 6.09618E-6 2.87113E-5 3.57147E-5 9.85821E-6 5.97972E-6 6.15123E-6 6.51718E-6 9.15583E-6 7.28149E-6 7.31775E-6 7.0141E-6 6.17821E-6 6.40595E-6 6.42158E-6
1.39932E-5 3.81896E-6 2.68609E-6 7.20783E-6 2.97468E-6 2.51228E-6 2.01324E-6 3.98954E-6 1.2888E-6 3.01011E-6 2.27787E-6 1.2394E-6 3.42849E-6 3.61726E-6 2.09851E-6 2.27848E-6 1.03499E-6 1.21141E-6 6.22089E-7 7.22058E-7 9.94942E-7 1.35921E-6 1.88601E-6 1.08574E-6 3.36151E-6 3.66524E-6 5.42696E-6 6.07836E-6 8.26149E-6 6.85805E-6 6.94523E-6 5.17497E-6 9.2306E-6 1.47495E-5 2.24184E-5 2.2489E-5 2.27709E-5 2.22905E-5 2.35119E-5 2.72779E-5 2.17305E-5 1.86743E-5 1.00982E-5 1.4592E-5 1.53385E-5 8.1353E-6 1.20054E-5 1.23232E-5 2.60782E-5 3.44066E-5 3.99665E-5 1.97711E-5 2.1116E-5 2.40472E-5 9.30032E-6 2.38902E-5 3.38375E-5 1.69441E-5 1.64393E-5 6.52091E-6 7.0531E-6
2.04936E-5 1.45076E-5 1.00384E-5 2.96515E-6 5.96613E-6 3.42311E-6 2.71421E-6 4.68412E-6 5.93178E-6 8.17394E-7 3.11288E-6 2.25337E-6 5.13979E-6 2.45105E-6 1.81359E-6 1.33136E-6 1.05843E-6 1.04905E-6 1.53078E-6 1.28796E-6 7.56192E-7 8.48472E-7 1.72072E-6 9.36361E-7 1.29261E-6 1.92649E-6 1.68349E-6 5.1877E-6 5.26511E-6 6.01184E-6 8.21206E-6 8.14891E-6 9.88975E-6 1.3528E-5 2.20055E-5 1.23334E-5 2.84638E-5 1.35548E-5 3.40175E-5 1.9379E-5 2.16364E-5 1.45522E-5 9.55291E-6 9.32835E-6 1.75178E-5 2.46063E-5 2.45374E-5 1.73115E-5 2.87071E-5 2.45729E-5 3.54801E-5 4.64316E-5 6.03221E-5 9.04313E-5 2.16785E-5 5.67038E-5 8.8731E-5 5.81128E-5 5.79589E-5 2.95199E-5 1.04274E-5
2.25876E-5 1.89165E-5 7.27099E-6 9.73053E-6 1.00728E-5 7.40693E-6 7.78809E-6 5.03845E-6 6.34822E-6 1.742E-6 7.90059E-7 1.45044E-6 6.798E-6 1.25274E-6 4.57642E-6 9.36536E-7 1.46786E-6 1.34839E-6 1.04738E-6 2.60288E-6 1.19787E-6 9.29402E-7 1.38058E-6 1.70262E-6 8.65894E-7 1.58666E-6 1.28298E-6 2.14118E-6 5.23211E-6 7.37822E-6 8.29054E-6 1.28349E-5 1.28045E-5 1.53174E-5 4.81419E-5 2.14596E-5 2.12347E-5 1.24342E-5 2.53254E-5 1.97871E-5 1.80373E-5 9.1844E-6 8.99886E-6 1.04329E-5 1.28288E-5 2.03076E-5 2.20352E-5 1.99736E-5 2.46188E-5 2.62405E-5 1.23535E-5 4.22508E-5 5.33295E-5 5.32036E-5 3.88179E-5 6.01257E-5 2.11019E-5 2.92053E-5 2.94184E-5 1.31313E-4 5.29519E-5
5.83912E-5 9.90621E-6 1.09019E-5 1.57782E-5 3.78409E-6 4.81053E-6 1.02202E-5 6.48671E-6 5.01398E-6 2.91035E-6 2.63196E-6 1.3365E-6 1.80211E-6 3.33179E-6 1.08762E-6 8.13769E-7 2.044E-6 9.27122E-7 1.2848E-6 1.30242E-6 1.04171E-6 2.61716E-6 7.70953E-7 2.04643E-6 1.35708E-6 1.42481E-6 1.29762E-6 1.2316E-6 3.96502E-6 5.26633E-6 8.89962E-6 1.26419E-5 1.66033E-5 1.17945E-5 1.53567E-5 3.67378E-5 2.61303E-5 2.00594E-5 2.33417E-5 2.25721E-5 1.56154E-5 7.8056E-6 8.50754E-6 1.49213E-5 1.48627E-5 2.0892E-5 2.15202E-5 1.90839E-5 2.12547E-5 2.80115E-5 1.54212E-5 1.1818E-5 3.90832E-5 4.4028E-5 3.4407E-5 3.9042E-5 2.1847E-5 1.07962E-5 1.43617E-5 9.50708E-5 1.13976E-4
1.55483E-5 3.64327E-6 3.77866E-6 4.17109E-6 1.0003E-5 7.91167E-6 2.26057E-6 6.82933E-6 6.56108E-6 5.44923E-6 1.6707E-6 8.26577E-7 1.08218E-6 1.03473E-6 8.37172E-7 1.08515E-6 7.66617E-7 8.28783E-7 1.18917E-6 8.35894E-7 1.64186E-6 2.81228E-6 4.30348E-6 2.05878E-6 1.90213E-6 1.21773E-6 6.9756E-7 1.12525E-6 2.34837E-6 3.40306E-6 1.00366E-5 1.48255E-5 1.59554E-5 1.42512E-5 1.36786E-5 1.50074E-5 2.61262E-5 1.75561E-5 8.56322E-6 2.28873E-5 1.12268E-5 8.84701E-6 5.75093E-6 1.75832E-5 2.53358E-5 1.96021E-5 2.69918E-5 2.58899E-5 2.70671E-5 2.84229E-5 2.86758E-5 2.57213E-5 2.812E-5 3.73293E-5 4.36305E-5 1.80094E-5 1.50249E-5 5.87119E-6 1.08092E-5 3.56774E-5 8.35064E-5
1.44249E-5 1.09632E-5 5.64352E-6 2.59619E-6 1.97134E-6 3.98477E-6 1.97747E-6 7.06844E-6 2.60555E-6 4.01174E-6 3.81884E-6 1.27399E-6 1.33729E-6 4.9786E-7 9.34819E-7 1.31676E-6 8.9131E-7 1.24085E-6 1.16846E-6 1.9359E-6 1.43506E-6 7.63609E-7 1.83988E-6 1.24626E-6 1.48168E-6 1.71135E-6 8.21756E-7 1.43665E-6 9.6491E-7 1.66093E-6 5.37252E-6 1.47092E-5 1.89113E-5 1.40841E-5 1.46005E-5 1.25744E-5 1.56102E-5 2.42469E-5 1.31945E-5 1.01274E-5 1.25872E-5 8.7469E-6 1.77247E-5 1.67973E-5 2.36066E-5 2.03447E-5 2.32628E-5 2.52559E-5 2.99549E-5 2.4244E-5 3.60325E-5 2.64321E-5 1.82973E-5 3.93169E-5 3.53875E-5 1.15046E-5 4.52983E-5 1.65376E-5 6.58183E-6 1.09119E-5 2.70193E-5
7.6341E-6 4.45307E-6 3.72389E-6 4.37922E-7 2.25934E-6 2.95161E-6 1.95327E-6 1.59657E-6 2.70015E-6 3.26379E-6 1.33997E-6 7.27076E-7 1.44912E-6 8.31622E-7 8.0287E-7 1.32139E-6 9.13177E-7 8.20659E-7 1.11732E-6 2.24367E-6 1.19019E-6 2.66509E-6 1.0568E-6 2.84105E-6 1.35885E-6 1.67198E-6 7.38954E-7 1.07451E-6 9.87306E-7 1.69483E-6 2.21345E-6 1.03299E-5 1.46733E-5 1.47127E-5 1.42547E-5 1.53078E-5 1.0911E-5 2.08274E-5 2.52737E-5 1.92032E-5 1.22284E-5 1.22794E-5 1.28038E-5 1.57023E-5 2.10271E-5 2.47756E-5 2.68153E-5 2.5478E-5 2.28092E-5 2.95376E-5 2.77088E-5 2.98855E-5 1.76806E-5 3.44441E-5 2.06871E-5 1.41923E-5 2.26095E-5 1.23087E-5 7.67118E-6 8.12525E-6 8.3909E-6
1.81938E-6 5.86012E-6 5.04937E-6 5.50741E-7 7.82365E-7 8.80392E-7 1.54953E-6 2.00206E-6 2.21283E-6 9.63854E-7 1.23872E-6 2.72058E-6 1.42051E-6 6.7018E-7 1.07134E-6 1.0463E-6 7.12274E-7 1.18353E-6 1.28559E-6 9.93272E-7 3.03536E-6 2.06084E-6 1.82675E-6 1.43086E-6 1.06852E-6 7.38166E-7 1.7635E-6 1.17865E-6 1.40674E-6 1.32146E-6 3.01835E-6 4.71587E-6 1.2777E-5 1.15015E-5 1.52681E-5 1.2734E-5 1.1046E-5 1.47132E-5 1.13325E-5 2.63431E-5 1.20242E-5 9.46707E-6 1.1252E-5 1.71388E-5 1.5151E-5 2.39791E-5 2.56679E-5 2.19953E-5 2.94366E-5 2.93537E-5 2.73339E-5 2.9821E-5 2.90589E-5 3.44617E-5 2.34781E-5 2.29717E-5 1.0782E-5 8.41789E-6 8.88971E-6 9.122E-6 9.45362E-6
2.81243E-6 3.16077E-6 4.21828E-6 1.45062E-6 1.82061E-6 1.86449E-6 7.68846E-7 4.5369E-6 3.47681E-6 1.83005E-6 3.4928E-6 1.28345E-6 1.45291E-6 1.48603E-6 1.80138E-6 2.87132E-6 1.64309E-6 1.29768E-6 1.418E-6 2.02833E-6 2.50164E-6 1.73708E-6 2.9594E-6 1.27114E-6 1.6801E-6 9.64068E-7 1.29002E-6 1.6782E-6 1.68036E-6 1.83935E-6 3.07002E-6 2.461E-6 8.57881E-6 1.28671E-5 1.30909E-5 1.18996E-5 1.29259E-5 1.12115E-5 9.64269E-6 1.30239E-5 1.05971E-5 1.38172E-5 9.99124E-6 1.48558E-5 1.67385E-5 1.88728E-5 1.76483E-5 2.54788E-5 2.30137E-5 2.47522E-5 3.03118E-5 2.96901E-5 3.40373E-5 1.26037E-5 6.74075E-6 7.47443E-6 8.41741E-6 9.61376E-6 9.92161E-6 1.00021E-5 9.43278E-6
1.10858E-6 9.52122E-6 3.92934E-6 1.29622E-6 4.69572E-6 8.08191E-7 5.49087E-7 1.37507E-6 2.27733E-6 1.22862E-6 8.33071E-7 1.48684E-6 1.11113E-6 7.73147E-7 7.96099E-7 1.45728E-6 1.77515E-6 2.96079E-6 1.26605E-6 3.241E-6 2.46407E-6 1.95957E-6 3.4203E-6 1.17584E-6 1.21183E-6 9.02335E-7 1.18924E-6 1.69653E-6 3.275E-6 2.81244E-6 3.78737E-6 7.02505E-6 5.22407E-6 1.32023E-5 1.37021E-5 1.72042E-5 1.50548E-5 1.08389E-5 1.16634E-5 7.86533E-6 1.1916E-5 1.21079E-5 1.14797E-5 1.55577E-5 1.53662E-5 1.65549E-5 1.96828E-5 2.7819E-5 2.16784E-5 2.47834E-5 3.18871E-5 3.90735E-5 4.50617E-5 1.28458E-5 7.75971E-6 8.68683E-6 9.4559E-6 1.04859E-5 9.96039E-6 1.00266E-5 9.70492E-6
3.44145E-6 6.40649E-6 4.53707E-6 2.17925E-6 5.19505E-6 1.76914E-6 3.88884E-6 7.89598E-7 2.61109E-6 2.01006E-6 9.15862E-7 7.31496E-7 1.14504E-6 7.16089E-7 2.05837E-6 1.15272E-6 1.43317E-6 1.37452E-6 1.56622E-6 1.65509E-6 2.41068E-6 1.88379E-6 1.93613E-6 1.49704E-6 7.04557E-7 1.59473E-6 1.39446E-6 1.42418E-6 2.04594E-6 3.28069E-6 3.25762E-6 3.66835E-6 1.02552E-5 1.09711E-5 9.36599E-6 1.41163E-5 1.44236E-5 8.09491E-6 1.07724E-5 8.81519E-6 1.13946E-5 1.35625E-5 1.15242E-5 1.45275E-5 1.45083E-5 1.56532E-5 2.04815E-5 2.54692E-5 2.66188E-5 1.68201E-5 2.01489E-5 2.71958E-5 2.25531E-5 8.38778E-6 8.65016E-6 9.04179E-6 1.02607E-5 9.62942E-6 1.01208E-5 9.40943E-6 1.71181E-5
