Candidate_Models_Sept202022/M_6_F_lqp_Set_1_all/Bison.asc
ncols         97
nrows         127
xllcorner     -2197417.7431653
yllcorner     -584827.01486885
cellsize      30000.0
NODATA_value  -9999
[rows 81 to 107 of 127, columns 0 to 60 of 97]
-9999 -9999 -9999 -9999 -9999 -9999 -9999 -9999 -9999 -9999 -9999 4.96874E-6 2.30967E-6 4.94191E-6 2.10486E-5 1.22709E-5 7.10704E-6 3.32103E-6 9.3635E-6 3.49532E-5 1.62932E-5 3.02783E-5 1.1853E-5 2.92963E-5 8.12458E-5 1.32358E-4 5.88553E-5 4.75008E-5 8.65948E-5 1.90647E-5 1.65924E-5 1.31536E-5 2.15696E-5 4.0416E-5 3.29853E-5 4.30426E-5 6.61669E-5 6.29968E-5 1.7657E-4 6.72371E-4 7.10786E-4 5.3788E-4 5.61486E-4 7.52892E-4 5.43334E-4 3.08757E-4 2.7483E-4 2.62502E-4 2.9067E-4 3.32534E-4 3.7056E-4 5.33221E-4 5.83203E-4 5.52646E-4 6.10597E-4 3.55813E-4 4.55473E-4 4.5604E-4 4.27234E-4 4.00572E-4 4.42312E-4
-9999 -9999 -9999 -9999 -9999 -9999 -9999 -9999 -9999 -9999 -9999 -9999 3.66685E-6 3.00004E-6 8.96288E-6 2.65098E-5 1.23805E-5 9.73267E-6 4.42909E-6 1.45254E-5 9.35463E-6 8.273E-6 9.79962E-6 2.67148E-5 1.3384E-4 1.72037E-4 7.20572E-5 4.9942E-5 1.0545E-4 1.83212E-5 9.04965E-6 1.36203E-5 1.36003E-5 2.8073E-5 4.75329E-5 2.99913E-5 4.16937E-5 4.56642E-5 7.61773E-5 5.27654E-4 7.47141E-4 5.72036E-4 5.43851E-4 6.09757E-4 5.02932E-4 3.25865E-4 2.4318E-4 2.74055E-4 3.01623E-4 4.23206E-4 4.31424E-4 5.08909E-4 6.79789E-4 5.03874E-4 4.70849E-4 5.71986E-4 4.68746E-4 3.44796E-4 4.14753E-4 3.7185E-4 4.791E-4
-9999 -9999 -9999 -9999 -9999 -9999 -9999 -9999 -9999 -9999 -9999 -9999 -9999 4.92115E-6 2.12685E-6 8.88332E-6 4.37929E-5 2.1965E-5 4.17322E-5 5.93208E-6 4.83321E-6 6.03834E-6 3.99779E-6 2.39638E-5 6.08649E-5 5.87372E-5 3.68492E-5 8.98975E-5 4.62506E-5 2.29573E-5 1.13146E-5 8.93028E-6 8.13176E-6 1.2789E-5 2.79774E-5 6.16962E-5 2.6157E-5 5.62043E-5 6.17462E-5 5.17552E-4 6.64636E-4 6.433E-4 5.45602E-4 4.99273E-4 4.21296E-4 3.00424E-4 2.84381E-4 2.96125E-4 3.29201E-4 3.7771E-4 4.34539E-4 4.97379E-4 6.88538E-4 6.10254E-4 5.42648E-4 5.14354E-4 5.37898E-4 4.76086E-4 3.89875E-4 4.09158E-4 3.83803E-4
-9999 -9999 -9999 -9999 -9999 -9999 -9999 -9999 -9999 -9999 -9999 -9999 -9999 6.58713E-6 3.55597E-6 7.90331E-6 2.2267E-5 -9999 8.47552E-5 1.05384E-4 5.08148E-5 1.34834E-5 4.50427E-6 1.90637E-5 5.83615E-5 5.28326E-5 5.94582E-5 5.76267E-5 3.1053E-5 3.27579E-5 1.7074E-5 9.45737E-6 8.77204E-6 1.33628E-5 2.50667E-5 3.39248E-5 2.45796E-5 5.27184E-5 5.59084E-5 5.36921E-4 4.41276E-4 5.17611E-4 5.73705E-4 3.78604E-4 3.85057E-4 5.25113E-4 3.69265E-4 3.67912E-4 3.05435E-4 3.58289E-4 4.24069E-4 4.35654E-4 4.40212E-4 3.92499E-4 4.59125E-4 3.04894E-4 4.34488E-4 4.04725E-4 3.76979E-4 4.91196E-4 4.81703E-4
-9999 -9999 -9999 -9999 -9999 -9999 -9999 -9999 -9999 -9999 -9999 -9999 -9999 7.45593E-6 4.59389E-6 7.68657E-6 2.24889E-5 -9999 6.0112E-5 1.45137E-4 2.05173E-5 5.23667E-6 3.93488E-6 1.81868E-5 3.46815E-5 2.33279E-5 6.91298E-5 2.73118E-5 2.80711E-5 1.55815E-5 1.39409E-5 6.41175E-6 1.61814E-5 1.49477E-5 1.93262E-5 4.39733E-5 3.74656E-5 3.51859E-5 7.04306E-5 1.74491E-4 5.32058E-4 4.53292E-4 5.69245E-4 4.50465E-4 3.33233E-4 4.43746E-4 2.73672E-4 2.7839E-4 3.25351E-4 4.82865E-4 5.23205E-4 3.21992E-4 4.54615E-4 6.33236E-4 4.44267E-4 3.72836E-4 4.63268E-4 3.87198E-4 4.34167E-4 4.35455E-4 4.07533E-4
-9999 -9999 -9999 -9999 -9999 -9999 -9999 -9999 -9999 -9999 -9999 -9999 -9999 6.6086E-6 7.71923E-6 1.32446E-5 2.8015E-5 -9999 1.57505E-5 3.18469E-5 1.28132E-5 1.60245E-5 8.13551E-6 1.30548E-5 4.74639E-5 7.26124E-5 1.09914E-4 2.93829E-5 1.98818E-5 1.81783E-5 2.15004E-5 1.11542E-5 2.45399E-5 1.48255E-5 1.26764E-5 9.9168E-5 2.23507E-5 3.72393E-5 5.48203E-5 4.15246E-4 4.41521E-4 4.61161E-4 5.36352E-4 5.58631E-4 5.1838E-4 3.79941E-4 2.87548E-4 3.14678E-4 3.71488E-4 4.92252E-4 4.14365E-4 2.525E-4 3.57254E-4 6.03012E-4 5.76345E-4 5.43214E-4 4.87487E-4 2.87024E-4 3.66279E-4 4.71123E-4 6.04278E-4
-9999 -9999 -9999 -9999 -9999 -9999 -9999 -9999 -9999 -9999 -9999 -9999 -9999 9.17687E-6 2.85047E-6 3.22551E-6 6.99077E-5 -9999 5.54324E-5 3.05848E-5 8.45967E-6 4.03271E-6 2.72455E-5 3.51234E-5 3.31454E-5 6.89409E-5 1.99807E-4 7.1378E-5 5.15858E-5 1.65322E-5 3.09757E-5 1.27869E-5 1.31212E-5 2.19966E-5 4.11913E-5 5.56911E-5 4.05087E-5 4.08243E-5 1.47603E-4 4.99302E-4 3.29171E-4 4.05653E-4 7.1783E-4 5.75858E-4 4.75932E-4 4.16038E-4 5.04085E-4 5.41067E-4 4.447E-4 2.99532E-4 2.94858E-4 2.48487E-4 3.74096E-4 4.7515E-4 6.20126E-4 6.28701E-4 4.79674E-4 3.45847E-4 3.13784E-4 3.43495E-4 5.42424E-4
-9999 -9999 -9999 -9999 -9999 -9999 -9999 -9999 -9999 -9999 -9999 -9999 -9999 6.84897E-6 2.40668E-6 3.83396E-6 4.89765E-6 2.16814E-5 3.45465E-5 4.15023E-5 4.13173E-6 5.66944E-6 3.31376E-5 4.49404E-5 1.01612E-4 1.63437E-4 1.26308E-4 5.61261E-5 2.76505E-5 3.64949E-5 2.56104E-5 1.09429E-5 1.05617E-5 7.80345E-5 2.02181E-5 2.70801E-5 5.05436E-5 3.08477E-5 5.0437E-5 7.59251E-4 3.90151E-4 5.00185E-4 4.80456E-4 6.03377E-4 5.14529E-4 5.5387E-4 3.87732E-4 3.40845E-4 5.8544E-4 6.02829E-4 4.64071E-4 4.74445E-4 6.83206E-4 6.13413E-4 5.90829E-4 6.8318E-4 5.87036E-4 5.76762E-4 5.02215E-4 3.45526E-4 4.46342E-4
-9999 -9999 -9999 -9999 -9999 -9999 -9999 -9999 -9999 -9999 -9999 -9999 -9999 1.12771E-5 3.25067E-6 2.3861E-6 4.52598E-6 2.256E-5 5.1233E-5 3.90085E-5 3.69129E-6 1.30834E-5 2.21367E-5 5.79535E-5 1.86596E-4 1.36312E-4 6.58282E-5 3.30121E-5 2.62047E-5 1.11037E-4 2.66078E-5 2.28807E-5 2.45213E-5 1.00533E-4 1.87216E-5 2.61257E-5 6.14614E-5 2.86522E-5 4.56261E-5 1.28958E-4 6.3387E-4 4.57626E-4 3.87071E-4 4.55343E-4 5.61702E-4 5.36134E-4 4.05213E-4 2.95901E-4 3.07287E-4 3.71145E-4 3.71656E-4 4.38502E-4 5.79045E-4 6.29188E-4 5.77171E-4 5.93494E-4 5.22025E-4 6.2291E-4 6.19307E-4 5.65528E-4 3.74823E-4
-9999 -9999 -9999 -9999 -9999 -9999 -9999 -9999 -9999 -9999 -9999 -9999 -9999 1.38616E-5 1.00236E-5 1.01226E-5 2.40401E-5 3.01784E-5 5.08077E-5 2.12872E-5 3.47174E-6 1.22561E-5 3.36174E-5 2.09473E-4 3.19681E-4 1.37984E-4 1.10842E-4 3.4367E-5 5.47843E-5 9.27637E-5 4.67265E-5 2.84549E-5 4.57336E-5 2.90805E-5 1.59774E-5 2.29435E-5 3.21938E-5 2.58618E-5 4.94067E-5 1.10923E-4 3.8284E-4 3.38688E-4 4.06593E-4 3.19609E-4 3.91041E-4 4.84789E-4 2.89341E-4 3.03237E-4 2.63939E-4 3.16758E-4 3.52431E-4 3.29779E-4 5.46296E-4 4.29198E-4 3.88628E-4 4.51432E-4 4.77236E-4 5.16903E-4 5.24342E-4 4.62282E-4 4.37622E-4
-9999 -9999 -9999 -9999 -9999 -9999 -9999 -9999 -9999 -9999 -9999 -9999 -9999 1.71899E-5 1.97402E-5 2.12296E-5 3.04303E-5 4.64559E-5 6.76594E-5 1.18664E-5 1.51119E-5 2.80938E-5 9.86984E-5 3.76697E-4 2.37665E-4 1.20267E-4 2.00692E-4 1.39709E-4 8.23204E-5 9.20659E-5 1.08887E-4 6.22771E-5 6.10121E-5 2.36822E-5 1.13825E-5 3.2713E-5 4.15303E-5 6.09247E-5 7.91959E-5 3.49673E-5 3.65911E-4 2.82243E-4 3.53877E-4 3.88394E-4 2.10435E-4 2.77808E-4 3.18678E-4 2.66075E-4 2.97327E-4 2.53714E-4 2.44344E-4 3.00448E-4 3.42941E-4 3.73454E-4 3.58708E-4 3.21733E-4 3.29883E-4 3.42185E-4 4.18712E-4 4.18356E-4 3.89792E-4
-9999 -9999 -9999 -9999 -9999 -9999 -9999 -9999 -9999 -9999 -9999 -9999 -9999 1.24851E-5 1.16134E-5 4.31201E-5 4.20065E-5 4.02355E-5 1.73842E-5 1.27564E-5 3.29772E-5 7.89495E-5 1.13108E-4 1.71138E-4 2.12128E-4 1.28628E-4 1.72363E-4 1.47089E-4 2.31951E-4 2.03517E-4 2.01058E-4 1.20565E-4 2.52014E-5 1.43371E-5 1.17282E-5 2.82979E-5 8.54948E-5 1.33465E-4 3.71206E-4 2.61139E-5 9.38821E-5 5.99298E-4 2.98293E-4 3.69997E-4 2.53867E-4 2.88959E-4 3.03239E-4 2.76442E-4 2.68951E-4 2.88106E-4 2.3585E-4 2.81932E-4 3.53849E-4 3.60093E-4 3.30555E-4 3.39983E-4 2.62038E-4 3.91493E-4 3.49041E-4 4.383E-4 4.26196E-4
-9999 -9999 -9999 -9999 -9999 -9999 -9999 -9999 -9999 -9999 -9999 -9999 1.22888E-5 9.50597E-6 1.20708E-5 4.8689E-5 2.86878E-5 1.50907E-5 1.92269E-5 1.0977E-5 3.38803E-5 1.889E-4 1.93994E-4 2.43385E-4 1.90184E-4 1.53907E-4 1.43652E-4 2.16333E-4 1.66665E-4 2.04653E-4 4.08098E-4 7.73739E-5 2.09422E-5 1.53177E-5 1.89591E-5 2.17126E-5 6.05748E-5 1.43694E-4 6.5473E-5 2.43692E-5 3.10898E-5 3.78415E-4 3.59981E-4 3.73533E-4 3.25855E-4 2.63745E-4 2.668E-4 2.57629E-4 2.49149E-4 5.17492E-4 3.11469E-4 2.56837E-4 2.72045E-4 3.1052E-4 2.89265E-4 2.99531E-4 2.7601E-4 4.14128E-4 3.10415E-4 3.03812E-4 3.98787E-4
-9999 -9999 -9999 -9999 -9999 -9999 -9999 -9999 -9999 -9999 -9999 -9999 2.55136E-5 1.57188E-5 1.75938E-5 3.24823E-5 1.64434E-5 1.89786E-5 8.21086E-6 1.84481E-5 8.81727E-5 2.74646E-4 1.01957E-4 1.66453E-4 1.52511E-4 2.00252E-4 2.27784E-4 1.54837E-4 1.34707E-4 2.61589E-4 3.19668E-4 1.10715E-4 2.45986E-5 2.21791E-5 1.20393E-5 2.04909E-5 1.71547E-4 3.31504E-4 1.30803E-4 2.12216E-5 5.9452E-5 2.62983E-4 2.35721E-4 2.65231E-4 2.71454E-4 3.09844E-4 2.40277E-4 2.87427E-4 3.56863E-4 5.95421E-4 4.39917E-4 2.63114E-4 2.07934E-4 2.67284E-4 2.56688E-4 2.84702E-4 2.54173E-4 2.933E-4 3.18996E-4 2.78789E-4 3.01981E-4
-9999 -9999 -9999 -9999 -9999 -9999 -9999 -9999 -9999 -9999 -9999 -9999 9.90721E-6 1.25245E-5 2.42944E-5 2.60771E-5 1.11524E-5 2.20879E-5 3.08657E-5 6.28477E-5 1.41273E-4 2.57377E-4 1.55693E-4 9.03736E-5 1.20222E-4 1.92158E-4 1.30762E-4 9.54812E-5 1.38352E-4 3.11711E-4 3.32436E-4 5.89731E-5 3.42249E-5 1.84494E-5 1.55132E-5 1.4782E-5 1.2929E-4 3.78386E-4 1.4648E-4 4.9235E-5 6.75674E-5 3.79034E-4 2.40937E-4 2.76636E-4 2.4758E-4 2.81851E-4 2.68364E-4 2.58067E-4 3.2872E-4 3.56716E-4 2.37762E-4 3.86416E-4 3.13895E-4 1.99163E-4 2.31598E-4 2.40563E-4 2.58377E-4 3.63568E-4 2.72966E-4 2.7922E-4 3.78088E-4
-9999 -9999 -9999 -9999 -9999 -9999 -9999 -9999 -9999 -9999 -9999 -9999 1.46931E-5 1.24209E-5 5.62906E-5 6.0647E-5 2.08996E-5 1.55521E-5 4.66876E-5 6.24252E-5 1.00249E-4 1.33506E-4 1.94111E-4 1.31393E-4 1.41424E-4 1.24073E-4 1.28625E-4 1.00267E-4 2.07911E-4 5.06796E-4 3.51033E-4 1.18782E-4 3.47338E-5 1.65297E-5 1.67733E-5 2.04065E-5 4.1761E-5 1.75276E-4 5.42558E-5 6.1911E-5 5.7764E-5 3.92445E-4 3.1564E-4 3.57981E-4 2.85415E-4 3.24957E-4 5.21349E-4 3.22557E-4 2.99074E-4 3.36795E-4 2.6825E-4 2.11116E-4 2.43578E-4 2.26439E-4 3.39691E-4 2.93458E-4 2.58801E-4 2.52579E-4 2.46635E-4 2.79959E-4 2.75069E-4
-9999 -9999 -9999 -9999 -9999 -9999 -9999 -9999 -9999 -9999 -9999 1.21054E-5 1.21503E-5 6.32214E-5 8.79059E-5 7.59033E-5 3.17979E-5 1.32154E-5 7.91328E-5 2.0133E-4 1.4091E-4 1.16319E-4 1.34673E-4 1.85648E-4 1.91789E-4 1.24681E-4 1.39646E-4 3.76034E-4 2.98998E-4 3.24534E-4 6.14493E-4 3.06606E-4 3.19717E-5 4.82367E-5 1.53764E-5 3.41975E-5 3.65948E-5 3.15851E-4 9.29101E-5 1.04194E-4 2.38165E-4 9.87138E-5 4.84991E-4 2.96232E-4 5.06741E-4 7.38668E-4 5.48872E-4 1.9616E-4 2.48883E-4 3.58986E-4 2.95486E-4 1.93182E-4 2.32904E-4 2.7929E-4 2.46464E-4 2.44355E-4 2.45738E-4 2.51723E-4 2.70981E-4 2.96503E-4 2.53825E-4
-9999 -9999 -9999 -9999 -9999 -9999 -9999 -9999 -9999 -9999 -9999 9.74542E-6 4.0156E-5 8.36372E-5 6.12442E-5 8.43364E-5 2.25993E-5 2.94081E-5 1.33547E-4 1.75034E-4 1.46691E-4 8.03423E-5 9.73977E-5 1.29876E-4 1.39132E-4 1.48718E-4 3.04956E-4 5.4421E-5 3.74475E-5 4.72051E-4 3.30636E-4 4.70117E-4 1.49326E-4 4.71622E-5 3.10524E-5 3.11899E-5 5.04067E-5 6.37406E-4 3.64201E-5 2.89394E-4 2.13743E-4 1.82398E-4 3.80548E-4 2.24051E-4 3.91627E-4 9.23249E-5 5.48882E-5 4.14942E-4 2.42282E-4 4.34969E-4 3.22133E-4 2.00519E-4 2.3532E-4 2.48536E-4 2.22513E-4 2.26529E-4 2.08374E-4 2.15385E-4 2.61552E-4 2.84269E-4 2.85489E-4
-9999 -9999 -9999 -9999 -9999 -9999 -9999 -9999 -9999 -9999 1.7259E-5 1.03752E-5 4.8683E-5 8.64418E-5 1.15239E-4 1.23841E-5 1.49807E-5 4.72375E-5 9.64148E-5 8.0482E-5 8.55345E-5 1.45317E-4 1.39868E-4 1.4403E-4 1.2092E-4 2.89162E-4 1.22311E-4 4.84909E-5 7.61317E-5 1.26008E-4 1.35599E-4 4.73856E-4 2.44681E-4 1.71046E-5 3.44523E-5 3.63781E-5 2.3574E-4 6.75583E-4 8.72401E-5 2.281E-4 6.1411E-4 1.93199E-4 3.99197E-4 3.391E-4 4.36934E-4 3.88109E-4 1.80475E-4 5.02281E-4 3.74892E-4 1.95667E-4 3.1504E-4 1.98451E-4 1.8866E-4 1.93349E-4 1.96385E-4 2.1406E-4 2.06111E-4 2.36503E-4 2.39471E-4 2.39522E-4 2.49527E-4
-9999 -9999 -9999 -9999 -9999 -9999 -9999 -9999 -9999 -9999 7.30813E-6 6.67708E-6 8.15529E-5 8.09611E-5 3.44072E-5 8.79543E-6 2.21024E-5 5.90609E-5 5.91584E-5 7.0494E-5 6.30254E-5 1.07273E-4 1.1652E-4 1.25993E-4 1.2266E-4 1.2076E-4 1.79423E-4 1.47944E-4 1.92636E-4 1.74935E-4 9.21352E-5 1.13319E-4 3.81831E-5 5.55249E-5 3.52829E-5 2.51507E-5 4.14908E-4 1.74202E-4 1.2283E-4 2.19178E-4 4.82607E-4 8.16363E-5 1.71786E-4 3.94044E-4 3.18201E-4 4.14351E-4 4.90297E-4 2.23175E-4 1.71469E-4 1.94833E-4 1.67611E-4 2.03474E-4 1.70803E-4 2.0277E-4 1.93431E-4 1.9753E-4 2.13799E-4 2.27511E-4 2.54255E-4 2.43129E-4 2.65324E-4
-9999 -9999 -9999 -9999 -9999 -9999 -9999 -9999 -9999 -9999 6.73621E-6 8.04281E-6 7.07407E-5 5.64656E-5 1.50199E-5 1.92072E-5 4.27058E-5 6.99566E-5 1.09355E-4 7.30893E-5 6.26656E-5 6.20964E-5 7.46608E-5 7.86598E-5 1.14461E-4 8.39536E-5 2.59606E-4 1.0001E-4 3.36455E-4 1.78504E-4 6.03241E-5 3.63262E-5 3.25459E-5 5.95375E-5 5.19457E-5 6.41328E-5 8.29445E-5 1.65545E-4 4.20184E-4 1.69984E-4 3.74556E-4 2.28089E-4 3.15977E-4 2.55717E-4 3.8671E-4 3.14939E-4 2.09795E-4 3.14635E-4 2.14318E-4 1.95113E-4 1.92173E-4 2.28574E-4 2.36401E-4 2.15825E-4 1.96803E-4 1.80982E-4 1.98908E-4 1.98116E-4 2.94908E-4 2.65721E-4 2.26679E-4
-9999 -9999 -9999 -9999 -9999 -9999 -9999 -9999 -9999 1.12294E-5 6.74026E-6 1.2819E-5 1.05583E-4 2.81005E-5 6.89795E-6 1.41535E-5 7.40248E-5 1.18665E-4 1.26841E-4 5.32308E-5 6.59313E-5 6.96417E-5 7.38163E-5 9.13015E-5 6.40833E-5 6.04246E-5 3.24988E-4 1.15014E-4 1.00175E-4 4.50614E-5 5.68739E-5 1.39038E-4 9.56644E-5 1.30751E-4 1.01754E-4 9.11684E-5 7.53396E-5 1.31931E-4 6.69429E-4 9.75655E-5 4.14963E-4 5.21474E-4 6.58724E-4 2.43701E-4 5.3566E-4 3.01737E-4 4.92069E-4 2.55137E-4 2.20922E-4 1.9873E-4 1.70399E-4 2.00549E-4 2.12332E-4 2.41398E-4 2.6329E-4 2.79886E-4 2.6146E-4 2.35385E-4 2.45618E-4 2.511E-4 2.41893E-4
-9999 -9999 -9999 -9999 -9999 -9999 -9999 -9999 -9999 1.04759E-5 8.70653E-6 1.25282E-5 2.2477E-5 1.10186E-5 7.09754E-6 3.61133E-5 9.56901E-5 1.35745E-4 1.16405E-4 8.47949E-5 1.35104E-4 8.29366E-5 6.85864E-5 9.3466E-5 7.91563E-5 1.08237E-4 2.43361E-4 1.77984E-4 1.49455E-4 1.01772E-4 1.27325E-4 2.46541E-4 5.72102E-5 1.39221E-4 2.82931E-4 3.98376E-4 1.37263E-4 6.52028E-4 7.03409E-4 3.8266E-4 4.26509E-4 6.98748E-4 4.91333E-4 6.63074E-4 5.74615E-4 4.50383E-4 6.65598E-4 2.38724E-4 2.32952E-4 2.44261E-4 3.08608E-4 3.37408E-4 2.50036E-4 2.53348E-4 2.47678E-4 2.94985E-4 2.6238E-4 2.37931E-4 2.38635E-4 2.3102E-4 2.01756E-4
-9999 -9999 -9999 -9999 -9999 -9999 -9999 -9999 1.96343E-5 8.5144E-6 1.30341E-5 4.79585E-5 7.5292E-6 8.99541E-6 1.68453E-5 8.10398E-5 1.21823E-4 1.04542E-4 1.0632E-4 9.80459E-5 1.15659E-4 1.10783E-4 9.82669E-5 1.0312E-4 9.68824E-5 1.84672E-4 1.44149E-4 2.15757E-4 1.4606E-4 2.01159E-4 2.16747E-4 3.14491E-4 1.04468E-4 1.7276E-4 2.93074E-4 9.81926E-5 1.36548E-4 4.45055E-4 4.41763E-4 5.07319E-4 5.6092E-4 4.81117E-4 5.37911E-4 1.83397E-4 7.69993E-5 3.51547E-4 1.08944E-4 2.83086E-4 3.87063E-4 3.05233E-4 2.91292E-4 3.26634E-4 2.06515E-4 2.4989E-4 2.71853E-4 3.50165E-4 3.56E-4 2.92445E-4 2.63236E-4 2.30544E-4 2.30192E-4
-9999 -9999 -9999 -9999 -9999 -9999 -9999 1.30032E-5 1.2293E-5 7.73909E-6 3.33672E-5 4.52639E-5 8.07317E-6 1.07241E-5 4.10644E-5 1.11949E-4 1.21757E-4 1.12769E-4 1.32332E-4 1.27455E-4 1.38003E-4 1.19032E-4 1.09716E-4 1.14198E-4 1.02671E-4 1.36198E-4 1.41529E-4 2.2775E-4 3.38108E-4 2.85787E-4 1.73726E-4 1.79704E-4 1.61667E-4 1.70206E-4 1.70763E-4 1.63569E-4 4.90154E-4 4.72788E-4 4.75719E-4 6.59211E-4 6.47702E-4 7.83358E-4 4.6036E-4 2.69525E-4 1.36523E-4 1.85862E-4 2.34487E-4 1.01241E-3 1.0209E-3 3.94735E-4 2.72713E-4 4.18166E-4 8.73664E-4 3.49372E-4 4.98298E-4 3.47262E-4 3.16946E-4 2.83173E-4 3.03248E-4 2.60623E-4 2.33169E-4
-9999 -9999 -9999 -9999 -9999 -9999 -9999 3.65258E-6 3.09171E-6 3.46406E-6 1.54055E-5 1.59387E-5 1.02433E-5 2.9588E-5 1.24246E-4 1.37276E-4 1.22451E-4 1.37702E-4 1.21951E-4 1.22181E-4 1.24685E-4 1.40293E-4 1.61298E-4 1.41708E-4 1.30721E-4 1.14613E-4 1.43293E-4 2.47516E-4 3.31991E-4 3.16196E-4 1.78909E-4 9.03834E-5 1.37846E-4 2.83707E-4 1.37988E-4 3.14211E-4 3.69572E-4 7.28901E-4 6.31599E-4 5.84807E-4 5.94748E-4 4.60249E-4 3.25363E-4 2.02849E-4 2.30144E-4 1.8385E-4 1.88511E-4 1.47088E-4 4.25738E-4 1.79058E-4 2.2443E-4 1.98117E-4 3.86371E-4 8.29017E-4 4.44661E-4 3.95402E-4 2.95323E-4 2.75474E-4 3.26368E-4 2.71897E-4 2.28257E-4
-9999 -9999 -9999 -9999 -9999 -9999 -9999 5.57407E-6 3.7396E-6 5.62261E-6 2.7249E-5 2.39668E-5 2.30429E-5 3.59422E-5 1.52972E-4 1.31202E-4 1.34572E-4 1.57876E-4 1.27478E-4 1.17066E-4 1.32361E-4 1.15376E-4 1.62429E-4 1.50039E-4 1.15345E-4 1.21854E-4 1.15008E-4 2.61548E-4 3.2427E-4 3.27057E-4 3.04359E-4 1.30157E-4 3.96216E-4 1.01392E-3 3.78205E-4 3.22459E-4 5.41325E-4 4.25303E-4 5.72974E-4 3.90582E-4 3.08244E-4 2.85844E-4 2.53212E-4 2.35391E-4 2.54496E-4 2.51757E-4 1.65601E-4 8.916E-5 2.69542E-4 3.61494E-4 2.89194E-4 2.70019E-4 4.524E-4 2.62541E-4 7.03154E-4 5.76675E-4 3.50658E-4 3.01521E-4 2.91597E-4 2.45011E-4 2.28455E-4
