Candidate_Models_Sept202022/M_6_F_lqp_Set_1_all/Bison.asc
ncols         97
nrows         127
xllcorner     -2197417.7431653
yllcorner     -584827.01486885
cellsize      30000.0
NODATA_value  -9999
[rows 54 to 80 of 127, columns 0 to 60 of 97]
-9999 -9999 -9999 -9999 7.45624E-6 5.52494E-6 3.47979E-6 5.67117E-6 5.05427E-6 2.88061E-6 4.14678E-6 1.22095E-5 2.25651E-5 4.50692E-5 2.46561E-5 9.4181E-6 1.29124E-5 2.40875E-5 2.41121E-5 2.83678E-5 3.78362E-5 3.08076E-5 2.44276E-5 1.97964E-5 2.56667E-5 4.51609E-5 3.57401E-5 2.72201E-5 4.3823E-5 3.64919E-5 4.16254E-5 4.99704E-5 5.77853E-5 5.88334E-5 4.89859E-5 4.65773E-5 4.8325E-5 4.62185E-5 5.42883E-5 6.46294E-5 9.76651E-5 1.46966E-4 8.15021E-5 4.72638E-5 3.97307E-5 3.96778E-5 3.96095E-5 3.59546E-5 3.69998E-5 3.58013E-5 3.52325E-5 3.21809E-5 2.94823E-5 4.14627E-5 4.21644E-5 3.62142E-5 3.59427E-5 3.19626E-5 3.09088E-5 2.07609E-5 1.81828E-5
-9999 -9999 -9999 -9999 -9999 3.29545E-6 2.34285E-6 4.81718E-6 4.40146E-6 3.53965E-6 3.20026E-6 9.80151E-6 2.61056E-5 3.57727E-5 2.42187E-5 1.2041E-5 8.58455E-6 9.69058E-6 3.15337E-5 1.26917E-5 4.02071E-5 3.39316E-5 2.59819E-5 3.4148E-5 2.24195E-5 2.50724E-5 3.069E-5 3.93254E-5 5.79025E-5 5.40977E-5 6.12016E-5 5.70845E-5 6.18676E-5 5.14833E-5 4.9471E-5 5.36805E-5 5.66649E-5 4.94641E-5 6.43659E-5 5.71739E-5 9.7322E-5 2.77435E-4 6.47543E-5 4.48253E-5 4.6877E-5 4.6083E-5 3.87273E-5 3.79582E-5 3.98875E-5 4.01116E-5 4.36536E-5 4.69725E-5 4.24626E-5 4.31439E-5 4.11052E-5 3.3704E-5 3.09087E-5 2.80127E-5 2.65037E-5 2.17461E-5 2.43096E-5
-9999 -9999 -9999 -9999 -9999 5.79183E-6 4.27754E-6 5.48581E-6 5.93537E-6 4.78001E-6 1.5369E-6 5.53523E-6 8.52991E-6 1.62025E-5 3.12708E-5 1.52452E-5 1.88992E-5 2.27687E-5 2.4159E-5 2.58436E-5 3.07166E-5 2.46167E-5 2.07131E-5 2.68378E-5 2.39019E-5 3.48665E-5 3.54687E-5 4.65486E-5 7.98736E-5 5.5949E-5 6.99666E-5 7.39153E-5 7.63333E-5 6.79307E-5 7.0088E-5 8.07611E-5 5.40339E-5 4.67897E-5 5.82074E-5 4.833E-5 8.93637E-5 5.93658E-5 4.43762E-5 4.72624E-5 4.63917E-5 4.37814E-5 3.96449E-5 3.66601E-5 3.4564E-5 4.31345E-5 4.39488E-5 4.40819E-5 4.2644E-5 4.96412E-5 3.62987E-5 3.21232E-5 3.48224E-5 3.11941E-5 2.77955E-5 2.65472E-5 2.59376E-5
-9999 -9999 -9999 -9999 -9999 -9999 7.6119E-6 -9999 1.02114E-5 1.89348E-6 1.44758E-6 4.56472E-6 1.46953E-5 1.52045E-5 1.01879E-5 2.76353E-5 1.33406E-5 2.32903E-5 2.63884E-5 3.3591E-5 2.2992E-5 2.32203E-5 2.2825E-5 3.89672E-5 2.69394E-5 3.19047E-5 1.81993E-5 4.6008E-5 5.45376E-5 6.55527E-5 1.35564E-4 1.37759E-4 9.59854E-5 8.17002E-5 7.77917E-5 7.86374E-5 7.72436E-5 5.37248E-5 5.90218E-5 4.41422E-5 5.18336E-5 5.51456E-5 5.48412E-5 5.17857E-5 4.64072E-5 4.62427E-5 4.60787E-5 5.34581E-5 6.02757E-5 4.24512E-5 4.45799E-5 6.58676E-5 4.21476E-5 3.56083E-5 3.48955E-5 3.80974E-5 3.65428E-5 3.57519E-5 3.37337E-5 3.01855E-5 2.55982E-5
-9999 -9999 -9999 9.81459E-6 -9999 -9999 -9999 -9999 -9999 4.34838E-6 4.73686E-6 4.73092E-6 5.86674E-6 1.0886E-5 1.43845E-5 1.74379E-5 1.47612E-5 2.44105E-5 2.55822E-5 3.89071E-5 2.30708E-5 2.8347E-5 1.77513E-5 4.29315E-5 1.84643E-5 1.9007E-5 2.03955E-5 3.42976E-5 9.63197E-5 6.56918E-5 2.23161E-4 1.84341E-4 9.16835E-5 7.16819E-5 6.05025E-5 8.41576E-5 7.61301E-5 9.73238E-5 2.33163E-4 5.58957E-5 5.80639E-5 5.55994E-5 5.63558E-5 5.33288E-5 5.09183E-5 5.30264E-5 5.57435E-5 5.01718E-5 5.10574E-5 4.55145E-5 4.57021E-5 4.5443E-5 4.81571E-5 3.68415E-5 3.79748E-5 4.45819E-5 3.70322E-5 5.27404E-5 4.31367E-5 3.24016E-5 3.03931E-5
-9999 -9999 -9999 6.70169E-6 1.38819E-5 1.55252E-5 -9999 -9999 -9999 6.26242E-6 3.38229E-6 1.04934E-5 9.4496E-6 1.29661E-5 1.17857E-5 2.04765E-5 1.26922E-5 1.94478E-5 3.61398E-5 3.21749E-5 2.56905E-5 2.62965E-5 2.46161E-5 4.20169E-5 2.79511E-5 2.05868E-5 2.26363E-5 3.89222E-5 1.33175E-4 1.09333E-4 3.14238E-4 2.33955E-4 9.74665E-5 8.48832E-5 8.4086E-5 6.8121E-5 7.44021E-5 2.45767E-4 1.35202E-4 5.85153E-5 6.1538E-5 7.24263E-5 5.7401E-5 5.20416E-5 5.59512E-5 4.97046E-5 5.46034E-5 5.16689E-5 5.1525E-5 6.20362E-5 5.7066E-5 5.29309E-5 3.80489E-5 3.7953E-5 3.81584E-5 4.57811E-5 6.97609E-5 6.23631E-5 4.42049E-5 4.20922E-5 4.06003E-5
-9999 -9999 -9999 6.22564E-6 1.39825E-5 1.96557E-5 1.33506E-5 -9999 -9999 7.18199E-6 4.58496E-6 1.13305E-5 1.00139E-5 1.14115E-5 1.06403E-5 1.72045E-5 2.19764E-5 3.27178E-5 3.71713E-5 2.77392E-5 3.66417E-5 4.0165E-5 3.7233E-5 2.92248E-5 4.34278E-5 2.03745E-5 4.01556E-5 3.67594E-5 7.39982E-5 7.10616E-5 2.50013E-4 4.88257E-4 2.37685E-4 2.37126E-4 2.97768E-4 1.09336E-4 1.36076E-4 1.57236E-4 7.77684E-5 7.13338E-5 7.60023E-5 7.00144E-5 6.29316E-5 5.6807E-5 5.37514E-5 5.43157E-5 5.40377E-5 6.04658E-5 5.86263E-5 9.82835E-5 1.19922E-4 8.65159E-5 5.8435E-5 7.88884E-5 4.30116E-5 4.3143E-5 4.95877E-5 5.38704E-5 5.08684E-5 4.90556E-5 3.81261E-5
-9999 -9999 -9999 3.36227E-6 1.21694E-5 1.56417E-5 -9999 -9999 1.24885E-5 4.83859E-6 2.25305E-6 4.95914E-6 7.90111E-6 1.06826E-5 1.26801E-5 2.19085E-5 5.30673E-5 4.01176E-5 4.11477E-5 2.63146E-5 3.37558E-5 3.88186E-5 4.65785E-5 4.05546E-5 4.39946E-5 2.15483E-5 2.71691E-5 3.05422E-5 5.07942E-5 1.4358E-4 3.9732E-4 5.81479E-4 4.65079E-4 3.52676E-4 3.64848E-4 2.77081E-4 2.22834E-4 2.44055E-4 1.27351E-4 9.14668E-5 9.30181E-5 9.11962E-5 7.1942E-5 6.38395E-5 5.59066E-5 7.29187E-5 6.66223E-5 6.52048E-5 8.33448E-5 1.12859E-4 1.01129E-4 6.07305E-5 5.02295E-5 4.17632E-5 4.74494E-5 4.67801E-5 5.07951E-5 4.49277E-5 5.31159E-5 4.20234E-5 4.18309E-5
-9999 -9999 -9999 3.42483E-6 1.19583E-5 -9999 -9999 1.85275E-5 9.54358E-6 4.42395E-6 4.06869E-6 4.50844E-6 8.2826E-6 1.13269E-5 1.38689E-5 2.97326E-5 3.90602E-5 3.636E-5 4.26549E-5 3.62295E-5 3.64711E-5 4.74872E-5 4.8731E-5 5.06104E-5 4.71709E-5 2.57004E-5 4.55522E-5 4.21891E-5 4.06074E-5 4.78648E-5 1.65755E-4 4.44659E-4 2.14199E-4 3.16716E-4 5.85146E-4 4.65353E-4 3.89936E-4 6.18171E-4 2.50468E-4 9.99853E-5 9.25077E-5 7.51507E-5 6.74963E-5 5.9932E-5 6.62714E-5 8.63294E-5 7.28214E-5 5.77136E-5 5.70691E-5 7.73524E-5 8.59324E-5 4.72483E-5 3.75128E-5 4.35159E-5 4.42389E-5 4.54037E-5 4.86112E-5 4.5223E-5 4.12603E-5 4.13113E-5 4.8485E-5
-9999 -9999 -9999 2.89317E-6 4.63195E-6 -9999 -9999 -9999 1.01972E-5 4.08588E-6 3.57798E-6 5.87284E-6 3.95897E-6 2.82878E-5 2.91449E-5 3.04467E-5 3.86625E-5 4.6408E-5 5.25255E-5 3.34238E-5 4.20323E-5 4.80838E-5 5.31409E-5 5.06473E-5 4.60195E-5 2.50646E-5 2.09355E-5 2.1507E-5 3.68349E-5 3.99283E-5 5.76086E-5 2.19453E-4 3.28285E-4 3.50493E-4 6.24065E-4 6.06982E-4 4.03308E-4 3.93595E-4 1.23381E-4 1.02323E-4 8.90821E-5 8.80064E-5 7.75713E-5 6.90989E-5 7.60331E-5 8.39798E-5 9.73671E-5 6.69792E-5 7.07285E-5 8.78259E-5 8.59851E-5 5.89707E-5 6.2976E-5 5.58928E-5 5.33719E-5 4.95054E-5 4.771E-5 4.78778E-5 4.68099E-5 5.45564E-5 5.12988E-5
-9999 -9999 -9999 3.56449E-6 7.29608E-6 -9999 -9999 -9999 1.3534E-5 6.0682E-6 5.45626E-6 3.97592E-6 1.10712E-5 2.39586E-5 2.43995E-5 4.05859E-5 4.0883E-5 4.80566E-5 5.30418E-5 3.98458E-5 4.00461E-5 5.69653E-5 6.06597E-5 6.04268E-5 5.44419E-5 4.72918E-5 1.89832E-5 3.18503E-5 3.2207E-5 5.71317E-5 7.28879E-5 2.75132E-4 4.00912E-4 4.43298E-4 3.54574E-4 3.43244E-4 2.61296E-4 4.50212E-4 1.5416E-4 1.74597E-4 1.06678E-4 1.03148E-4 8.67262E-5 7.4871E-5 1.15256E-4 1.17524E-4 1.09215E-4 7.72589E-5 8.22753E-5 1.01925E-4 1.04946E-4 6.33944E-5 5.96444E-5 5.49051E-5 5.59068E-5 5.50447E-5 4.92915E-5 4.6432E-5 4.46556E-5 4.22888E-5 4.82608E-5
-9999 -9999 -9999 2.49057E-6 8.73657E-6 -9999 -9999 -9999 1.33147E-5 8.76739E-6 2.05457E-6 4.93945E-6 7.65801E-6 2.15225E-5 4.17435E-5 3.36619E-5 4.09323E-5 5.44979E-5 4.42759E-5 4.39821E-5 7.34876E-5 1.07958E-4 6.6951E-5 6.46212E-5 5.50298E-5 4.80631E-5 3.13738E-5 3.74953E-5 3.37081E-5 5.13975E-5 6.95198E-5 1.36892E-4 2.79713E-4 4.65136E-4 2.65943E-4 3.86625E-4 1.63418E-4 3.28034E-4 3.48517E-4 1.65717E-4 8.75511E-5 8.53376E-5 8.26488E-5 8.71664E-5 7.58527E-5 7.8941E-5 8.27427E-5 9.28882E-5 1.0928E-4 9.27216E-5 7.4867E-5 6.87577E-5 6.24565E-5 5.87634E-5 5.89333E-5 5.68602E-5 5.05441E-5 5.6675E-5 5.15857E-5 4.94846E-5 8.48848E-5
-9999 -9999 -9999 -9999 3.81898E-6 -9999 -9999 -9999 -9999 9.88612E-6 3.56054E-6 3.92032E-6 1.02369E-5 7.14946E-6 2.3935E-5 3.92414E-5 4.74825E-5 5.5333E-5 5.43368E-5 7.01606E-5 5.87098E-5 1.75777E-4 1.02483E-4 7.20878E-5 8.50747E-5 5.07909E-5 3.11452E-5 2.40058E-5 4.49485E-5 3.49629E-5 4.31134E-5 6.48708E-5 8.21129E-5 9.37323E-5 8.98695E-5 1.07689E-4 3.31134E-4 2.34781E-4 1.11141E-4 8.11364E-5 1.2117E-4 7.86335E-5 1.1139E-4 8.97929E-5 8.25572E-5 1.05903E-4 8.89208E-5 9.8226E-5 9.71235E-5 9.10123E-5 1.22534E-4 7.11591E-5 6.61936E-5 6.14616E-5 6.08294E-5 6.28213E-5 5.88067E-5 5.38797E-5 5.07579E-5 4.68868E-5 4.69111E-5
-9999 -9999 -9999 -9999 9.31533E-6 -9999 -9999 -9999 -9999 1.43394E-5 5.36484E-6 3.44032E-6 1.82653E-5 1.08864E-5 1.73391E-5 3.64678E-5 5.10319E-5 5.18816E-5 5.67253E-5 5.31661E-5 6.72031E-5 8.80751E-5 7.23086E-5 1.25581E-4 1.81858E-4 6.48354E-5 4.24355E-5 3.29E-5 3.45076E-5 3.53851E-5 2.70984E-5 4.8189E-5 7.55017E-5 1.00298E-4 8.25491E-5 8.46704E-5 1.55579E-4 9.21375E-5 7.61105E-5 6.82991E-5 9.67664E-5 9.34179E-5 1.0091E-4 1.22366E-4 8.83552E-5 1.01271E-4 1.60109E-4 1.01262E-4 9.74594E-5 1.0121E-4 1.0632E-4 7.87817E-5 7.30993E-5 6.8836E-5 6.68143E-5 7.05445E-5 6.43689E-5 5.8255E-5 5.54063E-5 5.06372E-5 4.85604E-5
-9999 -9999 -9999 -9999 -9999 -9999 -9999 -9999 -9999 1.05287E-5 8.50915E-6 2.45361E-6 8.61469E-6 7.05896E-6 8.07528E-6 2.62527E-5 5.70373E-5 5.77014E-5 5.23401E-5 6.63108E-5 6.057E-5 6.44401E-5 7.37441E-5 6.79492E-5 5.45028E-5 3.16229E-5 2.27552E-5 3.83357E-5 2.62428E-5 3.30599E-5 4.37301E-5 3.61088E-5 3.8254E-5 6.883E-5 6.66689E-5 8.81645E-5 1.42308E-4 1.30046E-4 8.42197E-5 1.03769E-4 1.30864E-4 9.96769E-5 1.15722E-4 1.32535E-4 2.3623E-4 2.85954E-4 2.75034E-4 1.25178E-4 9.36585E-5 9.08381E-5 1.0101E-4 1.00929E-4 8.01224E-5 6.99452E-5 6.97962E-5 6.56728E-5 6.66361E-5 6.52271E-5 5.85158E-5 5.97115E-5 5.53264E-5
-9999 -9999 -9999 -9999 -9999 -9999 -9999 -9999 -9999 -9999 1.00926E-5 3.27476E-6 3.54733E-6 9.01033E-6 1.39666E-5 4.26268E-5 5.60709E-5 4.97354E-5 6.45307E-5 6.18922E-5 5.38177E-5 5.40876E-5 6.88644E-5 6.68833E-5 5.59738E-5 2.77124E-5 2.73378E-5 2.58035E-5 2.85992E-5 3.33422E-5 4.598E-5 2.73695E-5 5.96553E-5 8.20007E-5 9.25562E-5 9.34389E-5 1.2315E-4 1.31942E-4 9.57235E-5 1.20368E-4 1.28718E-4 2.22263E-4 2.42819E-4 3.15659E-4 4.16992E-4 4.19162E-4 2.80803E-4 3.79292E-4 1.02942E-4 8.89644E-5 1.32808E-4 1.01875E-4 8.37753E-5 7.9324E-5 7.24159E-5 6.36945E-5 7.57314E-5 8.17945E-5 7.12479E-5 6.52989E-5 6.51725E-5
-9999 -9999 -9999 -9999 -9999 -9999 -9999 -9999 -9999 -9999 8.40135E-6 3.93116E-6 2.96023E-6 6.34258E-6 1.437E-5 1.07711E-5 6.3923E-5 7.48706E-5 6.01856E-5 6.3977E-5 5.15491E-5 5.166E-5 7.13828E-5 8.86483E-5 4.87651E-5 2.51432E-5 2.00711E-5 1.18023E-5 2.05688E-5 4.98158E-5 4.22739E-5 4.16526E-5 4.5137E-5 7.31347E-5 8.62613E-5 1.04848E-4 8.35925E-5 9.03784E-5 9.71719E-5 2.26986E-4 2.88081E-4 3.89342E-4 3.56408E-4 4.03516E-4 3.91561E-4 3.45396E-4 1.55245E-4 2.5853E-4 1.89166E-4 2.53501E-4 2.5587E-4 1.41808E-4 8.09841E-5 8.02459E-5 7.27421E-5 7.25525E-5 7.19538E-5 6.86994E-5 6.88539E-5 6.6376E-5 6.95477E-5
-9999 -9999 -9999 -9999 -9999 -9999 -9999 -9999 -9999 -9999 6.57509E-6 2.50084E-6 3.7482E-6 6.28236E-6 6.39884E-5 6.90808E-5 8.21895E-5 8.65823E-5 6.7822E-5 6.87983E-5 6.00297E-5 6.36606E-5 7.25942E-5 7.72372E-5 5.93673E-5 2.8057E-5 1.88022E-5 2.26853E-5 3.00158E-5 2.4373E-5 4.39057E-5 6.63405E-5 5.32986E-5 4.42695E-5 8.17575E-5 9.35574E-5 1.38723E-4 2.07626E-4 2.53404E-4 2.37862E-4 3.73634E-4 4.00421E-4 4.90083E-4 4.53772E-4 4.87587E-4 4.90218E-4 4.04102E-4 3.62602E-4 3.66132E-4 4.04331E-4 4.83766E-4 2.9556E-4 2.05093E-4 1.72276E-4 1.6533E-4 8.1801E-5 7.33933E-5 7.04588E-5 7.41413E-5 7.13483E-5 7.80501E-5
-9999 -9999 -9999 -9999 -9999 -9999 -9999 -9999 -9999 -9999 7.13481E-6 1.84499E-6 3.74327E-6 6.2783E-6 2.90849E-5 2.34844E-5 6.03038E-5 7.01809E-5 6.41951E-5 7.84748E-5 8.98146E-5 7.54881E-5 6.92667E-5 7.49298E-5 5.19607E-5 2.52172E-5 2.06452E-5 2.18357E-5 6.4022E-5 2.96076E-5 2.70698E-5 7.77638E-5 5.79052E-5 3.4924E-5 8.36399E-5 9.1052E-5 1.35944E-4 1.7743E-4 1.76387E-4 2.45938E-4 3.79695E-4 4.58047E-4 6.29313E-4 5.1065E-4 6.88373E-4 5.61405E-4 4.9751E-4 4.84056E-4 5.43914E-4 4.53146E-4 2.01571E-4 1.44965E-4 1.43631E-4 2.47106E-4 3.19491E-4 2.55911E-4 9.09614E-5 8.04179E-5 7.81941E-5 7.09453E-5 7.99565E-5
-9999 -9999 -9999 -9999 -9999 -9999 -9999 -9999 -9999 -9999 4.5904E-6 2.42525E-6 5.58374E-6 3.00275E-5 8.03273E-5 1.42323E-5 6.31337E-5 4.90239E-5 6.50165E-5 9.70875E-5 1.14198E-4 8.32349E-5 7.91891E-5 5.92541E-5 7.72419E-5 4.99631E-5 2.57756E-5 2.30701E-5 3.75352E-5 6.76828E-5 3.02502E-5 3.20627E-5 4.58486E-5 5.21493E-5 7.98821E-5 1.26466E-4 1.16903E-4 1.23589E-4 1.51437E-4 2.2951E-4 4.48712E-4 6.45155E-4 6.62444E-4 7.07223E-4 8.20623E-4 4.57561E-4 4.22586E-4 4.62377E-4 3.59425E-4 5.81586E-4 4.5171E-4 2.05268E-4 1.47573E-4 3.50185E-4 1.79331E-4 1.52292E-4 8.63296E-5 1.12335E-4 8.81386E-5 7.52015E-5 8.4001E-5
-9999 -9999 -9999 -9999 -9999 -9999 -9999 -9999 1.37541E-5 1.05414E-5 8.84443E-6 4.39163E-6 2.65313E-6 6.87224E-6 2.21328E-5 6.58848E-5 6.14435E-5 5.24963E-5 4.97643E-5 7.83742E-5 8.94696E-5 9.9482E-5 9.50915E-5 7.34742E-5 8.26142E-5 6.76261E-5 2.55954E-5 1.76926E-5 1.92962E-5 3.18991E-5 1.84485E-5 2.41836E-5 5.78183E-5 4.21311E-5 6.73477E-5 5.95734E-5 8.64529E-5 1.39205E-4 1.258E-4 2.57089E-4 4.72959E-4 6.88861E-4 5.84497E-4 5.2926E-4 5.96407E-4 4.21557E-4 4.23699E-4 4.71859E-4 4.80359E-4 3.92794E-4 5.5248E-4 4.3337E-4 3.78447E-4 3.10381E-4 1.58309E-4 1.31639E-4 1.86123E-4 1.57918E-4 1.63529E-4 8.42851E-5 9.91436E-5
-9999 -9999 -9999 -9999 -9999 -9999 -9999 -9999 5.98755E-6 5.61509E-6 1.18746E-5 8.73567E-6 5.80146E-6 2.74733E-6 3.78055E-6 2.69452E-5 2.7938E-5 7.52285E-5 4.5209E-5 5.77881E-5 8.20787E-5 8.6085E-5 1.01419E-4 8.04195E-5 8.08036E-5 5.175E-5 3.09864E-5 2.61603E-5 2.48976E-5 2.12427E-5 5.74313E-5 1.77812E-5 4.70473E-5 6.37895E-5 1.06412E-4 4.9229E-5 7.54772E-5 1.09711E-4 1.21166E-4 1.24456E-4 3.52017E-4 5.44194E-4 4.91186E-4 5.41526E-4 5.12277E-4 4.72305E-4 4.07013E-4 4.53939E-4 4.56716E-4 5.62902E-4 5.3896E-4 5.062E-4 4.53928E-4 3.79822E-4 3.50942E-4 3.00255E-4 3.91573E-4 3.05581E-4 3.52313E-4 3.23968E-4 3.76277E-4
-9999 -9999 -9999 -9999 -9999 -9999 -9999 -9999 2.59728E-6 1.87533E-6 3.17017E-6 3.12512E-6 4.87406E-6 3.14071E-6 3.41899E-6 1.636E-5 3.03019E-5 7.97513E-5 5.40682E-5 5.74069E-5 7.67808E-5 6.1046E-5 6.7545E-5 8.34764E-5 9.24943E-5 9.00998E-5 3.80084E-5 3.88374E-5 3.36215E-5 2.65029E-5 3.84099E-5 3.79371E-5 4.08258E-5 8.56594E-5 1.51661E-4 1.28351E-4 5.02048E-5 7.89694E-5 1.09866E-4 3.1915E-4 5.53231E-4 5.19813E-4 5.78798E-4 6.28489E-4 6.62251E-4 5.23295E-4 4.50173E-4 4.04475E-4 5.89563E-4 5.86248E-4 7.30119E-4 5.87858E-4 4.73945E-4 3.67978E-4 4.15951E-4 3.55354E-4 3.98526E-4 3.36559E-4 3.63178E-4 4.67557E-4 5.5535E-4
-9999 -9999 -9999 -9999 -9999 -9999 -9999 -9999 -9999 2.44699E-6 2.14664E-6 2.68667E-6 4.04294E-6 6.34701E-6 3.41234E-6 3.342E-6 1.95415E-5 7.92693E-5 1.69544E-4 9.818E-5 3.53108E-5 3.82557E-5 3.47059E-5 7.62417E-5 6.45276E-5 7.1268E-5 4.59984E-5 2.20781E-5 2.5145E-5 2.13099E-5 1.61795E-5 2.62733E-5 3.58865E-5 3.21555E-5 7.95693E-5 6.87172E-5 7.54541E-5 7.96836E-5 1.30877E-4 6.2575E-4 5.18746E-4 6.05979E-4 6.98288E-4 6.60846E-4 5.1934E-4 4.43802E-4 5.92234E-4 6.16996E-4 3.99342E-4 4.61629E-4 4.4559E-4 4.17734E-4 4.1091E-4 7.0373E-4 5.89793E-4 4.14963E-4 4.71011E-4 4.40074E-4 4.4581E-4 3.78423E-4 4.7303E-4
-9999 -9999 -9999 -9999 -9999 -9999 -9999 -9999 -9999 2.24281E-6 2.82402E-6 2.65057E-6 2.21796E-6 7.48855E-6 8.73256E-6 4.57134E-6 5.51775E-6 1.84623E-5 5.94077E-5 4.97867E-5 2.50737E-5 2.00761E-5 2.89796E-5 4.20816E-5 5.33659E-5 5.96902E-5 6.29703E-5 3.36683E-5 1.92798E-5 1.56428E-5 3.04193E-5 1.11843E-5 6.48342E-5 2.52765E-5 6.69514E-5 1.0256E-4 1.62327E-4 8.27678E-5 9.54412E-5 4.12303E-4 6.15108E-4 5.69246E-4 5.37748E-4 5.74388E-4 5.14544E-4 3.58539E-4 3.7021E-4 6.00535E-4 4.34943E-4 5.15436E-4 5.89206E-4 4.25926E-4 5.03888E-4 5.36523E-4 6.09938E-4 5.06468E-4 3.65337E-4 3.79781E-4 4.48171E-4 4.21097E-4 4.90961E-4
-9999 -9999 -9999 -9999 -9999 -9999 -9999 -9999 -9999 -9999 2.70155E-6 1.45517E-6 1.57842E-6 1.14051E-5 2.47377E-5 4.33736E-6 4.89504E-6 1.00392E-5 4.39626E-5 3.04136E-5 2.33826E-5 1.3151E-5 2.22236E-5 9.57954E-5 6.52627E-5 6.42741E-5 4.33315E-5 2.28239E-5 1.82257E-5 1.68362E-5 1.99228E-5 1.75014E-5 2.29725E-5 3.01945E-5 3.42831E-5 7.54796E-5 1.15441E-4 1.0193E-4 1.91256E-4 4.3514E-4 4.7647E-4 5.25493E-4 5.67349E-4 5.53784E-4 3.15099E-4 2.78961E-4 2.88316E-4 4.31076E-4 4.04463E-4 4.27439E-4 6.50185E-4 6.07184E-4 5.44608E-4 6.55105E-4 4.40545E-4 5.19531E-4 5.95337E-4 3.89905E-4 4.40781E-4 5.24025E-4 4.55033E-4
-9999 -9999 -9999 -9999 -9999 -9999 -9999 -9999 -9999 -9999 3.29771E-6 1.65555E-6 2.48046E-6 5.65047E-6 2.98058E-5 1.05782E-5 3.49968E-6 4.41138E-6 2.04226E-5 2.02368E-5 1.949E-5 2.36132E-5 2.11568E-5 3.49466E-5 9.94272E-5 1.56301E-4 1.19268E-4 4.56978E-5 4.30879E-5 2.5056E-5 1.11016E-5 2.0479E-5 3.95233E-5 4.2835E-5 2.60625E-5 5.22761E-5 7.43056E-5 9.00964E-5 1.03719E-4 5.34977E-4 5.20723E-4 5.86114E-4 6.49611E-4 7.52496E-4 5.53902E-4 3.4603E-4 2.63609E-4 2.78751E-4 3.78755E-4 3.58906E-4 4.52653E-4 5.04281E-4 5.29717E-4 5.72526E-4 5.22693E-4 4.39067E-4 5.38867E-4 5.52768E-4 5.5177E-4 4.29729E-4 4.30999E-4
