Candidate_Models_Sept202022/M_6_F_lqp_Set_1_all/Bison.asc
ncols         97
nrows         127
xllcorner     -2197417.7431653
yllcorner     -584827.01486885
cellsize      30000.0
NODATA_value  -9999
[rows 0 to 26 of 127, columns 0 to 60 of 97]
-9999 -9999 -9999 -9999 -9999 -9999 -9999 -9999 -9999 -9999 -9999 -9999 -9999 -9999 -9999 -9999 -9999 -9999 -9999 -9999 -9999 -9999 -9999 -9999 -9999 -9999 -9999 -9999 -9999 -9999 -9999 -9999 -9999 -9999 -9999 -9999 -9999 -9999 -9999 -9999 -9999 -9999 -9999 -9999 -9999 -9999 -9999 -9999 -9999 -9999 -9999 -9999 -9999 -9999 -9999 -9999 -9999 -9999 -9999 -9999 -9999
-9999 -9999 -9999 -9999 -9999 -9999 -9999 -9999 -9999 -9999 -9999 -9999 -9999 -9999 -9999 -9999 -9999 -9999 -9999 -9999 -9999 -9999 -9999 -9999 -9999 -9999 -9999 -9999 -9999 -9999 -9999 -9999 -9999 -9999 -9999 -9999 -9999 -9999 -9999 -9999 -9999 -9999 -9999 -9999 -9999 -9999 -9999 -9999 -9999 -9999 -9999 -9999 -9999 -9999 -9999 -9999 -9999 -9999 -9999 -9999 -9999
-9999 -9999 -9999 -9999 -9999 -9999 -9999 -9999 -9999 -9999 -9999 -9999 -9999 -9999 -9999 -9999 -9999 -9999 -9999 -9999 -9999 -9999 -9999 -9999 -9999 -9999 -9999 -9999 -9999 -9999 -9999 -9999 -9999 -9999 -9999 -9999 -9999 -9999 -9999 -9999 -9999 -9999 -9999 -9999 -9999 -9999 -9999 -9999 -9999 -9999 -9999 -9999 -9999 -9999 -9999 -9999 -9999 -9999 -9999 -9999 -9999
-9999 -9999 -9999 -9999 -9999 -9999 -9999 -9999 -9999 -9999 -9999 -9999 -9999 -9999 -9999 -9999 -9999 -9999 -9999 1.87294E-5 1.76833E-5 1.28426E-5 1.37458E-5 -9999 -9999 -9999 -9999 -9999 -9999 -9999 -9999 -9999 -9999 -9999 -9999 -9999 -9999 -9999 -9999 -9999 -9999 -9999 -9999 -9999 -9999 -9999 -9999 -9999 -9999 -9999 -9999 -9999 -9999 -9999 -9999 -9999 -9999 -9999 -9999 -9999 -9999
-9999 -9999 -9999 -9999 -9999 -9999 -9999 -9999 -9999 -9999 -9999 -9999 -9999 -9999 -9999 -9999 -9999 -9999 1.80705E-5 1.57748E-5 1.48074E-5 1.6282E-5 1.46042E-5 1.15399E-5 1.0393E-5 -9999 -9999 -9999 -9999 -9999 -9999 -9999 -9999 -9999 -9999 -9999 -9999 -9999 -9999 -9999 -9999 -9999 -9999 -9999 -9999 -9999 -9999 -9999 -9999 -9999 -9999 -9999 -9999 -9999 -9999 -9999 -9999 -9999 -9999 -9999 -9999
-9999 -9999 -9999 -9999 -9999 -9999 -9999 -9999 -9999 -9999 -9999 -9999 -9999 -9999 -9999 -9999 -9999 -9999 1.21726E-5 1.21246E-5 1.38453E-5 1.46495E-5 1.26834E-5 1.05131E-5 1.04282E-5 -9999 -9999 -9999 -9999 -9999 -9999 -9999 -9999 -9999 -9999 -9999 -9999 -9999 -9999 -9999 -9999 -9999 -9999 -9999 -9999 -9999 -9999 -9999 -9999 -9999 -9999 -9999 -9999 -9999 -9999 -9999 -9999 -9999 -9999 -9999 -9999
-9999 -9999 -9999 -9999 -9999 -9999 -9999 -9999 -9999 -9999 -9999 -9999 -9999 -9999 -9999 -9999 -9999 1.11667E-5 9.81549E-6 7.73072E-6 8.22452E-6 1.06843E-5 1.16331E-5 1.08948E-5 1.1563E-5 1.15405E-5 -9999 1.19636E-5 1.07644E-5 1.1046E-5 -9999 -9999 -9999 -9999 -9999 -9999 -9999 -9999 8.81092E-6 -9999 -9999 -9999 -9999 -9999 -9999 -9999 -9999 -9999 -9999 -9999 -9999 -9999 -9999 -9999 -9999 -9999 -9999 -9999 -9999 -9999 -9999
-9999 -9999 -9999 -9999 -9999 -9999 -9999 -9999 -9999 -9999 -9999 -9999 -9999 -9999 -9999 -9999 1.972E-5 1.63242E-5 8.47486E-6 5.26607E-6 5.9238E-6 7.92735E-6 1.10114E-5 1.05336E-5 1.13909E-5 1.12016E-5 1.08622E-5 1.10273E-5 1.00008E-5 9.9899E-6 1.00238E-5 1.00087E-5 9.40029E-6 9.18823E-6 9.40238E-6 9.69929E-6 9.95449E-6 -9999 8.40818E-6 8.11958E-6 -9999 -9999 -9999 -9999 -9999 -9999 -9999 -9999 -9999 -9999 -9999 -9999 -9999 -9999 -9999 -9999 -9999 -9999 -9999 -9999 -9999
-9999 -9999 -9999 -9999 -9999 -9999 -9999 -9999 -9999 -9999 -9999 -9999 -9999 -9999 -9999 5.09851E-6 7.37157E-6 7.77955E-6 7.36473E-6 5.20943E-6 5.3251E-6 6.97513E-6 1.06474E-5 1.14206E-5 1.10706E-5 9.80337E-6 9.29027E-6 9.20535E-6 8.80848E-6 8.79474E-6 8.88563E-6 8.94501E-6 8.76625E-6 8.43912E-6 9.21064E-6 1.07934E-5 1.02848E-5 1.03146E-5 8.69806E-6 8.63548E-6 -9999 -9999 -9999 -9999 -9999 -9999 -9999 -9999 -9999 -9999 -9999 -9999 -9999 -9999 -9999 -9999 -9999 -9999 -9999 -9999 -9999
-9999 -9999 -9999 -9999 -9999 -9999 -9999 -9999 -9999 -9999 -9999 -9999 -9999 -9999 -9999 6.58399E-6 8.06747E-6 6.36152E-6 4.9648E-6 4.93374E-6 5.14197E-6 7.32561E-6 1.202E-5 1.39386E-5 1.24475E-5 9.24571E-6 8.35631E-6 8.37913E-6 7.90323E-6 8.20916E-6 8.46713E-6 8.79112E-6 8.24424E-6 8.13345E-6 1.00098E-5 1.20135E-5 1.27865E-5 1.2004E-5 1.00091E-5 -9999 -9999 -9999 8.61999E-6 -9999 -9999 -9999 -9999 -9999 -9999 -9999 -9999 -9999 -9999 -9999 -9999 -9999 -9999 -9999 -9999 -9999 -9999
-9999 -9999 -9999 -9999 -9999 -9999 -9999 -9999 -9999 -9999 -9999 -9999 -9999 -9999 1.03493E-5 8.13444E-6 9.96748E-6 9.31555E-6 9.23185E-6 7.0512E-6 6.27846E-6 7.88037E-6 1.25451E-5 1.29063E-5 1.38685E-5 7.14798E-6 7.98254E-6 8.23151E-6 7.79279E-6 8.28684E-6 8.31703E-6 8.49506E-6 8.00714E-6 8.55508E-6 1.09543E-5 1.29319E-5 1.29886E-5 1.17414E-5 9.2443E-6 -9999 -9999 9.21844E-6 -9999 -9999 -9999 -9999 -9999 -9999 -9999 -9999 -9999 -9999 -9999 -9999 -9999 -9999 -9999 -9999 -9999 -9999 -9999
-9999 -9999 -9999 -9999 -9999 -9999 -9999 -9999 -9999 -9999 -9999 -9999 -9999 7.94538E-6 8.32168E-6 6.27824E-6 9.14821E-6 1.13845E-5 1.36301E-5 2.4291E-5 8.98703E-6 1.16577E-5 9.31602E-6 1.45218E-5 8.36936E-6 6.23103E-6 7.20293E-6 7.25683E-6 7.63247E-6 8.39751E-6 8.36404E-6 7.81665E-6 7.94325E-6 9.21341E-6 1.04401E-5 1.15547E-5 1.26195E-5 1.23805E-5 9.38044E-6 8.86703E-6 8.9234E-6 9.24072E-6 -9999 1.0578E-5 1.08076E-5 -9999 -9999 -9999 -9999 -9999 -9999 -9999 -9999 -9999 -9999 -9999 -9999 -9999 -9999 -9999 -9999
-9999 -9999 -9999 -9999 -9999 -9999 -9999 -9999 -9999 -9999 -9999 -9999 -9999 8.0172E-6 7.02251E-6 8.03374E-6 1.28772E-5 9.40909E-6 3.30373E-5 1.97997E-5 1.39082E-5 9.37756E-6 1.27348E-5 1.33547E-5 7.30752E-6 6.60753E-6 6.82895E-6 7.33723E-6 7.74926E-6 7.85736E-6 7.3156E-6 7.24319E-6 7.27491E-6 7.77928E-6 8.25065E-6 7.95265E-6 1.12527E-5 1.02115E-5 8.65116E-6 8.20029E-6 8.51223E-6 9.96443E-6 1.01817E-5 1.1309E-5 1.18069E-5 1.21382E-5 -9999 -9999 -9999 -9999 -9999 -9999 -9999 -9999 -9999 -9999 -9999 -9999 -9999 -9999 -9999
-9999 -9999 -9999 -9999 -9999 -9999 -9999 -9999 -9999 -9999 -9999 -9999 1.98815E-5 2.74868E-5 1.13024E-5 1.59661E-5 1.42906E-5 1.34502E-5 6.5229E-6 1.43048E-5 1.42337E-5 1.26603E-5 1.53751E-5 8.58838E-6 5.84651E-6 6.55331E-6 6.78817E-6 7.37915E-6 7.2528E-6 6.62712E-6 6.72918E-6 6.88187E-6 7.03162E-6 7.01885E-6 7.06733E-6 7.77808E-6 8.31461E-6 8.90851E-6 8.88304E-6 8.53794E-6 8.66998E-6 9.03817E-6 9.9511E-6 1.12962E-5 1.18508E-5 1.21448E-5 1.23497E-5 -9999 -9999 -9999 7.45615E-6 6.79338E-6 -9999 -9999 -9999 -9999 -9999 -9999 -9999 -9999 -9999
-9999 -9999 -9999 -9999 -9999 -9999 -9999 -9999 -9999 -9999 -9999 8.21915E-6 9.32698E-6 2.34189E-5 1.46644E-5 1.14039E-5 8.727E-6 2.71512E-5 1.54406E-5 1.29838E-5 1.29261E-5 2.11282E-5 1.32906E-5 5.96824E-6 5.97443E-6 6.41761E-6 6.24417E-6 7.4902E-6 7.38138E-6 7.34784E-6 6.54892E-6 6.22108E-6 6.78305E-6 7.04716E-6 7.04222E-6 7.55478E-6 8.24165E-6 8.89549E-6 8.81847E-6 9.21049E-6 9.14025E-6 9.56267E-6 1.03606E-5 1.14892E-5 1.20592E-5 1.22266E-5 1.14645E-5 1.01883E-5 -9999 -9999 -9999 7.25534E-6 6.88247E-6 -9999 -9999 -9999 -9999 -9999 -9999 -9999 -9999
-9999 -9999 -9999 -9999 -9999 -9999 -9999 -9999 -9999 -9999 -9999 7.53347E-6 5.87675E-6 9.98216E-6 1.2783E-5 1.05981E-5 6.8767E-6 1.28561E-5 1.05573E-5 1.92805E-5 1.48187E-5 1.87152E-5 1.03455E-5 5.83976E-6 6.58498E-6 6.83256E-6 7.23699E-6 6.86859E-6 6.40833E-6 6.36592E-6 6.44281E-6 6.51176E-6 6.76237E-6 6.77499E-6 6.83776E-6 7.63403E-6 8.44762E-6 9.08737E-6 9.38615E-6 9.44725E-6 9.35197E-6 1.0106E-5 1.08185E-5 1.12456E-5 1.09373E-5 1.14203E-5 1.07617E-5 1.03181E-5 9.96338E-6 -9999 -9999 7.86692E-6 7.55449E-6 7.02623E-6 7.05912E-6 -9999 -9999 -9999 -9999 -9999 -9999
-9999 -9999 -9999 -9999 -9999 -9999 -9999 -9999 -9999 -9999 1.48908E-5 6.3508E-6 1.31488E-5 1.06065E-5 1.01708E-5 8.8359E-6 7.84465E-6 6.85044E-6 7.84341E-6 2.67723E-5 2.22782E-5 1.81056E-5 1.30587E-5 9.37637E-6 6.65088E-6 7.21777E-6 8.045E-6 8.11074E-6 6.86185E-6 6.68853E-6 5.94375E-6 6.23421E-6 5.95619E-6 6.6094E-6 6.99531E-6 7.8917E-6 8.69255E-6 9.38093E-6 9.28519E-6 9.58313E-6 1.01766E-5 1.05844E-5 1.08454E-5 1.07472E-5 1.02395E-5 1.02046E-5 1.0416E-5 1.06413E-5 1.03491E-5 9.55732E-6 8.82579E-6 9.60693E-6 -9999 -9999 7.05992E-6 6.60136E-6 -9999 -9999 -9999 -9999 -9999
-9999 -9999 -9999 -9999 -9999 -9999 -9999 -9999 -9999 1.06241E-5 2.83897E-5 9.64289E-6 1.20385E-5 1.19045E-5 1.10387E-5 9.63728E-6 7.90513E-6 8.7106E-6 8.44231E-6 9.3679E-6 8.88897E-6 1.17104E-5 1.7943E-5 8.36302E-6 7.29597E-6 7.57094E-6 8.31488E-6 8.80303E-6 8.23088E-6 6.65338E-6 6.1832E-6 5.95073E-6 6.2231E-6 6.05512E-6 6.9945E-6 8.40003E-6 8.47557E-6 9.12537E-6 9.48722E-6 9.79948E-6 1.0583E-5 1.10448E-5 1.14753E-5 1.08355E-5 1.06966E-5 1.03543E-5 1.05657E-5 1.06906E-5 1.0298E-5 9.55956E-6 9.37604E-6 9.63904E-6 9.53552E-6 -9999 6.85817E-6 6.66559E-6 6.30413E-6 5.84584E-6 -9999 -9999 -9999
-9999 -9999 -9999 -9999 -9999 -9999 -9999 -9999 2.22928E-5 1.41213E-5 1.24825E-5 6.44094E-6 3.61615E-6 1.05463E-5 1.84681E-5 1.53907E-5 1.37479E-5 1.03029E-5 1.13146E-5 8.0758E-6 7.47754E-6 1.10324E-5 1.30256E-5 5.72402E-6 7.86494E-6 7.96775E-6 9.09608E-6 8.92951E-6 7.7844E-6 7.09999E-6 5.89573E-6 6.0829E-6 6.49495E-6 7.06085E-6 7.49617E-6 8.83491E-6 9.12577E-6 8.85299E-6 9.63028E-6 9.9393E-6 1.13728E-5 1.18677E-5 1.16424E-5 1.12923E-5 1.06458E-5 1.0624E-5 1.10636E-5 1.09232E-5 1.02905E-5 9.86977E-6 9.76337E-6 9.99643E-6 9.85772E-6 9.69129E-6 7.23876E-6 6.8811E-6 6.25524E-6 5.85818E-6 5.38723E-6 5.15335E-6 4.97134E-6
-9999 -9999 -9999 -9999 -9999 -9999 -9999 -9999 8.74895E-6 8.99934E-6 4.67516E-6 3.04482E-6 4.87643E-6 1.26954E-5 1.98774E-5 2.53738E-5 1.66911E-5 1.66527E-5 1.74718E-5 1.12727E-5 1.04994E-5 9.74029E-6 9.35033E-6 8.48421E-6 8.52195E-6 7.5668E-6 8.93743E-6 8.40542E-6 7.87904E-6 7.42565E-6 6.00263E-6 5.98283E-6 6.7967E-6 8.03825E-6 8.82478E-6 8.8851E-6 1.00734E-5 8.86838E-6 1.04043E-5 1.02404E-5 1.25771E-5 1.24585E-5 1.21015E-5 1.16968E-5 1.14823E-5 1.16166E-5 1.164E-5 1.13242E-5 1.08922E-5 1.03909E-5 1.03546E-5 1.04678E-5 1.0472E-5 9.85378E-6 -9999 7.26857E-6 6.68733E-6 6.24165E-6 5.10994E-6 5.3083E-6 4.86013E-6
-9999 -9999 -9999 -9999 -9999 -9999 -9999 6.16713E-6 6.56778E-6 1.41445E-5 1.24416E-5 4.30574E-6 5.61007E-6 7.7223E-6 1.4739E-5 2.48034E-5 1.90991E-5 1.84065E-5 1.98544E-5 1.64013E-5 1.37049E-5 1.14844E-5 1.55219E-5 1.21738E-5 1.08218E-5 8.81325E-6 8.23273E-6 1.02918E-5 1.03603E-5 7.92695E-6 7.47925E-6 7.09726E-6 7.94287E-6 8.13138E-6 8.95828E-6 1.23315E-5 1.06692E-5 1.0127E-5 1.07822E-5 1.08292E-5 1.24355E-5 1.25907E-5 1.25135E-5 1.23577E-5 1.26289E-5 1.25826E-5 1.22E-5 1.15592E-5 1.11607E-5 1.08568E-5 1.074E-5 1.10653E-5 -9999 -9999 -9999 -9999 -9999 -9999 -9999 -9999 -9999
-9999 -9999 -9999 -9999 -9999 -9999 1.72485E-5 1.49056E-5 1.0677E-5 6.2548E-6 1.39266E-5 3.31753E-5 7.41081E-6 1.71971E-5 5.66809E-6 1.46735E-5 2.31746E-5 2.59446E-5 2.26228E-5 2.44669E-5 1.96215E-5 1.35912E-5 1.64845E-5 2.27062E-5 1.62095E-5 1.73579E-5 1.17821E-5 9.63191E-6 1.00008E-5 6.90001E-6 1.03834E-5 1.367E-5 8.20065E-6 9.13731E-6 8.98516E-6 1.3126E-5 1.09685E-5 1.11734E-5 1.12203E-5 1.12782E-5 1.26101E-5 1.29902E-5 1.31271E-5 1.37031E-5 1.36184E-5 1.30336E-5 1.26325E-5 1.1804E-5 1.13867E-5 1.10131E-5 1.14915E-5 1.15976E-5 1.02186E-5 9.27298E-6 -9999 -9999 -9999 -9999 -9999 -9999 -9999
-9999 -9999 -9999 -9999 -9999 -9999 1.47747E-5 1.41246E-5 7.45948E-6 5.93805E-6 5.26844E-6 3.88925E-5 1.18498E-5 1.37631E-5 1.0217E-5 1.71465E-5 1.68947E-5 2.13713E-5 1.47333E-5 2.25377E-5 2.69474E-5 2.01682E-5 1.93104E-5 2.35628E-5 2.07874E-5 1.89775E-5 1.64391E-5 1.16301E-5 8.20135E-6 7.52494E-6 7.01788E-6 1.24217E-5 8.69212E-6 1.18332E-5 1.24245E-5 1.31721E-5 1.15226E-5 1.30749E-5 1.30405E-5 1.24438E-5 1.26983E-5 1.4419E-5 1.4679E-5 1.56069E-5 1.48677E-5 1.28399E-5 1.27411E-5 1.266E-5 1.15847E-5 1.13975E-5 1.0899E-5 1.05703E-5 9.45982E-6 8.69463E-6 8.21953E-6 7.37679E-6 6.52045E-6 5.9851E-6 6.10872E-6 5.98807E-6 5.08631E-6
-9999 -9999 -9999 -9999 -9999 1.21427E-5 8.20342E-6 8.07931E-6 8.19378E-6 2.17545E-5 1.75854E-5 1.09743E-5 6.64988E-6 1.0903E-5 7.3761E-6 6.5562E-6 6.66521E-6 1.82176E-5 1.07404E-5 1.33882E-5 2.39671E-5 2.36429E-5 2.49493E-5 2.8569E-5 2.35994E-5 2.02422E-5 2.19833E-5 1.31112E-5 6.50161E-6 7.23319E-6 8.6255E-6 1.04037E-5 1.32177E-5 1.33509E-5 1.79624E-5 1.48755E-5 1.33167E-5 -9999 -9999 1.8412E-5 -9999 -9999 -9999 1.50497E-5 1.34113E-5 1.25261E-5 1.31776E-5 1.25616E-5 1.14343E-5 1.11774E-5 1.05518E-5 9.70865E-6 8.95207E-6 8.33984E-6 7.76081E-6 6.91462E-6 6.52332E-6 6.08859E-6 6.08463E-6 5.73087E-6 5.51645E-6
-9999 -9999 -9999 -9999 2.99082E-5 9.71578E-6 1.14319E-5 9.57398E-6 1.04166E-5 9.86298E-6 4.54272E-6 7.25693E-6 1.60493E-5 1.15385E-5 7.33062E-6 8.3156E-6 1.1248E-5 9.94704E-6 8.23642E-6 1.04662E-5 1.70151E-5 1.66313E-5 1.80548E-5 3.22809E-5 2.19495E-5 3.07955E-5 2.32886E-5 2.07135E-5 1.6775E-5 8.21115E-6 8.37464E-6 1.4228E-5 1.45618E-5 1.08498E-5 1.67835E-5 1.21037E-5 1.16776E-5 1.41815E-5 1.41382E-5 1.37752E-5 1.76276E-5 -9999 1.85871E-5 1.65316E-5 1.38514E-5 1.30612E-5 1.32878E-5 1.14688E-5 1.11965E-5 1.18231E-5 1.12022E-5 1.00567E-5 9.38231E-6 8.56664E-6 7.38489E-6 6.59713E-6 6.02468E-6 5.93287E-6 5.56468E-6 5.41313E-6 5.27695E-6
-9999 -9999 -9999 2.30639E-5 3.54022E-5 1.98934E-5 8.81229E-6 1.23765E-5 1.10833E-5 6.79085E-6 7.88571E-6 8.10835E-6 2.12417E-5 1.34361E-5 1.49443E-5 6.39102E-6 1.06657E-5 1.45285E-5 1.26921E-5 1.57021E-5 1.28454E-5 7.87212E-6 2.05545E-5 2.6414E-5 3.0249E-5 2.83722E-5 2.47999E-5 1.91222E-5 1.9127E-5 1.70184E-5 1.06127E-5 1.32232E-5 1.32051E-5 9.22048E-6 1.23376E-5 1.47804E-5 1.28309E-5 1.33481E-5 1.28287E-5 1.30742E-5 1.60139E-5 1.77932E-5 -9999 -9999 1.4153E-5 1.45618E-5 1.32357E-5 1.12332E-5 1.16029E-5 1.14421E-5 1.32795E-5 1.03731E-5 9.58338E-6 8.9713E-6 7.94189E-6 6.7266E-6 6.32652E-6 5.93953E-6 5.81233E-6 5.65137E-6 5.69281E-6
-9999 -9999 -9999 6.23619E-5 3.54765E-5 2.02621E-5 8.64962E-6 2.15988E-5 6.36441E-5 1.40514E-5 1.9475E-5 1.43501E-5 1.02035E-5 9.50535E-6 3.38827E-5 1.10951E-5 1.6343E-5 2.70875E-5 2.09548E-5 1.18935E-5 1.34363E-5 1.00128E-5 1.14872E-5 1.95909E-5 2.78822E-5 2.71964E-5 2.52462E-5 2.53186E-5 2.44182E-5 2.13371E-5 1.8515E-5 1.11125E-5 1.78076E-5 1.27466E-5 1.37427E-5 1.45426E-5 1.40782E-5 1.40265E-5 1.31176E-5 1.42346E-5 -9999 -9999 -9999 -9999 -9999 1.24522E-5 1.23091E-5 1.10213E-5 1.09766E-5 1.02757E-5 1.16192E-5 1.38358E-5 9.40719E-6 9.08882E-6 7.27044E-6 6.30113E-6 6.56937E-6 6.88856E-6 7.47077E-6 7.22359E-6 7.6167E-6
