Candidate_Models_Sept202022/M_6_F_lqp_Set_1_all/Bison.asc
ncols         97
nrows         127
xllcorner     -2197417.7431653
yllcorner     -584827.01486885
cellsize      30000.0
NODATA_value  -9999
[rows 27 to 53 of 127, columns 0 to 60 of 97]
-9999 -9999 8.06916E-5 8.17406E-5 6.07667E-5 2.683E-5 1.14549E-5 2.0378E-5 7.04176E-5 1.88974E-5 2.80239E-5 3.00826E-5 1.60009E-5 1.22947E-5 1.18379E-5 1.53115E-5 9.14694E-6 1.27262E-5 1.70671E-5 1.24674E-5 7.87927E-6 1.18551E-5 1.38715E-5 1.77802E-5 2.55912E-5 1.78959E-5 2.27093E-5 2.20144E-5 2.65315E-5 2.34491E-5 1.76058E-5 1.19818E-5 1.49963E-5 1.22175E-5 1.09579E-5 1.12827E-5 2.01984E-5 1.31908E-5 1.60179E-5 1.35799E-5 1.415E-5 2.35588E-5 1.68465E-5 2.84125E-5 1.84941E-5 1.4066E-5 1.01518E-5 1.07492E-5 9.61941E-6 9.47242E-6 9.84239E-6 1.07063E-5 9.74054E-6 9.49789E-6 7.76777E-6 6.66016E-6 6.54205E-6 6.10145E-6 6.39616E-6 6.43382E-6 8.80417E-6
-9999 1.15112E-4 6.88866E-5 7.91795E-5 5.82065E-5 4.56464E-5 1.78118E-5 2.08166E-5 2.25646E-5 1.73355E-5 2.48901E-5 2.14465E-5 1.15578E-5 1.25578E-5 1.848E-5 1.22923E-5 2.06824E-5 1.76259E-5 1.5691E-5 1.79535E-5 4.55409E-5 2.02182E-5 9.59392E-6 1.48819E-5 2.35338E-5 2.02386E-5 1.9729E-5 1.81771E-5 1.83302E-5 2.04486E-5 1.74745E-5 9.05796E-6 1.95703E-5 1.19726E-5 1.19818E-5 1.52441E-5 2.04591E-5 2.09648E-5 1.62375E-5 1.33229E-5 1.4174E-5 1.46618E-5 1.34217E-5 1.33305E-5 1.39856E-5 1.20391E-5 1.08295E-5 1.06538E-5 9.84245E-6 9.52469E-6 9.33071E-6 1.24722E-5 9.22883E-6 8.81779E-6 7.89136E-6 6.93919E-6 6.54423E-6 6.19941E-6 6.44708E-6 6.89303E-6 6.24784E-6
-9999 9.89957E-5 1.04463E-4 1.071E-4 1.02552E-4 5.13316E-5 2.61215E-5 2.42158E-5 4.23591E-5 2.97405E-5 2.85401E-5 2.8685E-5 1.39497E-5 1.43317E-5 1.44955E-5 1.53659E-5 9.08686E-6 1.57303E-5 3.15279E-5 3.99914E-5 1.09199E-5 8.0642E-6 1.2113E-5 1.14954E-5 2.69484E-5 2.62184E-5 2.61621E-5 2.21226E-5 2.21787E-5 2.67535E-5 1.56855E-5 8.18613E-6 1.0838E-5 1.2995E-5 1.16836E-5 1.26241E-5 2.01592E-5 2.2939E-5 2.03015E-5 1.48872E-5 1.78439E-5 1.54208E-5 1.93893E-5 1.27528E-5 1.16929E-5 1.07477E-5 1.09821E-5 1.02859E-5 9.8838E-6 8.9459E-6 8.17028E-6 8.92403E-6 8.66515E-6 8.75905E-6 7.67625E-6 7.27045E-6 6.7948E-6 6.49713E-6 6.29674E-6 6.70397E-6 6.43689E-6
8.24593E-5 1.12352E-4 8.99155E-5 8.89219E-5 8.68342E-5 7.16346E-5 5.02714E-5 2.54534E-5 3.74496E-5 2.61716E-5 3.39365E-5 2.92411E-5 1.79494E-5 2.19088E-5 1.63014E-5 1.17359E-5 1.55306E-5 1.84436E-5 1.83294E-5 1.69123E-5 1.74008E-5 9.42931E-6 1.14501E-5 2.34567E-5 2.59163E-5 1.95799E-5 1.92265E-5 1.99732E-5 2.5183E-5 2.1609E-5 1.72311E-5 1.69888E-5 7.97291E-6 1.44094E-5 1.67111E-5 1.5423E-5 2.24153E-5 1.96386E-5 1.92088E-5 1.49465E-5 1.44937E-5 1.24283E-5 1.78126E-5 1.57413E-5 1.18192E-5 9.95871E-6 9.68063E-6 9.69706E-6 9.97358E-6 9.50578E-6 8.77025E-6 9.38969E-6 9.2752E-6 9.3004E-6 8.44245E-6 7.91107E-6 7.06473E-6 6.71612E-6 6.5143E-6 6.80472E-6 6.76096E-6
3.47707E-5 6.71325E-5 9.6292E-5 1.08256E-4 8.9559E-5 8.90779E-5 3.94023E-5 3.00692E-5 2.5849E-5 2.9061E-5 3.8963E-5 2.39757E-5 2.24625E-5 2.74754E-5 1.65883E-5 2.40876E-5 1.36932E-5 1.59451E-5 1.66519E-5 1.53945E-5 1.60822E-5 2.01315E-5 1.06143E-5 1.65969E-5 2.01183E-5 2.62426E-5 2.24611E-5 2.92483E-5 2.77302E-5 2.52749E-5 1.28989E-5 7.76352E-6 1.46547E-5 1.35778E-5 1.01565E-5 1.88237E-5 1.48136E-5 1.81081E-5 1.71099E-5 1.58426E-5 1.4718E-5 1.46426E-5 1.4735E-5 1.41031E-5 1.1567E-5 9.80752E-6 8.91707E-6 9.46476E-6 9.50623E-6 9.24497E-6 8.90713E-6 9.50197E-6 9.33712E-6 9.42571E-6 8.82447E-6 8.09936E-6 7.44488E-6 7.30338E-6 6.85774E-6 7.01999E-6 6.79112E-6
2.56142E-5 4.46629E-5 8.57938E-5 1.63009E-4 1.05119E-4 1.01556E-4 5.0902E-5 2.36661E-5 2.16989E-5 2.66509E-5 2.78917E-5 2.62627E-5 2.51709E-5 1.57167E-5 1.19213E-5 1.22744E-5 2.30034E-5 7.63608E-6 1.15584E-5 1.4552E-5 1.7513E-5 1.43408E-5 1.10696E-5 1.96439E-5 2.35223E-5 1.99134E-5 2.1621E-5 3.81852E-5 2.22883E-5 1.41386E-5 1.40881E-5 1.34714E-5 1.96661E-5 1.73927E-5 7.5376E-6 1.07381E-5 2.32802E-5 1.6055E-5 1.42339E-5 1.7379E-5 1.22989E-5 1.88827E-5 1.4537E-5 2.07313E-5 1.63238E-5 1.0303E-5 9.33678E-6 8.35833E-6 1.01717E-5 9.39268E-6 9.36595E-6 9.2219E-6 9.44734E-6 9.33604E-6 9.04606E-6 7.92408E-6 7.78462E-6 7.63543E-6 7.61055E-6 7.11102E-6 6.96752E-6
-9999 3.35915E-5 4.04679E-5 6.43771E-5 9.28245E-5 8.15113E-5 5.0654E-5 2.48081E-5 2.03155E-5 1.48258E-5 2.57466E-5 2.67847E-5 2.00798E-5 1.73051E-5 1.72287E-5 8.74606E-6 1.21051E-5 1.01889E-5 9.91995E-6 1.32255E-5 1.76164E-5 2.16542E-5 1.03871E-5 1.51181E-5 1.46697E-5 2.56145E-5 2.14319E-5 4.11857E-5 3.1101E-5 2.72809E-5 1.9944E-5 1.01845E-5 1.73659E-5 1.42839E-5 7.73408E-6 1.72314E-5 1.97811E-5 1.63177E-5 1.51234E-5 2.16561E-5 1.44702E-5 1.2208E-5 1.58316E-5 1.53127E-5 1.54562E-5 9.36445E-6 9.91253E-6 9.32774E-6 8.89524E-6 9.583E-6 9.86034E-6 9.46726E-6 9.53933E-6 9.86012E-6 9.18878E-6 8.81073E-6 9.339E-6 7.93354E-6 7.71931E-6 7.15711E-6 7.33342E-6
-9999 -9999 2.06028E-5 4.42036E-5 6.31843E-5 5.00368E-5 2.73178E-5 1.66763E-5 2.79296E-5 3.02149E-5 2.88691E-5 3.92143E-5 1.73215E-5 1.51168E-5 1.90308E-5 9.25216E-6 1.0304E-5 1.01785E-5 1.26212E-5 1.4406E-5 1.89218E-5 1.16109E-5 1.02876E-5 1.81617E-5 3.2148E-5 1.78159E-5 1.29671E-5 4.51187E-5 2.90265E-5 3.08908E-5 1.50963E-5 9.45399E-6 1.99455E-5 1.20064E-5 1.41452E-5 1.48367E-5 1.93648E-5 1.4799E-5 2.01262E-5 2.34732E-5 1.34553E-5 1.41193E-5 1.6048E-5 1.58908E-5 1.2395E-5 9.70808E-6 9.24265E-6 9.16154E-6 8.98855E-6 1.1034E-5 9.54602E-6 1.01346E-5 1.00214E-5 9.97199E-6 9.78774E-6 8.96227E-6 9.98462E-6 8.18973E-6 8.08886E-6 7.91323E-6 7.66068E-6
-9999 -9999 2.42496E-5 3.20242E-5 5.50347E-5 3.46654E-5 2.58394E-5 2.80557E-5 4.19328E-5 3.40169E-5 3.70036E-5 2.35519E-5 1.42781E-5 1.07882E-5 1.27116E-5 1.45479E-5 1.42117E-5 1.52916E-5 1.33891E-5 1.97442E-5 2.27347E-5 1.57723E-5 9.73824E-6 1.43772E-5 2.39539E-5 3.45518E-5 2.00247E-5 4.14295E-5 4.83464E-5 2.92273E-5 2.22265E-5 1.25347E-5 1.26732E-5 8.40536E-6 8.54383E-6 1.54071E-5 2.29275E-5 1.78666E-5 2.31367E-5 2.26602E-5 1.62953E-5 1.59037E-5 1.33314E-5 1.217E-5 1.08214E-5 9.6473E-6 7.93238E-6 9.68097E-6 1.13769E-5 1.31359E-5 1.03242E-5 1.00662E-5 1.04128E-5 1.07003E-5 9.94024E-6 9.51096E-6 9.16273E-6 8.92638E-6 8.93153E-6 8.56872E-6 7.88209E-6
-9999 -9999 2.15756E-5 2.11927E-5 4.36057E-5 3.04095E-5 2.41412E-5 3.96548E-5 5.12537E-5 3.6171E-5 2.69769E-5 1.18486E-5 1.84104E-5 1.5222E-5 1.66539E-5 1.52897E-5 1.79226E-5 1.78601E-5 1.63774E-5 1.38036E-5 2.45811E-5 1.8437E-5 1.13358E-5 1.55001E-5 1.3745E-5 1.34333E-5 1.26951E-5 1.30442E-5 2.98313E-5 3.19458E-5 1.78067E-5 1.19178E-5 8.71767E-6 9.5985E-6 1.24715E-5 1.40413E-5 2.12143E-5 2.15734E-5 2.0843E-5 1.77958E-5 1.78434E-5 1.36519E-5 1.32298E-5 1.26142E-5 1.10474E-5 1.00384E-5 8.54045E-6 1.10128E-5 1.06158E-5 1.26777E-5 1.08367E-5 1.08394E-5 1.10142E-5 1.06474E-5 1.00756E-5 9.70256E-6 9.51487E-6 9.2316E-6 9.82496E-6 9.0889E-6 8.56579E-6
-9999 -9999 -9999 2.01651E-5 7.51824E-5 6.33998E-5 4.36888E-5 2.47363E-5 2.47355E-5 3.12612E-5 1.82114E-5 1.5004E-5 2.16457E-5 1.86043E-5 1.44786E-5 1.38014E-5 1.76201E-5 1.59178E-5 1.8958E-5 1.34076E-5 2.09893E-5 4.18998E-5 1.29124E-5 1.72888E-5 2.28896E-5 1.46927E-5 2.53498E-5 1.4159E-5 1.49068E-5 1.79629E-5 2.1507E-5 1.61542E-5 7.68797E-6 1.31251E-5 1.45324E-5 1.43975E-5 2.00758E-5 2.19253E-5 1.55861E-5 1.695E-5 1.58582E-5 1.54832E-5 1.55694E-5 1.45496E-5 1.13682E-5 1.06311E-5 9.85275E-6 1.00366E-5 1.16349E-5 1.17296E-5 1.20483E-5 1.18603E-5 1.19923E-5 1.15545E-5 1.10136E-5 1.09384E-5 9.76791E-6 9.47402E-6 9.2827E-6 9.42146E-6 9.16485E-6
-9999 -9999 -9999 1.51602E-5 1.4142E-4 5.57164E-5 4.23385E-5 1.73308E-5 2.82599E-5 2.64459E-5 2.12195E-5 1.98392E-5 1.6846E-5 1.70686E-5 2.14071E-5 1.83238E-5 1.31463E-5 2.49326E-5 1.72979E-5 1.35952E-5 1.34735E-5 1.86259E-5 1.39122E-5 1.19457E-5 1.63231E-5 1.86184E-5 1.69098E-5 9.2722E-6 5.36226E-6 1.19324E-5 2.06317E-5 1.13019E-5 9.31574E-6 1.48167E-5 1.47415E-5 1.49001E-5 2.25244E-5 2.48552E-5 1.78598E-5 2.1995E-5 1.79796E-5 1.82582E-5 1.98158E-5 1.55663E-5 1.43397E-5 1.21402E-5 1.21686E-5 1.18986E-5 1.19417E-5 1.11014E-5 1.31552E-5 1.17148E-5 1.26302E-5 1.19312E-5 1.12958E-5 1.09305E-5 1.05967E-5 1.0024E-5 9.8246E-6 9.64445E-6 9.35824E-6
-9999 -9999 -9999 6.69584E-6 1.12628E-4 2.87821E-5 3.20337E-5 4.25733E-5 1.56415E-5 4.31078E-5 2.86154E-5 2.13298E-5 2.15386E-5 2.39048E-5 1.63451E-5 1.75297E-5 1.14707E-5 2.07664E-5 1.25062E-5 1.84546E-5 2.36464E-5 1.57786E-5 2.31096E-5 1.5131E-5 1.75075E-5 2.03265E-5 1.78184E-5 1.49405E-5 9.70789E-6 1.02541E-5 2.59041E-5 1.55749E-5 1.42746E-5 1.57607E-5 1.45791E-5 1.57056E-5 1.73904E-5 1.77365E-5 2.30571E-5 2.35357E-5 1.86623E-5 1.60006E-5 1.7555E-5 1.90515E-5 1.30298E-5 1.36089E-5 1.3402E-5 1.301E-5 1.30251E-5 1.21132E-5 1.37631E-5 1.3979E-5 1.27841E-5 1.25573E-5 1.23266E-5 1.1641E-5 1.05567E-5 1.02335E-5 1.02593E-5 1.01176E-5 1.02072E-5
-9999 -9999 -9999 -9999 3.30518E-5 2.53909E-5 1.57305E-5 1.30048E-5 1.86452E-5 5.31427E-5 3.17733E-5 2.22281E-5 2.9083E-5 1.85348E-5 1.69001E-5 3.48578E-5 3.99974E-5 1.82427E-5 1.70018E-5 1.79389E-5 1.67386E-5 1.54748E-5 1.58934E-5 1.22307E-5 1.69798E-5 2.34229E-5 1.97307E-5 1.83899E-5 1.45512E-5 1.39557E-5 1.10461E-5 1.26164E-5 2.02954E-5 1.83755E-5 1.71447E-5 1.68769E-5 1.66665E-5 1.91327E-5 2.4275E-5 2.28851E-5 2.04755E-5 1.73922E-5 1.5408E-5 1.49067E-5 1.47144E-5 1.50644E-5 1.60542E-5 1.57555E-5 1.91921E-5 1.40955E-5 1.44964E-5 1.34477E-5 1.33619E-5 1.4584E-5 1.70536E-5 1.18934E-5 1.21695E-5 1.00672E-5 1.01948E-5 1.0402E-5 1.03328E-5
-9999 -9999 -9999 -9999 4.10639E-6 1.29717E-5 1.77627E-5 1.70279E-5 1.02764E-5 5.0471E-5 4.12346E-5 1.57536E-5 1.77488E-5 2.5865E-5 2.23986E-5 2.21532E-5 2.53241E-5 2.49445E-5 1.72024E-5 2.23599E-5 2.00191E-5 2.09502E-5 1.57312E-5 1.36739E-5 1.33792E-5 1.56123E-5 3.51795E-5 2.43197E-5 2.7319E-5 2.95909E-5 1.29385E-5 1.48467E-5 2.1266E-5 1.94183E-5 1.9029E-5 1.73341E-5 1.72277E-5 1.80261E-5 2.2608E-5 2.35545E-5 2.82002E-5 2.46162E-5 1.63225E-5 1.56764E-5 1.6289E-5 1.78833E-5 1.90943E-5 2.07529E-5 2.029E-5 1.69688E-5 1.50444E-5 1.38793E-5 1.32938E-5 1.39033E-5 1.33462E-5 8.70719E-6 8.84717E-6 1.08071E-5 1.16777E-5 1.17194E-5 1.12258E-5
-9999 -9999 -9999 -9999 6.75926E-6 6.46665E-6 7.19155E-6 1.69445E-5 2.86887E-5 4.42986E-5 3.82253E-5 6.97437E-6 1.46187E-5 2.29677E-5 2.57871E-5 2.33439E-5 3.59854E-5 3.55443E-5 1.52674E-5 1.95784E-5 2.24519E-5 1.76844E-5 1.87957E-5 1.98398E-5 2.79817E-5 2.63366E-5 3.15109E-5 1.47608E-5 2.33856E-5 2.03163E-5 1.93047E-5 2.41797E-5 2.06786E-5 1.85747E-5 1.91515E-5 1.83621E-5 1.78885E-5 1.79674E-5 2.61182E-5 3.22458E-5 1.97836E-5 1.95E-5 1.69884E-5 1.7613E-5 1.78312E-5 2.28791E-5 2.52488E-5 2.69399E-5 -9999 1.81719E-5 1.65717E-5 1.48237E-5 1.70025E-5 1.29714E-5 1.87607E-5 1.11954E-5 1.36888E-5 1.43217E-5 1.37813E-5 1.12529E-5 1.15485E-5
-9999 -9999 -9999 -9999 5.62233E-6 7.32143E-6 5.10802E-6 3.85486E-6 1.36383E-5 2.4537E-5 3.04826E-5 1.22922E-5 1.11651E-5 1.43064E-5 3.00146E-5 4.0416E-5 3.71603E-5 2.19073E-5 1.849E-5 1.93467E-5 3.06716E-5 2.46656E-5 2.2794E-5 4.72083E-5 2.6925E-5 2.31228E-5 2.91584E-5 1.72473E-5 1.77648E-5 1.65049E-5 1.90257E-5 2.42585E-5 2.13288E-5 2.24652E-5 2.1808E-5 1.99182E-5 1.90861E-5 1.93469E-5 1.88813E-5 2.21323E-5 3.03378E-5 1.93981E-5 1.9439E-5 1.88535E-5 2.03861E-5 2.27804E-5 -9999 -9999 -9999 -9999 2.30865E-5 1.77598E-5 1.59606E-5 1.40432E-5 1.58603E-5 1.51454E-5 1.35871E-5 1.193E-5 1.17054E-5 1.15751E-5 1.1501E-5
-9999 -9999 -9999 -9999 3.62709E-6 4.7803E-6 5.59566E-6 5.05428E-6 1.10817E-5 2.22237E-5 3.09142E-5 3.75458E-5 1.45481E-5 3.01324E-5 3.26824E-5 3.30129E-5 2.45858E-5 1.72504E-5 1.33741E-5 1.84059E-5 1.73206E-5 1.93278E-5 2.05347E-5 2.2998E-5 1.52121E-5 2.1015E-5 3.27116E-5 1.48201E-5 2.1908E-5 2.00057E-5 2.13362E-5 2.12105E-5 2.21592E-5 2.40926E-5 2.19608E-5 2.67528E-5 2.06756E-5 1.9718E-5 2.01991E-5 2.06945E-5 2.17834E-5 1.92384E-5 2.03776E-5 2.24114E-5 2.59659E-5 -9999 -9999 -9999 -9999 3.06572E-5 2.65319E-5 2.11809E-5 1.67498E-5 1.53372E-5 1.68062E-5 1.53706E-5 1.35344E-5 1.13299E-5 1.13629E-5 1.13934E-5 1.12684E-5
-9999 -9999 -9999 -9999 5.54316E-6 4.80163E-6 7.63181E-6 3.46062E-6 8.50106E-6 2.5891E-5 6.85677E-5 4.82999E-5 1.51547E-5 4.11269E-5 3.97678E-5 3.56863E-5 2.49793E-5 2.623E-5 1.40115E-5 1.63626E-5 1.50701E-5 2.05192E-5 1.93176E-5 1.5408E-5 1.25234E-5 1.50443E-5 2.36676E-5 2.13611E-5 2.65113E-5 3.08859E-5 2.79639E-5 2.17509E-5 2.33212E-5 2.23968E-5 2.24596E-5 2.3691E-5 2.57669E-5 2.2529E-5 2.19437E-5 2.26922E-5 2.17773E-5 2.23641E-5 2.73242E-5 3.51991E-5 3.34834E-5 -9999 -9999 -9999 3.43025E-5 2.69501E-5 3.38002E-5 2.51994E-5 2.00774E-5 2.30395E-5 1.58656E-5 1.78987E-5 1.3354E-5 1.29733E-5 1.30245E-5 1.63782E-5 1.29756E-5
-9999 -9999 -9999 9.34155E-6 5.73696E-6 9.78298E-6 3.27513E-6 4.62529E-6 6.29917E-6 2.85266E-5 1.02755E-4 4.3246E-5 1.99223E-5 1.97378E-5 2.59434E-5 2.23454E-5 3.05037E-5 3.01819E-5 2.66548E-5 1.5345E-5 1.33685E-5 1.59236E-5 1.52383E-5 1.40322E-5 2.05882E-5 1.20461E-5 1.36201E-5 2.40666E-5 2.54063E-5 3.42904E-5 3.95755E-5 3.23192E-5 2.45638E-5 2.47288E-5 2.43708E-5 2.34474E-5 2.33231E-5 2.32746E-5 2.14403E-5 2.27956E-5 2.50084E-5 2.39545E-5 2.50436E-5 3.40457E-5 5.9245E-5 4.33253E-5 3.00726E-5 2.96257E-5 2.75989E-5 2.4886E-5 2.95324E-5 2.88396E-5 2.16717E-5 2.02414E-5 2.06029E-5 2.00359E-5 1.38973E-5 1.28472E-5 1.50898E-5 1.50157E-5 1.344E-5
-9999 -9999 -9999 -9999 5.01227E-6 1.42464E-5 6.00075E-6 -9999 7.71067E-6 3.71512E-5 9.6698E-5 4.55505E-5 2.30653E-5 1.9094E-5 2.25736E-5 2.69636E-5 4.06843E-5 3.34549E-5 3.06226E-5 2.50211E-5 1.41049E-5 2.21145E-5 1.36673E-5 2.8942E-5 3.44573E-5 2.03035E-5 1.24557E-5 2.82009E-5 2.61549E-5 2.96727E-5 3.31229E-5 3.64847E-5 3.15732E-5 2.7138E-5 2.82458E-5 2.73855E-5 3.13699E-5 3.01987E-5 2.64152E-5 2.4924E-5 2.29158E-5 2.21485E-5 2.49575E-5 3.34001E-5 4.62271E-5 3.45808E-5 2.95886E-5 2.67402E-5 2.87539E-5 2.55699E-5 2.90359E-5 2.98269E-5 2.35056E-5 1.99363E-5 2.08448E-5 2.15711E-5 1.43363E-5 1.37941E-5 1.63663E-5 1.54568E-5 1.36212E-5
-9999 -9999 -9999 -9999 4.30233E-6 3.80655E-6 5.0033E-6 1.00288E-5 8.34354E-6 5.61936E-5 7.96326E-5 3.12026E-5 4.43678E-5 3.19726E-5 2.86167E-5 3.02468E-5 2.07044E-5 4.00058E-5 3.06342E-5 2.30828E-5 2.07912E-5 1.55884E-5 1.65517E-5 4.44004E-5 2.11984E-5 1.77009E-5 1.56414E-5 2.16598E-5 2.05074E-5 2.89277E-5 3.63714E-5 4.40641E-5 3.9837E-5 3.58612E-5 3.44106E-5 2.9283E-5 3.1285E-5 3.54519E-5 2.88753E-5 2.93767E-5 2.86994E-5 2.64375E-5 2.78713E-5 3.24061E-5 3.07316E-5 3.04936E-5 3.54599E-5 3.98893E-5 2.96497E-5 2.74261E-5 2.98654E-5 2.44772E-5 2.05656E-5 1.84552E-5 1.82735E-5 1.72735E-5 1.58342E-5 1.37624E-5 1.61941E-5 1.59494E-5 1.40862E-5
-9999 -9999 -9999 -9999 5.15845E-6 5.01326E-6 6.48146E-6 5.81698E-6 7.20077E-6 3.48623E-5 5.49961E-5 2.27679E-5 4.14771E-5 4.06181E-5 3.06682E-5 3.34439E-5 2.9959E-5 4.47003E-5 3.44632E-5 2.54531E-5 2.11485E-5 2.15124E-5 1.18328E-5 2.6066E-5 5.84336E-5 3.70297E-5 1.90797E-5 2.66326E-5 3.14169E-5 3.68792E-5 3.53616E-5 3.76609E-5 4.93705E-5 4.40949E-5 4.26558E-5 3.20316E-5 3.10549E-5 3.11809E-5 3.70543E-5 3.44644E-5 3.04816E-5 3.08099E-5 3.65147E-5 3.15819E-5 2.914E-5 2.90743E-5 4.1216E-5 4.26517E-5 2.81263E-5 3.06744E-5 2.70653E-5 2.45215E-5 2.07043E-5 1.95031E-5 1.84106E-5 1.77348E-5 1.59076E-5 1.8484E-5 1.7951E-5 1.58252E-5 1.4638E-5
-9999 -9999 -9999 -9999 -9999 5.52231E-6 7.7966E-6 8.60113E-6 4.50931E-6 9.50629E-6 2.18163E-5 3.26595E-5 4.14135E-5 3.39465E-5 5.40774E-5 3.68335E-5 5.90767E-5 3.70271E-5 4.45742E-5 3.05195E-5 2.59617E-5 3.24129E-5 2.02192E-5 3.04333E-5 4.77986E-5 7.57149E-5 2.95625E-5 1.95722E-5 2.3362E-5 3.8026E-5 4.02423E-5 4.77384E-5 4.59626E-5 4.61613E-5 3.95671E-5 3.6222E-5 3.4331E-5 3.61818E-5 3.29461E-5 3.47143E-5 3.39825E-5 3.19143E-5 3.68439E-5 3.03334E-5 2.8887E-5 2.67599E-5 4.67496E-5 3.04997E-5 3.2746E-5 2.79343E-5 2.54357E-5 2.58273E-5 2.17844E-5 2.16226E-5 1.98538E-5 1.99208E-5 2.06763E-5 1.41979E-5 1.6796E-5 1.79776E-5 1.52615E-5
-9999 -9999 -9999 -9999 -9999 1.60437E-5 3.16471E-6 8.57237E-6 5.50649E-6 8.65338E-6 1.59386E-5 1.67556E-5 1.561E-5 2.15865E-5 4.08207E-5 4.04298E-5 5.8397E-5 5.20316E-5 5.10563E-5 4.15388E-5 3.86886E-5 1.30228E-5 2.3647E-5 2.13545E-5 5.26052E-5 6.54239E-5 2.62723E-5 2.50832E-5 2.77147E-5 4.20584E-5 3.78794E-5 4.4477E-5 4.3554E-5 3.73231E-5 3.58779E-5 3.53257E-5 4.05078E-5 4.35512E-5 3.73357E-5 3.7182E-5 3.9418E-5 3.59718E-5 3.21107E-5 3.73326E-5 4.76831E-5 3.70149E-5 3.16512E-5 3.722E-5 3.63535E-5 3.83125E-5 2.96503E-5 2.71669E-5 3.25204E-5 2.34873E-5 2.11133E-5 3.00892E-5 1.91441E-5 1.5692E-5 1.66706E-5 1.74414E-5 1.69081E-5
-9999 -9999 -9999 -9999 -9999 1.37676E-5 9.99336E-6 2.22004E-6 3.98347E-6 3.92149E-6 1.09733E-5 2.66213E-5 2.01997E-5 2.68959E-5 3.09494E-5 3.04685E-5 3.31713E-5 4.06501E-5 4.48253E-5 4.99296E-5 2.0509E-5 2.13641E-5 1.93219E-5 1.69758E-5 2.89196E-5 5.04855E-5 1.93992E-5 3.86241E-5 4.13271E-5 3.01912E-5 3.91005E-5 3.87932E-5 4.25798E-5 3.96135E-5 4.2428E-5 4.20633E-5 3.96727E-5 4.92901E-5 4.47115E-5 4.29631E-5 4.27171E-5 4.05584E-5 4.48424E-5 4.34552E-5 4.40706E-5 5.57426E-5 3.46573E-5 3.36251E-5 3.2057E-5 3.22535E-5 3.16226E-5 3.33529E-5 3.81871E-5 2.59101E-5 2.56443E-5 1.98108E-5 1.76635E-5 1.6785E-5 1.61318E-5 1.57693E-5 1.45534E-5
-9999 -9999 -9999 -9999 -9999 1.09803E-5 3.4489E-6 5.9457E-6 6.79535E-6 4.98262E-6 7.86407E-6 1.07721E-5 3.95725E-5 3.00129E-5 2.91324E-5 2.0145E-5 2.09558E-5 1.74694E-5 3.53577E-5 3.7866E-5 2.77885E-5 3.55796E-5 2.91926E-5 1.41986E-5 1.74809E-5 5.83286E-5 2.41645E-5 2.43613E-5 4.05806E-5 2.54702E-5 3.76358E-5 4.37495E-5 4.81754E-5 4.8944E-5 4.69806E-5 4.45483E-5 4.91774E-5 4.18125E-5 4.44226E-5 4.84556E-5 7.95119E-5 5.58324E-5 4.37507E-5 4.02577E-5 3.89646E-5 3.64202E-5 3.44174E-5 3.51213E-5 3.50806E-5 3.98825E-5 3.74253E-5 3.08864E-5 3.89698E-5 3.95203E-5 2.76852E-5 -9999 2.4163E-5 2.02525E-5 1.8737E-5 1.75312E-5 1.66934E-5
