Candidate_Models_Sept202022/M_0.2_F_lqp_Set_1_cal/Bison.asc
ncols         97
nrows         127
xllcorner     -2197417.7431653
yllcorner     -584827.01486885
cellsize      30000.0
NODATA_value  -9999
[rows 54 to 80 of 127, columns 0 to 60 of 97]
-9999 -9999 -9999 -9999 2.12097E-2 5.40942E-3 1.04994E-3 4.91986E-3 3.68273E-3 6.32285E-4 9.87262E-4 5.27618E-3 3.26681E-3 6.54058E-3 7.77059E-3 9.43479E-3 1.91686E-2 3.09914E-2 3.73246E-2 4.49637E-2 6.28775E-2 1.03923E-1 1.06111E-1 1.03798E-1 8.27627E-2 1.48134E-1 1.18692E-1 9.16914E-2 1.24514E-1 1.17499E-1 1.1067E-1 1.0928E-1 1.1925E-1 1.34042E-1 1.44871E-1 1.59844E-1 1.53976E-1 1.4529E-1 1.39175E-1 1.65494E-1 2.85149E-1 2.56631E-1 2.02196E-1 1.79535E-1 1.82676E-1 1.34862E-1 1.63219E-1 1.26387E-1 9.63039E-2 8.7296E-2 9.80607E-2 1.10833E-1 7.5088E-2 1.34645E-1 1.60708E-1 7.2821E-2 8.94665E-2 7.48899E-2 7.50433E-2 8.77515E-2 5.23229E-2
-9999 -9999 -9999 -9999 -9999 4.54005E-3 1.34259E-3 1.57841E-3 2.24954E-2 1.86934E-3 5.982E-4 4.08376E-3 2.12206E-2 3.5008E-3 7.1818E-3 6.3835E-3 1.06624E-2 1.89927E-2 3.60419E-2 3.94668E-2 7.31877E-2 1.05655E-1 1.17735E-1 1.61906E-1 9.26335E-2 9.13753E-2 1.02151E-1 9.81548E-2 1.77053E-1 1.67731E-1 1.29228E-1 1.15344E-1 1.20861E-1 1.35037E-1 1.34612E-1 1.84177E-1 1.74229E-1 1.66962E-1 2.07064E-1 2.02353E-1 2.61907E-1 3.00392E-1 2.21186E-1 1.709E-1 1.80101E-1 1.6817E-1 1.44143E-1 1.10659E-1 1.12226E-1 6.41246E-2 9.22286E-2 1.11564E-1 9.6371E-2 1.73009E-1 1.32312E-1 1.03566E-1 1.09289E-1 8.08234E-2 8.80826E-2 7.95219E-2 6.09735E-2
-9999 -9999 -9999 -9999 -9999 7.44246E-3 2.88736E-3 5.02738E-3 7.36565E-3 2.60834E-3 7.72017E-5 9.94014E-4 1.22267E-3 8.8239E-4 9.16078E-3 6.26998E-3 1.42269E-2 1.64044E-2 2.89053E-2 5.33387E-2 1.01723E-1 7.9541E-2 8.68448E-2 1.11302E-1 8.30234E-2 5.84692E-2 8.51301E-2 1.6135E-1 2.25417E-1 1.61137E-1 1.67779E-1 1.39831E-1 1.38911E-1 1.54287E-1 1.82552E-1 2.0749E-1 1.9059E-1 1.88879E-1 2.08371E-1 2.31997E-1 3.31286E-1 2.87603E-1 2.04494E-1 1.91569E-1 1.78078E-1 1.62171E-1 1.49777E-1 1.31755E-1 1.567E-1 1.34148E-1 1.64823E-1 1.38758E-1 1.78599E-1 1.31182E-1 1.09622E-1 1.34122E-1 1.12453E-1 1.12959E-1 7.28861E-2 5.34618E-2 2.24808E-2
-9999 -9999 -9999 -9999 -9999 -9999 4.56439E-3 -9999 8.37021E-3 1.2174E-3 3.74098E-4 8.12834E-4 1.05091E-3 1.74994E-3 3.43166E-3 1.78128E-2 1.41841E-2 1.55359E-2 3.35327E-2 6.0539E-2 5.77584E-2 7.67862E-2 8.29652E-2 1.02145E-1 9.01877E-2 9.79685E-2 7.71289E-2 1.6601E-1 2.10766E-1 2.01167E-1 3.48168E-1 2.53538E-1 1.65558E-1 1.57729E-1 1.91267E-1 2.42773E-1 2.4557E-1 2.01859E-1 2.09558E-1 2.04669E-1 2.0379E-1 1.34495E-1 2.14576E-1 1.72767E-1 1.17876E-1 1.43691E-1 1.18635E-1 1.44113E-1 1.50347E-1 1.8637E-1 1.64621E-1 1.33264E-1 1.41305E-1 1.50671E-1 1.36525E-1 1.139E-1 1.04758E-1 9.27661E-2 7.07385E-2 4.71945E-2 3.00024E-2
-9999 -9999 -9999 1.0323E-3 -9999 -9999 -9999 -9999 -9999 2.69972E-3 7.55431E-4 2.56228E-4 9.56673E-4 2.12719E-3 1.36798E-3 1.98013E-2 1.30504E-2 1.99156E-2 2.8408E-2 3.95019E-2 5.98084E-2 8.17738E-2 7.91491E-2 1.14765E-1 7.28806E-2 8.25793E-2 7.81961E-2 1.08275E-1 2.59369E-1 3.08318E-1 4.48096E-1 3.93251E-1 1.73619E-1 1.43541E-1 1.76061E-1 2.53072E-1 2.37344E-1 2.94993E-1 5.63443E-1 1.99607E-1 1.78037E-1 1.36689E-1 1.82136E-1 1.48729E-1 7.15912E-2 1.03115E-1 1.6469E-1 1.64793E-1 1.63064E-1 1.53904E-1 1.71576E-1 1.63999E-1 1.49602E-1 1.44909E-1 1.22475E-1 1.16059E-1 9.93233E-2 7.41103E-2 6.90892E-2 6.46546E-2 4.84882E-2
-9999 -9999 -9999 1.42253E-3 1.63642E-3 3.35222E-3 -9999 -9999 -9999 4.59669E-3 1.372E-4 4.9397E-4 1.0994E-3 3.72721E-3 4.81523E-3 3.32802E-2 3.0802E-2 1.81618E-2 3.53295E-2 5.10389E-2 4.63737E-2 5.13248E-2 8.23404E-2 5.57103E-2 7.86474E-2 4.85659E-2 5.34356E-2 1.04631E-1 2.99772E-1 4.72601E-1 5.33299E-1 4.82076E-1 2.06822E-1 2.15791E-1 2.1738E-1 2.40379E-1 2.4862E-1 4.82504E-1 4.74409E-1 2.07529E-1 2.06229E-1 2.05879E-1 1.81663E-1 1.70541E-1 1.39689E-1 1.56353E-1 1.51784E-1 1.29714E-1 1.38274E-1 2.43721E-1 2.029E-1 1.62455E-1 1.45293E-1 1.5307E-1 8.89981E-2 1.29429E-1 7.83148E-2 9.37356E-2 9.95662E-2 6.73565E-2 4.0729E-2
-9999 -9999 -9999 1.33068E-3 2.64834E-3 5.08249E-3 3.33298E-3 -9999 -9999 2.83192E-2 5.83737E-4 2.51739E-3 9.93564E-4 2.76619E-3 4.86974E-3 1.51827E-2 2.40086E-2 2.69792E-2 4.0659E-2 4.74346E-2 5.8825E-2 4.29325E-2 3.09537E-2 3.03094E-2 5.42889E-2 3.9333E-3 2.79422E-3 5.74921E-2 1.9545E-1 2.12398E-1 6.83195E-1 6.69122E-1 4.24523E-1 5.43908E-1 4.50146E-1 3.39782E-1 3.76449E-1 4.08207E-1 4.06381E-1 1.97213E-1 2.21166E-1 2.06743E-1 2.03412E-1 1.83133E-1 1.53472E-1 1.40068E-1 1.39079E-1 1.3562E-1 1.3637E-1 3.01115E-1 2.45974E-1 2.46857E-1 1.13082E-1 9.58675E-2 8.28003E-2 1.38293E-1 1.02043E-1 1.18695E-1 9.52814E-2 6.26756E-2 3.64017E-2
-9999 -9999 -9999 1.30468E-3 1.37565E-3 2.02968E-3 -9999 -9999 6.06016E-3 2.76456E-4 9.40852E-5 6.736E-4 8.40345E-4 2.95537E-3 7.95729E-3 1.47886E-2 1.13772E-1 3.44242E-2 4.92177E-2 2.94501E-2 5.45034E-2 4.64715E-2 4.23291E-2 3.48068E-2 3.595E-2 5.93586E-3 2.24282E-3 4.01347E-2 1.18233E-1 4.01075E-1 5.68684E-1 7.07299E-1 6.23019E-1 5.09434E-1 6.31613E-1 4.95102E-1 4.48673E-1 5.75001E-1 4.06544E-1 2.71078E-1 2.58292E-1 2.34855E-1 2.07533E-1 1.69996E-1 1.76139E-1 1.76077E-1 1.52047E-1 1.62429E-1 1.99527E-1 2.73841E-1 2.95723E-1 1.57654E-1 1.51463E-1 1.14051E-1 5.93144E-2 1.5359E-1 1.17058E-1 9.20909E-2 9.26322E-2 6.87595E-2 6.12585E-2
-9999 -9999 -9999 1.36172E-3 3.6987E-3 -9999 -9999 1.15189E-2 2.70747E-3 5.01243E-4 1.53528E-4 7.72106E-4 1.16859E-3 5.67448E-4 1.11182E-2 2.01694E-2 1.01935E-1 5.06244E-2 4.12488E-2 4.69701E-2 5.79899E-2 5.11864E-2 3.3537E-2 3.92431E-2 3.40265E-2 9.81788E-3 7.72705E-4 2.0545E-2 6.74247E-2 1.27709E-1 4.02987E-1 6.37067E-1 4.21617E-1 4.4556E-1 7.30156E-1 6.16418E-1 6.07523E-1 7.47912E-1 5.23487E-1 2.80483E-1 2.68685E-1 2.06524E-1 1.71261E-1 1.77013E-1 1.85113E-1 1.90128E-1 1.69292E-1 1.76209E-1 1.64303E-1 2.22774E-1 2.71514E-1 1.47456E-1 1.2584E-1 1.22453E-1 9.55794E-2 1.09158E-1 1.1501E-1 1.02312E-1 1.25356E-1 8.08507E-2 5.02952E-2
-9999 -9999 -9999 1.04103E-3 1.06234E-3 -9999 -9999 -9999 5.14334E-3 6.14189E-4 4.36059E-4 1.42404E-3 3.66591E-4 2.83656E-3 1.54175E-2 4.31051E-2 7.98504E-2 6.71963E-2 6.64013E-2 5.84339E-2 7.01421E-2 7.99774E-2 5.54626E-2 3.18199E-2 3.00537E-2 1.2077E-2 4.75853E-3 2.26177E-2 4.16294E-2 7.84597E-2 1.44919E-1 4.01087E-1 5.04909E-1 5.69464E-1 6.2939E-1 6.24411E-1 5.67807E-1 4.36758E-1 2.86509E-1 2.31131E-1 1.81522E-1 1.87131E-1 1.71114E-1 1.76553E-1 1.92788E-1 1.96029E-1 2.26561E-1 1.77946E-1 1.63013E-1 2.3338E-1 2.23351E-1 1.5023E-1 1.2933E-1 1.2004E-1 1.14448E-1 8.07644E-2 1.28179E-1 1.11338E-1 1.25848E-1 9.90713E-2 6.60639E-2
-9999 -9999 -9999 3.19136E-3 9.67504E-3 -9999 -9999 -9999 7.29797E-3 6.59954E-3 2.51652E-3 1.69691E-4 3.3259E-3 6.20809E-3 8.91121E-3 3.66098E-2 5.50826E-2 7.6087E-2 1.14881E-1 5.88635E-2 5.52331E-2 1.36648E-1 6.70684E-2 4.3301E-2 3.2796E-2 1.47419E-2 6.2761E-3 1.55703E-2 2.78111E-2 5.29922E-2 7.48035E-2 4.26522E-1 5.19556E-1 6.10778E-1 4.61874E-1 5.76048E-1 5.1513E-1 5.22452E-1 2.66425E-1 2.50513E-1 1.79383E-1 1.77316E-1 1.45898E-1 1.68714E-1 3.06103E-1 2.93527E-1 2.45129E-1 1.79911E-1 1.47119E-1 2.00112E-1 3.27931E-1 1.82746E-1 1.33794E-1 8.85476E-2 1.4158E-1 8.00497E-2 1.0834E-1 1.02967E-1 8.66447E-2 1.297E-1 6.71902E-2
-9999 -9999 -9999 9.10866E-4 1.10223E-2 -9999 -9999 -9999 9.75233E-3 1.06307E-3 3.41271E-4 3.55877E-5 1.17089E-3 4.72145E-3 8.91836E-2 4.06124E-2 3.43416E-2 8.02695E-2 7.39658E-2 7.63247E-2 1.28742E-1 1.55443E-1 7.02621E-2 4.73469E-2 3.20792E-2 1.2565E-2 6.45612E-3 7.05201E-3 1.71653E-2 2.74154E-2 5.49279E-2 2.30864E-1 4.5627E-1 6.7692E-1 5.63622E-1 5.41271E-1 2.61731E-1 4.67115E-1 4.82706E-1 3.07125E-1 1.38179E-1 1.29441E-1 1.57911E-1 1.67551E-1 2.17514E-1 2.00141E-1 2.0913E-1 1.81644E-1 2.26949E-1 2.30927E-1 2.30476E-1 2.08624E-1 1.49037E-1 1.39341E-1 1.17708E-1 1.1267E-1 9.30792E-2 1.43167E-1 1.07402E-1 1.15389E-1 9.71943E-2
-9999 -9999 -9999 -9999 2.75191E-3 -9999 -9999 -9999 -9999 3.33786E-3 3.43824E-4 2.7432E-4 9.93282E-4 1.69951E-3 1.45487E-2 2.84242E-2 2.43409E-2 7.70893E-2 1.10524E-1 1.275E-1 9.48633E-2 3.17272E-1 1.32995E-1 7.79496E-2 6.716E-2 2.04954E-2 7.71479E-3 5.5091E-3 1.19993E-2 1.79465E-2 5.16473E-2 7.67744E-2 1.02147E-1 2.02433E-1 1.51695E-1 2.33664E-1 4.41876E-1 3.37139E-1 1.61576E-1 1.213E-1 2.11478E-1 1.64299E-1 2.44243E-1 1.89235E-1 1.97687E-1 2.50379E-1 2.61045E-1 2.67267E-1 1.60327E-1 1.56566E-1 3.03428E-1 1.78098E-1 1.69824E-1 1.70716E-1 1.80205E-1 1.25811E-1 1.20046E-1 1.17663E-1 1.17123E-1 1.31851E-1 1.35257E-1
-9999 -9999 -9999 -9999 2.83193E-3 -9999 -9999 -9999 -9999 8.81366E-3 2.86533E-3 1.15151E-3 1.27693E-3 1.39358E-3 8.0189E-3 2.98571E-2 6.24367E-2 7.58555E-2 9.29285E-2 7.87934E-2 8.64023E-2 1.21841E-1 9.09945E-2 1.76654E-1 2.45518E-1 2.62106E-2 9.35002E-3 3.20598E-3 6.36282E-3 1.55734E-2 3.59103E-2 4.12062E-2 9.49204E-2 2.30863E-1 1.17729E-1 1.24374E-1 2.27125E-1 1.31072E-1 7.43425E-2 5.60948E-2 1.53052E-1 9.90344E-2 1.59368E-1 2.45383E-1 2.21607E-1 2.57415E-1 4.16414E-1 2.58121E-1 2.24122E-1 2.43767E-1 2.76816E-1 2.18157E-1 2.14853E-1 1.67906E-1 1.65888E-1 1.66502E-1 1.46832E-1 1.4926E-1 1.32421E-1 1.06961E-1 1.10522E-1
-9999 -9999 -9999 -9999 -9999 -9999 -9999 -9999 -9999 8.66118E-3 9.94409E-3 2.4245E-3 2.11894E-3 2.14382E-3 3.19558E-3 1.60159E-2 5.82238E-2 6.58202E-2 7.80993E-2 9.8165E-2 8.6986E-2 9.80666E-2 1.07905E-1 7.39494E-2 5.73639E-2 1.14323E-2 6.04284E-3 7.22322E-3 4.58077E-3 1.5549E-2 3.36216E-2 5.86948E-2 7.59484E-2 1.41394E-1 5.88344E-2 9.82339E-2 2.43186E-1 2.01986E-1 8.92265E-2 1.28726E-1 1.7754E-1 1.34896E-1 2.17938E-1 2.51291E-1 4.5163E-1 5.17408E-1 5.38832E-1 3.20211E-1 2.71084E-1 2.47942E-1 2.94725E-1 2.73883E-1 1.99191E-1 1.17825E-1 1.75555E-1 1.47365E-1 1.47015E-1 1.71738E-1 1.31408E-1 1.05091E-1 1.15027E-1
-9999 -9999 -9999 -9999 -9999 -9999 -9999 -9999 -9999 -9999 5.42205E-3 4.55569E-3 2.7214E-3 1.318E-3 5.74806E-3 1.14581E-2 5.39181E-2 5.83785E-2 6.40081E-2 8.1362E-2 9.30065E-2 9.40646E-2 1.0807E-1 8.98821E-2 4.95884E-2 1.67546E-2 8.66643E-3 7.06524E-3 8.42668E-3 9.84359E-3 2.96346E-2 7.7907E-2 8.54406E-2 6.31292E-2 8.42492E-2 8.75392E-2 1.70481E-1 2.18956E-1 1.2913E-1 1.6419E-1 1.81945E-1 3.85651E-1 3.72222E-1 4.89555E-1 5.58832E-1 5.82135E-1 4.78116E-1 6.39068E-1 2.86997E-1 2.70355E-1 3.79244E-1 2.92837E-1 1.65934E-1 1.57334E-1 1.64064E-1 1.77358E-1 2.02182E-1 2.10751E-1 1.608E-1 1.21504E-1 1.47165E-1
-9999 -9999 -9999 -9999 -9999 -9999 -9999 -9999 -9999 -9999 5.04723E-3 2.59639E-3 1.20861E-4 4.36826E-4 4.55557E-3 1.09021E-2 4.98061E-2 7.74341E-2 6.20013E-2 9.41307E-2 1.03795E-1 9.78034E-2 1.16329E-1 1.63786E-1 5.02142E-2 2.61108E-2 1.57175E-2 9.63532E-3 2.08124E-2 1.96106E-2 3.72388E-2 6.35027E-2 7.43187E-2 8.85886E-2 1.04663E-1 1.73513E-1 1.64568E-1 1.32995E-1 1.49165E-1 4.2613E-1 4.11796E-1 5.75321E-1 4.61453E-1 5.198E-1 5.32803E-1 5.39698E-1 3.42728E-1 5.48287E-1 4.31791E-1 5.20078E-1 5.46348E-1 3.68544E-1 2.41235E-1 1.9201E-1 1.83861E-1 1.81594E-1 1.7939E-1 1.42733E-1 1.6226E-1 1.5494E-1 1.53177E-1
-9999 -9999 -9999 -9999 -9999 -9999 -9999 -9999 -9999 -9999 6.02343E-3 1.90435E-3 2.24427E-4 4.45553E-4 2.95975E-2 1.91752E-2 3.67132E-2 9.60762E-2 8.3503E-2 1.54483E-1 1.34502E-1 1.1822E-1 1.11712E-1 1.63687E-1 6.07425E-2 1.69028E-2 1.55473E-2 1.30402E-2 1.6878E-2 4.26701E-2 5.29172E-2 8.14237E-2 8.92994E-2 9.79332E-2 1.22712E-1 1.61562E-1 2.44717E-1 3.17951E-1 3.62178E-1 2.98086E-1 4.46786E-1 4.97679E-1 6.13887E-1 5.90322E-1 5.98173E-1 6.44842E-1 6.54804E-1 6.0259E-1 4.90623E-1 6.46446E-1 6.43955E-1 5.99848E-1 4.44911E-1 3.84177E-1 4.08917E-1 2.43511E-1 2.05847E-1 1.8481E-1 1.96083E-1 1.96531E-1 1.59772E-1
-9999 -9999 -9999 -9999 -9999 -9999 -9999 -9999 -9999 -9999 3.85585E-3 1.45081E-3 1.16149E-3 3.60875E-4 3.08468E-3 1.1905E-2 5.47392E-2 1.11874E-1 1.31264E-1 2.08378E-1 2.27799E-1 1.36165E-1 1.09752E-1 1.37282E-1 7.15158E-2 3.47953E-2 1.52514E-2 1.2549E-2 3.00337E-2 2.42337E-2 6.34272E-2 9.26485E-2 1.08323E-1 1.19173E-1 2.11372E-1 1.16035E-1 2.08708E-1 2.74415E-1 2.34455E-1 3.20408E-1 5.31823E-1 6.5088E-1 7.19625E-1 6.83765E-1 7.58163E-1 6.81357E-1 6.84062E-1 6.77412E-1 6.92342E-1 7.13801E-1 5.17287E-1 4.06039E-1 4.03764E-1 4.44178E-1 4.61262E-1 4.68682E-1 2.64362E-1 1.94742E-1 1.96231E-1 2.13605E-1 1.98261E-1
-9999 -9999 -9999 -9999 -9999 -9999 -9999 -9999 -9999 -9999 2.12984E-3 2.22437E-3 1.04338E-3 9.406E-4 5.5826E-2 4.14992E-3 6.67402E-2 6.98607E-2 1.08776E-1 2.36508E-1 3.28615E-1 1.74386E-1 1.45877E-1 1.25286E-1 1.07333E-1 5.46712E-2 4.24898E-2 1.88359E-2 2.20676E-2 5.09028E-2 6.2989E-2 4.29994E-2 1.04215E-1 2.52509E-1 1.76343E-1 1.74885E-1 1.60086E-1 1.65631E-1 2.3189E-1 3.59204E-1 5.6599E-1 7.6592E-1 7.69025E-1 7.23624E-1 8.02158E-1 6.88317E-1 5.90977E-1 6.49432E-1 4.71854E-1 7.12616E-1 6.96974E-1 5.03927E-1 4.1734E-1 5.13469E-1 4.69039E-1 4.16255E-1 2.99876E-1 3.28272E-1 2.84137E-1 2.14072E-1 2.19178E-1
-9999 -9999 -9999 -9999 -9999 -9999 -9999 -9999 6.94131E-3 3.00985E-3 1.78088E-3 1.98418E-3 1.33119E-3 9.68316E-4 1.66414E-3 4.30399E-2 6.57907E-2 7.91696E-2 9.70992E-2 1.34466E-1 1.49817E-1 2.54867E-1 2.73847E-1 1.7642E-1 1.09418E-1 5.57409E-2 2.55985E-2 9.55593E-3 9.5496E-3 1.97128E-2 2.78707E-2 4.51794E-2 8.50451E-2 1.04369E-1 1.18668E-1 1.00637E-1 1.20011E-1 2.20011E-1 1.91324E-1 4.35302E-1 6.411E-1 7.73933E-1 7.23529E-1 7.36935E-1 7.53609E-1 6.24245E-1 6.19535E-1 6.69561E-1 6.26749E-1 5.33096E-1 6.34384E-1 5.83184E-1 4.79368E-1 4.26952E-1 4.28156E-1 4.17393E-1 4.27271E-1 4.75503E-1 4.07737E-1 2.98125E-1 2.80674E-1
-9999 -9999 -9999 -9999 -9999 -9999 -9999 -9999 4.78686E-3 1.30594E-3 1.21242E-3 2.25971E-3 2.36117E-3 6.07237E-4 7.20081E-4 4.40396E-3 7.13918E-3 1.07873E-1 8.2637E-2 3.72163E-2 5.76937E-2 1.09197E-1 2.95431E-1 9.62659E-2 9.9731E-2 6.53668E-2 3.9301E-2 1.6978E-2 6.54052E-3 9.50967E-3 2.76587E-2 2.66394E-2 8.31106E-2 1.19025E-1 1.48355E-1 9.36781E-2 2.40187E-1 1.84681E-1 1.91682E-1 1.8827E-1 4.73123E-1 7.30315E-1 7.25205E-1 7.01004E-1 7.11057E-1 6.35715E-1 5.82826E-1 6.29462E-1 6.15955E-1 6.78662E-1 6.26077E-1 5.98226E-1 5.54098E-1 4.42185E-1 4.16285E-1 4.91616E-1 5.4314E-1 5.7195E-1 4.59535E-1 4.84292E-1 5.12976E-1
-9999 -9999 -9999 -9999 -9999 -9999 -9999 -9999 2.05608E-3 1.40086E-3 2.76143E-4 4.91565E-4 1.4462E-3 8.98812E-4 4.63157E-4 3.11632E-3 2.33677E-3 5.16529E-2 6.8674E-2 7.49289E-2 4.1165E-2 5.98803E-2 2.20401E-1 1.20771E-1 1.25401E-1 1.52476E-1 5.68505E-2 3.6669E-2 1.04014E-2 7.96922E-3 2.53678E-2 2.60824E-2 5.11227E-2 1.67967E-1 3.72259E-1 3.09354E-1 1.99847E-1 2.59374E-1 1.82592E-1 4.99459E-1 7.15917E-1 7.93245E-1 7.71093E-1 7.72507E-1 7.65554E-1 6.56089E-1 6.11501E-1 5.58518E-1 6.86256E-1 6.88646E-1 7.2105E-1 6.37964E-1 5.73849E-1 4.77556E-1 5.89524E-1 3.70616E-1 5.98187E-1 5.86628E-1 4.62036E-1 6.26015E-1 6.16562E-1
-9999 -9999 -9999 -9999 -9999 -9999 -9999 -9999 -9999 4.1798E-3 3.5413E-4 3.17419E-4 5.39572E-4 1.94195E-3 6.09946E-4 9.94513E-4 4.346E-3 4.65048E-2 2.86499E-1 1.26709E-1 2.71239E-2 3.36603E-2 8.83565E-2 1.60186E-1 9.92989E-2 9.64668E-2 7.88375E-2 7.79657E-2 2.23117E-2 9.8831E-3 6.63852E-3 8.31799E-3 2.31268E-2 6.49102E-2 1.48195E-1 2.07864E-1 2.58402E-1 1.83951E-1 2.67574E-1 7.23694E-1 7.37769E-1 8.48254E-1 8.29586E-1 7.94646E-1 7.43029E-1 6.36207E-1 6.65983E-1 6.86402E-1 5.01535E-1 5.60171E-1 5.56972E-1 6.21201E-1 5.15464E-1 7.33336E-1 6.7722E-1 4.87587E-1 5.77517E-1 6.56433E-1 5.44179E-1 6.2338E-1 4.8359E-1
-9999 -9999 -9999 -9999 -9999 -9999 -9999 -9999 -9999 2.18868E-3 1.20089E-3 2.42216E-4 3.33826E-4 1.28037E-3 2.83018E-3 1.6175E-3 1.75509E-3 1.86849E-3 2.11359E-2 4.04657E-2 2.81037E-2 2.4697E-2 8.11551E-2 1.65258E-1 1.10316E-1 9.81888E-2 1.09552E-1 6.7905E-2 2.08322E-2 5.97583E-3 6.22841E-3 3.13557E-3 2.5711E-2 4.17814E-2 1.26775E-1 2.01718E-1 3.0928E-1 2.20118E-1 2.07651E-1 5.80951E-1 7.89321E-1 7.87304E-1 7.38496E-1 7.38381E-1 7.07559E-1 5.61321E-1 4.66025E-1 6.90352E-1 5.70635E-1 6.07509E-1 6.83982E-1 5.54913E-1 6.42783E-1 6.09734E-1 6.8671E-1 6.07338E-1 4.48579E-1 5.2909E-1 4.94114E-1 5.46816E-1 5.28921E-1
-9999 -9999 -9999 -9999 -9999 -9999 -9999 -9999 -9999 -9999 2.37443E-3 5.36759E-4 2.49619E-4 1.7746E-3 3.39734E-3 1.20808E-3 1.50902E-3 2.78096E-3 1.14443E-2 1.09589E-2 1.96113E-2 1.73359E-2 7.58093E-2 2.69675E-1 2.05065E-1 1.53143E-1 1.07057E-1 7.56517E-2 1.75652E-2 7.97626E-3 1.04117E-2 7.75377E-3 5.90893E-3 1.51705E-2 7.22188E-2 1.38934E-1 1.54864E-1 1.98096E-1 2.9809E-1 6.42263E-1 7.73599E-1 7.5135E-1 7.40882E-1 7.24889E-1 5.15031E-1 5.49222E-1 4.46031E-1 6.14634E-1 5.21399E-1 5.98147E-1 7.15061E-1 6.92152E-1 7.04815E-1 6.97859E-1 5.70481E-1 6.33078E-1 6.46675E-1 4.7774E-1 4.88496E-1 5.59866E-1 5.23192E-1
-9999 -9999 -9999 -9999 -9999 -9999 -9999 -9999 -9999 -9999 2.01333E-3 8.60379E-4 4.30609E-4 8.98859E-4 3.68399E-3 2.0582E-3 1.16532E-3 8.70796E-4 2.84798E-3 1.06062E-2 1.92044E-2 2.83687E-2 6.88283E-2 1.18546E-1 1.84876E-1 3.23475E-1 3.16298E-1 1.22966E-1 9.489E-2 1.77888E-2 1.09702E-2 3.89533E-2 2.26055E-2 4.82008E-2 1.33921E-1 8.4449E-2 1.01486E-1 1.76158E-1 2.50347E-1 7.02994E-1 8.12959E-1 7.47424E-1 7.53019E-1 7.84011E-1 7.2987E-1 5.74581E-1 3.7499E-1 4.28235E-1 5.36511E-1 5.44131E-1 6.6849E-1 6.82969E-1 6.87955E-1 6.83422E-1 6.87641E-1 5.8396E-1 6.1513E-1 6.14558E-1 6.16754E-1 4.81484E-1 4.93125E-1
