Candidate_Models_Sept202022/M_0.2_F_lqp_Set_1_cal/Bison.asc
ncols         97
nrows         127
xllcorner     -2197417.7431653
yllcorner     -584827.01486885
cellsize      30000.0
NODATA_value  -9999
[rows 81 to 107 of 127, columns 0 to 60 of 97]
-9999 -9999 -9999 -9999 -9999 -9999 -9999 -9999 -9999 -9999 -9999 3.28956E-3 8.40964E-4 6.24346E-4 1.14656E-2 2.86207E-3 1.91357E-3 5.46899E-4 9.781E-4 8.72027E-3 4.82569E-3 3.35426E-2 2.69093E-2 6.48871E-2 1.63445E-1 2.54718E-1 1.02552E-1 1.00411E-1 1.52283E-1 1.83024E-2 1.48274E-2 4.75072E-3 1.22856E-2 4.65895E-2 5.93569E-2 8.06346E-2 4.86068E-2 4.49024E-1 6.46336E-1 8.00352E-1 8.88323E-1 7.38396E-1 7.19272E-1 8.02278E-1 7.40824E-1 5.26481E-1 4.28281E-1 3.9239E-1 4.37303E-1 5.06584E-1 5.65191E-1 6.80159E-1 6.97751E-1 6.71437E-1 6.53494E-1 4.75535E-1 5.92695E-1 6.06133E-1 5.60196E-1 5.04772E-1 4.88334E-1
-9999 -9999 -9999 -9999 -9999 -9999 -9999 -9999 -9999 -9999 -9999 -9999 2.2147E-3 5.5173E-4 2.2135E-3 4.19019E-3 2.35257E-3 1.06438E-2 3.70633E-3 1.20536E-3 2.06657E-3 5.32561E-3 5.50376E-3 2.66852E-2 2.3648E-1 2.24093E-1 6.20015E-2 1.06031E-1 2.37761E-1 2.77519E-2 1.1236E-2 7.95545E-3 8.12736E-3 2.26687E-2 8.82801E-2 1.66667E-1 9.40111E-2 1.40925E-1 3.84769E-1 6.9244E-1 7.84993E-1 7.34763E-1 7.33332E-1 7.61023E-1 7.02967E-1 4.80014E-1 3.5699E-1 4.55241E-1 5.17012E-1 6.65534E-1 6.68152E-1 6.89731E-1 7.03969E-1 6.80764E-1 6.27053E-1 6.07403E-1 5.96632E-1 5.27163E-1 5.13449E-1 4.43588E-1 5.43694E-1
-9999 -9999 -9999 -9999 -9999 -9999 -9999 -9999 -9999 -9999 -9999 -9999 -9999 1.81507E-3 2.49306E-4 1.20586E-3 6.16134E-4 5.40284E-3 1.34514E-1 1.03834E-2 3.07218E-3 5.13453E-3 2.52259E-3 1.79102E-2 6.39461E-2 4.93119E-2 4.63933E-2 1.27111E-1 2.73749E-2 2.55063E-2 9.57338E-3 9.21501E-3 4.22335E-3 1.34633E-2 5.20834E-2 3.12328E-1 1.21204E-1 9.00445E-2 1.90247E-1 6.5911E-1 8.06588E-1 7.80551E-1 7.48807E-1 7.03005E-1 6.43598E-1 4.18901E-1 4.27093E-1 4.47314E-1 5.16031E-1 6.22201E-1 6.53453E-1 6.56912E-1 7.16618E-1 6.98643E-1 6.61144E-1 6.24982E-1 6.78127E-1 6.19518E-1 4.86603E-1 4.94273E-1 5.12729E-1
-9999 -9999 -9999 -9999 -9999 -9999 -9999 -9999 -9999 -9999 -9999 -9999 -9999 1.66289E-3 6.24489E-4 1.30871E-3 3.11446E-3 -9999 6.78195E-3 4.67446E-2 1.341E-1 4.33407E-2 7.04827E-3 8.34995E-3 1.19525E-1 5.63886E-2 1.0569E-1 8.39433E-2 3.83603E-2 1.75301E-2 1.83147E-2 9.40481E-3 7.14102E-3 1.49169E-2 3.91384E-2 1.23069E-1 9.33504E-2 9.45916E-2 1.37614E-1 4.69364E-1 7.01055E-1 7.1604E-1 7.25316E-1 5.62727E-1 6.02215E-1 7.0083E-1 6.15454E-1 6.43494E-1 4.71996E-1 5.63756E-1 6.36288E-1 6.07174E-1 6.29274E-1 5.94655E-1 6.16316E-1 4.05785E-1 6.23159E-1 6.90432E-1 5.35702E-1 5.4378E-1 6.32381E-1
-9999 -9999 -9999 -9999 -9999 -9999 -9999 -9999 -9999 -9999 -9999 -9999 -9999 2.66214E-3 1.41212E-3 6.95717E-4 2.81065E-3 -9999 3.94101E-2 2.3526E-1 7.57659E-2 8.30987E-3 1.49375E-3 9.43635E-3 3.7934E-2 7.29619E-2 1.45064E-1 4.78302E-2 3.53555E-2 1.9481E-2 1.15957E-2 7.0812E-3 1.43107E-2 2.58004E-2 3.84159E-2 9.39892E-2 1.13833E-1 1.57672E-1 3.02336E-1 2.48779E-1 4.95332E-1 6.60071E-1 7.21195E-1 6.39028E-1 5.51032E-1 7.06688E-1 5.11682E-1 4.16122E-1 4.59716E-1 6.77022E-1 6.36039E-1 4.75419E-1 6.09161E-1 7.09378E-1 6.46945E-1 5.74728E-1 7.1329E-1 5.21383E-1 5.28728E-1 5.20224E-1 4.98079E-1
-9999 -9999 -9999 -9999 -9999 -9999 -9999 -9999 -9999 -9999 -9999 -9999 -9999 1.23508E-3 2.1635E-3 9.43633E-4 8.07271E-4 -9999 1.24874E-3 3.26621E-2 1.10493E-2 1.57849E-3 2.95917E-3 6.29772E-3 3.55919E-2 1.10767E-1 2.2343E-1 5.32987E-2 3.29555E-2 1.30517E-2 2.80803E-2 3.64618E-2 2.48158E-2 1.75081E-2 3.35169E-2 1.92155E-1 4.91548E-2 1.50774E-1 1.51951E-1 2.88348E-1 4.2921E-1 6.23517E-1 6.60621E-1 6.57932E-1 6.5424E-1 5.85133E-1 4.25858E-1 4.90109E-1 5.35712E-1 6.90119E-1 6.00557E-1 3.39902E-1 5.04035E-1 7.03496E-1 6.72946E-1 6.5827E-1 6.70143E-1 4.00953E-1 4.65425E-1 5.21655E-1 6.18833E-1
-9999 -9999 -9999 -9999 -9999 -9999 -9999 -9999 -9999 -9999 -9999 -9999 -9999 1.73051E-3 1.1255E-3 8.64965E-4 1.40929E-2 -9999 6.27508E-3 3.70833E-2 6.82942E-3 2.12316E-3 8.82982E-3 3.51368E-2 7.33042E-2 1.8816E-1 4.99965E-1 2.16649E-1 1.43359E-1 2.43757E-2 6.04824E-2 9.27069E-3 2.78071E-3 2.41961E-2 6.48153E-2 1.23332E-1 1.14254E-1 9.56316E-2 6.10886E-1 5.16923E-1 3.72407E-1 6.07924E-1 7.50671E-1 6.56559E-1 6.30092E-1 6.17816E-1 6.76252E-1 7.23127E-1 6.2373E-1 4.86156E-1 4.14695E-1 3.02392E-1 5.08601E-1 6.37683E-1 7.30348E-1 7.08729E-1 6.02844E-1 4.81892E-1 4.35601E-1 4.65349E-1 5.59621E-1
-9999 -9999 -9999 -9999 -9999 -9999 -9999 -9999 -9999 -9999 -9999 -9999 -9999 8.15456E-4 8.83133E-4 5.79345E-4 1.10102E-3 1.69634E-3 1.05346E-3 4.61817E-2 3.87164E-3 7.30346E-4 7.11077E-3 5.48546E-2 2.29762E-1 4.20227E-1 3.29463E-1 1.24037E-1 6.18975E-2 6.1886E-2 4.61101E-2 1.8163E-2 8.89384E-3 1.56832E-1 3.83383E-2 2.9338E-2 9.63994E-2 2.9312E-2 7.81323E-2 4.04453E-1 4.38911E-1 6.63395E-1 6.52741E-1 6.44908E-1 6.57892E-1 6.38504E-1 5.84802E-1 4.54065E-1 6.36979E-1 6.24565E-1 4.93088E-1 4.57222E-1 7.16545E-1 7.10873E-1 7.13571E-1 6.91839E-1 6.53693E-1 6.15294E-1 6.52358E-1 4.4063E-1 5.14207E-1
-9999 -9999 -9999 -9999 -9999 -9999 -9999 -9999 -9999 -9999 -9999 -9999 -9999 1.08866E-3 1.10411E-3 4.61002E-4 2.15658E-3 5.5349E-4 2.82354E-4 1.49394E-2 1.75455E-2 1.85699E-3 5.10149E-3 7.70964E-2 4.3783E-1 3.37582E-1 1.23479E-1 6.48339E-2 4.40733E-2 2.18447E-1 2.47459E-2 2.43251E-2 1.94437E-2 1.8486E-1 1.96813E-2 2.7824E-2 1.26445E-1 1.88457E-2 1.81508E-2 2.80663E-2 3.50409E-1 6.10433E-1 5.8185E-1 6.99444E-1 6.63694E-1 6.39242E-1 6.87506E-1 4.2607E-1 2.8889E-1 4.11611E-1 4.93526E-1 3.84751E-1 6.70752E-1 7.07497E-1 7.28927E-1 6.89458E-1 6.35563E-1 6.60826E-1 6.2856E-1 6.61736E-1 5.3371E-1
-9999 -9999 -9999 -9999 -9999 -9999 -9999 -9999 -9999 -9999 -9999 -9999 -9999 1.21998E-3 1.49273E-3 1.66301E-3 4.18925E-4 3.36788E-4 1.57815E-4 5.94225E-2 2.50943E-3 4.75423E-3 3.25549E-2 3.52843E-1 6.06306E-1 2.83246E-1 2.67951E-1 5.47884E-2 8.19859E-2 1.55624E-1 5.65292E-2 3.23901E-2 7.4253E-2 4.27892E-2 2.097E-2 2.39897E-2 4.30231E-2 2.09787E-2 5.97023E-2 1.57297E-2 1.90512E-1 2.79679E-1 7.00549E-1 5.65349E-1 6.73951E-1 6.87665E-1 4.37812E-1 4.2683E-1 3.67889E-1 6.30468E-1 5.69699E-1 4.61233E-1 6.70078E-1 5.84365E-1 5.82896E-1 6.01663E-1 6.08988E-1 6.2916E-1 6.65979E-1 6.53261E-1 6.02431E-1
-9999 -9999 -9999 -9999 -9999 -9999 -9999 -9999 -9999 -9999 -9999 -9999 -9999 1.47006E-3 2.6814E-3 2.40337E-3 5.51087E-4 1.47248E-4 1.00801E-2 4.17493E-2 5.81553E-3 5.79087E-3 1.37892E-1 5.7616E-1 4.06702E-1 2.45022E-1 4.6899E-1 3.11121E-1 1.00947E-1 7.70394E-2 9.12705E-2 5.72233E-2 7.67966E-2 5.96571E-2 8.74868E-3 6.50199E-2 7.05983E-2 9.78092E-2 1.93375E-1 3.56372E-2 4.9985E-2 2.45547E-1 6.40892E-1 7.01936E-1 4.14359E-1 4.1764E-1 5.42723E-1 5.1369E-1 5.99241E-1 4.50987E-1 3.46852E-1 3.85933E-1 5.485E-1 5.76543E-1 5.4788E-1 3.48951E-1 3.68926E-1 4.60285E-1 5.88575E-1 5.73461E-1 4.71049E-1
-9999 -9999 -9999 -9999 -9999 -9999 -9999 -9999 -9999 -9999 -9999 -9999 -9999 1.77758E-3 1.06032E-3 5.65829E-3 4.32822E-3 5.15196E-3 2.08401E-2 5.4377E-3 1.82682E-2 5.62861E-2 1.32145E-1 2.09875E-1 2.34937E-1 2.13849E-1 3.62832E-1 3.69636E-1 4.30932E-1 2.75335E-1 1.3762E-1 1.02201E-1 2.85664E-2 9.94426E-3 9.78508E-3 3.86618E-2 1.59118E-1 3.05213E-1 5.79092E-1 3.12213E-2 6.56011E-2 4.0361E-1 5.18046E-1 6.61173E-1 4.87234E-1 5.5341E-1 5.91801E-1 5.55412E-1 5.35417E-1 5.00905E-1 3.83728E-1 4.32485E-1 5.65229E-1 5.46613E-1 5.33507E-1 4.34953E-1 3.52347E-1 5.81283E-1 5.1159E-1 5.69252E-1 5.33424E-1
-9999 -9999 -9999 -9999 -9999 -9999 -9999 -9999 -9999 -9999 -9999 -9999 1.65324E-3 1.67209E-3 3.36118E-3 9.08531E-3 1.16452E-2 1.02713E-2 1.04818E-2 1.43686E-3 1.25011E-2 2.73512E-1 2.72872E-1 3.11808E-1 9.01558E-2 2.0163E-1 2.86512E-1 3.50652E-1 3.56872E-1 1.83064E-1 2.96599E-1 7.3811E-2 1.59762E-2 9.13704E-3 1.98575E-2 2.02226E-2 1.16346E-1 3.37002E-1 8.02281E-2 3.36371E-2 1.75954E-2 2.79991E-1 5.55665E-1 6.37363E-1 5.84957E-1 5.89216E-1 5.15041E-1 4.94093E-1 4.38162E-1 6.47387E-1 4.5785E-1 4.35535E-1 4.65217E-1 4.6425E-1 4.76847E-1 4.62562E-1 3.90636E-1 6.68385E-1 5.06948E-1 4.67993E-1 5.97804E-1
-9999 -9999 -9999 -9999 -9999 -9999 -9999 -9999 -9999 -9999 -9999 -9999 4.26991E-3 3.73048E-3 2.76961E-3 4.93211E-3 7.21911E-3 8.85778E-3 4.0837E-3 5.51053E-3 6.04562E-2 2.01402E-1 5.20367E-2 2.13872E-1 1.80804E-1 1.74407E-1 1.38392E-1 2.41865E-1 2.99741E-1 3.25229E-1 3.00685E-1 1.31756E-1 3.02301E-2 4.54596E-2 9.06991E-3 3.08674E-2 2.43598E-1 5.3343E-1 1.46563E-1 1.91904E-2 1.97269E-2 2.62205E-1 3.98316E-1 5.04927E-1 5.02515E-1 5.35304E-1 3.80538E-1 4.73186E-1 5.03649E-1 5.42004E-1 4.32834E-1 3.97326E-1 3.49434E-1 4.46098E-1 4.22493E-1 4.04793E-1 4.18272E-1 4.78071E-1 4.9646E-1 4.1669E-1 4.62237E-1
-9999 -9999 -9999 -9999 -9999 -9999 -9999 -9999 -9999 -9999 -9999 -9999 2.80649E-3 2.58571E-3 2.31246E-3 5.48058E-3 5.58729E-3 4.17768E-3 1.99848E-3 2.38417E-2 1.04284E-1 1.15543E-1 8.29234E-2 2.73631E-2 5.79292E-2 1.2695E-1 2.67047E-1 1.81023E-1 2.48774E-1 2.64351E-1 3.55321E-1 3.61467E-2 1.69974E-2 8.52935E-3 8.12688E-3 2.42629E-2 1.72317E-1 5.06454E-1 1.92823E-1 3.33398E-2 2.51227E-2 4.01838E-1 3.95276E-1 5.46878E-1 4.53966E-1 4.61993E-1 4.22345E-1 4.0628E-1 4.94164E-1 7.28274E-1 6.86601E-1 6.81635E-1 4.37051E-1 3.2998E-1 4.20558E-1 5.64541E-1 6.05868E-1 6.99701E-1 4.67063E-1 4.66302E-1 5.94234E-1
-9999 -9999 -9999 -9999 -9999 -9999 -9999 -9999 -9999 -9999 -9999 -9999 1.24924E-2 2.44269E-3 1.36168E-2 1.11316E-2 3.19508E-2 1.00391E-3 7.73267E-3 1.36355E-2 3.59633E-2 5.68955E-2 8.86786E-2 1.00076E-1 5.39816E-2 7.68799E-2 1.40128E-1 1.72393E-1 3.11686E-1 4.19365E-1 3.4605E-1 8.88685E-2 2.25243E-2 1.24492E-2 7.09005E-3 7.70455E-3 6.94023E-2 2.96185E-1 5.33671E-2 1.00925E-1 5.10205E-2 3.08944E-1 3.95386E-1 4.65727E-1 5.14285E-1 5.30505E-1 4.91869E-1 3.4435E-1 4.24114E-1 6.34875E-1 6.75205E-1 6.59501E-1 6.51357E-1 4.26732E-1 7.12174E-1 6.1396E-1 7.72505E-1 5.48566E-1 3.54971E-1 4.54529E-1 4.20883E-1
-9999 -9999 -9999 -9999 -9999 -9999 -9999 -9999 -9999 -9999 -9999 3.03832E-3 2.77481E-3 1.6889E-2 6.43336E-3 4.0618E-4 1.50211E-2 6.08853E-3 2.53823E-2 2.21445E-1 1.05311E-1 5.33084E-2 1.12887E-1 1.02554E-1 1.72921E-2 7.7697E-2 1.5235E-1 3.60769E-1 3.14189E-1 4.54841E-1 4.98538E-1 4.02234E-1 2.32071E-2 2.67968E-2 1.10997E-2 1.2101E-2 4.94739E-2 5.65288E-1 3.66684E-1 1.94114E-1 4.17103E-1 2.00702E-1 6.30494E-1 5.6529E-1 5.09219E-1 6.09373E-1 4.46415E-1 2.66481E-1 4.18689E-1 5.01661E-1 4.41882E-1 3.51383E-1 5.91931E-1 7.16799E-1 4.79795E-1 4.18594E-1 3.59872E-1 3.90064E-1 4.36082E-1 5.03781E-1 3.93345E-1
-9999 -9999 -9999 -9999 -9999 -9999 -9999 -9999 -9999 -9999 -9999 1.89237E-3 7.25024E-3 4.44605E-2 2.63347E-2 1.08111E-2 1.30761E-2 9.38507E-3 8.24623E-2 1.90667E-1 1.64171E-1 3.29127E-2 3.45657E-2 4.62878E-2 1.13218E-1 1.71215E-1 1.89606E-1 2.57858E-2 1.72182E-2 5.91846E-1 5.02961E-1 6.19267E-1 2.28997E-1 1.75601E-2 1.66147E-2 1.05169E-2 2.90212E-2 6.36936E-1 9.22285E-2 5.46847E-1 4.42762E-1 2.92179E-1 7.43633E-1 5.42788E-1 5.45295E-1 1.69086E-1 1.32952E-1 4.47173E-1 4.30302E-1 6.2908E-1 4.89849E-1 3.23507E-1 5.17525E-1 5.87672E-1 3.15649E-1 3.47663E-1 3.01624E-1 3.1658E-1 4.12012E-1 4.4614E-1 4.66554E-1
-9999 -9999 -9999 -9999 -9999 -9999 -9999 -9999 -9999 -9999 4.36397E-4 6.55437E-4 8.09677E-3 2.70794E-2 8.01344E-2 4.9692E-3 2.57376E-3 9.0779E-3 6.57725E-2 4.63067E-2 6.15687E-2 9.49499E-2 1.18631E-1 7.97067E-2 1.37373E-1 3.0995E-1 1.24967E-1 2.0716E-2 6.66492E-2 1.90686E-1 1.95042E-1 6.95176E-1 3.66517E-1 1.26773E-2 2.57482E-2 1.86842E-2 1.04589E-1 6.40698E-1 1.48766E-1 3.61327E-1 7.14596E-1 3.90974E-1 6.35049E-1 7.21487E-1 4.53084E-1 6.04571E-1 2.66444E-1 4.44665E-1 5.22863E-1 2.6552E-1 4.74746E-1 2.77533E-1 2.64918E-1 2.91337E-1 3.15086E-1 3.06742E-1 3.1953E-1 3.94442E-1 3.2454E-1 3.18466E-1 3.71519E-1
-9999 -9999 -9999 -9999 -9999 -9999 -9999 -9999 -9999 -9999 3.81108E-4 3.55257E-4 1.87357E-2 4.47781E-2 1.47245E-2 3.62348E-3 2.99323E-3 1.86427E-2 1.93388E-2 2.67569E-2 2.62545E-2 6.81698E-2 8.076E-2 1.05823E-1 1.17361E-1 1.11392E-1 1.75096E-1 1.68223E-1 2.84483E-1 3.34408E-1 1.21898E-1 1.45095E-1 3.80263E-2 2.34911E-2 2.14998E-2 2.06943E-2 1.27841E-1 3.73098E-1 1.76456E-1 4.97557E-1 7.79756E-1 1.47057E-1 3.28624E-1 6.33251E-1 5.47993E-1 3.77228E-1 4.08302E-1 3.05525E-1 2.80817E-1 3.65646E-1 2.53937E-1 3.48233E-1 2.89868E-1 2.93841E-1 3.72403E-1 4.68863E-1 3.61376E-1 3.60322E-1 3.76871E-1 3.90086E-1 3.99973E-1
-9999 -9999 -9999 -9999 -9999 -9999 -9999 -9999 -9999 -9999 2.69629E-4 3.25141E-4 2.93817E-2 1.58973E-2 2.96423E-3 2.91836E-3 4.25319E-3 1.58125E-2 4.29902E-2 2.89901E-2 1.67142E-2 2.63051E-2 2.89782E-2 3.77849E-2 9.37731E-2 6.84156E-2 3.07793E-1 6.10849E-2 2.45147E-1 2.80753E-1 6.23405E-2 4.12603E-2 3.41176E-2 3.99784E-2 4.18568E-2 4.92369E-2 1.99295E-1 2.07545E-1 3.04851E-1 2.94556E-1 6.23378E-1 4.82699E-1 6.54016E-1 6.2046E-1 6.19315E-1 5.95217E-1 2.04783E-1 2.92538E-1 3.11611E-1 3.32386E-1 4.66714E-1 5.4103E-1 5.05325E-1 3.29122E-1 3.74352E-1 2.71667E-1 2.51384E-1 2.92471E-1 5.17088E-1 3.73696E-1 3.02526E-1
-9999 -9999 -9999 -9999 -9999 -9999 -9999 -9999 -9999 2.00687E-4 2.04866E-4 3.7796E-4 1.23859E-2 3.64677E-3 1.01784E-3 1.36628E-3 1.04091E-2 3.73816E-2 5.3913E-2 1.80398E-2 2.43708E-2 3.26802E-2 3.9584E-2 4.80265E-2 3.89427E-2 3.66463E-2 4.42677E-1 8.54453E-2 6.22965E-2 4.66767E-2 5.14005E-2 8.51458E-2 1.14842E-1 1.07586E-1 1.10858E-1 1.40139E-1 1.90712E-1 2.1439E-1 5.32842E-1 2.53439E-1 7.09757E-1 5.95693E-1 7.16645E-1 4.58056E-1 6.27353E-1 4.42905E-1 4.75177E-1 4.61585E-1 4.16988E-1 2.84116E-1 2.99794E-1 3.69682E-1 3.33086E-1 4.97959E-1 6.00676E-1 5.53736E-1 4.4481E-1 4.0761E-1 3.21059E-1 3.9647E-1 3.98013E-1
-9999 -9999 -9999 -9999 -9999 -9999 -9999 -9999 -9999 3.19693E-4 2.18959E-4 4.55992E-4 2.33045E-3 8.20907E-4 7.56163E-4 1.21973E-3 1.26173E-2 1.78607E-2 3.71689E-2 3.18185E-2 7.07379E-2 3.65898E-2 3.68266E-2 4.76396E-2 4.79865E-2 8.33761E-2 3.0555E-1 2.6618E-1 2.24161E-1 1.37213E-1 1.47028E-1 1.77666E-1 8.9651E-2 1.20722E-1 3.30187E-1 4.0267E-1 2.7597E-1 5.41735E-1 4.5207E-1 5.91189E-1 7.66361E-1 7.75215E-1 4.13054E-1 4.7145E-1 6.97799E-1 6.70412E-1 5.87862E-1 3.76855E-1 5.73325E-1 5.68679E-1 5.72627E-1 5.8508E-1 3.89523E-1 5.34073E-1 5.21121E-1 6.36954E-1 5.1841E-1 4.06909E-1 4.43824E-1 2.86669E-1 2.47285E-1
-9999 -9999 -9999 -9999 -9999 -9999 -9999 -9999 1.87875E-4 2.40074E-4 7.23791E-4 8.34708E-3 7.68642E-4 9.15252E-4 1.70472E-3 1.06957E-2 1.45689E-2 2.79504E-2 3.5093E-2 4.15286E-2 7.05145E-2 8.07572E-2 5.45397E-2 8.6873E-2 6.44703E-2 2.46393E-1 1.9647E-1 2.89443E-1 1.82998E-1 3.11871E-1 2.2869E-1 1.88259E-1 6.54749E-2 1.67889E-1 2.90211E-1 2.5502E-1 3.11015E-1 6.60931E-1 5.7068E-1 8.49523E-1 7.94689E-1 7.01249E-1 4.92368E-1 3.77339E-1 1.87342E-1 4.45267E-1 9.2574E-2 2.82112E-1 3.84079E-1 6.07183E-1 4.61167E-1 4.41642E-1 2.94954E-1 3.65523E-1 3.10953E-1 6.66492E-1 6.26046E-1 6.39054E-1 4.33806E-1 2.75957E-1 3.00435E-1
-9999 -9999 -9999 -9999 -9999 -9999 -9999 5.41739E-4 5.24291E-4 2.82977E-4 2.84371E-3 8.6927E-3 6.25767E-4 9.36371E-4 3.38494E-3 2.69911E-2 3.21396E-2 4.23931E-2 5.48109E-2 6.54148E-2 7.75777E-2 6.9074E-2 7.25418E-2 9.73799E-2 7.89139E-2 1.391E-1 1.30959E-1 3.82375E-1 4.25777E-1 4.07858E-1 2.02103E-1 1.53892E-1 8.57991E-2 1.04293E-1 2.11102E-1 3.56485E-1 7.53552E-1 7.14342E-1 7.55795E-1 8.3358E-1 7.51767E-1 6.28818E-1 3.5049E-1 2.62783E-1 1.68661E-1 4.4807E-1 3.24118E-1 6.26647E-2 3.21541E-1 7.0172E-1 5.7323E-1 5.47235E-1 7.12887E-1 4.03899E-1 6.05887E-1 6.25912E-1 6.95291E-1 6.68781E-1 6.14463E-1 3.52615E-1 3.1278E-1
-9999 -9999 -9999 -9999 -9999 -9999 -9999 1.65498E-4 1.18864E-4 1.45281E-4 9.73015E-4 1.04016E-3 4.93069E-4 2.09708E-3 1.66565E-2 2.98182E-2 3.39869E-2 1.27879E-1 6.32504E-2 5.424E-2 7.23836E-2 1.23195E-1 1.87786E-1 1.44238E-1 1.41399E-1 9.78539E-2 1.69738E-1 3.49746E-1 1.73174E-1 4.15744E-1 1.56165E-1 8.13845E-2 1.12719E-1 2.8784E-1 3.09114E-1 6.58626E-1 6.79544E-1 7.46138E-1 8.10219E-1 8.52159E-1 8.28375E-1 6.09271E-1 4.97003E-1 3.79879E-1 2.72253E-1 1.95864E-1 3.39243E-1 3.16288E-1 5.18772E-1 3.48376E-1 4.24985E-1 4.65664E-1 4.73756E-1 5.8351E-1 4.40939E-1 6.93353E-1 5.34664E-1 6.58291E-1 6.20941E-1 3.65276E-1 3.41756E-1
-9999 -9999 -9999 -9999 -9999 -9999 -9999 3.54341E-4 3.37425E-4 2.04275E-4 1.11322E-3 1.6269E-3 1.79404E-3 2.3676E-3 3.02033E-2 2.94726E-2 4.45391E-2 1.1862E-1 5.94547E-2 5.22825E-2 7.01554E-2 8.50388E-2 2.98268E-1 1.72384E-1 9.36862E-2 7.31903E-2 7.23975E-2 3.33565E-1 1.01751E-1 2.27773E-1 2.87665E-1 9.32695E-2 3.58343E-1 3.45959E-1 4.3194E-1 6.10551E-1 7.74376E-1 7.42641E-1 7.89995E-1 7.12655E-1 6.10158E-1 5.09151E-1 3.83997E-1 1.8158E-1 9.54592E-2 1.60455E-1 2.60366E-1 1.54924E-1 4.46769E-1 6.85343E-1 6.27351E-1 5.84349E-1 6.08775E-1 3.50603E-1 5.64624E-1 5.57432E-1 3.80181E-1 6.19372E-1 4.9933E-1 3.25848E-1 4.54364E-1
