Candidate_Models_Sept202022/M_0.2_F_lqp_Set_1_cal/Bison.asc
ncols         97
nrows         127
xllcorner     -2197417.7431653
yllcorner     -584827.01486885
cellsize      30000.0
NODATA_value  -9999
[rows 0 to 26 of 127, columns 0 to 60 of 97]
-9999 -9999 -9999 -9999 -9999 -9999 -9999 -9999 -9999 -9999 -9999 -9999 -9999 -9999 -9999 -9999 -9999 -9999 -9999 -9999 -9999 -9999 -9999 -9999 -9999 -9999 -9999 -9999 -9999 -9999 -9999 -9999 -9999 -9999 -9999 -9999 -9999 -9999 -9999 -9999 -9999 -9999 -9999 -9999 -9999 -9999 -9999 -9999 -9999 -9999 -9999 -9999 -9999 -9999 -9999 -9999 -9999 -9999 -9999 -9999 -9999
-9999 -9999 -9999 -9999 -9999 -9999 -9999 -9999 -9999 -9999 -9999 -9999 -9999 -9999 -9999 -9999 -9999 -9999 -9999 -9999 -9999 -9999 -9999 -9999 -9999 -9999 -9999 -9999 -9999 -9999 -9999 -9999 -9999 -9999 -9999 -9999 -9999 -9999 -9999 -9999 -9999 -9999 -9999 -9999 -9999 -9999 -9999 -9999 -9999 -9999 -9999 -9999 -9999 -9999 -9999 -9999 -9999 -9999 -9999 -9999 -9999
-9999 -9999 -9999 -9999 -9999 -9999 -9999 -9999 -9999 -9999 -9999 -9999 -9999 -9999 -9999 -9999 -9999 -9999 -9999 -9999 -9999 -9999 -9999 -9999 -9999 -9999 -9999 -9999 -9999 -9999 -9999 -9999 -9999 -9999 -9999 -9999 -9999 -9999 -9999 -9999 -9999 -9999 -9999 -9999 -9999 -9999 -9999 -9999 -9999 -9999 -9999 -9999 -9999 -9999 -9999 -9999 -9999 -9999 -9999 -9999 -9999
-9999 -9999 -9999 -9999 -9999 -9999 -9999 -9999 -9999 -9999 -9999 -9999 -9999 -9999 -9999 -9999 -9999 -9999 -9999 1.97247E-2 2.21094E-2 1.15784E-2 1.97348E-2 -9999 -9999 -9999 -9999 -9999 -9999 -9999 -9999 -9999 -9999 -9999 -9999 -9999 -9999 -9999 -9999 -9999 -9999 -9999 -9999 -9999 -9999 -9999 -9999 -9999 -9999 -9999 -9999 -9999 -9999 -9999 -9999 -9999 -9999 -9999 -9999 -9999 -9999
-9999 -9999 -9999 -9999 -9999 -9999 -9999 -9999 -9999 -9999 -9999 -9999 -9999 -9999 -9999 -9999 -9999 -9999 2.066E-2 1.78228E-2 1.89996E-2 2.17151E-2 2.04251E-2 1.59944E-2 1.00645E-2 -9999 -9999 -9999 -9999 -9999 -9999 -9999 -9999 -9999 -9999 -9999 -9999 -9999 -9999 -9999 -9999 -9999 -9999 -9999 -9999 -9999 -9999 -9999 -9999 -9999 -9999 -9999 -9999 -9999 -9999 -9999 -9999 -9999 -9999 -9999 -9999
-9999 -9999 -9999 -9999 -9999 -9999 -9999 -9999 -9999 -9999 -9999 -9999 -9999 -9999 -9999 -9999 -9999 -9999 1.46217E-2 1.26821E-2 1.34407E-2 1.69788E-2 1.52649E-2 9.25918E-3 7.87684E-3 -9999 -9999 -9999 -9999 -9999 -9999 -9999 -9999 -9999 -9999 -9999 -9999 -9999 -9999 -9999 -9999 -9999 -9999 -9999 -9999 -9999 -9999 -9999 -9999 -9999 -9999 -9999 -9999 -9999 -9999 -9999 -9999 -9999 -9999 -9999 -9999
-9999 -9999 -9999 -9999 -9999 -9999 -9999 -9999 -9999 -9999 -9999 -9999 -9999 -9999 -9999 -9999 -9999 1.10019E-2 1.35146E-2 4.25903E-3 4.9133E-3 7.415E-3 1.11672E-2 8.54044E-3 6.31813E-3 6.01024E-3 -9999 8.84288E-3 8.35346E-3 9.96925E-3 -9999 -9999 -9999 -9999 -9999 -9999 -9999 -9999 7.59185E-3 -9999 -9999 -9999 -9999 -9999 -9999 -9999 -9999 -9999 -9999 -9999 -9999 -9999 -9999 -9999 -9999 -9999 -9999 -9999 -9999 -9999 -9999
-9999 -9999 -9999 -9999 -9999 -9999 -9999 -9999 -9999 -9999 -9999 -9999 -9999 -9999 -9999 -9999 1.45196E-2 1.54384E-2 3.88706E-3 2.64732E-3 2.61961E-3 3.14954E-3 5.55662E-3 7.70363E-3 7.07352E-3 6.23405E-3 7.95105E-3 7.76139E-3 7.41551E-3 7.93375E-3 8.6348E-3 8.82627E-3 8.00433E-3 7.59791E-3 7.94382E-3 8.57604E-3 9.08335E-3 -9999 6.69237E-3 6.09521E-3 -9999 -9999 -9999 -9999 -9999 -9999 -9999 -9999 -9999 -9999 -9999 -9999 -9999 -9999 -9999 -9999 -9999 -9999 -9999 -9999 -9999
-9999 -9999 -9999 -9999 -9999 -9999 -9999 -9999 -9999 -9999 -9999 -9999 -9999 -9999 -9999 2.63022E-2 2.72236E-2 1.22632E-2 2.91391E-3 1.99894E-3 1.62267E-3 1.99172E-3 3.97797E-3 7.61316E-3 8.27677E-3 6.82639E-3 1.36321E-2 1.48667E-2 7.27748E-3 6.26039E-3 7.04561E-3 7.37329E-3 7.40253E-3 7.25042E-3 8.04241E-3 1.1403E-2 9.95114E-3 1.00855E-2 6.97172E-3 6.81968E-3 -9999 -9999 -9999 -9999 -9999 -9999 -9999 -9999 -9999 -9999 -9999 -9999 -9999 -9999 -9999 -9999 -9999 -9999 -9999 -9999 -9999
-9999 -9999 -9999 -9999 -9999 -9999 -9999 -9999 -9999 -9999 -9999 -9999 -9999 -9999 -9999 3.74054E-2 2.52937E-2 1.09061E-2 2.64009E-3 2.91479E-3 3.77925E-3 4.49088E-3 5.01984E-3 6.8542E-3 8.69388E-3 6.66332E-3 1.27776E-2 1.24895E-2 6.30076E-3 6.31897E-3 9.95421E-3 9.01218E-3 8.80983E-3 1.1299E-2 1.01552E-2 1.3992E-2 1.57016E-2 1.31517E-2 9.32829E-3 -9999 -9999 -9999 6.03355E-3 -9999 -9999 -9999 -9999 -9999 -9999 -9999 -9999 -9999 -9999 -9999 -9999 -9999 -9999 -9999 -9999 -9999 -9999
-9999 -9999 -9999 -9999 -9999 -9999 -9999 -9999 -9999 -9999 -9999 -9999 -9999 -9999 1.31706E-2 2.56667E-2 2.03776E-2 1.02051E-2 7.98819E-3 4.52597E-3 5.20292E-3 5.62917E-3 7.79664E-3 8.72115E-3 7.76501E-3 1.24832E-2 1.48419E-2 1.07252E-2 1.10215E-2 7.00175E-3 1.35295E-2 9.76235E-3 8.1077E-3 1.39122E-2 2.08695E-2 1.93285E-2 1.95923E-2 1.31583E-2 8.7133E-3 -9999 -9999 6.21899E-3 -9999 -9999 -9999 -9999 -9999 -9999 -9999 -9999 -9999 -9999 -9999 -9999 -9999 -9999 -9999 -9999 -9999 -9999 -9999
-9999 -9999 -9999 -9999 -9999 -9999 -9999 -9999 -9999 -9999 -9999 -9999 -9999 1.09476E-2 2.67783E-2 3.20695E-2 2.37123E-2 9.30118E-3 7.61313E-3 5.56541E-3 6.1198E-3 7.76666E-3 1.17068E-2 1.17126E-2 1.0203E-2 1.349E-2 1.39843E-2 1.24146E-2 5.99847E-3 5.63415E-3 6.6519E-3 9.9258E-3 1.03367E-2 1.70806E-2 2.12446E-2 2.10606E-2 2.22181E-2 1.28062E-2 8.97656E-3 6.44586E-3 5.35997E-3 5.76757E-3 -9999 7.86359E-3 7.87622E-3 -9999 -9999 -9999 -9999 -9999 -9999 -9999 -9999 -9999 -9999 -9999 -9999 -9999 -9999 -9999 -9999
-9999 -9999 -9999 -9999 -9999 -9999 -9999 -9999 -9999 -9999 -9999 -9999 -9999 2.81443E-2 2.84076E-2 1.9938E-2 1.26021E-2 8.63006E-3 1.21438E-2 1.66075E-3 3.58271E-3 4.88572E-3 8.82895E-3 7.00466E-3 6.89179E-3 1.08627E-2 1.16439E-2 6.74953E-3 6.6873E-3 6.0965E-3 9.43476E-3 1.0609E-2 1.47834E-2 1.47836E-2 1.81108E-2 2.15559E-2 1.12385E-2 1.09199E-2 7.09043E-3 4.96813E-3 4.92004E-3 7.29285E-3 8.05918E-3 8.78413E-3 9.15692E-3 1.00628E-2 -9999 -9999 -9999 -9999 -9999 -9999 -9999 -9999 -9999 -9999 -9999 -9999 -9999 -9999 -9999
-9999 -9999 -9999 -9999 -9999 -9999 -9999 -9999 -9999 -9999 -9999 -9999 3.34565E-2 3.17347E-2 2.53623E-2 1.51984E-2 1.03135E-2 7.76784E-3 1.18236E-2 5.57607E-3 4.67035E-3 6.07129E-3 6.77187E-3 8.1712E-3 7.69699E-3 4.74513E-3 8.6359E-3 3.90231E-3 1.46438E-2 1.82069E-2 1.35159E-2 8.35946E-3 7.38142E-3 1.01115E-2 1.04982E-2 1.27067E-2 7.46882E-3 8.53859E-3 7.79461E-3 4.97898E-3 4.58821E-3 5.20531E-3 7.85099E-3 9.42953E-3 1.02895E-2 1.00674E-2 9.76762E-3 -9999 -9999 -9999 3.4805E-3 2.68229E-3 -9999 -9999 -9999 -9999 -9999 -9999 -9999 -9999 -9999
-9999 -9999 -9999 -9999 -9999 -9999 -9999 -9999 -9999 -9999 -9999 2.09064E-2 1.6929E-2 2.77831E-2 1.42702E-2 1.16717E-2 5.2637E-3 4.13594E-3 6.62637E-3 8.00328E-3 6.04022E-3 1.14389E-2 1.13969E-2 1.15259E-2 3.57069E-3 3.03284E-3 1.2097E-2 1.21436E-2 8.74481E-3 7.80311E-3 8.09509E-3 8.81436E-3 5.71184E-3 5.69734E-3 1.32897E-2 1.68283E-2 1.46708E-2 1.15617E-2 9.44827E-3 5.70725E-3 5.24033E-3 5.52475E-3 6.69406E-3 8.05375E-3 8.37972E-3 8.92299E-3 8.36375E-3 7.13554E-3 -9999 -9999 -9999 3.30259E-3 2.77982E-3 -9999 -9999 -9999 -9999 -9999 -9999 -9999 -9999
-9999 -9999 -9999 -9999 -9999 -9999 -9999 -9999 -9999 -9999 -9999 1.99589E-2 1.35579E-2 1.00517E-2 5.64786E-3 2.78932E-3 2.63355E-3 4.22187E-3 3.26836E-3 5.68324E-3 8.4246E-3 9.73517E-3 1.14536E-2 1.32143E-2 2.5318E-3 3.57539E-3 9.76657E-3 2.0699E-2 2.64225E-2 1.89047E-2 7.84736E-3 6.58092E-3 4.95216E-3 5.304E-3 1.31722E-2 1.49121E-2 1.15565E-2 1.00078E-2 7.7766E-3 5.78369E-3 6.10429E-3 6.51034E-3 6.72699E-3 8.77972E-3 6.38532E-3 7.14366E-3 6.37632E-3 5.94006E-3 6.26603E-3 -9999 -9999 3.78399E-3 3.40472E-3 3.18362E-3 3.3504E-3 -9999 -9999 -9999 -9999 -9999 -9999
-9999 -9999 -9999 -9999 -9999 -9999 -9999 -9999 -9999 -9999 2.19321E-2 2.7794E-2 2.37829E-2 6.12115E-3 2.38055E-3 2.11336E-3 2.79158E-3 2.65286E-3 3.80146E-3 4.82678E-3 1.81558E-2 1.04474E-2 5.71901E-3 1.28074E-2 3.93184E-3 4.99099E-3 4.65125E-3 6.134E-3 1.97545E-2 7.57769E-3 9.43797E-3 5.87064E-3 1.26495E-2 8.7802E-3 1.84249E-2 2.11811E-2 1.90113E-2 1.57154E-2 1.61928E-2 8.08303E-3 6.57849E-3 6.76726E-3 7.02244E-3 7.42122E-3 6.18302E-3 5.60257E-3 5.2269E-3 5.87264E-3 6.12545E-3 5.43905E-3 4.87124E-3 6.19052E-3 -9999 -9999 3.6734E-3 3.58641E-3 -9999 -9999 -9999 -9999 -9999
-9999 -9999 -9999 -9999 -9999 -9999 -9999 -9999 -9999 4.69419E-2 1.80875E-2 2.31883E-2 1.19317E-2 5.33844E-3 2.81719E-3 3.02039E-3 2.69708E-3 3.07078E-3 3.1066E-3 6.58341E-3 1.52448E-2 1.45737E-2 7.78785E-3 8.30153E-3 3.18671E-3 4.41753E-3 5.80105E-3 4.60772E-3 6.60666E-3 9.51707E-3 2.03064E-2 1.03797E-2 9.61618E-3 1.85823E-2 1.92322E-2 1.79972E-2 1.89994E-2 3.07422E-2 3.14738E-2 2.28397E-2 7.10229E-3 6.89201E-3 6.72546E-3 7.0185E-3 6.39972E-3 5.12371E-3 5.2464E-3 5.90734E-3 5.72961E-3 4.86669E-3 4.9839E-3 5.36745E-3 5.05403E-3 -9999 3.53334E-3 3.64388E-3 3.35356E-3 2.86262E-3 -9999 -9999 -9999
-9999 -9999 -9999 -9999 -9999 -9999 -9999 -9999 1.73655E-2 2.5211E-2 3.42987E-2 2.06089E-2 1.40785E-2 1.21924E-2 1.12091E-2 8.46277E-3 5.73077E-3 6.38044E-3 4.93653E-3 6.39405E-3 1.01118E-2 1.03474E-2 1.46174E-2 1.34546E-2 4.92478E-3 4.9297E-3 4.24087E-3 3.97436E-3 4.48889E-3 4.00914E-3 1.35812E-2 1.50409E-2 1.72071E-2 2.53025E-2 2.40937E-2 1.69293E-2 2.03182E-2 3.44448E-2 3.70806E-2 5.4713E-2 1.48752E-2 8.42157E-3 6.80508E-3 6.92633E-3 5.93605E-3 5.0897E-3 5.87951E-3 6.47348E-3 5.69918E-3 4.94264E-3 4.95929E-3 5.19066E-3 5.46767E-3 5.71703E-3 3.9807E-3 3.75839E-3 3.03669E-3 2.75649E-3 2.54344E-3 2.26138E-3 2.21855E-3
-9999 -9999 -9999 -9999 -9999 -9999 -9999 -9999 1.2561E-2 8.73672E-3 2.55914E-2 3.35328E-2 1.71166E-2 1.65208E-2 1.84305E-2 2.80712E-2 1.19928E-2 1.0257E-2 9.29104E-3 7.05955E-3 7.72276E-3 8.78495E-3 8.75482E-3 1.41925E-2 7.52524E-3 1.09338E-2 5.87917E-3 4.51598E-3 8.75901E-3 9.1983E-3 1.71062E-2 2.03901E-2 2.32176E-2 3.17819E-2 2.5486E-2 2.32243E-2 2.7173E-2 3.27088E-2 3.41388E-2 4.13656E-2 2.16594E-2 8.40904E-3 7.52409E-3 7.10861E-3 6.7092E-3 6.65398E-3 7.09624E-3 7.52226E-3 7.07558E-3 5.44657E-3 5.03939E-3 5.72481E-3 6.20991E-3 6.07703E-3 -9999 4.33277E-3 3.61404E-3 3.61259E-3 2.50496E-3 2.43529E-3 2.14947E-3
-9999 -9999 -9999 -9999 -9999 -9999 -9999 3.31807E-2 3.25968E-2 2.10019E-2 2.9805E-2 2.97911E-2 3.7769E-2 2.54617E-2 2.27279E-2 2.53533E-2 1.72863E-2 2.01617E-2 1.50847E-2 1.06376E-2 1.03258E-2 1.38677E-2 8.81553E-3 1.04647E-2 5.61451E-3 1.40337E-2 1.84112E-2 7.78996E-3 1.31722E-2 1.73366E-2 1.8733E-2 2.43868E-2 2.7336E-2 4.11295E-2 4.47393E-2 4.96105E-2 1.77901E-2 3.3232E-2 2.3686E-2 4.63584E-2 1.61547E-2 9.51023E-3 8.54926E-3 8.00352E-3 8.32132E-3 7.86184E-3 7.51222E-3 7.40341E-3 7.29527E-3 7.23723E-3 6.38947E-3 6.36895E-3 -9999 -9999 -9999 -9999 -9999 -9999 -9999 -9999 -9999
-9999 -9999 -9999 -9999 -9999 -9999 3.17711E-2 5.00896E-2 3.71915E-2 3.90841E-2 4.19065E-2 2.94481E-2 3.79985E-2 3.18732E-2 4.58075E-2 1.86437E-2 2.09518E-2 2.80616E-2 2.7827E-2 1.83415E-2 1.59682E-2 1.13785E-2 7.20209E-3 1.46034E-2 8.07937E-3 7.99058E-3 1.77133E-2 2.12047E-2 1.06139E-2 9.38816E-3 1.2287E-2 1.27504E-2 2.98845E-2 6.57719E-2 5.48489E-2 1.86861E-2 4.77309E-2 2.79879E-2 5.47849E-2 5.32374E-2 1.25866E-2 2.07851E-2 1.27189E-2 1.09762E-2 9.84382E-3 8.82421E-3 8.45965E-3 8.10842E-3 7.67306E-3 6.98626E-3 7.39674E-3 7.38432E-3 6.22838E-3 6.47545E-3 -9999 -9999 -9999 -9999 -9999 -9999 -9999
-9999 -9999 -9999 -9999 -9999 -9999 3.5616E-2 3.68138E-2 3.13542E-2 3.81517E-2 3.72337E-2 2.11191E-2 4.06582E-2 1.90549E-2 2.31918E-2 2.87467E-2 3.21156E-2 3.9035E-2 3.49094E-2 2.69009E-2 1.34062E-2 1.70257E-2 1.06662E-2 1.00274E-2 1.15716E-2 1.48038E-2 1.08599E-2 1.33279E-2 1.94263E-2 7.78375E-3 2.59901E-2 2.05138E-2 3.70834E-2 1.8678E-2 1.90178E-2 3.03401E-2 4.57841E-2 5.03508E-2 2.89844E-2 3.21722E-2 1.95417E-2 2.39475E-2 1.37242E-2 1.42034E-2 1.59241E-2 1.4623E-2 1.39299E-2 1.01538E-2 9.02856E-3 7.12657E-3 6.56075E-3 4.79493E-3 4.3982E-3 4.53153E-3 4.60081E-3 4.91257E-3 4.12838E-3 3.41458E-3 3.6012E-3 3.74122E-3 2.61778E-3
-9999 -9999 -9999 -9999 -9999 3.1339E-2 3.38115E-2 3.35644E-2 2.28539E-2 4.65743E-2 5.44649E-2 4.81715E-2 3.6309E-2 2.92583E-2 2.84678E-2 3.12391E-2 4.26016E-2 4.36477E-2 3.43086E-2 3.32786E-2 3.13282E-2 2.69094E-2 1.71619E-2 1.54012E-2 1.89982E-2 1.41787E-2 9.09189E-3 6.86434E-3 2.09946E-2 1.55365E-2 7.01458E-3 2.70008E-2 4.03606E-2 4.62516E-2 2.40098E-2 2.4747E-2 4.40599E-2 -9999 -9999 2.00479E-2 -9999 -9999 -9999 3.57367E-2 2.28384E-2 1.41363E-2 1.09472E-2 8.64035E-3 7.0762E-3 7.51461E-3 6.66443E-3 4.20446E-3 3.84933E-3 3.74972E-3 4.08622E-3 4.38294E-3 2.8076E-3 2.79179E-3 2.52462E-3 2.7393E-3 2.86826E-3
-9999 -9999 -9999 -9999 1.4247E-2 2.08771E-2 1.88274E-2 2.34333E-2 2.98543E-2 5.20976E-2 9.74489E-2 6.0442E-2 3.05054E-2 2.10048E-2 3.34452E-2 4.77225E-2 3.96844E-2 4.40021E-2 4.45332E-2 4.85779E-2 5.97034E-2 3.20492E-2 2.25333E-2 2.12662E-2 1.88013E-2 1.68663E-2 1.01835E-2 9.11582E-3 8.07653E-3 8.58001E-3 2.22769E-2 2.76786E-2 4.45161E-2 5.59449E-2 9.19083E-3 4.03981E-2 4.46528E-2 5.56364E-2 1.10459E-1 4.93549E-2 1.00087E-1 -9999 2.47864E-2 3.92325E-2 1.83939E-2 1.18433E-2 1.30003E-2 1.57927E-2 1.02687E-2 1.16361E-2 8.04311E-3 4.07602E-3 4.29541E-3 3.95333E-3 3.43118E-3 2.55834E-3 2.08427E-3 2.2774E-3 1.879E-3 2.07978E-3 2.7579E-3
-9999 -9999 -9999 3.26668E-2 4.33003E-2 4.6656E-2 3.83439E-2 2.87159E-2 3.85082E-2 1.27423E-1 7.46004E-2 8.35788E-2 4.91145E-2 2.50463E-2 3.78671E-2 3.56413E-2 3.76943E-2 3.65511E-2 5.92698E-2 5.40809E-2 3.23021E-2 1.57336E-2 2.0601E-2 1.97591E-2 1.04411E-2 9.66711E-3 1.02751E-2 1.14905E-2 1.11383E-2 6.02126E-3 1.62841E-2 4.31062E-2 3.90393E-2 3.33474E-2 2.32818E-2 4.61475E-2 5.83277E-2 4.53284E-2 5.03076E-2 3.33333E-2 7.39902E-2 3.67059E-2 -9999 -9999 1.31624E-2 1.57987E-2 5.222E-2 4.42964E-2 1.66931E-2 9.35959E-3 1.34476E-2 6.53318E-3 4.36893E-3 4.30251E-3 3.40684E-3 2.33332E-3 2.19551E-3 2.08934E-3 2.03226E-3 1.92873E-3 2.79111E-3
-9999 -9999 -9999 1.99947E-3 3.02394E-2 5.79855E-2 6.4398E-2 5.59857E-2 6.39171E-2 6.97433E-2 3.94859E-2 6.45896E-2 4.27218E-2 4.12602E-2 3.22418E-2 3.08236E-2 3.11416E-2 3.12292E-2 3.61426E-2 2.27004E-2 1.40219E-2 1.07101E-2 7.71681E-3 9.61734E-3 7.66247E-3 1.23358E-2 1.43673E-2 1.76332E-2 9.32219E-3 8.31485E-3 1.18801E-2 2.6898E-2 1.84347E-2 2.38794E-2 1.91368E-2 3.5867E-2 5.4744E-2 7.46162E-2 3.12286E-2 1.52882E-2 -9999 -9999 -9999 -9999 -9999 9.32619E-2 9.34618E-2 3.80767E-2 1.41623E-2 1.05706E-2 9.60963E-3 1.83148E-2 4.65081E-3 4.59729E-3 2.83484E-3 2.0137E-3 2.24729E-3 2.3544E-3 2.77434E-3 3.47975E-3 5.20753E-3
