Candidate_Models_Sept202022/M_0.2_F_lqp_Set_1_cal/Bison.asc
ncols         97
nrows         127
xllcorner     -2197417.7431653
yllcorner     -584827.01486885
cellsize      30000.0
NODATA_value  -9999
[rows 27 to 53 of 127, columns 0 to 60 of 97]
-9999 -9999 4.40282E-3 9.22179E-4 1.38816E-2 5.63737E-2 1.06471E-1 1.11787E-1 1.55638E-1 1.17996E-1 6.43943E-2 1.13059E-1 3.39971E-2 7.43455E-2 5.07995E-2 7.62585E-2 6.69816E-2 4.0699E-2 1.43151E-2 1.53223E-2 1.80168E-2 1.27348E-2 7.85283E-3 5.82646E-3 6.14479E-3 1.56334E-2 1.7788E-2 1.37596E-2 1.20323E-2 1.19564E-2 1.09694E-2 2.15311E-2 1.05071E-2 1.99977E-2 3.8471E-2 3.95951E-2 2.91278E-2 4.12314E-2 1.14861E-2 6.62801E-2 1.928E-1 8.49107E-2 1.07999E-1 1.9542E-1 7.20828E-2 6.89151E-2 5.78017E-2 3.1908E-2 1.8983E-2 1.41339E-2 1.16559E-2 1.41006E-2 7.091E-3 5.94773E-3 2.8823E-3 1.9279E-3 1.90389E-3 1.69828E-3 2.25434E-3 2.95051E-3 5.05796E-3
-9999 3.64461E-5 4.80956E-3 1.45734E-3 1.00946E-3 1.52803E-2 1.01342E-1 9.38208E-2 8.99533E-2 1.52895E-1 7.90284E-2 8.40266E-2 1.52394E-1 1.16963E-1 5.48061E-2 8.19832E-2 9.11291E-2 4.71502E-2 3.5401E-2 2.20371E-2 1.54902E-2 1.4603E-2 9.71057E-3 9.0478E-3 8.23213E-3 1.74048E-2 1.62089E-2 1.97198E-2 1.89187E-2 1.74303E-2 1.30536E-2 1.52951E-2 9.78529E-3 1.67898E-2 1.71511E-2 2.07436E-2 2.05775E-2 7.91077E-2 9.55619E-2 7.95627E-2 1.01176E-1 4.89432E-2 1.05727E-1 9.18134E-2 9.2136E-2 3.91862E-2 4.47883E-2 1.97566E-2 1.59051E-2 9.71159E-3 1.19087E-2 1.79482E-2 5.75887E-3 4.17434E-3 2.97885E-3 2.26031E-3 1.92049E-3 1.78567E-3 1.94029E-3 2.36063E-3 2.23791E-3
-9999 5.51012E-7 5.77994E-6 6.07292E-4 1.20877E-3 1.39319E-2 4.17628E-2 9.72654E-2 1.06389E-1 1.22007E-1 5.57919E-2 8.78462E-2 1.46728E-1 1.11828E-1 9.88711E-2 4.35538E-2 9.08721E-2 7.23307E-2 4.45418E-2 2.26228E-2 2.42669E-2 1.42701E-2 1.60341E-2 1.29294E-2 2.0433E-2 1.55262E-2 1.78395E-2 1.82814E-2 1.41086E-2 1.33675E-2 1.4817E-2 2.05789E-2 2.74082E-2 1.61054E-2 1.78936E-2 1.95945E-2 1.24496E-2 2.7809E-2 2.55773E-2 6.96653E-2 7.02641E-2 8.09109E-2 6.63506E-2 7.47216E-2 3.43875E-2 4.63847E-2 2.56882E-2 1.72043E-2 9.71597E-3 1.04821E-2 1.0819E-2 9.07371E-3 5.34915E-3 3.58354E-3 2.7026E-3 2.25786E-3 1.92729E-3 1.64175E-3 1.56233E-3 2.2209E-3 2.10374E-3
5.64152E-4 7.90381E-7 2.00952E-9 1.40621E-6 9.78781E-6 3.05376E-3 3.09383E-2 1.38895E-1 7.62554E-2 9.89155E-2 6.56321E-2 8.80047E-2 1.59112E-1 1.69056E-1 8.89812E-2 7.13146E-2 1.32869E-1 7.40718E-2 5.8394E-2 3.76665E-2 1.74257E-2 1.65177E-2 2.7786E-2 2.35318E-2 1.52819E-2 2.02109E-2 1.78851E-2 2.08943E-2 1.4981E-2 1.31033E-2 1.12846E-2 1.17163E-2 2.93544E-2 1.06554E-2 2.01046E-2 2.36461E-2 1.24735E-2 2.14681E-2 4.71642E-2 7.45857E-2 8.33822E-2 7.18876E-2 3.92188E-2 6.68794E-2 4.26352E-2 3.72196E-2 3.00477E-2 1.73784E-2 8.99985E-3 5.19961E-3 4.46013E-3 5.26855E-3 5.16052E-3 4.13799E-3 3.24137E-3 2.48537E-3 1.78427E-3 1.68006E-3 1.64244E-3 2.12407E-3 2.02961E-3
2.82217E-3 5.82923E-4 5.32528E-7 5.89588E-10 2.06363E-6 6.51991E-3 4.27934E-2 1.88925E-1 1.14204E-1 1.12268E-1 1.02948E-1 1.35865E-1 1.30945E-1 2.01048E-1 1.24786E-1 1.05182E-1 6.40428E-2 1.26205E-1 4.65103E-2 2.10149E-2 1.27704E-2 1.458E-2 2.70607E-2 2.28381E-2 2.03483E-2 1.47319E-2 1.76139E-2 1.74358E-2 1.55661E-2 1.42088E-2 1.9265E-2 2.47008E-2 1.80261E-2 6.78095E-3 3.85049E-2 2.4738E-2 4.08906E-2 3.75688E-2 4.20627E-2 3.82769E-2 5.82961E-2 5.68006E-2 5.20122E-2 3.8963E-2 3.50947E-2 2.80733E-2 2.68833E-2 2.14643E-2 1.28152E-2 5.54181E-3 4.8773E-3 5.38037E-3 4.29303E-3 4.13081E-3 3.51679E-3 2.6271E-3 1.99676E-3 1.96284E-3 1.81805E-3 2.04007E-3 2.11405E-3
1.52982E-3 2.39706E-3 6.43845E-4 1.55538E-6 5.73233E-7 4.23166E-3 6.6819E-2 1.47122E-1 1.54606E-1 1.36632E-1 1.36772E-1 1.26805E-1 1.20108E-1 1.53555E-1 1.29318E-1 8.11103E-2 4.87122E-2 8.38816E-2 7.07502E-2 3.69908E-2 1.94355E-2 1.98504E-2 2.53003E-2 2.24812E-2 3.5584E-2 2.27425E-2 2.05669E-2 3.65976E-2 2.29308E-2 2.08111E-2 1.45179E-2 1.47426E-2 8.65629E-3 7.7621E-3 3.63882E-2 4.26608E-2 2.63236E-2 2.61103E-2 2.94932E-2 2.22933E-2 3.16096E-2 4.12608E-2 5.22146E-2 3.7364E-2 3.51174E-2 2.32584E-2 2.10086E-2 2.26874E-2 1.61367E-2 6.74991E-3 5.9951E-3 5.53767E-3 4.01454E-3 4.33432E-3 3.65812E-3 2.56708E-3 2.26421E-3 2.10797E-3 2.36343E-3 2.10488E-3 2.29019E-3
-9999 6.71441E-4 3.05224E-3 5.34537E-3 5.26783E-6 7.40527E-3 3.16642E-2 1.28109E-1 1.20496E-1 1.04749E-1 1.45236E-1 1.61248E-1 1.40953E-1 1.30078E-1 4.554E-2 6.02697E-2 2.38119E-2 2.22064E-2 7.86791E-2 5.86819E-2 2.93111E-2 4.00457E-2 3.53832E-2 2.70127E-2 3.43743E-2 3.8613E-2 3.47153E-2 3.19841E-2 3.45989E-2 1.99948E-2 1.95752E-2 2.4355E-2 1.30171E-2 1.93462E-2 4.48913E-2 2.56468E-2 3.07409E-2 4.16581E-2 3.15081E-2 3.09245E-2 4.16063E-2 4.10849E-2 4.50394E-2 4.14474E-2 3.08396E-2 2.94675E-2 2.48379E-2 4.38939E-2 3.17825E-2 1.53201E-2 1.01779E-2 8.3755E-3 5.93875E-3 5.39444E-3 3.76087E-3 3.07163E-3 3.30606E-3 2.39704E-3 2.3855E-3 2.12104E-3 2.52787E-3
-9999 -9999 8.69332E-4 3.79287E-3 2.42496E-4 2.29574E-2 1.20921E-2 5.51454E-2 7.05726E-2 1.04498E-1 8.12129E-2 2.7439E-1 9.82693E-2 9.81411E-2 4.35006E-2 5.13158E-2 3.48077E-2 2.26174E-2 2.61405E-2 5.51535E-2 4.66235E-2 3.11216E-2 3.67142E-2 2.42756E-2 4.78227E-2 3.45611E-2 5.59689E-2 4.96545E-2 3.03876E-2 2.35234E-2 2.03082E-2 2.32318E-2 2.19443E-2 3.48338E-2 3.66726E-2 2.53926E-2 2.06345E-2 3.16769E-2 1.3289E-2 1.62373E-2 6.60497E-2 5.72042E-2 6.52034E-2 3.83367E-2 6.25648E-2 4.50531E-2 4.35681E-2 3.88271E-2 4.94285E-2 4.18587E-2 1.93899E-2 1.08456E-2 6.51372E-3 5.43293E-3 4.03515E-3 3.12274E-3 3.75792E-3 2.64446E-3 2.71438E-3 2.75989E-3 2.62378E-3
-9999 -9999 6.89031E-4 6.64138E-3 2.67449E-3 9.81744E-3 5.87568E-3 1.76163E-2 2.25396E-2 1.06488E-1 8.98762E-2 1.86397E-1 1.10408E-1 1.08393E-1 4.81203E-2 8.06444E-2 5.42638E-2 4.8014E-2 2.81405E-2 3.22307E-2 3.59427E-2 5.75533E-2 4.26016E-2 2.33284E-2 4.36267E-2 2.9193E-2 5.10504E-2 3.92664E-2 3.99198E-2 2.10553E-2 2.01823E-2 2.32538E-2 2.19373E-2 3.70516E-2 3.52779E-2 3.24847E-2 7.28246E-3 1.76077E-2 1.2899E-2 1.40973E-2 2.62881E-2 6.83228E-2 3.5931E-2 6.52461E-2 6.78313E-2 6.16192E-2 4.99937E-2 4.75786E-2 3.59633E-2 5.8569E-2 2.77525E-2 2.6893E-2 1.03411E-2 5.93511E-3 4.58386E-3 3.68503E-3 3.26409E-3 3.19383E-3 3.32615E-3 3.18832E-3 2.53923E-3
-9999 -9999 9.64971E-4 1.00371E-2 5.37237E-3 3.98284E-3 4.62562E-3 3.22865E-2 4.19177E-2 6.34297E-2 1.13884E-1 1.17782E-1 1.42699E-1 9.50609E-2 4.03511E-2 6.33603E-2 6.61832E-2 5.36983E-2 6.4977E-2 5.0815E-2 4.38276E-2 5.89834E-2 4.00738E-2 4.67107E-2 3.36975E-2 3.1736E-2 6.31029E-2 4.89434E-2 3.89116E-2 2.88196E-2 2.49359E-2 1.96192E-2 2.32152E-2 3.58448E-2 3.93767E-2 4.01972E-2 8.78129E-3 9.66278E-3 1.20002E-2 1.34965E-2 1.74789E-2 3.4891E-2 3.10622E-2 1.93668E-2 7.45027E-2 7.56075E-2 6.30214E-2 6.84114E-2 5.36872E-2 5.70927E-2 2.73743E-2 1.83249E-2 1.02504E-2 6.74296E-3 6.7953E-3 4.90936E-3 4.08195E-3 3.62806E-3 4.45655E-3 3.6552E-3 3.00985E-3
-9999 -9999 -9999 3.65388E-3 1.05131E-2 2.27083E-2 1.38322E-2 3.34479E-2 3.59613E-2 1.90361E-2 3.54299E-2 1.30565E-1 1.37722E-1 9.82732E-2 5.639E-2 6.04677E-2 5.37915E-2 4.76062E-2 5.48181E-2 7.25244E-2 4.81809E-2 2.7423E-2 2.92151E-2 5.64369E-2 7.03672E-2 4.21079E-2 5.53309E-2 6.56495E-2 4.0656E-2 2.58281E-2 1.71376E-2 2.48109E-2 3.19357E-2 2.75245E-2 3.31259E-2 3.33466E-2 1.70197E-2 9.59531E-3 1.0935E-2 1.5707E-2 1.46691E-2 2.23739E-2 4.04572E-2 4.72807E-2 8.66348E-2 6.51313E-2 6.38516E-2 7.91723E-2 3.7798E-2 2.71286E-2 2.07564E-2 1.90407E-2 1.60077E-2 9.90722E-3 9.3853E-3 6.86051E-3 6.85087E-3 5.10312E-3 3.59919E-3 3.64724E-3 3.39654E-3
-9999 -9999 -9999 1.41311E-3 1.21864E-2 8.73909E-2 3.2763E-2 9.49294E-2 9.57203E-2 7.91556E-2 1.75175E-2 9.0032E-2 8.82839E-2 9.04166E-2 8.81092E-2 5.76534E-2 4.09796E-2 4.60918E-2 4.30277E-2 6.34868E-2 2.97783E-2 2.10785E-2 2.52947E-2 5.34722E-2 5.85549E-2 6.18516E-2 6.05722E-2 5.10925E-2 3.65036E-2 2.55419E-2 1.83145E-2 3.38542E-2 3.87456E-2 2.97609E-2 3.01861E-2 3.02876E-2 1.50933E-2 1.87199E-2 4.63351E-2 1.60659E-2 1.51727E-2 2.00072E-2 2.17786E-2 2.03183E-2 5.98647E-2 7.29237E-2 6.82322E-2 8.03013E-2 7.26889E-2 6.11973E-2 1.63104E-2 5.30881E-2 2.24899E-2 1.8528E-2 1.20398E-2 7.05387E-3 6.481E-3 5.26585E-3 5.01047E-3 3.90258E-3 3.53111E-3
-9999 -9999 -9999 9.87082E-4 1.11125E-1 2.98355E-2 3.4911E-2 5.69613E-2 7.36553E-2 7.10154E-2 2.4885E-2 4.36136E-2 8.41349E-2 6.5959E-2 6.34069E-2 6.43178E-2 3.68965E-2 5.10088E-2 5.76486E-2 5.56018E-2 2.64057E-2 2.10965E-2 3.22125E-2 5.04628E-2 6.19007E-2 5.02575E-2 5.20504E-2 4.51571E-2 3.881E-2 2.79284E-2 1.97218E-2 3.5508E-2 4.32905E-2 2.72819E-2 4.30376E-2 4.4059E-2 5.54931E-2 5.73497E-2 3.73274E-2 1.86208E-2 1.32152E-2 1.49096E-2 3.29486E-2 4.89197E-2 8.67035E-2 8.23111E-2 5.34934E-2 1.00641E-1 6.87696E-2 5.7375E-2 3.87235E-2 2.58312E-2 5.36201E-2 3.38672E-2 2.09747E-2 1.98292E-2 2.44053E-2 1.32031E-2 9.40297E-3 5.67141E-3 4.13683E-3
-9999 -9999 -9999 -9999 6.74571E-3 2.02748E-2 1.38847E-2 1.18096E-2 7.72972E-2 2.54223E-2 2.27708E-3 2.04916E-2 9.49842E-2 5.04994E-2 7.40507E-2 6.06321E-2 4.83833E-2 6.09729E-2 8.38738E-2 7.24083E-2 4.25222E-2 3.71261E-2 4.15738E-2 4.36106E-2 4.61203E-2 4.02543E-2 4.22745E-2 3.20071E-2 3.26232E-2 3.67266E-2 4.11248E-2 4.61536E-2 2.62538E-2 3.71484E-2 3.14737E-2 4.23272E-2 5.40203E-2 3.77075E-2 2.00654E-2 2.3571E-2 2.6789E-2 2.69084E-2 3.20054E-2 9.88833E-2 1.01865E-1 7.52001E-2 4.88921E-2 8.6461E-2 1.0964E-1 7.25094E-2 2.59214E-2 6.57816E-2 1.02067E-1 4.58627E-2 2.818E-2 5.30413E-2 1.89444E-2 3.14383E-2 3.04663E-2 6.60946E-3 4.08801E-3
-9999 -9999 -9999 -9999 8.37127E-3 7.52858E-3 5.51168E-3 3.37977E-2 9.86327E-3 1.55292E-3 3.63255E-4 1.56952E-2 1.02543E-1 5.10104E-2 7.87358E-2 4.04569E-2 5.49922E-2 7.56796E-2 7.56415E-2 6.0776E-2 6.73446E-2 8.38032E-2 5.05429E-2 4.97951E-2 4.50659E-2 3.7458E-2 3.6768E-2 2.79283E-2 2.70508E-2 2.02801E-2 3.48494E-2 5.2177E-2 3.61152E-2 4.5667E-2 4.04364E-2 5.10289E-2 4.61325E-2 7.21833E-2 4.85859E-2 6.33957E-2 4.4707E-2 6.20861E-2 5.92724E-2 1.12727E-1 7.96E-2 1.10555E-1 1.164E-1 2.6163E-2 7.17881E-2 1.32044E-1 9.50682E-2 9.90745E-2 1.21731E-1 2.91549E-2 3.29636E-2 6.22115E-2 4.96367E-2 4.15129E-2 2.83457E-2 8.43836E-3 5.1836E-3
-9999 -9999 -9999 -9999 1.15681E-3 5.75514E-3 3.38039E-3 1.68837E-2 7.60412E-3 6.56876E-4 2.30831E-3 1.45403E-2 6.79163E-2 4.41929E-2 4.94925E-2 4.60033E-2 5.03312E-2 7.49682E-2 4.23358E-2 6.47551E-2 6.18389E-2 4.81377E-2 6.70949E-2 6.16675E-2 5.22728E-2 4.91312E-2 3.96227E-2 4.51838E-2 3.15063E-2 2.22101E-2 4.15538E-2 4.50737E-2 6.01355E-2 5.8795E-2 5.79914E-2 6.05945E-2 5.57404E-2 7.48605E-2 8.45476E-2 6.82329E-2 8.3788E-2 8.23531E-2 1.27361E-1 1.14407E-1 9.38067E-2 8.92429E-2 1.2782E-1 1.43253E-1 -9999 1.15642E-1 7.7061E-2 8.03203E-2 3.62719E-2 4.80803E-2 1.10568E-1 5.72826E-2 4.53235E-2 3.33115E-2 6.24782E-2 1.371E-2 6.08853E-3
-9999 -9999 -9999 -9999 1.10423E-3 2.96297E-3 2.2225E-3 1.7774E-4 1.44479E-1 4.07676E-1 6.19465E-3 7.38584E-3 3.13686E-2 3.89252E-2 2.73955E-2 3.48674E-2 5.19224E-2 4.38974E-2 3.89084E-2 6.30066E-2 5.44031E-2 5.67234E-2 6.61524E-2 6.07706E-2 4.87996E-2 4.00841E-2 2.55869E-2 6.07454E-2 3.24461E-2 3.86377E-2 5.17033E-2 5.62521E-2 5.91222E-2 5.67782E-2 4.89457E-2 6.78455E-2 6.45948E-2 6.29607E-2 6.5402E-2 7.13836E-2 7.43087E-2 9.54877E-2 1.07021E-1 1.11884E-1 1.11659E-1 8.52437E-2 -9999 -9999 -9999 -9999 9.81638E-2 4.71698E-2 5.14517E-2 9.81631E-2 7.52114E-2 6.00809E-2 2.06889E-2 1.48825E-2 7.31833E-3 1.14677E-2 1.08426E-2
-9999 -9999 -9999 -9999 5.34569E-4 4.42974E-3 2.1822E-3 4.74702E-4 5.86885E-5 5.81281E-1 7.34839E-3 2.248E-2 2.23962E-2 2.2172E-2 2.06092E-2 3.21716E-2 4.5276E-2 3.96028E-2 5.69573E-2 5.47812E-2 5.5252E-2 6.47592E-2 7.75491E-2 6.86822E-2 3.97632E-2 2.20795E-2 2.74966E-2 4.18345E-2 4.50841E-2 5.45147E-2 5.51956E-2 6.07014E-2 6.22002E-2 8.3528E-2 3.82196E-2 5.11792E-2 7.9111E-2 6.18547E-2 6.61326E-2 7.05631E-2 1.0122E-1 9.35119E-2 6.7415E-2 3.75453E-2 1.08821E-1 -9999 -9999 -9999 -9999 2.77415E-1 8.11175E-2 8.01028E-2 6.53998E-2 7.68533E-2 7.30499E-2 5.21778E-2 4.62706E-2 2.805E-2 2.95015E-2 4.52599E-2 1.53118E-2
-9999 -9999 -9999 -9999 1.56295E-3 8.43448E-3 2.40107E-3 3.05768E-4 6.0786E-3 6.44537E-2 7.85421E-3 1.42655E-2 1.27957E-2 2.049E-2 2.4497E-2 3.01306E-2 4.69233E-2 4.95739E-2 3.53595E-2 3.97845E-2 5.77244E-2 7.27571E-2 5.73159E-2 4.61543E-2 4.66225E-2 3.72057E-2 3.55649E-2 5.2864E-2 6.07847E-2 5.31854E-2 5.58806E-2 6.34311E-2 6.38063E-2 7.04268E-2 7.05926E-2 4.88447E-2 5.64422E-2 5.34003E-2 8.57838E-2 7.92029E-2 8.58465E-2 8.92007E-2 1.11326E-1 1.09919E-1 1.42459E-1 -9999 -9999 -9999 2.64215E-1 2.01172E-1 1.12334E-1 7.90255E-2 7.81288E-2 5.88084E-2 6.28285E-2 4.12149E-2 4.73492E-2 1.49782E-2 1.77038E-2 3.05694E-2 1.16313E-2
-9999 -9999 -9999 2.31795E-3 2.00804E-1 1.10966E-1 6.37737E-4 1.07974E-3 6.04501E-4 4.12612E-3 6.75675E-3 5.65779E-3 1.17124E-2 2.83996E-2 4.25455E-2 3.3877E-2 5.77081E-2 4.26873E-2 4.88063E-2 3.12414E-2 4.80665E-2 5.12788E-2 4.44499E-2 2.75676E-2 4.36718E-2 4.24691E-2 5.02148E-2 5.19263E-2 3.68592E-2 4.64003E-2 7.83955E-2 7.51084E-2 6.76427E-2 7.47747E-2 6.83999E-2 7.18959E-2 5.96541E-2 8.03499E-2 7.6028E-2 9.06525E-2 7.51873E-2 7.2693E-2 9.11599E-2 1.21322E-1 2.73109E-1 1.91886E-1 2.06503E-1 2.09866E-1 2.24987E-1 1.41906E-1 1.24345E-1 9.63818E-2 9.7186E-2 8.48371E-2 7.13945E-2 3.82031E-2 4.84174E-2 1.90507E-2 1.91152E-2 2.25364E-2 1.6534E-2
-9999 -9999 -9999 -9999 1.63799E-2 1.90303E-1 3.21742E-3 -9999 5.09298E-4 3.78686E-3 6.48583E-3 2.53613E-3 3.0821E-2 4.83388E-2 3.96342E-2 5.19333E-2 5.17809E-2 4.03104E-2 3.24385E-2 4.57994E-2 3.46541E-2 4.17596E-2 2.88205E-2 3.85878E-2 6.11189E-2 6.14594E-2 6.37394E-2 4.94736E-2 4.02004E-2 4.68274E-2 5.02678E-2 7.45556E-2 7.10561E-2 7.30872E-2 6.08403E-2 5.16646E-2 5.63886E-2 4.80661E-2 5.66611E-2 1.0076E-1 1.17804E-1 1.00344E-1 7.41163E-2 1.00096E-1 1.08367E-1 1.52322E-1 1.64401E-1 1.64744E-1 1.72297E-1 1.26757E-1 1.21078E-1 7.08137E-2 1.00615E-1 9.85741E-2 7.84607E-2 3.34019E-2 4.43608E-2 2.50113E-2 3.19195E-2 2.67237E-2 1.43315E-2
-9999 -9999 -9999 -9999 8.51255E-3 2.9149E-3 1.55494E-3 1.76469E-3 1.14995E-3 2.77582E-2 1.21289E-2 1.41594E-3 3.37195E-2 1.49134E-2 2.84523E-2 9.45613E-2 4.83974E-2 5.70663E-2 3.27806E-2 3.47537E-2 2.94863E-2 4.13117E-2 4.82374E-2 6.15407E-2 5.50813E-2 8.70703E-2 4.55681E-2 4.71981E-2 5.583E-2 5.605E-2 6.0234E-2 8.53761E-2 7.49914E-2 7.98197E-2 7.68896E-2 8.27949E-2 6.4781E-2 3.82333E-2 6.20513E-2 7.2204E-2 7.60988E-2 9.48278E-2 5.65751E-2 8.43892E-2 7.95631E-2 1.30894E-1 1.20759E-1 9.70889E-2 1.21645E-1 1.2062E-1 1.02262E-1 8.74948E-2 1.05379E-1 1.13086E-1 1.14633E-1 6.95981E-2 4.78284E-2 5.3068E-2 2.12969E-2 3.052E-2 3.23203E-2
-9999 -9999 -9999 -9999 5.25346E-2 1.6356E-3 2.722E-3 1.17884E-3 2.73661E-3 2.79268E-2 3.21003E-3 1.26711E-3 1.12588E-2 3.32404E-2 3.28818E-2 4.62593E-2 5.44988E-2 5.12236E-2 4.75602E-2 3.37131E-2 3.79184E-2 3.31787E-2 3.18427E-2 3.66609E-2 8.69951E-2 4.99108E-2 3.16725E-2 4.70278E-2 5.81754E-2 6.29731E-2 7.31599E-2 8.11129E-2 1.04296E-1 7.53229E-2 1.02356E-1 9.60535E-2 9.36098E-2 7.84081E-2 8.8182E-2 9.77284E-2 9.59661E-2 9.55821E-2 7.51655E-2 8.03647E-2 1.01735E-1 1.12687E-1 7.47186E-2 8.81005E-2 1.09891E-1 1.14191E-1 9.88711E-2 8.89719E-2 9.45246E-2 9.5794E-2 9.77849E-2 5.11919E-2 5.52198E-2 5.28563E-2 3.58578E-2 3.20314E-2 2.15143E-2
-9999 -9999 -9999 -9999 -9999 2.305E-3 2.6527E-3 2.91527E-3 1.96511E-3 5.68677E-3 1.65259E-3 5.7263E-3 7.64071E-3 1.56551E-2 1.66201E-2 4.58708E-2 7.33366E-2 5.75964E-2 4.91195E-2 4.02884E-2 4.33307E-2 5.12993E-2 3.39812E-2 4.62555E-2 5.23724E-2 9.51453E-2 5.00316E-2 5.06044E-2 5.70126E-2 8.84827E-2 9.6281E-2 1.08027E-1 9.16162E-2 8.53466E-2 8.80639E-2 1.14132E-1 8.47404E-2 7.37963E-2 9.83239E-2 8.38571E-2 9.85433E-2 1.03695E-1 8.94286E-2 1.21042E-1 1.23283E-1 1.04164E-1 7.00924E-2 9.99861E-2 1.02983E-1 1.49899E-1 1.18151E-1 1.02771E-1 9.59402E-2 8.36937E-2 9.00143E-2 4.82009E-2 6.16895E-2 6.99936E-2 6.29914E-2 1.54992E-2 2.52902E-2
-9999 -9999 -9999 -9999 -9999 4.18789E-3 9.77855E-4 3.21879E-3 5.18172E-3 2.3003E-2 6.75276E-3 3.14182E-4 1.32118E-3 5.08404E-3 2.32833E-2 4.14204E-2 4.87151E-2 5.29832E-2 4.95355E-2 4.46358E-2 6.22344E-2 4.26095E-2 5.81606E-2 5.25995E-2 6.81985E-2 1.09341E-1 6.91423E-2 5.69695E-2 6.49805E-2 6.6921E-2 7.92855E-2 9.99529E-2 1.17384E-1 9.78265E-2 8.61142E-2 1.11663E-1 1.09098E-1 1.05435E-1 1.08969E-1 1.03953E-1 8.37552E-2 1.01413E-1 1.14411E-1 1.2239E-1 8.21222E-2 1.10259E-1 1.16319E-1 8.44604E-2 7.45936E-2 9.67557E-2 1.13712E-1 9.49673E-2 6.72621E-2 5.76778E-2 9.88107E-2 5.19237E-2 4.86233E-2 6.81722E-2 4.35153E-2 4.08216E-2 3.23943E-2
-9999 -9999 -9999 -9999 -9999 8.46799E-3 2.30602E-3 1.28561E-3 2.95068E-3 5.2955E-4 7.08836E-3 6.93538E-4 5.89633E-4 1.19862E-3 2.98155E-2 3.34554E-2 3.57033E-2 3.40998E-2 5.29153E-2 5.24847E-2 5.44841E-2 5.98485E-2 6.17705E-2 5.82911E-2 7.20985E-2 9.17338E-2 5.42854E-2 7.24558E-2 7.24217E-2 7.23789E-2 8.43479E-2 9.8287E-2 1.18689E-1 1.18234E-1 1.2869E-1 1.39862E-1 1.29813E-1 1.46712E-1 1.34095E-1 1.34723E-1 1.19614E-1 1.06348E-1 1.06777E-1 8.3238E-2 1.13044E-1 9.50676E-2 1.05769E-1 9.41752E-2 9.25848E-2 1.2043E-1 1.23121E-1 8.53821E-2 6.44567E-2 4.45564E-2 8.37388E-2 7.34151E-2 8.50995E-2 6.88472E-2 5.31502E-2 5.71206E-2 4.62325E-2
-9999 -9999 -9999 -9999 -9999 2.5322E-3 1.11115E-3 1.66918E-3 4.47343E-3 5.53791E-4 1.38348E-3 9.62729E-4 3.67139E-3 5.59346E-3 1.79057E-2 2.91186E-2 2.78696E-2 3.00496E-2 3.90594E-2 4.28311E-2 7.08453E-2 1.03356E-1 9.67756E-2 7.50969E-2 4.75411E-2 1.40919E-1 7.16639E-2 7.83177E-2 8.24694E-2 8.5653E-2 1.06399E-1 1.0816E-1 1.10758E-1 1.19455E-1 1.32532E-1 1.32156E-1 1.75509E-1 1.45792E-1 1.42258E-1 1.61598E-1 1.98952E-1 1.41686E-1 9.52458E-2 5.59497E-2 1.48116E-1 1.28345E-1 1.35309E-1 1.1581E-1 9.39521E-2 1.27155E-1 8.50494E-2 1.11506E-1 1.13529E-1 7.50908E-2 5.39093E-2 -9999 5.2097E-2 3.55142E-2 4.63463E-2 6.92978E-2 4.95567E-2
