Env_Vars_Sept202022/Set_1/humanmod_sept20.asc.asc
ncols         145
nrows         190
xllcorner     -2197417.7431653
yllcorner     -584827.01486885
cellsize      20000
NODATA_value  -9999
[rows 56 to 83 of 190, columns 0 to 62 of 145]
-9999 -9999 -9999 -9999 -9999 0 1.553434e-06 1.800358e-05 1.816193e-05 1.816193e-05 0.03400026 0.09129906 0.02998062 0.00635634 0.02795769 0.005873901 5.86586e-06 0.00125268 0.002939601 0.001212549 0.001212426 0.008996783 0.0003176398 0.0003175263 0.0003149916 0.0003175042 0.0003175045 0.0003175124 0.0003176657 0.0003175611 0.0003176728 0.0003175582 0.0001316377 1.664893e-07 2.666211e-07 4.229837e-06 7.142616e-06 7.405492e-06 1.277913e-05 1.109079e-05 5.175449e-06 1.8272e-06 5.94309e-06 2.66716e-05 6.645788e-05 3.925927e-05 1.336667e-05 1.736905e-05 1.756976e-05 2.539291e-05 4.076954e-05 0.003960154 3.387251e-06 4.582402e-06 7.354759e-06 2.259218e-06 2.379698e-06 1.8272e-06 1.229074e-06 0 0 0 0
-9999 -9999 -9999 -9999 -9999 0 5.210594e-06 9.411484e-06 9.851411e-06 4.145404e-05 0.03925819 0.1066549 0.07698478 0.09431266 0.03489181 0.0002008602 0 0 4.445793e-05 0.0003750824 0.000676481 0.001134711 0.0003175186 0.0003175254 0.0003041094 0.0002518304 0.0003175541 0.0003176545 0.0003175779 0.0003175041 0.0003175277 0.0003047218 7.139191e-05 3.434246e-06 2.486835e-06 7.284896e-06 7.327686e-06 7.25163e-06 1.34106e-05 8.405344e-06 2.334542e-06 3.925991e-06 1.93617e-06 3.031432e-06 1.694758e-05 4.33995e-05 2.5696e-05 1.221766e-05 2.792393e-06 3.207567e-06 2.067504e-06 2.690813e-06 1.839802e-06 4.657489e-06 7.481185e-06 6.793936e-06 1.884089e-06 1.830053e-06 4.679711e-06 2.384849e-06 6.847866e-08 0 0
-9999 -9999 -9999 -9999 -9999 0 0 0 0 0 0.0002321797 0.04001588 0.08832537 0.05301059 0 0 0 0.003444489 0.01819054 0.0009240893 1.71868e-06 7.070961e-05 0.0003625683 0.0003176461 0.0003178028 0.0003177092 0.0003175879 0.0003175835 0.0003175847 0.0003175041 0.0003175367 0.0002909899 7.151863e-06 7.054241e-06 7.19108e-06 7.141542e-06 7.074857e-06 7.111015e-06 6.246476e-06 1.428103e-05 4.558734e-06 4.949659e-06 6.792464e-06 4.893536e-06 3.20499e-05 7.37347e-05 3.285798e-05 2.5314e-05 8.307389e-06 9.724715e-06 5.189465e-06 4.557523e-06 1.944475e-06 6.807795e-06 2.366544e-06 1.831051e-06 1.82722e-06 4.935684e-06 2.693194e-06 5.39029e-08 4.138186e-06 3.702623e-06 2.203305e-07
-9999 -9999 -9999 -9999 -9999 0 0 0 0 0 0.02187041 0.01343133 0.07132502 0.06389946 0.01785396 0 0 0 0.002868282 0.0008808523 0 0 4.500828e-07 1.886246e-05 0.0001772615 0.0003473203 0.0004608313 0.000317717 0.000317534 0.0003175045 0.0003175279 0.001754503 7.086251e-06 7.084761e-06 7.245945e-06 7.095741e-06 7.171883e-06 7.089685e-06 1.567751e-05 1.525864e-05 9.628521e-06 2.956085e-06 2.996288e-06 8.949793e-06 1.400831e-05 6.056687e-05 5.069646e-05 1.868538e-05 1.198986e-05 3.16924e-06 5.817195e-06 4.354452e-06 2.672015e-06 0.01165975 0.07226128 1.900974e-06 2.200738e-06 5.506939e-06 2.625713e-07 1.264216e-06 6.432198e-07 6.381067e-06 3.647907e-09
-9999 -9999 -9999 -9999 -9999 -9999 0 0 0 -9999 0.0007779858 0.0279657 0.07998358 0.05579641 1.149044e-05 0 0 0.002661643 2.985925e-05 0 0 0 0 0.001156061 0.005595232 0.0001394472 0.0008206387 0.0003061898 0.000941831 0.0003178796 0.0003175048 0.01088335 7.052231e-06 7.092721e-06 7.072259e-06 7.101196e-06 7.065731e-06 7.40517e-06 1.241363e-05 7.690109e-06 3.29501e-06 5.115642e-06 1.205272e-05 1.665797e-05 5.979078e-06 1.005027e-05 1.439096e-05 2.619963e-05 6.307152e-06 5.506411e-06 2.110956e-06 1.954743e-06 8.692546e-06 0.0005965327 0.002785004 3.954594e-06 1.827158e-06 9.333596e-07 6.171236e-09 2.986582e-08 1.420828e-06 5.836455e-06 0
-9999 -9999 -9999 -9999 -9999 -9999 0.0003197464 0.00355075 0 0 0.005784917 0.04821926 0.01143951 0.0452154 5.624985e-07 0 0 3.602913e-05 0 0 0 0 0 0 0 1.095232e-05 0.0002028211 0.0002564414 0.0002754864 0.0009427816 0.0003178787 0.05176754 7.041738e-06 7.050336e-06 7.252573e-06 7.054271e-06 7.095598e-06 7.121911e-06 7.228968e-06 7.007123e-06 6.796181e-06 7.065849e-06 5.016498e-06 1.08852e-05 3.111492e-05 3.878287e-05 3.98171e-06 4.0728e-05 2.264186e-06 7.291339e-05 0.006039511 5.062982e-06 0.005895471 6.282192e-06 1.828405e-06 1.8272e-06 2.177075e-06 2.450375e-06 0 0 1.029364e-06 1.132638e-06 0
-9999 -9999 -9999 -9999 -9999 -9999 0 0.000141488 0.0006308819 0.05930234 0.01825603 0.1293517 0.005776925 0.05462461 0 0 0 0 0 0 0 0 0 0 0 2.190463e-05 0.0002558251 0.0002558251 0.0002558107 0.0002348295 0.009458446 0.1194534 7.039397e-06 7.039377e-06 7.042326e-06 7.162525e-06 7.073632e-06 7.061858e-06 7.067661e-06 7.043584e-06 7.123576e-06 7.170542e-06 7.171014e-06 8.186415e-06 1.332964e-05 1.415436e-05 0.0007691737 0.003654019 2.856073e-05 1.17655e-05 0.0002155176 9.161176e-06 0.0002115876 6.843233e-06 0.0005228223 0.002508188 1.673189e-06 1.181176e-08 0 0 3.525111e-08 3.878779e-08 0
-9999 -9999 -9999 -9999 -9999 -9999 0.02601046 0.006872811 0.06927679 0.001448559 0.002567929 0.02009761 0.082216 5.409786e-05 0.006085286 0.02818284 0 0 0 0 0 0 0 0 0 2.190463e-05 0.0002558251 0.0002558251 0.0002558246 0.0001802196 1.711212e-05 4.352632e-06 1.165423e-07 5.734415e-06 2.285284e-05 7.116214e-06 7.068924e-06 7.04007e-06 7.041604e-06 7.124266e-06 7.093017e-06 7.08496e-06 7.236275e-06 2.000066e-05 3.442976e-05 1.31195e-05 0.0008375328 0.003972467 2.095381e-05 1.629414e-05 1.004582e-05 8.832316e-06 8.873583e-06 9.738461e-06 8.815747e-06 4.746669e-06 1.600836e-06 9.678724e-07 0 0 7.510048e-07 0.0001754093 0
-9999 -9999 -9999 -9999 -9999 -9999 0.000960224 0.006653924 0.03389063 0.01927916 0.013962 0.02039146 0.2088689 0.04634885 0.1365051 0.05809075 0 0 0 0 0 0 0 0 7.277589e-05 0.0002006308 0.0002558251 0.0002558251 0.0002462693 7.438821e-05 2.246408e-05 2.581111e-06 5.003209e-06 3.233807e-05 0.0001240875 0.000120375 6.369347e-05 3.416248e-05 7.141115e-06 7.19313e-06 7.076557e-06 7.220145e-06 7.508354e-06 7.843607e-06 2.208547e-05 5.763706e-05 0.002647745 0.0001555862 2.036851e-05 2.276471e-05 1.723529e-05 1.733481e-05 1.066463e-05 1.039698e-05 9.04061e-06 8.689753e-06 3.279757e-06 1.768431e-06 5.738943e-06 6.154966e-07 1.099623e-06 5.46243e-06 0.005629907
-9999 -9999 -9999 -9999 -9999 -9999 0.04047792 0.01190419 0.1385217 0.01907341 0.005344084 0.000590197 0.04268668 0.03198065 0.09912315 0.02895549 0 0 0 0 0 0 1.962739e-06 2.292291e-05 0.0001593159 0.0002558251 0.0002462693 0.001018586 0.004365516 2.497509e-05 2.493969e-05 2.464491e-05 1.638612e-05 7.111135e-05 0.0001166262 0.000102985 0.0001346467 0.0002042727 0.0001885655 0.0001333208 7.13689e-06 7.305267e-06 7.371608e-06 7.565041e-06 1.263763e-05 5.74535e-05 0.0002153183 2.304486e-05 2.051627e-05 1.987132e-05 1.848372e-05 1.752775e-05 1.47162e-05 1.473937e-05 1.122941e-05 8.458005e-06 4.32084e-06 2.425417e-06 3.986761e-07 2.099662e-06 0.006149046 3.661639e-07 3.332455e-05
-9999 -9999 -9999 -9999 -9999 -9999 0.0002609746 0.03154792 0.03985152 0.0116515 0.001234979 0.0001025245 0.005481461 0.05198764 0.1349397 0.03966724 0 0 0 0 0 0 1.552136e-05 4.741583e-05 4.943646e-05 0.001027499 0.004514907 5.491816e-05 0.0001698852 2.497509e-05 2.497509e-05 2.497509e-05 2.493969e-05 7.51298e-05 0.00012037 0.00118593 0.005443874 0.0002563662 0.0003414342 0.0003999673 0.0002281322 0.0002099112 8.737959e-05 7.304628e-06 0.0001570173 1.318487e-05 2.373761e-05 2.260852e-05 2.212798e-05 1.727354e-05 3.846166e-05 0.000107481 1.748891e-05 2.965133e-05 1.768815e-05 8.266196e-06 1.783838e-07 7.857535e-07 6.250019e-06 4.70985e-07 0.0002112102 1.352022e-06 9.451344e-08
-9999 -9999 -9999 -9999 -9999 -9999 0.001179441 0.007483185 0.02612475 0.0007531788 1.260508e-05 2.993571e-07 0.0003024444 0.07792178 0.04543368 0.0009587432 0 0 0 0 0 1.962739e-06 3.726654e-05 4.741583e-05 0.0007922071 0.003655895 0.0001523129 1.48271e-06 1.393485e-05 2.497509e-05 2.497509e-05 2.497509e-05 2.497509e-05 3.843789e-05 0.0001790267 0.0001893429 0.0004051755 0.0003040552 0.000335351 0.0004518155 0.00025246 0.00020164 0.0001872764 0.0002056745 0.0001133478 0.001046247 0.004902703 1.610665e-05 1.665233e-05 1.996748e-05 2.052267e-05 0.0006054666 0.002834464 1.887142e-05 1.842366e-05 1.239175e-05 1.700983e-06 2.305112e-07 2.833493e-06 6.690179e-07 3.12566e-07 7.699308e-08 3.409968e-05
-9999 -9999 -9999 -9999 -9999 0.0002594088 0.04947506 0.06516209 0.08281358 0.001075421 0.008917498 0.0007209202 0.01594999 0.0006737582 0.0004838464 0.0001050601 8.711385e-05 0 0 0 0 1.552136e-05 4.741583e-05 4.741583e-05 0.001326679 0 0 0 3.540382e-08 4.134826e-07 8.760306e-06 2.497509e-05 2.497509e-05 4.084556e-05 0.0002505106 0.0003817914 0.0002749897 0.0001554883 0.0003214183 0.0002941444 0.0003183426 0.0001874619 0.010426 0.06781988 7.302586e-05 0.0413121 0.01832869 0.0001124861 7.02559e-05 1.927664e-05 1.602852e-05 1.838062e-05 1.995991e-05 3.153547e-05 2.272033e-05 3.803375e-06 3.902156e-07 1.650934e-06 4.895597e-07 4.371657e-06 3.030327e-07 2.330656e-06 8.529943e-07
-9999 -9999 -9999 -9999 -9999 -9999 0.4255278 0.08700836 0.002788079 0.00282038 0.01304445 0.000123119 -9999 0.0008953189 0 0.0001154636 0.0002299338 0.0002030546 0.0001088161 0 0 0.0005129068 0.003559693 0.006684552 0.02076573 0 0 0 0 0 1.231094e-06 2.05839e-05 2.497509e-05 4.635676e-05 0.0003590811 0.0004459535 0.0007949533 0.001394733 0.0001155207 0.0002458181 0.0001880003 0.0001937855 0.0001604983 8.981999e-05 0.008553825 0.136359 0.05636733 0.03998831 0.0001428494 0.00012215 0.0001287009 9.130024e-05 5.104799e-05 2.45055e-05 1.829748e-05 3.156794e-06 3.248099e-06 1.710143e-06 3.484691e-07 5.863989e-08 1.003163e-08 0 3.008337e-06
-9999 -9999 -9999 -9999 -9999 -9999 0.06487686 0.06107272 0.1370989 0.02290067 8.751597e-05 -9999 0.006577192 0.005201275 0 0.0001212948 0.0003789133 0.000257757 0.00025194 0.008001781 0.03757784 0.006505344 8.108721e-05 0 0 0 0 0 0 0 4.345675e-09 8.60108e-06 2.497509e-05 0.0001976179 0.0005307953 0.0004797817 0.0004679924 0.0002798423 0.0003502475 0.0002568812 0.0002154477 0.0001846955 0.000167453 9.431597e-05 0.001546695 0.008759727 0.0001644904 0.0001623777 0.0001753616 0.0001563598 0.0001398544 0.000165258 0.0001876718 0.0001468259 0.0009399576 0.002883999 0.001318026 2.023966e-06 4.632203e-06 7.455647e-06 6.267558e-06 3.153644e-06 7.545735e-06
-9999 -9999 -9999 -9999 -9999 -9999 0.003960259 0.00205123 0.01883844 0.09306946 0.02295522 0.12656 0.001460298 0.001337529 0 0.0001184526 0.0001753953 0.0002307163 0.0002331292 0.0005567818 0.001491431 0.0002011729 0.0001792554 0.0004200779 0.001801315 0 0 0 0 0 0 2.138496e-06 2.497509e-05 5.169219e-05 0.0004714546 0.0006766288 0.0003161933 0.0002226402 0.0004517341 0.0003055545 0.0001979138 0.0002242481 0.0001590504 0.001298028 0.01105199 0.02685891 0.005151912 0.09225287 0.0001616981 0.0001602945 0.009506662 0.0408884 0.03764169 0.0004963303 0.004684945 0.006367427 0.004918195 0.003880894 0.003233055 0.001994828 0.0005738267 1.021944e-05 1.110365e-05
-9999 -9999 -9999 -9999 -9999 -9999 0.007239978 0.02507731 0.002595864 0.00338923 0.001896005 0.003548635 0.01301152 0.005870622 0.04901178 0.0001154076 0.0001498586 0.0002158206 0.0002455111 0.0002626298 0.0001938739 0.0001758404 0.01529051 0.07297862 0.001763678 2.768033e-05 0 0 0 0 0 2.138454e-06 2.497509e-05 2.533954e-05 0.0004457494 0.0005966483 0.0008535118 0.002644351 0.01608694 0.0005620713 0.0002325039 0.0002081396 0.00022896 0.0002392114 0.0004779449 0.001010656 0.05689966 0.04405134 0.0002565522 0.0001695056 0.0004109793 0.001569817 0.001439093 0.0004934513 0.004942745 0.006349857 0.0124962 0.03484422 0.005003224 0.004870385 0.005217548 0.005527305 0.004510715
-9999 -9999 -9999 -9999 -9999 -9999 0.04016145 -9999 0.005109447 0.00123816 0.001522062 0.0009774172 0.04569795 0.0421755 0.03030407 0.002140778 0.009803529 0.0002187809 0.0002125608 0.0002687811 0.0001988583 0.0002345805 0.0002230234 0.0005773209 0.001823927 5.725651e-05 0 0 0 0 0 1.104631e-06 1.997188e-05 2.497509e-05 5.770675e-05 0.0004652129 0.0006341134 0.0008791951 0.0008349928 0.0002898553 0.0002718623 0.0002035497 0.0001269027 0.001381679 0.01111256 0.009044709 0.002098256 0.005847956 0.08880604 0.0001597885 0.05231372 0.03492291 0.0001713666 0.002459212 0.005551025 0.006250975 0.005779687 0.00712962 0.009179191 0.005995065 0.004933538 0.003863553 0.004241484
-9999 -9999 -9999 -9999 -9999 -9999 0.05899428 -9999 0.008001804 0.03952108 0.001458372 0.001822906 0.01916918 0.05496917 0.02592945 0.0001925636 0.0005423241 0.0002092073 0.0002057235 0.0002692375 0.000249849 0.000166562 0.0002234283 0.0004799215 0.001296072 2.646581e-05 0 0 0 0 0 0 1.4626e-05 2.497509e-05 2.497509e-05 6.690123e-05 0.0003482722 0.0003926757 5.369695e-05 5.051491e-05 0.0001333932 0.0005326511 0.0008326925 0.0009149448 0.07925349 0.120937 0.0001492926 0.04387765 0.0001461145 0.0001613012 0.009933284 0.08991048 0.0003828525 0.003773475 0.006039372 0.00687977 0.006275974 0.006399386 0.006852252 0.005297172 0.004339108 0.0130268 0.00388654
-9999 -9999 -9999 -9999 -9999 -9999 -9999 0.05984453 9.347073e-06 -9999 -9999 0.00301622 0.0275396 0.001089837 0.001055822 0.0002601678 0.0002050027 0.0002002695 0.0002003884 0.0002025934 0.0002235235 0.000136362 8.792443e-05 0.0001432715 0.0001105665 4.295811e-07 0 0 0 0 0 0.01729206 0.02227302 0.002965278 2.497509e-05 2.497509e-05 2.699551e-05 0.0001185682 0.0003946478 5.020425e-05 0.0001964675 0.0007337382 0.0008220859 0.0007931606 0.06647082 0.04447069 0.0001731682 0.04763163 0.02119373 0.0001554337 0.0001763396 0.0001795964 0.008141182 0.04075532 0.004230156 0.006389421 0.06821556 0.008674433 0.004729722 0.004280679 0.004980357 0.005294293 0.005690249
-9999 -9999 -9999 -9999 -9999 -9999 -9999 -9999 -9999 0.002827757 0.002015641 0.00383729 0.05560585 0.05551602 0.06720506 0.06097617 0.000228437 0.0002146606 0.0002133997 0.0002189225 0.0001508395 7.484239e-05 3.220084e-05 8.297359e-05 3.355969e-05 0 0 0 0 0 0 0.01795522 0.02393641 0.02148535 0.01587325 0.01292905 0.005277033 4.039164e-05 5.542731e-05 5.020425e-05 0.000401944 0.0008173179 0.0008761162 0.003356748 0.0005205196 0.0003049971 0.004612432 0.02322726 0.05148891 0.0001885221 0.0001687735 0.0001896964 0.005247852 0.005146793 0.004528305 0.0730844 0.06262947 0.006968793 0.007812415 0.005906801 0.006260736 0.005751374 0.006539621
-9999 -9999 -9999 -9999 -9999 -9999 -9999 -9999 0.003157356 0.002537206 0.008054198 0.001043419 0.006533726 0.0253708 0.07879262 0.03267027 0.008197068 0.0002224948 0.0002304154 0.0002143681 0.009715864 4.561995e-05 2.67896e-05 1.884719e-05 1.24084e-05 0 0 0 0.0007470903 0.009727468 0.02159166 0.02538235 0.01945194 0.01804433 0.02085843 0.01029498 0.000180273 2.799592e-06 2.593329e-05 8.987722e-05 0.0006513411 0.0008151815 0.0008434596 0.0008057862 0.000740021 0.0002238174 0.0003559356 0.0009132025 0.0001674554 0.0001611126 0.0002264744 0.01211938 0.06098861 0.005887726 0.007351574 0.04106224 0.03260411 0.006711083 0.006326102 0.006036818 0.006625709 0.005244036 0.005584492
-9999 -9999 -9999 -9999 -9999 -9999 -9999 -9999 0.001524791 0.0320123 0.006105693 -9999 0.006322906 0.03599911 0.001086565 0.04297636 0.04369189 0.02618531 7.708283e-05 6.83365e-05 0.009660001 2.814644e-05 1.303183e-05 2.038885e-05 1.869927e-05 0 0 0.00584979 0.01785203 0.02449055 0.0275484 0.01860492 0.02438485 0.01936475 0.01277269 0.008227074 0.00356251 0.003491648 0 1.323938e-06 0.0005926715 0.005584286 0.002809563 0.002017108 0.0004777953 0.0001335023 0.0005219625 0.00162801 0.000183566 0.0001850482 0.0002089648 0.001081946 0.009516189 0.06353242 0.01313891 0.08224794 0.05744585 0.006822682 0.009413269 0.01592727 0.01940703 0.008024926 0.005465061
-9999 -9999 -9999 -9999 -9999 -9999 -9999 0.0004075631 0.002668728 0.004090389 0.00173485 0.003341843 0.04700855 0.03120479 0.005588119 0.03533541 0.001227371 0.000907922 2.129158e-06 1.895044e-06 1.992238e-05 4.114929e-05 1.694309e-05 1.879732e-05 1.968854e-05 8.959461e-05 0.0004283987 0.0002307569 0.001505206 0.01439737 0.02118381 0.03189483 0.03146631 0.02115804 0.01576112 0.01755324 0.01904183 0.02105765 0.01260479 0.02675174 0.01107334 0.0115688 0.02433998 0.01878953 0.01053462 0.005611669 0.0002701287 0.0002775752 0.0002279675 0.0001811086 0.0002016317 0.002634152 0.007067238 0.06623314 0.121016 0.02745818 0.009832617 0.008321301 0.01405871 0.02176978 0.0281839 0.01038619 0.005942379
-9999 -9999 -9999 -9999 -9999 -9999 -9999 0.000325074 0.001869907 0.06677894 0.008622434 2.466938e-05 0.001795938 0.001471551 0.0014425 3.782166e-05 2.813164e-05 0.001168878 0.005568124 3.36734e-06 1.726051e-05 0.01169695 6.233246e-06 2.597627e-05 1.401985e-05 1.04995e-05 1.467074e-05 0.0009865899 0.008953749 0.02677169 0.05103801 0.02952255 0.02518132 0.02085963 0.01230404 0.0156664 0.02032919 0.02313352 0.00994649 0.009705461 0.0222648 0.016228 0.02206155 0.02153222 0.0519863 0.01251661 0.01012082 0.007346083 0.005417536 0.002883507 0.0003307029 0.005723592 0.009018256 0.0138581 0.01329174 0.01095105 0.009196026 0.008932317 0.008241822 0.02945578 0.2780444 0.2609616 0.1125749
-9999 -9999 -9999 -9999 -9999 -9999 -9999 0.04644836 0.01373315 0.005627695 0.002929779 0.001409766 0.001720498 0.008498856 0.0323309 0.0004179972 0.002150783 0.02313825 0.03373393 0.005656313 0.007196558 0.0002287826 1.977329e-05 2.349702e-05 1.415205e-05 1.066517e-05 0 0.001092535 0.02064499 0.01753054 0.02242897 0.02819432 0.0243142 0.02644671 0.01529883 0.01446552 0.0197596 0.02217113 0.02205754 0.002715418 0.02491249 0.03189408 0.09144758 0.04560969 0.01516887 0.01234493 0.01165617 0.01247066 0.01386173 0.01608099 0.01096993 0.009260351 0.01026521 0.01240956 0.01153188 0.009968516 0.0125422 0.01087465 0.01019341 0.02894003 0.02746408 0.1581955 0.2255096
-9999 -9999 -9999 -9999 -9999 -9999 -9999 0.01007133 0.02399157 0.002326954 0.002480905 -9999 0.1308776 0.008075905 0.04819346 0.0001496065 1.353972e-05 0.005993485 0.07064867 0.001105213 0.00626335 0.005195903 2.933809e-05 1.358546e-05 2.876376e-06 1.310986e-07 0 0 0.0001867847 0.0002296578 0.002976617 0.02554612 0.02322425 0.01880345 0.02240672 0.05426509 0.02202736 0.01225556 0.01930302 0.02035113 0.01889519 0.03528798 0.1522538 0.08511385 0.066238 0.05618662 0.04313131 0.01700144 0.0154733 0.01727312 0.01098263 0.01018378 0.009839618 0.0150299 0.01420296 0.01449083 0.01294459 0.01214 0.01766745 0.02805284 0.02456897 0.2809896 0.576013
-9999 -9999 -9999 -9999 -9999 -9999 -9999 0.003713305 0.03362993 0.009241064 0.01890178 0.003324687 0.08617127 0.03028983 0.02020872 1.344683e-05 1.353972e-05 6.160423e-05 0.001210371 0.005257994 0.0003656299 0.000189201 0.0008456434 0.001329169 0 0 0 0 0 0 0.001158422 0.02099184 0.02687218 0.02260228 0.01685814 0.01792015 0.01625013 0.009379561 0.02254087 0.02404458 0.02555226 0.02239029 0.09395396 0.1775669 0.08265097 0.02156657 0.05530794 0.01603055 0.0169057 0.0171231 0.01026622 0.01086243 0.0125181 0.01802484 0.02019482 0.01481133 0.03409464 0.1117111 0.08890899 0.08696986 0.2605217 0.3584932 0.2317313
