Env_Vars_Sept202022/Set_1/humanmod_sept20.asc.asc
ncols         145
nrows         190
xllcorner     -2197417.7431653
yllcorner     -584827.01486885
cellsize      20000
NODATA_value  -9999
[rows 84 to 111 of 190, columns 63 to 125 of 145]
0.02252584 0.01408661 0.01355767 0.010365 0.01153642 0.00391207 0 0 0 0 0 0 0 0 0 0 0 4.939812e-05 0.0006616669 0.002873638 8.556074e-05 8.556074e-05 8.556074e-05 8.556074e-05 8.556074e-05 8.556074e-05 8.556074e-05 8.556074e-05 8.556074e-05 5.799004e-05 3.848151e-05 3.848151e-05 0.0006401009 0.00295003 3.848151e-05 1.594584e-05 0 0 0 0 0 0 0 0 0 0 0 0 0 0 0 0 0 0 0 0 0 0 0 0 0 0 -9999
0.01938128 0.01873064 0.009607079 0.006839089 0.00808908 0.003044709 0 0 0 0 0 0 0 0 0 0 0 5.010638e-05 0.0002096639 0.0001314975 8.556074e-05 8.556074e-05 8.556074e-05 8.556074e-05 8.556074e-05 8.556074e-05 8.556074e-05 8.556074e-05 8.556074e-05 5.799004e-05 3.848151e-05 3.848151e-05 5.908428e-05 0.000138189 3.848151e-05 1.594584e-05 0 0 0 0 0 0 0.04720204 0 0 0 0 0 0 0 0 0 0 0 0 0 0 0 0 0 0 -9999 -9999
0.01772423 0.01512606 0.009062812 0.00875435 0.007241625 0.001506851 0 0 0 0 0 0 0 0.0003063035 0.001482362 0 0 5.01025e-05 0.0006147026 0.002627363 8.556074e-05 8.556074e-05 8.556074e-05 8.556074e-05 8.556074e-05 8.556074e-05 8.556074e-05 8.556074e-05 8.556074e-05 5.799004e-05 3.848151e-05 3.848151e-05 3.848151e-05 0.001190193 0.005608972 0.03954147 0 -9999 0 0 0 0 0 0 0 0 0 0 0 0 0 0 0 0 0 0 0 0 0 0 0 -9999 -9999
0.01704333 0.01051465 0.009281148 0.01020106 0.008559912 0 0 0 0 0 0 0 0 1.048952e-05 5.076427e-05 0 2.852359e-06 5.431909e-05 8.5026e-05 0.0001311993 4.051874e-05 2.646718e-05 4.417031e-05 6.839808e-05 8.55529e-05 8.553121e-05 8.553444e-05 8.555395e-05 8.554958e-05 5.799004e-05 3.848151e-05 3.848151e-05 3.848151e-05 3.848151e-05 0.005050272 0.01471182 0.102581 0 0 0 0 0 0 0 0 0 0 0 0 0 0 0 0 0 0 0 0 0 0 0 0 -9999 -9999
0.01652405 0.015231 0.009881866 0.01126524 0.009162886 0.00364271 0.003650881 0.00142668 0 0.003755377 0.05687748 0 0.005060555 0.06533471 0 0 5.900079e-06 6.890726e-05 6.300718e-05 0 0 0 0 8.287821e-07 1.416258e-06 1.130738e-06 1.415626e-06 1.416294e-06 3.063171e-06 2.019022e-05 1.986351e-05 1.986246e-05 1.986471e-05 0.0018576 1.815432e-05 0 0 0 0 0 0 0 0 0 0 0 0 0 0 0 0 0 0 0 0 0 0 0 0 0 -9999 -9999 -9999
0.0146233 0.02148074 0.05880084 0.04341083 0.007646916 0.007770724 0.007959329 0.005334686 0.003020416 0 0.116522 0.2732107 0.1850007 0.3627288 0.0804408 0 5.900079e-06 6.890726e-05 6.300718e-05 0 0 0 0 0 0 0 0 0 0 0 0 0.0668013 0 0 0 0 0 0 0 0 0 0.004270032 0.02646698 0 0 0 0 0 0 0 0 0 0 0 0 0 0 0 0 0 -9999 -9999 -9999
0.01556827 0.01798213 0.0155701 0.01117033 0.009091748 0.009218173 0.0101343 0.007392853 0.002811587 0 0.05502666 0.26399 0.4143379 0.2714692 0.1668474 0.003989445 0.003430499 6.890726e-05 0.001078718 0.007294677 0 0 0 0 0 0 0 0 0 0 0 0.008502326 0 0 0 0 0 0 0 0 0 0 0 0 0 0 0 0 0 0 0 0 0 0 0 0 0 0 0 0 -9999 -9999 -9999
0.05575433 0.01992456 0.03866128 0.01381211 0.01206979 0.01080918 0.008181242 0.007150108 0.00348792 0.0765461 0.2056353 0.3024232 0.270818 0.126603 0.0457609 0.004068915 0.001759528 6.890726e-05 8.810463e-05 0.004995677 0 0 0 0 0 0 0 0 0 0 0 0 0 0 0 0 0 0 0 0 0 0 0 0 0 0 0 0 0 0 0 0 0 0 0 0 0 0 0 0 -9999 -9999 -9999
0.05754937 0.01145907 0.01461836 0.009989693 0.0134295 0.05508502 0.00875531 0.008504334 0.001681081 0.05915438 0.04855908 0.193299 0.338603 0.006028499 0.004068915 0.004068915 0.001726416 6.890726e-05 6.890726e-05 0.0001954528 0 0 0 0 0 0 0 0 0.0002832654 0.05047282 0.003940594 0 0 0 0 0 0 0 0 0 0 0 0 0 0 0 0 0 0 0 0 0 0 0 0 0 0 0 0 -9999 -9999 -9999 -9999
0.01505083 0.01324731 0.01061905 0.01463493 0.02628138 0.06129489 0.01067986 0.009942705 0 0.0001317063 0.002121601 0.1425761 0.300801 0.00404757 0.004068915 0.004068915 0.001726416 6.890726e-05 6.890726e-05 2.940744e-05 0 0 0 0 0 0 0 0 9.700572e-06 4.694611e-05 0 0 0 0 0.0009278609 0.004550912 0.0001780617 0.0001780617 0.0001783113 0.0001205674 0.0001590084 0 0 0 0 0 0 0 0 0 0 0 0 0 0 0 0 0 0 -9999 -9999 -9999 -9999
0.01694846 0.01217026 0.01397177 0.01755352 0.02287519 0.07002372 0.01602092 0.04383933 0 2.439275e-06 0.002439758 0.0780566 0.1255475 0.02345485 0.004068915 0.004002877 0.002791739 0.001627555 4.090855e-06 1.477875e-05 0 0 0 0 0 0 0 0 0 0 0 0 0 0 0 1.550293e-05 0.0001810593 0.0001810593 0.0001372933 0.0001806492 0.000110019 0 0.0001981503 0.01046932 0.002576258 0 0 0 0 0 0 0 0.0005729211 0 0 0 0 0 -9999 -9999 -9999 -9999 -9999
0.0130329 0.01207289 0.01361059 0.01159985 0.06125036 0.1310526 0.1563911 0.01053218 0 0.0003569814 0.09276854 0.05299032 0.09693074 0.1403548 0.003889965 0.003089285 0.002473573 0.002473573 0.004318254 0 0 0 0 0 0 0 0 0.006242711 0 0 0 0 0 0 0 1.550293e-05 0.0001810593 0.0001810593 0.0001720657 0.0001447881 0.0001655564 0 8.95013e-05 0.08318248 0.007010415 0 0.004828038 0 0 0.0191217 0.09253983 0 1.961999e-05 0 0 0 0 0 -9999 -9999 -9999 -9999 -9999
0.01357395 0.01253216 0.01570431 0.1895134 0.1297054 0.1558222 0.09131172 0.01538853 0.00638223 0.01114895 0.1080764 0.0002487208 0.1123766 0.1487136 0.002074886 0.002934606 0.0001353962 0.006333904 0.00334614 0.002802217 0 0 0 0 0 0 0.001096452 0.005520086 0 0 0 0 0 0 0 2.067057e-05 0.0001735645 0.0001372933 0.0001324219 0.0001798172 0.0001217903 0 0.0009263067 0.00218661 2.182638e-05 0 0.001520848 0.006560015 0 0.00182667 0.00179724 0 0 0 0 0 0 0 -9999 -9999 -9999 -9999 -9999
0.01894149 0.01573753 0.01933575 0.02020543 0.01695745 0.01681343 0.0106576 0.02278763 0.04272867 0.1046153 0.02910294 0.01305878 0.01219038 0.09612717 0.00096187 0.0008881083 0.0001004051 0.0001068273 0.00192089 0.01072848 0 0 0 0 0 0 3.754857e-05 0.0001817171 0 0 0 0 0 0 0 1.550293e-05 0.0001655564 7.081328e-05 0.0001798172 0.0001810593 0.0001639635 0 0.0005127699 0.00237935 0 0 0.0007920875 0.009131896 0.006410501 0 0 0 0 0 0 0 0 0 -9999 -9999 -9999 -9999 -9999
0.02508942 0.01693074 0.01568949 0.01431244 0.05513816 0.0152046 0.01961577 0.06592534 0.08040641 0.03337595 0.07746114 0.08232104 0.04273335 0.005926563 0.001482483 0.0002222738 0.0001004051 0.0001004051 9.46737e-05 0.01671323 0.01627596 0 0 0 0 0 0.006586486 0 0 0 0 0 0 0 0 5.926896e-05 0.0001808026 0.0001798172 0.0001810593 0.0001810593 0.0001106553 0 0 8.73571e-05 0.0004227664 0 1.738891e-05 0.0006496938 6.31155e-05 0 0 0 0 0 0 0 0 -9999 -9999 -9999 -9999 -9999 -9999
0.1993984 0.03414599 0.02487982 0.02260528 0.01631043 0.0107698 0.01354805 0.03749521 0.04076672 0.02640393 0.02619513 0.06701066 0.2546987 0.0276381 0.000405304 0.0002110648 0.0001004051 0.0001004051 0.000883939 0.009513434 0.03412861 0 0 0 0 0 0.006275561 0 0 0 0 0 0 0.002783074 8.928753e-05 9.228511e-05 9.327766e-05 6.270337e-05 9.352724e-05 0.000101022 0.0001557479 0 0 2.99159e-06 1.447786e-05 0 0.0005962092 0 0 0 0 0 0 0 1.465389e-05 0.000794162 0 -9999 -9999 -9999 -9999 -9999 -9999
0.03093066 0.04255171 0.09954911 0.02541442 0.02149135 0.01749815 0.03830814 0.0816506 0.03270786 0.05821468 0.02710688 0.06062665 0.1030897 0.04554098 0.0003674563 0.0002110648 0.0001004051 0.0001004051 0.0001004051 0.0001682461 0.0003139433 2.011394e-05 0.001224659 0 0 0 0.0002071855 0 0 0 0 7.4948e-06 9.528354e-05 0.0002733695 7.502673e-05 0 0 0 0 2.566634e-07 2.740919e-06 0 0 0 0 0 2.04175e-05 0.0004987399 0 0 0.108887 0 0 0.05755366 0.004107507 0.0006581117 0 -9999 -9999 -9999 -9999 -9999 -9999
0.03020418 0.0251147 0.02425373 0.02632805 0.04594982 0.08004811 0.1234907 0.2988358 0.03762227 0.03773955 0.03262163 0.09333538 0.1426793 0.0271751 0.02277964 0.000157567 0.0001004051 0.0001004051 0.0001004051 0.0001004051 0.0001004051 0.004031925 0.02030811 0 0 0 0 3.158832e-05 0.0003410918 0.0003718863 0.0003709557 0.008084589 0.03774614 0.0004087518 0.0001319495 0 0 0 0 0 0 0 0.0006977737 0.002907157 0 0 0 0 0 0 0.003728894 0 0 0.0847249 0.04009027 1.298029e-05 -9999 -9999 -9999 -9999 -9999 -9999 -9999
0.05353174 0.115271 0.04465191 0.2236752 0.2506285 0.2489644 0.2690105 0.1077703 0.08970205 0.04680623 0.03626269 0.02930817 0.04522956 0.1442758 0.02517284 0.0001004051 0.0001004051 0.0001004051 0.0001004051 0.0001004051 0.0001004051 0.001325382 0.02005095 3.821002e-05 0.0001849181 0 0 3.493913e-05 0.0004080555 0.0004080555 0.0004080555 0.0004407707 0.0468653 0.0004652073 0.000192771 5.051194e-06 5.899309e-05 2.444535e-05 0 0.07537528 8.266335e-05 0.001003392 0.001334418 0.003198329 0.0006389042 0.0007955445 0.0007089235 0.0007747337 0.00062323 0.000559788 0 0 0.0102382 0.0489301 0.0004918099 7.091781e-05 -9999 -9999 -9999 -9999 -9999 -9999 -9999
0.05519158 0.2374415 0.07744975 0.265912 0.4705272 0.2116092 0.1390644 0.2739534 0.3959357 0.09194045 0.03948002 0.03724834 0.04928407 0.158842 0.03340948 0.0001004051 0.0001004051 0.0001004051 0.0001004051 0.0001004051 0.0002317134 0.01912131 0.0811418 0.0009230772 0.0004084878 0.004903733 0 0.003627173 0.01779274 0.001012689 0.01748096 0.0192921 0.002054203 0.0004510016 0.0001943009 0.0001201794 0.0001220267 5.0565e-05 0 0.001005496 7.199745e-05 0.0008714169 0.001186555 0.001167485 0.0008841739 0.0007005903 0.0008908908 0.0006698832 0.0008430645 0.0005929617 0.0002203689 0 0.003486919 0.01492139 0.006327691 4.857236e-06 -9999 -9999 -9999 -9999 -9999 -9999 -9999
0.3559619 0.543626 0.2142064 0.2000623 0.1741446 0.267054 0.1533037 0.1679684 0.2997663 0.05186563 0.03788693 0.0553972 0.2348143 0.2594143 0.03869252 2.710622e-05 4.176975e-05 5.114039e-05 9.10759e-05 0.001155516 0.005211265 0.005509757 0.005220873 0.0009230772 0.0004110472 0.0002158681 4.793715e-05 0.0001680273 0.01406899 0.03495416 -9999 0.0004651316 0.0004649389 0.0004357271 0.0001220267 0.0001220267 0.0001220267 0.07067104 0 0 0.0002513729 0.003039284 0.002918681 0.003108556 0.001152432 0.0007831805 0.0007974978 0.000882959 0.0006244664 0.000571814 0.0002848615 0 0.0003455995 0.001734057 0 0 -9999 -9999 -9999 -9999 -9999 -9999 -9999
0.564258 0.5475691 0.4751452 0.3090399 0.1736346 0.2640931 0.1025961 0.1324532 0.1708177 0.1258859 0.141018 0.2019494 0.2554144 0.3089478 -9999 0.002155319 0 1.127926e-07 1.342804e-06 3.779512e-05 0.0001777265 0.0002238371 0.0009230772 -9999 0.0004110472 4.874415e-05 4.874415e-05 4.45705e-05 1.503935e-05 2.974029e-05 0.0001220267 0.0001228303 0.0001258116 0.0001265636 0.0001220267 0.0001220267 0.0001163857 0.0002564522 0 0 0.0002471964 0.003036587 0.003086207 0.002706931 0.001241727 0.001477636 0.00157399 0.002023513 0.001363687 0.000912713 0.007376678 0.03489624 0 0 0.0002918428 -9999 -9999 -9999 -9999 -9999 -9999 -9999 -9999
0.4608261 0.5786863 0.6112671 0.4265795 0.5325135 0.5543773 0.3099434 0.09889635 0.1911734 0.1844311 0.3731262 0.2721099 0.4275235 0.389335 0.1616512 0.1260113 0.0365385 0.004796525 0.08851533 0.01098287 0.02587239 0.01121316 0.000479329 0.0006896307 0.002893601 0.0001712736 4.874415e-05 2.060193e-05 0 0.003620449 3.77511e-05 9.758133e-05 0.0001220267 0.0001220267 0.0001220267 0.0001220267 0.005769371 0.004848673 0 0.0007718199 0.1007258 0.009852499 0.002806951 0.002813242 0.001153413 0.001048573 0.04270984 0.04431441 0.001021065 0.001111334 0.007359765 0.001176189 0.0002399545 0.009565188 0.06908149 -9999 -9999 -9999 -9999 -9999 -9999 -9999 -9999
0.3519903 0.5264298 0.6310848 0.429986 0.5255511 0.6008502 0.4553636 0.3396332 0.3817149 0.3832211 0.5295839 0.2412376 0.2563662 0.1900186 0.1521292 0.1008005 0.1074862 0.1421645 0.1996865 0.1859677 0.0615547 0.001807625 4.500364e-05 0.0006293221 0.0001906581 0.001494252 3.897933e-05 0.01988779 0.02272175 5.45973e-07 0.0008688435 1.183105e-06 0.00116242 0.005641776 9.335134e-05 0.008446765 1.107412e-06 0 0 0.000237387 0.00468662 0.02309099 0.01033884 0.008545983 0.001275587 0.001437489 0.002124944 0.002938704 0.003148205 0.002383933 0.00662028 0.001624313 0.01182214 0.09023927 -9999 -9999 -9999 -9999 -9999 -9999 -9999 -9999 -9999
0.5563333 0.7040744 0.6469814 0.7165667 0.5554522 0.6455101 0.5753232 0.5798759 0.3535431 0.5163596 0.3860258 0.2506064 0.1848058 0.1053321 0.09976762 0.1154227 0.06559358 0.1637724 0.3354838 0.4707462 0.1879071 0.02086941 0.00705411 1.043768e-05 0 0 2.559419e-06 0.002138147 0.002350326 0.001785598 0.001941206 0.006471526 0.004510886 8.349764e-05 8.089626e-05 0.0002320147 0 0 0 0.0003533123 0.0009611796 0.004855901 0.01012918 0.001403464 0.001195173 0.001463932 0.003481898 0.00162763 0.001230197 0.001357831 0.001793401 4.449077e-05 0.0006408485 0.01046737 -9999 -9999 -9999 -9999 -9999 -9999 -9999 -9999 -9999
0.6908771 0.5829676 0.8036461 0.6521776 0.3847699 0.5101075 0.5760373 0.5652976 0.4144235 0.1700593 0.3071438 0.5143542 0.3132769 0.1119421 0.08541691 0.09568947 0.07222413 0.3367171 0.1014456 0.2699393 0.07080607 0.06243136 0.04063455 0.03183213 0.02368026 0 0 0.008132442 0.003016986 0.001696126 0.004630074 0.0001908776 0.003234098 8.489716e-05 7.774832e-05 5.82423e-07 0 0 0 0.0001828745 0.0006817507 0.003159684 0.002402711 0.000931468 0.02158766 0.07721122 0.001483785 0.001647218 0.001440574 0.008416786 0.0007145863 0 0 2.798105e-05 -9999 -9999 -9999 -9999 -9999 -9999 -9999 -9999 -9999
0.6101285 0.6246688 0.6947918 0.4448401 0.3570148 0.4095955 0.6513901 0.579468 0.2470575 0.3182186 0.4056761 0.467973 0.4840182 0.2943553 0.3022553 0.0968979 0.09801953 0.05972173 0.04791587 0.04653627 0.05604427 0.07172687 0.04956558 0.1878096 0.0444738 0 0.01084317 0.05312451 0.008235899 0.01095651 0.002579595 0.0003257765 0.003463134 0.003221408 0.00294558 0 0 0 0 0 0.0003005247 0.003694703 0.003460696 0.00145776 0.002333194 0.005802007 0.001058202 0.001199485 0.001758849 0.009182924 0.0005197529 0 0 0.002759188 -9999 -9999 -9999 -9999 -9999 -9999 -9999 -9999 -9999
0.5602851 0.6421099 0.5535098 0.420646 0.5660824 0.5659744 0.5111002 0.6220088 0.472263 0.5680737 0.3949448 0.4460697 0.5356616 0.5033138 0.3320779 0.410488 0.3747578 0.190742 0.1017005 0.05360562 0.0659733 0.1201906 0.07344051 0.1091112 0.1172241 0 0.0004435325 0.02589028 0.02215838 0.1232097 0.006975644 0.01355521 0.01082326 0.0144089 0.006009961 0 0.0009785885 0.0114304 0.01047488 0.04071261 0.000418252 0.005819807 0.1684351 0.06203393 0.005131862 0.001677723 0.001072234 0.02048283 0.005934935 0.02316178 0.001227135 0 0 -9999 -9999 -9999 -9999 -9999 -9999 -9999 -9999 -9999 -9999
