Env_Vars_Sept202022/Set_1/humanmod_sept20.asc.asc
ncols         145
nrows         190
xllcorner     -2197417.7431653
yllcorner     -584827.01486885
cellsize      20000
NODATA_value  -9999
[rows 112 to 139 of 190, columns 63 to 125 of 145]
0.4804298 0.5661547 0.553628 0.5481114 0.6445189 0.566044 0.5478367 0.5490007 0.4229686 0.4198694 0.4795467 0.5285275 0.5468655 0.6634747 0.5275845 0.4024279 0.2990933 0.4017485 0.3086275 0.3184344 0.06927201 0.2596104 0.2408505 0.1969281 0.3342872 0.2612297 0.1915249 0.2623977 0.2490743 0.03082549 0.01836053 0.09429471 0.0679098 0.291465 0.09427606 0.05045457 0.009502464 0.01006598 0.009134177 0.008495829 0.01668215 0.1993706 0.3486166 0.005295195 0.005395798 0.007608249 4.250286e-05 0.001936095 0.001963858 0.002044797 1.829079e-06 -9999 -9999 -9999 -9999 -9999 -9999 -9999 -9999 -9999 -9999 -9999 -9999
0.533438 0.6647149 0.6732131 0.6451117 0.6633931 0.6684061 0.5117744 0.5610988 0.3707521 0.3878857 0.5285379 0.3530313 0.5860573 0.634621 0.5362268 0.5113212 0.2887606 0.4593915 0.3216074 0.2980307 0.29649 0.2439695 0.3310984 0.1735322 0.3911476 0.408502 0.4292625 0.4204345 0.5852723 0.1935766 0.2524716 0.3972849 0.352085 0.3534583 0.3758472 0.2909257 0.02972628 0.02257923 0.01434721 0.02446358 0.0261605 0.008445276 0.004576154 0.001431387 0.001275253 0.000106441 0.0005954693 0.000857909 0.001803267 0.005061655 7.709518e-06 -9999 -9999 -9999 -9999 -9999 -9999 -9999 -9999 -9999 -9999 -9999 -9999
0.6290081 0.5831752 0.5464838 0.5725495 0.5962878 0.5829445 0.6418434 0.5054513 0.4465635 0.395592 0.5925794 0.4470208 0.5510431 0.5070179 0.4602287 0.3793872 0.2811009 0.2313458 0.5150487 0.2734925 0.2157391 0.1938511 0.09996729 0.2075495 0.3271856 0.219442 0.3531132 0.5280613 0.518409 0.3168249 0.0513025 0.0651174 0.1930629 0.6439044 0.5297868 0.3178007 0.3888582 0.03650879 0.01249653 0.01940123 0.01702358 0.006214856 0.001964517 0.002732174 0.002193251 0.0004654313 -9999 0.0008045491 0.002152233 0.007658974 0.0008300619 -9999 -9999 -9999 -9999 -9999 -9999 -9999 -9999 -9999 -9999 -9999 -9999
0.6757852 0.644273 0.639337 0.5136136 0.4973047 0.4429722 0.6289937 0.640725 0.4233825 0.2014172 0.2757914 0.2588128 0.4765382 0.2351927 0.3783812 0.3589386 0.4927771 0.4791176 0.622481 0.5338451 0.427951 0.3679329 0.1578983 0.3004644 0.5108911 0.2253324 0.2360668 0.5034792 0.5956162 0.5935926 0.5352976 0.4095148 0.6493766 0.4873738 0.6460586 0.5311174 0.04857797 0.01435131 0.01200304 0.02480253 0.01498398 0.005655027 0.001807297 0.002064631 0.001738626 0.001216747 0.002896658 0.2307838 0.01087718 0.06350747 -9999 -9999 -9999 -9999 -9999 -9999 -9999 -9999 -9999 -9999 -9999 -9999 -9999
0.6581454 0.4714262 0.4415605 0.6334606 0.5309728 0.3882793 0.4932402 0.589174 0.4644338 0.3954457 0.3199646 0.2661192 0.3896189 0.0815827 0.2611951 0.3323835 0.6220378 0.4934204 0.4577913 0.6465261 0.4645001 0.5804477 0.327005 0.4690477 0.5095261 0.4682387 0.3841825 0.6528083 0.602751 0.4969314 0.6556138 0.6873657 0.6462691 0.6476964 0.5050836 0.2096053 0.03313795 0.01827411 0.02640073 0.02633417 0.01870932 0.009876158 0.002187027 0.0007874675 0.002570538 0 -9999 0.00578518 0.0006731825 0.004853606 0.0007912036 5.744591e-07 0 -9999 -9999 -9999 -9999 -9999 -9999 -9999 -9999 -9999 -9999
0.4700703 0.4491269 0.4020957 0.4671461 0.3840241 0.3415945 0.3505688 0.4344652 0.4860503 0.337218 0.3002602 0.4481404 0.6299371 0.505551 0.5176512 0.536693 0.564956 0.5744303 0.4204894 0.3415475 0.442184 0.376693 0.3439928 0.4166282 0.5614946 0.5601575 0.3736331 0.5273356 0.5005727 0.1475137 0.4834345 0.6442651 0.5488665 0.627725 0.3788525 0.3508061 0.465703 0.2825088 0.1453104 0.2424465 0.03587493 0.02213346 0.02784134 0.02072922 0.004454878 0.0007190236 0.0009552444 0.0036858 0.004333359 0.002175079 0.0007848387 -9999 -9999 -9999 -9999 -9999 -9999 -9999 -9999 -9999 -9999 -9999 -9999
0.5456555 0.5239431 0.2908839 0.1877196 0.2605457 0.205283 0.2611787 0.4324779 0.4367637 0.2150963 0.1651931 0.2900469 0.6291206 0.6006114 0.6354104 0.4038033 0.6312668 0.63631 0.4052922 0.5495726 0.2289265 0.5123991 0.5228158 0.3484628 0.6304693 0.5653265 0.5863678 0.5977883 0.4720372 0.2442705 0.3368625 0.4172968 0.2822973 0.3035411 0.3305055 0.2519694 0.3427862 0.268914 0.1776408 0.04130679 0.01537047 0.01525012 0.02347871 0.179381 0.008244021 0.001014175 0.0006867332 -9999 0.0009154274 0.000871992 0.005916276 0.0002753624 -9999 -9999 -9999 -9999 -9999 -9999 -9999 -9999 -9999 -9999 -9999
0.6410525 0.6385987 0.5540407 0.2558088 0.4152798 0.1517879 0.1842361 0.1693148 0.3363867 0.4135021 0.3860128 0.3081762 0.4830877 0.4581336 0.4032243 0.6092983 0.5768269 0.6119798 0.4330994 0.4712136 0.3401058 0.4989799 0.5549035 0.5493064 0.5586896 0.558387 0.5918669 0.5359737 0.415211 0.5958776 0.6078759 0.6538318 0.5371156 0.4467834 0.336112 0.1252686 0.04143826 0.0427321 0.0284749 0.01694098 0.01532571 0.02197203 0.03076788 0.3736428 0.08002098 0.003831765 0.001238442 1.499819e-05 0.001697586 0.00157325 0.001673683 0.0009877651 0 -9999 -9999 -9999 -9999 -9999 -9999 -9999 -9999 -9999 -9999
0.5821433 0.6729127 0.5811801 0.6164682 0.6061897 0.2598661 0.341056 0.09412383 0.230025 0.2923868 0.1976022 0.3202464 0.3082318 0.3972633 0.56177 0.3867596 0.5672363 0.3790975 0.2536046 0.5019448 0.4218376 0.5636565 0.5725318 0.5903912 0.697085 0.5035069 0.4915837 0.4847158 0.5578302 0.6336677 0.6520336 0.6401048 0.6066083 0.5514099 0.5461346 0.3244849 0.06376427 0.1520302 0.03345857 0.0265358 0.02810629 0.04916146 0.2611416 0.4100265 0.0248106 0.004762775 0.002582851 0.003311931 0.001823325 0.001105654 0.002997283 0.002800335 0.0008356429 0 -9999 -9999 -9999 -9999 -9999 -9999 -9999 -9999 -9999
0.6557093 0.6648312 0.6351386 0.4901097 0.4255809 0.2400166 0.1860389 0.2924633 0.1429474 0.1652332 0.3178707 0.2112146 0.3015601 0.373697 0.4815387 0.6010842 0.5587639 0.4939873 0.5808128 0.3966915 0.2616817 0.5006216 0.646184 0.3503891 0.3764161 0.5476751 0.4634685 0.502847 0.4500866 0.6051396 0.6775862 0.4582745 0.583938 0.5225921 0.5303328 0.5378229 0.2340491 0.3083444 0.4496291 0.4756596 0.2872684 0.593848 0.5599294 0.4451858 0.114161 0.06802815 0.09526323 0.003511021 0.007222334 0.003219187 0.003590527 0.003324723 0.003564545 0.0004570553 0.0004695343 0 0 0.0008654073 -9999 -9999 -9999 -9999 -9999
0.4598924 0.5576286 0.6367623 0.5116808 0.150068 0.1448039 0.1156565 0.111 0.1587102 0.1769151 0.2031204 0.327424 0.3223734 0.4775258 0.4633389 0.5756098 0.4895083 0.3929489 0.4974694 0.5357596 0.4898728 0.299812 0.251048 0.1189349 0.4138494 0.4885473 0.4349857 0.5207507 0.4856998 0.6042961 0.6077381 0.271221 0.4594023 0.5398585 0.5521374 0.5694497 0.4851542 0.509143 0.5122437 0.5390995 0.276601 0.2863081 0.291073 0.03616873 0.05434681 0.07762899 0.05926457 0.1257809 0.04021695 0.003271843 0.006094508 0.03341537 0.004177502 0.02742956 0.001344777 0.004448831 0.00485955 -9999 -9999 -9999 -9999 -9999 -9999
0.5066054 0.5665678 0.5735638 0.5073908 0.2775868 0.2045594 0.1398074 0.1176882 0.1822799 0.1883181 0.3139033 0.4137494 0.2844284 0.364516 0.5153853 0.6410779 0.5459117 0.3197791 0.3556081 0.6155063 0.5930713 0.6153951 0.4319331 0.4760143 0.4714028 0.4028172 0.3141046 0.5936416 0.4802763 0.5306622 0.2347604 0.4887181 0.5936126 0.439239 0.4660651 0.3971874 0.4268312 0.4578761 0.4334343 0.3149754 0.2993801 0.09065352 0.03560023 0.02600392 0.05139886 0.2095925 0.0871188 0.08123086 0.02655482 0.01431189 0.03909411 0.1927055 0.1402396 0.003857488 0.001448231 0.001753742 0.001341521 0.008474874 0.06755665 -9999 -9999 -9999 -9999
0.4601944 0.5825129 0.5215427 0.4789789 0.1888753 0.1216032 0.1477885 0.1005729 0.1161321 0.1588347 0.1707785 0.4281171 0.2786147 0.5624671 0.3826887 0.5911329 0.5809123 0.5254658 0.5017813 0.6242956 0.5212945 0.5651842 0.4713307 0.5666199 0.4950814 0.5247086 0.2606854 0.3462787 0.3938519 0.2836237 0.4120456 0.4818246 0.3613742 0.504659 0.4928156 0.5384536 0.3667409 0.1454584 0.513719 0.592957 0.4892314 0.2076945 0.0952364 0.01437313 0.0429445 0.1823984 0.1764183 0.2125768 0.02808304 0.07819595 0.01377602 0.1795351 0.04297385 0.005311184 0.004376077 0.01902996 0.07521454 0.001978425 0.003622126 -9999 -9999 -9999 -9999
0.6676955 0.6218596 0.3469034 0.3809211 0.3436736 0.372637 0.1876959 0.1846443 0.2263158 0.1741216 0.1622357 0.2007191 0.2692447 0.417228 0.2595938 0.3539688 0.5079118 0.3987493 0.3386201 0.3414028 0.2851622 0.2788495 0.4047458 0.3853862 0.435293 0.4776841 0.6105102 0.5341375 0.238468 0.5545067 0.5585086 0.4412718 0.3464227 0.5054751 0.3430559 0.3281142 0.3653436 0.5666978 0.5611883 0.5204735 0.5476446 0.2884601 0.3021124 0.05113114 0.09601476 0.2830792 0.3340558 0.2619497 0.2580146 0.05982728 0.01913268 0.1346665 0.1530294 0.02156361 0.01117597 0.1415882 0.007590462 0.009456895 -9999 -9999 -9999 -9999 -9999
0.61767 0.4993207 0.1655451 0.2807902 0.3812722 0.4779192 0.2634382 0.293417 0.1703926 0.1047961 0.1810448 0.2094634 0.4675018 0.361408 0.4926386 0.4407101 0.1896084 0.3381177 0.4929405 0.2041677 0.2904615 0.4870502 0.3558677 0.2757246 0.0645279 0.4187557 0.4446546 0.6121902 0.4782646 0.4960349 0.4882233 0.4243773 0.3837049 0.5200952 0.4926479 0.4244364 0.5026674 0.4297521 0.607839 0.5104794 0.4908523 0.3448817 0.4850121 0.3878218 0.5886009 0.4865924 0.529929 0.5779756 0.31152 0.08199251 0.05355131 0.04336037 0.2485217 0.05925728 0.09557169 0.3037412 0.08934151 0.2656841 0.03809642 -9999 -9999 -9999 -9999
0.5982643 0.4431553 0.6065556 0.2312654 0.3807527 0.4807792 0.216286 0.1727594 0.08688375 0.08370949 0.2131931 0.3708817 0.5275664 0.4221465 0.2050889 0.3060372 0.4329216 0.530729 0.3096972 0.134502 0.3012359 0.3569699 0.3997303 0.3845926 0.4389581 0.3734921 0.3856382 0.4150233 0.5113158 0.3691042 0.4614639 0.5923746 0.5816892 0.5380618 0.4999591 0.2745483 0.572626 0.5898214 0.4273404 0.6080673 0.4848384 0.3975851 0.3458152 0.2729043 0.3481529 0.3385866 0.4498967 0.3605493 0.4204462 0.2306274 0.1291617 0.04286109 0.098666 0.1060138 0.1548768 0.3646455 0.4420888 0.4584018 -9999 -9999 -9999 -9999 -9999
0.5879907 0.387963 0.5261915 0.392008 0.4081806 0.3876467 0.1917921 0.1107396 0.08792094 0.1009129 0.3950047 0.5180188 0.5181964 0.4110037 0.1323301 0.2792149 0.5742331 0.647506 0.5383583 0.3036704 0.3271617 0.2340283 0.15056 0.3834239 0.5360187 0.5852213 0.4866691 0.468552 0.4799335 0.4342237 0.6157916 0.541509 0.5538237 0.5087813 0.5573977 0.5335043 0.5793685 0.4274451 0.5136334 0.5816715 0.5744983 0.6053498 0.563746 0.2742271 0.08494578 0.0009354597 0.007409745 0.04766353 0.3437024 0.1249739 0.09337007 0.129299 0.1763456 0.1225528 0.1148754 0.1196689 0.1638316 0.3718424 -9999 -9999 -9999 -9999 -9999
0.6431036 0.6097535 0.6526067 0.5272156 0.4283237 0.2112536 0.1103579 0.2238205 0.2777566 0.1851536 0.3514281 0.3825752 0.298577 0.2324972 0.0920534 0.1977732 0.4543615 0.4223052 0.4394981 0.4578021 0.4135221 0.5406814 0.2447205 0.1119136 0.226536 0.2941938 0.5573119 0.6519356 0.5012991 0.5325106 0.7254592 0.6086434 0.5710585 0.5962293 0.3781185 0.5682212 0.4209253 0.3313042 0.5438535 0.5058163 0.5240368 0.3596103 0.4951477 0.5435309 0.3854426 0.2613527 0.2632467 0.1826963 0.06111014 0.3318842 0.1876268 0.2059399 -9999 0.1168334 0.1625294 0.142117 0.1561061 0.2480552 -9999 -9999 -9999 -9999 -9999
0.6128581 0.6855042 0.4817969 0.4567449 0.3206279 0.3226225 0.3688381 0.3970696 0.5462487 0.4465661 0.1485434 0.1077382 0.2455756 0.164959 0.09393756 0.1130807 0.3790594 0.2970816 0.4072523 0.6388754 0.4496987 0.2917458 0.3549942 0.1467702 0.1284474 0.1206745 0.4396422 0.5888075 0.5862905 0.692342 0.7476062 0.5907167 0.5657629 0.3852977 0.3967375 0.4272541 0.4831988 0.4237287 0.1557818 0.2252817 0.3100442 0.2770635 0.407842 0.526983 0.3719022 0.4647877 0.35658 0.2874097 0.1120272 0.3293444 0.4333656 0.2063809 0 -9999 0.1224001 0.1532816 0.2582693 0.4476367 0.07005697 -9999 -9999 -9999 -9999
0.6183329 0.6547487 0.6751964 0.6259496 0.5504274 0.6015708 0.4845777 0.273956 0.2659933 0.4202142 0.3383204 0.4080452 0.1940202 0.1898931 0.137443 0.5254777 0.4450837 0.3943954 0.3540295 0.6602167 0.465583 0.5213011 0.4248785 0.3799894 0.3354366 0.1827463 0.1537241 0.4947087 0.627441 0.6288489 0.6697659 0.6500973 0.3961469 0.5677711 0.4416111 0.4971461 0.4281996 0.399514 0.3424551 0.3349231 0.4864945 0.5021878 0.21019 0.5244515 0.5228663 0.4836761 0.482471 0.4708432 0.4786163 0.3428356 0.4243577 0.1697311 -9999 0.04434421 0.2884286 0.2487759 0.4415427 0.6098111 0.3628 -9999 -9999 -9999 -9999
0.4925458 0.646935 0.6359432 0.4743723 0.3963963 0.5781441 0.4553789 0.1300001 0.1928301 0.1564017 0.06542032 0.09445425 0.1590719 0.1230557 0.2122408 0.3212087 0.3949107 0.56062 0.4265843 0.5129939 0.5662934 0.5255077 0.5594548 0.6299828 0.5206227 0.3976441 0.273958 0.3515792 0.5399964 0.3637217 0.6420608 0.6183298 0.5975468 0.4067949 0.4901388 0.5531182 0.6097735 0.5368125 0.6103486 0.497607 0.4225806 0.3965372 0.4057166 0.305031 0.5122926 0.497807 0.4576646 0.503457 0.5947483 0.3511162 0.3967267 0.5330192 0.6449492 0.4998492 0.4231755 0.6408105 0.5764427 0.6404856 0.5816694 -9999 -9999 -9999 -9999
0.4069227 0.4259464 0.6051366 0.6245589 0.5971462 0.5315257 0.4307092 0.2299775 0.1852591 0.08801285 0.07017272 0.0932809 0.121468 0.1190453 0.161745 0.2929367 0.6154484 0.5322936 0.551047 0.3753848 0.4960441 0.5986151 0.4952923 0.4893412 0.5771101 0.6036425 0.3744015 0.1825793 0.3372309 0.4099005 0.4389182 0.4626632 0.5777448 0.4325114 0.5155142 0.4118052 0.3809371 0.1251227 0.2407349 0.3795766 0.3969464 0.4299479 0.464711 0.381061 0.4347246 0.4682961 0.5249764 0.5855311 0.4203828 0.4645763 0.4573169 0.4897391 0.6192213 0.5278933 0.6063061 0.6467836 0.7113179 0.765202 0.6423301 -9999 -9999 -9999 -9999
0.3364313 0.2017811 0.2906071 0.3919268 0.5771142 0.4836309 0.3724838 0.1138691 0.09961486 0.0800569 0.07540981 0.1495093 0.2037788 0.1939429 0.2237825 0.3772914 0.4122134 0.122997 0.2427391 0.3986798 0.4612952 0.3742938 0.4405433 0.5865777 0.4919245 0.5787425 0.4246836 0.4860448 0.3912254 0.3225984 0.3620892 0.156462 0.4831763 0.4777924 0.3403795 0.5930446 0.4878796 0.2403024 0.3512866 0.4050187 0.4065086 0.4712793 0.565125 0.4172498 0.3160206 0.4197633 0.5258177 0.5063252 0.3355279 0.2108648 0.1750022 0.3526206 0.540266 0.374876 0.6225662 0.6534597 0.6834453 0.6190225 0.6492888 -9999 -9999 -9999 -9999
0.3102108 0.240908 0.3177169 0.4147708 0.315808 0.3078371 0.1434725 0.06839219 0.07414164 0.1077203 0.07770011 0.1354369 0.2289871 0.09433378 0.2418879 0.5876778 0.3270256 0.3086675 0.2288397 0.1087711 0.2061688 0.4206446 0.2696004 0.2277593 0.323617 0.2997422 0.3796671 0.4533342 0.2328718 0.3335364 0.2890251 0.5579635 0.3505688 0.5126503 0.4275141 0.6150347 0.4943375 0.4589713 0.5583835 0.5255266 0.5575236 0.5265126 0.4556163 0.3919304 0.1339205 0.4483559 0.5536085 0.3575152 0.4333923 0.2289754 0.308876 0.6075835 0.5565488 0.538999 0.6631621 0.5989238 0.6502085 0.6182482 0.6123686 -9999 -9999 -9999 -9999
0.3349713 0.4125267 0.2322107 0.08826783 0.0924677 0.06417413 0.09125584 0.2678349 0.151219 0.1357991 0.06332672 0.1293741 0.08716834 0.1047641 0.1892338 0.2707261 0.3100427 0.3787512 0.2744573 0.05896125 0.09541246 0.1547512 0.1856849 0.1801175 0.2471334 0.3755951 0.3158858 0.2910674 0.2693909 0.2475565 0.2439436 0.276335 0.5217821 0.3825625 0.4253777 0.5269954 0.5735339 0.609783 0.5714654 0.4188573 0.6614509 0.5681964 0.4504034 0.2897866 0.5114726 0.5081227 0.5572859 0.5019161 0.4941846 0.4892821 0.5323259 0.5940858 0.6244431 0.5365033 0.6633285 0.6361817 0.671151 0.5760672 0.4247368 -9999 -9999 -9999 -9999
0.1505152 0.3851573 0.4395178 0.165846 0.2620926 0.2935033 0.2027503 0.2224033 0.2202104 0.221101 0.2690948 0.1351196 0.06927819 0.06986836 0.1816274 0.2360111 0.3479953 0.08926474 0.174787 0.08192642 0.03908362 0.07458898 0.1008648 0.2241376 0.3143701 0.2985365 0.4140317 0.2647336 0.1074102 0.2215147 0.3798465 0.186552 0.4374414 0.5769911 0.3915423 0.3828067 0.5116296 0.3945729 0.503185 0.5453715 0.4964796 0.5522708 0.434113 0.5846989 0.6072885 0.5642781 0.5522383 0.4695518 0.497036 0.5017889 0.3865882 0.3889834 0.5163503 0.589597 0.6989019 0.6793364 0.6513733 0.6136943 0.2355194 -9999 -9999 -9999 -9999
0.126286 0.2760004 0.174455 0.09381413 0.1935472 0.2448096 0.2768796 0.2474239 0.32009 0.2547761 0.2359451 0.1806743 0.1500711 0.1085689 0.1198098 0.1873895 0.1617266 0.1886461 0.1657742 0.1127698 0.06147632 0.06011065 0.08701961 0.2217997 0.08838114 0.288976 0.3380198 0.3495996 0.3229249 0.3028181 0.2663876 0.2399317 0.3473657 0.4978088 0.4952532 0.3251407 0.3726483 0.4801961 0.4267585 0.3671083 0.4562241 0.3240198 0.3765917 0.5446652 0.5527364 0.4129415 0.223286 0.3841149 0.5531248 0.3611024 0.5422529 0.5899988 0.4465173 0.53669 0.5853121 0.631335 0.6159155 0.6088228 0.2939034 0.08890057 -9999 -9999 -9999
0.2183718 0.3241923 0.4584772 0.3705485 0.2378548 0.09931581 0.2730556 0.1573385 0.2609557 0.3067073 0.2371368 0.34021 0.2363567 0.1279604 0.2431674 0.1704682 0.1522896 0.09862588 0.07205138 0.08685237 0.08062263 0.04671594 0.07954065 0.4605404 0.1540946 0.1843868 0.136181 0.3638805 0.2092721 0.1711623 0.267773 0.2146419 0.2973025 0.400451 0.5384229 0.4806296 0.2362418 0.307603 0.3700858 0.334143 0.200196 0.3683978 0.3561118 0.4481026 0.2849138 0.4260232 0.2039803 0.3492863 0.4082848 0.3285035 0.3064906 0.4895467 0.4309127 0.4777052 0.3281837 0.5041375 0.5345519 0.354466 0.4877382 0.2143418 -9999 -9999 -9999
