Env_Vars_Sept202022/Set_1/humanmod_sept20.asc.asc
ncols         145
nrows         190
xllcorner     -2197417.7431653
yllcorner     -584827.01486885
cellsize      20000
NODATA_value  -9999
[rows 28 to 55 of 190, columns 0 to 62 of 145]
-9999 -9999 -9999 -9999 -9999 -9999 -9999 -9999 -9999 -9999 -9999 -9999 8.440185e-06 3.64429e-05 0.0001263702 0.001296601 0.005380703 0.0004564882 0.001609421 0.0007641761 1.478929e-05 0.0008466245 0.004045445 2.314866e-05 2.319223e-05 2.463349e-05 4.966902e-05 5.681749e-05 5.700137e-05 5.67807e-05 5.67703e-05 5.676227e-05 5.687696e-05 5.677753e-05 5.678146e-05 5.625728e-05 4.3772e-05 2.685821e-05 5.918995e-06 6.574423e-06 3.075496e-05 4.63893e-05 4.481441e-05 5.719571e-05 3.356837e-05 2.660231e-05 2.680803e-05 3.262855e-05 6.322883e-05 6.583601e-05 4.137931e-05 6.496212e-05 7.91018e-05 6.905584e-05 0.0001051466 7.371036e-05 2.826722e-05 6.915288e-05 6.159044e-05 6.814487e-05 5.746714e-05 3.387083e-05 2.225538e-05
-9999 -9999 -9999 -9999 -9999 -9999 -9999 -9999 -9999 -9999 -9999 1.286624e-05 3.139135e-05 3.863554e-05 0.0003167042 0.0003191379 0.000321523 0.0004232657 0.002022014 0.001674772 0.00118563 0.000407082 0.0002746897 2.31369e-05 2.314463e-05 4.254276e-05 5.681515e-05 5.697463e-05 5.682655e-05 5.676409e-05 5.67661e-05 5.675894e-05 5.678826e-05 5.688985e-05 5.675892e-05 5.676004e-05 5.642409e-05 2.498006e-05 3.920783e-06 4.108602e-06 1.439859e-05 4.847924e-05 7.034481e-05 6.882842e-05 5.619385e-05 3.538192e-05 2.166222e-05 3.204845e-05 6.317142e-05 8.077662e-05 7.618408e-05 7.429384e-05 2.792527e-05 0.004739074 6.638737e-05 5.679049e-05 7.484079e-05 9.259491e-05 7.187589e-05 5.075436e-05 5.278652e-05 1.897222e-05 2.025252e-05
-9999 -9999 -9999 -9999 -9999 -9999 -9999 -9999 -9999 -9999 -9999 0.0001422187 2.50513e-05 0.0002505663 0.0003186632 0.0003186652 0.0003370558 0.01028521 0.05465768 0.001709053 0.001160235 3.461697e-05 2.312006e-05 2.330926e-05 3.435597e-05 5.665046e-05 5.684658e-05 5.715105e-05 5.70159e-05 5.691465e-05 5.678874e-05 5.675882e-05 5.676087e-05 5.680944e-05 5.677845e-05 5.684951e-05 5.682561e-05 2.831487e-05 8.974718e-06 5.75281e-06 3.504891e-05 8.962865e-05 0.0001035676 7.59968e-05 5.440496e-05 3.721607e-05 0.03543243 4.469282e-05 4.308253e-05 7.772437e-05 9.820602e-05 8.745291e-05 5.884558e-05 6.078762e-05 5.068862e-05 7.179672e-05 5.471647e-05 8.110867e-05 6.374155e-05 3.935484e-05 3.396954e-05 2.217544e-05 2.047583e-05
-9999 -9999 -9999 -9999 -9999 -9999 -9999 -9999 -9999 -9999 0.0002023542 0.0001878354 0.0001213195 0.0003186628 0.0003186628 0.0003186846 0.0003193362 0.06043007 0.005518019 0.0008622136 0.001336519 2.319945e-05 2.311381e-05 2.451315e-05 4.96572e-05 5.692249e-05 5.687242e-05 5.684578e-05 5.694977e-05 5.678386e-05 5.697234e-05 5.675882e-05 5.676577e-05 5.679821e-05 5.679924e-05 5.677219e-05 4.915163e-05 2.416336e-05 9.325255e-06 3.531095e-06 1.742341e-05 6.694344e-05 0.000109588 8.614825e-05 7.500513e-05 0.000181728 0.001252114 3.684357e-05 3.656024e-05 5.069676e-05 9.121645e-05 8.535008e-05 6.667893e-05 4.94478e-05 3.724781e-05 6.325828e-05 5.912222e-05 5.825499e-05 5.720844e-05 6.34851e-05 2.1279e-05 1.851498e-05 3.925143e-05
-9999 -9999 -9999 -9999 -9999 -9999 -9999 -9999 -9999 4.981919e-05 0.0002901975 0.0002399697 0.000316773 0.0003186628 0.0003186628 0.0003186635 0.0003186646 0.00267796 0.003598677 0.0002537679 0.0001269642 2.316692e-05 2.328023e-05 3.421406e-05 5.676303e-05 5.67957e-05 5.687863e-05 5.696484e-05 5.69348e-05 5.680975e-05 5.692974e-05 5.685644e-05 5.678107e-05 5.694457e-05 5.689937e-05 5.990981e-05 7.150687e-05 5.362964e-05 1.205372e-05 4.709837e-06 3.338293e-05 5.509536e-05 0.000115241 7.863222e-05 2.401608e-05 3.136353e-05 2.58625e-05 2.783371e-05 4.299611e-05 5.04364e-05 6.07269e-05 5.920448e-05 5.704748e-05 3.825963e-05 4.805066e-05 4.822231e-05 6.374557e-05 6.370643e-05 5.794852e-05 3.113119e-05 1.75304e-05 1.340595e-05 2.351924e-05
-9999 -9999 -9999 -9999 -9999 -9999 -9999 -9999 -9999 0.0001658789 0.0002505168 0.000117346 0.0002632765 0.0003186993 0.0003186785 0.0002389971 0.0003186628 0.001589803 0.0002793254 0.000318664 0.005469915 2.316421e-05 2.608663e-05 5.668955e-05 5.677363e-05 5.693359e-05 5.677971e-05 5.687609e-05 5.68219e-05 5.683464e-05 5.680964e-05 5.695136e-05 5.696089e-05 5.700389e-05 5.635868e-05 6.112242e-05 5.906153e-05 4.180107e-05 7.111546e-06 2.775744e-05 4.467035e-05 5.720748e-05 0.0001160199 3.986645e-05 0.001143879 0.006695487 2.816473e-05 3.292806e-05 2.428292e-05 2.821765e-05 2.639499e-05 5.956128e-05 3.816707e-05 2.459449e-05 2.487135e-05 2.805531e-05 5.102737e-05 3.409734e-05 4.232113e-05 3.811819e-05 1.936147e-05 1.680433e-05 1.672721e-05
-9999 -9999 -9999 -9999 -9999 -9999 -9999 -9999 1.536979e-06 1.803905e-05 3.708542e-05 4.219282e-05 4.489814e-05 0.0001391941 0.0003187564 0.0003186628 0.0003186628 0.0003186628 0.0003186637 0.000318675 0.0003335482 2.316564e-05 2.605085e-05 5.685646e-05 5.663473e-05 5.556664e-05 5.677251e-05 5.67831e-05 5.680587e-05 5.678312e-05 5.687074e-05 5.699525e-05 5.689285e-05 5.690686e-05 5.078563e-05 4.017305e-05 4.781465e-05 1.362925e-05 2.403663e-05 7.467739e-05 7.540291e-05 0.0001170943 6.636261e-05 2.820409e-05 2.469518e-05 2.655621e-05 1.506338e-05 1.437735e-05 2.102098e-05 2.930298e-05 2.58588e-05 2.773525e-05 4.744007e-06 8.015302e-06 0.004363262 2.418693e-05 -9999 -9999 -9999 -9999 -9999 -9999 -9999
-9999 -9999 -9999 -9999 -9999 -9999 -9999 7.953687e-05 1.265079e-05 1.823368e-05 4.219967e-05 4.217549e-05 4.217458e-05 4.256636e-05 7.003798e-05 0.0003186628 0.0003186628 0.000318664 0.0003186869 0.0003186663 0.001358778 0.005190148 2.166382e-05 4.744764e-05 0.001859899 0.009943667 0.04811054 5.683355e-05 5.684543e-05 5.681794e-05 5.676451e-05 5.695868e-05 5.687546e-05 5.692224e-05 5.560394e-05 4.812278e-05 4.75878e-05 3.607437e-05 6.213089e-05 8.902936e-05 9.799984e-05 0.0001363971 5.197082e-05 2.026994e-05 1.312177e-05 7.300445e-06 1.252415e-05 9.774654e-06 2.042829e-05 1.243592e-05 1.127961e-05 1.207889e-05 3.02391e-06 1.605601e-05 7.423087e-05 3.352686e-05 4.392889e-05 5.493098e-05 4.529433e-05 2.474967e-05 -9999 -9999 -9999
-9999 -9999 -9999 -9999 -9999 -9999 -9999 7.040604e-05 3.314178e-05 0.03247425 4.241292e-05 4.223398e-05 4.218115e-05 4.217737e-05 5.177501e-05 0.0002504654 0.0003186628 0.0003186628 0.0003186675 0.0003186809 0.0005257709 0.008476589 2.577144e-05 0.01131892 0.05474917 0.0003960021 0.002250983 5.676841e-05 5.678642e-05 5.676125e-05 5.677619e-05 5.700567e-05 5.676626e-05 5.678035e-05 5.322025e-05 2.406472e-05 1.681269e-05 5.013082e-05 8.617841e-05 8.856485e-05 0.0001030949 0.0001177739 5.334032e-05 2.514341e-05 1.180004e-05 1.050675e-05 1.017908e-05 2.525524e-06 5.11192e-06 6.92504e-07 7.993549e-06 3.793413e-06 2.026337e-06 1.581963e-05 2.577133e-05 3.52869e-05 3.248359e-05 4.241341e-05 2.242446e-05 3.700755e-05 1.175304e-05 0 -9999
-9999 -9999 -9999 -9999 -9999 -9999 1.31535e-05 0.0001057384 4.792746e-05 4.546354e-05 4.218488e-05 4.224058e-05 4.228083e-05 4.217313e-05 4.217318e-05 5.628716e-05 0.0002613605 0.000318671 0.0003186689 0.0003186773 0.0003186907 0.0004629164 3.339881e-05 0.0004435028 0.0019281 5.678456e-05 5.686557e-05 5.683629e-05 5.67813e-05 5.67745e-05 5.679325e-05 5.676216e-05 5.675882e-05 5.679917e-05 3.075003e-05 8.388944e-06 2.725674e-05 5.304132e-05 5.360282e-05 9.218636e-05 9.061843e-05 8.134193e-05 5.057201e-05 4.49149e-05 3.530864e-05 1.393728e-05 8.507936e-06 3.824403e-06 2.28051e-06 4.559488e-06 3.006686e-06 1.68584e-05 5.075415e-07 6.505658e-06 1.186688e-05 1.660384e-05 2.517855e-05 2.245434e-05 1.666405e-05 -9999 8.446351e-06 9.956552e-06 -9999
-9999 -9999 -9999 -9999 -9999 6.587095e-05 0.0002633654 8.023389e-05 4.495314e-05 4.528921e-05 4.21737e-05 4.219994e-05 4.218725e-05 4.217691e-05 4.217311e-05 4.217311e-05 3.11098e-05 8.490335e-05 0.0003186628 0.0003186635 0.0003186667 0.0001343318 4.438361e-05 5.676206e-05 5.676349e-05 5.679492e-05 5.676247e-05 5.676906e-05 5.441331e-05 4.500665e-05 5.684577e-05 5.683415e-05 5.675882e-05 5.303848e-05 1.28442e-05 1.252721e-05 2.614672e-05 3.37391e-05 5.310193e-05 6.53214e-05 6.351342e-05 9.458069e-05 7.886434e-05 6.99044e-05 3.210912e-05 1.161206e-05 0.004503626 0.02172328 7.912903e-06 4.012009e-05 1.011282e-05 7.143925e-06 2.103836e-07 3.33678e-06 1.077982e-05 1.301055e-05 1.17787e-05 9.187557e-06 2.624736e-05 3.267925e-05 -9999 -9999 -9999
-9999 -9999 -9999 -9999 4.833713e-06 2.822656e-05 3.077789e-05 5.774304e-05 5.759453e-05 4.872982e-05 4.217313e-05 4.217321e-05 4.217314e-05 4.218033e-05 4.220163e-05 4.043471e-05 9.033437e-06 0.004441449 0.02165397 0.004693945 0.02139315 1.495819e-05 2.984649e-05 5.680677e-05 5.676323e-05 5.678017e-05 5.675961e-05 5.676296e-05 5.676808e-05 5.683236e-05 5.685231e-05 5.681963e-05 5.49539e-05 2.236072e-05 1.252893e-05 1.257807e-05 1.038957e-05 2.534916e-05 3.676811e-05 4.36159e-05 5.502145e-05 5.387023e-05 5.547694e-05 2.947049e-05 1.285707e-05 2.810966e-06 6.769709e-07 2.849129e-06 7.983265e-06 1.036754e-05 2.83226e-06 6.914383e-06 3.1569e-06 3.654179e-07 1.929805e-06 2.114294e-06 2.275224e-06 5.078999e-06 -9999 -9999 -9999 -9999 -9999
-9999 -9999 -9999 -9999 1.551535e-05 2.944016e-05 5.108766e-05 5.76966e-05 5.754852e-05 5.197987e-05 4.217468e-05 4.218072e-05 4.217311e-05 4.217351e-05 4.217522e-05 1.782565e-05 6.423426e-10 0.0001521344 0.001429606 0.003506752 0.0007398639 1.25249e-05 1.258786e-05 1.515457e-05 4.789768e-05 5.675954e-05 5.679902e-05 5.680497e-05 5.689314e-05 5.676116e-05 5.676266e-05 5.677426e-05 4.234453e-05 1.252494e-05 1.252649e-05 1.253336e-05 9.946943e-06 1.01812e-05 1.895546e-05 1.917208e-05 4.419324e-05 4.423269e-05 4.492058e-05 2.278381e-05 1.290403e-05 1.131169e-05 2.549153e-06 7.434701e-06 6.508088e-06 0.004984056 0.01511554 0.0003223664 0.001542303 7.408905e-08 0.001984505 0.01288725 1.225107e-05 3.456462e-07 -9999 -9999 7.082398e-08 2.950693e-06 5.607113e-06
-9999 -9999 -9999 1.992148e-05 2.195105e-05 3.782367e-05 5.766455e-05 5.522404e-05 4.606814e-05 4.230898e-05 4.218147e-05 4.217337e-05 4.217311e-05 4.217313e-05 4.037557e-05 8.776411e-06 4.718713e-09 1.331535e-08 0.03113114 1.252834e-05 1.25859e-05 1.255058e-05 1.25249e-05 1.25249e-05 1.295397e-05 2.621039e-05 4.789891e-05 5.677171e-05 5.677362e-05 5.684108e-05 5.677153e-05 5.485047e-05 2.132419e-05 1.253215e-05 1.255011e-05 1.25364e-05 1.19696e-05 4.612984e-06 2.643893e-05 1.361311e-05 1.680961e-05 1.876674e-05 1.385961e-05 1.440386e-05 3.388817e-06 1.91666e-05 1.090637e-05 2.007008e-06 1.795507e-06 7.72705e-06 0.0003358688 0.001391545 1.401028e-06 4.956789e-07 3.637477e-07 1.943503e-07 0 -9999 -9999 5.235123e-08 5.723211e-06 1.034532e-05 9.356922e-06
-9999 -9999 2.822656e-05 1.855942e-05 1.213589e-05 5.734339e-05 5.75447e-05 5.746466e-05 5.716139e-05 3.786855e-05 2.5002e-05 4.218119e-05 4.217311e-05 4.042739e-05 9.380917e-06 2.499482e-08 1.058885e-08 3.15597e-08 0.001069182 2.239319e-05 1.254728e-05 1.26222e-05 1.257703e-05 1.25249e-05 1.198869e-05 9.989596e-06 1.295416e-05 2.622394e-05 4.790777e-05 5.675945e-05 5.677382e-05 4.239085e-05 1.25532e-05 1.252986e-05 1.252671e-05 1.255141e-05 1.216943e-05 3.065901e-06 3.366346e-06 6.459639e-06 3.681967e-06 4.482864e-06 7.59672e-06 1.020214e-05 7.306196e-06 1.018891e-06 1.327707e-06 8.394318e-08 8.592512e-07 5.602093e-06 1.188288e-06 4.074352e-06 3.618891e-06 7.377618e-06 4.889233e-06 3.339366e-06 5.205326e-07 9.037696e-07 0 3.000037e-06 4.709145e-06 9.586648e-07 -9999
-9999 0 1.675742e-06 2.253715e-05 4.498451e-05 5.754452e-05 5.754452e-05 5.754452e-05 5.51712e-05 0.000153757 0.009125692 4.220434e-05 4.223956e-05 2.845547e-05 1.61524e-10 2.881571e-09 2.737671e-08 5.46334e-09 0.001478975 0.007164508 1.255242e-05 1.254736e-05 1.260821e-05 1.261182e-05 1.256857e-05 1.257616e-05 1.252491e-05 1.254639e-05 1.296803e-05 2.62783e-05 3.543048e-05 2.199687e-05 1.25798e-05 1.258432e-05 1.25418e-05 1.254015e-05 1.163275e-05 2.201156e-06 2.393693e-06 1.122715e-05 1.132351e-05 9.098471e-06 5.834111e-06 2.420442e-05 9.563521e-06 1.129855e-06 1.102162e-07 0.007177677 4.807497e-06 4.930556e-06 8.895015e-07 1.084381e-06 2.085911e-06 6.148822e-06 7.252013e-06 5.484706e-06 1.137802e-05 5.620284e-06 7.038254e-07 -9999 1.967324e-07 4.059723e-08 1.236815e-06
-9999 0 0 1.90706e-05 5.754452e-05 5.754452e-05 5.754452e-05 5.754452e-05 5.746295e-05 5.715213e-05 0.0001423816 4.235781e-05 3.902197e-05 2.97191e-07 0.003929058 1.239865e-08 1.019074e-07 2.574959e-08 8.152754e-05 0.0007562413 3.239751e-05 0.001265112 0.005986503 1.263515e-05 1.253784e-05 1.252994e-05 1.253061e-05 1.252563e-05 1.254557e-05 1.252725e-05 1.252618e-05 1.252588e-05 1.252528e-05 1.252693e-05 1.253109e-05 1.203011e-05 6.339552e-06 1.953204e-06 4.065398e-07 5.969113e-06 9.383396e-06 1.01614e-05 6.938326e-06 2.71574e-05 2.903864e-05 5.335143e-06 1.095694e-07 5.966627e-07 1.960421e-07 4.210576e-06 0.0005836962 0.002789433 3.060256e-06 2.764531e-07 1.366562e-06 8.548448e-06 2.049233e-05 8.825743e-06 2.463838e-06 6.92003e-10 3.257062e-09 2.190048e-06 8.690244e-07
0 0 8.40789e-06 5.714975e-05 5.754452e-05 5.754452e-05 5.754452e-05 5.754452e-05 5.754452e-05 5.756755e-05 0.0003542133 0.001473688 1.810471e-05 0 5.701943e-08 0 1.821347e-09 0.0001469969 0.0001861031 5.363121e-05 5.364733e-05 9.600994e-05 0.008267866 0.003923476 1.263543e-05 1.258867e-05 1.27658e-05 1.260067e-05 1.252804e-05 1.254012e-05 1.253321e-05 1.25249e-05 1.25249e-05 0.001588047 0.000271836 0.001274811 6.101547e-07 2.733874e-06 2.403352e-07 3.736702e-06 1.283185e-05 2.970587e-05 3.302532e-05 2.559839e-06 6.497541e-06 6.67735e-07 9.630011e-07 3.864674e-06 1.913177e-07 2.393859e-06 3.101488e-05 0.0001009635 1.421933e-05 4.243885e-06 3.774096e-06 9.513374e-06 1.519794e-05 2.536336e-06 0 2.164716e-06 2.869056e-08 5.439139e-08 9.840198e-08
0.002670024 0.0008848694 2.667147e-06 3.863201e-05 5.754452e-05 5.754452e-05 5.754452e-05 5.754452e-05 5.754452e-05 5.754452e-05 0.001541747 0.006891639 3.575615e-07 0 1.925743e-09 2.295248e-09 3.194773e-05 0.0006041427 0.0003513075 5.365001e-05 5.363293e-05 5.370328e-05 5.364838e-05 5.323345e-05 0.001170938 0.02296464 0.07003784 1.229921e-05 1.25997e-05 1.263327e-05 1.256199e-05 8.978897e-06 2.804667e-06 5.416254e-05 9.063896e-08 5.641418e-09 0 1.745421e-06 1.601717e-06 1.472469e-05 2.758607e-05 2.419756e-05 2.987556e-05 3.158124e-05 1.192209e-05 3.198633e-06 9.721634e-06 5.661713e-06 3.097226e-07 1.006015e-06 6.634968e-06 3.269281e-06 2.921615e-06 0.0005163206 3.384539e-07 7.853099e-07 5.651538e-06 0 1.13094e-06 9.083216e-07 9.599208e-07 2.338908e-07 5.51725e-07
0.0001820108 3.030282e-05 0 3.050265e-07 3.40942e-05 4.363474e-05 5.754452e-05 5.754452e-05 5.754452e-05 5.754452e-05 5.75446e-05 0.01061308 0.001714842 1.560912e-07 0 7.860196e-11 0.0004455912 0.001868877 0.005660595 5.368088e-05 5.364713e-05 5.363914e-05 5.366984e-05 5.378068e-05 5.408604e-05 0.0001661431 8.388109e-05 1.251714e-05 1.264079e-05 0.0009467438 0.001426159 8.592502e-08 6.996719e-08 1.102852e-07 6.701216e-08 1.186925e-09 8.450449e-08 1.092345e-05 1.071812e-05 4.623052e-06 2.10148e-05 2.486768e-05 2.579274e-05 8.903822e-06 7.724172e-06 8.490784e-07 4.201644e-06 8.524255e-06 9.833414e-06 1.818509e-05 9.718381e-06 8.592128e-06 9.197185e-06 2.199103e-05 3.058856e-06 3.023277e-06 1.35835e-05 4.866967e-07 4.462408e-08 5.550475e-08 1.683371e-06 5.402062e-06 4.546074e-06
-9999 0 0 0 5.579209e-07 4.763479e-07 5.798285e-06 5.754452e-05 5.754452e-05 5.754452e-05 5.754452e-05 0.0006532539 0.00319522 0.005583142 0.0005488854 6.528047e-05 0.0007664981 0.001999479 0.01299761 0.0005838234 5.363149e-05 5.365181e-05 5.384354e-05 5.371133e-05 5.383853e-05 6.45735e-05 0.0002344848 0.001546038 8.978203e-06 3.479495e-05 4.865254e-05 3.994596e-08 6.236839e-08 1.748547e-08 0 1.036249e-06 2.961014e-06 3.838182e-06 2.910123e-06 1.336954e-05 3.260387e-05 1.266831e-05 5.026711e-06 9.053491e-06 1.467234e-06 4.624071e-06 5.382451e-06 1.473713e-05 1.209995e-05 1.23671e-05 9.95965e-06 6.361415e-06 2.088417e-05 8.151467e-06 2.452788e-06 1.101311e-05 4.48143e-06 1.009512e-05 3.032255e-06 3.677236e-06 1.115886e-06 3.587472e-06 3.757064e-06
-9999 0 0 0.04467844 0 7.437489e-08 3.358302e-05 5.754452e-05 5.754452e-05 4.363474e-05 5.754452e-05 0.001213452 0.005826532 0.0005413693 0.001945839 0.001982593 0.0001727223 0.001029439 0.01624254 0.004922044 5.365384e-05 5.364088e-05 5.368054e-05 5.370777e-05 0.0003504364 0.00164188 0.0009206949 0.0037195 8.589019e-08 6.730174e-12 2.612484e-08 1.230754e-07 6.020231e-08 1.377134e-08 7.081376e-09 1.25823e-06 5.909194e-06 2.380647e-06 1.548934e-05 9.921134e-06 2.395437e-05 2.166303e-05 4.262246e-06 3.28892e-06 2.754982e-05 4.339554e-05 3.052847e-06 2.486477e-05 1.643568e-05 7.896342e-06 5.132682e-06 5.041067e-06 1.395647e-05 4.251445e-06 3.081051e-06 4.280123e-06 1.833503e-06 2.039033e-06 1.826969e-06 1.828031e-06 2.334428e-06 1.341685e-08 1.175156e-06
-9999 -9999 -9999 -9999 0 2.734976e-07 2.387317e-05 4.965509e-05 5.754452e-05 5.706817e-05 5.754452e-05 0.0009529843 0.005798989 0.000308109 0.001148934 0.006849805 0.02557378 0.06631539 0.01556985 3.141285e-05 5.365009e-05 5.378351e-05 5.366757e-05 0.0002691489 0.001248672 0.0003175182 0.000317528 0.0003237449 0.0001403123 1.068232e-08 2.702975e-08 1.397553e-08 9.167967e-09 1.790584e-08 0 1.277921e-05 1.609872e-06 3.159418e-07 3.20319e-06 5.504277e-06 2.165051e-05 3.772575e-05 2.242513e-06 2.602752e-05 4.062327e-05 1.739961e-05 4.891935e-06 9.072822e-06 1.871656e-05 1.284488e-05 9.74033e-06 0.005006454 1.354921e-05 7.239485e-06 3.845023e-06 1.027629e-05 1.8272e-06 2.62478e-06 1.834078e-06 1.881853e-06 8.919883e-07 5.79535e-07 5.663916e-06
-9999 -9999 -9999 0.02615558 0.007252364 0.02795354 1.063605e-05 1.854376e-05 3.034563e-05 3.574531e-05 5.760554e-05 7.870668e-05 0.0003083801 0.0003082335 0.0003186631 0.0003661553 0.0160493 0.3206139 0.0002138501 3.154309e-05 5.364283e-05 5.368036e-05 5.386534e-05 0.0003288139 0.001539775 0.0003175701 0.0003175524 0.0003176244 0.00147049 0.007087677 0.005904619 8.983477e-09 3.558133e-08 1.961361e-07 3.086002e-08 8.460044e-08 6.85531e-06 1.700536e-05 8.53755e-06 3.855816e-06 4.012542e-05 2.960756e-05 2.048413e-05 5.598625e-05 2.969182e-05 2.337504e-05 5.975856e-06 1.535465e-05 3.326513e-05 1.852568e-05 1.645368e-05 0.007088362 3.328689e-06 9.360126e-06 1.060562e-05 2.073737e-06 2.20778e-06 2.223137e-06 4.422101e-06 2.997066e-06 4.314143e-06 7.717859e-07 2.053834e-08
-9999 -9999 -9999 0.0079075 0.002620759 0 1.063605e-05 1.816193e-05 1.816193e-05 1.975345e-05 3.951506e-05 0.0001993337 0.0003086614 0.0003084275 0.0003083019 0.0003157471 0.002576202 0.1474945 0.0004691012 0.003461691 5.364038e-05 5.366238e-05 5.369914e-05 0.0002059977 0.0003175859 0.0003175228 0.0003175763 0.0003175862 0.0003175287 0.0003588452 0.0004877882 3.387891e-07 4.364562e-08 1.61996e-08 1.88688e-07 3.27544e-08 0.001359186 0.006580262 6.849414e-06 2.621639e-05 2.173015e-05 1.672651e-05 4.68633e-05 1.698117e-05 1.714836e-05 2.208408e-05 5.071705e-06 1.083395e-05 1.937499e-05 1.343463e-05 1.77146e-05 0.0002423413 6.446448e-06 3.028812e-06 1.275978e-05 5.353864e-06 3.214332e-06 5.462035e-06 6.30827e-06 2.929084e-06 2.512591e-07 4.636068e-09 3.638764e-07
-9999 -9999 -9999 -9999 7.921895e-05 0.00577582 0.02795413 1.816193e-05 1.362145e-05 1.816193e-05 1.821776e-05 3.370754e-05 0.0001803489 0.0003086564 0.0003086963 0.0003601781 0.003498797 0.01016456 0.002601708 0.0001359205 5.363121e-05 5.370437e-05 0.001881726 0.0002499205 0.0003175067 0.0003175047 0.0003175141 0.0003175517 0.0003175902 0.0003177972 0.0003171875 0.0003173385 0.0001535255 3.66894e-08 8.520501e-08 7.526135e-08 0.002193967 0.01063332 7.334821e-06 6.163093e-06 2.616535e-05 6.889032e-06 2.682579e-05 2.477406e-05 1.3102e-05 2.222916e-06 7.411372e-06 1.326025e-05 1.01861e-05 9.797291e-06 1.655565e-05 4.001541e-05 1.865265e-06 6.123288e-05 1.225797e-05 4.90832e-06 5.503804e-06 4.39311e-06 8.971107e-06 3.735958e-06 1.509151e-06 5.289953e-07 5.284682e-09
-9999 -9999 -9999 -9999 0.006919865 0.03126967 0.0009580781 1.392573e-05 1.439899e-05 1.816193e-05 0.0006941657 0.003289696 1.857444e-05 3.542191e-05 0.0001876539 0.000395126 0.006056111 0.007306865 0.01342701 2.831114e-05 5.36913e-05 0.0001696482 0.0008295015 0.0003175147 0.0003175051 0.0003175041 0.0003175042 0.000317506 0.0003175992 0.0003176338 0.0003175711 0.0003699802 0.000134699 3.302515e-08 1.337822e-07 1.512133e-07 4.188701e-06 6.815212e-06 2.083228e-05 1.848739e-06 2.198218e-06 2.172647e-06 2.925429e-06 9.770202e-06 2.811489e-05 3.903507e-05 1.036047e-05 3.808668e-06 6.366491e-06 1.003022e-05 0.001050477 0.00501298 3.124523e-06 5.367554e-06 1.859901e-06 1.827227e-06 4.898629e-06 8.512753e-06 2.013147e-06 1.140867e-06 2.599103e-08 2.518286e-06 4.086856e-07
-9999 -9999 -9999 -9999 -9999 0.0005414716 7.198898e-07 9.729834e-06 1.816193e-05 1.816193e-05 4.131204e-05 0.03383678 0.00245156 0.0113262 1.869726e-05 2.364418e-05 0.002978323 0.004111726 0.004170706 0.005086092 0.001193253 0.0006819529 0.0003350465 0.000317549 0.000240779 0.0003175171 0.0003175077 0.0003175275 0.0003175723 0.0003177071 0.000317595 0.0003175827 0.0001316319 1.592214e-07 1.225279e-07 7.952155e-07 7.047478e-06 1.335628e-05 7.698246e-06 7.312349e-06 9.336601e-06 1.8272e-06 4.900372e-06 1.663929e-05 2.842005e-05 3.954897e-05 2.046755e-05 6.343997e-06 1.401389e-05 0.0001229216 2.804532e-06 3.109889e-06 3.020926e-06 8.356269e-06 2.272951e-06 1.884581e-06 1.917612e-06 1.8272e-06 1.673339e-06 1.098452e-07 4.298516e-07 1.827445e-08 9.471402e-09
