Env_Vars_Sept202022/Set_1/mar_sept20.asc.asc
ncols         145
nrows         190
xllcorner     -2197417.7431653
yllcorner     -584827.01486885
cellsize      20000
NODATA_value  -9999
[rows 155 to 185 of 190, columns 70 to 139 of 145]
15.36875 14.55625 14.84375 14.425 14.40625 14.4125 14.35625 14.2125 14.29375 14.3 14.1875 14.35 14.36875 14.48125 14.23125 14.20625 14.30625 14.16875 14.36875 14.2 13.94375 14.09375 13.9875 13.95 13.84375 13.9875 14.01875 13.93125 13.85625 13.78125 13.86875 13.84375 13.81875 13.725 13.8 13.7875 13.75 13.71667 13.60833 13.65 13.68125 13.6125 13.5625 13.6 13.375 13.3625 13.35 13.3125 13.25 13.19375 13.05625 13.03125 12.95 -9999 -9999 -9999 -9999 -9999 -9999 -9999 -9999 -9999 -9999 -9999 -9999 -9999 -9999 -9999 -9999 -9999
15.11875 14.44375 14.93125 14.55625 14.7125 14.38125 14.66875 14.425 14.175 14.25625 14.3625 14.625 14.4875 14.19375 15.1625 14.2 14.6125 14.4875 14.375 14.34375 14.1 14.24375 14.15 14.01875 13.95625 14.05625 13.95625 13.9625 13.94375 13.9375 13.86875 13.76875 13.85625 13.90625 13.8625 13.71875 13.80625 13.8 13.6875 13.70625 13.75625 13.6625 13.63125 13.6125 13.48125 13.4375 13.39375 13.3875 13.25625 13.35625 13.24375 13.1375 13.125 -9999 -9999 -9999 -9999 -9999 -9999 -9999 -9999 -9999 -9999 -9999 -9999 -9999 -9999 -9999 -9999 -9999
14.8 15.25833 15.68125 15.3625 14.65 14.70625 14.6 14.50625 14.63125 14.45625 14.5625 14.80625 14.675 14.80625 14.43125 14.25 14.55625 14.5125 14.31875 14.3625 14.29375 14.43125 14.2 14.3 14.0375 14.03125 13.9875 13.8125 13.9125 13.9875 13.9625 13.88125 13.86875 13.81875 13.7875 13.89375 13.6375 13.70625 13.83333 13.825 13.775 13.7125 13.7875 13.675 13.625 13.55 13.55 13.4625 13.3375 13.425 13.425 13.175 13.1125 -9999 -9999 -9999 -9999 -9999 -9999 -9999 -9999 -9999 -9999 -9999 -9999 -9999 -9999 -9999 -9999 -9999
14.63125 15.75625 17.3375 15.8 14.7125 14.81875 15.33125 14.7375 14.90625 14.5 14.88125 14.80625 15.0875 14.56875 14.89375 14.7 14.90625 14.375 14.45625 14.4 14.5375 14.3375 14.225 14.20625 14.19375 14.18125 14.0875 14.14375 13.91875 14.025 13.9625 14.025 13.9875 14.03125 13.94375 14 14.025 14 13.88333 14.00625 13.9 13.9 13.78125 13.725 13.7 13.625 13.6 13.5 13.525 13.49375 13.44167 13.375 13.2 -9999 -9999 -9999 -9999 -9999 -9999 -9999 -9999 -9999 -9999 -9999 -9999 -9999 -9999 -9999 -9999 -9999
15.53125 15.275 15.7 14.63125 14.85 14.9375 14.79375 14.875 16.09375 15.46875 14.80625 15 14.7875 14.9 14.96875 14.8125 14.85 14.6375 14.74375 14.51875 14.5125 14.4125 14.30625 14.31875 14.16875 14.0375 14.075 13.96875 14.0875 14.06875 13.9375 13.9375 13.9625 13.95625 13.85 13.6875 13.78125 14.04375 13.9 13.975 13.9 13.90625 13.875 13.75 13.675 13.675 13.6 13.4875 13.64375 13.59375 13.5625 13.6 13.3125 -9999 -9999 -9999 -9999 -9999 -9999 -9999 -9999 -9999 -9999 -9999 -9999 -9999 -9999 -9999 -9999 -9999
14.85625 14.64375 15.3125 14.8125 15.08125 14.83125 14.93125 14.925 16.175 16.3625 15.9125 14.725 14.81875 14.85625 15.15 14.9875 14.79375 14.94375 14.8 14.6625 14.58125 14.44375 14.53125 14.375 14.24375 14.25625 14.15 14.1125 14.05 14.08125 13.9625 14.05625 14.05 14.1 14.08125 14.16875 14.2625 14.125 13.8375 14.0625 14.03125 14.00625 13.94375 13.85 13.7625 13.7 13.675 13.5875 13.65 13.63125 13.6 13.60625 13.575 -9999 -9999 -9999 -9999 -9999 -9999 -9999 -9999 -9999 -9999 -9999 -9999 -9999 -9999 -9999 -9999 -9999
14.71875 14.8375 15.26875 15.08125 14.975 15.1125 15.18125 15.325 15.66875 15.4625 16.45 14.96875 14.8125 15.05 14.9 14.85625 14.975 14.99375 14.76875 14.975 14.775 14.775 14.56875 14.4 14.20625 14.2 14.1625 14.125 14.0625 14.0375 14.11875 14.05 14.075 14.1125 14.225 14.075 14.0875 14.0625 13.9875 14.125 14.0375 14.0375 14.03125 13.9 13.81875 13.71875 13.7 13.65625 13.66875 13.65 13.65833 13.725 13.7375 -9999 -9999 -9999 -9999 -9999 -9999 -9999 -9999 -9999 -9999 -9999 -9999 -9999 -9999 -9999 -9999 -9999
15.09375 15.575 15.11875 15.1625 15.28125 15.175 15.0625 15.225 15.48125 15.98125 16.65625 16.7 15.75625 15.1 15.05 14.975 14.99375 15.1 14.86875 14.95 14.98125 14.70625 14.55 14.61875 14.375 14.30625 14.14375 14.2 14.225 14.31875 14.225 14.15625 14.2 13.9125 14.1875 13.99375 14.025 14.14167 14.18125 14.125 14.0625 14.04375 13.975 13.95 13.89375 13.8125 13.8 13.7 13.7875 13.75 13.73125 13.73125 13.7 -9999 -9999 -9999 -9999 -9999 -9999 -9999 -9999 -9999 -9999 -9999 -9999 -9999 -9999 -9999 -9999 -9999
15.93125 16.6 16.65 15.76875 15.6 15.34375 15.35625 15.21875 15.3625 15.3625 16.56875 16.46875 16.14375 15.3625 15.2375 15.15 15.21875 15.16875 15.2 15.04375 15.06875 14.80625 14.95 14.69375 14.83125 14.38125 14.51875 14.3125 14.35625 14.4625 14.3625 14.1625 14.1625 14.225 14.175 14.2125 14.3625 14.09375 14.175 14.1875 14.08125 14.1125 14.00625 13.9625 13.95 13.96875 13.925 13.78125 13.825 13.8625 13.85 13.76875 13.725 -9999 -9999 -9999 -9999 -9999 -9999 -9999 -9999 -9999 -9999 -9999 -9999 -9999 -9999 -9999 -9999 -9999
15.83125 16.3875 16.41875 15.8125 15.7875 15.7125 15.45625 15.425 15.25 15.30625 15.91875 16.7375 15.95 15.53125 15.41875 15.1 15.28125 15.36875 15.3 15.05 15.025 14.9625 14.8125 15.50625 15.33125 15.50625 14.58125 14.48125 14.2875 14.275 14.50625 14.3875 14.43125 14.325 14.4125 14.19375 14.39375 14.35625 14.10625 14.05625 14.19375 14.23125 14.1125 14.1875 14.14375 14.0625 14 13.86875 13.89375 13.875 13.875 13.81875 13.7 -9999 -9999 -9999 -9999 -9999 -9999 -9999 -9999 -9999 -9999 -9999 -9999 -9999 -9999 -9999 -9999 -9999
16.9375 16.5375 16.675 16.6625 16.25 16.075 15.575 15.35625 15.34375 15.6625 15.26875 16.39375 15.76875 15.6 15.39375 14.98125 15.375 15.45 15.35 15.15 15.11875 15.0375 15.0625 15.325 15.2625 15.01875 14.83125 14.58125 14.48125 14.65 14.38125 14.475 14.375 14.325 14.43125 14.39375 14.29375 14.325 14.35625 14.175 14.18333 14.06667 14.25 14.16875 14.20625 14.0125 14.0625 13.975 13.93125 13.9 13.925 13.875 13.74375 -9999 -9999 -9999 -9999 -9999 -9999 -9999 -9999 -9999 -9999 -9999 -9999 -9999 -9999 -9999 -9999 -9999
15.49375 15.75 16.89375 15.99375 16.61875 15.8875 15.8625 15.675 15.58125 15.85625 15.425 16.25 15.54375 15.6875 15.4 15.16875 15.45625 15.2625 15.36875 15.44375 15.28125 15.2 15.09375 15.3125 15.55 15.0375 14.7 14.59375 14.66875 14.61875 14.6625 14.5625 14.3875 14.325 14.39375 14.34375 14.4375 14.4125 14.3875 14.35625 14.2625 14.15625 14.175 14.1875 14.15625 14.15625 14.1 14.06875 14.0625 13.9875 14.0125 13.91875 13.88125 -9999 -9999 -9999 -9999 -9999 -9999 -9999 -9999 -9999 -9999 -9999 -9999 -9999 -9999 -9999 -9999 -9999
15.34375 16.3625 16.275 16.11875 16.15625 16.20625 16.325 16.69375 15.775 15.86875 16.425 16.425 15.4375 15.41875 15.39375 15.38125 15.46875 15.3 15.35625 15.1875 15.21875 15.225 14.94375 14.975 15.45625 15.15 14.94375 14.78125 14.6875 14.675 14.63125 14.61875 14.60625 14.61875 14.475 14.4875 14.54375 14.575 14.50625 14.4875 14.25625 14.20625 14.0625 14.325 14.21875 14.2 14.15 14.11875 14.1 14 14 14 13.94375 -9999 -9999 -9999 -9999 -9999 -9999 -9999 -9999 -9999 -9999 -9999 -9999 -9999 -9999 -9999 -9999 -9999
16.6 16.9 16.8875 16.175 16.31875 16.0125 15.7625 16.0125 16.0375 15.8625 16.54375 16.15625 15.7 15.53125 15.54375 15.59375 15.33125 15.14375 15.26875 15.43125 15.34375 15.35625 15.1375 14.925 14.9875 15.18125 14.9125 14.825 14.48125 14.79375 14.50625 14.55625 14.675 14.675 14.51875 14.6625 14.55625 14.53125 14.49375 14.38125 14.48125 14.2625 14.25625 14.2875 14.28125 14.3 14.3 14.1875 14.09375 14.125 14.075 14.03125 13.93125 -9999 -9999 -9999 -9999 -9999 -9999 -9999 -9999 -9999 -9999 -9999 -9999 -9999 -9999 -9999 -9999 -9999
17.2375 17.2 17.34375 16.55 16.35 16.29375 15.9875 16.0375 16.0375 15.90625 16.11875 15.875 15.825 15.7125 15.24375 15.56875 15.475 15.30625 15.33125 15.3625 15.26875 15.2125 15.14375 15.10625 14.96875 14.8625 14.83125 14.78125 14.85625 14.6625 14.66875 14.775 14.81875 14.81875 14.7125 14.68125 14.59375 14.61875 14.48125 14.525 14.425 14.45 14.4375 14.39375 14.3875 14.35625 14.31875 14.325 14.25 14.1875 14.15625 14.05 13.9875 -9999 -9999 -9999 -9999 -9999 -9999 -9999 -9999 -9999 -9999 -9999 -9999 -9999 -9999 -9999 -9999 -9999
16.65 17.58125 17.55625 16.45 16.41875 16.26875 16.3 16.19375 16.18125 16.24375 16.1 15.80625 15.79375 15.78125 15.5 15.59375 15.36875 15.2875 15.18125 15.11875 15.2625 15.16875 15.16875 14.99375 14.89375 14.9 14.95 15.025 14.875 14.9375 14.99375 15.1375 15.00625 14.90625 14.725 14.7875 14.7125 14.7625 14.60625 14.48125 14.6 14.475 14.70625 14.73333 14.525 14.45625 14.4 14.44375 14.31875 14.3 14.24375 14.06875 14 -9999 -9999 -9999 -9999 -9999 -9999 -9999 -9999 -9999 -9999 -9999 -9999 -9999 -9999 -9999 -9999 -9999
16.30625 17.1875 17.225 17.59375 16.5625 16.6625 16.38125 16.1625 16.14375 16.36875 15.91875 15.88125 15.7 15.6125 15.53125 15.59375 15.49375 15.3625 15.20625 15.2 15.29375 15.30625 15.18125 15.175 15.09375 15.06875 15.06875 15.00625 15.0625 15.04375 15.025 14.98125 14.98125 14.9125 14.76875 14.6875 14.85625 14.8375 14.7625 14.6375 14.59375 14.6625 14.59375 14.65 14.65625 14.45 14.53125 14.5125 14.35 14.3 -9999 -9999 -9999 -9999 -9999 -9999 -9999 -9999 -9999 -9999 -9999 -9999 -9999 -9999 -9999 -9999 -9999 -9999 -9999 -9999
16.4125 16.40625 17.1375 17.54375 16.875 16.675 17.0125 16.48125 16.43125 16.33125 16.49375 16.1125 15.625 15.4625 16.26875 15.5625 15.3625 15.275 15.31875 15.4875 15.59375 15.525 15.475 15.3125 15.01875 15.1375 15.1125 15.03125 15.15625 15.1875 15.25625 15.00625 14.99375 14.9625 14.93125 15.0125 14.8375 14.9125 14.94375 14.825 14.83125 14.6875 14.63125 14.53125 14.50625 14.54375 14.3 14.5125 -9999 -9999 -9999 -9999 -9999 -9999 -9999 -9999 -9999 -9999 -9999 -9999 -9999 -9999 -9999 -9999 -9999 -9999 -9999 -9999 -9999 -9999
16.29375 16.4125 16.55625 16.79375 16.8375 16.75625 16.775 16.525 16.00625 16.1625 15.93125 15.80625 15.0875 15.525 15.64375 16.3125 15.5625 15.1125 15.08125 15.19375 15.425 15.3125 15.34375 15.4625 15.38125 15.2375 15.0375 15.4 15.3625 15.35 15.2125 15.1125 15.075 15.0375 15.05625 15.04375 14.975 15 14.975 14.9 14.78125 14.78125 14.5625 14.7 14.73125 14.66875 14.6125 14.5625 -9999 -9999 -9999 -9999 -9999 -9999 -9999 -9999 -9999 -9999 -9999 -9999 -9999 -9999 -9999 -9999 -9999 -9999 -9999 -9999 -9999 -9999
16.58125 16.6 16.51875 16.825 16.69375 16.64375 16.66875 16.53125 16.5625 16.225 15.93125 15.8375 15.7875 15.45 15.7625 15.9875 16.2125 15.1875 15.35 15.2625 15.4125 15.31875 15.45 15.34375 15.25625 15.425 15.43125 15.4125 15.2625 15.28125 15.3625 15.26875 15.20625 15.125 15.0125 15.0125 15.00625 15.0625 15.01875 14.96875 15.03125 14.88125 14.7375 14.7625 14.7875 14.75 14.66875 14.475 -9999 -9999 -9999 -9999 -9999 -9999 -9999 -9999 -9999 -9999 -9999 -9999 -9999 -9999 -9999 -9999 -9999 -9999 -9999 -9999 -9999 -9999
16.74375 16.8125 16.9375 16.7375 16.75625 16.70625 16.55 16.5125 16.38125 16.0125 16.03125 15.55625 16.275 15.425 15.55625 15.675 15.7375 15.7125 15.40625 15.30625 15.46875 15.45625 15.35625 15.3375 15.43125 15.44375 15.5125 15.45 15.35 15.3625 15.3 15.35625 15.325 15.225 15.1 15.1625 15.1 15.05625 15.0375 15.00625 15.05 14.90625 14.81875 14.8125 14.8375 14.7875 14.75625 14.7125 -9999 -9999 -9999 -9999 -9999 -9999 -9999 -9999 -9999 -9999 -9999 -9999 -9999 -9999 -9999 -9999 -9999 -9999 -9999 -9999 -9999 -9999
17.0375 17.05625 16.93125 16.775 16.74375 16.59375 16.44375 16.3 16.075 15.7875 15.64375 15.54375 15.375 15.49375 15.55 15.60625 15.5625 16.0375 14.99375 15.2875 15.45625 15.35 15.4125 15.45625 15.49375 15.4375 15.4875 15.4625 15.4625 15.36875 15.36875 15.41875 15.475 15.4125 15.29375 15.2875 15.21875 15.1625 15.11875 15.0375 14.9625 14.98125 14.9375 14.875 14.9 14.875 14.825 14.7625 -9999 -9999 -9999 -9999 -9999 -9999 -9999 -9999 -9999 -9999 -9999 -9999 -9999 -9999 -9999 -9999 -9999 -9999 -9999 -9999 -9999 -9999
17.24375 17.39375 16.98125 16.7375 16.875 16.5875 16.48125 16.525 16.1375 16 15.6125 15.64375 15.4875 15.50625 15.61875 15.40625 15.41875 15.4375 15.05625 15.2125 15.36875 15.3375 15.35 15.3875 15.41875 15.525 15.5 15.44375 15.4625 15.4875 15.53125 15.66875 15.55 15.5375 15.3625 15.34375 15.16875 15.15 15.13125 15.03125 14.90625 15.0125 15 15.03125 15 14.925 14.9 14.925 -9999 -9999 -9999 -9999 -9999 -9999 -9999 -9999 -9999 -9999 -9999 -9999 -9999 -9999 -9999 -9999 -9999 -9999 -9999 -9999 -9999 -9999
17.0625 17.33125 17.40625 17.05 16.89375 16.80625 16.425 16.475 16.36875 16.11875 15.81875 15.64375 15.3375 15.4125 15.5125 15.36875 15.55 15.25625 15.375 15.43125 15.675 15.31875 15.3875 15.38125 15.5375 15.4125 15.5125 15.6375 15.45 15.45 15.5625 15.5 15.825 15.54375 15.38125 15.40625 15.28125 15.275 15.11875 15.15625 15.0125 15.01875 14.925 15.00625 15.13125 15.0625 15.025 14.975 -9999 -9999 -9999 -9999 -9999 -9999 -9999 -9999 -9999 -9999 -9999 -9999 -9999 -9999 -9999 -9999 -9999 -9999 -9999 -9999 -9999 -9999
17.5 17.41875 17.09375 17.4125 17.06875 16.66875 16.625 16.38125 16.41875 16.10625 16.15625 15.55 15.83125 15.89375 15.6 15.50625 15.3625 15.69375 15.6 15.575 15.6 15.6125 15.375 15.55 15.41875 15.56875 15.45 15.51875 15.675 15.6 15.58125 15.73125 15.58125 15.6125 15.5375 15.53125 15.40625 15.35 15.16875 15.175 15.11875 15.21875 15.025 15.13125 15.08125 15.10625 14.95 15.025 -9999 -9999 -9999 -9999 -9999 -9999 -9999 -9999 -9999 -9999 -9999 -9999 -9999 -9999 -9999 -9999 -9999 -9999 -9999 -9999 -9999 -9999
17.8125 17.31875 17.58125 17.21875 17.09375 16.50625 16.6 16.15 16.19375 16.2125 16.3 15.8125 15.7 16.63125 15.26875 15.5 15.35625 15.70625 15.51875 15.7 15.73125 15.7875 15.75 15.66875 15.725 15.76875 15.7625 15.75625 15.80625 15.56875 15.7 15.7625 15.725 15.6125 15.58125 15.44375 15.46875 15.3625 15.25625 15.30625 15.2875 15.2375 15.0875 15.0625 15.075 15.0875 15.09375 -9999 -9999 -9999 -9999 -9999 -9999 -9999 -9999 -9999 -9999 -9999 -9999 -9999 -9999 -9999 -9999 -9999 -9999 -9999 -9999 -9999 -9999 -9999
17.98333 17.20625 18.05 16.99375 16.8875 16.8375 16.3125 16.15 15.9125 15.91875 16.73125 15.8 15.5125 16.39375 15.85 15.45 15.39375 15.7125 15.55 15.65625 15.7375 15.675 15.60625 15.65625 15.5875 15.69375 15.75 15.78125 15.78125 15.85625 15.80625 15.7 15.58125 15.725 15.7 15.5 15.5375 15.4875 15.53125 15.38125 15.275 15.375 15.14375 15.18125 15.125 15.08125 15 -9999 -9999 -9999 -9999 -9999 -9999 -9999 -9999 -9999 -9999 -9999 -9999 -9999 -9999 -9999 -9999 -9999 -9999 -9999 -9999 -9999 -9999 -9999
-9999 -9999 -9999 17.55 17.325 16.7625 16.65625 16.4125 16.40625 16.35625 16.1875 16.125 15.9875 15.68125 15.55625 15.43125 15.53125 15.9 15.66875 15.6625 15.78125 15.775 15.7625 15.73125 15.7625 15.8625 15.85 15.83125 15.8875 15.85 15.69375 15.8 15.7375 15.7625 15.65625 15.51875 15.43125 15.3625 15.50625 15.5 15.26875 15.23125 15.24375 15.2 15.1375 15.05 15.09375 -9999 -9999 -9999 -9999 -9999 -9999 -9999 -9999 -9999 -9999 -9999 -9999 -9999 -9999 -9999 -9999 -9999 -9999 -9999 -9999 -9999 -9999 -9999
-9999 -9999 -9999 -9999 -9999 -9999 -9999 -9999 -9999 16.18125 16.15625 16.33125 15.5125 15.4125 15.8875 16.75 16.10625 15.46875 15.53125 15.69375 15.71875 15.725 15.90625 15.78125 15.76875 15.71875 15.925 15.89375 15.79375 15.90625 15.98125 15.85 15.75 15.6375 15.625 15.6375 15.58125 15.69375 15.39375 15.41875 15.4125 15.3375 15.26875 15.25625 15.1625 15.15 15.15625 -9999 -9999 -9999 -9999 -9999 -9999 -9999 -9999 -9999 -9999 -9999 -9999 -9999 -9999 -9999 -9999 -9999 -9999 -9999 -9999 -9999 -9999 -9999
-9999 -9999 -9999 -9999 -9999 -9999 -9999 -9999 -9999 16.2875 15.75625 16.45 15.6375 15.625 15.63125 16.55625 15.85625 15.94375 15.5 15.7375 15.75625 15.83125 15.825 15.875 15.925 15.91875 15.9 16.04375 16.125 16.1 16.05 15.91875 15.775 15.64375 15.61875 15.5875 15.575 15.625 15.74375 15.49375 15.40625 15.3375 15.275 15.33125 15.275 15.24375 15.2 -9999 -9999 -9999 -9999 -9999 -9999 -9999 -9999 -9999 -9999 -9999 -9999 -9999 -9999 -9999 -9999 -9999 -9999 -9999 -9999 -9999 -9999 -9999
-9999 -9999 -9999 -9999 -9999 -9999 -9999 -9999 -9999 16.36875 16 17.15625 15.725 16.3625 15.96875 17.0125 16.075 15.46875 15.625 15.775 15.80625 15.85 15.95625 16.1 16.10625 15.96875 16.16875 16.2625 16.20625 16.125 16.10625 15.99375 15.89375 15.78125 15.6125 15.475 15.65 15.59375 15.56875 15.5875 15.58125 15.45625 15.4 15.375 15.4 15.39375 15.3375 -9999 -9999 -9999 -9999 -9999 -9999 -9999 -9999 -9999 -9999 -9999 -9999 -9999 -9999 -9999 -9999 -9999 -9999 -9999 -9999 -9999 -9999 -9999
