Env_Vars_Sept202022/Set_1/mar_sept20.asc.asc
ncols         145
nrows         190
xllcorner     -2197417.7431653
yllcorner     -584827.01486885
cellsize      20000
NODATA_value  -9999
[rows 62 to 92 of 190, columns 70 to 139 of 145]
10.83333 -9999 -9999 10.625 10.43125 10.29375 10.3 10.3375 10.45833 10.5 -9999 10.175 10.05833 10.13333 10.10625 10.19375 10.1625 10.50625 10.2625 10.25625 10.34375 10.25 10.24375 10.3 10.2875 10.28125 10.51875 10.3 10.4 10.40625 10.3875 10.3375 10.35 10.30833 10.36875 10.425 10.3875 10.4 10.45 10.4625 10.44167 10.5 10.53125 10.49375 10.5 10.525 10.58125 10.5 10.53125 10.475 10.40625 10.43333 10.4125 10.5125 10.5125 10.58125 10.55625 10.575 10.55 10.34167 9 -9999 -9999 -9999 -9999 -9999 -9999 -9999 -9999 -9999
11 11.1 -9999 -9999 10.45 10.39375 10.4 10.375 10.35 10.31667 10.2 10.35833 10.95 10.25625 10.125 10.51875 10.14375 10.64375 10.30625 10.34375 10.3625 10.33125 10.31875 10.31667 10.28125 10.31875 10.34375 10.33125 10.35625 10.35625 10.39375 10.3625 10.375 10.3 10.25 10.3 10.3125 10.4 10.46667 10.5 10.5125 10.51875 10.5125 10.46875 10.525 10.55 10.55 10.625 10.525 10.5125 10.5 10.45625 10.48125 10.5125 10.55 10.6 10.59375 10.6125 10.3375 -9999 -9999 -9999 -9999 -9999 -9999 -9999 -9999 -9999 -9999 -9999
-9999 -9999 -9999 -9999 -9999 10.7625 10.5 10.375 10.275 10.3 10.3125 10.39375 10.35625 10.4 10.26875 10.13125 10.14375 10.19375 10.26875 10.2625 10.325 10.325 10.31875 10.2875 10.3 10.3875 10.325 10.4125 10.325 10.35 10.4 10.425 10.425 10.3125 10.20833 10.1 10.2375 10.35625 10.5 10.5 10.5 10.5 10.5 10.4625 10.51875 10.5 10.56667 10.5 10.475 10.5 10.5 10.475 10.525 10.55 10.625 10.75 10.68125 10.68333 10.2875 8.533333 -9999 -9999 -9999 -9999 -9999 -9999 -9999 -9999 -9999 -9999
-9999 -9999 -9999 -9999 -9999 10.9 10.63125 10.4 10.26875 10.28125 10.325 10.375 10.39375 10.325 10.3875 10.21667 10.225 10.24375 10.11875 10.26875 10.28125 10.33125 10.2625 10.28125 10.29167 10.30625 10.31875 10.375 10.325 10.41667 10.4125 10.46875 10.43125 10.4375 10.33333 10.28333 10.3375 10.45625 10.475 10.53333 10.53333 10.55 10.58125 10.55 10.51875 10.85625 10.9 10.70625 10.5125 10.525 10.5 10.63333 10.625 10.61667 10.61875 10.64375 10.73125 10.59167 -9999 -9999 -9999 -9999 -9999 -9999 -9999 -9999 -9999 -9999 -9999 -9999
-9999 -9999 -9999 -9999 11.0125 10.8 10.55 10.4125 10.28125 10.38125 10.39375 10.45 10.41875 10.3625 10.3125 10.2625 10.2125 10.25625 10.3 10.25625 10.3 10.25625 10.26875 10.25 10.26875 10.3 10.35 10.3625 10.3 10.375 10.4375 10.5 10.5375 10.5 10.4375 10.4375 10.4 10.5375 10.61875 10.58125 10.5375 10.575 10.5875 10.55625 10.5625 10.5625 10.60833 10.65 10.525 10.51875 10.5625 10.61875 10.61875 10.7 10.66875 10.68125 10.5375 10.6 -9999 -9999 -9999 -9999 -9999 -9999 -9999 -9999 -9999 -9999 -9999 -9999
-9999 -9999 -9999 11.03125 10.775 10.59375 10.44375 10.40625 10.25625 10.39375 10.41667 10.45 10.3625 10.35 10.2 10.2 10.19375 10.24375 10.19375 10.2625 10.325 10.24375 10.3375 10.33125 10.25 10.275 10.29375 10.30625 10.38125 10.35625 10.4 10.5125 10.61875 10.525 10.5 10.48333 10.51875 10.6375 10.70833 10.65833 10.63125 10.65625 10.6375 10.625 10.6375 10.6125 10.69167 10.9125 10.61875 10.6 10.6375 10.5875 10.625 10.6875 10.7 10.75 10.78125 -9999 -9999 -9999 -9999 -9999 -9999 -9999 -9999 -9999 -9999 -9999 -9999 -9999
11.0125 11.1 10.825 10.58125 10.575 10.475 10.475 10.425 10.39375 10.44167 10.45625 10.425 10.4125 10.3375 10.25625 10.25 10.275 10.21875 10.23125 10.25625 10.25 10.24375 10.25625 10.225 10.1875 10.21875 10.28125 10.3625 10.30625 10.325 10.43125 10.48125 10.5 10.5125 10.5625 10.525 10.6125 10.65625 10.7 10.7 10.61875 10.6125 10.63333 10.6875 10.675 10.69375 10.6 10.825 10.6375 10.55 10.6 10.64375 10.65 10.7 10.7 10.8 10.7 -9999 -9999 -9999 -9999 -9999 -9999 -9999 -9999 -9999 -9999 -9999 -9999 -9999
10.80625 10.8 10.69375 10.58125 10.525 10.5 10.5 10.4375 10.475 10.5 10.5 10.46875 10.45625 10.40625 10.3375 10.2125 10.2125 10.16875 10.2625 10.21875 10.2375 10.2375 10.2125 10.19375 10.2125 10.2625 10.29375 10.31875 10.3 10.3 10.35 10.4125 10.44167 10.5 10.56875 10.6 10.925 10.68125 10.6625 10.70833 10.675 10.7 10.6625 10.7 10.7125 10.76875 10.65833 10.6125 10.825 10.6625 10.61875 10.6625 10.7125 10.71875 10.7625 10.75 10.7 -9999 -9999 -9999 -9999 -9999 -9999 -9999 -9999 -9999 -9999 -9999 -9999 -9999
10.6375 10.6 10.6 10.49375 10.5 10.45625 10.4625 10.4625 10.41875 10.40625 10.5 10.54375 10.5875 10.475 10.3875 10.2375 10.33125 10.33125 10.275 10.3125 10.26875 10.2625 10.28125 10.24167 10.3125 10.29375 10.3 10.33125 10.3125 10.3 10.33125 10.4375 10.5 10.5 10.56875 10.78125 10.7625 10.64375 10.65 10.7 10.675 10.61875 10.64375 10.69375 10.68125 10.75 10.7125 10.64375 10.6875 10.68125 10.65 10.675 10.725 10.74375 10.76875 10.8 -9999 -9999 -9999 -9999 -9999 -9999 -9999 -9999 -9999 -9999 -9999 -9999 -9999 -9999
10.61875 10.6 10.5875 10.59375 10.5375 10.475 10.48125 10.425 10.4375 10.4875 10.4875 10.49375 10.475 10.5 10.4 10.38125 10.38125 10.2375 10.2875 10.375 10.36875 10.28125 10.3 10.3 10.29375 10.3 10.3 10.3 10.2875 10.3 10.3625 10.425 10.4625 10.45625 10.45 10.5125 10.73125 10.58125 10.625 10.65 10.65625 10.56667 10.625 10.66875 10.725 10.7875 10.73125 10.675 10.6625 10.7 10.69375 10.7 10.74375 10.79375 10.79375 10.775 -9999 -9999 -9999 -9999 -9999 -9999 -9999 -9999 -9999 -9999 -9999 -9999 -9999 -9999
10.6 10.6 10.6 10.58125 10.5 10.5 10.4625 10.49375 10.48125 10.5 10.48125 10.55625 10.68125 10.5 10.4875 10.38125 10.3625 10.3 10.3875 10.475 10.5125 10.4 10.275 10.275 10.3 10.275 10.28125 10.29375 10.3 10.3 10.31875 10.36667 10.41875 10.40625 10.425 10.425 10.55 10.59375 10.6125 10.60625 10.56875 10.56875 10.63125 10.625 10.675 10.7 10.675 10.71875 10.69375 10.7 10.75625 10.7 10.70625 10.7625 10.8 10.8 -9999 -9999 -9999 -9999 -9999 -9999 -9999 -9999 -9999 -9999 -9999 -9999 -9999 -9999
10.58125 10.55625 10.6 10.6 10.525 10.5 10.5 10.5 10.5 10.5 10.5 10.5375 10.48125 10.44375 10.35 10.36875 10.36875 10.4125 10.4625 10.4875 10.525 10.4125 10.425 10.26875 10.30625 10.29375 10.3 10.3 10.30625 10.3 10.3 10.275 10.30625 10.38125 10.4 10.59167 10.45625 10.53125 10.6125 10.6 10.59375 10.5 10.6125 10.7 10.7125 10.725 10.6625 10.86875 10.79375 10.675 10.6875 10.7 10.7 10.73125 10.8 -9999 -9999 -9999 -9999 -9999 -9999 -9999 -9999 -9999 -9999 -9999 -9999 -9999 -9999 -9999
10.6 10.575 10.65 10.675 10.61875 10.5125 10.5 10.55 10.55 10.49375 10.51875 10.5125 10.5125 10.5 10.51875 10.3875 10.3625 10.36875 10.5 10.49375 10.41875 10.40625 10.36875 10.3375 10.3 10.275 10.29375 10.26875 10.3 10.28125 10.3 10.31875 10.36875 10.4 10.375 10.4375 10.45 10.5 10.51875 10.48125 10.63333 10.5 10.60625 10.66875 10.73125 10.7375 10.6375 10.80625 10.61875 10.61875 10.65 10.66875 10.725 10.74375 10.7 -9999 -9999 -9999 -9999 -9999 -9999 -9999 -9999 -9999 -9999 -9999 -9999 -9999 -9999 -9999
10.7 10.675 10.7 10.7 10.6875 10.55625 10.6 10.575 10.6 10.6 10.575 10.54375 10.61875 10.6 10.59375 10.4875 10.36875 10.43125 10.525 10.54375 10.48125 10.3625 10.325 10.33125 10.3125 10.25625 10.26667 10.2875 10.23125 10.33125 10.325 10.31667 10.4375 10.51667 10.425 10.4 10.40625 10.4625 10.46875 10.5 10.3875 10.5 10.65 10.66875 10.7375 10.7 10.7875 10.6 10.63125 10.61875 10.60625 10.6125 10.7 10.725 10.7 -9999 -9999 -9999 -9999 -9999 -9999 -9999 -9999 -9999 -9999 -9999 -9999 -9999 -9999 -9999
10.7 10.7 10.7 10.7 10.7 10.7 10.65 10.61875 10.58125 10.6125 10.6 10.59375 10.58125 10.60625 10.55625 10.46875 10.4375 10.425 10.49375 10.58125 10.5625 10.44375 10.375 10.325 10.3875 10.3375 10.30625 10.31875 10.35 10.3125 10.325 10.3 10.4125 10.46667 -9999 10.425 10.4 10.4125 10.43125 10.425 10.41875 10.5 10.6 10.625 10.6375 10.63125 10.58125 10.5875 10.5875 10.6 10.6 10.6125 10.675 10.7 10.7875 -9999 -9999 -9999 -9999 -9999 -9999 -9999 -9999 -9999 -9999 -9999 -9999 -9999 -9999 -9999
10.66875 10.7 10.70625 10.7 10.725 10.7 10.7 10.64375 10.625 10.6 10.6 10.61875 10.6625 10.63333 10.675 10.49375 10.55625 10.50625 10.48125 10.51875 10.5125 10.46875 10.4 10.375 10.40625 10.375 10.375 10.33333 10.2875 10.325 10.3375 10.325 10.30625 10.36875 10.4 10.43125 10.41875 10.475 10.425 10.3875 10.4 10.5 10.55 10.6 10.625 10.6125 10.6 10.6 10.59375 10.6 10.6 10.60625 10.6 10.7 10.8 -9999 -9999 -9999 -9999 -9999 -9999 -9999 -9999 -9999 -9999 -9999 -9999 -9999 -9999 -9999
10.71875 10.725 10.725 10.725 10.71875 10.725 10.71875 10.65 10.6 10.61875 10.60625 10.625 10.625 10.425 10.53333 10.49167 10.58125 10.4625 10.5 10.48125 10.4625 10.46875 10.45625 10.40625 10.4125 10.41875 10.4125 10.375 10.325 10.31875 10.30625 10.35625 10.3125 10.30833 10.325 10.4125 10.4 10.43125 10.4 10.325 10.35 10.41875 10.525 10.5 10.6 10.58125 10.61875 10.6 10.6 10.575 10.6 10.6 10.6 10.71875 10.8 -9999 -9999 -9999 -9999 -9999 -9999 -9999 -9999 -9999 -9999 -9999 -9999 -9999 -9999 -9999
10.7375 10.76875 10.7125 10.775 10.78125 10.775 10.725 10.7 10.7 10.65 10.69375 10.7375 10.8 -9999 10.6875 10.55 10.4 10.44167 10.475 10.4875 10.475 10.45 10.44375 10.44375 10.4125 10.41875 10.4375 10.3875 10.35625 10.3125 10.375 10.375 10.33125 10.35625 10.38125 10.4 10.4125 10.4 10.375 10.33125 10.3 10.325 10.425 10.49375 10.51875 10.56875 10.6 10.65625 10.60625 10.54375 10.59375 10.6 10.625 10.7375 10.8 -9999 -9999 -9999 -9999 -9999 -9999 -9999 -9999 -9999 -9999 -9999 -9999 -9999 -9999 -9999
10.8 10.8 10.8 10.8 10.8 10.75 10.75625 10.70625 10.71875 10.74167 10.775 -9999 -9999 -9999 10.8 -9999 10.45 10.4 10.475 10.4875 10.425 10.5125 10.375 10.425 10.4625 10.49375 10.475 10.45 10.4125 10.4 10.4 10.375 10.39375 10.4 10.425 10.43125 10.39375 10.425 10.35625 10.325 10.3 10.3 10.375 10.425 10.50625 10.51875 10.55 10.6 10.5875 10.49375 10.5 10.55 10.61875 10.75 10.8375 -9999 -9999 -9999 -9999 -9999 -9999 -9999 -9999 -9999 -9999 -9999 -9999 -9999 -9999 -9999
10.8625 10.825 10.84375 10.85625 10.825 10.90625 10.85 10.825 10.91875 -9999 11.275 11.06667 10.9875 10.88333 10.8625 10.7375 10.55625 10.525 10.525 10.725 10.4875 10.45 10.4125 10.35625 10.45 10.3625 10.51875 10.4875 10.5 10.41875 10.41667 10.4125 10.4125 10.4375 10.41875 10.4 10.41875 10.46875 10.45 10.375 10.3 10.3125 10.375 10.39375 10.46667 10.5 10.53125 10.525 10.5 10.45 10.50625 10.5 10.55625 10.675 10.80625 -9999 -9999 -9999 -9999 -9999 -9999 -9999 -9999 -9999 -9999 -9999 -9999 -9999 -9999 -9999
10.9 10.9 10.9 10.925 11.1 11.225 11.1 11.0125 11.15 11.3 11.2 10.925 10.8 10.775 10.80625 10.775 10.61667 10.575 10.65 10.725 10.6875 10.475 10.3875 10.39167 10.4625 10.4875 10.525 10.51875 10.5 10.50833 10.45 10.45625 10.44375 10.4875 10.48125 10.45 10.4875 10.4375 10.41875 10.38125 10.35625 10.3 10.34375 10.4 10.3875 10.5 10.53333 10.53125 10.48125 10.475 10.45 10.48125 10.475 10.55 10.675 -9999 -9999 -9999 -9999 -9999 -9999 -9999 -9999 -9999 -9999 -9999 -9999 -9999 -9999 -9999
10.9 10.9 10.9 10.9875 11.1 11.23333 11.11875 11.125 11.2625 11.175 11.05 10.9 10.89375 10.89375 10.85625 10.83125 10.7375 10.7125 10.66875 10.7125 10.65 10.63125 10.5 10.44375 10.49375 10.44375 10.51875 10.5 10.5 10.48125 10.50625 10.5 10.525 10.51875 10.5 10.525 10.4625 10.40625 10.375 10.375 10.4 10.38125 10.33125 10.38125 10.4375 10.425 10.475 10.4875 10.4625 10.4375 10.4125 10.4 10.39375 10.4375 10.5 -9999 -9999 -9999 -9999 -9999 -9999 -9999 -9999 -9999 -9999 -9999 -9999 -9999 -9999 -9999
10.95625 10.96875 11.00625 10.98125 11.05 11.1 11.0375 11.025 11.11875 10.99375 10.9875 10.9625 10.93125 10.99375 10.9375 10.8875 10.83125 10.80625 10.80625 10.74375 10.70625 10.7 10.625 10.575 10.5375 10.5375 10.5 10.5125 10.5375 10.58125 10.55625 10.59375 10.55625 10.5375 10.5 10.53125 10.5 10.44375 10.45 10.35 10.375 10.35 10.3625 10.38125 10.39375 10.3875 10.425 10.4875 10.425 10.4125 10.4 10.4 10.4 10.4 -9999 -9999 -9999 -9999 -9999 -9999 -9999 -9999 -9999 -9999 -9999 -9999 -9999 -9999 -9999 -9999
11.13125 11.2375 11.33125 11.4625 11.075 11.1125 11 11 11 11.03125 10.975 10.975 10.9625 11 10.95 10.9 10.8875 10.8125 10.825 10.7875 10.775 10.69375 10.65 10.675 10.625 10.59375 10.5625 10.61875 10.73125 10.79375 10.68125 10.675 10.6625 10.59375 10.6 10.53125 10.51875 10.525 10.5125 10.45 10.35 10.41667 10.40625 10.4 10.375 10.4 10.40625 10.43125 10.41875 10.325 10.3 10.35 10.4 10.38333 -9999 -9999 -9999 -9999 -9999 -9999 -9999 -9999 -9999 -9999 -9999 -9999 -9999 -9999 -9999 -9999
11.325 11.35 11.4 11.4375 11.39375 11.1 11.1 11.05 11.08125 11.05625 11 10.975 11.00625 10.975 10.9875 10.96875 10.975 10.9375 10.91875 10.88125 10.775 10.7 10.675 10.66875 10.70833 10.63125 10.65 10.69375 10.91875 11.0375 -9999 10.71667 10.7125 10.7 10.6875 10.625 10.55625 10.60625 10.575 10.475 10.4 10.5 10.5125 10.46875 10.4375 10.43125 10.475 10.4375 10.41875 10.4 10.39375 10.41875 10.5 10.5 -9999 -9999 -9999 -9999 -9999 -9999 -9999 -9999 -9999 -9999 -9999 -9999 -9999 -9999 -9999 -9999
11.44375 11.4125 11.51667 11.5 11.38125 11.175 11.1375 11.1 11.075 11 11.03125 10.9875 11.025 11.0625 11.04375 11.04375 11.10625 11.06875 10.95 10.8625 10.8125 10.775 10.725 10.6875 10.71875 10.6875 10.7 10.725 10.8 10.9625 10.9 10.8 10.775 10.74375 10.71875 10.7 10.65625 10.6 10.6125 10.59375 10.525 10.525 10.45 10.425 10.41875 10.4 10.48125 10.5 10.40625 10.425 10.45 10.46875 10.5 -9999 -9999 -9999 -9999 -9999 -9999 -9999 -9999 -9999 -9999 -9999 -9999 -9999 -9999 -9999 -9999 -9999
11.4625 11.525 11.43125 11.58125 11.2625 11.1875 11.125 11.075 11.08125 11.05625 11.05 11.03125 11.1 11.18125 11.13125 11.1125 11.11875 11.04375 10.88333 10.8875 10.925 10.89375 10.875 10.76875 10.775 10.7875 10.7625 10.75 10.74375 10.825 10.85833 10.825 10.83125 10.83333 10.85 10.825 10.775 10.675 10.6375 10.6 10.575 10.475 10.4125 10.4 10.4 10.43125 10.49375 10.4625 10.41875 10.43125 10.46875 10.50625 10.5 -9999 -9999 -9999 -9999 -9999 -9999 -9999 -9999 -9999 -9999 -9999 -9999 -9999 -9999 -9999 -9999 -9999
11.4375 11.35 11.44375 11.375 11.24375 11.1875 11.1 11.09375 11.1875 11.19375 11.1875 11.175 11.1625 11.2 11.1875 11.1875 11.20625 11.1625 11.0875 10.95 10.93125 10.9625 11.01875 10.96875 10.8625 10.78125 10.825 10.8 10.725 10.775 10.8125 10.80625 10.95 11.05 11.025 10.9 10.825 10.7125 10.65625 10.6 10.58125 10.5 10.4 10.4 10.4375 10.5 10.5 10.5 10.4875 10.4875 10.49375 10.46875 10.5 -9999 -9999 -9999 -9999 -9999 -9999 -9999 -9999 -9999 -9999 -9999 -9999 -9999 -9999 -9999 -9999 -9999
11.35 11.4 11.36875 11.35 11.26875 11.25 11.25625 11.20625 11.15625 11.15625 11.175 11.2375 11.15 11.275 11.275 11.20625 11.19375 11.2 11.1 11.025 11 11 11.09375 11.04375 10.925 10.875 10.875 10.8375 10.81875 10.83125 10.76875 10.8 10.9 11.2 11.1 10.96875 10.8625 10.78125 10.6875 10.625 10.58333 10.5375 10.5 10.45625 10.4625 10.46667 10.49375 10.5 10.5 10.525 10.5 10.46875 10.375 -9999 -9999 -9999 -9999 -9999 -9999 -9999 -9999 -9999 -9999 -9999 -9999 -9999 -9999 -9999 -9999 -9999
11.4375 11.4 11.39375 11.40625 11.35625 11.31875 11.3 11.2875 11.15 11.19375 11.25625 11.21875 11.33125 11.29375 11.2625 11.275 11.2 11.175 11.1625 11.0875 11.0875 11.0875 11.08125 11.10625 11.1 10.94375 10.925 10.88125 10.84375 10.84375 10.875 10.925 11.05 11 11.125 11 10.89375 10.8 10.775 10.66875 10.6375 10.54375 10.51875 10.4875 10.5 10.5 10.5 10.55 10.54375 10.56875 10.5 10.5 -9999 -9999 -9999 -9999 -9999 -9999 -9999 -9999 -9999 -9999 -9999 -9999 -9999 -9999 -9999 -9999 -9999 -9999
11.45 11.475 11.45625 11.5 11.4 11.3875 11.3375 11.325 11.3 11.28125 11.225 11.2625 11.275 11.29375 11.25625 11.26875 11.2 11.18125 11.19375 11.1 11.14375 11.09375 11.14375 11.19375 11.125 11.075 10.9875 10.90625 10.88125 10.8625 10.95 11.19375 11.15 11.0625 11.06667 10.975 10.90625 10.875 10.7875 10.80625 10.7 10.58125 10.525 10.55625 10.56667 10.56667 10.55 10.5625 10.525 10.54375 10.5 10.5 -9999 -9999 -9999 -9999 -9999 -9999 -9999 -9999 -9999 -9999 -9999 -9999 -9999 -9999 -9999 -9999 -9999 -9999
