Env_Vars_Sept202022/Set_1/mar_sept20.asc.asc
ncols         145
nrows         190
xllcorner     -2197417.7431653
yllcorner     -584827.01486885
cellsize      20000
NODATA_value  -9999
[rows 93 to 123 of 190, columns 70 to 139 of 145]
11.5625 11.5125 11.43125 11.4 11.3125 11.43125 11.38125 11.08125 10.8125 10.96875 11.15 11.2375 11.24375 11.225 11.2625 11.20833 11.1875 11.14375 11.13125 11.075 11.1375 11.2 11.175 11.09375 11.05625 11.08125 11.025 10.95 10.90625 10.93125 11.08125 11.29375 11.36667 11.125 11.075 11.03125 10.98125 10.89375 10.84375 10.8 10.7875 10.64375 10.6 10.6 10.6 10.6 10.6 10.53125 10.6 10.58333 10.55 10.5 -9999 -9999 -9999 -9999 -9999 -9999 -9999 -9999 -9999 -9999 -9999 -9999 -9999 -9999 -9999 -9999 -9999 -9999
11.48125 11.6 11.5125 11.5625 11.45625 11.4875 11.4625 11.5 11.4125 11.35 11.34375 11.28125 11.3125 11.28125 11.28125 11.25625 11.25625 11.16875 11.125 11.1875 11.11875 11.2 11.1875 11.13125 11.06875 11.04375 11.025 11.01875 10.9125 10.975 10.98333 11.1625 11.2 11.04167 11.025 11.01875 11.0125 10.975 10.84375 10.8 10.80625 10.7 10.65 10.60625 10.6625 10.625 10.60625 10.6 10.63125 10.60625 10.6 -9999 -9999 -9999 -9999 -9999 -9999 -9999 -9999 -9999 -9999 -9999 -9999 -9999 -9999 -9999 -9999 -9999 -9999 -9999
11.65 11.60625 11.625 11.71875 11.76875 11.5625 11.41875 11.5 11.38125 11.35625 11.3 11.35 11.3875 11.35 11.3 11.25 11.1875 11.24375 11.1875 11.21875 11.225 11.26875 11.30625 11.23125 11.1375 11.0375 11.025 11.05 11.025 11.025 10.98125 11.0375 11.08125 11.04375 11.025 11.0375 11.03125 11 10.98125 10.81875 10.73125 10.7 10.7 10.69375 10.675 10.65 10.64375 10.65 10.6 10.6625 10.66667 -9999 -9999 -9999 -9999 -9999 -9999 -9999 -9999 -9999 -9999 -9999 -9999 -9999 -9999 -9999 -9999 -9999 -9999 -9999
11.75 11.73125 11.79375 11.925 11.83125 11.76875 11.60625 11.55625 11.45 11.41875 11.375 11.425 11.45 11.4 11.38125 11.3 11.28125 11.28125 11.25625 11.2625 11.3125 11.325 11.25625 11.20625 11.19375 11.1 11.14375 11.11875 11.1 11.075 11.075 11.04167 11.11875 11.10625 11.06875 11.0625 11.0375 10.98125 10.9375 10.875 10.7625 10.725 10.79167 10.725 10.7 10.6875 10.69167 10.65 10.66875 10.66875 10.65 -9999 -9999 -9999 -9999 -9999 -9999 -9999 -9999 -9999 -9999 -9999 -9999 -9999 -9999 -9999 -9999 -9999 -9999 -9999
11.74375 11.88125 11.94375 11.91875 11.91875 11.7875 11.675 11.575 11.45625 11.5125 11.5 11.48333 11.475 11.4125 11.4 11.3125 11.29375 11.26875 11.28125 11.325 11.325 11.33125 11.31875 11.225 11.2125 11.1875 11.175 11.19375 11.2 11.10625 11.25 11.16875 11.125 11.14375 11.1 11.10625 11.09375 11 10.9875 10.95 10.89375 10.8 10.875 10.83125 10.75625 10.725 10.7125 10.7 10.7 10.675 -9999 -9999 -9999 -9999 -9999 -9999 -9999 -9999 -9999 -9999 -9999 -9999 -9999 -9999 -9999 -9999 -9999 -9999 -9999 -9999
11.91875 11.9375 11.9625 11.95 11.825 11.775 11.78125 11.65625 11.5875 11.5 11.65 11.5 11.5 11.5 11.46667 11.425 11.375 11.29375 11.26875 11.33125 11.3375 11.33125 11.29375 11.275 11.275 11.26875 11.275 11.1875 11.28125 11.2375 11.2625 11.2375 11.2 11.19167 11.175 11.1625 11.06875 11.0625 11 10.98333 10.9625 10.9 10.84375 10.875 10.8375 10.775 10.75 10.70625 10.7 10.7 -9999 -9999 -9999 -9999 -9999 -9999 -9999 -9999 -9999 -9999 -9999 -9999 -9999 -9999 -9999 -9999 -9999 -9999 -9999 -9999
11.9625 12.00625 11.99375 11.95 11.875 11.79375 11.7625 11.7125 11.68125 11.6125 11.525 11.50625 11.51875 11.5 11.49375 11.4125 11.4 11.4 11.30625 11.34375 11.375 11.4 11.3375 11.31875 11.275 11.40625 11.3125 11.2875 11.28125 11.35 11.33333 11.325 11.18125 11.26875 11.23125 11.25833 11.16875 11.0375 11.06875 11.0375 11.05 10.9875 10.94375 10.875 10.9 10.8625 10.76875 10.69375 10.675 10.725 -9999 -9999 -9999 -9999 -9999 -9999 -9999 -9999 -9999 -9999 -9999 -9999 -9999 -9999 -9999 -9999 -9999 -9999 -9999 -9999
11.9625 12.0125 11.9625 11.99375 11.90833 11.8125 11.68333 11.75 11.7875 11.7125 11.63125 11.56667 11.56875 11.6 11.525 11.5 11.5 11.4 11.41875 11.33125 11.43333 11.41875 11.425 11.325 11.36875 11.41875 11.38125 11.33125 11.40625 11.375 11.4 11.3375 11.26875 11.3 11.26875 11.2125 11.2 11.18125 11.1125 11.075 11.1 11.01875 10.9625 10.91875 10.93125 10.9375 10.83125 10.76875 10.8 10.8 -9999 -9999 -9999 -9999 -9999 -9999 -9999 -9999 -9999 -9999 -9999 -9999 -9999 -9999 -9999 -9999 -9999 -9999 -9999 -9999
12.00625 12 11.98125 12.03125 11.96875 11.95625 11.88125 11.8375 11.85 11.75625 11.66875 11.65625 11.6 11.6 11.59375 11.5 11.55 11.525 11.4625 11.43333 11.475 11.4625 11.46667 11.4875 11.475 11.45625 11.4 11.5125 11.4625 11.38125 11.425 11.3625 11.41875 11.35 11.33333 11.35 11.30625 11.21875 11.18125 11.175 11.15 11.10625 11.1 11.0125 10.91875 10.98125 10.93125 10.86875 10.88125 -9999 -9999 -9999 -9999 -9999 -9999 -9999 -9999 -9999 -9999 -9999 -9999 -9999 -9999 -9999 -9999 -9999 -9999 -9999 -9999 -9999
12 12.05 12.04375 12.0375 12.0375 12 11.96875 11.98125 11.8125 11.8 11.71875 11.7 11.63125 11.6 11.6 11.575 11.575 11.53125 11.48125 11.5 11.5 11.61875 11.71875 11.75625 11.71875 11.6375 11.5625 11.50625 11.5875 11.45625 11.51875 11.425 11.43125 11.44375 11.425 11.375 11.3125 11.25625 11.24375 11.1875 11.1625 11.1625 11.1375 11.125 11.05833 11 10.9625 10.9 10.925 -9999 -9999 -9999 -9999 -9999 -9999 -9999 -9999 -9999 -9999 -9999 -9999 -9999 -9999 -9999 -9999 -9999 -9999 -9999 -9999 -9999
12.175 12.1375 12.16875 12.0875 12.025 12.10625 12.1375 11.95625 11.83333 11.81667 11.8375 11.7625 11.65 11.63333 11.6 11.6375 11.6 11.59375 11.56875 11.575 11.525 11.7125 12.0125 12.15 12.05 11.85625 11.6125 11.65 11.625 11.6125 11.56875 11.53125 11.55 11.4875 11.4875 11.5 11.3875 11.31875 11.2375 11.28125 11.24375 11.21875 11.2 11.2 11.1875 11.0875 11.0125 11 10.975 -9999 -9999 -9999 -9999 -9999 -9999 -9999 -9999 -9999 -9999 -9999 -9999 -9999 -9999 -9999 -9999 -9999 -9999 -9999 -9999 -9999
12.275 12.25625 12.1875 12.0875 12.09375 12.1125 12.10625 12.04167 11.93333 11.875 11.825 11.9125 11.69375 11.65625 11.66875 11.7125 11.69375 11.725 11.65625 11.6 11.65 11.74375 12.06667 -9999 12.4625 12.21667 11.875 11.64375 11.7 11.76875 11.65 11.6875 11.66667 11.53125 11.5 11.55833 11.475 11.35 11.30625 11.3 11.3 11.25625 11.275 11.25 11.25625 11.21875 11.1 11 -9999 -9999 -9999 -9999 -9999 -9999 -9999 -9999 -9999 -9999 -9999 -9999 -9999 -9999 -9999 -9999 -9999 -9999 -9999 -9999 -9999 -9999
12.2875 12.31875 12.2125 12.1625 12.15 12.16667 12.23333 -9999 12.0875 12.01875 12.03125 12.025 11.83125 11.7875 11.71875 11.7 -9999 11.78125 11.775 11.7 11.7125 11.7625 11.9 12.11667 12.36667 12.14167 11.98333 11.75 11.725 11.70833 11.75625 11.725 11.73125 11.61875 11.5625 11.6 11.575 11.45 11.38125 11.375 11.39375 11.3375 11.3 11.3 11.3 11.25 11.1375 11.1 -9999 -9999 -9999 -9999 -9999 -9999 -9999 -9999 -9999 -9999 -9999 -9999 -9999 -9999 -9999 -9999 -9999 -9999 -9999 -9999 -9999 -9999
12.45 12.29375 12.33333 12.25625 12.24375 12.23125 12.19375 12.18125 12.13125 12 11.9875 11.93125 11.85625 11.8 11.79375 11.76875 11.79167 11.88333 11.81875 11.88125 11.875 11.85 11.86875 11.9875 12.175 12.33125 12.0375 11.9 11.8 11.84375 11.80625 11.8 11.7125 11.66875 11.55625 11.6 11.5625 11.5 11.475 11.45 11.475 11.4625 11.4125 11.325 11.3 11.3 11.2 11.15 -9999 -9999 -9999 -9999 -9999 -9999 -9999 -9999 -9999 -9999 -9999 -9999 -9999 -9999 -9999 -9999 -9999 -9999 -9999 -9999 -9999 -9999
12.45 12.425 12.45 12.4 12.40625 12.35833 12.3375 12.225 12.16875 12.1375 12.175 12 11.9625 11.90625 11.88125 11.83333 11.81667 11.8 11.84375 11.95 11.93125 11.89167 11.9 11.96875 11.975 11.95 11.9375 12 12 11.925 11.9 11.85 11.7 11.70625 11.65 11.60625 11.6 11.5875 11.5875 11.54375 11.5 11.5125 11.50625 11.43125 11.3625 11.33125 11.325 -9999 -9999 -9999 -9999 -9999 -9999 -9999 -9999 -9999 -9999 -9999 -9999 -9999 -9999 -9999 -9999 -9999 -9999 -9999 -9999 -9999 -9999 -9999
12.50625 12.48125 12.55625 12.56875 12.48125 12.4875 12.5875 12.3625 12.2875 12.20625 12.1875 12.075 11.96875 11.9375 11.9625 11.9125 11.9 11.875 11.96875 12.0125 12.03125 12 12.00625 11.9875 12.08125 12.15 11.91875 12 12 11.99375 11.95 11.875 11.78125 11.71875 11.7 11.7 11.66875 11.6875 11.65 11.65 11.61875 11.575 11.6 11.5125 11.475 11.44375 11.40833 -9999 -9999 -9999 -9999 -9999 -9999 -9999 -9999 -9999 -9999 -9999 -9999 -9999 -9999 -9999 -9999 -9999 -9999 -9999 -9999 -9999 -9999 -9999
12.61875 12.6 12.59375 12.55625 12.58125 12.55625 12.54167 12.475 12.4125 12.29375 12.18125 12.175 12.05 12.06875 11.90625 11.98125 12.01667 12.05625 11.975 12.075 12.08125 12.1 12.05625 12.13125 12.0625 12.025 11.93125 11.925 12 11.95625 11.93125 11.9 11.85 11.74167 11.7 11.725 11.7375 11.73333 11.74375 11.75 11.75 11.69375 11.6125 11.6125 11.6 11.56667 11.5 -9999 -9999 -9999 -9999 -9999 -9999 -9999 -9999 -9999 -9999 -9999 -9999 -9999 -9999 -9999 -9999 -9999 -9999 -9999 -9999 -9999 -9999 -9999
12.7375 12.75625 12.68125 12.7375 12.71875 12.7375 12.56875 12.6125 12.56875 12.55 12.4 12.2875 12.25 12.18125 12.15 12.1125 12.125 12.16875 12.24375 12.05 12.125 12.1125 12.10625 12.14167 12.11875 12.1125 12.03125 12 11.99375 11.91875 11.9 11.9 11.86667 11.775 11.75625 11.8 11.8 11.95833 11.96875 11.9125 11.825 11.85 11.825 11.7625 11.7 11.65 -9999 -9999 -9999 -9999 -9999 -9999 -9999 -9999 -9999 -9999 -9999 -9999 -9999 -9999 -9999 -9999 -9999 -9999 -9999 -9999 -9999 -9999 -9999 -9999
12.8 12.80625 12.80625 12.78125 12.8 12.775 12.71875 12.775 12.60625 12.56875 12.45833 12.425 12.5 12.375 12.275 12.25 12.225 12.20625 12.24375 12.14375 12.2 12.16875 12.18333 12.1 12.14375 12.14375 12.08125 12.05 12 11.9 11.86875 11.8875 11.8 11.8 11.825 11.8 11.85 12.09375 12.31667 12.06667 11.9 11.93125 12.0875 12.03333 11.8 11.86667 -9999 -9999 -9999 -9999 -9999 -9999 -9999 -9999 -9999 -9999 -9999 -9999 -9999 -9999 -9999 -9999 -9999 -9999 -9999 -9999 -9999 -9999 -9999 -9999
12.875 12.8875 12.9125 12.88125 12.85625 12.8875 12.875 12.85 12.71875 12.6125 12.5375 12.5125 12.55 12.5125 12.375 12.43125 12.3125 12.33125 12.2 12.24375 12.16875 12.2 12.2625 12.225 12.19375 12.1375 12.11875 12.1 12.03333 11.95 11.89375 11.8625 11.825 11.79375 11.8375 11.80625 11.90625 12.2 12.5625 12.4625 12.20833 12.08125 12.30833 12.4 -9999 -9999 -9999 -9999 -9999 -9999 -9999 -9999 -9999 -9999 -9999 -9999 -9999 -9999 -9999 -9999 -9999 -9999 -9999 -9999 -9999 -9999 -9999 -9999 -9999 -9999
12.95 12.94375 12.9125 12.81875 12.7375 12.975 13 12.95 12.9 12.75625 12.7 12.625 12.675 12.60625 12.5 12.5125 12.35 12.35625 12.39375 12.30625 12.275 12.2375 12.21875 12.325 12.3125 12.2625 12.1375 12.1 12.1 11.96875 11.8875 11.94375 12.13125 11.73333 11.83125 11.9 11.95 12.29375 12.675 12.725 12.50833 12.2 12.40625 12.65 -9999 -9999 -9999 -9999 -9999 -9999 -9999 -9999 -9999 -9999 -9999 -9999 -9999 -9999 -9999 -9999 -9999 -9999 -9999 -9999 -9999 -9999 -9999 -9999 -9999 -9999
12.975 13.01875 13.0875 13.05 13.10625 13.025 12.93125 12.98125 12.94375 13.0125 12.86875 12.73125 12.70625 12.725 12.7375 12.65 12.5 12.425 12.425 12.425 12.46875 12.2875 12.3 12.3125 12.39375 12.33125 12.23125 12.15 12.125 12.01875 11.93125 12.175 11.93125 11.875 11.8125 11.85 12.05833 12.36875 12.75833 -9999 12.625 12.34167 12.43333 12.7 -9999 -9999 -9999 -9999 -9999 -9999 -9999 -9999 -9999 -9999 -9999 -9999 -9999 -9999 -9999 -9999 -9999 -9999 -9999 -9999 -9999 -9999 -9999 -9999 -9999 -9999
13.05 12.96875 13.1125 13.125 13.16875 13.1125 13.05 13.08125 13.05 12.95625 12.925 12.80625 12.84167 12.7125 12.79375 12.83125 12.6625 12.625 12.54375 12.55 12.59375 12.4875 12.4375 12.3875 12.40625 12.425 12.325 12.23125 12.0875 12.1625 12.125 12.175 11.925 11.95 11.9 11.9 12.03333 12.4 12.83333 12.95 12.8 12.5 12.525 -9999 -9999 -9999 -9999 -9999 -9999 -9999 -9999 -9999 -9999 -9999 -9999 -9999 -9999 -9999 -9999 -9999 -9999 -9999 -9999 -9999 -9999 -9999 -9999 -9999 -9999 -9999
13.21875 13.01875 13.175 13.2125 13.1875 13.1875 13.09375 13.14375 13.10625 13.1 13.0625 12.81875 12.86875 12.9125 12.81875 12.75 12.75 12.65 12.675 12.61875 12.61875 12.69375 12.5375 12.475 12.48125 12.5 12.41875 12.41875 12.30625 12.16875 12.10625 11.975 12 12.04375 11.9375 11.95 12.03333 12.525 12.9 -9999 12.95 12.75 12.56875 12.66875 12.95 13 -9999 -9999 -9999 -9999 -9999 -9999 -9999 -9999 -9999 -9999 -9999 -9999 -9999 -9999 -9999 -9999 -9999 -9999 -9999 -9999 -9999 -9999 -9999 -9999
13.175 13.15625 13.15625 13.21875 13.30625 13.2375 13.2125 13.225 13.09375 13.16875 13.1625 13.16875 12.9625 12.925 12.90625 12.7875 12.7375 12.725 12.725 12.73125 12.71875 12.69375 12.68125 12.5875 12.6 12.525 12.49375 12.4875 12.3875 12.225 12.10625 12.0125 12.025 12.05 12.08125 12.03125 11.99167 12.2 12.60833 12.875 12.8 12.675 12.43333 12.45625 -9999 -9999 -9999 -9999 -9999 -9999 -9999 -9999 -9999 -9999 -9999 -9999 -9999 -9999 -9999 -9999 -9999 -9999 -9999 -9999 -9999 -9999 -9999 -9999 -9999 -9999
13.21875 13.2625 13.20625 13.16875 13.275 13.30625 13.375 13.30625 13.18125 13.2125 13.225 13.225 13.2125 13.1125 12.95625 12.81875 12.78125 12.8 12.73125 12.83125 12.8125 12.70625 12.7125 12.7 12.6875 12.575 12.4875 12.525 12.50625 12.39375 12.21875 12.075 12.03125 12.425 12.35625 12.45625 11.95 12.1 12.33125 12.64375 -9999 12.46667 12.375 12.3 12.425 -9999 -9999 -9999 -9999 -9999 -9999 -9999 -9999 -9999 -9999 -9999 -9999 -9999 -9999 -9999 -9999 -9999 -9999 -9999 -9999 -9999 -9999 -9999 -9999 -9999
13.3 13.325 13.33125 13.275 13.41875 13.35625 13.35 13.3625 13.2875 13.34375 13.35625 13.25625 13.23125 13.08125 13.04375 12.975 12.9125 12.78125 12.825 12.925 12.875 12.8 12.8 12.75 12.7375 12.675 12.58125 12.5625 12.6625 12.6 12.2875 12.18125 12.2 12.31875 12.38125 12.3875 12.08125 12.15 12.18125 12.39375 12.45 12.35625 12.3 12.275 12.325 12.4875 -9999 -9999 -9999 -9999 -9999 -9999 -9999 -9999 -9999 -9999 -9999 -9999 -9999 -9999 -9999 -9999 -9999 -9999 -9999 -9999 -9999 -9999 -9999 -9999
13.36875 13.4 13.35625 13.375 13.38125 13.44375 13.4375 13.40625 13.39375 13.35625 13.39375 13.36875 13.25625 13.125 13.0875 13.05 13.025 12.99375 12.9 12.9 12.925 12.85625 12.8125 12.8 12.775 12.7 12.675 12.65 12.55 12.50625 12.45625 12.425 12.35625 12.43125 12.4125 12.24375 12.275 12.275 12.325 12.5 12.625 12.41875 12.325 12.3 12.31875 12.39167 12.5 -9999 -9999 -9999 -9999 -9999 -9999 -9999 -9999 -9999 -9999 -9999 -9999 -9999 -9999 -9999 -9999 -9999 -9999 -9999 -9999 -9999 -9999 -9999
13.4 13.45625 13.44375 13.46875 13.4125 13.46875 13.43125 13.4875 13.5 13.43125 13.38125 13.425 13.325 13.275 13.15 13.1 13.05 13.05625 12.975 12.9375 12.975 12.925 12.8875 12.8 12.7625 12.725 12.725 12.7 12.625 12.5125 12.4 12.49375 12.44375 12.475 12.44375 12.4875 12.4625 12.36875 12.55 12.7 12.8 12.75 12.5 12.3 12.3375 12.4 12.425 12.76667 13.1 13.1 -9999 -9999 -9999 -9999 -9999 -9999 -9999 -9999 -9999 -9999 -9999 -9999 -9999 -9999 -9999 -9999 -9999 -9999 -9999 -9999
13.475 13.53125 13.54375 13.54375 13.54375 13.5 13.5125 13.51875 13.5625 13.55 13.525 13.4125 13.35625 13.275 13.21875 13.1 13.1 13.125 13.10625 13 12.9875 12.94375 12.9 12.8625 12.76667 12.775 12.8 12.8 12.70625 12.55 12.45 12.41875 12.475 12.5375 12.5125 12.60625 12.89375 12.63125 12.575 12.74167 12.96667 13.025 12.78125 12.5 12.40625 12.44167 12.425 12.53333 12.7875 12.975 -9999 -9999 -9999 -9999 -9999 -9999 -9999 -9999 -9999 -9999 -9999 -9999 -9999 -9999 -9999 -9999 -9999 -9999 -9999 -9999
13.5 13.56875 13.575 13.5375 13.525 13.5 13.6 13.58125 13.625 13.63125 13.60625 13.55 13.45 13.3375 13.275 13.11875 13.1 13.04375 13.13125 13.0875 13.075 13 12.975 12.9 12.86875 12.9 12.88125 12.80625 12.7375 12.6125 12.475 12.425 12.43125 12.56875 12.7125 12.79375 12.75625 12.625 12.6 12.625 12.83333 13.1 13.04167 12.8 12.54375 12.475 12.5 12.4 12.5 12.6 12.7375 12.9 -9999 -9999 -9999 -9999 -9999 -9999 -9999 -9999 -9999 -9999 -9999 -9999 -9999 -9999 -9999 -9999 -9999 -9999
