Env_Vars_Sept202022/Set_1/mar_sept20.asc.asc
ncols         145
nrows         190
xllcorner     -2197417.7431653
yllcorner     -584827.01486885
cellsize      20000
NODATA_value  -9999
[rows 93 to 123 of 190, columns 0 to 69 of 145]
-9999 -9999 -9999 -9999 -9999 10.19167 10.675 -9999 -9999 -9999 -9999 10.1 10.1 10.24792 10.23125 10.25 10.18333 10.6625 10.41875 10.54375 10.8 10.84375 10.94375 11.26875 10.81875 10.7875 10.675 11.05 10.575 10.68125 10.66667 10.925 11.10625 11.09375 11.30625 10.94375 11.13125 10.8875 10.725 11.5125 11.98125 11.66875 11.78125 11.5375 11.65 11.61875 11.575 11.5125 11.71875 11.66875 11.59375 11.51875 11.46875 11.74375 11.55 11.48125 11.65 11.63125 11.75625 11.7 11.75625 11.66875 11.63125 11.575 11.6125 11.65625 11.7 11.60625 11.6 11.5875
-9999 -9999 -9999 -9999 -9999 10.65 10.40833 -9999 -9999 -9999 -9999 -9999 10.13333 10.05 10.38125 10.8125 10.8875 10.7125 11.08125 12.025 11.0625 11.18125 11.2875 10.8375 10.8 11.2625 10.675 11.03125 10.83125 10.66875 10.89375 10.9 11.19167 11.01875 11.03125 11.05625 11.05625 11.06875 10.875 11.35625 11.35625 11.625 11.7875 11.75625 11.58125 11.68125 11.625 11.55625 11.7125 11.83125 11.7125 11.70625 11.79375 11.7375 11.625 11.575 11.60625 11.70625 11.7875 11.7125 11.75 11.725 11.70625 11.6875 11.63125 11.6875 11.675 11.65 11.7 11.7
-9999 -9999 -9999 -9999 -9999 10.70625 10.28333 -9999 -9999 -9999 -9999 -9999 10.3 10.6375 10.05625 10.3 10.825 11.8375 10.6 11.55625 11.525 11.125 11.6625 10.775 10.54375 10.90625 11.0875 10.625 11.11875 11.09375 11.14375 10.98333 11.1625 11.06875 11.15625 11.05625 11.05625 11.175 10.975 11.475 12.0375 12.15 11.85625 11.6 11.8625 11.75625 11.66875 11.63125 11.66875 11.69375 11.88125 11.88125 11.65625 11.81875 11.425 11.65625 11.6 11.6375 11.70625 11.78125 11.76875 11.73333 11.78125 11.7 11.69375 11.68125 11.675 11.73125 11.7875 11.7
-9999 -9999 -9999 -9999 -9999 10.58333 10.7 -9999 -9999 -9999 -9999 -9999 -9999 -9999 -9999 9.9 9.4375 10.39375 11.18542 12.25 11.54375 11.01875 11.1625 11.125 10.85625 10.75 10.90625 10.85625 10.80625 11.20625 11.41875 11.0875 11.08333 11.1375 11.10625 11.19375 11.10625 11.1375 11.0375 12.2 11.8125 12.1125 11.60625 11.86875 11.88125 11.79375 11.6875 11.65 11.64375 11.6875 11.75 11.8125 11.7625 11.825 11.7875 11.65 11.6375 11.69375 11.75 11.78333 11.85 11.81667 11.75625 11.725 11.76875 11.7 11.7375 11.76667 11.8 11.775
-9999 -9999 -9999 -9999 -9999 11.15 10.525 -9999 -9999 -9999 -9999 -9999 -9999 10.4 10.9 10.1125 10.93333 11.28125 10.93333 11.84375 11.275 12.30625 11.5125 10.88125 11.31667 10.8 11.075 10.86875 11.275 10.89167 11.45 11.1625 11.15625 11.20625 11.21875 11.14375 11.18125 11.05 11.30625 10.925 12.11875 11.81875 11.525 12 11.9875 11.90625 11.85 11.7 11.6125 11.68125 11.7875 11.74375 11.625 11.85 11.7625 11.7375 11.68125 11.7 11.7 11.625 11.8 11.7375 11.80625 11.75625 11.9875 11.91875 11.83125 11.75625 11.7875 11.8
-9999 -9999 -9999 -9999 -9999 -9999 10.75 -9999 -9999 -9999 -9999 -9999 -9999 -9999 10.15 10.76875 10.1125 11.01875 10.84375 10.60625 11.4625 11.5 10.925 11.09375 10.9625 11.1125 10.89375 10.925 11.51875 11.34375 11.1 11.1875 11.21875 11.26875 11.25625 11.23125 11.10625 11.0625 11.1125 11.3375 11.88125 11.6875 12.25625 12.7875 12.1375 11.98125 11.95625 11.7625 11.675 11.65625 11.6625 11.81875 11.7375 11.825 11.725 11.68125 11.7625 11.78125 11.73125 11.825 11.74167 11.78333 12 12.01875 12.05625 12.13125 11.9875 11.93125 11.9125 11.60625
-9999 -9999 -9999 -9999 -9999 -9999 9.474999 -9999 -9999 -9999 -9999 -9999 -9999 10.275 10.1375 10.29375 11.5 10.8125 10.81875 10.84375 10.3125 11.3625 10.925 11.3125 11.66875 11.19375 11.03125 11.15625 11.325 11.14375 11.04375 11.2875 11.1625 11.24375 11.3125 11.3125 11.2625 11.06875 10.98125 11.1875 10.9375 12.2 12.775 11.91875 12.20625 11.9875 11.64375 11.8375 11.60625 11.6375 11.55625 11.81875 11.75 11.78125 11.825 11.76875 11.85833 11.8125 11.75 11.775 11.83125 11.78125 11.99375 12.15 11.9625 11.9875 12.01667 11.975 12.04375 11.96875
-9999 -9999 -9999 -9999 -9999 -9999 10.45 -9999 -9999 -9999 -9999 -9999 -9999 10.3 10.35833 10.08333 10.35417 10.9375 11.60625 12.325 11.88125 11.85625 11.50625 11.04375 11.5 11.15625 11.1125 10.9 11.08125 11.34375 11.3 11.48125 11.375 11.275 11.425 11.3 11.15625 11.425 11.15625 11.08125 11.89375 11.8875 11.90625 12.1 12.38125 11.925 11.74375 11.7125 11.525 11.56875 11.59375 11.6375 11.85625 11.83125 11.80625 11.86875 11.875 11.96875 11.75625 12.08125 11.925 12.025 12.14375 12.05 12 11.94375 12.03125 12.025 12.05 12.0625
-9999 -9999 -9999 -9999 -9999 -9999 -9999 -9999 -9999 -9999 -9999 -9999 -9999 -9999 -9999 10.4375 10.54167 10.16875 11.2 10.81875 11.20625 11.2625 11.00625 11.48125 11.33125 11.45625 11.175 11.6875 11.09375 11.31875 11.1875 11.2375 11.23125 11.41875 11.3125 11.325 11.24375 11.325 11.13125 10.875 11.55625 11.1875 12.325 13.16875 12.04375 12.6375 12.05 11.73125 11.90625 11.6625 11.55625 11.80625 11.7125 11.85625 11.875 11.85 11.85625 11.8 11.98125 12.2375 12.1875 12.175 11.975 11.99375 12.0125 12.10625 12.06875 12.075 12.05625 12.075
-9999 -9999 -9999 -9999 -9999 -9999 -9999 -9999 -9999 -9999 -9999 -9999 -9999 -9999 10.3 9.841667 10.55 10.75417 11.06875 11.775 13.95 11.7 11.81875 11.14167 11.525 11.50625 11.39375 11.28125 11.66875 11.575 11.325 11.3125 11.3625 11.45625 11.36875 11.2625 11.23125 11.45625 11.34375 11.10625 11.225 11.75625 11.95625 11.50625 12.31875 12.65 12.5625 12.39375 11.80625 11.65 11.8625 11.79375 11.86875 11.8875 11.75 11.825 11.76875 11.95625 12.1125 12.11875 12.13125 12.0875 12.0875 12.025 12.05625 12.15 12.04375 12.05625 12.175 12.125
-9999 -9999 -9999 -9999 -9999 -9999 -9999 -9999 -9999 -9999 -9999 -9999 -9999 -9999 -9999 10.35 10.325 10.67222 11.01667 11.0875 12.18125 13.2375 12.775 11.6125 11.9375 11.40625 11.6375 11.43125 11.48125 11.3625 11.33125 11.4375 11.175 11.20625 11.4 11.3 11.575 11.5625 11.6125 11.14375 12.1625 11.40625 11.81875 12.4375 11.26875 12.35625 12.73125 11.8375 12.01875 12.3 12.01875 12.09375 11.925 11.95 11.8875 11.9375 11.9125 12.025 12 12.2 12.15625 12.1 12.1375 12.05625 12.10625 12.16875 12.225 12.1625 12.16875 12.225
-9999 -9999 -9999 -9999 -9999 -9999 -9999 -9999 -9999 -9999 -9999 -9999 -9999 -9999 -9999 10.35 10.4 10.8 11.74722 11.0125 11.59444 12.64375 12.0625 12.45 11.9875 11.56875 12.10625 11.825 11.725 11.5375 11.31875 11.4375 11.3625 11.5125 11.45 11.375 11.46875 11.38125 11.6 11.63125 11.51875 11.83125 11.475 12.58125 11.3875 12.64375 12.3 11.9125 12.43125 12.21875 12.125 11.93125 11.95625 11.8875 12.05625 11.83125 11.99375 12.0375 11.98125 12.03125 12.05 12.03125 12.075 12.20625 12.18125 12.275 12.1875 12.275 12.225 12.25625
-9999 -9999 -9999 -9999 -9999 -9999 -9999 -9999 -9999 -9999 -9999 -9999 -9999 -9999 -9999 10.35 10.9375 11.05833 10.99375 11.775 12.775 12.4 13.44375 11.51667 11.9875 11.73125 11.79375 11.99375 11.58125 11.68125 11.55 11.31875 11.34375 11.38125 11.7125 11.35625 11.49375 11.90625 11.6 11.3375 11.975 11.40625 12.04375 11.6125 12.35 12.98125 12.38125 12.96875 12.61875 12.225 12.3625 11.9125 11.925 12.04375 12.1125 12.16875 12.2 12.2125 12.05625 12.10625 12.15625 12.225 12.2 12.25 12.2625 12.3 12.35 12.325 12.30625 12.36875
-9999 -9999 -9999 -9999 -9999 -9999 -9999 -9999 -9999 -9999 -9999 -9999 -9999 -9999 -9999 -9999 10.53125 11.20625 11.025 11.4625 11.35 12.79167 12.29375 12.48125 12.83125 12.05 12.05 11.9125 11.55 11.61875 11.4375 11.49375 11.60625 11.5375 11.575 11.55625 11.48125 12 11.96875 11.8 12.83333 11.48125 11.85 11.2375 13.30625 12.65 12.34375 13.21875 13.475 12.6875 12.35 12.00625 12.40625 11.925 12.15625 12.075 12.0875 12.08125 12.19375 12.175 12.18125 12.23125 12.3125 12.30625 12.375 12.425 12.425 12.45 12.4625 12.39375
-9999 -9999 -9999 -9999 -9999 -9999 -9999 -9999 -9999 -9999 -9999 -9999 -9999 -9999 -9999 10.025 10.7875 11.55833 11.575 11.725 11 12.51458 13.54375 13.63125 12.06875 12.1 12.0875 11.90625 11.59375 11.475 11.56875 11.5375 11.55625 11.63125 11.51875 11.80625 11.4375 11.6625 12.26875 12.14375 12.875 12.3625 11.64375 12.2 11.375 12.975 12.2875 12.0625 12.7 12.96875 12.8375 12.25625 12.08125 12.1875 12.04375 12.075 12.14375 12.14375 12.1875 12.25625 12.3375 12.3625 12.3625 12.41875 12.50625 12.5625 12.55625 12.5125 12.525 12.45
-9999 -9999 -9999 -9999 -9999 -9999 -9999 -9999 -9999 -9999 -9999 -9999 -9999 -9999 -9999 -9999 10.725 11.1875 10.76458 12.48125 11.925 12.9 12.55625 12.1625 13.225 12.49375 11.925 11.5 11.525 11.3125 11.66875 11.6875 11.8125 11.73125 11.46875 11.79375 11.68125 11.65625 12.14375 12.1625 11.33125 11.9875 13.175 13.28125 13.6375 12.58125 12.5625 13.6125 13.65 12.71875 12.16875 12.74375 12.5625 12.1375 12.075 12.10625 12.21875 12.25625 12.3 12.3375 12.3125 12.26875 12.48125 12.4875 12.575 12.65 12.61875 12.61875 12.61875 12.6
-9999 -9999 -9999 -9999 -9999 -9999 -9999 -9999 -9999 -9999 -9999 -9999 -9999 -9999 -9999 10.8 11.20833 10.83125 10.9375 12.76875 12.48125 12.2 11.93542 12.075 13.00625 13.4625 11.95 12.0125 11.95625 11.80625 11.75625 11.70625 11.88125 11.83125 11.94375 11.80625 11.675 11.59375 11.60625 11.7875 12.53125 12.6875 12.475 12.125 14.51875 11.3875 12.925 12.6 12.65 12.3875 13.53125 13.225 12.425 12.44375 12.16875 12.24375 12.2375 12.29375 12.35625 12.35 12.425 12.4875 12.48125 12.55 12.60625 12.6375 12.725 12.7 12.68125 12.66875
-9999 -9999 -9999 -9999 -9999 -9999 -9999 -9999 -9999 -9999 -9999 -9999 -9999 -9999 9.15 -9999 11.35 11.65 11.4 11.08125 12.75 11.65 11.9375 12.10625 13.6625 11.75 12.975 11.85 11.8875 11.81875 11.975 11.575 12.31875 12.1875 11.69375 11.7125 11.75 11.74375 11.95625 12.31875 12.85625 12.9875 13.49375 12.21875 13.2625 13.25 12.71875 12.6 13.1625 13.40625 12.5625 12.46875 12.78125 12.81875 12.425 12.39375 12.41875 12.30625 12.275 12.45 12.4625 12.4875 12.5875 12.5125 12.65 12.73125 12.78125 12.76875 12.7 12.725
-9999 -9999 -9999 -9999 -9999 -9999 -9999 -9999 -9999 -9999 -9999 -9999 10.7375 10.5625 10.5 -9999 10.71667 10.6625 11.25 12.46875 11.01875 13.15625 11.5 13.7125 12.625 15.34375 12.68125 12.1875 12.44375 12.03125 12.2125 12.35 11.95 11.9 12.275 11.94375 11.94375 11.75625 12.4375 11.525 12.575 11.1875 12.15 13.025 13 11.84375 12.85625 12.2 12.96875 12.38125 12.85625 13.225 13.45625 12.66875 12.6875 12.56875 12.475 12.3875 12.4125 12.425 12.6 12.625 12.66875 12.7 12.75 12.80625 12.8 12.81875 12.8 12.8
-9999 -9999 -9999 -9999 -9999 -9999 -9999 -9999 -9999 -9999 -9999 -9999 10.9625 10.7125 10.74167 10.825 -9999 10.45 10.75 12.56458 11.43125 11.7625 12.65833 12.09375 12.975 13.49375 12.60625 13.16875 12.45 12.4375 12.4625 12.35625 12.33125 12.05625 11.99375 12.125 11.83125 12.175 11.85 12.0875 11.8 11.675 11.8875 11.83125 12.99375 13.89375 12.875 12.0625 12.35625 14.54375 12.9375 13.0875 13.64375 12.9 13.1 12.725 12.48125 12.48125 12.4125 12.425 12.69375 12.8125 12.7375 12.80625 12.86875 12.8375 12.85625 12.9 12.9 12.8875
-9999 -9999 -9999 -9999 -9999 -9999 -9999 -9999 -9999 -9999 -9999 -9999 -9999 10.9 10.75 10.75 -9999 -9999 10.3 11.10833 11.51875 11.03333 12.23125 12.71667 11.44375 13.975 15.84375 12.7375 12.86875 12.725 12.76875 12.725 12.6375 12.0125 12.5875 12.08125 12.03125 11.9375 11.8875 11.4125 11.90625 11.3 12.5375 11.625 11.5375 11.3875 14.26875 12.46875 12.175 12.75 13.39375 13.34375 13.2625 12.6625 13.11875 13.0375 12.98125 12.675 12.56875 12.60625 12.7625 12.775 12.75625 12.8625 12.8875 12.90625 12.96875 12.9375 12.98125 12.95
-9999 -9999 -9999 -9999 -9999 -9999 -9999 -9999 -9999 -9999 -9999 -9999 -9999 10.78333 11.15625 10.8875 10.49375 9.741667 -9999 10.71875 11.99167 12.2125 12.775 12.88125 13.2375 13.89375 13.7625 13.6 13.25 13.34375 13.6625 13.4 12.85625 11.8125 12.375 11.975 12.0625 12.15 11.85625 11.93125 12.2125 12.1125 12.3375 12.83125 11.7875 13.0375 13.61875 13.8875 12.65 12.2125 12.70625 13.99375 13.89375 14.13125 12.2375 13.4625 12.8875 12.71875 12.6375 12.6875 12.78125 12.79375 12.9125 12.8625 12.9875 12.925 13.0375 12.9625 13.00625 13
-9999 -9999 -9999 -9999 -9999 -9999 -9999 -9999 -9999 -9999 -9999 -9999 -9999 -9999 10.88333 11.18125 11.175 12.275 12.5375 11.4875 11.69167 11.77917 12.975 11.725 13.2125 14.69375 14.125 14.01875 13.4 14.3 14.3375 12.95625 12.90625 12.175 12.51875 11.95625 12 11.81875 11.80625 11.775 11.725 11.8625 10.89375 12.36875 12.5625 12.65 11.3 13.8375 12.45 12.575 12 13.00625 13.99375 13.2375 13.325 13.14375 12.7625 12.9625 12.70625 12.75 12.825 12.88125 12.98333 12.95 12.99375 13.00625 13.06667 13.1 13.04375 13.03125
-9999 -9999 -9999 -9999 -9999 -9999 -9999 -9999 -9999 -9999 -9999 -9999 -9999 -9999 12 11.63125 11.175 12.28125 12.19375 12.29375 11.11389 11.375 12.3875 12.58333 11.7 12.325 13.8125 14.2625 15.0375 13.675 12.90625 13.00625 12.93125 12.1 13.4625 11.93125 11.2625 11.925 11.8125 12.29375 11.725 13.25625 12.09375 11.35 12.23125 12.90625 12.475 12.3875 14.1125 11.925 12.19375 13.5125 13.825 14.3375 13.7125 13.35625 13.15 13.0125 12.84375 12.83125 12.90625 12.94375 12.95 13.03125 13.01875 13.0875 13.1125 13.1 13.15 13.10625
-9999 -9999 -9999 -9999 -9999 -9999 -9999 -9999 -9999 -9999 -9999 -9999 -9999 -9999 -9999 11.59167 11.86875 11.78125 11.425 11.46875 11.55 10.58333 10.925 12.425 12.89167 13.04375 13.76875 14.175 13.425 14.6 12.4625 14.73125 14 13.31875 13.66875 12.0875 12.45 11.8125 11.96875 12.38125 11.6 11.51875 11.3375 11.20625 11.60625 13.7125 11.12708 13.21875 14.025 12.94375 12.43125 12.3875 13.975 13.43125 13.725 13.5375 13.4875 13.14375 12.975 13.025 12.95625 12.98125 12.9875 13.075 13.1875 13.175 13.19375 13.2 13.225 13.2
-9999 -9999 -9999 -9999 -9999 -9999 -9999 -9999 -9999 -9999 -9999 -9999 -9999 -9999 -9999 11.3 10.41667 11.2 11.5125 10.8625 11.11875 -9999 10.075 11.35 13.53125 11.6625 12.99375 13.4625 14.1375 12.975 14.1 12.9625 13.1 12.9 12.94375 12.68125 12.35 11.9625 12.85 11.39375 13.29375 11.2875 11.6 13.075 11.36875 12.88125 11.69375 13.25 13.525 13.0625 12.9125 12.41042 13.55 13.7125 13.70625 13.1625 13.3625 13.31875 13.06875 13.075 13.075 13.1125 13.10625 13.16875 13.20625 13.01875 13.2 13.2 13.21875 13.25
-9999 -9999 -9999 -9999 -9999 -9999 -9999 -9999 -9999 -9999 -9999 -9999 -9999 -9999 -9999 -9999 11.1375 10.9 11.64375 11.7125 11.58125 11.08333 -9999 12.0875 11.58125 12.075 12.2 11.94375 13.425 13.56875 14.425 14.2125 13.7875 13.15 13.69375 12.21875 12.725 11.81875 12.13125 11.60625 12.65 11.54375 11.26875 11.15 11.875 12.63125 10.70625 12.68125 12.27083 12.17917 13.1375 12.14375 12.38125 13.525 13.9125 14.05625 13.65625 13.3375 13.26875 13.19375 13.1375 13.125 13.18125 13.1875 13.1875 13.03125 13.2625 13.25 13.275 13.3
-9999 -9999 -9999 -9999 -9999 -9999 -9999 -9999 -9999 -9999 -9999 -9999 -9999 -9999 -9999 -9999 10.89167 11.78333 11.975 11.6125 11.7375 11.175 -9999 11.2375 11.55625 11.9375 13.1 12.975 14.00625 13.3875 13.08333 14.09375 13 14.06875 12.64375 12.3875 12.7375 12.69375 12.34375 11.46875 11.425 11.9125 11.375 11.95625 12.34375 11.8625 11.84375 13.975 13.6875 13.725 13.40625 11.7125 13 14.5625 14.20625 13.675 13.78125 13.3125 13.24375 13.2375 13.175 13.125 13.2 13.16875 13.2625 13.31875 13.3375 13.2875 13.2875 13.30625
-9999 -9999 -9999 -9999 -9999 -9999 -9999 -9999 -9999 -9999 -9999 -9999 -9999 -9999 -9999 -9999 11.3 10.7625 12.7375 11.7125 11.9 11.8875 -9999 11.3 11.125 12.3875 13.175 12.91875 13.30625 14.29375 13.9 14.4125 14.45 13.375 12.29375 12.8875 12.59375 12.8625 11.8375 12.675 11.45625 12.09375 11.69375 11.63125 11.025 11.6625 12.1 12.8875 12.71875 14.275 12.78333 13.5375 12.35625 13.66875 13.28125 13.40625 13.10625 13.3875 13.24375 13.30625 13.38125 13.21875 13.175 13.23125 13.30625 13.2375 13.2875 13.5375 13.25 13.39375
-9999 -9999 -9999 -9999 -9999 -9999 -9999 -9999 -9999 -9999 -9999 -9999 -9999 -9999 -9999 -9999 -9999 -9999 11.78542 12.025 11.41875 12.38125 11.5 -9999 11.05 11.12917 12.1875 12.43125 13.26875 13.0625 14.025 14.23125 15.025 13.3625 13.3875 13.0125 12.5875 12.34375 12.46875 12.15625 12.5125 12.25625 11.975 11.7875 12.15 11.425 12.15 14.275 13.1125 12.375 13.7125 13.08125 12.98125 13.34375 14.025 13.35 11.9 13.425 13.1125 13.125 13.35 13.26875 13.2 13.30625 13.375 13.45 13.4875 13.49375 13.41875 13.46875
-9999 -9999 -9999 -9999 -9999 -9999 -9999 -9999 -9999 -9999 -9999 -9999 -9999 -9999 -9999 -9999 -9999 -9999 11 11.3625 11.88125 11.44375 11.40625 11.525 -9999 11.775 11.125 12.85833 13.625 12.75 13.48333 12.90625 12.7125 13.55 13.0875 12.13125 12.6625 12.2125 12.34375 12.1125 12.75 11.38125 12.08125 10.8625 11.38125 11.1875 11.16875 12.23333 12.31667 14.0875 12.625 13.0375 12.86875 12.73125 13.2 13.44375 13.38125 13.1125 13.0625 13.175 13.21875 13.2875 13.325 13.3625 13.35625 13.475 13.575 13.56875 13.54375 13.50625
