Env_Vars_Sept202022/Set_1/mcmt_sept20.asc.asc
ncols         145
nrows         190
xllcorner     -2197417.7431653
yllcorner     -584827.01486885
cellsize      20000
NODATA_value  -9999
[rows 116 to 144 of 190, columns 67 to 133 of 145]
-13.80625 -13.6625 -14.74375 -14.7625 -15.05625 -15.10625 -15.54375 -15.95 -16.3875 -16.5875 -16.825 -16.88125 -17.26875 -17.68125 -18.0875 -18.43125 -18.6625 -18.71875 -18.40625 -17.91875 -17.39375 -16.80625 -16.45625 -17.73125 -19.23125 -19.91875 -20.3125 -20.55625 -20.1625 -19.78125 -19.975 -20.38125 -20.75625 -20.9875 -20.725 -19.69375 -19.59375 -19.59375 -19.6875 -19.575 -19.7 -19.7 -9999 -20.075 -20.13125 -20.325 -20.7 -21.10833 -21.5 -9999 -9999 -9999 -9999 -9999 -9999 -9999 -9999 -9999 -9999 -9999 -9999 -9999 -9999 -9999 -9999 -9999 -9999
-13.39375 -13.36875 -13.90625 -14.5625 -14.53125 -15.06875 -15.59375 -15.9375 -16.4125 -16.63125 -16.6625 -16.7625 -16.95 -17.38125 -17.775 -18.05625 -18.28125 -18.3375 -18.19375 -17.8625 -17.5125 -16.99375 -16.90625 -17.9125 -19.0625 -19.7625 -20.025 -20.08125 -20.05 -19.925 -20.10625 -20.225 -20.4 -20.475 -20.1 -19.09375 -19.35625 -19.7375 -19.78125 -19.33333 -19.35 -19.43333 -19.6 -19.8 -19.95 -20.25 -20.625 -9999 -9999 -9999 -9999 -9999 -9999 -9999 -9999 -9999 -9999 -9999 -9999 -9999 -9999 -9999 -9999 -9999 -9999 -9999 -9999
-13.26667 -13.3375 -13.675 -14.25625 -14.4375 -14.63125 -15.4 -15.85625 -16.275 -16.18125 -16.49375 -16.59375 -16.8125 -17.0625 -17.4 -17.7125 -17.925 -17.9625 -17.9375 -17.84375 -17.55 -17.25 -17.40625 -18.15625 -18.95625 -19.525 -19.80625 -19.8375 -19.9 -19.98125 -20.2125 -20.41875 -20.4375 -20.325 -19.83125 -19.575 -20.35 -20.45625 -20.4 -19.1375 -19.21667 -19.24375 -19.41875 -9999 -19.81667 -20.18125 -20.6 -20.94167 -9999 -9999 -9999 -9999 -9999 -9999 -9999 -9999 -9999 -9999 -9999 -9999 -9999 -9999 -9999 -9999 -9999 -9999 -9999
-13.18125 -13.38125 -13.74375 -14.325 -14.53125 -14.65 -15.0875 -14.93125 -15.225 -15.7375 -16.1 -16.35 -16.6375 -16.79375 -17.0125 -17.06875 -17.525 -17.6 -17.6 -17.475 -17.35 -17.3 -17.5125 -18.19375 -18.925 -19.3875 -19.59375 -19.5625 -19.6375 -19.9125 -20.30625 -20.875 -20.8875 -20.575 -20.275 -19.95 -20.2125 -20.16875 -19.88125 -18.8375 -18.8 -19.025 -19.2 -19.35 -19.70625 -20.15833 -20.55 -20.9875 -21.275 -9999 -9999 -9999 -9999 -9999 -9999 -9999 -9999 -9999 -9999 -9999 -9999 -9999 -9999 -9999 -9999 -9999 -9999
-12.625 -13.34375 -14.00625 -14.7625 -15.20625 -14.71875 -14.24375 -15.03125 -14.9375 -15.23125 -15.61875 -15.98125 -16.225 -16.325 -16.5375 -16.8125 -17.175 -17.2375 -17.19375 -17.15 -17.15 -17.225 -17.5 -18.06875 -18.76875 -19.28125 -19.30625 -19.15625 -19.26875 -19.7375 -20.325 -21.025 -21.0375 -20.6875 -20.4125 -20.05 -20.06875 -19.49375 -18.775 -18.59375 -18.775 -18.875 -18.95833 -19.3 -19.55625 -20.05 -20.5 -20.9375 -21.35 -21.65 -9999 -9999 -9999 -9999 -9999 -9999 -9999 -9999 -9999 -9999 -9999 -9999 -9999 -9999 -9999 -9999 -9999
-11.83125 -13.2 -13.96875 -15.3 -15.09375 -14.3125 -13.85 -14.69375 -14.90625 -15.04375 -15.4 -15.54375 -15.98125 -16.225 -16 -16.4625 -16.83125 -16.85 -16.78125 -16.8 -16.90625 -17.1 -17.36875 -17.86875 -18.3875 -18.8875 -18.85 -18.66875 -18.78125 -19.44375 -20.23125 -21.00625 -20.96875 -20.5375 -20.3625 -20.16875 -19.91875 -19.175 -18.6 -18.675 -18.825 -18.75 -18.75 -19.2 -19.3875 -19.925 -20.5 -20.93125 -21.3375 -21.64375 -21.95833 -22 -22.1 -9999 -9999 -9999 -9999 -9999 -9999 -9999 -9999 -9999 -9999 -9999 -9999 -9999 -9999
-12.70625 -13.35 -13.9625 -14.2125 -14.2125 -13.8875 -13.825 -14.51875 -14.7375 -14.85625 -15.5875 -15.65625 -15.44375 -15.30625 -16.35 -16.8 -16.5625 -16.51875 -16.40625 -16.45 -16.76875 -16.875 -17.1875 -17.59375 -18.03125 -18.41875 -18.43125 -18.20833 -18.28333 -19.18333 -19.925 -20.55625 -20.69375 -20.4375 -20.2875 -20.25 -19.925 -19.36875 -19.15 -19.60625 -19.1875 -18.575 -18.56667 -18.81667 -19.225 -19.725 -20.3625 -20.9125 -21.35 -21.55 -21.725 -21.775 -21.7125 -9999 -9999 -9999 -9999 -9999 -9999 -9999 -9999 -9999 -9999 -9999 -9999 -9999 -9999
-13.3 -13.875 -14.3625 -13.94375 -13.65 -13.39375 -13.3375 -13.99375 -14.46875 -14.475 -15.31875 -15.3375 -15.14375 -14.9625 -15.53125 -16.79375 -16.28125 -15.58125 -16.05625 -16.23125 -16.33125 -16.475 -16.95625 -17.29375 -17.65625 -17.95 -18.125 -18.175 -18.35625 -19.05625 -19.75625 -20.2 -20.34375 -20.15 -20.14375 -20.25 -20.2125 -19.75 -19.5875 -19.575 -19.20625 -18.4875 -18.46875 -18.60833 -18.96667 -19.59167 -20.20625 -20.8625 -21.29375 -21.53333 -21.55 -21.53333 -21.20833 -20.625 -20.325 -9999 -9999 -9999 -9999 -9999 -9999 -9999 -9999 -9999 -9999 -9999 -9999
-13.475 -14.125 -14.54375 -14.04375 -13.7375 -12.98125 -12.9875 -13.48125 -13.925 -14.10625 -14.51875 -14.91875 -15.20625 -15.00625 -14.8125 -15.7125 -15.35 -14.0375 -15.8 -15.65625 -16.18125 -16.68125 -16.6875 -16.9375 -17.2625 -17.55 -17.8125 -18.1125 -18.43125 -19.1 -19.75625 -20.1 -20.05625 -19.90625 -19.9625 -20.2 -19.95 -19.60625 -19.475 -19.475 -19.35625 -18.4375 -18.3 -18.36667 -18.825 -19.38125 -20.25 -20.85625 -21.38333 -21.475 -21.3625 -21.19375 -20.88333 -20.4 -20.15 -9999 -9999 -9999 -9999 -9999 -9999 -9999 -9999 -9999 -9999 -9999 -9999
-13.36875 -13.75625 -13.8625 -13.68125 -13.725 -13.59375 -13.68125 -13.1875 -13.39375 -13.65625 -14.05625 -14.66875 -15.2 -14.8375 -13.88125 -14.14375 -13.80625 -14.00625 -15.6375 -16.14375 -16.30625 -16.6 -16.65625 -16.6375 -16.8625 -17.18125 -17.475 -17.85 -18.35625 -19.06875 -19.6625 -20.05625 -19.84375 -19.6 -19.5625 -19.78125 -19.51875 -19.1625 -19.225 -19.3125 -19.08125 -18.4 -18.10625 -18.09167 -18.5 -19.19375 -19.9375 -20.98333 -21.25 -21.25625 -21.125 -20.925 -20.65 -20.1875 -9999 -9999 -9999 -9999 -9999 -9999 -9999 -9999 -9999 -9999 -9999 -9999 -9999
-12.975 -12.81875 -13.05 -12.91875 -12.825 -13.225 -13.375 -13.1875 -13.15 -13.25 -13.6375 -14.2375 -14.9375 -14.75625 -14.33125 -13.5 -13.81875 -14.54375 -16.0875 -15.95 -16.19375 -16.06875 -16.25 -16.39375 -16.46875 -16.8 -17.15 -17.5375 -18.09375 -18.76875 -19.425 -19.7875 -19.5625 -19.275 -19.1875 -19.35 -19.225 -18.90625 -19 -18.86875 -18.6 -18.375 -18.025 -17.8 -18.4 -18.98125 -19.75 -20.7 -20.9625 -21 -20.90625 -20.7125 -20.45625 -20.025 -19.8 -9999 -9999 -9999 -9999 -9999 -9999 -9999 -9999 -9999 -9999 -9999 -9999
-12.8375 -12.81875 -12.74375 -12.5375 -12.65 -13.2875 -12.925 -12.71875 -12.825 -13.21875 -13.43125 -13.65 -14.125 -14.4625 -14.30625 -14.09375 -14.33125 -15.125 -15.28333 -15.2 -15.79375 -15.875 -15.80625 -16.125 -16.18125 -16.46875 -16.78125 -17.21875 -17.80625 -18.45625 -19.075 -19.24375 -19.125 -18.95 -18.85625 -18.91875 -18.89375 -18.69375 -18.89375 -19.15625 -18.95 -18.70625 -18.56875 -17.98125 -18.125 -18.7875 -19.25 -20.1125 -20.49167 -20.6375 -20.65 -20.5 -20.1875 -19.85 -9999 -9999 -9999 -9999 -9999 -9999 -9999 -9999 -9999 -9999 -9999 -9999 -9999
-12.31875 -12.53125 -12.375 -12.30625 -12.60625 -12.55 -12.0625 -12.15 -12.575 -13.2875 -13.35625 -13.65 -13.825 -13.74375 -13.675 -13.9625 -14.10625 -13.66875 -13.7375 -14.68125 -15.35 -15.39375 -15.375 -15.30625 -15.8 -16.05625 -16.35625 -16.9 -17.4875 -18.05625 -18.48125 -18.7 -18.69375 -18.5 -18.4875 -18.5125 -18.53125 -18.45 -18.75 -19.075 -19.225 -19.10625 -19.1125 -18.925 -18.275 -18.70625 -19.16875 -19.6625 -20.2 -20.2125 -20.3 -20.2375 -19.9875 -19.69167 -9999 -9999 -9999 -9999 -9999 -9999 -9999 -9999 -9999 -9999 -9999 -9999 -9999
-11.69375 -12.1375 -12.10625 -11.98125 -11.99375 -11.99375 -11.95 -11.7625 -12.04375 -12.91875 -13.14375 -13.375 -13.46875 -13.475 -13.4875 -13.41875 -13.675 -13.85625 -13.85 -13.95625 -14.69375 -15.45625 -15.33125 -14.775 -15.35625 -15.93125 -16.2375 -16.59375 -17.2625 -17.74375 -18 -18.1 -18.21875 -18.00625 -18.0875 -18.1875 -18.225 -18.25 -18.59375 -18.9625 -19.21875 -19.10625 -19.10625 -19.3125 -18.9375 -18.51875 -18.825 -19.21875 -9999 -19.8 -19.9 -19.94375 -19.8 -19.55 -9999 -9999 -9999 -9999 -9999 -9999 -9999 -9999 -9999 -9999 -9999 -9999 -9999
-11.41875 -11.65625 -11.5625 -11.5375 -11.51875 -11.65625 -11.8625 -11.7625 -11.73125 -12.05625 -12.6875 -12.925 -13.05625 -13.15 -13.11875 -13.01875 -13.3125 -13.53125 -13.875 -14.24375 -14.45625 -14.41875 -14.625 -14.73125 -15.4 -15.94375 -16.275 -16.28125 -17.01875 -17.41875 -17.74375 -17.825 -17.8875 -17.60625 -17.78125 -18 -18 -18.04375 -18.29375 -18.8875 -19.0625 -18.99375 -19.08125 -19.29375 -19.0625 -18.45 -18.5125 -18.85 -19 -9999 -19.58333 -19.675 -19.61875 -19.275 -9999 -9999 -9999 -9999 -9999 -9999 -9999 -9999 -9999 -9999 -9999 -9999 -9999
-10.80625 -11.18125 -11.13125 -11.3875 -10.91875 -10.85625 -11.525 -11.76875 -11.75625 -11.8375 -12.4625 -12.5375 -12.4625 -12.93125 -13.075 -13 -13.28125 -13.61875 -14 -14.25625 -14.6625 -14.575 -14.4 -14.54375 -15.21875 -15.825 -16.00625 -16.06875 -16.73125 -17.0875 -17.35 -17.53125 -17.56875 -17.48125 -17.5375 -17.725 -17.85625 -17.8625 -17.925 -18.38125 -18.675 -18.78125 -19 -19.1375 -18.8125 -18.45 -18.35 -18.51875 -9999 -18.85 -19.11667 -19.33125 -19.4 -19.125 -18.775 -9999 -9999 -9999 -9999 -9999 -9999 -9999 -9999 -9999 -9999 -9999 -9999
-10.2125 -10.5125 -10.85625 -10.86875 -9.7625 -9.56875 -10.3875 -10.88125 -10.9375 -10.84375 -11.56875 -12.125 -12.9375 -13.26875 -13.38125 -13.4875 -13.44375 -13.625 -13.76875 -13.81875 -14.225 -14.4 -14.675 -14.19375 -14.4125 -15.5625 -15.9875 -16.225 -16.4875 -16.7375 -16.95 -17.15 -17.225 -17.25 -17.3 -17.35625 -17.61875 -17.6375 -17.6 -17.70625 -18.06875 -18.3375 -18.6375 -18.8625 -18.7125 -18.50625 -18.2125 -18.1875 -18.30625 -18.4375 -18.65625 -18.95 -19.10625 -18.90625 -18.65 -9999 -9999 -9999 -9999 -9999 -9999 -9999 -9999 -9999 -9999 -9999 -9999
-9.79375 -9.8875 -10.375 -10.76875 -9.96875 -9.7 -10.275 -10.89375 -10.9 -10.8875 -11.46875 -12.43125 -12.94375 -13.3 -13.39375 -13.43125 -13.1625 -13.46875 -13.8 -14.075 -14.21875 -14.0875 -14.93125 -14.28125 -13.6875 -14.63125 -15.575 -15.9 -16.11875 -16.38125 -16.55 -16.75 -16.925 -17.025 -17.06875 -17.1375 -17.1875 -17.25 -17.275 -17.1625 -17.49375 -17.7875 -18.11875 -18.475 -18.6 -18.425 -18.10625 -17.9375 -17.875 -17.84375 -18.175 -18.525 -18.73125 -18.675 -18.5 -9999 -9999 -9999 -9999 -9999 -9999 -9999 -9999 -9999 -9999 -9999 -9999
-9.7625 -9.9 -10.26875 -10.65625 -10.50625 -11.0625 -12.325 -12.93125 -12.81875 -12.3 -11.86875 -12.43125 -12.4875 -12.9 -12.975 -13.09375 -13.375 -13.55 -13.95625 -14.60625 -14.95625 -14.4125 -14.4375 -13.99375 -13.9 -13.8125 -15.1875 -15.63125 -15.725 -15.875 -16.24375 -16.3625 -16.55625 -16.69375 -16.7875 -16.86875 -16.95 -17 -17.05 -17.10625 -17.15 -17.525 -17.925 -18.275 -18.5 -18.175 -17.8625 -17.6625 -17.5125 -17.5 -17.76875 -18.09375 -18.35 -18.375 -18.29375 -9999 -9999 -9999 -9999 -9999 -9999 -9999 -9999 -9999 -9999 -9999 -9999
-8.493751 -8.31875 -8.7125 -9.825001 -10.6875 -11.3 -12.3625 -12.975 -13.2 -11.93125 -11.98125 -12.15625 -12.19375 -12.675 -13.11875 -13.075 -13.33125 -13.65 -13.775 -14.125 -14.23333 -14.0125 -14.00625 -14.25 -14.1875 -14.5125 -15.5375 -15.3375 -15.54375 -15.7125 -15.775 -16.05625 -16.1375 -16.3 -16.425 -16.5375 -16.6625 -16.75 -16.78125 -16.9 -17.1 -17.29375 -17.68125 -18.01875 -18.04375 -17.71875 -17.5375 -17.5625 -17.3375 -17.225 -17.4 -17.75 -18.05 -18.14375 -18.175 -9999 -9999 -9999 -9999 -9999 -9999 -9999 -9999 -9999 -9999 -9999 -9999
-8.8125 -8.275 -8.1875 -9.68125 -10.525 -10.99375 -11.30625 -11.675 -11.90625 -11.60625 -11.65 -11.675 -11.725 -12.525 -12.98125 -13.08125 -13.4375 -13.75 -13.425 -13.25625 -13.375 -13.41875 -12.75625 -13.49375 -13.95 -14.26875 -14.54375 -14.5875 -15.125 -15.4125 -15.475 -15.28125 -15.34375 -15.8 -16.15625 -16.30625 -16.3625 -16.44375 -16.5375 -16.63125 -16.8875 -17.1625 -17.40625 -17.5875 -17.71667 -17.6 -17.4375 -17.45 -17.425 -17.175 -17.2 -17.43125 -17.65625 -17.86875 -18.01875 -9999 -9999 -9999 -9999 -9999 -9999 -9999 -9999 -9999 -9999 -9999 -9999
-9.543751 -9.143749 -9.06875 -9.7375 -10.425 -10.55 -10.64375 -10.71875 -10.8375 -11.0375 -11.475 -11.675 -11.725 -12.51875 -13.175 -12.75 -13.075 -13.21875 -13.36875 -13.525 -13.425 -13.31875 -12.9375 -13.575 -13.625 -13.91875 -14 -14.16875 -14.65 -14.8375 -14.8375 -14.85 -15.075 -15.5125 -16.11875 -16.24375 -16.175 -16.25 -16.25625 -16.38125 -16.65625 -16.86667 -17.11667 -17.30625 -17.4 -17.35625 -17.3125 -17.3 -17.25625 -17.0875 -16.9875 -17.1125 -17.35 -17.58125 -17.8 -9999 -9999 -9999 -9999 -9999 -9999 -9999 -9999 -9999 -9999 -9999 -9999
-9.19375 -9.23125 -9.6375 -9.80625 -10.1625 -10.275 -10.1875 -10.2125 -10.28125 -10.54375 -10.825 -11.29375 -11.6625 -12.0625 -12.29375 -12.39375 -12.61875 -12.83125 -13.25625 -13.5 -13.30625 -13.2 -13.375 -13.275 -13.075 -13.2 -13.38125 -14.1875 -14.65 -14.59375 -14.08125 -14.3375 -14.86875 -15.16875 -15.38125 -15.59375 -15.825 -16.0625 -15.975 -16.0875 -16.45 -16.78125 -16.925 -17.04375 -17.1375 -17.15 -17.1625 -17.175 -17.1 -17.0625 -16.83125 -16.84375 -17.025 -17.31875 -17.60625 -9999 -9999 -9999 -9999 -9999 -9999 -9999 -9999 -9999 -9999 -9999 -9999
-8.63125 -9.1125 -9.55625 -10.05625 -10.03125 -10.075 -9.65625 -9.268749 -9.36875 -9.9 -10.34375 -10.9 -11.2 -11.35625 -11.69375 -12.1 -12.14375 -12.5625 -13.175 -13.4125 -13.1625 -12.89375 -12.825 -12.675 -12.85 -13.21875 -13.49375 -14.0375 -14.35 -14.4125 -14.35 -14.60625 -14.8 -14.91875 -14.95625 -15.05625 -15.41875 -15.7375 -15.86875 -16.0625 -16.3625 -16.53125 -16.56875 -16.66875 -16.80625 -16.95625 -17.075 -17.15625 -17.2875 -17.2625 -16.84375 -16.7375 -16.95625 -17.25625 -17.4 -9999 -9999 -9999 -9999 -9999 -9999 -9999 -9999 -9999 -9999 -9999 -9999
-8.30625 -8.25 -8.8 -9.41875 -9.59375 -9.6875 -8.475 -7.96875 -7.96875 -8.35625 -9.2875 -10.10625 -10.575 -10.98125 -11.39375 -11.61875 -11.5875 -11.99375 -12.51875 -12.83125 -12.79375 -12.7 -12.8125 -12.79375 -12.86875 -13.175 -13.325 -13.61875 -13.99375 -13.99375 -14.4875 -14.69375 -14.75625 -14.80625 -14.75625 -14.76875 -15.0875 -15.375 -15.76875 -16.15 -16.35625 -16.5375 -16.45625 -16.4125 -16.59375 -16.725 -16.94375 -17.15 -17.36875 -17.48125 -16.925 -16.6375 -16.8125 -17.05 -17.15625 -9999 -9999 -9999 -9999 -9999 -9999 -9999 -9999 -9999 -9999 -9999 -9999
-7.79375 -7.8 -8.0375 -8.68125 -9.09375 -9.025 -7.90625 -7.9625 -7.71875 -8.175 -8.84375 -9.2375 -9.78125 -10.39375 -10.83125 -11.10625 -11.19375 -11.79375 -12.00625 -12.3125 -12.6125 -12.5875 -12.625 -12.74375 -12.85625 -13.10625 -13.14167 -13.4 -13.5875 -13.36875 -14.23125 -14.625 -14.6375 -14.6125 -14.55 -14.55625 -14.73125 -14.9625 -15.2625 -15.5875 -15.73125 -15.825 -15.825 -16.0375 -16.2375 -16.3625 -16.6 -16.7375 -16.74375 -16.8875 -16.575 -16.35 -16.575 -16.825 -16.8625 -9999 -9999 -9999 -9999 -9999 -9999 -9999 -9999 -9999 -9999 -9999 -9999
-6.6375 -7.4875 -7.78125 -7.73125 -7.775 -8.7375 -8.1875 -7.7875 -7.76875 -8.168751 -7.54375 -8 -9.11875 -9.99375 -10.48125 -10.29375 -11 -11.5375 -11.6125 -11.75625 -12.14375 -12.0625 -12.30625 -12.475 -12.675 -12.7625 -12.68125 -12.7125 -12.85 -12.75625 -13.25625 -13.60625 -13.89375 -14.3625 -14.4125 -14.3625 -14.4625 -14.525 -14.71875 -14.99375 -15.11875 -15.2875 -15.44375 -15.6 -15.64375 -15.83125 -16 -16.175 -16.3625 -16.36875 -16.3 -16.4 -16.54375 -16.6 -16.7 -9999 -9999 -9999 -9999 -9999 -9999 -9999 -9999 -9999 -9999 -9999 -9999
-6.31875 -6.79375 -6.53125 -6.8375 -7.3 -7.81875 -7.81875 -7.9625 -7.93125 -8.125 -7.7875 -8.00625 -8.80625 -9.76875 -9.49375 -9.43125 -10.2 -10.875 -11.175 -11.0875 -11.63125 -11.73125 -11.80625 -12.13125 -12.10625 -12.25625 -12.2375 -12.29375 -12.28125 -12.39375 -12.6 -12.83125 -13.25625 -13.525 -13.9875 -14.16875 -14.18125 -14.05 -14.2875 -14.4375 -14.7125 -14.94375 -15.0375 -15.04375 -15.1375 -15.54375 -15.65 -15.69167 -15.9375 -16.15 -16.14375 -16.075 -16.16875 -16.18125 -16.275 -9999 -9999 -9999 -9999 -9999 -9999 -9999 -9999 -9999 -9999 -9999 -9999
-6.04375 -6.0125 -5.9 -6.5 -6.4375 -6.90625 -7.175 -7.5 -7.61875 -8.1625 -8.44375 -8.68125 -9.068749 -9.4 -9.125 -9.325 -10.275 -10.74167 -10.66875 -10.86875 -10.89375 -11.075 -11.1375 -11.675 -11.45625 -11.40625 -11.35625 -11.8625 -11.80625 -12 -12.30625 -12.5 -12.83125 -13.5 -13.71875 -13.8875 -14.0625 -14.1 -14.05625 -13.9375 -14.20625 -14.63125 -14.575 -14.49375 -14.9125 -15.1625 -15.1875 -15.33125 -15.54375 -15.775 -15.88125 -15.875 -15.96875 -15.975 -15.91875 -9999 -9999 -9999 -9999 -9999 -9999 -9999 -9999 -9999 -9999 -9999 -9999
