Env_Vars_Sept202022/Set_1/mcmt_sept20.asc.asc
ncols         145
nrows         190
xllcorner     -2197417.7431653
yllcorner     -584827.01486885
cellsize      20000
NODATA_value  -9999
[rows 29 to 57 of 190, columns 67 to 133 of 145]
-28.0375 -28.19375 -28.15 -28.24375 -28.25 -28.33125 -28.38125 -28.6375 -28.85 -28.75625 -28.34375 -28.3625 -28.8 -29 -9999 -9999 -9999 -9999 -9999 -9999 -31.5 -9999 -9999 -9999 -9999 -32.175 -32.4 -32.45625 -32.8125 -33.13125 -33.29167 -33.2125 -9999 -9999 -9999 -9999 -9999 -9999 -33.3 -33.3 -9999 -9999 -9999 -9999 -9999 -9999 -9999 -9999 -9999 -9999 -9999 -9999 -9999 -9999 -9999 -9999 -9999 -9999 -9999 -9999 -9999 -9999 -9999 -9999 -9999 -9999 -9999
-28.00625 -28.25 -28.425 -28.5625 -28.81875 -28.71875 -28.40625 -28.3 -28.2875 -28.35 -28.125 -9999 -9999 -9999 -9999 -9999 -9999 -9999 -9999 -9999 -9999 -9999 -9999 -9999 -31.9 -31.98125 -32.20625 -32.39375 -32.56458 -32.6 -9999 -33.1 -33.325 -33.35 -9999 -9999 -9999 -9999 -9999 -9999 -9999 -33.7 -9999 -9999 -9999 -9999 -9999 -35.1 -35.1 -9999 -9999 -9999 -9999 -9999 -9999 -9999 -9999 -9999 -9999 -9999 -9999 -9999 -9999 -9999 -9999 -9999 -9999
-28.06875 -28.3125 -28.4875 -28.65 -28.7 -28.8875 -28.9125 -28.4125 -28.1625 -27.975 -27.93333 -28.2 -9999 -9999 -9999 -9999 -9999 -9999 -9999 -9999 -9999 -9999 -9999 -9999 -31.85 -32.1 -32.15 -32.4 -9999 -32.8875 -33.075 -33.025 -33 -9999 -9999 -9999 -9999 -9999 -9999 -9999 -9999 -9999 -9999 -9999 -9999 -34.76667 -34.9 -35.11667 -35.2125 -9999 -9999 -9999 -9999 -9999 -9999 -9999 -9999 -9999 -9999 -9999 -9999 -9999 -9999 -9999 -9999 -9999 -9999
-27.95625 -28.06875 -28.24375 -28.34375 -28.4625 -28.80625 -28.7125 -28.75 -28.5375 -28.2875 -28.45 -28.78125 -29.10625 -9999 -9999 -9999 -9999 -9999 -9999 -9999 -31.5125 -31.65 -9999 -31.825 -9999 -9999 -32.3125 -32.6375 -32.6 -32.74375 -32.95625 -33.00625 -33.04375 -9999 -9999 -9999 -9999 -9999 -9999 -9999 -9999 -9999 -9999 -9999 -9999 -9999 -34.93333 -35.15 -35.26875 -35.3 -9999 -35.4 -9999 -9999 -35.575 -35.725 -35.8 -9999 -9999 -9999 -9999 -9999 -9999 -9999 -9999 -9999 -9999
-27.70625 -27.875 -28.00625 -28.125 -28.48125 -28.83125 -28.7625 -29.0875 -28.63125 -28.90625 -29.14375 -29.34375 -29.75 -30.1375 -30.54375 -30.63125 -30.83333 -31.04375 -31.325 -31.5375 -31.70625 -31.9 -9999 -9999 -9999 -9999 -32.44167 -32.75625 -32.6875 -32.8125 -32.95 -32.99375 -33.0625 -33.0375 -33.00625 -33.05 -9999 -9999 -9999 -9999 -9999 -9999 -9999 -9999 -9999 -34.7 -34.9375 -35.10833 -35.26875 -35.36875 -35.4 -9999 -35.5 -35.525 -35.6625 -35.8375 -35.84375 -35.81875 -35.5625 -35.2 -9999 -9999 -9999 -9999 -9999 -9999 -9999
-27.725 -27.95 -28.175 -28.50625 -28.98125 -29.0125 -29.0125 -28.68125 -28.75625 -29.1 -29.3875 -29.71875 -30.1375 -30.44375 -30.775 -31.05 -31.05625 -31.55 -31.74375 -31.80625 -32.00625 -32.13125 -31.9375 -32 -9999 -32.275 -32.48125 -32.61875 -32.7625 -32.85 -33 -32.99375 -33.025 -33.0875 -33.1125 -33.13125 -33.075 -33.1 -9999 -9999 -9999 -33.7 -33.925 -34.15 -9999 -9999 -34.86667 -9999 -9999 -35.35 -35.475 -9999 -35.5625 -35.75 -35.925 -35.86875 -36.00625 -36.0375 -35.74375 -35.25 -34.84167 -34.3 -9999 -9999 -9999 -9999 -9999
-28.1 -28.1875 -28.24375 -28.5125 -28.8625 -28.98125 -28.8625 -29.38125 -29.03125 -29.53125 -29.69375 -29.95625 -30.31875 -30.55 -30.85625 -31.125 -31.6 -31.73125 -31.975 -32.0625 -32.275 -32.4125 -32.2625 -31.95833 -32.12917 -32.06667 -32.525 -32.775 -32.85 -32.94375 -33 -33.025 -33.10625 -33.11875 -33.21875 -33.15625 -33.1625 -33.14375 -33.2 -33.325 -33.51875 -33.725 -33.95 -34.1875 -34.38125 -34.6125 -34.875 -35.04167 -35.2 -35.25833 -35.38334 -9999 -35.5 -35.91875 -36.0125 -35.80625 -36.05625 -35.925 -35.7625 -35.4625 -34.89375 -34.4375 -34.04167 -33.675 -9999 -9999 -9999
-28.01875 -28.0625 -27.91667 -28.125 -28.41875 -28.7 -28.78125 -28.9 -29.14375 -29.55625 -29.825 -30.05 -30.41875 -30.575 -30.81875 -31.31875 -31.7875 -31.975 -32.06875 -32.175 -32.3625 -32.41875 -32.4125 -32.18125 -32.1 -32.4 -32.525 -32.825 -32.94375 -33 -33.06875 -33.1 -33.18125 -33.20625 -33.29375 -33.2625 -33.26875 -33.28125 -33.2875 -33.43125 -33.59375 -33.775 -34.00625 -34.275 -34.45625 -34.68125 -34.8625 -35.075 -35.26875 -35.2875 -35.31667 -35.4 -9999 -35.90625 -35.8375 -35.95 -35.85 -35.69375 -35.59375 -35.34375 -34.9625 -34.4875 -34.24375 -33.925 -33.39375 -33.175 -9999
-27.85 -27.9375 -27.7 -28.01875 -28.3625 -28.6625 -28.9375 -29.1 -29.16875 -29.26875 -29.9125 -30.2875 -30.5625 -30.70833 -31.14375 -31.56875 -31.83125 -32.0375 -32.1625 -32.425 -32.55 -32.68125 -32.725 -32.3875 -32.325 -32.35 -32.425 -32.75 -33.01875 -33.03125 -33.11875 -33.1875 -33.2125 -33.25625 -33.3 -33.35625 -33.325 -33.3625 -33.36875 -33.55 -33.7125 -33.85 -34.05625 -34.3125 -34.54375 -34.73125 -34.85625 -35.14375 -35.3125 -35.3 -35.3875 -35.4 -35.46667 -35.49167 -35.88125 -36.09375 -36.025 -35.61875 -35.3375 -35.1375 -34.96875 -34.6 -34.375 -34.1375 -33.5 -33.075 -32.95
-9999 -9999 -27.775 -28.18125 -28.44375 -28.81875 -29.00625 -29.25625 -29.375 -29.23125 -29.9 -30.3375 -30.58333 -31.03125 -31.35 -31.6125 -31.89375 -32.01875 -32.18125 -32.325 -32.525 -32.5875 -32.5625 -32.58125 -32.06667 -32.32917 -32.26667 -32.69375 -33.0375 -33.025 -33.16875 -33.2375 -33.25 -33.275 -33.3125 -33.35 -33.35625 -33.4625 -33.46875 -33.6 -33.76667 -33.95 -34.15625 -34.34375 -34.5875 -34.725 -34.9 -35.15 -35.31875 -35.40625 -35.34375 -35.44375 -35.50625 -35.46875 -36.06875 -36.1625 -36.09375 -35.76875 -35.44375 -34.9 -34.88125 -34.66875 -34.28125 -34.125 -33.68125 -33.15 -32.88125
-9999 -28 -27.9625 -28.24375 -28.59375 -28.925 -29.2625 -29.45625 -29.525 -29.5 -29.8375 -30.3 -30.7 -30.8 -31.40625 -31.75625 -31.94375 -32.15625 -32.4625 -32.59375 -32.73125 -32.5375 -32.64375 -32.7875 -32.63125 -32.1 -32.575 -32.6875 -32.85625 -32.96875 -33.225 -33.2125 -33.18125 -33.2375 -33.31875 -33.425 -33.4 -33.53125 -33.525 -33.7125 -33.85 -34.025 -34.24375 -34.40625 -34.5625 -34.75 -35 -35.1875 -35.33125 -35.475 -35.4625 -35.36667 -35.475 -35.6 -36.29375 -36.36875 -36.15 -35.88125 -35.6125 -35.14375 -34.55625 -34.44375 -34.25 -33.95 -33.8 -33.45625 -33
-27.85 -27.95 -28.11875 -28.3875 -28.725 -29.11667 -29.43125 -29.6 -29.58125 -29.6125 -29.78125 -30.1875 -30.375 -30.975 -31.44375 -31.8875 -32.05 -32.33125 -32.64375 -32.64375 -32.74375 -32.54375 -32.5875 -32.7875 -32.6875 -32.34722 -32.59375 -32.775 -33.05625 -33.05625 -33.25 -33.2125 -33.2 -33.33125 -33.33125 -33.45 -33.5 -33.5375 -33.59375 -33.75625 -33.8625 -34.0625 -34.2875 -34.4375 -34.6125 -34.7875 -35.05 -35.24375 -35.375 -35.49375 -35.51875 -35.53125 -35.53125 -35.68125 -36.2125 -36.23125 -36.1875 -35.8375 -35.7625 -35.45 -34.89375 -34.4875 -34.16875 -33.69375 -33.9375 -33.55625 -33.05625
-27.98125 -28.05 -28.31875 -28.56875 -28.875 -29.15625 -29.45625 -29.7125 -29.75625 -29.73125 -30.0375 -30.375 -30.61875 -31.025 -31.3625 -31.7625 -32.0125 -32.2375 -32.5375 -32.69375 -32.80625 -32.73125 -32.74375 -32.8375 -32.85625 -32.55 -32.74167 -32.95 -33.125 -33.2 -33.26875 -33.20625 -33.25 -33.325 -33.35625 -33.45 -33.43333 -33.51875 -33.68125 -33.8125 -33.875 -34.15 -34.35 -34.50625 -34.6875 -34.8125 -35 -35.2125 -35.3625 -35.45625 -35.4875 -35.56875 -35.55625 -35.675 -36.09375 -36.1875 -36.04167 -35.85 -35.75 -35.54375 -34.94375 -34.64375 -34.25 -33.80625 -33.65 -33.39375 -33.16667
-28.175 -28.125 -28.4375 -28.84375 -29.16875 -29.4375 -29.69375 -29.86875 -29.95625 -29.93125 -30.15625 -30.49375 -30.94375 -31.24375 -31.3625 -31.75 -31.975 -32.44375 -32.80625 -32.8375 -33.0375 -32.84375 -32.68125 -32.75625 -32.99375 -32.775 -32.35833 -32.94375 -33.09375 -33.15 -33.15 -33.2 -33.2375 -33.36875 -33.425 -33.45 -33.4625 -33.5375 -33.675 -33.7625 -33.83125 -34.1125 -34.4 -34.525 -34.63125 -34.75 -35.00625 -35.18125 -35.275 -35.40625 -35.45625 -35.625 -35.63125 -35.7625 -35.99375 -36.1 -35.96875 -35.7875 -35.76875 -35.375 -34.88125 -34.44375 -34.18125 -33.85625 -33.34375 -33.09375 -32.7
-28.175 -28.38125 -28.625 -29.04375 -29.3 -29.55 -29.8 -30.0375 -30.18125 -30.1375 -30.3 -30.575 -31.04375 -31.25 -31.46667 -31.98333 -31.95833 -32.53333 -32.79375 -33.03125 -33.14375 -32.88125 -32.725 -32.55 -32.91875 -32.9625 -32.84375 -32.7625 -32.94375 -33.05 -33.10625 -33.21875 -33.3 -33.43125 -33.4 -33.4 -33.3875 -33.51875 -33.625 -33.75625 -33.9 -34.09375 -34.25625 -34.45625 -34.55 -34.7375 -35 -35.05625 -35.325 -35.35 -35.475 -35.525 -35.68125 -35.875 -36.01875 -36.00625 -35.9 -35.78125 -35.6375 -35.33125 -35.0375 -34.325 -33.68125 -33.21875 -33.2 -32.35 -9999
-28.26875 -28.54375 -28.7875 -29.10625 -29.35 -29.6 -29.7875 -30.13125 -30.18125 -30.3375 -30.38125 -30.6875 -30.96875 -31.10833 -31.49375 -31.88125 -32.18125 -32.275 -32.85833 -32.95 -33.06875 -32.91875 -32.775 -32.88125 -32.8625 -32.75 -32.83125 -32.85 -32.96875 -33.01875 -33.04375 -33.21875 -33.25625 -33.33125 -33.3 -33.4125 -33.4625 -33.5125 -33.59167 -33.71875 -33.88125 -34.0375 -34.275 -34.43125 -34.55 -34.69375 -34.88334 -34.9875 -35.15625 -35.2625 -35.5 -35.6375 -35.6625 -35.80625 -35.9875 -35.9375 -35.76875 -35.6625 -35.4625 -35.13334 -34.93125 -34.6625 -34.35 -33.7625 -33.3625 -33.15 -32.9625
-28.375 -28.7125 -28.9625 -29.175 -29.5 -29.68125 -29.85 -30.16875 -30.36875 -30.39375 -30.325 -30.56667 -30.85 -31.075 -31.3625 -31.7625 -32.21875 -32.475 -32.73333 -32.8875 -32.95625 -32.81875 -32.725 -32.825 -32.775 -32.66875 -32.68125 -32.75 -32.90625 -33.00625 -33.05625 -33.175 -33.2 -33.325 -33.3 -33.35 -33.3875 -33.425 -33.55625 -33.6625 -33.875 -33.96667 -34.15625 -34.375 -34.5125 -34.66875 -34.76875 -35.01875 -35.14375 -35.18125 -35.30625 -35.5 -35.59375 -35.65625 -35.85625 -35.8625 -35.7 -35.46875 -35.33125 -35.03125 -34.85625 -34.54375 -34.4 -34.05625 -33.6875 -33.4125 -33.2375
-28.48333 -28.78125 -29.10625 -29.3375 -29.55625 -29.76875 -29.9625 -30.225 -30.5125 -30.5125 -30.40625 -30.74375 -30.9 -31 -31.33125 -31.76875 -32.125 -32.4625 -32.6 -32.76667 -32.7875 -32.7375 -32.7 -32.775 -32.65 -32.60625 -32.6625 -32.75 -32.8625 -32.94375 -33.01875 -33.13125 -33.2 -33.25 -33.2625 -33.25 -33.3625 -33.40625 -33.6 -33.8375 -33.85 -34.05625 -34.1625 -34.3125 -34.45 -34.65 -34.76667 -34.95 -35.16875 -35.2375 -35.41875 -35.5125 -35.4625 -35.575 -35.65625 -35.7 -35.5375 -35.28125 -35.08125 -35.0375 -34.75 -34.43125 -34.2 -33.90625 -33.59375 -33.2125 -33.14375
-28.55625 -28.91875 -29.2 -29.525 -29.70625 -29.8 -29.99375 -30.15 -30.4375 -30.4875 -30.55625 -30.8 -30.95833 -31.03125 -31.375 -31.70625 -32.05625 -32.36875 -32.625 -32.6 -32.6375 -32.7125 -32.7625 -32.6 -32.475 -32.50625 -32.65625 -32.7375 -32.825 -32.925 -32.9875 -33.0875 -33.13125 -33.225 -33.1375 -33.20625 -33.325 -33.45625 -33.525 -33.725 -33.8125 -34 -34.15 -34.3 -34.5 -34.5875 -34.76875 -34.98125 -35.15 -35.20625 -35.28125 -35.48125 -35.475 -35.46667 -35.4875 -35.46875 -35.33125 -35.1125 -34.91875 -34.83125 -34.69375 -34.425 -34.075 -33.7875 -33.45625 -33.0875 -32.925
-28.74375 -29.01875 -29.4 -29.68125 -29.85 -29.9625 -30.00625 -30.175 -30.34375 -30.39375 -30.6375 -30.7375 -30.90625 -31 -31.28125 -31.58125 -31.875 -32.28125 -32.5125 -32.46667 -32.45 -32.48333 -32.525 -32.4875 -32.4 -32.49375 -32.58125 -32.65625 -32.7375 -32.80625 -32.90625 -32.9 -32.98125 -33.075 -33.01875 -33.1875 -33.3375 -33.38125 -33.5 -33.7 -33.75 -34 -34.075 -34.275 -34.46875 -34.59375 -34.7125 -34.89375 -35.05 -35.15 -35.3125 -35.33125 -35.40625 -35.3625 -35.3 -35.15625 -35.05625 -34.8625 -34.80625 -34.54375 -34.28125 -34.275 -33.9 -33.76875 -33.325 -33.01875 -32.84375
-28.84375 -29.1875 -29.5875 -29.78125 -29.9875 -30.025 -29.925 -30.09375 -30.21875 -30.3375 -30.475 -30.60625 -30.8625 -30.98125 -31.225 -31.55625 -31.8375 -32.08333 -32.24375 -32.2875 -32.3125 -32.3375 -32.41875 -32.4625 -32.375 -32.425 -32.525 -32.5375 -32.7 -32.75 -32.71875 -32.775 -32.875 -33.00625 -33.0375 -33.11666 -33.225 -33.375 -33.525 -33.7 -33.74375 -33.90625 -34.1875 -34.25625 -34.325 -34.51875 -34.70625 -34.90625 -34.90625 -35.06875 -35.25 -35.3375 -35.3625 -35.35625 -35.15833 -35.0375 -34.89375 -34.75625 -34.5375 -34.31875 -34.09375 -33.9625 -33.7875 -33.54375 -33.11875 -32.90625 -32.53125
-29.03333 -29.34375 -29.6625 -29.90625 -30.00625 -29.975 -29.9125 -30.03125 -30.15 -30.29375 -30.3875 -30.55 -30.79375 -30.98125 -31.2 -31.41875 -31.65 -31.85 -32.06667 -32.19167 -32.2125 -32.24375 -32.30625 -32.24375 -32.325 -32.375 -32.44375 -32.5 -32.6 -32.675 -32.74375 -32.79375 -32.86875 -33.01875 -33.04375 -33.06875 -33.325 -33.425 -33.44375 -33.625 -33.675 -33.8875 -34.075 -34.15 -34.275 -34.4 -34.55625 -34.75 -34.875 -34.9625 -35.1375 -35.21875 -35.30625 -35.26667 -35.13125 -34.8875 -34.725 -34.55 -34.29375 -34.175 -33.96875 -33.83125 -33.55625 -33.375 -33.00625 -32.66875 -32.3125
-29.0125 -29.425 -29.7625 -30.00625 -30.0625 -29.95625 -29.925 -30.01875 -30.05625 -30.13333 -30.25 -30.45625 -30.73125 -30.925 -31.05 -31.3125 -31.5125 -31.66667 -31.925 -31.91667 -31.99375 -32.0875 -32.04375 -32.2 -32.3 -32.3625 -32.475 -32.5 -32.525 -32.6 -32.6875 -32.76875 -32.86875 -33.05 -33.1375 -33.05625 -33.15625 -33.225 -33.225 -33.46875 -33.64167 -33.75625 -33.75625 -33.98125 -34.10625 -34.3125 -34.41875 -34.6625 -34.6 -34.8125 -34.96875 -35.1 -35.15 -35.20625 -35 -34.7875 -34.575 -34.34375 -34.15 -34.09375 -33.85625 -33.5625 -33.39375 -33.2 -32.875 -32.5625 -32.2375
-29.14167 -29.41875 -29.85625 -30.11875 -30.05 -29.98125 -29.85 -29.9375 -29.9625 -30.08125 -30.25625 -30.3875 -30.65625 -30.68125 -30.89375 -31.13333 -31.45833 -31.5625 -31.675 -31.8 -31.84375 -31.925 -31.9625 -32.15625 -32.29375 -32.28125 -32.35625 -32.38125 -32.46875 -32.6 -32.7 -32.74375 -32.75625 -32.8625 -32.9125 -32.9 -32.98125 -33.14375 -33.125 -33.33125 -33.44375 -33.5 -33.6125 -33.80833 -33.85 -34.10625 -34.2375 -34.58125 -34.8 -34.85 -34.9375 -35.05 -35.05 -35.05 -34.83125 -34.70625 -34.3625 -34.1125 -33.9875 -33.875 -33.7375 -33.45625 -33.1875 -33.1 -32.825 -32.4375 -32.05
-29.0625 -29.5125 -29.93125 -30.14375 -30.00625 -29.85625 -29.75 -29.775 -29.80625 -29.84375 -30.025 -30.28125 -30.49375 -30.68125 -30.825 -31.0625 -31.20625 -31.325 -31.5 -31.5375 -31.6 -31.73333 -31.9 -32.0625 -32.1 -32.13125 -32.19375 -32.30625 -32.48125 -32.55625 -32.6875 -32.71875 -32.7875 -32.65 -32.65625 -32.7625 -32.81875 -32.975 -33.075 -33.2875 -33.49375 -33.63125 -33.7 -33.9375 -34 -34.08333 -34.23333 -34.45625 -34.6 -34.75 -34.7 -34.79375 -34.9 -34.75625 -34.5875 -34.425 -34.2125 -33.98125 -33.80625 -33.66875 -33.4875 -33.35 -33.11875 -32.95 -32.775 -32.39375 -32.0375
-29.1375 -29.4 -29.8875 -29.95 -29.75 -29.7125 -29.6 -29.68125 -29.64375 -29.75 -29.9625 -30.15 -30.375 -30.5125 -30.7 -30.85833 -31.13333 -31.23125 -31.4375 -31.425 -31.45 -31.58333 -31.65 -31.8125 -31.96667 -32.025 -32.15 -32.2 -32.36875 -32.4875 -32.6625 -32.6 -32.5625 -32.425 -32.55625 -32.61875 -32.69375 -32.85 -33.15625 -33.4375 -33.35625 -33.575 -33.64375 -33.75 -33.83334 -34.05625 -34.25625 -34.38125 -34.50625 -34.60833 -34.6625 -34.7125 -34.65 -34.525 -9999 -34.2625 -34.05 -33.925 -33.73333 -33.49167 -33.34375 -33.16875 -33.0125 -32.85 -32.6625 -32.38125 -32.03125
-29.05 -29.25625 -29.63125 -29.55625 -29.5 -29.50625 -29.45 -29.5 -29.54375 -29.5625 -29.85 -30.025 -30.25625 -30.39375 -30.60625 -30.775 -30.94375 -31.075 -31.2 -31.23125 -31.35 -31.54375 -31.60625 -31.725 -31.85 -31.95625 -32.05 -32.18125 -32.28125 -32.4375 -32.46875 -32.525 -32.45625 -32.475 -32.625 -32.6 -32.6625 -32.89375 -33.26875 -33.5125 -33.35 -33.55 -33.575 -33.63333 -33.75 -33.95 -34.08333 -34.19167 -34.3875 -34.55625 -34.65625 -34.56875 -34.6625 -34.4875 -34.29375 -34.16875 -33.875 -33.74375 -33.475 -33.225 -33.16042 -33.0375 -32.8 -32.60625 -32.425 -32.28125 -31.975
-28.91875 -29.05 -29.2625 -29.2625 -29.24375 -29.31875 -29.25625 -29.25625 -29.30625 -29.4 -29.63125 -29.85 -30 -30.2375 -30.48125 -30.63125 -30.825 -30.98125 -31.18125 -31.225 -31.225 -31.43125 -31.53125 -31.63125 -31.70625 -31.8375 -31.99167 -32.1125 -32.175 -32.25625 -32.30625 -32.2125 -32.29375 -32.60625 -32.775 -32.7375 -32.75625 -32.8625 -33.33125 -33.35 -33.3 -33.35 -33.475 -33.55 -33.7375 -33.85 -34 -34.1 -34.2 -34.4 -34.46875 -34.4375 -34.55 -34.3125 -34.3 -34.10625 -33.85 -33.71875 -33.46875 -33.275 -33.15625 -32.85 -32.7 -32.45 -9999 -32.1875 -31.95
-28.81875 -28.75 -28.91667 -28.9375 -28.98125 -29.125 -29.0375 -29.05625 -29.11875 -29.18125 -29.36875 -29.65 -29.93125 -30.125 -30.425 -30.34375 -30.575 -30.73125 -31.025 -31.08125 -31.1 -31.1875 -31.35625 -31.5 -31.63125 -31.7125 -31.8625 -31.94375 -32.075 -32.075 -32.0625 -31.975 -32.2375 -32.54375 -32.68125 -32.86667 -32.9875 -32.875 -33.1875 -33.225 -33.26875 -33.3875 -33.525 -33.575 -33.6875 -33.73333 -34.0125 -34.05 -34.1 -34.1625 -34.175 -34.325 -34.38334 -34.33125 -34.275 -34.18125 -33.98125 -33.73125 -33.4 -33.19375 -33.00834 -32.78125 -32.6 -32.5 -32.4 -32.15 -9999
