Env_Vars_Sept202022/Set_1/mcmt_sept20.asc.asc
ncols         145
nrows         190
xllcorner     -2197417.7431653
yllcorner     -584827.01486885
cellsize      20000
NODATA_value  -9999
[rows 58 to 86 of 190, columns 0 to 66 of 145]
-9999 -9999 -9999 -9999 -9999 -5.35 -9.362499 -7.8 -5.041667 -6.75625 -8.633333 -11.13125 -7.15 -11.575 -14.80625 -14.86875 -15.075 -15.175 -15.83125 -16.91875 -18.2375 -18.58125 -19.41875 -19.28125 -19.38125 -19.1125 -18.63125 -18.40625 -17.9125 -21.99375 -23.4125 -22.1 -20.9875 -21.7875 -19.3375 -19.6625 -21.08125 -19.95 -19.4375 -19.35625 -21.00625 -20.975 -21.4375 -21.60625 -21.11875 -21.44375 -23.0875 -24.575 -25.9 -25.9625 -26.1625 -26.6625 -26.3875 -26.5 -26.7625 -27.14375 -27.66875 -28.1875 -28.24375 -28.30833 -28.4625 -27.88125 -27.68125 -27.9 -28.1375 -28.375 -28.575
-9999 -9999 -9999 -9999 -9999 -3.15 -9.40625 -7.925 -4.8875 -5.891666 -5.9 -9.69375 -9.375 -11.24375 -14.24375 -14.10625 -15.0375 -15.05 -16.01875 -16.50625 -16.94375 -17.24375 -18.19375 -18.825 -17.08125 -17.8625 -18.16875 -17.00625 -19.3375 -22.63125 -22.96875 -20.825 -19.8375 -21.03125 -19.925 -20.55 -18.99375 -19.44375 -19.23125 -19.0125 -20.93125 -20.0625 -20.225 -20.41875 -21.70625 -21.2875 -23.09375 -25.26875 -25.91875 -25.775 -26.0875 -26.475 -26.36875 -26.375 -26.53333 -26.8 -27.35 -28.0875 -28.2125 -28.21875 -28.36667 -28.3125 -27.95 -27.70625 -27.925 -28.1375 -28.3125
-9999 -9999 -9999 -9999 -9999 -9999 -3.633333 -5.13125 -4.275 -9999 -6.9625 -7.3125 -7.4375 -9 -14.1375 -13.65 -14.88125 -15.75 -16.35625 -16.4875 -16.2125 -17.61875 -18.50625 -15.8625 -17.73125 -17.46875 -16.54375 -17.35 -18.35 -22 -23.28125 -20.7875 -17.78125 -19.275 -18.54375 -19.59375 -19.00625 -18.83125 -18.4 -19.5375 -19.1 -20.49375 -20.43125 -20.95625 -20.675 -22.31875 -24 -25.25625 -25.24375 -25.4875 -25.74375 -25.89375 -26.0625 -26.225 -26.38125 -26.525 -26.7625 -26.99375 -27.18125 -27.45 -27.81875 -27.7375 -27.7625 -27.625 -27.7 -27.85 -27.9625
-9999 -9999 -9999 -9999 -9999 -9999 -2.7375 -3.2875 -3.5 -3.5 -7.375 -6.425 -7.6375 -9.01875 -13.79375 -14.225 -13.3875 -14.00625 -16.1875 -16.4 -16.28125 -17.51875 -16.4625 -14.825 -15.75625 -16.6375 -15.9 -15.9 -18.175 -18.9875 -22.54375 -21.2375 -19.21875 -19.9125 -16.6625 -18.7 -18.86875 -17.13125 -18.525 -20.15625 -19.01875 -19.1375 -18.60625 -19.00625 -19.5875 -21.04375 -23.3625 -24.9 -24.75625 -25.05 -25.3625 -25.6125 -25.8125 -26.175 -26.28125 -26.35 -26.51875 -26.7 -26.85 -26.98125 -27.08125 -27.15 -27.25 -27.35 -27.46875 -27.5875 -27.63125
-9999 -9999 -9999 -9999 -9999 -9999 -1.9 -3.9 -9999 -3.4 -8.3375 -4.9 -8.808333 -11.01875 -13.4625 -12.18125 -12.8625 -13.1125 -14.49375 -15.4 -16.90625 -17.35 -15.3375 -16.4375 -16.3125 -16.40625 -15.7 -16.5125 -16.91875 -16.8625 -20.3375 -22.9625 -22.05 -19.59375 -17.59375 -18.16875 -18.08125 -17.15625 -17.84375 -20.6625 -17.4125 -19.00625 -17.8875 -18.93125 -19.425 -20.8625 -22.93125 -23.96875 -24.43125 -24.95 -25.44375 -25.65 -25.85625 -26.1375 -26.2 -26.23125 -26.3875 -26.49375 -26.675 -26.79375 -26.89375 -26.9 -27.025 -27.16875 -27.25 -27.35 -27.40625
-9999 -9999 -9999 -9999 -9999 -9999 -3.65 -5.275 -4.925 -4.275 -6.85 -3.95 -6.991667 -10.7375 -10.875 -10.50625 -11.33125 -12.65625 -13.925 -15.475 -16.3125 -16.73125 -14.68125 -14.70625 -16.0375 -15.4 -15.2375 -16.025 -15.7375 -19.3125 -19.30625 -21.68125 -23.2125 -21.19375 -19.7 -18.35625 -18.96875 -19.35625 -19.86875 -17.675 -19.44375 -17.8625 -18.1625 -17.68125 -19.55 -20.7125 -23.15 -23.88125 -24.6625 -25.3375 -25.5375 -25.875 -26.0625 -26.1125 -26.2 -26.15 -26.15625 -26.275 -26.39375 -26.5375 -26.625 -26.69167 -26.8 -26.94375 -27.01875 -27.06875 -27.10625
-9999 -9999 -9999 -9999 -9999 -9999 -3.775 -4.84375 -4.558333 -4.866667 -9999 -9999 -5.9625 -7.3 -9.433333 -11.075 -13.2625 -13.85 -14.21875 -14.84375 -14.975 -16.025 -14.79375 -15.05 -15.30625 -14.85 -14.7875 -14.5875 -15.65625 -17.6 -16.65625 -17.6 -20.34375 -18.05 -18.48125 -17.80625 -17.8875 -21.15625 -17.81875 -17.06875 -18 -18.95 -17.69375 -17.1 -18.825 -20.7125 -22.99375 -23.925 -24.825 -25.4125 -25.675 -25.83333 -26.05 -26.1125 -26.1 -26.0625 -26.125 -26.14375 -26.175 -26.225 -26.325 -26.475 -26.6375 -26.65625 -26.725 -26.74375 -26.80833
-9999 -9999 -9999 -9999 -9999 -9999 -2.7625 -4.233333 -4.35 -5.191667 -4.7 -7.15 -4.675 -9.25 -9.150001 -12.575 -13.625 -14.20625 -14.54375 -14.74375 -15.4375 -15.7375 -14.70625 -15.23125 -15.24375 -14.95 -14.2625 -15.08125 -15.28125 -16.25 -14.90625 -16.1 -18.575 -17.79375 -20.19375 -18.84375 -18.86875 -19.575 -16.43125 -17.49375 -16.7125 -18.275 -15.95 -16.79375 -19.5625 -21.24375 -23.01875 -23.89375 -24.64375 -25.2375 -25.5875 -25.8 -25.90833 -26.04375 -26.1125 -26.06875 -26.09375 -26.1875 -26.1125 -26.2125 -26.24375 -26.35 -26.33125 -26.38333 -26.4 -26.41667 -26.31875
-9999 -9999 -9999 -9999 -9999 -9999 -2.925 -3.9125 -4.55 -4.7 -4.9 -6.525 -9999 -7.541667 -8.71875 -10.725 -12.99375 -14.0875 -14.45625 -14.65625 -15.15625 -14.54375 -15.15 -14.4 -14.775 -14.225 -14.51875 -15.01875 -15.95625 -15.44375 -14.5625 -16.1875 -18.7875 -17.775 -18.51875 -19.575 -19.08125 -15.6625 -15.475 -14.85625 -16.66875 -16.76875 -18.3125 -18.54375 -19.90625 -21.38125 -22.99375 -23.6875 -24.45 -25.075 -25.50625 -25.65833 -25.9 -26.04375 -26.19375 -26.0875 -26.00625 -26.025 -26.1 -26.2125 -26.2375 -26.18333 -26.1625 -26.10625 -26.11667 -26.05 -26
-9999 -9999 -9999 -9999 -9999 -9999 -2.5 -3.625 -3.7 -4.1875 -4.583333 -5.35 -3.7 -6.7625 -9.4625 -12.64375 -13.4375 -14.3625 -14.2 -14.11875 -13.80625 -13.19375 -14.60625 -14.1 -14.2125 -14.125 -13.74375 -13.9875 -14.1375 -13.9125 -14.6625 -15.30625 -18.83125 -17.675 -16.95625 -17.88125 -18.33125 -16.53125 -16.00625 -15.6 -15.39375 -18.50625 -20.35 -19.95625 -19.8 -21.59375 -23.1 -23.78125 -24.3875 -24.9 -25.2625 -25.6125 -25.725 -25.975 -26.18125 -26.1875 -25.86875 -25.8 -25.86875 -25.95 -26 -25.91875 -25.8125 -25.975 -25.86875 -25.71667 -9999
-9999 -9999 -9999 -9999 -9999 -1.95 -1.4875 -4.35625 -4.675 -9999 -3.6375 -4.625 -3.725 -6.7 -9.2 -13.4375 -14.01875 -14.18125 -13.79375 -13.6375 -13.44375 -13.66875 -13.8875 -13.4625 -15.0125 -14.4875 -13.23125 -13.3125 -13.55625 -14.125 -14.65 -15.39375 -17.525 -15.7375 -16.65625 -16.325 -16.55625 -19.99375 -17.84375 -17.15625 -17.2 -18.55625 -20.64375 -20.01875 -20.08125 -21.6875 -22.95 -23.6375 -24.2375 -24.7875 -25.18125 -25.5625 -25.66875 -25.95625 -25.93125 -25.725 -25.675 -25.6375 -25.575 -25.66875 -25.70625 -25.7 -25.69167 -25.71875 -25.65 -25.525 -25.23333
-9999 -9999 -9999 -9999 -9999 -9999 -9999 -5.025 -5.8125 -4.077778 -3.705555 -3.258333 -9999 -6.575 -9.18125 -14.2875 -13.25 -13.6125 -13.15625 -13.25625 -13.475 -13.56875 -13.60625 -13.76875 -14.53125 -13.08125 -13.4125 -13.55 -13.78125 -14.18125 -15.24375 -15.53125 -17.09375 -15.925 -15.41875 -14.09375 -14.05 -16.19375 -18.48125 -19.50625 -18.94375 -19.33125 -21.85 -20.34375 -20.06875 -20.65625 -22.2375 -22.925 -23.525 -24.1 -24.61875 -25.15625 -25.44375 -25.61875 -25.525 -25.5 -25.75625 -25.675 -25.51875 -25.44375 -25.375 -25.3 -25.45 -25.45 -25.475 -25.44375 -25.1125
-9999 -9999 -9999 -9999 -9999 -9999 -2.333333 -4.91875 -4.575 -3.8375 -3.925 -9999 -9999 -6.85 -10.39167 -12.95 -12.0625 -12.48125 -12.63125 -13.26875 -13.23125 -13.14375 -13.0875 -13.225 -12.875 -12.85 -13.51875 -13.55625 -13.5 -13.625 -14.1875 -14.9375 -16.75625 -15.24375 -13.9375 -13.1125 -13.86875 -14.61875 -15.625 -17.45 -19.525 -20.075 -21.1 -20.66875 -20.85625 -20.9 -21.18125 -21.53125 -22.2375 -23.05 -23.51875 -23.825 -24.225 -24.7125 -25.24375 -25.40625 -25.5875 -25.68125 -25.66875 -25.64375 -25.7 -25.975 -25.7125 -25.23125 -25.20625 -25.10625 -24.88125
-9999 -9999 -9999 -9999 -9999 -9999 -2.95 -3.45 -9999 -1.733333 -2.7 -2 -3.45 -7.74375 -11.1125 -12.96875 -12.0875 -11.675 -11.74375 -11.95625 -12.8375 -12.84375 -12.98125 -12.95 -12.84375 -12.775 -13.20625 -13.13125 -13.3875 -13.375 -13.7125 -14.375 -16.025 -14.90625 -13.35625 -13.13125 -14.81875 -15.30625 -16.81875 -17.35625 -19.03125 -19.49375 -19.34375 -21.24375 -21.60625 -21.31875 -21.15625 -20.3 -20.64375 -21.7875 -22.34167 -22.86875 -23.4375 -24.425 -25.075 -25.2125 -25.275 -25.33125 -25.45 -25.44375 -25.6875 -25.81875 -25.23125 -24.86875 -24.94375 -24.98125 -24.89167
-9999 -9999 -9999 -9999 -9999 -9999 -2.875 -3.1125 -2.95 -2.491667 -1.675 -2.425 -5.525 -6.5125 -10.425 -12.14375 -10.41875 -10.525 -11.90625 -12.2125 -12.075 -12.6 -12.54375 -12.64375 -12.43125 -12.975 -13.3875 -13.25 -13.06875 -12.76875 -13.05 -14.64375 -15.1125 -16.25 -14.25625 -14.0375 -14.9125 -14.3375 -16.825 -14.86875 -18.4 -18.7875 -18.44375 -20.26875 -21.5875 -21.85 -21.175 -20.2375 -19.53125 -19.93125 -20.93125 -22.2 -23.4375 -24.5375 -24.83125 -24.9125 -24.98125 -24.98333 -25.23125 -25.15625 -25.225 -24.86875 -24.49375 -24.56875 -24.65625 -24.65 -24.63333
-9999 -9999 -9999 -9999 -9999 -9999 -1.68125 -9999 -1.45 -1.73125 -2.116667 -2.44375 -4.233334 -5.6375 -10.79375 -12.00625 -9.23125 -11.1375 -12.06875 -12.2 -12.19375 -12.96875 -12.4375 -12.2375 -12.11875 -12.2625 -12.575 -13.7375 -13.70625 -13.425 -13.34375 -14.13125 -13.95625 -14.76875 -15.19375 -13.78125 -14.9 -14.30625 -14.33125 -14.69375 -17.68125 -17.575 -20.75625 -21.09375 -20.2375 -21.65 -21.56875 -20.525 -19.3625 -19.11875 -20.5875 -21.84375 -23.475 -24.425 -24.9 -24.6625 -24.85 -24.85833 -24.775 -24.9 -24.4375 -24.10625 -24.125 -24.275 -24.39375 -24.4625 -24.4625
-9999 -9999 -9999 -9999 -9999 -9999 -1.825 -9999 -1.491667 -9999 -1.9875 -1.9875 -3.491667 -6.525 -9.04375 -10.2125 -8.5625 -11.15625 -11.65 -11.85625 -11.8875 -12.4375 -12.0375 -12.29375 -12.19375 -12.2375 -12.54375 -12.81875 -12.7 -12.7 -12.9875 -13.75 -13.4625 -13.95 -13.8125 -14.6 -14.34375 -14.5625 -14.625 -13.95625 -15.26875 -18.1 -19.09375 -20.7125 -21.4875 -21.55625 -21.30625 -20.2125 -19.2125 -19.38125 -20.56875 -22.08125 -23.5 -24.18125 -24.425 -24.4 -24.5375 -24.5375 -24.275 -23.99375 -23.75 -23.69375 -23.8375 -24.05 -24.20625 -24.375 -24.49375
-9999 -9999 -9999 -9999 -9999 -9999 -9999 -2.1 -1.0375 -9999 -9999 -1.266667 -3.6625 -3.727778 -6.11875 -8.225 -10.41875 -11.13125 -11.4375 -11.2125 -11.4875 -11.8625 -11.83125 -12.05 -12.28125 -12.33125 -12.7 -12.975 -13.10625 -13.475 -13.5 -13.14375 -13.34375 -14.19375 -13.0625 -14.50625 -14.2875 -14.64375 -14.5875 -14.78125 -15.59375 -17.4375 -17.7875 -19.5 -20.89375 -21.13125 -20.8125 -20.14375 -19.71875 -20.16875 -21.25 -22.55 -23.45 -23.70625 -23.775 -23.7875 -23.81875 -23.75625 -23.6 -23.45625 -23.3125 -23.4 -23.6375 -23.9 -24.30625 -24.83125 -25.3
-9999 -9999 -9999 -9999 -9999 -9999 -9999 -9999 -9999 -2.025 -1.541667 -1.991667 -3.65 -3.058333 -8.23125 -8.700001 -9.325 -9.38125 -10.58125 -10.29375 -10.79375 -11.375 -11.75 -11.9 -12.25625 -12.31875 -12.38125 -12.4625 -12.6875 -12.71875 -13.05 -13.7375 -13.51875 -14.45625 -14.29375 -13.71875 -14.33125 -14.125 -14.925 -14.5 -15.11875 -15.975 -16.5875 -19.64375 -19.6125 -20.35625 -20.5625 -20.2875 -20.48125 -21.15625 -21.9 -22.575 -23.1625 -23.3 -23.3 -23.2875 -23.28125 -23.3 -23.1875 -23.025 -23 -23.14375 -23.48125 -24.075 -24.69375 -24.9375 -25.05625
-9999 -9999 -9999 -9999 -9999 -9999 -9999 -9999 -0.175 -0.65 -0.9125 -3.1 -2.5625 -3.964583 -6.0875 -8.89375 -9.78125 -10.175 -9.7875 -10.05625 -10.44375 -10.76875 -11.48125 -11.8375 -12.1125 -12.3375 -12.25625 -12.45 -12.68125 -12.90625 -13.19375 -13.59375 -14.48125 -14.65625 -14.28125 -14.6875 -13.95625 -14.26875 -13.8375 -14.18125 -15.18125 -16.2875 -16.4625 -18.96875 -18.38125 -19.55 -20.1125 -19.84375 -20.20625 -21.0375 -21.81875 -22.4625 -22.90625 -22.9375 -22.9375 -22.98125 -22.9875 -22.925 -22.8125 -22.70625 -22.66875 -22.925 -23.4625 -24.26875 -24.7 -24.99375 -25.04375
-9999 -9999 -9999 -9999 -9999 -9999 -9999 -9999 -0.825 -0.8875 -1.80625 -9999 -2.4875 -3.025 -4.69375 -7.125 -9.94375 -9 -8.89375 -10.975 -10.44375 -10.58125 -11.28125 -11.21875 -11.75 -11.85625 -12.05 -12.23125 -12.1875 -12.7875 -12.69375 -13.71875 -13.95 -14.56875 -14.975 -14.2125 -13.95625 -13.7375 -14.26875 -14.5875 -15.14375 -16.875 -17.54375 -18.4625 -17 -18.54375 -19.58125 -19.76875 -19.95625 -20.64375 -21.35 -22.2875 -22.775 -22.9 -22.85625 -22.75625 -22.725 -22.675 -22.6 -22.375 -22.23125 -22.625 -23.29375 -24.03125 -24.4125 -24.675 -24.9
-9999 -9999 -9999 -9999 -9999 -9999 -9999 -9999 -0.975 -1.625 -1.9625 -1.45 -9999 -3.933333 -4.8625 -7.39375 -6.925 -8.112499 -10.36875 -10.68125 -9.925 -10.075 -10.90625 -11.1 -11.3375 -11.69375 -11.89375 -12.21875 -13.00625 -13.2125 -12.975 -12.76875 -13.225 -14.34375 -15.56875 -14.06875 -13.5 -13.725 -13.65625 -13.4375 -13.825 -15.9625 -17.1 -16.5875 -16.63125 -18.125 -18.8125 -19.225 -19.45625 -19.91875 -20.625 -21.7125 -22.525 -22.525 -22.575 -22.65 -22.525 -22.525 -22.44375 -22.24375 -21.725 -22.23125 -22.74375 -23.3 -24.05625 -24.40833 -24.59375
-9999 -9999 -9999 -9999 -9999 -9999 -9999 0 -0.2 -2.04375 -2.391667 -9999 -2.116667 -1.5 -3.877778 -5.15 -6.90625 -8.125 -10.075 -9.88125 -10.43125 -9.706249 -10.7375 -10.575 -10.475 -10.95 -11.5625 -12.18125 -12.76875 -13.025 -13.33125 -12.78125 -13 -13.51875 -15.3 -14.5 -14.20625 -13.78125 -13.95 -13.36875 -13.7875 -14.725 -14.94375 -16.2875 -17.4 -17.2 -18.56875 -18.16875 -18.79375 -19.00625 -19.725 -21.0625 -22.31875 -22.35 -22.43125 -22.49375 -22.375 -22.2875 -22.01875 -21.64375 -21.55 -21.925 -22.3875 -22.74375 -23.1125 -23.7625 -24.13125
-9999 -9999 -9999 -9999 -9999 -9999 -9999 -0.35 -0.3083333 -1.7125 -0.9916667 -0.55 -0.9 -2.495833 -4.63125 -4.9 -6.55625 -8.6625 -8.16875 -9.14375 -9.7 -9.1625 -9.875 -9.7 -10.28125 -10.76875 -11.2875 -12.30625 -13.21875 -13.3875 -12.725 -13.31875 -13.78125 -13.6375 -14.96875 -14.7625 -13.7125 -13.4625 -13.7 -13.29375 -13.4875 -14.0875 -14.28125 -14.8125 -15.96875 -16.49375 -17.53125 -17.53125 -17.8375 -18.01875 -19.0375 -20.51875 -22.15625 -22.1875 -22.225 -22.225 -22.3125 -22.08125 -21.8375 -21.55 -21.5625 -21.8 -22.16875 -22.48125 -22.65625 -22.84375 -23
-9999 -9999 -9999 -9999 -9999 -9999 -9999 -0.575 0.0125 -1.875 -2.441667 -9999 -2.341667 -1.808333 -4.0625 -4.5 -7.1625 -7.1375 -8.18125 -10.3625 -8.53125 -8.425 -9.14375 -10.0625 -10.2875 -10.2875 -11.4125 -12.03125 -12.8875 -13.8875 -13.50625 -13.175 -13.825 -14.3375 -14.93125 -14.48125 -13.59375 -13.64375 -13.3875 -13.5625 -13.75 -14.175 -14.375 -14.54375 -15.05 -15.48125 -16.61875 -16.6875 -16.55625 -16.775 -18.34375 -19.73125 -21.86875 -21.8125 -21.78125 -21.8 -21.925 -21.93125 -21.65 -21.4 -21.53125 -21.7125 -22.06875 -22.3 -22.45 -22.61875 -22.75
-9999 -9999 -9999 -9999 -9999 -9999 -9999 -0.725 0.1 -1.3 -0.9395833 0.125 -0.6416667 -0.5833334 -0.8875 -4.60625 -6.91875 -7.375 -7.64375 -9.025 -8.275 -7.675 -9.275 -9.41875 -9.66875 -10.525 -10.875 -11.85 -13.15625 -13.49375 -13.43125 -13.75 -13.1625 -14.0625 -14.56875 -14.60833 -13.55625 -13.95 -13.8375 -13.5 -13.6375 -13.875 -14.1125 -14.55 -15.3375 -15.99375 -16.6375 -15.9875 -15.7625 -16.06875 -17.65 -19.13125 -20.93125 -21.33125 -21.3875 -21.6625 -21.7625 -21.7375 -21.4125 -21.325 -21.4875 -21.9625 -22.01875 -22.14375 -22.3375 -22.49375 -22.6375
-9999 -9999 -9999 -9999 -9999 -9999 -9999 0.325 -9999 0.02500001 0.325 -9999 -0.2 -9999 -1.325 -4.616667 -6.425 -6.308333 -6.725 -7.79375 -7.74375 -7.94375 -8.75 -9.51875 -9.46875 -10.4125 -11.65 -12.075 -13.13125 -14.5375 -14.61875 -13.90625 -13.96875 -13.64375 -14.04375 -14.38333 -13.71875 -13.79375 -13.975 -13.65625 -13.51875 -14.01875 -14.10625 -14.59375 -15.15 -15.8375 -16.50625 -16.225 -15.875 -15.95 -17.3125 -18.6875 -20.2125 -20.9125 -21.1625 -21.45 -21.65625 -21.51875 -21.28125 -21.175 -21.525 -22.14375 -22.63125 -22.33125 -22.225 -22.4 -22.5125
-9999 -9999 -9999 -9999 -9999 -9999 -9999 -9999 -9999 0.5 -0.85 -9999 0.7416667 -9999 -1.608333 -4.40625 -5.05625 -5.2 -8.041666 -8.25 -6.95625 -7.75625 -8.525 -8.85625 -9.44375 -9.975 -11.14375 -12.075 -12.7875 -13.9125 -13.4 -12.86875 -13.575 -13.5625 -13.61875 -13.825 -13.55625 -13.88125 -13.79375 -13.4875 -13.25625 -13.725 -14.16875 -14.79375 -15.125 -15.83125 -16.45625 -16.1125 -15.79375 -15.6375 -16.89375 -18.3125 -19.825 -20.75 -20.775 -20.9 -21.18125 -21.2625 -21.075 -21.04375 -21.35 -21.93125 -22.24375 -22.64375 -22.125 -22.29375 -22.45625
-9999 -9999 -9999 -9999 -9999 -9999 -9999 -9999 -9999 -9999 -9999 -9999 -9999 -0.4125 -1.483333 -3.4375 -3.658333 -5.70625 -6.7125 -5.9875 -7.9375 -8.93125 -8.65 -8.95625 -9.41875 -9.75625 -10.35 -11.6875 -11.93125 -13 -13.03125 -13.39375 -13.6125 -13.69375 -13.64375 -13.58333 -13.58125 -13.41875 -13.50625 -13.3375 -13.03125 -13.7375 -14.0625 -14.6 -15.09375 -15.8875 -16.275 -15.925 -15.65 -15.4125 -16.2875 -17.70625 -18.95 -20.16875 -20.20625 -20.34375 -20.5625 -20.74375 -20.78125 -20.95625 -21.25625 -21.65625 -22.11875 -22.09375 -22.05625 -22.275 -22.425
