Env_Vars_Sept202022/Set_1/mcmt_sept20.asc.asc
ncols         145
nrows         190
xllcorner     -2197417.7431653
yllcorner     -584827.01486885
cellsize      20000
NODATA_value  -9999
[rows 145 to 173 of 190, columns 0 to 66 of 145]
-9999 -9999 -9999 -9999 -9999 -9999 -9999 -9999 -9999 -9999 -9999 -9999 -9999 -9999 -9999 -9999 -9999 4.6 3.26875 1.975 3.0625 3.70625 4.04375 3.8125 2.575 1.23125 -0.36875 -0.1125 -1.08125 -0.95 -1.85625 -2.15625 -1.86875 -0.9625 -0.4875 -0.75 -0.275 0.66875 0.375 0.075 -0.2125 -0.66875 -0.875 -0.95 -0.7375 -1.475 -1.1375 -2.7375 -2.94375 -3.475 -4.08125 -4.8625 -5.25625 -6.6 -6.275 -6.26875 -5.20625 -6.475 -6.28125 -7.28125 -7.80625 -8.2375 -7.88125 -6.90625 -6 -6.3875 -5.94375
-9999 -9999 -9999 -9999 -9999 -9999 -9999 -9999 -9999 -9999 -9999 -9999 -9999 -9999 -9999 -9999 -9999 3.875 3.18125 3.1625 3.9375 4.0625 4.16875 3.48125 1.94375 -0.4375 -1.10625 -0.625 0.1875 -0.25 -0.3625 -0.19375 -0.04375 0.35625 0.5375 0.33125 -0.006249997 -0.0125 0.6625 0.71875 -0.3875 -1.68125 -2.5875 -1.04375 -0.53125 -0.59375 -2.0375 -2.14375 -2.59375 -4.13125 -4.525 -4.74375 -5.78125 -6.75 -6.8875 -7.0875 -5.4625 -6.50625 -6.19375 -6.75625 -7.38125 -7.36875 -7.9 -6.83125 -6.25 -6.96875 -6.5125
-9999 -9999 -9999 -9999 -9999 -9999 -9999 -9999 -9999 -9999 -9999 -9999 -9999 -9999 -9999 -9999 -9999 3.55625 2.56875 3.75 3.95 4.25 4.11875 2.775 0.46875 -0.93125 -2.85 -1.23125 -0.48125 -0.39375 -0.44375 0.3583333 0.24375 0.3875 0.425 0.4125 0.475 0.2375 0.23125 0.31875 -2.5125 -3.1375 -2.4625 -1.75 -1.6375 -2.24375 -2.95 -2.85 -2.29375 -3.8375 -4.41875 -4.99375 -5.675 -6.19375 -6.84375 -7.13125 -5.2875 -6.76875 -6.83125 -7.175 -7.0375 -7.1875 -7.74375 -6.6375 -6.39375 -6.90625 -7.125
-9999 -9999 -9999 -9999 -9999 -9999 -9999 -9999 -9999 -9999 -9999 -9999 -9999 -9999 -9999 -9999 4.9875 4.175 3.50625 3.99375 3.93125 3.70625 2.875 0.7125 0.175 -1.8 -1.71875 -0.60625 -0.4 -0.75 -0.4375 -0.38125 -0.2125 0.03125 0.05625001 -0.04375 0.125 0.425 0.0125 -1.46875 -3.39375 -2.54375 -1.65625 -2.21875 -1.9625 -2.225 -2.45625 -2.7375 -2.10625 -3.0875 -3.68125 -5.90625 -5.55 -6.39375 -7.15625 -5.41875 -6.025 -6.95625 -6.71875 -7.29375 -7.09375 -6.65 -7.23125 -6.59375 -6.58125 -6.4125 -6.9875
-9999 -9999 -9999 -9999 -9999 -9999 -9999 -9999 -9999 -9999 -9999 -9999 -9999 -9999 -9999 -9999 4.725 4.16875 3.75 4.04375 4.0875 3.3625 2.01875 0.45 -0.16875 -1.775 -1.2375 -0.525 -0.55 -0.91875 -0.45 -1.03125 -0.59375 -0.61875 -0.85 -1.20625 -0.775 -0.54375 -2.29375 -3.41875 -2.75625 -3.1125 -2.925 -2.94375 -3.11875 -0.93125 -2.66875 -3.475 -3.1875 -5.00625 -4.53125 -5.43125 -4.9375 -6.04375 -7.4625 -4.95625 -7.03125 -7.8375 -6.9125 -8.375 -7.19375 -7.13125 -8.01875 -6.8875 -7.49375 -6.366666 -7.4375
-9999 -9999 -9999 -9999 -9999 -9999 -9999 -9999 -9999 -9999 -9999 -9999 -9999 -9999 -9999 4.75 4.6625 3.9125 3.975 4.15 4.0375 2.79375 1.7125 0.86875 -1.4125 -1.6875 -0.5875 0.1 -0.7125 -0.9 -0.3625 -0.85 -1.775 -1.79375 -2.43125 -2.75625 -2.7625 -3.20625 -3.19375 -3.1 -2.0875 -4.14375 -3.74375 -3.975 -2.5625 -3.0875 -1.64375 -4.225 -5.69375 -6.09375 -6.0125 -6.66875 -5.81875 -6.61875 -7.99375 -5.69375 -7.575 -8.15 -8.45 -8 -6.25625 -7.24375 -7.25625 -6.53125 -7.1375 -6.025 -6.1
-9999 -9999 -9999 -9999 -9999 -9999 -9999 -9999 -9999 -9999 -9999 -9999 -9999 -9999 -9999 4.891667 4.49375 3.84375 4.1875 4.1375 3.7625 3.06875 1.825 0.09999999 -2.13125 -0.625 0.1 0.11875 -0.15625 -0.35 0.16875 -1.2375 -1.6875 -1.99375 -1.775 -2.53125 -3.0625 -3.9375 -3.83125 -2.99375 -1.91875 -5.5375 -5.18125 -4.4375 -2.8875 -2.725 -2.63125 -5.7125 -8.125 -8.74375 -7.1125 -7.30625 -7.0625 -7.3 -6.88125 -6.6875 -7.4 -8.23125 -8.50625 -7.9375 -7.225 -6.96875 -7.68125 -6.1 -5.66875 -5.86875 -5.9
-9999 -9999 -9999 -9999 -9999 -9999 -9999 -9999 -9999 -9999 -9999 -9999 -9999 -9999 6.3 5.3 4.36875 3.96875 4.23125 3.925 3.69375 2.6875 1.54375 -0.5125 -1.68125 -0.61875 -0.15 -0.53125 -1.11875 -1.03125 0.58125 -0.55625 -0.3375 -0.90625 -0.79375 -1.93125 -3.2375 -4.225 -5.16875 -3.69375 -3.025 -5.55 -7.35625 -5.79375 -3.75 -5.1625 -3.7625 -5.1125 -6.95 -5.69375 -7.3125 -6.45625 -8.0125 -8.768749 -7.5 -8.2 -8.15625 -9.08125 -8.275 -8.112499 -7.64375 -7.59375 -5.65 -5.33125 -5.48125 -5.65 -6.08125
-9999 -9999 -9999 -9999 -9999 -9999 -9999 -9999 -9999 -9999 -9999 -9999 -9999 -9999 6.025 4.925 4.16875 3.96875 4.125 4.18125 3.5875 3.15625 1.74375 -0.625 -2.425 -0.44375 -0.1625 -0.45625 -1.28125 -2.4625 -1.725 -2.10625 -0.91875 -2.0625 -2.30625 -2.4 -3.9875 -4.98125 -5.5125 -3.85625 -3.00625 -3.33125 -5.05625 -4.65625 -3.38125 -6.16875 -6.025 -8.21875 -7.5875 -7.0125 -8.4375 -7.61875 -6.81875 -7.2875 -6.76875 -6.25 -8.306251 -8.76875 -8.106251 -8.3375 -6.825 -6.475 -6.325 -7.05 -5.475 -5.59375 -6.30625
-9999 -9999 -9999 -9999 -9999 -9999 -9999 -9999 -9999 -9999 -9999 -9999 -9999 6.55 5.40625 4.85 4.58125 4.0625 3.8375 3.35625 3.2 2.1375 0.40625 -2.175 -3.925 -0.7375 -0.41875 -0.59375 -1.31875 -2.51875 -3.70625 -3.56875 -1.90625 -1.0625 -2.29375 -3.05625 -3.7375 -4.9 -4.7 -4.24375 -3.5125 -3.25625 -3.2 -3.175 -4.51875 -5.5 -6.3875 -8.33125 -6.36875 -8.95625 -8.1375 -7.675 -7.60625 -7.9 -7.7875 -7.04375 -8.1875 -8.35625 -8.1875 -8.46875 -6.4 -5.70625 -6.60625 -8.53125 -6.19375 -6.16875 -6.4
-9999 -9999 -9999 -9999 -9999 -9999 -9999 -9999 -9999 -9999 -9999 -9999 6.725 6.566667 5.24375 4.2375 4.36875 4.15 3.55 2.8375 2.5375 1.775 -2.30625 -2.41875 -2.31875 -1.3375 -0.8875 -1.3 -1.44375 -1.925 -2.2875 -2.6625 -1.95625 -2.39375 -2.275 -2.76875 -3.5625 -4.90625 -4.59375 -4.4375 -3.90625 -3.75625 -3.45 -4.2 -5.04375 -5.0375 -6.56875 -7.775 -7.175 -8.2625 -8.64375 -8.1875 -6.9625 -8.36875 -7.89375 -6.6125 -7.81875 -8.19375 -7.8625 -7.125 -5.95 -6.825 -6.70625 -6.81875 -6.95625 -9.14375 -8.48125
-9999 -9999 -9999 -9999 -9999 -9999 -9999 -9999 -9999 -9999 -9999 -9999 6.6375 6.48125 4.88125 4.3125 4.69375 4.0875 3.25625 2.69375 1.8125 -0.525 -2.75625 -2.46875 -2.1125 -2.9875 -2.03125 -1.91875 -2.275 -2.44375 -2.36875 -3.0125 -3.34375 -3.8375 -4.60625 -4.50625 -5.6875 -5.01875 -4.69375 -4.15625 -3.875 -3.4 -3.4375 -4.15 -4.38125 -4.8625 -7.058333 -7.475 -7.4 -8.675 -7.1375 -6.8125 -7.6625 -8.19375 -7.45625 -7.08125 -7.025 -7.91875 -7.41875 -7.1375 -6.80625 -7.94375 -7.15 -8.10625 -7.9375 -9.6 -9.85
-9999 -9999 -9999 -9999 -9999 -9999 -9999 -9999 -9999 -9999 -9999 -9999 6.13125 6.26875 5.01875 4.15625 4.26875 3.7125 3.1125 2.5375 1.03125 -2.40625 -2.3875 -2.36875 -2.3125 -2.70625 -2.63125 -2.74375 -2.6125 -2.7375 -2.96875 -3.98125 -4.69375 -4.3 -4.63125 -4.54375 -4.78125 -4.53125 -4.5 -4.00625 -3.04375 -2.675 -2.85 -3.35625 -4.275 -4.6875 -7.0375 -6.80625 -8.03125 -7.81875 -7.70625 -7.61875 -8.04375 -7.64375 -6.775 -8.55 -7.6875 -8.44375 -8.74375 -8.04375 -9.00625 -8.69375 -9.24375 -9.68125 -9.3875 -10.55 -10.31875
-9999 -9999 -9999 -9999 -9999 -9999 -9999 -9999 -9999 -9999 -9999 6.725 5.64375 4.8375 4.03125 4.26875 4.1375 3.5375 2.74375 1.00625 -0.5375 -2.275 -3.05 -2.275 -2.425 -2.325 -2.35 -2.5125 -2.81875 -2.59375 -3.00625 -3.66875 -4.03125 -4.1 -4.5125 -4.14375 -3.90625 -3.8 -3.625 -3.2 -2.78125 -2.55625 -2.5125 -2.9375 -3.11875 -4.1125 -5 -6.04375 -7.3875 -7.80625 -8 -8.40625 -8.7625 -7.1 -7.49375 -7.89375 -8.96875 -8.65625 -9.44375 -8.875 -9.025001 -10.05 -10.4125 -10.5625 -9.76875 -10.45625 -10.26875
-9999 -9999 -9999 -9999 -9999 -9999 -9999 -9999 -9999 -9999 -9999 6.587501 5.21875 4.1 4.2125 3.64375 3.20625 3.11875 1.99375 0.4625 -1.44375 -2.80625 -2.8375 -2.5 -2.60625 -2.05625 -1.99375 -2.05625 -2.325 -2.75625 -3.23125 -3.13125 -3.61875 -3.79375 -4.00625 -3.98125 -3.625 -3.28125 -2.875 -2.59375 -2.44375 -2.0625 -2.20625 -2.3875 -2.475 -2.90625 -3.49375 -5.0125 -6.26875 -7.14375 -8.3875 -8.29375 -7.95625 -7.69375 -8.71875 -8.66875 -9.6375 -9.4625 -9.91875 -9.725 -9.675 -10.2625 -10.55625 -10.575 -10 -10.2375 -10.04375
-9999 -9999 -9999 -9999 -9999 -9999 -9999 -9999 -9999 -9999 -9999 5.558333 4.90625 3.9625 3.9125 3.35 2.6625 2.425 2.15 0.8625 -2.35625 -2.591667 -2.74375 -2.51875 -2.96875 -2.175 -2.13125 -2.13125 -2.35 -2.63125 -3.475 -2.70625 -2.78125 -3.2875 -3.35625 -3.4875 -3.4375 -3.10625 -3.2375 -2.75 -2.15 -1.93125 -2 -1.925 -2.0625 -2.86875 -4.04375 -5.4875 -6.38125 -7.4625 -8.9625 -8.7125 -8.25 -8.11875 -8.95 -9.68125 -9.59375 -9.60625 -9.70625 -9.5375 -9.24375 -9.30625 -9.9125 -10.125 -9.91875 -10.05 -10.65625
-9999 -9999 -9999 -9999 -9999 -9999 -9999 -9999 -9999 -9999 -9999 5.65625 4.575 3.775 3.5875 3.375 3.14375 2.8375 1.475 0.03749998 -2.425 -2.18125 -2.44375 -2.7125 -2.8125 -2.975 -1.19375 -2.0875 -2.0875 -2.125 -2.675 -2.7375 -2.50625 -2.8 -2.675 -2.866667 -2.775 -3.15625 -3.06875 -2.725 -2.18125 -1.825 -1.79375 -1.7375 -1.9 -3 -4.05625 -4.40625 -6.16875 -7.05 -8.70625 -8.975 -9.19375 -9.0375 -9.04375 -10.1875 -9.06875 -9.9375 -9.3875 -8.96875 -8.925 -8.725 -9.19375 -9.09375 -9.225 -9.775 -10.76875
-9999 -9999 -9999 -9999 -9999 -9999 -9999 -9999 -9999 -9999 -9999 5.833333 4.3125 3.70625 3.2 3.425 2.28125 2.41875 0.9375 -1.70625 -2.45 -2.108333 -2.31875 -2.425 -2.28125 -3.35625 -1.333333 -1.7875 -1.775 -2.025 -2.18125 -2.75 -2.8375 -2.425 -2.45 -2.45 -2.34375 -2.63125 -2.61875 -2.26875 -2.025 -2.08125 -1.69375 -1.7 -2 -2.48125 -3.14375 -5.48125 -6.4375 -7.35625 -7.26875 -8.41875 -8.112499 -10.2125 -10.09375 -8.256249 -9.14375 -8.9625 -9.29375 -9.3875 -8.88125 -8.5125 -8.39375 -8.125 -8.3 -8.64375 -9.68125
-9999 -9999 -9999 -9999 -9999 -9999 -9999 -9999 -9999 -9999 -9999 5.5875 4.3375 3.24375 1.76875 2.74375 1.69375 1.20625 -0.60625 -2.05 -2.33125 -2.2125 -2.2 -2.10625 -1.99375 -4.10625 -2.06875 -1.05625 -1.425 -1.74375 -1.80625 -2.15625 -2.5375 -1.85 -2.0625 -2.46875 -1.85 -2.0125 -2.00625 -2.10625 -2.66875 -2.8125 -2.11875 -1.575 -2.125 -2.64375 -3.36875 -4.63125 -5.4625 -6.8625 -6.76875 -7.3625 -6.94375 -7.66875 -9.03125 -8.18125 -8.9875 -8.44375 -8.84375 -8.9625 -8.78125 -8.368751 -7.93125 -7.8375 -8.24375 -8.80625 -10.03125
-9999 -9999 -9999 -9999 -9999 -9999 -9999 -9999 -9999 -9999 -9999 5.4 4.025 2.7875 3.16875 2.3125 0.5625 0.4125 0.0625 -1.1875 -1.7625 -1.81875 -1.98125 -2.1375 -2 -2.98125 -2.55625 -1.94375 -2 -1.925 -1.86875 -1.7125 -1.6375 -1.8625 -3.63125 -1.88125 -1.86875 -1.69375 -1.85625 -2.48125 -3.00625 -3.33125 -2.8375 -1.75625 -1.825 -2.3125 -3.03125 -4.6 -5.875 -7.85 -7.98125 -7.1 -6.79375 -6.56875 -6.81875 -8.275 -8.85 -8.549999 -8.5625 -8.46875 -8.15625 -7.98125 -7.59375 -7.36875 -8.20625 -8.81875 -10.375
-9999 -9999 -9999 -9999 -9999 -9999 -9999 -9999 -9999 -9999 -9999 -9999 -9999 -9999 -9999 -9999 1.85 1.3625 0.2875 -0.93125 -1.63125 -1.56875 -1.75625 -1.83125 -2.08125 -2.69375 -2.13125 -3.15 -2.23125 -2.35625 -2.10625 -1.625 -1.3625 -2.5875 -2.225 -1.2375 -1.45625 -1.64375 -1.65625 -2.28125 -3.25625 -3.98125 -3.78125 -2.18125 -1.575 -1.79375 -2.29375 -2.88125 -3.2625 -4.33125 -5.5625 -6.3 -6.7625 -6.8375 -6.975 -7.73125 -8.15 -8.05 -7.75 -7.55625 -7.5 -7.28125 -7.35625 -7.175 -7.6875 -9.20625 -10.00625
-9999 -9999 -9999 -9999 -9999 -9999 -9999 -9999 -9999 -9999 -9999 -9999 -9999 -9999 -9999 -9999 -9999 -9999 -9999 -9999 -1.475 -1.55 -1.575 -2.025 -2.19375 -2.25625 -2.008333 -3.19375 -1.75 -2.16875 -2.36875 -2.1125 -1.36875 -1.78125 -0.975 -1.19375 -1.35625 -1.55625 -1.8375 -2.41875 -3.4625 -4.29375 -4.69375 -3.09375 -2.13125 -1.43125 -1.49375 -1.725 -2.05625 -2.95625 -4.175 -5.03125 -5.775 -5.91875 -5.9375 -6.58125 -7.125 -7.10625 -6.6 -6.35 -6.54375 -6.55625 -7.225 -7.11875 -7.675 -8.5875 -9.2375
-9999 -9999 -9999 -9999 -9999 -9999 -9999 -9999 -9999 -9999 -9999 -9999 -9999 -9999 -9999 -9999 -9999 -9999 -9999 -9999 -9999 -9999 -9999 -9999 -2.2 -2.0375 -3.05 -2.95 -1.6 -2.7625 -2.6375 -2.26875 -1.75 -1.75625 -1.29375 -1.38125 -2.075 -1.975 -3.14375 -2.8 -3.39375 -4.56875 -5.2625 -4.51875 -2.69375 -2.21875 -2.375 -2.14375 -2.15 -2.3 -3.325 -4.2375 -4.7625 -4.89375 -4.85 -5.48125 -6.21875 -5.9375 -5.7125 -5.70625 -5.975 -6.75 -7.7875 -7.88125 -7.66875 -8.3 -8.81875
-9999 -9999 -9999 -9999 -9999 -9999 -9999 -9999 -9999 -9999 -9999 -9999 -9999 -9999 -9999 -9999 -9999 -9999 -9999 -9999 -9999 -9999 -9999 -9999 -9999 -9999 -9999 -9999 -2.575 -2.675 -2.941667 -2.3875 -1.56875 -1.98125 -2.60625 -3.0125 -2.79375 -2.6125 -4.19375 -3.5375 -3.35625 -3.6 -4.30625 -4.48125 -3.44375 -2.7625 -2.2875 -2.39375 -2.39375 -2.40625 -2.5875 -3.35 -4.0375 -4.3625 -4.4 -4.70625 -5.1125 -5.1875 -5.25 -5.19375 -6.15 -7.25 -8.375 -8.2125 -8.04375 -8.375 -8.6625
-9999 -9999 -9999 -9999 -9999 -9999 -9999 -9999 -9999 -9999 -9999 -9999 -9999 -9999 -9999 -9999 -9999 -9999 -9999 -9999 -9999 -9999 -9999 -9999 -9999 -9999 -9999 -9999 -9999 -9999 -9999 -9999 -1.2 -1.6 -2.9625 -2.55625 -2.05625 -2.56875 -4.225 -4.16875 -3.14375 -3.43125 -3.825 -4.08125 -3.7 -2.70625 -2.575 -2.675 -2.68125 -2.63125 -2.6 -2.95 -3.55 -3.73125 -3.88125 -3.95625 -4.2375 -5.01875 -5.1375 -5.3375 -5.825 -7.05 -8.375 -8.26875 -7.86875 -8.50625 -8.90625
-9999 -9999 -9999 -9999 -9999 -9999 -9999 -9999 -9999 -9999 -9999 -9999 -9999 -9999 -9999 -9999 -9999 -9999 -9999 -9999 -9999 -9999 -9999 -9999 -9999 -9999 -9999 -9999 -9999 -9999 -9999 -9999 -9999 -9999 -9999 -9999 -9999 -2.525 -3.9125 -3.825 -3.475 -3.475 -3.76875 -3.94375 -3.60625 -2.6 -2.825 -3.175 -3.25625 -3.1625 -3.33125 -3.78125 -3.225 -3.5625 -3.825 -3.8625 -4.93125 -5.4 -5.50625 -5.6 -5.75625 -6.66875 -7.68125 -8.05625 -8.23125 -8.700001 -8.94375
-9999 -9999 -9999 -9999 -9999 -9999 -9999 -9999 -9999 -9999 -9999 -9999 -9999 -9999 -9999 -9999 -9999 -9999 -9999 -9999 -9999 -9999 -9999 -9999 -9999 -9999 -9999 -9999 -9999 -9999 -9999 -9999 -9999 -9999 -9999 -9999 -9999 -9999 -9999 -9999 -9999 -3.6 -3.8375 -4.047917 -4.63125 -3.6625 -3.64375 -4.19375 -5.2125 -4.04375 -4.64375 -5.5625 -3.70625 -5.1375 -4.2875 -4.075 -5.1375 -5.34375 -5.4625 -5.81875 -5.85625 -6.45625 -7.28125 -8.14375 -7.9875 -8.40625 -8.9375
-9999 -9999 -9999 -9999 -9999 -9999 -9999 -9999 -9999 -9999 -9999 -9999 -9999 -9999 -9999 -9999 -9999 -9999 -9999 -9999 -9999 -9999 -9999 -9999 -9999 -9999 -9999 -9999 -9999 -9999 -9999 -9999 -9999 -9999 -9999 -9999 -9999 -9999 -9999 -9999 -9999 -9999 -9999 -9999 -9999 -4.275 -5.3125 -5.691667 -4.75625 -4.1375 -5.30625 -4.5125 -4.675 -4.8125 -4.56875 -4.91875 -4.7125 -5.1125 -4.925 -5.38125 -6.0875 -5.925 -7.6875 -8.025 -8.275001 -8.24375 -8.975
-9999 -9999 -9999 -9999 -9999 -9999 -9999 -9999 -9999 -9999 -9999 -9999 -9999 -9999 -9999 -9999 -9999 -9999 -9999 -9999 -9999 -9999 -9999 -9999 -9999 -9999 -9999 -9999 -9999 -9999 -9999 -9999 -9999 -9999 -9999 -9999 -9999 -9999 -9999 -9999 -9999 -9999 -9999 -9999 -9999 -9999 -9999 -9999 -9999 -4.625 -4.95 -4.716667 -4.9875 -5.2 -6.03125 -4.675 -4.8375 -5.19375 -5.425 -5.10625 -5.41875 -5.9625 -7.8375 -8.13125 -8.45625 -8.1 -8.4875
