Env_Vars_Sept202022/Set_1/msp_sept20.asc.asc
ncols         145
nrows         190
xllcorner     -2197417.7431653
yllcorner     -584827.01486885
cellsize      20000
NODATA_value  -9999
[rows 155 to 185 of 190, columns 69 to 137 of 145]
363.9375 351.125 331.9375 277.1875 241.625 220.25 214.6875 231.1875 224.6875 220.75 204.125 195.0625 222.375 228.4375 234.125 228.0625 216.3125 221.5 221.8125 225.75 233.875 233.25 260 274.1875 253.875 257.4375 268.75 277.4375 278.875 283.3125 282.6875 287.625 294.125 284.25 272.5625 268.75 267.875 266.5625 267.1667 274 273.875 282.375 294.0625 300.25 303.6875 313.75 330.875 327.125 326.75 332.75 339.3125 342.375 347.3125 353.125 -9999 -9999 -9999 -9999 -9999 -9999 -9999 -9999 -9999 -9999 -9999 -9999 -9999 -9999 -9999
328.0625 390.125 368.375 315.9375 261 217.875 220.1875 254.3125 244.25 235.375 215.375 221.75 228.1875 219.4375 233.0625 240.6875 217.6875 225.875 222.25 221.9375 227.5625 235.8125 249.5 240.3125 251.9375 255.5625 265.5625 274.75 276.375 279.0625 282.625 282.9375 283.6875 278.5 273.375 267.875 265.1875 264.3125 266 271.3125 276.25 284.625 290 297.3125 299.75 308 323 322.625 327.0625 336.375 346.75 353.5 343.75 347.25 -9999 -9999 -9999 -9999 -9999 -9999 -9999 -9999 -9999 -9999 -9999 -9999 -9999 -9999 -9999
350.6875 343.9375 411 361.125 308.3125 200.8125 239.5 235.9375 265 264.5 236.125 234.0625 253.4375 252.5 239.375 220.375 220.75 226.125 220.75 214.1875 222.9375 238.1875 242.625 238.75 249.5 252.875 262.125 269.5625 273.5625 277.5 280.625 278.5625 279.9375 278.875 274.625 273.1875 274.8125 272.125 267.625 269.6667 276.0625 282.9375 293.0625 300.125 305.8125 311.5625 321.5 321.375 323 331.6875 347.125 354.4167 353.4375 341.5 -9999 -9999 -9999 -9999 -9999 -9999 -9999 -9999 -9999 -9999 -9999 -9999 -9999 -9999 -9999
263.25 330.6875 321.3125 362.5625 280.0625 152 197.0625 201.1875 204.125 273.75 261.5625 232 250.3125 266.25 215.9375 229.6875 232.25 228.625 219.5625 224.375 234.125 250.125 251 248.0625 244.0625 258.1875 263.375 268.1875 270.75 275.375 277 274.5625 276.3125 279.9375 277.6875 278.125 282.25 277.75 275.25 276.75 280.6875 286.5625 295.9375 301 309.875 314.625 318.5 318.0625 318.1875 329.75 354.125 361.9167 373.375 344 -9999 -9999 -9999 -9999 -9999 -9999 -9999 -9999 -9999 -9999 -9999 -9999 -9999 -9999 -9999
280.1875 296.9375 294 279.5625 178.375 161.5 135.8125 110.625 130.1875 272.3125 285.5 253.125 241.3125 215.9375 212.875 233.4375 242.3125 218.25 230.6875 233.8125 242 255.6875 250.625 245.25 244.5 240.75 254.125 265.0625 269.625 270.4375 274 269.9375 271.8125 276.1875 278.4375 277.3125 278.6875 279.5 283.9375 285.875 290.125 292.5 297.375 303.25 311.375 318.5 327 320.0625 321.125 337.0625 354.6875 368.75 380 367.125 -9999 -9999 -9999 -9999 -9999 -9999 -9999 -9999 -9999 -9999 -9999 -9999 -9999 -9999 -9999
284.3125 307.6875 354.125 319.625 203.9375 152.25 123.125 124.6875 126.625 253.375 311.375 299.0625 236.0625 214.1875 235.875 233.375 221.75 229.875 244.8125 238.375 253.625 253.125 253.9375 257.375 248.3125 243.3125 255.0625 264.625 268.6875 269.8125 276.25 277.75 277.1875 277.6875 282.75 287.625 289.25 290.5625 290.6875 291.6875 295 294.875 297.4375 305 311.5625 322 326.4375 324.75 327.625 338.8125 353.6875 367.375 375.1875 385.25 -9999 -9999 -9999 -9999 -9999 -9999 -9999 -9999 -9999 -9999 -9999 -9999 -9999 -9999 -9999
283.75 271.5 256.5625 235.8125 182.0625 169.5625 146.9375 132.75 116.8125 147.5 273.625 313 278.875 263.4375 232.4375 223.1875 208.3125 229.3125 241.9375 234.75 262.75 261.125 269 282.875 263.5625 275.4375 269.1667 263.8125 271.375 275 279.0625 277.625 277.1875 278.375 283.6875 285.625 281.9375 285.3125 292.6875 298.1875 298.9375 296 292.9375 301.125 312.125 323.75 323.625 327.6875 333.0625 342.0625 357.375 370.3333 382 391.125 -9999 -9999 -9999 -9999 -9999 -9999 -9999 -9999 -9999 -9999 -9999 -9999 -9999 -9999 -9999
305.1875 334.6875 310.0625 247.8125 219.875 175.75 158.125 141.4375 114.125 140 235.625 304.8125 326.625 247.1875 218.875 218.625 214.1875 236.6875 240.25 236.6875 248.4375 257.625 283.5 334.6875 297.625 296.0625 296.0625 274.5 271.75 276.8125 283.9375 276.1875 272.25 282 286.4375 283.125 282.1875 285 292.5 302.125 301.5 300.375 304.4375 309.5 311.375 319.0625 324.25 329.25 334.875 344.5625 374.75 383.875 387.125 395.5625 -9999 -9999 -9999 -9999 -9999 -9999 -9999 -9999 -9999 -9999 -9999 -9999 -9999 -9999 -9999
292.1875 314.4375 311.25 279.75 237.0625 200.5 157.25 139.3125 126.0625 116 172.6875 278.625 323.1875 252.9375 212.375 212.875 205.5 224.75 242.1875 247.125 239.625 249.3125 284.4375 312.5 340.1875 354.375 331 294.1875 272.5625 274.0625 273.875 267.125 267.75 281.8125 298.5 287.375 283.0625 282.5 289.5 302.0625 304.8125 297.5 312.625 321.1875 311.3125 309.5625 319 326.0625 331.3125 341.25 371.0625 386.4375 395.875 399.625 -9999 -9999 -9999 -9999 -9999 -9999 -9999 -9999 -9999 -9999 -9999 -9999 -9999 -9999 -9999
271.3125 296.375 302.9375 306.6875 276.5 227.375 162.75 146.5 129.375 125.125 145.4375 215.75 274.6875 237.5 207.5625 209.25 200 220.6875 245.375 248.3125 221.375 236.25 252.6875 297.3125 335.875 377.25 366 310.6875 276.375 270.1875 267.3125 268.0625 275.0625 272.75 280.75 283.4375 280.75 279.5625 277.1875 299.4375 299.1875 287.25 302.75 314.9375 319.3125 319.6875 322.4375 329 332.625 337.1875 365.1875 382.8125 398.8125 404.1875 -9999 -9999 -9999 -9999 -9999 -9999 -9999 -9999 -9999 -9999 -9999 -9999 -9999 -9999 -9999
243.5625 257.125 251.1875 296.5625 278.9375 227.9375 170.4375 151.875 152.0625 133.8125 158.5 177.9375 244.3125 221.6875 206.5625 204.125 206.4375 228.75 228.6875 221.6875 223.3125 224.3125 223.8125 276.0625 326.9375 349.6875 357.25 323.8125 276.1875 268.6875 272.25 270.375 277.8125 277.5 278.625 278.8125 277.9375 277.4375 282.8125 303.1875 310.125 303.0833 306.3333 314.3125 319.6875 328.25 336.125 338 336.3125 346.125 360.5 376.1875 393.1875 406 -9999 -9999 -9999 -9999 -9999 -9999 -9999 -9999 -9999 -9999 -9999 -9999 -9999 -9999 -9999
229.5 215.3125 157.625 217.25 235.875 241.0625 206.75 165.125 165.6875 155.5 168.25 183.875 214.8125 198.25 200.6875 198.375 209.0625 218.5 211.9375 205.9375 207 207.125 206.25 235.625 295.6875 354.4375 364.125 332.5625 275.125 269.375 270.3125 275.1875 280.3125 277.5 279.0625 280.0625 281.8125 286.75 294.625 314.0625 319.4375 305.5625 319.6875 325.1875 326.125 332.5625 338.8125 343.9375 341.875 352.4375 365.5 377.3125 396.9375 414.8125 -9999 -9999 -9999 -9999 -9999 -9999 -9999 -9999 -9999 -9999 -9999 -9999 -9999 -9999 -9999
219.3125 285.5 195.6875 153.5625 174.875 167.625 156.25 160.125 181.375 176.25 189.125 245.8125 224.875 196.1875 188.6875 189.4375 209.5 210.75 203.875 203.5 200.5625 199.125 194 215.5 256.9375 312.5 335.375 311.8125 281.25 273.8125 267.4375 276.0625 283.625 280.125 281.25 285.25 288.5625 290.5625 296.375 310.125 316.5625 315.5625 332.3125 343.5 342.9375 343.9375 345.1875 352.0625 349.6875 357.6875 375.625 383.875 392.25 406.25 -9999 -9999 -9999 -9999 -9999 -9999 -9999 -9999 -9999 -9999 -9999 -9999 -9999 -9999 -9999
230.5625 320.9375 276.625 174.6875 154.6875 139.6875 120.6875 115.5 124.375 124.1875 154.3125 214.75 211.4375 193.625 176.1875 191.5 216.0625 197.5 198.6875 201.9375 197.4375 191.5 202.6875 214.4375 244.8125 268.5625 314.5 301.1875 293.4375 286.375 281.3125 283.625 287.25 284.4375 285.375 290 300.125 300.625 304.8125 313.0625 327.8125 337.4375 346.0625 348.375 357.3125 356.9375 356.1875 364.625 366.5625 371.8125 397.6875 399.625 394 395.5 -9999 -9999 -9999 -9999 -9999 -9999 -9999 -9999 -9999 -9999 -9999 -9999 -9999 -9999 -9999
178.3125 285.875 305.4375 247.6875 166.625 139.875 123.5625 112.6875 120.125 124.5625 136.6875 153.9375 175.25 180.875 180.3125 193.3125 195 189.8125 182.625 199.125 208.125 205.1875 217.5 235.6875 242.5625 259.8125 284.5 283.375 289.3125 288.625 291.75 295.125 294.625 290.8125 289.5625 290.6875 301 311.5625 318.3125 321.1875 343.75 360.125 360.6875 363.25 364.9375 375.4375 373.875 376.6875 383.75 391.6875 400.8125 403.125 402.375 403.6875 -9999 -9999 -9999 -9999 -9999 -9999 -9999 -9999 -9999 -9999 -9999 -9999 -9999 -9999 -9999
154.125 180.1875 290.25 296.625 199.6875 146.6875 129.875 125.4375 127.75 131.1875 149.3125 165.625 167.1875 171 176.125 183.25 175.5625 162.875 191.3125 202.125 216.3125 221.4375 242.3125 257.3125 250.0625 258.3125 267.4375 270.5 278 290.3125 304.125 306.6875 303.4375 296.0625 294.625 297.9375 305.4375 323 330.8125 336 351.5 365.5625 378.3125 388.3125 390.9167 380.75 384.6875 384.375 396.5 400.6875 397.3125 407.375 413.3125 410.6667 -9999 -9999 -9999 -9999 -9999 -9999 -9999 -9999 -9999 -9999 -9999 -9999 -9999 -9999 -9999
142.3125 162.875 212.25 282.4375 253.8125 157.1875 140.5 148.5625 148.125 138.5 169.75 171.875 162.1875 170.8125 172.25 173.6875 174.25 173.75 191.5625 205.25 219.4375 238.5 245.6875 254.6875 255.625 267.5 273.75 275 280.625 291.6875 302.1875 306.75 302.9375 297.1875 296.8125 301.5 310.4375 325.9375 332.5625 338.5625 352.9375 365.5625 373.0625 380.625 405.25 411.25 386.125 393 400.875 401 404.375 -9999 -9999 -9999 -9999 -9999 -9999 -9999 -9999 -9999 -9999 -9999 -9999 -9999 -9999 -9999 -9999 -9999 -9999
136.25 145.0625 156.9375 183.5 213.75 172.0625 153.5 155.4375 146.375 147.375 161.0625 163.3125 153.8125 160.125 184.9375 217.75 211.25 199.0625 194.4375 205.5625 224.625 229.8125 245.125 262.6875 262.75 266.0625 278 278.5625 283.25 298.0625 303.0625 306.3125 301.375 297.25 299.1875 310.4375 320.6875 328 326.4375 338.375 355.375 367 370.875 377.875 388.75 397.8125 393.0625 390.5625 396.125 -9999 -9999 -9999 -9999 -9999 -9999 -9999 -9999 -9999 -9999 -9999 -9999 -9999 -9999 -9999 -9999 -9999 -9999 -9999 -9999
127.3125 120.8125 130.5 141.3125 156.25 160.0625 151.1875 150.5 155.375 147.3125 141.875 143.625 133.75 150.875 168.3125 214.5 251.1875 237.5625 213.375 215.0625 221.0625 231.625 239.75 252.375 262.125 271.375 290.0625 293.8125 308.875 310.25 302.0625 302 303.4375 302.6875 310.4375 322.8125 334.5 340.4375 342.9375 347.9375 360.5 369.875 375.25 384.9375 389.5 394.375 394.5 400.8125 402.5 -9999 -9999 -9999 -9999 -9999 -9999 -9999 -9999 -9999 -9999 -9999 -9999 -9999 -9999 -9999 -9999 -9999 -9999 -9999 -9999
115.625 115.4375 120.0625 132.8125 149.5 131.3125 125.9375 134.375 146.125 169.5 157.6875 158.8125 141.125 185.125 185.3125 175.375 206.1875 249.375 257.5 234.6875 222.3125 229.1875 221.875 248.375 256 258.875 275.25 287.125 294.25 301.75 303.25 307.25 305.9375 307.75 315.3125 323.0625 335.3125 349.5625 354.6875 357.8125 368.75 375.5625 380.5 388.375 389.875 390.6875 393.375 408.875 414.125 -9999 -9999 -9999 -9999 -9999 -9999 -9999 -9999 -9999 -9999 -9999 -9999 -9999 -9999 -9999 -9999 -9999 -9999 -9999 -9999
106.3125 112.75 119.875 133.8125 128.75 111.125 110.25 114 119.8125 137.125 133.4375 161.75 154.875 201.1875 173.875 164.6875 168.4375 207.3125 233.5625 220.125 218.0625 217.8125 225.375 234.5 242.9375 254.5 266.3125 286.8125 293.75 300.6875 307.5 312.5625 307.25 309.6875 318.4375 329.875 336.9375 341.0625 343.8125 358.6875 369.0625 375.75 380.125 386.9375 391.5625 394.125 397.125 411 417.625 -9999 -9999 -9999 -9999 -9999 -9999 -9999 -9999 -9999 -9999 -9999 -9999 -9999 -9999 -9999 -9999 -9999 -9999 -9999 -9999
104.25 112.875 116 119.3125 112.5625 102.1875 106.3125 110.5 114.125 121.75 129.125 133.5625 136.25 146.5625 151.3125 153.1875 167.5625 200.6875 229.375 217.4375 221.3125 231.6875 229.125 225.6875 226.5 245.5625 261.875 284.125 292.875 296.75 301.9375 296.6875 306.625 313.9375 324.4375 338.6875 347.5 345.5625 349.0625 357.5 367.3125 377.4375 381.25 388.8125 393.9375 397.5625 401.125 405.375 411 -9999 -9999 -9999 -9999 -9999 -9999 -9999 -9999 -9999 -9999 -9999 -9999 -9999 -9999 -9999 -9999 -9999 -9999 -9999 -9999
102.3333 110.3125 115.375 107.1875 100.75 92 103.625 110.5625 115.25 123.1875 131.8125 132 135.75 146.5625 149.5625 153.125 170.5625 187.625 217.0625 225.625 235 239.625 234.0625 234.125 235.4375 242.75 255.875 277 291.75 299.5 300.0625 293.625 308.25 319.0625 324.4375 340 354.1875 351.625 358.4375 363.125 370.125 380.375 385.875 391.875 395.4375 399.1875 404.75 409.375 422.625 -9999 -9999 -9999 -9999 -9999 -9999 -9999 -9999 -9999 -9999 -9999 -9999 -9999 -9999 -9999 -9999 -9999 -9999 -9999 -9999
105.3125 111.125 123.4375 116.1875 108.625 96.75 108.25 112.25 121.0625 153.5 152.8125 133.9375 133 177.9375 177.3125 165 173.0625 184.375 235.625 233.4375 245.75 251 245.25 239.4375 241.625 251.25 259.5625 277.625 292.6875 301.875 299.8125 301.9375 310.75 317.625 324.1875 338.1875 348.0625 354.25 362.6875 368.375 377.0625 387 392.75 394.125 394 398.3125 406.625 419.875 430.625 -9999 -9999 -9999 -9999 -9999 -9999 -9999 -9999 -9999 -9999 -9999 -9999 -9999 -9999 -9999 -9999 -9999 -9999 -9999 -9999
122.25 141.1875 149.25 132.75 132.6875 112.625 112.125 119.375 127.6875 160.1875 183.9375 157.3125 129.25 212.3125 267.125 188.4375 165.9375 171.8125 245.3125 237.5 250.25 254.4375 248.9375 248.625 252.3125 260.375 274.3125 284.875 290.5625 297 300.8125 304.5 312.5 316.875 322.375 338.125 350.5 358.75 367.5625 370.625 382.5625 402.25 398.8125 398.25 395.4375 405.5625 414.5625 424.3125 432 -9999 -9999 -9999 -9999 -9999 -9999 -9999 -9999 -9999 -9999 -9999 -9999 -9999 -9999 -9999 -9999 -9999 -9999 -9999 -9999
134.75 166.875 157.625 172.8125 143.5 131.125 124.8125 130 133.875 159.375 196.8125 243.125 149.125 192.25 256.375 166.25 163.125 174.6875 258.125 243.75 250.5625 254.8125 245.0625 258.4375 269.6875 286.75 286.3125 295.0625 306.375 302.375 303.3125 304.0625 310.375 316.625 323.0625 334.3125 349 362.1875 370.875 369.375 380.875 395.6875 398.125 399.25 402.0625 414.0625 418.6875 419.1875 -9999 -9999 -9999 -9999 -9999 -9999 -9999 -9999 -9999 -9999 -9999 -9999 -9999 -9999 -9999 -9999 -9999 -9999 -9999 -9999 -9999
176.875 164.8333 148.3125 164.25 135.125 141.3125 130.4375 131.0625 133.8125 140.875 163.625 237.125 245.1875 186.875 200.625 178.5625 171 202 263.75 248 247.375 262.75 247.25 259 274.5625 293.5625 287.3125 296.5 315.375 311.0625 313.625 308.5 309.875 313.8125 319.0625 326.6875 339.375 348.875 357.6875 369.5 379.5 386.125 395.4375 411.125 415.5 422.1875 424.125 428.0625 -9999 -9999 -9999 -9999 -9999 -9999 -9999 -9999 -9999 -9999 -9999 -9999 -9999 -9999 -9999 -9999 -9999 -9999 -9999 -9999 -9999
-9999 -9999 -9999 -9999 139 138.5 131.625 168.875 159.875 206.8125 222.9375 224.75 286.125 208.5625 175.5 210.8125 214.375 235.625 257.8125 247 244.75 249.875 240.8125 256.75 274.4375 278.875 286.875 305.25 321.25 310.4375 305.4375 297.875 305.6875 317.5625 323.25 325.75 335.6875 345.375 351.625 369.6875 379 382.875 389.75 401.875 415.75 433.875 431.125 432.1875 -9999 -9999 -9999 -9999 -9999 -9999 -9999 -9999 -9999 -9999 -9999 -9999 -9999 -9999 -9999 -9999 -9999 -9999 -9999 -9999 -9999
-9999 -9999 -9999 -9999 -9999 -9999 -9999 -9999 -9999 -9999 215.9375 216 286.9375 178.4375 157.0625 228.125 234.0625 226.8125 250.8125 231.1875 227.125 237.25 242.0625 253.4375 264 271.9375 283.9375 294.8125 300.8125 300.4375 301.875 306 316.5625 331.3125 342.8125 335.3125 345.0625 358.8125 364.0625 374.6875 380.125 383.8125 390.1875 388.5 410.875 428 434.375 436.3125 -9999 -9999 -9999 -9999 -9999 -9999 -9999 -9999 -9999 -9999 -9999 -9999 -9999 -9999 -9999 -9999 -9999 -9999 -9999 -9999 -9999
-9999 -9999 -9999 -9999 -9999 -9999 -9999 -9999 -9999 -9999 199.75 204.4375 254.375 181.5625 186.4375 277.875 261.625 269.75 272.4375 214.9375 211.125 220.375 229.6875 246.375 261.5625 269.0625 281.75 287.6875 303 304 310.0625 316.375 319.4375 330.875 340.625 342.4375 355.0625 367.9375 367.1875 372 374.0625 384.125 393.25 398.6875 412.25 422.25 436.875 450.375 -9999 -9999 -9999 -9999 -9999 -9999 -9999 -9999 -9999 -9999 -9999 -9999 -9999 -9999 -9999 -9999 -9999 -9999 -9999 -9999 -9999
-9999 -9999 -9999 -9999 -9999 -9999 -9999 -9999 -9999 -9999 230.8125 201.25 243.6875 213.9375 256.375 258.1875 294.6875 259.6875 264.625 204.8125 201.3125 208.6875 228.0625 243.75 257.125 266.25 280.1875 295.75 307.1875 305.5625 314.6875 318.0625 314.375 328.3125 334.8125 346.75 360.625 364.6875 369.5625 379.1875 381.9375 391.25 395 409.0625 414.875 425 435.6875 449.375 -9999 -9999 -9999 -9999 -9999 -9999 -9999 -9999 -9999 -9999 -9999 -9999 -9999 -9999 -9999 -9999 -9999 -9999 -9999 -9999 -9999
