Env_Vars_Sept202022/Set_1/msp_sept20.asc.asc
ncols         145
nrows         190
xllcorner     -2197417.7431653
yllcorner     -584827.01486885
cellsize      20000
NODATA_value  -9999
[rows 31 to 61 of 190, columns 0 to 68 of 145]
-9999 -9999 -9999 -9999 -9999 -9999 -9999 -9999 -9999 -9999 238.3333 223.9375 194.9375 219.25 197.75 177.6875 208 200.3125 233.3125 193.3125 200.75 236.5 272.625 355.5625 293.9375 350.6875 362 312.1875 336.25 326.5625 293.25 305.375 395.125 402.125 401.5625 394.1875 339.4375 273.9375 258.4375 212.8125 214.375 182.6875 166.1875 164 165.75 168.3125 167.875 168.5 168.6875 165.625 165.8125 164.875 165.1875 164.8125 160.3125 157.5 155.5625 154.375 150.8125 148.3125 147.0625 142.8125 139.125 137.6875 134.6875 133.125 133.4375 135.125 137.5
-9999 -9999 -9999 -9999 -9999 -9999 -9999 -9999 -9999 199.75 234.3125 250.125 226.4375 218.8125 234.6875 180.6875 252.1875 204.375 212.375 219.625 213.625 229.9375 251.5 303.6875 342.5 296.125 328.4375 310.6875 364.875 404.6875 361.125 430.4375 298.9375 448.125 403.625 414.125 377.375 380.75 287.25 217.3125 230.0625 210.875 178.4375 170.1875 170.5833 171.5625 173.4375 173.5 172.8125 173.9375 170.5 169.4375 168.8125 167.125 164.9375 163.0625 159.8125 156.125 152.9375 152.5625 150 146.75 138.625 137.25 134.4375 132.9375 132.375 132.3125 131.1875
-9999 -9999 -9999 -9999 -9999 -9999 -9999 -9999 -9999 206.4375 238.5 244.9375 268.125 241.6875 223.6875 174.5 228.1875 251.625 225.0625 276.375 233.6875 276.625 328.0625 285.6875 282.3125 282.125 316.375 309.4375 338.8125 325.25 474 410.125 392.0625 435.5625 357.3125 419.1875 367.6875 297.5625 278.1875 304.375 255.3125 245.25 191.125 176.5625 176 176.5833 179.875 177.875 178.6875 179 178.3125 175.5 174.6875 171.125 166.375 163.9375 160.6875 159 153.0625 149.8333 146.8125 143.875 139.4167 138 133.5 129 128 128.1875 128
-9999 -9999 -9999 -9999 -9999 -9999 -9999 -9999 249.4167 240.5625 226.3125 249.9375 229.25 274.1875 216.625 215.6875 190 204.375 222.4375 239.5625 235.875 284.6875 330.4375 232.4375 244.875 282.75 280.5625 290.625 283.375 350.3125 348 408.5625 368.0625 415.25 373.5 427.5625 380.25 319.625 332.3125 390.8125 328.8125 311.625 223.25 184.75 185.5 182 182.5 184.75 183 183.625 184.125 182.9375 181.8125 174.875 169.75 173.5 -9999 -9999 -9999 -9999 -9999 -9999 -9999 -9999 -9999 -9999 129 128.5 128.5625
-9999 -9999 -9999 -9999 -9999 -9999 -9999 454.25 299.6875 261.3125 274.75 296.25 235.8125 282.375 203.125 217.1875 209.1875 201.0625 259.0625 235.5625 229.5625 255.1875 243.3125 264.9375 260.5 237.375 298.25 334.625 279.8125 296.125 304.5 347.375 356.0625 408.1875 372.5 411.75 362.375 383.0625 371 401 374.4375 314.5 343.75 279 203.8125 194 187.125 189.3125 190.9375 188.375 188.5625 187.625 184.3125 177.4375 172.5 168.4167 165.375 162.75 157.75 153.4167 -9999 -9999 -9999 -9999 135 133.625 135 137.0625 130
-9999 -9999 -9999 -9999 -9999 -9999 -9999 499.5625 348.8125 297.4375 252.75 266.5625 247.25 248.9375 199.9375 153.4375 205.375 209.625 236.5 261.875 269.875 222.75 227.375 208.625 199.6875 243.8125 287.25 265.8125 228.6875 287 284.8125 299.9375 320.125 305.875 338.75 390.4375 408 382.5 433.5625 372.6875 379.25 373.75 303.625 328.875 292.6875 211.8125 184.5625 192.3125 196.125 195.6875 193.0625 190.5 188.3125 180.75 176.9375 171.1875 167.25 162.25 158.1875 156.9375 154.0625 146.5 -9999 -9999 134 133.5625 133.75 133.5 128
-9999 -9999 -9999 -9999 -9999 -9999 407.5 387.1875 315.4375 264.125 250.5625 251.0833 233.75 182.125 183.125 207.875 162.375 206.375 213.625 239.875 252.4375 235.25 264.125 260.3125 289.5 257.25 298.1875 248 196.75 242.1875 273.25 304.8125 363.6875 398.75 346.875 391.9375 480.375 474.9375 444.1875 437.4375 329.5625 338.4375 367.625 355.75 329.3125 274.3125 196.5625 197 199.5 200.5 195.8125 194.3333 190.9375 183.625 177.5625 172.375 166.6875 165.875 161.5625 -9999 153.1667 147.6667 -9999 -9999 -9999 -9999 131.5 130 126.625
-9999 -9999 -9999 -9999 -9999 652.375 309.875 357.5 302 294.8125 300.1875 243.5625 223.9375 207 200.8125 230.875 229.3125 192 184.3125 209.6875 228.375 228.1875 295.375 284.4375 247.6875 253.125 199 230.125 203.25 227.75 288.3125 325.6875 457.75 419.125 409.8125 429.6875 444.4375 503.3125 462 437.0625 399.125 351.5 368.6875 352.6875 355 321.125 216.9375 204.0625 200.3125 205.4375 202.375 195.9375 192.3125 186.6875 179.25 173.6875 170 166.4375 161.875 155 -9999 -9999 -9999 -9999 -9999 -9999 -9999 -9999 -9999
-9999 -9999 -9999 -9999 851 895.5 587.0625 309.3125 347.125 256.1875 277.9375 278 234.875 193.625 201.4375 265.25 240.875 220.5 190.25 195.0625 193.3125 221.6875 256.5 328.6875 262.25 295.3125 257 251.1875 355.0625 385.5 380.375 366.75 403 500.0625 427.875 428.75 452.625 456.5 394.125 373.75 366.3125 337.1875 385.5 388.875 336.1875 322.3125 261.6875 208.5625 207.125 207.5 204.0625 197.5 193.4375 188.125 180.4375 177.125 173.75 165.5 -9999 -9999 -9999 -9999 -9999 -9999 -9999 -9999 -9999 -9999 127
-9999 -9999 -9999 -9999 980.9167 963.5 686.5625 338.9375 367.875 302.125 218.625 211.5 235.75 214.875 207.4375 241.75 230.9375 205.5625 182.25 200.875 207.8125 202.8125 212.5 210.5625 272.5625 248.625 281.625 392.1875 371.9375 340.0625 321.5625 406.6875 439.8125 466.125 484.125 529.875 505.5625 446.1875 369.1875 395.4375 408.5 359.4375 405.6875 374.8125 341.0625 312.6875 268.25 233.875 214.25 210.3125 205.0625 198.625 194.375 188.25 181.375 176.0833 171.25 166 -9999 -9999 155.25 155.125 146.6875 139 138.1667 136.5 130.625 124 126.4375
-9999 -9999 -9999 645.75 1028.438 1054.75 891 681.9375 482.375 220.25 276.1875 245.375 273.125 215.9375 213.5625 229.75 234.5 197.125 185.25 205.4375 203.3125 192.3125 188.5 192 267 294.8125 274.125 438.9375 441.0625 372.8125 373.75 383.6875 372.5 516.5 552.75 526.1875 451.5 441.125 361.0625 303.6875 319.5625 325.5 328.0625 306.75 350.3125 378.4375 287 249.625 260.875 229.625 206.875 199.75 197.0625 188.8125 182.8125 180.75 178.25 -9999 -9999 157.5 158.8125 154.625 147.1667 -9999 138.75 138.75 131.8125 126.75 128.5
-9999 -9999 1520 866.0625 995.875 1125.313 927.9375 939.125 534.9375 320.3125 237.9375 259 235.6875 221.9375 184.25 188.875 199.1875 206.5625 203.125 187.125 203.3125 194.625 221.125 240.125 193.6875 231.875 296.125 302.6875 296.5 366.4375 309.1875 415.3125 357.9375 401.5 492.5 386.1875 367.375 380.3125 358.1875 394 349.75 360.625 352.125 389.375 290.1875 299.9375 275.625 256.8125 284.6875 222.3125 207.3125 204.0625 199.375 191.625 184.5 180.0625 175 170.1667 162.875 159 155.25 149.5 -9999 142.25 140.25 137.875 135 132.125 127.875
-9999 -9999 1885.375 1589 1208.063 1116.688 937.625 849.9375 472.0625 459.125 214.4167 263 280.4375 257.75 197.8125 191.875 199.1875 216.3125 197.1875 196.5 207.625 224.875 236.4375 339.3125 256.1875 240.5625 230.5 300.25 292.4375 328.6875 384.0625 359 437.1875 392.5 385.4375 368.375 334.9375 318.6875 398.6875 392.875 366.8125 397.875 325.125 361.0625 380.6875 336.8125 276.8125 245.25 233.4375 218.125 207.8125 207.4375 201.9375 196.625 185.9375 179.3125 174.4375 169.0625 164.625 -9999 154.875 151.1667 149.5 147.5 142.0625 136.4375 131.75 131 132.625
-9999 1927.417 2117 1930.438 1417.813 1365.25 1287.125 935 715.0625 558.1875 373.5 225 297.625 218.125 170.875 213.25 227.4375 222.5625 214.125 185.5625 193.375 191.75 282.1875 303.5625 232 276.0625 248.5625 246.9375 311.8125 276.4375 345.0625 377.3125 388.8125 391.1875 332 329.5 333.125 316.5625 356.25 382.3125 357 360.8125 404.5 394.5625 417.8125 319.375 288.5625 276.3125 243.25 220.875 209 209.3125 208.4375 196.3125 186.625 184.5 184.0625 169.75 164 160 157.0625 157.125 154.875 152.875 146.3125 136.25 131.75 131.8125 133.1875
1398.25 1862.5 2242.438 2779.625 2552.625 1986.625 1515.25 1180.563 721.3125 670 199.625 218.875 320.5625 235.375 206.875 220.875 218.25 203.125 187 203.625 197.9375 194.1875 269.75 230.9375 222.125 204.8125 293.25 274.8125 272.1875 317.75 312.8125 380.1875 379 319.0625 297.125 317 340.75 336.4375 379.625 376.3125 426.5625 357.6875 386.5625 350.75 298.6875 288.375 299 274.25 232.0625 219.75 210.25 208.8125 210.0625 198.9375 187.4375 183.1875 177.25 179.375 167.75 162.25 158.9375 156.6875 158.8125 159.5 157.4375 140.1875 132.5 132.75 134.75
1302.625 1363.521 2266.938 2954.188 3122.75 2429.563 1677.688 1434.625 659.1875 496.3125 355.125 199.375 242.625 239.5 221.25 256.1875 215.5 195 189.3125 192.1875 189.75 197.0625 223.4375 269.3125 253.25 194.375 219.75 263.9375 289.5 361.125 428.625 387.875 388.375 344.75 338.8125 351.375 333.625 332.25 378.75 394.6875 368 388.875 388.625 369.1875 336.9375 302.875 287.4375 278.125 246.875 226.875 213.25 204.375 204.375 197.1875 190.3125 186 179.875 171.3125 166.125 164.125 160.1875 159.8125 158.1875 152.6875 149.3125 142.75 135.0625 133.25 135.125
1164 1520.875 1938.688 2453.25 3187.188 2950 2201.75 1370.063 822.4375 573.8125 287.1875 287 254.5625 229.875 249.75 199.25 211.5625 202.1875 205.9375 188.125 183.125 202.6875 230.625 264.3125 330.875 262.4375 181.3125 209.125 270.5 321 284.0625 344.375 347.5625 320.1875 297.75 344.875 293.1875 400 394.75 360.25 428.625 402.6875 423.875 380.0625 324.6875 322.875 280 276.6875 255.125 225.25 216.8125 206.0625 205.9375 197.375 192.5625 188.125 178.9375 171.6667 168 164.5 162.125 163 159.25 151.375 150.25 147.0625 136.625 135 135.875
-9999 1549.313 1766.813 1947.5 2417.75 2948 2456.25 1550.688 811.125 493.4375 277.9375 226.1875 181.1875 187.875 220.0625 230.375 207.8125 227.3125 189.0625 211.0625 200.1875 192.4375 236.875 250.3125 307.25 265.3125 232.6875 189.3125 183.5625 198.5625 274.5 302.5 330.0625 312.6875 292.5625 330.3125 317.25 333.3125 364.9375 313.5625 427.875 441.375 413.625 335.9375 323.5625 355.6875 319.3125 275.25 265.625 223.875 217.625 207.1875 212.125 199.1875 192.25 185.875 179.5 173.6667 169 164.5 162.8125 161 157 152.125 148.875 147.8125 143.1875 135.4375 136.375
-9999 -9999 1429.25 1440 1559.625 1961 2545.375 1525.875 777.1875 591.6875 293.25 296.1875 214.625 227.0625 176.25 209.625 170.375 242.9375 180.5 215.6875 222.5625 294.75 287.625 299.375 325.625 332.625 297.1875 175.75 195.4375 261.6875 252.375 250.1875 298.875 261.125 299.9375 346.4375 327.3125 300.8125 382.125 350 447.625 441.4375 407.625 317.625 407 356.5 303.5625 286.8125 254.125 237.875 223.3125 209.4375 212.6875 201.375 193.0625 187.625 185.25 177.375 169.5 165.3125 163.1875 159.5 155.25 151.8333 149.5625 147.5625 142.625 136.9375 138.0625
-9999 -9999 -9999 -9999 1679.417 2176.375 2031.188 1223.938 784.9375 641.1875 278.3125 211.8125 159.8333 259.0625 211.8125 188.375 212 189.125 208.25 241.3125 217.6875 338.3125 289.8125 251.3125 307.875 334.4375 372.1875 285.75 207.25 223.25 224.125 237.375 297.4375 299.5 331.375 323.5 337.25 329.9375 411.8125 301.1875 394.5 404.375 324.4375 374.3125 370.9375 315.1875 292.3125 289.5 267.25 268.875 214.875 210.0625 211.8125 204 195.125 189.3125 184.1875 177.1875 170.9375 166.875 165.75 164.8125 165.625 160.9375 149.125 145.75 142.75 139.5 139.6875
-9999 -9999 -9999 1415.125 1743.75 1901.438 2231.125 871.375 599.1875 802.4375 472.125 328 354.375 250.5625 258.375 300.4375 273.75 211.0625 227.75 247.5 210 280.0625 358.375 234.875 303.625 272.25 333.5 385.5625 297.1875 239.25 225.25 252.0625 291.6875 293.4375 290.0625 359.75 325.25 379.5 415.625 266 396 408.1875 360.0625 460.4375 365.125 364.4375 332.8125 295.8125 244.5625 243.4375 219.1875 209.6875 210.1667 202.1875 196.625 189.8125 183.25 177.8333 172.75 170 167.25 164.3125 163.625 154.125 149.25 146.1875 142.25 140.875 140.1875
-9999 -9999 -9999 1408.875 1489.813 1667.438 1836.563 712.5 744.3125 687.875 445.125 445.3125 780.6875 346.875 278.25 276.4375 293.25 202.4375 204.1875 205.0625 218.5 317 315 182.6875 282.4375 258.75 259.3125 353.6875 303.6875 330.0625 271.9375 255.0625 259.9375 282.8125 282.9375 394.8125 377.9375 432 464.0625 319.25 433.0625 437.9375 455.9375 400.1875 393.875 407.625 351.4375 317.875 262.0625 248.0625 220.625 212.125 210.5625 206.6875 198.5625 191.25 186.375 180.3125 176.3125 172.3125 165 161.125 156.5625 151.75 147.5833 146.375 144.3125 140.6667 139.6875
-9999 -9999 -9999 -9999 1527.125 1869.563 1553.563 693.75 622.3125 549.625 533.75 576.8125 698.5625 390.8125 300.5 234.75 221.125 212.5625 164.9167 195.8125 232.625 336.9375 218.875 223.0625 225.5 225.375 247.5625 221.5625 272.0625 320.1875 304.375 275.75 234.375 240.4375 275.5625 354.875 301.3125 392 374.5 268.1875 394.75 371.8125 400.625 416.0625 355.25 357 361.25 308.1875 281.625 238 220.875 213.9375 212.6875 208.8125 199.875 192.25 186.375 180.0625 175.8125 171.3125 164.25 159.0625 155.875 151.3333 149 146 146.5 141.4375 140.875
-9999 -9999 -9999 -9999 1351.5 1427.438 1766.188 856.125 586.875 515.3125 542.125 397.1875 523.625 442.375 444.1875 291.3125 164.3125 175.375 143.9375 186.4375 222.3125 266.8125 255.625 288.0625 223.5625 215.8125 211.0625 192.625 261.9375 254.8125 313.5 268.0625 242.25 266.9375 337.8125 323.375 285.0625 345.625 360.375 329.8125 277.4375 345.1875 346.4375 414.5625 410.5 354.0625 340.4375 300.9375 280 230.1875 221.375 219.0625 213.3125 204.9375 197.5 190.4375 185 178.6667 172.25 167.4375 163.3125 158.875 155.4375 152.125 149.5 147 145.5 142.625 140.375
-9999 -9999 -9999 -9999 -9999 1356.25 1849.313 955 683.875 708 551.4375 398.5 413.625 555.4375 461.25 335.8125 193.375 137.5625 166.75 197.0625 254.6875 213.8125 307.75 262.8125 219.125 206.4375 208.625 218.25 219.125 243.1875 301.75 301.375 289.4375 283.75 329.9375 274.875 263.1875 376.375 292.625 380.75 288.3125 311.125 343.9375 348.875 378.6875 374.0625 364.875 310 287 231.75 225 221.9375 218.6875 207.75 198 191.625 186 179.625 174.1875 166.5 162.1875 158.625 155.5 152.1875 149.875 149.375 146.5 144 142.3125
-9999 -9999 -9999 -9999 -9999 1434.375 2149 857.875 605.375 622.9375 560.75 312.375 440.375 477.1875 468.9375 369.3125 344.375 160.8125 176.625 194.1875 229.875 220.0833 203.875 226.375 277 236.75 255.75 254.5625 234.875 224.625 278.125 282.25 303.1875 365.5 331.3125 263.5 254.6875 321.9375 322.8125 304.1875 266.9375 324.75 297.9375 316.4375 401.1875 422.4375 348.5625 339.125 266.375 236.8125 226.375 221.5 218 209.5 200.75 194.5625 189 183.125 176.875 169.8125 163.0625 158.125 156 152.125 151.5625 150.375 149.6875 145.75 143.1667
-9999 -9999 -9999 -9999 -9999 1552.333 2887.438 1107 613.5 605.8125 668.9375 380.4375 427.0625 477.75 493.625 426.9375 229.6875 188 206 202.75 219.375 181.4375 207.75 249.75 251.9375 282.3125 257.6875 290.375 246.5 233 297.5625 286.25 278.3125 372.3125 297.9375 303.5 322.5625 288.0625 328.1875 282.6875 290.6875 293.1875 273.5625 303.6875 386.125 436.25 345.25 326.375 243.6875 237.625 232.875 225.5 215.125 208.125 202.5 197.625 194.5 195.4375 192.625 186.375 171.125 158.625 153.875 152.5 151.625 152 150.1875 148.625 147.1667
-9999 -9999 -9999 -9999 -9999 1944.125 3275.75 2150.688 833.75 609.25 659.5833 832.6875 361.375 422.875 455.5 389.9375 207.25 209 223.375 258 236.9375 229.875 205.875 249.4375 262.4375 277.75 278.5 238.9375 247.25 233 247.5625 267 326 283.625 348.25 296.9375 260.8125 300.5625 308.8125 325 284.75 318 326.8125 340.5 402.625 451 371.1875 308.625 253.625 244.1875 238.3125 234.125 218.8125 209.25 202.5 199.125 198.6875 202 198.9375 194.75 191 167.9375 156.75 151 151.375 152.125 151.625 148.6875 152.625
-9999 -9999 -9999 -9999 -9999 1252.25 3572.375 2920.25 1114.625 617.1667 599 971 896.5 503.0625 503.875 519.75 309.6875 245.625 229.8125 254.5625 263.3125 259 206.3125 208.875 302.0625 278.8125 256.625 248.3125 210.375 221.375 244.4375 268.9375 308.1875 278.5625 293.9375 278.875 308.0625 294.625 304.5625 321.25 293.3125 342.9375 365.6875 394 355.8125 427.25 350.375 260.0625 260.0625 247.125 240.1875 233.625 221.8125 211.5625 202.1667 196.9375 196.9375 204 202.875 197.375 191.6667 181.9375 164.9375 154.8125 150.4375 151.9375 153.875 152.25 151.5
-9999 -9999 -9999 -9999 -9999 -9999 1367.167 1778.063 901.4167 -9999 676.0625 936 812.125 607.375 1209.813 1059.313 312.875 237.5833 201.6875 224.8125 320.5625 205.625 205.3125 283.25 259.625 271.5 265.9375 207.0625 206.8125 219.3125 230.1875 252.6875 294.375 284 296.125 278.75 293.625 301 313.9375 304.8125 339.25 329.0625 332.375 342.6875 427.0625 340.4375 281.1875 266.8125 256.8125 249.5625 239.6875 230.0625 225.25 211.8125 204.4375 196.375 191.125 187 182.25 180.3125 181.0625 169.6875 161.625 151.75 150.0625 152.25 152.875 153.75 154.25
-9999 -9999 -9999 -9999 -9999 -9999 1229.5 1212.875 846.5833 596.25 788.1875 913.125 1306 1366.813 2523.75 1616.688 428.375 222 165.6875 211 310.125 193.4375 252.125 350.5625 295.375 273.375 239.375 216.3125 208.4375 232.4375 232.75 240.1875 258.3125 265.875 317.3125 276.5625 281.25 324 308.8125 296.375 346.6875 360.5 384.75 436 515.75 412.5625 299.625 267.8125 256.1875 247.8125 239.625 232.125 227.5625 214.875 206.875 197.8125 190.75 185.0625 180.375 172.9375 167.9375 160.6875 153.4375 150 150.5 153.8125 156.0625 156.125 157.5
