Env_Vars_Sept202022/Set_1/msp_sept20.asc.asc
ncols         145
nrows         190
xllcorner     -2197417.7431653
yllcorner     -584827.01486885
cellsize      20000
NODATA_value  -9999
[rows 124 to 154 of 190, columns 69 to 137 of 145]
211.6875 206.1875 206.0625 215.1875 213.25 203.5625 207.6875 213.5625 212.75 206.9375 203 205.0625 223.375 226.6875 230.6875 237.625 220.25 234.6875 234.375 236.625 244.75 241.5625 233.25 241.25 254.625 272.9375 279.875 284.25 286.1875 285.4375 281.5625 281.5625 283 283.75 286 304.125 314.5 324.6875 330.125 315.25 315.9375 317.9167 312.25 304.3125 291 287.5 291.3333 297.5 303.0625 311.375 320.75 333 337 -9999 -9999 -9999 -9999 -9999 -9999 -9999 -9999 -9999 -9999 -9999 -9999 -9999 -9999 -9999 -9999
207 195.875 191.125 201.25 207.0625 201.125 207.5625 219.3125 214.25 207.9375 205.1875 216.4375 234.875 228.625 232.3125 229.5625 224.5 223.5625 220.3125 233.1875 236.6875 236.75 232.625 241.375 252.3125 270.9375 284.5625 287.4375 289.75 290 283.5625 281.4375 282.75 285.375 288.3125 296.875 309.4375 320.625 324.75 317.875 319.6875 321.5 317.3125 306.625 294.625 285.1667 291.0625 300.5625 309.25 320.375 329.5 335.75 -9999 -9999 -9999 -9999 -9999 -9999 -9999 -9999 -9999 -9999 -9999 -9999 -9999 -9999 -9999 -9999 -9999
205.1875 189.875 192.8125 199.375 206.375 207.5625 213.625 220.9375 216.125 213.5 212.625 217.875 221.0625 227.875 229.875 228.5 221.1875 223.375 228 234.9375 237.375 235.5625 231.3125 246.6875 250.375 261.3125 275.8125 285.1875 290.125 289.125 284.5 281.875 282.3125 285.75 289.375 292.1875 304.125 310.875 313.875 318.625 322.0625 326.75 318.375 309.0625 296.625 288.25 292.9375 304.6875 315.125 327.4375 335.5625 337.3333 339 -9999 -9999 -9999 -9999 -9999 -9999 -9999 -9999 -9999 -9999 -9999 -9999 -9999 -9999 -9999 -9999
206.5 198.8125 198.75 200.1875 204.625 208.625 212.1875 214 215.875 215.125 220.3125 218.5625 220.1875 225.1875 227.3125 222.0625 227.6667 233.0625 237.125 234.8125 236.375 241.4375 234.625 243.5625 252.0625 254.4375 266.9375 277.9375 289 284.875 282 280 280.9375 284 288 290.25 302.75 316.5 320.6875 325.9375 334.75 335.1875 322.6875 310.5 302.5 293.25 298.4167 307.8125 320.25 330.6875 336.4375 338.0833 -9999 -9999 -9999 -9999 -9999 -9999 -9999 -9999 -9999 -9999 -9999 -9999 -9999 -9999 -9999 -9999 -9999
202.75 196.75 199.8125 203.25 207.1875 207.875 209.25 206.75 212.4375 218.25 219.875 225.8125 227.0625 227.25 227.125 236.6875 238.5625 239.375 235.6875 235.625 237.125 240.375 242.9375 243.1875 255.8125 260 260.8125 265.125 279.0625 281.9375 278.6875 277.5625 279.375 282.125 286.25 288.3125 301 314.875 327 332.9375 340.75 341.5625 321.4375 311.5625 302 298 302 310.25 322.0625 332.625 337.5 338.3333 -9999 -9999 -9999 -9999 -9999 -9999 -9999 -9999 -9999 -9999 -9999 -9999 -9999 -9999 -9999 -9999 -9999
203.375 201.125 204 205.1875 206.25 202.8125 205.125 207.5 212.3125 219 222.1875 225.25 225.5 228.0625 228.9375 231.3125 241.5 246.375 241.125 233.5 234.1875 238.1875 243.625 243.625 254.375 270.9375 277.125 271.6875 271.4375 277.0625 274.4375 273.625 278.875 282.375 284.25 288.125 299.3125 311.3125 323.9375 330.5 336.5625 341.3125 329 309.3125 302.75 301.625 -9999 315 323.875 333.125 339.0625 339.5 -9999 -9999 -9999 -9999 -9999 -9999 -9999 -9999 -9999 -9999 -9999 -9999 -9999 -9999 -9999 -9999 -9999
209.9375 207.5625 206.25 206.3125 205.8125 206.75 212.9375 216.6875 217.4375 221.875 224.6875 226.5 226.125 227.5625 230.875 233.625 237.9375 236.5625 242.8125 247.0625 239.375 236 244.8125 251.0625 253.1875 256.0625 277.375 279.4375 281.375 277.75 275.1875 276.375 281.25 285.5 285.625 288.125 296.3125 310.875 320.1875 326.4375 330.5625 334.4375 325.8125 308 302.75 303.75 307 -9999 325.9167 334.0625 340 339.375 -9999 -9999 -9999 -9999 -9999 -9999 -9999 -9999 -9999 -9999 -9999 -9999 -9999 -9999 -9999 -9999 -9999
211.6875 208.625 213.9375 214.9375 213 215.6875 224.5625 224.625 222.625 230.6875 239.625 228.125 229.5 230.1875 228.3125 231.875 234.3125 234.4375 237.6875 244.75 245.625 247.0625 250.9375 253.6875 259.5 262.0625 269 278.6875 283.8125 287.6875 289.125 288.125 288.1875 288.125 289.4375 290.4375 294.25 306.6875 316.625 321.6875 325.5 323.0625 314.375 308.25 304.25 306.25 -9999 320.75 328.4167 334.625 340.1875 339.625 338.625 -9999 -9999 -9999 -9999 -9999 -9999 -9999 -9999 -9999 -9999 -9999 -9999 -9999 -9999 -9999 -9999
209.75 210.5625 220.25 239.0625 245.1875 231.8125 232.375 244.4375 251.5625 241.1875 229.875 227.6875 221.3125 218.5 220.5 228 233.6875 229 234.3125 241.6667 244.25 256.25 259.4375 255.5625 262.5 266.5 266.5 272.0625 279.875 283.3125 290.5625 296.8125 296.75 298.8125 291.625 293.625 296.1875 301.5625 310.625 314.1875 316.8125 316.125 311 310.5 306.75 307.625 312.75 320.4375 326.875 334.625 340.875 341.5 341.5 -9999 -9999 -9999 -9999 -9999 -9999 -9999 -9999 -9999 -9999 -9999 -9999 -9999 -9999 -9999 -9999
210.375 207.125 212.125 214.375 216.9375 213 216.375 234.75 244.375 227.125 231.125 224.875 216.875 215.875 218.625 225.8125 239.8125 240.6875 241 248.75 238.8125 242.5625 258.8125 259.625 265.375 276.4375 273.3125 271.5 273.5 279.5 291.4375 307.3125 307.375 303.875 302.5 303 300.625 299.125 304.6875 306.6875 308.9375 308.6875 309.75 311.4375 311 311.75 316.6875 322.0625 328.0625 335.0625 341.5 342.9375 342.3125 -9999 -9999 -9999 -9999 -9999 -9999 -9999 -9999 -9999 -9999 -9999 -9999 -9999 -9999 -9999 -9999
213.3125 205.25 205.625 199 191 194.875 194.25 210.625 220.5625 212.5625 228 219.8125 213 218.0625 219.75 223.8125 241.6875 243.125 238.5 235.5625 222.1875 240.3125 253 260 264.75 271.4375 271.625 272 272.6875 276.1875 281.125 295.5 305.5625 305.5 306.5 305.75 301.625 299.375 301.75 306.5 308.5625 307.8125 307.5 309.125 311.8125 315.5 319.0625 324.25 328.6875 334.75 340.9375 343 344 -9999 -9999 -9999 -9999 -9999 -9999 -9999 -9999 -9999 -9999 -9999 -9999 -9999 -9999 -9999 -9999
232.25 210.4375 199.75 196 188.4375 190.5625 192.6875 222.0625 215.9375 213.375 219.4375 213.75 204.875 215.75 226.0625 225.5625 234 238.9375 240.75 241.1875 234.5625 240.75 252.125 263.9375 269.0625 268.125 269.3125 269 267.375 273 279.25 282.4375 288.375 298.5625 304.625 305 302.4375 300.25 302.8125 305.4375 309.625 310.5625 308.9375 310 314.25 322.1875 322.125 324.75 329.4375 334.75 338.875 341.5 343.8125 -9999 -9999 -9999 -9999 -9999 -9999 -9999 -9999 -9999 -9999 -9999 -9999 -9999 -9999 -9999 -9999
259.1875 202.125 195.5625 193.3125 195.0625 195.875 202.4375 216.6875 223.3125 218.75 217.75 212.4375 210.9375 212.0625 221.375 221.0625 232.9375 239.5625 240.8125 243.9375 253.8125 250.1875 253.875 261.0625 265.0625 267.75 268.375 268.3125 266.9375 272.9375 277.875 283 283.8125 289.8125 299.5625 300.4375 302.25 301.6875 304.3125 311.25 314.8125 314.75 314.4167 314.125 319 324.8125 331.875 319.4375 324.3125 329.3125 334.3125 337.0625 343.5 -9999 -9999 -9999 -9999 -9999 -9999 -9999 -9999 -9999 -9999 -9999 -9999 -9999 -9999 -9999 -9999
199.5 194.4375 193.0625 193.5625 198.875 200.8125 207.5 214.3125 227.625 220.5 217.625 212.375 206.625 217.5625 216.3125 216.5625 229 238.5625 238.75 243 252.5625 247.8125 250.4375 257.5 263.125 269.25 267.625 268.75 271.0625 274.3125 276.75 280.0625 275.4375 282 299.4375 295.5 302.625 304.9375 309.1875 317.0833 320.25 317.875 314.875 312.875 316.75 320.1875 330.3125 322.4375 318.9375 323.4375 328.375 332.4375 340.1875 -9999 -9999 -9999 -9999 -9999 -9999 -9999 -9999 -9999 -9999 -9999 -9999 -9999 -9999 -9999 -9999
185.1875 188.4375 191.5625 198.125 196.6875 202 212.625 213.375 217.25 221.8125 217.375 212.0625 202.6875 224.875 208.75 213.25 228.25 234.9375 232.125 234.625 237.4375 240.9375 244.4375 253.5 260.4375 262.6875 261.9375 265.5 269.625 272.9375 277.8125 284.5625 288.0625 288.6875 294.5 300.125 305 305.6875 310.125 338.125 339.875 329.0625 319.1875 313 316.375 319.8125 319.6875 326.5 314.75 317.8125 322.6875 326.8125 335.8125 -9999 -9999 -9999 -9999 -9999 -9999 -9999 -9999 -9999 -9999 -9999 -9999 -9999 -9999 -9999 -9999
168.3125 180.0625 191.8125 199.0625 213.875 234.5625 236.1875 221.5625 206.875 211.0625 216 216.375 206.8125 208.25 211.5625 215.3125 227.5 224.75 228.0625 230.0625 233.375 237.5 241.5625 245.4375 248.5625 253.75 255.4375 261.3125 263.8125 267.75 276.375 286.9375 299.25 288.75 292.3125 298.75 298.625 299.875 303.125 316.9375 316.875 322.375 317.375 309.875 314.1875 315.6875 320.625 325.6875 320.4375 317.6875 318.625 321.125 329.625 -9999 -9999 -9999 -9999 -9999 -9999 -9999 -9999 -9999 -9999 -9999 -9999 -9999 -9999 -9999 -9999
182.6875 191.5 201.5625 212.5 276.375 310.6875 289.125 265.4375 226.875 213.1875 211.0625 222.125 218.5 211.75 225.8125 216.5 217.5 222.875 227.0625 228.75 233.4375 239.375 242.6875 243.5 242.3125 247.0625 254.375 255 261.1875 264.875 279.25 286.875 288.25 282.75 290 294.625 295.6875 297.4375 297.3125 295.375 300.0625 306.5 308.4375 306.0625 307.25 312 316.5 320.5 321.9375 320.125 317.3125 320.9375 330.4375 -9999 -9999 -9999 -9999 -9999 -9999 -9999 -9999 -9999 -9999 -9999 -9999 -9999 -9999 -9999 -9999
208.75 209.4375 210.875 228.3125 256.4375 280.875 280.625 258.9375 240.75 232.125 219.5 222.4375 220.5625 216.3125 227.8125 211.75 209.3125 218.0625 227.8125 232.1875 238.5 241.5625 244.0625 243.1875 243.0833 249.25 253.375 251.25 259.6875 263.875 271.1875 287.6875 290.125 286.6875 287.875 288.6875 297.75 301.1875 297.0625 290.0625 301.25 304.0625 299.8125 297.5625 298.8125 305.5 310.4375 317.5 326.25 327.5625 317.3125 325.3125 329.3125 -9999 -9999 -9999 -9999 -9999 -9999 -9999 -9999 -9999 -9999 -9999 -9999 -9999 -9999 -9999 -9999
224.8125 232.8125 238.4375 218.8125 221.375 236.5 250.25 239.1875 294.3125 264.5625 226.875 222.3125 218.5 220.9375 218.375 213.25 208.625 212.4375 229.375 235.375 240.1875 247.625 246.1875 245.25 246.375 252.8125 254.75 246.25 262.3125 265.3125 273.4375 285.125 290.5 289.3125 297.1875 298.5625 302.625 309.875 301.5 290.375 304.125 304.5 295.4375 292.5 298.8125 304.9375 310.6875 318.5625 327.9375 332.4375 330.3125 334.6875 335.875 -9999 -9999 -9999 -9999 -9999 -9999 -9999 -9999 -9999 -9999 -9999 -9999 -9999 -9999 -9999 -9999
267.3125 265.875 247 233.375 218.875 233.1875 239.9375 228 220.5625 239.6875 230.75 225.8125 229.0625 229.9375 223.6875 218.875 212.25 223.625 227.8125 235.1875 240.9375 243.3125 244.4375 245.4375 248.0625 253.9375 253.1875 253.1875 260.9375 270.875 282.0625 288.9375 299.6875 300.3125 300.25 302.25 301.8125 302.0625 298.8125 291.875 294.75 297.5 298.3125 291.1875 303.125 306.8333 312.625 323.3125 333.25 338.75 338.5625 335.75 342.8125 -9999 -9999 -9999 -9999 -9999 -9999 -9999 -9999 -9999 -9999 -9999 -9999 -9999 -9999 -9999 -9999
297.5625 355.4375 265.9375 253.0625 247.875 259.6875 251.4375 237.3125 240.9375 233.4375 235.375 228.125 231.375 231.3333 226.5 224 223.5625 223 227.9375 231.6875 237.875 238.4375 240.875 243.125 248.375 251.875 256.5625 262.625 264.0625 280.25 289.3125 291.5 307.3125 307.625 302.75 301.25 300 296.6875 292.5 296.5625 291.1875 290.6875 299.75 297.375 302.375 309.3125 314.1875 322.625 334.1875 347 343.5 333.0625 344.625 -9999 -9999 -9999 -9999 -9999 -9999 -9999 -9999 -9999 -9999 -9999 -9999 -9999 -9999 -9999 -9999
298.6875 278 266.625 263.5625 259.4375 272.3125 258.5 247 236.3125 235.6875 241.1875 228.0833 235.5625 237.1875 234.3125 240.3125 233.0625 224.9375 226.8125 224.1875 227.6875 237.8125 239.9375 240.4375 245.125 247.6875 256.5625 262.9375 268.25 277.25 290.9375 292.75 301.875 302.8125 301.25 295.0625 295.5 293.4375 286.9375 291.625 285.9375 282.4375 292.8125 299.6875 303.625 309.25 315.9375 323.125 337.3125 344.8125 347.1875 348.375 352.375 -9999 -9999 -9999 -9999 -9999 -9999 -9999 -9999 -9999 -9999 -9999 -9999 -9999 -9999 -9999 -9999
332.75 301 279 266 267.875 303.4375 295.25 237.5625 220.75 228.9375 220.625 228.6875 237.625 233.6875 226.1875 226.25 228.4375 226.0625 225.3125 224.5625 226.375 234.4375 236.875 241.4375 244.75 250.6875 256.625 263.5625 276.0625 283.3125 289.6875 293.875 297.8333 298.25 296.5 292.5625 292 291.0625 291.8125 295.375 291.1875 290.125 292.5 300.3125 307.0625 311.75 317.75 326.375 343.25 346.6875 348.0625 349.8125 354.125 362.5 -9999 -9999 -9999 -9999 -9999 -9999 -9999 -9999 -9999 -9999 -9999 -9999 -9999 -9999 -9999
348.75 320.375 300.8125 254.75 294.125 314.875 295.9375 274.6875 232.625 227.6875 224.375 234.1875 239.5625 232.5 227.75 224.25 224.3125 222.8125 223.625 225.875 231.0625 230.1875 234.375 238.0625 244.4375 251.3125 256.1875 263.5625 274.25 284.5 293.75 296.6875 297.75 293.25 292.5 293.1875 294.75 293.125 292.375 295 287.1875 289.625 296 300.125 304.8125 309.125 314.875 326.625 338.1875 344.375 348.875 352.1875 353.625 360.375 -9999 -9999 -9999 -9999 -9999 -9999 -9999 -9999 -9999 -9999 -9999 -9999 -9999 -9999 -9999
318.5625 350.875 335.375 273.1875 404.375 432.8125 339.5 287.625 238.875 228.75 227.5 234.375 235.75 229.75 227.6875 221.5 219.5 218.4375 211.9375 226 231.5625 229.4375 233.4375 237.4375 246.1875 252.5625 258.5625 265.625 267.3125 284.5625 293.625 297.875 298.375 292.6875 292.5625 296.625 297.4375 298.6875 295.4375 295.5 290.5 291.0625 292.625 306.5 307.3125 308.9375 313.3125 321.75 332 341.875 350.8125 356.5 355.25 355.75 -9999 -9999 -9999 -9999 -9999 -9999 -9999 -9999 -9999 -9999 -9999 -9999 -9999 -9999 -9999
287.625 264 278.1875 272.8125 266.4375 307.6875 249.25 255.6875 240.8125 234.3125 237.1875 235.8125 226.625 216.375 222.4375 223.4375 217.6875 210.3125 215.5625 221.125 222.125 224.375 230.4375 236.9375 246.625 251.875 259.875 265.25 291.1875 292.6875 295.875 299.9375 301.375 298.9375 298.1875 297.375 291.375 289.375 288.75 294.875 298.5 298.25 294.5 302.75 304.6875 304.5625 309.6875 318.625 322.4375 338.5 349.5625 356.9375 353.25 355.375 -9999 -9999 -9999 -9999 -9999 -9999 -9999 -9999 -9999 -9999 -9999 -9999 -9999 -9999 -9999
289.5 273.8125 255.9375 241.4375 229.1875 228.25 231.8125 231.4375 230.25 232.4375 244.6875 239.9375 224.9375 215 218.5 219.8125 217.375 213.625 219.9375 219.9375 220.75 226.8125 232.375 236.5625 250.5625 254.5 263.125 272.0625 295.75 293.9375 292.375 301.25 304.4375 297.9375 293.75 297.0625 287.125 281.0625 278.125 292.0625 303.3333 308.75 304.875 302.375 304.375 307.875 313.5 320.0625 325.5625 338.125 344.75 349.1875 353.75 361.875 -9999 -9999 -9999 -9999 -9999 -9999 -9999 -9999 -9999 -9999 -9999 -9999 -9999 -9999 -9999
332.3125 375.8125 283.1875 257.5625 226.1875 235.6875 224.8125 225.875 230.9375 229.125 227.8125 225.9375 217.75 216.4375 218.875 220 220.4375 221.0625 223.0625 225.3125 228.125 238.0625 238 243.375 250.5625 256.6875 265.0625 275.625 285.3125 290.5625 293.1875 295.4375 296.9375 292.3125 286.5625 289.8125 282.75 278.875 278.4375 288.375 293.3333 302.9375 306.5833 306.1875 307 313.875 321.5 326.5 330.375 337.625 340.6875 345.8125 353.6875 358.25 -9999 -9999 -9999 -9999 -9999 -9999 -9999 -9999 -9999 -9999 -9999 -9999 -9999 -9999 -9999
373.4375 384.0625 286.125 283.1875 256.3125 245.375 226.375 226.5625 221.1875 212.875 212 211.3125 212.4375 215.875 221.3125 219 219.375 222.375 225.25 233.5625 232.3125 246.75 241.5 245.25 248.875 255.8125 265.625 277.3125 283.625 289.25 290.6875 287.75 289.75 298.4375 284.375 279.8125 278.4375 277 276.75 287 291.375 302.25 304.4375 306.3125 309.8125 314.4375 323.4375 330.5 328 331 338.9375 346.75 355.375 358 -9999 -9999 -9999 -9999 -9999 -9999 -9999 -9999 -9999 -9999 -9999 -9999 -9999 -9999 -9999
264.875 275.6875 252.1875 274 263.9375 231.5625 229.5625 216.9375 211.3125 213.6875 210.3125 206.9375 213.125 220.25 227.4375 224.875 221.5625 222.1875 221.0625 228.5625 231.8125 243.25 244.625 252.5625 255.875 258.8125 269.25 274.625 282.6875 288.3125 289.75 285.625 285.4375 290.125 281.1875 276.3125 269.8125 270.0625 270.0833 269.1875 276.125 296.25 307.1875 307.1875 312.25 318.0625 326.25 333.5625 326.9375 331.75 339 347.1875 357.9375 367.875 -9999 -9999 -9999 -9999 -9999 -9999 -9999 -9999 -9999 -9999 -9999 -9999 -9999 -9999 -9999
291.1875 276 271.8125 248.8125 238.5 236.6875 226.1875 205.5 210.625 225.0625 217.625 195.875 217.625 225.1875 234.5 227.25 218.375 217.8125 221.375 225.5625 231.5 235.875 249.625 257.9375 261.125 259.9375 269.75 274.5 281.375 296.875 288.5 287.3125 288.75 282.375 274.1875 268.4375 268.4375 269.25 268.125 271.0625 273.3125 287.0625 301.9375 304.0625 308.4375 316.375 329.75 325.9375 322.8125 329.6875 333.75 341.625 352.625 363 -9999 -9999 -9999 -9999 -9999 -9999 -9999 -9999 -9999 -9999 -9999 -9999 -9999 -9999 -9999
