Env_Vars_Sept202022/Set_1/msp_sept20.asc.asc
ncols         145
nrows         190
xllcorner     -2197417.7431653
yllcorner     -584827.01486885
cellsize      20000
NODATA_value  -9999
[rows 62 to 92 of 190, columns 69 to 137 of 145]
157.875 156.25 -9999 -9999 150 149.9375 151.625 153.625 157.125 158.5 156 -9999 156.5 157.75 162.25 162.0625 162.375 166.0625 161.4375 166.9375 170.5625 168.9375 169.8125 170.25 172.1875 174.5625 173.875 174.0625 171.5625 173.4375 177.1875 176.375 171.625 170.1875 168.6667 166.75 165.25 164.375 165.5833 167.9375 169.5625 172.0833 174.5 171.5625 170.375 168 174 179.5625 178.375 181.25 181.4375 179.1875 179.0833 179.375 181.375 177.875 178.875 176.125 175.75 176.3125 174.0833 174 -9999 -9999 -9999 -9999 -9999 -9999 -9999
158.5 157.0625 154.5 -9999 -9999 150.75 151.8125 155.25 159 155.75 157.4167 162.4167 169.5625 166.25 164.6875 165.125 167.0625 164.25 170 168.6875 169.5 171.875 172.6875 172.875 172.9167 177.0625 175.4375 175.5 175.3125 177.4375 178.625 176.4375 174.25 174.375 172.5 171.0625 169.25 169.6875 170.625 170.5 170.9375 173.75 176.5625 175.75 174.0625 175.5 175 178.375 183.8333 182.0625 184.3125 184.5 182.375 180.5625 179.25 180.125 179.6875 179 178.3125 175.9375 -9999 -9999 -9999 -9999 -9999 -9999 -9999 -9999 -9999
-9999 -9999 -9999 -9999 -9999 -9999 154.375 157.125 159 158.625 166.25 168.0625 168.1875 168.375 168.75 168.0625 166.8125 168.25 170.5625 172.5625 172.625 174.0625 176.375 179.875 179.375 178.625 179.375 181 182 181 179.5 178.75 179.1667 177.1875 176.125 173.8333 173.5 171 171.9375 172.5625 174 175.125 179.5625 179.5 177.3125 179.3125 180.375 182.25 184.5625 186.625 185.6875 186.3125 183.875 182.5 182.6667 183.125 187.4375 180.6875 179.3333 179 178.3333 -9999 -9999 -9999 -9999 -9999 -9999 -9999 -9999
-9999 -9999 -9999 -9999 -9999 -9999 157.25 160.8125 166 167.125 169.3125 170.6875 173 172.5 172.6875 169.875 169.25 172.625 174.6875 173 174.6875 177.1875 180.625 180.5 182 185.1667 185.3125 186.1875 187.125 185.3125 186.25 184.4375 181.8125 181.1875 179.125 176.4167 177.6667 176.8125 175.6875 175.5625 176.9167 178.3333 179.875 181.25 182.1875 183 191.3125 184.9375 188.75 187.75 187.3125 186 184.9167 184.6667 190.8333 187.1875 183.6875 182.5 182 -9999 -9999 -9999 -9999 -9999 -9999 -9999 -9999 -9999 -9999
-9999 -9999 -9999 -9999 -9999 155.125 158.75 163 167.9375 168.9375 173.1875 175.5 174.125 173.75 173.9375 173.125 172.9375 172.8125 175.9375 177.5 178.5625 180.9375 182.75 185.25 187.5 189.0625 189.375 191.25 192.25 190.75 190.375 189.125 186.5 185.0625 182.5625 181.875 182.125 179.125 179.1875 179.4375 181.875 183.125 185.0625 186.25 188.25 188.25 188.875 191.5 190.125 190.5625 188.625 187 189.9375 188.5625 188.3333 187.6875 187.3125 186.8125 183.5 -9999 -9999 -9999 -9999 -9999 -9999 -9999 -9999 -9999 -9999
-9999 -9999 -9999 -9999 151.3125 159.5625 163.625 167 170.6875 171.9375 177.4375 177.4167 178.8333 177.8125 175.9375 174.6875 176.625 177.375 179.1875 179.5 182.5625 182.5 185.9375 188.0625 198.75 192.9375 194.1875 194.9375 195.125 197.5625 196.875 194.6875 190 189.75 188.375 186.25 185 182.375 182 182.8333 185.0833 188.25 190.1875 191.25 191.25 191.625 192.1875 194.75 195 195.3125 192.25 192.9375 191.6875 191.6875 192.375 190.75 188.75 188.75 -9999 -9999 -9999 -9999 -9999 -9999 -9999 -9999 -9999 -9999 -9999
173.25 170.875 168.75 160.5 160.5625 163 170.5 172 176.875 177.1875 180.6667 181.625 180.8125 180.1875 180.3125 178.4375 179.0625 182.375 183.625 183.875 185.8125 187.5625 189.125 192.6875 194.5625 195.9375 197.0625 198.8125 198.5625 199.8125 199.6875 196.5 198.25 195.4375 192.5 191.125 187.125 187.1875 185.1875 185.125 188.1875 190.9375 193.625 195.6667 198.5 195.875 196 196.125 198 202.5 197.25 198 197.6875 195.0625 194.625 193 191.5833 190 -9999 -9999 -9999 -9999 -9999 -9999 -9999 -9999 -9999 -9999 -9999
180.375 175.4375 167 163.6875 165.75 169.5625 174.625 178.0625 179.875 183.4375 185.5 184.1875 183.5 181.9375 182.8125 183.0625 184.3125 185.125 186.625 188.5 190.25 191.875 194.8125 197 199.1875 200.5625 201 202.125 203.6875 203.625 202.25 200.75 202.625 200.25 198.3125 195.75 192.75 188 188.25 186.875 190.9167 193.75 199.9375 200.25 200 201 204.0625 201.6667 201 214.375 206.5 202.5 201.5625 198.75 196.5625 195.25 194.5625 194 -9999 -9999 -9999 -9999 -9999 -9999 -9999 -9999 -9999 -9999 -9999
186.75 180.6875 170.625 171.6875 168.125 172 179.625 182.8125 185.4375 187.0625 188.1875 187.3125 185.125 184.9375 186.75 184.6875 188.1875 188.3125 189.4375 191.625 194.125 196 199.25 200.9375 203.75 206.6875 205.5625 207.9375 208.125 209.625 206.1875 206.375 207.125 204.5 202.4167 199.375 195.375 193.3125 190.125 191.6875 194.3125 197.3125 200 202.1875 204 203.1875 204 204.1875 205.5 210.0625 205.8125 205.4375 204.1875 202.375 201.5625 199.6875 197.375 -9999 -9999 -9999 -9999 -9999 -9999 -9999 -9999 -9999 -9999 -9999 -9999
191.3125 186.8125 179.5 174.3125 179.75 180.5625 185 186.25 188.0625 191 192.125 190.5625 189.4375 189.25 188.4375 187.5 190.375 190.8125 192.3125 194.3125 196.5 200.3125 201.875 205.6875 207.4375 209.1875 209.875 212.8125 211.875 213 212.25 213.4375 215.3333 216.375 208.1875 208.8125 200.8125 195.125 196.0625 197.75 201.125 202.75 202.6667 207.25 207.1875 208.875 208.8125 208.9375 208.1875 209.75 209.75 209.4375 209.4167 206.125 203.375 201.375 200.5 -9999 -9999 -9999 -9999 -9999 -9999 -9999 -9999 -9999 -9999 -9999 -9999
195.1875 192.25 187.9375 186.0625 186.9375 187.125 185.9375 190.25 193.875 194.8125 195.4375 193.125 191.625 191.875 190.875 192.0625 190.5625 194.3125 195.125 197.9375 200.9375 204.5 208.375 209.625 211.875 214.375 216.25 216.375 216.9375 218.0625 217.4375 218.625 217.6667 215.0625 216.75 208.375 203.0625 199.625 201.75 202.875 208.875 206.125 208.6875 211.1875 212.1875 212.5 212.5 212.6875 211.75 212.9375 213.375 213.125 211.9375 210.0625 206.9375 204.75 202 -9999 -9999 -9999 -9999 -9999 -9999 -9999 -9999 -9999 -9999 -9999 -9999
200.625 197.6875 195.375 193.4375 193.375 193.1875 194.9375 198.125 199.375 199.625 199.3125 196.375 196.75 193.625 193.1875 195.25 195.3125 196.875 199.375 201.625 207.0625 209 211.875 215.1875 216.6875 219.8125 221.8125 221.5625 222 223.4375 223.6667 222.5625 220 218.375 216.4375 211.8125 209.5 215.125 206.8125 206.5 207 222.3125 211.8125 214.25 215.5 216.6875 215.25 215.6875 216.0625 215.6875 214.75 215.5 213.5 210.5 209.5 207.8125 -9999 -9999 -9999 -9999 -9999 -9999 -9999 -9999 -9999 -9999 -9999 -9999 -9999
206.1875 203.3125 202.125 200.4375 200.4375 201.875 201.6875 205.25 204.3125 203 202.0625 201 199.9375 197.4375 197.3125 198.625 198 198.5625 201.375 207 210.5625 213.125 215.4375 218.6875 222.625 225.5625 229.125 229.25 230 228.25 230.5625 228.1875 225.375 222.375 218.1667 217.4375 217.8125 215.1875 212.3333 210.5 211.6875 213.1667 215.1667 219.75 220.9375 220 218.25 218.5 219.8125 218.875 218.875 217.875 216.6875 214.375 212.9375 211 -9999 -9999 -9999 -9999 -9999 -9999 -9999 -9999 -9999 -9999 -9999 -9999 -9999
213.0625 209.125 207.5 206.1875 206.875 209 208.75 210.25 208.25 207.0625 205.875 204 202.375 201.5 200.375 200.25 200.0625 199.1875 204.75 209.8125 214.75 219.1875 221.8125 224.9375 227.4375 230.9375 233.1875 234 235.9375 236.25 239.875 236.9375 232 227.6875 225.5 222.75 223.125 220.0625 216.5 216.125 215.5833 218.375 221.5 224.5 226.375 228.1875 227.625 226.75 223.6875 223.75 223.9375 222.4375 220.875 218.4167 217.25 214.125 -9999 -9999 -9999 -9999 -9999 -9999 -9999 -9999 -9999 -9999 -9999 -9999 -9999
225.5 213.5625 212.4375 213.375 214.1875 215.875 216.9375 214.0625 212.125 210.625 210.125 206.5625 206.625 204.3125 202.375 199.5 198.4375 201.6875 207.0625 211.875 217.6875 222.8125 225.4375 227.125 231 237 239.375 240.125 240.375 246.1875 246.6875 241.625 235.875 233.25 230.5 -9999 228.5 225.25 221.8125 222.1875 223 223.3125 224.5625 228.3333 230.25 232.6875 232.1875 231.3125 230.4375 230.5 229.5625 227.5 225.25 223.1875 220 217.5 -9999 -9999 -9999 -9999 -9999 -9999 -9999 -9999 -9999 -9999 -9999 -9999 -9999
246.75 219.1875 218.25 219.75 219.875 220.5 220.3125 218.25 214.8125 214.5 213.0625 211.25 208.375 208.625 206.6667 202.75 200.1875 205.0625 211.0625 214.75 221.25 225.5625 229.3125 232.1667 237.75 242.1875 243.9375 244.9375 248 248.4375 251.3125 247.875 244.6875 239.9375 237.25 234.5 233.375 229.9375 228.375 227 226.875 229.25 232.0625 234.3125 236 237.625 237.0625 238.5625 237.6875 235.3125 233.625 231 229.9375 226.875 223.875 221.375 -9999 -9999 -9999 -9999 -9999 -9999 -9999 -9999 -9999 -9999 -9999 -9999 -9999
253.125 224.5625 220.8125 221.625 223.3125 223.75 223.125 220.5 218.1875 217 216.875 214.375 209.6875 203 196.25 199.9167 198.5 208.375 211.1875 218.9375 222.75 227.8125 231.25 238.25 242.8125 247.4375 248.8125 252.75 253.8125 255.375 257.875 255.9375 252.25 247.9375 243.8333 240.9375 237.5625 234.5625 232.6875 232.8333 230.8125 232.6875 235.5625 238.625 240.75 243 242.1875 242.75 242.75 239.375 237.5 237.0625 234 230.5 227.875 225.875 -9999 -9999 -9999 -9999 -9999 -9999 -9999 -9999 -9999 -9999 -9999 -9999 -9999
246.5625 226.8125 225.4375 225.25 226 226.6875 226.875 223.4375 221.375 221.625 219.6875 216.0625 208.75 205 -9999 200.375 198.375 199.375 207.8333 218.125 225.9375 231.0625 234.3125 240.1875 246.3125 251.125 253.5625 255.9375 258.0625 260.75 262.4375 263.8125 259.375 253.5625 249.9375 247.625 242 238.1875 238 236.8125 237.375 239.1875 240.5625 244 246.1875 247.375 247.4375 246.6667 247.6875 245.75 241.4375 241.0625 237.25 234.25 232 228.5 -9999 -9999 -9999 -9999 -9999 -9999 -9999 -9999 -9999 -9999 -9999 -9999 -9999
230.9375 229.4375 228.6875 229.8125 230.25 229.75 228.4375 226.375 224.75 223.875 222 217 -9999 -9999 -9999 202 -9999 208.5 214.5 218.25 220.875 225.25 234.5625 238.4375 246.125 252 255.6875 260 264.8125 266.3125 269.75 269.25 265 260.8125 256.6875 251.3125 248.125 245.5 243.625 241.625 241.5625 243.875 246.375 250.125 250.625 251.875 251.0625 251.5 253.1875 249.125 245.4375 243.4375 240.8125 237.9375 235.25 231.6875 -9999 -9999 -9999 -9999 -9999 -9999 -9999 -9999 -9999 -9999 -9999 -9999 -9999
232.8125 234 234.1875 233.75 233.0625 231.25 231.3125 229.625 227.8125 227.1875 -9999 221 219.25 216.5625 215.75 215.3125 214.875 217.375 223.75 226.75 232 232.875 233.75 241.5 245.75 250.9167 259 264.625 271.5625 275.6875 276 275.3333 271.3125 266.3125 260.9375 256.1875 251.25 251.1875 250.875 250 250.375 249.5 250.5 255.5 254.375 256.75 256.9375 255.875 255.875 253.6875 250.5625 248.4375 244.625 242.375 239.125 235.1875 -9999 -9999 -9999 -9999 -9999 -9999 -9999 -9999 -9999 -9999 -9999 -9999 -9999
238.625 237.875 238 237.125 235.875 237 234 232.75 230.75 227.25 227 226.1875 224.5625 223.0625 222.375 223 223.875 228.3333 232.1875 236.75 243.3125 247.1875 245.4375 247.875 252 259.75 264.9375 272.25 276.9375 282.9375 285.5833 282.625 277.5 270.25 263.875 259.625 256.625 257 253.75 254.125 253.5625 254.4375 254.9375 257.9375 259 260.6875 260.5 259.1667 258.875 257.5625 255 251.6875 249.8125 246.1875 242.875 238.875 -9999 -9999 -9999 -9999 -9999 -9999 -9999 -9999 -9999 -9999 -9999 -9999 -9999
242.3125 243.9375 242.5 241.5 240.625 239.75 238.25 236.625 234.375 233.8125 231.4375 231.5625 230.5 230.375 230 230.5 232.1875 235.9375 242 246 248.9375 252.75 255.0625 254.5625 256.75 267.875 274.25 280.4375 285.9375 289.5625 292.5 289 281.875 275.1875 268.125 262 259.625 258.125 256.875 257.5 257.6875 259.875 260.8125 261.875 262 265.4375 265.0625 263.875 262.875 261.3125 259 255.6875 253.5625 249.625 247.125 244.25 -9999 -9999 -9999 -9999 -9999 -9999 -9999 -9999 -9999 -9999 -9999 -9999 -9999
250.25 255.625 259.1875 261.4375 252.5625 244.25 244.5 242.6875 240.3125 241.25 239.0625 236.75 236.4375 237.8125 238.5625 240.3125 242.0625 246.8125 250.1875 255.25 257.9375 260.5 261.9375 260.75 264.125 274.5 281.3125 288.375 295 299.25 299 294.3125 287.625 279.1875 272.25 265.6875 264.0625 263.375 261.625 265.25 263.625 267.875 265.625 268.3125 269.9375 269.75 269.3125 268.5625 271.9375 269.375 263.875 260.75 257.75 255.0625 252.0625 -9999 -9999 -9999 -9999 -9999 -9999 -9999 -9999 -9999 -9999 -9999 -9999 -9999 -9999
265.3125 275.125 282.3125 283.0625 283.25 256.5 249.5 247.5625 247.5625 246.875 246.0625 243.5625 242.9375 245.1875 247.625 248.3125 250.0625 252.8125 256.3125 261.9375 267.875 268.625 266.125 265 275.5 283 288.875 297.4375 305.0625 309.4375 308.25 301.25 292.9375 285.5 275.625 270.5625 266.6875 266.5625 269 271.4375 271.25 270.5 273.1667 275.5625 275.5 274 274.4375 277.0625 277.4375 276.0625 269.8125 264.625 261.875 258.0625 255 -9999 -9999 -9999 -9999 -9999 -9999 -9999 -9999 -9999 -9999 -9999 -9999 -9999 -9999
282.75 287.1875 288.0625 286.1875 286.875 274.25 254.625 252.875 251.875 252.5625 253.0625 252.9375 255.75 255.0625 254.75 256.5 258.875 259.6875 263.875 269.5625 273.75 271.9375 269.1875 272.6875 281.6875 293.0833 296.5625 304 315.75 320.3125 316.25 -9999 296 290.25 281.4375 274.3125 271 270.5625 276.625 278.375 278 278.0625 283.125 285.125 284.3125 282.9375 283.25 285.25 281.3125 278.6875 276.6875 273.6875 267.9375 264.5 262.25 -9999 -9999 -9999 -9999 -9999 -9999 -9999 -9999 -9999 -9999 -9999 -9999 -9999 -9999
290.1875 291.9375 292.0625 295.75 295.375 282.6875 259.0625 259 258.8125 258.1875 258.75 262.375 265.3125 263.1875 261.3125 263.125 263.625 267.6875 271.9375 273.0625 274.0625 273.75 278.125 280.75 287.8125 298.375 306.4375 311.375 318.75 324.3125 321.625 308 301.8125 293.875 282.3125 273.75 271.875 274.375 279.625 283.1875 284.625 285.0625 289.75 290.5 289.5625 288.25 288 290.625 285.25 282.8125 281.125 278 275 271.25 -9999 -9999 -9999 -9999 -9999 -9999 -9999 -9999 -9999 -9999 -9999 -9999 -9999 -9999 -9999
301.125 299.6875 303.125 299.125 300.0625 274.6875 264 263.5625 263.4375 267.0625 269.4375 270.0625 269.875 267.1875 267.875 268 271 274 279.6875 278 278 282.625 285.25 291.25 297.0625 305.9375 311.5625 316.4375 322.3125 323.9375 321.625 314.25 304 294.6875 283.75 275.3125 274.125 278.3125 283.125 285.6875 289.5 291.125 292.9375 294 293.75 292.0625 294.6875 293.6875 290.4375 286.375 285.8125 284.5 280.375 276.5625 -9999 -9999 -9999 -9999 -9999 -9999 -9999 -9999 -9999 -9999 -9999 -9999 -9999 -9999 -9999
306.4375 301.125 294.8333 294 284.125 271.1875 271.375 270.4375 272.4375 277.1875 278.75 275.5 274.25 270 269.5625 271.5 275.3125 280.625 286.1875 289 288.125 290.6875 291.9375 299.4375 307.1875 310.8125 313.5625 319.5 322.75 324.5625 323.4375 316.5625 306.8125 295.4375 285.125 277 277.75 283.4375 287.0625 290.625 295.1667 296.125 298.9167 300.6875 299.25 298.5625 299.625 297.5 295.0625 292.75 290.3125 287.125 283.8125 282.375 -9999 -9999 -9999 -9999 -9999 -9999 -9999 -9999 -9999 -9999 -9999 -9999 -9999 -9999 -9999
297.0625 293.125 292.25 288.125 282 274.5625 276.25 287.625 289.3125 280.875 279.25 279.1875 276.25 272.8333 273.8125 276.5625 279.125 284 288.75 291.8125 291.4375 293.75 297 303.5625 307.5625 311.6875 315.125 319.75 324.375 326.625 324.625 315.875 305.3125 298.25 286.25 282.75 282.625 287.375 290.5 293.5 297.75 299.8333 306.1875 308.1875 304.75 303.5 301.8333 301.375 297.4375 294.6875 293.625 288.625 285.1875 283 -9999 -9999 -9999 -9999 -9999 -9999 -9999 -9999 -9999 -9999 -9999 -9999 -9999 -9999 -9999
296.6875 296.8125 294.875 292.3125 289.5 281.75 284.5 293.9375 296.5625 287.1875 286.125 283.1875 278 278 277.5 279 282 286.9375 291.4375 295.1875 296.9375 301.5 301.375 304.3125 306.3125 313.6875 318.3125 322.125 326.25 327.5 323 316.25 306.875 302.875 295.25 290.5625 290.125 292.5 294.875 298.375 302.3125 306.875 310 311.875 310.875 310.75 306.75 303.125 300.3125 297.125 297.875 290.875 288.125 -9999 -9999 -9999 -9999 -9999 -9999 -9999 -9999 -9999 -9999 -9999 -9999 -9999 -9999 -9999 -9999
300.6875 299.375 298.3125 297.4375 299.375 290.5 291 294.5 293.625 288.875 288.0625 286.375 279.6875 278.375 279 279.8125 284.5 289.3125 294.75 299.625 303.375 305.4375 306.375 306.75 311.5625 316.625 321.6875 325.5625 324.25 324.5 322.0625 315.1875 308.875 302.5 298.375 296.25 296.1875 295.875 300.25 301.5625 307.5625 312.3125 315.5 316.8125 316.4375 314.25 311 306.8125 303.375 300.375 299.25 294.625 292.125 -9999 -9999 -9999 -9999 -9999 -9999 -9999 -9999 -9999 -9999 -9999 -9999 -9999 -9999 -9999 -9999
