Env_Vars_Sept202022/Set_1/mwmt_sept20.asc.asc
ncols         145
nrows         190
xllcorner     -2197417.7431653
yllcorner     -584827.01486885
cellsize      20000
NODATA_value  -9999
[rows 124 to 154 of 190, columns 0 to 68 of 145]
-9999 -9999 -9999 -9999 -9999 -9999 -9999 -9999 -9999 -9999 -9999 -9999 -9999 -9999 -9999 -9999 -9999 -9999 -9999 15.05 15.625 15.475 14.43125 15.68333 17.35 -9999 17.4 16.11667 14.725 15.15625 14.29375 14.94375 15.10625 15.75 12.8875 13.025 13.725 12.7125 12.68125 14.36875 17.41875 16.3375 13.3125 13.04375 14.26875 13.51875 17.7125 15.5125 11.86875 13.9375 12.33125 9.18125 10.05 15.4375 12.8375 11.51875 10.45625 10.30625 13.1375 14.24375 15.3375 16.15625 16.6625 17.25 17.3875 17.675 18.125 18.525 18.69375
-9999 -9999 -9999 -9999 -9999 -9999 -9999 -9999 -9999 -9999 -9999 -9999 -9999 -9999 -9999 -9999 -9999 -9999 -9999 14.8 15.34167 15.7875 14.975 15.1 17.125 -9999 -9999 17.50625 17.5625 16.4375 15.73125 16.375 13.99167 15.79375 13.75625 14.10625 13.7 13.475 13.45 17 18.36667 14.6375 12.99375 13.1 12.6875 16.175 16.93125 14.45625 13.58125 14.8125 12.03125 10.80625 9.73125 15.7 13.88125 11.4 10.7375 11.19375 12.61875 14.4375 15.76875 16.45625 16.6625 16.58125 17.5625 17.84375 18.38125 18.55625 18.725
-9999 -9999 -9999 -9999 -9999 -9999 -9999 -9999 -9999 -9999 -9999 -9999 -9999 -9999 -9999 -9999 -9999 -9999 -9999 -9999 14.45833 14.74375 15.69375 16.1625 16.95 17.025 -9999 17.05 16.9625 17.28125 16.08125 17.68125 14.31875 13.6625 12.4125 12.36875 15.45 13.6 12.675 18.9 12.4625 14.39375 13.975 13.0375 13.15625 15.85 13.29375 13.7875 13.88333 14.8625 12.425 11.35625 12.6875 15.28125 13.91875 13.25 11.79375 11.8375 12.85625 14.35 15.83125 16.73125 16.9 17.0875 17.45625 17.79375 18.4625 18.525 18.5
-9999 -9999 -9999 -9999 -9999 -9999 -9999 -9999 -9999 -9999 -9999 -9999 -9999 -9999 -9999 -9999 -9999 -9999 -9999 -9999 -9999 14.875 14.1625 15.1 17.025 16.7 -9999 16.43333 16.76875 16.90625 16.3625 14.3875 13.75 13.83125 13.0375 12.5125 12.5625 14.20625 13.775 17.9 12.89375 14.875 14.38125 13.98125 16.00625 14.1625 13.8625 15.83125 12.45625 15.575 11.5625 12.0875 10.68125 16.4 13.48125 10.63125 12.70625 11.7875 12.075 14.35625 15.2125 16.81875 17.2 17.3125 17.6625 18.3125 18.79375 18.75 18.74375
-9999 -9999 -9999 -9999 -9999 -9999 -9999 -9999 -9999 -9999 -9999 -9999 -9999 -9999 -9999 -9999 -9999 -9999 -9999 -9999 14.56667 -9999 14.475 15.25625 16.4375 -9999 16.2 -9999 16.6375 16.4125 13.90625 12.85625 12.69375 14.0875 12.45625 13.30625 11.1125 12.15625 15.7 18.74375 12.625 15.33125 13.675 15.9125 14.93125 14.4875 16.2625 14.9 14.54375 16.80625 13.175 13.125 12.675 17.3 11 12.9375 13.19375 12.3 13.15625 14.3625 15.71875 16.9875 17.43125 17.4625 17.9125 18.5 18.83125 18.91875 19.05
-9999 -9999 -9999 -9999 -9999 -9999 -9999 -9999 -9999 -9999 -9999 -9999 -9999 -9999 -9999 -9999 -9999 -9999 -9999 -9999 15.29375 15.39167 -9999 15.7 -9999 -9999 -9999 16.4 16.625 16.525 14.5875 14.75625 13.25625 14.425 11.675 11.46875 10.06875 11.34375 15.8125 18.80625 14.725 16.2875 14.875 17.1625 14.61875 15.9875 18.025 15.54375 12.075 14.58333 11.5625 13.4125 16.16875 17.6875 12.63125 13.66875 13.56875 12.55625 13.5625 14.6375 15.69375 17.25 17.475 17.5125 18.1625 18.46875 18.6875 18.8875 19.2
-9999 -9999 -9999 -9999 -9999 -9999 -9999 -9999 -9999 -9999 -9999 -9999 -9999 -9999 -9999 -9999 -9999 -9999 -9999 14.85 15.7875 15.39375 15.0875 15.2 -9999 -9999 -9999 16.1 16.55 15.775 16.25 15.86875 15.64375 12.34375 11.86875 12.6875 14.225 12.2875 18.0125 18.8125 15.8 17.01875 16.96875 17.94375 16.8 15.5375 16.9125 15.95 12.6625 15.35625 13.80625 13.13125 15.10625 15.55 16.825 14.1 13.0875 13.08125 14.45 15.7 16.3125 17.44375 17.7125 17.9625 18.26875 18.51875 18.775 18.98125 19.36875
-9999 -9999 -9999 -9999 -9999 -9999 -9999 -9999 -9999 -9999 -9999 -9999 -9999 -9999 -9999 -9999 -9999 -9999 -9999 -9999 15.6125 15.90625 14.175 13.8625 14.8625 16.01667 -9999 16.5 16.71875 16.06875 15.45 16.06875 13.475 13.425 12.4125 15.1625 16.5125 13.3375 19.4 18.75625 15.75 16.76875 17.20625 17.80625 18.0875 18.55625 17.13125 15.49375 12.275 16.9 15.8 14.44375 14.39375 14.40625 17.075 14.94375 12.4875 13.00625 14.7875 16.0875 16.7 17.05 17.4375 18.03125 18.05 18.19375 18.45 18.8 19.2
-9999 -9999 -9999 -9999 -9999 -9999 -9999 -9999 -9999 -9999 -9999 -9999 -9999 -9999 -9999 -9999 -9999 -9999 -9999 -9999 15.64375 16 13.50625 12.99375 11.81875 16.1875 16.775 16.7 16.9375 16.325 14.46875 15.40625 14.6125 11.25 14.45625 14.75 18.5625 15.6375 20.675 16.0375 16.45625 16.725 15.83125 18.64375 18.925 17.20625 16.1 14.2875 14.925 15.10625 16.9125 15.45 14.05 14.98125 17.225 14.825 12.25 13.09375 12.7 14.89375 16.44375 17.2 17.26875 17.6 17.825 18.1125 18.25625 18.69375 18.925
-9999 -9999 -9999 -9999 -9999 -9999 -9999 -9999 -9999 -9999 -9999 -9999 -9999 -9999 -9999 -9999 -9999 -9999 -9999 -9999 15.75625 16.225 14.825 13.1625 14.74375 16 17.26667 17.25 17.4625 17.25625 14.3 13.56875 12.525 13.425 13.7375 14.1375 18.85 20.20625 21.0875 16.91875 16.88125 17.1875 17.40625 19.35625 18.45 16.6875 16.29375 15.0625 15.4 13.8375 17.1875 15.11875 15.5375 14.19375 16.31667 14.6625 12.95625 14.325 12.05 14.06875 15.725 16.6375 16.56875 16.725 17.03125 17.975 18.50625 18.69375 18.6875
-9999 -9999 -9999 -9999 -9999 -9999 -9999 -9999 -9999 -9999 -9999 -9999 -9999 -9999 -9999 -9999 -9999 -9999 -9999 -9999 15.7 16.46875 15.85 16.54375 17.6625 17.83125 17.7625 17.86875 17.85625 15.4875 14.5625 14.39375 15.3 14.50625 16.06875 16.83125 19.88125 21.3125 21.0875 20.0625 19.20625 18.3375 18.80625 18.95 19.225 16.5625 17.65625 16.85625 15.65625 15.85 17.10625 17.4125 15.3875 14.9 15.21875 15.80625 12.4875 15.08125 12.49375 13.28125 14.0625 15.86875 15.9875 16.7125 17.26875 17.78125 18.71875 18.86875 18.86875
-9999 -9999 -9999 -9999 -9999 -9999 -9999 -9999 -9999 -9999 -9999 -9999 -9999 -9999 -9999 -9999 -9999 -9999 -9999 -9999 15.69375 16.39375 17.15 17.6 17.9 17.9375 17.8625 17.91875 17.125 15.0625 13.875 13.78125 13.33125 18.15 17.1375 20.6375 20.5375 20.64375 20.4125 20.6875 19.85 19.55625 19.80625 18.85625 19.84375 17.075 18.59375 18.2125 16.0125 18.2 14.46875 17.25625 15.5875 15.3125 15.06875 15.78125 13.64375 14.66875 14.6875 12.775 13.95625 14.94375 15.94375 16.85625 16.94375 17.6625 19.06875 17.875 18.44375
-9999 -9999 -9999 -9999 -9999 -9999 -9999 -9999 -9999 -9999 -9999 -9999 -9999 -9999 -9999 -9999 -9999 -9999 -9999 -9999 15.7 16.65625 17.49375 17.58125 17.85833 17.7875 17.825 17.79375 16.4 14.375 13.76875 13.76875 13.55625 19.78125 19.56875 19.39375 19.81875 20.6375 20.79375 20.68125 20.81875 20.4875 20.91875 19.6 19.91875 19.21875 19.1125 18.60625 18.53125 18.28333 14.175 15.59375 16.975 16.29375 15.45 14.11875 17.11875 14.975 15.7125 13.6125 12.36875 15.275 16.74375 17.39375 17.8375 18.1625 19.00625 18.58125 17.44375
-9999 -9999 -9999 -9999 -9999 -9999 -9999 -9999 -9999 -9999 -9999 -9999 -9999 -9999 -9999 -9999 -9999 -9999 -9999 15.3 15.96667 16.65 17.44375 17.45 17.5375 17.31667 17.35 16.83125 14.9 14.35 15.0375 15.91875 15.875 18.35 20.73125 19.8625 21.15 20.95 21.44375 20.90625 19.89375 20.2 20.975 20.51875 20.075 20.18125 18.71875 18.7 17.36875 16.53333 16.56875 14.9625 15.26875 15.9 16.3125 14.64375 17.04375 18.40625 15.65 14.775 13.78125 15.46875 16.79375 17.71875 18.31875 19.1125 19.34375 19.45 19.0875
-9999 -9999 -9999 -9999 -9999 -9999 -9999 -9999 -9999 -9999 -9999 -9999 -9999 -9999 -9999 -9999 -9999 -9999 -9999 -9999 15.71875 16.31875 16.99375 17.68125 17.34375 17.40625 16.8875 14.34375 12.95625 13.25 13.85 16.525 17.325 14.45625 19.95 21.4 20.975 22.4125 21.81875 21.23125 20.48125 19.83125 19.7375 20.01875 20.4875 20.55625 19.175 19.20625 16.55625 16.1125 15.63125 17.225 15.14375 15.36875 16.1875 16.34375 17.63125 18.7625 15.71875 15.3 13.875 14.425 16.51875 17.7 18.84375 19.36875 19.80625 19.84375 19.9125
-9999 -9999 -9999 -9999 -9999 -9999 -9999 -9999 -9999 -9999 -9999 -9999 -9999 -9999 -9999 -9999 -9999 -9999 -9999 15.59722 15.94375 16.11875 16.78125 17.625 17.2 15.73125 15.7625 14.38125 11.725 12.875 14.8 15.15 19.45 18.5375 20.3875 22.25 22.55625 22.58125 21.90625 21.48125 21.0625 20.14375 19.93125 20.0625 20.25 20.1 19.0125 19.44375 17.35625 16.89375 16.8875 16.85 16.8 15 15.35625 17.825 16.3625 18.9125 16.26875 15.06667 14.25 13.225 15.525 17.26875 18.3125 19.16875 19.61875 19.93125 20.49375
-9999 -9999 -9999 -9999 -9999 -9999 -9999 -9999 -9999 -9999 -9999 -9999 -9999 -9999 -9999 -9999 -9999 -9999 -9999 15.67917 15.95 16.28125 16.875 17.6375 17.35625 16.7 16.44375 15.1625 14.60625 12.65 15.31875 17.0125 18.65 19.25 21.675 21.89375 22.225 22.33125 22.11875 21.63125 21.05625 20.73125 20.48125 20.23125 19.91875 19.53125 19.28125 18.68125 17.45625 17.41875 16.39375 15.7125 17.65 17.18125 16.3125 19.225 19.26875 19.55 16.875 15.2875 14.5 12.76875 14.1125 17.15625 18.3625 19.20625 19.74375 20.075 20.3625
-9999 -9999 -9999 -9999 -9999 -9999 -9999 -9999 -9999 -9999 -9999 -9999 -9999 -9999 -9999 -9999 -9999 -9999 -9999 15.73125 16.2875 16.74375 17.33125 17.35 16.40625 15.13125 14.7 14.6625 12.825 13.43125 15.6125 19.23125 20.275 18.74375 22.13125 22.30625 22.55 22.5 22.00625 21.7375 21.36875 21.2125 21 20.35625 19.61875 19.08125 18.3875 17.91667 17.425 16.48125 16.55 15.8375 17.05 18.11875 18.54375 19.9625 19.64375 16.4 16.0375 13.75625 13.325 13.70625 14.2 17.7 19.0125 19.425 19.91875 20.15625 20.5125
-9999 -9999 -9999 -9999 -9999 -9999 -9999 -9999 -9999 -9999 -9999 -9999 -9999 -9999 -9999 -9999 -9999 -9999 15.3 16.09375 16.51875 16.7125 17.43125 17.45625 16.39375 14.71875 14.71875 13.9875 12.625 14.1875 18.04375 20.875 21.70625 19.64375 21.40625 23.1 23.00625 22.3125 22.14375 21.9125 21.63125 21.54375 21.31875 20.49375 19.46875 18.81875 17.6 17.175 17.14375 16.8875 16.99375 16.3 16.46875 18.3125 18.975 19.4875 19.90625 16.29375 17.1375 13.75625 14.0125 13.56875 16.28125 18.06875 18.74375 19.4375 19.9375 20.3375 20.875
-9999 -9999 -9999 -9999 -9999 -9999 -9999 -9999 -9999 -9999 -9999 -9999 -9999 -9999 -9999 -9999 -9999 -9999 15.5625 16.1875 16.5875 16.9125 18.25 18.0375 17.7875 16.34375 14.8375 14.59375 14.16875 16.44375 17.8 20.48125 21.925 21.8375 20.91875 22.2 22.94375 22.40625 22.55625 22.75625 22.8 22.325 21.73125 21.175 19.4375 18.5125 18.15 17.05 17.1375 16.0375 16.30625 16.13125 14.83125 17.725 17.2 16.5875 19.30625 15.65625 15.7875 14.29375 14.3 13.05625 16.0625 18.625 19.45625 19.70625 20.33125 20.65 20.975
-9999 -9999 -9999 -9999 -9999 -9999 -9999 -9999 -9999 -9999 -9999 -9999 -9999 -9999 -9999 -9999 -9999 -9999 15.23333 16.5625 16.7 18.2875 18.99375 18.48125 16.60625 16.43125 16.31875 17.01875 17.19375 17.81875 16.29375 19.05625 20.275 22.2125 22.00625 22.4125 22.89375 22.88125 23.1375 22.80625 22.65625 22.95625 22.60625 21.83125 19.8 18.7625 18.94375 18.01875 17.2125 18.45625 17.875 16.29375 14.95625 15.23125 17.775 18.20625 17.83125 14.70625 16.05625 15.95 14.9625 13.59375 14.5125 18.1125 18.83125 19.775 20.45625 20.3 20.0875
-9999 -9999 -9999 -9999 -9999 -9999 -9999 -9999 -9999 -9999 -9999 -9999 -9999 -9999 -9999 -9999 -9999 15.575 15.3375 16.5125 18.0625 18.81875 19.1625 19.19375 18.15 17.51875 17.33125 18.7125 18.125 19.3625 18.6 18.425 19.1125 21.1625 22.1375 22.44375 23.03125 23.375 23.1125 22.6125 22.04375 21.38125 20.73125 20.34375 21.14375 20.49375 21.225 18.9875 19.26875 18.475 17.50625 17.13125 16.675 14.7625 16.4625 16.41875 18.775 16.58125 17.3 17.01875 16.45625 14.43125 15.30625 17.0375 19.70625 18.4875 19.6125 18.5625 17.9875
-9999 -9999 -9999 -9999 -9999 -9999 -9999 -9999 -9999 -9999 -9999 -9999 -9999 -9999 -9999 -9999 -9999 15.49167 16.70625 18.0875 18.96875 19.03125 19.2375 18.65 17.1625 15.35625 16.6375 18.1875 20.34375 20.5375 20.74375 21.2 21.75 22.75625 23.06875 23.06875 23.1 23.1625 23.2375 23.19375 21.44375 19 17.36875 19.09375 21.6375 21.9375 19.75 19.85 19.925 17.9625 16.86875 17.0625 15.6875 14.4 15.0125 14.95625 18.05 16.51875 17.20625 16.25625 16.49375 16.04375 14.96875 16.9125 18.13125 16.54375 17.29375 16.63125 16.35
-9999 -9999 -9999 -9999 -9999 -9999 -9999 -9999 -9999 -9999 -9999 -9999 -9999 -9999 -9999 -9999 -9999 16.04375 16.5625 18.54375 18.8625 19.025 18.95625 17.5 15.54375 15.1125 13.5875 17.4875 19.79375 20.5625 20.66875 22.075 22.3375 22.6625 22.7875 22.9875 23.0125 22.45625 22.05625 22.36875 17.95 17.01875 18.01875 18.95 19.625 18.7 17.3 18.30625 20.0125 18.425 16.95625 16.38125 15.70625 15.39375 14.4875 14.54375 18.30625 15.6375 15.9375 17.3375 16.5 16.0125 15.15625 17.525 19.225 16.35 16.0125 16.5375 14.25
-9999 -9999 -9999 -9999 -9999 -9999 -9999 -9999 -9999 -9999 -9999 -9999 -9999 -9999 -9999 -9999 15.9 16.99375 17.66875 18.73125 18.6875 18.36875 16.96875 15.175 16.14375 14.7125 16.13125 19.09375 20.61875 20.19375 20.88125 20.925 21.2375 21.575 21.63125 21.74375 22.06875 22.3375 21.60625 19.325 16.91875 18.225 19.8375 19.025 19.31875 18.86875 18.5875 18.7625 20.29375 18.96875 18.5625 15.225 15.9125 14.875 13.9625 17.225 16.36875 15.2875 15.7375 15.59375 16.06875 16.9375 15.6125 17.1875 19.9125 18.69375 16 17.43125 15.25625
-9999 -9999 -9999 -9999 -9999 -9999 -9999 -9999 -9999 -9999 -9999 -9999 -9999 -9999 -9999 -9999 16.21875 17.45625 17.8625 18.7125 18.7 17.80625 15.7375 15.65625 16.23125 15.15 17.5125 19.3125 20.06875 19.5625 20.85625 19.65625 20.15625 19.91875 19.34375 18.675 20.1625 20.8 17.9625 16.8875 17.825 17.6625 17.99375 18.14375 17.725 21.31875 19.04375 17.925 18.58125 16.31875 17.24375 16.04375 17.11875 15.4375 13.78125 17.5875 15.03125 14.1375 15.68125 12.81875 15.44375 15.75 13.73125 16.00625 14.925 19.05 16.00625 16.2625 16.03125
-9999 -9999 -9999 -9999 -9999 -9999 -9999 -9999 -9999 -9999 -9999 -9999 -9999 -9999 -9999 16.0125 17.34375 18.1125 18.45 18.8 18.60625 17.0875 16.0875 16.50625 14.81875 15.8 18.6 20 19.08125 19.01875 20.35 18.95625 17.9375 17.70625 16.99375 16.63125 17.0125 16.825 17.0125 17.49375 18.63125 16.26875 17.25625 16.7875 18.79375 18.6625 20.94375 17.425 15.45 15.3375 15.58125 14.41875 15.8625 15.05625 13.6375 16.7625 14.5 13.61875 12.43125 13.48125 17.30625 15.4625 15.44375 16.925 15.43125 19.2875 17.74375 16.25625 16.3
-9999 -9999 -9999 -9999 -9999 -9999 -9999 -9999 -9999 -9999 -9999 -9999 -9999 -9999 -9999 16.175 18.275 18.6 18.90625 18.825 18.50625 18.3125 17.11875 15.8125 14.025 17.35625 19.3 19.6875 19.45625 19.425 20.4375 18.775 18.725 18.03125 18.20625 17.43125 16.9 16.2375 17.05 18.45 19.2125 14.4125 15.075 16.55 19.05 19.3375 20.1625 16.575 13.0375 12.3 13.9875 13.8625 14.70625 14.74375 15.45 15.9375 14.7125 13.725 14.1625 14.59375 15.375 16.64375 14.81875 17.85 18.76875 19.6875 17.68125 16.875 16.35
-9999 -9999 -9999 -9999 -9999 -9999 -9999 -9999 -9999 -9999 -9999 -9999 -9999 -9999 15.475 16.74375 18.3625 18.81875 19.05 18.8 18.925 18.1125 16.85 15.7 15.225 17.24375 18.70625 18.23125 17.825 18.23125 20.96875 20.0125 20.79375 20.01875 19.775 18.3 16.9625 16.375 15.78125 17.89375 18.625 14.59375 11.0125 14.2125 17.9625 15.51875 18.60625 17.31875 14.8625 17.1625 14.2125 16.0375 14.1125 13.35 15.35625 14.83125 14.1875 15.04375 14.3125 13.85 14.94375 14.93125 18.325 19.08125 19.275 19.85 18.55625 15.04375 17.1125
-9999 -9999 -9999 -9999 -9999 -9999 -9999 -9999 -9999 -9999 -9999 -9999 -9999 -9999 16.2375 17.4625 18.73125 18.75 18.6875 18.7875 18.85 18.8875 17.2125 14.875 14.575 17.6 18.2625 17.94375 17.61875 16.6125 17.70625 17.4 19.78125 18.69375 17.775 17.8125 16.45625 15.875 14.9 17.95 19.51875 18.825 15.93125 17.075 20.125 15.88125 17.14375 13.4875 13.70625 14.95 13.3 14.34375 16.9875 16.31875 17.96875 19.0625 14.25 15.00625 13.625 13.21875 16.86875 16.8375 17.54375 16.05625 19.09375 19.5 19.4 16.33125 17.0125
-9999 -9999 -9999 -9999 -9999 -9999 -9999 -9999 -9999 -9999 -9999 -9999 -9999 15.35 16.7 17.8875 18.93125 18.8625 18.53125 18.45625 18.3375 17.5875 15.63125 13.75 13.09375 17.3 17.775 17.74375 17.775 16.90625 16.10625 15.96875 18.50625 19.425 18.075 17.45625 17.1625 16.94375 17.14375 17.75625 19.50625 19.96875 21.2375 22.13125 18.35 18.625 17.3625 13.5625 16.5 11.96875 14.09375 15.04375 15.85625 15.65 15.68125 17.9625 14.45625 14.6375 14.51875 13.41875 17.8375 18.64375 17.06875 14.075 17.80625 17.25 17.625 16.53125 17.61875
