Env_Vars_Sept202022/Set_1/mwmt_sept20.asc.asc
ncols         145
nrows         190
xllcorner     -2197417.7431653
yllcorner     -584827.01486885
cellsize      20000
NODATA_value  -9999
[rows 0 to 30 of 190, columns 0 to 68 of 145]
-9999 -9999 -9999 -9999 -9999 -9999 -9999 -9999 -9999 -9999 -9999 -9999 -9999 -9999 -9999 -9999 -9999 -9999 -9999 -9999 -9999 -9999 -9999 -9999 -9999 -9999 -9999 -9999 -9999 -9999 -9999 -9999 6.666667 -9999 -9999 -9999 -9999 -9999 -9999 -9999 -9999 -9999 -9999 -9999 -9999 -9999 -9999 -9999 -9999 -9999 -9999 -9999 -9999 -9999 -9999 -9999 -9999 -9999 -9999 -9999 -9999 -9999 -9999 -9999 -9999 -9999 -9999 -9999 -9999
-9999 -9999 -9999 -9999 -9999 -9999 -9999 -9999 -9999 -9999 -9999 -9999 -9999 -9999 -9999 -9999 -9999 -9999 -9999 -9999 -9999 -9999 -9999 -9999 -9999 -9999 -9999 -9999 -9999 -9999 -9999 8.75 7.5375 7.4 -9999 -9999 -9999 -9999 -9999 -9999 -9999 -9999 -9999 -9999 -9999 -9999 -9999 -9999 -9999 -9999 -9999 -9999 -9999 -9999 -9999 -9999 -9999 -9999 -9999 -9999 -9999 -9999 -9999 -9999 -9999 -9999 -9999 -9999 -9999
-9999 -9999 -9999 -9999 -9999 -9999 -9999 -9999 -9999 -9999 -9999 -9999 -9999 -9999 -9999 -9999 -9999 -9999 -9999 -9999 -9999 -9999 -9999 -9999 -9999 -9999 -9999 -9999 -9999 -9999 -9999 7.78125 7.81875 7.76875 -9999 -9999 -9999 -9999 -9999 -9999 -9999 -9999 -9999 -9999 -9999 -9999 -9999 -9999 -9999 -9999 -9999 -9999 -9999 -9999 -9999 -9999 -9999 -9999 -9999 -9999 -9999 -9999 -9999 -9999 -9999 -9999 -9999 -9999 -9999
-9999 -9999 -9999 -9999 -9999 -9999 -9999 -9999 -9999 -9999 -9999 -9999 -9999 -9999 -9999 -9999 -9999 -9999 -9999 -9999 -9999 -9999 -9999 -9999 -9999 -9999 -9999 -9999 -9999 -9999 7.916667 6.475 6.1625 7.94375 8.683333 7.95 -9999 -9999 -9999 -9999 -9999 -9999 -9999 -9999 -9999 -9999 -9999 -9999 -9999 -9999 -9999 -9999 -9999 -9999 -9999 -9999 -9999 -9999 -9999 -9999 -9999 -9999 -9999 -9999 -9999 -9999 -9999 -9999 -9999
-9999 -9999 -9999 -9999 -9999 -9999 -9999 -9999 -9999 -9999 -9999 -9999 -9999 -9999 -9999 -9999 -9999 -9999 -9999 -9999 -9999 -9999 -9999 -9999 -9999 -9999 -9999 -9999 -9999 10.25 8.9375 7.175 5.35 7.59375 8.5 8.033333 7.725 -9999 -9999 -9999 -9999 -9999 -9999 -9999 -9999 -9999 -9999 -9999 -9999 -9999 -9999 -9999 -9999 -9999 -9999 -9999 -9999 -9999 -9999 -9999 -9999 -9999 -9999 -9999 -9999 -9999 -9999 -9999 -9999
-9999 -9999 -9999 -9999 -9999 -9999 -9999 -9999 -9999 -9999 -9999 -9999 -9999 -9999 -9999 -9999 -9999 -9999 -9999 -9999 -9999 -9999 -9999 -9999 -9999 -9999 -9999 -9999 11.425 11.46875 10.675 11.15625 9.425 7.89375 7.93125 7.95 8.175 -9999 -9999 -9999 -9999 -9999 -9999 -9999 -9999 -9999 -9999 -9999 -9999 -9999 -9999 -9999 -9999 -9999 -9999 -9999 -9999 -9999 -9999 -9999 -9999 -9999 -9999 -9999 -9999 -9999 -9999 -9999 -9999
-9999 -9999 -9999 -9999 -9999 -9999 -9999 -9999 -9999 -9999 -9999 -9999 -9999 -9999 -9999 -9999 -9999 -9999 -9999 -9999 -9999 -9999 -9999 -9999 -9999 -9999 -9999 -9999 11.90833 12.8125 12.425 12.3 10.775 7.91875 7.6375 8.65 9.1875 -9999 -9999 -9999 -9999 -9999 -9999 -9999 -9999 -9999 -9999 -9999 -9999 -9999 -9999 -9999 -9999 -9999 -9999 -9999 -9999 -9999 -9999 -9999 -9999 -9999 -9999 -9999 -9999 -9999 -9999 -9999 -9999
-9999 -9999 -9999 -9999 -9999 -9999 -9999 -9999 -9999 -9999 -9999 -9999 -9999 -9999 -9999 -9999 -9999 -9999 -9999 -9999 -9999 -9999 -9999 -9999 -9999 -9999 -9999 13.78333 13.7625 13.96875 13.0125 12.725 11.5 10.46875 9.64375 9.887501 10.4375 -9999 -9999 -9999 -9999 -9999 -9999 -9999 -9999 -9999 -9999 -9999 -9999 -9999 -9999 -9999 -9999 -9999 -9999 -9999 -9999 -9999 -9999 -9999 -9999 -9999 -9999 -9999 -9999 -9999 -9999 -9999 -9999
-9999 -9999 -9999 -9999 -9999 -9999 -9999 -9999 -9999 -9999 -9999 -9999 -9999 -9999 -9999 -9999 -9999 -9999 -9999 -9999 -9999 -9999 -9999 -9999 -9999 -9999 14.9 14.225 14.6875 14.23125 13.91875 13.34375 12.73125 11.64375 10.5375 10.5875 10.8 -9999 -9999 -9999 -9999 -9999 -9999 -9999 10.6 -9999 -9999 -9999 -9999 -9999 -9999 -9999 -9999 -9999 -9999 -9999 -9999 -9999 -9999 -9999 -9999 -9999 -9999 -9999 -9999 -9999 -9999 -9999 -9999
-9999 -9999 -9999 -9999 -9999 -9999 -9999 -9999 -9999 -9999 -9999 -9999 -9999 -9999 -9999 -9999 -9999 -9999 -9999 -9999 -9999 -9999 -9999 -9999 -9999 -9999 14.41875 13.44375 14.3625 14.725 14.56875 13.9625 12.65625 11.49375 10.65 10.6375 10.90625 11.04167 -9999 -9999 11.4 11.3 11.16667 11.13333 10.80833 -9999 -9999 -9999 -9999 -9999 -9999 -9999 -9999 -9999 -9999 -9999 -9999 -9999 7.9 -9999 -9999 -9999 -9999 -9999 -9999 -9999 -9999 -9999 -9999
-9999 -9999 -9999 -9999 -9999 -9999 -9999 -9999 -9999 -9999 -9999 -9999 -9999 -9999 -9999 -9999 -9999 -9999 -9999 -9999 -9999 -9999 -9999 -9999 -9999 13.61667 12.9375 13.3875 14.125 14.3 14.4 14.175 13.45 12.45625 10.4875 10.99375 10.95 10.94375 11.0375 -9999 11.6375 11.6 11.5 11.2875 10.975 -9999 -9999 10.05 10.0375 9.85 9.691667 9.566667 9.31875 9.1125 8.85 -9999 -9999 8.025 7.8875 -9999 -9999 -9999 -9999 -9999 -9999 -9999 -9999 -9999 -9999
-9999 -9999 -9999 -9999 -9999 -9999 -9999 -9999 -9999 -9999 -9999 -9999 -9999 -9999 -9999 -9999 -9999 -9999 -9999 -9999 -9999 -9999 -9999 -9999 15.3125 14.575 13.6875 12.73125 13.75 14.225 14.325 14.25625 13.71875 13.0875 11.475 11.11875 10.6375 10.925 11.3625 11.8625 12.2 12.00625 11.8125 11.6 11.25625 10.8625 10.40833 10.275 10.25 10.06875 9.85 9.766666 9.45 9.3 -9999 -9999 8.4 8.2125 7.8 -9999 -9999 -9999 -9999 -9999 -9999 -9999 -9999 -9999 -9999
-9999 -9999 -9999 -9999 -9999 -9999 -9999 -9999 -9999 -9999 -9999 -9999 -9999 -9999 -9999 -9999 -9999 -9999 -9999 -9999 -9999 -9999 -9999 16.03333 15.4625 14.8 13.98125 14.00625 13.725 14.175 14.275 14.25 13.88125 13.09375 11.3625 10.54375 10.6375 11.54375 11.8 12.45625 12.53333 12.3875 12.08125 11.7375 11.46875 11.06875 10.7125 10.69375 10.5875 10.35 -9999 10 9.700001 9.4 9.125 -9999 8.4875 8.25625 7.9 -9999 -9999 -9999 -9999 -9999 -9999 -9999 -9999 -9999 -9999
-9999 -9999 -9999 -9999 -9999 -9999 -9999 -9999 -9999 -9999 -9999 -9999 -9999 -9999 -9999 -9999 -9999 -9999 -9999 -9999 -9999 -9999 -9999 14.88333 14.89375 14.45625 14.14375 14.2125 14.25 14.175 14.1375 14.13125 13.56875 12.95625 10.63125 10.28125 11.00625 11.8375 12.03125 12.95625 12.83125 12.725 12.275 12.0875 11.88125 11.425 11.13333 10.94375 10.7125 10.5375 10.4 10.06875 9.725 9.46875 9.25 8.8375 8.61875 8.33125 8.1 -9999 -9999 -9999 -9999 -9999 -9999 -9999 -9999 -9999 -9999
-9999 -9999 -9999 -9999 -9999 -9999 -9999 -9999 -9999 -9999 -9999 -9999 -9999 -9999 -9999 -9999 -9999 -9999 -9999 -9999 -9999 -9999 14.8375 14.58125 14.3625 14.31875 13.825 13.7375 14 14.01875 14 14.13125 13.66875 12.35 10.88125 10.475 10.2125 11.375 12.68125 13.34375 13.1875 13.0625 12.6625 12.36875 12.15 11.69167 11.35 10.9 10.99375 10.83333 10.46875 10.19375 9.76875 9.4 9.36875 8.98125 8.65 8.28125 7.9625 -9999 -9999 -9999 -9999 5.7 -9999 -9999 -9999 -9999 -9999
-9999 -9999 -9999 -9999 -9999 -9999 -9999 -9999 -9999 -9999 -9999 -9999 -9999 -9999 -9999 -9999 -9999 -9999 -9999 -9999 -9999 15.95 15.38125 14.18125 14.0875 14.2125 13.525 13.04375 13.18125 13.5375 13.73125 14.09375 13.675 11.81875 12.1 11.3125 10.3625 11.3 13.36875 13.6375 13.5 13.40625 13.0625 12.56875 12.4 11.64375 11.3375 11.21875 11.075 10.86875 10.625 10.18125 9.25625 9.2125 9.4 8.83125 8.51875 8.13125 7.4875 -9999 -9999 -9999 6.091667 -9999 -9999 -9999 -9999 -9999 -9999
-9999 -9999 -9999 -9999 -9999 -9999 -9999 -9999 -9999 -9999 -9999 -9999 -9999 -9999 -9999 -9999 -9999 -9999 -9999 -9999 -9999 15.69375 15.53125 14.88125 14.39375 13.71875 13.10625 13.38125 12.8375 13.5875 13.875 14.16875 14.08125 13.68125 12.99375 12.15 12.3125 13.4 14.06875 13.925 13.84375 13.71875 13.41875 12.925 11.85 11.65 11.40625 11.15 11.0625 10.775 10.41875 10.05 9.54375 9.625 9.43125 8.6375 8.05 7.9875 7.31875 -9999 7.133333 6.7875 6.441667 -9999 -9999 -9999 -9999 -9999 -9999
-9999 -9999 -9999 -9999 -9999 -9999 -9999 -9999 -9999 -9999 -9999 -9999 -9999 -9999 -9999 -9999 -9999 -9999 -9999 -9999 16.50833 15.85625 14.7875 13.80625 13.13125 14.03125 13.73125 13.675 13.73125 14.2 14.075 14.5 14.4125 13.98125 11.825 11.88125 13.4875 14.3625 14.2875 14.2 14.13125 13.84375 12.94375 12.2375 11.88125 11.5625 11.31875 11.21875 11.1 10.68125 10.53125 10.125 9.71875 9.818749 9.10625 8.737499 8.4 8.200001 7.4875 7.458333 7.425 7.05 6.8 -9999 -9999 7.1 6.925 7.1 -9999
-9999 -9999 -9999 -9999 -9999 -9999 -9999 -9999 -9999 -9999 -9999 -9999 -9999 -9999 -9999 -9999 -9999 -9999 -9999 15.925 15.8875 14.73125 13.775 12.94375 12.775 13.825 13.875 13.7375 14.2 14.43125 14.55625 14.525 14.425 13.38125 11.40625 13.00625 13.5 14.575 14.5125 14.4 14.1 13.59375 12.9375 12.48333 11.9875 11.8125 11.59375 11.4625 11.43125 11.15 10.875 10.29375 10.24375 9.81875 9.36875 9.00625 8.7375 8.4125 7.93125 7.25625 6.9625 6.9375 7.208333 7.4125 7.091667 6.49375 5.90625 5.91875 7.358333
-9999 -9999 -9999 -9999 -9999 -9999 -9999 -9999 -9999 -9999 -9999 -9999 -9999 -9999 -9999 -9999 -9999 -9999 -9999 15.2125 15.31875 14.13125 13.16875 12.5 13.0375 13.34375 14.10625 14.2125 13.9625 14.35625 14.45625 14.525 13.99375 12.7625 12.375 13.74375 14.20625 14.7 14.55 14.45 14.13125 13.60625 12.925 12.6875 12.39375 12.11875 11.70625 11.45625 11.36875 11.5 11.3125 10.93125 10.59375 9.9125 9.6 9.09375 8.86875 8.375 7.91875 7.475 7 6.6875 6.53125 7.05 6.425 6.25 6.05 5.91875 6.58125
-9999 -9999 -9999 -9999 -9999 -9999 -9999 -9999 -9999 -9999 -9999 -9999 -9999 -9999 -9999 -9999 -9999 -9999 14.8 14.94375 14.1875 13.475 12.20625 12.79375 12.24375 13.7375 14.1625 13.9375 13.93125 14.1125 14.175 13.975 13.36875 12.98125 13.59375 14.1375 14.8625 14.75 14.7 14.59375 14.2625 13.6875 13.1375 12.9 12.69167 12.19167 11.975 11.75625 11.64375 11.75625 11.6625 11.4 11.05 10.45 10.05625 9.5875 9.1625 8.458333 8.231251 7.8625 7.2375 7.13125 6.91875 6.75625 6.6125 5.7375 5.40625 5.325 5.9875
-9999 -9999 -9999 -9999 -9999 -9999 -9999 -9999 -9999 -9999 -9999 -9999 -9999 -9999 -9999 -9999 -9999 15.2375 15.21875 14.15 12.94375 11.29375 12.36875 12.15625 12.95 13.58125 13.88125 14.25625 13.5625 13.5125 14.05625 13.675 12.63125 13.21875 14.24375 14.98125 15.0375 14.86875 14.76875 14.5875 14.44375 13.91875 13.55 13.3125 12.76875 12.5125 12.43125 12.0625 12.2625 12.0375 11.7 11.45625 10.9125 10.56875 10.15625 9.80625 9.38125 8.75 8.3 7.916667 7.53125 7.2 6.75 6.6125 6.75625 5.6625 5.65625 5.59375 5.9375
-9999 -9999 -9999 -9999 -9999 -9999 -9999 -9999 -9999 -9999 -9999 -9999 -9999 -9999 -9999 -9999 14.2 15.0625 13.55625 12.05625 11.15625 10.54375 11.6625 11.2125 12.23125 13.13125 14.0125 14 13.7 13.5125 13.84375 13.33125 12.625 13.53125 14.34375 14.7625 14.9375 14.95625 14.8625 14.69375 14.4375 14.29167 13.91875 13.59375 13.375 12.83125 12.3375 12.325 12.53125 12.14375 11.9375 11.525 10.96875 10.525 10.04375 9.575 9.4125 8.78125 8.35 7.9375 7.558333 7.4625 6.875 6.775 6.8 6.1375 5.95625 6.09375 6.15625
-9999 -9999 -9999 -9999 -9999 -9999 -9999 -9999 -9999 -9999 -9999 -9999 -9999 -9999 -9999 -9999 14.45833 14.85625 13.4375 13.275 12.0625 12.075 10.76875 10.05 11.7125 13.03125 13.7875 13.8125 13.76875 13.7 13.78125 12.975 12.525 13.79375 14.375 14.6 14.9875 15.06875 15.03125 14.6375 14.3125 13.98125 13.45 12.9 13.25625 13.35625 12.65625 12.8125 12.5375 12.25 12.175 11.35625 11.06875 10.475 10.30625 9.99375 9.63125 9.05625 8.6375 7.95 7.8 7.61875 6.95625 6.9875 7.01875 6.33125 6.21875 6.525 6.06875
-9999 -9999 -9999 -9999 -9999 -9999 -9999 -9999 -9999 -9999 -9999 -9999 -9999 -9999 -9999 12.125 13.8125 14.4625 13.41875 12.44375 11.425 12.13125 12.2625 12.16875 12.5625 13.0625 13.1625 14.05625 14.275 14.3125 13.6375 12.775 12.8 13.7875 13.875 14.5125 14.98125 15.175 15.15 14.74375 14.3875 13.99375 13.3625 12.88125 13.18125 13.8 12.775 12.74375 12.55 12.4875 12.35 11.48125 11.04375 10.7375 10.36875 10.2 9.775 9.318749 8.93125 8.306251 7.925 7.96875 7.26875 7.45625 7.48125 6.7625 6.80625 6.8625 6.43125
-9999 -9999 -9999 -9999 -9999 -9999 -9999 -9999 -9999 -9999 -9999 -9999 -9999 -9999 14.05 13.24375 13.3375 13.91875 11.85 11.60625 11.125 11.60625 11.70625 11.5 12.51875 11.2625 11.6125 12 13.8625 14.24375 14.1625 13.6375 13.78125 14.15 14.3625 14.475 14.94375 15.2625 15.2125 14.88125 14.50625 14.28125 13.925 13.53125 13.95 13.99375 13.06875 12.8875 12.95625 12.65 12.35 11.84375 11.35833 11 10.65625 10.2125 9.831249 9.6 9.29375 8.6375 8.25625 8.09375 7.7125 7.69375 7.7875 7.575 7.1625 6.63125 6.64375
-9999 -9999 -9999 -9999 -9999 -9999 -9999 -9999 -9999 -9999 -9999 -9999 -9999 -9999 13.90625 14.05625 14.1375 14.16875 12.2125 10.525 9.25625 10.0875 10.8 11.2875 11.78125 12.2125 12.48125 12.84375 12.85 13.95625 14.00625 14.50625 15.075 15.0375 14.85625 14.80625 15.11875 15.23125 15.2 14.95 14.70625 14.525 14.40625 13.95 14.25 13.8 13.35625 13.19375 13.33125 12.95 12.25625 11.90625 11.4125 11.25 10.7625 10.5875 10.0625 9.76875 9.625 9.09375 8.85 8.5 8.2375 8.200001 8.0625 7.73125 7.36875 6.88125 7.03125
-9999 -9999 -9999 -9999 -9999 -9999 -9999 -9999 -9999 -9999 -9999 -9999 -9999 13.71667 13.325 13.95625 13.84375 14.0375 12.6375 12.1125 10.04375 9.98125 10.8125 10.18125 9.668751 10.675 12.0625 11.89375 12.775 13.91875 14.41875 15.2125 14.775 14.64375 14.44375 14.8125 14.8 14.88125 15.01875 14.825 14.85 14.7625 14.675 14.5625 14.36875 14.4625 13.85 13.7375 13.7125 13.375 12.51875 11.98125 11.425 11.58333 11.15833 10.65 10.425 10.10833 9.89375 9.40625 9.1 9.025 8.69375 8.575 8.2625 8.01875 7.93125 7.2375 7.125
-9999 -9999 -9999 -9999 -9999 -9999 -9999 -9999 -9999 -9999 -9999 -9999 12.975 12.59375 12.76875 13.34375 12.8875 13.6375 14.21875 11.05625 9.68125 9.13125 10.05 9.88125 11.43125 11.7625 10.4625 10.46875 10.64375 13.13125 14.125 14.7875 13.8875 13.91875 14.21875 14.51875 14.55625 14.35 14.94375 14.7 14.625 14.875 14.85625 14.83125 14.625 14.7875 14.41875 14.4875 14 13.475 12.85625 12.35625 11.7875 11.85 11.2 10.44375 10.5 10.425 10.0375 9.75 9.48125 9.35 9.137501 8.94375 8.65 8.325 8.11875 7.6875 7.7625
-9999 -9999 -9999 -9999 -9999 -9999 -9999 -9999 -9999 -9999 -9999 13.7 13.6875 13.28125 11.99375 12.88125 13.1625 13.79375 14.61875 13.1375 9.025 9.51875 8.81875 10.6625 11.49375 12.55625 10.8375 11.36875 11.25 12.375 13.43125 13.83125 12.4625 11.95 13.75 13.70625 13.8 13.4375 14.2375 14.59375 14.575 14.78125 15.06875 15.05 15.0125 14.95 15.175 14.59375 14.2 13.60625 13.03125 12.55625 12.25 11.55833 11.325 10.9375 10.85625 10.65625 10.4375 10.10625 9.674999 9.53125 9.35 9.05 8.85625 8.79375 8.675 8.71875 8.725
-9999 -9999 -9999 -9999 -9999 -9999 -9999 -9999 -9999 -9999 -9999 13.79167 13.325 13.90625 11.8125 13.61875 14.2 14.2875 14.7125 14.0625 11.5375 9.26875 8.43125 10.00625 10.40625 10.43125 10.9 9.975 9.30625 11.55 11.2625 12.74375 11.73125 10.05 11.71875 11.6125 12.40625 13.1125 13.2 13.54375 14.7 14.8125 15.1 15.275 15.3375 15.4 15.5875 15.25625 14.61875 14.0125 13.15 12.725 12.3375 11.7625 11.675 11.36667 11.06875 10.78125 10.625 10.29375 10 9.793751 9.20625 9.075 9.25 9.3125 9.30625 9.13125 8.924999
