Env_Vars_Sept202022/Set_1/mwmt_sept20.asc.asc
ncols         145
nrows         190
xllcorner     -2197417.7431653
yllcorner     -584827.01486885
cellsize      20000
NODATA_value  -9999
[rows 155 to 185 of 190, columns 69 to 137 of 145]
12.5125 14.025 17.5875 19.85 20.84375 21.20625 21.74375 21.71875 21.76875 22.18125 22.60625 22.8125 22.13125 21.33125 21.64375 22.15 22.48125 22.21875 22.43125 22.4625 22.58125 23.0125 22.1625 21.81875 22.0125 21.99375 21.7875 21.75 21.825 21.90625 21.95 22.0375 22.1 22.075 22.16875 22.25 22.26875 22.1625 22.18333 22.24167 22.1375 21.7375 21.4125 21.325 21.4 22.01875 22.225 22.225 22.1875 22.225 22.025 22.125 22.1 22.05 -9999 -9999 -9999 -9999 -9999 -9999 -9999 -9999 -9999 -9999 -9999 -9999 -9999 -9999 -9999
12.44375 11.325 14.05 18.83125 20.0375 20.90625 21.59375 21.29375 21.5375 22.44375 22.93125 22.38125 21.98125 21.39375 21.58125 21.91875 22.425 21.66875 21.96875 22.28125 22.56875 22.575 22 22.025 21.825 22.0875 21.93125 21.93125 21.93125 22.06875 22.21875 22.5 22.7 22.7 22.55 22.55 22.51875 22.38125 22.4125 22.48125 22.45 22.21875 21.975 21.65625 21.74375 22.2 22.3 22.375 22.375 22.43125 21.8875 21.825 22.325 22.375 -9999 -9999 -9999 -9999 -9999 -9999 -9999 -9999 -9999 -9999 -9999 -9999 -9999 -9999 -9999
12.08125 12.275 10.6 13.20625 18.025 20.8375 21.25625 19.30625 20.73125 22.0375 22.425 21.55625 21.41875 20.53125 21.2 22.00625 22.10625 21.51875 21.675 22.15 22.225 22.19375 21.875 21.8375 21.73125 22.05625 22.0625 22.01875 22.00625 22.1625 22.375 22.5875 22.56875 22.75 22.775 22.825 22.775 22.79375 22.8875 22.86667 22.6 22.35 22.25625 21.9625 22.1625 22.425 22.5625 22.53125 22.475 22.3125 22.00625 21.83333 22.09375 22.55 -9999 -9999 -9999 -9999 -9999 -9999 -9999 -9999 -9999 -9999 -9999 -9999 -9999 -9999 -9999
14.025 12.20625 12.48125 9.9125 17.2125 21.08125 21.10625 19.44375 19.86875 18.9875 20.40625 20.81875 20.75 20.39375 21.68125 21.73125 21.9625 21.85625 22.125 22.18125 21.99375 21.725 21.63125 21.625 22.03125 21.925 22.0125 22.1 22.11875 22.275 22.55625 22.61875 22.725 22.725 22.825 22.94375 22.9625 22.9625 23.075 23.16667 22.6875 22.5125 22.4 22.25625 22.46875 22.625 22.7 22.7 22.65 22.25625 22.1 21.78333 21.6 22.45 -9999 -9999 -9999 -9999 -9999 -9999 -9999 -9999 -9999 -9999 -9999 -9999 -9999 -9999 -9999
12.98125 12.50625 13.2625 15.025 20.55 20.975 21.275 21.8625 21.79375 16.425 16.7125 19.1875 20.20625 21.0875 21.7125 22.0875 22.29375 22.4375 22.20625 22.19375 21.83125 21.575 21.76875 21.9 21.88125 22.175 22.35 22.3875 22.4375 22.61875 22.69375 22.9 23.09375 23.21875 23.23125 23.35 23.325 23.35 23.3125 23.48125 23.06875 23.00625 22.7625 22.56875 22.66875 22.775 22.8375 22.78125 22.725 22.0875 22.09375 21.875 21.48125 22.0375 -9999 -9999 -9999 -9999 -9999 -9999 -9999 -9999 -9999 -9999 -9999 -9999 -9999 -9999 -9999
12.55625 12.2875 11.9125 13.675 18.9375 20.5375 21.64375 21.73125 21.95625 17.76875 12.8875 14.625 20.05 21.25625 21.2875 22.08125 22.5125 22.1875 22.01875 22.13125 21.79375 21.7 21.69375 21.825 22.225 22.43125 22.39375 22.4625 22.61875 22.7125 22.63125 22.9 23.3 23.36875 23.325 23.4 23.525 23.475 23.59375 23.78125 23.2875 23.075 22.975 22.78125 22.825 22.8875 22.975 22.95 22.8125 22.2625 22.16875 22.125 21.9125 21.7625 -9999 -9999 -9999 -9999 -9999 -9999 -9999 -9999 -9999 -9999 -9999 -9999 -9999 -9999 -9999
12.76875 13.8 15.5625 16.6875 18.71875 20.2375 20.94375 21.53125 22.48125 21.6625 16.29375 12.28125 16.4125 20.13125 21.26875 21.80625 22.44375 22.19375 22.075 22.0875 21.725 21.49375 21.1625 21.1 22.41875 22.66875 22.79167 22.7625 22.69375 22.7875 22.9 23.04375 23.35625 23.525 23.525 23.7625 24.0125 24.19375 24.18125 23.8 23.50625 23.3375 23.14375 23.0125 22.98125 23.05 23.1 23.15 23 22.48125 22.275 22.23333 22.08333 21.8 -9999 -9999 -9999 -9999 -9999 -9999 -9999 -9999 -9999 -9999 -9999 -9999 -9999 -9999 -9999
12.25625 11.06875 13.225 15.825 17.15 19.54375 20.48125 21.625 22.66875 22.35 20.1 12.16875 11.0875 18.03125 21.1 21.46875 22.0625 22.075 21.925 21.94375 21.58125 21.39375 21.01875 20.10625 21.65625 22.4625 22.80625 23.01875 22.9375 22.89375 22.60625 23 23.55625 23.84375 24.1 24.28125 24.29375 24.2 24.35 23.95625 23.78125 23.71875 23.5 23.36875 23.33125 23.30625 23.2375 23.2 23.2 22.775 22.35833 22.41875 22.3125 22.0625 -9999 -9999 -9999 -9999 -9999 -9999 -9999 -9999 -9999 -9999 -9999 -9999 -9999 -9999 -9999
12.6 11.43125 12.0375 12.64375 16.88125 18.7625 20.6375 21.75625 22.3625 22.81875 22.48125 15.8625 10.50625 16.8625 21.0125 21.51875 21.875 21.76875 21.65625 21.6625 21.58125 21.5875 20.7875 19.875 20.1125 20.3625 21.50625 22.875 23.2125 23.2375 23.2625 23.78125 24.1375 24.09375 24.025 23.98125 24.05 24.04375 24.34375 24.24375 23.9875 23.81875 23.4375 23.38125 23.35 23.48125 23.375 23.35 23.375 23.11875 22.7375 22.61875 22.59375 22.4125 -9999 -9999 -9999 -9999 -9999 -9999 -9999 -9999 -9999 -9999 -9999 -9999 -9999 -9999 -9999
12.0375 11.8 11.4625 11.30625 15.54375 18.3 20.44375 21.8125 22.44375 22.65625 22.4125 19.76875 13.69375 17.8875 21.0875 21.4625 21.95625 21.375 21.2875 21.54375 21.75 21.68125 21.18125 19.7125 17.9125 17.575 19.25 22.06875 23.14375 23.4875 23.875 23.95625 23.8875 23.8 23.9625 23.99375 24.24375 24.3875 24.64375 24.575 24.375 23.975 23.375 23.39375 23.36875 23.5 23.6 23.525 23.55 23.4375 23.05 22.81875 22.675 22.525 -9999 -9999 -9999 -9999 -9999 -9999 -9999 -9999 -9999 -9999 -9999 -9999 -9999 -9999 -9999
12.19375 12.54375 13.31875 11.91875 13.8375 18.50625 20.7 22.15625 22.5 22.55625 21.99375 21.60625 15.78125 19.16875 21.14375 21.53125 21.7625 21.1 21.18125 21.575 21.60625 21.33125 21.91875 20.3375 17.575 16.7 18.70625 21.2625 22.8125 23.25625 23.55625 23.975 23.7875 24.0625 24.28125 24.325 24.43125 24.60625 24.575 24.41875 24.35 24.28333 24.1 23.9 23.85 23.71875 23.75625 23.725 23.7 23.70625 23.375 22.74375 22.575 22.59375 -9999 -9999 -9999 -9999 -9999 -9999 -9999 -9999 -9999 -9999 -9999 -9999 -9999 -9999 -9999
12.14375 13.45 16.0375 14.66875 15.80625 17.625 19.74375 22.2 22.475 22.34375 21.61875 20.81875 17.25625 20.48125 21.3 21.7625 21.53125 20.8625 21.2 21.40625 21.4375 21.88125 22.3375 22.10625 19.49375 16.69375 18.6125 20.93125 22.775 23.45625 23.9 23.85 24.14375 24.29375 24.325 24.35625 24.4 24.4875 24.48125 24.5 24.43125 24.525 24.15 24.36875 24.21875 24.00625 23.975 23.89375 23.8375 23.85 23.6125 23.06875 22.69375 22.7625 -9999 -9999 -9999 -9999 -9999 -9999 -9999 -9999 -9999 -9999 -9999 -9999 -9999 -9999 -9999
12.5375 10.6 15.14375 18.23125 18.73125 19.61875 20.46875 21.275 19.33125 20.50625 19.88125 17.13125 17.60625 20.70625 21.375 21.825 21.26875 20.6625 20.94375 21.4375 21.9 22.36875 22.6375 23.15625 21.74375 19.23125 19.26875 21.6125 23.04375 23.79375 23.875 24.21875 24.50625 24.55 24.4 24.4125 24.49375 24.6125 24.70625 24.65 24.54375 24.55 24.5375 24.625 24.475 24.4 24.4 24.175 24.0375 24.05 23.84375 23.3875 22.96875 23.05625 -9999 -9999 -9999 -9999 -9999 -9999 -9999 -9999 -9999 -9999 -9999 -9999 -9999 -9999 -9999
13.13125 10.9625 11.8 17.41875 20 20.6625 21.38125 22.6 21.9625 21.1125 19.7375 17.0125 19.65625 20.79375 21.35625 21.76875 20.40625 20.65625 21.65 21.7375 22.28125 22.53125 23.03125 23.4625 23.0875 22.03125 21.0375 22.5875 23.6 23.675 23.88125 24.225 24.1875 24.275 24.25625 24.3 24.325 24.525 24.61875 24.73125 24.675 24.56875 24.54375 24.6125 24.55 24.5875 24.525 24.35625 24.2 24.2 23.95625 23.675 23.41875 23.3125 -9999 -9999 -9999 -9999 -9999 -9999 -9999 -9999 -9999 -9999 -9999 -9999 -9999 -9999 -9999
14.3375 12.7125 11.3 13.98125 19.65625 20.85 21.3625 21.79375 21.5125 21.00625 20.6125 20.25 20.975 21.3 21.2375 21.2625 20.5375 20.825 21.55 21.9875 22 22.49375 23.05 23.28125 23.20625 23.36875 23 23.4 23.56875 23.9375 23.9625 23.81875 23.75 23.91875 23.9 23.98125 24.05 24.1875 24.04375 24.525 24.65 24.775 24.6 24.63125 24.625 24.625 24.6 24.55 24.45 24.30625 24.14375 23.81875 23.94375 23.7 -9999 -9999 -9999 -9999 -9999 -9999 -9999 -9999 -9999 -9999 -9999 -9999 -9999 -9999 -9999
15 15.01875 11.70625 11.31875 17.84375 21.0875 21.45625 21.3375 21.18125 20.9125 20.66875 20.95625 21.08125 21.3625 21.44375 21.10625 20.59375 20.6875 21.15 21.63125 22.175 22.45625 22.76875 22.83125 23 23.2875 23.36875 23.43125 23.64375 23.84375 23.65625 23.675 23.325 23.4 23.55625 23.29375 23.525 23.61875 23.6875 24.05625 24.2375 24.425 24.50625 24.5 24.50833 24.65625 24.625 24.76875 24.625 24.35 24.25625 23.9625 24.0875 24.08333 -9999 -9999 -9999 -9999 -9999 -9999 -9999 -9999 -9999 -9999 -9999 -9999 -9999 -9999 -9999
15.825 15.56875 14.20625 11.40625 13.66875 19.88125 20.8625 20.69375 20.30625 20.53125 19.51875 20.40625 20.98125 21.35625 21.7875 21.88125 21.58125 21.40625 21.175 21.19375 21.6625 21.81875 21.90625 22.38125 22.81875 23.09375 23.0625 23.2625 23.54375 23.5875 23.36875 23.15 23.1 23.2 23.325 23.25 23.43125 23.46875 23.6125 23.95625 24.23125 24.325 24.3 24.45 24.3375 24.46875 24.63125 24.7875 24.725 24.45 24.35 -9999 -9999 -9999 -9999 -9999 -9999 -9999 -9999 -9999 -9999 -9999 -9999 -9999 -9999 -9999 -9999 -9999 -9999
15.775 15.83125 16.0625 15.64375 14.1 17.25 19.60625 19.35625 19.53125 19.9375 19.825 19.93125 20.33125 21.50625 20.3125 19.61875 19.94375 20.64375 21.35 21.19375 21.24375 21.025 20.8125 21.15 21.775 22.75 22.93125 23.4875 23.58125 23.21875 22.84375 22.79375 22.96875 23.16875 23.3125 23.16875 23.24375 23.48125 23.75625 23.89375 23.99375 24.0375 24.2 24.3625 24.41875 24.5375 24.475 24.5 24.675 -9999 -9999 -9999 -9999 -9999 -9999 -9999 -9999 -9999 -9999 -9999 -9999 -9999 -9999 -9999 -9999 -9999 -9999 -9999 -9999
16.325 17.18125 16.95 16.64375 16.33125 16.69375 17.925 18.58125 18.825 19.9375 20.7 20.9 21 21.0125 20.06875 17.9375 16.7125 18.59375 20.74375 21.28125 21.7125 20.6625 20.8375 21.2375 21.43125 21.69375 22.54375 22.73125 22.48125 22.475 22.61875 22.75 22.825 22.86875 22.9125 22.98125 23.2625 23.45 23.5375 23.625 23.95625 24.2125 24.25625 24.25625 24.2125 24.2375 24.35 24.35 24.5625 -9999 -9999 -9999 -9999 -9999 -9999 -9999 -9999 -9999 -9999 -9999 -9999 -9999 -9999 -9999 -9999 -9999 -9999 -9999 -9999
17.56875 17.825 17.7375 17.26875 17.10625 17.90625 18.25 18.65 18.5 18.4625 19.68125 19.83125 20.7875 19.04375 18.5875 17.64375 16.70625 16.9375 19.53125 20.83125 21.6375 21.13125 21.7125 21.575 21.525 21.625 21.93125 22.34375 22.58125 22.625 22.65 22.53125 22.55 22.59375 22.675 22.7625 23.05 23.2625 23.4375 23.5875 23.8 24.06875 24.05625 24.125 24.03125 24.15 24.35 24.3125 24.4375 -9999 -9999 -9999 -9999 -9999 -9999 -9999 -9999 -9999 -9999 -9999 -9999 -9999 -9999 -9999 -9999 -9999 -9999 -9999 -9999
18.71875 18.3375 18.09375 17.625 17.91875 18.6375 19.09375 19.46875 19.2625 19.41875 19.9125 19.25625 20.1 17.89375 18.2375 18.30625 17.975 17.5875 18.6875 21.15 21.925 22.38125 22.18125 22.1375 21.73125 21.43125 21.78125 22.2375 22.65 22.73125 22.625 22.34375 22.3875 22.4625 22.575 22.7375 23.01875 23.16875 23.19375 23.55 23.75625 23.6625 23.6 23.81875 23.925 23.9375 24.15 24.28125 24.275 -9999 -9999 -9999 -9999 -9999 -9999 -9999 -9999 -9999 -9999 -9999 -9999 -9999 -9999 -9999 -9999 -9999 -9999 -9999 -9999
19.3375 18.825 19.14375 18.79375 18.6625 18.9625 19.3 19.26875 19.2375 19.55 19.525 19.65 19.875 19.2125 18.9125 18.68125 18.26875 18.11875 18.8875 21.7125 22.1375 21.84375 22.51875 22.675 22.50625 22.0125 21.99375 22.41875 22.6875 22.81875 22.65625 22.4 22.35 22.55 22.6375 22.80625 23.24375 23.25 23.30625 23.75625 23.9 23.65 23.4625 23.6625 23.76875 23.65 23.89375 24.2 24.25 -9999 -9999 -9999 -9999 -9999 -9999 -9999 -9999 -9999 -9999 -9999 -9999 -9999 -9999 -9999 -9999 -9999 -9999 -9999 -9999
19.80833 19.65 19.76875 19.79375 19.25625 18.86875 19.01875 19.2625 19.16875 19.16875 18.975 19.54375 19.28125 18.25 18.4375 18.66875 18.45625 18.25625 19.74375 20.8875 21.30625 21.7625 22.5875 22.775 22.94375 23 22.71875 22.325 22.59375 22.825 22.725 22.53125 22.45625 22.7 22.83125 22.99375 23.34375 23.4875 23.575 23.75 23.825 23.7375 23.70625 23.75 23.7 23.7875 23.98125 24.15 24.05 -9999 -9999 -9999 -9999 -9999 -9999 -9999 -9999 -9999 -9999 -9999 -9999 -9999 -9999 -9999 -9999 -9999 -9999 -9999 -9999
20.15625 19.89375 19.29375 19.34375 19.11875 19.0375 19.00625 19.34375 19.25625 18.575 18.03125 18.75 19.0375 16.625 16.29375 17.7375 18.16875 18.16875 18.8 20.05 20.6875 21.15 21.90625 22.43125 22.38125 22.7125 23.2375 23.2375 22.80625 22.85 22.8375 22.73125 22.71875 22.81875 22.9875 23.075 23.23125 23.49375 23.64375 23.725 23.71875 23.73125 23.75625 23.83125 23.8625 23.85 24.09375 24.1875 24.1 -9999 -9999 -9999 -9999 -9999 -9999 -9999 -9999 -9999 -9999 -9999 -9999 -9999 -9999 -9999 -9999 -9999 -9999 -9999 -9999
20.2 19.31875 18.31875 19.25625 18.8875 19.06875 19.43125 19.44375 19.25625 18.74375 17 17.5125 18.76875 15.40625 12.4125 15.55 18.025 18.00625 18.08125 19.89375 20.46875 21.00625 21.53125 21.93125 21.8125 22.3125 22.74375 23.1875 23.53125 23.2625 22.96875 22.9625 22.9375 23.06875 23.21875 23.25625 23.35625 23.56875 23.6625 23.75 23.6875 23.64375 23.79375 23.88125 23.975 24.125 24.09375 24.30625 24.375 -9999 -9999 -9999 -9999 -9999 -9999 -9999 -9999 -9999 -9999 -9999 -9999 -9999 -9999 -9999 -9999 -9999 -9999 -9999 -9999
20.26667 19.16875 19.08125 18.34375 19.675 19.4875 19.5875 19.5375 19.26875 18.5 16.75625 14.61875 17.30625 15.9375 12.6625 16.41875 17.925 17.7875 17.21875 19.35625 19.95 20.575 21.0375 21.45 21.65 21.90625 22.26875 22.4375 22.81875 23.225 23.5 23.5 23.325 23.35625 23.41875 23.5 23.60625 23.70625 23.7875 23.825 23.74375 23.6375 23.7875 23.9375 24.1375 24.225 24.375 24.46875 -9999 -9999 -9999 -9999 -9999 -9999 -9999 -9999 -9999 -9999 -9999 -9999 -9999 -9999 -9999 -9999 -9999 -9999 -9999 -9999 -9999
18.375 19.85833 20.2625 18.9625 20.41875 19.9875 20.1875 19.79375 19.11875 18.65625 17.7375 14.975 14.05625 15.13125 13.7 15.08125 17.56875 17.0375 17 18.9125 20.0375 20.74375 21.2375 21.55 21.7625 22.03125 22.3375 22.59375 22.88125 23.29375 23.3375 23.45 23.7875 23.91875 23.90625 23.75 23.78125 23.775 23.725 23.7125 23.71875 23.8375 23.90625 24.1 24.21875 24.3125 24.5875 24.825 -9999 -9999 -9999 -9999 -9999 -9999 -9999 -9999 -9999 -9999 -9999 -9999 -9999 -9999 -9999 -9999 -9999 -9999 -9999 -9999 -9999
-9999 -9999 -9999 -9999 20.775 20.525 20.1625 19.725 19.08125 16.4375 15.28125 14.86875 12.7125 13.8375 14.60625 14.23125 14.58125 16.225 18.04375 19.325 20.34375 20.86875 21.5875 21.425 21.3125 21.775 22.2 22.59375 22.7875 23.34375 23.73125 23.775 23.8375 24.1125 24.0625 23.9 23.8 23.84375 23.86875 23.95625 23.91875 23.8 24.1 24.3 24.48125 24.7 24.825 25.025 -9999 -9999 -9999 -9999 -9999 -9999 -9999 -9999 -9999 -9999 -9999 -9999 -9999 -9999 -9999 -9999 -9999 -9999 -9999 -9999 -9999
-9999 -9999 -9999 -9999 -9999 -9999 -9999 -9999 -9999 -9999 16.75625 16.4 12.925 14.53125 14.96875 13.08125 12.7375 16.31875 19.20625 20.825 21.3125 21.58125 22.04375 21.7125 21.84375 22.6 23.06875 23.03125 23.35 23.64375 23.81875 23.76875 23.8125 24 23.9625 23.86875 23.8625 23.8 23.8625 24.16875 24.3625 24.28125 24.21875 24.39375 24.66875 24.775 24.94375 25.15 -9999 -9999 -9999 -9999 -9999 -9999 -9999 -9999 -9999 -9999 -9999 -9999 -9999 -9999 -9999 -9999 -9999 -9999 -9999 -9999 -9999
-9999 -9999 -9999 -9999 -9999 -9999 -9999 -9999 -9999 -9999 18.15 17.275 13.73125 14.4875 14.2375 11.7 11.0875 13.8625 18.9125 21.55 21.96875 22.2875 22.40625 22.28125 22.60625 22.9625 23.09375 23.40625 23.175 23.35 23.65 23.83125 24.01875 24.1875 24.14375 23.975 24.0875 24.1375 24.4125 24.3375 24.29375 24.3 24.425 24.61875 24.89375 25.05 25.075 25.20625 -9999 -9999 -9999 -9999 -9999 -9999 -9999 -9999 -9999 -9999 -9999 -9999 -9999 -9999 -9999 -9999 -9999 -9999 -9999 -9999 -9999
-9999 -9999 -9999 -9999 -9999 -9999 -9999 -9999 -9999 -9999 16.35625 17 13.83125 14.1125 12.71875 11.8375 10.49375 15.45625 19.8 21.95625 22.525 22.93125 22.8875 22.89375 22.75 22.99375 23.39375 23.1625 23.1375 23.46875 23.75 23.9375 24.1625 24.375 24.35 24.3125 24.3625 24.35 24.54375 24.65625 24.625 24.5 24.525 24.95 25.10625 25.175 25.20625 25.25 -9999 -9999 -9999 -9999 -9999 -9999 -9999 -9999 -9999 -9999 -9999 -9999 -9999 -9999 -9999 -9999 -9999 -9999 -9999 -9999 -9999
