Env_Vars_Sept202022/Set_1/mwmt_sept20.asc.asc
ncols         145
nrows         190
xllcorner     -2197417.7431653
yllcorner     -584827.01486885
cellsize      20000
NODATA_value  -9999
[rows 62 to 92 of 190, columns 69 to 137 of 145]
15.7625 15.80833 -9999 -9999 15.55 15.275 15.05625 14.8125 14.45 14.35 14.675 -9999 14.10833 14.05 13.48333 13.4625 13.2375 12.98125 13.1375 12.9875 12.825 12.575 12.4875 12.4 12.21875 11.95625 12 12.09375 12.09375 12 11.5625 11.5 11.66875 11.6125 11.55 11.575 11.6 11.575 11.3 11.025 11.0125 10.93333 10.775 10.96875 11.19375 11.3 11.15 10.90625 10.7875 10.6625 10.56875 10.575 10.51667 10.34375 10.08125 10.05625 9.78125 9.81875 9.6375 9.6625 9.533334 9.362499 -9999 -9999 -9999 -9999 -9999 -9999 -9999
15.7 15.7 15.8 -9999 -9999 15.3 15.225 14.8 14.6375 14.925 14.58333 14.14167 13.875 13.8 13.5125 13.49375 13.51875 13.3625 13.23125 12.89375 12.9 12.7 12.56875 12.575 12.50833 12.29375 12.33125 12.28125 12.26875 12.04375 11.85625 11.83125 11.85 11.775 11.73125 11.68125 11.675 11.55 11.3875 11.35 11.3 11.125 10.91875 11.06875 11.25625 11.225 11.325 11.05 10.9 10.79375 10.625 10.55 10.5125 10.55 10.43125 10.16875 10.0625 9.9875 9.80625 9.7875 -9999 -9999 -9999 -9999 -9999 -9999 -9999 -9999 -9999
-9999 -9999 -9999 -9999 -9999 -9999 15.2375 14.9875 14.93333 14.95 14.28333 14.09375 13.9875 13.775 13.71875 13.7125 13.525 13.29375 13.15 12.93125 12.98125 12.83125 12.725 12.55625 12.6125 12.54375 12.39375 12.35 12.35 12.25 12.0875 12.13333 12.04167 11.9875 11.9 11.81667 11.725 11.7125 11.625 11.59375 11.41875 11.38125 11.15625 11.175 11.41875 11.3125 11.2375 11.15 11 10.8875 10.7625 10.625 10.7 10.66875 10.5 10.325 10.2625 10.1625 9.991667 9.9 9.8 -9999 -9999 -9999 -9999 -9999 -9999 -9999 -9999
-9999 -9999 -9999 -9999 -9999 -9999 15.2125 15.0875 14.875 14.675 14.41875 14.21875 14.00625 13.8625 13.73125 13.7375 13.7125 13.36875 13.16875 13.31875 13.1375 12.9875 12.8375 12.69375 12.65 12.55833 12.6 12.49375 12.275 12.3 12.34167 12.25 12.20625 12.15 12.1 12.16667 11.875 11.775 11.71875 11.75 11.66667 11.48333 11.5 11.45 11.45625 11.46875 11.39375 11.325 11.13125 11 10.99375 10.98125 10.84167 10.76667 10.575 10.375 10.26875 10.275 10.14167 -9999 -9999 -9999 -9999 -9999 -9999 -9999 -9999 -9999 -9999
-9999 -9999 -9999 -9999 -9999 15.4 15.4 15.2 14.91875 14.775 14.50625 14.18125 14.15 14.01875 13.95625 13.95 13.8375 13.70625 13.39375 13.3 13.33125 13.2125 13.00625 12.84375 12.65625 12.51875 12.50625 12.58125 12.4 12.33125 12.3 12.34375 12.38125 12.275 12.275 12.16875 11.91875 11.95 11.9125 11.8625 11.675 11.55 11.3875 11.28125 11.325 11.3625 11.35625 11.36667 11.2125 11.14375 11.21875 11.175 10.9875 10.775 10.64167 10.45625 10.34375 10.35 10.1 -9999 -9999 -9999 -9999 -9999 -9999 -9999 -9999 -9999 -9999
-9999 -9999 -9999 -9999 15.5 15.3875 15.3125 15.175 14.9625 14.825 14.6125 14.39167 14.25833 14.1375 14.11875 14.075 13.8875 13.63125 13.45 13.5875 13.38125 13.35 13.08125 12.9125 12.725 12.65625 12.61875 12.575 12.53125 12.3125 12.24375 12.3875 12.5 12.4 12.3 12.25 12.06667 12.18125 12.05 11.95 11.75 11.6625 11.525 11.4375 11.5 11.5 11.46875 11.375 11.31875 11.13125 11.275 11.21875 11.04375 10.9 10.7125 10.65625 10.5125 10.4375 -9999 -9999 -9999 -9999 -9999 -9999 -9999 -9999 -9999 -9999 -9999
15.6 15.6125 15.5 15.6 15.48125 15.45 15.44375 15.3 15.15 15.00625 14.74167 14.55 14.4375 14.33125 14.19375 14.14375 14 13.65625 13.525 13.55625 13.425 13.3125 13.275 13.05 12.89375 12.84375 12.78125 12.7875 12.725 12.58125 12.45625 12.66875 12.61875 12.50625 12.4375 12.35 12.38125 12.3125 12.25 12.15 11.9125 11.78125 11.69375 11.475 11.45 11.6 11.6 11.45 11.36667 11.24375 11.26875 11.05 10.925 10.91875 10.8375 10.7125 10.66667 10.6 -9999 -9999 -9999 -9999 -9999 -9999 -9999 -9999 -9999 -9999 -9999
15.4125 15.34375 15.475 15.5 15.56875 15.5125 15.525 15.41875 15.375 15.03125 14.85 14.7 14.58125 14.55625 14.40625 14.2125 13.95 13.90625 13.7625 13.5125 13.4875 13.3625 13.21875 13.05625 13.03125 13.05 12.9625 12.9 12.875 12.7625 12.8125 12.85 12.725 12.66667 12.55 12.5125 12.575 12.5 12.4125 12.31875 12.06667 12.0125 11.825 11.60625 11.625 11.6 11.34375 11.53333 11.4625 11.275 11.21875 11.04375 10.95625 10.9 10.925 10.91875 10.81875 10.7 -9999 -9999 -9999 -9999 -9999 -9999 -9999 -9999 -9999 -9999 -9999
15.26875 15.35625 15.50625 15.54375 15.6375 15.64375 15.625 15.60625 15.45 15.19375 14.975 14.8625 14.80625 14.6875 14.43125 14.38125 14.03125 13.9375 13.825 13.7 13.5125 13.4125 13.275 13.18125 13.09167 13.15 13.0625 13.075 13.025 12.875 13 12.96875 12.725 12.7875 12.69167 12.6375 12.75 12.65 12.575 12.45 12.2875 12.18125 12.04375 11.86875 11.79375 11.79375 11.69375 11.6625 11.5375 11.3 11.275 11.15625 11.075 11.0375 10.95 10.95 10.88125 -9999 -9999 -9999 -9999 -9999 -9999 -9999 -9999 -9999 -9999 -9999 -9999
15.36875 15.4625 15.55 15.5625 15.625 15.7 15.7125 15.66875 15.64375 15.33125 15.09375 15.0375 14.9375 14.7625 14.6375 14.50625 14.1625 14.05 14.025 13.875 13.725 13.54375 13.4 13.26875 13.225 13.15 13.2 13.09375 13.14375 13.0375 13.075 12.975 12.85833 12.925 12.8125 12.7375 12.85 12.825 12.66875 12.575 12.425 12.20625 12.225 12.00625 11.95625 11.84375 11.9 11.83125 11.7 11.5375 11.44375 11.26875 11.1 11.10625 11.15625 11.05 11 -9999 -9999 -9999 -9999 -9999 -9999 -9999 -9999 -9999 -9999 -9999 -9999
15.5125 15.475 15.55 15.6875 15.73125 15.825 15.8125 15.76875 15.75625 15.44375 15.25625 15.20625 15.125 14.96875 14.86875 14.55 14.55 14.225 14.1625 13.96875 13.8375 13.675 13.48125 13.4 13.29375 13.29375 13.125 13.2625 13.33125 13.225 13.2125 13.08125 13 12.99375 13.025 13.00625 13.025 12.95 12.63125 12.55 12.525 12.3625 12.28125 12.1 12.00625 12.025 12 11.90625 11.8625 11.675 11.55625 11.35 11.21875 11.225 11.19375 11.13125 11.1 -9999 -9999 -9999 -9999 -9999 -9999 -9999 -9999 -9999 -9999 -9999 -9999
15.6 15.54375 15.575 15.70625 15.79375 15.91875 16 15.95 15.8125 15.6375 15.4 15.3125 15.175 15.1375 15.025 14.63125 14.55 14.36875 14.2875 14.10625 13.725 13.7 13.5625 13.475 13.4 13.35625 13.30625 13.3625 13.46667 13.40625 13.33333 13.25625 13.23333 13.15 13.24375 13.24375 13.15 13.0875 12.825 12.73125 12.725 12.5625 12.5125 12.34375 12.23125 12.10625 12.11875 12.05 12 11.80625 11.675 11.51875 11.45 11.43125 11.38125 11.2875 -9999 -9999 -9999 -9999 -9999 -9999 -9999 -9999 -9999 -9999 -9999 -9999 -9999
15.58125 15.6125 15.6 15.6625 15.75625 15.9 16.05 15.99375 15.91875 15.74375 15.54375 15.375 15.25625 15.19375 15.01875 14.73125 14.68125 14.64375 14.4125 14.0875 13.9 13.79375 13.725 13.575 13.46875 13.38125 13.29375 13.3375 13.51875 13.55625 13.34375 13.4125 13.45 13.3625 13.43333 13.35 13.1375 13.05625 12.91667 13 12.91875 12.725 12.69167 12.3875 12.30625 12.31875 12.375 12.275 12.08125 11.975 11.83125 11.65 11.5125 11.625 11.54375 11.5 -9999 -9999 -9999 -9999 -9999 -9999 -9999 -9999 -9999 -9999 -9999 -9999 -9999
15.49375 15.60625 15.6625 15.7375 15.78125 15.7625 16.025 16.01875 15.96875 15.7875 15.5875 15.45 15.35 15.2875 15.1375 14.95 14.8875 14.90625 14.59375 14.25 13.98125 13.8 13.7125 13.6375 13.55 13.45 13.48125 13.48333 13.5 13.525 13.225 13.3875 13.575 13.525 13.6 13.33333 13.0875 13.05 13.10625 13.175 13.025 12.9875 12.775 12.5375 12.39375 12.18125 12.2375 12.275 12.20625 12.01875 11.83125 11.75625 11.65 11.51667 11.5 11.5 -9999 -9999 -9999 -9999 -9999 -9999 -9999 -9999 -9999 -9999 -9999 -9999 -9999
15.025 15.71875 15.775 15.74375 15.775 15.75 15.825 16.01875 16.05 15.8125 15.64375 15.6 15.4625 15.40625 15.3875 15.35 15.30625 15.03125 14.7625 14.50625 14.19375 13.975 13.875 13.86875 13.7375 13.48125 13.5375 13.6375 13.74375 13.40625 13.375 13.575 13.76875 13.7125 13.68333 -9999 13.20625 13.18125 13.30625 13.2375 13.1375 13.19375 13 12.725 12.54375 12.3375 12.325 12.225 12.15 11.9875 11.85 11.825 11.725 11.6 11.575 11.6 -9999 -9999 -9999 -9999 -9999 -9999 -9999 -9999 -9999 -9999 -9999 -9999 -9999
13.925 15.78125 15.8125 15.7875 15.76875 15.74375 15.85 16.04375 16.075 15.9 15.7 15.69375 15.625 15.44375 15.41667 15.5625 15.51875 15.1875 14.925 14.7375 14.41875 14.175 14.1 14 13.7 13.625 13.7625 13.85625 13.84167 13.775 13.6125 13.7 13.725 13.725 13.64375 13.7125 13.36875 13.4125 13.36875 13.3875 13.36875 13.3 13 12.86875 12.6375 12.4875 12.3875 12.2 12.10625 12.05625 12.025 11.90625 11.7625 11.75 11.675 11.6375 -9999 -9999 -9999 -9999 -9999 -9999 -9999 -9999 -9999 -9999 -9999 -9999 -9999
13.81875 15.825 16.05 15.99375 15.975 15.98125 16.01875 16.1375 16.2 16.05 15.8375 15.76875 15.95625 16.21667 16.375 16.01667 16.075 15.3625 15.2625 14.95 14.71875 14.45625 14.33125 13.96875 13.825 13.76875 13.88125 13.90625 13.925 13.9625 13.775 13.75 13.75625 13.8 13.70833 13.63125 13.58125 13.63125 13.59375 13.525 13.6375 13.4625 13.2375 13.00625 12.7875 12.6 12.50625 12.325 12.26667 12.2 12.1 11.95625 11.8875 11.85 11.7625 11.725 -9999 -9999 -9999 -9999 -9999 -9999 -9999 -9999 -9999 -9999 -9999 -9999 -9999
14.64375 16.1375 16.225 16.25 16.16875 16.1625 16.15 16.2 16.225 15.975 15.91875 16 16.2875 16.45 -9999 16.475 16.3625 16.4 15.91667 15.3625 14.99375 14.71875 14.54375 14.2875 14.05625 13.975 14.13125 14.20625 14.29375 14.19375 14.0375 13.83125 13.85 13.94375 13.8375 13.6875 13.8 13.8625 13.78125 13.75625 13.7 13.5 13.425 13.10625 12.925 12.7625 12.60625 12.55833 12.2875 12.25 12.225 12.0375 12.0125 11.96875 11.875 11.8875 -9999 -9999 -9999 -9999 -9999 -9999 -9999 -9999 -9999 -9999 -9999 -9999 -9999
16.3875 16.3875 16.39375 16.29375 16.2625 16.24375 16.3 16.3125 16.25 16.1 16.09167 16.35 -9999 -9999 -9999 16.675 -9999 16.6 16.25 16.025 15.86875 15.53333 15.0375 14.79375 14.49375 14.4 14.49375 14.5 14.475 14.4125 14.2 14.06875 14.025 14.01875 13.875 13.86875 13.84375 13.88125 13.85 13.9125 13.84375 13.7 13.49375 13.20625 13.1375 12.9125 12.85 12.625 12.33125 12.4 12.43125 12.3375 12.23125 12.09375 12.01875 11.98125 -9999 -9999 -9999 -9999 -9999 -9999 -9999 -9999 -9999 -9999 -9999 -9999 -9999
16.6625 16.55 16.425 16.4 16.43125 16.475 16.45 16.43125 16.29375 16.2375 -9999 16.55 16.43333 16.41875 16.36667 16.33125 16.2625 16.15 15.875 15.79375 15.65833 15.60625 15.5 15.075 15.01875 14.95833 14.9375 14.79375 14.60625 14.4875 14.4 14.20833 14.18125 14.1 14.08125 14.075 14.09375 13.8875 13.8625 13.85 13.84375 13.83125 13.73125 13.35 13.35 13.06667 12.9375 12.825 12.61875 12.50625 12.475 12.41875 12.3625 12.225 12.10625 12.1 -9999 -9999 -9999 -9999 -9999 -9999 -9999 -9999 -9999 -9999 -9999 -9999 -9999
16.65625 16.55 16.50625 16.54375 16.5875 16.6 16.55 16.50625 16.46875 16.4875 16.575 16.38125 16.375 16.28125 16.29375 16.14375 16.025 15.84167 15.65 15.55 15.2 15.0625 15.30625 15.2625 15.11667 14.9875 15.025 14.9625 14.8625 14.625 14.49167 14.4 14.325 14.3375 14.35 14.26875 14.2 14.01875 14.075 14.06875 14.0625 13.98125 13.95625 13.69375 13.56875 13.3125 13.15 13.03333 12.875 12.75 12.64375 12.54375 12.40625 12.375 12.2875 12.2 -9999 -9999 -9999 -9999 -9999 -9999 -9999 -9999 -9999 -9999 -9999 -9999 -9999
16.75 16.61875 16.55 16.66875 16.65 16.675 16.58333 16.59375 16.5875 16.49375 16.48125 16.375 16.3 16.25625 16.16875 16.075 15.9375 15.79375 15.51875 15.39375 15.29375 15.175 15.1 15.31875 15.41875 15.05625 14.98125 14.99375 14.975 14.83125 14.63125 14.5 14.55625 14.53125 14.48125 14.525 14.41875 14.35625 14.3625 14.3125 14.2625 14.11875 14.08125 13.95 13.8 13.4875 13.325 13.1875 13.05 12.9375 12.85 12.75 12.63125 12.55 12.4 12.45 -9999 -9999 -9999 -9999 -9999 -9999 -9999 -9999 -9999 -9999 -9999 -9999 -9999
16.54375 16.15 15.89375 15.775 16.2125 16.63125 16.6 16.53125 16.575 16.30625 16.33125 16.4 16.24375 16.05625 15.9125 15.825 15.6875 15.575 15.475 15.25625 15.16875 15.1875 15.15625 15.475 15.48125 15.14375 15.08125 15.03125 14.975 14.975 14.8375 14.7625 14.71875 14.725 14.65625 14.65625 14.53125 14.4125 14.49375 14.275 14.36875 14.23125 14.25 14.075 13.825 13.75 13.53125 13.3875 12.94375 12.89375 12.88125 12.78125 12.73125 12.65 12.5625 -9999 -9999 -9999 -9999 -9999 -9999 -9999 -9999 -9999 -9999 -9999 -9999 -9999 -9999
15.825 15.09375 14.54375 14.35 14.38125 16.14375 16.5875 16.56875 16.4 16.30625 16.23125 16.29375 16.175 15.925 15.75 15.65 15.56875 15.55625 15.4625 15.25 14.99375 15.0875 15.4875 15.7 15.3375 15.1625 15.1375 15.10625 14.975 14.96875 14.93125 14.9 14.84375 14.74375 14.8375 14.75625 14.75 14.6125 14.49375 14.31875 14.38125 14.45625 14.275 14.1125 13.98125 13.95 13.73125 13.3875 13.0625 12.9125 13 13.0625 12.975 12.85625 12.73333 -9999 -9999 -9999 -9999 -9999 -9999 -9999 -9999 -9999 -9999 -9999 -9999 -9999 -9999
14.95625 14.6 14.44375 14.50625 14.425 15.3375 16.56875 16.59375 16.425 16.2875 16.08125 16 15.69375 15.64375 15.625 15.525 15.45 15.51875 15.39375 15.23125 15.1 15.3625 15.7125 15.7 15.3875 15.13333 15.18125 15.1125 14.85 14.94375 15.225 -9999 15.04167 14.85 14.81875 14.8 14.8375 14.73125 14.4125 14.35625 14.425 14.46875 14.225 14.0125 13.9875 13.89375 13.7125 13.275 13.25 13.15 13.0125 12.90625 12.99375 12.925 12.875 -9999 -9999 -9999 -9999 -9999 -9999 -9999 -9999 -9999 -9999 -9999 -9999 -9999 -9999
14.79375 14.56875 14.48125 14.24167 14.23125 14.93125 16.61875 16.50625 16.40625 16.29375 16.04375 15.6375 15.3375 15.40625 15.5375 15.46875 15.5125 15.4875 15.39375 15.475 15.60625 15.725 15.6625 15.66875 15.49375 15.1875 15.0625 15.09375 15.11875 15.23125 15.3625 15.2 15.0625 14.925 15.03125 15.15 15.025 14.925 14.65 14.475 14.45 14.55 14.26875 14.21875 14.1625 14.0375 13.8 13.43125 13.4 13.31875 13.15 13.03125 12.95 12.9625 -9999 -9999 -9999 -9999 -9999 -9999 -9999 -9999 -9999 -9999 -9999 -9999 -9999 -9999 -9999
14.35 14.43125 14.1375 14.3625 14.2375 15.94375 16.7 16.6 16.4625 16.09375 15.71875 15.55 15.375 15.4875 15.51875 15.49375 15.46875 15.4375 15.3625 15.68333 15.84375 15.65 15.61875 15.4625 15.325 15.125 15.05625 15.16875 15.275 15.4625 15.41875 15.23333 15.21875 15.18125 15.35 15.35625 15.225 15.0125 14.8 14.78125 14.61667 14.65 14.59375 14.5 14.4 14.3 13.9125 13.65 13.54375 13.5 13.30625 13.075 13.1 13.06875 -9999 -9999 -9999 -9999 -9999 -9999 -9999 -9999 -9999 -9999 -9999 -9999 -9999 -9999 -9999
14.34375 14.65 15.075 15.1125 15.74375 16.65 16.59375 16.46875 16.16875 15.68125 15.38125 15.39375 15.425 15.6625 15.71875 15.625 15.5625 15.43125 15.33125 15.38125 15.61875 15.575 15.5875 15.35625 15.11875 15.10625 15.2875 15.325 15.44375 15.5375 15.425 15.3125 15.375 15.45 15.5375 15.525 15.3 15.06875 15.0125 14.8875 14.84167 14.85625 14.73333 14.575 14.5875 14.39375 14.0375 13.875 13.7 13.575 13.40625 13.31875 13.3 13.2375 -9999 -9999 -9999 -9999 -9999 -9999 -9999 -9999 -9999 -9999 -9999 -9999 -9999 -9999 -9999
15.30625 15.5625 15.6 15.9125 16.30625 16.76875 16.59375 15.71875 15.44375 15.7375 15.7 15.5125 15.625 15.75 15.76875 15.6375 15.6625 15.55625 15.5625 15.6625 15.75625 15.80833 15.7375 15.475 15.40625 15.43125 15.55625 15.55625 15.525 15.45 15.41875 15.54375 15.6125 15.6 15.6 15.6 15.4625 15.25625 15.18125 15.18125 15.1125 15.06667 14.84375 14.7375 14.73125 14.60625 14.31667 14.04375 13.9625 13.8125 13.6375 13.65 13.64375 13.55 -9999 -9999 -9999 -9999 -9999 -9999 -9999 -9999 -9999 -9999 -9999 -9999 -9999 -9999 -9999
15.675 15.675 15.725 15.93125 16.1125 16.64375 16.39375 15.5875 15.21875 15.6125 15.50625 15.525 15.83125 15.75 15.8125 15.81875 15.80625 15.74375 15.75 15.8375 15.81875 15.8 15.76875 15.75 15.81875 15.63125 15.6375 15.63125 15.575 15.5125 15.53125 15.6375 15.78125 15.8 15.6875 15.5875 15.4875 15.35 15.325 15.25 15.26875 15.16875 15.10625 14.975 14.9125 14.85 14.48333 14.3625 14.18125 14.05 13.76875 13.91875 13.8875 -9999 -9999 -9999 -9999 -9999 -9999 -9999 -9999 -9999 -9999 -9999 -9999 -9999 -9999 -9999 -9999
15.675 15.79375 15.8625 15.89375 15.775 16.41875 16.34375 15.9625 15.725 15.775 15.61875 15.63125 15.925 16.025 15.98125 15.98125 15.9125 15.85 15.825 15.79375 15.7 15.6875 15.75 15.8875 15.825 15.70625 15.6125 15.6125 15.7875 15.71875 15.68125 15.8125 15.84375 15.8 15.775 15.58333 15.46875 15.55 15.35625 15.45 15.36875 15.3375 15.30625 15.25 15.075 15 14.66667 14.5125 14.375 14.225 14.06875 14.08125 14.0875 -9999 -9999 -9999 -9999 -9999 -9999 -9999 -9999 -9999 -9999 -9999 -9999 -9999 -9999 -9999 -9999
