Env_Vars_Sept202022/Set_1/pas_sept20.asc.asc
ncols         145
nrows         190
xllcorner     -2197417.7431653
yllcorner     -584827.01486885
cellsize      20000
NODATA_value  -9999
[rows 120 to 149 of 190, columns 69 to 137 of 145]
88.0625 78.125 86.4375 87.625 84.3125 80.6875 73.4375 76.5625 81.1875 76 83.4375 94.6875 90.1875 85.9375 86.125 85.375 84.625 85.6875 89.75 92.375 96.6875 98.6875 99.75 100.625 103.8125 107.3125 114.75 125.0625 131.375 140.25 140.0625 133.75 132.4375 126.8125 132 124.5 114.5625 112.625 117.5 117.1875 117.6667 121.5 123.125 125.3125 126.125 125.875 127.6667 129.75 -9999 -9999 -9999 -9999 -9999 -9999 -9999 -9999 -9999 -9999 -9999 -9999 -9999 -9999 -9999 -9999 -9999 -9999 -9999 -9999 -9999
83.375 61.6875 77.3125 77.875 74.8125 74.875 75.875 78.625 81.1875 81.5625 82.9375 86.375 87.9375 87.25 83 83.125 83.25 83.75 87.375 89.0625 90.5625 93.8125 94.6875 94.0625 97.1875 98.9375 106.6875 122.125 128.25 135.375 135.0625 127.4375 125.1875 121.4375 120.375 112.9375 111.0625 119.125 121.625 119.4375 117 120.25 121 122.5625 123.75 124.3125 127.375 131.5 135.75 142.75 142 -9999 -9999 -9999 -9999 -9999 -9999 -9999 -9999 -9999 -9999 -9999 -9999 -9999 -9999 -9999 -9999 -9999 -9999
76.1875 69.9375 71.5625 72.625 72.375 73.3125 70.75 76.25 84.125 86.4375 83.125 83.1875 82.75 83.75 89.9375 83.5 81.875 82.5 89.9375 93.25 90.25 90.8125 89.4375 90.5 93.0625 93.16666 100.3333 114.1667 121.0833 126.1875 129.25 123.1875 119 115.0625 112.4375 115.9375 125.0625 145.5 135 119.125 116.6667 118.3333 119.625 120.375 121.375 122.875 126.5833 132.375 140 144.625 148.625 -9999 -9999 -9999 -9999 -9999 -9999 -9999 -9999 -9999 -9999 -9999 -9999 -9999 -9999 -9999 -9999 -9999 -9999
73.625 66.0625 66.8125 66.5625 65.6875 66 66 72.5625 80.75 82.1875 79.9375 80.9375 81.5625 80.8125 81.6875 79.4375 78.625 82.25 89.5625 92.6875 95.3125 90.3125 86.0625 87.875 90.4375 96.8125 102.9375 111.625 117.3125 119.75 120.375 117.875 115.5 110.8125 114.4375 128.25 137.375 146.4375 138.5625 119.5 118.25 118.3333 119 117.75 117.9375 119 124.125 134.75 141.5 148.25 156.3333 166.375 167 -9999 -9999 -9999 -9999 -9999 -9999 -9999 -9999 -9999 -9999 -9999 -9999 -9999 -9999 -9999 -9999
72.9375 64.6875 62.5625 63.375 62.5625 62.1875 66.1875 72.875 77.25 75.6875 74.3125 80.75 83.375 81.75 75.5625 69.75 77.5625 89.5 90.25 90.75 93.5 89.8125 83.0625 84.625 91.0625 101.0625 103.5625 112.6875 117.375 119.5 116.8125 115.5 113 111.0625 109.0625 126.4375 135.375 143.8125 145.4375 121.1875 118.8125 118.25 117.25 116 114 115.625 125.5833 135.375 144.125 154.8125 161.25 166.75 166.5 -9999 -9999 -9999 -9999 -9999 -9999 -9999 -9999 -9999 -9999 -9999 -9999 -9999 -9999 -9999 -9999
65.8125 59.3125 57.6875 60.8125 62.3125 60.25 69 81.6875 79.375 75.5 74.5 79.9375 85.5 80.75 80.5625 84.4375 82.875 85.375 86 89.9375 89.875 86.0625 82.125 84.75 88.625 99.125 107.6875 111.75 116.3125 120.1875 115.3125 113.5 113.1875 112.25 112.75 119.4375 131.25 139.3125 137.4375 122.5625 119.5 119.4167 118.0625 115.0625 112.75 112.25 120.9375 134.25 145.1875 158.75 165.5 164.125 -9999 -9999 -9999 -9999 -9999 -9999 -9999 -9999 -9999 -9999 -9999 -9999 -9999 -9999 -9999 -9999 -9999
64.8125 57.0625 59 61.5625 63.75 65.4375 75.375 84.1875 80.5 78.1875 77.8125 79.9375 77.875 80.875 81.5 81.125 82.1875 83.375 85.9375 88.75 89.25 84.875 80.9375 87.4375 86.5625 92.6875 101.375 107.6875 113.125 115.125 114.4375 111.75 112.9375 113.3125 115.25 116.875 127.5 129.0625 125.25 122.9375 120.375 118.875 117 114.6875 112 111.5 119.125 132.8125 146.0625 160.3125 165.25 159.9167 156.25 -9999 -9999 -9999 -9999 -9999 -9999 -9999 -9999 -9999 -9999 -9999 -9999 -9999 -9999 -9999 -9999
71.875 68.25 64.125 64.375 67 70.6875 78.0625 81.125 81.625 78.625 82.75 77.75 74.4375 78.875 78.5 74.875 82.91666 86.375 88.1875 88.6875 89.25 86.25 81 84.8125 88 87.625 96.0625 102.5625 110.8125 110.3125 110.1875 110 109.3125 111.75 115 117.375 127.5625 137.4375 132.625 130.75 132.6875 125.4375 117.125 114.6875 113.375 111.5 118.0833 129.625 143.5 155.1875 158.25 154.25 -9999 -9999 -9999 -9999 -9999 -9999 -9999 -9999 -9999 -9999 -9999 -9999 -9999 -9999 -9999 -9999 -9999
76.1875 76.5625 69.4375 69.25 72.25 74.5 79.125 82.25 83.375 85.5 83.3125 75 78.1875 81.625 82.625 86.875 87.3125 88.875 89.75 92.125 92.0625 88.1875 84 82.5625 90 92.875 93.5625 94.6875 103.125 108.75 108.4375 105.6875 106.5625 109.0625 112.0625 115.625 128.6875 134.0625 138.0625 138.3125 141.875 138.5 116.9375 114.75 113 112 117.5 124.8125 137.4375 148.125 151.0625 148.3333 -9999 -9999 -9999 -9999 -9999 -9999 -9999 -9999 -9999 -9999 -9999 -9999 -9999 -9999 -9999 -9999 -9999
76 75.25 69.0625 71.5 75.0625 72.875 76.25 82.5 84.875 86.6875 84.875 80.5625 80.75 85.375 91 88.75 90.1875 89.875 92.375 96.5 95.6875 89.625 84.9375 81.5625 88.875 101.25 102.625 99.875 100.25 105.9375 105.3125 101 104.375 106.375 109.25 113.75 124.25 128.4375 134.6875 134.875 137.125 141.625 128.75 112.8125 111.8125 111.0625 -9999 121.375 129.9375 139.8125 144.25 141.875 -9999 -9999 -9999 -9999 -9999 -9999 -9999 -9999 -9999 -9999 -9999 -9999 -9999 -9999 -9999 -9999 -9999
72.5 72.75 67.6875 73.1875 78.8125 79.9375 85.375 89.875 87.875 88.625 87.375 86.5625 84.875 85.125 89.875 90.0625 91.6875 92.1875 94.0625 91.4375 89.6875 86.4375 87.125 87.75 89.5625 93.6875 103 104.4375 107.1875 106.3125 105.875 100.8125 104.1875 107.125 107.6875 110.3125 116.3125 124 127.375 129.625 131 133.625 125.0625 109.75 108.9375 108.3125 107 -9999 125 132.5625 137.4375 133.375 -9999 -9999 -9999 -9999 -9999 -9999 -9999 -9999 -9999 -9999 -9999 -9999 -9999 -9999 -9999 -9999 -9999
76.1875 74.5 80.0625 87.5625 90.75 94.1875 101.625 100.375 96 98.3125 95.75 90.75 91 88.5625 87.8125 89 92.6875 92 89.0625 81.125 88.0625 92.1875 91.75 90.3125 94.3125 98.125 97.25 104.0625 108.3125 111 112.1875 109.25 107.5 106.3125 106.6875 108.125 109.75 117 121.5625 124.125 124.9375 120.75 111.875 106.5 104.625 103.75 -9999 108 118.1667 125.6875 129.75 128.25 124.3125 -9999 -9999 -9999 -9999 -9999 -9999 -9999 -9999 -9999 -9999 -9999 -9999 -9999 -9999 -9999 -9999
81.8125 75.875 87.4375 115.5 128.875 116.5 115.25 134.25 143.0625 122.75 98.625 96.0625 79.5625 77.4375 86.875 90 92.9375 94.0625 93.5625 93 95.25 95.3125 95.5625 91.875 92.9375 92.3125 95.625 99.3125 104.5 106 110.375 113.25 112.875 113.125 105 106.375 107.75 109.5 114.375 114.375 115.1875 111.9375 106.375 105.6875 100.4375 99.3125 97.8125 102.3125 110.4375 118.75 123.9375 122 121.0625 -9999 -9999 -9999 -9999 -9999 -9999 -9999 -9999 -9999 -9999 -9999 -9999 -9999 -9999 -9999 -9999
75.9375 73.9375 82.5625 102.5 122.6875 111.5625 106.875 124.5625 137.5625 111.5625 105.5625 95.0625 73.5625 75.625 89.125 91.5 92.3125 94.9375 93.0625 92.875 98.5625 79.125 83.75 90.6875 94.5625 87 87.125 93.4375 97.625 101.6875 109.125 120 118.75 115 112.6875 111.75 108.875 104.5 104.6875 103.8125 105.3125 103.125 100.5625 101.0625 99.625 97.5 95.5625 97.0625 106.125 113.5 116.9375 117.125 116.375 -9999 -9999 -9999 -9999 -9999 -9999 -9999 -9999 -9999 -9999 -9999 -9999 -9999 -9999 -9999 -9999
69.5625 72.375 84.1875 92.9375 102.125 91.125 79.8125 94.3125 108.625 100.4375 102.4375 90.3125 82 83.3125 87.5 90.9375 90.0625 92 89.3125 84.3125 73.5625 77.375 85.875 97.4375 103.1875 102.9375 86.375 86.1875 93.25 96.6875 99.5 110.125 115.4375 113.8125 111.75 110.25 105.75 101.6875 99.0625 99.25 100.25 98.4375 95.5 96.25 96.375 96.5 96 98.375 104 109.0625 112.4375 112.375 111 -9999 -9999 -9999 -9999 -9999 -9999 -9999 -9999 -9999 -9999 -9999 -9999 -9999 -9999 -9999 -9999
69.75 66.6875 79.5 76.125 87.25 83 81.0625 90.5 91 88.6875 86.9375 81.8125 76.5625 80.75 84.125 85.375 86.1875 87.125 86 83.9375 79.625 82.3125 87.875 95.4375 105.125 125.375 96.4375 88.0625 89.8125 92.4375 95 97.875 101 105.375 108.25 106.9375 103.75 100.125 97.4375 93.375 94.4375 93.9375 91.25 92.3125 94.6875 99.375 97.75 99.0625 103 106.125 108.625 109.875 108.875 -9999 -9999 -9999 -9999 -9999 -9999 -9999 -9999 -9999 -9999 -9999 -9999 -9999 -9999 -9999 -9999
64.75 50.9375 50 51.625 62.25 67.6875 73.375 78.8125 84.25 74.375 70.375 71.5 70.875 69.375 84.1875 89.375 80.6875 77.6875 78.3125 82.75 86.1875 86.3125 86.0625 84.8125 87 97.875 95.1875 90.1875 90.5625 92.4375 91.3125 98.3125 97 99.6875 103.5625 102.125 100.25 98.75 96.5 96 95.125 92.75 91.33334 91 94.3125 97.625 101.875 94 97.5 101 103.625 104.5 107.375 -9999 -9999 -9999 -9999 -9999 -9999 -9999 -9999 -9999 -9999 -9999 -9999 -9999 -9999 -9999 -9999
45 40.3125 41.3125 44 51.625 51.5625 54.125 59.8125 70.625 63.375 61.5625 60.9375 54.375 58.1875 69.125 70.375 65.8125 63.9375 67.875 79.4375 92.125 91.625 82.375 75.9375 77.5625 87.75 87.375 88.25 91.375 91.1875 88.5625 90.8125 95.6875 99.375 108.125 104.125 98.25 97.3125 96.1875 96.75 95.83334 93.4375 90.3125 89.4375 90.25 91.5 96.625 92.875 91.375 94.5625 97.6875 99.875 103.25 -9999 -9999 -9999 -9999 -9999 -9999 -9999 -9999 -9999 -9999 -9999 -9999 -9999 -9999 -9999 -9999
43 37.3125 39.5625 43.375 48.3125 51.25 48.5 49 52.3125 55.875 54.25 51 43.3125 49 50.1875 47.6875 51.4375 51.3125 54.75 63.125 75.6875 75.75 68.625 69.5 72.6875 77.25 75.125 75.625 76.5625 78 80.125 81.25 81.8125 86.9375 90.9375 94.9375 95.375 94.25 93.5 108.1875 107.25 98.75 91.9375 87 87.1875 87.0625 86.125 92.125 86.75 89.5 92.4375 95.5 98.75 -9999 -9999 -9999 -9999 -9999 -9999 -9999 -9999 -9999 -9999 -9999 -9999 -9999 -9999 -9999 -9999
41.0625 42.1875 44.5625 48.0625 55.75 63.0625 55.75 49.25 42.8125 46.875 49.1875 47.6875 42.375 43.25 45.4375 44.625 46 39.3125 45 49.0625 52.8125 50.8125 53.9375 57 59.8125 62.125 61.0625 64.125 63.4375 65.125 69.3125 70.1875 68.5 74.0625 74.75 74.125 80.5 81.625 83.1875 86.75 87.9375 89.5 88.9375 85.125 85.25 83.8125 82.4375 89.375 90.0625 86.875 90.4375 88.8125 89.3125 -9999 -9999 -9999 -9999 -9999 -9999 -9999 -9999 -9999 -9999 -9999 -9999 -9999 -9999 -9999 -9999
44.9375 48.125 53.3125 53.75 101.5 138.25 72.25 61.6875 47.25 45.5 47.0625 46.9375 43.125 43.5 46.875 41.125 42.625 42.875 43.125 45 47.1875 43.9375 51.1875 53.1875 51.1875 56.875 59.9375 60.875 62 63.125 64.5 65.25 73.8125 76.1875 74.625 72.625 75.25 75.5 74 70.25 72.625 77.5 79.4375 77.125 77.875 78.9375 79.8125 85.75 88.875 85.5 84.0625 83.5 85.5 -9999 -9999 -9999 -9999 -9999 -9999 -9999 -9999 -9999 -9999 -9999 -9999 -9999 -9999 -9999 -9999
53.125 56.5 54.875 55.25 98.5 134.75 79.25 56.8125 52.125 47.3125 43.5 44.0625 42.25 39.375 44.0625 38.4375 41.0625 41.75 42.375 43.875 45.875 46 48.125 49.6875 50 55.375 61.9375 60.875 65.875 64.4375 64.875 69.25 75.75 80.75 75.25 73.3125 75.4375 72 70.375 68 67.6875 70.6875 72.5625 67 67.5 71 70.875 78.375 83.5 83.125 78.125 80.25 84.25 -9999 -9999 -9999 -9999 -9999 -9999 -9999 -9999 -9999 -9999 -9999 -9999 -9999 -9999 -9999 -9999
59 60.6875 61.5625 53.1875 57.5625 62.9375 58 52.3125 76.1875 56.8125 42.25 40.4375 38.6875 39.25 40.375 40.375 37.5 37.9375 39.6875 40.625 43.9375 43 45.25 47.5625 48.875 53.5 58.5 62.5 65.625 61 63.5 69.375 73.0625 77.875 77.9375 79.6875 79.4375 68.5 66.4375 64.3125 64.375 67.375 67.9375 66.875 68 72.25 73.1875 75.1875 78.8125 81.5 79.6875 80.5625 84.1875 -9999 -9999 -9999 -9999 -9999 -9999 -9999 -9999 -9999 -9999 -9999 -9999 -9999 -9999 -9999 -9999
71.6875 70.875 63.25 56.3125 49.75 53.8125 51 46.125 51.5625 49 38.9375 37.9375 41.3125 39.75 39.75 38.875 34.25 37.5 38.5 40.5625 45.375 44.25 44 44.9375 47 46.625 52.625 55.375 56.5625 56.75 59.5625 63.375 61.125 67.25 72.9375 77.5625 76.4375 69.5 64.8125 58.75 60.375 62.875 64.5625 63.75 70.375 72.16666 73 77.625 79.6875 79.375 80 81.4375 81.8125 -9999 -9999 -9999 -9999 -9999 -9999 -9999 -9999 -9999 -9999 -9999 -9999 -9999 -9999 -9999 -9999
92.1875 152 61 55 53.4375 62.1875 55.4375 46 46 41.8125 35.875 38.125 41.3125 39.83333 41 40.83333 38.75 37.3125 39.4375 39.875 44.25 42.875 41.5 41.875 47.25 50.625 50.1875 49.8125 54.75 54.3125 57.1875 60.16667 54.875 58.5 68.125 68.9375 68 65.3125 61.1875 62.9375 57.875 57.3125 63.25 64.1875 65.75 67.5625 70.25 74.5625 77.6875 79.4375 79.0625 80.5 81.0625 -9999 -9999 -9999 -9999 -9999 -9999 -9999 -9999 -9999 -9999 -9999 -9999 -9999 -9999 -9999 -9999
84.125 65.1875 56.625 51.5 54.625 67.4375 57.1875 48.5625 48.625 45.625 34.875 37.83333 37.6875 38.0625 41.625 46.1875 37.75 38.5 39.5625 37.0625 38 38.9375 39.125 38 45.375 49.3125 50.75 50.375 52.375 52.75 56.75 58.125 58.5 60.3125 62.1875 60.8125 63.3125 63.25 59.125 60.5 53.375 52.0625 57.9375 63.25 65.625 68.0625 71.625 73.1875 79.375 78.5625 78.625 78.375 79.25 -9999 -9999 -9999 -9999 -9999 -9999 -9999 -9999 -9999 -9999 -9999 -9999 -9999 -9999 -9999 -9999
185.0625 92.4375 61.75 56.3125 64.8125 91.875 73.6875 47.875 47.0625 45 37.9375 37.875 39.6875 40.8125 44.4375 41.9375 38.25 39.6875 41.4375 41.9375 40.5 41.125 36.25 41.9375 43.0625 46.875 49.125 49.6875 51.375 55.5625 59.875 58.625 59.33333 59.41667 58.125 53.0625 60.625 64 61.625 61.6875 57.5625 55.875 59.625 65.4375 65.8125 70.875 73.0625 73.75 80.5625 78 77.3125 74.0625 74.875 79 -9999 -9999 -9999 -9999 -9999 -9999 -9999 -9999 -9999 -9999 -9999 -9999 -9999 -9999 -9999
427.3125 189.125 73.5 57.9375 82.5 92.8125 71.0625 55.5625 46.6875 44.5 40.3125 41.0625 41.9375 41.9375 42.0625 41.5 41.125 41.25 43.0625 44 47.0625 47.8125 45.5 43.25 43.5625 45.8125 48.25 49.125 51.25 54.8125 59.9375 58.875 59.875 57.125 54.3125 53.0625 58.4375 59.125 59.5625 60.9375 55.8125 56.5 60.875 64.3125 64.5 64.375 67.25 72.375 75.8125 72.375 72.625 70.125 69.5625 76.625 -9999 -9999 -9999 -9999 -9999 -9999 -9999 -9999 -9999 -9999 -9999 -9999 -9999 -9999 -9999
330.75 291.5625 180.875 57.625 269.625 233.5625 104.75 63.3125 47.625 44.5625 42.1875 42.75 43.4375 44.125 40.25 39.8125 41.4375 42.4375 45.3125 48.25 48.25 47.1875 46.1875 44.75 45.25 46.625 48.625 50.6875 50.125 55.25 57.75 57.125 57.625 55.125 54.125 55.8125 55.0625 55 57.5 58.5 54.5 55.125 56.1875 52.6875 59.1875 61 63.0625 66.75 69.0625 68.125 68.5625 67.5 73.75 79.25 -9999 -9999 -9999 -9999 -9999 -9999 -9999 -9999 -9999 -9999 -9999 -9999 -9999 -9999 -9999
192.9375 117.6875 86 57.6875 80.9375 131.1875 58.3125 52.6875 48.3125 45.625 45.8125 44.625 42.3125 39.6875 41.1875 41.375 43.25 43.625 47.75 45.75 40.9375 41.8125 42.8125 45.25 46.75 49.9375 51.9375 50.125 58.6875 57.0625 56.875 59.3125 56.25 55.25 56.75 57.125 55.3125 55.5 61.375 59.4375 57.5 56.66667 55.5625 55.125 58.75 60.875 61.9375 64.3125 61.875 65.5 66.75 65.5625 76.375 83.75 -9999 -9999 -9999 -9999 -9999 -9999 -9999 -9999 -9999 -9999 -9999 -9999 -9999 -9999 -9999
