Env_Vars_Sept202022/Set_1/pas_sept20.asc.asc
ncols         145
nrows         190
xllcorner     -2197417.7431653
yllcorner     -584827.01486885
cellsize      20000
NODATA_value  -9999
[rows 120 to 149 of 190, columns 0 to 68 of 145]
-9999 -9999 -9999 -9999 -9999 -9999 -9999 -9999 -9999 -9999 -9999 -9999 -9999 -9999 -9999 -9999 189.375 495.5 710.625 804.875 607.8125 96.5 -9999 84.75 442.375 492.9375 1456.25 1209.875 1066.875 1047.688 651.6667 807.875 512.4375 343.0625 190.25 139.8125 178.1875 186.125 136.1875 105.9375 129.625 231.0625 193.375 401.1875 738.25 681.6875 651.9375 1063.813 1147.563 1302.938 1042.188 456.375 548.5625 814 844.4375 584.9375 539.125 236.0625 142.375 118.5 98.25 95.6875 99.8125 102.625 88.5625 82.4375 84.4375 91.3125 93.875
-9999 -9999 -9999 -9999 -9999 -9999 -9999 -9999 -9999 -9999 -9999 -9999 -9999 -9999 -9999 -9999 322 180.0625 811.75 599.6875 554.125 546.625 -9999 93.5 55.75 736.5 1032.688 986.125 1560.813 1254 799.25 1055.438 698.875 387.9375 254.375 172 174.0625 209 129.1875 251 156.5625 224.0625 174.8125 338.3125 319.1875 676.75 898.5625 899.375 872.3125 1163.125 968.375 780.3125 355.6875 722.125 779.5625 447.4375 359.3125 219 135 110.25 100 88.75 95.375 97.625 86.8125 73.8125 76.0625 92.5625 92.875
-9999 -9999 -9999 -9999 -9999 -9999 -9999 -9999 -9999 -9999 -9999 -9999 -9999 -9999 -9999 -9999 -9999 -9999 426.8125 903.3125 340.8125 336.8125 82.75 -9999 82.75 344.125 471.0625 529.3125 1245.375 1365.125 817.125 1135.563 1019.563 542.5625 494.0625 268.375 141.875 145.875 148.5625 212.5625 408.875 183.9375 268.375 242.625 531.0625 632.875 781 1012.5 873 917.4375 985.75 918.375 449.875 390 744 691.75 348.5 326 175.5625 111.8125 87.375 77.8125 90.9375 98.375 91.25 84.6875 84.1875 82.4375 81.25
-9999 -9999 -9999 -9999 -9999 -9999 -9999 -9999 -9999 -9999 -9999 -9999 -9999 -9999 -9999 -9999 -9999 -9999 128.0833 399 581.3125 385.1875 227.3125 80 -9999 253.5 89.58333 1038.417 1155.688 1024.563 1217.688 636.0625 816.9375 782.9375 595.625 324.0625 309 204.75 287.75 366.125 313.75 122.4375 233.625 191.125 307.6875 491.8125 325.1875 846.25 978.3333 881.3125 706.5625 924.1875 488.0625 264.9375 422.0625 689.6875 476.3125 383.8125 204.75 140 93.0625 82.8125 89.4375 94.25 87.6875 86.9375 85.875 78.375 74.1875
-9999 -9999 -9999 -9999 -9999 -9999 -9999 -9999 -9999 -9999 -9999 -9999 -9999 -9999 -9999 -9999 -9999 -9999 -9999 124.5 293.5833 619.625 603.3125 265.1667 43.91666 -9999 57 259 701.5833 576.125 774.5625 787.5 564.1875 596.25 929.75 567.5625 307.875 356.4375 415.375 354.5625 165.8125 213 377 425.8125 370.125 615.375 239.5625 497.125 1009.563 717.5625 736 926.9375 706.8125 189.75 357.375 498.75 695.8125 506.3125 255.4375 155.0625 114.6875 88.8125 80.3125 77.125 79.625 84.75 82.75 76.1875 72.625
-9999 -9999 -9999 -9999 -9999 -9999 -9999 -9999 -9999 -9999 -9999 -9999 -9999 -9999 -9999 -9999 -9999 -9999 -9999 168.625 285.1667 324.9375 485.125 432.6875 81.5 -9999 -9999 52.29167 70.6875 210.5625 398.625 350.1875 784.4167 537.8125 821 464 304.625 283.125 327.25 140 107.8333 260.0625 424.5625 443.5625 536.0625 278.0625 290.9375 589.1875 738.9375 566.8125 848.4375 769.8125 687.5 206.0625 302.8125 620.125 663.4375 495.25 338.9375 153.1875 105.5 90.125 80.6875 91.4375 95.8125 89.4375 80.9375 78.3125 74.5625
-9999 -9999 -9999 -9999 -9999 -9999 -9999 -9999 -9999 -9999 -9999 -9999 -9999 -9999 -9999 -9999 -9999 -9999 -9999 -9999 210.9167 507.5625 358 302 84.58334 35 -9999 51.5 64.125 80.0625 279.625 96.6875 632.6875 691.25 829.4375 576.0625 210.4375 266.25 291.625 62.875 396.5625 273.25 337.5625 464.3125 518.5 357.875 685.1875 700.25 645.75 535 761.6875 777.9375 431.75 255.375 364.4375 303.5625 566.125 488.5625 335.5625 174.8125 117.75 91.1875 82.75 89.4375 97.4375 90.1875 80.4375 82.75 75.0625
-9999 -9999 -9999 -9999 -9999 -9999 -9999 -9999 -9999 -9999 -9999 -9999 -9999 -9999 -9999 -9999 -9999 -9999 -9999 -9999 -9999 141.25 529.1875 408 76.25 42.75 -9999 39 40.8125 115.375 213.25 501.125 641.375 636.5625 620.375 545.75 358.0625 204.5 232.75 90.75 364.1875 243.375 317.9375 452.125 302.9375 547.1875 676.8125 523 900.8125 497.9375 789.0625 626.625 699.3125 210.4375 381.25 635.5 406.625 540.8125 484.8125 202.5625 154.4375 96.625 87.6875 91.5 91.6875 85.25 77.25 76.0625 76.625
-9999 -9999 -9999 -9999 -9999 -9999 -9999 -9999 -9999 -9999 -9999 -9999 -9999 -9999 -9999 -9999 -9999 -9999 -9999 -9999 93.83334 -9999 327.25 194.9375 60.5625 -9999 20 -9999 71.5 147.0625 843.375 1116.75 1134.75 908.0625 659.375 505.5 531.9375 332.9375 203.6875 83.375 381.125 206.1875 398.875 283.625 450.8125 531 394.6875 641.8125 653.375 329.4375 654.625 509.125 546.9375 146.75 580.1875 405.5625 416.4375 463.125 354.1875 235.875 137.9375 98.625 95.4375 101.125 92.5625 82.75 76.8125 75.75 75.9375
-9999 -9999 -9999 -9999 -9999 -9999 -9999 -9999 -9999 -9999 -9999 -9999 -9999 -9999 -9999 -9999 -9999 -9999 -9999 -9999 106.5 124.5833 -9999 38 -9999 -9999 -9999 18.33333 42.75 110.75 758.875 836.375 1109.375 830 849.375 704.1875 570 435.1875 276.875 92 217.625 154.5625 288.25 226.6875 549.125 359.4375 251.9375 611.5 1142.188 643.3333 732.75 433.1875 221.625 124.375 616.4375 444.1875 395.625 413.9375 296.8125 233.3125 160.25 95.1875 85.125 91.9375 89.4375 83.4375 75.5 77 75.75
-9999 -9999 -9999 -9999 -9999 -9999 -9999 -9999 -9999 -9999 -9999 -9999 -9999 -9999 -9999 -9999 -9999 -9999 -9999 81.375 99.5625 220.625 202.1875 80 -9999 -9999 -9999 18 35.8125 210.0625 335 459.9375 491.125 1096.25 843.375 593.8125 370.1875 389.0625 151.875 104.0625 159.625 120.9375 192.5 183.75 323.3125 403.875 344.75 512.3125 1062.125 569 547.1875 451.4375 311.75 277.375 182.125 573.125 511.1875 361.8125 230.75 174.4375 141.8125 95.6875 87.5 85.6875 86 87.375 88 81.5625 74.375
-9999 -9999 -9999 -9999 -9999 -9999 -9999 -9999 -9999 -9999 -9999 -9999 -9999 -9999 -9999 -9999 -9999 -9999 -9999 -9999 98.625 183.6875 603.25 433.0625 190.9375 37.16667 -9999 17.75 30.5 185.3125 464.4375 466.5 1177 975.875 836.8125 403.3125 278 343.0625 98.4375 98.1875 185.625 122.5625 174.625 200.5 249.8125 222.875 306 504.4375 986.8125 321.4375 373.4375 398.5 401.6875 409 210.8125 448.0625 643.9375 505.375 297.6875 172.25 146.75 118.5 102.375 86.6875 87.9375 88 88.1875 83.5 77.25
-9999 -9999 -9999 -9999 -9999 -9999 -9999 -9999 -9999 -9999 -9999 -9999 -9999 -9999 -9999 -9999 -9999 -9999 -9999 -9999 102.875 184.0625 1066.375 687.875 765.625 109.8125 23.375 16.66667 35.5 170.5625 827.4375 676.8125 957.8125 1010.313 596.8125 341.4375 170.6875 218.6875 76.3125 165.625 135.1875 143.9375 285.5625 172.25 188.8125 345.4375 438.75 642.0625 567 476.4375 290.75 363.375 443.625 362.1875 200 442 859.0625 590.75 659.3125 321.3125 185.5 132.5625 109.25 97.5 93.5625 84.6875 81.25 83.6875 88.6875
-9999 -9999 -9999 -9999 -9999 -9999 -9999 -9999 -9999 -9999 -9999 -9999 -9999 -9999 -9999 -9999 -9999 -9999 -9999 -9999 99.9375 166.625 529.6875 759.125 342.125 153 25 28 30.3125 81.8125 892.75 1239.938 1211.188 844.625 626 350.5 120.375 83.25 79.25 149.9375 128.4375 139.5 210.6875 140.375 191.75 331.9375 403.1875 481.375 491.5625 701.3125 272.8125 458 327.125 538.8125 289.4167 546.875 853.5625 568 1164 570.0625 241.125 152.8125 130.625 110 95 73.125 70.875 75.875 80.5625
-9999 -9999 -9999 -9999 -9999 -9999 -9999 -9999 -9999 -9999 -9999 -9999 -9999 -9999 -9999 -9999 -9999 -9999 -9999 -9999 87.625 147.8125 332.0625 208.75 95.5 44.25 32.875 21.9375 32.5625 330.3125 563.0625 786.9375 700.5 638.8125 411.625 152.625 96 68.375 68.25 81.6875 89.9375 118.5 142.375 153.25 140.125 378.4375 268.6875 314.8125 510.5625 454.9375 337.6875 277 448.875 440.9375 334.8125 375.6875 948.25 388.375 1264.813 867.5625 477 147.25 119.875 76.125 68.0625 57.8125 54.125 63.3125 68.1875
-9999 -9999 -9999 -9999 -9999 -9999 -9999 -9999 -9999 -9999 -9999 -9999 -9999 -9999 -9999 -9999 -9999 -9999 -9999 -9999 66.1875 90.375 100.25 87.75 45.875 36 30.375 28.5 74.9375 419 776.75 878.5 908.625 301.3125 277.625 67.125 71.5 67.4375 66.625 62.9375 83.5 89.1875 106.875 150.875 121.75 293.4375 196 234.1875 472.1875 223.75 769 267.75 422.125 383.1875 336.625 244.8125 700.375 472.6875 539.125 1261.375 589.0625 248.9375 133.6875 74 63.5 53.125 42.625 60.6875 68.9375
-9999 -9999 -9999 -9999 -9999 -9999 -9999 -9999 -9999 -9999 -9999 -9999 -9999 -9999 -9999 -9999 -9999 -9999 -9999 -9999 57.41667 64.375 62.1875 78.875 38.35417 29.79167 27.41667 30.5625 104.875 532.875 1032.625 968.1875 801.1875 204.9375 127.5 75.9375 70.8125 63.25 58.0625 60.6875 55.875 72.4375 74.5625 144.125 120.9375 145.5625 192.3125 204.75 196.625 231.5 1028.813 554.375 328.375 190.0625 255.25 331.9375 193.625 449.4375 418.75 861.5625 1138.25 272.75 111.375 70 49 48 44.5 50.6875 63.9375
-9999 -9999 -9999 -9999 -9999 -9999 -9999 -9999 -9999 -9999 -9999 -9999 -9999 -9999 -9999 -9999 -9999 -9999 -9999 55.5 62.91667 73.125 63.5625 71.875 39.4375 33.58333 34.8125 58.0625 243.3125 504.25 589.625 442.125 467.75 222.625 57.125 63.375 48.875 55.5625 44.6875 48.8125 61.3125 67.25 65.75 86.6875 102.375 104.375 247 185.5 266.25 422.3333 465.4375 697.75 522.9375 234.25 178.5 295.3125 165.25 126.375 449 634.75 692.125 298.5625 114.125 68.9375 45.6875 39.4375 42.3125 48.0625 49.9375
-9999 -9999 -9999 -9999 -9999 -9999 -9999 -9999 -9999 -9999 -9999 -9999 -9999 -9999 -9999 -9999 -9999 -9999 -9999 -9999 83.125 84.5 65.9375 38.5625 46.125 39.25 66.3125 316.4375 661.375 624.8125 712.875 309.125 194.0625 421.375 107.4375 43.3125 49.8125 31.0625 36.375 41.375 53.8125 69.875 78.25 89.6875 77.6875 81.9375 170.25 142 402.125 420.4375 530.125 308 578.375 355.25 185.8125 183.5625 116.375 88.75 585.375 641.375 775.1875 533.0625 132 65.5 42.125 44.4375 47.625 50.3125 44.125
-9999 -9999 -9999 -9999 -9999 -9999 -9999 -9999 -9999 -9999 -9999 -9999 -9999 -9999 -9999 -9999 -9999 -9999 -9999 59.19444 99.8125 128.5625 99 40.0625 63.875 201.1875 192.875 526.25 1255 815.8125 514.625 472.125 68.375 107.875 74.5625 31.75 25.5 24.125 31.0625 35.125 45.1875 60.8125 73.75 86 84.375 96.6875 175.4375 143.4375 343.375 367.875 367.0625 399.8125 427.4375 524.375 236.375 118.125 160.5625 97.625 484.375 594.6667 741.5625 691.8125 230.125 85.1875 55.3125 51.5 50.25 49.0625 42.75
-9999 -9999 -9999 -9999 -9999 -9999 -9999 -9999 -9999 -9999 -9999 -9999 -9999 -9999 -9999 -9999 -9999 -9999 -9999 40.75 105 107.375 82.8125 35.9375 59.875 127.9375 188.5625 361.0625 525.8125 840.1875 337.75 165.5 79.375 54.75 31.8125 26.9375 23.1875 24.8125 29.1875 34.3125 44.1875 52.375 65.1875 72.875 83.625 93.8125 111.625 185.4375 347.0625 307.125 433.125 533.375 356.4375 304.9375 231.4375 82.3125 71.625 65.125 399.375 605.125 696.8125 687.875 381.125 84.6875 57.75 50.5625 47.5625 46.1875 45.625
-9999 -9999 -9999 -9999 -9999 -9999 -9999 -9999 -9999 -9999 -9999 -9999 -9999 -9999 -9999 -9999 -9999 -9999 -9999 91.1875 186.4375 65.5 49.625 67.75 182.75 460.125 495.75 451.4375 763.4375 500.125 239.5625 68.875 41.625 54.0625 23.875 25.125 22.25 21.4375 26.6875 29.25 37.125 41.375 49.5 57.8125 77.375 92.6875 149.0625 230.1667 322.8125 522.9375 465.125 555.25 330.875 249.9375 141.5625 63.125 53.875 478.875 543.8125 778 837.75 480.4375 399.5625 74.8125 51.125 49 47.0625 43.75 48.125
-9999 -9999 -9999 -9999 -9999 -9999 -9999 -9999 -9999 -9999 -9999 -9999 -9999 -9999 -9999 -9999 -9999 -9999 96.25 151.5625 136.1875 76.625 52.6875 93.1875 335.5625 702.6875 591.125 658.25 714.4375 413.125 136.1875 37.9375 25.0625 35.8125 28.6875 16 16.3125 20.25 22.5625 27.5625 32.4375 36.375 39.1875 51.8125 78.625 102.1875 188.6875 267.125 382.875 416.25 388.25 497 452.875 227 167.3125 92.1875 48.5 529.1875 268 820.75 720.4375 492.6875 158.9375 66.9375 52.25 45.875 46.875 50.5625 53.375
-9999 -9999 -9999 -9999 -9999 -9999 -9999 -9999 -9999 -9999 -9999 -9999 -9999 -9999 -9999 -9999 -9999 -9999 119.875 234.5625 145.5 97.3125 44.3125 59.125 118.4375 387.625 656.125 582.8125 570.375 216.6875 149.875 45.4375 23.5625 19.5625 27.6875 22.4375 14.0625 17.5 19.5625 22.3125 21.9375 28.9375 35.5 45.8125 75.6875 124.25 149.6875 303.75 338.6875 617.4375 527.4375 494.625 743.4375 342.5 315.125 314.9375 75.9375 587.5625 534.5 758.625 595.4375 532.5 176.0625 57.8125 44.0625 42.5625 48.9375 57.5 59.9375
-9999 -9999 -9999 -9999 -9999 -9999 -9999 -9999 -9999 -9999 -9999 -9999 -9999 -9999 -9999 -9999 -9999 -9999 89.08334 185.6875 114.625 45.375 29 34.75 318.9375 404.3125 393.375 218 167.25 150 273.75 82.375 39.1875 18.0625 19.6875 19.8125 13.5625 13.875 17.25 22 28.1875 22.625 26.125 38.5625 70 113.5625 142.0625 221.8125 342.375 238.6875 358.4375 603.1875 744.9375 759.1875 228.75 142.5625 189.25 685.125 477.625 380.3125 468.9375 621.1875 414.1875 89.5 62.75 50.4375 53.6875 61.875 66.875
-9999 -9999 -9999 -9999 -9999 -9999 -9999 -9999 -9999 -9999 -9999 -9999 -9999 -9999 -9999 -9999 -9999 53.75 114.4375 174.625 59.25 31.125 24.375 27.5625 88.5625 188.75 248.625 94.4375 108.25 61.625 106.4375 113.5 61.125 29.6875 19.1875 22.375 18.4375 12.5625 18.375 23.75 35.8125 47.1875 57.0625 50.25 49.625 73.8125 60.4375 165 166.8125 233.9375 392.25 578.6875 535 835.5 335.25 350.6875 97.125 352.3125 198.5625 162.0625 181.625 594.9375 320.25 148.625 50.125 81.5625 57.8125 77.6875 92.5625
-9999 -9999 -9999 -9999 -9999 -9999 -9999 -9999 -9999 -9999 -9999 -9999 -9999 -9999 -9999 -9999 -9999 88.5 80.6875 67.6875 29.8125 25.75 24.9375 38.0625 122 467.75 352 122.125 42.1875 40.75 41.4375 32.625 23.9375 15.25 13.3125 14.1875 17.625 21.25 17.375 21.0625 61.5 174.375 259.5 66 30.125 41.75 83.625 94.4375 147.5625 322.8125 546.375 520.875 668.3125 949.75 643.375 630.5 134.875 304.9375 177.8125 224.1875 143.5 239.125 304 137.4375 78.0625 125.375 88.0625 135.875 162.875
-9999 -9999 -9999 -9999 -9999 -9999 -9999 -9999 -9999 -9999 -9999 -9999 -9999 -9999 -9999 -9999 -9999 123.8125 147.1875 40.75 29 24.25 26.375 66.625 285.4375 415.625 925.6875 90.8125 39.875 31.9375 28.125 16.58333 16.875 15 14.3125 14.4375 15.3125 21.3125 26.8125 29.25 274.375 350.5625 191.3125 96.5625 52.875 90.25 113.1875 83.9375 102.8125 252.625 486.8125 566.3125 586.875 576.875 707.375 562.625 108.8125 348.5 268.25 94.5 189.6875 180.9375 290.8125 107.625 53.5625 147.0625 185.4375 132.3125 334.75
-9999 -9999 -9999 -9999 -9999 -9999 -9999 -9999 -9999 -9999 -9999 -9999 -9999 -9999 -9999 -9999 38.25 60.3125 76.625 31.625 29.5 38.1875 77.3125 279.5625 247 390 218.6875 50.875 33.125 33.1875 27 23.9375 21.125 19.4375 19.5 21.0625 20.0625 18.9375 32 96.9375 331.4375 174.375 86.625 78.125 60.6875 76.375 82.4375 74.375 71.3125 176.875 272.375 622.6875 534.5625 642.5 766.625 214 226.5625 326.25 170.5625 218.9375 176.5 95.9375 201.0625 128.375 45.1875 63.625 197.5625 63.9375 162.875
-9999 -9999 -9999 -9999 -9999 -9999 -9999 -9999 -9999 -9999 -9999 -9999 -9999 -9999 -9999 -9999 49.25 53.25 52.5 27.1875 26.5625 59.375 158.25 279.625 244.5 328.6875 86.5 50.5625 31.125 32.375 25.3125 34 27.0625 27.9375 32.4375 41.1875 35.625 45.0625 150.875 266.8125 181.4375 136.3125 137.1875 108.625 92.3125 36.4375 95.1875 172.25 140.9375 369.25 346.9375 400.25 309.1875 532.1875 869 126.3125 309.0625 358.5 144.0625 501.3125 221.5625 228.125 383.5625 186.6875 271.625 59.91667 279.5625 207.5625 225.5625
