Env_Vars_Sept202022/Set_1/pas_sept20.asc.asc
ncols         145
nrows         190
xllcorner     -2197417.7431653
yllcorner     -584827.01486885
cellsize      20000
NODATA_value  -9999
[rows 90 to 119 of 190, columns 69 to 137 of 145]
140.75 136.375 135.0625 130.9375 124.0625 117.6875 121.875 139.75 145.8125 141.4375 142.1875 146.25 144.75 142.0833 142.0625 144.375 143.75 145.9375 144.25 142.4375 144.5 147.9167 153.375 163.1875 168.8125 174.8125 178.25 184 190.125 194.8125 196.9375 192.875 187.5625 184 180.5 178 178.875 181.4375 180.3125 178.125 179.6875 181.1667 188.5 196.5 199.1875 201.25 207.0833 212.4375 213.0625 214.4375 215.375 212.5625 210.5 210 -9999 -9999 -9999 -9999 -9999 -9999 -9999 -9999 -9999 -9999 -9999 -9999 -9999 -9999 -9999
133.6875 133.25 132.1875 128.75 125.625 118.8125 124.75 141.0625 149.5 142.8125 145.125 144.3125 139.8125 141.6875 139.9375 140.125 139.5 140.75 140.6875 139.0625 143.3125 146.875 153.25 157.8125 161.5625 171.25 177.9375 182.4375 188.9375 193.4375 192.6875 190.0625 184.875 182.625 181.125 181.6875 180.5 180.6875 178.9375 177.3125 176.375 179.125 183.75 193 197.8125 201 208.9167 208.8125 210.6875 211.75 215.875 208.125 207.75 -9999 -9999 -9999 -9999 -9999 -9999 -9999 -9999 -9999 -9999 -9999 -9999 -9999 -9999 -9999 -9999
133.25 129.9375 128.875 129.0625 131.6875 122.375 127.375 136.375 139.625 139.75 141.5625 141.4375 136.1875 134.4375 135.5625 134.4375 136.5625 138.875 138.5 141.25 147.6875 151.75 155.3125 156.25 162.8125 171.25 178.25 184.8125 184 188.5625 189.375 186.0625 184.375 182.5833 180.4375 182.0833 181.875 177.125 178.9375 174.3125 174.4375 176.8125 181 190.0625 197.5625 201.3333 207.6667 208.8125 209.1875 210.125 211.75 207.375 205.75 -9999 -9999 -9999 -9999 -9999 -9999 -9999 -9999 -9999 -9999 -9999 -9999 -9999 -9999 -9999 -9999
133.125 128.875 128.8125 126.75 126.75 122.3125 126.5 131.1875 129.4375 130.6875 131.5625 130.125 130.125 129.75 131.375 132.25 134.5 136.6875 136.125 141.6875 147.375 155 157.5625 159.3125 164.1875 171.4375 176.25 180.75 182.875 183.5625 186.375 188.125 185.8125 181.8333 183 184.875 181.8125 178.6875 175.8125 171.6875 169.9375 172.625 176.125 186.75 197.75 203.25 207.8125 207.6667 208.6875 213.0625 207.9167 206.6875 205.5 -9999 -9999 -9999 -9999 -9999 -9999 -9999 -9999 -9999 -9999 -9999 -9999 -9999 -9999 -9999 -9999
135.4375 128.625 127 126.25 127.8125 127.8125 131.3125 129.4375 131.4167 130.9375 131.875 131.5 130.6875 129.5 127.1875 130.25 133.8125 134.75 136.1875 142.8125 149.5 152.0625 156.1875 159.3125 165.375 171.5 171.5625 176.375 179.6875 180.375 183.4167 183.8333 186.5 181.6667 181.4167 184.25 182.75 176.875 174.625 168.625 163.375 163.4375 169.6875 185.0625 198.4375 208 207.3125 207.4375 211.25 212.625 208.8125 205.9375 -9999 -9999 -9999 -9999 -9999 -9999 -9999 -9999 -9999 -9999 -9999 -9999 -9999 -9999 -9999 -9999 -9999
132.1875 126.4375 125.9375 128.9375 134.125 145.0625 141.4375 128.25 126.875 129.1875 128.8125 126.25 129.3125 128.375 125.375 128.25 130.625 131.875 135.375 141.5 145.75 148.8125 155 160.4375 165.375 171.8125 174.4375 172.6875 178.375 180.5 183.3125 182.5625 182.75 181.1875 182.4375 183.375 183.6875 179.5625 172.8125 166.6875 158.625 155.625 164.5 182.875 199.0625 204.625 206.3125 209.4375 212.25 208.375 207.625 203.9167 -9999 -9999 -9999 -9999 -9999 -9999 -9999 -9999 -9999 -9999 -9999 -9999 -9999 -9999 -9999 -9999 -9999
127.5 123.9375 126.0625 133.5625 143.125 145.5625 145.6875 126.6875 124.75 125.75 126.25 123.9375 124.0625 126.375 124.0833 123.9375 128.0833 130.25 134.5 140.4375 144.125 148.625 158.25 161 166.3125 170.9375 171 172.625 177.5625 182.4167 181.1875 181.5 181.5833 182.5625 184 183.125 182.5625 180.125 171.9375 164.5 156.3125 148.0625 156.125 175.4167 193.3125 200.25 205.8125 211.8333 208.125 204.75 203.375 200.375 -9999 -9999 -9999 -9999 -9999 -9999 -9999 -9999 -9999 -9999 -9999 -9999 -9999 -9999 -9999 -9999 -9999
123.0625 120.5 128.5625 135.5625 136.875 139.875 131.5625 121.9375 122.125 125.4375 126.5 125.75 120.9167 122 123.125 124.125 126.1875 128.125 133.3125 138.0625 140.9375 150.0625 157.125 163 164.4375 167.1875 169.5625 175.0625 177.125 183.1875 180.8125 182.5833 184.625 182.9375 181.875 182.5625 180.875 179.8125 169.1875 163 153.5625 148.375 151.75 175.5 190.0625 198.625 203.375 207.3125 203.8333 203.375 202.1875 -9999 -9999 -9999 -9999 -9999 -9999 -9999 -9999 -9999 -9999 -9999 -9999 -9999 -9999 -9999 -9999 -9999 -9999
120.0625 126.875 130.25 131.3125 133.1875 128.0625 124.8125 124.125 127.25 126.625 125.3125 131.125 119.5 118.125 120.5 123.0833 125.3125 124.5 129.875 133.875 138.5 149.125 153.1875 156.375 160 162.75 169.3125 178.6875 176 179 180.9375 180.6875 182.3125 178.5 181.25 179.3125 179.9375 180.5 169.875 159.25 156.0833 148 152 167.9375 184.125 192.625 197.5625 203.9375 198.875 197.875 195.5 -9999 -9999 -9999 -9999 -9999 -9999 -9999 -9999 -9999 -9999 -9999 -9999 -9999 -9999 -9999 -9999 -9999 -9999
119.375 124 132.8125 129.1875 129.5 128.625 124.3125 126.5625 128.3125 127.0625 126.5625 122.9375 118.625 117.8125 118.3333 122.8125 123.0625 125.25 125.75 129.5625 139.5 143.8125 151.75 152.875 157.125 160.25 169.9375 174.6875 172.1875 173 176.0625 178.3333 179.375 175 176.6875 173.25 176 178.3125 168.5625 159.5 154.75 150.375 154.75 166.8125 175.5625 185.75 193.5 196.0625 195.75 193.25 190.25 -9999 -9999 -9999 -9999 -9999 -9999 -9999 -9999 -9999 -9999 -9999 -9999 -9999 -9999 -9999 -9999 -9999 -9999
119.5625 115 121.375 124.1875 126.25 130.5833 126.375 124.75 130.5625 130.75 128.75 123.125 118 116.375 118.25 120.1875 121.75 128.6875 128.875 129.4375 134.125 139.4167 145.8125 151 154.1875 157.75 164.3125 167.1875 169.4375 175.375 174.0625 172.875 174.5 173.5 167 167.1875 167.875 169.625 167.375 157.125 154 154.6875 154.9375 161.9375 172.1875 180.1875 188.8125 192.0625 191.8125 188.8125 188.75 -9999 -9999 -9999 -9999 -9999 -9999 -9999 -9999 -9999 -9999 -9999 -9999 -9999 -9999 -9999 -9999 -9999 -9999
116.1875 114.125 117.5625 117 123.0625 126.25 128.75 128.9375 131.9375 131.0625 130.125 124 119.25 115 115.75 116.5 119.4375 128 131.6875 128.25 135.1667 141.9375 146.0625 152.1667 155 158.5 156.1875 163.125 167.9375 171.625 168.5625 169.1875 166.5 167.75 163.4167 163.25 163.875 163.9375 159.5625 156.9375 154.5625 153.8125 156.3125 161.25 167.375 175.625 181.875 185.875 186.0625 184.1875 -9999 -9999 -9999 -9999 -9999 -9999 -9999 -9999 -9999 -9999 -9999 -9999 -9999 -9999 -9999 -9999 -9999 -9999 -9999
114.8125 111.1667 110.4375 114.3125 122.4375 122.125 123.5625 127.1875 130.0625 123.625 123.6875 123.625 117.5625 114.25 113.4375 115.625 119.375 126.1875 130.0625 127.1875 133.3333 139.8125 144.6875 152.3125 154 155.875 154.625 157.25 159.0625 162.4375 161.0625 162.5 162 159.6875 159.75 161.0625 160.0625 160.875 159.3125 155.4375 153.375 153.75 155.1875 159.5 166.1875 168.3333 173.625 176.25 178.6875 181.375 -9999 -9999 -9999 -9999 -9999 -9999 -9999 -9999 -9999 -9999 -9999 -9999 -9999 -9999 -9999 -9999 -9999 -9999 -9999
120.625 111.375 106.5 114.3125 121.875 117.875 122.6875 127.125 123.625 118.5 120.3333 124.625 123.5625 116.6667 114.3333 114.9375 119.4375 121 129.625 130.5625 134.625 139.75 144.625 151.8125 150 151.375 153.6875 155.5625 156.0625 158.125 157.875 157.875 158.6875 158.625 154.6875 154.0625 156.375 157.1875 155.375 153.3125 153.1875 153.5 154.6875 158.5 162.3125 165.375 166.625 169.3125 172.0833 176.25 -9999 -9999 -9999 -9999 -9999 -9999 -9999 -9999 -9999 -9999 -9999 -9999 -9999 -9999 -9999 -9999 -9999 -9999 -9999
121.25 110.75 105.1875 109.3125 112.9375 115.5 116.1875 117.9375 116.5 115.8333 117.75 122.5625 128.875 119.4375 113.5625 114.5625 119.5625 125.5 129.6875 130.75 134.8125 141.1875 144.5625 152.25 -9999 150.375 151.75 156.375 155.25 155.1875 155.25 151.1875 153 152.3333 149 147.5625 149.5833 152.875 152.125 151.9375 152.1875 153.25 154.3125 155.9375 158.125 160.3125 160.4375 161.8125 163 -9999 -9999 -9999 -9999 -9999 -9999 -9999 -9999 -9999 -9999 -9999 -9999 -9999 -9999 -9999 -9999 -9999 -9999 -9999 -9999
117.875 110.4375 104.6875 106.3125 106.875 107.5 110.5 109.6667 -9999 115.6875 117.75 122.875 126.375 116.6875 112.875 114.3125 116.6667 -9999 125.8125 130.25 137.0833 142.375 147.6875 149.6875 148.8333 148.5833 157.25 159.25 148.1875 148.3125 148.3333 146.6875 146.5625 145.9375 142.6875 142.6875 146.75 149.9375 150.8125 149.75 150.9375 150.1875 150.3125 151.25 153.875 155.0625 151.5625 153.125 158.875 -9999 -9999 -9999 -9999 -9999 -9999 -9999 -9999 -9999 -9999 -9999 -9999 -9999 -9999 -9999 -9999 -9999 -9999 -9999 -9999
99.5625 102.125 106.125 118.75 104 102.25 103.6875 105.3125 107.1875 106.3125 108.5833 109.875 107.6875 108.375 111.0625 113.875 117.875 120.6667 127.75 134.75 147.3125 150 148.4375 151.75 151.625 155.125 170.9375 156.25 143.375 143 142.5 142.5 142.25 140.5 137.1875 136.4375 142.75 145.3125 147.3125 146.25 147 146.5 147.9375 149.125 149.875 149.625 145.8125 146.6875 152.625 -9999 -9999 -9999 -9999 -9999 -9999 -9999 -9999 -9999 -9999 -9999 -9999 -9999 -9999 -9999 -9999 -9999 -9999 -9999 -9999
84.125 90 104.375 111 105.1875 102.4375 106.0833 106 104.4375 105.0625 105.25 103.5 101.75 105.4375 109.25 112.25 115.25 121.6667 126.25 133.75 145.125 149.3125 144 149 152.625 157.125 153.625 143.9375 140.875 140.5833 139.5 138.125 137.375 133.6667 132.1875 133.375 137.5625 141.5 143 143.0625 144.6875 145.25 145.9375 148.3125 147 145.8125 142.5625 141.4167 -9999 -9999 -9999 -9999 -9999 -9999 -9999 -9999 -9999 -9999 -9999 -9999 -9999 -9999 -9999 -9999 -9999 -9999 -9999 -9999 -9999
90.125 93.25 96.625 107.125 109 106.5625 110.1875 116.8125 112.375 106.625 104.0625 103.125 101.4375 104.8125 109.0625 112.375 114.6875 119.6875 125.75 132.0625 137.75 141.125 138.25 148.75 151.5 161.75 165.8125 140.4375 139.3125 137.6875 135.375 132.875 132.5 130.625 129.9375 130.25 135.5 137.875 140 141.75 143.5625 143.5 144.5625 145.3125 143.8125 144.3125 142.6875 142 -9999 -9999 -9999 -9999 -9999 -9999 -9999 -9999 -9999 -9999 -9999 -9999 -9999 -9999 -9999 -9999 -9999 -9999 -9999 -9999 -9999
93.75 97.1875 95.75 103.5 99.5625 102.9375 103.625 113.9167 114.8125 112.4375 110.5 105.875 112.75 113.75 114.625 115.3125 115.5 115.1667 125.3125 127.5625 132.6667 132.6875 139.5 149.125 155.5 155.125 147.8125 137.0625 134.6875 133.625 130.375 128.5 128.9375 127.4375 126 128.75 132.5625 135.0625 136.5833 138.375 140.125 142.875 143.75 143.75 142.875 144.5 144.5 145.75 -9999 -9999 -9999 -9999 -9999 -9999 -9999 -9999 -9999 -9999 -9999 -9999 -9999 -9999 -9999 -9999 -9999 -9999 -9999 -9999 -9999
87 91.875 99.25 100.625 100.9375 103.4375 104.125 105 110.1875 113.625 115.6875 116.0625 120.75 120.875 116.3125 117.25 116.8125 113.6875 119.25 135.3125 130.125 130.5 134.375 140.8125 149.9167 144.75 138.625 132.5625 130.0625 127.4375 125.875 123.8125 124.8125 124.1667 127.25 127.25 130.5 132.375 133.75 135 136.5 140.75 142.375 142.9375 142.875 144.4375 147.625 -9999 -9999 -9999 -9999 -9999 -9999 -9999 -9999 -9999 -9999 -9999 -9999 -9999 -9999 -9999 -9999 -9999 -9999 -9999 -9999 -9999 -9999
90.4375 92.9375 99.0625 98.3125 98.8125 102.5625 106.9375 107.625 105.1875 106.375 110.25 115.0833 120.3125 127.25 119.875 115.875 117.125 113 113.75 126.375 124.8125 125.75 131.125 136 138.75 139.1875 133.75 126.75 123.4375 122.5 121.75 122.25 123.25 123.875 124.3333 124.625 128.4375 131.0625 131.375 132.3333 135.5 136.625 141.25 142.75 140.6667 144.375 149.25 -9999 -9999 -9999 -9999 -9999 -9999 -9999 -9999 -9999 -9999 -9999 -9999 -9999 -9999 -9999 -9999 -9999 -9999 -9999 -9999 -9999 -9999
94.9375 92.1875 97.9375 100.4375 99.75 103.9375 109.0625 110.125 111 104.875 105.0625 111.3125 120.1875 124.75 123 113.4375 117.3125 110.1875 111.3125 112.4375 117.4375 120.3125 125 132.5625 135 134.4375 130.9375 122.25 117.75 119.3333 120.5625 121.5625 122.0625 122 122.125 123.5 126 128.25 130 131.25 132.5 136.8333 140.125 139.0833 138.75 -9999 -9999 -9999 -9999 -9999 -9999 -9999 -9999 -9999 -9999 -9999 -9999 -9999 -9999 -9999 -9999 -9999 -9999 -9999 -9999 -9999 -9999 -9999 -9999
97.1875 96.125 100.25 102.5 102.6875 106.75 110.25 111.5 113.0625 111.5 99.5 103.5 112.875 123 120.3125 117.25 115 109.75 108 108.6875 109.3125 112.4375 118.3125 124 130.25 132.0625 129.4375 115.375 114.5625 118 119.125 118.6875 132.8125 151.0625 122.6667 123.75 126.75 126.9375 127.625 130.25 131.5 133.6667 137.875 137.9375 136.5 -9999 -9999 -9999 -9999 -9999 -9999 -9999 -9999 -9999 -9999 -9999 -9999 -9999 -9999 -9999 -9999 -9999 -9999 -9999 -9999 -9999 -9999 -9999 -9999
100.5 102.375 102.4375 103.0625 102.25 105 107.5 107.5 108.5625 102 97.3125 96.875 100.9375 110.625 114.875 121.5 118 108.3125 104.8125 105 103.5625 106 112.0625 119.125 125.3125 129 126.8125 111.4375 114.125 117.625 120.9375 130.375 159.1875 148.1875 124.25 123.625 122.625 125.3333 126 126.6667 -9999 132.375 134.75 134.1667 135 -9999 -9999 -9999 -9999 -9999 -9999 -9999 -9999 -9999 -9999 -9999 -9999 -9999 -9999 -9999 -9999 -9999 -9999 -9999 -9999 -9999 -9999 -9999 -9999
103.125 111.1875 108.625 105.5 104.6875 106.5625 106.4375 105 106.125 104.9375 95.625 93.5 93.3125 99.5 104.25 112.875 114.6875 104.4375 102.1875 100.9375 101.6875 103.9375 109.5 116.9375 122.125 126.9375 125.0625 114 115.625 122.1875 137.4375 147.3125 152.875 129.5625 121.0625 119.4375 120.4375 121 122.9375 125.8333 126.625 129 131.1667 131.5 -9999 -9999 -9999 -9999 -9999 -9999 -9999 -9999 -9999 -9999 -9999 -9999 -9999 -9999 -9999 -9999 -9999 -9999 -9999 -9999 -9999 -9999 -9999 -9999 -9999
114.25 120.8125 114.4375 109.9375 110.25 110.25 106.375 103.3125 98.25 99.125 98.0625 98.375 90.375 92.875 96.5625 101.5 102 99.3125 98.6875 99.375 100.4375 104.1875 113 115.375 118.6875 124.1875 122.9375 118.8125 124.375 129.9375 137.3125 140.0625 133.0625 120.5625 118.125 115.5 116.875 118.3333 122 124 -9999 129.125 130.3125 131.75 130.9375 135.1667 135.5 -9999 -9999 -9999 -9999 -9999 -9999 -9999 -9999 -9999 -9999 -9999 -9999 -9999 -9999 -9999 -9999 -9999 -9999 -9999 -9999 -9999 -9999
103.0625 115.25 113.25 109 112.625 110.3125 105.875 103 96.5 92.875 94.4375 99.5 103.75 98 91.125 93.25 96.5 97.0625 97.75 96.5625 97.625 105.25 113 116.9375 117 119.9375 123 124.3125 127 128 127.125 128.25 125 119.4375 120.125 128.5 130.4375 116.6667 118.75 121.0833 123.3333 126.5 128.25 129.6667 129.3125 -9999 -9999 -9999 -9999 -9999 -9999 -9999 -9999 -9999 -9999 -9999 -9999 -9999 -9999 -9999 -9999 -9999 -9999 -9999 -9999 -9999 -9999 -9999 -9999
97.9375 98.625 102.875 107.125 105.875 100.5625 98.75 100.25 99.625 87.4375 89.25 94.125 99.5625 102.875 95.875 86.375 89.625 94.125 95.5 94 97.875 104.875 111.0625 113.3125 114.3125 118.1875 122.6875 126.1875 130.125 132.125 129.9375 126.9375 124 127.75 149.6875 154.3125 154.5 116.875 119.0833 120 121.75 -9999 125.5833 128.3125 129 128 -9999 -9999 -9999 -9999 -9999 -9999 -9999 -9999 -9999 -9999 -9999 -9999 -9999 -9999 -9999 -9999 -9999 -9999 -9999 -9999 -9999 -9999 -9999
95.4375 93 95.4375 104.9375 100.5625 88.125 75.125 80.1875 87.9375 83.75 86.375 93.5625 91.625 89.4375 91.1875 85.6875 86.375 89.6875 89.5 95.3125 98.875 102.25 107.25 108.4375 110.375 113.375 119.6875 125.9375 132.1875 140.625 140.5625 134 133.5 131.4375 141.4375 144.625 141.9375 112.9375 115.5 118.375 120.4375 122 124.5 126.8333 127.4375 128.25 127.5 -9999 -9999 -9999 -9999 -9999 -9999 -9999 -9999 -9999 -9999 -9999 -9999 -9999 -9999 -9999 -9999 -9999 -9999 -9999 -9999 -9999 -9999
