Env_Vars_Sept202022/Set_1/pas_sept20.asc.asc
ncols         145
nrows         190
xllcorner     -2197417.7431653
yllcorner     -584827.01486885
cellsize      20000
NODATA_value  -9999
[rows 150 to 179 of 190, columns 0 to 68 of 145]
-9999 -9999 -9999 -9999 -9999 -9999 -9999 -9999 -9999 -9999 -9999 -9999 -9999 -9999 -9999 49.375 45.6875 72.4375 34.5 24.9375 27.1875 97.1875 186.3125 218.6875 547.1875 277.1875 54.125 35.6875 34.6875 36.25 26.875 35 52.375 52.9375 109.8125 149.1875 140.0625 181.125 177.25 175.25 86.75 243.3125 96.9375 98 63.5625 110 48.4375 232.5625 373.375 390.9375 380.0625 506.125 387.875 572.8125 824.3125 161 340.625 385.875 440 333.875 70.375 188.3125 217.8125 112.25 225.5625 41.375 91.6875 142.3125 121.125
-9999 -9999 -9999 -9999 -9999 -9999 -9999 -9999 -9999 -9999 -9999 -9999 -9999 -9999 -9999 45.16667 45.375 46.875 26 26.1875 36.3125 65 161.25 317.5 660.75 132.25 35.4375 22.1875 25.8125 30.125 22.125 44 61.4375 67.75 79 118 122.0625 192.375 176.375 127.1875 63.75 542.9375 315.5625 105.625 70.4375 142.3125 117.1875 416.8125 658.375 623.5 465.4375 538.9375 474.8125 503.5625 397.1875 375.125 399.125 418.9375 339.6875 226.25 165 102.8125 228 65.625 48.4375 36.5625 98.8125 102.75 130
-9999 -9999 -9999 -9999 -9999 -9999 -9999 -9999 -9999 -9999 -9999 -9999 -9999 -9999 21.75 36.0625 44.75 39.4375 24.375 31.125 44 105.1875 183.625 376 407.8125 85.625 29.6875 29.5625 46.9375 58.0625 14.25 34.375 34.4375 40.6875 38.875 68.9375 142.0625 227.0625 349.8125 151.25 118.125 586.3125 1042.625 505.75 272.1875 445.5 282.5 437.0625 497.875 248.3125 472.625 345.25 565.8125 649.0625 408.25 499.8125 475.3125 159.875 251 263.6875 202.125 228.1875 49.25 42.4375 47.125 37.875 70.6875 335.875 113.5625
-9999 -9999 -9999 -9999 -9999 -9999 -9999 -9999 -9999 -9999 -9999 -9999 -9999 -9999 23.75 39.8125 37 33.9375 27.9375 25.8125 42.125 68.0625 163.9375 512.125 437.75 44.4375 20.8125 27.4375 47.375 130.5 118.1875 93.25 45.875 66.6875 72.125 79.375 231 292.5625 410.4375 120.5 59.3125 205.125 605.8125 502.6875 175.6875 600.5625 478.375 898.875 410.0625 363.75 519.3125 402.875 320.6875 362.5625 261.5625 166 449.5625 143.4375 313.8125 385.375 76.4375 100.1875 136 249.25 51.75 46.375 57.1875 213.3125 150.0625
-9999 -9999 -9999 -9999 -9999 -9999 -9999 -9999 -9999 -9999 -9999 -9999 -9999 19.5 33.3125 33.5 27.5 30.4375 32.25 44.375 58.5625 115.4375 237.9375 672.5 673.625 47.0625 25.375 28.0625 42.8125 115 147.75 222.625 94.625 45.25 77.5 115.875 165.25 238.4375 180.5625 165.4375 62.375 116.0625 120.5625 88 265.3125 284.625 403.1875 770.25 306.8125 658.875 459.375 378.5 361.9375 338.375 272.0625 185.25 467.875 183.6875 212.0625 385.375 40.625 31.875 143.1875 432.5625 102.75 125.5625 135.5625 211.3125 121.75
-9999 -9999 -9999 -9999 -9999 -9999 -9999 -9999 -9999 -9999 -9999 -9999 18.75 18.16667 32.875 42.625 28.625 29 48.5625 76 93.6875 100.5625 639.875 336.375 240.375 83 39.6875 33.5 32.3125 53.125 56.125 65 79.625 75.625 85.625 114.25 134.5 284.0625 99.375 150.5625 111.75 141.3125 130.9375 225.0625 312.25 287.75 409.0625 654.3125 437.875 541.8125 595.6875 532.625 230 302.625 288.375 121.9375 362.625 380.6875 206.8125 70.1875 35.5625 106.375 124.8125 115.1875 186.125 502.0625 392.5625 393.125 167.3125
-9999 -9999 -9999 -9999 -9999 -9999 -9999 -9999 -9999 -9999 -9999 -9999 18 17.5625 43.625 46.5 19.625 29.5 72.375 81.375 120 399.1875 535.6875 192.25 121.3125 240.125 65.125 40.625 41.125 67.0625 62.1875 96.75 134.6875 142.8125 140.3125 193.0625 410.8125 319.25 143.25 78.375 115.25 87.6875 155 217.8125 140.6875 233.75 443.4167 619.25 552.75 783.6875 362.25 308.125 341.875 333.5625 278.4375 157.3125 130.9375 198.375 73.3125 70.75 78.9375 123.375 107.625 311.1875 279.125 349.625 487.25 155.125 313.625
-9999 -9999 -9999 -9999 -9999 -9999 -9999 -9999 -9999 -9999 -9999 -9999 27.375 19.375 32.1875 34 23.375 35.5625 63.125 68.9375 156.5 603.5625 272.75 181 143.875 141.6875 76.4375 58.25 48 59.0625 65.0625 144.0625 238.1875 162 135.75 175.5 241.875 151.125 123.875 80.6875 59.4375 56.5625 65.25 101.5625 157.125 245.3125 418.75 529.125 835.875 724.6875 630.5625 381 407.0625 240.9375 73.1875 280.75 118.0625 192.8125 187.875 124 208.1875 129.4375 272.6875 425.875 483.4375 449.125 571.1875 262.625 476.875
-9999 -9999 -9999 -9999 -9999 -9999 -9999 -9999 -9999 -9999 -9999 25.75 53.4375 48.5 43.625 25.625 21.9375 41.375 66.25 175.125 301.875 458 372.8125 250.1875 163 67.25 62.6875 51.75 51.5 46.6875 60.25 76.25 119 110.875 164.6875 130.8125 115.5625 84.25 66.5 52.5 46.75 41.125 40.875 72.25 137.5625 198.4375 299.25 451.4375 616 686.5 636.125 504.5625 465.6875 101.75 121.5 127.3125 248.6875 94.625 222.5625 102.375 113.8125 297.5 329 465.375 410.6875 521.4375 666.375 433.125 273.9375
-9999 -9999 -9999 -9999 -9999 -9999 -9999 -9999 -9999 -9999 -9999 28.5 63.5625 94.4375 35.75 36.125 43.4375 40.0625 95.5 201.75 407.6875 369.375 213 233.9375 165.8125 56.9375 46.25 40.5625 42.125 47.5625 63.9375 47.8125 68.6875 68.5625 77.625 83.75 57.75 62.1875 49.25 40.3125 36.375 32.375 32.0625 42.1875 84.4375 147 222.375 346 495.3125 604.25 425.3125 404.25 212.5625 142.4375 229.9375 94.8125 363.0625 176.6875 233.875 168.0625 200.8125 200.875 383.375 294.125 440.3125 442.5 480.625 604.625 557.8125
-9999 -9999 -9999 -9999 -9999 -9999 -9999 -9999 -9999 -9999 -9999 54.58333 73.125 83.0625 38.3125 32.375 53 52.6875 61.0625 121.3125 548.4375 291 197.5625 200.875 215.5 80.6875 63.25 53.1875 44 45.625 71.375 43.375 42.125 48.6875 49.0625 67.9375 74.25 47.5 61 52.375 39.0625 27.4375 28.625 32.8125 51.5625 138.5625 226 458.25 541.375 642.1875 546.9375 541.25 285.75 200.1875 240.1875 316.75 146.4375 239.0625 184.375 187.0625 181.25 198.125 258.8125 312.875 478.375 649.5625 751.1875 618.5625 425.625
-9999 -9999 -9999 -9999 -9999 -9999 -9999 -9999 -9999 -9999 -9999 44.125 69.375 85.25 43.4375 31.75 23.4375 23.375 63.625 143.375 364.1875 175.75 168.8125 185.1875 181.4375 199.375 37.625 68.375 38.0625 33.125 46.4375 49.125 42.75 39.375 37.875 46.5 44.5625 60.25 55.25 47.4375 37.5 28.1875 24.75 28.1875 33 150.375 229.25 242.125 459.3125 537.3125 652.1875 595.5625 459.5625 303.375 148.5 460.0625 230.9375 272.875 163.375 113.9375 77.1875 87.75 174.0625 263.75 337.5625 670.1875 874.0625 679 587.875
-9999 -9999 -9999 -9999 -9999 -9999 -9999 -9999 -9999 -9999 -9999 33.33333 90 67.125 66.9375 36.0625 31.625 28.875 72.875 335.5 325.5833 129.25 142.0625 152.625 128.875 241.3125 40.25 64.625 39.25 41.25 43.4375 53.625 56.1875 41 37.25 50.125 50.375 50.6875 48.3125 36.875 37.625 42.625 29 26.1875 34.1875 76.25 128 381.625 510.1875 573.125 453 549.875 388.875 514.0625 323.4375 163.375 260.25 84.8125 147.5625 58.25 61.5625 70.5 121.5625 141.9375 215.0625 409.3125 789.125 779.375 683.5625
-9999 -9999 -9999 -9999 -9999 -9999 -9999 -9999 -9999 -9999 -9999 35.625 65.1875 81.375 173.875 63.75 58.9375 71.5625 138.3125 248.9375 242.3125 150.625 103.125 82.5625 95.875 329.625 95.5 38.625 47.91667 37.4375 35.0625 40.125 43.5 42.4375 63.125 109.125 47.5625 36.1875 33.125 48.9375 83.375 83.25 49.5 22.5 36.5 56.8125 123.9375 219 308.0625 482.8125 395.5 397.1875 217.9375 316.0625 368.1875 158.75 172.4375 150.25 59.5625 59.875 59.625 77.125 85.625 120.4375 177.25 379.75 970.5 723.5833 655.0625
-9999 -9999 -9999 -9999 -9999 -9999 -9999 -9999 -9999 -9999 -9999 37.75 92.625 150.75 70.3125 73.75 147.0625 78.6875 64.8125 115.8125 118.25 64.125 71.9375 108.9375 98.125 236.8125 130 117.25 80.25 56.875 42.1875 32.0625 27.5 73.5 324.6875 89.8125 65.0625 26.6875 28.375 45.9375 65 124.4375 158.4375 23.8125 27.5 37.8125 70 240.875 247.875 189 195.375 184.25 164.375 157.6875 189.625 134.0625 82.125 69.125 67 74.8125 81.5 82.6875 95.125 194.625 262.0625 298.875 876.9375 377 559.5
-9999 -9999 -9999 -9999 -9999 -9999 -9999 -9999 -9999 -9999 -9999 -9999 -9999 -9999 -9999 -9999 40.75 40.625 65.0625 65.625 64.0625 52.5625 61.125 68.875 119.875 168.1875 77.1875 161.6875 82.25 69.125 48 37.875 26.875 149.625 165.4375 35.875 27.5625 22.125 28.125 45.0625 83.5 111.25 165.25 31.875 16.8125 22.625 35.9375 60.25 86.9375 118.0625 139.75 126.1875 120.0625 120.25 120.25 116.625 85.9375 71.1875 72.6875 81.1875 82.6875 83.9375 118.6875 136.5625 346.9375 579.375 495.8125 504.875 581.4375
-9999 -9999 -9999 -9999 -9999 -9999 -9999 -9999 -9999 -9999 -9999 -9999 -9999 -9999 -9999 -9999 -9999 -9999 -9999 -9999 51.5 39.75 44.8125 61.1875 111.0625 120.3125 58.75 171.75 65.9375 55.4375 55.5 56.125 32.875 55.8125 22.25 21.5 21 23.5625 30.875 45.75 77.6875 262.5 138.1875 90.9375 28.6875 19.75 25.625 31.375 35.3125 46.4375 62 77.3125 90.3125 95 82.3125 87.6875 80.5 72.9375 67.125 68.75 73.5625 122.375 156 209.4375 302.6875 514.5 261.25 651.625 353.75
-9999 -9999 -9999 -9999 -9999 -9999 -9999 -9999 -9999 -9999 -9999 -9999 -9999 -9999 -9999 -9999 -9999 -9999 -9999 -9999 -9999 -9999 -9999 -9999 100.75 101.125 183.25 242 48.75 60 58.125 57.5625 44.9375 53.5 24.25 27.3125 53.875 33 48.5625 42.75 68.5 103.25 165.4375 140.4375 48.1875 33.9375 40.3125 37.9375 37.625 38.4375 48.4375 59.875 67.1875 61.3125 56.0625 65.1875 74.625 60.5 58.5 61.75 129 160.125 240 235.375 229.0625 354.625 248.875 408.125 447.375
-9999 -9999 -9999 -9999 -9999 -9999 -9999 -9999 -9999 -9999 -9999 -9999 -9999 -9999 -9999 -9999 -9999 -9999 -9999 -9999 -9999 -9999 -9999 -9999 -9999 -9999 -9999 -9999 63.75 56.125 68.25 40.25 26.1875 63.4375 116.625 142.875 106.5 69.6875 85.5625 54.9375 53.9375 63.6875 103.25 105.3125 60.8125 33.25 36.3125 36.1875 34.8125 32.5625 35.375 45.625 54.1875 51.625 47.4375 56.6875 64.4375 58.1875 76.16666 111.3125 245.875 170.1875 198 223.375 293.25 286.3125 361.125 256.9375 314.4375
-9999 -9999 -9999 -9999 -9999 -9999 -9999 -9999 -9999 -9999 -9999 -9999 -9999 -9999 -9999 -9999 -9999 -9999 -9999 -9999 -9999 -9999 -9999 -9999 -9999 -9999 -9999 -9999 -9999 -9999 -9999 -9999 21.75 31.75 118.75 102.625 41.1875 62.375 124.625 78.1875 50.8125 53.625 66.9375 76.375 73.4375 35 36.8125 34.125 38.75 38.875 36.25 43.0625 49.625 43.25 46.0625 44.9375 54.1875 120.1875 141.25 188.25 257 150.4375 186.125 250.125 347.25 365.875 422.125 276.3125 159.375
-9999 -9999 -9999 -9999 -9999 -9999 -9999 -9999 -9999 -9999 -9999 -9999 -9999 -9999 -9999 -9999 -9999 -9999 -9999 -9999 -9999 -9999 -9999 -9999 -9999 -9999 -9999 -9999 -9999 -9999 -9999 -9999 -9999 -9999 -9999 -9999 -9999 74.875 147.375 75 56.6875 47.75 69.125 101.125 117.5625 52.8125 49.875 55.3125 57.75 45 54.125 99.5 45.375 64.9375 87.3125 38.375 141.5625 156.5 173.375 183.3125 174.375 173.5 202.5 339.1875 323.125 430.4375 566.25 285.5625 127.0625
-9999 -9999 -9999 -9999 -9999 -9999 -9999 -9999 -9999 -9999 -9999 -9999 -9999 -9999 -9999 -9999 -9999 -9999 -9999 -9999 -9999 -9999 -9999 -9999 -9999 -9999 -9999 -9999 -9999 -9999 -9999 -9999 -9999 -9999 -9999 -9999 -9999 -9999 -9999 -9999 -9999 58 75.875 147.6042 172.875 117.125 115.0625 132.375 168.625 57.8125 86.25 276.5625 84.6875 215.5625 88.125 56.25 158 163.375 140.9375 229.5 191.375 208.625 334.9375 338.9375 316.8125 452 521.8125 223.75 83.125
-9999 -9999 -9999 -9999 -9999 -9999 -9999 -9999 -9999 -9999 -9999 -9999 -9999 -9999 -9999 -9999 -9999 -9999 -9999 -9999 -9999 -9999 -9999 -9999 -9999 -9999 -9999 -9999 -9999 -9999 -9999 -9999 -9999 -9999 -9999 -9999 -9999 -9999 -9999 -9999 -9999 -9999 -9999 -9999 -9999 139 294.125 229.1667 112.3125 46.25 141.1875 84.125 137.125 93 56.6875 102.5625 65 93.125 133.25 117.0625 203.625 132.1875 383.5 178.25 210.1875 359.125 502.75 214 74.25
-9999 -9999 -9999 -9999 -9999 -9999 -9999 -9999 -9999 -9999 -9999 -9999 -9999 -9999 -9999 -9999 -9999 -9999 -9999 -9999 -9999 -9999 -9999 -9999 -9999 -9999 -9999 -9999 -9999 -9999 -9999 -9999 -9999 -9999 -9999 -9999 -9999 -9999 -9999 -9999 -9999 -9999 -9999 -9999 -9999 -9999 -9999 -9999 -9999 90 90 78.58334 116 111.625 187.9375 55.1875 50.875 78.6875 130.0625 139.75 101.8125 214.625 440.1875 124.9375 185.3125 285.5625 349.5625 85.375 72.1875
-9999 -9999 -9999 -9999 -9999 -9999 -9999 -9999 -9999 -9999 -9999 -9999 -9999 -9999 -9999 -9999 -9999 -9999 -9999 -9999 -9999 -9999 -9999 -9999 -9999 -9999 -9999 -9999 -9999 -9999 -9999 -9999 -9999 -9999 -9999 -9999 -9999 -9999 -9999 -9999 -9999 -9999 -9999 -9999 -9999 -9999 -9999 -9999 -9999 -9999 -9999 -9999 -9999 60.5 44.375 33.75 52.875 73.0625 94.0625 110.0625 95 450.9375 305.3125 145.625 121 232.5 206.9375 61.125 49.375
-9999 -9999 -9999 -9999 -9999 -9999 -9999 -9999 -9999 -9999 -9999 -9999 -9999 -9999 -9999 -9999 -9999 -9999 -9999 -9999 -9999 -9999 -9999 -9999 -9999 -9999 -9999 -9999 -9999 -9999 -9999 -9999 -9999 -9999 -9999 -9999 -9999 -9999 -9999 -9999 -9999 -9999 -9999 -9999 -9999 -9999 -9999 -9999 -9999 -9999 -9999 -9999 -9999 -9999 -9999 -9999 -9999 -9999 80.5 79.75 111.25 277.3125 265 135.375 91.5625 125.125 95.8125 58.4375 44.0625
-9999 -9999 -9999 -9999 -9999 -9999 -9999 -9999 -9999 -9999 -9999 -9999 -9999 -9999 -9999 -9999 -9999 -9999 -9999 -9999 -9999 -9999 -9999 -9999 -9999 -9999 -9999 -9999 -9999 -9999 -9999 -9999 -9999 -9999 -9999 -9999 -9999 -9999 -9999 -9999 -9999 -9999 -9999 -9999 -9999 -9999 -9999 -9999 -9999 -9999 -9999 -9999 -9999 -9999 -9999 -9999 -9999 -9999 -9999 -9999 -9999 -9999 359.6875 120.6875 141.5 93.875 65.875 55.6875 46.125
-9999 -9999 -9999 -9999 -9999 -9999 -9999 -9999 -9999 -9999 -9999 -9999 -9999 -9999 -9999 -9999 -9999 -9999 -9999 -9999 -9999 -9999 -9999 -9999 -9999 -9999 -9999 -9999 -9999 -9999 -9999 -9999 -9999 -9999 -9999 -9999 -9999 -9999 -9999 -9999 -9999 -9999 -9999 -9999 -9999 -9999 -9999 -9999 -9999 -9999 -9999 -9999 -9999 -9999 -9999 -9999 -9999 -9999 -9999 -9999 -9999 346.125 377.0625 94.375 146.6875 68.625 53.75 49.3125 46
-9999 -9999 -9999 -9999 -9999 -9999 -9999 -9999 -9999 -9999 -9999 -9999 -9999 -9999 -9999 -9999 -9999 -9999 -9999 -9999 -9999 -9999 -9999 -9999 -9999 -9999 -9999 -9999 -9999 -9999 -9999 -9999 -9999 -9999 -9999 -9999 -9999 -9999 -9999 -9999 -9999 -9999 -9999 -9999 -9999 -9999 -9999 -9999 -9999 -9999 -9999 -9999 -9999 -9999 -9999 -9999 -9999 -9999 -9999 -9999 -9999 321.75 250.6875 124.0625 129.5 100.3125 57.875 52.1875 45.0625
-9999 -9999 -9999 -9999 -9999 -9999 -9999 -9999 -9999 -9999 -9999 -9999 -9999 -9999 -9999 -9999 -9999 -9999 -9999 -9999 -9999 -9999 -9999 -9999 -9999 -9999 -9999 -9999 -9999 -9999 -9999 -9999 -9999 -9999 -9999 -9999 -9999 -9999 -9999 -9999 -9999 -9999 -9999 -9999 -9999 -9999 -9999 -9999 -9999 -9999 -9999 -9999 -9999 -9999 -9999 -9999 -9999 -9999 -9999 -9999 -9999 139.5833 131.5 199.0625 209.5625 237.125 131.625 78.9375 73.375
