Env_Vars_Sept202022/Set_1/propgrass_sept20.asc.asc
ncols         145
nrows         190
xllcorner     -2197417.7431653
yllcorner     -584827.01486885
cellsize      20000
NODATA_value  -9999
[rows 29 to 57 of 190, columns 0 to 64 of 145]
-9999 -9999 -9999 -9999 -9999 -9999 -9999 -9999 -9999 -9999 -9999 0 0 0.05640625 0.090625 0.02953125 0.005625 0.004375 0.0034375 0 0 0.0009375 0 0 0 0.00140625 0 0 0.0034375 0 0.0021875 0.00046875 0.0028125 0.013125 0.09 0.03828125 0.01 0.0046875 0.00484375 0.00359375 0.00390625 0.00140625 0.1425 0.094375 0.06875 0.04765625 0.00765625 0.0946875 0.02546875 0.000625 0 0.00359375 0 0.033125 0 0.00265625 0.00265625 0 0 0 0 0 0 0 0
-9999 -9999 -9999 -9999 -9999 -9999 -9999 -9999 -9999 -9999 -9999 0 0 0.01171875 0.1232812 0.3057812 0.0046875 0.05625 0.00703125 0.00796875 0.0071875 0 0 0 0 0 0 0 0 0 0 0.00265625 0.000625 0 0.0028125 0.00015625 0.00765625 0.00578125 0.0453125 0.01546875 0.01765625 0.3095313 0.2067187 0.025625 0.0746875 0.1470312 0.03046875 0.02078125 0.04546875 0.031875 0.009375 0.02640625 0.02078125 0.0953125 0.049375 0 0 0 0 0 0 0 0.0034375 0.00046875 0
-9999 -9999 -9999 -9999 -9999 -9999 -9999 -9999 -9999 -9999 0.03083333 0 0.02828125 0.1045313 0.0353125 0.2323437 0.2490625 0.1740625 0.00171875 0.07953125 0.2075 0.0021875 0.0040625 0 0 0 0 0 0 0 0.0078125 0.0021875 0.00078125 0 0 0 0 0.00515625 0.00609375 0.01671875 0.0778125 0.2079687 0.124375 0.123125 0.02640625 0.09015625 0.3651562 0.1734375 0.00765625 0 0.01109375 0.02296875 0.09515625 0.073125 0.0171875 0 0 0 0 0 0 0 0 0.00625 0
-9999 -9999 -9999 -9999 -9999 -9999 -9999 -9999 -9999 0 0.3375 0.04609375 0.0334375 0.03453125 0.01125 0.0184375 0.3329687 0.524375 0.03703125 0.4235938 0.0009375 0.00296875 0.00390625 0.00140625 0 0 0 0 0 0 0 0 0 0 0 0 0 0 0.04890625 0.2470313 0.0846875 0.04296875 0.0684375 0.1146875 0.04291667 0.060625 0.2914062 0.2596875 0.06765625 0.06328125 0.00484375 0.00359375 0.056875 0.03046875 0.02015625 0.000625 0.000625 0.0009375 0 0 0 0 0 0 0
-9999 -9999 -9999 -9999 -9999 -9999 -9999 -9999 -9999 0.02046875 0.0784375 0.00078125 0.00875 0.050625 0.059375 0.02921875 0.24875 0.33875 0.0265625 0.02296875 0.0034375 0.0140625 0.1028125 0.00625 0 0.000625 0.0003125 0.00171875 0.000625 0 0 0 0 0.00125 0 0 0 0 0 0.01546875 0.07203125 0.084375 0.015 0.065625 0.0259375 0.003125 0.1135937 0.22 0.05125 0.1654688 0.03109375 0.1085938 0.171875 0.069375 0.0028125 0.0003125 0 0 0 0 0 0 0 0 0
-9999 -9999 -9999 -9999 -9999 -9999 -9999 -9999 0.0575 0.00203125 0.00453125 0.0034375 0.01796875 0.09796875 0.2546875 0.4398437 0.1415625 0.08828125 0.0359375 0.0221875 0.00359375 0.02796875 0.0046875 0.0403125 0.00125 0.0746875 0.00109375 0.00203125 0.00078125 0 0 0 0 0 0 0 0 0 0 0.0003125 0 0.04203125 0.0546875 0.02046875 0.0271875 0.02015625 0.07 0.1009375 0.1004688 0.07484375 0.1601563 0.201875 0.038125 0.3340625 0.008125 0.1275 -9999 -9999 -9999 -9999 -9999 -9999 -9999 -9999 -9999
-9999 -9999 -9999 -9999 -9999 -9999 -9999 0 0 0 0.0015625 0.0034375 0.00375 0.05046875 0.1832813 0.05765625 0.080625 0.05125 0.02109375 0.01671875 0.01234375 0.03078125 0.01640625 0.00578125 0.00234375 0.06828125 0.01578125 0.00671875 0.0028125 0.0059375 0.03984375 0.01421875 0 0 0 0 0 0 0 0 0 0.0015625 0.0084375 0.00875 0 0.0121875 0.03921875 0.13875 0.2335937 0.1114063 0.02 0.334375 0.1257813 0.04640625 0.0084375 0.019375 0 0 0 0.08041666 -9999 -9999 -9999 -9999 0
-9999 -9999 -9999 -9999 -9999 -9999 -9999 0.00234375 0 0 0 0.06921875 0.10875 0.01484375 0.02890625 0.03609375 0.0071875 0.01453125 0.1839062 0.08234375 0.00953125 0.026875 0.0075 0.00671875 0.01046875 0.01 0.011875 0.01953125 0.0096875 0.0978125 0.07624999 0.00015625 0 0.000625 0.00375 0 0.000625 0 0 0 0 0 0 0.00078125 0.01984375 0.0196875 0.026875 0.1645312 0.1720313 0.02296875 0.0603125 0.2279167 0.153125 0.0228125 0.00234375 0.02484375 0.0278125 0 0.01609375 0.0659375 0.1053125 0 -9999 -9999 0
-9999 -9999 -9999 -9999 -9999 -9999 0 0 0.00140625 0.00125 0 0.134375 0.01453125 0.0025 0.00734375 0.0034375 0.01765625 0.0446875 0.2864062 0.103125 0 0.01890625 0.0171875 0.000625 0.0053125 0.02296875 0.01515625 0.00640625 0.00546875 0.02890625 0.00796875 0.00640625 0.00421875 0.00984375 0.0040625 0.00171875 0 0 0 0 0 0 0.00078125 0 0 0.00046875 0.02125 0.01265625 0.100625 0.1346875 0.02484375 0.1158333 0.05640625 0.05125 0.038125 0.01859375 0.05625 0 0.00390625 -9999 0.014375 0.1110417 -9999 -9999 -9999
-9999 -9999 -9999 -9999 -9999 0 0.0015625 0.00140625 0.000625 0.00078125 0.0296875 0.1139062 0.263125 0.105625 0.03046875 0.000625 0.00140625 0.00390625 0.01703125 0.001875 0.00328125 0.1535937 0.1754688 0.01671875 0.00734375 0.00921875 0.0246875 0.0034375 0.009375 0 0.00078125 0.00484375 0.0021875 0.00203125 0 0 0.000625 0.0015625 0 0 0 0.000625 0.00078125 0 0 0 0.00578125 0.02265625 0.00609375 0.18 0.00390625 0.0290625 0.04234375 0.248125 0.02953125 0.0225 0.1267188 0.015 0.02234375 0 -9999 -9999 -9999 -9999 -9999
-9999 -9999 -9999 -9999 0 0 0 0 0.001875 0.0021875 0.00015625 0.0728125 0.5415625 0.150625 0 0 0.00296875 0.0009375 0.00265625 0.00234375 0.00375 0.3417188 0.2164063 0.0371875 0.00265625 0.08140625 0.29625 0.0378125 0.00375 0.00484375 0.00609375 0.1295312 0.01328125 0.00515625 0.00484375 0.00125 0.00015625 0.00140625 0 0 0 0 0 0 0 0 0 0.0553125 0.1934375 0.2509375 0.0221875 0.2325 0.02421875 0.035625 0.09484375 0.00140625 0.01578125 0.0184375 -9999 -9999 -9999 -9999 -9999 -9999 -9999
-9999 -9999 -9999 -9999 0 0 0 0.00125 0.00203125 0.00203125 0.00203125 0.1579687 0.483125 0.1445313 0 0 0.0259375 0.0540625 0 0.00515625 0.00125 0.00859375 0.01 0.171875 0.01765625 0.00640625 0.008437499 0.0021875 0.0090625 0.00296875 0.00171875 0.0265625 0.1015625 0.03265625 0.00328125 0.00484375 0.00640625 0.00765625 0.001875 0 0 0 0 0 0 0 0.00390625 0.0609375 0.24 0.03515625 0.05796875 0.03640625 0.00484375 0.0334375 0.2454688 0.02166667 0.0453125 0.0075 -9999 -9999 0 0.0290625 0.075625 0 0.04375
-9999 -9999 -9999 0.0075 0 0 0 0.0025 0.0009375 0.00046875 0.000625 0.00265625 0.00125 0.00609375 0.00421875 0 0.0765625 0.1428125 0.000625 0.00625 0.008437499 0.01515625 0.000625 0.0346875 0.06578125 0.01375 0.00546875 0.00296875 0 0 0.05875 0.065 0.03609375 0.02625 0.009218751 0.00453125 0.0034375 0.0021875 0.00296875 0.0009375 0 0.000625 0 0 0 0 0.00703125 0.03921875 0.0834375 0.070625 0.05921875 0.090625 0.0534375 0.09328125 0.3448437 0.5570833 0.1225 -9999 -9999 0.003125 0.00125 0.1614062 0.083125 -9999 0.0002083333
-9999 -9999 0 0 0 0 0 0.00078125 0.00453125 0.0053125 0.000625 0.00171875 0.00125 0.00140625 0.00078125 0 0.000625 0.00796875 0.0065625 0.00625 0.03796875 0.02359375 0.00265625 0.03109375 0.114375 0.00484375 0.0034375 0.02703125 0.005625 0.055 0.5167187 0.0940625 0.1478125 0.0221875 0.02109375 0.01828125 0.0034375 0.00765625 0 0 0 0 0 0 0.0384375 0.01640625 0.0025 0.00203125 0.3148437 0.0721875 0.02140625 0.09578125 0.058125 0.160625 0.1204688 0.2107812 0.00578125 0.008541667 0.0803125 0.01265625 0.007083334 0 -9999 0.03541667 0.106875
-9999 0 0 0 0 0 0 0 0.005625 0.00296875 0.001666667 0 0 0.000625 0.00125 0 0 0.0015625 0.00609375 0.024375 0.00328125 0.0075 0.00125 0.00421875 0.0078125 0.0090625 0.0065625 0.078125 0.1054688 0.1667188 0.0278125 0.001875 0.038125 0.005 0.0253125 0.009218751 0.01140625 0.0084375 0.000625 0 0 0 0 0 0 0.0025 0.0040625 0.00015625 0.0203125 0.2628125 0.0090625 0.053125 0.07875 0.026875 0.3514062 0.2048437 0.1359375 0.3515625 0.08265625 -9999 0.0203125 0.01833333 0.0971875 0.3426563 0.03453125
-9999 0 0 0 0 0 0 0 0.0025 0.01046875 0.0075 0 0 0 0 0 0 0.00078125 0.00109375 0.0034375 0.003125 0 0.02265625 0.0203125 0.0046875 0.0175 0.01125 0.20375 0.1360938 0.3135937 0.00546875 0.00578125 0.03 0.0315625 0.0140625 0.0284375 0.0075 0.0096875 0.00640625 0.0090625 0 0 0 0 0 0 0.0078125 0.07625 0.01046875 0.02546875 0.0496875 0.0559375 0.1114063 0.0565625 0.465625 0.2653125 0.4776562 0.30875 0.1109375 0.0559375 0.1314062 0.1892188 0.05390625 0.1909375 0.0715625
0 0 0 0 0 0 0 0 0 0.00140625 0.005625 0.0078125 0 0.000625 0 0 0 0 0.00078125 0.2559375 0.048125 0.0034375 0.01421875 0.0340625 0.0234375 0.01859375 0.006875 0.00703125 0.0046875 0.00234375 0.095625 0.0109375 0.0171875 0.0165625 0.115625 0.0921875 0.00296875 0.00578125 0.004375 0.0028125 0 0 0.0003125 0.0009375 0 0 0 0.08171875 0.0259375 0.02390625 0.1625 0.1232813 0.325625 0.1176563 0.5278125 0.2896875 0.253125 0.2025 0.060625 0.08265625 0.01375 0.0084375 0.00609375 0.116875 0.3440625
0 0 0 0 0 0 0 0 0 0.00515625 0.00828125 0.00234375 0.0021875 0 0 0 0.000625 0 0.0021875 0.2042187 0.0609375 0.01265625 0.034375 0.0403125 0.01734375 0.01671875 0.02140625 0.0065625 0.004375 0.00484375 0.0075 0.07421875 0.1042188 0.06515625 0.03609375 0.04046875 0.03 0.034375 0.01375 0.01 0.0009375 0 0 0.00078125 0 0 0.00890625 0.004375 0.015 0.1135937 0.01578125 0.00671875 0.2275 0.174375 0.10125 0.1265625 0.1329688 0.05390625 0.1471875 0.09953126 0.093125 0.1135937 0.018125 0.1210938 0.02734375
0 0.0025 0 0 0 0 0 0 0 0.0128125 0.020625 0.01828125 0 0.000625 0 0 0.004375 0.00453125 0.0015625 0.000625 0.021875 0.08140625 0.04390625 0.21125 0.0315625 0.0134375 0.025625 0.00390625 0.00390625 0.01140625 0.000625 0.0196875 0.02203125 0.02171875 0.07890625 0.0859375 0.06875 0.04765625 0.00703125 0.00359375 0 0 0 0.00234375 0 0.00078125 0.0003125 0.011875 0.1014063 0.194375 0.06125 0.010625 0.0775 0.05875 0.05015625 0.034375 0.27625 0.175 0.1146875 0.1214062 0.0421875 0.1170313 0.2034375 0.043125 0.04916667
-9999 0 0 0 0 0 0 0 0 0.00296875 0.01453125 0.014375 0.0015625 0.0009375 0.0009375 0.00359375 0.0053125 0.00734375 0 0.01 0.02859375 0.05578125 0.0196875 0.00640625 0.05390625 0.014375 0.03140625 0.02984375 0.0075 0.00765625 0 0 0.016875 0.05859375 0.04734375 0.07796875 0.04609375 0.03890625 0.04078125 0.0271875 0.0009375 0 0 0 0 0 0.00140625 0.031875 0.225625 0.2348437 0.1957813 0.015 0.0884375 0.05703125 0.6114063 0.079375 0.1020312 0.03291667 0.255 0.108125 0.00359375 0.098125 0.23875 0.1264063 0.04
-9999 0 0 0 0 0 0 0 0 0.01515625 0.0184375 0.0146875 0.00375 0.005 0.0009375 0.003125 0.00703125 0.011875 0.006458333 0.004375 0.02203125 0.02328125 0.014375 0.015625 0.019375 0.01984375 0.03078125 0.0365625 0.00234375 0.00015625 0.00375 0.0153125 0.0121875 0.009218751 0.034375 0.05234375 0.04671875 0.02359375 0.01265625 0.0103125 0 0.00078125 0.000625 0 0.00109375 0 0.02296875 0.0415625 0.1179687 0.05015625 0.2065625 0.02921875 0.08687501 0.2698438 0.4728125 0.05828125 0.15125 0.05125 0.351875 0.1796875 0.1284375 0.04604167 0.00625 0.1875 0.1684375
-9999 -9999 -9999 -9999 0 0 0 0 0.0053125 0.01765625 0.0053125 0.014375 0.01125 0 0.00359375 0.0053125 0.00609375 0.03421875 0.02390625 0.01546875 0.02703125 0.01 0.01609375 0.0103125 0.0134375 0.0328125 0.03109375 0.019375 0.01171875 0.00421875 0 0.1259375 0.1132813 0.02015625 0.0425 0.0525 0.05171875 0.01296875 0.005625 0.0109375 0.00328125 0 0.00265625 0 0 0 0.00140625 0.0453125 0.1626562 0.0025 0.2120312 0.1390625 0.1601563 0.1535937 0.02390625 0.01875 0.074375 0.06140625 0.3070312 0.1635938 0.01578125 0.1515625 0.03734375 0.1559375 0.00640625
-9999 -9999 -9999 0 0 0 0 0.005 0.0221875 0.0215625 0.01578125 0.0340625 0.0046875 0.0046875 0.0040625 0.00015625 0.00484375 0.00234375 0.01015625 0.00578125 0.0078125 0.02375 0.00859375 0.00421875 0.0171875 0.028125 0.0740625 0.06140625 0.00984375 0.0053125 0.00125 0.0034375 0.02359375 0.01875 0.02375 0.0275 0.05359375 0.02203125 0.009218751 0.00765625 0 0 0.00171875 0 0.0075 0.0015625 0.0025 0.01640625 0.2173437 0.0234375 0.066875 0.1296875 0.07916667 0.08953125 0.4107813 0.0521875 0.05458333 0.4329167 0.6115625 0.3875 0.04421875 0.024375 0.08453126 0.1060937 0.08765625
-9999 -9999 -9999 0 0 0 0.000625 0.02609375 0.0146875 0.0459375 0.0259375 0.02859375 0 0.00484375 0.0071875 0.00015625 0.001875 0.00390625 0.00265625 0.00296875 0.03359375 0.0290625 0.01046875 0.0028125 0.02671875 0.033125 0.05 0.05796875 0.02375 0.005 0 0.01515625 0.0228125 0.00359375 0.00890625 0.0140625 0.01765625 0.010625 0.00546875 0.01734375 0 0 0 0 0.00484375 0 0.0025 0.0878125 0.04609375 0.043125 0.05375 0.00625 0.00640625 0.07109375 0.520625 0.2295313 0.045625 0.4582812 0.4415625 0.42125 0.115 0.0403125 0.139375 0.02515625 0.023125
-9999 -9999 -9999 -9999 0.00125 0 0.0034375 0.07609375 0.01171875 0.08421876 0.0240625 0.01671875 0.0059375 0.0071875 0.0025 0.011875 0.0215625 0.0025 0.002083333 0.00875 0.01234375 0.02890625 0.01609375 0.00453125 0.000625 0.01015625 0.04171875 0.06265625 0.054375 0.0078125 0.00125 0.00546875 0.074375 0.0025 0.00359375 0.0053125 0.0278125 0.0040625 0.0034375 0.02046875 0.0015625 0 0 0 0 0 0.00296875 0.06984375 0.1371875 0.04390625 0.00765625 0.01328125 0.01984375 0.0515625 0.5829688 0.4942187 0.3010938 0.4926563 0.3459375 0.2321875 0.3307813 0.0165625 0.0078125 0 0.01625
-9999 -9999 -9999 -9999 0 0.0009375 0.0003125 0.05296875 0.0646875 0.05625 0.00234375 0.02765625 0 0.00640625 0.0034375 0.0040625 0.01796875 0.0065625 0 0.009375 0.001875 0.01390625 0.009375 0.01078125 0.00125 0.00671875 0.00296875 0.00796875 0.05796875 0.0909375 0.00625 0 0.02296875 0.003125 0.0096875 0.006875 0.01828125 0.01171875 0.00734375 0.0075 0.004375 0.000625 0 0 0 0 0.02921875 0.03421875 0.0503125 0.02625 0.04 0.00125 0.0325 0.03015625 0.3645312 0.4020312 0.4125 0.4258333 0.2054688 0.2453125 0.2201563 0.07046875 0.00328125 0 0.02375
-9999 -9999 -9999 -9999 -9999 0 0 0.020625 0.01078125 0.0175 0.01796875 0.01109375 0.00828125 0.0021875 0.01703125 0.02453125 0.044375 0.01390625 0.01140625 0.040625 0.02390625 0.01328125 0.0096875 0.02078125 0.01734375 0.00078125 0.006875 0.01390625 0.02890625 0.09921875 0.03609375 0.01203125 0.313125 0.00578125 0.0053125 0.020625 0.0659375 0.0134375 0.009218751 0.008125 0.00484375 0.000625 0.000625 0.0346875 0 0.0009375 0.03875 0.06890625 0.0196875 0.01390625 0.00390625 0.0053125 0 0.03 0.1373437 0.4853125 0.4009375 0.0365625 0.0615625 0.1046875 0.1171875 0.10625 0.04203125 0.01453125 0.05546875
-9999 -9999 -9999 -9999 -9999 0 0 0 0 0 0.02 0.00265625 0.003125 0 0.0115625 0.01375 0.01265625 0.0053125 0.008125 0.05359375 0.0509375 0.01875 0.0153125 0.0146875 0.0221875 0.006666666 0.01109375 0.00125 0.05578125 0.001875 0.02703125 0.1960937 0.3454688 0.00546875 0.0096875 0.0571875 0.0103125 0.0040625 0.01921875 0.02265625 0.07828125 0.0146875 0.005 0.01984375 0 0 0.05703125 0.006875 0.01890625 0.01921875 0.01125 0.01640625 0.019375 0.0021875 0.163125 0.5228125 0.4595312 0.15625 0.2435938 0.330625 0.1710937 0.093125 0.1595313 0.2475 0.164375
-9999 -9999 -9999 -9999 -9999 0 0 0 0 0 0 0.0025 0 0.00078125 0.00140625 0.028125 0.035625 0.02375 0.01520833 0.01890625 0.01421875 0 0.001875 0.00375 0.01375 0.005625 0.00078125 0.0059375 0.00453125 0 0.0021875 0.0046875 0.03859375 0.0175 0.00578125 0.00796875 0.0021875 0 0.0078125 0.02828125 0.00421875 0.00109375 0.0184375 0.00890625 0.0034375 0.005625 0.00609375 0.04359375 0.02578125 0.0125 0.0015625 0.0025 0.0025 0.00359375 0.225625 0.28375 0.1725 0.01109375 0.1332812 0.1803125 0.2917188 0.1334375 0.1448438 0.2820312 0.1810938
