Env_Vars_Sept202022/Set_1/proptree_sept20.asc.asc
ncols         145
nrows         190
xllcorner     -2197417.7431653
yllcorner     -584827.01486885
cellsize      20000
NODATA_value  -9999
[rows 29 to 57 of 190, columns 0 to 63 of 145]
-9999 -9999 -9999 -9999 -9999 -9999 -9999 -9999 -9999 -9999 -9999 0.6528125 0.5801563 0.381875 0.2120312 0.6878125 0.7351562 0.9009375 0.7665625 0.5659375 0.096875 0.1246875 0.01140625 0.0240625 0.0165625 0.0321875 0.01453125 0.00078125 0.01875 0.02453125 0.03296875 0.2770312 0.09890625 0.06734375 0.1728125 0.5404688 0.4098437 0.436875 0.7960938 0.349375 0.1945312 0.06359375 0.4410937 0.6110938 0.5575 0.8898437 0.8064063 0.72 0.5992188 0.6871875 0.751875 0.73375 0.5815625 0.936875 0.525 0.5804688 0.7654687 0.5678125 0.6426562 0.6776562 0.344375 0.07046875 0.01166667 0.00125
-9999 -9999 -9999 -9999 -9999 -9999 -9999 -9999 -9999 -9999 -9999 0.75875 0.543125 0.7382813 0.2967187 0.3232813 0.385 0.7189063 0.9064063 0.9235938 0.5467187 0.2526563 0.03 0.0575 0.049375 0.01 0.0703125 0.00703125 0.0078125 0 0.004375 0.2551562 0.144375 0.01296875 0.071875 0.043125 0.1203125 0.1851563 0.5709375 0.6714063 0.5278125 0.2967187 0.583125 0.8107812 0.7757813 0.6907812 0.7615625 0.89625 0.9139063 0.8934375 0.8682812 0.889375 0.8578125 0.6464062 0.53125 0.3791667 0.6771875 0.535 0.5709375 0.7354687 0.343125 0.05734375 0.03984375 0.01171875
-9999 -9999 -9999 -9999 -9999 -9999 -9999 -9999 -9999 -9999 0.61 0.60125 0.4584375 0.609375 0.8028125 0.4384375 0.473125 0.638125 0.8126563 0.6809375 0.4823438 0.7375 0.4067188 0.1198438 0.0403125 0.01140625 0.05609375 0.09046875 0.00890625 0.00421875 0.00296875 0.18 0.0671875 0.043125 0.09765625 0.0096875 0.01328125 0.0371875 0.1573437 0.520625 0.7759375 0.6879687 0.593125 0.7917187 0.5423437 0.7689062 0.5726562 0.7789062 0.9054688 0.8875 0.9907812 0.9245312 0.6067188 0.4526562 0.7198437 0.59375 0.6084375 0.8035938 0.7895312 0.793125 0.1764062 0.4084375 0.3357812 0.0675
-9999 -9999 -9999 -9999 -9999 -9999 -9999 -9999 -9999 0.625 0.2245312 0.786875 0.7046875 0.4351562 0.83375 0.7471875 0.5214062 0.2054687 0.8273438 0.2170313 0.5823438 0.9189063 0.3695312 0.2059375 0.103125 0.1021875 0.05 0.1465625 0.013125 0.03015625 0.054375 0.028125 0.1535937 0.0678125 0.1215625 0.005 0 0.0015625 0.04140625 0.4490625 0.655 0.7529688 0.5726563 0.6420313 0.2066667 0.9273437 0.4554687 0.5335938 0.7560937 0.4795313 0.6585938 0.8704687 0.5270312 0.5971875 0.8879688 0.8225 0.5985938 0.6270313 0.8634375 0.175 0.03953125 0.06109375 0.2639062 0.2329687
-9999 -9999 -9999 -9999 -9999 -9999 -9999 -9999 -9999 0.55125 0.4978125 0.6596875 0.4967188 0.6826562 0.610625 0.748125 0.5110937 0.4392188 0.9196875 0.55875 0.5964062 0.6664063 0.3346875 0.55 0.399375 0.4646875 0.2840625 0.4848437 0.3104688 0.0975 0.0259375 0.03421875 0.07765625 0.03609375 0.0853125 0.004375 0.01484375 0.01296875 0.0525 0.05640625 0.3482812 0.5825 0.7889062 0.6178125 0.5659375 0.9116667 0.4440625 0.6504688 0.7482812 0.6364062 0.399375 0.1882813 0.4665625 0.4923438 0.553125 0.64875 0.6195313 0.3289062 0.313125 0.571875 0.3451563 0.350625 0.1995833 0.03625
-9999 -9999 -9999 -9999 -9999 -9999 -9999 -9999 0.7560416 0.7757813 0.7732812 0.6865625 0.68 0.3234375 0.3740625 0.3485938 0.6796875 0.755625 0.770625 0.8335937 0.8075 0.9176562 0.5746875 0.7254688 0.86 0.7704688 0.520625 0.5082812 0.5842187 0.1907813 0.1326562 0.1190625 0.08359375 0.0209375 0.0521875 0.04921875 0.04515625 0.0778125 0.0115625 0.000625 0.00125 0.1185937 0.7126563 0.716875 0.5567188 0.3307813 0.2059375 0.8175 0.7707813 0.7629688 0.6178125 0.6576563 0.6515625 0.394375 0.723125 0.655 -9999 -9999 -9999 -9999 -9999 -9999 -9999 -9999
-9999 -9999 -9999 -9999 -9999 -9999 -9999 0.4385417 0.9115625 0.7267188 0.7732812 0.8664063 0.4376563 0.4103125 0.6301562 0.8120313 0.7898437 0.8128125 0.9153125 0.7876562 0.7235937 0.79625 0.70625 0.8792188 0.8165625 0.8623437 0.63 0.5853125 0.5498437 0.601875 0.38625 0.08125 0.09515624 0.01890625 0.0053125 0.01359375 0.10125 0.03765625 0.00265625 0 0.005 0.06140625 0.09703125 0.406875 0.87125 0.7771875 0.2659375 0.7460938 0.5617188 0.6560938 0.8998438 0.1529687 0.391875 0.5739062 0.6801562 0.869375 0.9675 0.98625 0.8978125 0.6429167 -9999 -9999 -9999 -9999
-9999 -9999 -9999 -9999 -9999 -9999 -9999 0.02125 0.5067188 0.7051563 0.7521875 0.6653125 0.4479688 0.6625 0.6871875 0.7915625 0.821875 0.7095312 0.388125 0.3725 0.4415625 0.70875 0.8701562 0.864375 0.5692188 0.73125 0.5425 0.8770313 0.9103125 0.4889063 0.5601562 0.5184375 0.3434375 0.3007813 0.07859375 0.0075 0.1685937 0.05515625 0.01203125 0.01203125 0.0128125 0.00734375 0.0128125 0.076875 0.2540625 0.7459375 0.7853125 0.401875 0.7471875 0.7510937 0.7828125 0.02895833 0.3879687 0.899375 0.7685938 0.58375 0.7351562 0.93375 0.6670312 0.37625 0.8376563 0.299375 -9999 -9999
-9999 -9999 -9999 -9999 -9999 -9999 0.055 0.0384375 0.5020313 0.8495313 0.8659375 0.690625 0.7003125 0.8120313 0.9051563 0.560625 0.82125 0.8595312 0.4135938 0.3665625 0.245 0.6954687 0.8153125 0.8596875 0.8682812 0.753125 0.4859375 0.409375 0.71 0.7421875 0.5646875 0.8179687 0.6271875 0.2217187 0.1367188 0.093125 0.03015625 0.0528125 0.00578125 0 0.01515625 0.04390625 0.0196875 0.02671875 0.009375 0.2942187 0.8428125 0.7645313 0.6520833 0.5909375 0.6728125 0.2147917 0.83625 0.9179688 0.9167187 0.8829688 0.6046875 0.943125 0.4892187 -9999 0.6864583 0.4664584 -9999 -9999
-9999 -9999 -9999 -9999 -9999 0.08583333 0.3803125 0.1595313 0.51125 0.8090625 0.759375 0.634375 0.4592187 0.579375 0.640625 0.229375 0.4704688 0.6973438 0.8115625 0.655625 0.8453125 0.6092187 0.5567188 0.8146875 0.8215625 0.7615625 0.5710937 0.3792188 0.4803125 0.7082813 0.4970312 0.6360937 0.7125 0.3854688 0.2346875 0.06390625 0.04640625 0.0778125 0.01828125 0.0271875 0.04890625 0.045625 0.045 0.02109375 0 0.01359375 0.4934375 0.7760937 0.7626563 0.5653125 0.9109375 0.6117188 0.806875 0.6535938 0.8415625 0.8928125 0.6559375 0.7490625 0.360625 0.18 -9999 -9999 -9999 -9999
-9999 -9999 -9999 -9999 0 0 0.09546875 0.5378125 0.4517187 0.8004687 0.8570312 0.5192187 0.1309375 0.2979687 0.3446875 0.1765625 0.2990625 0.5484375 0.42625 0.6665625 0.7173437 0.435 0.573125 0.5435938 0.6739063 0.3210937 0.50375 0.3429688 0.6026562 0.6684375 0.7426562 0.4592187 0.7434375 0.3795313 0.221875 0.1221875 0.0178125 0.09875 0.08921875 0.05 0.064375 0.0190625 0.01296875 0.00140625 0.0021875 0.0490625 0.2085938 0.654375 0.5984375 0.1257813 0.6740625 0.271875 0.8389062 0.7840625 0.7673438 0.9820312 0.9646875 0.2546875 -9999 -9999 -9999 -9999 -9999 -9999
-9999 -9999 -9999 -9999 0.00078125 0 0.004375 0.2965625 0.491875 0.7765625 0.8001562 0.261875 0.2265625 0.4132813 0.4809375 0.1879687 0.184375 0.2540625 0.1178125 0.2604688 0.92875 0.805 0.9059375 0.6146875 0.9028125 0.748125 0.7875 0.4292188 0.5995312 0.6589062 0.8492187 0.7403125 0.6292188 0.5742188 0.4525 0.1546875 0.08234375 0.15 0.2017187 0.07390625 0.0278125 0.0175 0.00109375 0.00203125 0.00046875 0.00640625 0.2160938 0.4939063 0.1209375 0.3657812 0.5542188 0.836875 0.9132813 0.8164063 0.6326563 0.4727083 0.6353125 0.01875 -9999 -9999 0.991875 0.933125 0.4729688 0.485625
-9999 -9999 -9999 0.1135937 0.00375 0.000625 0 0.0878125 0.2557813 0.8164063 0.6520312 0.3865625 0.24125 0.4176562 0.4771875 0.09921875 0.0978125 0.49375 0.7684375 0.4948438 0.6948438 0.3189062 0.45625 0.7664062 0.7929688 0.8692188 0.906875 0.664375 0.3595313 0.4857813 0.7446875 0.6957812 0.798125 0.551875 0.2420312 0.1359375 0.09734375 0.1348438 0.1232812 0.1514062 0.1923438 0.2185937 0.1639062 0.123125 0.01328125 0 0.03203125 0.575 0.02765625 0.4265625 0.6746875 0.798125 0.7453125 0.7345313 0.5040625 0.315625 0.8125 -9999 -9999 0.829375 0.95 0.7389063 0.2789584 -9999
-9999 -9999 0 0.01203125 0.0165625 0 0 0.0178125 0.330625 0.33 0.6984375 0.1996875 0.2859375 0.3034375 0.4546875 0.3385938 0.1078125 0.5295312 0.8934375 0.8884375 0.7959375 0.4376563 0.8060938 0.7421875 0.6921875 0.3523437 0.6189063 0.7453125 0.8479688 0.576875 0.220625 0.6592187 0.7146875 0.7259375 0.5070313 0.4476563 0.1732813 0.1304688 0.1442187 0.0109375 0.05296875 0.2478125 0.0253125 0.0146875 0.1265625 0.0875 0.2546875 0.6485938 0.4551563 0.3514062 0.6790625 0.22375 0.2157813 0.6179687 0.4940625 0.483125 0.98375 0.9220833 0.84125 0.7742187 0.7879167 0.43125 -9999 0.88125
-9999 0 0 0 0.00203125 0 0 0 0.1603125 0.2428125 0.540625 0.2821875 0.0434375 0.02171875 0.1989062 0.1421875 0.0790625 0.445 0.8460938 0.868125 0.5878125 0.6448438 0.8385937 0.2989063 0.7867187 0.6723437 0.5346875 0.4757813 0.6503125 0.3117188 0.6765625 0.6675 0.583125 0.7304688 0.6603125 0.2609375 0.1059375 0.085625 0.06296875 0.01546875 0.02296875 0.0734375 0.0540625 0.01140625 0.00671875 0.19125 0.458125 0.7170312 0.7782813 0.5892187 0.4435937 0.4553125 0.4645312 0.4521875 0.3307813 0.4592187 0.8060938 0.5285938 0.7671875 -9999 0.8690625 0.9152083 0.7078125 0.6303125
-9999 0 0 0 0 0 0 0 0.0584375 0.1492188 0.3578125 0.3139063 0.00890625 0.07140625 0.36625 0.171875 0.03015625 0.4221875 0.9551563 0.8317187 0.8201562 0.7440625 0.7615625 0.4978125 0.7948437 0.765 0.4998437 0.5953125 0.5109375 0.4526562 0.7885938 0.7926562 0.8439062 0.6109375 0.535 0.2601562 0.06203125 0.1690625 0.2492187 0.2445312 0.1889063 0.2395312 0.074375 0.0234375 0.0040625 0.0275 0.380625 0.1909375 0.8046875 0.8026563 0.0553125 0.1659375 0.630625 0.7810937 0.2848437 0.4982812 0.4560938 0.4529687 0.4840625 0.9301562 0.7325 0.6903125 0.8135937 0.6965625
0.00625 0 0 0 0 0 0 0 0.00078125 0.0434375 0.361875 0.364375 0.01328125 0.2384375 0.221875 0.148125 0.030625 0.4646875 0.6353125 0.5142187 0.5820313 0.3634375 0.9076563 0.7795312 0.8854687 0.8476563 0.1932812 0.5521875 0.855625 0.8934375 0.5254688 0.669375 0.9523438 0.89125 0.5945312 0.2826563 0.0725 0.1064062 0.104375 0.1554687 0.04296875 0.0653125 0.1457812 0.1821875 0.09125 0.2473437 0.2747917 0.1135937 0.7385938 0.6860937 0.0934375 0.3309375 0.1615625 0.3409375 0.308125 0.4582812 0.3890625 0.614375 0.8903125 0.895 0.9498438 0.911875 0.9253125 0.5534375
0.191875 0.1628125 0.0009375 0 0 0 0 0 0.00171875 0.1696875 0.289375 0.6645312 0.251875 0.374375 0.3907813 0.03890625 0.1596875 0.7321875 0.6320313 0.7045313 0.8676562 0.7328125 0.8214062 0.5128125 0.528125 0.8048438 0.718125 0.4685937 0.656875 0.529375 0.630625 0.4871875 0.6901562 0.7817187 0.6515625 0.4910938 0.3173437 0.2270312 0.1571875 0.20625 0.08984375 0.01609375 0.01234375 0.1059375 0.046875 0.276875 0.5459375 0.9129688 0.6654688 0.075 0.149375 0.8073437 0.3609375 0.1903125 0.8129687 0.5146875 0.7707813 0.75625 0.7629688 0.6684375 0.7417188 0.8060938 0.7425 0.61375
0.4234375 0.05625 0 0.000625 0 0 0 0 0 0.1114063 0.5092188 0.5804688 0.5146875 0.6082813 0.275625 0.5289062 0.36625 0.5621875 0.2846875 0.904375 0.8901563 0.7734375 0.7084375 0.3440625 0.1432813 0.2982813 0.8515625 0.4932812 0.2935937 0.485625 0.4029688 0.5885937 0.7471875 0.8101562 0.860625 0.5434375 0.6998438 0.2201563 0.12125 0.1167188 0.03078125 0.08015625 0.081875 0.091875 0.14875 0.4545313 0.4785937 0.7698438 0.323125 0 0.05359375 0.6448438 0.8623438 0.2990625 0.8278125 0.8673437 0.5239062 0.5775 0.6185938 0.1867187 0.5385938 0.7629688 0.6289063 0.69375
-9999 0.1204687 0 0.030625 0.0028125 0 0 0 0 0.115 0.6475 0.5109375 0.8498437 0.7495313 0.5951563 0.59375 0.6185938 0.546875 0.4489062 0.8567188 0.89625 0.921875 0.7179688 0.5928125 0.1959375 0.463125 0.8075 0.8790625 0.6032813 0.71125 0.3970312 0.5009375 0.7489063 0.6951562 0.8101562 0.5995312 0.5298437 0.556875 0.3528125 0.3207812 0.02921875 0.07625 0.2023438 0.1142187 0.3303125 0.05109375 0.503125 0.3629688 0.1760937 0.02484375 0.00671875 0.6476563 0.7926562 0.8165625 0.2621875 0.8492187 0.341875 0.3339583 0.3010938 0.578125 0.4839062 0.6153125 0.5332813 0.6185938
-9999 0.151875 0.5153125 0.3041667 0.1966667 0.02890625 0 0 0 0.1935937 0.5245312 0.3325 0.6826562 0.5776563 0.754375 0.5910938 0.5892187 0.4853125 0.6285416 0.8954688 0.9284375 0.605 0.419375 0.6517187 0.3873437 0.3148437 0.4740625 0.9065625 0.9217187 0.6615625 0.4153125 0.6709375 0.73625 0.9384375 0.8196875 0.5676563 0.455 0.4595312 0.2134375 0.290625 0.04125 0.07890625 0.1520312 0.1034375 0.010625 0.00796875 0.4573438 0.7832812 0.2135938 0.4904687 0.1379687 0.7715625 0.7248437 0.621875 0.4796875 0.72375 0.77875 0.7065625 0.1878125 0.659375 0.6260937 0.4014583 0.6145313 0.4820834
-9999 -9999 -9999 -9999 0.2627083 0.1040625 0 0.00171875 0.055 0.3478125 0.495625 0.4659375 0.701875 0.3779688 0.3907813 0.66375 0.50125 0.6625 0.7376562 0.68375 0.9035938 0.2229687 0.5514063 0.7526562 0.4771875 0.5214062 0.4690625 0.6351563 0.8990625 0.7471875 0.373125 0.6414062 0.6089063 0.7725 0.4717187 0.319375 0.36125 0.401875 0.1921875 0.5232812 0.03859375 0.04375 0.2110938 0.0028125 0.02953125 0.1645313 0.4548438 0.7251562 0.3617187 0.8248438 0.6971875 0.689375 0.621875 0.6932813 0.76875 0.3842188 0.7307813 0.38625 0.3914063 0.7353125 0.820625 0.6970313 0.5828125 0.7220312
-9999 -9999 -9999 0.356875 0.44875 0.00375 0 0.0659375 0.195 0.29 0.43625 0.65875 0.475625 0.3803125 0.275 0.08234375 0.2892188 0.71375 0.7267187 0.658125 0.816875 0.5682812 0.1998437 0.829375 0.681875 0.760625 0.5690625 0.585 0.7920312 0.7201563 0.528125 0.6345313 0.7060938 0.775 0.6329688 0.270625 0.45 0.2385937 0.249375 0.603125 0.02921875 0.07984375 0.1326562 0.00640625 0.0365625 0.1021875 0.4821875 0.438125 0.1598438 0.7682813 0.6475 0.7726563 0.725 0.52625 0.18125 0.7084375 0.4445833 0.1875 0.04125 0.3870313 0.8367188 0.885625 0.8590625 0.82375
-9999 -9999 -9999 0.215 0.5528125 0.04078125 0 0.2321875 0.06796875 0.2767187 0.6714063 0.476875 0.030625 0.2628125 0.1021875 0.024375 0.155 0.825625 0.8710938 0.896875 0.8310938 0.6479688 0.5746875 0.8657812 0.7771875 0.8148438 0.7707812 0.571875 0.5307813 0.2357813 0.2604688 0.723125 0.8232812 0.8559375 0.4917188 0.2832812 0.2529687 0.115625 0.1465625 0.398125 0.06546875 0.06984375 0.0034375 0.01859375 0.0821875 0.04328125 0.3578125 0.5154687 0.4440625 0.3615625 0.716875 0.7695313 0.8723438 0.6417187 0.07859375 0.22 0.4707813 0.2864062 0.0278125 0.3284375 0.24125 0.750625 0.7864062 0.643125
-9999 -9999 -9999 -9999 0.575625 0.0096875 0.0265625 0.2653125 0.140625 0.29625 0.361875 0.3378125 0.1167187 0.2490625 0.07640625 0.2601562 0.4734375 0.765625 0.8533334 0.9045312 0.7634375 0.6848438 0.8982813 0.923125 0.7885938 0.8976563 0.6779687 0.7370312 0.511875 0.37875 0.2159375 0.500625 0.7632812 0.8704687 0.605 0.3604687 0.5001562 0.213125 0.2392187 0.7496875 0.1189063 0.1721875 0.01890625 0.005625 0.1289063 0.2095312 0.2084375 0.5878125 0.5665625 0.8753125 0.8165625 0.7689062 0.8854687 0.489375 0.00234375 0.00078125 0.05296875 0.2782812 0.04359375 0.1120312 0.0425 0.6340625 0.5253125 0.53375
-9999 -9999 -9999 -9999 0.489375 0.2409375 0.133125 0.339375 0.3895313 0.4267187 0.08140625 0.2014062 0.01515625 0.074375 0.05328125 0.1882813 0.5575 0.7190625 0.7795312 0.8807812 0.8645312 0.8046875 0.9014062 0.8715625 0.8967187 0.813125 0.823125 0.7117187 0.650625 0.5720313 0.2664063 0.3225 0.664375 0.6070312 0.4523438 0.3165625 0.543125 0.3690625 0.2298438 0.4385937 0.5929688 0.4310938 0.144375 0.04265625 0.073125 0.1670312 0.5429688 0.6282812 0.5429688 0.8259375 0.6001562 0.8923438 0.7390625 0.7907813 0.0028125 0.17125 0.1001562 0.0875 0.0240625 0.059375 0.091875 0.4507813 0.526875 0.4451562
-9999 -9999 -9999 -9999 -9999 0.341875 0.009375 0.04953125 0.03140625 0.0990625 0.09984375 0.1707813 0.2817188 0.01890625 0.2021875 0.3671875 0.4042187 0.5334375 0.6942188 0.7346875 0.8510938 0.8251562 0.7995312 0.8332813 0.8728125 0.8025 0.8525 0.6846875 0.790625 0.6995313 0.3617187 0.7278125 0.5070313 0.7520313 0.4896875 0.3428125 0.3448437 0.2021875 0.5425 0.145 0.33625 0.6540625 0.4132813 0.4201562 0.2332813 0.26375 0.4534375 0.8028125 0.6170312 0.7240625 0.7684375 0.7610937 0.7967188 0.5954688 0.2773438 0.02671875 0.0425 0.01328125 0.0346875 0.06359375 0.1107813 0.1570313 0.2734375 0.5
-9999 -9999 -9999 -9999 -9999 0.48875 0 0.0009375 0 0.00109375 0.0696875 0.4715625 0.1514062 0.1476562 0.1879687 0.4439062 0.35125 0.705 0.7934375 0.8073437 0.8289062 0.7904167 0.936875 0.921875 0.573125 0.6658334 0.4860938 0.3535937 0.6125 0.9657813 0.8048437 0.6676562 0.5567188 0.624375 0.6057813 0.6278125 0.6360937 0.3484375 0.3053125 0.4696875 0.5853125 0.7546875 0.579375 0.5835937 0.30875 0.1395312 0.4560937 0.8976563 0.7201563 0.6903125 0.6896875 0.6473438 0.7379687 0.57125 0.1473438 0 0.000625 0.14375 0.1373437 0.06828125 0.003125 0.01 0.210625 0.3623437
-9999 -9999 -9999 -9999 -9999 0.3164583 0 0 0.0025 0 0.0203125 0.3404688 0.3115625 0.3534375 0.08265625 0.3876562 0.5825 0.7765625 0.7295833 0.8684375 0.9309375 0.84125 0.865625 0.928125 0.811875 0.289375 0.2135938 0.2673438 0.6584375 0.9570313 0.9254687 0.750625 0.8573437 0.7528125 0.728125 0.6496875 0.5032812 0.5310937 0.6164063 0.8021875 0.6223438 0.710625 0.82125 0.8175 0.3873438 0.2265625 0.7634375 0.7629688 0.6254687 0.57875 0.698125 0.748125 0.6829687 0.6117188 0.3223437 0.2779688 0.4626563 0.8923438 0.46 0.0596875 0.0115625 0.0121875 0.03625 0.1678125
