Env_Vars_Sept202022/Set_1/propgrass_sept20.asc.asc
ncols         145
nrows         190
xllcorner     -2197417.7431653
yllcorner     -584827.01486885
cellsize      20000
NODATA_value  -9999
[rows 87 to 115 of 190, columns 65 to 129 of 145]
0.038125 0.02890625 0.0090625 0.04828125 0.05734375 0.02828125 0.0175 0.02333333 0.0078125 0.0153125 0.03765625 0.03390625 0.0653125 0.08828125 0.0684375 0.01359375 0.0578125 0.01703125 0.055 0.02 0.1142187 0.1960938 0.1053125 0.02078125 0.0778125 0.039375 0.033125 0.101875 0.0221875 0.01625 0.01734375 0.00203125 0.000625 0.01359375 0.005625 0 0.0065625 0.0090625 0.005 0.04859375 0.02375 0.01109375 0.02484375 0.04671875 0.02171875 0.0153125 0.0859375 0.0178125 0.0021875 0.00359375 0.00203125 0.00265625 0.00328125 0 0.00765625 0.0675 0.0403125 0.04140625 0.196875 -9999 -9999 -9999 -9999 -9999 -9999
0.0596875 0.03171875 0.000625 0 0.03265625 0.02234375 0.0046875 0.015 0.02 0.0146875 0.04109375 0.0096875 0.06296875 0.0165625 0.03921875 0.025625 0.01734375 0.0625 0.03640625 0.2842188 0.3342187 0.1028125 0.1115625 0.04979166 0.009218751 0.04046875 0.2128125 0.1234375 0.0159375 0.03203125 0.02015625 0.00375 0.120625 0.016875 0.00109375 0.001666667 0.01375 0.0475 0.08375 0.1039063 0.02296875 0.019375 0.03625 0.07390625 0.076875 0.05125 0.0603125 0.011875 0.01625 0 0.00078125 0.00109375 0 0 0.0215625 0.09484375 0.074375 0.0446875 -9999 -9999 -9999 -9999 -9999 -9999 -9999
0.01359375 0.01296875 0.00078125 0.0021875 0.02515625 0.000625 0.03291667 0.015625 0.0434375 0.07546875 0.05375 0.02421875 0.02515625 0.00828125 0.2560937 0.1228125 0.03328125 0.01046875 0.06703125 0.3271875 0.3478125 0.1954688 0.1114063 0.319375 0.1910938 0.06546875 0.01890625 0.0303125 0.0678125 0.0640625 0.00578125 0.05703125 0.2723438 0.0134375 0.01046875 0.00484375 0.05453125 0.06015625 0.00484375 0.02015625 0.008125 0.02234375 0.0265625 0.045625 0.03270834 0.1165625 0.0225 0.01625 0.00640625 0 0 0 0.0234375 0.02546875 0.004375 0 0.2576562 0.05203125 -9999 -9999 -9999 -9999 -9999 -9999 -9999
0.01765625 0.01796875 0.02265625 0.03125 0.0265625 0.02828125 0.07875 0.0875 0.02875 0.0396875 0.04015625 0.02546875 0.02921875 0.03078125 0.5365625 0.1096875 0.00625 0.02604167 0.02484375 0.01390625 0.07328125 0.0640625 0.09484375 0.0828125 0.02671875 0 0.0025 0 0.0978125 0.07234375 0.073125 0.0496875 0.02921875 0.009218751 0.01578125 0.0128125 0.02515625 0.029375 0 0.009375 0.01328125 0.00453125 0.04171875 0.06984375 0.021875 0.04895834 0.03296875 0.0075 0.016875 0.00484375 0.0008333333 0.00671875 0.00828125 0.01375 0.00125 0.01734375 0.11125 0.278125 -9999 -9999 -9999 -9999 -9999 -9999 -9999
0.003541667 0.006875 0.02671875 0.089375 0.0559375 0.05015625 0.089375 0.1114063 0.079375 0.0434375 0.009375 0.01765625 0.02171875 0.0909375 0.0071875 0.01625 0.04140625 0.01078125 0.0265625 0.0834375 0.081875 0.0375 0.055625 0.0321875 0.0275 0.0059375 0.01265625 0.0475 0.02796875 0.0128125 0.259375 0.0765625 0.02640625 0.02328125 0.01421875 0.0121875 0.0059375 0.0015625 0 0.00125 0.01703125 0.0615625 0.07375 0.03828125 0.008125001 0.0059375 0.01 0 0.00078125 0.054375 0.01333333 0.000625 0.000625 0.00140625 0.0171875 0.1010938 0.05828125 0.03625 -9999 -9999 -9999 -9999 -9999 -9999 -9999
0.00625 0.014375 0.05609375 0.14375 0.1029688 0.029375 0.0346875 0.04421875 0.07234375 0.0628125 0.03390625 0.015625 0.0465625 0.045 0.03078125 0.01265625 0.00890625 0.015625 0.03078125 0.031875 0.0234375 0.014375 0.1139062 0.084375 0.001875 0.01296875 0.05484375 0.063125 0.0065625 0.0071875 0.021875 0.00453125 0.01796875 0.04859375 0.011875 0.0053125 0.00453125 0.005 0.00140625 0.001458333 0.01109375 0 0.0609375 0.05921875 0.0071875 0.00875 0.005625 0.0009375 0.00640625 0.001458333 0.01395833 0.0090625 0 0.00375 0.0178125 0.0134375 0 -9999 -9999 -9999 -9999 -9999 -9999 -9999 -9999
0.00609375 0.00984375 0.051875 0.113125 0.06359375 0.046875 0.03546875 0.01359375 0.03140625 0.09015625 0.06046875 0.0159375 0.02234375 0.0240625 0.015625 0.0153125 0.02109375 0.0075 0.00703125 0.0678125 0.01291667 0.0590625 0.0153125 0.00203125 0.0353125 0.1364063 0.04015625 0.061875 0.00546875 0.028125 0.00671875 0.01015625 0.005 0.015625 0.01546875 0.01 0.03578125 0.0002083333 0.005416667 0.0021875 0.073125 0.06046875 0.02859375 0.0115625 0.04 0.00484375 0 0 0 0.003541667 0.0025 0 0.00578125 0.00171875 0.007083334 0 0.003125 -9999 -9999 -9999 -9999 -9999 -9999 -9999 -9999
0.01765625 0.0378125 0.05609375 0.0484375 0.1423437 0.02375 0.04765625 0.03578125 0.0446875 0.1126563 0.06390625 0.0159375 0.0375 0.0628125 0.040625 0.0690625 0.04671875 0.0390625 0.00546875 0.03734375 0.0521875 0.03625 0.08453125 0.028125 0.2292188 0.1448437 0.01203125 0.0028125 0.00875 0.0628125 0.025 0.0175 0.011875 0.00078125 0 0 0.0225 0.001458333 0.0375 0.01453125 0.01546875 0.01265625 0.01921875 0.014375 0.026875 0.0025 0.004375 0 0.0015625 0.02125 0.02671875 0 0.0046875 0.010625 0.00140625 0.00609375 -9999 -9999 -9999 -9999 -9999 -9999 -9999 -9999 -9999
0.0278125 0.038125 0.02484375 0.068125 0.03515625 0.04203125 0.1004688 0.08265625 0.0165625 0.0559375 0.03828125 0.03671875 0.0390625 0.02546875 0.04859375 0 0.01671875 0.061875 0.00484375 0 0.00078125 0.03 0.02296875 0.00328125 0.0228125 0.0128125 0.00671875 0.0021875 0.01875 0.0153125 0.01734375 0.06 0.01578125 0.0425 0 0 0.01 0.00203125 0.01328125 0.00546875 0.01625 0.01171875 0.01953125 0 0.01453125 0.00984375 0.00125 0.00078125 0 0.001875 0.09765625 0 0.07703125 0.006875 0.00078125 0.00578125 -9999 -9999 -9999 -9999 -9999 -9999 -9999 -9999 -9999
0.01765625 0.03734375 0.03479167 0.05328125 0.2175 0.04015625 0.06484375 0.011875 0.04203125 0.153125 0.05265625 0.02171875 0.01578125 0.03609375 0.03125 0.00234375 0.00609375 0.05234375 0.013125 0.00703125 0.02708333 0.01171875 0.0009375 0.01234375 0.015625 0.00125 0.01515625 0.010625 0.00375 0.0753125 0.1270313 0.00015625 0.00296875 0 0.003125 0 0.0004166666 0.253125 0.1039063 0.0171875 0.0140625 0.005625 0.015625 0.00078125 0.00265625 0.00078125 0.2459375 0 0.0053125 0 0 0.04791667 0.03640625 0.00984375 0.00921875 0.01083333 -9999 -9999 -9999 -9999 -9999 -9999 -9999 -9999 -9999
0.04421875 0.006875 0.01625 0.03203125 0.1254687 0.1204688 0.00421875 0.068125 0.040625 0.03125 0.0103125 0.0271875 0.063125 0.044375 0.0178125 0.013125 0.008541667 0.03578125 0.01296875 0.0065625 0.00359375 0.1492188 0.1351562 0.00484375 0.075 0.101875 0.1129688 0.0384375 0.08796875 0.06375 0.1065625 0.031875 0.000625 0.000625 0.00125 0.01416667 0.004375 0.04703125 0.123125 0.01453125 0.018125 0.000625 0.01125 0 0 0.0009375 0.00015625 0.02270833 0.00671875 0.00171875 0 0 0 0.00390625 0 0.0065625 -9999 -9999 -9999 -9999 -9999 -9999 -9999 -9999 -9999
0.01328125 0.01828125 0.02796875 0.011875 0.1035938 0.015625 0.020625 0.05578125 0.0225 0.019375 0.0296875 0.0428125 0.02078125 0.0146875 0.00296875 0.00953125 0.02229167 0.0178125 0.0071875 0.006875 0.00359375 0.0065625 0.0128125 0.004375 0.00953125 0.3060938 0.2742187 0 0.04171875 0.1926562 0.4523438 0.1935937 0.13875 0.00140625 0 0.00296875 0 0.006458333 0.04708333 0.02953125 0.01015625 0.0046875 0.00359375 0 0 0 0 0 0 0 0 0.00390625 0 0 0.00609375 -9999 -9999 -9999 -9999 -9999 -9999 -9999 -9999 -9999 -9999
0.0215625 0.006041667 0.05375 0.07484375 0.029375 0.02703125 0.01578125 0.0625 0.04921875 0.01953125 0.08 0.02234375 0.0240625 0.01703125 0.02828125 0.036875 0.01828125 0.01625 0.03083333 0.0503125 0.02859375 0 0.0259375 0.01078125 0.005625 0.001875 0.001875 0.005 0.00078125 0.01859375 0.0025 0.008437499 0.00078125 0.0090625 0.0021875 0.003333333 0.08796875 0.01703125 0.0240625 0.00078125 0.0125 0.009374999 0.001875 0 0 0 0 0.00109375 0 0 0.00359375 0.0265625 0 0 0 -9999 -9999 -9999 -9999 -9999 -9999 -9999 -9999 -9999 -9999
0.09765625 0.0171875 0.01229167 0.04328125 0.06328125 0.08484375 0.0303125 0.02828125 0.02484375 0.01291667 0.00984375 0.02166667 0.04296875 0.0190625 0.0284375 0.04890625 0.02104167 0.0421875 0.06645833 0.0321875 0.03666667 0.004375 0.0021875 0.01046875 0.01296875 0.008541667 0.00296875 0.00109375 0.00125 0 0.00078125 0.00171875 0.000625 0 0.00140625 0.0140625 0.2471875 0.0409375 0.0275 0.0053125 0.01953125 0.0009375 0.00703125 0 0 0 0 0 0 0 0 0.000625 0.00203125 0.00015625 0 -9999 -9999 -9999 -9999 -9999 -9999 -9999 -9999 -9999 -9999
0.08125 0.0215625 0.1239062 0.056875 0.1304688 0.1871875 0.005 0.00359375 0.0203125 0.01609375 0.0184375 0.0625 0.046875 0.00828125 0.0240625 0.00609375 0.05359375 0.045625 0.04640625 0.02578125 0.04 0.01859375 0.015625 0.0125 0.00625 0.0015625 0.0009375 0.0004166666 0 0.000625 0 0.0021875 0.00328125 0.00234375 0.0471875 0.0590625 0.0215625 0.0125 0.01625 0.015 0.00109375 0 0 0 0.000625 0 0 0 0 0 0 0 0.030625 0.00046875 -9999 -9999 -9999 -9999 -9999 -9999 -9999 -9999 -9999 -9999 -9999
0.0309375 0.2996875 0.5115625 0.4123437 0.3825 0.2497917 0.1057812 0.0190625 0.00859375 0.0109375 0.01203125 0.0215625 0.054375 0.03796875 0.04046875 0.00421875 0.02328125 0.03328125 0.0178125 0.03796875 0.04578125 0.02375 0.02546875 0.02390625 0.01479167 0.0134375 0.00171875 0 0.00078125 0 0 0.001875 0.001875 0.0509375 0.03640625 0.04515625 0.009375 0.00796875 0 0 0 0 0 0 0 0.000625 0 0 0 0 0 0.0075 0.00390625 0 -9999 -9999 -9999 -9999 -9999 -9999 -9999 -9999 -9999 -9999 -9999
0.2432812 0.6203125 0.5671875 0.5184375 0.3782812 0.4017187 0.21125 0.02203125 0.0028125 0.0071875 0.01828125 0.00296875 0.0296875 0.03395833 0.01729167 0.031875 0.02359375 0.03416667 0.013125 0.0728125 0.061875 0.025 0.0703125 0.02109375 0.03671875 0.02609375 0.00546875 0.00890625 0.0015625 0 0 0.00359375 0.02 0.04265625 0.1757813 0.01546875 0.000625 0.0384375 0 0 0 0.0053125 0.00984375 0.00140625 0 0 0 0 0 0 0.00265625 0.00125 0 0 -9999 -9999 -9999 -9999 -9999 -9999 -9999 -9999 -9999 -9999 -9999
0.426875 0.3485937 0.4579688 0.301875 0.1339063 0.283125 0.3353125 0.06 0 0.028125 0.04078125 0.00421875 0.01291667 0.01666667 0.0584375 0.01421875 0.004375 0.00890625 0.01984375 0.01796875 0.0428125 0.04828125 0.03875 0.03875 0.06125 0.0453125 0.02109375 0.02083333 -9999 0 0.09541667 0.00828125 0 0.0146875 0.2321875 0.0290625 0.0009375 0 0 0.00703125 0 0 0.00203125 0 0 0 0 0 0 0.00640625 0.00078125 0.035 0.0034375 0 -9999 -9999 -9999 -9999 -9999 -9999 -9999 -9999 -9999 -9999 -9999
0.8671875 0.56375 0.6464062 0.3917187 0.0375 0.08859375 0.193125 0.330625 0.2064063 0.598125 0.2110417 0.0775 -9999 0.00765625 0.00484375 0.0034375 0.00109375 0.00703125 0.0328125 0.02046875 0.1010417 -9999 0.0284375 0.01484375 0.018125 0.03296875 0.066875 0.01234375 0.01854167 0.008333333 0.05520833 0.1135417 0 0 0.005416667 0.00515625 0.00296875 0.00453125 0.001875 0.0125 0.035625 0.00125 0 0 0 0 0.000625 0 0 0 0.00390625 0.0009375 0 -9999 -9999 -9999 -9999 -9999 -9999 -9999 -9999 -9999 -9999 -9999 -9999
0.9159375 0.6992188 0.9820312 0.8229688 0.5173438 0.2073438 0.3629687 0.6860417 0.7298437 0.5240625 0.7992188 0.4425 0.1710937 0.3448437 0.1039583 0.02671875 0.0125 0.01015625 0.0121875 0.01375 0.01703125 0.0225 0.01104167 0.01671875 0.024375 0.0471875 0.06203125 0.0609375 0.02046875 0.0278125 0.01328125 0.00390625 0.01796875 0 0.01484375 0.00328125 0.00578125 0.0015625 0.1139062 0.00359375 0.01328125 0 0 0 0 0 0 0 0 0.000625 0.01015625 0.0009375 0 -9999 -9999 -9999 -9999 -9999 -9999 -9999 -9999 -9999 -9999 -9999 -9999
0.9704688 0.775 0.8348438 0.8292187 0.8134375 0.8120313 0.7246875 0.7970312 0.7925 0.5445312 0.37375 0.2345313 0.178125 0.1665625 0.37125 0.3873438 0.4717188 0.1971875 0.0828125 0.059375 0.096875 0.04916667 0.056875 0.0178125 0.0071875 0.0328125 0.08125 0.05109375 0.041875 0.0165625 0.0178125 0.0090625 0.0103125 0.01458333 0.0159375 0.0184375 0.01203125 0.002291667 0 0 0 0.00125 0 0.00078125 0.00046875 0 0 0 0 0 0.00859375 0 -9999 -9999 -9999 -9999 -9999 -9999 -9999 -9999 -9999 -9999 -9999 -9999 -9999
0.940625 0.8976563 0.8310938 0.9803125 0.9340625 0.893125 0.7682812 0.7239063 0.7489063 0.3671875 0.1457812 0.01359375 0.01515625 0.1023438 0.05 0.7210938 0.7528125 0.6610938 0.42625 0.054375 0.04203125 0.0471875 0.04 0.00078125 0 0.0190625 0.0025 0.01140625 0.00734375 0.00234375 0.008437499 0.03015625 0.02125 0.0359375 0.0234375 0.01125 0.08583333 0.01546875 0.00125 0.004375 0.005 0 0.00609375 0 0 0 0 0 0 0 0 0 -9999 -9999 -9999 -9999 -9999 -9999 -9999 -9999 -9999 -9999 -9999 -9999 -9999
0.2414062 0.7976562 0.4007812 0.9964063 0.9928125 0.9635937 0.8115625 0.6767187 0.7895312 0.8014063 0.5154687 0.1266667 0.00328125 0.02296875 0.2242188 0.8353125 0.1651563 0.1915625 0.185 0.00625 0.035625 0.01291667 0.0340625 0 0 0.0034375 0.02270833 0.015625 0.01484375 0.00109375 0.00921875 0.0496875 0.0296875 0.03484375 0.04140625 0.08843751 0.05640625 0.064375 0.01333333 0.006875 0.00734375 0.00359375 0.02666667 0.01 0.0046875 0.00375 0.0046875 0 0 0 0 0.002916667 -9999 -9999 -9999 -9999 -9999 -9999 -9999 -9999 -9999 -9999 -9999 -9999 -9999
0.7803125 0.4659375 0.54875 0.726875 0.9853125 0.9570313 0.8290625 0.91125 0.9457812 0.9314063 0.9232813 0.7875 0.4542187 0.4414063 0.398125 0.27125 0.0271875 0.01875 0.01203125 0.02328125 0.00484375 0.2307813 0.0659375 0 0.0021875 0.00609375 0.0203125 0.0409375 0.01625 0.08609375 0.0153125 0.05546875 0.04828125 0.0575 0.02515625 0.0125 0.029375 0.02583333 0.02625 0.05140625 0.02125 0.01375 0.02666667 0.01671875 0.0046875 0 0 0.00125 0 0 0 0 -9999 -9999 -9999 -9999 -9999 -9999 -9999 -9999 -9999 -9999 -9999 -9999 -9999
0.9196875 0.750625 0.8364062 0.9771875 0.9926562 0.9865625 0.8539063 0.9642187 0.9559375 0.9614062 0.985 0.9335938 0.8690625 0.9140625 0.9085938 0.6279167 0.2245312 0.01375 0.1242187 0.4003125 0.1542187 0.1489062 0.3779687 0 0 0.006041666 0.050625 0.01354167 0.003125 0.06265625 0.01265625 0.0246875 0.0515625 0.01984375 0.05078125 0.03875 0.03828125 0.0853125 0.06729167 0.081875 0.095625 0.04796875 0 0 0 0.0046875 0.00140625 0.005 0 0 0 -9999 -9999 -9999 -9999 -9999 -9999 -9999 -9999 -9999 -9999 -9999 -9999 -9999 -9999
0.9189062 0.8814062 0.9640625 0.9796875 0.9965625 0.96125 0.9515625 0.95375 0.9265625 0.93875 0.9676563 0.9565625 0.9409375 0.923125 0.9226562 0.91625 0.8745313 0.526875 0.24625 0.6610938 0.2428125 0.5498437 0.784375 0.571875 0.3996875 0.310625 0.5978125 0.1367188 0.0234375 0.2992187 0.4092188 0.2529688 0.08125 0.01625 0.03234375 0.01265625 0.06359375 0.02078125 0.0134375 0.3442187 0.318125 0.04703125 0.01625 0 0 0 0.00390625 0 0 -9999 -9999 -9999 -9999 -9999 -9999 -9999 -9999 -9999 -9999 -9999 -9999 -9999 -9999 -9999 -9999
0.95 0.9525 0.96875 0.9959375 0.9829687 0.9701563 0.929375 0.968125 0.9246875 0.9196875 0.9507812 0.9934375 0.98625 0.9707813 0.8439062 0.9740625 0.9310938 0.8267187 0.7882813 0.7028125 0.4785938 0.5575 0.7867187 0.7998437 0.8220313 0.7528125 0.9526563 0.694375 0.5101563 0.6745312 0.8765625 0.6907812 0.62375 0.4135938 0.07203125 0.02265625 0.01265625 0 0.03666667 0.08859375 0.0225 0.02640625 0.0415625 0 0 0 0.06578125 0.02078125 0 -9999 -9999 -9999 -9999 -9999 -9999 -9999 -9999 -9999 -9999 -9999 -9999 -9999 -9999 -9999 -9999
0.878125 0.9454688 0.9714062 0.9885938 0.9685938 0.9798437 0.9748437 0.8779687 0.886875 0.9526563 0.9521875 0.9520313 0.9475 0.9020312 0.863125 0.8846875 0.7689062 0.7882813 0.9251562 0.5775 0.1795312 0.5392187 0.8848438 0.6876563 0.6182812 0.6232812 0.7539063 0.6215625 0.1515625 0.2923438 0.5370312 0.93 0.9809375 0.7259375 0.504375 0.00390625 0.00296875 0.0053125 0.1079687 0.1367188 0.0984375 0.03604167 0.00609375 0.01791667 -9999 0.00609375 0.1035417 0.0004166666 0 -9999 -9999 -9999 -9999 -9999 -9999 -9999 -9999 -9999 -9999 -9999 -9999 -9999 -9999 -9999 -9999
0.8378125 0.6489583 0.9632813 0.9428125 0.9760938 0.97375 0.934375 0.84875 0.7520313 0.7735937 0.94875 0.8796875 0.80125 0.9492188 0.9132813 0.815 0.9142187 0.9283333 0.95375 0.7951562 0.4690625 0.6635938 0.8782812 0.5948437 0.4685937 0.934375 0.9457812 0.986875 0.8998438 0.7764062 0.9767188 0.9915625 0.9703125 0.559375 0.0053125 0.02671875 0.06453125 0.010625 0.05671875 0.0734375 0.103125 0.07208333 0.09609375 0.02145833 0.010625 0.0575 0.02166667 0.02354167 -9999 -9999 -9999 -9999 -9999 -9999 -9999 -9999 -9999 -9999 -9999 -9999 -9999 -9999 -9999 -9999 -9999
