Env_Vars_Sept202022/Set_1/proptree_sept20.asc.asc
ncols         145
nrows         190
xllcorner     -2197417.7431653
yllcorner     -584827.01486885
cellsize      20000
NODATA_value  -9999
[rows 87 to 115 of 190, columns 64 to 127 of 145]
0.7953125 0.6396875 0.259375 0.3296875 0.6540625 0.8242188 0.9440625 0.9253125 0.839375 0.874375 0.7553125 0.8096875 0.8982812 0.81 0.7685937 0.8514062 0.9103125 0.810625 0.78375 0.8045312 0.7996875 0.501875 0.4689063 0.4501562 0.6810938 0.5164062 0.6953125 0.080625 0.7196875 0.2803125 0.100625 0.57375 0.6225 0.688125 0.7395312 0.310625 0.23625 0.5832813 0.5665625 0.67 0.5476562 0.658125 0.6626562 0.4989063 0.6548437 0.8296875 0.8676562 0.7595313 0.8454688 0.8515625 0.819375 0.7789062 0.7367188 0.8167188 0.76125 0.6145313 0.6121875 0.699375 0.7032813 0.585625 -9999 -9999 -9999 -9999
0.82 0.7928125 0.5151563 0.6896875 0.9492188 0.854375 0.81 0.6345313 0.7025 0.8960937 0.863125 0.7489063 0.9273437 0.5771875 0.780625 0.9298438 0.9303125 0.7590625 0.73125 0.8296875 0.5379688 0.4984375 0.691875 0.7665625 0.8108333 0.678125 0.2465625 0.1642188 0.47125 0.2446875 0.3878125 0.7189063 0.8060938 0.6564062 0.5859375 0.295625 0.758125 0.65 0.2678125 0.400625 0.3471875 0.6923438 0.636875 0.6789063 0.6184375 0.6347917 0.8314062 0.7526562 0.9146875 0.8357812 0.7532812 0.8259375 0.7678125 0.836875 0.7675 0.7626563 0.814375 0.6909375 0.7009375 -9999 -9999 -9999 -9999 -9999
0.8276563 0.6465625 0.7910937 0.936875 0.9457812 0.82375 0.8340625 0.6489583 0.489375 0.83 0.6382812 0.6692187 0.7835938 0.7220312 0.8471875 0.6578125 0.748125 0.310625 0.5164062 0.804375 0.48375 0.49 0.668125 0.60875 0.4382813 0.4251563 0.3529688 0.5120313 0.5389063 0.2771875 0.5751563 0.8270313 0.7045313 0.3225 0.4109375 0.6664063 0.665625 0.5315625 0.05515625 0.2404688 0.2159375 0.6770833 0.6995313 0.6621875 0.635625 0.7854167 0.5801563 0.74125 0.8903125 0.738125 0.74625 0.8064063 0.8273438 0.7279688 0.4954688 0.4051563 0.7007812 0.2575 0.5623437 -9999 -9999 -9999 -9999 -9999
0.870625 0.851875 0.7820312 0.704375 0.648125 0.7185937 0.6964062 0.666875 0.5682812 0.7454687 0.6898438 0.7248437 0.6184375 0.7604687 0.5140625 0.3459375 0.7896875 0.5998437 0.469375 0.81375 0.5770313 0.468125 0.7879688 0.7351562 0.5 0.3429688 0.1579167 0.3665625 0.6904687 0.7125 0.7148438 0.6375 0.534375 0.293125 0.6692188 0.6198437 0.6139063 0.42375 0.12625 0.091875 0.49875 0.6132813 0.6898438 0.6235937 0.5770313 0.8001562 0.5133333 0.833125 0.8182812 0.6717188 0.6851562 0.75125 0.603125 0.6270313 0.5729687 0.5809375 0.72375 0.634375 0.15875 -9999 -9999 -9999 -9999 -9999
0.819375 0.9097916 0.9164063 0.72875 0.6179687 0.6265625 0.7820312 0.754375 0.5648438 0.7064062 0.4634375 0.7725 0.7303125 0.7354687 0.7567188 0.9346875 0.4164062 0.1682813 0.3921875 0.8584375 0.655625 0.24625 0.46 0.5901563 0.385625 0.513125 0.48625 0.5476562 0.7385938 0.6864063 0.7078125 0.416875 0.5198438 0.5642188 0.5042188 0.703125 0.7685938 0.2914062 0.1525 0.4765625 0.685625 0.6128125 0.7334375 0.6360937 0.6917188 0.7596875 0.8009375 0.688125 0.3528125 0.4467188 0.408125 0.5710417 0.6778125 0.558125 0.5040625 0.3507812 0.5235937 0.8004687 0.711875 -9999 -9999 -9999 -9999 -9999
0.888125 0.731875 0.9160938 0.7748438 0.6504688 0.660625 0.7948437 0.7221875 0.7035937 0.5660937 0.6629688 0.71125 0.715625 0.785 0.9060937 0.7432812 0.7920313 0.195 0.45625 0.78125 0.7109375 0.8153125 0.7901562 0.671875 0.8459375 0.4523438 0.4017187 0.5051563 0.7207812 0.793125 0.8214062 0.7125 0.8478125 0.7409375 0.5892187 0.6971875 0.8053125 0.4473437 0.045 0.2332812 0.765 0.6442187 0.6204687 0.6395313 0.421875 0.3729687 0.555625 0.4946875 0.7015625 0.605625 0.2791667 0.5389584 0.64125 0.5028125 0.5085937 0.42875 0.7510937 0.5642188 -9999 -9999 -9999 -9999 -9999 -9999
0.7510937 0.9646875 0.89 0.8009375 0.58 0.6870313 0.7734375 0.7151563 0.7382813 0.6146875 0.649375 0.6723437 0.7098438 0.806875 0.8725 0.6665625 0.7614062 0.5690625 0.640625 0.6034375 0.6298438 0.6716667 0.5146875 0.901875 0.88625 0.5771875 0.175625 0.4020312 0.6835938 0.6342188 0.6923438 0.8659375 0.775 0.7660937 0.6048437 0.6501563 0.4967188 0.428125 0.1197917 0.4139583 0.655625 0.5623437 0.5571875 0.636875 0.5221875 0.6498438 0.5721875 0.7476562 0.7109375 0.6410937 0.3016667 0.4878125 0.5602083 0.48 0.446875 0.3975 0.6579688 0.3190625 -9999 -9999 -9999 -9999 -9999 -9999
0.7471875 0.8490625 0.9045312 0.7317188 0.7175 0.5745313 0.8373438 0.739375 0.7879688 0.7232813 0.6546875 0.4746875 0.6179687 0.625625 0.6171875 0.6234375 0.4721875 0.5065625 0.4335938 0.445 0.7251562 0.64875 0.6795312 0.7367188 0.8732812 0.3767188 0.4153125 0.6151562 0.75625 0.5757812 0.6653125 0.4842187 0.3557813 0.5698438 0.5596875 0.6347917 0.5202084 0.5901563 0.2210417 0.2695833 0.6029688 0.6245313 0.5489063 0.625625 0.7392187 0.7775 0.7667187 0.5125 0.2567188 0.278125 0.3810937 0.5235938 0.381875 0.3567187 0.4767188 0.5803125 0.5620313 -9999 -9999 -9999 -9999 -9999 -9999 -9999
0.7132813 0.8648437 0.6646875 0.7920313 0.7101563 0.7529687 0.7392187 0.6673437 0.47125 0.4689063 0.8151562 0.8528125 0.70375 0.7204688 0.5823438 0.5576562 0.158125 0.7092187 0.184375 0.273125 0.7309375 0.7679688 0.49875 0.8053125 0.8448437 0.8965625 0.2021875 0.2934375 0.676875 0.7001563 0.535625 0.05140625 0.2051563 0.4834375 0.5003125 0.5592188 0.6309375 0.4845313 0.3348438 0.4889062 0.7165625 0.5139062 0.68625 0.5939062 0.76625 0.7507812 0.7395313 0.4525 0.45125 0.3229688 0.426875 0.3523437 0.641875 0.32 0.2221875 0.6801562 0.7192187 -9999 -9999 -9999 -9999 -9999 -9999 -9999
0.830625 0.8332813 0.7764062 0.7664583 0.670625 0.45 0.7584375 0.39 0.4171875 0.3985938 0.7104688 0.7992188 0.7964063 0.7653125 0.6576563 0.51 0.2501563 0.8196875 0.5317187 0.229375 0.4165625 0.7475 0.5684375 0.4089063 0.6679688 0.88 0.3898437 0.8040625 0.6945313 0.7564062 0.3834375 0.5409375 0.6151562 0.6264063 0.7208333 0.6167188 0.345625 0.335 0.3295313 0.3915625 0.5240625 0.5773438 0.5490625 0.6753125 0.7864063 0.5160937 0.7320312 0.3904687 0.6052083 0.58 0.4272917 0.4707812 0.5575 0.2457813 0.2146875 0.5270312 0.5564584 -9999 -9999 -9999 -9999 -9999 -9999 -9999
0.8346875 0.7517188 0.9445313 0.9015625 0.7015625 0.5389063 0.6564063 0.1257813 0.620625 0.6014062 0.8759375 0.8257812 0.8365625 0.7421875 0.7173437 0.7801563 0.4228125 0.3414583 0.5770313 0.491875 0.416875 0.5915625 0.7559375 0.3034375 0.8025 0.6553125 0.685 0.685 0.8625 0.5210938 0.2073437 0.61 0.5303125 0.4182813 0.739375 0.6404687 0.4620833 0.7040625 0.5567188 0.4110938 0.5542188 0.4670312 0.74875 0.4157813 0.5909375 0.408125 0.6164063 0.7315625 0.6510417 0.519375 0.3723437 0.5534375 0.6234375 0.710625 0.6076562 0.454375 0.555 -9999 -9999 -9999 -9999 -9999 -9999 -9999
0.9825 0.9564062 0.9790625 0.9110938 0.9142187 0.6903125 0.9145312 0.5740625 0.109375 0.3640625 0.57875 0.8245313 0.6957812 0.7609375 0.4425 0.8720313 0.6989062 0.7916667 0.5803125 0.2953125 0.6264583 0.3176562 0.743125 0.6859375 0.7278125 0.7828125 0.6185938 0.6340625 0.8646875 0.5734375 0.4495313 0.2639062 0.2035937 0.3085938 0.7275 0.735625 0.4010938 0.6685938 0.4366667 0.7545834 0.6289063 0.4290625 0.783125 0.4971875 0.6133333 0.615625 0.496875 0.5039063 0.6035938 0.5239062 0.5057812 0.5545312 0.771875 0.6203125 0.3423437 0.3139063 -9999 -9999 -9999 -9999 -9999 -9999 -9999 -9999
0.7453125 0.8403125 0.908125 0.8090625 0.8975 0.8073437 0.8967187 0.8840625 0.3195312 0.136875 0.32875 0.6221875 0.6507813 0.8053125 0.8270313 0.8139063 0.7526562 0.8025 0.565625 0.5245833 0.5989063 0.3895313 0.8247917 0.5770313 0.6542187 0.7784375 0.8273438 0.5159375 0.5867187 0.6915625 0.6942188 0.76875 0.63125 0.5664063 0.6651562 0.6979687 0.6333333 0.625 0.4676563 0.6232812 0.791875 0.4289584 0.57375 0.7328125 0.6325 0.4889063 0.308125 0.5332813 0.545625 0.6525 0.7771875 0.6296875 0.2314063 0.3296875 0.4008333 0.338125 -9999 -9999 -9999 -9999 -9999 -9999 -9999 -9999
0.2564062 0.8228125 0.9375 0.7995833 0.8498437 0.7715625 0.6621875 0.8178125 0.5420312 0.6853125 0.5964583 0.7107812 0.5289583 0.9151562 0.9404687 0.8773438 0.7326562 0.56875 0.6704687 0.5504166 0.7179688 0.5058333 0.76375 0.7735938 0.6725 0.4971875 0.5483333 0.5792187 0.7276562 0.7021875 0.7478125 0.82 0.663125 0.5903125 0.666875 0.65625 0.6742188 0.3796875 0.5751563 0.5279688 0.6778125 0.7995312 0.78375 0.8039063 0.44875 0.48625 0.5095313 0.6851562 0.5925 0.661875 0.5948437 0.4603125 0.666875 0.6904687 0.6628125 0.55875 -9999 -9999 -9999 -9999 -9999 -9999 -9999 -9999
0.2640625 0.8553125 0.8607813 0.8040625 0.8545312 0.7646875 0.6914063 0.9264063 0.9275 0.8682812 0.8645313 0.8921875 0.88625 0.9253125 0.9764062 0.6809375 0.393125 0.5934375 0.734375 0.6328125 0.4523438 0.5979688 0.83 0.7876562 0.605625 0.54375 0.7792187 0.6801562 0.718125 0.77875 0.8365625 0.5959375 0.5665625 0.4865625 0.7421875 0.679375 0.7001563 0.5546875 0.7820312 0.4735417 0.3341667 0.4864063 0.67625 0.6892188 0.7417188 0.621875 0.4089063 0.74 0.6367188 0.581875 0.650625 0.7354687 0.7007812 0.6678125 0.7023438 -9999 -9999 -9999 -9999 -9999 -9999 -9999 -9999 -9999
0.5382813 0.9059375 0.5839062 0.4378125 0.520625 0.4551563 0.6235417 0.6504688 0.8659375 0.8132812 0.8328125 0.8959375 0.8709375 0.8776562 0.8142188 0.4121875 0.4323438 0.6626562 0.7673438 0.4425 0.6065625 0.7190625 0.7865625 0.501875 0.5232813 0.6325 0.5671875 0.6315625 0.719375 0.8290625 0.7829688 0.6948438 0.6459375 0.731875 0.623125 0.5021875 0.4589063 0.6560938 0.4803125 0.6167188 0.8245313 0.669375 0.8279688 0.8489063 0.6770313 0.52125 0.6929687 0.6640625 0.6201563 0.8445312 0.7079167 0.6259375 0.5076562 0.6876562 0.706875 -9999 -9999 -9999 -9999 -9999 -9999 -9999 -9999 -9999
0.445625 0.7046875 0.379375 0.373125 0.34 0.528125 0.3946875 0.603125 0.8364062 0.825 0.9339063 0.7895312 0.9246875 0.90625 0.4177083 0.4327083 0.5642188 0.5865625 0.6754166 0.7441667 0.7210938 0.7146875 0.29625 0.6478125 0.5890625 0.5 0.7032813 0.841875 0.6167188 0.47 0.309375 0.4298438 0.4764062 0.774375 0.59625 0.3284375 0.7053125 0.7682812 0.66875 0.5970312 0.7915625 0.5614063 0.7621875 0.6839063 0.7129687 0.5882812 0.5653125 0.5148438 0.7646875 0.7485937 0.7628125 0.6729687 0.7476562 0.794375 0.4671875 -9999 -9999 -9999 -9999 -9999 -9999 -9999 -9999 -9999
0.0859375 0.4676562 0.6367188 0.5717188 0.694375 0.815625 0.7282813 0.5525 0.756875 0.8532813 0.8076563 0.8295313 0.8917187 0.65375 0.7891666 0.6551563 0.4109375 0.545 0.873125 0.5173438 0.7464063 0.7251562 0.595 0.7023438 0.7076563 0.5857812 0.7123438 0.7898437 0.7239583 -9999 0.685625 0.63625 0.75875 0.8014063 0.8414062 0.093125 0.5609375 0.5585938 0.7791667 0.7867187 0.7009375 0.5758333 0.6784375 0.7042187 0.8017187 0.8698437 0.6459375 0.8104688 0.8028125 0.843125 0.569375 0.6685938 0.6829687 0.38625 0.28625 -9999 -9999 -9999 -9999 -9999 -9999 -9999 -9999 -9999
0.00953125 0.1040625 0.3784375 0.2901562 0.5240625 0.8167188 0.8454688 0.6826562 0.5385938 0.713125 0.31625 0.6639583 0.6435416 -9999 0.923125 0.8596875 0.7828125 0.6196875 0.8903125 0.5675 0.6054688 0.4591667 -9999 0.491875 0.690625 0.5741667 0.6095313 0.7840625 0.836875 0.76 0.7864583 0.8485417 0.7725 0.89125 0.761875 0.5904167 0.6235937 0.8229687 0.6757813 0.5779688 0.6642188 0.7160938 0.73375 0.5820313 0.71375 0.7459375 0.7565625 0.8021875 0.7040625 0.6814063 0.6404687 0.5067188 0.56375 0.7158334 -9999 -9999 -9999 -9999 -9999 -9999 -9999 -9999 -9999 -9999
0.03921875 0.05125 0.2926562 0.0059375 0.0778125 0.379375 0.700625 0.4984375 0.2839583 0.2115625 0.3742187 0.1557813 0.5173438 0.6610938 0.5273438 0.6583334 0.8217188 0.8623437 0.7167188 0.8734375 0.7625 0.525 0.6629167 0.7477083 0.826875 0.805 0.6140625 0.7703125 0.801875 0.884375 0.8825 0.9165625 0.9404687 0.8054687 0.61375 0.6925 0.6603125 0.9117187 0.8348438 0.5803125 0.7395313 0.850625 0.796875 0.7254688 0.6984375 0.66875 0.5051562 0.7953125 0.7470312 0.5628125 0.74125 0.6525 0.4914062 0.4503125 -9999 -9999 -9999 -9999 -9999 -9999 -9999 -9999 -9999 -9999
0.0128125 0.01171875 0.1809375 0.1621875 0.136875 0.1420313 0.13125 0.17375 0.1046875 0.1764062 0.2964062 0.5766667 0.7342188 0.8375 0.8078125 0.6817188 0.5382812 0.4620312 0.6865625 0.8014063 0.8034375 0.6089583 0.6147916 0.5501562 0.786875 0.7970312 0.6567187 0.5477083 0.81625 0.7559375 0.7264062 0.7082813 0.7020313 0.768125 0.8627083 0.6982812 0.7260938 0.763125 0.3589583 0.76625 0.5875 0.7078125 0.6467187 0.7089062 0.423125 0.591875 0.3895833 0.525625 0.6142188 0.570625 0.543125 0.583125 0.460625 -9999 -9999 -9999 -9999 -9999 -9999 -9999 -9999 -9999 -9999 -9999
0.02125 0.02875 0.03234375 0.1628125 0.01265625 0.00671875 0.0503125 0.1742187 0.185625 0.2235938 0.5404688 0.6920313 0.92375 0.7984375 0.778125 0.7289063 0.2385937 0.2326563 0.14875 0.505625 0.826875 0.6807812 0.523125 0.7315625 0.7784375 0.8365625 0.7573438 0.225 0.8596875 0.75625 0.2470313 0.7054687 0.6320313 0.7795312 0.6795313 0.7596875 0.5242187 0.56 0.8217188 0.8289062 0.816875 0.7659375 0.7478125 0.7567188 0.5948437 0.5475 0.4579688 0.5835937 0.6926563 0.66125 0.5195313 0.3751563 0.4234375 -9999 -9999 -9999 -9999 -9999 -9999 -9999 -9999 -9999 -9999 -9999
0.1417187 0.05828125 0.1834375 0.571875 0.00109375 0.000625 0.0034375 0.1453125 0.2628125 0.1473438 0.1354688 0.3251562 0.7322916 0.9153125 0.895 0.76125 0.2265625 0.8729687 0.8439063 0.8184375 0.8432813 0.6210938 0.7116666 0.7690625 0.7871875 0.6702083 0.7540625 0.7220833 0.7042187 0.8742188 0.8314062 0.9279687 0.8015625 0.8148438 0.760625 0.6860937 0.6732813 0.6271875 0.6871875 0.4483333 0.7025 0.7803125 0.5359375 0.3697917 0.6035937 0.3801562 0.6035938 0.605 0.5176562 0.7401563 0.1903125 0.2120833 0.3239583 -9999 -9999 -9999 -9999 -9999 -9999 -9999 -9999 -9999 -9999 -9999
0.08453125 0.05796875 0.3665625 0.3692187 0.01625 0 0.00671875 0.1523438 0.07140625 0.015625 0.04359375 0.03671875 0.1153125 0.4360937 0.46125 0.5114062 0.6345313 0.91125 0.9345313 0.9278125 0.61125 0.925 0.6248437 0.7928125 0.9704688 0.8178125 0.8398438 0.491875 0.7379687 0.9160417 0.7464063 0.8423437 0.66875 0.7473438 0.7873437 0.6364062 0.8073437 0.6667187 0.3927083 0.790625 0.6540625 0.649375 0.20625 0.4952083 0.6729687 0.4371875 0.5275 0.5907813 0.7476562 0.5310937 0.4965625 0.4584375 0.346875 -9999 -9999 -9999 -9999 -9999 -9999 -9999 -9999 -9999 -9999 -9999
0.01421875 0.036875 0.1284375 0.1379687 0.000625 0 0.003125 0.0425 0.02 0.01171875 0.0084375 0.01015625 0.0225 0.0390625 0.04703125 0.04953125 0.210625 0.5223438 0.8784375 0.8548437 0.4415625 0.7884375 0.75875 0.5190625 0.9764062 0.9459375 0.818125 0.6779687 0.7425 0.9103125 0.8020313 0.9365625 0.89625 0.715625 0.7467188 0.7526562 0.8784375 0.630625 0.7295313 0.77875 0.7048438 0.5245312 0.6810938 0.7146875 0.3422917 0.338125 0.4103125 0.6871875 0.68875 0.45125 0.165 0.2697917 -9999 -9999 -9999 -9999 -9999 -9999 -9999 -9999 -9999 -9999 -9999 -9999
0.03453125 0.0390625 0.006875 0 0.000625 0 0.00390625 0.0346875 0.0275 0.0390625 0.02078125 0.01234375 0.00484375 0.01890625 0.04015625 0.05234375 0.03875 0.06421874 0.2204687 0.66875 0.1671875 0.6945313 0.3754688 0.1314062 0.3175 0.4698437 0.5317187 0.3307813 0.7484375 0.8307812 0.6070312 0.495 0.6657813 0.4510937 0.5125 0.6785938 0.8642187 0.7965625 0.863125 0.8153125 0.545625 0.4404688 0.5990625 0.6932812 0.4834375 0.3178125 0.7220833 0.8010938 0.68875 0.0553125 -9999 -9999 -9999 -9999 -9999 -9999 -9999 -9999 -9999 -9999 -9999 -9999 -9999 -9999
0.06515625 0.03890625 0.01890625 0.0103125 0.00171875 0 0.02640625 0.033125 0.0171875 0.06453125 0.0578125 0.013125 0.00078125 0.00015625 0.016875 0.1154688 0.00859375 0.045625 0.1835938 0.1560937 0.315 0.49625 0.3598438 0.1901563 0.1689063 0.1503125 0.2010937 0.04640625 0.2814063 0.4879687 0.36625 0.1784375 0.1870313 0.1757813 0.4142188 0.8221875 0.7759375 0.9465625 0.9932812 0.7920833 0.7009375 0.8390625 0.7539063 0.2328125 0.06671875 0.2453125 0.6752083 0.6853125 0.526875 0 -9999 -9999 -9999 -9999 -9999 -9999 -9999 -9999 -9999 -9999 -9999 -9999 -9999 -9999
0.04421875 0.0353125 0.03484375 0.02421875 0.01 0 0.0115625 0.0059375 0.12625 0.0621875 0.01546875 0.0325 0.04796875 0.054375 0.07375 0.1085937 0.065625 0.0171875 0.1673438 0.06625 0.3490625 0.76 0.3875 0.088125 0.2284375 0.2842188 0.2370313 0.1909375 0.2807812 0.6021875 0.615 0.331875 0.025625 0.00859375 0.2189063 0.525625 0.99125 0.9339063 0.9575 0.7295312 0.513125 0.6835938 0.69875 0.6632813 0.1660417 -9999 0.5642188 0.4902083 0.4664584 0 -9999 -9999 -9999 -9999 -9999 -9999 -9999 -9999 -9999 -9999 -9999 -9999 -9999 -9999
0.04171875 0.0615625 0.08041666 0.028125 0.05609375 0 0.00359375 0.05171875 0.1240625 0.2201563 0.2221875 0.045 0.03109375 0.05828125 0.0290625 0.0678125 0.1582813 0.038125 0.007291667 0.01765625 0.1598437 0.4579688 0.233125 0.09921875 0.304375 0.5557812 0.048125 0.0321875 0.0040625 0.040625 0.1704687 0.0209375 0.00953125 0.0321875 0.4851562 0.9817188 0.8540625 0.6545312 0.87875 0.728125 0.7135937 0.4807813 0.5222917 0.4307812 0.3472917 0.3053125 0.489375 0.3204167 0.56875 -9999 -9999 -9999 -9999 -9999 -9999 -9999 -9999 -9999 -9999 -9999 -9999 -9999 -9999 -9999
