Env_Vars_Sept202022/Set_1/propgrass_sept20.asc.asc
ncols         145
nrows         190
xllcorner     -2197417.7431653
yllcorner     -584827.01486885
cellsize      20000
NODATA_value  -9999
[rows 58 to 86 of 190, columns 0 to 64 of 145]
-9999 -9999 -9999 -9999 -9999 0 0 0 0 0.00515625 0.000625 0.00015625 0 0 0.005625 0.0178125 0.03015625 0.02609375 0.010625 0.0021875 0.00296875 0.01015625 0.006875 0.00765625 0.01 0.01265625 0.003125 0.009218751 0.0071875 0.00125 0.01453125 0.1042188 0.08109375 0.1814062 0.0375 0.003125 0.00078125 0 0.0021875 0.00265625 0 0.00796875 0.00484375 0.0159375 0.0115625 0.0046875 0.0525 0.01734375 0.0290625 0.00046875 0.0240625 0 0.00046875 0.005625 0.024375 0.00265625 0.0021875 0.08046875 0.2395312 0.14125 0.079375 0.06046875 0.09703125 0.1614062 0.1426563
-9999 -9999 -9999 -9999 -9999 0 0 0 0.0046875 0.000625 0 0 0.0008333333 0.00015625 0.0078125 0.01625 0.02390625 0.0109375 0.0115625 0.004375 0.01078125 0.00609375 0.00703125 0.07953124 0.0125 0.02296875 0.00484375 0.013125 0 0 0.07078125 0.0940625 0.07078125 0.0040625 0.00296875 0.00203125 0.01421875 0.1582813 0.02609375 0.006875 0.005 0.0021875 0.00296875 0.00328125 0.0196875 0 0.0328125 0.0415625 0.2090625 0.01296875 0.00140625 0.00859375 0.01453125 0.00171875 0.004791667 0.00640625 0.105625 0.215625 0.2045313 0.2601562 0.07458333 0.1023437 0.00453125 0.011875 0.006875
-9999 -9999 -9999 -9999 -9999 -9999 0 0 0.00484375 -9999 0 0 0 0.0028125 0 0.01953125 0.01390625 0.005 0.01625 0.01359375 0.0121875 0.01296875 0.00203125 0.2232812 0.3090625 0.00953125 0.009218751 0.0271875 0.00359375 0 0 0 0.1071875 0.075625 0 0.0034375 0.00703125 0.016875 0.005625 0.0009375 0.00046875 0.0009375 0.00171875 0.0134375 0.01453125 0.0021875 0.0209375 0.0453125 0.0271875 0.025 0.03359375 0.016875 0.009218751 0.0053125 0.008437499 0.01328125 0.08703125 0.2340625 0.2520312 0.1332812 0.06078125 0.09796875 0.1057812 0.0434375 0.00015625
-9999 -9999 -9999 -9999 -9999 -9999 0 0 0 0 0 0 0 0.0009375 0 0.01890625 0.0265625 0.031875 0.0146875 0.006875 0.01546875 0.00453125 0.01078125 0.029375 0.015625 0.1021875 0.01203125 0.010625 0 0 0.000625 0.000625 0 0.00078125 0.00671875 0 0.001875 0.00234375 0.000625 0.0540625 0.1089062 0.0015625 0.01109375 0.01859375 0.02359375 0.04359375 0.03875 0.0359375 0.05296875 0.0275 0.055625 0.03 0.00515625 0.00859375 0.001875 0.00078125 0.0159375 0.0915625 0.1351562 0.1689062 0.2385937 0.346875 0.3189062 0.02203125 0.0040625
-9999 -9999 -9999 -9999 -9999 -9999 0 0 0 0 0 0 0.0008333333 0 0 0.01015625 0.051875 0.048125 0.02359375 0.0328125 0.02578125 0.00609375 0.024375 0.0125 0.01765625 0.01609375 0.00640625 0.00234375 0 0.000625 0 0.00265625 0 0.00109375 0.00953125 0.01015625 0.006875 0.0228125 0.01375 0.2215625 0.0396875 0 0.0125 0.0065625 0.0378125 0.021875 0.08703125 0.05109375 0.0178125 0.0065625 0 0.00109375 0.0003125 0.000625 0 0.006875 0.02515625 0.1085937 0.3614583 0.2835937 0.1085937 0.1020312 0.0553125 0.0053125 0.0021875
-9999 -9999 -9999 -9999 -9999 -9999 0 0 0 0 0 0 0 0 0 0.1139062 0.07578125 0.05140625 0.025625 0.0375 0.0184375 0.0034375 0.0146875 0.01609375 0.00890625 0.01359375 0.00546875 0.00734375 0.00078125 0.0009375 0.000625 0 0.0028125 0.0078125 0.07 0.059375 0.09578125 0.08062501 0.1557813 0.1375 0.0409375 0.00078125 0.01796875 0.0234375 0.023125 0.0375 0.03375 0.026875 0 0 0.000625 0.00078125 0.00109375 0 0.0015625 0.00828125 0.003125 0.0646875 0.1632812 0.2007813 0.09375 0.0125 0.0696875 0.0015625 0.005
-9999 -9999 -9999 -9999 -9999 -9999 0 0 0 0 0 0 0 0 0 0.0334375 0.03578125 0.0384375 0.0184375 0.03546875 0.01859375 0.000625 0.02109375 0.00796875 0.023125 0.03109375 0.00875 0.0165625 0.00296875 0.00390625 0.07859375 0.06484375 0.00296875 0.0125 0.0765625 0.4665625 0.1240625 0.0046875 0.00203125 0 0.00078125 0.000625 0.001875 0.021875 0.0465625 0.02546875 0.01421875 0.005625 0 0.0009375 0.000625 0 0.00078125 0 0.00109375 0.0003125 0.00546875 0.00078125 0.005625 0.0984375 0.14875 0.1053125 0.0321875 0.0215625 0.00140625
-9999 -9999 -9999 -9999 -9999 -9999 0 0 0 0 0 0 0 0 0 0 0.01609375 0.02078125 0.04234375 0.04640625 0.01578125 0.0015625 0.016875 0.009218751 0.0203125 0.0425 0.018125 0.019375 0.01671875 0.00515625 0.00234375 0.0034375 0.000625 0.01765625 0.03453125 0 0 0.0059375 0 0 0.00078125 0.00171875 0.02390625 0.023125 0.024375 0.04046875 0.01046875 0 0 0 0.00125 0.00203125 0 0 0 0.000625 0.0009375 0.00140625 0.01875 0.09015625 0.36625 0.0571875 0.00140625 0.06875 0.0128125
-9999 -9999 -9999 -9999 -9999 -9999 0 0 0 0 0 0 0 0 0.000625 0.04 0.0478125 0.029375 0.02578125 0.04328125 0.01203125 0.00875 0.0128125 0.01953125 0.01234375 0.018125 0.0184375 0.0128125 0.0134375 0.00140625 0.006875 0.00453125 0.00734375 0.03484375 0.0621875 0.01015625 0.00296875 0.000625 0.0021875 0.168125 0.004375 0.00703125 0.00359375 0.01609375 0.0096875 0.006875 0 0.000625 0 0 0.00125 0 0.005625 0.13375 0 0 0 0 0.0121875 0.00234375 0.000625 0.009166666 0 0.00578125 0.038125
-9999 -9999 -9999 -9999 -9999 -9999 0 0.0008333333 0 0 0 0 0 0.00125 0 0.0075 0.03859375 0.0259375 0.0309375 0.03796875 0.00046875 0.03921875 0.00171875 0.0171875 0.01953125 0.0165625 0.03234375 0.0109375 0.00765625 0.01546875 0.00203125 0.02515625 0.07296875 0.03625 0.0359375 0.03515625 0.05203125 0.01578125 0.02109375 0.1090625 0.00171875 0.00421875 0.0134375 0.01109375 0.00828125 0.00625 0.00265625 0.00078125 0 0.0025 0.00078125 0 0 0.02203125 0.05625 0.00390625 0 0 0.00390625 0 0 0.01046875 0.0215625 0.05453125 0.04265625
-9999 -9999 -9999 -9999 -9999 0 0 0 0 0 0 0 0 0 0.001875 0 0.020625 0.02 0.0228125 0.02671875 0.02375 0.03796875 0.03453125 0.03203125 0.01078125 0.00578125 0.01515625 0.02390625 0.01671875 0.02953125 0.01921875 0.0578125 0.0284375 0.0265625 0.0065625 0.04046875 0.069375 0.07125 0.03484375 0.018125 0.008125 0.0128125 0.00796875 0.01640625 0.00234375 0.0090625 0.00359375 0.0028125 0 0.00203125 0.00078125 0.02 0 0 0 0.1004687 0.00046875 0 0.01578125 0.01765625 0.0028125 0.001666667 0.02375 0.151875 0.05921875
-9999 -9999 -9999 -9999 -9999 -9999 0 0 0 0 0 0 -9999 0 0.004375 0 0.04421875 0.00921875 0.0428125 0.021875 0.04828125 0.0159375 0.024375 0.01671875 0.0471875 0.08578125 0.01734375 0.0125 0.0578125 0.03203125 0.0146875 0.02890625 0.02421875 0.01734375 0.01015625 0.01234375 0.03890625 0.0765625 0.03828125 0.0128125 0.005625 0.0053125 0.010625 0.0121875 0.00765625 0.00609375 0.00296875 0.008125 0.00078125 0.000625 0 0.00640625 0 0 0 0 0.00578125 0.00875 0.00234375 0 0.04265625 0.050625 0.025 0.0009375 0.00640625
-9999 -9999 -9999 -9999 -9999 -9999 0 0 0.0034375 0 0 -9999 0 0 0 0.00078125 0.06390625 0.0709375 0.06296875 0.05625 0.0290625 0.02390625 0.01203125 0.069375 0.07390625 0.08453125 0.03140625 0.1225 0.02421875 0.0175 0.01203125 0.01078125 0.020625 0.01078125 0.0178125 0.0271875 0.03296875 0.03734375 0.02359375 0.00875 0.01171875 0.0225 0.0171875 0.0125 0.001875 0.0015625 0.0165625 0 0.000625 0.000625 0 0.000625 0.0234375 0.004375 0.01390625 0.110625 0.05875 0.0446875 0 0 0.00984375 0.00828125 0.0303125 0 0.0071875
-9999 -9999 -9999 -9999 -9999 -9999 0.0008333333 0.0028125 0 0 0 0 0 0.0003125 0 0 0.03671875 0.09046875 0.06812499 0.015625 0.0346875 0.015625 0.03984375 0.040625 0.0290625 0.0209375 0.03109375 0.02953125 0.02421875 0.025625 0.0165625 0.00859375 0.04578125 0.05625 0.0303125 0.04 0.01296875 0.03203125 0.0584375 0.04453125 0.00578125 0.000625 0.00484375 0.00890625 0.0196875 0.0209375 0.01 0.0009375 0 0 0.002083333 0 0 0.01734375 0.02203125 0.3551562 0.1940625 0.02984375 0 0 0.00140625 0.000625 0.0009375 0.00421875 0.023125
-9999 -9999 -9999 -9999 -9999 -9999 0 0.00171875 0 0 0 0 0 0.0003125 0 0 0.05328125 0.0771875 0.038125 0.025625 0.04265625 0.0296875 0.0365625 0.09859375 0.03609375 0.00765625 0.2414062 0.04 0.05234375 0.008125 0.02078125 0.03390625 0.0415625 0.08875 0.0228125 0.04453125 0.0165625 0.009218751 0.04390625 0.0296875 0.0740625 0.023125 0.00203125 0.0196875 0.02984375 0.0525 0.0228125 0.0059375 0.01296875 0.0375 0.00109375 0.00671875 0.0071875 0.00703125 0.00015625 0.09640625 0.03640625 0 0.01234375 0.010625 0.0046875 0.00171875 0.0059375 0.0046875 0.028125
-9999 -9999 -9999 -9999 -9999 -9999 0 -9999 0 0 0 0 0 0 0 0.00265625 0.07421875 0.040625 0.01015625 0.06328125 0.03125 0.03015625 0.0446875 0.03515625 0.04046875 0.029375 0.01796875 0.00671875 0.0340625 0.04296875 0.0134375 0.0253125 0.0134375 0.015625 0.016875 0.03015625 0.00875 0.00328125 0.0009375 0.01421875 0.03140625 0.0603125 0.04828125 0.05421875 0.0046875 0.06875 0.00671875 0.00625 0.011875 0 0.0175 0.00421875 0.00859375 0.0090625 0 0.00703125 0.02421875 0.2266667 0.01671875 0.06328125 0.01265625 0.001875 0.01390625 0.115 0.064375
-9999 -9999 -9999 -9999 -9999 -9999 0 -9999 0 0 0 0 0 0 0 0.016875 0.1039063 0.02875 0.02 0.05 0.0459375 0.1915625 0.04953125 0.0334375 0.1304688 0.030625 0.03109375 0.02328125 0.11875 0.0265625 0.01828125 0.00765625 0.0215625 0.0121875 0.02359375 0.0303125 0.02828125 0.001875 0.0028125 0.02015625 0.0165625 0.0228125 0.01453125 0.02171875 0.04546875 0.028125 0.00171875 0.00625 0.00953125 0.00796875 0.0153125 0.04734375 0.048125 0.04265625 0.0128125 0.02671875 0.00421875 0.02046875 0.04046875 0.068125 0.01015625 0.00625 0.00453125 0.1028125 0.01625
-9999 -9999 -9999 -9999 -9999 -9999 -9999 0 0 -9999 -9999 0.0008333333 0 0.002083333 0 0.04296875 0.02671875 0.00515625 0.02875 0.07921875 0.1515625 0.105625 0.08703125 0.05359375 0.03953125 0.0465625 0.0334375 0.0275 0.03078125 0.00875 0.00921875 0.014375 0.05234375 0.02078125 0.1226562 0.02578125 0.02078125 0.00828125 0.0053125 0.01578125 0.0378125 0.01484375 0.0121875 0.0215625 0.02765625 0.04 0.0234375 0.06390625 0.0209375 0.00859375 0.1057812 0.0834375 0.013125 0.020625 0.03109375 0.02515625 0.0359375 0.00203125 0.0046875 0.00609375 0.0353125 0.018125 0.0084375 0.1510938 0.00484375
-9999 -9999 -9999 -9999 -9999 -9999 -9999 -9999 -9999 0 0 0 0 0 0 0.02203125 0.05515625 0.06484375 0.03765625 0.07359375 0.08546875 0.04390625 0.08453125 0.06265625 0.1107813 0.05953125 0.06515625 0.0621875 0.0203125 0.0440625 0.02171875 0.00515625 0.01734375 0.024375 0.05875 0.04109375 0.03609375 0.02296875 0.000625 0.0071875 0.04703125 0.03265625 0.0521875 0.0246875 0.02 0.04078125 0.03765625 0.02953125 0.0190625 0.01203125 0.01625 0.02875 0.0146875 0.00765625 0.03015625 0.0340625 0.0184375 0.0078125 0.01578125 0.04234375 0.06421875 0.02734375 0.0140625 0.0015625 0.01203125
-9999 -9999 -9999 -9999 -9999 -9999 -9999 -9999 0 0 0 0 0.00078125 0 0 0 0.0934375 0.06734375 0.040625 0.08546875 0.07640626 0.1065625 0.05890625 0.07921875 0.0584375 0.1078125 0.0921875 0.0625 0.00765625 0.0240625 0.020625 0.00875 0.008125 0.01109375 0.0725 0.04875 0.05375 0.043125 0.00875 0.01234375 0.02375 0.0871875 0.05046875 0.01515625 0.00984375 0.0053125 0.05296875 0.010625 0.01015625 0.00546875 0.010625 0.0190625 0.0246875 0.03421875 0.0853125 0.01890625 0.08921875 0.04390625 0.048125 0.0415625 0.0396875 0.02765625 0.0121875 0.0159375 0.099375
-9999 -9999 -9999 -9999 -9999 -9999 -9999 -9999 0 0 0 -9999 0 0 0 0 0.001875 0.05890625 0.07078125 0.029375 0.08203125 0.089375 0.0640625 0.0521875 0.07609375 0.064375 0.05703125 0.0946875 0.0265625 0.03078125 0.03484375 0.00671875 0.0253125 0.03375 0.0196875 0.06984375 0.049375 0.03875 0.02046875 0.01734375 0.02765625 0.0509375 0.03796875 0.0209375 0 0.00765625 0.01640625 0.0375 0.04875 0.01296875 0.0328125 0.0475 0.01328125 0.021875 0.0128125 0.023125 0.0484375 0.05 0.061875 0.05328125 0.04890625 0.01125 0.02046875 0.0484375 0.1996875
-9999 -9999 -9999 -9999 -9999 -9999 -9999 0 0 0 0 0 0 0 0.000625 0 0 0.01453125 0.05484375 0.029375 0.08484375 0.1084375 0.105625 0.0575 0.064375 0.06296875 0.03984375 0.0578125 0.0203125 0.02296875 0.01578125 0.01453125 0.0178125 0.0221875 0.01796875 0.04140625 0.055 0.02828125 0.0278125 0.02515625 0.01359375 0.0334375 0.00203125 0.0015625 0 0.00796875 0.0221875 0.05953125 0.020625 0.02375 0.0159375 0.0384375 0.03671875 0.0490625 0.035625 0.0275 0.0334375 0.0346875 0.0390625 0.034375 0.09734375 0.0803125 0.12875 0.05640625 0.014375
-9999 -9999 -9999 -9999 -9999 -9999 -9999 0 0 0 0.0008333333 0.00125 0 0 0 0 0.00078125 0 0.0028125 0.0440625 0.0603125 0.1035938 0.06078125 0.03203125 0.0528125 0.06875 0.0465625 0.063125 0.05140625 0.01703125 0.01828125 0.025625 0.0121875 0.021875 0.0865625 0.0434375 0.04984375 0.041875 0.01078125 0.008437499 0.02046875 0.02140625 0.00375 0.009375 0.00546875 0.01359375 0.0121875 0.016875 0.0121875 0.0496875 0.09265625 0.0475 0.031875 0.02609375 0.0378125 0.0265625 0.019375 0.026875 0.074375 0.1121875 0.305 0.314375 0.364375 0.1576563 0.06859375
-9999 -9999 -9999 -9999 -9999 -9999 -9999 0 0 0 0 0 0 0 0.00078125 0.00078125 0.0015625 0 0.0053125 0.08515625 0.0596875 0.0559375 0.05453125 0.024375 0.04546875 0.0396875 0.1082812 0.0378125 0.04953125 0.02625 0.02578125 0.0359375 0.045625 0.01875 0.02515625 0.056875 0.09578125 0.05359375 0.01734375 0.03859375 0.03359375 0.0096875 0 0.0059375 0.01546875 0.006875 0.0003125 0.00796875 0.0615625 0.089375 0.026875 0.01359375 0.02609375 0.0284375 0.04859375 0.05796875 0.04375 0.08234375 0.1275 0.15625 0.03375 0.2195313 0.4225 0.333125 0.113125
-9999 -9999 -9999 -9999 -9999 -9999 -9999 0 0 0 0 -9999 0 0 0 0.00515625 0 0 0.0096875 0.0103125 0.068125 0.04265625 0.02515625 0.04578125 0.02734375 0.03296875 0.0390625 0.033125 0.05171875 0.0190625 0.0259375 0.035625 0.0328125 0.02859375 0.05203125 0.04359375 0.08 0.03359375 0.023125 0.04375 0.053125 0.0565625 0.021875 0.0234375 0.0121875 0.0096875 0.009374999 0.00375 0.0353125 0.03171875 0.0253125 0.00359375 0.0125 0.030625 0.1009375 0.064375 0.0203125 0.0371875 0.04953125 0.0471875 0.07484375 0.3464063 0.6470312 0.1998437 0.06328125
-9999 -9999 -9999 -9999 -9999 -9999 -9999 0 0 0 0 0 0 0 0 0.000625 0 0.00671875 0.0128125 0.051875 0.03734375 0.086875 0.02109375 0.0221875 0.0340625 0.0234375 0.03015625 0.046875 0.0315625 0.02421875 0.0190625 0.02984375 0.020625 0.05796875 0.068125 0.07666667 0.0784375 0.0675 0.04734375 0.07515625 0.053125 0.021875 0.01984375 0.01921875 0.02140625 0.04171875 0.02375 0.01265625 0.01921875 0.01359375 0.001875 0.00625 0.0534375 0.08640625 0.0746875 0.0215625 0.04953125 0.189375 0.07140625 0.0590625 0.4267187 0.3139063 0.0975 0.02390625 0.0609375
-9999 -9999 -9999 -9999 -9999 -9999 -9999 0 0 0 0 -9999 0 0 0 0.000625 0 0.009375 0.023125 0.025 0.06546875 0.0640625 0.019375 0.05671875 0.0709375 0.0425 0.03125 0.06453125 0.04 0.028125 0.0134375 0.01953125 0.0384375 0.0053125 0.026875 0.045 0.04734375 0.080625 0.056875 0.0775 0.0284375 0.060625 0.04484375 0.0496875 0.0196875 0.0503125 0.05 0.0915625 0.0703125 0.0746875 0.026875 0.074375 0.16 0.1371875 0.0359375 0.001875 0.003125 0.04546875 0.0153125 0.02640625 0.0253125 0.0246875 0.1023438 0.0259375 0.05
-9999 -9999 -9999 -9999 -9999 -9999 -9999 -9999 -9999 0 0 -9999 0 -9999 0.00046875 0.00015625 0 0.00625 0.02770833 0.02 0.056875 0.0384375 0.02625 0.07703125 0.06671875 0.03109375 0.02203125 0.0153125 0.035625 0.03546875 0.0178125 0.01171875 0.0471875 0.0125 0.04515625 0.0975 0.0534375 0.04234375 0.021875 0.0259375 0.01 0.0615625 0.01953125 0.0465625 0.015625 0.0390625 0.1909375 0.1845313 0.1346875 0.1265625 0.05125 0.1339062 0.05890625 0.1007812 0.12875 0.04765625 0.01140625 0.0215625 0.01984375 0.02953125 0.01359375 0.0515625 0.06140625 0.06921875 0.04671875
-9999 -9999 -9999 -9999 -9999 -9999 -9999 -9999 -9999 -9999 -9999 -9999 -9999 0 0 0 0.006458333 0.03828125 0.029375 0.02703125 0.04640625 0.05125 0.07515625 0.03796875 0.05125 0.01859375 0.0384375 0.0190625 0.02796875 0.023125 0.02546875 0.01515625 0.03421875 0.03796875 0.03984375 0.02375 0.1103125 0.04 0.02734375 0.0203125 0.00640625 0.02171875 0.04015625 0.0565625 0.03421875 0.2995313 0.539375 0.2104688 0.07703125 0.08890625 0.0409375 0.01078125 0.0503125 0.145625 0.04140625 0.074375 0.04078125 0.2359375 0.2410938 0.03609375 0.0215625 0.03390625 0.0196875 0.069375 0.05421875
