Env_Vars_Sept202022/Set_1/proptree_sept20.asc.asc
ncols         145
nrows         190
xllcorner     -2197417.7431653
yllcorner     -584827.01486885
cellsize      20000
NODATA_value  -9999
[rows 58 to 86 of 190, columns 64 to 127 of 145]
0.4598438 0.3915625 0.8671875 0.8125 0.6821875 0.626875 0.8639063 0.88 0.7629688 0.5545312 0.6426563 0.5954688 0.0321875 0.210625 0.6221875 0.4557813 0.4459375 0.3232812 0.3632813 0.2610417 0.3178125 0.2970313 0.2420312 0.2165625 0.1135937 0.04203125 0 0 0 0 0 0 0.00203125 0.03296875 0.01359375 0.03890625 0 0.0009375 0 0 0 0 0 0 0 0 0 0 0 0 0 0 0 0 0 0 0 0 0 0 0 0 0 0
0.9315625 0.8645313 0.9404688 0.7348437 0.8065625 0.3395833 0.4234375 0.9079688 0.8520312 0.7235937 0.5465625 0.4709375 0.2820312 0.6175 0.8078125 0.5979688 0.4217187 0.3151563 0.386875 0.32125 0.3925 0.4691667 0.4832813 0.4551562 0.4139062 0.0815625 0.00953125 0 0 0 0 0 0.003333333 0.014375 0.01109375 0.00390625 0 0 0 0 0 0 0 0 0 0 0 0 0 0 0 0 0 0 0 0 0 0 0 0 0 0 0 0
0.576875 0.8135937 0.8440625 0.8223438 0.7 0.5553125 0.2703125 0.6145834 0.6478125 0.801875 0.658125 0.2790625 0.540625 0.83875 0.8390625 0.785 0.295 0.07 0.5752084 0.37625 0.46625 0.21125 0.5145833 0.5579687 0.24125 0.015625 0.0025 0 0 0 0 0.00234375 0.00546875 0.04171875 0.00859375 0 0 0 0 0 0 -9999 -9999 0 0 0 0 0 0 0 0 0 0 0 0 0 0 0 0 0 0 0 0 0
0.8173437 0.8884375 0.6128125 0.8120313 0.8142188 0.7375 0.8475 0 0 0.7710937 0.8026562 0.7270312 0.8577083 0.83875 0.8907813 0.6475 0.1925 -9999 0.43875 -9999 0.7403125 0.616875 0.809375 0.5242187 0.1053125 0.02953125 0.005 0.01640625 0.01484375 0 0 0 0.0221875 0.01546875 0.009583334 0 0 0 0.03234375 0.0146875 0 0 0 0 0 0 0 0 0 0 0 0 0 0 0 0 0 0 0 0 0 0 0 0
0.7896875 0.9089063 0.77625 0.84625 0.71875 0.655625 0.7972917 -9999 -9999 0.6975 0.8846875 0.7828125 0.7690625 0.785625 0.5952083 0.010625 -9999 0.580625 0.6320834 0.8225 0.863125 0.334375 0.61 0.8185937 0.4446875 0.158125 0.02796875 0.0203125 0.05296875 0.02875 0 0.0040625 0.00828125 0.01875 0.0096875 0 0.00265625 0.00171875 0.04828125 0.04270833 0.06859375 0.05916667 0.0021875 0 0 0 0 0 0 0 0 0 0 0 0 0 0 0 0 0 0 0 0 0
0.8646875 0.82875 0.7259375 0.9042188 0.4598438 0.5421875 0.72625 0.069375 -9999 -9999 0.5884375 0.40125 0.6734375 0.4821875 0.26125 0.3125 0.736875 0.661875 0.773125 0.5095313 0.6860937 0.2046875 0.5284375 0.6435937 0.5110937 0.1890625 0.07796875 0.036875 0.0453125 0.1172917 0.01296875 0.005 0.0203125 0.0275 0.009218751 0.00859375 0.030625 0.09375 0.0359375 0.05796875 0.1028125 0.0284375 0.00015625 0 0 0 0 0 0 0 0 0 0 0 0 0 0 0 0 0 0 0 0 0
0.8785937 0.8514062 0.8172917 0.8045312 0.2759375 -9999 -9999 -9999 -9999 -9999 -9999 0.341875 0.39 0.2652083 0.1790625 0.88375 0.8321875 0.6910937 0.6985937 0.65375 0.118125 0.451875 0.2120312 0.1053125 0.1175 0.210625 0.1851562 0.0953125 0.03921875 0.06109375 0.07015625 0.02328125 0.01125 0.0125 0.036875 0.06 0.1025 0.1014583 0.07265625 0.06703125 0.0425 0 0 0 0 0 0 0 0 0 0 0 0 0 0 0 0 0 0 0 0 0 0 0
0.6301563 0.555625 0.7532812 0.4654167 -9999 -9999 -9999 -9999 -9999 -9999 -9999 0.3384375 0.5773438 0.759375 0.6457813 0.7609375 0.8373438 0.6804687 0.7278125 0.67375 0.6359375 0.4734375 0.056875 0.0803125 0.3795313 0.575 0.4934375 0.2617188 0.148125 0.1604688 0.08979167 0.098125 0.0478125 0.0278125 0.02 0.1039583 0.1176562 0.1129688 0.068125 0.114375 0.14625 0.0004166666 0 0 0 0 0 0 0 0 0 0 0 0 0 0 0 0 0 0 0 0 0 0
0.1952083 0.1321875 0.42625 -9999 -9999 -9999 -9999 -9999 -9999 -9999 0.88875 0.013125 0.710625 0.419375 0.4701563 0.8054687 0.6510937 0.6990625 0.58875 0.5832812 0.4165625 0.75 0.5670313 0.6534375 0.734375 0.7320312 0.379375 0.3825 0.3509375 0.1117188 0.1096875 0.073125 0.0678125 0.05265625 0.02203125 0.11625 0.02953125 0.1120313 0.1814062 0.1865625 0.1346875 0.00484375 0 0 0 0 0 0 0 0 0 0 0 0 0 0 0 0 0 0 0 0 0 0
0.7 0.2458333 -9999 -9999 -9999 -9999 -9999 -9999 -9999 0.8290625 0.8309375 0.9110938 0.3521875 0.7092187 0.5229688 0.440625 0.68625 0.75875 0.6696875 0.3979688 0.5257813 0.5570313 0.2071875 0.2396875 0.5365625 0.5742188 0.251875 0.151875 0.2115625 0.1084375 0.1096875 0.0709375 0.08875 0.1184375 0.06 0.1395313 0.1090625 0.3003125 0.1548437 0.0784375 0.095 0.003958333 0 0 0 0 0 0 0 0 0 0 0 0 0 0 0 0 0 0 0 0 0 0
0.815 0.7092187 0.74 0.841875 0.601875 0.794375 0.7334375 0.754375 0.921875 0.8975 0.7984375 0.8051562 0.1309375 0.5032812 0.8010938 0.5635417 0.6440625 0.7603125 0.58 0.5496875 0.5717188 0.5239062 0.16625 0.1682813 0.395 0.5029687 0.4345312 0.03328125 0.0275 0.3301563 0.1585937 0.1910937 0.27 0.3132812 0.2695313 0.2576562 0.4103125 0.50375 0.3328125 0.2425 0.1276563 0.00140625 0 0 0 0 0 0 0 0 0 0 0 0 0 0 0 0 0 0 0 0 0 -9999
0.665625 0.6946875 0.70375 0.841875 0.7996875 0.9395313 0.9115625 0.8375 0.930625 0.836875 0.8078125 0.8335937 0.8135937 0.7192187 0.6726562 0.8048438 0.8092188 0.5845312 0.3784375 0.19375 0.666875 0.6560937 0.2853125 0.3775 0.5051563 0.4209375 0.4065625 0.4948438 0.3225 0.386875 0.5590625 0.3798438 0.3096875 0.244375 0.4329687 0.5209375 0.3878125 0.4346875 0.2314583 0.1873437 0.116875 0.0115625 0 0 0 0 0 0 0 0 0 0 0 0 0 0 0 0 0 0 0 0 0 -9999
0.6220313 0.7151563 0.7167187 0.7871875 0.8470312 0.8071875 0.9535937 0.8839062 0.8635938 0.7496875 0.7223437 0.7828125 0.5551562 0.630625 0.7960938 0.8395312 0.725625 0.6023437 0.266875 0.348125 0.7309375 0.3348438 0.40625 0.7709375 0.4464062 0.6301563 0.3590625 0.366875 0.7017187 0.4845833 0.7453125 0.7064062 0.4525 0.4365625 0.3140625 0.5426562 0.2385938 0.216875 0.1757813 0.1616667 0.133125 0.000625 0 0 0 0 0 0 0 0 0 0 0 0 0 0 0 0 0 0 0 0 0 -9999
0.5951563 0.5807813 0.4489583 0.543125 0.7473438 0.8967187 0.8896875 0.6801562 0.7817187 0.8232812 0.76 0.7185937 0.57125 0.433125 0.830625 0.8459375 0.8570312 0.7660937 0.7857813 0.3826562 0.383125 0.3704687 0.6529687 0.3534375 0.2804688 0.4779688 0.4929688 0.386875 0.3846875 0.71 0.7848437 0.535 0.609375 0.3317187 0.07625 0.343125 0.2489063 0.3858333 0.4084375 0.31 0.1510938 0.0059375 0.0259375 0.00078125 0 0 0 0 0 0 0 0 0 0 0 0 0.0003125 0.003958333 0 0 0 0 -9999 -9999
0.4260938 0.7271875 0.7964583 0.90375 0.8523437 0.6996875 0.2482813 0.5248438 0.6428125 0.7514063 0.685 0.621875 0.6620313 0.7657813 0.7371875 0.89875 0.8515625 0.8609375 0.724375 0.7620313 0.6646875 0.8626562 0.7365625 0.36875 0.4559375 0.6715625 0.81375 0.2426562 0.1614062 0.39875 0.7239063 0.7329687 0.8046875 0.56125 0.5353125 0.5779687 0.5307813 0.50875 0.2965625 0.3282813 0.2503125 0.2567188 0.1465625 0.070625 0.05921875 0.0075 0 0.01171875 0.02078125 0 0 0 0 0 0.0009375 0.0159375 0.00390625 0.0028125 0 0 0 0 -9999 -9999
0.5498437 0.4579687 0.7046875 0.7314062 0.8003125 0.5403125 0.571875 0.5342187 0.7114062 0.7157813 0.6995313 0.6610937 0.6015625 0.7195312 0.8014063 0.7365625 0.7976562 0.781875 0.6751562 0.5864062 0.673125 0.8048438 0.6307812 0.6429688 0.5782813 0.7096875 0.6157812 0.3295313 0.4046875 0.2885937 0.5484375 0.690625 0.6809375 0.61875 0.4171875 0.62625 0.6853125 0.3735417 0.2704687 0.3957812 0.4809375 0.2560416 0.3201562 0.1921875 0.1682813 0.04625 0.01265625 0.05703125 0.064375 0.0296875 0.0146875 0 0 0.00390625 0.03 0.05479167 0.03109375 0.01109375 0 0 0 -9999 -9999 -9999
0.6520312 0.8304688 0.8395312 0.83125 0.8007813 0.2007813 0.2703125 0.5532812 0.7689062 0.5798438 0.791875 0.7579687 0.806875 0.7234375 0.8184375 0.7517188 0.7709375 0.8473437 0.4867187 0.4640625 0.59875 0.4601563 0.7790625 0.6484375 0.5403125 0.2004687 0.48 0.6001562 0.6878125 0.4939063 0.5339062 0.4714063 0.5715625 0.5409375 0.5259375 0.6732813 0.7978125 0.318125 0.1457812 0.2116667 0.3178125 0.2442188 0.505625 0.2902083 0.2817188 0.235 0.07041667 0.1033333 0.083125 0.0384375 0.02921875 0.03640625 0.0853125 0.03484375 0.02546875 0.0646875 0.01828125 0.0328125 0.00125 0 0 -9999 -9999 -9999
0.8085938 0.8948438 0.9365625 0.85875 0.7565625 0.5315625 0.6321875 0.5859375 0.5692188 0.7315625 0.9426563 0.86 0.8176563 0.69 0.7517188 0.6728125 0.665625 0.7817187 0.7342187 0.4154688 0.4982812 0.8459375 0.8378125 0.8457813 0.5067188 0.2 0.469375 0.6290625 0.6478125 0.6214062 0.7801563 0.5826563 0.4675 0.5053125 0.7334375 0.8840625 0.57125 0.3783333 0.2935938 0.1120833 0.5341667 0.614375 0.3545313 0.460625 0.4982813 0.4116667 0.1420313 0.2040625 0.1029687 0.1301562 0.0921875 0.06671875 0.07328125 0.0671875 0.036875 0.02578125 0.046875 0.02015625 0.008541667 0 0 -9999 -9999 -9999
0.9032813 0.8796875 0.6521875 0.8053125 0.9059375 0.80625 0.541875 0.3690625 0.4796875 0.1270313 0.7520313 0.87875 0.7592188 0.6729687 0.53 0.6714063 0.6160938 0.7796875 0.5367188 0.2214063 0.4584375 0.5921875 0.8 0.6889063 0.73375 0.5510938 0.5157812 0.6845312 0.4926562 0.5925 0.5814062 0.6314062 0.57875 0.2732812 0.7739062 0.6707813 0.5654688 0.6260937 0.4629687 0.5227084 -9999 0.6126562 0.63125 0.6475 0.7321875 0.3882813 0.4698437 0.236875 0.1710417 0.1617188 0.08234375 0.141875 0.091875 0.085625 0.01390625 0.0190625 0.025625 0.086875 0.05953125 0.0009375 0 -9999 -9999 -9999
0.8514063 0.8139063 0.52625 0.3464063 0.5892187 0.7889062 0.6620312 0.6064063 0.4839062 0.6248438 0.7657812 0.80375 0.6214063 0.53125 0.09296875 0.1721875 0.2334375 0.6040625 0.719375 0.721875 0.8921875 0.3148437 0.86625 0.5385938 0.7426562 0.7625 0.8159375 0.653125 0.415 0.7548438 0.4821875 0.6229687 0.62375 0.3541667 0.7901562 0.7870312 0.541875 0.4060937 0.4795313 0.756875 0.7475 0.4229687 0.4567187 0.84375 0.6967188 0.3298438 0.369375 0.4278125 0.3684375 0.2771875 0.1351562 0.1546875 0.1376562 0.1229687 0.0846875 0.0703125 0.05703125 0.04734375 0.0859375 0.0234375 0 -9999 -9999 -9999
0.5610937 0.3540625 0.8757812 0.6985937 0.7307813 0.649375 0.6157812 0.4789063 0.5665625 0.720625 0.82625 0.8089063 0.7325 0.543125 0.6285937 0.2971875 0.491875 0.8625 0.214375 0.343125 0.6502084 0.68375 0.5995312 0.5085937 0.8092188 0.7675 0.7564062 0.6492187 0.746875 0.5242187 0.75 0.6296875 0.7942188 0.7282813 0.7132813 0.704375 0.3778125 0.6740625 0.5854688 0.43875 0.7371875 0.6532812 0.6692188 0.7339063 0.6358333 0.4253125 0.3979688 0.4673437 0.4632812 0.2829688 0.1654688 0.2246875 0.1264063 0.07291667 0.115625 0.1370312 0.04390625 0.06 0.06890625 0.0346875 0 -9999 -9999 -9999
0.131875 0.1372917 0.7970313 0.838125 0.8420312 0.8748437 0.7635938 0.6546875 0.5579687 0.5309375 0.6985937 0.5707812 0.4482813 0.7609375 0.9157813 0.3159375 0.6690625 0.5178125 0 -9999 0.4015625 0.475625 0.2209375 0.4075 0.823125 0.8698438 0.8203125 0.6892188 0.7565625 0.8279687 0.7848437 0.5629687 0.5654687 0.5275 0.8476563 0.6017188 0.2454688 0.2804688 0.536875 0.6507812 0.8459375 0.6996875 0.6082813 0.7578125 0.5685937 0.6546875 0.4921875 0.4478125 0.1748437 0.235625 0.3232813 0.3235937 0.130625 0.149375 0.0359375 0.05 0.02453125 0.03015625 0.0509375 0.07921875 0.0825 -9999 -9999 -9999
0.7335938 0.636875 0.9153125 0.70625 0.6817187 0.7992188 0.8395312 0.7129688 0.5409375 0.61875 0.7815625 0.6014062 0.6471875 0.8748437 0.7859375 0.2058333 0.354375 -9999 -9999 -9999 0.01125 -9999 0.089375 0.656875 0.6346875 0.709375 0.5735416 0.6734375 0.7257813 0.675625 0.5567188 0.606875 0.5982813 0.3265625 0.3809375 0.4852083 0.386875 0.6851562 0.8415625 0.8417187 0.8240625 0.7073438 0.6653125 0.759375 0.613125 0.6475 0.5821875 0.323125 0.3126563 0.160625 0.3520312 0.4123437 0.239375 0.1982813 0.0525 0.05671875 0.1478125 0.07265625 0.119375 0.2298438 0.20875 -9999 -9999 -9999
0.77375 0.868125 0.8871875 0.7817187 0.728125 0.8373438 0.85375 0.7378125 0.5915625 0.5673438 0.3490625 0.5479687 0.638125 0.629375 0.4065625 -9999 0.51625 0.8572916 0.4203125 0.3414583 0.5651562 0.5175 0.7479687 0.9148437 0.7973437 0.8875 0.8153125 0.6225 0.931875 0.8001562 0.4072917 0.52875 0.9129688 0.740625 0.5371875 0.465625 0.42 0.5623438 0.8114063 0.5496875 0.6240625 0.73875 0.7698438 0.7203125 0.8073438 0.5329688 0.4973438 0.26125 0.3817188 0.609375 0.4908333 0.450625 0.4896875 0.40875 0.4128125 0.40125 0.2 0.1326562 0.1154688 0.1817188 0.2475 -9999 -9999 -9999
0.8615625 0.8628125 0.826875 0.8175 0.7621875 0.8359375 0.7048438 0.4973437 0.565 0.3951563 0.13625 0.2515625 0.3085938 0.306875 0.0278125 0.525 0.8059375 0.8073437 0.4495313 0.7670313 0.75875 0.6059375 0.866875 0.8834375 0.7009375 0.9240625 0.871875 0.9490625 0.8648437 0.7870833 0.9332813 0.8470312 0.8639063 0.843125 0.5823438 0.4904167 0.6140625 0.3367187 0.8796875 0.3454688 0.688125 0.7403125 0.6934375 0.6648437 0.8201562 0.4482813 0.4154688 0.5440625 0.413125 0.3495312 0.6815625 0.4709375 0.4795833 0.4959375 0.6415625 0.5198438 0.415 0.1198438 0.1367188 0.09328125 0.2060937 -9999 -9999 -9999
0.8659375 0.9453125 0.9135938 0.8942187 0.8428125 0.91 0.8015625 0.8840625 0.859375 0.53625 0.189375 0.606875 0.5960938 0.4417188 0.62625 0.6951562 0.8067187 0.8028125 0.7175 0.7639062 0.7278125 0.8067187 0.7371875 0.79625 0.763125 0.7040625 0.4403125 0.3292187 0.7679688 0.6403125 0.9409375 0.906875 0.8279687 0.7920312 0.7404687 0.718125 0.7310938 0.616875 0.65 0.6084375 0.6801562 0.6798438 0.5425 0.47375 0.57375 0.6667187 0.6426563 0.7090625 0.5909375 0.481875 0.5378125 0.22375 0.2490625 0.5739062 0.6917188 0.5139062 0.3371875 0.3215625 0.3939062 0.2234375 0.3154167 -9999 -9999 -9999
0.8701563 0.966875 0.9251562 0.8939062 0.8242188 0.8620312 0.7503125 0.778125 0.9404687 0.9345312 0.6815625 0.9170833 0.8109375 0.7426562 0.90875 0.5735937 0.7020313 0.4917187 0.9 0.8653125 0.766875 0.8657812 0.8565625 0.7110937 0.3621875 0.7659375 0.3959375 0.1084375 0.4695312 0.9098437 0.870625 0.75875 0.3046875 0.8457812 0.5082812 0.3865625 0.4364063 0.6623437 0.7165625 0.6109375 0.68375 0.5910938 0.6920313 0.5596875 0.6746875 0.7715625 0.4396875 0.51625 0.6017188 0.8454688 0.4573438 0.691875 0.6192188 0.60625 0.6195313 0.5529687 0.2746875 0.4353125 0.2370313 0.2659375 0.309375 -9999 -9999 -9999
0.8251563 0.8096875 0.7 0.7885938 0.8632813 0.7509375 0.7359375 0.8840625 0.8226563 0.8085938 0.8998438 0.895 0.7746875 0.4853125 0.8310937 0.6853125 0.8884375 0.8684375 0.8401563 0.7185937 0.719375 0.8204688 0.8126563 0.6476563 0.4471875 0.6017187 0.2976562 0.2070313 0.7928125 0.9232813 0.3553125 0.2289062 0.2521875 0.7739062 0.7054688 0.5915625 0.3835937 0.5839062 0.8264062 0.4389063 0.6895313 0.605 0.7446875 0.6576563 0.6020312 0.61125 0.7098438 0.7158333 0.7803125 0.7517188 0.5733334 0.5717188 0.5975 0.7125 0.861875 0.8296875 0.7514063 0.6046875 0.4040625 0.3914062 -9999 -9999 -9999 -9999
0.8239062 0.7670313 0.2942187 0.3926563 0.5876563 0.7304688 0.8660938 0.9170313 0.92875 0.8575 0.8665625 0.8775 0.846875 0.7803125 0.8465625 0.8023437 0.9123437 0.824375 0.8073437 0.6946875 0.8357812 0.7340625 0.2578125 0.3759375 0.7371875 0.4795313 0.655625 0.3978125 0.5275 0.65625 0.3097917 0.4857813 0.4429688 0.7996875 0.8070313 0.3890625 -9999 0.4377083 0.7032813 0.6260937 0.6598437 0.6270312 0.6857812 0.634375 0.7217188 0.7048438 0.82375 0.8320313 0.8360937 0.80375 0.4192187 0.616875 0.7625 0.8140625 0.7485937 0.789375 0.8525 0.9060938 0.7451563 0.2879167 -9999 -9999 -9999 -9999
