Env_Vars_Sept202022/Set_1/propgrass_sept20.asc.asc
ncols         145
nrows         190
xllcorner     -2197417.7431653
yllcorner     -584827.01486885
cellsize      20000
NODATA_value  -9999
[rows 116 to 144 of 190, columns 0 to 64 of 145]
-9999 -9999 -9999 -9999 -9999 -9999 -9999 -9999 -9999 -9999 -9999 -9999 -9999 -9999 0 0.00484375 0.00140625 0.004375 0.00078125 0.00828125 0.00078125 0 0 0.005625 0.00734375 0.01796875 0.018125 0.01546875 0.0140625 0.016875 0.00515625 0.0025 0.001875 0 0.00984375 0.0215625 0.01859375 0.006875 0.03078125 0.00890625 0.0175 0.0940625 0.0409375 0.021875 0.03234375 0.02578125 0.03859375 0.02875 0.01953125 0.0346875 0.0321875 0.01078125 0.009531249 0.00125 0.01 0.025625 0.04234375 0.06140625 0.0915625 0.590625 0.77625 0.9825 0.8175 0.915625 0.9242188
-9999 -9999 -9999 -9999 -9999 -9999 -9999 -9999 -9999 -9999 -9999 -9999 -9999 -9999 0 0 0.00296875 0.00109375 0 0.00671875 0.00015625 0 0 0.002708333 0.005 0.00578125 0.02875 0.01796875 0.03828125 0.013125 0.00796875 0.013125 0.0103125 0.00625 0.03078125 0.01859375 0.00484375 0.02078125 0.00703125 0.05171875 0.10375 0.026875 0.03234375 0.033125 0.033125 0.031875 0.02890625 0.03421875 0.02765625 0.01453125 0.04609375 0.02578125 0.01609375 0.00234375 0.01203125 0.03125 0.00796875 0.02734375 0.1151562 0.3417188 0.6914063 0.8482813 0.9540625 0.9089062 0.8982812
-9999 -9999 -9999 -9999 -9999 -9999 -9999 -9999 -9999 -9999 -9999 -9999 -9999 -9999 -9999 0.006041666 0.0015625 0.00328125 0 0.000625 0.00234375 0.03625 0 0.00875 0.0075 0.01 0.0125 0.0315625 0.01375 0.01203125 0.00125 0.0040625 0.0034375 0.025625 0.04453125 0.1395313 0.1014062 0.02984375 0.02234375 0.04796875 0.03375 0.0321875 0.0203125 0.038125 0.029375 0.02015625 0.02703125 0.03015625 0.0278125 0.0196875 0.01484375 0.02515625 0.0121875 0.00234375 0.00640625 0.0184375 0.07515625 0.153125 0.2221875 0.5273438 0.9010937 0.9735937 0.9920312 0.9929687 0.983125
-9999 -9999 -9999 -9999 -9999 -9999 -9999 -9999 -9999 -9999 -9999 -9999 -9999 -9999 -9999 0 0.0008333333 0.00140625 0 0.0025 0.01171875 0.0525 -9999 0.00234375 0 0.005625 0.00734375 0.03859375 0.01265625 0.02203125 0.0240625 0.00671875 0.01015625 0.0003125 0.00375 0.191875 0.0884375 0.09921876 0.2628125 0.225625 0.04875 0.0365625 0.04359375 0.02921875 0.03265625 0.03765625 0.0278125 0.015 0.0359375 0.02046875 0.01171875 0.0265625 0.0065625 0.0034375 0.00953125 0.0271875 0.02296875 0.0346875 0.2290625 0.3892187 0.9742187 0.9885938 0.9864063 0.9929687 0.9920312
-9999 -9999 -9999 -9999 -9999 -9999 -9999 -9999 -9999 -9999 -9999 -9999 -9999 -9999 -9999 -9999 0 0.000625 0.00125 0 0.00421875 0.0890625 -9999 0.004375 0.00078125 0.000625 0.01354167 0.0421875 0.011875 0.01171875 0.005416667 0.00328125 0.00265625 0.00359375 0.0240625 0.018125 0.048125 0.01515625 0.2410938 0.1753125 0.126875 0.05375 0.0803125 0.01640625 0.015625 0.0165625 0.0346875 0.04484375 0.02078125 0.02421875 0.01734375 0.019375 0.018125 0.06359375 0.0159375 0.0171875 0.00609375 0.03578125 0.1557813 0.5917187 0.99 0.9870312 0.9953125 0.99875 1
-9999 -9999 -9999 -9999 -9999 -9999 -9999 -9999 -9999 -9999 -9999 -9999 -9999 -9999 -9999 -9999 0 0 0.01109375 0.00421875 0.0103125 0.03046875 -9999 0.00125 0 0.01145833 0.00609375 0.02921875 0.0103125 0.01484375 0.009374999 0.004375 0.00421875 0.02140625 0.03546875 0.0171875 0.02671875 0.0346875 0.3060938 0.04375 0.094375 0.0559375 0.156875 0.03390625 0.015 0.01609375 0.011875 0.03453125 0.0315625 0.01328125 0.02046875 0.00578125 0.01375 0.035 0.065625 0.013125 0.02046875 0.1042188 0.3859375 0.83125 0.9740625 0.938125 0.9826562 0.9948437 0.9871875
-9999 -9999 -9999 -9999 -9999 -9999 -9999 -9999 -9999 -9999 -9999 -9999 -9999 -9999 -9999 -9999 -9999 0.0003125 0.00078125 0.00625 0.00078125 0.01984375 0.0140625 0 0.00125 0.00015625 0.01078125 0.05171875 0.02 0.02140625 0.0075 0.00828125 0.00359375 0.01109375 0.00703125 0.016875 0.1554687 0.3392188 0.4148437 0.07125 0.02140625 0.08609375 0.1721875 0.01640625 0.0128125 0.01015625 0.00046875 0.0059375 0.01015625 0.02703125 0.02515625 0.00828125 0.014375 0.0053125 0.00265625 0.00484375 0.02296875 0.016875 0.1479688 0.786875 0.3940625 0.8189062 0.9840625 0.9959375 0.9970312
-9999 -9999 -9999 -9999 -9999 -9999 -9999 -9999 -9999 -9999 -9999 -9999 -9999 -9999 -9999 -9999 -9999 -9999 0 0.00703125 0.00296875 0.01703125 0.060625 0.04125 -9999 0.02166667 0.0053125 0.002916667 0.00484375 0.01703125 0.0059375 0.0084375 0.00421875 0.01578125 0.0165625 0.0196875 0.03609375 0.474375 0.1290625 0.06453125 0.01421875 0.1498438 0.1404687 0.05015625 0.02765625 0.00765625 0.0096875 0.033125 0.01020833 0.048125 0.01703125 0.0065625 0.0015625 0.00984375 0.00765625 0.00734375 0.01625 0.005625 0.0471875 0.343125 0.526875 0.88625 0.9771875 0.9389063 0.9946875
-9999 -9999 -9999 -9999 -9999 -9999 -9999 -9999 -9999 -9999 -9999 -9999 -9999 -9999 -9999 -9999 -9999 -9999 -9999 0 0.0046875 0.00328125 0.01140625 0.01708333 0.0353125 -9999 0 0.0071875 0.001875 0 0.0059375 0.00375 0.0040625 0.0015625 0.00421875 0.0065625 0.01875 0.06015625 0.0121875 0.01640625 0.01828125 0.08953125 0.005625 0.0028125 0.019375 0.006875 0.0084375 0.016875 0.02734375 0.02578125 0.01 0.01484375 0.0084375 0.02078125 0.00453125 0.01171875 0.003125 0.01984375 0.021875 0.5821875 0.916875 0.9540625 0.9510937 0.9517187 0.9884375
-9999 -9999 -9999 -9999 -9999 -9999 -9999 -9999 -9999 -9999 -9999 -9999 -9999 -9999 -9999 -9999 -9999 -9999 -9999 0.024375 0.01671875 0.00140625 0.0115625 0.0121875 0.0796875 0 -9999 0.088125 0.1739063 0.00953125 0.0021875 0.00328125 0.002083333 0.011875 0.0146875 0.0065625 0.01515625 0.03921875 0.0146875 0.008125 0.1522917 0.08703125 0.01328125 0.0090625 0.00671875 0.005625 0.065625 0.0096875 0.01328125 0.01453125 0.01296875 0.0184375 0.0103125 0.016875 0.00703125 0.02546875 0.0865625 0.02125 0.0646875 0.768125 0.9732813 0.9379687 0.9898437 0.99875 0.9828125
-9999 -9999 -9999 -9999 -9999 -9999 -9999 -9999 -9999 -9999 -9999 -9999 -9999 -9999 -9999 -9999 -9999 -9999 -9999 -9999 0.006666667 0 0.020625 0.01453125 0.07041667 0.06 -9999 0.2971875 0.4551562 0.32 0.23375 0.2776563 0.01546875 0.01015625 0.0009375 0.005 0.1734375 0.03296875 0.01125 0.08828125 0.02109375 0.01453125 0.01515625 0.0075 0.00640625 0.01828125 0.00640625 0.00375 0.01208333 0.00625 0.0053125 0.00734375 0.00140625 0.02640625 0.01921875 0.01625 0.038125 0.01140625 0.07015625 0.7170312 0.9873437 0.9814062 0.9832813 0.998125 0.8842188
-9999 -9999 -9999 -9999 -9999 -9999 -9999 -9999 -9999 -9999 -9999 -9999 -9999 -9999 -9999 -9999 -9999 -9999 -9999 -9999 -9999 0.0028125 0.00859375 0.01640625 0.08078125 0.021875 0 0.411875 0.8878125 0.4978125 0.1214062 0.00546875 0.00125 0.0034375 0.00375 0.0134375 0.0175 0.015625 0.00609375 0.163125 0.01671875 0.00859375 0.0071875 0.01 0.01203125 0.01046875 0.00578125 0.00859375 0.00796875 0.0071875 0.00984375 0.00984375 0 0.0096875 0.06578125 0.00765625 0.00796875 0.01640625 0.0584375 0.3371875 0.8567188 0.995 0.9723437 0.9909375 0.9564062
-9999 -9999 -9999 -9999 -9999 -9999 -9999 -9999 -9999 -9999 -9999 -9999 -9999 -9999 -9999 -9999 -9999 -9999 -9999 -9999 0.006666666 -9999 0.0125 0.00625 0.04625 -9999 0.02625 0 0.12125 0.0878125 0.003125 0.00578125 0.0478125 0.01484375 0.01140625 0.0015625 0.0203125 0.01265625 0.15625 0.278125 0.01828125 0.00296875 0.01109375 0.01078125 0.0096875 0.005625 0.0140625 0.00671875 0.01046875 0.0115625 0.00640625 0.0040625 0.00640625 0.0275 0.01109375 0.02171875 0.036875 0.01625 0.0559375 0.211875 0.8840625 0.9832813 0.9826562 0.9865625 0.9346875
-9999 -9999 -9999 -9999 -9999 -9999 -9999 -9999 -9999 -9999 -9999 -9999 -9999 -9999 -9999 -9999 -9999 -9999 -9999 -9999 0.0328125 0.00421875 -9999 0.024375 0.065625 0 0.0634375 0.0103125 0.296875 0.0615625 0.02328125 0.00734375 0.063125 0.023125 0.016875 0.04265625 0.1179688 0.07296875 0.1889063 0.3459375 0.02125 0.01953125 0.0103125 0.005 0.01078125 0.014375 0.02375 0.0125 0.05421875 0 0.00390625 0.00875 0.06703125 0.08109375 0.03234375 0.01921875 0.028125 0.0328125 0.2020312 0.5729687 0.869375 0.9929687 0.9865625 0.923125 0.9973438
-9999 -9999 -9999 -9999 -9999 -9999 -9999 -9999 -9999 -9999 -9999 -9999 -9999 -9999 -9999 -9999 -9999 -9999 -9999 0.005625 0.0271875 0.00890625 0 0.008125 -9999 -9999 -9999 0.09729167 0.3579687 0.07203125 0.0340625 0.0071875 0.01625 0.029375 0.0478125 0.075625 0.03921875 0.01015625 0.116875 0.2201563 0.4054688 0.1482812 0.04828125 0.07625 0.0021875 0.015 0.02046875 0.00875 0.0075 0.0234375 0.036875 0.01078125 0.09421875 0.03671875 0.03671875 0.0471875 0.011875 0.0615625 0.5232813 0.816875 0.9904687 0.9714062 0.9976562 0.960625 0.9848437
-9999 -9999 -9999 -9999 -9999 -9999 -9999 -9999 -9999 -9999 -9999 -9999 -9999 -9999 -9999 -9999 -9999 -9999 -9999 -9999 0.0034375 0.00203125 0.00203125 0.00109375 0.08437499 0.198125 0 0.03604167 0.269375 0.05671875 0.00421875 0.0065625 0.04375 0.095 0.1215625 0.041875 0.04796875 0.019375 0.23625 0.3278125 0.1179688 0.02125 0.08796875 0.00078125 0.01265625 0.014375 0.0075 0.00953125 0.00296875 0.1295312 0.03953125 0.00703125 0.02234375 0.04375 0.02859375 0.01953125 0.019375 0.056875 0.2398437 0.9126562 0.9889063 0.9915625 0.9945313 0.930625 0.9978125
-9999 -9999 -9999 -9999 -9999 -9999 -9999 -9999 -9999 -9999 -9999 -9999 -9999 -9999 -9999 -9999 -9999 -9999 -9999 -9999 0 0 0.0009375 0.00328125 0.02046875 0.01640625 0.06583334 0.04604167 0.1665625 0.01796875 0.00296875 0.000625 0.03328125 0.06546875 0.0828125 0.01328125 0.205 0.05921875 0.283125 0.07921875 0.0859375 0.0140625 0.009218751 0.02640625 0.05796875 0.00953125 0.0003125 0.00078125 0.00390625 0.1064062 0.1540625 0.0125 0.00953125 0.0046875 0.0053125 0.00421875 0.06078125 0.0721875 0.06609375 0.63125 0.9615625 0.9679688 0.925625 0.990625 0.9321875
-9999 -9999 -9999 -9999 -9999 -9999 -9999 -9999 -9999 -9999 -9999 -9999 -9999 -9999 -9999 -9999 -9999 -9999 -9999 -9999 0.03328125 0.00125 0 0.00421875 0.00359375 0.001875 0.01083333 0.0059375 0.2209375 0.064375 0.00578125 0.00890625 0.0534375 0.0778125 0.06625 0.0653125 0.1301562 0.3076563 0.2309375 0.05109375 0.0021875 0 0.00859375 0.01921875 0.1720313 0 0.00671875 0 0.00859375 0.0190625 0.1892187 0.00296875 0 0.00375 0.018125 0.1071875 0.02859375 0.02109375 0.04703125 0.2671875 0.8342187 0.9834375 0.983125 0.98 0.964375
-9999 -9999 -9999 -9999 -9999 -9999 -9999 -9999 -9999 -9999 -9999 -9999 -9999 -9999 -9999 -9999 -9999 -9999 -9999 -9999 0.00390625 0.015625 0.00125 0.0009375 0.00109375 0.003125 0.0071875 0.00609375 0.1303125 0 0.00359375 0.001875 0.00921875 0.0125 0.04375 0.04515625 0.34875 0.4848438 0.20125 0.1176562 0.135625 0.0009375 0.0340625 0.046875 0.1282813 0.00015625 0.01171875 0.0021875 0.02390625 0.02484375 0.1054688 0.00140625 0 0.00171875 0.0071875 0.02671875 0.00671875 0.0246875 0.06875 0.0725 0.1985938 0.9564062 0.9907812 0.9823437 0.9970313
-9999 -9999 -9999 -9999 -9999 -9999 -9999 -9999 -9999 -9999 -9999 -9999 -9999 -9999 -9999 -9999 -9999 -9999 -9999 -9999 0.0225 0.015625 0.0084375 0.02296875 0.003541667 0.0090625 0.014375 0.0171875 0.05375 0.0046875 0.005625 0.00234375 0.016875 0.0034375 0.1046875 0.3435937 0.4696875 0.5171875 0.1553125 0.1365625 0.09140625 0.00171875 0.05703125 0.08390625 0.1951562 0.00078125 0.1064062 0.00765625 0.00078125 0.05578125 0.00078125 0 0.0059375 0 0.0015625 0 0 0.01484375 0.059375 0.1321875 0.06953125 0.81875 0.9820312 0.9829687 1
-9999 -9999 -9999 -9999 -9999 -9999 -9999 -9999 -9999 -9999 -9999 -9999 -9999 -9999 -9999 -9999 -9999 -9999 -9999 0 0.005 0.04796875 0.09921875 0.0159375 0.01921875 0.005416667 0.02640625 0.118125 0.015625 0.000625 0.02578125 0.03765625 0.081875 0.08640625 0.1626562 0.6578125 0.6115625 0.2948438 0.1492188 0.4126562 0.4221875 0.05109375 0.0975 0.02609375 0.06375 0.0825 0.01546875 0.0178125 0.016875 0.04479167 0.0015625 0.00578125 0.0028125 0.004375 0.00109375 0.00078125 0.01078125 0.0134375 0.01109375 0.06078125 0.0953125 0.8382813 0.979375 0.9925 0.9890625
-9999 -9999 -9999 -9999 -9999 -9999 -9999 -9999 -9999 -9999 -9999 -9999 -9999 -9999 -9999 -9999 -9999 -9999 -9999 0.015625 0.0125 0.004375 0.1078125 0.080625 0.1042188 0.1685417 0.1335938 0.2660938 0.0103125 0.00171875 0 0.00390625 0.00984375 0.1071875 0.299375 0.2767187 0.3378125 0.286875 0.3667187 0.6685938 0.75875 0.43875 0.3492188 0.144375 0.2364063 0.3073438 0.02265625 0.01796875 0.00265625 0 0.0196875 0.01484375 0.01484375 0.0075 0.02796875 0.00375 0.1760937 0.3039063 0.00296875 0.0184375 0.149375 0.7101563 0.9928125 0.97625 0.9795312
-9999 -9999 -9999 -9999 -9999 -9999 -9999 -9999 -9999 -9999 -9999 -9999 -9999 -9999 -9999 -9999 -9999 -9999 -9999 -9999 0.05984375 0.00609375 0.07859375 0.323125 0.1229687 0.1796875 0.0859375 0.00078125 0 0 0 0.039375 0.060625 0.005 0.1259375 0.1585937 0.3353125 0.2934375 0.3209375 0.4492188 0.3732812 0.4453125 0.9098437 0.9457812 0.2689063 0.3007813 0.15 0.1648438 0.0009375 0 0 0.01125 0.0165625 0.00828125 0.06921875 0.02359375 0.1920312 0.4728125 0.00875 0.02578125 0.02265625 0.2225 0.8490625 0.9682813 0.9725
-9999 -9999 -9999 -9999 -9999 -9999 -9999 -9999 -9999 -9999 -9999 -9999 -9999 -9999 -9999 -9999 -9999 -9999 -9999 0.01145833 0.01234375 0.02796875 0.1432813 0.315 0.07875 0.00171875 0.00078125 0.00296875 0.013125 0 0.00078125 0 0.5464063 0.3234375 0.0503125 0.8251562 0.6679688 0.3589062 0.32875 0.3020312 0.4865625 0.8178125 0.8315625 0.595625 0.38625 0.3126563 0.125 0.046875 0 0 0 0.00390625 0.004375 0 0.00453125 0.12375 0.04734375 0.001875 0.006875 0.00375 0.0046875 0.05453125 0.4740625 0.9976562 0.9551563
-9999 -9999 -9999 -9999 -9999 -9999 -9999 -9999 -9999 -9999 -9999 -9999 -9999 -9999 -9999 -9999 -9999 -9999 -9999 0.013125 0.034375 0.01828125 0.02421875 0.3417187 0.1553125 0.0346875 0.041875 0.0128125 0.0009375 0.00859375 0.00078125 0.00734375 0.09156249 0.2782812 0.0628125 0.8407813 0.5248438 0.5179688 0.7789062 0.6115625 0.6746875 0.4889063 0.4967188 0.4928125 0.6082813 0.9451563 0.6267188 0.03796875 0.01421875 0.00421875 0 0.00015625 0.02078125 0.00078125 0.00234375 0.6 0.44875 0.0078125 0.00578125 0.00046875 0.009375 0.060625 0.24375 0.956875 0.9951563
-9999 -9999 -9999 -9999 -9999 -9999 -9999 -9999 -9999 -9999 -9999 -9999 -9999 -9999 -9999 -9999 -9999 -9999 -9999 0.0234375 0.01609375 0.0646875 0.09703125 0.04 0.0140625 0.06125 0.0165625 0.0103125 0.01171875 0.00703125 0.00296875 0.3526562 0.2254688 0.00125 0.1253125 0.4046875 0.6070312 0.4567187 0.7120312 0.4157813 0.5195313 0.424375 0.595 0.8107812 0.971875 0.9510937 0.4170312 0.01895833 0.00140625 0 0 0 0.01078125 0.0278125 0.1148437 0.8503125 0.89125 0.2198438 0.01015625 0.00859375 0.0940625 0.06875 0.3271875 0.9309375 0.9889063
-9999 -9999 -9999 -9999 -9999 -9999 -9999 -9999 -9999 -9999 -9999 -9999 -9999 -9999 -9999 -9999 -9999 -9999 0.01625 0.01265625 0.02 0.0159375 0.0725 0.004375 0.01953125 0.03375 0.01890625 0 0 0.00125 0.04546875 0.6059375 0.54625 0.1195313 0.1754687 0.1815625 0.1234375 0.7367188 0.7746875 0.628125 0.6620312 0.355625 0.6404687 0.9626563 0.993125 0.9321875 0.2179687 0.01171875 0.00671875 0 0.00078125 0 0 0.00578125 0.1296875 0.7239063 0.9201562 0.1929688 0.0321875 0.05046875 0.0771875 0.07609375 0.468125 0.9671875 0.9178125
-9999 -9999 -9999 -9999 -9999 -9999 -9999 -9999 -9999 -9999 -9999 -9999 -9999 -9999 -9999 -9999 -9999 -9999 0.0203125 0 0.00078125 0.02203125 0.1746875 0.208125 0.02421875 0.0009375 0 0.0009375 0 0 0.01546875 0.3125 0.67375 0.6760938 0.1570313 0.0434375 0.2360937 0.753125 0.5128125 0.4279688 0.22375 0.5440625 0.7510937 0.96125 0.9885938 0.8670312 0.2732812 0.00046875 0.00890625 0 0.00109375 0 0 0.0103125 0.00328125 0.1023438 0.6564062 0.1576563 0.0009375 0.06484375 0.06921875 0.09328125 0.6110938 0.989375 0.996875
-9999 -9999 -9999 -9999 -9999 -9999 -9999 -9999 -9999 -9999 -9999 -9999 -9999 -9999 -9999 -9999 -9999 -9999 0.185625 0.00109375 0.074375 0.444375 0.2726563 0.45125 0.01046875 0 0 0.01578125 0.07734375 0.00203125 0.00171875 0.01921875 0.04375 0.6096875 0.5192187 0.3279687 0.458125 0.7232813 0.3451563 0.3389063 0.4517187 0.4234375 0.585 0.7223437 0.9325 0.915625 0.4920312 0.1445313 0 0.003125 0 0.00078125 0 0.00109375 0.0309375 0.0725 0.18 0.03796875 0.0071875 0.03765625 0.0471875 0.1121875 0.216875 0.9209375 0.9657813
