Env_Vars_Sept202022/Set_1/proptree_sept20.asc.asc
ncols         145
nrows         190
xllcorner     -2197417.7431653
yllcorner     -584827.01486885
cellsize      20000
NODATA_value  -9999
[rows 87 to 115 of 190, columns 0 to 63 of 145]
-9999 -9999 -9999 -9999 -9999 0.984375 -9999 -9999 -9999 -9999 -9999 -9999 -9999 0.41625 0.6289583 0.6297917 0.7340625 0.724375 0.708125 0.8415625 0.6559375 0.5657812 0.830625 0.8221875 0.8982812 0.845625 0.9860938 0.8407813 0.793125 0.8464062 0.8746875 0.7939062 0.8732812 0.7885938 0.9076563 0.5998437 0.905 0.713125 0.7664062 0.909375 0.919375 0.9734375 0.9140625 0.8903125 0.9601563 0.8484375 0.5695313 0.6660938 0.9134375 0.9076563 0.933125 0.9621875 0.9342188 0.8484375 0.82125 0.9042187 0.625625 0.5985938 0.8510938 0.9007813 0.808125 0.6278125 0.6153125 0.7720312
-9999 -9999 -9999 -9999 0.594375 0.9078125 0.7495833 0.713125 -9999 -9999 -9999 -9999 0.484375 -9999 0.684375 0.7595313 0.6404688 0.46875 0.4789062 0.8610938 0.6351563 0.7507812 0.8576562 0.8267187 0.9242188 0.7945312 0.8290625 0.9015625 0.8810937 0.790625 0.90125 0.8690625 0.9317188 0.9278125 0.7928125 0.91 0.31375 0.5876563 0.7651563 0.81375 0.751875 0.9353125 0.9475 0.7971875 0.7998437 0.6054688 0.3814062 0.725 0.9151562 0.941875 0.8723438 0.936875 0.956875 0.928125 0.8634375 0.8560938 0.4528125 0.62125 0.9526563 0.9117187 0.8809375 0.8346875 0.8735937 0.7532812
-9999 -9999 -9999 -9999 0.544375 0.7878125 0.7798437 0.68 0.636875 0.3196875 -9999 -9999 -9999 0.54625 0.7496875 0.65 0.3446875 0.1579687 0.3221875 0.8273438 0.7042187 0.730625 0.8832812 0.8489063 0.9040625 0.8725 0.891875 0.809375 0.9048437 0.830625 0.819375 0.9103125 0.8717188 0.9117187 0.873125 0.9339063 0.5534375 0.6964062 0.8871875 0.939375 0.9365625 0.895 0.6507813 0.878125 0.8439063 0.6232812 0.3570313 0.406875 0.740625 0.8607813 0.8167188 0.4479688 0.80125 0.981875 0.9257813 0.8678125 0.5407813 0.7953125 0.8260938 0.6926563 0.8128125 0.8020312 0.9204687 0.9054687
-9999 -9999 -9999 -9999 0.728125 0.8089063 0.5329167 0.7123438 0.416875 -9999 -9999 -9999 -9999 0.458125 0.8504688 0.5875 0.4084375 0.3926563 0.5154688 0.8490625 0.7795312 0.6673437 0.848125 0.8821875 0.9075 0.758125 0.8932812 0.8320313 0.8239062 0.7546875 0.7215625 0.87 0.9390625 0.8854687 0.9245312 0.945625 0.8047916 0.8532813 0.8396875 0.8990625 0.8415625 0.9645312 0.9732813 0.86875 0.9209375 0.885625 0.4267187 0.3651562 0.4840625 0.5198438 0.485 0.6065625 0.3578125 0.9528125 0.8726562 0.636875 0.744375 0.8328125 0.8665625 0.740625 0.8034375 0.9046875 0.7890625 0.8878125
-9999 -9999 -9999 -9999 -9999 0.815625 0.94625 0.7952083 -9999 -9999 -9999 -9999 0.51125 0.7934375 0.6120833 0.7583333 0.6220312 0.63875 0.7853125 0.8351563 0.878125 0.8421875 0.5807812 0.8809375 0.8371875 0.8514062 0.8653125 0.6709375 0.8592187 0.87 0.8548437 0.7628125 0.84125 0.8675 0.919375 0.9196875 0.9415625 0.846875 0.916875 0.8846875 0.9090625 0.94375 0.8525 0.871875 0.8398438 0.5809375 0.4342188 0.2510937 0.3176562 0.4039063 0.369375 0.6146875 0.3792188 0.7042187 0.7559375 0.6751562 0.7265625 0.7403125 0.81625 0.6692187 0.714375 0.7151562 0.7165625 0.7451562
-9999 -9999 -9999 -9999 0.475 0.8078125 0.961875 0.368125 -9999 -9999 -9999 -9999 0.4425 0.6745833 0.6167188 0.7095312 0.404375 0.3590625 0.88875 0.9059375 0.7104688 0.6873438 0.5667188 0.7982813 0.8979688 0.9517187 0.9615625 0.956875 0.8603125 0.8285937 0.88875 0.8754687 0.8702083 0.9329687 0.9578125 0.88625 0.9604688 0.7276562 0.9428125 0.8098438 0.8584375 0.9553125 0.9576563 0.77 0.8540625 0.6596875 0.3665625 0.1795312 0.4514062 0.670625 0.4710937 0.2890625 0.1964062 0.3260938 0.25375 0.2445312 0.458125 0.5635937 0.8584375 0.7715625 0.6504687 0.8490625 0.7675 0.87875
-9999 -9999 -9999 -9999 0.634375 0.8384375 0.5552083 -9999 -9999 -9999 -9999 0.324375 0.7670833 0.7301562 0.6026562 0.6796875 0.318125 0.655 0.845 0.7554687 0.518125 0.8401563 0.9354687 0.7789062 0.880625 0.9164063 0.9525 0.9404687 0.85625 0.8807812 0.7739583 0.9120833 0.8729688 0.948125 0.91875 0.9167187 0.9546875 0.7192187 0.9640625 0.7920313 0.7010937 0.9373438 0.9439062 0.978125 0.9814062 0.8664063 0.8139063 0.6801562 0.97625 0.9357812 0.3564063 0.15875 0.3025 0.37625 0.5340625 0.3503125 0.216875 0.5146875 0.9107813 0.8757813 0.920625 0.9084375 0.8240625 0.783125
-9999 -9999 -9999 -9999 -9999 0.799375 0.7704688 -9999 -9999 -9999 -9999 0.156875 0.57875 0.7147917 0.6910937 0.6998438 0.5829688 0.5454687 0.8648437 0.480625 0.5223438 0.575 0.8735937 0.9167187 0.8859375 0.919375 0.8475 0.895625 0.76125 0.724375 0.7210938 0.7083333 0.72125 0.9401562 0.950625 0.9279687 0.9073437 0.8710938 0.9629688 0.831875 0.823125 0.9226562 0.8926563 0.9773437 0.9776562 0.97625 0.8665625 0.783125 0.8310938 0.7221875 0.5660937 0.1678125 0.2239062 0.1896875 0.2660938 0.1915625 0.1579687 0.7896875 0.90625 0.9165625 0.8610938 0.8151562 0.835 0.8053125
-9999 -9999 -9999 -9999 -9999 0.7990625 0.7320833 -9999 -9999 -9999 -9999 -9999 0.7684375 0.603125 0.7804688 0.66125 0.6067188 0.684375 0.5275 0.3890625 0.3515625 0.6196875 0.889375 0.8978125 0.8734375 0.9103125 0.951875 0.8317187 0.9039062 0.928125 0.938125 0.75 0.6779687 0.85625 0.9164063 0.7723438 0.81375 0.9289063 0.9546875 0.944375 0.725625 0.8276563 0.8264062 0.944375 0.9734375 0.9876562 0.959375 0.4471875 0.1010938 0.09625 0.4909375 0.6639062 0.378125 0.5076563 0.8814062 0.3251563 0.10125 0.710625 0.7246875 0.8203125 0.828125 0.504375 0.6164063 0.6570312
-9999 -9999 -9999 -9999 -9999 0.6323438 0.3440625 -9999 -9999 -9999 -9999 -9999 -9999 0.316875 0.4284375 0.5466667 0.7795833 0.6085938 0.4104688 0.501875 0.4785938 0.5042188 0.7884375 0.9228125 0.8973438 0.8114063 0.7548438 0.7465625 0.938125 0.9273437 0.9645312 0.9460937 0.8608333 0.8882812 0.8396875 0.8954687 0.7764062 0.895 0.9134375 0.9307812 0.8151562 0.6554688 0.8826562 0.9098437 0.985 0.9792187 0.9545313 0.5779688 0.1707812 0.1460938 0.03833333 0.0509375 0.3926562 0.6659375 0.809375 0.2796875 0.3153125 0.6207812 0.4096875 0.8477083 0.8882812 0.9360417 0.8582813 0.7315625
-9999 -9999 -9999 -9999 -9999 0.82375 0.2285417 -9999 -9999 -9999 -9999 -9999 -9999 0.599375 0.7 0.8053125 0.7696875 0.5623438 0.43375 0.4051563 0.358125 0.6139063 0.7426562 0.6965625 0.539375 0.64 0.7457812 0.7659375 0.7810937 0.8222917 0.8353125 0.8085938 0.8417187 0.915625 0.9221875 0.8929688 0.90375 0.85375 0.9464062 0.8178125 0.8279687 0.6335937 0.8432813 0.93875 0.969375 0.97875 0.9240625 0.67375 0.7157812 0.51125 0.62625 0.6357812 0.4471875 0.6764063 0.9073437 0.4209375 0.6410937 0.483125 0.5196875 0.5347916 0.6978126 0.725625 0.5584375 0.9545313
-9999 -9999 -9999 -9999 -9999 -9999 0.6110417 -9999 -9999 -9999 -9999 -9999 -9999 0 0.781875 0.836875 0.77625 0.5046875 0.3760937 0.5615625 0.4696875 0.514375 0.6291667 0.8379687 0.8535938 0.8425 0.5609375 0.5645313 0.7670313 0.6965625 0.7325 0.6214063 0.5671875 0.770625 0.9164063 0.9101563 0.8679687 0.8759375 0.894375 0.8814062 0.8315625 0.500625 0.585625 0.69875 0.9442188 0.9698437 0.8939062 0.8814062 0.946875 0.8890625 0.9325 0.9070313 0.9270313 0.7404687 0.6177083 0.5953125 0.4873437 0.7773438 0.8571875 0.9378125 0.8733333 0.62875 0.876875 0.8289062
-9999 -9999 -9999 -9999 -9999 -9999 0.795 -9999 -9999 -9999 -9999 -9999 -9999 0.3859375 0.7954167 0.8107812 0.7959375 0.6001562 0.3190625 0.598125 0.6320313 0.526875 0.5678125 0.7209375 0.7382813 0.72375 0.4910938 0.685 0.4032812 0.5151563 0.8471875 0.7857813 0.7682812 0.7351562 0.8915625 0.7182813 0.76375 0.811875 0.8679687 0.8860937 0.9173437 0.8109375 0.5498437 0.6578125 0.840625 0.9804688 0.940625 0.92375 0.90375 0.92125 0.9345313 0.9445313 0.9767188 0.9707813 0.5085937 0.6651562 0.80625 0.9932812 0.976875 0.9457812 0.920625 0.9607812 0.8378125 0.7983333
-9999 -9999 -9999 -9999 -9999 -9999 0.56125 -9999 -9999 -9999 -9999 -9999 -9999 0.334375 0.3582813 0.7520313 0.6939583 0.604375 0.3926562 0.4365625 0.4803125 0.5182812 0.56875 0.5532812 0.6839063 0.5098438 0.5692188 0.333125 0.5051563 0.733125 0.6809375 0.629375 0.6495312 0.8603125 0.7951562 0.7107812 0.5704688 0.8740625 0.8748437 0.856875 0.8990625 0.6685938 0.7275 0.3620313 0.7129687 0.9215625 0.95 0.8789063 0.8467188 0.93 0.9339063 0.9889063 0.9982812 0.9890625 0.8301563 0.840625 0.9823437 0.8870313 0.8784375 0.935625 0.9579688 0.9101563 0.3729687 0.6025
-9999 -9999 -9999 -9999 -9999 -9999 -9999 -9999 -9999 -9999 -9999 -9999 -9999 -9999 0.15125 0.6304687 0.701875 0.7092187 0.3217188 0.3104688 0.47 0.5557812 0.545625 0.7889062 0.6260937 0.5551562 0.5860938 0.6957812 0.6039063 0.7398437 0.6254687 0.5751563 0.6490625 0.6409375 0.6809375 0.8107812 0.8134375 0.8870313 0.8967187 0.9332812 0.8445312 0.8439063 0.6804687 0.4103125 0.603125 0.8157812 0.9615625 0.9617187 0.9342188 0.8673438 0.9704688 0.9520313 0.97 0.8226563 0.9610937 0.9071875 0.8392187 0.66 0.4946875 0.6934375 0.7401562 0.7584375 0.878125 0.8696875
-9999 -9999 -9999 -9999 -9999 -9999 -9999 -9999 -9999 -9999 -9999 -9999 -9999 -9999 0.3175 0.4175 0.619375 0.6817187 0.5053125 0.4879687 0.5747917 0.5071875 0.770625 0.924375 0.8685938 0.6875 0.8717188 0.8117188 0.8028125 0.6939062 0.790625 0.89125 0.7798437 0.4490625 0.5248438 0.8198438 0.9545313 0.9426563 0.9415625 0.938125 0.9075 0.8735937 0.7860938 0.5067188 0.5229688 0.7582812 0.8632813 0.918125 0.9417188 0.9407812 0.9489062 0.9259375 0.9232813 0.9517187 0.928125 0.8690625 0.92625 0.66375 0.2690625 0.63875 0.8375 0.9 0.9378125 0.895
-9999 -9999 -9999 -9999 -9999 -9999 -9999 -9999 -9999 -9999 -9999 -9999 -9999 -9999 -9999 0.4284375 0.59875 0.69 0.6798438 0.525625 0.4379688 0.5090625 0.679375 0.7676562 0.586875 0.7229688 0.754375 0.8515625 0.9103125 0.8565625 0.8195313 0.8485938 0.7207813 0.494375 0.6573437 0.676875 0.8307812 0.89875 0.9153125 0.9328125 0.8548437 0.828125 0.7940625 0.7890625 0.5457813 0.7284375 0.6654688 0.9073437 0.940625 0.8796875 0.8978125 0.9614062 0.95375 0.9684375 0.8889062 0.9517187 0.889375 0.9204687 0.7373438 0.716875 0.8578125 0.904375 0.7579688 0.8409375
-9999 -9999 -9999 -9999 -9999 -9999 -9999 -9999 -9999 -9999 -9999 -9999 -9999 -9999 0.143125 0.56625 0.6610937 0.7314062 0.69625 0.6002083 0.72375 0.7029687 0.7060938 0.5317187 0.673125 0.7298437 0.7184375 0.5382813 0.7404687 0.8953125 0.8342187 0.6840625 0.7475 0.5442187 0.6335937 0.7579688 0.8601562 0.9164063 0.9267188 0.9282812 0.8420312 0.71125 0.8878125 0.5921875 0.6089063 0.4720312 0.738125 0.7642187 0.9525 0.9584375 0.9926562 0.8784375 0.8 0.9028125 0.8954688 0.8676562 0.861875 0.9573438 0.8179687 0.905625 0.858125 0.6110938 0.4998437 0.1671875
-9999 -9999 -9999 -9999 -9999 -9999 -9999 -9999 -9999 -9999 -9999 -9999 -9999 -9999 -9999 0.4670833 0.8290625 0.7834375 0.83625 0.470625 0.520625 0.510625 0.3384375 0.7096875 0.836875 0.6484375 0.8092188 0.8190625 0.7660937 0.7278125 0.8615625 0.7429687 0.810625 0.6109375 0.610625 0.6735938 0.8632813 0.898125 0.936875 0.8940625 0.7748438 0.7571875 0.7275 0.6723437 0.4539062 0.4451562 0.4967188 0.319375 0.5654687 0.77375 0.9446875 0.9176562 0.8290625 0.9315625 0.9359375 0.9034375 0.9403125 0.9039062 0.9590625 0.7432812 0.4575 0.2326563 0.1301562 0.0203125
-9999 -9999 -9999 -9999 -9999 -9999 -9999 -9999 -9999 -9999 -9999 -9999 -9999 -9999 -9999 0.25375 0.8770313 0.839375 0.7760937 0.3953125 0.7675 0.2157813 0.405 0.255 0.3253125 0.596875 0.7020313 0.8153125 0.7004688 0.5201563 0.7660937 0.5748438 0.7153125 0.4554687 0.7525 0.70125 0.8476563 0.9025 0.9429687 0.9425 0.6275 0.6171875 0.3517188 0.7814063 0.5815625 0.4757813 0.3939062 0.1701563 0.3392188 0.7876562 0.9370313 0.9017187 0.9140625 0.944375 0.9623438 0.9398438 0.823125 0.5984375 0.8323438 0.525625 0.1285937 0.1303125 0.195 0.2404688
-9999 -9999 -9999 -9999 -9999 -9999 -9999 -9999 -9999 -9999 -9999 -9999 -9999 -9999 -9999 0.723125 0.721875 0.7295312 0.69 0.5589063 0.6090625 0.4175 0.0740625 0.48125 0.564375 0.42375 0.760625 0.8703125 0.5010937 0.2215625 0.34 0.5423437 0.6982812 0.6339062 0.7615625 0.6425 0.6504688 0.6959375 0.9251562 0.94875 0.7071875 0.4101563 0.3701562 0.4325 0.8182812 0.3828125 0.1535937 0.2670313 0.3779688 0.7696875 0.7670313 0.9442188 0.9279687 0.9610938 0.9310938 0.8651562 0.7839062 0.7232813 0.6221875 0.4635938 0.2842187 0.4704688 0.3517188 0.2920313
-9999 -9999 -9999 -9999 -9999 -9999 -9999 -9999 -9999 -9999 -9999 -9999 -9999 -9999 -9999 0.543125 0.7782812 0.7596875 0.5951563 0.7520313 0.5535938 0.3915625 0.230625 0.5021875 0.3417187 0.6396875 0.6864063 0.5339062 0.3185937 0.2559375 0.258125 0.2951562 0.66 0.525625 0.6975 0.5542188 0.688125 0.8946875 0.945 0.7976562 0.75125 0.594375 0.2351563 0.4104688 0.4775 0.7601563 0.4684375 0.2826563 0.316875 0.55875 0.5526562 0.9415625 0.955 0.896875 0.928125 0.9845313 0.955625 0.98 0.93 0.6871875 0.420625 0.340625 0.384375 0.3309375
-9999 -9999 -9999 -9999 -9999 -9999 -9999 -9999 -9999 -9999 -9999 -9999 -9999 -9999 -9999 0.85375 0.7679167 0.8015625 0.5253125 0.4795313 0.274375 0.01921875 0.1604687 0.4771875 0.2015625 0.5520313 0.7935938 0.7471875 0.4929687 0.2198437 0.298125 0.2521875 0.5329688 0.4139062 0.6934375 0.8339063 0.73375 0.90625 0.7817187 0.69125 0.7592188 0.7792187 0.5710937 0.3157812 0.2895313 0.825625 0.5495312 0.6310937 0.6976563 0.6426563 0.2659375 0.3528125 0.9198437 0.6420313 0.921875 0.9698437 0.8076563 0.935 0.953125 0.8140625 0.3575 0.3410937 0.321875 0.05328125
-9999 -9999 -9999 -9999 -9999 -9999 -9999 -9999 -9999 -9999 -9999 -9999 -9999 -9999 0.455625 0.725 0.7485937 0.7673438 0.690625 0.574375 0.3367187 0.06890625 0.4653125 0.2932813 0.2510937 0.3670312 0.4464062 0.7335938 0.3975 0.393125 0.3429688 0.3642187 0.4154688 0.5823438 0.7685938 0.6642188 0.6257812 0.5896875 0.8517188 0.89875 0.7017187 0.634375 0.41375 0.3973438 0.596875 0.6921875 0.658125 0.5495313 0.3540625 0.6526563 0.4429687 0.2873437 0.7209375 0.9121875 0.9045312 0.95125 0.9303125 0.9785938 0.9153125 0.659375 0.4332812 0.4940625 0.1285937 0.09937499
-9999 -9999 -9999 -9999 -9999 -9999 -9999 -9999 -9999 -9999 -9999 -9999 0.5614063 0.6576563 0.745625 -9999 0.6529688 0.7454167 0.7239584 0.6317188 0.4953125 0.2804688 0.5048437 0.0034375 0.281875 0.2975 0.7240625 0.7054688 0.5764062 0.525 0.5973437 0.5034375 0.3415625 0.2596875 0.5470312 0.784375 0.6357812 0.5914062 0.7821875 0.8910937 0.7215625 0.8564063 0.6415625 0.4553125 0.531875 0.7653125 0.5190625 0.4898438 0.3395312 0.54125 0.4435937 0.1371875 0.210625 0.9582812 0.9610937 0.8946875 0.9471875 0.8698437 0.9554688 0.815 0.29 0.4467188 0.2809375 0.1710937
-9999 -9999 -9999 -9999 -9999 -9999 -9999 -9999 -9999 -9999 -9999 -9999 0.7428125 0.8851563 0.8979167 0.7403125 -9999 0.57375 0.5602083 0.6326562 0.5476562 0.455625 0.5004167 0.2585937 0.4703125 0.1840625 0.3459375 0.5107812 0.6909375 0.9140625 0.8589063 0.6895313 0.5446875 0.5010937 0.6370313 0.8557813 0.76125 0.7664063 0.8432813 0.9526563 0.8807813 0.9746875 0.9120312 0.5092188 0.5720313 0.53375 0.4689062 0.6367188 0.2846875 0.2226563 0.5032812 0.146875 0.205625 0.6676562 0.9028125 0.9578125 0.9817188 0.9325 0.9795312 0.9073437 0.7670313 0.5476562 0.4795313 0.1032813
-9999 -9999 -9999 -9999 -9999 -9999 -9999 -9999 -9999 -9999 -9999 -9999 -9999 0.83125 0.7948437 0.9348438 -9999 -9999 0.7104688 0.7592188 0.7210938 0.545 0.51625 0.3420312 0.4325 0 0.2282813 0.5346875 0.6315625 0.7415625 0.9171875 0.8626562 0.7010937 0.2751563 0.658125 0.578125 0.8546875 0.7126563 0.8417187 0.8328125 0.8704687 0.97375 0.9298438 0.8670312 0.77875 0.3526562 0.4407813 0.52625 0.4179688 0.12375 0.2315625 0.1745313 0.1804688 0.1748438 0.8759375 0.944375 0.9460937 0.9576563 0.9532812 0.9257813 0.7060937 0.1415625 0.1904688 0.02578125
-9999 -9999 -9999 -9999 -9999 -9999 -9999 -9999 -9999 -9999 -9999 -9999 -9999 0.9283333 0.9514062 0.960625 0.866875 0.7508333 0.679375 0.7007812 0.7871875 0.7401562 0.6817187 0.4815625 0.5820833 0.29375 0.2685938 0.2623438 0.38 0.2845312 0.4117188 0.8107812 0.926875 0.4757813 0.591875 0.5309375 0.5890625 0.7595313 0.8414062 0.8895313 0.9101563 0.92875 0.8621875 0.9276562 0.8198438 0.42125 0.7295312 0.5128125 0.5854688 0.1159375 0.1198438 0.04484375 0.1698437 0.2170312 0.6873438 0.9609375 0.9196875 0.9546875 0.9132813 0.4810938 0.3154687 0.09859375 0.054375 0.09640625
-9999 -9999 -9999 -9999 -9999 -9999 -9999 -9999 -9999 -9999 -9999 -9999 -9999 0.380625 0.8432813 0.9448438 0.9678125 0.9729688 0.9473437 0.6384375 0.7346875 0.8235937 0.76375 0.51625 0.3085938 0.210625 0.1610938 0.0353125 0.1692187 0.1667188 0.5432813 0.8182812 0.7873437 0.5423437 0.80875 0.3192188 0.4407812 0.7401562 0.82 0.9015625 0.8139063 0.8403125 0.8734375 0.925 0.6982813 0.4985937 0.7957813 0.488125 0.494375 0.4240625 0.3229688 0.1839063 0.3503125 0.4490625 0.5032812 0.7770312 0.9625 0.93125 0.775625 0.326875 0.0953125 0.03453125 0.02958333 0.03125
