Env_Vars_Sept202022/Set_1/rugg_sept20.asc.asc
ncols         145
nrows         190
xllcorner     -2197417.7431653
yllcorner     -584827.01486885
cellsize      20000
NODATA_value  -9999
[rows 78 to 103 of 190, columns 0 to 57 of 145]
-9999 -9999 -9999 -9999 -9999 -9999 -9999 -9999 0.01524397 0.01494257 0.02351966 -9999 0.03318669 0.02741503 0.042367 0.04629794 0.06384373 0.05226704 0.03730213 0.0337907 0.04553219 0.03140377 0.04063578 0.03152149 0.02452868 0.02516616 0.02233456 0.036194 0.02260944 0.01025008 0.03136197 0.03337326 0.02935427 0.02644847 0.02442938 0.02664484 0.02738948 0.04875822 0.03525695 0.03727365 0.02574486 0.002675613 0.006505718 0.004442947 0.01139856 0.004149554 0.00376275 0.002952754 0.001754416 0.001452367 0.001290151 0.001118045 0.0006808143 0.001506931 0.002220739 0.001521127 0.0005126516 0.0004517927
-9999 -9999 -9999 -9999 -9999 -9999 -9999 0.02596276 0.01057429 0.03044602 0.0254186 0.01724238 -9999 0.03251307 0.03812414 0.05006139 0.03607921 0.04334371 0.04499185 0.03269114 0.03266959 0.02573922 0.03859405 0.02691463 0.02250773 0.02070021 0.02540522 0.03210139 0.0196841 0.01785249 0.02459734 0.0318182 0.03657832 0.02445836 0.02076993 0.02837868 0.02889946 0.03743972 0.03865358 0.02994209 0.02848714 0.01144049 0.004336838 0.01068228 0.01113602 0.006192375 0.004646995 0.001399444 0.000279883 0.0004433802 0.0005334893 0.0007250002 0.001625516 0.001643293 0.0007762929 0.0009236045 0.001362471 0.0003011599
-9999 -9999 -9999 -9999 -9999 -9999 -9999 0.02085648 0.02780406 0.03434854 0.03094423 0.03862372 0.03086723 0.02618405 0.04470431 0.0482761 0.06303537 0.05523487 0.04082868 0.03670167 0.0430333 0.02026379 0.03618716 0.02977253 0.03159072 0.03828733 0.03138959 0.03629083 0.02533804 0.01687197 0.01407073 0.03203271 0.03053541 0.02998407 0.01589048 0.02674076 0.03253698 0.03341814 0.04459706 0.03011563 0.03009419 0.01561179 0.009279667 0.008864523 0.007581567 0.005783462 0.00643896 0.00136869 0.000633634 0.001222465 0.0009867486 0.0005823991 0.00179027 0.0008321032 0.001468539 0.001578732 0.001699094 0.0002573511
-9999 -9999 -9999 -9999 -9999 -9999 -9999 0.03252232 0.01953228 0.02708275 0.01937966 0.03025528 0.01741798 0.03272587 0.05196853 0.04682492 0.06280903 0.05358705 0.05517489 0.04093193 0.03502254 0.01355485 0.03312092 0.01910173 0.02961692 0.0263781 0.02996083 0.02853089 0.02280124 0.0255074 0.01821404 0.02935722 0.02964579 0.03507396 0.01814628 0.02840635 0.03696103 0.03329626 0.04401767 0.01833312 0.0294624 0.010549 0.008694954 0.0073805 0.01217581 0.006217401 0.003529401 0.001680688 0.001840807 0.001338685 0.001801097 0.001673472 0.002256118 0.001161861 0.001630561 0.00135788 0.001639638 0.0005870516
-9999 -9999 -9999 -9999 -9999 -9999 -9999 0.05104692 0.01874316 0.04160788 0.03487435 -9999 0.04033052 0.02205232 0.04468209 0.0547226 0.06584608 0.06690104 0.05479588 0.01951369 0.03081122 0.0128879 0.02047449 0.04276521 0.04213183 0.03157191 0.04062142 0.02069408 0.02609221 0.03375672 0.01876115 0.02855419 0.02727325 0.02525223 0.0152763 0.02344235 0.04276967 0.03235466 0.03738615 0.02186309 0.0170909 0.01018867 0.00906508 0.008874336 0.006415127 0.004459559 0.002692835 0.001900073 0.0005998349 0.002462958 0.003620646 0.003269732 0.00295946 0.001247796 0.002587847 0.0007671458 0.0002850855 0.0002891962
-9999 -9999 -9999 -9999 -9999 -9999 -9999 0.03589235 0.01895491 0.03435295 0.03536008 0.01367679 0.02552586 0.01781772 0.01444362 0.05021817 0.06646079 0.04849075 0.05788985 0.02636915 0.01895172 0.007607818 0.0204838 0.03414524 0.0285146 0.03017393 0.02767942 0.0216156 0.01754114 0.03114685 0.02891061 0.03029094 0.03245563 0.01948307 0.01686069 0.02573867 0.03564406 0.03013589 0.03588082 0.02641281 0.02568809 0.009478646 0.005293924 0.005620932 0.007808446 0.003997577 0.001330929 0.00187657 0.002255734 0.002446038 0.003924814 0.00219893 0.001486504 0.001877383 0.001639025 0.001577607 0.002103028 0.00028452
-9999 -9999 -9999 -9999 -9999 -9999 -9999 0.03034746 -9999 0.02046963 0.02327642 -9999 0.02907521 0.008805837 0.03153543 0.0536213 0.05769097 0.05384862 0.05005677 0.04031325 0.02566621 0.01085756 0.009749055 0.03515555 0.0239203 0.03318586 0.03180928 0.02704611 0.01799039 0.0253861 0.03112381 0.03629141 0.01625546 0.02724251 0.02308505 0.01848076 0.03013279 0.03156894 0.02723175 0.02547924 0.02269394 0.007514538 0.007268131 0.005273514 0.005273711 0.0034056 0.001679191 0.0008247934 0.00151457 0.001648178 0.001014982 0.001556174 0.001234756 0.001754102 0.001803917 0.002629426 0.003772208 0.003812878
-9999 -9999 -9999 -9999 -9999 -9999 -9999 -9999 -9999 0.01259897 0.02995712 -9999 0.01123696 -9999 0.03115048 0.05861386 0.05686423 0.03079968 0.0496427 0.02588959 0.01405684 0.02122882 0.01120303 0.01314493 0.03287158 0.03254696 0.02661411 0.01634844 0.0134654 0.0200574 0.02960348 0.03738703 0.02059375 0.01643921 0.02560645 0.01731815 0.02659465 0.02933969 0.0229367 0.02679715 0.0195203 0.007726134 0.009525284 0.006827289 0.004330792 0.003576764 0.001382616 0.001037498 0.0008408451 0.0007556686 0.0005597193 0.0006665918 0.00313486 0.003417155 0.002842979 0.001868108 0.002835178 0.002691747
-9999 -9999 -9999 -9999 -9999 -9999 -9999 -9999 -9999 -9999 -9999 -9999 -9999 0.01585998 0.04047891 0.0430676 0.03063417 0.04501237 0.04557761 0.02009893 0.02746153 0.04148281 0.02529759 0.01558088 0.02257723 0.02265917 0.01048912 0.01552947 0.0130931 0.01315115 0.02417335 0.02986958 0.0211745 0.02935083 0.01886198 0.009440156 0.02095758 0.0344777 0.03269996 0.02634282 0.01905795 0.007536852 0.006283378 0.008260098 0.004952037 0.004600018 0.003406978 0.001031336 0.0008111295 0.0006577562 0.001428556 0.003310097 0.003787871 0.003128689 0.002812587 0.001421541 0.002129926 0.002064057
-9999 -9999 -9999 -9999 -9999 0.007129021 -9999 -9999 -9999 -9999 -9999 -9999 -9999 -9999 0.02131266 0.03008782 0.04358621 0.04037379 0.03717226 0.02880328 0.04074891 0.04236468 0.02925715 0.02610143 0.01969213 0.02694932 0.01013956 0.01070386 0.01950429 0.01014458 0.02422394 0.01698212 0.02091279 0.02761631 0.02725863 0.003326996 0.02834694 0.03983841 0.03377835 0.02082036 0.02150948 0.01231275 0.003597731 0.009274257 0.008679194 0.003005922 0.003421106 0.001364621 0.0005296229 0.001876338 0.003376164 0.003281312 0.002977902 0.002081375 0.001753432 0.001629615 0.002232103 0.006042925
-9999 -9999 -9999 -9999 0.007320405 0.02186433 0.005361318 0.002402048 -9999 -9999 -9999 -9999 0.01570916 -9999 0.02574293 0.04257117 0.05467674 0.05436891 0.04202578 0.03048274 0.03402606 0.03043211 0.02096144 0.01445122 0.02365492 0.03040119 0.01890363 0.0061759 0.01605198 0.01102334 0.02157153 0.02278711 0.01476752 0.01963144 0.02134686 0.006978934 0.005636172 0.03971254 0.02925742 0.02602624 0.01744897 0.01242151 0.004597435 0.009046736 0.008769949 0.005190861 0.007569485 0.001943023 0.001272094 0.003574785 0.004052542 0.003363681 0.002918461 0.002358317 0.001195289 0.001887494 0.001080069 0.006340976
-9999 -9999 -9999 -9999 -9999 0.0191981 0.009638041 0.001611882 0.002131157 0.005441495 -9999 -9999 -9999 -9999 0.02868584 0.048927 0.06120807 0.06168728 0.0454744 0.03151762 0.04088788 0.02997351 0.03182214 0.0246466 0.01918182 0.02210154 0.01135384 0.007692312 0.007384449 0.01674064 0.01573348 0.009719908 0.01519467 0.01276329 0.01974193 0.01200988 0.00607923 0.03398456 0.02853898 0.01913382 0.02047485 0.01278171 0.005445183 0.005469426 0.007809072 0.01007965 0.005862272 0.002236116 0.001201677 0.003173301 0.005206301 0.001828496 0.003891142 0.002728432 0.003656815 0.00134112 0.001535958 0.00603418
-9999 -9999 -9999 -9999 0.0255676 0.02635394 -9999 0.003655335 0.00347285 -9999 -9999 -9999 -9999 -9999 0.02920701 0.04942271 0.05658506 0.06150047 0.05241609 0.02910592 0.03957769 0.04650883 0.02737858 0.01474747 0.01339945 0.02019772 0.007101872 0.007297319 0.01148307 0.01721748 0.01796807 0.01025944 0.00904818 0.008378052 0.01206063 0.01978457 0.00506808 0.02090285 0.02756499 0.02169677 0.02033157 0.01228672 0.0107504 0.003809677 0.005772913 0.01256709 0.007051215 0.006749561 0.003596755 0.006402997 0.006862686 0.004444432 0.001675471 0.003191734 0.002436544 0.0008567901 0.001622819 0.008191474
-9999 -9999 -9999 -9999 -9999 0.02852565 0.01127826 0.0004802189 -9999 -9999 -9999 -9999 0.01704159 0.01401816 0.03861474 0.04936292 0.05133019 0.04048568 0.03968522 0.01688756 0.0322077 0.03222297 0.03738656 0.0135387 0.008434926 0.01527902 0.003919688 0.009541622 0.008220687 0.01593756 0.01212179 0.005820603 0.01082442 0.008951717 0.006247682 0.01194256 0.007957008 0.01453945 0.02112317 0.02713807 0.02080923 0.0157554 0.01074629 0.007367441 0.006834269 0.00362363 0.003367461 0.007573173 0.004623607 0.003794544 0.001168439 0.004278048 0.001168115 0.001230996 0.00184175 0.0008993212 0.002262577 0.004220378
-9999 -9999 -9999 -9999 0.03924427 0.03206785 0.009172997 0.0009622919 -9999 -9999 -9999 -9999 0.01176434 0.02924718 0.04737547 0.05565807 0.06237455 0.06009159 0.03726826 0.02781787 0.0407232 0.03241059 0.03562928 0.01842523 0.009588036 0.009539397 0.004220781 0.006665543 0.006774883 0.0132949 0.006198318 0.01044542 0.005671063 0.006573015 0.006316706 0.009425627 0.01070248 0.00973336 0.02556572 0.02717167 0.02069776 0.02006127 0.01529053 0.009227559 0.007132336 0.004479702 0.003987177 0.002928465 0.002526458 0.001631677 0.001327434 0.006862926 0.003627838 0.0005346537 0.0005418269 0.002366096 0.008388788 0.0005474827
-9999 -9999 -9999 -9999 0.02945491 0.02747499 0.01494182 -9999 -9999 -9999 -9999 0.004936336 0.005421449 0.03338522 0.0385264 0.0520974 0.07113903 0.04841594 0.02309932 0.03629606 0.04289708 0.02949375 0.01420217 0.01791503 0.01457671 0.009955749 0.009568815 0.005643182 0.002595657 0.008021164 0.01110623 0.005456319 0.007704491 0.005011333 0.008984141 0.008277837 0.01136624 0.002949539 0.02381853 0.02373678 0.02723606 0.01724273 0.0170351 0.01722699 0.008985683 0.009079229 0.005622057 0.004228522 0.002382226 0.002339527 0.002208855 0.004656818 0.006351588 0.005372727 0.005128236 0.005608058 0.0008937803 0.0007952214
-9999 -9999 -9999 -9999 -9999 0.04017501 0.01907692 -9999 -9999 -9999 -9999 -9999 0.01843633 0.019962 0.03690274 0.04710714 0.04777464 0.03245499 0.03588025 0.05430495 0.0328143 0.02017026 0.01080474 0.009981507 0.01129341 0.01196769 0.004650959 0.003403152 0.009378624 0.01115174 0.01000074 0.003463111 0.006838602 0.003059935 0.004073335 0.006609996 0.006095674 0.008353847 0.01859868 0.02952535 0.02827086 0.0230758 0.01702749 0.01361511 0.01290284 0.00981641 0.006319051 0.003207902 0.001982992 0.002286096 0.003405546 0.001515585 0.001761743 0.001594328 0.001353075 0.00342279 0.0003840281 0.0007919124
-9999 -9999 -9999 -9999 -9999 0.02615078 0.0301391 -9999 -9999 -9999 -9999 -9999 0.008342093 0.02815613 0.0343628 0.02892801 0.04894799 0.04334276 0.05877776 0.04890442 0.0332957 0.03258574 0.009658548 0.01465243 0.007593306 0.008859046 0.008533428 0.008003185 0.006143081 0.01111037 0.01135927 0.006649717 0.01036609 0.002476894 0.003485577 0.002560153 0.004470728 0.008170526 0.01163306 0.02089165 0.03587762 0.0296898 0.02236484 0.01310081 0.006942634 0.004450584 0.002648957 0.001308041 0.0007352312 0.001219382 0.002544653 0.002019004 0.003987848 0.003378936 0.00604098 0.002770388 0.0003831509 0.0006031419
-9999 -9999 -9999 -9999 -9999 0.04057335 0.02156222 -9999 -9999 -9999 -9999 -9999 -9999 -9999 0.02402479 0.04005622 0.04039967 0.0458408 0.06157016 0.0565572 0.02708139 0.02817803 0.01225466 0.008327692 0.007384005 0.007827205 0.005785496 0.007678637 0.00776469 0.008238366 0.009099269 0.006228436 0.003310897 0.00329963 0.001679944 0.003385035 0.002338038 0.005903719 0.007152488 0.02166805 0.03194869 0.03105872 0.02375994 0.01230685 0.006615527 0.002231189 0.002006896 0.001373359 0.001375274 0.001703992 0.0008966721 0.0008210696 0.005555513 0.00122385 0.001610209 0.00266563 0.0009860692 0.0008530038
-9999 -9999 -9999 -9999 -9999 0.04017107 0.02252049 -9999 -9999 -9999 -9999 -9999 -9999 0.006568492 0.02231582 0.04561707 0.04549981 0.05427527 0.05551497 0.05266994 0.03263494 0.03145786 0.01502075 0.006125763 0.01215582 0.00403238 0.005159102 0.006526054 0.01002952 0.004805881 0.01130686 0.002811329 0.003106531 0.001280494 0.002065754 0.001249586 0.004392539 0.00655737 0.008525522 0.01674753 0.02722866 0.02453413 0.02104133 0.01708406 0.004059436 0.003819068 0.001625984 0.002048095 0.002273565 0.002240144 0.004132149 0.004251024 0.005215813 0.001230956 0.002159481 0.0007588387 0.001147977 0.0004399517
-9999 -9999 -9999 -9999 -9999 -9999 0.02556036 -9999 -9999 -9999 -9999 -9999 -9999 -9999 0.01859039 0.04088645 0.04447053 0.05381356 0.05909124 0.04246063 0.043517 0.02707518 0.01026191 0.01021122 0.008261696 0.004249398 0.003123531 0.008643861 0.009641103 0.01118639 0.004910756 0.001095706 0.001471464 0.0006659652 0.00150087 0.002504607 0.003854078 0.005175295 0.008009469 0.01852052 0.02865364 0.0414493 0.02686903 0.0233117 0.01299124 0.00965268 0.008093885 0.004378426 0.002170137 0.002853898 0.002818876 0.004148573 0.002386773 0.001511241 0.0009257214 0.001555837 0.0007628771 0.00104624
-9999 -9999 -9999 -9999 -9999 -9999 0.02444787 -9999 -9999 -9999 -9999 -9999 -9999 0.007229233 0.01543905 0.03273906 0.03541615 0.05017985 0.05674293 0.0455914 0.04731001 0.04024512 0.01749676 0.008238107 0.0066798 0.004384727 0.004399529 0.007268604 0.007037078 0.006095805 0.007398538 0.005007356 0.005261034 0.001595312 0.003710532 0.004342617 0.001871683 0.002639055 0.003933436 0.007030055 0.01810191 0.02646109 0.0341537 0.03045887 0.02124969 0.01157541 0.009289494 0.008531577 0.004824338 0.003644928 0.003395784 0.001386963 0.002970194 0.001877005 0.0007477591 0.0006849689 0.001444505 0.002277568
-9999 -9999 -9999 -9999 -9999 -9999 0.0100565 -9999 -9999 -9999 -9999 -9999 -9999 0.006411873 0.004066454 0.02395398 0.029768 0.04410429 0.05086824 0.0510419 0.0544093 0.04996088 0.02059621 0.007112687 0.008868216 0.002203292 0.006455294 0.00741472 0.005195063 0.007068989 0.003552284 0.004268824 0.003869937 0.001538965 0.002914568 0.002308041 0.002069962 0.004409026 0.003743356 0.002288496 0.02651637 0.02715543 0.03098859 0.03514045 0.02684059 0.0164312 0.01323335 0.01005575 0.007727936 0.004821217 0.006646448 0.003153136 0.00338242 0.002800358 0.002506342 0.002153876 0.001725258 0.002816468
-9999 -9999 -9999 -9999 -9999 -9999 -9999 -9999 -9999 -9999 -9999 -9999 -9999 -9999 -9999 0.01647865 0.02955594 0.05139192 0.04850368 0.06077351 0.05314806 0.05270125 0.03631857 0.009061576 0.004062408 0.003247458 0.005026938 0.009593508 0.00504427 0.006437658 0.005715192 0.003561835 0.006911709 0.005518203 0.004494266 0.00365316 0.003917663 0.0053718 0.01210631 0.01196763 0.01796039 0.02042632 0.02432867 0.0437995 0.02505282 0.02658661 0.01318511 0.009110417 0.009857558 0.006089031 0.009413013 0.004622029 0.003522489 0.00271877 0.002845784 0.001358785 0.001526182 0.003599487
-9999 -9999 -9999 -9999 -9999 -9999 -9999 -9999 -9999 -9999 -9999 -9999 -9999 -9999 0.01024015 0.01028839 0.03320824 0.04876158 0.06044882 0.04904471 0.05953563 0.05378169 0.03666231 0.01157134 0.003985262 0.002913006 0.003779059 0.005740163 0.00573077 0.008609521 0.003403989 0.002149715 0.003270893 0.006986636 0.002399903 0.003264407 0.01002684 0.0109841 0.01750047 0.02267199 0.02117389 0.0126527 0.03419606 0.03508723 0.03437734 0.02579657 0.01904675 0.01610625 0.01203154 0.01215464 0.006362775 0.005106504 0.004354656 0.004150531 0.002524202 0.001815167 0.001966199 0.002862108
-9999 -9999 -9999 -9999 -9999 -9999 -9999 -9999 -9999 -9999 -9999 -9999 -9999 -9999 -9999 0.005378534 0.0221942 0.04067322 0.0492314 0.04597215 0.05294169 0.05832741 0.03412619 0.01673177 0.01354649 0.008384712 0.009334278 0.002009318 0.001809049 0.004859959 0.004427785 0.005841481 0.005897298 0.006540785 0.006503128 0.005986185 0.008568333 0.009840312 0.02270185 0.01692779 0.02927434 0.01249555 0.02713845 0.02770474 0.01916337 0.01944433 0.02972411 0.01673917 0.01116629 0.005928156 0.00326497 0.001570377 0.002606815 0.002124474 0.001873924 0.002457695 0.00275117 0.002846675
