Env_Vars_Sept202022/Set_1/rugg_sept20.asc.asc
ncols         145
nrows         190
xllcorner     -2197417.7431653
yllcorner     -584827.01486885
cellsize      20000
NODATA_value  -9999
[rows 156 to 181 of 190, columns 58 to 115 of 145]
0.007300601 0.01480445 0.01086858 0.008805393 0.01042864 0.01675159 0.01623699 0.02269346 0.02555793 0.02146676 0.03432401 0.03644456 0.03199212 0.03056527 0.008331439 0.005631126 0.005263856 0.00382741 0.004175094 0.006429331 0.003373321 0.002509051 0.003789549 0.005353071 0.004726283 0.007158568 0.009262851 0.00424635 0.007202885 0.003590242 0.003303761 0.003312758 0.003241599 0.003393767 0.001495575 0.003982011 0.002023199 0.002911934 0.003264607 0.003604771 0.002110464 0.002379581 0.002413477 0.002427424 0.001543013 0.001909295 0.00293248 0.002886445 0.001933529 0.002557374 0.003156675 0.001169686 0.0008053301 0.0008917606 0.0005110317 0.0008203906 0.0003515125 0.0005769505
0.01668843 0.01381361 0.0121975 0.006923835 0.01962609 0.0244083 0.02282186 0.0185263 0.02177238 0.02188716 0.02530453 0.029156 0.02707184 0.04159707 0.03247305 0.01144923 0.007166803 0.005486757 0.01597887 0.008757222 0.01664745 0.005747734 0.005763109 0.007898493 0.008962611 0.007103182 0.008716184 0.005896681 0.006078938 0.004784919 0.004435752 0.003084187 0.003028096 0.001693717 0.002713073 0.005581262 0.002029658 0.002106089 0.00168633 0.003795451 0.002202508 0.002363479 0.002408016 0.001531556 0.002128736 0.002047646 0.002023572 0.00179419 0.002832098 0.0023119 0.001331437 0.001208779 0.001060472 0.0003992697 0.0004818483 0.000722123 0.0005031525 0.001139244
0.02172535 0.01300136 0.009389694 0.01622172 0.01205332 0.01638681 0.01899694 0.02606235 0.01626264 0.01974385 0.01484736 0.01764518 0.03781752 0.01465744 0.02913558 0.01520507 0.005002304 0.004964951 0.01056243 0.01602848 0.02712871 0.0110859 0.005579254 0.009459114 0.006286917 0.006900568 0.006097183 0.007215272 0.005340925 0.006816468 0.004134557 0.003728223 0.002825245 0.002216418 0.002796717 0.0009153428 0.002681491 0.002496705 0.001826179 0.003610882 0.001984859 0.001538076 0.001836284 0.001888682 0.002094347 0.001776032 0.001240711 0.001310209 0.002009896 0.002672147 0.002914463 0.001609938 0.001347228 0.000583117 0.0005646349 0.0005304295 0.0005740297 0.000542435
0.01754601 0.0222631 0.01254115 0.006263418 0.00831508 0.009651528 0.0190798 0.01319483 0.009583701 0.00866808 0.0138992 0.01368907 0.02356142 0.02894836 0.02771437 0.0114596 0.004141909 0.002646987 0.003144924 0.006376511 0.01809695 0.02664803 0.01091102 0.006343464 0.005710018 0.004639384 0.004234237 0.004157407 0.007259862 0.006358783 0.00344132 0.004203437 0.002794832 0.001489475 0.001809477 0.001719824 0.001815141 0.001829453 0.001595165 0.001841945 0.001777529 0.001852829 0.002076278 0.002022008 0.002598471 0.002735386 0.003268276 0.003420187 0.003262651 0.002463348 0.002507969 0.001475926 0.0006626454 0.0004144777 0.0006059938 0.0005470163 0.0005298974 0.0004594902
0.0154261 0.02194267 0.01558848 0.01066402 0.006409412 0.00505072 0.005789889 0.005147847 0.00840312 0.005840925 0.004846772 0.0143895 0.03138156 0.0395932 0.0244377 0.01219928 0.003354164 0.001955348 0.003084904 0.006257311 0.01572816 0.01919562 0.01507944 0.007945813 0.005289124 0.009288989 0.006464655 0.005052525 0.004671578 0.003225573 0.003812452 0.003376113 0.001065492 0.002080273 0.002537226 0.002046379 0.00192583 0.001857823 0.002240637 0.002496334 0.001467403 0.001831808 0.001897971 0.001302263 0.001706376 0.000942681 0.001414154 0.00271125 0.002023032 0.002471033 0.00271568 0.001120509 0.0007211217 0.0007158171 0.0006294851 0.0005578915 0.0006135022 0.0005125111
0.01673728 0.01222644 0.001917749 0.0008512446 0.001315144 0.00483679 0.003548534 0.007611878 0.005255576 0.006415646 0.006789609 0.02139778 0.03345659 0.02631577 0.02421933 0.009508303 0.005902146 0.002991924 0.001716856 0.005237857 0.006423505 0.02084637 0.01393234 0.01871557 0.007297259 0.00684557 0.006380815 0.004859613 0.003821158 0.003031192 0.004271721 0.002853642 0.002250059 0.003837799 0.005609812 0.002544295 0.002026391 0.0008331899 0.001445883 0.001235978 0.002881618 0.002560683 0.002097354 0.002159865 0.002056327 0.002293749 0.002513525 0.002687353 0.003715821 0.003052192 0.002275219 0.0007049014 0.0006697889 0.000977937 0.0006742486 0.0007250392 0.000394559 0.0008316722
0.01511144 0.0008828004 0.001105395 0.0009222168 0.002404522 0.001056241 0.005015623 0.006462334 0.0082837 0.01172952 0.01375506 0.02582588 0.03482458 0.03390666 0.01548497 0.01240186 0.005342607 0.004446954 0.003202208 0.002168567 0.004076235 0.009221434 0.01470314 0.01981665 0.01093125 0.006806127 0.005635235 0.005950843 0.007351743 0.003062711 0.004915419 0.003141341 0.003165122 0.005869665 0.008006253 0.004408928 0.002452756 0.002343911 0.002023636 0.001143124 0.002115858 0.001710083 0.002398872 0.002489859 0.003388359 0.004377516 0.004506374 0.004201166 0.003938925 0.001822107 0.001073377 0.0005836675 0.0008760088 0.0006666685 0.0003313305 0.0004435348 0.0005148361 0.0003625962
0.0008867299 0.000891938 0.0004864027 0.0006169011 0.0006229656 0.001288629 0.003896235 0.005787105 0.02765897 0.01637691 0.01574787 0.02551914 0.0332626 0.04421599 0.0242958 0.005435085 0.006897361 0.003467175 0.002517105 0.002619897 0.002796626 0.006324003 0.01174643 0.01879733 0.01156968 0.003190431 0.005326452 0.005709341 0.003782203 0.0034607 0.002576953 0.001620387 0.002407031 0.005880559 0.005490102 0.007796248 0.01185886 0.00818376 0.002834846 0.002238809 0.002511566 0.002610355 0.004687346 0.004490473 0.005023155 0.003981375 0.003559121 0.001330674 0.002287145 0.003003479 0.001252287 0.001373059 0.001146316 0.0007315633 0.0009614843 0.0006859036 0.0005854983 0.0004887865
0.0005592382 0.0007571302 0.001409325 0.0005507491 0.001364443 0.004486623 0.01007893 0.009338285 0.04482234 0.005651696 0.01266078 0.02176675 0.03170001 0.03814753 0.04032886 0.01781034 0.0126531 0.005546975 0.00336402 0.002231977 0.002548674 0.004130401 0.01030492 0.0123442 0.0106148 0.003350751 0.003369359 0.00424379 0.003272422 0.001594658 0.001709934 0.001376339 0.001619199 0.002031465 0.006910611 0.004936783 0.009314951 0.008059923 0.004891763 0.001634039 0.002427858 0.004053438 0.003830357 0.003253317 0.001578986 0.001998774 0.001596233 0.001804962 0.002911267 0.002938443 0.003348989 0.002460823 0.001787752 0.001772827 0.002109727 0.001063175 0.001096412 0.0007516856
0.001619405 0.000929898 0.0006241489 0.0007599908 0.005483601 0.01628802 0.02204584 0.02356344 0.019328 0.01462714 0.01897455 0.01290813 0.02039425 0.02708321 0.02610758 0.02118205 0.01015569 0.00652012 0.004913435 0.00624763 0.003267033 0.004037645 0.00714346 0.01092547 0.008336025 0.002535929 0.002333567 0.003816404 0.002090425 0.001623885 0.001949375 0.002012752 0.003342968 0.001648047 0.007032873 0.00735265 0.007948558 0.009686854 0.00775308 0.001594131 0.001804558 0.00236675 0.004508583 0.001691672 0.002722613 0.002077554 0.002821813 0.002891454 0.003275848 0.003251615 0.001763141 0.002047178 0.003229436 0.00348343 0.002400068 0.001862046 0.001528768 0.001215277
0.0005187687 0.0005178305 0.0006512143 0.00881347 0.00753553 0.01535211 0.02246832 0.02706024 0.01956347 0.03210033 0.01517803 0.01019788 0.01154639 0.0107329 0.01494583 0.01519169 0.01150107 0.01019219 0.006814706 0.005286651 0.006128523 0.005107455 0.006856741 0.01286495 0.01065938 0.002948746 0.002624967 0.003294799 0.001647987 0.001675394 0.002330214 0.002016793 0.001749775 0.001983367 0.002973324 0.008608062 0.006303506 0.01263622 0.007710789 0.001907828 0.002292046 0.002617116 0.00207451 0.001391018 0.002156796 0.002238537 0.001933324 0.002259633 0.002352478 0.00179196 0.001782778 0.001419773 0.001858683 0.002724305 0.003929884 0.002383889 0.001480355 0.001093029
0.000255346 0.002272665 0.00732294 0.01139225 0.006580167 0.009058231 0.01813283 0.03183563 0.02250181 0.02405405 0.02107051 0.01105341 0.02823823 0.02354669 0.004570582 0.004603649 0.005788127 0.0053402 0.01648639 0.01196542 0.01192297 0.01010136 0.01227338 0.01034094 0.006671438 0.004291497 0.00380888 0.003400672 0.002465751 0.001895022 0.001387917 0.002704547 0.001417252 0.002318867 0.001970251 0.004603727 0.007562809 0.007542809 0.005686454 0.002113629 0.002276276 0.001462047 0.001407136 0.001471424 0.001767041 0.002031233 0.002738372 0.003127063 0.003553919 0.003416969 0.002299941 0.001339109 0.002363439 0.003381282 0.003395055 0.0009908514 0.000609502 0.0004189319
0.001802033 0.006432219 0.009817978 0.008874502 0.007206578 0.009639606 0.01658622 0.02183299 0.02488752 0.01519358 0.009679267 0.01885894 0.03245971 0.02820708 0.01354596 0.004170987 0.002544036 0.001782212 0.002111691 0.003916839 0.003623224 0.006640034 0.008710076 0.005225434 0.004698169 0.003895528 0.003384009 0.004229971 0.002454975 0.002150237 0.002847864 0.001966925 0.002309955 0.003192093 0.002083924 0.00417334 0.004740258 0.005370371 0.005906372 0.00280201 0.003501372 0.002781805 0.002543432 0.002800412 0.003427299 0.002629235 0.003084164 0.001501478 0.002942452 0.002857398 0.002973692 0.002259879 0.003004654 0.003970925 0.004000675 0.001151541 0.0004132413 0.0004324252
0.009471548 0.0174598 0.01141099 0.004773389 0.003903802 0.01095323 0.01717328 0.02114117 0.01946659 0.008495027 0.00388046 0.007959004 0.0174707 0.02829929 0.01822116 0.005874526 0.003428072 0.002357625 0.001941178 0.002518774 0.001721937 0.001492258 0.00343096 0.00318768 0.002990385 0.002901282 0.004712791 0.003122128 0.002432071 0.001908766 0.001308627 0.002545613 0.002112105 0.002122539 0.002250535 0.001345669 0.005974967 0.009450519 0.002155127 0.001387052 0.0006604904 0.00324346 0.002569248 0.003477806 0.002341406 0.003709435 0.001762209 0.001879814 0.002596437 0.001930901 0.00186042 0.00180835 0.002689827 0.003013862 0.003960568 0.003439166 0.001429728 0.0003347167
0.01039227 0.00820615 0.01133764 0.009476597 0.01128622 0.01399723 0.01736486 0.02153153 0.02450538 0.004835688 0.002947841 0.002906266 0.008001299 0.01591459 0.02182379 0.01451463 0.002460788 0.001803283 0.00158867 0.001924546 0.001738271 0.002727406 0.001803687 0.003453873 0.001510465 0.002143985 0.002170915 0.002988146 0.002721066 0.00194982 0.001552277 0.002359355 0.002878663 0.002097215 0.002638482 0.002071726 0.002107222 0.001781627 0.001051007 0.00181965 0.00207273 0.00303342 0.003235013 0.00157704 0.002124609 0.001267645 0.002688125 0.002743758 0.002329092 0.001551793 0.001835541 0.001928559 0.002347604 0.001733671 0.001929238 0.00453288 0.004304965 0.001256727
0.01050524 0.01287965 0.01267387 0.008838665 0.01692018 0.02033182 0.01611041 0.02363786 0.02095456 0.006726761 0.001546429 0.002948388 0.001518744 0.009742627 0.02541642 0.01906086 0.009421284 0.003468621 0.004888173 0.003781499 0.00253753 0.006376907 0.00610788 0.002092939 0.002257697 0.002192028 0.001989653 0.002412177 0.002293902 0.00192276 0.001786001 0.002125564 0.003193581 0.003131251 0.002764893 0.001714189 0.00125891 0.002098803 0.001042272 0.001822893 0.002920551 0.003528932 0.001225097 0.001193264 0.001096412 0.0007099106 0.001561246 0.003407182 0.0008132228 0.0007260048 0.001112205 0.0009951976 0.001418581 0.002119186 0.001668636 0.002485087 0.003553409 0.003711318
0.01482501 0.007751479 0.01385659 0.01469862 0.01658189 0.006626955 0.01628298 0.01821245 0.01993678 0.008148957 0.004020299 0.001857258 0.001264345 0.004291031 0.00618316 0.009422367 0.009349656 0.009292034 0.003253117 0.00399904 0.002733571 0.005446326 0.005692646 0.003467852 0.003774404 0.009983758 0.01189501 0.009303478 0.005385691 0.004216107 0.002232986 0.002094048 0.002845976 0.001668329 0.002084135 0.003777827 0.002792664 0.002754746 0.001384437 0.002851223 0.004383471 0.003788759 0.001422862 0.001183162 0.003194955 0.003025844 0.002853088 0.002270695 0.001638856 0.001911154 0.001749911 0.002656079 0.001513507 0.001667301 0.0017296 0.002694975 0.002972711 0.002786569
0.01054891 0.01493457 0.007136643 0.01961599 0.01449965 0.006096407 0.01175666 0.01492468 0.01699457 0.005672121 0.00359886 0.001578335 0.0009614365 0.001812183 0.002145201 0.00381706 0.003127914 0.003974527 0.003311417 0.005766198 0.003825743 0.005755144 0.004328594 0.005350897 0.005852617 0.006036025 0.006757925 0.01427354 0.01139701 0.006924905 0.003026031 0.002684091 0.004245922 0.002800897 0.001020209 0.001705863 0.002766899 0.00636155 0.003997141 0.002803739 0.001851448 0.001201765 0.001968668 0.001600425 0.001287341 0.002263989 0.001991228 0.001417458 0.002200389 0.001650317 0.001453006 0.002009233 0.003613618 0.004380877 0.001960527 0.001129051 0.001261355 0.002595225
0.009940811 0.01624858 0.003329882 0.02133213 0.01506457 0.006428756 0.005703199 0.01115299 0.01284291 0.003707784 0.002217226 0.002343608 0.0007295112 0.001024125 0.003967626 0.003159828 0.001844707 0.00138027 0.001067597 0.001352474 0.007998645 0.006736173 0.007561482 0.007315371 0.003001313 0.004812957 0.001524147 0.005463413 0.01216089 0.01100649 0.003454253 0.005360761 0.004875483 0.001745855 0.001318465 0.00119028 0.002523317 0.002695948 0.002793449 0.001786213 0.001054645 0.001902039 0.002236806 0.001675915 0.002688222 0.002643191 0.003286529 0.002901727 0.002569924 0.001799467 0.001043412 0.0009718819 0.001055167 0.001098543 0.0006684626 0.0003152628 0.0007188183 0.0007005281
0.01443947 0.009116216 0.007770862 0.03467395 0.0123222 0.005768088 0.005337772 0.01005542 0.006049511 0.002218684 0.001830304 0.0007699318 0.001329356 0.002429652 0.005453577 0.002473325 0.0008111051 0.001041231 0.0008930824 0.0009493511 0.003261824 0.001793539 0.006495577 0.01066949 0.0108859 0.003931164 0.002701974 0.002216273 0.008951013 0.01547585 0.004042398 0.002113911 0.004215593 0.002404556 0.001574491 0.002476298 0.001627437 0.001426514 0.0008438818 0.0005211177 0.001241438 0.001139521 0.003936308 0.003524195 0.003012253 0.002877544 0.002466419 0.002526379 0.003085609 0.002510682 0.001952457 0.001902212 0.002064276 0.001649781 0.00142697 0.00106117 0.0007573268 0.0004158133
-9999 -9999 -9999 -9999 0.01020252 0.01061909 0.00756625 0.006229043 0.003026175 0.001588326 0.002040966 0.001669987 0.002790813 0.005136025 0.004455999 0.002696079 0.000957886 0.0009087425 0.001019048 0.001434615 0.001121422 0.004149912 0.005014982 0.002167059 0.004771538 0.006168626 0.002344944 0.001146131 0.004187553 0.01204876 0.002931387 0.001942385 0.003476133 0.00152166 0.001578076 0.001990435 0.00252925 0.001398445 0.001000507 0.0008365441 0.001106947 0.002077417 0.00263462 0.003520235 0.003353044 0.00291593 0.002593739 0.002631144 0.001946304 0.001680839 0.001065506 0.001876381 0.001663129 0.0008394738 0.000910344 0.001302407 0.0007160313 0.0005209281
-9999 -9999 -9999 0.02226214 0.01112447 0.003438866 0.009808634 0.006585682 0.001978413 0.001567687 0.002321832 0.002369452 0.007203741 0.006857094 0.003958287 0.005084661 0.0012555 0.001618108 0.001198941 0.001498483 0.002533867 0.00550865 0.003984155 0.004053642 0.004604164 0.004370461 0.003186917 0.001238574 0.0009495039 0.007286686 0.007625749 0.002277849 0.002058875 0.001077814 0.0008182012 0.001502909 0.001061024 0.002511155 0.001534592 0.001588959 0.001812358 0.002107382 0.003256301 0.003955019 0.004407606 0.003190749 0.004170197 0.002339027 0.001740815 0.001658789 0.002004769 0.002417932 0.001859015 0.001244196 0.001413318 0.0009286978 0.0008946644 0.0005142959
-9999 -9999 -9999 0.01495307 0.01489367 0.005397208 0.007485287 0.006002077 0.001716267 0.002010859 0.002338094 0.003489085 0.009846726 0.006821563 0.007815484 0.004263596 0.003481467 0.002979736 0.002653887 0.002245899 0.007804499 0.005890322 0.00353763 0.002220417 0.01023994 0.008457931 0.002558765 0.00169602 0.002615358 0.007133926 0.006546937 0.002349194 0.0008889331 0.002353516 0.002338318 0.002911222 0.004438178 0.001972982 0.002034225 0.002403001 0.00146661 0.001635158 0.002323783 0.004840411 0.004412538 0.004860647 0.003697491 0.003535038 0.004639737 0.004166171 0.001526206 0.001190711 0.0009256988 0.001330159 0.00153604 0.002041146 0.00119862 0.001281367
-9999 -9999 -9999 0.01844847 0.01832594 0.009954294 0.005335255 0.005973841 0.005720785 0.0046587 0.004794955 0.003722319 0.01109887 0.006983579 0.006689151 0.007891513 0.00130744 0.002564456 0.001997583 0.002041584 0.005966673 0.006244962 0.004722507 0.001603792 0.009374105 0.00894901 0.007682766 0.001405944 0.002389731 0.004324591 0.003330702 0.001565566 0.001904979 0.001572163 0.002841747 0.002332332 0.002370958 0.003395927 0.00317261 0.001231329 0.001926577 0.002167319 0.002345757 0.002556004 0.005167738 0.003716381 0.002418534 0.002784664 0.002061595 0.001778373 0.001252859 0.0008204678 0.002155149 0.001869809 0.001589545 0.00220852 0.002213636 0.001938765
-9999 -9999 -9999 -9999 0.0151946 0.009258905 0.006487054 0.009601858 0.01070866 0.008908697 0.01193412 0.007263313 0.01080903 0.009275947 0.008668343 0.003638109 0.002855972 0.002725484 0.003801504 0.005287797 0.007310965 0.009833626 0.01212808 0.00695956 0.01222098 0.01015599 0.009286918 0.001453675 0.002139342 0.006051296 0.002672652 0.0008718497 0.001145906 0.0008193818 0.0008379835 0.001339705 0.001767737 0.002176221 0.001090961 0.001099362 0.001863653 0.002947675 0.002225187 0.002350385 0.003130009 0.003189817 0.003571743 0.002300773 0.002601946 0.001417126 0.002750707 0.003019168 0.002277271 0.002169321 0.001954011 0.001523599 0.002003949 0.002248206
-9999 -9999 -9999 -9999 -9999 -9999 -9999 -9999 -9999 -9999 0.01033836 0.02492265 0.0190196 0.01858288 0.007082704 0.00613977 0.00611076 0.0041467 0.003314454 0.003266076 0.00693679 0.01158891 0.01455314 0.01620223 0.008480685 0.008341943 0.008027849 0.001640567 0.004021128 0.004886421 0.002692498 0.0009500884 0.001324061 0.001051198 0.001669179 0.001691949 0.001685651 0.001894968 0.001218311 0.001211593 0.0017286 0.0007313398 0.001290151 0.002288396 0.002334771 0.002132652 0.001545826 0.001852382 0.002685933 0.001432574 0.001102633 0.002109401 0.002516581 0.002171589 0.002129023 0.002150642 0.001618068 0.001582912
