Env_Vars_Sept202022/Set_1/rugg_sept20.asc.asc
ncols         145
nrows         190
xllcorner     -2197417.7431653
yllcorner     -584827.01486885
cellsize      20000
NODATA_value  -9999
[rows 78 to 103 of 190, columns 58 to 115 of 145]
0.0005585017 0.001134082 0.0003530332 0.0007198846 0.0007541857 0.004225249 0.002519772 0.002186814 0.001872339 0.001697036 0.001819723 0.003320725 0.001166187 0.000754969 0.0008972172 0.0008370737 0.000276228 0.0003327338 0.000250288 0.001174127 0.001767721 0.0009538514 0.001655502 0.002041827 0.001480179 0.002771583 0.004538221 0.004928996 0.005423446 0.004668928 0.00292589 0.002895411 0.003046786 0.003281358 0.002760896 0.001442435 0.001591936 0.002434922 0.002001679 0.001354606 0.001825182 0.001458939 0.001552854 0.001282251 0.0009792617 0.00183659 0.002848971 0.001581495 0.001230882 0.001245381 0.0009741405 0.0009663387 0.0007142845 0.001310763 0.001022945 0.0006014534 0.0008439472 0.0009903493
0.000662113 0.002155244 0.0003199874 0.0004759221 0.0008580103 0.002214623 0.002827526 0.002561857 0.002242872 0.001877103 0.002568365 0.002445199 0.0009206122 0.000852271 0.0009831359 0.0015822 0.001199487 0.0008968791 0.0005165195 0.001117468 0.001415093 0.001478525 0.001200245 0.0005936717 0 -9999 0.002479654 0.003416226 0.002703369 0.00337857 0.002532172 0.003021059 0.002500592 0.00410301 0.003541202 0.002707532 0.002331177 0.002782486 0.002427513 0.002718375 0.001847594 0.00125276 0.001384081 0.001075059 0.001021653 0.001431426 0.001233553 0.001850071 0.001635531 0.002586685 0.001634149 0.001343597 0.001785835 0.00134737 0.001160561 0.0009570917 0.0008856888 0.001112728
0.0002493093 0.0002175006 0.0003156782 0.0003738858 0.000543281 0.0009964793 0.0007505741 0.001955414 0.004144585 0.003065308 0.0009544831 0.0004342245 0.0005562113 0.0002129948 0.0004385928 0.0004650162 0.0006514478 0.0003822181 0.0001897482 0.001090613 0.001945985 0.003187792 0.0012088 -9999 -9999 -9999 0 -9999 0.0001504887 0.00105089 0.0009933576 0.001352933 0.003678419 0.003497811 0.004111215 0.004109049 0.003194133 0.002829777 0.003030362 0.0022989 0.001112705 0.0007982068 0.0007530249 0.001009343 0.001293714 0.001287208 0.001658868 0.002156824 0.00261446 0.001467906 0.002062149 0.001061694 0.0009150591 0.001192972 0.0008203061 0.0007668 0.001076723 0.0007984663
0.0002051675 0.0005062194 0.0005322674 0.001189079 0.0002638838 0.0003949255 0.0004298516 0.0004143551 0.0004395494 0.0008101411 0.0002341983 0.0001138265 0.0001950867 7.991581e-05 0.0002234537 0.0002400025 0.0001748601 0.0001443495 0.0008130255 0.001506185 0.001974648 -9999 0.0007817812 0.0002853678 0.0006325756 0.001960388 0.001131601 0.001235539 0.001623671 0.001892674 0.00163923 0.001751317 0.001687245 0.00143925 0.001180098 0.001590762 0.00308377 0.003438355 0.002553762 0.001840046 0.0008016376 0.0005719389 0.0008998772 0.0008960372 0.0009566518 0.0008914136 0.001954958 0.001330946 0.001461633 0.001266413 0.001876728 0.001695333 0.001522131 0.001267948 0.001226853 0.0009102518 0.0009184602 0.0009679772
0.0002206813 0.001634925 0.00153941 0.001455207 0.0003088276 0.0002716035 0.0003259161 0.0004429894 0.0003009775 0.0004074704 0.0002415569 5.848266e-06 0.0003792366 0.0001741201 0.0001869309 0.0001201396 0.000117169 0.0003945182 0.0004700345 0.001396339 0 0.0004631414 0.0008408031 0.0004859536 0.0006597874 0.0007345413 0.0006296638 0.00026507 0.00155422 0.001627965 0.001925386 0.001589227 0.002326242 0.001878903 0.001391875 0.00246725 0.001752576 0.00279056 0.001803844 0.00117002 0.001131037 0.001243843 0.001000158 0.001346059 0.00148838 0.001335972 0.001265454 0.001133278 0.002403432 0.001930763 0.001707891 0.001651366 0.001459115 0.001139431 0.001469907 0.001343753 0.001357885 0.001167585
0.0007210642 0.002795559 0.0007001511 0.003565682 0.002455427 0.0002975202 0.0006282691 0.0003726244 0.0003812838 0.0004550948 0.0002973769 0.00020989 0.0004076134 0.0006293035 0.000299856 0.000339474 0.0001181462 0.0006215225 0.0003953227 0.0003776474 0.001125765 0.0007867846 0.0008775656 0.0009272311 0.0006746553 0.0008153231 0.0008469268 0.0007611148 0.001270982 0.002041514 0.002875594 0.00311726 0.002526387 0.001882097 0.001415077 0.001602216 0.002099422 0.002122433 0.001896035 0.001283702 0.001346297 0.001496793 0.001103473 0.002086072 0.002413474 0.001751377 0.0007173514 0.000838413 0.0009795282 0.0015874 0.00142634 0.001335583 0.000999647 0.001473263 0.001747343 0.001129759 0.001823378 0.001313209
0.001691276 0.004781376 0.0013273 0.00250817 0.004042997 0.004542361 0.001343036 0.0003100489 0.0001990703 0.000245011 0.0004407777 0.0005579504 0.001561132 0.003196945 0.003939822 0.00290924 0.0004557221 0.0006418156 0.0006116101 0.0004722553 0.001246484 0.002071953 0.0007134338 0.001555784 0.001136405 0.001052195 0.0008569054 0.001137063 0.002478142 0.003547784 0.002294134 0.002689241 0.001661908 0.002164905 0.001535453 0.001119971 0.001242424 0.001496307 0.001171788 0.001675138 0.001630542 0.00127845 0.001383677 0.001840744 0.001519926 0.001963366 0.0009503298 0.001500017 0.001540289 0.001570581 0.001151791 0.001591156 0.001861394 0.001594141 0.001279949 0.001416157 0.001283446 0.001515134
0.002654839 0.004201667 0.0006754433 0.002077475 0.002060537 0.003452692 0.002796296 0.0004483859 0.0003952787 0.0003040435 0.0007628017 0.001189942 0.0007215816 0.001818826 0.001039973 0.003934302 0.00459495 0.0007433785 0.0007709647 0.001803932 0.001285 0.001601096 0.001009491 0.001606129 0.001540713 0.000704615 0.0004808782 0.00083165 0.00223926 0.003138565 0.001824225 0.003290415 0.002833819 0.001919216 0.00167981 0.001362129 0.0009435913 0.001604137 0.001579106 0.001608315 0.002483035 0.001938956 0.001892663 0.001667712 0.002000121 0.001208485 0.003034791 0.001570826 0.002716902 0.00142773 0.00117403 0.001091631 0.0009661513 0.001953333 0.001447126 0.0009493917 0.0004097455 0.0006257492
0.005002014 0.0005487697 0.0006364466 0.001272345 0.001818232 0.004485698 0.0007791287 0.0003805894 0.0006543285 0.0005260818 0.0007269341 0.001069173 0.0008765534 0.0004451465 0.000964294 0.001851084 0.003440376 0.0005493709 0.001220019 0.001415711 0.001250402 0.001279702 0.001450694 0.001651242 0.001704084 0.0009851148 0.0008855534 0.0009796156 0.001960889 0.001940882 0.001731719 0.002510481 0.002673593 0.002192033 0.00123536 0.00147442 0.001426743 0.001700435 0.002093385 0.001919697 0.001520913 0.001276474 -9999 0.001001663 0.001447857 0.001474245 0.001310957 0.00149374 0.001853786 0.001564894 0.001871326 0.001141638 0.001577846 0.001279335 0.001302737 0.001083921 0.001146767 0.0009080594
0.003429953 0.0005944206 0.000539652 0.001541958 0.001816681 0.001930961 0.0005274944 0.0005159157 0.0003997048 0.001269162 0.001696584 0.00161173 0.002095108 0.001768916 0.002228218 0.001496233 0.003062665 0.000671075 0.001350376 0.001158923 0.0009900825 0.001903144 0.002769286 0.003741025 0.0008928659 0.0006277299 0.001779678 0.001547251 0.001618685 0.002365404 0.0016924 0.003211219 0.002199058 0.001171686 0.00180667 0.001463142 0.001955977 0.002532559 0.002061942 0.001391401 0.001612204 0.001357943 0.00276063 0.001701975 0.001510988 0.001592842 0.001773146 0.00108421 0.001645209 0.0009368455 0.0007024355 0.001005794 0.001515495 0.0008271615 0.000737541 0.0009071906 0.001101122 0.0008682395
0.001025228 0.001305762 0.001301226 0.001962369 0.001348676 0.0003694472 0.002142951 0.001117288 0.0009854704 0.001783923 0.001686492 0.001239332 0.001549818 0.001756224 0.002460014 0.00305939 0.002011117 0.001586214 0.001332136 0.0009690836 0.002281623 0.00326989 0.003879885 0.002926998 0.001657672 0.001252714 0.001792275 0.002868777 0.001999026 0.001730119 0.002398207 0.001705663 0.002016798 0.00104458 0.001373148 0.001927056 0.002278931 0.002874434 0.00287876 0.001205709 0.001322147 0.001664748 0.00158543 0.001820827 0.00168206 0.001301813 0.00104259 0.001056516 0.001179199 0.0008932815 0.0006982257 0.001036106 0.001395605 0.001509571 0.001064639 0.001205907 0.0008675041 0.0009150546
0.000534496 0.0007629425 0.001547183 0.001777612 0.001012935 0.0003023024 0.002208769 0.003735773 0.001594895 0.002365366 0.001515898 0.001942651 0.001506612 0.002182847 0.001100985 0.00209483 0.001764702 0.0006850233 0.001120282 0.001415179 0.002180208 0.002487847 0.001830255 0.001439141 0.001209714 0.001016438 0.001945641 0.002310351 0.001515117 0.001462553 0.001768063 0.001612584 0.001240916 0.0005515012 0.001492931 0.001517436 0.003198756 0.002627011 0.001878608 0.001450335 0.002163501 0.00251147 0.002147463 0.001618866 0.00126485 0.0004931575 0.0001017837 0.0008241985 0.001143103 0.0005697116 0.001309762 0.0009809692 0.001552776 0.0007827534 0.0006023936 0.001080306 0.0007656225 0.0008747587
0.0007347604 0.0007430458 0.0009171178 0.001449451 0.0007404624 0.0003019329 0.001432403 0.002787931 0.001918496 0.001660196 0.001282459 0.001631815 0.0005933126 0.0003354274 0.00142334 0.001023731 0.002114923 0.0006211 0.0008978163 0.0006983891 0.001307901 0.001975794 0.001774468 0.00188631 0.001972673 0.001920059 0.002175001 0.001762942 0.002011782 0.001531728 0.001790326 0.001113002 0.0004735128 0.001537466 0.00198262 0.002655428 0.00209924 0.001573036 0.001770694 0.002272106 0.002398535 0.001968824 0.001506273 0.00167338 0.001000087 0.001236808 0.0002945704 0.0009539484 0.001034206 0.001084616 0.001288905 0.001557169 0.001637439 0.0008586508 0.0005592757 0.0006129025 0.0006515917 0.0006369099
0.001381091 0.001057853 0.000881898 0.0006933637 0.0003041226 0.000578881 0.001217843 0.001613249 0.002456366 0.001552961 0.001391841 0.0008652221 0.0003845208 0.0003295422 0.0006606239 0.0009449237 0.001336836 0.001336196 0.0004326504 0.001303587 0.002165724 0.002701114 0.002430967 0.00163099 0.001541882 0.001710744 0.001945881 0.001622771 0.00138006 0.001554326 0.00208417 0.001614863 0.001543694 0.002166216 0.00309048 0.00207909 0.001569165 0.001770396 0.00211365 0.002497903 0.002370091 0.001303488 0.001447538 0.0007371147 0.0005397421 0.0009322601 0.0009513063 0.001292442 0.001190855 0.001022992 0.0008853137 0.001900494 0.001778078 0.001224716 0.001240407 0.0009124983 0.0002292845 0.0004593043
0.0007934006 0.001248182 0.0007220502 0.0006279014 0.0005086447 0.0009406987 0.00105717 0.001222081 0.001959131 0.001814535 0.0008334198 0.0006828241 0.0003529464 0.0004466354 0.0002835342 0.0006110171 0.001030534 0.002181188 0.0007062669 0.001290679 0.001695565 0.00229607 0.002453943 0.00236054 0.001221022 0.00124257 0.001817804 0.001630063 0.001734036 0.001341072 0.002233324 0.002306539 0.001581131 0.002648585 0.001625409 0.001634422 0.001573632 0.002228423 0.002863655 0.001653667 0.001257322 0.002319118 0.00158505 0.001313837 0.0001381607 0.0006842424 0.001828694 0.001276219 0.001360542 0.001323654 0.001018985 0.0009799066 0.001389702 0.001851577 0.001655055 0.0006937515 0.0002836174 0.0005028026
0.0008080744 0.0004670313 0.001131723 0.00104566 0.0007669483 0.0008832247 0.001537588 0.001573029 0.001225191 0.0009000563 0.000498191 0.001325717 0.001011555 0.006432355 0.00472923 0.004949496 0.004000495 0.002646493 0.004335229 0.00459232 0.004170731 0.004446161 0.00405688 0.003925634 0.001362025 0.0009896562 0.001686396 0.001455209 0.001934114 0.002150022 0.001939187 0.00204109 0.001927386 0.001711608 0.001876978 0.002364808 0.002118895 0.00323643 0.002068567 0.001568256 0.002199336 0.001933297 0.001628049 0.001413938 0.0007835685 0.002473304 0.00138302 0.001145393 0.0009205671 0.001320483 0.001406537 0.001016864 0.001418034 0.001659469 0.00160747 0.0008628816 0.0004226931 0.001130712
0.0009418603 0.0008274943 0.0007541287 0.000690943 0.001188746 0.001005787 0.001112597 0.001102829 0.001157461 0.0006313891 0.000347356 0.0003294285 0.004192088 0.0004241867 0.0008399967 0.00078191 0.001347741 0.0009618326 0.002296212 0.0009826265 0.001092097 0.0005981959 0.0007804392 0.001243473 0.001458405 0.0007457659 0.001288231 0.001785457 0.002310283 0.002632343 0.003369487 0.00193297 0.001726428 0.001292317 0.001453992 0.002283742 0.003293598 0.002814365 0.001951259 0.002095284 0.00250393 0.002083532 0.001971791 0.001395151 0.0006193632 0.001542505 0.001407354 0.001274419 0.0008376135 0.0009392523 0.001814503 0.001049249 0.001105575 0.002096874 0.001333226 0.000800603 0.001300322 0.001212187
0.0008940038 0.001398189 0.0009503217 0.000468447 0.0001692937 0.0005154475 0.0009596139 0.001078114 0.0006972628 0.0005482769 0.0004844565 0.0002690377 0.001960658 0.002307703 0.0005681879 0.0009795661 0.002319043 0.003472036 0.002185587 0.001732193 0.0009872934 0.0006019979 0.0009257952 0.0005235096 0.0008716513 0.0005548766 0.0009026597 0.001578735 0.001856023 0.002552784 0.002253382 0.002133579 0.001883156 0.002309828 0.001980189 0.002661971 0.001979124 0.002869769 0.002607207 0.003343674 0.002569165 0.002162669 0.002597538 0.002009615 0.001827505 0.001804805 0.001438387 0.001051275 0.001392694 0.0009921143 0.001752319 0.00166644 0.001652309 0.000947147 0.001306384 0.0006655203 0.001618724 0.001056481
0.001043693 0.001531576 0.001151474 0.0008354165 0.0006720484 0.0004125831 0.001047506 0.0008149885 0.0005600496 0.0007357193 0.0004195691 0.0002932083 0.002472362 0.001030041 0.0009166554 0.00108159 0.000483577 0.001805292 0.001275824 0.001535138 0.001065297 0.0008183327 0.001011608 0.0002698565 0.0008773054 0.0003595051 0.0006558165 0.001265781 0.00221931 0.002469548 0.003184224 0.003686724 0.002168531 0.002771107 0.002984125 0.002237246 0.002428422 0.002637124 0.003277976 0.002079547 0.001968591 0.001904887 0.002728487 0.001806244 0.002042712 0.002015243 0.002155174 0.001934436 0.001333768 0.002015241 0.002141228 0.002362712 0.001242632 0.001025385 0.0006101328 0.0008841103 0.001441418 0.0008873391
0.0004508419 0.00133385 0.001909404 0.001671212 0.001718874 0.002634847 0.00227932 0.002042704 0.002130591 0.001323806 0.0005924614 0.0007867313 0.004053245 0.001954691 0.0007012592 0.0008522746 0.0009189451 0.001746217 0.001395287 0.002182446 0.00118701 0.001569118 0.001321945 0.0004299312 0.0002982157 0.000350269 0.0009465086 0.00195601 0.001497339 0.003236557 0.003637017 0.002291884 0.003070256 0.003104704 0.004187595 0.002400745 0.002905327 0.003274977 0.002820837 0.002258519 0.00205684 0.002714643 0.002595788 0.002276789 0.001871099 0.001507444 0.001610658 0.001774915 0.001769091 0.001959254 0.002330472 0.002169627 0.001847619 0.00140865 0.001934601 0.0007634194 0.0008466621 0.0009680137
0.001492908 0.002116168 0.001422413 0.001351689 0.005977352 0.003443843 0.002907661 0.002862311 0.002144045 0.00204068 0.001560139 0.004211691 0.001762692 0.001761331 0.001042797 0.001220285 0.001138185 0.001664296 0.001842831 0.001979257 0.001158026 0.0009712125 0.001244859 0.0006641365 0.000357405 0.0003910598 0.0006733123 0.0008580982 0.0007384201 0.002545622 0.002953222 0.002047656 0.004082429 0.003491608 0.002748828 0.003373358 0.002764962 0.003373259 0.002229462 0.002970722 0.002445909 0.00218279 0.002780647 0.00209209 0.001622823 0.002240001 0.002124631 0.00146869 0.001776565 0.001493482 0.001046796 0.002200965 0.001922207 0.00121637 0.001519049 0.0022182 0.001247263 0.0009786431
0.002043758 0.002723659 0.003353276 0.003487459 0.006457698 0.003621482 0.001309882 0.0007862964 0.001717685 0.001298358 0.001040878 0.003358722 0.0009474245 0.002012153 0.001695154 0.0006406549 0.002001259 0.0007815523 0.0009263096 0.0009405401 0.0009186476 0.001258158 0.001790993 0.001063506 0.0004785787 0.0003615881 0.0008998931 0.0006815885 0.0007133755 0.001542446 0.002208279 0.002949797 0.004219785 0.003201063 0.003389745 0.003260324 0.004144578 0.002000158 0.002912342 0.002726685 0.003105618 0.002750837 0.001997705 0.001495413 0.002487801 0.002404375 0.002121468 0.001930372 0.001897231 0.002101194 0.001363439 0.001211478 0.001729417 0.002167413 0.001634009 0.001811958 0.0007795108 0.001108309
0.003240792 0.005964455 0.005262262 0.004714019 0.00239211 0.002823784 0.0009293273 0.002420978 0.002542359 0.001284556 0.0007760251 0.004592359 0.0006136715 0.0009622379 0.0011201 0.0007176149 0.001072516 0.001073386 0.001665863 0.001962181 0.001646327 0.001011579 0.001141304 0.0005784326 0.0008144111 0.0004343058 0.0004148243 0.0007468828 0.001067452 0.0008708749 0.001349485 0.00247779 0.003497098 0.003405619 0.002868494 0.003830014 0.003100043 0.002579396 0.002595882 0.003354212 0.003184491 0.002877617 0.002742732 0.002677624 0.002972359 0.001951993 0.001933806 0.002118263 0.002470067 0.002737153 0.001835806 0.001631103 0.001896558 0.001915387 0.001381478 0.002220751 0.001695491 0.001837891
0.004769244 0.004440784 0.004846609 0.003524136 0.002449931 0.0019716 0.0006449305 0.0008715109 0.002517162 0.0005826914 0.002170082 0.001446764 0.0007900757 0.00169323 0.001565118 0.0005622769 0.000629768 0.0009424465 0.000813448 0.0009720652 0.001120505 0.001483892 0.001387596 0.0007190256 0.001032305 0.0002995701 0.0002325499 0.0003700262 0.001024384 0.001190785 0.000876215 0.001347837 0.001868802 0.00208591 0.002257617 0.002858393 0.003476876 0.002913355 0.003046597 0.002428126 0.002182428 0.003906323 0.002584313 0.003047794 0.002571672 0.002304489 0.00215589 0.002685344 0.00242729 0.001438828 0.002066897 0.002148541 0.001925513 0.00174239 0.002201671 0.001603521 0.001367979 0.001620563
0.003659246 0.003866708 0.00234423 0.001339529 0.0009040665 0.001838504 0.00163396 0.0005891615 0.003319359 0.002263088 0.001761825 0.0009439589 0.000853306 0.001183447 0.001859942 0.002164806 0.001536167 0.001024092 0.0007742926 0.000603558 0.000667733 0.0004221663 0.0008523225 0.0007450891 0.0008897092 0.000374176 0.0004952144 0.0005756183 0.0008479094 0.0009452013 0.0005829317 0.0005093177 0.001136927 0.001318873 0.001910167 0.002542802 0.001585263 0.002144773 0.00292586 0.003275387 0.002937273 0.00296991 0.002930929 0.002069893 0.002466515 0.002280379 0.00223517 0.002472314 0.001621757 0.00236962 0.001347438 0.002159714 0.003058024 0.00185377 0.001243698 0.000990159 0.001311442 0.000926298
0.003140321 0.003522482 0.001900826 0.001454146 0.001580071 0.002142581 0.001135085 0.001067667 0.001429311 0.002460443 0.001010023 0.001153018 0.0006068023 0.001284252 0.001463309 0.00258439 0.00231502 0.000892323 0.0009848113 0.001365413 0.001143594 0.0008163479 0.0005894679 0.001234347 0.002366143 0.001242744 0.0004949271 0.0008875445 0.001476903 0.0006479845 0.001387762 0.001088194 0.0005060346 0.0005804691 0.001475537 0.003328915 0.002385231 0.003662976 0.00205375 0.002997678 0.002682539 0.003005357 0.002433929 0.002885346 0.002119073 0.002313498 0.002247795 0.0009020992 0.001734784 0.00170154 0.0008143951 0.0009618484 0.00109474 0.001112983 0.00113471 0.000567691 0.001178741 0.0008638334
