Env_Vars_Sept202022/Set_1/rugg_sept20.asc.asc
ncols         145
nrows         190
xllcorner     -2197417.7431653
yllcorner     -584827.01486885
cellsize      20000
NODATA_value  -9999
[rows 52 to 77 of 190, columns 0 to 57 of 145]
-9999 -9999 -9999 0.0001857721 0.0190546 0.01972629 0.03772455 0.01683919 0.04068827 0.03771121 0.01896361 0.01924827 0.03078952 0.03618175 0.02710138 0.02008167 0.01842279 0.01112767 0.01457212 0.01800524 0.02317408 0.02627324 0.02593012 0.007224337 0.01903949 0.01348634 0.01729941 0.02636999 0.02897678 0.01961374 0.009667443 0.01072509 0.01464011 0.01358798 0.03659073 0.03654412 0.03029782 0.03266808 0.04040823 0.03208378 0.04093899 0.03449946 0.03248926 0.03574533 0.02403318 0.0321281 0.03037604 0.01864463 0.01414149 0.02192853 0.008018221 0.007950939 0.004378047 0.00114974 0.0008650391 0.001077775 0.0014369 0.0007216482
-9999 -9999 -9999 -9999 0.01616473 0.03202715 0.0306661 0.03034114 0.03114422 0.03240037 0.0234094 0.01917439 0.0259032 0.038123 0.02233033 0.02575791 0.03127801 0.01350192 0.006867433 0.01928077 0.01571113 0.02028988 0.01051423 0.009355029 0.00825177 0.006081629 0.0129417 0.01319116 0.03204358 0.03134495 0.02071228 0.0161538 0.007413935 0.01317562 0.02966175 0.03695687 0.0211335 0.03951548 0.05083367 0.02409861 0.03428087 0.03699464 0.03976009 0.03191371 0.02373585 0.03362473 0.02938544 0.01501641 0.0183469 0.01961236 0.004966827 0.005281295 0.002197005 0.00122811 0.0007698422 0.0008202491 0.0009083358 0.0006896715
-9999 -9999 -9999 -9999 0.0007731119 0.02795094 0.03678111 0.02751804 0.03121102 0.03290985 0.04115913 0.02242558 0.01992471 0.04771442 0.03773221 0.04085397 0.02734611 0.01987591 0.007199537 0.01491992 0.01113702 0.01039902 0.008382419 0.01514656 0.006604931 0.00710735 0.007411838 0.003420104 0.02890756 0.02988755 0.02757666 0.01317803 0.01017564 0.01892766 0.03133159 0.03403448 0.02467034 0.04049926 0.04310725 0.03720872 0.03322894 0.03990526 0.03764972 0.03792423 0.0320645 0.03048863 0.0265783 0.01674679 0.01434931 0.01718352 0.002857459 0.002695779 0.003624765 0.002563857 0.0009497547 0.000461643 0.0004618794 0.0004111977
-9999 -9999 -9999 -9999 -9999 0.0139043 0.02883478 0.0423768 0.02878548 0.04308851 0.0390715 0.02395536 0.04102262 0.04034192 0.04178006 0.04254681 0.03185051 0.01926195 0.0154934 0.01447599 0.0138127 0.01390733 0.01241863 0.01516228 0.008422436 0.008237758 0.006960638 0.01004156 0.01492459 0.0252162 0.02941006 0.01898417 0.01645339 0.01067791 0.02854772 0.02658482 0.02846755 0.03942125 0.03166938 0.04056454 0.02795383 0.02779446 0.02862021 0.023303 0.02747182 0.02951377 0.01832602 0.01147908 0.01978738 0.009684534 0.001924269 0.0013373 0.001468139 0.002060005 0.0007945309 0.001045451 0.000620303 0.0003855332
-9999 -9999 -9999 -9999 -9999 0.02466459 0.04631425 0.04330079 0.01882494 0.02475243 0.04622643 0.03400118 0.04173525 0.04609986 0.02932466 0.02090489 0.02883191 0.01775278 0.01001981 0.01129836 0.01413846 0.0123522 0.007872742 0.01341498 0.0166831 0.006636071 0.02100848 0.01711221 0.01775139 0.01083679 0.02094897 0.01261116 0.008676889 0.02536989 0.02693168 0.02385809 0.03159618 0.02884471 0.02927397 0.02022003 0.02080593 0.03554688 0.02891135 0.02576596 0.02534811 0.02443522 0.01562986 0.01228948 0.01877216 0.01467444 0.0009310282 0.001593278 0.001525745 0.001447942 0.0005566872 0.0003151143 0.0004019986 0.000661649
-9999 -9999 -9999 -9999 -9999 0.02403627 0.06398657 0.05766909 0.05201745 0.02589976 0.03011252 0.04656515 0.03834244 0.04380211 0.0454852 0.0310227 0.02329439 0.01689017 0.02035332 0.008282064 0.01321266 0.004068508 0.005840992 0.008828286 0.01868843 0.01805356 0.01917484 0.0294556 0.01924256 0.01132418 0.01137607 0.0145109 0.008303917 0.02125031 0.02034985 0.02844504 0.02737188 0.01683242 0.02659883 0.01279589 0.02041744 0.02871277 0.02600612 0.0380584 0.02919252 0.02206165 0.01290334 0.02201259 0.008429185 0.01018113 0.001197733 0.001610751 0.001457923 0.0004758482 0.000329513 0.0009466727 0.001105529 0.002700994
-9999 -9999 -9999 -9999 -9999 0.04447358 0.06243645 0.04584236 0.03721374 0.03343685 0.03360811 0.0350074 0.03748211 0.04227731 0.02956327 0.03072193 0.01318776 0.01826151 0.01891675 0.02457968 0.01080568 0.01241491 0.009742859 0.01135001 0.03049434 0.02441302 0.01940564 0.02287976 0.01212604 0.00663744 0.001650893 0.009718062 0.01415389 0.01263048 0.0210785 0.01296042 0.008075031 0.01490691 0.0191011 0.01751145 0.01652795 0.02930043 0.02229639 0.03091287 0.03590734 0.03241738 0.01265426 0.01368242 0.01844102 0.003676609 0.001361748 0.002079908 0.001225876 0.0008658263 0.0004406742 0.0009371504 0.001154727 0.001336764
-9999 -9999 -9999 -9999 -9999 0.02022344 0.05313859 0.01977857 0.03129322 0.04593989 0.03714652 0.03943152 0.04103393 0.03886025 0.0289283 0.04627192 0.03454155 0.02480265 0.01694498 0.02165509 0.01794129 0.0173821 0.01083481 0.007552369 0.01940649 0.02327298 0.01651454 0.02219919 0.009463792 0.002798084 0.002438223 0.01288148 0.01431798 0.00831265 0.01377936 0.01330037 0.01877454 0.0169882 0.01413353 0.01869289 0.01354175 0.01672629 0.01894681 0.02143206 0.03359731 0.04025028 0.01447648 0.01185991 0.01757574 0.001526293 0.002083239 0.002080511 0.002299511 0.0006785789 0.001060872 0.000828881 0.00132086 0.002229094
-9999 -9999 -9999 -9999 -9999 -9999 0.03697418 0.02545487 0.04405306 -9999 0.04735817 0.04646789 0.05081806 0.04485605 0.02222562 0.03552257 0.01789547 0.0184055 0.01513922 0.01561947 0.02120692 0.009956134 0.007250615 0.01426313 0.01032098 0.01686173 0.02296502 0.01721056 0.01262414 0.00355888 0.002024812 0.005665185 0.01528431 0.01616046 0.01303834 0.01717086 0.01082228 0.01145261 0.01263998 0.01055827 0.007941898 0.01299154 0.009989401 0.02269229 0.02734202 0.01662756 0.01079241 0.02012008 0.002313057 0.001285267 0.001032498 0.0007850274 0.0004107068 0.002296694 0.0006131313 0.001094416 0.00062908 0.0007212135
-9999 -9999 -9999 -9999 -9999 -9999 0.05911788 0.0308465 0.02774046 0.002815496 0.04774299 0.03041198 0.04928216 0.05289415 0.02444332 0.01731485 0.03464624 0.02353061 0.0136972 0.009955773 0.01135478 0.005899178 0.01323885 0.02256199 0.02973943 0.02701427 0.02976369 0.01931865 0.009671859 0.005316198 0.003305295 0.004477071 0.008603792 0.00967535 0.02053053 0.01279636 0.01448973 0.01670268 0.01571997 0.008816533 0.006106339 0.008412686 0.01317486 0.01577963 0.02857812 0.02511133 0.0194618 0.02331861 0.001554993 0.001861409 0.003343609 0.001123016 0.003515122 0.0006855879 0.0002961399 0.0008760691 0.0005719041 0.0003862363
-9999 -9999 -9999 -9999 -9999 -9999 0.02387733 0.03016212 -9999 0.001532963 0.04870024 0.02647484 0.03996703 0.04475251 0.02386185 0.04136451 0.03952375 0.0310297 0.02566131 0.02393091 0.005655352 0.003294324 0.01692829 0.01086311 0.01307611 0.01253051 0.02343564 0.01977425 0.007942395 0.005267204 0.004088495 0.005186758 0.004309678 0.007531723 0.01064301 0.01625553 0.01018604 0.01515184 0.01396605 0.01164104 0.01027941 0.01112572 0.01185626 0.01215314 0.01659467 0.01776913 0.007450222 0.0021681 0.0008567493 0.001250526 0.000969449 0.001017833 0.0008211474 0.0004800893 0.0005508284 0.0004083244 0.0005772813 0.0001946756
-9999 -9999 -9999 -9999 -9999 -9999 0.03583454 0.04004047 0.04441342 0.02500305 0.05513034 0.01384265 0.03235371 0.02567776 0.03019165 0.03994141 0.04926663 0.03663167 0.03450248 0.02591245 0.006899964 0.004403627 0.01782651 0.0264847 0.007602252 0.02352624 0.03203248 0.02194647 0.01589603 0.006003865 0.004850829 0.003688337 0.003318063 0.006693554 0.007534247 0.01566842 0.01075128 0.007641369 0.008742502 0.01162507 0.01638498 0.01475736 0.01196693 0.01898694 0.01148761 0.01251646 0.00716534 0.001143634 0.0022541 0.002397902 0.001674559 0.0008087867 0.0008134801 0.001101495 0.001504066 0.0005617972 0.0009303699 0.0003632166
-9999 -9999 -9999 -9999 -9999 -9999 0.03446583 0.0393134 0.03542867 0.03240634 -9999 -9999 0.03472534 0.04039155 0.05605343 0.04750422 0.04845673 0.02758193 0.03194714 0.02998002 0.01371821 0.003603315 0.008361068 0.008468125 0.006289242 0.01975195 0.03816729 0.02845664 0.02184974 0.008279578 0.006531871 0.005179813 0.004616973 0.005672302 0.01119375 0.01210788 0.008771489 0.005115583 0.006924448 0.004243358 0.007033247 0.01263246 0.01017555 0.01967877 0.01950317 0.01519448 0.002822871 0.001132578 0.002931398 0.001055608 0.001075867 0.000465892 0.0003421167 0.0009734411 0.001110671 0.0003891483 0.0009300042 0.000827432
-9999 -9999 -9999 -9999 -9999 -9999 0.03873415 0.0271316 0.03456138 0.03982791 0.03456696 0.04476763 0.02528558 0.05943517 0.05905366 0.04845088 0.04365103 0.03917648 0.02494838 0.0267589 0.01093508 0.004668563 0.004951911 0.005186067 0.008320825 0.02046538 0.03520397 0.02409361 0.02840371 0.01367503 0.01015933 0.00976526 0.003007878 0.01011113 0.0096689 0.009429479 0.009987378 0.007737002 0.007607676 0.007663146 0.01342811 0.0147569 0.01463519 0.01996324 0.01209035 0.007499182 0.002222952 0.00147605 0.001079692 0.001716556 0.001105629 0.001049709 0.0003895567 0.0007443468 0.0007916765 0.0007169184 0.0009354157 0.0007128266
-9999 -9999 -9999 -9999 -9999 -9999 0.03947831 0.02699301 0.03894538 0.03378792 0.02184384 0.04766946 -9999 0.03967482 0.05088267 0.05805194 0.05119316 0.0406231 0.02739495 0.01313709 0.006390484 0.002785555 0.006576445 0.009474604 0.01324703 0.01624371 0.03097663 0.02505044 0.02051558 0.0174525 0.01725551 0.01632329 0.006291809 0.01103492 0.008344105 0.008770309 0.01047085 0.0135027 0.0113141 0.01150389 0.01461152 0.01514006 0.009582321 0.008883111 0.00608586 0.005317344 0.003561233 0.002557674 0.001513651 0.0009921429 0.001455221 0.00181606 0.0004586497 0.0004094213 0.001083936 0.001652679 0.0008968433 0.0003089608
-9999 -9999 -9999 -9999 -9999 -9999 0.02970817 0.0416666 0.03920798 0.03246389 0.0280752 0.03143781 0.02866989 0.04151829 0.05681963 0.05259699 0.0460276 0.03887974 0.02921423 0.01611033 0.01175683 0.008196736 0.005897238 0.006744047 0.01302557 0.01366213 0.01901066 0.02683676 0.03149102 0.02618107 0.0219709 0.02380437 0.007044306 0.009335445 0.01402305 0.01507173 0.02149473 0.02067565 0.01661062 0.0118161 0.010636 0.006383916 0.009011472 0.004167081 0.001342569 0.001737192 0.004405213 0.001265658 0.0009289316 0.002128355 0.00184358 0.001173593 0.0008377407 0.0007201667 0.0007583947 0.001683214 0.0004186821 0.0003973527
-9999 -9999 -9999 -9999 -9999 0.0213605 0.01288623 0.04574407 0.04994127 -9999 0.02498304 0.03705169 0.02698172 0.03219333 0.06030361 0.03348557 0.03459501 0.0360387 0.02782922 0.01558664 0.008175639 0.007375734 0.009145468 0.01093231 0.009206467 0.008495448 0.01995737 0.03108631 0.03361762 0.03294092 0.02734982 0.02676135 0.01168549 0.01527505 0.01598554 0.02038287 0.02887423 0.01801479 0.01511012 0.0216018 0.01553693 0.01301983 0.004282146 0.004301474 0.001143994 0.0007413586 0.001963775 0.003087594 0.002036917 0.0007253562 0.0008030516 0.0008768919 0.000906255 0.001377206 0.001005081 0.0007346284 0.0003794119 0.0004148172
-9999 -9999 -9999 -9999 -9999 -9999 -9999 0.06235856 0.05319114 0.03899585 0.03662033 0.01695558 -9999 0.0391251 0.04945892 0.01917632 0.04987485 0.04003076 0.02476083 0.01742218 0.02094092 0.01061276 0.00951881 0.01397067 0.009670725 0.02115394 0.01847085 0.01877744 0.03001797 0.03324404 0.02430323 0.02609866 0.0163981 0.016403 0.02110639 0.02174395 0.03200433 0.03300085 0.02543679 0.01709525 0.009274386 0.003042635 0.003135625 0.002329265 0.001312989 0.001758734 0.0008137458 0.0005058507 0.001189949 0.00142261 0.0007820046 0.001431442 0.001031621 0.0008837809 0.0005941936 0.0006026673 0.001057019 0.001588717
-9999 -9999 -9999 -9999 -9999 -9999 0.0345884 0.04216673 0.0426271 0.0344997 0.04103941 -9999 -9999 0.04161125 0.04710134 0.02617145 0.05087245 0.04496846 0.02841074 0.0233904 0.01809151 0.01572762 0.01462829 0.01103443 0.01839183 0.02166663 0.01192856 0.01636173 0.02544628 0.03928187 0.0394212 0.02463784 0.01722374 0.01977053 0.02909169 0.02616492 0.02966633 0.0258297 0.02381247 0.02132181 0.01156062 0.003737634 0.003354636 0.001732433 0.001501115 0.001308872 0.001514017 0.0005865981 0.0006715831 0.002040206 0.0005825049 0.000752201 0.0005437888 0.0004932306 0.0004037409 0.0003526873 0.0005981941 0.0007176921
-9999 -9999 -9999 -9999 -9999 -9999 0.05746239 0.05653594 -9999 0.01910447 0.01803234 0.005048306 0.0225639 0.03994459 0.03739798 0.04165639 0.04986377 0.04350012 0.03329182 0.03084641 0.01195694 0.009565039 0.0121989 0.01188947 0.01861721 0.02872448 0.01866997 0.02644861 0.02111266 0.03309748 0.03988003 0.02727981 0.02376886 0.03160993 0.03115383 0.03463719 0.02703305 0.03069165 0.02708226 0.02803001 0.007969738 0.007198228 0.006366718 0.008857896 0.004012466 0.0006057355 0.0007979283 0.0007093393 0.0007740064 0.001295226 0.00164974 0.000766803 0.0007449374 0.0007698502 0.0006057839 0.0002676196 0.0006341493 0.0006060004
-9999 -9999 -9999 -9999 -9999 -9999 0.03954061 0.05275774 0.03792432 0.02453775 0.006775567 0.01187048 0.04868474 0.03677041 0.04653291 0.02848695 0.05084796 0.03985992 0.050239 0.03410826 0.01749512 0.02211959 0.03003169 0.02195575 0.02212587 0.01701587 0.01795771 0.0129677 0.01960351 0.03168225 0.03002352 0.02459099 0.03359353 0.01863007 0.03524047 0.03822369 0.03265705 0.04468776 0.02348924 0.02870739 0.01093795 0.01330056 0.01117137 0.007091083 0.001696356 0.002840584 0.0004650867 0.001355291 0.001411748 0.0006942911 0.0005823356 0.0009651126 0.0003857112 0.0007409716 0.0008647831 0.0002994034 0.0003541574 0.0003589835
-9999 -9999 -9999 -9999 -9999 -9999 0.03506463 -9999 0.03149942 0.02366691 0.01413002 0.02315213 0.03426681 0.03459086 0.03830412 0.02877289 0.03833748 0.04628999 0.0476492 0.03711901 0.02693678 0.01439323 0.0261332 0.02381212 0.03045809 0.01257153 0.009124761 0.007727741 0.01321058 0.02366046 0.03640857 0.03328738 0.02118064 0.03296338 0.028551 0.03796414 0.04305222 0.04282182 0.02890366 0.03089252 0.0118451 0.01392751 0.004363634 0.002868468 0.003326465 0.001841736 0.002343069 0.0007607698 0.0007821095 0.0005591925 0.0004303244 0.0005602626 0.0008166882 0.0004968788 0.0009622376 0.0006667739 0.0007476504 0.001390329
-9999 -9999 -9999 -9999 -9999 -9999 0.04496569 -9999 0.02163754 -9999 0.01868912 0.01379456 0.03138105 0.03579012 0.04148236 0.03815373 0.03297367 0.04360706 0.03669424 0.0294707 0.0380918 0.01807786 0.03375993 0.02705408 0.03398243 0.03348076 0.0161228 0.01384034 0.01603 0.02799717 0.03739906 0.04224634 0.0342436 0.02638626 0.03240189 0.0292365 0.04849186 0.05000966 0.04661785 0.03702277 0.02548784 0.01325789 0.009571756 0.003537965 0.002235508 0.001723484 0.00257855 0.0005487668 0.0004807429 0.0005435529 0.0003565921 0.0007951618 0.00053973 0.0003763664 0.0007515624 0.0004535721 0.0005987533 0.001037114
-9999 -9999 -9999 -9999 -9999 -9999 -9999 0.02706541 0.02082753 -9999 -9999 0.01433309 0.03698503 0.03903567 0.04397782 0.02935801 0.0485835 0.01599047 0.0211929 0.03896948 0.02746815 0.02507422 0.03583399 0.02951137 0.03416532 0.03450081 0.02527773 0.01589945 0.006736466 0.01662795 0.02899912 0.03595875 0.0274433 0.02114262 0.03288643 0.02778157 0.04104308 0.04787388 0.0533435 0.0358996 0.02177059 0.01190901 0.01349219 0.003201563 0.003717877 0.002520533 0.00123942 0.0006202153 0.0005932049 0.0004369011 0.0005015112 0.0007362328 0.0003575206 0.0003371504 0.0003764392 0.0004952875 0.0005293383 0.0007027317
-9999 -9999 -9999 -9999 -9999 -9999 -9999 -9999 -9999 0.03659065 0.01942757 0.01937035 0.03061438 0.02584696 0.05331262 0.0534418 0.03742946 0.03446273 0.03444576 0.03204398 0.02191913 0.02987532 0.03424444 0.03419694 0.02138982 0.02724398 0.02782051 0.02196318 0.0113969 0.02392887 0.03307145 0.04009239 0.03036523 0.01962988 0.02254463 0.0303106 0.03969691 0.04958819 0.04390481 0.03278991 0.0232435 0.0123023 0.0167037 0.003410835 0.001178152 0.003099541 0.002225197 0.0003043638 0.0002632838 0.0004104274 0.0003187713 0.0002446061 0.0001982622 0.0002358018 0.0002459116 0.00023515 0.0002192885 0.0002739312
-9999 -9999 -9999 -9999 -9999 -9999 -9999 -9999 0.007642591 0.006881041 0.009019077 0.04177184 0.03765899 0.0332564 0.04489768 0.05441463 0.04436588 0.04824327 0.03492587 0.02729114 0.03843779 0.03481022 0.03284003 0.03146223 0.02816088 0.0195619 0.03087005 0.03168488 0.01338825 0.01231368 0.02366696 0.03773731 0.0235655 0.02481409 0.02460855 0.02287986 0.04197349 0.04681891 0.03713861 0.04425162 0.02249697 0.008601536 0.01170168 0.001881512 0.003120418 0.002463316 0.002598086 0.0005837856 0.0004423991 0.0003774803 0.000512571 0.0002262509 0.0004857306 0.0003160877 0.0003378281 0.0003172038 0.0003462587 0.0004876865
