Candidate_Models_Sept202022/M_5_F_lqp_Set_1_cal/Bison.asc
ncols         97
nrows         127
xllcorner     -2197417.7431653
yllcorner     -584827.01486885
cellsize      30000.0
NODATA_value  -9999
[rows 54 to 80 of 127, columns 0 to 60 of 97]
-9999 -9999 -9999 -9999 2.13891E-2 1.61073E-2 1.00103E-2 1.60984E-2 1.44599E-2 8.06331E-3 1.1309E-2 3.43569E-2 6.65005E-2 1.33922E-1 7.58207E-2 2.90385E-2 3.93553E-2 7.28795E-2 7.58356E-2 9.26514E-2 1.21856E-1 9.76938E-2 7.78353E-2 6.21998E-2 7.96148E-2 1.35747E-1 1.12383E-1 8.87163E-2 1.44757E-1 1.18181E-1 1.31552E-1 1.55411E-1 1.74169E-1 1.76585E-1 1.52909E-1 1.45316E-1 1.4915E-1 1.43037E-1 1.6295E-1 1.86288E-1 2.63608E-1 3.40695E-1 2.20304E-1 1.44934E-1 1.24223E-1 1.23877E-1 1.24119E-1 1.12987E-1 1.1667E-1 1.1335E-1 1.11339E-1 1.01638E-1 9.37902E-2 1.2974E-1 1.27702E-1 1.17967E-1 1.1336E-1 9.81595E-2 9.19468E-2 6.66021E-2 5.8711E-2
-9999 -9999 -9999 -9999 -9999 9.28461E-3 6.50437E-3 1.40138E-2 1.35673E-2 1.03737E-2 8.62114E-3 2.63162E-2 7.73375E-2 1.10012E-1 7.4646E-2 3.69184E-2 2.58476E-2 2.98696E-2 9.97225E-2 4.01092E-2 1.27889E-1 1.08142E-1 8.19425E-2 1.08471E-1 6.88587E-2 7.83605E-2 9.68977E-2 1.24525E-1 1.88177E-1 1.74231E-1 1.90097E-1 1.77484E-1 1.86884E-1 1.60136E-1 1.56456E-1 1.6474E-1 1.67951E-1 1.52193E-1 1.92691E-1 1.70242E-1 2.60078E-1 4.90533E-1 1.86113E-1 1.35726E-1 1.43256E-1 1.4276E-1 1.2074E-1 1.19041E-1 1.24414E-1 1.26943E-1 1.37197E-1 1.46766E-1 1.33698E-1 1.32414E-1 1.24112E-1 1.0561E-1 9.74508E-2 8.90401E-2 8.28729E-2 7.03595E-2 7.64474E-2
-9999 -9999 -9999 -9999 -9999 1.66053E-2 1.241E-2 1.56011E-2 1.69453E-2 1.40975E-2 4.12151E-3 1.52897E-2 2.45839E-2 4.98914E-2 9.58249E-2 4.73361E-2 5.82184E-2 7.0297E-2 7.58041E-2 8.25372E-2 9.59403E-2 7.95602E-2 6.80045E-2 8.47123E-2 7.39305E-2 1.06912E-1 1.1012E-1 1.4751E-1 2.43651E-1 1.77122E-1 2.09866E-1 2.14112E-1 2.19772E-1 2.04854E-1 2.06403E-1 2.25714E-1 1.66783E-1 1.47326E-1 1.72141E-1 1.49571E-1 2.53206E-1 1.8252E-1 1.37008E-1 1.44129E-1 1.40871E-1 1.34549E-1 1.23442E-1 1.15065E-1 1.08576E-1 1.33214E-1 1.34865E-1 1.35342E-1 1.30404E-1 1.47072E-1 1.1392E-1 1.02006E-1 1.09134E-1 9.708E-2 8.86267E-2 8.54834E-2 8.55291E-2
-9999 -9999 -9999 -9999 -9999 -9999 2.22986E-2 -9999 3.05042E-2 5.24227E-3 3.81068E-3 1.30437E-2 4.41641E-2 4.66782E-2 3.08661E-2 8.49154E-2 4.07969E-2 7.36319E-2 8.52227E-2 1.07212E-1 7.2464E-2 7.44327E-2 7.3697E-2 1.2032E-1 8.28558E-2 1.00415E-1 5.8696E-2 1.46048E-1 1.71819E-1 2.03626E-1 3.44042E-1 3.31243E-1 2.58785E-1 2.32155E-1 2.22688E-1 2.23016E-1 2.23417E-1 1.65881E-1 1.77336E-1 1.35996E-1 1.58581E-1 1.69821E-1 1.64173E-1 1.56725E-1 1.43663E-1 1.4289E-1 1.43587E-1 1.6138E-1 1.77624E-1 1.29385E-1 1.35875E-1 1.81342E-1 1.29115E-1 1.12072E-1 1.09635E-1 1.18827E-1 1.14882E-1 1.11893E-1 1.06787E-1 9.76804E-2 8.26905E-2
-9999 -9999 -9999 2.95177E-2 -9999 -9999 -9999 -9999 -9999 1.25251E-2 1.37764E-2 1.3353E-2 1.69462E-2 3.26438E-2 4.24299E-2 5.30398E-2 4.59049E-2 7.8881E-2 8.29108E-2 1.24068E-1 7.44967E-2 9.1856E-2 5.7304E-2 1.34182E-1 5.76285E-2 5.93544E-2 6.55671E-2 1.09926E-1 2.73786E-1 2.03279E-1 4.50404E-1 4.08241E-1 2.54776E-1 2.11069E-1 1.85341E-1 2.35946E-1 2.18298E-1 2.65939E-1 4.62938E-1 1.68571E-1 1.74942E-1 1.71551E-1 1.68469E-1 1.62837E-1 1.58625E-1 1.65108E-1 1.69049E-1 1.55384E-1 1.59165E-1 1.43101E-1 1.39397E-1 1.37611E-1 1.44272E-1 1.14689E-1 1.1793E-1 1.35847E-1 1.16663E-1 1.63574E-1 1.36501E-1 1.03501E-1 9.75426E-2
-9999 -9999 -9999 1.91294E-2 4.15269E-2 4.69214E-2 -9999 -9999 -9999 1.86232E-2 9.33533E-3 2.91315E-2 2.75048E-2 3.98633E-2 3.49037E-2 6.51226E-2 4.17319E-2 6.23324E-2 1.1509E-1 1.03853E-1 8.42884E-2 8.7139E-2 8.02632E-2 1.32282E-1 8.79387E-2 6.4421E-2 7.3086E-2 1.20849E-1 3.3759E-1 2.87764E-1 5.29302E-1 4.66365E-1 2.70398E-1 2.39359E-1 2.40201E-1 2.03711E-1 2.15161E-1 4.76402E-1 3.3883E-1 1.78433E-1 1.84322E-1 2.08916E-1 1.73014E-1 1.58858E-1 1.73145E-1 1.56999E-1 1.6921E-1 1.62023E-1 1.61489E-1 1.91674E-1 1.73452E-1 1.62758E-1 1.19418E-1 1.18015E-1 1.21037E-1 1.4054E-1 2.00289E-1 1.79916E-1 1.34889E-1 1.32175E-1 1.33668E-1
-9999 -9999 -9999 1.76115E-2 4.15134E-2 5.93408E-2 4.04868E-2 -9999 -9999 2.27061E-2 1.23779E-2 3.06162E-2 2.86079E-2 3.22406E-2 3.13735E-2 5.59711E-2 7.13025E-2 1.0413E-1 1.17001E-1 8.90449E-2 1.18183E-1 1.30508E-1 1.21351E-1 9.31208E-2 1.34211E-1 6.51218E-2 1.21329E-1 1.14608E-1 2.11293E-1 2.10008E-1 4.90195E-1 6.32309E-1 4.63509E-1 4.61424E-1 5.10041E-1 2.9028E-1 3.33096E-1 3.6682E-1 2.26628E-1 2.10668E-1 2.22351E-1 2.04767E-1 1.88739E-1 1.75309E-1 1.65801E-1 1.67677E-1 1.66784E-1 1.82747E-1 1.77732E-1 2.82744E-1 3.32032E-1 2.60593E-1 1.75416E-1 2.16914E-1 1.35516E-1 1.34472E-1 1.53812E-1 1.60321E-1 1.55592E-1 1.55533E-1 1.21379E-1
-9999 -9999 -9999 9.24387E-3 3.6111E-2 4.73202E-2 -9999 -9999 3.72823E-2 1.35595E-2 5.93429E-3 1.36636E-2 2.33465E-2 3.28284E-2 3.76549E-2 7.11654E-2 1.78259E-1 1.26359E-1 1.29702E-1 8.59487E-2 1.08016E-1 1.25492E-1 1.46983E-1 1.28417E-1 1.37828E-1 6.97648E-2 8.27729E-2 9.71004E-2 1.53474E-1 3.5657E-1 5.98811E-1 6.8363E-1 6.34361E-1 5.6855E-1 5.7457E-1 5.11874E-1 4.60531E-1 4.85488E-1 3.24724E-1 2.57978E-1 2.61696E-1 2.57462E-1 2.15285E-1 1.95394E-1 1.72437E-1 2.13603E-1 1.9804E-1 1.92368E-1 2.41155E-1 3.15478E-1 2.96328E-1 1.86499E-1 1.51795E-1 1.31368E-1 1.49461E-1 1.4444E-1 1.55937E-1 1.40478E-1 1.62928E-1 1.32275E-1 1.31857E-1
-9999 -9999 -9999 9.43971E-3 3.6232E-2 -9999 -9999 6.06489E-2 2.82776E-2 1.22965E-2 1.08248E-2 1.19975E-2 2.53768E-2 3.28516E-2 4.30325E-2 9.41957E-2 1.30148E-1 1.17801E-1 1.36013E-1 1.15274E-1 1.15436E-1 1.49129E-1 1.54026E-1 1.57854E-1 1.48895E-1 8.34673E-2 1.2986E-1 1.28282E-1 1.2367E-1 1.49976E-1 3.93604E-1 6.31325E-1 4.71299E-1 5.36511E-1 6.77146E-1 6.25872E-1 5.8822E-1 6.93679E-1 5.00244E-1 2.77822E-1 2.60575E-1 2.1919E-1 2.0173E-1 1.8375E-1 1.99057E-1 2.4585E-1 2.12921E-1 1.73764E-1 1.72299E-1 2.25823E-1 2.52968E-1 1.45104E-1 1.17311E-1 1.35271E-1 1.37726E-1 1.41192E-1 1.49866E-1 1.40536E-1 1.28893E-1 1.29729E-1 1.55143E-1
-9999 -9999 -9999 7.77147E-3 1.29993E-2 -9999 -9999 -9999 3.04106E-2 1.15043E-2 9.73458E-3 1.64018E-2 1.1152E-2 8.41191E-2 9.07973E-2 9.71185E-2 1.24959E-1 1.47098E-1 1.64797E-1 1.0671E-1 1.31492E-1 1.49262E-1 1.65249E-1 1.57761E-1 1.42905E-1 8.03944E-2 6.49796E-2 6.6594E-2 1.14382E-1 1.2668E-1 1.79989E-1 4.68244E-1 5.67878E-1 5.86013E-1 6.97764E-1 6.87204E-1 5.86384E-1 5.88214E-1 3.23786E-1 2.82329E-1 2.5185E-1 2.51767E-1 2.2535E-1 2.05588E-1 2.20527E-1 2.43423E-1 2.7257E-1 1.96924E-1 2.07577E-1 2.51093E-1 2.49438E-1 1.77655E-1 1.89511E-1 1.70447E-1 1.63764E-1 1.53273E-1 1.47061E-1 1.47408E-1 1.42066E-1 1.637E-1 1.60647E-1
-9999 -9999 -9999 9.60368E-3 2.05498E-2 -9999 -9999 -9999 4.07013E-2 1.7177E-2 1.5259E-2 1.10112E-2 2.98961E-2 7.27839E-2 7.65207E-2 1.28359E-1 1.28136E-1 1.52915E-1 1.71503E-1 1.26474E-1 1.27435E-1 1.79176E-1 1.83689E-1 1.81038E-1 1.64929E-1 1.44258E-1 5.94961E-2 9.62712E-2 9.91288E-2 1.77194E-1 2.16137E-1 5.15365E-1 5.96539E-1 6.33349E-1 5.72841E-1 5.69518E-1 4.96899E-1 6.17529E-1 3.675E-1 3.8857E-1 2.86155E-1 2.84246E-1 2.46854E-1 2.19927E-1 3.22785E-1 3.21974E-1 2.97601E-1 2.24281E-1 2.39557E-1 2.83264E-1 2.98978E-1 1.89681E-1 1.79927E-1 1.67649E-1 1.70028E-1 1.70377E-1 1.51812E-1 1.43638E-1 1.38663E-1 1.31501E-1 1.49228E-1
-9999 -9999 -9999 6.59154E-3 2.43793E-2 -9999 -9999 -9999 3.96662E-2 2.57282E-2 5.46675E-3 1.37797E-2 2.06691E-2 6.44765E-2 1.33531E-1 1.07616E-1 1.28824E-1 1.68885E-1 1.38398E-1 1.38738E-1 2.14074E-1 2.89498E-1 2.00085E-1 1.89898E-1 1.65169E-1 1.47832E-1 9.38845E-2 1.13791E-1 1.03833E-1 1.59325E-1 2.06267E-1 3.36605E-1 5.29644E-1 6.62767E-1 5.01873E-1 5.99203E-1 3.75E-1 5.54639E-1 5.75569E-1 4.00379E-1 2.46355E-1 2.43965E-1 2.37334E-1 2.48924E-1 2.2467E-1 2.29526E-1 2.33935E-1 2.64404E-1 3.01283E-1 2.65048E-1 2.20179E-1 2.01863E-1 1.86764E-1 1.779E-1 1.781E-1 1.73025E-1 1.55177E-1 1.68552E-1 1.57641E-1 1.50828E-1 2.31741E-1
-9999 -9999 -9999 -9999 1.05216E-2 -9999 -9999 -9999 -9999 2.92533E-2 9.93275E-3 1.07743E-2 2.84497E-2 2.01579E-2 7.25657E-2 1.24028E-1 1.49133E-1 1.69771E-1 1.65067E-1 2.0587E-1 1.79684E-1 4.28618E-1 2.875E-1 2.10276E-1 2.427E-1 1.51041E-1 9.47664E-2 7.21126E-2 1.3283E-1 1.08358E-1 1.36482E-1 1.92712E-1 2.37766E-1 2.75695E-1 2.59303E-1 3.06458E-1 5.55326E-1 4.77369E-1 3.00373E-1 2.36709E-1 3.22694E-1 2.33039E-1 3.07151E-1 2.55213E-1 2.39459E-1 2.86032E-1 2.52556E-1 2.77506E-1 2.77243E-1 2.57914E-1 3.29426E-1 2.08911E-1 1.96625E-1 1.83618E-1 1.81405E-1 1.88641E-1 1.77988E-1 1.63694E-1 1.54616E-1 1.44373E-1 1.42633E-1
-9999 -9999 -9999 -9999 2.70979E-2 -9999 -9999 -9999 -9999 4.32057E-2 1.52609E-2 9.33574E-3 5.14111E-2 3.07899E-2 5.03258E-2 1.13726E-1 1.57154E-1 1.59438E-1 1.7361E-1 1.64089E-1 2.00735E-1 2.47486E-1 2.12734E-1 3.4087E-1 4.47821E-1 1.88265E-1 1.26008E-1 9.79956E-2 1.04238E-1 1.08584E-1 8.54616E-2 1.4812E-1 2.20293E-1 2.97939E-1 2.49378E-1 2.47843E-1 3.66867E-1 2.6614E-1 2.20837E-1 2.01647E-1 2.79394E-1 2.6005E-1 2.78618E-1 3.22198E-1 2.5109E-1 2.80412E-1 3.87547E-1 2.80481E-1 2.73279E-1 2.84819E-1 2.98494E-1 2.25836E-1 2.13018E-1 2.03097E-1 1.97184E-1 2.06109E-1 1.91522E-1 1.75151E-1 1.67485E-1 1.54163E-1 1.48423E-1
-9999 -9999 -9999 -9999 -9999 -9999 -9999 -9999 -9999 3.07621E-2 2.45415E-2 6.49818E-3 2.3624E-2 1.8884E-2 2.28157E-2 8.13368E-2 1.73854E-1 1.76987E-1 1.62204E-1 1.9772E-1 1.84232E-1 1.92263E-1 2.12315E-1 1.96627E-1 1.75009E-1 9.7819E-2 6.91611E-2 1.14723E-1 7.89564E-2 9.99212E-2 1.32813E-1 1.142E-1 1.21932E-1 2.19412E-1 2.00344E-1 2.58986E-1 3.87372E-1 3.57493E-1 2.414E-1 2.87654E-1 3.445E-1 2.77223E-1 3.05301E-1 3.39114E-1 4.7547E-1 5.27905E-1 5.25262E-1 3.27229E-1 2.65293E-1 2.57973E-1 2.8431E-1 2.80102E-1 2.29163E-1 2.06906E-1 2.04644E-1 1.94433E-1 1.96886E-1 1.92018E-1 1.75591E-1 1.7905E-1 1.66908E-1
-9999 -9999 -9999 -9999 -9999 -9999 -9999 -9999 -9999 -9999 2.94822E-2 8.78041E-3 9.33551E-3 2.50788E-2 3.97459E-2 1.33078E-1 1.72989E-1 1.56547E-1 1.98224E-1 1.89753E-1 1.67143E-1 1.64918E-1 2.01445E-1 1.92614E-1 1.69744E-1 8.7394E-2 8.33659E-2 7.91918E-2 8.63984E-2 1.03304E-1 1.38431E-1 8.71502E-2 1.82697E-1 2.35254E-1 2.66234E-1 2.67046E-1 3.39793E-1 3.5707E-1 2.68676E-1 3.13352E-1 3.2882E-1 4.64269E-1 4.76637E-1 5.50642E-1 6.10776E-1 6.23471E-1 5.17799E-1 6.19555E-1 2.86517E-1 2.54561E-1 3.56407E-1 2.85745E-1 2.41036E-1 2.30112E-1 2.12327E-1 1.88341E-1 2.16855E-1 2.3425E-1 2.06667E-1 1.94004E-1 1.9221E-1
-9999 -9999 -9999 -9999 -9999 -9999 -9999 -9999 -9999 -9999 2.43121E-2 1.07187E-2 7.86155E-3 1.74083E-2 4.0449E-2 3.20949E-2 1.9515E-1 2.25051E-1 1.85703E-1 1.94118E-1 1.619E-1 1.59166E-1 2.09164E-1 2.58365E-1 1.51385E-1 8.1407E-2 6.25691E-2 3.55399E-2 6.29675E-2 1.4779E-1 1.26352E-1 1.2608E-1 1.39529E-1 2.22341E-1 2.48445E-1 3.04676E-1 2.49E-1 2.61086E-1 2.74145E-1 4.9444E-1 5.22814E-1 6.0803E-1 5.74139E-1 6.13783E-1 6.01513E-1 5.74015E-1 3.84834E-1 5.06835E-1 4.17931E-1 4.89284E-1 5.30059E-1 3.71134E-1 2.31417E-1 2.31589E-1 2.13399E-1 2.10654E-1 2.08475E-1 2.02687E-1 2.01817E-1 1.95333E-1 2.02621E-1
-9999 -9999 -9999 -9999 -9999 -9999 -9999 -9999 -9999 -9999 1.87912E-2 6.57375E-3 1.02075E-2 1.74776E-2 1.76444E-1 1.88724E-1 2.3328E-1 2.51798E-1 2.06051E-1 2.04992E-1 1.82389E-1 1.93136E-1 2.13652E-1 2.27433E-1 1.75125E-1 9.02201E-2 5.88403E-2 6.85296E-2 8.89107E-2 7.52191E-2 1.29791E-1 1.90801E-1 1.59147E-1 1.39308E-1 2.38594E-1 2.74362E-1 3.75487E-1 4.56551E-1 4.9332E-1 4.67817E-1 5.88452E-1 6.09945E-1 6.56295E-1 6.37612E-1 6.53822E-1 6.60135E-1 6.16101E-1 5.91026E-1 5.88874E-1 6.1622E-1 6.49164E-1 5.42543E-1 4.31739E-1 3.87006E-1 3.94181E-1 2.34328E-1 2.11793E-1 2.05009E-1 2.14123E-1 2.08615E-1 2.25038E-1
-9999 -9999 -9999 -9999 -9999 -9999 -9999 -9999 -9999 -9999 2.05324E-2 4.87285E-3 9.89598E-3 1.76894E-2 8.31026E-2 6.94616E-2 1.79432E-1 2.0907E-1 1.93079E-1 2.31952E-1 2.6052E-1 2.22715E-1 2.0344E-1 2.16873E-1 1.56215E-1 8.17332E-2 6.52075E-2 6.59321E-2 1.82467E-1 8.92483E-2 8.27814E-2 2.16227E-1 1.65481E-1 1.07584E-1 2.57011E-1 2.63495E-1 3.74094E-1 4.41356E-1 4.12048E-1 4.83672E-1 5.97956E-1 6.63049E-1 7.17921E-1 6.69094E-1 7.34398E-1 6.82699E-1 6.60655E-1 6.54517E-1 6.85018E-1 6.38917E-1 4.49511E-1 3.68536E-1 3.60256E-1 4.78949E-1 5.48945E-1 4.95062E-1 2.48935E-1 2.29573E-1 2.24127E-1 2.07922E-1 2.30539E-1
-9999 -9999 -9999 -9999 -9999 -9999 -9999 -9999 -9999 -9999 1.26027E-2 6.35015E-3 1.54031E-2 8.73008E-2 2.19894E-1 4.04163E-2 1.78002E-1 1.53397E-1 1.96323E-1 2.73539E-1 3.12154E-1 2.38908E-1 2.25328E-1 1.80361E-1 2.25839E-1 1.51673E-1 8.03244E-2 7.07006E-2 1.10342E-1 1.91245E-1 9.65982E-2 9.72679E-2 1.41075E-1 1.57671E-1 2.30711E-1 3.34771E-1 3.2452E-1 3.35033E-1 4.01471E-1 4.83604E-1 6.33459E-1 7.31277E-1 7.31384E-1 7.70055E-1 7.82199E-1 6.49514E-1 6.15184E-1 6.44792E-1 5.80399E-1 6.9304E-1 6.44865E-1 4.50909E-1 3.6781E-1 5.6E-1 4.1364E-1 3.67258E-1 2.47167E-1 2.99821E-1 2.48574E-1 2.17685E-1 2.38361E-1
-9999 -9999 -9999 -9999 -9999 -9999 -9999 -9999 3.94689E-2 3.06791E-2 2.53516E-2 1.18728E-2 6.90963E-3 1.83871E-2 6.39619E-2 1.80444E-1 1.70299E-1 1.55441E-1 1.54189E-1 2.28035E-1 2.54036E-1 2.72862E-1 2.59486E-1 2.18604E-1 2.3569E-1 2.01977E-1 8.12622E-2 5.486E-2 5.79767E-2 9.55215E-2 5.65037E-2 7.31856E-2 1.67762E-1 1.28705E-1 1.88351E-1 1.86027E-1 2.51877E-1 3.77437E-1 3.47313E-1 5.21784E-1 6.58749E-1 7.42238E-1 7.00461E-1 6.8793E-1 7.16457E-1 6.25487E-1 6.20537E-1 6.5453E-1 6.48727E-1 6.06153E-1 6.77368E-1 6.335E-1 5.98881E-1 5.5387E-1 3.821E-1 3.37235E-1 4.20187E-1 3.78825E-1 3.74646E-1 2.39911E-1 2.74044E-1
-9999 -9999 -9999 -9999 -9999 -9999 -9999 -9999 1.724E-2 1.58178E-2 3.45621E-2 2.47729E-2 1.58551E-2 7.17699E-3 9.68245E-3 7.62388E-2 8.02393E-2 2.05757E-1 1.3743E-1 1.80172E-1 2.4168E-1 2.45172E-1 2.58675E-1 2.31047E-1 2.34165E-1 1.57981E-1 9.83645E-2 8.19741E-2 7.83046E-2 6.449E-2 1.6311E-1 5.34507E-2 1.3569E-1 1.80194E-1 2.77268E-1 1.49388E-1 2.35586E-1 3.06702E-1 3.36952E-1 3.24927E-1 5.79769E-1 6.92953E-1 6.73901E-1 6.85183E-1 6.80393E-1 6.49075E-1 6.13012E-1 6.41179E-1 6.40857E-1 6.85806E-1 6.75946E-1 6.61892E-1 6.34719E-1 5.91094E-1 5.82927E-1 5.39376E-1 6.06323E-1 5.34742E-1 5.7416E-1 5.4996E-1 5.90965E-1
-9999 -9999 -9999 -9999 -9999 -9999 -9999 -9999 6.94721E-3 5.06068E-3 8.65732E-3 8.67304E-3 1.34945E-2 8.28697E-3 9.03721E-3 4.54216E-2 8.61669E-2 2.10279E-1 1.56789E-1 1.71151E-1 2.26354E-1 1.88859E-1 1.96451E-1 2.38424E-1 2.68058E-1 2.7554E-1 1.21005E-1 1.22763E-1 1.05508E-1 8.19332E-2 1.09937E-1 1.12889E-1 1.21302E-1 2.26399E-1 3.52215E-1 3.18351E-1 1.59532E-1 2.39243E-1 3.04737E-1 5.76928E-1 6.93599E-1 6.93264E-1 6.99982E-1 7.21034E-1 7.25367E-1 6.6977E-1 6.39851E-1 6.14842E-1 6.9264E-1 6.9364E-1 7.3467E-1 6.89034E-1 6.43771E-1 5.86577E-1 6.29203E-1 5.76442E-1 6.02256E-1 5.5693E-1 5.74091E-1 6.42479E-1 6.82967E-1
-9999 -9999 -9999 -9999 -9999 -9999 -9999 -9999 -9999 6.40006E-3 5.71725E-3 7.43893E-3 1.12449E-2 1.76912E-2 9.08661E-3 8.45524E-3 5.21067E-2 2.03207E-1 3.85075E-1 2.58192E-1 1.07968E-1 1.21844E-1 1.06798E-1 2.21414E-1 1.92114E-1 2.1744E-1 1.45395E-1 7.09684E-2 7.72054E-2 6.60769E-2 4.8495E-2 7.80061E-2 1.04987E-1 9.30075E-2 2.15163E-1 1.9525E-1 2.20231E-1 2.3619E-1 3.45441E-1 7.26852E-1 6.79555E-1 7.32302E-1 7.39806E-1 7.29796E-1 6.90972E-1 6.33055E-1 6.97142E-1 7.03531E-1 6.0873E-1 6.36867E-1 6.36344E-1 6.36361E-1 6.13169E-1 7.25492E-1 6.94115E-1 6.09041E-1 6.46178E-1 6.33385E-1 6.23402E-1 5.87753E-1 6.3319E-1
-9999 -9999 -9999 -9999 -9999 -9999 -9999 -9999 -9999 5.7487E-3 7.48965E-3 7.09294E-3 5.99614E-3 2.13425E-2 2.45547E-2 1.22004E-2 1.43304E-2 5.22756E-2 1.66886E-1 1.40269E-1 7.6151E-2 6.03318E-2 8.72784E-2 1.3248E-1 1.64854E-1 1.82313E-1 1.84303E-1 1.02812E-1 5.88553E-2 4.77051E-2 9.1315E-2 3.2845E-2 1.83094E-1 7.66879E-2 1.87453E-1 2.67667E-1 3.73373E-1 2.39785E-1 2.68111E-1 6.30748E-1 7.21408E-1 6.9953E-1 6.84892E-1 6.94454E-1 6.77309E-1 5.9028E-1 5.90011E-1 7.02435E-1 6.33237E-1 6.6647E-1 7.01117E-1 6.25439E-1 6.62332E-1 6.7104E-1 6.99129E-1 6.54283E-1 5.77347E-1 5.98236E-1 6.20016E-1 6.14986E-1 6.48939E-1
-9999 -9999 -9999 -9999 -9999 -9999 -9999 -9999 -9999 -9999 7.05426E-3 3.74338E-3 4.31791E-3 3.38941E-2 7.96221E-2 1.14837E-2 1.31115E-2 2.6551E-2 1.25382E-1 8.85807E-2 7.05285E-2 3.89096E-2 6.85826E-2 2.50609E-1 1.82244E-1 1.88252E-1 1.28761E-1 7.47477E-2 5.50428E-2 5.0572E-2 5.79386E-2 5.12676E-2 6.7701E-2 9.33136E-2 1.04966E-1 2.14404E-1 3.01775E-1 2.76014E-1 4.19134E-1 6.3882E-1 6.63234E-1 6.78418E-1 6.88173E-1 6.78128E-1 5.61618E-1 5.55712E-1 5.40045E-1 6.29922E-1 6.09986E-1 6.30251E-1 7.16623E-1 7.05116E-1 6.86186E-1 7.18498E-1 6.33735E-1 6.62121E-1 6.86692E-1 5.88279E-1 6.15921E-1 6.61058E-1 6.35434E-1
-9999 -9999 -9999 -9999 -9999 -9999 -9999 -9999 -9999 -9999 8.814E-3 4.24401E-3 6.52686E-3 1.60989E-2 9.23238E-2 3.08885E-2 9.42314E-3 1.17026E-2 5.79872E-2 6.41087E-2 5.87465E-2 7.0375E-2 6.40509E-2 1.06901E-1 2.85553E-1 3.74122E-1 3.0944E-1 1.3635E-1 1.35787E-1 7.98922E-2 3.43373E-2 6.53946E-2 1.13477E-1 1.28731E-1 8.64614E-2 1.50305E-1 2.1313E-1 2.45387E-1 2.80951E-1 6.8052E-1 6.80438E-1 6.96555E-1 7.12038E-1 7.38568E-1 6.79991E-1 5.82869E-1 5.07584E-1 5.27778E-1 5.92127E-1 5.8278E-1 6.33126E-1 6.64072E-1 6.73142E-1 6.89724E-1 6.73095E-1 6.2622E-1 6.67882E-1 6.76637E-1 6.8488E-1 6.11549E-1 6.18383E-1
