Candidate_Models_Sept202022/M_5_F_lqp_Set_1_cal/Bison.asc
ncols         97
nrows         127
xllcorner     -2197417.7431653
yllcorner     -584827.01486885
cellsize      30000.0
NODATA_value  -9999
[rows 27 to 53 of 127, columns 0 to 60 of 97]
-9999 -9999 2.23718E-1 2.27101E-1 1.80981E-1 8.79631E-2 3.75472E-2 6.46839E-2 2.05291E-1 6.17054E-2 9.05575E-2 9.59549E-2 5.10885E-2 3.99008E-2 3.8165E-2 4.74619E-2 2.90747E-2 4.10803E-2 5.54506E-2 4.00214E-2 2.51019E-2 3.76574E-2 4.46382E-2 5.61233E-2 8.15065E-2 5.61321E-2 7.08711E-2 7.00309E-2 8.24971E-2 7.25119E-2 5.45233E-2 3.80561E-2 5.01991E-2 3.85839E-2 3.39909E-2 3.60929E-2 6.38913E-2 4.31127E-2 5.32878E-2 4.46962E-2 4.70354E-2 7.81667E-2 5.6184E-2 8.69039E-2 6.15372E-2 4.63335E-2 3.34277E-2 3.54809E-2 3.18116E-2 3.15952E-2 3.2875E-2 3.55938E-2 3.26174E-2 3.18059E-2 2.61253E-2 2.23221E-2 2.18885E-2 2.0301E-2 2.117E-2 2.10468E-2 2.94204E-2
-9999 3.08337E-1 1.9864E-1 2.20515E-1 1.71016E-1 1.40345E-1 5.88898E-2 6.58633E-2 7.18699E-2 5.57584E-2 8.07902E-2 7.06579E-2 3.77678E-2 4.04941E-2 6.02523E-2 3.91333E-2 6.44996E-2 5.69576E-2 5.05795E-2 5.78318E-2 1.38465E-1 6.22699E-2 3.04387E-2 4.69918E-2 7.68368E-2 6.32845E-2 5.98708E-2 5.69372E-2 5.61264E-2 6.45462E-2 5.41921E-2 2.8691E-2 6.5061E-2 3.81689E-2 3.86619E-2 4.9358E-2 6.71275E-2 6.42175E-2 5.2108E-2 4.37364E-2 4.6949E-2 4.83955E-2 4.36563E-2 4.24207E-2 4.50079E-2 3.96295E-2 3.55481E-2 3.5177E-2 3.26019E-2 3.16597E-2 3.10842E-2 4.17564E-2 3.08741E-2 2.95421E-2 2.64359E-2 2.31328E-2 2.17697E-2 2.05419E-2 2.14451E-2 2.29426E-2 2.05523E-2
-9999 2.8126E-1 2.90202E-1 2.886E-1 2.765E-1 1.54793E-1 8.42824E-2 7.83839E-2 1.26626E-1 9.49941E-2 9.3516E-2 9.4042E-2 4.55604E-2 4.6374E-2 4.73408E-2 4.99289E-2 2.88895E-2 5.0667E-2 1.00942E-1 1.24956E-1 3.50167E-2 2.55702E-2 3.95409E-2 3.66797E-2 8.72819E-2 8.36958E-2 8.04944E-2 6.75406E-2 6.93646E-2 8.25346E-2 4.92195E-2 2.58086E-2 3.32073E-2 4.16507E-2 3.76277E-2 4.11707E-2 6.70265E-2 6.78221E-2 6.53008E-2 4.61851E-2 5.4897E-2 4.95766E-2 5.82068E-2 4.15614E-2 3.82801E-2 3.50122E-2 3.58854E-2 3.37407E-2 3.26149E-2 2.96654E-2 2.70613E-2 2.96309E-2 2.87756E-2 2.93865E-2 2.56491E-2 2.43101E-2 2.26344E-2 2.16475E-2 2.09601E-2 2.22217E-2 2.12681E-2
2.34452E-1 3.00943E-1 2.59062E-1 2.4567E-1 2.58244E-1 2.09861E-1 1.52228E-1 8.21222E-2 1.16278E-1 8.49115E-2 1.10422E-1 9.54424E-2 5.78E-2 6.73384E-2 5.30706E-2 3.746E-2 5.03169E-2 5.95233E-2 5.8175E-2 5.46903E-2 5.66103E-2 3.03232E-2 3.70769E-2 7.49877E-2 8.46263E-2 6.28668E-2 6.07578E-2 6.058E-2 7.99808E-2 6.92481E-2 5.60459E-2 5.52565E-2 2.49999E-2 4.80001E-2 5.46086E-2 4.99717E-2 6.96476E-2 6.34106E-2 5.87491E-2 4.69955E-2 4.65413E-2 4.06823E-2 5.63635E-2 4.99199E-2 3.85031E-2 3.23021E-2 3.14071E-2 3.15183E-2 3.27641E-2 3.14214E-2 2.90445E-2 3.11239E-2 3.09078E-2 3.11553E-2 2.82672E-2 2.65696E-2 2.36631E-2 2.23817E-2 2.16859E-2 2.25735E-2 2.24772E-2
1.07134E-1 1.95579E-1 2.55567E-1 3.03869E-1 2.57721E-1 2.50573E-1 1.20766E-1 9.74946E-2 8.10631E-2 9.34403E-2 1.24306E-1 7.87736E-2 7.38647E-2 8.30192E-2 5.40518E-2 7.42345E-2 4.36678E-2 5.22208E-2 5.45003E-2 5.04469E-2 5.28043E-2 6.44566E-2 3.36183E-2 5.31403E-2 6.64001E-2 8.50647E-2 7.1328E-2 8.96918E-2 8.5581E-2 8.08618E-2 4.13586E-2 2.48023E-2 4.70349E-2 4.46105E-2 3.17448E-2 6.1198E-2 4.68026E-2 5.59868E-2 5.31122E-2 5.13591E-2 4.6669E-2 4.67575E-2 4.74956E-2 4.62225E-2 3.75759E-2 3.16477E-2 2.87057E-2 3.06512E-2 3.09148E-2 3.03755E-2 2.95232E-2 3.15698E-2 3.12209E-2 3.15499E-2 2.95334E-2 2.71501E-2 2.49176E-2 2.44012E-2 2.28195E-2 2.33005E-2 2.24839E-2
8.21047E-2 1.39884E-1 2.32013E-1 3.71974E-1 2.87429E-1 2.76769E-1 1.52561E-1 7.61095E-2 7.14474E-2 8.62038E-2 9.01138E-2 8.5683E-2 8.22505E-2 5.07412E-2 3.65583E-2 3.84358E-2 7.18654E-2 2.38214E-2 3.76344E-2 4.77252E-2 5.76673E-2 4.74007E-2 3.56099E-2 6.3848E-2 7.70076E-2 6.35204E-2 6.90621E-2 1.14385E-1 6.96218E-2 4.39533E-2 4.51579E-2 4.3692E-2 6.882E-2 6.38526E-2 2.33631E-2 3.32046E-2 6.80132E-2 5.18892E-2 4.62317E-2 5.90315E-2 4.01798E-2 5.86614E-2 4.66763E-2 6.28046E-2 5.21156E-2 3.32907E-2 3.00692E-2 2.67519E-2 3.3371E-2 3.07031E-2 3.0964E-2 3.06234E-2 3.15093E-2 3.11E-2 3.02064E-2 2.63808E-2 2.60316E-2 2.55519E-2 2.53464E-2 2.36107E-2 2.30056E-2
-9999 1.05983E-1 1.25912E-1 1.7644E-1 2.56695E-1 2.30489E-1 1.5385E-1 7.65737E-2 6.60458E-2 4.79369E-2 8.42101E-2 8.67096E-2 6.55392E-2 5.6372E-2 5.54706E-2 2.78181E-2 3.81157E-2 3.20748E-2 3.19771E-2 4.35001E-2 5.82965E-2 6.85782E-2 3.38489E-2 4.85568E-2 4.65518E-2 8.08246E-2 6.79581E-2 1.24398E-1 9.77807E-2 8.46567E-2 6.26992E-2 3.22604E-2 5.74716E-2 4.53345E-2 2.32386E-2 5.29778E-2 5.9694E-2 5.15638E-2 4.85645E-2 6.64737E-2 4.62992E-2 3.9756E-2 5.00899E-2 4.90551E-2 5.00153E-2 2.98969E-2 3.1866E-2 2.98089E-2 2.86205E-2 3.11269E-2 3.24528E-2 3.12462E-2 3.1569E-2 3.28927E-2 3.05973E-2 2.92862E-2 2.99353E-2 2.64772E-2 2.56846E-2 2.37224E-2 2.42139E-2
-9999 -9999 6.61093E-2 1.29053E-1 1.82873E-1 1.46764E-1 8.40442E-2 5.28526E-2 8.92525E-2 9.53817E-2 9.14798E-2 1.31192E-1 5.6769E-2 4.93682E-2 6.14958E-2 2.97683E-2 3.32528E-2 3.235E-2 4.10138E-2 4.76644E-2 6.29019E-2 3.80102E-2 3.32729E-2 5.85277E-2 1.03587E-1 5.48074E-2 4.05374E-2 1.33971E-1 8.99962E-2 9.42648E-2 4.68964E-2 2.9727E-2 6.40339E-2 3.57727E-2 4.15846E-2 4.72156E-2 6.33755E-2 4.77278E-2 7.23022E-2 7.59626E-2 4.2351E-2 4.49817E-2 4.94756E-2 5.11959E-2 3.93061E-2 3.09017E-2 2.93224E-2 2.90342E-2 2.87349E-2 3.57452E-2 3.12744E-2 3.34407E-2 3.31838E-2 3.3303E-2 3.26954E-2 2.99266E-2 3.15895E-2 2.72387E-2 2.6859E-2 2.62089E-2 2.533E-2
-9999 -9999 7.77653E-2 9.52937E-2 1.60071E-1 1.05497E-1 8.03066E-2 8.90798E-2 1.26544E-1 1.03772E-1 1.16645E-1 7.90624E-2 4.70982E-2 3.48852E-2 4.12518E-2 4.81698E-2 4.68889E-2 5.01946E-2 4.30118E-2 6.36879E-2 7.55175E-2 5.18295E-2 3.19636E-2 4.46719E-2 7.61265E-2 1.05912E-1 6.3791E-2 1.26049E-1 1.44498E-1 9.14702E-2 6.85174E-2 3.94882E-2 3.9353E-2 2.57655E-2 2.6708E-2 4.9443E-2 8.50975E-2 6.14768E-2 8.05828E-2 8.0465E-2 5.42681E-2 4.9979E-2 4.32482E-2 3.9187E-2 3.4506E-2 3.0558E-2 2.48351E-2 3.04558E-2 3.67026E-2 4.1204E-2 3.38665E-2 3.31884E-2 3.45159E-2 3.56976E-2 3.31128E-2 3.17566E-2 3.0583E-2 2.97246E-2 2.97177E-2 2.84389E-2 2.61365E-2
-9999 -9999 6.90472E-2 6.45415E-2 1.28416E-1 9.4194E-2 7.48207E-2 1.23437E-1 1.5186E-1 1.08563E-1 8.37367E-2 3.86082E-2 6.11557E-2 5.03491E-2 5.53453E-2 5.11288E-2 6.04115E-2 6.02093E-2 5.40738E-2 4.32025E-2 7.99308E-2 6.07324E-2 3.72368E-2 4.90663E-2 4.41197E-2 4.12468E-2 4.03148E-2 4.03945E-2 9.06154E-2 9.7804E-2 5.54748E-2 3.7749E-2 2.67718E-2 2.95652E-2 3.95762E-2 4.46065E-2 8.29298E-2 8.10608E-2 7.82606E-2 6.73607E-2 6.46101E-2 4.4191E-2 4.28135E-2 4.06875E-2 3.5376E-2 3.17062E-2 2.6798E-2 3.45009E-2 3.39789E-2 4.09799E-2 3.54224E-2 3.56227E-2 3.64782E-2 3.54381E-2 3.35058E-2 3.22919E-2 3.1758E-2 3.06345E-2 3.25899E-2 3.01191E-2 2.84242E-2
-9999 -9999 -9999 6.25366E-2 2.07672E-1 1.85435E-1 1.28743E-1 7.56529E-2 7.47675E-2 9.4634E-2 5.73484E-2 4.8183E-2 7.11268E-2 6.11582E-2 4.7592E-2 4.58336E-2 5.91088E-2 5.35662E-2 6.29652E-2 4.24364E-2 6.75405E-2 1.21344E-1 4.26392E-2 5.5579E-2 7.24376E-2 4.67996E-2 7.93256E-2 4.52059E-2 4.7725E-2 5.73528E-2 6.83093E-2 5.11688E-2 2.36439E-2 4.14025E-2 4.65269E-2 4.60446E-2 7.00192E-2 8.6562E-2 5.26908E-2 5.96596E-2 5.51956E-2 5.16394E-2 5.05441E-2 4.68013E-2 3.63844E-2 3.35979E-2 3.09092E-2 3.1895E-2 3.74313E-2 3.80513E-2 3.92858E-2 3.90435E-2 3.98053E-2 3.84443E-2 3.66501E-2 3.60912E-2 3.24555E-2 3.14234E-2 3.07811E-2 3.12868E-2 3.04305E-2
-9999 -9999 -9999 4.66191E-2 3.24383E-1 1.52894E-1 1.2904E-1 5.34665E-2 8.54764E-2 8.12388E-2 6.84451E-2 6.46897E-2 5.5352E-2 5.60191E-2 7.10634E-2 6.1608E-2 4.35215E-2 8.15216E-2 5.64028E-2 4.52825E-2 4.32051E-2 5.97981E-2 4.57436E-2 3.84768E-2 5.3089E-2 6.09151E-2 5.49722E-2 2.96018E-2 1.64182E-2 3.76119E-2 6.59494E-2 3.5922E-2 2.85322E-2 4.7108E-2 4.68403E-2 4.74247E-2 8.06616E-2 8.32893E-2 5.73694E-2 8.12981E-2 6.73625E-2 6.61322E-2 7.11975E-2 5.30985E-2 4.53474E-2 3.85922E-2 3.87774E-2 3.79013E-2 3.81966E-2 3.58103E-2 4.34904E-2 3.84353E-2 4.18554E-2 3.96718E-2 3.76104E-2 3.63276E-2 3.52629E-2 3.33589E-2 3.25409E-2 3.19829E-2 3.09899E-2
-9999 -9999 -9999 1.9792E-2 2.67801E-1 8.38812E-2 9.28647E-2 1.25467E-1 4.81023E-2 1.28732E-1 8.95451E-2 6.89699E-2 7.08591E-2 7.92032E-2 5.39788E-2 5.86454E-2 3.68135E-2 6.84738E-2 4.13346E-2 6.17821E-2 7.43364E-2 5.02393E-2 7.3162E-2 5.02508E-2 5.82808E-2 6.68684E-2 5.87647E-2 4.81721E-2 3.12863E-2 3.21272E-2 8.14071E-2 4.96562E-2 4.4442E-2 5.03873E-2 4.69045E-2 4.99089E-2 5.56099E-2 5.69196E-2 7.55795E-2 8.56403E-2 6.55683E-2 5.42623E-2 5.84147E-2 6.00506E-2 4.18481E-2 4.34577E-2 4.28084E-2 4.16941E-2 4.16868E-2 3.91294E-2 4.50649E-2 4.61244E-2 4.22154E-2 4.15804E-2 4.09288E-2 3.84152E-2 3.4813E-2 3.36833E-2 3.38964E-2 3.34554E-2 3.38623E-2
-9999 -9999 -9999 -9999 9.82444E-2 7.27178E-2 4.40643E-2 3.81116E-2 5.57194E-2 1.59534E-1 9.88196E-2 7.25116E-2 9.52637E-2 6.06375E-2 5.56102E-2 1.08126E-1 1.24719E-1 6.01871E-2 5.60502E-2 5.96742E-2 5.49467E-2 4.95513E-2 5.15599E-2 4.05079E-2 5.6094E-2 7.5002E-2 6.545E-2 6.08508E-2 4.79486E-2 4.40844E-2 3.50495E-2 3.9257E-2 6.54977E-2 5.84908E-2 5.45825E-2 5.35493E-2 5.28885E-2 6.15472E-2 9.04002E-2 8.10396E-2 6.96776E-2 5.81779E-2 4.98209E-2 4.78728E-2 4.72883E-2 4.84152E-2 5.15461E-2 5.06096E-2 6.27791E-2 4.55178E-2 4.73422E-2 4.40705E-2 4.40458E-2 4.80206E-2 5.83333E-2 3.83905E-2 4.03951E-2 3.29542E-2 3.35541E-2 3.43312E-2 3.4202E-2
-9999 -9999 -9999 -9999 1.11669E-2 3.85543E-2 5.50084E-2 5.09819E-2 3.02923E-2 1.48008E-1 1.29541E-1 4.98055E-2 5.82006E-2 8.58141E-2 7.40224E-2 7.28773E-2 8.12895E-2 7.99153E-2 5.73101E-2 7.47348E-2 6.65281E-2 7.06445E-2 5.18585E-2 4.5126E-2 4.42886E-2 5.19315E-2 1.10717E-1 8.05883E-2 8.99408E-2 9.51753E-2 4.07924E-2 4.57005E-2 6.72414E-2 6.1181E-2 6.03373E-2 5.51306E-2 5.48057E-2 5.71566E-2 7.21551E-2 7.24814E-2 8.84414E-2 7.70649E-2 5.23832E-2 5.03732E-2 5.24652E-2 5.71555E-2 6.13907E-2 6.69901E-2 6.56675E-2 5.51179E-2 4.89431E-2 4.53749E-2 4.35556E-2 4.51861E-2 4.28937E-2 2.81136E-2 2.85392E-2 3.51947E-2 3.85454E-2 3.89696E-2 3.70491E-2
-9999 -9999 -9999 -9999 2.00817E-2 1.9251E-2 2.169E-2 5.09561E-2 8.85018E-2 1.35272E-1 1.12045E-1 2.03585E-2 4.67704E-2 7.52968E-2 8.56893E-2 7.5965E-2 1.17665E-1 1.11524E-1 5.04517E-2 6.50195E-2 7.39999E-2 5.7898E-2 6.14581E-2 6.23431E-2 8.71032E-2 8.28826E-2 9.37606E-2 4.86201E-2 7.71278E-2 6.60398E-2 6.11644E-2 7.59098E-2 6.6403E-2 5.98367E-2 6.17244E-2 5.89254E-2 5.71318E-2 5.70514E-2 7.72878E-2 9.0443E-2 6.23138E-2 6.17737E-2 5.45557E-2 5.68628E-2 5.76914E-2 7.26234E-2 8.09474E-2 8.6826E-2 -9999 5.89855E-2 5.38325E-2 4.81083E-2 5.56093E-2 4.21414E-2 6.04884E-2 3.64379E-2 4.48096E-2 4.69902E-2 4.48122E-2 3.70256E-2 3.80765E-2
-9999 -9999 -9999 -9999 1.66636E-2 2.2234E-2 1.51452E-2 1.14199E-2 4.27579E-2 7.35455E-2 9.12257E-2 3.77381E-2 3.51592E-2 4.64301E-2 9.98623E-2 1.3262E-1 1.20655E-1 6.96028E-2 5.96588E-2 6.36501E-2 9.67513E-2 8.11524E-2 7.39931E-2 1.30538E-1 8.57179E-2 7.65245E-2 9.62224E-2 5.61039E-2 5.80336E-2 5.23271E-2 6.01971E-2 7.75892E-2 6.93099E-2 7.31794E-2 7.07673E-2 6.4365E-2 6.13391E-2 6.19431E-2 6.03535E-2 6.97492E-2 8.95849E-2 6.15315E-2 6.20817E-2 6.07848E-2 6.60168E-2 7.37083E-2 -9999 -9999 -9999 -9999 7.50019E-2 5.76266E-2 5.20606E-2 4.60472E-2 5.17034E-2 4.93617E-2 4.51786E-2 3.92759E-2 3.84191E-2 3.80733E-2 3.79339E-2
-9999 -9999 -9999 -9999 1.06051E-2 1.45104E-2 1.64898E-2 1.48617E-2 3.45238E-2 6.79241E-2 9.09856E-2 1.12444E-1 4.62719E-2 1.00185E-1 1.0892E-1 1.08911E-1 8.10494E-2 5.57463E-2 4.31348E-2 6.03494E-2 5.68037E-2 6.33566E-2 6.56166E-2 7.36065E-2 5.00006E-2 7.01257E-2 1.03233E-1 4.80038E-2 7.06396E-2 6.34391E-2 6.7823E-2 6.79693E-2 7.1727E-2 7.82807E-2 7.1152E-2 8.59247E-2 6.71062E-2 6.34994E-2 6.5064E-2 6.64362E-2 6.88427E-2 6.18982E-2 6.54332E-2 7.32319E-2 8.38186E-2 -9999 -9999 -9999 -9999 9.82579E-2 8.72272E-2 6.86415E-2 5.42985E-2 5.0239E-2 5.49072E-2 5.02715E-2 4.44055E-2 3.68465E-2 3.71794E-2 3.69078E-2 3.70225E-2
-9999 -9999 -9999 -9999 1.64204E-2 1.41995E-2 2.32385E-2 1.02818E-2 2.51573E-2 7.45739E-2 1.88103E-1 1.4296E-1 4.80899E-2 1.347E-1 1.3059E-1 1.17148E-1 8.23364E-2 8.58652E-2 4.48194E-2 5.24783E-2 4.83957E-2 6.46113E-2 6.1989E-2 4.92925E-2 3.85663E-2 4.83544E-2 7.49299E-2 6.88405E-2 8.51288E-2 9.80603E-2 8.97701E-2 6.98913E-2 7.52505E-2 7.2506E-2 7.30769E-2 7.70196E-2 8.34633E-2 7.27014E-2 7.06891E-2 7.29985E-2 7.02741E-2 7.16963E-2 8.50703E-2 1.11175E-1 1.07178E-1 -9999 -9999 -9999 1.08481E-1 8.64243E-2 1.02612E-1 8.04774E-2 6.41232E-2 7.43774E-2 5.20248E-2 5.89213E-2 4.32861E-2 4.27037E-2 4.32709E-2 5.27417E-2 4.3757E-2
-9999 -9999 -9999 2.81274E-2 1.8194E-2 2.8225E-2 9.56088E-3 1.37842E-2 1.8857E-2 8.27347E-2 2.76267E-1 1.3048E-1 6.45539E-2 6.37142E-2 8.4804E-2 7.33512E-2 9.90953E-2 9.76495E-2 8.56406E-2 4.83279E-2 4.25962E-2 5.11192E-2 4.98681E-2 4.58701E-2 6.41189E-2 3.71965E-2 4.35091E-2 7.73963E-2 8.04864E-2 1.09034E-1 1.28978E-1 1.0486E-1 7.90679E-2 8.00284E-2 7.89493E-2 7.65554E-2 7.5703E-2 7.53271E-2 6.942E-2 7.34823E-2 8.03847E-2 7.71613E-2 8.01639E-2 1.04347E-1 1.76471E-1 1.30303E-1 9.65978E-2 9.53425E-2 8.87897E-2 8.00112E-2 9.12869E-2 8.87875E-2 6.88541E-2 6.55578E-2 6.62535E-2 6.659E-2 4.5232E-2 4.20002E-2 5.06106E-2 4.94784E-2 4.4799E-2
-9999 -9999 -9999 -9999 1.48741E-2 4.17014E-2 1.76876E-2 -9999 2.33143E-2 1.07647E-1 2.58728E-1 1.29886E-1 7.10159E-2 6.15059E-2 7.31486E-2 8.74506E-2 1.29234E-1 1.07965E-1 9.77472E-2 7.85702E-2 4.47154E-2 7.12329E-2 4.4076E-2 9.12463E-2 1.07415E-1 6.40332E-2 3.94348E-2 9.05126E-2 8.31545E-2 9.44558E-2 1.05594E-1 1.18209E-1 1.0162E-1 8.71877E-2 9.08809E-2 8.84356E-2 1.00523E-1 9.86642E-2 8.60881E-2 8.15504E-2 7.51079E-2 7.21758E-2 8.05585E-2 1.04852E-1 1.35609E-1 1.065E-1 9.35417E-2 8.60488E-2 9.04999E-2 8.18694E-2 8.9835E-2 9.53438E-2 7.3581E-2 6.43952E-2 6.73271E-2 7.2827E-2 4.6805E-2 4.50941E-2 5.32089E-2 5.08064E-2 4.54755E-2
-9999 -9999 -9999 -9999 1.20364E-2 1.05577E-2 1.52426E-2 3.1728E-2 2.51075E-2 1.58515E-1 2.17888E-1 9.10806E-2 1.28725E-1 1.02741E-1 9.24383E-2 9.62992E-2 6.73246E-2 1.21266E-1 9.86979E-2 7.39354E-2 6.63751E-2 4.91463E-2 5.17212E-2 1.33455E-1 6.5825E-2 5.51811E-2 5.00869E-2 6.86489E-2 6.64884E-2 9.1086E-2 1.13854E-1 1.40885E-1 1.26175E-1 1.14122E-1 1.10654E-1 9.38764E-2 1.00629E-1 1.21862E-1 9.40114E-2 9.60909E-2 9.40066E-2 8.55679E-2 8.97075E-2 1.0231E-1 9.84088E-2 9.62546E-2 1.09861E-1 1.25076E-1 9.43032E-2 8.71244E-2 9.37084E-2 7.8157E-2 6.62977E-2 5.9915E-2 5.94145E-2 5.63036E-2 5.1647E-2 4.48757E-2 5.4022E-2 5.23828E-2 4.63364E-2
-9999 -9999 -9999 -9999 1.50221E-2 1.498E-2 1.94469E-2 1.75696E-2 2.18892E-2 1.03633E-1 1.62035E-1 6.79649E-2 1.22418E-1 1.25784E-1 9.65403E-2 1.05637E-1 9.44098E-2 1.42908E-1 1.12308E-1 8.13882E-2 6.52186E-2 6.88642E-2 3.74578E-2 8.18273E-2 1.66343E-1 1.10307E-1 6.10549E-2 8.49037E-2 9.92379E-2 1.1592E-1 1.10459E-1 1.19037E-1 1.56094E-1 1.39891E-1 1.36287E-1 1.02275E-1 1.00661E-1 1.00986E-1 1.16508E-1 1.09924E-1 9.79289E-2 9.85033E-2 1.17023E-1 1.0094E-1 9.32352E-2 9.2963E-2 1.30949E-1 1.3063E-1 9.01973E-2 9.63426E-2 8.60159E-2 7.85815E-2 6.69281E-2 6.32421E-2 5.98389E-2 5.75956E-2 5.17199E-2 5.89036E-2 5.86561E-2 5.20981E-2 4.82659E-2
-9999 -9999 -9999 -9999 -9999 1.65147E-2 2.3621E-2 2.61366E-2 1.31593E-2 2.77251E-2 6.57654E-2 1.00875E-1 1.27839E-1 1.00341E-1 1.60979E-1 1.14131E-1 1.74627E-1 1.16289E-1 1.43002E-1 9.92711E-2 8.20039E-2 1.01975E-1 6.47209E-2 9.56282E-2 1.40477E-1 2.03504E-1 9.24076E-2 6.27973E-2 7.49922E-2 1.21002E-1 1.26471E-1 1.48322E-1 1.43898E-1 1.43866E-1 1.23278E-1 1.14915E-1 1.09583E-1 1.16012E-1 1.05684E-1 1.10658E-1 1.07845E-1 1.02034E-1 1.1649E-1 9.8605E-2 9.42641E-2 8.68582E-2 1.48255E-1 9.75992E-2 1.04185E-1 8.9706E-2 8.14415E-2 8.30464E-2 7.01712E-2 7.00583E-2 6.41253E-2 6.46452E-2 6.66746E-2 4.59739E-2 5.42557E-2 6.04876E-2 5.02297E-2
-9999 -9999 -9999 -9999 -9999 4.90391E-2 9.1281E-3 2.58026E-2 1.66612E-2 2.62029E-2 4.75045E-2 5.04668E-2 4.8187E-2 6.61747E-2 1.23638E-1 1.22725E-1 1.77279E-1 1.58438E-1 1.60304E-1 1.33098E-1 1.18898E-1 4.24335E-2 7.6923E-2 6.79254E-2 1.53476E-1 1.84248E-1 8.23417E-2 7.93655E-2 8.72403E-2 1.31736E-1 1.17467E-1 1.37815E-1 1.36403E-1 1.17004E-1 1.13031E-1 1.11447E-1 1.26404E-1 1.36696E-1 1.17896E-1 1.17193E-1 1.25153E-1 1.14367E-1 1.0447E-1 1.18502E-1 1.47829E-1 1.18035E-1 1.00714E-1 1.19419E-1 1.17894E-1 1.19489E-1 9.43988E-2 8.66864E-2 1.04755E-1 7.58473E-2 6.8082E-2 9.92948E-2 6.18926E-2 5.07375E-2 5.42043E-2 5.70954E-2 5.55685E-2
-9999 -9999 -9999 -9999 -9999 4.11834E-2 3.06355E-2 6.23294E-3 1.14919E-2 1.13594E-2 3.23314E-2 7.68615E-2 6.18548E-2 8.22733E-2 9.25699E-2 9.44618E-2 1.04425E-1 1.25609E-1 1.36653E-1 1.5872E-1 6.62844E-2 6.89352E-2 6.22274E-2 5.37775E-2 8.76921E-2 1.49334E-1 6.03772E-2 1.19772E-1 1.29099E-1 9.65669E-2 1.22482E-1 1.20485E-1 1.30982E-1 1.23167E-1 1.32679E-1 1.32327E-1 1.24817E-1 1.53043E-1 1.36931E-1 1.3285E-1 1.3385E-1 1.28912E-1 1.40196E-1 1.39706E-1 1.40232E-1 1.68283E-1 1.11689E-1 1.0684E-1 1.02149E-1 1.02184E-1 9.99503E-2 1.0551E-1 1.22505E-1 8.40702E-2 8.17668E-2 6.36197E-2 5.66551E-2 5.39822E-2 5.22417E-2 5.1431E-2 4.75905E-2
-9999 -9999 -9999 -9999 -9999 3.36141E-2 1.0158E-2 1.75687E-2 2.0416E-2 1.43709E-2 2.29757E-2 3.15381E-2 1.17382E-1 9.09253E-2 8.63354E-2 6.1578E-2 6.50058E-2 5.49502E-2 1.09282E-1 1.22728E-1 9.10693E-2 1.10905E-1 9.40506E-2 4.53743E-2 5.53655E-2 1.69355E-1 7.75265E-2 7.81403E-2 1.30177E-1 8.28196E-2 1.18908E-1 1.34078E-1 1.47781E-1 1.49608E-1 1.44722E-1 1.39656E-1 1.54416E-1 1.30693E-1 1.37638E-1 1.4914E-1 2.2443E-1 1.66491E-1 1.38208E-1 1.29338E-1 1.25686E-1 1.1698E-1 1.09281E-1 1.10447E-1 1.10946E-1 1.21638E-1 1.18774E-1 9.73539E-2 1.1624E-1 1.2451E-1 8.85267E-2 -9999 7.68194E-2 6.4931E-2 6.02673E-2 5.69472E-2 5.41051E-2
