Candidate_Models_Sept202022/M_5_F_lqp_Set_1_cal/Bison.asc
ncols         97
nrows         127
xllcorner     -2197417.7431653
yllcorner     -584827.01486885
cellsize      30000.0
NODATA_value  -9999
[rows 0 to 26 of 127, columns 0 to 60 of 97]
-9999 -9999 -9999 -9999 -9999 -9999 -9999 -9999 -9999 -9999 -9999 -9999 -9999 -9999 -9999 -9999 -9999 -9999 -9999 -9999 -9999 -9999 -9999 -9999 -9999 -9999 -9999 -9999 -9999 -9999 -9999 -9999 -9999 -9999 -9999 -9999 -9999 -9999 -9999 -9999 -9999 -9999 -9999 -9999 -9999 -9999 -9999 -9999 -9999 -9999 -9999 -9999 -9999 -9999 -9999 -9999 -9999 -9999 -9999 -9999 -9999
-9999 -9999 -9999 -9999 -9999 -9999 -9999 -9999 -9999 -9999 -9999 -9999 -9999 -9999 -9999 -9999 -9999 -9999 -9999 -9999 -9999 -9999 -9999 -9999 -9999 -9999 -9999 -9999 -9999 -9999 -9999 -9999 -9999 -9999 -9999 -9999 -9999 -9999 -9999 -9999 -9999 -9999 -9999 -9999 -9999 -9999 -9999 -9999 -9999 -9999 -9999 -9999 -9999 -9999 -9999 -9999 -9999 -9999 -9999 -9999 -9999
-9999 -9999 -9999 -9999 -9999 -9999 -9999 -9999 -9999 -9999 -9999 -9999 -9999 -9999 -9999 -9999 -9999 -9999 -9999 -9999 -9999 -9999 -9999 -9999 -9999 -9999 -9999 -9999 -9999 -9999 -9999 -9999 -9999 -9999 -9999 -9999 -9999 -9999 -9999 -9999 -9999 -9999 -9999 -9999 -9999 -9999 -9999 -9999 -9999 -9999 -9999 -9999 -9999 -9999 -9999 -9999 -9999 -9999 -9999 -9999 -9999
-9999 -9999 -9999 -9999 -9999 -9999 -9999 -9999 -9999 -9999 -9999 -9999 -9999 -9999 -9999 -9999 -9999 -9999 -9999 5.94949E-2 5.39654E-2 3.9544E-2 4.41131E-2 -9999 -9999 -9999 -9999 -9999 -9999 -9999 -9999 -9999 -9999 -9999 -9999 -9999 -9999 -9999 -9999 -9999 -9999 -9999 -9999 -9999 -9999 -9999 -9999 -9999 -9999 -9999 -9999 -9999 -9999 -9999 -9999 -9999 -9999 -9999 -9999 -9999 -9999
-9999 -9999 -9999 -9999 -9999 -9999 -9999 -9999 -9999 -9999 -9999 -9999 -9999 -9999 -9999 -9999 -9999 -9999 5.72277E-2 4.97756E-2 4.62118E-2 5.20866E-2 4.62702E-2 3.78656E-2 3.547E-2 -9999 -9999 -9999 -9999 -9999 -9999 -9999 -9999 -9999 -9999 -9999 -9999 -9999 -9999 -9999 -9999 -9999 -9999 -9999 -9999 -9999 -9999 -9999 -9999 -9999 -9999 -9999 -9999 -9999 -9999 -9999 -9999 -9999 -9999 -9999 -9999
-9999 -9999 -9999 -9999 -9999 -9999 -9999 -9999 -9999 -9999 -9999 -9999 -9999 -9999 -9999 -9999 -9999 -9999 3.88761E-2 3.84893E-2 4.39305E-2 4.67208E-2 4.04581E-2 3.50128E-2 3.51649E-2 -9999 -9999 -9999 -9999 -9999 -9999 -9999 -9999 -9999 -9999 -9999 -9999 -9999 -9999 -9999 -9999 -9999 -9999 -9999 -9999 -9999 -9999 -9999 -9999 -9999 -9999 -9999 -9999 -9999 -9999 -9999 -9999 -9999 -9999 -9999 -9999
-9999 -9999 -9999 -9999 -9999 -9999 -9999 -9999 -9999 -9999 -9999 -9999 -9999 -9999 -9999 -9999 -9999 3.58577E-2 3.10347E-2 2.45105E-2 2.62107E-2 3.39546E-2 3.71878E-2 3.55304E-2 3.88497E-2 3.89198E-2 -9999 4.0372E-2 3.61049E-2 3.71131E-2 -9999 -9999 -9999 -9999 -9999 -9999 -9999 -9999 3.00266E-2 -9999 -9999 -9999 -9999 -9999 -9999 -9999 -9999 -9999 -9999 -9999 -9999 -9999 -9999 -9999 -9999 -9999 -9999 -9999 -9999 -9999 -9999
-9999 -9999 -9999 -9999 -9999 -9999 -9999 -9999 -9999 -9999 -9999 -9999 -9999 -9999 -9999 -9999 7.64718E-2 5.43158E-2 2.66814E-2 1.64153E-2 1.87071E-2 2.52615E-2 3.56358E-2 3.39117E-2 3.75434E-2 3.76308E-2 3.5738E-2 3.67385E-2 3.3333E-2 3.32752E-2 3.35847E-2 3.31484E-2 3.16886E-2 3.09247E-2 3.19033E-2 3.30392E-2 3.40894E-2 -9999 2.85708E-2 2.75219E-2 -9999 -9999 -9999 -9999 -9999 -9999 -9999 -9999 -9999 -9999 -9999 -9999 -9999 -9999 -9999 -9999 -9999 -9999 -9999 -9999 -9999
-9999 -9999 -9999 -9999 -9999 -9999 -9999 -9999 -9999 -9999 -9999 -9999 -9999 -9999 -9999 1.54313E-2 2.30727E-2 2.45828E-2 2.31646E-2 1.61246E-2 1.67092E-2 2.2255E-2 3.45923E-2 3.63544E-2 3.53596E-2 3.21735E-2 3.08978E-2 3.05302E-2 2.89714E-2 2.91149E-2 2.95858E-2 2.98523E-2 2.92108E-2 2.80901E-2 3.0981E-2 3.66717E-2 3.50655E-2 3.52535E-2 2.95283E-2 2.93374E-2 -9999 -9999 -9999 -9999 -9999 -9999 -9999 -9999 -9999 -9999 -9999 -9999 -9999 -9999 -9999 -9999 -9999 -9999 -9999 -9999 -9999
-9999 -9999 -9999 -9999 -9999 -9999 -9999 -9999 -9999 -9999 -9999 -9999 -9999 -9999 -9999 2.07298E-2 2.546E-2 1.99091E-2 1.5403E-2 1.5291E-2 1.60555E-2 2.3217E-2 3.88546E-2 4.43358E-2 3.94402E-2 2.97328E-2 2.73575E-2 2.75075E-2 2.57836E-2 2.69109E-2 2.79485E-2 2.92324E-2 2.74613E-2 2.70931E-2 3.3829E-2 4.09311E-2 4.36122E-2 4.11948E-2 3.40655E-2 -9999 -9999 -9999 2.95815E-2 -9999 -9999 -9999 -9999 -9999 -9999 -9999 -9999 -9999 -9999 -9999 -9999 -9999 -9999 -9999 -9999 -9999 -9999
-9999 -9999 -9999 -9999 -9999 -9999 -9999 -9999 -9999 -9999 -9999 -9999 -9999 -9999 3.25615E-2 2.52895E-2 3.07969E-2 2.93696E-2 2.92825E-2 2.23265E-2 1.9642E-2 2.50344E-2 3.91372E-2 3.99942E-2 4.37809E-2 2.27081E-2 2.59206E-2 2.67143E-2 2.51002E-2 2.71397E-2 2.74059E-2 2.81345E-2 2.65448E-2 2.85869E-2 3.69443E-2 4.40646E-2 4.42211E-2 4.00074E-2 3.10755E-2 -9999 -9999 3.17976E-2 -9999 -9999 -9999 -9999 -9999 -9999 -9999 -9999 -9999 -9999 -9999 -9999 -9999 -9999 -9999 -9999 -9999 -9999 -9999
-9999 -9999 -9999 -9999 -9999 -9999 -9999 -9999 -9999 -9999 -9999 -9999 -9999 2.47314E-2 2.49602E-2 1.94563E-2 2.85694E-2 3.59722E-2 4.49878E-2 8.41905E-2 2.94311E-2 3.94738E-2 2.93006E-2 4.52371E-2 2.62516E-2 1.97934E-2 2.31102E-2 2.332E-2 2.46725E-2 2.75487E-2 2.7574E-2 2.5717E-2 2.62828E-2 3.08399E-2 3.52173E-2 3.90412E-2 4.27882E-2 4.24937E-2 3.15658E-2 3.00424E-2 3.06914E-2 3.17164E-2 -9999 3.64342E-2 3.72969E-2 -9999 -9999 -9999 -9999 -9999 -9999 -9999 -9999 -9999 -9999 -9999 -9999 -9999 -9999 -9999 -9999
-9999 -9999 -9999 -9999 -9999 -9999 -9999 -9999 -9999 -9999 -9999 -9999 -9999 2.45735E-2 2.15495E-2 2.51086E-2 4.01694E-2 2.9777E-2 1.01445E-1 6.93824E-2 4.87696E-2 3.07494E-2 4.08772E-2 4.24008E-2 2.33144E-2 2.09735E-2 2.17495E-2 2.36235E-2 2.52336E-2 2.5753E-2 2.3798E-2 2.36949E-2 2.4004E-2 2.58582E-2 2.7618E-2 2.63303E-2 3.8252E-2 3.46554E-2 2.91178E-2 2.773E-2 2.9034E-2 3.27304E-2 3.46909E-2 3.90223E-2 4.09169E-2 4.18992E-2 -9999 -9999 -9999 -9999 -9999 -9999 -9999 -9999 -9999 -9999 -9999 -9999 -9999 -9999 -9999
-9999 -9999 -9999 -9999 -9999 -9999 -9999 -9999 -9999 -9999 -9999 -9999 6.37908E-2 8.85352E-2 3.54244E-2 5.02926E-2 4.3947E-2 4.54098E-2 2.0569E-2 5.01767E-2 5.25645E-2 4.20634E-2 4.94562E-2 2.7199E-2 1.82856E-2 2.08353E-2 2.15852E-2 2.36974E-2 2.34475E-2 2.13754E-2 2.17966E-2 2.23283E-2 2.29223E-2 2.29937E-2 2.31652E-2 2.58961E-2 2.78294E-2 3.0111E-2 3.02314E-2 2.89887E-2 2.96679E-2 3.094E-2 3.37648E-2 3.87029E-2 4.06781E-2 4.18508E-2 4.26785E-2 -9999 -9999 -9999 2.53468E-2 2.30376E-2 -9999 -9999 -9999 -9999 -9999 -9999 -9999 -9999 -9999
-9999 -9999 -9999 -9999 -9999 -9999 -9999 -9999 -9999 -9999 -9999 2.48839E-2 2.89486E-2 6.93529E-2 4.62218E-2 3.5199E-2 2.67928E-2 9.51155E-2 5.08766E-2 4.30392E-2 4.40389E-2 6.99236E-2 4.24603E-2 1.85295E-2 1.86498E-2 2.02674E-2 1.96681E-2 2.40288E-2 2.37708E-2 2.37656E-2 2.10455E-2 1.98885E-2 2.18961E-2 2.2941E-2 2.30862E-2 2.50463E-2 2.7602E-2 3.00454E-2 2.99401E-2 3.13106E-2 3.11416E-2 3.27621E-2 3.55669E-2 3.96956E-2 4.18777E-2 4.23873E-2 3.93975E-2 3.46859E-2 -9999 -9999 -9999 2.45948E-2 2.33148E-2 -9999 -9999 -9999 -9999 -9999 -9999 -9999 -9999
-9999 -9999 -9999 -9999 -9999 -9999 -9999 -9999 -9999 -9999 -9999 2.28728E-2 1.76259E-2 3.04693E-2 3.99049E-2 3.28166E-2 2.10577E-2 4.29704E-2 3.47239E-2 6.79222E-2 4.98739E-2 5.98291E-2 3.30053E-2 1.78711E-2 2.07126E-2 2.16158E-2 2.30269E-2 2.18613E-2 2.04813E-2 2.03708E-2 2.06568E-2 2.0988E-2 2.19339E-2 2.20134E-2 2.23678E-2 2.53016E-2 2.82909E-2 3.06881E-2 3.19105E-2 3.22349E-2 3.15451E-2 3.44627E-2 3.72574E-2 3.83698E-2 3.78737E-2 3.95334E-2 3.70468E-2 3.5454E-2 3.40754E-2 -9999 -9999 2.6789E-2 2.56921E-2 2.37843E-2 2.40418E-2 -9999 -9999 -9999 -9999 -9999 -9999
-9999 -9999 -9999 -9999 -9999 -9999 -9999 -9999 -9999 -9999 4.63924E-2 1.83199E-2 4.03214E-2 3.33302E-2 3.30394E-2 2.79814E-2 2.44389E-2 2.15192E-2 2.47935E-2 8.95509E-2 7.25069E-2 5.78694E-2 4.27715E-2 2.84887E-2 2.07928E-2 2.28209E-2 2.57025E-2 2.60748E-2 2.20814E-2 2.13766E-2 1.88183E-2 1.98699E-2 1.91297E-2 2.14102E-2 2.29559E-2 2.62171E-2 2.91113E-2 3.16933E-2 3.14659E-2 3.26551E-2 3.4473E-2 3.61107E-2 3.7109E-2 3.66429E-2 3.50388E-2 3.50381E-2 3.59222E-2 3.66503E-2 3.55771E-2 3.27427E-2 3.01039E-2 3.27089E-2 -9999 -9999 2.40443E-2 2.23976E-2 -9999 -9999 -9999 -9999 -9999
-9999 -9999 -9999 -9999 -9999 -9999 -9999 -9999 -9999 3.0065E-2 8.48146E-2 2.84522E-2 3.73115E-2 3.70639E-2 3.57532E-2 3.01835E-2 2.46718E-2 2.6514E-2 2.59142E-2 3.01481E-2 2.81879E-2 3.74306E-2 6.19194E-2 2.6608E-2 2.28752E-2 2.37747E-2 2.65838E-2 2.83371E-2 2.68566E-2 2.11143E-2 1.96516E-2 1.89493E-2 1.99752E-2 1.94971E-2 2.28502E-2 2.78867E-2 2.82752E-2 3.07907E-2 3.21569E-2 3.34205E-2 3.58702E-2 3.77266E-2 3.95338E-2 3.69719E-2 3.66804E-2 3.56773E-2 3.63807E-2 3.67589E-2 3.54188E-2 3.28754E-2 3.21457E-2 3.29543E-2 3.26979E-2 -9999 2.33538E-2 2.26608E-2 2.13336E-2 1.96505E-2 -9999 -9999 -9999
-9999 -9999 -9999 -9999 -9999 -9999 -9999 -9999 7.17217E-2 4.29869E-2 3.50864E-2 1.88152E-2 1.05677E-2 3.23026E-2 5.88922E-2 4.85639E-2 4.28071E-2 3.16456E-2 3.58702E-2 2.55491E-2 2.34859E-2 3.58116E-2 3.96786E-2 1.77654E-2 2.48966E-2 2.50685E-2 2.91519E-2 2.86422E-2 2.48221E-2 2.25066E-2 1.85791E-2 1.9357E-2 2.07889E-2 2.29415E-2 2.46136E-2 2.92915E-2 3.04985E-2 2.97042E-2 3.25506E-2 3.38322E-2 3.88791E-2 4.03712E-2 4.00139E-2 3.86863E-2 3.65002E-2 3.66514E-2 3.80818E-2 3.74853E-2 3.53115E-2 3.39368E-2 3.34659E-2 3.42334E-2 3.36988E-2 3.3008E-2 2.47261E-2 2.34613E-2 2.11909E-2 1.96987E-2 1.78942E-2 1.70615E-2 1.63448E-2
-9999 -9999 -9999 -9999 -9999 -9999 -9999 -9999 2.78583E-2 2.84099E-2 1.44416E-2 9.1386E-3 1.4764E-2 3.94731E-2 6.20042E-2 8.05073E-2 5.31734E-2 5.19023E-2 5.46345E-2 3.49909E-2 3.35948E-2 3.11018E-2 3.00492E-2 2.67583E-2 2.72267E-2 2.38899E-2 2.85987E-2 2.68811E-2 2.52117E-2 2.36648E-2 1.88244E-2 1.88354E-2 2.17144E-2 2.61926E-2 2.90828E-2 2.93335E-2 3.38075E-2 2.97023E-2 3.51821E-2 3.47331E-2 4.29415E-2 4.25919E-2 4.14493E-2 4.00821E-2 3.94048E-2 3.99172E-2 3.99517E-2 3.86775E-2 3.71648E-2 3.56626E-2 3.54882E-2 3.56658E-2 3.56689E-2 3.37759E-2 -9999 2.48207E-2 2.26716E-2 2.08706E-2 1.66236E-2 1.75537E-2 1.59088E-2
-9999 -9999 -9999 -9999 -9999 -9999 -9999 1.94413E-2 2.06414E-2 4.53829E-2 3.84992E-2 1.28988E-2 1.7609E-2 2.45386E-2 4.60947E-2 7.80306E-2 6.00216E-2 5.631E-2 6.05235E-2 4.95879E-2 4.17565E-2 3.54523E-2 4.8394E-2 3.8253E-2 3.45639E-2 2.80966E-2 2.62869E-2 3.46729E-2 3.20465E-2 2.44912E-2 2.24515E-2 2.17472E-2 2.49079E-2 2.63397E-2 2.92332E-2 4.0093E-2 3.57816E-2 3.39578E-2 3.63722E-2 3.66908E-2 4.22728E-2 4.29573E-2 4.26968E-2 4.22522E-2 4.32694E-2 4.32404E-2 4.1902E-2 3.94808E-2 3.79928E-2 3.67998E-2 3.64154E-2 3.75442E-2 -9999 -9999 -9999 -9999 -9999 -9999 -9999 -9999 -9999
-9999 -9999 -9999 -9999 -9999 -9999 5.45357E-2 4.66462E-2 3.29198E-2 1.95952E-2 4.13829E-2 9.39152E-2 2.30932E-2 5.36565E-2 1.78533E-2 4.62353E-2 7.31156E-2 7.92311E-2 7.01945E-2 7.29337E-2 5.88897E-2 4.14127E-2 4.99817E-2 6.79933E-2 4.99064E-2 5.76788E-2 3.77536E-2 2.92118E-2 3.12271E-2 2.15866E-2 3.02988E-2 3.98766E-2 2.60027E-2 2.95987E-2 2.89232E-2 4.44591E-2 3.63366E-2 3.75118E-2 3.78061E-2 3.8119E-2 4.28881E-2 4.41245E-2 4.47199E-2 4.66249E-2 4.65872E-2 4.46088E-2 4.32161E-2 4.01523E-2 3.85811E-2 3.72527E-2 3.88323E-2 3.87918E-2 3.40444E-2 3.1122E-2 -9999 -9999 -9999 -9999 -9999 -9999 -9999
-9999 -9999 -9999 -9999 -9999 -9999 4.67699E-2 4.48087E-2 2.31762E-2 1.80357E-2 1.59118E-2 1.11371E-1 3.60477E-2 4.44401E-2 3.24346E-2 5.5645E-2 5.45218E-2 6.75848E-2 4.64211E-2 6.90276E-2 8.15199E-2 6.03907E-2 5.83358E-2 7.19433E-2 6.25342E-2 5.90576E-2 5.46377E-2 3.76632E-2 2.55581E-2 2.36531E-2 2.15606E-2 3.80843E-2 2.67865E-2 3.88739E-2 4.12265E-2 4.33018E-2 3.81746E-2 4.37804E-2 4.37913E-2 4.18707E-2 4.27468E-2 4.8779E-2 4.98115E-2 5.30809E-2 5.0423E-2 4.34597E-2 4.31554E-2 4.29946E-2 3.88505E-2 3.85354E-2 3.66219E-2 3.58972E-2 3.21153E-2 2.94814E-2 2.78811E-2 2.45952E-2 2.14847E-2 1.96165E-2 2.0051E-2 1.94873E-2 1.61852E-2
-9999 -9999 -9999 -9999 -9999 3.86581E-2 2.61195E-2 2.58711E-2 2.57667E-2 6.43065E-2 4.92577E-2 3.20144E-2 2.04494E-2 3.47233E-2 2.31331E-2 2.03877E-2 2.08581E-2 5.83083E-2 3.41665E-2 4.18146E-2 7.42089E-2 7.235E-2 7.55285E-2 8.72951E-2 7.32741E-2 6.18314E-2 6.76205E-2 4.05763E-2 2.00968E-2 2.26612E-2 2.74365E-2 3.21296E-2 4.07798E-2 4.1816E-2 5.84118E-2 4.92316E-2 4.36023E-2 -9999 -9999 7.04377E-2 -9999 -9999 -9999 5.06556E-2 4.51939E-2 4.22182E-2 4.45763E-2 4.26115E-2 3.85876E-2 3.7499E-2 3.51679E-2 3.27583E-2 3.02921E-2 2.82821E-2 2.61169E-2 2.28028E-2 2.18561E-2 2.01597E-2 2.02411E-2 1.87743E-2 1.78969E-2
-9999 -9999 -9999 -9999 9.05916E-2 3.06778E-2 3.75049E-2 3.07E-2 3.27727E-2 3.11332E-2 1.38E-2 2.28219E-2 5.02552E-2 3.7027E-2 2.2823E-2 2.64018E-2 3.61024E-2 3.21007E-2 2.61169E-2 3.25917E-2 5.35495E-2 5.247E-2 5.67157E-2 9.94245E-2 6.84041E-2 9.32097E-2 7.23322E-2 6.34638E-2 5.15375E-2 2.55265E-2 2.63301E-2 4.50582E-2 4.38164E-2 3.46573E-2 6.34084E-2 3.94227E-2 3.84088E-2 4.70223E-2 4.71999E-2 4.59816E-2 5.75481E-2 -9999 6.27268E-2 5.57579E-2 4.66878E-2 4.38214E-2 4.46199E-2 3.80117E-2 3.74192E-2 3.95191E-2 3.75888E-2 3.41776E-2 3.17669E-2 2.9005E-2 2.47668E-2 2.20938E-2 2.00998E-2 1.96584E-2 1.84109E-2 1.77346E-2 1.69473E-2
-9999 -9999 -9999 7.27056E-2 1.12042E-1 6.37276E-2 2.86248E-2 3.9593E-2 3.59041E-2 2.13793E-2 2.50377E-2 2.52885E-2 6.60195E-2 4.35771E-2 4.67118E-2 2.02666E-2 3.42791E-2 4.69753E-2 4.07017E-2 5.06966E-2 4.14397E-2 2.51628E-2 6.36984E-2 8.37207E-2 9.36793E-2 8.66907E-2 7.64275E-2 5.8713E-2 5.88399E-2 5.2553E-2 3.36025E-2 4.24742E-2 4.07885E-2 2.91909E-2 3.99572E-2 4.60689E-2 4.15537E-2 4.38016E-2 4.26802E-2 4.34883E-2 5.32125E-2 6.15501E-2 -9999 -9999 4.75369E-2 4.87372E-2 4.39149E-2 3.74274E-2 3.86828E-2 3.84224E-2 4.46001E-2 3.48869E-2 3.24649E-2 3.03327E-2 2.68001E-2 2.25814E-2 2.11028E-2 1.9674E-2 1.92016E-2 1.86404E-2 1.8451E-2
-9999 -9999 -9999 1.82171E-1 1.14232E-1 6.64216E-2 2.80873E-2 6.94127E-2 1.90019E-1 4.51704E-2 6.28235E-2 4.65908E-2 3.24035E-2 3.04247E-2 9.95312E-2 3.55124E-2 5.35416E-2 8.56904E-2 6.76407E-2 3.842E-2 4.31726E-2 3.20496E-2 3.62865E-2 6.18056E-2 8.98025E-2 8.40942E-2 7.71659E-2 7.93581E-2 7.61596E-2 6.78947E-2 5.84861E-2 3.54154E-2 5.68093E-2 4.04695E-2 4.4195E-2 4.59305E-2 4.49949E-2 4.48109E-2 4.33337E-2 4.71085E-2 -9999 -9999 -9999 -9999 -9999 3.9984E-2 4.06879E-2 3.65355E-2 3.65665E-2 3.44018E-2 3.90821E-2 4.65257E-2 3.1631E-2 3.06079E-2 2.43125E-2 2.09763E-2 2.19323E-2 2.30975E-2 2.51099E-2 2.39837E-2 2.49976E-2
