Candidate_Models_Sept202022/M_5_F_lqp_Set_1_cal/Bison.asc
ncols         97
nrows         127
xllcorner     -2197417.7431653
yllcorner     -584827.01486885
cellsize      30000.0
NODATA_value  -9999
[rows 81 to 107 of 127, columns 0 to 60 of 97]
-9999 -9999 -9999 -9999 -9999 -9999 -9999 -9999 -9999 -9999 -9999 1.34791E-2 6.0062E-3 1.352E-2 6.95988E-2 3.66416E-2 2.01448E-2 8.81173E-3 2.69787E-2 9.96763E-2 4.94661E-2 8.93319E-2 3.60653E-2 9.14359E-2 2.37071E-1 3.19515E-1 1.75125E-1 1.44735E-1 2.5082E-1 5.94492E-2 5.18203E-2 3.9259E-2 6.37027E-2 1.19154E-1 1.02748E-1 1.30913E-1 1.88759E-1 1.89447E-1 4.19848E-1 7.291E-1 7.62019E-1 6.78707E-1 6.8156E-1 7.40785E-1 6.73752E-1 5.54895E-1 5.15019E-1 5.03647E-1 5.24387E-1 5.56761E-1 5.84544E-1 6.69827E-1 6.96645E-1 6.77406E-1 6.94822E-1 5.7282E-1 6.31938E-1 6.2561E-1 6.15821E-1 5.99351E-1 6.17675E-1
-9999 -9999 -9999 -9999 -9999 -9999 -9999 -9999 -9999 -9999 -9999 -9999 9.86799E-3 8.0378E-3 2.76731E-2 8.21936E-2 3.65511E-2 3.00582E-2 1.36292E-2 4.20256E-2 2.7819E-2 2.53011E-2 3.04832E-2 8.62454E-2 3.30423E-1 3.8825E-1 2.09494E-1 1.46864E-1 3.09813E-1 5.83622E-2 2.76352E-2 4.0319E-2 4.10801E-2 8.16569E-2 1.40453E-1 9.62286E-2 1.24846E-1 1.36167E-1 2.27334E-1 6.95061E-1 7.87352E-1 6.92544E-1 6.80197E-1 7.05892E-1 6.59745E-1 5.4817E-1 4.80623E-1 5.10527E-1 5.34444E-1 6.14299E-1 6.19862E-1 6.62861E-1 7.21858E-1 6.57601E-1 6.40913E-1 6.80106E-1 6.35044E-1 5.65351E-1 6.0512E-1 5.79479E-1 6.38903E-1
-9999 -9999 -9999 -9999 -9999 -9999 -9999 -9999 -9999 -9999 -9999 -9999 -9999 1.34566E-2 5.62662E-3 2.68535E-2 1.42041E-1 6.5524E-2 1.50224E-1 1.79076E-2 1.37279E-2 1.82306E-2 1.23285E-2 7.98649E-2 1.82686E-1 1.7828E-1 1.1599E-1 2.59829E-1 1.47176E-1 7.47333E-2 3.38323E-2 2.64373E-2 2.33161E-2 3.77105E-2 8.33199E-2 1.92834E-1 8.22489E-2 1.62363E-1 1.82012E-1 6.67228E-1 7.25221E-1 7.19285E-1 6.79293E-1 6.59107E-1 6.21579E-1 5.25315E-1 5.14182E-1 5.20202E-1 5.47701E-1 5.80981E-1 6.18717E-1 6.50686E-1 7.21771E-1 6.97181E-1 6.73264E-1 6.58646E-1 6.67484E-1 6.45491E-1 5.87728E-1 6.01531E-1 5.91991E-1
-9999 -9999 -9999 -9999 -9999 -9999 -9999 -9999 -9999 -9999 -9999 -9999 -9999 1.82393E-2 1.00211E-2 2.35233E-2 7.19309E-2 -9999 2.44553E-1 3.03306E-1 1.59084E-1 4.5663E-2 1.50192E-2 6.14641E-2 1.67135E-1 1.63549E-1 1.76785E-1 1.76942E-1 9.97147E-2 1.04435E-1 5.03942E-2 2.78123E-2 2.62656E-2 3.93922E-2 7.56161E-2 1.03723E-1 7.6071E-2 1.51898E-1 1.69561E-1 6.6099E-1 6.35709E-1 6.70487E-1 6.98548E-1 5.896E-1 5.966E-1 6.70193E-1 5.78171E-1 5.76322E-1 5.26932E-1 5.69218E-1 6.18192E-1 6.20333E-1 6.23592E-1 6.03062E-1 6.30039E-1 5.31863E-1 6.26075E-1 6.29282E-1 5.84991E-1 6.41248E-1 6.59051E-1
-9999 -9999 -9999 -9999 -9999 -9999 -9999 -9999 -9999 -9999 -9999 -9999 -9999 2.2113E-2 1.31848E-2 2.25403E-2 7.22206E-2 -9999 1.85404E-1 3.56955E-1 7.49059E-2 1.67752E-2 1.18647E-2 5.67696E-2 1.09653E-1 7.50786E-2 1.96917E-1 8.74446E-2 8.90114E-2 4.6972E-2 4.27755E-2 1.898E-2 4.95268E-2 4.5723E-2 5.85394E-2 1.30666E-1 1.12112E-1 1.10708E-1 2.13228E-1 3.84964E-1 6.57017E-1 6.36994E-1 6.90814E-1 6.34966E-1 5.60729E-1 6.43444E-1 5.16546E-1 5.0419E-1 5.40967E-1 6.4203E-1 6.59027E-1 5.45829E-1 6.2947E-1 7.06301E-1 6.30267E-1 5.96758E-1 6.52832E-1 5.92286E-1 6.16601E-1 6.13885E-1 5.97591E-1
-9999 -9999 -9999 -9999 -9999 -9999 -9999 -9999 -9999 -9999 -9999 -9999 -9999 1.88051E-2 2.23478E-2 4.4028E-2 9.23091E-2 -9999 4.57169E-2 1.03283E-1 3.88543E-2 4.21207E-2 2.23634E-2 3.86054E-2 1.36117E-1 1.90848E-1 2.71716E-1 9.02257E-2 6.15893E-2 5.56428E-2 6.80018E-2 3.83621E-2 7.82299E-2 4.58584E-2 3.97489E-2 2.69433E-1 6.87635E-2 1.16546E-1 1.65527E-1 5.84123E-1 6.1503E-1 6.38237E-1 6.78883E-1 6.74305E-1 6.60527E-1 5.85996E-1 5.11609E-1 5.33108E-1 5.73072E-1 6.50655E-1 6.05793E-1 4.88753E-1 5.73395E-1 6.9803E-1 6.85849E-1 6.7089E-1 6.5958E-1 5.32361E-1 5.7915E-1 6.36577E-1 6.91855E-1
-9999 -9999 -9999 -9999 -9999 -9999 -9999 -9999 -9999 -9999 -9999 -9999 -9999 2.74043E-2 8.10209E-3 9.3299E-3 1.9956E-1 -9999 1.70516E-1 1.03458E-1 2.60466E-2 1.13395E-2 7.56482E-2 9.68411E-2 9.61267E-2 1.86469E-1 4.27738E-1 1.92862E-1 1.54027E-1 4.96366E-2 1.0118E-1 3.91204E-2 4.1031E-2 6.50105E-2 1.23513E-1 1.67081E-1 1.22875E-1 1.3451E-1 3.74752E-1 6.59738E-1 5.53226E-1 6.05575E-1 7.36147E-1 6.83687E-1 6.40601E-1 6.08464E-1 6.52291E-1 6.72719E-1 6.21388E-1 5.3667E-1 5.2404E-1 4.83643E-1 5.84031E-1 6.45514E-1 7.05437E-1 7.05243E-1 6.44057E-1 5.74088E-1 5.57244E-1 5.6769E-1 6.70531E-1
-9999 -9999 -9999 -9999 -9999 -9999 -9999 -9999 -9999 -9999 -9999 -9999 -9999 1.96371E-2 6.37663E-3 1.03147E-2 1.37151E-2 6.85576E-2 1.08694E-1 1.46566E-1 1.23718E-2 1.52023E-2 8.61469E-2 1.25157E-1 2.6134E-1 3.58167E-1 3.12999E-1 1.62403E-1 8.46651E-2 1.0428E-1 7.91731E-2 3.5081E-2 3.24342E-2 2.12492E-1 6.5827E-2 8.24967E-2 1.52283E-1 9.35334E-2 1.49091E-1 7.4857E-1 6.07645E-1 6.66024E-1 6.49571E-1 7.00666E-1 6.58732E-1 6.77781E-1 5.89918E-1 5.53337E-1 6.83564E-1 6.80279E-1 6.21422E-1 6.30909E-1 7.23872E-1 7.03148E-1 6.9173E-1 7.20531E-1 6.90234E-1 6.83723E-1 6.6722E-1 5.71458E-1 6.23676E-1
-9999 -9999 -9999 -9999 -9999 -9999 -9999 -9999 -9999 -9999 -9999 -9999 -9999 3.28893E-2 8.68928E-3 6.08791E-3 1.34066E-2 7.09399E-2 1.48172E-1 1.32658E-1 1.1387E-2 3.63747E-2 6.02037E-2 1.52797E-1 3.95062E-1 3.29597E-1 1.79917E-1 9.631E-2 7.45395E-2 2.89218E-1 8.23204E-2 7.15492E-2 7.40966E-2 2.67098E-1 5.70287E-2 7.89803E-2 1.76527E-1 9.05402E-2 1.33225E-1 2.97985E-1 7.08184E-1 6.45249E-1 5.9862E-1 6.37431E-1 6.83576E-1 6.66653E-1 6.22324E-1 5.18521E-1 5.2921E-1 5.83999E-1 5.89152E-1 6.20766E-1 6.90713E-1 7.07967E-1 6.88377E-1 6.9377E-1 6.66202E-1 7.06233E-1 7.04512E-1 6.87194E-1 5.87175E-1
-9999 -9999 -9999 -9999 -9999 -9999 -9999 -9999 -9999 -9999 -9999 -9999 -9999 4.20154E-2 2.84997E-2 2.96151E-2 8.18188E-2 9.8551E-2 1.54477E-1 7.51343E-2 9.86647E-3 3.63763E-2 9.72635E-2 4.16734E-1 5.43229E-1 3.40303E-1 2.80412E-1 9.52206E-2 1.47818E-1 2.44903E-1 1.34783E-1 8.77176E-2 1.35112E-1 9.27201E-2 4.81086E-2 6.86646E-2 9.73515E-2 8.06279E-2 1.43591E-1 2.59566E-1 5.96512E-1 5.6435E-1 6.08822E-1 5.40085E-1 5.89448E-1 6.37798E-1 5.13937E-1 5.29719E-1 4.96131E-1 5.74439E-1 5.79729E-1 5.58923E-1 6.75778E-1 6.17904E-1 5.99079E-1 6.30296E-1 6.41796E-1 6.61187E-1 6.69687E-1 6.40035E-1 6.28753E-1
-9999 -9999 -9999 -9999 -9999 -9999 -9999 -9999 -9999 -9999 -9999 -9999 -9999 5.56962E-2 6.34511E-2 7.10463E-2 9.14306E-2 1.30662E-1 2.11042E-1 3.86858E-2 4.42407E-2 7.58338E-2 2.39516E-1 6.02942E-1 4.94304E-1 3.08236E-1 4.39992E-1 3.25551E-1 2.12189E-1 2.43564E-1 2.85551E-1 1.85914E-1 1.84788E-1 7.68557E-2 3.3509E-2 9.74837E-2 1.21558E-1 1.83349E-1 2.27147E-1 9.89541E-2 5.63429E-1 5.13413E-1 5.69566E-1 5.88257E-1 4.30947E-1 4.99169E-1 5.36958E-1 4.87986E-1 5.28983E-1 4.86159E-1 4.7209E-1 5.24699E-1 5.62603E-1 5.811E-1 5.73102E-1 5.4187E-1 5.49304E-1 5.64515E-1 6.15221E-1 6.15308E-1 5.9105E-1
-9999 -9999 -9999 -9999 -9999 -9999 -9999 -9999 -9999 -9999 -9999 -9999 -9999 3.613E-2 3.3291E-2 1.28829E-1 1.31553E-1 1.278E-1 5.52317E-2 3.8534E-2 1.05159E-1 2.15582E-1 2.90464E-1 3.78229E-1 4.5133E-1 3.23681E-1 4.06474E-1 3.73423E-1 4.6354E-1 4.4941E-1 4.41896E-1 3.17058E-1 8.15839E-2 4.33434E-2 3.38461E-2 8.21866E-2 2.27229E-1 3.2988E-1 6.08986E-1 7.47965E-2 2.40192E-1 6.98731E-1 5.22488E-1 5.68639E-1 4.72721E-1 5.07478E-1 5.18251E-1 4.93526E-1 4.91297E-1 5.01077E-1 4.51428E-1 5.01289E-1 5.63739E-1 5.62705E-1 5.40195E-1 5.46738E-1 4.8433E-1 5.92946E-1 5.62635E-1 6.17097E-1 6.06655E-1
-9999 -9999 -9999 -9999 -9999 -9999 -9999 -9999 -9999 -9999 -9999 -9999 3.70591E-2 2.73153E-2 3.611E-2 1.39978E-1 8.72021E-2 4.45385E-2 5.66608E-2 3.18315E-2 1.0076E-1 4.2298E-1 4.30475E-1 4.77184E-1 4.28276E-1 3.7425E-1 3.574E-1 4.57439E-1 3.86844E-1 4.58635E-1 6.30579E-1 2.25501E-1 6.22236E-2 4.49724E-2 5.69002E-2 6.48555E-2 1.66297E-1 3.37311E-1 1.89741E-1 7.27392E-2 9.10169E-2 5.87372E-1 5.70991E-1 5.76313E-1 5.39529E-1 4.94184E-1 4.75998E-1 4.74057E-1 4.62545E-1 6.45806E-1 5.19903E-1 4.71049E-1 4.89931E-1 5.19664E-1 5.04399E-1 5.10594E-1 4.95304E-1 6.01628E-1 5.29408E-1 5.20068E-1 5.86653E-1
-9999 -9999 -9999 -9999 -9999 -9999 -9999 -9999 -9999 -9999 -9999 -9999 8.50427E-2 5.02742E-2 5.28354E-2 1.03189E-1 4.79051E-2 5.39481E-2 2.43856E-2 5.67495E-2 2.32503E-1 5.22245E-1 2.49597E-1 3.79428E-1 3.64339E-1 4.22794E-1 4.78684E-1 3.81407E-1 3.40721E-1 4.82099E-1 5.25421E-1 2.93885E-1 7.47419E-2 6.91941E-2 3.53246E-2 5.92231E-2 3.60861E-1 5.31448E-1 3.32315E-1 6.27431E-2 1.61551E-1 4.94977E-1 4.6843E-1 4.84922E-1 4.88113E-1 5.16023E-1 4.46525E-1 4.9871E-1 5.57096E-1 6.94964E-1 6.10805E-1 4.76479E-1 4.21404E-1 4.79803E-1 4.7346E-1 4.94242E-1 4.65162E-1 5.07272E-1 5.2978E-1 4.9775E-1 5.15393E-1
-9999 -9999 -9999 -9999 -9999 -9999 -9999 -9999 -9999 -9999 -9999 -9999 3.06738E-2 3.62206E-2 7.4963E-2 8.34311E-2 3.172E-2 6.33066E-2 9.12763E-2 1.81449E-1 3.37742E-1 4.9514E-1 3.63637E-1 2.32712E-1 3.07694E-1 4.16511E-1 3.25533E-1 2.60298E-1 3.2442E-1 4.9365E-1 5.48967E-1 1.67104E-1 1.00609E-1 5.3078E-2 4.50678E-2 4.35265E-2 2.83731E-1 5.51664E-1 3.45753E-1 1.38073E-1 1.79696E-1 5.6899E-1 4.62893E-1 5.00786E-1 4.63621E-1 4.93413E-1 4.81764E-1 4.72827E-1 5.26529E-1 5.91666E-1 4.89231E-1 5.93352E-1 5.09171E-1 4.0803E-1 4.51795E-1 4.8467E-1 5.01038E-1 5.82981E-1 4.91164E-1 4.97837E-1 5.77693E-1
-9999 -9999 -9999 -9999 -9999 -9999 -9999 -9999 -9999 -9999 -9999 -9999 4.51813E-2 3.64891E-2 1.61844E-1 1.84146E-1 6.72032E-2 4.43257E-2 1.32777E-1 1.70873E-1 2.53994E-1 3.21262E-1 4.28595E-1 3.21605E-1 3.46533E-1 3.13736E-1 3.15252E-1 2.53145E-1 4.07031E-1 6.30298E-1 5.68387E-1 2.93617E-1 9.90768E-2 4.52967E-2 4.78787E-2 6.00305E-2 1.19112E-1 3.77322E-1 1.5826E-1 1.76752E-1 1.56767E-1 5.87315E-1 5.22887E-1 5.37636E-1 5.0543E-1 5.37221E-1 6.36333E-1 5.17086E-1 5.04561E-1 5.64993E-1 5.2891E-1 4.57615E-1 4.93405E-1 4.47053E-1 5.70181E-1 5.27892E-1 5.26134E-1 4.89048E-1 4.5507E-1 4.90978E-1 4.86349E-1
-9999 -9999 -9999 -9999 -9999 -9999 -9999 -9999 -9999 -9999 -9999 3.74399E-2 3.79957E-2 1.66599E-1 2.49679E-1 2.18999E-1 9.94127E-2 4.05296E-2 2.13445E-1 4.1644E-1 3.32995E-1 2.82223E-1 3.37115E-1 4.07029E-1 4.27819E-1 3.1143E-1 3.09001E-1 5.52136E-1 5.15028E-1 5.34715E-1 6.68812E-1 5.22159E-1 8.98203E-2 1.3293E-1 4.26749E-2 9.82268E-2 1.08429E-1 5.52214E-1 2.55151E-1 2.64026E-1 4.68758E-1 2.63481E-1 6.19013E-1 5.09688E-1 6.16991E-1 6.90881E-1 6.41542E-1 4.0967E-1 4.6544E-1 5.55006E-1 5.08695E-1 4.10007E-1 4.74178E-1 5.24484E-1 4.67588E-1 4.57683E-1 4.56496E-1 4.62221E-1 4.77645E-1 5.02076E-1 4.645E-1
-9999 -9999 -9999 -9999 -9999 -9999 -9999 -9999 -9999 -9999 -9999 2.89185E-2 1.15622E-1 2.13173E-1 1.71067E-1 2.49527E-1 7.27616E-2 9.62298E-2 3.2039E-1 3.93136E-1 3.44761E-1 2.08056E-1 2.61958E-1 3.24016E-1 3.31978E-1 3.38521E-1 5.07805E-1 1.46957E-1 1.00619E-1 6.25538E-1 5.50052E-1 6.45811E-1 3.49772E-1 1.38305E-1 8.90808E-2 9.09942E-2 1.41465E-1 7.10643E-1 1.08734E-1 5.20856E-1 4.45641E-1 3.96513E-1 6.08342E-1 4.41707E-1 5.79412E-1 2.46453E-1 1.63908E-1 5.93315E-1 4.66282E-1 6.2385E-1 5.39872E-1 4.06952E-1 4.66906E-1 4.83979E-1 4.21353E-1 4.29635E-1 4.09013E-1 4.1835E-1 4.68192E-1 4.89842E-1 4.95506E-1
-9999 -9999 -9999 -9999 -9999 -9999 -9999 -9999 -9999 -9999 5.90339E-2 3.03122E-2 1.34745E-1 2.38076E-1 3.0047E-1 3.60054E-2 4.41617E-2 1.33818E-1 2.49867E-1 2.06292E-1 2.14425E-1 3.53266E-1 3.49258E-1 3.51229E-1 3.0916E-1 5.12036E-1 2.95737E-1 1.35499E-1 1.92058E-1 2.86034E-1 3.03424E-1 6.46535E-1 4.70256E-1 4.85902E-2 9.46544E-2 1.00266E-1 4.37035E-1 7.17258E-1 2.31624E-1 4.52689E-1 7.07726E-1 4.25928E-1 6.24397E-1 5.8358E-1 6.10457E-1 5.95561E-1 3.93023E-1 6.30755E-1 5.79941E-1 4.17741E-1 5.31407E-1 4.05209E-1 3.8207E-1 3.91347E-1 4.00753E-1 4.13507E-1 4.0464E-1 4.43788E-1 4.39159E-1 4.44342E-1 4.55511E-1
-9999 -9999 -9999 -9999 -9999 -9999 -9999 -9999 -9999 -9999 2.30068E-2 1.83114E-2 2.03257E-1 2.06257E-1 1.02778E-1 2.60951E-2 6.62162E-2 1.57412E-1 1.48537E-1 1.7945E-1 1.57529E-1 2.67933E-1 2.91503E-1 3.08999E-1 3.04593E-1 2.9715E-1 3.88197E-1 3.47285E-1 4.18152E-1 3.93057E-1 2.15914E-1 2.70906E-1 1.17608E-1 1.6074E-1 1.03527E-1 6.78403E-2 5.85299E-1 3.9407E-1 3.06315E-1 4.64997E-1 6.67464E-1 2.31788E-1 3.85173E-1 6.07557E-1 5.56747E-1 6.07726E-1 6.3821E-1 4.39145E-1 3.73282E-1 4.13122E-1 3.63883E-1 4.08342E-1 3.71051E-1 4.01495E-1 4.05314E-1 4.24357E-1 4.23277E-1 4.31818E-1 4.60523E-1 4.48427E-1 4.67419E-1
-9999 -9999 -9999 -9999 -9999 -9999 -9999 -9999 -9999 -9999 1.95988E-2 2.29908E-2 1.74853E-1 1.53701E-1 4.15251E-2 5.58023E-2 1.22878E-1 1.85225E-1 2.82918E-1 1.84752E-1 1.54683E-1 1.55624E-1 1.89911E-1 2.00425E-1 2.85599E-1 2.24555E-1 4.93643E-1 2.49996E-1 5.43507E-1 3.73111E-1 1.4872E-1 9.58777E-2 9.02935E-2 1.74486E-1 1.44558E-1 1.7269E-1 2.22356E-1 3.7292E-1 6.0082E-1 3.77672E-1 5.9922E-1 4.73793E-1 5.49214E-1 4.95278E-1 6.01162E-1 5.74556E-1 4.25993E-1 5.32388E-1 4.2656E-1 3.95884E-1 4.18281E-1 4.68501E-1 4.68379E-1 4.17306E-1 4.06289E-1 3.72945E-1 3.88221E-1 3.97205E-1 5.09215E-1 4.67514E-1 4.28747E-1
-9999 -9999 -9999 -9999 -9999 -9999 -9999 -9999 -9999 3.29426E-2 1.87003E-2 3.51124E-2 2.7942E-1 8.18437E-2 1.85147E-2 4.11382E-2 2.07258E-1 3.03962E-1 3.13715E-1 1.46785E-1 1.69805E-1 1.73977E-1 1.84863E-1 2.29926E-1 1.76406E-1 1.72177E-1 5.48146E-1 2.81811E-1 2.53842E-1 1.21065E-1 1.54411E-1 3.29216E-1 2.49742E-1 3.02746E-1 2.49906E-1 2.26116E-1 2.00738E-1 3.15757E-1 7.11938E-1 2.67982E-1 6.2539E-1 6.56085E-1 7.08247E-1 4.53687E-1 6.7617E-1 5.38005E-1 6.58009E-1 4.8797E-1 4.62169E-1 4.05617E-1 3.71677E-1 4.11709E-1 4.15555E-1 4.63856E-1 5.03815E-1 5.10794E-1 4.75178E-1 4.52552E-1 4.41986E-1 4.61447E-1 4.60056E-1
-9999 -9999 -9999 -9999 -9999 -9999 -9999 -9999 -9999 3.17421E-2 2.28591E-2 3.37463E-2 6.51487E-2 3.04244E-2 1.95937E-2 1.03318E-1 2.58498E-1 3.39201E-1 2.90548E-1 2.16337E-1 3.20115E-1 2.12325E-1 1.74758E-1 2.37044E-1 2.11894E-1 2.77215E-1 4.8379E-1 3.95556E-1 3.37746E-1 2.49668E-1 3.0357E-1 4.75727E-1 1.55388E-1 3.14644E-1 4.82597E-1 5.72051E-1 3.27741E-1 7.07038E-1 7.28222E-1 6.0138E-1 6.28373E-1 7.33585E-1 6.4201E-1 6.86926E-1 6.82408E-1 6.35378E-1 6.84619E-1 4.48577E-1 4.9182E-1 4.94927E-1 5.44378E-1 5.66916E-1 4.56482E-1 4.82638E-1 4.86974E-1 5.40108E-1 4.94721E-1 4.5613E-1 4.62792E-1 4.27572E-1 3.95852E-1
-9999 -9999 -9999 -9999 -9999 -9999 -9999 -9999 6.38657E-2 2.46811E-2 3.4481E-2 1.27071E-1 1.9913E-2 2.507E-2 4.85549E-2 2.17367E-1 3.16429E-1 2.60459E-1 2.5723E-1 2.43474E-1 2.8328E-1 2.69745E-1 2.50937E-1 2.62829E-1 2.50208E-1 3.9861E-1 3.32946E-1 4.29294E-1 3.20975E-1 4.26865E-1 4.37254E-1 5.53446E-1 2.6519E-1 3.60287E-1 4.86009E-1 2.47207E-1 3.22588E-1 6.25585E-1 6.34077E-1 6.91613E-1 6.99936E-1 6.57927E-1 6.74209E-1 4.04748E-1 2.1291E-1 5.3243E-1 2.64994E-1 4.92621E-1 5.77753E-1 5.44949E-1 5.07547E-1 5.22979E-1 4.02207E-1 4.54253E-1 4.77514E-1 5.79096E-1 5.68348E-1 5.27247E-1 4.81409E-1 4.2587E-1 4.32603E-1
-9999 -9999 -9999 -9999 -9999 -9999 -9999 4.32326E-2 3.35269E-2 2.13674E-2 9.20087E-2 1.1926E-1 2.25856E-2 3.09601E-2 1.24576E-1 2.85169E-1 2.99592E-1 2.7552E-1 3.11691E-1 3.01709E-1 3.2255E-1 2.91219E-1 2.71266E-1 2.79319E-1 2.55347E-1 3.0763E-1 3.19491E-1 4.59371E-1 5.56229E-1 5.23179E-1 3.77383E-1 3.93093E-1 3.66748E-1 3.62828E-1 3.56E-1 3.61959E-1 6.53879E-1 6.46316E-1 6.59452E-1 7.45595E-1 7.48959E-1 7.62963E-1 6.34652E-1 4.95925E-1 3.32143E-1 4.09453E-1 4.65042E-1 7.88721E-1 7.79225E-1 6.22298E-1 5.19658E-1 5.92892E-1 7.36439E-1 5.3674E-1 6.49289E-1 5.84528E-1 5.59811E-1 5.29364E-1 5.35718E-1 4.5959E-1 4.40948E-1
-9999 -9999 -9999 -9999 -9999 -9999 -9999 9.40567E-3 7.7745E-3 8.59674E-3 4.23797E-2 4.41563E-2 2.7753E-2 8.8333E-2 3.13128E-1 3.3301E-1 2.96454E-1 3.43693E-1 2.98695E-1 2.87059E-1 2.92058E-1 3.28178E-1 3.7129E-1 3.25792E-1 3.00065E-1 2.63659E-1 3.28509E-1 4.61893E-1 5.42948E-1 5.39189E-1 3.68156E-1 2.22169E-1 3.16298E-1 5.13327E-1 3.27171E-1 5.44077E-1 5.93384E-1 7.44572E-1 7.31226E-1 7.16088E-1 7.3482E-1 6.67465E-1 5.67374E-1 4.3649E-1 4.70534E-1 4.10518E-1 4.09805E-1 3.48269E-1 6.17107E-1 3.99933E-1 4.65205E-1 4.19475E-1 5.79655E-1 7.27934E-1 6.08521E-1 6.13222E-1 5.36436E-1 5.27426E-1 5.51953E-1 4.75756E-1 4.48241E-1
-9999 -9999 -9999 -9999 -9999 -9999 -9999 1.54939E-2 8.87826E-3 1.40329E-2 7.87131E-2 6.46359E-2 6.27835E-2 1.03161E-1 3.52124E-1 3.17272E-1 3.17983E-1 3.66108E-1 3.01285E-1 2.76661E-1 3.01816E-1 2.81768E-1 3.92491E-1 3.52333E-1 2.65795E-1 2.77582E-1 2.64265E-1 4.98625E-1 5.19087E-1 5.2354E-1 5.17173E-1 2.98908E-1 5.84674E-1 7.91608E-1 5.79394E-1 5.41609E-1 6.8281E-1 6.19455E-1 6.99371E-1 5.98513E-1 5.44143E-1 5.32958E-1 4.96837E-1 4.89713E-1 5.00228E-1 4.97241E-1 3.75807E-1 2.33141E-1 4.92472E-1 6.10588E-1 5.47939E-1 5.09333E-1 6.39089E-1 5.10867E-1 6.97174E-1 6.5832E-1 5.34143E-1 5.42029E-1 5.22901E-1 4.60843E-1 4.73674E-1
