Candidate_Models_Sept202022/M_0.5_F_lqp_Set_1_all/Bison.asc
ncols         97
nrows         127
xllcorner     -2197417.7431653
yllcorner     -584827.01486885
cellsize      30000.0
NODATA_value  -9999
[rows 54 to 80 of 127, columns 0 to 60 of 97]
-9999 -9999 -9999 -9999 5.63044E-6 2.21612E-6 4.67228E-7 1.86187E-6 1.32796E-6 1.79697E-7 2.72464E-7 2.93458E-6 2.22804E-6 4.87479E-6 5.03144E-6 4.24941E-6 7.96535E-6 1.39512E-5 1.71155E-5 2.30544E-5 3.37166E-5 4.24132E-5 3.83071E-5 3.0993E-5 3.2249E-5 6.57492E-5 4.5951E-5 3.63394E-5 5.61897E-5 4.62789E-5 4.57298E-5 4.90529E-5 5.76909E-5 6.23159E-5 5.96007E-5 6.1141E-5 6.07089E-5 5.67135E-5 6.0409E-5 7.26473E-5 1.06218E-4 1.14801E-4 8.05646E-5 5.76719E-5 5.64267E-5 4.83705E-5 5.15683E-5 4.4088E-5 3.982E-5 3.71222E-5 3.84637E-5 3.855E-5 2.99438E-5 5.05091E-5 5.51272E-5 3.35829E-5 3.63335E-5 3.01001E-5 2.91983E-5 2.56304E-5 1.78559E-5
-9999 -9999 -9999 -9999 -9999 1.44606E-6 3.69065E-7 7.5818E-7 5.55103E-6 5.64452E-7 1.4592E-7 1.87728E-6 1.00217E-5 2.97899E-6 4.65191E-6 3.50229E-6 4.77855E-6 7.25607E-6 1.80079E-5 1.41734E-5 3.62568E-5 4.45649E-5 3.81979E-5 5.37059E-5 3.39665E-5 3.5061E-5 3.96152E-5 4.44484E-5 8.22242E-5 7.09244E-5 6.15658E-5 5.43161E-5 5.81849E-5 5.77657E-5 5.92297E-5 7.24271E-5 7.08363E-5 6.14124E-5 7.57497E-5 7.3008E-5 1.07295E-4 1.24892E-4 7.3903E-5 5.6689E-5 5.93484E-5 5.60709E-5 4.91276E-5 4.32093E-5 4.50938E-5 3.55858E-5 4.42082E-5 4.871E-5 4.39324E-5 5.88703E-5 4.85949E-5 3.77765E-5 3.66242E-5 2.94041E-5 2.98533E-5 2.5434E-5 2.31358E-5
-9999 -9999 -9999 -9999 -9999 2.84845E-6 1.18116E-6 1.98048E-6 2.62023E-6 1.18885E-6 2.08979E-8 5.54091E-7 8.54807E-7 8.21249E-7 6.08409E-6 3.6282E-6 7.00109E-6 8.87337E-6 1.36583E-5 2.20291E-5 3.96207E-5 2.96133E-5 2.86992E-5 3.74037E-5 2.91939E-5 2.49306E-5 3.51515E-5 6.69372E-5 1.07221E-4 6.73281E-5 7.64988E-5 6.96179E-5 6.99879E-5 7.05466E-5 8.22551E-5 9.64377E-5 7.45147E-5 6.82527E-5 7.76539E-5 7.05552E-5 1.18979E-4 9.57438E-5 6.29121E-5 6.29147E-5 6.01872E-5 5.60672E-5 5.13982E-5 4.6671E-5 4.94109E-5 5.22006E-5 5.81152E-5 5.33002E-5 5.95394E-5 5.45146E-5 4.12331E-5 4.22987E-5 4.03362E-5 3.79811E-5 2.80468E-5 2.30297E-5 1.43289E-5
-9999 -9999 -9999 -9999 -9999 -9999 2.30517E-6 -9999 4.99283E-6 3.64626E-7 7.73344E-8 4.60548E-7 8.7414E-7 1.30757E-6 1.91654E-6 9.33845E-6 6.10267E-6 8.50154E-6 1.55093E-5 2.61312E-5 2.35193E-5 2.70863E-5 2.80674E-5 3.8904E-5 3.11156E-5 3.67713E-5 2.49554E-5 6.60637E-5 7.86785E-5 7.98121E-5 1.74431E-4 1.38793E-4 8.48769E-5 7.77612E-5 8.85489E-5 1.0885E-4 1.06247E-4 7.59865E-5 8.12603E-5 6.59803E-5 7.10619E-5 6.20644E-5 7.92134E-5 6.4959E-5 5.0943E-5 5.59903E-5 5.15029E-5 6.26828E-5 6.83437E-5 6.33817E-5 5.85235E-5 6.36095E-5 5.21001E-5 4.84993E-5 4.54097E-5 4.32915E-5 4.03191E-5 3.7244E-5 3.09901E-5 2.34627E-5 1.68593E-5
-9999 -9999 -9999 9.01359E-7 -9999 -9999 -9999 -9999 -9999 1.09494E-6 3.97941E-7 1.79937E-7 6.21488E-7 1.41997E-6 1.11778E-6 8.54684E-6 6.11618E-6 9.83191E-6 1.39088E-5 2.02873E-5 2.2488E-5 3.02684E-5 2.47869E-5 4.34971E-5 2.37261E-5 2.73801E-5 2.54327E-5 4.07828E-5 1.07358E-4 1.08922E-4 2.74887E-4 2.17486E-4 8.26104E-5 6.80267E-5 7.39752E-5 1.123E-4 1.02669E-4 1.32261E-4 3.3199E-4 7.41827E-5 7.25651E-5 6.37961E-5 7.20682E-5 6.24838E-5 4.39703E-5 5.29639E-5 7.01568E-5 6.67053E-5 6.75257E-5 6.04875E-5 6.08755E-5 5.9202E-5 5.82526E-5 4.90888E-5 4.5538E-5 4.80424E-5 3.99615E-5 4.03146E-5 3.55338E-5 2.94281E-5 2.44032E-5
-9999 -9999 -9999 8.05193E-7 1.44721E-6 2.68193E-6 -9999 -9999 -9999 1.73422E-6 6.93623E-8 3.59747E-7 8.16739E-7 2.22085E-6 2.61861E-6 1.28155E-5 1.13594E-5 8.79957E-6 1.72753E-5 2.13168E-5 1.97626E-5 2.12781E-5 2.73382E-5 2.47978E-5 2.72085E-5 1.71841E-5 1.89757E-5 3.76811E-5 1.40628E-4 2.13708E-4 4.08132E-4 2.93187E-4 9.26053E-5 9.62598E-5 1.00331E-4 9.62113E-5 1.01717E-4 2.87991E-4 2.1024E-4 8.00291E-5 8.32449E-5 9.17642E-5 7.26966E-5 6.69362E-5 6.42252E-5 6.54895E-5 6.74689E-5 6.01943E-5 6.18626E-5 8.7799E-5 7.21724E-5 6.23704E-5 5.0723E-5 5.23382E-5 3.90582E-5 5.25455E-5 4.55304E-5 4.91639E-5 4.42628E-5 3.51618E-5 2.69211E-5
-9999 -9999 -9999 7.18493E-7 1.9859E-6 3.80639E-6 2.57742E-6 -9999 -9999 7.73119E-6 1.79256E-7 1.5083E-6 7.58043E-7 1.67016E-6 2.75092E-6 6.98731E-6 1.05854E-5 1.33368E-5 1.87562E-5 1.88688E-5 2.5434E-5 2.13938E-5 1.63346E-5 1.32118E-5 2.37585E-5 2.55293E-6 2.41024E-6 2.20012E-5 7.4806E-5 7.99341E-5 5.18126E-4 6.66493E-4 2.60531E-4 3.49175E-4 3.13086E-4 1.54093E-4 1.85152E-4 2.17474E-4 1.46827E-4 8.99395E-5 9.91642E-5 8.92867E-5 8.09327E-5 7.49741E-5 6.58284E-5 6.37004E-5 6.32184E-5 6.62055E-5 6.53043E-5 1.09193E-4 8.65173E-5 9.09123E-5 5.66912E-5 5.55479E-5 4.10443E-5 5.32013E-5 4.89966E-5 5.46297E-5 4.75101E-5 3.73448E-5 2.54393E-5
-9999 -9999 -9999 5.86276E-7 1.12465E-6 1.91905E-6 -9999 -9999 2.72235E-6 1.3077E-7 3.695E-8 3.87203E-7 5.27055E-7 1.51055E-6 4.27045E-6 7.25347E-6 3.68542E-5 1.68235E-5 2.21197E-5 1.28743E-5 2.17108E-5 2.09491E-5 2.05613E-5 1.64121E-5 1.74913E-5 3.29844E-6 1.66583E-6 1.5E-5 4.32396E-5 1.91165E-4 4.44409E-4 8.13134E-4 5.63239E-4 3.60131E-4 5.17071E-4 3.29947E-4 2.86661E-4 3.82931E-4 1.94852E-4 1.22706E-4 1.1946E-4 1.10865E-4 9.02844E-5 7.86979E-5 7.45033E-5 8.48372E-5 7.48839E-5 7.52982E-5 9.70931E-5 1.09109E-4 1.06552E-4 6.98925E-5 6.13168E-5 4.7906E-5 3.80721E-5 5.93586E-5 5.40068E-5 4.45121E-5 4.86482E-5 3.69518E-5 3.46905E-5
-9999 -9999 -9999 5.41535E-7 2.37108E-6 -9999 -9999 5.7337E-6 1.52409E-6 2.03526E-7 6.95781E-8 3.99126E-7 6.42574E-7 5.25119E-7 5.08379E-6 1.01755E-5 3.23469E-5 2.02669E-5 1.95514E-5 1.94786E-5 2.28423E-5 2.32084E-5 1.71766E-5 1.85646E-5 1.61906E-5 5.03394E-6 8.53574E-7 1.01291E-5 2.63063E-5 4.66731E-5 2.09271E-4 5.60664E-4 2.24345E-4 3.01112E-4 8.79932E-4 5.54041E-4 5.00329E-4 8.79151E-4 3.23552E-4 1.29131E-4 1.20195E-4 9.25168E-5 8.01802E-5 7.75694E-5 8.40449E-5 9.86179E-5 8.399E-5 7.5107E-5 7.16739E-5 1.01132E-4 1.09518E-4 5.88541E-5 4.64317E-5 5.12822E-5 4.57755E-5 4.90789E-5 5.25371E-5 4.7209E-5 4.92149E-5 3.9495E-5 3.47626E-5
-9999 -9999 -9999 3.21391E-7 5.62266E-7 -9999 -9999 -9999 2.78653E-6 2.34164E-7 1.64783E-7 6.83087E-7 2.36765E-7 2.21083E-6 7.86133E-6 1.72668E-5 2.86826E-5 2.82408E-5 2.7758E-5 2.24087E-5 2.82048E-5 3.24622E-5 2.48534E-5 1.68093E-5 1.53815E-5 6.15985E-6 2.96819E-6 9.67386E-6 1.88203E-5 3.01251E-5 5.58631E-5 2.34364E-4 3.66272E-4 4.27717E-4 5.39046E-4 5.52664E-4 4.46916E-4 2.85501E-4 1.42938E-4 1.13805E-4 9.47372E-5 9.87119E-5 8.70769E-5 8.33043E-5 9.15739E-5 1.0001E-4 1.18127E-4 8.2172E-5 8.06465E-5 1.11098E-4 1.06968E-4 6.9123E-5 6.681E-5 5.93124E-5 5.62959E-5 4.58158E-5 5.47356E-5 5.11757E-5 5.28957E-5 5.03217E-5 4.08539E-5
-9999 -9999 -9999 7.0166E-7 3.44721E-6 -9999 -9999 -9999 5.1978E-6 1.92193E-6 7.71452E-7 1.07758E-7 1.91944E-6 3.82774E-6 5.07003E-6 1.70059E-5 2.3704E-5 3.10793E-5 3.87416E-5 2.35887E-5 2.24045E-5 4.66106E-5 3.06584E-5 2.22309E-5 1.74354E-5 9.2535E-6 3.55631E-6 8.28802E-6 1.29801E-5 2.66292E-5 3.99649E-5 2.74241E-4 3.87756E-4 5.20717E-4 3.50086E-4 4.3614E-4 3.23966E-4 4.03933E-4 1.60918E-4 1.58694E-4 1.01032E-4 1.02021E-4 8.54596E-5 8.48606E-5 1.4641E-4 1.51938E-4 1.34822E-4 9.25352E-5 8.95482E-5 1.1584E-4 1.48389E-4 7.87391E-5 6.56184E-5 5.21169E-5 6.40544E-5 4.9879E-5 5.18839E-5 4.86654E-5 4.3748E-5 5.06428E-5 4.07755E-5
-9999 -9999 -9999 1.8086E-7 3.93004E-6 -9999 -9999 -9999 6.72333E-6 6.70199E-7 6.7291E-8 2.79629E-8 7.89036E-7 3.12766E-6 3.24416E-5 1.7797E-5 1.81905E-5 3.5545E-5 3.08018E-5 3.03052E-5 5.25467E-5 6.88126E-5 3.16652E-5 2.44429E-5 1.74507E-5 8.43761E-6 4.1965E-6 4.91537E-6 9.4697E-6 1.63338E-5 3.17013E-5 1.23368E-4 2.74759E-4 5.49687E-4 3.78939E-4 4.04817E-4 1.51015E-4 3.21053E-4 3.42362E-4 1.84906E-4 7.94668E-5 8.30598E-5 8.45714E-5 9.34135E-5 1.01606E-4 9.71924E-5 1.0363E-4 1.09719E-4 1.35407E-4 1.18056E-4 9.92801E-5 8.96677E-5 7.13607E-5 6.69666E-5 6.18637E-5 5.89294E-5 4.96919E-5 6.39546E-5 5.30233E-5 5.256E-5 5.74691E-5
-9999 -9999 -9999 -9999 1.00844E-6 -9999 -9999 -9999 -9999 2.08224E-6 1.22829E-7 1.11746E-7 6.00872E-7 1.10038E-6 7.57622E-6 1.52229E-5 1.48436E-5 3.66526E-5 4.79091E-5 5.88972E-5 4.10096E-5 1.21368E-4 5.27398E-5 3.33461E-5 3.10522E-5 1.24326E-5 4.98348E-6 3.32541E-6 7.54173E-6 1.00316E-5 2.44394E-5 4.01038E-5 5.5649E-5 9.07788E-5 7.47075E-5 1.04145E-4 3.08265E-4 2.25693E-4 9.12596E-5 6.68978E-5 1.18158E-4 8.50879E-5 1.343E-4 9.84057E-5 9.69175E-5 1.30347E-4 1.22176E-4 1.33159E-4 1.09592E-4 1.03255E-4 1.59156E-4 8.52064E-5 7.90597E-5 7.56213E-5 7.62588E-5 6.64504E-5 6.21721E-5 5.7036E-5 5.46761E-5 5.4029E-5 5.43E-5
-9999 -9999 -9999 -9999 1.85733E-6 -9999 -9999 -9999 -9999 6.59984E-6 1.01137E-6 3.25589E-7 7.17614E-7 1.01487E-6 4.83444E-6 1.43966E-5 2.88354E-5 3.60892E-5 4.44405E-5 3.54508E-5 4.40579E-5 6.16854E-5 4.00194E-5 6.46441E-5 7.72633E-5 1.54989E-5 6.4166E-6 2.49994E-6 4.41416E-6 9.30948E-6 1.62404E-5 2.33525E-5 5.18909E-5 1.10557E-4 6.13514E-5 6.5864E-5 1.33961E-4 7.46386E-5 5.00527E-5 3.96097E-5 9.22158E-5 6.98077E-5 1.03076E-4 1.44453E-4 1.05663E-4 1.25234E-4 2.44261E-4 1.27069E-4 1.19414E-4 1.28034E-4 1.39847E-4 1.00431E-4 9.54073E-5 8.13563E-5 7.93755E-5 8.21636E-5 7.2089E-5 6.69616E-5 6.06145E-5 5.22446E-5 5.11789E-5
-9999 -9999 -9999 -9999 -9999 -9999 -9999 -9999 -9999 4.65106E-6 3.96794E-6 4.86432E-7 8.3732E-7 1.43515E-6 2.06839E-6 7.49445E-6 2.75443E-5 3.16926E-5 3.58245E-5 4.75762E-5 4.01259E-5 4.278E-5 5.17955E-5 3.53161E-5 2.44596E-5 6.67468E-6 3.65406E-6 4.98624E-6 3.05771E-6 9.24333E-6 1.90049E-5 2.73194E-5 3.35379E-5 7.77549E-5 3.76393E-5 5.94842E-5 1.38095E-4 1.2419E-4 6.58827E-5 9.76371E-5 1.1713E-4 8.01626E-5 1.2311E-4 1.41781E-4 3.10875E-4 3.88731E-4 3.95518E-4 1.65528E-4 1.24064E-4 1.1792E-4 1.37238E-4 1.32832E-4 9.6921E-5 7.13247E-5 8.36553E-5 7.40899E-5 7.4313E-5 7.64629E-5 6.30896E-5 5.83591E-5 5.64014E-5
-9999 -9999 -9999 -9999 -9999 -9999 -9999 -9999 -9999 -9999 3.32598E-6 9.33848E-7 7.20982E-7 8.97301E-7 3.89997E-6 7.33497E-6 2.69822E-5 3.05568E-5 3.46953E-5 3.8682E-5 3.94248E-5 3.94933E-5 5.26294E-5 4.03589E-5 2.51775E-5 8.79915E-6 5.1568E-6 4.34259E-6 5.08507E-6 6.86473E-6 1.72255E-5 3.06833E-5 4.41435E-5 4.33866E-5 5.63697E-5 5.9244E-5 1.10453E-4 1.32954E-4 7.70196E-5 9.9218E-5 1.09113E-4 2.55534E-4 2.58303E-4 3.82574E-4 4.92616E-4 5.30168E-4 3.54798E-4 5.67599E-4 1.36932E-4 1.19934E-4 1.86782E-4 1.37969E-4 9.53486E-5 8.80041E-5 8.4158E-5 7.86857E-5 9.1524E-5 9.97047E-5 7.89554E-5 6.64916E-5 6.84772E-5
-9999 -9999 -9999 -9999 -9999 -9999 -9999 -9999 -9999 -9999 2.70271E-6 6.63238E-7 6.97295E-8 3.47963E-7 3.57684E-6 5.11096E-6 2.42998E-5 3.97285E-5 3.41444E-5 4.35151E-5 4.26432E-5 4.15142E-5 5.64872E-5 6.02291E-5 2.33534E-5 1.18947E-5 7.47547E-6 4.51923E-6 9.26475E-6 1.19348E-5 1.92979E-5 3.0411E-5 3.74202E-5 5.23143E-5 6.33448E-5 1.03764E-4 9.13536E-5 7.73009E-5 8.36282E-5 2.92777E-4 3.11735E-4 5.28413E-4 3.45847E-4 4.35826E-4 4.57369E-4 4.43332E-4 1.80725E-4 3.87294E-4 2.69095E-4 3.72182E-4 3.30793E-4 1.80882E-4 1.06739E-4 9.7201E-5 8.96573E-5 8.65732E-5 8.58732E-5 7.69274E-5 7.90819E-5 7.38155E-5 7.43014E-5
-9999 -9999 -9999 -9999 -9999 -9999 -9999 -9999 -9999 -9999 2.19404E-6 4.39523E-7 1.13472E-7 3.17669E-7 1.73761E-5 1.21225E-5 1.981E-5 4.85917E-5 4.03331E-5 6.72361E-5 5.70695E-5 5.28433E-5 5.52404E-5 6.13856E-5 2.94707E-5 9.04798E-6 7.05962E-6 6.92833E-6 9.30602E-6 1.67737E-5 2.62781E-5 4.41312E-5 4.41792E-5 4.55693E-5 6.74533E-5 9.07711E-5 1.53583E-4 2.24535E-4 2.64537E-4 2.12248E-4 3.51126E-4 4.07148E-4 6.04509E-4 5.53721E-4 5.84157E-4 6.96725E-4 6.92193E-4 5.61255E-4 4.02558E-4 6.38671E-4 6.29859E-4 4.32536E-4 2.84096E-4 2.29587E-4 2.19174E-4 1.02978E-4 9.20122E-5 8.71201E-5 9.05932E-5 8.73721E-5 8.31835E-5
-9999 -9999 -9999 -9999 -9999 -9999 -9999 -9999 -9999 -9999 1.8219E-6 3.21856E-7 4.31313E-7 2.45202E-7 2.44734E-6 6.89127E-6 2.57953E-5 4.92444E-5 5.57006E-5 9.6937E-5 1.12401E-4 6.40169E-5 5.05141E-5 5.56244E-5 3.01312E-5 1.36064E-5 7.26703E-6 6.47364E-6 1.82927E-5 1.23106E-5 2.44294E-5 4.81432E-5 5.24569E-5 4.47384E-5 1.11487E-4 7.10523E-5 1.28091E-4 1.83144E-4 1.61689E-4 2.31845E-4 4.72384E-4 7.10544E-4 9.36209E-4 8.1074E-4 1.12086E-3 7.9874E-4 8.05542E-4 7.85771E-4 8.13303E-4 7.99899E-4 3.0446E-4 1.98771E-4 2.03642E-4 3.14702E-4 3.46292E-4 3.05249E-4 1.19667E-4 9.76066E-5 9.35783E-5 9.16792E-5 9.58716E-5
-9999 -9999 -9999 -9999 -9999 -9999 -9999 -9999 -9999 -9999 9.0371E-7 5.07481E-7 4.51875E-7 7.58901E-7 3.60683E-5 3.05046E-6 3.38827E-5 3.07651E-5 4.81843E-5 1.13453E-4 1.69949E-4 8.11542E-5 6.43163E-5 4.31664E-5 4.52998E-5 2.38208E-5 1.64184E-5 8.77434E-6 1.21071E-5 2.79749E-5 2.33042E-5 1.94158E-5 4.99056E-5 1.11724E-4 9.91579E-5 1.19783E-4 1.05599E-4 1.13055E-4 1.49143E-4 2.49991E-4 5.34908E-4 1.17623E-3 1.23509E-3 1.30355E-3 1.37176E-3 7.93912E-4 5.55828E-4 6.9466E-4 3.78922E-4 9.00086E-4 7.92094E-4 3.04371E-4 2.10286E-4 4.11901E-4 2.52559E-4 2.06547E-4 1.2438E-4 1.54074E-4 1.21976E-4 9.62871E-5 1.04336E-4
-9999 -9999 -9999 -9999 -9999 -9999 -9999 -9999 2.49233E-6 1.66862E-6 1.23383E-6 8.4015E-7 4.95364E-7 4.68082E-7 1.21203E-6 2.46797E-5 3.47307E-5 3.61516E-5 4.08066E-5 6.19571E-5 6.70078E-5 1.14955E-4 1.19707E-4 5.84774E-5 5.24259E-5 2.9122E-5 1.11907E-5 4.9351E-6 5.09558E-6 1.05551E-5 1.12427E-5 1.84017E-5 4.24798E-5 4.30219E-5 6.2423E-5 5.49049E-5 7.3088E-5 1.43738E-4 1.19669E-4 3.15611E-4 7.2804E-4 1.24948E-3 9.61265E-4 1.01586E-3 1.07818E-3 6.18298E-4 6.16653E-4 7.39138E-4 6.45535E-4 4.55989E-4 6.66193E-4 5.45547E-4 3.90797E-4 3.24723E-4 2.4162E-4 2.02611E-4 2.6779E-4 2.36134E-4 2.21452E-4 1.1987E-4 1.32001E-4
-9999 -9999 -9999 -9999 -9999 -9999 -9999 -9999 1.8373E-6 7.16516E-7 1.00902E-6 1.41394E-6 1.11336E-6 2.49561E-7 4.47824E-7 2.98636E-6 4.71235E-6 5.4633E-5 3.26707E-5 1.84369E-5 2.88943E-5 4.82111E-5 1.27368E-4 4.28551E-5 4.19907E-5 2.77151E-5 1.56684E-5 7.98259E-6 4.24036E-6 4.90931E-6 1.56746E-5 1.08294E-5 3.75202E-5 5.63951E-5 8.62378E-5 4.72763E-5 1.25595E-4 1.10374E-4 1.15421E-4 1.06248E-4 4.05991E-4 1.0384E-3 9.47981E-4 8.51549E-4 8.77107E-4 6.44646E-4 5.33798E-4 6.33788E-4 6.09934E-4 7.89163E-4 6.18721E-4 5.55355E-4 5.01717E-4 3.44958E-4 3.15794E-4 3.80896E-4 4.51299E-4 4.30947E-4 3.33773E-4 3.60412E-4 3.79727E-4
-9999 -9999 -9999 -9999 -9999 -9999 -9999 -9999 5.8313E-7 4.15484E-7 1.51416E-7 3.03508E-7 7.747E-7 4.08849E-7 2.64663E-7 2.02271E-6 2.01224E-6 3.21274E-5 3.21866E-5 3.41663E-5 2.32261E-5 2.47388E-5 8.07905E-5 5.55486E-5 5.37407E-5 5.97374E-5 2.33616E-5 1.62868E-5 6.36598E-6 4.25394E-6 1.35546E-5 1.18283E-5 2.32942E-5 8.44111E-5 2.12422E-4 1.85047E-4 8.32638E-5 1.32162E-4 1.07248E-4 4.20204E-4 9.87963E-4 1.37023E-3 1.21624E-3 1.21205E-3 1.1746E-3 6.97079E-4 5.81955E-4 4.89795E-4 8.04972E-4 8.19779E-4 9.39922E-4 6.70256E-4 5.26902E-4 3.76353E-4 5.33124E-4 2.76641E-4 5.39896E-4 4.70413E-4 3.30882E-4 5.3824E-4 5.14929E-4
-9999 -9999 -9999 -9999 -9999 -9999 -9999 -9999 -9999 9.40024E-7 1.47402E-7 1.96895E-7 3.58504E-7 9.82508E-7 3.02291E-7 5.79434E-7 3.06221E-6 2.98119E-5 1.5263E-4 6.27373E-5 1.31927E-5 1.55979E-5 3.00104E-5 6.65938E-5 4.20947E-5 4.17225E-5 3.15281E-5 2.48099E-5 8.77071E-6 4.67781E-6 3.33513E-6 5.03848E-6 1.19447E-5 2.89397E-5 7.12948E-5 9.47248E-5 1.2315E-4 9.77825E-5 1.64727E-4 1.08178E-3 1.0268E-3 1.97615E-3 1.76629E-3 1.34951E-3 9.78754E-4 6.40766E-4 7.0935E-4 7.88647E-4 4.03992E-4 4.97784E-4 4.89888E-4 5.94515E-4 4.21616E-4 9.14404E-4 7.31413E-4 3.8978E-4 5.26336E-4 6.38718E-4 4.27962E-4 5.061E-4 3.4682E-4
-9999 -9999 -9999 -9999 -9999 -9999 -9999 -9999 -9999 5.05421E-7 3.78852E-7 1.43845E-7 2.11891E-7 7.35005E-7 1.53194E-6 7.23449E-7 9.6772E-7 1.42305E-6 1.29327E-5 2.27633E-5 1.31713E-5 1.1191E-5 2.69505E-5 5.09216E-5 3.9914E-5 4.08534E-5 4.61628E-5 2.17755E-5 7.41252E-6 2.64752E-6 3.64357E-6 1.76454E-6 1.60406E-5 1.47817E-5 5.87321E-5 1.05642E-4 1.90248E-4 1.30067E-4 1.16655E-4 6.27175E-4 1.34794E-3 1.30627E-3 1.00762E-3 9.93193E-4 8.33291E-4 4.7154E-4 3.48459E-4 7.90124E-4 4.96313E-4 5.74363E-4 7.67926E-4 4.83806E-4 6.34286E-4 5.68829E-4 7.62375E-4 5.64578E-4 3.23439E-4 4.15258E-4 3.45924E-4 4.20244E-4 4.01599E-4
-9999 -9999 -9999 -9999 -9999 -9999 -9999 -9999 -9999 -9999 6.29973E-7 1.95472E-7 1.58244E-7 1.09126E-6 2.04672E-6 6.08638E-7 7.07058E-7 1.69254E-6 7.31969E-6 6.67828E-6 1.04838E-5 7.92268E-6 2.83841E-5 1.0839E-4 7.26431E-5 5.62134E-5 3.55673E-5 2.10332E-5 6.37197E-6 3.52822E-6 5.59749E-6 3.96139E-6 3.69958E-6 7.41964E-6 2.8641E-5 7.20802E-5 9.94175E-5 1.08647E-4 1.87122E-4 7.61155E-4 1.21019E-3 1.05689E-3 9.86506E-4 9.41209E-4 4.01598E-4 4.31431E-4 3.14131E-4 5.67928E-4 4.25061E-4 5.48479E-4 8.7047E-4 7.73533E-4 7.94995E-4 7.84292E-4 4.96711E-4 6.27521E-4 6.13328E-4 3.41424E-4 3.31956E-4 4.29831E-4 3.95322E-4
-9999 -9999 -9999 -9999 -9999 -9999 -9999 -9999 -9999 -9999 6.49601E-7 2.52567E-7 2.4804E-7 5.49274E-7 2.25279E-6 1.20231E-6 5.20202E-7 4.90434E-7 1.95912E-6 5.03301E-6 9.06594E-6 1.40504E-5 2.60527E-5 3.57941E-5 7.17098E-5 1.48642E-4 1.35064E-4 4.05089E-5 2.7622E-5 6.82641E-6 4.24217E-6 1.29788E-5 1.28396E-5 2.12013E-5 3.74339E-5 3.99828E-5 5.78981E-5 9.25229E-5 1.26411E-4 9.41609E-4 1.54311E-3 1.01707E-3 1.03117E-3 1.21974E-3 9.1603E-4 4.85344E-4 2.51929E-4 3.04876E-4 4.4171E-4 4.53095E-4 7.13253E-4 7.30166E-4 7.50237E-4 7.49907E-4 7.27026E-4 5.07583E-4 5.21572E-4 4.96533E-4 4.95518E-4 3.37417E-4 3.58258E-4
