Candidate_Models_Sept202022/M_0.5_F_lqp_Set_1_all/Bison.asc
ncols         97
nrows         127
xllcorner     -2197417.7431653
yllcorner     -584827.01486885
cellsize      30000.0
NODATA_value  -9999
[rows 0 to 26 of 127, columns 0 to 60 of 97]
-9999 -9999 -9999 -9999 -9999 -9999 -9999 -9999 -9999 -9999 -9999 -9999 -9999 -9999 -9999 -9999 -9999 -9999 -9999 -9999 -9999 -9999 -9999 -9999 -9999 -9999 -9999 -9999 -9999 -9999 -9999 -9999 -9999 -9999 -9999 -9999 -9999 -9999 -9999 -9999 -9999 -9999 -9999 -9999 -9999 -9999 -9999 -9999 -9999 -9999 -9999 -9999 -9999 -9999 -9999 -9999 -9999 -9999 -9999 -9999 -9999
-9999 -9999 -9999 -9999 -9999 -9999 -9999 -9999 -9999 -9999 -9999 -9999 -9999 -9999 -9999 -9999 -9999 -9999 -9999 -9999 -9999 -9999 -9999 -9999 -9999 -9999 -9999 -9999 -9999 -9999 -9999 -9999 -9999 -9999 -9999 -9999 -9999 -9999 -9999 -9999 -9999 -9999 -9999 -9999 -9999 -9999 -9999 -9999 -9999 -9999 -9999 -9999 -9999 -9999 -9999 -9999 -9999 -9999 -9999 -9999 -9999
-9999 -9999 -9999 -9999 -9999 -9999 -9999 -9999 -9999 -9999 -9999 -9999 -9999 -9999 -9999 -9999 -9999 -9999 -9999 -9999 -9999 -9999 -9999 -9999 -9999 -9999 -9999 -9999 -9999 -9999 -9999 -9999 -9999 -9999 -9999 -9999 -9999 -9999 -9999 -9999 -9999 -9999 -9999 -9999 -9999 -9999 -9999 -9999 -9999 -9999 -9999 -9999 -9999 -9999 -9999 -9999 -9999 -9999 -9999 -9999 -9999
-9999 -9999 -9999 -9999 -9999 -9999 -9999 -9999 -9999 -9999 -9999 -9999 -9999 -9999 -9999 -9999 -9999 -9999 -9999 9.33545E-6 9.28698E-6 5.09943E-6 7.05917E-6 -9999 -9999 -9999 -9999 -9999 -9999 -9999 -9999 -9999 -9999 -9999 -9999 -9999 -9999 -9999 -9999 -9999 -9999 -9999 -9999 -9999 -9999 -9999 -9999 -9999 -9999 -9999 -9999 -9999 -9999 -9999 -9999 -9999 -9999 -9999 -9999 -9999 -9999
-9999 -9999 -9999 -9999 -9999 -9999 -9999 -9999 -9999 -9999 -9999 -9999 -9999 -9999 -9999 -9999 -9999 -9999 9.97591E-6 8.46008E-6 8.16997E-6 8.88249E-6 7.33979E-6 5.69563E-6 4.41798E-6 -9999 -9999 -9999 -9999 -9999 -9999 -9999 -9999 -9999 -9999 -9999 -9999 -9999 -9999 -9999 -9999 -9999 -9999 -9999 -9999 -9999 -9999 -9999 -9999 -9999 -9999 -9999 -9999 -9999 -9999 -9999 -9999 -9999 -9999 -9999 -9999
-9999 -9999 -9999 -9999 -9999 -9999 -9999 -9999 -9999 -9999 -9999 -9999 -9999 -9999 -9999 -9999 -9999 -9999 7.22473E-6 6.3651E-6 6.6779E-6 7.49898E-6 6.12228E-6 4.34461E-6 4.1551E-6 -9999 -9999 -9999 -9999 -9999 -9999 -9999 -9999 -9999 -9999 -9999 -9999 -9999 -9999 -9999 -9999 -9999 -9999 -9999 -9999 -9999 -9999 -9999 -9999 -9999 -9999 -9999 -9999 -9999 -9999 -9999 -9999 -9999 -9999 -9999 -9999
-9999 -9999 -9999 -9999 -9999 -9999 -9999 -9999 -9999 -9999 -9999 -9999 -9999 -9999 -9999 -9999 -9999 6.11291E-6 6.01776E-6 2.63885E-6 2.92047E-6 4.05644E-6 4.95361E-6 4.20455E-6 4.04543E-6 4.02276E-6 -9999 4.82409E-6 4.28297E-6 4.60892E-6 -9999 -9999 -9999 -9999 -9999 -9999 -9999 -9999 3.12379E-6 -9999 -9999 -9999 -9999 -9999 -9999 -9999 -9999 -9999 -9999 -9999 -9999 -9999 -9999 -9999 -9999 -9999 -9999 -9999 -9999 -9999 -9999
-9999 -9999 -9999 -9999 -9999 -9999 -9999 -9999 -9999 -9999 -9999 -9999 -9999 -9999 -9999 -9999 1.0992E-5 8.92934E-6 2.5456E-6 1.53146E-6 1.67895E-6 2.1778E-6 3.44452E-6 3.8498E-6 4.07265E-6 3.97713E-6 4.34324E-6 4.30344E-6 3.89079E-6 3.90448E-6 4.00809E-6 3.88489E-6 3.5613E-6 3.38165E-6 3.49586E-6 3.69476E-6 3.85494E-6 -9999 2.84428E-6 2.62189E-6 -9999 -9999 -9999 -9999 -9999 -9999 -9999 -9999 -9999 -9999 -9999 -9999 -9999 -9999 -9999 -9999 -9999 -9999 -9999 -9999 -9999
-9999 -9999 -9999 -9999 -9999 -9999 -9999 -9999 -9999 -9999 -9999 -9999 -9999 -9999 -9999 6.09514E-6 7.85356E-6 5.04967E-6 2.01359E-6 1.28693E-6 1.17585E-6 1.60662E-6 3.01716E-6 3.97789E-6 4.16196E-6 3.80019E-6 5.9481E-6 6.0926E-6 3.65123E-6 3.23882E-6 3.36939E-6 3.37438E-6 3.29574E-6 3.14299E-6 3.51563E-6 4.58574E-6 4.17513E-6 4.05778E-6 2.98633E-6 2.88536E-6 -9999 -9999 -9999 -9999 -9999 -9999 -9999 -9999 -9999 -9999 -9999 -9999 -9999 -9999 -9999 -9999 -9999 -9999 -9999 -9999 -9999
-9999 -9999 -9999 -9999 -9999 -9999 -9999 -9999 -9999 -9999 -9999 -9999 -9999 -9999 -9999 9.70411E-6 8.24111E-6 4.22738E-6 1.50015E-6 1.55592E-6 1.88783E-6 2.61713E-6 3.67359E-6 4.23609E-6 4.59781E-6 3.459E-6 5.30659E-6 5.24098E-6 3.19067E-6 3.18532E-6 4.14557E-6 3.87055E-6 3.74021E-6 4.30348E-6 4.25231E-6 5.42351E-6 5.89395E-6 5.10139E-6 3.74398E-6 -9999 -9999 -9999 2.5703E-6 -9999 -9999 -9999 -9999 -9999 -9999 -9999 -9999 -9999 -9999 -9999 -9999 -9999 -9999 -9999 -9999 -9999 -9999
-9999 -9999 -9999 -9999 -9999 -9999 -9999 -9999 -9999 -9999 -9999 -9999 -9999 -9999 6.66906E-6 8.77912E-6 8.39952E-6 5.23409E-6 4.51313E-6 2.70414E-6 2.62669E-6 3.17794E-6 4.59765E-6 4.78146E-6 4.46175E-6 4.44691E-6 5.62456E-6 4.62309E-6 4.40917E-6 3.42302E-6 4.97287E-6 4.01982E-6 3.52819E-6 5.09623E-6 6.81937E-6 6.56478E-6 6.69905E-6 4.92819E-6 3.34106E-6 -9999 -9999 2.77172E-6 -9999 -9999 -9999 -9999 -9999 -9999 -9999 -9999 -9999 -9999 -9999 -9999 -9999 -9999 -9999 -9999 -9999 -9999 -9999
-9999 -9999 -9999 -9999 -9999 -9999 -9999 -9999 -9999 -9999 -9999 -9999 -9999 5.0503E-6 8.794E-6 8.68799E-6 8.81682E-6 5.67922E-6 5.27425E-6 4.86053E-6 3.68632E-6 4.7559E-6 5.21863E-6 6.11415E-6 4.21206E-6 4.52633E-6 5.00261E-6 4.73415E-6 3.09815E-6 2.94807E-6 3.18372E-6 3.89807E-6 4.04825E-6 5.83065E-6 6.85182E-6 6.80767E-6 7.09837E-6 4.90172E-6 3.41905E-6 2.75508E-6 2.63591E-6 2.76897E-6 -9999 3.62111E-6 3.75515E-6 -9999 -9999 -9999 -9999 -9999 -9999 -9999 -9999 -9999 -9999 -9999 -9999 -9999 -9999 -9999 -9999
-9999 -9999 -9999 -9999 -9999 -9999 -9999 -9999 -9999 -9999 -9999 -9999 -9999 8.98091E-6 8.7336E-6 7.82848E-6 7.03471E-6 4.81714E-6 8.95954E-6 2.13863E-6 3.28893E-6 3.4652E-6 5.6257E-6 4.65245E-6 3.38215E-6 4.07793E-6 4.35006E-6 3.32377E-6 3.28884E-6 3.02334E-6 3.68165E-6 3.96011E-6 5.10053E-6 5.20407E-6 5.97798E-6 6.22866E-6 4.52403E-6 4.31973E-6 3.03788E-6 2.34689E-6 2.4114E-6 3.46799E-6 3.54721E-6 3.90753E-6 3.9931E-6 4.53527E-6 -9999 -9999 -9999 -9999 -9999 -9999 -9999 -9999 -9999 -9999 -9999 -9999 -9999 -9999 -9999
-9999 -9999 -9999 -9999 -9999 -9999 -9999 -9999 -9999 -9999 -9999 -9999 1.70331E-5 1.90245E-5 1.05242E-5 8.70765E-6 6.04022E-6 5.25086E-6 4.76281E-6 4.65741E-6 4.21072E-6 4.70912E-6 5.42871E-6 4.12203E-6 3.13646E-6 2.59445E-6 3.66222E-6 2.42098E-6 5.03147E-6 5.48567E-6 4.51268E-6 3.2895E-6 3.0733E-6 3.89108E-6 3.89369E-6 4.62066E-6 3.27433E-6 3.69014E-6 3.50116E-6 2.47359E-6 2.34813E-6 2.53855E-6 3.33155E-6 3.83925E-6 4.08862E-6 4.31965E-6 4.64622E-6 -9999 -9999 -9999 1.75249E-6 1.41325E-6 -9999 -9999 -9999 -9999 -9999 -9999 -9999 -9999 -9999
-9999 -9999 -9999 -9999 -9999 -9999 -9999 -9999 -9999 -9999 -9999 7.8364E-6 7.5632E-6 1.44621E-5 7.81777E-6 5.83092E-6 3.05504E-6 4.03875E-6 5.29002E-6 5.9126E-6 4.79825E-6 8.82243E-6 6.56721E-6 4.06071E-6 2.09537E-6 2.02755E-6 4.18506E-6 4.65108E-6 3.74977E-6 3.44268E-6 3.25504E-6 3.23737E-6 2.60793E-6 2.66385E-6 4.61264E-6 5.6344E-6 5.36422E-6 4.71772E-6 4.0818E-6 2.83418E-6 2.62031E-6 2.74408E-6 3.15647E-6 3.57981E-6 3.71818E-6 3.96119E-6 3.84556E-6 3.37543E-6 -9999 -9999 -9999 1.6437E-6 1.4182E-6 -9999 -9999 -9999 -9999 -9999 -9999 -9999 -9999
-9999 -9999 -9999 -9999 -9999 -9999 -9999 -9999 -9999 -9999 -9999 7.08347E-6 5.24373E-6 5.32676E-6 3.93567E-6 2.17909E-6 1.74231E-6 3.29259E-6 3.14393E-6 5.51185E-6 6.02044E-6 7.56509E-6 5.78899E-6 4.39312E-6 1.88115E-6 2.29187E-6 4.02818E-6 6.00378E-6 6.78852E-6 5.56267E-6 3.19378E-6 2.86161E-6 2.47356E-6 2.55505E-6 4.55073E-6 5.20442E-6 4.60197E-6 4.34318E-6 3.6719E-6 2.96076E-6 2.86534E-6 3.03753E-6 3.28236E-6 3.69903E-6 3.16678E-6 3.45022E-6 3.09685E-6 2.97525E-6 3.09279E-6 -9999 -9999 1.89566E-6 1.7589E-6 1.60032E-6 1.64762E-6 -9999 -9999 -9999 -9999 -9999 -9999
-9999 -9999 -9999 -9999 -9999 -9999 -9999 -9999 -9999 -9999 1.0174E-5 8.02875E-6 9.69766E-6 3.84612E-6 2.27888E-6 1.76157E-6 1.90749E-6 1.83816E-6 2.72012E-6 4.85484E-6 1.04954E-5 7.57125E-6 4.66679E-6 5.53011E-6 2.35759E-6 2.8053E-6 2.85312E-6 3.26768E-6 5.91198E-6 3.17856E-6 3.43276E-6 2.57015E-6 4.13694E-6 3.50476E-6 5.77954E-6 6.79312E-6 6.63738E-6 6.1218E-6 6.18063E-6 3.83036E-6 3.163E-6 3.23671E-6 3.42889E-6 3.4112E-6 3.03374E-6 2.83682E-6 2.74018E-6 2.94486E-6 3.07023E-6 2.7195E-6 2.43619E-6 2.88079E-6 -9999 -9999 1.72054E-6 1.57945E-6 -9999 -9999 -9999 -9999 -9999
-9999 -9999 -9999 -9999 -9999 -9999 -9999 -9999 -9999 1.38777E-5 1.07493E-5 8.30432E-6 5.88096E-6 3.50194E-6 2.52066E-6 2.22615E-6 1.87927E-6 2.03596E-6 2.13933E-6 3.97417E-6 6.33821E-6 6.86766E-6 5.76022E-6 4.14535E-6 2.22302E-6 2.67901E-6 3.28549E-6 2.94393E-6 3.40827E-6 3.67701E-6 5.60698E-6 3.59116E-6 3.59186E-6 5.38598E-6 5.93847E-6 6.32802E-6 6.62186E-6 9.72453E-6 1.01477E-5 8.23547E-6 3.48093E-6 3.45086E-6 3.56952E-6 3.49731E-6 3.20714E-6 2.75379E-6 2.76099E-6 2.99286E-6 2.96556E-6 2.55553E-6 2.57243E-6 2.75766E-6 2.66817E-6 -9999 1.67403E-6 1.59144E-6 1.4389E-6 1.25654E-6 -9999 -9999 -9999
-9999 -9999 -9999 -9999 -9999 -9999 -9999 -9999 1.01566E-5 1.04735E-5 1.20164E-5 6.26655E-6 4.20061E-6 5.94254E-6 7.24058E-6 5.44213E-6 3.78285E-6 3.46179E-6 3.42804E-6 3.55857E-6 4.46768E-6 5.66304E-6 7.10095E-6 4.40594E-6 2.99894E-6 2.92792E-6 2.93369E-6 2.77096E-6 2.69576E-6 2.33596E-6 4.247E-6 4.57986E-6 5.22432E-6 7.16375E-6 7.26406E-6 6.2717E-6 7.26903E-6 1.03662E-5 1.13719E-5 1.5618E-5 6.34493E-6 4.11448E-6 3.69573E-6 3.60323E-6 3.15525E-6 2.83907E-6 3.10622E-6 3.33445E-6 2.97524E-6 2.64039E-6 2.64455E-6 2.82093E-6 2.85983E-6 2.86099E-6 1.83504E-6 1.64973E-6 1.36049E-6 1.23048E-6 1.11693E-6 1.03193E-6 9.93112E-7
-9999 -9999 -9999 -9999 -9999 -9999 -9999 -9999 5.7109E-6 4.4784E-6 6.49858E-6 6.39044E-6 4.99747E-6 7.48966E-6 9.69327E-6 1.43132E-5 6.92149E-6 6.12728E-6 5.9624E-6 4.11149E-6 4.50958E-6 4.78122E-6 4.72141E-6 5.77511E-6 4.03284E-6 4.49572E-6 3.43234E-6 2.87227E-6 4.01052E-6 3.95363E-6 4.89244E-6 5.41432E-6 6.4057E-6 8.81092E-6 8.20171E-6 7.62359E-6 9.36841E-6 1.00212E-5 1.11962E-5 1.26638E-5 8.40493E-6 4.41077E-6 4.02518E-6 3.77501E-6 3.56701E-6 3.5245E-6 3.74216E-6 3.79121E-6 3.53963E-6 2.94404E-6 2.82426E-6 3.08229E-6 3.23225E-6 2.99844E-6 -9999 1.88869E-6 1.58698E-6 1.48225E-6 1.09619E-6 1.12171E-6 9.82157E-7
-9999 -9999 -9999 -9999 -9999 -9999 -9999 9.08629E-6 8.86342E-6 9.21429E-6 1.07905E-5 6.52033E-6 8.36845E-6 8.18595E-6 9.70633E-6 1.29776E-5 9.1624E-6 9.91928E-6 8.40458E-6 6.10853E-6 5.62861E-6 6.38225E-6 5.55213E-6 5.50269E-6 3.80014E-6 5.72714E-6 6.18949E-6 4.46156E-6 5.9967E-6 5.86445E-6 5.82786E-6 6.46158E-6 7.81968E-6 1.03776E-5 1.19016E-5 1.5562E-5 7.2638E-6 1.06826E-5 8.80038E-6 1.39804E-5 6.84411E-6 4.76118E-6 4.35341E-6 4.22782E-6 4.36226E-6 4.1699E-6 3.94498E-6 3.70501E-6 3.63145E-6 3.62273E-6 3.34415E-6 3.45942E-6 -9999 -9999 -9999 -9999 -9999 -9999 -9999 -9999 -9999
-9999 -9999 -9999 -9999 -9999 -9999 1.52468E-5 1.80285E-5 1.21256E-5 9.64805E-6 1.38826E-5 1.56659E-5 1.0122E-5 1.32034E-5 1.03252E-5 8.73173E-6 1.18659E-5 1.48344E-5 1.39355E-5 1.05726E-5 8.67148E-6 6.09562E-6 4.95692E-6 8.79583E-6 5.21788E-6 5.7707E-6 7.51098E-6 7.44029E-6 5.17055E-6 3.80065E-6 5.56776E-6 6.76475E-6 8.40474E-6 1.47298E-5 1.35378E-5 8.54814E-6 1.40635E-5 1.00001E-5 1.55287E-5 1.51005E-5 5.85331E-6 8.45466E-6 6.0818E-6 5.44605E-6 5.05157E-6 4.53367E-6 4.2597E-6 3.93414E-6 3.64007E-6 3.53708E-6 3.87802E-6 3.95806E-6 3.26518E-6 2.97917E-6 -9999 -9999 -9999 -9999 -9999 -9999 -9999
-9999 -9999 -9999 -9999 -9999 -9999 1.4848E-5 1.47828E-5 9.35125E-6 9.14317E-6 8.2115E-6 1.28502E-5 1.2801E-5 9.07161E-6 8.76224E-6 1.29886E-5 1.40016E-5 1.75547E-5 1.38942E-5 1.37285E-5 9.04539E-6 9.32945E-6 6.71265E-6 6.91747E-6 7.00585E-6 7.63894E-6 6.09289E-6 6.26307E-6 6.36005E-6 3.64072E-6 6.75972E-6 8.2514E-6 1.00138E-5 8.00046E-6 8.27011E-6 1.15418E-5 1.34368E-5 1.51047E-5 1.04618E-5 1.08082E-5 7.77773E-6 9.46354E-6 6.73454E-6 6.92239E-6 7.0862E-6 6.34111E-6 6.01422E-6 4.81622E-6 4.02435E-6 3.57873E-6 3.42701E-6 2.82235E-6 2.43942E-6 2.22096E-6 2.06254E-6 1.96738E-6 1.6442E-6 1.40093E-6 1.46066E-6 1.43095E-6 1.14092E-6
-9999 -9999 -9999 -9999 -9999 1.24484E-5 1.05744E-5 1.06976E-5 8.04425E-6 1.8095E-5 1.79508E-5 1.34586E-5 8.93816E-6 9.92902E-6 8.50359E-6 8.66606E-6 1.0441E-5 1.70279E-5 1.18153E-5 1.27196E-5 1.512E-5 1.35837E-5 1.00805E-5 9.80086E-6 1.02574E-5 7.6645E-6 5.96364E-6 3.94618E-6 5.92951E-6 5.20258E-6 3.77764E-6 9.00717E-6 1.34019E-5 1.48443E-5 1.18617E-5 1.07827E-5 1.42542E-5 -9999 -9999 1.04974E-5 -9999 -9999 -9999 1.21038E-5 8.67459E-6 6.1311E-6 5.15362E-6 4.18603E-6 3.52859E-6 3.69002E-6 3.31182E-6 2.40746E-6 2.11267E-6 1.921E-6 1.83119E-6 1.72458E-6 1.32571E-6 1.25713E-6 1.2008E-6 1.21144E-6 1.23064E-6
-9999 -9999 -9999 -9999 1.0273E-5 9.02502E-6 8.99166E-6 9.13608E-6 1.04568E-5 1.44263E-5 1.50341E-5 1.30402E-5 1.21586E-5 8.76221E-6 8.9937E-6 1.17635E-5 1.2305E-5 1.39802E-5 1.22945E-5 1.3942E-5 1.95201E-5 1.32838E-5 1.09084E-5 1.27249E-5 1.00574E-5 1.02947E-5 6.70961E-6 5.80178E-6 4.86498E-6 3.89424E-6 7.11804E-6 1.09885E-5 1.44594E-5 1.46983E-5 6.46561E-6 1.29622E-5 1.34291E-5 1.68598E-5 2.61202E-5 1.53579E-5 2.82598E-5 -9999 1.05704E-5 1.34717E-5 7.64001E-6 5.50987E-6 5.84148E-6 5.93711E-6 4.53077E-6 4.93466E-6 3.82292E-6 2.41991E-6 2.28138E-6 1.99984E-6 1.64491E-6 1.27014E-6 1.07319E-6 1.10758E-6 9.6487E-7 1.00008E-6 1.15591E-6
-9999 -9999 -9999 1.68825E-5 2.52406E-5 2.01705E-5 1.21837E-5 1.16431E-5 1.25123E-5 2.18849E-5 1.59496E-5 1.68029E-5 1.90676E-5 1.06413E-5 1.38514E-5 9.21971E-6 1.17264E-5 1.38079E-5 1.76308E-5 1.76711E-5 1.20039E-5 6.44147E-6 1.07329E-5 1.17007E-5 7.96278E-6 7.18479E-6 6.93778E-6 6.51692E-6 6.39414E-6 4.1823E-6 6.61945E-6 1.32709E-5 1.30307E-5 9.75102E-6 9.28657E-6 1.58221E-5 1.65549E-5 1.45262E-5 1.50202E-5 1.13434E-5 2.14015E-5 1.44013E-5 -9999 -9999 6.40474E-6 7.00017E-6 1.38727E-5 1.1986E-5 6.35414E-6 4.43628E-6 5.70079E-6 3.20934E-6 2.31119E-6 2.13059E-6 1.68672E-6 1.23249E-6 1.13303E-6 1.05247E-6 1.01421E-6 9.76311E-7 1.19831E-6
-9999 -9999 -9999 4.17666E-6 2.0483E-5 2.42586E-5 1.73598E-5 2.31273E-5 3.63947E-5 2.01658E-5 1.61116E-5 1.9549E-5 1.16175E-5 1.10357E-5 1.68037E-5 1.08869E-5 1.37657E-5 1.65181E-5 1.65152E-5 9.65784E-6 7.6197E-6 5.64346E-6 4.89424E-6 6.68876E-6 7.25188E-6 8.45241E-6 8.65344E-6 9.92233E-6 6.511E-6 5.97247E-6 7.00157E-6 9.50132E-6 1.01992E-5 9.47808E-6 8.87268E-6 1.33317E-5 1.67067E-5 2.05959E-5 1.11114E-5 7.38569E-6 -9999 -9999 -9999 -9999 -9999 1.82925E-5 1.95814E-5 1.07144E-5 5.691E-6 4.64309E-6 4.5083E-6 6.66898E-6 2.37045E-6 2.21441E-6 1.45434E-6 1.09814E-6 1.17284E-6 1.22527E-6 1.39932E-6 1.5279E-6 1.88926E-6
