Candidate_Models_Sept202022/M_0.5_F_lqp_Set_1_all/Bison.asc
ncols         97
nrows         127
xllcorner     -2197417.7431653
yllcorner     -584827.01486885
cellsize      30000.0
NODATA_value  -9999
[rows 81 to 107 of 127, columns 0 to 60 of 97]
-9999 -9999 -9999 -9999 -9999 -9999 -9999 -9999 -9999 -9999 -9999 1.22468E-6 2.44366E-7 3.66304E-7 4.69164E-6 1.71404E-6 1.03869E-6 3.09971E-7 6.05599E-7 5.54094E-6 2.9426E-6 1.85481E-5 1.05032E-5 1.98373E-5 6.04459E-5 1.21295E-4 3.91706E-5 3.29846E-5 4.4068E-5 6.51772E-6 6.38956E-6 2.27446E-6 6.26923E-6 2.22169E-5 2.23718E-5 3.18912E-5 2.95879E-5 2.4877E-4 5.50967E-4 1.4494E-3 2.81646E-3 9.43728E-4 8.53292E-4 1.33222E-3 9.97314E-4 4.1157E-4 3.07091E-4 2.77959E-4 3.20984E-4 4.07442E-4 4.89135E-4 7.08021E-4 7.31461E-4 6.89669E-4 6.34966E-4 3.55338E-4 4.8177E-4 5.16721E-4 4.39016E-4 3.56797E-4 3.45572E-4
-9999 -9999 -9999 -9999 -9999 -9999 -9999 -9999 -9999 -9999 -9999 -9999 7.30871E-7 2.38287E-7 1.07745E-6 2.57883E-6 1.52669E-6 4.47198E-6 1.3799E-6 7.77142E-7 1.11575E-6 2.74324E-6 2.42441E-6 9.1175E-6 1.0235E-4 1.19747E-4 2.59521E-5 3.51675E-5 7.29988E-5 9.00523E-6 4.33971E-6 3.56373E-6 4.08869E-6 1.11523E-5 4.04582E-5 4.92222E-5 4.20268E-5 6.07605E-5 1.93924E-4 8.01893E-4 1.55169E-3 9.23166E-4 8.97266E-4 1.03877E-3 8.11366E-4 3.71568E-4 2.45654E-4 3.4304E-4 4.13982E-4 6.7707E-4 6.85452E-4 7.24701E-4 7.45328E-4 7.18949E-4 5.81865E-4 5.10208E-4 4.92291E-4 4.01632E-4 3.78824E-4 3.17332E-4 4.10118E-4
-9999 -9999 -9999 -9999 -9999 -9999 -9999 -9999 -9999 -9999 -9999 -9999 -9999 7.93028E-7 1.41943E-7 6.96349E-7 4.3203E-7 4.30167E-6 7.51462E-5 3.29542E-6 1.29036E-6 2.02523E-6 1.08633E-6 6.65224E-6 2.44022E-5 2.00545E-5 1.45301E-5 4.33932E-5 1.39083E-5 9.521E-6 3.62871E-6 3.33226E-6 2.4544E-6 5.56171E-6 2.45253E-5 1.15963E-4 3.90611E-5 4.4083E-5 8.19434E-5 7.28999E-4 1.40941E-3 1.18521E-3 9.69302E-4 7.77112E-4 5.93988E-4 3.08927E-4 3.18426E-4 3.50683E-4 4.30486E-4 5.84952E-4 6.34746E-4 6.34124E-4 7.87565E-4 7.28616E-4 6.29458E-4 5.3372E-4 6.82603E-4 5.27539E-4 3.41061E-4 3.59404E-4 3.80873E-4
-9999 -9999 -9999 -9999 -9999 -9999 -9999 -9999 -9999 -9999 -9999 -9999 -9999 8.67286E-7 3.22199E-7 7.12232E-7 1.92734E-6 -9999 4.78202E-6 2.33579E-5 5.24245E-5 1.51166E-5 2.72076E-6 3.72493E-6 4.40643E-5 2.24747E-5 3.74862E-5 3.1472E-5 1.43995E-5 8.56818E-6 6.74852E-6 4.02348E-6 3.13929E-6 6.41635E-6 1.67883E-5 3.73033E-5 2.87635E-5 4.03229E-5 5.67794E-5 3.90513E-4 7.77081E-4 8.20494E-4 8.38522E-4 4.63164E-4 5.37824E-4 7.32557E-4 5.92425E-4 6.4713E-4 3.76874E-4 5.03456E-4 5.87229E-4 5.33673E-4 5.98743E-4 5.24177E-4 5.52759E-4 2.88222E-4 5.53645E-4 6.8567E-4 4.27606E-4 4.07825E-4 5.19745E-4
-9999 -9999 -9999 -9999 -9999 -9999 -9999 -9999 -9999 -9999 -9999 -9999 -9999 1.69223E-6 7.25027E-7 4.60076E-7 1.78578E-6 -9999 1.95011E-5 1.17862E-4 2.99567E-5 3.62561E-6 8.74812E-7 4.24367E-6 1.49381E-5 2.43706E-5 5.42739E-5 1.60999E-5 1.27164E-5 6.61078E-6 4.63631E-6 2.61462E-6 6.05086E-6 9.4707E-6 1.52874E-5 3.07388E-5 4.14301E-5 5.63684E-5 1.26721E-4 1.24398E-4 4.1025E-4 6.22048E-4 8.21534E-4 5.62086E-4 4.41476E-4 7.29929E-4 3.93118E-4 3.11128E-4 3.68499E-4 6.86887E-4 5.57366E-4 3.48666E-4 5.32321E-4 7.57751E-4 6.39986E-4 5.06417E-4 8.11282E-4 4.0148E-4 3.90394E-4 3.85178E-4 3.59759E-4
-9999 -9999 -9999 -9999 -9999 -9999 -9999 -9999 -9999 -9999 -9999 -9999 -9999 7.50257E-7 1.28234E-6 6.60423E-7 7.0841E-7 -9999 1.1268E-6 1.65805E-5 4.38214E-6 1.33656E-6 1.97841E-6 3.46986E-6 1.77946E-5 4.64329E-5 9.446E-5 1.72403E-5 1.02664E-5 4.86152E-6 8.80646E-6 8.92521E-6 9.3019E-6 6.78071E-6 1.02247E-5 6.90001E-5 1.77857E-5 4.93099E-5 5.53588E-5 1.84543E-4 3.16083E-4 5.30527E-4 6.12285E-4 6.13656E-4 5.8667E-4 4.89812E-4 3.09038E-4 3.78058E-4 4.59292E-4 7.08281E-4 5.09816E-4 2.29959E-4 3.8696E-4 7.4717E-4 6.60702E-4 6.62198E-4 6.5759E-4 2.72817E-4 3.31485E-4 3.53706E-4 5.04472E-4
-9999 -9999 -9999 -9999 -9999 -9999 -9999 -9999 -9999 -9999 -9999 -9999 -9999 1.13023E-6 5.14635E-7 5.41687E-7 9.59534E-6 -9999 5.00374E-6 1.79991E-5 2.72171E-6 1.04716E-6 7.5805E-6 2.02734E-5 2.69392E-5 7.01547E-5 3.16718E-4 8.29463E-5 4.50694E-5 7.20391E-6 1.68056E-5 3.31609E-6 1.57154E-6 8.79937E-6 2.33415E-5 4.00558E-5 3.69962E-5 3.19414E-5 4.29845E-4 4.02269E-4 2.37168E-4 5.10161E-4 9.46773E-4 5.97678E-4 5.43472E-4 5.31932E-4 6.68687E-4 8.10602E-4 5.75557E-4 3.69911E-4 2.79791E-4 1.97536E-4 3.97331E-4 6.13837E-4 8.87957E-4 7.90386E-4 5.30581E-4 3.53059E-4 3.11189E-4 3.35121E-4 3.89809E-4
-9999 -9999 -9999 -9999 -9999 -9999 -9999 -9999 -9999 -9999 -9999 -9999 -9999 5.52152E-7 3.48497E-7 3.86727E-7 7.35333E-7 1.27772E-6 1.03178E-6 2.27022E-5 1.34584E-6 5.27695E-7 6.64408E-6 2.69188E-5 8.93412E-5 2.53782E-4 1.55703E-4 4.22846E-5 1.82705E-5 2.05182E-5 1.43598E-5 5.73385E-6 3.58348E-6 5.46221E-5 1.15032E-5 1.04397E-5 3.09977E-5 1.24822E-5 3.06354E-5 2.85474E-4 2.78675E-4 6.31277E-4 6.04498E-4 5.75145E-4 6.22377E-4 5.3959E-4 4.8586E-4 3.44951E-4 6.66755E-4 6.38939E-4 3.9789E-4 3.56644E-4 8.76258E-4 8.24478E-4 8.34654E-4 7.13363E-4 6.11703E-4 5.1264E-4 5.93598E-4 3.15063E-4 3.75473E-4
-9999 -9999 -9999 -9999 -9999 -9999 -9999 -9999 -9999 -9999 -9999 -9999 -9999 8.67459E-7 4.4955E-7 2.61494E-7 1.10385E-6 4.59736E-7 4.22085E-7 7.14311E-6 5.21436E-6 1.37902E-6 3.73355E-6 3.71644E-5 2.77291E-4 1.77834E-4 4.38947E-5 1.99013E-5 1.38904E-5 8.63956E-5 8.23414E-6 8.11557E-6 8.17227E-6 7.0292E-5 6.91043E-6 1.03221E-5 4.31667E-5 8.4372E-6 9.5328E-6 1.6678E-5 2.34863E-4 5.39745E-4 5.05467E-4 7.6795E-4 6.18606E-4 5.62551E-4 6.68223E-4 3.0758E-4 1.9686E-4 3.08199E-4 3.93468E-4 2.83277E-4 6.98653E-4 8.20577E-4 8.89413E-4 7.13635E-4 5.78391E-4 6.17602E-4 5.30545E-4 6.1246E-4 4.14948E-4
-9999 -9999 -9999 -9999 -9999 -9999 -9999 -9999 -9999 -9999 -9999 -9999 -9999 1.04864E-6 9.79816E-7 9.71822E-7 3.04061E-7 3.09113E-7 2.38169E-7 2.34771E-5 1.17469E-6 2.77255E-6 1.23619E-5 2.34384E-4 5.61575E-4 1.40148E-4 1.33385E-4 1.74221E-5 2.9144E-5 5.74421E-5 1.93135E-5 1.00231E-5 2.62348E-5 1.38919E-5 6.83004E-6 8.39153E-6 1.50897E-5 8.69757E-6 2.34359E-5 1.13245E-5 1.10144E-4 1.70623E-4 8.05685E-4 4.80697E-4 6.79814E-4 7.81443E-4 3.16749E-4 3.18134E-4 2.59065E-4 5.79525E-4 4.94921E-4 3.38831E-4 6.68754E-4 5.2966E-4 5.28697E-4 5.63988E-4 5.4816E-4 6.06185E-4 6.87063E-4 6.42127E-4 5.02696E-4
-9999 -9999 -9999 -9999 -9999 -9999 -9999 -9999 -9999 -9999 -9999 -9999 -9999 1.22457E-6 1.73426E-6 1.43567E-6 5.39029E-7 2.27018E-7 6.81141E-6 1.55696E-5 3.18002E-6 4.42813E-6 7.13673E-5 5.00751E-4 2.24255E-4 1.1942E-4 2.95453E-4 1.62999E-4 4.0578E-5 2.927E-5 3.33911E-5 1.85152E-5 2.6061E-5 1.87733E-5 3.57847E-6 2.11062E-5 2.50908E-5 3.26077E-5 7.30252E-5 1.60632E-5 3.20568E-5 1.47375E-4 6.2229E-4 8.06127E-4 2.83091E-4 2.93829E-4 4.47962E-4 4.03987E-4 5.31445E-4 3.34009E-4 2.38646E-4 2.71447E-4 4.44547E-4 4.94035E-4 4.72516E-4 2.52446E-4 2.65717E-4 3.51687E-4 5.31671E-4 4.73183E-4 3.54492E-4
-9999 -9999 -9999 -9999 -9999 -9999 -9999 -9999 -9999 -9999 -9999 -9999 -9999 1.2802E-6 7.83707E-7 3.37869E-6 2.67653E-6 3.2091E-6 9.73789E-6 2.97299E-6 7.46177E-6 2.37675E-5 5.48467E-5 1.15902E-4 1.16788E-4 1.03403E-4 1.97836E-4 2.05379E-4 2.85108E-4 1.32412E-4 5.87884E-5 3.72224E-5 9.45197E-6 3.74343E-6 3.96442E-6 1.45224E-5 6.45165E-5 1.38265E-4 3.74526E-4 1.24518E-5 3.11188E-5 2.93006E-4 4.08892E-4 6.77744E-4 3.73741E-4 4.41128E-4 5.0848E-4 4.5217E-4 4.18302E-4 3.79028E-4 2.64116E-4 3.1704E-4 4.80178E-4 4.77078E-4 4.57696E-4 3.41662E-4 2.5157E-4 5.3771E-4 4.17345E-4 4.616E-4 4.24556E-4
-9999 -9999 -9999 -9999 -9999 -9999 -9999 -9999 -9999 -9999 -9999 -9999 1.41681E-6 1.09223E-6 1.90569E-6 5.23047E-6 6.59939E-6 5.49003E-6 5.64082E-6 1.0773E-6 5.96899E-6 1.51833E-4 1.53243E-4 1.7429E-4 3.75135E-5 9.39063E-5 1.4982E-4 1.92973E-4 2.17167E-4 8.08728E-5 1.48095E-4 2.74619E-5 5.78787E-6 3.48694E-6 6.74747E-6 7.92065E-6 4.27029E-5 1.70175E-4 3.09298E-5 1.2934E-5 8.18622E-6 1.62912E-4 4.67404E-4 5.96927E-4 4.76784E-4 4.98173E-4 4.19509E-4 3.61631E-4 3.01052E-4 6.76281E-4 3.29347E-4 3.06967E-4 3.48469E-4 3.61838E-4 3.8249E-4 3.63672E-4 2.88584E-4 7.09675E-4 4.07488E-4 3.50888E-4 5.14895E-4
-9999 -9999 -9999 -9999 -9999 -9999 -9999 -9999 -9999 -9999 -9999 -9999 3.68045E-6 2.29927E-6 1.8869E-6 3.11038E-6 3.91935E-6 4.79141E-6 2.29638E-6 3.16332E-6 3.09728E-5 1.3718E-4 3.00612E-5 1.16717E-4 9.34536E-5 8.52004E-5 6.30963E-5 1.18875E-4 1.67281E-4 1.83862E-4 1.59029E-4 5.32359E-5 1.07003E-5 1.52359E-5 3.39343E-6 1.0222E-5 1.21492E-4 4.4998E-4 5.75947E-5 8.23973E-6 1.07441E-5 1.42668E-4 2.57886E-4 3.67273E-4 3.51511E-4 4.08673E-4 2.60726E-4 3.2392E-4 3.92884E-4 4.45126E-4 3.02714E-4 2.62556E-4 2.27086E-4 3.12217E-4 3.08599E-4 2.96994E-4 3.06409E-4 3.71578E-4 3.97164E-4 3.00063E-4 3.39454E-4
-9999 -9999 -9999 -9999 -9999 -9999 -9999 -9999 -9999 -9999 -9999 -9999 1.71598E-6 1.58196E-6 1.63496E-6 3.42675E-6 2.63669E-6 2.56859E-6 1.6489E-6 1.15529E-5 5.83413E-5 6.04178E-5 5.0118E-5 1.61506E-5 3.03007E-5 6.24124E-5 1.51309E-4 9.43083E-5 1.45622E-4 1.5733E-4 2.06113E-4 1.55579E-5 7.0393E-6 3.65889E-6 3.39241E-6 7.77429E-6 7.81303E-5 4.18323E-4 8.15861E-5 1.46705E-5 1.2931E-5 2.56122E-4 2.59759E-4 4.14922E-4 2.93792E-4 2.98279E-4 2.63598E-4 2.47255E-4 3.78038E-4 8.23446E-4 6.49977E-4 6.69889E-4 3.10029E-4 2.14917E-4 3.00704E-4 4.63452E-4 5.36116E-4 6.91713E-4 3.45449E-4 3.29894E-4 4.77036E-4
-9999 -9999 -9999 -9999 -9999 -9999 -9999 -9999 -9999 -9999 -9999 -9999 6.21822E-6 1.45431E-6 7.95652E-6 6.48831E-6 1.38776E-5 7.21908E-7 4.45668E-6 7.29892E-6 1.89022E-5 3.57726E-5 4.59321E-5 5.63852E-5 2.79213E-5 3.96907E-5 7.66669E-5 9.8912E-5 2.14741E-4 3.38616E-4 2.00058E-4 3.9492E-5 9.40965E-6 5.05917E-6 3.30116E-6 3.62835E-6 2.37978E-5 1.42001E-4 2.09051E-5 3.57701E-5 2.19574E-5 1.87354E-4 2.70157E-4 3.63595E-4 3.54902E-4 3.73351E-4 3.66793E-4 2.16877E-4 2.9055E-4 5.72993E-4 6.16286E-4 5.83E-4 5.82225E-4 2.98794E-4 7.81382E-4 5.53007E-4 9.4363E-4 4.45514E-4 2.46926E-4 3.19346E-4 2.94901E-4
-9999 -9999 -9999 -9999 -9999 -9999 -9999 -9999 -9999 -9999 -9999 1.95907E-6 1.72026E-6 1.00986E-5 4.18596E-6 5.3658E-7 8.41092E-6 3.06313E-6 1.40489E-5 1.46033E-4 6.19434E-5 3.31273E-5 6.47463E-5 5.63575E-5 1.01575E-5 4.04614E-5 8.91725E-5 2.77617E-4 2.13671E-4 3.89035E-4 4.71175E-4 2.75135E-4 9.03888E-6 1.24753E-5 4.77465E-6 6.19088E-6 1.74207E-5 4.24377E-4 1.74754E-4 7.88574E-5 2.36747E-4 7.85117E-5 5.92871E-4 4.12005E-4 4.26583E-4 6.14343E-4 3.34066E-4 1.45485E-4 2.65958E-4 3.65331E-4 2.97749E-4 2.17152E-4 4.72256E-4 7.51766E-4 3.45093E-4 2.8793E-4 2.43595E-4 2.77471E-4 3.13661E-4 3.81003E-4 2.72315E-4
-9999 -9999 -9999 -9999 -9999 -9999 -9999 -9999 -9999 -9999 -9999 1.27373E-6 4.57353E-6 2.17255E-5 1.17273E-5 7.20319E-6 6.94925E-6 4.286E-6 4.64453E-5 1.22132E-4 1.0387E-4 2.13232E-5 2.01061E-5 2.40559E-5 6.19729E-5 9.70409E-5 1.07609E-4 1.24923E-5 8.71825E-6 7.04363E-4 4.13152E-4 6.30064E-4 1.15477E-4 7.8644E-6 7.48535E-6 5.13506E-6 1.37591E-5 6.55924E-4 3.13364E-5 3.95796E-4 2.60643E-4 1.42339E-4 9.10055E-4 3.76754E-4 4.20024E-4 6.90318E-5 4.76731E-5 3.12953E-4 2.62946E-4 5.64432E-4 3.39291E-4 1.96184E-4 3.81865E-4 4.83633E-4 1.98448E-4 2.26006E-4 1.96542E-4 2.10561E-4 2.85298E-4 3.17377E-4 3.3322E-4
-9999 -9999 -9999 -9999 -9999 -9999 -9999 -9999 -9999 -9999 4.64737E-7 5.31948E-7 5.43208E-6 1.38045E-5 4.65835E-5 2.92928E-6 1.53245E-6 5.30097E-6 3.87496E-5 2.84749E-5 3.84809E-5 5.79405E-5 6.8869E-5 4.87593E-5 7.56233E-5 2.07373E-4 6.32441E-5 9.5528E-6 3.32274E-5 1.08441E-4 1.13606E-4 8.52392E-4 2.20566E-4 4.68494E-6 1.15967E-5 9.03281E-6 6.57432E-5 6.67383E-4 5.90786E-5 1.98386E-4 8.73611E-4 2.17594E-4 5.51299E-4 7.92289E-4 3.17971E-4 5.29271E-4 1.32802E-4 3.20424E-4 3.98332E-4 1.45745E-4 3.20944E-4 1.59886E-4 1.60093E-4 1.80227E-4 1.96077E-4 1.98634E-4 2.05869E-4 2.67173E-4 2.21826E-4 2.1185E-4 2.46988E-4
-9999 -9999 -9999 -9999 -9999 -9999 -9999 -9999 -9999 -9999 3.11171E-7 2.74564E-7 1.23564E-5 2.18958E-5 8.9983E-6 2.09606E-6 1.94751E-6 1.1308E-5 1.34315E-5 1.7753E-5 1.82201E-5 4.31712E-5 5.01219E-5 6.02212E-5 6.55046E-5 5.88971E-5 9.44514E-5 8.68631E-5 1.60498E-4 1.96671E-4 6.79958E-5 6.75901E-5 1.48437E-5 1.13258E-5 1.00882E-5 9.13016E-6 8.30198E-5 2.01388E-4 7.90518E-5 3.52236E-4 1.14355E-3 5.70995E-5 1.66775E-4 5.77868E-4 4.13973E-4 2.57416E-4 2.86867E-4 1.80254E-4 1.58586E-4 2.23515E-4 1.4607E-4 2.09026E-4 1.68858E-4 1.75229E-4 2.4052E-4 3.25429E-4 2.38453E-4 2.40741E-4 2.60591E-4 2.72646E-4 2.80094E-4
-9999 -9999 -9999 -9999 -9999 -9999 -9999 -9999 -9999 -9999 2.31309E-7 2.5099E-7 1.67302E-5 1.02618E-5 2.02209E-6 1.97265E-6 3.06482E-6 1.09488E-5 2.9551E-5 1.97659E-5 1.32383E-5 1.72257E-5 1.76905E-5 2.20546E-5 4.83151E-5 3.03165E-5 1.83163E-4 2.90592E-5 1.55047E-4 1.71172E-4 3.26222E-5 1.65228E-5 1.5225E-5 1.79202E-5 1.88669E-5 2.14797E-5 8.54595E-5 9.68428E-5 1.87626E-4 1.43613E-4 5.71827E-4 3.00904E-4 6.14616E-4 5.4872E-4 5.47368E-4 4.89638E-4 1.06724E-4 1.70531E-4 1.82096E-4 1.99172E-4 3.08976E-4 3.76172E-4 3.59698E-4 2.04101E-4 2.41651E-4 1.69413E-4 1.61975E-4 1.87347E-4 3.67972E-4 2.57835E-4 1.91945E-4
-9999 -9999 -9999 -9999 -9999 -9999 -9999 -9999 -9999 2.42914E-7 1.74944E-7 3.19168E-7 9.05473E-6 2.72821E-6 6.67105E-7 9.3925E-7 6.39093E-6 2.72118E-5 3.76934E-5 9.78888E-6 1.49418E-5 2.07229E-5 2.41154E-5 2.8452E-5 1.70265E-5 1.53687E-5 3.18942E-4 4.05551E-5 3.12139E-5 1.99406E-5 2.14968E-5 4.3461E-5 4.91454E-5 5.26921E-5 5.10042E-5 5.90408E-5 7.28047E-5 8.92361E-5 4.91897E-4 1.13975E-4 7.92271E-4 5.48102E-4 9.01996E-4 3.30444E-4 5.8079E-4 2.92469E-4 3.47492E-4 3.03076E-4 2.50341E-4 1.6478E-4 1.72257E-4 2.26154E-4 2.11192E-4 3.55587E-4 4.86239E-4 4.29744E-4 3.05217E-4 2.77167E-4 2.07788E-4 2.68573E-4 2.62127E-4
-9999 -9999 -9999 -9999 -9999 -9999 -9999 -9999 -9999 3.46768E-7 2.01793E-7 3.79298E-7 1.82784E-6 6.03243E-7 5.07868E-7 1.20003E-6 7.71631E-6 1.54174E-5 2.83534E-5 1.8915E-5 4.13948E-5 2.00514E-5 2.0417E-5 2.5693E-5 2.06647E-5 3.43108E-5 1.771E-4 1.54237E-4 1.2154E-4 6.29803E-5 6.19344E-5 9.48141E-5 3.5822E-5 6.39149E-5 2.10899E-4 2.8913E-4 1.22665E-4 4.5618E-4 3.65844E-4 4.87073E-4 1.09648E-3 1.20561E-3 2.83559E-4 3.71601E-4 7.58372E-4 7.0016E-4 5.59153E-4 2.12673E-4 4.36908E-4 4.33321E-4 4.28449E-4 4.29004E-4 2.44672E-4 3.8827E-4 3.84504E-4 5.52182E-4 3.79161E-4 2.75686E-4 3.05261E-4 1.8246E-4 1.51181E-4
-9999 -9999 -9999 -9999 -9999 -9999 -9999 -9999 2.51028E-7 2.37514E-7 6.63672E-7 6.41679E-6 5.55741E-7 6.53689E-7 1.22313E-6 7.21475E-6 8.92531E-6 1.77686E-5 2.42981E-5 2.49385E-5 4.29902E-5 4.5949E-5 2.56664E-5 3.72367E-5 2.73828E-5 1.28544E-4 1.04038E-4 1.87845E-4 1.00119E-4 1.73843E-4 1.14152E-4 9.13886E-5 3.01482E-5 9.05649E-5 1.85131E-4 1.09949E-4 1.44934E-4 6.4152E-4 4.57833E-4 1.63548E-3 1.26219E-3 7.72167E-4 3.82222E-4 2.05234E-4 7.3102E-5 3.00254E-4 4.54199E-5 1.59175E-4 2.46697E-4 5.18492E-4 3.19162E-4 3.00836E-4 1.67702E-4 2.24967E-4 2.02098E-4 6.31141E-4 5.52861E-4 5.481E-4 3.0335E-4 1.7642E-4 1.89947E-4
-9999 -9999 -9999 -9999 -9999 -9999 -9999 5.40321E-7 5.38195E-7 2.7978E-7 2.58214E-6 6.55824E-6 4.79648E-7 6.51656E-7 2.39927E-6 1.66538E-5 2.02817E-5 2.55899E-5 3.59923E-5 4.10433E-5 4.79537E-5 3.37389E-5 3.35514E-5 4.29166E-5 3.40238E-5 7.46818E-5 7.29359E-5 2.54231E-4 3.08348E-4 2.78342E-4 9.81931E-5 6.83808E-5 4.30862E-5 5.64192E-5 1.14316E-4 1.72293E-4 1.05335E-3 7.81931E-4 9.94292E-4 1.49124E-3 9.59438E-4 6.25089E-4 2.19873E-4 1.4163E-4 7.64885E-5 2.49907E-4 1.74866E-4 4.85492E-5 2.52846E-4 7.60513E-4 4.4691E-4 4.29048E-4 9.67424E-4 2.8199E-4 5.45803E-4 5.5203E-4 6.97085E-4 6.15964E-4 5.42562E-4 2.34178E-4 1.9616E-4
-9999 -9999 -9999 -9999 -9999 -9999 -9999 1.47421E-7 9.53526E-8 1.41348E-7 8.70336E-7 8.54964E-7 3.67597E-7 1.5428E-6 1.10643E-5 1.86167E-5 2.15408E-5 7.48149E-5 3.9947E-5 3.43901E-5 4.33353E-5 6.69294E-5 1.01174E-4 7.03136E-5 7.50762E-5 5.52716E-5 9.42069E-5 2.52218E-4 9.29676E-5 3.21643E-4 8.40888E-5 3.57581E-5 5.39689E-5 1.55886E-4 1.53244E-4 6.29437E-4 6.64741E-4 9.90296E-4 1.31233E-3 1.67557E-3 1.41534E-3 5.42127E-4 3.35875E-4 1.86449E-4 1.41275E-4 9.64447E-5 1.70321E-4 1.54763E-4 3.96033E-4 2.08294E-4 2.67964E-4 2.98443E-4 3.31057E-4 5.96619E-4 3.31493E-4 7.32078E-4 4.06771E-4 6.02083E-4 5.58868E-4 2.4414E-4 2.0856E-4
-9999 -9999 -9999 -9999 -9999 -9999 -9999 2.62906E-7 2.50044E-7 1.89101E-7 1.03796E-6 1.40718E-6 1.36428E-6 1.69716E-6 1.91835E-5 1.80903E-5 2.68063E-5 7.24185E-5 3.8447E-5 3.32624E-5 4.26396E-5 4.94744E-5 1.73922E-4 9.51525E-5 5.19353E-5 4.27751E-5 4.32067E-5 2.26865E-4 5.77884E-5 1.50742E-4 1.92735E-4 4.39847E-5 2.53317E-4 2.86164E-4 3.01205E-4 5.28351E-4 1.05936E-3 8.64993E-4 1.20461E-3 7.80288E-4 5.11818E-4 3.66547E-4 2.34771E-4 8.23985E-5 6.04786E-5 9.07696E-5 1.21126E-4 6.55288E-5 2.82706E-4 7.39286E-4 5.14874E-4 4.43042E-4 5.40981E-4 2.11115E-4 5.43314E-4 5.24353E-4 2.73566E-4 5.46051E-4 3.64344E-4 2.02305E-4 2.96276E-4
