Candidate_Models_Sept202022/M_0.5_F_lqp_Set_1_all/Bison.asc
ncols         97
nrows         127
xllcorner     -2197417.7431653
yllcorner     -584827.01486885
cellsize      30000.0
NODATA_value  -9999
[rows 27 to 53 of 127, columns 0 to 60 of 97]
-9999 -9999 7.45132E-6 2.89287E-6 1.47435E-5 2.71638E-5 2.75012E-5 3.50147E-5 6.79053E-5 3.31736E-5 2.60963E-5 3.79683E-5 1.29848E-5 1.92932E-5 1.45932E-5 2.13987E-5 1.5856E-5 1.37707E-5 9.19824E-6 7.99626E-6 7.03792E-6 6.76304E-6 5.48279E-6 4.93233E-6 5.89203E-6 8.31176E-6 9.63266E-6 8.2952E-6 7.96694E-6 7.50209E-6 6.38796E-6 8.5088E-6 6.5955E-6 8.35921E-6 1.14688E-5 1.19741E-5 1.39979E-5 1.32425E-5 6.82226E-6 1.7398E-5 3.83378E-5 2.76369E-5 2.61456E-5 5.54626E-5 2.15077E-5 1.69267E-5 1.36538E-5 9.43032E-6 6.49762E-6 5.46106E-6 4.83676E-6 5.25739E-6 3.2075E-6 2.62918E-6 1.54246E-6 1.11764E-6 1.07088E-6 9.59408E-7 1.13163E-6 1.30041E-6 2.07E-6
-9999 1.03197E-6 8.56517E-6 3.90001E-6 2.59947E-6 1.3723E-5 3.19025E-5 3.14296E-5 3.11753E-5 3.90018E-5 2.89895E-5 2.88727E-5 3.05812E-5 2.72217E-5 1.99545E-5 2.08083E-5 2.86366E-5 1.80885E-5 1.41947E-5 1.1713E-5 1.17661E-5 8.63095E-6 5.21647E-6 5.77001E-6 7.14543E-6 9.2159E-6 8.52074E-6 9.54693E-6 9.10448E-6 9.07574E-6 7.0921E-6 6.2358E-6 6.44566E-6 7.59856E-6 7.55225E-6 9.80436E-6 1.15136E-5 2.55477E-5 2.46558E-5 1.95938E-5 2.35046E-5 1.46079E-5 2.3852E-5 2.21172E-5 2.23936E-5 1.16522E-5 1.16638E-5 6.98438E-6 5.95308E-6 4.26586E-6 4.80606E-6 6.44031E-6 2.76045E-6 2.11541E-6 1.61727E-6 1.26144E-6 1.07701E-6 9.82766E-7 1.05041E-6 1.24306E-6 1.11663E-6
-9999 1.67601E-7 3.81505E-7 3.61298E-6 4.22804E-6 1.28253E-5 2.08164E-5 3.40365E-5 4.33533E-5 4.12372E-5 2.5464E-5 3.49554E-5 3.29505E-5 2.74906E-5 2.64516E-5 1.6465E-5 2.03952E-5 2.23877E-5 2.27106E-5 1.46237E-5 9.86839E-6 6.2392E-6 7.95434E-6 6.30051E-6 1.16913E-5 9.89747E-6 1.02401E-5 9.82968E-6 8.46413E-6 8.70912E-6 7.61732E-6 7.05872E-6 9.37011E-6 7.78119E-6 7.41719E-6 8.45541E-6 8.46249E-6 1.45999E-5 1.31772E-5 1.97242E-5 2.21587E-5 2.18959E-5 2.27464E-5 1.82965E-5 1.04397E-5 1.21029E-5 8.25107E-6 6.26395E-6 4.36833E-6 4.43599E-6 4.28821E-6 3.81745E-6 2.54515E-6 1.94818E-6 1.51426E-6 1.30072E-6 1.10617E-6 9.64349E-7 9.25885E-7 1.17345E-6 1.12663E-6
6.24573E-6 1.36561E-7 6.57131E-9 8.35902E-8 5.79436E-7 6.90556E-6 2.11732E-5 4.31495E-5 3.4212E-5 3.44631E-5 3.08662E-5 3.49485E-5 4.04379E-5 4.66943E-5 2.51151E-5 1.93021E-5 3.21578E-5 2.4749E-5 2.10586E-5 1.57078E-5 1.01617E-5 7.37232E-6 1.04895E-5 1.10172E-5 1.00427E-5 1.03049E-5 9.47593E-6 1.04108E-5 9.58387E-6 8.46349E-6 7.35689E-6 6.87181E-6 8.36556E-6 6.66429E-6 8.97545E-6 9.99805E-6 8.78325E-6 1.15433E-5 1.78682E-5 2.03516E-5 2.14446E-5 1.80599E-5 1.53914E-5 1.95989E-5 1.18908E-5 9.98915E-6 8.56182E-6 6.09866E-6 4.19866E-6 2.89749E-6 2.47535E-6 2.74306E-6 2.60356E-6 2.23727E-6 1.78675E-6 1.44321E-6 1.11922E-6 1.01786E-6 9.85484E-7 1.1735E-6 1.14396E-6
5.94418E-6 5.83403E-6 4.67348E-8 9.38213E-9 2.50014E-7 1.28359E-5 2.34047E-5 5.76949E-5 3.95026E-5 4.14471E-5 4.50461E-5 4.22106E-5 3.99141E-5 6.02627E-5 3.17243E-5 3.43221E-5 2.00488E-5 3.19587E-5 1.75045E-5 1.06231E-5 8.52288E-6 9.35554E-6 9.72504E-6 9.97165E-6 1.06173E-5 9.94129E-6 1.013E-5 1.08628E-5 9.87597E-6 9.67899E-6 8.53809E-6 7.89777E-6 8.50892E-6 5.06403E-6 1.08058E-5 1.04918E-5 1.40328E-5 1.50991E-5 1.56678E-5 1.40236E-5 1.73025E-5 1.70815E-5 1.60722E-5 1.29664E-5 1.06152E-5 8.32692E-6 7.67415E-6 6.85723E-6 4.99353E-6 2.98345E-6 2.6533E-6 2.83402E-6 2.39117E-6 2.28051E-6 1.93517E-6 1.52594E-6 1.22821E-6 1.18805E-6 1.09393E-6 1.1897E-6 1.18414E-6
5.78461E-6 2.20703E-5 4.20628E-6 1.03814E-7 1.25816E-7 1.10469E-5 3.51025E-5 4.3105E-5 4.28132E-5 4.44471E-5 4.56326E-5 4.23787E-5 3.94355E-5 3.70517E-5 2.99503E-5 2.27546E-5 1.96227E-5 1.78602E-5 1.80471E-5 1.40497E-5 1.11031E-5 1.00488E-5 9.70068E-6 1.1284E-5 1.63902E-5 1.12588E-5 1.10326E-5 1.9725E-5 1.18435E-5 9.07211E-6 7.58128E-6 7.5531E-6 6.29898E-6 5.95527E-6 8.96273E-6 1.19184E-5 1.35899E-5 1.14306E-5 1.1273E-5 1.09987E-5 1.05529E-5 1.6057E-5 1.5782E-5 1.60587E-5 1.34942E-5 7.74029E-6 6.85201E-6 6.58192E-6 6.02307E-6 3.38773E-6 3.12782E-6 2.89697E-6 2.32164E-6 2.34508E-6 2.03563E-6 1.51739E-6 1.35794E-6 1.29228E-6 1.35979E-6 1.23246E-6 1.28298E-6
-9999 3.71565E-6 1.15167E-5 7.49848E-6 4.44571E-7 1.59252E-5 2.26639E-5 4.21242E-5 3.56114E-5 2.8793E-5 4.48532E-5 4.99299E-5 3.92764E-5 3.50221E-5 1.78802E-5 1.62393E-5 9.74262E-6 8.61002E-6 1.81999E-5 1.8008E-5 1.38557E-5 1.70541E-5 1.17008E-5 1.12239E-5 1.29677E-5 1.76282E-5 1.53426E-5 1.87736E-5 1.78537E-5 1.17844E-5 1.02432E-5 8.78217E-6 7.92497E-6 8.78629E-6 1.03679E-5 1.14467E-5 1.37641E-5 1.48809E-5 1.21435E-5 1.48277E-5 1.37709E-5 1.21325E-5 1.52392E-5 1.41229E-5 1.19595E-5 8.21893E-6 7.81182E-6 1.04062E-5 8.28023E-6 5.5469E-6 4.41073E-6 3.76896E-6 2.9559E-6 2.79092E-6 2.10927E-6 1.81236E-6 1.96692E-6 1.44281E-6 1.41321E-6 1.26904E-6 1.40039E-6
-9999 -9999 2.80972E-6 6.84087E-6 2.40249E-6 1.83918E-5 8.65451E-6 1.91206E-5 2.94761E-5 4.00053E-5 3.36745E-5 9.07629E-5 2.9757E-5 2.79439E-5 1.80541E-5 1.48742E-5 1.1748E-5 8.70912E-6 1.0861E-5 1.83223E-5 1.91631E-5 1.16845E-5 1.21159E-5 1.15757E-5 2.2538E-5 1.48087E-5 1.71039E-5 2.58143E-5 1.58821E-5 1.365E-5 9.32711E-6 8.21209E-6 1.08042E-5 1.09897E-5 1.23215E-5 1.06281E-5 1.09752E-5 1.1902E-5 8.83137E-6 1.0463E-5 1.72593E-5 1.62793E-5 1.89124E-5 1.37338E-5 1.53018E-5 1.0734E-5 1.01924E-5 9.50851E-6 1.09286E-5 1.1301E-5 6.50165E-6 4.57702E-6 3.23058E-6 2.87926E-6 2.32013E-6 1.89064E-6 2.23722E-6 1.5814E-6 1.59086E-6 1.57433E-6 1.49838E-6
-9999 -9999 2.9397E-6 6.56829E-6 4.83491E-6 7.88185E-6 4.52402E-6 1.27105E-5 1.87281E-5 4.28465E-5 3.94251E-5 5.61718E-5 2.902E-5 2.61253E-5 1.66005E-5 2.38589E-5 1.83573E-5 1.73052E-5 1.12487E-5 1.43981E-5 1.784E-5 1.99636E-5 1.32375E-5 1.06371E-5 1.97639E-5 1.69818E-5 1.94347E-5 2.19941E-5 2.35349E-5 1.31054E-5 1.10687E-5 9.27674E-6 8.74478E-6 9.62481E-6 9.30758E-6 1.24027E-5 6.23841E-6 9.65956E-6 8.97792E-6 9.35533E-6 1.13594E-5 1.90151E-5 1.16101E-5 1.53051E-5 1.45756E-5 1.26618E-5 1.00299E-5 1.10436E-5 1.02213E-5 1.5504E-5 8.42232E-6 8.16219E-6 4.48548E-6 3.16964E-6 2.57522E-6 2.18391E-6 1.97092E-6 1.89302E-6 1.9258E-6 1.82131E-6 1.51244E-6
-9999 -9999 3.23015E-6 7.00863E-6 4.01954E-6 3.33896E-6 3.54172E-6 2.03503E-5 2.81548E-5 3.08535E-5 4.034E-5 2.92767E-5 3.7596E-5 2.73905E-5 1.70998E-5 2.12891E-5 2.34029E-5 2.02176E-5 2.10124E-5 1.65687E-5 1.98347E-5 2.11167E-5 1.36458E-5 1.72193E-5 1.31662E-5 1.29654E-5 1.85904E-5 1.64868E-5 1.92219E-5 1.64527E-5 1.15675E-5 8.40891E-6 7.70505E-6 1.00613E-5 1.20583E-5 1.31778E-5 7.12906E-6 7.56329E-6 8.56778E-6 8.68431E-6 9.94692E-6 1.16242E-5 1.05736E-5 7.83439E-6 1.53398E-5 1.43943E-5 1.17679E-5 1.46367E-5 1.2511E-5 1.45262E-5 8.49936E-6 6.58941E-6 4.6001E-6 3.48958E-6 3.37085E-6 2.6641E-6 2.3605E-6 2.1129E-6 2.41445E-6 2.06101E-6 1.78085E-6
-9999 -9999 -9999 4.34471E-6 1.30602E-5 1.80548E-5 1.06951E-5 1.65014E-5 1.86847E-5 1.21266E-5 1.52005E-5 3.43246E-5 4.0799E-5 3.11853E-5 1.94004E-5 1.95485E-5 2.02718E-5 1.7772E-5 2.07036E-5 2.13955E-5 1.92E-5 1.54818E-5 1.19634E-5 1.99791E-5 2.52329E-5 1.56033E-5 2.22961E-5 2.00478E-5 1.50425E-5 1.23481E-5 1.05477E-5 1.13946E-5 8.81558E-6 1.03597E-5 1.21015E-5 1.20558E-5 1.06281E-5 7.66425E-6 7.28664E-6 9.26675E-6 8.46867E-6 1.00822E-5 1.36855E-5 1.41394E-5 1.69335E-5 1.3599E-5 1.28423E-5 1.49057E-5 1.07323E-5 8.74921E-6 7.54359E-6 7.07053E-6 6.36387E-6 4.60247E-6 4.362E-6 3.53395E-6 3.33754E-6 2.70015E-6 2.14312E-6 2.1393E-6 2.01518E-6
-9999 -9999 -9999 1.41684E-6 7.6219E-6 4.35244E-5 2.45507E-5 3.20925E-5 4.18967E-5 3.6387E-5 9.55405E-6 2.89633E-5 2.73604E-5 2.825E-5 2.8844E-5 2.15897E-5 1.48835E-5 2.10456E-5 1.74649E-5 1.92138E-5 1.20008E-5 1.10445E-5 1.12632E-5 1.67203E-5 2.06619E-5 2.23957E-5 2.03407E-5 1.42974E-5 9.01046E-6 1.05553E-5 1.11399E-5 1.1637E-5 1.06567E-5 1.1658E-5 1.16174E-5 1.16331E-5 1.03506E-5 1.16791E-5 1.61941E-5 1.00104E-5 9.33118E-6 1.08955E-5 1.16587E-5 9.49666E-6 1.59285E-5 1.53689E-5 1.46324E-5 1.66201E-5 1.60308E-5 1.39589E-5 6.99324E-6 1.33165E-5 8.11809E-6 7.01088E-6 5.19315E-6 3.64166E-6 3.37125E-6 2.8658E-6 2.73183E-6 2.29482E-6 2.10925E-6
-9999 -9999 -9999 4.05244E-7 1.25719E-5 1.4116E-5 1.78314E-5 2.99053E-5 2.79314E-5 3.6065E-5 1.30239E-5 1.6751E-5 3.05232E-5 2.69563E-5 2.13558E-5 2.21924E-5 1.32992E-5 2.06563E-5 1.80286E-5 1.99906E-5 1.43281E-5 1.02285E-5 1.54969E-5 1.79367E-5 2.15913E-5 2.05113E-5 1.97066E-5 1.64471E-5 1.24518E-5 1.06371E-5 1.2491E-5 1.39424E-5 1.41793E-5 1.17301E-5 1.41263E-5 1.42511E-5 1.64439E-5 1.8191E-5 1.62943E-5 1.08155E-5 8.00069E-6 8.37873E-6 1.34806E-5 1.73309E-5 1.83272E-5 1.80172E-5 1.38717E-5 1.98584E-5 1.62342E-5 1.41513E-5 1.21245E-5 9.41705E-6 1.40682E-5 1.04544E-5 7.63899E-6 7.05876E-6 7.69423E-6 5.12775E-6 4.17017E-6 3.0061E-6 2.47391E-6
-9999 -9999 -9999 -9999 5.99039E-6 6.21217E-6 6.90441E-6 5.17673E-6 2.95871E-5 2.35603E-5 2.66152E-6 9.29824E-6 3.61878E-5 2.05702E-5 2.36366E-5 2.86703E-5 2.48256E-5 2.18098E-5 2.52759E-5 2.24662E-5 1.56924E-5 1.47235E-5 1.59651E-5 1.47597E-5 1.77964E-5 1.85952E-5 1.82998E-5 1.52975E-5 1.37297E-5 1.41452E-5 1.33976E-5 1.42201E-5 1.35442E-5 1.50085E-5 1.31365E-5 1.48412E-5 1.6504E-5 1.52959E-5 1.23201E-5 1.26763E-5 1.25248E-5 1.16771E-5 1.19665E-5 2.13607E-5 2.15428E-5 1.8328E-5 1.49936E-5 2.04091E-5 2.17589E-5 1.75861E-5 9.8555E-6 1.64319E-5 2.18019E-5 1.34156E-5 1.09401E-5 1.30269E-5 7.21127E-6 8.88943E-6 8.79934E-6 3.38544E-6 2.4884E-6
-9999 -9999 -9999 -9999 1.33659E-6 3.75765E-6 3.89158E-6 1.23616E-5 3.18773E-6 3.54606E-6 1.21365E-6 7.11594E-6 3.04776E-5 2.42833E-5 2.81357E-5 1.91095E-5 2.36968E-5 2.85509E-5 2.37E-5 2.2845E-5 2.15385E-5 2.64428E-5 1.78145E-5 1.66038E-5 1.55225E-5 1.51056E-5 2.09435E-5 1.66107E-5 1.73442E-5 1.46242E-5 1.31996E-5 1.65642E-5 1.63951E-5 1.71414E-5 1.58689E-5 1.65457E-5 1.56113E-5 2.02123E-5 1.95219E-5 2.28469E-5 2.11607E-5 2.35518E-5 1.71708E-5 2.37921E-5 1.99962E-5 2.56032E-5 2.72349E-5 1.26961E-5 2.13495E-5 2.78336E-5 2.15798E-5 2.15639E-5 2.42466E-5 1.00434E-5 1.02374E-5 1.28641E-5 1.13601E-5 1.11559E-5 8.97596E-6 4.16503E-6 3.01279E-6
-9999 -9999 -9999 -9999 4.52294E-7 1.73883E-6 2.14108E-6 7.70604E-6 7.65554E-6 3.41026E-6 1.86593E-6 5.51967E-6 2.17671E-5 2.09067E-5 2.37412E-5 2.17374E-5 2.83389E-5 3.32112E-5 1.5772E-5 2.18032E-5 2.25552E-5 1.72002E-5 2.19851E-5 2.17211E-5 2.29405E-5 2.13534E-5 1.97322E-5 1.62621E-5 1.74465E-5 1.33365E-5 1.7507E-5 1.97765E-5 2.10501E-5 1.94256E-5 1.94E-5 1.8996E-5 1.78084E-5 2.06234E-5 2.80634E-5 2.82021E-5 2.37242E-5 2.32989E-5 2.67035E-5 2.54473E-5 2.33113E-5 2.70129E-5 3.46383E-5 3.77235E-5 -9999 2.67637E-5 2.01039E-5 1.95282E-5 1.31679E-5 1.33312E-5 2.73248E-5 1.40171E-5 1.34229E-5 1.13825E-5 1.63971E-5 5.65311E-6 3.45259E-6
-9999 -9999 -9999 -9999 4.59131E-7 1.19729E-6 1.18974E-6 1.18369E-7 4.67043E-5 1.23553E-4 4.22308E-6 3.76861E-6 1.051E-5 1.52006E-5 1.86917E-5 2.59687E-5 2.87464E-5 1.84527E-5 1.59317E-5 2.14787E-5 2.44008E-5 2.26757E-5 2.37712E-5 3.00852E-5 2.16357E-5 1.82036E-5 1.72789E-5 2.02761E-5 1.52234E-5 1.59529E-5 1.96474E-5 2.2424E-5 2.19312E-5 2.19391E-5 1.95155E-5 2.15577E-5 2.01884E-5 2.00597E-5 2.01055E-5 2.36364E-5 2.93489E-5 2.48669E-5 2.63042E-5 2.66982E-5 2.81929E-5 2.58573E-5 -9999 -9999 -9999 -9999 2.79452E-5 1.57815E-5 1.5834E-5 2.19962E-5 1.99969E-5 1.6984E-5 8.31074E-6 6.29525E-6 4.03323E-6 5.19438E-6 5.01817E-6
-9999 -9999 -9999 -9999 2.33841E-7 1.60251E-6 1.02904E-6 2.83897E-7 9.74488E-8 1.52674E-4 4.28305E-6 1.29067E-5 9.11212E-6 1.60244E-5 1.70028E-5 2.10059E-5 2.08054E-5 1.58477E-5 1.77655E-5 1.98437E-5 1.88679E-5 2.17015E-5 2.50813E-5 2.43225E-5 1.47985E-5 1.28902E-5 1.80945E-5 1.59206E-5 1.95105E-5 2.05796E-5 2.10792E-5 2.17252E-5 2.27345E-5 2.81992E-5 1.73195E-5 2.24104E-5 2.41999E-5 2.03025E-5 2.12254E-5 2.23499E-5 2.79599E-5 2.45618E-5 2.1654E-5 1.7246E-5 3.22879E-5 -9999 -9999 -9999 -9999 6.34336E-5 2.7947E-5 2.44156E-5 1.89629E-5 1.97903E-5 2.02528E-5 1.56639E-5 1.34558E-5 8.94085E-6 9.36396E-6 1.23952E-5 6.21223E-6
-9999 -9999 -9999 -9999 7.29844E-7 2.27856E-6 1.5781E-6 2.23412E-7 3.04576E-6 1.48031E-5 6.60036E-6 1.02697E-5 6.04514E-6 1.81673E-5 2.00718E-5 1.96951E-5 2.1232E-5 2.19979E-5 1.40067E-5 1.60722E-5 1.90606E-5 2.44447E-5 2.09187E-5 1.67918E-5 1.5172E-5 1.49457E-5 1.8027E-5 2.12282E-5 2.51639E-5 2.54969E-5 2.47634E-5 2.27868E-5 2.37376E-5 2.44082E-5 2.44125E-5 2.05422E-5 2.32252E-5 2.06449E-5 2.56799E-5 2.5238E-5 2.55867E-5 2.66854E-5 3.43004E-5 4.04347E-5 4.45236E-5 -9999 -9999 -9999 6.59789E-5 4.77854E-5 3.98347E-5 2.72633E-5 2.36039E-5 2.15852E-5 1.78404E-5 1.4923E-5 1.38294E-5 6.71614E-6 7.38063E-6 1.17907E-5 5.71369E-6
-9999 -9999 -9999 1.46174E-6 3.35299E-5 1.15426E-5 3.58881E-7 6.58853E-7 4.06452E-7 2.30104E-6 1.57308E-5 4.71799E-6 6.41022E-6 1.25324E-5 1.94426E-5 1.56349E-5 2.69428E-5 2.11905E-5 2.17812E-5 1.33506E-5 1.64221E-5 1.79139E-5 1.65002E-5 1.22094E-5 1.84991E-5 1.45146E-5 1.69194E-5 2.23956E-5 1.88164E-5 2.52541E-5 3.40162E-5 3.00729E-5 2.51117E-5 2.67145E-5 2.54967E-5 2.54871E-5 2.25765E-5 2.64062E-5 2.42483E-5 2.73139E-5 2.64303E-5 2.52492E-5 2.91841E-5 4.12462E-5 8.2849E-5 6.30364E-5 5.18118E-5 5.18593E-5 5.11425E-5 3.70575E-5 3.89709E-5 3.3121E-5 2.80314E-5 2.47112E-5 2.25797E-5 1.52728E-5 1.42656E-5 7.72821E-6 8.44987E-6 9.39145E-6 7.40486E-6
-9999 -9999 -9999 -9999 2.85089E-6 2.64346E-5 1.49795E-6 -9999 3.8589E-7 2.82593E-6 8.70709E-6 2.27953E-6 1.24295E-5 1.6302E-5 1.69108E-5 2.29004E-5 2.66303E-5 2.1211E-5 1.70799E-5 2.05834E-5 1.41479E-5 1.83392E-5 1.22952E-5 1.9745E-5 2.92862E-5 2.32364E-5 1.88287E-5 2.38798E-5 1.99246E-5 2.31842E-5 2.57005E-5 3.33869E-5 3.01188E-5 2.77396E-5 2.61974E-5 2.36101E-5 2.62915E-5 2.36052E-5 2.38199E-5 3.17562E-5 3.37496E-5 2.99436E-5 2.61452E-5 3.62471E-5 4.6206E-5 4.80169E-5 4.54833E-5 4.2297E-5 4.58602E-5 3.55799E-5 3.78856E-5 2.86639E-5 3.0129E-5 2.68199E-5 2.39029E-5 1.48893E-5 1.37335E-5 9.53763E-6 1.22201E-5 1.07292E-5 6.87911E-6
-9999 -9999 -9999 -9999 7.00517E-7 6.99707E-7 9.23465E-7 1.50141E-6 7.46003E-7 1.49062E-5 1.24553E-5 1.30426E-6 1.90051E-5 9.72078E-6 1.52711E-5 3.75398E-5 2.01974E-5 2.70476E-5 1.74998E-5 1.6493E-5 1.42615E-5 1.57759E-5 1.78614E-5 3.06303E-5 2.29328E-5 2.82429E-5 1.80989E-5 2.05248E-5 2.19754E-5 2.47579E-5 2.88836E-5 3.7837E-5 3.55336E-5 3.43094E-5 3.21996E-5 3.12249E-5 2.84617E-5 2.33566E-5 2.62297E-5 2.91367E-5 2.96074E-5 3.12486E-5 2.47386E-5 3.35114E-5 3.15181E-5 4.06611E-5 4.28782E-5 4.11396E-5 3.83731E-5 3.6331E-5 3.52615E-5 2.84466E-5 2.83963E-5 2.78657E-5 2.77427E-5 1.99284E-5 1.51828E-5 1.50185E-5 9.55303E-6 1.17523E-5 1.1443E-5
-9999 -9999 -9999 -9999 5.9896E-6 8.87658E-7 1.47707E-6 7.99421E-7 1.41816E-6 1.48573E-5 3.67182E-6 1.13469E-6 7.75012E-6 1.79032E-5 1.56367E-5 2.21096E-5 2.46903E-5 2.88279E-5 2.49942E-5 1.69067E-5 1.759E-5 1.5963E-5 1.23923E-5 1.80235E-5 4.53192E-5 2.73157E-5 1.59166E-5 2.36822E-5 2.76899E-5 3.11887E-5 3.06495E-5 3.43717E-5 4.65054E-5 3.92694E-5 4.31329E-5 3.57192E-5 3.49987E-5 3.17247E-5 3.71686E-5 3.79939E-5 3.44488E-5 3.41554E-5 3.44176E-5 3.21581E-5 3.4435E-5 3.63357E-5 3.63358E-5 4.01269E-5 3.50063E-5 3.80815E-5 3.23698E-5 2.8627E-5 2.67011E-5 2.59742E-5 2.53986E-5 1.7002E-5 1.67053E-5 1.77339E-5 1.38635E-5 1.21413E-5 9.20914E-6
-9999 -9999 -9999 -9999 -9999 1.1128E-6 1.74563E-6 2.04209E-6 7.85906E-7 2.38076E-6 1.39385E-6 5.07394E-6 6.10352E-6 8.93195E-6 1.05374E-5 2.18497E-5 3.57934E-5 2.68064E-5 2.82755E-5 2.14051E-5 2.0883E-5 2.55157E-5 1.5507E-5 2.17651E-5 2.80458E-5 5.38983E-5 2.44927E-5 2.11681E-5 2.37831E-5 3.61414E-5 3.70014E-5 4.48154E-5 4.33388E-5 4.32445E-5 3.9298E-5 4.09338E-5 3.50807E-5 3.31544E-5 3.6775E-5 3.52985E-5 3.7525E-5 3.66589E-5 3.75259E-5 3.97296E-5 4.00351E-5 3.36993E-5 3.71681E-5 3.52667E-5 3.76332E-5 4.13718E-5 3.40562E-5 3.11653E-5 2.78374E-5 2.55311E-5 2.53223E-5 1.76488E-5 2.05961E-5 1.80447E-5 1.87588E-5 8.53533E-6 1.04759E-5
-9999 -9999 -9999 -9999 -9999 3.58007E-6 4.49235E-7 2.0745E-6 1.81776E-6 7.17395E-6 3.52562E-6 3.63305E-7 1.15951E-6 3.37338E-6 1.31014E-5 2.08778E-5 2.63596E-5 2.7222E-5 2.86655E-5 2.62588E-5 3.12716E-5 1.65578E-5 2.41501E-5 2.16334E-5 3.47576E-5 5.57225E-5 2.87084E-5 2.48E-5 2.77557E-5 3.48433E-5 3.50352E-5 4.2104E-5 4.44064E-5 3.89168E-5 3.64334E-5 4.04368E-5 4.40387E-5 4.34681E-5 4.19052E-5 4.11343E-5 3.88137E-5 3.96308E-5 4.0548E-5 4.64445E-5 4.02026E-5 4.27582E-5 3.95731E-5 3.72133E-5 3.44139E-5 4.01503E-5 3.69841E-5 3.18384E-5 2.94901E-5 2.20257E-5 2.77145E-5 2.33441E-5 1.72952E-5 1.86874E-5 1.50153E-5 1.49214E-5 1.29328E-5
-9999 -9999 -9999 -9999 -9999 5.08852E-6 1.71629E-6 4.38962E-7 1.01304E-6 2.53825E-7 3.24688E-6 6.83112E-7 6.34311E-7 1.17498E-6 1.46304E-5 1.64432E-5 1.85256E-5 1.85277E-5 2.6797E-5 3.39387E-5 2.31505E-5 2.53746E-5 2.31658E-5 2.04962E-5 2.91621E-5 4.33016E-5 2.14374E-5 3.48775E-5 3.65785E-5 3.07608E-5 3.76943E-5 4.00831E-5 4.61114E-5 4.48229E-5 4.79817E-5 5.03143E-5 4.77454E-5 5.36257E-5 5.22509E-5 5.0843E-5 4.79746E-5 4.43043E-5 4.66397E-5 3.98555E-5 4.84087E-5 4.70221E-5 4.00722E-5 3.67536E-5 3.52689E-5 4.0291E-5 4.0096E-5 3.45112E-5 3.16422E-5 2.07614E-5 2.8457E-5 2.24463E-5 2.26682E-5 1.94998E-5 1.65784E-5 1.72785E-5 1.4739E-5
-9999 -9999 -9999 -9999 -9999 2.16153E-6 4.90678E-7 9.80839E-7 1.9217E-6 2.61235E-7 6.75477E-7 7.62133E-7 3.09181E-6 3.9802E-6 9.39908E-6 1.28881E-5 1.29008E-5 1.30786E-5 2.01289E-5 2.5316E-5 3.29455E-5 4.76194E-5 3.76347E-5 2.29574E-5 1.8954E-5 6.83066E-5 2.98422E-5 3.0353E-5 3.96633E-5 3.14771E-5 4.18749E-5 4.55608E-5 4.84704E-5 5.19895E-5 5.42883E-5 5.18072E-5 6.13983E-5 5.21427E-5 5.34132E-5 6.04004E-5 8.55374E-5 6.22664E-5 4.41043E-5 3.13987E-5 5.38476E-5 4.62585E-5 4.52814E-5 4.19068E-5 3.79048E-5 4.75349E-5 3.75166E-5 3.75045E-5 4.31258E-5 3.48941E-5 2.39064E-5 -9999 2.10503E-5 1.55828E-5 1.68465E-5 2.01625E-5 1.63965E-5
