Candidate_Models_July82022/M_2_F_lqp_Set_1_all/Bison.asc
ncols         290
nrows         380
xllcorner     -2197417.7431653
yllcorner     -584827.01486885
cellsize      10000.0
NODATA_value  -9999
[rows 54 to 80 of 380, columns 61 to 121 of 290]
6.60898E-6 6.7086E-6 7.57825E-6 6.92945E-6 2.17036E-5 1.77037E-5 1.86104E-5 8.26897E-6 6.58609E-6 6.53762E-6 6.27831E-6 5.44049E-6 6.14296E-6 5.17005E-6 5.15868E-6 5.63583E-6 5.45408E-6 5.74131E-6 5.62724E-6 5.5117E-6 5.72761E-6 5.4846E-6 5.04561E-6 4.94416E-6 4.74734E-6 4.79687E-6 4.08573E-6 4.01001E-6 3.97529E-6 4.42226E-6 5.24259E-6 5.03455E-6 5.0809E-6 4.98018E-6 3.97337E-6 5.78627E-6 4.57785E-6 5.19218E-6 5.46476E-6 6.38638E-6 5.98487E-6 6.16786E-6 5.93385E-6 5.86694E-6 6.32319E-6 5.41767E-6 5.86383E-6 6.50722E-6 6.22578E-6 6.27582E-6 6.71086E-6 6.33932E-6 5.1125E-6 5.24879E-6 6.65925E-6 8.13327E-6 8.08432E-6 7.85964E-6 7.31751E-6 7.6943E-6 5.52136E-6
6.45112E-6 6.97711E-6 7.7467E-6 7.09606E-6 7.49681E-6 7.55257E-6 7.61739E-6 8.43712E-6 6.08331E-6 6.17879E-6 6.32406E-6 5.95765E-6 6.32987E-6 5.60503E-6 5.67089E-6 5.38107E-6 5.11016E-6 5.78258E-6 5.88338E-6 5.69802E-6 5.62763E-6 5.48574E-6 5.09326E-6 5.20827E-6 4.81058E-6 4.66797E-6 4.54247E-6 4.80526E-6 4.38972E-6 3.9168E-6 4.39855E-6 4.76555E-6 4.3373E-6 4.93924E-6 5.28806E-6 4.50429E-6 5.44254E-6 6.08852E-6 5.92194E-6 6.18707E-6 5.51195E-6 6.59369E-6 5.90553E-6 5.81077E-6 6.54501E-6 5.90257E-6 5.66903E-6 5.69679E-6 6.35713E-6 7.05654E-6 6.9811E-6 7.83111E-6 5.88433E-6 6.11869E-6 7.18695E-6 8.01503E-6 7.88806E-6 8.07655E-6 8.39535E-6 7.22951E-6 6.3178E-6
7.89631E-6 6.89612E-6 8.42802E-6 7.62618E-6 7.69478E-6 7.32009E-6 8.19464E-6 7.62626E-6 7.28805E-6 6.72861E-6 6.73377E-6 7.23836E-6 6.60963E-6 6.36869E-6 5.9631E-6 5.33292E-6 5.74521E-6 5.83032E-6 5.69602E-6 5.66258E-6 5.50822E-6 5.20904E-6 6.72552E-6 5.83174E-6 5.53213E-6 4.40569E-6 5.01847E-6 5.53155E-6 5.92036E-6 4.9695E-6 4.40637E-6 5.51917E-6 5.21017E-6 5.08897E-6 5.22575E-6 4.97777E-6 5.302E-6 5.96332E-6 6.59489E-6 6.75919E-6 6.71831E-6 6.87228E-6 6.42195E-6 6.40052E-6 6.32632E-6 6.61104E-6 5.2923E-6 5.59608E-6 7.46953E-6 7.19057E-6 5.6513E-6 7.28327E-6 7.05295E-6 7.44681E-6 6.81612E-6 8.22606E-6 8.03364E-6 7.90203E-6 7.82509E-6 7.9359E-6 5.77564E-6
7.73528E-6 8.19957E-6 7.61544E-6 8.14904E-6 7.02849E-6 7.9689E-6 8.21017E-6 7.74591E-6 8.05737E-6 7.8712E-6 6.70475E-6 6.68462E-6 6.32575E-6 6.18015E-6 6.13652E-6 6.38684E-6 5.91092E-6 5.42904E-6 5.60307E-6 5.59133E-6 5.2419E-6 5.03438E-6 5.06723E-6 5.60419E-6 6.14183E-6 4.6293E-6 5.11792E-6 4.4715E-6 5.3007E-6 5.83253E-6 5.5954E-6 4.57136E-6 5.10146E-6 4.62078E-6 5.52956E-6 5.44228E-6 5.93736E-6 6.44999E-6 6.83988E-6 6.63073E-6 6.41674E-6 6.35994E-6 7.3787E-6 6.60818E-6 5.09133E-6 6.67337E-6 6.51528E-6 7.13096E-6 7.53421E-6 6.74849E-6 5.0621E-6 7.66277E-6 6.79147E-6 7.50291E-6 7.4946E-6 8.56194E-6 7.43532E-6 7.16318E-6 7.32242E-6 8.19151E-6 7.19084E-6
7.60389E-6 8.11698E-6 8.01101E-6 8.19462E-6 8.35525E-6 8.66982E-6 8.51505E-6 7.78649E-6 1.94205E-5 1.05829E-5 6.97207E-6 6.50232E-6 6.93878E-6 6.40069E-6 6.84152E-6 7.48218E-6 6.73339E-6 6.6002E-6 5.7957E-6 5.94415E-6 5.37638E-6 4.96044E-6 4.83079E-6 5.01804E-6 1.00267E-5 8.35598E-6 1.01241E-5 5.74992E-6 5.12011E-6 5.70299E-6 5.61637E-6 4.64533E-6 5.09825E-6 5.12979E-6 5.31014E-6 5.7564E-6 5.74882E-6 6.39029E-6 6.42518E-6 7.1795E-6 7.19564E-6 7.29972E-6 7.1788E-6 7.11932E-6 5.42688E-6 9.64785E-6 9.52742E-6 7.78065E-6 6.84655E-6 7.05326E-6 6.90525E-6 9.15306E-6 7.6475E-6 7.50574E-6 6.93577E-6 7.7147E-6 7.86653E-6 7.5366E-6 8.05279E-6 8.32772E-6 8.81553E-6
6.44455E-6 6.8829E-6 7.53005E-6 7.43679E-6 1.04895E-5 1.33393E-5 8.81048E-6 7.39371E-6 8.42713E-6 7.01211E-6 7.51303E-6 7.46143E-6 6.30501E-6 5.80037E-6 8.57399E-6 6.25381E-6 7.76866E-6 7.30073E-6 6.57532E-6 6.22118E-6 5.5952E-6 4.9157E-6 5.24257E-6 1.44591E-5 9.03092E-6 7.70533E-6 6.42437E-6 9.76087E-6 6.70119E-6 7.78749E-6 8.05762E-6 4.6731E-6 5.94498E-6 1.1977E-5 8.13815E-6 5.22967E-6 7.71542E-6 5.85382E-6 6.86521E-6 7.56146E-6 6.87754E-6 7.42185E-6 8.03827E-6 6.48631E-6 6.64314E-6 1.17314E-5 9.7821E-6 7.62279E-6 5.8601E-6 6.6403E-6 7.95943E-6 8.03239E-6 7.92525E-6 7.22261E-6 7.19701E-6 7.10641E-6 7.75645E-6 7.99177E-6 8.21282E-6 7.24325E-6 6.84608E-6
8.65722E-6 9.75234E-6 1.02483E-5 8.1653E-6 1.05521E-5 8.86645E-6 8.02831E-6 9.68698E-6 8.0448E-6 7.5998E-6 1.11767E-5 8.98751E-6 6.89771E-6 6.97862E-6 7.86464E-6 7.76539E-6 8.4639E-6 7.77903E-6 6.41823E-6 6.00452E-6 5.56606E-6 6.96974E-6 7.11232E-6 1.3453E-5 1.06271E-5 6.87303E-6 6.16016E-6 6.13713E-6 1.16475E-5 9.49392E-6 1.13418E-5 6.10582E-6 4.56103E-6 5.79905E-6 6.47082E-6 6.46704E-6 1.16397E-5 1.16556E-5 7.58681E-6 7.37881E-6 7.58443E-6 8.72278E-6 9.7602E-6 7.98734E-6 1.00098E-5 1.08103E-5 1.13109E-5 8.36299E-6 6.03826E-6 6.49959E-6 6.57681E-6 7.26941E-6 8.49397E-6 7.47766E-6 6.61047E-6 6.8206E-6 7.94656E-6 8.27517E-6 8.65372E-6 8.10469E-6 7.17977E-6
8.35979E-6 7.35222E-6 7.1409E-6 7.85827E-6 1.08839E-5 7.54943E-6 8.64619E-6 6.22255E-6 7.48987E-6 9.38654E-6 9.85284E-6 6.23036E-6 8.00519E-6 8.78267E-6 7.12845E-6 1.06358E-5 7.84002E-6 8.35168E-6 7.47186E-6 5.51451E-6 7.8696E-6 1.98387E-5 1.658E-5 9.28989E-6 1.41029E-5 7.34062E-6 6.10698E-6 5.34982E-6 7.41306E-6 6.88275E-6 7.22923E-6 7.06582E-6 5.31975E-6 6.26697E-6 6.88871E-6 7.62634E-6 7.98437E-6 7.78047E-6 7.95724E-6 8.94834E-6 9.96158E-6 9.78779E-6 9.49187E-6 9.65914E-6 1.03882E-5 1.23183E-5 1.5281E-5 1.02251E-5 5.96165E-6 6.56458E-6 7.5087E-6 7.65408E-6 7.97888E-6 7.43272E-6 9.11973E-6 6.87912E-6 8.41695E-6 8.07006E-6 8.58727E-6 7.21233E-6 6.87663E-6
8.76413E-6 7.00625E-6 8.6489E-6 8.12395E-6 9.88046E-6 9.00239E-6 8.09707E-6 8.00513E-6 1.14781E-5 8.76341E-6 1.13262E-5 8.31468E-6 7.6294E-6 8.30651E-6 9.58586E-6 8.97482E-6 8.29107E-6 8.32783E-6 5.85161E-6 6.32374E-6 9.582E-6 1.47175E-5 1.75706E-5 8.98822E-6 1.20615E-5 8.2944E-6 5.92112E-6 5.90368E-6 5.6102E-6 5.63599E-6 5.67501E-6 1.36734E-5 1.52243E-5 1.61258E-5 7.848E-6 7.08914E-6 7.92399E-6 7.73576E-6 9.69255E-6 8.07884E-6 1.04991E-5 1.08231E-5 8.7483E-6 9.20722E-6 9.40504E-6 8.83664E-6 1.09784E-5 8.46111E-6 7.37831E-6 6.63703E-6 7.40585E-6 7.7595E-6 8.00846E-6 8.60806E-6 9.41053E-6 8.97441E-6 8.54468E-6 8.82094E-6 8.37515E-6 6.22748E-6 6.21794E-6
1.2202E-5 1.36625E-5 9.24998E-6 1.14433E-5 6.92363E-6 8.65073E-6 7.63324E-6 7.21048E-6 8.16626E-6 1.05019E-5 1.15096E-5 7.97533E-6 7.2806E-6 6.57792E-6 8.82188E-6 9.37023E-6 9.03939E-6 7.75676E-6 7.8266E-6 1.23608E-5 8.04284E-6 8.33509E-6 5.981E-6 6.32955E-6 8.2557E-6 1.54048E-5 6.371E-6 4.95658E-6 5.65968E-6 6.63141E-6 1.2404E-5 1.47445E-5 1.16164E-5 1.03774E-5 1.19621E-5 8.72947E-6 7.56346E-6 7.30489E-6 8.68767E-6 9.1226E-6 1.15854E-5 8.99554E-6 1.00768E-5 1.3062E-5 1.5936E-5 1.23555E-5 9.9449E-6 8.27876E-6 1.19026E-5 8.96635E-6 8.30624E-6 8.13743E-6 7.62301E-6 8.98144E-6 9.1893E-6 1.00128E-5 9.55942E-6 9.99359E-6 8.09378E-6 7.34731E-6 6.42652E-6
8.20294E-6 9.26684E-6 8.53732E-6 7.18594E-6 7.73292E-6 7.39009E-6 8.66848E-6 7.7555E-6 1.14307E-5 1.02483E-5 9.91413E-6 9.63248E-6 8.11865E-6 7.57208E-6 1.25388E-5 7.71064E-6 1.56352E-5 2.66399E-5 1.11335E-5 9.89683E-6 6.64851E-6 7.06327E-6 6.66285E-6 6.98486E-6 9.90828E-6 9.72541E-6 6.51272E-6 4.24998E-6 5.19642E-6 6.06274E-6 1.11329E-5 1.33378E-5 1.57509E-5 1.64726E-5 1.58817E-5 1.28361E-5 6.86198E-6 7.84857E-6 1.00389E-5 1.07286E-5 1.04675E-5 9.90322E-6 9.66301E-6 8.90158E-6 1.43744E-5 7.28627E-6 1.20015E-5 9.96983E-6 1.01325E-5 1.03056E-5 8.59213E-6 7.74892E-6 7.6777E-6 7.55054E-6 8.2821E-6 9.68032E-6 1.20554E-5 7.65709E-6 6.64677E-6 6.03882E-6 6.1196E-6
1.11497E-5 9.45092E-6 9.29038E-6 9.59986E-6 5.74603E-6 1.07557E-5 6.3257E-6 7.04621E-6 7.73355E-6 9.25575E-6 7.31672E-6 9.38541E-6 9.71859E-6 9.3111E-6 7.69572E-6 1.08718E-5 8.76773E-6 2.22607E-5 1.08088E-5 1.63565E-5 8.31187E-6 7.40415E-6 9.23341E-6 6.15209E-6 7.04051E-6 9.68786E-6 7.70061E-6 6.37242E-6 5.46624E-6 6.41255E-6 5.75833E-6 8.31543E-6 1.02241E-5 2.05211E-5 1.0091E-5 8.59011E-6 1.07087E-5 1.18292E-5 1.00849E-5 8.77E-6 7.93745E-6 9.02895E-6 8.65795E-6 8.79765E-6 9.33559E-6 9.36706E-6 8.9451E-6 1.07352E-5 1.013E-5 9.73118E-6 9.29576E-6 1.62841E-5 9.42625E-6 9.48127E-6 8.66378E-6 9.46929E-6 8.79097E-6 7.2803E-6 6.94019E-6 5.86097E-6 6.42484E-6
1.51354E-5 1.57058E-5 1.32603E-5 1.31473E-5 9.51035E-6 9.66685E-6 9.15435E-6 8.31792E-6 8.93238E-6 1.02973E-5 9.2413E-6 9.00506E-6 1.3938E-5 5.74523E-6 1.03621E-5 8.00427E-6 7.73327E-6 6.03769E-6 9.41863E-6 1.09961E-5 9.67092E-6 7.1263E-6 1.08939E-5 5.6855E-6 6.47595E-6 9.57998E-6 6.26672E-6 7.88513E-6 5.21539E-6 6.02106E-6 6.08748E-6 1.38873E-5 7.46268E-6 1.74969E-5 8.29107E-6 9.55415E-6 6.52211E-6 1.12042E-5 1.32158E-5 9.84108E-6 6.98615E-6 8.07832E-6 1.3518E-5 1.16398E-5 9.42616E-6 9.29626E-6 9.60631E-6 1.04223E-5 1.07245E-5 1.03744E-5 1.03057E-5 9.73902E-6 9.09745E-6 1.16924E-5 9.17655E-6 7.84873E-6 9.51659E-6 9.58285E-6 9.12487E-6 8.43202E-6 7.42509E-6
1.16121E-5 8.65538E-6 9.01104E-6 1.24911E-5 1.52348E-5 1.37994E-5 7.59106E-6 9.59266E-6 9.68113E-6 1.20248E-5 1.51576E-5 1.20164E-5 6.85173E-6 4.87094E-6 8.61313E-6 7.91143E-6 1.02668E-5 8.9425E-6 8.55583E-6 8.6081E-6 7.65473E-6 1.27753E-5 8.76291E-6 8.53941E-6 6.75358E-6 8.06245E-6 6.08376E-6 5.15464E-6 5.476E-6 6.15382E-6 6.2227E-6 8.1903E-6 1.11046E-5 1.8842E-5 1.0803E-5 9.64939E-6 1.17229E-5 1.60097E-5 1.76657E-5 1.04085E-5 9.6152E-6 7.99364E-6 1.66108E-5 1.65978E-5 2.38396E-5 1.77265E-5 9.65392E-6 7.87698E-6 8.36297E-6 9.42099E-6 8.93473E-6 9.86863E-6 8.40237E-6 7.23014E-6 7.64643E-6 7.78293E-6 7.95401E-6 8.41795E-6 8.44476E-6 7.99215E-6 8.69059E-6
1.50356E-5 1.03243E-5 1.83058E-5 1.59802E-5 2.03501E-5 1.25138E-5 8.13815E-6 9.91554E-6 1.03919E-5 9.68149E-6 1.28454E-5 9.35976E-6 1.18739E-5 1.5152E-5 8.6651E-6 7.99424E-6 1.03177E-5 1.25739E-5 1.01609E-5 7.15414E-6 5.26183E-6 5.34295E-6 8.94322E-6 1.04187E-5 6.97334E-6 6.92322E-6 4.83873E-6 4.55465E-6 6.6484E-6 5.93474E-6 5.92567E-6 5.09074E-6 7.29248E-6 1.46386E-5 1.40919E-5 1.47818E-5 1.33479E-5 1.20739E-5 1.4773E-5 1.35879E-5 2.04854E-5 2.51491E-5 1.07419E-5 8.72779E-6 1.06803E-5 2.76541E-5 7.35952E-6 7.21507E-6 7.60556E-6 8.13504E-6 7.96276E-6 7.61744E-6 7.64157E-6 7.62769E-6 7.98872E-6 8.32504E-6 8.62735E-6 8.227E-6 7.77705E-6 7.78462E-6 8.00153E-6
2.20793E-5 1.41824E-5 8.75135E-6 1.22286E-5 1.47718E-5 9.49924E-6 1.54029E-5 1.31482E-5 1.18744E-5 8.98391E-6 1.16531E-5 1.23333E-5 1.20135E-5 9.6392E-6 1.04482E-5 9.0852E-6 5.3832E-6 8.04432E-6 7.86846E-6 7.68717E-6 8.77335E-6 7.25255E-6 6.43793E-6 1.22772E-5 8.33344E-6 6.06166E-6 6.51287E-6 7.02243E-6 9.03314E-6 7.24162E-6 6.30474E-6 8.06775E-6 9.70927E-6 9.29272E-6 1.17228E-5 1.19603E-5 1.41188E-5 1.19565E-5 1.22671E-5 2.00442E-5 1.59191E-5 2.63629E-5 1.8217E-5 1.33194E-5 9.97309E-6 2.04981E-5 7.18157E-6 7.44941E-6 1.02524E-5 1.79359E-5 1.43487E-5 8.037E-6 8.07442E-6 8.38599E-6 9.92834E-6 8.9877E-6 9.09586E-6 8.63213E-6 7.76477E-6 7.91422E-6 7.97007E-6
1.47464E-5 1.47547E-5 1.11681E-5 1.40589E-5 1.45506E-5 1.11169E-5 1.55771E-5 1.01921E-5 1.22688E-5 1.65727E-5 1.23333E-5 9.29093E-6 1.01175E-5 1.24346E-5 1.13498E-5 7.82031E-6 7.97028E-6 6.63731E-6 7.74076E-6 6.99043E-6 4.30024E-6 4.23682E-6 6.75395E-6 5.12669E-6 7.03785E-6 6.1419E-6 6.2616E-6 6.85189E-6 7.16499E-6 6.48495E-6 7.48214E-6 6.58258E-6 8.88353E-6 9.77799E-6 2.08808E-5 2.65161E-5 1.32427E-5 1.67808E-5 1.04219E-5 1.29793E-5 1.1213E-5 2.05332E-5 2.56145E-5 1.90483E-5 9.20663E-6 1.00537E-5 9.70403E-6 8.5838E-6 1.0814E-5 1.30931E-5 2.08971E-5 9.74112E-6 1.00654E-5 1.05646E-5 9.44138E-6 1.09769E-5 1.15624E-5 1.16347E-5 2.0139E-5 7.94307E-6 8.35877E-6
3.24928E-5 2.14767E-5 1.5655E-5 1.19162E-5 1.18963E-5 1.23542E-5 1.42414E-5 1.33076E-5 2.12171E-5 1.3345E-5 1.14641E-5 9.66649E-6 1.14891E-5 1.26836E-5 1.48594E-5 7.87343E-6 1.06314E-5 9.91149E-6 1.00052E-5 9.29361E-6 7.5538E-6 5.78998E-6 5.89995E-6 7.5457E-6 8.4381E-6 8.06884E-6 5.93517E-6 5.73409E-6 6.94196E-6 7.3368E-6 7.5759E-6 1.08925E-5 8.45904E-6 1.03457E-5 2.16693E-5 2.70962E-5 1.29749E-5 1.67497E-5 1.44782E-5 1.03086E-5 1.1472E-5 1.95049E-5 2.46842E-5 1.74742E-5 9.43197E-6 1.19236E-5 1.20418E-5 9.03357E-6 1.07677E-5 1.0379E-5 1.12865E-5 1.24196E-5 1.32573E-5 1.44047E-5 1.06959E-5 1.31259E-5 1.32502E-5 1.13961E-5 1.19545E-5 9.52476E-6 8.50236E-6
1.36856E-5 1.69692E-5 1.56582E-5 1.47174E-5 1.46565E-5 1.43544E-5 1.23684E-5 1.494E-5 1.69074E-5 1.09938E-5 9.79819E-6 1.57742E-5 1.30878E-5 9.41933E-6 1.3553E-5 1.2173E-5 1.02293E-5 1.02868E-5 7.52947E-6 9.28864E-6 9.85423E-6 7.13612E-6 1.19482E-5 5.83959E-6 6.31624E-6 7.65169E-6 3.53942E-6 5.08028E-6 8.23743E-6 9.00955E-6 8.84131E-6 9.5459E-6 9.45825E-6 1.66209E-5 2.84432E-5 1.95495E-5 9.49337E-6 8.36306E-6 1.17333E-5 1.00815E-5 1.13203E-5 1.79279E-5 2.04445E-5 2.30971E-5 1.08425E-5 9.86066E-6 1.15657E-5 9.2425E-6 9.77881E-6 1.14613E-5 9.59053E-6 1.15892E-5 1.21863E-5 1.25163E-5 1.19295E-5 1.27657E-5 1.17254E-5 1.16649E-5 1.0226E-5 2.19884E-5 1.23536E-5
2.41166E-5 1.09738E-5 1.13537E-5 1.57286E-5 1.22667E-5 9.03163E-6 1.22294E-5 9.34798E-6 2.44847E-5 1.58261E-5 7.83719E-6 8.11262E-6 9.07043E-6 1.05186E-5 1.19814E-5 1.00944E-5 1.06987E-5 5.39045E-6 1.10813E-5 1.08397E-5 7.77699E-6 7.08342E-6 9.14009E-6 6.99587E-6 4.03978E-6 7.16636E-6 7.19129E-6 7.33074E-6 8.67137E-6 5.97285E-6 8.92349E-6 8.50715E-6 1.40995E-5 1.01974E-5 2.35052E-5 1.95287E-5 3.17411E-5 1.12049E-5 1.12932E-5 1.07169E-5 1.76169E-5 1.16641E-5 1.39504E-5 1.59981E-5 8.82631E-6 9.9422E-6 1.22834E-5 9.27896E-6 9.67368E-6 1.0906E-5 9.89442E-6 1.17335E-5 1.14606E-5 1.16605E-5 1.10224E-5 1.15809E-5 9.35921E-6 1.25335E-5 8.85826E-6 1.78018E-5 2.49407E-5
1.37028E-5 9.82051E-6 9.52084E-6 9.61445E-6 1.33414E-5 1.55606E-5 1.06838E-5 1.51498E-5 1.15882E-5 1.31084E-5 1.50827E-5 1.32974E-5 1.63502E-5 9.40204E-6 1.25098E-5 7.65885E-6 8.64731E-6 1.267E-5 6.76998E-6 4.38793E-6 5.66023E-6 1.10481E-5 8.05557E-6 1.09115E-5 6.31635E-6 6.71824E-6 5.93479E-6 7.30157E-6 5.64449E-6 7.82981E-6 8.7106E-6 1.28312E-5 1.22222E-5 1.30555E-5 1.20191E-5 1.28034E-5 1.79986E-5 1.66488E-5 7.68923E-6 1.2437E-5 1.04939E-5 1.40639E-5 7.42168E-6 1.06993E-5 1.53539E-5 1.00221E-5 1.64555E-5 1.16481E-5 1.09228E-5 1.06982E-5 1.13728E-5 1.48872E-5 9.38032E-6 1.07204E-5 1.13252E-5 8.78405E-6 8.53441E-6 7.42557E-6 8.08635E-6 1.01346E-5 1.31369E-5
1.09594E-5 1.22325E-5 9.24476E-6 8.08472E-6 1.03855E-5 1.03546E-5 1.11768E-5 1.46318E-5 1.63694E-5 1.60107E-5 1.7387E-5 1.47703E-5 1.05744E-5 6.72047E-6 1.21236E-5 1.17872E-5 1.19572E-5 1.24455E-5 1.34192E-5 9.0063E-6 8.94593E-6 9.09008E-6 6.69035E-6 9.0988E-6 1.024E-5 5.85319E-6 7.6402E-6 7.22846E-6 6.83383E-6 7.564E-6 9.21141E-6 1.04222E-5 1.41472E-5 1.27663E-5 1.27436E-5 1.11773E-5 1.60676E-5 2.34735E-5 9.44176E-6 8.63104E-6 1.07568E-5 1.13403E-5 1.34916E-5 9.70329E-6 1.39443E-5 1.08789E-5 1.34445E-5 1.30858E-5 1.42165E-5 1.0477E-5 1.36995E-5 1.41086E-5 9.00353E-6 1.08967E-5 9.9886E-6 8.93051E-6 1.09353E-5 8.94389E-6 7.86833E-6 8.48059E-6 1.13704E-5
1.42735E-5 1.32405E-5 8.75376E-6 7.77883E-6 8.45237E-6 9.75628E-6 1.05986E-5 1.33801E-5 1.06926E-5 1.28443E-5 9.71749E-6 9.02366E-6 1.49008E-5 1.12373E-5 9.834E-6 1.04834E-5 9.11965E-6 8.31416E-6 1.15303E-5 1.03154E-5 1.06256E-5 6.48573E-6 7.24657E-6 6.66572E-6 1.13754E-5 7.34196E-6 5.44704E-6 7.9277E-6 6.96695E-6 9.17319E-6 8.03506E-6 8.37872E-6 1.19404E-5 1.19292E-5 1.41662E-5 1.3441E-5 1.06175E-5 1.52139E-5 1.40197E-5 1.0845E-5 1.06132E-5 9.85527E-6 1.00203E-5 9.75105E-6 1.5952E-5 1.89511E-5 1.80161E-5 1.4343E-5 1.04956E-5 1.2911E-5 1.06661E-5 1.0791E-5 1.02906E-5 1.03942E-5 8.83124E-6 1.20315E-5 9.84077E-6 8.7397E-6 8.78201E-6 9.02962E-6 9.20332E-6
9.07259E-6 1.1687E-5 1.09042E-5 6.21657E-6 6.84348E-6 6.14459E-6 8.74766E-6 9.79151E-6 7.57078E-6 9.90575E-6 1.40249E-5 1.28905E-5 1.51122E-5 9.46309E-6 1.44843E-5 1.1002E-5 9.95151E-6 9.04699E-6 9.12578E-6 1.38346E-5 1.01533E-5 8.49558E-6 1.27115E-5 7.08874E-6 1.07308E-5 6.04946E-6 7.98431E-6 9.78926E-6 8.59935E-6 6.98135E-6 9.75799E-6 9.19341E-6 1.00124E-5 1.06026E-5 1.42769E-5 1.30212E-5 1.10979E-5 2.52359E-5 1.66016E-5 1.32631E-5 9.78348E-6 9.85869E-6 9.83728E-6 1.01817E-5 1.04024E-5 2.88274E-5 2.32727E-5 1.2033E-5 1.28351E-5 1.30105E-5 1.09376E-5 1.04295E-5 3.27671E-5 1.24826E-5 1.01298E-5 9.93577E-6 8.75442E-6 9.31799E-6 9.68277E-6 9.79905E-6 9.99191E-6
9.96697E-6 1.13682E-5 1.28255E-5 9.04822E-6 7.66285E-6 6.97327E-6 9.52065E-6 1.41374E-5 1.40403E-5 7.89108E-6 1.31453E-5 1.48966E-5 1.21569E-5 1.09916E-5 9.0851E-6 1.34397E-5 9.55047E-6 1.10777E-5 4.71712E-6 6.07466E-6 1.46563E-5 8.55235E-6 9.67985E-6 1.11147E-5 9.46738E-6 8.90973E-6 8.89934E-6 8.50413E-6 9.47007E-6 1.03905E-5 8.02685E-6 8.50468E-6 7.7005E-6 1.22091E-5 1.19318E-5 1.32788E-5 1.37748E-5 2.53938E-5 1.48246E-5 1.08593E-5 9.8512E-6 1.49904E-5 2.39486E-5 1.05119E-5 1.0707E-5 1.35185E-5 1.02542E-5 1.50923E-5 1.13199E-5 1.05437E-5 1.06417E-5 1.06101E-5 1.27457E-5 9.85574E-6 8.23023E-6 8.73655E-6 9.44236E-6 1.03419E-5 1.03765E-5 1.03766E-5 9.87237E-6
8.3221E-6 2.98688E-5 1.94661E-5 6.43387E-6 1.13152E-5 7.51926E-6 6.67662E-6 1.07517E-5 9.80175E-6 9.44974E-6 1.02786E-5 1.52591E-5 1.3797E-5 1.01546E-5 1.43053E-5 1.25241E-5 8.92659E-6 9.9851E-6 1.21038E-5 2.51598E-5 1.04287E-5 1.36911E-5 1.14023E-5 9.9782E-6 1.03065E-5 1.08928E-5 8.2518E-6 9.16678E-6 1.12222E-5 1.23488E-5 1.04876E-5 9.11371E-6 8.1432E-6 1.44775E-5 1.66872E-5 2.1975E-5 3.13786E-5 1.34951E-5 2.13915E-5 1.01682E-5 1.06984E-5 1.15719E-5 2.03239E-5 9.63367E-6 9.84834E-6 1.05068E-5 1.07714E-5 2.08356E-5 1.38646E-5 1.08089E-5 1.08444E-5 1.08627E-5 1.20417E-5 9.1767E-6 9.05585E-6 9.69072E-6 1.02097E-5 1.07959E-5 1.0397E-5 1.0274E-5 9.93262E-6
9.96684E-6 1.76348E-5 1.22715E-5 9.63266E-6 2.77206E-5 1.82721E-5 1.08485E-5 7.59472E-6 9.976E-6 1.02651E-5 1.10244E-5 1.05917E-5 1.09038E-5 7.6763E-6 1.24046E-5 8.49931E-6 8.0409E-6 1.0705E-5 1.09122E-5 1.54683E-5 1.47032E-5 1.38323E-5 1.01147E-5 1.03617E-5 1.08749E-5 1.0339E-5 9.56366E-6 1.24462E-5 8.65169E-6 8.13483E-6 8.34057E-6 9.16085E-6 8.5698E-6 1.23893E-5 1.08814E-5 2.87923E-5 2.63873E-5 9.19906E-6 1.27091E-5 9.6069E-6 1.0815E-5 1.2652E-5 1.02507E-5 9.19762E-6 9.8808E-6 1.00747E-5 1.24818E-5 3.17067E-5 2.45759E-5 1.0339E-5 9.78421E-6 1.15422E-5 1.30268E-5 9.47875E-6 9.70953E-6 1.00631E-5 1.07829E-5 1.02201E-5 1.04245E-5 9.76689E-6 1.01306E-5
