Candidate_Models_July82022/M_2_F_lqp_Set_1_all/Bison.asc
ncols         290
nrows         380
xllcorner     -2197417.7431653
yllcorner     -584827.01486885
cellsize      10000.0
NODATA_value  -9999
[rows 135 to 161 of 380, columns 0 to 60 of 290]
-9999 -9999 -9999 -9999 -9999 -9999 -9999 -9999 -9999 -9999 -9999 -9999 9.58033E-7 -9999 1.32305E-6 1.43802E-6 2.28878E-6 2.88424E-6 3.12659E-6 -9999 4.65014E-6 2.18521E-6 2.72879E-6 1.96889E-6 4.63042E-6 -9999 4.85646E-7 1.72539E-6 8.99707E-6 3.46226E-5 3.83989E-5 9.53466E-6 2.09925E-6 2.50425E-5 4.02802E-5 6.33581E-6 4.90213E-6 8.91018E-6 2.57688E-5 1.76213E-5 4.24487E-5 2.65407E-5 3.48374E-5 3.34921E-5 1.67151E-5 1.75649E-5 2.10531E-5 2.08363E-5 1.82469E-5 2.61579E-5 2.2501E-5 2.02053E-5 2.11039E-5 1.38195E-5 1.179E-5 1.4611E-5 1.06974E-5 1.92226E-5 1.42484E-5 1.9145E-5 2.11871E-5
-9999 -9999 -9999 -9999 -9999 -9999 -9999 -9999 -9999 -9999 -9999 -9999 3.42658E-6 -9999 3.06674E-7 2.48552E-6 5.92154E-7 1.29725E-6 -9999 -9999 7.0188E-6 4.11618E-6 1.83043E-7 1.03964E-6 -9999 -9999 -9999 6.40448E-7 0E0 1.18633E-5 2.41552E-5 5.45937E-5 1.93811E-5 2.12306E-5 4.19785E-5 1.31874E-5 1.96787E-5 1.09859E-5 1.15051E-5 1.36837E-5 2.89332E-5 3.12339E-5 3.56158E-5 3.46247E-5 1.56875E-5 2.17748E-5 2.49362E-5 1.67392E-5 1.23319E-5 2.79585E-5 2.48168E-5 1.91464E-5 2.60748E-5 2.2034E-5 1.77175E-5 2.22252E-5 1.67611E-5 1.04782E-5 2.21781E-5 2.13484E-5 2.45927E-5
-9999 -9999 -9999 -9999 -9999 -9999 -9999 -9999 -9999 -9999 -9999 2.21553E-6 3.56425E-6 -9999 8.89899E-7 6.00468E-6 4.43239E-7 -9999 -9999 -9999 2.25095E-6 1.00328E-6 1.53027E-6 6.80839E-7 -9999 -9999 1.15069E-7 4.00128E-6 2.62511E-5 2.27322E-5 4.79911E-5 4.64195E-5 5.54886E-5 1.23823E-5 2.40376E-5 3.72097E-6 4.75716E-6 1.34471E-5 7.64476E-6 1.24977E-5 1.61115E-5 2.19437E-5 3.26843E-5 1.98994E-5 2.1033E-5 2.03359E-5 1.92023E-5 2.15396E-5 2.28943E-5 2.70906E-5 2.10219E-5 1.27238E-5 1.71336E-5 2.85135E-5 1.91913E-5 1.64957E-5 2.14843E-5 1.14032E-5 2.09171E-5 1.51867E-5 1.18815E-5
-9999 -9999 -9999 -9999 -9999 -9999 -9999 -9999 -9999 -9999 -9999 -9999 -9999 -9999 4.33913E-7 3.05935E-6 1.34664E-6 -9999 -9999 2.84747E-6 2.0497E-6 1.94373E-6 1.89732E-6 1.2168E-5 -9999 -9999 1.02521E-6 -9999 5.03222E-6 2.00493E-5 3.15876E-5 3.7298E-5 3.9403E-5 4.19262E-6 1.46665E-5 1.93919E-5 8.43033E-6 1.04389E-5 1.11724E-5 1.25235E-5 1.94223E-5 1.42215E-5 2.06091E-5 2.00424E-5 2.3797E-5 2.55483E-5 1.21153E-5 1.48755E-5 2.36761E-5 2.20131E-5 2.74281E-5 2.31548E-5 1.81991E-5 2.41922E-5 2.32134E-5 2.80355E-5 1.63785E-5 1.94387E-5 1.57868E-5 2.66721E-5 1.50917E-5
-9999 -9999 -9999 -9999 -9999 -9999 -9999 -9999 -9999 -9999 -9999 -9999 -9999 -9999 2.46045E-7 7.05665E-6 1.48843E-6 -9999 2.67408E-7 1.23623E-7 1.07818E-6 -9999 2.27438E-6 -9999 -9999 -9999 3.20286E-8 2.65553E-7 4.1276E-6 2.85904E-5 4.67362E-5 4.13501E-5 1.25184E-5 7.4319E-6 7.06816E-6 3.43029E-6 6.3622E-6 7.02147E-6 1.25463E-5 1.02507E-5 1.57328E-5 2.09066E-5 1.73163E-5 2.40176E-5 2.49093E-5 1.66741E-5 9.69835E-6 1.70743E-5 2.44776E-5 4.08279E-5 3.90068E-5 4.37787E-5 2.21671E-5 2.11133E-5 2.19923E-5 2.5708E-5 2.54099E-5 1.87857E-5 1.05224E-5 2.10672E-5 3.19063E-5
-9999 -9999 -9999 -9999 -9999 -9999 -9999 -9999 -9999 -9999 -9999 -9999 7.76486E-6 2.45206E-7 2.98701E-7 4.0711E-6 5.76078E-7 -9999 1.43534E-7 1.34058E-6 2.92217E-6 -9999 -9999 -9999 -9999 7.75337E-6 8.10945E-7 2.23949E-6 -9999 4.28586E-5 3.53811E-5 5.98511E-5 1.71427E-5 1.52902E-5 7.49721E-6 1.06847E-5 1.43001E-5 1.919E-5 2.02684E-5 2.20964E-5 2.35229E-5 2.13195E-5 2.17224E-5 1.76577E-5 1.74645E-5 2.02512E-5 1.89806E-5 2.76994E-5 3.51438E-5 2.01276E-5 4.60215E-5 5.9676E-5 2.2582E-5 3.14109E-5 9.7927E-5 2.72992E-5 1.871E-5 2.54571E-5 2.20428E-5 1.66078E-5 1.31491E-5
-9999 -9999 -9999 -9999 -9999 -9999 -9999 -9999 -9999 -9999 -9999 -9999 3.97195E-6 1.06647E-6 2.93906E-6 8.49727E-6 -9999 -9999 -9999 -9999 -9999 -9999 -9999 -9999 -9999 -9999 6.81137E-7 2.88474E-6 5.07313E-6 2.47539E-5 3.78655E-5 2.91196E-5 2.98917E-6 2.07219E-6 5.08465E-6 1.4681E-5 1.27365E-5 2.02257E-5 2.64033E-5 1.89414E-5 1.91554E-5 1.67944E-5 1.68321E-5 1.55826E-5 1.79031E-5 2.303E-5 3.59095E-5 2.99894E-5 3.51405E-5 3.21733E-5 4.41478E-5 2.56836E-5 2.27068E-5 1.86482E-5 2.37638E-5 1.33325E-5 1.0967E-5 1.49953E-5 2.40777E-5 1.77456E-5 2.60839E-5
-9999 -9999 -9999 -9999 -9999 -9999 -9999 -9999 -9999 -9999 -9999 -9999 -9999 4.54132E-7 1.3777E-6 1.68894E-6 -9999 -9999 -9999 -9999 -9999 6.9752E-6 -9999 -9999 1.00844E-6 8.87677E-7 1.05119E-7 1.18203E-6 1.41948E-5 2.95139E-5 3.43448E-5 6.20988E-5 2.09289E-5 1.04607E-5 4.66399E-6 6.88436E-6 4.04026E-5 1.20962E-5 1.58479E-5 3.88736E-5 1.65142E-5 1.28775E-5 2.32268E-5 2.54022E-5 3.43693E-5 2.81999E-5 2.88423E-5 2.39909E-5 2.85818E-5 3.17796E-5 3.63087E-5 1.90495E-5 1.45621E-5 2.30803E-5 2.40587E-5 1.60801E-5 1.89151E-5 1.81861E-5 2.66594E-5 1.30491E-5 2.05749E-5
-9999 -9999 -9999 -9999 -9999 -9999 -9999 -9999 -9999 -9999 -9999 -9999 6.25353E-6 -9999 -9999 3.4136E-6 -9999 8.40606E-6 4.73004E-6 -9999 -9999 4.3707E-6 5.88745E-6 -9999 -9999 0E0 5.37735E-7 2.2308E-7 4.35217E-5 2.84385E-5 4.10813E-5 3.68801E-5 5.80759E-5 1.28828E-5 1.5778E-6 1.97957E-6 2.5664E-6 1.19412E-5 1.71012E-5 3.63076E-5 1.66108E-5 1.59656E-5 4.37562E-5 2.41882E-5 1.54656E-5 1.81376E-5 2.64843E-5 3.88877E-5 3.03907E-5 2.08386E-5 2.48935E-5 2.7325E-5 1.73108E-5 1.90132E-5 2.02895E-5 1.79482E-5 1.4029E-5 1.54845E-5 2.23835E-5 2.05005E-5 1.89418E-5
-9999 -9999 -9999 -9999 -9999 -9999 -9999 -9999 -9999 -9999 -9999 -9999 -9999 4.63312E-8 1.01143E-6 -9999 -9999 3.89061E-8 8.0969E-7 4.61916E-6 0E0 5.37248E-6 4.37953E-6 2.39901E-6 -9999 -9999 2.48145E-7 6.10695E-6 3.29496E-5 3.30011E-5 5.81844E-5 4.28951E-5 6.12422E-6 6.88302E-6 2.1111E-5 5.56062E-6 2.51069E-5 1.72289E-5 2.93921E-5 1.07297E-5 1.2841E-5 4.12239E-5 2.33417E-5 1.44837E-5 2.74544E-5 2.73517E-5 4.78616E-5 3.95391E-5 1.95351E-5 1.99959E-5 2.0906E-5 1.28041E-5 2.3105E-5 1.78721E-4 3.17193E-5 1.22249E-5 2.33844E-5 1.84388E-5 1.08501E-5 1.47581E-5 1.66624E-5
-9999 -9999 -9999 -9999 -9999 -9999 -9999 -9999 -9999 -9999 -9999 -9999 2.88706E-6 2.75546E-7 3.93795E-7 -9999 -9999 8.76243E-7 8.75377E-7 2.50584E-6 -9999 6.41985E-6 4.49985E-6 1.3805E-6 5.36038E-8 -9999 -9999 3.92579E-6 3.87069E-6 2.76557E-5 2.40611E-5 5.00601E-5 -9999 1.70482E-5 5.46767E-6 1.34446E-5 4.19225E-5 4.10439E-5 2.42353E-5 6.69998E-6 1.25222E-5 3.65261E-5 2.06474E-5 1.98865E-5 1.83445E-5 2.83101E-5 2.99479E-5 4.6398E-5 2.82255E-5 1.96796E-5 2.39773E-5 3.02432E-5 5.08108E-5 7.16253E-5 2.01438E-5 2.19004E-5 2.83182E-5 9.44345E-6 3.00308E-5 1.79165E-5 1.38638E-5
-9999 -9999 -9999 -9999 -9999 -9999 -9999 -9999 -9999 -9999 -9999 -9999 0E0 3.53667E-7 -9999 -9999 -9999 1.13235E-6 1.61394E-6 4.42341E-6 -9999 2.89849E-6 1.69035E-6 5.00695E-6 1.59199E-7 1.22496E-6 5.51764E-6 7.07956E-7 1.7679E-5 9.53383E-6 4.64458E-5 3.43867E-5 1.60934E-5 1.32827E-5 1.69782E-6 8.75242E-6 1.21144E-5 4.20312E-5 1.63595E-5 9.5564E-6 2.9788E-5 1.67367E-5 2.06424E-5 1.95025E-5 4.10396E-5 3.00486E-5 3.3798E-5 2.46262E-5 1.20141E-5 2.50345E-5 2.41482E-5 2.01823E-5 2.52117E-5 2.19381E-5 2.58793E-5 2.73469E-5 2.29923E-5 2.23546E-5 3.35391E-5 1.61382E-5 2.34749E-5
-9999 -9999 -9999 -9999 -9999 -9999 -9999 -9999 -9999 -9999 -9999 -9999 2.53849E-6 1.28896E-6 -9999 -9999 -9999 -9999 2.00618E-6 5.58389E-6 3.9075E-6 3.70888E-6 3.12099E-6 3.89781E-6 3.24009E-7 -9999 2.15619E-6 2.94226E-7 2.22694E-5 4.0137E-5 2.65593E-5 2.91375E-5 9.46639E-6 1.17799E-5 3.8699E-6 1.42625E-6 5.55772E-6 1.93252E-5 5.24331E-6 2.33514E-5 4.77614E-5 1.20153E-5 1.25413E-5 1.83182E-5 1.31907E-5 2.22591E-5 2.32611E-5 1.6122E-5 2.20738E-5 3.66688E-5 2.87159E-5 4.36337E-5 4.0113E-5 3.82073E-5 2.17656E-5 2.32186E-5 2.39087E-5 1.90461E-5 1.69182E-5 2.08141E-5 1.83954E-5
-9999 -9999 -9999 -9999 -9999 -9999 -9999 -9999 -9999 -9999 -9999 -9999 8.72728E-7 -9999 -9999 -9999 -9999 3.22214E-6 -9999 -9999 2.17955E-6 2.14547E-6 3.91058E-6 -9999 5.38279E-7 7.8535E-7 -9999 6.86376E-7 1.88702E-5 3.34E-5 3.38278E-5 8.87729E-6 1.49567E-5 2.35059E-6 6.77753E-6 8.0196E-6 2.06395E-5 3.70556E-5 1.23867E-5 4.80075E-5 2.84457E-5 1.74662E-5 3.30929E-5 2.44125E-5 1.9236E-5 2.57977E-5 4.12627E-5 2.00414E-5 4.84145E-5 2.03565E-5 4.15605E-5 2.4912E-5 6.48846E-5 3.43754E-5 3.56624E-5 2.73495E-5 2.67846E-5 5.55305E-5 3.38108E-5 2.16325E-5 2.04646E-5
-9999 -9999 -9999 -9999 -9999 -9999 -9999 -9999 -9999 -9999 -9999 -9999 -9999 -9999 -9999 -9999 5.50146E-7 1.54929E-6 -9999 8.75417E-6 1.58199E-6 4.93027E-6 3.28891E-6 -9999 -9999 6.14411E-7 -9999 5.2936E-7 9.48812E-6 2.22955E-5 3.76816E-5 6.08516E-6 5.38847E-6 3.80331E-6 2.7595E-6 5.35485E-6 1.38203E-5 1.27191E-5 7.75843E-6 2.75441E-5 9.87316E-6 2.25259E-5 5.73515E-5 2.83636E-5 2.91083E-5 2.45938E-5 3.24417E-5 3.19331E-5 6.60219E-5 5.58158E-5 3.93793E-5 2.59035E-5 1.93511E-5 1.456E-5 2.51529E-5 2.84212E-5 6.13253E-5 2.54796E-5 2.58081E-5 2.74689E-5 2.41755E-5
-9999 -9999 -9999 -9999 -9999 -9999 -9999 -9999 -9999 -9999 -9999 -9999 -9999 -9999 -9999 3.59697E-7 1.02018E-6 6.50343E-6 -9999 -9999 -9999 -9999 9.18245E-6 9.89449E-6 5.16939E-7 7.24448E-7 3.69822E-6 3.67134E-6 5.27561E-6 4.96166E-6 1.65958E-5 1.44063E-5 7.79942E-7 1.47932E-5 1.12032E-5 4.67993E-5 5.46045E-5 2.02461E-5 1.66883E-5 1.31721E-5 2.28307E-5 4.64115E-5 1.7827E-5 1.95034E-5 1.46016E-5 3.01409E-5 1.5019E-5 1.58348E-5 2.62235E-5 2.97027E-5 3.75335E-5 3.33296E-5 2.03015E-5 4.73704E-5 2.00435E-5 3.27795E-5 2.74704E-5 2.79079E-5 1.93751E-5 3.74817E-5 1.42168E-5
-9999 -9999 -9999 -9999 -9999 -9999 -9999 -9999 -9999 -9999 -9999 -9999 -9999 -9999 -9999 -9999 -9999 -9999 -9999 3.26883E-7 8.73045E-6 -9999 -9999 0E0 -9999 -9999 -9999 1.71314E-6 1.81445E-6 3.95931E-6 2.05718E-6 8.02882E-6 1.31447E-6 2.68702E-5 3.4022E-5 3.57233E-5 3.62629E-5 6.69404E-6 1.76944E-6 1.09206E-5 1.96346E-5 1.74208E-5 2.9643E-5 2.44986E-5 2.06213E-5 3.52337E-5 2.37985E-5 4.9129E-5 3.44712E-5 2.78265E-5 3.5096E-5 2.02369E-5 2.81024E-5 6.02226E-5 4.83554E-5 3.28311E-5 4.06462E-5 1.8867E-5 1.64605E-5 2.35531E-5 2.08925E-5
-9999 -9999 -9999 -9999 -9999 -9999 -9999 -9999 -9999 -9999 -9999 -9999 -9999 -9999 -9999 -9999 -9999 -9999 -9999 2.97813E-7 2.15226E-6 -9999 4.86904E-6 1.70706E-6 2.14707E-7 -9999 -9999 3.87902E-6 2.49337E-6 1.33129E-5 3.71594E-6 1.29039E-6 1.80789E-6 9.26339E-6 8.44972E-6 1.16429E-5 5.08355E-6 4.08437E-6 4.91754E-6 1.55563E-5 3.84336E-5 5.23132E-6 2.35594E-5 2.15226E-5 2.68751E-5 3.28931E-5 1.821E-5 2.24702E-5 3.7466E-5 6.6817E-5 3.03781E-5 1.28728E-5 2.96357E-5 4.16888E-5 3.83239E-5 2.83366E-5 6.0875E-5 2.17153E-5 2.78473E-5 2.52374E-5 2.29577E-5
-9999 -9999 -9999 -9999 -9999 -9999 -9999 -9999 -9999 -9999 -9999 -9999 -9999 7.05784E-6 -9999 -9999 -9999 1.9929E-6 1.86374E-6 1.10745E-6 2.25161E-6 6.55947E-6 -9999 1.62977E-6 -9999 -9999 5.22482E-6 2.81459E-6 1.54488E-6 5.90554E-6 5.04357E-6 5.98275E-6 6.71103E-7 1.30022E-6 4.24458E-6 3.4567E-6 2.44569E-6 4.33959E-6 1.70707E-5 3.78117E-6 1.51236E-5 1.07244E-5 1.20312E-5 2.93937E-5 3.1548E-5 3.76577E-5 2.55803E-5 2.82908E-5 2.92982E-5 6.6033E-5 2.15245E-5 2.90459E-5 3.84284E-5 3.9969E-5 3.52186E-5 5.334E-5 3.79927E-5 1.93393E-5 2.67521E-5 5.60857E-5 3.68208E-5
-9999 -9999 -9999 -9999 -9999 -9999 -9999 -9999 -9999 -9999 -9999 -9999 -9999 -9999 -9999 5.33385E-6 7.28376E-6 -9999 -9999 -9999 4.95848E-6 -9999 -9999 8.65704E-6 4.62346E-8 3.24785E-6 8.63921E-7 1.45086E-6 3.01986E-6 6.38625E-6 8.03774E-6 1.76856E-5 4.16613E-6 5.26923E-6 1.84033E-7 5.61926E-7 1.80132E-6 2.94532E-6 5.01795E-6 4.87375E-6 7.0685E-6 4.79293E-6 1.21268E-5 2.47533E-5 2.80871E-5 1.47431E-5 2.85047E-5 3.10656E-5 2.38769E-5 3.31216E-5 3.2828E-5 4.02424E-5 2.8865E-5 3.45023E-5 2.28925E-5 2.37357E-5 2.14727E-5 2.53843E-5 2.26385E-5 3.52546E-5 2.63597E-5
-9999 -9999 -9999 -9999 -9999 -9999 -9999 -9999 -9999 -9999 -9999 -9999 -9999 -9999 -9999 -9999 -9999 -9999 -9999 5.07148E-6 4.98718E-6 -9999 -9999 7.51373E-7 1.51192E-6 5.1431E-6 7.39471E-7 1.78573E-7 2.93329E-7 2.78682E-6 7.91461E-6 8.15614E-6 7.43553E-7 1.16698E-6 9.32585E-7 1.81816E-6 4.25413E-6 9.16881E-6 3.25108E-6 3.98863E-6 2.92268E-6 1.89282E-5 1.85334E-5 2.17497E-5 2.68889E-5 2.55644E-5 2.42196E-5 2.42018E-5 2.05062E-5 3.50997E-5 3.41547E-5 4.72096E-5 2.28348E-5 2.8537E-5 2.62744E-5 2.69556E-5 2.28368E-5 4.4719E-5 2.50565E-5 1.77512E-5 1.77957E-5
-9999 -9999 -9999 -9999 -9999 -9999 -9999 -9999 -9999 -9999 -9999 -9999 -9999 -9999 -9999 -9999 3.38272E-6 -9999 6.70569E-6 4.7488E-6 3.79182E-6 2.08023E-6 -9999 -9999 1.20136E-6 9.3941E-7 -9999 -9999 9.20636E-7 1.71382E-6 2.27825E-6 4.1976E-6 2.48964E-6 1.47411E-5 6.56338E-6 6.87076E-6 1.74422E-6 2.4565E-6 1.03306E-5 4.11947E-6 1.18552E-6 3.62289E-6 9.68402E-6 2.3576E-5 3.04867E-5 3.33041E-5 1.7643E-5 2.20284E-5 1.93741E-5 3.0962E-5 1.98256E-5 2.55232E-5 1.79385E-5 4.05236E-5 4.60643E-5 3.37626E-5 3.63974E-5 4.25956E-5 3.36252E-5 3.91284E-5 3.32632E-5
-9999 -9999 -9999 -9999 -9999 -9999 -9999 -9999 -9999 -9999 -9999 -9999 -9999 -9999 -9999 -9999 -9999 -9999 4.16897E-6 3.86252E-6 2.33864E-6 1.04643E-6 -9999 -9999 5.31451E-7 5.947E-6 5.28779E-6 1.54939E-7 6.65858E-9 3.76036E-6 1.39485E-6 4.19733E-7 7.07786E-6 1.0359E-5 1.41722E-6 4.70173E-6 7.4778E-7 7.1065E-7 5.5646E-6 3.79397E-5 4.05448E-6 4.54326E-6 1.69502E-5 3.02068E-5 3.41185E-5 1.78813E-5 1.3307E-5 1.46566E-5 2.8193E-5 3.4528E-5 1.77494E-5 2.07427E-5 2.07384E-5 1.96607E-5 2.15536E-5 2.70676E-5 2.28282E-5 2.40838E-5 2.55496E-5 3.35666E-5 3.1189E-5
-9999 -9999 -9999 -9999 -9999 -9999 -9999 -9999 -9999 -9999 -9999 -9999 -9999 -9999 5.67346E-6 -9999 -9999 1.33289E-6 3.33741E-7 1.70855E-6 1.49029E-6 8.0897E-7 3.87641E-6 -9999 -9999 -9999 -9999 1.46332E-7 3.01416E-7 1.61538E-6 4.78199E-6 4.87137E-6 1.23129E-6 1.50886E-6 2.89507E-6 4.01596E-7 7.91119E-7 9.97865E-6 4.94693E-5 2.72349E-5 2.63203E-5 5.23878E-6 1.65634E-5 1.83397E-5 3.58624E-5 2.53772E-5 2.56694E-5 2.66023E-5 2.63125E-5 1.7077E-5 2.83677E-5 2.06323E-5 2.18135E-5 1.9094E-5 2.38483E-5 3.33424E-5 1.593E-5 2.39083E-5 2.16601E-5 1.69125E-5 1.89981E-5
-9999 -9999 -9999 -9999 -9999 -9999 -9999 -9999 -9999 -9999 -9999 -9999 -9999 -9999 -9999 5.93834E-6 4.68331E-6 -9999 -9999 3.51711E-6 2.17011E-6 1.98031E-6 -9999 -9999 -9999 6.50307E-6 1.03487E-7 2.59377E-7 7.59231E-7 1.98523E-7 1.82187E-7 2.30199E-7 3.0859E-6 6.23455E-7 4.27913E-6 6.46682E-6 8.84912E-6 3.26728E-5 9.80986E-6 3.53629E-6 2.28388E-5 1.87424E-5 1.99308E-5 1.88651E-5 1.95837E-5 3.17966E-5 1.43606E-5 2.54518E-5 2.60175E-5 2.09009E-5 3.52736E-5 2.52977E-5 2.25659E-5 1.90999E-5 2.86166E-5 3.09698E-5 3.1596E-5 1.68594E-5 3.12588E-5 2.966E-5 1.55408E-5
-9999 -9999 -9999 -9999 -9999 -9999 -9999 -9999 -9999 -9999 -9999 -9999 -9999 -9999 2.71074E-6 -9999 -9999 -9999 4.45583E-6 7.02948E-8 3.5629E-7 3.34931E-6 -9999 -9999 6.74329E-7 1.2334E-6 4.41589E-6 -9999 2.63068E-6 -9999 -9999 6.01392E-7 8.75562E-7 4.22783E-6 5.86636E-6 1.56563E-6 7.77468E-6 2.71628E-5 1.02253E-5 3.53173E-5 1.07912E-5 9.80972E-6 3.01389E-5 1.52243E-5 3.63017E-5 1.50426E-5 7.53068E-6 2.04841E-5 1.21243E-5 2.00261E-5 1.94E-5 1.8752E-5 1.60433E-5 1.69146E-5 1.82799E-5 2.02127E-5 2.30303E-5 1.9589E-5 3.26504E-5 2.59869E-5 2.37995E-5
-9999 -9999 -9999 -9999 -9999 -9999 -9999 -9999 -9999 -9999 -9999 -9999 -9999 6.53836E-6 -9999 7.46559E-6 6.18058E-6 -9999 2.49004E-6 7.21181E-7 2.42258E-7 -9999 -9999 5.58269E-6 1.20203E-6 4.6553E-7 -9999 -9999 1.43396E-6 3.65569E-8 1.96042E-6 1.22434E-7 3.88433E-6 4.26613E-6 3.45961E-6 7.27385E-7 2.95597E-5 2.99858E-5 1.63397E-5 1.77925E-5 1.74936E-5 9.31977E-6 1.81639E-5 1.39553E-5 9.09027E-6 7.20409E-6 8.03625E-6 1.44121E-5 1.71127E-5 2.72681E-5 2.18547E-5 1.74517E-5 2.2921E-5 2.57076E-5 3.9387E-5 4.90487E-5 2.14774E-5 2.19064E-5 1.40339E-5 1.55217E-5 1.67141E-5
