Candidate_Models_July82022/M_2_F_lqp_Set_1_all/Bison.asc
ncols         290
nrows         380
xllcorner     -2197417.7431653
yllcorner     -584827.01486885
cellsize      10000.0
NODATA_value  -9999
[rows 189 to 215 of 380, columns 183 to 243 of 290]
3.67579E-5 3.78137E-5 3.74223E-5 3.61887E-5 3.21987E-5 3.31943E-5 3.48941E-5 3.95662E-5 3.15862E-5 3.1065E-5 3.26844E-5 2.97936E-5 2.93316E-5 2.57624E-5 2.55645E-5 2.48182E-5 2.63846E-5 2.32014E-5 2.28939E-5 2.34508E-5 3.02395E-5 2.46455E-5 2.20851E-5 2.47036E-5 2.69801E-5 2.3276E-5 2.21592E-5 2.30051E-5 2.10211E-5 2.21061E-5 2.03894E-5 1.97818E-5 2.03805E-5 2.21873E-5 1.87163E-5 1.83817E-5 2.09998E-5 2.07045E-5 2.08233E-5 2.02194E-5 1.94203E-5 1.94295E-5 1.8832E-5 1.90057E-5 1.86333E-5 1.92548E-5 2.01578E-5 1.79842E-5 2.44057E-5 1.65576E-5 1.59687E-5 1.53677E-5 1.63305E-5 1.6713E-5 1.60254E-5 1.45927E-5 1.54084E-5 1.5775E-5 1.51906E-5 -9999 -9999
3.63157E-5 4.04184E-5 3.90403E-5 3.62311E-5 3.94261E-5 3.46683E-5 3.65006E-5 3.66547E-5 2.89469E-5 3.3536E-5 4.12679E-5 3.39739E-5 2.85521E-5 3.17301E-5 2.6788E-5 2.55344E-5 2.46343E-5 2.3614E-5 2.34466E-5 2.32234E-5 2.63028E-5 2.36594E-5 2.26104E-5 2.27925E-5 2.49704E-5 2.12376E-5 2.09217E-5 2.14478E-5 2.31367E-5 2.20304E-5 1.93271E-5 2.02784E-5 2.07021E-5 2.01638E-5 2.09053E-5 2.20071E-5 2.49612E-5 2.38282E-5 2.04202E-5 2.02608E-5 1.93207E-5 2.01412E-5 2.04522E-5 2.06249E-5 1.90152E-5 1.85803E-5 1.77392E-5 2.3083E-5 4.31902E-5 1.68892E-5 1.58724E-5 1.54494E-5 1.83902E-5 1.64355E-5 1.51612E-5 1.52306E-5 1.56899E-5 1.62307E-5 1.52288E-5 -9999 -9999
3.72026E-5 3.82714E-5 3.80309E-5 3.73551E-5 4.33867E-5 3.53428E-5 3.30598E-5 3.07353E-5 3.00687E-5 4.08603E-5 3.39405E-5 3.18428E-5 2.72172E-5 4.4674E-5 2.71531E-5 2.61483E-5 2.60003E-5 2.4791E-5 2.41775E-5 2.45475E-5 2.33747E-5 2.19671E-5 2.28716E-5 2.13022E-5 2.15951E-5 2.23903E-5 2.14987E-5 2.17493E-5 2.03657E-5 2.36081E-5 2.07029E-5 2.16201E-5 2.35779E-5 2.10772E-5 2.19821E-5 2.07922E-5 2.05153E-5 2.20806E-5 2.02829E-5 2.437E-5 2.14538E-5 2.10912E-5 2.09193E-5 2.09094E-5 2.00235E-5 1.93671E-5 1.8035E-5 1.83547E-5 1.80053E-5 1.69313E-5 1.60115E-5 3.25911E-5 2.06423E-5 1.60034E-5 1.54747E-5 1.60754E-5 1.62882E-5 1.66603E-5 -9999 -9999 -9999
5.06221E-5 4.54308E-5 3.84634E-5 3.61781E-5 3.53249E-5 3.53647E-5 5.42657E-5 6.37285E-5 3.48752E-5 3.13873E-5 3.02896E-5 3.0714E-5 3.01873E-5 2.91559E-5 2.69362E-5 2.7271E-5 2.68866E-5 2.47631E-5 2.446E-5 2.44196E-5 2.37479E-5 2.28824E-5 4.02775E-5 2.87492E-5 2.21261E-5 2.52869E-5 2.267E-5 2.37892E-5 2.32907E-5 2.06668E-5 2.03631E-5 2.0496E-5 2.01317E-5 2.1568E-5 2.11416E-5 2.08103E-5 1.87439E-5 2.14801E-5 2.17602E-5 6.3074E-5 2.80593E-5 2.19333E-5 2.25354E-5 2.09239E-5 2.03196E-5 1.92261E-5 1.92007E-5 1.76989E-5 1.76131E-5 1.70694E-5 2.18738E-5 1.90774E-5 1.66388E-5 1.60224E-5 1.66713E-5 1.74914E-5 1.85318E-5 1.69718E-5 -9999 -9999 -9999
3.85678E-5 3.67239E-5 3.69682E-5 3.65416E-5 3.80453E-5 5.04008E-5 4.2987E-5 8.13251E-5 3.35817E-5 3.3654E-5 3.11127E-5 3.10698E-5 2.93066E-5 2.95378E-5 2.75967E-5 2.74824E-5 2.698E-5 2.54724E-5 2.50996E-5 2.29216E-5 2.42263E-5 3.56115E-5 5.95668E-5 6.0293E-5 2.33987E-5 2.24578E-5 2.208E-5 2.14509E-5 2.13207E-5 2.00372E-5 2.28765E-5 2.54698E-5 2.18421E-5 2.17145E-5 2.16608E-5 2.14737E-5 2.29335E-5 2.24572E-5 2.37469E-5 6.17271E-5 2.43309E-5 2.29384E-5 2.21198E-5 2.1213E-5 2.28722E-5 1.95899E-5 1.88213E-5 1.81817E-5 1.7954E-5 1.7644E-5 2.23419E-5 1.93358E-5 2.18791E-5 2.03046E-5 1.60627E-5 1.6651E-5 1.69194E-5 1.63394E-5 -9999 -9999 -9999
4.12867E-5 4.04103E-5 6.33651E-5 3.65535E-5 3.83561E-5 5.03762E-5 3.61089E-5 3.37797E-5 3.43831E-5 3.21772E-5 3.21915E-5 3.07471E-5 3.06334E-5 2.98173E-5 2.8829E-5 2.68335E-5 2.7183E-5 2.85011E-5 2.54138E-5 2.64681E-5 2.47863E-5 2.39495E-5 4.25443E-5 2.84145E-5 2.82689E-5 2.34302E-5 2.41431E-5 2.30149E-5 2.91038E-5 2.26367E-5 2.21861E-5 2.39913E-5 2.11469E-5 2.26124E-5 2.0294E-5 2.08887E-5 2.19143E-5 2.17241E-5 2.54497E-5 2.41339E-5 2.32854E-5 2.3173E-5 2.30318E-5 2.15615E-5 2.11784E-5 2.05911E-5 1.88617E-5 1.83223E-5 1.82584E-5 1.78194E-5 1.75762E-5 1.7448E-5 1.73159E-5 1.80928E-5 1.70025E-5 1.61219E-5 1.65826E-5 -9999 -9999 -9999 -9999
6.82445E-5 3.823E-5 4.13137E-5 7.59384E-5 6.06651E-5 4.47416E-5 4.73044E-5 7.01173E-5 6.93487E-5 5.04276E-5 3.15489E-5 3.07387E-5 3.08451E-5 3.09347E-5 2.84332E-5 2.77639E-5 2.72715E-5 2.86613E-5 3.03398E-5 2.67216E-5 2.67398E-5 2.60536E-5 2.60671E-5 6.35148E-5 3.15737E-5 2.40036E-5 2.57291E-5 2.18467E-5 2.22312E-5 2.189E-5 2.21896E-5 2.13268E-5 2.14459E-5 2.24703E-5 2.24015E-5 2.29451E-5 2.20649E-5 2.13542E-5 2.47433E-5 2.33968E-5 2.39163E-5 2.77109E-5 2.56402E-5 2.40295E-5 2.25587E-5 2.11754E-5 1.95128E-5 1.95535E-5 1.82827E-5 1.79565E-5 1.77629E-5 1.79334E-5 1.82204E-5 1.81781E-5 1.78795E-5 1.7532E-5 1.76675E-5 -9999 -9999 -9999 -9999
1.00055E-4 4.07867E-5 4.0632E-5 5.91361E-5 4.12783E-5 5.59929E-5 4.56312E-5 1.07052E-4 1.05724E-4 3.58985E-5 6.83355E-5 9.5838E-5 2.86786E-5 3.2644E-5 3.07103E-5 2.96054E-5 2.86158E-5 2.71164E-5 2.75712E-5 2.68153E-5 2.66833E-5 3.1922E-5 2.57332E-5 2.53614E-5 2.456E-5 2.86934E-5 2.79608E-5 2.44719E-5 2.58169E-5 2.24709E-5 2.36167E-5 2.33372E-5 2.1995E-5 2.14986E-5 2.35797E-5 2.34306E-5 2.30223E-5 2.39451E-5 2.51685E-5 2.36423E-5 2.42042E-5 2.38596E-5 2.17718E-5 2.259E-5 2.09588E-5 2.07644E-5 2.02244E-5 2.01107E-5 1.93475E-5 1.81656E-5 1.83025E-5 1.85125E-5 1.84736E-5 1.81382E-5 1.83687E-5 1.79516E-5 1.97718E-5 -9999 -9999 -9999 -9999
4.29653E-5 3.91758E-5 4.15762E-5 4.12959E-5 3.99351E-5 4.3219E-5 1.19929E-4 1.22455E-4 7.74322E-5 3.56114E-5 1.05909E-4 5.76045E-5 3.13675E-5 3.19654E-5 3.09641E-5 3.05886E-5 2.86062E-5 2.92569E-5 2.91331E-5 2.83706E-5 2.68646E-5 2.78854E-5 2.67518E-5 2.69463E-5 4.22297E-5 3.04132E-5 2.59285E-5 2.54821E-5 2.33766E-5 2.36607E-5 2.36213E-5 2.346E-5 2.3832E-5 2.30259E-5 2.52665E-5 2.42417E-5 2.49415E-5 2.28363E-5 2.42669E-5 2.29283E-5 2.51657E-5 2.4648E-5 2.30046E-5 2.26284E-5 2.2178E-5 2.21273E-5 2.15782E-5 2.03396E-5 1.91943E-5 1.90769E-5 1.9842E-5 1.86359E-5 1.88428E-5 1.84265E-5 1.84197E-5 1.88086E-5 -9999 -9999 -9999 -9999 -9999
4.07625E-5 3.99269E-5 3.94524E-5 4.03092E-5 3.97063E-5 3.97889E-5 4.55928E-5 3.99131E-5 3.74742E-5 3.33476E-5 3.85211E-5 3.25761E-5 3.39276E-5 3.39527E-5 3.17103E-5 3.15073E-5 3.19114E-5 3.06628E-5 3.02658E-5 2.99556E-5 2.95433E-5 2.70932E-5 2.98835E-5 2.78151E-5 2.66392E-5 2.68572E-5 2.76208E-5 2.69603E-5 2.55198E-5 2.46228E-5 2.43325E-5 2.36465E-5 2.41178E-5 2.4917E-5 2.44644E-5 2.55743E-5 2.53851E-5 2.40132E-5 2.44325E-5 2.51331E-5 2.51305E-5 2.5685E-5 2.33705E-5 2.24903E-5 2.31421E-5 2.30606E-5 2.27083E-5 2.10917E-5 2.09847E-5 2.36694E-5 2.15587E-5 1.90458E-5 1.889E-5 1.87562E-5 1.9278E-5 1.92366E-5 -9999 -9999 -9999 -9999 -9999
4.06142E-5 4.39998E-5 4.54383E-5 4.08429E-5 3.92775E-5 3.87826E-5 3.89961E-5 3.9258E-5 3.77868E-5 3.38339E-5 3.61458E-5 3.48019E-5 3.27724E-5 3.36841E-5 3.54174E-5 3.37148E-5 3.18953E-5 3.14049E-5 3.07612E-5 4.09161E-5 6.76231E-5 2.63049E-5 3.15826E-5 3.82531E-5 3.01944E-5 2.87915E-5 2.90528E-5 2.99241E-5 2.76979E-5 2.80228E-5 2.58183E-5 2.51386E-5 2.5189E-5 2.65326E-5 2.62879E-5 2.58826E-5 2.31206E-5 2.47284E-5 2.54976E-5 2.6167E-5 2.42747E-5 2.55396E-5 2.28004E-5 2.38692E-5 2.37982E-5 2.34595E-5 2.2812E-5 2.19585E-5 2.1928E-5 2.06809E-5 2.10026E-5 1.9146E-5 1.8797E-5 1.83354E-5 1.96333E-5 2.00791E-5 -9999 -9999 -9999 -9999 -9999
4.36872E-5 4.34193E-5 4.33237E-5 4.11009E-5 3.90699E-5 3.98523E-5 3.86212E-5 4.06811E-5 3.81974E-5 3.71787E-5 3.44379E-5 3.46337E-5 3.497E-5 3.3428E-5 3.44789E-5 3.36277E-5 3.26541E-5 3.65411E-5 3.17374E-5 6.76771E-5 5.61802E-5 2.92989E-5 4.13126E-5 3.55708E-5 3.14221E-5 3.02481E-5 3.0482E-5 3.29044E-5 3.21984E-5 2.85529E-5 2.64089E-5 2.78577E-5 2.9634E-5 2.64787E-5 2.80501E-5 2.64496E-5 2.50383E-5 2.5058E-5 2.61084E-5 2.7145E-5 2.55823E-5 2.58594E-5 2.43898E-5 2.41883E-5 2.34469E-5 2.32489E-5 2.35318E-5 2.18459E-5 2.22429E-5 2.0976E-5 2.08608E-5 2.11878E-5 2.0016E-5 2.11118E-5 2.14609E-5 2.12032E-5 -9999 -9999 -9999 -9999 -9999
4.6245E-5 4.63098E-5 4.48757E-5 4.29388E-5 4.09108E-5 4.23898E-5 4.11247E-5 4.01191E-5 4.02186E-5 3.89404E-5 3.94075E-5 3.51476E-5 3.37717E-5 3.43932E-5 3.35813E-5 3.33949E-5 3.29396E-5 3.5731E-5 3.45779E-5 8.51395E-5 5.78383E-5 3.29131E-5 3.33991E-5 3.51184E-5 3.37322E-5 3.10227E-5 3.19477E-5 3.31909E-5 2.93784E-5 2.98384E-5 2.79244E-5 2.80587E-5 2.77271E-5 2.61662E-5 2.75332E-5 2.60016E-5 2.76258E-5 2.73612E-5 2.74258E-5 2.7967E-5 2.68862E-5 2.57643E-5 2.60698E-5 2.42634E-5 2.44253E-5 2.36059E-5 2.27652E-5 2.29223E-5 2.16248E-5 2.17757E-5 2.08873E-5 2.14387E-5 2.1559E-5 2.18377E-5 2.17204E-5 -9999 -9999 -9999 -9999 -9999 -9999
4.72156E-5 4.7205E-5 4.40858E-5 4.52883E-5 4.27694E-5 4.1302E-5 4.14551E-5 4.07131E-5 3.98761E-5 3.77511E-5 3.61458E-5 3.70899E-5 3.79878E-5 3.56529E-5 3.60045E-5 3.42066E-5 3.89186E-5 3.60796E-5 5.6346E-5 4.32398E-5 3.29328E-5 3.25395E-5 3.43255E-5 3.3287E-5 3.19466E-5 3.18803E-5 3.33844E-5 3.23044E-5 3.15963E-5 3.10574E-5 3.06468E-5 2.9678E-5 2.91874E-5 2.89091E-5 3.01936E-5 2.98108E-5 2.77805E-5 2.73285E-5 2.70433E-5 2.81218E-5 2.89807E-5 2.8162E-5 2.65685E-5 2.47864E-5 2.43579E-5 2.52201E-5 2.47851E-5 2.41721E-5 2.25804E-5 2.30278E-5 2.25443E-5 2.27326E-5 2.35925E-5 2.26281E-5 2.35839E-5 -9999 -9999 -9999 -9999 -9999 -9999
4.99749E-5 4.73751E-5 4.52191E-5 4.59994E-5 4.39297E-5 4.5307E-5 4.31327E-5 4.2915E-5 4.24673E-5 4.15337E-5 3.86306E-5 3.93312E-5 4.00849E-5 3.94478E-5 3.61684E-5 3.55889E-5 5.86861E-5 5.03878E-5 3.37859E-5 3.25466E-5 3.40856E-5 3.81378E-5 3.65164E-5 3.58859E-5 3.47905E-5 3.74988E-5 3.1916E-5 3.26137E-5 3.18285E-5 3.08408E-5 3.371E-5 3.10811E-5 3.27204E-5 3.06574E-5 3.00122E-5 3.01422E-5 2.959E-5 2.70005E-5 2.95618E-5 2.83908E-5 2.90878E-5 2.73556E-5 2.80808E-5 2.75731E-5 2.62228E-5 2.11502E-5 2.47542E-5 2.61096E-5 2.43718E-5 2.50158E-5 2.38721E-5 3.0155E-5 2.76257E-5 2.40732E-5 2.43229E-5 -9999 -9999 -9999 -9999 -9999 -9999
4.95639E-5 5.0627E-5 4.75897E-5 4.98924E-5 4.82761E-5 4.71299E-5 4.62855E-5 4.40862E-5 4.52403E-5 4.16313E-5 4.26319E-5 4.12812E-5 4.12543E-5 4.34891E-5 5.53292E-5 5.25544E-5 3.8302E-5 4.16477E-5 4.10783E-5 4.0504E-5 3.51756E-5 3.71684E-5 3.46779E-5 3.54098E-5 3.44827E-5 3.4229E-5 3.74663E-5 3.33659E-5 3.45562E-5 3.48897E-5 3.14581E-5 3.27264E-5 3.345E-5 3.29751E-5 3.11371E-5 2.88173E-5 3.01704E-5 2.88887E-5 2.9727E-5 2.90681E-5 2.88132E-5 2.70828E-5 2.85164E-5 2.93893E-5 2.76418E-5 2.52661E-5 2.46625E-5 2.55418E-5 2.56883E-5 2.49162E-5 2.67717E-5 2.50875E-5 2.46187E-5 2.43794E-5 -9999 -9999 -9999 -9999 -9999 -9999 -9999
5.38658E-5 5.46125E-5 5.29185E-5 5.24857E-5 5.4044E-5 5.32661E-5 5.05027E-5 5.25833E-5 4.51993E-5 4.33218E-5 4.58688E-5 4.39224E-5 3.82797E-5 4.12148E-5 5.95887E-5 4.40633E-5 3.76434E-5 4.19753E-5 5.22848E-5 3.71244E-5 3.54822E-5 3.47144E-5 3.70445E-5 3.69739E-5 3.85356E-5 3.76694E-5 3.81205E-5 3.60084E-5 3.6558E-5 3.58287E-5 3.50838E-5 3.31103E-5 3.22992E-5 3.26126E-5 3.21173E-5 2.96274E-5 3.1617E-5 3.10325E-5 3.1153E-5 3.09582E-5 3.06579E-5 2.95215E-5 2.94631E-5 2.90406E-5 2.84464E-5 2.80225E-5 2.75401E-5 2.56566E-5 2.61822E-5 2.59365E-5 2.60735E-5 2.52502E-5 2.58649E-5 2.56791E-5 -9999 -9999 -9999 -9999 -9999 -9999 -9999
5.75337E-5 5.55547E-5 6.11225E-5 5.95605E-5 6.01789E-5 5.68986E-5 5.3528E-5 4.98939E-5 4.7238E-5 4.33094E-5 4.52932E-5 4.6798E-5 5.81498E-5 5.662E-5 5.09407E-5 5.19743E-5 5.84494E-5 4.78407E-5 3.89074E-5 3.83795E-5 3.61093E-5 6.48675E-5 4.03852E-5 3.76645E-5 3.87776E-5 4.00903E-5 4.07788E-5 3.93497E-5 3.7508E-5 3.70506E-5 3.90097E-5 3.45415E-5 3.50253E-5 3.42772E-5 3.29248E-5 3.25102E-5 3.28541E-5 3.1557E-5 3.09568E-5 2.97572E-5 2.95948E-5 3.16391E-5 3.01435E-5 2.99643E-5 2.92807E-5 2.93442E-5 2.88073E-5 2.92593E-5 2.76719E-5 2.7424E-5 2.74688E-5 2.65195E-5 2.73028E-5 2.6461E-5 -9999 -9999 -9999 -9999 -9999 -9999 -9999
5.74917E-5 5.94839E-5 6.85707E-5 6.22E-5 6.34558E-5 6.03362E-5 5.93345E-5 5.17394E-5 4.97622E-5 4.69192E-5 4.40647E-5 4.50122E-5 4.65175E-5 4.45325E-5 5.07457E-5 8.04355E-5 1.07427E-4 4.49788E-5 4.21021E-5 4.14554E-5 4.10971E-5 3.87839E-5 4.17459E-5 4.14162E-5 3.94601E-5 4.05626E-5 4.22586E-5 4.12839E-5 3.99527E-5 4.07337E-5 3.58404E-5 4.25683E-5 3.56521E-5 3.47726E-5 3.46851E-5 3.59177E-5 3.27499E-5 3.2232E-5 3.32856E-5 3.2209E-5 3.16228E-5 3.11735E-5 3.09409E-5 3.08375E-5 3.01305E-5 3.00848E-5 2.94382E-5 2.86399E-5 2.95405E-5 2.87983E-5 2.85312E-5 2.87127E-5 2.81657E-5 -9999 -9999 -9999 -9999 -9999 -9999 -9999 -9999
5.88731E-5 5.59742E-5 6.76339E-5 6.39693E-5 6.65437E-5 6.55951E-5 6.70558E-5 6.06104E-5 5.61227E-5 5.20162E-5 4.78126E-5 4.5556E-5 4.3863E-5 4.61326E-5 5.38505E-5 1.16218E-4 1.17221E-4 6.08496E-5 4.25624E-5 4.14931E-5 4.17296E-5 4.33521E-5 4.39821E-5 4.12615E-5 4.40932E-5 4.48524E-5 4.35691E-5 4.12288E-5 4.01403E-5 4.15476E-5 3.89332E-5 3.86082E-5 3.69963E-5 3.77167E-5 3.59668E-5 3.69731E-5 3.60797E-5 3.43184E-5 3.40184E-5 3.43532E-5 3.30308E-5 3.21671E-5 3.32824E-5 3.15571E-5 3.10895E-5 2.94021E-5 3.31053E-5 3.11508E-5 3.15793E-5 3.05836E-5 4.15448E-5 2.9332E-5 2.77817E-5 -9999 -9999 -9999 -9999 -9999 -9999 -9999 -9999
7.15938E-5 6.97757E-5 6.39553E-5 6.41007E-5 6.77292E-5 7.04743E-5 7.31477E-5 6.77679E-5 1.45485E-4 6.32947E-5 5.11208E-5 4.79895E-5 4.63924E-5 4.77721E-5 5.14851E-5 7.28201E-5 6.40193E-5 4.57178E-5 4.6821E-5 4.31382E-5 4.81589E-5 4.57554E-5 4.63332E-5 4.5072E-5 4.69485E-5 4.70283E-5 4.64585E-5 4.576E-5 4.58425E-5 4.32814E-5 4.0431E-5 3.89735E-5 4.06073E-5 3.7504E-5 3.73384E-5 3.72595E-5 3.63515E-5 3.44725E-5 3.45876E-5 3.52739E-5 3.26884E-5 3.48527E-5 3.42762E-5 3.41269E-5 3.34161E-5 3.13349E-5 3.18308E-5 3.26773E-5 3.27176E-5 3.33787E-5 3.85384E-5 2.89615E-5 2.93243E-5 -9999 -9999 -9999 -9999 -9999 -9999 -9999 -9999
6.56505E-5 6.76921E-5 6.4145E-5 6.94035E-5 7.33985E-5 7.5584E-5 6.59792E-5 5.75861E-5 9.57962E-5 1.01061E-4 5.38636E-5 5.01677E-5 4.9271E-5 4.97103E-5 4.81925E-5 4.7661E-5 4.92489E-5 4.66916E-5 4.69603E-5 4.80912E-5 4.7984E-5 4.72423E-5 4.85442E-5 4.53828E-5 4.79675E-5 4.68364E-5 5.54724E-5 5.62165E-5 4.6919E-5 4.62862E-5 4.23846E-5 4.11481E-5 3.97523E-5 4.02291E-5 3.87363E-5 3.80394E-5 3.76081E-5 3.80385E-5 3.7687E-5 3.73908E-5 3.52311E-5 3.42105E-5 3.611E-5 3.45591E-5 3.46163E-5 3.18449E-5 3.37196E-5 3.49841E-5 3.3814E-5 3.39681E-5 3.08154E-5 3.23624E-5 3.24996E-5 -9999 -9999 -9999 -9999 -9999 -9999 -9999 -9999
7.52761E-5 5.83421E-5 5.74977E-5 6.65497E-5 7.11642E-5 7.30218E-5 6.97723E-5 6.22527E-5 6.66315E-5 7.44004E-5 7.59189E-5 5.44667E-5 5.43684E-5 5.2131E-5 4.87363E-5 4.91957E-5 4.79635E-5 5.01957E-5 5.56763E-5 5.07893E-5 5.19482E-5 5.42687E-5 4.94353E-5 5.06131E-5 5.03628E-5 5.11063E-5 5.13762E-5 5.73236E-5 6.29609E-5 4.82653E-5 4.63027E-5 4.23158E-5 4.02606E-5 4.14746E-5 3.87505E-5 4.01543E-5 3.93101E-5 3.85589E-5 3.94153E-5 3.91597E-5 3.67242E-5 3.51203E-5 3.54291E-5 3.36535E-5 3.27305E-5 3.14693E-5 3.5189E-5 3.6461E-5 3.4071E-5 3.62878E-5 3.48551E-5 3.43473E-5 -9999 -9999 -9999 -9999 -9999 -9999 -9999 -9999 -9999
7.67589E-5 6.72011E-5 6.61836E-5 6.79128E-5 6.88866E-5 7.65293E-5 6.41644E-5 6.43132E-5 6.88245E-5 5.82789E-5 5.76405E-5 6.02342E-5 5.99861E-5 5.30242E-5 5.21128E-5 5.37754E-5 5.23515E-5 5.1036E-5 5.48217E-5 5.29592E-5 5.77371E-5 5.48847E-5 5.18826E-5 6.54202E-5 9.78691E-5 5.09456E-5 5.155E-5 5.07738E-5 6.14273E-5 4.89522E-5 4.49988E-5 4.34947E-5 4.30952E-5 4.35439E-5 4.11724E-5 4.01964E-5 4.06257E-5 3.75418E-5 4.16546E-5 3.99881E-5 3.99913E-5 3.79651E-5 3.94E-5 3.45753E-5 3.42888E-5 3.45136E-5 3.68335E-5 3.80424E-5 3.70457E-5 3.75145E-5 3.69208E-5 3.4307E-5 -9999 -9999 -9999 -9999 -9999 -9999 -9999 -9999 -9999
8.92067E-5 6.88361E-5 9.13824E-5 6.40824E-5 5.9364E-5 6.84108E-5 7.2392E-5 6.3194E-5 5.88289E-5 5.94284E-5 5.80811E-5 6.78638E-5 6.06055E-5 5.17477E-5 5.94526E-5 6.73376E-5 5.58031E-5 5.30039E-5 5.1188E-5 5.44899E-5 5.46117E-5 5.04841E-5 5.30998E-5 5.49275E-5 1.03405E-4 5.43661E-5 5.39187E-5 5.30309E-5 5.17554E-5 4.96513E-5 4.88988E-5 4.64568E-5 4.65336E-5 4.44283E-5 4.41435E-5 4.32557E-5 4.1763E-5 3.96482E-5 4.29355E-5 4.24423E-5 4.17813E-5 3.99113E-5 3.94774E-5 3.75638E-5 3.48132E-5 3.6114E-5 3.7845E-5 3.87877E-5 4.71333E-5 3.79179E-5 3.59245E-5 3.58095E-5 -9999 -9999 -9999 -9999 -9999 -9999 -9999 -9999 -9999
1.10239E-4 7.02904E-5 9.23666E-5 6.17639E-5 7.49745E-5 6.96585E-5 5.83718E-5 5.91072E-5 6.30527E-5 5.77781E-5 6.04264E-5 6.04618E-5 6.2313E-5 5.44165E-5 6.46214E-5 5.96881E-5 5.51241E-5 6.11639E-5 6.96737E-5 5.63803E-5 5.62949E-5 5.13738E-5 4.91606E-5 5.49838E-5 5.68321E-5 5.63675E-5 5.32829E-5 5.34637E-5 5.14776E-5 4.98234E-5 5.18646E-5 4.9346E-5 4.67906E-5 4.29982E-5 4.45005E-5 4.46581E-5 4.28086E-5 4.1172E-5 4.39126E-5 4.21364E-5 4.21844E-5 4.15308E-5 4.06058E-5 3.88607E-5 3.80068E-5 3.72432E-5 3.79399E-5 3.91725E-5 4.52585E-5 4.1825E-5 3.99727E-5 -9999 -9999 -9999 -9999 -9999 -9999 -9999 -9999 -9999 -9999
8.05698E-5 7.06887E-5 6.05046E-5 7.47143E-5 6.79893E-5 5.69891E-5 5.78693E-5 5.74463E-5 6.22018E-5 5.90649E-5 6.5881E-5 6.18854E-5 7.13213E-5 6.68745E-5 6.47823E-5 6.3705E-5 6.78937E-5 5.6494E-5 5.75772E-5 6.44664E-5 5.76134E-5 5.06864E-5 4.9097E-5 5.66551E-5 5.6596E-5 5.32879E-5 5.15232E-5 5.46105E-5 5.24979E-5 4.94097E-5 5.05099E-5 4.99855E-5 4.94544E-5 4.8899E-5 4.7227E-5 4.70877E-5 4.54372E-5 4.23767E-5 4.23035E-5 4.24346E-5 4.26358E-5 4.28296E-5 4.10884E-5 4.14038E-5 3.98926E-5 3.93177E-5 4.02787E-5 4.22493E-5 4.31928E-5 4.20512E-5 4.3027E-5 -9999 -9999 -9999 -9999 -9999 -9999 -9999 -9999 -9999 -9999
