Candidate_Models_July82022/M_2_F_lqp_Set_1_all/Bison.asc
ncols         290
nrows         380
xllcorner     -2197417.7431653
yllcorner     -584827.01486885
cellsize      10000.0
NODATA_value  -9999
[rows 189 to 215 of 380, columns 0 to 60 of 290]
-9999 -9999 -9999 -9999 -9999 -9999 -9999 -9999 -9999 -9999 1.44294E-6 5.25041E-7 1.06949E-6 -9999 -9999 -9999 -9999 -9999 -9999 -9999 -9999 -9999 -9999 -9999 8.90623E-6 3.61526E-6 6.99491E-6 1.18964E-6 1.04902E-6 9.51633E-7 9.7789E-8 8.92497E-7 -9999 -9999 -9999 5.09557E-7 2.15033E-6 7.42544E-7 8.44792E-7 5.95108E-6 3.52031E-6 1.51939E-6 1.50979E-5 2.28907E-5 3.02896E-5 2.51878E-5 3.13772E-5 2.21648E-5 3.87925E-5 3.2448E-5 2.20465E-5 2.88912E-5 3.41626E-5 3.20786E-5 3.83587E-5 2.33874E-5 2.31096E-5 3.19191E-5 3.39206E-5 3.45346E-5 4.29715E-5
-9999 -9999 -9999 -9999 -9999 -9999 -9999 -9999 -9999 -9999 2.13647E-6 2.50588E-6 1.79185E-6 4.04163E-6 -9999 -9999 -9999 -9999 -9999 -9999 -9999 -9999 -9999 -9999 -9999 5.60914E-6 -9999 5.70544E-7 6.18779E-7 5.74388E-7 8.1678E-7 4.21873E-6 5.59269E-7 4.64884E-7 4.20481E-7 2.72684E-7 1.49386E-6 1.04156E-6 1.174E-6 1.01859E-5 1.00285E-5 9.46294E-6 7.09883E-6 1.41641E-5 1.25611E-5 1.82963E-5 2.50694E-5 1.29478E-5 3.03966E-5 3.78399E-5 2.93786E-5 2.21056E-5 1.9886E-5 2.18879E-5 4.11463E-5 2.79975E-5 2.21413E-5 2.88848E-5 1.92017E-5 1.88906E-5 2.32541E-5
-9999 -9999 -9999 -9999 -9999 -9999 -9999 -9999 -9999 -9999 3.34209E-6 7.06084E-7 3.86124E-6 -9999 -9999 -9999 -9999 -9999 -9999 -9999 -9999 -9999 -9999 -9999 -9999 4.00639E-6 -9999 2.75729E-6 2.13749E-6 1.69234E-6 3.08544E-6 5.65727E-7 -9999 -9999 -9999 1.15488E-7 2.0807E-6 4.15199E-6 6.3169E-6 5.62162E-6 1.10952E-5 4.52334E-6 1.39049E-5 3.91122E-6 2.93353E-6 1.92301E-5 2.27314E-5 2.96912E-5 3.73095E-5 3.57735E-5 3.44257E-5 2.21375E-5 2.27806E-5 2.353E-5 2.78135E-5 2.79294E-5 2.56652E-5 2.32536E-5 2.88869E-5 2.34417E-5 1.90192E-5
-9999 -9999 -9999 -9999 -9999 -9999 -9999 -9999 -9999 -9999 1.9728E-6 1.18071E-6 -9999 -9999 -9999 -9999 -9999 -9999 -9999 -9999 -9999 -9999 -9999 -9999 -9999 7.34405E-6 -9999 4.99472E-6 -9999 -9999 -9999 2.41009E-7 -9999 3.68015E-7 3.29977E-6 1.60252E-7 5.31984E-6 3.3408E-6 4.28025E-6 3.12848E-6 1.02371E-5 3.28047E-6 1.67333E-6 1.40844E-5 5.26628E-6 1.85488E-5 2.55578E-5 1.15758E-5 1.59819E-5 3.09667E-5 3.06517E-5 3.8257E-5 3.38065E-5 3.34584E-5 3.12091E-5 2.76808E-5 2.75995E-5 2.31699E-5 2.79762E-5 2.49209E-5 2.60345E-5
-9999 -9999 -9999 -9999 -9999 -9999 -9999 -9999 -9999 -9999 -9999 9.44767E-7 4.18749E-6 2.45797E-6 -9999 -9999 -9999 -9999 -9999 -9999 -9999 -9999 -9999 -9999 -9999 -9999 -9999 -9999 -9999 -9999 -9999 -9999 1.57298E-6 4.97848E-8 1.0045E-6 7.14208E-7 5.68126E-6 2.72439E-6 2.61483E-6 -9999 6.71323E-6 9.41284E-6 7.95379E-6 1.38985E-5 1.90432E-5 1.74626E-5 1.92644E-5 2.2636E-5 2.96782E-5 3.14152E-5 3.07841E-5 3.28863E-5 3.45734E-5 3.50143E-5 4.01468E-5 3.41157E-5 3.23616E-5 3.55402E-5 2.7292E-5 2.63458E-5 2.58035E-5
-9999 -9999 -9999 -9999 -9999 -9999 -9999 -9999 -9999 -9999 -9999 5.71665E-7 6.66831E-6 -9999 -9999 -9999 -9999 -9999 -9999 -9999 -9999 -9999 -9999 -9999 -9999 -9999 5.57386E-6 7.74877E-6 -9999 2.41746E-7 -9999 1.66726E-7 1.25189E-7 9.47195E-9 2.35968E-9 1.88162E-7 9.30292E-7 -9999 2.30479E-6 1.17347E-6 3.69392E-6 1.1915E-5 1.08638E-5 6.2078E-6 1.64187E-5 1.60451E-5 2.70073E-5 3.76047E-5 2.79643E-5 3.09778E-5 4.79216E-5 3.55308E-5 3.38283E-5 3.14314E-5 3.52975E-5 3.14871E-5 3.42003E-5 3.07329E-5 3.49393E-5 3.78545E-5 3.71696E-5
-9999 -9999 -9999 -9999 -9999 -9999 -9999 -9999 -9999 -9999 -9999 -9999 5.28848E-6 -9999 -9999 -9999 -9999 -9999 -9999 -9999 -9999 -9999 -9999 -9999 -9999 -9999 8.57867E-6 -9999 -9999 -9999 1.23099E-7 2.19311E-7 -9999 1.71248E-8 2.81872E-8 4.1815E-7 1.00764E-6 1.83705E-6 6.28569E-6 1.47168E-5 1.05279E-5 6.16555E-6 8.61907E-6 1.09994E-5 1.0053E-5 1.53413E-5 2.98342E-5 2.09913E-5 4.17672E-5 2.12242E-5 2.7407E-5 4.82889E-5 3.63062E-5 3.39857E-5 3.31011E-5 3.63914E-5 3.0034E-5 2.54693E-5 3.14372E-5 3.74481E-5 5.03017E-5
-9999 -9999 -9999 -9999 -9999 -9999 -9999 -9999 -9999 -9999 -9999 -9999 3.68922E-6 -9999 -9999 -9999 -9999 -9999 -9999 -9999 -9999 -9999 -9999 -9999 -9999 -9999 -9999 -9999 -9999 9.03379E-7 1.09971E-7 3.57666E-7 1.13916E-7 9.85577E-7 1.97704E-7 4.78625E-7 2.03848E-6 3.02377E-6 2.5009E-6 3.8919E-6 5.21495E-6 2.44721E-6 1.10071E-5 1.95263E-5 3.31563E-5 4.29559E-5 2.31426E-5 9.59119E-6 1.67506E-5 2.00038E-5 1.81251E-5 3.06449E-5 4.58757E-5 4.69129E-5 4.62268E-5 4.52587E-5 3.4281E-5 2.0685E-5 2.68585E-5 3.47943E-5 3.90206E-5
-9999 -9999 -9999 -9999 -9999 -9999 -9999 -9999 -9999 -9999 -9999 -9999 3.78398E-6 -9999 -9999 -9999 -9999 -9999 -9999 -9999 -9999 -9999 -9999 -9999 -9999 -9999 -9999 -9999 -9999 1.92122E-6 6.24757E-7 3.7425E-8 3.95941E-7 3.86446E-7 5.33791E-7 9.07863E-7 3.84573E-7 1.94506E-6 2.2899E-6 4.18166E-6 5.64879E-6 5.82603E-6 1.13143E-5 1.76235E-5 2.63231E-5 1.74854E-5 1.66596E-5 1.85628E-5 9.32901E-6 1.51713E-5 2.34593E-5 2.48497E-5 3.96214E-5 3.74158E-5 5.26582E-5 3.98941E-5 4.81308E-5 4.75024E-5 4.63153E-5 5.73844E-5 4.67369E-5
-9999 -9999 -9999 -9999 -9999 -9999 -9999 -9999 -9999 -9999 -9999 -9999 3.95543E-6 5.37364E-6 -9999 -9999 -9999 -9999 -9999 -9999 -9999 -9999 -9999 -9999 -9999 -9999 -9999 7.80745E-6 -9999 2.41705E-6 6.58692E-8 1.0306E-6 1.61985E-7 1.83199E-7 1.83686E-8 3.58978E-6 3.99292E-6 1.87124E-6 1.26565E-6 1.46612E-6 1.89929E-6 4.89016E-6 6.63195E-6 7.77724E-6 1.14327E-5 2.32356E-5 1.87881E-5 2.11173E-5 2.1223E-5 1.36725E-5 2.08923E-5 3.42317E-5 5.18756E-5 5.25422E-5 6.83282E-5 5.34031E-5 6.17623E-5 4.74042E-5 5.99195E-5 6.14503E-5 3.61553E-5
-9999 -9999 -9999 -9999 -9999 -9999 -9999 -9999 -9999 -9999 -9999 -9999 5.56408E-6 -9999 -9999 -9999 -9999 -9999 -9999 -9999 -9999 -9999 -9999 -9999 -9999 -9999 -9999 7.95477E-6 -9999 2.3248E-6 8.24708E-7 2.76663E-7 -9999 6.81464E-7 1.05442E-7 4.20663E-7 3.12316E-6 1.67908E-6 3.5699E-6 2.7116E-6 5.34873E-6 5.77048E-6 4.94641E-6 1.13934E-5 1.94205E-5 2.43159E-5 2.71542E-5 1.12018E-5 1.27629E-5 1.41501E-5 1.89072E-5 4.87823E-5 4.31232E-5 4.01145E-5 4.00293E-5 3.63087E-5 8.89873E-5 1.47768E-4 1.28869E-4 4.21765E-5 3.10741E-5
-9999 -9999 -9999 -9999 -9999 -9999 -9999 -9999 -9999 -9999 -9999 -9999 -9999 6.6124E-6 -9999 -9999 -9999 -9999 -9999 -9999 -9999 -9999 -9999 -9999 -9999 -9999 -9999 8.92224E-6 6.7632E-6 6.83309E-6 2.47197E-6 9.83454E-7 -9999 1.15242E-6 -9999 1.04052E-7 6.19573E-7 1.99747E-7 6.01622E-7 8.39687E-7 2.64139E-6 4.99764E-6 5.08986E-6 1.19287E-5 1.27492E-5 2.09713E-5 3.04166E-5 3.59174E-5 3.13201E-5 3.52074E-5 4.01032E-5 3.90342E-5 3.28826E-5 4.0526E-5 6.51255E-5 5.55075E-5 1.04572E-4 6.8681E-5 3.83297E-5 4.81384E-5 3.14794E-5
-9999 -9999 -9999 -9999 -9999 -9999 -9999 -9999 -9999 -9999 -9999 -9999 -9999 -9999 -9999 -9999 -9999 -9999 -9999 -9999 -9999 -9999 -9999 -9999 -9999 -9999 -9999 -9999 8.95951E-6 -9999 2.7783E-6 -9999 2.19001E-6 4.648E-7 -9999 2.14944E-6 7.53977E-7 2.55753E-6 3.37875E-6 1.0703E-6 1.36464E-5 5.31301E-6 5.20092E-6 1.16359E-5 1.44415E-5 1.75875E-5 1.70801E-5 3.3118E-5 1.20205E-5 2.10719E-5 3.81305E-5 4.45173E-5 4.01712E-5 4.04332E-5 2.96046E-5 3.42252E-5 3.77965E-5 3.2422E-5 2.71635E-5 3.63088E-5 4.01388E-5
-9999 -9999 -9999 -9999 -9999 -9999 -9999 -9999 -9999 -9999 -9999 -9999 -9999 -9999 -9999 -9999 -9999 -9999 -9999 -9999 -9999 -9999 -9999 -9999 -9999 -9999 -9999 -9999 -9999 8.52264E-6 4.13132E-6 -9999 5.34037E-7 -9999 1.2871E-6 1.47485E-6 1.20235E-6 1.80329E-5 6.98039E-6 3.34213E-7 1.12121E-5 6.75474E-6 1.16004E-5 8.62746E-6 1.12792E-5 5.7802E-6 7.47162E-6 2.447E-5 3.24161E-5 3.97428E-5 3.44917E-5 4.73767E-5 4.03381E-5 3.94564E-5 4.6092E-5 2.4716E-5 3.70422E-5 3.53987E-5 2.34596E-5 3.50215E-5 4.45086E-5
-9999 -9999 -9999 -9999 -9999 -9999 -9999 -9999 -9999 -9999 -9999 -9999 -9999 -9999 -9999 -9999 -9999 -9999 -9999 -9999 -9999 -9999 -9999 -9999 -9999 -9999 -9999 -9999 -9999 6.76212E-6 4.07239E-6 -9999 4.93929E-6 8.02777E-7 2.14388E-6 1.40364E-6 7.28089E-7 4.07087E-6 2.80259E-6 6.5739E-6 4.16499E-6 9.95214E-6 5.59018E-6 1.08784E-5 7.89708E-6 1.75019E-6 2.43474E-5 2.74172E-5 3.14266E-5 3.35389E-5 3.66633E-5 3.32974E-5 3.07423E-5 3.64385E-5 3.89439E-5 3.27556E-5 4.64951E-5 8.19264E-5 5.61901E-5 3.75885E-5 4.2464E-5
-9999 -9999 -9999 -9999 -9999 -9999 -9999 -9999 -9999 -9999 -9999 -9999 -9999 -9999 -9999 -9999 -9999 -9999 -9999 -9999 -9999 -9999 -9999 -9999 -9999 -9999 -9999 -9999 -9999 6.0431E-6 -9999 8.42003E-6 -9999 -9999 3.30706E-6 6.21548E-7 5.06674E-7 1.63506E-6 8.97864E-6 2.1609E-6 5.39367E-6 -9999 2.7881E-6 5.81577E-6 1.0225E-5 1.09078E-5 2.09312E-5 1.95923E-5 2.32995E-5 2.6094E-5 2.92556E-5 3.34578E-5 2.9701E-5 2.78384E-5 5.11053E-5 2.83448E-5 2.67497E-5 5.01106E-5 2.79418E-5 8.55189E-5 5.01984E-5
-9999 -9999 -9999 -9999 -9999 -9999 -9999 -9999 -9999 -9999 -9999 -9999 -9999 -9999 -9999 -9999 -9999 -9999 -9999 -9999 -9999 -9999 -9999 -9999 -9999 -9999 -9999 -9999 -9999 -9999 -9999 6.01861E-6 -9999 1.46198E-6 2.91058E-6 1.22351E-6 1.24083E-6 0E0 2.40505E-6 5.88794E-6 -9999 1.26E-6 3.81322E-6 5.74376E-6 7.34111E-6 1.11004E-5 1.54798E-5 1.55088E-5 2.21402E-5 2.65547E-5 5.0355E-5 5.5705E-5 3.41317E-5 3.55382E-5 3.53067E-5 2.47865E-5 3.98171E-5 3.78191E-5 4.41793E-5 6.00458E-5 3.69078E-5
-9999 -9999 -9999 -9999 -9999 -9999 -9999 -9999 -9999 -9999 -9999 -9999 -9999 -9999 -9999 -9999 -9999 -9999 -9999 -9999 -9999 -9999 -9999 -9999 -9999 -9999 -9999 -9999 -9999 -9999 6.85853E-6 -9999 -9999 -9999 3.06734E-6 1.22981E-6 6.02179E-7 5.03243E-6 5.60704E-6 4.62032E-7 2.72585E-6 1.54115E-6 4.34583E-6 1.30565E-5 6.76068E-6 4.15527E-6 8.97068E-6 1.02438E-5 1.38822E-5 1.72607E-5 3.59024E-5 3.06679E-5 2.35151E-5 2.91182E-5 3.43932E-5 3.45434E-5 3.3534E-5 6.00191E-5 4.03752E-5 3.49534E-5 4.84149E-5
-9999 -9999 -9999 -9999 -9999 -9999 -9999 -9999 -9999 -9999 -9999 -9999 -9999 -9999 -9999 -9999 -9999 -9999 -9999 -9999 -9999 -9999 -9999 -9999 -9999 -9999 -9999 -9999 -9999 -9999 7.41308E-6 6.89847E-6 -9999 3.48127E-6 -9999 4.55509E-6 -9999 1.06195E-6 -9999 1.46349E-6 4.3049E-6 4.38571E-6 3.24526E-6 1.06681E-5 9.1304E-6 2.77434E-6 4.46942E-6 9.85224E-6 1.98011E-5 2.67007E-5 3.46523E-5 2.78189E-5 4.1501E-5 2.7552E-5 3.03599E-5 3.49908E-5 3.01469E-5 3.12275E-5 3.49841E-5 3.74748E-5 3.73084E-5
-9999 -9999 -9999 -9999 -9999 -9999 -9999 -9999 -9999 -9999 -9999 -9999 -9999 -9999 -9999 -9999 -9999 -9999 -9999 -9999 -9999 -9999 -9999 -9999 -9999 -9999 -9999 -9999 -9999 -9999 -9999 6.08468E-6 5.28497E-6 -9999 2.55902E-6 9.46427E-7 1.85792E-6 3.16615E-6 -9999 -9999 -9999 5.11329E-6 5.98951E-6 5.80877E-6 8.75609E-6 7.56549E-6 1.38438E-5 1.18375E-5 1.55061E-5 1.72738E-5 5.75802E-5 2.33791E-5 4.74272E-5 2.44085E-5 3.00524E-5 3.47949E-5 3.14189E-5 2.98773E-5 2.991E-5 3.90849E-5 3.72137E-5
-9999 -9999 -9999 -9999 -9999 -9999 -9999 -9999 -9999 -9999 -9999 -9999 -9999 -9999 -9999 -9999 -9999 -9999 -9999 -9999 -9999 -9999 -9999 -9999 -9999 -9999 -9999 -9999 -9999 -9999 -9999 4.68451E-6 5.6757E-6 4.803E-6 4.28032E-6 3.84737E-6 9.07092E-7 9.59664E-8 1.30465E-7 1.20007E-6 7.75435E-7 4.28005E-7 0E0 9.22329E-6 7.01794E-6 8.91182E-6 1.90921E-5 6.86395E-6 1.0079E-5 1.56436E-5 3.52931E-5 3.11729E-5 2.15137E-5 2.49158E-5 3.56775E-5 3.38757E-5 3.53593E-5 2.92603E-5 3.01443E-5 3.19335E-5 3.63232E-5
-9999 -9999 -9999 -9999 -9999 -9999 -9999 -9999 -9999 -9999 -9999 -9999 -9999 -9999 -9999 -9999 -9999 -9999 -9999 -9999 -9999 -9999 -9999 -9999 -9999 -9999 -9999 -9999 -9999 -9999 6.15824E-6 4.66702E-6 -9999 4.53469E-6 -9999 1.57208E-6 1.58828E-7 8.12836E-7 5.61747E-7 1.12793E-7 3.55603E-6 2.97054E-6 3.87227E-6 1.06458E-5 2.90798E-5 1.15263E-5 -9999 7.20689E-6 1.31634E-5 3.17152E-5 3.44941E-5 4.19696E-5 3.40804E-5 2.72194E-5 2.8122E-5 2.81388E-5 3.14323E-5 4.18976E-5 3.758E-5 3.3794E-5 3.93212E-5
-9999 -9999 -9999 -9999 -9999 -9999 -9999 -9999 -9999 -9999 -9999 -9999 -9999 -9999 -9999 -9999 -9999 -9999 -9999 -9999 -9999 -9999 -9999 -9999 -9999 -9999 -9999 -9999 -9999 -9999 -9999 -9999 6.11468E-6 7.55274E-7 1.14534E-6 2.25609E-7 9.11625E-7 1.63004E-7 2.31028E-6 1.86649E-6 -9999 3.47415E-6 3.15129E-6 3.38939E-6 2.98601E-5 8.31057E-6 1.88687E-5 7.9489E-6 1.05938E-5 1.70544E-5 2.98008E-5 4.55534E-5 3.73251E-5 2.88558E-5 2.70591E-5 3.03781E-5 2.91247E-5 7.71364E-5 6.17323E-5 4.37577E-5 4.29672E-5
-9999 -9999 -9999 -9999 -9999 -9999 -9999 -9999 -9999 -9999 -9999 -9999 -9999 -9999 -9999 -9999 -9999 -9999 -9999 -9999 -9999 -9999 -9999 -9999 -9999 -9999 -9999 -9999 -9999 -9999 -9999 -9999 3.30225E-6 2.75696E-6 9.72563E-7 2.32045E-7 1.41044E-7 -9999 1.16605E-6 0E0 6.55143E-6 2.09842E-6 2.61114E-6 3.76955E-5 2.54071E-5 9.97807E-6 4.16404E-5 3.80867E-5 1.69591E-5 1.03124E-5 2.25299E-5 3.62672E-5 4.11046E-5 3.32765E-5 2.71118E-5 3.3627E-5 3.83557E-5 4.62035E-5 5.61656E-5 5.07548E-5 5.58779E-5
-9999 -9999 -9999 -9999 -9999 -9999 -9999 -9999 -9999 -9999 -9999 -9999 -9999 -9999 -9999 -9999 -9999 -9999 -9999 -9999 -9999 -9999 -9999 -9999 -9999 -9999 -9999 -9999 -9999 -9999 4.62958E-6 -9999 4.2551E-6 3.52175E-6 1.99878E-6 1.5869E-6 1.23186E-7 2.30555E-7 1.11023E-6 4.40553E-7 1.27329E-6 1.81797E-7 -9999 7.22736E-5 1.28022E-5 4.24457E-6 6.47694E-6 5.75719E-5 7.14806E-5 1.13935E-4 3.35553E-5 4.66907E-5 3.90787E-5 2.75106E-5 2.42744E-5 3.60373E-5 4.9066E-5 3.85942E-5 7.9966E-5 6.37351E-5 3.73105E-5
-9999 -9999 -9999 -9999 -9999 -9999 -9999 -9999 -9999 -9999 -9999 -9999 -9999 -9999 -9999 -9999 -9999 -9999 -9999 -9999 -9999 -9999 -9999 -9999 -9999 -9999 -9999 -9999 -9999 -9999 2.78722E-6 -9999 -9999 4.1034E-6 -9999 1.90438E-6 1.85044E-7 4.52144E-7 5.4306E-7 1.17326E-6 9.84158E-7 1.18272E-5 2.09414E-6 5.7876E-5 8.2878E-5 2.07084E-5 2.97996E-5 5.05938E-6 4.28405E-6 7.36111E-6 4.55029E-5 7.32952E-5 4.27684E-5 2.34138E-5 2.52964E-5 3.43551E-5 5.13457E-5 5.352E-5 8.08388E-5 9.59618E-5 7.15654E-5
-9999 -9999 -9999 -9999 -9999 -9999 -9999 -9999 -9999 -9999 -9999 -9999 -9999 -9999 -9999 -9999 -9999 -9999 -9999 -9999 -9999 -9999 -9999 -9999 -9999 -9999 -9999 -9999 -9999 -9999 4.72837E-6 -9999 4.65346E-6 4.84321E-6 9.35958E-7 1.26367E-6 7.61168E-7 4.15836E-6 2.47022E-6 2.11569E-6 2.32729E-6 5.38172E-6 2.49355E-6 2.44418E-6 3.70145E-5 5.83205E-5 9.74862E-6 3.53686E-6 7.97626E-6 1.59674E-5 2.35461E-5 5.4311E-5 4.80643E-5 3.24677E-5 3.13057E-5 4.42041E-5 4.95927E-5 6.09567E-5 6.04829E-5 1.53014E-4 1.14499E-4
