Candidate_Models_July82022/M_0.7_F_lqp_Set_1_all/Bison.asc
ncols         290
nrows         380
xllcorner     -2197417.7431653
yllcorner     -584827.01486885
cellsize      10000.0
NODATA_value  -9999
[rows 189 to 215 of 380, columns 122 to 182 of 290]
8.30037E-5 6.70413E-5 9.67764E-5 6.39624E-5 8.73364E-5 6.09209E-5 6.49008E-5 5.93882E-5 6.15574E-5 5.84314E-5 5.99984E-5 7.75985E-5 6.64649E-5 5.984E-5 6.52091E-5 7.93975E-5 8.32814E-5 1.20231E-4 8.51001E-5 6.3841E-5 8.0453E-5 7.63394E-5 6.42477E-5 7.08449E-5 6.3606E-5 6.73368E-5 6.87318E-5 6.94584E-5 5.9695E-5 6.57808E-5 6.25148E-5 5.51708E-5 6.34394E-5 4.72395E-5 7.05738E-5 6.16345E-5 5.79463E-5 4.56296E-5 4.29799E-5 6.48344E-5 5.8258E-5 4.50304E-5 4.50063E-5 4.56454E-5 4.24197E-5 4.0958E-5 4.68791E-5 4.61137E-5 4.33442E-5 5.25099E-5 5.32871E-5 4.45723E-5 4.83905E-5 8.35087E-5 3.86574E-5 3.99175E-5 4.67154E-5 5.37226E-5 4.10911E-5 4.07351E-5 3.64293E-5
7.83034E-5 7.58872E-5 7.29269E-5 6.49719E-5 1.02405E-4 6.19027E-5 6.58589E-5 6.68955E-5 6.83493E-5 6.14139E-5 7.08478E-5 5.28163E-5 6.83225E-5 6.53208E-5 6.23271E-5 7.63159E-5 6.87613E-5 6.43906E-5 7.51525E-5 7.66125E-5 9.62177E-5 9.64228E-5 1.08128E-4 6.29709E-5 6.19834E-5 6.40812E-5 6.10356E-5 6.93192E-5 5.2304E-5 6.7128E-5 7.09902E-5 5.9349E-5 6.35054E-5 7.17321E-5 5.50439E-5 5.86558E-5 7.73445E-5 5.34503E-5 4.13746E-5 4.75003E-5 5.30012E-5 5.3194E-5 6.23217E-5 4.1482E-5 3.67909E-5 4.21523E-5 4.80603E-5 4.64739E-5 4.06346E-5 4.12723E-5 5.38591E-5 4.62848E-5 5.69798E-5 4.71689E-5 4.49336E-5 3.81262E-5 4.08379E-5 4.81167E-5 3.53646E-5 3.23722E-5 3.30561E-5
8.93052E-5 5.69018E-5 6.32571E-5 8.71365E-5 6.82497E-5 6.65516E-5 6.35403E-5 7.42027E-5 6.00075E-5 5.77837E-5 5.17833E-5 5.6525E-5 5.91013E-5 5.96675E-5 8.4255E-5 8.51345E-5 7.27377E-5 7.01897E-5 7.00717E-5 7.41681E-5 7.70917E-5 8.89479E-5 8.59309E-5 5.55079E-5 5.19552E-5 5.57547E-5 7.99957E-5 7.59293E-5 7.48715E-5 6.08352E-5 6.75705E-5 5.82485E-5 6.13339E-5 7.30248E-5 5.68261E-5 4.94045E-5 5.13321E-5 5.2406E-5 3.87905E-5 4.03181E-5 4.3318E-5 6.03397E-5 4.6732E-5 4.46827E-5 3.72603E-5 4.44387E-5 4.63259E-5 4.58753E-5 5.02438E-5 4.76702E-5 4.09567E-5 3.21325E-5 4.34308E-5 4.51441E-5 3.95744E-5 4.16352E-5 4.46554E-5 4.4967E-5 3.31474E-5 2.99005E-5 3.22814E-5
7.49868E-5 6.80037E-5 8.42023E-5 1.00766E-4 7.07677E-5 5.89972E-5 6.41315E-5 6.26972E-5 6.19264E-5 5.65878E-5 6.02533E-5 7.13105E-5 6.87818E-5 7.05539E-5 8.36007E-5 8.9727E-5 1.11127E-4 1.44533E-4 6.87329E-5 8.87642E-5 8.88437E-5 1.00505E-4 6.00914E-5 5.43179E-5 5.26094E-5 7.52595E-5 9.16477E-5 1.15902E-4 8.42998E-5 6.6441E-5 6.25269E-5 6.23325E-5 6.56056E-5 6.21145E-5 6.31337E-5 6.17969E-5 5.842E-5 5.02536E-5 3.98518E-5 4.34906E-5 5.32624E-5 5.88044E-5 5.03732E-5 4.67417E-5 3.78235E-5 4.5885E-5 4.23021E-5 4.47613E-5 4.68226E-5 4.76163E-5 4.38048E-5 3.87429E-5 3.66176E-5 3.62902E-5 3.76752E-5 4.66014E-5 4.97364E-5 4.27763E-5 3.41312E-5 3.10827E-5 3.93516E-5
6.70289E-5 5.9587E-5 6.25346E-5 7.41467E-5 1.06463E-4 8.09059E-5 6.31149E-5 6.08311E-5 6.26379E-5 5.9602E-5 6.17769E-5 7.15519E-5 6.11655E-5 6.93283E-5 7.13265E-5 6.52225E-5 1.30045E-4 1.43486E-4 6.68478E-5 9.7332E-5 5.81966E-5 6.16655E-5 6.34072E-5 5.62714E-5 6.17021E-5 7.20752E-5 1.27339E-4 8.00144E-5 7.55267E-5 5.65624E-5 7.75218E-5 7.32814E-5 6.76639E-5 6.69699E-5 5.86952E-5 7.13004E-5 6.08562E-5 5.61229E-5 4.1736E-5 4.84438E-5 5.96774E-5 5.90201E-5 6.82124E-5 7.55244E-5 3.96961E-5 5.01944E-5 4.71538E-5 4.47474E-5 4.19927E-5 6.56555E-5 5.47111E-5 4.08509E-5 4.04745E-5 3.85187E-5 3.97586E-5 4.47319E-5 4.64689E-5 4.26582E-5 4.26088E-5 3.41291E-5 3.7917E-5
6.60344E-5 6.35284E-5 6.27013E-5 6.13384E-5 6.0998E-5 8.30882E-5 6.20621E-5 5.63648E-5 5.9232E-5 5.93636E-5 5.70863E-5 6.27459E-5 6.89277E-5 7.45544E-5 6.53789E-5 6.79061E-5 1.16866E-4 1.09502E-4 7.99382E-5 1.83316E-4 5.66833E-5 5.45066E-5 7.79581E-5 8.78706E-5 8.31194E-5 5.40784E-5 8.28879E-5 7.0728E-5 6.34752E-5 7.36448E-5 8.8283E-5 7.57154E-5 9.97636E-5 7.34625E-5 7.92464E-5 5.89817E-5 5.99202E-5 6.06854E-5 5.81999E-5 4.30203E-5 4.76291E-5 5.22933E-5 6.27854E-5 6.1578E-5 5.48302E-5 5.58879E-5 4.60854E-5 4.3954E-5 4.71561E-5 4.91217E-5 5.49621E-5 7.79296E-5 9.57275E-5 4.35314E-5 4.44818E-5 4.6437E-5 6.21466E-5 4.6781E-5 4.39351E-5 4.02803E-5 3.87176E-5
6.46878E-5 6.10144E-5 6.46638E-5 6.00934E-5 5.82981E-5 5.05182E-5 6.58106E-5 6.29167E-5 8.12486E-5 7.04319E-5 5.70918E-5 5.48903E-5 5.94126E-5 5.93558E-5 7.14061E-5 9.31212E-5 8.55507E-5 1.21657E-4 8.54018E-5 9.41084E-5 5.90032E-5 5.57355E-5 6.01405E-5 1.22339E-4 8.11531E-5 7.84346E-5 7.33865E-5 6.96107E-5 6.57893E-5 7.00562E-5 7.45709E-5 7.19491E-5 7.00181E-5 8.63301E-5 6.95638E-5 6.59203E-5 6.30692E-5 6.61885E-5 6.0616E-5 4.52368E-5 5.06277E-5 4.13453E-5 4.40972E-5 7.45745E-5 4.94244E-5 3.91827E-5 3.72609E-5 3.9597E-5 3.80366E-5 5.02566E-5 5.22121E-5 1.28033E-4 6.26058E-5 4.10697E-5 4.64222E-5 4.47126E-5 7.62795E-5 4.29126E-5 4.05402E-5 9.42734E-5 8.46769E-5
1.47004E-4 6.28711E-5 6.118E-5 6.12845E-5 5.6705E-5 6.11516E-5 7.57323E-5 6.18722E-5 6.43584E-5 5.6718E-5 5.9075E-5 7.27411E-5 6.08976E-5 7.00253E-5 6.94745E-5 7.40038E-5 1.1215E-4 9.17658E-5 7.52465E-5 7.40813E-5 7.50155E-5 5.84249E-5 7.961E-5 8.60066E-5 6.79119E-5 7.11349E-5 6.77746E-5 6.97739E-5 7.96984E-5 6.92786E-5 7.76094E-5 7.41676E-5 6.76467E-5 7.07355E-5 5.31415E-5 6.5458E-5 6.02594E-5 5.71107E-5 5.98512E-5 5.23786E-5 6.15635E-5 4.4582E-5 4.28744E-5 4.83059E-5 4.24195E-5 3.91935E-5 4.49246E-5 4.92872E-5 3.99728E-5 4.69527E-5 5.50573E-5 5.25714E-5 4.96933E-5 4.17851E-5 4.50128E-5 4.49197E-5 4.32901E-5 4.91897E-5 6.62217E-5 4.98907E-5 7.61827E-5
2.08325E-4 7.29992E-5 7.6352E-5 6.74868E-5 7.73334E-5 6.69221E-5 6.28791E-5 6.36368E-5 6.28246E-5 6.1921E-5 6.60712E-5 5.91789E-5 6.16424E-5 8.78105E-5 8.02798E-5 7.44577E-5 1.18311E-4 8.02397E-5 8.03784E-5 8.57128E-5 7.44411E-5 7.98128E-5 7.20483E-5 5.74236E-5 6.83861E-5 5.91919E-5 7.02362E-5 6.83615E-5 8.93315E-5 7.98178E-5 9.80021E-5 7.35909E-5 7.29817E-5 6.29237E-5 5.19988E-5 5.74553E-5 6.39228E-5 6.36319E-5 5.51486E-5 6.68134E-5 6.37194E-5 7.68884E-5 7.07943E-5 4.64593E-5 5.14569E-5 4.09894E-5 5.88983E-5 5.10145E-5 4.26432E-5 4.35548E-5 5.48399E-5 5.19993E-5 5.49783E-5 5.06707E-5 4.82899E-5 4.66647E-5 5.19763E-5 4.80982E-5 4.2775E-5 9.22658E-5 5.25782E-5
1.22112E-4 5.30833E-5 5.32319E-5 7.55078E-5 1.00087E-4 1.04235E-4 7.29604E-5 7.25769E-5 7.19235E-5 7.02959E-5 6.71076E-5 7.20861E-5 6.51021E-5 1.19391E-4 1.02655E-4 7.28882E-5 7.90266E-5 9.92498E-5 7.92826E-5 8.10288E-5 7.7946E-5 6.95135E-5 7.17504E-5 5.98834E-5 1.00401E-4 5.53287E-5 6.36713E-5 8.78694E-5 1.08455E-4 9.51363E-5 7.42248E-5 7.36301E-5 8.15663E-5 7.07857E-5 7.39972E-5 6.46224E-5 8.06893E-5 6.27809E-5 5.99584E-5 6.50518E-5 6.6771E-5 6.92438E-5 6.86758E-5 4.66223E-5 5.55321E-5 5.7411E-5 7.56105E-5 5.04939E-5 5.61428E-5 5.11246E-5 5.42983E-5 5.3721E-5 5.18197E-5 6.626E-5 4.39387E-5 4.96293E-5 4.68848E-5 4.55409E-5 4.66537E-5 4.41912E-5 4.47562E-5
5.14762E-5 4.48962E-5 4.39221E-5 5.49552E-5 6.30084E-5 8.19526E-5 7.57894E-5 7.37677E-5 8.78337E-5 6.85289E-5 6.8544E-5 7.15061E-5 7.52816E-5 9.63692E-5 1.60396E-4 9.74858E-5 9.28669E-5 8.6787E-5 9.14773E-5 9.48787E-5 8.37558E-5 7.67281E-5 9.39248E-5 1.15061E-4 7.81318E-5 6.28216E-5 5.27286E-5 5.98741E-5 8.01912E-5 8.71536E-5 6.63925E-5 6.6737E-5 6.45269E-5 6.93028E-5 7.07505E-5 6.84608E-5 6.53473E-5 7.07871E-5 6.89697E-5 8.56707E-5 5.67017E-5 7.87969E-5 6.80594E-5 5.64055E-5 6.12358E-5 6.23534E-5 7.23965E-5 6.14116E-5 5.05414E-5 4.95478E-5 5.4519E-5 5.74271E-5 5.52524E-5 4.83328E-5 5.21404E-5 5.35185E-5 5.11845E-5 4.60261E-5 4.55846E-5 4.87965E-5 4.45024E-5
5.2227E-5 4.21861E-5 8.01775E-5 6.552E-5 5.87464E-5 8.52155E-5 7.58176E-5 8.64845E-5 1.03933E-4 1.23644E-4 9.42133E-5 7.32743E-5 7.13598E-5 7.26388E-5 8.57351E-5 8.21734E-5 9.20779E-5 9.99157E-5 1.26098E-4 9.65333E-5 8.05497E-5 7.91804E-5 6.97639E-5 9.39886E-5 8.45167E-5 7.69705E-5 6.53095E-5 6.33501E-5 7.0818E-5 7.34069E-5 5.6828E-5 7.75141E-5 9.82482E-5 7.03568E-5 7.78144E-5 6.89755E-5 6.98618E-5 6.61959E-5 8.52577E-5 7.07445E-5 6.24138E-5 6.94561E-5 7.82192E-5 6.17254E-5 8.1865E-5 7.87102E-5 6.21772E-5 7.34086E-5 6.66154E-5 5.18231E-5 5.38082E-5 5.52166E-5 5.41121E-5 5.41656E-5 5.74071E-5 4.86368E-5 4.80016E-5 4.54457E-5 4.81702E-5 4.208E-5 4.49472E-5
5.53508E-5 4.67354E-5 5.91054E-5 7.93827E-5 8.90575E-5 9.14582E-5 7.90763E-5 8.91383E-5 1.03259E-4 1.01324E-4 7.51268E-5 7.30614E-5 7.60386E-5 8.36192E-5 9.96918E-5 1.17312E-4 9.98159E-5 1.44808E-4 1.16517E-4 1.20586E-4 8.28612E-5 1.21086E-4 7.86197E-5 7.50078E-5 7.80914E-5 8.06975E-5 7.69433E-5 7.64403E-5 6.86609E-5 6.34608E-5 6.62109E-5 7.53643E-5 8.49034E-5 6.84264E-5 6.65066E-5 7.94822E-5 8.17744E-5 7.65447E-5 8.62857E-5 6.49553E-5 5.62965E-5 6.70508E-5 6.70287E-5 8.7192E-5 6.58712E-5 7.06944E-5 6.60971E-5 6.6985E-5 5.55183E-5 6.06109E-5 5.86721E-5 5.39017E-5 5.14949E-5 5.177E-5 5.33544E-5 5.49301E-5 4.89324E-5 4.45983E-5 5.03512E-5 4.54044E-5 4.26516E-5
4.78963E-5 1.09387E-4 6.06333E-5 5.83792E-5 7.63101E-5 6.85865E-5 9.75734E-5 8.29066E-5 1.74889E-4 8.72587E-5 7.27004E-5 7.55771E-5 9.99658E-5 7.90186E-5 8.14212E-5 8.84041E-5 1.32931E-4 2.16592E-4 2.89291E-4 8.47129E-5 8.30083E-5 8.78865E-5 8.45087E-5 7.90276E-5 8.69398E-5 8.54028E-5 7.36355E-5 7.36005E-5 8.44335E-5 7.41658E-5 1.02911E-4 8.36197E-5 8.9376E-5 7.77672E-5 7.00934E-5 7.49942E-5 8.50645E-5 6.38879E-5 6.07042E-5 5.34161E-5 8.17996E-5 7.7218E-5 8.77493E-5 8.89511E-5 8.91328E-5 8.53472E-5 7.50727E-5 6.50761E-5 5.59826E-5 6.93558E-5 6.05017E-5 6.13768E-5 5.88471E-5 5.48692E-5 5.80278E-5 5.37369E-5 4.76079E-5 4.8544E-5 4.95982E-5 4.85328E-5 4.5073E-5
5.38451E-5 5.68245E-5 6.01647E-5 6.68709E-5 6.27427E-5 7.19529E-5 1.05294E-4 7.10342E-5 8.4201E-5 7.41156E-5 7.68475E-5 9.75692E-5 2.09317E-4 1.34107E-4 1.59406E-4 9.83571E-5 1.08417E-4 1.38835E-4 1.81732E-4 1.18663E-4 8.52302E-5 8.48028E-5 8.56166E-5 8.62677E-5 8.47102E-5 8.8548E-5 7.95748E-5 9.4438E-5 7.81849E-5 8.02134E-5 9.40709E-5 9.12733E-5 7.4568E-5 9.33087E-5 7.29003E-5 7.21457E-5 7.36879E-5 5.23824E-5 5.73361E-5 5.43876E-5 6.82357E-5 8.13207E-5 7.14458E-5 7.07012E-5 6.93037E-5 5.92857E-5 5.51539E-5 5.68901E-5 6.64993E-5 7.38434E-5 6.99581E-5 6.19597E-5 6.23975E-5 5.85177E-5 5.62773E-5 5.13318E-5 5.18253E-5 4.72792E-5 5.04088E-5 5.02301E-5 4.4773E-5
5.99313E-5 6.28837E-5 6.3763E-5 7.23039E-5 7.48332E-5 1.24248E-4 1.04049E-4 1.38167E-4 1.07902E-4 7.45684E-5 1.74921E-4 2.29615E-4 2.9153E-4 3.05331E-4 2.53639E-4 2.1886E-4 1.51629E-4 1.38237E-4 1.35653E-4 1.38773E-4 9.15001E-5 9.65443E-5 9.68316E-5 8.71937E-5 7.27873E-5 7.94015E-5 8.12722E-5 8.59484E-5 7.68653E-5 8.06666E-5 8.59374E-5 8.40295E-5 8.39489E-5 9.1726E-5 7.88352E-5 7.38266E-5 7.84917E-5 5.51857E-5 5.92561E-5 5.79921E-5 7.53064E-5 8.64704E-5 8.00572E-5 7.45529E-5 7.04313E-5 6.69193E-5 6.88169E-5 6.07189E-5 7.73806E-5 7.16802E-5 6.54495E-5 6.47209E-5 4.62042E-5 5.56085E-5 5.51381E-5 4.84252E-5 5.52192E-5 5.402E-5 5.00674E-5 4.36849E-5 4.93008E-5
7.49864E-5 6.19291E-5 6.72136E-5 6.88701E-5 7.10167E-5 8.60648E-5 2.48152E-4 2.7115E-4 8.59904E-5 8.21388E-5 1.89315E-4 2.65131E-4 2.7594E-4 2.58079E-4 1.9682E-4 2.46593E-4 3.06177E-4 2.98493E-4 3.08899E-4 8.75089E-5 1.85745E-4 1.78737E-4 9.71543E-5 9.69588E-5 9.59952E-5 7.83985E-5 8.24294E-5 8.15442E-5 8.19685E-5 8.9937E-5 8.76101E-5 7.24513E-5 7.72225E-5 1.19588E-4 1.05453E-4 7.70299E-5 1.0443E-4 5.62548E-5 6.29127E-5 5.42583E-5 6.61213E-5 6.40027E-5 7.81173E-5 8.22115E-5 5.72827E-5 5.92049E-5 9.35914E-5 6.87713E-5 6.89705E-5 8.47852E-5 6.51469E-5 6.92477E-5 6.44422E-5 6.1576E-5 5.83097E-5 7.09507E-5 5.53353E-5 5.73247E-5 5.27457E-5 5.86267E-5 5.16865E-5
6.18472E-5 6.3699E-5 7.19931E-5 8.55651E-5 1.00645E-4 1.0806E-4 2.59878E-4 2.99937E-4 1.26701E-4 9.03042E-5 3.27065E-4 2.80981E-4 3.09929E-4 2.80269E-4 3.08147E-4 3.26277E-4 3.04492E-4 3.28166E-4 3.38021E-4 2.44996E-4 9.74871E-5 1.46897E-4 1.14341E-4 9.564E-5 7.61633E-5 8.33179E-5 8.56174E-5 8.53872E-5 7.55907E-5 9.56509E-5 8.24779E-5 8.00134E-5 8.41782E-5 8.70406E-5 9.53611E-5 6.81189E-5 6.14019E-5 6.78247E-5 6.92356E-5 6.27645E-5 6.3437E-5 7.33887E-5 7.91245E-5 6.24355E-5 6.8882E-5 8.77138E-5 9.13594E-5 7.81327E-5 8.62767E-5 9.19586E-5 5.36678E-5 5.63585E-5 7.97484E-5 6.50112E-5 5.80903E-5 4.87783E-5 5.24142E-5 6.38473E-5 6.04397E-5 5.62612E-5 5.93554E-5
7.4856E-5 1.19381E-4 2.56261E-4 1.94996E-4 8.87267E-5 1.55191E-4 2.97755E-4 3.01752E-4 3.35148E-4 2.05538E-4 2.81769E-4 3.04156E-4 2.97889E-4 2.36792E-4 3.05877E-4 2.83204E-4 1.49553E-4 1.45494E-4 3.24241E-4 2.51161E-4 2.82626E-4 1.35059E-4 1.02489E-4 8.69824E-5 8.36556E-5 8.60459E-5 8.80422E-5 9.21636E-5 8.59991E-5 8.87453E-5 8.3009E-5 8.3557E-5 8.41863E-5 9.91493E-5 6.71333E-5 5.84207E-5 6.4119E-5 7.69793E-5 8.69675E-5 7.81162E-5 7.08204E-5 7.05013E-5 8.14914E-5 6.76439E-5 7.27522E-5 7.53924E-5 9.17438E-5 9.78951E-5 8.24381E-5 7.30755E-5 5.86263E-5 5.32653E-5 8.23245E-5 7.4031E-5 6.92372E-5 6.53411E-5 6.71945E-5 5.78175E-5 6.06114E-5 5.38326E-5 5.50716E-5
2.27234E-4 3.0092E-4 2.79497E-4 1.92408E-4 2.84975E-4 2.43165E-4 2.32872E-4 2.05566E-4 2.07731E-4 2.36906E-4 2.65078E-4 2.34425E-4 3.00644E-4 2.90922E-4 2.29385E-4 1.59394E-4 1.14787E-4 2.37923E-4 2.88125E-4 3.65988E-4 3.36604E-4 1.14616E-4 9.63906E-5 8.95507E-5 8.57037E-5 8.37597E-5 8.82832E-5 8.85016E-5 9.89573E-5 1.09036E-4 8.71168E-5 8.62326E-5 8.67145E-5 7.58084E-5 8.55608E-5 7.9966E-5 1.32737E-4 7.96147E-5 7.17555E-5 6.68439E-5 6.57632E-5 6.39007E-5 6.84691E-5 8.14812E-5 8.60455E-5 5.84873E-5 8.41559E-5 7.46242E-5 8.44379E-5 8.7498E-5 9.14963E-5 8.28014E-5 8.90419E-5 6.71933E-5 9.34437E-5 5.7659E-5 5.40618E-5 8.79033E-5 7.03012E-5 6.47259E-5 5.8799E-5
2.09307E-4 1.36282E-4 2.91368E-4 3.4829E-4 2.21784E-4 1.62185E-4 1.60489E-4 1.62677E-4 3.13458E-4 3.19299E-4 3.13796E-4 1.69909E-4 1.74339E-4 3.18179E-4 2.00189E-4 7.83687E-5 1.27561E-4 1.39765E-4 1.34573E-4 1.89803E-4 3.8444E-4 3.26994E-4 2.08364E-4 1.09656E-4 9.14401E-5 9.5121E-5 8.7451E-5 1.35776E-4 1.00226E-4 1.07529E-4 8.89984E-5 9.14813E-5 9.2167E-5 8.47896E-5 8.70578E-5 8.46217E-5 9.77234E-5 7.14756E-5 6.49189E-5 5.93333E-5 6.43478E-5 6.26344E-5 6.72003E-5 7.41247E-5 7.70291E-5 5.95599E-5 7.17589E-5 7.20625E-5 7.84051E-5 7.41852E-5 5.55748E-5 7.01843E-5 6.16509E-5 7.36927E-5 6.76398E-5 6.44889E-5 6.8672E-5 6.99506E-5 7.11722E-5 5.8526E-5 6.12444E-5
3.24626E-4 2.95218E-4 3.51591E-4 2.72692E-4 2.01348E-4 1.55128E-4 1.44095E-4 1.56084E-4 1.99418E-4 1.73933E-4 3.39168E-4 2.84741E-4 3.19209E-4 1.92562E-4 2.34481E-4 2.44885E-4 9.98709E-5 8.98467E-5 1.1392E-4 1.83746E-4 1.75324E-4 3.34939E-4 3.00139E-4 2.52197E-4 1.13734E-4 1.47186E-4 3.30595E-4 3.19251E-4 1.47036E-4 1.32663E-4 1.37253E-4 8.32757E-5 7.76593E-5 8.1888E-5 1.00306E-4 8.52653E-5 8.16653E-5 8.01621E-5 7.30647E-5 6.84307E-5 6.1223E-5 6.3265E-5 7.41342E-5 7.72361E-5 6.99736E-5 8.88855E-5 6.96095E-5 7.66336E-5 1.19902E-4 7.34169E-5 5.24285E-5 5.56863E-5 6.3735E-5 7.61262E-5 7.45555E-5 6.19998E-5 6.26129E-5 6.86051E-5 6.51767E-5 6.47543E-5 7.25803E-5
2.79631E-4 3.47672E-4 2.70965E-4 2.32927E-4 1.76232E-4 1.68163E-4 1.59942E-4 1.66101E-4 1.76828E-4 3.2113E-4 3.54723E-4 3.19525E-4 1.79783E-4 2.17243E-4 2.97439E-4 2.01745E-4 1.37457E-4 9.74416E-5 1.279E-4 1.35702E-4 1.62123E-4 1.82136E-4 2.5951E-4 3.28097E-4 3.13496E-4 2.76605E-4 3.18443E-4 2.61192E-4 3.07241E-4 1.77289E-4 1.64222E-4 9.18779E-5 7.32218E-5 7.17178E-5 9.21866E-5 9.04005E-5 8.69024E-5 8.83966E-5 8.58055E-5 8.53907E-5 7.97197E-5 7.85E-5 7.59814E-5 9.13962E-5 8.61536E-5 7.78123E-5 7.76495E-5 7.48816E-5 9.46994E-5 6.21536E-5 5.44251E-5 5.24708E-5 7.80838E-5 6.25232E-5 6.2075E-5 7.43271E-5 6.32183E-5 5.07674E-5 5.87302E-5 6.1165E-5 8.05393E-5
2.43531E-4 2.85818E-4 2.17623E-4 2.15974E-4 2.18411E-4 1.87659E-4 1.66521E-4 1.72096E-4 1.76709E-4 2.89775E-4 3.64552E-4 1.86473E-4 1.58177E-4 1.90348E-4 2.12561E-4 3.72628E-4 3.44223E-4 2.0434E-4 1.71268E-4 9.87004E-5 2.50965E-4 3.09594E-4 3.31231E-4 2.80401E-4 2.62663E-4 3.14033E-4 2.58649E-4 2.39207E-4 2.90385E-4 3.37535E-4 2.85091E-4 3.08433E-4 1.22081E-4 1.07828E-4 1.86851E-4 1.03202E-4 9.49397E-5 8.34273E-5 8.36628E-5 9.22504E-5 8.74859E-5 9.29521E-5 8.10697E-5 8.33388E-5 8.35447E-5 9.01331E-5 8.53587E-5 7.74822E-5 6.74391E-5 7.08422E-5 7.59024E-5 7.69981E-5 6.64465E-5 5.28636E-5 7.27382E-5 6.7646E-5 6.03233E-5 6.30753E-5 5.51019E-5 6.97502E-5 5.79238E-5
2.14831E-4 2.05634E-4 2.54881E-4 2.56365E-4 3.31144E-4 3.56116E-4 2.58716E-4 1.81658E-4 1.75083E-4 2.27115E-4 3.66993E-4 3.37944E-4 1.70661E-4 1.7457E-4 1.90467E-4 3.02053E-4 3.19732E-4 3.87465E-4 3.74826E-4 3.2578E-4 2.87444E-4 3.31118E-4 3.53951E-4 2.37425E-4 1.94563E-4 2.93487E-4 2.08051E-4 2.53956E-4 1.71612E-4 1.90482E-4 3.38768E-4 3.28621E-4 2.15999E-4 2.94485E-4 2.95609E-4 3.09229E-4 2.23157E-4 2.87901E-4 1.25572E-4 9.20794E-5 1.0247E-4 8.64551E-5 8.21717E-5 8.84315E-5 7.93339E-5 8.91748E-5 8.79717E-5 7.33286E-5 7.91622E-5 7.13224E-5 7.6839E-5 7.38492E-5 7.88139E-5 7.67972E-5 7.72421E-5 6.65611E-5 7.34608E-5 6.83359E-5 7.09308E-5 7.05026E-5 7.9044E-5
3.33444E-4 2.52966E-4 2.99961E-4 2.48764E-4 3.52313E-4 3.62853E-4 1.99218E-4 2.19528E-4 2.16196E-4 2.12707E-4 4.04391E-4 2.55665E-4 1.95194E-4 2.18187E-4 2.14809E-4 2.09458E-4 2.71297E-4 4.15681E-4 4.15297E-4 3.36609E-4 3.64396E-4 2.99264E-4 3.65452E-4 2.3347E-4 1.89912E-4 3.38546E-4 3.71485E-4 3.96815E-4 3.66158E-4 3.62583E-4 3.39605E-4 2.71298E-4 2.06709E-4 2.75682E-4 2.76326E-4 2.09757E-4 3.15311E-4 2.27573E-4 2.56354E-4 2.2476E-4 2.60746E-4 2.44833E-4 1.88462E-4 9.71688E-5 8.65441E-5 8.90876E-5 9.93059E-5 9.28768E-5 9.18201E-5 7.04859E-5 9.28443E-5 1.0476E-4 8.42728E-5 8.80571E-5 7.87111E-5 7.37146E-5 6.6689E-5 6.3478E-5 5.66282E-5 7.9066E-5 7.75882E-5
2.29894E-4 2.50748E-4 2.10919E-4 3.35315E-4 3.10733E-4 3.73642E-4 2.14842E-4 2.18362E-4 2.2296E-4 2.30272E-4 3.41431E-4 3.07509E-4 4.27268E-4 2.55548E-4 3.5243E-4 4.24586E-4 3.98163E-4 2.44482E-4 3.23537E-4 2.91264E-4 3.76448E-4 3.72947E-4 2.23297E-4 3.21126E-4 2.1965E-4 4.19618E-4 3.88065E-4 3.00384E-4 1.85595E-4 1.83677E-4 2.19035E-4 1.27185E-4 1.09471E-4 2.38333E-4 1.82621E-4 1.07248E-4 1.29227E-4 2.25745E-4 2.44638E-4 1.88643E-4 1.83455E-4 2.61293E-4 2.64249E-4 1.58681E-4 1.64295E-4 1.46665E-4 1.34464E-4 1.01159E-4 1.50687E-4 8.77264E-5 7.55643E-5 7.8167E-5 9.25541E-5 6.735E-5 6.86794E-5 6.99356E-5 6.68315E-5 6.43183E-5 6.48342E-5 6.68523E-5 5.91452E-5
