Candidate_Models_July82022/M_0.7_F_lqp_Set_1_all/Bison.asc
ncols         290
nrows         380
xllcorner     -2197417.7431653
yllcorner     -584827.01486885
cellsize      10000.0
NODATA_value  -9999
[rows 189 to 215 of 380, columns 183 to 243 of 290]
3.39015E-5 3.55673E-5 3.40892E-5 3.16923E-5 2.74009E-5 2.82283E-5 3.04976E-5 3.16831E-5 2.37293E-5 2.3518E-5 2.4139E-5 2.24794E-5 2.52096E-5 2.11404E-5 2.12607E-5 2.0233E-5 2.21559E-5 1.87359E-5 1.83817E-5 1.88404E-5 2.40026E-5 1.8238E-5 1.59735E-5 1.86242E-5 1.89756E-5 1.6641E-5 1.86532E-5 1.87249E-5 1.64977E-5 1.74098E-5 1.71563E-5 1.67175E-5 1.7284E-5 1.92298E-5 1.55863E-5 1.37146E-5 1.74507E-5 1.72171E-5 1.7201E-5 1.69647E-5 1.42533E-5 1.27298E-5 1.25659E-5 1.24511E-5 1.26497E-5 1.21939E-5 1.46021E-5 1.32111E-5 1.62931E-5 1.14619E-5 1.18963E-5 9.93467E-6 1.14808E-5 1.02518E-5 1.10847E-5 1.09053E-5 1.19268E-5 1.05491E-5 1.16832E-5 -9999 -9999
3.10973E-5 3.8215E-5 3.48743E-5 3.25989E-5 3.4999E-5 3.1077E-5 2.82745E-5 2.66459E-5 2.13408E-5 2.4414E-5 2.97375E-5 2.53223E-5 2.29132E-5 2.48978E-5 2.02623E-5 2.0584E-5 2.01704E-5 1.94074E-5 1.92482E-5 1.85989E-5 2.04454E-5 1.72613E-5 1.72015E-5 1.82046E-5 1.8694E-5 1.76604E-5 1.73167E-5 1.68755E-5 1.80641E-5 1.79358E-5 1.57188E-5 1.52875E-5 1.70731E-5 1.67954E-5 1.81949E-5 1.90859E-5 2.11022E-5 1.95052E-5 1.67891E-5 1.55401E-5 1.26846E-5 1.3585E-5 1.53187E-5 1.44704E-5 1.25228E-5 1.24969E-5 1.29825E-5 1.55805E-5 2.59717E-5 1.32902E-5 1.08683E-5 1.01241E-5 1.26943E-5 1.10627E-5 9.84083E-6 1.09376E-5 1.23767E-5 1.26524E-5 1.13924E-5 -9999 -9999
3.28108E-5 3.4836E-5 3.42077E-5 3.35608E-5 3.917E-5 3.08728E-5 2.56824E-5 2.23557E-5 2.29305E-5 3.12013E-5 2.84101E-5 2.73541E-5 2.32634E-5 3.61083E-5 2.26553E-5 2.048E-5 2.14663E-5 2.02747E-5 2.01719E-5 1.97667E-5 1.77774E-5 1.67896E-5 1.7947E-5 1.62904E-5 1.72287E-5 1.90407E-5 1.67443E-5 1.60148E-5 1.53547E-5 1.93258E-5 1.71897E-5 1.77582E-5 1.83453E-5 1.7255E-5 1.9317E-5 1.70065E-5 1.66431E-5 1.90615E-5 1.58104E-5 1.74516E-5 1.70798E-5 1.61013E-5 1.47694E-5 1.40074E-5 1.42915E-5 1.36999E-5 1.23212E-5 1.26859E-5 1.19514E-5 1.21296E-5 1.14515E-5 1.92466E-5 1.36461E-5 1.01958E-5 1.02674E-5 1.20637E-5 1.24655E-5 1.30543E-5 -9999 -9999 -9999
4.74815E-5 3.99196E-5 3.42314E-5 3.2436E-5 3.17443E-5 2.99289E-5 4.25676E-5 4.51643E-5 2.96974E-5 2.83326E-5 2.48672E-5 2.62875E-5 2.49287E-5 2.29009E-5 2.31402E-5 2.25225E-5 2.16885E-5 1.92941E-5 1.93135E-5 1.75985E-5 1.69599E-5 1.80211E-5 2.81915E-5 2.06819E-5 1.691E-5 1.90658E-5 1.82556E-5 1.90897E-5 1.79658E-5 1.51287E-5 1.64923E-5 1.66268E-5 1.62434E-5 1.81638E-5 1.8115E-5 1.55024E-5 1.34184E-5 1.71667E-5 1.76726E-5 3.60914E-5 1.9183E-5 1.65356E-5 1.71758E-5 1.61003E-5 1.45464E-5 1.33936E-5 1.40809E-5 1.30555E-5 1.25302E-5 1.21873E-5 1.49989E-5 1.17545E-5 1.05915E-5 1.06434E-5 1.15433E-5 1.30234E-5 1.37832E-5 1.31301E-5 -9999 -9999 -9999
3.53849E-5 3.48706E-5 3.45161E-5 3.30322E-5 3.37192E-5 3.72183E-5 3.54945E-5 6.51683E-5 3.00902E-5 3.00489E-5 2.56029E-5 2.63421E-5 2.36303E-5 2.42154E-5 2.38443E-5 2.29665E-5 2.2522E-5 1.99616E-5 1.90273E-5 1.78352E-5 1.89303E-5 2.73225E-5 2.7899E-5 3.78457E-5 1.8543E-5 1.7523E-5 1.68565E-5 1.77941E-5 1.56766E-5 1.48419E-5 1.90456E-5 2.1312E-5 1.81043E-5 1.87524E-5 1.84015E-5 1.75792E-5 1.96205E-5 1.90172E-5 2.02454E-5 3.96951E-5 1.92193E-5 1.75436E-5 1.66068E-5 1.59328E-5 1.60835E-5 1.43919E-5 1.27338E-5 1.21504E-5 1.21574E-5 1.16061E-5 1.53422E-5 1.35997E-5 1.46171E-5 1.34213E-5 1.08452E-5 1.21251E-5 1.24066E-5 1.2153E-5 -9999 -9999 -9999
3.92711E-5 3.89891E-5 5.55969E-5 3.32624E-5 3.21602E-5 3.72593E-5 3.06049E-5 3.03702E-5 3.09942E-5 2.82298E-5 2.62725E-5 2.40866E-5 2.46219E-5 2.52674E-5 2.36654E-5 2.27136E-5 2.21152E-5 2.27341E-5 1.96856E-5 2.23265E-5 2.0284E-5 1.86796E-5 3.04326E-5 2.05763E-5 2.23165E-5 1.92418E-5 1.85288E-5 1.69851E-5 2.26536E-5 1.88463E-5 1.91075E-5 1.75929E-5 1.72581E-5 1.94227E-5 1.53149E-5 1.52763E-5 1.6977E-5 1.62541E-5 2.16385E-5 2.05763E-5 1.81136E-5 1.86976E-5 1.74201E-5 1.57652E-5 1.5238E-5 1.44752E-5 1.25417E-5 1.30222E-5 1.30712E-5 1.23073E-5 1.30457E-5 1.2742E-5 1.1684E-5 1.34026E-5 1.1877E-5 1.13813E-5 1.1869E-5 -9999 -9999 -9999 -9999
6.12428E-5 3.71678E-5 3.91544E-5 6.52161E-5 4.60275E-5 3.34765E-5 3.8285E-5 5.47392E-5 5.38788E-5 3.77938E-5 2.65757E-5 2.35777E-5 2.59014E-5 2.62198E-5 2.38922E-5 2.37934E-5 2.25038E-5 2.24785E-5 2.44599E-5 2.21441E-5 2.16748E-5 2.062E-5 2.14475E-5 4.24173E-5 2.26691E-5 1.97866E-5 1.82896E-5 1.58173E-5 1.80266E-5 1.73939E-5 1.84466E-5 1.58752E-5 1.66461E-5 1.87116E-5 1.77675E-5 1.87166E-5 1.61943E-5 1.52425E-5 2.18521E-5 1.9061E-5 1.98939E-5 2.17461E-5 1.9748E-5 1.70921E-5 1.65016E-5 1.4665E-5 1.38368E-5 1.43359E-5 1.30763E-5 1.32694E-5 1.31736E-5 1.39514E-5 1.45096E-5 1.4749E-5 1.35351E-5 1.22899E-5 1.39468E-5 -9999 -9999 -9999 -9999
8.83613E-5 3.88078E-5 3.93542E-5 5.2231E-5 3.2E-5 4.57486E-5 3.92737E-5 6.59278E-5 7.13561E-5 2.67175E-5 4.87274E-5 6.27373E-5 2.37346E-5 2.79728E-5 2.56633E-5 2.50963E-5 2.39633E-5 2.16454E-5 2.20747E-5 2.16099E-5 2.24012E-5 2.60276E-5 2.03583E-5 2.07894E-5 1.89329E-5 2.2557E-5 2.21006E-5 1.80302E-5 2.04546E-5 1.86829E-5 1.9671E-5 1.88001E-5 1.65108E-5 1.57205E-5 1.89643E-5 1.90231E-5 1.87828E-5 1.89756E-5 2.0496E-5 1.76855E-5 1.95907E-5 1.89988E-5 1.61865E-5 1.74801E-5 1.54302E-5 1.50943E-5 1.41745E-5 1.47017E-5 1.37956E-5 1.38392E-5 1.41838E-5 1.46288E-5 1.47866E-5 1.32862E-5 1.30742E-5 1.2501E-5 1.45314E-5 -9999 -9999 -9999 -9999
4.2654E-5 3.7291E-5 4.02186E-5 3.94297E-5 3.72113E-5 3.95472E-5 7.80776E-5 8.32686E-5 6.14727E-5 2.63558E-5 6.69396E-5 4.08601E-5 2.56955E-5 2.79382E-5 2.65689E-5 2.61824E-5 2.46228E-5 2.2735E-5 2.30442E-5 2.34728E-5 2.17809E-5 2.13658E-5 2.02892E-5 2.23138E-5 3.39272E-5 2.49928E-5 2.14569E-5 1.9212E-5 1.76953E-5 1.95602E-5 1.97271E-5 1.91579E-5 1.84511E-5 1.83394E-5 2.16382E-5 1.96392E-5 1.9923E-5 1.77236E-5 1.8383E-5 1.66078E-5 2.06281E-5 1.95531E-5 1.79721E-5 1.69795E-5 1.61182E-5 1.63676E-5 1.68202E-5 1.58102E-5 1.41302E-5 1.48111E-5 1.51422E-5 1.37013E-5 1.43111E-5 1.34174E-5 1.31896E-5 1.37997E-5 -9999 -9999 -9999 -9999 -9999
3.46119E-5 3.5343E-5 3.68775E-5 3.77111E-5 3.62946E-5 3.76161E-5 4.12586E-5 3.51893E-5 3.19781E-5 2.71303E-5 3.24317E-5 2.62611E-5 2.93158E-5 2.87102E-5 2.78684E-5 2.78086E-5 2.79085E-5 2.67591E-5 2.37765E-5 2.4932E-5 2.48469E-5 2.0549E-5 2.35456E-5 2.38378E-5 2.20681E-5 2.26518E-5 2.40128E-5 2.2881E-5 1.88192E-5 1.78545E-5 1.98102E-5 2.05224E-5 1.79709E-5 2.03278E-5 2.0206E-5 2.15711E-5 2.02614E-5 1.80224E-5 1.80719E-5 2.029E-5 1.95837E-5 2.13985E-5 1.79258E-5 1.78002E-5 1.7948E-5 1.78368E-5 1.82834E-5 1.7185E-5 1.55882E-5 1.66012E-5 1.47386E-5 1.37835E-5 1.38671E-5 1.36261E-5 1.53832E-5 1.43536E-5 -9999 -9999 -9999 -9999 -9999
3.43758E-5 4.10948E-5 4.36042E-5 3.64445E-5 3.79011E-5 3.60003E-5 3.46246E-5 3.5653E-5 3.41206E-5 2.90681E-5 3.13572E-5 3.03384E-5 2.75296E-5 2.92093E-5 3.0906E-5 2.92526E-5 2.70822E-5 2.71519E-5 2.62376E-5 3.26467E-5 4.71356E-5 2.12646E-5 2.52141E-5 2.99478E-5 2.40401E-5 2.58831E-5 2.53857E-5 2.49188E-5 2.1192E-5 2.11369E-5 2.3047E-5 2.26598E-5 2.18659E-5 2.25738E-5 2.18202E-5 2.02881E-5 1.67937E-5 1.85658E-5 1.92268E-5 2.14715E-5 1.89825E-5 1.99762E-5 1.65928E-5 1.91056E-5 1.95617E-5 1.90133E-5 1.91038E-5 1.75655E-5 1.57519E-5 1.38955E-5 1.46353E-5 1.35565E-5 1.37679E-5 1.3864E-5 1.50292E-5 1.58217E-5 -9999 -9999 -9999 -9999 -9999
4.12059E-5 4.18969E-5 4.21846E-5 4.01443E-5 3.53598E-5 3.68638E-5 3.5848E-5 3.78428E-5 3.42795E-5 3.2428E-5 3.04156E-5 2.95342E-5 3.11415E-5 2.87309E-5 3.06697E-5 2.94707E-5 2.73932E-5 3.00497E-5 2.76869E-5 5.12217E-5 3.99306E-5 2.40825E-5 3.1475E-5 2.86968E-5 2.53229E-5 2.56158E-5 2.77765E-5 2.9718E-5 2.88685E-5 2.48009E-5 2.41499E-5 2.51756E-5 2.54931E-5 2.22572E-5 2.41345E-5 2.09168E-5 1.82995E-5 1.85675E-5 2.05515E-5 2.38259E-5 2.00545E-5 2.0219E-5 1.97293E-5 2.0231E-5 1.846E-5 1.83884E-5 1.85374E-5 1.6325E-5 1.73615E-5 1.69641E-5 1.68039E-5 1.63951E-5 1.57396E-5 1.70141E-5 1.81244E-5 1.7284E-5 -9999 -9999 -9999 -9999 -9999
4.50464E-5 4.38631E-5 4.30163E-5 4.05143E-5 3.92001E-5 3.94151E-5 3.91201E-5 3.72165E-5 3.70524E-5 3.51853E-5 3.36013E-5 2.96259E-5 2.9214E-5 2.87725E-5 2.83257E-5 2.84072E-5 2.87216E-5 3.0456E-5 3.06635E-5 5.73634E-5 4.18375E-5 2.66784E-5 2.84951E-5 2.96418E-5 2.86347E-5 2.55586E-5 2.83402E-5 2.95088E-5 2.54073E-5 2.7246E-5 2.30932E-5 2.47084E-5 2.39397E-5 2.02244E-5 2.32833E-5 2.15871E-5 2.35934E-5 2.2328E-5 2.31688E-5 2.4754E-5 2.22884E-5 2.0799E-5 2.17689E-5 1.9834E-5 2.0207E-5 1.88939E-5 1.78878E-5 1.74194E-5 1.63514E-5 1.68796E-5 1.64192E-5 1.7948E-5 1.80308E-5 1.81952E-5 1.70379E-5 -9999 -9999 -9999 -9999 -9999 -9999
4.48108E-5 4.53392E-5 4.08567E-5 4.22802E-5 4.03929E-5 3.95274E-5 3.89588E-5 3.78493E-5 3.57355E-5 3.38872E-5 3.01482E-5 3.01237E-5 3.24554E-5 2.9934E-5 3.09762E-5 2.90608E-5 3.42149E-5 3.23203E-5 4.52676E-5 3.50263E-5 2.78658E-5 2.77595E-5 3.0263E-5 2.85547E-5 2.48317E-5 2.53764E-5 2.87976E-5 2.91884E-5 2.68336E-5 2.75021E-5 2.67262E-5 2.53388E-5 2.50434E-5 2.41782E-5 2.749E-5 2.62551E-5 2.24945E-5 2.2299E-5 2.12328E-5 2.39251E-5 2.54113E-5 2.4486E-5 2.11446E-5 1.92635E-5 1.9574E-5 2.13822E-5 2.0447E-5 1.95601E-5 1.88554E-5 1.86712E-5 1.78561E-5 1.92535E-5 1.92751E-5 1.8528E-5 1.95569E-5 -9999 -9999 -9999 -9999 -9999 -9999
4.84577E-5 4.61853E-5 4.33045E-5 4.42198E-5 4.25569E-5 4.28941E-5 4.13186E-5 3.85428E-5 3.9118E-5 3.84457E-5 3.31426E-5 3.39982E-5 3.4063E-5 3.53945E-5 3.29267E-5 3.23544E-5 5.01946E-5 4.29515E-5 3.00212E-5 2.76534E-5 2.93556E-5 3.43724E-5 3.22096E-5 3.04518E-5 2.75137E-5 3.00397E-5 2.64932E-5 2.72975E-5 2.58181E-5 2.60564E-5 3.16713E-5 2.72061E-5 3.05052E-5 2.72657E-5 2.75726E-5 2.6626E-5 2.49356E-5 1.97099E-5 2.51324E-5 2.39927E-5 2.58528E-5 2.30357E-5 2.40579E-5 2.31053E-5 2.25756E-5 1.68361E-5 1.97446E-5 2.22037E-5 2.11527E-5 2.08054E-5 2.06303E-5 2.44332E-5 2.23134E-5 2.02344E-5 2.12981E-5 -9999 -9999 -9999 -9999 -9999 -9999
4.89025E-5 4.94864E-5 4.47429E-5 4.86316E-5 4.70447E-5 4.38301E-5 4.37499E-5 4.14605E-5 4.24892E-5 3.93889E-5 3.95891E-5 3.81388E-5 3.84656E-5 4.07685E-5 4.91812E-5 4.59582E-5 3.40819E-5 3.55087E-5 3.57966E-5 3.49775E-5 3.05012E-5 2.96148E-5 3.05218E-5 3.11556E-5 3.11034E-5 3.04719E-5 3.50793E-5 2.9768E-5 3.0692E-5 3.15373E-5 2.96606E-5 3.01265E-5 3.05326E-5 3.0746E-5 2.71252E-5 2.26936E-5 2.64315E-5 2.37201E-5 2.72318E-5 2.53206E-5 2.44407E-5 2.13053E-5 2.4971E-5 2.63034E-5 2.37664E-5 2.05973E-5 2.14531E-5 2.12043E-5 2.14462E-5 2.05525E-5 2.10176E-5 2.08686E-5 2.15215E-5 2.11408E-5 -9999 -9999 -9999 -9999 -9999 -9999 -9999
5.04695E-5 5.38184E-5 4.95418E-5 4.97565E-5 5.38383E-5 5.07067E-5 4.84431E-5 5.1108E-5 4.09686E-5 3.79572E-5 4.33239E-5 4.20378E-5 3.51368E-5 3.8075E-5 4.77501E-5 3.60905E-5 3.28565E-5 3.34942E-5 4.40598E-5 3.30545E-5 3.11014E-5 2.75379E-5 3.32469E-5 3.17856E-5 3.47459E-5 3.50913E-5 3.6423E-5 3.30753E-5 3.34499E-5 3.23101E-5 3.25818E-5 3.18082E-5 2.98273E-5 2.91987E-5 2.69812E-5 2.38458E-5 2.87323E-5 2.77538E-5 2.84182E-5 2.68331E-5 2.70183E-5 2.56677E-5 2.49145E-5 2.59701E-5 2.55908E-5 2.50676E-5 2.4169E-5 2.18377E-5 2.20576E-5 2.13991E-5 2.24648E-5 2.10403E-5 2.33227E-5 2.24331E-5 -9999 -9999 -9999 -9999 -9999 -9999 -9999
5.83837E-5 5.2538E-5 5.95433E-5 5.64928E-5 5.65075E-5 5.04337E-5 4.83331E-5 4.65094E-5 4.24114E-5 3.6662E-5 4.13418E-5 4.52085E-5 5.35037E-5 4.92508E-5 4.14277E-5 4.39392E-5 5.15345E-5 4.36746E-5 3.65049E-5 3.61508E-5 3.29914E-5 5.11541E-5 3.60108E-5 3.41393E-5 3.25676E-5 3.82947E-5 3.89614E-5 3.54253E-5 3.16848E-5 3.32681E-5 3.60998E-5 3.15568E-5 3.27253E-5 3.11717E-5 2.8661E-5 2.79096E-5 2.77499E-5 2.76784E-5 2.62218E-5 2.3776E-5 2.47427E-5 2.84058E-5 2.656E-5 2.64309E-5 2.51972E-5 2.63633E-5 2.59472E-5 2.50188E-5 2.43427E-5 2.44726E-5 2.40689E-5 2.22034E-5 2.40662E-5 2.21418E-5 -9999 -9999 -9999 -9999 -9999 -9999 -9999
5.81499E-5 5.67057E-5 6.55514E-5 5.7862E-5 5.52756E-5 5.18101E-5 5.16078E-5 4.63315E-5 4.57789E-5 4.21402E-5 3.93307E-5 4.30702E-5 4.44488E-5 4.29643E-5 4.77956E-5 6.14644E-5 7.99145E-5 4.0727E-5 3.87324E-5 3.8084E-5 3.77693E-5 3.64208E-5 3.91538E-5 4.03196E-5 3.55055E-5 3.83859E-5 4.0441E-5 3.82069E-5 3.53452E-5 3.84712E-5 3.36707E-5 3.82993E-5 3.12319E-5 3.0805E-5 3.25283E-5 3.31701E-5 2.78068E-5 2.63746E-5 2.90766E-5 2.69669E-5 2.79103E-5 2.82901E-5 2.7541E-5 2.76877E-5 2.68454E-5 2.68435E-5 2.60904E-5 2.54127E-5 2.61972E-5 2.61163E-5 2.6107E-5 2.65136E-5 2.56409E-5 -9999 -9999 -9999 -9999 -9999 -9999 -9999 -9999
5.80764E-5 5.11669E-5 6.55134E-5 5.47711E-5 5.78015E-5 5.59979E-5 6.54068E-5 5.96507E-5 5.59562E-5 4.63082E-5 4.62205E-5 4.3074E-5 4.18425E-5 4.56021E-5 4.91648E-5 8.16645E-5 8.35962E-5 5.24632E-5 3.87632E-5 3.57476E-5 3.81841E-5 4.08262E-5 4.22272E-5 3.90153E-5 4.2814E-5 4.20299E-5 3.98774E-5 3.6079E-5 3.46625E-5 3.85787E-5 3.60995E-5 3.61094E-5 3.37067E-5 3.54124E-5 3.40446E-5 3.54476E-5 3.42127E-5 3.0591E-5 3.00911E-5 3.16255E-5 3.04594E-5 2.92379E-5 3.03844E-5 2.90555E-5 2.85916E-5 2.46678E-5 2.87595E-5 2.90019E-5 2.77104E-5 2.78121E-5 3.56991E-5 2.58728E-5 2.22069E-5 -9999 -9999 -9999 -9999 -9999 -9999 -9999 -9999
6.99778E-5 6.82593E-5 6.29088E-5 5.47572E-5 5.94528E-5 6.61026E-5 7.37574E-5 6.6984E-5 1.2338E-4 6.18406E-5 4.91885E-5 4.65362E-5 4.4058E-5 4.63014E-5 5.07542E-5 6.07579E-5 5.11413E-5 4.36591E-5 4.36027E-5 3.88422E-5 4.68679E-5 4.36076E-5 4.44132E-5 4.34553E-5 4.61715E-5 4.59154E-5 4.48247E-5 4.30755E-5 4.39373E-5 4.13086E-5 3.62499E-5 3.56196E-5 3.83535E-5 3.41601E-5 3.5593E-5 3.51265E-5 3.37902E-5 3.01578E-5 3.10882E-5 3.34259E-5 3.00269E-5 3.21064E-5 3.21196E-5 3.21485E-5 3.12005E-5 2.74317E-5 2.81906E-5 2.9402E-5 2.97123E-5 3.08992E-5 3.51338E-5 2.33258E-5 2.3509E-5 -9999 -9999 -9999 -9999 -9999 -9999 -9999 -9999
6.38622E-5 6.67551E-5 6.46531E-5 6.65287E-5 7.40771E-5 7.67706E-5 5.70684E-5 5.23015E-5 8.80926E-5 8.73623E-5 5.1425E-5 4.97024E-5 4.82306E-5 5.02091E-5 4.63741E-5 4.41527E-5 4.6721E-5 4.31226E-5 4.45354E-5 4.64153E-5 4.79199E-5 4.45897E-5 4.72887E-5 4.17047E-5 4.69312E-5 4.47314E-5 5.32715E-5 5.48601E-5 4.51932E-5 4.41741E-5 3.91737E-5 3.67059E-5 3.63362E-5 3.82229E-5 3.73532E-5 3.5972E-5 3.47587E-5 3.51935E-5 3.53601E-5 3.55079E-5 3.29762E-5 3.03579E-5 3.53138E-5 3.26223E-5 3.35656E-5 2.80258E-5 3.21045E-5 3.2987E-5 3.0782E-5 3.1975E-5 2.54967E-5 2.85464E-5 2.9689E-5 -9999 -9999 -9999 -9999 -9999 -9999 -9999 -9999
7.41979E-5 5.80238E-5 5.7151E-5 6.64356E-5 7.1781E-5 7.31704E-5 6.93578E-5 6.26947E-5 6.27892E-5 6.64771E-5 7.44617E-5 5.50678E-5 5.47456E-5 5.17943E-5 4.48369E-5 4.43307E-5 4.50971E-5 4.76501E-5 5.40095E-5 5.1221E-5 5.22451E-5 5.34339E-5 4.64024E-5 4.73088E-5 4.95725E-5 4.97169E-5 5.04515E-5 5.58969E-5 5.92254E-5 4.67533E-5 4.48141E-5 3.98369E-5 3.66305E-5 3.95441E-5 3.38787E-5 3.76143E-5 3.67608E-5 3.60226E-5 3.8345E-5 3.79622E-5 3.56501E-5 3.1584E-5 3.30134E-5 2.99123E-5 2.88032E-5 2.71142E-5 3.39993E-5 3.22719E-5 2.98205E-5 3.41666E-5 3.36336E-5 3.25336E-5 -9999 -9999 -9999 -9999 -9999 -9999 -9999 -9999 -9999
7.5133E-5 6.66616E-5 6.60998E-5 6.67326E-5 6.96649E-5 7.66793E-5 6.45567E-5 6.0981E-5 6.00258E-5 5.38434E-5 5.82994E-5 6.07597E-5 6.01569E-5 5.07836E-5 4.99841E-5 5.23059E-5 5.10522E-5 4.95136E-5 5.44271E-5 5.54359E-5 5.78282E-5 5.58565E-5 5.32611E-5 6.48655E-5 8.46601E-5 5.24356E-5 5.20179E-5 5.13709E-5 6.06437E-5 4.91145E-5 4.36234E-5 4.02612E-5 4.02283E-5 4.14224E-5 3.91569E-5 3.78031E-5 3.89001E-5 3.1912E-5 4.13312E-5 3.87649E-5 3.89133E-5 3.49426E-5 3.9141E-5 3.12524E-5 3.13103E-5 3.27762E-5 3.63255E-5 3.68789E-5 3.39999E-5 3.54784E-5 3.45857E-5 3.16284E-5 -9999 -9999 -9999 -9999 -9999 -9999 -9999 -9999 -9999
8.41325E-5 6.83063E-5 8.29135E-5 6.25843E-5 5.97515E-5 6.5848E-5 6.95848E-5 5.89539E-5 5.6507E-5 5.89687E-5 5.77134E-5 6.78083E-5 5.94352E-5 4.4149E-5 5.62779E-5 6.58659E-5 5.40493E-5 5.24351E-5 4.87354E-5 5.73221E-5 5.84607E-5 5.26613E-5 5.44444E-5 5.68549E-5 9.79877E-5 5.66327E-5 5.56938E-5 5.53071E-5 5.32283E-5 4.91478E-5 4.98494E-5 4.60596E-5 4.69011E-5 4.29143E-5 4.26951E-5 4.14287E-5 3.8789E-5 3.38637E-5 4.18222E-5 4.12198E-5 4.02222E-5 3.74478E-5 3.85056E-5 3.46368E-5 3.16574E-5 3.37756E-5 3.73552E-5 3.8089E-5 4.61754E-5 3.58882E-5 3.18774E-5 3.18304E-5 -9999 -9999 -9999 -9999 -9999 -9999 -9999 -9999 -9999
1.02745E-4 6.96585E-5 8.76878E-5 6.00868E-5 7.29144E-5 6.65424E-5 5.61611E-5 5.51691E-5 6.04331E-5 5.69072E-5 6.00871E-5 6.1107E-5 6.35243E-5 4.91698E-5 6.60453E-5 5.99096E-5 5.41299E-5 6.16959E-5 7.20518E-5 5.80089E-5 6.05144E-5 5.13933E-5 4.5556E-5 5.73171E-5 6.05432E-5 5.75218E-5 5.38099E-5 5.5232E-5 5.09377E-5 4.88975E-5 5.28996E-5 4.90693E-5 4.527E-5 3.69817E-5 3.95207E-5 4.27927E-5 3.91085E-5 3.6565E-5 4.29124E-5 3.92915E-5 3.94941E-5 3.91913E-5 3.81864E-5 3.5958E-5 3.57864E-5 3.51694E-5 3.55439E-5 3.74409E-5 4.28211E-5 3.86426E-5 3.74308E-5 -9999 -9999 -9999 -9999 -9999 -9999 -9999 -9999 -9999 -9999
7.40992E-5 7.14482E-5 6.06269E-5 7.09461E-5 6.4368E-5 5.19988E-5 5.27269E-5 5.30651E-5 5.92197E-5 5.68594E-5 6.39754E-5 6.11511E-5 7.31322E-5 6.98704E-5 6.61468E-5 6.26055E-5 6.96851E-5 5.62713E-5 5.84994E-5 6.5478E-5 5.84833E-5 4.79709E-5 4.5418E-5 6.05899E-5 6.00931E-5 5.01668E-5 5.01898E-5 5.67107E-5 5.32554E-5 4.71781E-5 5.06339E-5 4.99623E-5 4.93069E-5 4.85183E-5 4.44173E-5 4.47471E-5 4.42464E-5 3.79866E-5 3.87322E-5 3.89156E-5 3.85948E-5 4.06457E-5 3.79185E-5 3.89498E-5 3.79484E-5 3.68248E-5 3.81895E-5 4.12064E-5 4.20947E-5 3.95093E-5 4.19998E-5 -9999 -9999 -9999 -9999 -9999 -9999 -9999 -9999 -9999 -9999
