Candidate_Models_July82022/M_0.7_F_lqp_Set_1_all/Bison.asc
ncols         290
nrows         380
xllcorner     -2197417.7431653
yllcorner     -584827.01486885
cellsize      10000.0
NODATA_value  -9999
[rows 54 to 80 of 380, columns 0 to 60 of 290]
-9999 -9999 -9999 -9999 -9999 -9999 -9999 -9999 -9999 -9999 -9999 -9999 -9999 -9999 -9999 -9999 -9999 -9999 -9999 -9999 -9999 -9999 -9999 -9999 -9999 -9999 -9999 2.53933E-5 7.89592E-6 9.63511E-6 1.30473E-5 2.23164E-5 1.2916E-5 1.56481E-5 9.0471E-6 7.44952E-6 8.34147E-6 6.22357E-6 7.57803E-6 7.29872E-6 1.05384E-5 5.67315E-6 7.36208E-6 8.66069E-6 8.77971E-6 6.79024E-6 4.93466E-6 4.47741E-6 3.57988E-6 3.61065E-6 3.09792E-6 3.71679E-6 3.59531E-6 4.85052E-6 4.86788E-6 3.74991E-6 4.16833E-6 4.94106E-6 5.80099E-6 6.19095E-6 6.77245E-6
-9999 -9999 -9999 -9999 -9999 -9999 -9999 -9999 -9999 -9999 -9999 -9999 -9999 -9999 -9999 -9999 -9999 -9999 -9999 -9999 -9999 -9999 -9999 -9999 -9999 -9999 1.61704E-5 1.59228E-5 1.10747E-5 8.16394E-6 1.9201E-5 2.7567E-5 1.4134E-5 1.14128E-5 1.31673E-5 9.61736E-6 7.51708E-6 1.03363E-5 8.21302E-6 6.03068E-6 7.49819E-6 7.46953E-6 8.22911E-6 8.99461E-6 1.15074E-5 7.21446E-6 8.54508E-6 7.47862E-6 7.8007E-6 5.45887E-6 3.99372E-6 4.15376E-6 3.97773E-6 4.31661E-6 6.53987E-6 4.9429E-6 4.12249E-6 5.06172E-6 6.49675E-6 5.59416E-6 6.65199E-6
-9999 -9999 -9999 -9999 -9999 -9999 -9999 -9999 -9999 -9999 -9999 -9999 -9999 -9999 -9999 -9999 -9999 -9999 -9999 -9999 -9999 -9999 -9999 -9999 -9999 -9999 8.37546E-6 7.20807E-6 5.5137E-6 4.71355E-6 8.19725E-6 1.04159E-5 9.7399E-6 7.64639E-6 8.54568E-6 7.09419E-6 9.64673E-6 8.39548E-6 8.08034E-6 5.75497E-6 6.72198E-6 8.09221E-6 1.03895E-5 8.94412E-6 1.01811E-5 1.38065E-5 1.20687E-5 1.02218E-5 7.64614E-6 6.31467E-6 6.59285E-6 3.70058E-6 3.46264E-6 6.57677E-6 6.68267E-6 4.21904E-6 4.94831E-6 3.11355E-6 4.89846E-6 5.99063E-6 9.41706E-6
-9999 -9999 -9999 -9999 -9999 -9999 -9999 -9999 -9999 -9999 -9999 -9999 -9999 -9999 -9999 -9999 -9999 -9999 -9999 -9999 -9999 -9999 -9999 -9999 -9999 9.3699E-6 4.67784E-6 5.50892E-6 7.13472E-6 6.4734E-6 8.85452E-6 9.73929E-6 1.35349E-5 1.1295E-5 1.3328E-5 1.11244E-5 5.51847E-6 9.24046E-6 7.65265E-6 6.68743E-6 1.0146E-5 5.45222E-6 5.72711E-6 1.11961E-5 7.32454E-6 1.53691E-5 1.10994E-5 1.1404E-5 6.71241E-6 7.46491E-6 7.45931E-6 5.94665E-6 6.60353E-6 8.34119E-6 7.7468E-6 5.41474E-6 3.63088E-6 5.25203E-6 4.76065E-6 6.33874E-6 4.88936E-6
-9999 -9999 -9999 -9999 -9999 -9999 -9999 -9999 -9999 -9999 -9999 -9999 -9999 -9999 -9999 -9999 -9999 -9999 -9999 -9999 -9999 -9999 -9999 -9999 1.2372E-5 1.0215E-5 8.16507E-6 7.89682E-6 4.35475E-6 8.41787E-6 8.62997E-6 1.22039E-5 1.16715E-5 1.18667E-5 1.98649E-5 1.54579E-5 8.31985E-6 1.03475E-5 7.0587E-6 8.43345E-6 5.20343E-6 9.41629E-6 5.49103E-6 1.09331E-5 7.75577E-6 1.23423E-5 1.20202E-5 1.03875E-5 8.55079E-6 8.67728E-6 7.03435E-6 8.77799E-6 5.57127E-6 7.21741E-6 9.13179E-6 5.92092E-6 6.31782E-6 5.16329E-6 5.6768E-6 5.35901E-6 6.51615E-6
-9999 -9999 -9999 -9999 -9999 -9999 -9999 -9999 -9999 -9999 -9999 -9999 -9999 -9999 -9999 -9999 -9999 -9999 -9999 -9999 -9999 -9999 -9999 1.4247E-5 1.33087E-5 1.39198E-5 1.22315E-5 2.09263E-5 1.89798E-5 6.18058E-6 1.15542E-5 1.06249E-5 1.27938E-5 1.47456E-5 1.88384E-5 1.10588E-5 8.02525E-6 1.18192E-5 1.21335E-5 8.16149E-6 7.20795E-6 8.81418E-6 9.6937E-6 8.578E-6 7.78051E-6 9.29904E-6 9.12529E-6 1.42346E-5 7.05918E-6 7.17579E-6 9.94384E-6 7.21545E-6 8.3001E-6 7.09328E-6 1.0315E-5 8.81282E-6 4.76865E-6 4.3566E-6 5.14893E-6 5.23379E-6 5.28776E-6
-9999 -9999 -9999 -9999 -9999 -9999 -9999 -9999 -9999 -9999 -9999 -9999 -9999 -9999 -9999 -9999 -9999 -9999 -9999 -9999 -9999 -9999 -9999 1.98605E-5 1.33203E-5 1.4001E-5 1.40772E-5 1.50557E-5 4.85896E-6 1.25769E-5 1.86793E-5 1.48371E-5 9.11073E-6 5.70096E-6 8.6344E-6 9.30338E-6 1.01779E-5 1.63978E-5 1.15202E-5 1.03559E-5 9.65365E-6 4.45294E-6 4.86681E-6 9.27062E-6 6.44534E-6 5.77671E-6 1.27799E-5 1.53819E-5 1.00782E-5 7.00794E-6 7.22227E-6 1.13475E-5 1.04465E-5 7.25434E-6 6.59094E-6 8.41784E-6 4.77179E-6 3.63999E-6 7.28107E-6 6.74157E-6 5.93136E-6
-9999 -9999 -9999 -9999 -9999 -9999 -9999 -9999 -9999 -9999 -9999 -9999 -9999 -9999 -9999 -9999 -9999 -9999 -9999 -9999 -9999 -9999 1.82919E-5 1.08867E-5 1.0442E-5 1.45446E-5 1.96946E-5 1.17306E-5 1.03662E-5 2.24493E-5 2.43429E-5 1.02124E-5 9.71527E-6 8.76802E-6 1.23106E-5 1.24798E-5 1.17393E-5 9.87136E-6 1.28632E-5 1.36262E-5 1.22058E-5 8.60187E-6 8.99762E-6 5.92352E-6 1.396E-5 9.35461E-6 7.69588E-6 1.00235E-5 1.07985E-5 7.99364E-6 1.13861E-5 7.72335E-6 8.55678E-6 1.45934E-5 7.11552E-6 6.89681E-6 9.47961E-6 5.35442E-6 6.71547E-6 8.09312E-6 6.10039E-6
-9999 -9999 -9999 -9999 -9999 -9999 -9999 -9999 -9999 -9999 -9999 -9999 -9999 -9999 -9999 -9999 -9999 -9999 -9999 -9999 -9999 2.17685E-5 1.30805E-5 2.78028E-5 1.24023E-5 1.29663E-5 1.78392E-5 1.51412E-5 1.28408E-5 1.79643E-5 2.54388E-5 1.35783E-5 1.32599E-5 1.70329E-5 1.69587E-5 1.18599E-5 1.26389E-5 1.40859E-5 1.20494E-5 1.92005E-5 3.15365E-5 1.02585E-5 9.52712E-6 9.52358E-6 1.35891E-5 8.61791E-6 4.6081E-6 9.55846E-6 1.07565E-5 7.36507E-6 9.1328E-6 1.01039E-5 1.09031E-5 8.03338E-6 8.31791E-6 5.36583E-6 9.72099E-6 5.94528E-6 7.21808E-6 6.08621E-6 1.00554E-5
-9999 -9999 -9999 -9999 -9999 -9999 -9999 -9999 -9999 -9999 -9999 -9999 -9999 -9999 -9999 -9999 -9999 -9999 -9999 -9999 -9999 1.98181E-5 1.64844E-5 2.38273E-5 2.4058E-5 1.93011E-5 2.36619E-5 9.19678E-6 1.44056E-5 1.95877E-5 2.739E-5 1.82422E-5 2.3731E-5 2.1875E-5 1.93427E-5 1.26403E-5 1.14763E-5 1.20788E-5 1.48101E-5 1.62953E-5 2.54571E-5 1.68686E-5 1.04249E-5 1.46339E-5 1.3848E-5 6.73831E-6 5.67549E-6 6.1076E-6 1.02747E-5 1.59209E-5 1.06593E-5 1.19383E-5 8.93278E-6 9.62704E-6 1.46949E-5 1.76876E-5 1.07272E-5 9.68518E-6 1.01009E-5 9.85429E-6 8.15727E-6
-9999 -9999 -9999 -9999 -9999 -9999 -9999 -9999 -9999 -9999 -9999 -9999 -9999 -9999 -9999 -9999 -9999 -9999 -9999 -9999 3.65725E-5 4.4627E-5 2.91652E-5 1.79356E-5 1.77678E-5 2.06449E-5 1.80511E-5 9.43532E-6 7.43057E-6 1.39646E-5 2.01911E-5 1.21102E-5 2.04788E-5 2.10916E-5 1.39353E-5 2.01023E-5 1.10489E-5 1.42987E-5 2.37696E-5 2.63581E-5 1.39695E-5 1.09147E-5 1.41097E-5 1.19395E-5 1.22938E-5 9.81481E-6 7.2898E-6 1.02832E-5 7.14154E-6 1.30916E-5 1.34398E-5 2.01093E-5 1.83246E-5 1.16251E-5 1.91078E-5 1.43948E-5 1.48512E-5 7.42897E-6 1.19696E-5 5.01885E-6 1.11405E-5
-9999 -9999 -9999 -9999 -9999 -9999 -9999 -9999 -9999 -9999 -9999 -9999 -9999 -9999 -9999 -9999 -9999 -9999 -9999 2.38296E-5 2.7522E-5 4.34344E-5 4.45494E-5 1.29444E-5 1.69304E-5 2.86258E-5 1.53054E-5 1.27145E-5 1.31717E-5 1.3556E-5 1.13883E-5 1.11242E-5 1.30749E-5 2.20099E-5 2.49461E-5 2.47087E-5 1.51218E-5 1.79381E-5 2.99412E-5 2.2132E-5 9.65595E-6 1.15269E-5 8.28876E-6 1.06087E-5 1.21865E-5 9.34216E-6 1.00107E-5 1.20664E-5 1.0898E-5 1.22035E-5 9.85994E-6 1.73841E-5 1.51366E-5 1.18895E-5 1.86189E-5 1.06074E-5 1.30408E-5 1.4429E-5 6.59567E-6 9.03245E-6 6.37171E-6
-9999 -9999 -9999 -9999 -9999 -9999 -9999 -9999 -9999 -9999 -9999 -9999 -9999 -9999 -9999 -9999 -9999 -9999 2.06838E-5 2.49222E-5 4.35911E-5 3.21166E-5 2.12483E-5 1.73369E-5 8.00124E-6 1.5853E-5 1.76511E-5 1.16989E-5 9.40643E-6 1.69516E-5 1.39015E-5 1.09699E-5 1.75011E-5 2.44288E-5 3.11259E-5 2.14826E-5 1.29974E-5 1.54272E-5 1.1388E-5 1.42337E-5 8.36541E-6 9.78996E-6 8.45048E-6 8.44312E-6 1.30269E-5 1.10755E-5 1.50617E-5 1.16579E-5 1.61514E-5 1.53368E-5 1.72975E-5 1.42916E-5 1.04617E-5 1.55564E-5 1.15138E-5 1.79432E-5 7.93414E-6 1.27132E-5 1.41792E-5 1.45832E-5 5.71327E-6
-9999 -9999 -9999 -9999 -9999 -9999 -9999 -9999 -9999 -9999 -9999 -9999 -9999 -9999 -9999 -9999 -9999 -9999 2.69667E-5 2.8418E-5 2.67977E-5 1.96362E-5 1.75671E-5 1.74262E-5 1.28471E-5 1.23999E-5 9.91027E-6 1.72102E-5 1.23168E-5 1.89573E-5 1.60807E-5 1.06465E-5 1.6745E-5 2.37174E-5 2.30549E-5 1.17688E-5 1.30584E-5 1.43275E-5 8.10148E-6 1.16096E-5 9.05174E-6 1.18636E-5 1.14177E-5 9.59237E-6 9.94109E-6 1.89923E-5 9.84961E-6 1.55017E-5 1.1596E-5 1.56687E-5 1.57386E-5 2.16102E-5 1.39536E-5 1.71661E-5 1.48944E-5 1.35935E-5 1.50856E-5 9.68976E-6 1.33809E-5 1.13303E-5 6.42235E-6
-9999 -9999 -9999 -9999 -9999 -9999 -9999 -9999 -9999 -9999 -9999 -9999 -9999 -9999 -9999 -9999 -9999 2.9345E-5 1.9414E-5 3.20245E-5 2.99129E-5 2.7913E-5 1.72755E-5 2.05605E-5 2.26606E-5 1.48009E-5 8.01559E-6 1.78127E-5 1.97268E-5 1.71331E-5 2.32612E-5 2.40337E-5 1.58229E-5 2.77507E-5 2.44228E-5 1.44748E-5 1.62188E-5 1.51593E-5 1.07096E-5 1.44442E-5 1.06619E-5 1.17939E-5 9.27955E-6 6.06806E-6 5.932E-6 6.72686E-6 1.50642E-5 1.92149E-5 1.38228E-5 9.82591E-6 1.4208E-5 1.13051E-5 2.12263E-5 1.04461E-5 1.39103E-5 1.06604E-5 1.15321E-5 1.14461E-5 1.2003E-5 1.00002E-5 1.79966E-5
-9999 -9999 -9999 -9999 -9999 -9999 -9999 -9999 -9999 -9999 -9999 -9999 -9999 -9999 -9999 -9999 2.17274E-5 2.11263E-5 1.43986E-5 1.36466E-5 1.96182E-5 1.76599E-5 1.34421E-5 1.27592E-5 1.72463E-5 9.04769E-6 8.56152E-6 3.43951E-5 2.97018E-5 1.61589E-5 3.12645E-5 2.06051E-5 1.46947E-5 2.31608E-5 1.21265E-5 1.57368E-5 1.03061E-5 1.15545E-5 1.25109E-5 1.16503E-5 1.29809E-5 1.06989E-5 7.46462E-6 1.91769E-5 8.36334E-6 6.35208E-6 1.70085E-5 1.48163E-5 2.24446E-5 1.45644E-5 2.26949E-5 4.38414E-5 2.1323E-5 1.32068E-5 1.88314E-5 1.42502E-5 1.80817E-5 2.14299E-5 1.33318E-5 6.50525E-6 1.14726E-5
-9999 -9999 -9999 -9999 -9999 -9999 -9999 -9999 -9999 -9999 -9999 -9999 -9999 -9999 -9999 -9999 2.05423E-5 1.18138E-5 1.51542E-5 1.16615E-5 1.31417E-5 1.03024E-5 1.15623E-5 9.94457E-6 1.97965E-5 8.5094E-6 8.82389E-6 2.15538E-5 4.05533E-5 2.04179E-5 1.49003E-5 2.59825E-5 1.53967E-5 2.76514E-5 2.19909E-5 1.24875E-5 1.19144E-5 1.14645E-5 1.31627E-5 1.41244E-5 1.82938E-5 1.0346E-5 1.32512E-5 6.84551E-6 2.0432E-5 1.09055E-5 6.65419E-6 8.26634E-6 1.19146E-5 9.07052E-6 2.09874E-5 4.52941E-5 1.97442E-5 1.35051E-5 8.34798E-6 8.76453E-6 1.02595E-5 1.63392E-5 1.46047E-5 1.21479E-5 1.78149E-5
-9999 -9999 -9999 -9999 -9999 -9999 -9999 -9999 -9999 -9999 -9999 -9999 -9999 -9999 -9999 1.19642E-5 1.92475E-5 1.49096E-5 8.43819E-6 6.53447E-6 1.09892E-5 9.10327E-6 9.78993E-6 1.23439E-5 1.01163E-5 7.69169E-6 1.50028E-5 8.99751E-6 1.52736E-5 2.75934E-5 2.1121E-5 1.54563E-5 1.90154E-5 1.72787E-5 1.60907E-5 1.43435E-5 1.4196E-5 1.06464E-5 1.01043E-5 1.11526E-5 1.38022E-5 1.06228E-5 1.30106E-5 1.40196E-5 7.3799E-6 1.12361E-5 1.90418E-5 1.36167E-5 1.23617E-5 1.50995E-5 1.40045E-5 1.31161E-5 9.52849E-6 1.39071E-5 1.2816E-5 8.43411E-6 1.27791E-5 2.4892E-5 9.45436E-6 1.71433E-5 1.23777E-5
-9999 -9999 -9999 -9999 -9999 -9999 -9999 -9999 -9999 -9999 -9999 -9999 -9999 -9999 4.59811E-6 5.41064E-6 1.20098E-5 1.45265E-5 7.18522E-6 9.72664E-6 7.49369E-6 1.00486E-5 9.83802E-6 1.41572E-5 1.03121E-5 1.32955E-5 1.18895E-5 1.17594E-5 1.63743E-5 2.34777E-5 2.25757E-5 3.00705E-5 1.75049E-5 1.35717E-5 1.40649E-5 1.5552E-5 1.57547E-5 1.17518E-5 1.03189E-5 8.86489E-6 1.00844E-5 1.45456E-5 1.31929E-5 1.63486E-5 1.68528E-5 2.28312E-5 1.41372E-5 1.33756E-5 1.32443E-5 1.08122E-5 1.42303E-5 2.05862E-5 8.31098E-6 8.23855E-6 1.26011E-5 1.22186E-5 1.81777E-5 1.05593E-5 1.39179E-5 9.50685E-6 7.3999E-6
-9999 -9999 -9999 -9999 -9999 -9999 -9999 -9999 -9999 -9999 -9999 -9999 -9999 -9999 1.0513E-5 8.0005E-6 8.9032E-6 1.4871E-5 1.66767E-5 1.63158E-5 8.87436E-6 8.45977E-6 1.11316E-5 1.38596E-5 2.27119E-5 1.27128E-5 2.05522E-5 2.22831E-5 2.44839E-5 8.99071E-6 1.91429E-5 2.50454E-5 1.83488E-5 1.96196E-5 1.98328E-5 1.77953E-5 2.89587E-5 1.38584E-5 2.21453E-5 8.99092E-6 9.33026E-6 9.08137E-6 1.25808E-5 1.34403E-5 1.23723E-5 1.04116E-5 1.27845E-5 1.52187E-5 1.35573E-5 1.76832E-5 1.91518E-5 1.08327E-5 1.14121E-5 1.69507E-5 2.0658E-5 1.87005E-5 2.31101E-5 2.86105E-5 1.76371E-5 2.96018E-5 3.79215E-5
-9999 -9999 -9999 -9999 -9999 -9999 -9999 -9999 -9999 -9999 -9999 -9999 -9999 1.76157E-5 2.88515E-5 2.05968E-5 2.40846E-5 2.28224E-5 1.93133E-5 1.64653E-5 8.21267E-6 9.90679E-6 1.50243E-5 2.55239E-5 1.37658E-5 1.71027E-5 1.14607E-5 2.47491E-5 2.86699E-5 2.17035E-5 1.6927E-5 1.63545E-5 2.19484E-5 2.98117E-5 2.19921E-5 2.88852E-5 3.60635E-5 3.11484E-5 3.76114E-5 1.30731E-5 1.21552E-5 9.21265E-6 1.03405E-5 1.38789E-5 9.03986E-6 1.03118E-5 6.98918E-6 1.90235E-5 6.5584E-6 9.07723E-6 1.83176E-5 1.4669E-5 9.7241E-6 7.4384E-6 2.26017E-5 1.96608E-5 3.15576E-5 2.71204E-5 1.77987E-5 2.53485E-5 1.05852E-5
-9999 -9999 -9999 -9999 -9999 -9999 -9999 -9999 -9999 -9999 -9999 -9999 1.9331E-5 1.13179E-5 9.83985E-6 1.91944E-5 1.70426E-5 1.67392E-5 1.99939E-5 1.26217E-5 1.27894E-5 1.17977E-5 9.36613E-6 6.82534E-6 1.23931E-5 9.40244E-6 2.14302E-5 2.86427E-5 3.0806E-5 3.03375E-5 1.76356E-5 1.53466E-5 2.51674E-5 1.73405E-5 2.40645E-5 1.90579E-5 2.64127E-5 2.43878E-5 1.55834E-5 1.06173E-5 1.27843E-5 1.01809E-5 1.52707E-5 1.78361E-5 1.65331E-5 9.4019E-6 1.44091E-5 8.15041E-6 1.46154E-5 6.92787E-6 1.50046E-5 9.67342E-6 2.08065E-5 2.43074E-5 1.90279E-5 8.51765E-6 2.67337E-5 2.29384E-5 1.86624E-5 1.65997E-5 1.41641E-5
-9999 -9999 -9999 -9999 -9999 -9999 -9999 -9999 -9999 -9999 -9999 1.22414E-5 3.69054E-5 3.16299E-5 1.99893E-5 1.81849E-5 2.01209E-5 1.43158E-5 1.41451E-5 1.31361E-5 1.6323E-5 1.68291E-5 1.16392E-5 1.23115E-5 1.19068E-5 1.57273E-5 2.21115E-5 2.57293E-5 1.97618E-5 3.74217E-5 1.39471E-5 1.59539E-5 2.67336E-5 1.78236E-5 1.4282E-5 1.85504E-5 1.26219E-5 1.98475E-5 1.76531E-5 1.34745E-5 1.31756E-5 1.23221E-5 1.48413E-5 3.28192E-5 3.23111E-5 8.6085E-6 1.21982E-5 1.8669E-5 1.9545E-5 2.7506E-5 1.40397E-5 1.12394E-5 1.7238E-5 2.12195E-5 1.56512E-5 1.73493E-5 2.09305E-5 1.8146E-5 1.84278E-5 1.53888E-5 1.28705E-5
-9999 -9999 -9999 -9999 -9999 -9999 -9999 -9999 -9999 -9999 -9999 1.8973E-6 3.03485E-5 2.99409E-5 2.84389E-5 2.39928E-5 2.49339E-5 1.91253E-5 2.15332E-5 1.61964E-5 1.1851E-5 1.89165E-5 3.79557E-5 2.05546E-5 4.70513E-5 4.74422E-5 3.76947E-5 2.51872E-5 1.89513E-5 1.82929E-5 1.08491E-5 1.38436E-5 2.05737E-5 1.95443E-5 2.36616E-5 2.1749E-5 1.67358E-5 1.75681E-5 1.10182E-5 1.10254E-5 1.32408E-5 1.62051E-5 1.57827E-5 3.16014E-5 2.79231E-5 7.27414E-6 9.18181E-6 6.06328E-6 7.84515E-6 1.42416E-5 9.83974E-6 8.57473E-6 1.83318E-5 2.05774E-5 1.67408E-5 1.90012E-5 1.82838E-5 1.78159E-5 1.58243E-5 1.4887E-5 1.19732E-5
-9999 -9999 -9999 -9999 -9999 -9999 -9999 -9999 -9999 -9999 1.31293E-6 1.95334E-6 3.6544E-6 2.44667E-5 3.14808E-5 2.69233E-5 2.30492E-5 2.17386E-5 2.41943E-5 2.01297E-5 1.93414E-5 1.81639E-5 1.89062E-5 2.30687E-5 2.77138E-5 4.93118E-5 4.8068E-5 1.82203E-5 1.78658E-5 2.19889E-5 1.57566E-5 7.62918E-6 1.95388E-5 2.00417E-5 2.07894E-5 1.55856E-5 1.19847E-5 1.3832E-5 2.05099E-5 1.57272E-5 1.34226E-5 1.30492E-5 2.02658E-5 2.10613E-5 3.72812E-5 7.83992E-6 6.35987E-6 1.18095E-5 1.6712E-5 2.00916E-5 1.19943E-5 1.78234E-5 3.63128E-5 4.24897E-5 2.68518E-5 1.76324E-5 1.56297E-5 1.31586E-5 5.02546E-6 1.10582E-5 1.02632E-5
-9999 -9999 -9999 -9999 -9999 -9999 -9999 -9999 -9999 1.43272E-6 8.2892E-7 1.86569E-6 1.62833E-6 1.16268E-5 3.33182E-5 3.23911E-5 1.68701E-5 2.26678E-5 2.6072E-5 3.36855E-5 2.33979E-5 2.35788E-5 2.02275E-5 4.61847E-5 8.23279E-5 6.86693E-5 6.96857E-5 2.11989E-5 2.1649E-5 2.04923E-5 2.03694E-5 8.19604E-6 1.48234E-5 2.56068E-5 1.85617E-5 1.5992E-5 1.06853E-5 1.18502E-5 1.34929E-5 1.53063E-5 9.06296E-6 9.78656E-6 1.40621E-5 4.01677E-5 1.9745E-5 1.63615E-5 9.8123E-6 1.72787E-5 1.56094E-5 1.30392E-5 1.5891E-5 2.84593E-5 2.59102E-5 1.59502E-5 1.33103E-5 1.55965E-5 1.78481E-5 5.99505E-6 1.20786E-5 4.6344E-6 8.35345E-6
-9999 -9999 -9999 -9999 -9999 -9999 -9999 -9999 -9999 1.75429E-6 1.12171E-6 6.91458E-7 4.96206E-6 7.12657E-6 2.86362E-5 2.99495E-5 2.19707E-5 1.64496E-5 2.59902E-5 2.27858E-5 3.36146E-5 3.49827E-5 3.87059E-5 6.39469E-5 8.9142E-5 4.71442E-5 9.84078E-5 3.59485E-5 2.41744E-5 2.57379E-5 1.90243E-5 1.43062E-5 2.1605E-5 1.98362E-5 1.77557E-5 2.13202E-5 1.39668E-5 1.0466E-5 9.59769E-6 2.21861E-5 1.75604E-5 1.88645E-5 1.73991E-5 2.15773E-5 1.46338E-5 2.21508E-5 3.19641E-5 3.18595E-5 1.8469E-5 1.38164E-5 1.54632E-5 1.47509E-5 1.42027E-5 1.70227E-5 1.5605E-5 1.43223E-5 1.05651E-5 7.76497E-6 1.003E-5 1.05933E-5 8.32906E-6
