Candidate_Models_July82022/M_0.7_F_lqp_Set_1_all/Bison.asc
ncols         290
nrows         380
xllcorner     -2197417.7431653
yllcorner     -584827.01486885
cellsize      10000.0
NODATA_value  -9999
[rows 81 to 107 of 380, columns 183 to 243 of 290]
1.34241E-6 1.66189E-6 1.62084E-6 1.84053E-6 1.39248E-6 1.3469E-6 1.32269E-6 1.18527E-6 1.17079E-6 1.12615E-6 1.10264E-6 1.0663E-6 1.08153E-6 1.0449E-6 1.15994E-6 1.15076E-6 1.14256E-6 1.07244E-6 1.07517E-6 1.10233E-6 1.11372E-6 1.03818E-6 1.05755E-6 1.0674E-6 9.16888E-7 9.20291E-7 9.28113E-7 8.5393E-7 8.68407E-7 8.14362E-7 8.0217E-7 8.10136E-7 7.94701E-7 8.123E-7 7.91004E-7 7.41384E-7 7.46645E-7 6.69651E-7 6.4317E-7 6.07099E-7 6.21859E-7 5.5705E-7 5.48487E-7 5.32551E-7 5.07273E-7 4.84554E-7 4.54858E-7 4.49809E-7 4.26343E-7 4.10699E-7 4.33304E-7 4.34762E-7 4.6172E-7 4.48032E-7 4.46716E-7 4.64547E-7 4.46777E-7 4.71801E-7 4.33647E-7 3.63545E-7 3.45169E-7
1.34759E-6 1.48419E-6 1.80193E-6 -9999 1.29831E-6 1.38466E-6 1.24853E-6 1.20133E-6 1.15308E-6 1.09317E-6 1.14038E-6 1.08672E-6 1.08153E-6 1.06266E-6 1.14919E-6 1.10499E-6 1.08023E-6 1.15264E-6 1.0845E-6 1.10576E-6 1.0982E-6 1.02948E-6 1.00773E-6 9.84734E-7 9.52195E-7 9.42683E-7 9.55546E-7 8.77974E-7 7.8505E-7 7.7665E-7 7.84569E-7 8.82038E-7 8.08245E-7 7.73145E-7 7.47088E-7 7.32441E-7 7.00187E-7 7.06184E-7 6.69047E-7 5.95839E-7 6.04913E-7 5.82654E-7 5.4568E-7 5.42408E-7 4.99661E-7 4.85725E-7 4.89861E-7 4.4428E-7 4.60595E-7 4.37125E-7 4.46119E-7 4.50698E-7 4.74828E-7 4.53348E-7 4.54246E-7 4.47203E-7 4.78662E-7 4.59508E-7 4.51795E-7 3.78986E-7 3.48854E-7
1.16798E-6 1.3755E-6 1.64047E-6 1.54908E-6 1.31612E-6 1.29786E-6 1.14025E-6 1.14879E-6 1.13688E-6 1.12035E-6 1.04069E-6 1.0641E-6 1.05916E-6 1.09295E-6 1.09922E-6 1.10966E-6 1.09681E-6 1.0741E-6 1.15264E-6 1.05705E-6 1.03863E-6 9.7721E-7 1.03035E-6 1.00114E-6 9.61443E-7 9.43453E-7 9.14439E-7 8.93702E-7 7.91898E-7 7.76613E-7 8.63188E-7 7.77345E-7 8.10102E-7 7.59372E-7 7.39588E-7 6.82004E-7 6.95019E-7 6.79568E-7 6.57725E-7 6.0401E-7 5.79694E-7 5.8594E-7 5.6888E-7 5.76564E-7 5.32137E-7 5.05143E-7 4.90635E-7 4.81159E-7 4.63828E-7 4.7705E-7 4.64496E-7 4.62226E-7 4.75051E-7 4.50876E-7 4.94862E-7 4.27199E-7 4.3865E-7 4.81327E-7 4.36098E-7 4.39254E-7 3.66661E-7
1.15912E-6 1.19703E-6 1.62026E-6 1.64866E-6 1.37868E-6 1.31517E-6 1.23117E-6 1.1774E-6 1.16812E-6 1.08434E-6 1.10734E-6 1.0767E-6 1.12236E-6 1.16104E-6 1.12123E-6 1.07729E-6 1.02496E-6 1.05281E-6 1.07998E-6 1.00446E-6 1.04262E-6 9.99947E-7 1.00751E-6 1.16953E-6 9.50763E-7 9.48856E-7 8.44016E-7 8.98214E-7 8.25812E-7 7.78844E-7 9.7957E-7 8.33239E-7 8.11456E-7 8.18694E-7 7.73466E-7 7.3523E-7 6.67796E-7 6.64951E-7 6.68075E-7 6.59273E-7 6.2529E-7 6.37076E-7 6.16999E-7 5.80969E-7 5.37039E-7 5.26687E-7 4.96034E-7 4.93792E-7 5.04552E-7 4.804E-7 4.64948E-7 4.70715E-7 4.8866E-7 4.97299E-7 4.37709E-7 4.55124E-7 4.66845E-7 4.31292E-7 4.46707E-7 4.7229E-7 3.85923E-7
1.19052E-6 1.2163E-6 1.22881E-6 1.48068E-6 1.57596E-6 1.36022E-6 1.31517E-6 1.38343E-6 1.15628E-6 9.64711E-7 1.12E-6 1.02832E-6 1.1879E-6 9.66281E-7 1.09808E-6 1.12305E-6 1.04353E-6 1.0746E-6 1.06357E-6 1.04345E-6 1.04412E-6 1.04621E-6 1.06103E-6 1.06387E-6 1.01595E-6 9.56507E-7 9.39873E-7 9.08391E-7 9.31675E-7 8.15786E-7 1.0188E-6 8.90184E-7 8.713E-7 7.65129E-7 7.89506E-7 7.32598E-7 6.62435E-7 6.72504E-7 6.72228E-7 6.85553E-7 6.37537E-7 6.38582E-7 6.07493E-7 5.7447E-7 5.57832E-7 5.3838E-7 5.14296E-7 5.17573E-7 4.9921E-7 5.11757E-7 5.15085E-7 5.145E-7 4.63062E-7 4.61621E-7 4.32025E-7 4.70575E-7 4.38099E-7 4.35005E-7 4.3549E-7 4.64294E-7 3.55654E-7
1.24887E-6 1.35182E-6 1.33498E-6 1.38534E-6 1.48772E-6 1.56805E-6 1.22141E-6 1.28245E-6 -9999 -9999 1.16147E-6 1.13054E-6 1.1197E-6 1.14306E-6 1.11286E-6 1.08326E-6 1.10443E-6 1.12756E-6 1.11859E-6 1.11288E-6 1.16391E-6 1.09166E-6 1.0483E-6 1.09009E-6 1.22301E-6 1.09136E-6 9.55406E-7 9.44526E-7 9.52927E-7 8.71446E-7 9.05708E-7 9.57989E-7 8.70748E-7 8.42397E-7 7.7591E-7 7.48491E-7 7.40373E-7 7.03616E-7 6.90893E-7 6.92731E-7 6.63368E-7 6.40846E-7 6.55269E-7 5.75066E-7 5.9272E-7 5.60282E-7 5.68845E-7 5.48066E-7 4.8647E-7 5.09421E-7 5.01873E-7 4.85587E-7 4.60656E-7 4.61058E-7 5.17296E-7 4.27978E-7 4.43117E-7 4.01296E-7 4.39215E-7 3.91705E-7 3.79297E-7
1.29722E-6 1.28607E-6 1.187E-6 1.49062E-6 1.67987E-6 1.43766E-6 1.24427E-6 1.29619E-6 1.21228E-6 1.12201E-6 1.24587E-6 1.18573E-6 -9999 1.12151E-6 1.07887E-6 1.15603E-6 1.12063E-6 1.09703E-6 1.07914E-6 1.10809E-6 1.12181E-6 1.12343E-6 1.11302E-6 1.04588E-6 1.12451E-6 1.20721E-6 1.0127E-6 9.57318E-7 9.80538E-7 1.13679E-6 9.07959E-7 1.3995E-6 9.27546E-7 8.12666E-7 8.09564E-7 8.51268E-7 8.19269E-7 7.44195E-7 7.34076E-7 7.31236E-7 6.61963E-7 6.8019E-7 6.01157E-7 6.07439E-7 5.89083E-7 6.06469E-7 5.56402E-7 5.73861E-7 5.23706E-7 5.10407E-7 5.54521E-7 4.63176E-7 4.92523E-7 4.8634E-7 4.682E-7 4.46283E-7 4.16377E-7 4.86711E-7 4.21917E-7 3.50775E-7 3.91574E-7
1.29657E-6 1.36342E-6 1.35172E-6 1.36169E-6 1.33223E-6 1.56504E-6 1.37518E-6 1.35996E-6 1.21371E-6 1.18245E-6 1.22823E-6 1.22318E-6 1.35241E-6 1.17038E-6 1.12187E-6 1.1533E-6 1.23348E-6 1.1523E-6 1.1903E-6 1.24021E-6 1.17348E-6 1.13081E-6 1.09358E-6 1.2056E-6 1.08513E-6 1.06044E-6 1.10604E-6 9.5461E-7 9.72011E-7 8.30941E-7 9.37539E-7 9.79003E-7 8.70197E-7 8.79279E-7 8.95255E-7 8.72121E-7 8.53377E-7 7.61981E-7 7.4061E-7 7.43682E-7 7.19759E-7 6.92337E-7 6.88832E-7 6.28528E-7 6.28528E-7 6.09193E-7 5.97638E-7 5.82529E-7 5.34726E-7 5.45402E-7 5.31748E-7 5.23531E-7 4.95829E-7 4.66463E-7 5.12267E-7 4.40355E-7 5.03863E-7 4.27708E-7 4.18358E-7 4.40453E-7 3.90285E-7
1.35382E-6 1.43867E-6 1.46352E-6 1.43382E-6 1.38339E-6 1.46065E-6 1.44471E-6 1.42066E-6 1.28773E-6 1.31119E-6 1.35671E-6 1.34265E-6 1.25688E-6 1.20215E-6 1.19606E-6 1.20637E-6 1.15373E-6 1.17543E-6 1.26155E-6 1.2441E-6 1.2722E-6 1.21918E-6 1.13988E-6 1.13244E-6 1.04858E-6 1.0958E-6 1.0987E-6 1.10604E-6 1.00029E-6 9.135E-7 9.49987E-7 9.08555E-7 9.11484E-7 9.28555E-7 9.13573E-7 9.34991E-7 8.3835E-7 7.8108E-7 7.56788E-7 7.48511E-7 7.12896E-7 6.90268E-7 6.74927E-7 6.42504E-7 6.31916E-7 6.46895E-7 5.94154E-7 6.01547E-7 5.63757E-7 5.60585E-7 5.56768E-7 5.21866E-7 5.01729E-7 4.57671E-7 4.91728E-7 4.83071E-7 6.82361E-7 4.695E-7 4.09984E-7 4.00457E-7 4.20675E-7
1.46603E-6 1.52799E-6 1.64429E-6 1.48364E-6 1.53603E-6 1.62036E-6 1.65905E-6 1.4095E-6 1.45906E-6 1.3354E-6 1.33986E-6 1.28493E-6 1.32552E-6 1.14307E-6 1.18924E-6 1.285E-6 1.19949E-6 1.21876E-6 1.25326E-6 1.32472E-6 1.26311E-6 1.21675E-6 1.2722E-6 1.13451E-6 1.11874E-6 1.14976E-6 1.23301E-6 1.18052E-6 1.27515E-6 1.00487E-6 9.43888E-7 9.07174E-7 8.85192E-7 9.54593E-7 9.72481E-7 9.45971E-7 9.01727E-7 8.55788E-7 7.76464E-7 6.78873E-7 6.9256E-7 6.98567E-7 6.82242E-7 6.92918E-7 6.79936E-7 6.37978E-7 6.11102E-7 5.83607E-7 5.86774E-7 5.92045E-7 5.84547E-7 5.37467E-7 5.39119E-7 4.61569E-7 5.31238E-7 4.9445E-7 5.64578E-7 4.59976E-7 4.49287E-7 4.28037E-7 4.19886E-7
1.51445E-6 1.56044E-6 1.46973E-6 1.58425E-6 1.58083E-6 1.52005E-6 1.59574E-6 1.45537E-6 1.42062E-6 1.43661E-6 1.36985E-6 1.31896E-6 1.33986E-6 1.35825E-6 1.27796E-6 1.28162E-6 1.28642E-6 1.22562E-6 1.20365E-6 1.24115E-6 1.38648E-6 1.23015E-6 1.37446E-6 1.36826E-6 1.35216E-6 1.19384E-6 1.16758E-6 1.20159E-6 1.12671E-6 1.16002E-6 1.0803E-6 9.54137E-7 9.62681E-7 1.06328E-6 9.65547E-7 9.29695E-7 9.00555E-7 8.63471E-7 7.55134E-7 8.26524E-7 7.65226E-7 7.09263E-7 6.89192E-7 6.59086E-7 6.70408E-7 6.15672E-7 6.25762E-7 5.79212E-7 5.72175E-7 6.08601E-7 5.6769E-7 5.64683E-7 5.41096E-7 5.04155E-7 5.49932E-7 4.87658E-7 4.96486E-7 4.75372E-7 4.3896E-7 4.64485E-7 4.24445E-7
1.53825E-6 1.61066E-6 1.86422E-6 1.16387E-6 1.58187E-6 1.55215E-6 1.39887E-6 1.47866E-6 1.48606E-6 1.32343E-6 1.64489E-6 1.38944E-6 1.2359E-6 1.38713E-6 1.28813E-6 1.28813E-6 1.24866E-6 1.22971E-6 1.24252E-6 1.32651E-6 1.30259E-6 1.35295E-6 1.31733E-6 1.27727E-6 1.26243E-6 1.24663E-6 1.24236E-6 1.22293E-6 1.08765E-6 1.05326E-6 9.91065E-7 9.69906E-7 1.15957E-6 1.00568E-6 8.88128E-7 9.27476E-7 8.98647E-7 8.6998E-7 8.61638E-7 8.46616E-7 7.26206E-7 7.6917E-7 7.15787E-7 6.85671E-7 6.57679E-7 6.77619E-7 6.4613E-7 6.23605E-7 5.91683E-7 5.45741E-7 5.83399E-7 4.95344E-7 5.2052E-7 5.10365E-7 5.06172E-7 5.30283E-7 5.85175E-7 5.09691E-7 4.82125E-7 4.49296E-7 4.88903E-7
1.59044E-6 1.64371E-6 1.58214E-6 1.92763E-6 1.58978E-6 1.46766E-6 1.59626E-6 1.67139E-6 1.39564E-6 1.59154E-6 1.56648E-6 1.47137E-6 1.25069E-6 1.3209E-6 1.33035E-6 1.37129E-6 1.30424E-6 1.29581E-6 1.34532E-6 1.39708E-6 1.39033E-6 1.33077E-6 1.33311E-6 1.35672E-6 1.3789E-6 1.28151E-6 1.35041E-6 1.34828E-6 1.16443E-6 1.11368E-6 1.00415E-6 1.02641E-6 1.10142E-6 1.22142E-6 9.00196E-7 9.55495E-7 8.97033E-7 8.44522E-7 8.25815E-7 8.26679E-7 7.94942E-7 7.9987E-7 6.83624E-7 6.91471E-7 6.96774E-7 6.84822E-7 6.37972E-7 6.01144E-7 6.05322E-7 5.86624E-7 5.75985E-7 6.00998E-7 5.72913E-7 5.98538E-7 4.99722E-7 5.17705E-7 5.57722E-7 5.0866E-7 4.79739E-7 4.90246E-7 4.83997E-7
1.69171E-6 2.00078E-6 1.62917E-6 1.63008E-6 1.60499E-6 1.41883E-6 1.5771E-6 1.51263E-6 1.55924E-6 1.47733E-6 1.36549E-6 1.34226E-6 1.4038E-6 1.36477E-6 1.37258E-6 1.41402E-6 1.40211E-6 1.34328E-6 1.27253E-6 1.35052E-6 1.42027E-6 1.39353E-6 1.38663E-6 1.35E-6 1.3749E-6 1.32441E-6 1.24029E-6 1.37643E-6 1.22639E-6 1.17193E-6 1.10571E-6 1.09848E-6 1.13358E-6 1.0656E-6 9.94034E-7 1.06277E-6 8.95422E-7 8.70364E-7 8.43563E-7 8.31325E-7 7.66718E-7 7.82459E-7 7.61272E-7 7.3021E-7 6.61084E-7 6.57548E-7 6.41418E-7 6.19851E-7 6.3297E-7 5.82939E-7 5.79893E-7 5.7973E-7 -9999 5.73414E-7 5.442E-7 5.30622E-7 5.27692E-7 5.22213E-7 5.11959E-7 5.16056E-7 5.4799E-7
1.58465E-6 1.64479E-6 1.87572E-6 1.90101E-6 1.71434E-6 1.56503E-6 1.62866E-6 1.64523E-6 1.52834E-6 1.4893E-6 1.44279E-6 1.41019E-6 1.38369E-6 1.45073E-6 1.38104E-6 1.37406E-6 1.36061E-6 1.38814E-6 1.45599E-6 1.48811E-6 1.38865E-6 1.53144E-6 1.3461E-6 1.33501E-6 1.34699E-6 1.29681E-6 1.49869E-6 1.26077E-6 1.36824E-6 1.14726E-6 1.1514E-6 1.06702E-6 1.12954E-6 1.037E-6 1.04063E-6 9.98337E-7 9.77765E-7 9.57022E-7 8.35108E-7 7.5714E-7 7.82455E-7 8.52258E-7 7.50643E-7 7.20453E-7 6.91531E-7 6.30323E-7 9.24884E-7 6.7398E-7 6.21283E-7 7.32806E-7 5.88051E-7 5.39927E-7 6.0741E-7 5.0971E-7 5.64272E-7 5.05055E-7 5.46112E-7 5.50902E-7 5.19366E-7 5.43506E-7 6.01755E-7
1.81154E-6 1.75721E-6 1.82791E-6 1.76901E-6 1.63717E-6 1.68232E-6 1.66206E-6 1.46662E-6 1.57466E-6 1.59674E-6 1.47765E-6 1.49601E-6 1.49475E-6 1.51764E-6 1.48209E-6 1.4283E-6 1.45327E-6 1.28236E-6 1.42458E-6 1.49604E-6 1.57314E-6 1.94545E-6 1.3549E-6 1.379E-6 1.33752E-6 1.36986E-6 1.36964E-6 1.27202E-6 1.3693E-6 1.21311E-6 1.12827E-6 1.32907E-6 1.13283E-6 1.06766E-6 1.30143E-6 1.05098E-6 1.0473E-6 9.32738E-7 8.83383E-7 8.15309E-7 7.81293E-7 7.6641E-7 8.09098E-7 7.18912E-7 7.22005E-7 6.84268E-7 6.75505E-7 6.41558E-7 6.25063E-7 6.59473E-7 6.33616E-7 6.04419E-7 6.34575E-7 5.63073E-7 5.45684E-7 5.6636E-7 5.68299E-7 5.77369E-7 5.46062E-7 5.625E-7 5.63156E-7
1.74699E-6 2.0027E-6 1.7392E-6 1.72663E-6 1.92963E-6 1.61883E-6 1.77611E-6 1.60249E-6 1.65482E-6 1.59543E-6 1.55978E-6 1.5494E-6 1.62549E-6 1.64925E-6 1.62676E-6 1.53919E-6 1.48508E-6 1.41259E-6 1.54033E-6 1.65753E-6 1.53563E-6 1.57432E-6 1.40238E-6 1.30441E-6 1.6274E-6 1.34328E-6 1.28721E-6 1.2716E-6 1.32588E-6 1.21594E-6 1.12057E-6 1.21637E-6 1.13081E-6 1.06902E-6 1.12532E-6 1.16363E-6 1.05814E-6 9.4125E-7 8.70455E-7 8.3254E-7 8.0897E-7 7.7714E-7 7.75205E-7 7.28245E-7 7.8177E-7 7.53685E-7 7.0215E-7 6.85556E-7 6.90554E-7 6.54467E-7 6.19903E-7 7.18246E-7 5.93297E-7 5.96917E-7 5.97079E-7 5.90112E-7 6.01421E-7 6.11461E-7 5.65117E-7 5.707E-7 5.83678E-7
1.84365E-6 1.95357E-6 1.6446E-6 1.79385E-6 1.65398E-6 2.20413E-6 1.73609E-6 1.57436E-6 1.71206E-6 1.91169E-6 1.66334E-6 1.5834E-6 1.52657E-6 1.60568E-6 1.70417E-6 1.62764E-6 1.63956E-6 1.58269E-6 1.53025E-6 1.53898E-6 1.61145E-6 1.49088E-6 1.52336E-6 1.41E-6 1.33663E-6 1.29594E-6 1.29222E-6 1.4053E-6 1.38291E-6 1.1577E-6 1.18738E-6 1.19519E-6 1.27986E-6 1.17834E-6 1.2329E-6 9.78405E-7 1.01166E-6 9.41789E-7 9.17912E-7 9.24113E-7 8.64156E-7 8.7157E-7 7.83091E-7 7.69272E-7 7.75695E-7 7.94962E-7 7.14811E-7 7.37995E-7 7.20163E-7 6.97512E-7 6.9504E-7 6.66113E-7 6.40967E-7 6.30085E-7 6.3161E-7 5.72827E-7 6.08274E-7 5.93223E-7 5.98878E-7 6.39814E-7 6.10128E-7
2.00216E-6 1.93415E-6 1.96565E-6 1.94629E-6 1.95158E-6 2.00964E-6 2.12443E-6 1.7191E-6 1.66288E-6 1.72453E-6 1.46467E-6 1.7265E-6 1.8841E-6 1.7623E-6 1.60371E-6 1.63895E-6 1.5516E-6 1.58607E-6 1.49665E-6 1.54878E-6 1.73836E-6 1.66114E-6 1.4632E-6 1.42975E-6 1.35236E-6 1.25E-6 1.29882E-6 1.21043E-6 1.15391E-6 1.27869E-6 1.07812E-6 1.13491E-6 1.13388E-6 1.11175E-6 1.11058E-6 9.62588E-7 9.32379E-7 9.58772E-7 1.00376E-6 9.18065E-7 8.87535E-7 8.73738E-7 7.93052E-7 7.67261E-7 7.69866E-7 7.05259E-7 7.16495E-7 7.22515E-7 7.37789E-7 7.34708E-7 6.66191E-7 6.62652E-7 6.96413E-7 5.9614E-7 6.02464E-7 6.29306E-7 5.79194E-7 5.98837E-7 5.7458E-7 6.29646E-7 6.73051E-7
2.22477E-6 1.84308E-6 1.96878E-6 1.80509E-6 1.7774E-6 1.72375E-6 1.83984E-6 1.80649E-6 1.66478E-6 1.71615E-6 1.60985E-6 1.47591E-6 1.56256E-6 1.61472E-6 1.63342E-6 1.64537E-6 1.61914E-6 1.54506E-6 1.43253E-6 1.50651E-6 1.65061E-6 1.55537E-6 1.48497E-6 1.83128E-6 1.34344E-6 1.26461E-6 1.20666E-6 1.25829E-6 1.43703E-6 1.30976E-6 1.18215E-6 1.14484E-6 1.15615E-6 1.23647E-6 1.04208E-6 1.05518E-6 9.46312E-7 1.04686E-6 9.60426E-7 9.55735E-7 9.13264E-7 8.88832E-7 9.05545E-7 9.42662E-7 9.96448E-7 8.16836E-7 7.49762E-7 7.40899E-7 7.58954E-7 7.916E-7 7.10487E-7 7.10879E-7 6.83115E-7 6.25087E-7 5.66087E-7 6.24333E-7 6.15116E-7 6.11423E-7 5.98297E-7 6.46077E-7 6.36978E-7
1.87579E-6 1.82961E-6 2.02196E-6 1.984E-6 2.17578E-6 1.98599E-6 1.80992E-6 1.87687E-6 1.75116E-6 1.83204E-6 1.7488E-6 1.66984E-6 1.66188E-6 1.68772E-6 1.63345E-6 1.65153E-6 1.49295E-6 1.56761E-6 1.48948E-6 1.49931E-6 1.63754E-6 1.46895E-6 1.60143E-6 1.35933E-6 1.2212E-6 1.16197E-6 1.24096E-6 1.22335E-6 1.23396E-6 1.27144E-6 1.23731E-6 1.20547E-6 1.17283E-6 1.21165E-6 1.03972E-6 1.10236E-6 1.07435E-6 1.26788E-6 1.04703E-6 9.63143E-7 9.37668E-7 9.35521E-7 8.83799E-7 8.84896E-7 7.86901E-7 7.82062E-7 7.81542E-7 7.8248E-7 8.26035E-7 7.5844E-7 7.42034E-7 7.5956E-7 6.87549E-7 6.79727E-7 6.75901E-7 5.94127E-7 6.20547E-7 6.1662E-7 5.84465E-7 6.56919E-7 6.36014E-7
1.88242E-6 1.8397E-6 1.90392E-6 1.80485E-6 1.72559E-6 1.6657E-6 2.18456E-6 1.78837E-6 1.82983E-6 1.78397E-6 1.98321E-6 1.74634E-6 1.55391E-6 1.70996E-6 1.51356E-6 1.63843E-6 1.119E-6 1.41396E-6 1.60661E-6 1.44346E-6 1.44346E-6 1.46648E-6 1.74431E-6 1.43381E-6 1.33412E-6 1.26904E-6 1.18619E-6 1.25197E-6 1.15832E-6 1.25043E-6 1.27144E-6 1.24459E-6 1.25721E-6 1.31222E-6 1.49274E-6 1.06931E-6 1.13231E-6 1.01231E-6 1.00346E-6 1.05679E-6 1.07309E-6 9.43231E-7 8.87667E-7 9.08504E-7 9.13724E-7 8.47581E-7 8.49481E-7 8.21844E-7 7.97201E-7 8.35894E-7 7.69982E-7 8.94713E-7 7.36408E-7 7.09707E-7 6.68607E-7 6.80363E-7 6.42764E-7 6.42231E-7 5.97438E-7 6.50344E-7 7.19348E-7
2.04302E-6 2.06779E-6 1.77889E-6 1.71836E-6 1.73957E-6 1.77377E-6 1.93693E-6 1.88426E-6 1.72199E-6 1.88088E-6 2.71294E-6 1.75998E-6 1.66809E-6 1.74153E-6 1.67328E-6 1.70114E-6 1.62103E-6 1.59993E-6 1.55974E-6 1.54305E-6 1.52583E-6 1.56419E-6 1.73147E-6 1.60824E-6 1.51945E-6 1.34409E-6 1.29123E-6 1.91214E-6 1.31024E-6 1.78205E-6 1.29241E-6 1.26601E-6 1.36004E-6 1.23385E-6 1.24236E-6 1.22251E-6 1.19374E-6 1.1247E-6 1.07595E-6 1.14909E-6 1.03777E-6 9.51448E-7 9.1837E-7 8.76632E-7 9.09873E-7 8.93182E-7 8.91052E-7 7.99676E-7 8.19815E-7 7.48807E-7 7.3248E-7 7.33517E-7 6.99285E-7 7.5672E-7 6.81805E-7 7.01357E-7 7.03297E-7 6.38885E-7 6.66766E-7 6.51101E-7 6.77736E-7
1.98546E-6 2.02422E-6 1.81694E-6 1.89548E-6 1.85508E-6 1.87169E-6 1.96613E-6 2.00275E-6 1.83012E-6 1.83473E-6 1.69708E-6 1.7839E-6 1.66898E-6 1.68863E-6 1.66949E-6 1.71906E-6 1.67949E-6 1.78592E-6 1.65521E-6 1.5437E-6 1.60817E-6 1.8264E-6 2.04302E-6 1.99879E-6 1.69565E-6 2.00798E-6 1.40044E-6 1.90769E-6 9.93383E-7 1.27895E-6 1.20576E-6 1.19706E-6 1.28059E-6 1.28449E-6 1.32308E-6 1.26706E-6 1.26706E-6 1.31174E-6 1.1746E-6 1.16712E-6 1.11863E-6 1.00476E-6 9.25209E-7 9.84335E-7 9.4268E-7 8.59805E-7 8.34664E-7 7.87652E-7 7.71392E-7 7.52595E-7 7.11829E-7 7.02523E-7 7.52909E-7 8.40213E-7 7.31315E-7 7.21662E-7 7.24857E-7 7.10471E-7 6.68563E-7 7.39501E-7 7.57542E-7
1.89059E-6 1.99596E-6 2.01299E-6 1.87199E-6 1.93833E-6 1.88847E-6 2.0796E-6 2.01028E-6 1.86787E-6 1.74075E-6 1.77798E-6 1.72596E-6 1.78877E-6 1.74061E-6 1.67407E-6 1.6332E-6 1.69156E-6 1.64557E-6 1.8032E-6 1.80876E-6 1.72547E-6 1.6748E-6 2.14773E-6 1.74981E-6 1.58846E-6 1.48237E-6 1.38938E-6 1.10028E-6 1.71651E-6 1.76051E-6 1.45357E-6 1.24715E-6 1.33927E-6 1.34444E-6 1.30037E-6 1.35942E-6 1.38095E-6 1.2292E-6 1.0809E-6 1.12418E-6 1.08226E-6 1.0735E-6 1.05163E-6 1.02629E-6 9.84493E-7 8.51471E-7 8.4289E-7 8.32132E-7 1.05887E-6 7.86313E-7 8.14242E-7 7.16034E-7 7.88329E-7 8.41405E-7 7.61965E-7 7.44575E-7 7.71917E-7 7.67151E-7 7.17809E-7 7.63087E-7 7.88344E-7
2.10706E-6 2.12249E-6 2.06823E-6 1.97642E-6 1.89691E-6 1.92771E-6 1.97323E-6 1.88824E-6 1.69648E-6 1.8095E-6 1.84244E-6 1.76375E-6 1.76074E-6 1.744E-6 1.58251E-6 1.64405E-6 2.9048E-6 1.75445E-6 1.93412E-6 1.89845E-6 1.9479E-6 1.89901E-6 1.79306E-6 1.67816E-6 1.66834E-6 1.73695E-6 1.63463E-6 1.45449E-6 1.58802E-6 1.64648E-6 1.6176E-6 1.45005E-6 1.43295E-6 1.34821E-6 1.27604E-6 1.24912E-6 1.17408E-6 1.19875E-6 1.07422E-6 1.13501E-6 1.09744E-6 1.01939E-6 9.90025E-7 1.02261E-6 1.04813E-6 9.01644E-7 8.45279E-7 8.05159E-7 8.19492E-7 8.22748E-7 7.8783E-7 8.07191E-7 7.93434E-7 8.18177E-7 7.81653E-7 7.11452E-7 7.39137E-7 8.13352E-7 8.1924E-7 8.95286E-7 7.81023E-7
2.36495E-6 1.99698E-6 2.13112E-6 2.44515E-6 2.08411E-6 1.9907E-6 2.3246E-6 2.0418E-6 1.78647E-6 1.86264E-6 1.78816E-6 1.81351E-6 1.72666E-6 1.79791E-6 1.76677E-6 1.76105E-6 1.85724E-6 1.84972E-6 2.02497E-6 2.05516E-6 1.95968E-6 1.88211E-6 2.03941E-6 2.07436E-6 1.96633E-6 1.82971E-6 1.60452E-6 1.41676E-6 1.39071E-6 1.39473E-6 1.27892E-6 1.27528E-6 2.04206E-6 1.26395E-6 1.31682E-6 1.26174E-6 1.25191E-6 1.1316E-6 1.10584E-6 1.0964E-6 1.12813E-6 1.02692E-6 1.03374E-6 9.51E-7 1.028E-6 9.30495E-7 8.79535E-7 8.67614E-7 8.58896E-7 8.13372E-7 8.30024E-7 9.3304E-7 9.07275E-7 8.58717E-7 8.93211E-7 8.82563E-7 8.95065E-7 9.02308E-7 9.24113E-7 9.52465E-7 9.54823E-7
