Candidate_Models_July82022/M_6_F_lqp_Set_1_cal/Bison.asc
ncols         290
nrows         380
xllcorner     -2197417.7431653
yllcorner     -584827.01486885
cellsize      10000.0
NODATA_value  -9999
[rows 162 to 188 of 380, columns 61 to 121 of 290]
2.46913E-1 1.66269E-1 1.66492E-1 1.57029E-1 1.28189E-1 9.3592E-2 1.7177E-1 7.64468E-2 2.17639E-1 8.1008E-2 1.10096E-1 9.00259E-2 1.24736E-1 1.98744E-1 1.84067E-1 1.35586E-1 1.43237E-1 1.79617E-1 2.22044E-1 1.42191E-1 1.26403E-1 1.35345E-1 2.10583E-1 2.19548E-1 1.85222E-1 2.08619E-1 2.20786E-1 1.72911E-1 1.87184E-1 2.14686E-1 2.22756E-1 2.00274E-1 2.09898E-1 2.48318E-1 2.17401E-1 2.19965E-1 3.6072E-1 3.49791E-1 2.70765E-1 2.47324E-1 2.28128E-1 2.15319E-1 2.15293E-1 2.19048E-1 2.23204E-1 2.08408E-1 2.23724E-1 1.88658E-1 2.2221E-1 2.02448E-1 2.50479E-1 2.08525E-1 1.68139E-1 2.68737E-1 2.83413E-1 3.08216E-1 2.83331E-1 3.74368E-1 2.89463E-1 1.97453E-1 2.49252E-1
1.7346E-1 1.74148E-1 1.08237E-1 1.7746E-1 1.4363E-1 9.03953E-2 1.54128E-1 1.53276E-1 2.01394E-1 8.56645E-2 1.38513E-1 1.29735E-1 1.77862E-1 1.68845E-1 1.80633E-1 1.30431E-1 1.88531E-1 2.51373E-1 2.04312E-1 2.24138E-1 1.50963E-1 2.28037E-1 2.46617E-1 2.18761E-1 1.81788E-1 2.1603E-1 2.15742E-1 1.06439E-1 2.30429E-1 2.23585E-1 1.76975E-1 2.08144E-1 2.24384E-1 2.30178E-1 2.27041E-1 2.56905E-1 2.37834E-1 2.88615E-1 2.82618E-1 2.34748E-1 2.23298E-1 2.15618E-1 1.8766E-1 1.84942E-1 1.58218E-1 1.9144E-1 1.94765E-1 2.28874E-1 2.27729E-1 2.07282E-1 2.12433E-1 2.48981E-1 2.10492E-1 2.23902E-1 2.00482E-1 2.6363E-1 2.71548E-1 3.05915E-1 2.41563E-1 2.102E-1 2.05162E-1
2.70063E-1 1.52738E-1 1.39297E-1 1.58391E-1 1.45624E-1 1.30932E-1 1.0285E-1 1.45002E-1 2.21083E-1 1.69748E-1 1.177E-1 1.08774E-1 1.51934E-1 1.14214E-1 1.42312E-1 1.04808E-1 1.79764E-1 1.50085E-1 1.24539E-1 1.63867E-1 2.16347E-1 2.34879E-1 2.57266E-1 2.52748E-1 2.24909E-1 2.13354E-1 1.56438E-1 2.10309E-1 1.94752E-1 2.41769E-1 2.14976E-1 2.23575E-1 2.24937E-1 2.37752E-1 2.30871E-1 2.53973E-1 2.62403E-1 2.69022E-1 2.43636E-1 2.39722E-1 2.23586E-1 2.16257E-1 1.89162E-1 1.74144E-1 2.02579E-1 2.00769E-1 2.01123E-1 2.09996E-1 2.34496E-1 2.15796E-1 1.93502E-1 1.91353E-1 2.12269E-1 1.99767E-1 2.4254E-1 2.05059E-1 2.60093E-1 2.32445E-1 2.50874E-1 2.09098E-1 1.9242E-1
1.81592E-1 2.43158E-1 1.48064E-1 1.80856E-1 1.67398E-1 1.27974E-1 1.37252E-1 1.54801E-1 2.2929E-1 2.1733E-1 1.62299E-1 1.36574E-1 1.65868E-1 1.30348E-1 1.12086E-1 1.22528E-1 1.28806E-1 1.31944E-1 2.25292E-1 1.96766E-1 1.5189E-1 2.67111E-1 1.7468E-1 1.76975E-1 1.78252E-1 2.54204E-1 2.48666E-1 2.66426E-1 2.28295E-1 2.15207E-1 2.58475E-1 2.5099E-1 2.31169E-1 2.17409E-1 2.43096E-1 3.09739E-1 2.78076E-1 2.85456E-1 2.27031E-1 2.22151E-1 2.16029E-1 2.10453E-1 1.95138E-1 2.16857E-1 1.96689E-1 2.20796E-1 2.3528E-1 2.38862E-1 3.35357E-1 2.74192E-1 2.41796E-1 2.10665E-1 1.96905E-1 2.0279E-1 2.16506E-1 2.15751E-1 2.31346E-1 2.2115E-1 1.89774E-1 3.36882E-1 2.09601E-1
2.54812E-1 1.80483E-1 1.56713E-1 1.5919E-1 2.01726E-1 1.79624E-1 2.51231E-1 2.39279E-1 2.12175E-1 2.69988E-1 7.1892E-2 6.14299E-2 2.06723E-1 9.76079E-2 1.11699E-1 1.28218E-1 2.12639E-1 2.08372E-1 2.02813E-1 1.69175E-1 1.61493E-1 1.65257E-1 2.68939E-1 2.22126E-1 2.58571E-1 2.10689E-1 2.52597E-1 2.14276E-1 2.11398E-1 2.19542E-1 2.8389E-1 2.73784E-1 2.51686E-1 2.51906E-1 2.43741E-1 2.34674E-1 2.36408E-1 2.3641E-1 2.24066E-1 2.23192E-1 2.23533E-1 2.13334E-1 2.31398E-1 2.07771E-1 2.39431E-1 2.57393E-1 2.29444E-1 2.54591E-1 2.75947E-1 1.99726E-1 2.00503E-1 1.91415E-1 2.43623E-1 2.99649E-1 2.69932E-1 2.69428E-1 3.09777E-1 2.14363E-1 2.44303E-1 4.7844E-1 4.52039E-1
1.80594E-1 1.16658E-1 1.32094E-1 1.39098E-1 1.22178E-1 1.27953E-1 1.31371E-1 1.27747E-1 1.37212E-1 2.39098E-1 1.07719E-1 1.94957E-1 1.2056E-1 1.47457E-1 1.64033E-1 1.87611E-1 1.27855E-1 1.25718E-1 1.66127E-1 1.49763E-1 1.38277E-1 1.95087E-1 2.64241E-1 2.71094E-1 2.46934E-1 2.55921E-1 2.37257E-1 2.09452E-1 1.89809E-1 2.57336E-1 2.90892E-1 2.42629E-1 2.73046E-1 2.7961E-1 2.50045E-1 2.80702E-1 2.83474E-1 3.16286E-1 2.30542E-1 2.30782E-1 2.35451E-1 2.27185E-1 2.28208E-1 2.16327E-1 3.1763E-1 2.90423E-1 2.62582E-1 2.28255E-1 2.39692E-1 2.13096E-1 2.13818E-1 1.6873E-1 2.31106E-1 4.46656E-1 2.54305E-1 2.2496E-1 1.88068E-1 1.98146E-1 2.31258E-1 4.69602E-1 1.97928E-1
1.6377E-1 1.47053E-1 6.40012E-2 2.34489E-1 1.64731E-1 1.63448E-1 1.26149E-1 1.07422E-1 1.41014E-1 1.6429E-1 1.93161E-1 1.3965E-1 1.49388E-1 1.6095E-1 2.09765E-1 1.72755E-1 1.81452E-1 2.38587E-1 1.71811E-1 1.67705E-1 1.41859E-1 2.22699E-1 2.42252E-1 2.29086E-1 3.0095E-1 2.61755E-1 2.26582E-1 1.98265E-1 2.38623E-1 2.15033E-1 2.51958E-1 2.6616E-1 2.95819E-1 2.92168E-1 2.96693E-1 3.15194E-1 2.94605E-1 2.34966E-1 2.76092E-1 2.62906E-1 2.68627E-1 2.8967E-1 2.60496E-1 2.93793E-1 3.69606E-1 3.39726E-1 3.46488E-1 2.30854E-1 2.44208E-1 1.92338E-1 1.99711E-1 1.88076E-1 2.05349E-1 1.99876E-1 2.17148E-1 2.04629E-1 2.15905E-1 2.25151E-1 1.88728E-1 2.50735E-1 1.91196E-1
2.36114E-1 1.25167E-1 1.42927E-1 1.64446E-1 1.93793E-1 1.52266E-1 1.2483E-1 1.37116E-1 1.89865E-1 1.57459E-1 2.53103E-1 1.35516E-1 1.67778E-1 9.04744E-2 1.51481E-1 2.00185E-1 1.54134E-1 2.71083E-1 1.9477E-1 1.53328E-1 1.9075E-1 3.0281E-1 3.04606E-1 2.37126E-1 2.69493E-1 3.19959E-1 2.69038E-1 2.63557E-1 2.49688E-1 3.13841E-1 3.33451E-1 2.67544E-1 3.01348E-1 3.8886E-1 3.39598E-1 3.43725E-1 2.9108E-1 4.18813E-1 3.18824E-1 2.78412E-1 2.60338E-1 3.31427E-1 2.99557E-1 3.17916E-1 3.90993E-1 3.17265E-1 2.28371E-1 2.00186E-1 2.32722E-1 1.87177E-1 1.9579E-1 1.82128E-1 1.81454E-1 1.98711E-1 2.10796E-1 1.93313E-1 2.13815E-1 1.81027E-1 1.68863E-1 2.10515E-1 1.9618E-1
1.72125E-1 1.02255E-1 1.41501E-1 1.60673E-1 2.07158E-1 1.97943E-1 1.52739E-1 1.27429E-1 1.68504E-1 1.61825E-1 2.7752E-1 1.16556E-1 1.5974E-1 1.15666E-1 1.09107E-1 2.6056E-1 1.83172E-1 1.2181E-1 1.02474E-1 1.46842E-1 1.54771E-1 2.70076E-1 2.45964E-1 1.91133E-1 2.31564E-1 2.85745E-1 2.52726E-1 2.70172E-1 2.47343E-1 2.65049E-1 2.75205E-1 2.96697E-1 3.16071E-1 4.77626E-1 4.40542E-1 2.73929E-1 3.872E-1 4.49679E-1 3.21851E-1 2.81832E-1 3.19757E-1 3.64675E-1 3.82905E-1 2.65417E-1 2.36414E-1 2.49179E-1 3.0356E-1 3.23913E-1 3.03547E-1 2.26761E-1 1.96784E-1 2.01184E-1 1.96296E-1 1.93955E-1 2.12847E-1 2.13066E-1 2.339E-1 1.65985E-1 1.72756E-1 2.16271E-1 2.08674E-1
1.43761E-1 1.27677E-1 1.90381E-1 1.34421E-1 1.60598E-1 1.59797E-1 1.52735E-1 8.48824E-2 2.33298E-1 2.7628E-1 2.89818E-1 1.45347E-1 2.02385E-1 1.71572E-1 1.11604E-1 2.03116E-1 1.83906E-1 1.37957E-1 1.40292E-1 1.41775E-1 1.45716E-1 2.34852E-1 3.1211E-1 2.10219E-1 2.31137E-1 1.93394E-1 2.62514E-1 2.26904E-1 2.40449E-1 2.28441E-1 2.99905E-1 5.16723E-1 4.7539E-1 3.53111E-1 3.33692E-1 3.12313E-1 4.87081E-1 3.92646E-1 3.06433E-1 2.9861E-1 3.06255E-1 3.30389E-1 3.38759E-1 2.4934E-1 2.7532E-1 2.73907E-1 3.15111E-1 2.99094E-1 2.84478E-1 3.08003E-1 2.3956E-1 2.10077E-1 2.0726E-1 2.26437E-1 2.17348E-1 2.13257E-1 1.65877E-1 2.25726E-1 2.50274E-1 2.18901E-1 2.06807E-1
1.08961E-1 1.133E-1 8.48384E-2 1.66039E-1 9.95011E-2 1.47751E-1 1.55385E-1 1.6977E-1 1.72262E-1 2.28489E-1 2.68845E-1 1.62888E-1 3.65594E-1 9.79742E-2 1.49475E-1 1.92282E-1 1.28624E-1 1.02907E-1 1.40485E-1 2.03585E-1 1.48109E-1 2.18852E-1 2.52088E-1 2.21552E-1 2.92023E-1 2.30616E-1 2.55883E-1 2.17228E-1 2.47492E-1 2.65482E-1 4.74312E-1 5.691E-1 5.79329E-1 5.24539E-1 4.25096E-1 3.47874E-1 2.90016E-1 3.15086E-1 3.90814E-1 3.24496E-1 3.00483E-1 2.44546E-1 2.47859E-1 2.62661E-1 2.69536E-1 3.71653E-1 3.56483E-1 2.64258E-1 2.33761E-1 2.7803E-1 2.49647E-1 2.4198E-1 2.24672E-1 2.22654E-1 2.10044E-1 4.43737E-1 1.57131E-1 2.42888E-1 2.17602E-1 2.14895E-1 2.1577E-1
1.49012E-1 1.19963E-1 1.2686E-1 1.66305E-1 2.02038E-1 9.21295E-2 9.23319E-2 1.81213E-1 1.84657E-1 2.1091E-1 2.55924E-1 2.1541E-1 1.76525E-1 7.68649E-2 1.41792E-1 1.49097E-1 1.25829E-1 1.20328E-1 1.18995E-1 1.35985E-1 1.40919E-1 2.40682E-1 2.36309E-1 2.55781E-1 2.74561E-1 2.65543E-1 2.6746E-1 2.51806E-1 3.13639E-1 3.72278E-1 5.53614E-1 5.60684E-1 4.94385E-1 3.80687E-1 3.54745E-1 3.27108E-1 3.27753E-1 3.59816E-1 3.05099E-1 2.75953E-1 2.69602E-1 2.73465E-1 2.37822E-1 2.31749E-1 2.81236E-1 2.6509E-1 3.0975E-1 2.48753E-1 2.33793E-1 2.77036E-1 3.10881E-1 2.63953E-1 2.35106E-1 3.7171E-1 5.20934E-1 4.82522E-1 2.03788E-1 2.43849E-1 2.56692E-1 2.24595E-1 2.34086E-1
2.17886E-1 1.48746E-1 1.82177E-1 1.26345E-1 1.63881E-1 1.77667E-1 1.21351E-1 1.63727E-1 7.90386E-2 2.60989E-1 2.86111E-1 1.93427E-1 1.37942E-1 1.57341E-1 9.31599E-2 1.4658E-1 1.04654E-1 1.64887E-1 1.51591E-1 1.7941E-1 1.53555E-1 1.72347E-1 2.15217E-1 3.48498E-1 4.01644E-1 4.01928E-1 2.14815E-1 2.18834E-1 3.64719E-1 3.3829E-1 3.74637E-1 5.74723E-1 3.59986E-1 5.51187E-1 4.09377E-1 3.68705E-1 3.65984E-1 4.14133E-1 3.18346E-1 2.68837E-1 2.3618E-1 2.32551E-1 2.2887E-1 2.17285E-1 3.43071E-1 3.52384E-1 3.39233E-1 3.24262E-1 2.88964E-1 3.03547E-1 2.44866E-1 3.50191E-1 2.71278E-1 4.95411E-1 4.48209E-1 2.82315E-1 2.2827E-1 2.56849E-1 2.19848E-1 2.16666E-1 2.37057E-1
1.82441E-1 1.80974E-1 2.19969E-1 1.76069E-1 1.40406E-1 1.39798E-1 7.2776E-2 1.23542E-1 1.55509E-1 2.42005E-1 2.60293E-1 2.0871E-1 9.93485E-2 4.9087E-2 1.02269E-1 8.96943E-2 1.37054E-1 1.4139E-1 1.38643E-1 1.31633E-1 1.92749E-1 1.48701E-1 2.51016E-1 2.66338E-1 2.70773E-1 2.76298E-1 1.83938E-1 1.79172E-1 2.15412E-1 2.76841E-1 4.89417E-1 5.76675E-1 5.35517E-1 5.70622E-1 3.79097E-1 3.03285E-1 2.73976E-1 2.67251E-1 3.40373E-1 2.8356E-1 2.67936E-1 2.56764E-1 2.5892E-1 2.67308E-1 2.44126E-1 3.41267E-1 3.22462E-1 3.82761E-1 3.23679E-1 2.55212E-1 2.74367E-1 4.00138E-1 5.23404E-1 3.74781E-1 3.69776E-1 1.85102E-1 2.50033E-1 2.39069E-1 2.0996E-1 2.42861E-1 2.92928E-1
1.34537E-1 1.10112E-1 9.70761E-2 1.27438E-1 1.72631E-1 1.55657E-1 1.08333E-1 1.05898E-1 1.57015E-1 2.57671E-1 2.67093E-1 2.7354E-1 2.42766E-1 5.54551E-2 1.60606E-1 1.4251E-1 1.072E-1 1.04171E-1 1.3638E-1 1.19423E-1 1.56777E-1 1.8934E-1 2.43211E-1 2.47345E-1 2.41654E-1 3.03444E-1 2.40632E-1 3.20643E-1 2.85523E-1 3.62487E-1 5.73296E-1 6.05471E-1 4.83E-1 4.54769E-1 5.55207E-1 4.44827E-1 2.91341E-1 2.75045E-1 2.94277E-1 2.65841E-1 3.01503E-1 3.04522E-1 2.26147E-1 2.99961E-1 2.90908E-1 2.72594E-1 2.54631E-1 3.03807E-1 3.76438E-1 2.70368E-1 3.20217E-1 5.14315E-1 5.33713E-1 5.51695E-1 3.19921E-1 2.26951E-1 2.36649E-1 2.19995E-1 2.18248E-1 2.20288E-1 2.4278E-1
1.11082E-1 1.31907E-1 1.54113E-1 1.60675E-1 1.94955E-1 1.36092E-1 1.92943E-1 1.72275E-1 1.93639E-1 1.8082E-1 2.82129E-1 2.70859E-1 2.27262E-1 8.97415E-2 1.06243E-1 9.56024E-2 1.83233E-1 1.03942E-1 1.65418E-1 1.94515E-1 2.34962E-1 1.75129E-1 2.34319E-1 2.97264E-1 2.69714E-1 3.88416E-1 2.9061E-1 4.04445E-1 3.69433E-1 2.97329E-1 5.84738E-1 5.18885E-1 3.83846E-1 5.52054E-1 2.8687E-1 2.75212E-1 2.66626E-1 2.7355E-1 2.95251E-1 3.02487E-1 3.24937E-1 2.85655E-1 2.73627E-1 2.50239E-1 2.65288E-1 2.69512E-1 2.58732E-1 2.67718E-1 3.06725E-1 2.94898E-1 2.70801E-1 4.9913E-1 5.39851E-1 4.6005E-1 2.02762E-1 2.28618E-1 2.31548E-1 2.30882E-1 2.20636E-1 2.25322E-1 2.33345E-1
2.06498E-1 2.05351E-1 1.89311E-1 1.9984E-1 1.25783E-1 2.61587E-1 1.50737E-1 1.36358E-1 1.70936E-1 1.66269E-1 2.67547E-1 2.89413E-1 2.18758E-1 1.20478E-1 1.00068E-1 1.53338E-1 1.3451E-1 1.6075E-1 1.48917E-1 1.36429E-1 1.95684E-1 2.13575E-1 2.09864E-1 5.8854E-1 5.72545E-1 4.08911E-1 3.36843E-1 3.03949E-1 3.76116E-1 3.39802E-1 5.65694E-1 5.51385E-1 5.57384E-1 5.87225E-1 4.55257E-1 4.84302E-1 3.5622E-1 2.82721E-1 2.69362E-1 4.30407E-1 3.57752E-1 4.79205E-1 3.74182E-1 2.47678E-1 2.25358E-1 2.6079E-1 2.50276E-1 2.42678E-1 2.23862E-1 2.86502E-1 3.15595E-1 4.61595E-1 5.52499E-1 3.83056E-1 2.37157E-1 2.62474E-1 2.48536E-1 2.303E-1 2.34904E-1 2.52404E-1 2.80931E-1
1.87933E-1 2.02596E-1 1.67066E-1 1.91537E-1 1.95458E-1 2.08914E-1 1.71763E-1 1.19822E-1 1.52812E-1 1.03995E-1 2.75657E-1 3.29331E-1 2.27145E-1 1.07524E-1 1.1045E-1 6.29372E-2 1.09454E-1 2.01193E-1 1.5718E-1 1.54546E-1 2.02407E-1 1.73691E-1 2.6662E-1 4.86319E-1 3.3176E-1 2.88348E-1 2.79824E-1 3.01118E-1 2.22142E-1 2.84276E-1 5.12112E-1 6.09948E-1 5.07388E-1 5.62142E-1 5.88553E-1 5.53066E-1 3.22164E-1 5.10156E-1 2.36012E-1 2.24388E-1 4.01547E-1 5.83939E-1 5.50068E-1 5.7253E-1 2.89441E-1 2.58002E-1 2.63889E-1 3.00954E-1 2.91764E-1 2.48708E-1 3.13239E-1 4.74787E-1 5.52278E-1 2.99601E-1 2.12242E-1 2.95598E-1 2.43947E-1 2.58811E-1 2.52682E-1 2.48536E-1 2.78018E-1
1.7571E-1 1.90801E-1 1.47484E-1 1.98719E-1 1.94614E-1 2.24324E-1 2.20982E-1 1.78426E-1 1.9192E-1 1.32246E-1 1.9638E-1 3.29163E-1 2.08032E-1 1.49333E-1 1.40182E-1 1.25727E-1 1.33853E-1 1.56393E-1 1.82117E-1 2.14624E-1 1.6469E-1 1.99979E-1 1.77632E-1 2.30303E-1 2.50846E-1 2.8623E-1 2.44164E-1 4.20958E-1 2.52828E-1 1.84342E-1 1.66239E-1 5.23882E-1 6.04834E-1 5.90811E-1 5.35279E-1 4.14353E-1 4.86399E-1 5.7388E-1 5.87124E-1 6.14281E-1 6.05898E-1 6.08296E-1 5.9413E-1 5.97203E-1 5.45093E-1 2.5878E-1 2.62318E-1 3.38227E-1 5.82026E-1 5.87518E-1 4.60942E-1 3.04449E-1 3.69214E-1 3.88937E-1 1.60855E-1 2.60714E-1 2.63694E-1 3.05399E-1 2.95154E-1 2.61969E-1 2.91253E-1
2.23717E-1 2.22407E-1 2.26526E-1 2.40649E-1 1.75011E-1 1.83148E-1 1.98833E-1 1.57647E-1 1.85844E-1 1.62103E-1 1.41091E-1 2.8632E-1 2.04816E-1 1.67014E-1 1.50538E-1 1.01752E-1 1.19094E-1 1.38753E-1 1.97767E-1 2.34475E-1 2.53601E-1 2.12137E-1 1.97239E-1 1.4741E-1 2.01588E-1 4.15686E-1 4.15261E-1 1.83007E-1 2.18668E-1 1.90997E-1 3.81386E-1 5.87723E-1 4.15704E-1 5.08784E-1 5.84297E-1 5.58414E-1 5.60715E-1 3.89502E-1 5.35446E-1 3.68738E-1 2.18837E-1 1.83436E-1 5.28525E-1 5.80681E-1 5.84548E-1 2.88699E-1 2.56463E-1 2.55353E-1 2.86927E-1 4.68394E-1 5.30648E-1 3.61282E-1 3.73899E-1 3.06609E-1 1.84012E-1 2.59626E-1 2.79195E-1 3.01004E-1 2.70213E-1 2.77477E-1 2.53253E-1
1.60255E-1 2.36608E-1 2.42126E-1 2.37298E-1 1.31439E-1 2.21306E-1 2.03758E-1 2.53029E-1 2.16378E-1 1.80136E-1 1.38992E-1 1.87312E-1 2.44583E-1 2.41903E-1 1.02636E-1 1.04549E-1 1.97857E-1 1.6212E-1 8.3024E-2 1.43764E-1 1.7429E-1 2.46764E-1 1.73269E-1 2.13645E-1 2.33225E-1 2.35646E-1 2.96918E-1 2.11775E-1 2.24967E-1 3.02777E-1 5.91423E-1 5.89231E-1 5.78919E-1 5.57879E-1 4.72199E-1 5.87726E-1 5.91699E-1 4.70158E-1 5.06726E-1 6.00913E-1 6.04076E-1 2.75033E-1 5.15113E-1 5.61608E-1 5.63223E-1 3.58355E-1 4.05293E-1 2.68942E-1 2.74253E-1 2.74366E-1 4.42348E-1 3.60436E-1 4.08466E-1 3.77344E-1 3.09105E-1 2.28589E-1 2.49744E-1 2.8473E-1 3.13085E-1 2.82856E-1 2.80678E-1
2.05682E-1 2.12163E-1 1.72233E-1 1.53321E-1 2.37364E-1 2.24487E-1 2.29483E-1 2.21599E-1 2.51203E-1 2.66966E-1 1.60935E-1 1.6544E-1 2.04815E-1 2.62716E-1 8.26425E-2 1.20795E-1 1.62855E-1 1.56668E-1 1.24917E-1 1.8564E-1 1.42201E-1 1.76503E-1 1.52507E-1 2.52507E-1 2.96219E-1 3.53834E-1 3.097E-1 3.8395E-1 5.07561E-1 5.80506E-1 5.83873E-1 5.851E-1 5.78422E-1 5.86224E-1 5.6028E-1 5.76678E-1 5.88943E-1 6.03488E-1 5.93213E-1 6.02297E-1 6.04909E-1 3.56137E-1 5.67743E-1 5.43896E-1 5.47129E-1 5.66594E-1 4.92596E-1 5.52364E-1 4.89912E-1 5.73701E-1 5.35692E-1 3.71354E-1 4.35331E-1 3.68425E-1 4.35595E-1 3.6049E-1 3.04145E-1 3.15229E-1 3.21867E-1 3.26185E-1 3.40324E-1
2.03316E-1 1.67744E-1 1.60935E-1 2.21757E-1 1.78959E-1 1.71874E-1 2.42941E-1 1.90892E-1 2.33571E-1 1.66462E-1 2.26967E-1 1.69272E-1 1.78707E-1 2.69314E-1 1.22089E-1 1.42668E-1 8.62433E-2 1.7799E-1 9.79022E-2 1.50092E-1 1.7413E-1 1.73738E-1 1.08857E-1 1.78792E-1 2.03268E-1 1.87341E-1 3.67766E-1 3.44367E-1 5.66001E-1 5.10805E-1 5.70912E-1 6.2052E-1 5.93573E-1 5.18479E-1 5.49991E-1 5.89054E-1 5.83031E-1 5.57276E-1 5.69339E-1 5.19954E-1 5.96679E-1 4.19719E-1 5.76795E-1 5.75988E-1 5.74569E-1 5.96164E-1 4.41327E-1 5.98052E-1 5.92621E-1 5.80307E-1 5.95749E-1 5.8786E-1 4.67074E-1 5.40416E-1 3.71787E-1 3.12002E-1 3.54469E-1 3.18663E-1 3.31273E-1 3.00353E-1 2.88931E-1
2.35712E-1 2.04216E-1 2.39515E-1 2.37528E-1 2.12141E-1 1.94625E-1 2.38517E-1 1.99674E-1 2.35673E-1 2.30384E-1 2.74852E-1 1.94165E-1 1.8941E-1 2.408E-1 1.89118E-1 9.9186E-2 1.53704E-1 1.61606E-1 1.3431E-1 2.61401E-1 2.04857E-1 1.1255E-1 1.91111E-1 1.63168E-1 2.07291E-1 5.19712E-1 3.69864E-1 2.10852E-1 1.99669E-1 2.75376E-1 5.8251E-1 4.99953E-1 5.56837E-1 5.4775E-1 5.83538E-1 5.76913E-1 4.9653E-1 5.66398E-1 4.28071E-1 5.27242E-1 5.78367E-1 5.93212E-1 5.28472E-1 5.28446E-1 5.23254E-1 5.33344E-1 5.81765E-1 6.04475E-1 5.94003E-1 5.46001E-1 5.25545E-1 3.64925E-1 4.99535E-1 5.80086E-1 3.11241E-1 2.825E-1 2.75743E-1 2.76315E-1 3.35624E-1 3.72899E-1 3.19099E-1
2.25501E-1 2.29827E-1 2.31861E-1 2.06875E-1 2.14221E-1 2.19742E-1 2.07151E-1 2.25363E-1 2.1683E-1 2.37323E-1 2.20139E-1 1.39326E-1 1.7795E-1 2.85688E-1 2.95747E-1 8.46399E-2 8.00138E-2 1.43587E-1 2.15554E-1 2.30804E-1 2.02686E-1 1.56605E-1 1.97315E-1 1.67626E-1 1.69078E-1 1.62125E-1 2.25051E-1 1.56851E-1 2.42331E-1 2.30836E-1 4.4679E-1 2.41589E-1 4.36838E-1 5.41819E-1 3.302E-1 2.91954E-1 3.28028E-1 4.46945E-1 3.5917E-1 6.10484E-1 5.99915E-1 5.42928E-1 5.33374E-1 5.18659E-1 5.12273E-1 5.61567E-1 5.39261E-1 5.82995E-1 4.60174E-1 4.21597E-1 3.82864E-1 5.99499E-1 5.74979E-1 5.4946E-1 4.77528E-1 2.80376E-1 3.26235E-1 3.33635E-1 3.37824E-1 3.48543E-1 2.75633E-1
1.43414E-1 2.22524E-1 2.19621E-1 2.28648E-1 2.26996E-1 2.27644E-1 2.40352E-1 1.89149E-1 2.11589E-1 1.86552E-1 2.04991E-1 1.92333E-1 1.76721E-1 2.90982E-1 2.36238E-1 1.29456E-1 7.57903E-2 1.2459E-1 1.72648E-1 2.45999E-1 3.23415E-1 1.85448E-1 1.83509E-1 2.07663E-1 1.58631E-1 1.34787E-1 1.47708E-1 2.31872E-1 2.73891E-1 2.62269E-1 3.82879E-1 3.21035E-1 5.36449E-1 5.95984E-1 3.4643E-1 2.6984E-1 2.88727E-1 3.02525E-1 3.03334E-1 5.79554E-1 5.89715E-1 5.06647E-1 5.66925E-1 5.68302E-1 5.83974E-1 5.3794E-1 4.69001E-1 3.49982E-1 5.84585E-1 5.93088E-1 5.48888E-1 5.47912E-1 5.68922E-1 5.7713E-1 4.45483E-1 2.9381E-1 2.83765E-1 3.31928E-1 3.12008E-1 2.98771E-1 2.78277E-1
2.05929E-1 2.82497E-1 2.30644E-1 2.5611E-1 2.21116E-1 2.43377E-1 2.19629E-1 2.29241E-1 2.43888E-1 1.80895E-1 2.16736E-1 1.73768E-1 2.33544E-1 2.24628E-1 2.09481E-1 1.5766E-1 8.74788E-2 7.71055E-2 1.63815E-1 1.16278E-1 1.16701E-1 1.60074E-1 2.01764E-1 2.09934E-1 1.88544E-1 1.67482E-1 2.24183E-1 1.56566E-1 2.26679E-1 2.13847E-1 2.03849E-1 2.70794E-1 4.59166E-1 4.78511E-1 2.61875E-1 2.82763E-1 2.96968E-1 3.13843E-1 3.0316E-1 3.41125E-1 6.18092E-1 5.58836E-1 5.50591E-1 5.75276E-1 5.33159E-1 5.4576E-1 5.22915E-1 6.0228E-1 5.51168E-1 5.65969E-1 5.28642E-1 5.96938E-1 5.58698E-1 5.71752E-1 3.52563E-1 2.87163E-1 3.10355E-1 3.27344E-1 3.16818E-1 2.89047E-1 2.95901E-1
