Candidate_Models_July82022/M_6_F_lqp_Set_1_cal/Bison.asc
ncols         290
nrows         380
xllcorner     -2197417.7431653
yllcorner     -584827.01486885
cellsize      10000.0
NODATA_value  -9999
[rows 108 to 134 of 380, columns 0 to 60 of 290]
-9999 -9999 -9999 -9999 -9999 -9999 -9999 -9999 -9999 1.50203E-1 1.18546E-1 1.05546E-1 8.84731E-2 1.09891E-1 1.68242E-1 1.4035E-1 1.80683E-1 1.31234E-1 1.42002E-1 1.64412E-1 9.80664E-2 1.57505E-1 1.99634E-1 1.56234E-1 2.1589E-1 1.79655E-1 1.62838E-1 7.43585E-2 1.62894E-1 1.16482E-1 1.05204E-1 1.72271E-1 1.38347E-1 8.56995E-2 5.3407E-2 1.23922E-1 1.18017E-1 1.50388E-1 1.04798E-1 1.01735E-1 1.23379E-1 8.01551E-2 1.22479E-1 1.06619E-1 1.10424E-1 1.33251E-1 7.97772E-2 9.14326E-2 8.96315E-2 1.23638E-1 1.17717E-1 9.7534E-2 9.31628E-2 1.13969E-1 1.26184E-1 1.26889E-1 8.96555E-2 5.76432E-2 7.9109E-2 7.04944E-2 1.09799E-1
-9999 -9999 -9999 -9999 -9999 -9999 -9999 -9999 -9999 -9999 1.69938E-1 9.55038E-2 1.62511E-1 2.32918E-1 1.78158E-1 1.60048E-1 1.84603E-1 9.23102E-2 1.15955E-1 9.83081E-2 1.2999E-1 1.84888E-1 2.10148E-1 1.51954E-1 2.325E-1 1.85128E-1 1.82554E-1 1.24551E-1 1.16116E-1 1.86564E-1 7.68497E-2 1.34636E-1 1.02235E-1 8.16108E-2 7.12218E-2 1.21292E-1 1.60878E-1 1.19817E-1 1.23532E-1 1.09777E-1 1.17785E-1 1.0721E-1 1.19056E-1 1.061E-1 1.05662E-1 1.27076E-1 1.17108E-1 1.00087E-1 1.01449E-1 1.31235E-1 1.21609E-1 1.14677E-1 7.8423E-2 1.18723E-1 1.2258E-1 1.23792E-1 1.099E-1 9.63633E-2 7.01699E-2 1.69793E-1 1.0509E-1
-9999 -9999 -9999 -9999 -9999 -9999 -9999 -9999 -9999 -9999 1.25282E-1 1.39102E-1 1.5011E-1 2.56841E-1 1.55937E-1 1.22312E-1 1.97275E-1 1.79432E-1 1.29517E-1 9.25673E-2 1.35476E-1 1.53303E-1 1.68904E-1 1.23083E-1 1.19279E-1 2.26686E-1 2.19258E-1 1.66552E-1 1.03391E-1 7.18357E-2 9.78228E-2 6.60896E-2 9.80182E-2 1.41406E-1 1.27291E-1 1.1211E-1 1.21162E-1 1.10411E-1 1.47096E-1 1.53956E-1 9.59786E-2 1.60648E-1 1.23769E-1 9.55219E-2 1.02668E-1 1.21812E-1 8.86085E-2 8.5209E-2 1.17784E-1 1.26773E-1 8.97894E-2 1.07636E-1 1.16108E-1 1.05963E-1 9.46304E-2 1.24566E-1 1.55718E-1 7.16347E-2 1.097E-1 1.72882E-1 1.41125E-1
-9999 -9999 -9999 -9999 -9999 -9999 -9999 -9999 -9999 -9999 1.13653E-1 1.7062E-1 1.99127E-1 2.82148E-1 2.01322E-1 2.22297E-1 1.98896E-1 2.66192E-1 1.35229E-1 1.2956E-1 1.52694E-1 1.41025E-1 2.16906E-1 9.7779E-2 6.74803E-2 5.70324E-2 8.63685E-2 1.99201E-1 1.18717E-1 1.26767E-1 1.07059E-1 6.58283E-2 1.66302E-1 7.00176E-2 7.9806E-2 1.06848E-1 1.10176E-1 1.39167E-1 1.85267E-1 8.87543E-2 1.01252E-1 1.24811E-1 8.91607E-2 8.48253E-2 1.01307E-1 1.26545E-1 1.04252E-1 1.14761E-1 1.18987E-1 9.85962E-2 1.1394E-1 1.19024E-1 1.04276E-1 1.09107E-1 1.25065E-1 1.14514E-1 1.10267E-1 8.53179E-2 6.56844E-2 5.93037E-2 7.81494E-2
-9999 -9999 -9999 -9999 -9999 -9999 -9999 -9999 -9999 -9999 -9999 1.08726E-1 2.07633E-1 1.89972E-1 2.24445E-1 2.2158E-1 1.87035E-1 2.58064E-1 2.15156E-1 1.29223E-1 1.77199E-1 5.69276E-2 7.76759E-2 9.13468E-2 6.04426E-2 1.26878E-1 1.21887E-1 1.24297E-1 1.62205E-1 9.74836E-2 1.49019E-1 1.33284E-1 1.23731E-1 1.33353E-1 6.66563E-2 1.07281E-1 1.58886E-1 1.55807E-1 1.70497E-1 1.53884E-1 1.12118E-1 1.40594E-1 1.45447E-1 6.6503E-2 1.29594E-1 1.14934E-1 1.08215E-1 5.91239E-2 8.60773E-2 1.40939E-1 1.30717E-1 1.3508E-1 7.71837E-2 9.70698E-2 1.03835E-1 1.02893E-1 1.29889E-1 1.61915E-1 1.38624E-1 6.55166E-2 5.80338E-2
-9999 -9999 -9999 -9999 -9999 -9999 -9999 -9999 -9999 -9999 -9999 7.65027E-2 1.92307E-1 1.90885E-1 1.99011E-1 2.24931E-1 1.89736E-1 2.45992E-1 2.00837E-1 1.94812E-1 1.13949E-1 1.03498E-1 6.71294E-2 9.64521E-2 1.36554E-1 1.51122E-1 1.27311E-1 6.86341E-2 1.51492E-1 1.50636E-1 1.74394E-1 1.08888E-1 1.15967E-1 1.65527E-1 1.37806E-1 1.18472E-1 1.14168E-1 1.2275E-1 1.63911E-1 1.11365E-1 1.11552E-1 1.51264E-1 1.32619E-1 1.09488E-1 1.07451E-1 1.3184E-1 1.15432E-1 1.12502E-1 1.04963E-1 9.20199E-2 1.29318E-1 1.27203E-1 1.00815E-1 1.03595E-1 1.32532E-1 1.25292E-1 9.77246E-2 1.15808E-1 9.44909E-2 9.29553E-2 1.09301E-1
-9999 -9999 -9999 -9999 -9999 -9999 -9999 -9999 -9999 -9999 1.24491E-1 1.16734E-1 1.59124E-1 4.11878E-1 1.26587E-1 0E0 9.7231E-2 1.57855E-1 1.68884E-1 1.8094E-1 1.60081E-1 1.30693E-1 7.68866E-2 8.27202E-2 1.31921E-1 9.58801E-2 7.85318E-2 5.42314E-2 9.10707E-2 1.54477E-1 1.11021E-1 1.08395E-1 9.91655E-2 1.0228E-1 1.63106E-1 1.27249E-1 1.62476E-1 5.16175E-2 1.67064E-1 1.44095E-1 9.68941E-2 1.20793E-1 1.37379E-1 1.43458E-1 1.37735E-1 1.29865E-1 1.27943E-1 1.0931E-1 7.75703E-2 7.64981E-2 8.28531E-2 1.34579E-1 1.51325E-1 9.65597E-2 1.21445E-1 1.0013E-1 7.77188E-2 9.66216E-2 8.58364E-2 8.1018E-2 1.17953E-1
-9999 -9999 -9999 -9999 -9999 -9999 -9999 -9999 -9999 -9999 -9999 7.97035E-2 0E0 0E0 1.69264E-1 1.9717E-1 1.15244E-1 1.34276E-1 1.85812E-1 1.70154E-1 1.89151E-1 1.39749E-1 8.16248E-2 5.00376E-2 1.59378E-1 7.58424E-2 -9999 8.56358E-2 1.14584E-1 1.19851E-1 8.34887E-2 1.50295E-1 1.7795E-1 1.4266E-1 1.0218E-1 1.70448E-1 1.76708E-1 1.33435E-1 1.05152E-1 1.57879E-1 8.95658E-2 1.13729E-1 1.1939E-1 1.36711E-1 1.39191E-1 1.11301E-1 1.23488E-1 8.90668E-2 9.59965E-2 8.54148E-2 8.6576E-2 1.96384E-1 1.37461E-1 8.66011E-2 8.70795E-2 1.24766E-1 8.64892E-2 1.12862E-1 9.47022E-2 7.67106E-2 9.85474E-2
-9999 -9999 -9999 -9999 -9999 -9999 -9999 -9999 -9999 -9999 -9999 3.90418E-2 2.45392E-1 1.45544E-1 1.12007E-1 8.0991E-2 9.34671E-2 1.17138E-1 1.29241E-1 1.64419E-1 1.46332E-1 1.91484E-1 1.44468E-1 4.4599E-2 7.62255E-2 -9999 1.18492E-1 1.32714E-1 2.19392E-1 1.243E-1 1.7413E-1 1.51178E-1 1.68135E-1 1.82426E-1 1.4572E-1 1.57793E-1 1.76008E-1 6.39429E-2 1.36881E-1 1.34413E-1 1.44801E-1 1.11101E-1 1.26476E-1 9.53049E-2 1.03636E-1 1.0133E-1 8.40754E-2 1.11752E-1 6.86716E-2 7.57877E-2 8.40472E-2 1.3692E-1 1.2884E-1 9.05354E-2 7.90304E-2 8.34945E-2 1.22196E-1 1.2963E-1 1.01333E-1 9.50326E-2 1.00207E-1
-9999 -9999 -9999 -9999 -9999 -9999 -9999 -9999 -9999 -9999 -9999 6.07778E-2 2.5223E-1 0E0 0E0 2.21117E-1 1.01355E-1 -9999 1.6284E-1 1.98968E-1 -9999 1.87119E-1 2.2834E-1 1.21442E-1 7.44009E-2 -9999 8.16705E-2 1.00727E-1 1.69013E-1 1.5384E-1 1.22502E-1 2.21675E-1 1.43466E-1 1.51808E-1 6.46727E-2 1.85321E-1 1.71919E-1 1.6627E-1 1.23688E-1 1.48616E-1 1.49256E-1 1.36848E-1 1.13697E-1 1.13485E-1 1.08294E-1 1.36336E-1 1.10847E-1 1.47094E-1 7.19867E-2 5.29783E-2 5.83013E-2 9.91116E-2 1.3316E-1 1.11447E-1 9.77982E-2 9.01602E-2 9.7853E-2 1.14406E-1 1.01731E-1 1.04329E-1 9.58072E-2
-9999 -9999 -9999 -9999 -9999 -9999 -9999 -9999 -9999 -9999 -9999 7.30768E-2 0E0 0E0 0E0 2.43125E-1 1.70013E-1 -9999 1.3033E-1 1.00616E-1 1.83341E-1 1.20301E-1 1.65414E-1 2.27762E-1 -9999 -9999 1.06435E-1 1.47612E-1 1.19218E-1 2.05206E-1 1.10546E-1 9.59447E-2 8.11878E-2 1.26496E-1 9.65813E-2 1.86512E-1 1.37023E-1 1.31437E-1 1.37025E-1 1.82567E-1 1.51067E-1 1.33828E-1 1.35456E-1 1.04107E-1 1.32626E-1 1.20274E-1 1.4103E-1 1.03361E-1 9.22751E-2 1.12032E-1 1.2574E-1 1.25171E-1 1.20841E-1 1.43518E-1 9.45197E-2 9.671E-2 1.10438E-1 1.32296E-1 1.13173E-1 1.0602E-1 9.07494E-2
-9999 -9999 -9999 -9999 -9999 -9999 -9999 -9999 -9999 -9999 -9999 -9999 1.38511E-1 2.28437E-1 2.65383E-1 2.44776E-1 1.61565E-1 -9999 -9999 -9999 4.75406E-2 -9999 1.4881E-1 9.992E-2 -9999 1.07728E-1 1.44204E-1 1.71038E-1 1.70752E-1 2.35386E-1 1.94646E-1 7.79364E-2 9.43527E-2 1.03863E-1 1.54002E-1 1.84405E-1 1.37577E-1 1.81825E-1 1.53547E-1 1.0227E-1 9.12892E-2 1.31429E-1 8.03188E-2 1.25801E-1 1.19182E-1 1.08716E-1 1.79888E-1 2.64298E-1 1.52432E-1 1.21997E-1 9.32899E-2 9.59943E-2 1.04613E-1 1.41481E-1 1.49022E-1 8.96783E-2 1.09183E-1 1.07053E-1 1.04971E-1 1.01562E-1 1.03302E-1
-9999 -9999 -9999 -9999 -9999 -9999 -9999 -9999 -9999 -9999 -9999 -9999 6.81298E-2 1.05062E-1 2.47715E-1 1.84815E-1 -9999 7.35892E-2 -9999 -9999 1.30861E-1 7.35273E-2 1.06551E-1 4.4742E-2 -9999 6.24881E-2 6.60624E-2 1.28607E-1 2.11236E-1 2.03561E-1 1.39984E-1 9.43333E-2 1.70603E-1 2.01432E-1 1.56453E-1 1.15346E-1 1.25792E-1 1.4669E-1 1.96866E-1 9.9683E-2 5.9774E-2 1.2745E-1 1.02841E-1 1.31075E-1 1.14582E-1 1.34667E-1 1.74833E-1 3.51347E-1 4.43737E-1 2.17325E-1 1.27687E-1 1.23002E-1 1.31778E-1 1.10188E-1 9.46789E-2 1.3666E-1 1.15289E-1 1.03177E-1 1.07016E-1 1.118E-1 1.04678E-1
-9999 -9999 -9999 -9999 -9999 -9999 -9999 -9999 -9999 -9999 -9999 -9999 -9999 5.92877E-2 1.78052E-1 1.03968E-1 1.0289E-1 6.26342E-2 -9999 7.80497E-2 7.79942E-2 5.93934E-2 4.50053E-2 8.31675E-2 -9999 6.06124E-2 8.0541E-2 1.33561E-1 1.75406E-1 2.1511E-1 1.82063E-1 1.04808E-1 1.52727E-1 1.01988E-1 1.14781E-1 1.11882E-1 1.4968E-1 2.04947E-1 1.30242E-1 1.61376E-1 1.52405E-1 1.62743E-1 1.62194E-1 1.38596E-1 1.42704E-1 1.24557E-1 1.83981E-1 4.34082E-1 4.10439E-1 1.97489E-1 1.38924E-1 8.36265E-2 1.41259E-1 1.31116E-1 1.55374E-1 1.09283E-1 1.20605E-1 1.13907E-1 1.2128E-1 1.16798E-1 1.03604E-1
-9999 -9999 -9999 -9999 -9999 -9999 -9999 -9999 -9999 -9999 -9999 -9999 -9999 2.08791E-2 7.64952E-2 1.11259E-1 7.66669E-2 6.98426E-2 -9999 1.75392E-1 7.51418E-2 7.7207E-2 1.00808E-1 -9999 1.49362E-1 4.91453E-2 5.18431E-2 9.37924E-2 1.8908E-1 2.20867E-1 1.9564E-1 1.57921E-1 7.22755E-2 1.51167E-1 8.16974E-2 1.27284E-1 1.4906E-1 1.32863E-1 1.8911E-1 1.85762E-1 1.51737E-1 1.98124E-1 1.66099E-1 1.35217E-1 1.45488E-1 1.22427E-1 1.87391E-1 1.61741E-1 1.4077E-1 1.23315E-1 1.6484E-1 2.40795E-1 1.15694E-1 7.66346E-2 1.19642E-1 1.18184E-1 1.12916E-1 1.1827E-1 1.37391E-1 1.27232E-1 1.07436E-1
-9999 -9999 -9999 -9999 -9999 -9999 -9999 -9999 -9999 -9999 -9999 -9999 -9999 2.54135E-2 -9999 -9999 7.14562E-2 -9999 -9999 1.67987E-1 8.8469E-2 1.01461E-1 9.15799E-2 -9999 -9999 5.35911E-2 7.02202E-2 1.34953E-1 2.00566E-1 2.40874E-1 2.21639E-1 2.24899E-1 1.62606E-1 1.29952E-1 8.50072E-2 1.51271E-1 1.04811E-1 1.37515E-1 1.525E-1 1.40242E-1 1.14057E-1 1.69244E-1 1.43656E-1 1.41658E-1 8.3883E-2 1.53099E-1 1.47445E-1 1.41875E-1 1.30917E-1 1.16174E-1 1.24265E-1 1.74329E-1 1.46614E-1 1.59594E-1 1.53236E-1 1.06979E-1 1.32705E-1 1.13975E-1 1.32353E-1 1.37838E-1 1.18362E-1
-9999 -9999 -9999 -9999 -9999 -9999 -9999 -9999 -9999 -9999 -9999 -9999 -9999 -9999 -9999 -9999 7.7742E-2 -9999 -9999 1.64838E-1 -9999 9.85668E-2 7.99417E-2 -9999 6.51707E-2 9.85388E-2 8.79609E-2 6.06644E-2 1.3183E-1 2.27232E-1 1.79006E-1 1.27058E-1 1.87307E-1 8.40412E-2 1.01043E-1 1.1497E-1 9.55072E-2 7.26459E-2 1.37886E-1 1.51476E-1 1.41558E-1 1.65934E-1 1.6432E-1 1.60596E-1 1.72651E-1 1.43029E-1 1.42056E-1 1.25462E-1 1.70301E-1 1.51175E-1 1.4099E-1 1.64368E-1 1.06062E-1 8.59819E-2 1.15504E-1 9.03572E-2 1.43792E-1 1.45194E-1 1.47502E-1 1.58445E-1 1.42611E-1
-9999 -9999 -9999 -9999 -9999 -9999 -9999 -9999 -9999 -9999 -9999 -9999 -9999 0E0 -9999 4.54158E-2 -9999 -9999 -9999 1.94795E-1 -9999 1.01751E-1 -9999 -9999 8.65891E-2 9.13412E-2 2.08542E-1 2.02566E-1 1.92016E-1 2.36111E-1 1.25836E-1 1.04847E-1 1.92162E-1 7.49069E-2 7.86251E-2 6.26685E-2 1.56195E-1 1.25453E-1 9.52361E-2 1.50231E-1 1.78816E-1 1.77604E-1 1.64067E-1 1.60542E-1 1.56983E-1 1.25918E-1 1.54557E-1 1.3647E-1 1.62157E-1 1.82258E-1 2.00374E-1 2.0364E-1 1.8462E-1 1.45141E-1 8.16805E-2 8.16513E-2 1.47184E-1 1.0688E-1 1.70409E-1 1.54837E-1 1.32874E-1
-9999 -9999 -9999 -9999 -9999 -9999 -9999 -9999 -9999 -9999 -9999 -9999 1.23508E-1 5.44712E-2 3.67536E-2 5.7949E-2 3.71624E-2 4.67981E-2 -9999 -9999 6.78711E-2 6.44115E-2 -9999 -9999 7.12997E-2 1.15938E-1 1.59927E-1 1.77171E-1 1.86987E-1 2.12166E-1 1.85868E-1 1.42061E-1 1.33872E-1 8.54262E-2 7.71751E-2 4.43958E-2 4.34706E-2 1.54942E-1 1.38795E-1 1.21608E-1 1.51717E-1 1.84698E-1 1.59579E-1 1.61856E-1 1.95047E-1 1.36106E-1 1.56677E-1 1.44E-1 1.55409E-1 2.0097E-1 1.98958E-1 1.48101E-1 1.45875E-1 1.16117E-1 1.54632E-1 1.34567E-1 1.14301E-1 1.02725E-1 1.30783E-1 1.25327E-1 1.4867E-1
-9999 -9999 -9999 -9999 -9999 -9999 -9999 -9999 -9999 -9999 -9999 -9999 1.00703E-1 3.15614E-2 5.30787E-2 7.52814E-2 4.32801E-2 5.62133E-2 7.01248E-2 -9999 -9999 -9999 -9999 -9999 -9999 5.95422E-2 1.61717E-1 1.46404E-1 1.13516E-1 1.37201E-1 1.08527E-1 2.24084E-1 6.45194E-2 8.24449E-2 8.81296E-2 4.20213E-2 6.60482E-2 7.30669E-2 1.32519E-1 1.07234E-1 1.48119E-1 1.76443E-1 1.37124E-1 1.71764E-1 1.44543E-1 1.71011E-1 1.53674E-1 1.26415E-1 1.98718E-1 2.24179E-1 1.2942E-1 1.60856E-1 1.93053E-1 9.13939E-2 1.0205E-1 1.25579E-1 1.06994E-1 1.01519E-1 1.4354E-1 1.27632E-1 1.17204E-1
-9999 -9999 -9999 -9999 -9999 -9999 -9999 -9999 -9999 -9999 -9999 -9999 -9999 5.00791E-2 6.81212E-2 4.75643E-2 5.77138E-2 -9999 8.07726E-2 -9999 -9999 -9999 6.0769E-2 -9999 4.86203E-2 5.32494E-2 1.17386E-1 1.3881E-1 -9999 4.99589E-2 7.52269E-2 1.10509E-1 6.80999E-2 9.45226E-2 1.41843E-1 9.02673E-2 1.05409E-1 8.53352E-2 9.3514E-2 1.0027E-1 1.45339E-1 1.5021E-1 1.65144E-1 1.70401E-1 1.58335E-1 1.78262E-1 1.70002E-1 2.0456E-1 2.14595E-1 2.02031E-1 1.78884E-1 1.87017E-1 1.22195E-1 4.88305E-2 1.0205E-1 1.749E-1 1.03722E-1 1.11661E-1 1.15942E-1 1.63262E-1 1.58738E-1
-9999 -9999 -9999 -9999 -9999 -9999 -9999 -9999 -9999 -9999 -9999 -9999 -9999 3.77401E-2 4.59181E-2 7.6501E-2 5.25465E-2 3.57906E-2 4.2025E-2 5.80335E-2 -9999 -9999 8.03211E-2 -9999 1.01421E-1 8.16748E-2 7.39E-2 -9999 7.88802E-2 1.04365E-1 1.09045E-1 4.87833E-2 2.10449E-1 1.33131E-1 7.13398E-2 4.61054E-2 5.38147E-2 1.06064E-1 9.25948E-2 9.61729E-2 1.52907E-1 1.19586E-1 1.45008E-1 1.814E-1 2.06596E-1 1.85991E-1 2.25484E-1 2.22579E-1 2.25892E-1 2.05625E-1 1.76826E-1 1.91019E-1 1.16711E-1 1.2527E-1 1.55639E-1 1.09594E-1 1.04388E-1 1.25917E-1 1.325E-1 1.37183E-1 1.69964E-1
-9999 -9999 -9999 -9999 -9999 -9999 -9999 -9999 -9999 -9999 -9999 -9999 1.62973E-1 5.16205E-2 4.63484E-2 6.93405E-2 6.40065E-2 -9999 4.25712E-2 7.83313E-2 3.92784E-2 -9999 3.49743E-2 2.67147E-2 -9999 -9999 -9999 6.25666E-2 6.05422E-2 1.68432E-1 1.43986E-1 1.96035E-1 1.25455E-1 5.64965E-2 8.42771E-2 1.11527E-1 9.55328E-2 1.20999E-1 7.69931E-2 6.97491E-2 8.42257E-2 1.46489E-1 1.54107E-1 1.53286E-1 2.06919E-1 2.07183E-1 2.19789E-1 1.92872E-1 1.62679E-1 1.77694E-1 1.23135E-1 1.56557E-1 1.50045E-1 8.73763E-2 1.3812E-1 7.99079E-2 1.1847E-1 8.51889E-2 1.42905E-1 1.79285E-1 1.65968E-1
-9999 -9999 -9999 -9999 -9999 -9999 -9999 -9999 -9999 -9999 -9999 -9999 -9999 2.77192E-2 4.89487E-2 -9999 3.47727E-2 -9999 3.99316E-2 -9999 -9999 -9999 3.19278E-2 5.74704E-2 -9999 -9999 5.18502E-2 9.46105E-2 6.22788E-2 6.82446E-2 8.35008E-2 2.91533E-1 9.63853E-2 1.83445E-1 1.79968E-1 1.04338E-1 6.48053E-2 1.11078E-1 7.02001E-2 1.88425E-1 1.6064E-1 1.51871E-1 1.74801E-1 1.48765E-1 1.62735E-1 2.32425E-1 1.83257E-1 1.7522E-1 1.64524E-1 2.06461E-1 1.78702E-1 1.25461E-1 1.21095E-1 8.33358E-2 1.62704E-1 6.39875E-2 6.06947E-2 1.32825E-1 1.35102E-1 1.95575E-1 1.56843E-1
-9999 -9999 -9999 -9999 -9999 -9999 -9999 -9999 -9999 -9999 -9999 -9999 -9999 2.58607E-2 5.06826E-2 -9999 3.15844E-2 3.68798E-2 -9999 -9999 -9999 8.0836E-2 4.65108E-2 3.9186E-2 -9999 -9999 5.6758E-2 9.25327E-2 4.04163E-2 8.0203E-2 8.42429E-2 8.66945E-2 1.52253E-1 8.22993E-2 1.85323E-1 2.01226E-1 8.74682E-2 9.06952E-2 1.74355E-1 2.22636E-1 1.57101E-1 1.66495E-1 2.2124E-1 1.53767E-1 1.5451E-1 1.91786E-1 1.74333E-1 1.66372E-1 1.59514E-1 1.21031E-1 1.60976E-1 1.98637E-1 1.51675E-1 7.10419E-2 1.09673E-1 9.95786E-2 8.96784E-2 1.13901E-1 1.29784E-1 1.68885E-1 1.16097E-1
-9999 -9999 -9999 -9999 -9999 -9999 -9999 -9999 -9999 -9999 -9999 -9999 -9999 3.38381E-2 5.30446E-2 -9999 5.49966E-2 3.32695E-2 4.47015E-2 -9999 -9999 6.17878E-2 2.46761E-2 5.63589E-2 -9999 -9999 -9999 6.34381E-2 1.13371E-1 8.79647E-2 7.61998E-2 6.58689E-2 6.73902E-2 7.52771E-2 1.19081E-1 1.80728E-1 8.76904E-2 1.74603E-1 1.42567E-1 1.55708E-1 1.69087E-1 2.03296E-1 2.46228E-1 1.84762E-1 1.58182E-1 1.84728E-1 1.64275E-1 1.75906E-1 1.61525E-1 1.08634E-1 1.3577E-1 1.06913E-1 1.09581E-1 8.75095E-2 1.56314E-1 1.01412E-1 1.22342E-1 7.07742E-2 1.33723E-1 1.02573E-1 1.52928E-1
-9999 -9999 -9999 -9999 -9999 -9999 -9999 -9999 -9999 -9999 -9999 -9999 -9999 7.27921E-2 -9999 3.90323E-2 -9999 5.16102E-2 5.23856E-2 -9999 7.42192E-2 2.55855E-2 3.82153E-2 3.7236E-2 7.80903E-2 -9999 5.42857E-2 5.82706E-2 8.49866E-2 1.27647E-1 1.44602E-1 2.2034E-1 1.04303E-1 9.1148E-2 1.23307E-1 1.73624E-1 9.0497E-2 6.58569E-2 7.56977E-2 1.60593E-1 2.0273E-1 1.9651E-1 2.35246E-1 2.2398E-1 1.87569E-1 1.35444E-1 2.07677E-1 2.39429E-1 1.69867E-1 1.6644E-1 1.21332E-1 1.7854E-1 1.52432E-1 1.54612E-1 1.64398E-1 1.00335E-1 8.56797E-2 1.15046E-1 1.00138E-1 1.01562E-1 5.40272E-2
