Candidate_Models_July82022/M_6_F_lqp_Set_1_cal/Bison.asc
ncols         290
nrows         380
xllcorner     -2197417.7431653
yllcorner     -584827.01486885
cellsize      10000.0
NODATA_value  -9999
[rows 81 to 107 of 380, columns 61 to 121 of 290]
6.0509E-2 4.43231E-2 6.08187E-2 5.82727E-2 7.52161E-2 1.12387E-1 6.23091E-2 7.62969E-2 1.06403E-1 6.46823E-2 6.95373E-2 1.19037E-1 8.88844E-2 9.04787E-2 5.36514E-2 9.89283E-2 6.75708E-2 9.38884E-2 1.009E-1 1.0048E-1 6.29245E-2 7.7805E-2 9.65651E-2 8.5766E-2 5.85309E-2 8.58323E-2 7.18181E-2 9.89854E-2 5.06217E-2 5.9173E-2 9.10503E-2 7.77864E-2 8.4557E-2 9.01583E-2 7.5765E-2 1.02995E-1 9.61865E-2 5.90241E-2 7.69165E-2 6.8857E-2 1.10091E-1 9.83708E-2 6.37218E-2 3.7635E-2 6.67146E-2 6.93463E-2 6.77817E-2 9.9503E-2 1.21396E-1 8.59259E-2 7.78355E-2 8.17731E-2 8.59046E-2 9.09124E-2 9.12073E-2 9.06587E-2 9.10976E-2 8.90949E-2 8.56095E-2 7.24492E-2 6.39039E-2
3.37147E-2 6.21326E-2 8.02047E-2 5.9595E-2 7.60951E-2 8.09664E-2 7.03509E-2 5.88988E-2 8.85685E-2 7.46567E-2 1.0462E-1 1.16146E-1 9.34584E-2 1.09396E-1 8.10376E-2 8.43772E-2 6.30614E-2 7.7298E-2 5.19427E-2 3.50417E-2 6.98896E-2 7.52975E-2 1.03342E-1 8.62615E-2 9.32169E-2 8.19691E-2 6.05501E-2 8.66395E-2 9.27384E-2 5.07351E-2 6.77143E-2 7.97687E-2 8.68885E-2 9.1744E-2 4.51857E-2 8.37727E-2 8.15694E-2 5.65355E-2 6.40034E-2 6.31562E-2 1.31802E-1 1.83766E-1 5.90518E-2 6.26462E-2 6.77545E-2 7.24745E-2 7.69157E-2 8.78189E-2 2.4405E-1 1.98367E-1 1.14072E-1 8.68772E-2 9.02414E-2 9.37199E-2 9.46485E-2 9.03238E-2 8.78026E-2 8.46219E-2 7.44226E-2 7.117E-2 7.3878E-2
1.23243E-1 1.31003E-1 1.67811E-1 7.76911E-2 6.13534E-2 5.55941E-2 5.89402E-2 5.58384E-2 6.52791E-2 7.17334E-2 8.90437E-2 1.09407E-1 1.03127E-1 9.33014E-2 8.66064E-2 7.873E-2 8.9801E-2 6.49704E-2 3.85698E-2 8.18297E-2 8.56877E-2 9.68971E-2 5.68187E-2 6.48021E-2 5.86962E-2 4.54616E-2 6.39494E-2 6.51815E-2 8.75969E-2 7.86225E-2 9.18619E-2 7.53784E-2 6.90599E-2 7.23255E-2 5.61234E-2 1.61904E-1 8.14166E-2 8.60878E-2 1.24865E-1 6.73572E-2 7.15359E-2 6.78202E-2 6.6596E-2 6.75901E-2 1.05735E-1 9.64867E-2 1.26242E-1 1.29443E-1 2.40409E-1 2.3853E-1 2.55091E-1 1.33605E-1 8.51326E-2 8.83959E-2 8.94477E-2 8.70976E-2 8.49021E-2 7.9766E-2 6.8117E-2 7.11875E-2 7.00061E-2
2.70619E-1 1.4922E-1 1.85993E-1 3.09345E-1 8.43678E-2 8.01768E-2 5.34468E-2 7.69832E-2 9.03118E-2 8.11127E-2 7.23129E-2 1.06775E-1 8.65088E-2 7.60898E-2 7.77049E-2 7.45834E-2 5.90351E-2 6.51706E-2 7.172E-2 7.79364E-2 4.97022E-2 8.96766E-2 6.96369E-2 7.94059E-2 9.31432E-2 5.63382E-2 8.97594E-2 5.40541E-2 6.11255E-2 7.05522E-2 4.71032E-2 6.6128E-2 8.29938E-2 6.5757E-2 3.89943E-2 2.2318E-1 2.21922E-1 7.72915E-2 1.18325E-1 7.76186E-2 7.39487E-2 1.24913E-1 8.33154E-2 8.91395E-2 1.10141E-1 8.88344E-2 1.11593E-1 1.31292E-1 1.03201E-1 1.91007E-1 1.44807E-1 7.8873E-2 8.08327E-2 7.65784E-2 8.14837E-2 8.03557E-2 7.68941E-2 7.35934E-2 8.55313E-2 8.09564E-2 6.72426E-2
3.56384E-1 7.94411E-2 5.74861E-2 9.18525E-2 9.87683E-2 5.91234E-2 6.08087E-2 6.7924E-2 6.6735E-2 6.75916E-2 5.85778E-2 1.01698E-1 1.14258E-1 1.25152E-1 8.80095E-2 7.05719E-2 7.08376E-2 9.27821E-2 6.65023E-2 6.66346E-2 1.09539E-1 4.53183E-2 8.96139E-2 8.21474E-2 7.76751E-2 1.05267E-1 1.23433E-1 7.53025E-2 1.70644E-1 6.90131E-2 8.25176E-2 7.32971E-2 5.79262E-2 4.52422E-2 6.01773E-2 9.3259E-2 1.1751E-1 7.24027E-2 5.90901E-2 6.26788E-2 7.06378E-2 8.06837E-2 6.13859E-2 6.87146E-2 7.36341E-2 1.22184E-1 1.41796E-1 9.61795E-2 1.03729E-1 1.1995E-1 1.40206E-1 7.51166E-2 7.08972E-2 7.41855E-2 8.24923E-2 1.30982E-1 7.2358E-2 7.04545E-2 7.25128E-2 7.60053E-2 8.22756E-2
9.68797E-2 1.02992E-1 5.45986E-2 8.51059E-2 6.99377E-2 8.14623E-2 6.9219E-2 7.68767E-2 6.7418E-2 8.16212E-2 7.44148E-2 9.09612E-2 1.03662E-1 1.14735E-1 6.58833E-2 1.09105E-1 8.80702E-2 1.00631E-1 9.80382E-2 5.77868E-2 7.11214E-2 9.08449E-2 6.16176E-2 7.55803E-2 1.08096E-1 5.77029E-2 7.4891E-2 7.76857E-2 1.01745E-1 9.88949E-2 2.91377E-2 3.89249E-2 7.34218E-2 3.3142E-2 5.69168E-2 7.78006E-2 6.96134E-2 1.10039E-1 1.0837E-1 6.24533E-2 7.08043E-2 6.37329E-2 5.70537E-2 7.67285E-2 7.76127E-2 8.65779E-2 7.24208E-2 1.87735E-1 1.25948E-1 9.84269E-2 1.86017E-1 7.64104E-2 7.11846E-2 7.66999E-2 9.90274E-2 9.54659E-2 7.78327E-2 7.32289E-2 7.64996E-2 7.75827E-2 7.88057E-2
8.94309E-2 5.41933E-2 6.61922E-2 6.90217E-2 5.65372E-2 8.15715E-2 7.93836E-2 7.44389E-2 4.28738E-2 6.54876E-2 7.72814E-2 8.95139E-2 9.87266E-2 1.02456E-1 1.10055E-1 1.16436E-1 1.02733E-1 7.74987E-2 7.34748E-2 6.38514E-2 6.27513E-2 1.00942E-1 6.02521E-2 6.83734E-2 9.40373E-2 7.66515E-2 9.28505E-2 8.19663E-2 8.33185E-2 8.5971E-2 6.78864E-2 6.58955E-2 6.01782E-2 5.78942E-2 4.31934E-2 5.08041E-2 6.35429E-2 1.81913E-1 1.39722E-1 6.05042E-2 7.9982E-2 6.36328E-2 7.62807E-2 1.13026E-1 8.19118E-2 7.7252E-2 6.68059E-2 1.61062E-1 2.26326E-1 1.10568E-1 1.67565E-1 1.25907E-1 1.7624E-1 2.19151E-1 2.30343E-1 8.95634E-2 1.12328E-1 1.22128E-1 7.13149E-2 6.963E-2 8.17115E-2
5.83941E-2 7.45628E-2 4.14436E-2 6.90387E-2 5.43159E-2 8.16974E-2 6.32773E-2 7.73337E-2 4.94665E-2 5.26462E-2 6.38805E-2 1.01728E-1 1.09644E-1 1.42496E-1 1.15063E-1 8.84458E-2 8.76718E-2 9.4664E-2 1.08491E-1 1.03838E-1 9.36074E-2 9.20304E-2 5.75017E-2 8.91255E-2 8.65843E-2 1.01112E-1 9.86173E-2 7.19208E-2 1.00713E-1 9.50049E-2 1.10171E-1 8.09108E-2 5.68545E-2 5.91352E-2 6.01417E-2 4.82833E-2 5.00541E-2 4.63402E-2 8.73378E-2 1.03285E-1 7.78729E-2 7.26558E-2 6.65153E-2 8.16226E-2 6.23129E-2 8.72807E-2 7.17375E-2 2.12675E-1 2.30066E-1 2.1747E-1 1.8938E-1 2.29735E-1 2.3401E-1 2.36254E-1 1.59019E-1 9.85074E-2 1.07223E-1 1.08811E-1 6.48051E-2 6.89128E-2 1.81922E-1
7.82872E-2 5.5293E-2 7.33195E-2 9.42958E-2 5.67309E-2 5.70681E-2 9.76777E-2 8.34375E-2 6.13815E-2 9.55897E-2 6.2086E-2 1.01867E-1 1.01037E-1 9.39387E-2 1.18342E-1 7.34539E-2 8.49662E-2 6.07396E-2 9.92036E-2 4.44071E-2 5.532E-2 4.27854E-2 7.84723E-2 1.06397E-1 1.10576E-1 9.43319E-2 9.11978E-2 9.31656E-2 1.07631E-1 9.494E-2 9.00238E-2 8.22811E-2 5.96895E-2 6.06623E-2 1.70409E-1 6.48617E-2 4.63165E-2 5.92334E-2 8.44515E-2 8.85346E-2 8.09813E-2 6.23886E-2 1.05719E-1 1.07674E-1 5.67382E-2 6.81345E-2 1.10231E-1 1.93932E-1 1.84159E-1 1.18083E-1 9.40768E-2 1.35323E-1 2.47377E-1 1.53028E-1 1.23615E-1 6.73906E-2 7.02288E-2 9.54097E-2 6.86277E-2 9.99704E-2 9.50889E-2
2.03008E-1 1.02172E-1 8.52056E-2 4.18021E-2 5.95E-2 5.83389E-2 6.48625E-2 7.37211E-2 1.3719E-1 7.513E-2 4.76316E-2 8.7036E-2 1.46774E-1 1.10956E-1 6.73545E-2 8.73967E-2 8.29157E-2 6.90836E-2 1.06335E-1 9.8243E-2 9.46049E-2 4.35329E-2 7.40246E-2 8.26014E-2 9.04513E-2 5.54244E-2 7.17038E-2 7.9882E-2 9.3027E-2 8.61906E-2 9.99274E-2 7.704E-2 7.74428E-2 8.47066E-2 1.88625E-1 6.84539E-2 5.45052E-2 4.9613E-2 6.71106E-2 1.27215E-1 8.8293E-2 6.01851E-2 1.20439E-1 1.44131E-1 1.33006E-1 7.42716E-2 9.88197E-2 2.17786E-1 2.29352E-1 1.73076E-1 1.87075E-1 1.51637E-1 1.62954E-1 2.21758E-1 1.09441E-1 9.65527E-2 9.00078E-2 1.06527E-1 6.60509E-2 6.80909E-2 6.6612E-2
1.52555E-1 1.15477E-1 7.43591E-2 8.42537E-2 8.41443E-2 6.65943E-2 9.04524E-2 1.09505E-1 1.64585E-1 2.24342E-1 1.03891E-1 8.95851E-2 9.34241E-2 1.32595E-1 9.4929E-2 8.44818E-2 1.06589E-1 8.23134E-2 7.51019E-2 1.02981E-1 8.47337E-2 7.20791E-2 1.21783E-1 9.82653E-2 1.19023E-1 1.08756E-1 1.18355E-1 8.79476E-2 8.02844E-2 6.44329E-2 8.58329E-2 9.17938E-2 7.85237E-2 7.35933E-2 4.86774E-2 5.88881E-2 4.02577E-2 6.44287E-2 9.21607E-2 2.03561E-1 8.9767E-2 6.78411E-2 1.16642E-1 1.34103E-1 1.43876E-1 1.29701E-1 1.08893E-1 1.36695E-1 2.17574E-1 1.72599E-1 1.26489E-1 2.09803E-1 8.988E-2 1.33618E-1 8.91598E-2 8.58254E-2 8.98731E-2 1.13807E-1 9.15023E-2 8.46042E-2 6.8242E-2
8.05592E-2 1.27933E-1 1.49579E-1 8.44013E-2 7.93499E-2 1.24408E-1 6.66508E-2 5.27452E-2 6.61271E-2 7.38452E-2 1.10052E-1 7.74747E-2 9.27417E-2 1.13045E-1 1.45504E-1 1.08911E-1 9.91913E-2 6.20691E-2 8.03896E-2 7.66629E-2 9.32254E-2 7.63613E-2 7.15974E-2 1.03907E-1 9.71663E-2 6.64736E-2 6.59129E-2 1.20228E-1 1.07423E-1 7.37055E-2 6.61157E-2 7.14772E-2 6.18386E-2 6.83425E-2 4.9504E-2 7.03784E-2 7.98308E-2 1.12954E-1 8.79145E-2 7.46059E-2 8.43558E-2 6.41289E-2 6.67199E-2 8.94567E-2 1.23944E-1 1.64054E-1 8.71199E-2 7.55906E-2 9.65661E-2 8.04789E-2 1.0121E-1 8.48717E-2 1.66927E-1 6.91537E-2 9.27196E-2 1.13222E-1 9.99886E-2 1.60862E-1 8.25445E-2 9.39711E-2 1.08552E-1
1.17752E-1 9.25679E-2 2.37989E-1 1.86131E-1 6.36786E-2 9.63721E-2 5.91143E-2 5.64178E-2 6.96636E-2 9.14135E-2 8.39374E-2 9.20476E-2 7.01438E-2 1.32645E-1 1.28936E-1 1.18328E-1 8.54817E-2 1.06601E-1 1.012E-1 1.12148E-1 1.15182E-1 1.08902E-1 9.77531E-2 6.31185E-2 8.79603E-2 1.0477E-1 1.18136E-1 9.60929E-2 8.44707E-2 7.05166E-2 5.55141E-2 8.344E-2 5.77558E-2 6.55719E-2 4.39299E-2 5.66335E-2 6.51547E-2 1.52916E-1 9.80317E-2 7.55778E-2 7.94891E-2 6.63586E-2 6.28954E-2 7.97452E-2 1.42887E-1 1.14016E-1 8.82939E-2 1.56087E-1 7.2676E-2 1.27799E-1 1.39182E-1 7.12406E-2 1.19476E-1 1.17842E-1 6.76339E-2 1.49727E-1 1.09973E-1 8.40067E-2 8.68979E-2 7.84904E-2 9.26072E-2
8.85862E-2 9.67608E-2 1.24655E-1 1.14419E-1 1.02763E-1 7.25639E-2 7.27672E-2 8.04122E-2 9.21853E-2 9.76753E-2 1.35419E-1 1.04087E-1 1.37415E-1 1.56735E-1 1.11295E-1 8.68841E-2 8.96898E-2 9.3456E-2 9.95422E-2 8.81408E-2 1.13161E-1 7.86236E-2 9.1391E-2 9.14119E-2 1.18862E-1 9.5553E-2 1.29655E-1 1.15305E-1 8.13735E-2 8.14384E-2 6.98114E-2 8.17769E-2 5.2502E-2 5.55372E-2 6.14965E-2 5.09463E-2 9.9928E-2 1.75865E-1 9.91553E-2 8.16024E-2 8.25303E-2 5.89307E-2 5.11127E-2 6.04055E-2 7.07473E-2 7.13274E-2 6.71742E-2 8.6624E-2 6.23381E-2 7.76264E-2 8.66931E-2 1.03682E-1 2.14315E-1 2.26275E-1 6.9568E-2 1.31014E-1 7.84567E-2 1.27263E-1 9.60256E-2 7.06729E-2 9.91288E-2
9.78061E-2 8.07752E-2 8.80253E-2 1.06735E-1 5.76262E-2 6.18931E-2 6.34453E-2 7.52772E-2 1.17961E-1 1.06014E-1 9.5844E-2 1.08983E-1 1.61905E-1 1.65106E-1 1.01828E-1 7.96485E-2 1.16423E-1 9.00173E-2 1.11329E-1 1.40594E-1 1.17603E-1 1.28003E-1 7.44508E-2 9.946E-2 6.52741E-2 5.91216E-2 6.44994E-2 8.10696E-2 6.53742E-2 6.39023E-2 3.71712E-2 7.91971E-2 6.61866E-2 5.76455E-2 9.14599E-2 7.65096E-2 1.257E-1 1.38551E-1 1.86927E-1 1.22781E-1 8.0718E-2 6.36645E-2 5.2306E-2 3.74216E-2 5.58025E-2 7.97125E-2 6.73287E-2 6.33288E-2 8.87417E-2 6.63001E-2 7.27692E-2 1.25645E-1 1.98925E-1 1.32431E-1 7.75908E-2 8.67207E-2 1.39973E-1 1.48667E-1 8.24146E-2 7.47072E-2 6.29621E-2
1.07069E-1 1.01973E-1 9.42883E-2 1.05664E-1 1.00417E-1 8.19917E-2 7.98739E-2 6.62919E-2 1.08828E-1 1.24457E-1 1.37072E-1 9.3225E-2 1.7682E-1 1.03319E-1 4.91409E-2 5.61856E-2 1.40075E-1 1.10852E-1 9.68765E-2 1.06462E-1 9.13955E-2 6.17133E-2 7.63931E-2 5.8743E-2 6.24532E-2 6.6881E-2 6.95148E-2 5.67814E-2 6.12375E-2 9.77469E-2 7.70289E-2 7.09312E-2 7.97527E-2 8.34648E-2 1.04501E-1 1.6042E-1 2.16966E-1 1.52683E-1 2.12944E-1 1.43129E-1 7.91044E-2 6.47151E-2 4.35358E-2 5.37828E-2 4.11952E-2 6.4342E-2 7.4274E-2 2.10126E-1 2.41112E-1 6.87559E-2 8.85411E-2 9.8445E-2 9.52134E-2 7.37771E-2 8.11984E-2 1.0831E-1 1.80549E-1 1.50976E-1 8.02303E-2 7.0261E-2 6.46899E-2
1.06869E-1 1.08621E-1 6.67631E-2 9.49995E-2 1.10439E-1 1.02628E-1 7.57707E-2 9.40826E-2 1.07188E-1 1.28742E-1 8.74176E-2 1.01536E-1 1.02684E-1 1.33452E-1 9.22385E-2 1.1475E-1 9.61443E-2 6.51924E-2 5.17602E-2 9.77431E-2 1.4633E-1 1.27033E-1 1.56947E-1 1.28953E-1 1.52188E-1 1.13234E-1 8.59288E-2 7.87987E-2 6.72326E-2 1.07836E-1 9.59086E-2 7.43908E-2 5.7383E-2 7.56344E-2 7.73139E-2 6.94869E-2 1.38191E-1 1.19091E-1 1.16135E-1 1.70792E-1 1.52531E-1 6.4017E-2 4.79318E-2 3.38661E-2 8.8956E-2 5.21699E-2 1.20224E-1 2.09276E-1 2.11835E-1 1.0805E-1 1.05666E-1 1.15352E-1 1.06086E-1 8.17121E-2 7.92308E-2 1.14578E-1 2.31266E-1 1.33034E-1 7.01426E-2 6.9645E-2 7.37252E-2
1.17835E-1 9.853E-2 1.04339E-1 9.97156E-2 8.86415E-2 6.17179E-2 7.52013E-2 5.38376E-2 8.09713E-2 7.08715E-2 8.23389E-2 1.26986E-1 7.11701E-2 8.29646E-2 1.12047E-1 7.54678E-2 7.02339E-2 7.75161E-2 1.62318E-1 1.31809E-1 1.22203E-1 9.46512E-2 1.35376E-1 1.56349E-1 1.29395E-1 1.00421E-1 1.07083E-1 8.00395E-2 9.41192E-2 1.18665E-1 1.00213E-1 7.72794E-2 5.80099E-2 6.58148E-2 7.39731E-2 1.25716E-1 1.26849E-1 9.14686E-2 7.96471E-2 1.48808E-1 1.95567E-1 5.8529E-2 4.50197E-2 2.80484E-2 5.57344E-2 6.96979E-2 1.33331E-1 2.02272E-1 2.30928E-1 8.55653E-2 7.70836E-2 1.3428E-1 7.07861E-2 6.36098E-2 6.85372E-2 1.16025E-1 2.28309E-1 1.82597E-1 7.00952E-2 6.90286E-2 1.75053E-1
1.11697E-1 9.61061E-2 1.12896E-1 6.79658E-2 9.46893E-2 1.08664E-1 7.80578E-2 5.36921E-2 8.35787E-2 8.65979E-2 1.22676E-1 8.89273E-2 8.42471E-2 8.13904E-2 1.10577E-1 1.01902E-1 1.25385E-1 6.71145E-2 1.09038E-1 9.21654E-2 1.54699E-1 1.14868E-1 1.18739E-1 9.88232E-2 1.41529E-1 7.60112E-2 1.01056E-1 9.49649E-2 1.12876E-1 9.40751E-2 8.76761E-2 8.11066E-2 6.23667E-2 9.75905E-2 8.83113E-2 7.52818E-2 1.54506E-1 8.1966E-2 7.69638E-2 1.1958E-1 8.78962E-2 4.0932E-2 4.52077E-2 1.19264E-1 7.35899E-2 7.26216E-2 2.37308E-1 1.50614E-1 1.47243E-1 6.70045E-2 1.14755E-1 1.89416E-1 9.02356E-2 6.61258E-2 1.15674E-1 1.77087E-1 2.2536E-1 1.92574E-1 8.1947E-2 6.50148E-2 1.21464E-1
1.02309E-1 1.16672E-1 3.12561E-1 2.98637E-1 4.52724E-2 9.32415E-2 7.03288E-2 9.24635E-2 1.26455E-1 9.92678E-2 7.035E-2 7.16064E-2 5.57684E-2 1.02122E-1 1.1928E-1 1.33712E-1 1.14128E-1 6.79648E-2 9.22465E-2 9.26979E-2 1.51924E-1 1.1248E-1 6.19949E-2 8.89867E-2 9.70151E-2 1.30041E-1 7.87123E-2 1.18723E-1 1.01624E-1 9.44773E-2 7.35179E-2 7.00368E-2 4.80093E-2 5.99611E-2 7.74991E-2 7.7777E-2 1.61651E-1 8.73759E-2 4.75298E-2 4.86804E-2 7.4683E-2 8.05444E-2 4.44714E-2 6.21311E-2 8.15088E-2 1.34831E-1 1.6316E-1 7.04608E-2 6.66599E-2 7.25099E-2 8.37962E-2 7.29533E-2 9.73161E-2 9.20487E-2 9.00036E-2 1.36825E-1 2.06458E-1 1.97024E-1 6.96372E-2 6.15829E-2 5.76284E-2
1.17376E-1 1.0291E-1 8.84384E-2 4.37254E-2 6.18295E-2 8.51825E-2 7.00995E-2 1.28267E-1 1.0368E-1 1.36627E-1 1.11909E-1 1.00272E-1 1.21851E-1 1.41208E-1 5.17431E-2 6.94535E-2 9.61342E-2 9.99505E-2 4.82367E-2 7.96163E-2 1.30323E-1 1.21761E-1 1.14981E-1 7.44772E-2 5.86597E-2 1.4336E-1 7.33971E-2 8.65911E-2 8.05807E-2 9.19736E-2 6.26727E-2 3.98679E-2 6.24958E-2 6.37673E-2 7.07623E-2 1.55237E-1 1.55142E-1 7.87593E-2 6.4045E-2 8.40772E-2 1.75672E-1 1.95785E-1 5.52017E-2 1.351E-1 1.14624E-1 9.39428E-2 6.6376E-2 9.32554E-2 7.69231E-2 7.53589E-2 7.57921E-2 7.04504E-2 1.34848E-1 1.04366E-1 8.00232E-2 1.3461E-1 2.2643E-1 1.52178E-1 8.78742E-2 8.30724E-2 5.54647E-2
9.99231E-2 9.9814E-2 9.31868E-2 1.01068E-1 1.05712E-1 6.33417E-2 6.19501E-2 6.68879E-2 5.92861E-2 1.27886E-1 1.47109E-1 1.21195E-1 1.66803E-1 1.49843E-1 3.94205E-2 4.5539E-2 8.88192E-2 9.35662E-2 6.05723E-2 7.63624E-2 1.15E-1 1.13117E-1 1.21552E-1 9.12712E-2 1.05192E-1 1.62388E-1 1.05056E-1 9.46882E-2 9.58807E-2 9.19679E-2 6.56224E-2 7.21577E-2 5.11581E-2 5.87135E-2 5.18516E-2 1.75884E-1 1.39267E-1 5.20956E-2 5.80489E-2 2.84579E-2 1.07444E-1 2.10401E-1 6.03421E-2 6.34872E-2 9.90708E-2 1.05291E-1 1.44122E-1 2.35407E-1 1.49983E-1 1.23716E-1 8.93311E-2 7.65451E-2 7.95159E-2 1.58275E-1 1.83721E-1 2.04128E-1 2.38813E-1 2.19501E-1 1.10978E-1 1.0289E-1 5.95364E-2
1.27518E-1 1.23123E-1 8.54104E-2 9.86036E-2 7.69376E-2 7.91189E-2 8.08516E-2 5.40032E-2 7.8785E-2 3.09667E-2 9.1914E-2 1.40571E-1 1.69091E-1 1.78192E-1 7.73012E-2 1.67612E-1 1.17587E-1 4.78638E-2 6.83806E-2 1.40852E-1 1.23707E-1 -9999 1.26611E-1 1.19874E-1 1.16004E-1 9.78344E-2 1.41877E-1 1.14677E-1 1.20965E-1 9.62691E-2 7.77685E-2 6.14724E-2 4.89451E-2 8.22093E-2 6.07748E-2 1.52254E-1 1.30813E-1 5.72526E-2 8.09198E-2 7.25567E-2 6.29836E-2 6.66881E-2 4.67692E-2 4.02577E-2 7.3889E-2 7.88566E-2 7.81083E-2 2.29821E-1 1.47448E-1 7.51745E-2 7.42849E-2 7.43111E-2 1.29947E-1 2.50794E-1 2.20308E-1 2.29177E-1 2.42941E-1 2.49625E-1 1.88567E-1 8.07422E-2 6.73974E-2
1.20923E-1 9.91589E-2 1.08767E-1 8.946E-2 1.02417E-1 9.12591E-2 9.1128E-2 4.97485E-2 2.91511E-2 1.16062E-1 6.92594E-2 1.32294E-1 1.14828E-1 1.55309E-1 1.17458E-1 1.6074E-1 5.73446E-2 5.58845E-2 1.06111E-1 1.17193E-1 1.40108E-1 1.36215E-1 1.01865E-1 1.6097E-1 1.60961E-1 1.39613E-1 8.82399E-2 1.29347E-1 1.09189E-1 1.20058E-1 6.89733E-2 6.14083E-2 5.44312E-2 8.9198E-2 9.36776E-2 6.21823E-2 1.34639E-1 8.92143E-2 6.33636E-2 1.18079E-1 6.56786E-2 6.30458E-2 5.91249E-2 6.07807E-2 7.13983E-2 7.64217E-2 1.03591E-1 2.29584E-1 2.05447E-1 1.63636E-1 9.26524E-2 7.20524E-2 8.37283E-2 2.45065E-1 2.47566E-1 2.49965E-1 2.22206E-1 2.17579E-1 1.89126E-1 1.05869E-1 7.5211E-2
1.13301E-1 1.1301E-1 9.03161E-2 1.02918E-1 9.41605E-2 8.01737E-2 1.23072E-1 6.08604E-2 7.545E-2 8.20646E-2 7.82708E-2 1.02613E-1 1.25732E-1 9.18298E-2 1.72197E-1 1.3438E-1 1.16513E-1 8.52602E-2 9.46536E-2 8.22333E-2 1.04924E-1 1.13552E-1 1.38156E-1 1.47134E-1 1.4765E-1 9.54779E-2 8.79295E-2 1.11067E-1 1.26498E-1 1.42986E-1 1.03263E-1 7.05564E-2 4.97969E-2 8.50727E-2 1.1058E-1 5.32575E-2 6.71038E-2 6.10289E-2 4.04259E-2 4.69404E-2 6.76748E-2 6.67222E-2 3.80813E-2 5.78692E-2 6.16754E-2 8.58425E-2 1.25752E-1 2.54253E-1 2.6144E-1 2.13024E-1 1.88393E-1 7.46049E-2 1.2582E-1 1.24921E-1 2.22947E-1 1.8598E-1 2.34654E-1 2.14878E-1 1.17929E-1 1.73208E-1 1.01939E-1
1.36347E-1 1.24262E-1 6.91369E-2 1.99633E-1 9.53238E-2 7.27395E-2 8.40837E-2 4.74357E-2 5.58094E-2 8.1318E-2 6.82132E-2 9.99091E-2 1.11264E-1 5.15221E-2 1.18765E-1 6.02727E-2 9.38115E-2 8.08579E-2 9.0863E-2 1.80358E-1 1.72751E-1 1.15944E-1 1.06431E-1 9.96741E-2 1.42388E-1 1.18498E-1 1.22396E-1 1.13986E-1 1.06204E-1 6.4294E-2 8.38948E-2 7.72584E-2 6.52849E-2 6.15917E-2 7.6624E-2 5.52968E-2 1.55924E-1 6.198E-2 4.34758E-2 5.01901E-2 7.76544E-2 5.80979E-2 5.99258E-2 6.32765E-2 9.8032E-2 7.76706E-2 1.31676E-1 2.52612E-1 2.46478E-1 2.37954E-1 2.45286E-1 1.46987E-1 1.63562E-1 2.00151E-1 2.05998E-1 1.59016E-1 2.54589E-1 2.26074E-1 9.28496E-2 1.90287E-1 1.41063E-1
1.17521E-1 1.24935E-1 1.0323E-1 1.21458E-1 1.20946E-1 7.72387E-2 6.94836E-2 4.37157E-2 6.80735E-2 8.20977E-2 7.96749E-2 9.28354E-2 1.06799E-1 6.18661E-2 9.99061E-2 8.46212E-2 2.36531E-2 7.21115E-2 1.01357E-1 1.01327E-1 1.06301E-1 -9999 8.35191E-2 8.48652E-2 1.21026E-1 1.44775E-1 1.48306E-1 1.21524E-1 7.92443E-2 1.07106E-1 6.87549E-2 8.7781E-2 5.99762E-2 8.78458E-2 1.53139E-1 1.03927E-1 3.9437E-2 4.51467E-2 2.73285E-2 6.84054E-2 7.36991E-2 7.70057E-2 7.32482E-2 7.67636E-2 9.0052E-2 7.43998E-2 1.00544E-1 2.53913E-1 2.47504E-1 2.44194E-1 2.56835E-1 2.52355E-1 1.76653E-1 2.2513E-1 2.25048E-1 1.65375E-1 2.16227E-1 1.74418E-1 1.45971E-1 2.48157E-1 1.87958E-1
