Candidate_Models_July82022/M_6_F_lqp_Set_1_cal/Bison.asc
ncols         290
nrows         380
xllcorner     -2197417.7431653
yllcorner     -584827.01486885
cellsize      10000.0
NODATA_value  -9999
[rows 351 to 377 of 380, columns 122 to 182 of 290]
0E0 3.58206E-1 3.60405E-1 4.0005E-1 5.8915E-1 8.20816E-1 5.46141E-1 4.87599E-1 4.96274E-1 5.18927E-1 5.36413E-1 5.61478E-1 5.66138E-1 5.65558E-1 5.80398E-1 5.65806E-1 5.87938E-1 5.61209E-1 5.62858E-1 5.72812E-1 5.50651E-1 5.67428E-1 5.65467E-1 6.00386E-1 5.76631E-1 5.5397E-1 5.41855E-1 5.28105E-1 5.36127E-1 5.21689E-1 5.108E-1 5.05664E-1 5.08501E-1 5.0133E-1 4.90973E-1 4.94318E-1 4.56104E-1 4.76845E-1 5.23291E-1 4.99263E-1 6.00156E-1 4.00894E-1 5.08523E-1 5.1533E-1 5.10827E-1 5.64624E-1 5.74872E-1 6.56068E-1 6.95668E-1 6.30883E-1 7.00778E-1 6.0676E-1 5.05583E-1 4.34281E-1 6.22909E-1 5.12032E-1 5.22088E-1 5.19377E-1 5.00366E-1 5.05439E-1 4.79163E-1
-9999 -9999 3.88224E-1 5.20288E-1 7.46092E-1 7.4556E-1 4.87153E-1 5.07407E-1 5.26478E-1 5.39569E-1 5.46188E-1 6.24229E-1 5.95206E-1 6.46545E-1 5.65761E-1 5.60938E-1 5.4894E-1 5.54814E-1 5.50297E-1 5.60828E-1 5.54737E-1 5.44722E-1 5.29535E-1 5.65466E-1 5.34368E-1 5.33624E-1 5.29205E-1 5.27538E-1 5.21973E-1 5.1225E-1 5.08765E-1 5.05863E-1 5.03345E-1 4.87789E-1 4.7591E-1 4.76473E-1 4.43587E-1 4.29286E-1 4.34548E-1 4.52962E-1 4.47917E-1 4.58515E-1 4.59132E-1 4.82145E-1 4.91467E-1 5.52259E-1 7.21074E-1 6.59583E-1 6.7857E-1 7.05426E-1 7.47182E-1 7.13537E-1 6.85119E-1 4.96717E-1 6.05666E-1 4.94467E-1 4.81233E-1 5.40036E-1 5.58967E-1 5.17513E-1 5.55151E-1
-9999 -9999 5.15914E-1 5.18344E-1 6.69462E-1 7.08769E-1 5.21856E-1 5.13073E-1 4.94526E-1 5.51661E-1 5.53912E-1 5.66786E-1 5.60304E-1 6.13918E-1 6.01479E-1 5.60753E-1 5.47438E-1 5.5259E-1 5.26969E-1 5.54577E-1 5.17735E-1 5.28602E-1 5.47808E-1 5.4432E-1 5.39953E-1 5.4066E-1 5.50298E-1 5.32394E-1 5.3002E-1 5.25045E-1 5.24633E-1 5.17418E-1 5.13197E-1 4.96264E-1 4.7382E-1 4.84525E-1 4.44183E-1 4.63758E-1 4.44542E-1 4.28477E-1 4.52366E-1 4.45406E-1 4.34465E-1 5.11098E-1 5.29899E-1 4.7554E-1 5.71111E-1 6.23806E-1 6.24256E-1 7.03714E-1 7.53087E-1 7.2906E-1 7.20942E-1 4.5757E-1 5.11311E-1 4.87706E-1 5.10473E-1 4.90184E-1 5.37802E-1 4.95679E-1 5.30813E-1
-9999 4.61509E-1 4.47801E-1 4.99428E-1 7.66549E-1 7.41459E-1 4.7029E-1 5.28458E-1 5.08292E-1 5.22437E-1 5.33687E-1 5.44991E-1 5.60922E-1 5.67606E-1 6.13409E-1 5.47645E-1 5.38084E-1 5.40552E-1 5.47362E-1 5.10354E-1 5.25432E-1 5.23454E-1 5.51625E-1 5.26373E-1 4.94216E-1 5.32009E-1 5.33835E-1 5.35101E-1 5.30379E-1 5.17434E-1 5.32871E-1 5.22073E-1 5.11833E-1 5.12685E-1 4.92777E-1 4.74494E-1 4.82157E-1 4.31515E-1 4.47143E-1 4.55718E-1 4.18515E-1 4.44601E-1 4.5173E-1 5.13174E-1 5.17838E-1 5.48789E-1 6.57668E-1 5.17098E-1 6.91249E-1 7.52533E-1 7.55903E-1 7.37288E-1 6.22878E-1 6.45501E-1 5.98774E-1 4.78505E-1 4.927E-1 4.77659E-1 5.06792E-1 4.88088E-1 4.98905E-1
-9999 1.5125E-1 4.80217E-1 4.90937E-1 6.64818E-1 6.71146E-1 4.87442E-1 4.93463E-1 5.22684E-1 5.38337E-1 5.51126E-1 5.44469E-1 5.58655E-1 5.31752E-1 5.34726E-1 5.51042E-1 5.31255E-1 5.3874E-1 4.89643E-1 5.2903E-1 5.13796E-1 5.41595E-1 5.35298E-1 4.94033E-1 5.23223E-1 5.17333E-1 5.47177E-1 5.25932E-1 5.16225E-1 5.25967E-1 5.26105E-1 5.08396E-1 5.18424E-1 5.03369E-1 4.80202E-1 4.69701E-1 4.53326E-1 4.39185E-1 4.57554E-1 4.47934E-1 4.62436E-1 6.04477E-1 4.56417E-1 5.56936E-1 6.06597E-1 5.43311E-1 6.36109E-1 7.31924E-1 7.33237E-1 6.98144E-1 7.49546E-1 7.3542E-1 6.95149E-1 6.54361E-1 5.1414E-1 5.15818E-1 5.0361E-1 5.11201E-1 6.00125E-1 5.52429E-1 6.1304E-1
-9999 3.48038E-1 4.23468E-1 4.77221E-1 5.08515E-1 6.57149E-1 5.48851E-1 5.24472E-1 5.26759E-1 4.95307E-1 5.32006E-1 7.7047E-1 6.12941E-1 5.36436E-1 5.3415E-1 5.42099E-1 5.40444E-1 5.35986E-1 5.2016E-1 4.69519E-1 5.30252E-1 5.13499E-1 5.23594E-1 5.45456E-1 5.65618E-1 5.18258E-1 5.25104E-1 5.24478E-1 5.22082E-1 5.19342E-1 5.02775E-1 5.15662E-1 5.23951E-1 5.03477E-1 5.16334E-1 4.63732E-1 4.73597E-1 4.66873E-1 4.81211E-1 5.19495E-1 4.95144E-1 7.12927E-1 4.76634E-1 6.56733E-1 7.4599E-1 6.66072E-1 7.45636E-1 6.97108E-1 7.17087E-1 7.4527E-1 7.44662E-1 7.52566E-1 5.23671E-1 6.12317E-1 6.48095E-1 5.47215E-1 5.05359E-1 5.09563E-1 5.43851E-1 5.39232E-1 4.88071E-1
-9999 4.26856E-1 4.0169E-1 4.36754E-1 5.1255E-1 5.61738E-1 5.66818E-1 5.25066E-1 5.21429E-1 5.85185E-1 8.0494E-1 7.40838E-1 7.24923E-1 5.57175E-1 5.42808E-1 5.33219E-1 5.34614E-1 5.18196E-1 4.99631E-1 4.72933E-1 4.93479E-1 6.08968E-1 5.44051E-1 5.437E-1 5.35218E-1 4.96793E-1 5.13544E-1 5.21126E-1 5.23757E-1 5.15999E-1 5.02173E-1 5.06874E-1 5.14976E-1 4.97808E-1 5.13327E-1 4.89871E-1 5.5274E-1 4.47124E-1 4.43181E-1 4.48521E-1 5.58222E-1 7.26826E-1 6.42943E-1 7.03826E-1 6.72302E-1 5.40075E-1 7.04266E-1 7.17649E-1 7.40758E-1 6.01751E-1 7.36936E-1 6.7485E-1 7.27872E-1 6.55226E-1 5.99187E-1 4.97864E-1 5.05935E-1 5.1914E-1 5.26236E-1 5.13447E-1 4.89253E-1
-9999 5.14415E-1 3.46507E-1 4.74247E-1 4.78381E-1 5.21122E-1 6.81018E-1 6.46537E-1 5.55664E-1 6.65929E-1 8.07125E-1 6.37214E-1 5.21432E-1 5.26154E-1 5.10315E-1 5.1379E-1 5.01819E-1 5.05426E-1 5.15988E-1 5.0753E-1 5.50439E-1 5.9538E-1 5.20163E-1 5.34483E-1 5.23755E-1 5.4074E-1 5.34715E-1 5.39628E-1 4.95891E-1 5.09735E-1 5.09231E-1 5.04507E-1 5.3575E-1 5.13064E-1 6.01251E-1 4.7974E-1 4.98463E-1 4.75734E-1 5.08128E-1 5.47615E-1 7.49149E-1 6.88453E-1 5.12087E-1 4.98779E-1 4.3262E-1 3.05806E-1 6.70058E-1 6.87885E-1 7.42432E-1 7.45367E-1 7.30943E-1 6.88992E-1 7.48537E-1 5.81926E-1 5.35245E-1 5.43602E-1 5.29754E-1 5.2132E-1 5.08138E-1 4.9633E-1 5.02654E-1
4.11543E-1 5.09373E-1 4.20771E-1 3.93465E-1 4.72951E-1 5.23793E-1 8.02491E-1 5.47863E-1 5.35134E-1 5.2249E-1 6.14383E-1 5.41043E-1 5.53117E-1 5.45205E-1 6.17481E-1 5.27602E-1 5.28034E-1 5.03695E-1 5.27459E-1 5.68529E-1 5.49698E-1 6.21698E-1 5.97732E-1 5.36384E-1 5.0269E-1 5.71316E-1 5.48811E-1 5.3653E-1 5.17534E-1 5.13965E-1 5.11636E-1 5.27018E-1 5.2783E-1 4.9585E-1 5.49902E-1 5.32502E-1 4.93671E-1 5.06E-1 5.0325E-1 6.80364E-1 6.91009E-1 7.33247E-1 7.16978E-1 3.67052E-1 5.0562E-1 6.62021E-1 5.93599E-1 7.49155E-1 6.7582E-1 6.66099E-1 7.35125E-1 7.37285E-1 7.24059E-1 6.92577E-1 5.54658E-1 5.44178E-1 5.35686E-1 5.3326E-1 5.11607E-1 5.15647E-1 5.02229E-1
-9999 -9999 -9999 5.36344E-1 4.63441E-1 4.68465E-1 5.41424E-1 5.1205E-1 5.5191E-1 5.2843E-1 5.14609E-1 6.70104E-1 8.12633E-1 7.50757E-1 7.28637E-1 5.52346E-1 5.29646E-1 5.07021E-1 5.09328E-1 5.87345E-1 5.8376E-1 5.73004E-1 5.56417E-1 5.59375E-1 5.48959E-1 5.2091E-1 5.31713E-1 5.38873E-1 5.05327E-1 5.16539E-1 5.02628E-1 5.21775E-1 4.75991E-1 4.81645E-1 5.27498E-1 4.87181E-1 4.70886E-1 4.19688E-1 4.0466E-1 6.09383E-1 7.59865E-1 7.25769E-1 7.09793E-1 3.82619E-1 5.05381E-1 5.7137E-1 6.96812E-1 7.33866E-1 6.83573E-1 7.36071E-1 7.3619E-1 7.28212E-1 7.36589E-1 6.79035E-1 5.79088E-1 5.5264E-1 5.49806E-1 5.46606E-1 5.29455E-1 5.22617E-1 5.36293E-1
-9999 -9999 -9999 -9999 -9999 -9999 -9999 -9999 -9999 4.91913E-1 4.53571E-1 4.96901E-1 4.82811E-1 7.23704E-1 7.14922E-1 7.0692E-1 6.72499E-1 4.97338E-1 5.10094E-1 6.08518E-1 4.9838E-1 5.09541E-1 5.62484E-1 5.21972E-1 5.20065E-1 5.16396E-1 5.32618E-1 5.27075E-1 4.91297E-1 4.89893E-1 4.89184E-1 5.02681E-1 5.15192E-1 4.77806E-1 4.41501E-1 5.60044E-1 4.06317E-1 4.23459E-1 4.57367E-1 3.01483E-1 6.91084E-1 7.08603E-1 6.3315E-1 3.82358E-1 4.15407E-1 4.7724E-1 7.02224E-1 5.8515E-1 7.15701E-1 7.18671E-1 7.22812E-1 6.58789E-1 6.45618E-1 7.20983E-1 6.21114E-1 5.99072E-1 5.54931E-1 5.35447E-1 5.3607E-1 5.83746E-1 5.33156E-1
-9999 -9999 -9999 -9999 -9999 -9999 -9999 -9999 -9999 -9999 -9999 -9999 -9999 -9999 5.83305E-1 5.58097E-1 3.63572E-1 3.42088E-1 3.93637E-1 5.58329E-1 4.80072E-1 5.29646E-1 6.51221E-1 6.02144E-1 5.11713E-1 5.26931E-1 5.16252E-1 5.26558E-1 5.31561E-1 5.23699E-1 4.96403E-1 5.97982E-1 5.83948E-1 7.56939E-1 7.3532E-1 7.09448E-1 4.76845E-1 3.59932E-1 3.44983E-1 4.35654E-1 3.05231E-1 3.17352E-1 6.12592E-1 4.75382E-1 3.73546E-1 4.57131E-1 4.75987E-1 7.19139E-1 6.73139E-1 7.27169E-1 7.02263E-1 6.62419E-1 5.65131E-1 7.1994E-1 5.96416E-1 5.86543E-1 5.49959E-1 5.67773E-1 5.42802E-1 5.42311E-1 5.41396E-1
-9999 -9999 -9999 -9999 -9999 -9999 -9999 -9999 -9999 -9999 -9999 -9999 -9999 -9999 -9999 -9999 -9999 -9999 -9999 4.598E-1 3.17603E-1 4.66328E-1 5.92791E-1 6.2562E-1 5.05309E-1 4.76225E-1 4.53134E-1 5.34157E-1 4.8437E-1 5.08397E-1 4.91027E-1 5.02878E-1 6.24351E-1 5.8714E-1 6.01291E-1 5.48857E-1 5.05972E-1 4.77884E-1 3.26997E-1 4.44565E-1 3.3226E-1 3.76135E-1 4.31651E-1 6.45319E-1 4.75166E-1 4.73346E-1 4.73476E-1 6.29729E-1 7.22639E-1 7.0842E-1 7.19122E-1 7.23025E-1 7.52995E-1 7.04366E-1 6.15061E-1 5.66732E-1 5.54501E-1 6.70125E-1 5.61557E-1 5.62528E-1 5.53676E-1
-9999 -9999 -9999 -9999 -9999 -9999 -9999 -9999 -9999 -9999 -9999 -9999 -9999 -9999 -9999 -9999 -9999 -9999 -9999 -9999 -9999 -9999 -9999 -9999 -9999 5.26378E-1 5.48525E-1 5.11656E-1 4.99114E-1 5.06482E-1 6.03654E-1 6.33263E-1 6.03061E-1 6.25995E-1 5.20727E-1 4.26008E-1 4.20712E-1 4.47915E-1 3.01669E-1 4.24108E-1 2.57173E-1 3.75388E-1 4.39608E-1 4.4647E-1 4.12876E-1 3.99277E-1 4.96059E-1 6.80784E-1 5.87839E-1 6.73931E-1 4.52281E-1 6.79283E-1 7.12086E-1 7.17111E-1 5.7315E-1 5.59373E-1 5.3499E-1 5.40746E-1 5.25416E-1 5.26635E-1 5.13312E-1
-9999 -9999 -9999 -9999 -9999 -9999 -9999 -9999 -9999 -9999 -9999 -9999 -9999 -9999 -9999 -9999 -9999 -9999 -9999 -9999 -9999 -9999 -9999 -9999 -9999 -9999 -9999 -9999 -9999 -9999 7.22036E-1 7.83151E-1 7.69695E-1 7.67965E-1 5.35233E-1 2.6567E-1 3.30981E-1 4.35224E-1 3.17166E-1 4.46398E-1 5.2647E-1 3.97661E-1 6.13106E-1 5.3768E-1 7.29561E-1 5.92141E-1 4.27263E-1 6.66947E-1 5.11683E-1 3.73985E-1 3.11359E-1 3.79902E-1 6.68089E-1 7.06967E-1 5.70828E-1 5.38876E-1 5.26691E-1 5.269E-1 5.68181E-1 5.20613E-1 5.18649E-1
-9999 -9999 -9999 -9999 -9999 -9999 -9999 -9999 -9999 -9999 -9999 -9999 -9999 -9999 -9999 -9999 -9999 -9999 -9999 -9999 -9999 -9999 -9999 -9999 -9999 -9999 -9999 -9999 -9999 -9999 -9999 -9999 -9999 -9999 -9999 -9999 4.17319E-1 4.11027E-1 3.41467E-1 3.81059E-1 2.01619E-1 4.4357E-1 6.53027E-1 7.03204E-1 6.86965E-1 6.67768E-1 5.61143E-1 4.07735E-1 4.96518E-1 3.4423E-1 4.24308E-1 3.84387E-1 6.50643E-1 5.68857E-1 5.57596E-1 5.44542E-1 5.38314E-1 5.16373E-1 5.421E-1 5.26367E-1 5.08146E-1
-9999 -9999 -9999 -9999 -9999 -9999 -9999 -9999 -9999 -9999 -9999 -9999 -9999 -9999 -9999 -9999 -9999 -9999 -9999 -9999 -9999 -9999 -9999 -9999 -9999 -9999 -9999 -9999 -9999 -9999 -9999 -9999 -9999 -9999 -9999 -9999 4.65907E-1 4.36117E-1 6.55852E-1 3.83134E-1 4.21947E-1 5.87508E-1 7.04663E-1 7.09567E-1 7.66236E-1 7.34129E-1 6.37078E-1 4.20728E-1 3.53932E-1 2.92883E-1 2.71443E-1 4.68582E-1 6.10398E-1 5.67183E-1 5.29283E-1 5.49934E-1 5.56842E-1 5.55421E-1 5.10061E-1 5.11188E-1 5.28525E-1
-9999 -9999 -9999 -9999 -9999 -9999 -9999 -9999 -9999 -9999 -9999 -9999 -9999 -9999 -9999 -9999 -9999 -9999 -9999 -9999 -9999 -9999 -9999 -9999 -9999 -9999 -9999 -9999 -9999 -9999 -9999 -9999 -9999 -9999 -9999 -9999 7.28012E-1 3.78836E-1 4.91391E-1 4.52805E-1 3.39378E-1 4.11763E-1 7.35146E-1 7.58294E-1 7.69623E-1 6.83928E-1 5.44777E-1 4.22606E-1 2.44553E-1 4.68525E-1 3.21584E-1 2.11898E-1 2.63413E-1 5.0384E-1 6.1394E-1 5.74614E-1 5.60028E-1 5.93539E-1 5.30516E-1 5.05877E-1 5.05405E-1
-9999 -9999 -9999 -9999 -9999 -9999 -9999 -9999 -9999 -9999 -9999 -9999 -9999 -9999 -9999 -9999 -9999 -9999 -9999 -9999 -9999 -9999 -9999 -9999 -9999 -9999 -9999 -9999 -9999 -9999 -9999 -9999 -9999 -9999 -9999 -9999 6.96427E-1 4.64955E-1 5.36562E-1 4.73327E-1 4.44208E-1 4.38596E-1 5.22118E-1 6.98839E-1 6.31509E-1 6.45467E-1 4.16418E-1 2.63633E-1 3.43417E-1 6.30015E-1 4.15256E-1 3.20051E-1 3.2129E-1 3.71048E-1 5.84575E-1 6.24071E-1 5.63487E-1 5.1464E-1 5.04894E-1 5.25372E-1 5.16682E-1
-9999 -9999 -9999 -9999 -9999 -9999 -9999 -9999 -9999 -9999 -9999 -9999 -9999 -9999 -9999 -9999 -9999 -9999 -9999 -9999 -9999 -9999 -9999 -9999 -9999 -9999 -9999 -9999 -9999 -9999 -9999 -9999 -9999 -9999 -9999 -9999 4.60565E-1 5.42141E-1 5.66788E-1 6.86397E-1 4.13156E-1 6.10308E-1 5.69279E-1 3.81133E-1 3.45676E-1 6.71763E-1 3.80077E-1 3.24145E-1 4.20554E-1 5.23612E-1 4.20444E-1 2.69398E-1 2.22886E-1 6.0868E-1 6.56232E-1 6.44262E-1 5.98489E-1 5.29172E-1 5.12617E-1 5.15802E-1 5.02387E-1
-9999 -9999 -9999 -9999 -9999 -9999 -9999 -9999 -9999 -9999 -9999 -9999 -9999 -9999 -9999 -9999 -9999 -9999 -9999 -9999 -9999 -9999 -9999 -9999 -9999 -9999 -9999 -9999 -9999 -9999 -9999 -9999 -9999 -9999 -9999 -9999 3.99429E-1 3.85668E-1 4.17379E-1 4.28956E-1 3.30849E-1 4.5204E-1 4.60484E-1 4.62629E-1 3.58825E-1 3.31326E-1 3.3789E-1 3.28728E-1 4.7553E-1 3.08716E-1 3.5262E-1 3.08572E-1 2.58371E-1 5.96306E-1 6.157E-1 6.28364E-1 6.07589E-1 5.96882E-1 5.9459E-1 5.35901E-1 5.14276E-1
-9999 -9999 -9999 -9999 -9999 -9999 -9999 -9999 -9999 -9999 -9999 -9999 -9999 -9999 -9999 -9999 -9999 -9999 -9999 -9999 -9999 -9999 -9999 -9999 -9999 -9999 -9999 -9999 -9999 -9999 -9999 -9999 -9999 -9999 -9999 3.24612E-1 4.06316E-1 4.23532E-1 6.88153E-1 3.84727E-1 3.42996E-1 4.1394E-1 5.29303E-1 4.88963E-1 3.42231E-1 3.37904E-1 4.48936E-1 3.6129E-1 1.83634E-1 5.38076E-1 4.10472E-1 3.00883E-1 4.08469E-1 6.08242E-1 5.97185E-1 5.50482E-1 5.62904E-1 5.5238E-1 5.39782E-1 5.13372E-1 5.27198E-1
-9999 -9999 -9999 -9999 -9999 -9999 -9999 -9999 -9999 -9999 -9999 -9999 -9999 -9999 -9999 -9999 -9999 -9999 -9999 -9999 -9999 -9999 -9999 -9999 -9999 -9999 -9999 -9999 -9999 -9999 -9999 -9999 -9999 -9999 -9999 4.01103E-1 4.61216E-1 5.56457E-1 6.68113E-1 5.59462E-1 3.76376E-1 4.90356E-1 5.2979E-1 6.60212E-1 5.57618E-1 3.44158E-1 3.64218E-1 5.04212E-1 2.98271E-1 6.33438E-1 3.02912E-1 2.50621E-1 3.42268E-1 5.9854E-1 6.47169E-1 5.73664E-1 5.45484E-1 5.01944E-1 5.55106E-1 5.13576E-1 5.44369E-1
-9999 -9999 -9999 -9999 -9999 -9999 -9999 -9999 -9999 -9999 -9999 -9999 -9999 -9999 -9999 -9999 -9999 -9999 -9999 -9999 -9999 -9999 -9999 -9999 -9999 -9999 -9999 -9999 -9999 -9999 -9999 -9999 -9999 -9999 -9999 4.11779E-1 6.66237E-1 6.46146E-1 5.81254E-1 5.5458E-1 4.41197E-1 4.66468E-1 4.89716E-1 5.84403E-1 6.87076E-1 4.70688E-1 3.85644E-1 4.65666E-1 2.8049E-1 4.22653E-1 4.18948E-1 2.89614E-1 5.33194E-1 5.71205E-1 6.20809E-1 6.30252E-1 5.47637E-1 5.13906E-1 4.92028E-1 5.15849E-1 5.50744E-1
-9999 -9999 -9999 -9999 -9999 -9999 -9999 -9999 -9999 -9999 -9999 -9999 -9999 -9999 -9999 -9999 -9999 -9999 -9999 -9999 -9999 -9999 -9999 -9999 -9999 -9999 -9999 -9999 -9999 -9999 -9999 -9999 -9999 -9999 -9999 6.14878E-1 7.24884E-1 5.58093E-1 6.8364E-1 5.56124E-1 4.10249E-1 3.43136E-1 4.86865E-1 5.38433E-1 5.21349E-1 4.33E-1 2.67987E-1 5.262E-1 4.55239E-1 0E0 3.75979E-1 2.66807E-1 2.83139E-1 5.75962E-1 5.98749E-1 6.1717E-1 5.92799E-1 4.92717E-1 5.36711E-1 5.5293E-1 6.04899E-1
-9999 -9999 -9999 -9999 -9999 -9999 -9999 -9999 -9999 -9999 -9999 -9999 -9999 -9999 -9999 -9999 -9999 -9999 -9999 -9999 -9999 -9999 -9999 -9999 -9999 -9999 -9999 -9999 -9999 -9999 -9999 -9999 -9999 -9999 -9999 4.56018E-1 5.58361E-1 4.79007E-1 4.20513E-1 3.86131E-1 3.64656E-1 4.13086E-1 3.5156E-1 3.80979E-1 4.6526E-1 4.57414E-1 3.47564E-1 2.8558E-1 2.88636E-1 3.50604E-1 3.28398E-1 2.27478E-1 3.08991E-1 5.8306E-1 4.77877E-1 5.35744E-1 5.95126E-1 5.78558E-1 6.11399E-1 6.06132E-1 5.79009E-1
-9999 -9999 -9999 -9999 -9999 -9999 -9999 -9999 -9999 -9999 -9999 -9999 -9999 -9999 -9999 -9999 -9999 -9999 -9999 -9999 -9999 -9999 -9999 -9999 -9999 -9999 -9999 -9999 -9999 -9999 -9999 -9999 -9999 -9999 -9999 6.31595E-1 4.8454E-1 3.57183E-1 5.56735E-1 5.57994E-1 4.73238E-1 4.36849E-1 4.48365E-1 2.64497E-1 4.07612E-1 3.78733E-1 4.01123E-1 4.91378E-1 6.13164E-1 5.80516E-1 4.35707E-1 2.34848E-1 4.09989E-1 5.67091E-1 3.2461E-1 3.82736E-1 5.90939E-1 5.73957E-1 6.04041E-1 6.04095E-1 5.22716E-1
