Candidate_Models_July82022/M_0.7_F_lqp_Set_1_cal/Bison.asc
ncols         290
nrows         380
xllcorner     -2197417.7431653
yllcorner     -584827.01486885
cellsize      10000.0
NODATA_value  -9999
[rows 324 to 350 of 380, columns 61 to 121 of 290]
1.51331E-1 1.69328E-1 1.85882E-1 1.88361E-1 1.57347E-1 1.57555E-1 2.728E-1 1.84367E-1 1.57206E-1 1.98403E-1 2.05194E-1 1.85306E-1 1.63166E-1 1.83198E-1 2.09866E-1 1.73245E-1 1.88518E-1 1.77399E-1 1.99404E-1 1.68568E-1 4.33953E-1 2.0793E-1 2.04384E-1 4.1025E-1 3.07562E-1 3.85813E-1 3.36831E-1 4.11844E-1 3.07645E-1 4.22173E-1 4.17466E-1 4.23524E-1 4.52336E-1 3.57819E-1 2.99788E-1 1.20156E-1 4.11987E-1 4.72708E-1 3.57598E-1 4.30233E-1 4.03438E-1 3.00664E-1 5.47309E-1 3.9656E-1 3.82749E-1 2.96553E-1 3.14262E-1 5.85309E-1 5.23919E-1 5.84814E-1 7.77583E-1 4.59077E-1 4.38225E-1 7.14559E-1 5.96182E-1 5.4301E-1 5.01496E-1 7.80679E-1 7.61364E-1 8.05778E-1 7.40134E-1
1.48062E-1 1.52851E-1 1.88459E-1 1.94149E-1 1.70768E-1 1.45718E-1 3.20077E-1 2.85521E-1 2.46305E-1 1.66591E-1 1.58353E-1 1.62578E-1 1.56919E-1 1.90715E-1 1.76083E-1 1.66316E-1 1.5997E-1 1.8751E-1 1.78416E-1 2.54082E-1 4.55626E-1 3.83306E-1 2.48164E-1 1.67893E-1 3.93182E-1 2.48639E-1 3.45769E-1 3.12187E-1 3.468E-1 3.99697E-1 4.40831E-1 4.57495E-1 4.38927E-1 4.91404E-1 2.88516E-1 1.90262E-1 2.70369E-1 3.77084E-1 5.38507E-1 3.84124E-1 3.63388E-1 2.95558E-1 1.87361E-1 4.52701E-1 3.66234E-1 0E0 6.98317E-1 6.12318E-1 6.87482E-1 5.05283E-1 7.66534E-1 8.13021E-1 5.33551E-1 5.72912E-1 6.09151E-1 6.34377E-1 5.24664E-1 6.4064E-1 7.43326E-1 6.57951E-1 6.58061E-1
1.47539E-1 1.32873E-1 1.68179E-1 1.80198E-1 1.73005E-1 1.38296E-1 2.37016E-1 2.43063E-1 1.923E-1 1.46746E-1 1.59555E-1 1.56442E-1 1.28467E-1 1.43042E-1 1.4407E-1 1.48351E-1 1.40222E-1 1.44932E-1 1.58047E-1 2.69683E-1 2.71365E-1 4.79319E-1 2.54376E-1 2.04392E-1 2.34681E-1 3.67999E-1 2.94606E-1 3.85619E-1 4.07172E-1 4.60001E-1 4.28519E-1 3.54949E-1 5.11871E-1 4.25916E-1 2.04497E-1 3.1014E-1 2.41304E-1 3.70035E-1 3.09531E-1 2.97841E-1 3.48962E-1 2.95916E-1 2.45717E-1 4.04592E-1 3.99941E-1 4.0301E-1 3.91242E-1 5.12959E-1 6.11225E-1 5.49776E-1 5.31967E-1 8.15456E-1 5.84227E-1 4.16134E-1 8.0282E-1 7.69289E-1 5.20153E-1 5.31703E-1 7.78554E-1 8.14961E-1 7.79162E-1
1.4082E-1 1.43575E-1 1.59756E-1 1.47484E-1 1.50033E-1 1.962E-1 3.06365E-1 1.51129E-1 1.33846E-1 1.81865E-1 1.94928E-1 1.26879E-1 1.25372E-1 1.34405E-1 1.43828E-1 1.39958E-1 1.50196E-1 1.46685E-1 1.69409E-1 2.29156E-1 2.51806E-1 4.48105E-1 2.27031E-1 2.78602E-1 1.39531E-1 2.52609E-1 3.9728E-1 3.59721E-1 4.36813E-1 4.48479E-1 3.8106E-1 3.71791E-1 4.82843E-1 4.13251E-1 3.79315E-1 3.72922E-1 4.0552E-1 3.93655E-1 5.7625E-1 4.52205E-1 4.02943E-1 4.24064E-1 3.33873E-1 5.19158E-1 4.00676E-1 4.50762E-1 4.34378E-1 6.3159E-1 4.32439E-1 5.21199E-1 5.80745E-1 8.35911E-1 4.86652E-1 5.22471E-1 6.6564E-1 6.65263E-1 5.13534E-1 5.20988E-1 7.84207E-1 7.8524E-1 7.9426E-1
1.33658E-1 1.38757E-1 1.64407E-1 1.54366E-1 1.94454E-1 1.59142E-1 1.45801E-1 1.78018E-1 1.76571E-1 2.06733E-1 1.20864E-1 1.20181E-1 1.52264E-1 1.29322E-1 1.31993E-1 1.3549E-1 1.47145E-1 1.60749E-1 2.29927E-1 2.12369E-1 4.02918E-1 4.95435E-1 2.90069E-1 1.94901E-1 2.07941E-1 3.3414E-1 2.83959E-1 3.62739E-1 2.82739E-1 4.36478E-1 4.08976E-1 3.51408E-1 4.27597E-1 3.55742E-1 4.02247E-1 5.52302E-1 6.40949E-1 7.34747E-1 7.72939E-1 7.67467E-1 6.16819E-1 6.10194E-1 4.72699E-1 5.3708E-1 3.79336E-1 4.07871E-1 5.60576E-1 4.47905E-1 4.38027E-1 4.84174E-1 7.20182E-1 8.00624E-1 6.27882E-1 5.14771E-1 5.00687E-1 5.26914E-1 5.0321E-1 4.96379E-1 6.03589E-1 7.01603E-1 7.64529E-1
1.46892E-1 1.30434E-1 1.23629E-1 2.02974E-1 1.76058E-1 1.44204E-1 1.25372E-1 2.32593E-1 3.52148E-1 1.48262E-1 1.19564E-1 1.52256E-1 1.34404E-1 1.23541E-1 1.30948E-1 1.57899E-1 3.26336E-1 3.75061E-1 3.97702E-1 2.8051E-1 5.36385E-1 4.78073E-1 2.22146E-1 1.48546E-1 2.88682E-1 1.86157E-1 1.53844E-1 1.68974E-1 2.51092E-1 3.74047E-1 4.47715E-1 4.4575E-1 4.88215E-1 3.16343E-1 3.24944E-1 3.6225E-1 6.42887E-1 7.36289E-1 7.64944E-1 6.76886E-1 7.62668E-1 7.69625E-1 6.54789E-1 7.67657E-1 7.44318E-1 3.99425E-1 3.96084E-1 4.29685E-1 4.45398E-1 4.63832E-1 5.12407E-1 5.35939E-1 5.29603E-1 5.26538E-1 5.0258E-1 4.99293E-1 5.20424E-1 4.82015E-1 5.29473E-1 7.73488E-1 5.7258E-1
1.32543E-1 1.27246E-1 1.13968E-1 1.13618E-1 2.19019E-1 1.44048E-1 1.41053E-1 2.86168E-1 2.18673E-1 1.16071E-1 1.19469E-1 1.16003E-1 1.18855E-1 1.2543E-1 1.35274E-1 1.63785E-1 2.03227E-1 1.95689E-1 1.82118E-1 1.91765E-1 3.24149E-1 4.15156E-1 2.17628E-1 2.24405E-1 1.81726E-1 1.80943E-1 2.76588E-1 3.00162E-1 3.63909E-1 4.21306E-1 4.2146E-1 4.31475E-1 3.37627E-1 3.47413E-1 2.56562E-1 2.62914E-1 3.2078E-1 3.01879E-1 3.77789E-1 5.13759E-1 4.28454E-1 3.9275E-1 5.67633E-1 6.33668E-1 6.77268E-1 6.59905E-1 7.27059E-1 5.67407E-1 4.87379E-1 4.51377E-1 5.07551E-1 5.18521E-1 4.98098E-1 4.71324E-1 4.96361E-1 5.253E-1 4.45546E-1 4.57782E-1 5.48628E-1 7.66115E-1 6.18062E-1
1.34792E-1 1.49772E-1 1.19975E-1 1.26834E-1 2.97283E-1 1.94851E-1 2.00504E-1 1.8221E-1 2.60728E-1 1.09394E-1 1.11815E-1 1.24701E-1 1.26723E-1 1.39374E-1 1.31127E-1 1.30216E-1 1.52349E-1 1.3378E-1 1.66094E-1 2.15349E-1 2.48098E-1 2.59708E-1 2.67492E-1 3.3916E-1 2.37062E-1 1.99769E-1 1.61084E-1 2.02949E-1 3.34609E-1 3.62726E-1 3.88949E-1 3.22542E-1 3.79674E-1 4.42802E-1 3.68255E-1 2.92857E-1 2.62479E-1 2.48027E-1 3.29861E-1 3.01626E-1 3.1577E-1 3.35591E-1 4.37625E-1 4.90237E-1 4.87607E-1 5.8301E-1 5.67221E-1 4.13921E-1 4.36888E-1 4.54333E-1 4.7964E-1 4.78188E-1 4.84048E-1 5.16919E-1 4.8828E-1 4.76909E-1 6.20673E-1 5.55341E-1 6.06206E-1 5.7136E-1 7.40686E-1
1.59529E-1 2.26286E-1 1.34379E-1 1.28805E-1 1.32426E-1 1.51512E-1 1.6667E-1 1.76631E-1 1.03499E-1 1.15381E-1 1.14736E-1 1.17558E-1 1.20495E-1 1.2307E-1 1.24974E-1 1.59711E-1 1.39014E-1 1.48775E-1 1.61276E-1 2.28764E-1 2.58561E-1 1.97389E-1 1.56238E-1 3.16355E-1 3.39097E-1 4.1726E-1 1.89444E-1 1.60135E-1 3.27096E-1 3.45415E-1 3.38397E-1 2.93008E-1 3.3914E-1 3.51022E-1 3.55931E-1 3.59739E-1 3.83445E-1 4.2216E-1 4.12961E-1 5.34206E-1 4.46615E-1 3.55183E-1 3.94143E-1 6.00224E-1 6.38306E-1 3.88624E-1 3.97886E-1 4.0131E-1 4.04967E-1 4.20695E-1 4.41233E-1 4.45748E-1 4.60246E-1 4.6712E-1 4.47556E-1 4.30052E-1 7.12966E-1 6.99201E-1 7.20977E-1 7.05382E-1 5.5541E-1
1.70521E-1 1.49359E-1 1.31846E-1 1.1306E-1 1.26727E-1 1.32046E-1 1.11969E-1 1.21499E-1 1.17523E-1 1.14113E-1 1.13952E-1 1.17814E-1 1.20293E-1 1.24575E-1 1.53702E-1 1.55873E-1 1.56195E-1 1.72755E-1 1.922E-1 2.11639E-1 2.56201E-1 2.68403E-1 1.93766E-1 2.84175E-1 2.83109E-1 4.09773E-1 1.79763E-1 1.49179E-1 1.45713E-1 3.89002E-1 3.79054E-1 4.16261E-1 3.58009E-1 3.17806E-1 3.92515E-1 4.18058E-1 4.03043E-1 3.59752E-1 4.17964E-1 4.16217E-1 5.61214E-1 5.82033E-1 5.61337E-1 6.1404E-1 5.15644E-1 3.5457E-1 3.49632E-1 3.29836E-1 3.36795E-1 3.71844E-1 3.93784E-1 4.10127E-1 4.36982E-1 4.23792E-1 4.21926E-1 6.76063E-1 5.86102E-1 4.95176E-1 6.13698E-1 6.12601E-1 5.44318E-1
1.80829E-1 1.60743E-1 1.26106E-1 1.11553E-1 1.39478E-1 1.43313E-1 1.05194E-1 1.07236E-1 1.3367E-1 2.2366E-1 1.12062E-1 1.1254E-1 1.49241E-1 1.2844E-1 1.30903E-1 1.86039E-1 1.95236E-1 1.9229E-1 1.67137E-1 2.03208E-1 2.26804E-1 2.98506E-1 2.92878E-1 3.22001E-1 3.56954E-1 3.06239E-1 2.78744E-1 1.79707E-1 1.58861E-1 1.80673E-1 2.55696E-1 3.07749E-1 2.84076E-1 4.10537E-1 3.57795E-1 2.74255E-1 3.16748E-1 4.21922E-1 3.13506E-1 4.88011E-1 5.30099E-1 5.90605E-1 6.10937E-1 5.67809E-1 3.40599E-1 3.8926E-1 3.8552E-1 3.91379E-1 3.05395E-1 3.34147E-1 3.61337E-1 3.80051E-1 4.10172E-1 3.79605E-1 6.06523E-1 6.80052E-1 5.32054E-1 5.97804E-1 6.5416E-1 6.71929E-1 5.14332E-1
1.82282E-1 1.974E-1 1.59647E-1 1.86088E-1 1.1891E-1 2.16446E-1 2.09139E-1 1.28841E-1 1.38195E-1 1.20931E-1 1.36272E-1 2.21168E-1 1.54519E-1 1.44246E-1 1.83858E-1 2.33667E-1 2.19451E-1 2.06558E-1 1.9856E-1 2.14915E-1 1.81081E-1 2.55558E-1 2.83615E-1 3.05373E-1 3.47368E-1 3.19829E-1 2.65106E-1 2.06052E-1 1.85803E-1 1.8478E-1 3.89753E-1 3.99202E-1 3.96728E-1 4.72379E-1 4.01251E-1 3.24315E-1 3.11219E-1 3.85156E-1 2.53612E-1 4.11898E-1 4.01477E-1 4.52659E-1 5.8115E-1 5.94277E-1 6.12474E-1 6.29841E-1 5.4578E-1 6.4445E-1 4.15025E-1 3.48754E-1 4.17248E-1 3.66835E-1 4.22304E-1 6.99436E-1 5.56614E-1 6.81588E-1 6.70007E-1 5.63678E-1 6.68346E-1 5.51699E-1 4.49115E-1
2.08994E-1 1.66575E-1 1.70559E-1 1.31003E-1 1.46349E-1 2.60948E-1 1.73242E-1 1.5785E-1 2.09052E-1 1.78701E-1 2.02624E-1 2.40181E-1 2.32432E-1 1.63949E-1 1.98754E-1 2.56219E-1 2.60302E-1 2.13282E-1 2.20457E-1 2.18253E-1 2.32493E-1 2.44765E-1 2.39773E-1 2.77316E-1 3.1023E-1 2.95833E-1 2.64821E-1 2.1529E-1 2.05351E-1 1.87834E-1 1.79818E-1 2.75335E-1 4.7051E-1 4.77283E-1 4.61096E-1 3.89613E-1 4.38182E-1 3.94918E-1 3.65772E-1 3.03004E-1 3.50973E-1 3.46759E-1 4.6197E-1 5.82106E-1 5.97039E-1 5.68913E-1 4.88493E-1 4.74591E-1 5.69278E-1 6.3005E-1 4.37596E-1 3.70654E-1 6.72137E-1 6.08535E-1 6.20441E-1 5.70784E-1 6.54636E-1 4.96872E-1 5.68184E-1 5.48179E-1 3.12175E-1
1.90793E-1 1.64095E-1 1.82827E-1 1.28941E-1 1.22206E-1 1.80075E-1 1.71142E-1 1.55121E-1 2.70983E-1 2.74253E-1 1.81232E-1 2.52259E-1 1.60403E-1 1.71388E-1 2.03832E-1 2.83258E-1 2.98583E-1 2.54767E-1 2.37837E-1 2.45192E-1 1.94428E-1 2.28017E-1 2.30452E-1 2.61417E-1 2.58297E-1 2.74124E-1 2.84788E-1 2.34395E-1 2.21387E-1 2.00884E-1 1.81706E-1 2.33091E-1 3.53806E-1 4.70957E-1 3.36277E-1 2.61298E-1 4.76736E-1 3.47055E-1 3.40293E-1 3.24342E-1 3.87895E-1 4.62732E-1 4.84296E-1 4.3931E-1 4.67095E-1 5.16295E-1 4.16243E-1 4.17621E-1 4.07353E-1 5.61776E-1 4.71617E-1 3.97993E-1 4.90552E-1 5.08093E-1 6.41221E-1 5.43944E-1 6.14713E-1 4.50154E-1 3.44025E-1 3.17664E-1 3.33002E-1
-9999 -9999 -9999 -9999 1.18181E-1 1.63662E-1 1.52756E-1 2.62512E-1 1.59942E-1 2.20737E-1 1.84122E-1 1.3856E-1 2.44069E-1 2.61614E-1 2.26859E-1 2.68102E-1 3.25633E-1 2.85893E-1 2.81934E-1 2.24808E-1 1.86284E-1 2.18938E-1 2.08685E-1 2.27617E-1 2.62297E-1 2.62045E-1 2.54822E-1 2.47772E-1 2.41306E-1 1.95534E-1 1.76496E-1 3.51777E-1 2.86162E-1 2.65399E-1 3.50112E-1 2.33069E-1 3.21903E-1 4.12658E-1 3.54698E-1 3.38075E-1 4.80236E-1 4.35199E-1 3.61935E-1 4.51722E-1 3.81061E-1 4.08877E-1 4.12179E-1 4.50238E-1 5.87164E-1 4.49842E-1 5.66267E-1 5.23389E-1 5.92237E-1 5.99446E-1 5.76528E-1 5.49191E-1 3.5831E-1 3.5122E-1 3.82121E-1 3.54158E-1 2.58625E-1
-9999 -9999 -9999 -9999 -9999 -9999 -9999 -9999 -9999 2.21536E-1 1.80293E-1 1.55282E-1 3.05843E-1 5.02113E-1 2.29001E-1 2.15842E-1 3.13004E-1 2.80188E-1 2.48397E-1 2.28099E-1 1.89806E-1 2.20574E-1 2.35953E-1 2.16813E-1 2.51346E-1 2.70856E-1 4.31254E-1 2.47846E-1 2.20723E-1 1.83033E-1 1.5622E-1 2.25818E-1 2.79856E-1 2.09105E-1 3.09587E-1 2.75498E-1 4.83435E-1 3.85346E-1 5.28403E-1 4.74911E-1 4.40809E-1 3.41875E-1 3.61381E-1 3.80967E-1 4.55371E-1 4.86648E-1 4.98062E-1 4.10261E-1 5.23763E-1 5.93635E-1 5.16056E-1 5.87828E-1 4.80625E-1 6.0193E-1 3.59117E-1 3.66714E-1 4.3744E-1 2.50541E-1 3.79714E-1 3.50847E-1 2.75812E-1
-9999 -9999 -9999 -9999 -9999 -9999 -9999 -9999 -9999 -9999 -9999 -9999 -9999 3.03662E-1 1.73968E-1 2.06008E-1 2.86418E-1 2.59829E-1 2.47252E-1 2.16685E-1 2.25117E-1 2.17203E-1 2.24871E-1 2.13122E-1 2.49937E-1 3.15257E-1 3.05186E-1 2.51984E-1 1.98299E-1 1.6453E-1 1.68982E-1 1.7067E-1 2.44601E-1 2.7512E-1 3.06625E-1 3.21831E-1 2.23125E-1 2.24379E-1 5.13278E-1 5.36587E-1 4.41045E-1 4.52865E-1 5.17366E-1 4.84636E-1 4.59162E-1 3.75133E-1 3.87054E-1 5.43017E-1 5.58451E-1 5.25675E-1 5.47948E-1 5.45715E-1 3.80356E-1 6.22203E-1 3.4767E-1 4.10461E-1 5.68672E-1 3.73288E-1 5.76869E-1 6.2142E-1 4.78101E-1
-9999 -9999 -9999 -9999 -9999 -9999 -9999 -9999 -9999 -9999 -9999 -9999 -9999 -9999 -9999 -9999 -9999 2.68546E-1 2.3832E-1 2.26982E-1 2.38765E-1 2.14059E-1 2.55329E-1 2.49658E-1 2.63168E-1 5.14231E-1 3.08612E-1 2.81054E-1 1.94503E-1 1.84556E-1 1.98578E-1 1.82802E-1 2.50146E-1 2.59915E-1 3.96459E-1 4.38134E-1 3.11695E-1 2.43114E-1 5.5131E-1 4.23304E-1 2.26232E-1 2.85354E-1 3.22455E-1 4.2608E-1 4.57212E-1 3.96542E-1 4.73334E-1 5.26241E-1 4.50313E-1 5.62399E-1 6.09703E-1 3.71916E-1 3.06185E-1 6.08202E-1 3.52748E-1 5.48763E-1 4.13989E-1 3.70036E-1 5.72917E-1 5.92162E-1 2.30998E-1
-9999 -9999 -9999 -9999 -9999 -9999 -9999 -9999 -9999 -9999 -9999 -9999 -9999 -9999 -9999 -9999 -9999 -9999 -9999 -9999 -9999 2.28937E-1 2.40043E-1 2.4921E-1 3.0467E-1 5.21894E-1 4.17583E-1 2.53066E-1 3.34039E-1 2.00437E-1 2.13583E-1 1.88829E-1 2.11917E-1 3.41046E-1 3.27071E-1 3.36733E-1 3.24841E-1 2.38757E-1 4.03258E-1 2.58077E-1 3.09603E-1 2.84777E-1 3.64005E-1 2.61056E-1 5.57451E-1 5.6547E-1 4.14554E-1 6.27083E-1 3.97832E-1 5.61787E-1 6.20476E-1 4.64001E-1 3.25912E-1 6.18575E-1 4.45514E-1 6.43625E-1 5.10776E-1 3.31846E-1 6.16785E-1 6.25922E-1 2.13528E-1
-9999 -9999 -9999 -9999 -9999 -9999 -9999 -9999 -9999 -9999 -9999 -9999 -9999 -9999 -9999 -9999 -9999 -9999 -9999 -9999 -9999 -9999 -9999 -9999 -9999 2.64341E-1 3.01045E-1 3.0762E-1 3.43805E-1 2.00959E-1 3.58493E-1 2.95833E-1 2.38814E-1 3.26703E-1 3.07449E-1 3.9375E-1 3.72608E-1 2.18833E-1 3.14027E-1 2.87569E-1 3.098E-1 3.06156E-1 3.24926E-1 2.3345E-1 2.89322E-1 3.32367E-1 5.00267E-1 3.72666E-1 2.65729E-1 5.64282E-1 5.74301E-1 4.59276E-1 3.02142E-1 4.96775E-1 5.61584E-1 5.37502E-1 5.59461E-1 3.69162E-1 4.61151E-1 6.01996E-1 4.79846E-1
-9999 -9999 -9999 -9999 -9999 -9999 -9999 -9999 -9999 -9999 -9999 -9999 -9999 -9999 -9999 -9999 -9999 -9999 -9999 -9999 -9999 -9999 -9999 -9999 -9999 -9999 -9999 -9999 -9999 -9999 3.80437E-1 2.24657E-1 2.32194E-1 3.95549E-1 4.21632E-1 2.94658E-1 3.10031E-1 2.86949E-1 2.83623E-1 2.99653E-1 3.43722E-1 3.21067E-1 3.22656E-1 2.76854E-1 3.10344E-1 3.90219E-1 6.18538E-1 3.45993E-1 4.44399E-1 5.7977E-1 3.33744E-1 4.06776E-1 4.35526E-1 4.09933E-1 6.32573E-1 4.98005E-1 4.3671E-1 6.21969E-1 5.59951E-1 4.99843E-1 5.67518E-1
-9999 -9999 -9999 -9999 -9999 -9999 -9999 -9999 -9999 -9999 -9999 -9999 -9999 -9999 -9999 -9999 -9999 -9999 -9999 -9999 -9999 -9999 -9999 -9999 -9999 -9999 -9999 -9999 -9999 -9999 -9999 -9999 -9999 -9999 3.19561E-1 3.02441E-1 3.0582E-1 2.67356E-1 2.5258E-1 4.6549E-1 3.21318E-1 2.95244E-1 3.58407E-1 3.14706E-1 4.06261E-1 3.91829E-1 5.77363E-1 4.47213E-1 6.1092E-1 5.716E-1 4.18711E-1 4.19756E-1 4.55358E-1 4.1556E-1 6.38852E-1 5.75332E-1 5.83411E-1 4.21126E-1 4.40806E-1 5.07851E-1 6.39579E-1
-9999 -9999 -9999 -9999 -9999 -9999 -9999 -9999 -9999 -9999 -9999 -9999 -9999 -9999 -9999 -9999 -9999 -9999 -9999 -9999 -9999 -9999 -9999 -9999 -9999 -9999 -9999 -9999 -9999 -9999 -9999 -9999 -9999 -9999 -9999 -9999 -9999 -9999 2.91557E-1 3.64774E-1 3.07741E-1 3.09975E-1 3.46828E-1 2.62763E-1 3.49243E-1 3.3591E-1 4.09978E-1 3.59295E-1 4.71397E-1 5.16553E-1 5.61927E-1 6.14611E-1 6.34221E-1 6.32753E-1 6.14152E-1 6.2569E-1 5.20516E-1 5.81054E-1 3.93172E-1 6.06811E-1 4.63705E-1
-9999 -9999 -9999 -9999 -9999 -9999 -9999 -9999 -9999 -9999 -9999 -9999 -9999 -9999 -9999 -9999 -9999 -9999 -9999 -9999 -9999 -9999 -9999 -9999 -9999 -9999 -9999 -9999 -9999 -9999 -9999 -9999 -9999 -9999 -9999 -9999 -9999 -9999 -9999 -9999 -9999 -9999 3.13459E-1 3.15286E-1 3.14279E-1 3.63356E-1 3.36538E-1 4.91058E-1 5.6893E-1 3.26404E-1 5.89768E-1 5.8E-1 5.16751E-1 6.10972E-1 5.5883E-1 6.0973E-1 5.61357E-1 5.73533E-1 3.94374E-1 4.60086E-1 4.20595E-1
-9999 -9999 -9999 -9999 -9999 -9999 -9999 -9999 -9999 -9999 -9999 -9999 -9999 -9999 -9999 -9999 -9999 -9999 -9999 -9999 -9999 -9999 -9999 -9999 -9999 -9999 -9999 -9999 -9999 -9999 -9999 -9999 -9999 -9999 -9999 -9999 -9999 -9999 -9999 -9999 -9999 -9999 -9999 -9999 -9999 -9999 3.19435E-1 4.3866E-1 5.8826E-1 5.19371E-1 5.92635E-1 5.57642E-1 6.1571E-1 5.71822E-1 6.29818E-1 5.92153E-1 5.85341E-1 5.38079E-1 6.35771E-1 4.36454E-1 4.26881E-1
-9999 -9999 -9999 -9999 -9999 -9999 -9999 -9999 -9999 -9999 -9999 -9999 -9999 -9999 -9999 -9999 -9999 -9999 -9999 -9999 -9999 -9999 -9999 -9999 -9999 -9999 -9999 -9999 -9999 -9999 -9999 -9999 -9999 -9999 -9999 -9999 -9999 -9999 -9999 -9999 -9999 -9999 -9999 -9999 -9999 -9999 -9999 -9999 -9999 -9999 -9999 4.82923E-1 5.81818E-1 6.12113E-1 5.72222E-1 5.43894E-1 5.91009E-1 6.14785E-1 4.24389E-1 5.57513E-1 4.83465E-1
-9999 -9999 -9999 -9999 -9999 -9999 -9999 -9999 -9999 -9999 -9999 -9999 -9999 -9999 -9999 -9999 -9999 -9999 -9999 -9999 -9999 -9999 -9999 -9999 -9999 -9999 -9999 -9999 -9999 -9999 -9999 -9999 -9999 -9999 -9999 -9999 -9999 -9999 -9999 -9999 -9999 -9999 -9999 -9999 -9999 -9999 -9999 -9999 -9999 -9999 -9999 -9999 -9999 -9999 -9999 5.9629E-1 5.40925E-1 4.617E-1 5.55596E-1 5.57522E-1 5.97987E-1
