Candidate_Models_July82022/M_0.7_F_lqp_Set_1_cal/Bison.asc
ncols         290
nrows         380
xllcorner     -2197417.7431653
yllcorner     -584827.01486885
cellsize      10000.0
NODATA_value  -9999
[rows 54 to 80 of 380, columns 61 to 121 of 290]
2.64578E-2 2.80255E-2 3.78736E-2 2.96254E-2 6.41182E-2 6.33202E-2 7.61071E-2 3.41554E-2 3.76456E-2 3.35585E-2 2.67082E-2 1.99857E-2 2.5396E-2 1.96624E-2 1.88702E-2 2.40521E-2 2.20499E-2 2.34246E-2 2.27506E-2 2.29223E-2 2.39698E-2 2.30152E-2 2.0724E-2 2.02032E-2 1.97693E-2 2.18584E-2 1.90991E-2 1.61685E-2 1.63854E-2 2.08986E-2 3.39857E-2 3.16732E-2 3.07284E-2 2.94432E-2 2.08232E-2 3.94822E-2 2.45995E-2 3.07248E-2 3.61412E-2 4.47666E-2 3.90061E-2 4.10725E-2 3.64761E-2 3.803E-2 3.86812E-2 2.66202E-2 3.08043E-2 3.96483E-2 3.76318E-2 3.94527E-2 4.56244E-2 3.84685E-2 2.09918E-2 2.25732E-2 4.05317E-2 5.89709E-2 6.38242E-2 6.17633E-2 5.26116E-2 5.58676E-2 2.56287E-2
2.64248E-2 2.61529E-2 3.73756E-2 2.92373E-2 2.75433E-2 3.15018E-2 3.60605E-2 3.93994E-2 3.29461E-2 3.44071E-2 3.42054E-2 2.6576E-2 3.01263E-2 1.97944E-2 2.12713E-2 2.03764E-2 2.23965E-2 2.27365E-2 2.43461E-2 2.41722E-2 2.32808E-2 2.26323E-2 2.08239E-2 2.39611E-2 2.15167E-2 1.98642E-2 1.97994E-2 2.33196E-2 1.89453E-2 1.56765E-2 2.29471E-2 2.87359E-2 2.22874E-2 2.86409E-2 3.40834E-2 2.52452E-2 3.48365E-2 4.12721E-2 3.81234E-2 4.12486E-2 3.02302E-2 4.4459E-2 3.61564E-2 3.65909E-2 3.94881E-2 3.09398E-2 2.70309E-2 2.62847E-2 3.58801E-2 4.52263E-2 4.83559E-2 5.93362E-2 3.01242E-2 3.43809E-2 4.69217E-2 6.27885E-2 5.82754E-2 6.27628E-2 6.45694E-2 4.75073E-2 3.44848E-2
3.10978E-2 2.59756E-2 4.26735E-2 2.97767E-2 2.588E-2 2.53501E-2 3.17194E-2 4.18835E-2 3.60535E-2 3.59763E-2 3.58801E-2 3.97766E-2 2.14725E-2 2.08483E-2 2.00215E-2 2.00583E-2 3.05794E-2 2.29015E-2 2.19594E-2 2.33624E-2 2.27722E-2 2.13524E-2 3.61825E-2 3.20941E-2 2.85985E-2 1.73152E-2 2.42435E-2 3.22927E-2 3.71349E-2 2.69194E-2 1.95272E-2 3.58433E-2 3.15642E-2 3.12887E-2 3.37614E-2 2.84856E-2 3.16237E-2 3.83875E-2 4.5394E-2 4.84554E-2 4.43692E-2 4.51858E-2 4.04113E-2 3.76369E-2 3.86974E-2 3.65823E-2 2.15995E-2 2.38367E-2 4.80463E-2 4.5792E-2 3.23811E-2 5.51403E-2 4.84482E-2 4.90022E-2 4.13622E-2 6.22925E-2 6.10102E-2 6.08786E-2 5.80096E-2 5.68574E-2 2.65967E-2
3.08058E-2 3.08926E-2 2.95638E-2 3.15363E-2 2.17276E-2 2.63153E-2 3.66311E-2 3.64829E-2 3.336E-2 3.74763E-2 2.92756E-2 2.64609E-2 2.9871E-2 2.41514E-2 2.22875E-2 3.19007E-2 2.80778E-2 2.61622E-2 2.33595E-2 2.35956E-2 2.19378E-2 2.00573E-2 2.19677E-2 2.80571E-2 3.44361E-2 1.86546E-2 2.06453E-2 1.9283E-2 3.04694E-2 3.75991E-2 3.54067E-2 2.71904E-2 3.10356E-2 2.62009E-2 3.69369E-2 3.35344E-2 3.93209E-2 4.19777E-2 4.63305E-2 4.26156E-2 3.89307E-2 3.69954E-2 4.88831E-2 3.68382E-2 2.79023E-2 3.26719E-2 3.38874E-2 4.29127E-2 5.02601E-2 3.93845E-2 2.77158E-2 5.466E-2 4.13797E-2 4.86718E-2 4.64214E-2 6.47148E-2 5.10787E-2 4.41408E-2 4.59897E-2 5.82209E-2 4.15826E-2
2.74357E-2 2.74335E-2 3.49942E-2 2.79654E-2 2.93824E-2 2.52086E-2 2.28344E-2 2.57257E-2 5.62645E-2 4.16287E-2 2.34231E-2 2.32203E-2 2.34542E-2 2.10205E-2 2.42052E-2 3.24243E-2 4.1797E-2 3.07524E-2 2.45098E-2 2.72579E-2 2.19867E-2 1.96384E-2 1.97555E-2 2.17086E-2 5.24311E-2 4.35428E-2 4.46909E-2 2.53023E-2 2.68623E-2 3.50549E-2 3.47693E-2 2.68546E-2 3.18764E-2 2.80819E-2 3.2171E-2 3.5787E-2 3.35913E-2 3.98904E-2 3.9149E-2 4.66996E-2 4.64361E-2 4.67358E-2 4.45208E-2 4.30718E-2 2.24363E-2 5.00496E-2 7.26894E-2 5.11341E-2 3.74139E-2 4.27714E-2 4.44922E-2 6.56649E-2 4.97202E-2 4.99545E-2 3.95939E-2 5.19951E-2 5.31733E-2 5.0438E-2 5.54525E-2 6.13556E-2 4.57842E-2
2.16738E-2 2.55164E-2 3.30317E-2 2.75296E-2 2.4158E-2 3.29108E-2 2.64971E-2 2.47871E-2 2.75233E-2 2.62579E-2 2.50102E-2 2.51131E-2 2.03253E-2 1.6556E-2 2.60008E-2 3.22847E-2 3.93245E-2 3.63645E-2 3.18621E-2 2.90697E-2 2.41775E-2 1.90115E-2 2.21092E-2 5.44181E-2 4.21058E-2 3.89265E-2 3.5779E-2 4.84632E-2 3.3361E-2 4.43746E-2 4.60578E-2 2.64951E-2 3.66663E-2 5.25947E-2 4.70031E-2 2.80262E-2 3.52123E-2 3.14886E-2 4.20361E-2 4.96058E-2 3.98893E-2 4.73665E-2 5.17454E-2 3.78191E-2 3.28368E-2 8.13087E-2 7.38395E-2 4.8626E-2 2.6767E-2 3.39887E-2 5.27016E-2 5.5912E-2 5.54375E-2 4.34571E-2 4.36189E-2 4.26302E-2 5.13578E-2 5.54799E-2 5.79966E-2 4.35185E-2 3.41754E-2
3.02352E-2 2.66754E-2 4.44967E-2 1.92015E-2 3.38605E-2 1.9553E-2 2.82776E-2 3.35318E-2 2.35189E-2 2.66198E-2 3.37933E-2 2.66333E-2 1.81675E-2 1.82598E-2 2.58497E-2 3.48478E-2 4.33405E-2 4.05022E-2 3.5106E-2 2.91571E-2 2.31442E-2 2.60259E-2 3.66751E-2 6.2494E-2 4.86912E-2 4.07966E-2 3.5493E-2 3.56308E-2 5.4925E-2 4.70958E-2 4.98572E-2 3.52649E-2 2.49387E-2 3.63429E-2 4.12898E-2 4.28986E-2 6.56786E-2 6.61691E-2 5.28719E-2 4.86679E-2 4.85024E-2 6.48614E-2 6.66485E-2 5.3571E-2 6.47516E-2 6.43561E-2 5.96866E-2 4.35512E-2 2.52504E-2 3.06073E-2 3.34308E-2 4.40751E-2 5.76814E-2 4.41883E-2 3.27624E-2 3.81365E-2 5.43253E-2 6.15424E-2 6.34148E-2 5.45005E-2 3.65295E-2
2.07367E-2 3.11038E-2 3.96961E-2 3.54592E-2 2.86796E-2 1.46217E-2 1.87999E-2 2.14392E-2 2.19401E-2 3.47139E-2 3.1721E-2 2.16033E-2 2.34572E-2 2.18147E-2 2.26667E-2 3.1418E-2 3.2579E-2 3.56828E-2 4.7134E-2 3.31317E-2 4.42142E-2 6.07829E-2 4.81463E-2 3.99314E-2 6.03279E-2 3.78781E-2 3.60177E-2 2.80669E-2 4.20709E-2 3.67735E-2 3.56818E-2 3.74059E-2 3.24578E-2 3.51168E-2 4.21372E-2 5.16192E-2 5.42739E-2 5.40789E-2 5.8021E-2 6.63078E-2 6.82134E-2 6.0255E-2 6.74387E-2 7.01537E-2 7.30827E-2 8.58504E-2 7.96755E-2 6.25654E-2 2.43048E-2 3.17526E-2 4.29456E-2 4.70608E-2 5.47769E-2 4.42637E-2 6.29274E-2 3.6524E-2 5.84796E-2 5.45206E-2 5.82846E-2 4.07907E-2 3.25813E-2
2.09037E-2 2.36227E-2 3.64738E-2 1.68435E-2 3.69167E-2 1.47945E-2 2.38271E-2 1.7029E-2 2.99017E-2 2.51162E-2 2.81032E-2 2.15861E-2 2.15609E-2 2.31968E-2 2.64057E-2 2.56584E-2 2.66333E-2 3.05446E-2 3.28799E-2 3.18361E-2 6.20032E-2 5.53719E-2 6.38487E-2 4.47437E-2 5.05443E-2 4.13516E-2 3.6308E-2 3.5356E-2 3.07471E-2 3.06941E-2 3.09954E-2 4.70483E-2 5.21565E-2 6.14777E-2 4.87089E-2 4.60561E-2 5.06342E-2 5.28431E-2 7.05057E-2 5.78713E-2 7.41225E-2 7.07288E-2 6.00451E-2 6.38375E-2 4.70415E-2 4.61483E-2 7.25582E-2 5.7282E-2 4.01272E-2 3.07069E-2 4.0577E-2 4.55003E-2 5.02736E-2 5.86449E-2 6.69069E-2 6.31144E-2 5.77467E-2 6.63616E-2 5.84688E-2 2.82712E-2 2.70855E-2
4.71478E-2 2.92462E-2 4.49779E-2 2.44515E-2 1.30656E-2 2.53354E-2 1.38659E-2 1.45257E-2 2.11528E-2 2.42166E-2 2.83041E-2 2.27944E-2 1.80643E-2 1.992E-2 2.37607E-2 2.58112E-2 2.76744E-2 2.8434E-2 3.91779E-2 4.40409E-2 3.09983E-2 3.44716E-2 3.66701E-2 3.31063E-2 3.41742E-2 5.65595E-2 3.78156E-2 2.11913E-2 2.07743E-2 3.70574E-2 4.88528E-2 4.89897E-2 5.26541E-2 5.32094E-2 6.15808E-2 5.56609E-2 4.73262E-2 4.20911E-2 5.93692E-2 6.53388E-2 8.54097E-2 6.59185E-2 7.27951E-2 8.33221E-2 6.69156E-2 5.04851E-2 4.9156E-2 5.55848E-2 7.48255E-2 6.03641E-2 5.2655E-2 5.07017E-2 4.41304E-2 6.60149E-2 6.84538E-2 7.37929E-2 7.54288E-2 8.20571E-2 5.38808E-2 4.17343E-2 2.99647E-2
2.62773E-2 1.54456E-2 1.64935E-2 3.77757E-2 1.54083E-2 7.42983E-3 2.00244E-2 2.83879E-2 2.14392E-2 3.04132E-2 3.56962E-2 2.5221E-2 2.50213E-2 1.63948E-2 3.3245E-2 2.24192E-2 4.69729E-2 7.72494E-2 4.67931E-2 3.96E-2 2.82833E-2 3.38186E-2 3.42026E-2 3.2083E-2 3.93102E-2 3.74378E-2 3.48178E-2 1.521E-2 2.14876E-2 3.5249E-2 5.03126E-2 4.03348E-2 5.1522E-2 5.51703E-2 5.89855E-2 6.94276E-2 3.31282E-2 4.24654E-2 6.54244E-2 7.72421E-2 7.19084E-2 6.76952E-2 6.86087E-2 5.36705E-2 6.30129E-2 3.14648E-2 6.43885E-2 6.53206E-2 7.04907E-2 7.5087E-2 5.58349E-2 4.49626E-2 4.09144E-2 4.01761E-2 5.4012E-2 7.51888E-2 9.9353E-2 4.40551E-2 3.06203E-2 2.61807E-2 2.66905E-2
2.51549E-2 2.5243E-2 2.23166E-2 4.85777E-2 1.54543E-2 2.68195E-2 1.09645E-2 1.92784E-2 1.29833E-2 1.67271E-2 9.12518E-3 1.84687E-2 2.09129E-2 1.83025E-2 2.18947E-2 2.99118E-2 2.78182E-2 6.47813E-2 4.35297E-2 5.35382E-2 3.29672E-2 2.95747E-2 3.75881E-2 2.96015E-2 3.45291E-2 4.39396E-2 3.64393E-2 2.36398E-2 2.15158E-2 3.75641E-2 3.42722E-2 4.21459E-2 3.92659E-2 1.0561E-1 5.97562E-2 6.29461E-2 6.89163E-2 5.24459E-2 4.6805E-2 4.64247E-2 3.52245E-2 5.88492E-2 5.32276E-2 4.83472E-2 4.83372E-2 5.93986E-2 5.80075E-2 7.43784E-2 7.36498E-2 6.70487E-2 6.32379E-2 1.1633E-1 6.0731E-2 6.68506E-2 5.15975E-2 7.18581E-2 6.1596E-2 3.30025E-2 3.13545E-2 2.55078E-2 2.81386E-2
2.51177E-2 3.35817E-2 4.46366E-2 3.65279E-2 1.74006E-2 2.66531E-2 2.32398E-2 1.57242E-2 2.93192E-2 2.37271E-2 1.50318E-2 2.2879E-2 3.69279E-2 1.80029E-2 2.41432E-2 2.73932E-2 2.59676E-2 2.07651E-2 2.95975E-2 3.48275E-2 3.34958E-2 2.80606E-2 3.99526E-2 3.1113E-2 3.41663E-2 4.50937E-2 2.98181E-2 3.83438E-2 2.49018E-2 3.38815E-2 3.62219E-2 8.85611E-2 3.3059E-2 5.17291E-2 4.96903E-2 6.24916E-2 3.95827E-2 6.25328E-2 8.01898E-2 4.73622E-2 2.6922E-2 3.86115E-2 5.21894E-2 5.08165E-2 5.98304E-2 5.24097E-2 6.18858E-2 7.37415E-2 7.69253E-2 7.00893E-2 7.5178E-2 6.17928E-2 5.92057E-2 6.75038E-2 5.25728E-2 3.86645E-2 7.03363E-2 7.16093E-2 6.2155E-2 5.21331E-2 3.82842E-2
2.22942E-2 2.19439E-2 2.1151E-2 5.50904E-2 3.77954E-2 2.53774E-2 1.05442E-2 3.68701E-2 2.5283E-2 2.94171E-2 3.25992E-2 2.48032E-2 2.47317E-2 1.91143E-2 3.6521E-2 3.20824E-2 2.30534E-2 1.93128E-2 2.15653E-2 2.42422E-2 2.30382E-2 3.51126E-2 3.79269E-2 3.64883E-2 3.94228E-2 4.5544E-2 2.25362E-2 2.11469E-2 2.56037E-2 3.27735E-2 3.58829E-2 3.44134E-2 4.03607E-2 7.90283E-2 6.13714E-2 5.76745E-2 5.47363E-2 7.10715E-2 7.34264E-2 5.57139E-2 4.80298E-2 3.35697E-2 7.00621E-2 6.57129E-2 1.02649E-1 7.60384E-2 4.31294E-2 3.53424E-2 3.95543E-2 5.73579E-2 4.6943E-2 6.15521E-2 4.72107E-2 3.45623E-2 3.82241E-2 3.76419E-2 3.79141E-2 4.24806E-2 4.59511E-2 4.25018E-2 5.12629E-2
3.59405E-2 2.1527E-2 4.01419E-2 6.21714E-2 4.82019E-2 4.4785E-2 8.54869E-3 4.00047E-2 2.3487E-2 1.46244E-2 3.33828E-2 2.12468E-2 3.25607E-2 3.34264E-2 3.6098E-2 3.22143E-2 2.66531E-2 2.83285E-2 2.20944E-2 1.70155E-2 1.52853E-2 1.52983E-2 2.89532E-2 4.38172E-2 4.05889E-2 4.07856E-2 1.92713E-2 1.66064E-2 2.96573E-2 2.39266E-2 2.63981E-2 1.88098E-2 3.2337E-2 7.58325E-2 7.26752E-2 8.09135E-2 6.07046E-2 7.09657E-2 7.26504E-2 6.35725E-2 9.84471E-2 1.02286E-1 6.84498E-2 5.66391E-2 6.96753E-2 1.11236E-1 2.89795E-2 2.8595E-2 3.11154E-2 3.44248E-2 3.32664E-2 3.21769E-2 3.21395E-2 3.22444E-2 3.44116E-2 3.65963E-2 3.8539E-2 3.69615E-2 3.44298E-2 3.46727E-2 3.61407E-2
5.99566E-2 2.56242E-2 4.06255E-2 4.54896E-2 3.38667E-2 2.93136E-2 3.31424E-2 3.97993E-2 2.22359E-2 1.7026E-2 3.40419E-2 2.7852E-2 3.12847E-2 4.5013E-2 2.51071E-2 2.17668E-2 1.57927E-2 1.3666E-2 2.00366E-2 1.7429E-2 2.11433E-2 1.54402E-2 1.68462E-2 4.55566E-2 4.35208E-2 3.685E-2 3.41944E-2 3.20499E-2 6.02183E-2 3.42589E-2 2.23121E-2 2.99482E-2 4.19743E-2 5.2825E-2 6.65612E-2 7.07971E-2 8.44408E-2 6.80148E-2 7.175E-2 1.01726E-1 8.56168E-2 1.17575E-1 8.59179E-2 5.61234E-2 5.17125E-2 8.52745E-2 2.86346E-2 3.05674E-2 6.6221E-2 9.80595E-2 5.75516E-2 3.36268E-2 3.43003E-2 3.62992E-2 4.5892E-2 4.02217E-2 4.08448E-2 3.88197E-2 3.43081E-2 3.54288E-2 3.58003E-2
6.52445E-2 3.90868E-2 2.86279E-2 4.62108E-2 3.62616E-2 2.83208E-2 3.06661E-2 3.46601E-2 2.34972E-2 3.9332E-2 2.99028E-2 1.83494E-2 3.0929E-2 3.5723E-2 2.89664E-2 2.38795E-2 1.74333E-2 1.63605E-2 1.35898E-2 1.34863E-2 1.01355E-2 1.28237E-2 1.78333E-2 1.18504E-2 2.36355E-2 2.25436E-2 2.87594E-2 3.4494E-2 3.96088E-2 3.88302E-2 3.09361E-2 2.4402E-2 3.94527E-2 5.90593E-2 9.37752E-2 1.01471E-1 8.24183E-2 8.26846E-2 6.9396E-2 8.06645E-2 6.75515E-2 8.23205E-2 7.84309E-2 7.26394E-2 4.7957E-2 4.03748E-2 4.52745E-2 4.24225E-2 6.74485E-2 8.61242E-2 1.11397E-1 5.47212E-2 5.72208E-2 6.16835E-2 4.39585E-2 6.33954E-2 7.34788E-2 5.9831E-2 8.74833E-2 3.55394E-2 3.8185E-2
1.16185E-1 8.32435E-2 6.56324E-2 2.89426E-2 4.16012E-2 3.27896E-2 3.2043E-2 4.18436E-2 6.04355E-2 1.87605E-2 3.17758E-2 2.79642E-2 4.22609E-2 3.13418E-2 3.11699E-2 2.17943E-2 1.94855E-2 1.8847E-2 2.28232E-2 2.04146E-2 1.38372E-2 1.24634E-2 1.59048E-2 1.52749E-2 1.83684E-2 2.12994E-2 1.53015E-2 2.74321E-2 3.20662E-2 3.50754E-2 4.24913E-2 4.01864E-2 4.01329E-2 5.57391E-2 9.9238E-2 8.52584E-2 8.36197E-2 6.70827E-2 9.01232E-2 6.17214E-2 7.13677E-2 7.35099E-2 7.5372E-2 6.07557E-2 5.17013E-2 7.46028E-2 7.56153E-2 5.11817E-2 7.18035E-2 6.51364E-2 8.02334E-2 9.05206E-2 1.02922E-1 1.17219E-1 6.02643E-2 9.64193E-2 1.10529E-1 8.93715E-2 9.21395E-2 6.32372E-2 4.22001E-2
7.77495E-2 7.82081E-2 4.899E-2 5.44531E-2 5.45736E-2 4.70978E-2 4.59663E-2 4.49832E-2 5.74082E-2 2.30785E-2 1.67749E-2 2.73738E-2 4.6073E-2 1.82658E-2 4.88595E-2 2.03104E-2 2.40829E-2 2.08247E-2 1.76125E-2 2.62171E-2 2.03585E-2 1.62053E-2 2.39205E-2 1.56028E-2 1.34246E-2 1.93073E-2 9.88589E-3 1.56584E-2 3.03972E-2 3.98845E-2 4.52628E-2 5.76152E-2 5.08411E-2 7.03151E-2 1.42201E-1 9.57549E-2 6.49358E-2 4.89901E-2 7.7229E-2 6.5815E-2 6.38424E-2 5.96745E-2 6.48112E-2 7.38881E-2 4.925E-2 6.13327E-2 7.31772E-2 5.46135E-2 6.24354E-2 6.88518E-2 4.57408E-2 8.23517E-2 9.20371E-2 9.44247E-2 7.99191E-2 9.75552E-2 6.36682E-2 6.90643E-2 6.20259E-2 1.5707E-1 8.95283E-2
1.465E-1 4.99668E-2 5.39666E-2 6.94624E-2 3.07421E-2 3.06306E-2 5.43367E-2 3.76416E-2 6.14716E-2 3.60364E-2 2.86773E-2 1.71322E-2 1.99314E-2 3.08844E-2 2.10724E-2 1.62582E-2 2.61298E-2 1.1492E-2 2.11155E-2 2.17258E-2 1.56102E-2 2.1337E-2 1.58677E-2 2.10876E-2 1.16657E-2 1.61457E-2 1.72294E-2 1.66697E-2 2.69985E-2 2.62457E-2 4.41908E-2 5.18777E-2 7.61223E-2 5.02389E-2 8.08348E-2 1.07454E-1 1.20307E-1 6.124E-2 7.05414E-2 7.01663E-2 7.05783E-2 4.29713E-2 4.93068E-2 6.53616E-2 4.71415E-2 6.14449E-2 7.38605E-2 5.38894E-2 5.77972E-2 7.32543E-2 5.02075E-2 5.17262E-2 7.82383E-2 8.63583E-2 7.37124E-2 8.1299E-2 5.5916E-2 5.46223E-2 4.62645E-2 1.28134E-1 1.65604E-1
6.5777E-2 2.67996E-2 3.25494E-2 3.23385E-2 5.14063E-2 5.2978E-2 2.56384E-2 5.22746E-2 4.13659E-2 4.47898E-2 2.70382E-2 2.05726E-2 2.26924E-2 1.58292E-2 1.85089E-2 1.58962E-2 1.43299E-2 1.87048E-2 1.64104E-2 1.02573E-2 1.78422E-2 3.0193E-2 3.02735E-2 2.56786E-2 1.72407E-2 1.59708E-2 1.10547E-2 1.63075E-2 1.81587E-2 2.40542E-2 4.86409E-2 6.64794E-2 6.97854E-2 7.24795E-2 5.81502E-2 6.49072E-2 8.95752E-2 7.71904E-2 3.52894E-2 7.51765E-2 4.59314E-2 5.00833E-2 2.84186E-2 5.81948E-2 8.2088E-2 6.06639E-2 9.40203E-2 7.45278E-2 7.23381E-2 7.39492E-2 7.32283E-2 7.68744E-2 6.2722E-2 7.70967E-2 8.58679E-2 4.97763E-2 4.5989E-2 3.15262E-2 4.00838E-2 6.78042E-2 1.05804E-1
5.71092E-2 6.86455E-2 4.23332E-2 2.49928E-2 2.10059E-2 3.0538E-2 2.2585E-2 5.14057E-2 3.26931E-2 3.85395E-2 3.96734E-2 2.52705E-2 2.12706E-2 9.75561E-3 1.8832E-2 2.27813E-2 1.90975E-2 2.29405E-2 2.45649E-2 2.26934E-2 1.96814E-2 1.47141E-2 2.00781E-2 2.12068E-2 2.25568E-2 1.55222E-2 1.40705E-2 1.63522E-2 1.45081E-2 2.08645E-2 3.13918E-2 6.39259E-2 8.09167E-2 7.45071E-2 6.79714E-2 5.5796E-2 7.58414E-2 9.96559E-2 5.58768E-2 4.56537E-2 5.39048E-2 4.304E-2 6.40653E-2 5.54146E-2 7.97808E-2 6.70477E-2 8.20078E-2 8.15012E-2 8.76194E-2 6.70897E-2 8.9257E-2 7.56697E-2 5.08227E-2 7.93981E-2 6.99374E-2 4.35593E-2 7.6977E-2 4.91714E-2 3.44545E-2 4.20177E-2 6.79132E-2
5.20382E-2 3.82595E-2 2.81233E-2 8.05431E-3 2.53563E-2 2.51469E-2 2.23253E-2 2.41226E-2 2.75288E-2 3.58844E-2 1.76629E-2 1.38892E-2 2.51961E-2 1.64572E-2 1.56433E-2 2.07962E-2 1.59161E-2 1.46931E-2 2.07802E-2 2.49502E-2 2.11932E-2 2.05828E-2 1.56359E-2 2.05505E-2 2.42062E-2 1.75424E-2 1.20136E-2 1.57893E-2 1.40336E-2 2.21792E-2 2.08712E-2 3.98317E-2 6.5115E-2 6.42527E-2 7.5716E-2 7.42095E-2 5.37976E-2 8.53667E-2 7.93972E-2 6.89666E-2 5.88167E-2 4.72532E-2 5.72813E-2 5.43905E-2 8.00692E-2 9.34109E-2 9.36236E-2 8.24891E-2 6.56508E-2 8.03747E-2 6.96708E-2 7.229E-2 5.4173E-2 7.53939E-2 5.09494E-2 5.67584E-2 5.71391E-2 4.45182E-2 3.93548E-2 4.12643E-2 4.24813E-2
2.14376E-2 3.99352E-2 3.78342E-2 8.68758E-3 1.4616E-2 1.28382E-2 1.71271E-2 1.97792E-2 1.96663E-2 1.75023E-2 2.16598E-2 3.02541E-2 2.41055E-2 1.22488E-2 2.23521E-2 1.94579E-2 1.61956E-2 1.8453E-2 2.06223E-2 2.2015E-2 2.87613E-2 2.22193E-2 2.8329E-2 1.80898E-2 1.98518E-2 1.20009E-2 1.97516E-2 1.90179E-2 1.87724E-2 1.61563E-2 2.69012E-2 3.13622E-2 5.56742E-2 5.23782E-2 7.37538E-2 7.35211E-2 5.33199E-2 8.22198E-2 5.99819E-2 8.38593E-2 5.39779E-2 4.18007E-2 4.73857E-2 6.01407E-2 5.5809E-2 1.0748E-1 9.99972E-2 7.3232E-2 8.17874E-2 8.47591E-2 7.39099E-2 7.13662E-2 1.24382E-1 8.32369E-2 6.01157E-2 5.86107E-2 4.22088E-2 4.21802E-2 4.45244E-2 4.56038E-2 4.69728E-2
3.10034E-2 2.68826E-2 3.49398E-2 1.70349E-2 2.14518E-2 1.78238E-2 1.22649E-2 3.72884E-2 3.18332E-2 1.89219E-2 3.24227E-2 2.25032E-2 2.23202E-2 1.95938E-2 1.95936E-2 3.17797E-2 2.26251E-2 2.37326E-2 1.38249E-2 1.74261E-2 3.2398E-2 2.09623E-2 2.75427E-2 2.1488E-2 2.16398E-2 1.66979E-2 1.83779E-2 2.03984E-2 2.11156E-2 2.33208E-2 2.36153E-2 2.28667E-2 3.66917E-2 6.45612E-2 5.78927E-2 7.16435E-2 6.44731E-2 7.24706E-2 5.21838E-2 6.17823E-2 5.0246E-2 6.2434E-2 6.92533E-2 5.83428E-2 6.08464E-2 6.79911E-2 5.70671E-2 8.53809E-2 7.29978E-2 7.10969E-2 7.45678E-2 7.28692E-2 8.6425E-2 4.69624E-2 3.4812E-2 3.78831E-2 4.23237E-2 4.78711E-2 4.86673E-2 4.88978E-2 4.63667E-2
1.55856E-2 7.62864E-2 4.48445E-2 1.53743E-2 3.41968E-2 1.1061E-2 8.44592E-3 1.72139E-2 2.18236E-2 1.70625E-2 1.36584E-2 2.4905E-2 2.1032E-2 1.45579E-2 1.91431E-2 2.1541E-2 1.99198E-2 2.69853E-2 2.24887E-2 5.35624E-2 2.59276E-2 2.93497E-2 3.25975E-2 1.9149E-2 1.96134E-2 1.81763E-2 1.69945E-2 2.07366E-2 3.3292E-2 3.13783E-2 2.99729E-2 3.51811E-2 2.99036E-2 6.89832E-2 6.70113E-2 8.9042E-2 9.18519E-2 5.22737E-2 7.14677E-2 3.79678E-2 5.7059E-2 5.26545E-2 6.58638E-2 5.4393E-2 5.92678E-2 5.79077E-2 6.64714E-2 1.01112E-1 7.28028E-2 7.20156E-2 7.41691E-2 7.7229E-2 8.73934E-2 4.52337E-2 3.92733E-2 4.31639E-2 4.65939E-2 5.04936E-2 4.8582E-2 4.83418E-2 4.67159E-2
3.34725E-2 4.93859E-2 3.67062E-2 2.43426E-2 5.72736E-2 2.45739E-2 2.88767E-2 1.0419E-2 2.24581E-2 2.0814E-2 1.43365E-2 1.32567E-2 1.74115E-2 1.13629E-2 2.73855E-2 1.58589E-2 1.61697E-2 1.99084E-2 2.41994E-2 3.00004E-2 3.33636E-2 2.88723E-2 2.44585E-2 2.15549E-2 1.62471E-2 2.22038E-2 1.94733E-2 2.38149E-2 2.23528E-2 2.76888E-2 2.50779E-2 2.73512E-2 4.29573E-2 5.5515E-2 4.31631E-2 8.55003E-2 8.30742E-2 3.80587E-2 4.96316E-2 3.79875E-2 5.66697E-2 6.79253E-2 5.63335E-2 5.65151E-2 5.7332E-2 5.62997E-2 7.46985E-2 1.17511E-1 1.05065E-1 5.46221E-2 5.68103E-2 7.24162E-2 6.88617E-2 4.10178E-2 4.28823E-2 4.50673E-2 4.98194E-2 4.69974E-2 4.87749E-2 4.52777E-2 5.4646E-2
