Candidate_Models_July82022/M_0.7_F_lqp_Set_1_cal/Bison.asc
ncols         290
nrows         380
xllcorner     -2197417.7431653
yllcorner     -584827.01486885
cellsize      10000.0
NODATA_value  -9999
[rows 297 to 323 of 380, columns 61 to 121 of 290]
1.3259E-1 1.11321E-1 3.20454E-1 2.03437E-1 2.69732E-1 3.28885E-1 2.93603E-1 3.14823E-1 2.50198E-1 1.56037E-1 3.21158E-1 2.88083E-1 1.54565E-1 1.96188E-1 2.43352E-1 2.43845E-1 2.78412E-1 2.71648E-1 1.20528E-1 4.21729E-2 6.08505E-2 8.25656E-2 8.821E-2 9.74902E-2 1.54853E-1 4.075E-1 3.31492E-1 2.76796E-1 2.54743E-1 4.15633E-1 2.60228E-1 2.09918E-1 5.24872E-1 4.24686E-1 4.04296E-1 4.7004E-1 4.21514E-1 1.31221E-1 5.2008E-2 7.15701E-2 8.8176E-2 1.23097E-1 9.14826E-2 3.19329E-2 1.07644E-1 7.03922E-2 3.08415E-2 1.29698E-1 1.31277E-1 3.10035E-1 5.0979E-1 6.15052E-1 6.28722E-2 6.55493E-2 2.25686E-1 3.77113E-1 5.55015E-1 1.84348E-1 5.66353E-2 9.35963E-2 7.10591E-1
1.19584E-1 2.74783E-1 2.4514E-1 1.04176E-1 2.38595E-1 3.18506E-1 2.32252E-1 2.55969E-1 2.50073E-1 1.38155E-1 1.99128E-1 2.61817E-1 3.11889E-1 2.77657E-1 2.98506E-1 4.22943E-1 1.95641E-1 1.27408E-1 6.35709E-2 5.22368E-2 1.31077E-1 1.18497E-1 1.44802E-1 1.18089E-1 1.15103E-1 1.43253E-1 1.64478E-1 1.21367E-1 1.85629E-1 1.41272E-1 2.86622E-1 2.04243E-1 2.17337E-1 4.71303E-1 4.57744E-1 4.63958E-1 2.46054E-1 5.63763E-2 3.53332E-2 4.72599E-2 6.1533E-2 1.14136E-1 9.1183E-2 1.16974E-1 8.72897E-2 9.54582E-2 1.15792E-1 7.03364E-2 2.04095E-1 4.49647E-1 5.55218E-1 4.44485E-1 9.34788E-2 5.63895E-2 2.08101E-1 6.87097E-1 7.09323E-1 5.09701E-2 8.19297E-2 1.08816E-1 7.30911E-1
7.40528E-2 1.28606E-1 3.35263E-1 1.00538E-1 2.40218E-1 3.38538E-1 1.87267E-1 1.52155E-1 3.73933E-1 2.60469E-1 2.1881E-1 1.87093E-1 2.14207E-1 3.38392E-1 4.30073E-1 2.70735E-1 1.19693E-1 1.28957E-1 9.03403E-2 1.28328E-1 3.97E-1 3.5673E-1 2.1783E-1 2.44746E-1 1.18877E-1 1.31213E-1 2.56472E-1 2.44195E-1 1.55197E-1 1.6395E-1 2.10544E-1 2.95852E-1 3.35188E-1 4.36657E-1 1.10007E-1 1.51196E-1 7.18845E-2 2.67448E-2 5.22979E-2 3.13529E-2 3.04374E-2 5.22695E-2 4.58267E-2 2.48166E-2 1.24636E-1 7.79711E-2 7.84476E-2 3.23417E-2 2.13634E-1 4.46789E-1 5.34326E-1 2.24355E-1 1.43145E-1 8.89474E-2 3.23E-1 7.27762E-1 6.08158E-1 1.0682E-1 7.56883E-2 6.28762E-1 6.47462E-1
9.46166E-2 1.47021E-1 1.11023E-1 1.58217E-1 1.24104E-1 1.9477E-1 1.64744E-1 3.02999E-1 2.65325E-1 1.78141E-1 1.53198E-1 2.01057E-1 1.69269E-1 3.18673E-1 2.82859E-1 1.81523E-1 1.11669E-1 1.16803E-1 1.01841E-1 4.13473E-1 4.19543E-1 2.51065E-1 2.6311E-1 5.69872E-1 3.45537E-1 2.14893E-1 5.013E-1 5.84687E-1 2.6157E-1 1.79791E-1 2.13469E-1 2.6329E-1 2.04383E-1 3.2064E-1 7.05939E-2 6.91987E-2 9.39026E-2 7.07814E-2 6.17919E-2 1.19945E-1 3.58461E-2 5.35315E-2 5.9988E-2 4.41545E-2 1.30106E-1 3.86191E-2 8.77564E-2 5.9151E-2 1.46022E-1 5.38409E-1 4.22162E-1 2.50713E-1 2.25097E-1 6.42762E-2 1.81467E-1 3.90682E-1 1.31725E-1 2.24829E-1 4.83599E-1 6.32925E-1 7.12809E-1
9.95614E-2 1.33244E-1 1.27703E-1 2.1671E-1 2.0615E-1 1.4188E-1 1.45353E-1 1.5969E-1 1.53098E-1 1.03131E-1 2.13397E-1 2.44538E-1 1.64752E-1 1.40509E-1 1.59954E-1 1.62357E-1 1.33905E-1 1.30547E-1 4.15499E-1 3.30843E-1 1.84382E-1 8.78059E-2 7.11123E-2 5.42105E-1 6.5214E-1 6.51692E-1 6.21426E-1 6.21636E-1 2.13368E-1 2.01683E-1 1.73079E-1 1.36126E-1 2.47913E-1 2.33484E-1 4.45014E-2 1.37951E-2 5.08604E-2 4.45774E-2 3.86073E-2 6.62664E-2 5.18957E-2 3.00332E-2 2.00058E-2 6.22865E-2 7.75874E-2 6.42323E-2 6.87893E-2 1.13859E-1 2.35663E-1 5.0952E-1 4.83711E-1 3.01524E-1 1.39208E-1 6.35675E-2 1.18858E-1 7.33939E-2 1.4098E-1 2.66841E-1 4.54683E-1 6.27802E-1 6.21296E-1
9.38174E-2 1.15633E-1 1.29686E-1 1.43489E-1 1.5594E-1 1.58234E-1 1.60621E-1 1.31428E-1 1.21548E-1 1.16365E-1 1.50486E-1 3.56319E-1 3.02576E-1 1.86294E-1 1.80354E-1 3.06978E-1 1.89595E-1 2.29567E-1 4.46671E-1 3.18977E-1 4.51946E-1 2.95816E-2 2.76135E-2 1.35241E-1 6.494E-1 6.69315E-1 4.67274E-1 4.45956E-1 1.70692E-1 1.17842E-1 2.00643E-1 1.62692E-1 1.93389E-1 4.69177E-2 4.69079E-2 1.34663E-2 2.33226E-2 2.39912E-2 2.18808E-2 6.6146E-2 4.04858E-2 1.43879E-2 5.19229E-2 6.27955E-2 1.11236E-1 7.92675E-2 1.05112E-1 2.33172E-1 2.85923E-1 1.63478E-1 5.71823E-1 5.11546E-1 1.83991E-1 2.49984E-1 9.84526E-2 5.16621E-2 1.78652E-1 4.58839E-1 4.61904E-1 3.19341E-1 5.92192E-1
9.10672E-2 9.71966E-2 9.45473E-2 1.09668E-1 1.1332E-1 1.15319E-1 1.05741E-1 1.06808E-1 8.7294E-2 1.28396E-1 1.49474E-1 2.20034E-1 2.73808E-1 1.25038E-1 1.70436E-1 1.56394E-1 8.19817E-2 1.12355E-1 3.16589E-1 4.19102E-1 4.06268E-1 2.24065E-2 3.88788E-2 6.05057E-2 1.89692E-1 6.56726E-1 5.61039E-1 5.21535E-1 1.88419E-1 3.05848E-1 1.29894E-1 1.61766E-1 2.10906E-1 9.41567E-2 2.62135E-2 5.7977E-2 9.96754E-2 1.01134E-1 7.74413E-2 6.06607E-2 3.8403E-2 1.11551E-1 5.81413E-2 4.49099E-2 8.05866E-2 8.46774E-2 5.79453E-2 1.30674E-1 1.08153E-1 5.00945E-2 1.7876E-1 1.03206E-1 2.93322E-1 2.66663E-1 1.89507E-1 5.56103E-1 6.61515E-1 5.05812E-1 1.13126E-1 1.72988E-1 6.29308E-1
0E0 7.17517E-2 5.66215E-2 5.88332E-2 6.03087E-2 1.15531E-1 1.01086E-1 7.53044E-2 9.10228E-2 1.29463E-1 1.37851E-1 1.60532E-1 2.39584E-1 1.30632E-1 1.20373E-1 1.31953E-1 6.3214E-2 7.74354E-2 3.09824E-1 4.24705E-1 3.52971E-1 3.47638E-2 2.2977E-2 5.64676E-2 6.07187E-2 1.29816E-1 2.22623E-1 1.91225E-1 1.6537E-1 1.24161E-1 1.0717E-1 1.9694E-1 1.52662E-1 1.72434E-1 1.49881E-1 9.72809E-2 2.11944E-1 2.06966E-1 6.94723E-2 1.28932E-1 7.70734E-2 1.69982E-1 1.08579E-1 9.45708E-2 2.38267E-1 1.83368E-1 2.8123E-2 2.5738E-1 2.2145E-1 1.42609E-1 6.08747E-2 6.2928E-2 1.33557E-1 7.36582E-1 7.3677E-1 7.36953E-1 1.96967E-1 1.53574E-1 6.95451E-1 1.68774E-1 7.55708E-1
7.29258E-2 9.45843E-2 1.31577E-1 1.09006E-1 9.48678E-2 9.09649E-2 1.11333E-1 9.50656E-2 1.01824E-1 1.22759E-1 1.35853E-1 1.29707E-1 9.97298E-2 1.1367E-1 8.40274E-2 7.13689E-2 4.7462E-2 2.51451E-1 5.42111E-1 4.03196E-1 1.93806E-1 7.16988E-2 6.56527E-2 1.15874E-1 1.1369E-1 1.21571E-1 4.06412E-2 7.63623E-2 1.2211E-1 1.13562E-1 9.64755E-2 2.04838E-1 6.29528E-2 5.78988E-2 1.81389E-2 1.77532E-1 9.18951E-2 1.56248E-1 1.50683E-1 6.0105E-2 1.48259E-1 2.8915E-1 1.89618E-1 5.69135E-2 1.31011E-1 1.26655E-1 5.01036E-2 1.21344E-1 7.99133E-2 9.51057E-2 1.72291E-1 3.89133E-2 2.82809E-1 7.3187E-1 8.17509E-1 3.06804E-1 1.17272E-1 2.63546E-1 1.78772E-1 4.61593E-1 6.86708E-1
7.89699E-2 1.30339E-1 1.50972E-1 1.63519E-1 8.29045E-2 1.78525E-1 8.47583E-2 1.28299E-1 1.42798E-1 1.40972E-1 1.16489E-1 1.57119E-1 1.05881E-1 9.40447E-2 8.46271E-2 1.16714E-1 1.28842E-1 3.92389E-1 4.84045E-1 4.29032E-1 2.50919E-1 1.39275E-1 6.03844E-2 8.02542E-2 5.80751E-2 6.82896E-2 4.13693E-2 1.4988E-1 1.47847E-1 8.38566E-2 3.68382E-2 1.42422E-1 9.12209E-2 1.25937E-1 2.06114E-2 1.4712E-1 1.17806E-1 1.80748E-1 2.4918E-1 1.87274E-1 2.76968E-1 1.83772E-1 1.08299E-1 1.91999E-1 2.50148E-1 9.89508E-2 1.69208E-1 1.49906E-1 2.32252E-1 2.59799E-1 3.07095E-1 5.40203E-2 4.74294E-1 6.74807E-1 8.22904E-1 1.79174E-1 1.84862E-1 1.68308E-1 1.83575E-1 5.02545E-1 7.24946E-1
1.0897E-1 1.29172E-1 1.41225E-1 1.00843E-1 5.65921E-2 1.66633E-1 1.09094E-1 1.93187E-1 2.80045E-1 1.96111E-1 1.4221E-1 1.53023E-1 2.70144E-1 6.3365E-2 9.06873E-2 8.49807E-2 8.17758E-2 2.89262E-1 4.9451E-1 5.83151E-1 4.29301E-1 2.60992E-1 1.08691E-1 5.63926E-2 7.77106E-2 1.01598E-1 1.12415E-1 1.76958E-1 1.51696E-1 4.50416E-2 8.25401E-2 1.40586E-1 1.44738E-1 2.25733E-1 7.72999E-2 1.24813E-1 2.42078E-1 1.90578E-1 2.64597E-1 1.77839E-1 1.437E-1 2.62983E-1 2.85749E-1 1.20212E-1 3.62355E-1 3.60401E-1 3.3515E-1 2.36022E-1 2.33526E-1 4.48626E-1 4.45593E-1 2.06921E-1 2.59163E-1 7.38541E-1 7.84358E-1 2.03173E-1 1.34033E-1 2.1227E-1 2.69792E-1 5.59785E-1 7.12176E-1
1.64404E-1 1.43537E-1 1.08674E-1 1.08011E-1 8.54894E-2 9.17497E-2 1.38729E-1 1.81712E-1 1.6703E-1 1.6055E-1 1.2477E-1 1.20472E-1 1.47243E-1 1.31221E-1 1.43324E-1 1.43924E-1 2.06408E-1 1.28458E-1 5.40759E-1 5.73579E-1 4.3152E-1 5.06378E-1 3.90879E-1 2.22027E-1 3.97929E-1 3.16055E-1 1.66786E-1 2.09133E-1 2.21254E-1 9.84924E-2 1.88773E-1 4.01092E-1 5.71563E-2 1.30034E-1 2.68771E-1 1.25002E-1 3.55994E-1 1.95305E-1 1.8901E-1 2.97978E-1 3.35988E-1 3.85366E-1 3.57916E-1 5.19612E-1 5.16308E-1 2.65826E-1 4.76495E-1 3.65564E-1 1.59888E-1 1.65206E-1 6.49115E-1 2.75189E-1 1.54889E-1 7.45438E-1 8.09986E-1 2.8902E-1 3.90464E-1 2.17592E-1 3.25565E-1 7.45807E-1 7.64583E-1
1.95515E-1 1.61376E-1 1.20206E-1 1.19446E-1 1.37602E-1 1.51954E-1 8.3877E-2 1.05095E-1 1.44588E-1 1.42854E-1 1.37545E-1 1.35205E-1 1.0092E-1 1.60071E-1 1.17009E-1 1.92998E-1 2.33973E-1 1.84128E-1 4.11732E-1 3.53031E-1 3.39928E-1 2.74731E-1 3.30983E-1 4.3519E-1 3.30893E-1 2.34948E-1 1.62998E-1 1.14479E-1 2.02401E-1 2.06961E-1 1.64463E-1 3.89102E-1 1.53258E-1 1.45051E-1 1.40314E-1 1.57805E-1 1.29766E-1 2.16916E-1 1.28866E-1 1.09881E-1 3.54222E-1 3.09108E-1 5.54949E-1 4.22704E-1 4.25094E-1 4.25195E-1 5.2059E-1 5.09534E-1 3.12651E-1 2.61266E-1 6.72186E-1 5.42631E-1 6.01481E-2 6.41839E-1 7.74287E-1 7.13334E-1 7.46663E-1 3.19482E-1 3.11505E-1 7.7136E-1 7.17562E-1
1.84289E-1 1.77802E-1 1.75757E-1 1.64399E-1 9.9781E-2 1.91848E-1 1.11597E-1 2.17341E-1 1.85273E-1 1.3129E-1 2.7595E-1 3.47325E-1 1.67646E-1 7.08278E-2 1.20318E-1 2.99047E-1 2.63971E-1 2.15921E-1 2.25716E-1 3.27879E-1 2.72203E-1 2.08605E-1 2.82381E-1 2.14553E-1 2.30269E-1 1.99485E-1 2.50195E-1 1.23485E-1 1.52812E-1 3.83899E-1 1.24942E-1 1.70414E-1 4.99863E-1 7.57621E-2 7.59263E-2 2.00322E-1 8.88728E-2 8.73045E-2 9.00604E-2 1.20925E-1 6.20756E-2 1.98763E-1 4.03716E-1 4.49438E-1 3.63095E-1 3.03789E-1 5.42074E-1 3.03552E-1 1.92058E-1 4.50551E-1 6.94891E-1 7.00904E-1 1.34109E-1 8.17418E-2 5.5337E-1 2.22151E-1 8.19504E-1 6.74813E-1 5.96012E-1 7.10592E-1 6.04006E-1
2.76685E-1 2.76728E-1 2.8906E-1 1.66088E-1 1.04101E-1 1.36005E-1 1.4145E-1 1.23065E-1 1.26784E-1 1.32609E-1 1.50371E-1 3.12787E-1 2.55297E-1 4.58451E-2 2.00901E-1 5.43335E-1 5.2732E-1 2.86165E-1 3.67837E-1 2.31782E-1 2.71024E-1 3.26734E-1 2.7002E-1 2.97706E-1 2.90722E-1 1.76095E-1 2.24739E-1 3.04488E-1 2.66716E-1 4.50303E-1 1.38035E-1 1.30426E-1 5.53308E-1 9.32423E-2 5.71616E-2 1.27516E-1 8.01838E-2 4.48662E-2 9.05915E-2 1.69809E-1 1.44934E-1 3.55315E-1 4.21802E-1 5.70327E-1 4.08655E-1 2.08867E-1 3.62989E-1 1.47478E-1 2.70106E-1 5.2097E-1 6.04725E-1 7.02837E-1 2.86372E-1 2.05983E-1 1.38453E-1 6.5343E-1 8.01856E-1 6.93895E-1 7.66027E-1 7.22849E-1 6.61547E-1
1.57673E-1 1.84629E-1 1.86674E-1 1.80911E-1 1.54301E-1 1.4313E-1 1.56035E-1 4.15504E-1 3.13722E-1 1.63513E-1 1.12419E-1 1.05422E-1 8.86573E-2 6.55742E-2 1.67001E-1 2.965E-1 2.68533E-1 2.57312E-1 3.77084E-1 3.12049E-1 4.54544E-1 2.53327E-1 2.78101E-1 2.66196E-1 2.03947E-1 2.3118E-1 2.46293E-1 4.53724E-1 3.52237E-1 4.01482E-1 2.01407E-1 8.96821E-2 5.31701E-1 1.27474E-1 6.41922E-2 2.72352E-1 1.19238E-1 2.92122E-2 2.58852E-1 2.64558E-1 2.38746E-1 3.19352E-1 5.23843E-1 2.89248E-1 5.32539E-1 3.53445E-1 1.89393E-1 1.65245E-1 3.32412E-1 3.25356E-1 3.78275E-1 7.11407E-1 5.41001E-1 2.86979E-1 7.35973E-1 7.86293E-1 7.34643E-1 6.82757E-1 7.77979E-1 6.40672E-1 7.4664E-1
1.71711E-1 1.81453E-1 2.11603E-1 2.28196E-1 1.9094E-1 1.8417E-1 1.58643E-1 2.7663E-1 6.40532E-1 2.5105E-1 1.03788E-1 2.12622E-1 1.45316E-1 1.03566E-1 2.59033E-1 2.60591E-1 4.47014E-1 3.99399E-1 2.86646E-1 2.34562E-1 3.91588E-1 4.05301E-1 3.57717E-1 1.74713E-1 2.38105E-1 2.55852E-1 4.59654E-1 4.46462E-1 4.22117E-1 4.73003E-1 2.18021E-1 2.73941E-1 3.78438E-1 6.74743E-2 2.82153E-2 1.30569E-1 3.50393E-2 3.27469E-2 3.27201E-1 4.13685E-1 4.45262E-1 3.65089E-1 2.12343E-1 4.59846E-1 2.61038E-1 2.50282E-1 2.0905E-1 3.7708E-1 3.30312E-1 3.4592E-1 4.27318E-1 6.6629E-1 4.23848E-1 3.83835E-1 7.74756E-1 7.67331E-1 8.05795E-1 7.96424E-1 7.48794E-1 6.21861E-1 7.47218E-1
1.96072E-1 1.99523E-1 2.05472E-1 1.36092E-1 1.29816E-1 2.01907E-1 1.6435E-1 1.83121E-1 3.75747E-1 1.50234E-1 1.00098E-1 1.26756E-1 1.19558E-1 1.85529E-1 2.21377E-1 2.83001E-1 2.60458E-1 2.36698E-1 3.64125E-1 3.19454E-1 2.75611E-1 2.63157E-1 2.63528E-1 4.10792E-1 3.81102E-1 4.24629E-1 3.52819E-1 4.20723E-1 3.86287E-1 3.65285E-1 1.60596E-1 2.21566E-1 5.61229E-1 1.72108E-1 3.5203E-2 1.6006E-2 2.76099E-2 5.62717E-2 2.8791E-1 1.83144E-1 4.12701E-1 3.14748E-1 3.3721E-1 4.92708E-1 1.46E-1 2.13317E-1 3.48343E-1 3.76343E-1 3.88178E-1 5.85544E-1 4.98295E-1 7.52118E-1 5.70555E-1 3.77896E-1 7.73344E-1 4.79789E-1 7.93166E-1 7.75449E-1 7.85257E-1 7.50045E-1 5.75175E-1
2.02781E-1 2.15813E-1 1.92104E-1 2.16695E-1 1.70011E-1 1.94462E-1 2.05934E-1 1.86546E-1 4.16559E-1 1.83574E-1 2.3523E-1 1.72569E-1 1.32648E-1 2.21076E-1 2.26009E-1 2.54031E-1 2.48475E-1 2.35579E-1 2.4681E-1 2.27348E-1 4.24587E-1 4.50029E-1 4.00926E-1 3.64643E-1 3.79459E-1 4.61232E-1 3.81139E-1 3.95588E-1 4.34249E-1 2.32736E-1 1.63934E-1 2.5237E-1 4.32405E-1 6.10455E-2 1.24336E-1 1.22506E-1 3.43893E-1 1.72001E-1 7.62525E-2 5.10679E-2 8.78318E-2 3.31838E-1 2.72168E-1 2.26812E-1 2.92024E-1 2.87235E-1 3.95186E-1 5.37265E-1 4.63391E-1 6.78951E-1 3.75335E-1 6.18911E-1 7.85146E-1 5.03647E-1 5.92324E-1 4.26806E-1 7.82586E-1 6.36943E-1 8.04354E-1 7.20425E-1 7.71797E-1
2.04027E-1 2.00869E-1 1.99445E-1 2.16075E-1 1.91555E-1 2.22323E-1 2.25838E-1 2.0281E-1 2.61923E-1 2.05616E-1 2.61374E-1 2.70476E-1 2.35086E-1 2.35171E-1 2.5033E-1 2.15359E-1 2.20124E-1 2.20646E-1 1.9254E-1 3.06869E-1 4.02813E-1 2.66983E-1 4.61519E-1 4.52648E-1 2.91143E-1 3.90426E-1 4.23012E-1 4.6671E-1 3.99686E-1 3.4484E-1 1.82597E-1 2.5039E-1 1.90159E-1 1.2343E-1 1.32192E-1 4.80323E-2 6.39175E-2 1.60388E-1 9.36208E-2 2.20424E-1 2.2175E-1 2.9153E-1 2.95349E-1 1.82298E-1 3.67469E-1 4.3645E-1 6.10682E-1 4.73823E-1 7.57099E-1 6.88624E-1 4.71283E-1 5.31107E-1 8.06266E-1 8.09433E-1 5.69528E-1 6.15329E-1 5.62378E-1 6.4542E-1 7.94058E-1 8.24095E-1 7.97783E-1
1.99889E-1 2.12843E-1 2.4319E-1 2.24478E-1 2.23165E-1 2.37867E-1 2.37286E-1 2.22912E-1 1.79743E-1 1.87918E-1 3.11729E-1 3.09498E-1 2.88439E-1 2.97E-1 2.48326E-1 2.08548E-1 2.01602E-1 2.60075E-1 3.33275E-1 2.93386E-1 4.09925E-1 3.43471E-1 4.43426E-1 3.17227E-1 3.51421E-1 4.61166E-1 3.89552E-1 3.11477E-1 2.58461E-1 4.64083E-1 2.12088E-1 8.84083E-2 1.58348E-1 6.34824E-2 1.10451E-1 7.12198E-2 4.77581E-2 1.12048E-1 5.5633E-2 1.51047E-1 1.42184E-1 2.55801E-1 4.65684E-1 1.35836E-1 1.47119E-1 4.1195E-1 7.32931E-1 4.42396E-1 5.88696E-1 7.02776E-1 7.52849E-1 7.14362E-1 6.02684E-1 8.21383E-1 7.36092E-1 6.61334E-1 6.0901E-1 6.83265E-1 8.2166E-1 7.96545E-1 7.75565E-1
1.88059E-1 2.1562E-1 4.5314E-1 2.12857E-1 2.36864E-1 2.25385E-1 2.45517E-1 2.65235E-1 2.30275E-1 2.25066E-1 2.20964E-1 2.32825E-1 3.56674E-1 2.5306E-1 2.37779E-1 2.05013E-1 1.80166E-1 1.8637E-1 3.79846E-1 3.26141E-1 3.49212E-1 3.43115E-1 2.82109E-1 3.69853E-1 3.62003E-1 3.18057E-1 2.70525E-1 4.34464E-1 2.34536E-1 2.84952E-1 1.87488E-1 2.01605E-1 1.56343E-1 1.69388E-1 1.02167E-1 1.2113E-1 1.59029E-1 2.55469E-1 1.43225E-1 3.56786E-1 3.20637E-1 2.91087E-1 2.34331E-1 3.93737E-1 3.80796E-1 5.09673E-1 4.52226E-1 5.34649E-1 5.34103E-1 7.01347E-1 6.39601E-1 5.55577E-1 4.68768E-1 6.49903E-1 6.85895E-1 6.14395E-1 6.99566E-1 6.5578E-1 6.73027E-1 7.71699E-1 7.91478E-1
1.84453E-1 1.86397E-1 2.43768E-1 3.9715E-1 2.13097E-1 2.28122E-1 5.75053E-1 6.1155E-1 5.44362E-1 4.69961E-1 2.30705E-1 2.38577E-1 2.07746E-1 2.38667E-1 2.78152E-1 1.73802E-1 1.51806E-1 1.96893E-1 3.80182E-1 3.40859E-1 4.11745E-1 4.11604E-1 3.23623E-1 2.74689E-1 2.88063E-1 2.33477E-1 2.4816E-1 3.89442E-1 3.56837E-1 3.87393E-1 2.77518E-1 2.0584E-1 2.19167E-1 2.29414E-1 2.38605E-1 2.85305E-1 2.52355E-1 1.68232E-1 4.32644E-1 3.19509E-1 3.28055E-1 1.52262E-1 2.6034E-1 3.48272E-1 4.8506E-1 4.00476E-1 4.94989E-1 5.31304E-1 5.74332E-1 5.25599E-1 7.02436E-1 6.57927E-1 4.57557E-1 6.28057E-1 6.1696E-1 7.59745E-1 6.54376E-1 7.0471E-1 6.34748E-1 6.36948E-1 6.66094E-1
2.01125E-1 1.79194E-1 1.74821E-1 2.17163E-1 1.9495E-1 3.7548E-1 6.0336E-1 6.12464E-1 4.19401E-1 2.84586E-1 3.06963E-1 2.1312E-1 2.0381E-1 2.04806E-1 1.75407E-1 2.03711E-1 2.02848E-1 1.61258E-1 1.76393E-1 1.5745E-1 2.52968E-1 4.24354E-1 2.55327E-1 2.95686E-1 2.82706E-1 2.49961E-1 2.19023E-1 3.36802E-1 4.11367E-1 4.15813E-1 3.13941E-1 1.84733E-1 1.47144E-1 7.17566E-2 1.26084E-1 1.082E-1 1.38031E-1 4.01106E-1 4.04732E-1 0E0 4.10511E-1 3.19825E-1 2.18775E-1 4.57062E-1 4.99374E-1 4.28017E-1 4.30241E-1 5.11536E-1 5.96382E-1 5.2811E-1 6.48881E-1 6.11509E-1 5.97784E-1 6.82246E-1 5.19373E-1 5.99375E-1 6.57154E-1 4.30123E-1 5.86354E-1 7.2672E-1 6.04128E-1
1.84993E-1 1.73649E-1 1.69674E-1 3.40861E-1 2.16682E-1 2.85921E-1 3.22016E-1 5.75777E-1 3.90894E-1 3.21964E-1 2.25361E-1 2.21101E-1 2.12559E-1 2.26179E-1 2.03529E-1 2.064E-1 1.84108E-1 1.8641E-1 1.98333E-1 2.03625E-1 1.65661E-1 2.60125E-1 3.00226E-1 2.53398E-1 2.29635E-1 2.25733E-1 2.53472E-1 2.68054E-1 3.6551E-1 4.32056E-1 2.53639E-1 2.01879E-1 2.08276E-1 2.03445E-1 2.36673E-1 3.13625E-1 4.96356E-1 4.74244E-1 3.57487E-1 4.34585E-1 4.37299E-1 2.32945E-1 4.23226E-1 4.36251E-1 4.11412E-1 4.51451E-1 4.897E-1 6.20027E-1 6.22331E-1 6.2762E-1 5.45623E-1 5.72968E-1 5.49891E-1 7.79307E-1 5.44276E-1 5.20202E-1 6.34993E-1 5.86517E-1 4.82153E-1 4.87777E-1 5.4549E-1
1.80732E-1 1.87602E-1 1.65058E-1 2.41098E-1 3.24767E-1 3.06311E-1 2.78151E-1 3.44708E-1 3.87163E-1 4.62012E-1 2.33064E-1 2.12262E-1 2.44239E-1 1.91275E-1 2.30477E-1 2.04163E-1 1.74981E-1 1.86689E-1 1.65924E-1 2.74494E-1 1.73824E-1 3.46815E-1 2.93325E-1 2.85313E-1 2.22622E-1 3.40427E-1 2.30092E-1 2.42651E-1 3.37564E-1 4.38523E-1 2.09865E-1 2.45586E-1 1.53618E-1 1.86276E-1 2.68521E-1 3.0098E-1 4.93102E-1 4.99901E-1 4.39895E-1 2.56847E-1 4.89704E-1 3.28781E-1 3.83797E-1 3.88594E-1 4.53308E-1 4.62215E-1 6.17873E-1 6.23615E-1 7.29703E-1 6.21131E-1 6.96655E-1 5.67701E-1 4.62071E-1 6.34463E-1 7.43245E-1 5.31893E-1 6.80607E-1 4.73293E-1 5.13443E-1 5.0672E-1 7.1818E-1
1.69089E-1 1.83376E-1 1.72437E-1 1.71187E-1 1.78807E-1 1.88251E-1 3.06094E-1 3.83521E-1 2.31437E-1 3.22073E-1 1.77437E-1 1.78394E-1 1.5977E-1 1.83973E-1 2.11629E-1 1.87983E-1 1.79579E-1 1.8153E-1 1.66646E-1 1.81372E-1 2.22197E-1 2.58318E-1 4.09431E-1 2.63308E-1 3.30947E-1 3.74785E-1 3.4361E-1 4.04226E-1 3.1253E-1 4.4727E-1 1.9309E-1 2.42523E-1 2.58478E-1 2.91752E-1 3.08014E-1 2.16183E-1 2.91257E-1 2.84186E-1 4.15792E-1 3.11834E-1 3.03226E-1 3.43165E-1 4.77854E-1 5.28774E-1 4.60964E-1 6.09858E-1 5.9042E-1 5.70602E-1 7.99726E-1 6.26628E-1 7.41598E-1 4.89864E-1 5.32441E-1 6.46342E-1 6.02496E-1 5.4223E-1 5.35909E-1 5.23563E-1 7.20301E-1 8.14197E-1 7.84793E-1
