Candidate_Models_July82022/M_0.7_F_lqp_Set_1_cal/Bison.asc
ncols         290
nrows         380
xllcorner     -2197417.7431653
yllcorner     -584827.01486885
cellsize      10000.0
NODATA_value  -9999
[rows 27 to 53 of 380, columns 61 to 121 of 290]
1.78446E-2 1.67273E-2 2.26198E-2 1.75068E-2 1.75431E-2 2.2311E-2 2.3216E-2 1.8301E-2 2.05739E-2 1.92524E-2 2.12416E-2 2.50874E-2 1.96686E-2 2.35134E-2 2.2608E-2 2.23541E-2 2.72403E-2 3.6945E-2 3.7063E-2 3.76119E-2 3.66205E-2 4.43774E-2 3.54279E-2 2.96081E-2 2.11592E-2 2.1954E-2 2.31692E-2 2.64628E-2 2.43066E-2 2.80528E-2 2.7754E-2 3.22953E-2 2.81139E-2 2.87245E-2 2.90522E-2 2.86716E-2 2.51038E-2 2.58948E-2 2.80723E-2 3.4083E-2 2.66872E-2 2.69572E-2 3.1151E-2 3.21824E-2 3.35288E-2 3.72629E-2 3.87145E-2 3.7631E-2 3.52627E-2 3.44559E-2 3.53845E-2 3.26102E-2 3.01093E-2 2.7103E-2 2.58358E-2 2.11307E-2 -9999 -9999 -9999 -9999 -9999
1.15101E-2 1.6874E-2 1.51994E-2 2.24001E-2 2.04936E-2 2.21353E-2 2.30713E-2 2.73503E-2 2.40282E-2 2.01187E-2 1.8424E-2 2.4301E-2 2.07852E-2 2.35935E-2 2.40365E-2 2.27249E-2 2.72797E-2 3.76095E-2 3.74289E-2 3.93271E-2 3.54807E-2 3.66062E-2 4.09822E-2 3.39219E-2 2.16724E-2 2.20812E-2 2.29914E-2 2.7161E-2 3.05621E-2 2.91462E-2 3.53497E-2 3.65563E-2 3.57256E-2 2.77305E-2 2.57887E-2 2.67213E-2 2.89526E-2 -9999 3.85006E-2 3.83445E-2 2.98194E-2 3.1498E-2 3.16075E-2 3.4044E-2 3.34797E-2 3.82021E-2 3.72323E-2 3.75726E-2 3.6566E-2 3.5334E-2 3.40945E-2 3.20464E-2 2.94837E-2 2.76034E-2 2.42803E-2 2.14193E-2 -9999 -9999 -9999 -9999 -9999
1.69163E-2 1.7649E-2 1.97471E-2 2.76802E-2 2.53788E-2 2.51708E-2 2.71367E-2 1.85515E-2 1.88115E-2 2.02332E-2 1.71852E-2 1.617E-2 1.67746E-2 2.09005E-2 2.66487E-2 3.29204E-2 3.22358E-2 4.28653E-2 4.04145E-2 3.83492E-2 3.2979E-2 3.76568E-2 3.45298E-2 4.62809E-2 3.00932E-2 2.27078E-2 2.70012E-2 2.84709E-2 3.27847E-2 3.80477E-2 3.64853E-2 5.29555E-2 3.46338E-2 2.4456E-2 2.78021E-2 2.80747E-2 2.64492E-2 2.73625E-2 3.36087E-2 3.25044E-2 3.61729E-2 3.22904E-2 3.41744E-2 3.20883E-2 3.40694E-2 4.23358E-2 3.74855E-2 4.0739E-2 3.92236E-2 3.55934E-2 3.48025E-2 3.05644E-2 2.73802E-2 2.48555E-2 2.24555E-2 2.05089E-2 -9999 -9999 -9999 -9999 -9999
2.22754E-2 1.64461E-2 2.07901E-2 1.71996E-2 2.33911E-2 2.42315E-2 1.87079E-2 1.64589E-2 2.57405E-2 2.09354E-2 2.50013E-2 1.99749E-2 2.16312E-2 1.86441E-2 2.51268E-2 3.32837E-2 3.24606E-2 3.64243E-2 4.06947E-2 3.78444E-2 3.53946E-2 3.56743E-2 2.80892E-2 4.32772E-2 3.30342E-2 2.22686E-2 2.15675E-2 2.49998E-2 2.88391E-2 4.19815E-2 2.79381E-2 3.58423E-2 2.45516E-2 2.67513E-2 2.93531E-2 2.63175E-2 2.52578E-2 2.2819E-2 2.38742E-2 3.55841E-2 3.81939E-2 3.46213E-2 4.51212E-2 3.81147E-2 3.59211E-2 3.59462E-2 3.72164E-2 3.70984E-2 3.9228E-2 3.44834E-2 3.30436E-2 2.85136E-2 2.66637E-2 2.39734E-2 2.01521E-2 1.93025E-2 -9999 -9999 -9999 -9999 -9999
1.98153E-2 2.2993E-2 2.03706E-2 2.45896E-2 2.25765E-2 2.30959E-2 2.78204E-2 2.8978E-2 2.26223E-2 2.53807E-2 2.70318E-2 2.57898E-2 2.21257E-2 2.12282E-2 2.34827E-2 3.33876E-2 3.54169E-2 4.22052E-2 4.04386E-2 4.06508E-2 3.21033E-2 3.16732E-2 3.48876E-2 3.95253E-2 2.44828E-2 2.08487E-2 2.37363E-2 2.40113E-2 2.49623E-2 2.93685E-2 2.33576E-2 2.68292E-2 3.01158E-2 2.91749E-2 2.95364E-2 2.67045E-2 2.63664E-2 2.74415E-2 3.02099E-2 3.89336E-2 4.11318E-2 7.01432E-2 4.89948E-2 3.2266E-2 3.38255E-2 3.6192E-2 4.12851E-2 4.42134E-2 3.85592E-2 3.29153E-2 3.17172E-2 2.84163E-2 2.62068E-2 2.27309E-2 1.82165E-2 1.83509E-2 -9999 -9999 -9999 -9999 -9999
1.6178E-2 3.0115E-2 5.07701E-2 6.20015E-2 3.66396E-2 3.92541E-2 3.22558E-2 2.61649E-2 2.61355E-2 2.59086E-2 2.77752E-2 2.52071E-2 2.32986E-2 2.71848E-2 2.72713E-2 3.55945E-2 3.26956E-2 3.79295E-2 3.28026E-2 3.46794E-2 3.62357E-2 3.43832E-2 3.30986E-2 2.85301E-2 2.5853E-2 2.17526E-2 2.68124E-2 2.43052E-2 2.62017E-2 2.41369E-2 2.60826E-2 2.76813E-2 2.99233E-2 3.53419E-2 2.59727E-2 2.30712E-2 2.4135E-2 2.40254E-2 2.51816E-2 2.76297E-2 5.47401E-2 4.29228E-2 6.00598E-2 3.69931E-2 3.92216E-2 3.52728E-2 5.41934E-2 5.60319E-2 4.08788E-2 3.2445E-2 2.9013E-2 2.80822E-2 2.4286E-2 2.45872E-2 2.05623E-2 1.88023E-2 1.87294E-2 -9999 -9999 -9999 -9999
3.13983E-2 1.82819E-2 4.87235E-2 4.4649E-2 3.23838E-2 5.87487E-2 2.89644E-2 3.03036E-2 2.60835E-2 2.89844E-2 3.729E-2 2.50209E-2 2.47536E-2 2.71133E-2 3.13266E-2 3.09184E-2 3.19007E-2 3.78923E-2 3.10101E-2 3.77893E-2 3.60378E-2 3.5429E-2 2.82941E-2 2.20385E-2 2.45001E-2 2.31779E-2 2.21266E-2 2.19313E-2 2.06273E-2 2.13912E-2 2.15343E-2 2.53873E-2 2.87444E-2 2.66638E-2 2.17123E-2 3.03804E-2 2.88058E-2 2.96804E-2 2.89841E-2 3.04528E-2 4.1849E-2 4.06918E-2 3.3877E-2 3.0338E-2 3.25416E-2 3.21498E-2 3.96072E-2 4.30676E-2 3.82184E-2 3.78065E-2 3.2833E-2 2.73769E-2 2.60411E-2 2.45829E-2 1.88245E-2 1.81754E-2 1.71098E-2 -9999 -9999 0E0 -9999
3.2981E-2 2.05282E-2 2.68026E-2 2.30962E-2 2.25095E-2 2.78141E-2 3.11083E-2 2.34909E-2 2.15961E-2 2.73336E-2 2.95185E-2 2.82966E-2 2.76593E-2 3.60905E-2 3.57016E-2 3.48655E-2 3.14739E-2 3.41096E-2 2.86871E-2 3.62735E-2 3.94565E-2 3.19089E-2 2.65309E-2 2.38276E-2 2.54453E-2 2.16527E-2 2.1084E-2 2.07818E-2 2.07418E-2 2.16027E-2 2.11412E-2 2.32806E-2 2.26907E-2 2.43924E-2 2.87135E-2 2.69888E-2 3.44225E-2 3.08096E-2 3.00855E-2 3.38655E-2 6.04585E-2 4.52627E-2 3.23078E-2 3.20796E-2 4.39332E-2 3.49246E-2 2.98756E-2 3.04819E-2 3.24312E-2 3.08489E-2 3.0008E-2 2.82839E-2 2.66544E-2 2.56708E-2 1.94432E-2 1.71401E-2 1.59147E-2 2.00652E-2 -9999 -9999 1.89358E-2
4.81934E-2 2.08636E-2 2.68593E-2 2.13712E-2 2.69846E-2 4.09197E-2 3.10342E-2 4.28708E-2 3.00195E-2 2.43543E-2 3.06007E-2 2.19044E-2 2.18324E-2 3.40607E-2 3.46393E-2 3.20922E-2 3.02858E-2 2.84013E-2 2.50294E-2 3.32433E-2 3.06491E-2 3.08776E-2 2.68995E-2 2.19734E-2 2.5999E-2 2.02807E-2 2.21039E-2 2.1071E-2 2.06534E-2 1.95224E-2 2.16467E-2 2.24597E-2 2.10608E-2 2.35247E-2 2.78808E-2 3.25737E-2 4.34043E-2 3.56018E-2 2.60452E-2 3.02612E-2 3.84982E-2 3.29659E-2 4.25667E-2 3.50919E-2 4.98374E-2 3.85624E-2 3.91685E-2 2.95828E-2 2.92209E-2 2.95888E-2 2.85377E-2 2.71698E-2 2.21961E-2 2.29043E-2 1.77405E-2 1.68627E-2 1.66479E-2 1.58869E-2 1.6791E-2 1.7889E-2 1.79758E-2
4.46989E-2 4.34894E-2 4.75869E-2 2.10947E-2 3.05058E-2 3.63172E-2 3.12069E-2 3.12272E-2 3.39864E-2 2.13958E-2 2.32503E-2 2.01813E-2 2.43574E-2 2.96074E-2 3.0583E-2 3.12814E-2 2.9844E-2 2.41164E-2 3.30078E-2 3.93642E-2 3.00083E-2 2.31217E-2 2.41034E-2 2.44854E-2 2.20929E-2 2.39608E-2 2.33757E-2 1.9775E-2 2.1002E-2 2.0863E-2 2.50893E-2 2.89707E-2 2.36228E-2 2.17843E-2 3.02677E-2 5.21409E-2 3.17188E-2 3.01636E-2 3.17624E-2 2.42257E-2 4.26336E-2 3.64514E-2 3.61557E-2 4.34646E-2 4.29462E-2 4.21796E-2 3.33243E-2 2.62329E-2 2.70521E-2 2.65769E-2 2.52463E-2 2.36663E-2 2.36789E-2 2.07195E-2 2.09194E-2 1.83211E-2 1.68027E-2 1.64076E-2 1.52775E-2 1.66285E-2 1.80868E-2
4.37099E-2 5.0695E-2 3.25521E-2 2.24582E-2 2.38407E-2 2.90754E-2 3.17434E-2 2.32333E-2 2.25845E-2 2.48331E-2 2.11388E-2 2.07258E-2 2.45668E-2 2.78113E-2 2.5923E-2 2.68695E-2 2.23538E-2 2.3583E-2 3.7667E-2 2.54144E-2 1.96088E-2 1.89834E-2 2.51185E-2 2.54274E-2 2.943E-2 2.37315E-2 2.36654E-2 2.35126E-2 2.86037E-2 2.64878E-2 3.19082E-2 3.44239E-2 2.86102E-2 3.76072E-2 3.21263E-2 3.05393E-2 3.15779E-2 2.09797E-2 3.03373E-2 4.16515E-2 3.62713E-2 2.82526E-2 3.24602E-2 3.16764E-2 2.78552E-2 3.18391E-2 2.34145E-2 2.77684E-2 2.56196E-2 2.41614E-2 2.38543E-2 2.58059E-2 3.57173E-2 2.60515E-2 1.9316E-2 1.79383E-2 1.69923E-2 1.59909E-2 1.58714E-2 1.496E-2 1.48149E-2
3.11576E-2 3.21362E-2 2.16802E-2 2.69096E-2 2.8009E-2 3.00845E-2 2.76687E-2 2.90715E-2 2.34093E-2 2.26459E-2 1.95911E-2 2.2672E-2 2.67225E-2 2.42802E-2 2.50054E-2 2.50641E-2 1.94226E-2 2.21524E-2 2.702E-2 2.04742E-2 1.99868E-2 1.89814E-2 2.45919E-2 3.11341E-2 3.57365E-2 3.35627E-2 2.84951E-2 3.26165E-2 3.55399E-2 3.40305E-2 3.26253E-2 3.24976E-2 2.29581E-2 2.19654E-2 2.31594E-2 2.28517E-2 1.78698E-2 1.92651E-2 2.61991E-2 2.39238E-2 3.15278E-2 2.89928E-2 3.02373E-2 2.4249E-2 2.47131E-2 2.55798E-2 2.5819E-2 2.54472E-2 1.93175E-2 2.303E-2 2.37094E-2 2.18175E-2 2.54368E-2 2.32734E-2 1.83174E-2 1.75232E-2 1.64355E-2 1.84068E-2 1.57637E-2 1.58901E-2 1.57948E-2
5.55178E-2 2.11037E-2 2.85507E-2 2.90902E-2 3.79961E-2 3.21325E-2 3.5458E-2 2.74039E-2 2.88956E-2 2.58311E-2 3.01612E-2 2.22129E-2 2.72533E-2 2.25972E-2 2.29173E-2 2.1318E-2 2.45229E-2 2.31286E-2 2.63061E-2 2.5333E-2 1.98195E-2 1.85019E-2 1.88535E-2 2.34309E-2 3.88669E-2 3.45921E-2 3.77615E-2 3.14171E-2 3.52405E-2 2.43892E-2 2.77391E-2 2.46114E-2 2.56958E-2 2.34063E-2 2.38289E-2 2.86478E-2 1.88594E-2 2.24766E-2 3.37498E-2 2.88946E-2 3.08599E-2 2.68313E-2 2.27231E-2 2.81466E-2 3.27008E-2 3.93943E-2 2.9397E-2 2.46474E-2 2.38832E-2 2.43699E-2 2.29972E-2 2.14019E-2 2.71111E-2 2.99289E-2 2.19966E-2 2.24879E-2 1.70128E-2 1.69975E-2 1.63409E-2 1.59434E-2 1.68078E-2
8.11755E-2 2.17237E-2 3.47039E-2 7.58763E-2 3.8251E-2 3.56988E-2 2.95688E-2 3.21699E-2 2.84199E-2 2.94887E-2 2.48145E-2 2.37624E-2 1.9291E-2 1.77196E-2 1.50331E-2 1.58712E-2 2.32673E-2 2.70467E-2 2.95719E-2 3.28009E-2 2.13048E-2 1.95594E-2 1.97383E-2 1.894E-2 3.26603E-2 4.70156E-2 3.8872E-2 4.10319E-2 3.62859E-2 3.22532E-2 3.31228E-2 2.44347E-2 2.05006E-2 1.94069E-2 2.41438E-2 2.28249E-2 2.33252E-2 2.16061E-2 2.17053E-2 2.17306E-2 2.92906E-2 2.62883E-2 2.53518E-2 2.59618E-2 2.83436E-2 3.45111E-2 2.19131E-2 1.91493E-2 1.81247E-2 2.07692E-2 2.01678E-2 2.48357E-2 2.60019E-2 2.1171E-2 2.85322E-2 2.05118E-2 1.78678E-2 1.87696E-2 1.75865E-2 1.6881E-2 1.66739E-2
5.0693E-2 6.1026E-2 9.54248E-2 4.12291E-2 4.14285E-2 4.25749E-2 3.30194E-2 2.93853E-2 2.45027E-2 2.92744E-2 2.22617E-2 2.19912E-2 1.70095E-2 1.67494E-2 1.38718E-2 1.49337E-2 2.25126E-2 2.94126E-2 2.65721E-2 2.98012E-2 2.32349E-2 1.93761E-2 2.31668E-2 2.2549E-2 3.39287E-2 3.98041E-2 2.36346E-2 2.82194E-2 4.13069E-2 2.98747E-2 2.83412E-2 2.54026E-2 2.62923E-2 2.04986E-2 2.17843E-2 1.78926E-2 2.01117E-2 2.36922E-2 2.11277E-2 1.75083E-2 1.81668E-2 2.32503E-2 4.17148E-2 4.22359E-2 3.48887E-2 2.52374E-2 2.64939E-2 2.48945E-2 2.73322E-2 2.23891E-2 2.6398E-2 3.11394E-2 2.4746E-2 2.54339E-2 3.12848E-2 2.41264E-2 2.099E-2 1.87186E-2 1.78653E-2 1.74848E-2 1.74241E-2
2.23278E-2 3.29598E-2 3.51421E-2 3.87881E-2 5.07466E-2 4.59127E-2 3.40877E-2 3.61204E-2 3.35481E-2 3.13457E-2 2.2436E-2 2.07269E-2 1.81733E-2 1.48766E-2 1.391E-2 1.62978E-2 2.01293E-2 2.50737E-2 3.03582E-2 3.24052E-2 2.80523E-2 3.1924E-2 4.51274E-2 3.21659E-2 2.4054E-2 2.2477E-2 1.9449E-2 1.8769E-2 2.24717E-2 2.39493E-2 2.37978E-2 1.77935E-2 2.87878E-2 2.63612E-2 1.97375E-2 2.0266E-2 2.29667E-2 1.94091E-2 1.60642E-2 1.70407E-2 2.11577E-2 2.68635E-2 2.72414E-2 3.69028E-2 4.41714E-2 4.40969E-2 3.83027E-2 3.59553E-2 3.65034E-2 3.56408E-2 3.20137E-2 2.66991E-2 2.31516E-2 2.61184E-2 3.07862E-2 2.26061E-2 2.00667E-2 1.84386E-2 1.90143E-2 1.7806E-2 1.73205E-2
3.08758E-2 3.05075E-2 4.18637E-2 4.01903E-2 4.59691E-2 3.58112E-2 3.79223E-2 3.88687E-2 4.11481E-2 3.07209E-2 2.15035E-2 1.775E-2 1.53913E-2 1.53037E-2 1.54729E-2 1.79919E-2 2.31648E-2 2.63374E-2 3.02613E-2 3.01484E-2 4.61979E-2 4.21742E-2 4.08638E-2 2.7164E-2 2.27402E-2 2.14929E-2 2.14347E-2 2.79382E-2 3.00109E-2 2.2026E-2 2.54254E-2 1.97763E-2 1.94966E-2 2.21341E-2 1.95333E-2 1.871E-2 1.70785E-2 1.70631E-2 2.16809E-2 1.9711E-2 2.96288E-2 2.6419E-2 2.0523E-2 2.90235E-2 2.91895E-2 2.8432E-2 3.44753E-2 4.01362E-2 3.25758E-2 3.23702E-2 3.5344E-2 3.14717E-2 2.73654E-2 2.49892E-2 2.19477E-2 1.92614E-2 1.95115E-2 1.84686E-2 1.89314E-2 1.87713E-2 1.70837E-2
3.61999E-2 3.08232E-2 3.48734E-2 3.95808E-2 3.96512E-2 3.99651E-2 3.61427E-2 6.12126E-2 3.68739E-2 3.52447E-2 1.93126E-2 1.5833E-2 1.59848E-2 1.54294E-2 1.66577E-2 1.72753E-2 2.11283E-2 3.01471E-2 3.36438E-2 3.73397E-2 3.40239E-2 3.5069E-2 3.50739E-2 3.57933E-2 2.9784E-2 2.93578E-2 3.90379E-2 3.26902E-2 3.1401E-2 1.6275E-2 2.68717E-2 3.32762E-2 2.27938E-2 1.81874E-2 2.0877E-2 1.89461E-2 1.73164E-2 1.8323E-2 2.08194E-2 1.79721E-2 2.01143E-2 2.04283E-2 2.8008E-2 4.13078E-2 2.20379E-2 3.35911E-2 3.51968E-2 3.07319E-2 2.91552E-2 3.01758E-2 3.7727E-2 3.17645E-2 2.56443E-2 2.32269E-2 2.34871E-2 2.28868E-2 1.97053E-2 1.83108E-2 1.8558E-2 1.81036E-2 1.78396E-2
3.16109E-2 2.9487E-2 3.38965E-2 4.24284E-2 4.05578E-2 3.38253E-2 3.05359E-2 3.22169E-2 3.06327E-2 3.54949E-2 1.9029E-2 1.6944E-2 1.50466E-2 1.54852E-2 1.79118E-2 1.73985E-2 1.91856E-2 3.03532E-2 3.00458E-2 3.07216E-2 2.9444E-2 4.30228E-2 4.31917E-2 4.54747E-2 4.4424E-2 4.96175E-2 4.21723E-2 4.75059E-2 4.24634E-2 1.72848E-2 2.3591E-2 2.87509E-2 2.88258E-2 1.68921E-2 1.67262E-2 1.63712E-2 1.97979E-2 1.59505E-2 1.61607E-2 2.11664E-2 1.98268E-2 1.99955E-2 3.1621E-2 3.00223E-2 2.92809E-2 3.31137E-2 3.43054E-2 2.55583E-2 2.52391E-2 2.78804E-2 2.99285E-2 2.61914E-2 2.60144E-2 2.30337E-2 2.3E-2 2.26739E-2 2.47957E-2 1.80211E-2 1.84803E-2 1.88976E-2 1.83029E-2
8.23283E-2 3.9182E-2 3.80285E-2 4.03219E-2 4.15275E-2 3.24692E-2 2.82054E-2 3.88487E-2 3.3573E-2 4.01135E-2 3.78988E-2 2.05631E-2 1.7742E-2 1.67635E-2 1.88228E-2 2.08925E-2 2.27804E-2 2.32082E-2 2.14403E-2 2.13894E-2 3.26413E-2 4.25906E-2 4.56312E-2 4.4183E-2 4.67237E-2 4.56204E-2 2.9532E-2 2.56677E-2 3.34877E-2 1.85295E-2 2.60576E-2 2.03241E-2 2.2625E-2 2.11477E-2 1.97373E-2 2.4609E-2 2.18181E-2 1.81969E-2 1.75079E-2 1.85727E-2 2.0483E-2 2.39414E-2 3.35948E-2 3.15466E-2 2.63229E-2 2.9083E-2 3.10832E-2 2.93809E-2 2.71589E-2 2.4574E-2 2.3107E-2 2.06271E-2 2.09688E-2 2.33295E-2 2.44295E-2 2.08265E-2 2.30363E-2 1.8195E-2 1.77212E-2 1.8129E-2 1.89517E-2
9.77211E-2 5.70232E-2 3.27257E-2 4.0453E-2 3.75297E-2 3.07812E-2 2.8161E-2 3.11376E-2 3.50387E-2 3.39898E-2 2.80529E-2 2.4156E-2 2.00704E-2 1.5748E-2 1.71309E-2 2.23149E-2 2.86441E-2 2.16811E-2 2.40055E-2 2.23237E-2 2.31456E-2 3.19615E-2 2.58842E-2 2.25345E-2 3.89117E-2 3.98272E-2 1.92385E-2 1.6836E-2 2.77396E-2 2.76882E-2 2.15035E-2 2.06957E-2 2.06392E-2 1.59396E-2 2.39142E-2 3.20911E-2 2.33069E-2 2.04608E-2 2.58791E-2 2.17779E-2 1.9355E-2 3.427E-2 3.89756E-2 3.18573E-2 3.17413E-2 3.00938E-2 3.65306E-2 2.84048E-2 2.91589E-2 3.09588E-2 2.73863E-2 3.09027E-2 2.62786E-2 2.61147E-2 2.55808E-2 2.43166E-2 2.16842E-2 1.75901E-2 1.80817E-2 1.89992E-2 2.0001E-2
8.61523E-2 9.19883E-2 4.0412E-2 4.19384E-2 3.7432E-2 3.03071E-2 2.70832E-2 2.75276E-2 2.77872E-2 3.11144E-2 2.83633E-2 2.50308E-2 1.70312E-2 1.56812E-2 1.71486E-2 3.02046E-2 2.52143E-2 1.97982E-2 2.31715E-2 2.39061E-2 2.639E-2 2.37066E-2 2.46183E-2 4.33405E-2 3.53E-2 2.92627E-2 1.8522E-2 2.673E-2 2.1444E-2 2.09995E-2 2.46606E-2 2.4427E-2 2.09996E-2 1.32724E-2 1.66797E-2 3.79622E-2 2.90665E-2 2.25393E-2 3.57148E-2 2.0206E-2 1.93724E-2 2.78685E-2 3.79572E-2 3.32129E-2 4.42962E-2 3.41318E-2 2.66753E-2 4.43821E-2 2.96739E-2 4.62265E-2 4.43975E-2 3.71195E-2 2.6923E-2 2.48075E-2 4.60476E-2 3.35818E-2 2.8453E-2 2.04927E-2 1.92774E-2 1.87251E-2 2.08765E-2
5.25552E-2 4.60218E-2 4.49839E-2 3.75841E-2 3.32866E-2 -9999 2.76559E-2 4.77526E-2 4.33868E-2 5.21229E-2 4.19559E-2 2.45172E-2 1.63891E-2 1.6329E-2 1.83242E-2 2.06389E-2 2.65355E-2 2.14463E-2 2.4329E-2 2.34734E-2 2.0939E-2 2.15757E-2 2.26341E-2 -9999 4.20345E-2 2.84048E-2 3.09072E-2 2.52715E-2 1.76581E-2 2.04E-2 3.21488E-2 3.12331E-2 1.99593E-2 1.9924E-2 1.76133E-2 2.19146E-2 2.64212E-2 2.43177E-2 2.75314E-2 2.17919E-2 2.52034E-2 2.22943E-2 2.42654E-2 4.32129E-2 4.01997E-2 4.83942E-2 3.30507E-2 4.09402E-2 3.81437E-2 3.5635E-2 2.98531E-2 4.68707E-2 3.85345E-2 4.24382E-2 4.24863E-2 3.77546E-2 5.31283E-2 2.37099E-2 1.88068E-2 1.89359E-2 2.04846E-2
4.27975E-2 4.40734E-2 2.95029E-2 5.32582E-2 4.28565E-2 3.10336E-2 3.04262E-2 4.19244E-2 4.15335E-2 2.81331E-2 3.15294E-2 2.42611E-2 1.63626E-2 1.64808E-2 1.8213E-2 2.0271E-2 2.44091E-2 2.28254E-2 2.77091E-2 2.996E-2 2.66098E-2 2.16556E-2 2.69158E-2 5.8035E-2 2.78247E-2 3.89382E-2 4.95855E-2 2.72068E-2 2.06665E-2 2.55732E-2 3.20942E-2 4.14373E-2 2.1482E-2 1.71753E-2 2.36529E-2 2.36586E-2 2.16709E-2 1.64836E-2 3.23939E-2 3.41639E-2 2.67036E-2 3.13484E-2 3.57069E-2 3.75673E-2 2.44236E-2 3.66174E-2 4.28261E-2 2.99581E-2 3.34183E-2 3.88436E-2 4.35318E-2 4.34177E-2 3.57408E-2 3.60331E-2 4.01865E-2 5.02648E-2 5.56379E-2 2.83169E-2 2.05336E-2 1.96238E-2 1.913E-2
3.20896E-2 3.64194E-2 3.89418E-2 5.43652E-2 4.89869E-2 6.58024E-2 6.24919E-2 4.23534E-2 2.67471E-2 3.78204E-2 2.26725E-2 2.22061E-2 1.71431E-2 1.75848E-2 1.83505E-2 2.42017E-2 2.03586E-2 2.28682E-2 2.48246E-2 3.08717E-2 2.22629E-2 2.14547E-2 2.10947E-2 2.06811E-2 1.90461E-2 2.05828E-2 -9999 2.69349E-2 4.27907E-2 3.13986E-2 3.3086E-2 3.44176E-2 2.2618E-2 2.22494E-2 2.36637E-2 3.04061E-2 2.35518E-2 2.1194E-2 3.32092E-2 3.95354E-2 3.59816E-2 3.84808E-2 3.39949E-2 2.80691E-2 3.47004E-2 3.87773E-2 2.80287E-2 3.57573E-2 -9999 3.61243E-2 4.66183E-2 4.72014E-2 4.34844E-2 3.5711E-2 4.20913E-2 5.20059E-2 4.73947E-2 4.61966E-2 2.30956E-2 2.14721E-2 2.16344E-2
4.149E-2 3.42477E-2 3.62222E-2 2.73789E-2 5.4388E-2 4.86186E-2 6.24924E-2 3.08972E-2 3.28913E-2 2.42044E-2 1.8277E-2 1.7269E-2 1.64684E-2 1.86538E-2 1.99878E-2 2.25891E-2 2.66573E-2 2.07702E-2 2.42725E-2 2.24135E-2 2.35178E-2 2.24914E-2 2.23675E-2 2.07475E-2 2.04959E-2 1.77761E-2 1.56425E-2 1.89375E-2 2.14935E-2 3.86693E-2 3.59039E-2 3.79242E-2 2.71513E-2 2.3488E-2 2.68144E-2 2.63367E-2 2.51665E-2 2.31504E-2 1.92671E-2 2.62862E-2 3.93747E-2 2.74115E-2 3.18477E-2 3.31323E-2 3.95719E-2 3.81103E-2 2.57483E-2 3.83462E-2 3.97908E-2 3.58074E-2 4.16375E-2 5.26868E-2 5.2906E-2 5.5267E-2 5.17669E-2 5.31844E-2 5.02817E-2 5.11556E-2 4.19626E-2 2.40082E-2 2.26611E-2
3.14857E-2 3.68514E-2 3.62506E-2 3.64696E-2 6.02219E-2 2.75655E-2 5.29107E-2 3.66213E-2 3.89547E-2 2.48403E-2 1.82169E-2 1.80366E-2 2.06268E-2 2.09319E-2 2.06487E-2 2.0721E-2 2.88189E-2 2.2519E-2 2.08698E-2 2.31052E-2 2.35688E-2 2.2486E-2 2.01391E-2 2.07147E-2 2.31652E-2 2.06524E-2 1.74501E-2 1.67992E-2 1.90001E-2 3.50471E-2 3.27038E-2 3.47654E-2 2.62411E-2 2.81208E-2 2.49133E-2 3.29644E-2 2.37093E-2 2.62698E-2 3.55038E-2 3.42833E-2 3.84123E-2 3.12884E-2 3.43282E-2 3.86546E-2 4.79755E-2 3.62045E-2 2.5967E-2 3.10224E-2 4.26631E-2 4.98162E-2 3.8274E-2 5.10781E-2 5.1595E-2 5.20782E-2 6.23883E-2 6.78619E-2 6.20428E-2 5.99665E-2 4.98422E-2 5.07493E-2 2.53846E-2
