Candidate_Models_July82022/M_0.1_F_lqp_Set_1_cal/Bison.asc
ncols         290
nrows         380
xllcorner     -2197417.7431653
yllcorner     -584827.01486885
cellsize      10000.0
NODATA_value  -9999
[rows 297 to 323 of 380, columns 183 to 243 of 290]
5.78014E-1 6.23764E-1 4.60587E-1 4.71545E-1 4.84496E-1 4.73921E-1 4.68896E-1 4.73256E-1 4.58493E-1 4.90052E-1 4.57553E-1 4.97592E-1 5.0251E-1 4.83776E-1 4.35044E-1 4.17832E-1 4.38408E-1 4.3013E-1 4.10871E-1 4.21465E-1 4.3186E-1 3.963E-1 4.1203E-1 4.28017E-1 4.13281E-1 4.28914E-1 4.13429E-1 4.17482E-1 4.29813E-1 4.91029E-1 4.33084E-1 4.37789E-1 4.33793E-1 4.44012E-1 4.10268E-1 5.72257E-1 5.34259E-1 4.72158E-1 4.8125E-1 5.30707E-1 4.39456E-1 4.99829E-1 4.89535E-1 3.9233E-1 3.45486E-1 3.88194E-1 3.66253E-1 3.51595E-1 3.41401E-1 3.91169E-1 3.28783E-1 3.46878E-1 3.25355E-1 2.8701E-1 2.73168E-1 2.74435E-1 2.67871E-1 2.56882E-1 2.51638E-1 2.32292E-1 2.41738E-1
5.83917E-1 5.88467E-1 4.94062E-1 4.70575E-1 4.82546E-1 5.01113E-1 4.90614E-1 4.85172E-1 4.69036E-1 4.67852E-1 4.44987E-1 4.55925E-1 4.7388E-1 4.62909E-1 4.70031E-1 4.66066E-1 4.29091E-1 4.19042E-1 4.06892E-1 4.29015E-1 4.47374E-1 4.34665E-1 4.23814E-1 4.29558E-1 4.12516E-1 4.35568E-1 4.35105E-1 4.70425E-1 4.48366E-1 5.42384E-1 4.25088E-1 4.47389E-1 4.34542E-1 4.03152E-1 4.11014E-1 5.95496E-1 4.44885E-1 4.49202E-1 6.39775E-1 6.12467E-1 5.48024E-1 5.00582E-1 4.71368E-1 5.05106E-1 3.59461E-1 3.54651E-1 3.77895E-1 4.43028E-1 3.40437E-1 3.43504E-1 3.27579E-1 3.84499E-1 3.23773E-1 2.83912E-1 2.7899E-1 2.78113E-1 2.70308E-1 2.57541E-1 2.54155E-1 2.4581E-1 2.40677E-1
5.21669E-1 5.30333E-1 4.77406E-1 4.70153E-1 4.89601E-1 4.97892E-1 4.84049E-1 4.64373E-1 4.75821E-1 4.05569E-1 4.40226E-1 4.5894E-1 4.63616E-1 4.63069E-1 4.56539E-1 4.51604E-1 4.43158E-1 4.13962E-1 4.11292E-1 4.14934E-1 4.29254E-1 4.7124E-1 4.47903E-1 4.44337E-1 4.27383E-1 4.22611E-1 4.31855E-1 4.4424E-1 4.25122E-1 5.00508E-1 4.47162E-1 4.46043E-1 4.4247E-1 4.38592E-1 4.0664E-1 4.19004E-1 3.89651E-1 3.88773E-1 6.58774E-1 5.32696E-1 5.68123E-1 4.94006E-1 5.05871E-1 4.55581E-1 3.6102E-1 3.88088E-1 4.43275E-1 3.53931E-1 3.46231E-1 4.12761E-1 3.54624E-1 3.26463E-1 4.15457E-1 3.01221E-1 2.89669E-1 2.81942E-1 2.67523E-1 2.56751E-1 2.54276E-1 2.45857E-1 3.13046E-1
4.54655E-1 6.7892E-1 5.12991E-1 4.48167E-1 4.74314E-1 4.75967E-1 4.97771E-1 4.67883E-1 4.58815E-1 4.04608E-1 4.43708E-1 4.75726E-1 4.39185E-1 4.4222E-1 4.8636E-1 5.27359E-1 4.33092E-1 4.27628E-1 4.28332E-1 4.26307E-1 4.43395E-1 4.40822E-1 4.24207E-1 4.20175E-1 4.23995E-1 4.13331E-1 4.40226E-1 4.34214E-1 4.42284E-1 4.92946E-1 4.41592E-1 4.46247E-1 4.24331E-1 4.23884E-1 4.28136E-1 4.75074E-1 4.21656E-1 3.90917E-1 5.87346E-1 4.74251E-1 4.62187E-1 5.5198E-1 4.58909E-1 4.71455E-1 3.75052E-1 3.66009E-1 4.77312E-1 3.68544E-1 3.58535E-1 3.83523E-1 4.29925E-1 3.92657E-1 3.3619E-1 3.10732E-1 2.94185E-1 2.85994E-1 2.75478E-1 2.74862E-1 2.56417E-1 2.49846E-1 5.85292E-1
4.35444E-1 5.81352E-1 6.28017E-1 4.48224E-1 4.64201E-1 4.62536E-1 4.7999E-1 4.82314E-1 4.76631E-1 4.5817E-1 4.54506E-1 4.76878E-1 4.68056E-1 5.07927E-1 4.51736E-1 4.48436E-1 4.4668E-1 4.45032E-1 4.15058E-1 4.51022E-1 4.58524E-1 4.61895E-1 4.29509E-1 4.26967E-1 4.36104E-1 4.10282E-1 4.38768E-1 4.35067E-1 4.04806E-1 4.71351E-1 7.39006E-1 4.39451E-1 4.27135E-1 4.52077E-1 4.21956E-1 4.24829E-1 4.25081E-1 4.8363E-1 5.92811E-1 4.35766E-1 4.33739E-1 5.25815E-1 4.96722E-1 5.00028E-1 3.83996E-1 3.68946E-1 3.6387E-1 3.34567E-1 3.45416E-1 3.69981E-1 3.4647E-1 3.39819E-1 3.4326E-1 3.27354E-1 3.03885E-1 3.63197E-1 2.82946E-1 2.81122E-1 2.70564E-1 2.60589E-1 2.90507E-1
4.36234E-1 4.2245E-1 4.43949E-1 4.68253E-1 4.57388E-1 4.73971E-1 4.78238E-1 4.84939E-1 4.45751E-1 4.36786E-1 4.37243E-1 4.74008E-1 4.69323E-1 4.70742E-1 4.60109E-1 4.48393E-1 4.61422E-1 4.41605E-1 4.17579E-1 4.32705E-1 4.54381E-1 4.55491E-1 4.47491E-1 4.56014E-1 4.22925E-1 4.09066E-1 4.42133E-1 3.45856E-1 4.6192E-1 4.61047E-1 6.38074E-1 4.41618E-1 4.34185E-1 4.25704E-1 4.69222E-1 6.25689E-1 6.81483E-1 4.61775E-1 3.9786E-1 4.53369E-1 5.42799E-1 4.41821E-1 4.93171E-1 4.33223E-1 3.8095E-1 3.57982E-1 3.66694E-1 3.31812E-1 3.42559E-1 3.6678E-1 3.47003E-1 3.38895E-1 3.33551E-1 3.34166E-1 3.13365E-1 3.29185E-1 2.85236E-1 2.75163E-1 2.68792E-1 2.60346E-1 2.49148E-1
4.40684E-1 4.30495E-1 4.41389E-1 4.41576E-1 4.59297E-1 4.72409E-1 4.6646E-1 4.60775E-1 4.58178E-1 5.75099E-1 4.89137E-1 4.81901E-1 4.75345E-1 4.64224E-1 4.66187E-1 4.62983E-1 4.66616E-1 4.60338E-1 4.69691E-1 4.57019E-1 4.54147E-1 4.86205E-1 5.84066E-1 4.40399E-1 4.46002E-1 4.0913E-1 4.1421E-1 4.15551E-1 4.31086E-1 4.32799E-1 4.66568E-1 5.32909E-1 4.67409E-1 4.42596E-1 5.14682E-1 5.08749E-1 4.181E-1 4.4037E-1 4.26891E-1 5.29499E-1 5.95916E-1 4.84368E-1 4.56788E-1 5.37826E-1 4.38789E-1 3.82021E-1 3.61303E-1 3.36403E-1 3.54207E-1 3.44683E-1 3.50417E-1 3.49492E-1 3.462E-1 3.34379E-1 3.18962E-1 3.04556E-1 3.10181E-1 2.90852E-1 2.89624E-1 2.66517E-1 2.51301E-1
4.2081E-1 4.37234E-1 4.44194E-1 4.69186E-1 4.76515E-1 4.50538E-1 4.54491E-1 4.64478E-1 4.70754E-1 4.648E-1 4.86472E-1 5.02473E-1 4.85743E-1 4.08214E-1 4.60059E-1 4.56249E-1 4.65382E-1 4.62433E-1 4.70984E-1 4.71476E-1 4.53151E-1 4.5634E-1 4.48634E-1 4.35056E-1 4.52206E-1 4.54514E-1 4.37584E-1 4.49359E-1 4.54084E-1 4.49549E-1 4.48907E-1 4.40618E-1 4.94566E-1 4.20623E-1 4.41578E-1 4.43227E-1 5.23234E-1 4.35438E-1 5.36349E-1 4.07753E-1 4.56524E-1 4.1072E-1 4.55707E-1 5.28251E-1 4.65382E-1 3.77461E-1 3.68755E-1 3.59334E-1 3.35236E-1 3.5689E-1 3.42944E-1 3.43439E-1 3.27331E-1 3.22436E-1 3.36252E-1 3.20327E-1 3.11369E-1 3.52861E-1 3.3973E-1 2.70162E-1 2.54779E-1
4.3041E-1 4.42985E-1 4.62212E-1 4.97691E-1 4.6783E-1 4.61958E-1 4.35354E-1 4.72013E-1 4.88046E-1 4.71403E-1 4.36751E-1 4.37287E-1 4.76436E-1 4.76449E-1 4.63982E-1 4.57399E-1 4.53104E-1 4.67406E-1 4.78437E-1 4.80106E-1 4.72997E-1 4.63239E-1 4.41102E-1 4.48403E-1 4.7749E-1 4.48267E-1 4.31841E-1 4.32205E-1 4.57161E-1 4.52243E-1 4.44036E-1 4.26416E-1 4.75594E-1 4.57616E-1 4.66351E-1 4.54394E-1 4.33452E-1 4.35947E-1 5.52624E-1 4.36878E-1 4.33796E-1 5.21114E-1 4.87885E-1 4.71261E-1 4.66285E-1 3.9374E-1 3.83266E-1 3.69227E-1 3.58335E-1 3.51682E-1 3.70564E-1 3.54602E-1 3.99512E-1 3.5373E-1 3.29481E-1 3.21452E-1 3.88092E-1 3.41479E-1 3.04692E-1 2.68499E-1 2.52878E-1
4.86147E-1 4.34991E-1 4.31744E-1 4.43857E-1 5.44969E-1 4.71839E-1 4.45964E-1 4.63286E-1 4.69713E-1 4.70528E-1 4.65263E-1 4.7502E-1 4.7519E-1 4.70215E-1 4.6569E-1 4.60439E-1 4.56988E-1 4.61656E-1 4.62392E-1 4.55696E-1 4.64328E-1 4.41182E-1 4.36934E-1 4.55858E-1 4.77018E-1 4.62404E-1 4.35466E-1 4.40072E-1 4.38933E-1 4.22654E-1 4.37322E-1 4.24064E-1 4.65513E-1 4.37864E-1 4.5935E-1 4.7383E-1 4.67413E-1 4.4537E-1 4.22955E-1 4.8143E-1 5.01755E-1 4.99019E-1 4.74489E-1 4.57706E-1 5.17314E-1 4.10494E-1 3.80334E-1 3.65775E-1 3.41469E-1 3.51217E-1 3.50179E-1 3.69854E-1 3.73288E-1 3.52247E-1 3.33983E-1 3.27598E-1 3.78422E-1 4.51567E-1 4.13419E-1 2.66745E-1 2.49034E-1
4.19398E-1 4.41867E-1 4.3277E-1 4.51442E-1 5.39164E-1 5.16919E-1 4.55831E-1 4.59272E-1 4.76476E-1 4.74486E-1 4.62334E-1 4.7755E-1 4.7001E-1 4.55298E-1 4.54818E-1 4.55698E-1 4.63134E-1 4.67403E-1 4.62336E-1 4.75849E-1 4.63357E-1 4.61605E-1 4.67691E-1 4.48455E-1 4.45528E-1 4.47439E-1 4.44557E-1 4.4757E-1 4.38548E-1 4.35699E-1 4.39712E-1 4.56531E-1 4.52489E-1 3.90586E-1 4.43198E-1 4.28841E-1 4.50294E-1 4.25034E-1 4.44369E-1 4.39992E-1 4.58529E-1 4.97155E-1 5.32652E-1 4.78729E-1 4.79528E-1 4.2711E-1 3.75347E-1 3.68241E-1 3.53252E-1 3.71346E-1 3.26152E-1 3.56251E-1 4.21519E-1 3.48331E-1 3.4495E-1 3.2887E-1 3.57262E-1 3.16164E-1 2.85077E-1 2.6823E-1 2.51607E-1
4.33572E-1 4.31465E-1 4.4975E-1 4.58665E-1 4.57089E-1 5.04998E-1 4.55073E-1 4.56129E-1 4.52508E-1 4.80311E-1 4.76515E-1 4.79108E-1 4.69439E-1 4.79693E-1 4.72565E-1 4.65312E-1 4.61805E-1 4.57697E-1 4.62588E-1 4.53086E-1 4.48826E-1 4.62423E-1 4.54898E-1 4.47423E-1 4.35401E-1 4.35984E-1 4.41826E-1 4.28453E-1 4.22354E-1 3.91251E-1 4.32637E-1 4.19962E-1 4.72035E-1 4.11664E-1 4.61308E-1 4.84517E-1 4.53852E-1 4.54087E-1 4.66033E-1 4.60973E-1 5.20328E-1 5.14993E-1 4.6137E-1 5.43108E-1 5.14007E-1 4.34177E-1 3.67217E-1 3.64191E-1 3.46092E-1 3.65897E-1 3.62254E-1 3.45087E-1 4.57113E-1 3.97672E-1 3.4557E-1 3.3904E-1 3.80638E-1 3.07175E-1 3.34165E-1 3.00705E-1 2.5158E-1
4.18176E-1 4.22802E-1 4.30143E-1 4.37518E-1 4.67704E-1 4.71678E-1 4.608E-1 4.66733E-1 4.74902E-1 4.70072E-1 4.73372E-1 4.76672E-1 4.63302E-1 4.62098E-1 4.6344E-1 4.73023E-1 4.47855E-1 4.67015E-1 4.41348E-1 4.30044E-1 4.323E-1 4.49793E-1 4.46743E-1 4.69428E-1 4.58401E-1 4.52989E-1 4.31408E-1 4.32745E-1 4.23921E-1 4.56115E-1 4.28278E-1 5.27087E-1 4.59709E-1 4.14963E-1 4.65122E-1 4.80155E-1 4.97236E-1 4.59103E-1 4.54234E-1 5.01115E-1 5.44626E-1 6.73065E-1 4.90665E-1 4.89802E-1 5.2016E-1 4.31194E-1 3.65329E-1 3.65325E-1 3.50308E-1 3.44672E-1 3.44432E-1 3.51111E-1 4.3394E-1 3.73519E-1 3.63711E-1 3.72652E-1 3.37746E-1 3.35431E-1 4.17519E-1 4.62712E-1 4.34892E-1
4.33177E-1 4.47508E-1 5.38729E-1 4.3727E-1 4.77457E-1 4.50191E-1 4.55845E-1 4.64609E-1 4.53363E-1 4.63516E-1 4.77667E-1 5.34737E-1 4.58426E-1 4.38661E-1 4.47268E-1 4.44326E-1 4.64521E-1 4.5442E-1 4.42876E-1 4.34455E-1 4.1648E-1 4.48121E-1 4.33107E-1 4.32338E-1 4.35583E-1 4.40291E-1 4.20438E-1 4.35543E-1 4.35774E-1 4.47829E-1 4.17498E-1 4.49436E-1 6.33718E-1 4.07718E-1 4.19768E-1 4.43684E-1 5.05441E-1 4.65192E-1 4.88934E-1 4.76732E-1 5.47812E-1 5.10693E-1 5.55767E-1 5.03311E-1 4.97224E-1 3.64131E-1 3.66906E-1 3.55758E-1 3.54892E-1 3.46504E-1 3.49676E-1 4.74315E-1 5.46609E-1 4.50065E-1 3.40167E-1 3.40091E-1 3.62922E-1 3.78839E-1 4.04837E-1 3.08364E-1 3.25113E-1
4.36473E-1 6.70629E-1 6.30097E-1 4.93447E-1 4.79428E-1 4.45685E-1 4.45302E-1 4.72196E-1 4.47206E-1 5.26721E-1 4.2521E-1 4.67104E-1 4.55479E-1 4.55299E-1 4.46211E-1 4.29052E-1 4.33308E-1 4.54421E-1 4.26187E-1 4.28927E-1 4.2986E-1 4.41121E-1 4.38435E-1 4.52329E-1 4.64918E-1 4.527E-1 4.65804E-1 4.43325E-1 4.42745E-1 4.41503E-1 4.33273E-1 4.34589E-1 6.03739E-1 6.78108E-1 4.92042E-1 4.30955E-1 4.70671E-1 4.66108E-1 4.37435E-1 4.41404E-1 4.6581E-1 4.41624E-1 5.02126E-1 5.09054E-1 4.32684E-1 3.78136E-1 3.77741E-1 3.63674E-1 3.48865E-1 3.61627E-1 3.76862E-1 5.28563E-1 4.27161E-1 5.53652E-1 3.49903E-1 3.17106E-1 3.67776E-1 3.00235E-1 3.44791E-1 3.26724E-1 3.14539E-1
5.36312E-1 5.19832E-1 4.43895E-1 5.51472E-1 5.18067E-1 4.71338E-1 4.31719E-1 4.53489E-1 4.4952E-1 4.218E-1 4.54554E-1 4.39612E-1 4.47042E-1 4.61871E-1 4.59048E-1 4.42837E-1 4.27848E-1 4.07947E-1 4.28913E-1 4.41219E-1 4.17103E-1 4.36911E-1 4.34459E-1 4.39871E-1 4.45484E-1 4.31801E-1 4.3674E-1 4.34073E-1 4.29045E-1 4.25339E-1 4.17626E-1 4.23553E-1 4.27373E-1 6.3737E-1 4.19129E-1 4.2377E-1 4.35666E-1 4.50943E-1 4.5501E-1 4.27318E-1 4.46764E-1 4.64787E-1 5.03324E-1 4.38064E-1 4.16192E-1 3.8447E-1 3.88875E-1 3.59689E-1 3.78203E-1 3.70991E-1 5.3333E-1 4.93248E-1 5.22664E-1 4.467E-1 3.52417E-1 3.30818E-1 4.64325E-1 3.73421E-1 3.15025E-1 3.02147E-1 3.12489E-1
6.23961E-1 7.18532E-1 4.81363E-1 5.83965E-1 4.7915E-1 4.60702E-1 4.52405E-1 4.49942E-1 4.42919E-1 4.40066E-1 4.51317E-1 4.37944E-1 4.33325E-1 4.43071E-1 4.14498E-1 4.11479E-1 4.36249E-1 4.23596E-1 4.55862E-1 5.23228E-1 3.85708E-1 3.89251E-1 4.25249E-1 4.22411E-1 4.38181E-1 4.16352E-1 4.31321E-1 3.82653E-1 4.1733E-1 4.26122E-1 4.11342E-1 4.05E-1 4.15493E-1 4.98434E-1 6.30279E-1 4.32513E-1 4.17807E-1 4.39515E-1 4.39192E-1 4.55661E-1 4.41729E-1 4.52192E-1 4.46691E-1 4.53258E-1 3.9993E-1 3.87389E-1 3.79564E-1 3.76637E-1 3.81192E-1 4.1831E-1 5.27525E-1 5.62598E-1 4.02454E-1 3.64446E-1 3.34249E-1 4.8241E-1 6.28531E-1 5.04321E-1 3.71357E-1 3.11146E-1 2.94622E-1
6.69402E-1 6.74775E-1 5.44772E-1 5.26838E-1 5.01159E-1 4.59084E-1 4.57081E-1 4.54623E-1 4.67731E-1 4.63326E-1 4.53208E-1 4.11304E-1 4.17599E-1 4.21673E-1 4.19165E-1 4.10109E-1 4.01266E-1 3.92109E-1 3.93195E-1 4.20212E-1 3.94401E-1 4.06521E-1 4.15113E-1 4.08869E-1 4.25712E-1 4.01814E-1 4.00005E-1 4.22297E-1 3.91802E-1 3.35436E-1 3.80736E-1 4.04114E-1 5.02325E-1 6.45208E-1 5.45801E-1 4.39766E-1 4.44076E-1 4.58935E-1 4.5709E-1 4.34002E-1 4.24153E-1 4.27438E-1 4.31173E-1 4.39238E-1 3.98541E-1 3.92108E-1 3.85105E-1 3.62867E-1 3.60501E-1 4.26809E-1 4.19379E-1 4.24059E-1 4.55548E-1 3.48259E-1 3.43329E-1 4.96408E-1 6.4039E-1 6.067E-1 4.88299E-1 2.84524E-1 3.21786E-1
5.05011E-1 5.23261E-1 4.68921E-1 5.36089E-1 4.61374E-1 4.48753E-1 4.2535E-1 4.29266E-1 4.50601E-1 4.55937E-1 4.54246E-1 4.57424E-1 4.45477E-1 4.33377E-1 4.4557E-1 4.38362E-1 4.1718E-1 4.21077E-1 4.08048E-1 4.30211E-1 4.19252E-1 4.06504E-1 4.03926E-1 4.08994E-1 3.9898E-1 4.20119E-1 3.90201E-1 4.05652E-1 4.02898E-1 4.16653E-1 3.98065E-1 3.97214E-1 6.21809E-1 6.63036E-1 4.1175E-1 4.14526E-1 4.24124E-1 4.35368E-1 4.23044E-1 4.26676E-1 4.18246E-1 4.21283E-1 4.21518E-1 4.34351E-1 3.94226E-1 3.98563E-1 3.83743E-1 3.79597E-1 3.8188E-1 3.70218E-1 4.88595E-1 3.6501E-1 3.81921E-1 3.57084E-1 3.50777E-1 5.74155E-1 5.67322E-1 4.28081E-1 4.26016E-1 3.122E-1 3.00099E-1
4.76645E-1 4.79287E-1 4.34996E-1 5.13334E-1 5.11296E-1 4.78144E-1 4.63773E-1 4.73441E-1 4.41138E-1 4.49564E-1 4.42366E-1 4.12552E-1 4.29053E-1 4.19055E-1 4.11859E-1 4.22723E-1 4.25818E-1 4.07179E-1 4.1984E-1 4.28479E-1 4.17587E-1 4.04136E-1 4.0848E-1 4.17641E-1 4.02945E-1 4.04237E-1 4.04742E-1 3.98945E-1 3.92129E-1 4.07267E-1 4.08877E-1 4.13888E-1 4.20819E-1 5.90876E-1 5.79601E-1 4.4081E-1 4.32462E-1 4.51136E-1 4.55919E-1 4.29619E-1 4.24654E-1 4.10134E-1 4.32814E-1 4.07381E-1 4.09458E-1 3.9679E-1 3.95252E-1 3.76871E-1 5.39837E-1 3.75613E-1 5.01364E-1 3.73051E-1 3.74636E-1 3.65634E-1 4.61686E-1 5.56083E-1 6.31066E-1 6.59194E-1 4.73002E-1 3.49758E-1 2.93022E-1
5.48882E-1 5.00563E-1 4.94645E-1 6.8854E-1 5.86415E-1 4.54858E-1 4.88933E-1 4.51239E-1 4.40607E-1 4.47828E-1 4.45342E-1 4.41783E-1 4.72214E-1 4.26683E-1 4.34918E-1 4.27576E-1 4.17816E-1 4.27046E-1 4.36147E-1 4.20471E-1 4.14222E-1 4.14945E-1 4.06872E-1 4.12449E-1 4.15873E-1 4.04931E-1 4.03334E-1 3.99949E-1 3.91857E-1 3.94152E-1 3.95104E-1 3.95137E-1 3.98647E-1 6.3332E-1 6.52721E-1 4.10325E-1 4.25292E-1 4.25161E-1 4.15854E-1 4.23899E-1 4.33608E-1 4.19766E-1 4.15526E-1 4.17038E-1 4.00135E-1 3.9524E-1 3.83269E-1 3.82404E-1 3.67319E-1 4.59693E-1 3.78273E-1 3.61391E-1 3.7658E-1 3.7746E-1 4.00087E-1 4.69409E-1 5.24169E-1 6.46296E-1 3.44509E-1 3.46981E-1 3.10264E-1
5.39767E-1 5.18719E-1 4.76389E-1 5.24527E-1 5.32265E-1 4.75745E-1 6.83446E-1 4.98625E-1 4.35901E-1 4.24514E-1 4.32158E-1 4.03018E-1 4.19749E-1 4.18322E-1 4.33403E-1 4.29527E-1 4.28983E-1 4.25273E-1 4.22963E-1 4.27387E-1 4.00592E-1 3.97639E-1 3.99918E-1 3.99315E-1 3.89134E-1 3.88954E-1 3.94667E-1 3.87703E-1 3.68336E-1 3.63267E-1 3.63066E-1 3.8045E-1 3.91702E-1 4.40171E-1 6.65091E-1 3.95011E-1 3.96695E-1 5.07537E-1 4.22407E-1 4.56926E-1 4.32416E-1 4.34475E-1 4.18635E-1 4.10706E-1 3.9287E-1 4.0219E-1 4.34313E-1 3.7127E-1 3.64091E-1 4.19228E-1 3.67713E-1 3.55758E-1 3.4564E-1 3.65862E-1 3.93867E-1 4.69674E-1 5.22209E-1 6.62508E-1 3.69387E-1 3.2859E-1 3.60504E-1
6.04423E-1 4.6198E-1 4.69711E-1 4.70741E-1 4.59577E-1 4.50875E-1 5.76966E-1 5.99612E-1 5.84269E-1 4.29697E-1 4.20861E-1 4.17261E-1 4.20063E-1 4.18309E-1 4.09823E-1 4.13499E-1 4.06567E-1 4.03751E-1 4.06769E-1 4.02234E-1 3.72215E-1 3.83972E-1 3.67497E-1 3.75772E-1 3.77764E-1 3.40482E-1 3.46843E-1 3.16187E-1 3.3916E-1 3.61014E-1 3.49612E-1 3.84045E-1 3.75852E-1 3.66921E-1 6.46042E-1 3.98717E-1 4.02782E-1 3.95075E-1 4.02589E-1 4.33023E-1 4.35526E-1 4.28947E-1 4.23178E-1 4.12E-1 3.88429E-1 3.83741E-1 4.09742E-1 3.61197E-1 3.67444E-1 3.66755E-1 3.65399E-1 3.64786E-1 3.56778E-1 4.27396E-1 5.17509E-1 5.39071E-1 3.85821E-1 3.60067E-1 3.44421E-1 3.34874E-1 3.71627E-1
6.90917E-1 6.53132E-1 4.40886E-1 4.87923E-1 4.4567E-1 5.15478E-1 4.90487E-1 6.00635E-1 4.519E-1 4.20458E-1 4.00382E-1 3.88097E-1 3.9707E-1 4.08277E-1 4.07741E-1 3.88954E-1 4.1462E-1 3.89981E-1 3.898E-1 3.918E-1 3.7255E-1 3.6953E-1 3.84464E-1 3.98793E-1 3.92625E-1 3.719E-1 3.87453E-1 3.84032E-1 3.60692E-1 3.87848E-1 3.9812E-1 3.70533E-1 3.6703E-1 3.77471E-1 6.30085E-1 3.79654E-1 3.86828E-1 4.05342E-1 4.01804E-1 4.16927E-1 4.25419E-1 4.24214E-1 4.14964E-1 4.02086E-1 3.91262E-1 3.81514E-1 3.71945E-1 3.65301E-1 3.64188E-1 3.67373E-1 3.59037E-1 3.63299E-1 3.57727E-1 4.17753E-1 4.22851E-1 4.35204E-1 4.8994E-1 5.28336E-1 4.09497E-1 3.35786E-1 3.41722E-1
6.78334E-1 6.61738E-1 5.87582E-1 5.25602E-1 4.75038E-1 4.73726E-1 4.55131E-1 4.62498E-1 5.26907E-1 4.46362E-1 4.04507E-1 3.89786E-1 4.09827E-1 4.12853E-1 4.11251E-1 4.11338E-1 4.10337E-1 3.95609E-1 3.86977E-1 3.79469E-1 3.7665E-1 3.77799E-1 3.77749E-1 3.91512E-1 3.8887E-1 3.97725E-1 3.91251E-1 3.74721E-1 3.88079E-1 3.87008E-1 3.56435E-1 3.75464E-1 3.59494E-1 6.46786E-1 6.05254E-1 4.01566E-1 4.04742E-1 4.02385E-1 3.96713E-1 4.03303E-1 4.10288E-1 4.05665E-1 4.13454E-1 4.03543E-1 3.89034E-1 3.86882E-1 3.82273E-1 3.66267E-1 3.61857E-1 3.6363E-1 3.59178E-1 3.56991E-1 3.6051E-1 3.6932E-1 4.71682E-1 4.19909E-1 4.20065E-1 5.88512E-1 4.34824E-1 3.45989E-1 3.31687E-1
6.78107E-1 6.49051E-1 6.57337E-1 6.80578E-1 4.6762E-1 3.98213E-1 4.91566E-1 3.90026E-1 3.91777E-1 4.57421E-1 4.14385E-1 3.771E-1 3.95656E-1 3.81518E-1 3.9278E-1 3.95263E-1 3.94496E-1 3.94956E-1 3.9289E-1 3.81918E-1 3.68083E-1 3.83585E-1 3.83968E-1 3.84247E-1 3.8242E-1 3.89211E-1 3.84592E-1 3.66077E-1 3.46737E-1 3.5503E-1 3.20412E-1 3.33622E-1 3.39536E-1 6.14507E-1 3.82612E-1 3.86441E-1 3.88932E-1 3.97218E-1 4.16026E-1 3.97098E-1 4.18107E-1 4.0903E-1 4.12557E-1 3.96381E-1 3.85031E-1 3.82148E-1 3.83382E-1 3.64103E-1 3.74511E-1 3.54668E-1 3.52687E-1 3.51907E-1 3.56133E-1 3.56704E-1 4.81795E-1 4.3429E-1 4.06541E-1 4.42738E-1 6.00704E-1 5.40327E-1 3.38741E-1
6.83202E-1 6.51617E-1 5.96241E-1 6.41271E-1 5.54738E-1 4.26443E-1 3.37275E-1 4.78335E-1 3.6395E-1 3.94138E-1 3.69896E-1 3.82452E-1 3.98512E-1 3.80711E-1 3.56069E-1 3.71398E-1 3.71134E-1 3.83863E-1 3.87413E-1 3.87724E-1 3.64812E-1 3.60956E-1 3.70013E-1 3.76994E-1 3.67505E-1 3.69278E-1 3.55788E-1 3.59545E-1 3.28847E-1 3.98749E-1 5.23385E-1 7.10607E-1 5.98546E-1 5.94648E-1 3.71206E-1 3.75024E-1 3.70014E-1 4.09178E-1 4.57509E-1 3.99859E-1 3.99282E-1 4.07759E-1 4.11807E-1 3.99723E-1 3.87189E-1 3.78517E-1 3.80893E-1 4.1441E-1 4.06728E-1 3.55434E-1 3.42388E-1 3.4658E-1 3.54328E-1 3.46466E-1 4.56213E-1 4.69608E-1 3.88392E-1 3.68839E-1 4.19288E-1 4.4684E-1 3.33114E-1
