Candidate_Models_July82022/M_0.1_F_lqp_Set_1_cal/Bison.asc
ncols         290
nrows         380
xllcorner     -2197417.7431653
yllcorner     -584827.01486885
cellsize      10000.0
NODATA_value  -9999
[rows 297 to 323 of 380, columns 0 to 60 of 290]
-9999 -9999 -9999 -9999 -9999 -9999 -9999 -9999 -9999 -9999 -9999 -9999 -9999 -9999 -9999 -9999 -9999 -9999 -9999 -9999 -9999 -9999 -9999 -9999 -9999 -9999 -9999 -9999 -9999 -9999 -9999 -9999 1.2223E-2 9.183E-3 9.27449E-3 5.92407E-3 9.80909E-3 7.50856E-3 8.67782E-2 1.16989E-1 1.13673E-1 1.28563E-1 1.37925E-1 1.10855E-1 3.29817E-2 2.13901E-2 4.30774E-2 2.24132E-2 1.09057E-2 2.59042E-2 1.08088E-2 6.01239E-3 2.9425E-2 4.78074E-2 2.02684E-1 1.70772E-1 6.78198E-2 5.20783E-2 7.08735E-2 1.88808E-1 6.77247E-2
-9999 -9999 -9999 -9999 -9999 -9999 -9999 -9999 -9999 -9999 -9999 -9999 -9999 -9999 -9999 -9999 -9999 -9999 -9999 -9999 -9999 -9999 -9999 -9999 -9999 -9999 -9999 -9999 -9999 -9999 -9999 -9999 8.12677E-3 8.94748E-3 6.41866E-3 5.67069E-3 6.43863E-3 1.60052E-2 6.222E-2 1.18366E-1 1.02265E-1 1.28521E-1 1.6526E-1 5.74075E-2 6.08258E-2 8.20807E-2 4.45733E-2 1.59616E-2 1.10305E-2 1.62897E-2 6.12408E-3 4.04515E-2 4.353E-2 6.33114E-2 1.42447E-1 8.18821E-2 5.15356E-2 6.21596E-2 8.24719E-2 1.31595E-1 4.05833E-2
-9999 -9999 -9999 -9999 -9999 -9999 -9999 -9999 -9999 -9999 -9999 -9999 -9999 -9999 -9999 -9999 -9999 -9999 -9999 -9999 -9999 -9999 -9999 -9999 -9999 -9999 -9999 -9999 -9999 -9999 -9999 -9999 5.40956E-3 7.55303E-3 5.05627E-3 5.87911E-3 7.05411E-3 1.12495E-2 8.0226E-2 1.1401E-1 1.10394E-1 9.77524E-2 1.35583E-1 7.43214E-2 3.79739E-2 3.81607E-2 1.0762E-2 4.1445E-3 9.09692E-3 1.00062E-2 2.93892E-3 5.51702E-2 7.02523E-2 6.35811E-2 7.25521E-2 4.58737E-2 5.89018E-2 6.07419E-2 7.48573E-2 1.09827E-1 4.26444E-2
-9999 -9999 -9999 -9999 -9999 -9999 -9999 -9999 -9999 -9999 -9999 -9999 -9999 -9999 -9999 -9999 -9999 -9999 -9999 -9999 -9999 -9999 -9999 -9999 -9999 -9999 -9999 -9999 -9999 -9999 -9999 8.36E-3 5.44451E-3 4.20354E-3 1.48038E-2 7.11749E-3 8.5178E-3 9.58466E-2 1.0986E-1 1.20176E-1 1.14302E-1 1.19615E-1 6.19792E-2 4.20336E-2 2.36528E-2 2.33962E-2 1.51469E-2 8.68241E-3 1.29585E-2 1.62094E-3 3.27724E-3 5.13373E-2 8.77048E-2 5.27687E-2 6.2737E-2 3.75396E-2 6.37369E-2 5.75808E-2 6.94659E-2 6.04438E-2 3.17385E-2
-9999 -9999 -9999 -9999 -9999 -9999 -9999 -9999 -9999 -9999 -9999 -9999 -9999 -9999 -9999 -9999 -9999 -9999 -9999 -9999 -9999 -9999 -9999 -9999 -9999 -9999 -9999 -9999 -9999 -9999 -9999 6.66931E-3 4.80297E-3 2.80381E-3 7.15562E-3 3.88063E-3 1.05875E-2 8.10718E-2 8.79298E-2 8.81475E-2 1.0822E-1 8.91853E-2 5.13978E-2 3.59126E-2 2.8495E-2 2.06534E-2 1.43557E-2 1.06738E-2 9.74013E-3 2.39752E-4 1.25489E-2 4.01019E-2 5.63954E-2 4.74975E-2 4.09916E-2 2.6916E-2 5.20054E-2 5.73107E-2 8.07374E-2 6.61908E-2 4.50221E-2
-9999 -9999 -9999 -9999 -9999 -9999 -9999 -9999 -9999 -9999 -9999 -9999 -9999 -9999 -9999 -9999 -9999 -9999 -9999 -9999 -9999 -9999 -9999 -9999 -9999 -9999 -9999 -9999 -9999 -9999 9.21591E-3 8.73233E-3 4.66473E-3 3.20238E-3 3.43783E-3 2.56807E-3 5.35056E-2 8.68493E-2 8.59437E-2 1.01977E-1 3.65444E-2 9.30941E-2 3.32875E-2 2.52124E-2 3.20669E-2 1.68048E-2 1.98859E-2 1.71521E-2 3.15036E-3 1.00779E-3 2.19258E-2 2.56176E-2 4.11061E-2 3.46722E-2 1.76486E-1 6.64643E-2 4.99755E-2 9.1808E-2 6.82044E-2 9.57597E-2 3.36734E-2
-9999 -9999 -9999 -9999 -9999 -9999 -9999 -9999 -9999 -9999 -9999 -9999 -9999 -9999 -9999 -9999 -9999 -9999 -9999 -9999 -9999 -9999 -9999 -9999 -9999 -9999 -9999 -9999 -9999 -9999 6.139E-3 5.04007E-3 3.4984E-3 4.01501E-3 4.8588E-3 4.28296E-3 4.80911E-2 9.50833E-2 8.37666E-2 4.22514E-2 3.14979E-2 9.82789E-2 3.29818E-2 3.18356E-2 1.41511E-2 2.42678E-2 1.24594E-2 7.2355E-3 2.78859E-4 1.59451E-2 2.41511E-2 3.23831E-2 3.82043E-2 5.04693E-2 2.4772E-1 7.68598E-2 4.93262E-2 6.53463E-2 7.41654E-2 4.69277E-2 0E0
-9999 -9999 -9999 -9999 -9999 -9999 -9999 -9999 -9999 -9999 -9999 -9999 -9999 -9999 -9999 -9999 -9999 -9999 -9999 -9999 -9999 -9999 -9999 -9999 -9999 -9999 -9999 -9999 -9999 7.19568E-3 7.02654E-3 4.18736E-3 4.30597E-3 4.64336E-3 4.32699E-3 3.28955E-3 6.52972E-2 8.68282E-2 6.83904E-2 1.50033E-2 8.35042E-3 1.93828E-2 4.25678E-2 2.19829E-2 1.58114E-2 1.46669E-2 1.66483E-2 4.0189E-3 9.62407E-4 2.55454E-2 3.39133E-2 3.65317E-2 3.65061E-2 2.04876E-1 1.21257E-1 5.91659E-2 5.25995E-2 5.8281E-2 7.49989E-2 4.65874E-2 3.8907E-2
-9999 -9999 -9999 -9999 -9999 -9999 -9999 -9999 -9999 -9999 -9999 -9999 -9999 -9999 -9999 -9999 -9999 -9999 -9999 -9999 -9999 -9999 -9999 -9999 -9999 -9999 -9999 -9999 -9999 5.92362E-3 5.09274E-3 5.63797E-3 5.05243E-3 3.01342E-3 3.37951E-3 1.39311E-2 7.44523E-2 5.26798E-2 5.53848E-2 3.28243E-2 2.11713E-2 2.51745E-2 1.69818E-2 2.50722E-2 1.09733E-2 1.42965E-2 1.10637E-2 2.63131E-3 1.98967E-3 3.3245E-2 3.5798E-2 4.00469E-2 8.10896E-2 1.62743E-1 4.71678E-2 5.8933E-2 1.13641E-1 6.40357E-2 7.11313E-2 6.50891E-2 4.09528E-2
-9999 -9999 -9999 -9999 -9999 -9999 -9999 -9999 -9999 -9999 -9999 -9999 -9999 -9999 -9999 -9999 -9999 -9999 -9999 -9999 -9999 -9999 -9999 -9999 -9999 -9999 -9999 -9999 -9999 3.65534E-3 5.27626E-3 5.34537E-3 3.94229E-3 1.99981E-3 3.53135E-3 1.01689E-2 2.36018E-2 1.37603E-2 4.39104E-2 4.60117E-2 1.91752E-2 1.33703E-2 8.26009E-3 9.76453E-3 8.93158E-3 1.00057E-2 1.17978E-2 5.65419E-4 1.24809E-3 2.95409E-2 4.63727E-2 5.4308E-2 8.45874E-2 1.28968E-1 6.65464E-2 6.06352E-2 6.95689E-2 6.4526E-2 1.21656E-1 7.15116E-2 7.28888E-2
-9999 -9999 -9999 -9999 -9999 -9999 -9999 -9999 -9999 -9999 -9999 -9999 -9999 -9999 -9999 -9999 -9999 -9999 -9999 -9999 -9999 -9999 -9999 -9999 -9999 -9999 -9999 -9999 6.46444E-3 4.73656E-3 4.19039E-3 4.45382E-3 2.45379E-3 2.27245E-3 2.80335E-3 5.56055E-3 8.02677E-3 7.20812E-2 7.02818E-2 3.78259E-2 1.29814E-2 6.93378E-3 6.88356E-3 1.00917E-2 7.78792E-3 4.45786E-3 1.09867E-2 2.06408E-4 2.30949E-3 2.07991E-2 6.55793E-2 4.87037E-2 8.20301E-2 1.85604E-1 1.99499E-1 3.29312E-1 7.70721E-2 6.73946E-2 8.0702E-2 8.02244E-2 6.99471E-2
-9999 -9999 -9999 -9999 -9999 -9999 -9999 -9999 -9999 -9999 -9999 -9999 -9999 -9999 -9999 -9999 -9999 -9999 -9999 -9999 -9999 -9999 -9999 -9999 -9999 -9999 -9999 -9999 3.35871E-3 5.44342E-3 3.05384E-3 2.9489E-3 2.02011E-3 1.95891E-3 3.65609E-3 5.32647E-3 1.02974E-2 4.3734E-2 1.9546E-2 2.188E-2 1.35406E-2 6.79134E-3 7.88206E-3 1.11215E-2 1.03898E-2 5.6781E-3 5.74357E-3 1.81004E-4 7.36304E-3 4.15625E-3 5.0829E-2 1.26218E-1 7.25004E-2 9.79909E-2 2.8016E-1 9.12851E-2 1.41268E-1 8.81653E-2 9.14801E-2 7.32214E-2 2.17051E-1
-9999 -9999 -9999 -9999 -9999 -9999 -9999 -9999 -9999 -9999 -9999 -9999 -9999 -9999 -9999 -9999 -9999 -9999 -9999 -9999 -9999 -9999 -9999 -9999 -9999 -9999 -9999 6.99304E-3 3.96666E-3 7.36513E-3 4.31181E-3 2.01534E-3 6.52704E-3 2.20332E-3 4.32939E-3 3.45382E-3 1.2263E-2 2.94677E-2 1.37617E-2 1.09096E-2 5.54453E-3 9.70466E-3 5.23459E-3 9.15753E-3 8.93851E-3 1.22895E-2 7.91104E-4 7.75789E-4 2.38152E-4 1.46397E-2 4.84174E-2 6.10776E-2 6.6614E-2 7.73886E-2 4.89891E-2 6.49768E-2 7.1608E-2 9.35081E-2 1.01002E-1 1.03407E-1 1.99695E-1
-9999 -9999 -9999 -9999 -9999 -9999 -9999 -9999 -9999 -9999 -9999 -9999 -9999 -9999 -9999 -9999 -9999 -9999 -9999 -9999 -9999 -9999 -9999 -9999 -9999 -9999 0E0 5.69033E-3 2.6421E-3 7.79592E-3 4.47422E-3 2.66784E-3 3.02505E-3 3.12865E-3 1.73495E-2 1.03523E-2 1.13137E-2 8.33353E-3 1.52117E-2 7.51943E-3 9.25064E-3 9.37014E-3 5.79133E-3 1.90712E-2 8.43194E-3 3.18516E-4 1.92217E-3 8.88334E-3 8.61145E-3 1.47354E-2 5.32759E-2 6.62725E-2 7.53875E-2 1.43234E-1 5.34553E-2 6.49147E-2 6.40687E-2 7.5156E-2 8.88519E-2 9.23992E-2 1.10827E-1
-9999 -9999 -9999 -9999 -9999 -9999 -9999 -9999 -9999 -9999 -9999 -9999 -9999 -9999 -9999 -9999 -9999 -9999 -9999 -9999 -9999 -9999 -9999 -9999 -9999 2.86461E-3 2.11095E-3 4.70466E-3 6.14906E-3 3.95314E-3 3.6796E-3 2.567E-3 1.99443E-3 8.25205E-3 2.47076E-2 8.50378E-3 1.00733E-2 7.07879E-3 1.26674E-2 7.09016E-3 1.71103E-2 9.00741E-3 1.05418E-2 2.13387E-2 2.46515E-3 8.93615E-4 2.50387E-2 2.7394E-2 4.22167E-2 5.89692E-2 3.58109E-2 5.04751E-2 5.78218E-2 5.7796E-2 8.67913E-2 7.59208E-2 7.35824E-2 9.35112E-2 1.03353E-1 1.02336E-1 1.53162E-1
-9999 -9999 -9999 -9999 -9999 -9999 -9999 -9999 -9999 -9999 -9999 -9999 -9999 -9999 -9999 -9999 -9999 -9999 -9999 -9999 -9999 -9999 -9999 -9999 -9999 0E0 4.20008E-3 1.79701E-3 3.19606E-3 4.62109E-3 4.45937E-3 3.23851E-3 9.69207E-3 2.68588E-2 3.73595E-2 2.10103E-2 8.65878E-3 1.64014E-2 8.28226E-3 8.04979E-3 1.66802E-2 9.07292E-3 1.23074E-2 9.88894E-3 2.55958E-4 1.08268E-3 3.84518E-2 6.60918E-2 6.66203E-2 5.80973E-2 1.9632E-2 6.61212E-2 7.20156E-2 6.41785E-2 7.2438E-2 6.89777E-2 8.21126E-2 1.0664E-1 1.13126E-1 1.27999E-1 1.02021E-1
-9999 -9999 -9999 -9999 -9999 -9999 -9999 -9999 -9999 -9999 -9999 -9999 -9999 -9999 -9999 -9999 -9999 -9999 -9999 -9999 -9999 -9999 -9999 -9999 0E0 3.59917E-3 0E0 3.6805E-3 3.66967E-3 6.32722E-3 7.82586E-3 7.51644E-3 2.61654E-2 3.19819E-2 3.74893E-2 2.42778E-2 8.11103E-3 6.34084E-3 7.01154E-3 4.4529E-3 1.0246E-2 1.07574E-2 1.75638E-2 9.3853E-5 6.18356E-3 2.80224E-2 4.56816E-2 9.96936E-2 7.83902E-2 5.91851E-2 2.78904E-2 6.96134E-2 8.95192E-2 1.14108E-1 9.33393E-2 8.48576E-2 8.60525E-2 9.95709E-2 1.22746E-1 1.17104E-1 1.09881E-1
-9999 -9999 -9999 -9999 -9999 -9999 -9999 -9999 -9999 -9999 -9999 -9999 -9999 -9999 -9999 -9999 -9999 -9999 -9999 -9999 -9999 -9999 -9999 -9999 2.35204E-2 2.90214E-3 8.32863E-3 2.20266E-3 3.12354E-3 5.57508E-3 5.27658E-3 1.63866E-2 2.76751E-2 3.0997E-2 6.80406E-2 2.48966E-2 5.71936E-3 5.01857E-3 3.33745E-3 6.04272E-3 9.23015E-3 7.53418E-3 3.05367E-3 2.3654E-4 1.86829E-2 1.54142E-2 4.27443E-2 8.34334E-2 8.65371E-2 6.19287E-2 6.44131E-2 1.0975E-1 1.33283E-1 1.04904E-1 9.642E-2 1.32974E-1 9.75145E-2 1.0726E-1 1.2993E-1 1.10518E-1 1.45816E-1
-9999 -9999 -9999 -9999 -9999 -9999 -9999 -9999 -9999 -9999 -9999 -9999 -9999 -9999 -9999 -9999 -9999 -9999 -9999 -9999 -9999 -9999 -9999 0E0 1.55093E-2 5.71946E-3 5.98533E-3 1.93884E-3 2.4591E-3 7.10097E-3 6.47015E-3 1.06788E-2 3.00686E-2 4.56255E-2 1.95531E-2 6.24024E-3 7.78136E-3 9.69384E-3 6.36951E-3 4.74445E-3 8.94158E-3 1.17842E-2 4.98423E-3 2.73609E-4 1.17844E-2 5.67807E-2 7.75824E-2 8.27347E-2 8.14046E-2 8.92775E-2 8.27859E-2 1.12849E-1 1.04747E-1 1.05741E-1 1.11865E-1 1.00495E-1 9.58134E-2 1.31254E-1 1.7785E-1 1.18622E-1 1.8197E-1
-9999 -9999 -9999 -9999 -9999 -9999 -9999 -9999 -9999 -9999 -9999 -9999 -9999 -9999 -9999 -9999 -9999 -9999 -9999 -9999 -9999 -9999 -9999 6.06734E-3 7.47063E-3 3.54666E-3 4.0687E-3 7.38705E-3 1.1104E-2 3.30295E-3 2.08519E-3 2.92694E-3 1.51631E-2 1.35401E-2 7.64593E-3 7.40535E-3 1.03714E-2 4.94336E-3 1.19781E-2 9.06718E-3 7.77738E-3 8.93969E-3 5.34006E-3 2.18726E-3 7.40102E-4 7.49175E-2 6.17205E-2 5.16046E-2 6.30621E-2 1.04556E-1 9.03275E-2 8.99366E-2 8.48499E-2 9.89057E-2 1.02311E-1 1.02652E-1 1.02563E-1 1.18379E-1 1.17841E-1 9.94977E-2 9.9901E-2
-9999 -9999 -9999 -9999 -9999 -9999 -9999 -9999 -9999 -9999 -9999 -9999 -9999 -9999 -9999 -9999 -9999 -9999 -9999 -9999 -9999 -9999 -9999 5.93884E-3 4.11991E-3 8.76081E-3 3.39625E-3 6.77445E-3 2.99845E-3 4.05352E-3 2.87961E-3 4.63517E-3 1.49866E-2 1.37748E-2 9.76305E-3 4.36068E-3 3.29832E-3 3.01544E-3 4.77946E-3 4.5013E-3 5.38661E-3 1.30117E-3 5.11798E-3 1.94879E-3 1.94217E-2 5.05386E-2 6.45696E-2 7.09027E-2 4.43554E-2 8.44534E-2 9.5181E-2 1.32251E-1 8.4849E-2 8.58164E-2 8.06034E-2 8.35862E-2 9.87914E-2 1.06835E-1 9.22744E-2 1.38948E-1 1.12241E-1
-9999 -9999 -9999 -9999 -9999 -9999 -9999 -9999 -9999 -9999 -9999 -9999 -9999 -9999 -9999 -9999 -9999 -9999 -9999 -9999 -9999 -9999 -9999 0E0 4.6528E-3 6.02469E-3 3.71434E-3 5.95167E-4 1.33835E-3 2.50027E-3 2.79976E-3 3.16934E-3 4.0484E-3 3.91366E-3 6.72188E-3 6.35865E-3 4.59724E-3 3.88095E-3 6.6221E-3 3.8283E-3 1.09482E-2 2.94513E-3 2.15401E-3 2.8874E-2 1.01225E-1 8.51329E-2 5.41099E-2 5.66322E-2 4.58232E-2 9.08711E-2 9.34259E-2 2.52951E-1 2.60247E-1 1.05817E-1 1.1116E-1 2.41019E-1 8.83345E-2 8.96729E-2 9.93265E-2 9.374E-2 1.57546E-1
-9999 -9999 -9999 -9999 -9999 -9999 -9999 -9999 -9999 -9999 -9999 -9999 -9999 -9999 -9999 -9999 -9999 -9999 -9999 -9999 -9999 -9999 -9999 4.9365E-3 6.22179E-3 8.98197E-4 1.35767E-3 4.52146E-3 4.29274E-4 1.28909E-3 2.76675E-3 7.01271E-3 8.95653E-3 6.63455E-3 4.28893E-3 6.14359E-3 8.07771E-3 9.83921E-3 1.05491E-2 1.13384E-2 5.80453E-3 1.0385E-3 9.38004E-3 3.84307E-2 8.82909E-2 8.88179E-2 4.26054E-2 4.802E-2 8.27172E-2 8.86383E-2 1.11988E-1 2.89148E-1 3.62424E-1 2.27315E-1 1.60965E-1 1.46021E-1 7.67337E-2 9.78606E-2 1.01466E-1 1.11521E-1 1.45846E-1
-9999 -9999 -9999 -9999 -9999 -9999 -9999 -9999 -9999 -9999 -9999 -9999 -9999 -9999 -9999 -9999 -9999 -9999 -9999 -9999 -9999 -9999 0E0 9.51363E-3 5.14224E-3 1.22917E-3 8.12681E-3 4.16202E-3 2.27462E-3 7.04042E-4 2.21473E-3 6.00786E-3 9.65914E-3 4.85805E-3 8.44884E-3 7.66999E-3 1.18742E-2 8.22331E-3 9.34012E-3 8.0973E-3 1.74023E-3 8.64888E-4 1.93794E-2 3.8252E-2 1.06414E-1 1.27234E-1 7.88672E-2 3.22164E-2 8.42002E-2 9.78691E-2 2.96242E-1 4.16663E-1 2.44077E-1 2.04646E-1 1.55148E-1 2.24499E-1 7.18328E-2 1.02773E-1 9.8994E-2 1.27918E-1 2.132E-1
-9999 -9999 -9999 -9999 -9999 -9999 -9999 -9999 -9999 -9999 -9999 -9999 -9999 -9999 -9999 -9999 -9999 -9999 -9999 -9999 -9999 -9999 3.97069E-3 8.48522E-3 3.38161E-2 3.53708E-3 3.43807E-3 4.35785E-3 2.03925E-3 2.55956E-3 7.17084E-3 3.32335E-3 6.18231E-3 7.11947E-3 7.62687E-3 1.03361E-2 1.08852E-2 1.43005E-2 1.33572E-2 1.31647E-2 1.60233E-3 1.95437E-3 8.84069E-3 4.77316E-2 3.26188E-1 1.02377E-1 1.15036E-1 1.98278E-2 7.69112E-3 8.73685E-2 1.02598E-1 2.29393E-1 1.88892E-1 1.04096E-1 1.08075E-1 9.43593E-2 9.10191E-2 8.99038E-2 1.02175E-1 1.33041E-1 1.15151E-1
-9999 -9999 -9999 -9999 -9999 -9999 -9999 -9999 -9999 -9999 -9999 -9999 -9999 -9999 -9999 -9999 -9999 -9999 -9999 -9999 -9999 -9999 7.87559E-3 7.04696E-3 6.83491E-3 1.44607E-2 6.36742E-3 1.68513E-3 3.23055E-3 3.85537E-3 1.95534E-2 7.09715E-3 8.97863E-3 9.69646E-3 1.94294E-2 2.1943E-2 1.53472E-2 2.42658E-2 1.19349E-2 1.02473E-2 1.07678E-3 5.05121E-2 4.79387E-2 5.24556E-2 1.09824E-1 6.53997E-2 6.99948E-2 1.0527E-1 6.86199E-2 1.03533E-1 9.88952E-2 1.03639E-1 8.46584E-2 6.77166E-2 9.43106E-2 1.00306E-1 9.23469E-2 8.84998E-2 8.73696E-2 9.78671E-2 1.15205E-1
-9999 -9999 -9999 -9999 -9999 -9999 -9999 -9999 -9999 -9999 -9999 -9999 -9999 -9999 -9999 -9999 -9999 -9999 -9999 -9999 -9999 -9999 6.07014E-3 3.19355E-3 2.87268E-3 1.80493E-2 3.31931E-2 2.0277E-3 3.87505E-3 3.21667E-3 1.57198E-2 2.9872E-3 1.23004E-2 2.54544E-2 4.10576E-2 5.42002E-2 2.70425E-2 1.387E-2 1.41806E-2 8.35015E-3 1.09582E-3 2.59631E-1 1.60344E-1 4.17229E-2 5.42348E-2 4.64095E-2 7.7959E-2 1.16073E-1 9.48719E-2 1.45541E-1 1.01304E-1 1.31899E-1 8.54248E-2 6.60124E-2 9.36692E-2 8.86077E-2 8.23535E-2 7.15583E-2 9.05785E-2 1.08673E-1 9.62272E-2
