Candidate_Models_July82022/M_0.1_F_lqp_Set_1_cal/Bison.asc
ncols         290
nrows         380
xllcorner     -2197417.7431653
yllcorner     -584827.01486885
cellsize      10000.0
NODATA_value  -9999
[rows 162 to 188 of 380, columns 0 to 60 of 290]
-9999 -9999 -9999 -9999 -9999 -9999 -9999 -9999 -9999 -9999 -9999 -9999 -9999 -9999 1.0404E-1 2.30623E-2 -9999 1.06521E-2 6.70884E-3 1.46708E-3 4.9744E-3 1.73051E-2 1.33622E-1 7.41634E-2 7.31194E-3 -9999 7.80882E-2 3.50429E-7 3.82841E-6 7.68268E-4 3.9547E-3 5.89925E-4 9.84313E-5 1.50122E-4 0E0 3.02126E-2 5.40327E-3 1.52789E-3 1.2585E-4 3.56225E-3 2.06586E-2 1.0119E-3 9.80107E-3 1.06045E-2 3.68255E-3 5.73202E-3 2.80433E-2 2.5738E-2 5.34205E-2 2.42233E-2 3.63297E-2 4.48449E-2 7.96678E-2 7.79146E-2 3.14919E-2 5.83335E-2 2.99553E-2 5.13959E-2 3.52655E-2 3.64297E-2 4.86908E-2
-9999 -9999 -9999 -9999 -9999 -9999 -9999 -9999 -9999 -9999 -9999 -9999 -9999 -9999 -9999 -9999 -9999 3.08599E-2 6.76816E-3 9.77732E-4 1.41619E-2 -9999 -9999 -9999 -9999 -9999 1.53893E-2 1.7357E-4 7.52165E-4 2.04866E-4 2.40763E-4 4.1977E-5 0E0 4.41191E-4 1.63144E-4 7.26601E-2 9.04097E-4 2.69255E-5 6.15858E-5 8.2955E-3 1.07929E-3 5.42588E-2 3.06573E-2 1.2806E-2 4.54019E-3 2.44094E-3 5.82653E-3 7.28043E-3 1.51897E-2 3.97921E-2 2.08206E-2 3.93473E-2 3.63612E-2 9.41546E-2 4.99265E-2 1.50342E-2 4.10564E-2 5.03746E-2 5.43E-2 4.57523E-2 2.37249E-2
-9999 -9999 -9999 -9999 -9999 -9999 -9999 -9999 -9999 -9999 -9999 -9999 -9999 -9999 -9999 1.57918E-2 -9999 6.40106E-2 1.36383E-2 6.76111E-4 1.07552E-4 8.605E-6 -9999 -9999 -9999 7.609E-4 1.86892E-3 2.27198E-4 5.72646E-4 4.3175E-3 2.34881E-2 4.82577E-4 7.28136E-6 1.45153E-3 0E0 2.93627E-4 5.35029E-4 9.69952E-5 1.39181E-2 5.21139E-2 5.54755E-3 7.01507E-3 4.19582E-2 8.44354E-4 2.13784E-4 1.83439E-2 1.37733E-3 7.47519E-3 1.28881E-2 1.76226E-2 3.62238E-3 4.62837E-2 4.416E-2 4.307E-2 1.4816E-2 7.03563E-2 3.56778E-2 3.31313E-2 3.75743E-2 4.19545E-2 5.49701E-2
-9999 -9999 -9999 -9999 -9999 -9999 -9999 -9999 -9999 -9999 -9999 -9999 -9999 -9999 -9999 1.06471E-2 -9999 8.63469E-3 -9999 1.00049E-3 1.88025E-3 -9999 -9999 -9999 3.75588E-3 7.63855E-4 -9999 1.82205E-3 3.6523E-8 1.16982E-4 -9999 1.58869E-3 1.07789E-5 1.01449E-3 0E0 9.15464E-3 4.78019E-5 3.31027E-2 6.54756E-2 6.235E-2 4.94591E-3 1.2436E-2 3.49899E-2 2.1841E-3 1.39418E-2 2.33547E-3 2.12452E-2 8.51986E-3 3.54765E-2 1.31156E-2 2.58433E-2 2.39141E-2 2.73664E-2 2.55656E-2 1.14331E-1 2.37181E-2 5.43525E-2 3.28436E-2 6.50361E-2 4.70252E-2 4.81889E-2
-9999 -9999 -9999 -9999 -9999 -9999 -9999 -9999 -9999 -9999 -9999 -9999 -9999 -9999 -9999 8.82243E-3 -9999 9.00682E-2 -9999 1.23981E-3 1.20999E-4 2.56053E-2 7.72512E-2 -9999 1.24455E-2 6.94383E-2 -9999 -9999 7.95852E-4 -9999 1.00576E-4 1.41738E-5 3.92467E-5 1.42978E-3 2.29593E-2 -9999 1.02144E-4 5.56124E-4 6.78301E-2 8.22657E-3 7.06333E-4 6.70676E-4 3.14386E-2 1.98694E-2 1.40575E-2 6.44749E-4 3.5586E-3 1.16874E-2 9.33778E-3 2.88893E-2 8.38919E-3 1.73672E-2 1.35106E-2 4.07323E-2 2.90051E-2 1.49739E-1 7.40997E-2 7.16184E-2 1.53925E-1 6.13881E-2 6.84847E-2
-9999 -9999 -9999 -9999 -9999 -9999 -9999 -9999 -9999 -9999 -9999 -9999 -9999 -9999 -9999 1.2803E-2 1.0559E-1 -9999 -9999 9.43456E-3 6.0961E-3 6.54894E-2 -9999 1.23107E-1 -9999 5.57968E-2 5.40552E-2 4.54355E-3 2.05037E-2 -9999 4.06614E-9 5.54768E-4 4.02038E-5 2.79728E-3 1.15381E-3 4.6418E-6 2.55662E-3 1.59785E-4 4.24776E-4 3.99356E-5 2.44504E-5 3.78526E-3 4.38464E-2 5.42348E-2 4.03696E-3 1.66571E-4 4.66974E-3 1.02225E-2 7.64259E-3 6.62021E-2 7.68949E-3 1.07874E-2 2.21071E-2 2.77467E-2 1.66513E-2 1.62187E-2 8.11894E-2 3.76403E-2 5.24006E-2 5.49592E-2 6.96675E-2
-9999 -9999 -9999 -9999 -9999 -9999 -9999 -9999 -9999 -9999 -9999 -9999 -9999 -9999 -9999 4.76744E-2 -9999 -9999 -9999 1.38005E-2 4.88972E-2 9.66523E-2 -9999 -9999 1.47631E-1 4.63083E-3 -9999 -9999 -9999 0E0 -9999 1.73325E-5 2.46419E-6 8.5798E-4 2.3208E-4 3.17515E-5 1.1659E-2 5.72459E-4 6.75768E-5 7.47303E-3 3.47109E-4 9.22859E-3 1.16822E-2 4.2991E-2 2.57781E-2 3.27181E-4 3.28774E-3 1.12419E-2 1.17433E-2 6.35604E-2 9.59391E-3 1.01127E-2 5.98941E-3 2.71958E-2 3.09165E-2 4.28976E-2 7.67276E-2 8.72906E-2 6.86899E-2 4.68843E-2 5.42974E-2
-9999 -9999 -9999 -9999 -9999 -9999 -9999 -9999 -9999 -9999 -9999 -9999 -9999 -9999 -9999 5.11501E-2 -9999 -9999 -9999 1.70575E-2 2.37009E-2 -9999 -9999 -9999 8.66865E-2 -9999 0E0 7.71632E-2 5.57821E-3 1.68947E-3 3.60499E-7 1.07686E-5 2.57095E-6 4.562E-4 -9999 2.01895E-3 -9999 2.2321E-4 5.41532E-4 2.87236E-5 1.4756E-4 1.01737E-2 1.84978E-4 3.09439E-2 4.6263E-3 1.5333E-2 1.14038E-2 1.64431E-2 2.97034E-2 1.03129E-2 2.46326E-2 1.14544E-2 1.88815E-2 8.43266E-2 4.96378E-2 5.54592E-2 9.89539E-2 6.89994E-2 6.24894E-2 6.07275E-2 8.27251E-2
-9999 -9999 -9999 -9999 -9999 -9999 -9999 -9999 -9999 -9999 -9999 -9999 -9999 -9999 -9999 -9999 -9999 -9999 9.75716E-2 1.37667E-2 1.027E-2 -9999 -9999 -9999 8.0003E-2 -9999 -9999 -9999 2.35534E-2 -9999 2.28897E-5 4.4581E-5 1.07911E-4 7.5167E-5 -9999 4.7888E-3 4.46016E-3 9.79082E-6 9.97507E-6 4.76231E-6 1.69916E-5 1.06216E-2 2.54105E-2 2.2774E-2 1.54879E-2 2.74729E-2 5.00383E-2 4.58398E-2 4.68856E-3 6.45202E-3 6.83433E-2 1.16236E-2 1.91096E-2 4.94684E-2 8.96617E-3 4.01153E-2 7.36573E-2 7.13825E-2 3.66542E-2 5.09331E-2 8.40467E-2
-9999 -9999 -9999 -9999 -9999 -9999 -9999 -9999 -9999 -9999 -9999 -9999 -9999 -9999 -9999 -9999 -9999 -9999 -9999 -9999 -9999 -9999 -9999 -9999 -9999 6.44343E-2 -9999 5.61705E-2 3.19415E-3 6.70606E-4 7.20924E-5 1.06744E-4 1.05414E-4 1.8976E-3 1.71045E-5 9.93374E-4 1.28591E-5 8.55687E-3 1.09202E-4 1.62651E-4 1.00921E-2 4.88756E-3 1.0504E-3 8.04371E-4 1.00971E-3 3.22245E-3 6.91013E-2 7.54127E-2 8.22473E-3 6.25095E-2 4.96039E-2 1.03213E-2 1.42156E-2 1.58255E-2 1.52237E-2 2.35801E-2 1.23005E-1 9.30218E-2 9.99756E-2 4.75813E-2 7.94876E-2
-9999 -9999 -9999 -9999 -9999 -9999 -9999 -9999 -9999 -9999 -9999 -9999 -9999 -9999 -9999 -9999 -9999 -9999 -9999 -9999 -9999 -9999 -9999 -9999 -9999 -9999 -9999 1.25025E-2 4.99026E-3 2.42139E-3 6.17617E-5 4.2477E-4 7.66609E-3 1.24201E-3 5.26278E-4 1.47685E-5 4.26179E-4 1.23293E-1 9.91282E-4 8.9167E-3 7.74299E-3 3.18469E-4 9.19189E-4 3.72996E-4 8.81477E-5 2.95694E-2 1.51728E-2 6.36925E-2 4.95496E-2 2.52736E-3 2.98003E-2 4.19781E-3 1.82338E-2 1.02606E-2 2.22982E-2 2.13203E-2 4.23364E-2 8.41956E-2 6.21904E-2 9.20046E-2 2.96773E-2
-9999 -9999 -9999 -9999 -9999 -9999 -9999 -9999 -9999 -9999 -9999 -9999 -9999 -9999 -9999 -9999 -9999 -9999 -9999 -9999 -9999 -9999 -9999 -9999 -9999 -9999 -9999 2.42822E-2 1.02755E-2 5.87345E-3 5.6962E-4 1.42047E-4 5.62432E-2 3.79453E-4 2.31431E-6 4.53634E-5 6.91642E-5 5.55563E-3 1.5073E-2 6.98878E-3 3.1508E-4 6.02779E-4 1.8743E-4 3.2085E-5 1.20373E-3 7.34327E-2 1.00438E-2 5.75842E-2 8.18207E-2 3.19769E-3 6.81439E-3 4.69369E-2 4.51613E-2 2.42215E-2 2.55265E-2 2.40354E-2 3.36335E-2 8.04387E-2 4.24844E-2 8.73923E-3 7.70731E-2
-9999 -9999 -9999 -9999 -9999 -9999 -9999 -9999 -9999 -9999 -9999 4.94638E-2 -9999 -9999 -9999 -9999 -9999 -9999 -9999 -9999 -9999 -9999 -9999 -9999 -9999 -9999 -9999 -9999 -9999 1.69862E-2 3.11238E-2 -9999 2.38321E-3 3.57118E-3 -9999 4.49457E-3 1.65531E-3 2.52646E-4 1.67226E-4 3.07224E-3 2.3204E-3 3.42066E-4 5.21505E-4 3.57369E-4 4.40118E-3 5.21097E-2 1.5752E-2 5.55595E-2 6.35834E-2 9.05058E-3 8.64313E-3 9.89396E-3 1.29012E-2 2.376E-2 3.40957E-2 2.47018E-2 1.77506E-2 5.35762E-2 5.76935E-2 1.19727E-2 3.94856E-2
-9999 -9999 -9999 -9999 -9999 -9999 -9999 -9999 -9999 -9999 -9999 1.12071E-2 2.6257E-2 6.64602E-2 -9999 -9999 -9999 -9999 -9999 -9999 -9999 -9999 -9999 -9999 -9999 -9999 -9999 -9999 -9999 -9999 2.07737E-2 1.70046E-5 3.28058E-6 1.06208E-7 4.07815E-6 7.96934E-6 5.45178E-5 3.84077E-5 2.51109E-4 1.35854E-3 9.50262E-4 9.3686E-4 1.35989E-3 3.12817E-4 1.60132E-4 6.35315E-2 2.43491E-2 4.18971E-2 6.92979E-2 1.55932E-2 4.12539E-3 1.03061E-2 1.78209E-2 1.25222E-2 5.1941E-2 3.38931E-2 1.56403E-2 4.43909E-2 1.12604E-1 6.08782E-2 5.50145E-2
-9999 -9999 -9999 -9999 -9999 -9999 -9999 -9999 -9999 -9999 1.4858E-2 7.38399E-3 7.7288E-3 2.54625E-2 -9999 -9999 -9999 -9999 -9999 -9999 -9999 -9999 -9999 -9999 -9999 -9999 -9999 -9999 -9999 2.78989E-2 4.51978E-6 4.51934E-6 6.37282E-7 1.52453E-4 6.00843E-5 5.42268E-5 1.77153E-3 1.6176E-4 3.65366E-4 2.20563E-3 6.56008E-4 1.45324E-3 1.55328E-3 1.31508E-3 1.02008E-2 4.5452E-2 8.76312E-2 8.00461E-2 7.32534E-2 1.5225E-2 2.67547E-2 1.50587E-2 1.07657E-2 2.44377E-2 5.4328E-2 4.38833E-2 1.62825E-2 4.62161E-2 1.05012E-1 2.41387E-2 2.22253E-2
-9999 -9999 -9999 -9999 -9999 -9999 -9999 -9999 -9999 5.05679E-2 3.80734E-3 1.83714E-2 -9999 1.60882E-2 1.7872E-2 3.87562E-2 -9999 -9999 -9999 -9999 -9999 -9999 -9999 -9999 -9999 -9999 -9999 -9999 5.49519E-2 3.08184E-3 9.34495E-7 1.09213E-4 6.84597E-5 6.56661E-7 1.35247E-5 3.41434E-3 3.01543E-3 1.50852E-4 3.81863E-4 4.62345E-3 2.31487E-3 1.17108E-3 1.85193E-2 1.12823E-2 1.61818E-2 3.42177E-2 5.86486E-2 3.04147E-2 1.36697E-2 2.97499E-2 4.59158E-3 9.56842E-3 1.68985E-2 2.05549E-2 5.31031E-2 3.95692E-2 1.71118E-2 5.06821E-2 1.12689E-1 7.58481E-2 3.30075E-2
-9999 -9999 -9999 -9999 -9999 -9999 -9999 -9999 -9999 -9999 5.12335E-3 2.93677E-2 8.83073E-3 1.48562E-2 5.18815E-2 6.86469E-2 -9999 -9999 -9999 -9999 -9999 -9999 -9999 -9999 -9999 -9999 -9999 1.0653E-1 2.02352E-2 1.94985E-2 1.83542E-4 1.54315E-6 4.98517E-4 4.28082E-4 8.53741E-4 6.38695E-3 1.82414E-3 1.83578E-4 4.96307E-5 1.01134E-2 6.11578E-4 2.4902E-3 1.15607E-3 5.11164E-4 8.14563E-4 9.06231E-3 4.24144E-2 1.10841E-2 1.95383E-2 2.32502E-2 9.90981E-3 1.70573E-2 7.29412E-3 2.8678E-2 7.47011E-2 5.10574E-2 1.38945E-2 5.56255E-2 7.89479E-2 4.25024E-2 5.52093E-2
-9999 -9999 -9999 -9999 -9999 -9999 -9999 -9999 -9999 -9999 6.40263E-3 1.26786E-2 1.30432E-2 1.83703E-2 4.23313E-2 -9999 1.7488E-1 3.69792E-2 5.38174E-2 -9999 -9999 -9999 -9999 -9999 -9999 -9999 -9999 -9999 4.60658E-2 8.57979E-3 1.99806E-6 1.42659E-5 1.69036E-2 1.02933E-3 4.1391E-2 2.65763E-3 3.07547E-2 1.75633E-3 2.76343E-3 2.60249E-4 4.4368E-4 6.56854E-4 7.21833E-3 1.44569E-3 7.58723E-4 1.78483E-3 5.25262E-2 1.23258E-2 6.26797E-2 1.48709E-2 4.60544E-3 1.69206E-2 3.03627E-2 3.80111E-2 3.7486E-2 7.64228E-2 4.562E-2 6.74595E-2 1.23911E-2 7.13916E-2 1.99507E-2
-9999 -9999 -9999 -9999 -9999 -9999 -9999 -9999 -9999 3.43385E-2 1.63205E-3 -9999 -9999 -9999 4.16365E-2 1.05209E-1 5.28333E-2 -9999 -9999 -9999 -9999 -9999 -9999 -9999 -9999 -9999 -9999 -9999 4.59163E-3 7.91432E-6 4.89555E-4 1.22845E-5 4.02071E-3 2.4442E-4 7.34059E-3 2.20257E-3 1.06704E-3 2.5044E-5 1.62548E-4 1.20953E-3 8.1414E-4 5.57478E-3 1.02175E-3 4.34979E-3 8.15193E-3 5.42196E-3 1.82108E-2 3.7855E-2 6.79331E-2 1.94703E-2 8.33809E-3 1.18389E-2 5.31823E-2 7.63668E-2 2.25856E-2 8.2366E-2 6.70685E-2 1.01512E-1 2.38111E-2 7.10192E-2 7.61139E-2
-9999 -9999 -9999 -9999 -9999 -9999 -9999 -9999 -9999 4.19168E-3 7.44751E-3 1.01903E-2 -9999 -9999 6.38511E-2 3.28427E-2 -9999 -9999 -9999 -9999 -9999 -9999 -9999 -9999 -9999 -9999 -9999 -9999 8.63764E-3 2.47319E-3 1.75463E-4 1.1459E-4 5.96212E-5 1.24886E-4 8.64225E-4 3.0936E-4 3.95514E-5 2.87024E-5 4.71411E-3 7.58675E-3 6.54856E-3 7.08163E-4 1.1444E-3 1.25236E-2 3.11253E-4 8.14862E-3 1.37486E-2 1.00548E-3 8.09336E-2 3.48013E-2 1.25534E-2 1.15339E-2 4.71763E-2 3.04948E-2 6.96728E-2 8.72214E-2 6.07564E-2 4.22453E-2 1.59982E-1 5.73513E-2 2.48522E-2
-9999 -9999 -9999 -9999 -9999 -9999 -9999 -9999 -9999 -9999 7.24645E-3 4.73054E-3 8.32201E-3 1.56689E-2 2.80446E-2 3.05523E-2 -9999 -9999 -9999 -9999 -9999 -9999 -9999 -9999 -9999 1.4598E-1 1.31928E-2 -9999 -9999 3.31836E-2 7.53083E-5 5.06769E-5 1.50617E-3 2.99792E-3 2.13516E-3 1.52968E-3 6.33143E-5 1.84992E-3 6.39212E-3 1.86396E-2 1.93391E-3 6.43429E-4 2.90894E-3 3.1916E-2 1.16554E-2 1.22767E-3 1.12102E-3 4.53046E-2 9.44505E-2 9.18339E-2 1.86702E-2 3.00367E-2 5.72232E-2 3.75647E-2 5.5645E-2 1.41677E-1 6.08785E-2 4.05151E-2 1.38014E-2 9.47744E-2 4.38501E-2
-9999 -9999 -9999 -9999 -9999 -9999 -9999 -9999 -9999 -9999 -9999 2.04322E-3 1.03974E-2 1.57286E-2 1.75833E-2 -9999 -9999 -9999 -9999 -9999 -9999 -9999 -9999 -9999 -9999 -9999 1.73957E-2 1.24547E-1 2.93008E-6 5.06156E-4 8.7985E-9 1.02722E-5 4.59854E-6 3.19017E-6 2.27333E-4 1.8037E-4 3.97082E-5 1.88947E-6 4.23432E-3 4.18565E-6 4.77966E-5 1.24718E-3 6.64526E-4 2.28314E-2 5.64454E-3 5.36305E-3 3.09209E-2 4.67274E-2 1.00321E-1 1.26255E-1 5.23164E-2 7.17749E-3 4.8011E-2 7.14401E-2 6.93405E-2 1.7619E-1 2.94153E-2 1.74053E-2 3.08097E-3 2.24299E-2 6.63033E-2
-9999 -9999 -9999 -9999 -9999 -9999 -9999 -9999 -9999 3.17266E-2 1.77188E-2 4.26493E-3 4.45816E-3 9.30532E-3 -9999 -9999 -9999 -9999 -9999 -9999 -9999 -9999 -9999 -9999 2.5012E-1 8.45889E-2 1.56891E-1 -9999 4.43859E-6 3.61784E-5 9.09624E-9 2.34554E-7 2.56334E-5 2.22825E-4 1.40161E-4 1.84878E-3 9.94783E-6 1.31609E-4 8.50341E-4 4.23288E-6 9.25885E-5 1.42338E-4 5.99094E-4 1.74892E-3 1.75366E-2 8.11345E-4 5.91702E-3 1.52991E-2 3.25166E-2 1.34691E-1 6.3564E-2 2.62528E-2 4.41302E-2 4.49854E-2 5.32425E-2 1.71316E-1 1.37768E-2 5.97056E-2 1.76184E-2 8.90551E-3 6.61164E-2
-9999 -9999 -9999 -9999 -9999 -9999 -9999 -9999 -9999 3.23145E-2 4.42051E-4 3.08149E-3 7.57504E-3 6.20298E-3 -9999 -9999 -9999 -9999 -9999 -9999 -9999 -9999 -9999 -9999 -9999 -9999 4.46108E-2 -9999 1.28496E-4 7.15438E-5 1.16332E-7 2.08799E-7 1.35106E-3 4.2759E-4 0E0 1.33875E-4 2.49239E-5 7.01027E-4 8.14119E-6 5.05253E-5 1.22396E-5 2.42162E-3 2.07522E-3 6.62541E-3 2.86764E-2 1.84886E-2 6.39314E-3 5.90864E-3 1.26015E-2 1.04019E-1 3.03853E-2 3.29042E-2 5.24807E-2 3.84524E-2 2.48727E-2 1.41681E-1 8.48761E-2 2.19857E-2 6.79932E-2 7.24293E-2 5.44817E-2
-9999 -9999 -9999 -9999 -9999 -9999 -9999 -9999 -9999 5.32402E-2 2.42503E-2 -9999 -9999 -9999 -9999 -9999 -9999 -9999 -9999 -9999 -9999 -9999 -9999 -9999 -9999 2.06869E-2 1.74926E-4 7.77485E-3 1.68787E-3 1.54361E-5 1.55125E-8 2.1886E-4 4.35699E-3 4.55865E-4 6.47461E-4 1.50183E-4 9.2047E-4 1.37187E-4 6.80535E-6 4.65554E-5 2.33358E-4 2.81115E-4 2.98613E-4 1.51652E-2 1.01832E-2 2.00932E-2 2.24007E-2 1.65606E-2 8.78039E-3 1.49224E-1 4.22627E-2 6.91091E-2 7.55166E-2 3.40633E-2 2.90906E-2 5.58989E-2 6.47256E-2 9.44721E-2 7.04452E-2 1.15E-1 1.33981E-1
-9999 -9999 -9999 -9999 -9999 -9999 -9999 -9999 -9999 -9999 5.66894E-3 7.41388E-3 1.27363E-3 6.88638E-3 -9999 -9999 -9999 -9999 -9999 -9999 -9999 -9999 -9999 2.56208E-1 7.95661E-2 3.33153E-2 5.64697E-2 3.04158E-5 1.06437E-2 1.08815E-5 1.92352E-7 3.4758E-7 -9999 2.14316E-4 2.01465E-5 2.49162E-4 6.0093E-3 1.99199E-6 1.07373E-5 2.11954E-5 1.33122E-4 7.37563E-4 1.48577E-3 3.15925E-2 3.88776E-2 6.70135E-2 2.53475E-2 1.93914E-2 6.87913E-2 1.77991E-1 2.35611E-1 9.98725E-2 1.10071E-1 6.84919E-2 2.66123E-2 3.98921E-2 1.03629E-1 7.26794E-2 3.83167E-2 3.62326E-2 6.8467E-2
-9999 -9999 -9999 -9999 -9999 -9999 -9999 -9999 -9999 -9999 -9999 2.01927E-3 1.75199E-2 1.10604E-2 -9999 -9999 -9999 -9999 -9999 -9999 -9999 -9999 -9999 -9999 8.07831E-2 -9999 -9999 1.11748E-5 5.75869E-3 2.34307E-6 2.89336E-4 6.54318E-6 9.23193E-6 8.69365E-4 4.05364E-2 -9999 2.66552E-5 1.79684E-5 2.58768E-5 5.34569E-5 2.06366E-3 1.96429E-4 1.72489E-3 5.91019E-4 1.76005E-2 5.18577E-2 1.10267E-1 9.79205E-2 1.42722E-1 3.67798E-2 6.87845E-2 3.96344E-2 9.87449E-2 1.26068E-1 7.05992E-2 4.4472E-2 1.26487E-1 5.89203E-2 8.02442E-2 6.77891E-2 1.39217E-1
