Candidate_Models_July82022/M_0.1_F_lqp_Set_1_cal/Bison.asc
ncols         290
nrows         380
xllcorner     -2197417.7431653
yllcorner     -584827.01486885
cellsize      10000.0
NODATA_value  -9999
[rows 216 to 242 of 380, columns 122 to 182 of 290]
4.7216E-1 6.02545E-1 6.00704E-1 6.1431E-1 5.5552E-1 6.3075E-1 4.04331E-1 4.33188E-1 4.55932E-1 4.7937E-1 5.23471E-1 5.54619E-1 6.81346E-1 4.6405E-1 4.62071E-1 4.91592E-1 4.87148E-1 5.44618E-1 5.2882E-1 5.98456E-1 6.95601E-1 5.68296E-1 4.63801E-1 6.15433E-1 4.78214E-1 6.9975E-1 6.2225E-1 4.52228E-1 4.62816E-1 4.58364E-1 3.95174E-1 4.01244E-1 3.47702E-1 4.01884E-1 3.85736E-1 4.43266E-1 3.52196E-1 3.94056E-1 6.02025E-1 4.85249E-1 6.10735E-1 2.86157E-1 3.86642E-1 5.13852E-1 5.27244E-1 4.85713E-1 4.31483E-1 3.44887E-1 3.17128E-1 3.16074E-1 3.12805E-1 2.97486E-1 3.17191E-1 2.76916E-1 2.58247E-1 2.65112E-1 2.51675E-1 2.52582E-1 2.85989E-1 2.62435E-1 1.7729E-1
5.93338E-1 5.5863E-1 6.05587E-1 6.39704E-1 6.24566E-1 6.48611E-1 4.75846E-1 5.56326E-1 5.85188E-1 4.47725E-1 5.95299E-1 5.38498E-1 6.14174E-1 6.23741E-1 4.63907E-1 4.83843E-1 4.84306E-1 5.39282E-1 4.63722E-1 4.96126E-1 5.33857E-1 5.74033E-1 5.93041E-1 6.99199E-1 6.75492E-1 5.64625E-1 6.67857E-1 6.89701E-1 6.67082E-1 5.04294E-1 4.13647E-1 3.67524E-1 3.62505E-1 3.78334E-1 3.9836E-1 5.98791E-1 4.25703E-1 4.5759E-1 4.7941E-1 5.6534E-1 5.33373E-1 4.90063E-1 4.20599E-1 4.93287E-1 5.13265E-1 4.28232E-1 2.96329E-1 3.64133E-1 3.28284E-1 3.28341E-1 2.94311E-1 2.99788E-1 3.0011E-1 2.74864E-1 2.7703E-1 2.56297E-1 2.81244E-1 2.62326E-1 2.49721E-1 2.22781E-1 1.88639E-1
6.28791E-1 6.29897E-1 5.89991E-1 6.24565E-1 5.06886E-1 5.52006E-1 5.86385E-1 6.20997E-1 4.12641E-1 6.30194E-1 5.19386E-1 5.83101E-1 7.18269E-1 6.74915E-1 4.84943E-1 5.0912E-1 5.0141E-1 4.56177E-1 4.53785E-1 4.7849E-1 5.24833E-1 6.83588E-1 6.69926E-1 7.1658E-1 6.81438E-1 5.64512E-1 5.89684E-1 6.37292E-1 6.76793E-1 6.60215E-1 4.45074E-1 3.80118E-1 3.57987E-1 3.73696E-1 3.68653E-1 4.51844E-1 4.00807E-1 6.24942E-1 3.68472E-1 3.64667E-1 6.05095E-1 4.10608E-1 5.57593E-1 5.15064E-1 5.42928E-1 3.89715E-1 2.92182E-1 3.57101E-1 2.9509E-1 3.6651E-1 3.20464E-1 3.57273E-1 3.33583E-1 2.8983E-1 2.77789E-1 2.58715E-1 2.92213E-1 2.4832E-1 2.69342E-1 2.46879E-1 2.23196E-1
5.64115E-1 6.1919E-1 6.07089E-1 5.57706E-1 4.65508E-1 4.88544E-1 5.67577E-1 5.93386E-1 3.66543E-1 6.12046E-1 6.8564E-1 7.38644E-1 6.10879E-1 7.31485E-1 5.11602E-1 5.05452E-1 5.04148E-1 4.7621E-1 4.56642E-1 5.04158E-1 5.26138E-1 6.68328E-1 6.49295E-1 5.90023E-1 5.88871E-1 5.58471E-1 4.6989E-1 6.1428E-1 5.98336E-1 7.09461E-1 6.10701E-1 5.20844E-1 3.7868E-1 3.76079E-1 3.77429E-1 3.74858E-1 3.87481E-1 6.29789E-1 5.03921E-1 5.75381E-1 3.4373E-1 3.46832E-1 3.1163E-1 3.25472E-1 3.8694E-1 4.58933E-1 3.24342E-1 3.48617E-1 3.17891E-1 3.27562E-1 3.28244E-1 3.06904E-1 3.78963E-1 3.3609E-1 2.94531E-1 2.99574E-1 2.8927E-1 2.7425E-1 2.79357E-1 2.74463E-1 2.65239E-1
5.98286E-1 5.86854E-1 6.28914E-1 5.6607E-1 5.69082E-1 4.89355E-1 6.48562E-1 5.81891E-1 6.67785E-1 6.48463E-1 7.19542E-1 6.71918E-1 6.81772E-1 7.38015E-1 6.86583E-1 5.96587E-1 5.0161E-1 5.01368E-1 4.72197E-1 5.05675E-1 5.49894E-1 6.80039E-1 4.91673E-1 4.68105E-1 5.08524E-1 4.85293E-1 5.49998E-1 4.6648E-1 4.89412E-1 5.57898E-1 4.8245E-1 6.69518E-1 6.49967E-1 5.08142E-1 5.79124E-1 5.36283E-1 3.7832E-1 4.56748E-1 5.37728E-1 3.60583E-1 3.68553E-1 3.52904E-1 3.27213E-1 3.48138E-1 3.35199E-1 3.43194E-1 3.5114E-1 3.54066E-1 3.30356E-1 3.50762E-1 4.8455E-1 4.98923E-1 3.62688E-1 3.30702E-1 3.02894E-1 2.73314E-1 2.81722E-1 2.75879E-1 2.90323E-1 2.70732E-1 2.42192E-1
6.21738E-1 6.40185E-1 5.33645E-1 5.31488E-1 5.19038E-1 4.64922E-1 4.5247E-1 6.49864E-1 5.52467E-1 6.05819E-1 7.02153E-1 6.2887E-1 7.25085E-1 6.03632E-1 4.99014E-1 6.12137E-1 5.15499E-1 5.4189E-1 5.30788E-1 5.76622E-1 6.92892E-1 5.77993E-1 5.64917E-1 5.76495E-1 5.03458E-1 4.61477E-1 4.84006E-1 4.50017E-1 4.13719E-1 4.44677E-1 4.85592E-1 5.46098E-1 6.69617E-1 5.92139E-1 6.27528E-1 5.85602E-1 5.67262E-1 5.25636E-1 5.4714E-1 5.22693E-1 3.73519E-1 3.76599E-1 3.71667E-1 3.55062E-1 3.58717E-1 3.37557E-1 3.34475E-1 2.9782E-1 3.53417E-1 3.51776E-1 4.60285E-1 5.61262E-1 5.17962E-1 3.21767E-1 3.16844E-1 3.01588E-1 2.88857E-1 3.21907E-1 3.08584E-1 2.83144E-1 2.27557E-1
6.45994E-1 6.46534E-1 5.78613E-1 5.87651E-1 5.58107E-1 4.66061E-1 4.6199E-1 5.64394E-1 5.24771E-1 5.70237E-1 6.02688E-1 6.29914E-1 7.36355E-1 4.95558E-1 5.34162E-1 5.14482E-1 5.19839E-1 5.03555E-1 5.32887E-1 4.9899E-1 5.71112E-1 5.55496E-1 5.12598E-1 4.72326E-1 4.51592E-1 4.76151E-1 4.89448E-1 4.36241E-1 4.16229E-1 4.1706E-1 4.57679E-1 4.60179E-1 5.71989E-1 5.15374E-1 3.84096E-1 4.5277E-1 3.98042E-1 4.17943E-1 5.58441E-1 6.15753E-1 4.59377E-1 3.77635E-1 3.82046E-1 3.66556E-1 3.70795E-1 5.11855E-1 5.14844E-1 4.61342E-1 5.48623E-1 3.63057E-1 4.17247E-1 5.55345E-1 5.46179E-1 3.87027E-1 3.2495E-1 3.02727E-1 3.00601E-1 3.03416E-1 3.13349E-1 3.06864E-1 2.46649E-1
6.42828E-1 6.53285E-1 6.77126E-1 6.09865E-1 6.85017E-1 5.87186E-1 5.12182E-1 4.98069E-1 5.29853E-1 5.66926E-1 5.03635E-1 5.81258E-1 6.22394E-1 4.96414E-1 4.9608E-1 5.04791E-1 5.04587E-1 4.85789E-1 4.98967E-1 5.00546E-1 6.53025E-1 5.89805E-1 4.78106E-1 4.96383E-1 4.86291E-1 5.22389E-1 4.61362E-1 4.77273E-1 4.12486E-1 4.26001E-1 4.38768E-1 4.69304E-1 5.00083E-1 4.73634E-1 5.17632E-1 4.26329E-1 4.92995E-1 4.17506E-1 5.44563E-1 5.66689E-1 5.50508E-1 5.97716E-1 3.96562E-1 3.80487E-1 3.87478E-1 5.83351E-1 5.96092E-1 4.35721E-1 5.90657E-1 4.02379E-1 4.15424E-1 5.55161E-1 6.03097E-1 5.66936E-1 3.50801E-1 3.45573E-1 3.22425E-1 3.29566E-1 3.39284E-1 3.24162E-1 3.95968E-1
6.58351E-1 5.22704E-1 5.25925E-1 6.60858E-1 6.74115E-1 5.77409E-1 5.34862E-1 5.35475E-1 5.53054E-1 5.31543E-1 5.80734E-1 5.06152E-1 5.56995E-1 5.1266E-1 5.37994E-1 5.07441E-1 4.95596E-1 4.84466E-1 4.72467E-1 5.29007E-1 5.15623E-1 5.62589E-1 5.03973E-1 5.06152E-1 5.42325E-1 5.14467E-1 4.62742E-1 5.21125E-1 4.75285E-1 4.63376E-1 4.50083E-1 4.25616E-1 4.40492E-1 4.71931E-1 5.30289E-1 4.44781E-1 4.45192E-1 3.84101E-1 3.86902E-1 5.13394E-1 4.79248E-1 4.46028E-1 5.37957E-1 3.80688E-1 4.09425E-1 3.89617E-1 5.53817E-1 3.5603E-1 6.09523E-1 3.94109E-1 4.77659E-1 4.53154E-1 5.22663E-1 5.57772E-1 5.80622E-1 5.64264E-1 5.07206E-1 4.00888E-1 3.36304E-1 4.39033E-1 4.61976E-1
6.08768E-1 6.90491E-1 6.60512E-1 6.98417E-1 5.54559E-1 5.17481E-1 5.7601E-1 5.10503E-1 5.25338E-1 4.93394E-1 6.01948E-1 5.98469E-1 5.26067E-1 4.91262E-1 5.12069E-1 5.13448E-1 5.01485E-1 4.87681E-1 5.04351E-1 5.36429E-1 5.20143E-1 5.41221E-1 6.05181E-1 4.9678E-1 5.94475E-1 4.80348E-1 4.97119E-1 5.11876E-1 4.95512E-1 4.69749E-1 5.17035E-1 5.01525E-1 4.61361E-1 4.99763E-1 4.38E-1 4.25627E-1 5.12599E-1 4.04302E-1 3.5481E-1 3.35548E-1 3.3486E-1 3.30545E-1 4.59391E-1 5.58195E-1 5.37549E-1 5.86302E-1 5.78218E-1 5.40388E-1 5.99388E-1 4.2149E-1 6.15345E-1 5.45234E-1 4.11511E-1 4.05461E-1 4.28514E-1 4.51358E-1 4.99139E-1 5.61116E-1 5.70631E-1 5.18276E-1 2.68911E-1
6.59366E-1 5.70868E-1 6.884E-1 6.74156E-1 5.87085E-1 5.3196E-1 5.50495E-1 5.01246E-1 4.74552E-1 5.45748E-1 4.90617E-1 5.60295E-1 4.79395E-1 4.81106E-1 4.95642E-1 5.03346E-1 4.98668E-1 4.77185E-1 4.87922E-1 5.26243E-1 5.41488E-1 5.79205E-1 5.42449E-1 4.92386E-1 5.14606E-1 5.22653E-1 4.26984E-1 5.19654E-1 5.16274E-1 4.83961E-1 4.4486E-1 4.54371E-1 4.5173E-1 4.35445E-1 4.72879E-1 4.41811E-1 4.36632E-1 5.52644E-1 3.89938E-1 3.80779E-1 3.80032E-1 3.94249E-1 4.84796E-1 3.77403E-1 3.90561E-1 5.61106E-1 5.46083E-1 4.46725E-1 5.14916E-1 6.14364E-1 6.14225E-1 6.31273E-1 5.73833E-1 3.59217E-1 3.71974E-1 4.36434E-1 3.69383E-1 3.67891E-1 4.95932E-1 3.45894E-1 2.40494E-1
6.79332E-1 5.9811E-1 7.00789E-1 5.9838E-1 5.58138E-1 5.64924E-1 5.23803E-1 6.5436E-1 5.15633E-1 5.56512E-1 5.2374E-1 5.48958E-1 5.72055E-1 5.10877E-1 4.99257E-1 5.14674E-1 5.53824E-1 4.77593E-1 5.01836E-1 5.72534E-1 5.85916E-1 5.58704E-1 5.083E-1 4.84982E-1 5.08266E-1 5.31141E-1 5.31717E-1 4.53561E-1 4.8949E-1 4.82782E-1 4.41535E-1 4.58652E-1 4.30035E-1 4.483E-1 4.27333E-1 4.23353E-1 6.08344E-1 6.39281E-1 4.02841E-1 4.14873E-1 3.9246E-1 3.77934E-1 5.11683E-1 5.31517E-1 3.37119E-1 5.8597E-1 6.5404E-1 5.25653E-1 6.59649E-1 6.54731E-1 5.66227E-1 6.43084E-1 5.44541E-1 5.7702E-1 6.61529E-1 4.34583E-1 4.53563E-1 6.20774E-1 6.01756E-1 3.90964E-1 2.58119E-1
6.25984E-1 5.95124E-1 7.04493E-1 6.64663E-1 5.65497E-1 6.00341E-1 5.96977E-1 6.03888E-1 6.00355E-1 6.57205E-1 5.31906E-1 5.6851E-1 5.29945E-1 4.81127E-1 5.10942E-1 5.03929E-1 5.84206E-1 4.8553E-1 4.64438E-1 5.10382E-1 5.04597E-1 5.25862E-1 5.17971E-1 5.21931E-1 5.39979E-1 5.83812E-1 5.22637E-1 4.32359E-1 5.02061E-1 4.65309E-1 4.43864E-1 4.72867E-1 4.70084E-1 4.90204E-1 4.40564E-1 4.88858E-1 6.5775E-1 5.39538E-1 5.39073E-1 4.78891E-1 4.37896E-1 6.12582E-1 6.58025E-1 5.66119E-1 4.06236E-1 3.52864E-1 5.50344E-1 6.47754E-1 5.17097E-1 5.96158E-1 6.28828E-1 6.49839E-1 4.50807E-1 4.3903E-1 4.97926E-1 4.88596E-1 6.23644E-1 6.00385E-1 6.5717E-1 5.92343E-1 5.83528E-1
6.03337E-1 6.62961E-1 6.38621E-1 7.21224E-1 6.2457E-1 7.0922E-1 6.08036E-1 5.90073E-1 5.94249E-1 5.43921E-1 6.04394E-1 5.40658E-1 5.01713E-1 5.5901E-1 5.36457E-1 5.21043E-1 4.99455E-1 4.99031E-1 5.20695E-1 4.90901E-1 4.56832E-1 5.27772E-1 5.58903E-1 7.33392E-1 6.51652E-1 5.57481E-1 5.68042E-1 5.47761E-1 5.0466E-1 4.80648E-1 4.95038E-1 4.62616E-1 4.8642E-1 5.40782E-1 4.95746E-1 6.7967E-1 6.73845E-1 5.0139E-1 5.5659E-1 5.85391E-1 4.58419E-1 6.39084E-1 4.85208E-1 3.95151E-1 4.07399E-1 4.25174E-1 4.59177E-1 6.75702E-1 6.61684E-1 4.68987E-1 6.77571E-1 5.88095E-1 4.73909E-1 4.8507E-1 4.59061E-1 5.91334E-1 6.87639E-1 6.46813E-1 5.20844E-1 5.39187E-1 2.39695E-1
5.57885E-1 6.52115E-1 5.22666E-1 6.92395E-1 6.54397E-1 6.1003E-1 5.53262E-1 5.93883E-1 6.44973E-1 6.13782E-1 6.61201E-1 6.99189E-1 5.63363E-1 5.41562E-1 5.3858E-1 5.37496E-1 5.25889E-1 5.25234E-1 4.95375E-1 5.07906E-1 4.83279E-1 5.23043E-1 6.62913E-1 5.46741E-1 6.17529E-1 6.45515E-1 6.44553E-1 6.06733E-1 4.8705E-1 5.43844E-1 5.04697E-1 4.99896E-1 4.86347E-1 5.75381E-1 4.8912E-1 5.36359E-1 5.16067E-1 5.91151E-1 7.0536E-1 6.20141E-1 5.19397E-1 4.0849E-1 5.20902E-1 5.59471E-1 3.6152E-1 3.5355E-1 4.91803E-1 6.6311E-1 6.44286E-1 6.7547E-1 7.03827E-1 5.81284E-1 4.0344E-1 5.85807E-1 4.98035E-1 6.68257E-1 5.48458E-1 5.17944E-1 4.18006E-1 3.09228E-1 3.78701E-1
5.30302E-1 6.90489E-1 6.37741E-1 6.30481E-1 6.7297E-1 5.84566E-1 5.52417E-1 6.16172E-1 5.8519E-1 7.12391E-1 6.61217E-1 7.30753E-1 5.66045E-1 6.0553E-1 6.92126E-1 5.76783E-1 5.32266E-1 4.93485E-1 4.60198E-1 5.34685E-1 5.02166E-1 5.52725E-1 6.10439E-1 6.93309E-1 7.31636E-1 7.47804E-1 7.07944E-1 7.40768E-1 5.2853E-1 5.00537E-1 5.23239E-1 6.9291E-1 7.11908E-1 6.36529E-1 5.37807E-1 4.80025E-1 4.76127E-1 6.10323E-1 6.12142E-1 6.0972E-1 4.96625E-1 5.59454E-1 4.34003E-1 4.23343E-1 4.87756E-1 3.93508E-1 4.67655E-1 5.61466E-1 6.51837E-1 6.85699E-1 6.10284E-1 5.5975E-1 4.00476E-1 6.13714E-1 5.89838E-1 7.07981E-1 5.81464E-1 6.72273E-1 4.89123E-1 4.1429E-1 3.47135E-1
5.36109E-1 5.65053E-1 6.69542E-1 7.27506E-1 7.01712E-1 5.49478E-1 5.57385E-1 5.9182E-1 5.83174E-1 6.06289E-1 5.36273E-1 5.54612E-1 5.56268E-1 5.56845E-1 5.97803E-1 6.13886E-1 5.01357E-1 4.59429E-1 4.93203E-1 5.09401E-1 5.23548E-1 5.18021E-1 5.09661E-1 5.46832E-1 5.65165E-1 7.40828E-1 5.25316E-1 5.24676E-1 4.80507E-1 5.44147E-1 7.12639E-1 6.08479E-1 6.36263E-1 4.93644E-1 5.16609E-1 4.91873E-1 4.89275E-1 4.87379E-1 6.00255E-1 6.85521E-1 4.88775E-1 6.52022E-1 4.61998E-1 4.10912E-1 4.57056E-1 4.16657E-1 4.07472E-1 4.07949E-1 5.07351E-1 6.53393E-1 5.06875E-1 5.22433E-1 4.01519E-1 5.28011E-1 5.54733E-1 6.72193E-1 6.70777E-1 6.39006E-1 4.6138E-1 3.56274E-1 3.19797E-1
5.67923E-1 5.64206E-1 5.67879E-1 6.45012E-1 5.78598E-1 6.16238E-1 6.0303E-1 6.1626E-1 6.29149E-1 6.0736E-1 5.76637E-1 5.55493E-1 5.33894E-1 5.50559E-1 5.64001E-1 5.63416E-1 4.76232E-1 4.36787E-1 4.81157E-1 5.18376E-1 5.52788E-1 6.7871E-1 5.1331E-1 5.34956E-1 5.67373E-1 7.53918E-1 5.43261E-1 4.6299E-1 4.81519E-1 6.05425E-1 6.07617E-1 5.06602E-1 5.92256E-1 5.94929E-1 5.78896E-1 5.05201E-1 4.90483E-1 4.83399E-1 4.70783E-1 5.12017E-1 4.80782E-1 5.33725E-1 5.48234E-1 4.383E-1 4.76933E-1 5.04175E-1 4.25165E-1 4.05406E-1 4.96204E-1 5.72754E-1 5.08266E-1 4.19161E-1 4.8639E-1 4.14272E-1 4.61921E-1 5.96772E-1 5.34401E-1 4.60971E-1 3.64291E-1 3.82319E-1 4.27405E-1
6.87412E-1 6.02056E-1 5.84942E-1 6.02589E-1 5.8088E-1 7.10913E-1 6.47398E-1 6.34192E-1 6.88776E-1 6.83347E-1 6.81076E-1 6.11453E-1 6.78567E-1 5.83467E-1 5.89794E-1 5.99103E-1 5.51272E-1 5.06157E-1 4.75278E-1 4.87487E-1 5.036E-1 5.26108E-1 5.30734E-1 5.69281E-1 6.56343E-1 6.93096E-1 5.45665E-1 5.30383E-1 5.35058E-1 5.12449E-1 5.33634E-1 4.80795E-1 4.97219E-1 5.46126E-1 5.32763E-1 5.53592E-1 5.10072E-1 4.92568E-1 5.10639E-1 4.79119E-1 5.0072E-1 5.07695E-1 6.16114E-1 5.63923E-1 4.58781E-1 4.39819E-1 4.43457E-1 4.37787E-1 4.95789E-1 6.15981E-1 4.49001E-1 4.8859E-1 4.29243E-1 4.06803E-1 4.59889E-1 4.97433E-1 5.74456E-1 4.55003E-1 4.30017E-1 3.97239E-1 4.21684E-1
7.32809E-1 5.87716E-1 6.14813E-1 5.8788E-1 5.70121E-1 6.48729E-1 6.45509E-1 7.15871E-1 6.7299E-1 6.84129E-1 6.74735E-1 6.48049E-1 6.59036E-1 7.00466E-1 5.8578E-1 6.26766E-1 6.11153E-1 5.59476E-1 5.30905E-1 6.29644E-1 5.0819E-1 5.10718E-1 5.07212E-1 5.15686E-1 5.97086E-1 7.33845E-1 5.48201E-1 5.39509E-1 5.24253E-1 4.8074E-1 5.01397E-1 5.02445E-1 5.45805E-1 5.97318E-1 5.54712E-1 6.51929E-1 5.46679E-1 5.3749E-1 5.25911E-1 4.89569E-1 4.71574E-1 5.90561E-1 7.7996E-1 6.56541E-1 5.28142E-1 4.58249E-1 4.37167E-1 4.60449E-1 4.37708E-1 4.33923E-1 4.47386E-1 4.50774E-1 4.05787E-1 4.18051E-1 4.37649E-1 5.00835E-1 4.90094E-1 5.38397E-1 4.91211E-1 4.62122E-1 4.0538E-1
6.12276E-1 6.25213E-1 5.9795E-1 5.99244E-1 5.9253E-1 5.79322E-1 5.72394E-1 6.46892E-1 6.86324E-1 5.82309E-1 6.85654E-1 6.66338E-1 7.57816E-1 6.56785E-1 5.81391E-1 7.34227E-1 6.47028E-1 5.84447E-1 5.72968E-1 5.62511E-1 5.24172E-1 5.33912E-1 6.39342E-1 6.43816E-1 6.97221E-1 7.46245E-1 6.78461E-1 5.39093E-1 5.3363E-1 4.81608E-1 5.32435E-1 5.12353E-1 5.48949E-1 5.5437E-1 5.96744E-1 7.20303E-1 5.46829E-1 5.31319E-1 6.28447E-1 5.42976E-1 5.29932E-1 4.77772E-1 6.07948E-1 6.30562E-1 5.58915E-1 5.48135E-1 5.32675E-1 5.21131E-1 4.40798E-1 4.27754E-1 4.63536E-1 4.14463E-1 4.21676E-1 4.18539E-1 4.53689E-1 4.46205E-1 4.332E-1 4.70585E-1 4.26357E-1 4.12347E-1 4.5111E-1
6.59643E-1 6.08435E-1 5.94848E-1 5.85454E-1 6.05545E-1 5.88889E-1 5.78886E-1 5.86011E-1 4.15589E-1 6.16281E-1 7.05651E-1 6.54287E-1 6.55309E-1 6.07015E-1 5.98082E-1 7.39364E-1 7.20789E-1 5.90392E-1 5.88561E-1 6.01128E-1 5.89392E-1 5.64426E-1 5.85798E-1 5.8397E-1 5.81727E-1 6.81043E-1 7.38174E-1 5.86158E-1 5.35195E-1 5.82474E-1 5.73495E-1 5.74555E-1 5.39656E-1 5.93919E-1 6.32383E-1 5.91289E-1 5.53214E-1 5.45899E-1 5.35199E-1 5.75324E-1 5.13302E-1 5.42191E-1 4.76987E-1 5.14403E-1 7.78996E-1 5.94805E-1 5.32534E-1 5.9387E-1 5.45051E-1 5.14916E-1 4.95073E-1 4.18315E-1 4.60515E-1 4.28503E-1 4.50693E-1 4.1847E-1 4.90895E-1 4.66145E-1 4.15553E-1 4.49715E-1 4.11685E-1
6.37843E-1 6.09082E-1 6.18769E-1 6.16E-1 6.18332E-1 5.90633E-1 6.04967E-1 5.66332E-1 4.36019E-1 6.72266E-1 6.35582E-1 6.09966E-1 6.45924E-1 6.72938E-1 5.9319E-1 7.6142E-1 5.91776E-1 5.94096E-1 6.39634E-1 6.11822E-1 7.04579E-1 5.93036E-1 5.65684E-1 5.57051E-1 5.53919E-1 5.24679E-1 6.65481E-1 5.8189E-1 6.38484E-1 5.85361E-1 6.19789E-1 5.78385E-1 6.07642E-1 5.80546E-1 6.08244E-1 6.15742E-1 5.47057E-1 5.88439E-1 5.43739E-1 5.71416E-1 5.1534E-1 5.80456E-1 5.2727E-1 5.08625E-1 6.93916E-1 4.81141E-1 5.00602E-1 4.74112E-1 6.54097E-1 4.64788E-1 4.65511E-1 4.64304E-1 4.98917E-1 4.69426E-1 4.35543E-1 4.29661E-1 6.23868E-1 4.58475E-1 5.68184E-1 4.08913E-1 3.46842E-1
6.4488E-1 6.22427E-1 6.22085E-1 6.17422E-1 6.21168E-1 6.2022E-1 6.38239E-1 5.81715E-1 4.95624E-1 6.15823E-1 6.27521E-1 6.1179E-1 6.16814E-1 6.46019E-1 6.54453E-1 6.13925E-1 5.90445E-1 5.97101E-1 6.11146E-1 6.84292E-1 6.71657E-1 6.0948E-1 5.70459E-1 5.61502E-1 5.25698E-1 5.53129E-1 6.21021E-1 6.6361E-1 6.18539E-1 6.65539E-1 6.36631E-1 6.49695E-1 6.19504E-1 5.76997E-1 6.29385E-1 5.81001E-1 5.83126E-1 6.00273E-1 5.68223E-1 5.54275E-1 6.7681E-1 6.49603E-1 5.39092E-1 5.15434E-1 4.76217E-1 5.80435E-1 5.03317E-1 5.85013E-1 7.40898E-1 6.92399E-1 5.76759E-1 4.62539E-1 5.48694E-1 4.5999E-1 4.6489E-1 4.3838E-1 4.3186E-1 4.3119E-1 5.26545E-1 4.62743E-1 4.40855E-1
6.48703E-1 6.14231E-1 6.28683E-1 6.01882E-1 5.62097E-1 6.09014E-1 5.83986E-1 5.86904E-1 5.63737E-1 6.16681E-1 6.14898E-1 6.22179E-1 6.23084E-1 5.90823E-1 7.21237E-1 6.74105E-1 6.05214E-1 6.04464E-1 6.21229E-1 6.30627E-1 6.09153E-1 6.26502E-1 6.13229E-1 5.78541E-1 5.88237E-1 5.89794E-1 6.63763E-1 6.23849E-1 6.21526E-1 7.78988E-1 6.55785E-1 6.22752E-1 6.14816E-1 6.54966E-1 6.09577E-1 6.15651E-1 5.96138E-1 5.99017E-1 5.41419E-1 5.87968E-1 5.80457E-1 6.17655E-1 5.85859E-1 5.53721E-1 5.01126E-1 5.82348E-1 5.35302E-1 5.27248E-1 5.95195E-1 6.01963E-1 5.32553E-1 7.26283E-1 7.10356E-1 4.80804E-1 5.47221E-1 4.46192E-1 4.36845E-1 4.79911E-1 4.37131E-1 4.13694E-1 3.65333E-1
6.5308E-1 6.26592E-1 6.16392E-1 6.0372E-1 5.782E-1 5.54645E-1 5.84361E-1 6.03008E-1 5.13916E-1 6.23128E-1 6.17918E-1 6.1133E-1 6.48104E-1 6.21011E-1 6.08504E-1 6.17097E-1 5.98164E-1 6.70991E-1 6.37368E-1 7.01851E-1 6.3273E-1 5.98139E-1 6.15777E-1 6.7861E-1 6.23937E-1 5.97523E-1 7.16469E-1 6.05555E-1 6.16413E-1 6.2595E-1 6.08806E-1 6.22711E-1 6.07728E-1 6.17915E-1 6.30196E-1 6.41789E-1 5.77335E-1 5.63622E-1 5.37985E-1 5.46197E-1 5.4362E-1 8.15944E-1 6.63971E-1 5.42558E-1 5.42237E-1 5.19087E-1 4.94831E-1 4.9178E-1 5.81853E-1 5.1633E-1 5.25226E-1 5.45468E-1 5.2542E-1 4.93418E-1 5.52166E-1 4.51692E-1 4.27641E-1 4.50991E-1 4.9751E-1 4.0247E-1 3.85997E-1
6.79014E-1 6.49617E-1 6.20895E-1 6.02132E-1 5.99675E-1 6.18379E-1 6.03544E-1 6.07633E-1 5.93257E-1 5.95699E-1 5.94206E-1 6.34851E-1 6.77616E-1 6.67874E-1 6.20784E-1 5.89591E-1 6.01085E-1 6.19516E-1 6.60572E-1 6.55965E-1 6.37294E-1 6.24733E-1 6.20502E-1 6.25054E-1 6.43503E-1 6.26734E-1 5.96786E-1 6.24852E-1 6.31202E-1 6.00872E-1 6.18385E-1 6.11296E-1 6.13099E-1 6.19406E-1 6.33123E-1 6.36191E-1 5.9455E-1 5.77516E-1 6.48207E-1 5.57398E-1 5.64677E-1 5.52978E-1 5.47565E-1 5.61636E-1 5.47119E-1 5.47049E-1 5.10648E-1 5.03693E-1 5.20158E-1 5.64654E-1 6.29373E-1 6.43252E-1 5.5095E-1 5.07738E-1 4.70129E-1 5.47559E-1 4.77855E-1 4.37146E-1 4.26312E-1 4.77774E-1 4.09549E-1
