Candidate_Models_Sept202022/M_0.4_F_lqp_Set_1_cal/Bison.asc
ncols         97
nrows         127
xllcorner     -2197417.7431653
yllcorner     -584827.01486885
cellsize      30000.0
NODATA_value  -9999
[rows 54 to 80 of 127, columns 0 to 60 of 97]
-9999 -9999 -9999 -9999 3.00931E-2 1.02815E-2 2.42505E-3 8.87999E-3 7.36616E-3 1.06873E-3 1.19055E-3 1.17521E-2 8.07692E-3 1.53309E-2 1.38063E-2 9.97707E-3 1.72726E-2 3.0144E-2 3.81285E-2 5.30518E-2 8.20594E-2 9.71132E-2 8.65177E-2 6.97796E-2 6.35874E-2 1.57216E-1 9.48085E-2 7.25674E-2 1.19334E-1 1.03728E-1 1.12024E-1 1.27503E-1 1.45554E-1 1.54103E-1 1.45261E-1 1.49286E-1 1.48922E-1 1.41899E-1 1.53805E-1 1.83663E-1 2.65458E-1 2.72651E-1 2.1075E-1 1.62805E-1 1.53442E-1 1.33051E-1 1.47102E-1 1.23938E-1 1.06657E-1 9.9084E-2 1.04843E-1 1.07349E-1 8.06478E-2 1.34702E-1 1.54214E-1 8.99143E-2 1.00878E-1 8.59278E-2 8.31219E-2 7.28301E-2 4.94828E-2
-9999 -9999 -9999 -9999 -9999 5.97907E-3 1.96336E-3 4.83612E-3 3.23359E-2 3.97133E-3 6.64194E-4 7.12802E-3 4.51458E-2 9.61789E-3 1.4447E-2 8.75334E-3 9.98175E-3 1.5587E-2 4.39192E-2 2.93634E-2 8.85085E-2 1.05571E-1 8.63968E-2 1.23389E-1 6.86936E-2 7.69987E-2 7.99359E-2 9.33927E-2 1.69365E-1 1.57542E-1 1.48486E-1 1.39629E-1 1.51629E-1 1.41216E-1 1.36575E-1 1.71967E-1 1.73155E-1 1.60589E-1 1.95324E-1 1.90766E-1 2.56133E-1 3.25374E-1 2.0773E-1 1.6191E-1 1.6641E-1 1.55649E-1 1.38376E-1 1.16322E-1 1.20793E-1 8.71845E-2 1.10908E-1 1.24102E-1 1.1207E-1 1.59121E-1 1.34963E-1 1.0562E-1 1.0373E-1 8.186E-2 8.16291E-2 6.76139E-2 6.02475E-2
-9999 -9999 -9999 -9999 -9999 1.16277E-2 6.03764E-3 9.60974E-3 1.34964E-2 6.97115E-3 1.0792E-4 1.86372E-3 2.65625E-3 2.56413E-3 2.1456E-2 9.37671E-3 1.76517E-2 2.24093E-2 3.19787E-2 4.9521E-2 9.90051E-2 6.79682E-2 6.48132E-2 8.20846E-2 5.9976E-2 5.55001E-2 7.29163E-2 1.38426E-1 2.24071E-1 1.58198E-1 1.83687E-1 1.77873E-1 1.77477E-1 1.75859E-1 1.9244E-1 2.18776E-1 1.74662E-1 1.60285E-1 1.90817E-1 1.86095E-1 2.76915E-1 2.15207E-1 1.68513E-1 1.75227E-1 1.67458E-1 1.54258E-1 1.40588E-1 1.22561E-1 1.3104E-1 1.36631E-1 1.5613E-1 1.41838E-1 1.59705E-1 1.43854E-1 1.10578E-1 1.16933E-1 1.0914E-1 1.0191E-1 7.27786E-2 5.84153E-2 3.51886E-2
-9999 -9999 -9999 -9999 -9999 -9999 1.23872E-2 -9999 2.79737E-2 1.71368E-3 3.36978E-4 1.63932E-3 3.03629E-3 4.65939E-3 5.30111E-3 2.85223E-2 1.48923E-2 2.21602E-2 3.94877E-2 6.43496E-2 5.89523E-2 6.14833E-2 6.30457E-2 9.02081E-2 6.76304E-2 8.38528E-2 5.04329E-2 1.38684E-1 1.78003E-1 1.92164E-1 3.43823E-1 2.96703E-1 2.14767E-1 1.97203E-1 2.07934E-1 2.28204E-1 2.31259E-1 1.80551E-1 1.94655E-1 1.69702E-1 1.84576E-1 1.45629E-1 1.84794E-1 1.70036E-1 1.28979E-1 1.43419E-1 1.25518E-1 1.45025E-1 1.55389E-1 1.51669E-1 1.56305E-1 1.60987E-1 1.37257E-1 1.3094E-1 1.21896E-1 1.13173E-1 1.05556E-1 9.54978E-2 7.77928E-2 5.7249E-2 4.0613E-2
-9999 -9999 -9999 6.05949E-3 -9999 -9999 -9999 -9999 -9999 5.64106E-3 2.16265E-3 6.31377E-4 1.80387E-3 3.73022E-3 2.68014E-3 2.16439E-2 1.52392E-2 2.96918E-2 3.6549E-2 5.82994E-2 5.25541E-2 6.97302E-2 5.29629E-2 1.1461E-1 5.0443E-2 6.02355E-2 5.48377E-2 9.09166E-2 2.57999E-1 2.39456E-1 4.52235E-1 4.01758E-1 2.15461E-1 1.73132E-1 1.76281E-1 2.48692E-1 2.34724E-1 2.84827E-1 5.09203E-1 1.92187E-1 1.81071E-1 1.46924E-1 1.76218E-1 1.55005E-1 1.00222E-1 1.22354E-1 1.59236E-1 1.51377E-1 1.49772E-1 1.37427E-1 1.60424E-1 1.55026E-1 1.50126E-1 1.26791E-1 1.13836E-1 1.21615E-1 1.00346E-1 9.85812E-2 8.6058E-2 7.13907E-2 5.92766E-2
-9999 -9999 -9999 4.05935E-3 8.00615E-3 1.21966E-2 -9999 -9999 -9999 1.05424E-2 3.34823E-4 1.18679E-3 2.45387E-3 6.55443E-3 6.5862E-3 3.56718E-2 2.79215E-2 2.25096E-2 5.18667E-2 6.22948E-2 4.7768E-2 5.28542E-2 6.51882E-2 6.76469E-2 7.26475E-2 4.26219E-2 4.69575E-2 9.37452E-2 3.14456E-1 3.81486E-1 5.25697E-1 4.71981E-1 2.37141E-1 2.2665E-1 2.27581E-1 2.22527E-1 2.41377E-1 4.76655E-1 4.01667E-1 1.96138E-1 1.95903E-1 2.07083E-1 1.77729E-1 1.60692E-1 1.45313E-1 1.43209E-1 1.48552E-1 1.31771E-1 1.36088E-1 1.99898E-1 1.81897E-1 1.54528E-1 1.2716E-1 1.28458E-1 9.51942E-2 1.30191E-1 1.10428E-1 1.181E-1 1.06285E-1 8.38298E-2 6.15486E-2
-9999 -9999 -9999 3.29856E-3 9.31686E-3 1.5907E-2 1.07628E-2 -9999 -9999 4.87026E-2 9.65327E-4 5.42002E-3 2.37711E-3 4.20334E-3 6.61424E-3 2.00134E-2 3.12089E-2 4.19489E-2 5.90657E-2 5.30804E-2 7.01247E-2 5.8664E-2 4.70514E-2 3.71627E-2 7.08441E-2 7.65199E-3 6.658E-3 6.20966E-2 1.90658E-1 2.08545E-1 6.05892E-1 6.42565E-1 4.35163E-1 5.08134E-1 4.67771E-1 3.24513E-1 3.68882E-1 4.06373E-1 3.09008E-1 2.09241E-1 2.20793E-1 2.06809E-1 1.97456E-1 1.68493E-1 1.51433E-1 1.43448E-1 1.4323E-1 1.52545E-1 1.51321E-1 2.54087E-1 2.25817E-1 2.13042E-1 1.3407E-1 1.31507E-1 9.74528E-2 1.30914E-1 1.16312E-1 1.29714E-1 1.11048E-1 8.58815E-2 5.69313E-2
-9999 -9999 -9999 2.26129E-3 5.92392E-3 9.47135E-3 -9999 -9999 1.64429E-2 8.1039E-4 1.99294E-4 1.36707E-3 2.13308E-3 5.19376E-3 1.04293E-2 2.21084E-2 1.27836E-1 5.39305E-2 7.02075E-2 4.00288E-2 6.73305E-2 6.50133E-2 6.52456E-2 5.28656E-2 5.91539E-2 1.06195E-2 4.75042E-3 4.42957E-2 1.16962E-1 3.72908E-1 5.69685E-1 6.86489E-1 6.10513E-1 5.19579E-1 6.09848E-1 5.05796E-1 4.63823E-1 5.44434E-1 3.75505E-1 2.69101E-1 2.61106E-1 2.44441E-1 2.02699E-1 1.6983E-1 1.61937E-1 1.88179E-1 1.70076E-1 1.76811E-1 2.10572E-1 2.5035E-1 2.47325E-1 1.58644E-1 1.46267E-1 1.13922E-1 8.62403E-2 1.44034E-1 1.27777E-1 1.04593E-1 1.1238E-1 8.46607E-2 7.89392E-2
-9999 -9999 -9999 2.60809E-3 1.09085E-2 -9999 -9999 3.05021E-2 1.03223E-2 1.19984E-3 3.88009E-4 1.47438E-3 3.08137E-3 1.40623E-3 1.37266E-2 2.98818E-2 1.00365E-1 6.58452E-2 6.67814E-2 6.41348E-2 7.23795E-2 7.70943E-2 5.88172E-2 6.35894E-2 5.96129E-2 1.78513E-2 2.03327E-3 2.9452E-2 6.83522E-2 1.24163E-1 3.86874E-1 6.27904E-1 4.31397E-1 4.73414E-1 7.08797E-1 6.07845E-1 5.97117E-1 7.36279E-1 5.06151E-1 2.80077E-1 2.65493E-1 2.12987E-1 1.801E-1 1.68729E-1 1.8245E-1 2.10771E-1 1.87573E-1 1.70322E-1 1.62939E-1 2.15711E-1 2.38385E-1 1.41174E-1 1.1587E-1 1.21555E-1 1.07506E-1 1.18276E-1 1.25084E-1 1.11487E-1 1.19304E-1 9.14982E-2 7.54152E-2
-9999 -9999 -9999 2.11778E-3 2.79184E-3 -9999 -9999 -9999 1.88113E-2 1.7903E-3 9.9179E-4 2.93863E-3 7.99246E-4 6.94367E-3 2.46848E-2 5.2131E-2 8.54677E-2 8.61087E-2 9.43373E-2 6.8877E-2 8.87284E-2 1.0244E-1 8.78554E-2 6.17332E-2 5.48551E-2 2.08776E-2 7.76018E-3 2.28735E-2 4.79863E-2 8.29597E-2 1.47505E-1 4.25864E-1 5.30584E-1 5.78534E-1 6.41421E-1 6.33792E-1 5.64845E-1 4.66755E-1 3.05645E-1 2.55329E-1 2.16286E-1 2.14889E-1 1.92426E-1 1.83043E-1 2.00808E-1 2.112E-1 2.43045E-1 1.85486E-1 1.84098E-1 2.34106E-1 2.2367E-1 1.60148E-1 1.53161E-1 1.38998E-1 1.31621E-1 1.04986E-1 1.32041E-1 1.20339E-1 1.25663E-1 1.1515E-1 9.05111E-2
-9999 -9999 -9999 5.77043E-3 1.95391E-2 -9999 -9999 -9999 4.50525E-2 1.4392E-2 5.50511E-3 4.91857E-4 7.24961E-3 1.2752E-2 1.6213E-2 5.62269E-2 7.38299E-2 9.76239E-2 1.26536E-1 7.33303E-2 7.0264E-2 1.46262E-1 1.05588E-1 7.96161E-2 6.22036E-2 3.40365E-2 9.23239E-3 2.00554E-2 3.29906E-2 8.64158E-2 1.25321E-1 4.65652E-1 5.08954E-1 6.11143E-1 4.65524E-1 5.71368E-1 5.04688E-1 5.30063E-1 3.19057E-1 3.12718E-1 2.29819E-1 2.25885E-1 1.89343E-1 1.86375E-1 2.85446E-1 2.91702E-1 2.68128E-1 1.99859E-1 1.84772E-1 2.32881E-1 2.90237E-1 1.84412E-1 1.52944E-1 1.16756E-1 1.52631E-1 1.10464E-1 1.22838E-1 1.14013E-1 1.00142E-1 1.20629E-1 8.92298E-2
-9999 -9999 -9999 1.78465E-3 2.62906E-2 -9999 -9999 -9999 5.9394E-2 9.44766E-3 4.96248E-4 1.75481E-4 2.71915E-3 1.02936E-2 1.12121E-1 5.58865E-2 5.61904E-2 1.12273E-1 9.31536E-2 9.01096E-2 1.55384E-1 2.0124E-1 1.14695E-1 8.84777E-2 6.29132E-2 3.12202E-2 1.12816E-2 1.2679E-2 2.54014E-2 5.38421E-2 1.02056E-1 2.78658E-1 4.79058E-1 6.61926E-1 5.3215E-1 5.5741E-1 3.17353E-1 4.9464E-1 5.11886E-1 3.5197E-1 1.90143E-1 1.83132E-1 1.85099E-1 1.94521E-1 2.08676E-1 2.11485E-1 2.22233E-1 2.20485E-1 2.61173E-1 2.41602E-1 2.21808E-1 2.0492E-1 1.65578E-1 1.53183E-1 1.41373E-1 1.35451E-1 1.13487E-1 1.53034E-1 1.21137E-1 1.23251E-1 1.28413E-1
-9999 -9999 -9999 -9999 5.34433E-3 -9999 -9999 -9999 -9999 1.79281E-2 1.14223E-3 6.46703E-4 2.39441E-3 3.0039E-3 2.14068E-2 5.01087E-2 5.06226E-2 1.10845E-1 1.3004E-1 1.56748E-1 1.23469E-1 3.50143E-1 1.84847E-1 1.17347E-1 1.17258E-1 4.4903E-2 1.5792E-2 8.49343E-3 2.01056E-2 2.80872E-2 7.16764E-2 1.1398E-1 1.54195E-1 2.26517E-1 1.97589E-1 2.56917E-1 4.77451E-1 4.00037E-1 2.21417E-1 1.67963E-1 2.6001E-1 1.90135E-1 2.70686E-1 2.17206E-1 2.12152E-1 2.71307E-1 2.56275E-1 2.68013E-1 2.15008E-1 2.03425E-1 3.06512E-1 1.92792E-1 1.82267E-1 1.76046E-1 1.83188E-1 1.49664E-1 1.42224E-1 1.3516E-1 1.28902E-1 1.29822E-1 1.28158E-1
-9999 -9999 -9999 -9999 1.09415E-2 -9999 -9999 -9999 -9999 4.93794E-2 8.66421E-3 1.91282E-3 3.20259E-3 3.3458E-3 1.27448E-2 4.60809E-2 9.13088E-2 1.0901E-1 1.25171E-1 1.06396E-1 1.27947E-1 1.63876E-1 1.32563E-1 2.29764E-1 3.38633E-1 5.65919E-2 2.12604E-2 6.488E-3 1.18125E-2 2.51992E-2 4.00535E-2 6.70154E-2 1.40788E-1 2.55208E-1 1.68824E-1 1.73357E-1 2.86477E-1 1.87679E-1 1.33031E-1 1.08068E-1 2.11453E-1 1.69089E-1 2.17781E-1 2.85494E-1 2.34931E-1 2.70513E-1 4.10284E-1 2.73063E-1 2.49619E-1 2.59183E-1 2.75855E-1 2.22536E-1 2.14437E-1 1.84305E-1 1.82526E-1 1.88639E-1 1.66579E-1 1.58856E-1 1.45246E-1 1.21749E-1 1.19051E-1
-9999 -9999 -9999 -9999 -9999 -9999 -9999 -9999 -9999 3.54555E-2 3.14906E-2 2.81447E-3 3.8073E-3 4.1432E-3 5.25129E-3 2.34008E-2 9.15254E-2 1.00756E-1 1.00661E-1 1.32992E-1 1.22075E-1 1.31136E-1 1.44102E-1 1.14146E-1 8.93462E-2 2.16061E-2 1.05705E-2 1.53516E-2 7.77261E-3 2.49279E-2 4.44634E-2 6.67165E-2 8.50501E-2 1.80894E-1 1.10187E-1 1.65384E-1 3.05277E-1 2.7349E-1 1.62221E-1 2.25616E-1 2.66594E-1 2.00845E-1 2.64542E-1 3.00101E-1 4.68901E-1 5.3239E-1 5.42486E-1 3.32382E-1 2.68949E-1 2.53736E-1 2.83965E-1 2.75395E-1 2.17471E-1 1.5397E-1 1.92371E-1 1.70845E-1 1.70893E-1 1.81984E-1 1.48509E-1 1.33137E-1 1.31744E-1
-9999 -9999 -9999 -9999 -9999 -9999 -9999 -9999 -9999 -9999 2.83663E-2 6.24565E-3 3.33077E-3 3.08057E-3 1.06316E-2 2.67912E-2 8.45423E-2 8.67364E-2 1.07869E-1 1.16258E-1 1.16823E-1 1.18154E-1 1.41862E-1 1.22689E-1 7.99149E-2 2.57386E-2 1.44741E-2 1.20727E-2 1.32955E-2 1.8431E-2 4.29485E-2 6.87098E-2 1.14943E-1 1.25408E-1 1.58544E-1 1.62918E-1 2.56065E-1 2.87376E-1 1.92127E-1 2.36612E-1 2.56456E-1 4.32872E-1 4.26526E-1 5.28227E-1 5.77914E-1 5.97983E-1 5.1255E-1 6.38424E-1 2.87682E-1 2.62881E-1 3.50234E-1 2.85118E-1 2.04524E-1 1.92291E-1 1.86182E-1 1.84452E-1 2.14778E-1 2.19381E-1 1.81641E-1 1.49338E-1 1.64123E-1
-9999 -9999 -9999 -9999 -9999 -9999 -9999 -9999 -9999 -9999 2.39627E-2 4.522E-3 2.89788E-4 1.27464E-3 1.02378E-2 1.39616E-2 8.5579E-2 1.26166E-1 1.0063E-1 1.25889E-1 1.19469E-1 1.18445E-1 1.52709E-1 1.91024E-1 7.65898E-2 3.38591E-2 2.10649E-2 1.04765E-2 2.23638E-2 3.03869E-2 4.9731E-2 7.29244E-2 8.5096E-2 1.37282E-1 1.65343E-1 2.37221E-1 2.02038E-1 1.89188E-1 2.04797E-1 4.66484E-1 4.63458E-1 5.84401E-1 4.52626E-1 5.23166E-1 5.63624E-1 5.66951E-1 3.67449E-1 5.45156E-1 4.49774E-1 5.26047E-1 5.12816E-1 3.50357E-1 2.43385E-1 2.13358E-1 1.96485E-1 1.99624E-1 1.97814E-1 1.68362E-1 1.80678E-1 1.72427E-1 1.72724E-1
-9999 -9999 -9999 -9999 -9999 -9999 -9999 -9999 -9999 -9999 1.98766E-2 2.41338E-3 5.51847E-4 1.2105E-3 7.37145E-2 3.58163E-2 6.14482E-2 1.53057E-1 1.23373E-1 1.79238E-1 1.53875E-1 1.48158E-1 1.52692E-1 1.79244E-1 9.57178E-2 2.73965E-2 1.86839E-2 1.89621E-2 2.45214E-2 4.09168E-2 7.18915E-2 1.19999E-1 9.99696E-2 9.70465E-2 1.68117E-1 2.11493E-1 3.1033E-1 4.0164E-1 4.38096E-1 3.81743E-1 4.42635E-1 5.00686E-1 6.12264E-1 5.95626E-1 6.07725E-1 6.47926E-1 6.60747E-1 6.18873E-1 5.03654E-1 6.46904E-1 6.50615E-1 5.77805E-1 4.60951E-1 4.08516E-1 4.02988E-1 2.43228E-1 2.14707E-1 1.96742E-1 2.07016E-1 1.99015E-1 1.84568E-1
-9999 -9999 -9999 -9999 -9999 -9999 -9999 -9999 -9999 -9999 1.40638E-2 1.7178E-3 1.94858E-3 1.08291E-3 1.00101E-2 2.3282E-2 8.84906E-2 1.43572E-1 1.55665E-1 2.35362E-1 2.61899E-1 1.76565E-1 1.47479E-1 1.63337E-1 9.52712E-2 4.14047E-2 2.0409E-2 1.78741E-2 6.22944E-2 3.45226E-2 6.11553E-2 1.25455E-1 1.29266E-1 9.85026E-2 2.29715E-1 1.79021E-1 2.84187E-1 3.57581E-1 3.3072E-1 4.10928E-1 5.64254E-1 6.76919E-1 7.25676E-1 6.83532E-1 7.71649E-1 6.90758E-1 6.85842E-1 6.72328E-1 6.96703E-1 7.04759E-1 4.91534E-1 3.86875E-1 3.90021E-1 4.81295E-1 4.82909E-1 4.80577E-1 2.70921E-1 2.18582E-1 2.15287E-1 2.09937E-1 2.0998E-1
-9999 -9999 -9999 -9999 -9999 -9999 -9999 -9999 -9999 -9999 5.00411E-3 2.94137E-3 2.34125E-3 4.58886E-3 1.23908E-1 9.2556E-3 1.08426E-1 8.81687E-2 1.36621E-1 2.655E-1 3.40078E-1 2.09005E-1 1.77E-1 1.32498E-1 1.44987E-1 8.19483E-2 4.58481E-2 2.37367E-2 3.72257E-2 9.11445E-2 6.56483E-2 4.63152E-2 1.07905E-1 2.21016E-1 2.01837E-1 2.4522E-1 2.41238E-1 2.52611E-1 3.14109E-1 4.372E-1 5.9037E-1 7.71124E-1 7.71412E-1 8.20414E-1 8.19889E-1 6.84592E-1 6.0198E-1 6.49808E-1 5.04718E-1 7.13665E-1 6.91988E-1 4.91209E-1 4.00788E-1 5.48618E-1 4.43887E-1 3.9958E-1 2.71674E-1 3.22232E-1 2.72094E-1 2.18952E-1 2.32824E-1
-9999 -9999 -9999 -9999 -9999 -9999 -9999 -9999 1.9596E-2 1.11432E-2 6.51056E-3 3.93202E-3 1.92979E-3 2.37878E-3 5.16166E-3 1.04354E-1 1.17225E-1 1.06222E-1 1.10371E-1 1.70804E-1 1.88624E-1 2.67473E-1 2.70774E-1 1.72308E-1 1.56677E-1 9.77071E-2 3.27233E-2 1.38761E-2 1.42008E-2 3.23894E-2 2.93785E-2 4.62846E-2 1.08776E-1 1.04208E-1 1.59642E-1 1.23975E-1 1.73782E-1 3.0094E-1 2.6763E-1 4.93253E-1 6.67623E-1 7.81986E-1 7.25593E-1 7.34108E-1 7.61717E-1 6.20794E-1 6.25005E-1 6.69002E-1 6.33205E-1 5.40969E-1 6.52406E-1 5.94182E-1 5.0434E-1 4.68486E-1 4.20288E-1 3.87414E-1 4.43965E-1 4.35229E-1 4.16731E-1 2.77411E-1 2.8074E-1
-9999 -9999 -9999 -9999 -9999 -9999 -9999 -9999 1.55155E-2 4.6015E-3 6.0887E-3 5.91233E-3 4.45854E-3 1.18468E-3 1.45137E-3 1.13247E-2 1.73248E-2 1.87224E-1 9.2721E-2 6.28038E-2 1.02612E-1 1.47518E-1 2.73699E-1 1.39603E-1 1.3982E-1 8.83586E-2 5.00792E-2 2.78857E-2 1.47465E-2 1.48669E-2 4.88469E-2 2.89498E-2 1.14213E-1 1.44396E-1 2.17612E-1 1.09388E-1 2.32959E-1 2.41396E-1 2.60959E-1 2.56633E-1 5.55674E-1 7.44233E-1 7.09715E-1 6.95022E-1 7.07389E-1 6.4209E-1 5.83314E-1 6.31335E-1 6.18782E-1 6.86759E-1 6.49908E-1 6.17536E-1 5.72408E-1 4.75068E-1 4.60054E-1 5.30104E-1 5.67953E-1 5.76397E-1 4.83315E-1 5.08983E-1 5.33635E-1
-9999 -9999 -9999 -9999 -9999 -9999 -9999 -9999 4.03891E-3 2.25936E-3 9.73574E-4 1.10774E-3 2.86103E-3 1.63797E-3 1.07909E-3 8.33776E-3 9.22115E-3 1.113E-1 1.03807E-1 1.15098E-1 7.90085E-2 8.39777E-2 1.97456E-1 1.63369E-1 1.68446E-1 1.83739E-1 6.79808E-2 5.23813E-2 2.12961E-2 1.44639E-2 4.12489E-2 3.7206E-2 7.02865E-2 2.49249E-1 4.76862E-1 4.02607E-1 1.62995E-1 2.38035E-1 2.40436E-1 5.66263E-1 7.2734E-1 7.78945E-1 7.61675E-1 7.72972E-1 7.68202E-1 6.65631E-1 6.17689E-1 5.6129E-1 6.89999E-1 6.88808E-1 7.4148E-1 6.56931E-1 6.00702E-1 5.1424E-1 6.09416E-1 4.32468E-1 6.21799E-1 6.00347E-1 4.85252E-1 6.31968E-1 6.39292E-1
-9999 -9999 -9999 -9999 -9999 -9999 -9999 -9999 -9999 5.97369E-3 9.37349E-4 7.11116E-4 1.11191E-3 4.09313E-3 1.3753E-3 1.88924E-3 1.36266E-2 1.18127E-1 4.12086E-1 1.96281E-1 3.76683E-2 4.86016E-2 8.08605E-2 1.77865E-1 1.28751E-1 1.31534E-1 9.13458E-2 6.30739E-2 2.88689E-2 1.60464E-2 1.04418E-2 1.48607E-2 3.52071E-2 7.98608E-2 2.0034E-1 2.23565E-1 2.49578E-1 1.91556E-1 3.05469E-1 7.58491E-1 7.21579E-1 8.41557E-1 8.30509E-1 7.8974E-1 7.39335E-1 6.2877E-1 6.84942E-1 6.92298E-1 5.27357E-1 5.93804E-1 5.76513E-1 6.28399E-1 5.44064E-1 7.5238E-1 7.06103E-1 5.30066E-1 6.10391E-1 6.65146E-1 5.61522E-1 6.31802E-1 5.24394E-1
-9999 -9999 -9999 -9999 -9999 -9999 -9999 -9999 -9999 3.43002E-3 2.71823E-3 6.38029E-4 5.92933E-4 3.02762E-3 6.55842E-3 2.97351E-3 3.61923E-3 5.85189E-3 4.42635E-2 6.89132E-2 3.78762E-2 2.66018E-2 6.36864E-2 1.23481E-1 1.15271E-1 1.2017E-1 1.31011E-1 6.29888E-2 2.40864E-2 9.47944E-3 1.33037E-2 4.84951E-3 5.26026E-2 4.0539E-2 1.64581E-1 2.74401E-1 4.14057E-1 2.38487E-1 2.2693E-1 6.51817E-1 7.90667E-1 7.7839E-1 7.22214E-1 7.31434E-1 7.04736E-1 5.51192E-1 4.70911E-1 6.90936E-1 5.76234E-1 6.26648E-1 6.99111E-1 5.77298E-1 6.64166E-1 6.49369E-1 7.0891E-1 6.38458E-1 4.88005E-1 5.45797E-1 5.28202E-1 5.5763E-1 5.66958E-1
-9999 -9999 -9999 -9999 -9999 -9999 -9999 -9999 -9999 -9999 3.96549E-3 8.2819E-4 4.83466E-4 4.90538E-3 1.04024E-2 2.09023E-3 2.8427E-3 6.64316E-3 2.73923E-2 2.16356E-2 2.65674E-2 1.8293E-2 6.0844E-2 2.4498E-1 1.78182E-1 1.49685E-1 1.00017E-1 5.82822E-2 1.98437E-2 1.24178E-2 1.71639E-2 1.17351E-2 1.12664E-2 2.51987E-2 7.34811E-2 1.75849E-1 2.30637E-1 2.18708E-1 3.50427E-1 6.93342E-1 7.52774E-1 7.44972E-1 7.34485E-1 7.06597E-1 5.19921E-1 5.37644E-1 4.53603E-1 6.13634E-1 5.37655E-1 6.13446E-1 7.38205E-1 7.17137E-1 7.21017E-1 7.33992E-1 5.98809E-1 6.61684E-1 6.79341E-1 5.07966E-1 5.2583E-1 5.97714E-1 5.57813E-1
-9999 -9999 -9999 -9999 -9999 -9999 -9999 -9999 -9999 -9999 4.80115E-3 1.31078E-3 8.63076E-4 2.11526E-3 1.05429E-2 5.1889E-3 2.0878E-3 1.86605E-3 7.36834E-3 2.06647E-2 2.54516E-2 3.60986E-2 5.63396E-2 8.87745E-2 1.93623E-1 3.29308E-1 3.01835E-1 1.12057E-1 9.76756E-2 2.89981E-2 1.31981E-2 4.71844E-2 4.30105E-2 7.13196E-2 1.03082E-1 1.00134E-1 1.26221E-1 2.05182E-1 2.52764E-1 7.36706E-1 7.99987E-1 7.56131E-1 7.59778E-1 7.90435E-1 7.27677E-1 5.64034E-1 4.04967E-1 4.62322E-1 5.50803E-1 5.62578E-1 6.79187E-1 6.96574E-1 7.07171E-1 7.03194E-1 7.01251E-1 6.07317E-1 6.47492E-1 6.47598E-1 6.53624E-1 5.15678E-1 5.2994E-1
