Candidate_Models_Sept202022/M_0.4_F_lqp_Set_1_cal/Bison.asc
ncols         97
nrows         127
xllcorner     -2197417.7431653
yllcorner     -584827.01486885
cellsize      30000.0
NODATA_value  -9999
[rows 27 to 53 of 127, columns 0 to 60 of 97]
-9999 -9999 1.23675E-2 4.82132E-3 3.59749E-2 6.20439E-2 5.73844E-2 9.10416E-2 1.797E-1 9.17788E-2 8.30094E-2 1.15569E-1 4.14896E-2 5.22179E-2 4.19935E-2 5.95923E-2 3.60556E-2 3.27706E-2 1.76324E-2 1.56191E-2 1.26245E-2 1.09621E-2 7.9475E-3 9.12026E-3 1.27726E-2 2.3961E-2 3.0372E-2 2.44439E-2 2.54562E-2 2.44113E-2 2.01797E-2 2.29925E-2 1.76506E-2 2.43434E-2 3.46115E-2 3.64657E-2 4.326E-2 4.18452E-2 2.26465E-2 5.71234E-2 1.07584E-1 9.43955E-2 8.79224E-2 1.71253E-1 7.9425E-2 6.37023E-2 4.85144E-2 3.52339E-2 2.45338E-2 2.05041E-2 1.89556E-2 2.27726E-2 1.52439E-2 1.4129E-2 8.47028E-3 6.20196E-3 6.08568E-3 5.46095E-3 6.61818E-3 7.85148E-3 1.22836E-2
-9999 4.0557E-4 1.32667E-2 5.31544E-3 5.34899E-3 2.85485E-2 7.32504E-2 8.60282E-2 8.9424E-2 1.05603E-1 8.87962E-2 8.06942E-2 7.87032E-2 6.98773E-2 5.70904E-2 5.36626E-2 7.21215E-2 4.48921E-2 3.09022E-2 2.39467E-2 2.277E-2 1.51794E-2 8.08883E-3 1.11626E-2 1.65068E-2 2.82485E-2 3.1381E-2 2.71842E-2 2.97754E-2 2.78366E-2 2.20488E-2 1.55792E-2 1.60008E-2 2.17463E-2 2.21429E-2 2.93173E-2 3.52496E-2 7.88224E-2 7.72054E-2 6.31017E-2 7.44366E-2 5.09179E-2 7.89803E-2 7.37207E-2 7.7023E-2 4.34404E-2 4.28161E-2 2.64817E-2 2.22112E-2 1.65517E-2 1.84379E-2 2.8035E-2 1.29352E-2 1.07751E-2 8.45419E-3 6.78851E-3 5.96051E-3 5.57777E-3 5.94724E-3 6.80862E-3 6.36901E-3
-9999 2.41974E-5 1.14147E-4 3.28322E-3 7.41287E-3 3.15734E-2 4.77147E-2 9.4222E-2 1.59898E-1 1.28884E-1 7.7934E-2 9.68293E-2 8.44375E-2 7.36302E-2 6.54761E-2 3.85142E-2 4.73882E-2 5.68235E-2 5.28243E-2 3.0849E-2 1.86797E-2 1.01248E-2 1.39276E-2 1.51942E-2 3.60986E-2 2.93665E-2 3.50789E-2 3.24137E-2 2.56361E-2 2.73648E-2 2.0914E-2 1.74081E-2 2.49236E-2 2.19833E-2 2.18982E-2 2.5062E-2 2.53046E-2 4.52388E-2 4.19958E-2 6.43858E-2 7.22423E-2 7.14066E-2 7.47167E-2 6.34118E-2 3.85392E-2 4.39798E-2 3.1203E-2 2.37052E-2 1.67455E-2 1.64913E-2 1.60797E-2 1.57152E-2 1.18678E-2 9.65465E-3 7.74235E-3 6.76594E-3 5.93287E-3 5.2652E-3 5.02759E-3 6.428E-3 6.09803E-3
5.97394E-3 1.67672E-5 1.89412E-7 1.46879E-5 2.43563E-4 1.17487E-2 5.60189E-2 1.22886E-1 1.11094E-1 1.02363E-1 9.32166E-2 9.8578E-2 1.04715E-1 1.1944E-1 6.79718E-2 4.30473E-2 7.96038E-2 6.27273E-2 4.93967E-2 3.57456E-2 2.08407E-2 1.22734E-2 2.03518E-2 2.9481E-2 2.98521E-2 2.85702E-2 2.57195E-2 3.4961E-2 2.6424E-2 2.31403E-2 1.85184E-2 1.7895E-2 2.19776E-2 1.81501E-2 2.77287E-2 3.01197E-2 2.60695E-2 3.54509E-2 5.66914E-2 6.63323E-2 6.92249E-2 5.78934E-2 5.07664E-2 6.69717E-2 4.35012E-2 3.65905E-2 3.15333E-2 2.29074E-2 1.59775E-2 1.14457E-2 1.02431E-2 1.18904E-2 1.18818E-2 1.06042E-2 8.82914E-3 7.29877E-3 5.61818E-3 5.28902E-3 5.18216E-3 6.19088E-3 5.99881E-3
2.43813E-2 8.09938E-3 3.34462E-6 2.30407E-7 4.57734E-5 2.26649E-2 5.8546E-2 1.38304E-1 1.06298E-1 1.09112E-1 1.25511E-1 1.10948E-1 1.05357E-1 1.49368E-1 8.57679E-2 8.31279E-2 5.08048E-2 8.23456E-2 4.48883E-2 2.31721E-2 1.63566E-2 1.75107E-2 1.87112E-2 2.11009E-2 2.55567E-2 2.6004E-2 2.82182E-2 3.56808E-2 3.15632E-2 2.60075E-2 2.07183E-2 1.71695E-2 2.23293E-2 1.33794E-2 3.17746E-2 3.47167E-2 4.28251E-2 4.69415E-2 5.0608E-2 4.59097E-2 5.6234E-2 5.54299E-2 5.4306E-2 4.53862E-2 3.87008E-2 3.06288E-2 2.8125E-2 2.5255E-2 1.88128E-2 1.15649E-2 1.07788E-2 1.18878E-2 1.05512E-2 1.05071E-2 9.31489E-3 7.51384E-3 6.06027E-3 5.92975E-3 5.55653E-3 6.03751E-3 6.09388E-3
3.15728E-2 9.76735E-2 4.56794E-3 8.85493E-6 1.44812E-5 1.60758E-2 8.91801E-2 1.06751E-1 1.0825E-1 1.11751E-1 1.15044E-1 1.09861E-1 1.05878E-1 9.31697E-2 7.05873E-2 5.60056E-2 6.18272E-2 4.18637E-2 5.08276E-2 3.73812E-2 2.6777E-2 2.026E-2 1.97506E-2 2.35249E-2 3.62955E-2 2.83527E-2 3.03238E-2 6.44879E-2 3.29987E-2 2.55639E-2 1.81765E-2 1.77326E-2 1.6276E-2 1.60435E-2 2.53602E-2 3.44239E-2 4.09237E-2 3.56637E-2 3.63585E-2 3.55202E-2 3.50867E-2 5.31304E-2 5.38253E-2 5.47762E-2 4.79285E-2 2.83745E-2 2.51497E-2 2.42152E-2 2.2298E-2 1.29566E-2 1.21166E-2 1.16942E-2 1.00713E-2 1.05935E-2 9.4837E-3 7.19107E-3 6.61692E-3 6.25638E-3 6.71804E-3 6.09918E-3 6.38833E-3
-9999 3.04423E-2 8.85515E-2 1.54202E-2 8.92456E-5 2.30933E-2 4.85676E-2 1.10276E-1 9.15239E-2 7.28671E-2 1.19952E-1 1.2816E-1 1.01224E-1 8.41672E-2 4.35868E-2 3.6338E-2 2.54889E-2 2.00439E-2 4.76688E-2 4.44396E-2 3.68507E-2 3.97261E-2 2.49791E-2 2.46532E-2 2.98872E-2 4.8495E-2 4.12541E-2 5.90337E-2 4.99143E-2 3.55485E-2 2.8277E-2 1.89591E-2 1.9866E-2 2.39153E-2 2.84285E-2 3.33981E-2 4.16608E-2 4.59038E-2 3.86642E-2 4.76287E-2 4.54023E-2 4.09708E-2 5.19494E-2 4.91924E-2 4.25511E-2 3.01762E-2 2.85501E-2 3.77713E-2 2.99697E-2 2.06989E-2 1.67296E-2 1.48325E-2 1.25361E-2 1.21005E-2 9.56174E-3 8.2969E-3 8.86409E-3 6.81823E-3 6.71999E-3 6.08591E-3 6.85977E-3
-9999 -9999 2.00251E-2 1.57358E-2 1.5389E-3 3.94032E-2 1.75661E-2 4.43949E-2 7.36572E-2 1.09046E-1 9.12035E-2 2.05083E-1 7.32966E-2 6.56673E-2 4.67465E-2 3.25674E-2 2.53807E-2 1.8478E-2 2.15202E-2 4.55227E-2 5.03129E-2 2.56049E-2 2.60221E-2 2.91614E-2 5.49919E-2 4.04408E-2 4.64764E-2 8.86575E-2 4.75422E-2 4.27082E-2 2.44812E-2 1.84472E-2 2.72478E-2 3.04727E-2 3.54385E-2 3.12737E-2 3.24939E-2 3.71631E-2 2.65044E-2 3.25779E-2 5.59306E-2 5.29578E-2 6.36486E-2 4.80819E-2 5.53461E-2 3.96548E-2 3.76896E-2 3.4794E-2 3.91938E-2 4.01019E-2 2.35384E-2 1.76891E-2 1.34183E-2 1.20384E-2 1.01479E-2 8.33993E-3 9.6896E-3 7.24476E-3 7.33491E-3 7.37115E-3 7.04782E-3
-9999 -9999 2.46494E-2 2.56235E-2 8.52696E-3 1.91485E-2 9.45362E-3 2.62761E-2 3.91398E-2 1.25244E-1 1.18022E-1 1.27213E-1 7.26658E-2 5.97004E-2 3.50348E-2 5.81951E-2 4.15708E-2 4.0199E-2 2.41651E-2 3.96382E-2 4.5909E-2 4.63911E-2 2.96028E-2 2.89338E-2 5.14053E-2 5.00003E-2 4.85997E-2 6.76998E-2 7.46351E-2 3.58915E-2 3.05506E-2 1.9984E-2 2.19471E-2 2.63046E-2 2.71977E-2 3.6227E-2 1.71271E-2 2.90391E-2 2.68542E-2 2.88378E-2 3.71601E-2 6.50974E-2 4.03898E-2 5.51475E-2 5.31173E-2 4.76111E-2 3.73501E-2 4.04572E-2 3.70596E-2 5.41571E-2 2.99568E-2 2.89994E-2 1.73767E-2 1.30386E-2 1.08821E-2 9.34793E-3 8.57298E-3 8.35249E-3 8.5758E-3 8.23584E-3 6.91901E-3
-9999 -9999 2.77075E-2 4.42257E-2 1.43685E-2 8.81912E-3 8.76687E-3 5.48579E-2 7.33274E-2 9.74442E-2 1.20003E-1 7.3335E-2 1.02405E-1 6.66609E-2 3.77455E-2 5.10959E-2 6.1081E-2 5.31E-2 5.51923E-2 3.98198E-2 5.74457E-2 5.27535E-2 3.18394E-2 4.64294E-2 3.21021E-2 3.84294E-2 4.44872E-2 4.38843E-2 6.07752E-2 4.69602E-2 2.92676E-2 1.79261E-2 1.84315E-2 2.83116E-2 3.60289E-2 3.92102E-2 1.89316E-2 2.08587E-2 2.46038E-2 2.59845E-2 3.10979E-2 3.96627E-2 3.66258E-2 2.71441E-2 5.61437E-2 5.4949E-2 4.44283E-2 5.3859E-2 4.47388E-2 5.08776E-2 3.0308E-2 2.42365E-2 1.77299E-2 1.38264E-2 1.34546E-2 1.09915E-2 9.78635E-3 9.07044E-3 1.06061E-2 9.08345E-3 7.85744E-3
-9999 -9999 -9999 2.63242E-2 3.10119E-2 5.16566E-2 2.93453E-2 5.06413E-2 5.63172E-2 3.52848E-2 3.90392E-2 9.42395E-2 1.0662E-1 7.24089E-2 4.40641E-2 4.73552E-2 5.17858E-2 4.75295E-2 5.57671E-2 4.92284E-2 4.54557E-2 3.20675E-2 2.63444E-2 5.2429E-2 7.009E-2 4.11319E-2 6.28977E-2 4.47726E-2 3.4747E-2 2.72161E-2 2.43051E-2 2.25123E-2 2.0757E-2 2.99902E-2 3.5229E-2 3.54086E-2 2.92313E-2 2.05066E-2 2.08147E-2 2.77274E-2 2.61787E-2 3.31793E-2 4.72107E-2 4.97987E-2 6.21792E-2 5.13574E-2 4.81278E-2 5.50633E-2 3.83901E-2 3.15837E-2 2.72749E-2 2.58636E-2 2.36045E-2 1.78032E-2 1.66749E-2 1.38714E-2 1.31081E-2 1.09925E-2 8.94284E-3 9.1185E-3 8.62265E-3
-9999 -9999 -9999 8.75004E-3 1.42842E-2 1.44817E-1 6.7656E-2 1.30184E-1 1.30352E-1 1.16988E-1 2.54261E-2 7.45989E-2 7.0777E-2 6.69151E-2 8.39678E-2 5.45195E-2 3.61339E-2 6.22326E-2 4.8016E-2 4.71734E-2 2.5937E-2 2.60072E-2 2.22878E-2 3.6568E-2 4.98929E-2 5.1613E-2 4.80626E-2 3.05761E-2 1.92654E-2 2.25733E-2 2.33395E-2 2.32686E-2 2.80835E-2 3.31814E-2 3.40668E-2 3.48234E-2 2.79013E-2 3.36427E-2 4.95047E-2 3.02132E-2 2.82653E-2 3.4502E-2 3.80456E-2 3.18573E-2 5.70839E-2 5.67918E-2 5.50335E-2 6.06292E-2 5.70888E-2 4.90567E-2 2.5453E-2 4.57615E-2 2.91238E-2 2.52545E-2 1.92417E-2 1.41053E-2 1.32177E-2 1.14134E-2 1.10218E-2 9.50045E-3 8.80241E-3
-9999 -9999 -9999 2.30242E-3 5.42142E-2 5.3579E-2 6.06466E-2 1.05892E-1 1.00503E-1 1.21425E-1 4.00661E-2 4.83787E-2 8.01814E-2 7.14064E-2 5.60113E-2 5.60763E-2 3.27148E-2 5.33032E-2 4.26976E-2 5.43553E-2 3.5226E-2 2.24662E-2 3.464E-2 3.86797E-2 4.94726E-2 4.68391E-2 4.377E-2 3.73866E-2 2.37541E-2 2.05198E-2 2.73997E-2 2.98023E-2 3.62396E-2 3.19731E-2 4.02971E-2 4.47083E-2 5.30171E-2 5.54548E-2 4.8247E-2 3.34149E-2 2.53952E-2 2.63524E-2 4.50291E-2 5.97631E-2 6.65267E-2 6.48387E-2 5.01508E-2 7.29515E-2 5.78272E-2 4.95429E-2 4.2329E-2 3.36395E-2 4.75155E-2 3.6102E-2 2.73268E-2 2.57616E-2 2.74224E-2 1.92826E-2 1.58202E-2 1.18739E-2 9.93953E-3
-9999 -9999 -9999 -9999 4.60289E-2 3.86953E-2 2.49421E-2 1.78663E-2 1.00531E-1 6.41881E-2 6.36304E-3 2.93206E-2 1.03012E-1 5.13375E-2 6.09122E-2 6.91248E-2 5.91332E-2 5.45577E-2 6.20341E-2 6.34223E-2 4.46132E-2 3.2694E-2 3.65881E-2 3.25227E-2 3.95646E-2 4.05024E-2 4.19262E-2 3.34075E-2 2.77355E-2 2.74545E-2 2.63715E-2 3.45936E-2 3.39034E-2 4.19569E-2 3.73173E-2 4.48402E-2 5.27042E-2 4.63017E-2 3.58187E-2 3.85918E-2 3.96556E-2 3.80621E-2 4.03173E-2 7.74579E-2 7.77976E-2 6.49279E-2 5.1656E-2 7.29686E-2 8.00392E-2 6.15914E-2 3.44224E-2 5.56922E-2 7.05116E-2 4.69314E-2 4.05668E-2 4.69629E-2 2.68298E-2 3.10955E-2 3.01641E-2 1.29492E-2 9.82116E-3
-9999 -9999 -9999 -9999 6.22769E-3 1.83315E-2 1.67186E-2 5.50809E-2 9.79614E-3 3.58504E-3 1.73373E-3 1.98981E-2 7.96834E-2 5.9371E-2 7.48846E-2 4.51132E-2 6.38269E-2 7.89282E-2 6.07465E-2 6.3202E-2 6.21093E-2 7.03067E-2 4.33679E-2 3.82001E-2 3.49788E-2 3.3625E-2 4.74997E-2 3.61521E-2 3.54057E-2 2.70498E-2 2.31053E-2 4.07961E-2 4.41765E-2 4.84702E-2 4.53197E-2 5.06626E-2 4.87508E-2 6.67588E-2 6.02858E-2 7.37763E-2 6.66075E-2 7.80925E-2 5.98261E-2 8.57399E-2 6.97797E-2 8.92283E-2 9.3786E-2 4.11118E-2 7.28409E-2 9.64387E-2 7.44656E-2 7.1991E-2 7.76972E-2 3.56318E-2 3.57354E-2 4.22299E-2 3.76939E-2 3.75311E-2 3.13872E-2 1.58205E-2 1.16145E-2
-9999 -9999 -9999 -9999 3.80697E-3 9.34663E-3 6.54465E-3 3.31157E-2 2.42857E-2 4.35353E-3 4.27288E-3 1.28338E-2 5.37266E-2 4.70489E-2 5.90661E-2 5.24636E-2 7.44487E-2 1.02832E-1 3.93931E-2 5.91944E-2 6.41028E-2 4.88512E-2 5.92935E-2 5.25779E-2 5.46536E-2 5.03586E-2 4.10722E-2 3.64615E-2 3.48184E-2 2.43392E-2 3.63662E-2 5.35555E-2 5.74988E-2 5.40962E-2 5.56483E-2 5.73276E-2 5.48994E-2 6.77447E-2 9.13028E-2 9.0209E-2 8.06151E-2 8.07632E-2 9.68375E-2 8.96793E-2 7.94991E-2 8.94831E-2 1.13934E-1 1.22545E-1 -9999 9.20299E-2 6.87139E-2 6.54743E-2 4.48167E-2 4.49165E-2 8.74491E-2 4.55719E-2 4.47288E-2 3.92331E-2 5.29256E-2 1.98516E-2 1.27459E-2
-9999 -9999 -9999 -9999 3.29906E-3 7.935E-3 3.83492E-3 4.00728E-4 1.68354E-1 3.96608E-1 1.18244E-2 1.11308E-2 2.6143E-2 3.38854E-2 4.70237E-2 6.68144E-2 7.65181E-2 4.93193E-2 4.04147E-2 5.6823E-2 6.44067E-2 6.42153E-2 6.41562E-2 6.79899E-2 5.39889E-2 4.71326E-2 3.90412E-2 4.78563E-2 2.97588E-2 2.98363E-2 4.5048E-2 6.04581E-2 5.6286E-2 5.69304E-2 5.27539E-2 6.29695E-2 6.1324E-2 6.19027E-2 6.39503E-2 7.60783E-2 9.419E-2 8.69898E-2 9.2115E-2 9.16586E-2 9.33212E-2 8.31243E-2 -9999 -9999 -9999 -9999 9.19391E-2 5.2936E-2 5.23654E-2 7.01555E-2 6.39446E-2 5.47785E-2 2.84767E-2 2.17008E-2 1.4259E-2 1.80392E-2 1.72607E-2
-9999 -9999 -9999 -9999 1.51776E-3 7.51904E-3 3.98484E-3 9.75196E-4 4.63541E-4 5.37851E-1 1.11879E-2 4.80043E-2 2.35347E-2 3.92437E-2 4.1513E-2 5.15566E-2 5.15879E-2 3.92493E-2 4.14067E-2 4.8641E-2 4.70739E-2 5.87496E-2 6.46082E-2 6.52417E-2 3.53443E-2 2.96909E-2 3.66895E-2 3.21706E-2 4.46092E-2 4.91424E-2 5.47484E-2 5.80108E-2 6.03947E-2 7.35856E-2 4.54717E-2 6.09626E-2 6.99855E-2 6.10225E-2 6.57274E-2 7.03826E-2 9.16453E-2 8.27973E-2 7.09047E-2 5.20447E-2 1.01388E-1 -9999 -9999 -9999 -9999 1.98258E-1 8.97001E-2 7.89461E-2 6.12241E-2 6.26699E-2 6.41718E-2 5.03202E-2 4.35948E-2 2.95918E-2 3.03451E-2 3.88334E-2 2.03544E-2
-9999 -9999 -9999 -9999 5.03181E-3 1.09272E-2 5.71042E-3 8.16909E-4 1.04796E-2 6.17606E-2 1.65266E-2 3.4584E-2 1.70638E-2 4.78883E-2 4.96384E-2 5.22736E-2 5.27939E-2 5.53991E-2 3.31718E-2 3.93728E-2 4.4115E-2 6.00853E-2 4.88814E-2 3.65697E-2 3.1025E-2 2.93238E-2 3.70617E-2 4.9412E-2 6.07971E-2 6.58863E-2 6.28215E-2 5.94999E-2 6.2621E-2 6.52479E-2 6.58383E-2 5.51265E-2 6.30053E-2 5.94526E-2 7.95394E-2 7.82291E-2 8.12128E-2 8.52047E-2 1.08295E-1 1.19946E-1 1.30047E-1 -9999 -9999 -9999 2.03357E-1 1.55132E-1 1.24928E-1 8.58704E-2 7.4428E-2 6.77424E-2 5.60472E-2 4.78687E-2 4.40064E-2 2.23148E-2 2.46076E-2 3.76639E-2 1.90608E-2
-9999 -9999 -9999 1.11341E-2 1.86282E-1 6.91898E-2 1.37788E-3 2.4023E-3 1.88361E-3 8.14549E-3 2.91134E-2 1.41135E-2 1.91099E-2 3.19286E-2 5.27122E-2 4.02884E-2 6.69802E-2 5.51048E-2 5.52104E-2 3.15592E-2 3.56627E-2 4.14803E-2 3.63501E-2 2.44463E-2 3.87766E-2 2.52568E-2 3.34569E-2 5.1753E-2 4.5745E-2 6.32818E-2 8.57385E-2 7.83988E-2 6.71274E-2 7.18186E-2 6.70578E-2 6.80453E-2 6.2812E-2 7.56631E-2 7.16266E-2 8.42261E-2 8.01397E-2 7.65147E-2 8.97947E-2 1.22259E-1 2.29446E-1 1.80811E-1 1.59054E-1 1.61357E-1 1.64871E-1 1.19984E-1 1.21841E-1 1.01868E-1 8.6452E-2 7.61891E-2 6.99233E-2 4.84282E-2 4.45595E-2 2.50391E-2 2.74196E-2 2.97698E-2 2.32747E-2
-9999 -9999 -9999 -9999 2.03465E-2 1.58864E-1 5.93671E-3 -9999 1.77911E-3 9.80724E-3 1.99909E-2 5.87382E-3 3.3069E-2 4.43765E-2 4.45633E-2 5.97935E-2 7.1015E-2 5.38827E-2 4.09606E-2 5.36126E-2 3.36091E-2 4.27033E-2 2.44938E-2 4.79702E-2 7.33456E-2 4.73837E-2 3.70672E-2 5.58316E-2 4.82893E-2 5.82852E-2 6.59117E-2 8.52137E-2 7.93821E-2 7.48609E-2 6.90851E-2 6.22548E-2 7.04553E-2 6.29688E-2 6.49426E-2 8.78895E-2 8.88131E-2 8.16311E-2 7.74817E-2 1.05357E-1 1.29848E-1 1.40357E-1 1.38569E-1 1.33833E-1 1.44888E-1 1.13178E-1 1.176E-1 8.57199E-2 9.19632E-2 8.18873E-2 7.3112E-2 4.61927E-2 4.25226E-2 2.98662E-2 3.77509E-2 3.27477E-2 2.1166E-2
-9999 -9999 -9999 -9999 6.96895E-3 3.27489E-3 4.21602E-3 7.19652E-3 3.54963E-3 5.82061E-2 3.00095E-2 3.29692E-3 6.62001E-2 2.69125E-2 4.15337E-2 8.3661E-2 4.67913E-2 6.09339E-2 4.2333E-2 3.95604E-2 3.35137E-2 3.36048E-2 3.60701E-2 8.17083E-2 5.25569E-2 5.9046E-2 3.2861E-2 4.38803E-2 4.79862E-2 6.2656E-2 7.48344E-2 9.97321E-2 9.28396E-2 9.18413E-2 8.4586E-2 8.47869E-2 7.54092E-2 5.95531E-2 7.05568E-2 7.74105E-2 7.87174E-2 8.96412E-2 6.91218E-2 9.53794E-2 9.04823E-2 1.21375E-1 1.25666E-1 1.18557E-1 1.1723E-1 1.11811E-1 1.06798E-1 8.62783E-2 8.62325E-2 8.4341E-2 8.37904E-2 6.0707E-2 4.64099E-2 4.53274E-2 2.95569E-2 3.53494E-2 3.3363E-2
-9999 -9999 -9999 -9999 5.36511E-2 5.18851E-3 6.6153E-3 3.48941E-3 7.70253E-3 4.91409E-2 9.10564E-3 3.01879E-3 2.62694E-2 5.40821E-2 4.03204E-2 6.34755E-2 6.16881E-2 7.88889E-2 6.41441E-2 4.01386E-2 4.59566E-2 3.75422E-2 2.54246E-2 4.22806E-2 1.40741E-1 7.61178E-2 2.87093E-2 4.45491E-2 6.5826E-2 7.64646E-2 8.21851E-2 9.52087E-2 1.23523E-1 9.84421E-2 1.08956E-1 9.62996E-2 9.10856E-2 8.32398E-2 9.65875E-2 9.88687E-2 9.63119E-2 9.80153E-2 9.30764E-2 8.98315E-2 1.00189E-1 1.07085E-1 1.00452E-1 1.13136E-1 1.04844E-1 1.1325E-1 9.73743E-2 8.58801E-2 8.003E-2 7.80571E-2 7.63726E-2 5.14329E-2 5.01614E-2 5.30291E-2 4.13988E-2 3.53785E-2 2.66328E-2
-9999 -9999 -9999 -9999 -9999 7.1354E-3 7.74834E-3 9.32661E-3 3.86548E-3 9.02134E-3 3.87627E-3 1.49757E-2 1.76089E-2 2.20675E-2 2.64432E-2 5.97945E-2 1.0526E-1 7.66901E-2 7.51543E-2 5.22768E-2 5.40621E-2 6.23613E-2 3.28269E-2 4.9766E-2 8.19414E-2 1.86405E-1 5.22791E-2 3.9713E-2 5.13941E-2 9.10161E-2 1.00652E-1 1.21994E-1 1.14394E-1 1.0904E-1 1.02054E-1 1.11685E-1 9.28101E-2 8.61672E-2 9.93609E-2 9.51285E-2 1.04049E-1 1.03582E-1 1.01002E-1 1.05161E-1 1.01246E-1 9.36455E-2 9.96445E-2 1.01714E-1 1.07737E-1 1.23451E-1 1.01884E-1 9.18078E-2 8.20003E-2 7.55095E-2 7.48517E-2 5.21437E-2 6.10014E-2 5.38928E-2 5.45902E-2 2.50038E-2 2.94177E-2
-9999 -9999 -9999 -9999 -9999 2.27394E-2 2.15494E-3 1.06243E-2 1.05774E-2 3.17862E-2 1.44328E-2 8.87561E-4 3.19939E-3 8.62537E-3 3.61829E-2 5.92878E-2 7.03017E-2 7.68043E-2 8.03884E-2 6.77864E-2 8.62758E-2 3.46767E-2 5.28808E-2 4.53019E-2 9.83743E-2 1.69413E-1 6.03554E-2 4.92616E-2 5.95909E-2 8.81971E-2 9.08751E-2 1.17035E-1 1.26707E-1 1.07861E-1 9.76228E-2 1.12594E-1 1.18184E-1 1.14915E-1 1.138E-1 1.10617E-1 1.00901E-1 1.06139E-1 1.01997E-1 1.1038E-1 9.90786E-2 1.05561E-1 1.08432E-1 1.01363E-1 9.3105E-2 1.10849E-1 1.06424E-1 9.15259E-2 8.19147E-2 6.30646E-2 8.1266E-2 6.73533E-2 5.1444E-2 5.54274E-2 4.35401E-2 4.20259E-2 3.54655E-2
-9999 -9999 -9999 -9999 -9999 2.99895E-2 1.02634E-2 1.76316E-3 5.0958E-3 1.17486E-3 1.49548E-2 2.27405E-3 1.69252E-3 3.11836E-3 3.64919E-2 4.31041E-2 4.51499E-2 4.43368E-2 7.12238E-2 9.08974E-2 5.22014E-2 5.63588E-2 4.77393E-2 4.16646E-2 6.45046E-2 1.17639E-1 4.5084E-2 7.53815E-2 8.43921E-2 7.21174E-2 9.68363E-2 1.07131E-1 1.27841E-1 1.22842E-1 1.28049E-1 1.33095E-1 1.25825E-1 1.42955E-1 1.3964E-1 1.3641E-1 1.2669E-1 1.13321E-1 1.11693E-1 9.58926E-2 1.13948E-1 1.14965E-1 1.01604E-1 1.01746E-1 9.76226E-2 1.14105E-1 1.14804E-1 9.57925E-2 8.57257E-2 5.7224E-2 8.22668E-2 6.56802E-2 6.78561E-2 5.73239E-2 4.75605E-2 4.79483E-2 3.96285E-2
-9999 -9999 -9999 -9999 -9999 1.34216E-2 2.74486E-3 5.09028E-3 1.23519E-2 1.61245E-3 3.11272E-3 2.88155E-3 9.0304E-3 1.08228E-2 2.18419E-2 2.9626E-2 2.89206E-2 2.89489E-2 5.25758E-2 6.27398E-2 7.56681E-2 1.16943E-1 8.49566E-2 4.42217E-2 3.70479E-2 1.88729E-1 6.32099E-2 5.91781E-2 9.08474E-2 7.07461E-2 1.05856E-1 1.18153E-1 1.31654E-1 1.36936E-1 1.39005E-1 1.31234E-1 1.57581E-1 1.38172E-1 1.42333E-1 1.55482E-1 2.09855E-1 1.58559E-1 1.09994E-1 7.6647E-2 1.24911E-1 1.16566E-1 1.21695E-1 1.16641E-1 1.03025E-1 1.30095E-1 1.0023E-1 1.06897E-1 1.19863E-1 9.48931E-2 6.64425E-2 -9999 6.01947E-2 4.48005E-2 4.86091E-2 5.65735E-2 4.42729E-2
