Candidate_Models_Sept202022/M_0.4_F_lqp_Set_1_cal/Bison.asc
ncols         97
nrows         127
xllcorner     -2197417.7431653
yllcorner     -584827.01486885
cellsize      30000.0
NODATA_value  -9999
[rows 0 to 26 of 127, columns 0 to 60 of 97]
-9999 -9999 -9999 -9999 -9999 -9999 -9999 -9999 -9999 -9999 -9999 -9999 -9999 -9999 -9999 -9999 -9999 -9999 -9999 -9999 -9999 -9999 -9999 -9999 -9999 -9999 -9999 -9999 -9999 -9999 -9999 -9999 -9999 -9999 -9999 -9999 -9999 -9999 -9999 -9999 -9999 -9999 -9999 -9999 -9999 -9999 -9999 -9999 -9999 -9999 -9999 -9999 -9999 -9999 -9999 -9999 -9999 -9999 -9999 -9999 -9999
-9999 -9999 -9999 -9999 -9999 -9999 -9999 -9999 -9999 -9999 -9999 -9999 -9999 -9999 -9999 -9999 -9999 -9999 -9999 -9999 -9999 -9999 -9999 -9999 -9999 -9999 -9999 -9999 -9999 -9999 -9999 -9999 -9999 -9999 -9999 -9999 -9999 -9999 -9999 -9999 -9999 -9999 -9999 -9999 -9999 -9999 -9999 -9999 -9999 -9999 -9999 -9999 -9999 -9999 -9999 -9999 -9999 -9999 -9999 -9999 -9999
-9999 -9999 -9999 -9999 -9999 -9999 -9999 -9999 -9999 -9999 -9999 -9999 -9999 -9999 -9999 -9999 -9999 -9999 -9999 -9999 -9999 -9999 -9999 -9999 -9999 -9999 -9999 -9999 -9999 -9999 -9999 -9999 -9999 -9999 -9999 -9999 -9999 -9999 -9999 -9999 -9999 -9999 -9999 -9999 -9999 -9999 -9999 -9999 -9999 -9999 -9999 -9999 -9999 -9999 -9999 -9999 -9999 -9999 -9999 -9999 -9999
-9999 -9999 -9999 -9999 -9999 -9999 -9999 -9999 -9999 -9999 -9999 -9999 -9999 -9999 -9999 -9999 -9999 -9999 -9999 3.62706E-2 4.8963E-2 3.13274E-2 4.18437E-2 -9999 -9999 -9999 -9999 -9999 -9999 -9999 -9999 -9999 -9999 -9999 -9999 -9999 -9999 -9999 -9999 -9999 -9999 -9999 -9999 -9999 -9999 -9999 -9999 -9999 -9999 -9999 -9999 -9999 -9999 -9999 -9999 -9999 -9999 -9999 -9999 -9999 -9999
-9999 -9999 -9999 -9999 -9999 -9999 -9999 -9999 -9999 -9999 -9999 -9999 -9999 -9999 -9999 -9999 -9999 -9999 3.61235E-2 3.12992E-2 3.34025E-2 3.81522E-2 4.40897E-2 3.36351E-2 2.38189E-2 -9999 -9999 -9999 -9999 -9999 -9999 -9999 -9999 -9999 -9999 -9999 -9999 -9999 -9999 -9999 -9999 -9999 -9999 -9999 -9999 -9999 -9999 -9999 -9999 -9999 -9999 -9999 -9999 -9999 -9999 -9999 -9999 -9999 -9999 -9999 -9999
-9999 -9999 -9999 -9999 -9999 -9999 -9999 -9999 -9999 -9999 -9999 -9999 -9999 -9999 -9999 -9999 -9999 -9999 2.36881E-2 2.18835E-2 2.41582E-2 2.98802E-2 2.93938E-2 2.0597E-2 1.8538E-2 -9999 -9999 -9999 -9999 -9999 -9999 -9999 -9999 -9999 -9999 -9999 -9999 -9999 -9999 -9999 -9999 -9999 -9999 -9999 -9999 -9999 -9999 -9999 -9999 -9999 -9999 -9999 -9999 -9999 -9999 -9999 -9999 -9999 -9999 -9999 -9999
-9999 -9999 -9999 -9999 -9999 -9999 -9999 -9999 -9999 -9999 -9999 -9999 -9999 -9999 -9999 -9999 -9999 1.92711E-2 1.97226E-2 8.98543E-3 1.0056E-2 1.48277E-2 2.17623E-2 1.84019E-2 1.54907E-2 1.48737E-2 -9999 2.00309E-2 1.8815E-2 2.16444E-2 -9999 -9999 -9999 -9999 -9999 -9999 -9999 -9999 1.94489E-2 -9999 -9999 -9999 -9999 -9999 -9999 -9999 -9999 -9999 -9999 -9999 -9999 -9999 -9999 -9999 -9999 -9999 -9999 -9999 -9999 -9999 -9999
-9999 -9999 -9999 -9999 -9999 -9999 -9999 -9999 -9999 -9999 -9999 -9999 -9999 -9999 -9999 -9999 3.02777E-2 2.7799E-2 8.53819E-3 5.38423E-3 5.73019E-3 7.44269E-3 1.24156E-2 1.64211E-2 1.60542E-2 1.51379E-2 1.747E-2 1.75812E-2 1.6669E-2 1.76878E-2 1.9188E-2 1.98875E-2 1.85967E-2 1.80229E-2 1.90032E-2 2.05055E-2 2.19499E-2 -9999 1.75508E-2 1.63224E-2 -9999 -9999 -9999 -9999 -9999 -9999 -9999 -9999 -9999 -9999 -9999 -9999 -9999 -9999 -9999 -9999 -9999 -9999 -9999 -9999 -9999
-9999 -9999 -9999 -9999 -9999 -9999 -9999 -9999 -9999 -9999 -9999 -9999 -9999 -9999 -9999 2.14628E-2 2.63043E-2 1.5893E-2 6.65856E-3 4.53494E-3 4.06609E-3 5.23111E-3 9.58999E-3 1.6219E-2 1.7013E-2 1.44673E-2 2.19189E-2 2.29817E-2 1.50896E-2 1.428E-2 1.60601E-2 1.68987E-2 1.69683E-2 1.67555E-2 1.86683E-2 2.52254E-2 2.31661E-2 2.38743E-2 1.79217E-2 1.78221E-2 -9999 -9999 -9999 -9999 -9999 -9999 -9999 -9999 -9999 -9999 -9999 -9999 -9999 -9999 -9999 -9999 -9999 -9999 -9999 -9999 -9999
-9999 -9999 -9999 -9999 -9999 -9999 -9999 -9999 -9999 -9999 -9999 -9999 -9999 -9999 -9999 2.60419E-2 2.46305E-2 1.28138E-2 5.25533E-3 5.51607E-3 6.54564E-3 8.43988E-3 1.12505E-2 1.52228E-2 1.78455E-2 1.40419E-2 1.95613E-2 1.94565E-2 1.28639E-2 1.35397E-2 1.84071E-2 1.8216E-2 1.75598E-2 2.04069E-2 2.18463E-2 2.95484E-2 3.2994E-2 2.92586E-2 2.23793E-2 -9999 -9999 -9999 1.79629E-2 -9999 -9999 -9999 -9999 -9999 -9999 -9999 -9999 -9999 -9999 -9999 -9999 -9999 -9999 -9999 -9999 -9999 -9999
-9999 -9999 -9999 -9999 -9999 -9999 -9999 -9999 -9999 -9999 -9999 -9999 -9999 -9999 1.90953E-2 2.3384E-2 2.35635E-2 1.47871E-2 1.23126E-2 8.03155E-3 8.44323E-3 9.79445E-3 1.50204E-2 1.70787E-2 1.6909E-2 1.73881E-2 2.05841E-2 1.6893E-2 1.64876E-2 1.40959E-2 2.1194E-2 1.82759E-2 1.61379E-2 2.29963E-2 3.37572E-2 3.69116E-2 3.71009E-2 2.87327E-2 2.08626E-2 -9999 -9999 1.82758E-2 -9999 -9999 -9999 -9999 -9999 -9999 -9999 -9999 -9999 -9999 -9999 -9999 -9999 -9999 -9999 -9999 -9999 -9999 -9999
-9999 -9999 -9999 -9999 -9999 -9999 -9999 -9999 -9999 -9999 -9999 -9999 -9999 1.60464E-2 2.46217E-2 2.31605E-2 2.29457E-2 1.48272E-2 1.37442E-2 1.25084E-2 1.07313E-2 1.42852E-2 1.59475E-2 2.1234E-2 1.62648E-2 1.67564E-2 1.83286E-2 1.70798E-2 1.16272E-2 1.24493E-2 1.40516E-2 1.73699E-2 1.81279E-2 2.63613E-2 3.24989E-2 3.50148E-2 3.85101E-2 2.87056E-2 2.10917E-2 1.71479E-2 1.56806E-2 1.69258E-2 -9999 2.11956E-2 2.12503E-2 -9999 -9999 -9999 -9999 -9999 -9999 -9999 -9999 -9999 -9999 -9999 -9999 -9999 -9999 -9999 -9999
-9999 -9999 -9999 -9999 -9999 -9999 -9999 -9999 -9999 -9999 -9999 -9999 -9999 2.56986E-2 2.19874E-2 1.84202E-2 1.9753E-2 1.26605E-2 2.18946E-2 5.26317E-3 8.81304E-3 9.86657E-3 1.4843E-2 1.43934E-2 1.13334E-2 1.4842E-2 1.56796E-2 1.18443E-2 1.24691E-2 1.24111E-2 1.57169E-2 1.69844E-2 2.08266E-2 2.17376E-2 2.5563E-2 2.8207E-2 2.42104E-2 2.29366E-2 1.70167E-2 1.39914E-2 1.43548E-2 1.95693E-2 2.08499E-2 2.33231E-2 2.491E-2 2.59768E-2 -9999 -9999 -9999 -9999 -9999 -9999 -9999 -9999 -9999 -9999 -9999 -9999 -9999 -9999 -9999
-9999 -9999 -9999 -9999 -9999 -9999 -9999 -9999 -9999 -9999 -9999 -9999 4.24622E-2 4.38148E-2 2.46294E-2 2.30666E-2 1.84577E-2 1.39705E-2 1.26953E-2 1.18824E-2 1.08063E-2 1.24703E-2 1.44307E-2 1.20513E-2 1.05925E-2 8.72524E-3 1.26825E-2 8.61128E-3 1.86603E-2 2.06806E-2 1.79688E-2 1.41719E-2 1.35215E-2 1.61914E-2 1.68713E-2 2.00429E-2 1.58283E-2 1.80413E-2 1.75078E-2 1.38865E-2 1.37271E-2 1.53283E-2 2.05731E-2 2.47518E-2 2.70529E-2 2.64903E-2 2.52192E-2 -9999 -9999 -9999 1.0717E-2 8.87645E-3 -9999 -9999 -9999 -9999 -9999 -9999 -9999 -9999 -9999
-9999 -9999 -9999 -9999 -9999 -9999 -9999 -9999 -9999 -9999 -9999 2.12482E-2 1.90556E-2 3.25016E-2 2.16913E-2 1.72542E-2 9.5482E-3 1.01013E-2 1.24318E-2 1.45606E-2 1.25253E-2 2.23455E-2 1.74871E-2 1.26457E-2 6.81348E-3 6.49316E-3 1.48536E-2 1.6717E-2 1.39493E-2 1.32836E-2 1.29972E-2 1.35548E-2 1.11555E-2 1.14596E-2 1.86431E-2 2.23209E-2 2.20412E-2 2.05482E-2 1.8854E-2 1.5202E-2 1.48429E-2 1.58988E-2 1.87004E-2 2.24273E-2 2.3869E-2 2.47018E-2 2.22275E-2 1.85867E-2 -9999 -9999 -9999 1.0395E-2 9.22916E-3 -9999 -9999 -9999 -9999 -9999 -9999 -9999 -9999
-9999 -9999 -9999 -9999 -9999 -9999 -9999 -9999 -9999 -9999 -9999 2.04564E-2 1.38767E-2 1.53074E-2 1.20548E-2 6.94561E-3 5.40099E-3 8.28352E-3 6.79344E-3 1.18029E-2 1.55204E-2 1.94594E-2 1.57836E-2 1.33636E-2 5.79531E-3 7.37527E-3 1.41641E-2 2.16302E-2 2.42926E-2 2.01842E-2 1.23599E-2 1.13475E-2 9.90784E-3 1.04439E-2 1.77719E-2 2.0525E-2 1.92455E-2 1.88312E-2 1.71963E-2 1.51435E-2 1.61539E-2 1.77979E-2 1.87913E-2 2.30882E-2 1.88645E-2 2.04548E-2 1.83031E-2 1.67599E-2 1.67687E-2 -9999 -9999 1.15762E-2 1.06542E-2 1.00893E-2 1.06863E-2 -9999 -9999 -9999 -9999 -9999 -9999
-9999 -9999 -9999 -9999 -9999 -9999 -9999 -9999 -9999 -9999 2.67948E-2 2.08552E-2 2.66781E-2 1.13516E-2 6.23246E-3 5.3818E-3 5.89652E-3 5.02265E-3 6.29513E-3 1.05575E-2 2.54529E-2 1.97705E-2 1.1835E-2 1.53948E-2 7.48471E-3 9.30151E-3 9.58137E-3 1.15046E-2 2.08725E-2 1.20181E-2 1.29023E-2 1.01238E-2 1.53004E-2 1.33241E-2 2.11264E-2 2.47651E-2 2.50065E-2 2.39015E-2 2.46628E-2 1.77416E-2 1.71198E-2 1.81242E-2 1.88241E-2 1.98798E-2 1.75286E-2 1.64522E-2 1.56849E-2 1.67783E-2 1.68055E-2 1.52321E-2 1.39575E-2 1.65583E-2 -9999 -9999 1.14845E-2 1.12818E-2 -9999 -9999 -9999 -9999 -9999
-9999 -9999 -9999 -9999 -9999 -9999 -9999 -9999 -9999 3.89876E-2 2.86797E-2 2.24045E-2 1.77617E-2 1.18559E-2 7.3715E-3 7.11345E-3 5.93292E-3 7.03979E-3 6.26728E-3 1.06168E-2 1.67855E-2 1.8469E-2 1.49281E-2 1.20159E-2 6.93984E-3 8.79443E-3 1.09671E-2 1.0049E-2 1.21792E-2 1.33461E-2 1.99502E-2 1.31899E-2 1.30494E-2 1.89164E-2 2.11256E-2 2.28618E-2 2.40648E-2 3.35871E-2 3.49909E-2 3.03934E-2 1.76748E-2 1.81566E-2 1.83212E-2 1.85568E-2 1.78271E-2 1.53324E-2 1.55187E-2 1.66049E-2 1.59809E-2 1.42373E-2 1.43488E-2 1.48748E-2 1.43376E-2 -9999 1.11485E-2 1.15067E-2 1.05825E-2 9.04441E-3 -9999 -9999 -9999
-9999 -9999 -9999 -9999 -9999 -9999 -9999 -9999 2.96567E-2 3.06147E-2 3.4841E-2 1.84372E-2 1.09908E-2 1.9364E-2 2.34496E-2 1.80687E-2 1.30831E-2 1.21662E-2 1.00804E-2 9.49609E-3 1.2202E-2 1.62221E-2 1.9879E-2 1.33718E-2 8.96016E-3 9.29106E-3 9.42134E-3 9.15348E-3 9.17749E-3 8.20506E-3 1.50151E-2 1.60559E-2 1.82419E-2 2.40982E-2 2.44141E-2 2.21471E-2 2.55475E-2 3.40874E-2 3.76048E-2 4.84622E-2 2.58936E-2 2.04419E-2 1.80833E-2 1.83382E-2 1.64985E-2 1.50886E-2 1.65634E-2 1.73251E-2 1.57419E-2 1.43429E-2 1.41822E-2 1.44826E-2 1.49775E-2 1.56677E-2 1.23161E-2 1.18395E-2 9.79318E-3 8.74782E-3 7.85677E-3 6.9885E-3 6.67461E-3
-9999 -9999 -9999 -9999 -9999 -9999 -9999 -9999 1.60246E-2 1.30665E-2 1.73653E-2 1.70782E-2 1.44938E-2 2.53812E-2 3.75655E-2 4.91449E-2 2.26233E-2 2.02755E-2 1.92564E-2 1.27032E-2 1.27106E-2 1.29052E-2 1.22498E-2 1.55834E-2 1.09655E-2 1.31995E-2 1.1148E-2 9.43521E-3 1.36111E-2 1.35523E-2 1.71674E-2 1.88352E-2 2.18144E-2 2.9065E-2 2.71513E-2 2.59363E-2 3.09663E-2 3.24848E-2 3.70003E-2 4.12863E-2 3.29079E-2 2.02124E-2 1.90985E-2 1.84846E-2 1.78683E-2 1.78468E-2 1.84118E-2 1.88362E-2 1.79398E-2 1.51314E-2 1.42497E-2 1.52289E-2 1.61873E-2 1.63215E-2 -9999 1.2984E-2 1.10073E-2 1.04844E-2 7.53736E-3 7.26398E-3 6.40296E-3
-9999 -9999 -9999 -9999 -9999 -9999 -9999 2.23173E-2 2.37253E-2 2.60558E-2 3.30076E-2 1.86645E-2 2.23797E-2 2.09922E-2 3.39737E-2 4.52613E-2 3.1499E-2 3.59798E-2 3.081E-2 2.29118E-2 1.90801E-2 1.84127E-2 1.64459E-2 1.59363E-2 9.76768E-3 1.51316E-2 1.99116E-2 1.44488E-2 2.00423E-2 2.03782E-2 2.01552E-2 2.24377E-2 2.61343E-2 3.31951E-2 3.70876E-2 4.81599E-2 2.4923E-2 3.44549E-2 2.99961E-2 4.46152E-2 2.76456E-2 2.14372E-2 2.05939E-2 1.97927E-2 2.0522E-2 1.98824E-2 1.91685E-2 1.86712E-2 1.81703E-2 1.77076E-2 1.61827E-2 1.61308E-2 -9999 -9999 -9999 -9999 -9999 -9999 -9999 -9999 -9999
-9999 -9999 -9999 -9999 -9999 -9999 3.79709E-2 4.58685E-2 3.35242E-2 2.48795E-2 4.15831E-2 4.10459E-2 2.57212E-2 3.73695E-2 2.59815E-2 2.55914E-2 3.66648E-2 4.87454E-2 4.54459E-2 4.11736E-2 3.18457E-2 1.84523E-2 1.49145E-2 3.09966E-2 1.71103E-2 1.59658E-2 2.07358E-2 2.1383E-2 1.67303E-2 1.26935E-2 1.85427E-2 2.19217E-2 2.72262E-2 4.57929E-2 4.12914E-2 2.84244E-2 4.3097E-2 3.2632E-2 4.81026E-2 4.80697E-2 2.3904E-2 3.21027E-2 2.52047E-2 2.42787E-2 2.29573E-2 2.12474E-2 2.05904E-2 1.9578E-2 1.87134E-2 1.71114E-2 1.76715E-2 1.74459E-2 1.54121E-2 1.59277E-2 -9999 -9999 -9999 -9999 -9999 -9999 -9999
-9999 -9999 -9999 -9999 -9999 -9999 4.03317E-2 3.64609E-2 2.24653E-2 2.34704E-2 2.2877E-2 3.2908E-2 3.17872E-2 2.40612E-2 1.99889E-2 3.2494E-2 3.62246E-2 4.67648E-2 3.44972E-2 4.127E-2 2.87148E-2 3.2399E-2 2.25198E-2 2.29767E-2 2.71599E-2 2.77003E-2 1.67671E-2 1.65594E-2 2.0168E-2 1.16069E-2 2.22127E-2 2.62623E-2 3.06388E-2 2.52497E-2 2.66461E-2 3.63517E-2 4.20249E-2 4.80169E-2 3.58611E-2 3.78973E-2 2.98713E-2 3.61395E-2 2.74269E-2 2.93406E-2 3.07852E-2 2.72736E-2 2.6676E-2 2.2448E-2 2.04035E-2 1.72495E-2 1.58073E-2 1.29862E-2 1.22665E-2 1.27103E-2 1.30266E-2 1.30507E-2 1.10324E-2 9.32193E-3 9.55579E-3 9.67457E-3 7.03922E-3
-9999 -9999 -9999 -9999 -9999 2.95417E-2 2.59178E-2 2.35223E-2 2.01263E-2 4.9079E-2 4.93719E-2 3.7233E-2 2.23632E-2 2.72417E-2 1.79536E-2 1.96015E-2 2.42959E-2 4.13956E-2 2.68491E-2 3.1973E-2 4.40706E-2 4.00388E-2 3.48907E-2 3.28759E-2 3.42908E-2 3.02763E-2 2.12465E-2 1.33395E-2 1.53966E-2 1.6003E-2 1.14693E-2 2.7622E-2 4.04455E-2 4.37706E-2 3.63564E-2 3.37889E-2 4.45557E-2 -9999 -9999 3.92453E-2 -9999 -9999 -9999 4.6484E-2 3.46774E-2 2.60948E-2 2.34647E-2 2.02391E-2 1.71095E-2 1.72276E-2 1.55833E-2 1.15501E-2 1.1028E-2 1.10173E-2 1.16591E-2 1.17947E-2 8.52027E-3 8.13911E-3 7.48789E-3 7.58865E-3 7.62213E-3
-9999 -9999 -9999 -9999 3.06322E-2 1.76533E-2 1.97902E-2 2.02861E-2 2.69673E-2 3.66806E-2 3.83905E-2 3.46057E-2 3.13734E-2 2.19268E-2 2.36392E-2 3.11719E-2 3.36126E-2 3.0813E-2 2.70811E-2 3.27555E-2 4.75537E-2 3.50903E-2 3.16851E-2 4.29043E-2 3.21683E-2 3.86532E-2 2.2317E-2 1.99574E-2 1.66796E-2 1.03671E-2 2.11185E-2 3.32324E-2 4.23386E-2 4.23567E-2 1.98103E-2 3.92132E-2 4.11271E-2 5.26456E-2 7.84724E-2 5.02695E-2 8.78513E-2 -9999 4.22459E-2 5.09469E-2 3.09848E-2 2.4012E-2 2.57506E-2 2.65414E-2 2.03222E-2 2.21429E-2 1.74437E-2 1.14312E-2 1.18816E-2 1.12828E-2 9.94338E-3 7.9785E-3 6.69451E-3 6.92969E-3 5.90077E-3 6.15969E-3 7.26635E-3
-9999 -9999 -9999 4.18812E-2 6.46788E-2 4.70999E-2 2.61488E-2 2.76141E-2 3.31701E-2 5.56405E-2 4.49756E-2 4.50845E-2 5.26749E-2 2.74101E-2 3.4872E-2 2.10098E-2 3.06067E-2 3.35658E-2 4.57834E-2 4.89061E-2 2.78981E-2 1.16229E-2 3.01307E-2 3.33494E-2 2.3623E-2 2.33861E-2 2.3032E-2 2.27568E-2 2.11877E-2 1.35804E-2 1.80244E-2 4.0625E-2 3.7277E-2 2.8463E-2 2.7688E-2 4.74392E-2 5.08347E-2 4.55536E-2 4.70088E-2 3.81664E-2 6.96511E-2 5.22693E-2 -9999 -9999 2.58588E-2 2.94619E-2 5.43682E-2 4.47884E-2 2.63381E-2 1.87421E-2 2.49478E-2 1.50461E-2 1.1951E-2 1.18429E-2 9.95293E-3 7.36316E-3 6.86654E-3 6.44029E-3 6.20633E-3 5.8782E-3 7.42391E-3
-9999 -9999 -9999 8.22884E-3 4.78119E-2 5.25952E-2 3.51145E-2 5.30451E-2 1.01022E-1 5.97899E-2 5.08579E-2 5.28708E-2 3.53163E-2 3.21611E-2 4.35464E-2 2.32263E-2 3.32376E-2 3.98038E-2 4.36392E-2 2.03421E-2 1.51528E-2 9.60005E-3 8.89365E-3 1.66733E-2 1.68983E-2 2.48024E-2 2.93735E-2 3.09422E-2 2.05281E-2 1.77732E-2 2.06295E-2 2.6686E-2 2.88003E-2 2.74207E-2 2.61733E-2 4.0075E-2 5.15459E-2 6.15423E-2 3.63515E-2 2.56347E-2 -9999 -9999 -9999 -9999 -9999 7.62873E-2 7.16459E-2 3.99609E-2 2.28323E-2 1.85304E-2 1.89276E-2 3.10456E-2 1.21248E-2 1.21901E-2 8.35209E-3 6.37749E-3 6.91942E-3 7.15751E-3 8.0254E-3 9.22606E-3 1.22916E-2
