Candidate_Models_Sept202022/M_0.4_F_lqp_Set_1_cal/Bison.asc
ncols         97
nrows         127
xllcorner     -2197417.7431653
yllcorner     -584827.01486885
cellsize      30000.0
NODATA_value  -9999
[rows 81 to 107 of 127, columns 0 to 60 of 97]
-9999 -9999 -9999 -9999 -9999 -9999 -9999 -9999 -9999 -9999 -9999 7.91883E-3 1.5057E-3 1.47305E-3 2.41281E-2 6.32419E-3 3.61971E-3 1.1322E-3 2.73336E-3 2.40626E-2 1.02189E-2 5.10606E-2 2.26994E-2 5.10662E-2 1.6276E-1 2.71008E-1 1.13048E-1 9.70582E-2 1.59691E-1 2.38236E-2 2.09847E-2 7.34269E-3 1.86268E-2 6.89505E-2 6.30836E-2 8.10506E-2 6.74969E-2 3.80575E-1 5.7606E-1 8.02852E-1 8.92224E-1 7.39518E-1 7.16448E-1 8.05347E-1 7.26447E-1 5.24267E-1 4.62756E-1 4.49676E-1 4.74822E-1 5.3755E-1 5.86474E-1 6.96533E-1 7.21071E-1 6.91488E-1 6.89221E-1 5.1012E-1 6.14465E-1 6.25453E-1 5.79149E-1 5.30075E-1 5.29256E-1
-9999 -9999 -9999 -9999 -9999 -9999 -9999 -9999 -9999 -9999 -9999 -9999 5.40847E-3 1.40477E-3 4.49307E-3 9.80751E-3 5.63508E-3 1.87602E-2 6.84108E-3 5.40281E-3 5.55192E-3 9.95837E-3 7.75825E-3 2.90379E-2 2.4285E-1 2.51453E-1 8.89103E-2 1.0364E-1 2.49901E-1 3.06265E-2 1.24427E-2 1.11423E-2 1.19281E-2 3.03121E-2 1.14797E-1 1.1216E-1 9.44291E-2 1.36807E-1 3.26166E-1 7.21704E-1 8.52868E-1 7.4971E-1 7.25453E-1 7.6309E-1 6.97564E-1 5.0864E-1 4.15166E-1 4.99032E-1 5.41871E-1 6.70344E-1 6.75063E-1 7.02434E-1 7.39211E-1 6.94337E-1 6.50429E-1 6.5183E-1 6.14721E-1 5.43633E-1 5.36522E-1 4.75051E-1 5.78537E-1
-9999 -9999 -9999 -9999 -9999 -9999 -9999 -9999 -9999 -9999 -9999 -9999 -9999 4.35592E-3 5.46673E-4 2.78401E-3 2.68924E-3 1.44055E-2 2.96558E-1 1.63383E-2 5.76121E-3 7.67618E-3 3.58244E-3 2.6243E-2 7.99316E-2 6.84921E-2 5.01725E-2 1.49936E-1 5.25079E-2 3.15339E-2 1.14801E-2 1.02845E-2 6.7835E-3 1.52358E-2 6.88736E-2 2.6276E-1 8.09658E-2 1.0638E-1 1.7065E-1 6.81544E-1 8.06586E-1 7.93976E-1 7.41848E-1 6.92886E-1 6.38655E-1 4.66197E-1 4.80175E-1 5.08598E-1 5.55042E-1 6.31713E-1 6.58907E-1 6.71707E-1 7.50368E-1 7.23161E-1 6.71772E-1 6.44968E-1 6.81329E-1 6.31538E-1 5.10588E-1 5.22726E-1 5.34396E-1
-9999 -9999 -9999 -9999 -9999 -9999 -9999 -9999 -9999 -9999 -9999 -9999 -9999 5.15078E-3 1.51616E-3 2.84036E-3 6.55888E-3 -9999 2.85504E-2 1.14363E-1 1.81415E-1 5.211E-2 8.47808E-3 1.36446E-2 1.1652E-1 6.94502E-2 1.08151E-1 9.83094E-2 4.7687E-2 3.02993E-2 2.0915E-2 1.12919E-2 8.58418E-3 1.84306E-2 4.66866E-2 9.78705E-2 6.51507E-2 9.13198E-2 1.31158E-1 5.34209E-1 6.73326E-1 7.20682E-1 7.33723E-1 5.53401E-1 6.00706E-1 7.03266E-1 6.32826E-1 6.57482E-1 5.24619E-1 5.9023E-1 6.37414E-1 6.16667E-1 6.43889E-1 6.11468E-1 6.24393E-1 4.42003E-1 6.28327E-1 6.80835E-1 5.66113E-1 5.75163E-1 6.463E-1
-9999 -9999 -9999 -9999 -9999 -9999 -9999 -9999 -9999 -9999 -9999 -9999 -9999 7.07137E-3 3.09609E-3 2.00439E-3 6.05029E-3 -9999 5.793E-2 2.93301E-1 9.36259E-2 1.21669E-2 2.40818E-3 1.31087E-2 4.39737E-2 5.85397E-2 1.47343E-1 4.86704E-2 4.05034E-2 2.01801E-2 1.3809E-2 7.5018E-3 1.92567E-2 2.77238E-2 3.90064E-2 8.76256E-2 9.7752E-2 1.27427E-1 2.55193E-1 2.70403E-1 5.16232E-1 6.51433E-1 7.19059E-1 6.3298E-1 5.53095E-1 6.95065E-1 5.26411E-1 4.71313E-1 5.13854E-1 6.79121E-1 6.51002E-1 4.9878E-1 6.22256E-1 7.24434E-1 6.55164E-1 5.95007E-1 7.06416E-1 5.37723E-1 5.50551E-1 5.39291E-1 5.17072E-1
-9999 -9999 -9999 -9999 -9999 -9999 -9999 -9999 -9999 -9999 -9999 -9999 -9999 3.70406E-3 5.20377E-3 2.43505E-3 2.64486E-3 -9999 3.30989E-3 5.73475E-2 2.53369E-2 4.77666E-3 5.16213E-3 8.59717E-3 4.36783E-2 1.10758E-1 2.185E-1 5.24662E-2 3.14214E-2 1.6837E-2 3.2175E-2 3.29993E-2 3.67875E-2 1.9382E-2 2.5898E-2 2.03844E-1 4.20458E-2 1.20284E-1 1.33216E-1 3.51799E-1 4.39244E-1 6.2953E-1 6.7481E-1 6.64897E-1 6.61667E-1 5.84519E-1 4.58197E-1 5.12297E-1 5.5907E-1 6.87512E-1 6.04162E-1 3.91841E-1 5.2407E-1 7.16221E-1 6.90474E-1 6.68114E-1 6.6922E-1 4.28763E-1 4.8598E-1 5.44418E-1 6.41215E-1
-9999 -9999 -9999 -9999 -9999 -9999 -9999 -9999 -9999 -9999 -9999 -9999 -9999 6.64451E-3 1.91404E-3 1.42725E-3 2.65096E-2 -9999 1.73307E-2 7.24148E-2 1.24516E-2 3.46155E-3 2.2832E-2 5.03793E-2 6.66799E-2 1.65671E-1 4.68203E-1 1.91431E-1 1.28637E-1 2.34377E-2 6.20633E-2 1.20394E-2 5.68829E-3 2.6415E-2 6.15027E-2 1.22894E-1 1.06795E-1 9.77198E-2 5.73631E-1 5.10425E-1 3.58932E-1 5.88582E-1 7.63566E-1 6.66815E-1 6.24896E-1 6.10142E-1 6.72677E-1 7.16212E-1 6.28399E-1 5.04227E-1 4.29027E-1 3.49226E-1 5.27188E-1 6.45315E-1 7.38909E-1 7.19939E-1 6.14851E-1 5.02363E-1 4.68073E-1 4.83788E-1 5.89639E-1
-9999 -9999 -9999 -9999 -9999 -9999 -9999 -9999 -9999 -9999 -9999 -9999 -9999 3.76494E-3 1.68885E-3 1.40267E-3 1.86962E-3 4.29904E-3 4.20712E-3 1.01711E-1 6.42735E-3 1.68721E-3 1.65508E-2 6.74819E-2 2.13954E-1 3.97092E-1 3.12855E-1 1.17868E-1 5.46679E-2 6.47071E-2 5.20062E-2 1.88051E-2 1.12226E-2 1.53449E-1 3.63829E-2 3.25523E-2 1.02369E-1 3.44614E-2 8.04156E-2 4.58101E-1 4.17422E-1 6.56844E-1 6.45204E-1 6.77739E-1 6.59326E-1 6.50942E-1 5.80874E-1 4.82744E-1 6.66774E-1 6.52767E-1 5.36963E-1 5.08882E-1 7.28108E-1 7.21539E-1 7.25221E-1 7.18768E-1 6.72036E-1 6.38215E-1 6.58061E-1 4.65685E-1 5.2287E-1
-9999 -9999 -9999 -9999 -9999 -9999 -9999 -9999 -9999 -9999 -9999 -9999 -9999 6.40268E-3 2.53473E-3 9.1163E-4 3.14731E-3 2.11054E-3 2.40036E-3 4.05394E-2 2.39093E-2 4.64225E-3 9.02006E-3 8.64626E-2 4.07794E-1 3.06108E-1 1.18957E-1 5.8099E-2 4.22778E-2 2.35147E-1 3.29482E-2 2.89714E-2 2.85509E-2 2.00739E-1 2.20558E-2 3.27495E-2 1.28048E-1 2.8746E-2 3.08997E-2 4.28483E-2 4.09185E-1 5.9218E-1 5.69228E-1 6.88283E-1 6.84013E-1 6.54212E-1 6.70907E-1 4.52373E-1 3.5218E-1 4.68919E-1 5.24841E-1 4.39633E-1 6.82736E-1 7.20505E-1 7.37814E-1 7.03249E-1 6.47813E-1 6.80734E-1 6.61081E-1 6.71149E-1 5.41852E-1
-9999 -9999 -9999 -9999 -9999 -9999 -9999 -9999 -9999 -9999 -9999 -9999 -9999 6.77157E-3 6.23159E-3 5.11652E-3 1.85602E-3 1.67039E-3 1.63525E-3 1.03901E-1 4.09171E-3 9.04189E-3 3.57251E-2 3.65561E-1 5.69697E-1 2.64535E-1 2.47001E-1 5.12993E-2 8.33994E-2 1.6298E-1 6.60645E-2 3.83535E-2 8.71848E-2 5.57166E-2 2.17277E-2 2.58827E-2 4.77989E-2 2.91437E-2 7.30161E-2 3.147E-2 2.44355E-1 2.97974E-1 6.82061E-1 5.66133E-1 6.54658E-1 6.74663E-1 4.62405E-1 4.69552E-1 4.16944E-1 6.322E-1 5.93561E-1 4.86769E-1 6.79332E-1 6.06487E-1 6.09249E-1 6.20748E-1 6.22325E-1 6.43449E-1 6.73589E-1 6.53857E-1 6.03595E-1
-9999 -9999 -9999 -9999 -9999 -9999 -9999 -9999 -9999 -9999 -9999 -9999 -9999 6.22182E-3 8.93736E-3 7.32234E-3 2.57321E-3 1.37724E-3 3.35141E-2 6.09066E-2 1.19137E-2 1.08757E-2 1.5227E-1 5.68296E-1 3.86468E-1 2.29232E-1 4.1862E-1 2.95352E-1 1.0946E-1 9.81948E-2 1.21879E-1 7.91102E-2 1.02449E-1 8.30448E-2 1.08604E-2 6.14405E-2 7.34589E-2 1.07169E-1 2.13149E-1 4.37147E-2 7.21285E-2 2.59702E-1 6.2395E-1 6.85485E-1 4.37235E-1 4.52796E-1 5.55607E-1 5.30446E-1 6.01638E-1 4.8431E-1 4.01573E-1 4.32499E-1 5.6055E-1 5.90487E-1 5.83712E-1 4.30216E-1 4.37158E-1 5.10177E-1 6.0404E-1 5.732E-1 4.9252E-1
-9999 -9999 -9999 -9999 -9999 -9999 -9999 -9999 -9999 -9999 -9999 -9999 -9999 6.12823E-3 3.78478E-3 1.36358E-2 1.11645E-2 1.35874E-2 3.8729E-2 8.9257E-3 3.08991E-2 7.07521E-2 1.472E-1 2.19562E-1 2.47825E-1 2.03383E-1 3.31975E-1 3.36649E-1 3.92394E-1 2.8901E-1 1.96508E-1 1.46781E-1 3.84805E-2 1.267E-2 1.15626E-2 4.24437E-2 1.66723E-1 3.03043E-1 6.18061E-1 3.58008E-2 8.57959E-2 4.32362E-1 5.25702E-1 6.46942E-1 5.02E-1 5.49796E-1 5.87083E-1 5.57968E-1 5.37193E-1 5.08478E-1 4.18586E-1 4.73022E-1 5.82676E-1 5.81742E-1 5.75469E-1 5.10277E-1 4.29393E-1 6.17776E-1 5.48985E-1 5.74262E-1 5.4335E-1
-9999 -9999 -9999 -9999 -9999 -9999 -9999 -9999 -9999 -9999 -9999 -9999 6.01624E-3 5.69045E-3 8.30095E-3 2.01096E-2 2.35475E-2 1.86551E-2 2.28853E-2 2.91144E-3 1.83081E-2 2.82102E-1 2.82674E-1 3.09701E-1 1.12494E-1 1.99433E-1 2.65481E-1 3.34826E-1 3.21778E-1 2.18167E-1 3.84989E-1 1.0199E-1 2.12301E-2 1.19355E-2 2.24828E-2 2.50838E-2 1.13755E-1 3.33174E-1 1.09459E-1 4.01036E-2 2.46809E-2 3.20735E-1 5.50501E-1 6.22154E-1 5.70402E-1 5.71298E-1 5.27143E-1 4.96805E-1 4.42584E-1 6.36332E-1 4.62445E-1 4.53694E-1 4.93935E-1 5.09856E-1 5.24505E-1 5.11071E-1 4.65847E-1 6.80662E-1 5.45927E-1 4.98555E-1 5.96323E-1
-9999 -9999 -9999 -9999 -9999 -9999 -9999 -9999 -9999 -9999 -9999 -9999 1.68047E-2 1.15857E-2 7.53064E-3 1.30067E-2 1.60374E-2 1.67988E-2 6.13813E-3 8.85062E-3 7.78019E-2 2.65321E-1 6.71102E-2 2.13821E-1 1.84752E-1 1.91612E-1 1.70448E-1 2.36067E-1 2.73139E-1 3.14329E-1 3.0511E-1 1.70411E-1 3.70855E-2 5.21681E-2 1.03955E-2 2.95061E-2 2.67324E-1 5.07572E-1 2.07039E-1 2.52102E-2 2.98966E-2 3.01272E-1 4.09793E-1 4.92737E-1 4.88713E-1 5.22426E-1 3.96734E-1 4.66022E-1 5.12417E-1 5.74376E-1 4.6583E-1 4.11916E-1 3.78706E-1 4.61055E-1 4.6437E-1 4.53496E-1 4.61038E-1 5.18839E-1 5.36288E-1 4.62401E-1 4.84637E-1
-9999 -9999 -9999 -9999 -9999 -9999 -9999 -9999 -9999 -9999 -9999 -9999 8.10489E-3 7.12277E-3 6.55578E-3 1.35601E-2 1.17776E-2 1.16311E-2 6.6328E-3 3.48509E-2 1.2837E-1 1.56284E-1 1.08654E-1 3.75911E-2 7.27686E-2 1.49483E-1 2.49609E-1 1.7263E-1 2.30593E-1 2.74629E-1 3.66045E-1 5.69947E-2 2.82848E-2 1.25026E-2 1.08067E-2 2.21938E-2 1.84297E-1 4.92754E-1 2.27948E-1 4.49126E-2 3.59009E-2 4.32344E-1 4.08718E-1 5.28249E-1 4.36502E-1 4.4167E-1 4.02626E-1 3.89678E-1 4.89834E-1 6.95581E-1 6.47378E-1 6.74247E-1 4.75968E-1 3.69772E-1 4.56859E-1 5.69195E-1 6.03876E-1 6.76103E-1 4.92079E-1 4.78985E-1 5.83038E-1
-9999 -9999 -9999 -9999 -9999 -9999 -9999 -9999 -9999 -9999 -9999 -9999 2.40076E-2 5.49742E-3 2.59187E-2 2.49369E-2 6.93507E-2 3.35475E-3 1.55719E-2 2.17974E-2 5.13067E-2 7.83744E-2 1.18521E-1 1.16183E-1 7.21182E-2 9.1444E-2 1.49311E-1 1.67015E-1 2.98541E-1 4.59466E-1 3.66397E-1 1.24268E-1 3.31284E-2 1.54241E-2 1.05347E-2 1.25494E-2 6.75698E-2 3.04946E-1 7.49489E-2 1.10555E-1 5.82324E-2 3.46139E-1 4.13781E-1 4.80314E-1 4.79013E-1 4.92833E-1 5.22835E-1 3.54263E-1 4.27881E-1 6.09138E-1 6.32812E-1 6.19322E-1 6.22034E-1 4.52804E-1 6.90812E-1 6.09575E-1 7.3142E-1 5.57982E-1 4.05039E-1 4.61296E-1 4.43101E-1
-9999 -9999 -9999 -9999 -9999 -9999 -9999 -9999 -9999 -9999 -9999 7.75657E-3 6.91872E-3 3.09994E-2 1.75345E-2 3.5053E-3 3.79385E-2 9.57597E-3 3.81377E-2 2.48183E-1 1.27029E-1 7.07338E-2 1.31433E-1 1.32014E-1 3.58873E-2 9.3328E-2 1.57905E-1 3.82751E-1 3.56509E-1 4.61471E-1 5.34774E-1 4.23162E-1 3.05053E-2 4.55701E-2 1.53016E-2 2.31025E-2 5.55213E-2 5.71801E-1 3.60845E-1 2.01629E-1 4.14713E-1 2.06905E-1 6.38769E-1 5.69781E-1 5.46035E-1 6.51411E-1 4.96006E-1 2.8061E-1 4.05272E-1 5.00086E-1 4.51917E-1 3.65527E-1 5.7532E-1 6.86764E-1 4.88041E-1 4.35088E-1 3.98789E-1 4.33237E-1 4.56702E-1 5.07736E-1 4.25571E-1
-9999 -9999 -9999 -9999 -9999 -9999 -9999 -9999 -9999 -9999 -9999 5.49471E-3 1.63569E-2 5.11879E-2 3.21136E-2 3.26026E-2 2.95371E-2 2.52159E-2 1.0677E-1 2.08641E-1 1.78793E-1 4.31979E-2 4.72457E-2 6.27836E-2 1.28183E-1 1.8062E-1 2.28233E-1 3.62952E-2 2.26125E-2 6.25859E-1 5.2119E-1 6.18303E-1 2.72863E-1 3.74248E-2 2.67973E-2 1.84892E-2 4.27228E-2 6.54352E-1 7.84965E-2 5.37958E-1 4.42883E-1 3.06588E-1 7.23943E-1 5.2315E-1 5.62514E-1 1.75391E-1 1.14749E-1 4.76351E-1 4.08718E-1 6.33846E-1 4.92676E-1 3.35593E-1 5.11578E-1 5.68227E-1 3.38742E-1 3.69456E-1 3.40976E-1 3.588E-1 4.32106E-1 4.54828E-1 4.7195E-1
-9999 -9999 -9999 -9999 -9999 -9999 -9999 -9999 -9999 -9999 1.94248E-3 2.08341E-3 1.74709E-2 4.18722E-2 1.34701E-1 9.97115E-3 5.29798E-3 1.74364E-2 8.00472E-2 5.90339E-2 7.58781E-2 1.21026E-1 1.41251E-1 1.08188E-1 1.51223E-1 3.36729E-1 1.56175E-1 2.97358E-2 8.46506E-2 2.20739E-1 2.36293E-1 6.83477E-1 4.1004E-1 1.53179E-2 3.5903E-2 2.61941E-2 1.5359E-1 6.67606E-1 1.4938E-1 3.73417E-1 7.2078E-1 4.07637E-1 6.46378E-1 6.95872E-1 4.88659E-1 6.14803E-1 2.90538E-1 5.03776E-1 5.30628E-1 3.28289E-1 5.31561E-1 2.9738E-1 2.90923E-1 3.15664E-1 3.39195E-1 3.4261E-1 3.45618E-1 4.12352E-1 3.65981E-1 3.6028E-1 3.9377E-1
-9999 -9999 -9999 -9999 -9999 -9999 -9999 -9999 -9999 -9999 1.16325E-3 9.86745E-4 3.33281E-2 5.2931E-2 3.21673E-2 6.163E-3 6.85107E-3 2.82924E-2 2.82514E-2 3.9131E-2 3.78904E-2 9.35054E-2 1.10269E-1 1.3959E-1 1.50975E-1 1.46715E-1 2.13554E-1 2.09052E-1 3.21332E-1 3.5841E-1 1.51914E-1 1.78348E-1 4.83408E-2 4.31945E-2 2.96255E-2 2.33801E-2 1.81415E-1 3.78795E-1 1.88503E-1 5.05681E-1 7.71583E-1 1.45355E-1 3.41012E-1 6.35221E-1 5.54171E-1 4.16102E-1 4.49985E-1 3.23E-1 2.95244E-1 3.76029E-1 2.77125E-1 3.49645E-1 3.02258E-1 3.11957E-1 3.86203E-1 4.64461E-1 3.84636E-1 3.85153E-1 4.06185E-1 4.17628E-1 4.22613E-1
-9999 -9999 -9999 -9999 -9999 -9999 -9999 -9999 -9999 -9999 8.55972E-4 8.82418E-4 3.71917E-2 3.16487E-2 7.26087E-3 7.38732E-3 1.09412E-2 2.54383E-2 6.43916E-2 4.26082E-2 2.74845E-2 3.8862E-2 4.25752E-2 5.43117E-2 1.23648E-1 8.85251E-2 3.46986E-1 8.31495E-2 2.98604E-1 3.14983E-1 7.68365E-2 4.63597E-2 3.85177E-2 5.66943E-2 5.20531E-2 5.77182E-2 1.9445E-1 2.30866E-1 3.56981E-1 3.01792E-1 6.3838E-1 4.76827E-1 6.45129E-1 5.88488E-1 6.18822E-1 5.99047E-1 2.37592E-1 3.31278E-1 3.29916E-1 3.36123E-1 4.57206E-1 5.41241E-1 4.97907E-1 3.41725E-1 3.83267E-1 2.97987E-1 2.85799E-1 3.2202E-1 4.9954E-1 4.00087E-1 3.3298E-1
-9999 -9999 -9999 -9999 -9999 -9999 -9999 -9999 -9999 9.38864E-4 7.13843E-4 1.1523E-3 2.94166E-2 9.17005E-3 2.06848E-3 3.80756E-3 2.26854E-2 5.98822E-2 8.17944E-2 2.45961E-2 3.7069E-2 4.7403E-2 5.55279E-2 6.99324E-2 4.87491E-2 4.39755E-2 4.68913E-1 1.15767E-1 9.47467E-2 5.38583E-2 6.02287E-2 1.32501E-1 1.29093E-1 1.26839E-1 1.2517E-1 1.39845E-1 1.6985E-1 2.1061E-1 6.1117E-1 2.25261E-1 7.09625E-1 6.29648E-1 7.24045E-1 4.47E-1 6.27496E-1 4.80774E-1 5.14465E-1 4.62671E-1 4.20568E-1 3.06516E-1 3.11284E-1 3.66925E-1 3.48555E-1 4.84588E-1 5.68574E-1 5.34609E-1 4.43982E-1 4.16422E-1 3.43947E-1 4.10381E-1 4.11348E-1
-9999 -9999 -9999 -9999 -9999 -9999 -9999 -9999 -9999 1.11416E-3 6.88247E-4 1.27199E-3 5.7506E-3 2.02716E-3 1.48724E-3 4.73966E-3 2.8445E-2 3.81695E-2 6.20575E-2 4.61059E-2 1.05003E-1 5.28983E-2 4.95141E-2 6.89625E-2 6.1394E-2 1.02484E-1 3.45577E-1 2.87123E-1 2.38279E-1 1.57937E-1 1.72673E-1 2.40332E-1 8.4547E-2 1.38901E-1 3.80998E-1 4.46308E-1 2.59251E-1 5.70696E-1 5.34577E-1 6.01336E-1 7.65313E-1 7.84138E-1 4.67424E-1 5.26393E-1 6.97303E-1 6.77692E-1 6.1823E-1 4.18105E-1 5.67034E-1 5.49096E-1 5.50572E-1 5.59896E-1 3.86742E-1 5.11691E-1 5.08794E-1 6.1219E-1 5.03919E-1 4.13858E-1 4.42585E-1 3.17374E-1 2.76965E-1
-9999 -9999 -9999 -9999 -9999 -9999 -9999 -9999 8.95509E-4 7.81082E-4 1.76335E-3 1.65547E-2 1.65559E-3 1.87397E-3 3.9981E-3 2.3568E-2 3.02442E-2 4.5213E-2 5.47755E-2 5.94575E-2 9.70488E-2 1.07096E-1 7.022E-2 9.76137E-2 8.12355E-2 2.6548E-1 2.12307E-1 3.20014E-1 2.10424E-1 3.11045E-1 2.6907E-1 2.67816E-1 8.45454E-2 1.97892E-1 3.42684E-1 2.2194E-1 2.93113E-1 6.56349E-1 5.88813E-1 8.35744E-1 7.9281E-1 7.09891E-1 5.28039E-1 3.65678E-1 1.70625E-1 4.45722E-1 9.70162E-2 3.07869E-1 4.24691E-1 5.89049E-1 4.59595E-1 4.42701E-1 2.96554E-1 3.66801E-1 3.43059E-1 6.40775E-1 6.24313E-1 6.2965E-1 4.51982E-1 3.13937E-1 3.31168E-1
-9999 -9999 -9999 -9999 -9999 -9999 -9999 1.97563E-3 1.66393E-3 7.75161E-4 6.32451E-3 1.70202E-2 1.27985E-3 1.86209E-3 8.82679E-3 4.82792E-2 5.55999E-2 6.26778E-2 8.39098E-2 9.32111E-2 1.13038E-1 9.07613E-2 8.88136E-2 1.13271E-1 9.23694E-2 1.58352E-1 1.50615E-1 3.81064E-1 4.37625E-1 4.06849E-1 2.36285E-1 1.86084E-1 1.29086E-1 1.33648E-1 2.36584E-1 3.32038E-1 7.55225E-1 7.08601E-1 7.57336E-1 8.29541E-1 7.59171E-1 6.60073E-1 3.92735E-1 2.85499E-1 1.94235E-1 4.28365E-1 3.52804E-1 1.04568E-1 4.10464E-1 6.89033E-1 5.7272E-1 5.76948E-1 7.28539E-1 4.22243E-1 6.18225E-1 6.15238E-1 6.6952E-1 6.48885E-1 6.0206E-1 3.83376E-1 3.51691E-1
-9999 -9999 -9999 -9999 -9999 -9999 -9999 5.28258E-4 3.46408E-4 3.16139E-4 2.08579E-3 2.30308E-3 1.11522E-3 5.15151E-3 3.92744E-2 5.56442E-2 5.67979E-2 1.60272E-1 9.06805E-2 7.78449E-2 9.75566E-2 1.50067E-1 2.08441E-1 1.60498E-1 1.5151E-1 1.13023E-1 1.82857E-1 3.74418E-1 2.3145E-1 4.33902E-1 1.87242E-1 9.46121E-2 1.37451E-1 3.24165E-1 2.91268E-1 6.45172E-1 6.68448E-1 7.57428E-1 8.12693E-1 8.45409E-1 8.20487E-1 6.38369E-1 5.16981E-1 3.88775E-1 3.24592E-1 2.44994E-1 3.4537E-1 3.17721E-1 5.46593E-1 3.61188E-1 4.27869E-1 4.41206E-1 5.05646E-1 6.4725E-1 4.82292E-1 6.77928E-1 5.38391E-1 6.38109E-1 6.16745E-1 4.04759E-1 3.70897E-1
-9999 -9999 -9999 -9999 -9999 -9999 -9999 1.2353E-3 8.13354E-4 4.65842E-4 2.70009E-3 3.47733E-3 3.931E-3 5.61562E-3 5.71739E-2 5.24765E-2 7.04954E-2 1.54083E-1 8.56954E-2 7.40618E-2 9.36152E-2 1.07576E-1 3.05992E-1 1.91089E-1 1.079E-1 9.07402E-2 8.96239E-2 3.58615E-1 1.64846E-1 2.88735E-1 3.42458E-1 1.19072E-1 4.21518E-1 4.38479E-1 4.64731E-1 6.22831E-1 7.75731E-1 7.33557E-1 7.90765E-1 7.09614E-1 6.08748E-1 5.43232E-1 4.51764E-1 3.01064E-1 1.75667E-1 2.50556E-1 2.67471E-1 1.49558E-1 4.55668E-1 6.8001E-1 6.00092E-1 5.50304E-1 6.28774E-1 3.88549E-1 6.15424E-1 5.90569E-1 4.36351E-1 6.13422E-1 5.18383E-1 3.68268E-1 4.61017E-1
