Final_Models_Sept202022/M_0.1_F_lqp_Set_1/Bison_3.asc
ncols         97
nrows         127
xllcorner     -2197417.7431653
yllcorner     -584827.01486885
cellsize      30000.0
NODATA_value  -9999
[rows 27 to 53 of 127, columns 0 to 60 of 97]
-9999 -9999 1.63306E-3 1.67001E-4 1.06883E-2 6.66033E-2 1.12091E-1 1.23025E-1 1.35406E-1 1.36777E-1 7.75469E-2 1.19932E-1 5.44969E-2 8.69838E-2 6.56576E-2 9.89018E-2 5.54308E-2 4.00397E-2 1.38136E-2 1.46209E-2 1.46069E-2 1.00949E-2 4.90494E-3 4.48288E-3 5.28955E-3 1.30257E-2 1.42237E-2 1.36379E-2 1.06739E-2 1.20028E-2 1.3327E-2 2.91246E-2 1.8581E-2 3.27514E-2 5.58883E-2 5.53252E-2 5.84043E-2 6.01189E-2 1.95317E-2 8.83316E-2 2.16873E-1 1.22955E-1 1.34024E-1 2.9711E-1 1.14899E-1 9.54737E-2 8.84237E-2 5.09346E-2 3.20669E-2 2.41795E-2 1.99702E-2 2.27948E-2 1.22277E-2 9.73963E-3 5.05447E-3 3.57906E-3 3.44883E-3 3.19258E-3 4.16385E-3 5.61248E-3 7.57966E-3
-9999 1.96497E-7 2.20606E-3 3.72685E-4 2.63765E-4 9.62204E-3 1.14817E-1 9.46335E-2 1.02088E-1 1.57899E-1 1.02964E-1 1.04917E-1 1.63789E-1 1.3374E-1 7.48963E-2 8.79032E-2 1.02879E-1 5.25032E-2 3.24684E-2 2.23133E-2 1.64761E-2 1.32943E-2 6.10185E-3 6.02082E-3 8.35204E-3 1.38264E-2 1.38546E-2 1.55431E-2 1.66103E-2 1.95061E-2 1.50585E-2 1.93444E-2 1.36949E-2 2.71445E-2 2.81832E-2 3.64596E-2 4.15775E-2 1.23163E-1 1.24197E-1 1.02927E-1 1.2412E-1 6.89609E-2 1.47504E-1 1.47497E-1 1.46254E-1 6.72548E-2 6.87138E-2 3.3405E-2 2.72681E-2 1.71207E-2 2.05889E-2 2.61982E-2 1.00137E-2 7.16996E-3 5.31191E-3 4.20811E-3 3.48235E-3 3.27138E-3 3.44857E-3 4.20234E-3 4.25013E-3
-9999 2.39518E-11 8.78686E-9 8.56215E-5 1.44824E-4 7.66151E-3 3.68826E-2 1.12203E-1 9.74452E-2 1.40584E-1 7.66861E-2 1.12905E-1 1.61714E-1 1.27969E-1 1.04065E-1 4.25491E-2 8.11419E-2 7.80256E-2 5.16378E-2 2.54641E-2 2.07255E-2 9.95742E-3 1.13515E-2 1.02698E-2 1.98192E-2 1.44533E-2 1.4694E-2 1.32702E-2 1.43296E-2 1.23375E-2 1.65317E-2 2.38746E-2 3.76183E-2 2.68998E-2 2.84285E-2 2.95733E-2 2.91824E-2 6.99375E-2 5.72201E-2 1.13931E-1 1.28201E-1 1.21816E-1 1.4388E-1 1.11237E-1 5.69588E-2 7.48721E-2 4.32346E-2 2.97593E-2 1.77527E-2 1.88137E-2 1.94434E-2 1.61582E-2 9.57778E-3 6.16728E-3 4.87923E-3 4.01227E-3 3.3657E-3 2.79864E-3 2.73513E-3 3.9764E-3 3.96241E-3
4.3373E-5 3.59942E-12 5.49621E-18 1.63543E-10 8.32276E-8 9.15974E-4 2.15425E-2 1.50866E-1 8.80002E-2 1.20101E-1 8.52188E-2 1.1291E-1 1.86516E-1 1.95628E-1 1.00195E-1 6.26702E-2 1.28425E-1 7.20078E-2 6.54636E-2 4.09018E-2 1.89929E-2 1.27497E-2 2.10477E-2 1.94082E-2 1.612E-2 1.80462E-2 1.37686E-2 1.58334E-2 1.31551E-2 1.4838E-2 1.44547E-2 1.56388E-2 3.48733E-2 1.90978E-2 3.09463E-2 3.736E-2 3.43585E-2 4.48151E-2 8.66816E-2 1.12535E-1 1.18154E-1 9.92156E-2 7.98416E-2 1.15912E-1 6.72654E-2 6.03388E-2 4.95524E-2 3.07849E-2 1.68973E-2 9.949E-3 8.57218E-3 9.76142E-3 9.11677E-3 7.13968E-3 5.57901E-3 4.12543E-3 3.06302E-3 2.86361E-3 2.86543E-3 3.79339E-3 3.62034E-3
7.85137E-3 1.01183E-5 1.54818E-16 9.01981E-20 9.71006E-10 2.33127E-3 2.9709E-2 1.74692E-1 1.1434E-1 1.36659E-1 1.29377E-1 1.62713E-1 1.60499E-1 2.55717E-1 1.39912E-1 1.05806E-1 6.48945E-2 1.35942E-1 5.42462E-2 2.037E-2 1.32284E-2 1.47096E-2 2.0344E-2 1.53856E-2 1.86557E-2 1.39049E-2 1.59426E-2 1.52126E-2 1.3505E-2 1.56008E-2 2.02345E-2 2.27149E-2 2.55192E-2 1.28797E-2 5.06746E-2 3.958E-2 6.08702E-2 6.84524E-2 7.72177E-2 6.31905E-2 9.36888E-2 9.12267E-2 8.52768E-2 6.62993E-2 6.01795E-2 4.81284E-2 4.56832E-2 3.66085E-2 2.32488E-2 1.08276E-2 9.2589E-3 9.7264E-3 7.59501E-3 7.14854E-3 5.96008E-3 4.37811E-3 3.32702E-3 3.2587E-3 3.16955E-3 3.65035E-3 3.85115E-3
8.58455E-3 3.911E-3 1.06489E-6 3.30747E-15 2.68578E-12 1.25337E-3 5.15939E-2 1.21039E-1 1.58766E-1 1.55561E-1 1.55298E-1 1.50488E-1 1.46811E-1 1.70565E-1 1.39217E-1 6.42752E-2 4.20181E-2 7.28846E-2 8.91114E-2 4.77861E-2 2.52569E-2 1.79911E-2 2.13645E-2 1.95015E-2 3.00837E-2 1.70867E-2 1.90017E-2 2.28802E-2 1.68398E-2 2.12146E-2 1.5588E-2 1.69698E-2 1.29856E-2 1.30076E-2 4.60859E-2 5.89529E-2 6.10605E-2 4.54136E-2 4.72618E-2 4.17176E-2 4.79467E-2 8.53924E-2 8.41703E-2 9.50614E-2 7.95784E-2 4.27751E-2 3.90252E-2 3.88476E-2 2.88732E-2 1.31743E-2 1.0981E-2 9.99637E-3 7.15545E-3 7.59242E-3 6.23109E-3 4.49698E-3 3.73349E-3 3.4846E-3 3.97342E-3 3.73107E-3 4.27219E-3
-9999 4.54866E-3 1.80296E-2 7.36358E-4 2.07603E-10 6.2838E-3 2.82766E-2 1.02233E-1 1.29012E-1 1.16399E-1 1.72354E-1 1.79607E-1 1.60269E-1 1.39691E-1 4.47118E-2 5.34569E-2 1.97344E-2 1.67963E-2 9.10295E-2 6.3605E-2 3.95913E-2 4.50895E-2 2.89539E-2 2.16686E-2 2.49641E-2 3.04555E-2 2.6723E-2 2.29321E-2 2.86433E-2 2.04174E-2 2.1852E-2 2.30417E-2 1.79836E-2 2.94584E-2 5.63679E-2 4.58075E-2 6.04681E-2 6.36697E-2 5.31603E-2 7.23467E-2 6.84852E-2 5.89752E-2 8.21419E-2 7.58122E-2 6.73578E-2 4.99685E-2 4.46609E-2 6.60515E-2 4.8755E-2 2.65871E-2 1.77288E-2 1.46996E-2 1.05584E-2 9.03391E-3 6.45498E-3 5.32468E-3 7.11679E-3 4.02934E-3 4.11138E-3 3.86441E-3 4.59414E-3
-9999 -9999 3.01934E-3 2.2314E-4 1.16613E-6 2.7437E-2 1.09038E-2 5.08075E-2 7.96222E-2 1.23009E-1 9.66618E-2 2.8884E-1 1.13248E-1 1.03436E-1 4.33735E-2 4.51391E-2 2.81963E-2 1.79044E-2 2.30534E-2 6.34608E-2 5.89234E-2 2.87696E-2 3.05313E-2 2.07366E-2 3.99971E-2 2.02343E-2 3.93037E-2 3.43794E-2 2.68893E-2 2.14622E-2 1.95319E-2 2.23526E-2 2.78555E-2 5.10045E-2 5.97781E-2 3.90587E-2 3.74729E-2 4.6666E-2 2.77828E-2 4.33615E-2 9.43566E-2 8.31257E-2 1.0974E-1 7.16676E-2 9.38213E-2 6.79692E-2 6.58639E-2 6.14103E-2 7.0932E-2 6.42743E-2 3.15222E-2 1.83348E-2 1.1339E-2 9.04222E-3 6.76822E-3 5.32117E-3 8.76578E-3 4.53453E-3 4.7317E-3 4.89571E-3 4.74062E-3
-9999 -9999 7.24466E-3 6.89718E-3 3.95198E-4 8.43622E-3 4.44808E-3 2.28319E-2 3.72649E-2 1.12121E-1 1.09579E-1 1.93577E-1 1.26036E-1 1.09205E-1 4.40753E-2 8.84385E-2 5.32823E-2 5.05112E-2 2.365E-2 2.998E-2 4.15774E-2 6.21096E-2 4.03304E-2 1.50342E-2 3.6915E-2 2.05805E-2 3.47048E-2 3.08176E-2 3.32824E-2 2.14001E-2 1.85738E-2 2.12436E-2 2.84155E-2 4.54079E-2 4.34538E-2 4.31077E-2 1.5152E-2 2.95226E-2 2.9455E-2 3.0733E-2 4.54343E-2 1.0136E-1 5.49973E-2 8.62919E-2 9.07957E-2 8.44376E-2 7.22669E-2 7.24879E-2 5.65981E-2 9.67196E-2 4.15985E-2 3.99905E-2 1.68428E-2 9.7931E-3 7.79669E-3 6.18325E-3 5.51771E-3 5.41979E-3 5.64444E-3 5.53059E-3 4.485E-3
-9999 -9999 1.85934E-2 4.85835E-2 9.30461E-4 3.53365E-3 2.76806E-3 3.53105E-2 5.14807E-2 6.13305E-2 9.7085E-2 1.2271E-1 1.68621E-1 1.05596E-1 4.38139E-2 7.07038E-2 7.96515E-2 6.24151E-2 7.00584E-2 3.86364E-2 4.7215E-2 6.29065E-2 3.89795E-2 3.70825E-2 2.83343E-2 1.83087E-2 4.25672E-2 3.11625E-2 3.30853E-2 2.71654E-2 2.35423E-2 1.97661E-2 2.70598E-2 4.53933E-2 4.6261E-2 5.02829E-2 1.6357E-2 2.05055E-2 2.5055E-2 2.52176E-2 3.31051E-2 5.25525E-2 4.83115E-2 3.41851E-2 9.2776E-2 9.63995E-2 8.273E-2 9.54037E-2 7.46912E-2 7.92687E-2 4.10062E-2 2.86966E-2 1.66592E-2 1.12332E-2 1.12137E-2 8.18794E-3 6.81153E-3 6.27573E-3 7.44971E-3 6.29529E-3 5.22712E-3
-9999 -9999 -9999 3.19462E-2 3.90081E-5 1.13802E-2 4.50483E-3 2.33714E-2 2.57588E-2 1.27183E-2 2.73772E-2 1.30009E-1 1.62715E-1 1.09268E-1 5.9975E-2 6.75301E-2 6.20179E-2 5.62132E-2 6.32337E-2 7.73206E-2 4.42228E-2 3.14588E-2 2.64582E-2 5.0008E-2 5.72484E-2 3.26174E-2 4.33236E-2 4.56605E-2 3.50795E-2 2.22997E-2 1.80411E-2 2.28658E-2 3.27269E-2 3.58082E-2 4.00102E-2 4.21436E-2 3.00138E-2 1.89213E-2 2.1897E-2 2.94925E-2 2.82542E-2 3.95644E-2 6.36585E-2 7.12958E-2 1.01848E-1 8.58885E-2 8.59209E-2 9.72751E-2 5.7862E-2 4.26776E-2 3.27647E-2 2.91287E-2 2.39665E-2 1.55736E-2 1.48453E-2 1.17698E-2 1.11574E-2 8.6169E-3 6.27296E-3 6.20195E-3 5.80515E-3
-9999 -9999 -9999 3.41452E-3 1.23797E-7 7.64463E-2 1.85939E-2 2.90924E-2 5.60306E-2 4.42885E-2 1.31261E-2 9.24861E-2 1.08652E-1 1.03487E-1 1.07757E-1 6.50483E-2 4.22877E-2 5.3195E-2 4.49551E-2 6.01858E-2 3.05613E-2 2.43001E-2 1.89628E-2 4.15462E-2 4.68607E-2 5.13264E-2 5.79291E-2 3.79889E-2 2.7938E-2 2.15599E-2 1.81976E-2 2.86253E-2 4.66547E-2 3.66187E-2 3.82512E-2 3.97303E-2 2.69824E-2 3.65734E-2 6.15483E-2 2.72584E-2 2.79592E-2 3.65363E-2 4.50806E-2 3.75536E-2 8.74695E-2 9.16157E-2 8.61175E-2 9.97717E-2 9.36338E-2 8.03864E-2 2.81773E-2 6.86549E-2 3.2046E-2 2.67105E-2 1.80953E-2 1.14443E-2 1.04315E-2 8.61247E-3 8.51214E-3 6.6867E-3 6.08535E-3
-9999 -9999 -9999 1.0772E-3 1.4236E-6 1.035E-1 6.88957E-2 2.24334E-2 3.17296E-2 5.24286E-2 1.61714E-2 3.56371E-2 9.39668E-2 7.77139E-2 7.49005E-2 6.87722E-2 3.00327E-2 4.94928E-2 5.24796E-2 5.70731E-2 3.61308E-2 2.30094E-2 3.51266E-2 4.18867E-2 5.53344E-2 4.78682E-2 4.57993E-2 4.08433E-2 2.96074E-2 2.02148E-2 1.96252E-2 3.39E-2 5.09131E-2 3.40751E-2 4.59836E-2 5.03686E-2 6.12263E-2 6.66922E-2 4.98483E-2 2.49673E-2 1.96659E-2 2.85271E-2 5.77769E-2 8.90385E-2 9.98572E-2 9.72694E-2 7.30824E-2 1.14146E-1 9.08507E-2 7.66309E-2 5.64223E-2 3.88823E-2 6.65632E-2 4.47438E-2 2.92911E-2 2.85901E-2 3.4598E-2 2.08072E-2 1.49503E-2 9.49828E-3 6.9096E-3
-9999 -9999 -9999 -9999 7.14105E-3 7.91047E-2 1.24809E-2 8.47349E-3 6.25614E-2 6.68523E-3 6.90655E-4 1.04678E-2 1.08552E-1 5.72702E-2 8.18687E-2 8.12725E-2 6.01671E-2 5.60754E-2 7.62799E-2 7.20403E-2 4.51195E-2 3.92153E-2 4.25613E-2 3.87209E-2 4.32193E-2 4.21382E-2 4.04323E-2 3.17552E-2 2.90783E-2 3.01778E-2 3.49785E-2 5.06569E-2 3.46228E-2 4.2904E-2 3.97919E-2 4.97639E-2 6.12048E-2 5.31387E-2 2.97915E-2 3.64226E-2 3.74407E-2 4.32433E-2 5.24528E-2 1.1136E-1 1.12374E-1 9.04791E-2 6.88067E-2 1.03893E-1 1.17374E-1 9.24465E-2 4.12701E-2 8.10519E-2 1.12497E-1 5.97872E-2 4.1984E-2 7.35002E-2 3.1358E-2 4.52909E-2 4.2057E-2 1.08637E-2 6.85245E-3
-9999 -9999 -9999 -9999 4.34426E-2 5.54072E-2 1.13525E-2 1.99428E-2 5.50478E-3 1.96869E-7 2.80249E-5 9.08562E-3 1.13046E-1 6.36587E-2 9.4628E-2 4.69956E-2 5.66065E-2 7.44102E-2 7.30496E-2 6.26082E-2 6.47605E-2 7.99728E-2 5.05849E-2 4.61571E-2 4.10205E-2 3.43595E-2 4.21748E-2 2.94401E-2 2.81628E-2 2.09224E-2 2.84926E-2 5.94935E-2 4.35863E-2 5.1891E-2 4.74553E-2 5.58555E-2 5.43288E-2 7.88952E-2 7.30491E-2 1.00188E-1 9.30924E-2 1.13438E-1 8.09669E-2 1.21603E-1 9.3579E-2 1.23186E-1 1.2495E-1 4.42029E-2 9.0304E-2 1.39882E-1 1.10001E-1 1.11667E-1 1.29048E-1 4.41107E-2 5.31971E-2 7.97497E-2 6.89914E-2 5.81712E-2 3.99268E-2 1.34519E-2 8.51451E-3
-9999 -9999 -9999 -9999 1.03961E-3 7.26079E-3 7.30015E-3 2.33687E-2 1.20598E-3 2.55812E-5 1.15527E-3 6.30317E-3 5.03601E-2 5.46017E-2 6.34655E-2 5.60444E-2 6.40556E-2 7.67438E-2 3.80224E-2 6.21036E-2 6.06409E-2 4.94614E-2 6.64792E-2 6.54063E-2 5.86693E-2 5.15324E-2 4.40284E-2 4.22428E-2 3.23227E-2 2.35958E-2 4.041E-2 5.05029E-2 5.71357E-2 5.61494E-2 5.71097E-2 6.09415E-2 6.12889E-2 7.92818E-2 1.2424E-1 1.39559E-1 1.08987E-1 1.11572E-1 1.33941E-1 1.20654E-1 1.03568E-1 1.18381E-1 1.42594E-1 1.45234E-1 -9999 1.27531E-1 9.41726E-2 9.70146E-2 5.28281E-2 6.39752E-2 1.29062E-1 7.36517E-2 6.21241E-2 5.25874E-2 7.95861E-2 2.047E-2 9.89818E-3
-9999 -9999 -9999 -9999 2.24963E-3 2.18061E-3 2.84108E-3 2.87621E-5 2.48736E-1 1.95391E-1 1.09798E-3 2.50114E-3 1.84716E-2 4.37785E-2 3.86627E-2 5.27142E-2 6.69362E-2 3.4832E-2 3.11214E-2 5.98335E-2 6.49756E-2 5.78212E-2 6.65571E-2 8.41391E-2 5.1174E-2 3.84259E-2 2.91781E-2 5.57099E-2 3.36041E-2 3.78697E-2 5.33494E-2 5.50229E-2 5.57113E-2 5.41744E-2 5.00134E-2 6.55763E-2 6.66011E-2 6.99886E-2 7.57416E-2 9.67758E-2 1.40277E-1 1.18117E-1 1.22233E-1 1.18391E-1 1.16555E-1 9.743E-2 -9999 -9999 -9999 -9999 1.12347E-1 6.59917E-2 6.79578E-2 1.06646E-1 9.04616E-2 7.68121E-2 3.18924E-2 2.32809E-2 1.24007E-2 1.74534E-2 1.61313E-2
-9999 -9999 -9999 -9999 1.47302E-3 4.7527E-3 2.00958E-3 2.48846E-4 1.44208E-6 1.5068E-1 1.8197E-3 1.0816E-2 1.53239E-2 2.9767E-2 3.06155E-2 4.47459E-2 5.26619E-2 3.27749E-2 4.33514E-2 4.94262E-2 5.3519E-2 6.47088E-2 7.86037E-2 6.99078E-2 3.66195E-2 2.4887E-2 3.45241E-2 4.35354E-2 4.74075E-2 5.65353E-2 5.7421E-2 5.79077E-2 5.79442E-2 7.30568E-2 4.28085E-2 5.81453E-2 7.53457E-2 6.76838E-2 7.31788E-2 8.23361E-2 1.18036E-1 1.04438E-1 8.82976E-2 5.67485E-2 1.14912E-1 -9999 -9999 -9999 -9999 2.476E-1 1.01039E-1 1.01775E-1 8.36538E-2 8.6329E-2 8.58533E-2 6.63424E-2 5.73759E-2 3.89087E-2 4.01293E-2 5.9416E-2 2.1628E-2
-9999 -9999 -9999 -9999 1.39812E-2 1.42995E-2 5.83022E-3 2.84966E-4 2.22127E-2 2.06929E-2 1.87647E-3 5.51776E-3 7.51105E-3 2.92374E-2 3.78883E-2 3.89872E-2 5.39708E-2 5.26917E-2 2.98382E-2 3.45403E-2 5.2907E-2 7.64776E-2 5.95921E-2 4.70173E-2 4.32652E-2 3.82981E-2 4.34378E-2 5.60176E-2 6.05006E-2 5.72557E-2 5.59701E-2 6.0196E-2 5.99618E-2 6.49061E-2 6.60242E-2 5.19033E-2 6.07544E-2 6.21949E-2 8.7191E-2 8.73664E-2 9.33654E-2 1.01369E-1 1.35102E-1 1.36273E-1 1.35742E-1 -9999 -9999 -9999 2.49666E-1 1.9725E-1 1.70104E-1 1.10477E-1 1.02283E-1 8.33992E-2 7.16833E-2 5.71644E-2 6.26717E-2 2.31351E-2 2.68056E-2 4.84036E-2 1.75091E-2
-9999 -9999 -9999 4.01471E-2 5.66954E-1 4.54112E-2 5.05248E-4 2.22458E-3 6.42982E-4 1.0669E-3 5.22261E-4 2.12567E-3 7.12341E-3 2.65036E-2 5.02831E-2 3.69328E-2 7.35678E-2 4.76145E-2 4.89027E-2 2.47344E-2 4.02749E-2 4.93828E-2 4.5211E-2 2.86745E-2 4.07009E-2 3.84636E-2 4.74338E-2 5.29629E-2 3.88113E-2 4.78901E-2 7.17044E-2 6.7751E-2 6.29033E-2 6.84326E-2 6.60626E-2 6.75221E-2 6.19254E-2 7.96594E-2 7.85911E-2 9.32079E-2 8.83899E-2 8.41768E-2 1.00758E-1 1.44739E-1 2.62369E-1 2.11202E-1 1.8558E-1 1.90634E-1 2.05632E-1 1.47557E-1 1.58347E-1 1.37186E-1 1.15946E-1 9.58032E-2 8.97696E-2 5.41747E-2 5.99766E-2 2.82337E-2 2.93356E-2 3.41512E-2 2.38814E-2
-9999 -9999 -9999 -9999 4.70668E-2 1.79603E-1 4.66307E-3 -9999 7.21165E-4 1.28523E-3 6.14837E-4 1.02007E-3 2.18386E-2 3.35676E-2 4.27561E-2 6.65489E-2 6.2286E-2 4.77336E-2 3.60907E-2 3.80106E-2 2.96602E-2 3.93126E-2 2.83677E-2 4.32871E-2 6.74249E-2 6.26774E-2 5.7622E-2 5.03636E-2 4.04418E-2 4.67421E-2 5.07041E-2 6.89006E-2 6.63197E-2 6.88362E-2 6.25209E-2 5.68858E-2 6.56571E-2 5.61609E-2 6.1659E-2 9.30587E-2 1.0509E-1 9.6019E-2 8.13656E-2 1.1561E-1 1.4785E-1 1.64463E-1 1.64375E-1 1.5896E-1 1.81278E-1 1.37403E-1 1.48856E-1 1.01526E-1 1.21826E-1 1.05011E-1 9.14847E-2 4.57709E-2 5.34119E-2 3.37268E-2 4.55772E-2 3.62997E-2 1.99529E-2
-9999 -9999 -9999 -9999 7.61335E-3 7.23204E-3 4.55844E-3 6.49206E-3 2.11759E-3 6.06333E-3 1.35942E-3 6.28593E-4 1.61213E-2 1.38834E-2 2.95717E-2 9.5908E-2 5.62457E-2 6.64519E-2 3.65542E-2 3.16972E-2 2.61413E-2 3.45728E-2 4.5745E-2 6.13316E-2 5.21163E-2 7.74949E-2 4.98143E-2 5.10658E-2 5.56744E-2 5.56003E-2 6.04484E-2 7.94053E-2 7.52036E-2 7.75137E-2 7.63605E-2 8.06362E-2 6.98953E-2 4.53799E-2 6.60044E-2 7.14788E-2 7.46766E-2 9.43613E-2 6.81908E-2 9.94791E-2 9.29286E-2 1.35799E-1 1.43905E-1 1.33311E-1 1.34794E-1 1.31649E-1 1.2657E-1 1.02453E-1 1.08597E-1 1.11042E-1 1.11117E-1 7.53207E-2 5.60647E-2 5.95074E-2 3.03857E-2 3.87313E-2 3.7208E-2
-9999 -9999 -9999 -9999 3.46611E-1 1.26685E-2 1.34631E-2 4.21774E-3 6.43832E-3 3.67355E-3 8.22918E-4 5.14064E-4 5.31107E-3 3.04121E-2 3.08196E-2 4.30791E-2 5.80499E-2 6.62641E-2 6.1875E-2 3.82964E-2 3.22026E-2 3.20953E-2 2.7066E-2 3.34176E-2 7.94601E-2 6.48388E-2 3.92392E-2 5.26883E-2 6.05378E-2 6.5161E-2 6.91649E-2 7.46628E-2 1.02087E-1 8.35756E-2 1.00536E-1 9.13534E-2 8.65837E-2 7.69831E-2 9.36002E-2 9.78638E-2 9.65178E-2 9.81316E-2 8.98294E-2 9.0103E-2 1.04123E-1 1.13846E-1 1.04549E-1 1.26674E-1 1.14837E-1 1.30123E-1 1.1016E-1 9.67367E-2 9.63298E-2 9.63113E-2 9.67559E-2 6.02148E-2 6.25924E-2 6.77122E-2 4.57109E-2 3.69374E-2 2.56895E-2
-9999 -9999 -9999 -9999 -9999 1.78521E-2 1.25121E-2 1.82363E-2 6.63941E-3 6.82256E-3 9.00015E-4 2.71001E-3 5.75908E-3 1.11958E-2 1.73579E-2 4.23493E-2 7.22089E-2 5.60602E-2 6.39407E-2 4.94882E-2 4.64298E-2 4.97145E-2 3.32415E-2 4.48871E-2 4.15737E-2 8.15515E-2 5.64006E-2 5.61597E-2 5.88941E-2 8.33851E-2 8.6722E-2 1.01313E-1 9.49165E-2 9.15487E-2 9.28062E-2 1.07539E-1 8.61837E-2 8.08768E-2 9.53943E-2 9.02954E-2 1.02171E-1 1.01442E-1 9.73224E-2 1.06872E-1 1.06461E-1 9.91631E-2 9.72552E-2 1.06001E-1 1.1301E-1 1.36103E-1 1.16206E-1 1.04521E-1 9.76511E-2 8.59924E-2 9.21461E-2 5.76946E-2 7.26236E-2 7.29789E-2 6.77708E-2 2.03709E-2 2.94714E-2
-9999 -9999 -9999 -9999 -9999 6.35003E-2 4.28781E-3 2.5498E-2 1.51601E-2 1.54246E-2 1.15702E-3 1.26847E-4 5.85031E-4 3.45177E-3 2.0461E-2 3.57578E-2 5.59426E-2 5.63431E-2 6.39257E-2 5.88035E-2 6.58946E-2 3.64377E-2 5.53084E-2 4.85428E-2 5.6802E-2 9.59737E-2 7.1593E-2 6.55551E-2 7.02663E-2 6.96492E-2 8.00456E-2 9.5241E-2 1.0632E-1 9.47801E-2 8.88996E-2 1.06851E-1 1.12532E-1 1.13568E-1 1.08065E-1 1.07544E-1 9.26004E-2 1.00499E-1 1.00261E-1 1.1099E-1 8.6773E-2 1.03641E-1 1.1515E-1 9.90734E-2 8.82653E-2 1.13671E-1 1.12071E-1 9.99027E-2 8.51847E-2 6.65729E-2 9.75102E-2 6.92468E-2 5.9443E-2 7.15432E-2 4.95321E-2 4.40396E-2 3.49957E-2
-9999 -9999 -9999 -9999 -9999 1.24244E-1 1.9618E-2 4.0788E-3 1.82351E-2 4.24012E-4 9.22872E-4 9.40653E-5 2.49534E-4 5.69976E-4 2.4527E-2 3.01387E-2 4.13834E-2 3.84029E-2 5.39299E-2 7.46689E-2 5.02009E-2 5.43183E-2 5.59234E-2 5.206E-2 5.61367E-2 8.28371E-2 4.9026E-2 8.38828E-2 8.00775E-2 7.73071E-2 8.68458E-2 9.89667E-2 1.14461E-1 1.12593E-1 1.23464E-1 1.29776E-1 1.23915E-1 1.43707E-1 1.33539E-1 1.31246E-1 1.17469E-1 1.0107E-1 1.03284E-1 7.82301E-2 1.00722E-1 1.01569E-1 9.90321E-2 1.01782E-1 9.86593E-2 1.17011E-1 1.19345E-1 9.86095E-2 8.45733E-2 5.64291E-2 9.33858E-2 8.0349E-2 8.85328E-2 7.34775E-2 5.72092E-2 5.65609E-2 4.59653E-2
-9999 -9999 -9999 -9999 -9999 2.42259E-2 2.97919E-3 8.29001E-3 2.8791E-2 8.69658E-4 3.39049E-4 1.81443E-4 1.389E-3 4.04407E-3 1.688E-2 2.45028E-2 2.96478E-2 3.08263E-2 4.07702E-2 5.40057E-2 8.01328E-2 1.05593E-1 9.17075E-2 5.90193E-2 3.97337E-2 1.29868E-1 7.47082E-2 8.75046E-2 9.38065E-2 9.14145E-2 1.07555E-1 1.10374E-1 1.11267E-1 1.19794E-1 1.27472E-1 1.28956E-1 1.54475E-1 1.33998E-1 1.31824E-1 1.49672E-1 2.07857E-1 1.48497E-1 1.0102E-1 6.04039E-2 1.21788E-1 1.1343E-1 1.24177E-1 1.17413E-1 1.02247E-1 1.36735E-1 9.6864E-2 1.12505E-1 1.34683E-1 9.60382E-2 6.66884E-2 -9999 6.81009E-2 5.19057E-2 5.59098E-2 6.77347E-2 5.14139E-2
