Final_Models_Sept202022/M_0.1_F_lqp_Set_1/Bison_9.asc
ncols         97
nrows         127
xllcorner     -2197417.7431653
yllcorner     -584827.01486885
cellsize      30000.0
NODATA_value  -9999
[rows 81 to 107 of 127, columns 0 to 60 of 97]
-9999 -9999 -9999 -9999 -9999 -9999 -9999 -9999 -9999 -9999 -9999 8.85905E-3 1.12051E-3 5.88302E-4 1.14629E-2 5.80678E-3 3.47992E-3 2.93932E-4 5.28637E-4 6.10339E-3 1.86506E-3 1.5605E-2 9.7192E-3 5.26977E-2 1.93388E-1 3.02287E-1 1.25081E-1 1.01609E-1 1.47741E-1 1.44538E-2 7.96216E-3 1.50655E-3 3.50506E-3 2.02032E-2 4.16669E-2 7.16194E-2 9.70836E-2 4.31416E-1 6.70047E-1 8.10977E-1 8.8139E-1 7.29711E-1 7.09863E-1 7.8285E-1 7.40532E-1 5.44483E-1 4.59984E-1 4.29426E-1 4.70341E-1 5.35567E-1 5.83291E-1 6.64088E-1 6.68106E-1 6.55849E-1 6.27654E-1 5.02403E-1 5.85272E-1 6.1229E-1 5.66638E-1 5.09737E-1 4.89251E-1
-9999 -9999 -9999 -9999 -9999 -9999 -9999 -9999 -9999 -9999 -9999 -9999 5.90902E-3 5.74052E-4 2.68557E-3 8.36325E-3 4.94079E-3 1.59716E-2 2.1569E-3 7.79291E-4 1.04879E-3 1.05661E-3 1.42781E-3 1.64441E-2 2.64088E-1 2.78204E-1 6.84761E-2 1.04692E-1 2.1924E-1 2.57682E-2 6.11208E-3 4.53513E-3 2.20137E-3 1.00922E-2 5.67917E-2 1.32249E-1 1.11129E-1 1.46383E-1 4.10844E-1 7.26204E-1 7.78438E-1 7.22187E-1 7.23889E-1 7.45224E-1 6.98286E-1 5.11959E-1 4.00709E-1 4.87795E-1 5.40129E-1 6.62752E-1 6.66991E-1 6.74474E-1 6.6636E-1 6.71854E-1 6.20845E-1 5.78664E-1 5.91669E-1 5.52347E-1 5.23762E-1 4.73847E-1 5.34892E-1
-9999 -9999 -9999 -9999 -9999 -9999 -9999 -9999 -9999 -9999 -9999 -9999 -9999 3.93367E-3 1.61935E-4 1.18502E-3 1.53775E-3 1.10088E-2 2.27094E-1 1.25308E-2 1.83108E-3 3.44726E-3 4.05303E-4 7.74805E-3 7.11623E-2 4.83684E-2 4.52881E-2 1.43931E-1 2.88852E-2 2.14008E-2 7.08578E-3 5.26489E-3 6.37418E-4 6.23241E-3 1.96263E-2 2.8152E-1 9.59646E-2 1.17481E-1 2.01859E-1 6.90637E-1 8.01756E-1 7.65066E-1 7.37047E-1 6.96344E-1 6.40431E-1 4.65903E-1 4.73109E-1 4.97277E-1 5.4692E-1 6.32243E-1 6.53118E-1 6.46239E-1 6.78383E-1 6.70248E-1 6.50197E-1 6.08579E-1 6.69131E-1 6.12566E-1 5.01063E-1 5.06817E-1 5.28728E-1
-9999 -9999 -9999 -9999 -9999 -9999 -9999 -9999 -9999 -9999 -9999 -9999 -9999 4.03752E-3 6.89189E-4 1.51334E-3 5.66996E-3 -9999 1.44867E-2 9.25141E-2 1.78087E-1 2.93361E-2 1.09712E-3 4.64182E-3 1.27332E-1 6.01969E-2 1.1344E-1 8.65358E-2 3.80307E-2 1.4388E-2 1.59818E-2 3.51105E-3 2.22083E-3 7.08268E-3 1.85222E-2 1.0597E-1 6.78516E-2 9.1472E-2 1.40506E-1 5.10286E-1 7.04083E-1 7.06683E-1 7.13178E-1 5.75356E-1 6.15807E-1 6.85152E-1 6.3309E-1 6.52196E-1 5.15827E-1 5.97841E-1 6.39346E-1 6.11953E-1 6.37556E-1 6.09157E-1 6.21429E-1 4.50645E-1 6.26062E-1 6.86566E-1 5.63291E-1 5.38443E-1 6.10117E-1
-9999 -9999 -9999 -9999 -9999 -9999 -9999 -9999 -9999 -9999 -9999 -9999 -9999 7.28297E-3 2.33849E-3 8.08012E-4 5.35396E-3 -9999 6.22533E-2 3.22176E-1 7.31204E-2 1.90158E-3 1.61222E-4 5.73689E-3 3.78258E-2 6.04562E-2 1.59177E-1 4.65622E-2 3.0918E-2 1.46926E-2 5.31171E-3 1.91091E-3 5.88975E-3 1.3078E-2 1.56577E-2 8.56753E-2 8.50239E-2 1.08207E-1 2.44493E-1 2.5667E-1 5.30995E-1 6.57073E-1 7.10903E-1 6.32701E-1 5.68688E-1 6.94495E-1 5.36702E-1 4.61553E-1 5.13234E-1 6.70055E-1 6.22417E-1 5.01827E-1 6.09436E-1 6.86634E-1 6.54602E-1 6.02887E-1 7.15256E-1 5.43504E-1 5.35205E-1 5.34773E-1 5.18954E-1
-9999 -9999 -9999 -9999 -9999 -9999 -9999 -9999 -9999 -9999 -9999 -9999 -9999 3.03309E-3 4.95673E-3 2.25727E-3 1.8738E-3 -9999 2.75265E-3 6.06014E-2 9.99298E-3 3.6456E-4 6.66422E-4 1.7344E-3 2.99202E-2 9.76792E-2 2.40604E-1 5.85453E-2 2.84564E-2 9.0119E-3 2.15912E-2 1.13404E-2 8.98333E-3 7.97008E-3 1.65333E-2 2.16269E-1 2.72358E-2 1.08459E-1 1.36054E-1 3.23493E-1 4.69277E-1 6.20529E-1 6.50234E-1 6.46271E-1 6.38887E-1 5.96587E-1 4.67189E-1 5.22502E-1 5.70697E-1 6.80069E-1 6.04394E-1 3.8578E-1 5.30115E-1 6.83947E-1 6.54964E-1 6.56646E-1 6.64647E-1 4.41911E-1 4.9639E-1 5.2E-1 6.01104E-1
-9999 -9999 -9999 -9999 -9999 -9999 -9999 -9999 -9999 -9999 -9999 -9999 -9999 4.18209E-3 1.63936E-3 6.94685E-4 2.63093E-2 -9999 1.24172E-2 7.57928E-2 8.52695E-3 6.83533E-4 9.91411E-4 9.99341E-3 4.93484E-2 1.65482E-1 5.05779E-1 2.21723E-1 1.28218E-1 1.84322E-2 4.68041E-2 5.70817E-3 8.80696E-4 1.75356E-2 4.66308E-2 1.22157E-1 1.07731E-1 6.05723E-2 5.95852E-1 5.52805E-1 4.08445E-1 6.12766E-1 7.32207E-1 6.43154E-1 6.2611E-1 6.21137E-1 6.69683E-1 7.1178E-1 6.27807E-1 5.20366E-1 4.49241E-1 3.47548E-1 5.32068E-1 6.39138E-1 7.14999E-1 6.92562E-1 6.06864E-1 5.06575E-1 4.72403E-1 4.98386E-1 5.42893E-1
-9999 -9999 -9999 -9999 -9999 -9999 -9999 -9999 -9999 -9999 -9999 -9999 -9999 1.91612E-3 1.64679E-3 2.64944E-4 7.19761E-4 3.79842E-3 2.6649E-3 9.41514E-2 3.08488E-3 1.30828E-4 1.52544E-3 2.93362E-2 2.23862E-1 3.96241E-1 3.53491E-1 1.40835E-1 5.21314E-2 6.44935E-2 4.17222E-2 8.58465E-3 4.67532E-3 1.145E-1 2.46646E-2 2.25752E-2 1.02724E-1 1.57786E-2 5.78617E-2 4.48791E-1 4.67523E-1 6.64702E-1 6.50118E-1 6.29898E-1 6.49349E-1 6.22824E-1 5.94047E-1 4.83707E-1 6.44857E-1 6.38297E-1 5.20303E-1 4.85074E-1 7.08711E-1 6.98087E-1 7.00414E-1 6.66985E-1 6.39667E-1 6.01892E-1 6.41837E-1 4.81285E-1 5.33262E-1
-9999 -9999 -9999 -9999 -9999 -9999 -9999 -9999 -9999 -9999 -9999 -9999 -9999 2.24456E-3 2.32076E-3 3.34435E-4 2.18792E-3 1.34547E-3 7.35526E-4 3.09741E-2 5.11696E-3 4.50164E-4 1.40995E-3 5.26537E-2 4.39057E-1 3.49763E-1 1.40414E-1 6.93102E-2 4.30662E-2 2.25906E-1 2.28545E-2 1.7698E-2 1.58523E-2 1.74295E-1 1.46145E-2 2.29868E-2 1.35244E-1 8.29631E-3 1.45195E-2 2.55875E-2 3.92112E-1 6.21756E-1 5.89784E-1 6.9257E-1 6.45296E-1 6.24963E-1 6.76526E-1 4.56734E-1 3.25544E-1 4.46655E-1 5.18758E-1 4.20314E-1 6.64324E-1 6.9539E-1 7.156E-1 6.7407E-1 6.29405E-1 6.43059E-1 6.0545E-1 6.48943E-1 5.54844E-1
-9999 -9999 -9999 -9999 -9999 -9999 -9999 -9999 -9999 -9999 -9999 -9999 -9999 2.6944E-3 3.05489E-3 3.33495E-3 1.0545E-3 8.8009E-4 4.47962E-4 1.00024E-1 9.77048E-4 1.15165E-3 2.38767E-2 3.27246E-1 5.99619E-1 2.99664E-1 2.90314E-1 5.68434E-2 8.76293E-2 1.62073E-1 5.89804E-2 2.98462E-2 7.27037E-2 3.0721E-2 1.55715E-2 1.91792E-2 4.39554E-2 1.38121E-2 6.27513E-2 9.47644E-3 2.50195E-1 3.09501E-1 6.96727E-1 5.69475E-1 6.69439E-1 6.94125E-1 4.66139E-1 4.66186E-1 4.11019E-1 6.40439E-1 5.85067E-1 4.85088E-1 6.59902E-1 5.97224E-1 6.02169E-1 6.16916E-1 6.14046E-1 6.3518E-1 6.67058E-1 6.60791E-1 6.06682E-1
-9999 -9999 -9999 -9999 -9999 -9999 -9999 -9999 -9999 -9999 -9999 -9999 -9999 4.04901E-3 6.30373E-3 5.31065E-3 1.30677E-3 3.88141E-4 2.2254E-2 5.42283E-2 2.81359E-3 1.58591E-3 1.13777E-1 5.54186E-1 4.11764E-1 2.61821E-1 4.81901E-1 3.38508E-1 1.15486E-1 9.14105E-2 1.06587E-1 6.52774E-2 8.74798E-2 2.3948E-2 3.82928E-3 6.83636E-2 8.2366E-2 1.06252E-1 2.06207E-1 1.89552E-2 5.08503E-2 2.78584E-1 6.40853E-1 6.98922E-1 4.31761E-1 4.39379E-1 5.54467E-1 5.3343E-1 6.15081E-1 4.84678E-1 3.89027E-1 4.212E-1 5.61293E-1 5.88788E-1 5.73964E-1 4.04023E-1 4.15078E-1 4.86072E-1 6.04796E-1 5.86679E-1 5.08792E-1
-9999 -9999 -9999 -9999 -9999 -9999 -9999 -9999 -9999 -9999 -9999 -9999 -9999 3.94291E-3 2.30661E-3 1.11664E-2 9.11424E-3 1.10005E-2 3.56099E-2 4.27446E-3 1.47786E-2 7.21645E-2 1.41112E-1 2.13319E-1 2.34491E-1 2.25104E-1 3.75136E-1 3.87204E-1 4.60853E-1 2.89318E-1 1.54543E-1 1.19573E-1 2.49604E-2 6.78641E-3 4.90372E-3 4.03346E-2 1.96541E-1 3.27658E-1 5.82113E-1 2.07938E-2 5.51698E-2 4.57323E-1 5.30418E-1 6.62618E-1 5.10848E-1 5.6305E-1 5.98729E-1 5.69821E-1 5.54922E-1 5.28792E-1 4.23784E-1 4.65519E-1 5.77934E-1 5.75306E-1 5.66819E-1 4.85044E-1 4.0637E-1 6.00297E-1 5.41473E-1 5.84616E-1 5.62007E-1
-9999 -9999 -9999 -9999 -9999 -9999 -9999 -9999 -9999 -9999 -9999 -9999 3.9372E-3 3.89847E-3 7.13232E-3 1.69794E-2 2.20824E-2 1.84929E-2 8.80482E-3 5.05799E-4 1.20933E-2 3.20085E-1 3.00725E-1 3.12874E-1 9.36654E-2 2.10593E-1 3.00002E-1 3.66145E-1 3.90946E-1 1.97336E-1 2.95803E-1 8.27944E-2 1.60853E-2 7.32545E-3 1.47651E-2 1.39745E-2 1.28343E-1 3.68143E-1 1.02296E-1 2.24947E-2 1.14875E-2 3.50759E-1 5.65234E-1 6.35698E-1 5.8816E-1 6.03691E-1 5.47185E-1 5.17109E-1 4.71416E-1 6.65243E-1 4.89831E-1 4.6937E-1 5.00396E-1 5.0407E-1 5.28129E-1 5.12307E-1 4.46476E-1 6.74885E-1 5.39218E-1 5.09524E-1 6.15589E-1
-9999 -9999 -9999 -9999 -9999 -9999 -9999 -9999 -9999 -9999 -9999 -9999 1.2159E-2 8.50928E-3 5.95659E-3 1.03826E-2 1.42308E-2 1.34919E-2 2.98867E-3 2.5926E-3 8.50857E-2 2.07595E-1 6.46129E-2 2.23911E-1 1.92064E-1 1.8589E-1 1.42796E-1 2.55393E-1 3.24651E-1 3.47342E-1 3.25477E-1 1.52292E-1 2.5802E-2 2.93792E-2 4.89956E-3 2.20443E-2 2.80156E-1 5.69199E-1 1.70401E-1 1.02208E-2 1.42394E-2 3.33061E-1 4.10115E-1 5.13289E-1 5.11075E-1 5.47966E-1 4.21849E-1 4.96163E-1 5.33423E-1 5.80694E-1 4.67046E-1 4.27179E-1 3.87247E-1 4.80449E-1 4.70962E-1 4.62525E-1 4.73828E-1 5.19798E-1 5.37869E-1 4.64821E-1 5.09093E-1
-9999 -9999 -9999 -9999 -9999 -9999 -9999 -9999 -9999 -9999 -9999 -9999 7.3102E-3 5.31548E-3 4.96646E-3 1.09441E-2 9.49628E-3 6.37166E-3 1.74614E-3 3.09576E-2 1.29667E-1 1.23583E-1 9.72741E-2 3.25038E-2 6.52884E-2 1.36565E-1 2.86281E-1 1.98434E-1 2.77733E-1 2.86938E-1 3.88597E-1 4.78901E-2 1.83178E-2 6.41453E-3 4.98307E-3 1.37945E-2 1.66025E-1 5.41656E-1 1.86816E-1 2.45851E-2 1.97009E-2 4.48472E-1 4.08782E-1 5.48542E-1 4.65776E-1 4.7848E-1 4.47527E-1 4.29403E-1 5.29273E-1 7.34439E-1 6.87552E-1 6.88221E-1 4.66618E-1 3.70216E-1 4.63884E-1 5.90882E-1 6.33398E-1 6.98764E-1 5.14301E-1 5.0707E-1 6.1057E-1
-9999 -9999 -9999 -9999 -9999 -9999 -9999 -9999 -9999 -9999 -9999 -9999 2.58311E-2 4.55675E-3 2.30389E-2 1.84866E-2 5.62163E-2 1.19361E-3 1.19631E-2 2.14413E-2 5.69991E-2 6.99579E-2 9.81993E-2 1.12733E-1 6.14971E-2 8.55809E-2 1.53086E-1 1.94052E-1 3.2696E-1 4.19175E-1 3.81924E-1 1.13437E-1 2.73333E-2 1.05678E-2 4.23432E-3 4.21007E-3 6.81839E-2 3.07027E-1 4.02757E-2 9.89289E-2 3.54529E-2 3.45313E-1 4.22163E-1 4.9914E-1 5.26443E-1 5.43265E-1 5.2867E-1 3.86308E-1 4.58219E-1 6.53287E-1 6.7043E-1 6.5621E-1 6.58765E-1 4.65276E-1 7.30543E-1 6.43141E-1 7.68298E-1 5.8162E-1 4.15301E-1 4.98573E-1 4.7382E-1
-9999 -9999 -9999 -9999 -9999 -9999 -9999 -9999 -9999 -9999 -9999 7.71484E-3 6.25835E-3 2.72237E-2 1.09136E-2 9.17972E-4 2.9539E-2 6.82918E-3 3.34516E-2 2.62074E-1 1.37257E-1 7.09003E-2 1.27657E-1 1.14749E-1 1.94078E-2 8.68888E-2 1.72167E-1 3.74851E-1 3.47743E-1 4.59233E-1 4.80853E-1 4.28288E-1 2.75995E-2 3.71956E-2 7.06288E-3 9.7578E-3 4.42711E-2 5.58851E-1 3.35747E-1 2.24609E-1 4.5369E-1 2.07272E-1 6.427E-1 5.86329E-1 5.44392E-1 6.36246E-1 4.80476E-1 2.80701E-1 4.39096E-1 5.25259E-1 4.71556E-1 3.77613E-1 5.9899E-1 7.19877E-1 5.0941E-1 4.59127E-1 4.1E-1 4.46586E-1 4.81893E-1 5.40849E-1 4.44733E-1
-9999 -9999 -9999 -9999 -9999 -9999 -9999 -9999 -9999 -9999 -9999 4.78094E-3 1.33814E-2 6.0679E-2 3.69073E-2 2.19125E-2 2.44006E-2 7.95014E-3 1.08498E-1 2.10204E-1 1.86678E-1 4.11837E-2 4.08955E-2 5.35666E-2 1.25269E-1 1.87776E-1 2.05958E-1 2.50144E-2 2.12998E-2 5.94419E-1 5.29794E-1 6.32459E-1 2.6069E-1 1.81165E-2 1.53681E-2 7.89599E-3 2.02326E-2 6.50703E-1 7.12364E-2 5.80985E-1 4.86398E-1 3.25651E-1 7.49383E-1 5.60076E-1 5.83674E-1 1.88579E-1 1.21401E-1 4.71396E-1 4.39497E-1 6.45137E-1 5.04192E-1 3.53515E-1 5.35344E-1 6.10667E-1 3.55256E-1 3.91036E-1 3.50897E-1 3.70278E-1 4.54195E-1 4.87694E-1 5.02285E-1
-9999 -9999 -9999 -9999 -9999 -9999 -9999 -9999 -9999 -9999 1.50194E-3 1.63511E-3 1.44187E-2 3.93184E-2 1.2301E-1 9.58264E-3 3.79759E-3 1.50449E-2 8.34731E-2 5.96567E-2 7.36028E-2 1.10732E-1 1.35175E-1 9.24501E-2 1.52504E-1 3.26067E-1 1.35211E-1 2.84134E-2 8.5987E-2 2.03204E-1 2.21519E-1 7.00653E-1 4.00835E-1 1.185E-2 2.75437E-2 1.66114E-2 8.64416E-2 6.50463E-1 1.55348E-1 3.84131E-1 7.32317E-1 4.39718E-1 6.44004E-1 7.24035E-1 5.01768E-1 6.34112E-1 3.01094E-1 4.9062E-1 5.36752E-1 3.34282E-1 4.91554E-1 3.01254E-1 2.98281E-1 3.3118E-1 3.48947E-1 3.49834E-1 3.65646E-1 4.37614E-1 3.78298E-1 3.70353E-1 4.19753E-1
-9999 -9999 -9999 -9999 -9999 -9999 -9999 -9999 -9999 -9999 1.01156E-3 7.49039E-4 3.00961E-2 6.188E-2 2.86974E-2 5.18915E-3 3.70107E-3 2.97682E-2 2.7786E-2 3.67448E-2 3.4382E-2 8.86746E-2 1.04442E-1 1.45859E-1 1.55931E-1 1.56744E-1 2.17178E-1 2.18684E-1 3.34895E-1 3.79905E-1 1.26443E-1 1.8682E-1 3.87209E-2 2.50302E-2 1.96148E-2 1.36373E-2 1.34689E-1 4.09685E-1 1.84144E-1 5.29856E-1 7.83465E-1 1.54262E-1 3.75851E-1 6.56809E-1 5.93709E-1 4.24064E-1 4.58011E-1 3.25474E-1 2.91565E-1 3.72934E-1 2.71306E-1 3.68934E-1 3.16317E-1 3.2711E-1 4.04025E-1 4.90189E-1 4.01684E-1 4.05663E-1 4.2775E-1 4.45515E-1 4.56609E-1
-9999 -9999 -9999 -9999 -9999 -9999 -9999 -9999 -9999 -9999 6.85709E-4 6.3996E-4 4.18555E-2 2.63532E-2 6.15907E-3 5.3894E-3 6.49712E-3 2.42472E-2 5.61441E-2 4.08245E-2 2.35158E-2 3.70414E-2 4.32211E-2 5.6849E-2 1.32302E-1 9.41876E-2 3.45895E-1 6.19118E-2 2.54506E-1 2.96346E-1 5.32326E-2 3.67015E-2 2.13378E-2 3.81902E-2 4.05881E-2 4.18587E-2 1.6184E-1 2.16725E-1 3.47031E-1 3.34997E-1 6.59664E-1 5.13284E-1 6.64257E-1 6.2608E-1 6.52271E-1 6.22062E-1 2.36612E-1 3.11237E-1 3.26187E-1 3.5206E-1 4.72882E-1 5.39096E-1 5.18066E-1 3.61693E-1 4.06077E-1 3.13216E-1 3.03907E-1 3.42232E-1 5.43401E-1 4.31311E-1 3.52918E-1
-9999 -9999 -9999 -9999 -9999 -9999 -9999 -9999 -9999 6.1209E-4 4.8957E-4 7.69214E-4 2.09065E-2 6.92091E-3 1.68048E-3 2.048E-3 1.80406E-2 5.14598E-2 7.50905E-2 2.81899E-2 3.79611E-2 4.65235E-2 5.51244E-2 6.85318E-2 5.07853E-2 3.46718E-2 4.77178E-1 1.18042E-1 6.75147E-2 4.30642E-2 4.16019E-2 1.00918E-1 1.22385E-1 1.13938E-1 1.20863E-1 1.21951E-1 1.54929E-1 1.9905E-1 5.54357E-1 2.3897E-1 7.30918E-1 6.23355E-1 7.30496E-1 4.81236E-1 6.45211E-1 4.99445E-1 5.2258E-1 4.68051E-1 4.17278E-1 2.98617E-1 3.10331E-1 3.88622E-1 3.65743E-1 5.16811E-1 6.07104E-1 5.72304E-1 4.76755E-1 4.5069E-1 3.73047E-1 4.45553E-1 4.37871E-1
-9999 -9999 -9999 -9999 -9999 -9999 -9999 -9999 -9999 9.1723E-4 4.70112E-4 8.92399E-4 4.54589E-3 1.61186E-3 1.22585E-3 1.60342E-3 1.99454E-2 2.62253E-2 5.18235E-2 4.96939E-2 1.01235E-1 5.6428E-2 5.17337E-2 6.86822E-2 6.23588E-2 1.05949E-1 3.5122E-1 3.07806E-1 2.54795E-1 1.69649E-1 1.78064E-1 2.21597E-1 6.49206E-2 9.35257E-2 3.26747E-1 3.65585E-1 2.92006E-1 5.5949E-1 4.91688E-1 6.34426E-1 7.55619E-1 7.80735E-1 4.6617E-1 5.09525E-1 6.74817E-1 6.95574E-1 6.12914E-1 4.17573E-1 5.64059E-1 5.65559E-1 5.68141E-1 5.77816E-1 4.1153E-1 5.42819E-1 5.35855E-1 6.38899E-1 5.35161E-1 4.46051E-1 4.7701E-1 3.34643E-1 2.94668E-1
-9999 -9999 -9999 -9999 -9999 -9999 -9999 -9999 6.32869E-4 6.11322E-4 1.36628E-3 1.37856E-2 1.34158E-3 1.56458E-3 2.31335E-3 1.80197E-2 2.5467E-2 4.55488E-2 4.75992E-2 6.17387E-2 8.87015E-2 1.12671E-1 7.70284E-2 1.05119E-1 7.35852E-2 2.98259E-1 2.28444E-1 3.28081E-1 2.28278E-1 3.56034E-1 2.96882E-1 2.03765E-1 5.48917E-2 1.47935E-1 2.68575E-1 2.17193E-1 3.33344E-1 6.77264E-1 6.07541E-1 8.40046E-1 7.91684E-1 7.21516E-1 5.37854E-1 3.60833E-1 1.68501E-1 4.1978E-1 6.38958E-2 3.06317E-1 4.04912E-1 6.07028E-1 4.75502E-1 4.59965E-1 3.19493E-1 3.93012E-1 3.48298E-1 6.7113E-1 6.30834E-1 6.35304E-1 4.59783E-1 3.19022E-1 3.46096E-1
-9999 -9999 -9999 -9999 -9999 -9999 -9999 1.62658E-3 1.31992E-3 6.4749E-4 4.92853E-3 1.37011E-2 1.02278E-3 1.4849E-3 4.01694E-3 4.8635E-2 5.23921E-2 6.40709E-2 6.76415E-2 8.16792E-2 9.83076E-2 1.01021E-1 1.01529E-1 1.27089E-1 1.05148E-1 1.7366E-1 1.53402E-1 3.98602E-1 4.39267E-1 4.52197E-1 2.65434E-1 1.66648E-1 9.44139E-2 1.0734E-1 1.7652E-1 3.75743E-1 7.64534E-1 7.32066E-1 7.81326E-1 8.35811E-1 7.64789E-1 6.72485E-1 3.9464E-1 2.52003E-1 1.71827E-1 4.81524E-1 3.91438E-1 7.97972E-2 3.52711E-1 6.98489E-1 5.80784E-1 5.74558E-1 7.21767E-1 4.32443E-1 6.20452E-1 6.35209E-1 6.95642E-1 6.62454E-1 6.24379E-1 3.87435E-1 3.42304E-1
-9999 -9999 -9999 -9999 -9999 -9999 -9999 4.07505E-4 2.47113E-4 1.98018E-4 1.44509E-3 1.69265E-3 8.28775E-4 2.87555E-3 2.86367E-2 5.34555E-2 5.50763E-2 1.46601E-1 7.28017E-2 6.66446E-2 8.71149E-2 1.4641E-1 2.15549E-1 1.80269E-1 1.66871E-1 1.15287E-1 1.85884E-1 3.69657E-1 1.81064E-1 4.49154E-1 1.99579E-1 9.12211E-2 1.27391E-1 3.19971E-1 3.10942E-1 6.69313E-1 7.01552E-1 7.80926E-1 8.2747E-1 8.55108E-1 8.31602E-1 6.54476E-1 5.56942E-1 3.97588E-1 3.32556E-1 2.10969E-1 3.92994E-1 3.41724E-1 5.76181E-1 3.35232E-1 3.97244E-1 4.53941E-1 5.19217E-1 6.09908E-1 4.68574E-1 6.88679E-1 5.4164E-1 6.484E-1 6.28926E-1 3.94825E-1 3.58398E-1
-9999 -9999 -9999 -9999 -9999 -9999 -9999 8.60327E-4 5.61155E-4 3.08253E-4 1.89112E-3 2.8582E-3 3.31085E-3 3.0164E-3 4.98751E-2 4.93423E-2 7.33767E-2 1.52993E-1 7.72806E-2 6.38663E-2 8.61215E-2 9.59119E-2 3.04003E-1 1.90145E-1 1.14155E-1 8.94237E-2 8.85979E-2 3.44382E-1 1.11511E-1 2.46191E-1 3.38423E-1 1.29067E-1 4.46179E-1 4.33812E-1 4.49751E-1 6.63262E-1 8.04632E-1 7.69952E-1 8.14877E-1 7.46708E-1 6.31982E-1 5.3685E-1 4.33993E-1 1.69256E-1 1.1025E-1 1.46152E-1 2.84901E-1 1.29566E-1 4.88341E-1 6.65844E-1 5.88375E-1 5.48735E-1 6.59233E-1 3.87243E-1 5.86187E-1 5.81039E-1 4.09079E-1 6.18585E-1 5.03205E-1 3.42941E-1 4.52336E-1
