Final_Models_Sept202022/M_0.1_F_lqp_Set_1/Bison_0.asc
ncols         97
nrows         127
xllcorner     -2197417.7431653
yllcorner     -584827.01486885
cellsize      30000.0
NODATA_value  -9999
[rows 27 to 53 of 127, columns 0 to 60 of 97]
-9999 -9999 3.04652E-3 4.14428E-4 1.32667E-2 6.05285E-2 7.56584E-2 9.89241E-2 1.3277E-1 1.25391E-1 9.1417E-2 1.17599E-1 4.99105E-2 6.73644E-2 4.92327E-2 7.13566E-2 4.54829E-2 3.63057E-2 1.49502E-2 1.42465E-2 1.21369E-2 9.21172E-3 5.51091E-3 5.11594E-3 6.86709E-3 1.48441E-2 1.84847E-2 1.81009E-2 1.4953E-2 1.5752E-2 1.508E-2 2.29918E-2 1.4017E-2 2.09523E-2 3.38608E-2 3.62432E-2 3.72289E-2 4.45725E-2 1.91118E-2 7.04308E-2 1.66711E-1 1.09531E-1 1.17674E-1 2.30328E-1 9.35818E-2 8.8773E-2 6.29027E-2 4.10703E-2 2.53492E-2 1.91829E-2 1.69897E-2 2.22142E-2 1.22845E-2 1.08488E-2 5.24922E-3 3.47822E-3 3.44782E-3 3.07978E-3 4.15566E-3 5.52219E-3 9.62559E-3
-9999 1.11084E-5 4.43131E-3 8.94523E-4 4.81263E-4 1.40743E-2 9.44314E-2 8.86744E-2 1.01339E-1 1.42852E-1 1.0979E-1 9.91468E-2 1.13655E-1 9.63046E-2 6.67264E-2 6.974E-2 8.90994E-2 5.02679E-2 3.26033E-2 2.24149E-2 1.69367E-2 1.22918E-2 5.58281E-3 6.55358E-3 1.05775E-2 1.64313E-2 1.53495E-2 1.89915E-2 1.91963E-2 2.30474E-2 1.65103E-2 1.51012E-2 1.11562E-2 1.82774E-2 2.00306E-2 2.48729E-2 2.77631E-2 8.6122E-2 9.23636E-2 7.68946E-2 9.96376E-2 6.16663E-2 1.03062E-1 9.49176E-2 9.97881E-2 5.061E-2 5.35775E-2 2.75619E-2 2.16066E-2 1.43534E-2 1.66686E-2 2.87582E-2 9.90476E-3 7.56032E-3 5.42399E-3 4.10097E-3 3.46977E-3 3.23279E-3 3.53837E-3 4.3461E-3 4.14584E-3
-9999 5.52068E-8 1.2198E-6 3.73107E-4 5.4265E-4 1.25537E-2 4.06933E-2 1.13047E-1 1.23736E-1 1.64337E-1 8.48457E-2 1.15432E-1 1.18874E-1 1.01999E-1 8.90099E-2 4.13227E-2 6.0553E-2 7.15098E-2 5.37876E-2 2.56715E-2 1.85855E-2 8.47023E-3 1.27473E-2 1.00012E-2 2.69327E-2 1.96617E-2 1.87394E-2 1.58616E-2 1.80152E-2 1.65086E-2 1.79521E-2 1.79213E-2 2.37039E-2 1.85653E-2 2.0327E-2 2.18794E-2 1.72007E-2 3.74789E-2 3.50746E-2 7.10481E-2 8.02941E-2 8.64173E-2 8.09017E-2 7.85177E-2 4.46998E-2 5.34176E-2 3.5297E-2 2.43083E-2 1.47772E-2 1.4372E-2 1.43395E-2 1.36809E-2 9.139E-3 6.51622E-3 4.89885E-3 4.07289E-3 3.46805E-3 2.93657E-3 2.80358E-3 4.07593E-3 3.86672E-3
2.2422E-4 7.67637E-8 4.64262E-11 2.25024E-7 2.57903E-6 2.31917E-3 3.04558E-2 1.60997E-1 1.02846E-1 1.30171E-1 9.88643E-2 1.1863E-1 1.48027E-1 1.54055E-1 9.07287E-2 5.13653E-2 1.12907E-1 7.19214E-2 5.63067E-2 3.75468E-2 1.79564E-2 1.1463E-2 2.13628E-2 1.95864E-2 2.15728E-2 2.19127E-2 1.67122E-2 1.75992E-2 1.78308E-2 1.83748E-2 1.53879E-2 1.47269E-2 2.31417E-2 1.42076E-2 2.24628E-2 2.68445E-2 1.73323E-2 2.85684E-2 5.53897E-2 7.46633E-2 8.29357E-2 7.00983E-2 4.96801E-2 7.70262E-2 5.17022E-2 4.33904E-2 3.64136E-2 2.39713E-2 1.40151E-2 8.75854E-3 7.54412E-3 9.23966E-3 9.06651E-3 7.53576E-3 5.88693E-3 4.46723E-3 3.17246E-3 2.99828E-3 2.94334E-3 3.87151E-3 3.69413E-3
3.03345E-3 1.82591E-4 3.326E-8 5.29273E-12 3.77793E-7 5.2354E-3 4.17916E-2 1.9691E-1 1.1984E-1 1.36038E-1 1.4309E-1 1.51761E-1 1.42977E-1 2.04391E-1 1.18029E-1 8.55433E-2 5.56858E-2 1.10621E-1 5.15198E-2 2.16752E-2 1.31983E-2 1.42695E-2 1.87851E-2 1.70445E-2 2.1975E-2 1.81079E-2 1.96814E-2 1.95671E-2 1.73898E-2 2.03157E-2 2.03826E-2 1.80103E-2 1.99195E-2 9.90643E-3 3.30431E-2 2.73982E-2 4.19874E-2 4.39635E-2 4.92142E-2 4.5955E-2 6.31027E-2 6.21458E-2 5.97522E-2 4.84069E-2 4.35165E-2 3.43666E-2 3.15672E-2 2.70557E-2 1.84204E-2 9.14184E-3 8.07351E-3 9.16163E-3 7.55594E-3 7.49134E-3 6.38464E-3 4.72318E-3 3.55462E-3 3.50589E-3 3.26008E-3 3.69561E-3 3.85167E-3
1.03016E-3 4.45311E-4 2.32323E-4 1.15432E-7 5.46712E-8 3.20813E-3 7.21438E-2 1.38102E-1 1.5768E-1 1.49429E-1 1.5283E-1 1.45613E-1 1.39533E-1 1.34339E-1 8.96511E-2 4.78725E-2 4.04715E-2 4.60096E-2 6.50091E-2 4.06203E-2 2.3505E-2 1.94192E-2 2.05206E-2 2.25601E-2 3.74042E-2 1.96621E-2 2.25107E-2 3.13096E-2 2.0904E-2 2.15417E-2 1.62757E-2 1.59746E-2 1.13428E-2 1.11406E-2 2.83582E-2 3.64863E-2 3.30002E-2 3.18067E-2 3.47446E-2 3.07495E-2 3.66312E-2 5.15851E-2 5.91404E-2 5.06137E-2 4.58108E-2 2.986E-2 2.61467E-2 2.67931E-2 2.19442E-2 1.08976E-2 9.52279E-3 8.98234E-3 7.16439E-3 7.7867E-3 6.62575E-3 4.60885E-3 4.04647E-3 3.75737E-3 4.26453E-3 3.79865E-3 4.17821E-3
-9999 5.12377E-4 2.00492E-3 5.21771E-3 7.80837E-7 7.35214E-3 3.90171E-2 1.09219E-1 1.25828E-1 9.84293E-2 1.64165E-1 1.78071E-1 1.40655E-1 1.181E-1 4.20971E-2 3.81286E-2 1.71698E-2 1.34011E-2 6.18881E-2 5.44973E-2 3.62217E-2 4.20317E-2 2.8827E-2 2.16365E-2 2.44625E-2 3.75617E-2 3.24866E-2 3.22361E-2 4.0381E-2 2.62577E-2 2.54158E-2 1.88343E-2 1.58587E-2 2.08353E-2 3.02858E-2 2.85424E-2 3.63085E-2 4.52715E-2 3.71039E-2 4.17875E-2 4.75829E-2 4.47253E-2 5.39658E-2 5.07798E-2 4.03093E-2 3.35116E-2 2.93912E-2 4.36272E-2 3.47189E-2 2.1011E-2 1.50479E-2 1.28514E-2 1.01303E-2 9.31129E-3 6.8016E-3 5.53267E-3 6.21735E-3 4.28691E-3 4.28642E-3 3.81714E-3 4.6129E-3
-9999 -9999 1.06994E-3 3.10924E-3 9.24542E-5 2.84175E-2 1.32843E-2 5.02993E-2 8.21579E-2 1.30466E-1 9.76409E-2 2.50582E-1 9.77765E-2 8.8099E-2 4.20462E-2 3.57906E-2 2.49417E-2 1.42945E-2 2.13555E-2 5.31043E-2 5.49499E-2 2.77904E-2 2.82937E-2 2.25823E-2 5.18734E-2 2.03413E-2 3.82106E-2 4.76584E-2 3.4862E-2 2.74936E-2 2.01639E-2 1.84626E-2 2.37773E-2 2.8999E-2 3.26193E-2 2.76353E-2 2.65606E-2 3.54188E-2 1.88047E-2 2.35234E-2 6.49346E-2 5.95127E-2 7.10247E-2 4.85268E-2 6.42196E-2 4.5201E-2 4.25478E-2 3.95181E-2 4.75481E-2 4.54189E-2 2.40775E-2 1.62627E-2 1.10494E-2 9.15402E-3 7.24126E-3 5.56393E-3 7.18608E-3 4.73583E-3 4.88668E-3 5.00072E-3 4.76021E-3
-9999 -9999 6.91233E-4 8.12219E-3 2.21641E-3 1.26132E-2 6.9864E-3 2.02989E-2 2.70802E-2 1.21878E-1 1.2113E-1 1.68256E-1 1.03109E-1 8.11401E-2 3.72125E-2 7.71494E-2 5.0889E-2 4.8212E-2 2.18123E-2 3.44002E-2 4.5693E-2 5.62092E-2 3.52788E-2 1.37227E-2 4.07988E-2 2.59319E-2 4.13028E-2 4.18509E-2 4.64978E-2 2.71794E-2 2.15228E-2 1.82779E-2 2.03126E-2 2.82728E-2 2.80399E-2 3.37302E-2 9.73493E-3 2.42497E-2 1.81168E-2 1.98972E-2 3.51829E-2 7.23002E-2 4.25419E-2 6.36462E-2 6.32549E-2 5.60709E-2 4.4259E-2 4.57122E-2 4.16249E-2 6.1431E-2 3.23731E-2 3.15148E-2 1.5599E-2 1.01747E-2 8.05467E-3 6.4978E-3 5.81239E-3 5.71699E-3 5.98343E-3 5.76293E-3 4.56231E-3
-9999 -9999 9.70042E-4 1.52057E-2 5.93906E-3 6.06656E-3 5.54673E-3 4.09226E-2 4.97846E-2 6.51844E-2 1.07047E-1 9.67743E-2 1.50546E-1 9.19187E-2 4.20792E-2 6.4634E-2 7.50759E-2 6.50069E-2 7.11983E-2 3.05433E-2 5.44197E-2 6.32656E-2 3.63431E-2 3.63164E-2 2.70992E-2 1.54171E-2 4.19003E-2 2.92502E-2 3.95125E-2 3.4173E-2 2.45765E-2 1.67476E-2 1.80819E-2 2.98463E-2 3.39487E-2 3.80332E-2 1.1842E-2 1.33436E-2 1.68838E-2 1.99751E-2 2.58124E-2 4.10325E-2 3.80434E-2 2.69767E-2 6.79624E-2 6.51935E-2 5.30356E-2 6.24865E-2 5.31687E-2 6.02773E-2 3.3232E-2 2.49285E-2 1.59232E-2 1.10931E-2 1.08865E-2 8.25716E-3 6.94201E-3 6.48072E-3 8.10425E-3 6.61256E-3 5.40018E-3
-9999 -9999 -9999 4.89847E-3 3.42578E-3 1.90508E-2 1.04571E-2 3.55946E-2 3.25296E-2 1.81534E-2 2.9198E-2 1.15051E-1 1.53466E-1 9.86629E-2 5.33521E-2 6.12748E-2 6.37227E-2 5.83912E-2 6.70235E-2 6.053E-2 4.38787E-2 2.69238E-2 2.81605E-2 5.01643E-2 6.00631E-2 3.15709E-2 4.85962E-2 4.70121E-2 3.59184E-2 2.34694E-2 1.99211E-2 2.10201E-2 2.22947E-2 2.59513E-2 3.10555E-2 3.31425E-2 2.35625E-2 1.30286E-2 1.73295E-2 2.39477E-2 2.28775E-2 3.16781E-2 4.98245E-2 5.47773E-2 7.60237E-2 5.98997E-2 5.85842E-2 6.84386E-2 4.30063E-2 3.53059E-2 2.91113E-2 2.66538E-2 2.301E-2 1.5632E-2 1.42571E-2 1.11314E-2 1.06229E-2 8.44651E-3 6.3614E-3 6.53032E-3 6.07309E-3
-9999 -9999 -9999 2.9193E-3 1.73836E-3 7.21193E-2 2.6677E-2 7.37079E-2 7.94476E-2 6.51752E-2 2.12951E-2 9.83046E-2 9.63882E-2 9.24096E-2 1.05455E-1 6.86942E-2 4.18002E-2 6.01251E-2 4.64044E-2 6.27922E-2 2.85769E-2 2.46308E-2 2.25236E-2 3.89056E-2 4.93831E-2 5.73266E-2 5.91926E-2 3.39408E-2 1.82312E-2 1.9404E-2 1.96736E-2 2.41713E-2 3.18908E-2 2.81687E-2 2.91861E-2 3.08554E-2 2.09445E-2 2.58851E-2 5.13615E-2 2.28164E-2 2.31095E-2 3.09763E-2 3.18585E-2 2.98652E-2 6.37129E-2 6.77835E-2 6.3756E-2 7.41915E-2 6.89382E-2 6.08038E-2 2.54763E-2 5.68199E-2 3.03095E-2 2.50445E-2 1.7395E-2 1.14611E-2 1.05195E-2 8.66788E-3 8.48172E-3 6.9093E-3 6.3024E-3
-9999 -9999 -9999 3.248E-3 9.18018E-2 3.93481E-2 4.27453E-2 4.34174E-2 5.69817E-2 6.64434E-2 2.87025E-2 5.83837E-2 9.3687E-2 8.21808E-2 7.15169E-2 7.33917E-2 2.88852E-2 5.8649E-2 5.44667E-2 6.47482E-2 3.44771E-2 2.256E-2 3.63151E-2 4.72193E-2 6.21776E-2 5.32737E-2 5.14789E-2 4.14375E-2 2.63593E-2 1.6644E-2 2.10898E-2 3.0549E-2 3.95457E-2 2.69042E-2 3.73875E-2 4.02016E-2 4.94932E-2 5.7693E-2 4.61212E-2 2.66741E-2 2.10112E-2 2.41588E-2 4.525E-2 6.13968E-2 7.85416E-2 7.92964E-2 5.72455E-2 8.95445E-2 6.99073E-2 5.95934E-2 4.7376E-2 3.64058E-2 5.87566E-2 4.09368E-2 2.81305E-2 2.70587E-2 2.99692E-2 1.86884E-2 1.40085E-2 9.44324E-3 7.29478E-3
-9999 -9999 -9999 -9999 8.69872E-3 3.56333E-2 1.158E-2 1.32805E-2 6.93756E-2 1.66515E-2 2.91286E-3 3.3704E-2 1.22531E-1 5.42931E-2 8.02044E-2 8.37079E-2 6.73713E-2 6.57411E-2 8.76057E-2 7.84973E-2 4.35942E-2 3.72254E-2 4.24305E-2 3.95396E-2 4.716E-2 4.59714E-2 4.5968E-2 3.38101E-2 2.93852E-2 2.69612E-2 2.9158E-2 3.83098E-2 3.00708E-2 3.5315E-2 3.19764E-2 4.1105E-2 5.11985E-2 4.45118E-2 2.89313E-2 3.34765E-2 3.84863E-2 3.84063E-2 4.30657E-2 9.2316E-2 9.32613E-2 7.63984E-2 6.05244E-2 8.75846E-2 9.20062E-2 7.65643E-2 3.71199E-2 6.91348E-2 9.57962E-2 5.75305E-2 4.19383E-2 5.94385E-2 2.72374E-2 3.54922E-2 3.3877E-2 1.06543E-2 7.22138E-3
-9999 -9999 -9999 -9999 1.22044E-2 1.02495E-2 8.27631E-3 3.60898E-2 1.49432E-2 5.11723E-4 3.29569E-4 1.86024E-2 1.10945E-1 6.53094E-2 9.44784E-2 4.828E-2 6.08374E-2 7.8661E-2 8.56268E-2 7.61383E-2 6.17285E-2 7.46321E-2 5.11252E-2 4.68153E-2 4.23774E-2 3.83939E-2 4.77291E-2 3.2009E-2 3.07217E-2 2.09224E-2 2.31845E-2 4.52526E-2 3.61601E-2 4.27762E-2 3.98134E-2 4.7269E-2 4.53129E-2 6.75406E-2 5.9549E-2 7.60203E-2 6.28262E-2 8.19126E-2 6.76205E-2 1.03307E-1 8.12947E-2 1.08015E-1 1.17148E-1 4.46968E-2 8.96734E-2 1.26613E-1 9.50872E-2 9.42822E-2 1.0993E-1 4.13297E-2 4.1564E-2 5.52432E-2 4.6194E-2 4.37595E-2 3.40594E-2 1.37934E-2 9.13863E-3
-9999 -9999 -9999 -9999 4.17055E-3 1.12803E-2 5.12007E-3 2.16725E-2 8.18022E-3 3.66857E-4 2.08099E-3 7.46676E-3 5.36719E-2 5.29613E-2 6.34203E-2 5.07367E-2 6.91622E-2 9.17279E-2 4.71179E-2 7.48603E-2 6.90207E-2 4.92076E-2 6.89866E-2 6.3787E-2 6.29475E-2 5.7256E-2 4.32592E-2 4.08591E-2 3.29424E-2 2.11758E-2 3.61336E-2 4.29815E-2 5.0633E-2 4.91047E-2 5.09384E-2 5.40084E-2 5.30696E-2 6.80168E-2 9.47738E-2 9.03004E-2 9.00272E-2 9.22765E-2 1.17392E-1 1.07111E-1 9.33683E-2 1.03723E-1 1.43545E-1 1.63579E-1 -9999 1.19027E-1 8.58029E-2 8.53171E-2 5.09113E-2 5.47868E-2 1.15424E-1 5.61142E-2 5.07584E-2 3.96012E-2 6.35098E-2 1.8829E-2 1.02667E-2
-9999 -9999 -9999 -9999 3.56075E-3 7.44197E-3 2.86342E-3 4.7698E-4 1.70384E-1 3.67337E-1 5.36444E-3 6.9602E-3 2.63755E-2 3.83347E-2 3.83313E-2 4.7031E-2 7.0158E-2 4.26066E-2 3.99459E-2 7.28415E-2 7.60445E-2 6.67291E-2 7.46869E-2 7.75541E-2 5.8968E-2 4.77189E-2 2.89446E-2 5.27616E-2 2.9356E-2 3.02704E-2 4.51106E-2 4.89144E-2 5.04916E-2 5.11835E-2 4.6836E-2 6.01317E-2 5.99201E-2 6.23845E-2 6.65713E-2 8.09973E-2 9.82917E-2 1.0061E-1 1.07899E-1 1.08576E-1 1.12649E-1 1.00752E-1 -9999 -9999 -9999 -9999 1.20756E-1 6.4272E-2 6.04449E-2 8.94406E-2 7.73401E-2 6.423E-2 2.81419E-2 2.07019E-2 1.18921E-2 1.64104E-2 1.52261E-2
-9999 -9999 -9999 -9999 1.56448E-3 6.97807E-3 3.25373E-3 1.03782E-3 2.02512E-4 5.3175E-1 5.51078E-3 1.9363E-2 2.47595E-2 3.25906E-2 3.01292E-2 4.5834E-2 5.94419E-2 3.94949E-2 4.84808E-2 5.96563E-2 5.92845E-2 6.94432E-2 8.03741E-2 7.49382E-2 3.8445E-2 2.72886E-2 3.18282E-2 3.32048E-2 4.07936E-2 4.74296E-2 4.82886E-2 5.00249E-2 5.21891E-2 7.10403E-2 4.00836E-2 5.66785E-2 7.15407E-2 6.18235E-2 6.69182E-2 7.50272E-2 1.04155E-1 9.58067E-2 7.84505E-2 5.35393E-2 1.23239E-1 -9999 -9999 -9999 -9999 2.74508E-1 1.0781E-1 9.42467E-2 7.25503E-2 7.66116E-2 7.63003E-2 5.77828E-2 5.01195E-2 3.2916E-2 3.25263E-2 4.36188E-2 1.91697E-2
-9999 -9999 -9999 -9999 3.05353E-3 1.24782E-2 3.73048E-3 6.0241E-4 8.1642E-3 7.71242E-2 6.39092E-3 1.16101E-2 1.61129E-2 2.91285E-2 3.5012E-2 4.72132E-2 6.151E-2 6.35563E-2 2.99129E-2 3.59787E-2 5.22908E-2 7.50136E-2 5.86478E-2 4.22618E-2 3.3406E-2 3.09421E-2 3.57336E-2 4.73605E-2 5.11847E-2 5.0283E-2 4.93769E-2 5.24914E-2 5.47483E-2 6.0218E-2 6.24878E-2 5.10109E-2 6.10706E-2 5.86299E-2 8.30963E-2 8.30791E-2 8.92911E-2 9.5216E-2 1.23288E-1 1.36857E-1 1.57877E-1 -9999 -9999 -9999 2.77027E-1 2.04974E-1 1.43623E-1 9.68411E-2 8.69517E-2 7.20685E-2 6.54273E-2 5.03711E-2 4.96308E-2 2.11081E-2 2.33207E-2 3.50299E-2 1.61878E-2
-9999 -9999 -9999 3.75501E-3 3.00919E-1 1.54717E-1 1.05755E-3 1.70137E-3 1.35038E-3 6.51323E-3 3.39581E-3 6.53214E-3 1.86785E-2 3.70091E-2 5.8636E-2 4.7224E-2 7.70035E-2 5.39521E-2 5.4524E-2 2.33648E-2 3.77635E-2 4.92511E-2 4.25511E-2 2.54167E-2 3.35057E-2 2.56095E-2 3.55265E-2 4.61813E-2 3.31124E-2 4.37553E-2 5.97851E-2 6.09003E-2 5.82923E-2 6.48731E-2 6.34275E-2 6.64201E-2 6.00404E-2 7.73411E-2 7.43672E-2 8.94574E-2 8.52448E-2 8.0805E-2 9.73521E-2 1.37924E-1 2.5681E-1 2.20973E-1 2.02934E-1 2.11042E-1 2.14804E-1 1.47022E-1 1.42626E-1 1.15383E-1 1.02581E-1 8.90583E-2 7.93423E-2 4.90844E-2 5.06013E-2 2.51008E-2 2.44146E-2 2.68298E-2 2.0179E-2
-9999 -9999 -9999 -9999 4.05471E-2 2.73669E-1 4.61906E-3 -9999 1.20879E-3 6.07223E-3 4.03506E-3 2.22717E-3 3.66156E-2 5.31897E-2 5.24661E-2 7.22488E-2 6.37403E-2 5.46771E-2 4.1309E-2 3.86507E-2 2.78182E-2 4.46655E-2 2.44766E-2 3.76734E-2 6.28829E-2 5.12193E-2 4.28062E-2 4.57432E-2 3.60186E-2 4.349E-2 4.90724E-2 6.65508E-2 6.63236E-2 6.63833E-2 6.03591E-2 5.54452E-2 6.55382E-2 5.81383E-2 6.30698E-2 9.70152E-2 1.1168E-1 9.62851E-2 7.98883E-2 1.10727E-1 1.40871E-1 1.66087E-1 1.6807E-1 1.64999E-1 1.79417E-1 1.34787E-1 1.35143E-1 9.06816E-2 1.05458E-1 9.66816E-2 8.57629E-2 4.49331E-2 4.7718E-2 3.07162E-2 3.66252E-2 3.05977E-2 1.79413E-2
-9999 -9999 -9999 -9999 3.3621E-2 5.18691E-3 2.70938E-3 2.90105E-3 2.49627E-3 3.15702E-2 7.78656E-3 1.49253E-3 2.43373E-2 2.31338E-2 3.91215E-2 9.01519E-2 5.21615E-2 6.6367E-2 4.48308E-2 3.36043E-2 2.66382E-2 3.17595E-2 3.79917E-2 5.18215E-2 4.16579E-2 6.17753E-2 3.39916E-2 4.20848E-2 4.64686E-2 5.21665E-2 5.9865E-2 7.43315E-2 7.76871E-2 7.83382E-2 7.02663E-2 8.01684E-2 7.15067E-2 5.11556E-2 6.74608E-2 7.81033E-2 8.27646E-2 9.56245E-2 6.72607E-2 9.83935E-2 9.36591E-2 1.37799E-1 1.43316E-1 1.29851E-1 1.36739E-1 1.28988E-1 1.18637E-1 9.56063E-2 1.00745E-1 1.01826E-1 1.0491E-1 7.05138E-2 5.20694E-2 5.18106E-2 2.72385E-2 3.44338E-2 3.30463E-2
-9999 -9999 -9999 -9999 1.45828E-1 2.87484E-3 3.74268E-3 1.87123E-3 4.95641E-3 3.16799E-2 3.20976E-3 1.51673E-3 9.99027E-3 4.13998E-2 4.59625E-2 5.24294E-2 5.25431E-2 7.22194E-2 6.83487E-2 3.70771E-2 2.77498E-2 3.20337E-2 2.22627E-2 3.16218E-2 7.06789E-2 5.09418E-2 2.48655E-2 4.06063E-2 5.61561E-2 6.19123E-2 6.85372E-2 7.98345E-2 1.00541E-1 7.90106E-2 9.41097E-2 9.28626E-2 9.0105E-2 8.07029E-2 9.77643E-2 1.03732E-1 9.91947E-2 9.87351E-2 9.26796E-2 9.09467E-2 1.05693E-1 1.1652E-1 1.02578E-1 1.19337E-1 1.17735E-1 1.26941E-1 1.0555E-1 9.20027E-2 9.11995E-2 9.06986E-2 9.05388E-2 5.67285E-2 5.67186E-2 5.63403E-2 4.10135E-2 3.45672E-2 2.43348E-2
-9999 -9999 -9999 -9999 -9999 4.25431E-3 4.33094E-3 4.16227E-3 2.97599E-3 7.8847E-3 2.33243E-3 7.14079E-3 1.05305E-2 1.38218E-2 1.98987E-2 4.80741E-2 6.89943E-2 6.71418E-2 6.98044E-2 5.07328E-2 4.31271E-2 4.58593E-2 3.14666E-2 4.43638E-2 3.95361E-2 6.52942E-2 4.22687E-2 4.02779E-2 4.91074E-2 7.43523E-2 8.42888E-2 1.03914E-1 9.83615E-2 9.66419E-2 9.47538E-2 1.06106E-1 8.85887E-2 7.98476E-2 9.84963E-2 9.28256E-2 1.04189E-1 1.03234E-1 1.01479E-1 1.15379E-1 1.17988E-1 1.03774E-1 9.8133E-2 1.10223E-1 1.17369E-1 1.39356E-1 1.11732E-1 9.90179E-2 9.3932E-2 8.36755E-2 8.78645E-2 5.71176E-2 6.82132E-2 6.27906E-2 5.96639E-2 2.11648E-2 2.71649E-2
-9999 -9999 -9999 -9999 -9999 4.45415E-3 1.50703E-3 4.7513E-3 9.06107E-3 2.64874E-2 5.00674E-3 4.91687E-4 2.0133E-3 6.69279E-3 2.37666E-2 3.67174E-2 5.69449E-2 5.70907E-2 6.43109E-2 5.90881E-2 5.79753E-2 3.20807E-2 5.67564E-2 4.36736E-2 5.0814E-2 8.84231E-2 5.52549E-2 5.08996E-2 5.97795E-2 6.82298E-2 8.20029E-2 9.96374E-2 1.08759E-1 9.47563E-2 8.78149E-2 1.06837E-1 1.14515E-1 1.08576E-1 1.11297E-1 1.1023E-1 9.69648E-2 1.05039E-1 1.08227E-1 1.22053E-1 9.97775E-2 1.16732E-1 1.20802E-1 1.05343E-1 9.44064E-2 1.15837E-1 1.131E-1 9.83996E-2 8.41699E-2 6.59248E-2 9.42701E-2 6.73305E-2 5.70911E-2 6.50865E-2 4.55682E-2 4.18401E-2 3.30379E-2
-9999 -9999 -9999 -9999 -9999 9.56674E-3 3.17275E-3 1.65531E-3 4.38181E-3 1.08375E-3 5.32524E-3 3.90709E-4 8.80696E-4 1.51535E-3 2.52516E-2 3.27794E-2 4.04262E-2 3.97514E-2 4.77316E-2 6.82366E-2 4.62931E-2 4.92847E-2 5.15537E-2 4.52264E-2 4.62972E-2 7.88131E-2 3.79066E-2 7.1928E-2 7.29267E-2 6.67356E-2 8.50817E-2 1.00424E-1 1.17885E-1 1.13683E-1 1.19905E-1 1.28654E-1 1.2617E-1 1.34572E-1 1.3964E-1 1.35725E-1 1.22395E-1 1.10653E-1 1.18315E-1 9.60947E-2 1.20383E-1 1.16916E-1 1.1222E-1 1.05115E-1 1.01479E-1 1.20238E-1 1.20939E-1 9.86836E-2 8.39168E-2 5.64532E-2 9.09322E-2 7.81365E-2 8.27685E-2 6.88333E-2 5.25432E-2 5.12324E-2 4.08893E-2
-9999 -9999 -9999 -9999 -9999 3.66763E-3 1.8081E-3 2.77516E-3 7.42072E-3 1.38198E-3 2.30873E-3 1.30352E-3 3.10441E-3 6.79805E-3 1.78903E-2 2.39268E-2 2.62459E-2 2.70232E-2 3.46023E-2 5.53877E-2 7.0623E-2 8.45259E-2 9.41719E-2 4.92261E-2 3.26622E-2 1.18133E-1 6.03957E-2 6.34335E-2 7.44978E-2 7.02232E-2 9.94938E-2 1.1151E-1 1.13382E-1 1.24126E-1 1.34545E-1 1.28479E-1 1.50265E-1 1.37232E-1 1.3807E-1 1.5558E-1 2.04214E-1 1.6219E-1 1.1103E-1 7.10506E-2 1.41748E-1 1.27209E-1 1.32084E-1 1.20708E-1 1.04937E-1 1.38767E-1 1.00834E-1 1.12311E-1 1.28443E-1 9.54872E-2 6.65747E-2 -9999 6.56759E-2 4.6616E-2 5.05994E-2 5.92687E-2 4.49732E-2
