Final_Models_Sept202022/M_0.1_F_lqp_Set_1/Bison_1.asc
ncols         97
nrows         127
xllcorner     -2197417.7431653
yllcorner     -584827.01486885
cellsize      30000.0
NODATA_value  -9999
[rows 0 to 26 of 127, columns 0 to 60 of 97]
-9999 -9999 -9999 -9999 -9999 -9999 -9999 -9999 -9999 -9999 -9999 -9999 -9999 -9999 -9999 -9999 -9999 -9999 -9999 -9999 -9999 -9999 -9999 -9999 -9999 -9999 -9999 -9999 -9999 -9999 -9999 -9999 -9999 -9999 -9999 -9999 -9999 -9999 -9999 -9999 -9999 -9999 -9999 -9999 -9999 -9999 -9999 -9999 -9999 -9999 -9999 -9999 -9999 -9999 -9999 -9999 -9999 -9999 -9999 -9999 -9999
-9999 -9999 -9999 -9999 -9999 -9999 -9999 -9999 -9999 -9999 -9999 -9999 -9999 -9999 -9999 -9999 -9999 -9999 -9999 -9999 -9999 -9999 -9999 -9999 -9999 -9999 -9999 -9999 -9999 -9999 -9999 -9999 -9999 -9999 -9999 -9999 -9999 -9999 -9999 -9999 -9999 -9999 -9999 -9999 -9999 -9999 -9999 -9999 -9999 -9999 -9999 -9999 -9999 -9999 -9999 -9999 -9999 -9999 -9999 -9999 -9999
-9999 -9999 -9999 -9999 -9999 -9999 -9999 -9999 -9999 -9999 -9999 -9999 -9999 -9999 -9999 -9999 -9999 -9999 -9999 -9999 -9999 -9999 -9999 -9999 -9999 -9999 -9999 -9999 -9999 -9999 -9999 -9999 -9999 -9999 -9999 -9999 -9999 -9999 -9999 -9999 -9999 -9999 -9999 -9999 -9999 -9999 -9999 -9999 -9999 -9999 -9999 -9999 -9999 -9999 -9999 -9999 -9999 -9999 -9999 -9999 -9999
-9999 -9999 -9999 -9999 -9999 -9999 -9999 -9999 -9999 -9999 -9999 -9999 -9999 -9999 -9999 -9999 -9999 -9999 -9999 2.41166E-2 1.89079E-2 1.02509E-2 2.06443E-2 -9999 -9999 -9999 -9999 -9999 -9999 -9999 -9999 -9999 -9999 -9999 -9999 -9999 -9999 -9999 -9999 -9999 -9999 -9999 -9999 -9999 -9999 -9999 -9999 -9999 -9999 -9999 -9999 -9999 -9999 -9999 -9999 -9999 -9999 -9999 -9999 -9999 -9999
-9999 -9999 -9999 -9999 -9999 -9999 -9999 -9999 -9999 -9999 -9999 -9999 -9999 -9999 -9999 -9999 -9999 -9999 2.6549E-2 2.26098E-2 2.17536E-2 2.50357E-2 1.94052E-2 1.92464E-2 1.51488E-2 -9999 -9999 -9999 -9999 -9999 -9999 -9999 -9999 -9999 -9999 -9999 -9999 -9999 -9999 -9999 -9999 -9999 -9999 -9999 -9999 -9999 -9999 -9999 -9999 -9999 -9999 -9999 -9999 -9999 -9999 -9999 -9999 -9999 -9999 -9999 -9999
-9999 -9999 -9999 -9999 -9999 -9999 -9999 -9999 -9999 -9999 -9999 -9999 -9999 -9999 -9999 -9999 -9999 -9999 2.18151E-2 1.76879E-2 1.7468E-2 2.05688E-2 1.75709E-2 1.36114E-2 1.24135E-2 -9999 -9999 -9999 -9999 -9999 -9999 -9999 -9999 -9999 -9999 -9999 -9999 -9999 -9999 -9999 -9999 -9999 -9999 -9999 -9999 -9999 -9999 -9999 -9999 -9999 -9999 -9999 -9999 -9999 -9999 -9999 -9999 -9999 -9999 -9999 -9999
-9999 -9999 -9999 -9999 -9999 -9999 -9999 -9999 -9999 -9999 -9999 -9999 -9999 -9999 -9999 -9999 -9999 1.78114E-2 1.96825E-2 6.7519E-3 7.66899E-3 1.02131E-2 1.37739E-2 1.19895E-2 1.03199E-2 1.01656E-2 -9999 1.31417E-2 1.23667E-2 1.39731E-2 -9999 -9999 -9999 -9999 -9999 -9999 -9999 -9999 1.10252E-2 -9999 -9999 -9999 -9999 -9999 -9999 -9999 -9999 -9999 -9999 -9999 -9999 -9999 -9999 -9999 -9999 -9999 -9999 -9999 -9999 -9999 -9999
-9999 -9999 -9999 -9999 -9999 -9999 -9999 -9999 -9999 -9999 -9999 -9999 -9999 -9999 -9999 -9999 2.47738E-2 2.2675E-2 6.03695E-3 4.44885E-3 4.58169E-3 4.9577E-3 8.17958E-3 1.04736E-2 1.08414E-2 1.03511E-2 1.23942E-2 1.20052E-2 1.12571E-2 1.16642E-2 1.23408E-2 1.31339E-2 1.14297E-2 1.10559E-2 1.14238E-2 1.22792E-2 1.30424E-2 -9999 9.913E-3 9.0682E-3 -9999 -9999 -9999 -9999 -9999 -9999 -9999 -9999 -9999 -9999 -9999 -9999 -9999 -9999 -9999 -9999 -9999 -9999 -9999 -9999 -9999
-9999 -9999 -9999 -9999 -9999 -9999 -9999 -9999 -9999 -9999 -9999 -9999 -9999 -9999 -9999 2.76982E-2 3.54006E-2 1.83205E-2 4.73724E-3 3.30717E-3 2.8023E-3 3.37839E-3 6.43473E-3 1.00568E-2 1.10539E-2 1.09447E-2 2.38679E-2 2.54777E-2 1.1736E-2 9.63421E-3 1.05292E-2 1.07191E-2 1.0619E-2 1.03947E-2 1.15115E-2 1.54457E-2 1.41075E-2 1.39468E-2 1.02296E-2 9.9278E-3 -9999 -9999 -9999 -9999 -9999 -9999 -9999 -9999 -9999 -9999 -9999 -9999 -9999 -9999 -9999 -9999 -9999 -9999 -9999 -9999 -9999
-9999 -9999 -9999 -9999 -9999 -9999 -9999 -9999 -9999 -9999 -9999 -9999 -9999 -9999 -9999 3.56308E-2 3.35488E-2 1.56557E-2 4.56945E-3 4.97518E-3 6.46229E-3 7.46136E-3 8.13332E-3 9.52491E-3 1.13761E-2 9.65829E-3 2.2164E-2 2.18384E-2 1.0264E-2 9.88003E-3 1.52638E-2 1.345E-2 1.38274E-2 1.7372E-2 1.44181E-2 1.81753E-2 2.01801E-2 1.71411E-2 1.27644E-2 -9999 -9999 -9999 8.99554E-3 -9999 -9999 -9999 -9999 -9999 -9999 -9999 -9999 -9999 -9999 -9999 -9999 -9999 -9999 -9999 -9999 -9999 -9999
-9999 -9999 -9999 -9999 -9999 -9999 -9999 -9999 -9999 -9999 -9999 -9999 -9999 -9999 2.26017E-2 3.17311E-2 2.70744E-2 1.61869E-2 1.31953E-2 8.02853E-3 8.36947E-3 9.38656E-3 1.06784E-2 1.08171E-2 1.00826E-2 1.69978E-2 2.50216E-2 1.89358E-2 1.85802E-2 1.09699E-2 2.05077E-2 1.47307E-2 1.28195E-2 2.17159E-2 2.77299E-2 2.31708E-2 2.39414E-2 1.66658E-2 1.15465E-2 -9999 -9999 9.34001E-3 -9999 -9999 -9999 -9999 -9999 -9999 -9999 -9999 -9999 -9999 -9999 -9999 -9999 -9999 -9999 -9999 -9999 -9999 -9999
-9999 -9999 -9999 -9999 -9999 -9999 -9999 -9999 -9999 -9999 -9999 -9999 -9999 1.97863E-2 3.2232E-2 3.20414E-2 2.96541E-2 1.56323E-2 1.253E-2 9.68743E-3 1.07043E-2 1.26201E-2 1.5481E-2 1.43839E-2 1.30539E-2 2.1111E-2 2.29357E-2 2.04995E-2 9.96877E-3 8.49709E-3 1.00894E-2 1.50638E-2 1.59952E-2 2.48714E-2 2.89391E-2 2.66724E-2 2.67572E-2 1.60434E-2 1.18515E-2 9.13172E-3 8.46355E-3 9.10075E-3 -9999 1.17999E-2 1.20654E-2 -9999 -9999 -9999 -9999 -9999 -9999 -9999 -9999 -9999 -9999 -9999 -9999 -9999 -9999 -9999 -9999
-9999 -9999 -9999 -9999 -9999 -9999 -9999 -9999 -9999 -9999 -9999 -9999 -9999 3.48976E-2 3.0035E-2 2.51166E-2 1.89881E-2 1.41743E-2 2.06401E-2 3.9456E-3 7.49446E-3 9.03921E-3 1.45862E-2 1.0533E-2 1.16881E-2 1.80071E-2 1.91281E-2 1.19352E-2 1.11701E-2 9.77275E-3 1.41505E-2 1.61002E-2 2.3471E-2 2.3729E-2 2.77974E-2 2.87882E-2 1.47964E-2 1.52608E-2 1.03818E-2 7.54931E-3 7.69435E-3 1.24539E-2 1.17139E-2 1.2664E-2 1.29507E-2 1.47094E-2 -9999 -9999 -9999 -9999 -9999 -9999 -9999 -9999 -9999 -9999 -9999 -9999 -9999 -9999 -9999
-9999 -9999 -9999 -9999 -9999 -9999 -9999 -9999 -9999 -9999 -9999 -9999 4.95248E-2 5.19593E-2 3.36073E-2 2.2716E-2 1.38549E-2 1.29379E-2 1.68916E-2 1.11967E-2 9.17972E-3 1.05936E-2 1.15527E-2 1.23634E-2 1.22329E-2 8.72909E-3 1.4594E-2 6.59829E-3 2.19443E-2 2.57181E-2 1.98984E-2 1.25631E-2 1.13106E-2 1.6371E-2 1.61923E-2 1.9888E-2 1.15074E-2 1.33029E-2 1.25886E-2 7.77041E-3 7.25795E-3 8.01155E-3 1.10533E-2 1.27075E-2 1.3605E-2 1.41136E-2 1.46762E-2 -9999 -9999 -9999 5.37014E-3 4.27748E-3 -9999 -9999 -9999 -9999 -9999 -9999 -9999 -9999 -9999
-9999 -9999 -9999 -9999 -9999 -9999 -9999 -9999 -9999 -9999 -9999 2.51535E-2 2.50175E-2 3.44635E-2 1.97986E-2 1.44718E-2 7.25394E-3 7.22969E-3 1.36525E-2 1.65597E-2 1.075E-2 1.8248E-2 1.74697E-2 1.54407E-2 6.4818E-3 5.78225E-3 1.81868E-2 1.91793E-2 1.40343E-2 1.24908E-2 1.2574E-2 1.27129E-2 8.78968E-3 8.9424E-3 2.04723E-2 2.60327E-2 2.34993E-2 1.88754E-2 1.56565E-2 8.79562E-3 8.05158E-3 8.44528E-3 9.86933E-3 1.12839E-2 1.1655E-2 1.24919E-2 1.20901E-2 1.05784E-2 -9999 -9999 -9999 5.08164E-3 4.33016E-3 -9999 -9999 -9999 -9999 -9999 -9999 -9999 -9999
-9999 -9999 -9999 -9999 -9999 -9999 -9999 -9999 -9999 -9999 -9999 2.35262E-2 1.37378E-2 1.28724E-2 8.61064E-3 4.17551E-3 3.89044E-3 7.44014E-3 7.33773E-3 1.16177E-2 1.4163E-2 1.65217E-2 1.76505E-2 1.64481E-2 4.65757E-3 6.57448E-3 1.59894E-2 2.78174E-2 3.28183E-2 2.63583E-2 1.2334E-2 1.05417E-2 8.1988E-3 8.6773E-3 2.01792E-2 2.29377E-2 1.83709E-2 1.63149E-2 1.26E-2 9.161E-3 8.92433E-3 9.41762E-3 9.96574E-3 1.18899E-2 9.59841E-3 1.05042E-2 9.35131E-3 8.85435E-3 9.35543E-3 -9999 -9999 5.79939E-3 5.34261E-3 4.9966E-3 5.26526E-3 -9999 -9999 -9999 -9999 -9999 -9999
-9999 -9999 -9999 -9999 -9999 -9999 -9999 -9999 -9999 -9999 2.57622E-2 2.31177E-2 2.45246E-2 9.28118E-3 4.45836E-3 3.55303E-3 4.21097E-3 4.35131E-3 6.9767E-3 1.01945E-2 2.65589E-2 1.71803E-2 1.03381E-2 1.75619E-2 6.78995E-3 8.57006E-3 7.67888E-3 1.00155E-2 2.70743E-2 1.16551E-2 1.40104E-2 9.00098E-3 1.86171E-2 1.42272E-2 2.66854E-2 3.12466E-2 2.9364E-2 2.56728E-2 2.61892E-2 1.32433E-2 9.53113E-3 9.78189E-3 1.03809E-2 1.06468E-2 9.31489E-3 8.498E-3 7.89846E-3 8.57302E-3 9.04853E-3 8.13756E-3 7.44961E-3 8.90839E-3 -9999 -9999 5.67295E-3 5.41302E-3 -9999 -9999 -9999 -9999 -9999
-9999 -9999 -9999 -9999 -9999 -9999 -9999 -9999 -9999 3.78185E-2 2.39173E-2 2.3262E-2 1.26273E-2 7.47619E-3 5.04985E-3 4.64728E-3 4.13368E-3 4.05833E-3 4.47609E-3 1.10597E-2 2.09643E-2 2.01339E-2 1.30822E-2 1.31733E-2 5.31121E-3 7.0485E-3 9.56916E-3 7.11654E-3 1.04527E-2 1.43118E-2 2.61482E-2 1.50234E-2 1.50581E-2 2.50762E-2 2.69576E-2 2.75204E-2 2.90772E-2 4.52414E-2 4.68638E-2 3.65012E-2 1.04229E-2 1.01008E-2 1.0187E-2 1.0523E-2 9.60029E-3 7.89134E-3 7.8282E-3 8.62406E-3 8.56854E-3 7.42502E-3 7.6118E-3 8.09477E-3 7.75163E-3 -9999 5.565E-3 5.46931E-3 4.94174E-3 4.22999E-3 -9999 -9999 -9999
-9999 -9999 -9999 -9999 -9999 -9999 -9999 -9999 2.39442E-2 2.77882E-2 2.91912E-2 1.64531E-2 8.58987E-3 1.33617E-2 1.72889E-2 1.24422E-2 7.76053E-3 7.72276E-3 7.67786E-3 1.01839E-2 1.4779E-2 1.75283E-2 2.17101E-2 1.71242E-2 8.63933E-3 7.85058E-3 6.54462E-3 5.95487E-3 7.26627E-3 6.35495E-3 1.85849E-2 2.03077E-2 2.35964E-2 3.29341E-2 3.28709E-2 2.61074E-2 3.13725E-2 4.74378E-2 5.17304E-2 7.07509E-2 2.37084E-2 1.19942E-2 1.03E-2 1.04183E-2 9.11297E-3 7.88823E-3 8.71757E-3 9.56117E-3 8.53719E-3 7.51264E-3 7.54325E-3 7.94004E-3 8.25644E-3 8.68654E-3 6.1344E-3 5.61656E-3 4.54644E-3 4.07552E-3 3.70587E-3 3.34494E-3 3.20764E-3
-9999 -9999 -9999 -9999 -9999 -9999 -9999 -9999 1.90258E-2 1.29055E-2 2.29668E-2 1.91062E-2 1.63885E-2 1.76725E-2 2.29247E-2 3.6868E-2 1.64457E-2 1.34824E-2 1.28506E-2 9.47944E-3 1.19733E-2 1.4036E-2 1.42125E-2 1.94993E-2 1.24641E-2 1.55981E-2 9.35182E-3 7.24238E-3 1.45574E-2 1.50342E-2 2.19394E-2 2.45351E-2 2.88536E-2 3.94935E-2 3.58642E-2 3.25417E-2 4.03602E-2 4.47036E-2 4.98214E-2 5.71936E-2 3.25055E-2 1.2342E-2 1.11102E-2 1.06001E-2 1.00257E-2 9.81626E-3 1.0456E-2 1.08998E-2 1.0255E-2 8.21272E-3 7.70935E-3 8.56172E-3 9.21916E-3 8.97147E-3 -9999 6.42286E-3 5.30511E-3 5.02492E-3 3.75403E-3 3.60021E-3 3.14903E-3
-9999 -9999 -9999 -9999 -9999 -9999 -9999 3.22904E-2 3.29643E-2 2.60766E-2 3.36269E-2 2.22767E-2 2.9107E-2 2.40282E-2 2.29425E-2 3.17369E-2 2.23652E-2 2.21354E-2 1.73609E-2 1.16998E-2 1.21306E-2 1.577E-2 1.20778E-2 1.35042E-2 9.13944E-3 1.81442E-2 2.41733E-2 1.31561E-2 2.26952E-2 2.46339E-2 2.43274E-2 2.83315E-2 3.3659E-2 4.54125E-2 5.13002E-2 6.39098E-2 2.79813E-2 4.62657E-2 3.65334E-2 6.21651E-2 2.42154E-2 1.37732E-2 1.2165E-2 1.16353E-2 1.19835E-2 1.13223E-2 1.07952E-2 1.0486E-2 1.03816E-2 1.03945E-2 9.32803E-3 9.40358E-3 -9999 -9999 -9999 -9999 -9999 -9999 -9999 -9999 -9999
-9999 -9999 -9999 -9999 -9999 -9999 4.93026E-2 6.10482E-2 3.95798E-2 3.31876E-2 4.41159E-2 3.71589E-2 3.3796E-2 4.21055E-2 3.19171E-2 2.09006E-2 2.93769E-2 3.43957E-2 3.50735E-2 1.88035E-2 1.57554E-2 1.21341E-2 8.70536E-3 1.53607E-2 1.0571E-2 1.22815E-2 2.42036E-2 2.56888E-2 1.85861E-2 1.46618E-2 2.09289E-2 2.42348E-2 3.54464E-2 6.05968E-2 5.62192E-2 2.96405E-2 5.88793E-2 4.14794E-2 6.72482E-2 6.63736E-2 1.88134E-2 3.16983E-2 1.88557E-2 1.51255E-2 1.36478E-2 1.22995E-2 1.17178E-2 1.11892E-2 1.04385E-2 9.8972E-3 1.05811E-2 1.08201E-2 9.41663E-3 9.11948E-3 -9999 -9999 -9999 -9999 -9999 -9999 -9999
-9999 -9999 -9999 -9999 -9999 -9999 5.33066E-2 5.01819E-2 3.01072E-2 2.91833E-2 2.89597E-2 2.93216E-2 3.88652E-2 2.87602E-2 2.46208E-2 3.77583E-2 4.26271E-2 4.97457E-2 3.83711E-2 3.23728E-2 1.68352E-2 1.64607E-2 1.11511E-2 1.25147E-2 1.18735E-2 1.63575E-2 1.4671E-2 1.88306E-2 2.46099E-2 1.27529E-2 2.77094E-2 2.8972E-2 3.8486E-2 2.82214E-2 2.84294E-2 4.43307E-2 5.60866E-2 6.29691E-2 4.07402E-2 4.38896E-2 2.78988E-2 3.39191E-2 1.91071E-2 1.86597E-2 2.10359E-2 2.07306E-2 1.94057E-2 1.38254E-2 1.17301E-2 9.87757E-3 9.33954E-3 7.19993E-3 6.61411E-3 6.52872E-3 6.38285E-3 6.44525E-3 5.37973E-3 4.51207E-3 4.68816E-3 4.59344E-3 3.72462E-3
-9999 -9999 -9999 -9999 -9999 3.92375E-2 3.77295E-2 3.4555E-2 2.68519E-2 4.77911E-2 4.73591E-2 4.18038E-2 2.8414E-2 3.33971E-2 2.24841E-2 2.34575E-2 3.00808E-2 5.21658E-2 3.37986E-2 3.42955E-2 3.48595E-2 2.95249E-2 1.91345E-2 1.85559E-2 2.13844E-2 1.45308E-2 1.0693E-2 7.63868E-3 1.81814E-2 1.96399E-2 1.13441E-2 3.36226E-2 5.01999E-2 5.54159E-2 3.94939E-2 3.74194E-2 5.69478E-2 -9999 -9999 2.65002E-2 -9999 -9999 -9999 4.68299E-2 3.17948E-2 1.98977E-2 1.45436E-2 1.14529E-2 9.61741E-3 1.03008E-2 9.17807E-3 6.24024E-3 5.7085E-3 5.4701E-3 5.59686E-3 5.55115E-3 3.99071E-3 3.84665E-3 3.551E-3 3.69017E-3 3.79724E-3
-9999 -9999 -9999 -9999 2.11258E-2 2.27442E-2 2.6966E-2 2.80445E-2 3.27136E-2 4.61707E-2 4.49943E-2 4.63664E-2 3.62634E-2 2.75838E-2 3.10898E-2 4.14434E-2 4.46499E-2 3.90732E-2 3.40467E-2 4.02784E-2 5.14636E-2 3.45802E-2 2.69049E-2 2.64136E-2 2.06563E-2 1.80866E-2 1.26973E-2 1.01995E-2 9.03713E-3 9.87256E-3 2.65011E-2 3.8682E-2 4.8061E-2 5.57176E-2 1.4413E-2 5.03101E-2 5.41013E-2 6.81879E-2 1.06457E-1 6.31383E-2 1.13723E-1 -9999 3.01995E-2 5.10373E-2 2.52613E-2 1.56173E-2 1.69416E-2 2.01872E-2 1.39531E-2 1.52147E-2 1.09612E-2 6.03302E-3 6.12832E-3 5.6221E-3 4.84874E-3 3.69644E-3 3.08039E-3 3.23113E-3 2.74434E-3 2.91806E-3 3.54313E-3
-9999 -9999 -9999 4.36446E-2 6.79953E-2 5.92674E-2 3.79425E-2 3.6083E-2 4.51693E-2 7.38944E-2 5.67104E-2 5.89808E-2 6.06445E-2 3.41086E-2 4.35886E-2 2.71217E-2 3.81341E-2 4.30548E-2 5.91807E-2 6.2808E-2 3.57897E-2 1.46081E-2 2.22664E-2 2.62042E-2 1.45713E-2 1.25426E-2 1.25999E-2 1.23837E-2 1.20968E-2 7.57996E-3 1.90327E-2 4.98666E-2 4.62252E-2 3.71631E-2 3.29666E-2 5.8357E-2 6.51103E-2 5.82935E-2 6.17635E-2 4.46678E-2 8.86119E-2 4.901E-2 -9999 -9999 1.74652E-2 1.98449E-2 6.02705E-2 5.4121E-2 2.22078E-2 1.31339E-2 1.70089E-2 9.07329E-3 6.10628E-3 5.89394E-3 4.73009E-3 3.41222E-3 3.16577E-3 2.97223E-3 2.85088E-3 2.72419E-3 3.56614E-3
-9999 -9999 -9999 5.56852E-3 4.94709E-2 7.35501E-2 5.16192E-2 6.90034E-2 8.52312E-2 7.07392E-2 4.88714E-2 7.05207E-2 4.55793E-2 4.30645E-2 4.34597E-2 2.73178E-2 4.20221E-2 4.63691E-2 4.87672E-2 2.58368E-2 1.91356E-2 1.20262E-2 9.68889E-3 1.37576E-2 1.33538E-2 1.5812E-2 1.57601E-2 2.05373E-2 1.20002E-2 1.15231E-2 1.51449E-2 3.33501E-2 3.16989E-2 3.23396E-2 2.95639E-2 4.89614E-2 6.42747E-2 7.9363E-2 4.27705E-2 2.12701E-2 -9999 -9999 -9999 -9999 -9999 7.51453E-2 9.24964E-2 4.69652E-2 1.9678E-2 1.55606E-2 1.33127E-2 2.13215E-2 6.34647E-3 6.11301E-3 4.00327E-3 2.98057E-3 3.19231E-3 3.26073E-3 3.66868E-3 4.32219E-3 5.6763E-3
