Final_Models_Sept202022/M_0.1_F_lqp_Set_1/Bison_8.asc
ncols         97
nrows         127
xllcorner     -2197417.7431653
yllcorner     -584827.01486885
cellsize      30000.0
NODATA_value  -9999
[rows 27 to 53 of 127, columns 0 to 60 of 97]
-9999 -9999 2.46462E-3 2.80549E-4 1.0441E-2 4.96975E-2 8.40153E-2 1.11601E-1 1.58114E-1 1.23446E-1 7.83019E-2 1.36304E-1 5.44877E-2 6.86345E-2 4.91876E-2 7.31708E-2 4.53474E-2 2.96779E-2 1.02809E-2 1.11435E-2 1.03686E-2 7.27256E-3 4.28229E-3 4.57381E-3 5.56138E-3 1.76029E-2 2.17656E-2 1.76635E-2 1.6515E-2 1.88589E-2 1.90134E-2 2.56268E-2 1.46116E-2 2.0866E-2 3.36959E-2 3.41507E-2 3.37259E-2 4.19188E-2 1.80038E-2 6.78203E-2 1.63867E-1 9.61003E-2 1.05292E-1 2.04367E-1 9.83017E-2 9.19823E-2 6.81047E-2 4.35736E-2 2.69699E-2 1.89192E-2 1.67198E-2 2.34052E-2 1.24213E-2 1.1157E-2 5.11194E-3 3.43687E-3 3.45254E-3 3.2321E-3 4.68893E-3 7.13598E-3 1.01378E-2
-9999 1.92246E-6 3.03346E-3 5.86173E-4 3.32007E-4 1.03642E-2 8.91625E-2 9.07914E-2 9.65308E-2 1.50985E-1 9.70422E-2 9.01759E-2 1.31437E-1 1.03491E-1 6.08644E-2 7.12447E-2 8.25172E-2 4.13926E-2 2.50341E-2 1.70808E-2 1.32569E-2 9.51172E-3 5.42669E-3 6.76951E-3 7.67731E-3 1.99258E-2 2.42221E-2 2.2386E-2 2.7399E-2 2.65718E-2 2.14606E-2 1.59615E-2 1.14224E-2 1.7396E-2 2.05499E-2 2.2644E-2 2.48259E-2 7.33283E-2 8.2367E-2 7.1732E-2 9.37468E-2 5.93212E-2 9.99336E-2 1.00745E-1 1.01396E-1 5.5242E-2 5.77438E-2 2.86501E-2 2.19176E-2 1.43939E-2 1.6605E-2 2.80608E-2 9.99208E-3 7.58426E-3 5.4316E-3 4.27168E-3 3.64177E-3 3.51842E-3 3.72183E-3 4.57735E-3 4.92088E-3
-9999 1.47701E-9 1.12454E-7 1.62835E-4 3.42286E-4 1.01704E-2 3.26519E-2 1.01851E-1 1.20571E-1 1.43925E-1 6.88259E-2 9.48148E-2 1.24938E-1 1.05675E-1 8.4399E-2 3.7E-2 6.83103E-2 6.71446E-2 4.08373E-2 2.12895E-2 1.58289E-2 7.89187E-3 9.35159E-3 1.12935E-2 2.33766E-2 1.75493E-2 2.33329E-2 2.24637E-2 1.95693E-2 1.87054E-2 2.01244E-2 1.9733E-2 2.41981E-2 1.80001E-2 2.28712E-2 1.96422E-2 1.68205E-2 3.44635E-2 3.30949E-2 6.64659E-2 7.50649E-2 7.98458E-2 7.9881E-2 7.70666E-2 4.73444E-2 5.83788E-2 3.87909E-2 2.61351E-2 1.53567E-2 1.44156E-2 1.49196E-2 1.43217E-2 9.79533E-3 6.37244E-3 4.97095E-3 4.06533E-3 3.5472E-3 2.95858E-3 2.84573E-3 4.43295E-3 4.32758E-3
1.67785E-4 1.15481E-9 2.58123E-14 8.85563E-9 3.38172E-7 1.44644E-3 2.56316E-2 1.4358E-1 8.74997E-2 1.12806E-1 7.64312E-2 9.77736E-2 1.48774E-1 1.65874E-1 8.48282E-2 5.33595E-2 1.04566E-1 6.64537E-2 5.06859E-2 2.81364E-2 1.29728E-2 9.02247E-3 1.70288E-2 2.38606E-2 1.71394E-2 2.10601E-2 1.77535E-2 2.65604E-2 1.62835E-2 1.64556E-2 1.296E-2 1.5914E-2 2.53838E-2 1.39528E-2 2.91426E-2 2.87228E-2 1.76746E-2 2.61849E-2 4.89309E-2 6.78289E-2 7.5951E-2 6.51993E-2 4.68894E-2 7.34447E-2 5.42379E-2 4.81978E-2 4.10272E-2 2.71411E-2 1.49293E-2 9.14013E-3 7.90905E-3 9.75963E-3 9.31772E-3 7.40903E-3 5.81858E-3 4.23686E-3 3.02191E-3 2.98774E-3 2.97545E-3 4.12717E-3 3.84632E-3
9.39573E-3 1.1496E-4 8.99271E-12 1.39648E-15 1.98394E-8 3.86412E-3 3.49084E-2 1.59039E-1 1.01895E-1 1.14857E-1 1.13589E-1 1.34705E-1 1.28608E-1 1.95303E-1 1.09625E-1 9.60305E-2 5.90203E-2 1.14376E-1 4.45559E-2 1.65931E-2 9.15547E-3 1.01523E-2 1.67237E-2 1.61764E-2 1.7342E-2 1.47531E-2 1.90857E-2 2.23968E-2 1.95204E-2 1.73121E-2 1.94065E-2 1.74686E-2 1.97697E-2 9.99294E-3 3.46821E-2 4.27108E-2 3.72101E-2 3.8597E-2 4.43093E-2 4.15465E-2 6.08547E-2 5.79213E-2 5.52486E-2 4.74321E-2 4.71677E-2 3.88177E-2 3.66674E-2 3.0313E-2 2.0773E-2 9.87667E-3 8.32567E-3 9.35583E-3 7.42502E-3 7.35508E-3 6.28912E-3 4.53946E-3 3.40271E-3 3.40801E-3 3.29709E-3 3.82564E-3 4.15839E-3
7.59991E-3 6.32645E-3 4.78322E-5 1.3329E-10 6.99754E-10 2.24681E-3 5.79777E-2 1.1721E-1 1.34617E-1 1.30355E-1 1.31614E-1 1.25575E-1 1.23231E-1 1.3249E-1 1.06488E-1 6.34807E-2 5.19064E-2 6.71061E-2 6.76987E-2 3.63304E-2 1.82769E-2 1.30828E-2 1.65341E-2 1.57964E-2 2.61893E-2 1.98026E-2 2.16757E-2 3.85407E-2 2.313E-2 2.64734E-2 1.51516E-2 1.38265E-2 1.18008E-2 1.16723E-2 3.62129E-2 4.1059E-2 3.14568E-2 2.85543E-2 3.21311E-2 2.86757E-2 3.52398E-2 5.15613E-2 5.52906E-2 5.15436E-2 5.12729E-2 3.38063E-2 3.08081E-2 3.23499E-2 2.46324E-2 1.20973E-2 9.74232E-3 9.06393E-3 7.13091E-3 7.9061E-3 6.59386E-3 4.6721E-3 3.91372E-3 3.59122E-3 4.30409E-3 3.94407E-3 4.60801E-3
-9999 5.21776E-3 2.08836E-2 4.09912E-3 2.40827E-8 6.62555E-3 2.86317E-2 9.57075E-2 1.07992E-1 9.3113E-2 1.44588E-1 1.57042E-1 1.3159E-1 1.08244E-1 4.0163E-2 4.48853E-2 2.1833E-2 1.77201E-2 6.76547E-2 4.82863E-2 2.92633E-2 3.42792E-2 2.28817E-2 2.0042E-2 2.59707E-2 3.71805E-2 3.25004E-2 3.39306E-2 3.65614E-2 2.71991E-2 2.63997E-2 1.86544E-2 1.35565E-2 2.04781E-2 4.36996E-2 2.67982E-2 3.37905E-2 3.95402E-2 3.48764E-2 3.96098E-2 4.61785E-2 4.26229E-2 5.13178E-2 4.92286E-2 4.54289E-2 3.94475E-2 3.31986E-2 4.86218E-2 3.98722E-2 2.35724E-2 1.56492E-2 1.34442E-2 1.06742E-2 9.19955E-3 6.86953E-3 5.54089E-3 7.53654E-3 4.20814E-3 4.33567E-3 4.00615E-3 5.0646E-3
-9999 -9999 3.41814E-3 1.35218E-3 1.8719E-5 2.69397E-2 9.87432E-3 4.15328E-2 6.64006E-2 1.09179E-1 8.27924E-2 2.75674E-1 8.78559E-2 8.05212E-2 3.93224E-2 3.69334E-2 2.48844E-2 1.65322E-2 1.79455E-2 4.55345E-2 4.41082E-2 2.23557E-2 2.51044E-2 2.09747E-2 4.10194E-2 2.71164E-2 4.8628E-2 5.40722E-2 3.56249E-2 3.08379E-2 2.40039E-2 2.04702E-2 2.33788E-2 3.63354E-2 3.73362E-2 2.45839E-2 2.39013E-2 3.18369E-2 1.89496E-2 2.43728E-2 6.36735E-2 5.46341E-2 6.77049E-2 4.7536E-2 6.55492E-2 4.98657E-2 4.76822E-2 4.61758E-2 5.4425E-2 4.7472E-2 2.54448E-2 1.68573E-2 1.14723E-2 8.84072E-3 7.04483E-3 5.41248E-3 9.3162E-3 4.77338E-3 5.01872E-3 5.28266E-3 5.10559E-3
-9999 -9999 6.06132E-3 1.28414E-2 2.18958E-3 1.04329E-2 4.59056E-3 1.69964E-2 2.62895E-2 1.04352E-1 9.76154E-2 1.64031E-1 9.59641E-2 8.3023E-2 3.47605E-2 6.64262E-2 4.05628E-2 3.7148E-2 2.0212E-2 3.12951E-2 3.34137E-2 4.55836E-2 3.0645E-2 1.77931E-2 3.95823E-2 2.6685E-2 4.0791E-2 4.04364E-2 4.50885E-2 2.50358E-2 2.43685E-2 1.96913E-2 2.38592E-2 3.39873E-2 3.0012E-2 2.8719E-2 1.05316E-2 2.24489E-2 1.90669E-2 2.0854E-2 3.35568E-2 6.56492E-2 4.12677E-2 6.16299E-2 6.53739E-2 6.14173E-2 5.39228E-2 5.14035E-2 4.57323E-2 6.46179E-2 3.25919E-2 3.16691E-2 1.55509E-2 9.82695E-3 7.95138E-3 6.28072E-3 5.64739E-3 5.6743E-3 5.99976E-3 5.9324E-3 4.71979E-3
-9999 -9999 1.25134E-2 5.04662E-2 7.12631E-3 4.52788E-3 3.39021E-3 3.33518E-2 4.76556E-2 5.94196E-2 9.35397E-2 9.80939E-2 1.3389E-1 7.97489E-2 3.0878E-2 4.98902E-2 5.48184E-2 4.44603E-2 5.55613E-2 3.78853E-2 4.48503E-2 5.03323E-2 3.10066E-2 3.8185E-2 2.66946E-2 2.35562E-2 4.62153E-2 3.86416E-2 4.46923E-2 3.43881E-2 2.7729E-2 1.63265E-2 2.16009E-2 3.31316E-2 3.07766E-2 3.36062E-2 1.26216E-2 1.44899E-2 1.82112E-2 2.07356E-2 2.60287E-2 3.94526E-2 3.76248E-2 2.86047E-2 6.93076E-2 7.00442E-2 6.13698E-2 6.57887E-2 5.65638E-2 5.98178E-2 3.40408E-2 2.55559E-2 1.58241E-2 1.07727E-2 1.06852E-2 8.11658E-3 6.66002E-3 6.58927E-3 8.31025E-3 6.84506E-3 5.51235E-3
-9999 -9999 -9999 2.5013E-2 4.02154E-3 3.05325E-2 1.20016E-2 2.81694E-2 2.76886E-2 1.52391E-2 2.44871E-2 1.14477E-1 1.28971E-1 8.12762E-2 4.43857E-2 4.79787E-2 4.40974E-2 4.07299E-2 5.00794E-2 5.79752E-2 3.93856E-2 2.52164E-2 2.08268E-2 4.79343E-2 6.23912E-2 3.34804E-2 5.18227E-2 4.68181E-2 3.38455E-2 2.18312E-2 1.77945E-2 1.59477E-2 2.68261E-2 2.35598E-2 2.64536E-2 2.91874E-2 2.19265E-2 1.46365E-2 1.85051E-2 2.46409E-2 2.4038E-2 3.16062E-2 4.76622E-2 5.32783E-2 7.62766E-2 6.39421E-2 6.69271E-2 7.40813E-2 4.57076E-2 3.7994E-2 3.0388E-2 2.65639E-2 2.1869E-2 1.49525E-2 1.36323E-2 1.13495E-2 1.04347E-2 8.51001E-3 6.44628E-3 6.56599E-3 6.1124E-3
-9999 -9999 -9999 4.7551E-3 7.52383E-4 1.17842E-1 4.18156E-2 5.3532E-2 6.62177E-2 5.80857E-2 1.26638E-2 7.57287E-2 8.20354E-2 7.55939E-2 8.20625E-2 4.6081E-2 3.24185E-2 4.68774E-2 3.78478E-2 4.64947E-2 2.15214E-2 1.55648E-2 1.55366E-2 3.62239E-2 4.30861E-2 4.61091E-2 4.65557E-2 3.40139E-2 2.4369E-2 2.02537E-2 1.64568E-2 2.10871E-2 3.87433E-2 2.41366E-2 2.53842E-2 2.74656E-2 1.92132E-2 2.35661E-2 4.36509E-2 2.18916E-2 2.4308E-2 3.21429E-2 3.40562E-2 3.10399E-2 6.16341E-2 7.27107E-2 6.75943E-2 7.6183E-2 6.93397E-2 6.32902E-2 2.71621E-2 5.61602E-2 2.84194E-2 2.32802E-2 1.62591E-2 1.10865E-2 1.01183E-2 8.38094E-3 8.57471E-3 6.96625E-3 6.4252E-3
-9999 -9999 -9999 1.4652E-3 2.34095E-3 1.02469E-1 6.5399E-2 6.43433E-2 4.3018E-2 7.21682E-2 1.83895E-2 3.38545E-2 7.44635E-2 6.11051E-2 5.62697E-2 5.13229E-2 2.58009E-2 4.18143E-2 4.10948E-2 4.2046E-2 2.25126E-2 1.57135E-2 2.5644E-2 3.36295E-2 4.40027E-2 3.88319E-2 3.76624E-2 3.586E-2 2.34468E-2 1.8349E-2 1.91875E-2 2.59936E-2 4.31861E-2 2.25958E-2 3.09542E-2 3.47962E-2 4.43378E-2 4.70081E-2 3.5774E-2 2.21346E-2 1.89252E-2 2.57917E-2 4.46495E-2 5.80888E-2 7.39455E-2 7.80616E-2 5.88184E-2 8.72537E-2 7.03711E-2 5.9972E-2 4.59688E-2 3.61687E-2 5.53152E-2 3.84082E-2 2.63467E-2 2.70583E-2 3.06598E-2 1.95913E-2 1.41163E-2 9.56739E-3 7.22184E-3
-9999 -9999 -9999 -9999 2.0606E-2 1.05194E-1 1.12602E-2 1.07759E-2 7.20643E-2 2.25135E-2 1.43741E-3 1.21622E-2 9.04581E-2 4.36946E-2 6.38287E-2 6.03172E-2 4.74327E-2 4.6414E-2 6.2236E-2 5.46181E-2 3.06517E-2 2.7882E-2 3.07453E-2 2.91309E-2 3.24998E-2 3.11044E-2 3.12264E-2 2.34921E-2 2.14328E-2 2.61604E-2 2.82352E-2 4.00415E-2 2.51798E-2 2.78308E-2 2.69309E-2 3.5286E-2 4.40539E-2 3.89092E-2 2.61581E-2 3.11619E-2 3.40214E-2 3.75034E-2 4.38318E-2 8.434E-2 8.54601E-2 7.14954E-2 6.01958E-2 8.21739E-2 1.1096E-1 7.49823E-2 3.75327E-2 6.48613E-2 8.94179E-2 5.62506E-2 4.25499E-2 7.41458E-2 2.94286E-2 3.76999E-2 3.46954E-2 1.07764E-2 7.21417E-3
-9999 -9999 -9999 -9999 2.05904E-2 4.12199E-2 1.32952E-2 3.5641E-2 7.02364E-3 1.71365E-5 1.42624E-4 8.93041E-3 8.95233E-2 4.68861E-2 7.29138E-2 3.51602E-2 4.83785E-2 6.52716E-2 5.89835E-2 4.96231E-2 4.89078E-2 6.32553E-2 3.84357E-2 3.5505E-2 3.13692E-2 2.64372E-2 3.11209E-2 2.09623E-2 2.0535E-2 1.58661E-2 2.17066E-2 4.78664E-2 2.87639E-2 3.49655E-2 3.30749E-2 3.9832E-2 3.90232E-2 5.67034E-2 5.06389E-2 6.39847E-2 5.76718E-2 7.48151E-2 6.39555E-2 9.30504E-2 7.34073E-2 9.50636E-2 1.03158E-1 4.58781E-2 8.25914E-2 1.14188E-1 8.80939E-2 8.78172E-2 1.06018E-1 4.30375E-2 5.12087E-2 6.37562E-2 5.2729E-2 4.67451E-2 3.44929E-2 1.42576E-2 9.19735E-3
-9999 -9999 -9999 -9999 2.21904E-3 9.8343E-3 6.02097E-3 2.847E-2 4.02479E-3 1.24002E-4 2.12267E-3 5.08127E-3 3.98764E-2 3.88604E-2 4.66588E-2 4.12653E-2 5.01425E-2 7.06095E-2 3.08077E-2 5.11227E-2 4.71372E-2 3.52154E-2 5.16546E-2 5.02901E-2 4.3725E-2 3.95088E-2 3.21934E-2 3.16621E-2 2.31916E-2 1.60473E-2 2.92106E-2 3.32852E-2 3.928E-2 3.8453E-2 3.96418E-2 4.31997E-2 4.45133E-2 5.70852E-2 7.67171E-2 7.60679E-2 7.90147E-2 8.317E-2 1.03742E-1 9.55015E-2 8.12374E-2 8.81375E-2 1.20539E-1 1.38743E-1 -9999 1.06169E-1 7.93684E-2 8.20801E-2 4.91717E-2 5.50685E-2 1.06887E-1 5.73764E-2 4.91355E-2 4.17702E-2 6.13362E-2 1.85921E-2 1.02124E-2
-9999 -9999 -9999 -9999 2.8015E-3 4.49216E-3 2.53187E-3 6.8291E-5 2.33692E-1 3.86831E-1 3.59292E-3 2.88208E-3 1.62583E-2 3.17491E-2 2.73746E-2 3.68649E-2 5.29447E-2 3.08887E-2 2.67312E-2 5.05235E-2 5.13894E-2 4.53704E-2 5.31894E-2 6.27137E-2 3.92757E-2 2.99816E-2 2.10587E-2 4.31723E-2 2.40155E-2 2.68025E-2 3.80577E-2 3.73817E-2 3.81008E-2 3.75253E-2 3.53392E-2 4.65369E-2 4.8438E-2 5.25579E-2 5.77401E-2 6.93916E-2 8.47255E-2 8.97458E-2 9.48378E-2 9.32913E-2 9.44795E-2 8.64765E-2 -9999 -9999 -9999 -9999 1.06134E-1 6.24512E-2 5.58748E-2 8.10772E-2 6.87377E-2 5.88163E-2 2.81428E-2 2.07755E-2 1.20425E-2 1.61233E-2 1.45048E-2
-9999 -9999 -9999 -9999 1.63308E-3 6.02339E-3 2.39006E-3 3.73431E-4 1.59613E-5 4.88551E-1 4.58636E-3 1.54107E-2 1.37232E-2 2.13168E-2 2.10194E-2 3.25866E-2 4.08952E-2 2.70961E-2 3.60722E-2 4.12943E-2 4.42652E-2 5.2054E-2 6.24791E-2 5.52774E-2 2.81293E-2 1.86933E-2 2.44369E-2 3.13529E-2 3.54582E-2 4.08291E-2 3.99887E-2 3.9998E-2 3.92872E-2 5.2726E-2 3.12891E-2 4.1294E-2 5.54424E-2 5.11085E-2 5.52569E-2 6.26454E-2 8.74134E-2 8.31295E-2 6.95441E-2 4.95523E-2 1.01801E-1 -9999 -9999 -9999 -9999 2.23067E-1 9.19048E-2 8.20803E-2 6.63118E-2 6.80352E-2 6.60869E-2 5.27281E-2 4.64118E-2 3.39449E-2 3.21729E-2 4.30003E-2 1.8305E-2
-9999 -9999 -9999 -9999 1.23061E-2 1.43793E-2 5.44882E-3 3.55646E-4 1.54464E-2 6.30098E-2 7.60837E-3 1.17204E-2 7.48748E-3 2.13702E-2 2.68183E-2 3.07169E-2 4.25073E-2 4.2601E-2 2.27536E-2 2.70239E-2 4.23461E-2 6.0318E-2 4.57776E-2 3.46369E-2 3.2061E-2 2.72113E-2 3.07121E-2 4.20755E-2 4.46175E-2 4.13554E-2 3.91123E-2 4.20688E-2 4.17615E-2 4.5385E-2 4.70584E-2 3.82992E-2 4.4205E-2 4.71471E-2 6.65628E-2 6.74602E-2 7.36162E-2 7.91482E-2 9.80072E-2 1.07123E-1 1.24557E-1 -9999 -9999 -9999 2.23381E-1 1.67036E-1 1.16347E-1 8.21585E-2 7.6746E-2 6.06158E-2 5.70565E-2 4.53048E-2 4.75604E-2 2.08634E-2 2.35366E-2 3.35685E-2 1.56217E-2
-9999 -9999 -9999 3.37472E-2 4.82081E-1 1.02363E-1 6.27268E-4 2.0949E-3 9.83728E-4 4.38544E-3 4.96352E-3 4.20256E-3 7.42295E-3 2.27348E-2 4.21014E-2 3.02102E-2 5.68967E-2 3.75979E-2 3.93353E-2 1.94088E-2 3.14685E-2 3.93274E-2 3.41086E-2 2.06912E-2 3.20126E-2 2.64305E-2 3.3768E-2 3.88274E-2 2.60825E-2 3.40153E-2 5.42281E-2 4.9424E-2 4.43589E-2 4.83474E-2 4.65659E-2 4.89593E-2 4.60529E-2 5.88442E-2 5.87887E-2 7.14724E-2 6.90159E-2 6.57407E-2 7.69544E-2 1.05972E-1 2.29194E-1 1.64218E-1 1.60406E-1 1.68355E-1 1.76573E-1 1.19512E-1 1.13242E-1 9.60324E-2 8.65012E-2 7.37953E-2 6.72034E-2 4.39989E-2 4.67731E-2 2.51833E-2 2.42057E-2 2.52492E-2 1.80461E-2
-9999 -9999 -9999 -9999 4.557E-2 3.05181E-1 4.71826E-3 -9999 9.77842E-4 4.68137E-3 6.73424E-3 1.78764E-3 2.10616E-2 3.2271E-2 3.6064E-2 5.3165E-2 4.9298E-2 3.81115E-2 2.89272E-2 3.07702E-2 2.31394E-2 3.28392E-2 2.04886E-2 3.30828E-2 5.4525E-2 4.77232E-2 4.24432E-2 3.60061E-2 2.76799E-2 3.31696E-2 3.64357E-2 5.14892E-2 4.85541E-2 5.03614E-2 4.55748E-2 4.22388E-2 4.68169E-2 4.15431E-2 4.58205E-2 7.21634E-2 8.67399E-2 7.38407E-2 6.43503E-2 8.62726E-2 9.94517E-2 1.24737E-1 1.28987E-1 1.31297E-1 1.4255E-1 1.09765E-1 1.06464E-1 7.45783E-2 8.58521E-2 8.0148E-2 7.29513E-2 3.82587E-2 4.32391E-2 2.8725E-2 3.28237E-2 2.58605E-2 1.56191E-2
-9999 -9999 -9999 -9999 1.46448E-2 5.89072E-3 4.8318E-3 7.96073E-3 2.62234E-3 3.23946E-2 1.22035E-2 1.01829E-3 1.71686E-2 1.32617E-2 2.50995E-2 7.62579E-2 4.175E-2 5.28047E-2 2.96124E-2 2.48763E-2 2.04161E-2 2.73549E-2 3.44555E-2 5.12871E-2 4.07323E-2 6.31006E-2 3.42412E-2 3.54998E-2 4.04187E-2 4.01001E-2 4.45582E-2 6.40038E-2 5.78231E-2 5.88769E-2 5.80796E-2 5.99099E-2 5.23692E-2 3.65552E-2 5.20762E-2 5.65735E-2 6.04552E-2 7.46338E-2 5.54618E-2 7.28639E-2 7.06006E-2 1.04233E-1 1.06871E-1 9.79957E-2 1.0741E-1 1.02942E-1 9.27873E-2 7.8238E-2 8.39727E-2 8.6447E-2 9.00442E-2 6.06448E-2 4.60575E-2 4.62526E-2 2.48784E-2 2.9048E-2 2.72986E-2
-9999 -9999 -9999 -9999 2.32132E-1 1.16501E-2 1.18691E-2 4.47288E-3 7.86781E-3 1.47397E-2 3.83355E-3 8.25847E-4 7.85196E-3 2.97851E-2 2.73123E-2 3.54144E-2 4.33843E-2 5.29503E-2 4.95215E-2 2.94631E-2 2.5411E-2 2.50633E-2 1.99047E-2 2.71698E-2 7.42073E-2 5.04829E-2 2.55902E-2 3.64048E-2 4.35204E-2 4.7778E-2 5.24444E-2 5.98901E-2 8.52156E-2 6.49048E-2 7.85911E-2 6.92751E-2 6.57601E-2 5.86236E-2 6.75518E-2 7.38832E-2 7.69211E-2 7.84335E-2 6.88894E-2 6.97268E-2 8.0657E-2 8.88432E-2 7.54363E-2 8.76586E-2 9.31746E-2 9.9027E-2 8.42003E-2 7.44819E-2 7.63909E-2 7.59207E-2 7.64739E-2 4.94631E-2 4.95492E-2 4.8063E-2 3.42168E-2 2.79126E-2 1.99586E-2
-9999 -9999 -9999 -9999 -9999 1.64255E-2 1.16174E-2 1.71538E-2 6.06421E-3 7.46944E-3 1.49773E-3 5.70826E-3 8.36182E-3 1.05702E-2 1.64793E-2 3.56763E-2 6.30954E-2 4.76017E-2 5.1402E-2 3.78822E-2 3.5799E-2 4.04014E-2 2.52921E-2 3.69729E-2 3.98594E-2 8.1065E-2 4.18862E-2 3.91142E-2 4.27753E-2 6.49693E-2 7.07224E-2 8.43098E-2 7.77029E-2 7.02965E-2 6.84662E-2 8.41527E-2 6.65993E-2 6.47171E-2 7.52196E-2 7.17068E-2 8.11992E-2 8.0679E-2 7.44528E-2 8.63279E-2 8.46786E-2 7.89367E-2 7.03331E-2 8.5153E-2 8.98763E-2 1.10006E-1 9.16641E-2 8.4762E-2 7.87134E-2 6.84563E-2 7.37539E-2 4.93842E-2 5.78311E-2 5.56324E-2 4.87101E-2 1.76408E-2 2.18141E-2
-9999 -9999 -9999 -9999 -9999 6.17659E-2 3.87059E-3 2.20395E-2 1.60101E-2 2.23659E-2 2.96419E-3 2.21606E-4 8.26584E-4 3.6552E-3 1.88662E-2 3.00916E-2 4.76233E-2 4.874E-2 5.2086E-2 4.59257E-2 5.31345E-2 2.73758E-2 4.47461E-2 3.80664E-2 5.27194E-2 9.09572E-2 5.47444E-2 4.81434E-2 5.26512E-2 5.33194E-2 6.22506E-2 7.80981E-2 8.88036E-2 7.37741E-2 6.85119E-2 8.38721E-2 8.82794E-2 9.50195E-2 8.74011E-2 8.61422E-2 7.37282E-2 7.93602E-2 7.86513E-2 8.28961E-2 6.28739E-2 7.95827E-2 9.06683E-2 7.84659E-2 7.0491E-2 8.40409E-2 8.77757E-2 7.92003E-2 6.59726E-2 5.47081E-2 7.76697E-2 5.7041E-2 5.07131E-2 5.7624E-2 3.84684E-2 3.30402E-2 2.51678E-2
-9999 -9999 -9999 -9999 -9999 9.52962E-2 2.15556E-2 2.94251E-3 1.30931E-2 6.4256E-4 2.57457E-3 3.86176E-4 4.34026E-4 8.61837E-4 2.06928E-2 2.44466E-2 3.25225E-2 3.12778E-2 4.43528E-2 5.84415E-2 3.90026E-2 4.24232E-2 4.39707E-2 4.03932E-2 4.61086E-2 7.36237E-2 3.7664E-2 6.53846E-2 6.24897E-2 6.01308E-2 6.98606E-2 8.07167E-2 9.35281E-2 8.94468E-2 9.88727E-2 1.05799E-1 1.02031E-1 1.21159E-1 1.04357E-1 1.04146E-1 9.50839E-2 8.26291E-2 8.07954E-2 6.3646E-2 7.91111E-2 7.44614E-2 8.1816E-2 8.13471E-2 7.91092E-2 9.20794E-2 9.29657E-2 7.54218E-2 6.28274E-2 4.70301E-2 7.42233E-2 6.92861E-2 7.45952E-2 6.22588E-2 4.58038E-2 4.2234E-2 3.36091E-2
-9999 -9999 -9999 -9999 -9999 2.52851E-2 3.49621E-3 8.37851E-3 2.66386E-2 1.35093E-3 9.31235E-4 4.21236E-4 3.89649E-3 4.74435E-3 1.49319E-2 1.88183E-2 2.26336E-2 2.28855E-2 3.16604E-2 4.26338E-2 6.12308E-2 8.13397E-2 7.69916E-2 4.58536E-2 3.03026E-2 1.16578E-1 5.70765E-2 6.6506E-2 7.47675E-2 7.18733E-2 8.971E-2 9.07606E-2 9.19139E-2 9.61166E-2 1.0081E-1 1.05226E-1 1.30017E-1 1.09203E-1 1.05838E-1 1.22563E-1 1.68372E-1 1.16748E-1 8.41582E-2 5.30181E-2 1.01553E-1 9.47169E-2 1.00715E-1 9.38417E-2 8.14203E-2 1.03012E-1 7.55912E-2 8.76396E-2 9.44043E-2 7.12958E-2 5.68632E-2 -9999 6.06936E-2 4.43008E-2 4.43028E-2 5.07659E-2 3.80508E-2
