Final_Models_Sept202022/M_0.1_F_lqp_Set_1/Bison_stddev.asc
ncols         97
nrows         127
xllcorner     -2197417.7431653
yllcorner     -584827.01486885
cellsize      30000.0
NODATA_value  -9999
[rows 81 to 107 of 127, columns 0 to 60 of 97]
-9999 -9999 -9999 -9999 -9999 -9999 -9999 -9999 -9999 -9999 -9999 1.85943E-2 1.2614E-3 2.15206E-4 2.343E-3 1.58287E-3 8.13677E-4 1.82874E-4 3.68409E-4 4.51517E-3 1.34491E-3 8.68982E-3 3.50246E-3 1.0004E-2 2.19255E-2 1.92485E-2 8.63958E-3 1.11644E-2 2.32625E-2 3.72237E-3 3.84523E-3 1.28772E-3 3.05484E-3 1.1801E-2 1.11302E-2 9.90696E-3 2.52975E-2 5.12356E-2 4.43408E-2 1.60523E-2 1.19318E-2 1.57492E-2 1.00442E-2 1.1481E-2 1.1791E-2 1.8839E-2 3.10971E-2 4.1895E-2 2.96669E-2 2.50766E-2 1.89642E-2 1.2289E-2 1.63036E-2 1.40728E-2 1.95577E-2 2.22047E-2 1.55666E-2 1.41555E-2 1.48508E-2 1.82445E-2 2.29617E-2
-9999 -9999 -9999 -9999 -9999 -9999 -9999 -9999 -9999 -9999 -9999 -9999 1.68504E-2 4.7125E-4 5.96098E-4 2.01972E-3 1.54025E-3 7.15906E-3 1.33956E-3 9.99488E-4 7.14372E-4 9.13454E-4 8.52022E-4 4.87735E-3 2.05048E-2 1.30094E-2 7.72333E-3 1.0661E-2 3.36107E-2 4.69962E-3 2.05506E-3 1.91647E-3 1.90014E-3 4.88163E-3 1.93023E-2 1.29054E-2 2.4092E-2 2.75932E-2 4.12677E-2 4.49094E-2 5.37486E-2 2.08884E-2 1.03354E-2 8.2762E-3 7.59879E-3 2.24538E-2 3.95938E-2 3.52901E-2 2.41669E-2 1.10022E-2 1.23292E-2 1.37419E-2 2.22035E-2 1.50103E-2 1.7003E-2 2.45247E-2 1.47274E-2 1.68472E-2 1.71376E-2 2.18349E-2 2.16921E-2
-9999 -9999 -9999 -9999 -9999 -9999 -9999 -9999 -9999 -9999 -9999 -9999 -9999 4.82242E-3 7.40441E-5 3.45364E-4 5.64972E-4 7.27302E-3 1.47483E-1 9.4223E-3 1.10359E-3 1.06261E-3 2.99296E-4 3.53894E-3 8.58501E-3 8.95973E-3 6.36249E-3 2.01021E-2 6.72105E-3 5.0643E-3 1.68567E-3 1.51659E-3 8.58672E-4 2.48431E-3 1.06664E-2 1.47537E-2 1.48256E-2 2.50213E-2 3.14747E-2 3.1637E-2 1.55012E-2 1.77359E-2 9.21082E-3 7.78824E-3 9.17346E-3 2.97924E-2 3.42193E-2 4.06605E-2 2.93843E-2 1.39606E-2 1.18814E-2 1.45914E-2 2.18499E-2 1.82859E-2 1.25814E-2 1.48771E-2 7.93048E-3 1.54636E-2 1.95801E-2 1.89142E-2 1.64505E-2
-9999 -9999 -9999 -9999 -9999 -9999 -9999 -9999 -9999 -9999 -9999 -9999 -9999 6.47483E-3 3.94986E-4 3.73371E-4 1.61333E-3 -9999 6.48728E-3 3.13692E-2 6.58747E-2 1.07273E-2 6.47872E-4 2.23927E-3 1.1992E-2 1.05927E-2 1.56728E-2 1.21591E-2 6.16345E-3 4.82622E-3 2.31941E-3 1.86967E-3 1.25927E-3 3.23132E-3 8.51685E-3 9.48749E-3 7.52329E-3 1.40093E-2 1.36199E-2 2.84907E-2 2.20572E-2 2.02786E-2 1.86577E-2 1.08838E-2 8.58032E-3 1.08925E-2 1.82382E-2 1.72125E-2 3.38115E-2 2.19334E-2 1.23657E-2 1.529E-2 1.64164E-2 1.62819E-2 1.27574E-2 2.33081E-2 1.20229E-2 1.7191E-2 1.75566E-2 2.01042E-2 2.23041E-2
-9999 -9999 -9999 -9999 -9999 -9999 -9999 -9999 -9999 -9999 -9999 -9999 -9999 6.49355E-3 1.00914E-3 2.99397E-4 1.50554E-3 -9999 1.3412E-2 5.37133E-2 2.60437E-2 1.03437E-3 2.08955E-4 2.35192E-3 6.29335E-3 8.61796E-3 1.39783E-2 6.25323E-3 5.21623E-3 2.69137E-3 2.18861E-3 9.97639E-4 3.12772E-3 4.0994E-3 6.57983E-3 8.88284E-3 1.01467E-2 1.24042E-2 2.14411E-2 3.30628E-2 1.50277E-2 2.25523E-2 1.56146E-2 1.73277E-2 9.77738E-3 1.30885E-2 1.82621E-2 3.44368E-2 3.42424E-2 1.16898E-2 1.82677E-2 1.86689E-2 1.63455E-2 1.34045E-2 1.199E-2 2.00641E-2 1.1797E-2 1.50943E-2 1.66254E-2 1.81693E-2 1.60834E-2
-9999 -9999 -9999 -9999 -9999 -9999 -9999 -9999 -9999 -9999 -9999 -9999 -9999 2.63712E-3 2.43486E-3 5.10474E-4 8.43531E-4 -9999 1.02004E-3 2.46904E-2 4.47755E-3 6.35357E-4 7.08201E-4 1.39618E-3 4.77213E-3 7.87657E-3 1.47803E-2 6.37658E-3 4.41793E-3 2.62001E-3 4.14289E-3 3.90011E-3 4.90585E-3 3.16891E-3 3.3315E-3 1.89778E-2 4.73025E-3 9.06134E-3 1.05738E-2 2.95335E-2 1.87856E-2 2.89135E-2 2.63391E-2 1.76976E-2 1.79444E-2 1.39867E-2 2.24937E-2 1.84587E-2 1.90868E-2 1.28228E-2 1.80456E-2 2.94745E-2 1.7114E-2 1.17072E-2 1.34912E-2 1.46293E-2 1.14993E-2 2.07367E-2 1.70594E-2 2.40636E-2 2.10029E-2
-9999 -9999 -9999 -9999 -9999 -9999 -9999 -9999 -9999 -9999 -9999 -9999 -9999 5.77258E-3 8.06417E-4 2.23483E-4 6.76651E-3 -9999 4.64213E-3 4.60209E-2 3.92902E-3 3.98507E-4 1.651E-3 7.4955E-3 1.13908E-2 2.28896E-2 2.21751E-2 1.82674E-2 1.32717E-2 3.35646E-3 7.5441E-3 1.92665E-3 9.63314E-4 3.11037E-3 6.35007E-3 9.46941E-3 7.75092E-3 1.45242E-2 1.82849E-2 4.31405E-2 2.22635E-2 2.48441E-2 1.87119E-2 2.12978E-2 2.13185E-2 1.58464E-2 1.32417E-2 1.0397E-2 1.66665E-2 1.68561E-2 1.80652E-2 2.62599E-2 1.58837E-2 1.31923E-2 1.1288E-2 1.20423E-2 1.5081E-2 1.45453E-2 2.22088E-2 1.3777E-2 2.58821E-2
-9999 -9999 -9999 -9999 -9999 -9999 -9999 -9999 -9999 -9999 -9999 -9999 -9999 3.6759E-3 1.72393E-3 2.15245E-4 2.67626E-4 1.12477E-3 1.14325E-3 4.80794E-2 1.60512E-3 1.84723E-4 2.13035E-3 1.20639E-2 2.45182E-2 4.0676E-2 2.55566E-2 1.50591E-2 6.40214E-3 6.58068E-3 5.6782E-3 2.67945E-3 1.70786E-3 1.64255E-2 5.16741E-3 4.72269E-3 8.78285E-3 5.33581E-3 8.8107E-3 7.27477E-2 5.14237E-2 2.89796E-2 2.25929E-2 3.01009E-2 1.80749E-2 2.44316E-2 1.71018E-2 1.89259E-2 1.51194E-2 1.88993E-2 2.0876E-2 2.15309E-2 1.90098E-2 1.4943E-2 1.24249E-2 1.69432E-2 1.66106E-2 2.06707E-2 1.51261E-2 1.59342E-2 1.53766E-2
-9999 -9999 -9999 -9999 -9999 -9999 -9999 -9999 -9999 -9999 -9999 -9999 -9999 5.34609E-3 3.12943E-3 2.38306E-4 5.88416E-4 5.26727E-4 6.48303E-4 1.35067E-2 3.34182E-3 6.16262E-4 1.40448E-3 1.93804E-2 4.00854E-2 3.15817E-2 2.0869E-2 1.0895E-2 6.45195E-3 2.37132E-2 4.41242E-3 3.78927E-3 4.12195E-3 1.40795E-2 2.77332E-3 4.24498E-3 8.73267E-3 4.90495E-3 5.79546E-3 5.97847E-3 5.65614E-2 3.87338E-2 1.53933E-2 1.46656E-2 2.30144E-2 2.10579E-2 1.52197E-2 1.91291E-2 3.55569E-2 3.29041E-2 2.14549E-2 2.70344E-2 2.18465E-2 1.73297E-2 1.16048E-2 1.60307E-2 1.68687E-2 1.57869E-2 2.09555E-2 1.49032E-2 9.64129E-3
-9999 -9999 -9999 -9999 -9999 -9999 -9999 -9999 -9999 -9999 -9999 -9999 -9999 4.42752E-3 4.72866E-3 2.17934E-3 3.40152E-4 3.79079E-4 4.27777E-4 6.2255E-2 5.77137E-4 1.0273E-3 7.6101E-3 5.58815E-2 3.00026E-2 3.00923E-2 3.18723E-2 1.07159E-2 1.31969E-2 1.72857E-2 6.05832E-3 4.46875E-3 7.79826E-3 6.22392E-3 2.64316E-3 3.40439E-3 4.36673E-3 4.69955E-3 6.34609E-3 4.49319E-3 3.39871E-2 1.92404E-2 1.55752E-2 1.8035E-2 1.25835E-2 1.04633E-2 2.07787E-2 2.69432E-2 2.96478E-2 1.86653E-2 1.96948E-2 1.76406E-2 1.94344E-2 1.67001E-2 1.88958E-2 1.54208E-2 1.52952E-2 1.38259E-2 1.09962E-2 9.553E-3 9.51171E-3
-9999 -9999 -9999 -9999 -9999 -9999 -9999 -9999 -9999 -9999 -9999 -9999 -9999 2.80039E-3 3.3272E-3 1.81538E-3 6.02487E-4 3.44385E-4 8.9362E-3 2.58357E-2 1.36902E-3 1.68546E-3 3.44404E-2 4.67397E-2 3.86325E-2 3.03E-2 2.92799E-2 3.25155E-2 1.7751E-2 1.56211E-2 1.89071E-2 1.1194E-2 1.38173E-2 8.9834E-3 1.493E-3 8.24269E-3 8.73778E-3 1.04075E-2 1.65602E-2 5.99492E-3 1.22933E-2 2.1809E-2 1.06374E-2 1.09753E-2 2.75949E-2 3.47074E-2 1.7612E-2 1.63219E-2 1.04065E-2 2.25606E-2 3.04479E-2 2.50011E-2 1.0845E-2 1.27393E-2 2.17686E-2 4.21698E-2 3.39425E-2 2.98084E-2 1.33536E-2 8.64535E-3 1.42759E-2
-9999 -9999 -9999 -9999 -9999 -9999 -9999 -9999 -9999 -9999 -9999 -9999 -9999 3.11517E-3 1.41713E-3 2.64658E-3 2.3305E-3 2.99805E-3 1.46445E-2 1.22153E-3 3.32076E-3 1.45371E-2 2.69364E-2 4.00514E-2 4.03692E-2 2.93529E-2 3.2583E-2 3.15486E-2 2.96111E-2 3.74057E-2 3.29799E-2 2.19228E-2 4.61853E-3 1.6014E-3 1.45126E-3 5.42332E-3 2.25514E-2 1.6367E-2 4.95684E-2 4.67572E-3 8.82604E-3 2.93928E-2 1.87673E-2 9.28506E-3 1.68653E-2 1.21544E-2 1.12337E-2 1.245E-2 1.07255E-2 1.3653E-2 2.14307E-2 2.49874E-2 1.22201E-2 2.16873E-2 2.54618E-2 4.09067E-2 4.38897E-2 2.96602E-2 2.62654E-2 1.16428E-2 1.30133E-2
-9999 -9999 -9999 -9999 -9999 -9999 -9999 -9999 -9999 -9999 -9999 -9999 2.99887E-3 4.23691E-3 3.86656E-3 3.65531E-3 6.7912E-3 7.31219E-3 3.12324E-3 3.98155E-4 3.06756E-3 3.13492E-2 3.76897E-2 3.74019E-2 2.34731E-2 3.09377E-2 3.2482E-2 3.24856E-2 3.07241E-2 3.63123E-2 6.07926E-2 1.66189E-2 2.75556E-3 1.5793E-3 2.67149E-3 3.07297E-3 1.48369E-2 1.92565E-2 1.76862E-2 5.06679E-3 4.14369E-3 3.35569E-2 1.10102E-2 1.22767E-2 1.3223E-2 8.78597E-3 1.91854E-2 1.49183E-2 1.43574E-2 1.46465E-2 1.48056E-2 1.3878E-2 1.65783E-2 2.47695E-2 2.69897E-2 2.63024E-2 4.38706E-2 1.72914E-2 2.81659E-2 1.94776E-2 8.84424E-3
-9999 -9999 -9999 -9999 -9999 -9999 -9999 -9999 -9999 -9999 -9999 -9999 1.11695E-2 5.69836E-3 2.27153E-3 3.21456E-3 7.14189E-3 3.79877E-3 9.53707E-4 1.21397E-3 2.16109E-2 6.06626E-2 1.69595E-2 3.31761E-2 2.92643E-2 2.8399E-2 3.28367E-2 3.06589E-2 3.01937E-2 3.06051E-2 3.84213E-2 2.15777E-2 4.05364E-3 5.98852E-3 1.3507E-3 3.84132E-3 2.14488E-2 2.73848E-2 2.47758E-2 3.76789E-3 4.48735E-3 2.96557E-2 2.14056E-2 1.19536E-2 1.60584E-2 1.47864E-2 1.94874E-2 1.76877E-2 1.29876E-2 2.25654E-2 4.28468E-2 1.60531E-2 2.13801E-2 1.14882E-2 2.37106E-2 2.70612E-2 2.20128E-2 2.22315E-2 2.50309E-2 2.84031E-2 1.8276E-2
-9999 -9999 -9999 -9999 -9999 -9999 -9999 -9999 -9999 -9999 -9999 -9999 8.58954E-3 2.86063E-3 1.43069E-3 3.91339E-3 4.83657E-3 2.3376E-3 8.53465E-4 6.54922E-3 2.86719E-2 2.77289E-2 2.57919E-2 9.28286E-3 1.51876E-2 2.52103E-2 3.23703E-2 2.96049E-2 2.96103E-2 3.16998E-2 3.20888E-2 6.89669E-3 3.14313E-3 1.74852E-3 1.4797E-3 3.00401E-3 1.50645E-2 2.51634E-2 1.58011E-2 5.81926E-3 4.69843E-3 2.61785E-2 1.98924E-2 1.27031E-2 1.88928E-2 2.07056E-2 1.89626E-2 1.82959E-2 1.50432E-2 1.58698E-2 2.53223E-2 1.11815E-2 2.25033E-2 2.59288E-2 2.38778E-2 1.94359E-2 1.32857E-2 1.26031E-2 1.59276E-2 1.16957E-2 9.01005E-3
-9999 -9999 -9999 -9999 -9999 -9999 -9999 -9999 -9999 -9999 -9999 -9999 1.93706E-2 1.38678E-3 5.03666E-3 5.37298E-3 4.21437E-2 4.75774E-4 2.31268E-3 5.24219E-3 1.37478E-2 2.08922E-2 2.20007E-2 2.4163E-2 1.44283E-2 1.74504E-2 2.47301E-2 3.12349E-2 2.89845E-2 3.26376E-2 3.28033E-2 1.27127E-2 3.88056E-3 2.40825E-3 1.54246E-3 1.84982E-3 9.68158E-3 1.6217E-2 9.08853E-3 8.57156E-3 6.69825E-3 2.17939E-2 2.34438E-2 2.89827E-2 1.78239E-2 2.09942E-2 2.20176E-2 3.05388E-2 2.16378E-2 1.85488E-2 1.56904E-2 2.94091E-2 1.84413E-2 2.14803E-2 2.31383E-2 1.92587E-2 2.59043E-2 1.76116E-2 2.85341E-2 1.12853E-2 1.74853E-2
-9999 -9999 -9999 -9999 -9999 -9999 -9999 -9999 -9999 -9999 -9999 5.29838E-3 3.27278E-3 4.53554E-3 3.79276E-3 7.68839E-4 2.11254E-2 1.75069E-3 1.01914E-2 3.85176E-2 2.88578E-2 1.75258E-2 2.41379E-2 2.09474E-2 8.4737E-3 1.5852E-2 2.30957E-2 2.60467E-2 2.80167E-2 3.73391E-2 4.1581E-2 1.92877E-2 4.81037E-3 6.22881E-3 2.50727E-3 3.80953E-3 5.67569E-3 1.9475E-2 2.91904E-2 1.91366E-2 1.7647E-2 1.18774E-2 2.24368E-2 2.5667E-2 3.50508E-2 2.98595E-2 2.92811E-2 2.86833E-2 2.08208E-2 1.66112E-2 2.45417E-2 2.04698E-2 1.45527E-2 1.96304E-2 2.05421E-2 1.72325E-2 2.5845E-2 2.57851E-2 1.62114E-2 1.06304E-2 2.49293E-2
-9999 -9999 -9999 -9999 -9999 -9999 -9999 -9999 -9999 -9999 -9999 4.22635E-3 2.85487E-3 1.06849E-2 7.35301E-3 6.96584E-3 1.35505E-2 2.04256E-3 2.32147E-2 3.94886E-2 3.50811E-2 1.11054E-2 1.00107E-2 1.21015E-2 2.04634E-2 2.23834E-2 1.9042E-2 4.63894E-3 5.53075E-3 5.11212E-2 2.80604E-2 2.54973E-2 3.03835E-2 4.56316E-3 3.26854E-3 2.59798E-3 5.85831E-3 2.50336E-2 9.46013E-3 1.6678E-2 1.79294E-2 2.10646E-2 9.04284E-3 2.42678E-2 2.10503E-2 2.62365E-2 2.19319E-2 3.23277E-2 1.66871E-2 1.11327E-2 1.88449E-2 2.10978E-2 1.29714E-2 1.86447E-2 2.44978E-2 1.90947E-2 2.4869E-2 2.45892E-2 1.48772E-2 1.28487E-2 1.02286E-2
-9999 -9999 -9999 -9999 -9999 -9999 -9999 -9999 -9999 -9999 5.71184E-4 6.94975E-4 3.09749E-3 8.8392E-3 2.52048E-2 4.9216E-3 8.5954E-4 2.94414E-3 2.1091E-2 1.60198E-2 2.19472E-2 2.63505E-2 2.57804E-2 2.46559E-2 2.453E-2 2.82923E-2 2.02306E-2 5.57125E-3 1.78743E-2 4.03015E-2 4.19978E-2 2.30344E-2 3.1691E-2 2.6319E-3 5.04576E-3 3.27021E-3 1.64735E-2 2.41742E-2 1.50607E-2 2.43655E-2 1.43789E-2 2.60548E-2 2.09249E-2 9.13799E-3 2.3199E-2 1.18141E-2 2.91015E-2 3.39348E-2 1.18487E-2 5.37448E-2 2.58072E-2 2.60844E-2 2.36964E-2 2.35531E-2 2.33925E-2 2.57836E-2 2.10254E-2 1.48364E-2 2.49515E-2 2.58547E-2 1.54486E-2
-9999 -9999 -9999 -9999 -9999 -9999 -9999 -9999 -9999 -9999 3.90396E-4 2.75446E-4 5.42876E-3 1.0229E-2 1.34199E-2 1.92116E-3 8.48573E-4 8.32784E-3 9.58061E-3 1.07828E-2 1.27971E-2 2.28361E-2 2.54734E-2 2.79529E-2 2.74251E-2 2.48467E-2 2.40217E-2 2.55607E-2 2.92239E-2 3.72543E-2 3.44255E-2 2.75E-2 8.18348E-3 8.12199E-3 4.09807E-3 3.55003E-3 1.79774E-2 2.26094E-2 1.82231E-2 3.57976E-2 1.00171E-2 2.20637E-2 2.91412E-2 1.08842E-2 1.81582E-2 2.15914E-2 2.31514E-2 3.16857E-2 2.63518E-2 2.33766E-2 2.76837E-2 1.88999E-2 2.26132E-2 2.17981E-2 1.88518E-2 1.31486E-2 1.80247E-2 1.79808E-2 1.80298E-2 1.74404E-2 1.75829E-2
-9999 -9999 -9999 -9999 -9999 -9999 -9999 -9999 -9999 -9999 2.67314E-4 1.82615E-4 6.50591E-3 6.36247E-3 3.56031E-3 1.9711E-3 1.38066E-3 8.59141E-3 1.73881E-2 1.27861E-2 9.83071E-3 1.19058E-2 1.24927E-2 1.47156E-2 2.24231E-2 1.43616E-2 2.70369E-2 5.93285E-3 2.12514E-2 4.16324E-2 1.7917E-2 6.88235E-3 5.75494E-3 7.44167E-3 5.24843E-3 5.91137E-3 1.91717E-2 1.04334E-2 2.80764E-2 3.66719E-2 2.51854E-2 3.11105E-2 1.91956E-2 1.80439E-2 1.56241E-2 2.58888E-2 2.77373E-2 2.96829E-2 2.93433E-2 2.32542E-2 2.32663E-2 1.98372E-2 1.55601E-2 2.0863E-2 1.76909E-2 2.30371E-2 2.57086E-2 2.03651E-2 2.00664E-2 2.04563E-2 1.99202E-2
-9999 -9999 -9999 -9999 -9999 -9999 -9999 -9999 -9999 2.74965E-4 2.1173E-4 2.20531E-4 6.59583E-3 2.45587E-3 6.4667E-4 7.22439E-4 3.65559E-3 1.74655E-2 2.40111E-2 7.67761E-3 1.06958E-2 1.42731E-2 1.60399E-2 1.68142E-2 8.90986E-3 6.16474E-3 2.24539E-2 1.58417E-2 1.35522E-2 1.11349E-2 7.98904E-3 1.60055E-2 1.12338E-2 1.30656E-2 1.74688E-2 1.76479E-2 2.41885E-2 1.65154E-2 3.08232E-2 2.98227E-2 1.17281E-2 1.49524E-2 1.5234E-2 1.87947E-2 2.57246E-2 2.93946E-2 2.37022E-2 2.78541E-2 3.31228E-2 2.66031E-2 2.19497E-2 1.99513E-2 2.23836E-2 1.62602E-2 1.53619E-2 1.40263E-2 1.73838E-2 1.65719E-2 2.35299E-2 1.66307E-2 1.56572E-2
-9999 -9999 -9999 -9999 -9999 -9999 -9999 -9999 -9999 3.23027E-4 1.37939E-4 2.50624E-4 1.54873E-3 5.14583E-4 3.93432E-4 6.2221E-4 3.8162E-3 1.09299E-2 1.8413E-2 1.34101E-2 2.17346E-2 1.30055E-2 1.42654E-2 1.51215E-2 1.07069E-2 1.69623E-2 3.3165E-2 3.04399E-2 2.57539E-2 2.4449E-2 1.60576E-2 1.86131E-2 1.36255E-2 1.64165E-2 4.85115E-2 4.12844E-2 3.60906E-2 2.56587E-2 3.3149E-2 1.77428E-2 1.91453E-2 1.13941E-2 3.05415E-2 3.49418E-2 3.98076E-2 2.30775E-2 2.84952E-2 3.01129E-2 2.77899E-2 1.81366E-2 1.1619E-2 1.47648E-2 2.2822E-2 1.80732E-2 1.48561E-2 1.37031E-2 1.44163E-2 1.77421E-2 1.48053E-2 2.26083E-2 2.15996E-2
-9999 -9999 -9999 -9999 -9999 -9999 -9999 -9999 1.94576E-4 1.94274E-4 4.58198E-4 3.93685E-3 4.77146E-4 4.93071E-4 5.77201E-4 3.26894E-3 6.21916E-3 1.16689E-2 1.44545E-2 1.62551E-2 2.18652E-2 2.41235E-2 1.48298E-2 1.86946E-2 1.011E-2 3.33762E-2 2.98932E-2 3.53391E-2 3.15089E-2 2.93025E-2 2.30043E-2 2.03545E-2 1.17331E-2 2.76636E-2 4.43044E-2 3.39723E-2 3.6497E-2 1.5652E-2 1.62908E-2 1.90962E-2 1.18873E-2 9.6135E-3 2.18183E-2 2.60815E-2 1.32391E-2 2.98927E-2 9.50731E-3 3.34704E-2 2.6223E-2 1.23965E-2 1.80207E-2 2.15614E-2 2.53886E-2 2.7155E-2 2.46781E-2 1.33799E-2 1.30213E-2 1.30182E-2 1.49457E-2 2.42337E-2 2.13116E-2
-9999 -9999 -9999 -9999 -9999 -9999 -9999 5.97241E-4 4.35348E-4 2.15599E-4 1.90779E-3 4.28298E-3 3.35664E-4 4.20197E-4 9.73069E-4 1.06965E-2 1.26075E-2 1.607E-2 2.00376E-2 2.20297E-2 2.45922E-2 1.86258E-2 1.95714E-2 2.2263E-2 1.96055E-2 2.80339E-2 2.43603E-2 2.64589E-2 2.31261E-2 2.94587E-2 2.57884E-2 1.52011E-2 2.20983E-2 1.78662E-2 3.69436E-2 4.41337E-2 1.67395E-2 1.22058E-2 1.0531E-2 1.52115E-2 2.24572E-2 2.41602E-2 3.05719E-2 2.00967E-2 1.52135E-2 3.14996E-2 3.55363E-2 2.24023E-2 5.47895E-2 9.54359E-3 1.91732E-2 1.95866E-2 3.00465E-2 2.55553E-2 1.7796E-2 1.59371E-2 1.63546E-2 1.30854E-2 1.07862E-2 2.17946E-2 2.31948E-2
-9999 -9999 -9999 -9999 -9999 -9999 -9999 2.58854E-4 1.32006E-4 8.73595E-5 7.20976E-4 6.7913E-4 2.4473E-4 7.07819E-4 5.34961E-3 1.17386E-2 1.292E-2 3.52656E-2 2.08085E-2 1.86184E-2 2.20324E-2 2.93962E-2 3.49197E-2 2.93177E-2 2.69185E-2 2.34564E-2 2.52637E-2 3.40653E-2 2.39787E-2 3.07286E-2 2.5589E-2 1.67842E-2 1.97875E-2 2.53021E-2 3.67999E-2 2.24814E-2 1.26989E-2 1.35777E-2 1.05968E-2 1.01514E-2 1.4771E-2 3.03613E-2 2.86073E-2 2.21273E-2 2.86422E-2 2.69313E-2 3.46037E-2 3.2794E-2 2.52975E-2 3.70729E-2 3.09802E-2 1.86638E-2 3.08732E-2 2.80912E-2 2.43536E-2 1.08375E-2 1.52576E-2 1.74769E-2 1.2556E-2 2.32832E-2 2.17451E-2
-9999 -9999 -9999 -9999 -9999 -9999 -9999 7.95368E-4 3.35713E-4 1.28719E-4 9.77278E-4 1.24376E-3 1.09009E-3 7.53125E-4 9.03492E-3 1.04698E-2 1.52264E-2 3.45002E-2 2.09872E-2 1.75141E-2 2.14056E-2 2.29824E-2 4.4501E-2 3.14888E-2 2.17282E-2 1.86246E-2 1.88212E-2 3.58142E-2 1.99119E-2 2.82502E-2 3.40061E-2 1.8894E-2 3.48065E-2 3.27269E-2 2.80758E-2 2.5196E-2 1.48653E-2 1.80214E-2 8.4548E-3 1.32385E-2 2.06869E-2 3.66911E-2 4.08962E-2 3.21611E-2 3.11416E-2 3.47442E-2 2.72114E-2 1.69098E-2 3.1908E-2 2.10022E-2 1.82426E-2 2.11843E-2 1.9802E-2 4.33779E-2 2.82846E-2 2.77442E-2 2.83833E-2 1.1078E-2 1.5201E-2 2.28783E-2 1.86666E-2
