Final_Models_Sept202022/M_0.1_F_lqp_Set_1/Bison_1.asc
ncols         97
nrows         127
xllcorner     -2197417.7431653
yllcorner     -584827.01486885
cellsize      30000.0
NODATA_value  -9999
[rows 81 to 107 of 127, columns 0 to 60 of 97]
-9999 -9999 -9999 -9999 -9999 -9999 -9999 -9999 -9999 -9999 -9999 7.40355E-3 1.27837E-3 8.94151E-4 8.76093E-3 6.22641E-3 3.86429E-3 7.6143E-4 1.02851E-3 1.39766E-2 4.50353E-3 3.69816E-2 1.84191E-2 5.55735E-2 1.82915E-1 2.93451E-1 1.16464E-1 9.06672E-2 1.27023E-1 1.46251E-2 1.25269E-2 3.67779E-3 1.04241E-2 4.52361E-2 5.43788E-2 7.34146E-2 7.51106E-2 4.30777E-1 6.10766E-1 8.01178E-1 9.00129E-1 7.31233E-1 6.99653E-1 8.03472E-1 7.29632E-1 5.22992E-1 4.71476E-1 4.57131E-1 4.83181E-1 5.42579E-1 5.86742E-1 6.87123E-1 7.10853E-1 6.79111E-1 6.74452E-1 5.01206E-1 6.07364E-1 6.27573E-1 5.68507E-1 5.13254E-1 5.11376E-1
-9999 -9999 -9999 -9999 -9999 -9999 -9999 -9999 -9999 -9999 -9999 -9999 3.72156E-3 7.25959E-4 2.44302E-3 8.55621E-3 5.71577E-3 1.34128E-2 2.18884E-3 1.62828E-3 1.88308E-3 3.08265E-3 2.93463E-3 1.88492E-2 2.46967E-1 2.49972E-1 6.48459E-2 1.10493E-1 1.65725E-1 2.2994E-2 9.34373E-3 8.04322E-3 6.34186E-3 2.19696E-2 9.0747E-2 1.21896E-1 1.07231E-1 1.54815E-1 3.62353E-1 6.84803E-1 8.75708E-1 7.40111E-1 7.06916E-1 7.52352E-1 6.89935E-1 5.15812E-1 4.28329E-1 5.11422E-1 5.52718E-1 6.72513E-1 6.76024E-1 6.90104E-1 7.23009E-1 6.80807E-1 6.38529E-1 6.37927E-1 6.02515E-1 5.40634E-1 5.18193E-1 4.59573E-1 5.61375E-1
-9999 -9999 -9999 -9999 -9999 -9999 -9999 -9999 -9999 -9999 -9999 -9999 -9999 3.13516E-3 2.81506E-4 1.25949E-3 1.83615E-3 1.73355E-2 1.97561E-1 9.27053E-3 3.05635E-3 4.21576E-3 9.61291E-4 1.00987E-2 6.85393E-2 4.65903E-2 4.35528E-2 1.37077E-1 2.50732E-2 1.92309E-2 8.81323E-3 7.66288E-3 3.11368E-3 1.2127E-2 4.65891E-2 2.56367E-1 8.87331E-2 1.16435E-1 1.87259E-1 6.43721E-1 7.91676E-1 7.89783E-1 7.355E-1 6.80161E-1 6.27035E-1 4.77914E-1 4.92362E-1 5.26528E-1 5.70161E-1 6.39175E-1 6.5574E-1 6.575E-1 7.40166E-1 7.06897E-1 6.50194E-1 6.31519E-1 6.72009E-1 6.11729E-1 4.91034E-1 5.03109E-1 5.21095E-1
-9999 -9999 -9999 -9999 -9999 -9999 -9999 -9999 -9999 -9999 -9999 -9999 -9999 3.15318E-3 7.06705E-4 1.54561E-3 6.82074E-3 -9999 1.85009E-2 6.67846E-2 1.04089E-1 2.34946E-2 2.07375E-3 6.68012E-3 1.33591E-1 5.39525E-2 1.29845E-1 7.10085E-2 3.40863E-2 1.64446E-2 1.8959E-2 8.16472E-3 4.95159E-3 1.50488E-2 3.8144E-2 1.12834E-1 6.77905E-2 9.36142E-2 1.26293E-1 4.69601E-1 6.47134E-1 7.04959E-1 7.02004E-1 5.40343E-1 5.96988E-1 6.87835E-1 6.4173E-1 6.66223E-1 5.41885E-1 6.03245E-1 6.2596E-1 6.00171E-1 6.33892E-1 6.00956E-1 6.1146E-1 4.49691E-1 6.14872E-1 6.67826E-1 5.64457E-1 5.50121E-1 6.30606E-1
-9999 -9999 -9999 -9999 -9999 -9999 -9999 -9999 -9999 -9999 -9999 -9999 -9999 6.74238E-3 2.26889E-3 8.76069E-4 6.27208E-3 -9999 5.22079E-2 2.46353E-1 5.43947E-2 3.62906E-3 6.54067E-4 8.86488E-3 3.83744E-2 6.91537E-2 1.62532E-1 4.28139E-2 3.05354E-2 1.78268E-2 8.95821E-3 4.05018E-3 1.15147E-2 2.09352E-2 3.16193E-2 9.12956E-2 1.01799E-1 1.2007E-1 2.21181E-1 2.16525E-1 4.98365E-1 6.18678E-1 6.84331E-1 6.04628E-1 5.53139E-1 6.817E-1 5.33418E-1 4.91695E-1 5.33643E-1 6.69292E-1 6.23797E-1 4.92311E-1 6.02508E-1 7.05722E-1 6.48431E-1 5.92362E-1 6.98415E-1 5.24226E-1 5.27014E-1 5.15963E-1 5.01672E-1
-9999 -9999 -9999 -9999 -9999 -9999 -9999 -9999 -9999 -9999 -9999 -9999 -9999 2.36479E-3 4.85124E-3 1.98924E-3 3.12013E-3 -9999 4.17801E-3 5.17888E-2 9.92696E-3 2.40034E-3 2.77721E-3 5.10723E-3 3.8265E-2 1.10303E-1 2.42111E-1 5.745E-2 2.91224E-2 1.13393E-2 2.16158E-2 1.27353E-2 1.27411E-2 1.36357E-2 2.13561E-2 2.14393E-1 3.4477E-2 1.13435E-1 1.25394E-1 3.08641E-1 4.2298E-1 5.87058E-1 6.26024E-1 6.27969E-1 6.34915E-1 5.76106E-1 4.69959E-1 5.21393E-1 5.69132E-1 6.71762E-1 5.86457E-1 4.01228E-1 5.1329E-1 6.95687E-1 6.67788E-1 6.44774E-1 6.46468E-1 4.27701E-1 4.68317E-1 5.0101E-1 6.07306E-1
-9999 -9999 -9999 -9999 -9999 -9999 -9999 -9999 -9999 -9999 -9999 -9999 -9999 3.1667E-3 1.3438E-3 1.06702E-3 2.84021E-2 -9999 1.76744E-2 4.93924E-2 6.74968E-3 1.68352E-3 5.94469E-3 3.07892E-2 7.52276E-2 2.04333E-1 5.05898E-1 2.42426E-1 1.37611E-1 2.02044E-2 4.19493E-2 6.47312E-3 1.92454E-3 2.1864E-2 4.99652E-2 1.13732E-1 1.03554E-1 5.12268E-2 5.48625E-1 4.3242E-1 3.39568E-1 5.52989E-1 7.31597E-1 6.2144E-1 5.883E-1 5.93833E-1 6.54396E-1 7.01775E-1 6.1262E-1 5.11254E-1 4.2394E-1 3.59842E-1 5.14378E-1 6.24426E-1 7.17301E-1 6.9322E-1 5.89559E-1 4.86193E-1 4.59929E-1 4.75307E-1 5.49449E-1
-9999 -9999 -9999 -9999 -9999 -9999 -9999 -9999 -9999 -9999 -9999 -9999 -9999 1.36621E-3 1.20754E-3 8.68405E-4 1.33308E-3 4.67483E-3 3.99435E-3 6.01248E-2 2.92758E-3 6.82897E-4 8.08551E-3 5.8355E-2 2.46843E-1 4.64169E-1 3.76895E-1 1.49678E-1 5.64252E-2 7.52202E-2 4.13955E-2 1.02412E-2 6.74338E-3 1.0554E-1 2.47177E-2 2.52584E-2 9.49851E-2 2.19093E-2 5.99599E-2 2.7592E-1 3.24885E-1 5.91906E-1 6.00655E-1 6.26558E-1 6.25026E-1 6.02535E-1 5.66521E-1 4.88799E-1 6.43471E-1 6.34525E-1 5.25015E-1 4.86972E-1 6.89401E-1 6.9115E-1 7.07412E-1 6.86627E-1 6.36651E-1 5.94628E-1 6.27245E-1 4.55924E-1 4.93574E-1
-9999 -9999 -9999 -9999 -9999 -9999 -9999 -9999 -9999 -9999 -9999 -9999 -9999 1.88948E-3 1.66045E-3 6.72431E-4 2.67155E-3 1.86308E-3 2.26964E-3 1.77716E-2 7.89317E-3 2.17608E-3 5.4075E-3 9.85315E-2 4.76534E-1 3.62667E-1 1.62306E-1 7.66553E-2 5.36158E-2 2.43401E-1 2.19046E-2 1.938E-2 1.9378E-2 1.54097E-1 1.71543E-2 2.8361E-2 1.29485E-1 1.20031E-2 1.88116E-2 2.9159E-2 2.76445E-1 5.18879E-1 5.4937E-1 6.75953E-1 6.58478E-1 6.18278E-1 6.53293E-1 4.61712E-1 3.54336E-1 4.60168E-1 5.12795E-1 4.16124E-1 6.39996E-1 6.85749E-1 7.246E-1 6.73474E-1 6.15065E-1 6.42597E-1 6.21485E-1 6.39983E-1 5.36634E-1
-9999 -9999 -9999 -9999 -9999 -9999 -9999 -9999 -9999 -9999 -9999 -9999 -9999 2.31552E-3 2.75645E-3 2.85541E-3 9.6141E-4 1.30024E-3 1.50361E-3 5.45593E-2 2.07529E-3 3.66559E-3 3.79042E-2 4.18721E-1 6.05269E-1 3.03889E-1 3.10477E-1 7.23456E-2 1.09002E-1 1.81089E-1 6.05902E-2 2.97011E-2 7.49953E-2 2.93191E-2 1.87608E-2 2.33605E-2 4.57104E-2 1.75566E-2 6.54416E-2 2.04301E-2 1.79163E-1 2.73191E-1 6.84891E-1 5.87908E-1 6.69008E-1 6.81795E-1 4.85559E-1 4.8812E-1 4.30065E-1 6.1862E-1 5.8429E-1 4.73807E-1 6.43625E-1 5.92422E-1 6.03736E-1 6.09023E-1 6.00736E-1 6.24301E-1 6.56904E-1 6.45557E-1 5.85985E-1
-9999 -9999 -9999 -9999 -9999 -9999 -9999 -9999 -9999 -9999 -9999 -9999 -9999 3.44412E-3 4.98822E-3 4.30777E-3 1.94971E-3 1.20291E-3 2.5348E-2 4.25029E-2 5.71521E-3 6.33684E-3 1.89708E-1 5.9229E-1 3.91253E-1 2.64337E-1 4.44551E-1 3.62237E-1 1.39375E-1 1.01143E-1 1.1041E-1 6.27613E-2 8.29554E-2 2.72024E-2 6.91836E-3 7.73897E-2 8.6962E-2 9.46263E-2 1.76339E-1 3.30582E-2 4.03282E-2 2.41595E-1 6.31746E-1 7.05315E-1 4.77637E-1 4.85913E-1 5.79567E-1 5.5868E-1 6.20696E-1 5.07512E-1 4.26902E-1 4.42999E-1 5.60685E-1 5.89497E-1 5.8973E-1 4.42965E-1 4.39948E-1 5.12859E-1 6.01934E-1 5.59261E-1 4.89996E-1
-9999 -9999 -9999 -9999 -9999 -9999 -9999 -9999 -9999 -9999 -9999 -9999 -9999 3.8956E-3 2.22357E-3 1.01892E-2 8.65149E-3 1.04301E-2 2.80803E-2 6.39535E-3 1.54583E-2 8.16278E-2 1.62096E-1 2.93171E-1 2.83891E-1 2.35112E-1 3.52496E-1 3.56911E-1 3.93426E-1 2.7595E-1 1.68036E-1 1.12977E-1 2.17567E-2 8.06321E-3 8.1877E-3 5.01184E-2 2.05359E-1 3.32457E-1 4.58925E-1 3.1773E-2 6.41096E-2 3.97051E-1 5.4959E-1 6.68432E-1 5.37925E-1 5.68024E-1 6.0946E-1 5.87425E-1 5.64604E-1 5.33595E-1 4.60159E-1 5.02824E-1 5.93833E-1 6.01766E-1 6.01005E-1 5.35823E-1 4.62664E-1 6.32151E-1 5.65476E-1 5.61673E-1 5.3773E-1
-9999 -9999 -9999 -9999 -9999 -9999 -9999 -9999 -9999 -9999 -9999 -9999 4.32477E-3 3.47687E-3 5.88222E-3 1.49579E-2 2.19479E-2 2.09641E-2 1.34074E-2 1.49573E-3 1.58935E-2 3.04035E-1 3.27782E-1 3.23252E-1 1.06667E-1 2.0783E-1 2.95833E-1 3.27729E-1 3.38956E-1 1.87514E-1 3.07399E-1 9.41022E-2 1.66984E-2 8.4836E-3 1.75462E-2 1.88561E-2 1.36734E-1 3.87051E-1 9.92158E-2 3.00514E-2 1.79967E-2 2.8759E-1 5.52034E-1 6.27827E-1 5.77484E-1 5.99907E-1 5.65471E-1 5.2344E-1 4.73691E-1 6.46986E-1 4.96536E-1 4.9247E-1 5.28772E-1 5.44438E-1 5.66951E-1 5.48794E-1 5.05418E-1 7.01753E-1 5.74598E-1 5.2806E-1 6.14963E-1
-9999 -9999 -9999 -9999 -9999 -9999 -9999 -9999 -9999 -9999 -9999 -9999 1.13866E-2 6.33613E-3 6.15013E-3 1.02409E-2 1.40725E-2 1.60138E-2 4.62367E-3 4.93043E-3 1.11168E-1 3.33159E-1 9.60138E-2 2.49757E-1 2.07496E-1 1.80567E-1 1.67209E-1 2.41778E-1 2.94361E-1 2.74102E-1 2.25244E-1 1.52393E-1 2.92302E-2 3.60415E-2 7.32598E-3 2.91275E-2 2.87704E-1 5.57225E-1 1.26036E-1 1.76989E-2 2.12213E-2 2.86349E-1 4.29149E-1 5.09878E-1 5.0047E-1 5.38177E-1 4.43313E-1 4.78675E-1 5.387E-1 5.59346E-1 4.97155E-1 4.50141E-1 4.28972E-1 4.95848E-1 5.12972E-1 5.03407E-1 5.08572E-1 5.53699E-1 5.70477E-1 5.00544E-1 5.21189E-1
-9999 -9999 -9999 -9999 -9999 -9999 -9999 -9999 -9999 -9999 -9999 -9999 4.92239E-3 5.17229E-3 5.15581E-3 1.22287E-2 9.54191E-3 6.83523E-3 2.77492E-3 3.36644E-2 1.66846E-1 1.42181E-1 1.44618E-1 4.67881E-2 7.91845E-2 1.41958E-1 2.83032E-1 2.00172E-1 2.55488E-1 2.19612E-1 2.95527E-1 4.63882E-2 1.97307E-2 9.68177E-3 7.7441E-3 1.96327E-2 1.91948E-1 5.26471E-1 1.48834E-1 3.33439E-2 2.65449E-2 4.28373E-1 4.35713E-1 5.41074E-1 4.4559E-1 4.45139E-1 4.16674E-1 4.01985E-1 5.24565E-1 7.12245E-1 6.58439E-1 6.86825E-1 5.18245E-1 4.2738E-1 5.10396E-1 6.04471E-1 6.34663E-1 6.88187E-1 5.33767E-1 5.13026E-1 5.99963E-1
-9999 -9999 -9999 -9999 -9999 -9999 -9999 -9999 -9999 -9999 -9999 -9999 2.08101E-2 4.25031E-3 2.3444E-2 1.8836E-2 3.74203E-2 1.47508E-3 1.27668E-2 2.54521E-2 6.70289E-2 1.09448E-1 1.12989E-1 1.4575E-1 6.95635E-2 9.69991E-2 1.743E-1 2.162E-1 3.30424E-1 3.89693E-1 2.82501E-1 1.04208E-1 3.13895E-2 1.66539E-2 7.65649E-3 7.30171E-3 7.73581E-2 3.07732E-1 4.35416E-2 9.99457E-2 5.01141E-2 3.16192E-1 4.4062E-1 5.28789E-1 4.89922E-1 4.89367E-1 5.24882E-1 4.0296E-1 4.74103E-1 6.37437E-1 6.36682E-1 6.22787E-1 6.45738E-1 5.08545E-1 7.18848E-1 6.47537E-1 7.345E-1 5.98372E-1 4.6501E-1 5.02631E-1 4.90135E-1
-9999 -9999 -9999 -9999 -9999 -9999 -9999 -9999 -9999 -9999 -9999 5.64397E-3 4.87097E-3 2.66235E-2 1.38476E-2 2.7501E-3 2.33049E-2 8.30702E-3 4.84244E-2 2.89563E-1 1.66823E-1 9.2419E-2 1.45807E-1 1.24236E-1 3.46433E-2 9.17789E-2 1.66205E-1 3.55921E-1 3.56808E-1 4.80546E-1 4.66281E-1 4.20225E-1 3.24574E-2 3.95373E-2 1.37675E-2 1.51439E-2 5.02507E-2 5.73242E-1 3.83735E-1 2.26161E-1 4.20229E-1 1.96868E-1 6.55988E-1 6.03226E-1 5.82773E-1 6.57772E-1 5.09255E-1 3.18262E-1 4.46355E-1 5.24807E-1 4.94515E-1 4.12822E-1 5.99431E-1 7.06553E-1 5.42069E-1 4.90829E-1 4.59124E-1 4.94286E-1 5.07955E-1 5.49749E-1 4.82739E-1
-9999 -9999 -9999 -9999 -9999 -9999 -9999 -9999 -9999 -9999 -9999 4.12463E-3 1.26455E-2 4.3818E-2 2.46427E-2 2.28616E-2 1.75481E-2 6.07491E-3 1.32019E-1 2.50458E-1 2.21378E-1 5.6692E-2 4.97303E-2 5.81651E-2 1.32986E-1 1.86332E-1 1.78269E-1 3.0065E-2 2.96151E-2 6.57928E-1 5.39885E-1 5.68457E-1 2.75014E-1 1.72159E-2 1.93034E-2 1.08115E-2 2.97658E-2 5.91701E-1 8.22518E-2 5.65898E-1 4.68799E-1 3.06831E-1 7.4842E-1 5.87527E-1 5.74649E-1 1.60188E-1 9.6362E-2 4.96849E-1 4.14253E-1 6.30039E-1 5.13821E-1 3.87057E-1 5.497E-1 6.11716E-1 4.0143E-1 4.2676E-1 4.05245E-1 4.22909E-1 4.79059E-1 4.9895E-1 5.10505E-1
-9999 -9999 -9999 -9999 -9999 -9999 -9999 -9999 -9999 -9999 1.09292E-3 1.52924E-3 1.54039E-2 3.18498E-2 1.15172E-1 9.95272E-3 3.79585E-3 1.62376E-2 1.12253E-1 8.47539E-2 1.18135E-1 1.48716E-1 1.56642E-1 1.33262E-1 1.68381E-1 3.17694E-1 1.58651E-1 3.20893E-2 1.158E-1 2.90446E-1 3.06885E-1 6.79782E-1 4.09493E-1 1.28761E-2 3.61374E-2 2.34821E-2 1.09388E-1 6.13036E-1 1.50232E-1 3.5536E-1 7.03121E-1 4.14158E-1 6.6724E-1 7.13E-1 4.74666E-1 6.1921E-1 2.68868E-1 4.73797E-1 5.31808E-1 2.85261E-1 5.10517E-1 3.45287E-1 3.47431E-1 3.80183E-1 3.98437E-1 4.07864E-1 4.08148E-1 4.62286E-1 4.26681E-1 4.19497E-1 4.4283E-1
-9999 -9999 -9999 -9999 -9999 -9999 -9999 -9999 -9999 -9999 7.43072E-4 7.36512E-4 3.02484E-2 4.46144E-2 2.89797E-2 5.96821E-3 4.00171E-3 4.03069E-2 4.61728E-2 5.24297E-2 6.42255E-2 1.23544E-1 1.41294E-1 1.71975E-1 1.73599E-1 1.6792E-1 2.28871E-1 2.25284E-1 3.38776E-1 4.01577E-1 2.12259E-1 1.92069E-1 3.22483E-2 2.13292E-2 2.04172E-2 2.29031E-2 1.30617E-1 4.03498E-1 1.63726E-1 4.80822E-1 7.85452E-1 1.32382E-1 3.64152E-1 6.38237E-1 5.51953E-1 3.96419E-1 4.38744E-1 3.63069E-1 3.36465E-1 4.09195E-1 3.25014E-1 3.917E-1 3.54998E-1 3.65429E-1 4.42365E-1 5.08202E-1 4.40701E-1 4.36877E-1 4.59218E-1 4.77425E-1 4.79559E-1
-9999 -9999 -9999 -9999 -9999 -9999 -9999 -9999 -9999 -9999 5.74685E-4 6.98772E-4 3.36279E-2 3.11326E-2 7.74914E-3 5.09886E-3 6.74785E-3 3.9825E-2 8.63314E-2 6.27961E-2 4.69741E-2 6.13185E-2 6.5331E-2 7.96785E-2 1.45025E-1 1.0083E-1 3.53716E-1 6.26236E-2 2.29906E-1 3.74822E-1 9.83303E-2 5.08724E-2 3.62029E-2 3.5217E-2 4.53355E-2 5.24207E-2 1.94902E-1 2.05002E-1 3.17248E-1 3.16607E-1 6.43567E-1 5.14834E-1 6.68892E-1 6.24434E-1 6.30435E-1 5.8281E-1 1.98671E-1 3.39146E-1 3.70901E-1 3.85974E-1 4.95003E-1 5.44677E-1 5.25919E-1 3.86809E-1 4.35464E-1 3.60203E-1 3.54522E-1 3.8299E-1 5.18599E-1 4.59694E-1 3.91181E-1
-9999 -9999 -9999 -9999 -9999 -9999 -9999 -9999 -9999 6.40323E-4 4.25478E-4 8.62336E-4 2.65693E-2 9.37619E-3 2.26573E-3 1.9802E-3 1.72877E-2 8.2379E-2 1.1879E-1 3.74498E-2 5.49552E-2 7.51703E-2 8.71629E-2 9.10722E-2 5.51529E-2 3.73449E-2 4.76222E-1 1.19176E-1 7.79801E-2 6.72519E-2 5.62036E-2 9.39546E-2 1.26788E-1 1.27573E-1 1.38473E-1 1.55176E-1 1.98928E-1 2.05778E-1 5.58012E-1 2.13675E-1 7.28028E-1 6.21019E-1 7.15777E-1 4.93917E-1 5.76452E-1 4.54145E-1 4.83514E-1 4.90073E-1 4.40735E-1 3.46014E-1 3.46464E-1 3.97767E-1 3.93637E-1 5.16251E-1 5.84946E-1 5.59838E-1 4.79142E-1 4.64872E-1 3.93751E-1 4.64059E-1 4.60868E-1
-9999 -9999 -9999 -9999 -9999 -9999 -9999 -9999 -9999 1.04756E-3 5.12503E-4 1.04766E-3 6.4615E-3 1.85352E-3 1.18961E-3 1.84072E-3 1.83806E-2 4.71705E-2 8.78692E-2 6.92168E-2 1.14406E-1 7.0784E-2 7.70218E-2 8.57877E-2 6.67523E-2 1.13193E-1 3.7965E-1 3.20594E-1 2.83702E-1 1.99634E-1 1.73725E-1 1.80671E-1 9.29377E-2 1.26882E-1 4.08714E-1 4.33218E-1 2.90664E-1 5.13786E-1 4.57571E-1 6.13667E-1 7.75304E-1 7.75488E-1 4.26959E-1 4.94057E-1 6.19984E-1 6.67212E-1 6.08371E-1 4.2371E-1 5.57064E-1 5.58075E-1 5.37975E-1 5.39216E-1 4.09111E-1 5.26165E-1 5.31543E-1 6.1652E-1 5.25861E-1 4.57795E-1 4.81745E-1 3.73436E-1 3.36711E-1
-9999 -9999 -9999 -9999 -9999 -9999 -9999 -9999 6.60979E-4 6.03594E-4 1.99328E-3 1.91001E-2 1.94318E-3 1.8126E-3 2.64286E-3 1.81403E-2 2.67909E-2 5.65487E-2 6.70738E-2 8.65457E-2 1.09902E-1 1.38128E-1 8.56428E-2 1.18315E-1 7.74952E-2 3.21458E-1 2.67196E-1 3.93505E-1 2.70366E-1 3.13235E-1 2.52472E-1 1.49931E-1 6.80037E-2 2.03539E-1 3.54888E-1 2.6806E-1 3.60033E-1 6.81209E-1 5.80416E-1 8.39137E-1 7.89635E-1 7.09654E-1 4.96911E-1 3.30541E-1 1.57758E-1 4.21764E-1 7.7096E-2 2.88516E-1 4.29501E-1 5.9675E-1 4.74971E-1 4.5494E-1 3.24265E-1 3.8396E-1 3.78708E-1 6.45539E-1 6.31391E-1 6.32273E-1 4.8765E-1 3.67076E-1 3.88188E-1
-9999 -9999 -9999 -9999 -9999 -9999 -9999 1.39989E-3 1.6532E-3 8.63385E-4 8.13614E-3 2.06204E-2 1.31097E-3 1.45919E-3 3.98855E-3 5.14023E-2 6.01377E-2 8.02037E-2 8.51241E-2 1.02356E-1 1.18261E-1 1.1066E-1 1.15452E-1 1.42809E-1 1.19545E-1 2.16249E-1 1.87444E-1 4.03798E-1 4.27325E-1 4.06643E-1 2.52491E-1 1.59359E-1 1.03803E-1 1.35678E-1 2.51947E-1 4.11326E-1 7.96025E-1 7.26927E-1 7.78392E-1 8.18023E-1 7.19158E-1 6.11209E-1 3.33087E-1 2.4116E-1 1.58969E-1 4.62583E-1 3.62225E-1 6.63939E-2 3.32229E-1 6.80197E-1 5.71198E-1 5.86356E-1 7.44045E-1 4.42056E-1 6.05282E-1 6.09651E-1 6.74339E-1 6.50397E-1 6.26412E-1 4.2562E-1 3.98561E-1
-9999 -9999 -9999 -9999 -9999 -9999 -9999 5.11851E-4 2.43805E-4 3.57826E-4 2.94833E-3 2.88822E-3 9.40149E-4 2.8203E-3 2.60044E-2 5.37603E-2 6.29707E-2 1.62967E-1 8.74612E-2 8.36178E-2 1.04363E-1 1.63286E-1 2.28793E-1 2.00969E-1 1.9434E-1 1.66552E-1 2.16902E-1 3.86082E-1 1.86222E-1 4.4951E-1 2.22222E-1 1.15966E-1 1.47508E-1 3.03054E-1 3.35617E-1 7.12656E-1 6.9927E-1 7.62647E-1 8.0869E-1 8.50167E-1 7.96518E-1 5.67178E-1 4.79442E-1 3.53087E-1 2.70051E-1 2.08536E-1 3.73065E-1 3.39869E-1 5.41989E-1 3.60903E-1 4.38267E-1 4.86848E-1 5.14239E-1 6.39175E-1 4.90018E-1 6.71983E-1 5.40919E-1 6.29844E-1 6.39237E-1 4.50639E-1 4.04799E-1
-9999 -9999 -9999 -9999 -9999 -9999 -9999 7.78106E-4 9.9134E-4 5.33314E-4 3.88606E-3 5.26434E-3 4.79795E-3 3.26803E-3 4.99067E-2 5.24675E-2 7.89558E-2 1.76362E-1 9.74552E-2 8.03404E-2 1.04184E-1 1.12524E-1 3.13084E-1 2.09516E-1 1.4149E-1 1.1647E-1 1.21621E-1 3.90295E-1 1.23611E-1 2.53132E-1 3.77796E-1 1.37084E-1 4.2686E-1 3.93775E-1 4.61025E-1 6.82497E-1 7.9497E-1 7.69892E-1 8.05304E-1 7.44411E-1 6.10753E-1 4.94479E-1 3.71514E-1 1.26212E-1 1.02917E-1 1.58016E-1 2.8014E-1 1.52054E-1 4.88183E-1 7.00297E-1 6.18449E-1 5.86205E-1 6.30331E-1 3.32262E-1 5.97837E-1 5.96701E-1 4.66251E-1 6.21164E-1 5.30846E-1 3.98278E-1 4.67202E-1
