Final_Models_Sept202022/M_0.1_F_lqp_Set_1/Bison_7.asc
ncols         97
nrows         127
xllcorner     -2197417.7431653
yllcorner     -584827.01486885
cellsize      30000.0
NODATA_value  -9999
[rows 27 to 53 of 127, columns 0 to 60 of 97]
-9999 -9999 1.20419E-2 3.06881E-3 2.44276E-2 6.45927E-2 1.30011E-1 1.4076E-1 1.90113E-1 1.39269E-1 7.60846E-2 1.47231E-1 3.98274E-2 8.5608E-2 5.61134E-2 9.9551E-2 8.37126E-2 4.86653E-2 1.65826E-2 1.9244E-2 2.30982E-2 1.62826E-2 1.09702E-2 1.00567E-2 1.01411E-2 2.69719E-2 3.31318E-2 2.23851E-2 2.41189E-2 2.39246E-2 2.02044E-2 2.79068E-2 1.04564E-2 2.01929E-2 4.15197E-2 3.61652E-2 2.97419E-2 3.54542E-2 8.09557E-3 5.64573E-2 1.54142E-1 7.63062E-2 8.23045E-2 1.88767E-1 7.40434E-2 6.49015E-2 5.20592E-2 2.87383E-2 1.68984E-2 1.1291E-2 9.4918E-3 1.33562E-2 6.27343E-3 5.73577E-3 2.44767E-3 1.57694E-3 1.58198E-3 1.4332E-3 2.09669E-3 3.18255E-3 4.83251E-3
-9999 2.43623E-5 9.29262E-3 4.46703E-3 2.74969E-3 2.33452E-2 1.17955E-1 1.11017E-1 1.05299E-1 1.82401E-1 8.83147E-2 9.54852E-2 1.77119E-1 1.42604E-1 5.85688E-2 1.04469E-1 1.20179E-1 5.52514E-2 4.25332E-2 2.67928E-2 1.95594E-2 1.93409E-2 1.33703E-2 1.48385E-2 1.03591E-2 3.02859E-2 3.11808E-2 3.42968E-2 3.62463E-2 2.87404E-2 2.36709E-2 1.94264E-2 1.14409E-2 1.59726E-2 1.69616E-2 1.94934E-2 1.98956E-2 7.62792E-2 8.13945E-2 6.5127E-2 8.2339E-2 4.1717E-2 9.0738E-2 9.2506E-2 8.7182E-2 3.73693E-2 4.06621E-2 1.68561E-2 1.28586E-2 7.82049E-3 9.46088E-3 1.58849E-2 4.98812E-3 3.69227E-3 2.53741E-3 1.95584E-3 1.68658E-3 1.61421E-3 1.66202E-3 1.96192E-3 2.11093E-3
-9999 4.09186E-8 2.37329E-6 1.1993E-3 3.18508E-3 2.32565E-2 4.91619E-2 1.13185E-1 1.28568E-1 1.38885E-1 5.47733E-2 9.15109E-2 1.703E-1 1.35247E-1 1.1698E-1 5.25683E-2 1.11996E-1 8.81924E-2 5.14534E-2 2.83903E-2 3.06761E-2 1.81239E-2 1.8309E-2 1.84713E-2 2.87009E-2 2.41079E-2 3.37911E-2 3.49834E-2 2.473E-2 2.64078E-2 2.3955E-2 2.66867E-2 3.4374E-2 1.55326E-2 2.02057E-2 1.59783E-2 1.2773E-2 3.39454E-2 2.68351E-2 6.89756E-2 7.25431E-2 7.10318E-2 7.56071E-2 6.44595E-2 3.04171E-2 4.31523E-2 2.3392E-2 1.49026E-2 7.78147E-3 7.99244E-3 8.67608E-3 7.60549E-3 4.90585E-3 2.97924E-3 2.29E-3 1.86446E-3 1.65076E-3 1.38964E-3 1.27726E-3 1.93944E-3 1.82119E-3
2.37997E-4 8.98214E-8 1.77676E-11 1.15734E-6 2.94657E-6 5.23382E-3 4.68209E-2 1.55873E-1 8.83622E-2 1.10482E-1 6.49935E-2 9.13631E-2 1.95049E-1 2.27189E-1 1.02326E-1 8.68084E-2 1.58697E-1 8.7281E-2 7.43268E-2 4.41445E-2 1.94794E-2 1.98489E-2 3.06472E-2 3.38858E-2 1.94274E-2 2.90249E-2 2.83877E-2 3.76488E-2 2.42764E-2 1.84838E-2 1.2475E-2 1.54386E-2 3.51977E-2 9.16123E-3 2.60157E-2 2.6084E-2 1.51854E-2 2.15992E-2 4.92546E-2 6.84614E-2 7.16426E-2 5.75251E-2 3.92589E-2 6.32914E-2 3.70044E-2 3.37423E-2 2.72515E-2 1.56081E-2 7.15888E-3 4.04864E-3 3.60011E-3 4.47114E-3 4.38394E-3 3.36015E-3 2.67105E-3 1.96693E-3 1.35368E-3 1.37099E-3 1.3277E-3 1.79543E-3 1.6279E-3
2.66029E-3 1.35678E-4 1.33707E-8 5.25413E-13 4.26765E-7 1.03328E-2 5.50664E-2 1.9749E-1 1.1402E-1 1.22122E-1 1.04574E-1 1.51773E-1 1.50075E-1 2.72294E-1 1.46719E-1 1.36988E-1 7.83668E-2 1.43826E-1 5.29076E-2 2.41493E-2 1.39476E-2 1.73382E-2 3.20277E-2 2.83329E-2 2.34531E-2 1.99375E-2 2.69038E-2 3.2358E-2 2.89928E-2 1.99111E-2 2.51572E-2 2.92094E-2 2.06629E-2 5.39199E-3 4.2157E-2 3.57322E-2 3.74111E-2 3.78338E-2 4.2455E-2 3.37979E-2 5.64899E-2 5.15347E-2 4.56475E-2 3.47223E-2 3.1806E-2 2.51518E-2 2.45361E-2 1.85051E-2 1.11003E-2 4.39572E-3 3.70809E-3 4.29296E-3 3.31376E-3 3.27433E-3 2.87298E-3 2.08747E-3 1.556E-3 1.54711E-3 1.46231E-3 1.64775E-3 1.76598E-3
9.76983E-4 5.00259E-4 1.91554E-4 1.17771E-7 4.93926E-8 7.04632E-3 7.99632E-2 1.55078E-1 1.7045E-1 1.54595E-1 1.54289E-1 1.4226E-1 1.32715E-1 1.92388E-1 1.75503E-1 9.40201E-2 6.35904E-2 1.08721E-1 7.68124E-2 3.94806E-2 1.92792E-2 2.06021E-2 2.7852E-2 2.39885E-2 3.74743E-2 3.15187E-2 2.95212E-2 6.79457E-2 3.81172E-2 3.35529E-2 1.95468E-2 1.66268E-2 8.64518E-3 6.1856E-3 4.63168E-2 5.01571E-2 3.35028E-2 2.357E-2 2.50323E-2 1.92865E-2 2.64393E-2 4.58413E-2 4.62514E-2 4.4355E-2 3.9005E-2 2.04792E-2 1.92436E-2 2.1041E-2 1.39705E-2 5.45552E-3 4.54375E-3 4.25983E-3 3.11546E-3 3.55799E-3 2.99585E-3 2.11332E-3 1.79748E-3 1.60376E-3 1.92892E-3 1.69787E-3 1.92453E-3
-9999 4.7383E-4 2.58204E-3 6.28617E-3 5.63667E-7 9.78276E-3 3.76306E-2 1.15711E-1 1.34095E-1 1.21886E-1 1.64208E-1 1.81829E-1 1.66219E-1 1.56988E-1 5.54982E-2 7.09621E-2 3.23545E-2 2.94146E-2 8.94402E-2 6.4165E-2 2.87075E-2 4.85716E-2 3.7252E-2 3.20021E-2 4.2357E-2 5.42306E-2 4.89711E-2 5.82697E-2 5.36777E-2 3.40167E-2 3.05736E-2 3.11455E-2 1.24583E-2 2.14072E-2 6.47648E-2 2.84508E-2 3.57299E-2 3.85976E-2 2.9834E-2 3.55259E-2 4.00694E-2 3.39031E-2 4.35189E-2 3.8741E-2 3.26442E-2 2.6723E-2 2.1795E-2 3.79403E-2 2.79623E-2 1.31201E-2 7.99055E-3 6.785E-3 4.99329E-3 4.30628E-3 3.10386E-3 2.50464E-3 3.3268E-3 1.87795E-3 1.89923E-3 1.69497E-3 2.15878E-3
-9999 -9999 7.62951E-4 2.46751E-3 8.59025E-5 2.92018E-2 1.41427E-2 5.99954E-2 7.63773E-2 1.10227E-1 8.72553E-2 2.55231E-1 1.16006E-1 1.14353E-1 5.15389E-2 5.89987E-2 4.02778E-2 2.80892E-2 3.02037E-2 5.75954E-2 4.70037E-2 3.398E-2 4.0705E-2 3.00809E-2 5.71234E-2 4.45246E-2 7.18807E-2 8.65843E-2 4.91892E-2 4.19965E-2 3.33794E-2 3.28307E-2 2.66768E-2 5.15029E-2 5.08823E-2 2.3693E-2 1.95816E-2 2.71507E-2 1.17698E-2 1.85912E-2 6.49686E-2 5.07632E-2 6.53853E-2 3.5798E-2 5.68935E-2 3.95752E-2 3.79256E-2 3.57029E-2 4.40666E-2 3.52535E-2 1.57303E-2 8.78384E-3 5.41003E-3 4.15752E-3 3.13561E-3 2.39574E-3 3.97843E-3 2.12218E-3 2.1768E-3 2.26959E-3 2.15011E-3
-9999 -9999 7.61814E-4 6.76128E-3 2.39188E-3 9.35835E-3 5.92047E-3 2.14481E-2 3.04871E-2 1.01576E-1 9.30049E-2 1.89787E-1 1.32288E-1 1.24728E-1 5.42097E-2 8.95486E-2 5.72916E-2 4.9713E-2 3.17766E-2 4.07465E-2 3.64316E-2 6.23008E-2 4.6593E-2 2.75991E-2 5.56309E-2 4.56798E-2 6.53198E-2 6.39156E-2 6.9303E-2 3.27833E-2 3.49974E-2 3.32E-2 3.14559E-2 4.93457E-2 3.95317E-2 2.82033E-2 6.49815E-3 1.43746E-2 1.28776E-2 1.3452E-2 2.24476E-2 6.27243E-2 2.9044E-2 5.33158E-2 5.89174E-2 5.42486E-2 4.75281E-2 4.29915E-2 3.21073E-2 5.54299E-2 2.12812E-2 2.06518E-2 8.13578E-3 4.54338E-3 3.57736E-3 2.79693E-3 2.46424E-3 2.47458E-3 2.591E-3 2.52712E-3 2.00163E-3
-9999 -9999 1.47873E-3 1.59371E-2 5.23709E-3 3.45631E-3 3.46092E-3 3.21619E-2 5.01846E-2 5.7258E-2 1.01291E-1 1.24467E-1 1.62271E-1 1.07467E-1 4.33383E-2 6.69782E-2 6.48198E-2 4.91478E-2 6.73352E-2 5.66397E-2 5.16006E-2 6.32152E-2 4.4059E-2 5.23518E-2 3.8889E-2 3.44649E-2 7.40673E-2 5.99257E-2 5.98429E-2 4.74919E-2 3.95215E-2 2.64637E-2 3.39693E-2 4.55954E-2 3.75113E-2 3.7437E-2 6.76157E-3 8.32058E-3 1.01749E-2 9.92367E-3 1.35904E-2 2.8192E-2 2.46587E-2 1.49876E-2 6.29007E-2 6.62555E-2 5.68563E-2 6.01591E-2 4.60676E-2 4.71684E-2 2.20332E-2 1.4967E-2 8.09311E-3 5.09858E-3 5.24857E-3 3.81426E-3 3.0069E-3 2.87925E-3 3.66132E-3 2.9487E-3 2.32822E-3
-9999 -9999 -9999 5.3239E-3 6.13903E-3 2.02152E-2 1.20199E-2 2.25978E-2 2.50645E-2 1.57671E-2 2.99878E-2 1.33661E-1 1.53035E-1 1.07632E-1 6.34913E-2 6.53621E-2 5.28752E-2 4.59308E-2 5.66031E-2 8.46098E-2 5.52943E-2 3.95987E-2 3.08702E-2 6.33871E-2 8.17718E-2 4.75086E-2 7.06356E-2 7.83799E-2 5.18905E-2 3.5138E-2 2.46656E-2 2.90289E-2 4.64419E-2 2.69678E-2 2.89633E-2 2.97941E-2 1.35806E-2 7.55207E-3 7.83024E-3 1.15117E-2 1.07031E-2 1.76765E-2 3.39802E-2 4.05432E-2 7.29435E-2 5.70823E-2 5.96748E-2 6.91644E-2 3.2664E-2 2.33819E-2 1.73977E-2 1.53158E-2 1.22322E-2 7.59239E-3 7.01733E-3 5.42988E-3 5.22589E-3 3.98433E-3 2.78324E-3 2.82294E-3 2.60409E-3
-9999 -9999 -9999 1.69852E-3 1.02437E-2 6.44816E-2 2.63362E-2 3.8791E-2 5.95922E-2 5.47746E-2 1.43351E-2 9.2732E-2 1.03237E-1 1.00854E-1 9.57781E-2 5.66281E-2 4.22471E-2 4.91666E-2 4.3928E-2 6.4319E-2 3.40802E-2 2.13601E-2 2.58044E-2 5.76935E-2 6.18653E-2 6.67294E-2 6.78341E-2 6.00055E-2 4.7562E-2 3.46394E-2 2.52962E-2 4.22467E-2 5.59684E-2 2.76928E-2 2.74176E-2 2.64438E-2 1.22431E-2 1.82094E-2 4.11664E-2 1.28241E-2 1.10192E-2 1.47186E-2 1.89454E-2 1.61902E-2 5.32414E-2 6.34645E-2 5.60803E-2 6.9393E-2 6.17747E-2 5.27798E-2 1.36495E-2 4.29275E-2 1.71545E-2 1.38253E-2 8.97239E-3 5.39253E-3 4.89017E-3 3.93575E-3 3.89764E-3 3.00475E-3 2.74945E-3
-9999 -9999 -9999 1.30934E-3 7.30669E-2 4.26862E-2 2.99995E-2 4.57627E-2 3.03403E-2 5.95876E-2 1.83136E-2 3.82982E-2 8.30174E-2 6.73539E-2 7.18921E-2 6.60304E-2 3.49224E-2 5.08626E-2 5.57019E-2 5.30397E-2 3.00584E-2 2.49344E-2 3.79333E-2 5.13909E-2 6.26825E-2 5.35777E-2 5.52975E-2 5.41284E-2 4.59735E-2 3.6113E-2 2.91805E-2 4.34068E-2 5.8945E-2 2.49182E-2 3.88657E-2 3.9572E-2 4.68098E-2 4.84023E-2 3.13686E-2 1.37004E-2 9.39033E-3 1.10924E-2 2.799E-2 4.81644E-2 7.09425E-2 7.04442E-2 4.39116E-2 8.39811E-2 6.00932E-2 4.88643E-2 3.18219E-2 2.16813E-2 4.18077E-2 2.62242E-2 1.61702E-2 1.65575E-2 2.00715E-2 1.10553E-2 7.39153E-3 4.42907E-3 3.11674E-3
-9999 -9999 -9999 -9999 6.01631E-3 3.85292E-2 5.02426E-3 8.15432E-3 5.37828E-2 2.16098E-2 1.72486E-3 1.35756E-2 9.36513E-2 5.21393E-2 8.49427E-2 7.59742E-2 5.67659E-2 5.82091E-2 8.16847E-2 7.20067E-2 4.19668E-2 4.56675E-2 4.82677E-2 4.72563E-2 4.90369E-2 4.5763E-2 4.3965E-2 3.42203E-2 3.66179E-2 4.94924E-2 5.62123E-2 6.30252E-2 2.54513E-2 3.41419E-2 2.82691E-2 3.82029E-2 4.88624E-2 3.22129E-2 1.46592E-2 1.96558E-2 2.13684E-2 2.25773E-2 2.62941E-2 8.23205E-2 8.39892E-2 6.14662E-2 4.01797E-2 7.06892E-2 7.90087E-2 6.23301E-2 2.13195E-2 5.25228E-2 7.90561E-2 3.98264E-2 2.49618E-2 6.01501E-2 1.66314E-2 2.59818E-2 2.39433E-2 5.2184E-3 3.1607E-3
-9999 -9999 -9999 -9999 1.00633E-2 1.38159E-2 6.33033E-3 2.34942E-2 1.25675E-2 4.78026E-4 2.29006E-4 1.00808E-2 1.08281E-1 5.38836E-2 9.15661E-2 4.27223E-2 5.41841E-2 7.26296E-2 7.4626E-2 6.32995E-2 6.2583E-2 8.39985E-2 5.86218E-2 5.67793E-2 5.05757E-2 4.00497E-2 4.19195E-2 2.86705E-2 2.83241E-2 2.55146E-2 4.85339E-2 7.38845E-2 3.46811E-2 4.53155E-2 3.71077E-2 4.65082E-2 4.03337E-2 6.51538E-2 4.46977E-2 6.50242E-2 4.9558E-2 6.50579E-2 4.98937E-2 9.56649E-2 6.52319E-2 9.39138E-2 9.61501E-2 1.88409E-2 5.58126E-2 1.07351E-1 7.83874E-2 8.08613E-2 1.01963E-1 2.62032E-2 3.12418E-2 5.86107E-2 4.56479E-2 3.68469E-2 2.34147E-2 7.15178E-3 4.14108E-3
-9999 -9999 -9999 -9999 1.5118E-3 7.6795E-3 3.65614E-3 1.47097E-2 6.79475E-3 2.69091E-4 1.84261E-3 6.99682E-3 4.8841E-2 5.025E-2 5.51646E-2 4.83735E-2 4.90986E-2 7.09374E-2 3.89995E-2 7.08409E-2 6.5235E-2 4.76729E-2 7.68276E-2 8.03887E-2 6.54155E-2 5.97235E-2 5.59286E-2 5.47974E-2 3.5074E-2 2.75764E-2 5.38449E-2 4.62086E-2 5.77996E-2 5.46669E-2 5.06381E-2 5.31561E-2 4.93459E-2 6.86695E-2 9.48311E-2 9.09535E-2 7.85062E-2 7.56812E-2 1.09785E-1 9.48149E-2 7.65185E-2 8.06353E-2 1.06209E-1 1.11346E-1 -9999 9.48616E-2 6.42933E-2 7.17454E-2 2.99686E-2 4.29023E-2 9.83411E-2 4.98221E-2 3.84671E-2 3.19467E-2 5.15186E-2 1.0774E-2 4.79529E-3
-9999 -9999 -9999 -9999 1.90368E-3 3.86214E-3 1.84292E-3 1.2042E-4 2.09977E-1 4.65551E-1 5.0881E-3 3.09538E-3 2.20945E-2 4.53318E-2 2.9576E-2 3.24838E-2 5.16004E-2 3.5678E-2 3.2617E-2 6.82155E-2 6.84003E-2 6.16227E-2 7.75669E-2 9.90863E-2 5.67928E-2 4.19154E-2 2.96443E-2 7.74684E-2 4.16813E-2 5.41956E-2 6.74619E-2 5.53665E-2 5.34933E-2 4.67174E-2 3.9459E-2 5.73254E-2 5.58347E-2 5.47364E-2 5.72982E-2 6.77932E-2 8.99278E-2 8.69789E-2 9.3492E-2 9.46255E-2 9.19966E-2 6.859E-2 -9999 -9999 -9999 -9999 8.07135E-2 4.13932E-2 4.30083E-2 7.82077E-2 6.08073E-2 5.0061E-2 1.77725E-2 1.22823E-2 5.82457E-3 9.0768E-3 8.12713E-3
-9999 -9999 -9999 -9999 1.08835E-3 4.77164E-3 1.67998E-3 3.98864E-4 2.28928E-5 6.49798E-1 6.54596E-3 1.20217E-2 1.7162E-2 2.18901E-2 2.10752E-2 3.41948E-2 4.75425E-2 3.3052E-2 5.10838E-2 5.41064E-2 6.31377E-2 7.82651E-2 9.85021E-2 8.25713E-2 4.76818E-2 2.55348E-2 3.56936E-2 5.98469E-2 6.35917E-2 7.64433E-2 6.69555E-2 6.45748E-2 5.72619E-2 7.06705E-2 3.11685E-2 4.24771E-2 6.57627E-2 5.29236E-2 5.53203E-2 6.05632E-2 9.37299E-2 8.07249E-2 5.80002E-2 2.83661E-2 8.71127E-2 -9999 -9999 -9999 -9999 2.2494E-1 6.56693E-2 7.03643E-2 5.84646E-2 6.20318E-2 5.80992E-2 4.36248E-2 3.63687E-2 2.49081E-2 2.46997E-2 3.73681E-2 1.17339E-2
-9999 -9999 -9999 -9999 4.12982E-3 9.57004E-3 3.29281E-3 2.97005E-4 7.7108E-3 9.57567E-2 9.33278E-3 1.03184E-2 8.41582E-3 1.82557E-2 2.43469E-2 2.99589E-2 4.94428E-2 4.79442E-2 2.79268E-2 3.25187E-2 6.09883E-2 9.54974E-2 7.28421E-2 5.99699E-2 6.45565E-2 5.07836E-2 5.12228E-2 7.40945E-2 7.25629E-2 6.32338E-2 5.78492E-2 6.64141E-2 5.91052E-2 6.25116E-2 5.89964E-2 3.86796E-2 4.53617E-2 4.46281E-2 7.27852E-2 6.65336E-2 7.16938E-2 7.79353E-2 1.06279E-1 1.00773E-1 1.13547E-1 -9999 -9999 -9999 2.2332E-1 1.68787E-1 1.16949E-1 7.49233E-2 7.40154E-2 5.31683E-2 4.94113E-2 3.57535E-2 4.17382E-2 1.2563E-2 1.57007E-2 2.85533E-2 9.37813E-3
-9999 -9999 -9999 7.16534E-3 4.22318E-1 1.28586E-1 4.42004E-4 1.41458E-3 6.48666E-4 4.82423E-3 5.69075E-3 3.81983E-3 7.66379E-3 2.86219E-2 5.00853E-2 3.55541E-2 6.5021E-2 3.92141E-2 4.40137E-2 2.38866E-2 4.62928E-2 6.01923E-2 5.38034E-2 3.0697E-2 4.68281E-2 6.38432E-2 7.32833E-2 6.91617E-2 4.26479E-2 5.17933E-2 6.90764E-2 6.64639E-2 6.49481E-2 6.61611E-2 5.78792E-2 5.80387E-2 4.83932E-2 6.73913E-2 6.51591E-2 7.7712E-2 6.39644E-2 6.14012E-2 7.9023E-2 1.19335E-1 2.25829E-1 1.8632E-1 1.72768E-1 1.74192E-1 1.89783E-1 1.20628E-1 1.19546E-1 1.00344E-1 8.9707E-2 7.0369E-2 6.29179E-2 3.35979E-2 4.13252E-2 1.70385E-2 1.74647E-2 1.98895E-2 1.28079E-2
-9999 -9999 -9999 -9999 3.43307E-2 2.70291E-1 2.53715E-3 -9999 7.19778E-4 5.3771E-3 7.19392E-3 1.514E-3 2.64091E-2 4.12559E-2 4.37516E-2 6.19784E-2 4.89008E-2 3.97459E-2 3.2285E-2 3.50384E-2 2.93803E-2 4.34488E-2 3.03846E-2 3.77619E-2 6.31953E-2 7.50016E-2 8.87942E-2 6.00758E-2 4.79683E-2 5.17596E-2 5.05724E-2 7.11246E-2 6.91303E-2 7.05325E-2 5.38076E-2 4.27419E-2 4.7595E-2 3.83667E-2 4.49861E-2 8.11438E-2 1.02003E-1 8.72151E-2 6.12696E-2 9.01401E-2 1.15875E-1 1.47498E-1 1.47421E-1 1.41357E-1 1.57734E-1 1.10613E-1 1.16775E-1 6.84451E-2 9.52052E-2 8.29964E-2 6.86675E-2 2.68248E-2 3.6711E-2 2.09965E-2 2.81247E-2 2.08009E-2 1.06577E-2
-9999 -9999 -9999 -9999 1.36418E-2 3.06018E-3 2.72437E-3 4.54768E-3 1.60301E-3 5.00685E-2 1.3771E-2 7.94689E-4 1.40175E-2 1.24309E-2 2.49967E-2 8.68138E-2 4.89206E-2 6.31871E-2 3.19679E-2 2.83468E-2 2.43197E-2 4.03639E-2 5.55855E-2 5.80364E-2 5.39234E-2 1.00197E-1 6.13211E-2 6.59766E-2 7.48885E-2 6.3338E-2 6.07316E-2 7.72743E-2 7.96266E-2 8.05658E-2 6.80323E-2 7.28243E-2 5.35472E-2 2.74248E-2 4.81831E-2 5.53096E-2 5.94522E-2 8.10255E-2 4.50678E-2 7.6807E-2 6.88591E-2 1.19301E-1 1.15632E-1 9.4197E-2 1.07816E-1 1.08576E-1 9.57192E-2 7.84279E-2 9.2416E-2 9.72227E-2 9.73912E-2 5.69772E-2 3.9528E-2 4.37233E-2 1.81162E-2 2.39266E-2 2.30215E-2
-9999 -9999 -9999 -9999 1.4663E-1 4.76529E-3 5.5293E-3 2.75146E-3 4.16431E-3 3.93447E-2 3.20995E-3 6.71298E-4 5.83538E-3 2.62781E-2 3.05251E-2 3.51231E-2 4.63682E-2 4.8767E-2 5.11905E-2 3.33838E-2 2.84875E-2 3.06275E-2 2.9241E-2 3.44999E-2 8.577E-2 5.34902E-2 4.01442E-2 6.53584E-2 6.73276E-2 6.65642E-2 7.61471E-2 8.25845E-2 1.00883E-1 6.81383E-2 8.74998E-2 8.38933E-2 7.58584E-2 6.29039E-2 7.74162E-2 8.36787E-2 8.26367E-2 8.24932E-2 6.47574E-2 6.96468E-2 8.9303E-2 9.92099E-2 7.11709E-2 9.03708E-2 9.44351E-2 1.06794E-1 8.86865E-2 7.71582E-2 8.26444E-2 8.23471E-2 8.29429E-2 4.26236E-2 4.70081E-2 4.81735E-2 2.95316E-2 2.32228E-2 1.52553E-2
-9999 -9999 -9999 -9999 -9999 5.8407E-3 4.80917E-3 7.40259E-3 3.2807E-3 5.08792E-3 1.05034E-3 3.91254E-3 5.95661E-3 1.05165E-2 1.48719E-2 3.56515E-2 5.99261E-2 4.78773E-2 4.82503E-2 4.0067E-2 3.96009E-2 4.60894E-2 3.27863E-2 4.62656E-2 4.71906E-2 9.56002E-2 5.74932E-2 7.26593E-2 7.80846E-2 9.11606E-2 9.47551E-2 1.05057E-1 8.9612E-2 8.13378E-2 8.40319E-2 9.9784E-2 7.20749E-2 6.00247E-2 8.41674E-2 7.16775E-2 8.82756E-2 9.16793E-2 7.92266E-2 1.00886E-1 1.01412E-1 8.99183E-2 6.66304E-2 8.59425E-2 8.97946E-2 1.31729E-1 1.07251E-1 8.87881E-2 8.60566E-2 6.99513E-2 7.92481E-2 4.06942E-2 5.59048E-2 6.07605E-2 5.08164E-2 1.15064E-2 1.86318E-2
-9999 -9999 -9999 -9999 -9999 1.32427E-2 2.12295E-3 7.94953E-3 9.28771E-3 1.736E-2 2.07129E-3 1.73236E-4 7.36529E-4 3.62772E-3 1.67905E-2 2.86758E-2 4.57716E-2 4.67919E-2 4.75681E-2 4.44079E-2 5.70943E-2 3.63506E-2 5.72552E-2 5.13165E-2 6.08204E-2 1.09201E-1 7.57835E-2 7.9786E-2 9.07531E-2 7.17503E-2 8.96078E-2 1.02983E-1 1.18081E-1 9.86923E-2 7.91977E-2 1.03472E-1 9.91146E-2 8.96327E-2 9.68478E-2 9.53003E-2 7.20624E-2 8.9549E-2 9.45505E-2 1.00571E-1 7.01418E-2 9.07765E-2 1.05033E-1 7.28347E-2 6.18433E-2 8.94278E-2 9.99279E-2 8.46507E-2 6.17372E-2 4.75425E-2 8.70495E-2 4.84236E-2 4.27917E-2 6.0799E-2 3.59774E-2 3.05695E-2 2.28696E-2
-9999 -9999 -9999 -9999 -9999 2.00062E-2 7.99748E-3 1.98497E-3 6.67513E-3 5.29693E-4 1.8029E-3 1.96155E-4 3.20245E-4 6.67503E-4 2.09336E-2 2.44714E-2 3.38961E-2 3.22917E-2 4.50744E-2 5.16058E-2 4.67841E-2 5.24728E-2 6.18376E-2 6.1297E-2 6.09086E-2 8.67698E-2 5.48216E-2 9.94308E-2 9.10489E-2 9.6135E-2 9.66937E-2 1.11896E-1 1.34199E-1 1.25595E-1 1.20223E-1 1.26477E-1 1.20317E-1 1.28305E-1 1.3003E-1 1.30229E-1 1.08606E-1 8.93964E-2 9.53443E-2 6.65227E-2 8.7298E-2 8.5016E-2 8.93145E-2 8.23685E-2 8.08693E-2 1.07265E-1 1.10543E-1 7.68118E-2 5.93231E-2 3.57154E-2 7.63004E-2 6.81107E-2 8.07789E-2 6.47881E-2 4.64353E-2 4.58954E-2 3.60995E-2
-9999 -9999 -9999 -9999 -9999 6.68565E-3 1.90367E-3 3.99215E-3 1.11521E-2 7.98969E-4 7.58004E-4 2.80626E-4 2.34581E-3 3.70928E-3 1.63346E-2 2.16132E-2 2.67884E-2 2.79044E-2 3.28836E-2 4.28443E-2 6.73416E-2 8.99565E-2 9.60761E-2 7.04162E-2 4.22201E-2 1.29803E-1 7.22285E-2 1.04597E-1 1.04286E-1 1.19272E-1 1.32514E-1 1.27913E-1 1.21596E-1 1.26844E-1 1.29106E-1 1.21391E-1 1.51992E-1 1.38907E-1 1.34918E-1 1.54534E-1 1.89913E-1 1.38465E-1 8.3419E-2 4.44082E-2 1.198E-1 1.08067E-1 1.22206E-1 1.05911E-1 8.32667E-2 1.26066E-1 7.40851E-2 1.02635E-1 1.19794E-1 7.11795E-2 4.17804E-2 -9999 4.42791E-2 3.08449E-2 4.09371E-2 5.72377E-2 4.14284E-2
