Final_Models_Sept202022/M_0.1_F_lqp_Set_1/Bison_1.asc
ncols         97
nrows         127
xllcorner     -2197417.7431653
yllcorner     -584827.01486885
cellsize      30000.0
NODATA_value  -9999
[rows 27 to 53 of 127, columns 0 to 60 of 97]
-9999 -9999 1.19414E-2 3.0103E-3 2.80903E-2 7.87963E-2 8.36185E-2 1.08889E-1 1.51624E-1 1.21694E-1 8.06641E-2 1.08202E-1 4.16872E-2 7.20938E-2 5.60001E-2 7.57587E-2 4.57217E-2 4.11583E-2 2.18647E-2 2.0358E-2 1.6234E-2 1.40026E-2 9.97615E-3 9.21098E-3 1.06518E-2 1.77085E-2 1.97606E-2 1.78427E-2 1.51254E-2 1.44447E-2 1.32825E-2 2.60506E-2 1.61241E-2 2.87818E-2 4.28283E-2 4.58489E-2 4.76385E-2 5.22786E-2 1.47059E-2 7.43731E-2 1.47779E-1 1.02607E-1 1.15151E-1 2.07471E-1 8.38126E-2 7.45964E-2 6.50438E-2 4.01666E-2 2.583E-2 2.08772E-2 1.71032E-2 1.80032E-2 9.57765E-3 7.51695E-3 4.06412E-3 2.87511E-3 2.76417E-3 2.47528E-3 3.04292E-3 3.67626E-3 5.73787E-3
-9999 9.49673E-5 1.20288E-2 5.05527E-3 3.02679E-3 2.65713E-2 1.0469E-1 9.64748E-2 1.03449E-1 1.36494E-1 1.00187E-1 1.01802E-1 1.12396E-1 9.7289E-2 7.13382E-2 7.18422E-2 9.24083E-2 5.83683E-2 3.87321E-2 3.04302E-2 2.54216E-2 1.82621E-2 9.7166E-3 1.09275E-2 1.40481E-2 1.91332E-2 1.57584E-2 2.05639E-2 1.83661E-2 2.03052E-2 1.5081E-2 1.89602E-2 1.49481E-2 2.50792E-2 2.45091E-2 3.2517E-2 3.55537E-2 9.41817E-2 9.68299E-2 8.26169E-2 1.00013E-1 5.91316E-2 1.04212E-1 9.63369E-2 1.00305E-1 4.93673E-2 5.27285E-2 2.68538E-2 2.28126E-2 1.44331E-2 1.76294E-2 2.16823E-2 7.9732E-3 5.64105E-3 4.17487E-3 3.25304E-3 2.74214E-3 2.52412E-3 2.68829E-3 3.18338E-3 2.97168E-3
-9999 7.90174E-7 1.49729E-5 2.05972E-3 2.98381E-3 2.34502E-2 5.39368E-2 1.15155E-1 1.11018E-1 1.39819E-1 7.73459E-2 1.19251E-1 1.17527E-1 1.03305E-1 9.09136E-2 4.86883E-2 6.18049E-2 7.62006E-2 6.28575E-2 3.3963E-2 2.46098E-2 1.27401E-2 1.72822E-2 1.39422E-2 2.69933E-2 2.14144E-2 2.01874E-2 1.81799E-2 1.78486E-2 1.67756E-2 1.79412E-2 2.21212E-2 3.07897E-2 2.4291E-2 2.36998E-2 2.87934E-2 2.40452E-2 5.03659E-2 4.39186E-2 7.93795E-2 8.83386E-2 9.10948E-2 8.94926E-2 8.32566E-2 4.40877E-2 5.52116E-2 3.26247E-2 2.32343E-2 1.40872E-2 1.61055E-2 1.63364E-2 1.30633E-2 7.38059E-3 4.90285E-3 3.82361E-3 3.22651E-3 2.72746E-3 2.33836E-3 2.24067E-3 2.99209E-3 2.87869E-3
9.1555E-4 1.14412E-6 1.57085E-9 5.74707E-6 2.27235E-5 7.08019E-3 4.5127E-2 1.51477E-1 1.00632E-1 1.20833E-1 9.11091E-2 1.18308E-1 1.45982E-1 1.53461E-1 9.25867E-2 5.41818E-2 1.03673E-1 7.71882E-2 6.35917E-2 4.32838E-2 2.57469E-2 1.54546E-2 2.46141E-2 2.35558E-2 2.23135E-2 2.47622E-2 2.05571E-2 1.93494E-2 2.03101E-2 1.85963E-2 1.72649E-2 1.58874E-2 2.86035E-2 1.65588E-2 2.48884E-2 3.16407E-2 2.62339E-2 3.68322E-2 6.64133E-2 8.16014E-2 8.79335E-2 7.58768E-2 5.77516E-2 8.27223E-2 5.25541E-2 4.52151E-2 3.7199E-2 2.3022E-2 1.28235E-2 7.47584E-3 6.55492E-3 7.24633E-3 7.01374E-3 5.54875E-3 4.42354E-3 3.46453E-3 2.597E-3 2.39734E-3 2.3477E-3 2.90456E-3 2.79874E-3
5.4406E-3 5.91011E-4 3.36083E-7 1.29495E-10 4.69548E-6 1.36851E-2 5.40343E-2 1.82952E-1 1.31583E-1 1.48579E-1 1.43601E-1 1.55317E-1 1.48006E-1 1.90812E-1 1.14807E-1 9.42767E-2 6.23281E-2 1.14671E-1 5.79459E-2 2.83469E-2 2.01599E-2 2.1491E-2 2.18472E-2 2.10053E-2 2.64334E-2 2.17744E-2 2.2928E-2 2.17427E-2 1.9732E-2 2.03845E-2 2.34457E-2 2.23756E-2 2.46457E-2 1.03643E-2 4.01289E-2 2.7465E-2 5.17405E-2 5.46743E-2 5.96475E-2 5.32641E-2 6.981E-2 6.90302E-2 6.65586E-2 5.20548E-2 4.48787E-2 3.57876E-2 3.35208E-2 2.7893E-2 1.73816E-2 7.97596E-3 7.17237E-3 7.52756E-3 5.96319E-3 5.53679E-3 4.72036E-3 3.62701E-3 2.82863E-3 2.74545E-3 2.57822E-3 2.8643E-3 2.89791E-3
2.10771E-3 1.15688E-3 7.97349E-4 1.32473E-6 8.10052E-7 9.96145E-3 8.64972E-2 1.30183E-1 1.47563E-1 1.58381E-1 1.60389E-1 1.51696E-1 1.45642E-1 1.24515E-1 8.92546E-2 5.64183E-2 4.59386E-2 4.88742E-2 6.98025E-2 4.81117E-2 3.12448E-2 2.47646E-2 2.3131E-2 2.63298E-2 4.09534E-2 2.529E-2 2.62308E-2 3.73564E-2 2.51126E-2 2.21636E-2 1.93093E-2 2.04459E-2 1.27526E-2 1.06989E-2 3.28094E-2 4.3386E-2 4.50887E-2 3.94851E-2 4.15219E-2 3.42201E-2 4.17503E-2 5.96228E-2 6.57116E-2 5.99853E-2 5.11107E-2 3.10453E-2 2.77011E-2 2.79115E-2 2.15309E-2 9.48951E-3 8.75941E-3 8.06202E-3 5.49026E-3 5.79492E-3 4.88521E-3 3.57244E-3 3.13594E-3 2.93995E-3 3.20012E-3 2.91278E-3 3.12238E-3
-9999 7.87282E-4 2.33622E-3 1.43747E-2 6.63635E-6 1.73584E-2 5.0017E-2 1.21466E-1 1.28425E-1 1.05284E-1 1.67829E-1 1.77239E-1 1.42474E-1 1.10099E-1 5.14257E-2 4.45724E-2 2.25671E-2 1.86147E-2 6.52433E-2 5.97746E-2 4.43305E-2 4.7119E-2 2.99462E-2 2.64721E-2 3.00348E-2 4.2127E-2 3.67847E-2 3.83367E-2 4.13027E-2 2.54186E-2 2.41699E-2 2.3872E-2 2.00274E-2 2.70675E-2 3.5188E-2 3.80728E-2 4.70781E-2 5.44702E-2 4.43211E-2 5.18057E-2 5.39713E-2 5.06859E-2 6.09945E-2 5.65885E-2 4.41918E-2 3.61796E-2 3.24282E-2 4.78797E-2 3.65376E-2 2.02028E-2 1.42778E-2 1.17717E-2 8.0167E-3 7.22936E-3 4.99273E-3 4.24089E-3 5.08542E-3 3.30005E-3 3.26911E-3 2.96578E-3 3.38051E-3
-9999 -9999 1.21039E-3 5.85057E-3 4.24086E-4 4.62164E-2 2.19691E-2 5.64868E-2 9.61225E-2 1.38409E-1 1.11391E-1 2.92997E-1 1.0215E-1 8.93589E-2 5.16401E-2 4.11263E-2 2.95395E-2 1.9268E-2 2.70121E-2 6.07188E-2 6.44338E-2 3.18811E-2 3.13331E-2 2.86927E-2 5.69819E-2 2.79903E-2 4.07424E-2 5.28301E-2 3.60722E-2 2.83198E-2 2.19276E-2 2.26088E-2 2.87527E-2 3.61346E-2 4.20476E-2 3.60211E-2 3.30146E-2 4.28007E-2 2.20495E-2 3.10248E-2 6.98302E-2 6.53662E-2 7.67064E-2 5.32777E-2 6.86369E-2 4.97705E-2 4.73235E-2 4.29221E-2 5.05497E-2 4.90984E-2 2.57944E-2 1.48062E-2 8.70135E-3 7.45765E-3 5.33314E-3 4.27028E-3 5.92594E-3 3.60807E-3 3.66723E-3 3.694E-3 3.52187E-3
-9999 -9999 9.74515E-4 1.66676E-2 5.45983E-3 1.98621E-2 1.01305E-2 3.19833E-2 5.01708E-2 1.33701E-1 1.26451E-1 1.79473E-1 9.81397E-2 7.85554E-2 4.39189E-2 7.78905E-2 5.2515E-2 4.90822E-2 2.63209E-2 3.87663E-2 5.28107E-2 5.96732E-2 3.81435E-2 2.07843E-2 4.88655E-2 3.61166E-2 4.67367E-2 4.88501E-2 5.08917E-2 2.91156E-2 2.39073E-2 2.35004E-2 2.51693E-2 3.35259E-2 3.45304E-2 4.22897E-2 1.33117E-2 2.55638E-2 2.29204E-2 2.37346E-2 3.71301E-2 7.82592E-2 4.64676E-2 6.87994E-2 6.7051E-2 6.01377E-2 4.76823E-2 5.03492E-2 4.22242E-2 6.61807E-2 3.52191E-2 3.40854E-2 1.41526E-2 7.88851E-3 6.1241E-3 4.97781E-3 4.40138E-3 4.26555E-3 4.37974E-3 4.19552E-3 3.44754E-3
-9999 -9999 1.50861E-3 1.96302E-2 7.89362E-3 7.62413E-3 7.49287E-3 5.51238E-2 7.66607E-2 8.66179E-2 1.17591E-1 9.86807E-2 1.39964E-1 8.8889E-2 4.71872E-2 6.28275E-2 7.35715E-2 6.55696E-2 6.88702E-2 3.60232E-2 5.83039E-2 6.71812E-2 4.09433E-2 4.41851E-2 3.41449E-2 2.26399E-2 4.57376E-2 3.50645E-2 4.28986E-2 3.67122E-2 2.747E-2 2.23236E-2 2.30331E-2 3.57493E-2 4.27868E-2 4.6813E-2 1.3682E-2 1.62261E-2 1.89392E-2 1.81279E-2 2.41635E-2 4.53575E-2 4.056E-2 2.57715E-2 7.0656E-2 6.81739E-2 5.60931E-2 6.65273E-2 5.62755E-2 6.27683E-2 3.42768E-2 2.39129E-2 1.3765E-2 9.20872E-3 9.39049E-3 6.72019E-3 5.63447E-3 4.8091E-3 5.59526E-3 4.7243E-3 3.99999E-3
-9999 -9999 -9999 8.23001E-3 7.93736E-3 2.75968E-2 1.9702E-2 3.93267E-2 4.60843E-2 2.98165E-2 3.86235E-2 1.16045E-1 1.4441E-1 9.20954E-2 5.73442E-2 5.85846E-2 6.29015E-2 5.95637E-2 7.00069E-2 5.85341E-2 5.07544E-2 3.28381E-2 3.28427E-2 5.65388E-2 6.55496E-2 3.89555E-2 5.41431E-2 5.13068E-2 4.14305E-2 3.05203E-2 2.47061E-2 2.75342E-2 2.67789E-2 3.48911E-2 4.08237E-2 4.15445E-2 2.5066E-2 1.46946E-2 1.4196E-2 2.03482E-2 1.88471E-2 3.03319E-2 5.21016E-2 5.74787E-2 7.72402E-2 6.34698E-2 6.00405E-2 6.9856E-2 4.47054E-2 3.30533E-2 2.60628E-2 2.45857E-2 2.11455E-2 1.32203E-2 1.30244E-2 9.67159E-3 9.55606E-3 6.9783E-3 4.81361E-3 4.75844E-3 4.46166E-3
-9999 -9999 -9999 3.75665E-3 7.59336E-3 1.32784E-1 4.19181E-2 5.18265E-2 8.9541E-2 7.13313E-2 2.40127E-2 9.78519E-2 9.62261E-2 8.34689E-2 1.03583E-1 6.15905E-2 4.49566E-2 6.58711E-2 5.49362E-2 5.7214E-2 3.03015E-2 2.89137E-2 2.62246E-2 4.31372E-2 5.67464E-2 6.28053E-2 6.02146E-2 3.76628E-2 2.18837E-2 2.63741E-2 2.65442E-2 2.97365E-2 3.57792E-2 3.79075E-2 3.87749E-2 3.94297E-2 2.34775E-2 3.14763E-2 5.74153E-2 2.2679E-2 1.89906E-2 2.42705E-2 3.05792E-2 2.66795E-2 6.78504E-2 7.07405E-2 6.79284E-2 7.57594E-2 7.1769E-2 6.27356E-2 2.03915E-2 5.77825E-2 2.89634E-2 2.45864E-2 1.64686E-2 9.53634E-3 8.79249E-3 7.20854E-3 6.70519E-3 5.12016E-3 4.62054E-3
-9999 -9999 -9999 3.97396E-3 1.62346E-1 8.77552E-2 7.51266E-2 6.10698E-2 5.27443E-2 8.11397E-2 3.21658E-2 5.30442E-2 1.0333E-1 9.06937E-2 7.26478E-2 6.50149E-2 3.52366E-2 6.32117E-2 5.15698E-2 5.91718E-2 3.93322E-2 2.5968E-2 4.01426E-2 4.65333E-2 5.97336E-2 5.8404E-2 5.49593E-2 4.78833E-2 3.01294E-2 2.42193E-2 2.87481E-2 3.82616E-2 4.44616E-2 3.6574E-2 4.6586E-2 5.0157E-2 6.05023E-2 6.48936E-2 5.08564E-2 2.42045E-2 1.60535E-2 1.83454E-2 4.36891E-2 6.60082E-2 8.06891E-2 7.94094E-2 5.95076E-2 8.94234E-2 7.16045E-2 6.20445E-2 4.76645E-2 3.19707E-2 5.90653E-2 4.09189E-2 2.68947E-2 2.47507E-2 2.98361E-2 1.72048E-2 1.26381E-2 7.52353E-3 5.34156E-3
-9999 -9999 -9999 -9999 1.20967E-2 6.5103E-2 2.8872E-2 2.22563E-2 8.23601E-2 2.7553E-2 4.38841E-3 2.41207E-2 1.26495E-1 6.64053E-2 7.8426E-2 8.02777E-2 6.51581E-2 6.63047E-2 7.2895E-2 6.91976E-2 4.75988E-2 3.64423E-2 4.20904E-2 3.7124E-2 4.40485E-2 4.4698E-2 4.95897E-2 4.06869E-2 3.39238E-2 3.58447E-2 3.59762E-2 4.4957E-2 3.73963E-2 4.65117E-2 4.17235E-2 5.03883E-2 5.96168E-2 4.99075E-2 2.54543E-2 3.09444E-2 3.34656E-2 3.43679E-2 4.0679E-2 9.27024E-2 9.31719E-2 7.82711E-2 5.61642E-2 8.82496E-2 1.07425E-1 7.64434E-2 3.25834E-2 7.04141E-2 9.27964E-2 5.14051E-2 3.25909E-2 5.18236E-2 2.37984E-2 3.71309E-2 3.60494E-2 8.80115E-3 5.2771E-3
-9999 -9999 -9999 -9999 3.30502E-2 1.80307E-2 1.05598E-2 3.93625E-2 2.49594E-2 1.48429E-3 7.80823E-4 1.63523E-2 1.08121E-1 7.15063E-2 8.94546E-2 5.54824E-2 7.30077E-2 8.67441E-2 7.172E-2 6.3023E-2 6.75187E-2 7.76417E-2 5.06001E-2 4.34694E-2 3.8407E-2 3.74777E-2 5.29639E-2 3.94213E-2 4.01124E-2 3.35907E-2 3.13217E-2 5.21146E-2 4.82844E-2 5.40518E-2 5.01974E-2 5.67547E-2 5.46463E-2 7.45682E-2 6.52882E-2 8.28468E-2 6.88518E-2 8.46848E-2 6.94849E-2 1.0138E-1 8.36003E-2 1.05835E-1 1.12051E-1 2.71987E-2 7.88092E-2 1.19328E-1 9.38111E-2 9.26189E-2 1.02585E-1 3.45851E-2 4.09126E-2 5.72079E-2 5.01524E-2 4.62391E-2 3.422E-2 1.05383E-2 6.48505E-3
-9999 -9999 -9999 -9999 2.97661E-3 1.04008E-2 9.33213E-3 2.79912E-2 1.07344E-2 1.31028E-3 3.47045E-3 8.0262E-3 5.6431E-2 5.44204E-2 6.59443E-2 6.75993E-2 8.24039E-2 1.03241E-1 4.61885E-2 6.13612E-2 6.4461E-2 5.3513E-2 6.6418E-2 6.24177E-2 6.04645E-2 5.59918E-2 4.62626E-2 4.00459E-2 3.79213E-2 3.11102E-2 4.56462E-2 5.65677E-2 6.03215E-2 5.8055E-2 6.0635E-2 6.30034E-2 6.21087E-2 7.50521E-2 1.0034E-1 9.92E-2 9.35585E-2 9.39339E-2 1.12488E-1 1.06637E-1 9.51846E-2 1.0273E-1 1.31713E-1 1.40244E-1 -9999 1.13288E-1 8.35593E-2 8.21374E-2 4.34693E-2 5.41105E-2 1.07567E-1 5.92658E-2 5.29016E-2 4.14872E-2 6.58439E-2 1.80694E-2 7.81715E-3
-9999 -9999 -9999 -9999 3.00663E-3 4.58923E-3 4.26055E-3 5.19512E-4 1.34039E-1 2.64084E-1 8.44269E-3 6.02388E-3 2.3769E-2 4.2499E-2 4.50602E-2 6.47679E-2 8.50809E-2 5.07649E-2 4.42614E-2 6.60478E-2 6.50787E-2 6.29733E-2 6.76465E-2 7.68469E-2 5.80378E-2 4.53195E-2 3.10675E-2 5.28969E-2 3.3602E-2 3.82297E-2 5.51428E-2 6.06373E-2 6.04792E-2 6.21669E-2 5.82861E-2 6.87691E-2 6.87684E-2 7.06994E-2 7.37334E-2 8.63953E-2 1.04307E-1 1.0212E-1 1.08278E-1 1.07846E-1 1.10815E-1 9.4242E-2 -9999 -9999 -9999 -9999 1.03515E-1 5.45472E-2 6.11067E-2 8.96741E-2 7.97219E-2 6.70124E-2 2.67707E-2 1.98302E-2 9.73275E-3 1.52875E-2 1.47069E-2
-9999 -9999 -9999 -9999 1.2997E-3 5.59072E-3 4.23875E-3 1.55758E-3 1.25043E-4 2.9519E-1 1.05655E-2 2.23331E-2 2.15255E-2 4.02942E-2 3.66949E-2 5.09028E-2 5.76852E-2 4.34912E-2 4.72474E-2 5.8131E-2 5.13662E-2 6.28076E-2 7.24514E-2 7.26963E-2 3.75983E-2 2.59735E-2 3.82485E-2 3.71224E-2 4.50859E-2 5.51577E-2 5.90623E-2 5.97432E-2 6.1545E-2 7.8053E-2 5.00619E-2 6.6329E-2 7.84952E-2 7.02065E-2 7.51546E-2 8.11292E-2 1.06141E-1 9.79245E-2 8.07865E-2 4.63592E-2 1.16054E-1 -9999 -9999 -9999 -9999 2.29213E-1 9.11962E-2 9.15301E-2 7.39484E-2 7.89867E-2 7.89268E-2 5.99994E-2 5.29942E-2 3.35385E-2 3.56316E-2 4.92979E-2 2.04475E-2
-9999 -9999 -9999 -9999 3.12146E-3 1.28656E-2 5.54242E-3 5.92878E-4 1.65141E-2 1.1073E-1 1.53959E-2 1.70751E-2 1.35127E-2 4.06625E-2 4.64783E-2 4.99128E-2 5.70487E-2 6.28458E-2 3.70419E-2 4.50197E-2 5.5091E-2 7.10555E-2 5.38366E-2 4.19364E-2 3.88977E-2 3.33037E-2 3.93763E-2 5.31322E-2 6.46029E-2 6.33106E-2 6.31471E-2 6.2561E-2 6.54682E-2 6.89879E-2 7.20044E-2 6.11313E-2 7.01371E-2 6.64856E-2 8.96527E-2 8.93259E-2 9.40296E-2 9.87433E-2 1.22818E-1 1.29724E-1 1.45933E-1 -9999 -9999 -9999 2.34829E-1 1.81097E-1 1.39217E-1 9.65474E-2 8.85702E-2 7.48436E-2 6.88896E-2 5.17011E-2 5.40338E-2 1.98791E-2 2.31538E-2 4.08251E-2 1.57126E-2
-9999 -9999 -9999 4.47565E-3 1.53935E-1 1.51799E-1 1.20084E-3 2.18812E-3 1.38686E-3 1.37099E-2 7.9496E-3 7.62408E-3 1.55972E-2 3.22265E-2 5.37611E-2 3.95657E-2 7.26959E-2 6.17171E-2 6.35384E-2 3.26082E-2 4.22013E-2 5.14421E-2 4.0196E-2 2.81346E-2 4.8892E-2 3.29906E-2 4.09695E-2 5.23049E-2 4.58199E-2 5.5341E-2 8.24799E-2 7.69341E-2 6.8024E-2 7.36996E-2 7.36169E-2 7.55827E-2 7.04709E-2 8.50048E-2 8.21909E-2 9.55298E-2 9.01307E-2 8.676E-2 1.0214E-1 1.36483E-1 2.60022E-1 1.98557E-1 1.80314E-1 1.86271E-1 1.87382E-1 1.40123E-1 1.39061E-1 1.16024E-1 1.0331E-1 9.1364E-2 8.20441E-2 4.8824E-2 5.45663E-2 2.46069E-2 2.57389E-2 3.08677E-2 2.33594E-2
-9999 -9999 -9999 -9999 2.86156E-2 2.36723E-1 6.7639E-3 -9999 1.30789E-3 1.29535E-2 8.89849E-3 2.98195E-3 3.19759E-2 4.2958E-2 4.75071E-2 6.39627E-2 7.77016E-2 5.9543E-2 4.44166E-2 5.48667E-2 3.88722E-2 5.18812E-2 2.95313E-2 5.74782E-2 8.77408E-2 6.20867E-2 4.63568E-2 5.36911E-2 4.63675E-2 5.49821E-2 6.2034E-2 7.58392E-2 7.40186E-2 7.61749E-2 7.38677E-2 6.73103E-2 7.55106E-2 6.57757E-2 7.20888E-2 1.00219E-1 1.08284E-1 9.6908E-2 8.74908E-2 1.17929E-1 1.40221E-1 1.55799E-1 1.54272E-1 1.52959E-1 1.64337E-1 1.31873E-1 1.33577E-1 9.20668E-2 1.07573E-1 9.85665E-2 8.6298E-2 4.30603E-2 5.11471E-2 3.18384E-2 4.17732E-2 3.60022E-2 2.03434E-2
-9999 -9999 -9999 -9999 2.54034E-2 9.73867E-3 2.87186E-3 3.19018E-3 3.00775E-3 5.13832E-2 1.88414E-2 1.88919E-3 3.40486E-2 2.41885E-2 4.39566E-2 9.16125E-2 5.5896E-2 6.68711E-2 4.22643E-2 4.26053E-2 3.64307E-2 3.96978E-2 4.37707E-2 8.54866E-2 6.44998E-2 7.71536E-2 4.49229E-2 5.11774E-2 5.15524E-2 6.37514E-2 7.36408E-2 9.41678E-2 8.23737E-2 8.69005E-2 8.9242E-2 9.07806E-2 8.18957E-2 5.17789E-2 7.77824E-2 8.6411E-2 8.9274E-2 1.02312E-1 7.24037E-2 1.05022E-1 9.95084E-2 1.34887E-1 1.4021E-1 1.26412E-1 1.33745E-1 1.28346E-1 1.20572E-1 9.97088E-2 1.0277E-1 1.0168E-1 1.02963E-1 7.39522E-2 5.49676E-2 5.64611E-2 2.85625E-2 3.92242E-2 3.93751E-2
-9999 -9999 -9999 -9999 1.04796E-1 3.18047E-3 5.23091E-3 2.09203E-3 4.55924E-3 3.93485E-2 5.55138E-3 1.84587E-3 1.35865E-2 4.92128E-2 3.96578E-2 6.32049E-2 6.94198E-2 8.14173E-2 6.40801E-2 4.79966E-2 4.71163E-2 4.41559E-2 3.05508E-2 4.82183E-2 1.20694E-1 8.49865E-2 4.15514E-2 4.92531E-2 6.8672E-2 7.72214E-2 8.01868E-2 8.68071E-2 1.14522E-1 1.00147E-1 1.16823E-1 1.0249E-1 9.94615E-2 9.16087E-2 1.06072E-1 1.10517E-1 1.07588E-1 1.08211E-1 9.7853E-2 9.87737E-2 1.11466E-1 1.19366E-1 1.04117E-1 1.21215E-1 1.19575E-1 1.28069E-1 1.10575E-1 9.84374E-2 9.53036E-2 9.37617E-2 9.26154E-2 5.98208E-2 6.09352E-2 6.21842E-2 4.58066E-2 4.01958E-2 2.86227E-2
-9999 -9999 -9999 -9999 -9999 4.52386E-3 6.88394E-3 6.96811E-3 3.36944E-3 1.28682E-2 3.10886E-3 9.87465E-3 1.24902E-2 1.67629E-2 2.1716E-2 5.84756E-2 9.50494E-2 8.00107E-2 7.88401E-2 5.81915E-2 6.33962E-2 6.51796E-2 3.73825E-2 5.82955E-2 7.11974E-2 1.35752E-1 6.8906E-2 4.74397E-2 5.43095E-2 9.21999E-2 9.92336E-2 1.17146E-1 1.12596E-1 1.10814E-1 1.07295E-1 1.19049E-1 1.00362E-1 9.30408E-2 1.08703E-1 1.02599E-1 1.13722E-1 1.12495E-1 1.09716E-1 1.17654E-1 1.14701E-1 1.0731E-1 1.00612E-1 1.14001E-1 1.19508E-1 1.34944E-1 1.1579E-1 1.0742E-1 9.75409E-2 8.8834E-2 9.03259E-2 5.74476E-2 7.03605E-2 6.6957E-2 6.56674E-2 2.08471E-2 3.29903E-2
-9999 -9999 -9999 -9999 -9999 8.0317E-3 1.71423E-3 7.66559E-3 7.18383E-3 2.34626E-2 5.06531E-3 5.19057E-4 2.14352E-3 6.4827E-3 3.07446E-2 5.08605E-2 6.87517E-2 7.44277E-2 8.00598E-2 7.14486E-2 8.89216E-2 3.9904E-2 5.92581E-2 5.24318E-2 8.67576E-2 1.44344E-1 7.97758E-2 5.6447E-2 6.68479E-2 8.13341E-2 9.14469E-2 1.08938E-1 1.16422E-1 1.05115E-1 1.01887E-1 1.17176E-1 1.26072E-1 1.25202E-1 1.21903E-1 1.20332E-1 1.06143E-1 1.14925E-1 1.1174E-1 1.2038E-1 1.05279E-1 1.18464E-1 1.22781E-1 1.06288E-1 9.48706E-2 1.20291E-1 1.18058E-1 1.04211E-1 8.61078E-2 6.95914E-2 9.6623E-2 6.56561E-2 5.72854E-2 6.84154E-2 5.10628E-2 4.86574E-2 4.04994E-2
-9999 -9999 -9999 -9999 -9999 1.90345E-2 3.93826E-3 2.28086E-3 5.67744E-3 1.06213E-3 5.53788E-3 5.36851E-4 1.00383E-3 1.64567E-3 3.47589E-2 4.20871E-2 4.98352E-2 4.49625E-2 7.02549E-2 8.42485E-2 5.88986E-2 6.39273E-2 5.47779E-2 4.82167E-2 6.87559E-2 1.16893E-1 5.7661E-2 7.51989E-2 8.1448E-2 7.27657E-2 9.60772E-2 1.09075E-1 1.20179E-1 1.1884E-1 1.35436E-1 1.4222E-1 1.36829E-1 1.58891E-1 1.45673E-1 1.42567E-1 1.33799E-1 1.20642E-1 1.23233E-1 1.01492E-1 1.24187E-1 1.21158E-1 1.1577E-1 1.11256E-1 1.07891E-1 1.24677E-1 1.24882E-1 1.04173E-1 8.75214E-2 5.66636E-2 9.41169E-2 7.83488E-2 8.32974E-2 7.01628E-2 5.76323E-2 5.82668E-2 4.84915E-2
-9999 -9999 -9999 -9999 -9999 5.58834E-3 1.49516E-3 3.63184E-3 7.07914E-3 1.25827E-3 2.49853E-3 1.60242E-3 4.86739E-3 8.53884E-3 2.18787E-2 2.98931E-2 3.27147E-2 3.31644E-2 5.50697E-2 6.39291E-2 8.53495E-2 1.2179E-1 1.02304E-1 4.77496E-2 4.03531E-2 1.6852E-1 7.83177E-2 6.9795E-2 8.1005E-2 7.38537E-2 1.03448E-1 1.19089E-1 1.21403E-1 1.30621E-1 1.40326E-1 1.44095E-1 1.67587E-1 1.4381E-1 1.42966E-1 1.60813E-1 2.24452E-1 1.66153E-1 1.155E-1 7.07591E-2 1.39671E-1 1.30503E-1 1.33605E-1 1.27137E-1 1.11625E-1 1.41832E-1 1.0576E-1 1.18011E-1 1.31474E-1 9.89619E-2 6.5394E-2 -9999 6.13497E-2 4.4253E-2 5.53948E-2 6.82681E-2 5.36793E-2
