Final_Models_Sept202022/M_0.1_F_lqp_Set_1/Bison_2.asc
ncols         97
nrows         127
xllcorner     -2197417.7431653
yllcorner     -584827.01486885
cellsize      30000.0
NODATA_value  -9999
[rows 27 to 53 of 127, columns 0 to 60 of 97]
-9999 -9999 1.04721E-2 1.14591E-3 1.94182E-2 8.97131E-2 1.58573E-1 1.20815E-1 9.93511E-2 1.76561E-1 7.69723E-2 9.89258E-2 5.79357E-2 1.0591E-1 7.09874E-2 8.8521E-2 5.77779E-2 4.04077E-2 1.83412E-2 1.81986E-2 1.53823E-2 1.26008E-2 9.07535E-3 7.00128E-3 7.78576E-3 1.08165E-2 1.18004E-2 1.46216E-2 9.71117E-3 9.88638E-3 1.06435E-2 2.93087E-2 1.50166E-2 2.58459E-2 4.02052E-2 4.65891E-2 3.38002E-2 6.14607E-2 1.69578E-2 1.03776E-1 2.83082E-1 1.10132E-1 1.68103E-1 2.69044E-1 9.33798E-2 1.1354E-1 9.51093E-2 5.28237E-2 3.02051E-2 2.18444E-2 1.68441E-2 1.84188E-2 7.5005E-3 5.08361E-3 2.167E-3 1.40282E-3 1.36162E-3 1.25122E-3 1.73186E-3 2.39272E-3 3.97194E-3
-9999 2.15071E-6 1.19369E-2 4.02214E-3 8.50188E-4 1.91319E-2 1.66476E-1 8.96578E-2 1.00999E-1 1.86281E-1 1.12048E-1 1.27085E-1 1.98011E-1 1.59354E-1 8.76829E-2 9.51457E-2 1.08252E-1 6.27504E-2 3.80274E-2 2.8632E-2 1.64084E-2 1.4527E-2 8.28126E-3 7.80132E-3 1.09357E-2 1.04817E-2 6.09762E-3 1.43314E-2 1.06928E-2 1.79126E-2 1.1717E-2 2.0778E-2 1.06001E-2 2.28795E-2 2.58631E-2 2.61701E-2 2.20421E-2 9.42317E-2 1.18133E-1 1.08141E-1 1.51732E-1 8.13334E-2 1.4276E-1 1.29547E-1 1.32358E-1 6.09681E-2 7.46536E-2 3.20142E-2 2.54864E-2 1.41906E-2 1.80175E-2 2.31688E-2 6.08049E-3 3.68491E-3 2.45878E-3 1.80231E-3 1.45625E-3 1.33775E-3 1.47028E-3 1.95087E-3 1.87204E-3
-9999 3.32474E-11 5.14191E-8 1.0862E-3 7.30005E-4 1.36849E-2 4.80726E-2 1.29056E-1 4.79538E-2 1.43445E-1 7.78726E-2 1.3975E-1 2.03214E-1 1.6364E-1 1.33797E-1 5.30792E-2 8.55035E-2 9.47982E-2 5.64888E-2 2.44729E-2 2.50487E-2 1.16173E-2 1.6089E-2 8.95361E-3 2.01491E-2 1.52673E-2 9.9291E-3 7.8172E-3 1.3309E-2 1.08326E-2 1.71799E-2 2.51829E-2 2.84093E-2 2.29267E-2 2.55227E-2 2.82387E-2 1.18276E-2 3.09415E-2 2.83938E-2 8.05552E-2 8.88919E-2 1.10724E-1 8.5666E-2 1.06311E-1 5.78633E-2 7.30921E-2 4.30944E-2 2.82304E-2 1.49249E-2 1.62928E-2 1.69755E-2 1.27429E-2 5.84143E-3 3.18699E-3 2.30502E-3 1.83159E-3 1.49695E-3 1.21104E-3 1.18417E-3 1.83848E-3 1.81709E-3
5.83643E-5 2.85787E-11 4.91438E-18 1.25362E-8 1.30427E-7 3.59967E-3 3.05358E-2 1.75518E-1 6.90684E-2 1.38672E-1 8.50688E-2 1.37972E-1 2.33664E-1 2.03849E-1 1.26726E-1 6.76815E-2 1.55085E-1 8.43413E-2 6.87032E-2 3.95508E-2 2.15509E-2 1.46625E-2 2.40831E-2 1.49578E-2 1.69919E-2 1.84296E-2 1.31362E-2 7.8199E-3 1.5203E-2 1.72425E-2 1.76509E-2 1.54591E-2 3.32848E-2 1.61231E-2 2.15501E-2 2.95651E-2 1.21015E-2 2.37812E-2 5.47916E-2 8.54334E-2 1.04987E-1 9.69431E-2 4.94542E-2 8.89078E-2 7.0259E-2 6.10415E-2 5.03556E-2 2.9393E-2 1.41608E-2 7.0992E-3 5.63941E-3 6.33891E-3 5.67157E-3 4.01347E-3 2.90654E-3 2.03415E-3 1.43659E-3 1.32261E-3 1.30092E-3 1.8124E-3 1.72996E-3
8.89898E-4 4.82126E-6 9.09608E-15 2.14451E-21 5.35214E-9 9.08233E-3 3.88686E-2 2.56001E-1 1.20863E-1 1.75512E-1 1.46296E-1 2.25444E-1 2.14268E-1 2.67663E-1 1.63328E-1 9.86505E-2 6.38942E-2 1.48702E-1 6.73581E-2 2.53742E-2 1.72216E-2 1.71057E-2 2.04252E-2 1.58885E-2 2.06459E-2 1.62489E-2 1.61487E-2 1.16853E-2 1.09358E-2 1.91818E-2 2.58007E-2 2.51867E-2 2.41024E-2 1.20212E-2 4.43359E-2 2.31882E-2 4.89277E-2 4.40571E-2 4.97125E-2 5.08688E-2 7.62971E-2 7.54534E-2 7.00133E-2 5.49976E-2 5.57684E-2 4.73383E-2 4.46311E-2 3.63863E-2 2.14982E-2 8.10734E-3 6.46127E-3 6.70548E-3 4.6837E-3 4.17207E-3 3.29273E-3 2.26395E-3 1.65928E-3 1.63221E-3 1.5228E-3 1.78286E-3 1.89363E-3
8.60292E-5 1.31155E-5 5.99288E-6 6.33729E-13 1.58048E-11 7.15703E-3 7.22835E-2 1.491E-1 2.14315E-1 2.20237E-1 2.1826E-1 2.04089E-1 1.9409E-1 2.00031E-1 1.28809E-1 4.74751E-2 2.32304E-2 6.43454E-2 1.02478E-1 5.63705E-2 2.9727E-2 2.0524E-2 1.99719E-2 2.07794E-2 3.69331E-2 1.66636E-2 1.89433E-2 1.68398E-2 1.56669E-2 1.82957E-2 1.96039E-2 2.08991E-2 9.78892E-3 8.70508E-3 4.36487E-2 5.06942E-2 2.83333E-2 3.2998E-2 4.11184E-2 2.66853E-2 4.79982E-2 4.95841E-2 6.87826E-2 4.33904E-2 4.26046E-2 3.87313E-2 3.40947E-2 3.80098E-2 2.55367E-2 1.05548E-2 8.55148E-3 7.32262E-3 4.43283E-3 4.66146E-3 3.61255E-3 2.41241E-3 1.9542E-3 1.82008E-3 2.10285E-3 1.91114E-3 2.20056E-3
-9999 8.23095E-6 6.75941E-5 9.07847E-3 1.05749E-9 2.33862E-2 4.82568E-2 9.0765E-2 1.63815E-1 1.39511E-1 2.26521E-1 2.41585E-1 2.00019E-1 1.70179E-1 4.84564E-2 4.96283E-2 1.354E-2 1.20513E-2 9.95096E-2 7.72192E-2 4.46816E-2 4.27347E-2 2.85265E-2 2.05514E-2 2.22617E-2 3.04434E-2 2.71105E-2 2.1708E-2 3.5031E-2 1.96177E-2 2.42363E-2 2.5958E-2 1.76853E-2 2.46872E-2 4.47952E-2 2.9195E-2 3.40284E-2 5.0117E-2 4.08524E-2 3.46625E-2 5.46146E-2 5.8612E-2 5.65116E-2 5.3484E-2 3.79683E-2 4.72955E-2 3.80028E-2 6.12701E-2 5.11236E-2 2.59987E-2 1.59727E-2 1.23299E-2 7.55579E-3 6.23777E-3 3.90058E-3 3.03659E-3 3.8229E-3 2.20753E-3 2.24461E-3 2.0264E-3 2.47995E-3
-9999 -9999 2.1684E-5 9.02616E-4 7.0933E-6 5.97249E-2 1.65813E-2 5.47126E-2 1.00774E-1 1.41144E-1 1.03714E-1 3.13393E-1 1.38589E-1 1.26058E-1 4.23254E-2 4.53734E-2 2.80625E-2 1.50425E-2 2.78042E-2 7.41247E-2 7.06834E-2 2.96542E-2 2.98605E-2 1.93021E-2 5.22026E-2 1.13216E-2 2.79874E-2 2.51615E-2 2.57503E-2 1.77728E-2 1.86549E-2 2.58146E-2 2.69414E-2 3.61428E-2 3.72915E-2 3.13108E-2 2.37302E-2 4.21455E-2 1.21218E-2 1.55916E-2 7.87563E-2 7.01493E-2 7.63509E-2 4.91878E-2 7.78596E-2 6.08152E-2 5.78289E-2 5.45982E-2 6.95947E-2 6.11293E-2 3.16793E-2 1.65502E-2 8.48034E-3 6.50302E-3 4.2984E-3 3.19149E-3 4.93532E-3 2.6083E-3 2.73085E-3 2.8006E-3 2.68287E-3
-9999 -9999 1.64933E-5 8.84402E-3 1.61467E-3 1.10131E-2 4.35515E-3 2.83934E-2 6.67278E-2 9.26525E-2 1.01008E-1 2.28051E-1 1.45035E-1 1.17347E-1 4.81487E-2 1.02871E-1 5.86588E-2 5.003E-2 2.06606E-2 2.96753E-2 5.02503E-2 6.97454E-2 4.17438E-2 7.57131E-3 3.43918E-2 1.87596E-2 3.69457E-2 3.05659E-2 3.30724E-2 2.44597E-2 1.71935E-2 2.45626E-2 2.59385E-2 4.00903E-2 3.762E-2 4.01793E-2 5.28257E-3 2.20418E-2 1.11566E-2 1.19602E-2 3.58782E-2 7.75415E-2 5.35666E-2 7.81918E-2 7.93585E-2 7.21201E-2 6.12829E-2 6.00151E-2 5.36701E-2 7.55547E-2 4.48401E-2 4.40794E-2 1.52341E-2 7.24648E-3 5.29297E-3 3.99069E-3 3.42214E-3 3.34787E-3 3.51159E-3 3.37456E-3 2.59315E-3
-9999 -9999 5.50187E-5 1.21515E-2 1.98424E-3 2.21814E-3 1.58169E-3 3.90419E-2 7.8062E-2 4.23229E-2 6.78756E-2 1.20323E-1 1.96879E-1 1.22116E-1 4.7253E-2 7.11437E-2 7.58693E-2 6.20077E-2 7.02813E-2 2.39871E-2 4.87021E-2 7.50535E-2 4.15429E-2 2.72114E-2 2.45764E-2 6.18198E-3 3.91925E-2 1.87185E-2 2.34268E-2 2.75232E-2 2.42386E-2 2.33277E-2 2.53612E-2 4.05633E-2 3.94997E-2 4.50108E-2 6.85996E-3 7.83728E-3 1.02563E-2 1.36867E-2 1.9719E-2 5.2102E-2 4.91939E-2 3.47905E-2 8.53941E-2 7.87546E-2 6.94428E-2 7.56639E-2 7.25601E-2 7.9477E-2 4.4974E-2 2.99065E-2 1.50335E-2 8.9163E-3 9.0518E-3 5.9524E-3 4.71206E-3 4.07353E-3 5.01671E-3 4.05629E-3 3.24252E-3
-9999 -9999 -9999 2.59255E-3 5.51619E-5 8.10485E-3 4.62743E-3 1.49617E-2 1.57818E-2 1.00635E-2 1.79484E-2 1.14394E-1 1.91408E-1 1.23687E-1 6.46558E-2 6.42726E-2 5.86277E-2 5.23008E-2 6.46317E-2 6.59331E-2 4.33657E-2 2.50487E-2 2.8952E-2 4.4864E-2 4.57795E-2 2.41553E-2 3.52195E-2 5.3088E-2 4.26621E-2 2.82252E-2 2.38144E-2 2.58854E-2 3.29979E-2 3.13188E-2 3.6424E-2 4.1043E-2 2.105E-2 7.3546E-3 1.87964E-2 2.21994E-2 2.17052E-2 3.44343E-2 5.73421E-2 6.47773E-2 9.13257E-2 7.46442E-2 7.74676E-2 8.91725E-2 5.67268E-2 4.54296E-2 3.51431E-2 3.08392E-2 2.46427E-2 1.3937E-2 1.33617E-2 9.39746E-3 9.36299E-3 6.50426E-3 4.18464E-3 4.10578E-3 3.78368E-3
-9999 -9999 -9999 5.06026E-4 2.1014E-6 9.82505E-2 1.69454E-2 1.29656E-2 3.2435E-2 2.65472E-2 8.38852E-3 1.03268E-1 1.17343E-1 1.08168E-1 1.06049E-1 5.67216E-2 4.00921E-2 4.98128E-2 3.84643E-2 5.9381E-2 2.50341E-2 1.82101E-2 2.09712E-2 4.18074E-2 4.96114E-2 6.48965E-2 6.4752E-2 4.04611E-2 1.99926E-2 2.35886E-2 2.7186E-2 3.3978E-2 4.6678E-2 3.29228E-2 3.41089E-2 3.76622E-2 1.5612E-2 1.88169E-2 5.75848E-2 1.47653E-2 1.68164E-2 2.48492E-2 2.2497E-2 2.9034E-2 7.17982E-2 8.71216E-2 8.20215E-2 9.41909E-2 8.82659E-2 8.49408E-2 2.61056E-2 8.16609E-2 3.57315E-2 2.89433E-2 1.78526E-2 9.50581E-3 8.52511E-3 6.67015E-3 6.40347E-3 4.6083E-3 4.10098E-3
-9999 -9999 -9999 9.30661E-4 4.946E-3 2.4971E-1 8.12284E-2 3.36592E-2 1.26749E-2 4.80919E-2 9.22996E-3 2.77178E-2 9.65461E-2 8.73349E-2 7.4564E-2 6.38746E-2 2.13538E-2 5.14442E-2 4.8999E-2 4.63819E-2 2.47342E-2 1.77806E-2 3.18092E-2 4.79991E-2 6.38659E-2 5.83766E-2 5.77138E-2 5.09314E-2 3.44576E-2 2.15638E-2 2.69182E-2 4.45189E-2 5.60476E-2 3.29052E-2 4.18756E-2 4.24346E-2 5.32087E-2 6.40078E-2 4.45802E-2 1.79999E-2 1.64209E-2 2.43354E-2 4.63564E-2 5.86411E-2 8.89224E-2 9.88219E-2 7.63344E-2 1.05787E-1 9.00123E-2 8.06712E-2 5.93147E-2 4.11986E-2 8.32725E-2 5.44814E-2 3.3091E-2 3.16966E-2 4.01817E-2 2.07674E-2 1.40414E-2 7.57283E-3 4.98727E-3
-9999 -9999 -9999 -9999 1.95327E-3 1.72428E-1 7.30739E-3 9.2907E-3 5.27275E-2 8.71777E-3 5.1148E-4 5.24739E-3 1.13877E-1 5.87412E-2 8.63583E-2 7.0514E-2 5.1054E-2 5.74689E-2 7.6577E-2 5.94505E-2 3.24077E-2 3.1186E-2 3.74051E-2 3.60928E-2 4.14723E-2 3.9013E-2 4.46309E-2 3.64938E-2 3.3454E-2 4.11485E-2 4.78923E-2 5.67604E-2 3.7963E-2 3.7224E-2 3.74051E-2 4.64091E-2 5.41571E-2 5.10743E-2 1.96555E-2 2.60562E-2 3.64141E-2 4.02669E-2 5.43604E-2 1.00897E-1 1.02909E-1 9.35199E-2 8.01689E-2 1.07374E-1 1.38499E-1 1.00708E-1 4.41681E-2 9.47584E-2 1.37934E-1 7.28363E-2 3.61422E-2 7.61001E-2 2.883E-2 5.28507E-2 5.10828E-2 9.30513E-3 5.0229E-3
-9999 -9999 -9999 -9999 1.03401E-1 2.29631E-2 3.5352E-3 1.87159E-2 2.57681E-2 1.21179E-5 3.13715E-5 3.58051E-3 1.2579E-1 6.62939E-2 9.54451E-2 4.83667E-2 5.20979E-2 6.02743E-2 7.19578E-2 4.87632E-2 5.28862E-2 7.0838E-2 4.81152E-2 4.37725E-2 3.73812E-2 3.28404E-2 3.98111E-2 2.98059E-2 3.37469E-2 3.49217E-2 4.07315E-2 6.49228E-2 3.9563E-2 4.54195E-2 4.51666E-2 5.02563E-2 5.04871E-2 6.6229E-2 5.94352E-2 6.9162E-2 4.92892E-2 7.28165E-2 8.28579E-2 1.0919E-1 9.60329E-2 1.17511E-1 1.35746E-1 4.84123E-2 1.14008E-1 1.53342E-1 1.21711E-1 1.25368E-1 1.57587E-1 5.01328E-2 5.90917E-2 8.97568E-2 7.38122E-2 6.41254E-2 4.46808E-2 1.16076E-2 6.7466E-3
-9999 -9999 -9999 -9999 3.01033E-4 4.76813E-3 4.07935E-3 1.53502E-2 2.60989E-3 5.70504E-5 1.01832E-3 1.33836E-3 3.63722E-2 5.36959E-2 6.00007E-2 6.1471E-2 6.61136E-2 6.61231E-2 3.35764E-2 5.21833E-2 4.70675E-2 3.95759E-2 6.00989E-2 6.06106E-2 5.10446E-2 4.69847E-2 4.10984E-2 4.00511E-2 3.52281E-2 3.16801E-2 4.99256E-2 4.23702E-2 5.00324E-2 4.91314E-2 5.18925E-2 5.44006E-2 5.81611E-2 6.59177E-2 7.80423E-2 6.85541E-2 9.3593E-2 9.90503E-2 1.18064E-1 1.17063E-1 1.06587E-1 1.07554E-1 1.61586E-1 2.01158E-1 -9999 1.46018E-1 1.11537E-1 1.14424E-1 6.08214E-2 7.63424E-2 1.49914E-1 8.42081E-2 6.69619E-2 4.4146E-2 9.00848E-2 2.20529E-2 8.48066E-3
-9999 -9999 -9999 -9999 5.99953E-4 6.82837E-4 1.14713E-3 1.50541E-5 1.94247E-1 4.58466E-1 2.05579E-3 4.21679E-4 9.55356E-3 4.32437E-2 2.77878E-2 4.30322E-2 6.74804E-2 2.58323E-2 2.54318E-2 5.85256E-2 5.03252E-2 4.40395E-2 5.69584E-2 6.6937E-2 4.43321E-2 2.91567E-2 1.97276E-2 5.6156E-2 3.71872E-2 4.85709E-2 5.92428E-2 4.61001E-2 5.42904E-2 5.6513E-2 5.36073E-2 6.09831E-2 6.36046E-2 7.15584E-2 7.75565E-2 8.38571E-2 8.01878E-2 1.0689E-1 1.14897E-1 1.17357E-1 1.27245E-1 1.2505E-1 -9999 -9999 -9999 -9999 1.50071E-1 8.01343E-2 7.83751E-2 1.19446E-1 1.01718E-1 8.43246E-2 3.09476E-2 2.37963E-2 1.11585E-2 1.81766E-2 1.69925E-2
-9999 -9999 -9999 -9999 2.67924E-4 1.45157E-3 8.69129E-4 1.67223E-4 1.74836E-7 4.72101E-1 4.39038E-3 2.45228E-3 7.64181E-3 2.29056E-2 1.95051E-2 3.56149E-2 4.93083E-2 2.64765E-2 3.92514E-2 5.13488E-2 5.08866E-2 5.60532E-2 7.31913E-2 6.3356E-2 3.07793E-2 1.70144E-2 3.42737E-2 4.89044E-2 4.4839E-2 5.54205E-2 5.15687E-2 4.9868E-2 5.04928E-2 7.51566E-2 5.07675E-2 6.01532E-2 7.67987E-2 7.25225E-2 7.64886E-2 8.49792E-2 1.06339E-1 1.08425E-1 9.18624E-2 6.33279E-2 1.48831E-1 -9999 -9999 -9999 -9999 2.94476E-1 1.16661E-1 1.09242E-1 9.12426E-2 1.03377E-1 9.90334E-2 7.54677E-2 7.09538E-2 4.62366E-2 4.55191E-2 6.41754E-2 2.49245E-2
-9999 -9999 -9999 -9999 1.9254E-3 7.46935E-3 2.14195E-3 4.90171E-5 1.55852E-2 2.14211E-1 5.7792E-3 2.1954E-3 2.58555E-3 1.94495E-2 2.71836E-2 2.82562E-2 4.95637E-2 5.19092E-2 2.25034E-2 2.83515E-2 5.55977E-2 7.43829E-2 5.62862E-2 4.48494E-2 4.27267E-2 4.06392E-2 4.35533E-2 5.68042E-2 5.7292E-2 4.74377E-2 4.99634E-2 5.53442E-2 5.66652E-2 6.16022E-2 6.76155E-2 6.10074E-2 6.77952E-2 6.95738E-2 8.84495E-2 9.32271E-2 1.01434E-1 1.05655E-1 1.18595E-1 1.32656E-1 1.87803E-1 -9999 -9999 -9999 2.94931E-1 2.17933E-1 1.28472E-1 9.90178E-2 9.99527E-2 7.35617E-2 8.83626E-2 5.65481E-2 6.68281E-2 2.39756E-2 2.57419E-2 3.77223E-2 1.6056E-2
-9999 -9999 -9999 3.21601E-3 2.97378E-1 2.51053E-1 1.11178E-4 6.46833E-4 1.49487E-4 5.20889E-3 7.57187E-4 8.68466E-4 2.97442E-3 1.96136E-2 4.1594E-2 2.75602E-2 6.75553E-2 4.3591E-2 4.68197E-2 1.62462E-2 3.81757E-2 5.10337E-2 4.37455E-2 2.89331E-2 4.44595E-2 4.83394E-2 5.63555E-2 5.05775E-2 3.35415E-2 3.66157E-2 6.07841E-2 5.92231E-2 5.6453E-2 6.36581E-2 6.92568E-2 7.41017E-2 7.02626E-2 8.32946E-2 8.26605E-2 9.58752E-2 9.59849E-2 9.31005E-2 1.0348E-1 1.31143E-1 2.78399E-1 2.0473E-1 2.11213E-1 2.2705E-1 2.18031E-1 1.58339E-1 1.38876E-1 1.12497E-1 1.16892E-1 1.07647E-1 9.17173E-2 5.04109E-2 6.85309E-2 3.08368E-2 2.43507E-2 2.87377E-2 2.26008E-2
-9999 -9999 -9999 -9999 3.12914E-2 5.19539E-1 2.0309E-3 -9999 1.96876E-4 6.14527E-3 1.21423E-3 3.06658E-4 1.44181E-2 2.48131E-2 3.59612E-2 5.96651E-2 5.63387E-2 4.33997E-2 3.11434E-2 2.96623E-2 2.35437E-2 4.30863E-2 2.91323E-2 4.55953E-2 7.84329E-2 8.20166E-2 6.93258E-2 4.51918E-2 3.32696E-2 3.90358E-2 4.28575E-2 5.64153E-2 5.64248E-2 6.4163E-2 6.65023E-2 6.58123E-2 6.625E-2 5.973E-2 7.05931E-2 1.08838E-1 1.42336E-1 1.12332E-1 9.40524E-2 1.12194E-1 1.15072E-1 1.57607E-1 1.62845E-1 1.70749E-1 1.77149E-1 1.47025E-1 1.31046E-1 8.5561E-2 1.11613E-1 1.15682E-1 1.04207E-1 4.39138E-2 6.58238E-2 4.02115E-2 4.11262E-2 3.53803E-2 2.02982E-2
-9999 -9999 -9999 -9999 2.17276E-2 8.44233E-3 8.40029E-4 9.39163E-4 6.8981E-4 6.28041E-2 4.23196E-3 1.69374E-4 4.20447E-3 8.61902E-3 2.33222E-2 9.01079E-2 5.90286E-2 6.58741E-2 3.09085E-2 2.85849E-2 2.2646E-2 3.31048E-2 4.88168E-2 5.82592E-2 5.29896E-2 8.92991E-2 7.13169E-2 5.57722E-2 5.90897E-2 5.01239E-2 5.33151E-2 7.06997E-2 6.22489E-2 6.79514E-2 7.82887E-2 8.45621E-2 7.90605E-2 4.32295E-2 8.25505E-2 9.26455E-2 1.00568E-1 1.0866E-1 8.35683E-2 9.71584E-2 9.70436E-2 1.34648E-1 1.35285E-1 1.11678E-1 1.44075E-1 1.3733E-1 1.18511E-1 1.07952E-1 1.18866E-1 1.23303E-1 1.33166E-1 9.35323E-2 7.05199E-2 7.1132E-2 2.92308E-2 4.16073E-2 4.46878E-2
-9999 -9999 -9999 -9999 2.82641E-1 1.72383E-3 3.66083E-3 8.5007E-4 1.26048E-3 3.93127E-2 1.48486E-3 1.37727E-4 1.51492E-3 2.19063E-2 2.29952E-2 3.26156E-2 5.22817E-2 5.84008E-2 5.46439E-2 3.59476E-2 2.1735E-2 3.18418E-2 2.47558E-2 3.45098E-2 6.21928E-2 5.95694E-2 6.04465E-2 6.61071E-2 6.08512E-2 6.28546E-2 5.89743E-2 6.32894E-2 9.28754E-2 8.81736E-2 1.09075E-1 9.80619E-2 1.00317E-1 9.14646E-2 9.81612E-2 1.11771E-1 1.12511E-1 1.10567E-1 9.23868E-2 9.92105E-2 1.10849E-1 1.20267E-1 8.31871E-2 9.78406E-2 1.3183E-1 1.3078E-1 1.14771E-1 1.05595E-1 1.1179E-1 1.11084E-1 1.12661E-1 7.55974E-2 7.50511E-2 6.44891E-2 4.73519E-2 4.45348E-2 3.20533E-2
-9999 -9999 -9999 -9999 -9999 2.47442E-3 3.42029E-3 4.34028E-3 1.84235E-3 6.28122E-3 3.96216E-4 1.40323E-3 3.20436E-3 4.8832E-3 9.60711E-3 3.04476E-2 5.13488E-2 4.8107E-2 5.75428E-2 4.87765E-2 4.4412E-2 4.49253E-2 3.36523E-2 5.05383E-2 3.41459E-2 5.31064E-2 7.97051E-2 7.36608E-2 6.25727E-2 7.60933E-2 7.72034E-2 9.29959E-2 9.5273E-2 9.47706E-2 9.44675E-2 1.13601E-1 9.98237E-2 9.8167E-2 1.10468E-1 1.0588E-1 1.1495E-1 1.1149E-1 1.04999E-1 1.30581E-1 1.34929E-1 1.17838E-1 7.3735E-2 1.22486E-1 1.26617E-1 1.43807E-1 1.24109E-1 1.21331E-1 1.16587E-1 1.03402E-1 1.09741E-1 7.45669E-2 8.10767E-2 8.09941E-2 7.26196E-2 2.19622E-2 3.51086E-2
-9999 -9999 -9999 -9999 -9999 5.4165E-3 9.30795E-4 5.16404E-3 3.39408E-3 9.27927E-3 2.99839E-4 2.08593E-5 1.48026E-4 1.28802E-3 1.15426E-2 2.04313E-2 4.80759E-2 4.58564E-2 5.62383E-2 5.5356E-2 5.80998E-2 3.08408E-2 5.72896E-2 4.88405E-2 4.5435E-2 7.92919E-2 1.00781E-1 8.30538E-2 8.26892E-2 6.2401E-2 7.65791E-2 8.39245E-2 9.18659E-2 8.8024E-2 9.56669E-2 1.10111E-1 1.22029E-1 1.34134E-1 1.24152E-1 1.23083E-1 1.06794E-1 1.14376E-1 1.20857E-1 1.31334E-1 9.22784E-2 1.2813E-1 1.31952E-1 1.05545E-1 9.45451E-2 1.11455E-1 1.23122E-1 1.15812E-1 8.36038E-2 8.47594E-2 1.13952E-1 6.25073E-2 7.44699E-2 8.63235E-2 5.94506E-2 5.37234E-2 4.20468E-2
-9999 -9999 -9999 -9999 -9999 2.24091E-2 2.05822E-3 1.50167E-3 5.93746E-3 1.21367E-4 2.30983E-4 6.35712E-6 5.23002E-5 1.2498E-4 1.59051E-2 2.07859E-2 3.8352E-2 3.43462E-2 4.37165E-2 6.07806E-2 4.56311E-2 5.10332E-2 5.80144E-2 5.54737E-2 5.30933E-2 8.1662E-2 5.81198E-2 9.38018E-2 8.23278E-2 8.11248E-2 8.73055E-2 9.92227E-2 1.02935E-1 1.0549E-1 1.29163E-1 1.42789E-1 1.4518E-1 1.58684E-1 1.36634E-1 1.359E-1 1.31787E-1 1.25824E-1 1.27899E-1 1.04083E-1 1.32717E-1 1.05321E-1 1.34512E-1 1.18083E-1 1.17195E-1 1.27805E-1 1.26077E-1 1.04504E-1 7.34302E-2 6.91806E-2 1.06689E-1 1.06221E-1 1.09544E-1 9.37707E-2 7.2199E-2 6.80446E-2 5.66597E-2
-9999 -9999 -9999 -9999 -9999 2.16789E-3 4.07861E-4 1.61893E-3 4.31311E-3 1.9376E-4 1.53589E-4 2.81932E-5 4.72766E-4 1.84591E-3 1.22178E-2 1.77846E-2 2.71175E-2 2.8457E-2 3.45358E-2 4.91648E-2 7.75646E-2 8.76738E-2 1.09737E-1 6.10815E-2 3.63629E-2 9.95638E-2 8.69208E-2 1.16618E-1 8.84411E-2 1.01333E-1 1.1067E-1 1.12328E-1 1.01836E-1 1.14606E-1 1.33666E-1 1.50217E-1 1.69585E-1 1.44172E-1 1.35122E-1 1.60558E-1 2.02539E-1 1.53649E-1 1.24623E-1 8.23125E-2 1.73184E-1 1.52502E-1 1.45296E-1 1.32013E-1 1.18337E-1 1.37226E-1 1.05891E-1 1.21237E-1 1.18726E-1 8.59744E-2 8.60702E-2 -9999 8.99978E-2 6.21732E-2 6.67428E-2 7.70051E-2 6.14536E-2
