Final_Models_Sept202022/M_0.1_F_lqp_Set_1/Bison_median.asc
ncols         97
nrows         127
xllcorner     -2197417.7431653
yllcorner     -584827.01486885
cellsize      30000.0
NODATA_value  -9999
[rows 54 to 80 of 127, columns 0 to 60 of 97]
-9999 -9999 -9999 -9999 9.035E-2 1.79077E-2 2.86411E-3 1.67712E-2 1.27001E-2 6.09222E-4 1.04739E-3 1.25229E-3 1.23684E-3 5.07389E-3 9.53789E-3 7.84726E-3 1.75976E-2 2.88318E-2 3.59311E-2 4.95602E-2 8.15133E-2 9.55905E-2 8.74691E-2 9.56556E-2 5.9668E-2 1.15765E-1 1.19068E-1 1.08784E-1 1.49432E-1 1.36416E-1 1.19444E-1 1.12405E-1 1.28742E-1 1.43907E-1 1.41675E-1 1.52342E-1 1.49975E-1 1.42927E-1 1.44924E-1 1.72544E-1 2.61264E-1 2.56576E-1 2.07225E-1 1.63034E-1 1.65454E-1 1.34112E-1 1.49295E-1 1.23725E-1 1.05464E-1 9.86442E-2 1.03626E-1 1.13256E-1 8.74644E-2 1.41932E-1 1.58516E-1 9.2953E-2 1.0575E-1 8.66646E-2 8.23462E-2 8.18196E-2 5.42215E-2
-9999 -9999 -9999 -9999 -9999 1.46224E-2 2.49519E-3 5.56413E-3 8.72804E-2 4.75949E-3 5.68838E-4 1.06574E-3 8.51322E-3 3.76813E-3 9.30296E-3 4.66496E-3 6.61451E-3 1.52021E-2 4.40586E-2 2.99915E-2 9.0357E-2 1.0212E-1 1.07913E-1 1.57688E-1 5.41532E-2 7.17388E-2 1.07332E-1 1.28252E-1 2.06561E-1 1.90479E-1 1.4339E-1 1.24714E-1 1.33305E-1 1.36342E-1 1.3544E-1 1.73908E-1 1.76557E-1 1.56595E-1 1.85392E-1 1.93E-1 2.57315E-1 3.1047E-1 2.04173E-1 1.60819E-1 1.65066E-1 1.54948E-1 1.3655E-1 1.13905E-1 1.18884E-1 8.08607E-2 1.09244E-1 1.28257E-1 1.12272E-1 1.64575E-1 1.35012E-1 1.08707E-1 1.06481E-1 8.35043E-2 8.62917E-2 7.52324E-2 6.36799E-2
-9999 -9999 -9999 -9999 -9999 2.27477E-2 1.01959E-2 1.75261E-2 2.78436E-2 9.59153E-3 6.12069E-5 4.38948E-4 5.45778E-4 7.03029E-4 1.39943E-2 4.94809E-3 1.54005E-2 1.51127E-2 3.16821E-2 4.94976E-2 8.27659E-2 6.9809E-2 6.94195E-2 9.50755E-2 6.10507E-2 4.99471E-2 8.38566E-2 1.9572E-1 2.4349E-1 1.80922E-1 1.82296E-1 1.53315E-1 1.55188E-1 1.54307E-1 1.8436E-1 2.11665E-1 1.79891E-1 1.69421E-1 1.97456E-1 2.10355E-1 2.93559E-1 2.54349E-1 1.86151E-1 1.71141E-1 1.62712E-1 1.51478E-1 1.43287E-1 1.27719E-1 1.44565E-1 1.39112E-1 1.58797E-1 1.44113E-1 1.64901E-1 1.44308E-1 1.15673E-1 1.21802E-1 1.10015E-1 1.07871E-1 7.43257E-2 5.72289E-2 3.05988E-2
-9999 -9999 -9999 -9999 -9999 -9999 1.39489E-2 -9999 2.38328E-2 3.62408E-3 4.06091E-4 6.94492E-4 6.3331E-4 1.77461E-3 2.56957E-3 2.54524E-2 1.35116E-2 1.47801E-2 3.47348E-2 6.42808E-2 4.2427E-2 6.1318E-2 7.56157E-2 1.0759E-1 7.74216E-2 8.51406E-2 7.44356E-2 1.98428E-1 2.3283E-1 2.09554E-1 3.52242E-1 2.86149E-1 1.82031E-1 1.68452E-1 1.92835E-1 2.42995E-1 2.38341E-1 1.86545E-1 2.01998E-1 1.99819E-1 1.83914E-1 1.43117E-1 2.05089E-1 1.66587E-1 1.20365E-1 1.38253E-1 1.22056E-1 1.37179E-1 1.42842E-1 1.7474E-1 1.58906E-1 1.55148E-1 1.41901E-1 1.37973E-1 1.27993E-1 1.14596E-1 1.04153E-1 9.61554E-2 7.60723E-2 5.22689E-2 3.91862E-2
-9999 -9999 -9999 3.41405E-3 -9999 -9999 -9999 -9999 -9999 1.0434E-2 1.58462E-3 1.29904E-4 4.75865E-4 1.41302E-3 6.12746E-4 2.11448E-2 1.14536E-2 2.28118E-2 3.09843E-2 4.50149E-2 5.94184E-2 8.00792E-2 5.78913E-2 1.28312E-1 4.80146E-2 4.93743E-2 6.94591E-2 1.22482E-1 2.58135E-1 3.07993E-1 4.6424E-1 4.02583E-1 1.8466E-1 1.52882E-1 1.7471E-1 2.52584E-1 2.32377E-1 2.91324E-1 5.46599E-1 1.88939E-1 1.7587E-1 1.42454E-1 1.81863E-1 1.45748E-1 8.55986E-2 1.13829E-1 1.55602E-1 1.49184E-1 1.49412E-1 1.46069E-1 1.61456E-1 1.58282E-1 1.50411E-1 1.34047E-1 1.19738E-1 1.18378E-1 1.00575E-1 7.95335E-2 7.97815E-2 6.92997E-2 5.41403E-2
-9999 -9999 -9999 4.20314E-3 4.26269E-3 7.64399E-3 -9999 -9999 -9999 1.82935E-2 1.22633E-4 1.48167E-4 4.63573E-4 2.49433E-3 3.23478E-3 3.36559E-2 2.31592E-2 1.79849E-2 4.08877E-2 5.66154E-2 4.31307E-2 4.75372E-2 7.65263E-2 5.53759E-2 7.44553E-2 3.10527E-2 4.27119E-2 1.06424E-1 3.04909E-1 4.66272E-1 5.60815E-1 4.87907E-1 2.12107E-1 2.29205E-1 2.24153E-1 2.29678E-1 2.40817E-1 4.79298E-1 4.47166E-1 1.94848E-1 1.96966E-1 2.00038E-1 1.76205E-1 1.65672E-1 1.36339E-1 1.41256E-1 1.43294E-1 1.24676E-1 1.36109E-1 2.17117E-1 1.88165E-1 1.56876E-1 1.36574E-1 1.38876E-1 9.36487E-2 1.26958E-1 8.8278E-2 1.004E-1 1.02415E-1 7.49571E-2 4.99778E-2
-9999 -9999 -9999 3.69771E-3 6.56495E-3 1.08838E-2 8.20702E-3 -9999 -9999 9.87747E-2 5.20577E-4 1.18876E-3 3.89464E-4 1.3232E-3 2.27082E-3 1.46189E-2 2.56025E-2 3.33221E-2 5.04225E-2 5.27503E-2 6.02114E-2 4.18659E-2 3.02175E-2 2.73899E-2 5.90383E-2 1.7271E-3 1.90451E-3 5.9065E-2 1.96486E-1 2.11705E-1 6.65553E-1 6.77705E-1 4.48354E-1 5.47383E-1 4.81558E-1 3.35725E-1 3.74924E-1 4.15012E-1 3.73787E-1 1.97071E-1 2.11155E-1 1.98967E-1 1.84215E-1 1.77073E-1 1.48549E-1 1.37721E-1 1.37078E-1 1.40359E-1 1.42006E-1 2.75921E-1 2.25685E-1 2.13481E-1 1.26929E-1 1.07623E-1 9.14408E-2 1.3149E-1 1.13305E-1 1.24442E-1 1.02925E-1 7.26016E-2 4.49528E-2
-9999 -9999 -9999 2.6373E-3 3.94031E-3 4.74561E-3 -9999 -9999 1.80652E-2 4.6374E-4 3.88445E-5 3.80426E-4 6.56246E-4 1.26868E-3 3.32434E-3 1.38669E-2 9.38834E-2 4.02759E-2 5.81505E-2 3.2546E-2 6.24141E-2 4.96914E-2 4.25305E-2 3.35278E-2 3.61992E-2 2.94845E-3 1.34496E-3 3.27559E-2 1.19794E-1 3.90411E-1 5.70301E-1 7.02249E-1 6.21797E-1 5.14378E-1 6.33572E-1 5.01783E-1 4.60924E-1 5.69858E-1 3.93891E-1 2.57544E-1 2.46676E-1 2.24361E-1 1.92693E-1 1.60507E-1 1.61918E-1 1.75852E-1 1.56149E-1 1.61037E-1 1.96297E-1 2.67043E-1 2.60535E-1 1.52604E-1 1.49475E-1 1.15178E-1 7.52627E-2 1.43584E-1 1.24359E-1 9.59689E-2 1.02092E-1 7.63357E-2 6.91032E-2
-9999 -9999 -9999 3.49369E-3 8.00411E-3 -9999 -9999 1.77693E-2 8.66681E-3 9.15402E-4 5.82199E-5 2.75513E-4 8.72734E-4 2.65159E-4 7.46637E-3 2.0099E-2 8.95144E-2 5.63634E-2 4.98627E-2 5.47145E-2 6.66816E-2 5.44344E-2 3.0451E-2 3.6979E-2 2.87624E-2 6.13163E-3 6.39238E-4 1.47409E-2 6.95013E-2 1.3091E-1 3.99209E-1 6.22092E-1 3.88892E-1 4.59084E-1 7.3147E-1 6.23193E-1 6.1144E-1 7.41119E-1 5.03188E-1 2.60704E-1 2.51618E-1 1.97296E-1 1.65947E-1 1.6032E-1 1.6858E-1 1.91849E-1 1.71496E-1 1.77258E-1 1.69793E-1 2.30837E-1 2.56396E-1 1.50098E-1 1.28641E-1 1.27929E-1 1.05139E-1 1.09978E-1 1.17855E-1 1.05326E-1 1.21189E-1 8.62429E-2 6.18886E-2
-9999 -9999 -9999 2.98733E-3 2.9094E-3 -9999 -9999 -9999 1.65052E-2 1.52246E-3 6.62723E-4 1.37056E-3 1.94513E-4 1.90962E-3 1.17783E-2 4.92316E-2 8.39387E-2 7.48776E-2 7.39737E-2 6.67148E-2 8.16175E-2 8.92492E-2 5.70949E-2 2.97065E-2 3.06877E-2 1.03489E-2 3.11697E-3 1.71897E-2 4.31378E-2 8.00948E-2 1.50448E-1 3.91587E-1 4.97855E-1 5.52014E-1 6.17523E-1 6.22473E-1 5.79932E-1 4.33196E-1 2.76696E-1 2.18201E-1 1.83858E-1 1.8723E-1 1.71764E-1 1.65574E-1 1.81384E-1 1.88891E-1 2.19646E-1 1.82388E-1 1.62599E-1 2.3165E-1 2.28877E-1 1.5227E-1 1.39133E-1 1.25465E-1 1.21058E-1 9.09161E-2 1.26201E-1 1.14961E-1 1.28653E-1 1.04885E-1 7.47515E-2
-9999 -9999 -9999 1.47021E-2 3.57702E-2 -9999 -9999 -9999 1.72123E-2 3.16492E-2 6.74148E-3 1.12312E-4 1.33667E-3 4.49184E-3 5.98389E-3 4.22782E-2 6.90509E-2 8.63174E-2 1.0529E-1 6.5622E-2 6.00386E-2 1.2998E-1 7.33782E-2 4.90413E-2 3.55297E-2 1.58561E-2 4.10187E-3 1.22303E-2 2.53655E-2 6.19327E-2 8.52993E-2 4.24452E-1 5.05382E-1 6.06941E-1 4.66527E-1 5.71376E-1 5.09947E-1 5.25768E-1 2.82107E-1 2.67804E-1 1.83612E-1 1.85886E-1 1.50952E-1 1.64826E-1 2.80255E-1 2.82532E-1 2.42547E-1 1.87295E-1 1.576E-1 2.07967E-1 2.9984E-1 1.79928E-1 1.35129E-1 9.87546E-2 1.37092E-1 9.4381E-2 1.10033E-1 1.08595E-1 9.63268E-2 1.26092E-1 8.00298E-2
-9999 -9999 -9999 3.15503E-3 4.43776E-2 -9999 -9999 -9999 2.14506E-2 3.02321E-3 6.77753E-4 1.62161E-5 4.4425E-4 3.24142E-3 5.92308E-2 4.94258E-2 4.42796E-2 9.42072E-2 9.04921E-2 8.69315E-2 1.40537E-1 1.69797E-1 7.69116E-2 5.67751E-2 3.81221E-2 1.26152E-2 6.61802E-3 5.95975E-3 1.72702E-2 3.07027E-2 6.66457E-2 2.58606E-1 4.32824E-1 6.46049E-1 5.66517E-1 5.37029E-1 2.83818E-1 4.68262E-1 4.81305E-1 3.12456E-1 1.5537E-1 1.58386E-1 1.6906E-1 1.68347E-1 1.89826E-1 1.95283E-1 2.2252E-1 1.93449E-1 2.3135E-1 2.24389E-1 2.12186E-1 2.02263E-1 1.4892E-1 1.40269E-1 1.22092E-1 1.18325E-1 1.01033E-1 1.44172E-1 1.17589E-1 1.21246E-1 1.03737E-1
-9999 -9999 -9999 -9999 1.01283E-2 -9999 -9999 -9999 -9999 1.02476E-2 9.96725E-4 3.07998E-4 5.22224E-4 6.97932E-4 1.05344E-2 3.53725E-2 2.89514E-2 9.34222E-2 1.36539E-1 1.63086E-1 1.09409E-1 2.53881E-1 1.25696E-1 8.45144E-2 7.34492E-2 2.59814E-2 8.72675E-3 4.7129E-3 1.06643E-2 1.80152E-2 6.75511E-2 9.8065E-2 1.28567E-1 2.09334E-1 1.60806E-1 2.22486E-1 4.44965E-1 3.5418E-1 1.84145E-1 1.41844E-1 2.29029E-1 1.97321E-1 2.6124E-1 1.88213E-1 1.88587E-1 2.41403E-1 2.54291E-1 2.59533E-1 1.80384E-1 1.81274E-1 3.04904E-1 1.76095E-1 1.66627E-1 1.69953E-1 1.75423E-1 1.31184E-1 1.25472E-1 1.19069E-1 1.23063E-1 1.33279E-1 1.35995E-1
-9999 -9999 -9999 -9999 8.48623E-3 -9999 -9999 -9999 -9999 1.83034E-2 1.21577E-2 2.63196E-3 7.93719E-4 5.57372E-4 3.39792E-3 3.41426E-2 7.26196E-2 9.44377E-2 1.1924E-1 9.36848E-2 1.08026E-1 1.45414E-1 1.03075E-1 1.50483E-1 1.42631E-1 3.33743E-2 1.13502E-2 3.13261E-3 5.82037E-3 1.70578E-2 4.5281E-2 6.07805E-2 1.31411E-1 2.66699E-1 1.42536E-1 1.45374E-1 2.4232E-1 1.53251E-1 1.03452E-1 9.00957E-2 2.04449E-1 1.31533E-1 1.88161E-1 2.57758E-1 2.15347E-1 2.5026E-1 4.1834E-1 2.54403E-1 2.29597E-1 2.44075E-1 2.77348E-1 2.05072E-1 1.98524E-1 1.66112E-1 1.66285E-1 1.72383E-1 1.46291E-1 1.47097E-1 1.3222E-1 1.15387E-1 1.19083E-1
-9999 -9999 -9999 -9999 -9999 -9999 -9999 -9999 -9999 2.43271E-2 3.93942E-2 7.55627E-3 1.71293E-3 6.56427E-4 8.87242E-4 1.72448E-2 6.86475E-2 8.28888E-2 9.86105E-2 1.23224E-1 1.04471E-1 1.14492E-1 1.33298E-1 9.12538E-2 5.48605E-2 1.23099E-2 6.10453E-3 8.14043E-3 3.82405E-3 1.70445E-2 4.40384E-2 8.5936E-2 1.17064E-1 2.08279E-1 8.74959E-2 1.28935E-1 2.56248E-1 2.28754E-1 1.26218E-1 1.78713E-1 2.30771E-1 1.56459E-1 2.34167E-1 2.49563E-1 4.60889E-1 5.19415E-1 5.31672E-1 3.17323E-1 2.61369E-1 2.34996E-1 2.66502E-1 2.49996E-1 1.95535E-1 1.26415E-1 1.72554E-1 1.4752E-1 1.47479E-1 1.70035E-1 1.33356E-1 1.11281E-1 1.19886E-1
-9999 -9999 -9999 -9999 -9999 -9999 -9999 -9999 -9999 -9999 1.46931E-2 2.09394E-2 5.56103E-3 6.21926E-4 1.55811E-3 9.66597E-3 6.11667E-2 7.86814E-2 8.5816E-2 1.0126E-1 1.0897E-1 1.11455E-1 1.35551E-1 1.12298E-1 6.01932E-2 1.8129E-2 8.80247E-3 6.33891E-3 8.54001E-3 1.27452E-2 4.11258E-2 1.03256E-1 1.25208E-1 8.74856E-2 1.15157E-1 1.19176E-1 2.21371E-1 2.65682E-1 1.61926E-1 2.03665E-1 2.10634E-1 3.98378E-1 3.86052E-1 4.93409E-1 5.63087E-1 5.81937E-1 4.85491E-1 6.41226E-1 2.85672E-1 2.54292E-1 3.44318E-1 2.70869E-1 1.75416E-1 1.60975E-1 1.66198E-1 1.78947E-1 2.02578E-1 2.09398E-1 1.62388E-1 1.28263E-1 1.40177E-1
-9999 -9999 -9999 -9999 -9999 -9999 -9999 -9999 -9999 -9999 1.61787E-2 1.15803E-2 6.88656E-5 1.07388E-4 1.01374E-3 3.88671E-3 5.24228E-2 9.33338E-2 8.45081E-2 1.19568E-1 1.22722E-1 1.16986E-1 1.4706E-1 1.63387E-1 6.35392E-2 2.64331E-2 1.80487E-2 5.94054E-3 1.87109E-2 2.23376E-2 4.66621E-2 9.30957E-2 1.12649E-1 1.21666E-1 1.45658E-1 2.26108E-1 2.21961E-1 1.75945E-1 1.84019E-1 4.54818E-1 4.34916E-1 5.73754E-1 4.47312E-1 5.09158E-1 5.36673E-1 5.40674E-1 3.3985E-1 5.47212E-1 4.38735E-1 5.27217E-1 5.16017E-1 3.59631E-1 2.22435E-1 1.89842E-1 1.85881E-1 1.82724E-1 1.80413E-1 1.53581E-1 1.63383E-1 1.54639E-1 1.52841E-1
-9999 -9999 -9999 -9999 -9999 -9999 -9999 -9999 -9999 -9999 2.69888E-2 6.27951E-3 1.69025E-4 2.44259E-4 1.64613E-2 1.39978E-2 3.80507E-2 1.10153E-1 1.01882E-1 1.88805E-1 1.62092E-1 1.41366E-1 1.41725E-1 1.70685E-1 7.96738E-2 1.8206E-2 1.34872E-2 9.23536E-3 1.01416E-2 3.43227E-2 4.87569E-2 1.28472E-1 1.35255E-1 1.25148E-1 1.6383E-1 2.09544E-1 3.08195E-1 3.64274E-1 3.94771E-1 3.35035E-1 4.44396E-1 4.88483E-1 6.11881E-1 5.89836E-1 5.90584E-1 6.44075E-1 6.57582E-1 6.02423E-1 4.80305E-1 6.44126E-1 6.45199E-1 5.79831E-1 4.58321E-1 3.97028E-1 3.94197E-1 2.20393E-1 2.0318E-1 1.89775E-1 1.94562E-1 1.81725E-1 1.6065E-1
-9999 -9999 -9999 -9999 -9999 -9999 -9999 -9999 -9999 -9999 1.57896E-2 4.6758E-3 1.29944E-3 3.74653E-4 1.07977E-3 4.27241E-3 4.78309E-2 1.3311E-1 1.56993E-1 2.52466E-1 2.70758E-1 1.64893E-1 1.37184E-1 1.56306E-1 8.73503E-2 3.63147E-2 1.26021E-2 9.45115E-3 2.77214E-2 1.30503E-2 4.77057E-2 1.21832E-1 1.4403E-1 1.47428E-1 2.63292E-1 1.51901E-1 2.47811E-1 3.21259E-1 2.81891E-1 3.52307E-1 5.43238E-1 6.55403E-1 7.18678E-1 6.86547E-1 7.53069E-1 6.8106E-1 6.85421E-1 6.81844E-1 6.91464E-1 7.15878E-1 4.95099E-1 3.7599E-1 3.81586E-1 4.48539E-1 4.70443E-1 4.62314E-1 2.56185E-1 1.97408E-1 1.91625E-1 1.95345E-1 1.93073E-1
-9999 -9999 -9999 -9999 -9999 -9999 -9999 -9999 -9999 -9999 8.62079E-3 8.65345E-3 1.5601E-3 5.6275E-4 7.02221E-2 1.02888E-3 4.19848E-2 8.21233E-2 1.30927E-1 2.86721E-1 3.69274E-1 2.02699E-1 1.75748E-1 1.35066E-1 1.1963E-1 6.69589E-2 4.35927E-2 1.37767E-2 1.5366E-2 4.05558E-2 4.2843E-2 3.7486E-2 1.41642E-1 2.66634E-1 2.59201E-1 2.31879E-1 2.11523E-1 2.18376E-1 2.76049E-1 4.06447E-1 5.74666E-1 7.71247E-1 7.69153E-1 8.34609E-1 8.0504E-1 6.78176E-1 5.82203E-1 6.47422E-1 4.59441E-1 7.09514E-1 6.96293E-1 4.82165E-1 3.84568E-1 5.21711E-1 4.32738E-1 3.76246E-1 2.72335E-1 3.10355E-1 2.55719E-1 2.08096E-1 2.0948E-1
-9999 -9999 -9999 -9999 -9999 -9999 -9999 -9999 2.06635E-2 8.85928E-3 5.13732E-3 6.50381E-3 2.25215E-3 7.62719E-4 1.52425E-3 2.61696E-2 4.09739E-2 6.22189E-2 1.16372E-1 1.6989E-1 1.72283E-1 2.88259E-1 3.04979E-1 1.75626E-1 1.35535E-1 6.472E-2 2.38979E-2 6.79663E-3 5.56486E-3 1.14535E-2 1.34483E-2 2.77713E-2 1.03225E-1 1.1838E-1 1.40556E-1 1.21675E-1 1.60775E-1 2.78166E-1 2.41631E-1 4.8795E-1 6.61164E-1 7.78501E-1 7.24214E-1 7.33056E-1 7.48436E-1 6.11778E-1 6.12278E-1 6.60196E-1 6.14364E-1 5.15597E-1 6.31887E-1 5.78374E-1 4.7431E-1 4.11822E-1 4.07016E-1 3.7087E-1 4.12973E-1 4.38999E-1 3.96663E-1 2.57901E-1 2.62386E-1
-9999 -9999 -9999 -9999 -9999 -9999 -9999 -9999 2.30056E-2 5.09942E-3 3.04767E-3 5.54288E-3 5.07562E-3 5.82983E-4 2.59397E-4 2.61419E-3 3.91779E-3 6.71579E-2 6.62399E-2 3.97952E-2 6.06894E-2 1.20668E-1 3.26267E-1 1.09199E-1 1.10002E-1 8.08489E-2 4.5272E-2 1.98681E-2 6.72711E-3 6.14535E-3 1.81321E-2 1.10479E-2 5.17016E-2 1.08959E-1 2.20136E-1 1.14234E-1 3.02839E-1 2.41289E-1 2.38954E-1 2.19982E-1 5.18814E-1 7.48547E-1 7.15031E-1 6.90822E-1 7.0104E-1 6.29472E-1 5.67907E-1 6.18125E-1 6.00183E-1 6.75552E-1 6.27549E-1 5.96733E-1 5.59933E-1 4.4864E-1 4.09825E-1 4.81716E-1 5.50897E-1 5.68913E-1 4.70402E-1 4.93223E-1 5.17118E-1
-9999 -9999 -9999 -9999 -9999 -9999 -9999 -9999 9.83381E-3 3.17464E-3 6.91367E-4 8.14233E-4 2.98893E-3 1.173E-3 3.48525E-4 2.60227E-3 7.64258E-4 3.11277E-2 4.2378E-2 4.36024E-2 3.73156E-2 5.62666E-2 2.19866E-1 1.43005E-1 1.32425E-1 1.50895E-1 6.84859E-2 4.16166E-2 1.01554E-2 5.7477E-3 1.06418E-2 1.44665E-2 3.38492E-2 1.36603E-1 3.696E-1 3.59525E-1 2.3988E-1 3.408E-1 2.24341E-1 5.38907E-1 7.26429E-1 7.91414E-1 7.72066E-1 7.6953E-1 7.58604E-1 6.53418E-1 5.98826E-1 5.3928E-1 6.80685E-1 6.85605E-1 7.26528E-1 6.4429E-1 5.77143E-1 4.77778E-1 5.93872E-1 3.69657E-1 5.94029E-1 5.91165E-1 4.73357E-1 6.29423E-1 6.21326E-1
-9999 -9999 -9999 -9999 -9999 -9999 -9999 -9999 -9999 1.89965E-2 7.89741E-4 2.91108E-4 4.98239E-4 3.59009E-3 8.37225E-4 3.42821E-4 2.05122E-3 3.38025E-2 3.20202E-1 9.48368E-2 1.77857E-2 2.65838E-2 8.578E-2 1.80537E-1 1.20621E-1 1.08005E-1 8.99939E-2 5.29066E-2 2.28187E-2 6.42035E-3 3.25811E-3 2.96537E-3 1.18226E-2 2.8616E-2 1.15536E-1 1.7653E-1 2.63616E-1 2.31565E-1 3.33715E-1 7.41494E-1 7.21002E-1 8.46031E-1 8.3094E-1 7.92137E-1 7.26692E-1 6.22135E-1 6.61321E-1 6.80357E-1 4.93222E-1 5.64991E-1 5.50917E-1 6.10231E-1 5.182E-1 7.40553E-1 6.93479E-1 5.01202E-1 5.74486E-1 6.54883E-1 5.55284E-1 6.25276E-1 5.01158E-1
-9999 -9999 -9999 -9999 -9999 -9999 -9999 -9999 -9999 7.34643E-3 3.22302E-3 3.01504E-4 2.26392E-4 2.5148E-3 6.0288E-3 2.04982E-3 1.00599E-3 9.63124E-4 1.92071E-2 2.3459E-2 1.43539E-2 1.16612E-2 6.55114E-2 1.5487E-1 1.29362E-1 1.18304E-1 1.32575E-1 5.79338E-2 1.78743E-2 4.14031E-3 3.83774E-3 1.21344E-3 2.07104E-2 2.64808E-2 9.60494E-2 1.96483E-1 3.79693E-1 3.17139E-1 2.85426E-1 6.28504E-1 7.92171E-1 7.79188E-1 7.22229E-1 7.33926E-1 6.95285E-1 5.31056E-1 4.48657E-1 6.83745E-1 5.5854E-1 6.08072E-1 6.83128E-1 5.53282E-1 6.37872E-1 6.14274E-1 6.93352E-1 6.2339E-1 4.66574E-1 5.35272E-1 4.97658E-1 5.49334E-1 5.39039E-1
-9999 -9999 -9999 -9999 -9999 -9999 -9999 -9999 -9999 -9999 9.15381E-3 6.48021E-4 7.97235E-5 2.87335E-3 5.60352E-3 2.07946E-3 1.7917E-3 1.63463E-3 1.10574E-2 6.24531E-3 8.53699E-3 6.45014E-3 3.40628E-2 2.80988E-1 2.16918E-1 1.69898E-1 1.13169E-1 5.04926E-2 1.47998E-2 6.76695E-3 4.44621E-3 3.29752E-3 2.35218E-3 8.16396E-3 4.9312E-2 1.52866E-1 1.98971E-1 2.55622E-1 3.66069E-1 6.86016E-1 7.60884E-1 7.42122E-1 7.31131E-1 7.08955E-1 4.81953E-1 4.94582E-1 4.17223E-1 6.01437E-1 5.2429E-1 5.95916E-1 7.19901E-1 6.9107E-1 7.02784E-1 7.04364E-1 5.70807E-1 6.38771E-1 6.56863E-1 4.93067E-1 4.92162E-1 5.67887E-1 5.32888E-1
-9999 -9999 -9999 -9999 -9999 -9999 -9999 -9999 -9999 -9999 9.81574E-3 1.49262E-3 2.97611E-4 7.16066E-4 5.57581E-3 4.05428E-3 1.58362E-3 5.47957E-4 2.45594E-3 5.46043E-3 8.38908E-3 1.27457E-2 2.71357E-2 9.56297E-2 1.81775E-1 3.26481E-1 3.0339E-1 1.12015E-1 7.59609E-2 1.38285E-2 4.32035E-3 1.38867E-2 7.9626E-3 1.89445E-2 7.7856E-2 5.5419E-2 1.19078E-1 2.31539E-1 3.11337E-1 7.32999E-1 8.08142E-1 7.39098E-1 7.44977E-1 7.74489E-1 7.21926E-1 5.50326E-1 3.67376E-1 4.20106E-1 5.39167E-1 5.42449E-1 6.67356E-1 6.77006E-1 6.8736E-1 6.87903E-1 6.86833E-1 5.89766E-1 6.20451E-1 6.28137E-1 6.30013E-1 4.94243E-1 5.02808E-1
