Final_Models_Sept202022/M_0.1_F_lqp_Set_1/Bison_6.asc
ncols         97
nrows         127
xllcorner     -2197417.7431653
yllcorner     -584827.01486885
cellsize      30000.0
NODATA_value  -9999
[rows 54 to 80 of 127, columns 0 to 60 of 97]
-9999 -9999 -9999 -9999 9.3867E-2 2.09431E-2 3.63861E-3 1.67712E-2 1.76083E-2 1.08422E-3 1.1459E-3 2.20265E-3 2.87985E-3 1.24792E-2 1.60496E-2 1.12247E-2 1.99164E-2 3.40508E-2 4.69177E-2 7.44157E-2 1.18056E-1 1.11953E-1 9.45162E-2 9.58023E-2 6.5827E-2 1.15765E-1 1.17306E-1 1.03477E-1 1.43398E-1 1.27559E-1 1.19877E-1 1.22034E-1 1.48683E-1 1.49238E-1 1.39434E-1 1.46751E-1 1.49975E-1 1.45774E-1 1.55235E-1 1.8285E-1 2.77578E-1 2.86474E-1 2.29372E-1 1.76249E-1 1.66784E-1 1.47064E-1 1.579E-1 1.36023E-1 1.22049E-1 1.15186E-1 1.19882E-1 1.24599E-1 1.014E-1 1.4814E-1 1.58516E-1 9.72721E-2 1.08621E-1 9.44757E-2 8.99578E-2 8.59855E-2 6.01214E-2
-9999 -9999 -9999 -9999 -9999 1.19865E-2 3.21808E-3 8.00812E-3 1.02917E-1 8.32556E-3 6.17308E-4 1.04393E-3 1.63124E-2 1.06903E-2 1.43062E-2 8.87636E-3 8.66496E-3 1.73475E-2 5.69461E-2 3.34704E-2 1.18225E-1 1.25265E-1 1.11863E-1 1.60254E-1 5.65721E-2 7.18159E-2 1.07332E-1 1.20554E-1 2.06561E-1 1.84344E-1 1.43545E-1 1.24714E-1 1.3559E-1 1.36102E-1 1.3544E-1 1.62206E-1 1.72564E-1 1.57436E-1 1.94533E-1 1.97705E-1 2.80433E-1 3.25298E-1 2.19157E-1 1.71981E-1 1.75818E-1 1.69852E-1 1.46248E-1 1.32278E-1 1.35171E-1 1.03199E-1 1.25764E-1 1.43238E-1 1.26602E-1 1.65041E-1 1.40214E-1 1.16628E-1 1.13479E-1 9.23254E-2 9.11215E-2 7.78727E-2 6.56842E-2
-9999 -9999 -9999 -9999 -9999 2.2948E-2 1.01959E-2 1.86364E-2 3.24262E-2 1.4456E-2 9.74515E-5 6.89475E-4 1.21816E-3 2.43243E-3 1.7965E-2 1.01699E-2 2.08787E-2 2.22687E-2 4.20206E-2 6.0401E-2 8.73616E-2 8.34401E-2 7.74938E-2 9.90842E-2 6.30896E-2 5.97622E-2 8.96024E-2 1.73499E-1 2.4349E-1 1.67802E-1 1.83181E-1 1.50863E-1 1.50273E-1 1.54307E-1 1.73572E-1 2.07855E-1 1.65963E-1 1.61262E-1 1.9688E-1 2.08694E-1 2.89981E-1 2.47036E-1 1.87541E-1 1.74034E-1 1.67025E-1 1.60132E-1 1.48422E-1 1.37387E-1 1.44565E-1 1.5014E-1 1.62254E-1 1.50698E-1 1.64311E-1 1.47091E-1 1.23456E-1 1.25375E-1 1.13926E-1 1.09816E-1 8.2664E-2 6.5525E-2 3.6344E-2
-9999 -9999 -9999 -9999 -9999 -9999 2.25418E-2 -9999 5.12372E-2 3.62408E-3 4.21136E-4 1.46508E-3 1.85884E-3 4.11261E-3 5.01534E-3 2.7725E-2 1.69744E-2 2.6279E-2 4.62307E-2 7.76358E-2 5.22467E-2 6.98724E-2 7.5745E-2 1.07626E-1 8.23782E-2 9.18249E-2 6.49057E-2 1.69347E-1 2.04202E-1 1.93855E-1 3.56308E-1 2.72921E-1 1.76845E-1 1.62286E-1 1.80305E-1 2.23331E-1 2.26052E-1 1.76612E-1 1.91227E-1 1.96521E-1 1.77612E-1 1.52607E-1 1.96953E-1 1.7067E-1 1.40931E-1 1.45691E-1 1.27997E-1 1.2918E-1 1.33505E-1 1.62099E-1 1.60682E-1 1.55148E-1 1.45305E-1 1.39345E-1 1.31138E-1 1.17046E-1 1.06968E-1 1.00879E-1 8.39696E-2 6.16209E-2 4.70913E-2
-9999 -9999 -9999 3.41405E-3 -9999 -9999 -9999 -9999 -9999 1.11361E-2 3.44014E-3 3.3064E-4 1.24156E-3 3.49795E-3 1.64764E-3 2.47855E-2 1.70583E-2 2.92318E-2 4.44889E-2 5.78224E-2 6.7472E-2 8.33041E-2 5.78913E-2 1.36868E-1 5.05138E-2 5.11825E-2 6.72942E-2 1.06514E-1 2.45844E-1 2.7779E-1 4.55804E-1 3.9902E-1 1.74695E-1 1.44176E-1 1.58881E-1 2.33524E-1 2.13003E-1 2.82857E-1 5.83916E-1 1.86913E-1 1.7587E-1 1.5613E-1 1.81863E-1 1.55577E-1 1.10872E-1 1.24722E-1 1.43366E-1 1.35051E-1 1.33916E-1 1.36455E-1 1.62365E-1 1.58651E-1 1.51818E-1 1.33881E-1 1.20416E-1 1.18499E-1 1.0605E-1 8.84651E-2 8.49698E-2 8.03007E-2 6.827E-2
-9999 -9999 -9999 4.20314E-3 5.1622E-3 9.39564E-3 -9999 -9999 -9999 2.41619E-2 2.45094E-4 2.79908E-4 1.25206E-3 6.10513E-3 5.918E-3 4.11933E-2 3.19548E-2 2.58066E-2 5.28208E-2 6.69251E-2 5.66225E-2 6.15706E-2 7.65263E-2 7.11682E-2 8.88688E-2 3.84044E-2 5.29644E-2 1.0542E-1 2.91831E-1 4.57176E-1 5.60815E-1 4.90487E-1 1.96311E-1 2.0855E-1 2.049E-1 1.98744E-1 2.18226E-1 4.79298E-1 4.47166E-1 1.8202E-1 1.82358E-1 1.85271E-1 1.78247E-1 1.65229E-1 1.47098E-1 1.32688E-1 1.33845E-1 1.24506E-1 1.37912E-1 2.17117E-1 1.95634E-1 1.76076E-1 1.36574E-1 1.34591E-1 1.05414E-1 1.26958E-1 9.2006E-2 1.05841E-1 1.05775E-1 8.74636E-2 6.21615E-2
-9999 -9999 -9999 3.69771E-3 7.56979E-3 1.20684E-2 1.04066E-2 -9999 -9999 1.1813E-1 6.1479E-4 1.1997E-3 1.00939E-3 2.43464E-3 4.31939E-3 2.04029E-2 3.3053E-2 4.13885E-2 5.86507E-2 6.05091E-2 7.88387E-2 5.64241E-2 4.42045E-2 3.73803E-2 7.45776E-2 5.48784E-3 5.25232E-3 5.97284E-2 1.88758E-1 1.95316E-1 6.9191E-1 6.98518E-1 4.39779E-1 5.65424E-1 4.69748E-1 3.03871E-1 3.44233E-1 3.86272E-1 3.50963E-1 1.97071E-1 2.03482E-1 1.86532E-1 1.78063E-1 1.77073E-1 1.48549E-1 1.42246E-1 1.43331E-1 1.46254E-1 1.53623E-1 2.97152E-1 2.55291E-1 2.40021E-1 1.31975E-1 1.11595E-1 1.08286E-1 1.33219E-1 1.184E-1 1.24442E-1 1.08384E-1 8.46095E-2 6.40832E-2
-9999 -9999 -9999 2.6373E-3 3.44614E-3 5.82953E-3 -9999 -9999 2.51364E-2 7.14049E-4 6.3058E-5 7.36218E-4 1.47737E-3 2.84106E-3 6.57003E-3 2.11851E-2 1.04529E-1 4.89178E-2 7.02315E-2 4.12682E-2 7.14079E-2 6.17439E-2 5.64977E-2 4.66783E-2 5.18964E-2 7.47572E-3 3.47264E-3 4.11795E-2 1.2327E-1 3.89198E-1 5.71973E-1 7.25337E-1 6.38032E-1 5.01303E-1 6.41712E-1 4.85249E-1 4.41503E-1 5.57847E-1 3.77745E-1 2.57544E-1 2.46676E-1 2.33448E-1 1.92693E-1 1.60507E-1 1.54991E-1 1.83388E-1 1.62945E-1 1.61037E-1 2.17609E-1 2.89314E-1 2.84095E-1 1.63838E-1 1.46186E-1 1.25019E-1 9.63726E-2 1.43131E-1 1.31313E-1 1.12194E-1 1.1265E-1 9.5439E-2 8.91033E-2
-9999 -9999 -9999 3.49369E-3 1.12522E-2 -9999 -9999 3.00492E-2 1.39662E-2 1.34358E-3 9.7957E-5 3.89356E-4 1.86508E-3 7.67772E-4 1.26364E-2 3.13934E-2 9.40823E-2 5.75655E-2 5.51293E-2 6.03786E-2 7.37035E-2 6.52955E-2 4.46504E-2 4.98685E-2 4.72714E-2 1.36268E-2 1.69379E-3 2.54139E-2 6.95013E-2 1.23804E-1 4.01401E-1 6.50518E-1 3.87563E-1 4.48479E-1 7.58504E-1 6.3388E-1 6.22314E-1 7.85916E-1 4.89836E-1 2.42682E-1 2.37389E-1 1.88961E-1 1.65947E-1 1.52207E-1 1.63211E-1 1.97956E-1 1.74711E-1 1.77258E-1 1.77444E-1 2.51374E-1 2.84655E-1 1.54134E-1 1.30389E-1 1.40287E-1 1.27258E-1 1.28595E-1 1.31871E-1 1.20116E-1 1.21247E-1 1.01548E-1 8.11165E-2
-9999 -9999 -9999 2.98733E-3 2.9094E-3 -9999 -9999 -9999 2.83209E-2 2.9901E-3 9.3111E-4 2.145E-3 4.56583E-4 4.86285E-3 2.50919E-2 5.05019E-2 8.39387E-2 7.98035E-2 7.78195E-2 7.28792E-2 9.17442E-2 1.00863E-1 6.65743E-2 4.69172E-2 4.4934E-2 1.81228E-2 6.8646E-3 2.38474E-2 4.95597E-2 7.69988E-2 1.36069E-1 3.9424E-1 4.97179E-1 5.59911E-1 6.13127E-1 6.30779E-1 5.91717E-1 4.20051E-1 2.66794E-1 2.14453E-1 1.84278E-1 1.96492E-1 1.73698E-1 1.65574E-1 1.78364E-1 1.95112E-1 2.2525E-1 1.83676E-1 1.72014E-1 2.4052E-1 2.54781E-1 1.67624E-1 1.54966E-1 1.43593E-1 1.38456E-1 1.18936E-1 1.36474E-1 1.29395E-1 1.30611E-1 1.16681E-1 9.63978E-2
-9999 -9999 -9999 1.18252E-2 4.08696E-2 -9999 -9999 -9999 6.29034E-2 4.00909E-2 1.26744E-2 2.83855E-4 1.33667E-3 9.94679E-3 1.55893E-2 4.75936E-2 6.96203E-2 8.91E-2 1.13269E-1 6.5622E-2 6.00386E-2 1.37553E-1 8.14879E-2 5.76786E-2 4.92355E-2 2.44555E-2 8.01346E-3 1.977E-2 3.49538E-2 6.25802E-2 8.25564E-2 4.22934E-1 4.81072E-1 5.63615E-1 4.60839E-1 5.75926E-1 5.09947E-1 5.36594E-1 2.87084E-1 2.67269E-1 1.83612E-1 1.90867E-1 1.66364E-1 1.64826E-1 2.8984E-1 2.88075E-1 2.58243E-1 2.02434E-1 1.92434E-1 2.10303E-1 2.9984E-1 1.82037E-1 1.56876E-1 1.33863E-1 1.5266E-1 1.2247E-1 1.331E-1 1.28128E-1 1.17871E-1 1.26092E-1 1.05325E-1
-9999 -9999 -9999 3.15503E-3 5.69136E-2 -9999 -9999 -9999 8.74979E-2 1.2171E-2 9.21494E-4 4.63996E-5 5.739E-4 7.7076E-3 8.92655E-2 5.76179E-2 6.01181E-2 1.08587E-1 9.54536E-2 8.74167E-2 1.40537E-1 1.64285E-1 7.71924E-2 6.10148E-2 4.73495E-2 2.16917E-2 1.11922E-2 1.34638E-2 2.74593E-2 3.84226E-2 6.66457E-2 2.45036E-1 4.40032E-1 6.61664E-1 5.66517E-1 5.37234E-1 2.76183E-1 4.68262E-1 4.81305E-1 3.37203E-1 1.65532E-1 1.90477E-1 1.54929E-1 1.68347E-1 1.76229E-1 1.8912E-1 2.23457E-1 2.30351E-1 2.53606E-1 2.24389E-1 2.09162E-1 2.0212E-1 1.64836E-1 1.5853E-1 1.53615E-1 1.45276E-1 1.29133E-1 1.53821E-1 1.37484E-1 1.33682E-1 1.16739E-1
-9999 -9999 -9999 -9999 8.42853E-3 -9999 -9999 -9999 -9999 2.28161E-2 1.8098E-3 5.0733E-4 9.72114E-4 1.34931E-3 1.98938E-2 5.02007E-2 4.2923E-2 1.15994E-1 1.51702E-1 1.73417E-1 1.1562E-1 2.53881E-1 1.24326E-1 8.72987E-2 7.6618E-2 3.37653E-2 1.45748E-2 8.11221E-3 1.98375E-2 2.90852E-2 6.44373E-2 9.65392E-2 1.2375E-1 1.99737E-1 1.47253E-1 2.05023E-1 4.46799E-1 3.60649E-1 1.7077E-1 1.32424E-1 2.28579E-1 1.84898E-1 2.6124E-1 1.79163E-1 1.78402E-1 2.23234E-1 2.42531E-1 2.42839E-1 2.26344E-1 2.28507E-1 3.12173E-1 1.80107E-1 1.71339E-1 1.70388E-1 1.75423E-1 1.63874E-1 1.50329E-1 1.43427E-1 1.43616E-1 1.39877E-1 1.3625E-1
-9999 -9999 -9999 -9999 1.19538E-2 -9999 -9999 -9999 -9999 6.50962E-2 1.74615E-2 2.82137E-3 1.40889E-3 1.15095E-3 6.23631E-3 5.38891E-2 9.38758E-2 1.22619E-1 1.45598E-1 1.04126E-1 1.23015E-1 1.6322E-1 1.03636E-1 1.52147E-1 1.53542E-1 4.01076E-2 1.75398E-2 6.5756E-3 1.23956E-2 2.96167E-2 4.5281E-2 5.97571E-2 1.25172E-1 2.59637E-1 1.29908E-1 1.37172E-1 2.4232E-1 1.42705E-1 1.08109E-1 9.00957E-2 1.96589E-1 1.55681E-1 2.17556E-1 2.71003E-1 1.97872E-1 2.29432E-1 4.09654E-1 2.3512E-1 2.34176E-1 2.45394E-1 2.81232E-1 1.91463E-1 1.80105E-1 1.76626E-1 1.8207E-1 1.84114E-1 1.71049E-1 1.56651E-1 1.46874E-1 1.39672E-1 1.36312E-1
-9999 -9999 -9999 -9999 -9999 -9999 -9999 -9999 -9999 5.90456E-2 6.73977E-2 5.66424E-3 1.89399E-3 8.11112E-4 1.64345E-3 2.13462E-2 7.69992E-2 8.60812E-2 9.98334E-2 1.35435E-1 1.08662E-1 1.1535E-1 1.50775E-1 9.56334E-2 6.27278E-2 1.85935E-2 1.03085E-2 1.35415E-2 7.66288E-3 2.9601E-2 5.30452E-2 7.18208E-2 9.34383E-2 2.03718E-1 8.74959E-2 1.2805E-1 2.72218E-1 2.46221E-1 1.67208E-1 2.41423E-1 2.30125E-1 1.46852E-1 2.35284E-1 2.46749E-1 4.58661E-1 5.12104E-1 5.31672E-1 3.04884E-1 2.36925E-1 2.19007E-1 2.46227E-1 2.33696E-1 1.89267E-1 1.65574E-1 1.84359E-1 1.75505E-1 1.76008E-1 1.72932E-1 1.53257E-1 1.45312E-1 1.41156E-1
-9999 -9999 -9999 -9999 -9999 -9999 -9999 -9999 -9999 -9999 3.43954E-2 1.40716E-2 3.76751E-3 1.09303E-3 2.72616E-3 2.35553E-2 9.18777E-2 9.39056E-2 8.6627E-2 9.53191E-2 1.05295E-1 1.15163E-1 1.57581E-1 1.13428E-1 6.70616E-2 2.45397E-2 1.37501E-2 1.21967E-2 1.46964E-2 2.33065E-2 5.58941E-2 9.15396E-2 1.04211E-1 8.70767E-2 1.13203E-1 1.19176E-1 2.22512E-1 2.6729E-1 1.55485E-1 1.9622E-1 1.9835E-1 3.98378E-1 3.84258E-1 4.92973E-1 5.71376E-1 5.8387E-1 4.72726E-1 6.42138E-1 2.66136E-1 2.30334E-1 3.23696E-1 2.56628E-1 2.0528E-1 1.86225E-1 1.85283E-1 1.8606E-1 2.03584E-1 2.24128E-1 1.75989E-1 1.59819E-1 1.57426E-1
-9999 -9999 -9999 -9999 -9999 -9999 -9999 -9999 -9999 -9999 3.14581E-2 8.65157E-3 1.02246E-4 2.7182E-4 1.70571E-3 6.50481E-3 6.48159E-2 9.83075E-2 9.56516E-2 1.15772E-1 1.12059E-1 1.24639E-1 1.61774E-1 1.63631E-1 6.36318E-2 3.38775E-2 2.25689E-2 8.33035E-3 2.47529E-2 3.80347E-2 5.93009E-2 9.52639E-2 1.12649E-1 1.10926E-1 1.39197E-1 2.17339E-1 2.0542E-1 1.60356E-1 1.65215E-1 4.63633E-1 4.37909E-1 5.73754E-1 4.47312E-1 5.09158E-1 5.34638E-1 5.36105E-1 3.03448E-1 5.20094E-1 4.15971E-1 5.09745E-1 5.04828E-1 3.51556E-1 2.0409E-1 1.97304E-1 1.91369E-1 1.94625E-1 1.98844E-1 1.86891E-1 1.83379E-1 1.6995E-1 1.64947E-1
-9999 -9999 -9999 -9999 -9999 -9999 -9999 -9999 -9999 -9999 3.78867E-2 3.75037E-3 2.47341E-4 5.25604E-4 4.55135E-2 2.73221E-2 6.80833E-2 1.27363E-1 1.0187E-1 1.97884E-1 1.65941E-1 1.46988E-1 1.55794E-1 1.70685E-1 8.2166E-2 2.44739E-2 1.77624E-2 1.59977E-2 1.48298E-2 4.19406E-2 6.72307E-2 1.53675E-1 1.35255E-1 1.17295E-1 1.43791E-1 1.8577E-1 2.81846E-1 3.57717E-1 3.94771E-1 3.30241E-1 4.44396E-1 4.88483E-1 6.12903E-1 5.89836E-1 5.99821E-1 6.52366E-1 6.57636E-1 6.00167E-1 4.80305E-1 6.44126E-1 6.50032E-1 5.73272E-1 4.34386E-1 3.70461E-1 3.90729E-1 2.20393E-1 2.07699E-1 2.07325E-1 1.98667E-1 1.77214E-1 1.72489E-1
-9999 -9999 -9999 -9999 -9999 -9999 -9999 -9999 -9999 -9999 2.07416E-2 2.87737E-3 1.29944E-3 7.01803E-4 3.68102E-3 1.11037E-2 9.44296E-2 1.3311E-1 1.63874E-1 2.69374E-1 2.92147E-1 1.71291E-1 1.37713E-1 1.56306E-1 8.65636E-2 3.79294E-2 1.9788E-2 1.62474E-2 5.40996E-2 2.21098E-2 5.39912E-2 1.37692E-1 1.2996E-1 1.26695E-1 2.32089E-1 1.38456E-1 2.38407E-1 3.03852E-1 2.64797E-1 3.5051E-1 5.51871E-1 6.63899E-1 7.30924E-1 6.95972E-1 7.79611E-1 7.00119E-1 7.00011E-1 6.86087E-1 6.92575E-1 7.1102E-1 4.52992E-1 3.33889E-1 3.52114E-1 4.40987E-1 4.70443E-1 4.72714E-1 2.47149E-1 2.1589E-1 2.00402E-1 1.91155E-1 2.02466E-1
-9999 -9999 -9999 -9999 -9999 -9999 -9999 -9999 -9999 -9999 5.83186E-3 4.69609E-3 1.92142E-3 2.44094E-3 1.55343E-1 2.26569E-3 7.31013E-2 8.85062E-2 1.30927E-1 2.88115E-1 3.69472E-1 2.26792E-1 1.72124E-1 1.17759E-1 1.168E-1 6.42071E-2 4.89834E-2 2.13936E-2 2.78313E-2 7.50442E-2 6.02761E-2 4.63982E-2 1.46279E-1 2.66634E-1 2.83324E-1 2.45103E-1 1.99615E-1 2.10175E-1 2.60702E-1 3.86783E-1 5.84275E-1 7.86825E-1 7.97175E-1 8.09955E-1 8.1267E-1 6.73894E-1 5.93742E-1 6.47422E-1 4.64766E-1 7.27807E-1 6.96293E-1 4.39849E-1 3.36135E-1 5.08028E-1 3.88419E-1 3.50904E-1 2.7225E-1 3.05886E-1 2.41306E-1 2.09161E-1 2.16426E-1
-9999 -9999 -9999 -9999 -9999 -9999 -9999 -9999 1.87393E-2 1.07136E-2 5.52155E-3 4.18721E-3 1.6423E-3 8.82596E-4 3.74891E-3 6.9813E-2 7.22756E-2 1.00283E-1 1.23539E-1 1.8354E-1 1.72283E-1 2.90605E-1 3.04979E-1 1.53568E-1 1.37062E-1 7.87635E-2 3.08184E-2 1.32863E-2 1.08594E-2 1.99499E-2 1.89462E-2 3.41063E-2 1.15358E-1 1.22987E-1 1.40556E-1 1.40757E-1 1.46074E-1 2.48393E-1 2.22276E-1 4.62749E-1 6.6671E-1 7.92197E-1 7.36537E-1 7.39531E-1 7.48436E-1 6.11778E-1 6.18972E-1 6.60196E-1 6.33451E-1 5.26128E-1 6.54977E-1 5.78374E-1 4.7431E-1 4.11822E-1 3.71191E-1 3.21016E-1 4.08225E-1 4.03449E-1 3.65726E-1 2.20021E-1 2.65205E-1
-9999 -9999 -9999 -9999 -9999 -9999 -9999 -9999 2.16902E-2 4.00719E-3 3.04767E-3 5.53362E-3 4.47156E-3 5.87556E-4 2.68372E-4 5.13747E-3 9.91335E-3 1.27798E-1 9.41078E-2 4.4154E-2 6.77542E-2 1.23871E-1 2.95674E-1 9.98548E-2 9.74039E-2 7.1932E-2 4.43941E-2 2.28006E-2 1.29313E-2 1.20152E-2 3.17231E-2 1.66079E-2 6.83835E-2 1.20337E-1 2.52055E-1 1.39209E-1 2.60834E-1 1.9502E-1 2.08544E-1 1.88403E-1 4.97698E-1 7.52115E-1 7.15531E-1 7.02522E-1 7.0104E-1 6.29472E-1 5.76549E-1 6.22769E-1 6.11388E-1 6.92218E-1 6.25952E-1 5.96733E-1 5.65651E-1 4.4864E-1 4.01129E-1 4.61723E-1 5.31589E-1 5.46243E-1 4.55091E-1 4.88951E-1 5.11742E-1
-9999 -9999 -9999 -9999 -9999 -9999 -9999 -9999 5.94916E-3 2.75771E-3 7.40198E-4 8.73966E-4 2.58349E-3 1.173E-3 4.4744E-4 3.73572E-3 3.62331E-3 6.54904E-2 8.73081E-2 1.03397E-1 7.32968E-2 5.84635E-2 2.13153E-1 1.43005E-1 1.27168E-1 1.36441E-1 6.09602E-2 4.16809E-2 1.71114E-2 1.08436E-2 1.72412E-2 2.74017E-2 5.59064E-2 1.36603E-1 3.81789E-1 3.85369E-1 1.9752E-1 2.60552E-1 1.91353E-1 5.23528E-1 7.31288E-1 7.94688E-1 7.81816E-1 7.81527E-1 7.80669E-1 6.57896E-1 6.013E-1 5.43565E-1 6.97134E-1 7.0329E-1 7.47896E-1 6.55126E-1 5.77143E-1 4.75537E-1 5.75407E-1 3.68011E-1 5.69617E-1 5.59681E-1 4.60839E-1 6.15998E-1 6.21326E-1
-9999 -9999 -9999 -9999 -9999 -9999 -9999 -9999 -9999 1.08562E-2 7.89741E-4 3.37429E-4 5.77963E-4 3.63366E-3 8.37225E-4 3.42821E-4 2.05122E-3 5.03866E-2 5.27145E-1 1.87357E-1 3.05824E-2 4.24595E-2 8.0374E-2 1.76647E-1 1.17009E-1 1.0037E-1 8.30133E-2 5.86331E-2 2.48405E-2 1.24683E-2 6.98772E-3 6.53E-3 2.06482E-2 3.07531E-2 1.22386E-1 1.80876E-1 2.94521E-1 2.0156E-1 2.73939E-1 7.50624E-1 7.38854E-1 8.56042E-1 8.52168E-1 8.04442E-1 7.21672E-1 6.28915E-1 6.67969E-1 6.952E-1 4.86997E-1 5.51654E-1 5.50917E-1 5.95555E-1 5.09635E-1 7.45846E-1 6.95196E-1 5.01202E-1 5.70647E-1 6.39929E-1 5.45946E-1 5.96164E-1 5.00327E-1
-9999 -9999 -9999 -9999 -9999 -9999 -9999 -9999 -9999 4.72057E-3 3.22302E-3 3.25375E-4 2.44969E-4 1.7408E-3 6.0288E-3 2.04982E-3 1.00599E-3 2.53302E-3 4.39979E-2 3.92683E-2 2.44987E-2 1.42964E-2 5.02279E-2 1.17266E-1 9.86943E-2 1.04489E-1 1.36905E-1 5.25997E-2 2.01065E-2 6.42587E-3 9.37506E-3 2.39917E-3 4.32171E-2 3.21303E-2 1.16754E-1 2.23019E-1 3.8188E-1 3.34993E-1 2.32302E-1 6.11335E-1 7.96695E-1 7.94538E-1 7.35064E-1 7.35453E-1 6.88265E-1 5.2922E-1 4.48657E-1 6.88197E-1 5.53201E-1 5.98487E-1 6.85444E-1 5.50878E-1 6.37872E-1 6.13501E-1 6.93352E-1 6.2339E-1 4.51234E-1 5.23808E-1 4.97587E-1 5.38971E-1 5.35053E-1
-9999 -9999 -9999 -9999 -9999 -9999 -9999 -9999 -9999 -9999 5.65692E-3 5.55691E-4 1.3459E-4 2.87335E-3 5.60352E-3 1.31035E-3 1.7917E-3 1.77451E-3 2.68956E-2 1.38877E-2 1.29784E-2 7.36645E-3 3.40628E-2 2.46705E-1 1.82118E-1 1.45318E-1 1.00745E-1 4.64369E-2 1.47998E-2 9.98178E-3 8.0561E-3 6.15681E-3 5.1014E-3 1.97312E-2 6.31255E-2 1.90024E-1 2.81518E-1 2.79562E-1 3.20013E-1 6.66201E-1 7.70388E-1 7.47486E-1 7.39693E-1 7.34194E-1 4.81953E-1 4.91281E-1 4.10363E-1 5.93619E-1 5.14452E-1 5.83097E-1 7.24201E-1 6.9107E-1 6.95773E-1 7.04364E-1 5.61389E-1 6.33005E-1 6.6649E-1 4.86788E-1 4.90172E-1 5.63998E-1 5.22868E-1
-9999 -9999 -9999 -9999 -9999 -9999 -9999 -9999 -9999 -9999 6.22738E-3 1.24724E-3 3.47018E-4 1.18693E-3 4.50064E-3 3.13201E-3 1.53952E-3 6.80139E-4 4.58103E-3 1.07342E-2 1.17125E-2 1.77154E-2 2.71357E-2 7.3488E-2 1.50789E-1 3.02989E-1 3.16853E-1 1.12015E-1 8.43606E-2 1.90561E-2 7.22279E-3 2.21595E-2 1.6616E-2 4.08278E-2 9.25877E-2 5.93863E-2 1.56175E-1 2.44017E-1 2.56652E-1 7.22653E-1 8.20905E-1 7.4586E-1 7.58838E-1 8.04006E-1 7.27538E-1 5.44097E-1 3.59209E-1 4.09385E-1 5.30329E-1 5.35308E-1 6.67628E-1 6.74842E-1 6.8736E-1 6.87903E-1 6.7366E-1 5.87118E-1 6.15148E-1 6.0425E-1 6.00674E-1 4.85097E-1 4.9701E-1
