Final_Models_Sept202022/M_0.1_F_lqp_Set_1/Bison_min.asc
ncols         97
nrows         127
xllcorner     -2197417.7431653
yllcorner     -584827.01486885
cellsize      30000.0
NODATA_value  -9999
[rows 27 to 53 of 127, columns 0 to 60 of 97]
-9999 -9999 3.96349E-4 2.63109E-5 3.12068E-3 4.04119E-2 7.56584E-2 9.13411E-2 9.59505E-2 1.12319E-1 6.83907E-2 9.51063E-2 3.98274E-2 6.73644E-2 4.91876E-2 7.13566E-2 4.53474E-2 2.96779E-2 1.02809E-2 1.11435E-2 1.03686E-2 6.59354E-3 2.46275E-3 2.16942E-3 3.02819E-3 6.63304E-3 7.82985E-3 1.1854E-2 7.41054E-3 9.88638E-3 1.06435E-2 2.29918E-2 1.04564E-2 2.01929E-2 3.36959E-2 3.41507E-2 2.97419E-2 3.54542E-2 8.09557E-3 5.64573E-2 1.20881E-1 7.54959E-2 8.23045E-2 1.57933E-1 6.7939E-2 6.49015E-2 5.20592E-2 2.87383E-2 1.68984E-2 1.1291E-2 9.4918E-3 1.33562E-2 6.27343E-3 5.08361E-3 2.167E-3 1.40282E-3 1.36162E-3 1.25122E-3 1.73186E-3 2.39272E-3 3.9545E-3
-9999 1.96497E-7 1.45687E-3 1.14082E-4 3.35313E-5 3.27809E-3 8.91625E-2 6.46859E-2 8.33345E-2 1.22886E-1 8.83147E-2 8.81878E-2 1.12396E-1 9.63046E-2 5.85688E-2 6.974E-2 8.25172E-2 4.13926E-2 2.50341E-2 1.70808E-2 1.11875E-2 8.60783E-3 2.61767E-3 2.57076E-3 5.78497E-3 6.60207E-3 6.09762E-3 9.44645E-3 1.06928E-2 1.79126E-2 1.1717E-2 1.51012E-2 1.06001E-2 1.59726E-2 1.69616E-2 1.94934E-2 1.98956E-2 7.04699E-2 8.13945E-2 6.5127E-2 8.2339E-2 4.1717E-2 9.0738E-2 8.24181E-2 8.21057E-2 3.73693E-2 4.06621E-2 1.68561E-2 1.28586E-2 7.82049E-3 9.46088E-3 1.58849E-2 4.98812E-3 3.68491E-3 2.45878E-3 1.80231E-3 1.45625E-3 1.33775E-3 1.47028E-3 1.95087E-3 1.87204E-3
-9999 2.39518E-11 8.78686E-9 7.1605E-5 4.849E-5 2.83329E-3 1.9758E-2 9.30146E-2 4.79538E-2 1.25667E-1 5.47733E-2 9.15109E-2 1.17527E-1 1.01999E-1 8.4399E-2 3.22512E-2 6.0553E-2 6.71446E-2 4.08373E-2 1.84531E-2 1.58289E-2 5.41398E-3 7.58628E-3 4.52655E-3 1.46579E-2 9.80721E-3 7.32326E-3 5.25354E-3 1.19049E-2 8.73338E-3 1.65317E-2 1.79213E-2 2.37039E-2 1.55326E-2 2.02057E-2 1.59783E-2 1.18276E-2 2.50854E-2 2.68079E-2 6.64659E-2 6.89642E-2 7.10318E-2 6.26786E-2 6.44595E-2 3.04171E-2 4.31523E-2 2.3392E-2 1.49026E-2 7.78147E-3 7.99244E-3 8.67608E-3 7.60549E-3 4.90585E-3 2.97924E-3 2.29E-3 1.83159E-3 1.49695E-3 1.21104E-3 1.18417E-3 1.83848E-3 1.81709E-3
4.3373E-5 3.59942E-12 4.91438E-18 1.63543E-10 8.32276E-8 5.95189E-4 8.57226E-3 1.29817E-1 5.86121E-2 1.06431E-1 6.49935E-2 9.13631E-2 1.45982E-1 1.44585E-1 8.48282E-2 4.81214E-2 1.03673E-1 5.79753E-2 5.06859E-2 2.81364E-2 1.29728E-2 8.80882E-3 1.44523E-2 1.00609E-2 1.23834E-2 1.18425E-2 7.07539E-3 6.49432E-3 8.84904E-3 1.45864E-2 1.2475E-2 1.47269E-2 2.31417E-2 9.16123E-3 2.15501E-2 2.6084E-2 1.15706E-2 2.15992E-2 4.65943E-2 6.78289E-2 7.16426E-2 5.75251E-2 3.49982E-2 6.32914E-2 3.70044E-2 3.37423E-2 2.72515E-2 1.56081E-2 7.15888E-3 4.04864E-3 3.60011E-3 4.47114E-3 4.38394E-3 3.36015E-3 2.67105E-3 1.96693E-3 1.35368E-3 1.32261E-3 1.30092E-3 1.79543E-3 1.6279E-3
8.89898E-4 4.82126E-6 1.54818E-16 2.14451E-21 9.71006E-10 1.94703E-3 1.53906E-2 1.59039E-1 9.20843E-2 1.14857E-1 1.01019E-1 1.34705E-1 1.28608E-1 1.8865E-1 1.09625E-1 7.82105E-2 5.00533E-2 1.10621E-1 4.45559E-2 1.45346E-2 9.15547E-3 1.01523E-2 1.27583E-2 7.71869E-3 1.20585E-2 9.48827E-3 1.01863E-2 8.13719E-3 7.23269E-3 1.53809E-2 1.92308E-2 1.74686E-2 1.97697E-2 5.39199E-3 3.30431E-2 2.31882E-2 3.72101E-2 3.5995E-2 4.2455E-2 3.37979E-2 5.64899E-2 5.15347E-2 4.56475E-2 3.47223E-2 3.1806E-2 2.51518E-2 2.45361E-2 1.85051E-2 1.11003E-2 4.39572E-3 3.70809E-3 4.29296E-3 3.31376E-3 3.27433E-3 2.87298E-3 2.08747E-3 1.556E-3 1.54711E-3 1.46231E-3 1.64775E-3 1.76598E-3
8.60292E-5 1.31155E-5 1.06489E-6 3.30747E-15 2.68578E-12 1.17877E-3 3.10549E-2 1.09139E-1 1.34617E-1 1.30355E-1 1.31614E-1 1.25575E-1 1.23231E-1 1.24515E-1 8.92546E-2 3.19375E-2 2.01044E-2 4.47105E-2 6.50091E-2 3.63304E-2 1.82769E-2 1.30447E-2 1.37499E-2 1.23044E-2 2.12297E-2 8.56719E-3 1.23116E-2 7.46342E-3 8.1316E-3 1.77385E-2 1.42032E-2 1.38265E-2 8.64518E-3 6.1856E-3 2.83582E-2 3.64863E-2 2.36059E-2 2.357E-2 2.50323E-2 1.92865E-2 2.64393E-2 4.19461E-2 4.62514E-2 3.65979E-2 3.89665E-2 2.04792E-2 1.92436E-2 2.1041E-2 1.39705E-2 5.45552E-3 4.54375E-3 4.25983E-3 3.11546E-3 3.55799E-3 2.99585E-3 2.11332E-3 1.79748E-3 1.60376E-3 1.92892E-3 1.69787E-3 1.92453E-3
-9999 8.23095E-6 6.75941E-5 7.36358E-4 2.07603E-10 4.69975E-3 2.09586E-2 7.15406E-2 1.07992E-1 9.3113E-2 1.44588E-1 1.57042E-1 1.3159E-1 1.08244E-1 2.94783E-2 3.37224E-2 8.46255E-3 6.46116E-3 6.18881E-2 4.82863E-2 2.87075E-2 3.17925E-2 2.12882E-2 1.19365E-2 1.29226E-2 1.80293E-2 1.54985E-2 9.68301E-3 2.06253E-2 1.72634E-2 2.1852E-2 1.73636E-2 1.24583E-2 2.04781E-2 3.02858E-2 2.5469E-2 3.11999E-2 3.85976E-2 2.9834E-2 3.20505E-2 4.00694E-2 3.39031E-2 4.35189E-2 3.8741E-2 3.26442E-2 2.6723E-2 2.1795E-2 3.79403E-2 2.79623E-2 1.31201E-2 7.99055E-3 6.785E-3 4.99329E-3 4.30628E-3 3.10386E-3 2.50464E-3 3.23326E-3 1.87795E-3 1.89923E-3 1.69497E-3 2.15878E-3
-9999 -9999 2.1684E-5 2.2314E-4 1.16613E-6 2.01215E-2 6.83423E-3 4.15328E-2 6.60015E-2 1.07882E-1 7.15524E-2 2.50582E-1 8.78559E-2 8.05212E-2 2.57886E-2 3.08795E-2 1.60264E-2 7.5977E-3 1.50935E-2 4.55345E-2 4.41082E-2 2.05588E-2 2.0577E-2 1.13858E-2 2.90442E-2 5.52279E-3 2.01757E-2 1.28395E-2 1.80318E-2 1.40213E-2 1.5737E-2 1.84626E-2 2.33788E-2 2.8999E-2 3.26193E-2 2.3693E-2 1.95816E-2 2.71507E-2 1.17698E-2 1.55916E-2 6.26249E-2 5.07632E-2 6.35833E-2 3.5798E-2 5.68935E-2 3.95752E-2 3.79256E-2 3.57029E-2 4.40666E-2 3.52535E-2 1.57303E-2 8.78384E-3 5.41003E-3 4.15752E-3 3.13561E-3 2.39574E-3 3.71694E-3 2.12218E-3 2.1768E-3 2.26959E-3 2.15011E-3
-9999 -9999 1.64933E-5 6.41174E-3 3.95198E-4 7.23619E-3 3.18572E-3 1.37902E-2 1.71119E-2 7.88862E-2 7.64609E-2 1.64031E-1 9.59641E-2 7.85554E-2 2.8738E-2 6.64262E-2 4.05628E-2 3.6294E-2 1.23743E-2 1.95464E-2 3.09017E-2 4.55836E-2 3.0645E-2 3.84533E-3 2.0321E-2 7.12526E-3 1.85137E-2 1.43994E-2 1.73103E-2 1.70774E-2 1.25652E-2 1.63847E-2 2.03126E-2 2.82728E-2 2.80399E-2 2.82033E-2 5.28257E-3 1.43746E-2 1.11566E-2 1.19602E-2 2.24476E-2 6.27243E-2 2.9044E-2 5.33158E-2 5.89174E-2 5.42486E-2 4.4259E-2 4.29915E-2 3.21073E-2 5.50055E-2 2.12812E-2 2.06518E-2 8.13578E-3 4.54338E-3 3.57736E-3 2.79693E-3 2.46424E-3 2.47458E-3 2.591E-3 2.52712E-3 2.00163E-3
-9999 -9999 5.50187E-5 1.16842E-2 9.30461E-4 2.21814E-3 1.58169E-3 2.25474E-2 2.88878E-2 2.93684E-2 5.86398E-2 8.80796E-2 1.3389E-1 7.97489E-2 3.0878E-2 4.98902E-2 5.48184E-2 4.44603E-2 5.55613E-2 1.59788E-2 3.27951E-2 5.03323E-2 2.91587E-2 1.77378E-2 1.49614E-2 3.47933E-3 2.34363E-2 1.15478E-2 1.70893E-2 1.86863E-2 1.89092E-2 1.63265E-2 1.80819E-2 2.98463E-2 3.07766E-2 3.36062E-2 6.76157E-3 7.83728E-3 1.01749E-2 9.92367E-3 1.35904E-2 2.8192E-2 2.46587E-2 1.49876E-2 6.29007E-2 6.21907E-2 5.21706E-2 5.8085E-2 4.60676E-2 4.71684E-2 2.20332E-2 1.4967E-2 8.09311E-3 5.09858E-3 5.24857E-3 3.81426E-3 3.0069E-3 2.87925E-3 3.66132E-3 2.9487E-3 2.32822E-3
-9999 -9999 -9999 2.53974E-3 3.90081E-5 7.8603E-3 4.50483E-3 1.49617E-2 1.33884E-2 6.79112E-3 1.389E-2 8.78189E-2 1.28971E-1 8.12762E-2 4.43857E-2 4.79787E-2 4.40974E-2 4.07299E-2 5.00794E-2 5.69309E-2 2.79987E-2 1.63726E-2 1.95802E-2 3.11468E-2 3.31312E-2 1.47469E-2 2.41469E-2 3.01001E-2 2.69864E-2 1.50004E-2 1.48127E-2 1.59477E-2 2.22947E-2 2.35598E-2 2.64536E-2 2.91874E-2 1.35806E-2 7.3546E-3 7.83024E-3 1.15117E-2 1.07031E-2 1.76765E-2 3.39802E-2 4.05432E-2 6.98343E-2 5.70823E-2 5.68501E-2 6.44213E-2 3.2664E-2 2.33819E-2 1.73977E-2 1.53158E-2 1.22322E-2 7.59239E-3 7.01733E-3 5.42988E-3 5.22589E-3 3.98433E-3 2.78324E-3 2.82294E-3 2.60409E-3
-9999 -9999 -9999 5.06026E-4 1.23797E-7 4.43088E-2 1.25256E-2 1.29656E-2 3.03073E-2 2.64496E-2 8.38852E-3 7.57287E-2 8.20354E-2 7.55939E-2 8.20625E-2 4.6081E-2 3.12912E-2 3.6108E-2 2.84181E-2 4.64947E-2 2.15214E-2 1.55648E-2 1.31302E-2 2.71731E-2 2.75198E-2 3.68991E-2 4.65557E-2 2.74067E-2 1.70469E-2 1.30017E-2 1.38419E-2 2.10871E-2 3.18908E-2 2.41366E-2 2.53842E-2 2.64438E-2 1.22431E-2 1.82094E-2 4.11664E-2 1.28241E-2 1.10192E-2 1.47186E-2 1.89454E-2 1.61902E-2 5.32414E-2 6.34645E-2 5.60803E-2 6.88565E-2 6.17747E-2 5.27798E-2 1.36495E-2 4.29275E-2 1.71545E-2 1.38253E-2 8.97239E-3 5.39253E-3 4.89017E-3 3.93575E-3 3.89764E-3 3.00475E-3 2.74945E-3
-9999 -9999 -9999 9.30661E-4 1.4236E-6 3.93481E-2 2.99995E-2 2.24334E-2 1.26749E-2 4.57959E-2 9.22996E-3 2.77178E-2 7.43188E-2 5.96922E-2 5.62697E-2 5.13229E-2 1.65048E-2 3.69223E-2 4.10948E-2 4.2046E-2 2.25126E-2 1.57135E-2 2.5644E-2 3.36295E-2 4.40027E-2 3.88319E-2 3.76624E-2 3.37418E-2 2.29403E-2 1.00425E-2 1.40092E-2 2.59936E-2 3.95457E-2 2.25958E-2 3.09542E-2 3.47962E-2 4.43378E-2 4.70081E-2 3.13686E-2 1.37004E-2 9.39033E-3 1.10924E-2 2.799E-2 4.81644E-2 7.09425E-2 7.04442E-2 4.39116E-2 8.11398E-2 6.00932E-2 4.88643E-2 3.18219E-2 2.16813E-2 4.18077E-2 2.62242E-2 1.61702E-2 1.65575E-2 2.00715E-2 1.10553E-2 7.39153E-3 4.42907E-3 3.11674E-3
-9999 -9999 -9999 -9999 1.95327E-3 3.56333E-2 4.71819E-3 6.49525E-3 3.80108E-2 6.68523E-3 5.1148E-4 5.24739E-3 8.60395E-2 4.08076E-2 6.38287E-2 6.03172E-2 4.45757E-2 4.6414E-2 6.2236E-2 5.46181E-2 3.06517E-2 2.7882E-2 3.07453E-2 2.91309E-2 3.24998E-2 3.11044E-2 3.12264E-2 2.34921E-2 2.14328E-2 2.19078E-2 2.82352E-2 3.83098E-2 2.51798E-2 2.78308E-2 2.69309E-2 3.5286E-2 4.40539E-2 3.22129E-2 1.46592E-2 1.96558E-2 2.13684E-2 2.25773E-2 2.62941E-2 8.23205E-2 8.34269E-2 6.14662E-2 4.01797E-2 7.06892E-2 7.90087E-2 6.23301E-2 2.13195E-2 5.25228E-2 7.90561E-2 3.98264E-2 2.49618E-2 4.83842E-2 1.66314E-2 2.59818E-2 2.39433E-2 5.2184E-3 3.1607E-3
-9999 -9999 -9999 -9999 1.00633E-2 1.02495E-2 3.5352E-3 1.87159E-2 5.50478E-3 1.96869E-7 2.80249E-5 3.58051E-3 8.95233E-2 4.68861E-2 7.29138E-2 3.51602E-2 3.7379E-2 5.10429E-2 5.89835E-2 4.87632E-2 4.89078E-2 6.32553E-2 3.84357E-2 3.5505E-2 3.13692E-2 2.64372E-2 3.11209E-2 2.09623E-2 1.94962E-2 1.25398E-2 2.17066E-2 4.52526E-2 2.87639E-2 3.49655E-2 3.30749E-2 3.9832E-2 3.90232E-2 5.67034E-2 4.46977E-2 6.39847E-2 4.92892E-2 6.50579E-2 4.98937E-2 9.19544E-2 6.52319E-2 9.39138E-2 9.61501E-2 1.88409E-2 5.58126E-2 1.07169E-1 7.83874E-2 8.08613E-2 9.34217E-2 2.62032E-2 3.12418E-2 5.36475E-2 4.5454E-2 3.68469E-2 2.34147E-2 7.15178E-3 4.14108E-3
-9999 -9999 -9999 -9999 3.01033E-4 4.76813E-3 3.65614E-3 1.41893E-2 1.20598E-3 2.55812E-5 8.28834E-4 1.33836E-3 3.63559E-2 3.88604E-2 4.66588E-2 3.59654E-2 3.93997E-2 4.90553E-2 3.08077E-2 5.11227E-2 4.70675E-2 3.52154E-2 5.16546E-2 5.02901E-2 4.3725E-2 3.95088E-2 3.21934E-2 3.16621E-2 2.31916E-2 1.60473E-2 2.92106E-2 3.32852E-2 3.928E-2 3.8453E-2 3.96418E-2 4.31997E-2 4.45133E-2 5.70852E-2 7.67171E-2 6.85541E-2 7.85062E-2 7.56812E-2 1.02551E-1 9.48149E-2 7.65185E-2 8.06353E-2 1.06209E-1 1.11346E-1 -9999 9.48616E-2 6.42933E-2 7.17454E-2 2.99686E-2 4.29023E-2 9.11144E-2 4.98221E-2 3.84671E-2 3.19467E-2 5.15186E-2 1.0774E-2 4.79529E-3
-9999 -9999 -9999 -9999 5.99953E-4 6.82837E-4 1.14713E-3 1.50541E-5 1.34039E-1 1.95391E-1 1.09798E-3 4.21679E-4 9.55356E-3 3.17491E-2 2.66799E-2 2.1507E-2 4.01984E-2 2.1352E-2 2.25953E-2 5.05235E-2 5.03252E-2 4.40395E-2 5.31894E-2 6.27137E-2 3.92757E-2 2.91567E-2 1.97276E-2 4.31723E-2 2.40155E-2 2.68025E-2 3.80577E-2 3.73817E-2 3.81008E-2 3.75253E-2 3.53392E-2 4.65369E-2 4.8438E-2 5.25579E-2 5.72982E-2 6.77932E-2 8.01878E-2 8.69789E-2 9.3492E-2 9.32913E-2 9.19966E-2 6.859E-2 -9999 -9999 -9999 -9999 8.07135E-2 4.13932E-2 4.30083E-2 7.82077E-2 6.08073E-2 5.0061E-2 1.77725E-2 1.22823E-2 5.82457E-3 9.0768E-3 8.12713E-3
-9999 -9999 -9999 -9999 2.67924E-4 1.45157E-3 8.69129E-4 1.67223E-4 1.74836E-7 1.5068E-1 1.8197E-3 2.45228E-3 7.64181E-3 1.81319E-2 1.84911E-2 3.24545E-2 4.08952E-2 2.48149E-2 3.60722E-2 4.12943E-2 4.42652E-2 5.2054E-2 6.24791E-2 5.52774E-2 2.81293E-2 1.70144E-2 2.44369E-2 3.13529E-2 3.54582E-2 4.08291E-2 3.99887E-2 3.9998E-2 3.92872E-2 5.2726E-2 3.11685E-2 4.1294E-2 5.54424E-2 5.11085E-2 5.52569E-2 6.05632E-2 8.74134E-2 8.07249E-2 5.80002E-2 2.83661E-2 8.71127E-2 -9999 -9999 -9999 -9999 2.00406E-1 6.56693E-2 7.03643E-2 5.84646E-2 6.20318E-2 5.80992E-2 4.36248E-2 3.63687E-2 2.49081E-2 2.46997E-2 3.73681E-2 1.17339E-2
-9999 -9999 -9999 -9999 1.9254E-3 7.46935E-3 2.14195E-3 4.90171E-5 7.7108E-3 2.06929E-2 1.87647E-3 2.1954E-3 2.58555E-3 1.16075E-2 1.80388E-2 2.77203E-2 4.25073E-2 4.2601E-2 1.96085E-2 2.23608E-2 4.23461E-2 6.0318E-2 4.57776E-2 3.46369E-2 3.2061E-2 2.72113E-2 3.07121E-2 4.20755E-2 4.46175E-2 4.13554E-2 3.91123E-2 4.20688E-2 4.17615E-2 4.5385E-2 4.70584E-2 3.82992E-2 4.4205E-2 4.46281E-2 6.65628E-2 6.65336E-2 7.16938E-2 7.79353E-2 9.80072E-2 1.00773E-1 1.13547E-1 -9999 -9999 -9999 2.07565E-1 1.62924E-1 1.11419E-1 7.49233E-2 7.40154E-2 5.31683E-2 4.94113E-2 3.57535E-2 4.17382E-2 1.2563E-2 1.57007E-2 2.85533E-2 9.37813E-3
-9999 -9999 -9999 3.21601E-3 1.53935E-1 4.54112E-2 1.11178E-4 6.46833E-4 1.49487E-4 1.0669E-3 5.22261E-4 8.68466E-4 2.97442E-3 1.96136E-2 4.1594E-2 2.75602E-2 5.68967E-2 3.41891E-2 3.51106E-2 1.23672E-2 3.14685E-2 3.93274E-2 3.41086E-2 2.06912E-2 2.51611E-2 2.56095E-2 3.3768E-2 3.88274E-2 2.60825E-2 3.40153E-2 5.42281E-2 4.9424E-2 4.43589E-2 4.83474E-2 4.65659E-2 4.89593E-2 4.60529E-2 5.88442E-2 5.87887E-2 7.14724E-2 6.39644E-2 6.14012E-2 7.69544E-2 1.05972E-1 2.25829E-1 1.64218E-1 1.60406E-1 1.68355E-1 1.72876E-1 1.19512E-1 1.13242E-1 9.60324E-2 8.65012E-2 7.0369E-2 6.29179E-2 3.35979E-2 4.13252E-2 1.70385E-2 1.74647E-2 1.98895E-2 1.28079E-2
-9999 -9999 -9999 -9999 2.86156E-2 1.79603E-1 2.0309E-3 -9999 1.96876E-4 1.28523E-3 6.14837E-4 3.06658E-4 1.44181E-2 2.48131E-2 3.59612E-2 5.3165E-2 3.84776E-2 3.6228E-2 2.80291E-2 1.71635E-2 1.63904E-2 3.1152E-2 2.04886E-2 2.16037E-2 3.60793E-2 4.77232E-2 4.24432E-2 3.60061E-2 2.76799E-2 3.31696E-2 3.64357E-2 5.14892E-2 4.85541E-2 5.03614E-2 4.55748E-2 4.22388E-2 4.68169E-2 3.83667E-2 4.49861E-2 7.21634E-2 8.67399E-2 7.38407E-2 6.12696E-2 8.62726E-2 9.94517E-2 1.24737E-1 1.28987E-1 1.31297E-1 1.4255E-1 1.09765E-1 1.06464E-1 6.84451E-2 8.58521E-2 8.0148E-2 6.86675E-2 2.68248E-2 3.6711E-2 2.09965E-2 2.81247E-2 2.08009E-2 1.06577E-2
-9999 -9999 -9999 -9999 7.61335E-3 3.06018E-3 8.40029E-4 9.39163E-4 6.8981E-4 6.06333E-3 1.35942E-3 1.69374E-4 4.20447E-3 8.61902E-3 2.17598E-2 7.62579E-2 4.175E-2 5.28047E-2 2.96124E-2 1.86245E-2 1.39182E-2 2.36984E-2 3.44555E-2 2.21813E-2 2.44332E-2 5.92295E-2 3.39916E-2 3.54998E-2 4.04187E-2 4.01001E-2 4.45582E-2 6.40038E-2 5.78231E-2 5.88769E-2 5.80796E-2 5.99099E-2 5.23692E-2 2.74248E-2 4.81831E-2 5.53096E-2 5.94522E-2 7.46338E-2 4.50678E-2 7.28639E-2 6.88591E-2 1.04233E-1 1.06871E-1 9.4197E-2 1.0741E-1 1.02942E-1 9.27873E-2 7.8238E-2 8.39727E-2 8.6447E-2 9.00442E-2 5.69772E-2 3.9528E-2 4.37233E-2 1.81162E-2 2.39266E-2 2.30215E-2
-9999 -9999 -9999 -9999 1.04796E-1 1.72383E-3 3.66083E-3 8.5007E-4 1.26048E-3 3.67355E-3 8.22918E-4 1.37727E-4 1.51492E-3 1.97783E-2 2.29952E-2 2.59478E-2 3.47075E-2 4.22305E-2 4.95215E-2 2.61876E-2 1.14282E-2 1.84231E-2 1.64706E-2 1.53411E-2 1.93297E-2 2.32585E-2 2.14137E-2 3.64048E-2 4.35204E-2 4.7778E-2 5.24444E-2 5.98901E-2 8.52156E-2 6.15861E-2 7.85911E-2 6.92751E-2 6.57601E-2 5.86236E-2 6.75518E-2 7.38832E-2 7.69211E-2 7.84335E-2 6.47574E-2 6.96468E-2 8.0657E-2 8.88432E-2 7.11709E-2 8.76586E-2 9.31746E-2 9.9027E-2 8.42003E-2 7.44819E-2 7.63909E-2 7.59207E-2 7.64739E-2 4.26236E-2 4.70081E-2 4.8063E-2 2.95316E-2 2.32228E-2 1.52553E-2
-9999 -9999 -9999 -9999 -9999 2.47442E-3 3.42029E-3 4.16227E-3 1.84235E-3 4.44542E-3 3.96216E-4 1.40323E-3 3.20436E-3 4.8832E-3 9.60711E-3 2.53075E-2 3.30013E-2 3.52333E-2 4.07029E-2 3.63568E-2 2.33248E-2 2.31482E-2 2.4334E-2 2.78563E-2 1.05892E-2 1.14014E-2 2.51917E-2 3.91142E-2 4.27753E-2 6.49693E-2 7.07224E-2 8.43098E-2 7.53328E-2 7.02541E-2 6.84662E-2 8.41527E-2 6.65993E-2 6.00247E-2 7.52196E-2 7.16775E-2 8.11992E-2 8.0679E-2 7.44528E-2 8.63279E-2 8.46786E-2 7.89367E-2 6.66304E-2 8.5153E-2 8.97946E-2 1.10006E-1 9.16641E-2 8.4762E-2 7.87134E-2 6.84563E-2 7.37539E-2 4.06942E-2 5.59048E-2 5.56324E-2 4.87101E-2 1.15064E-2 1.86318E-2
-9999 -9999 -9999 -9999 -9999 4.45415E-3 9.30795E-4 4.7513E-3 3.39408E-3 9.27927E-3 2.99839E-4 2.08593E-5 1.48026E-4 1.28802E-3 1.07872E-2 1.59523E-2 3.21197E-2 2.95815E-2 3.40963E-2 3.55136E-2 2.56679E-2 2.4807E-2 4.47461E-2 3.54842E-2 1.55163E-2 2.28724E-2 3.88795E-2 4.81434E-2 5.26512E-2 5.26685E-2 6.22506E-2 7.80981E-2 8.88036E-2 7.37741E-2 6.85119E-2 8.38721E-2 8.82794E-2 8.96327E-2 8.74011E-2 8.61422E-2 7.20624E-2 7.93602E-2 7.86513E-2 8.28961E-2 6.0571E-2 7.95827E-2 9.06683E-2 7.28347E-2 6.18433E-2 8.40409E-2 8.77757E-2 7.92003E-2 6.17372E-2 4.75425E-2 7.76697E-2 4.84236E-2 4.27917E-2 5.7624E-2 3.59774E-2 3.05695E-2 2.28696E-2
-9999 -9999 -9999 -9999 -9999 9.56674E-3 2.05822E-3 1.50167E-3 4.38181E-3 1.21367E-4 2.30983E-4 6.35712E-6 5.23002E-5 1.2498E-4 1.38511E-2 1.7404E-2 2.80408E-2 2.65449E-2 2.39369E-2 3.81326E-2 3.10674E-2 3.11826E-2 4.39707E-2 4.03932E-2 2.46431E-2 2.94144E-2 2.4489E-2 6.53846E-2 6.24897E-2 6.01308E-2 6.98606E-2 8.07167E-2 9.35281E-2 8.94468E-2 9.88727E-2 1.05799E-1 1.02031E-1 1.21159E-1 1.04357E-1 1.04146E-1 9.50839E-2 8.26291E-2 8.07954E-2 6.3646E-2 7.91111E-2 7.09432E-2 8.1816E-2 8.13471E-2 7.91092E-2 9.20794E-2 9.29657E-2 7.54218E-2 5.93231E-2 3.57154E-2 7.42233E-2 6.81107E-2 7.45952E-2 6.22588E-2 4.58038E-2 4.2234E-2 3.36091E-2
-9999 -9999 -9999 -9999 -9999 2.16789E-3 4.07861E-4 1.61893E-3 4.31311E-3 1.9376E-4 1.53589E-4 2.81932E-5 4.72766E-4 1.84591E-3 1.22178E-2 1.69955E-2 2.26336E-2 2.28855E-2 1.6872E-2 3.68582E-2 5.56232E-2 4.11728E-2 7.5463E-2 4.58536E-2 2.59082E-2 4.12186E-2 4.72347E-2 6.34335E-2 7.44978E-2 7.02232E-2 8.971E-2 9.07606E-2 9.19139E-2 9.61166E-2 1.0081E-1 1.05226E-1 1.30017E-1 1.09203E-1 1.05838E-1 1.22563E-1 1.68372E-1 1.16748E-1 8.3419E-2 4.44082E-2 1.01553E-1 9.47169E-2 1.00715E-1 9.38417E-2 8.14203E-2 1.03012E-1 7.40851E-2 8.76396E-2 9.44043E-2 7.11795E-2 4.17804E-2 -9999 4.42791E-2 3.08449E-2 4.09371E-2 5.07659E-2 3.80508E-2
