Final_Models_Sept202022/M_0.1_F_lqp_Set_1/Bison_6.asc
ncols         97
nrows         127
xllcorner     -2197417.7431653
yllcorner     -584827.01486885
cellsize      30000.0
NODATA_value  -9999
[rows 27 to 53 of 127, columns 0 to 60 of 97]
-9999 -9999 6.1593E-3 1.41962E-3 2.51834E-2 7.97872E-2 8.8333E-2 1.01915E-1 1.27094E-1 1.17262E-1 7.91167E-2 9.90423E-2 5.00716E-2 7.94427E-2 6.4765E-2 8.93722E-2 5.85075E-2 5.35161E-2 2.70097E-2 2.46604E-2 2.19062E-2 1.64577E-2 8.95243E-3 6.77347E-3 8.76133E-3 1.22428E-2 1.31802E-2 1.55621E-2 1.08714E-2 1.09494E-2 1.17169E-2 3.04531E-2 2.02018E-2 3.55947E-2 5.14216E-2 4.89892E-2 4.12433E-2 4.84779E-2 1.84827E-2 6.72861E-2 1.20881E-1 7.76957E-2 9.26062E-2 1.57933E-1 7.24562E-2 6.74187E-2 5.83166E-2 3.53029E-2 2.19542E-2 1.65278E-2 1.38191E-2 1.49283E-2 7.8054E-3 5.77722E-3 2.93288E-3 1.99433E-3 1.85941E-3 1.67441E-3 2.1116E-3 2.69052E-3 3.9545E-3
-9999 5.01346E-5 1.03777E-2 2.36263E-3 1.58903E-3 2.22556E-2 1.03735E-1 7.76039E-2 9.32149E-2 1.22886E-1 1.02892E-1 9.87906E-2 1.28121E-1 1.07737E-1 7.9342E-2 8.53155E-2 1.06586E-1 7.11924E-2 4.87029E-2 3.66627E-2 2.44482E-2 2.05027E-2 8.65005E-3 7.72903E-3 1.42583E-2 1.26465E-2 8.98386E-3 1.46666E-2 1.22985E-2 1.86855E-2 1.29856E-2 2.24751E-2 1.52171E-2 3.02616E-2 2.79009E-2 3.11283E-2 2.96557E-2 8.16813E-2 8.72331E-2 7.53095E-2 8.45161E-2 5.41827E-2 9.45298E-2 8.80913E-2 8.88597E-2 4.71647E-2 4.79467E-2 2.42186E-2 1.94588E-2 1.22338E-2 1.40141E-2 1.7377E-2 6.43813E-3 4.44217E-3 3.18414E-3 2.39239E-3 1.90877E-3 1.72284E-3 1.8183E-3 2.27223E-3 2.1523E-3
-9999 1.32195E-7 5.82918E-6 1.8085E-3 2.09891E-3 1.79219E-2 5.02099E-2 1.08634E-1 7.22193E-2 1.3316E-1 8.66577E-2 1.23121E-1 1.29274E-1 1.11645E-1 9.92022E-2 4.89662E-2 7.015E-2 8.26287E-2 6.93064E-2 3.51801E-2 2.93669E-2 1.39204E-2 1.86356E-2 1.11414E-2 2.46269E-2 1.84396E-2 1.26297E-2 9.89245E-3 1.4681E-2 1.20151E-2 1.6958E-2 2.69823E-2 3.85462E-2 2.97894E-2 2.59108E-2 2.8663E-2 1.92188E-2 4.13935E-2 3.69236E-2 7.83546E-2 7.88864E-2 7.82549E-2 7.60879E-2 7.61351E-2 4.33986E-2 5.28823E-2 3.20009E-2 2.19489E-2 1.32724E-2 1.33438E-2 1.27991E-2 1.06113E-2 6.07058E-3 3.93648E-3 2.95747E-3 2.37175E-3 1.90783E-3 1.55599E-3 1.50244E-3 2.13943E-3 2.11907E-3
2.04269E-3 4.31767E-8 4.0967E-12 2.83475E-7 2.0579E-5 6.8404E-3 3.6133E-2 1.40439E-1 9.18803E-2 1.20093E-1 1.02395E-1 1.24106E-1 1.53906E-1 1.6514E-1 1.01221E-1 6.07774E-2 1.19112E-1 7.40108E-2 7.22341E-2 5.34758E-2 2.99029E-2 1.96398E-2 2.81566E-2 1.98933E-2 2.25975E-2 2.1122E-2 1.49617E-2 1.05896E-2 1.67062E-2 1.87859E-2 1.96833E-2 1.78247E-2 3.6114E-2 2.09668E-2 2.49982E-2 3.07208E-2 2.05745E-2 3.24022E-2 6.143E-2 7.84121E-2 7.98315E-2 6.68749E-2 4.51483E-2 7.26546E-2 5.22946E-2 4.49317E-2 3.63391E-2 2.28324E-2 1.28612E-2 7.48644E-3 6.12854E-3 6.78106E-3 6.04517E-3 4.71832E-3 3.51424E-3 2.54092E-3 1.85062E-3 1.65974E-3 1.62386E-3 2.11907E-3 2.02401E-3
2.89748E-2 8.86981E-4 6.79109E-11 3.27373E-13 1.32756E-6 1.68859E-2 4.34935E-2 1.76644E-1 1.13769E-1 1.50042E-1 1.58362E-1 1.54293E-1 1.51049E-1 2.05007E-1 1.28656E-1 9.38237E-2 6.08727E-2 1.35079E-1 6.25273E-2 3.04349E-2 2.3778E-2 2.40757E-2 2.56021E-2 1.94971E-2 2.57772E-2 2.05941E-2 1.8888E-2 1.43501E-2 1.32542E-2 2.09124E-2 2.45666E-2 2.68966E-2 2.82234E-2 1.48507E-2 4.84195E-2 2.93759E-2 4.96062E-2 4.94136E-2 5.68784E-2 4.93193E-2 6.40247E-2 5.998E-2 5.83179E-2 4.74387E-2 4.61849E-2 3.72677E-2 3.4173E-2 2.74487E-2 1.72694E-2 8.14671E-3 6.6486E-3 6.89464E-3 5.25577E-3 4.83101E-3 3.85175E-3 2.75173E-3 2.05764E-3 1.97502E-3 1.85371E-3 2.08962E-3 2.18135E-3
1.94736E-2 1.97284E-2 2.68763E-4 6.86444E-10 3.57915E-8 1.22094E-2 7.96116E-2 1.22662E-1 1.5125E-1 1.55955E-1 1.59775E-1 1.53933E-1 1.51044E-1 1.42201E-1 1.08983E-1 4.60622E-2 3.24102E-2 5.14869E-2 7.20848E-2 5.16047E-2 3.57617E-2 2.88538E-2 2.75311E-2 2.79884E-2 4.17911E-2 1.99215E-2 2.24255E-2 1.86853E-2 1.67181E-2 1.92038E-2 1.98374E-2 2.24391E-2 1.43013E-2 1.31136E-2 4.0583E-2 4.83566E-2 3.89018E-2 3.87077E-2 4.23531E-2 3.22469E-2 4.06616E-2 5.19E-2 5.98681E-2 4.97982E-2 4.79164E-2 3.3594E-2 2.93095E-2 2.87021E-2 2.10368E-2 9.91583E-3 8.17727E-3 7.16872E-3 5.06603E-3 5.14366E-3 4.14008E-3 2.88408E-3 2.34309E-3 2.17894E-3 2.41413E-3 2.22192E-3 2.48295E-3
-9999 1.03211E-2 3.78424E-2 1.16728E-2 7.12661E-7 3.30602E-2 6.35759E-2 9.11199E-2 1.32043E-1 1.10089E-1 1.70979E-1 1.76488E-1 1.53667E-1 1.243E-1 4.78083E-2 4.53608E-2 1.7377E-2 1.52832E-2 7.29124E-2 6.51939E-2 4.83135E-2 5.17527E-2 3.60876E-2 2.64735E-2 2.67649E-2 3.28334E-2 2.86345E-2 2.35725E-2 3.37033E-2 2.10784E-2 2.32768E-2 2.69359E-2 2.21195E-2 3.05931E-2 4.44419E-2 3.66258E-2 4.50854E-2 5.13187E-2 4.42703E-2 4.53824E-2 5.22233E-2 4.92354E-2 5.60489E-2 5.16751E-2 4.28635E-2 3.94793E-2 3.33813E-2 4.70899E-2 3.53398E-2 1.96227E-2 1.30968E-2 1.04699E-2 7.33969E-3 6.26415E-3 4.37776E-3 3.45613E-3 3.77248E-3 2.57882E-3 2.58122E-3 2.35996E-3 2.73272E-3
-9999 -9999 1.0432E-2 6.24676E-3 1.76808E-4 5.7186E-2 2.42099E-2 6.1382E-2 1.04863E-1 1.38095E-1 1.09363E-1 3.18393E-1 1.12046E-1 9.86281E-2 4.68433E-2 4.41943E-2 3.02209E-2 1.82992E-2 2.90814E-2 6.58992E-2 6.78803E-2 3.65768E-2 3.56454E-2 2.56513E-2 5.47032E-2 1.51489E-2 3.0409E-2 2.9164E-2 2.73281E-2 1.96749E-2 1.84428E-2 2.49084E-2 3.11361E-2 4.59451E-2 5.10283E-2 3.74766E-2 3.18728E-2 4.46074E-2 1.96268E-2 2.47668E-2 7.01057E-2 6.02649E-2 7.22079E-2 5.0461E-2 6.98422E-2 5.31614E-2 4.97545E-2 4.42426E-2 4.97598E-2 4.27552E-2 2.25533E-2 1.32909E-2 8.08772E-3 6.4571E-3 4.78668E-3 3.68991E-3 4.57925E-3 2.97893E-3 3.05463E-3 3.08445E-3 2.94111E-3
-9999 -9999 1.05365E-2 3.47509E-2 5.43823E-3 2.44838E-2 1.23187E-2 4.33947E-2 6.19629E-2 1.0884E-1 1.29388E-1 1.9764E-1 1.13179E-1 9.09274E-2 4.64505E-2 8.76454E-2 5.90165E-2 5.45776E-2 2.76626E-2 3.51756E-2 5.59182E-2 6.52718E-2 4.52716E-2 1.24402E-2 4.13771E-2 2.23692E-2 3.61701E-2 3.39955E-2 3.58602E-2 2.5896E-2 1.74034E-2 2.43668E-2 3.06285E-2 4.48719E-2 4.6439E-2 4.34119E-2 1.04028E-2 2.70556E-2 1.88833E-2 1.95624E-2 3.85292E-2 7.68266E-2 4.79897E-2 6.93444E-2 7.04213E-2 6.63238E-2 5.45759E-2 5.2099E-2 4.08281E-2 5.86128E-2 3.02231E-2 2.76186E-2 1.22305E-2 7.23371E-3 5.61708E-3 4.41105E-3 3.85924E-3 3.70492E-3 3.80316E-3 3.62662E-3 2.88439E-3
-9999 -9999 1.51707E-2 8.47829E-2 8.06325E-3 1.16396E-2 8.37586E-3 7.00222E-2 8.42683E-2 6.39034E-2 8.82608E-2 1.04709E-1 1.50947E-1 1.00727E-1 5.57798E-2 7.49661E-2 8.2027E-2 6.93057E-2 7.49081E-2 3.35897E-2 5.679E-2 7.04562E-2 4.54764E-2 3.44466E-2 3.08174E-2 1.16235E-2 3.83856E-2 2.22511E-2 2.72874E-2 2.77891E-2 2.31261E-2 2.51721E-2 2.98903E-2 4.99926E-2 5.27418E-2 5.26803E-2 1.2826E-2 1.45028E-2 1.78041E-2 2.04306E-2 2.65638E-2 4.83511E-2 4.3912E-2 3.06862E-2 7.45817E-2 7.70804E-2 6.44184E-2 6.85767E-2 5.50957E-2 5.58063E-2 3.10926E-2 2.14429E-2 1.25135E-2 8.4318E-3 8.12127E-3 5.86394E-3 4.88356E-3 4.38559E-3 5.11722E-3 4.25336E-3 3.50261E-3
-9999 -9999 -9999 4.51498E-2 1.66315E-3 4.29543E-2 1.33284E-2 4.2062E-2 3.58566E-2 2.32645E-2 3.40734E-2 1.08401E-1 1.50899E-1 1.03785E-1 6.75579E-2 7.1844E-2 7.16678E-2 6.70381E-2 7.62907E-2 7.0364E-2 5.07914E-2 3.47279E-2 3.74052E-2 5.15663E-2 5.38253E-2 3.11495E-2 4.08089E-2 4.58883E-2 4.03123E-2 2.77452E-2 2.38805E-2 3.17055E-2 3.53787E-2 4.6781E-2 4.76204E-2 4.80389E-2 2.96332E-2 1.38147E-2 2.20765E-2 2.72114E-2 2.55683E-2 3.55192E-2 5.41628E-2 5.9026E-2 8.26519E-2 7.18589E-2 6.92327E-2 7.58654E-2 4.52983E-2 3.37536E-2 2.62034E-2 2.25787E-2 1.82783E-2 1.18471E-2 1.091E-2 8.21011E-3 7.96018E-3 6.10941E-3 4.47395E-3 4.35931E-3 4.03895E-3
-9999 -9999 -9999 1.28806E-2 2.6882E-5 1.02667E-1 6.2408E-2 6.33069E-2 7.62195E-2 6.97568E-2 2.90888E-2 1.03523E-1 1.08443E-1 9.78638E-2 1.14261E-1 7.31889E-2 5.10702E-2 6.94453E-2 5.5237E-2 6.90873E-2 3.90519E-2 3.31454E-2 3.0207E-2 4.43848E-2 5.14256E-2 6.17759E-2 6.87261E-2 3.99176E-2 2.55005E-2 2.34767E-2 2.62566E-2 3.74341E-2 4.93092E-2 4.81845E-2 4.90262E-2 4.93206E-2 2.44884E-2 2.85522E-2 5.54633E-2 2.16846E-2 2.32932E-2 3.03971E-2 3.0989E-2 3.10274E-2 6.98652E-2 7.85822E-2 7.42403E-2 7.99384E-2 7.19277E-2 6.1771E-2 2.26965E-2 5.02906E-2 2.48464E-2 2.01568E-2 1.36206E-2 8.73357E-3 7.79056E-3 6.32315E-3 6.16125E-3 4.81557E-3 4.32938E-3
-9999 -9999 -9999 4.75655E-3 7.42372E-4 1.28578E-1 9.15176E-2 6.67425E-2 5.56065E-2 8.54952E-2 3.44516E-2 6.36126E-2 1.07698E-1 9.7075E-2 8.58341E-2 7.82404E-2 3.4172E-2 6.80438E-2 6.08891E-2 7.02329E-2 4.47745E-2 3.34604E-2 4.68871E-2 5.53073E-2 6.90309E-2 6.46648E-2 6.17943E-2 5.05145E-2 3.62338E-2 2.06556E-2 2.54328E-2 4.4857E-2 5.36649E-2 4.49749E-2 5.4646E-2 6.28685E-2 7.09297E-2 6.52066E-2 4.25841E-2 2.24779E-2 1.89207E-2 2.62569E-2 4.87439E-2 6.55398E-2 8.4871E-2 8.55931E-2 6.54453E-2 9.44149E-2 7.36473E-2 6.14983E-2 4.53333E-2 3.15556E-2 4.90659E-2 3.35153E-2 2.21428E-2 2.10853E-2 2.39169E-2 1.47823E-2 1.08164E-2 6.96738E-3 5.14116E-3
-9999 -9999 -9999 -9999 4.11967E-2 9.33027E-2 1.08403E-2 1.52979E-2 7.79291E-2 3.74959E-2 4.88618E-3 3.31857E-2 1.31744E-1 7.02174E-2 9.18115E-2 9.17681E-2 7.54397E-2 7.28714E-2 8.47066E-2 8.29709E-2 5.9282E-2 5.06076E-2 5.47241E-2 4.96166E-2 5.59905E-2 5.54729E-2 5.92261E-2 4.89645E-2 4.24966E-2 3.55033E-2 4.24233E-2 5.6774E-2 4.49454E-2 5.50906E-2 5.17718E-2 6.30066E-2 7.26296E-2 5.80892E-2 2.7147E-2 3.21262E-2 3.52586E-2 3.9226E-2 4.95843E-2 9.76679E-2 9.75314E-2 8.17082E-2 6.35106E-2 9.00828E-2 1.01775E-1 7.69854E-2 3.58537E-2 6.37728E-2 7.94238E-2 4.57991E-2 3.14876E-2 4.83842E-2 2.30286E-2 3.12606E-2 2.83818E-2 8.16838E-3 5.20749E-3
-9999 -9999 -9999 -9999 1.42617E-2 3.93717E-2 2.27406E-2 4.28489E-2 1.41797E-2 7.95102E-5 7.19792E-4 2.02778E-2 1.14064E-1 8.27965E-2 1.02306E-1 6.59606E-2 7.34039E-2 8.45031E-2 8.42949E-2 7.69386E-2 8.32169E-2 9.97923E-2 6.50338E-2 5.74543E-2 5.20407E-2 4.89968E-2 5.95635E-2 4.84102E-2 4.88138E-2 3.61237E-2 3.6252E-2 6.77564E-2 6.03031E-2 6.71287E-2 6.26341E-2 6.97155E-2 6.7032E-2 8.66949E-2 7.10136E-2 8.51467E-2 6.598E-2 8.6134E-2 7.72641E-2 1.08012E-1 8.70771E-2 1.07743E-1 1.12036E-1 4.11206E-2 8.19953E-2 1.14413E-1 9.07493E-2 8.65917E-2 9.34217E-2 3.6526E-2 4.12914E-2 5.56128E-2 4.71928E-2 3.96336E-2 2.7838E-2 1.02617E-2 6.61784E-3
-9999 -9999 -9999 -9999 5.52474E-3 1.65104E-2 1.22725E-2 4.24976E-2 1.59897E-2 1.25672E-3 2.54894E-3 8.10312E-3 5.41172E-2 6.67522E-2 7.79496E-2 7.33231E-2 1.0027E-1 1.04822E-1 5.50806E-2 7.69532E-2 7.86456E-2 6.5416E-2 8.28932E-2 7.86276E-2 7.31254E-2 6.84019E-2 5.64899E-2 5.4513E-2 4.80473E-2 3.83868E-2 5.68479E-2 7.04871E-2 7.16523E-2 6.83805E-2 6.844E-2 7.25861E-2 7.30683E-2 8.86295E-2 1.07779E-1 9.83639E-2 1.01916E-1 1.02416E-1 1.20527E-1 1.10912E-1 9.64675E-2 1.0118E-1 1.25419E-1 1.33091E-1 -9999 1.09235E-1 8.33317E-2 8.03527E-2 4.71411E-2 5.35036E-2 9.11144E-2 5.3666E-2 4.52405E-2 3.50618E-2 5.20767E-2 1.59717E-2 7.97707E-3
-9999 -9999 -9999 -9999 6.81252E-3 1.07841E-2 5.23836E-3 3.91586E-4 3.02302E-1 2.92953E-1 5.08281E-3 6.68761E-3 2.7236E-2 5.27132E-2 5.64145E-2 8.95411E-2 1.04239E-1 4.9447E-2 4.76887E-2 7.94664E-2 7.92496E-2 7.65262E-2 8.35839E-2 8.9943E-2 7.05605E-2 5.7614E-2 4.23964E-2 6.99771E-2 4.50978E-2 4.85182E-2 7.10652E-2 7.24263E-2 6.70105E-2 6.41799E-2 6.1287E-2 7.4639E-2 7.70205E-2 8.02783E-2 8.45569E-2 9.57144E-2 1.05379E-1 1.11494E-1 1.14838E-1 1.12137E-1 1.10382E-1 9.70539E-2 -9999 -9999 -9999 -9999 1.0207E-1 6.04804E-2 6.06233E-2 8.3127E-2 6.94999E-2 5.78448E-2 2.58908E-2 1.91678E-2 1.04413E-2 1.42183E-2 1.31188E-2
-9999 -9999 -9999 -9999 3.17918E-3 1.14363E-2 4.90913E-3 1.32001E-3 1.33524E-4 3.27472E-1 4.54864E-3 2.00549E-2 2.74603E-2 5.29441E-2 4.83784E-2 6.39142E-2 7.0401E-2 4.77803E-2 5.23365E-2 6.7245E-2 6.41599E-2 8.0013E-2 9.07415E-2 8.95326E-2 5.2517E-2 3.75402E-2 4.8846E-2 5.06599E-2 6.12212E-2 7.42891E-2 7.74287E-2 7.48915E-2 7.0127E-2 8.05897E-2 5.48703E-2 6.60247E-2 8.13483E-2 7.73006E-2 8.15313E-2 8.70498E-2 1.11679E-1 1.05266E-1 9.02304E-2 6.06765E-2 1.1574E-1 -9999 -9999 -9999 -9999 2.00406E-1 9.29425E-2 8.83446E-2 7.27025E-2 7.28282E-2 6.91865E-2 5.34795E-2 4.71838E-2 3.17543E-2 3.10005E-2 4.17254E-2 1.77528E-2
-9999 -9999 -9999 -9999 1.04873E-2 1.89934E-2 9.15301E-3 1.03547E-3 2.13724E-2 4.85784E-2 7.69701E-3 1.54841E-2 1.7885E-2 6.57943E-2 6.45738E-2 6.40194E-2 7.0226E-2 7.49101E-2 3.7609E-2 4.49525E-2 6.15329E-2 8.80478E-2 6.94412E-2 5.61502E-2 4.9787E-2 4.5684E-2 5.2518E-2 7.02831E-2 8.68741E-2 7.99774E-2 7.6599E-2 7.65762E-2 7.39483E-2 7.51849E-2 7.48036E-2 6.22052E-2 6.69517E-2 7.17644E-2 9.51492E-2 9.37095E-2 9.81275E-2 1.04408E-1 1.22956E-1 1.27134E-1 1.40968E-1 -9999 -9999 -9999 2.07565E-1 1.66869E-1 1.25794E-1 9.17242E-2 8.54707E-2 6.68337E-2 6.32525E-2 4.72026E-2 5.04348E-2 2.03382E-2 2.19233E-2 3.27526E-2 1.45466E-2
-9999 -9999 -9999 1.93641E-2 4.86618E-1 5.97715E-2 1.55012E-3 3.67938E-3 2.56837E-3 7.14805E-3 1.07067E-2 8.95655E-3 2.19639E-2 4.22412E-2 6.6251E-2 5.22007E-2 8.75096E-2 7.4976E-2 7.05503E-2 2.98837E-2 4.55905E-2 6.22078E-2 5.35048E-2 3.69976E-2 4.57328E-2 4.24034E-2 5.57136E-2 6.8673E-2 6.14942E-2 6.84479E-2 1.00093E-1 8.83882E-2 7.83936E-2 7.96953E-2 7.46673E-2 7.50166E-2 7.28017E-2 8.60964E-2 8.59821E-2 1.00083E-1 9.55739E-2 9.22078E-2 1.04539E-1 1.3288E-1 2.2999E-1 1.80641E-1 1.67509E-1 1.71545E-1 1.77297E-1 1.35428E-1 1.30927E-1 1.1008E-1 9.89304E-2 8.45421E-2 7.46837E-2 4.62875E-2 5.10147E-2 2.51564E-2 2.34531E-2 2.59956E-2 1.96179E-2
-9999 -9999 -9999 -9999 5.96017E-2 2.12873E-1 8.12097E-3 -9999 2.96988E-3 1.09815E-2 7.62723E-3 2.54231E-3 3.76969E-2 5.36909E-2 5.9202E-2 7.63762E-2 9.37638E-2 7.43216E-2 5.56622E-2 4.88128E-2 3.5371E-2 5.85916E-2 3.56793E-2 5.85083E-2 8.60689E-2 6.77934E-2 5.97882E-2 6.76046E-2 6.1116E-2 6.90073E-2 7.36078E-2 8.64908E-2 8.28684E-2 8.64062E-2 8.05815E-2 7.29222E-2 7.45252E-2 6.43908E-2 6.96398E-2 9.5348E-2 1.01799E-1 9.39968E-2 9.25153E-2 1.16181E-1 1.26497E-1 1.49336E-1 1.47772E-1 1.47764E-1 1.584E-1 1.3014E-1 1.29278E-1 8.97253E-2 1.03918E-1 9.38261E-2 8.12225E-2 4.20901E-2 4.89349E-2 3.13637E-2 3.62477E-2 2.992E-2 1.78083E-2
-9999 -9999 -9999 -9999 1.45327E-2 6.273E-3 6.72599E-3 7.13634E-3 6.31919E-3 5.04289E-2 1.27216E-2 1.80037E-3 2.48978E-2 3.57802E-2 5.67794E-2 1.10845E-1 6.52988E-2 7.86059E-2 5.55201E-2 4.69622E-2 3.81728E-2 4.05981E-2 5.0124E-2 6.75084E-2 4.96507E-2 7.39384E-2 5.27305E-2 6.59718E-2 6.78182E-2 7.99611E-2 8.74591E-2 1.09089E-1 9.10081E-2 9.61763E-2 9.90068E-2 9.41162E-2 8.20057E-2 5.4122E-2 7.78399E-2 8.11256E-2 8.36368E-2 1.03798E-1 8.28886E-2 1.05097E-1 1.01102E-1 1.3222E-1 1.33509E-1 1.18656E-1 1.31527E-1 1.28138E-1 1.18453E-1 1.01675E-1 1.03178E-1 1.01557E-1 1.00339E-1 7.14994E-2 5.34164E-2 5.33413E-2 2.73878E-2 3.39377E-2 3.27712E-2
-9999 -9999 -9999 -9999 2.28834E-1 9.16172E-3 1.04368E-2 4.28942E-3 1.22985E-2 3.75347E-2 6.37305E-3 1.88849E-3 1.24684E-2 6.12586E-2 5.06309E-2 7.23269E-2 7.21449E-2 1.08037E-1 7.77008E-2 5.47468E-2 3.32722E-2 4.64642E-2 3.03955E-2 4.43967E-2 7.33103E-2 5.99274E-2 4.4177E-2 6.21347E-2 8.17016E-2 9.04487E-2 9.69241E-2 9.87952E-2 1.23823E-1 1.10299E-1 1.20882E-1 1.03677E-1 9.52165E-2 8.83823E-2 9.76535E-2 1.02742E-1 1.09966E-1 1.13814E-1 1.01323E-1 1.027E-1 1.12834E-1 1.19348E-1 9.78497E-2 1.11147E-1 1.20432E-1 1.28064E-1 1.13642E-1 1.01635E-1 9.8436E-2 9.48165E-2 9.23905E-2 6.15841E-2 5.97718E-2 5.7725E-2 4.15752E-2 3.48627E-2 2.52739E-2
-9999 -9999 -9999 -9999 -9999 1.399E-2 1.41382E-2 1.43269E-2 6.75803E-3 1.17274E-2 3.33157E-3 1.30067E-2 1.97916E-2 1.74358E-2 2.95096E-2 6.28302E-2 9.13454E-2 8.94502E-2 1.02231E-1 7.34339E-2 6.23114E-2 6.88082E-2 4.36409E-2 6.06332E-2 4.76158E-2 6.20964E-2 6.27112E-2 6.07629E-2 7.03512E-2 1.1441E-1 1.19838E-1 1.29916E-1 1.21641E-1 1.15175E-1 1.10338E-1 1.21812E-1 1.02229E-1 9.77511E-2 1.09592E-1 1.0881E-1 1.19779E-1 1.17046E-1 1.10204E-1 1.12769E-1 1.0572E-1 1.06239E-1 9.04096E-2 1.15279E-1 1.1967E-1 1.35014E-1 1.21343E-1 1.12096E-1 1.02094E-1 8.98598E-2 9.12561E-2 6.09845E-2 6.82698E-2 6.83796E-2 6.08561E-2 2.11022E-2 2.8774E-2
-9999 -9999 -9999 -9999 -9999 2.37645E-2 3.49098E-3 1.88827E-2 2.08714E-2 3.19426E-2 3.57863E-3 6.28715E-4 2.80123E-3 8.98868E-3 3.38491E-2 4.93829E-2 8.69574E-2 8.40875E-2 1.10821E-1 9.50805E-2 8.43012E-2 4.57748E-2 7.30577E-2 5.92589E-2 5.90725E-2 9.31102E-2 7.18438E-2 6.98871E-2 8.20053E-2 9.25019E-2 1.05487E-1 1.20912E-1 1.28105E-1 1.15433E-1 1.11413E-1 1.23649E-1 1.30734E-1 1.34117E-1 1.27226E-1 1.27295E-1 1.14352E-1 1.16658E-1 1.06107E-1 1.06213E-1 8.65927E-2 1.0287E-1 1.19728E-1 1.09091E-1 9.91244E-2 1.16164E-1 1.18841E-1 1.0922E-1 8.80175E-2 7.56088E-2 9.8294E-2 6.59606E-2 6.23875E-2 7.0761E-2 5.02627E-2 4.41586E-2 3.49448E-2
-9999 -9999 -9999 -9999 -9999 5.62722E-2 1.06226E-2 3.23172E-3 1.15372E-2 1.48931E-3 3.12201E-3 2.21486E-4 1.23526E-3 2.20981E-3 3.19372E-2 4.45684E-2 5.99337E-2 5.70769E-2 7.09575E-2 1.26947E-1 6.49937E-2 6.81706E-2 6.57338E-2 5.60522E-2 5.27011E-2 9.16532E-2 4.66819E-2 8.98759E-2 9.47679E-2 8.89748E-2 1.10077E-1 1.24399E-1 1.31575E-1 1.28371E-1 1.41998E-1 1.4512E-1 1.41824E-1 1.63892E-1 1.45952E-1 1.44841E-1 1.36465E-1 1.19462E-1 1.11094E-1 9.06639E-2 1.04449E-1 9.86247E-2 1.07797E-1 1.16802E-1 1.1295E-1 1.24978E-1 1.25665E-1 1.08185E-1 8.57534E-2 6.70098E-2 9.87581E-2 8.59957E-2 9.14019E-2 7.55329E-2 5.96977E-2 5.66107E-2 4.58162E-2
-9999 -9999 -9999 -9999 -9999 1.73356E-2 3.68497E-3 8.10442E-3 2.41895E-2 2.39192E-3 1.9165E-3 1.10563E-3 3.84908E-3 1.00619E-2 2.45866E-2 2.9985E-2 3.68136E-2 3.69934E-2 5.38805E-2 8.68009E-2 1.08786E-1 1.16725E-1 1.11878E-1 5.60414E-2 4.53329E-2 1.30152E-1 8.46526E-2 8.58824E-2 9.97462E-2 9.40701E-2 1.1876E-1 1.32694E-1 1.29782E-1 1.34779E-1 1.39205E-1 1.47442E-1 1.67114E-1 1.46803E-1 1.43175E-1 1.60111E-1 2.17607E-1 1.63156E-1 1.23408E-1 7.94366E-2 1.23865E-1 1.22899E-1 1.31753E-1 1.3199E-1 1.19057E-1 1.40936E-1 1.10695E-1 1.22539E-1 1.2778E-1 9.67957E-2 7.9734E-2 -9999 7.72657E-2 5.8413E-2 6.13504E-2 6.96913E-2 5.30027E-2
