Final_Models_Sept202022/M_0.1_F_lqp_Set_1/Bison_max.asc
ncols         97
nrows         127
xllcorner     -2197417.7431653
yllcorner     -584827.01486885
cellsize      30000.0
NODATA_value  -9999
[rows 54 to 80 of 127, columns 0 to 60 of 97]
-9999 -9999 -9999 -9999 2.39415E-1 5.01358E-2 4.22778E-3 4.50356E-2 3.63295E-2 1.47973E-3 3.16731E-3 7.25292E-3 3.83527E-3 1.24792E-2 1.60496E-2 1.12247E-2 1.99164E-2 3.40508E-2 4.69177E-2 7.44157E-2 1.18056E-1 1.11953E-1 9.7689E-2 1.18916E-1 6.7056E-2 1.5244E-1 1.68478E-1 1.38904E-1 1.69187E-1 1.52059E-1 1.39267E-1 1.26754E-1 1.48683E-1 1.49238E-1 1.46849E-1 1.63231E-1 1.62596E-1 1.51688E-1 1.57649E-1 1.88284E-1 2.81628E-1 2.97521E-1 2.29372E-1 1.76249E-1 1.73951E-1 1.47064E-1 1.579E-1 1.36023E-1 1.22049E-1 1.15186E-1 1.21793E-1 1.28034E-1 1.1488E-1 1.76543E-1 1.70411E-1 1.11201E-1 1.08621E-1 9.63406E-2 9.83003E-2 8.86506E-2 6.14953E-2
-9999 -9999 -9999 -9999 -9999 3.70105E-2 3.86392E-3 1.34852E-2 1.73022E-1 8.32556E-3 1.95819E-3 8.13066E-3 1.98685E-2 1.06903E-2 1.43062E-2 8.87636E-3 9.37717E-3 1.73475E-2 5.69461E-2 3.34704E-2 1.18225E-1 1.25265E-1 1.22373E-1 1.73937E-1 6.69519E-2 8.37785E-2 1.32693E-1 1.44839E-1 2.28918E-1 2.03608E-1 1.49332E-1 1.32513E-1 1.43712E-1 1.53067E-1 1.50693E-1 1.87262E-1 1.80965E-1 1.61016E-1 1.96119E-1 2.0564E-1 2.80433E-1 3.55108E-1 2.19157E-1 1.74411E-1 1.75818E-1 1.69852E-1 1.46248E-1 1.32278E-1 1.35171E-1 1.03199E-1 1.33312E-1 1.56439E-1 1.39548E-1 1.85017E-1 1.44304E-1 1.16628E-1 1.14955E-1 9.24708E-2 9.13352E-2 8.533E-2 6.84304E-2
-9999 -9999 -9999 -9999 -9999 5.55737E-2 2.98789E-2 5.61994E-2 9.35154E-2 2.72251E-2 2.45794E-4 1.7997E-3 1.70861E-3 2.43243E-3 1.7965E-2 1.01699E-2 2.08787E-2 2.22687E-2 4.20206E-2 6.0401E-2 1.03821E-1 8.34401E-2 7.76248E-2 1.04536E-1 7.07763E-2 5.97622E-2 9.35529E-2 2.21774E-1 2.79658E-1 1.91413E-1 1.91606E-1 1.67331E-1 1.6751E-1 1.66819E-1 1.88245E-1 2.25448E-1 1.96225E-1 1.94744E-1 2.1628E-1 2.35494E-1 2.98677E-1 2.73832E-1 2.06128E-1 1.89529E-1 1.78002E-1 1.60132E-1 1.48422E-1 1.44576E-1 1.57378E-1 1.54999E-1 1.68617E-1 1.52254E-1 1.76926E-1 1.53268E-1 1.29418E-1 1.32865E-1 1.17523E-1 1.1188E-1 8.82374E-2 6.95852E-2 3.6344E-2
-9999 -9999 -9999 -9999 -9999 -9999 5.13815E-2 -9999 1.39794E-1 9.02435E-3 1.04676E-3 1.46508E-3 1.85884E-3 4.11261E-3 5.01534E-3 2.93825E-2 1.69744E-2 2.6279E-2 4.62307E-2 7.76358E-2 5.87898E-2 7.06536E-2 7.91643E-2 1.1257E-1 9.34908E-2 9.26355E-2 9.31981E-2 2.18412E-1 2.6369E-1 2.32375E-1 3.75133E-1 2.94196E-1 2.02393E-1 1.82574E-1 2.06513E-1 2.75474E-1 2.63097E-1 2.08142E-1 2.18242E-1 2.22312E-1 2.02702E-1 1.65892E-1 2.34945E-1 1.7067E-1 1.40931E-1 1.48233E-1 1.3799E-1 1.49347E-1 1.60614E-1 2.0404E-1 1.61021E-1 1.70596E-1 1.47658E-1 1.46604E-1 1.37564E-1 1.21367E-1 1.11855E-1 1.04585E-1 8.6032E-2 6.2821E-2 4.81048E-2
-9999 -9999 -9999 1.44806E-2 -9999 -9999 -9999 -9999 -9999 2.92894E-2 3.44014E-3 3.45608E-4 1.24156E-3 3.49795E-3 1.64764E-3 2.71358E-2 1.70583E-2 2.92318E-2 4.44889E-2 5.78224E-2 6.7472E-2 8.62728E-2 6.26276E-2 1.38571E-1 5.68949E-2 5.84E-2 8.24032E-2 1.43827E-1 2.94315E-1 3.51768E-1 4.90564E-1 4.20935E-1 2.01321E-1 1.6805E-1 1.89711E-1 2.71049E-1 2.5395E-1 3.1042E-1 5.83916E-1 2.0417E-1 1.8407E-1 1.78413E-1 1.92613E-1 1.58961E-1 1.10872E-1 1.32771E-1 1.74759E-1 1.67572E-1 1.75819E-1 1.81768E-1 1.68949E-1 1.64445E-1 1.5555E-1 1.41203E-1 1.30393E-1 1.27424E-1 1.13872E-1 9.89441E-2 8.84215E-2 8.36191E-2 6.827E-2
-9999 -9999 -9999 9.80931E-3 1.43461E-2 2.24375E-2 -9999 -9999 -9999 5.10567E-2 2.82094E-4 8.25313E-4 1.37981E-3 6.10513E-3 5.918E-3 4.36773E-2 3.19548E-2 2.58066E-2 5.28208E-2 6.69251E-2 5.66225E-2 6.15706E-2 8.76421E-2 7.53477E-2 8.88688E-2 4.03883E-2 5.4556E-2 1.22758E-1 3.38197E-1 5.11421E-1 5.72421E-1 5.13118E-1 2.23942E-1 2.47482E-1 2.35842E-1 2.5865E-1 2.67067E-1 5.10671E-1 4.61064E-1 2.10152E-1 2.1253E-1 2.14998E-1 1.89139E-1 1.81599E-1 1.67521E-1 1.71394E-1 1.65991E-1 1.58034E-1 1.73352E-1 2.51363E-1 1.98884E-1 1.82128E-1 1.51385E-1 1.52274E-1 1.15848E-1 1.35082E-1 1.13027E-1 1.23781E-1 1.12596E-1 8.74636E-2 6.21615E-2
-9999 -9999 -9999 6.15232E-3 1.70181E-2 2.85464E-2 1.96477E-2 -9999 -9999 2.0424E-1 1.57671E-3 4.19784E-3 1.21379E-3 2.43464E-3 4.31939E-3 2.04029E-2 3.3053E-2 4.31347E-2 5.86507E-2 6.05091E-2 7.88387E-2 6.27189E-2 4.64476E-2 4.09635E-2 7.56456E-2 5.87891E-3 5.50742E-3 6.74588E-2 2.37657E-1 2.48668E-1 6.9191E-1 6.98518E-1 4.59925E-1 5.68488E-1 5.01336E-1 3.59331E-1 3.98781E-1 4.2661E-1 4.18338E-1 2.22268E-1 2.37529E-1 2.08179E-1 1.9319E-1 2.09011E-1 1.69828E-1 1.652E-1 1.65162E-1 1.5424E-1 1.62243E-1 3.1554E-1 2.90012E-1 2.60526E-1 1.38907E-1 1.36449E-1 1.15904E-1 1.49096E-1 1.24121E-1 1.35492E-1 1.14975E-1 8.5129E-2 6.40832E-2
-9999 -9999 -9999 5.55907E-3 1.0221E-2 1.55613E-2 -9999 -9999 6.52315E-2 7.14049E-4 1.61833E-4 1.11353E-3 1.47737E-3 2.84106E-3 7.03882E-3 2.11851E-2 1.41307E-1 5.28942E-2 7.02315E-2 4.15056E-2 7.27448E-2 6.63466E-2 6.49044E-2 5.4111E-2 5.57446E-2 8.66139E-3 3.71781E-3 4.37494E-2 1.41367E-1 4.61403E-1 6.1495E-1 7.25337E-1 6.5059E-1 5.41779E-1 6.4259E-1 5.18877E-1 4.75504E-1 5.91494E-1 4.28418E-1 2.91359E-1 2.70913E-1 2.44705E-1 2.11961E-1 1.89003E-1 1.94954E-1 1.95161E-1 1.71565E-1 1.69605E-1 2.2441E-1 3.17965E-1 3.00248E-1 1.73998E-1 1.56556E-1 1.4199E-1 9.63726E-2 1.60807E-1 1.3978E-1 1.16954E-1 1.14661E-1 9.5439E-2 8.91033E-2
-9999 -9999 -9999 7.41054E-3 1.84007E-2 -9999 -9999 8.85483E-2 3.38793E-2 1.34358E-3 3.20647E-4 1.09291E-3 1.86508E-3 7.67772E-4 1.26364E-2 3.13934E-2 1.24787E-1 7.9421E-2 6.02719E-2 6.4643E-2 7.68071E-2 7.38304E-2 5.40715E-2 6.08504E-2 4.92379E-2 1.43692E-2 1.69379E-3 2.55418E-2 8.15289E-2 1.69582E-1 4.6436E-1 6.63737E-1 4.43629E-1 4.8068E-1 7.63868E-1 6.36182E-1 6.23724E-1 7.85916E-1 5.3411E-1 2.73476E-1 2.64672E-1 2.04789E-1 1.82586E-1 1.84075E-1 1.95216E-1 2.09806E-1 1.87229E-1 2.12758E-1 2.03318E-1 2.66883E-1 3.01421E-1 1.67707E-1 1.34188E-1 1.59518E-1 1.39035E-1 1.36208E-1 1.38344E-1 1.24461E-1 1.24051E-1 1.01548E-1 8.11165E-2
-9999 -9999 -9999 9.67805E-3 5.59105E-3 -9999 -9999 -9999 8.64999E-2 2.9901E-3 9.3111E-4 2.34692E-3 4.88728E-4 4.86285E-3 2.50919E-2 6.76177E-2 1.20519E-1 1.01911E-1 8.50948E-2 7.49272E-2 9.17442E-2 1.0205E-1 7.90879E-2 5.36331E-2 4.9151E-2 1.90266E-2 6.8646E-3 2.38474E-2 5.33578E-2 1.0133E-1 1.782E-1 4.27728E-1 5.39235E-1 6.07433E-1 6.44538E-1 6.46296E-1 5.91762E-1 4.98461E-1 2.89387E-1 2.38712E-1 1.91085E-1 1.99696E-1 1.81918E-1 1.86925E-1 1.97144E-1 2.14116E-1 2.42471E-1 2.05858E-1 1.79271E-1 2.55736E-1 2.69079E-1 1.80575E-1 1.54966E-1 1.43972E-1 1.41868E-1 1.18936E-1 1.43441E-1 1.33727E-1 1.33017E-1 1.1838E-1 9.63978E-2
-9999 -9999 -9999 5.58107E-2 1.25715E-1 -9999 -9999 -9999 2.24116E-1 1.38782E-1 1.45858E-2 3.269E-4 5.46715E-3 9.94679E-3 1.55893E-2 5.55811E-2 8.54255E-2 1.04015E-1 1.41419E-1 8.39706E-2 7.67847E-2 1.48028E-1 9.31187E-2 6.88481E-2 5.14865E-2 2.59307E-2 8.01346E-3 1.977E-2 3.49538E-2 6.92642E-2 1.04827E-1 4.70609E-1 5.58167E-1 6.57302E-1 5.15104E-1 5.9145E-1 5.25514E-1 5.55811E-1 3.05631E-1 2.92166E-1 2.05685E-1 1.94641E-1 1.66364E-1 1.75288E-1 3.16567E-1 3.15922E-1 2.68554E-1 2.21962E-1 1.92434E-1 2.23663E-1 3.30264E-1 1.97618E-1 1.58952E-1 1.33863E-1 1.59966E-1 1.2247E-1 1.37015E-1 1.32068E-1 1.20603E-1 1.31508E-1 1.05325E-1
-9999 -9999 -9999 1.19983E-2 2.22873E-1 -9999 -9999 -9999 3.44381E-1 1.7874E-2 1.24454E-3 1.03575E-4 1.77375E-3 7.7076E-3 8.92655E-2 5.76179E-2 6.01181E-2 1.09324E-1 9.54536E-2 1.0032E-1 1.53611E-1 1.80156E-1 9.14844E-2 7.12996E-2 4.80473E-2 2.16917E-2 1.11922E-2 1.34638E-2 2.74593E-2 4.06911E-2 8.61083E-2 2.84976E-1 4.84543E-1 6.75352E-1 5.78608E-1 5.65238E-1 3.02015E-1 4.97458E-1 5.14685E-1 3.42285E-1 1.65532E-1 1.90477E-1 1.86767E-1 1.81405E-1 2.24046E-1 2.17613E-1 2.5207E-1 2.30351E-1 2.65245E-1 2.56612E-1 2.39546E-1 2.27508E-1 1.72312E-1 1.73551E-1 1.55406E-1 1.45603E-1 1.31226E-1 1.53821E-1 1.38379E-1 1.33682E-1 1.31783E-1
-9999 -9999 -9999 -9999 3.47329E-2 -9999 -9999 -9999 -9999 7.27873E-2 1.8098E-3 6.39607E-4 1.90514E-3 2.04058E-3 1.98938E-2 5.02007E-2 4.2923E-2 1.15994E-1 1.51702E-1 1.73417E-1 1.16351E-1 3.38627E-1 1.46024E-1 9.165E-2 7.83898E-2 3.37653E-2 1.45748E-2 8.11221E-3 1.98375E-2 2.90852E-2 7.97699E-2 1.12663E-1 1.46284E-1 2.22375E-1 1.75558E-1 2.35894E-1 4.78305E-1 3.79338E-1 2.01764E-1 1.60868E-1 2.586E-1 2.25221E-1 2.75971E-1 2.01164E-1 2.06297E-1 2.58796E-1 2.94784E-1 2.9232E-1 2.26344E-1 2.28507E-1 3.36751E-1 2.00066E-1 1.8804E-1 1.89102E-1 1.88048E-1 1.65734E-1 1.5063E-1 1.43427E-1 1.43616E-1 1.39877E-1 1.43907E-1
-9999 -9999 -9999 -9999 3.79532E-2 -9999 -9999 -9999 -9999 2.24776E-1 5.2535E-2 3.32459E-3 2.67624E-3 1.92635E-3 8.97685E-3 5.38891E-2 9.38758E-2 1.22619E-1 1.45598E-1 1.04126E-1 1.23015E-1 1.66109E-1 1.06584E-1 1.96588E-1 2.43544E-1 4.01076E-2 1.75398E-2 6.5756E-3 1.23956E-2 2.96167E-2 5.6665E-2 7.02486E-2 1.5694E-1 2.84539E-1 1.61382E-1 1.60419E-1 2.71391E-1 1.77289E-1 1.31809E-1 1.24843E-1 2.637E-1 1.6601E-1 2.17556E-1 2.71003E-1 2.4218E-1 2.70303E-1 4.481E-1 2.703E-1 2.57528E-1 2.73316E-1 3.11374E-1 2.25981E-1 2.19533E-1 1.93351E-1 1.93328E-1 1.86924E-1 1.71493E-1 1.59513E-1 1.46874E-1 1.39672E-1 1.36312E-1
-9999 -9999 -9999 -9999 -9999 -9999 -9999 -9999 -9999 2.39377E-1 2.90354E-1 1.95591E-2 4.24118E-3 2.61411E-3 3.09691E-3 2.35424E-2 8.62895E-2 9.1307E-2 1.11926E-1 1.35435E-1 1.10801E-1 1.22707E-1 1.50775E-1 1.0129E-1 6.27278E-2 1.85935E-2 1.03085E-2 1.35415E-2 7.66288E-3 2.9601E-2 5.64376E-2 1.00453E-1 1.36909E-1 2.83771E-1 1.21705E-1 1.68183E-1 3.16991E-1 2.95816E-1 1.84909E-1 2.82289E-1 3.08248E-1 1.88077E-1 2.45059E-1 2.71457E-1 4.7649E-1 5.37082E-1 5.57888E-1 3.39482E-1 2.85959E-1 2.63354E-1 2.8998E-1 2.72357E-1 2.12687E-1 1.65574E-1 1.98251E-1 1.76782E-1 1.76008E-1 1.74338E-1 1.53257E-1 1.45312E-1 1.41156E-1
-9999 -9999 -9999 -9999 -9999 -9999 -9999 -9999 -9999 -9999 1.77753E-1 8.55169E-2 1.20163E-2 1.91297E-3 5.52647E-3 2.35553E-2 9.18777E-2 9.39056E-2 8.81953E-2 1.17893E-1 1.18661E-1 1.16566E-1 1.57581E-1 1.24122E-1 6.72593E-2 2.48651E-2 1.37501E-2 1.21967E-2 1.46964E-2 2.33065E-2 5.58941E-2 1.25846E-1 1.61076E-1 1.34768E-1 1.69455E-1 1.73789E-1 3.0336E-1 3.33823E-1 2.00728E-1 2.42606E-1 2.42363E-1 4.21615E-1 4.13976E-1 5.18179E-1 5.88694E-1 6.09795E-1 5.07865E-1 6.77475E-1 3.16194E-1 2.84783E-1 3.7884E-1 3.01728E-1 2.0528E-1 1.89015E-1 2.01258E-1 2.03454E-1 2.05767E-1 2.31859E-1 1.75989E-1 1.59819E-1 1.57426E-1
-9999 -9999 -9999 -9999 -9999 -9999 -9999 -9999 -9999 -9999 1.85984E-1 3.64267E-2 1.74507E-4 5.70468E-4 4.05117E-3 9.95724E-3 8.01668E-2 1.08421E-1 9.56516E-2 1.25932E-1 1.46896E-1 1.2656E-1 1.61774E-1 1.90734E-1 6.78657E-2 3.63752E-2 2.33814E-2 8.33035E-3 2.47529E-2 3.80347E-2 5.93009E-2 1.1889E-1 1.46514E-1 1.66774E-1 1.95226E-1 3.05323E-1 2.84993E-1 2.3588E-1 2.29023E-1 5.08459E-1 4.60809E-1 6.0992E-1 4.97355E-1 5.53098E-1 5.63243E-1 5.59921E-1 3.58705E-1 5.53761E-1 4.56079E-1 5.41337E-1 5.48411E-1 3.94436E-1 2.6249E-1 2.28244E-1 2.27785E-1 2.0525E-1 2.04365E-1 1.8977E-1 1.88631E-1 1.6995E-1 1.64947E-1
-9999 -9999 -9999 -9999 -9999 -9999 -9999 -9999 -9999 -9999 2.24008E-1 2.04055E-2 4.13219E-4 6.77229E-4 4.55135E-2 2.73221E-2 6.80833E-2 1.27734E-1 1.1213E-1 2.13322E-1 1.90608E-1 1.55435E-1 1.55794E-1 1.93259E-1 8.8182E-2 2.49336E-2 1.92443E-2 1.59977E-2 1.74918E-2 4.19406E-2 6.96357E-2 1.53675E-1 1.93534E-1 1.68318E-1 1.9931E-1 2.66289E-1 3.93573E-1 4.29926E-1 4.32823E-1 3.48318E-1 5.04382E-1 5.4368E-1 6.43874E-1 6.04643E-1 6.25826E-1 6.60075E-1 6.87127E-1 6.33857E-1 5.2939E-1 6.74451E-1 6.82128E-1 5.99278E-1 4.68439E-1 4.10713E-1 4.06832E-1 2.53359E-1 2.23769E-1 2.25886E-1 2.14279E-1 1.95185E-1 1.72489E-1
-9999 -9999 -9999 -9999 -9999 -9999 -9999 -9999 -9999 -9999 1.09846E-1 1.29666E-2 2.57929E-3 7.01803E-4 4.60267E-3 1.3983E-2 9.44296E-2 1.41961E-1 1.81794E-1 2.69374E-1 2.92147E-1 1.77404E-1 1.42036E-1 1.73611E-1 9.77419E-2 4.71378E-2 1.9788E-2 1.62474E-2 5.40996E-2 2.38941E-2 6.24137E-2 1.37692E-1 1.97691E-1 2.23483E-1 3.25551E-1 2.10707E-1 3.41495E-1 4.25139E-1 3.50889E-1 3.803E-1 5.76567E-1 6.79945E-1 7.36237E-1 6.95972E-1 8.01042E-1 7.20312E-1 7.18613E-1 7.01079E-1 7.13214E-1 7.30856E-1 5.19408E-1 3.9973E-1 4.0704E-1 4.93729E-1 5.12865E-1 4.98867E-1 2.82394E-1 2.2543E-1 2.10081E-1 2.20856E-1 2.18835E-1
-9999 -9999 -9999 -9999 -9999 -9999 -9999 -9999 -9999 -9999 3.33234E-2 3.28757E-2 2.25097E-3 2.44094E-3 1.55343E-1 4.31548E-3 7.56635E-2 8.85062E-2 1.47901E-1 2.92513E-1 3.92655E-1 2.28785E-1 1.90017E-1 1.47619E-1 1.36876E-1 7.90469E-2 5.51609E-2 2.13936E-2 2.89996E-2 7.50442E-2 6.02761E-2 4.71739E-2 1.73215E-1 3.03344E-1 2.9253E-1 2.89967E-1 2.97213E-1 3.11685E-1 3.82472E-1 4.65136E-1 6.09217E-1 7.86825E-1 7.97175E-1 8.7201E-1 8.44769E-1 7.06615E-1 6.21111E-1 6.70404E-1 5.22133E-1 7.29536E-1 7.13174E-1 5.05547E-1 4.18205E-1 5.65294E-1 4.48489E-1 4.10721E-1 3.2198E-1 3.39662E-1 2.86116E-1 2.40736E-1 2.36056E-1
-9999 -9999 -9999 -9999 -9999 -9999 -9999 -9999 1.12193E-1 4.47259E-2 1.76652E-2 1.75405E-2 5.10099E-3 1.99739E-3 3.74891E-3 6.9813E-2 8.5231E-2 1.00283E-1 1.33722E-1 1.8354E-1 1.86555E-1 3.21091E-1 3.54411E-1 1.97028E-1 1.47451E-1 7.87635E-2 3.33924E-2 1.32863E-2 1.10708E-2 1.99499E-2 1.98903E-2 4.29089E-2 1.15358E-1 1.35503E-1 1.79196E-1 1.5634E-1 2.30063E-1 3.94794E-1 3.34889E-1 5.48682E-1 6.80142E-1 7.98281E-1 7.36537E-1 7.42081E-1 7.71079E-1 6.30234E-1 6.46783E-1 6.81634E-1 6.46086E-1 5.53819E-1 6.60518E-1 6.03827E-1 5.17087E-1 4.75454E-1 4.4756E-1 4.06884E-1 4.49079E-1 4.65104E-1 4.27829E-1 3.06746E-1 3.00752E-1
-9999 -9999 -9999 -9999 -9999 -9999 -9999 -9999 1.71458E-1 1.84559E-2 1.37265E-2 1.18561E-2 1.01128E-2 1.10308E-3 1.00912E-3 7.38804E-3 1.09049E-2 1.30248E-1 9.96799E-2 6.01896E-2 8.49576E-2 1.36235E-1 3.77335E-1 1.28761E-1 1.29866E-1 8.54546E-2 5.33068E-2 2.4846E-2 1.29313E-2 1.20152E-2 3.17231E-2 2.16929E-2 9.22276E-2 1.45014E-1 2.73925E-1 1.39209E-1 3.4874E-1 3.24194E-1 3.30484E-1 2.81187E-1 5.70511E-1 7.5681E-1 7.35559E-1 7.07043E-1 7.09848E-1 6.40559E-1 5.965E-1 6.41565E-1 6.28893E-1 6.98961E-1 6.41731E-1 6.15427E-1 5.78229E-1 4.76311E-1 4.53272E-1 5.33922E-1 5.84352E-1 5.90697E-1 4.91166E-1 5.23713E-1 5.50173E-1
-9999 -9999 -9999 -9999 -9999 -9999 -9999 -9999 5.21757E-2 1.42754E-2 1.27823E-3 8.74461E-4 4.74965E-3 2.16543E-3 7.06441E-4 5.39597E-3 3.62331E-3 7.30155E-2 8.93717E-2 1.03397E-1 7.36178E-2 7.86643E-2 2.53836E-1 1.58759E-1 1.6263E-1 1.8889E-1 8.77324E-2 4.99517E-2 1.71114E-2 1.08436E-2 2.33635E-2 3.01868E-2 5.72784E-2 1.99269E-1 4.10705E-1 4.04968E-1 3.33347E-1 4.02209E-1 3.05286E-1 6.15566E-1 7.45729E-1 8.02465E-1 7.81816E-1 7.81527E-1 7.80669E-1 6.63953E-1 6.17864E-1 5.74336E-1 7.0052E-1 7.05793E-1 7.47997E-1 6.63798E-1 6.00455E-1 5.1292E-1 6.07976E-1 4.27778E-1 6.34922E-1 6.14185E-1 4.94814E-1 6.45769E-1 6.59245E-1
-9999 -9999 -9999 -9999 -9999 -9999 -9999 -9999 -9999 1.07072E-1 1.91252E-3 3.9711E-4 6.96246E-4 6.46038E-3 1.09498E-3 1.40646E-3 7.55537E-3 6.97508E-2 5.27145E-1 1.87357E-1 3.17037E-2 4.5182E-2 9.79662E-2 2.2234E-1 1.32833E-1 1.25958E-1 1.10694E-1 6.33021E-2 2.77758E-2 1.24683E-2 6.98772E-3 7.29422E-3 2.35726E-2 5.59303E-2 1.65691E-1 2.11503E-1 3.21529E-1 2.79983E-1 4.01968E-1 7.77912E-1 7.62815E-1 8.57751E-1 8.52168E-1 8.04442E-1 7.43891E-1 6.45876E-1 6.7615E-1 6.99028E-1 5.28357E-1 5.93389E-1 5.7491E-1 6.29529E-1 5.4116E-1 7.64396E-1 7.2953E-1 5.34362E-1 6.14214E-1 6.76988E-1 5.69303E-1 6.4444E-1 5.48628E-1
-9999 -9999 -9999 -9999 -9999 -9999 -9999 -9999 -9999 4.27969E-2 1.52623E-2 3.48037E-4 3.40094E-4 3.13445E-3 1.10557E-2 3.84239E-3 3.04766E-3 3.04866E-3 4.39979E-2 5.36362E-2 3.13567E-2 2.31401E-2 8.67723E-2 1.93824E-1 1.5439E-1 1.32622E-1 1.45462E-1 7.9275E-2 2.03281E-2 7.18443E-3 9.54241E-3 2.51575E-3 4.32171E-2 3.85407E-2 1.40364E-1 2.4235E-1 4.27997E-1 3.7594E-1 3.52689E-1 6.96573E-1 8.19555E-1 7.98297E-1 7.44477E-1 7.41379E-1 7.08586E-1 5.74216E-1 4.94053E-1 6.99126E-1 5.84764E-1 6.25745E-1 6.96254E-1 5.71534E-1 6.65639E-1 6.4578E-1 7.16638E-1 6.5187E-1 5.01556E-1 5.56896E-1 5.56324E-1 5.73844E-1 5.98335E-1
-9999 -9999 -9999 -9999 -9999 -9999 -9999 -9999 -9999 -9999 3.40972E-2 1.37478E-3 1.8124E-4 4.23575E-3 1.0351E-2 2.93422E-3 3.17995E-3 5.14589E-3 2.68956E-2 1.51786E-2 2.00204E-2 1.52308E-2 6.23027E-2 3.12361E-1 2.39072E-1 2.054E-1 1.19951E-1 6.19987E-2 1.75941E-2 9.98178E-3 1.12155E-2 6.96548E-3 5.78921E-3 2.08153E-2 6.31255E-2 1.90024E-1 2.81518E-1 3.35328E-1 4.13279E-1 7.50011E-1 7.93178E-1 7.68911E-1 7.43218E-1 7.34194E-1 5.35907E-1 5.62029E-1 4.70027E-1 6.18565E-1 5.49596E-1 6.13063E-1 7.31754E-1 7.12904E-1 7.21755E-1 7.38348E-1 6.02309E-1 6.70602E-1 7.01341E-1 5.32608E-1 5.5808E-1 6.28773E-1 5.85456E-1
-9999 -9999 -9999 -9999 -9999 -9999 -9999 -9999 -9999 -9999 5.05149E-2 5.20129E-3 5.8326E-4 1.22508E-3 8.92979E-3 7.0596E-3 2.85471E-3 1.34628E-3 4.58103E-3 1.07342E-2 1.77439E-2 3.02869E-2 6.20008E-2 1.1885E-1 2.23656E-1 3.64995E-1 3.45392E-1 1.23424E-1 9.17251E-2 1.90561E-2 7.55271E-3 2.61267E-2 2.18452E-2 4.82214E-2 9.5733E-2 8.26784E-2 1.56874E-1 3.21163E-1 4.03692E-1 7.76232E-1 8.36996E-1 7.57686E-1 7.58838E-1 8.04006E-1 7.27754E-1 5.8874E-1 4.09892E-1 4.59429E-1 5.60945E-1 5.64879E-1 6.87694E-1 7.0041E-1 7.09808E-1 7.11013E-1 7.12397E-1 6.24493E-1 6.59605E-1 6.65256E-1 6.91301E-1 5.34259E-1 5.4758E-1
