Final_Models_Sept202022/M_0.1_F_lqp_Set_1/Bison_max.asc
ncols         97
nrows         127
xllcorner     -2197417.7431653
yllcorner     -584827.01486885
cellsize      30000.0
NODATA_value  -9999
[rows 27 to 53 of 127, columns 0 to 60 of 97]
-9999 -9999 1.89949E-2 4.70625E-3 3.9022E-2 8.97131E-2 1.58573E-1 1.4076E-1 1.90113E-1 1.76561E-1 9.1417E-2 1.47231E-1 7.92453E-2 1.0591E-1 7.09874E-2 9.9551E-2 8.37126E-2 5.35161E-2 2.70097E-2 2.46604E-2 2.30982E-2 1.64577E-2 1.17705E-2 1.06975E-2 1.30676E-2 2.69719E-2 3.31318E-2 2.23851E-2 2.41189E-2 2.39246E-2 2.02044E-2 3.08684E-2 2.14841E-2 3.55947E-2 5.58883E-2 5.53252E-2 5.84043E-2 6.14607E-2 2.74224E-2 1.03776E-1 2.83082E-1 1.22955E-1 1.68103E-1 2.9711E-1 1.14899E-1 1.1354E-1 9.51093E-2 5.28237E-2 3.20669E-2 2.41795E-2 1.99702E-2 2.34052E-2 1.24213E-2 1.1157E-2 5.24922E-3 3.57906E-3 3.45254E-3 3.2321E-3 4.68893E-3 7.13598E-3 1.01378E-2
-9999 1.14923E-4 2.2347E-2 9.58949E-3 4.05783E-3 3.10794E-2 1.66476E-1 1.11017E-1 1.05299E-1 1.86281E-1 1.12048E-1 1.27085E-1 1.98011E-1 1.59354E-1 8.76829E-2 1.04469E-1 1.20179E-1 7.11924E-2 4.87029E-2 3.66627E-2 2.94711E-2 2.05446E-2 1.33703E-2 1.48385E-2 1.62312E-2 3.02859E-2 3.11808E-2 3.42968E-2 3.62463E-2 2.87404E-2 2.36709E-2 2.24751E-2 1.79578E-2 3.02616E-2 2.81832E-2 3.64596E-2 4.15775E-2 1.23163E-1 1.24197E-1 1.08141E-1 1.51732E-1 8.13334E-2 1.47504E-1 1.47497E-1 1.46254E-1 6.72548E-2 7.46536E-2 3.3405E-2 2.72681E-2 1.71207E-2 2.05889E-2 2.87582E-2 1.00137E-2 7.58426E-3 5.4316E-3 4.27168E-3 3.64177E-3 3.51842E-3 3.72183E-3 4.57735E-3 4.92088E-3
-9999 7.90174E-7 1.49729E-5 5.15701E-3 4.31802E-3 2.73901E-2 5.4746E-2 1.29056E-1 1.28568E-1 1.64337E-1 8.66577E-2 1.3975E-1 2.03214E-1 1.6364E-1 1.33797E-1 5.30792E-2 1.11996E-1 9.47982E-2 6.93064E-2 3.91747E-2 3.06761E-2 1.81239E-2 1.9135E-2 1.84713E-2 2.93979E-2 2.41079E-2 3.37911E-2 3.49834E-2 2.473E-2 2.64078E-2 2.3955E-2 2.69823E-2 3.85462E-2 2.97894E-2 2.84285E-2 2.95733E-2 2.91824E-2 6.99375E-2 5.72201E-2 1.13931E-1 1.28201E-1 1.21816E-1 1.4388E-1 1.11237E-1 5.78633E-2 7.48721E-2 4.73608E-2 3.02111E-2 1.77527E-2 1.88137E-2 1.94434E-2 1.61582E-2 9.79533E-3 6.51622E-3 4.97095E-3 4.07289E-3 3.5472E-3 2.95858E-3 2.84573E-3 4.43295E-3 4.32758E-3
2.04269E-3 1.14412E-6 1.57085E-9 5.74707E-6 2.54458E-5 1.23528E-2 4.98656E-2 1.75518E-1 1.02846E-1 1.38672E-1 1.02395E-1 1.37972E-1 2.33664E-1 2.27189E-1 1.26726E-1 8.68084E-2 1.58697E-1 8.7281E-2 7.43268E-2 5.34758E-2 2.99029E-2 1.98489E-2 3.06472E-2 3.38858E-2 2.51611E-2 2.90249E-2 2.83877E-2 3.76488E-2 2.42764E-2 2.26759E-2 1.96833E-2 1.97173E-2 3.6114E-2 2.18795E-2 3.09463E-2 3.736E-2 3.43585E-2 4.48151E-2 8.66816E-2 1.12535E-1 1.18154E-1 9.92156E-2 7.98416E-2 1.15912E-1 7.0259E-2 6.10415E-2 5.03556E-2 3.34086E-2 1.84896E-2 1.07037E-2 8.57218E-3 1.02112E-2 9.31772E-3 7.53576E-3 5.88693E-3 4.46723E-3 3.17246E-3 2.99828E-3 2.97545E-3 4.12717E-3 3.84632E-3
2.89748E-2 8.86981E-4 3.36083E-7 1.29495E-10 4.69548E-6 2.67529E-2 5.50664E-2 2.56001E-1 1.31583E-1 1.75512E-1 1.58362E-1 2.25444E-1 2.14268E-1 2.72294E-1 1.63328E-1 1.36988E-1 7.83668E-2 1.48702E-1 6.73581E-2 3.04349E-2 2.3778E-2 2.40757E-2 3.20277E-2 2.83329E-2 2.64334E-2 2.45349E-2 2.69038E-2 3.2358E-2 2.89928E-2 2.55342E-2 2.58007E-2 2.92094E-2 2.82234E-2 1.80256E-2 5.06746E-2 4.3082E-2 6.08702E-2 6.84524E-2 7.72177E-2 6.31905E-2 9.36888E-2 9.12267E-2 8.52768E-2 6.62993E-2 6.01795E-2 4.96399E-2 4.56832E-2 3.76403E-2 2.6271E-2 1.21899E-2 9.2589E-3 9.92775E-3 7.59501E-3 7.49134E-3 6.38464E-3 4.72318E-3 3.55462E-3 3.50589E-3 3.29709E-3 3.82564E-3 4.15839E-3
1.94736E-2 1.97284E-2 7.97349E-4 1.32473E-6 8.10052E-7 2.22725E-2 8.93586E-2 1.55078E-1 2.14315E-1 2.20237E-1 2.1826E-1 2.04089E-1 1.9409E-1 2.00031E-1 1.75503E-1 9.40201E-2 6.35904E-2 1.08721E-1 1.02478E-1 5.63705E-2 3.57617E-2 2.88538E-2 2.7852E-2 2.79884E-2 4.17911E-2 3.15187E-2 2.95212E-2 6.79457E-2 3.81172E-2 3.35529E-2 2.10964E-2 2.24391E-2 1.74047E-2 1.87366E-2 4.63168E-2 5.89529E-2 6.10605E-2 4.54136E-2 4.72618E-2 4.17176E-2 4.79982E-2 8.53924E-2 8.41703E-2 9.50614E-2 7.95784E-2 4.52955E-2 3.93388E-2 4.08251E-2 3.0573E-2 1.60226E-2 1.10735E-2 9.99637E-3 7.51515E-3 7.9961E-3 6.62575E-3 4.6721E-3 4.04647E-3 3.75737E-3 4.30409E-3 3.94407E-3 4.60801E-3
-9999 1.03211E-2 3.78424E-2 2.35444E-2 6.63635E-6 4.34969E-2 6.35759E-2 1.21466E-1 1.63815E-1 1.39511E-1 2.26521E-1 2.41585E-1 2.00019E-1 1.70179E-1 5.54982E-2 7.09621E-2 3.23545E-2 2.94146E-2 9.95096E-2 7.72192E-2 4.83135E-2 5.17527E-2 3.7252E-2 3.20021E-2 4.2357E-2 5.42306E-2 4.89711E-2 5.82697E-2 5.36777E-2 3.40167E-2 3.05736E-2 3.11455E-2 2.21195E-2 3.05931E-2 6.47648E-2 4.58075E-2 6.04681E-2 6.36697E-2 5.31603E-2 7.23467E-2 6.84852E-2 5.89752E-2 8.21419E-2 7.58122E-2 6.73578E-2 5.23552E-2 4.46609E-2 6.60515E-2 5.11236E-2 2.99978E-2 1.83768E-2 1.47334E-2 1.16617E-2 9.49717E-3 6.9288E-3 5.54089E-3 7.53654E-3 4.28691E-3 4.33567E-3 4.00615E-3 5.0646E-3
-9999 -9999 1.0432E-2 9.05737E-3 4.24086E-4 6.47965E-2 2.42099E-2 6.1382E-2 1.04863E-1 1.41144E-1 1.11391E-1 3.18393E-1 1.38589E-1 1.26058E-1 5.16401E-2 5.89987E-2 4.02778E-2 2.80892E-2 3.02037E-2 7.41247E-2 7.06834E-2 3.65768E-2 4.0705E-2 3.00809E-2 6.00732E-2 4.45246E-2 7.18807E-2 8.65843E-2 4.91892E-2 4.19965E-2 3.33794E-2 3.28307E-2 3.32856E-2 5.15029E-2 5.97781E-2 3.90587E-2 3.74729E-2 4.6666E-2 2.77828E-2 4.33615E-2 9.43566E-2 8.31257E-2 1.0974E-1 7.16676E-2 9.38213E-2 6.79692E-2 6.58639E-2 6.14103E-2 7.0932E-2 6.42743E-2 3.16793E-2 1.92769E-2 1.30269E-2 9.22607E-3 7.51097E-3 5.56393E-3 9.3162E-3 4.77338E-3 5.01872E-3 5.28266E-3 5.10559E-3
-9999 -9999 1.05365E-2 3.47509E-2 6.59263E-3 2.44838E-2 1.23187E-2 4.33947E-2 6.88621E-2 1.33701E-1 1.29388E-1 2.28051E-1 1.45035E-1 1.24728E-1 5.42097E-2 1.02871E-1 5.90165E-2 5.45776E-2 3.17766E-2 4.07465E-2 5.59182E-2 6.97454E-2 4.6593E-2 2.75991E-2 5.56309E-2 4.56798E-2 6.53198E-2 6.39156E-2 6.9303E-2 3.42728E-2 3.49974E-2 3.32E-2 3.14559E-2 4.93457E-2 4.6439E-2 4.34119E-2 1.64446E-2 2.95226E-2 2.9455E-2 3.0733E-2 4.54343E-2 1.0136E-1 5.49973E-2 8.62919E-2 9.07957E-2 8.44376E-2 7.22669E-2 7.24879E-2 5.65981E-2 9.67196E-2 4.48401E-2 4.40794E-2 1.71533E-2 1.11575E-2 8.8216E-3 6.68254E-3 5.9587E-3 5.99616E-3 6.44771E-3 6.35563E-3 4.7612E-3
-9999 -9999 1.85934E-2 8.47829E-2 8.06325E-3 1.16396E-2 8.37586E-3 7.00222E-2 9.68747E-2 8.66179E-2 1.17591E-1 1.24467E-1 1.96879E-1 1.22116E-1 5.57798E-2 7.49661E-2 8.2027E-2 6.93057E-2 7.49081E-2 5.66397E-2 5.83039E-2 7.50535E-2 4.54764E-2 5.23518E-2 3.8889E-2 3.44649E-2 7.40673E-2 5.99257E-2 5.98429E-2 4.74919E-2 3.95215E-2 2.64637E-2 3.39693E-2 4.99926E-2 5.27418E-2 5.26803E-2 1.97049E-2 2.11657E-2 2.5055E-2 2.79661E-2 3.43003E-2 5.29154E-2 5.28173E-2 4.67038E-2 9.2776E-2 9.63995E-2 8.273E-2 9.54037E-2 7.46912E-2 7.9477E-2 4.4974E-2 3.01551E-2 1.86326E-2 1.23797E-2 1.15766E-2 8.72676E-3 7.12721E-3 7.43185E-3 9.76641E-3 7.8119E-3 6.06321E-3
-9999 -9999 -9999 4.51498E-2 7.93736E-3 4.29543E-2 1.9702E-2 4.2062E-2 4.60843E-2 2.98165E-2 3.86235E-2 1.33661E-1 1.91408E-1 1.23687E-1 6.75579E-2 7.1844E-2 7.16678E-2 6.70381E-2 7.62907E-2 8.46098E-2 5.52943E-2 3.95987E-2 3.74052E-2 6.33871E-2 8.17718E-2 4.75086E-2 7.06356E-2 7.83799E-2 5.18905E-2 3.5138E-2 2.84351E-2 3.17055E-2 4.64419E-2 4.6781E-2 4.76204E-2 4.80389E-2 3.25878E-2 2.17583E-2 3.78575E-2 4.31674E-2 4.27269E-2 4.79018E-2 6.36585E-2 7.12958E-2 1.01848E-1 8.58885E-2 9.09754E-2 9.72751E-2 5.9699E-2 5.32684E-2 4.23297E-2 3.27996E-2 2.52352E-2 1.7392E-2 1.48453E-2 1.22908E-2 1.11574E-2 9.46519E-3 7.55119E-3 7.69445E-3 7.08873E-3
-9999 -9999 -9999 1.28806E-2 1.02437E-2 1.32784E-1 6.2408E-2 7.37079E-2 8.9541E-2 7.13313E-2 2.90888E-2 1.03523E-1 1.17343E-1 1.08168E-1 1.14261E-1 7.31889E-2 5.10702E-2 6.94453E-2 5.5237E-2 6.90873E-2 3.90519E-2 3.31454E-2 3.0207E-2 5.76935E-2 6.18653E-2 6.67294E-2 6.87261E-2 6.00055E-2 4.7562E-2 3.46394E-2 3.05453E-2 4.22467E-2 5.64385E-2 4.81845E-2 4.90262E-2 4.93206E-2 2.87166E-2 3.65734E-2 6.15483E-2 2.77864E-2 3.74754E-2 5.31039E-2 4.50806E-2 4.76859E-2 8.74695E-2 9.75182E-2 9.13653E-2 9.97717E-2 9.36338E-2 8.49408E-2 4.16136E-2 8.16609E-2 3.57315E-2 2.89433E-2 1.80953E-2 1.30724E-2 1.16033E-2 9.45124E-3 1.02453E-2 8.47758E-3 7.8283E-3
-9999 -9999 -9999 4.75655E-3 2.60399E-1 2.4971E-1 9.15176E-2 6.67425E-2 5.69817E-2 8.54952E-2 3.44516E-2 6.36126E-2 1.07698E-1 9.7075E-2 8.58341E-2 7.82404E-2 3.52366E-2 6.80438E-2 6.08891E-2 7.02329E-2 4.47745E-2 3.34604E-2 4.68871E-2 5.53073E-2 6.90309E-2 6.46648E-2 6.17943E-2 5.41284E-2 4.59735E-2 3.6113E-2 3.3705E-2 4.4857E-2 5.8945E-2 4.49749E-2 5.4646E-2 6.28685E-2 7.09297E-2 6.66922E-2 5.08564E-2 2.73625E-2 2.87771E-2 4.98245E-2 6.34685E-2 8.90385E-2 9.98572E-2 1.06693E-1 8.62543E-2 1.14146E-1 9.08507E-2 8.06712E-2 5.93147E-2 4.8499E-2 8.32725E-2 5.44814E-2 3.3091E-2 3.16966E-2 4.01817E-2 2.23996E-2 1.63016E-2 1.18449E-2 9.31369E-3
-9999 -9999 -9999 -9999 4.11967E-2 1.72428E-1 2.8872E-2 2.22563E-2 8.23601E-2 3.74959E-2 4.88618E-3 3.3704E-2 1.31744E-1 7.02174E-2 9.18115E-2 9.17681E-2 7.54397E-2 7.28714E-2 8.76057E-2 8.29709E-2 5.9282E-2 5.06076E-2 5.47241E-2 4.96166E-2 5.59905E-2 5.54729E-2 5.92261E-2 4.89645E-2 4.24966E-2 4.94924E-2 5.62123E-2 6.30252E-2 4.49454E-2 5.50906E-2 5.17718E-2 6.30066E-2 7.26296E-2 5.80892E-2 3.47257E-2 3.93515E-2 4.73521E-2 5.63141E-2 7.19983E-2 1.1136E-1 1.12374E-1 9.60743E-2 9.78054E-2 1.09252E-1 1.38499E-1 1.00708E-1 5.65981E-2 9.47584E-2 1.37934E-1 7.28363E-2 5.47917E-2 8.03605E-2 3.7958E-2 5.28507E-2 5.10828E-2 1.35367E-2 9.54057E-3
-9999 -9999 -9999 -9999 1.03401E-1 5.54072E-2 2.27406E-2 4.28489E-2 2.74924E-2 1.48429E-3 7.80823E-4 2.02778E-2 1.2579E-1 8.27965E-2 1.02306E-1 6.59606E-2 7.34039E-2 8.67441E-2 8.56268E-2 7.69386E-2 8.32169E-2 9.97923E-2 6.50338E-2 5.74543E-2 5.20407E-2 4.89968E-2 5.95635E-2 4.84102E-2 4.88138E-2 4.06746E-2 4.85339E-2 7.38845E-2 6.03031E-2 6.71287E-2 6.26341E-2 6.97155E-2 6.7032E-2 8.66949E-2 7.30491E-2 1.00188E-1 9.30924E-2 1.13438E-1 9.119E-2 1.21603E-1 9.68611E-2 1.23186E-1 1.35746E-1 1.04835E-1 1.2724E-1 1.53342E-1 1.21711E-1 1.25368E-1 1.57587E-1 6.38504E-2 6.57297E-2 8.97568E-2 7.38122E-2 6.41254E-2 4.46808E-2 1.92538E-2 1.30726E-2
-9999 -9999 -9999 -9999 5.52474E-3 1.65104E-2 1.22725E-2 4.24976E-2 1.79094E-2 1.51908E-3 3.47045E-3 8.10312E-3 5.6431E-2 6.67522E-2 7.79496E-2 7.33231E-2 1.0027E-1 1.04822E-1 5.50806E-2 7.69532E-2 7.86456E-2 6.5416E-2 8.28932E-2 8.03887E-2 7.31254E-2 6.84019E-2 5.64899E-2 5.47974E-2 4.80473E-2 3.83868E-2 5.68479E-2 7.04871E-2 7.16523E-2 6.83805E-2 6.844E-2 7.25861E-2 7.30683E-2 8.86295E-2 1.2424E-1 1.39559E-1 1.08987E-1 1.11572E-1 1.33941E-1 1.21341E-1 1.06587E-1 1.18381E-1 1.61586E-1 2.01158E-1 -9999 1.46018E-1 1.11537E-1 1.14424E-1 7.50667E-2 7.63424E-2 1.49914E-1 8.42081E-2 6.69619E-2 5.25874E-2 9.00848E-2 2.28825E-2 1.454E-2
-9999 -9999 -9999 -9999 6.81252E-3 1.07841E-2 5.23836E-3 5.19512E-4 3.02302E-1 4.86697E-1 8.44269E-3 6.9602E-3 2.7236E-2 5.27132E-2 5.64145E-2 8.95411E-2 1.04239E-1 5.07649E-2 4.76887E-2 7.94664E-2 7.92496E-2 7.65262E-2 8.35839E-2 9.90863E-2 7.05605E-2 5.7614E-2 4.23964E-2 7.74684E-2 4.50978E-2 5.41956E-2 7.10652E-2 7.24263E-2 6.70105E-2 6.41799E-2 6.1287E-2 7.4639E-2 7.70205E-2 8.02783E-2 8.45569E-2 9.67758E-2 1.40277E-1 1.18117E-1 1.22233E-1 1.1937E-1 1.27245E-1 1.2505E-1 -9999 -9999 -9999 -9999 1.51682E-1 9.72613E-2 7.83751E-2 1.19446E-1 1.01718E-1 8.43246E-2 3.55831E-2 2.68115E-2 1.75445E-2 2.08168E-2 1.81639E-2
-9999 -9999 -9999 -9999 3.17918E-3 1.14363E-2 4.90913E-3 1.55758E-3 2.02512E-4 6.49798E-1 1.05655E-2 2.23331E-2 2.74603E-2 5.29441E-2 4.83784E-2 6.39142E-2 7.0401E-2 4.77803E-2 5.23365E-2 6.7245E-2 6.66809E-2 8.0013E-2 9.85021E-2 8.95326E-2 5.2517E-2 3.75402E-2 4.8846E-2 5.98469E-2 6.35917E-2 7.64433E-2 7.74287E-2 7.48915E-2 7.0127E-2 8.05897E-2 5.48703E-2 6.6329E-2 8.13483E-2 7.73006E-2 8.15313E-2 8.70498E-2 1.18036E-1 1.1024E-1 9.70457E-2 8.33201E-2 1.48831E-1 -9999 -9999 -9999 -9999 2.94476E-1 1.30455E-1 1.09242E-1 9.12426E-2 1.03377E-1 9.90334E-2 7.54677E-2 7.09538E-2 4.62366E-2 4.55191E-2 6.41754E-2 2.49245E-2
-9999 -9999 -9999 -9999 1.39812E-2 1.91583E-2 9.15301E-3 1.03547E-3 2.22127E-2 2.14211E-1 1.53959E-2 1.70751E-2 1.7885E-2 6.57943E-2 6.45738E-2 6.40194E-2 7.0226E-2 7.49101E-2 3.7609E-2 4.50197E-2 6.15329E-2 9.54974E-2 7.28421E-2 5.99699E-2 6.45565E-2 5.07836E-2 5.2518E-2 7.40945E-2 8.68741E-2 7.99774E-2 7.6599E-2 7.65762E-2 7.39483E-2 7.51849E-2 7.48036E-2 6.22052E-2 7.01371E-2 7.17644E-2 9.51492E-2 9.37095E-2 1.01434E-1 1.05655E-1 1.35102E-1 1.36857E-1 1.87803E-1 -9999 -9999 -9999 2.94931E-1 2.17933E-1 1.70104E-1 1.10477E-1 1.02283E-1 8.33992E-2 8.83626E-2 5.71644E-2 6.68281E-2 2.86091E-2 2.85155E-2 4.84036E-2 1.9349E-2
-9999 -9999 -9999 4.01471E-2 5.66954E-1 2.51053E-1 1.55012E-3 3.67938E-3 2.56837E-3 1.37099E-2 1.07067E-2 8.95655E-3 2.19639E-2 4.22412E-2 6.6251E-2 5.22007E-2 8.75096E-2 7.4976E-2 7.05503E-2 3.26082E-2 4.62928E-2 6.22078E-2 5.38034E-2 3.69976E-2 4.99553E-2 6.38432E-2 7.32833E-2 6.91617E-2 6.14942E-2 6.84479E-2 1.00093E-1 8.83882E-2 7.83936E-2 7.96953E-2 7.46673E-2 7.55827E-2 7.28017E-2 8.60964E-2 8.59821E-2 1.00083E-1 9.59849E-2 9.31005E-2 1.04539E-1 1.44739E-1 2.78399E-1 2.20973E-1 2.11213E-1 2.2705E-1 2.18031E-1 1.58339E-1 1.58347E-1 1.37186E-1 1.16892E-1 1.07647E-1 9.17173E-2 5.41747E-2 6.85309E-2 3.39968E-2 2.93356E-2 3.41512E-2 2.38814E-2
-9999 -9999 -9999 -9999 5.96017E-2 5.19539E-1 8.12097E-3 -9999 2.96988E-3 1.29535E-2 8.89849E-3 2.98195E-3 3.76969E-2 5.36909E-2 5.9202E-2 7.65755E-2 9.37638E-2 7.43216E-2 5.56622E-2 5.48667E-2 3.88722E-2 5.85916E-2 3.56793E-2 5.85083E-2 8.77408E-2 8.20166E-2 8.87942E-2 6.76046E-2 6.1116E-2 6.90073E-2 7.36078E-2 8.64908E-2 8.28684E-2 8.64062E-2 8.05815E-2 7.29222E-2 7.55106E-2 6.57757E-2 7.20888E-2 1.08838E-1 1.42336E-1 1.12332E-1 9.40524E-2 1.17929E-1 1.4785E-1 1.66087E-1 1.6807E-1 1.70749E-1 1.81278E-1 1.47025E-1 1.48856E-1 1.01526E-1 1.21826E-1 1.15682E-1 1.04207E-1 4.90055E-2 6.58238E-2 4.02115E-2 4.55772E-2 3.62997E-2 2.03434E-2
-9999 -9999 -9999 -9999 3.56859E-2 9.73867E-3 6.72599E-3 7.96073E-3 6.31919E-3 1.03758E-1 1.88414E-2 1.88919E-3 3.40486E-2 3.57802E-2 5.67794E-2 1.10845E-1 6.52988E-2 7.86059E-2 5.55201E-2 4.69622E-2 3.81728E-2 4.05981E-2 5.55855E-2 8.54866E-2 6.44998E-2 1.00197E-1 7.13169E-2 6.59766E-2 7.48885E-2 7.99611E-2 8.74591E-2 1.09089E-1 9.10081E-2 9.61763E-2 9.90068E-2 9.41162E-2 8.20057E-2 5.57203E-2 8.25505E-2 9.26455E-2 1.00568E-1 1.0866E-1 8.35683E-2 1.05097E-1 1.01102E-1 1.37799E-1 1.43905E-1 1.33311E-1 1.44075E-1 1.3733E-1 1.2657E-1 1.07952E-1 1.18866E-1 1.23303E-1 1.33166E-1 9.35323E-2 7.05199E-2 7.1132E-2 3.04857E-2 4.16073E-2 4.46878E-2
-9999 -9999 -9999 -9999 3.46611E-1 1.26685E-2 1.34631E-2 4.47288E-3 1.22985E-2 9.48364E-2 6.37305E-3 1.88849E-3 1.35865E-2 6.12586E-2 5.06309E-2 7.23269E-2 7.21449E-2 1.08037E-1 7.77008E-2 5.47468E-2 4.71163E-2 4.64642E-2 3.05508E-2 4.82183E-2 1.20694E-1 8.49865E-2 6.04465E-2 6.6997E-2 8.17016E-2 9.04487E-2 9.69241E-2 9.87952E-2 1.23823E-1 1.10299E-1 1.20882E-1 1.03677E-1 1.00317E-1 9.16087E-2 1.06072E-1 1.11771E-1 1.12511E-1 1.13814E-1 1.01323E-1 1.027E-1 1.12834E-1 1.20267E-1 1.04549E-1 1.26674E-1 1.3183E-1 1.3078E-1 1.14771E-1 1.05595E-1 1.1179E-1 1.11084E-1 1.12661E-1 7.55974E-2 7.50511E-2 6.77122E-2 4.73519E-2 4.45348E-2 3.20533E-2
-9999 -9999 -9999 -9999 -9999 1.78521E-2 1.41382E-2 1.82363E-2 6.75803E-3 1.28682E-2 3.33157E-3 1.30067E-2 1.97916E-2 1.74358E-2 2.95096E-2 6.28302E-2 9.50494E-2 8.94502E-2 1.02231E-1 7.34339E-2 6.33962E-2 6.88082E-2 4.36409E-2 6.06332E-2 7.11974E-2 1.35752E-1 7.97051E-2 7.36608E-2 7.80846E-2 1.1441E-1 1.19838E-1 1.29916E-1 1.21641E-1 1.15175E-1 1.10338E-1 1.21812E-1 1.02229E-1 9.8167E-2 1.10468E-1 1.0881E-1 1.19779E-1 1.17046E-1 1.10204E-1 1.30581E-1 1.34929E-1 1.17838E-1 1.00612E-1 1.22486E-1 1.26617E-1 1.43807E-1 1.24109E-1 1.21331E-1 1.16587E-1 1.03402E-1 1.09741E-1 7.45669E-2 8.10767E-2 8.09941E-2 7.26196E-2 2.43332E-2 3.51086E-2
-9999 -9999 -9999 -9999 -9999 6.35003E-2 4.28781E-3 2.5498E-2 2.08714E-2 3.19426E-2 5.06531E-3 6.28715E-4 2.80123E-3 8.98868E-3 3.38491E-2 5.08605E-2 8.69574E-2 8.40875E-2 1.10821E-1 9.50805E-2 8.89216E-2 4.57748E-2 7.30577E-2 5.92589E-2 8.67576E-2 1.44344E-1 1.00781E-1 8.30538E-2 9.07531E-2 9.25019E-2 1.05487E-1 1.20912E-1 1.28105E-1 1.15433E-1 1.11413E-1 1.23649E-1 1.30734E-1 1.34134E-1 1.27226E-1 1.27295E-1 1.14352E-1 1.16658E-1 1.20857E-1 1.31334E-1 1.05279E-1 1.2813E-1 1.31952E-1 1.09091E-1 9.91244E-2 1.20291E-1 1.23122E-1 1.15812E-1 8.80175E-2 8.47594E-2 1.13952E-1 7.2173E-2 7.44699E-2 8.63235E-2 5.94506E-2 5.37234E-2 4.20468E-2
-9999 -9999 -9999 -9999 -9999 1.24244E-1 2.15556E-2 4.0788E-3 1.82351E-2 1.48931E-3 5.53788E-3 5.36851E-4 1.23526E-3 2.20981E-3 3.47589E-2 4.45684E-2 5.99337E-2 5.70769E-2 7.09575E-2 1.26947E-1 6.49937E-2 6.81706E-2 6.57338E-2 6.1297E-2 6.87559E-2 1.16893E-1 5.81198E-2 9.94308E-2 9.47679E-2 9.6135E-2 1.10077E-1 1.24399E-1 1.34199E-1 1.28371E-1 1.41998E-1 1.4512E-1 1.4518E-1 1.63892E-1 1.45952E-1 1.44841E-1 1.36465E-1 1.25824E-1 1.27899E-1 1.04083E-1 1.32717E-1 1.21158E-1 1.34512E-1 1.18083E-1 1.17195E-1 1.27805E-1 1.26077E-1 1.08185E-1 8.84358E-2 6.96252E-2 1.06689E-1 1.06221E-1 1.09544E-1 9.37707E-2 7.2199E-2 6.80446E-2 5.66597E-2
-9999 -9999 -9999 -9999 -9999 2.52851E-2 3.68497E-3 8.37851E-3 2.8791E-2 2.39192E-3 2.49853E-3 1.60242E-3 4.86739E-3 1.00619E-2 2.45866E-2 2.9985E-2 3.68136E-2 3.69934E-2 5.50697E-2 8.68009E-2 1.08786E-1 1.2179E-1 1.11878E-1 7.04162E-2 4.53329E-2 1.6852E-1 8.69208E-2 1.16618E-1 1.05507E-1 1.19272E-1 1.32514E-1 1.32694E-1 1.29782E-1 1.34779E-1 1.40326E-1 1.50217E-1 1.69585E-1 1.46803E-1 1.43175E-1 1.60813E-1 2.24452E-1 1.66153E-1 1.24623E-1 8.23125E-2 1.73184E-1 1.52502E-1 1.45296E-1 1.32013E-1 1.19057E-1 1.41832E-1 1.10695E-1 1.22539E-1 1.34683E-1 9.89619E-2 8.80638E-2 -9999 1.04015E-1 7.96086E-2 6.67428E-2 7.70051E-2 6.14536E-2
