Final_Models_Sept202022/M_0.1_F_lqp_Set_1/Bison_8.asc
ncols         97
nrows         127
xllcorner     -2197417.7431653
yllcorner     -584827.01486885
cellsize      30000.0
NODATA_value  -9999
[rows 81 to 107 of 127, columns 0 to 60 of 97]
-9999 -9999 -9999 -9999 -9999 -9999 -9999 -9999 -9999 -9999 -9999 4.5996E-2 3.72875E-3 8.82247E-4 9.79111E-3 6.94499E-3 3.821E-3 4.46105E-4 1.06534E-3 9.05408E-3 1.95556E-3 1.09158E-2 6.2791E-3 3.41293E-2 1.51339E-1 2.76665E-1 1.08637E-1 8.5676E-2 1.25735E-1 1.52563E-2 8.40358E-3 1.84846E-3 4.33197E-3 2.22834E-2 3.66345E-2 6.56501E-2 6.41826E-2 4.19615E-1 6.68295E-1 7.81606E-1 8.7484E-1 7.1223E-1 7.05019E-1 7.98687E-1 7.18407E-1 5.01713E-1 4.23402E-1 3.96189E-1 4.44045E-1 5.15011E-1 5.69768E-1 6.93902E-1 7.17685E-1 6.94862E-1 6.90308E-1 4.96977E-1 6.23591E-1 6.26047E-1 5.93932E-1 5.5339E-1 5.46784E-1
-9999 -9999 -9999 -9999 -9999 -9999 -9999 -9999 -9999 -9999 -9999 -9999 4.05123E-2 1.79209E-3 2.7228E-3 7.18294E-3 6.44132E-3 2.48969E-2 4.75573E-3 3.01783E-3 2.12403E-3 1.33188E-3 1.35634E-3 1.21829E-2 2.11669E-1 2.7413E-1 6.37451E-2 8.48165E-2 1.89772E-1 2.37873E-2 5.72203E-3 4.6587E-3 2.71531E-3 1.07298E-2 5.31624E-2 1.16005E-1 9.0305E-2 1.16743E-1 3.84401E-1 7.19658E-1 8.54436E-1 7.12364E-1 7.15237E-1 7.43967E-1 6.8265E-1 4.94268E-1 3.84948E-1 4.6925E-1 5.19165E-1 6.64186E-1 6.72804E-1 7.02721E-1 7.36913E-1 6.96267E-1 6.48959E-1 6.55475E-1 6.30526E-1 5.54204E-1 5.50498E-1 4.75734E-1 6.04173E-1
-9999 -9999 -9999 -9999 -9999 -9999 -9999 -9999 -9999 -9999 -9999 -9999 -9999 1.40403E-2 2.52698E-4 1.28915E-3 1.03606E-3 1.84643E-2 4.47064E-1 2.90266E-2 3.49455E-3 4.14209E-3 4.7295E-4 6.73596E-3 5.78394E-2 4.61176E-2 3.33832E-2 1.24157E-1 3.64417E-2 2.17223E-2 6.78969E-3 4.86966E-3 9.77323E-4 5.77099E-3 2.16046E-2 2.57569E-1 8.50454E-2 9.13899E-2 1.73001E-1 6.91096E-1 7.85131E-1 7.59343E-1 7.22848E-1 6.83482E-1 6.31566E-1 4.57845E-1 4.65933E-1 4.93212E-1 5.36243E-1 6.31336E-1 6.61712E-1 6.69306E-1 7.44599E-1 7.25244E-1 6.82312E-1 6.50229E-1 6.92891E-1 6.55051E-1 5.29179E-1 5.31746E-1 5.45433E-1
-9999 -9999 -9999 -9999 -9999 -9999 -9999 -9999 -9999 -9999 -9999 -9999 -9999 1.99307E-2 1.49863E-3 1.59383E-3 3.3617E-3 -9999 2.09698E-2 1.17707E-1 2.62253E-1 3.68963E-2 1.13951E-3 4.46622E-3 9.54721E-2 5.48291E-2 8.55181E-2 8.21785E-2 3.67245E-2 1.62299E-2 1.41168E-2 3.35355E-3 2.42724E-3 6.45392E-3 1.70155E-2 8.59677E-2 6.01003E-2 7.91472E-2 1.26559E-1 5.33862E-1 6.6747E-1 6.829E-1 7.05836E-1 5.5169E-1 6.03718E-1 7.01144E-1 6.30832E-1 6.54859E-1 5.16904E-1 5.92756E-1 6.44025E-1 6.22163E-1 6.50178E-1 6.1248E-1 6.32241E-1 4.35595E-1 6.38892E-1 6.98743E-1 5.55951E-1 5.93617E-1 6.74392E-1
-9999 -9999 -9999 -9999 -9999 -9999 -9999 -9999 -9999 -9999 -9999 -9999 -9999 1.89339E-2 4.04122E-3 1.26303E-3 3.10117E-3 -9999 5.16362E-2 3.26661E-1 8.15028E-2 2.3741E-3 1.77207E-4 4.91373E-3 2.90368E-2 4.0245E-2 1.28553E-1 3.98083E-2 2.84685E-2 1.22958E-2 4.98206E-3 1.88246E-3 6.05129E-3 1.15877E-2 1.41405E-2 7.21987E-2 7.28468E-2 9.81984E-2 2.38256E-1 2.94562E-1 5.28189E-1 6.29469E-1 7.03478E-1 6.25025E-1 5.5551E-1 6.96882E-1 5.33808E-1 4.73788E-1 5.1736E-1 6.79628E-1 6.47869E-1 5.05118E-1 6.23509E-1 7.29949E-1 6.54293E-1 5.83174E-1 7.14207E-1 5.43159E-1 5.60431E-1 5.61116E-1 5.34823E-1
-9999 -9999 -9999 -9999 -9999 -9999 -9999 -9999 -9999 -9999 -9999 -9999 -9999 9.54054E-3 9.20839E-3 1.50614E-3 9.73878E-4 -9999 2.5317E-3 8.40683E-2 1.89599E-2 7.38332E-4 5.82981E-4 1.58695E-3 2.512E-2 7.88715E-2 2.04371E-1 4.7047E-2 2.32025E-2 8.7533E-3 1.93765E-2 1.07747E-2 1.08839E-2 7.33194E-3 1.4296E-2 2.03284E-1 2.61846E-2 9.56769E-2 1.26847E-1 3.74767E-1 4.72214E-1 5.91982E-1 6.40394E-1 6.52169E-1 6.5057E-1 5.97927E-1 4.82918E-1 5.31788E-1 5.7756E-1 6.8843E-1 6.14188E-1 3.95972E-1 5.33089E-1 7.11481E-1 6.79755E-1 6.72214E-1 6.72516E-1 4.12605E-1 4.94021E-1 5.6828E-1 6.66124E-1
-9999 -9999 -9999 -9999 -9999 -9999 -9999 -9999 -9999 -9999 -9999 -9999 -9999 1.93048E-2 2.51785E-3 4.38187E-4 1.15706E-2 -9999 1.0416E-2 1.40599E-1 1.47193E-2 7.92789E-4 1.55639E-3 8.34319E-3 3.2206E-2 1.19368E-1 4.71952E-1 1.79363E-1 1.06413E-1 1.54609E-2 4.02878E-2 6.50808E-3 1.40915E-3 1.56249E-2 4.38042E-2 1.07693E-1 9.77996E-2 6.40003E-2 5.95702E-1 5.595E-1 4.02226E-1 5.8004E-1 7.40978E-1 6.4961E-1 6.32357E-1 6.23751E-1 6.77916E-1 7.21437E-1 6.34766E-1 5.24887E-1 4.58916E-1 3.60011E-1 5.3289E-1 6.42059E-1 7.30574E-1 7.16399E-1 6.15183E-1 4.95957E-1 4.44317E-1 4.79617E-1 6.0398E-1
-9999 -9999 -9999 -9999 -9999 -9999 -9999 -9999 -9999 -9999 -9999 -9999 -9999 1.25725E-2 4.64033E-3 3.54556E-4 5.16233E-4 2.72639E-3 2.60291E-3 1.54271E-1 5.8734E-3 2.03834E-4 1.44781E-3 1.83692E-2 1.68608E-1 3.31265E-1 2.96901E-1 1.12397E-1 4.0256E-2 5.4437E-2 3.90972E-2 8.67325E-3 5.13828E-3 1.06093E-1 2.17024E-2 2.15263E-2 9.61995E-2 1.76824E-2 5.96603E-2 5.29673E-1 4.63096E-1 6.43729E-1 6.29641E-1 6.26715E-1 6.43855E-1 6.37055E-1 5.96335E-1 4.96145E-1 6.58042E-1 6.55648E-1 5.46918E-1 5.1203E-1 7.21335E-1 7.14935E-1 7.15106E-1 7.07467E-1 6.69525E-1 6.42408E-1 6.62571E-1 4.61976E-1 5.3502E-1
-9999 -9999 -9999 -9999 -9999 -9999 -9999 -9999 -9999 -9999 -9999 -9999 -9999 1.84622E-2 8.82431E-3 4.90369E-4 1.6751E-3 1.19452E-3 1.21706E-3 5.05847E-2 1.03078E-2 6.24058E-4 1.08992E-3 2.69687E-2 3.5643E-1 3.18513E-1 1.05657E-1 5.19746E-2 3.14571E-2 2.21467E-1 2.32426E-2 1.62561E-2 1.68685E-2 1.60298E-1 1.3242E-2 2.02679E-2 1.20915E-1 1.07626E-2 1.7743E-2 3.44746E-2 4.48198E-1 5.99399E-1 5.63625E-1 6.58907E-1 6.35599E-1 6.20933E-1 6.69248E-1 4.7349E-1 3.70222E-1 4.80161E-1 5.33156E-1 4.46462E-1 6.80589E-1 7.15036E-1 7.28052E-1 7.00578E-1 6.48178E-1 6.81694E-1 6.53821E-1 6.86743E-1 5.36494E-1
-9999 -9999 -9999 -9999 -9999 -9999 -9999 -9999 -9999 -9999 -9999 -9999 -9999 1.52004E-2 1.64452E-2 8.49305E-3 9.90309E-4 7.6717E-4 7.30902E-4 1.93845E-1 1.38793E-3 1.02755E-3 1.13647E-2 2.1733E-1 5.24925E-1 2.63796E-1 2.5156E-1 3.94786E-2 6.48222E-2 1.38395E-1 5.12688E-2 2.5908E-2 6.06341E-2 3.05576E-2 1.27162E-2 1.58949E-2 3.87124E-2 1.49949E-2 6.00032E-2 1.53332E-2 2.91179E-1 3.26827E-1 6.55E-1 5.40837E-1 6.31004E-1 6.74374E-1 4.72396E-1 4.8969E-1 4.45733E-1 6.46335E-1 5.94627E-1 4.9455E-1 6.76339E-1 6.03622E-1 6.05955E-1 6.18778E-1 6.23211E-1 6.40991E-1 6.73029E-1 6.6036E-1 6.07441E-1
-9999 -9999 -9999 -9999 -9999 -9999 -9999 -9999 -9999 -9999 -9999 -9999 -9999 9.16535E-3 1.23568E-2 6.92598E-3 1.59646E-3 6.56873E-4 2.7746E-2 8.14441E-2 2.90792E-3 1.14471E-3 6.57274E-2 4.74011E-1 3.42447E-1 2.26223E-1 4.22351E-1 2.73906E-1 9.17145E-2 8.25536E-2 9.97852E-2 5.93098E-2 8.22957E-2 2.92904E-2 3.87058E-3 5.15937E-2 6.70671E-2 9.68722E-2 2.06469E-1 1.98202E-2 7.80527E-2 3.08997E-1 6.06285E-1 6.67309E-1 4.38196E-1 4.39571E-1 5.43905E-1 5.36547E-1 6.14237E-1 4.99707E-1 4.1088E-1 4.3097E-1 5.55496E-1 5.8682E-1 5.72799E-1 4.09579E-1 4.1963E-1 4.66186E-1 5.8534E-1 5.70284E-1 4.88475E-1
-9999 -9999 -9999 -9999 -9999 -9999 -9999 -9999 -9999 -9999 -9999 -9999 -9999 1.1816E-2 5.75303E-3 9.85585E-3 7.09016E-3 1.0405E-2 5.07556E-2 2.99026E-3 9.52573E-3 3.78525E-2 7.50799E-2 1.57088E-1 1.8957E-1 1.8106E-1 3.07788E-1 3.38388E-1 4.2597E-1 2.65414E-1 1.56106E-1 1.14835E-1 2.4902E-2 6.67392E-3 4.66563E-3 3.04791E-2 1.63176E-1 2.98952E-1 6.20457E-1 1.98206E-2 5.99731E-2 4.818E-1 5.20624E-1 6.38059E-1 5.20917E-1 5.56316E-1 5.8876E-1 5.64477E-1 5.52809E-1 5.33359E-1 4.34035E-1 4.67073E-1 5.67404E-1 5.70721E-1 5.61804E-1 4.81291E-1 3.99872E-1 5.68913E-1 5.14281E-1 5.83033E-1 5.54885E-1
-9999 -9999 -9999 -9999 -9999 -9999 -9999 -9999 -9999 -9999 -9999 -9999 1.02919E-2 1.43292E-2 1.42852E-2 1.65679E-2 2.79004E-2 2.19028E-2 9.01708E-3 3.76217E-4 6.16634E-3 2.32144E-1 2.16788E-1 2.27162E-1 6.15818E-2 1.53635E-1 2.35717E-1 2.91808E-1 3.64155E-1 1.77459E-1 2.83737E-1 7.67257E-2 1.56632E-2 7.24994E-3 1.2407E-2 1.30226E-2 1.05323E-1 3.35402E-1 1.16652E-1 2.34946E-2 1.25844E-2 3.58223E-1 5.45284E-1 6.02873E-1 5.69137E-1 6.02169E-1 5.66518E-1 5.20619E-1 4.75644E-1 6.5044E-1 4.76486E-1 4.71466E-1 5.03616E-1 5.04637E-1 5.25362E-1 5.08971E-1 4.34686E-1 6.52664E-1 5.11009E-1 4.84536E-1 5.93812E-1
-9999 -9999 -9999 -9999 -9999 -9999 -9999 -9999 -9999 -9999 -9999 -9999 2.7428E-2 1.9422E-2 9.06203E-3 1.17743E-2 2.58E-2 1.36852E-2 2.00404E-3 1.6239E-3 3.75921E-2 1.45042E-1 4.7771E-2 1.48396E-1 1.28855E-1 1.21299E-1 9.72659E-2 1.96849E-1 2.82927E-1 2.89244E-1 2.77418E-1 1.38526E-1 2.23404E-2 2.5712E-2 4.31748E-3 1.6646E-2 2.72236E-1 5.49732E-1 1.92165E-1 1.09152E-2 1.68858E-2 3.30198E-1 4.17595E-1 4.93865E-1 4.90192E-1 5.35643E-1 4.43963E-1 4.96733E-1 5.31092E-1 5.79808E-1 4.49261E-1 4.24824E-1 3.98036E-1 4.76801E-1 4.68515E-1 4.55244E-1 4.71109E-1 5.08898E-1 5.13924E-1 4.36125E-1 4.73315E-1
-9999 -9999 -9999 -9999 -9999 -9999 -9999 -9999 -9999 -9999 -9999 -9999 2.25218E-2 1.10294E-2 5.34686E-3 1.32492E-2 1.7223E-2 1.0116E-2 2.08942E-3 1.41873E-2 7.44135E-2 6.62304E-2 6.47915E-2 2.23171E-2 4.09031E-2 8.08706E-2 2.25781E-1 1.60907E-1 2.37727E-1 2.34047E-1 3.44125E-1 4.77576E-2 1.83976E-2 5.89088E-3 4.65277E-3 1.03432E-2 1.46385E-1 5.36161E-1 1.96863E-1 2.48355E-2 2.25507E-2 4.44174E-1 4.17758E-1 5.17306E-1 4.46799E-1 4.66807E-1 4.414E-1 4.22157E-1 5.30117E-1 7.18812E-1 7.04759E-1 6.87474E-1 4.82969E-1 3.83705E-1 4.65552E-1 5.74504E-1 6.15834E-1 6.91465E-1 4.90909E-1 4.78078E-1 5.87089E-1
-9999 -9999 -9999 -9999 -9999 -9999 -9999 -9999 -9999 -9999 -9999 -9999 5.08015E-2 5.72128E-3 1.75714E-2 1.76339E-2 1.26775E-1 2.04948E-3 8.47482E-3 1.12293E-2 2.77868E-2 4.26645E-2 5.21115E-2 7.13408E-2 3.26857E-2 5.3918E-2 1.05505E-1 1.42471E-1 2.54894E-1 3.3728E-1 3.44981E-1 1.0987E-1 2.36691E-2 8.04326E-3 4.08519E-3 4.62552E-3 5.49711E-2 2.84921E-1 4.10301E-2 8.75976E-2 3.25474E-2 3.33841E-1 4.34753E-1 5.02615E-1 5.06279E-1 5.22724E-1 5.47647E-1 3.92286E-1 4.61098E-1 6.39159E-1 6.70501E-1 6.87055E-1 6.5081E-1 4.6767E-1 7.081E-1 6.24238E-1 7.58406E-1 5.6323E-1 4.07871E-1 4.73566E-1 4.46073E-1
-9999 -9999 -9999 -9999 -9999 -9999 -9999 -9999 -9999 -9999 -9999 1.51937E-2 1.05007E-2 2.1643E-2 6.75052E-3 1.39938E-3 6.32971E-2 4.95531E-3 1.55153E-2 1.60479E-1 7.43926E-2 4.40512E-2 8.01176E-2 6.30269E-2 1.14268E-2 5.52995E-2 1.36895E-1 3.05423E-1 2.81128E-1 3.6929E-1 4.16432E-1 3.93192E-1 2.44465E-2 3.99587E-2 6.05192E-3 1.09448E-2 3.70699E-2 5.40547E-1 3.21461E-1 2.0568E-1 4.30085E-1 1.83509E-1 6.18482E-1 5.86664E-1 5.46678E-1 6.41885E-1 4.9528E-1 2.97917E-1 4.26507E-1 5.22216E-1 4.7475E-1 3.98172E-1 6.04916E-1 7.13662E-1 5.14663E-1 4.62467E-1 4.13284E-1 4.43509E-1 4.74729E-1 5.23066E-1 4.25282E-1
-9999 -9999 -9999 -9999 -9999 -9999 -9999 -9999 -9999 -9999 -9999 1.1444E-2 1.26865E-2 3.35123E-2 1.97811E-2 2.13582E-2 4.26162E-2 8.915E-3 5.63984E-2 1.19339E-1 1.06926E-1 2.53962E-2 2.50293E-2 2.84271E-2 7.92153E-2 1.40835E-1 1.55313E-1 1.75307E-2 1.20098E-2 4.86065E-1 4.81474E-1 5.8724E-1 2.72475E-1 2.41658E-2 1.65858E-2 9.47758E-3 1.95793E-2 6.52299E-1 5.67709E-2 5.44333E-1 4.58895E-1 3.13108E-1 7.3223E-1 5.27301E-1 5.737E-1 2.05011E-1 1.28971E-1 4.68618E-1 4.13653E-1 6.50496E-1 5.04236E-1 3.74011E-1 5.46136E-1 6.05091E-1 3.7344E-1 4.04183E-1 3.69228E-1 3.83282E-1 4.56011E-1 4.80867E-1 4.88686E-1
-9999 -9999 -9999 -9999 -9999 -9999 -9999 -9999 -9999 -9999 1.8515E-3 2.47225E-3 1.12045E-2 2.00031E-2 1.15967E-1 1.22097E-2 3.67388E-3 1.07326E-2 4.58136E-2 3.77984E-2 4.26027E-2 6.76187E-2 8.3883E-2 6.04251E-2 1.10992E-1 2.44609E-1 9.63212E-2 2.08735E-2 6.27382E-2 1.42395E-1 1.73317E-1 6.65313E-1 4.0884E-1 1.18862E-2 2.64711E-2 1.53716E-2 9.22877E-2 6.38331E-1 1.40403E-1 3.75481E-1 7.22199E-1 4.32638E-1 6.39078E-1 7.11253E-1 5.10447E-1 6.23803E-1 3.19589E-1 5.2857E-1 5.34585E-1 4.11596E-1 5.43418E-1 3.25331E-1 3.31727E-1 3.60908E-1 3.76868E-1 3.78421E-1 3.84716E-1 4.48742E-1 4.05404E-1 3.82262E-1 4.22087E-1
-9999 -9999 -9999 -9999 -9999 -9999 -9999 -9999 -9999 -9999 1.27262E-3 8.75894E-4 1.91068E-2 3.45229E-2 4.29066E-2 4.64765E-3 3.28738E-3 1.72408E-2 1.60192E-2 2.71831E-2 2.18441E-2 6.47693E-2 7.79876E-2 1.04533E-1 1.26451E-1 1.25779E-1 1.65287E-1 1.86876E-1 3.02725E-1 3.39318E-1 9.19568E-2 1.97884E-1 4.45189E-2 4.1054E-2 2.41068E-2 1.06564E-2 1.5031E-1 3.66295E-1 1.88098E-1 5.21885E-1 7.58221E-1 1.53319E-1 3.65301E-1 6.44329E-1 5.87097E-1 4.56362E-1 4.77644E-1 3.39423E-1 3.13157E-1 3.90311E-1 3.07072E-1 3.83252E-1 3.4759E-1 3.55936E-1 4.30569E-1 5.07208E-1 4.24859E-1 4.28104E-1 4.48202E-1 4.56223E-1 4.60347E-1
-9999 -9999 -9999 -9999 -9999 -9999 -9999 -9999 -9999 -9999 8.8295E-4 5.19062E-4 2.5788E-2 2.38508E-2 9.41929E-3 7.05712E-3 5.44469E-3 1.24207E-2 3.47283E-2 2.64164E-2 1.55093E-2 2.65854E-2 2.89663E-2 3.87771E-2 1.00983E-1 7.06485E-2 2.81391E-1 5.42793E-2 2.45551E-1 2.20932E-1 3.24712E-2 3.01615E-2 1.80726E-2 4.69532E-2 4.16308E-2 3.65582E-2 1.30826E-1 1.98269E-1 3.73463E-1 3.28511E-1 6.63383E-1 4.96571E-1 6.40729E-1 6.05765E-1 6.28453E-1 6.15163E-1 2.6165E-1 3.33828E-1 3.45477E-1 3.69805E-1 4.92182E-1 5.7067E-1 5.37329E-1 3.92282E-1 4.3754E-1 3.54122E-1 3.42773E-1 3.74804E-1 5.49349E-1 4.45665E-1 3.64919E-1
-9999 -9999 -9999 -9999 -9999 -9999 -9999 -9999 -9999 9.22266E-4 7.46338E-4 6.45977E-4 1.02856E-2 7.22559E-3 1.51751E-3 2.96995E-3 1.11381E-2 2.8782E-2 4.30495E-2 1.43638E-2 2.50251E-2 3.22745E-2 3.84277E-2 5.54337E-2 3.39976E-2 2.39519E-2 4.1755E-1 9.44365E-2 4.38723E-2 2.57616E-2 2.86545E-2 9.9471E-2 1.02103E-1 9.99335E-2 1.01097E-1 9.50905E-2 1.15239E-1 1.70794E-1 6.12633E-1 2.2568E-1 7.05351E-1 6.26003E-1 7.24906E-1 4.81542E-1 6.51963E-1 5.27056E-1 5.41581E-1 4.73952E-1 4.30717E-1 3.31926E-1 3.42111E-1 4.14186E-1 4.05621E-1 5.3609E-1 6.155E-1 5.81381E-1 4.95914E-1 4.76078E-1 4.02438E-1 4.57344E-1 4.44306E-1
-9999 -9999 -9999 -9999 -9999 -9999 -9999 -9999 -9999 8.28177E-4 4.16028E-4 6.6559E-4 3.97996E-3 1.56405E-3 1.08256E-3 2.58596E-3 1.21752E-2 1.73095E-2 3.52666E-2 2.97976E-2 8.10562E-2 3.80263E-2 3.18056E-2 5.49722E-2 4.55119E-2 7.70188E-2 2.82339E-1 2.67735E-1 2.24497E-1 1.25431E-1 1.60231E-1 2.19827E-1 4.28563E-2 8.06168E-2 2.48091E-1 3.12919E-1 2.65926E-1 5.66311E-1 5.42388E-1 6.06274E-1 7.2884E-1 7.70799E-1 4.99294E-1 5.36304E-1 6.97255E-1 7.02852E-1 6.13542E-1 4.47124E-1 5.89061E-1 5.74272E-1 5.58326E-1 5.69961E-1 4.30564E-1 5.56636E-1 5.56474E-1 6.4987E-1 5.51654E-1 4.76769E-1 4.99019E-1 3.65173E-1 3.17071E-1
-9999 -9999 -9999 -9999 -9999 -9999 -9999 -9999 4.01238E-4 5.49716E-4 7.62023E-4 8.44591E-3 1.04375E-3 1.17006E-3 2.11916E-3 1.34823E-2 1.54162E-2 2.79846E-2 3.61156E-2 4.10421E-2 7.37384E-2 8.22332E-2 5.2577E-2 6.53039E-2 5.09059E-2 2.20082E-1 1.88605E-1 2.68881E-1 1.7172E-1 3.40382E-1 2.64869E-1 2.08559E-1 4.64081E-2 1.09223E-1 2.01552E-1 1.60409E-1 2.84367E-1 6.38581E-1 5.89083E-1 8.08949E-1 7.74004E-1 7.13791E-1 5.58186E-1 3.70686E-1 1.65517E-1 4.18636E-1 7.04362E-2 3.09721E-1 4.38419E-1 6.03749E-1 4.89216E-1 4.66814E-1 3.47143E-1 4.202E-1 3.95119E-1 6.75835E-1 6.48745E-1 6.5826E-1 4.88264E-1 3.574E-1 3.7019E-1
-9999 -9999 -9999 -9999 -9999 -9999 -9999 1.62794E-3 1.25239E-3 4.1265E-4 2.16601E-3 8.58741E-3 6.10315E-4 1.06961E-3 3.42163E-3 2.78162E-2 3.45674E-2 4.01383E-2 5.67557E-2 6.66286E-2 9.0292E-2 6.79258E-2 6.75524E-2 8.82593E-2 6.78318E-2 1.33785E-1 1.34893E-1 3.40823E-1 3.80072E-1 4.2028E-1 2.12327E-1 1.33829E-1 7.27332E-2 7.78281E-2 1.26026E-1 2.88897E-1 7.39103E-1 7.0496E-1 7.64758E-1 8.1305E-1 7.48663E-1 6.79081E-1 4.26197E-1 2.6564E-1 1.79571E-1 4.57708E-1 3.49953E-1 1.12108E-1 3.94502E-1 6.97108E-1 6.07833E-1 5.78386E-1 7.08415E-1 4.57517E-1 6.39971E-1 6.4894E-1 7.0496E-1 6.80891E-1 6.28946E-1 4.18582E-1 3.71015E-1
-9999 -9999 -9999 -9999 -9999 -9999 -9999 5.84226E-4 3.35368E-4 7.84538E-5 5.47322E-4 8.23152E-4 5.55495E-4 2.36615E-3 1.96149E-2 3.04898E-2 3.67804E-2 1.08014E-1 6.28229E-2 5.57404E-2 7.63295E-2 1.21837E-1 1.71103E-1 1.28981E-1 1.28961E-1 9.01622E-2 1.60265E-1 3.22476E-1 1.25681E-1 3.83538E-1 1.48489E-1 5.73833E-2 8.3481E-2 2.52137E-1 2.57608E-1 6.29701E-1 6.81528E-1 7.6151E-1 8.16897E-1 8.48373E-1 8.24477E-1 6.73113E-1 5.63205E-1 3.89135E-1 3.22525E-1 2.13148E-1 3.54429E-1 2.97108E-1 5.57631E-1 3.99492E-1 4.6386E-1 4.75617E-1 5.13489E-1 6.31677E-1 4.97555E-1 6.92276E-1 5.72123E-1 6.77149E-1 6.35367E-1 4.25152E-1 3.8525E-1
-9999 -9999 -9999 -9999 -9999 -9999 -9999 2.12996E-3 5.60017E-4 1.29548E-4 7.40756E-4 1.3108E-3 2.1105E-3 2.29243E-3 3.44162E-2 3.20663E-2 4.60613E-2 9.97898E-2 5.80046E-2 5.43247E-2 7.13051E-2 8.65758E-2 2.58562E-1 1.60071E-1 9.19599E-2 7.67909E-2 7.32514E-2 2.58788E-1 6.79491E-2 1.86488E-1 2.62127E-1 9.05444E-2 3.41419E-1 3.91309E-1 3.85921E-1 6.04568E-1 7.66317E-1 7.44714E-1 8.19054E-1 7.48222E-1 6.69868E-1 5.88059E-1 4.70153E-1 1.94104E-1 1.30286E-1 1.88463E-1 2.51734E-1 1.14234E-1 4.57764E-1 6.56365E-1 6.06744E-1 5.97165E-1 6.61471E-1 4.25383E-1 6.15565E-1 5.96438E-1 4.54445E-1 6.36484E-1 5.33114E-1 3.85513E-1 4.79999E-1
