Final_Models_Sept202022/M_0.1_F_lqp_Set_1/Bison_7.asc
ncols         97
nrows         127
xllcorner     -2197417.7431653
yllcorner     -584827.01486885
cellsize      30000.0
NODATA_value  -9999
[rows 81 to 107 of 127, columns 0 to 60 of 97]
-9999 -9999 -9999 -9999 -9999 -9999 -9999 -9999 -9999 -9999 -9999 1.01638E-2 1.27882E-3 6.04317E-4 5.49104E-3 4.36991E-3 2.79151E-3 2.33921E-4 5.29326E-4 4.01548E-3 1.28526E-3 9.14426E-3 7.43787E-3 4.45136E-2 1.51008E-1 3.1048E-1 1.12519E-1 9.46348E-2 1.04144E-1 1.76226E-2 8.03194E-3 2.02255E-3 4.14397E-3 2.08811E-2 3.98965E-2 7.21969E-2 6.73668E-2 4.55443E-1 6.7073E-1 7.89026E-1 8.714E-1 6.92118E-1 6.87908E-1 7.81755E-1 7.28376E-1 5.02795E-1 4.23192E-1 3.936E-1 4.4606E-1 5.2078E-1 5.74843E-1 6.78671E-1 6.88809E-1 6.75203E-1 6.52904E-1 4.87886E-1 5.93691E-1 6.23059E-1 5.69917E-1 5.11336E-1 4.99022E-1
-9999 -9999 -9999 -9999 -9999 -9999 -9999 -9999 -9999 -9999 -9999 -9999 9.15505E-3 7.85428E-4 2.0278E-3 4.79693E-3 3.83772E-3 1.13521E-2 2.03231E-3 8.02412E-4 9.67239E-4 8.42203E-4 1.27308E-3 1.32882E-2 2.25759E-1 2.88091E-1 5.92393E-2 8.85989E-2 1.40205E-1 2.75919E-2 6.42382E-3 4.7843E-3 2.58675E-3 1.02913E-2 5.2886E-2 1.422E-1 9.92278E-2 1.35327E-1 3.99661E-1 6.72969E-1 8.22926E-1 6.82893E-1 7.03923E-1 7.32369E-1 6.89778E-1 4.99854E-1 3.78244E-1 4.72457E-1 5.26971E-1 6.68275E-1 6.7569E-1 6.92906E-1 6.97919E-1 6.91975E-1 6.35827E-1 6.03555E-1 6.0231E-1 5.45287E-1 5.22337E-1 4.58611E-1 5.53568E-1
-9999 -9999 -9999 -9999 -9999 -9999 -9999 -9999 -9999 -9999 -9999 -9999 -9999 4.73576E-3 1.66022E-4 9.92468E-4 4.26465E-4 7.96113E-3 1.89875E-1 1.20741E-2 1.42908E-3 2.79032E-3 4.07685E-4 5.68012E-3 5.75679E-2 4.26281E-2 3.66985E-2 1.00976E-1 2.84948E-2 2.20971E-2 8.55086E-3 6.1081E-3 8.82355E-4 6.39426E-3 2.10941E-2 2.56768E-1 1.0474E-1 9.73404E-2 1.92084E-1 6.90264E-1 7.68435E-1 7.35469E-1 7.17614E-1 6.82995E-1 6.32066E-1 4.58951E-1 4.66598E-1 4.98292E-1 5.48431E-1 6.42557E-1 6.64403E-1 6.61855E-1 7.08985E-1 6.98403E-1 6.65369E-1 6.18321E-1 6.77801E-1 6.27139E-1 4.99753E-1 5.04766E-1 5.22024E-1
-9999 -9999 -9999 -9999 -9999 -9999 -9999 -9999 -9999 -9999 -9999 -9999 -9999 5.59588E-3 7.73973E-4 1.29108E-3 2.20378E-3 -9999 8.21813E-3 5.17384E-2 1.41078E-1 1.99384E-2 8.27491E-4 4.21446E-3 1.08626E-1 5.05004E-2 8.2617E-2 7.63258E-2 3.71644E-2 1.40739E-2 1.6598E-2 3.52585E-3 2.54628E-3 6.33456E-3 1.75248E-2 1.06393E-1 7.72717E-2 8.95703E-2 1.35174E-1 5.34317E-1 6.61279E-1 6.6287E-1 6.83895E-1 5.56017E-1 6.1151E-1 6.93076E-1 6.46277E-1 6.72428E-1 5.24519E-1 6.04605E-1 6.47988E-1 6.22974E-1 6.53577E-1 6.14312E-1 6.29533E-1 4.33696E-1 6.302E-1 6.87524E-1 5.66469E-1 5.517E-1 6.29481E-1
-9999 -9999 -9999 -9999 -9999 -9999 -9999 -9999 -9999 -9999 -9999 -9999 -9999 6.20592E-3 1.90617E-3 8.42037E-4 2.02769E-3 -9999 3.35381E-2 2.0668E-1 3.91215E-2 1.31143E-3 1.52547E-4 5.2612E-3 2.88487E-2 4.31352E-2 1.25607E-1 4.39814E-2 3.0391E-2 1.62672E-2 5.53974E-3 2.3213E-3 5.8074E-3 1.19237E-2 1.5529E-2 8.57449E-2 8.47463E-2 1.08504E-1 2.42892E-1 3.03031E-1 5.33672E-1 6.13971E-1 6.88705E-1 6.1693E-1 5.61072E-1 6.96883E-1 5.35447E-1 4.76186E-1 5.23371E-1 6.826E-1 6.32038E-1 5.06587E-1 6.21575E-1 7.0954E-1 6.61177E-1 5.87401E-1 7.17299E-1 5.37342E-1 5.36556E-1 5.38255E-1 5.13736E-1
-9999 -9999 -9999 -9999 -9999 -9999 -9999 -9999 -9999 -9999 -9999 -9999 -9999 3.99105E-3 4.21411E-3 9.4834E-4 4.79312E-4 -9999 1.53718E-3 4.13712E-2 7.30453E-3 2.75464E-4 4.83618E-4 1.67597E-3 2.45389E-2 9.42306E-2 2.28916E-1 5.82216E-2 3.04708E-2 1.07729E-2 2.15164E-2 1.06954E-2 9.03515E-3 8.02101E-3 1.89183E-2 1.96415E-1 3.02106E-2 1.07774E-1 1.37458E-1 4.02339E-1 4.67872E-1 5.66194E-1 6.13449E-1 6.34781E-1 6.35744E-1 6.04567E-1 4.85668E-1 5.40484E-1 5.89959E-1 6.90356E-1 6.17328E-1 3.84801E-1 5.34943E-1 6.98645E-1 6.6534E-1 6.71967E-1 6.6936E-1 4.01974E-1 4.85186E-1 5.27948E-1 6.20829E-1
-9999 -9999 -9999 -9999 -9999 -9999 -9999 -9999 -9999 -9999 -9999 -9999 -9999 6.70669E-3 1.41251E-3 3.14023E-4 8.40118E-3 -9999 5.88159E-3 6.12487E-2 7.27698E-3 5.08572E-4 9.27194E-4 8.05711E-3 3.99168E-2 1.46613E-1 4.62663E-1 2.12743E-1 1.12057E-1 2.17153E-2 4.06955E-2 7.93354E-3 1.20543E-3 1.88808E-2 4.87642E-2 1.15715E-1 1.0701E-1 5.87868E-2 5.76218E-1 5.42255E-1 3.8136E-1 5.73261E-1 7.10437E-1 6.23665E-1 6.25599E-1 6.27629E-1 6.80401E-1 7.24314E-1 6.46479E-1 5.24217E-1 4.55498E-1 3.45256E-1 5.3721E-1 6.48287E-1 7.30303E-1 7.06184E-1 6.13895E-1 4.9272E-1 4.36536E-1 4.75442E-1 5.5285E-1
-9999 -9999 -9999 -9999 -9999 -9999 -9999 -9999 -9999 -9999 -9999 -9999 -9999 4.44313E-3 1.95145E-3 1.5811E-4 3.90588E-4 1.77586E-3 1.24944E-3 5.92141E-2 3.02115E-3 1.29718E-4 1.11603E-3 1.94662E-2 1.95963E-1 3.41381E-1 3.12119E-1 1.27759E-1 5.02992E-2 5.98516E-2 4.01066E-2 9.58784E-3 5.1974E-3 1.07565E-1 2.46133E-2 2.6463E-2 1.01712E-1 1.7832E-2 6.19254E-2 4.80784E-1 4.32576E-1 6.27948E-1 6.19218E-1 5.90096E-1 6.39601E-1 6.16403E-1 6.05177E-1 5.03787E-1 6.85517E-1 6.85792E-1 5.74996E-1 5.33625E-1 7.26043E-1 7.14457E-1 7.17288E-1 6.8552E-1 6.54267E-1 6.16092E-1 6.49109E-1 4.56355E-1 5.22974E-1
-9999 -9999 -9999 -9999 -9999 -9999 -9999 -9999 -9999 -9999 -9999 -9999 -9999 5.90749E-3 3.24341E-3 1.97925E-4 1.17078E-3 5.55936E-4 4.15167E-4 2.04013E-2 4.23212E-3 3.9533E-4 1.14417E-3 3.38473E-2 3.77218E-1 2.85368E-1 1.24696E-1 6.86731E-2 4.26987E-2 1.92249E-1 2.67407E-2 1.80767E-2 1.48318E-2 1.48213E-1 1.55515E-2 2.26712E-2 1.32026E-1 9.37222E-3 1.52025E-2 2.79658E-2 4.05359E-1 5.8691E-1 5.66511E-1 6.67662E-1 6.16575E-1 6.07732E-1 6.77459E-1 4.78965E-1 3.61081E-1 4.8527E-1 5.40879E-1 4.47855E-1 6.82896E-1 7.15316E-1 7.34215E-1 6.94029E-1 6.41634E-1 6.57942E-1 6.16666E-1 6.65372E-1 5.36336E-1
-9999 -9999 -9999 -9999 -9999 -9999 -9999 -9999 -9999 -9999 -9999 -9999 -9999 5.06786E-3 5.87775E-3 4.33895E-3 4.77579E-4 3.1415E-4 1.9662E-4 8.14403E-2 6.75102E-4 7.9548E-4 1.45655E-2 2.41951E-1 5.59235E-1 2.51965E-1 2.26801E-1 5.56515E-2 8.00553E-2 1.3774E-1 5.68219E-2 2.90319E-2 5.66324E-2 2.6409E-2 1.5597E-2 2.01397E-2 4.42904E-2 1.41697E-2 5.99538E-2 1.01026E-2 2.46142E-1 2.95238E-1 6.71369E-1 5.53138E-1 6.48825E-1 6.93016E-1 4.73219E-1 4.8829E-1 4.39938E-1 6.44454E-1 6.04093E-1 4.96044E-1 6.75288E-1 6.16267E-1 6.17284E-1 6.29815E-1 6.2495E-1 6.44298E-1 6.74893E-1 6.63501E-1 6.00082E-1
-9999 -9999 -9999 -9999 -9999 -9999 -9999 -9999 -9999 -9999 -9999 -9999 -9999 3.40339E-3 5.42019E-3 3.31956E-3 7.23487E-4 2.24165E-4 1.08873E-2 3.66944E-2 1.78595E-3 1.20652E-3 7.10798E-2 4.95698E-1 3.67669E-1 2.19403E-1 4.46651E-1 3.01898E-1 9.79592E-2 7.59189E-2 8.20845E-2 4.84564E-2 6.39366E-2 2.12828E-2 4.08481E-3 5.99482E-2 7.43317E-2 9.72436E-2 1.82696E-1 1.88334E-2 5.96444E-2 2.83599E-1 6.25097E-1 6.93256E-1 4.40857E-1 4.36343E-1 5.58553E-1 5.5449E-1 6.28569E-1 5.00671E-1 4.0235E-1 4.29239E-1 5.67283E-1 5.9977E-1 5.84183E-1 4.02717E-1 4.16762E-1 4.71374E-1 5.95909E-1 5.72615E-1 4.9045E-1
-9999 -9999 -9999 -9999 -9999 -9999 -9999 -9999 -9999 -9999 -9999 -9999 -9999 4.9545E-3 3.08672E-3 6.44082E-3 4.14533E-3 5.7358E-3 2.31921E-2 2.23862E-3 7.46252E-3 4.16056E-2 8.41807E-2 1.64995E-1 1.95156E-1 1.88234E-1 3.40739E-1 3.52229E-1 4.57262E-1 2.42371E-1 1.2035E-1 8.60043E-2 2.16115E-2 7.166E-3 4.89597E-3 3.2692E-2 1.69585E-1 3.01987E-1 5.42139E-1 1.99953E-2 5.42092E-2 4.59212E-1 5.28897E-1 6.65512E-1 5.37625E-1 5.80215E-1 6.15685E-1 5.88111E-1 5.69284E-1 5.48829E-1 4.34526E-1 4.72277E-1 5.8449E-1 5.8758E-1 5.77705E-1 4.86192E-1 3.94437E-1 5.86714E-1 5.25338E-1 5.8275E-1 5.57306E-1
-9999 -9999 -9999 -9999 -9999 -9999 -9999 -9999 -9999 -9999 -9999 -9999 3.79372E-3 5.24422E-3 6.90339E-3 1.16068E-2 1.57679E-2 1.10168E-2 4.44517E-3 3.24044E-4 6.65354E-3 2.46969E-1 2.39945E-1 2.64886E-1 6.56898E-2 1.77414E-1 2.65118E-1 3.31252E-1 3.96534E-1 1.57328E-1 2.21455E-1 5.80389E-2 1.64255E-2 8.30352E-3 1.42324E-2 1.27808E-2 1.22567E-1 3.45165E-1 9.51083E-2 2.16155E-2 1.20132E-2 3.27882E-1 5.52695E-1 6.24157E-1 5.91453E-1 6.20088E-1 5.91404E-1 5.38142E-1 4.85677E-1 6.6443E-1 4.79957E-1 4.78094E-1 5.11465E-1 5.13987E-1 5.30743E-1 5.17134E-1 4.30962E-1 6.73259E-1 5.22388E-1 4.91395E-1 6.03781E-1
-9999 -9999 -9999 -9999 -9999 -9999 -9999 -9999 -9999 -9999 -9999 -9999 9.14422E-3 7.83179E-3 4.87383E-3 6.2551E-3 1.20075E-2 7.16675E-3 1.44486E-3 1.47183E-3 4.32214E-2 1.53795E-1 4.77923E-2 1.77302E-1 1.57381E-1 1.50214E-1 1.02593E-1 2.20298E-1 3.07734E-1 2.97472E-1 2.60057E-1 1.11919E-1 2.11355E-2 2.28562E-2 5.27913E-3 2.1386E-2 3.09337E-1 5.53219E-1 1.55401E-1 1.01188E-2 1.50494E-2 3.04803E-1 4.05647E-1 5.13103E-1 5.10501E-1 5.57791E-1 4.49142E-1 5.08959E-1 5.37629E-1 5.74178E-1 4.23558E-1 4.2244E-1 3.87294E-1 4.84399E-1 4.66318E-1 4.5402E-1 4.7477E-1 5.18253E-1 5.24692E-1 4.37499E-1 4.79324E-1
-9999 -9999 -9999 -9999 -9999 -9999 -9999 -9999 -9999 -9999 -9999 -9999 7.33186E-3 5.26164E-3 3.32702E-3 6.59644E-3 7.54236E-3 4.56298E-3 1.14703E-3 1.48145E-2 8.33502E-2 7.85615E-2 7.35823E-2 2.27132E-2 4.65275E-2 9.90421E-2 2.70373E-1 1.71378E-1 2.74594E-1 2.36357E-1 3.39302E-1 4.25202E-2 1.76587E-2 6.418E-3 5.22088E-3 1.34546E-2 1.75837E-1 5.53522E-1 1.72414E-1 2.38328E-2 2.18073E-2 4.70109E-1 4.11733E-1 5.39012E-1 4.63572E-1 4.76447E-1 4.41002E-1 4.21278E-1 5.39358E-1 7.12503E-1 6.51152E-1 6.98029E-1 4.99025E-1 3.69181E-1 4.55331E-1 5.58057E-1 6.09188E-1 6.98771E-1 4.92899E-1 4.80839E-1 5.91916E-1
-9999 -9999 -9999 -9999 -9999 -9999 -9999 -9999 -9999 -9999 -9999 -9999 1.95437E-2 3.47052E-3 1.30271E-2 1.04495E-2 4.90455E-2 1.2796E-3 8.26202E-3 1.36027E-2 3.25265E-2 4.72777E-2 6.56349E-2 8.12443E-2 4.011E-2 6.17827E-2 1.1714E-1 1.50593E-1 2.80512E-1 3.40225E-1 3.36755E-1 1.04188E-1 2.27074E-2 8.86115E-3 4.05991E-3 4.26334E-3 6.41706E-2 3.09779E-1 3.53485E-2 9.00842E-2 3.5948E-2 3.31163E-1 4.243E-1 5.08868E-1 5.07357E-1 5.2041E-1 5.5439E-1 3.69591E-1 4.50775E-1 6.24146E-1 6.44526E-1 6.21518E-1 6.27252E-1 4.51689E-1 6.96447E-1 6.11348E-1 7.27877E-1 5.52911E-1 4.00994E-1 4.78726E-1 4.47998E-1
-9999 -9999 -9999 -9999 -9999 -9999 -9999 -9999 -9999 -9999 -9999 5.9366E-3 4.74239E-3 1.78959E-2 3.83883E-3 5.0192E-4 2.68493E-2 3.70472E-3 1.72485E-2 2.13053E-1 9.03378E-2 4.99035E-2 1.0259E-1 8.51337E-2 1.07679E-2 6.43436E-2 1.64323E-1 3.30299E-1 3.04124E-1 3.90637E-1 4.07698E-1 3.87087E-1 2.58266E-2 3.18766E-2 5.80549E-3 8.47088E-3 3.9318E-2 5.36257E-1 2.92816E-1 2.25076E-1 4.50617E-1 1.84551E-1 6.74455E-1 6.28547E-1 5.6361E-1 6.92601E-1 4.94073E-1 2.62323E-1 4.14996E-1 5.24684E-1 4.64427E-1 3.72551E-1 5.84924E-1 6.97942E-1 4.97364E-1 4.5453E-1 3.99129E-1 4.35407E-1 4.80048E-1 5.35361E-1 4.23198E-1
-9999 -9999 -9999 -9999 -9999 -9999 -9999 -9999 -9999 -9999 -9999 4.13339E-3 8.71768E-3 2.77434E-2 1.53641E-2 1.06927E-2 1.82794E-2 4.50041E-3 7.04727E-2 1.45185E-1 1.37379E-1 2.80917E-2 2.96565E-2 3.57823E-2 9.67583E-2 1.63327E-1 1.59626E-1 1.88245E-2 1.41588E-2 5.21542E-1 4.78495E-1 5.86593E-1 2.31866E-1 1.80856E-2 1.35752E-2 8.07861E-3 1.7367E-2 6.54147E-1 6.45855E-2 5.66452E-1 4.66117E-1 3.26852E-1 7.38799E-1 5.56278E-1 6.03969E-1 2.05551E-1 1.30987E-1 4.49729E-1 4.09314E-1 6.4592E-1 4.89204E-1 3.57074E-1 5.29012E-1 5.85441E-1 3.59647E-1 3.97652E-1 3.56558E-1 3.71935E-1 4.59856E-1 4.87028E-1 4.95919E-1
-9999 -9999 -9999 -9999 -9999 -9999 -9999 -9999 -9999 -9999 7.15157E-4 1.29718E-3 8.80634E-3 1.47298E-2 7.51037E-2 5.65848E-3 2.74331E-3 1.03261E-2 5.16838E-2 3.80959E-2 4.23497E-2 7.83118E-2 1.02688E-1 6.34732E-2 1.19338E-1 2.61722E-1 9.50665E-2 2.20131E-2 6.39321E-2 1.38648E-1 1.47685E-1 6.59653E-1 3.82705E-1 1.30581E-2 2.18102E-2 1.40289E-2 7.70328E-2 6.58009E-1 1.50749E-1 3.89638E-1 7.44188E-1 4.2099E-1 6.31323E-1 7.1514E-1 5.26092E-1 6.4702E-1 3.19531E-1 5.46596E-1 5.29109E-1 3.54641E-1 5.42913E-1 2.97588E-1 3.14909E-1 3.38613E-1 3.55301E-1 3.62938E-1 3.76801E-1 4.4911E-1 4.00111E-1 3.7173E-1 4.20045E-1
-9999 -9999 -9999 -9999 -9999 -9999 -9999 -9999 -9999 -9999 6.29194E-4 5.78867E-4 1.85983E-2 2.88011E-2 2.13114E-2 2.69114E-3 2.24165E-3 1.82702E-2 1.53035E-2 2.49969E-2 1.93386E-2 6.37224E-2 7.77115E-2 1.04762E-1 1.16923E-1 1.16483E-1 1.77094E-1 1.78134E-1 3.06556E-1 3.12114E-1 7.86792E-2 1.7072E-1 3.70032E-2 2.94211E-2 1.8947E-2 1.21256E-2 1.30165E-1 3.68471E-1 1.80648E-1 4.8939E-1 7.82296E-1 1.42818E-1 3.70885E-1 6.58198E-1 5.75348E-1 4.50574E-1 4.6847E-1 3.12398E-1 2.91616E-1 3.76431E-1 2.83359E-1 3.75636E-1 3.20716E-1 3.39055E-1 4.08831E-1 4.84027E-1 4.11673E-1 4.25818E-1 4.41598E-1 4.50691E-1 4.58081E-1
-9999 -9999 -9999 -9999 -9999 -9999 -9999 -9999 -9999 -9999 4.92495E-4 4.30752E-4 2.5649E-2 1.74684E-2 4.53676E-3 3.71024E-3 3.72619E-3 1.38383E-2 3.78018E-2 2.50936E-2 1.36385E-2 2.29693E-2 2.95053E-2 3.82053E-2 1.00769E-1 7.08853E-2 2.99828E-1 5.25805E-2 2.30776E-1 2.21729E-1 3.62325E-2 3.3626E-2 1.8871E-2 3.70387E-2 3.72755E-2 3.89234E-2 1.37915E-1 1.97753E-1 3.79104E-1 3.41984E-1 6.64405E-1 4.9873E-1 6.58072E-1 6.14633E-1 6.23423E-1 5.81261E-1 2.41093E-1 2.93922E-1 3.19146E-1 3.58501E-1 4.70938E-1 5.57375E-1 5.25361E-1 3.84622E-1 4.21219E-1 3.35652E-1 3.25551E-1 3.56107E-1 5.48649E-1 4.35994E-1 3.49767E-1
-9999 -9999 -9999 -9999 -9999 -9999 -9999 -9999 -9999 4.36581E-4 4.61969E-4 6.37829E-4 7.41534E-3 4.51505E-3 1.03917E-3 1.66369E-3 9.66213E-3 3.37857E-2 5.00227E-2 1.7242E-2 2.45337E-2 2.94447E-2 3.59115E-2 5.18538E-2 3.80231E-2 2.5809E-2 4.70605E-1 9.07705E-2 3.89707E-2 2.9419E-2 3.25482E-2 7.50355E-2 1.01705E-1 1.01291E-1 1.01984E-1 1.12979E-1 1.38941E-1 1.93108E-1 6.45865E-1 2.1132E-1 7.17339E-1 6.57628E-1 7.46507E-1 4.92154E-1 6.50656E-1 4.96772E-1 5.10859E-1 4.43482E-1 3.83376E-1 3.05645E-1 3.26759E-1 4.09185E-1 3.98275E-1 5.3506E-1 6.05129E-1 5.69776E-1 4.9067E-1 4.56859E-1 3.94398E-1 4.43336E-1 4.23446E-1
-9999 -9999 -9999 -9999 -9999 -9999 -9999 -9999 -9999 4.3014E-4 3.94512E-4 6.9171E-4 2.68786E-3 1.18939E-3 8.49855E-4 1.29448E-3 9.9977E-3 1.95777E-2 3.79362E-2 3.31704E-2 7.93437E-2 3.93018E-2 3.48033E-2 5.56572E-2 5.08872E-2 8.36935E-2 2.96439E-1 2.54544E-1 2.04105E-1 1.215E-1 1.60101E-1 1.83351E-1 5.44875E-2 8.71001E-2 2.72092E-1 3.58341E-1 2.84253E-1 5.92251E-1 5.50891E-1 6.25694E-1 7.59738E-1 7.94924E-1 4.97657E-1 5.64933E-1 6.97131E-1 6.99657E-1 6.44835E-1 4.59644E-1 5.38954E-1 5.47358E-1 5.63133E-1 5.69312E-1 4.32305E-1 5.61509E-1 5.32642E-1 6.30877E-1 5.36967E-1 4.59124E-1 4.79848E-1 3.50703E-1 2.96981E-1
-9999 -9999 -9999 -9999 -9999 -9999 -9999 -9999 2.07098E-4 3.38819E-4 7.07176E-4 8.0395E-3 7.86198E-4 9.24127E-4 1.44759E-3 1.12714E-2 1.39612E-2 3.11814E-2 3.7362E-2 4.45653E-2 7.14422E-2 8.02719E-2 6.15031E-2 8.12876E-2 5.75372E-2 2.42056E-1 1.86386E-1 2.6905E-1 1.6199E-1 3.20508E-1 2.48326E-1 1.73201E-1 4.60914E-2 1.24226E-1 2.285E-1 1.99729E-1 3.11333E-1 6.76109E-1 6.18797E-1 8.31083E-1 7.90969E-1 7.25566E-1 5.56646E-1 3.69472E-1 1.7601E-1 4.82951E-1 7.60157E-2 3.11146E-1 3.99708E-1 5.9711E-1 4.84604E-1 4.6874E-1 3.3949E-1 4.23325E-1 3.77776E-1 6.70194E-1 6.5368E-1 6.56786E-1 4.77694E-1 3.44085E-1 3.51162E-1
-9999 -9999 -9999 -9999 -9999 -9999 -9999 6.25413E-4 7.63468E-4 3.04721E-4 2.11965E-3 7.85735E-3 5.35951E-4 9.30347E-4 2.24826E-3 2.77445E-2 3.57212E-2 4.61944E-2 5.87322E-2 6.79461E-2 8.5809E-2 7.51447E-2 7.85265E-2 1.05679E-1 7.9784E-2 1.33703E-1 1.28621E-1 3.80217E-1 4.37662E-1 4.21439E-1 2.06672E-1 1.37497E-1 6.37245E-2 8.24822E-2 1.50593E-1 3.37428E-1 7.59286E-1 7.33618E-1 7.80141E-1 8.25075E-1 7.44711E-1 6.8557E-1 4.23594E-1 2.69592E-1 1.69649E-1 4.70728E-1 3.48398E-1 9.8345E-2 3.93984E-1 6.98216E-1 5.78078E-1 6.01152E-1 7.11803E-1 4.53797E-1 6.38567E-1 6.18897E-1 6.81749E-1 6.60905E-1 6.19908E-1 4.17928E-1 3.5015E-1
-9999 -9999 -9999 -9999 -9999 -9999 -9999 2.4845E-4 1.96078E-4 8.01975E-5 5.63601E-4 8.14609E-4 6.05578E-4 1.73889E-3 1.52868E-2 3.00802E-2 3.94735E-2 1.22047E-1 6.38405E-2 5.62523E-2 7.36104E-2 1.24541E-1 1.82481E-1 1.5039E-1 1.2997E-1 8.62111E-2 1.57905E-1 4.01967E-1 1.56214E-1 4.2734E-1 1.60271E-1 6.75711E-2 8.95558E-2 2.59052E-1 2.77799E-1 6.60685E-1 6.94928E-1 7.8461E-1 8.28869E-1 8.60578E-1 8.29224E-1 6.44993E-1 5.42333E-1 3.84788E-1 2.87014E-1 1.91349E-1 3.63414E-1 3.03898E-1 5.61634E-1 3.4635E-1 4.26655E-1 4.49313E-1 5.33863E-1 6.64406E-1 4.85264E-1 6.97698E-1 5.36251E-1 6.37626E-1 6.21563E-1 4.12598E-1 3.56484E-1
-9999 -9999 -9999 -9999 -9999 -9999 -9999 8.35966E-4 2.96653E-4 1.51993E-4 7.08606E-4 1.36271E-3 2.05118E-3 2.02834E-3 3.54338E-2 3.32023E-2 5.0716E-2 1.16343E-1 6.13214E-2 5.37771E-2 7.17757E-2 8.26557E-2 2.83213E-1 1.64603E-1 8.81171E-2 7.339E-2 6.94139E-2 3.09236E-1 8.73355E-2 2.45059E-1 2.83305E-1 9.38698E-2 3.42729E-1 4.06178E-1 4.15888E-1 6.27947E-1 7.94467E-1 7.68679E-1 8.29459E-1 7.50394E-1 6.40446E-1 5.39305E-1 4.04602E-1 1.4041E-1 9.19052E-2 1.41665E-1 2.65574E-1 1.24736E-1 4.80735E-1 6.72085E-1 6.09459E-1 5.79175E-1 6.58836E-1 3.61999E-1 6.49597E-1 6.07712E-1 4.47996E-1 6.15074E-1 5.04191E-1 3.56809E-1 4.38668E-1
