Final_Models_Sept202022/M_0.1_F_lqp_Set_1/Bison_4.asc
ncols         97
nrows         127
xllcorner     -2197417.7431653
yllcorner     -584827.01486885
cellsize      30000.0
NODATA_value  -9999
[rows 27 to 53 of 127, columns 0 to 60 of 97]
-9999 -9999 3.96349E-4 2.63109E-5 3.12068E-3 4.04119E-2 9.67501E-2 9.7686E-2 9.59505E-2 1.34174E-1 6.83907E-2 1.12113E-1 7.92453E-2 8.35923E-2 6.2205E-2 8.44536E-2 5.11669E-2 3.73204E-2 1.06751E-2 1.17631E-2 1.10866E-2 6.59354E-3 2.46275E-3 2.16942E-3 3.02819E-3 6.63304E-3 7.82985E-3 1.1854E-2 7.41054E-3 1.02733E-2 1.43841E-2 3.08684E-2 2.14841E-2 2.7565E-2 3.9158E-2 3.91573E-2 2.97546E-2 4.66721E-2 2.74224E-2 7.82442E-2 1.73383E-1 8.60594E-2 1.17717E-1 1.83437E-1 9.28097E-2 1.08948E-1 7.16898E-2 4.56327E-2 2.58991E-2 1.69027E-2 1.50722E-2 2.16687E-2 1.0438E-2 8.34175E-3 3.37244E-3 2.13517E-3 2.13552E-3 2.03624E-3 3.12179E-3 5.0206E-3 7.87338E-3
-9999 2.67009E-6 1.45687E-3 1.14082E-4 3.35313E-5 3.27809E-3 9.82357E-2 6.46859E-2 8.33345E-2 1.49409E-1 9.97032E-2 9.15247E-2 1.62537E-1 1.24572E-1 7.50057E-2 8.57299E-2 9.88326E-2 5.14859E-2 3.01536E-2 1.88579E-2 1.11875E-2 8.60783E-3 2.61767E-3 2.57076E-3 5.78497E-3 6.60207E-3 6.28409E-3 9.44645E-3 1.09049E-2 2.16432E-2 1.5218E-2 1.83076E-2 1.12188E-2 2.33068E-2 2.72872E-2 2.3605E-2 2.12187E-2 7.04699E-2 8.90087E-2 8.01699E-2 1.02866E-1 7.12994E-2 1.07817E-1 9.72611E-2 1.00633E-1 6.07628E-2 6.40197E-2 3.0977E-2 2.20069E-2 1.38227E-2 1.50832E-2 2.75078E-2 8.34404E-3 5.88569E-3 3.97519E-3 2.93245E-3 2.37675E-3 2.24763E-3 2.50147E-3 3.49071E-3 3.62315E-3
-9999 5.67267E-9 1.59001E-7 7.1605E-5 4.849E-5 2.83329E-3 1.9758E-2 9.30146E-2 5.24298E-2 1.38448E-1 6.66773E-2 9.57164E-2 1.61975E-1 1.32396E-1 1.02526E-1 3.22512E-2 7.00687E-2 7.59359E-2 4.24243E-2 1.84531E-2 1.58563E-2 5.41398E-3 7.58628E-3 4.52655E-3 1.46579E-2 9.80721E-3 7.32326E-3 5.25354E-3 1.19049E-2 8.73338E-3 1.71253E-2 2.20788E-2 2.70261E-2 2.54544E-2 2.75736E-2 2.30866E-2 1.24514E-2 2.50854E-2 2.68079E-2 6.82706E-2 6.89642E-2 7.95326E-2 6.26786E-2 8.32498E-2 5.73756E-2 6.50574E-2 4.73608E-2 3.02111E-2 1.72544E-2 1.38711E-2 1.31178E-2 1.30986E-2 8.31062E-3 5.20446E-3 3.75718E-3 2.93721E-3 2.43589E-3 1.92806E-3 1.92371E-3 3.3323E-3 3.37215E-3
1.0906E-4 1.27505E-8 1.31741E-12 2.12415E-8 2.96842E-7 5.95189E-4 8.57226E-3 1.41496E-1 5.86121E-2 1.14413E-1 6.74294E-2 9.98901E-2 1.89151E-1 1.91246E-1 1.04179E-1 4.81214E-2 1.38947E-1 5.79753E-2 5.45919E-2 3.39434E-2 1.39757E-2 8.80882E-3 1.44523E-2 1.00609E-2 1.23834E-2 1.18425E-2 7.07539E-3 6.49432E-3 8.84904E-3 1.45864E-2 1.48659E-2 1.87823E-2 3.00338E-2 2.18795E-2 2.81929E-2 2.95781E-2 1.15706E-2 2.34539E-2 4.65943E-2 7.06299E-2 7.93921E-2 6.78198E-2 3.49982E-2 6.97435E-2 6.77435E-2 5.75818E-2 4.88576E-2 3.34086E-2 1.84896E-2 1.07037E-2 8.16391E-3 1.02112E-2 8.80898E-3 6.81327E-3 4.84872E-3 3.23022E-3 2.24579E-3 2.13375E-3 2.13361E-3 3.23423E-3 3.05793E-3
9.31813E-4 7.47049E-5 7.02627E-9 5.87156E-14 6.3188E-8 1.94703E-3 1.53906E-2 1.86069E-1 9.20843E-2 1.20205E-1 1.01019E-1 1.6105E-1 1.60981E-1 2.43344E-1 1.45743E-1 7.82105E-2 5.00533E-2 1.37143E-1 4.82538E-2 1.45346E-2 9.49329E-3 1.03223E-2 1.27583E-2 7.71869E-3 1.20585E-2 9.48827E-3 1.01863E-2 8.13719E-3 7.23269E-3 1.53809E-2 1.92308E-2 1.75561E-2 2.46845E-2 1.80256E-2 4.29835E-2 4.3082E-2 3.93121E-2 3.5995E-2 4.37724E-2 4.39827E-2 5.96546E-2 5.48031E-2 5.44681E-2 4.95491E-2 5.86621E-2 4.96399E-2 4.4957E-2 3.76403E-2 2.6271E-2 1.21899E-2 8.95531E-3 9.92775E-3 7.33379E-3 7.14593E-3 5.59666E-3 3.6874E-3 2.65241E-3 2.67314E-3 2.53779E-3 3.07442E-3 3.45583E-3
1.38462E-4 5.24759E-5 1.75588E-4 3.86486E-8 8.07001E-9 1.17877E-3 3.10549E-2 1.09139E-1 1.80402E-1 1.58893E-1 1.54664E-1 1.465E-1 1.45336E-1 1.85675E-1 1.22189E-1 3.19375E-2 2.01044E-2 4.47105E-2 7.52109E-2 4.10952E-2 1.96821E-2 1.30447E-2 1.37499E-2 1.23044E-2 2.12297E-2 8.56719E-3 1.23116E-2 7.46342E-3 8.1316E-3 1.77385E-2 1.42032E-2 1.53597E-2 1.51184E-2 1.87366E-2 4.21394E-2 4.38183E-2 2.36059E-2 3.14886E-2 3.86788E-2 3.01537E-2 4.14473E-2 4.19461E-2 5.6813E-2 3.65979E-2 4.57297E-2 4.52955E-2 3.93388E-2 4.08251E-2 3.0573E-2 1.60226E-2 1.10735E-2 9.4777E-3 7.51515E-3 7.9961E-3 6.26102E-3 4.09493E-3 3.20801E-3 2.98883E-3 3.66363E-3 3.37635E-3 4.15675E-3
-9999 4.52946E-5 3.39883E-4 6.42647E-3 2.41061E-7 4.69975E-3 2.09586E-2 7.15406E-2 1.3899E-1 1.22107E-1 1.80078E-1 1.86254E-1 1.72486E-1 1.50547E-1 2.94783E-2 3.37224E-2 8.46255E-3 6.46116E-3 7.40903E-2 5.46403E-2 3.14148E-2 3.17925E-2 2.12882E-2 1.19365E-2 1.29226E-2 1.80293E-2 1.54985E-2 9.68301E-3 2.06253E-2 1.72634E-2 2.40665E-2 1.73636E-2 1.6997E-2 2.51453E-2 4.17242E-2 2.5469E-2 3.11999E-2 4.11097E-2 3.86998E-2 3.20505E-2 4.88667E-2 4.97761E-2 4.95838E-2 4.88173E-2 4.4408E-2 5.23552E-2 4.14237E-2 5.594E-2 4.82023E-2 2.99978E-2 1.83768E-2 1.47334E-2 1.16617E-2 9.49717E-3 6.9288E-3 5.13311E-3 6.40498E-3 3.74326E-3 3.93254E-3 3.61693E-3 4.74249E-3
-9999 -9999 1.75947E-4 2.56592E-3 6.90819E-5 2.01215E-2 6.83423E-3 4.7355E-2 6.60015E-2 1.07882E-1 7.15524E-2 2.88773E-1 1.17824E-1 1.00784E-1 2.57886E-2 3.08795E-2 1.60264E-2 7.5977E-3 1.50935E-2 5.24407E-2 4.71807E-2 2.05588E-2 2.0577E-2 1.13858E-2 2.90442E-2 5.52279E-3 2.01757E-2 1.28395E-2 1.80318E-2 1.40213E-2 1.5737E-2 1.92202E-2 2.71643E-2 3.96605E-2 3.86092E-2 2.87329E-2 2.55807E-2 3.9419E-2 1.71329E-2 1.63701E-2 6.74763E-2 5.53016E-2 6.47664E-2 4.99709E-2 7.55749E-2 6.23625E-2 5.82099E-2 5.53007E-2 6.23164E-2 4.95923E-2 2.79528E-2 1.92769E-2 1.30269E-2 9.22607E-3 7.51097E-3 5.43754E-3 8.39822E-3 4.57507E-3 4.94777E-3 5.23642E-3 5.10015E-3
-9999 -9999 1.0639E-4 6.41174E-3 2.46649E-3 7.23619E-3 3.18572E-3 1.37902E-2 1.71119E-2 7.88862E-2 7.64609E-2 1.96987E-1 1.42754E-1 1.0529E-1 2.8738E-2 8.16613E-2 4.19182E-2 3.6294E-2 1.23743E-2 1.95464E-2 3.09017E-2 4.87216E-2 3.12708E-2 3.84533E-3 2.0321E-2 7.12526E-3 1.85137E-2 1.43994E-2 1.73103E-2 1.70774E-2 1.25652E-2 1.63847E-2 2.81819E-2 4.24631E-2 4.04591E-2 3.4564E-2 7.72457E-3 2.91388E-2 1.43955E-2 1.60198E-2 4.19908E-2 7.12356E-2 5.36394E-2 7.34923E-2 7.79266E-2 7.64623E-2 6.69442E-2 5.94999E-2 5.60481E-2 6.07183E-2 3.62202E-2 3.30006E-2 1.71533E-2 1.11575E-2 8.8216E-3 6.68254E-3 5.9587E-3 5.99616E-3 6.44771E-3 6.35563E-3 4.7612E-3
-9999 -9999 2.41607E-4 1.16842E-2 5.29577E-3 2.65854E-3 1.8581E-3 2.25474E-2 2.88878E-2 2.93684E-2 5.86398E-2 1.10639E-1 1.90762E-1 1.05865E-1 3.57078E-2 6.56975E-2 7.00278E-2 4.84658E-2 5.66224E-2 1.59788E-2 3.27951E-2 5.20785E-2 2.91587E-2 1.77378E-2 1.49614E-2 3.47933E-3 2.34363E-2 1.15478E-2 1.70893E-2 1.86863E-2 1.89092E-2 1.65078E-2 2.50686E-2 4.77981E-2 4.06166E-2 4.23607E-2 1.30592E-2 1.30721E-2 1.77784E-2 2.79661E-2 3.43003E-2 5.29154E-2 5.28173E-2 4.67038E-2 8.56388E-2 8.77114E-2 7.71917E-2 7.44322E-2 6.68145E-2 6.63077E-2 4.07147E-2 3.01551E-2 1.86326E-2 1.23797E-2 1.15766E-2 8.72676E-3 7.12721E-3 7.43185E-3 9.76641E-3 7.8119E-3 6.06321E-3
-9999 -9999 -9999 2.53974E-3 7.82233E-3 2.66173E-2 7.87806E-3 1.99018E-2 1.33884E-2 6.79112E-3 1.389E-2 1.07795E-1 1.66875E-1 1.04717E-1 5.16705E-2 6.26129E-2 5.2825E-2 4.5117E-2 5.06638E-2 5.69309E-2 2.79987E-2 1.63726E-2 1.95802E-2 3.11468E-2 3.31312E-2 1.47469E-2 2.41469E-2 3.01001E-2 2.69864E-2 1.50004E-2 1.48127E-2 1.69166E-2 3.15975E-2 3.42507E-2 3.44059E-2 3.92163E-2 3.25878E-2 1.46326E-2 3.78575E-2 4.31674E-2 4.27269E-2 4.79018E-2 6.25846E-2 6.8361E-2 9.4153E-2 8.47283E-2 9.09754E-2 9.25692E-2 5.9699E-2 5.32684E-2 4.23297E-2 3.27996E-2 2.52352E-2 1.7392E-2 1.48037E-2 1.22908E-2 1.11379E-2 9.46519E-3 7.55119E-3 7.69445E-3 7.08873E-3
-9999 -9999 -9999 1.22422E-3 4.25841E-3 8.35485E-2 4.37379E-2 3.1738E-2 3.03073E-2 2.64496E-2 8.94265E-3 9.23171E-2 1.13372E-1 1.03204E-1 1.04056E-1 6.13552E-2 3.12912E-2 3.6108E-2 2.84181E-2 5.73297E-2 2.2758E-2 1.56618E-2 1.31302E-2 2.71731E-2 2.75198E-2 3.68991E-2 5.11124E-2 2.74067E-2 1.70469E-2 1.30017E-2 1.38419E-2 2.43137E-2 5.64385E-2 3.33324E-2 3.53336E-2 3.94618E-2 2.36857E-2 2.21886E-2 4.98143E-2 2.35787E-2 3.74754E-2 5.31039E-2 3.87578E-2 4.76859E-2 7.44178E-2 9.75182E-2 9.13653E-2 9.67503E-2 8.27549E-2 7.68707E-2 4.16136E-2 6.34416E-2 3.30372E-2 2.55342E-2 1.76934E-2 1.30724E-2 1.16033E-2 9.45124E-3 1.02453E-2 8.47758E-3 7.8283E-3
-9999 -9999 -9999 1.97401E-3 2.60399E-1 5.56938E-2 3.68336E-2 5.49107E-2 2.29235E-2 4.79069E-2 1.07416E-2 3.53452E-2 7.43188E-2 5.96922E-2 7.1909E-2 6.9481E-2 1.65048E-2 3.69223E-2 4.71326E-2 5.2887E-2 2.28094E-2 1.66913E-2 2.5787E-2 3.78174E-2 5.18997E-2 3.90991E-2 3.95198E-2 3.37418E-2 2.29403E-2 1.00425E-2 1.40092E-2 3.15749E-2 5.74672E-2 3.06738E-2 3.95476E-2 4.73264E-2 5.73452E-2 5.59745E-2 3.5312E-2 2.48278E-2 2.87771E-2 4.98245E-2 6.34685E-2 6.39072E-2 9.12381E-2 1.06693E-1 8.62543E-2 1.10413E-1 9.01217E-2 7.46595E-2 5.72625E-2 4.8499E-2 6.13722E-2 4.2556E-2 2.94085E-2 3.114E-2 3.25595E-2 2.23996E-2 1.63016E-2 1.18449E-2 9.31369E-3
-9999 -9999 -9999 -9999 5.09998E-3 4.42429E-2 4.71819E-3 6.49525E-3 3.80108E-2 2.19027E-2 7.8341E-4 1.12714E-2 8.60395E-2 4.08076E-2 8.56829E-2 6.58255E-2 4.45757E-2 4.73018E-2 8.17617E-2 7.11806E-2 3.71948E-2 3.70558E-2 3.88421E-2 3.85169E-2 4.16241E-2 3.66465E-2 3.55496E-2 2.59307E-2 2.48828E-2 2.19078E-2 3.15774E-2 5.35981E-2 3.58516E-2 3.55354E-2 3.74444E-2 5.00948E-2 6.05418E-2 5.59156E-2 3.47257E-2 3.93515E-2 4.73521E-2 5.63141E-2 7.19983E-2 1.06039E-1 1.07213E-1 9.60743E-2 9.78054E-2 1.09252E-1 1.33085E-1 9.75513E-2 5.65981E-2 7.65613E-2 9.90322E-2 6.91158E-2 5.47917E-2 8.03605E-2 3.7958E-2 4.17029E-2 3.64728E-2 1.35367E-2 9.54057E-3
-9999 -9999 -9999 -9999 1.91101E-2 1.22865E-2 4.99261E-3 2.12179E-2 9.27233E-3 4.8274E-4 1.33109E-4 7.43483E-3 1.19094E-1 5.21205E-2 9.96206E-2 3.75351E-2 3.7379E-2 5.10429E-2 8.31408E-2 6.88987E-2 6.10008E-2 8.56271E-2 5.16156E-2 4.96792E-2 4.45707E-2 3.40031E-2 3.12721E-2 2.19571E-2 1.94962E-2 1.25398E-2 2.2552E-2 6.92815E-2 3.84768E-2 4.70457E-2 4.63202E-2 5.4341E-2 5.45722E-2 7.4203E-2 6.5758E-2 7.22546E-2 5.68706E-2 8.40282E-2 9.119E-2 1.17326E-1 9.68611E-2 1.19125E-1 1.35434E-1 1.04835E-1 1.2724E-1 1.4239E-1 1.09547E-1 1.03465E-1 1.21351E-1 6.38504E-2 6.57297E-2 6.99443E-2 5.61889E-2 4.88232E-2 3.7399E-2 1.92538E-2 1.30726E-2
-9999 -9999 -9999 -9999 2.03131E-3 8.11771E-3 4.39838E-3 1.41893E-2 5.03121E-3 1.74512E-4 8.28834E-4 3.40117E-3 3.63559E-2 4.96137E-2 5.6966E-2 3.59654E-2 3.93997E-2 4.90553E-2 3.53447E-2 7.33711E-2 5.95406E-2 4.27596E-2 6.81938E-2 6.46925E-2 5.17911E-2 4.65266E-2 3.69048E-2 4.44703E-2 2.64036E-2 1.73326E-2 3.73201E-2 4.23018E-2 4.96694E-2 4.86932E-2 4.95186E-2 5.53229E-2 6.00391E-2 7.49318E-2 8.6471E-2 7.13148E-2 1.01472E-1 1.09609E-1 1.31074E-1 1.21341E-1 1.02986E-1 1.06672E-1 1.56509E-1 1.96912E-1 -9999 1.36018E-1 1.06003E-1 1.04015E-1 7.50667E-2 7.1513E-2 1.1618E-1 6.31504E-2 5.33348E-2 4.01189E-2 6.08447E-2 2.28825E-2 1.454E-2
-9999 -9999 -9999 -9999 2.55467E-3 3.86905E-3 2.12542E-3 9.4464E-5 1.82637E-1 3.33755E-1 1.84335E-3 1.42448E-3 1.54198E-2 4.22562E-2 2.66799E-2 2.1507E-2 4.01984E-2 2.1352E-2 2.25953E-2 6.65079E-2 6.60001E-2 5.60124E-2 7.00017E-2 6.70347E-2 4.60751E-2 3.65737E-2 2.3822E-2 5.99174E-2 3.07461E-2 3.38864E-2 5.16337E-2 4.56245E-2 4.65249E-2 4.43047E-2 4.28636E-2 5.73719E-2 6.22863E-2 7.10449E-2 7.98267E-2 9.09628E-2 8.74522E-2 1.17121E-1 1.21914E-1 1.1937E-1 1.20104E-1 1.22052E-1 -9999 -9999 -9999 -9999 1.51682E-1 9.72613E-2 7.30668E-2 9.38439E-2 7.67193E-2 6.41442E-2 3.55831E-2 2.68115E-2 1.75445E-2 2.08168E-2 1.81639E-2
-9999 -9999 -9999 -9999 1.4806E-3 5.05193E-3 1.6548E-3 3.58434E-4 1.09535E-5 4.86967E-1 1.82791E-3 5.72712E-3 1.32864E-2 1.81319E-2 1.84911E-2 3.24545E-2 5.11736E-2 2.48149E-2 4.0503E-2 4.93721E-2 6.66809E-2 7.2808E-2 8.67275E-2 7.04234E-2 3.8731E-2 2.48903E-2 2.738E-2 4.44619E-2 4.64255E-2 5.60741E-2 5.27524E-2 5.17224E-2 4.80797E-2 6.34257E-2 3.99443E-2 4.92689E-2 6.79015E-2 6.73453E-2 7.1976E-2 8.1921E-2 1.08321E-1 1.1024E-1 9.70457E-2 8.33201E-2 1.37941E-1 -9999 -9999 -9999 -9999 2.70349E-1 1.30455E-1 1.0237E-1 8.2084E-2 8.12068E-2 7.55876E-2 6.08259E-2 5.55756E-2 4.23184E-2 3.55157E-2 4.34964E-2 2.19403E-2
-9999 -9999 -9999 -9999 5.11753E-3 1.10428E-2 3.59371E-3 3.22324E-4 9.24555E-3 6.59607E-2 3.30618E-3 5.09545E-3 6.0235E-3 1.16075E-2 1.80388E-2 2.77203E-2 5.59847E-2 4.90906E-2 1.96085E-2 2.23608E-2 5.15062E-2 8.18695E-2 6.52591E-2 4.88794E-2 3.94559E-2 3.86431E-2 4.18563E-2 5.56383E-2 5.57262E-2 4.62645E-2 4.61149E-2 5.41456E-2 5.12742E-2 5.53677E-2 5.65628E-2 4.6473E-2 5.12096E-2 6.15951E-2 8.41557E-2 8.65141E-2 9.48966E-2 1.02553E-1 1.15911E-1 1.32074E-1 1.63221E-1 -9999 -9999 -9999 2.71132E-1 2.03644E-1 1.19543E-1 9.43678E-2 8.93058E-2 6.51236E-2 6.9341E-2 5.22186E-2 5.41477E-2 2.86091E-2 2.85155E-2 2.93186E-2 1.9349E-2
-9999 -9999 -9999 6.62964E-3 4.97644E-1 1.29418E-1 5.32834E-4 1.80024E-3 5.54962E-4 3.29107E-3 4.08357E-3 1.80071E-3 6.48768E-3 2.95208E-2 5.50038E-2 4.33597E-2 7.45773E-2 3.41891E-2 3.51106E-2 1.23672E-2 3.24702E-2 4.92833E-2 5.02232E-2 2.61686E-2 2.51611E-2 3.36602E-2 4.78589E-2 4.97143E-2 3.13625E-2 3.56412E-2 6.1046E-2 5.77676E-2 5.42964E-2 5.81162E-2 5.48515E-2 5.7674E-2 5.62545E-2 7.08611E-2 7.28111E-2 8.9463E-2 8.93741E-2 8.49809E-2 9.53073E-2 1.23274E-1 2.57085E-1 1.84587E-1 1.9585E-1 2.08074E-1 2.16098E-1 1.47464E-1 1.28019E-1 1.04694E-1 1.01246E-1 8.79193E-2 7.62032E-2 5.26816E-2 5.49051E-2 3.39968E-2 2.62849E-2 2.47671E-2 1.92726E-2
-9999 -9999 -9999 -9999 5.90512E-2 3.77848E-1 3.18764E-3 -9999 5.11076E-4 2.83294E-3 4.79454E-3 4.33918E-4 2.27803E-2 4.34105E-2 4.92821E-2 7.65755E-2 3.84776E-2 3.6228E-2 2.80291E-2 1.71635E-2 1.63904E-2 3.1152E-2 2.25778E-2 2.16037E-2 3.60793E-2 5.36489E-2 5.81917E-2 4.28388E-2 3.29947E-2 3.7269E-2 3.85478E-2 5.80988E-2 5.50711E-2 6.03453E-2 5.30704E-2 5.06211E-2 5.42418E-2 4.78315E-2 5.26018E-2 8.51898E-2 1.03173E-1 8.72545E-2 8.17997E-2 1.01466E-1 1.01097E-1 1.44389E-1 1.52851E-1 1.61174E-1 1.70489E-1 1.367E-1 1.22966E-1 8.70687E-2 9.81914E-2 9.64232E-2 8.90671E-2 4.90055E-2 5.40624E-2 3.76996E-2 3.35191E-2 2.68387E-2 1.80532E-2
-9999 -9999 -9999 -9999 3.56859E-2 5.63231E-3 3.62689E-3 4.22193E-3 1.37653E-3 2.86465E-2 1.03603E-2 3.48566E-4 5.21172E-3 1.01606E-2 2.17598E-2 9.34276E-2 5.39893E-2 5.76208E-2 3.31303E-2 1.86245E-2 1.39182E-2 2.36984E-2 3.87649E-2 2.21813E-2 2.44332E-2 5.92295E-2 4.08824E-2 4.71667E-2 5.47298E-2 4.85965E-2 4.96236E-2 6.74712E-2 6.16994E-2 6.4873E-2 6.56494E-2 7.07068E-2 6.15564E-2 4.38573E-2 6.13368E-2 6.43175E-2 6.95233E-2 9.11359E-2 7.35128E-2 8.56758E-2 8.44897E-2 1.23439E-1 1.21585E-1 1.07053E-1 1.31702E-1 1.27365E-1 1.10474E-1 9.94483E-2 1.05068E-1 1.07426E-1 1.12475E-1 7.69456E-2 5.93208E-2 5.48789E-2 3.04857E-2 3.235E-2 2.99516E-2
-9999 -9999 -9999 -9999 3.28858E-1 6.11533E-3 6.78637E-3 3.43578E-3 4.08983E-3 3.14442E-2 2.4777E-3 3.28269E-4 2.81011E-3 1.97783E-2 3.01438E-2 2.59478E-2 3.47075E-2 4.22305E-2 5.91277E-2 2.61876E-2 1.14282E-2 1.84231E-2 1.64706E-2 1.53411E-2 1.93297E-2 2.32585E-2 2.14137E-2 4.57206E-2 5.07111E-2 5.26386E-2 6.12327E-2 6.44299E-2 8.72514E-2 6.15861E-2 8.6617E-2 8.12105E-2 7.53736E-2 6.66202E-2 7.36315E-2 8.27719E-2 9.26337E-2 9.57629E-2 8.33068E-2 8.50138E-2 9.67849E-2 1.0667E-1 8.05343E-2 9.05537E-2 1.16723E-1 1.20878E-1 1.0586E-1 9.51087E-2 9.91383E-2 9.65407E-2 9.63288E-2 6.72407E-2 6.18221E-2 5.22086E-2 3.918E-2 3.21319E-2 2.39262E-2
-9999 -9999 -9999 -9999 -9999 7.3837E-3 4.57273E-3 5.52395E-3 3.66644E-3 4.44542E-3 7.97695E-4 3.95303E-3 5.13074E-3 5.83407E-3 1.01278E-2 2.53075E-2 3.30013E-2 3.52333E-2 4.07029E-2 3.63568E-2 2.33248E-2 2.31482E-2 2.4334E-2 2.78563E-2 1.05892E-2 1.14014E-2 2.51917E-2 5.28099E-2 5.70709E-2 7.60754E-2 8.19599E-2 9.05273E-2 7.53328E-2 7.02541E-2 7.67897E-2 9.92809E-2 7.76663E-2 7.60222E-2 8.81575E-2 8.58247E-2 9.73942E-2 9.62206E-2 8.68554E-2 1.02082E-1 9.81081E-2 9.52172E-2 7.08798E-2 1.05035E-1 1.10921E-1 1.36017E-1 1.167E-1 1.09564E-1 1.03972E-1 8.82008E-2 9.45531E-2 7.05018E-2 7.1038E-2 6.79773E-2 5.49759E-2 2.43332E-2 2.48293E-2
-9999 -9999 -9999 -9999 -9999 5.55735E-3 3.29216E-3 6.11529E-3 1.04405E-2 1.48694E-2 1.06249E-3 1.04214E-4 4.71903E-4 2.74156E-3 1.07872E-2 1.59523E-2 3.21197E-2 2.95815E-2 3.40963E-2 3.55136E-2 2.56679E-2 2.4807E-2 4.93702E-2 3.54842E-2 1.55163E-2 2.28724E-2 3.88795E-2 6.30561E-2 6.75753E-2 5.26685E-2 7.01571E-2 8.25699E-2 9.80903E-2 8.28097E-2 7.9442E-2 9.92027E-2 1.03998E-1 1.12898E-1 1.03179E-1 1.0275E-1 8.63407E-2 9.17388E-2 9.0877E-2 9.09616E-2 6.0571E-2 8.5589E-2 1.08014E-1 9.684E-2 8.87776E-2 9.79143E-2 1.08137E-1 1.0305E-1 8.40752E-2 7.61026E-2 9.939E-2 7.2173E-2 7.41369E-2 7.47072E-2 4.85878E-2 3.91136E-2 2.83491E-2
-9999 -9999 -9999 -9999 -9999 1.07394E-2 6.04902E-3 3.11874E-3 9.14224E-3 4.3503E-4 9.41022E-4 8.17475E-5 1.91346E-4 3.43279E-4 1.38511E-2 1.7404E-2 2.80408E-2 2.65449E-2 2.39369E-2 3.81326E-2 3.10674E-2 3.11826E-2 4.90485E-2 4.72116E-2 2.46431E-2 2.94144E-2 2.4489E-2 7.85014E-2 6.7232E-2 7.31896E-2 7.47712E-2 9.10781E-2 1.05035E-1 1.02544E-1 1.15159E-1 1.23986E-1 1.21481E-1 1.4056E-1 1.19789E-1 1.2027E-1 1.07129E-1 9.21339E-2 8.69482E-2 6.69085E-2 8.2655E-2 7.09432E-2 9.44627E-2 1.01541E-1 9.95022E-2 1.11789E-1 1.13311E-1 9.60966E-2 7.46577E-2 6.96252E-2 9.9072E-2 1.00922E-1 1.05095E-1 8.6739E-2 6.07581E-2 5.10311E-2 3.94667E-2
-9999 -9999 -9999 -9999 -9999 3.36137E-3 2.56665E-3 3.8067E-3 1.1149E-2 6.89299E-4 4.75062E-4 1.83261E-4 2.02237E-3 2.61714E-3 1.2896E-2 1.69955E-2 2.3314E-2 2.4564E-2 1.6872E-2 3.68582E-2 5.56232E-2 4.11728E-2 7.5463E-2 5.60203E-2 2.59082E-2 4.12186E-2 4.72347E-2 8.47625E-2 8.44436E-2 9.68358E-2 1.04693E-1 1.00651E-1 9.34272E-2 1.01186E-1 1.11602E-1 1.21441E-1 1.51594E-1 1.28039E-1 1.20336E-1 1.40955E-1 1.86749E-1 1.32611E-1 1.03648E-1 6.25916E-2 1.14537E-1 1.10469E-1 1.21105E-1 1.15586E-1 1.03215E-1 1.23483E-1 9.60222E-2 1.10074E-1 1.08053E-1 8.52609E-2 8.80638E-2 -9999 1.04015E-1 7.96086E-2 6.38464E-2 6.30199E-2 4.65027E-2
