Final_Models_Sept202022/M_0.1_F_lqp_Set_1/Bison_8.asc
ncols         97
nrows         127
xllcorner     -2197417.7431653
yllcorner     -584827.01486885
cellsize      30000.0
NODATA_value  -9999
[rows 54 to 80 of 127, columns 0 to 60 of 97]
-9999 -9999 -9999 -9999 1.37579E-1 3.43999E-2 4.10716E-3 2.99126E-2 2.48217E-2 6.09222E-4 8.20972E-4 2.23343E-3 2.09926E-3 6.22674E-3 8.79399E-3 5.98027E-3 1.35288E-2 2.31113E-2 2.81709E-2 3.81589E-2 6.16792E-2 7.89975E-2 7.18245E-2 7.81217E-2 5.10616E-2 1.04846E-1 9.89013E-2 8.43084E-2 1.27096E-1 1.07342E-1 9.87473E-2 9.65597E-2 1.06813E-1 1.14146E-1 1.09171E-1 1.16947E-1 1.15136E-1 1.08798E-1 1.09897E-1 1.34898E-1 2.32111E-1 2.537E-1 1.76041E-1 1.35041E-1 1.34435E-1 1.06973E-1 1.21977E-1 9.74638E-2 8.23001E-2 7.68946E-2 8.21015E-2 8.87906E-2 7.23559E-2 1.17421E-1 1.26541E-1 7.38019E-2 8.07126E-2 6.63818E-2 6.19594E-2 6.16031E-2 3.92338E-2
-9999 -9999 -9999 -9999 -9999 2.03099E-2 3.39256E-3 1.27568E-2 1.18599E-1 5.49859E-3 4.28074E-4 1.78443E-3 1.39681E-2 3.76813E-3 9.30296E-3 4.00867E-3 5.40282E-3 1.14277E-2 3.39124E-2 2.33919E-2 6.64174E-2 8.26741E-2 9.0047E-2 1.31718E-1 5.00057E-2 5.84668E-2 8.44944E-2 1.00821E-1 1.81841E-1 1.62806E-1 1.23701E-1 1.10009E-1 1.1909E-1 1.17772E-1 1.04952E-1 1.37006E-1 1.35475E-1 1.23253E-1 1.55195E-1 1.57965E-1 2.27497E-1 3.46821E-1 1.70894E-1 1.29086E-1 1.35723E-1 1.29704E-1 1.07972E-1 9.06975E-2 9.24428E-2 6.76242E-2 8.89082E-2 1.10817E-1 9.29497E-2 1.33549E-1 1.04362E-1 8.28203E-2 8.23284E-2 6.32093E-2 6.36336E-2 5.4345E-2 4.33014E-2
-9999 -9999 -9999 -9999 -9999 3.31152E-2 2.23603E-2 3.78524E-2 5.84693E-2 2.12615E-2 3.48734E-5 4.38948E-4 5.45778E-4 7.03029E-4 1.39943E-2 4.67211E-3 1.28878E-2 1.16328E-2 2.3809E-2 3.85124E-2 6.83382E-2 5.59366E-2 5.58794E-2 7.90695E-2 5.09191E-2 4.05005E-2 6.59982E-2 1.62631E-1 2.32329E-1 1.59392E-1 1.60758E-1 1.38221E-1 1.4058E-1 1.41822E-1 1.51388E-1 1.68093E-1 1.43034E-1 1.38205E-1 1.60268E-1 1.76902E-1 2.555E-1 2.12576E-1 1.51593E-1 1.39961E-1 1.30259E-1 1.21173E-1 1.11344E-1 9.98574E-2 1.12629E-1 1.07756E-1 1.25005E-1 1.09577E-1 1.3209E-1 1.07683E-1 8.80769E-2 9.49861E-2 8.2077E-2 7.97496E-2 5.55884E-2 4.22376E-2 2.24446E-2
-9999 -9999 -9999 -9999 -9999 -9999 4.1172E-2 -9999 1.0735E-1 5.74612E-3 2.75175E-4 6.94492E-4 6.3331E-4 1.75057E-3 2.15302E-3 2.35417E-2 1.09182E-2 1.21109E-2 2.92485E-2 5.33554E-2 3.43542E-2 4.98559E-2 5.85699E-2 8.6094E-2 6.54793E-2 6.77562E-2 5.93595E-2 1.69081E-1 2.04059E-1 1.94824E-1 3.23235E-1 2.45698E-1 1.68325E-1 1.53419E-1 1.65732E-1 1.95676E-1 1.95589E-1 1.54472E-1 1.63279E-1 1.63197E-1 1.52473E-1 1.08565E-1 1.63536E-1 1.31044E-1 9.55862E-2 1.06997E-1 8.9255E-2 9.91499E-2 1.0423E-1 1.35127E-1 1.22599E-1 1.12819E-1 1.06545E-1 1.0708E-1 9.78761E-2 8.31587E-2 7.43032E-2 6.88399E-2 5.47566E-2 3.75995E-2 2.78401E-2
-9999 -9999 -9999 1.44806E-2 -9999 -9999 -9999 -9999 -9999 2.056E-2 2.46742E-3 1.29904E-4 4.75865E-4 1.41302E-3 6.12746E-4 1.78415E-2 9.6777E-3 2.06855E-2 2.54196E-2 4.1921E-2 4.6549E-2 6.27243E-2 4.60687E-2 1.06684E-1 4.03554E-2 4.17529E-2 5.84699E-2 1.06499E-1 2.52069E-1 2.77153E-1 4.28396E-1 3.72159E-1 1.744E-1 1.4363E-1 1.55166E-1 2.13443E-1 1.9698E-1 2.47723E-1 5.42493E-1 1.58305E-1 1.39948E-1 1.13134E-1 1.41001E-1 1.13978E-1 6.86432E-2 8.26651E-2 1.14672E-1 1.11317E-1 1.09728E-1 1.08254E-1 1.26232E-1 1.20735E-1 1.11709E-1 1.0141E-1 8.71231E-2 8.33519E-2 7.25551E-2 5.85507E-2 5.38184E-2 4.95218E-2 3.88162E-2
-9999 -9999 -9999 9.80931E-3 1.43461E-2 2.24375E-2 -9999 -9999 -9999 3.91782E-2 1.22633E-4 2.36441E-4 4.63573E-4 2.49433E-3 2.8005E-3 2.86722E-2 1.89924E-2 1.39823E-2 3.66264E-2 5.01731E-2 3.77312E-2 4.00438E-2 6.03514E-2 4.78121E-2 5.98782E-2 2.48238E-2 3.64731E-2 9.29628E-2 2.96716E-1 4.32441E-1 5.33515E-1 4.66443E-1 2.02027E-1 2.07455E-1 1.99084E-1 2.07118E-1 2.13523E-1 4.48172E-1 4.15125E-1 1.62971E-1 1.58411E-1 1.55995E-1 1.40126E-1 1.2779E-1 1.06419E-1 1.06664E-1 1.04485E-1 9.16997E-2 1.01788E-1 1.82746E-1 1.54025E-1 1.30888E-1 1.03305E-1 1.04993E-1 6.97805E-2 9.14396E-2 6.38351E-2 7.20078E-2 6.96805E-2 5.13841E-2 3.45565E-2
-9999 -9999 -9999 6.15232E-3 1.70181E-2 2.85464E-2 1.96477E-2 -9999 -9999 1.677E-1 5.20577E-4 1.27151E-3 3.89464E-4 1.22888E-3 1.9837E-3 1.08615E-2 2.17454E-2 2.79821E-2 4.53309E-2 4.20184E-2 5.0164E-2 3.59918E-2 2.53693E-2 2.25503E-2 5.06743E-2 1.59477E-3 1.88527E-3 4.79365E-2 1.90405E-1 2.07347E-1 6.50976E-1 6.8478E-1 4.21289E-1 5.26326E-1 4.52771E-1 3.04947E-1 3.36729E-1 3.65064E-1 3.40974E-1 1.62496E-1 1.74311E-1 1.5846E-1 1.52181E-1 1.39662E-1 1.12803E-1 1.03893E-1 1.04238E-1 1.02648E-1 1.07135E-1 2.69446E-1 2.59128E-1 2.09903E-1 8.72921E-2 7.6686E-2 7.00263E-2 9.83625E-2 7.90659E-2 8.53063E-2 6.88119E-2 4.83028E-2 3.33081E-2
-9999 -9999 -9999 4.10926E-3 1.0221E-2 1.55613E-2 -9999 -9999 6.52315E-2 4.6374E-4 3.88445E-5 3.80426E-4 6.56246E-4 1.26868E-3 3.1665E-3 1.01928E-2 9.68466E-2 3.75888E-2 5.27816E-2 2.50633E-2 5.28558E-2 4.17442E-2 3.79611E-2 2.95343E-2 3.29692E-2 2.59677E-3 1.1781E-3 2.70446E-2 1.104E-1 3.81204E-1 5.57721E-1 7.24113E-1 6.22366E-1 4.98746E-1 6.22513E-1 4.68182E-1 4.1512E-1 5.38723E-1 3.54453E-1 2.27236E-1 2.12584E-1 1.91032E-1 1.58476E-1 1.25184E-1 1.26338E-1 1.3575E-1 1.17299E-1 1.22061E-1 1.64211E-1 2.74704E-1 2.60535E-1 1.19516E-1 1.09116E-1 8.65823E-2 5.95155E-2 1.08716E-1 8.9096E-2 7.12859E-2 6.93388E-2 5.5169E-2 4.94146E-2
-9999 -9999 -9999 6.19376E-3 1.84007E-2 -9999 -9999 8.85483E-2 3.38793E-2 9.15402E-4 6.80795E-5 3.19815E-4 9.08907E-4 2.65159E-4 5.8204E-3 1.62679E-2 7.84329E-2 5.30649E-2 4.7363E-2 4.91033E-2 5.81313E-2 5.038E-2 2.83989E-2 3.3185E-2 2.77314E-2 5.35302E-3 6.35752E-4 1.47409E-2 6.00515E-2 1.29961E-1 3.85173E-1 6.17171E-1 3.88892E-1 4.33378E-1 7.63868E-1 6.35778E-1 6.0477E-1 7.82355E-1 4.70076E-1 2.31902E-1 2.19329E-1 1.62996E-1 1.30851E-1 1.26894E-1 1.34558E-1 1.47336E-1 1.31281E-1 1.39679E-1 1.32994E-1 1.94978E-1 2.43112E-1 1.13506E-1 9.20019E-2 9.78359E-2 8.37089E-2 8.60128E-2 8.82698E-2 7.75829E-2 8.56527E-2 6.04447E-2 4.36807E-2
-9999 -9999 -9999 8.46301E-3 5.57807E-3 -9999 -9999 -9999 7.75675E-2 2.70156E-3 6.62723E-4 1.37056E-3 1.94513E-4 2.11255E-3 1.11772E-2 4.37489E-2 7.56197E-2 6.9684E-2 7.11939E-2 5.77428E-2 7.41546E-2 8.27932E-2 5.40822E-2 2.91905E-2 2.80929E-2 8.36698E-3 2.6071E-3 1.52275E-2 3.73509E-2 8.05279E-2 1.50448E-1 3.81817E-1 4.90677E-1 5.52014E-1 6.26798E-1 6.46296E-1 5.62523E-1 4.98461E-1 2.54584E-1 2.05842E-1 1.61037E-1 1.60148E-1 1.37992E-1 1.32539E-1 1.44003E-1 1.53725E-1 1.80093E-1 1.43209E-1 1.30594E-1 1.91359E-1 2.02442E-1 1.21834E-1 1.03839E-1 9.56558E-2 9.14733E-2 7.31742E-2 9.51174E-2 8.47621E-2 8.93635E-2 7.16756E-2 5.25454E-2
-9999 -9999 -9999 3.98997E-2 8.53527E-2 -9999 -9999 -9999 1.83793E-1 8.53052E-2 1.35902E-2 1.12312E-4 1.62849E-3 4.49184E-3 5.98389E-3 3.98646E-2 6.39988E-2 8.27507E-2 1.04215E-1 6.16808E-2 5.60317E-2 1.26531E-1 7.23289E-2 4.63551E-2 3.36867E-2 1.45426E-2 3.43034E-3 1.07686E-2 2.30503E-2 6.5518E-2 1.04827E-1 4.18982E-1 5.30722E-1 6.57302E-1 4.53651E-1 5.46109E-1 4.77696E-1 5.21118E-1 2.4393E-1 2.29374E-1 1.74635E-1 1.6757E-1 1.28161E-1 1.33027E-1 2.55653E-1 2.49617E-1 2.0528E-1 1.52748E-1 1.35268E-1 1.58886E-1 2.66194E-1 1.45928E-1 1.0899E-1 8.28454E-2 1.09753E-1 7.51053E-2 8.76212E-2 8.23082E-2 7.21833E-2 8.96885E-2 5.9472E-2
-9999 -9999 -9999 1.14275E-2 1.5227E-1 -9999 -9999 -9999 2.73226E-1 1.7874E-2 6.71231E-4 1.75467E-5 4.5648E-4 3.24142E-3 5.70832E-2 4.26169E-2 4.00983E-2 9.42072E-2 8.50178E-2 7.96525E-2 1.40256E-1 1.71E-1 8.01274E-2 5.67751E-2 3.72752E-2 1.26152E-2 5.61616E-3 5.95975E-3 1.57647E-2 3.58137E-2 8.61083E-2 2.54059E-1 4.28801E-1 6.46049E-1 5.26291E-1 5.0987E-1 2.57529E-1 4.33692E-1 4.48943E-1 2.99667E-1 1.48137E-1 1.44149E-1 1.52749E-1 1.44253E-1 1.67587E-1 1.64917E-1 1.78676E-1 1.69978E-1 2.01095E-1 1.93162E-1 1.86584E-1 1.68624E-1 1.20427E-1 1.1367E-1 1.03087E-1 9.541E-2 8.14942E-2 1.07302E-1 8.69387E-2 8.6977E-2 7.23395E-2
-9999 -9999 -9999 -9999 2.39357E-2 -9999 -9999 -9999 -9999 6.94334E-2 1.72266E-3 3.07998E-4 7.29956E-4 6.66889E-4 9.48234E-3 3.2563E-2 2.89514E-2 9.34222E-2 1.27439E-1 1.49156E-1 1.08419E-1 2.91961E-1 1.39188E-1 8.77294E-2 7.83898E-2 2.59814E-2 7.83748E-3 3.98371E-3 1.06643E-2 1.80152E-2 7.03119E-2 1.11301E-1 1.4151E-1 2.09334E-1 1.63964E-1 2.25414E-1 4.10459E-1 3.27281E-1 1.86069E-1 1.43504E-1 2.29029E-1 1.97321E-1 2.4548E-1 1.7086E-1 1.70767E-1 2.15186E-1 2.31515E-1 2.34073E-1 1.55449E-1 1.649E-1 2.74736E-1 1.45799E-1 1.36641E-1 1.34293E-1 1.39899E-1 1.12106E-1 9.9209E-2 9.51164E-2 9.42525E-2 9.76328E-2 9.57612E-2
-9999 -9999 -9999 -9999 3.79532E-2 -9999 -9999 -9999 -9999 1.93102E-1 4.21709E-2 3.11499E-3 1.49643E-3 6.1478E-4 3.39792E-3 2.74915E-2 7.02133E-2 9.14682E-2 1.11718E-1 9.32767E-2 1.08026E-1 1.45414E-1 1.04564E-1 1.78959E-1 2.19147E-1 3.33743E-2 1.13502E-2 3.02142E-3 5.76576E-3 1.55257E-2 4.23835E-2 6.81148E-2 1.47279E-1 2.66699E-1 1.5767E-1 1.54274E-1 2.31365E-1 1.64305E-1 1.18721E-1 1.10069E-1 2.24869E-1 1.46742E-1 1.72044E-1 2.28782E-1 2.01784E-1 2.34242E-1 3.81059E-1 2.35758E-1 2.07049E-1 2.17901E-1 2.48587E-1 1.75693E-1 1.69489E-1 1.36391E-1 1.35843E-1 1.33482E-1 1.20234E-1 1.14774E-1 1.02202E-1 8.85867E-2 8.77153E-2
-9999 -9999 -9999 -9999 -9999 -9999 -9999 -9999 -9999 1.94633E-1 2.04445E-1 1.13726E-2 2.10704E-3 6.56427E-4 8.87242E-4 1.30326E-2 6.86475E-2 8.28888E-2 9.23864E-2 1.1976E-1 1.04471E-1 1.12902E-1 1.33298E-1 9.72782E-2 5.48605E-2 1.21412E-2 5.65509E-3 8.14043E-3 3.82405E-3 1.5786E-2 4.29398E-2 8.5936E-2 1.17064E-1 2.33222E-1 1.13853E-1 1.57796E-1 2.89563E-1 2.55191E-1 1.53616E-1 2.30722E-1 2.70043E-1 1.76742E-1 2.15719E-1 2.46664E-1 4.08634E-1 4.70811E-1 4.98328E-1 2.96999E-1 2.47492E-1 2.18243E-1 2.46873E-1 2.25124E-1 1.63997E-1 1.09511E-1 1.44537E-1 1.25347E-1 1.23709E-1 1.32565E-1 1.05097E-1 8.97236E-2 9.11328E-2
-9999 -9999 -9999 -9999 -9999 -9999 -9999 -9999 -9999 -9999 1.6217E-1 4.7674E-2 6.90079E-3 6.29298E-4 1.55811E-3 9.66597E-3 5.31614E-2 7.14758E-2 8.8048E-2 1.03308E-1 1.07587E-1 1.09264E-1 1.34823E-1 1.1551E-1 6.4151E-2 1.78439E-2 8.80247E-3 6.29221E-3 8.52361E-3 1.15429E-2 3.82133E-2 8.9206E-2 1.46289E-1 1.29869E-1 1.58387E-1 1.58983E-1 2.59967E-1 2.8899E-1 1.82527E-1 2.24626E-1 2.25627E-1 3.7818E-1 3.3823E-1 4.53304E-1 5.12505E-1 5.3643E-1 4.36798E-1 6.2836E-1 2.73397E-1 2.43331E-1 3.32864E-1 2.53059E-1 1.49409E-1 1.37141E-1 1.40146E-1 1.48183E-1 1.62892E-1 1.74066E-1 1.26877E-1 1.02736E-1 1.11044E-1
-9999 -9999 -9999 -9999 -9999 -9999 -9999 -9999 -9999 -9999 1.61295E-1 2.5491E-2 6.88656E-5 1.39995E-4 1.01374E-3 3.22643E-3 5.02623E-2 9.33338E-2 8.18303E-2 1.12926E-1 1.16984E-1 1.13899E-1 1.46017E-1 1.77818E-1 6.65216E-2 2.64331E-2 1.67806E-2 5.08563E-3 1.65451E-2 2.23376E-2 3.84769E-2 7.11108E-2 9.80799E-2 1.54342E-1 1.76747E-1 2.62674E-1 2.41489E-1 2.10982E-1 2.10562E-1 4.58511E-1 3.8389E-1 5.23998E-1 4.31137E-1 4.77079E-1 4.87097E-1 5.02808E-1 3.46825E-1 5.15995E-1 3.98955E-1 4.73375E-1 5.16017E-1 3.59631E-1 2.11352E-1 1.69364E-1 1.59489E-1 1.55527E-1 1.51857E-1 1.28668E-1 1.35495E-1 1.23847E-1 1.17679E-1
-9999 -9999 -9999 -9999 -9999 -9999 -9999 -9999 -9999 -9999 1.65797E-1 1.13651E-2 1.69025E-4 2.44259E-4 2.71985E-2 1.39978E-2 3.58148E-2 1.10153E-1 1.01882E-1 1.71424E-1 1.51989E-1 1.39285E-1 1.41725E-1 1.79941E-1 8.8182E-2 1.8206E-2 1.27664E-2 8.67408E-3 1.0401E-2 2.96308E-2 4.5982E-2 9.68031E-2 1.12778E-1 1.25148E-1 1.83615E-1 2.36224E-1 3.37923E-1 3.72352E-1 3.82718E-1 3.13227E-1 3.73108E-1 4.44478E-1 5.71633E-1 5.75204E-1 5.50149E-1 6.28598E-1 6.07396E-1 5.58283E-1 4.33256E-1 6.09969E-1 6.0864E-1 5.52086E-1 3.95296E-1 3.36275E-1 3.6322E-1 2.06617E-1 1.74244E-1 1.59649E-1 1.60514E-1 1.50311E-1 1.24079E-1
-9999 -9999 -9999 -9999 -9999 -9999 -9999 -9999 -9999 -9999 8.99796E-2 7.2326E-3 1.81612E-3 3.74653E-4 1.90188E-3 4.41865E-3 4.10654E-2 1.28178E-1 1.47991E-1 2.27324E-1 2.49608E-1 1.63607E-1 1.4122E-1 1.66625E-1 9.53368E-2 3.63147E-2 1.25303E-2 8.9038E-3 2.86699E-2 1.30503E-2 3.99252E-2 9.87806E-2 1.16674E-1 1.25025E-1 2.89592E-1 1.92485E-1 2.98551E-1 3.67687E-1 3.0689E-1 3.4464E-1 4.98957E-1 6.40144E-1 6.90698E-1 6.648E-1 7.51608E-1 6.58349E-1 6.62491E-1 6.36802E-1 6.7303E-1 6.81052E-1 4.83362E-1 3.74119E-1 3.67203E-1 3.90535E-1 4.1536E-1 4.15854E-1 2.22589E-1 1.69262E-1 1.63531E-1 1.69838E-1 1.61362E-1
-9999 -9999 -9999 -9999 -9999 -9999 -9999 -9999 -9999 -9999 2.49569E-2 1.75727E-2 1.82108E-3 1.83711E-3 1.39675E-1 1.02888E-3 3.62066E-2 6.981E-2 1.29792E-1 2.57075E-1 3.45687E-1 2.02699E-1 1.75748E-1 1.37812E-1 1.36876E-1 7.81346E-2 4.17341E-2 1.3724E-2 1.5366E-2 4.17158E-2 3.96222E-2 3.29268E-2 1.15254E-1 2.35915E-1 2.19831E-1 2.50983E-1 2.57359E-1 2.65575E-1 3.34253E-1 4.17599E-1 5.25607E-1 7.48114E-1 7.52369E-1 8.7201E-1 7.95134E-1 6.36839E-1 5.74149E-1 6.14368E-1 4.26105E-1 7.05052E-1 6.6481E-1 4.67254E-1 3.80039E-1 4.58926E-1 4.02932E-1 3.49517E-1 2.59148E-1 2.85485E-1 2.37137E-1 1.81475E-1 1.82399E-1
-9999 -9999 -9999 -9999 -9999 -9999 -9999 -9999 1.12193E-1 4.47259E-2 1.76652E-2 1.27337E-2 2.81725E-3 9.51044E-4 2.08797E-3 4.31935E-2 3.47413E-2 5.27644E-2 1.01139E-1 1.51926E-1 1.70292E-1 2.76692E-1 2.87704E-1 1.75626E-1 1.47451E-1 7.6103E-2 2.38979E-2 6.64435E-3 5.56486E-3 1.14661E-2 1.20153E-2 2.47407E-2 8.14919E-2 9.14222E-2 1.24554E-1 1.21675E-1 2.05694E-1 3.4549E-1 2.93993E-1 4.95337E-1 6.1574E-1 7.50716E-1 6.93713E-1 7.11932E-1 7.22805E-1 5.86674E-1 5.88506E-1 6.39143E-1 6.06896E-1 5.10192E-1 6.49097E-1 5.56014E-1 4.45701E-1 3.71588E-1 3.73907E-1 3.51602E-1 3.71124E-1 4.10399E-1 3.5386E-1 2.45443E-1 2.39708E-1
-9999 -9999 -9999 -9999 -9999 -9999 -9999 -9999 1.40521E-1 1.84559E-2 1.37265E-2 1.18561E-2 6.83805E-3 6.0724E-4 2.59397E-4 3.617E-3 4.30363E-3 5.76144E-2 5.03129E-2 3.32374E-2 6.03295E-2 1.20668E-1 2.87433E-1 1.28761E-1 1.29866E-1 8.54401E-2 4.57395E-2 1.97579E-2 6.72711E-3 6.14535E-3 2.13612E-2 1.05113E-2 5.17016E-2 1.00454E-1 1.8463E-1 9.30916E-2 3.02839E-1 2.92532E-1 2.97303E-1 2.69145E-1 5.18814E-1 7.11932E-1 6.79024E-1 6.71416E-1 6.90982E-1 6.11364E-1 5.38822E-1 5.93768E-1 5.87356E-1 6.79006E-1 6.41731E-1 6.15427E-1 5.55606E-1 4.42077E-1 3.99079E-1 4.28319E-1 5.14492E-1 5.21763E-1 4.50184E-1 4.55158E-1 4.90933E-1
-9999 -9999 -9999 -9999 -9999 -9999 -9999 -9999 3.56963E-2 9.30757E-3 1.27823E-3 7.71923E-4 3.98412E-3 1.50654E-3 3.37548E-4 2.60227E-3 1.42762E-3 2.79367E-2 3.57746E-2 3.91568E-2 3.3248E-2 4.64327E-2 1.99864E-1 1.53339E-1 1.54787E-1 1.71293E-1 6.9632E-2 4.18108E-2 1.05015E-2 5.7477E-3 1.2262E-2 1.44665E-2 3.33725E-2 1.37661E-1 3.53218E-1 3.43546E-1 2.27229E-1 3.408E-1 2.79742E-1 5.60084E-1 6.81213E-1 7.52039E-1 7.32246E-1 7.49813E-1 7.51589E-1 6.37542E-1 5.85445E-1 5.19837E-1 6.67938E-1 6.8143E-1 7.47997E-1 6.52286E-1 5.66882E-1 4.75532E-1 5.93872E-1 3.55739E-1 5.45828E-1 5.41867E-1 4.60264E-1 6.15176E-1 6.4523E-1
-9999 -9999 -9999 -9999 -9999 -9999 -9999 -9999 -9999 5.07524E-2 1.91252E-3 2.85704E-4 4.81541E-4 5.50105E-3 9.41779E-4 3.92277E-4 2.32613E-3 3.71074E-2 2.888E-1 8.13964E-2 1.39104E-2 2.03516E-2 6.75979E-2 1.81697E-1 1.2765E-1 1.2585E-1 9.15163E-2 4.63546E-2 2.0416E-2 6.28693E-3 3.17171E-3 3.13431E-3 1.25343E-2 2.8616E-2 1.11264E-1 1.57293E-1 2.44637E-1 2.40287E-1 3.60336E-1 7.17594E-1 6.84067E-1 8.32354E-1 8.10712E-1 7.71178E-1 7.18119E-1 5.90828E-1 6.739E-1 6.86288E-1 4.71527E-1 5.34663E-1 5.4506E-1 5.98653E-1 5.182E-1 7.50512E-1 7.2953E-1 5.23538E-1 5.72187E-1 6.3318E-1 5.65617E-1 5.95714E-1 5.48628E-1
-9999 -9999 -9999 -9999 -9999 -9999 -9999 -9999 -9999 2.08972E-2 1.18286E-2 3.0199E-4 1.76462E-4 3.13445E-3 1.10051E-2 2.56921E-3 1.09125E-3 1.26638E-3 1.80692E-2 1.71142E-2 1.12805E-2 8.31656E-3 4.76209E-2 1.29569E-1 1.24316E-1 1.21738E-1 1.32575E-1 5.51831E-2 1.44389E-2 3.33389E-3 3.83774E-3 1.13206E-3 2.27867E-2 2.1214E-2 9.41982E-2 1.81587E-1 3.57468E-1 2.74151E-1 3.0356E-1 6.29548E-1 7.57515E-1 7.57363E-1 6.93202E-1 7.01762E-1 6.76583E-1 5.15895E-1 4.44268E-1 6.84592E-1 5.60421E-1 5.97517E-1 6.96243E-1 5.53282E-1 6.62769E-1 6.4578E-1 7.01891E-1 6.45478E-1 4.81293E-1 5.56618E-1 5.56324E-1 5.73844E-1 5.98335E-1
-9999 -9999 -9999 -9999 -9999 -9999 -9999 -9999 -9999 -9999 2.07502E-2 9.32326E-4 6.61787E-5 4.23575E-3 1.0351E-2 2.2141E-3 2.14258E-3 1.63463E-3 1.19335E-2 5.61373E-3 6.111E-3 4.32016E-3 2.50726E-2 2.37049E-1 1.77511E-1 1.54881E-1 9.787E-2 4.31174E-2 1.18819E-2 5.82295E-3 4.76362E-3 3.29752E-3 2.46983E-3 8.16396E-3 4.41772E-2 1.33294E-1 1.88201E-1 2.29558E-1 3.79527E-1 6.85362E-1 7.1253E-1 7.16181E-1 7.19173E-1 7.0638E-1 4.75158E-1 4.94582E-1 4.15005E-1 6.01437E-1 5.27187E-1 5.8386E-1 7.30583E-1 7.12904E-1 7.21755E-1 7.38348E-1 5.80383E-1 6.29722E-1 7.01341E-1 5.26712E-1 5.5808E-1 6.28773E-1 5.85456E-1
-9999 -9999 -9999 -9999 -9999 -9999 -9999 -9999 -9999 -9999 3.58433E-2 3.37498E-3 2.4982E-4 7.16066E-4 8.92979E-3 7.0596E-3 2.16591E-3 5.47957E-4 2.45594E-3 5.46043E-3 6.2045E-3 8.49371E-3 1.9995E-2 6.90937E-2 1.81775E-1 3.21477E-1 3.03606E-1 9.94014E-2 8.08445E-2 1.42126E-2 4.00852E-3 1.38867E-2 9.93851E-3 2.02675E-2 6.95481E-2 5.41914E-2 1.11154E-1 2.04574E-1 3.19249E-1 7.24804E-1 7.65503E-1 7.27468E-1 7.47512E-1 7.84509E-1 7.1008E-1 5.46953E-1 3.67376E-1 4.20106E-1 5.39167E-1 5.37593E-1 6.52945E-1 6.82231E-1 6.94052E-1 7.03077E-1 6.87885E-1 6.0878E-1 6.59605E-1 6.65256E-1 6.91301E-1 5.34259E-1 5.4758E-1
