Final_Models_Sept202022/M_0.1_F_lqp_Set_1/Bison_2.asc
ncols         97
nrows         127
xllcorner     -2197417.7431653
yllcorner     -584827.01486885
cellsize      30000.0
NODATA_value  -9999
[rows 54 to 80 of 127, columns 0 to 60 of 97]
-9999 -9999 -9999 -9999 1.59098E-1 1.79077E-2 8.44378E-4 2.01304E-2 1.27001E-2 1.12487E-4 7.52293E-4 3.09839E-4 2.52351E-4 1.89506E-3 4.3806E-3 4.016E-3 1.42044E-2 2.7004E-2 3.35375E-2 4.61716E-2 7.98969E-2 9.47473E-2 8.39338E-2 1.00225E-1 5.85897E-2 1.04422E-1 1.68478E-1 1.38904E-1 1.48342E-1 1.39865E-1 1.19444E-1 1.03031E-1 1.28096E-1 1.40164E-1 1.46849E-1 1.63231E-1 1.62596E-1 1.51688E-1 1.44924E-1 1.6701E-1 2.54929E-1 2.56307E-1 1.91522E-1 1.58633E-1 1.73951E-1 1.46956E-1 1.52468E-1 1.31759E-1 1.21216E-1 1.14912E-1 1.21793E-1 1.28034E-1 1.1488E-1 1.76543E-1 1.6522E-1 9.82536E-2 1.07945E-1 8.24217E-2 7.52215E-2 8.86506E-2 6.14953E-2
-9999 -9999 -9999 -9999 -9999 1.76889E-2 1.31525E-3 2.03855E-3 3.13156E-2 8.87448E-4 3.67289E-4 6.31132E-4 2.78094E-3 8.95498E-4 3.54143E-3 2.22795E-3 4.28412E-3 1.1493E-2 3.79171E-2 2.81578E-2 9.23689E-2 1.01388E-1 1.1823E-1 1.73937E-1 4.78261E-2 6.67771E-2 1.32693E-1 1.44839E-1 1.95528E-1 1.78598E-1 1.25934E-1 1.08085E-1 1.20606E-1 1.39351E-1 1.50693E-1 1.87262E-1 1.80965E-1 1.50246E-1 1.82362E-1 1.89007E-1 2.57315E-1 3.1047E-1 1.80926E-1 1.47851E-1 1.61437E-1 1.63095E-1 1.37443E-1 1.31652E-1 1.32132E-1 9.93539E-2 1.33312E-1 1.56439E-1 1.39548E-1 1.85017E-1 1.35012E-1 1.1587E-1 1.14955E-1 9.24708E-2 8.94055E-2 8.533E-2 6.55046E-2
-9999 -9999 -9999 -9999 -9999 2.89478E-2 7.53327E-3 2.39392E-2 3.99446E-2 4.53295E-3 8.06081E-6 9.91668E-5 8.73878E-5 9.45436E-5 4.47934E-3 2.32109E-3 9.52967E-3 9.56507E-3 2.58997E-2 4.92452E-2 7.36035E-2 6.84031E-2 6.90208E-2 1.04289E-1 6.10507E-2 4.27285E-2 9.35529E-2 2.21774E-1 2.4316E-1 1.73291E-1 1.7688E-1 1.38652E-1 1.40206E-1 1.4826E-1 1.84818E-1 2.21271E-1 1.96225E-1 1.94744E-1 2.02987E-1 2.10355E-1 2.93804E-1 2.73832E-1 1.85011E-1 1.60478E-1 1.50489E-1 1.51032E-1 1.45046E-1 1.44576E-1 1.54117E-1 1.54999E-1 1.68617E-1 1.52254E-1 1.76926E-1 1.40103E-1 1.29418E-1 1.32865E-1 1.17259E-1 1.1188E-1 8.82374E-2 6.95852E-2 3.38976E-2
-9999 -9999 -9999 -9999 -9999 -9999 1.39489E-2 -9999 2.1188E-2 3.01652E-3 2.50061E-4 1.6115E-4 7.3145E-5 2.82933E-4 6.90145E-4 1.39574E-2 7.74848E-3 8.46057E-3 2.53319E-2 5.95071E-2 3.28393E-2 6.32291E-2 7.86978E-2 1.09647E-1 8.27508E-2 9.13729E-2 9.31981E-2 2.18385E-1 2.34812E-1 2.02254E-1 3.52031E-1 2.6744E-1 1.59446E-1 1.52077E-1 1.93633E-1 2.75474E-1 2.63097E-1 2.08142E-1 2.18242E-1 2.16775E-1 1.83926E-1 1.65892E-1 2.34945E-1 1.67372E-1 1.38874E-1 1.48233E-1 1.3799E-1 1.49347E-1 1.58347E-1 2.0404E-1 1.61021E-1 1.38732E-1 1.47658E-1 1.46604E-1 1.37564E-1 1.21367E-1 1.08981E-1 1.04585E-1 8.6032E-2 6.2821E-2 4.81048E-2
-9999 -9999 -9999 9.2552E-4 -9999 -9999 -9999 -9999 -9999 8.57157E-3 4.08673E-4 1.06429E-5 8.64694E-5 4.0887E-4 1.03537E-4 1.55205E-2 7.01686E-3 1.16031E-2 2.08635E-2 2.95594E-2 5.41408E-2 8.00792E-2 5.91424E-2 1.35437E-1 4.33891E-2 3.9257E-2 8.06852E-2 1.43827E-1 2.42795E-1 3.07993E-1 4.6424E-1 4.00466E-1 1.58198E-1 1.42964E-1 1.86311E-1 2.71049E-1 2.5395E-1 3.1042E-1 5.43815E-1 1.94511E-1 1.8407E-1 1.78413E-1 1.92613E-1 1.58961E-1 1.0275E-1 1.32771E-1 1.74759E-1 1.67572E-1 1.75819E-1 1.81768E-1 1.65017E-1 1.59213E-1 1.50965E-1 1.41203E-1 1.30393E-1 1.19507E-1 1.13872E-1 7.95335E-2 8.20689E-2 8.36191E-2 6.51315E-2
-9999 -9999 -9999 2.35808E-3 1.59031E-3 4.68653E-3 -9999 -9999 -9999 1.029E-2 1.09607E-5 2.61922E-5 6.36793E-5 7.60125E-4 1.05699E-3 2.11514E-2 1.27259E-2 9.98703E-3 2.43E-2 4.30437E-2 3.63088E-2 3.83938E-2 6.77118E-2 3.89819E-2 6.64983E-2 1.79999E-2 3.28704E-2 1.06492E-1 2.93652E-1 4.76284E-1 5.57656E-1 4.86222E-1 1.87805E-1 2.3251E-1 2.35842E-1 2.5865E-1 2.59169E-1 4.88169E-1 4.61064E-1 2.10152E-1 2.1253E-1 2.14998E-1 1.89139E-1 1.81599E-1 1.67521E-1 1.71394E-1 1.65991E-1 1.58034E-1 1.73352E-1 2.51363E-1 1.98884E-1 1.82128E-1 1.51385E-1 1.52274E-1 1.15848E-1 1.34796E-1 7.9005E-2 9.94958E-2 1.07039E-1 7.9972E-2 5.11836E-2
-9999 -9999 -9999 1.9806E-3 3.82964E-3 7.27043E-3 5.89598E-3 -9999 -9999 3.13683E-2 1.41448E-4 3.00284E-4 4.86977E-5 3.37002E-4 6.27818E-4 5.73916E-3 1.46608E-2 1.72008E-2 3.2739E-2 4.10872E-2 4.6933E-2 2.42568E-2 1.35686E-2 1.28093E-2 3.86161E-2 2.22664E-4 2.79285E-4 3.43489E-2 1.87909E-1 2.11705E-1 6.37634E-1 6.57051E-1 4.44926E-1 5.41484E-1 4.77917E-1 3.58572E-1 3.87478E-1 4.2661E-1 4.18338E-1 2.22268E-1 2.37529E-1 2.08179E-1 1.88811E-1 2.09011E-1 1.69828E-1 1.652E-1 1.65162E-1 1.5424E-1 1.62243E-1 3.1554E-1 2.83315E-1 2.60526E-1 1.26929E-1 9.88204E-2 1.15904E-1 1.49096E-1 1.24121E-1 1.27961E-1 1.07828E-1 7.26016E-2 5.41522E-2
-9999 -9999 -9999 2.45128E-3 1.49724E-3 2.30887E-3 -9999 -9999 1.81755E-2 3.71567E-5 1.76387E-6 6.73074E-5 6.69484E-5 1.41087E-4 1.15617E-3 4.43448E-3 6.53246E-2 2.28422E-2 4.09065E-2 1.60188E-2 4.50981E-2 2.77128E-2 2.04138E-2 1.44534E-2 1.60554E-2 3.62556E-4 1.35189E-4 1.31028E-2 9.7895E-2 3.86119E-1 5.70301E-1 6.93543E-1 6.20438E-1 5.24087E-1 6.33319E-1 5.08256E-1 4.65089E-1 5.91494E-1 4.28418E-1 2.91359E-1 2.70913E-1 2.44705E-1 2.11961E-1 1.89003E-1 1.94954E-1 1.95161E-1 1.71565E-1 1.66134E-1 2.2441E-1 3.17965E-1 3.00248E-1 1.73998E-1 1.56556E-1 1.4199E-1 8.85505E-2 1.60807E-1 1.3978E-1 1.16954E-1 1.07911E-1 9.30499E-2 8.27659E-2
-9999 -9999 -9999 2.52042E-3 5.04712E-3 -9999 -9999 1.52617E-2 4.48192E-3 1.41113E-4 2.67581E-6 5.04823E-5 5.79577E-5 2.93707E-5 2.91023E-3 9.20854E-3 5.80128E-2 3.77661E-2 2.90576E-2 3.57345E-2 4.80252E-2 2.9905E-2 1.10545E-2 1.40624E-2 1.03588E-2 9.53936E-4 7.31302E-5 4.92824E-3 5.14916E-2 1.25589E-1 3.64696E-1 6.18553E-1 3.56545E-1 4.59291E-1 7.04019E-1 6.16628E-1 6.1144E-1 7.25368E-1 5.24772E-1 2.73476E-1 2.64672E-1 2.04789E-1 1.82586E-1 1.84075E-1 1.95216E-1 2.06371E-1 1.87229E-1 2.12758E-1 2.03318E-1 2.66883E-1 3.01421E-1 1.67707E-1 1.29395E-1 1.59518E-1 1.39035E-1 1.36208E-1 1.38344E-1 1.24461E-1 1.2239E-1 9.93782E-2 6.76441E-2
-9999 -9999 -9999 2.34343E-3 1.59726E-3 -9999 -9999 -9999 1.22041E-2 3.41587E-4 9.48326E-5 3.14979E-4 2.45581E-5 4.46014E-4 5.33022E-3 3.74237E-2 6.61842E-2 5.4714E-2 5.03367E-2 5.37727E-2 6.72688E-2 7.22444E-2 2.79415E-2 1.10227E-2 1.13436E-2 2.31018E-3 6.59653E-4 9.9907E-3 2.87801E-2 6.86395E-2 1.33833E-1 3.71718E-1 5.01669E-1 5.51155E-1 6.44538E-1 6.39517E-1 5.74107E-1 4.7728E-1 2.72534E-1 2.16562E-1 1.8307E-1 1.99696E-1 1.81918E-1 1.86925E-1 1.97144E-1 2.14116E-1 2.42471E-1 2.05858E-1 1.79271E-1 2.55736E-1 2.69079E-1 1.80575E-1 1.52952E-1 1.43972E-1 1.41868E-1 1.15225E-1 1.43441E-1 1.33727E-1 1.31478E-1 1.09831E-1 8.2697E-2
-9999 -9999 -9999 1.7851E-2 4.75748E-2 -9999 -9999 -9999 1.03965E-2 4.15274E-2 5.40225E-3 6.49543E-6 4.47973E-4 1.25958E-3 2.06871E-3 2.5437E-2 5.36321E-2 7.24625E-2 8.27741E-2 4.98615E-2 4.04263E-2 1.08745E-1 4.3415E-2 2.02958E-2 1.37652E-2 3.58978E-3 9.88264E-4 6.04717E-3 1.51609E-2 3.1917E-2 5.77335E-2 4.19441E-1 5.47843E-1 6.32626E-1 4.66527E-1 5.70004E-1 5.00023E-1 5.34762E-1 2.72527E-1 2.57949E-1 1.73561E-1 1.72957E-1 1.5429E-1 1.75288E-1 3.16567E-1 3.15922E-1 2.68554E-1 2.21962E-1 1.90363E-1 2.21637E-1 3.30264E-1 1.97618E-1 1.58952E-1 1.26971E-1 1.59966E-1 1.12075E-1 1.37015E-1 1.32068E-1 1.20603E-1 1.28088E-1 9.86716E-2
-9999 -9999 -9999 2.40754E-3 7.2365E-2 -9999 -9999 -9999 1.48004E-2 3.03307E-4 2.57536E-4 1.39967E-7 7.06183E-5 9.16737E-4 2.7809E-2 3.61323E-2 3.05401E-2 8.80555E-2 8.56888E-2 7.3591E-2 1.22374E-1 1.38462E-1 4.33571E-2 2.54721E-2 1.49553E-2 2.73074E-3 1.88191E-3 2.50428E-3 8.67781E-3 1.3059E-2 4.03786E-2 2.37919E-1 4.00328E-1 6.27172E-1 5.43271E-1 5.2639E-1 2.62552E-1 4.55642E-1 4.67901E-1 2.96455E-1 1.4927E-1 1.59572E-1 1.6906E-1 1.81405E-1 2.24046E-1 2.17613E-1 2.5207E-1 2.2875E-1 2.65245E-1 2.56612E-1 2.39546E-1 2.27508E-1 1.72312E-1 1.73551E-1 1.55406E-1 1.45603E-1 1.31226E-1 1.51748E-1 1.38379E-1 1.31147E-1 1.00928E-1
-9999 -9999 -9999 -9999 1.32766E-2 -9999 -9999 -9999 -9999 4.61267E-3 1.30016E-4 3.51876E-5 1.16645E-4 1.61311E-4 5.7172E-3 2.17883E-2 1.39783E-2 8.95657E-2 1.50779E-1 1.63086E-1 9.47595E-2 2.27422E-1 9.09458E-2 4.99659E-2 3.47222E-2 8.63772E-3 2.27449E-3 1.47067E-3 5.48793E-3 9.41343E-3 4.29386E-2 7.75232E-2 9.30247E-2 1.6699E-1 1.22714E-1 1.78247E-1 4.33721E-1 3.17159E-1 1.3981E-1 1.10446E-1 1.93387E-1 1.90421E-1 2.59361E-1 1.88564E-1 1.9923E-1 2.58796E-1 2.94784E-1 2.9232E-1 1.93212E-1 2.14293E-1 3.36751E-1 2.00066E-1 1.8804E-1 1.89102E-1 1.88048E-1 1.65734E-1 1.5063E-1 1.39812E-1 1.42388E-1 1.38092E-1 1.35995E-1
-9999 -9999 -9999 -9999 6.6392E-3 -9999 -9999 -9999 -9999 1.13204E-2 7.28855E-3 1.29474E-3 2.36139E-4 1.02207E-4 1.36621E-3 2.0843E-2 6.54404E-2 9.44377E-2 1.21116E-1 8.88979E-2 9.71589E-2 1.3758E-1 7.18376E-2 1.11149E-1 9.76433E-2 1.08027E-2 3.10622E-3 8.94238E-4 2.62306E-3 9.8878E-3 4.14032E-2 4.38028E-2 1.03607E-1 1.88799E-1 9.10483E-2 1.04435E-1 2.11827E-1 1.12808E-1 8.28512E-2 6.73118E-2 1.57523E-1 1.23157E-1 1.91287E-1 2.67098E-1 2.2694E-1 2.61209E-1 4.481E-1 2.703E-1 2.57528E-1 2.73316E-1 3.11374E-1 2.24945E-1 2.16571E-1 1.93351E-1 1.93328E-1 1.86924E-1 1.71493E-1 1.59513E-1 1.41813E-1 1.35029E-1 1.3453E-1
-9999 -9999 -9999 -9999 -9999 -9999 -9999 -9999 -9999 2.41247E-2 4.59843E-2 1.08033E-2 7.21844E-4 1.75629E-4 2.54568E-4 6.97461E-3 5.23605E-2 7.02083E-2 9.80144E-2 1.22383E-1 9.21308E-2 9.68092E-2 1.27345E-1 6.75253E-2 2.09346E-2 4.05029E-3 1.79998E-3 2.32316E-3 1.51581E-3 1.43939E-2 4.53182E-2 9.67187E-2 1.13901E-1 1.52927E-1 5.85434E-2 8.00053E-2 1.81783E-1 1.69547E-1 1.14709E-1 1.55034E-1 1.81473E-1 1.29118E-1 2.28812E-1 2.44623E-1 4.60889E-1 5.19415E-1 5.41991E-1 3.39482E-1 2.85959E-1 2.63354E-1 2.8998E-1 2.72357E-1 2.12687E-1 1.59565E-1 1.98251E-1 1.76782E-1 1.73415E-1 1.72898E-1 1.48366E-1 1.29732E-1 1.31147E-1
-9999 -9999 -9999 -9999 -9999 -9999 -9999 -9999 -9999 -9999 1.12408E-2 3.94217E-2 7.08864E-3 1.21052E-4 4.61269E-4 2.83197E-3 4.2092E-2 7.06705E-2 7.05249E-2 9.37845E-2 1.0375E-1 1.06095E-1 1.37366E-1 9.38883E-2 3.73086E-2 8.95961E-3 3.50545E-3 2.38217E-3 4.32506E-3 6.69419E-3 4.11258E-2 1.25846E-1 1.23039E-1 7.22381E-2 7.96154E-2 8.16094E-2 1.53639E-1 1.94641E-1 1.32953E-1 1.79137E-1 1.79843E-1 3.76438E-1 3.74332E-1 4.86459E-1 5.59799E-1 5.77145E-1 4.82129E-1 6.49291E-1 3.16194E-1 2.83892E-1 3.7884E-1 3.01728E-1 2.02655E-1 1.89015E-1 2.01258E-1 2.03454E-1 2.04717E-1 2.31859E-1 1.72763E-1 1.4795E-1 1.39629E-1
-9999 -9999 -9999 -9999 -9999 -9999 -9999 -9999 -9999 -9999 1.37784E-2 1.23466E-2 5.46725E-6 1.00646E-5 1.75064E-4 1.53916E-3 3.09034E-2 7.38842E-2 7.43367E-2 1.19901E-1 1.28687E-1 1.22834E-1 1.48765E-1 1.2807E-1 3.9236E-2 1.5484E-2 1.11384E-2 3.01608E-3 1.30333E-2 1.89889E-2 4.66621E-2 1.1889E-1 1.46514E-1 1.05361E-1 1.2615E-1 1.75189E-1 1.95523E-1 1.50469E-1 1.54909E-1 3.91649E-1 4.12733E-1 5.61961E-1 4.56597E-1 5.0776E-1 5.30545E-1 5.39961E-1 3.30757E-1 5.53761E-1 4.5483E-1 5.35285E-1 5.37354E-1 3.94436E-1 2.52942E-1 2.28244E-1 2.27785E-1 2.0525E-1 2.04365E-1 1.8977E-1 1.88631E-1 1.6687E-1 1.556E-1
-9999 -9999 -9999 -9999 -9999 -9999 -9999 -9999 -9999 -9999 3.0339E-2 9.39904E-3 1.5853E-5 2.63778E-5 7.13579E-3 6.9284E-3 2.22737E-2 9.08217E-2 9.30723E-2 2.13322E-1 1.90608E-1 1.55435E-1 1.39646E-1 1.49742E-1 6.13173E-2 8.35588E-3 7.95303E-3 5.15642E-3 5.09309E-3 2.43184E-2 4.74477E-2 1.38393E-1 1.93534E-1 1.68318E-1 1.53106E-1 1.80318E-1 2.37431E-1 3.10628E-1 3.63544E-1 3.16998E-1 4.19251E-1 4.83536E-1 6.0856E-1 5.96048E-1 5.89979E-1 6.31294E-1 6.4795E-1 6.01166E-1 4.61375E-1 6.39347E-1 6.43427E-1 5.89225E-1 4.59417E-1 4.02517E-1 4.04903E-1 2.34528E-1 2.23769E-1 2.25886E-1 2.14279E-1 1.95185E-1 1.7024E-1
-9999 -9999 -9999 -9999 -9999 -9999 -9999 -9999 -9999 -9999 1.44458E-2 5.77212E-3 9.04532E-4 3.91597E-5 2.04018E-4 1.27153E-3 2.84654E-2 1.39536E-1 1.81794E-1 2.59684E-1 2.70758E-1 1.77404E-1 1.37184E-1 1.55823E-1 8.07778E-2 2.37223E-2 6.66228E-3 5.39542E-3 1.48724E-2 6.45427E-3 4.144E-2 1.3252E-1 1.97691E-1 2.23483E-1 2.50534E-1 1.29442E-1 1.82424E-1 2.4118E-1 2.25377E-1 3.19063E-1 5.24411E-1 6.37198E-1 7.18678E-1 6.73903E-1 7.59928E-1 6.7897E-1 6.66858E-1 6.466E-1 6.84395E-1 7.18023E-1 5.19408E-1 3.9457E-1 4.0704E-1 4.48539E-1 4.45372E-1 4.58995E-1 2.68913E-1 2.2543E-1 2.10081E-1 2.20856E-1 2.18835E-1
-9999 -9999 -9999 -9999 -9999 -9999 -9999 -9999 -9999 -9999 1.07603E-2 1.41625E-2 4.73155E-4 5.10748E-5 5.25339E-2 1.59876E-4 2.21317E-2 7.34858E-2 1.47901E-1 2.92513E-1 3.78521E-1 2.28785E-1 1.90017E-1 1.31514E-1 1.0495E-1 5.25736E-2 3.97534E-2 8.69747E-3 8.57678E-3 2.31674E-2 2.6206E-2 3.7486E-2 1.73215E-1 3.03344E-1 2.9253E-1 2.02195E-1 1.63294E-1 1.74005E-1 1.99913E-1 3.40061E-1 5.58879E-1 7.56188E-1 7.62564E-1 7.91607E-1 8.049E-1 6.66946E-1 5.79791E-1 6.17998E-1 4.31698E-1 6.90165E-1 6.80626E-1 5.05547E-1 4.09664E-1 5.19544E-1 4.37926E-1 3.82852E-1 3.2198E-1 3.39662E-1 2.86116E-1 2.40736E-1 2.36056E-1
-9999 -9999 -9999 -9999 -9999 -9999 -9999 -9999 2.12021E-2 6.22445E-3 3.90489E-3 7.98904E-3 2.25215E-3 1.86328E-4 3.12702E-4 1.20904E-2 2.21978E-2 5.00057E-2 1.33722E-1 1.73218E-1 1.81902E-1 3.21091E-1 3.54411E-1 1.74083E-1 1.23201E-1 4.20717E-2 1.51606E-2 3.29175E-3 2.73538E-3 4.4772E-3 5.57256E-3 2.03989E-2 1.08303E-1 1.35503E-1 1.79196E-1 1.11202E-1 1.56485E-1 2.19367E-1 1.84178E-1 4.04121E-1 6.26238E-1 7.67513E-1 7.24214E-1 7.22843E-1 7.46117E-1 6.04494E-1 5.99686E-1 6.41707E-1 5.95918E-1 4.83276E-1 6.18204E-1 5.36829E-1 4.23991E-1 3.8418E-1 4.4756E-1 4.06884E-1 4.37711E-1 4.57267E-1 4.03162E-1 2.71147E-1 3.00752E-1
-9999 -9999 -9999 -9999 -9999 -9999 -9999 -9999 1.76989E-2 3.14063E-3 1.52433E-3 5.54288E-3 5.27962E-3 1.51069E-4 6.12419E-5 8.39123E-4 1.30547E-3 3.7017E-2 6.27686E-2 1.93994E-2 3.53727E-2 1.13812E-1 3.77335E-1 1.06448E-1 1.01701E-1 6.89992E-2 3.37658E-2 9.05879E-3 1.79637E-3 2.17908E-3 9.37272E-3 5.11765E-3 3.35058E-2 1.20251E-1 2.73925E-1 1.27237E-1 3.1467E-1 2.31019E-1 1.91523E-1 1.9538E-1 4.83581E-1 7.24148E-1 7.00927E-1 6.90822E-1 6.97945E-1 6.33645E-1 5.57748E-1 6.06027E-1 5.81599E-1 6.51939E-1 6.28913E-1 5.9191E-1 5.06019E-1 3.91514E-1 3.68657E-1 4.81716E-1 5.30991E-1 5.75658E-1 4.473E-1 4.759E-1 5.11202E-1
-9999 -9999 -9999 -9999 -9999 -9999 -9999 -9999 1.30528E-2 3.17464E-3 1.07132E-4 2.6232E-4 2.75569E-3 7.33021E-4 6.72842E-5 7.43221E-4 1.02802E-4 1.55121E-2 2.875E-2 2.64638E-2 1.73902E-2 3.10883E-2 2.53836E-1 1.4868E-1 1.32425E-1 1.34591E-1 6.39769E-2 2.45046E-2 2.89851E-3 1.28222E-3 4.2198E-3 6.10061E-3 2.14211E-2 1.0385E-1 3.40972E-1 3.93575E-1 3.33347E-1 4.02209E-1 2.19114E-1 4.90363E-1 7.05772E-1 7.62757E-1 7.54499E-1 7.64053E-1 7.55873E-1 6.56186E-1 5.98695E-1 5.1687E-1 6.63649E-1 6.52812E-1 7.11402E-1 6.19553E-1 5.4227E-1 4.28133E-1 5.52936E-1 3.17634E-1 6.01366E-1 5.9201E-1 4.59552E-1 6.3024E-1 6.33367E-1
-9999 -9999 -9999 -9999 -9999 -9999 -9999 -9999 -9999 4.1578E-2 2.53983E-4 6.09568E-5 1.9917E-4 2.83427E-3 2.42389E-4 1.37795E-4 4.37036E-4 1.61947E-2 3.20202E-1 7.44213E-2 1.08634E-2 1.33701E-2 9.12815E-2 2.2234E-1 1.2825E-1 1.01616E-1 8.99939E-2 3.52195E-2 9.89067E-3 1.74887E-3 8.05414E-4 6.55212E-4 5.2499E-3 1.28648E-2 8.87596E-2 1.68198E-1 3.21529E-1 2.79983E-1 3.48867E-1 7.16124E-1 7.20514E-1 8.24484E-1 8.16198E-1 7.78564E-1 7.25099E-1 6.0259E-1 6.7615E-1 6.76337E-1 4.70277E-1 5.45457E-1 5.17619E-1 5.69379E-1 4.81323E-1 7.32437E-1 6.64592E-1 4.51899E-1 5.56105E-1 6.47338E-1 5.47045E-1 6.25276E-1 5.01158E-1
-9999 -9999 -9999 -9999 -9999 -9999 -9999 -9999 -9999 1.38933E-2 2.9338E-3 4.66479E-5 6.29056E-5 1.21528E-3 5.53522E-3 1.35223E-3 4.68356E-4 1.9225E-4 1.06411E-2 1.2733E-2 8.6785E-3 8.42333E-3 8.67723E-2 1.93824E-1 1.43998E-1 1.27124E-1 1.44869E-1 5.25673E-2 7.52961E-3 7.18509E-4 7.73841E-4 2.22117E-4 1.03151E-2 1.42799E-2 7.89781E-2 1.87987E-1 4.19849E-1 3.7594E-1 3.34953E-1 6.03159E-1 7.78106E-1 7.72701E-1 7.1144E-1 7.20418E-1 6.95285E-1 5.19342E-1 4.3518E-1 6.78308E-1 5.42902E-1 5.94362E-1 6.66614E-1 5.08872E-1 6.30326E-1 6.14274E-1 6.7879E-1 5.90144E-1 4.29073E-1 5.00691E-1 5.18535E-1 5.49334E-1 5.45298E-1
-9999 -9999 -9999 -9999 -9999 -9999 -9999 -9999 -9999 -9999 1.17862E-2 3.30304E-4 8.81569E-6 1.23826E-3 2.26153E-3 1.94468E-3 1.03473E-3 5.67736E-4 5.37655E-3 2.81067E-3 5.005E-3 3.83413E-3 3.17513E-2 3.12361E-1 2.39072E-1 2.054E-1 1.12347E-1 3.47685E-2 6.71219E-3 1.98657E-3 1.56659E-3 9.67965E-4 5.03633E-4 2.4252E-3 3.55403E-2 1.52866E-1 2.37809E-1 3.35328E-1 4.13279E-1 6.87572E-1 7.39855E-1 7.43208E-1 7.31131E-1 6.87536E-1 4.62193E-1 4.63474E-1 3.95285E-1 5.9319E-1 4.99272E-1 5.63089E-1 7.09874E-1 6.90097E-1 6.91733E-1 7.04688E-1 5.41947E-1 6.17481E-1 6.51402E-1 4.76069E-1 5.17031E-1 5.85245E-1 5.29554E-1
-9999 -9999 -9999 -9999 -9999 -9999 -9999 -9999 -9999 -9999 1.04862E-2 1.47166E-3 6.56096E-5 1.7801E-4 2.73524E-3 2.79861E-3 1.02186E-3 1.4698E-4 7.42684E-4 1.40751E-3 3.95259E-3 7.41106E-3 2.68872E-2 1.0436E-1 2.20505E-1 3.49256E-1 2.81827E-1 9.47141E-2 4.70641E-2 3.53504E-3 9.04976E-4 3.07446E-3 2.6811E-3 6.98447E-3 4.29259E-2 4.34034E-2 1.46492E-1 3.21163E-1 4.03692E-1 7.44127E-1 7.89669E-1 7.52863E-1 7.52816E-1 7.74489E-1 7.21926E-1 5.34274E-1 3.32781E-1 3.71398E-1 5.10319E-1 5.0434E-1 6.37308E-1 6.67683E-1 6.74954E-1 6.67302E-1 6.76493E-1 5.62327E-1 6.33483E-1 6.42612E-1 6.4779E-1 4.97995E-1 4.96742E-1
