Final_Models_Sept202022/M_0.1_F_lqp_Set_1/Bison_avg.asc
ncols         97
nrows         127
xllcorner     -2197417.7431653
yllcorner     -584827.01486885
cellsize      30000.0
NODATA_value  -9999
[rows 0 to 26 of 127, columns 0 to 60 of 97]
-9999 -9999 -9999 -9999 -9999 -9999 -9999 -9999 -9999 -9999 -9999 -9999 -9999 -9999 -9999 -9999 -9999 -9999 -9999 -9999 -9999 -9999 -9999 -9999 -9999 -9999 -9999 -9999 -9999 -9999 -9999 -9999 -9999 -9999 -9999 -9999 -9999 -9999 -9999 -9999 -9999 -9999 -9999 -9999 -9999 -9999 -9999 -9999 -9999 -9999 -9999 -9999 -9999 -9999 -9999 -9999 -9999 -9999 -9999 -9999 -9999
-9999 -9999 -9999 -9999 -9999 -9999 -9999 -9999 -9999 -9999 -9999 -9999 -9999 -9999 -9999 -9999 -9999 -9999 -9999 -9999 -9999 -9999 -9999 -9999 -9999 -9999 -9999 -9999 -9999 -9999 -9999 -9999 -9999 -9999 -9999 -9999 -9999 -9999 -9999 -9999 -9999 -9999 -9999 -9999 -9999 -9999 -9999 -9999 -9999 -9999 -9999 -9999 -9999 -9999 -9999 -9999 -9999 -9999 -9999 -9999 -9999
-9999 -9999 -9999 -9999 -9999 -9999 -9999 -9999 -9999 -9999 -9999 -9999 -9999 -9999 -9999 -9999 -9999 -9999 -9999 -9999 -9999 -9999 -9999 -9999 -9999 -9999 -9999 -9999 -9999 -9999 -9999 -9999 -9999 -9999 -9999 -9999 -9999 -9999 -9999 -9999 -9999 -9999 -9999 -9999 -9999 -9999 -9999 -9999 -9999 -9999 -9999 -9999 -9999 -9999 -9999 -9999 -9999 -9999 -9999 -9999 -9999
-9999 -9999 -9999 -9999 -9999 -9999 -9999 -9999 -9999 -9999 -9999 -9999 -9999 -9999 -9999 -9999 -9999 -9999 -9999 2.65935E-2 2.0171E-2 1.06004E-2 2.24779E-2 -9999 -9999 -9999 -9999 -9999 -9999 -9999 -9999 -9999 -9999 -9999 -9999 -9999 -9999 -9999 -9999 -9999 -9999 -9999 -9999 -9999 -9999 -9999 -9999 -9999 -9999 -9999 -9999 -9999 -9999 -9999 -9999 -9999 -9999 -9999 -9999 -9999 -9999
-9999 -9999 -9999 -9999 -9999 -9999 -9999 -9999 -9999 -9999 -9999 -9999 -9999 -9999 -9999 -9999 -9999 -9999 3.06946E-2 2.80835E-2 2.83117E-2 3.09295E-2 2.16672E-2 2.11474E-2 1.41281E-2 -9999 -9999 -9999 -9999 -9999 -9999 -9999 -9999 -9999 -9999 -9999 -9999 -9999 -9999 -9999 -9999 -9999 -9999 -9999 -9999 -9999 -9999 -9999 -9999 -9999 -9999 -9999 -9999 -9999 -9999 -9999 -9999 -9999 -9999 -9999 -9999
-9999 -9999 -9999 -9999 -9999 -9999 -9999 -9999 -9999 -9999 -9999 -9999 -9999 -9999 -9999 -9999 -9999 -9999 2.62739E-2 2.39064E-2 2.35613E-2 2.72576E-2 2.17999E-2 1.41135E-2 1.20083E-2 -9999 -9999 -9999 -9999 -9999 -9999 -9999 -9999 -9999 -9999 -9999 -9999 -9999 -9999 -9999 -9999 -9999 -9999 -9999 -9999 -9999 -9999 -9999 -9999 -9999 -9999 -9999 -9999 -9999 -9999 -9999 -9999 -9999 -9999 -9999 -9999
-9999 -9999 -9999 -9999 -9999 -9999 -9999 -9999 -9999 -9999 -9999 -9999 -9999 -9999 -9999 -9999 -9999 2.0935E-2 2.34542E-2 8.76188E-3 9.63086E-3 1.39905E-2 1.77952E-2 1.33914E-2 9.61278E-3 9.02367E-3 -9999 1.30198E-2 1.27546E-2 1.47616E-2 -9999 -9999 -9999 -9999 -9999 -9999 -9999 -9999 1.01933E-2 -9999 -9999 -9999 -9999 -9999 -9999 -9999 -9999 -9999 -9999 -9999 -9999 -9999 -9999 -9999 -9999 -9999 -9999 -9999 -9999 -9999 -9999
-9999 -9999 -9999 -9999 -9999 -9999 -9999 -9999 -9999 -9999 -9999 -9999 -9999 -9999 -9999 -9999 2.21727E-2 2.5652E-2 7.79512E-3 5.22314E-3 5.07574E-3 6.34554E-3 9.44979E-3 1.24582E-2 1.11432E-2 9.54838E-3 1.32684E-2 1.22316E-2 1.18051E-2 1.24877E-2 1.31653E-2 1.36784E-2 1.1723E-2 1.11282E-2 1.11739E-2 1.17751E-2 1.21146E-2 -9999 9.1346E-3 8.34587E-3 -9999 -9999 -9999 -9999 -9999 -9999 -9999 -9999 -9999 -9999 -9999 -9999 -9999 -9999 -9999 -9999 -9999 -9999 -9999 -9999 -9999
-9999 -9999 -9999 -9999 -9999 -9999 -9999 -9999 -9999 -9999 -9999 -9999 -9999 -9999 -9999 3.2116E-2 3.77603E-2 1.98482E-2 6.03606E-3 4.34085E-3 3.39422E-3 4.03217E-3 7.0917E-3 1.16884E-2 1.28573E-2 1.12945E-2 2.1061E-2 2.2596E-2 1.22519E-2 1.0366E-2 1.12322E-2 1.14821E-2 1.15347E-2 1.12521E-2 1.1871E-2 1.55565E-2 1.35386E-2 1.32056E-2 9.54019E-3 9.16584E-3 -9999 -9999 -9999 -9999 -9999 -9999 -9999 -9999 -9999 -9999 -9999 -9999 -9999 -9999 -9999 -9999 -9999 -9999 -9999 -9999 -9999
-9999 -9999 -9999 -9999 -9999 -9999 -9999 -9999 -9999 -9999 -9999 -9999 -9999 -9999 -9999 4.24011E-2 3.58601E-2 1.66196E-2 5.25671E-3 5.61539E-3 6.70638E-3 8.16845E-3 8.65785E-3 1.00255E-2 1.3631E-2 1.19141E-2 2.0028E-2 1.95257E-2 1.09571E-2 1.09487E-2 1.58757E-2 1.40547E-2 1.35996E-2 1.71118E-2 1.43827E-2 1.84316E-2 2.01179E-2 1.6466E-2 1.22379E-2 -9999 -9999 -9999 7.42233E-3 -9999 -9999 -9999 -9999 -9999 -9999 -9999 -9999 -9999 -9999 -9999 -9999 -9999 -9999 -9999 -9999 -9999 -9999
-9999 -9999 -9999 -9999 -9999 -9999 -9999 -9999 -9999 -9999 -9999 -9999 -9999 -9999 2.22123E-2 3.46616E-2 2.96789E-2 1.71728E-2 1.31374E-2 7.98813E-3 9.23652E-3 9.81702E-3 1.18362E-2 1.23693E-2 1.09728E-2 2.01426E-2 2.24061E-2 1.70817E-2 1.7763E-2 1.1963E-2 2.05371E-2 1.5114E-2 1.27456E-2 2.03454E-2 2.78236E-2 2.43782E-2 2.46921E-2 1.67071E-2 1.16733E-2 -9999 -9999 7.55543E-3 -9999 -9999 -9999 -9999 -9999 -9999 -9999 -9999 -9999 -9999 -9999 -9999 -9999 -9999 -9999 -9999 -9999 -9999 -9999
-9999 -9999 -9999 -9999 -9999 -9999 -9999 -9999 -9999 -9999 -9999 -9999 -9999 1.84121E-2 3.58353E-2 3.76757E-2 3.14824E-2 1.58704E-2 1.23723E-2 7.76918E-3 1.00542E-2 1.26379E-2 1.80182E-2 1.70569E-2 1.73584E-2 1.98738E-2 2.02148E-2 1.8673E-2 1.06207E-2 9.6333E-3 1.07565E-2 1.5356E-2 1.56658E-2 2.37209E-2 2.79377E-2 2.71237E-2 2.76661E-2 1.53111E-2 1.17528E-2 8.3968E-3 6.88132E-3 7.32399E-3 -9999 9.83848E-3 9.92503E-3 -9999 -9999 -9999 -9999 -9999 -9999 -9999 -9999 -9999 -9999 -9999 -9999 -9999 -9999 -9999 -9999
-9999 -9999 -9999 -9999 -9999 -9999 -9999 -9999 -9999 -9999 -9999 -9999 -9999 3.88057E-2 3.40813E-2 2.47761E-2 2.02845E-2 1.42037E-2 1.63832E-2 2.98313E-3 6.09918E-3 8.58371E-3 1.42195E-2 1.23294E-2 1.15494E-2 1.60104E-2 1.67935E-2 1.12966E-2 1.10112E-2 1.00162E-2 1.49552E-2 1.63508E-2 2.1723E-2 2.12867E-2 2.49805E-2 2.93732E-2 1.44783E-2 1.41869E-2 9.70148E-3 6.71086E-3 6.45754E-3 1.09304E-2 1.0432E-2 1.05731E-2 1.0501E-2 1.22384E-2 -9999 -9999 -9999 -9999 -9999 -9999 -9999 -9999 -9999 -9999 -9999 -9999 -9999 -9999 -9999
-9999 -9999 -9999 -9999 -9999 -9999 -9999 -9999 -9999 -9999 -9999 -9999 5.11578E-2 4.73448E-2 3.28415E-2 2.21964E-2 1.61407E-2 1.22289E-2 1.63424E-2 8.96524E-3 7.43289E-3 1.06312E-2 1.21059E-2 1.28572E-2 1.2092E-2 8.40535E-3 1.31586E-2 7.4591E-3 2.11197E-2 2.57748E-2 2.01292E-2 1.32918E-2 1.18124E-2 1.5643E-2 1.60171E-2 1.80528E-2 1.06927E-2 1.16454E-2 1.03654E-2 6.69021E-3 5.91042E-3 6.5703E-3 9.96677E-3 1.10289E-2 1.16833E-2 1.1763E-2 1.20671E-2 -9999 -9999 -9999 4.47937E-3 3.44269E-3 -9999 -9999 -9999 -9999 -9999 -9999 -9999 -9999 -9999
-9999 -9999 -9999 -9999 -9999 -9999 -9999 -9999 -9999 -9999 -9999 2.91855E-2 2.55428E-2 3.1422E-2 1.85631E-2 1.57904E-2 9.00108E-3 5.73919E-3 1.03227E-2 1.22647E-2 1.02765E-2 1.88149E-2 1.80115E-2 1.57832E-2 6.91096E-3 5.86751E-3 1.72301E-2 1.8231E-2 1.4254E-2 1.28256E-2 1.32735E-2 1.43131E-2 9.81903E-3 9.48153E-3 1.94845E-2 2.34984E-2 2.02783E-2 1.57947E-2 1.2699E-2 7.62623E-3 6.84094E-3 6.95372E-3 8.17834E-3 9.15796E-3 9.15613E-3 9.97435E-3 1.01367E-2 9.36018E-3 -9999 -9999 -9999 4.22576E-3 3.49964E-3 -9999 -9999 -9999 -9999 -9999 -9999 -9999 -9999
-9999 -9999 -9999 -9999 -9999 -9999 -9999 -9999 -9999 -9999 -9999 2.79759E-2 1.40199E-2 1.21249E-2 8.7327E-3 4.25678E-3 4.51125E-3 6.31178E-3 5.30955E-3 8.36246E-3 1.38272E-2 1.70017E-2 1.761E-2 1.74126E-2 5.36085E-3 6.81003E-3 1.49996E-2 2.6653E-2 3.23925E-2 2.57309E-2 1.27694E-2 1.07723E-2 8.30624E-3 8.76294E-3 1.89296E-2 2.06025E-2 1.60009E-2 1.36394E-2 1.03573E-2 7.58445E-3 8.15024E-3 8.111E-3 8.13005E-3 1.04006E-2 7.42356E-3 8.26142E-3 7.51948E-3 7.2629E-3 8.09379E-3 -9999 -9999 4.80069E-3 4.38313E-3 4.1668E-3 4.30112E-3 -9999 -9999 -9999 -9999 -9999 -9999
-9999 -9999 -9999 -9999 -9999 -9999 -9999 -9999 -9999 -9999 2.49897E-2 2.92712E-2 2.61605E-2 9.41719E-3 4.17745E-3 3.71932E-3 4.89788E-3 4.56663E-3 6.28638E-3 7.1115E-3 2.36754E-2 1.76853E-2 9.85366E-3 1.76119E-2 7.81318E-3 9.32129E-3 8.86357E-3 1.07344E-2 2.55178E-2 1.2441E-2 1.51232E-2 9.98048E-3 1.79601E-2 1.33459E-2 2.45534E-2 2.77376E-2 2.52091E-2 2.0925E-2 2.12966E-2 1.06023E-2 8.62348E-3 8.46694E-3 8.82499E-3 9.17883E-3 7.67193E-3 6.79348E-3 6.15521E-3 6.93634E-3 7.57021E-3 6.84624E-3 6.2936E-3 7.90823E-3 -9999 -9999 4.71646E-3 4.60518E-3 -9999 -9999 -9999 -9999 -9999
-9999 -9999 -9999 -9999 -9999 -9999 -9999 -9999 -9999 4.8885E-2 2.29553E-2 2.65979E-2 1.22582E-2 7.47957E-3 4.87011E-3 5.10746E-3 4.67058E-3 4.93E-3 5.29041E-3 1.06611E-2 2.10394E-2 2.07874E-2 1.16756E-2 1.29993E-2 6.97777E-3 9.27836E-3 1.04088E-2 8.78343E-3 1.1244E-2 1.51732E-2 2.61481E-2 1.51859E-2 1.40007E-2 2.43221E-2 2.53587E-2 2.39418E-2 2.51113E-2 3.89296E-2 3.97831E-2 2.91153E-2 9.38448E-3 8.73396E-3 8.33379E-3 9.05431E-3 7.91402E-3 6.15912E-3 6.18441E-3 7.0819E-3 7.07995E-3 5.99071E-3 6.27223E-3 6.89307E-3 6.4472E-3 -9999 4.60701E-3 4.61174E-3 4.27453E-3 3.76696E-3 -9999 -9999 -9999
-9999 -9999 -9999 -9999 -9999 -9999 -9999 -9999 2.40381E-2 3.06151E-2 3.70087E-2 2.1295E-2 9.78671E-3 1.18297E-2 1.61753E-2 1.23966E-2 7.95726E-3 9.81846E-3 8.36147E-3 1.01099E-2 1.49584E-2 1.58932E-2 2.10672E-2 1.78439E-2 8.72407E-3 9.73516E-3 8.36158E-3 8.07639E-3 8.5324E-3 7.85141E-3 1.87609E-2 1.9554E-2 2.19488E-2 3.0406E-2 3.01089E-2 2.26008E-2 2.65764E-2 4.24785E-2 4.55631E-2 6.58112E-2 1.87711E-2 1.09339E-2 8.61379E-3 8.83019E-3 7.5171E-3 6.15359E-3 7.07845E-3 8.11402E-3 7.14747E-3 6.07678E-3 6.22435E-3 6.66002E-3 7.07657E-3 7.44187E-3 5.07715E-3 4.68133E-3 3.84586E-3 3.60721E-3 3.53824E-3 3.24308E-3 3.28956E-3
-9999 -9999 -9999 -9999 -9999 -9999 -9999 -9999 1.90893E-2 1.34176E-2 2.77885E-2 2.66308E-2 1.97511E-2 1.61855E-2 2.07967E-2 3.64924E-2 1.88953E-2 1.45651E-2 1.32313E-2 1.11571E-2 1.31011E-2 1.37173E-2 1.27147E-2 1.8097E-2 1.09744E-2 1.53341E-2 1.06088E-2 8.62604E-3 1.36432E-2 1.37836E-2 2.09796E-2 2.35425E-2 2.73162E-2 3.63503E-2 3.14633E-2 2.9789E-2 3.3544E-2 3.99573E-2 4.19666E-2 5.01902E-2 2.66766E-2 1.08348E-2 9.66122E-3 9.07685E-3 8.44278E-3 8.21665E-3 8.98196E-3 9.78744E-3 9.21625E-3 6.83772E-3 6.35333E-3 7.50922E-3 8.2006E-3 7.76725E-3 -9999 5.47683E-3 4.63287E-3 4.8507E-3 3.86235E-3 3.592E-3 3.31444E-3
-9999 -9999 -9999 -9999 -9999 -9999 -9999 3.8068E-2 3.83203E-2 2.5717E-2 3.7682E-2 2.97832E-2 3.555E-2 2.39164E-2 2.03388E-2 2.9921E-2 2.30035E-2 2.17511E-2 1.69233E-2 1.19833E-2 1.39074E-2 1.72115E-2 1.22346E-2 1.40978E-2 8.96078E-3 1.73979E-2 2.37633E-2 1.25686E-2 1.95588E-2 2.19741E-2 2.4033E-2 2.76619E-2 3.26462E-2 4.49567E-2 4.99755E-2 5.75043E-2 2.32051E-2 4.01685E-2 2.98083E-2 5.485E-2 2.05277E-2 1.22472E-2 1.0998E-2 1.03467E-2 1.06089E-2 9.79875E-3 9.35759E-3 9.39699E-3 9.51996E-3 9.80617E-3 8.58409E-3 8.59767E-3 -9999 -9999 -9999 -9999 -9999 -9999 -9999 -9999 -9999
-9999 -9999 -9999 -9999 -9999 -9999 4.4474E-2 6.35912E-2 4.54025E-2 3.96289E-2 5.12453E-2 3.78759E-2 3.89251E-2 4.23289E-2 3.75646E-2 1.82709E-2 2.81899E-2 3.02509E-2 3.22091E-2 1.58197E-2 1.50143E-2 1.12935E-2 7.21881E-3 1.3133E-2 1.06234E-2 1.15994E-2 2.13122E-2 2.46475E-2 1.58592E-2 1.34315E-2 1.81682E-2 1.98222E-2 3.45695E-2 6.43056E-2 5.84383E-2 2.43992E-2 5.35698E-2 3.41593E-2 6.17237E-2 6.0927E-2 1.60178E-2 2.64829E-2 1.66821E-2 1.44189E-2 1.25609E-2 1.11534E-2 1.06236E-2 1.04284E-2 9.86791E-3 9.41742E-3 1.02185E-2 1.06741E-2 9.139E-3 9.09863E-3 -9999 -9999 -9999 -9999 -9999 -9999 -9999
-9999 -9999 -9999 -9999 -9999 -9999 5.25512E-2 4.99153E-2 3.4622E-2 3.72137E-2 3.79549E-2 2.67559E-2 4.23474E-2 2.54362E-2 2.37682E-2 3.40582E-2 3.91829E-2 4.47974E-2 3.41639E-2 2.95687E-2 1.34506E-2 1.44865E-2 8.84612E-3 1.0067E-2 1.07446E-2 1.7982E-2 1.33046E-2 1.59447E-2 2.27311E-2 1.18568E-2 2.85161E-2 2.82435E-2 4.27613E-2 2.54285E-2 2.58956E-2 3.72302E-2 5.19504E-2 5.65101E-2 3.55445E-2 3.91257E-2 2.52612E-2 3.03051E-2 1.813E-2 1.84404E-2 2.07634E-2 1.94314E-2 1.83603E-2 1.33029E-2 1.20896E-2 9.36801E-3 9.11142E-3 6.33971E-3 5.78345E-3 5.80703E-3 5.72488E-3 6.57885E-3 5.82649E-3 4.9635E-3 5.26751E-3 5.52942E-3 4.5895E-3
-9999 -9999 -9999 -9999 -9999 3.88601E-2 4.21244E-2 3.8572E-2 2.91747E-2 5.11506E-2 5.71721E-2 5.1495E-2 3.42554E-2 3.17699E-2 2.45598E-2 2.56494E-2 3.56748E-2 4.95706E-2 3.26248E-2 3.24222E-2 3.13739E-2 2.72297E-2 1.64608E-2 1.53764E-2 1.93015E-2 1.41782E-2 1.00296E-2 8.41484E-3 2.05432E-2 1.92229E-2 1.17376E-2 3.37977E-2 4.82013E-2 5.30997E-2 3.11799E-2 3.16059E-2 5.07496E-2 -9999 -9999 2.38984E-2 -9999 -9999 -9999 4.46791E-2 2.97597E-2 1.91843E-2 1.45769E-2 1.11024E-2 9.34157E-3 1.03002E-2 9.38201E-3 5.61281E-3 4.99537E-3 4.7301E-3 5.17065E-3 5.92174E-3 3.64569E-3 3.83308E-3 3.42971E-3 4.05406E-3 4.5355E-3
-9999 -9999 -9999 -9999 1.37328E-2 2.07776E-2 2.33562E-2 2.71083E-2 3.49652E-2 5.18307E-2 7.0033E-2 5.79917E-2 3.64753E-2 2.64989E-2 3.55167E-2 4.75786E-2 4.591E-2 3.9808E-2 3.71254E-2 4.41695E-2 5.18277E-2 3.27064E-2 2.44922E-2 2.3425E-2 1.73107E-2 1.54768E-2 1.20311E-2 1.01607E-2 1.03184E-2 1.0672E-2 2.58751E-2 3.65734E-2 5.21596E-2 5.76254E-2 1.19775E-2 4.42258E-2 4.8687E-2 6.05038E-2 1.07804E-1 5.70055E-2 1.08236E-1 -9999 3.16373E-2 4.78801E-2 2.4267E-2 1.67533E-2 1.8228E-2 2.19568E-2 1.41325E-2 1.55198E-2 1.06643E-2 5.24445E-3 5.50143E-3 4.99612E-3 4.48605E-3 3.29342E-3 2.74006E-3 3.09725E-3 2.59159E-3 3.02913E-3 4.48367E-3
-9999 -9999 -9999 3.35043E-2 5.9063E-2 5.50056E-2 4.18966E-2 3.25284E-2 4.47044E-2 1.06477E-1 6.96742E-2 7.73866E-2 5.99588E-2 3.22609E-2 4.27384E-2 3.14496E-2 3.82434E-2 4.10747E-2 6.12753E-2 6.24813E-2 3.49371E-2 1.34865E-2 1.87886E-2 2.27341E-2 1.12718E-2 1.00016E-2 1.13721E-2 1.30906E-2 1.30922E-2 7.90497E-3 2.07622E-2 4.61849E-2 4.59363E-2 3.81468E-2 2.93977E-2 5.13911E-2 6.0571E-2 5.13344E-2 5.54467E-2 4.09746E-2 8.20792E-2 4.58508E-2 -9999 -9999 1.85974E-2 2.24625E-2 6.51864E-2 5.37779E-2 2.23218E-2 1.26025E-2 1.74305E-2 8.63013E-3 5.53399E-3 5.40871E-3 4.24204E-3 2.97681E-3 2.86703E-3 2.81975E-3 2.7669E-3 2.67587E-3 4.27302E-3
-9999 -9999 -9999 3.24669E-3 3.97742E-2 7.06366E-2 6.35073E-2 6.47353E-2 7.02387E-2 7.63145E-2 4.65651E-2 7.45692E-2 5.28192E-2 4.55731E-2 3.96118E-2 2.61981E-2 3.70854E-2 4.03591E-2 4.99169E-2 2.41114E-2 1.64011E-2 1.02921E-2 7.43828E-3 1.11099E-2 1.07221E-2 1.31561E-2 1.44466E-2 2.12925E-2 1.13984E-2 1.18606E-2 1.72366E-2 3.30535E-2 2.60409E-2 3.09559E-2 2.58898E-2 4.15368E-2 5.79569E-2 7.67163E-2 3.88715E-2 2.1953E-2 -9999 -9999 -9999 -9999 -9999 1.06498E-1 1.04985E-1 4.70903E-2 1.91217E-2 1.39789E-2 1.26549E-2 2.26994E-2 6.14479E-3 5.8723E-3 3.70716E-3 2.67908E-3 2.91267E-3 2.96064E-3 3.43312E-3 4.60909E-3 7.10193E-3
