Final_Models_Sept202022/M_0.1_F_lqp_Set_1/Bison_9.asc
ncols         97
nrows         127
xllcorner     -2197417.7431653
yllcorner     -584827.01486885
cellsize      30000.0
NODATA_value  -9999
[rows 27 to 53 of 127, columns 0 to 60 of 97]
-9999 -9999 1.89949E-2 4.70625E-3 3.9022E-2 8.30327E-2 1.03617E-1 1.15009E-1 1.73486E-1 1.25202E-1 7.8372E-2 1.16703E-1 4.45367E-2 7.71432E-2 5.73702E-2 8.04066E-2 5.36655E-2 4.48289E-2 2.38332E-2 2.25343E-2 1.94914E-2 1.64379E-2 1.17705E-2 1.06975E-2 1.30676E-2 1.70773E-2 1.94177E-2 1.99912E-2 1.67625E-2 1.60261E-2 1.48987E-2 2.89965E-2 1.95663E-2 2.8145E-2 4.13791E-2 4.18027E-2 4.12546E-2 4.57905E-2 1.52087E-2 6.56842E-2 1.38137E-1 8.78465E-2 9.61746E-2 1.68471E-1 7.78828E-2 6.70093E-2 5.60067E-2 3.41237E-2 2.13108E-2 1.61099E-2 1.34396E-2 1.49886E-2 7.59137E-3 5.79601E-3 2.87708E-3 1.95395E-3 1.85687E-3 1.67551E-3 2.14983E-3 2.76308E-3 4.22178E-3
-9999 1.14923E-4 2.2347E-2 9.58949E-3 4.05783E-3 3.10794E-2 1.15273E-1 8.91668E-2 9.76143E-2 1.37243E-1 9.72929E-2 1.01782E-1 1.30985E-1 1.10613E-1 7.19924E-2 7.98611E-2 1.00981E-1 6.17509E-2 4.28946E-2 3.39082E-2 2.94711E-2 2.05446E-2 1.08109E-2 1.1609E-2 1.62312E-2 1.79766E-2 1.3282E-2 2.02287E-2 1.73717E-2 2.31988E-2 1.6607E-2 2.04166E-2 1.79578E-2 2.43612E-2 2.47867E-2 2.96164E-2 3.23581E-2 7.79994E-2 8.44111E-2 7.222E-2 8.77505E-2 5.22299E-2 9.09406E-2 8.48428E-2 8.58977E-2 4.44647E-2 4.5795E-2 2.27511E-2 1.84405E-2 1.16379E-2 1.36688E-2 1.78795E-2 6.29055E-3 4.35975E-3 3.1031E-3 2.35113E-3 1.92951E-3 1.76251E-3 1.86139E-3 2.29242E-3 2.19201E-3
-9999 1.93351E-7 1.11107E-5 5.15701E-3 4.31802E-3 2.73901E-2 5.4746E-2 1.12022E-1 8.46334E-2 1.31346E-1 7.46212E-2 1.1578E-1 1.36596E-1 1.13984E-1 1.00083E-1 5.0267E-2 6.9945E-2 8.05638E-2 6.69638E-2 3.91747E-2 2.82064E-2 1.44E-2 1.84823E-2 1.30534E-2 2.93979E-2 2.36256E-2 1.92755E-2 1.57082E-2 1.96842E-2 1.84081E-2 2.00213E-2 2.41074E-2 3.19549E-2 2.47329E-2 2.50311E-2 2.54195E-2 2.30079E-2 4.02461E-2 3.8862E-2 6.81917E-2 7.29942E-2 7.60241E-2 7.14688E-2 7.09086E-2 3.91237E-2 4.86479E-2 2.94187E-2 2.03033E-2 1.21128E-2 1.2604E-2 1.25059E-2 1.03741E-2 5.97178E-3 3.82166E-3 2.8885E-3 2.3491E-3 1.94577E-3 1.61705E-3 1.54673E-3 2.18092E-3 2.12396E-3
1.83966E-3 1.11143E-7 7.85328E-12 1.54555E-6 2.54458E-5 1.23528E-2 4.98656E-2 1.45418E-1 9.34052E-2 1.17292E-1 8.83311E-2 1.15066E-1 1.63036E-1 1.70796E-1 9.66215E-2 5.90002E-2 1.19607E-1 7.72227E-2 6.835E-2 4.54965E-2 2.70963E-2 1.80875E-2 2.5472E-2 2.39319E-2 2.51611E-2 2.50632E-2 1.99429E-2 1.58756E-2 2.24304E-2 2.15625E-2 1.90792E-2 1.97173E-2 3.10419E-2 1.87073E-2 2.88813E-2 3.23804E-2 2.33676E-2 3.3499E-2 5.54947E-2 6.94285E-2 7.4814E-2 6.38161E-2 4.58088E-2 6.81181E-2 4.64772E-2 4.00141E-2 3.29246E-2 2.07211E-2 1.14832E-2 6.73032E-3 5.64684E-3 6.32983E-3 5.82285E-3 4.50975E-3 3.43832E-3 2.54409E-3 1.85135E-3 1.70701E-3 1.66199E-3 2.14677E-3 2.03828E-3
6.16427E-3 5.92657E-4 6.17954E-10 2.89735E-13 2.81397E-6 2.67529E-2 5.35192E-2 1.87801E-1 1.17677E-1 1.46435E-1 1.39889E-1 1.59565E-1 1.54769E-1 2.08449E-1 1.25539E-1 1.00897E-1 6.19313E-2 1.21649E-1 5.91857E-2 2.88816E-2 2.14122E-2 2.36106E-2 2.27838E-2 2.00729E-2 2.62373E-2 2.45349E-2 2.39981E-2 2.20195E-2 2.02459E-2 2.43564E-2 2.52654E-2 2.45456E-2 2.70463E-2 1.21319E-2 4.09049E-2 3.49093E-2 4.47984E-2 4.55416E-2 5.02278E-2 4.58132E-2 6.00202E-2 5.70416E-2 5.46371E-2 4.50865E-2 4.07533E-2 3.21842E-2 2.99643E-2 2.45934E-2 1.56985E-2 7.28557E-3 6.10911E-3 6.45839E-3 4.95278E-3 4.58745E-3 3.76755E-3 2.74325E-3 2.0793E-3 2.0146E-3 1.87794E-3 2.07999E-3 2.18873E-3
1.49951E-3 1.37132E-3 5.31436E-4 7.65963E-9 8.99361E-8 2.22725E-2 8.93586E-2 1.25561E-1 1.56738E-1 1.64724E-1 1.65853E-1 1.55109E-1 1.46406E-1 1.46641E-1 1.059E-1 5.19679E-2 3.97893E-2 5.3328E-2 7.06792E-2 4.78361E-2 3.09424E-2 2.46709E-2 2.2591E-2 2.4902E-2 3.97091E-2 2.4375E-2 2.70408E-2 3.23437E-2 2.39669E-2 2.26155E-2 2.10833E-2 2.16508E-2 1.74047E-2 1.56228E-2 3.622E-2 4.41439E-2 3.76403E-2 3.53859E-2 3.70018E-2 3.30948E-2 3.64231E-2 5.06266E-2 5.47869E-2 4.80821E-2 4.66063E-2 2.8616E-2 2.55172E-2 2.53355E-2 1.97742E-2 8.82897E-3 7.53674E-3 6.7411E-3 4.73088E-3 4.91683E-3 4.02604E-3 2.84152E-3 2.37117E-3 2.19562E-3 2.44794E-3 2.22454E-3 2.45392E-3
-9999 3.97014E-4 2.42415E-3 2.35444E-2 1.62423E-6 4.34969E-2 6.18319E-2 9.84988E-2 1.31088E-1 1.10812E-1 1.71266E-1 1.81778E-1 1.53267E-1 1.27909E-1 5.14534E-2 4.60904E-2 2.00147E-2 1.69912E-2 7.05691E-2 6.21223E-2 4.24011E-2 4.70865E-2 2.95934E-2 2.52617E-2 2.81345E-2 4.10934E-2 3.5282E-2 3.81907E-2 4.43043E-2 2.82452E-2 2.75096E-2 2.63546E-2 2.16387E-2 2.82464E-2 4.01684E-2 3.45223E-2 4.14886E-2 4.68514E-2 4.00901E-2 4.38557E-2 4.779E-2 4.35674E-2 5.10958E-2 4.79413E-2 4.16071E-2 3.28911E-2 2.90599E-2 4.1714E-2 3.23311E-2 1.80651E-2 1.22467E-2 9.98689E-3 7.00691E-3 6.07883E-3 4.23762E-3 3.33112E-3 3.23326E-3 2.57445E-3 2.56893E-3 2.32363E-3 2.71603E-3
-9999 -9999 7.64318E-4 9.05737E-3 3.33904E-4 6.47965E-2 2.32866E-2 5.64574E-2 9.67165E-2 1.32693E-1 1.06966E-1 2.74124E-1 1.11006E-1 9.85478E-2 4.96219E-2 4.25896E-2 2.88551E-2 1.84018E-2 2.84145E-2 6.15667E-2 6.17184E-2 3.13398E-2 3.09406E-2 2.71824E-2 6.00732E-2 2.06974E-2 3.46841E-2 4.69657E-2 3.70486E-2 2.92644E-2 2.29549E-2 2.55904E-2 3.32856E-2 4.03821E-2 4.30227E-2 3.30256E-2 3.20621E-2 3.86001E-2 2.49287E-2 2.882E-2 6.26249E-2 5.49744E-2 6.40093E-2 4.67211E-2 6.00281E-2 4.42856E-2 4.1829E-2 3.86227E-2 4.50521E-2 4.12009E-2 2.15192E-2 1.27167E-2 7.71004E-3 6.23479E-3 4.57926E-3 3.55059E-3 3.71694E-3 2.93957E-3 3.00049E-3 3.03234E-3 2.88437E-3
-9999 -9999 4.87682E-4 2.41334E-2 6.59263E-3 1.85959E-2 8.69769E-3 3.67737E-2 6.88621E-2 1.12768E-1 1.20318E-1 1.87026E-1 1.11873E-1 8.95911E-2 4.53516E-2 8.24385E-2 5.24564E-2 4.63104E-2 2.45206E-2 3.7449E-2 5.13198E-2 6.03444E-2 3.92044E-2 1.50609E-2 4.65535E-2 3.35542E-2 4.31064E-2 4.93924E-2 5.4254E-2 3.3336E-2 2.46512E-2 2.68593E-2 2.97186E-2 3.82539E-2 3.6839E-2 3.83236E-2 1.64446E-2 2.758E-2 2.48683E-2 2.61247E-2 3.61308E-2 6.64281E-2 4.10427E-2 5.926E-2 5.94954E-2 5.42575E-2 4.45585E-2 4.45436E-2 3.82175E-2 5.5529E-2 2.87842E-2 2.73243E-2 1.18924E-2 6.88813E-3 5.34279E-3 4.23349E-3 3.70361E-3 3.58829E-3 3.69133E-3 3.52351E-3 2.82278E-3
-9999 -9999 8.14313E-4 2.93245E-2 6.62931E-3 5.36539E-3 4.10618E-3 5.97304E-2 9.68747E-2 6.85455E-2 8.95531E-2 9.81631E-2 1.47801E-1 9.59728E-2 4.82387E-2 6.50572E-2 7.01837E-2 5.73061E-2 6.3402E-2 3.08509E-2 5.71989E-2 6.62263E-2 4.02457E-2 3.66487E-2 3.09063E-2 1.40386E-2 4.15421E-2 2.72028E-2 3.84571E-2 3.90567E-2 2.93555E-2 2.55243E-2 2.72128E-2 4.03499E-2 4.17942E-2 4.41153E-2 1.97049E-2 2.11657E-2 2.46173E-2 2.46034E-2 2.92075E-2 4.05874E-2 3.66903E-2 2.49651E-2 6.32661E-2 6.21907E-2 5.21706E-2 5.8085E-2 4.9538E-2 5.3373E-2 2.92914E-2 2.05878E-2 1.19922E-2 7.99275E-3 7.89356E-3 5.69274E-3 4.70177E-3 4.19901E-3 4.96605E-3 4.11247E-3 3.38673E-3
-9999 -9999 -9999 8.6326E-3 1.04091E-3 1.68996E-2 7.98064E-3 2.84428E-2 3.01095E-2 1.95035E-2 2.85244E-2 1.04137E-1 1.45999E-1 9.73918E-2 6.0293E-2 5.9926E-2 5.7874E-2 5.22902E-2 6.43344E-2 5.89715E-2 4.94743E-2 3.33218E-2 3.17693E-2 5.14274E-2 5.8519E-2 3.2557E-2 4.91138E-2 5.07662E-2 4.2984E-2 3.27196E-2 2.84351E-2 3.00872E-2 3.24745E-2 3.48136E-2 3.81527E-2 3.94021E-2 3.01639E-2 2.17583E-2 1.82699E-2 2.5887E-2 2.34553E-2 3.13031E-2 4.75974E-2 5.15108E-2 6.98343E-2 5.79859E-2 5.68501E-2 6.44213E-2 4.04732E-2 3.0811E-2 2.41641E-2 2.15497E-2 1.78511E-2 1.14316E-2 1.06146E-2 7.66836E-3 7.86124E-3 5.94282E-3 4.24037E-3 4.17439E-3 3.86975E-3
-9999 -9999 -9999 2.91782E-3 2.87964E-5 8.0663E-2 3.3645E-2 3.93277E-2 6.15308E-2 5.68873E-2 1.68179E-2 9.30613E-2 9.93852E-2 8.81462E-2 9.94205E-2 5.79919E-2 4.13595E-2 6.26949E-2 4.78863E-2 5.63911E-2 2.97649E-2 2.51634E-2 2.52427E-2 4.18188E-2 5.14723E-2 6.13593E-2 6.14067E-2 3.9297E-2 2.34891E-2 2.71726E-2 3.05453E-2 3.57724E-2 4.31261E-2 3.68624E-2 3.7185E-2 3.75843E-2 2.87166E-2 3.25101E-2 5.13432E-2 2.77864E-2 2.64925E-2 3.16938E-2 3.61812E-2 2.93689E-2 5.93747E-2 6.48804E-2 6.08878E-2 6.88565E-2 6.34977E-2 5.61233E-2 2.08005E-2 4.93107E-2 2.43597E-2 2.00778E-2 1.35086E-2 8.34893E-3 7.53531E-3 6.12406E-3 5.89144E-3 4.56865E-3 4.12191E-3
-9999 -9999 -9999 2.5956E-3 4.06439E-2 1.47486E-1 7.42289E-2 5.42264E-2 3.52913E-2 7.4586E-2 1.94205E-2 4.00161E-2 9.53198E-2 8.5682E-2 7.20407E-2 6.33492E-2 2.84115E-2 5.72346E-2 4.80734E-2 5.37466E-2 3.43821E-2 2.49075E-2 3.90212E-2 4.76515E-2 6.0472E-2 5.83655E-2 5.60546E-2 4.98774E-2 3.46822E-2 2.5044E-2 3.3705E-2 4.4115E-2 5.23267E-2 3.55112E-2 4.49589E-2 4.7503E-2 5.55974E-2 5.76697E-2 4.45161E-2 2.73625E-2 1.89495E-2 2.27256E-2 4.47314E-2 5.8647E-2 7.15751E-2 7.31851E-2 5.43018E-2 8.11398E-2 6.47468E-2 5.5266E-2 4.22661E-2 3.00039E-2 4.95649E-2 3.39531E-2 2.23593E-2 2.13296E-2 2.48218E-2 1.4773E-2 1.07082E-2 6.67993E-3 4.85473E-3
-9999 -9999 -9999 -9999 1.36642E-2 9.38308E-2 9.52263E-3 1.37254E-2 7.78046E-2 2.78773E-2 2.04978E-3 1.28127E-2 1.16598E-1 6.26327E-2 8.0336E-2 7.64773E-2 6.13144E-2 5.93804E-2 6.90575E-2 6.5892E-2 4.42681E-2 3.88005E-2 4.3493E-2 4.00779E-2 4.56275E-2 4.45933E-2 4.95837E-2 4.16353E-2 3.74421E-2 4.12764E-2 4.47404E-2 5.35108E-2 3.99194E-2 4.41062E-2 4.02136E-2 4.85446E-2 5.64572E-2 4.83716E-2 3.33513E-2 3.6598E-2 3.54168E-2 3.65283E-2 4.07589E-2 8.27297E-2 8.34269E-2 7.01927E-2 5.42346E-2 7.89252E-2 8.82991E-2 6.92453E-2 3.16174E-2 6.07993E-2 8.07816E-2 4.65323E-2 3.37668E-2 5.0888E-2 2.26679E-2 3.14538E-2 2.96187E-2 7.86871E-3 4.91436E-3
-9999 -9999 -9999 -9999 3.0929E-2 2.11053E-2 9.18652E-3 3.36241E-2 2.74924E-2 7.75394E-4 4.10566E-4 8.09432E-3 1.04899E-1 6.94252E-2 9.12153E-2 5.40709E-2 6.59338E-2 7.48532E-2 6.79508E-2 5.99277E-2 6.65159E-2 8.48216E-2 5.3987E-2 4.7997E-2 4.25574E-2 3.90313E-2 5.12314E-2 3.90955E-2 4.16404E-2 4.06746E-2 4.07767E-2 6.32434E-2 4.75252E-2 5.35451E-2 4.90206E-2 5.4492E-2 5.15522E-2 6.93169E-2 6.20869E-2 7.31833E-2 6.48464E-2 7.82164E-2 6.40048E-2 9.19544E-2 7.47308E-2 9.47237E-2 1.01371E-1 3.2482E-2 7.41026E-2 1.07169E-1 8.35876E-2 8.24665E-2 9.42531E-2 3.36823E-2 3.50793E-2 5.36475E-2 4.5454E-2 4.04924E-2 2.92213E-2 1.01909E-2 6.24485E-3
-9999 -9999 -9999 -9999 1.75831E-3 1.01965E-2 6.91845E-3 2.5474E-2 1.79094E-2 1.51908E-3 1.87453E-3 3.52619E-3 4.16699E-2 5.62842E-2 6.55838E-2 6.69973E-2 8.12339E-2 9.3231E-2 3.97299E-2 6.13167E-2 6.21366E-2 5.03671E-2 6.88534E-2 6.62532E-2 5.97819E-2 5.59127E-2 4.95177E-2 4.72115E-2 4.1902E-2 3.69041E-2 5.47004E-2 5.60912E-2 6.13081E-2 5.8096E-2 5.78198E-2 5.96381E-2 5.87946E-2 7.09037E-2 8.78064E-2 8.17677E-2 8.52947E-2 8.58999E-2 1.02551E-1 9.62407E-2 8.46961E-2 9.17338E-2 1.19179E-1 1.29398E-1 -9999 1.01532E-1 7.58007E-2 7.586E-2 4.26258E-2 4.99846E-2 9.62074E-2 5.28298E-2 4.60084E-2 3.76813E-2 5.5752E-2 1.57047E-2 7.50207E-3
-9999 -9999 -9999 -9999 2.32657E-3 4.07174E-3 2.68964E-3 1.4377E-4 2.70153E-1 4.86697E-1 4.81713E-3 1.59749E-3 1.52364E-2 4.55494E-2 4.13844E-2 6.46312E-2 8.62325E-2 3.78683E-2 3.45262E-2 6.39691E-2 6.18578E-2 6.02878E-2 6.8562E-2 7.71143E-2 5.62256E-2 4.30697E-2 3.3486E-2 6.41353E-2 4.21981E-2 5.05525E-2 6.53894E-2 6.11948E-2 6.06346E-2 5.85426E-2 5.36435E-2 6.45335E-2 6.44478E-2 6.66097E-2 6.95136E-2 8.06287E-2 9.15641E-2 9.29845E-2 9.77942E-2 9.79449E-2 9.99076E-2 8.78605E-2 -9999 -9999 -9999 -9999 9.75778E-2 5.44189E-2 5.56174E-2 8.02965E-2 6.88246E-2 5.797E-2 2.55622E-2 1.82579E-2 9.51145E-3 1.37337E-2 1.27788E-2
-9999 -9999 -9999 -9999 1.03376E-3 5.24067E-3 2.3419E-3 6.29083E-4 1.49282E-5 5.75352E-1 6.82284E-3 6.32568E-3 1.34677E-2 3.61911E-2 3.2726E-2 4.78735E-2 5.50321E-2 3.4675E-2 4.22882E-2 5.44845E-2 5.44996E-2 6.66645E-2 7.86367E-2 7.42083E-2 4.1618E-2 2.72495E-2 4.34942E-2 5.16847E-2 5.70868E-2 6.76291E-2 6.59936E-2 6.44592E-2 6.20267E-2 7.68166E-2 4.7279E-2 6.05922E-2 7.34357E-2 6.57597E-2 6.90636E-2 7.45965E-2 9.6627E-2 8.99433E-2 7.57701E-2 4.97623E-2 1.07138E-1 -9999 -9999 -9999 -9999 2.07978E-1 8.95244E-2 8.41519E-2 6.79891E-2 7.02158E-2 6.82871E-2 5.30319E-2 4.59836E-2 3.0651E-2 3.10156E-2 4.22154E-2 1.75141E-2
-9999 -9999 -9999 -9999 3.65882E-3 1.27724E-2 4.46832E-3 2.84254E-4 1.52052E-2 1.43437E-1 7.58785E-3 5.02006E-3 6.37448E-3 4.01802E-2 4.38583E-2 4.32624E-2 5.51584E-2 5.76747E-2 2.90862E-2 3.60088E-2 5.5274E-2 7.71306E-2 6.06041E-2 4.9322E-2 4.72809E-2 4.4117E-2 4.99354E-2 6.67238E-2 7.48956E-2 6.75279E-2 6.59025E-2 6.7549E-2 6.58815E-2 6.82023E-2 6.85902E-2 5.59414E-2 6.29291E-2 6.22947E-2 8.27466E-2 8.1686E-2 8.57505E-2 9.0882E-2 1.09908E-1 1.22848E-1 1.3616E-1 -9999 -9999 -9999 2.12468E-1 1.62924E-1 1.20568E-1 8.8837E-2 8.12163E-2 6.70405E-2 6.06866E-2 4.75684E-2 4.85047E-2 1.9151E-2 2.22572E-2 3.52333E-2 1.50993E-2
-9999 -9999 -9999 5.54574E-3 3.8589E-1 1.6378E-1 4.99527E-4 1.65302E-3 7.36784E-4 8.22098E-3 6.98351E-3 2.64086E-3 7.84463E-3 2.75478E-2 5.19666E-2 3.62221E-2 7.26781E-2 5.53971E-2 5.6066E-2 2.4072E-2 4.02826E-2 5.40669E-2 4.69338E-2 3.17772E-2 4.99553E-2 4.84153E-2 5.83417E-2 6.41531E-2 4.94796E-2 5.75431E-2 8.72189E-2 7.81516E-2 6.9244E-2 7.24487E-2 6.94153E-2 7.03105E-2 6.47317E-2 7.83636E-2 7.62403E-2 8.8108E-2 8.36858E-2 8.02962E-2 9.29027E-2 1.23791E-1 2.30676E-1 1.77012E-1 1.66258E-1 1.70924E-1 1.72876E-1 1.26304E-1 1.22271E-1 1.04843E-1 9.40447E-2 8.14458E-2 7.32591E-2 4.74748E-2 4.9052E-2 2.38501E-2 2.5233E-2 2.76787E-2 2.03352E-2
-9999 -9999 -9999 -9999 4.27654E-2 3.8043E-1 4.17666E-3 -9999 9.30195E-4 1.21228E-2 4.70636E-3 8.10364E-4 2.21324E-2 3.55822E-2 4.43422E-2 6.33585E-2 7.46796E-2 5.5007E-2 4.02333E-2 4.13965E-2 3.12207E-2 4.9909E-2 3.15316E-2 5.56129E-2 8.69302E-2 7.29725E-2 6.44067E-2 6.11722E-2 5.10087E-2 5.74293E-2 6.08648E-2 7.85718E-2 7.39889E-2 7.63112E-2 7.02542E-2 6.31154E-2 6.94455E-2 6.10726E-2 6.45139E-2 9.23629E-2 1.04835E-1 9.16571E-2 8.07248E-2 1.07062E-1 1.21069E-1 1.41631E-1 1.40451E-1 1.40236E-1 1.49021E-1 1.2006E-1 1.1884E-1 8.87133E-2 9.67166E-2 8.95609E-2 7.95106E-2 4.29756E-2 4.62892E-2 2.9566E-2 3.694E-2 3.04192E-2 1.7965E-2
-9999 -9999 -9999 -9999 1.83496E-2 6.42138E-3 2.69406E-3 3.33116E-3 2.27655E-3 1.03758E-1 1.08332E-2 5.03207E-4 1.08507E-2 1.80574E-2 3.63777E-2 9.32193E-2 5.6605E-2 6.58862E-2 3.83795E-2 3.57443E-2 3.00811E-2 3.74396E-2 4.84067E-2 7.78121E-2 5.87879E-2 8.34791E-2 6.08886E-2 6.3799E-2 6.70292E-2 6.75966E-2 7.25279E-2 9.50467E-2 8.24316E-2 8.60654E-2 8.6478E-2 8.60447E-2 7.57731E-2 5.57203E-2 7.04386E-2 7.73396E-2 8.08161E-2 9.54872E-2 6.95001E-2 9.63769E-2 9.17162E-2 1.23024E-1 1.2594E-1 1.18105E-1 1.22157E-1 1.1806E-1 1.09522E-1 9.29099E-2 9.66443E-2 9.67827E-2 9.76243E-2 6.76798E-2 5.03815E-2 5.09257E-2 2.78211E-2 3.40936E-2 3.27276E-2
-9999 -9999 -9999 -9999 1.84412E-1 3.6745E-3 5.76636E-3 2.14207E-3 4.33955E-3 9.48364E-2 4.53544E-3 4.89933E-4 3.83428E-3 3.87132E-2 3.12818E-2 4.89744E-2 6.15833E-2 7.78963E-2 6.17947E-2 4.52532E-2 3.36204E-2 3.9703E-2 2.85046E-2 4.34752E-2 9.63512E-2 7.75627E-2 5.28154E-2 6.6997E-2 7.4115E-2 7.89966E-2 8.12825E-2 8.54183E-2 1.1495E-1 9.47402E-2 1.11965E-1 9.72013E-2 9.23708E-2 8.3469E-2 9.53945E-2 1.01027E-1 1.0089E-1 1.01396E-1 9.45817E-2 9.26844E-2 1.02954E-1 1.10002E-1 1.00308E-1 1.10573E-1 1.10733E-1 1.18564E-1 1.02813E-1 9.17316E-2 9.08885E-2 8.86409E-2 8.7442E-2 5.60289E-2 5.62251E-2 5.55899E-2 4.10318E-2 3.4191E-2 2.44727E-2
-9999 -9999 -9999 -9999 -9999 5.09687E-3 6.1406E-3 6.96243E-3 3.38487E-3 8.78834E-3 1.13495E-3 4.27377E-3 7.89746E-3 9.31598E-3 1.64744E-2 4.51994E-2 8.20313E-2 6.74346E-2 7.63945E-2 5.66202E-2 5.63939E-2 6.032E-2 3.67238E-2 5.70935E-2 5.41623E-2 9.59936E-2 7.5556E-2 6.78819E-2 7.04995E-2 1.00153E-1 1.02667E-1 1.16036E-1 1.07514E-1 1.04501E-1 1.01782E-1 1.13865E-1 9.41318E-2 8.67458E-2 1.02323E-1 9.73225E-2 1.08016E-1 1.06561E-1 1.02616E-1 1.12037E-1 1.09071E-1 1.01336E-1 9.8354E-2 1.06079E-1 1.11724E-1 1.29471E-1 1.11668E-1 1.02001E-1 9.45362E-2 8.3027E-2 8.60444E-2 5.57724E-2 6.65245E-2 6.31766E-2 5.80944E-2 2.07683E-2 2.83742E-2
-9999 -9999 -9999 -9999 -9999 8.52795E-3 1.80992E-3 7.82562E-3 8.97483E-3 2.20436E-2 1.21585E-3 1.08359E-4 6.69035E-4 3.34178E-3 2.07247E-2 3.51785E-2 6.76167E-2 6.88284E-2 8.39952E-2 7.13131E-2 8.04809E-2 3.77321E-2 6.14199E-2 5.31003E-2 6.91843E-2 1.16152E-1 8.61218E-2 7.57136E-2 8.45202E-2 8.13391E-2 9.33558E-2 1.06921E-1 1.1735E-1 1.03616E-1 9.82349E-2 1.1359E-1 1.20132E-1 1.18344E-1 1.1656E-1 1.16126E-1 1.02603E-1 1.08575E-1 1.06877E-1 1.10915E-1 9.1804E-2 1.06899E-1 1.15847E-1 1.04006E-1 9.44022E-2 1.11689E-1 1.11252E-1 1.0004E-1 8.70936E-2 6.697E-2 9.25772E-2 7.044E-2 5.67017E-2 6.57599E-2 4.70587E-2 4.26515E-2 3.42729E-2
-9999 -9999 -9999 -9999 -9999 2.06612E-2 4.72965E-3 2.2377E-3 7.03874E-3 5.21656E-4 1.04363E-3 2.13078E-5 2.42897E-4 4.91061E-4 2.39621E-2 3.08579E-2 4.67803E-2 4.17265E-2 6.29697E-2 9.09242E-2 5.46925E-2 5.97015E-2 5.84846E-2 5.31146E-2 5.92443E-2 1.01333E-1 5.66704E-2 9.41131E-2 9.2842E-2 8.91431E-2 1.00629E-1 1.12455E-1 1.22993E-1 1.20808E-1 1.33207E-1 1.39536E-1 1.34859E-1 1.51788E-1 1.39094E-1 1.3799E-1 1.2794E-1 1.13627E-1 1.16012E-1 9.41419E-2 1.10879E-1 1.06789E-1 1.09259E-1 1.06302E-1 1.03255E-1 1.17903E-1 1.1824E-1 1.00375E-1 8.84358E-2 5.79192E-2 9.13357E-2 7.86429E-2 8.36068E-2 7.00185E-2 5.54132E-2 5.40641E-2 4.44361E-2
-9999 -9999 -9999 -9999 -9999 5.07085E-3 1.42283E-3 3.42883E-3 9.25057E-3 7.42555E-4 6.68963E-4 1.61885E-4 9.51684E-4 4.23912E-3 1.74472E-2 2.27146E-2 3.07613E-2 3.13015E-2 4.7812E-2 6.44709E-2 8.92536E-2 1.09389E-1 1.04495E-1 5.41736E-2 4.03577E-2 1.40952E-1 8.32435E-2 9.70865E-2 1.01822E-1 1.01885E-1 1.19818E-1 1.24808E-1 1.20927E-1 1.28777E-1 1.36785E-1 1.41136E-1 1.66531E-1 1.43299E-1 1.39381E-1 1.59108E-1 2.13006E-1 1.58269E-1 1.16207E-1 7.06342E-2 1.34689E-1 1.2515E-1 1.29652E-1 1.22087E-1 1.08353E-1 1.34483E-1 1.03701E-1 1.13189E-1 1.21095E-1 9.81227E-2 6.6192E-2 -9999 6.41277E-2 4.82377E-2 5.45702E-2 6.47679E-2 5.04451E-2
