Final_Models_Sept202022/M_0.1_F_lqp_Set_1/Bison_max.asc
ncols         97
nrows         127
xllcorner     -2197417.7431653
yllcorner     -584827.01486885
cellsize      30000.0
NODATA_value  -9999
[rows 81 to 107 of 127, columns 0 to 60 of 97]
-9999 -9999 -9999 -9999 -9999 -9999 -9999 -9999 -9999 -9999 -9999 6.37924E-2 4.89076E-3 1.08429E-3 1.14629E-2 6.94499E-3 4.17148E-3 7.6143E-4 1.41929E-3 1.77111E-2 4.50353E-3 3.69816E-2 1.84191E-2 6.67693E-2 1.93958E-1 3.31345E-1 1.25306E-1 1.15032E-1 1.47741E-1 2.06458E-2 1.5991E-2 4.76659E-3 1.04241E-2 4.52361E-2 6.32623E-2 8.85331E-2 1.11796E-1 4.85725E-1 7.24438E-1 8.40556E-1 9.0179E-1 7.47736E-1 7.21182E-1 8.19035E-1 7.49762E-1 5.44483E-1 4.71476E-1 4.57131E-1 4.83181E-1 5.42579E-1 6.00731E-1 7.10701E-1 7.19361E-1 7.05117E-1 6.90308E-1 5.32604E-1 6.33929E-1 6.58867E-1 6.06408E-1 5.5339E-1 5.46784E-1
-9999 -9999 -9999 -9999 -9999 -9999 -9999 -9999 -9999 -9999 -9999 -9999 5.59893E-2 1.79209E-3 3.01206E-3 8.55621E-3 6.44132E-3 3.20484E-2 4.75573E-3 3.48406E-3 2.69846E-3 3.08265E-3 3.23166E-3 2.34531E-2 2.65303E-1 2.95506E-1 7.06121E-2 1.10493E-1 2.1924E-1 3.04551E-2 9.71611E-3 8.04322E-3 6.34186E-3 2.19696E-2 9.0747E-2 1.53998E-1 1.35197E-1 1.62008E-1 4.82136E-1 7.85538E-1 8.75708E-1 7.43162E-1 7.40009E-1 7.62627E-1 7.0208E-1 5.15812E-1 4.28329E-1 5.11422E-1 5.52718E-1 6.96483E-1 7.03033E-1 7.26051E-1 7.36913E-1 7.24131E-1 6.77888E-1 6.55475E-1 6.36561E-1 5.8378E-1 5.61643E-1 4.98325E-1 6.04173E-1
-9999 -9999 -9999 -9999 -9999 -9999 -9999 -9999 -9999 -9999 -9999 -9999 -9999 1.74579E-2 3.28136E-4 1.75724E-3 1.83615E-3 2.75755E-2 5.14869E-1 3.72511E-2 4.4908E-3 5.21713E-3 1.05555E-3 1.50056E-2 7.69213E-2 6.36061E-2 4.52881E-2 1.43931E-1 3.69584E-2 2.95357E-2 1.00524E-2 7.66288E-3 3.11368E-3 1.2127E-2 4.65891E-2 2.97264E-1 1.25816E-1 1.32102E-1 2.53546E-1 7.48174E-1 8.28483E-1 7.89783E-1 7.51849E-1 7.06357E-1 6.53197E-1 4.77914E-1 4.92362E-1 5.26528E-1 5.70161E-1 6.68829E-1 6.93183E-1 6.99039E-1 7.44599E-1 7.33313E-1 6.88712E-1 6.50229E-1 6.92891E-1 6.55051E-1 5.45335E-1 5.4887E-1 5.6196E-1
-9999 -9999 -9999 -9999 -9999 -9999 -9999 -9999 -9999 -9999 -9999 -9999 -9999 2.07799E-2 1.49863E-3 1.99067E-3 6.82074E-3 -9999 2.09698E-2 1.17707E-1 2.76388E-1 4.36029E-2 2.22115E-3 9.51559E-3 1.33591E-1 8.39256E-2 1.29845E-1 1.05806E-1 4.56418E-2 2.30475E-2 1.93141E-2 8.16472E-3 4.95159E-3 1.50488E-2 3.8144E-2 1.12834E-1 7.98776E-2 9.91964E-2 1.63545E-1 5.67969E-1 7.2614E-1 7.27696E-1 7.35324E-1 5.75356E-1 6.20536E-1 7.1429E-1 6.59291E-1 6.94209E-1 5.41885E-1 6.08594E-1 6.72173E-1 6.55244E-1 6.83283E-1 6.45237E-1 6.56863E-1 4.50645E-1 6.57395E-1 7.12904E-1 5.96563E-1 5.93617E-1 6.74392E-1
-9999 -9999 -9999 -9999 -9999 -9999 -9999 -9999 -9999 -9999 -9999 -9999 -9999 2.44326E-2 4.55268E-3 1.40683E-3 6.27208E-3 -9999 6.22533E-2 3.26661E-1 1.03169E-1 3.62906E-3 6.54067E-4 1.08202E-2 4.83533E-2 6.91537E-2 1.62532E-1 5.67978E-2 3.86083E-2 1.81594E-2 9.91958E-3 4.05018E-3 1.22695E-2 2.09352E-2 3.16193E-2 9.41092E-2 1.01799E-1 1.22929E-1 2.90982E-1 3.17248E-1 5.33672E-1 6.78406E-1 7.3123E-1 6.57355E-1 5.76778E-1 7.1736E-1 5.51663E-1 4.91695E-1 5.33643E-1 7.07355E-1 6.67869E-1 5.45089E-1 6.58566E-1 7.29975E-1 6.80149E-1 6.02887E-1 7.21792E-1 5.70839E-1 5.77192E-1 5.73511E-1 5.48725E-1
-9999 -9999 -9999 -9999 -9999 -9999 -9999 -9999 -9999 -9999 -9999 -9999 -9999 9.54054E-3 1.02836E-2 2.25727E-3 3.12013E-3 -9999 4.17801E-3 1.08119E-1 1.89599E-2 2.40034E-3 2.77721E-3 5.10723E-3 3.8837E-2 1.10303E-1 2.42111E-1 6.31108E-2 3.48802E-2 1.34592E-2 2.55723E-2 1.59778E-2 1.98125E-2 1.43984E-2 2.22968E-2 2.16269E-1 3.47381E-2 1.23071E-1 1.60419E-1 4.02339E-1 4.72214E-1 6.50576E-1 6.83117E-1 6.84472E-1 6.81801E-1 6.2755E-1 5.08542E-1 5.63585E-1 5.94236E-1 7.10325E-1 6.4879E-1 4.11199E-1 5.65819E-1 7.2176E-1 6.95457E-1 6.95329E-1 6.8792E-1 4.41911E-1 5.21734E-1 5.6828E-1 6.66124E-1
-9999 -9999 -9999 -9999 -9999 -9999 -9999 -9999 -9999 -9999 -9999 -9999 -9999 1.93048E-2 3.41643E-3 1.06702E-3 2.84021E-2 -9999 1.76744E-2 1.80596E-1 1.63693E-2 1.68352E-3 5.94469E-3 3.07892E-2 7.52276E-2 2.04333E-1 5.17886E-1 2.42426E-1 1.37611E-1 2.27553E-2 4.86577E-2 9.89623E-3 3.27826E-3 2.21504E-2 6.11711E-2 1.22157E-1 1.1721E-1 8.55323E-2 6.10695E-1 5.83805E-1 4.08445E-1 6.32684E-1 7.46809E-1 6.82867E-1 6.61101E-1 6.46105E-1 6.96222E-1 7.34663E-1 6.70816E-1 5.26785E-1 4.80988E-1 3.65181E-1 5.61857E-1 6.72378E-1 7.51998E-1 7.27192E-1 6.43496E-1 5.24345E-1 4.72403E-1 5.02261E-1 6.05E-1
-9999 -9999 -9999 -9999 -9999 -9999 -9999 -9999 -9999 -9999 -9999 -9999 -9999 1.25725E-2 6.57411E-3 8.68405E-4 1.33308E-3 4.67483E-3 3.99435E-3 1.73864E-1 6.3328E-3 6.82897E-4 8.08551E-3 5.8355E-2 2.46843E-1 4.64169E-1 3.76895E-1 1.49678E-1 5.64252E-2 7.52202E-2 4.5406E-2 1.31801E-2 7.74686E-3 1.1813E-1 3.19241E-2 3.11612E-2 1.02724E-1 2.58604E-2 7.69866E-2 5.29673E-1 4.99811E-1 6.94793E-1 6.72667E-1 6.72673E-1 6.81518E-1 6.73137E-1 6.25379E-1 5.03787E-1 6.88579E-1 6.8917E-1 5.74996E-1 5.34114E-1 7.48743E-1 7.39264E-1 7.43618E-1 7.16397E-1 6.83408E-1 6.50522E-1 6.72785E-1 4.81285E-1 5.44789E-1
-9999 -9999 -9999 -9999 -9999 -9999 -9999 -9999 -9999 -9999 -9999 -9999 -9999 1.84622E-2 1.11052E-2 9.99039E-4 2.67155E-3 1.86308E-3 2.26964E-3 5.05847E-2 1.24863E-2 2.17608E-3 5.4075E-3 9.85315E-2 4.76534E-1 3.86688E-1 1.62306E-1 7.89823E-2 5.36158E-2 2.43401E-1 2.80304E-2 2.31752E-2 2.26733E-2 1.74295E-1 1.97527E-2 2.89665E-2 1.35244E-1 1.90537E-2 2.66365E-2 3.58343E-2 4.57262E-1 6.61596E-1 5.91651E-1 7.1293E-1 6.80429E-1 6.69794E-1 6.9842E-1 4.85243E-1 3.70222E-1 4.8527E-1 5.40879E-1 4.47855E-1 7.12328E-1 7.41677E-1 7.58153E-1 7.22306E-1 6.72288E-1 6.83105E-1 6.64409E-1 6.86743E-1 5.59558E-1
-9999 -9999 -9999 -9999 -9999 -9999 -9999 -9999 -9999 -9999 -9999 -9999 -9999 1.52004E-2 1.64452E-2 8.49305E-3 1.0545E-3 1.30024E-3 1.50361E-3 2.36991E-1 2.16432E-3 3.66559E-3 3.79042E-2 4.18721E-1 6.08598E-1 3.25226E-1 3.36733E-1 7.23456E-2 1.09002E-1 1.81089E-1 6.05902E-2 3.13621E-2 7.49953E-2 3.60202E-2 1.88122E-2 2.41918E-2 5.02566E-2 2.1955E-2 7.37042E-2 2.04301E-2 2.91179E-1 3.26827E-1 7.07918E-1 5.87908E-1 6.72366E-1 7.06175E-1 4.85559E-1 4.8969E-1 4.58039E-1 6.70339E-1 6.23011E-1 5.17975E-1 7.04569E-1 6.38624E-1 6.29585E-1 6.46493E-1 6.54865E-1 6.66816E-1 6.91979E-1 6.77151E-1 6.22066E-1
-9999 -9999 -9999 -9999 -9999 -9999 -9999 -9999 -9999 -9999 -9999 -9999 -9999 9.16535E-3 1.23568E-2 6.92598E-3 1.94971E-3 1.20291E-3 2.7746E-2 1.14048E-1 5.71521E-3 6.33684E-3 1.89708E-1 5.9229E-1 4.11764E-1 2.83815E-1 4.91423E-1 3.71846E-1 1.39375E-1 1.01143E-1 1.1041E-1 6.52774E-2 8.74798E-2 3.90585E-2 6.91836E-3 7.73897E-2 9.07231E-2 1.06252E-1 2.06469E-1 3.30582E-2 7.80527E-2 3.08997E-1 6.4314E-1 7.07748E-1 4.77637E-1 4.85913E-1 5.79567E-1 5.62935E-1 6.31642E-1 5.11086E-1 4.26902E-1 4.42999E-1 5.88292E-1 6.25404E-1 5.98209E-1 4.42965E-1 4.39948E-1 5.12859E-1 6.05935E-1 5.87267E-1 5.08792E-1
-9999 -9999 -9999 -9999 -9999 -9999 -9999 -9999 -9999 -9999 -9999 -9999 -9999 1.1816E-2 5.75303E-3 1.11664E-2 9.11424E-3 1.10005E-2 6.64878E-2 6.39535E-3 1.54583E-2 8.16278E-2 1.62096E-1 2.93171E-1 2.83891E-1 2.35838E-1 3.75582E-1 3.87204E-1 4.95305E-1 2.89318E-1 1.68036E-1 1.19573E-1 2.89385E-2 1.02252E-2 8.1877E-3 5.01184E-2 2.27203E-1 3.32457E-1 6.20457E-1 3.1773E-2 7.10784E-2 4.818E-1 5.4959E-1 6.71771E-1 5.37925E-1 5.92452E-1 6.27068E-1 6.01296E-1 5.81257E-1 5.64597E-1 4.60159E-1 5.02824E-1 6.01809E-1 6.01766E-1 6.01005E-1 5.35823E-1 4.62664E-1 6.32151E-1 5.65476E-1 6.0469E-1 5.74807E-1
-9999 -9999 -9999 -9999 -9999 -9999 -9999 -9999 -9999 -9999 -9999 -9999 1.02919E-2 1.43292E-2 1.52849E-2 1.69794E-2 3.02122E-2 3.44519E-2 1.34074E-2 1.49573E-3 1.58935E-2 3.20085E-1 3.27782E-1 3.23252E-1 1.06667E-1 2.10593E-1 3.00002E-1 3.70968E-1 4.30189E-1 1.97336E-1 3.07399E-1 9.41022E-2 2.01056E-2 1.08645E-2 1.83172E-2 1.88561E-2 1.46545E-1 3.87051E-1 1.16652E-1 3.04288E-2 1.9431E-2 3.84946E-1 5.6954E-1 6.46575E-1 6.15895E-1 6.20088E-1 5.99121E-1 5.56866E-1 4.99011E-1 6.7971E-1 4.96536E-1 4.9247E-1 5.28772E-1 5.44438E-1 5.66951E-1 5.48794E-1 5.05418E-1 7.01753E-1 5.74598E-1 5.2806E-1 6.23516E-1
-9999 -9999 -9999 -9999 -9999 -9999 -9999 -9999 -9999 -9999 -9999 -9999 3.9257E-2 1.96077E-2 9.06203E-3 1.17743E-2 3.02055E-2 1.88829E-2 4.62367E-3 4.93043E-3 1.11168E-1 3.33159E-1 9.60138E-2 2.49757E-1 2.07496E-1 1.88398E-1 1.67209E-1 2.55393E-1 3.38891E-1 3.59127E-1 3.41906E-1 1.52393E-1 2.94941E-2 3.60415E-2 7.32598E-3 2.91275E-2 3.18646E-1 5.97872E-1 1.92165E-1 1.76989E-2 2.33293E-2 3.69794E-1 4.29149E-1 5.38786E-1 5.48093E-1 5.84366E-1 4.62256E-1 5.36619E-1 5.4316E-1 5.84311E-1 4.97155E-1 4.50141E-1 4.28972E-1 5.00626E-1 5.12972E-1 5.03407E-1 5.08572E-1 5.53699E-1 5.70477E-1 5.00544E-1 5.21189E-1
-9999 -9999 -9999 -9999 -9999 -9999 -9999 -9999 -9999 -9999 -9999 -9999 3.06463E-2 1.10294E-2 5.34686E-3 1.39869E-2 2.12771E-2 1.0116E-2 3.23607E-3 3.36644E-2 1.66846E-1 1.42181E-1 1.44618E-1 4.67881E-2 7.91845E-2 1.41958E-1 2.9958E-1 2.03935E-1 3.17339E-1 3.18722E-1 3.88597E-1 4.78901E-2 2.15009E-2 9.68177E-3 7.7441E-3 1.96327E-2 1.91948E-1 5.82574E-1 1.96863E-1 3.43533E-2 2.99615E-2 5.08114E-1 4.35713E-1 5.67637E-1 5.08289E-1 5.23795E-1 4.8653E-1 4.67836E-1 5.57254E-1 7.4147E-1 7.30252E-1 7.0221E-1 5.18245E-1 4.2738E-1 5.10396E-1 6.04471E-1 6.43391E-1 7.30521E-1 5.33767E-1 5.13026E-1 6.16279E-1
-9999 -9999 -9999 -9999 -9999 -9999 -9999 -9999 -9999 -9999 -9999 -9999 7.88543E-2 6.37472E-3 2.3444E-2 1.8836E-2 1.5868E-1 2.22346E-3 1.27668E-2 2.54521E-2 6.70289E-2 1.09448E-1 1.12989E-1 1.4575E-1 6.95635E-2 9.69991E-2 1.743E-1 2.1646E-1 3.31378E-1 4.21796E-1 3.81924E-1 1.13437E-1 3.13895E-2 1.66539E-2 7.65649E-3 7.78243E-3 7.73581E-2 3.19643E-1 5.17774E-2 1.05631E-1 5.01141E-2 3.66871E-1 4.44148E-1 5.3236E-1 5.49695E-1 5.6582E-1 5.70642E-1 4.2409E-1 4.90103E-1 6.57908E-1 6.79733E-1 7.09948E-1 6.69832E-1 5.08545E-1 7.59598E-1 6.49308E-1 8.11961E-1 5.98372E-1 4.6501E-1 5.02631E-1 4.90135E-1
-9999 -9999 -9999 -9999 -9999 -9999 -9999 -9999 -9999 -9999 -9999 2.08633E-2 1.32527E-2 2.72237E-2 1.38476E-2 2.7501E-3 7.99185E-2 8.30702E-3 4.84244E-2 2.89563E-1 1.66823E-1 9.2419E-2 1.45807E-1 1.24236E-1 3.46433E-2 9.17789E-2 2.02761E-1 3.74851E-1 3.56808E-1 4.80546E-1 5.30527E-1 4.28288E-1 3.24574E-2 4.1479E-2 1.37675E-2 1.64889E-2 5.02507E-2 5.73242E-1 3.83735E-1 2.54256E-1 4.79694E-1 2.07775E-1 6.78343E-1 6.28547E-1 5.83567E-1 6.92601E-1 5.20867E-1 3.18262E-1 4.56665E-1 5.49317E-1 4.98884E-1 4.12822E-1 6.17964E-1 7.57733E-1 5.42069E-1 4.90829E-1 4.59124E-1 4.94286E-1 5.07955E-1 5.49749E-1 4.82739E-1
-9999 -9999 -9999 -9999 -9999 -9999 -9999 -9999 -9999 -9999 -9999 1.59508E-2 1.33814E-2 6.0679E-2 3.69073E-2 2.28616E-2 5.45194E-2 8.915E-3 1.32019E-1 2.50458E-1 2.21378E-1 5.6692E-2 4.97303E-2 5.81651E-2 1.32986E-1 1.90136E-1 2.05958E-1 3.0065E-2 2.96151E-2 6.57928E-1 5.39885E-1 6.32734E-1 2.86735E-1 2.41658E-2 2.12993E-2 1.32622E-2 2.97658E-2 6.58911E-1 8.22518E-2 6.00145E-1 5.09822E-1 3.63368E-1 7.55743E-1 6.02198E-1 6.2648E-1 2.25519E-1 1.63953E-1 4.96849E-1 4.58271E-1 6.52306E-1 5.17124E-1 3.95458E-1 5.62285E-1 6.32135E-1 4.0143E-1 4.2676E-1 4.05245E-1 4.22909E-1 4.79059E-1 5.02759E-1 5.10505E-1
-9999 -9999 -9999 -9999 -9999 -9999 -9999 -9999 -9999 -9999 1.99524E-3 2.70459E-3 1.54039E-2 3.93184E-2 1.23527E-1 2.18549E-2 4.81333E-3 1.62376E-2 1.12253E-1 8.47539E-2 1.18135E-1 1.48716E-1 1.56642E-1 1.33262E-1 1.68381E-1 3.26067E-1 1.58651E-1 3.20893E-2 1.158E-1 2.90446E-1 3.06885E-1 7.23108E-1 4.25276E-1 1.66694E-2 3.61374E-2 2.34821E-2 1.12421E-1 6.74271E-1 1.72523E-1 4.12118E-1 7.44188E-1 4.55027E-1 6.6724E-1 7.28102E-1 5.47195E-1 6.48243E-1 3.50166E-1 5.69894E-1 5.42346E-1 4.16754E-1 5.43418E-1 3.45287E-1 3.52585E-1 3.83969E-1 3.98437E-1 4.07864E-1 4.08148E-1 4.69158E-1 4.26681E-1 4.19497E-1 4.4283E-1
-9999 -9999 -9999 -9999 -9999 -9999 -9999 -9999 -9999 -9999 1.48754E-3 1.09468E-3 3.02484E-2 6.188E-2 5.8062E-2 8.61591E-3 4.77588E-3 4.03069E-2 4.61728E-2 5.24297E-2 6.42255E-2 1.23544E-1 1.41294E-1 1.71975E-1 1.73599E-1 1.6792E-1 2.28871E-1 2.25284E-1 3.38776E-1 4.01577E-1 2.12259E-1 2.21772E-1 5.44927E-2 4.1054E-2 3.08818E-2 2.29031E-2 1.69221E-1 4.21955E-1 2.1708E-1 5.60998E-1 7.86173E-1 1.82086E-1 4.21186E-1 6.61045E-1 5.98961E-1 4.56362E-1 4.89097E-1 3.63069E-1 3.36465E-1 4.09195E-1 3.25014E-1 4.16443E-1 3.65133E-1 3.84068E-1 4.46083E-1 5.19329E-1 4.40701E-1 4.46441E-1 4.64503E-1 4.77425E-1 4.82419E-1
-9999 -9999 -9999 -9999 -9999 -9999 -9999 -9999 -9999 -9999 1.02877E-3 6.98772E-4 4.18555E-2 3.11326E-2 1.48611E-2 8.59795E-3 7.28482E-3 3.9825E-2 8.63314E-2 6.27961E-2 4.69741E-2 6.13185E-2 6.5331E-2 7.96785E-2 1.45025E-1 1.0083E-1 3.53716E-1 6.95534E-2 2.76012E-1 3.74822E-1 9.83303E-2 5.08724E-2 3.62029E-2 5.66912E-2 5.21451E-2 5.24207E-2 1.94902E-1 2.27227E-1 4.15449E-1 4.19582E-1 6.92866E-1 5.29723E-1 6.68892E-1 6.2608E-1 6.52271E-1 6.22062E-1 2.68876E-1 3.39146E-1 3.70901E-1 3.99989E-1 5.02283E-1 5.7067E-1 5.52719E-1 4.25308E-1 4.61046E-1 3.76348E-1 3.65959E-1 3.93548E-1 5.84141E-1 4.71261E-1 3.91181E-1
-9999 -9999 -9999 -9999 -9999 -9999 -9999 -9999 -9999 9.39912E-4 7.52164E-4 8.62336E-4 2.65693E-2 9.37619E-3 2.65465E-3 3.19734E-3 1.80406E-2 8.2379E-2 1.1879E-1 3.74498E-2 5.49552E-2 7.51703E-2 8.71629E-2 9.10722E-2 5.51529E-2 3.88829E-2 4.77237E-1 1.19176E-1 7.79801E-2 6.72519E-2 5.62036E-2 1.28034E-1 1.29522E-1 1.34254E-1 1.46225E-1 1.55176E-1 1.98928E-1 2.10989E-1 6.48136E-1 2.80071E-1 7.32541E-1 6.57628E-1 7.46507E-1 5.17907E-1 6.60187E-1 5.27056E-1 5.41581E-1 4.90073E-1 4.40735E-1 3.46014E-1 3.56041E-1 4.46023E-1 4.34956E-1 5.68068E-1 6.37384E-1 6.04895E-1 5.28511E-1 5.01244E-1 4.3483E-1 4.84512E-1 4.65275E-1
-9999 -9999 -9999 -9999 -9999 -9999 -9999 -9999 -9999 1.13659E-3 5.64519E-4 1.04766E-3 6.4615E-3 1.97474E-3 1.63261E-3 2.97619E-3 1.99454E-2 4.71705E-2 8.78692E-2 6.92168E-2 1.14406E-1 7.0784E-2 7.70218E-2 8.57877E-2 6.67523E-2 1.13193E-1 3.7965E-1 3.20594E-1 2.862E-1 1.99634E-1 1.79196E-1 2.30889E-1 9.29377E-2 1.26882E-1 4.08714E-1 4.33218E-1 3.52907E-1 5.92251E-1 5.69569E-1 6.60049E-1 7.75778E-1 7.94924E-1 5.14227E-1 5.77865E-1 7.259E-1 7.20652E-1 6.5031E-1 4.65651E-1 5.94588E-1 5.88199E-1 5.82419E-1 5.92592E-1 4.76838E-1 5.89404E-1 5.69637E-1 6.6056E-1 5.72821E-1 5.01742E-1 5.22065E-1 3.90868E-1 3.39709E-1
-9999 -9999 -9999 -9999 -9999 -9999 -9999 -9999 6.60979E-4 6.97601E-4 1.99328E-3 1.91001E-2 1.94318E-3 1.88329E-3 3.17136E-3 1.81403E-2 2.67909E-2 5.65487E-2 6.70738E-2 8.65457E-2 1.09902E-1 1.38128E-1 8.56428E-2 1.18315E-1 7.74952E-2 3.21458E-1 2.67196E-1 3.93505E-1 2.70366E-1 3.99421E-1 2.97883E-1 2.08559E-1 7.80106E-2 2.03539E-1 3.54888E-1 2.6806E-1 3.91448E-1 6.96197E-1 6.33812E-1 8.51656E-1 8.04682E-1 7.2614E-1 5.60468E-1 4.02577E-1 1.99607E-1 4.82951E-1 7.7096E-2 3.62946E-1 4.38419E-1 6.26621E-1 5.18391E-1 5.09459E-1 3.95327E-1 4.67366E-1 4.13618E-1 6.8836E-1 6.64132E-1 6.69768E-1 5.03831E-1 3.78206E-1 3.91916E-1
-9999 -9999 -9999 -9999 -9999 -9999 -9999 2.21675E-3 1.6532E-3 8.63385E-4 8.13614E-3 2.06204E-2 1.31097E-3 1.85928E-3 5.03546E-3 5.14023E-2 6.01377E-2 8.02037E-2 8.51241E-2 1.02356E-1 1.18261E-1 1.1066E-1 1.15452E-1 1.42809E-1 1.19545E-1 2.16249E-1 1.87444E-1 4.2672E-1 4.54945E-1 4.82451E-1 2.65434E-1 1.66648E-1 1.22053E-1 1.35678E-1 2.51947E-1 4.29425E-1 7.96217E-1 7.50271E-1 7.89286E-1 8.42354E-1 7.72847E-1 6.88587E-1 4.39095E-1 2.81798E-1 2.00369E-1 5.51578E-1 4.36607E-1 1.12108E-1 4.27875E-1 7.18083E-1 6.1282E-1 6.17391E-1 7.58844E-1 4.91821E-1 6.47402E-1 6.59244E-1 7.23086E-1 6.93387E-1 6.44312E-1 4.4486E-1 3.98561E-1
-9999 -9999 -9999 -9999 -9999 -9999 -9999 1.02973E-3 5.29342E-4 3.57826E-4 2.94833E-3 2.88822E-3 9.97124E-4 3.72782E-3 2.86367E-2 5.37603E-2 6.29707E-2 1.62967E-1 8.74612E-2 8.36178E-2 1.04363E-1 1.63286E-1 2.28793E-1 2.00969E-1 1.9434E-1 1.66552E-1 2.16902E-1 4.25157E-1 1.88743E-1 4.88771E-1 2.22222E-1 1.15966E-1 1.47508E-1 3.19971E-1 3.66576E-1 7.12656E-1 7.21562E-1 8.0255E-1 8.37294E-1 8.75637E-1 8.39765E-1 6.73113E-1 5.84847E-1 4.09197E-1 3.46992E-1 2.60596E-1 4.61204E-1 3.89721E-1 6.15541E-1 3.99492E-1 4.6386E-1 5.18839E-1 5.76936E-1 6.64406E-1 5.0616E-1 7.12114E-1 5.75973E-1 6.90229E-1 6.49895E-1 4.50639E-1 4.04799E-1
-9999 -9999 -9999 -9999 -9999 -9999 -9999 2.87399E-3 1.29934E-3 5.33314E-4 3.88606E-3 5.26434E-3 4.79795E-3 3.96245E-3 4.99067E-2 5.24675E-2 7.89558E-2 1.76362E-1 9.74552E-2 8.03404E-2 1.04184E-1 1.12524E-1 3.18533E-1 2.09516E-1 1.4149E-1 1.1647E-1 1.21621E-1 3.90295E-1 1.23611E-1 2.69359E-1 3.77796E-1 1.37084E-1 4.46179E-1 4.53937E-1 4.65669E-1 6.82497E-1 8.22771E-1 8.09378E-1 8.32056E-1 7.87981E-1 6.79749E-1 5.88059E-1 4.70153E-1 1.94104E-1 1.62998E-1 2.31465E-1 3.28241E-1 1.52054E-1 5.47966E-1 7.00297E-1 6.32414E-1 6.19416E-1 6.8626E-1 4.32536E-1 6.49597E-1 6.35762E-1 4.71514E-1 6.48107E-1 5.33114E-1 3.98278E-1 4.79999E-1
