Final_Models_Sept202022/M_0.1_F_lqp_Set_1/Bison_0.asc
ncols         97
nrows         127
xllcorner     -2197417.7431653
yllcorner     -584827.01486885
cellsize      30000.0
NODATA_value  -9999
[rows 0 to 26 of 127, columns 0 to 60 of 97]
-9999 -9999 -9999 -9999 -9999 -9999 -9999 -9999 -9999 -9999 -9999 -9999 -9999 -9999 -9999 -9999 -9999 -9999 -9999 -9999 -9999 -9999 -9999 -9999 -9999 -9999 -9999 -9999 -9999 -9999 -9999 -9999 -9999 -9999 -9999 -9999 -9999 -9999 -9999 -9999 -9999 -9999 -9999 -9999 -9999 -9999 -9999 -9999 -9999 -9999 -9999 -9999 -9999 -9999 -9999 -9999 -9999 -9999 -9999 -9999 -9999
-9999 -9999 -9999 -9999 -9999 -9999 -9999 -9999 -9999 -9999 -9999 -9999 -9999 -9999 -9999 -9999 -9999 -9999 -9999 -9999 -9999 -9999 -9999 -9999 -9999 -9999 -9999 -9999 -9999 -9999 -9999 -9999 -9999 -9999 -9999 -9999 -9999 -9999 -9999 -9999 -9999 -9999 -9999 -9999 -9999 -9999 -9999 -9999 -9999 -9999 -9999 -9999 -9999 -9999 -9999 -9999 -9999 -9999 -9999 -9999 -9999
-9999 -9999 -9999 -9999 -9999 -9999 -9999 -9999 -9999 -9999 -9999 -9999 -9999 -9999 -9999 -9999 -9999 -9999 -9999 -9999 -9999 -9999 -9999 -9999 -9999 -9999 -9999 -9999 -9999 -9999 -9999 -9999 -9999 -9999 -9999 -9999 -9999 -9999 -9999 -9999 -9999 -9999 -9999 -9999 -9999 -9999 -9999 -9999 -9999 -9999 -9999 -9999 -9999 -9999 -9999 -9999 -9999 -9999 -9999 -9999 -9999
-9999 -9999 -9999 -9999 -9999 -9999 -9999 -9999 -9999 -9999 -9999 -9999 -9999 -9999 -9999 -9999 -9999 -9999 -9999 3.13615E-2 2.3553E-2 1.12163E-2 2.8943E-2 -9999 -9999 -9999 -9999 -9999 -9999 -9999 -9999 -9999 -9999 -9999 -9999 -9999 -9999 -9999 -9999 -9999 -9999 -9999 -9999 -9999 -9999 -9999 -9999 -9999 -9999 -9999 -9999 -9999 -9999 -9999 -9999 -9999 -9999 -9999 -9999 -9999 -9999
-9999 -9999 -9999 -9999 -9999 -9999 -9999 -9999 -9999 -9999 -9999 -9999 -9999 -9999 -9999 -9999 -9999 -9999 3.44253E-2 3.04396E-2 3.13176E-2 3.72863E-2 2.72339E-2 2.7803E-2 1.93407E-2 -9999 -9999 -9999 -9999 -9999 -9999 -9999 -9999 -9999 -9999 -9999 -9999 -9999 -9999 -9999 -9999 -9999 -9999 -9999 -9999 -9999 -9999 -9999 -9999 -9999 -9999 -9999 -9999 -9999 -9999 -9999 -9999 -9999 -9999 -9999 -9999
-9999 -9999 -9999 -9999 -9999 -9999 -9999 -9999 -9999 -9999 -9999 -9999 -9999 -9999 -9999 -9999 -9999 -9999 2.39765E-2 2.22542E-2 2.40746E-2 3.02606E-2 2.57069E-2 1.72627E-2 1.45826E-2 -9999 -9999 -9999 -9999 -9999 -9999 -9999 -9999 -9999 -9999 -9999 -9999 -9999 -9999 -9999 -9999 -9999 -9999 -9999 -9999 -9999 -9999 -9999 -9999 -9999 -9999 -9999 -9999 -9999 -9999 -9999 -9999 -9999 -9999 -9999 -9999
-9999 -9999 -9999 -9999 -9999 -9999 -9999 -9999 -9999 -9999 -9999 -9999 -9999 -9999 -9999 -9999 -9999 1.79114E-2 1.99216E-2 7.06306E-3 8.15198E-3 1.34139E-2 1.97735E-2 1.53216E-2 1.11221E-2 1.02782E-2 -9999 1.59609E-2 1.54515E-2 1.87709E-2 -9999 -9999 -9999 -9999 -9999 -9999 -9999 -9999 1.47786E-2 -9999 -9999 -9999 -9999 -9999 -9999 -9999 -9999 -9999 -9999 -9999 -9999 -9999 -9999 -9999 -9999 -9999 -9999 -9999 -9999 -9999 -9999
-9999 -9999 -9999 -9999 -9999 -9999 -9999 -9999 -9999 -9999 -9999 -9999 -9999 -9999 -9999 -9999 1.94709E-2 2.52386E-2 6.70524E-3 3.89496E-3 3.91652E-3 5.50223E-3 9.75326E-3 1.36315E-2 1.25411E-2 1.08618E-2 1.46036E-2 1.4057E-2 1.35662E-2 1.48292E-2 1.63377E-2 1.72723E-2 1.53705E-2 1.4666E-2 1.53024E-2 1.65649E-2 1.75913E-2 -9999 1.29654E-2 1.1747E-2 -9999 -9999 -9999 -9999 -9999 -9999 -9999 -9999 -9999 -9999 -9999 -9999 -9999 -9999 -9999 -9999 -9999 -9999 -9999 -9999 -9999
-9999 -9999 -9999 -9999 -9999 -9999 -9999 -9999 -9999 -9999 -9999 -9999 -9999 -9999 -9999 1.97056E-2 2.65928E-2 1.52238E-2 4.94213E-3 3.21595E-3 2.59011E-3 3.34391E-3 6.80218E-3 1.2524E-2 1.37289E-2 1.1662E-2 1.95637E-2 2.10654E-2 1.26169E-2 1.15059E-2 1.32394E-2 1.40767E-2 1.42344E-2 1.39712E-2 1.55073E-2 2.20856E-2 1.92368E-2 1.95584E-2 1.34515E-2 1.31351E-2 -9999 -9999 -9999 -9999 -9999 -9999 -9999 -9999 -9999 -9999 -9999 -9999 -9999 -9999 -9999 -9999 -9999 -9999 -9999 -9999 -9999
-9999 -9999 -9999 -9999 -9999 -9999 -9999 -9999 -9999 -9999 -9999 -9999 -9999 -9999 -9999 2.90606E-2 2.63794E-2 1.19064E-2 3.79354E-3 4.05044E-3 4.89284E-3 6.59843E-3 8.30598E-3 1.05597E-2 1.43564E-2 1.19926E-2 1.75257E-2 1.72925E-2 1.06307E-2 1.1237E-2 1.67647E-2 1.60362E-2 1.5178E-2 1.87181E-2 1.89366E-2 2.70286E-2 3.05565E-2 2.54173E-2 1.79886E-2 -9999 -9999 -9999 1.14056E-2 -9999 -9999 -9999 -9999 -9999 -9999 -9999 -9999 -9999 -9999 -9999 -9999 -9999 -9999 -9999 -9999 -9999 -9999
-9999 -9999 -9999 -9999 -9999 -9999 -9999 -9999 -9999 -9999 -9999 -9999 -9999 -9999 1.563E-2 2.52225E-2 2.4092E-2 1.35263E-2 1.04265E-2 6.10614E-3 6.94209E-3 7.89713E-3 1.13062E-2 1.23012E-2 1.15851E-2 1.75114E-2 1.87814E-2 1.44793E-2 1.49177E-2 1.19504E-2 2.06296E-2 1.64779E-2 1.38069E-2 2.18191E-2 3.51386E-2 3.65387E-2 3.6807E-2 2.53873E-2 1.65558E-2 -9999 -9999 1.17551E-2 -9999 -9999 -9999 -9999 -9999 -9999 -9999 -9999 -9999 -9999 -9999 -9999 -9999 -9999 -9999 -9999 -9999 -9999 -9999
-9999 -9999 -9999 -9999 -9999 -9999 -9999 -9999 -9999 -9999 -9999 -9999 -9999 1.21163E-2 2.35269E-2 2.53876E-2 2.40029E-2 1.28307E-2 1.03889E-2 5.84068E-3 7.78426E-3 1.02947E-2 1.47294E-2 1.73051E-2 1.5621E-2 1.55494E-2 1.6301E-2 1.53275E-2 9.5157E-3 1.0078E-2 1.16735E-2 1.58946E-2 1.64634E-2 2.63331E-2 3.37904E-2 3.62297E-2 3.96897E-2 2.44586E-2 1.66898E-2 1.21479E-2 1.00784E-2 1.08688E-2 -9999 1.472E-2 1.47023E-2 -9999 -9999 -9999 -9999 -9999 -9999 -9999 -9999 -9999 -9999 -9999 -9999 -9999 -9999 -9999 -9999
-9999 -9999 -9999 -9999 -9999 -9999 -9999 -9999 -9999 -9999 -9999 -9999 -9999 2.63661E-2 2.27064E-2 1.78734E-2 1.76966E-2 1.09114E-2 1.23122E-2 1.73334E-3 4.56561E-3 6.92771E-3 1.23378E-2 1.16441E-2 9.44307E-3 1.25913E-2 1.34665E-2 9.47757E-3 1.0214E-2 1.00662E-2 1.45172E-2 1.5834E-2 1.99843E-2 2.07311E-2 2.54469E-2 3.01541E-2 2.08714E-2 1.94323E-2 1.28657E-2 9.27361E-3 9.17651E-3 1.41451E-2 1.5046E-2 1.63857E-2 1.70038E-2 1.86639E-2 -9999 -9999 -9999 -9999 -9999 -9999 -9999 -9999 -9999 -9999 -9999 -9999 -9999 -9999 -9999
-9999 -9999 -9999 -9999 -9999 -9999 -9999 -9999 -9999 -9999 -9999 -9999 4.19769E-2 3.9349E-2 2.40598E-2 1.97884E-2 1.51127E-2 9.99973E-3 1.13756E-2 7.50426E-3 6.43297E-3 9.10906E-3 1.0946E-2 1.05624E-2 9.09052E-3 6.4817E-3 1.05451E-2 6.39062E-3 1.82847E-2 2.15171E-2 1.77801E-2 1.27789E-2 1.1756E-2 1.46347E-2 1.5562E-2 1.85683E-2 1.27351E-2 1.44519E-2 1.32318E-2 9.18122E-3 8.49354E-3 9.62676E-3 1.44803E-2 1.73594E-2 1.88224E-2 1.85026E-2 1.80349E-2 -9999 -9999 -9999 6.5041E-3 4.96396E-3 -9999 -9999 -9999 -9999 -9999 -9999 -9999 -9999 -9999
-9999 -9999 -9999 -9999 -9999 -9999 -9999 -9999 -9999 -9999 -9999 2.08461E-2 1.77283E-2 2.11917E-2 1.64099E-2 1.38844E-2 7.43591E-3 3.99392E-3 8.28514E-3 1.01972E-2 8.85941E-3 1.77096E-2 1.56327E-2 1.16692E-2 5.00113E-3 4.39405E-3 1.34562E-2 1.52372E-2 1.23572E-2 1.15597E-2 1.1688E-2 1.2665E-2 9.3808E-3 9.40527E-3 1.78532E-2 2.19504E-2 2.0602E-2 1.77238E-2 1.50944E-2 1.04378E-2 9.66559E-3 1.01705E-2 1.23141E-2 1.47893E-2 1.53429E-2 1.63585E-2 1.53637E-2 1.32345E-2 -9999 -9999 -9999 6.12646E-3 5.11032E-3 -9999 -9999 -9999 -9999 -9999 -9999 -9999 -9999
-9999 -9999 -9999 -9999 -9999 -9999 -9999 -9999 -9999 -9999 -9999 1.9052E-2 1.00361E-2 1.0323E-2 8.09978E-3 3.83218E-3 3.58169E-3 4.69477E-3 3.95009E-3 7.465E-3 1.1884E-2 1.553E-2 1.43685E-2 1.22144E-2 3.89607E-3 5.16696E-3 1.21714E-2 2.16173E-2 2.55225E-2 2.03579E-2 1.09513E-2 9.61728E-3 7.74936E-3 8.32072E-3 1.69221E-2 1.96742E-2 1.69993E-2 1.56179E-2 1.29835E-2 1.02922E-2 1.11869E-2 1.19263E-2 1.23345E-2 1.59431E-2 1.16263E-2 1.30252E-2 1.15888E-2 1.08896E-2 1.16516E-2 -9999 -9999 7.02877E-3 6.30817E-3 5.91858E-3 6.31896E-3 -9999 -9999 -9999 -9999 -9999 -9999
-9999 -9999 -9999 -9999 -9999 -9999 -9999 -9999 -9999 -9999 1.8992E-2 1.68026E-2 1.92413E-2 8.21297E-3 3.72689E-3 3.32582E-3 4.11826E-3 3.34336E-3 4.36904E-3 5.69414E-3 1.99573E-2 1.62401E-2 8.38309E-3 1.23278E-2 5.7141E-3 7.15368E-3 7.29963E-3 9.29428E-3 2.10377E-2 1.06668E-2 1.19912E-2 8.64984E-3 1.45058E-2 1.15846E-2 2.12619E-2 2.52503E-2 2.45781E-2 2.19253E-2 2.27273E-2 1.3295E-2 1.20501E-2 1.23691E-2 1.2845E-2 1.34896E-2 1.12242E-2 1.01322E-2 9.43114E-3 1.07082E-2 1.13154E-2 1.0086E-2 9.04541E-3 1.15329E-2 -9999 -9999 6.99627E-3 6.89035E-3 -9999 -9999 -9999 -9999 -9999
-9999 -9999 -9999 -9999 -9999 -9999 -9999 -9999 -9999 2.79741E-2 1.49081E-2 1.70386E-2 1.00668E-2 7.01766E-3 4.55576E-3 4.627E-3 3.98068E-3 4.31435E-3 4.28859E-3 8.21962E-3 1.60111E-2 1.65642E-2 9.55114E-3 1.00133E-2 5.15876E-3 7.0305E-3 8.5677E-3 7.66409E-3 9.91964E-3 1.22532E-2 2.0273E-2 1.22753E-2 1.14441E-2 1.91207E-2 2.15487E-2 2.22574E-2 2.36894E-2 3.60793E-2 3.75907E-2 2.99225E-2 1.28224E-2 1.25684E-2 1.22049E-2 1.28067E-2 1.16334E-2 9.2304E-3 9.43927E-3 1.07658E-2 1.05242E-2 8.94285E-3 9.19666E-3 9.90284E-3 9.30998E-3 -9999 6.75582E-3 7.01505E-3 6.47068E-3 5.52018E-3 -9999 -9999 -9999
-9999 -9999 -9999 -9999 -9999 -9999 -9999 -9999 1.69816E-2 2.03118E-2 2.00056E-2 1.29384E-2 6.1402E-3 1.09049E-2 1.67061E-2 1.25288E-2 7.85594E-3 9.06342E-3 7.56347E-3 7.67774E-3 1.08466E-2 1.26609E-2 1.48744E-2 1.25422E-2 6.6714E-3 7.50884E-3 6.99226E-3 6.83034E-3 7.03202E-3 6.39794E-3 1.4251E-2 1.53463E-2 1.73611E-2 2.46212E-2 2.53651E-2 2.11051E-2 2.50668E-2 3.77386E-2 4.21131E-2 5.88812E-2 2.24415E-2 1.53547E-2 1.23087E-2 1.26011E-2 1.07689E-2 9.1423E-3 1.06263E-2 1.18497E-2 1.04452E-2 9.02637E-3 9.06086E-3 9.46875E-3 1.00553E-2 1.06827E-2 7.62672E-3 7.23394E-3 5.82893E-3 5.30177E-3 4.89382E-3 4.35916E-3 4.28965E-3
-9999 -9999 -9999 -9999 -9999 -9999 -9999 -9999 1.4909E-2 1.10599E-2 1.77987E-2 1.63121E-2 1.38375E-2 1.5954E-2 2.30907E-2 4.18746E-2 1.96547E-2 1.48413E-2 1.34127E-2 9.95722E-3 1.07249E-2 1.09756E-2 1.00381E-2 1.37456E-2 8.57767E-3 1.18936E-2 8.90717E-3 7.11798E-3 1.09604E-2 1.0939E-2 1.57121E-2 1.78032E-2 2.14977E-2 3.01992E-2 2.74229E-2 2.68278E-2 3.13861E-2 3.55898E-2 3.96133E-2 4.69046E-2 3.15129E-2 1.49808E-2 1.36127E-2 1.28883E-2 1.21573E-2 1.20379E-2 1.29091E-2 1.38324E-2 1.30497E-2 9.91967E-3 9.11399E-3 1.04075E-2 1.14024E-2 1.13387E-2 -9999 8.39099E-3 6.96983E-3 6.97562E-3 4.83469E-3 4.7051E-3 4.15361E-3
-9999 -9999 -9999 -9999 -9999 -9999 -9999 2.43754E-2 2.6449E-2 2.0776E-2 2.78242E-2 1.87467E-2 2.42845E-2 2.01992E-2 2.10585E-2 3.37594E-2 2.4813E-2 2.34775E-2 1.81012E-2 1.22247E-2 1.34848E-2 1.53734E-2 1.16399E-2 1.26382E-2 7.49867E-3 1.4105E-2 1.99355E-2 1.07882E-2 1.58164E-2 1.72437E-2 1.74579E-2 2.02734E-2 2.56696E-2 3.67009E-2 4.19102E-2 5.28642E-2 2.29701E-2 3.69766E-2 2.95301E-2 5.13756E-2 2.49034E-2 1.66325E-2 1.5464E-2 1.44924E-2 1.50744E-2 1.42046E-2 1.36217E-2 1.3553E-2 1.34173E-2 1.33459E-2 1.16581E-2 1.15353E-2 -9999 -9999 -9999 -9999 -9999 -9999 -9999 -9999 -9999
-9999 -9999 -9999 -9999 -9999 -9999 3.40069E-2 4.82808E-2 3.26503E-2 2.7697E-2 3.60504E-2 2.45491E-2 2.82063E-2 3.49408E-2 2.92455E-2 1.77354E-2 2.96959E-2 3.29373E-2 3.49332E-2 1.68046E-2 1.54648E-2 1.04147E-2 6.40306E-3 1.30676E-2 1.04175E-2 1.18169E-2 1.87824E-2 1.95875E-2 1.26944E-2 1.00111E-2 1.35648E-2 1.56041E-2 2.75595E-2 5.37714E-2 4.76669E-2 2.4725E-2 4.82074E-2 3.27612E-2 5.72679E-2 5.80267E-2 2.012E-2 3.04589E-2 2.11974E-2 1.97964E-2 1.77907E-2 1.59976E-2 1.54064E-2 1.48427E-2 1.40448E-2 1.27949E-2 1.34717E-2 1.34736E-2 1.1552E-2 1.21533E-2 -9999 -9999 -9999 -9999 -9999 -9999 -9999
-9999 -9999 -9999 -9999 -9999 -9999 3.87243E-2 3.68294E-2 2.30629E-2 2.38986E-2 2.44312E-2 1.87913E-2 3.26239E-2 2.1786E-2 1.93655E-2 3.22787E-2 3.76555E-2 4.48978E-2 3.21346E-2 3.07185E-2 1.28004E-2 1.44831E-2 7.99669E-3 9.43968E-3 1.07021E-2 1.93199E-2 1.23755E-2 1.42467E-2 1.82752E-2 8.83966E-3 2.13363E-2 2.20311E-2 3.20934E-2 2.29616E-2 2.40241E-2 3.52839E-2 4.76483E-2 5.51941E-2 3.73208E-2 4.12128E-2 2.90818E-2 3.59617E-2 2.35541E-2 2.53428E-2 2.80694E-2 2.46651E-2 2.38892E-2 1.83588E-2 1.65707E-2 1.28767E-2 1.18406E-2 8.53889E-3 7.96533E-3 8.38341E-3 8.63859E-3 9.31058E-3 7.81223E-3 6.46837E-3 6.91213E-3 7.12647E-3 5.12669E-3
-9999 -9999 -9999 -9999 -9999 2.70816E-2 2.6304E-2 2.4762E-2 2.03387E-2 3.55974E-2 3.56933E-2 3.46817E-2 2.43732E-2 2.63855E-2 1.87666E-2 1.96514E-2 2.79857E-2 4.62933E-2 2.83696E-2 2.97428E-2 3.2393E-2 2.78791E-2 1.68416E-2 1.51526E-2 2.01516E-2 1.49609E-2 1.00286E-2 7.76495E-3 1.54167E-2 1.48188E-2 9.03087E-3 2.6527E-2 4.07792E-2 4.60316E-2 3.06943E-2 3.06753E-2 4.73154E-2 -9999 -9999 3.04772E-2 -9999 -9999 -9999 5.22964E-2 3.52678E-2 2.38243E-2 1.98296E-2 1.57939E-2 1.28688E-2 1.35085E-2 1.19777E-2 7.50373E-3 6.94614E-3 6.87308E-3 7.59158E-3 8.10727E-3 5.259E-3 5.2538E-3 4.76716E-3 5.2211E-3 5.50395E-3
-9999 -9999 -9999 -9999 1.11189E-2 1.40912E-2 1.65203E-2 1.92018E-2 2.5839E-2 3.9661E-2 4.49156E-2 4.31016E-2 2.96629E-2 2.18193E-2 2.54652E-2 3.64459E-2 3.66802E-2 3.30756E-2 3.03427E-2 3.55685E-2 4.61482E-2 3.1596E-2 2.43386E-2 2.49938E-2 1.71961E-2 1.54268E-2 1.22793E-2 1.00615E-2 1.02885E-2 8.67614E-3 2.04003E-2 3.13721E-2 3.972E-2 4.85387E-2 1.29585E-2 3.97492E-2 4.3884E-2 5.89064E-2 1.03411E-1 5.73138E-2 1.11283E-1 -9999 4.24272E-2 5.7208E-2 2.98729E-2 2.14562E-2 2.35576E-2 2.63538E-2 1.76598E-2 1.97568E-2 1.38981E-2 7.24806E-3 7.79003E-3 7.25224E-3 6.34925E-3 4.71031E-3 3.84248E-3 4.23901E-3 3.49342E-3 3.90331E-3 5.2378E-3
-9999 -9999 -9999 2.89842E-2 5.6445E-2 4.64075E-2 2.8113E-2 2.52551E-2 3.48622E-2 7.62524E-2 5.62351E-2 5.79722E-2 5.23952E-2 2.80428E-2 3.59113E-2 2.38255E-2 3.29158E-2 3.7209E-2 5.57586E-2 5.72914E-2 3.05241E-2 1.06075E-2 1.78755E-2 2.30608E-2 1.00562E-2 9.0902E-3 1.12208E-2 1.34145E-2 1.32478E-2 7.69087E-3 1.79979E-2 3.99112E-2 3.77226E-2 2.99075E-2 2.57502E-2 4.71875E-2 5.5173E-2 4.85759E-2 5.3244E-2 4.12899E-2 8.50308E-2 5.30267E-2 -9999 -9999 2.31449E-2 2.84651E-2 7.12344E-2 5.54682E-2 2.61607E-2 1.56736E-2 2.29526E-2 1.14083E-2 7.92758E-3 7.89669E-3 6.2601E-3 4.26999E-3 4.0325E-3 3.85779E-3 3.76343E-3 3.58629E-3 5.28359E-3
-9999 -9999 -9999 1.20187E-3 3.63418E-2 5.72055E-2 4.23045E-2 5.48867E-2 6.2982E-2 7.19022E-2 4.96764E-2 6.70166E-2 4.26743E-2 3.56507E-2 3.15596E-2 2.2477E-2 3.44161E-2 3.80316E-2 4.69548E-2 2.02194E-2 1.32646E-2 8.03622E-3 5.58475E-3 9.75095E-3 9.60615E-3 1.23326E-2 1.4502E-2 2.29496E-2 1.14814E-2 1.22979E-2 1.74313E-2 2.72504E-2 2.3166E-2 2.55837E-2 2.23443E-2 3.80053E-2 5.37495E-2 7.15308E-2 3.75464E-2 2.36408E-2 -9999 -9999 -9999 -9999 -9999 1.14454E-1 1.06442E-1 4.81952E-2 2.17486E-2 1.60876E-2 1.5919E-2 3.12766E-2 8.49823E-3 8.46721E-3 5.17984E-3 3.65822E-3 4.11883E-3 4.32767E-3 5.12885E-3 6.56868E-3 9.9386E-3
