Final_Models_Sept202022/M_0.1_F_lqp_Set_1/Bison_9.asc
ncols         97
nrows         127
xllcorner     -2197417.7431653
yllcorner     -584827.01486885
cellsize      30000.0
NODATA_value  -9999
[rows 54 to 80 of 127, columns 0 to 60 of 97]
-9999 -9999 -9999 -9999 7.21329E-2 1.45484E-2 1.73808E-3 1.3085E-2 1.05058E-2 4.47429E-4 1.04739E-3 8.31924E-4 7.74338E-4 4.56382E-3 8.95895E-3 6.97036E-3 1.66711E-2 2.89393E-2 3.89769E-2 5.64603E-2 9.49422E-2 1.03321E-1 8.74691E-2 9.06802E-2 5.9668E-2 1.24436E-1 1.26787E-1 1.13856E-1 1.54582E-1 1.3933E-1 1.26073E-1 1.21308E-1 1.41479E-1 1.48825E-1 1.44141E-1 1.53353E-1 1.53561E-1 1.46429E-1 1.5009E-1 1.78256E-1 2.72348E-1 2.78361E-1 2.14387E-1 1.66956E-1 1.65281E-1 1.37119E-1 1.50931E-1 1.26498E-1 1.10146E-1 1.02304E-1 1.07739E-1 1.15402E-1 8.91876E-2 1.40221E-1 1.53787E-1 9.2953E-2 1.04616E-1 8.82341E-2 8.23739E-2 8.03999E-2 5.45895E-2
-9999 -9999 -9999 -9999 -9999 1.15353E-2 1.94011E-3 3.43838E-3 5.26982E-2 3.12845E-3 5.68838E-4 9.73876E-4 7.01055E-3 3.15114E-3 7.99938E-3 4.66496E-3 6.55847E-3 1.44893E-2 4.40586E-2 2.99915E-2 1.00609E-1 1.10762E-1 1.05371E-1 1.54677E-1 5.41532E-2 7.24237E-2 1.10054E-1 1.29596E-1 2.1884E-1 1.97638E-1 1.49332E-1 1.29096E-1 1.37875E-1 1.44097E-1 1.41254E-1 1.73908E-1 1.76557E-1 1.58117E-1 1.94923E-1 1.95933E-1 2.7051E-1 2.96914E-1 2.06282E-1 1.61459E-1 1.68192E-1 1.60985E-1 1.38358E-1 1.20278E-1 1.23736E-1 8.22675E-2 1.09244E-1 1.27688E-1 1.12272E-1 1.63533E-1 1.33717E-1 1.08707E-1 1.06481E-1 8.55061E-2 8.62917E-2 7.52324E-2 6.36799E-2
-9999 -9999 -9999 -9999 -9999 1.90914E-2 7.37373E-3 1.42448E-2 2.20443E-2 6.75071E-3 4.42758E-5 3.00453E-4 3.46674E-4 5.09493E-4 1.08752E-2 4.94809E-3 1.43059E-2 1.54466E-2 3.2155E-2 4.94976E-2 8.41655E-2 6.9809E-2 6.58199E-2 9.24319E-2 5.82915E-2 4.87933E-2 8.4419E-2 1.93698E-1 2.66569E-1 1.85676E-1 1.91606E-1 1.5561E-1 1.5523E-1 1.63405E-1 1.8436E-1 2.16534E-1 1.80134E-1 1.75613E-1 2.01379E-1 2.11574E-1 2.96797E-1 2.54349E-1 1.86151E-1 1.71692E-1 1.62712E-1 1.54448E-1 1.43876E-1 1.33926E-1 1.45591E-1 1.42948E-1 1.58797E-1 1.44113E-1 1.64131E-1 1.44308E-1 1.16978E-1 1.21802E-1 1.10015E-1 1.06715E-1 8.00293E-2 6.34196E-2 3.27047E-2
-9999 -9999 -9999 -9999 -9999 -9999 1.19484E-2 -9999 1.92673E-2 2.99407E-3 4.06091E-4 5.39074E-4 3.60583E-4 1.30913E-3 2.00006E-3 2.14997E-2 1.20752E-2 1.47801E-2 3.36153E-2 6.42808E-2 4.2427E-2 5.86377E-2 6.82425E-2 9.77049E-2 7.71085E-2 8.51406E-2 7.34216E-2 1.94523E-1 2.3283E-1 2.19553E-1 3.75133E-1 2.86149E-1 1.82109E-1 1.68452E-1 1.92835E-1 2.42995E-1 2.42335E-1 1.91563E-1 2.02918E-1 1.99819E-1 1.85491E-1 1.49805E-1 2.08107E-1 1.67861E-1 1.30086E-1 1.43623E-1 1.27078E-1 1.38154E-1 1.44615E-1 1.7474E-1 1.58158E-1 1.5616E-1 1.41901E-1 1.37973E-1 1.2858E-1 1.14596E-1 1.04153E-1 9.9448E-2 8.31808E-2 5.96752E-2 4.13307E-2
-9999 -9999 -9999 2.12658E-3 -9999 -9999 -9999 -9999 -9999 7.56805E-3 1.21202E-3 6.72771E-5 3.72435E-4 1.23544E-3 3.76054E-4 1.9817E-2 1.09969E-2 2.05306E-2 3.01618E-2 4.44109E-2 5.7159E-2 7.28557E-2 5.17448E-2 1.2916E-1 4.53159E-2 4.46737E-2 6.94591E-2 1.22447E-1 2.76327E-1 3.10256E-1 4.76926E-1 4.20935E-1 1.84728E-1 1.52882E-1 1.76819E-1 2.52584E-1 2.32377E-1 2.96449E-1 5.43246E-1 1.92102E-1 1.77959E-1 1.50873E-1 1.84344E-1 1.52605E-1 9.00613E-2 1.19689E-1 1.56393E-1 1.49441E-1 1.49412E-1 1.48981E-1 1.62474E-1 1.57973E-1 1.50411E-1 1.34934E-1 1.21595E-1 1.18378E-1 1.04864E-1 9.59966E-2 8.68537E-2 7.73501E-2 6.18325E-2
-9999 -9999 -9999 2.99275E-3 3.20952E-3 6.71327E-3 -9999 -9999 -9999 1.21687E-2 6.07539E-5 8.33548E-5 2.88895E-4 2.31201E-3 2.59866E-3 3.3141E-2 2.24092E-2 1.55357E-2 3.87917E-2 5.66154E-2 4.31307E-2 4.63874E-2 6.80128E-2 5.23424E-2 7.44553E-2 2.63954E-2 4.23325E-2 1.05166E-1 3.18843E-1 4.66272E-1 5.72421E-1 5.06261E-1 2.13055E-1 2.26326E-1 2.24153E-1 2.29659E-1 2.40817E-1 4.88557E-1 4.47036E-1 1.96313E-1 1.96966E-1 2.00087E-1 1.81048E-1 1.70331E-1 1.47177E-1 1.47231E-1 1.46305E-1 1.32939E-1 1.44203E-1 2.24538E-1 1.93635E-1 1.6722E-1 1.39844E-1 1.40764E-1 1.01612E-1 1.28801E-1 1.05709E-1 1.14917E-1 1.078E-1 8.60056E-2 5.91468E-2
-9999 -9999 -9999 2.49591E-3 5.47893E-3 9.65601E-3 7.52888E-3 -9999 -9999 5.78252E-2 3.0558E-4 6.25807E-4 2.20588E-4 9.75309E-4 1.70416E-3 1.14679E-2 2.37235E-2 2.8564E-2 4.7615E-2 4.99454E-2 5.93898E-2 3.69621E-2 2.62844E-2 2.26697E-2 5.60426E-2 1.15859E-3 1.24261E-3 4.86616E-2 2.00579E-1 2.20598E-1 6.66577E-1 6.85664E-1 4.59925E-1 5.58782E-1 4.9311E-1 3.34998E-1 3.71596E-1 4.09782E-1 3.73787E-1 2.02954E-1 2.18036E-1 1.99606E-1 1.88696E-1 1.83779E-1 1.54917E-1 1.47134E-1 1.47212E-1 1.47399E-1 1.51629E-1 2.78252E-1 2.2204E-1 2.27581E-1 1.34603E-1 1.23595E-1 9.90924E-2 1.35867E-1 1.19483E-1 1.29194E-1 1.1071E-1 8.5129E-2 5.08994E-2
-9999 -9999 -9999 2.39955E-3 2.85101E-3 4.11871E-3 -9999 -9999 1.44869E-2 1.70307E-4 1.32305E-5 2.42199E-4 4.10525E-4 8.49879E-4 2.82782E-3 1.03177E-2 1.2165E-1 3.70933E-2 5.81505E-2 2.78061E-2 6.00137E-2 4.502E-2 3.81002E-2 2.9256E-2 3.3674E-2 1.95732E-3 7.18383E-4 2.67399E-2 1.19199E-1 4.14994E-1 6.00025E-1 7.2501E-1 6.5059E-1 5.41779E-1 6.42451E-1 5.15328E-1 4.68373E-1 5.69858E-1 3.97978E-1 2.7069E-1 2.57856E-1 2.38612E-1 2.02036E-1 1.69879E-1 1.71318E-1 1.87382E-1 1.64747E-1 1.66245E-1 2.13371E-1 2.59346E-1 2.69266E-1 1.6254E-1 1.51916E-1 1.24074E-1 7.82818E-2 1.48485E-1 1.31761E-1 1.07323E-1 1.13151E-1 8.6662E-2 7.89718E-2
-9999 -9999 -9999 2.59794E-3 8.00411E-3 -9999 -9999 1.65499E-2 5.98676E-3 4.45741E-4 1.63702E-5 1.61221E-4 5.00843E-4 1.40028E-4 6.00063E-3 1.70234E-2 9.34594E-2 5.49879E-2 4.69796E-2 5.20554E-2 6.41456E-2 5.08565E-2 2.69996E-2 3.16668E-2 2.87624E-2 4.74395E-3 3.21644E-4 1.25228E-2 6.10654E-2 1.37354E-1 4.19277E-1 6.59551E-1 4.31443E-1 4.8068E-1 7.3147E-1 6.36182E-1 6.22495E-1 7.25467E-1 5.11647E-1 2.67956E-1 2.57741E-1 2.01495E-1 1.73489E-1 1.69285E-1 1.79173E-1 2.03136E-1 1.80052E-1 1.87199E-1 1.80968E-1 2.41168E-1 2.67464E-1 1.56375E-1 1.30394E-1 1.38404E-1 1.15839E-1 1.21388E-1 1.28737E-1 1.16411E-1 1.24051E-1 9.56679E-2 7.15992E-2
-9999 -9999 -9999 2.05392E-3 2.05283E-3 -9999 -9999 -9999 1.20176E-2 9.77554E-4 3.08056E-4 8.49443E-4 1.19765E-4 1.32011E-3 1.17783E-2 4.66827E-2 8.58635E-2 7.48776E-2 7.6152E-2 6.64344E-2 8.33773E-2 9.14824E-2 5.27232E-2 2.83167E-2 2.73954E-2 7.96889E-3 2.21001E-3 1.54771E-2 3.79459E-2 8.00948E-2 1.54241E-1 4.24691E-1 5.39235E-1 5.93323E-1 6.41901E-1 6.34069E-1 5.91762E-1 4.51711E-1 2.89387E-1 2.33834E-1 1.91085E-1 1.99518E-1 1.80294E-1 1.76619E-1 1.91232E-1 2.00906E-1 2.33818E-1 1.91794E-1 1.74298E-1 2.43398E-1 2.38225E-1 1.65129E-1 1.49355E-1 1.36697E-1 1.32079E-1 1.00092E-1 1.35065E-1 1.26613E-1 1.33017E-1 1.1775E-1 8.8257E-2
-9999 -9999 -9999 8.47556E-3 2.57549E-2 -9999 -9999 -9999 1.20788E-2 2.16085E-2 6.07933E-3 4.90363E-5 8.75803E-4 3.59141E-3 5.82786E-3 3.93583E-2 6.65398E-2 9.20364E-2 1.25071E-1 6.34623E-2 5.53808E-2 1.45333E-1 7.0335E-2 4.17557E-2 3.20443E-2 1.23574E-2 2.95553E-3 1.07301E-2 2.33864E-2 5.67747E-2 8.52993E-2 4.62446E-1 5.58167E-1 6.20227E-1 5.15104E-1 5.9145E-1 5.25514E-1 5.55811E-1 3.0015E-1 2.83256E-1 1.94491E-1 1.94641E-1 1.63578E-1 1.73483E-1 2.95282E-1 2.93332E-1 2.61737E-1 2.03699E-1 1.68471E-1 2.16516E-1 3.14377E-1 1.86449E-1 1.49532E-1 1.09679E-1 1.49152E-1 1.00613E-1 1.22155E-1 1.1996E-1 1.06434E-1 1.29578E-1 8.80531E-2
-9999 -9999 -9999 1.81522E-3 2.97461E-2 -9999 -9999 -9999 1.39344E-2 1.53327E-3 5.31798E-4 2.78098E-6 2.16429E-4 2.5488E-3 6.19636E-2 4.89108E-2 4.42796E-2 1.06967E-1 9.51775E-2 8.69315E-2 1.47282E-1 1.76218E-1 7.30285E-2 4.86807E-2 3.33073E-2 1.05919E-2 4.9526E-3 5.90378E-3 1.61526E-2 2.76476E-2 6.43459E-2 2.62977E-1 4.77502E-1 6.75352E-1 5.70258E-1 5.65238E-1 2.89512E-1 4.97458E-1 5.14685E-1 3.42285E-1 1.62513E-1 1.60254E-1 1.72785E-1 1.80222E-1 2.05823E-1 2.04191E-1 2.34462E-1 2.07046E-1 2.44622E-1 2.34917E-1 2.26169E-1 2.12542E-1 1.62498E-1 1.53493E-1 1.34725E-1 1.29944E-1 1.11992E-1 1.5374E-1 1.31701E-1 1.29952E-1 1.28125E-1
-9999 -9999 -9999 -9999 7.53085E-3 -9999 -9999 -9999 -9999 6.66286E-3 5.03754E-4 1.45993E-4 2.98624E-4 5.28162E-4 1.05344E-2 3.53725E-2 2.74876E-2 1.05982E-1 1.50075E-1 1.68134E-1 1.16351E-1 3.32093E-1 1.46024E-1 8.45144E-2 7.38866E-2 2.16709E-2 7.01185E-3 3.64554E-3 1.00605E-2 1.71989E-2 6.1899E-2 9.8065E-2 1.28567E-1 2.22375E-1 1.60806E-1 2.35894E-1 4.78305E-1 3.79338E-1 1.84145E-1 1.41844E-1 2.44512E-1 2.01526E-1 2.68561E-1 1.94625E-1 1.98717E-1 2.4951E-1 2.67871E-1 2.69682E-1 1.85964E-1 1.81274E-1 3.09125E-1 1.86209E-1 1.76164E-1 1.76836E-1 1.80465E-1 1.43007E-1 1.3835E-1 1.31338E-1 1.3397E-1 1.37789E-1 1.38776E-1
-9999 -9999 -9999 -9999 6.45166E-3 -9999 -9999 -9999 -9999 1.28952E-2 7.24062E-3 1.66984E-3 4.54161E-4 3.42028E-4 3.17118E-3 3.41426E-2 8.13665E-2 1.06984E-1 1.31899E-1 1.01366E-1 1.13622E-1 1.5407E-1 1.03075E-1 1.96588E-1 2.43544E-1 2.79457E-2 9.14755E-3 2.57005E-3 5.82037E-3 1.70578E-2 4.31846E-2 5.56983E-2 1.29596E-1 2.80193E-1 1.42536E-1 1.45374E-1 2.54846E-1 1.53251E-1 1.00824E-1 8.29523E-2 2.04449E-1 1.34972E-1 1.93149E-1 2.69972E-1 2.22524E-1 2.56478E-1 4.27555E-1 2.60041E-1 2.3762E-1 2.51752E-1 2.8306E-1 2.13731E-1 2.04072E-1 1.7902E-1 1.79387E-1 1.80913E-1 1.6096E-1 1.55147E-1 1.40886E-1 1.25698E-1 1.26403E-1
-9999 -9999 -9999 -9999 -9999 -9999 -9999 -9999 -9999 1.60323E-2 2.57763E-2 5.81846E-3 1.09734E-3 4.93049E-4 7.75655E-4 1.29648E-2 6.98991E-2 8.43947E-2 9.9429E-2 1.29952E-1 1.07395E-1 1.15217E-1 1.40772E-1 9.12538E-2 5.39908E-2 1.02519E-2 4.9383E-3 6.41457E-3 3.45671E-3 2.04127E-2 4.40384E-2 8.10771E-2 1.09951E-1 2.08279E-1 8.40692E-2 1.28935E-1 2.9135E-1 2.51519E-1 1.29903E-1 1.82176E-1 2.30771E-1 1.56459E-1 2.41152E-1 2.63284E-1 4.7649E-1 5.32419E-1 5.48643E-1 3.26526E-1 2.68695E-1 2.45193E-1 2.79691E-1 2.6251E-1 2.02353E-1 1.39112E-1 1.85229E-1 1.62692E-1 1.62574E-1 1.74338E-1 1.44153E-1 1.24202E-1 1.28539E-1
-9999 -9999 -9999 -9999 -9999 -9999 -9999 -9999 -9999 -9999 9.70778E-3 1.42311E-2 4.30284E-3 3.69075E-4 1.3182E-3 9.05913E-3 6.43255E-2 7.96703E-2 8.50515E-2 1.0126E-1 1.11367E-1 1.16566E-1 1.47212E-1 1.13042E-1 5.88048E-2 1.62966E-2 7.364E-3 5.69214E-3 8.2285E-3 1.27452E-2 4.33413E-2 1.03256E-1 1.20044E-1 8.74856E-2 1.15157E-1 1.18959E-1 2.2707E-1 2.77273E-1 1.61926E-1 2.03665E-1 2.10634E-1 4.18413E-1 4.0736E-1 5.18048E-1 5.88494E-1 6.07407E-1 4.98529E-1 6.41226E-1 2.90749E-1 2.63755E-1 3.60196E-1 2.83671E-1 1.88562E-1 1.7522E-1 1.8117E-1 1.87457E-1 2.05767E-1 2.21084E-1 1.73318E-1 1.42154E-1 1.5054E-1
-9999 -9999 -9999 -9999 -9999 -9999 -9999 -9999 -9999 -9999 1.0535E-2 6.78363E-3 2.48094E-5 5.20196E-5 6.7171E-4 3.76399E-3 5.22478E-2 9.48428E-2 8.45081E-2 1.2101E-1 1.23648E-1 1.2656E-1 1.56408E-1 1.90734E-1 6.09173E-2 2.58592E-2 1.69617E-2 5.32364E-3 1.83481E-2 2.65158E-2 4.96983E-2 9.70075E-2 1.13001E-1 1.20694E-1 1.45658E-1 2.33682E-1 2.21961E-1 1.75945E-1 1.84019E-1 4.79878E-1 4.60809E-1 6.0992E-1 4.97355E-1 5.53098E-1 5.61932E-1 5.59921E-1 3.45994E-1 5.50593E-1 4.43811E-1 5.32337E-1 5.2603E-1 3.60665E-1 2.33058E-1 2.01652E-1 1.96187E-1 1.92268E-1 1.93309E-1 1.67467E-1 1.74785E-1 1.63525E-1 1.59914E-1
-9999 -9999 -9999 -9999 -9999 -9999 -9999 -9999 -9999 -9999 1.64253E-2 4.27998E-3 6.21014E-5 1.16853E-4 1.40642E-2 1.24016E-2 3.80507E-2 1.19847E-1 1.04467E-1 2.01335E-1 1.74383E-1 1.52044E-1 1.49668E-1 1.93259E-1 7.96738E-2 1.59304E-2 1.23805E-2 9.23536E-3 9.751E-3 3.29634E-2 5.75545E-2 1.4362E-1 1.40919E-1 1.2946E-1 1.59948E-1 2.09544E-1 3.11781E-1 3.76089E-1 4.1411E-1 3.48318E-1 5.04382E-1 5.4368E-1 6.43874E-1 6.04643E-1 6.22051E-1 6.53318E-1 6.74662E-1 6.21786E-1 5.2939E-1 6.6026E-1 6.54537E-1 5.88726E-1 4.58321E-1 3.97028E-1 4.06244E-1 2.34298E-1 2.10208E-1 2.01876E-1 2.00957E-1 1.88454E-1 1.68645E-1
-9999 -9999 -9999 -9999 -9999 -9999 -9999 -9999 -9999 -9999 1.01079E-2 3.08771E-3 9.75345E-4 1.60317E-4 6.52397E-4 3.70281E-3 5.41163E-2 1.41768E-1 1.72365E-1 2.59839E-1 2.80083E-1 1.74853E-1 1.42036E-1 1.73611E-1 9.31592E-2 3.5686E-2 1.22397E-2 9.45115E-3 2.77214E-2 1.21501E-2 4.77057E-2 1.36991E-1 1.61571E-1 1.5424E-1 2.63292E-1 1.51901E-1 2.66722E-1 3.39359E-1 2.81891E-1 3.6521E-1 5.76567E-1 6.79945E-1 7.36237E-1 6.88021E-1 7.53069E-1 6.85556E-1 6.85421E-1 6.94448E-1 6.95968E-1 7.16756E-1 4.97534E-1 3.82255E-1 3.8851E-1 4.69888E-1 5.02361E-1 4.81528E-1 2.60426E-1 2.0759E-1 1.99904E-1 2.04317E-1 2.00209E-1
-9999 -9999 -9999 -9999 -9999 -9999 -9999 -9999 -9999 -9999 5.92416E-3 5.61357E-3 8.20561E-4 2.89627E-4 7.88407E-2 6.44252E-4 4.19848E-2 8.21233E-2 1.42805E-1 2.91271E-1 3.84123E-1 2.22739E-1 1.83142E-1 1.47619E-1 1.3542E-1 6.93093E-2 4.58865E-2 1.37767E-2 1.5176E-2 4.05558E-2 4.2843E-2 4.07799E-2 1.43473E-1 2.7078E-1 2.631E-1 2.31879E-1 2.11523E-1 2.18376E-1 2.90008E-1 4.08925E-1 6.09217E-1 7.84935E-1 7.79541E-1 7.10605E-1 8.0504E-1 6.97982E-1 5.92579E-1 6.60228E-1 5.15252E-1 7.13183E-1 7.06223E-1 4.83077E-1 3.88854E-1 5.31629E-1 4.36421E-1 3.85418E-1 2.88627E-1 3.18449E-1 2.6465E-1 2.1357E-1 2.15727E-1
-9999 -9999 -9999 -9999 -9999 -9999 -9999 -9999 1.33486E-2 6.34096E-3 4.0809E-3 4.82842E-3 1.8143E-3 3.4815E-4 8.92246E-4 2.09039E-2 4.18946E-2 7.06025E-2 1.25659E-1 1.78781E-1 1.8575E-1 3.05782E-1 3.22697E-1 1.97028E-1 1.42875E-1 6.8831E-2 2.35438E-2 6.79663E-3 5.48988E-3 9.67087E-3 1.1291E-2 2.77713E-2 1.09375E-1 1.20596E-1 1.74018E-1 1.23506E-1 1.60775E-1 2.81226E-1 2.41631E-1 4.91173E-1 6.80142E-1 7.94364E-1 7.34877E-1 7.38311E-1 7.60492E-1 6.29165E-1 6.19626E-1 6.72351E-1 6.33802E-1 5.53819E-1 6.30963E-1 6.03827E-1 5.17087E-1 4.64949E-1 4.07016E-1 3.72257E-1 4.30051E-1 4.38999E-1 3.91869E-1 2.57901E-1 2.69723E-1
-9999 -9999 -9999 -9999 -9999 -9999 -9999 -9999 1.28645E-2 3.14475E-3 2.55046E-3 5.16865E-3 4.35939E-3 2.92223E-4 1.61432E-4 1.70519E-3 3.25017E-3 7.26925E-2 7.59943E-2 3.37914E-2 6.06894E-2 1.30806E-1 3.28018E-1 1.20083E-1 1.24021E-1 8.08489E-2 4.5272E-2 1.7386E-2 5.62965E-3 5.50222E-3 1.71596E-2 1.00136E-2 5.19646E-2 1.21955E-1 2.65718E-1 1.27794E-1 2.8787E-1 2.32297E-1 2.38954E-1 2.19982E-1 5.19159E-1 7.56798E-1 7.35559E-1 7.07043E-1 7.09848E-1 6.35671E-1 5.9097E-1 6.34003E-1 6.25584E-1 6.75552E-1 6.16476E-1 5.95521E-1 5.76208E-1 4.76311E-1 4.43559E-1 4.98547E-1 5.55176E-1 5.66531E-1 4.9085E-1 5.17379E-1 5.25524E-1
-9999 -9999 -9999 -9999 -9999 -9999 -9999 -9999 6.05293E-3 2.68468E-3 3.08331E-4 5.63703E-4 2.79523E-3 9.43415E-4 1.84049E-4 1.51834E-3 4.1373E-4 3.11277E-2 5.07664E-2 5.2522E-2 3.73156E-2 5.15933E-2 2.41473E-1 1.57E-1 1.6263E-1 1.8889E-1 6.89106E-2 3.7829E-2 8.20897E-3 4.4071E-3 8.89149E-3 1.31881E-2 3.53923E-2 1.41692E-1 3.87722E-1 4.04968E-1 2.3988E-1 3.18027E-1 2.24341E-1 5.51056E-1 7.42822E-1 8.00226E-1 7.75068E-1 7.72789E-1 7.60083E-1 6.53418E-1 6.125E-1 5.74336E-1 6.92028E-1 6.95174E-1 7.03903E-1 6.37736E-1 5.89297E-1 5.07529E-1 5.92689E-1 4.08196E-1 5.94029E-1 5.82743E-1 4.94814E-1 6.29423E-1 5.9976E-1
-9999 -9999 -9999 -9999 -9999 -9999 -9999 -9999 -9999 1.26436E-2 4.46929E-4 1.93908E-4 4.11698E-4 3.24021E-3 4.72317E-4 2.84105E-4 8.66929E-4 2.56661E-2 4.27799E-1 1.21047E-1 1.77857E-2 2.43782E-2 9.21528E-2 2.01766E-1 1.32833E-1 1.25958E-1 9.58471E-2 5.28498E-2 1.9139E-2 5.50123E-3 2.59925E-3 2.00451E-3 1.05584E-2 2.44256E-2 1.16922E-1 1.7653E-1 2.86123E-1 2.27263E-1 3.18105E-1 7.585E-1 7.53817E-1 8.46777E-1 8.24776E-1 7.92137E-1 7.35976E-1 6.45876E-1 6.55297E-1 6.84506E-1 5.28357E-1 5.7946E-1 5.7491E-1 6.29529E-1 5.30285E-1 7.13198E-1 6.51236E-1 5.00288E-1 5.81901E-1 6.56761E-1 5.56753E-1 6.20392E-1 4.83531E-1
-9999 -9999 -9999 -9999 -9999 -9999 -9999 -9999 -9999 5.19571E-3 2.3424E-3 1.43374E-4 1.701E-4 1.96215E-3 5.66674E-3 1.61855E-3 7.60429E-4 5.92861E-4 2.01963E-2 2.38259E-2 1.57015E-2 1.19206E-2 7.03504E-2 1.64637E-1 1.33498E-1 1.26921E-1 1.45462E-1 6.14869E-2 1.50343E-2 2.73416E-3 2.88611E-3 8.02069E-4 1.99875E-2 2.21893E-2 1.02445E-1 2.15042E-1 4.27997E-1 3.17139E-1 2.70428E-1 6.28504E-1 8.03301E-1 7.87481E-1 7.44477E-1 7.40383E-1 7.0342E-1 5.74216E-1 4.94053E-1 6.90253E-1 5.84764E-1 6.17542E-1 6.72158E-1 5.71132E-1 6.28705E-1 5.89266E-1 6.73788E-1 6.01383E-1 4.66574E-1 5.45185E-1 4.90919E-1 5.56792E-1 5.1913E-1
-9999 -9999 -9999 -9999 -9999 -9999 -9999 -9999 -9999 -9999 5.66307E-3 4.95052E-4 5.34832E-5 2.74804E-3 7.47148E-3 1.90509E-3 1.3205E-3 1.03007E-3 1.08668E-2 6.24531E-3 9.00569E-3 6.45014E-3 3.87695E-2 2.89311E-1 2.19038E-1 1.83139E-1 1.18004E-1 5.33704E-2 1.20256E-2 5.35505E-3 3.77707E-3 2.61146E-3 1.58542E-3 7.35988E-3 4.79715E-2 1.64499E-1 2.59815E-1 2.82863E-1 3.47276E-1 6.86016E-1 7.77127E-1 7.4926E-1 7.34242E-1 7.32018E-1 5.35907E-1 5.59839E-1 4.70027E-1 6.18565E-1 5.49596E-1 6.13063E-1 6.92062E-1 6.68449E-1 6.81161E-1 6.62852E-1 5.70807E-1 6.36285E-1 6.24015E-1 4.93067E-1 4.8201E-1 5.41502E-1 5.17487E-1
-9999 -9999 -9999 -9999 -9999 -9999 -9999 -9999 -9999 -9999 5.41016E-3 1.28832E-3 1.78443E-4 5.6465E-4 7.37232E-3 4.05428E-3 1.37158E-3 3.36784E-4 1.77918E-3 5.2319E-3 8.55147E-3 1.27525E-2 3.40439E-2 1.03142E-1 2.23471E-1 3.64995E-1 3.32961E-1 1.216E-1 9.17251E-2 1.22955E-2 3.31413E-3 1.13336E-2 6.65393E-3 1.71557E-2 7.48133E-2 5.5419E-2 1.40912E-1 2.65003E-1 3.0239E-1 7.32999E-1 8.11463E-1 7.39098E-1 7.37989E-1 7.65358E-1 7.19144E-1 5.8874E-1 4.09892E-1 4.5864E-1 5.56588E-1 5.64879E-1 6.67356E-1 6.67384E-1 6.67991E-1 6.68372E-1 6.77074E-1 5.86513E-1 5.94617E-1 5.88168E-1 5.79967E-1 4.85958E-1 4.95941E-1
