Final_Models_Sept202022/M_0.1_F_lqp_Set_1/Bison_stddev.asc
ncols         97
nrows         127
xllcorner     -2197417.7431653
yllcorner     -584827.01486885
cellsize      30000.0
NODATA_value  -9999
[rows 54 to 80 of 127, columns 0 to 60 of 97]
-9999 -9999 -9999 -9999 6.04894E-2 1.20922E-2 1.10851E-3 1.0803E-2 8.65268E-3 4.23043E-4 7.60338E-4 1.98171E-3 1.13725E-3 3.05175E-3 2.93953E-3 1.85293E-3 1.87246E-3 3.43887E-3 6.13071E-3 1.08227E-2 1.83587E-2 1.43435E-2 1.04522E-2 1.15791E-2 8.51873E-3 2.73682E-2 1.9481E-2 1.82739E-2 2.08721E-2 1.78828E-2 1.18665E-2 9.91639E-3 1.36252E-2 1.20269E-2 1.13084E-2 1.2186E-2 1.29764E-2 1.22708E-2 1.43339E-2 1.56653E-2 1.38563E-2 1.78642E-2 1.58324E-2 1.02779E-2 1.05819E-2 1.14865E-2 9.15036E-3 1.03339E-2 1.3022E-2 1.31488E-2 1.27058E-2 1.07789E-2 1.4141E-2 1.84449E-2 1.1621E-2 1.37168E-2 1.05775E-2 9.10752E-3 1.03049E-2 7.11503E-3 6.74848E-3
-9999 -9999 -9999 -9999 -9999 8.53101E-3 8.32097E-4 3.869E-3 4.40605E-2 1.88949E-3 4.99843E-4 2.1633E-3 5.58752E-3 2.66871E-3 2.72749E-3 1.96879E-3 1.59712E-3 1.92053E-3 6.56501E-3 3.72649E-3 1.79967E-2 1.63849E-2 8.73621E-3 1.18839E-2 1.05589E-2 1.21966E-2 1.34117E-2 1.69749E-2 2.89552E-2 2.19973E-2 1.11318E-2 8.66711E-3 8.72258E-3 9.55099E-3 1.27419E-2 1.32675E-2 1.38484E-2 1.07276E-2 1.1463E-2 1.19491E-2 1.46531E-2 3.45971E-2 1.4311E-2 1.2009E-2 1.03189E-2 1.0457E-2 9.74397E-3 1.2649E-2 1.28576E-2 1.56598E-2 1.74091E-2 1.73336E-2 1.81525E-2 1.28753E-2 1.13529E-2 1.03159E-2 9.37365E-3 9.07582E-3 8.14387E-3 7.95152E-3 7.57803E-3
-9999 -9999 -9999 -9999 -9999 1.26757E-2 7.80025E-3 1.41624E-2 2.36659E-2 7.25745E-3 7.99858E-5 4.75119E-4 4.92425E-4 6.85301E-4 3.47659E-3 2.11217E-3 2.91683E-3 4.73346E-3 5.26402E-3 6.3926E-3 1.54473E-2 7.50216E-3 5.97252E-3 6.91678E-3 6.51461E-3 7.84114E-3 9.44969E-3 2.68381E-2 2.89194E-2 1.83824E-2 1.07772E-2 9.51876E-3 8.86519E-3 7.64722E-3 1.1242E-2 1.76678E-2 1.36152E-2 1.45553E-2 1.3751E-2 1.57485E-2 1.41534E-2 1.83831E-2 1.3665E-2 1.20227E-2 1.2017E-2 1.04335E-2 1.00956E-2 1.12733E-2 1.15918E-2 1.29954E-2 1.1359E-2 1.24498E-2 1.16546E-2 1.30668E-2 1.15796E-2 9.47995E-3 1.03983E-2 9.27936E-3 9.08047E-3 8.30118E-3 5.49577E-3
-9999 -9999 -9999 -9999 -9999 -9999 1.41687E-2 -9999 4.24761E-2 2.17915E-3 2.48376E-4 3.98145E-4 6.27567E-4 1.06916E-3 1.20778E-3 4.35313E-3 2.55619E-3 5.05908E-3 6.04824E-3 6.97524E-3 9.85129E-3 5.88192E-3 6.19936E-3 8.31032E-3 6.7937E-3 1.08071E-2 1.2833E-2 2.99865E-2 2.90856E-2 2.0203E-2 1.65628E-2 1.47773E-2 1.236E-2 1.021E-2 1.19734E-2 1.98386E-2 1.65041E-2 1.38862E-2 1.42789E-2 1.62945E-2 1.21988E-2 1.74858E-2 1.77313E-2 1.15873E-2 1.41434E-2 1.2144E-2 1.46921E-2 1.5955E-2 1.83005E-2 1.77746E-2 1.12617E-2 1.79336E-2 1.14792E-2 1.01214E-2 1.01108E-2 1.13705E-2 1.11979E-2 1.08472E-2 9.99333E-3 8.6899E-3 7.0762E-3
-9999 -9999 -9999 4.06936E-3 -9999 -9999 -9999 -9999 -9999 7.30431E-3 8.01817E-4 1.20507E-4 3.66069E-4 8.4972E-4 4.79073E-4 3.22913E-3 2.63073E-3 5.21076E-3 6.29379E-3 7.53954E-3 5.63448E-3 7.31502E-3 4.53848E-3 1.00857E-2 5.25079E-3 7.75135E-3 9.18998E-3 1.90463E-2 2.05008E-2 3.29537E-2 1.58453E-2 1.35152E-2 1.07615E-2 8.31745E-3 1.15453E-2 1.60216E-2 1.66927E-2 1.58397E-2 1.77588E-2 1.16629E-2 1.31433E-2 1.9106E-2 1.39638E-2 1.39012E-2 1.50297E-2 1.69841E-2 1.70767E-2 1.55371E-2 1.7965E-2 1.85513E-2 1.15836E-2 1.19551E-2 1.27464E-2 1.10988E-2 1.16333E-2 1.28831E-2 1.1876E-2 1.33391E-2 1.17131E-2 1.05274E-2 9.50495E-3
-9999 -9999 -9999 2.536E-3 3.64639E-3 5.48118E-3 -9999 -9999 -9999 1.35826E-2 9.40683E-5 2.26078E-4 4.471E-4 1.49766E-3 1.31913E-3 6.11068E-3 4.89717E-3 4.31505E-3 7.76816E-3 7.05793E-3 7.10289E-3 8.08549E-3 8.92128E-3 1.0729E-2 9.54255E-3 7.28606E-3 7.03589E-3 1.04821E-2 1.5363E-2 3.05613E-2 1.20011E-2 1.33495E-2 1.02994E-2 1.22078E-2 1.17366E-2 1.8638E-2 1.60118E-2 1.70365E-2 1.62511E-2 1.27432E-2 1.48205E-2 1.78083E-2 1.34919E-2 1.4148E-2 1.79119E-2 1.71696E-2 1.73948E-2 1.90178E-2 1.94577E-2 1.80335E-2 1.27004E-2 1.45644E-2 1.22701E-2 1.30585E-2 1.32756E-2 1.33394E-2 1.60877E-2 1.5682E-2 1.29245E-2 1.20844E-2 9.63853E-3
-9999 -9999 -9999 1.48913E-3 4.04455E-3 6.36958E-3 4.94876E-3 -9999 -9999 5.62661E-2 4.37284E-4 1.08592E-3 3.88246E-4 6.49326E-4 1.16743E-3 4.27314E-3 5.46043E-3 7.1746E-3 7.21146E-3 6.44065E-3 1.05782E-2 1.10177E-2 9.44549E-3 7.95504E-3 1.10772E-2 1.8393E-3 1.66523E-3 1.03568E-2 2.05463E-2 1.78956E-2 2.18483E-2 1.7492E-2 1.18192E-2 1.46009E-2 1.40089E-2 1.80019E-2 1.76289E-2 1.79068E-2 2.78339E-2 1.82665E-2 1.73158E-2 1.51367E-2 1.23926E-2 1.77105E-2 1.56693E-2 1.73757E-2 1.7275E-2 1.75461E-2 1.73764E-2 2.57866E-2 4.00224E-2 2.73391E-2 1.64286E-2 1.90442E-2 1.44392E-2 1.328E-2 1.47849E-2 1.51268E-2 1.47548E-2 1.31495E-2 9.93398E-3
-9999 -9999 -9999 1.17557E-3 2.48163E-3 4.00553E-3 -9999 -9999 2.00465E-2 2.28036E-4 5.24683E-5 3.07292E-4 4.04289E-4 7.79593E-4 1.82591E-3 4.95748E-3 2.13672E-2 8.09961E-3 8.22887E-3 7.53043E-3 8.33235E-3 1.06745E-2 1.16811E-2 1.05394E-2 1.09149E-2 2.50866E-3 1.13264E-3 9.1001E-3 1.49356E-2 2.7987E-2 2.22479E-2 1.93278E-2 1.44999E-2 1.55453E-2 7.9245E-3 1.57878E-2 1.73924E-2 1.55658E-2 1.76982E-2 1.69634E-2 1.65743E-2 1.71955E-2 1.54784E-2 1.83025E-2 1.79865E-2 1.87175E-2 1.824E-2 1.56066E-2 1.98053E-2 3.34156E-2 3.02123E-2 1.69216E-2 1.39506E-2 1.48039E-2 1.37159E-2 1.37008E-2 1.54192E-2 1.44184E-2 1.53314E-2 1.33388E-2 1.28587E-2
-9999 -9999 -9999 1.74719E-3 4.61179E-3 -9999 -9999 2.32383E-2 1.07788E-2 3.80196E-4 1.13886E-4 2.9015E-4 5.13209E-4 2.48132E-4 3.00875E-3 6.41806E-3 1.73421E-2 1.0182E-2 8.00848E-3 7.9775E-3 8.34545E-3 1.11987E-2 1.1208E-2 1.20557E-2 1.09559E-2 4.04908E-3 4.91141E-4 6.19719E-3 9.77086E-3 1.79298E-2 3.45624E-2 2.31775E-2 3.04243E-2 1.3158E-2 1.97707E-2 1.01366E-2 7.87191E-3 2.56801E-2 2.2779E-2 1.26054E-2 1.3455E-2 1.40176E-2 1.61466E-2 1.61236E-2 1.72287E-2 2.0899E-2 1.86272E-2 1.86307E-2 1.81738E-2 1.96706E-2 2.23771E-2 1.44994E-2 1.22529E-2 1.58291E-2 1.61854E-2 1.48251E-2 1.50369E-2 1.43463E-2 1.20422E-2 1.32967E-2 1.23333E-2
-9999 -9999 -9999 2.73365E-3 1.43809E-3 -9999 -9999 -9999 2.77239E-2 7.68545E-4 2.94772E-4 6.31984E-4 1.55043E-4 1.35807E-3 5.91044E-3 7.89135E-3 1.39859E-2 1.17987E-2 9.59515E-3 7.18428E-3 7.85965E-3 9.44764E-3 1.26648E-2 1.15305E-2 1.03578E-2 4.93146E-3 1.91061E-3 4.17293E-3 7.07636E-3 1.18779E-2 1.90465E-2 2.06211E-2 1.94221E-2 2.45484E-2 2.54089E-2 2.0282E-2 1.07003E-2 2.8774E-2 1.13307E-2 1.21492E-2 1.43868E-2 1.73394E-2 1.64923E-2 1.66524E-2 1.69699E-2 1.97865E-2 2.08237E-2 1.77233E-2 1.71342E-2 1.90773E-2 2.15159E-2 1.6936E-2 1.82022E-2 1.66624E-2 1.64602E-2 1.58597E-2 1.39588E-2 1.47958E-2 1.35922E-2 1.51812E-2 1.43845E-2
-9999 -9999 -9999 1.56739E-2 3.37519E-2 -9999 -9999 -9999 7.61911E-2 3.7538E-2 3.5065E-3 1.11953E-4 1.41601E-3 2.50165E-3 3.99762E-3 8.37757E-3 7.90918E-3 8.19805E-3 1.62772E-2 8.92844E-3 9.91677E-3 1.24575E-2 1.2423E-2 1.22283E-2 1.04607E-2 6.27363E-3 2.18937E-3 3.97999E-3 5.78029E-3 1.00125E-2 1.32347E-2 1.89225E-2 2.86028E-2 3.22368E-2 1.64356E-2 1.3199E-2 1.47815E-2 1.60914E-2 2.28187E-2 2.26715E-2 1.47201E-2 1.67727E-2 1.80539E-2 1.57602E-2 2.61394E-2 2.38929E-2 2.25285E-2 2.14721E-2 2.34082E-2 2.48269E-2 2.27049E-2 1.48756E-2 1.69558E-2 1.76565E-2 1.54203E-2 1.65018E-2 1.56129E-2 1.51327E-2 1.52505E-2 1.31383E-2 1.49159E-2
-9999 -9999 -9999 3.72773E-3 6.47546E-2 -9999 -9999 -9999 1.17013E-1 6.01802E-3 2.69984E-4 3.24506E-5 4.73944E-4 2.1735E-3 1.6919E-2 6.46026E-3 8.24656E-3 9.77392E-3 4.03655E-3 7.2864E-3 8.73775E-3 1.18242E-2 1.21168E-2 1.17511E-2 9.22943E-3 5.39812E-3 2.63077E-3 3.06031E-3 5.09836E-3 7.4571E-3 1.26804E-2 1.54808E-2 2.86014E-2 3.23084E-2 2.02859E-2 1.8257E-2 1.5532E-2 1.64796E-2 1.87094E-2 2.37732E-2 1.70907E-2 2.5725E-2 1.63066E-2 1.67026E-2 1.85198E-2 1.68321E-2 2.11353E-2 2.51803E-2 2.54762E-2 2.00908E-2 1.59977E-2 1.64448E-2 1.66923E-2 1.78809E-2 1.82311E-2 1.74058E-2 1.66811E-2 1.47991E-2 1.61129E-2 1.43714E-2 1.89001E-2
-9999 -9999 -9999 -9999 9.1441E-3 -9999 -9999 -9999 -9999 2.52579E-2 4.96221E-4 2.07662E-4 5.14815E-4 5.31663E-4 4.53721E-3 8.18492E-3 8.3053E-3 1.22584E-2 1.04324E-2 1.23233E-2 5.78988E-3 4.4114E-2 1.50081E-2 1.16785E-2 1.21925E-2 6.97859E-3 3.36048E-3 1.92995E-3 4.16717E-3 5.37297E-3 1.13362E-2 1.39844E-2 1.85409E-2 2.26877E-2 1.64334E-2 2.16361E-2 1.6495E-2 1.90518E-2 2.1878E-2 1.95771E-2 2.60977E-2 2.79541E-2 2.42728E-2 1.53182E-2 1.52708E-2 1.70216E-2 2.04575E-2 1.93574E-2 2.71673E-2 2.59308E-2 2.31671E-2 1.70161E-2 1.59624E-2 1.56722E-2 1.41066E-2 1.86367E-2 1.75534E-2 1.54888E-2 1.51782E-2 1.34532E-2 1.45341E-2
-9999 -9999 -9999 -9999 1.23642E-2 -9999 -9999 -9999 -9999 7.76926E-2 1.56522E-2 7.14456E-4 7.25523E-4 5.3115E-4 2.17272E-3 1.05472E-2 1.16433E-2 1.67128E-2 1.61673E-2 5.07807E-3 9.94086E-3 1.18913E-2 1.02154E-2 2.51138E-2 4.8339E-2 7.88903E-3 3.94576E-3 1.57207E-3 2.80774E-3 5.69891E-3 6.35488E-3 9.95349E-3 2.07147E-2 4.26956E-2 2.54525E-2 2.12974E-2 1.83826E-2 2.40546E-2 2.03393E-2 2.18207E-2 4.02264E-2 2.62914E-2 2.69595E-2 2.19335E-2 1.72479E-2 1.66343E-2 1.94385E-2 1.66401E-2 2.05729E-2 2.10056E-2 2.33373E-2 1.67693E-2 1.67638E-2 1.77362E-2 1.75113E-2 1.80149E-2 1.71223E-2 1.44202E-2 1.41166E-2 1.55714E-2 1.48619E-2
-9999 -9999 -9999 -9999 -9999 -9999 -9999 -9999 -9999 7.95572E-2 8.86613E-2 4.5365E-3 1.00151E-3 6.7518E-4 7.87206E-4 4.65863E-3 9.20806E-3 5.87243E-3 6.03667E-3 7.45512E-3 5.55858E-3 6.8332E-3 1.30238E-2 9.74658E-3 1.19985E-2 4.08146E-3 2.32702E-3 3.11606E-3 1.73411E-3 5.95692E-3 6.71558E-3 1.58146E-2 2.3769E-2 5.12949E-2 2.1727E-2 2.9226E-2 4.90865E-2 4.40837E-2 3.44797E-2 5.40447E-2 4.45367E-2 2.45214E-2 1.90018E-2 1.77959E-2 1.94215E-2 1.77508E-2 1.70859E-2 1.70753E-2 1.93576E-2 1.76808E-2 1.711E-2 1.61988E-2 1.67733E-2 2.15098E-2 1.68594E-2 1.77674E-2 1.76013E-2 1.43463E-2 1.53524E-2 1.73128E-2 1.50694E-2
-9999 -9999 -9999 -9999 -9999 -9999 -9999 -9999 -9999 -9999 6.29532E-2 2.30952E-2 2.69437E-3 5.11674E-4 1.4254E-3 6.27961E-3 1.52264E-2 8.2048E-3 6.41462E-3 7.06188E-3 4.29855E-3 4.2896E-3 1.38267E-2 8.22631E-3 8.22023E-3 4.39063E-3 2.84859E-3 2.65308E-3 2.84492E-3 4.62562E-3 8.62063E-3 1.81278E-2 2.62067E-2 2.22918E-2 2.9504E-2 3.02128E-2 4.97164E-2 4.90261E-2 2.73427E-2 2.6286E-2 2.50485E-2 2.01045E-2 2.50012E-2 1.82788E-2 2.07302E-2 2.02251E-2 2.01299E-2 2.32937E-2 2.07359E-2 2.00601E-2 2.376E-2 1.78385E-2 2.31934E-2 2.1442E-2 1.98788E-2 1.59293E-2 1.49413E-2 1.73641E-2 1.68331E-2 1.81286E-2 1.45365E-2
-9999 -9999 -9999 -9999 -9999 -9999 -9999 -9999 -9999 -9999 6.40813E-2 9.81103E-3 5.10819E-5 1.66793E-4 1.08936E-3 2.42256E-3 1.3054E-2 1.01473E-2 7.89796E-3 6.26939E-3 9.51894E-3 4.7361E-3 1.20443E-2 1.81581E-2 8.16433E-3 5.65849E-3 3.24156E-3 1.70429E-3 3.27433E-3 6.74923E-3 1.04529E-2 2.09194E-2 2.07909E-2 2.6029E-2 2.67779E-2 4.84153E-2 4.36144E-2 3.62317E-2 3.2271E-2 4.82532E-2 2.28942E-2 2.40109E-2 2.49028E-2 2.3223E-2 2.08329E-2 1.55778E-2 2.37041E-2 1.60789E-2 1.89651E-2 1.91397E-2 3.30715E-2 2.82027E-2 1.93866E-2 1.99065E-2 2.04455E-2 1.64127E-2 1.66967E-2 2.0548E-2 1.71199E-2 1.54699E-2 1.57483E-2
-9999 -9999 -9999 -9999 -9999 -9999 -9999 -9999 -9999 -9999 7.06054E-2 5.26306E-3 1.21948E-4 2.07712E-4 1.19739E-2 6.28896E-3 1.32173E-2 1.60255E-2 6.62981E-3 1.92768E-2 1.2074E-2 8.75936E-3 1.2755E-2 1.43154E-2 8.44928E-3 4.58771E-3 2.95495E-3 3.68862E-3 3.84823E-3 5.28044E-3 1.32376E-2 3.07512E-2 3.28952E-2 2.4777E-2 2.47221E-2 3.8537E-2 6.03053E-2 3.99046E-2 2.17428E-2 1.67339E-2 3.86809E-2 2.64078E-2 2.00911E-2 1.74835E-2 2.33014E-2 1.63483E-2 2.089E-2 1.95878E-2 3.03746E-2 1.70412E-2 1.85517E-2 1.57206E-2 2.27203E-2 2.45909E-2 1.63212E-2 1.51378E-2 1.53612E-2 1.84228E-2 1.63932E-2 1.56762E-2 1.82712E-2
-9999 -9999 -9999 -9999 -9999 -9999 -9999 -9999 -9999 -9999 3.5388E-2 3.19608E-3 6.42593E-4 2.14142E-4 1.44299E-3 4.18771E-3 2.00436E-2 8.12277E-3 1.54595E-2 3.12346E-2 3.2737E-2 1.49208E-2 1.06179E-2 1.16341E-2 6.55179E-3 6.12764E-3 3.65717E-3 3.48188E-3 1.20131E-2 5.93646E-3 8.86967E-3 2.59509E-2 3.94895E-2 3.15344E-2 5.13759E-2 3.26703E-2 5.66072E-2 6.60517E-2 4.16998E-2 1.99622E-2 2.01518E-2 1.67814E-2 1.66308E-2 1.68858E-2 1.87856E-2 2.1082E-2 2.14689E-2 2.16643E-2 1.25272E-2 1.18562E-2 2.07072E-2 2.25398E-2 1.88289E-2 3.06723E-2 2.95019E-2 2.10164E-2 1.71734E-2 1.85971E-2 1.617E-2 1.62821E-2 1.77622E-2
-9999 -9999 -9999 -9999 -9999 -9999 -9999 -9999 -9999 -9999 9.47331E-3 8.80024E-3 5.93565E-4 8.02047E-4 3.7801E-2 1.23345E-3 1.85628E-2 8.02415E-3 7.76493E-3 2.71536E-2 2.94315E-2 2.38627E-2 1.15377E-2 1.15481E-2 1.08044E-2 8.00789E-3 4.30428E-3 3.92242E-3 7.1052E-3 1.66632E-2 1.04202E-2 7.90176E-3 2.85006E-2 3.46691E-2 4.80086E-2 3.81379E-2 4.79108E-2 4.92824E-2 6.47795E-2 4.38883E-2 2.15561E-2 1.40977E-2 1.57317E-2 7.0746E-2 2.1571E-2 2.04549E-2 1.97096E-2 1.91915E-2 3.66082E-2 1.41241E-2 1.44606E-2 1.86094E-2 2.31383E-2 2.79777E-2 1.99421E-2 1.77784E-2 1.91227E-2 1.51213E-2 1.75481E-2 1.72655E-2 1.69238E-2
-9999 -9999 -9999 -9999 -9999 -9999 -9999 -9999 3.18197E-2 1.30441E-2 5.02008E-3 4.47976E-3 1.09649E-3 5.14653E-4 1.07597E-3 1.86205E-2 2.09926E-2 1.89453E-2 1.07072E-2 1.95431E-2 1.34505E-2 2.12515E-2 2.26785E-2 1.54324E-2 1.3217E-2 9.91926E-3 4.70307E-3 2.8988E-3 2.7956E-3 5.33483E-3 4.68472E-3 7.43096E-3 2.25854E-2 1.76983E-2 3.83012E-2 1.93468E-2 3.6561E-2 6.75076E-2 5.63295E-2 5.62992E-2 2.02659E-2 1.76121E-2 1.82468E-2 1.34752E-2 1.46608E-2 1.75327E-2 2.04764E-2 1.48705E-2 1.86782E-2 2.2968E-2 1.87664E-2 2.15906E-2 3.05387E-2 3.7404E-2 2.1698E-2 2.36921E-2 2.38218E-2 1.87112E-2 2.21243E-2 2.33381E-2 1.69463E-2
-9999 -9999 -9999 -9999 -9999 -9999 -9999 -9999 5.60627E-2 5.77686E-3 3.68725E-3 2.78844E-3 2.12236E-3 2.72187E-4 2.64762E-4 1.95764E-3 3.18184E-3 3.36494E-2 1.79724E-2 1.14986E-2 1.29418E-2 9.73104E-3 2.65136E-2 1.09575E-2 1.07692E-2 6.43463E-3 5.57422E-3 4.20108E-3 3.0887E-3 2.90443E-3 7.60638E-3 5.09275E-3 1.90334E-2 2.58767E-2 5.46523E-2 2.50366E-2 5.20245E-2 5.19664E-2 5.59623E-2 4.04001E-2 2.83038E-2 1.68112E-2 1.87957E-2 1.49077E-2 9.97051E-3 1.40838E-2 2.18451E-2 1.71412E-2 1.71023E-2 1.5417E-2 1.20567E-2 1.2552E-2 2.44348E-2 2.98512E-2 2.91327E-2 3.36554E-2 2.09025E-2 1.91918E-2 1.80851E-2 2.148E-2 1.68335E-2
-9999 -9999 -9999 -9999 -9999 -9999 -9999 -9999 1.53571E-2 3.87397E-3 3.20441E-4 1.99452E-4 8.73626E-4 4.45046E-4 1.79639E-4 1.39331E-3 1.28825E-3 1.96734E-2 2.26295E-2 2.53576E-2 1.81863E-2 1.36341E-2 1.76398E-2 1.57375E-2 1.60837E-2 2.37429E-2 8.83525E-3 6.63273E-3 4.03996E-3 2.81353E-3 5.99402E-3 7.50041E-3 1.29857E-2 3.6745E-2 6.13223E-2 6.67586E-2 4.69688E-2 6.64776E-2 4.7127E-2 4.83088E-2 2.03445E-2 1.74326E-2 1.80083E-2 1.2275E-2 1.12524E-2 1.29267E-2 1.35449E-2 1.9973E-2 1.30456E-2 1.59838E-2 1.83456E-2 1.788E-2 1.94943E-2 2.70139E-2 1.69008E-2 3.6238E-2 2.5527E-2 2.13883E-2 1.60904E-2 1.01325E-2 2.04038E-2
-9999 -9999 -9999 -9999 -9999 -9999 -9999 -9999 -9999 2.97331E-2 5.5686E-4 9.20703E-5 1.51934E-4 1.30859E-3 2.75093E-4 3.79363E-4 2.02246E-3 1.74912E-2 8.23538E-2 4.02151E-2 7.64036E-3 1.01427E-2 9.37231E-3 1.55173E-2 1.26847E-2 1.12807E-2 8.92015E-3 7.12531E-3 4.751E-3 3.21146E-3 2.02986E-3 2.34712E-3 6.03289E-3 1.24351E-2 3.04227E-2 3.47131E-2 3.62356E-2 4.03448E-2 5.39359E-2 2.84408E-2 2.4979E-2 1.04222E-2 1.43887E-2 1.13495E-2 9.85216E-3 1.82955E-2 1.00387E-2 9.70586E-3 2.17907E-2 1.98928E-2 1.76025E-2 1.70648E-2 2.03184E-2 1.59491E-2 2.41369E-2 2.97739E-2 2.01153E-2 1.36999E-2 1.1617E-2 1.57751E-2 2.44168E-2
-9999 -9999 -9999 -9999 -9999 -9999 -9999 -9999 -9999 1.17466E-2 4.40037E-3 9.60237E-5 7.29319E-5 6.50801E-4 2.55329E-3 8.34229E-4 7.89719E-4 9.21645E-4 1.00047E-2 1.30495E-2 7.26235E-3 4.54658E-3 1.15998E-2 2.37157E-2 1.57549E-2 8.68918E-3 9.19814E-3 8.94304E-3 3.89576E-3 1.85813E-3 2.84189E-3 7.91141E-4 1.02186E-2 7.02626E-3 2.49666E-2 4.55132E-2 7.48075E-2 5.98793E-2 5.60575E-2 3.52615E-2 1.84828E-2 1.52293E-2 1.77935E-2 1.27963E-2 1.07159E-2 1.76368E-2 1.78737E-2 8.78078E-3 1.23245E-2 1.03065E-2 1.06322E-2 1.97539E-2 1.38123E-2 2.052E-2 1.50592E-2 2.2479E-2 2.44427E-2 1.68969E-2 2.27948E-2 1.08994E-2 2.38846E-2
-9999 -9999 -9999 -9999 -9999 -9999 -9999 -9999 -9999 -9999 9.14542E-3 2.9689E-4 4.89374E-5 7.83954E-4 2.72329E-3 5.36993E-4 7.30082E-4 1.30707E-3 6.25061E-3 4.1523E-3 4.62495E-3 3.28496E-3 9.97577E-3 2.54068E-2 2.12176E-2 1.72158E-2 9.02135E-3 8.07991E-3 3.04022E-3 2.34529E-3 2.90229E-3 1.98648E-3 1.83282E-3 5.83349E-3 1.12475E-2 3.30416E-2 5.49668E-2 5.26113E-2 3.54825E-2 3.29572E-2 2.47081E-2 1.7171E-2 1.07636E-2 1.43649E-2 2.76533E-2 3.29469E-2 2.34932E-2 9.15905E-3 1.53491E-2 1.5218E-2 1.31765E-2 1.30263E-2 1.27965E-2 2.12703E-2 1.75451E-2 1.66049E-2 2.36041E-2 2.12294E-2 2.50021E-2 2.55817E-2 2.13971E-2
-9999 -9999 -9999 -9999 -9999 -9999 -9999 -9999 -9999 -9999 1.50791E-2 1.27406E-3 1.39622E-4 3.14425E-4 2.1249E-3 1.58597E-3 5.58332E-4 3.34335E-4 1.24693E-3 2.75412E-3 3.99721E-3 6.95152E-3 1.14063E-2 1.55348E-2 2.68176E-2 2.149E-2 2.37671E-2 9.95987E-3 1.20794E-2 4.37236E-3 1.97059E-3 6.36058E-3 6.21717E-3 1.30762E-2 1.52015E-2 1.59945E-2 3.16082E-2 5.49874E-2 4.82263E-2 2.33602E-2 2.18106E-2 1.62847E-2 1.00543E-2 1.16993E-2 7.88259E-3 1.46108E-2 2.91256E-2 3.09191E-2 1.54953E-2 1.89934E-2 1.44158E-2 1.03953E-2 1.33208E-2 1.42148E-2 1.11263E-2 1.74278E-2 2.07437E-2 2.49051E-2 3.45192E-2 2.06722E-2 2.11302E-2
