Final_Models_Sept202022/M_0.1_F_lqp_Set_1/Bison_min.asc
ncols         97
nrows         127
xllcorner     -2197417.7431653
yllcorner     -584827.01486885
cellsize      30000.0
NODATA_value  -9999
[rows 54 to 80 of 127, columns 0 to 60 of 97]
-9999 -9999 -9999 -9999 3.14851E-2 6.53217E-3 8.44378E-4 5.62751E-3 5.56277E-3 1.12487E-4 5.35632E-4 3.09839E-4 2.52351E-4 1.89506E-3 4.3806E-3 4.016E-3 1.35288E-2 2.19359E-2 2.43724E-2 3.50885E-2 5.03515E-2 6.02137E-2 5.95976E-2 7.81217E-2 3.74676E-2 3.98715E-2 9.70917E-2 7.70831E-2 1.01913E-1 9.88681E-2 9.87473E-2 9.65597E-2 1.03448E-1 1.14146E-1 1.09171E-1 1.16947E-1 1.15136E-1 1.08798E-1 1.09897E-1 1.34898E-1 2.32111E-1 2.51609E-1 1.76041E-1 1.35041E-1 1.34435E-1 1.06973E-1 1.21977E-1 9.74638E-2 8.23001E-2 7.42374E-2 8.21015E-2 8.87906E-2 6.56828E-2 1.11812E-1 1.26541E-1 5.89997E-2 7.98308E-2 6.63818E-2 6.19594E-2 6.16031E-2 3.92338E-2
-9999 -9999 -9999 -9999 -9999 4.62862E-3 1.31525E-3 2.03855E-3 2.44398E-2 8.87448E-4 2.55241E-4 3.66366E-4 2.78094E-3 8.95498E-4 3.54143E-3 2.22795E-3 4.22621E-3 1.14277E-2 3.39124E-2 2.21098E-2 5.24118E-2 6.40517E-2 9.0047E-2 1.31718E-1 2.92501E-2 3.5571E-2 8.44944E-2 9.20772E-2 1.36078E-1 1.34252E-1 1.17274E-1 1.08085E-1 1.14944E-1 1.17772E-1 1.04952E-1 1.37006E-1 1.35475E-1 1.23253E-1 1.55195E-1 1.57965E-1 2.27497E-1 2.55227E-1 1.70894E-1 1.29086E-1 1.35723E-1 1.29704E-1 1.07972E-1 9.06975E-2 9.24428E-2 4.77758E-2 7.20474E-2 9.45522E-2 7.61501E-2 1.33549E-1 1.04362E-1 8.28203E-2 8.23284E-2 6.32093E-2 6.36336E-2 5.4345E-2 4.33014E-2
-9999 -9999 -9999 -9999 -9999 8.20034E-3 3.38596E-3 5.71973E-3 9.34045E-3 4.15683E-3 8.06081E-6 9.91668E-5 8.73878E-5 9.45436E-5 4.47934E-3 2.32109E-3 9.52967E-3 6.57832E-3 2.3809E-2 3.84702E-2 4.06389E-2 5.59366E-2 5.58794E-2 7.90695E-2 4.54282E-2 3.05422E-2 6.25889E-2 1.4077E-1 1.80741E-1 1.36854E-1 1.58144E-1 1.35066E-1 1.37815E-1 1.41822E-1 1.51388E-1 1.68093E-1 1.43034E-1 1.38205E-1 1.60268E-1 1.76902E-1 2.555E-1 2.12576E-1 1.51593E-1 1.39961E-1 1.30259E-1 1.21173E-1 1.11344E-1 9.98574E-2 1.12629E-1 1.07756E-1 1.25005E-1 1.09577E-1 1.3209E-1 1.07683E-1 8.80769E-2 9.49861E-2 8.2077E-2 7.97496E-2 5.55884E-2 4.22376E-2 1.70043E-2
-9999 -9999 -9999 -9999 -9999 -9999 5.75438E-3 -9999 9.08257E-3 1.53771E-3 2.50061E-4 1.6115E-4 7.3145E-5 2.82933E-4 6.90145E-4 1.39574E-2 7.74848E-3 8.46057E-3 2.53319E-2 5.33554E-2 2.16027E-2 4.98559E-2 5.85699E-2 8.6094E-2 6.54793E-2 5.77595E-2 5.5337E-2 1.37461E-1 1.72114E-1 1.66678E-1 3.19171E-1 2.45698E-1 1.59446E-1 1.49405E-1 1.65732E-1 1.95676E-1 1.95589E-1 1.54472E-1 1.63279E-1 1.63197E-1 1.52473E-1 1.08565E-1 1.63536E-1 1.31044E-1 9.55862E-2 1.06997E-1 8.9255E-2 9.91499E-2 1.0423E-1 1.35127E-1 1.22599E-1 1.12819E-1 1.06545E-1 1.0708E-1 9.78761E-2 8.31587E-2 7.43032E-2 6.88399E-2 5.47566E-2 3.75995E-2 2.46161E-2
-9999 -9999 -9999 9.2552E-4 -9999 -9999 -9999 -9999 -9999 3.50812E-3 4.08673E-4 1.06429E-5 8.64694E-5 4.0887E-4 1.03537E-4 1.55205E-2 7.01686E-3 1.16031E-2 2.08635E-2 2.95594E-2 4.6549E-2 6.27243E-2 4.60687E-2 1.06684E-1 3.7904E-2 3.15245E-2 5.80143E-2 8.9696E-2 2.22662E-1 2.41948E-1 4.28396E-1 3.72159E-1 1.58198E-1 1.42292E-1 1.55166E-1 2.13443E-1 1.9698E-1 2.47723E-1 5.13086E-1 1.58305E-1 1.39948E-1 1.13134E-1 1.41001E-1 1.13978E-1 5.47104E-2 8.26651E-2 1.14672E-1 1.11317E-1 1.09728E-1 1.08254E-1 1.26232E-1 1.20735E-1 1.11709E-1 1.0141E-1 8.71231E-2 8.33519E-2 7.25551E-2 5.85507E-2 5.38184E-2 4.95218E-2 3.88162E-2
-9999 -9999 -9999 1.93537E-3 1.59031E-3 3.53078E-3 -9999 -9999 -9999 7.13633E-3 1.09607E-5 2.61922E-5 6.36793E-5 7.60125E-4 1.05699E-3 2.11514E-2 1.27259E-2 9.98703E-3 2.43E-2 4.30437E-2 3.63088E-2 3.83938E-2 6.03514E-2 3.89819E-2 5.98782E-2 1.79999E-2 3.28704E-2 9.20439E-2 2.86446E-1 4.18952E-1 5.33515E-1 4.66443E-1 1.87805E-1 2.07455E-1 1.99084E-1 1.98744E-1 2.13523E-1 4.48172E-1 4.11148E-1 1.62971E-1 1.58411E-1 1.55995E-1 1.40126E-1 1.2779E-1 1.06419E-1 1.06664E-1 1.04485E-1 9.16997E-2 1.01788E-1 1.82746E-1 1.54025E-1 1.30888E-1 1.03305E-1 1.04993E-1 6.97805E-2 9.14396E-2 6.19856E-2 7.20078E-2 6.96805E-2 5.13841E-2 2.98814E-2
-9999 -9999 -9999 1.73274E-3 3.34583E-3 5.85469E-3 3.49944E-3 -9999 -9999 2.49123E-2 1.41448E-4 3.00284E-4 4.86977E-5 3.37002E-4 6.27818E-4 5.73916E-3 1.46608E-2 1.72008E-2 3.2739E-2 4.10872E-2 4.6933E-2 2.42568E-2 1.35686E-2 1.28093E-2 3.86161E-2 2.22664E-4 2.79285E-4 3.43489E-2 1.72127E-1 1.91364E-1 6.18878E-1 6.40136E-1 4.21289E-1 5.26326E-1 4.52771E-1 3.03871E-1 3.36729E-1 3.65064E-1 3.40974E-1 1.62496E-1 1.74311E-1 1.5846E-1 1.52181E-1 1.39662E-1 1.12803E-1 1.03893E-1 1.04238E-1 1.02648E-1 1.07135E-1 2.24166E-1 1.72472E-1 1.70434E-1 8.72921E-2 7.39652E-2 6.88538E-2 9.83625E-2 7.90659E-2 8.53063E-2 6.88119E-2 4.83028E-2 2.69455E-2
-9999 -9999 -9999 1.30601E-3 1.49724E-3 1.8554E-3 -9999 -9999 7.74987E-3 3.71567E-5 1.76387E-6 6.73074E-5 6.69484E-5 1.41087E-4 1.15617E-3 4.43448E-3 6.53246E-2 2.28422E-2 4.09065E-2 1.60188E-2 4.50981E-2 2.77128E-2 2.04138E-2 1.44534E-2 1.60554E-2 3.62556E-4 1.35189E-4 1.31028E-2 9.7895E-2 3.57162E-1 5.40491E-1 6.66458E-1 6.01986E-1 4.94693E-1 6.19857E-1 4.68182E-1 4.1512E-1 5.38723E-1 3.54453E-1 2.27236E-1 2.12584E-1 1.91032E-1 1.58476E-1 1.25184E-1 1.26338E-1 1.3575E-1 1.17299E-1 1.22061E-1 1.64211E-1 2.07217E-1 1.97744E-1 1.19516E-1 1.09116E-1 8.65823E-2 4.44715E-2 1.08716E-1 8.9096E-2 7.12859E-2 6.93388E-2 5.5169E-2 4.94146E-2
-9999 -9999 -9999 1.64299E-3 3.99584E-3 -9999 -9999 8.11986E-3 3.85678E-3 1.41113E-4 2.67581E-6 5.04823E-5 5.79577E-5 2.93707E-5 2.91023E-3 9.20854E-3 5.80128E-2 3.77661E-2 2.90576E-2 3.57345E-2 4.80252E-2 2.9905E-2 1.10545E-2 1.40624E-2 1.03588E-2 9.53936E-4 7.31302E-5 4.92824E-3 5.14916E-2 1.0813E-1 3.45866E-1 5.88448E-1 3.34228E-1 4.33378E-1 7.04019E-1 6.07436E-1 6.02869E-1 7.00224E-1 4.63169E-1 2.31902E-1 2.19329E-1 1.62996E-1 1.30851E-1 1.26894E-1 1.34558E-1 1.47336E-1 1.31281E-1 1.39679E-1 1.32994E-1 1.94978E-1 2.16538E-1 1.13506E-1 9.20019E-2 9.78359E-2 8.37089E-2 8.60128E-2 8.82698E-2 7.75829E-2 8.56527E-2 6.04447E-2 3.78753E-2
-9999 -9999 -9999 1.38461E-3 1.30392E-3 -9999 -9999 -9999 6.2068E-3 3.41587E-4 9.48326E-5 3.14979E-4 2.45581E-5 4.46014E-4 5.33022E-3 3.74237E-2 6.61842E-2 5.4714E-2 5.03367E-2 5.37727E-2 6.72688E-2 7.22444E-2 2.79415E-2 1.10227E-2 1.13436E-2 2.31018E-3 6.59653E-4 9.9907E-3 2.87801E-2 6.48895E-2 1.18856E-1 3.60201E-1 4.8182E-1 5.17232E-1 5.72213E-1 5.87245E-1 5.62523E-1 4.04953E-1 2.54584E-1 2.00936E-1 1.41512E-1 1.44418E-1 1.30614E-1 1.32539E-1 1.44003E-1 1.50619E-1 1.80093E-1 1.43209E-1 1.27298E-1 1.91359E-1 2.02442E-1 1.21834E-1 1.03839E-1 9.56558E-2 9.14733E-2 6.46758E-2 9.51174E-2 8.47621E-2 8.93635E-2 7.16756E-2 5.25454E-2
-9999 -9999 -9999 4.53996E-3 1.1457E-2 -9999 -9999 -9999 6.13216E-3 9.97027E-3 5.40225E-3 6.49543E-6 2.61336E-4 1.25958E-3 2.06871E-3 2.5437E-2 5.36321E-2 7.24625E-2 8.27741E-2 4.98615E-2 4.04263E-2 1.08745E-1 4.3415E-2 2.02958E-2 1.37652E-2 3.58978E-3 9.88264E-4 6.04717E-3 1.51609E-2 3.1917E-2 5.77335E-2 4.13262E-1 4.73695E-1 5.53748E-1 4.53651E-1 5.46109E-1 4.77696E-1 5.01213E-1 2.31348E-1 2.22036E-1 1.51217E-1 1.37986E-1 1.03459E-1 1.25791E-1 2.2533E-1 2.41601E-1 2.03408E-1 1.51213E-1 1.18916E-1 1.49537E-1 2.4939E-1 1.45928E-1 1.0899E-1 7.28229E-2 1.09753E-1 6.03298E-2 8.76212E-2 8.23082E-2 7.21833E-2 8.96885E-2 5.71607E-2
-9999 -9999 -9999 1.6154E-3 1.20396E-2 -9999 -9999 -9999 5.22954E-3 3.03307E-4 2.57536E-4 1.39967E-7 7.06183E-5 9.16737E-4 2.7809E-2 3.61323E-2 3.05401E-2 8.09456E-2 8.3546E-2 7.3591E-2 1.22374E-1 1.38462E-1 4.33571E-2 2.54721E-2 1.49553E-2 2.73074E-3 1.88191E-3 2.50428E-3 8.67781E-3 1.3059E-2 4.03786E-2 2.35507E-1 3.86569E-1 5.80006E-1 5.17593E-1 5.06486E-1 2.50797E-1 4.33692E-1 4.48943E-1 2.69819E-1 1.06722E-1 9.10271E-2 1.37308E-1 1.27032E-1 1.67587E-1 1.58026E-1 1.78676E-1 1.49154E-1 1.79997E-1 1.83221E-1 1.86584E-1 1.68624E-1 1.20427E-1 1.1367E-1 1.00248E-1 9.45969E-2 7.92812E-2 1.07302E-1 8.69387E-2 8.6977E-2 7.23395E-2
-9999 -9999 -9999 -9999 2.88387E-3 -9999 -9999 -9999 -9999 4.23447E-3 1.30016E-4 3.51876E-5 1.16645E-4 1.61311E-4 5.7172E-3 2.17883E-2 1.39783E-2 7.25444E-2 1.22921E-1 1.29959E-1 9.47595E-2 2.06736E-1 9.09458E-2 4.99659E-2 3.47222E-2 8.63772E-3 2.27449E-3 1.47067E-3 5.11236E-3 9.41343E-3 4.29386E-2 7.75232E-2 9.30247E-2 1.52194E-1 1.22714E-1 1.74038E-1 4.10459E-1 3.17159E-1 1.3981E-1 1.03108E-1 1.73706E-1 1.31216E-1 1.98185E-1 1.48223E-1 1.5873E-1 2.05635E-1 2.3042E-1 2.2768E-1 1.29245E-1 1.41677E-1 2.61904E-1 1.40702E-1 1.34274E-1 1.34293E-1 1.39899E-1 1.07178E-1 9.9209E-2 9.51164E-2 9.42525E-2 9.76328E-2 9.57612E-2
-9999 -9999 -9999 -9999 2.78171E-3 -9999 -9999 -9999 -9999 4.36976E-3 4.65859E-3 1.29474E-3 2.36139E-4 1.02207E-4 1.36621E-3 2.0843E-2 5.8752E-2 6.0933E-2 8.55796E-2 8.88979E-2 8.72167E-2 1.22856E-1 7.18376E-2 1.11149E-1 9.48227E-2 1.08027E-2 3.10622E-3 8.94238E-4 2.62306E-3 9.34551E-3 3.36135E-2 4.32546E-2 9.15842E-2 1.58159E-1 8.95959E-2 1.03561E-1 2.11827E-1 1.0414E-1 6.53988E-2 5.23658E-2 1.17217E-1 7.1302E-2 1.12558E-1 1.97656E-1 1.85911E-1 2.18325E-1 3.81059E-1 2.176E-1 1.78148E-1 1.97314E-1 2.29562E-1 1.75693E-1 1.69489E-1 1.3395E-1 1.35843E-1 1.33482E-1 1.20234E-1 1.14774E-1 1.02202E-1 8.85867E-2 8.77153E-2
-9999 -9999 -9999 -9999 -9999 -9999 -9999 -9999 -9999 7.45742E-3 1.13313E-2 3.07027E-3 7.08331E-4 1.75629E-4 2.54568E-4 6.97461E-3 5.23605E-2 7.02083E-2 8.73733E-2 1.10386E-1 9.21308E-2 9.68092E-2 9.99245E-2 6.75253E-2 2.09346E-2 4.05029E-3 1.79998E-3 2.32316E-3 1.51581E-3 7.42709E-3 3.57094E-2 5.60225E-2 6.46335E-2 1.00284E-1 5.40732E-2 7.77091E-2 1.49139E-1 1.34617E-1 6.34988E-2 9.36405E-2 1.4549E-1 1.15241E-1 1.78652E-1 2.09305E-1 4.08634E-1 4.70811E-1 4.98328E-1 2.82197E-1 2.30897E-1 2.04719E-1 2.40905E-1 2.25124E-1 1.55369E-1 9.8381E-2 1.42102E-1 1.25245E-1 1.23709E-1 1.32565E-1 1.05097E-1 8.97236E-2 9.11328E-2
-9999 -9999 -9999 -9999 -9999 -9999 -9999 -9999 -9999 -9999 4.69053E-3 5.27263E-3 2.49223E-3 1.21052E-4 4.61269E-4 2.83197E-3 4.2092E-2 5.99586E-2 7.05249E-2 9.3768E-2 1.0375E-1 1.04349E-1 1.01262E-1 9.38883E-2 3.73086E-2 8.95961E-3 3.50545E-3 2.38217E-3 4.32506E-3 6.69419E-3 2.40419E-2 6.42127E-2 8.0003E-2 6.66486E-2 7.46948E-2 7.55541E-2 1.21346E-1 1.53405E-1 1.1029E-1 1.56604E-1 1.68899E-1 3.59747E-1 3.37518E-1 4.53304E-1 5.12505E-1 5.3643E-1 4.36798E-1 5.99628E-1 2.44318E-1 2.29629E-1 2.84003E-1 2.43046E-1 1.30586E-1 1.1887E-1 1.32409E-1 1.48183E-1 1.62892E-1 1.74066E-1 1.26877E-1 1.02736E-1 1.11044E-1
-9999 -9999 -9999 -9999 -9999 -9999 -9999 -9999 -9999 -9999 4.82902E-3 3.3173E-3 5.46725E-6 1.00646E-5 1.75064E-4 1.53916E-3 3.09034E-2 7.38842E-2 6.56652E-2 1.03997E-1 1.12059E-1 1.12276E-1 1.14691E-1 1.2807E-1 3.9236E-2 1.5484E-2 1.11384E-2 3.01608E-3 1.30333E-2 1.19526E-2 2.01438E-2 4.33138E-2 7.4297E-2 8.16018E-2 9.87333E-2 1.24198E-1 1.25956E-1 1.08307E-1 1.21737E-1 3.26436E-1 3.8389E-1 5.23998E-1 4.10161E-1 4.77079E-1 4.87097E-1 5.02808E-1 2.81501E-1 5.08568E-1 3.98955E-1 4.73375E-1 4.26566E-1 2.82597E-1 2.01447E-1 1.47836E-1 1.47866E-1 1.49269E-1 1.51857E-1 1.28668E-1 1.35495E-1 1.23847E-1 1.17679E-1
-9999 -9999 -9999 -9999 -9999 -9999 -9999 -9999 -9999 -9999 7.10896E-3 1.77474E-3 1.5853E-5 2.63778E-5 7.13579E-3 6.9284E-3 2.22737E-2 8.51387E-2 8.77228E-2 1.50189E-1 1.51989E-1 1.26434E-1 1.06676E-1 1.4316E-1 6.13173E-2 8.35588E-3 7.95303E-3 4.63453E-3 3.51494E-3 2.43184E-2 1.94512E-2 4.67313E-2 7.07705E-2 8.68183E-2 1.14798E-1 1.25089E-1 1.64879E-1 2.7305E-1 3.56545E-1 2.91687E-1 3.73108E-1 4.44478E-1 5.71633E-1 5.51268E-1 5.50149E-1 6.15942E-1 6.07396E-1 5.58283E-1 4.33256E-1 6.09969E-1 6.0864E-1 5.4522E-1 3.95296E-1 3.36275E-1 3.60969E-1 2.02277E-1 1.74098E-1 1.59649E-1 1.60514E-1 1.50311E-1 1.21522E-1
-9999 -9999 -9999 -9999 -9999 -9999 -9999 -9999 -9999 -9999 4.22663E-3 1.45722E-3 5.74948E-4 3.91597E-5 2.04018E-4 1.27153E-3 2.84654E-2 1.19698E-1 1.31793E-1 1.65222E-1 1.75065E-1 1.27662E-1 1.04981E-1 1.35141E-1 7.60086E-2 2.37223E-2 6.66228E-3 5.39542E-3 1.06067E-2 4.92519E-3 2.77372E-2 4.86018E-2 4.45951E-2 1.02592E-1 1.57092E-1 9.76757E-2 1.30283E-1 1.75597E-1 1.99086E-1 3.13672E-1 4.98957E-1 6.30471E-1 6.84897E-1 6.47734E-1 7.3097E-1 6.44639E-1 6.50527E-1 6.36802E-1 6.66286E-1 6.81052E-1 4.50777E-1 3.28278E-1 3.5066E-1 3.90535E-1 4.1536E-1 4.15854E-1 2.22589E-1 1.63928E-1 1.56358E-1 1.69838E-1 1.59419E-1
-9999 -9999 -9999 -9999 -9999 -9999 -9999 -9999 -9999 -9999 1.92522E-3 2.01107E-3 4.73155E-4 5.10748E-5 3.41839E-2 1.59876E-4 2.21317E-2 6.19191E-2 1.20043E-1 2.04586E-1 2.90404E-1 1.45829E-1 1.45135E-1 1.1068E-1 1.02611E-1 5.25736E-2 3.97534E-2 8.69747E-3 6.43569E-3 1.62204E-2 2.6206E-2 1.81563E-2 7.36899E-2 1.76232E-1 1.42607E-1 1.58626E-1 1.21332E-1 1.26961E-1 1.42099E-1 2.98996E-1 5.25607E-1 7.46786E-1 7.45812E-1 6.51209E-1 7.68319E-1 6.36839E-1 5.52057E-1 6.14368E-1 4.0949E-1 6.88761E-1 6.6481E-1 4.39849E-1 3.36135E-1 4.58926E-1 3.88419E-1 3.49517E-1 2.56879E-1 2.85485E-1 2.37137E-1 1.76629E-1 1.75491E-1
-9999 -9999 -9999 -9999 -9999 -9999 -9999 -9999 8.48574E-3 3.75034E-3 1.71225E-3 1.71181E-3 9.75312E-4 1.86328E-4 3.12702E-4 1.20904E-2 2.04832E-2 4.27874E-2 9.60967E-2 1.19834E-1 1.429E-1 2.42645E-1 2.74389E-1 1.48984E-1 9.96186E-2 4.20717E-2 1.51606E-2 3.29175E-3 2.73538E-3 4.15848E-3 5.57256E-3 1.43177E-2 3.58391E-2 7.08734E-2 4.18472E-2 9.34956E-2 1.02254E-1 1.43614E-1 1.25832E-1 3.37605E-1 6.1574E-1 7.45187E-1 6.83132E-1 7.0558E-1 7.22805E-1 5.78634E-1 5.75935E-1 6.39143E-1 5.92715E-1 4.83276E-1 5.9724E-1 5.36829E-1 4.23062E-1 3.64293E-1 3.71191E-1 3.21016E-1 3.71124E-1 4.03449E-1 3.5386E-1 2.20021E-1 2.37745E-1
-9999 -9999 -9999 -9999 -9999 -9999 -9999 -9999 4.9496E-3 1.39764E-3 1.3542E-3 2.25739E-3 2.12581E-3 1.51069E-4 6.12419E-5 8.39123E-4 1.30547E-3 3.53584E-2 5.03129E-2 1.93994E-2 3.53727E-2 1.0615E-1 2.87433E-1 9.06348E-2 9.74039E-2 6.89992E-2 3.37658E-2 9.05879E-3 1.79637E-3 2.17908E-3 7.05143E-3 5.11765E-3 2.50113E-2 3.90471E-2 7.94549E-2 5.10159E-2 1.86557E-1 1.43264E-1 1.28643E-1 1.5625E-1 4.59315E-1 7.11932E-1 6.79024E-1 6.65381E-1 6.81084E-1 5.94715E-1 5.34718E-1 5.90932E-1 5.81599E-1 6.49281E-1 6.04283E-1 5.73946E-1 5.06019E-1 3.86863E-1 3.62416E-1 4.28319E-1 5.14492E-1 5.21763E-1 4.36323E-1 4.55158E-1 4.90933E-1
-9999 -9999 -9999 -9999 -9999 -9999 -9999 -9999 2.02513E-3 1.20137E-3 1.07132E-4 2.6232E-4 1.35481E-3 6.91075E-4 6.72842E-5 7.08909E-4 1.02802E-4 1.26959E-2 2.875E-2 2.64638E-2 1.73902E-2 3.10883E-2 1.99864E-1 1.02958E-1 1.08787E-1 1.09913E-1 5.67772E-2 2.45046E-2 2.89851E-3 1.28222E-3 3.77854E-3 6.10061E-3 2.0106E-2 4.90923E-2 1.92801E-1 1.57202E-1 1.65395E-1 2.00471E-1 1.4183E-1 4.20784E-1 6.81213E-1 7.52039E-1 7.32246E-1 7.42855E-1 7.41026E-1 6.20323E-1 5.73915E-1 5.1687E-1 6.63649E-1 6.52812E-1 6.90719E-1 6.09433E-1 5.41265E-1 4.28133E-1 5.52936E-1 3.018E-1 5.45828E-1 5.41867E-1 4.44203E-1 6.13451E-1 5.95141E-1
-9999 -9999 -9999 -9999 -9999 -9999 -9999 -9999 -9999 3.74704E-3 2.53983E-4 6.09568E-5 1.9917E-4 1.87191E-3 2.42389E-4 9.3837E-5 3.06987E-4 9.94175E-3 2.52381E-1 6.55061E-2 1.08634E-2 1.33701E-2 6.75979E-2 1.68838E-1 9.28156E-2 8.93322E-2 7.97046E-2 3.52195E-2 9.89067E-3 1.74887E-3 8.05414E-4 6.55212E-4 5.2499E-3 1.13452E-2 4.21559E-2 7.18106E-2 1.8182E-1 1.6137E-1 2.21331E-1 6.88521E-1 6.84067E-1 8.24484E-1 8.03471E-1 7.69974E-1 7.13386E-1 5.90828E-1 6.44384E-1 6.66609E-1 4.6025E-1 5.30924E-1 5.17619E-1 5.69379E-1 4.81323E-1 7.13198E-1 6.51069E-1 4.45305E-1 5.48181E-1 6.3318E-1 5.28286E-1 5.95714E-1 4.49394E-1
-9999 -9999 -9999 -9999 -9999 -9999 -9999 -9999 -9999 1.93938E-3 1.32091E-3 4.66479E-5 6.29056E-5 1.21528E-3 2.64973E-3 1.11305E-3 2.91466E-4 1.9225E-4 1.06411E-2 1.10122E-2 8.6785E-3 8.31656E-3 4.76209E-2 1.17266E-1 9.86943E-2 1.04489E-1 1.15117E-1 5.23358E-2 7.52961E-3 7.18509E-4 7.73841E-4 2.22117E-4 7.7586E-3 1.42799E-2 4.25289E-2 6.5142E-2 1.49153E-1 1.80987E-1 1.75186E-1 5.52185E-1 7.57001E-1 7.51464E-1 6.93202E-1 7.01762E-1 6.72404E-1 5.15895E-1 4.30921E-1 6.67837E-1 5.42902E-1 5.94362E-1 6.66614E-1 5.08872E-1 6.26242E-1 5.8654E-1 6.71414E-1 5.82657E-1 4.19964E-1 5.00691E-1 4.65995E-1 5.37106E-1 5.02002E-1
-9999 -9999 -9999 -9999 -9999 -9999 -9999 -9999 -9999 -9999 2.31699E-3 3.30304E-4 8.81569E-6 1.23826E-3 1.82023E-3 8.74981E-4 8.59389E-4 4.57097E-4 5.37655E-3 2.81067E-3 5.005E-3 3.83413E-3 2.50726E-2 2.35571E-1 1.77511E-1 1.45318E-1 9.57211E-2 3.47685E-2 6.71219E-3 1.98657E-3 1.56659E-3 9.67965E-4 5.03633E-4 2.4252E-3 2.86612E-2 5.94987E-2 7.85805E-2 1.35376E-1 3.03082E-1 6.21235E-1 7.1253E-1 7.06515E-1 7.0887E-1 6.87536E-1 4.55521E-1 4.63474E-1 3.91335E-1 5.9319E-1 4.98351E-1 5.63089E-1 6.92062E-1 6.68449E-1 6.81161E-1 6.62852E-1 5.41947E-1 6.17236E-1 6.24015E-1 4.61876E-1 4.64102E-1 5.33011E-1 5.05374E-1
-9999 -9999 -9999 -9999 -9999 -9999 -9999 -9999 -9999 -9999 1.93805E-3 7.07966E-4 6.56096E-5 1.7801E-4 2.27833E-3 1.60113E-3 9.74007E-4 1.4698E-4 7.42684E-4 1.40751E-3 3.95259E-3 7.13944E-3 1.9995E-2 6.90937E-2 1.50789E-1 3.00119E-1 2.73326E-1 9.40846E-2 4.70641E-2 3.53504E-3 9.04976E-4 3.07446E-3 2.6811E-3 6.98447E-3 4.29259E-2 1.5509E-2 4.50365E-2 1.00995E-1 2.37143E-1 6.9797E-1 7.65503E-1 7.02409E-1 7.22999E-1 7.64615E-1 7.02168E-1 5.34274E-1 3.1304E-1 3.6561E-1 5.10319E-1 5.0434E-1 6.37308E-1 6.67384E-1 6.67991E-1 6.67302E-1 6.7366E-1 5.62327E-1 5.94617E-1 5.88168E-1 5.73078E-1 4.6429E-1 4.7664E-1
