Final_Models_Sept202022/M_0.1_F_lqp_Set_1/Bison_0.asc
ncols         97
nrows         127
xllcorner     -2197417.7431653
yllcorner     -584827.01486885
cellsize      30000.0
NODATA_value  -9999
[rows 81 to 107 of 127, columns 0 to 60 of 97]
-9999 -9999 -9999 -9999 -9999 -9999 -9999 -9999 -9999 -9999 -9999 3.17944E-3 8.89277E-4 6.19122E-4 7.14121E-3 2.17972E-3 1.43473E-3 4.25214E-4 1.07776E-3 1.02156E-2 4.17293E-3 2.2581E-2 1.19525E-2 4.76286E-2 1.44612E-1 2.91779E-1 1.03928E-1 8.32719E-2 1.05816E-1 1.67239E-2 1.43849E-2 4.76659E-3 1.01898E-2 4.09169E-2 6.32623E-2 7.99552E-2 4.75302E-2 3.96865E-1 5.75581E-1 7.89845E-1 8.92673E-1 7.2396E-1 6.96799E-1 7.98392E-1 7.20081E-1 5.28375E-1 4.45762E-1 4.2131E-1 4.53799E-1 5.1565E-1 5.66242E-1 6.71164E-1 6.98901E-1 6.62716E-1 6.4443E-1 4.73324E-1 5.96637E-1 6.18424E-1 5.62601E-1 5.04742E-1 4.81503E-1
-9999 -9999 -9999 -9999 -9999 -9999 -9999 -9999 -9999 -9999 -9999 -9999 2.09847E-3 6.0168E-4 1.5745E-3 2.88499E-3 1.87112E-3 7.79426E-3 2.43355E-3 1.91001E-3 2.04263E-3 2.81335E-3 3.23166E-3 2.24963E-2 2.38388E-1 2.8287E-1 7.06121E-2 8.70114E-2 1.42631E-1 2.21559E-2 8.72189E-3 7.73426E-3 6.26221E-3 1.69562E-2 7.74657E-2 1.20451E-1 7.79261E-2 1.13886E-1 3.47173E-1 6.14584E-1 8.45605E-1 7.2404E-1 7.11887E-1 7.46528E-1 6.8213E-1 4.88804E-1 3.97814E-1 4.86499E-1 5.35166E-1 6.61483E-1 6.67057E-1 6.83776E-1 7.00024E-1 6.71638E-1 6.19554E-1 6.07159E-1 5.95539E-1 5.41132E-1 5.03734E-1 4.30531E-1 5.4484E-1
-9999 -9999 -9999 -9999 -9999 -9999 -9999 -9999 -9999 -9999 -9999 -9999 -9999 1.56799E-3 1.96218E-4 1.00287E-3 3.43685E-4 4.93721E-3 1.31421E-1 7.68487E-3 2.08802E-3 3.28704E-3 1.05555E-3 1.50056E-2 6.74023E-2 5.66705E-2 3.4914E-2 9.29308E-2 3.10899E-2 2.31308E-2 8.56274E-3 7.09047E-3 2.12843E-3 1.01423E-2 3.07603E-2 2.61098E-1 8.21998E-2 8.35309E-2 1.73323E-1 6.40717E-1 7.84517E-1 7.73887E-1 7.32195E-1 6.84012E-1 6.34924E-1 4.44335E-1 4.60727E-1 4.85359E-1 5.37039E-1 6.26191E-1 6.50958E-1 6.4596E-1 7.14407E-1 6.91941E-1 6.54465E-1 6.25353E-1 6.74648E-1 6.21491E-1 4.77516E-1 4.81768E-1 5.11568E-1
-9999 -9999 -9999 -9999 -9999 -9999 -9999 -9999 -9999 -9999 -9999 -9999 -9999 1.57219E-3 5.50424E-4 1.03002E-3 1.94706E-3 -9999 8.28503E-3 3.49682E-2 8.93823E-2 1.99625E-2 2.22115E-3 9.51559E-3 1.13795E-1 5.89689E-2 8.49586E-2 7.48647E-2 3.72463E-2 2.30475E-2 1.58941E-2 6.52378E-3 4.63425E-3 1.15486E-2 3.16878E-2 1.08266E-1 6.58119E-2 7.61109E-2 1.35774E-1 4.97664E-1 6.65058E-1 6.97872E-1 7.06964E-1 5.40675E-1 6.00895E-1 6.93511E-1 6.28009E-1 6.54969E-1 5.0719E-1 5.82727E-1 6.34042E-1 5.98555E-1 6.27791E-1 6.02084E-1 6.0718E-1 4.22909E-1 6.22824E-1 7.10157E-1 5.65071E-1 5.34425E-1 6.57771E-1
-9999 -9999 -9999 -9999 -9999 -9999 -9999 -9999 -9999 -9999 -9999 -9999 -9999 2.33864E-3 1.25619E-3 7.21732E-4 1.80769E-3 -9999 3.57291E-2 2.2773E-1 3.56858E-2 3.12773E-3 6.28569E-4 1.08202E-2 3.86264E-2 4.72085E-2 1.30736E-1 4.21498E-2 3.37346E-2 1.67935E-2 9.91958E-3 3.88265E-3 1.22695E-2 1.88651E-2 2.59977E-2 9.36106E-2 9.10703E-2 1.18511E-1 2.57818E-1 2.53568E-1 4.8859E-1 6.29486E-1 6.95807E-1 6.18532E-1 5.58176E-1 7.08783E-1 5.45398E-1 4.61171E-1 4.946E-1 6.6684E-1 6.19502E-1 4.85105E-1 5.97103E-1 7.06536E-1 6.46543E-1 5.91571E-1 7.20002E-1 5.16443E-1 5.18514E-1 5.09654E-1 4.91319E-1
-9999 -9999 -9999 -9999 -9999 -9999 -9999 -9999 -9999 -9999 -9999 -9999 -9999 1.09133E-3 1.81565E-3 5.57918E-4 5.32367E-4 -9999 8.92119E-4 2.39114E-2 9.73906E-3 9.18335E-4 1.42392E-3 4.61558E-3 3.57953E-2 9.63589E-2 2.18519E-1 4.82122E-2 2.71878E-2 1.31882E-2 2.16172E-2 1.59778E-2 1.98125E-2 1.43984E-2 2.22968E-2 1.74313E-1 3.35619E-2 1.17307E-1 1.40666E-1 3.46479E-1 4.18175E-1 5.90295E-1 6.32414E-1 6.31312E-1 6.3877E-1 5.82371E-1 4.55841E-1 5.09445E-1 5.48978E-1 6.78711E-1 5.9051E-1 3.84806E-1 5.0881E-1 6.94346E-1 6.58803E-1 6.39859E-1 6.63465E-1 4.22188E-1 4.61572E-1 5.13273E-1 6.23606E-1
-9999 -9999 -9999 -9999 -9999 -9999 -9999 -9999 -9999 -9999 -9999 -9999 -9999 1.43144E-3 7.23314E-4 4.61235E-4 9.45609E-3 -9999 5.75214E-3 2.49916E-2 4.68959E-3 1.07536E-3 3.28018E-3 1.88037E-2 5.79354E-2 1.70323E-1 5.17886E-1 2.02921E-1 1.11425E-1 1.73696E-2 3.81411E-2 7.75063E-3 3.27826E-3 2.08043E-2 5.78725E-2 1.0965E-1 9.76634E-2 7.24484E-2 5.62655E-1 4.79878E-1 3.46511E-1 5.68286E-1 7.42605E-1 6.3162E-1 6.06682E-1 6.08533E-1 6.63879E-1 7.16093E-1 6.11546E-1 5.18189E-1 4.28402E-1 3.42746E-1 5.06449E-1 6.22366E-1 7.11956E-1 6.89613E-1 5.85158E-1 4.86208E-1 4.54759E-1 4.68124E-1 5.64846E-1
-9999 -9999 -9999 -9999 -9999 -9999 -9999 -9999 -9999 -9999 -9999 -9999 -9999 7.46922E-4 6.32361E-4 4.24844E-4 6.50306E-4 1.04681E-3 6.80833E-4 3.04665E-2 2.65595E-3 4.22933E-4 3.43696E-3 3.97359E-2 2.19712E-1 4.34625E-1 3.3931E-1 1.14209E-1 4.71744E-2 5.43249E-2 3.6961E-2 1.18347E-2 7.14268E-3 1.0612E-1 2.74035E-2 2.99021E-2 8.04253E-2 2.58604E-2 6.94961E-2 3.51435E-1 3.70577E-1 6.17676E-1 6.15906E-1 6.20248E-1 6.27755E-1 6.16109E-1 5.75844E-1 4.66009E-1 6.47475E-1 6.33955E-1 5.34351E-1 4.98155E-1 6.83093E-1 6.85413E-1 6.95046E-1 6.74615E-1 6.34932E-1 5.97008E-1 6.46729E-1 4.46987E-1 4.98291E-1
-9999 -9999 -9999 -9999 -9999 -9999 -9999 -9999 -9999 -9999 -9999 -9999 -9999 9.88202E-4 8.63996E-4 2.50688E-4 1.13111E-3 3.55513E-4 3.62982E-4 8.56599E-3 7.67801E-3 1.49422E-3 3.41905E-3 6.19097E-2 4.55051E-1 3.69872E-1 1.18986E-1 5.43392E-2 3.79378E-2 2.05035E-1 2.12288E-2 2.04782E-2 1.96276E-2 1.44746E-1 1.67625E-2 2.85801E-2 1.12398E-1 1.90537E-2 2.31706E-2 2.52742E-2 3.16897E-1 5.43925E-1 5.44087E-1 6.70912E-1 6.49428E-1 6.12498E-1 6.83447E-1 4.46084E-1 3.27457E-1 4.58521E-1 5.16614E-1 4.0022E-1 6.40273E-1 6.78908E-1 7.15858E-1 6.72727E-1 6.17719E-1 6.48792E-1 6.20739E-1 6.59048E-1 5.32169E-1
-9999 -9999 -9999 -9999 -9999 -9999 -9999 -9999 -9999 -9999 -9999 -9999 -9999 8.98858E-4 1.24655E-3 1.2148E-3 1.78275E-4 1.88066E-4 1.91061E-4 3.79401E-2 1.20117E-3 2.94412E-3 2.58E-2 3.57175E-1 6.08598E-1 2.85413E-1 2.88471E-1 4.69467E-2 7.46066E-2 1.40422E-1 4.90018E-2 2.42044E-2 6.40839E-2 3.13808E-2 1.53468E-2 2.26413E-2 4.22625E-2 2.1955E-2 6.43918E-2 1.17265E-2 1.99646E-1 2.61391E-1 6.70941E-1 5.55715E-1 6.59678E-1 6.68215E-1 4.59746E-1 4.67883E-1 4.19881E-1 6.70339E-1 5.91983E-1 4.74246E-1 6.44887E-1 5.80712E-1 5.9884E-1 5.97129E-1 5.94176E-1 6.13492E-1 6.5583E-1 6.51863E-1 5.99567E-1
-9999 -9999 -9999 -9999 -9999 -9999 -9999 -9999 -9999 -9999 -9999 -9999 -9999 8.84564E-4 1.68591E-3 1.3221E-3 3.40069E-4 1.75234E-4 8.61048E-3 2.93398E-2 4.2913E-3 4.04651E-3 1.34045E-1 5.8808E-1 3.93872E-1 2.32976E-1 4.66046E-1 3.16468E-1 9.43225E-2 6.37953E-2 7.37107E-2 3.9379E-2 5.44152E-2 3.90585E-2 6.32463E-3 5.42548E-2 6.98693E-2 7.7264E-2 1.60341E-1 2.65278E-2 3.96843E-2 2.39762E-1 6.19616E-1 6.89934E-1 4.51271E-1 4.38573E-1 5.53263E-1 5.41483E-1 6.27133E-1 4.98555E-1 3.98339E-1 4.13237E-1 5.54069E-1 5.79993E-1 5.70028E-1 3.90455E-1 3.97679E-1 4.75584E-1 5.85533E-1 5.62284E-1 4.66913E-1
-9999 -9999 -9999 -9999 -9999 -9999 -9999 -9999 -9999 -9999 -9999 -9999 -9999 1.43104E-3 8.14501E-4 3.86923E-3 2.68417E-3 3.19847E-3 1.55475E-2 3.81287E-3 1.30883E-2 4.65337E-2 1.10718E-1 2.32061E-1 2.42042E-1 1.97065E-1 3.45239E-1 3.52632E-1 4.13866E-1 2.70466E-1 1.25487E-1 7.52522E-2 1.91973E-2 7.41446E-3 6.33169E-3 3.68839E-2 1.63883E-1 2.76981E-1 4.96623E-1 2.55903E-2 6.48791E-2 3.90008E-1 5.22706E-1 6.5205E-1 5.1636E-1 5.6051E-1 5.99289E-1 5.73721E-1 5.5866E-1 5.19046E-1 4.22123E-1 4.62628E-1 5.71862E-1 5.64524E-1 5.60449E-1 4.69639E-1 4.0017E-1 5.88794E-1 5.24452E-1 5.61224E-1 5.25706E-1
-9999 -9999 -9999 -9999 -9999 -9999 -9999 -9999 -9999 -9999 -9999 -9999 1.2722E-3 1.30252E-3 2.44407E-3 6.78635E-3 8.6161E-3 7.88382E-3 8.67921E-3 1.14037E-3 1.08878E-2 2.57231E-1 2.6512E-1 2.96084E-1 7.93051E-2 1.77858E-1 2.63301E-1 3.23265E-1 3.50671E-1 1.70098E-1 2.96842E-1 5.38106E-2 1.16318E-2 7.13308E-3 1.40572E-2 1.68143E-2 1.04427E-1 3.29826E-1 6.17497E-2 2.73095E-2 1.9431E-2 2.78131E-1 5.29459E-1 6.16568E-1 5.76331E-1 6.11656E-1 5.46079E-1 5.15012E-1 4.5938E-1 6.24636E-1 4.60363E-1 4.6069E-1 4.97681E-1 4.92981E-1 5.17706E-1 4.97003E-1 4.36591E-1 6.73677E-1 5.3024E-1 4.8833E-1 6.01273E-1
-9999 -9999 -9999 -9999 -9999 -9999 -9999 -9999 -9999 -9999 -9999 -9999 2.74997E-3 2.4012E-3 1.92012E-3 3.15852E-3 5.7317E-3 7.08069E-3 2.07334E-3 4.2745E-3 5.34856E-2 2.26632E-1 4.86415E-2 1.96461E-1 1.56298E-1 1.48804E-1 1.27742E-1 2.13479E-1 2.80694E-1 2.82795E-1 2.43982E-1 1.04608E-1 2.25588E-2 3.11861E-2 6.48555E-3 2.03346E-2 2.54964E-1 5.1731E-1 1.11534E-1 1.62792E-2 2.17994E-2 2.76825E-1 4.11091E-1 4.95669E-1 4.94115E-1 5.28461E-1 4.06788E-1 4.76705E-1 5.0761E-1 5.43371E-1 4.14796E-1 4.09802E-1 3.88752E-1 4.67338E-1 4.62264E-1 4.37327E-1 4.57636E-1 5.08595E-1 5.19534E-1 4.45098E-1 4.79383E-1
-9999 -9999 -9999 -9999 -9999 -9999 -9999 -9999 -9999 -9999 -9999 -9999 1.77368E-3 1.95538E-3 1.41739E-3 3.751E-3 4.59428E-3 4.1234E-3 2.8284E-3 2.04853E-2 9.59998E-2 9.61824E-2 7.44547E-2 2.10208E-2 4.51299E-2 1.06147E-1 2.42688E-1 1.5487E-1 2.30821E-1 2.09085E-1 3.02106E-1 2.98625E-2 1.59252E-2 8.3673E-3 7.06747E-3 1.39807E-2 1.43911E-1 4.91508E-1 1.64366E-1 3.43533E-2 2.99615E-2 4.03645E-1 4.01323E-1 5.31383E-1 4.41139E-1 4.49925E-1 4.16098E-1 3.99591E-1 4.9597E-1 7.32986E-1 6.99498E-1 6.91926E-1 4.75795E-1 3.74491E-1 4.64835E-1 6.03836E-1 6.43391E-1 7.19271E-1 4.96318E-1 4.87641E-1 6.07331E-1
-9999 -9999 -9999 -9999 -9999 -9999 -9999 -9999 -9999 -9999 -9999 -9999 8.69088E-3 1.63263E-3 9.92779E-3 8.87491E-3 2.19078E-2 1.08657E-3 6.3783E-3 1.00308E-2 2.81414E-2 5.2372E-2 7.02882E-2 8.62763E-2 4.14096E-2 6.15328E-2 1.20081E-1 1.51043E-1 2.7986E-1 3.51731E-1 2.87599E-1 7.60558E-2 2.11489E-2 9.9682E-3 6.51724E-3 7.78243E-3 5.25914E-2 2.64865E-1 5.17774E-2 9.56699E-2 4.81234E-2 2.95213E-1 3.90096E-1 4.56334E-1 4.98576E-1 5.0826E-1 4.90509E-1 3.39637E-1 4.23356E-1 6.3655E-1 6.79733E-1 6.68564E-1 6.69504E-1 4.6548E-1 7.2341E-1 6.36471E-1 7.90712E-1 5.85369E-1 3.92047E-1 4.72119E-1 4.42569E-1
-9999 -9999 -9999 -9999 -9999 -9999 -9999 -9999 -9999 -9999 -9999 1.89449E-3 1.66061E-3 1.25646E-2 5.77198E-3 5.50814E-4 9.20192E-3 3.38233E-3 1.83591E-2 1.96612E-1 9.25077E-2 4.2094E-2 8.50795E-2 7.86644E-2 1.60946E-2 6.04176E-2 1.28221E-1 3.02362E-1 2.73184E-1 4.10024E-1 4.36069E-1 3.67717E-1 1.72355E-2 2.55273E-2 9.46519E-3 1.52257E-2 4.46314E-2 5.2787E-1 3.46116E-1 1.9625E-1 4.3055E-1 1.92152E-1 6.07282E-1 5.45173E-1 5.02893E-1 5.917E-1 4.41709E-1 2.75326E-1 4.1508E-1 5.03506E-1 4.59245E-1 3.81576E-1 6.13969E-1 7.30014E-1 5.03744E-1 4.47013E-1 3.92276E-1 4.26708E-1 4.59611E-1 5.19896E-1 4.21589E-1
-9999 -9999 -9999 -9999 -9999 -9999 -9999 -9999 -9999 -9999 -9999 1.2014E-3 4.85684E-3 3.55418E-2 2.07482E-2 6.6788E-3 7.90736E-3 6.4561E-3 6.81491E-2 1.68302E-1 1.37905E-1 2.35115E-2 2.31122E-2 3.40044E-2 9.10822E-2 1.41652E-1 1.49749E-1 1.71529E-2 1.25224E-2 5.37706E-1 4.66996E-1 5.52951E-1 2.09223E-1 1.55937E-2 1.61368E-2 1.17175E-2 2.96357E-2 5.92491E-1 6.27193E-2 5.56312E-1 4.48991E-1 2.91094E-1 7.52365E-1 5.24547E-1 5.44482E-1 1.49034E-1 9.76563E-2 4.40653E-1 4.08093E-1 6.25016E-1 4.90308E-1 3.46277E-1 5.39333E-1 6.06817E-1 3.36428E-1 3.74103E-1 3.4007E-1 3.56721E-1 4.34734E-1 4.61505E-1 4.81087E-1
-9999 -9999 -9999 -9999 -9999 -9999 -9999 -9999 -9999 -9999 1.93465E-4 3.77731E-4 5.50884E-3 2.2034E-2 6.17098E-2 3.23223E-3 1.84565E-3 7.49308E-3 5.7241E-2 3.94362E-2 6.02821E-2 7.96898E-2 9.24796E-2 7.17812E-2 1.12264E-1 2.63598E-1 9.85998E-2 1.5261E-2 5.84483E-2 1.7491E-1 1.87089E-1 6.53966E-1 3.33971E-1 8.10417E-3 2.35994E-2 1.74415E-2 7.84388E-2 5.87921E-1 1.31334E-1 3.33137E-1 7.00496E-1 3.67243E-1 5.96768E-1 7.28102E-1 4.59227E-1 6.20581E-1 2.59194E-1 4.49582E-1 5.15385E-1 2.50518E-1 4.89386E-1 2.96583E-1 2.91472E-1 3.20751E-1 3.4525E-1 3.38861E-1 3.52951E-1 4.23162E-1 3.59519E-1 3.51218E-1 3.95999E-1
-9999 -9999 -9999 -9999 -9999 -9999 -9999 -9999 -9999 -9999 1.80654E-4 1.81236E-4 1.40046E-2 3.46848E-2 1.01039E-2 1.95966E-3 2.40758E-3 1.47213E-2 1.73271E-2 2.08463E-2 2.68586E-2 5.9323E-2 7.05978E-2 9.43601E-2 1.0304E-1 1.00048E-1 1.54548E-1 1.50481E-1 2.71998E-1 3.20498E-1 1.14857E-1 1.29935E-1 2.70014E-2 2.10682E-2 1.91396E-2 1.39087E-2 1.07062E-1 3.55181E-1 1.62772E-1 4.45274E-1 7.781E-1 1.20037E-1 3.15788E-1 6.35488E-1 5.47919E-1 4.06492E-1 4.19402E-1 3.15638E-1 2.97761E-1 3.80666E-1 2.79483E-1 3.57331E-1 3.17098E-1 3.18484E-1 4.05478E-1 4.99461E-1 3.95548E-1 3.92373E-1 4.06419E-1 4.22859E-1 4.24773E-1
-9999 -9999 -9999 -9999 -9999 -9999 -9999 -9999 -9999 -9999 1.34173E-4 1.59043E-4 2.24625E-2 1.12486E-2 1.92794E-3 1.9933E-3 3.75306E-3 1.2377E-2 3.52415E-2 2.4766E-2 1.62716E-2 2.46068E-2 2.44582E-2 3.3042E-2 8.3389E-2 5.90643E-2 2.75168E-1 5.05798E-2 1.99468E-1 2.61749E-1 4.53226E-2 2.9336E-2 2.42695E-2 3.96718E-2 3.90142E-2 4.97481E-2 1.60745E-1 1.99112E-1 3.24647E-1 2.91371E-1 5.9787E-1 4.30285E-1 6.61621E-1 6.2297E-1 6.12955E-1 5.91628E-1 1.89002E-1 2.9619E-1 3.19928E-1 3.41324E-1 4.82255E-1 5.34289E-1 5.22391E-1 3.46396E-1 4.02952E-1 3.05921E-1 2.84853E-1 3.28633E-1 5.27327E-1 3.98146E-1 3.29325E-1
-9999 -9999 -9999 -9999 -9999 -9999 -9999 -9999 -9999 1.03413E-4 1.04761E-4 2.08823E-4 8.54808E-3 2.27843E-3 5.43683E-4 1.06246E-3 7.29567E-3 2.99138E-2 4.58359E-2 1.32484E-2 2.02459E-2 3.11531E-2 3.77379E-2 4.0204E-2 3.24674E-2 3.09016E-2 4.22255E-1 7.51836E-2 6.80298E-2 3.82483E-2 4.23669E-2 1.0039E-1 1.15819E-1 1.09118E-1 1.09626E-1 1.24447E-1 1.62616E-1 1.98584E-1 6.0137E-1 1.94685E-1 7.11911E-1 6.02238E-1 6.93806E-1 4.60053E-1 5.98057E-1 4.36583E-1 4.69946E-1 4.55247E-1 4.15666E-1 2.94047E-1 3.12981E-1 3.78876E-1 3.54655E-1 5.11746E-1 6.05461E-1 5.6121E-1 4.57763E-1 4.34726E-1 3.41745E-1 4.1967E-1 4.21331E-1
-9999 -9999 -9999 -9999 -9999 -9999 -9999 -9999 -9999 1.61879E-4 1.229E-4 2.56811E-4 1.4422E-3 4.42537E-4 3.75756E-4 1.53773E-3 1.01264E-2 1.22894E-2 3.17687E-2 2.59714E-2 5.52368E-2 2.98258E-2 3.17306E-2 3.75438E-2 3.78443E-2 6.83889E-2 2.82312E-1 2.55027E-1 2.25691E-1 1.38552E-1 1.40298E-1 1.91971E-1 7.22129E-2 1.04123E-1 3.17328E-1 3.51011E-1 2.48991E-1 5.1706E-1 4.93131E-1 6.0028E-1 7.59259E-1 7.60562E-1 4.16822E-1 4.48158E-1 6.03425E-1 6.40124E-1 5.41494E-1 3.68329E-1 5.5021E-1 5.5697E-1 5.5475E-1 5.76236E-1 3.83997E-1 5.3843E-1 5.29996E-1 6.35411E-1 5.25071E-1 4.30908E-1 4.64641E-1 3.098E-1 2.73876E-1
-9999 -9999 -9999 -9999 -9999 -9999 -9999 -9999 7.95524E-5 1.13971E-4 4.03241E-4 5.81095E-3 4.27343E-4 4.56568E-4 1.36574E-3 9.95922E-3 8.04805E-3 2.05184E-2 2.66231E-2 3.47896E-2 5.5349E-2 7.44997E-2 4.45076E-2 7.04946E-2 6.06519E-2 2.45595E-1 1.98457E-1 3.07338E-1 1.98919E-1 2.91713E-1 2.24122E-1 1.74392E-1 7.80106E-2 1.5523E-1 2.64361E-1 2.17731E-1 2.99957E-1 6.65197E-1 5.88078E-1 8.51656E-1 7.86613E-1 7.01739E-1 5.01127E-1 3.33535E-1 1.55934E-1 3.80906E-1 7.51341E-2 2.43924E-1 3.65259E-1 5.8887E-1 4.45168E-1 4.18306E-1 2.93474E-1 3.656E-1 3.23115E-1 6.65202E-1 6.28573E-1 6.44904E-1 4.51081E-1 2.99879E-1 3.25788E-1
-9999 -9999 -9999 -9999 -9999 -9999 -9999 2.47537E-4 3.1704E-4 1.47783E-4 1.78489E-3 5.99488E-3 2.82497E-4 4.54904E-4 3.05357E-3 1.93913E-2 2.21352E-2 3.3732E-2 3.8752E-2 5.00614E-2 5.94604E-2 6.14601E-2 6.42468E-2 9.02379E-2 7.16965E-2 1.47968E-1 1.21827E-1 3.48794E-1 3.89275E-1 3.81402E-1 1.96449E-1 1.46451E-1 1.22053E-1 1.20173E-1 1.9054E-1 3.75065E-1 7.96217E-1 7.19683E-1 7.7686E-1 8.34607E-1 7.53527E-1 6.36295E-1 3.64941E-1 2.71538E-1 1.8557E-1 4.52161E-1 3.6893E-1 5.50485E-2 2.73414E-1 6.88968E-1 5.61438E-1 5.39733E-1 6.58701E-1 3.84537E-1 5.88948E-1 6.1689E-1 6.94733E-1 6.68752E-1 6.19721E-1 3.67516E-1 3.34693E-1
-9999 -9999 -9999 -9999 -9999 -9999 -9999 8.34229E-5 5.23236E-5 5.95389E-5 5.6357E-4 5.7177E-4 2.43518E-4 1.62901E-3 1.35192E-2 2.00999E-2 2.51607E-2 9.78618E-2 4.22863E-2 3.94844E-2 5.50705E-2 1.02019E-1 1.63452E-1 1.34964E-1 1.3209E-1 1.04333E-1 1.48099E-1 3.16519E-1 1.38729E-1 3.7936E-1 1.50783E-1 7.6072E-2 1.26598E-1 3.14113E-1 2.88267E-1 6.95334E-1 7.21562E-1 7.64009E-1 8.32616E-1 8.75637E-1 8.39765E-1 6.29516E-1 5.28139E-1 4.00467E-1 3.2231E-1 2.60596E-1 3.84766E-1 3.42354E-1 5.24039E-1 3.24875E-1 4.17474E-1 4.79309E-1 4.61287E-1 5.64809E-1 4.22086E-1 6.84672E-1 5.31975E-1 6.47314E-1 6.2055E-1 3.80056E-1 3.58412E-1
-9999 -9999 -9999 -9999 -9999 -9999 -9999 1.75005E-4 1.71808E-4 9.43159E-5 6.56435E-4 1.02338E-3 1.06359E-3 2.027E-3 2.49392E-2 2.16223E-2 3.66351E-2 9.76532E-2 4.51958E-2 3.735E-2 5.38785E-2 6.15378E-2 2.55598E-1 1.42871E-1 8.43834E-2 6.29483E-2 6.52737E-2 2.99832E-1 7.48336E-2 1.82481E-1 2.72547E-1 8.94004E-2 3.87333E-1 3.70407E-1 4.38999E-1 6.7927E-1 8.22771E-1 8.09378E-1 8.32056E-1 7.63475E-1 6.38677E-1 5.0912E-1 3.83123E-1 1.69642E-1 1.4671E-1 2.31465E-1 3.05216E-1 1.46925E-1 4.32618E-1 6.86673E-1 6.32414E-1 6.07596E-1 6.22478E-1 3.2286E-1 5.4908E-1 5.23615E-1 3.78306E-1 6.18527E-1 4.97796E-1 3.42342E-1 4.61481E-1
