Final_Models_Sept202022/M_0.1_F_lqp_Set_1/Bison_5.asc
ncols         97
nrows         127
xllcorner     -2197417.7431653
yllcorner     -584827.01486885
cellsize      30000.0
NODATA_value  -9999
[rows 54 to 80 of 127, columns 0 to 60 of 97]
-9999 -9999 -9999 -9999 9.035E-2 1.86118E-2 3.29612E-3 1.71809E-2 1.46631E-2 1.05928E-3 1.67317E-3 9.48792E-4 1.01019E-3 5.07389E-3 1.28933E-2 8.98598E-3 1.84585E-2 2.88318E-2 3.74133E-2 5.69401E-2 8.72405E-2 9.55905E-2 8.1262E-2 9.44098E-2 5.71426E-2 1.05706E-1 1.30081E-1 1.23581E-1 1.69187E-1 1.48248E-1 1.29512E-1 1.19206E-1 1.27076E-1 1.4062E-1 1.41675E-1 1.52905E-1 1.48917E-1 1.40977E-1 1.37484E-1 1.65533E-1 2.59102E-1 2.56576E-1 2.01831E-1 1.63034E-1 1.67515E-1 1.26926E-1 1.46962E-1 1.18201E-1 9.65621E-2 8.91564E-2 9.57976E-2 1.07018E-1 8.138E-2 1.2947E-1 1.50218E-1 8.13369E-2 9.25855E-2 7.93185E-2 7.86428E-2 8.18196E-2 5.21556E-2
-9999 -9999 -9999 -9999 -9999 1.46224E-2 3.66521E-3 5.76022E-3 8.72804E-2 6.00008E-3 9.90845E-4 9.86196E-4 6.2446E-3 4.71637E-3 1.24651E-2 5.85738E-3 6.87297E-3 1.58952E-2 4.75087E-2 2.95065E-2 9.0357E-2 1.03239E-1 1.06725E-1 1.57688E-1 4.74576E-2 6.59059E-2 1.13457E-1 1.36753E-1 2.28918E-1 2.03608E-1 1.48339E-1 1.28169E-1 1.33305E-1 1.47537E-1 1.36963E-1 1.76396E-1 1.72491E-1 1.57669E-1 1.88497E-1 1.93E-1 2.54147E-1 2.62417E-1 2.03641E-1 1.60819E-1 1.65066E-1 1.52437E-1 1.33492E-1 1.07833E-1 1.10295E-1 7.42529E-2 9.83348E-2 1.16953E-1 1.02036E-1 1.58965E-1 1.28345E-1 1.00746E-1 1.02499E-1 7.94201E-2 8.58826E-2 7.54351E-2 6.15364E-2
-9999 -9999 -9999 -9999 -9999 2.27477E-2 1.0946E-2 1.75261E-2 2.78436E-2 9.59153E-3 1.24034E-4 4.62868E-4 5.52066E-4 1.08637E-3 1.56861E-2 7.2325E-3 1.87171E-2 1.54272E-2 3.34859E-2 5.2261E-2 7.22809E-2 7.0857E-2 7.24771E-2 9.50755E-2 5.89683E-2 4.99471E-2 8.72302E-2 2.0995E-1 2.66607E-1 1.90251E-1 1.83178E-1 1.53315E-1 1.55188E-1 1.62811E-1 1.85845E-1 2.07196E-1 1.83306E-1 1.81918E-1 2.03871E-1 2.16677E-1 2.98677E-1 2.70882E-1 1.91379E-1 1.75593E-1 1.65705E-1 1.51298E-1 1.40349E-1 1.27719E-1 1.48537E-1 1.30901E-1 1.5339E-1 1.3341E-1 1.64901E-1 1.32267E-1 1.07758E-1 1.21679E-1 1.05989E-1 1.07871E-1 7.43257E-2 5.72289E-2 2.95188E-2
-9999 -9999 -9999 -9999 -9999 -9999 1.51761E-2 -9999 2.38328E-2 4.58032E-3 7.1027E-4 1.01519E-3 6.70843E-4 2.64279E-3 3.42343E-3 2.85064E-2 1.59627E-2 1.78506E-2 4.20828E-2 7.21009E-2 3.74269E-2 6.1318E-2 7.56157E-2 1.07587E-1 8.09581E-2 8.38762E-2 8.46273E-2 2.1839E-1 2.46694E-1 2.21177E-1 3.52242E-1 2.70921E-1 1.82031E-1 1.68818E-1 1.97661E-1 2.45184E-1 2.41171E-1 1.94539E-1 2.01998E-1 1.99832E-1 1.90284E-1 1.34635E-1 2.0939E-1 1.62464E-1 1.16352E-1 1.36351E-1 1.15733E-1 1.37179E-1 1.42842E-1 1.79199E-1 1.55232E-1 1.39478E-1 1.3624E-1 1.38854E-1 1.27564E-1 1.0905E-1 9.91199E-2 9.22806E-2 7.41864E-2 5.22689E-2 3.77145E-2
-9999 -9999 -9999 3.41103E-3 -9999 -9999 -9999 -9999 -9999 1.0434E-2 2.40572E-3 1.7476E-4 6.72845E-4 2.09681E-3 7.17619E-4 2.39924E-2 1.42212E-2 2.77323E-2 3.57142E-2 5.24636E-2 6.41851E-2 8.36188E-2 5.80876E-2 1.26398E-1 4.80146E-2 4.3436E-2 8.14659E-2 1.41334E-1 2.67324E-1 3.24514E-1 4.59271E-1 3.94365E-1 1.8466E-1 1.59516E-1 1.84771E-1 2.53742E-1 2.33043E-1 2.86874E-1 5.53795E-1 1.88939E-1 1.69279E-1 1.37056E-1 1.781E-1 1.42001E-1 8.13493E-2 1.0524E-1 1.55602E-1 1.54221E-1 1.50843E-1 1.46069E-1 1.61456E-1 1.56964E-1 1.45559E-1 1.37959E-1 1.1937E-1 1.12692E-1 9.77033E-2 7.73572E-2 7.33589E-2 6.92997E-2 5.41403E-2
-9999 -9999 -9999 4.59807E-3 4.26269E-3 7.24854E-3 -9999 -9999 -9999 1.82935E-2 1.92379E-4 1.48167E-4 5.13499E-4 3.72697E-3 3.85184E-3 3.74286E-2 2.76768E-2 2.05817E-2 4.52092E-2 6.21181E-2 5.39541E-2 5.72892E-2 8.33457E-2 6.43839E-2 7.54919E-2 3.10527E-2 5.4556E-2 1.2164E-1 3.07608E-1 4.81073E-1 5.53802E-1 4.78477E-1 2.12107E-1 2.32523E-1 2.27908E-1 2.39683E-1 2.43964E-1 4.68069E-1 4.48668E-1 1.94848E-1 1.97853E-1 1.98785E-1 1.74577E-1 1.66341E-1 1.36339E-1 1.47752E-1 1.43294E-1 1.24676E-1 1.36109E-1 2.25439E-1 1.88165E-1 1.56876E-1 1.39887E-1 1.47064E-1 9.17548E-2 1.23699E-1 8.0887E-2 9.63897E-2 1.00305E-1 7.27845E-2 4.87517E-2
-9999 -9999 -9999 3.87208E-3 6.56495E-3 1.05422E-2 7.57805E-3 -9999 -9999 1.03797E-1 6.73561E-4 7.22646E-4 3.97117E-4 1.48994E-3 2.27082E-3 1.60714E-2 2.95533E-2 3.49281E-2 5.19153E-2 5.49301E-2 6.56703E-2 5.00567E-2 3.66385E-2 3.38813E-2 6.42112E-2 2.67505E-3 3.33525E-3 6.74588E-2 2.18E-1 2.24637E-1 6.72486E-1 6.76368E-1 4.37793E-1 5.47383E-1 4.67836E-1 3.37657E-1 3.74592E-1 3.9948E-1 3.87946E-1 1.87355E-1 2.11155E-1 1.98607E-1 1.89399E-1 1.79032E-1 1.48605E-1 1.37721E-1 1.37078E-1 1.32825E-1 1.36208E-1 2.58366E-1 1.77799E-1 2.0559E-1 1.16178E-1 9.90306E-2 8.86982E-2 1.3149E-1 1.04893E-1 1.18821E-1 9.7341E-2 6.88321E-2 4.49528E-2
-9999 -9999 -9999 3.18546E-3 3.95799E-3 4.38348E-3 -9999 -9999 1.80652E-2 4.96726E-4 4.9985E-5 4.52328E-4 9.48513E-4 1.6412E-3 3.32434E-3 1.48291E-2 8.83143E-2 4.39917E-2 5.8907E-2 3.36509E-2 6.24141E-2 5.27296E-2 4.84439E-2 3.99482E-2 4.15056E-2 4.68099E-3 2.04007E-3 4.09604E-2 1.36097E-1 4.07134E-1 5.59001E-1 7.02249E-1 6.21797E-1 4.95502E-1 6.23944E-1 4.8188E-1 4.41907E-1 5.56214E-1 3.90619E-1 2.56608E-1 2.44746E-1 2.23427E-1 1.95439E-1 1.63531E-1 1.71741E-1 1.73816E-1 1.4959E-1 1.57481E-1 1.96297E-1 2.28168E-1 2.41233E-1 1.52604E-1 1.50078E-1 1.15178E-1 7.31632E-2 1.45808E-1 1.1834E-1 9.56819E-2 9.69798E-2 7.63357E-2 6.91032E-2
-9999 -9999 -9999 3.95636E-3 8.93139E-3 -9999 -9999 1.76169E-2 9.20578E-3 1.07044E-3 5.82199E-5 2.66625E-4 1.15881E-3 2.90185E-4 8.20741E-3 2.22291E-2 8.95144E-2 6.00041E-2 5.01516E-2 5.56842E-2 6.66816E-2 5.82469E-2 3.68797E-2 4.21292E-2 3.38769E-2 8.79728E-3 9.52181E-4 2.2109E-2 8.15289E-2 1.53744E-1 4.22635E-1 6.22706E-1 3.8941E-1 4.54446E-1 7.31656E-1 6.23193E-1 6.07712E-1 7.41723E-1 4.85725E-1 2.66652E-1 2.55403E-1 1.98739E-1 1.66082E-1 1.71504E-1 1.7787E-1 1.86983E-1 1.66084E-1 1.78705E-1 1.69793E-1 2.30837E-1 2.56396E-1 1.50098E-1 1.28641E-1 1.27929E-1 1.05139E-1 1.09978E-1 1.16261E-1 1.05326E-1 1.23678E-1 8.62429E-2 6.18886E-2
-9999 -9999 -9999 3.93467E-3 3.25908E-3 -9999 -9999 -9999 1.65052E-2 2.21744E-3 8.31398E-4 1.57624E-3 2.78496E-4 1.90962E-3 1.49966E-2 5.32345E-2 8.65655E-2 7.70005E-2 7.05148E-2 6.67148E-2 7.97843E-2 8.81853E-2 5.98444E-2 3.49419E-2 3.49386E-2 1.38065E-2 4.50929E-3 2.36455E-2 5.33578E-2 1.00833E-1 1.72638E-1 3.91587E-1 4.86201E-1 5.49778E-1 5.81757E-1 5.95558E-1 5.77757E-1 4.12543E-1 2.81012E-1 2.33116E-1 1.83858E-1 1.8723E-1 1.71764E-1 1.71605E-1 1.87242E-1 1.88891E-1 2.19646E-1 1.80513E-1 1.61004E-1 2.3165E-1 2.25384E-1 1.5227E-1 1.31241E-1 1.21215E-1 1.17025E-1 8.94602E-2 1.26201E-1 1.14961E-1 1.28705E-1 1.04885E-1 7.47515E-2
-9999 -9999 -9999 1.47021E-2 3.57702E-2 -9999 -9999 -9999 1.72123E-2 3.16492E-2 9.98113E-3 1.53887E-4 8.6955E-4 4.69774E-3 8.11363E-3 4.56496E-2 6.90509E-2 8.43711E-2 1.00893E-1 7.09447E-2 6.65888E-2 1.25426E-1 7.33782E-2 5.07987E-2 3.88288E-2 1.91902E-2 6.11009E-3 1.52346E-2 3.42739E-2 6.92642E-2 9.50953E-2 4.24452E-1 5.00696E-1 5.53748E-1 4.77699E-1 5.70208E-1 5.10106E-1 5.25768E-1 2.75101E-1 2.67804E-1 1.95179E-1 1.85886E-1 1.50952E-1 1.68028E-1 2.78585E-1 2.76951E-1 2.42547E-1 1.85383E-1 1.54471E-1 1.97295E-1 3.08551E-1 1.78919E-1 1.34503E-1 9.87546E-2 1.37092E-1 9.13483E-2 1.10033E-1 1.08595E-1 9.63268E-2 1.31287E-1 8.00298E-2
-9999 -9999 -9999 4.36251E-3 4.43776E-2 -9999 -9999 -9999 2.14506E-2 3.13446E-3 1.24454E-3 1.62161E-5 2.85795E-4 3.29381E-3 5.92308E-2 4.94258E-2 4.53288E-2 8.5675E-2 8.79602E-2 8.9485E-2 1.39634E-1 1.55481E-1 7.56227E-2 5.74499E-2 4.05191E-2 1.6283E-2 9.20517E-3 8.99438E-3 2.36673E-2 4.06911E-2 7.73452E-2 2.67307E-1 4.32824E-1 6.07981E-1 5.72092E-1 5.28279E-1 2.81458E-1 4.6171E-1 4.66965E-1 3.10794E-1 1.54722E-1 1.46079E-1 1.82765E-1 1.80112E-1 2.16945E-1 1.98935E-1 2.17703E-1 1.91146E-1 2.26547E-1 2.24674E-1 2.24882E-1 2.07381E-1 1.4892E-1 1.40269E-1 1.21042E-1 1.15885E-1 1.01033E-1 1.44172E-1 1.17589E-1 1.21246E-1 1.03737E-1
-9999 -9999 -9999 -9999 1.01283E-2 -9999 -9999 -9999 -9999 1.02476E-2 1.31018E-3 4.16729E-4 5.22224E-4 6.97932E-4 1.15965E-2 3.70254E-2 3.21043E-2 8.82762E-2 1.30313E-1 1.48537E-1 1.07293E-1 2.06736E-1 1.08706E-1 8.33292E-2 6.60706E-2 2.91679E-2 1.20175E-2 6.64244E-3 1.38824E-2 2.5961E-2 7.97699E-2 1.1114E-1 1.34682E-1 2.14048E-1 1.65081E-1 2.30831E-1 4.44369E-1 3.54889E-1 1.91333E-1 1.49861E-1 2.45226E-1 2.14157E-1 2.6354E-1 1.97012E-1 2.03724E-1 2.50575E-1 2.66867E-1 2.67637E-1 1.75653E-1 1.76244E-1 2.89738E-1 1.76095E-1 1.66627E-1 1.68612E-1 1.73803E-1 1.29624E-1 1.23423E-1 1.19069E-1 1.23063E-1 1.34851E-1 1.40463E-1
-9999 -9999 -9999 -9999 8.48623E-3 -9999 -9999 -9999 -9999 1.83034E-2 1.2292E-2 3.32459E-3 7.93719E-4 5.06029E-4 3.10155E-3 3.48019E-2 7.26196E-2 8.60506E-2 1.09612E-1 9.36848E-2 1.02767E-1 1.43034E-1 9.71128E-2 1.19935E-1 9.48227E-2 3.44802E-2 1.53141E-2 4.93219E-3 8.49967E-3 2.25243E-2 5.6665E-2 7.02486E-2 1.39863E-1 2.68852E-1 1.46827E-1 1.53798E-1 2.61153E-1 1.59167E-1 1.03452E-1 9.24492E-2 2.16104E-1 1.31533E-1 1.7998E-1 2.54876E-1 2.29439E-1 2.5859E-1 4.18752E-1 2.56449E-1 2.24108E-1 2.38309E-1 2.67547E-1 2.16364E-1 2.09739E-1 1.66112E-1 1.64665E-1 1.64051E-1 1.46291E-1 1.47097E-1 1.3222E-1 1.15387E-1 1.19083E-1
-9999 -9999 -9999 -9999 -9999 -9999 -9999 -9999 -9999 2.43271E-2 3.93942E-2 9.20509E-3 1.71293E-3 4.613E-4 8.01444E-4 1.85519E-2 6.83943E-2 7.86514E-2 9.86105E-2 1.18421E-1 1.00545E-1 1.11083E-1 1.29152E-1 9.0388E-2 5.82981E-2 1.69811E-2 9.02153E-3 1.18291E-2 5.88516E-3 2.30791E-2 5.64376E-2 9.83611E-2 1.27893E-1 2.29094E-1 9.46886E-2 1.33768E-1 2.56248E-1 2.26015E-1 1.26218E-1 1.78713E-1 2.31134E-1 1.61794E-1 2.34167E-1 2.59398E-1 4.66078E-1 5.19844E-1 5.27616E-1 3.14917E-1 2.70404E-1 2.45228E-1 2.8198E-1 2.64626E-1 1.95535E-1 1.26415E-1 1.72554E-1 1.4752E-1 1.47479E-1 1.68142E-1 1.33356E-1 1.11281E-1 1.19886E-1
-9999 -9999 -9999 -9999 -9999 -9999 -9999 -9999 -9999 -9999 1.46931E-2 2.09394E-2 5.9347E-3 5.42384E-4 1.25691E-3 1.28207E-2 6.11667E-2 7.78074E-2 7.81969E-2 9.87835E-2 1.09149E-1 1.09777E-1 1.32287E-1 1.12298E-1 6.72593E-2 2.48651E-2 1.31152E-2 9.69575E-3 1.28741E-2 1.74773E-2 5.11491E-2 1.14275E-1 1.40907E-1 9.86184E-2 1.2211E-1 1.25542E-1 2.17743E-1 2.65682E-1 1.68223E-1 2.09058E-1 2.15446E-1 4.09366E-1 3.86052E-1 4.98019E-1 5.76205E-1 5.84322E-1 4.8345E-1 6.02827E-1 2.85672E-1 2.68071E-1 3.5007E-1 2.80788E-1 1.69292E-1 1.57495E-1 1.66198E-1 1.78504E-1 1.97678E-1 2.09398E-1 1.61548E-1 1.28263E-1 1.45125E-1
-9999 -9999 -9999 -9999 -9999 -9999 -9999 -9999 -9999 -9999 1.61787E-2 1.16869E-2 7.22063E-5 1.0144E-4 6.03357E-4 3.88671E-3 5.34485E-2 8.50427E-2 8.00146E-2 1.11381E-1 1.22734E-1 1.16281E-1 1.4113E-1 1.47328E-1 6.78657E-2 3.63752E-2 2.33814E-2 6.91734E-3 2.38878E-2 3.08156E-2 5.14674E-2 9.30957E-2 1.19875E-1 1.37105E-1 1.5205E-1 2.3386E-1 2.45701E-1 1.92553E-1 1.97958E-1 4.54818E-1 4.36218E-1 5.76065E-1 4.7668E-1 5.29876E-1 5.429E-1 5.47637E-1 3.3985E-1 5.44401E-1 4.34432E-1 5.23729E-1 4.8386E-1 3.3428E-1 2.38331E-1 1.89842E-1 1.85881E-1 1.81088E-1 1.80413E-1 1.53581E-1 1.63383E-1 1.54639E-1 1.52841E-1
-9999 -9999 -9999 -9999 -9999 -9999 -9999 -9999 -9999 -9999 2.56558E-2 6.67426E-3 1.70831E-4 2.55506E-4 1.03865E-2 1.18775E-2 4.08958E-2 9.69193E-2 9.57331E-2 1.6735E-1 1.52072E-1 1.34018E-1 1.33312E-1 1.68311E-1 8.06935E-2 2.49336E-2 1.92443E-2 1.0871E-2 1.00247E-2 4.04183E-2 5.50514E-2 1.28677E-1 1.42974E-1 1.56052E-1 1.73757E-1 2.19718E-1 3.08195E-1 3.66089E-1 4.0598E-1 3.35035E-1 4.59285E-1 5.07865E-1 6.1942E-1 5.93293E-1 6.08924E-1 6.57885E-1 6.57582E-1 6.02423E-1 4.98546E-1 6.45237E-1 6.45199E-1 5.79831E-1 4.47119E-1 3.84969E-1 3.90116E-1 2.33498E-1 2.0318E-1 1.89775E-1 1.93526E-1 1.90634E-1 1.58321E-1
-9999 -9999 -9999 -9999 -9999 -9999 -9999 -9999 -9999 -9999 1.57896E-2 4.94702E-3 1.49974E-3 4.00766E-4 8.8064E-4 3.79705E-3 4.78309E-2 1.24711E-1 1.4268E-1 2.11665E-1 2.33244E-1 1.47726E-1 1.27205E-1 1.47714E-1 9.24581E-2 4.71378E-2 1.88943E-2 1.18173E-2 2.48112E-2 1.40143E-2 4.89145E-2 1.21832E-1 1.4403E-1 1.5671E-1 3.05147E-1 1.65388E-1 2.49253E-1 3.21259E-1 2.89309E-1 3.57004E-1 5.51534E-1 6.39791E-1 7.12685E-1 6.89369E-1 7.50274E-1 6.87808E-1 6.91421E-1 6.88775E-1 6.94817E-1 7.15878E-1 4.95599E-1 3.82192E-1 3.86063E-1 4.42765E-1 4.71075E-1 4.61168E-1 2.58758E-1 1.93102E-1 1.90529E-1 2.06289E-1 1.93073E-1
-9999 -9999 -9999 -9999 -9999 -9999 -9999 -9999 -9999 -9999 8.62079E-3 8.65345E-3 1.5601E-3 5.6275E-4 3.41839E-2 6.74595E-4 3.0529E-2 8.33678E-2 1.27392E-1 2.47565E-1 3.36039E-1 1.89577E-1 1.66938E-1 1.35066E-1 1.16441E-1 7.21044E-2 5.51609E-2 1.91601E-2 1.59429E-2 3.79107E-2 5.38407E-2 4.41118E-2 1.59502E-1 2.89038E-1 2.86139E-1 2.59362E-1 2.21074E-1 2.25138E-1 2.8135E-1 4.06447E-1 5.87249E-1 7.62384E-1 7.69153E-1 6.51209E-1 7.68319E-1 6.82393E-1 6.03944E-1 6.591E-1 4.56991E-1 7.27946E-1 7.00482E-1 4.83099E-1 3.97343E-1 5.19854E-1 4.47019E-1 3.94978E-1 2.87747E-1 3.10355E-1 2.68938E-1 2.08096E-1 2.08471E-1
-9999 -9999 -9999 -9999 -9999 -9999 -9999 -9999 1.69678E-2 8.85928E-3 5.13732E-3 6.50381E-3 2.32081E-3 6.05653E-4 1.52425E-3 1.31324E-2 2.79019E-2 6.22189E-2 1.16372E-1 1.49109E-1 1.57293E-1 2.6802E-1 2.91384E-1 1.70127E-1 1.23889E-1 7.05179E-2 3.33924E-2 1.00756E-2 7.1327E-3 1.14535E-2 1.41608E-2 2.76946E-2 1.03225E-1 1.1838E-1 1.53512E-1 1.5634E-1 1.85931E-1 2.89483E-1 2.44119E-1 4.8795E-1 6.61164E-1 7.68813E-1 7.17345E-1 7.32457E-1 7.41456E-1 6.27856E-1 6.29046E-1 6.74634E-1 6.46086E-1 5.49507E-1 6.60518E-1 5.94631E-1 4.87419E-1 4.20005E-1 4.05583E-1 3.87023E-1 4.12973E-1 4.46211E-1 3.96663E-1 2.78593E-1 2.62386E-1
-9999 -9999 -9999 -9999 -9999 -9999 -9999 -9999 2.30056E-2 5.09942E-3 3.47264E-3 5.85187E-3 5.58464E-3 5.41879E-4 1.80127E-4 1.99726E-3 3.46869E-3 4.44767E-2 6.62399E-2 4.06885E-2 6.00035E-2 1.17883E-1 3.04036E-1 1.0473E-1 1.0607E-1 8.54546E-2 5.33068E-2 2.4846E-2 9.81225E-3 8.23259E-3 1.81321E-2 1.10479E-2 4.25315E-2 1.07734E-1 2.34253E-1 1.34928E-1 3.4874E-1 2.61784E-1 2.52204E-1 2.41187E-1 5.25467E-1 7.48547E-1 7.23315E-1 7.03837E-1 7.05637E-1 6.36307E-1 5.93822E-1 6.37651E-1 6.28893E-1 6.98961E-1 6.35999E-1 6.14622E-1 5.78229E-1 4.683E-1 4.37978E-1 4.77892E-1 5.50897E-1 5.6378E-1 4.73626E-1 4.92726E-1 5.17716E-1
-9999 -9999 -9999 -9999 -9999 -9999 -9999 -9999 9.83381E-3 5.07016E-3 8.12746E-4 8.74461E-4 3.37694E-3 1.45088E-3 3.48525E-4 1.94377E-3 5.80221E-4 1.9346E-2 3.74253E-2 4.36024E-2 4.15999E-2 5.7156E-2 2.19866E-1 1.28942E-1 1.17693E-1 1.39798E-1 7.85866E-2 4.99517E-2 1.47929E-2 8.45671E-3 9.4665E-3 1.77455E-2 3.38492E-2 1.00612E-1 2.8614E-1 3.547E-1 2.74771E-1 3.76156E-1 2.48951E-1 5.38907E-1 7.32357E-1 7.93122E-1 7.75244E-1 7.68678E-1 7.69728E-1 6.57842E-1 6.16499E-1 5.67036E-1 7.0052E-1 7.05793E-1 7.38917E-1 6.63798E-1 5.89381E-1 4.87506E-1 6.04179E-1 3.81655E-1 5.93171E-1 5.78882E-1 4.75515E-1 6.13451E-1 6.00498E-1
-9999 -9999 -9999 -9999 -9999 -9999 -9999 -9999 -9999 1.89965E-2 1.1453E-3 3.9711E-4 6.96246E-4 4.65148E-3 9.44819E-4 2.81846E-4 8.04926E-4 1.53223E-2 2.52381E-1 7.94719E-2 1.9893E-2 2.89571E-2 8.578E-2 1.80537E-1 1.0865E-1 1.07711E-1 1.00265E-1 6.33021E-2 2.77758E-2 9.28538E-3 4.08716E-3 2.96537E-3 1.15451E-2 1.9567E-2 8.94337E-2 1.60061E-1 2.98818E-1 2.71976E-1 3.59395E-1 7.41494E-1 7.41965E-1 8.46031E-1 8.31254E-1 7.95929E-1 7.26692E-1 6.3931E-1 6.61321E-1 6.99028E-1 4.98146E-1 5.60032E-1 5.67587E-1 6.18432E-1 5.33096E-1 7.40553E-1 6.93479E-1 5.23481E-1 5.95536E-1 6.5336E-1 5.55284E-1 6.07925E-1 5.02208E-1
-9999 -9999 -9999 -9999 -9999 -9999 -9999 -9999 -9999 9.11402E-3 5.05235E-3 3.48037E-4 2.83078E-4 2.96753E-3 7.02537E-3 2.46344E-3 8.4507E-4 8.97843E-4 1.92071E-2 1.70479E-2 1.43539E-2 1.11897E-2 6.55114E-2 1.64355E-1 1.29861E-1 1.18304E-1 1.3226E-1 7.23875E-2 2.03281E-2 5.40347E-3 5.25545E-3 1.4331E-3 2.07104E-2 2.78665E-2 8.50543E-2 1.72312E-1 3.70098E-1 3.54751E-1 3.17724E-1 6.31E-1 7.87303E-1 7.83978E-1 7.43735E-1 7.41379E-1 6.98651E-1 5.54673E-1 4.7102E-1 6.99126E-1 5.77748E-1 6.16008E-1 6.96254E-1 5.64347E-1 6.51356E-1 6.2366E-1 6.99602E-1 6.30408E-1 4.74865E-1 5.45591E-1 4.97658E-1 5.51553E-1 5.39039E-1
-9999 -9999 -9999 -9999 -9999 -9999 -9999 -9999 -9999 -9999 9.15381E-3 8.82808E-4 1.02192E-4 3.60573E-3 2.77729E-3 2.31777E-3 2.05641E-3 1.09591E-3 1.10574E-2 6.54868E-3 8.34294E-3 5.53603E-3 3.35114E-2 2.64668E-1 2.02534E-1 1.69898E-1 1.13169E-1 6.14222E-2 1.75941E-2 8.62244E-3 4.44621E-3 3.82068E-3 2.35218E-3 1.11957E-2 5.37224E-2 1.63561E-1 2.43831E-1 2.8956E-1 3.75001E-1 6.95123E-1 7.7564E-1 7.42122E-1 7.36689E-1 7.27484E-1 4.87337E-1 5.11669E-1 4.2758E-1 6.15886E-1 5.22641E-1 5.93148E-1 7.19901E-1 6.94297E-1 7.02784E-1 6.94687E-1 5.85843E-1 6.42603E-1 6.53951E-1 4.99846E-1 4.88545E-1 5.51978E-1 5.38809E-1
-9999 -9999 -9999 -9999 -9999 -9999 -9999 -9999 -9999 -9999 9.81574E-3 2.3263E-3 2.97611E-4 9.57176E-4 3.61796E-3 4.91913E-3 2.16105E-3 5.16756E-4 2.51646E-3 6.5609E-3 8.38908E-3 1.0027E-2 2.67255E-2 9.56297E-2 1.7837E-1 3.01799E-1 2.77133E-1 1.13235E-1 7.5403E-2 1.7702E-2 5.47355E-3 1.5251E-2 6.71983E-3 1.85774E-2 8.87263E-2 4.92975E-2 1.56874E-1 2.56058E-1 3.32453E-1 7.44638E-1 8.1374E-1 7.19554E-1 7.35667E-1 7.74461E-1 7.22637E-1 5.62442E-1 3.52461E-1 4.02644E-1 5.37318E-1 5.35866E-1 6.67719E-1 6.82403E-1 6.89408E-1 6.93592E-1 6.86166E-1 5.98433E-1 6.08507E-1 5.89409E-1 5.73078E-1 4.96961E-1 5.14569E-1
