Final_Models_Sept202022/M_0.1_F_lqp_Set_1/Bison_avg.asc
ncols         97
nrows         127
xllcorner     -2197417.7431653
yllcorner     -584827.01486885
cellsize      30000.0
NODATA_value  -9999
[rows 81 to 107 of 127, columns 0 to 60 of 97]
-9999 -9999 -9999 -9999 -9999 -9999 -9999 -9999 -9999 -9999 -9999 1.93236E-2 1.99126E-3 7.33068E-4 7.81029E-3 4.86364E-3 3.08388E-3 4.15935E-4 8.29818E-4 8.12958E-3 2.43676E-3 1.59888E-2 9.43522E-3 4.7471E-2 1.65666E-1 2.94078E-1 1.14065E-1 9.1487E-2 1.07793E-1 1.51813E-2 9.44658E-3 2.39138E-3 5.28757E-3 2.46987E-2 4.39784E-2 7.1485E-2 7.52506E-2 4.30613E-1 6.69701E-1 8.05609E-1 8.85756E-1 7.22059E-1 7.05417E-1 7.92677E-1 7.284E-1 5.06873E-1 4.23029E-1 3.89702E-1 4.39445E-1 5.11235E-1 5.68652E-1 6.8172E-1 6.9682E-1 6.75634E-1 6.59897E-1 4.87236E-1 6.01018E-1 6.21199E-1 5.71873E-1 5.17256E-1 5.05291E-1
-9999 -9999 -9999 -9999 -9999 -9999 -9999 -9999 -9999 -9999 -9999 -9999 1.58634E-2 9.70442E-4 2.2424E-3 5.36596E-3 4.14822E-3 1.66256E-2 2.96516E-3 1.58462E-3 1.56441E-3 1.51299E-3 1.76791E-3 1.60059E-2 2.34901E-1 2.73038E-1 6.24769E-2 8.99616E-2 1.56573E-1 2.42318E-2 6.83346E-3 5.47523E-3 3.3316E-3 1.19324E-2 5.75632E-2 1.30536E-1 9.89197E-2 1.29573E-1 4.02145E-1 7.06555E-1 8.10098E-1 7.17833E-1 7.17761E-1 7.47979E-1 6.93273E-1 4.8901E-1 3.69409E-1 4.60229E-1 5.18844E-1 6.66565E-1 6.71401E-1 6.91689E-1 7.05531E-1 6.85701E-1 6.34789E-1 6.15821E-1 6.05547E-1 5.43232E-1 5.25074E-1 4.57334E-1 5.58061E-1
-9999 -9999 -9999 -9999 -9999 -9999 -9999 -9999 -9999 -9999 -9999 -9999 -9999 6.56771E-3 2.20625E-4 1.15856E-3 6.77405E-4 1.18659E-2 2.32564E-1 1.68748E-2 2.46826E-3 3.64123E-3 5.68699E-4 8.19664E-3 6.24912E-2 4.69785E-2 3.64406E-2 1.06722E-1 2.94909E-2 2.18367E-2 7.73733E-3 5.83508E-3 1.1753E-3 7.20529E-3 2.23889E-2 2.64616E-1 9.52067E-2 1.00491E-1 1.89573E-1 6.93036E-1 7.94463E-1 7.65276E-1 7.33768E-1 6.90718E-1 6.36321E-1 4.42693E-1 4.49818E-1 4.72263E-1 5.28676E-1 6.33215E-1 6.59903E-1 6.61873E-1 7.17874E-1 7.01527E-1 6.64207E-1 6.27228E-1 6.78728E-1 6.26437E-1 5.01948E-1 5.07453E-1 5.24855E-1
-9999 -9999 -9999 -9999 -9999 -9999 -9999 -9999 -9999 -9999 -9999 -9999 -9999 7.68329E-3 9.41032E-4 1.38785E-3 3.28728E-3 -9999 9.93951E-3 6.15096E-2 1.69719E-1 2.83104E-2 1.30953E-3 5.51766E-3 1.14285E-1 5.73629E-2 9.21266E-2 7.96764E-2 3.66882E-2 1.63057E-2 1.59389E-2 4.29787E-3 2.92239E-3 8.09475E-3 2.09016E-2 1.03027E-1 6.85744E-2 8.47428E-2 1.36633E-1 5.25287E-1 6.79608E-1 6.94721E-1 7.04442E-1 5.57115E-1 6.03918E-1 6.95632E-1 6.28034E-1 6.55944E-1 5.00331E-1 5.83412E-1 6.41888E-1 6.16682E-1 6.41806E-1 6.0571E-1 6.24962E-1 4.24143E-1 6.2817E-1 6.8804E-1 5.571E-1 5.55889E-1 6.34795E-1
-9999 -9999 -9999 -9999 -9999 -9999 -9999 -9999 -9999 -9999 -9999 -9999 -9999 9.3976E-3 2.65651E-3 9.30111E-4 3.02032E-3 -9999 3.74088E-2 2.44314E-1 6.32201E-2 2.27882E-3 2.82921E-4 6.70332E-3 3.52823E-2 5.20267E-2 1.35261E-1 4.37666E-2 3.05673E-2 1.49848E-2 6.3066E-3 2.42398E-3 7.27062E-3 1.38622E-2 1.7515E-2 8.36825E-2 8.35478E-2 1.07391E-1 2.4228E-1 2.78161E-1 5.16693E-1 6.37047E-1 7.02164E-1 6.25625E-1 5.56317E-1 6.96893E-1 5.25379E-1 4.5083E-1 4.94053E-1 6.79731E-1 6.36236E-1 4.96921E-1 6.17954E-1 7.09946E-1 6.52506E-1 5.77154E-1 7.10331E-1 5.33985E-1 5.39891E-1 5.35955E-1 5.14397E-1
-9999 -9999 -9999 -9999 -9999 -9999 -9999 -9999 -9999 -9999 -9999 -9999 -9999 4.20967E-3 5.32668E-3 1.25128E-3 9.79364E-4 -9999 2.04648E-3 5.55401E-2 1.13828E-2 7.26339E-4 9.21087E-4 2.4819E-3 3.14045E-2 9.55037E-2 2.2142E-1 5.35606E-2 2.73215E-2 9.96949E-3 2.00148E-2 1.11116E-2 1.08904E-2 9.24897E-3 1.77746E-2 1.88555E-1 2.88361E-2 1.06926E-1 1.3668E-1 3.57196E-1 4.50632E-1 5.97259E-1 6.35296E-1 6.4522E-1 6.44063E-1 5.96227E-1 4.64712E-1 5.21825E-1 5.64539E-1 6.87937E-1 6.10406E-1 3.72898E-1 5.234E-1 7.01262E-1 6.71348E-1 6.64262E-1 6.67107E-1 4.06628E-1 4.82207E-1 5.30275E-1 6.21569E-1
-9999 -9999 -9999 -9999 -9999 -9999 -9999 -9999 -9999 -9999 -9999 -9999 -9999 6.73728E-3 1.85091E-3 5.89615E-4 1.42841E-2 -9999 7.75814E-3 7.7951E-2 9.28561E-3 8.53482E-4 1.8851E-3 1.19331E-2 4.67133E-2 1.55472E-1 4.82166E-1 2.0973E-1 1.12673E-1 1.78278E-2 3.88273E-2 6.60402E-3 1.57867E-3 1.81632E-2 4.91883E-2 1.10645E-1 1.01792E-1 6.05744E-2 5.816E-1 5.3109E-1 3.78173E-1 5.89668E-1 7.27215E-1 6.3704E-1 6.24317E-1 6.22029E-1 6.76347E-1 7.19814E-1 6.35344E-1 5.08301E-1 4.43441E-1 3.35263E-1 5.24528E-1 6.41061E-1 7.28305E-1 7.06432E-1 6.09419E-1 4.90861E-1 4.38303E-1 4.75948E-1 5.60337E-1
-9999 -9999 -9999 -9999 -9999 -9999 -9999 -9999 -9999 -9999 -9999 -9999 -9999 3.91835E-3 2.58536E-3 3.78877E-4 7.07081E-4 2.32914E-3 1.70351E-3 8.03812E-2 3.87487E-3 2.49661E-4 2.32596E-3 2.82299E-2 2.03844E-1 3.87049E-1 3.30282E-1 1.26276E-1 4.75216E-2 5.88712E-2 3.79168E-2 9.27662E-3 5.49396E-3 1.03796E-1 2.39675E-2 2.43629E-2 9.15301E-2 1.83837E-2 6.06856E-2 4.46156E-1 4.34162E-1 6.41305E-1 6.33016E-1 6.17365E-1 6.46796E-1 6.22688E-1 5.95401E-1 4.79972E-1 6.60994E-1 6.5582E-1 5.37293E-1 4.98868E-1 7.18174E-1 7.10124E-1 7.14601E-1 6.90315E-1 6.54929E-1 6.17473E-1 6.49511E-1 4.53948E-1 5.23114E-1
-9999 -9999 -9999 -9999 -9999 -9999 -9999 -9999 -9999 -9999 -9999 -9999 -9999 4.98971E-3 4.11246E-3 4.25762E-4 1.84953E-3 7.67331E-4 6.85054E-4 2.32403E-2 6.97023E-3 8.209E-4 1.96505E-3 4.73398E-2 4.18904E-1 3.33074E-1 1.26211E-1 6.31034E-2 3.99632E-2 2.0067E-1 2.16182E-2 1.72762E-2 1.66595E-2 1.51007E-1 1.48385E-2 2.33316E-2 1.23124E-1 1.08545E-2 1.70446E-2 2.79845E-2 3.94649E-1 5.9643E-1 5.71506E-1 6.8274E-1 6.39945E-1 6.22779E-1 6.74805E-1 4.56843E-1 3.28005E-1 4.45966E-1 5.12305E-1 4.14776E-1 6.73835E-1 7.08593E-1 7.29836E-1 6.9116E-1 6.38946E-1 6.59515E-1 6.25313E-1 6.63077E-1 5.39074E-1
-9999 -9999 -9999 -9999 -9999 -9999 -9999 -9999 -9999 -9999 -9999 -9999 -9999 4.48073E-3 5.40191E-3 3.8341E-3 5.21898E-4 4.74674E-4 4.04055E-4 1.05656E-1 1.23606E-3 1.5307E-3 1.94652E-2 3.00754E-1 5.75261E-1 2.70858E-1 2.74395E-1 5.18804E-2 7.87987E-2 1.40685E-1 5.21558E-2 2.55945E-2 6.25264E-2 2.7652E-2 1.48288E-2 1.92781E-2 4.19662E-2 1.55274E-2 6.1083E-2 1.15534E-2 2.45139E-1 2.90383E-1 6.83688E-1 5.52936E-1 6.60524E-1 6.85816E-1 4.57101E-1 4.62232E-1 4.14943E-1 6.34573E-1 5.83978E-1 4.80384E-1 6.70826E-1 5.98654E-1 5.97059E-1 6.13428E-1 6.18102E-1 6.3633E-1 6.68515E-1 6.57432E-1 6.03304E-1
-9999 -9999 -9999 -9999 -9999 -9999 -9999 -9999 -9999 -9999 -9999 -9999 -9999 3.76926E-3 5.42896E-3 3.59389E-3 8.67916E-4 3.55512E-4 1.49185E-2 5.66571E-2 3.1344E-3 2.20684E-3 1.03242E-1 5.12415E-1 3.57307E-1 2.32659E-1 4.41811E-1 3.17263E-1 1.01444E-1 7.25924E-2 8.04267E-2 4.67699E-2 6.53531E-2 2.47214E-2 4.50477E-3 6.07901E-2 7.57922E-2 9.09538E-2 1.83592E-1 2.08111E-2 5.40267E-2 2.71031E-1 6.29884E-1 6.9266E-1 4.28589E-1 4.23088E-1 5.46486E-1 5.38434E-1 6.15635E-1 4.84571E-1 3.87028E-1 4.13193E-1 5.59658E-1 5.90518E-1 5.67038E-1 3.80875E-1 3.9802E-1 4.6386E-1 5.89763E-1 5.73599E-1 4.85014E-1
-9999 -9999 -9999 -9999 -9999 -9999 -9999 -9999 -9999 -9999 -9999 -9999 -9999 4.89048E-3 2.58038E-3 6.69893E-3 5.04947E-3 6.7154E-3 3.47168E-2 3.78846E-3 1.07157E-2 4.99557E-2 1.03557E-1 1.96249E-1 2.02643E-1 1.93231E-1 3.28785E-1 3.45086E-1 4.34905E-1 2.40961E-1 1.19397E-1 8.54628E-2 2.13439E-2 6.94606E-3 5.33174E-3 3.73796E-2 1.79475E-1 3.03836E-1 5.20646E-1 2.18395E-2 5.74043E-2 4.35875E-1 5.17951E-1 6.60956E-1 5.16987E-1 5.69433E-1 6.05531E-1 5.76445E-1 5.59033E-1 5.35299E-1 4.24177E-1 4.58835E-1 5.77773E-1 5.69782E-1 5.60751E-1 4.64952E-1 3.82204E-1 5.78255E-1 5.18707E-1 5.80559E-1 5.51111E-1
-9999 -9999 -9999 -9999 -9999 -9999 -9999 -9999 -9999 -9999 -9999 -9999 4.21753E-3 5.6547E-3 7.70316E-3 1.11697E-2 1.87392E-2 1.79234E-2 8.61856E-3 6.47018E-4 9.30432E-3 2.62218E-1 2.51926E-1 2.64963E-1 6.58533E-2 1.68146E-1 2.58592E-1 3.15748E-1 3.70928E-1 1.50839E-1 2.30371E-1 6.24936E-2 1.47449E-2 7.44246E-3 1.37853E-2 1.41793E-2 1.20405E-1 3.53467E-1 8.87089E-2 2.35159E-2 1.35117E-2 3.31289E-1 5.51973E-1 6.2947E-1 5.8758E-1 6.05996E-1 5.63828E-1 5.25331E-1 4.74586E-1 6.52894E-1 4.75459E-1 4.70372E-1 5.01285E-1 4.99255E-1 5.17388E-1 5.03031E-1 4.20131E-1 6.7143E-1 5.18795E-1 4.91246E-1 6.077E-1
-9999 -9999 -9999 -9999 -9999 -9999 -9999 -9999 -9999 -9999 -9999 -9999 1.28262E-2 8.78085E-3 5.17782E-3 7.13929E-3 1.53482E-2 1.227E-2 2.56875E-3 2.62991E-3 5.95177E-2 1.80071E-1 5.51174E-2 1.85061E-1 1.54657E-1 1.45379E-1 1.04648E-1 2.08402E-1 2.93317E-1 2.95555E-1 2.669E-1 1.18377E-1 2.29783E-2 2.68059E-2 5.21584E-3 2.07512E-2 2.79893E-1 5.48759E-1 1.40417E-1 1.16966E-2 1.68308E-2 3.15337E-1 4.00016E-1 5.10276E-1 5.08686E-1 5.5E-1 4.30411E-1 5.00133E-1 5.26317E-1 5.5863E-1 4.27434E-1 4.21202E-1 3.86251E-1 4.81573E-1 4.62362E-1 4.478E-1 4.69236E-1 5.12103E-1 5.20211E-1 4.40045E-1 4.8508E-1
-9999 -9999 -9999 -9999 -9999 -9999 -9999 -9999 -9999 -9999 -9999 -9999 1.03336E-2 5.76092E-3 3.43703E-3 8.34284E-3 1.07667E-2 6.6217E-3 2.01987E-3 2.07453E-2 9.82106E-2 8.52758E-2 7.86254E-2 2.46914E-2 4.66922E-2 9.92724E-2 2.56709E-1 1.71213E-1 2.57461E-1 2.45371E-1 3.3576E-1 3.99513E-2 1.65442E-2 6.78853E-3 5.45948E-3 1.31296E-2 1.6604E-1 5.34858E-1 1.72269E-1 2.64005E-2 2.31679E-2 4.45447E-1 4.0463E-1 5.4097E-1 4.60523E-1 4.72829E-1 4.39499E-1 4.21512E-1 5.27159E-1 7.20851E-1 6.9483E-1 6.88453E-1 4.77499E-1 3.70624E-1 4.5686E-1 5.73663E-1 6.21459E-1 7.02729E-1 4.99935E-1 4.9207E-1 6.03139E-1
-9999 -9999 -9999 -9999 -9999 -9999 -9999 -9999 -9999 -9999 -9999 -9999 3.06586E-2 4.06985E-3 1.45751E-2 1.11981E-2 6.47239E-2 1.36382E-3 8.57901E-3 1.41816E-2 3.70004E-2 5.49589E-2 6.71674E-2 8.90428E-2 4.05834E-2 6.22707E-2 1.25414E-1 1.72718E-1 2.94443E-1 3.65108E-1 3.29346E-1 9.63394E-2 2.39178E-2 1.02354E-2 4.79554E-3 5.0652E-3 6.2634E-2 2.96328E-1 3.94047E-2 9.09307E-2 3.77624E-2 3.28428E-1 4.14417E-1 4.91963E-1 5.10742E-1 5.24217E-1 5.31075E-1 3.70283E-1 4.50046E-1 6.36537E-1 6.61687E-1 6.70163E-1 6.50014E-1 4.59553E-1 7.15004E-1 6.26792E-1 7.62011E-1 5.65435E-1 4.01227E-1 4.83363E-1 4.53334E-1
-9999 -9999 -9999 -9999 -9999 -9999 -9999 -9999 -9999 -9999 -9999 8.49862E-3 6.14411E-3 1.96944E-2 5.60182E-3 7.95571E-4 3.24861E-2 5.33209E-3 2.22291E-2 2.1924E-1 1.04201E-1 5.42028E-2 9.84892E-2 8.3833E-2 1.3038E-2 6.36047E-2 1.56926E-1 3.39618E-1 3.12365E-1 4.1959E-1 4.37138E-1 4.01647E-1 2.44495E-2 3.35901E-2 7.57813E-3 1.10486E-2 4.10594E-2 5.39419E-1 3.23596E-1 2.14265E-1 4.40212E-1 1.9035E-1 6.43102E-1 5.94761E-1 5.3738E-1 6.48734E-1 4.77644E-1 2.71355E-1 4.22363E-1 5.17703E-1 4.61642E-1 3.79397E-1 5.98767E-1 7.18258E-1 5.0672E-1 4.56648E-1 4.01978E-1 4.36415E-1 4.76041E-1 5.33778E-1 4.25897E-1
-9999 -9999 -9999 -9999 -9999 -9999 -9999 -9999 -9999 -9999 -9999 5.87207E-3 9.71059E-3 3.46883E-2 1.92381E-2 1.35978E-2 2.46784E-2 6.25716E-3 7.86609E-2 1.64653E-1 1.50307E-1 3.18206E-2 2.84107E-2 3.52246E-2 9.66474E-2 1.61351E-1 1.64154E-1 2.10248E-2 1.72859E-2 5.61821E-1 5.0186E-1 5.9905E-1 2.45147E-1 1.68401E-2 1.55577E-2 8.98843E-3 2.14661E-2 6.40581E-1 6.63958E-2 5.64202E-1 4.68988E-1 3.17975E-1 7.43545E-1 5.57025E-1 5.7949E-1 1.90365E-1 1.2406E-1 4.49716E-1 4.22485E-1 6.38791E-1 4.93358E-1 3.57166E-1 5.37618E-1 6.03461E-1 3.58998E-1 3.94933E-1 3.54431E-1 3.70805E-1 4.55118E-1 4.82537E-1 4.95185E-1
-9999 -9999 -9999 -9999 -9999 -9999 -9999 -9999 -9999 -9999 1.01097E-3 1.46058E-3 9.97306E-3 1.97475E-2 9.22991E-2 9.71932E-3 3.24267E-3 1.08947E-2 6.31593E-2 4.87399E-2 6.31217E-2 8.50643E-2 1.02668E-1 7.1661E-2 1.23383E-1 2.75478E-1 1.1282E-1 2.23272E-2 7.6513E-2 1.87528E-1 2.10647E-1 6.77574E-1 3.8629E-1 1.16183E-2 2.7174E-2 1.67067E-2 8.5995E-2 6.42554E-1 1.49301E-1 3.79791E-1 7.28327E-1 4.2205E-1 6.28059E-1 7.15314E-1 5.01339E-1 6.27224E-1 3.05353E-1 5.09908E-1 5.28032E-1 3.42685E-1 5.06972E-1 3.01878E-1 3.12265E-1 3.41733E-1 3.57212E-1 3.59755E-1 3.72656E-1 4.44336E-1 3.8787E-1 3.67338E-1 4.18862E-1
-9999 -9999 -9999 -9999 -9999 -9999 -9999 -9999 -9999 -9999 8.07625E-4 6.50107E-4 2.00883E-2 3.6497E-2 2.80645E-2 4.58989E-3 3.10305E-3 2.16783E-2 2.30427E-2 3.07238E-2 3.14151E-2 7.55137E-2 8.80393E-2 1.18795E-1 1.30843E-1 1.30842E-1 1.86135E-1 1.90723E-1 3.06714E-1 3.50512E-1 1.24583E-1 1.84269E-1 3.68696E-2 2.69424E-2 2.08948E-2 1.35952E-2 1.35105E-1 3.85533E-1 1.84477E-1 5.13285E-1 7.76171E-1 1.4637E-1 3.65183E-1 6.46987E-1 5.76626E-1 4.24246E-1 4.49139E-1 3.12044E-1 2.91804E-1 3.73023E-1 2.80148E-1 3.7403E-1 3.25276E-1 3.38466E-1 4.13221E-1 4.95241E-1 4.10834E-1 4.18416E-1 4.37555E-1 4.51024E-1 4.58065E-1
-9999 -9999 -9999 -9999 -9999 -9999 -9999 -9999 -9999 -9999 5.7706E-4 4.51211E-4 2.83707E-2 2.05273E-2 6.58681E-3 4.97649E-3 4.98698E-3 1.75848E-2 4.31152E-2 3.41835E-2 2.17866E-2 3.35391E-2 3.57662E-2 4.66287E-2 1.07441E-1 7.51493E-2 3.02843E-1 5.67537E-2 2.42902E-1 2.73803E-1 4.97704E-2 3.58366E-2 2.16272E-2 3.92033E-2 4.10722E-2 4.22108E-2 1.51345E-1 2.04931E-1 3.60192E-1 3.32467E-1 6.57314E-1 4.98001E-1 6.49324E-1 6.10524E-1 6.30051E-1 5.92601E-1 2.3817E-1 2.98139E-1 3.2114E-1 3.55666E-1 4.73343E-1 5.44697E-1 5.23568E-1 3.78283E-1 4.21902E-1 3.33935E-1 3.21831E-1 3.58319E-1 5.51569E-1 4.3705E-1 3.54774E-1
-9999 -9999 -9999 -9999 -9999 -9999 -9999 -9999 -9999 4.97291E-4 4.44431E-4 5.53339E-4 1.12967E-2 5.60908E-3 1.49324E-3 2.02202E-3 1.09979E-2 3.81208E-2 5.87083E-2 2.04361E-2 3.06541E-2 4.15326E-2 4.91456E-2 5.83594E-2 4.04185E-2 2.94343E-2 4.5172E-1 9.60385E-2 5.57521E-2 3.76113E-2 3.73223E-2 9.29775E-2 1.13013E-1 1.10757E-1 1.1419E-1 1.17565E-1 1.46243E-1 1.9132E-1 6.01575E-1 2.31666E-1 7.18956E-1 6.29006E-1 7.30478E-1 4.78791E-1 6.35865E-1 4.90004E-1 5.07111E-1 4.52702E-1 3.98523E-1 3.05001E-1 3.22665E-1 4.01731E-1 3.88189E-1 5.30387E-1 6.10451E-1 5.7578E-1 4.8985E-1 4.62826E-1 3.91268E-1 4.49923E-1 4.35712E-1
-9999 -9999 -9999 -9999 -9999 -9999 -9999 -9999 -9999 6.46473E-4 3.62392E-4 6.41872E-4 3.48615E-3 1.31962E-3 1.04952E-3 1.74631E-3 1.2242E-2 1.95429E-2 4.31893E-2 3.81078E-2 7.93232E-2 4.35679E-2 4.31315E-2 5.65415E-2 4.98258E-2 8.20982E-2 3.07044E-1 2.80655E-1 2.43781E-1 1.48758E-1 1.58322E-1 2.02498E-1 6.06115E-2 9.29971E-2 2.99107E-1 3.48482E-1 2.80909E-1 5.62801E-1 5.23105E-1 6.20666E-1 7.48486E-1 7.82286E-1 4.73071E-1 5.24717E-1 6.77026E-1 6.9271E-1 6.1563E-1 4.26204E-1 5.54617E-1 5.57456E-1 5.60153E-1 5.65282E-1 4.2495E-1 5.54343E-1 5.4076E-1 6.38945E-1 5.42343E-1 4.60707E-1 4.86307E-1 3.49191E-1 3.0228E-1
-9999 -9999 -9999 -9999 -9999 -9999 -9999 -9999 3.24135E-4 4.42425E-4 9.81429E-4 9.94189E-3 1.11591E-3 1.23783E-3 2.02325E-3 1.2957E-2 1.46389E-2 3.20264E-2 3.95611E-2 4.95665E-2 7.49533E-2 9.3723E-2 6.06196E-2 8.44171E-2 6.06972E-2 2.58878E-1 2.09791E-1 3.16221E-1 2.10626E-1 3.36679E-1 2.59271E-1 1.75706E-1 5.46379E-2 1.37962E-1 2.48532E-1 2.05769E-1 3.19385E-1 6.70923E-1 5.99708E-1 8.26709E-1 7.84233E-1 7.15333E-1 5.33803E-1 3.60888E-1 1.68299E-1 4.34898E-1 7.04998E-2 3.00485E-1 4.05006E-1 6.00745E-1 4.82694E-1 4.66718E-1 3.35398E-1 4.12197E-1 3.69101E-1 6.7131E-1 6.45222E-1 6.49259E-1 4.74911E-1 3.39067E-1 3.54502E-1
-9999 -9999 -9999 -9999 -9999 -9999 -9999 1.10754E-3 1.03296E-3 4.54403E-4 3.24305E-3 1.03857E-2 7.47577E-4 1.12793E-3 3.22015E-3 3.06993E-2 3.55114E-2 4.74455E-2 5.5973E-2 6.85051E-2 8.42877E-2 7.63983E-2 7.89385E-2 1.03116E-1 8.21063E-2 1.57672E-1 1.42279E-1 3.80909E-1 4.24581E-1 4.35327E-1 2.23757E-1 1.4314E-1 8.38716E-2 9.93742E-2 1.63858E-1 3.52956E-1 7.72316E-1 7.24404E-1 7.77651E-1 8.1938E-1 7.37852E-1 6.62173E-1 3.997E-1 2.58058E-1 1.71518E-1 4.70801E-1 3.6413E-1 8.24068E-2 3.57837E-1 6.95263E-1 5.8351E-1 5.81292E-1 7.17111E-1 4.45991E-1 6.28905E-1 6.32389E-1 6.99286E-1 6.70218E-1 6.26003E-1 4.08344E-1 3.53164E-1
-9999 -9999 -9999 -9999 -9999 -9999 -9999 4.16885E-4 2.46447E-4 1.4265E-4 9.83429E-4 1.16488E-3 6.10484E-4 2.25521E-3 1.78724E-2 3.21399E-2 3.87529E-2 1.17035E-1 5.99897E-2 5.57845E-2 7.44319E-2 1.23101E-1 1.80843E-1 1.50685E-1 1.48619E-1 1.11351E-1 1.73275E-1 3.74762E-1 1.52096E-1 4.33937E-1 1.80145E-1 7.79036E-2 1.08855E-1 2.84193E-1 2.93172E-1 6.71742E-1 6.99893E-1 7.72184E-1 8.21491E-1 8.55795E-1 8.21501E-1 6.36354E-1 5.39633E-1 3.80632E-1 3.04106E-1 2.06496E-1 3.74406E-1 3.22221E-1 5.61477E-1 3.5123E-1 4.20223E-1 4.75963E-1 5.1864E-1 6.28913E-1 4.76767E-1 6.94289E-1 5.49996E-1 6.5812E-1 6.32043E-1 4.09606E-1 3.64741E-1
-9999 -9999 -9999 -9999 -9999 -9999 -9999 1.05546E-3 5.75451E-4 2.18949E-4 1.2E-3 1.99598E-3 2.39528E-3 2.40856E-3 3.50241E-2 3.29578E-2 5.15674E-2 1.20396E-1 6.30567E-2 5.38058E-2 7.25541E-2 8.24848E-2 2.67493E-1 1.64326E-1 1.0323E-1 8.0696E-2 8.21443E-2 3.13491E-1 9.13797E-2 2.33266E-1 3.10779E-1 1.03356E-1 3.96538E-1 4.06514E-1 4.24622E-1 6.50164E-1 7.9402E-1 7.71594E-1 8.21086E-1 7.55634E-1 6.45196E-1 5.30453E-1 4.03695E-1 1.38414E-1 1.08481E-1 1.56003E-1 2.74727E-1 1.28551E-1 4.78309E-1 6.65722E-1 5.99636E-1 5.86049E-1 6.5392E-1 3.81712E-1 6.14212E-1 5.9449E-1 4.382E-1 6.26822E-1 5.14352E-1 3.60277E-1 4.54428E-1
