Final_Models_Sept202022/M_0.1_F_lqp_Set_1/Bison_5.asc
ncols         97
nrows         127
xllcorner     -2197417.7431653
yllcorner     -584827.01486885
cellsize      30000.0
NODATA_value  -9999
[rows 0 to 26 of 127, columns 0 to 60 of 97]
-9999 -9999 -9999 -9999 -9999 -9999 -9999 -9999 -9999 -9999 -9999 -9999 -9999 -9999 -9999 -9999 -9999 -9999 -9999 -9999 -9999 -9999 -9999 -9999 -9999 -9999 -9999 -9999 -9999 -9999 -9999 -9999 -9999 -9999 -9999 -9999 -9999 -9999 -9999 -9999 -9999 -9999 -9999 -9999 -9999 -9999 -9999 -9999 -9999 -9999 -9999 -9999 -9999 -9999 -9999 -9999 -9999 -9999 -9999 -9999 -9999
-9999 -9999 -9999 -9999 -9999 -9999 -9999 -9999 -9999 -9999 -9999 -9999 -9999 -9999 -9999 -9999 -9999 -9999 -9999 -9999 -9999 -9999 -9999 -9999 -9999 -9999 -9999 -9999 -9999 -9999 -9999 -9999 -9999 -9999 -9999 -9999 -9999 -9999 -9999 -9999 -9999 -9999 -9999 -9999 -9999 -9999 -9999 -9999 -9999 -9999 -9999 -9999 -9999 -9999 -9999 -9999 -9999 -9999 -9999 -9999 -9999
-9999 -9999 -9999 -9999 -9999 -9999 -9999 -9999 -9999 -9999 -9999 -9999 -9999 -9999 -9999 -9999 -9999 -9999 -9999 -9999 -9999 -9999 -9999 -9999 -9999 -9999 -9999 -9999 -9999 -9999 -9999 -9999 -9999 -9999 -9999 -9999 -9999 -9999 -9999 -9999 -9999 -9999 -9999 -9999 -9999 -9999 -9999 -9999 -9999 -9999 -9999 -9999 -9999 -9999 -9999 -9999 -9999 -9999 -9999 -9999 -9999
-9999 -9999 -9999 -9999 -9999 -9999 -9999 -9999 -9999 -9999 -9999 -9999 -9999 -9999 -9999 -9999 -9999 -9999 -9999 2.80746E-2 1.56363E-2 7.99281E-3 1.9485E-2 -9999 -9999 -9999 -9999 -9999 -9999 -9999 -9999 -9999 -9999 -9999 -9999 -9999 -9999 -9999 -9999 -9999 -9999 -9999 -9999 -9999 -9999 -9999 -9999 -9999 -9999 -9999 -9999 -9999 -9999 -9999 -9999 -9999 -9999 -9999 -9999 -9999 -9999
-9999 -9999 -9999 -9999 -9999 -9999 -9999 -9999 -9999 -9999 -9999 -9999 -9999 -9999 -9999 -9999 -9999 -9999 3.12215E-2 2.75047E-2 2.62757E-2 2.95325E-2 1.82543E-2 1.8175E-2 1.12306E-2 -9999 -9999 -9999 -9999 -9999 -9999 -9999 -9999 -9999 -9999 -9999 -9999 -9999 -9999 -9999 -9999 -9999 -9999 -9999 -9999 -9999 -9999 -9999 -9999 -9999 -9999 -9999 -9999 -9999 -9999 -9999 -9999 -9999 -9999 -9999 -9999
-9999 -9999 -9999 -9999 -9999 -9999 -9999 -9999 -9999 -9999 -9999 -9999 -9999 -9999 -9999 -9999 -9999 -9999 2.29808E-2 2.1164E-2 2.24884E-2 2.57601E-2 2.00174E-2 1.23331E-2 9.99178E-3 -9999 -9999 -9999 -9999 -9999 -9999 -9999 -9999 -9999 -9999 -9999 -9999 -9999 -9999 -9999 -9999 -9999 -9999 -9999 -9999 -9999 -9999 -9999 -9999 -9999 -9999 -9999 -9999 -9999 -9999 -9999 -9999 -9999 -9999 -9999 -9999
-9999 -9999 -9999 -9999 -9999 -9999 -9999 -9999 -9999 -9999 -9999 -9999 -9999 -9999 -9999 -9999 -9999 1.77111E-2 2.04216E-2 7.28066E-3 8.25162E-3 1.32022E-2 1.67677E-2 1.27821E-2 8.84765E-3 8.14878E-3 -9999 1.10186E-2 1.07189E-2 1.22749E-2 -9999 -9999 -9999 -9999 -9999 -9999 -9999 -9999 8.10478E-3 -9999 -9999 -9999 -9999 -9999 -9999 -9999 -9999 -9999 -9999 -9999 -9999 -9999 -9999 -9999 -9999 -9999 -9999 -9999 -9999 -9999 -9999
-9999 -9999 -9999 -9999 -9999 -9999 -9999 -9999 -9999 -9999 -9999 -9999 -9999 -9999 -9999 -9999 1.73278E-2 2.47585E-2 7.67016E-3 4.48922E-3 4.29508E-3 5.85353E-3 9.7279E-3 1.21546E-2 1.09106E-2 8.61509E-3 1.14776E-2 1.02012E-2 9.83919E-3 1.03878E-2 1.07688E-2 1.09661E-2 9.41939E-3 8.9406E-3 8.9048E-3 9.3353E-3 9.50428E-3 -9999 7.33882E-3 6.79205E-3 -9999 -9999 -9999 -9999 -9999 -9999 -9999 -9999 -9999 -9999 -9999 -9999 -9999 -9999 -9999 -9999 -9999 -9999 -9999 -9999 -9999
-9999 -9999 -9999 -9999 -9999 -9999 -9999 -9999 -9999 -9999 -9999 -9999 -9999 -9999 -9999 2.88754E-2 3.11424E-2 1.71387E-2 5.77711E-3 3.84664E-3 2.92722E-3 3.67031E-3 7.24419E-3 1.21815E-2 1.29742E-2 1.02626E-2 1.59331E-2 1.67835E-2 9.96369E-3 8.57423E-3 9.14288E-3 9.32242E-3 9.38533E-3 9.1445E-3 9.57734E-3 1.24791E-2 1.07824E-2 1.06027E-2 7.75522E-3 7.49178E-3 -9999 -9999 -9999 -9999 -9999 -9999 -9999 -9999 -9999 -9999 -9999 -9999 -9999 -9999 -9999 -9999 -9999 -9999 -9999 -9999 -9999
-9999 -9999 -9999 -9999 -9999 -9999 -9999 -9999 -9999 -9999 -9999 -9999 -9999 -9999 -9999 3.96413E-2 3.05899E-2 1.48017E-2 4.47021E-3 4.74395E-3 5.65345E-3 7.45373E-3 9.45973E-3 1.1813E-2 1.42292E-2 1.08723E-2 1.50199E-2 1.4582E-2 8.94204E-3 8.9548E-3 1.23565E-2 1.11106E-2 1.04789E-2 1.29328E-2 1.14226E-2 1.47844E-2 1.61922E-2 1.32979E-2 1.00733E-2 -9999 -9999 -9999 6.0942E-3 -9999 -9999 -9999 -9999 -9999 -9999 -9999 -9999 -9999 -9999 -9999 -9999 -9999 -9999 -9999 -9999 -9999 -9999
-9999 -9999 -9999 -9999 -9999 -9999 -9999 -9999 -9999 -9999 -9999 -9999 -9999 -9999 1.88397E-2 3.07378E-2 2.6835E-2 1.62357E-2 1.31009E-2 7.46354E-3 8.33416E-3 9.05586E-3 1.31789E-2 1.33523E-2 1.23994E-2 1.63557E-2 1.6857E-2 1.29548E-2 1.37538E-2 9.68716E-3 1.56192E-2 1.18484E-2 9.90022E-3 1.49729E-2 2.12108E-2 1.97108E-2 1.98248E-2 1.38225E-2 9.85002E-3 -9999 -9999 6.23571E-3 -9999 -9999 -9999 -9999 -9999 -9999 -9999 -9999 -9999 -9999 -9999 -9999 -9999 -9999 -9999 -9999 -9999 -9999 -9999
-9999 -9999 -9999 -9999 -9999 -9999 -9999 -9999 -9999 -9999 -9999 -9999 -9999 1.47597E-2 3.18598E-2 3.37758E-2 2.91785E-2 1.62826E-2 1.30479E-2 6.67637E-3 9.27002E-3 1.1536E-2 1.70645E-2 1.8225E-2 1.51631E-2 1.55712E-2 1.57467E-2 1.46321E-2 8.63605E-3 8.11223E-3 8.84101E-3 1.19959E-2 1.2048E-2 1.77511E-2 2.10786E-2 2.1277E-2 2.21713E-2 1.28308E-2 1.00018E-2 7.21993E-3 5.71884E-3 6.11568E-3 -9999 8.3349E-3 8.37563E-3 -9999 -9999 -9999 -9999 -9999 -9999 -9999 -9999 -9999 -9999 -9999 -9999 -9999 -9999 -9999 -9999
-9999 -9999 -9999 -9999 -9999 -9999 -9999 -9999 -9999 -9999 -9999 -9999 -9999 3.37743E-2 3.09317E-2 2.361E-2 2.07775E-2 1.40754E-2 1.33346E-2 2.08992E-3 5.27244E-3 7.81511E-3 1.51717E-2 1.35526E-2 9.78727E-3 1.27731E-2 1.35264E-2 8.98178E-3 8.91404E-3 8.20133E-3 1.18917E-2 1.27012E-2 1.59471E-2 1.54822E-2 1.80914E-2 2.19276E-2 1.21303E-2 1.16958E-2 8.24522E-3 5.83416E-3 5.54937E-3 9.65733E-3 9.02959E-3 9.07013E-3 9.03383E-3 1.05474E-2 -9999 -9999 -9999 -9999 -9999 -9999 -9999 -9999 -9999 -9999 -9999 -9999 -9999 -9999 -9999
-9999 -9999 -9999 -9999 -9999 -9999 -9999 -9999 -9999 -9999 -9999 -9999 4.3991E-2 3.9956E-2 3.04969E-2 2.42155E-2 1.76959E-2 1.19624E-2 1.5505E-2 8.2651E-3 6.92253E-3 1.05985E-2 1.36357E-2 1.25646E-2 1.03151E-2 6.91897E-3 1.08239E-2 6.17866E-3 1.66806E-2 1.98975E-2 1.55453E-2 1.06521E-2 9.49246E-3 1.18375E-2 1.23431E-2 1.36713E-2 8.81128E-3 9.4717E-3 8.39456E-3 5.8233E-3 5.13043E-3 5.73146E-3 8.7808E-3 9.729E-3 1.033E-2 1.03493E-2 1.03987E-2 -9999 -9999 -9999 3.87439E-3 3.01504E-3 -9999 -9999 -9999 -9999 -9999 -9999 -9999 -9999 -9999
-9999 -9999 -9999 -9999 -9999 -9999 -9999 -9999 -9999 -9999 -9999 2.46923E-2 2.258E-2 2.40132E-2 1.9374E-2 1.64641E-2 9.48084E-3 4.79161E-3 9.66594E-3 1.13507E-2 1.01897E-2 2.12713E-2 1.88673E-2 1.4422E-2 5.81532E-3 4.8903E-3 1.43557E-2 1.46412E-2 1.1408E-2 1.02778E-2 1.05839E-2 1.14466E-2 8.04947E-3 7.75826E-3 1.47816E-2 1.746E-2 1.52194E-2 1.22236E-2 1.00445E-2 6.67442E-3 6.0674E-3 6.14685E-3 7.25311E-3 8.11169E-3 8.07426E-3 8.8008E-3 9.02606E-3 8.26888E-3 -9999 -9999 -9999 3.71549E-3 3.1096E-3 -9999 -9999 -9999 -9999 -9999 -9999 -9999 -9999
-9999 -9999 -9999 -9999 -9999 -9999 -9999 -9999 -9999 -9999 -9999 2.26951E-2 1.19173E-2 1.21731E-2 1.0459E-2 5.45393E-3 5.08523E-3 6.29732E-3 5.39932E-3 8.53606E-3 1.41131E-2 1.97251E-2 1.7149E-2 1.59402E-2 4.58595E-3 5.65394E-3 1.21918E-2 2.21287E-2 2.68008E-2 2.04045E-2 1.0243E-2 8.6976E-3 6.75622E-3 7.16034E-3 1.45675E-2 1.57862E-2 1.26343E-2 1.09072E-2 8.61094E-3 6.60752E-3 7.39628E-3 7.34016E-3 7.2401E-3 9.43747E-3 6.59478E-3 7.36135E-3 6.82213E-3 6.50716E-3 7.04673E-3 -9999 -9999 4.20712E-3 3.84186E-3 3.62885E-3 3.60404E-3 -9999 -9999 -9999 -9999 -9999 -9999
-9999 -9999 -9999 -9999 -9999 -9999 -9999 -9999 -9999 -9999 2.10112E-2 2.26589E-2 2.13313E-2 1.04553E-2 4.76919E-3 4.54779E-3 5.61238E-3 5.01442E-3 6.75058E-3 6.37366E-3 2.2995E-2 2.0342E-2 1.00888E-2 1.58446E-2 6.71299E-3 7.64431E-3 7.32031E-3 8.80734E-3 2.08547E-2 1.02374E-2 1.21425E-2 8.28073E-3 1.42029E-2 1.0547E-2 1.8954E-2 2.10872E-2 1.91695E-2 1.59494E-2 1.62733E-2 8.85372E-3 7.91112E-3 7.73881E-3 7.98184E-3 8.3838E-3 6.97062E-3 6.20098E-3 5.63413E-3 6.29799E-3 6.64732E-3 5.99973E-3 5.51808E-3 6.99864E-3 -9999 -9999 3.88316E-3 3.73331E-3 -9999 -9999 -9999 -9999 -9999
-9999 -9999 -9999 -9999 -9999 -9999 -9999 -9999 -9999 3.27475E-2 1.64175E-2 2.08489E-2 1.10763E-2 8.56269E-3 5.80406E-3 6.16687E-3 5.38364E-3 5.64188E-3 6.21606E-3 1.05427E-2 2.03764E-2 2.02971E-2 1.11344E-2 1.21276E-2 6.05608E-3 7.70606E-3 8.55202E-3 7.35472E-3 9.41919E-3 1.23841E-2 2.15063E-2 1.24362E-2 1.12738E-2 1.95013E-2 2.00428E-2 1.86362E-2 1.93961E-2 2.87006E-2 2.91444E-2 2.14874E-2 8.57741E-3 8.00329E-3 7.48331E-3 8.23282E-3 7.20433E-3 5.63911E-3 5.73908E-3 6.45706E-3 6.25513E-3 5.28199E-3 5.51769E-3 6.09739E-3 5.63711E-3 -9999 3.74077E-3 3.71883E-3 3.45476E-3 3.06931E-3 -9999 -9999 -9999
-9999 -9999 -9999 -9999 -9999 -9999 -9999 -9999 1.82293E-2 2.31011E-2 2.29329E-2 1.56009E-2 7.07273E-3 1.09938E-2 1.90573E-2 1.46373E-2 9.60241E-3 1.04678E-2 9.65126E-3 1.02871E-2 1.43791E-2 1.44319E-2 1.81993E-2 1.64831E-2 7.73675E-3 8.45193E-3 7.10671E-3 6.81377E-3 7.09041E-3 6.61181E-3 1.56582E-2 1.63717E-2 1.81739E-2 2.49667E-2 2.40971E-2 1.79868E-2 2.06471E-2 3.23529E-2 3.42279E-2 4.82442E-2 1.51046E-2 1.00078E-2 7.7506E-3 8.00832E-3 6.83988E-3 5.63308E-3 6.51285E-3 7.25978E-3 6.36793E-3 5.43164E-3 5.59267E-3 5.95261E-3 6.26915E-3 6.45911E-3 4.11387E-3 3.77625E-3 3.13688E-3 2.96015E-3 2.92438E-3 2.67052E-3 2.70662E-3
-9999 -9999 -9999 -9999 -9999 -9999 -9999 -9999 1.79258E-2 1.35782E-2 2.4632E-2 2.11267E-2 1.7125E-2 1.55317E-2 2.17158E-2 4.01524E-2 2.0892E-2 1.69156E-2 1.60032E-2 1.2257E-2 1.30012E-2 1.35192E-2 1.26572E-2 1.76817E-2 1.06007E-2 1.44646E-2 9.11238E-3 7.24722E-3 1.1275E-2 1.14885E-2 1.83936E-2 2.09249E-2 2.35699E-2 3.06524E-2 2.54497E-2 2.42202E-2 2.61815E-2 3.10859E-2 3.1718E-2 3.75346E-2 2.12252E-2 9.74566E-3 8.73784E-3 8.23682E-3 7.6831E-3 7.52234E-3 8.03147E-3 8.68122E-3 8.18051E-3 6.1274E-3 5.77336E-3 6.86093E-3 7.32574E-3 6.64558E-3 -9999 4.37438E-3 3.7724E-3 4.00498E-3 3.23933E-3 2.94238E-3 2.72123E-3
-9999 -9999 -9999 -9999 -9999 -9999 -9999 3.52956E-2 3.43045E-2 2.30912E-2 2.96855E-2 2.5179E-2 3.68153E-2 2.31493E-2 1.89995E-2 3.32948E-2 2.51764E-2 2.13054E-2 1.77271E-2 1.20664E-2 1.45073E-2 1.7987E-2 1.46685E-2 1.52744E-2 1.00768E-2 1.76046E-2 2.12362E-2 1.0979E-2 1.67097E-2 1.95499E-2 2.15157E-2 2.57342E-2 2.86831E-2 3.93971E-2 4.25875E-2 4.69438E-2 1.88747E-2 3.17459E-2 2.33041E-2 4.16983E-2 1.70624E-2 1.10046E-2 1.00489E-2 9.35753E-3 9.53378E-3 8.81759E-3 8.42528E-3 8.54603E-3 8.58437E-3 8.77254E-3 7.87108E-3 7.91391E-3 -9999 -9999 -9999 -9999 -9999 -9999 -9999 -9999 -9999
-9999 -9999 -9999 -9999 -9999 -9999 4.04259E-2 5.51801E-2 3.78635E-2 3.59407E-2 3.93266E-2 2.88632E-2 3.73995E-2 3.63497E-2 3.38247E-2 1.91439E-2 3.22683E-2 3.21555E-2 3.39615E-2 1.45104E-2 1.39191E-2 1.17336E-2 8.19399E-3 1.30007E-2 1.24906E-2 1.33431E-2 2.04685E-2 2.33965E-2 1.38338E-2 1.17017E-2 1.59191E-2 1.63693E-2 3.10091E-2 6.01705E-2 5.21983E-2 2.051E-2 4.45272E-2 2.71306E-2 4.89452E-2 4.74431E-2 1.37709E-2 2.10397E-2 1.41827E-2 1.28286E-2 1.12037E-2 1.00787E-2 9.65434E-3 9.53782E-3 9.20383E-3 8.65346E-3 9.31738E-3 9.86316E-3 8.31478E-3 8.0319E-3 -9999 -9999 -9999 -9999 -9999 -9999 -9999
-9999 -9999 -9999 -9999 -9999 -9999 4.5421E-2 4.57412E-2 3.24282E-2 3.25606E-2 3.33515E-2 1.9852E-2 3.99269E-2 2.44593E-2 2.45327E-2 3.54529E-2 4.0166E-2 4.71977E-2 3.47693E-2 3.16007E-2 1.574E-2 1.33722E-2 8.7167E-3 1.18384E-2 1.04754E-2 1.96616E-2 1.42213E-2 1.61429E-2 2.16301E-2 1.05012E-2 2.74872E-2 2.42598E-2 3.73444E-2 2.20684E-2 2.24311E-2 3.12662E-2 4.35506E-2 4.60921E-2 2.88957E-2 3.14893E-2 2.11176E-2 2.46317E-2 1.55853E-2 1.60697E-2 1.78846E-2 1.63127E-2 1.55815E-2 1.18279E-2 1.13035E-2 8.83707E-3 8.596E-3 6.0493E-3 5.38012E-3 5.25686E-3 5.04712E-3 5.69485E-3 5.01857E-3 4.27991E-3 4.48701E-3 4.72713E-3 3.85215E-3
-9999 -9999 -9999 -9999 -9999 3.87573E-2 3.99292E-2 3.8381E-2 2.77377E-2 3.86906E-2 3.99955E-2 4.1808E-2 3.48644E-2 3.27788E-2 2.70422E-2 2.51285E-2 3.62714E-2 4.93241E-2 3.37938E-2 3.2573E-2 3.41592E-2 2.96042E-2 1.75269E-2 1.80697E-2 2.17965E-2 1.43589E-2 1.2013E-2 9.18231E-3 2.08909E-2 1.82453E-2 1.03973E-2 3.04448E-2 4.30451E-2 4.70531E-2 2.64258E-2 2.72309E-2 4.32097E-2 -9999 -9999 2.11607E-2 -9999 -9999 -9999 3.54634E-2 2.40649E-2 1.61482E-2 1.30896E-2 1.03764E-2 8.88141E-3 9.68355E-3 8.99727E-3 5.47799E-3 4.75904E-3 4.3603E-3 4.68033E-3 5.24495E-3 3.24561E-3 3.40302E-3 3.0239E-3 3.52668E-3 3.86497E-3
-9999 -9999 -9999 -9999 1.68464E-2 2.24752E-2 2.42028E-2 2.76784E-2 3.1977E-2 4.58949E-2 5.57502E-2 5.3822E-2 3.43859E-2 2.69682E-2 3.5308E-2 4.79378E-2 4.48127E-2 4.29649E-2 3.7217E-2 4.19492E-2 4.78823E-2 3.45605E-2 2.66243E-2 2.86246E-2 1.90347E-2 1.65945E-2 1.5298E-2 1.19676E-2 1.20786E-2 1.17125E-2 2.50779E-2 3.27695E-2 4.34638E-2 5.44572E-2 1.13384E-2 3.96874E-2 4.26157E-2 5.08521E-2 9.28799E-2 4.60995E-2 8.6158E-2 -9999 2.67359E-2 3.76445E-2 2.01879E-2 1.47227E-2 1.58374E-2 1.89761E-2 1.2711E-2 1.41697E-2 1.00753E-2 5.05694E-3 5.23526E-3 4.64403E-3 4.11023E-3 3.03117E-3 2.51244E-3 2.81856E-3 2.35334E-3 2.71842E-3 3.85493E-3
-9999 -9999 -9999 3.80671E-2 6.94976E-2 5.81533E-2 4.28304E-2 3.2751E-2 4.19604E-2 8.92367E-2 5.7704E-2 6.85119E-2 5.20793E-2 3.1879E-2 4.20908E-2 3.3545E-2 4.01295E-2 4.22358E-2 5.68142E-2 5.88848E-2 3.73371E-2 1.6416E-2 2.04314E-2 2.83665E-2 1.50885E-2 1.25397E-2 1.42014E-2 1.47388E-2 1.52167E-2 1.0044E-2 2.17301E-2 4.42349E-2 4.21413E-2 3.59382E-2 2.65337E-2 4.6976E-2 5.49744E-2 4.35437E-2 4.63467E-2 3.36827E-2 6.55751E-2 3.77381E-2 -9999 -9999 1.58982E-2 1.9196E-2 5.0512E-2 4.17346E-2 1.90234E-2 1.13351E-2 1.58427E-2 8.08999E-3 5.28555E-3 5.09104E-3 3.9725E-3 2.78187E-3 2.67993E-3 2.62E-3 2.56849E-3 2.45926E-3 3.78495E-3
-9999 -9999 -9999 4.80073E-3 4.8685E-2 7.15868E-2 6.19561E-2 6.06343E-2 4.80511E-2 6.59112E-2 4.64774E-2 6.79857E-2 4.732E-2 4.35214E-2 3.17683E-2 2.77907E-2 3.8049E-2 3.8186E-2 4.83677E-2 2.8074E-2 1.90091E-2 1.30028E-2 9.65191E-3 1.45822E-2 1.57109E-2 1.68538E-2 1.63753E-2 2.63008E-2 1.51675E-2 1.58961E-2 2.08296E-2 3.15309E-2 2.36369E-2 2.87082E-2 2.33921E-2 3.75453E-2 5.28081E-2 6.88006E-2 3.24503E-2 1.88713E-2 -9999 -9999 -9999 -9999 -9999 8.03563E-2 8.06821E-2 3.71982E-2 1.62849E-2 1.21084E-2 1.13311E-2 2.00596E-2 5.85292E-3 5.55211E-3 3.52761E-3 2.55555E-3 2.75445E-3 2.79482E-3 3.23533E-3 4.23498E-3 6.34544E-3
