Final_Models_Sept202022/M_0.1_F_lqp_Set_1/Bison_median.asc
ncols         97
nrows         127
xllcorner     -2197417.7431653
yllcorner     -584827.01486885
cellsize      30000.0
NODATA_value  -9999
[rows 27 to 53 of 127, columns 0 to 60 of 97]
-9999 -9999 1.04721E-2 1.41962E-3 2.44276E-2 7.21144E-2 9.67501E-2 1.11601E-1 1.35406E-1 1.25391E-1 7.83019E-2 1.16703E-1 5.00716E-2 7.94427E-2 5.73702E-2 8.44536E-2 5.54308E-2 4.11583E-2 1.83412E-2 1.9244E-2 1.6234E-2 1.40026E-2 9.07535E-3 7.00128E-3 8.76133E-3 1.70773E-2 1.94177E-2 1.78427E-2 1.51254E-2 1.5752E-2 1.48987E-2 2.89965E-2 1.62781E-2 2.7565E-2 4.13791E-2 4.18027E-2 3.72289E-2 4.66721E-2 1.80038E-2 7.04308E-2 1.63867E-1 9.61003E-2 1.15151E-1 2.04367E-1 9.28097E-2 8.8773E-2 6.50438E-2 4.10703E-2 2.583E-2 1.89192E-2 1.67198E-2 1.84188E-2 9.57765E-3 7.51695E-3 3.52013E-3 2.38827E-3 2.34028E-3 2.14167E-3 3.04292E-3 3.89036E-3 5.9117E-3
-9999 1.11634E-5 1.03777E-2 4.02214E-3 1.58903E-3 2.22556E-2 1.0469E-1 8.96578E-2 1.00999E-1 1.49409E-1 1.00187E-1 9.91468E-2 1.34437E-1 1.10613E-1 7.19924E-2 8.53155E-2 1.00981E-1 5.60614E-2 3.87321E-2 2.8632E-2 1.92878E-2 1.78528E-2 8.65005E-3 7.80132E-3 1.09357E-2 1.79766E-2 1.4369E-2 2.02287E-2 1.83661E-2 2.30474E-2 1.65103E-2 1.94264E-2 1.34739E-2 2.33068E-2 2.47867E-2 2.61701E-2 2.77631E-2 8.16813E-2 8.90087E-2 7.68946E-2 9.96376E-2 5.93212E-2 1.03062E-1 9.63369E-2 1.00305E-1 5.061E-2 5.35775E-2 2.75619E-2 2.19176E-2 1.41906E-2 1.6605E-2 2.31688E-2 7.9732E-3 5.64105E-3 3.97519E-3 2.93245E-3 2.47298E-3 2.31449E-3 2.50147E-3 3.18338E-3 2.97168E-3
-9999 4.09186E-8 1.2198E-6 1.1993E-3 1.57558E-3 1.79219E-2 4.91619E-2 1.12203E-1 9.74452E-2 1.39819E-1 7.66861E-2 1.15432E-1 1.36596E-1 1.13984E-1 1.00083E-1 4.86883E-2 7.00687E-2 7.80256E-2 5.42557E-2 2.79886E-2 2.50487E-2 1.27401E-2 1.72822E-2 1.12935E-2 2.69327E-2 1.96617E-2 1.92755E-2 1.58616E-2 1.80152E-2 1.67756E-2 1.79521E-2 2.41074E-2 3.09652E-2 2.4291E-2 2.50311E-2 2.54195E-2 1.72007E-2 3.74789E-2 3.50746E-2 7.10481E-2 7.88864E-2 7.98458E-2 7.9881E-2 7.85177E-2 4.46998E-2 5.52116E-2 3.5297E-2 2.43083E-2 1.47772E-2 1.4372E-2 1.43395E-2 1.30633E-2 7.38059E-3 4.90285E-3 3.75718E-3 2.93721E-3 2.48982E-3 2.09764E-3 1.99433E-3 2.99209E-3 2.87869E-3
2.29948E-4 4.31767E-8 4.0967E-12 2.25024E-7 2.57903E-6 5.23382E-3 3.6133E-2 1.50866E-1 9.07635E-2 1.20093E-1 8.52188E-2 1.15066E-1 1.63036E-1 1.70796E-1 1.00195E-1 5.95149E-2 1.21832E-1 7.40108E-2 6.54636E-2 4.32838E-2 2.15509E-2 1.54546E-2 2.46141E-2 2.06039E-2 2.15728E-2 2.19127E-2 1.77535E-2 1.62924E-2 1.78308E-2 1.84838E-2 1.72649E-2 1.5914E-2 3.17986E-2 1.65588E-2 2.60157E-2 2.95781E-2 1.76746E-2 2.85684E-2 5.53897E-2 7.46633E-2 7.98315E-2 6.78198E-2 4.68894E-2 7.34447E-2 5.25541E-2 4.52151E-2 3.7199E-2 2.39713E-2 1.40151E-2 7.48644E-3 6.55492E-3 7.24633E-3 7.01374E-3 5.54875E-3 4.42354E-3 3.23022E-3 2.27182E-3 2.18086E-3 2.13361E-3 2.90456E-3 2.79874E-3
5.4406E-3 1.35678E-4 6.17954E-10 2.89735E-13 3.77793E-7 1.03328E-2 4.34935E-2 1.86069E-1 1.1434E-1 1.36659E-1 1.39889E-1 1.55317E-1 1.51049E-1 2.08449E-1 1.28656E-1 9.60305E-2 6.19313E-2 1.35079E-1 5.42462E-2 2.53742E-2 1.72216E-2 1.73382E-2 2.18472E-2 1.94971E-2 2.34531E-2 1.99375E-2 1.96814E-2 2.17427E-2 1.95204E-2 2.03157E-2 2.45666E-2 2.45456E-2 2.46457E-2 1.20212E-2 4.2157E-2 3.49093E-2 4.47984E-2 4.40571E-2 4.97125E-2 4.5955E-2 6.31027E-2 5.998E-2 5.83179E-2 4.84069E-2 4.61849E-2 3.72677E-2 3.4173E-2 2.7893E-2 1.84204E-2 8.14671E-3 7.17237E-3 7.52756E-3 5.96319E-3 5.53679E-3 4.72036E-3 3.62701E-3 2.65241E-3 2.67314E-3 2.53779E-3 2.8643E-3 2.89791E-3
1.49951E-3 1.15688E-3 1.91554E-4 7.65963E-9 3.57915E-8 7.15703E-3 7.89432E-2 1.25561E-1 1.5768E-1 1.55955E-1 1.55298E-1 1.50488E-1 1.45642E-1 1.46641E-1 1.08983E-1 5.19679E-2 4.04715E-2 5.3328E-2 7.20848E-2 4.77861E-2 2.63478E-2 2.06021E-2 2.2591E-2 2.39885E-2 3.74743E-2 1.99215E-2 2.25107E-2 3.13096E-2 2.313E-2 2.21636E-2 1.95468E-2 2.02568E-2 1.29856E-2 1.25031E-2 4.0583E-2 4.41439E-2 3.35028E-2 3.2998E-2 3.86788E-2 3.07495E-2 4.06616E-2 5.15613E-2 5.91404E-2 4.97982E-2 4.66063E-2 3.3594E-2 2.93095E-2 2.87021E-2 2.19442E-2 1.05548E-2 8.75941E-3 8.06202E-3 5.49026E-3 5.79492E-3 4.88521E-3 3.57244E-3 3.13594E-3 2.93995E-3 3.20012E-3 2.91278E-3 3.12937E-3
-9999 5.12377E-4 2.42415E-3 6.42647E-3 5.63667E-7 1.73584E-2 4.82568E-2 9.84988E-2 1.31088E-1 1.10812E-1 1.70979E-1 1.79607E-1 1.53667E-1 1.27909E-1 4.78083E-2 4.53608E-2 1.97344E-2 1.67963E-2 7.29124E-2 6.21223E-2 3.95913E-2 4.50895E-2 2.95934E-2 2.3853E-2 2.59707E-2 3.75617E-2 3.25004E-2 3.39306E-2 4.0381E-2 2.62577E-2 2.54158E-2 2.5958E-2 1.79836E-2 2.51453E-2 4.36996E-2 2.95049E-2 3.63085E-2 4.68514E-2 4.00901E-2 4.17875E-2 4.88667E-2 4.92354E-2 5.39658E-2 5.07798E-2 4.28635E-2 3.94475E-2 3.31986E-2 4.78797E-2 3.65376E-2 2.1011E-2 1.50479E-2 1.23299E-2 8.0167E-3 7.22936E-3 5.1043E-3 4.24089E-3 5.1401E-3 3.30005E-3 3.26911E-3 2.96578E-3 3.47947E-3
-9999 -9999 1.06994E-3 2.56592E-3 8.59025E-5 4.62164E-2 1.65813E-2 5.47126E-2 8.52079E-2 1.30466E-1 9.76409E-2 2.88773E-1 1.12046E-1 9.86281E-2 4.34046E-2 4.25896E-2 2.86819E-2 1.79044E-2 2.78042E-2 6.07188E-2 5.89234E-2 3.13398E-2 3.09406E-2 2.45871E-2 5.41074E-2 2.03413E-2 3.82106E-2 4.69657E-2 3.56249E-2 2.83198E-2 2.19276E-2 2.49084E-2 2.78555E-2 3.96605E-2 4.20476E-2 3.13108E-2 2.65606E-2 3.9419E-2 1.89496E-2 2.43728E-2 6.74763E-2 5.95127E-2 7.10247E-2 4.91878E-2 6.86369E-2 4.98657E-2 4.76822E-2 4.42426E-2 5.05497E-2 4.7472E-2 2.54448E-2 1.62627E-2 8.70135E-3 7.45765E-3 5.38828E-3 4.27028E-3 6.10425E-3 3.61146E-3 3.70715E-3 3.7949E-3 3.6236E-3
-9999 -9999 7.61814E-4 1.02538E-2 2.39188E-3 1.26132E-2 6.9864E-3 2.83934E-2 5.01708E-2 1.0884E-1 1.09579E-1 1.89787E-1 1.13179E-1 9.09274E-2 4.40753E-2 8.24385E-2 5.26583E-2 4.90822E-2 2.365E-2 3.5054E-2 4.5693E-2 6.03444E-2 4.03304E-2 1.50342E-2 4.13771E-2 2.6685E-2 4.09606E-2 4.18509E-2 4.64978E-2 2.71794E-2 2.39073E-2 2.43668E-2 2.81819E-2 4.00903E-2 3.78189E-2 3.83236E-2 1.04028E-2 2.55638E-2 1.88833E-2 1.98972E-2 3.61308E-2 7.23002E-2 4.64676E-2 6.87994E-2 6.7051E-2 6.14173E-2 5.39228E-2 5.14035E-2 4.22242E-2 6.1431E-2 3.25919E-2 3.16691E-2 1.52341E-2 7.88851E-3 6.12622E-3 4.97781E-3 4.40138E-3 4.33366E-3 4.49763E-3 4.34624E-3 3.48883E-3
-9999 -9999 1.47873E-3 2.51871E-2 5.93906E-3 5.36539E-3 4.10618E-3 4.09226E-2 7.66607E-2 6.13305E-2 9.35397E-2 1.04709E-1 1.50947E-1 1.00727E-1 4.62359E-2 6.6226E-2 7.35715E-2 6.20077E-2 6.88702E-2 3.35897E-2 5.23123E-2 6.32656E-2 4.02457E-2 3.66487E-2 2.83343E-2 1.54171E-2 4.19003E-2 2.92502E-2 3.84571E-2 3.43881E-2 2.747E-2 2.33277E-2 2.64524E-2 4.05633E-2 4.11662E-2 4.41153E-2 1.2826E-2 1.44899E-2 1.78041E-2 2.04306E-2 2.60287E-2 4.53575E-2 4.056E-2 2.86047E-2 7.0656E-2 7.00442E-2 6.13698E-2 6.65273E-2 5.62755E-2 6.02773E-2 3.40408E-2 2.49285E-2 1.50335E-2 9.20872E-3 9.39049E-3 6.72019E-3 5.63447E-3 5.0334E-3 6.11913E-3 5.06126E-3 4.13748E-3
-9999 -9999 -9999 8.23001E-3 3.42578E-3 2.02152E-2 1.04571E-2 2.81694E-2 2.76886E-2 1.57671E-2 2.85244E-2 1.14477E-1 1.53035E-1 1.03785E-1 5.9975E-2 6.26129E-2 5.86277E-2 5.23008E-2 6.43344E-2 6.053E-2 4.42228E-2 3.14588E-2 3.08702E-2 5.01643E-2 5.8519E-2 3.2557E-2 4.85962E-2 4.93591E-2 4.12104E-2 2.82252E-2 2.38805E-2 2.75342E-2 3.27269E-2 3.42507E-2 3.6424E-2 3.94021E-2 2.5066E-2 1.46326E-2 1.85051E-2 2.46409E-2 2.34553E-2 3.16781E-2 5.21016E-2 5.74787E-2 7.72402E-2 6.39421E-2 6.69271E-2 7.40813E-2 4.52983E-2 3.53059E-2 2.91113E-2 2.65639E-2 2.1869E-2 1.3937E-2 1.33617E-2 9.67159E-3 9.55606E-3 6.9783E-3 5.01403E-3 5.03437E-3 4.68397E-3
-9999 -9999 -9999 2.93674E-3 7.52383E-4 8.35485E-2 3.3645E-2 3.93277E-2 6.15308E-2 5.68873E-2 1.67441E-2 9.30613E-2 1.03237E-1 9.78638E-2 1.04056E-1 6.13552E-2 4.18002E-2 5.37283E-2 4.49551E-2 6.01858E-2 3.03015E-2 2.46308E-2 2.52427E-2 4.18074E-2 4.96114E-2 6.13593E-2 6.08945E-2 3.9297E-2 2.34891E-2 2.35886E-2 2.62566E-2 3.3978E-2 4.66547E-2 3.34566E-2 3.53336E-2 3.76622E-2 2.34775E-2 2.58851E-2 5.13615E-2 2.2679E-2 2.32932E-2 3.09763E-2 3.18585E-2 2.98652E-2 6.78504E-2 7.27107E-2 6.79284E-2 7.6183E-2 7.1769E-2 6.27356E-2 2.54763E-2 5.68199E-2 2.89634E-2 2.45864E-2 1.64686E-2 9.53634E-3 8.79249E-3 7.20854E-3 6.70519E-3 5.41991E-3 4.98718E-3
-9999 -9999 -9999 2.5956E-3 4.06439E-2 1.02469E-1 6.88957E-2 5.42264E-2 3.52913E-2 6.64434E-2 1.83895E-2 3.96283E-2 9.39668E-2 8.21808E-2 7.20407E-2 6.67657E-2 2.88852E-2 5.1812E-2 5.15698E-2 5.70731E-2 3.43821E-2 2.49075E-2 3.72986E-2 4.76515E-2 6.21776E-2 5.49968E-2 5.52975E-2 4.78833E-2 3.44576E-2 2.15638E-2 2.69182E-2 4.24814E-2 5.23267E-2 3.29052E-2 4.40328E-2 4.73264E-2 5.55974E-2 5.7693E-2 4.45161E-2 2.42045E-2 1.89252E-2 2.43354E-2 4.525E-2 6.13968E-2 8.06891E-2 7.94094E-2 5.95076E-2 8.95445E-2 7.16045E-2 6.14983E-2 4.7376E-2 3.61687E-2 5.87566E-2 4.09189E-2 2.68947E-2 2.70583E-2 2.99692E-2 1.86884E-2 1.40085E-2 7.57283E-3 5.76026E-3
-9999 -9999 -9999 -9999 8.69872E-3 8.30682E-2 1.08403E-2 1.32805E-2 7.14327E-2 2.19027E-2 2.03672E-3 1.35756E-2 1.13877E-1 5.72702E-2 8.18687E-2 7.64773E-2 6.01671E-2 5.82091E-2 7.6577E-2 7.19157E-2 4.42681E-2 3.88005E-2 4.25613E-2 3.95396E-2 4.56275E-2 4.4698E-2 4.5968E-2 3.64938E-2 3.39238E-2 3.58447E-2 4.24233E-2 5.35108E-2 3.58516E-2 4.02265E-2 3.74444E-2 4.85446E-2 5.64572E-2 4.99075E-2 2.7147E-2 3.21262E-2 3.54168E-2 3.84063E-2 4.38318E-2 9.27024E-2 9.32613E-2 7.82711E-2 6.05244E-2 8.82496E-2 1.07425E-1 7.65643E-2 3.71199E-2 6.91348E-2 9.27964E-2 5.62506E-2 3.61422E-2 6.01501E-2 2.72374E-2 3.71309E-2 3.46954E-2 9.30513E-3 5.86285E-3
-9999 -9999 -9999 -9999 2.9309E-2 2.29631E-2 1.05598E-2 3.36241E-2 1.49432E-2 4.78026E-4 2.29006E-4 1.00181E-2 1.10945E-1 6.53094E-2 9.44784E-2 4.83667E-2 5.66065E-2 7.44102E-2 7.30496E-2 6.32995E-2 6.47605E-2 8.39985E-2 5.16156E-2 4.7997E-2 4.25574E-2 3.83939E-2 4.56731E-2 3.2009E-2 3.37469E-2 3.35907E-2 3.6252E-2 6.32434E-2 4.14931E-2 4.98469E-2 4.63202E-2 5.4341E-2 5.15522E-2 6.93169E-2 6.20869E-2 7.31833E-2 6.28262E-2 8.19126E-2 6.94849E-2 1.03307E-1 8.36003E-2 1.07743E-1 1.12051E-1 4.42029E-2 8.25914E-2 1.19328E-1 9.38111E-2 9.26189E-2 1.06018E-1 4.13297E-2 4.1564E-2 5.86107E-2 5.01524E-2 4.62391E-2 3.422E-2 1.16076E-2 7.48969E-3
-9999 -9999 -9999 -9999 2.20503E-3 1.01965E-2 6.91845E-3 2.5474E-2 6.79475E-3 2.69091E-4 2.07262E-3 6.30317E-3 4.8841E-2 5.44204E-2 6.34203E-2 5.64022E-2 6.61136E-2 7.67438E-2 3.97299E-2 6.90145E-2 6.4461E-2 4.94614E-2 6.88534E-2 6.54063E-2 6.04645E-2 5.59918E-2 4.62626E-2 4.44703E-2 3.52281E-2 3.11102E-2 4.99256E-2 5.03798E-2 5.77996E-2 5.61494E-2 5.68291E-2 5.86879E-2 5.87946E-2 7.09037E-2 9.47738E-2 9.03004E-2 9.35585E-2 9.39339E-2 1.17392E-1 1.07111E-1 9.51846E-2 1.0273E-1 1.31713E-1 1.40244E-1 -9999 1.13288E-1 8.35593E-2 8.21374E-2 4.91717E-2 5.47868E-2 1.07567E-1 5.73764E-2 5.07584E-2 4.01189E-2 6.13362E-2 1.85921E-2 8.57855E-3
-9999 -9999 -9999 -9999 2.8015E-3 4.49216E-3 2.84108E-3 1.4377E-4 2.33692E-1 3.86831E-1 4.81713E-3 2.88208E-3 1.84716E-2 4.37785E-2 3.83313E-2 4.93063E-2 6.93455E-2 3.5678E-2 3.30973E-2 6.60478E-2 6.60001E-2 6.16227E-2 7.00017E-2 7.71143E-2 5.67928E-2 4.30697E-2 2.96443E-2 5.99174E-2 3.71872E-2 4.85182E-2 5.92428E-2 5.53665E-2 5.57113E-2 5.60026E-2 5.00134E-2 6.41905E-2 6.36046E-2 6.99886E-2 7.37334E-2 8.38571E-2 9.15641E-2 1.0212E-1 1.08278E-1 1.08576E-1 1.10815E-1 9.70539E-2 -9999 -9999 -9999 -9999 1.06134E-1 6.24512E-2 6.06233E-2 8.94406E-2 7.67193E-2 6.41442E-2 2.81419E-2 2.07019E-2 1.11585E-2 1.61233E-2 1.47069E-2
-9999 -9999 -9999 -9999 1.4806E-3 5.59072E-3 2.39006E-3 6.29083E-4 2.28928E-5 4.86967E-1 5.51078E-3 1.20217E-2 1.62809E-2 3.07465E-2 3.01292E-2 4.47459E-2 5.44282E-2 3.3546E-2 4.37246E-2 5.44845E-2 5.92845E-2 6.94432E-2 8.03741E-2 7.42083E-2 3.8731E-2 2.59735E-2 3.56936E-2 4.89044E-2 4.74075E-2 5.65353E-2 5.90623E-2 5.97432E-2 5.79442E-2 7.51566E-2 4.28085E-2 5.81453E-2 7.34357E-2 6.73453E-2 7.1976E-2 8.11292E-2 1.06141E-1 9.79245E-2 8.07865E-2 5.35393E-2 1.1574E-1 -9999 -9999 -9999 -9999 2.29213E-1 9.29425E-2 9.15301E-2 7.27025E-2 7.66116E-2 7.55876E-2 5.77828E-2 5.01195E-2 3.35385E-2 3.25263E-2 4.34964E-2 1.91697E-2
-9999 -9999 -9999 -9999 5.11753E-3 1.28656E-2 5.44882E-3 3.55646E-4 1.55852E-2 9.36891E-2 7.58785E-3 1.03184E-2 8.36362E-3 2.92374E-2 3.54947E-2 3.93732E-2 5.59847E-2 5.63768E-2 2.90862E-2 3.45403E-2 5.5091E-2 7.71306E-2 6.06041E-2 4.88794E-2 4.32652E-2 4.06392E-2 4.35533E-2 5.68042E-2 6.46029E-2 6.20574E-2 5.78492E-2 6.2561E-2 5.99618E-2 6.49061E-2 6.75472E-2 5.19033E-2 6.10706E-2 6.21949E-2 8.41557E-2 8.65141E-2 9.33654E-2 9.87433E-2 1.18595E-1 1.29724E-1 1.40968E-1 -9999 -9999 -9999 2.34829E-1 1.81097E-1 1.25794E-1 9.43678E-2 8.69517E-2 6.70405E-2 6.54273E-2 5.03711E-2 5.04348E-2 2.08634E-2 2.33207E-2 3.50299E-2 1.57126E-2
-9999 -9999 -9999 7.16534E-3 4.82081E-1 1.41867E-1 6.27268E-4 2.0949E-3 9.83728E-4 6.31987E-3 4.96352E-3 3.81983E-3 7.84463E-3 2.95208E-2 5.34605E-2 3.95657E-2 7.26959E-2 4.99463E-2 5.04568E-2 2.38866E-2 4.02749E-2 5.14421E-2 4.69338E-2 2.89331E-2 4.44595E-2 4.24034E-2 5.57136E-2 5.29629E-2 4.26479E-2 5.17933E-2 7.17044E-2 6.7751E-2 6.49481E-2 6.84326E-2 6.66985E-2 6.8047E-2 6.19254E-2 7.83636E-2 7.62403E-2 8.9463E-2 8.83899E-2 8.41768E-2 9.73521E-2 1.31143E-1 2.5681E-1 1.8632E-1 1.80314E-1 1.86271E-1 1.89783E-1 1.40123E-1 1.30927E-1 1.1008E-1 1.01246E-1 8.79193E-2 7.62032E-2 4.8824E-2 5.10147E-2 2.51564E-2 2.44146E-2 2.68298E-2 2.0179E-2
-9999 -9999 -9999 -9999 4.557E-2 3.01811E-1 4.66307E-3 -9999 9.77842E-4 6.14527E-3 4.79454E-3 1.514E-3 2.56629E-2 4.15481E-2 4.70378E-2 6.45576E-2 6.2286E-2 5.01468E-2 3.86591E-2 3.80106E-2 2.93803E-2 4.46655E-2 2.95313E-2 4.55953E-2 7.49836E-2 6.63922E-2 5.97882E-2 5.36911E-2 4.63675E-2 5.17596E-2 5.07041E-2 7.11246E-2 6.91303E-2 7.05325E-2 6.25209E-2 5.68858E-2 6.56571E-2 5.81383E-2 6.30698E-2 9.30587E-2 1.0509E-1 9.39968E-2 8.13656E-2 1.10727E-1 1.21069E-1 1.49336E-1 1.52851E-1 1.52959E-1 1.64337E-1 1.31873E-1 1.29278E-1 8.87133E-2 1.03918E-1 9.64232E-2 8.57629E-2 4.30603E-2 4.89349E-2 3.13637E-2 3.66252E-2 3.04192E-2 1.7965E-2
-9999 -9999 -9999 -9999 2.06219E-2 6.42138E-3 3.62689E-3 4.33095E-3 2.49627E-3 5.00685E-2 1.08332E-2 7.94689E-4 1.61213E-2 1.80574E-2 3.39501E-2 9.26837E-2 5.5896E-2 6.58862E-2 3.83795E-2 3.36043E-2 2.66382E-2 3.45728E-2 4.58201E-2 6.0496E-2 5.21163E-2 7.71536E-2 5.27305E-2 5.57722E-2 5.90897E-2 6.3338E-2 6.07316E-2 7.94053E-2 7.96266E-2 8.05658E-2 7.68085E-2 8.06362E-2 7.15067E-2 4.53799E-2 6.74608E-2 7.73396E-2 8.08161E-2 9.54872E-2 6.95001E-2 9.71584E-2 9.29286E-2 1.3222E-1 1.33509E-1 1.18105E-1 1.31702E-1 1.28138E-1 1.18453E-1 9.94483E-2 1.0277E-1 1.0168E-1 1.02963E-1 7.14994E-2 5.34164E-2 5.33413E-2 2.78211E-2 3.40936E-2 3.27712E-2
-9999 -9999 -9999 -9999 2.28834E-1 5.69935E-3 6.78637E-3 3.36446E-3 4.95641E-3 3.75347E-2 3.20995E-3 8.06543E-4 5.83538E-3 3.28423E-2 3.12818E-2 4.30791E-2 5.25431E-2 6.68012E-2 6.17947E-2 3.82964E-2 2.84875E-2 3.20953E-2 2.7066E-2 3.45098E-2 7.42073E-2 5.99274E-2 4.15514E-2 6.21347E-2 6.73276E-2 6.65642E-2 7.61471E-2 8.25845E-2 1.02087E-1 8.35756E-2 1.00536E-1 9.28626E-2 9.0105E-2 8.07029E-2 9.53945E-2 1.01027E-1 9.91947E-2 9.87351E-2 9.23868E-2 9.09467E-2 1.04123E-1 1.13846E-1 9.78497E-2 1.10573E-1 1.16723E-1 1.26941E-1 1.0586E-1 9.51087E-2 9.53036E-2 9.37617E-2 9.23905E-2 5.98208E-2 5.97718E-2 5.63403E-2 4.10318E-2 3.45672E-2 2.44727E-2
-9999 -9999 -9999 -9999 -9999 7.3837E-3 6.88394E-3 7.40259E-3 3.66644E-3 7.8847E-3 1.49773E-3 4.27377E-3 7.89746E-3 1.05702E-2 1.66919E-2 4.23493E-2 6.89943E-2 5.72058E-2 6.44859E-2 5.07328E-2 4.64298E-2 4.97145E-2 3.36523E-2 5.04333E-2 4.15737E-2 8.1065E-2 6.27112E-2 6.07629E-2 6.25727E-2 9.11606E-2 9.47551E-2 1.05057E-1 9.5273E-2 9.47706E-2 9.44675E-2 1.07539E-1 8.85887E-2 8.08768E-2 9.84963E-2 9.28256E-2 1.04189E-1 1.03234E-1 1.01479E-1 1.12037E-1 1.09071E-1 1.01336E-1 9.04096E-2 1.06079E-1 1.1301E-1 1.35014E-1 1.1579E-1 1.04521E-1 9.75409E-2 8.59924E-2 9.03259E-2 5.74476E-2 6.82698E-2 6.6957E-2 5.96639E-2 2.08471E-2 2.83742E-2
-9999 -9999 -9999 -9999 -9999 1.15335E-2 3.14629E-3 7.94953E-3 1.04405E-2 2.23659E-2 2.07129E-3 2.21606E-4 8.26584E-4 3.6552E-3 2.0461E-2 3.51785E-2 5.67974E-2 5.63431E-2 6.43109E-2 5.90881E-2 6.58946E-2 3.64377E-2 5.72896E-2 5.13165E-2 5.6802E-2 9.31102E-2 7.57835E-2 6.98871E-2 8.20053E-2 7.17503E-2 8.78194E-2 1.00642E-1 1.13321E-1 9.73334E-2 8.88996E-2 1.06851E-1 1.14515E-1 1.13568E-1 1.11297E-1 1.1023E-1 9.69648E-2 1.05039E-1 1.06162E-1 1.1099E-1 8.6773E-2 1.03641E-1 1.15847E-1 1.04006E-1 9.44022E-2 1.11689E-1 1.12071E-1 1.0004E-1 8.41699E-2 6.697E-2 9.6623E-2 6.59606E-2 5.72854E-2 6.84154E-2 4.85878E-2 4.26515E-2 3.42729E-2
-9999 -9999 -9999 -9999 -9999 2.24091E-2 6.95486E-3 2.94251E-3 9.14224E-3 6.4256E-4 1.8029E-3 1.96155E-4 4.34026E-4 8.22052E-4 2.39621E-2 3.01387E-2 4.13834E-2 3.97514E-2 5.08186E-2 7.46689E-2 5.02009E-2 5.43183E-2 5.80144E-2 5.31146E-2 5.30933E-2 8.28371E-2 4.9026E-2 8.98759E-2 8.23278E-2 8.11248E-2 9.38677E-2 1.05575E-1 1.20179E-1 1.17982E-1 1.23796E-1 1.31679E-1 1.2617E-1 1.43707E-1 1.36634E-1 1.35725E-1 1.22395E-1 1.10653E-1 1.11094E-1 9.06639E-2 1.04933E-1 1.01569E-1 1.07797E-1 1.05115E-1 1.01479E-1 1.17903E-1 1.19345E-1 9.86836E-2 8.39168E-2 5.66636E-2 9.33858E-2 7.86429E-2 8.36068E-2 7.01628E-2 5.72092E-2 5.42623E-2 4.46189E-2
-9999 -9999 -9999 -9999 -9999 6.48098E-3 2.56665E-3 3.99215E-3 1.11521E-2 1.25827E-3 9.31235E-4 3.08558E-4 2.34581E-3 4.74435E-3 1.74472E-2 2.27146E-2 2.96478E-2 3.04956E-2 3.89993E-2 5.53877E-2 8.01328E-2 9.9496E-2 1.00996E-1 5.60414E-2 4.03531E-2 1.29803E-1 7.83177E-2 8.75046E-2 9.38065E-2 9.68358E-2 1.1067E-1 1.18223E-1 1.13617E-1 1.24126E-1 1.33666E-1 1.29444E-1 1.60771E-1 1.38907E-1 1.35122E-1 1.5558E-1 2.04214E-1 1.53649E-1 1.1103E-1 7.06342E-2 1.34689E-1 1.22899E-1 1.29652E-1 1.20708E-1 1.04937E-1 1.36735E-1 1.00834E-1 1.12505E-1 1.21095E-1 9.54872E-2 6.65747E-2 -9999 6.56759E-2 4.82377E-2 5.53948E-2 6.57535E-2 5.04451E-2
