Final_Models_Sept202022/M_0.1_F_lqp_Set_1/Bison_5.asc
ncols         97
nrows         127
xllcorner     -2197417.7431653
yllcorner     -584827.01486885
cellsize      30000.0
NODATA_value  -9999
[rows 81 to 107 of 127, columns 0 to 60 of 97]
-9999 -9999 -9999 -9999 -9999 -9999 -9999 -9999 -9999 -9999 -9999 1.35924E-2 2.54973E-3 1.08429E-3 8.55843E-3 5.2011E-3 3.69293E-3 5.1323E-4 1.16622E-3 6.53253E-3 2.55383E-3 1.2246E-2 9.13355E-3 5.29864E-2 1.64301E-1 2.86068E-1 1.18805E-1 1.01831E-1 9.32135E-2 2.06458E-2 1.15012E-2 2.79859E-3 4.57521E-3 1.91958E-2 4.93689E-2 8.85331E-2 1.00928E-1 4.85725E-1 7.24438E-1 8.13414E-1 8.78207E-1 7.07649E-1 7.01823E-1 7.87283E-1 7.40219E-1 5.06465E-1 4.02096E-1 3.52081E-1 4.14754E-1 4.92134E-1 5.61471E-1 6.78771E-1 6.79204E-1 6.755E-1 6.51314E-1 4.87849E-1 5.90998E-1 6.11221E-1 5.68391E-1 5.13928E-1 5.06642E-1
-9999 -9999 -9999 -9999 -9999 -9999 -9999 -9999 -9999 -9999 -9999 -9999 1.08708E-2 1.37043E-3 3.01206E-3 4.51992E-3 3.88838E-3 2.11705E-2 4.71311E-3 1.89578E-3 2.17855E-3 1.4718E-3 2.17066E-3 1.97292E-2 2.24777E-1 2.70457E-1 6.75686E-2 9.27674E-2 1.45826E-1 3.04551E-2 8.26086E-3 6.62101E-3 3.23681E-3 1.06214E-2 5.23654E-2 1.53998E-1 1.17696E-1 1.37767E-1 4.54836E-1 7.14486E-1 6.82266E-1 6.83912E-1 7.13683E-1 7.39644E-1 7.01477E-1 4.69206E-1 3.26011E-1 4.22596E-1 4.97434E-1 6.62787E-1 6.66862E-1 6.86163E-1 6.78234E-1 6.83097E-1 6.34608E-1 5.94239E-1 5.96963E-1 5.35268E-1 5.2692E-1 4.65751E-1 5.51374E-1
-9999 -9999 -9999 -9999 -9999 -9999 -9999 -9999 -9999 -9999 -9999 -9999 -9999 6.62043E-3 3.28136E-4 1.75724E-3 1.34241E-4 8.44353E-3 1.39875E-1 2.30642E-2 3.30101E-3 5.21713E-3 7.28146E-4 9.84768E-3 6.72217E-2 5.45805E-2 4.16682E-2 9.12084E-2 3.69584E-2 2.95357E-2 1.00524E-2 7.16581E-3 7.71819E-4 7.52758E-3 1.64849E-2 2.97264E-1 1.1153E-1 1.16118E-1 2.12489E-1 7.12658E-1 7.87036E-1 7.36147E-1 7.294E-1 6.9248E-1 6.34668E-1 4.05784E-1 4.06871E-1 4.1071E-1 4.90173E-1 6.22454E-1 6.53597E-1 6.54844E-1 6.89398E-1 6.82055E-1 6.55502E-1 6.08555E-1 6.72064E-1 6.16332E-1 5.00634E-1 5.12078E-1 5.27391E-1
-9999 -9999 -9999 -9999 -9999 -9999 -9999 -9999 -9999 -9999 -9999 -9999 -9999 6.4792E-3 1.4047E-3 1.99067E-3 2.92907E-3 -9999 1.0758E-3 2.71152E-2 2.0627E-1 4.36029E-2 1.68215E-3 7.08039E-3 1.15964E-1 6.64613E-2 9.21579E-2 9.35329E-2 4.54306E-2 2.16024E-2 1.93141E-2 4.30375E-3 3.31117E-3 7.8222E-3 1.78444E-2 1.09081E-1 7.98776E-2 9.38967E-2 1.63545E-1 5.33139E-1 6.88074E-1 6.66184E-1 6.70716E-1 5.64295E-1 6.00568E-1 6.82762E-1 6.06286E-1 6.38388E-1 4.50151E-1 5.49488E-1 6.37106E-1 6.12967E-1 6.35165E-1 5.97682E-1 6.22384E-1 3.9996E-1 6.24713E-1 6.80487E-1 5.43714E-1 5.47649E-1 6.02256E-1
-9999 -9999 -9999 -9999 -9999 -9999 -9999 -9999 -9999 -9999 -9999 -9999 -9999 8.28597E-3 3.3201E-3 1.40683E-3 2.57614E-3 -9999 1.99375E-2 1.89378E-1 9.41159E-2 2.87117E-3 2.59714E-4 8.2804E-3 4.07836E-2 5.89041E-2 1.33084E-1 5.21698E-2 3.86083E-2 1.81594E-2 7.78473E-3 2.74654E-3 8.19049E-3 1.52246E-2 1.56612E-2 9.41092E-2 8.56073E-2 1.22929E-1 2.90982E-1 3.14852E-1 5.0608E-1 6.17858E-1 6.83769E-1 6.12254E-1 5.5108E-1 6.86695E-1 5.08076E-1 4.00345E-1 4.33932E-1 6.72251E-1 6.16251E-1 4.87297E-1 6.13747E-1 6.92204E-1 6.4827E-1 5.56042E-1 7.08069E-1 5.33465E-1 5.37002E-1 5.35043E-1 5.15427E-1
-9999 -9999 -9999 -9999 -9999 -9999 -9999 -9999 -9999 -9999 -9999 -9999 -9999 4.09957E-3 5.6728E-3 1.22151E-3 4.05023E-4 -9999 1.6943E-3 5.91697E-2 1.40191E-2 3.89131E-4 6.59379E-4 2.17163E-3 3.25706E-2 9.68833E-2 2.18912E-1 5.87397E-2 3.27904E-2 1.34592E-2 2.55723E-2 1.48965E-2 1.26684E-2 1.07461E-2 2.08518E-2 1.6736E-1 3.47381E-2 1.23071E-1 1.60419E-1 3.54098E-1 4.42502E-1 5.5909E-1 5.89593E-1 6.21773E-1 6.15596E-1 5.9131E-1 4.39574E-1 5.02851E-1 5.36428E-1 6.77321E-1 6.03767E-1 3.40955E-1 5.15235E-1 6.87072E-1 6.57247E-1 6.65153E-1 6.65043E-1 3.93933E-1 4.81966E-1 5.10135E-1 5.92224E-1
-9999 -9999 -9999 -9999 -9999 -9999 -9999 -9999 -9999 -9999 -9999 -9999 -9999 5.18805E-3 2.47706E-3 7.51857E-4 1.24887E-2 -9999 2.56498E-3 7.79718E-2 1.29351E-2 9.62144E-4 7.82446E-4 7.17429E-3 4.29832E-2 1.51864E-1 4.65373E-1 2.07196E-1 1.18727E-1 2.27553E-2 4.86577E-2 9.89623E-3 2.2817E-3 2.21504E-2 6.11711E-2 1.22024E-1 1.1721E-1 8.55323E-2 6.10695E-1 5.44559E-1 3.8421E-1 5.87792E-1 6.85596E-1 6.00161E-1 6.09413E-1 6.15489E-1 6.66397E-1 7.08729E-1 6.31798E-1 4.87356E-1 4.37306E-1 3.08633E-1 5.18601E-1 6.4253E-1 7.2637E-1 6.99392E-1 6.11141E-1 4.88791E-1 4.24817E-1 4.73892E-1 5.18049E-1
-9999 -9999 -9999 -9999 -9999 -9999 -9999 -9999 -9999 -9999 -9999 -9999 -9999 2.97751E-3 2.84697E-3 3.99069E-4 8.45902E-4 2.03688E-3 5.99286E-4 6.06114E-2 5.85189E-3 2.07116E-4 1.01758E-3 2.25411E-2 2.01826E-1 3.69858E-1 3.26445E-1 1.29071E-1 5.49103E-2 6.18669E-2 4.5406E-2 1.31801E-2 7.74686E-3 1.1813E-1 3.19241E-2 3.11612E-2 1.0261E-1 2.38525E-2 7.69866E-2 4.8483E-1 4.53383E-1 6.26986E-1 6.1919E-1 5.52913E-1 6.31784E-1 5.82335E-1 5.92175E-1 4.57335E-1 6.56187E-1 6.46892E-1 5.20716E-1 4.82851E-1 7.22889E-1 7.10763E-1 7.14055E-1 6.6862E-1 6.4377E-1 5.98653E-1 6.40151E-1 4.47295E-1 5.27254E-1
-9999 -9999 -9999 -9999 -9999 -9999 -9999 -9999 -9999 -9999 -9999 -9999 -9999 3.15717E-3 4.14558E-3 4.92808E-4 2.55064E-3 2.68132E-4 4.65955E-5 1.59721E-2 9.05732E-3 6.11092E-4 1.34657E-3 3.72787E-2 4.10281E-1 3.12231E-1 1.28237E-1 6.79708E-2 4.24342E-2 1.77806E-1 2.80304E-2 2.31752E-2 2.16656E-2 1.64035E-1 1.97527E-2 2.89665E-2 1.32816E-1 1.50617E-2 2.34145E-2 3.2142E-2 4.14727E-1 6.13709E-1 5.85482E-1 6.83898E-1 5.9121E-1 5.881E-1 6.66315E-1 4.38169E-1 2.8334E-1 4.0303E-1 4.88781E-1 3.85244E-1 6.74706E-1 7.10229E-1 7.28168E-1 6.81377E-1 6.3473E-1 6.42506E-1 5.92308E-1 6.49315E-1 5.40091E-1
-9999 -9999 -9999 -9999 -9999 -9999 -9999 -9999 -9999 -9999 -9999 -9999 -9999 2.73985E-3 4.4198E-3 4.07782E-3 2.49403E-4 1.17931E-4 2.15428E-5 1.17034E-1 1.51169E-3 1.33174E-3 1.93932E-2 2.83754E-1 5.70769E-1 2.54841E-1 2.72016E-1 5.4299E-2 8.08249E-2 1.33154E-1 5.95275E-2 3.13621E-2 6.9729E-2 3.60202E-2 1.88122E-2 2.41918E-2 5.02566E-2 2.15656E-2 7.37042E-2 8.68348E-3 2.70386E-1 2.8405E-1 6.95961E-1 5.4321E-1 6.62939E-1 6.87095E-1 4.31004E-1 4.2221E-1 3.82393E-1 6.24163E-1 5.66161E-1 4.70929E-1 6.64366E-1 5.90441E-1 5.75898E-1 6.0532E-1 6.18481E-1 6.39952E-1 6.72073E-1 6.561E-1 6.01491E-1
-9999 -9999 -9999 -9999 -9999 -9999 -9999 -9999 -9999 -9999 -9999 -9999 -9999 2.11531E-3 3.8965E-3 2.7447E-3 2.10805E-4 1.93644E-5 4.55873E-3 7.31391E-2 3.43927E-3 1.44137E-3 9.31977E-2 4.76337E-1 3.12414E-1 2.32375E-1 4.3703E-1 3.33103E-1 9.94123E-2 5.8415E-2 5.66496E-2 3.86671E-2 5.81688E-2 2.92321E-2 5.59217E-3 6.63548E-2 8.31172E-2 1.02623E-1 2.03537E-1 2.18179E-2 5.36408E-2 2.68886E-1 6.37141E-1 6.94583E-1 4.03917E-1 3.79386E-1 5.2835E-1 5.20492E-1 6.01048E-1 4.57156E-1 3.49757E-1 3.83801E-1 5.54246E-1 5.83445E-1 5.38679E-1 3.14783E-1 3.54735E-1 4.36547E-1 5.8467E-1 5.78595E-1 4.78647E-1
-9999 -9999 -9999 -9999 -9999 -9999 -9999 -9999 -9999 -9999 -9999 -9999 -9999 4.55015E-3 2.7279E-3 5.06659E-3 3.54528E-3 4.73495E-3 4.20485E-2 4.80178E-3 1.25673E-2 4.91435E-2 9.92653E-2 1.79826E-1 1.53996E-1 1.85953E-1 3.24305E-1 3.65717E-1 4.48536E-1 1.82182E-1 6.5159E-2 5.91638E-2 2.89385E-2 1.02252E-2 6.68748E-3 4.13347E-2 1.87383E-1 3.15088E-1 4.76912E-1 2.49142E-2 6.33982E-2 4.20111E-1 5.00129E-1 6.60402E-1 4.9765E-1 5.65357E-1 5.9886E-1 5.65021E-1 5.48401E-1 5.23289E-1 3.96155E-1 4.2485E-1 5.68441E-1 5.37003E-1 5.21047E-1 3.94528E-1 3.15794E-1 5.5033E-1 4.91251E-1 5.79908E-1 5.49176E-1
-9999 -9999 -9999 -9999 -9999 -9999 -9999 -9999 -9999 -9999 -9999 -9999 2.27954E-3 5.1258E-3 8.70609E-3 9.37367E-3 1.94786E-2 2.1652E-2 9.51727E-3 7.03719E-4 1.1334E-2 2.67178E-1 2.43789E-1 2.36385E-1 3.49966E-2 1.47319E-1 2.67889E-1 2.97032E-1 4.03302E-1 8.79581E-2 1.24532E-1 5.24405E-2 2.01056E-2 1.08645E-2 1.83172E-2 1.8748E-2 1.30823E-1 3.67079E-1 8.39324E-2 3.04288E-2 1.75737E-2 3.42269E-1 5.5621E-1 6.33355E-1 5.85891E-1 6.01289E-1 5.42871E-1 5.16126E-1 4.64288E-1 6.47624E-1 4.60007E-1 4.52924E-1 4.76006E-1 4.57713E-1 4.6246E-1 4.54679E-1 3.4693E-1 6.61204E-1 4.84902E-1 4.66077E-1 6.02688E-1
-9999 -9999 -9999 -9999 -9999 -9999 -9999 -9999 -9999 -9999 -9999 -9999 6.27963E-3 7.81554E-3 5.05973E-3 5.38474E-3 1.6973E-2 1.48957E-2 3.34761E-3 3.10342E-3 6.01204E-2 1.41603E-1 5.07276E-2 1.81948E-1 1.5148E-1 1.21996E-1 6.195E-2 1.96787E-1 3.29413E-1 2.77136E-1 2.327E-1 1.03847E-1 2.94941E-2 3.29106E-2 7.08402E-3 2.50575E-2 2.94482E-1 5.34994E-1 1.37207E-1 1.39419E-2 2.02507E-2 3.30733E-1 3.90556E-1 5.16716E-1 5.10352E-1 5.50039E-1 4.11134E-1 4.98283E-1 5.10212E-1 5.37011E-1 3.71959E-1 4.07596E-1 3.63415E-1 4.684E-1 4.20268E-1 3.9587E-1 4.29826E-1 4.77022E-1 4.82457E-1 4.01395E-1 4.62175E-1
-9999 -9999 -9999 -9999 -9999 -9999 -9999 -9999 -9999 -9999 -9999 -9999 1.04825E-2 6.36622E-3 3.03816E-3 6.68315E-3 1.31661E-2 8.79828E-3 2.91913E-3 2.3754E-2 9.3526E-2 5.7485E-2 6.94056E-2 1.95968E-2 3.71976E-2 7.74959E-2 2.94462E-1 2.03935E-1 2.89985E-1 2.30488E-1 3.18701E-1 4.62607E-2 2.15009E-2 9.16898E-3 7.51127E-3 1.62329E-2 1.73314E-1 5.27715E-1 1.89709E-1 3.15368E-2 2.9187E-2 4.37357E-1 3.9433E-1 5.49407E-1 4.67203E-1 4.76136E-1 4.45039E-1 4.28203E-1 5.14185E-1 7.23251E-1 7.11016E-1 6.92253E-1 4.51251E-1 3.40562E-1 4.19294E-1 5.53298E-1 6.03329E-1 6.92803E-1 4.72626E-1 4.77697E-1 5.96444E-1
-9999 -9999 -9999 -9999 -9999 -9999 -9999 -9999 -9999 -9999 -9999 -9999 3.62724E-2 5.38785E-3 1.25639E-2 4.55836E-3 6.84385E-2 2.22346E-3 1.09601E-2 1.63653E-2 3.72011E-2 4.75672E-2 4.85564E-2 8.74615E-2 2.95584E-2 5.37603E-2 1.32287E-1 2.09216E-1 3.15782E-1 3.51204E-1 3.15087E-1 1.04505E-1 2.91976E-2 1.1919E-2 6.29098E-3 7.06334E-3 7.53365E-2 3.19643E-1 4.80038E-2 1.05631E-1 4.0588E-2 3.1472E-1 3.93644E-1 4.54899E-1 5.20976E-1 5.31968E-1 5.24764E-1 3.41084E-1 4.32635E-1 6.33784E-1 6.76798E-1 6.87582E-1 6.57082E-1 4.3106E-1 6.99287E-1 6.03355E-1 7.67845E-1 5.39727E-1 3.50613E-1 4.66322E-1 4.25528E-1
-9999 -9999 -9999 -9999 -9999 -9999 -9999 -9999 -9999 -9999 -9999 9.83278E-3 7.52198E-3 2.24099E-2 1.53896E-3 4.70608E-5 3.39032E-2 7.5045E-3 2.18731E-2 2.53835E-1 1.16308E-1 5.87363E-2 1.0932E-1 7.41938E-2 4.50913E-3 5.84411E-2 1.80129E-1 3.56025E-1 3.41907E-1 4.47277E-1 4.33081E-1 4.25849E-1 3.03797E-2 4.1479E-2 8.24865E-3 1.41658E-2 4.98811E-2 5.50175E-1 3.33274E-1 2.2562E-1 4.46215E-1 2.07775E-1 6.27331E-1 6.14895E-1 4.82046E-1 6.15921E-1 4.40392E-1 2.57637E-1 4.18948E-1 5.15684E-1 4.43964E-1 3.74061E-1 6.09705E-1 7.23027E-1 4.89567E-1 4.33853E-1 3.61068E-1 3.88291E-1 4.47486E-1 5.15877E-1 3.86588E-1
-9999 -9999 -9999 -9999 -9999 -9999 -9999 -9999 -9999 -9999 -9999 6.42387E-3 1.1063E-2 2.71387E-2 1.17816E-2 7.69329E-3 3.075E-2 7.83285E-3 8.33939E-2 1.7606E-1 1.78454E-1 3.64316E-2 2.52669E-2 2.68318E-2 9.79746E-2 1.8072E-1 1.55689E-1 2.78285E-2 2.1168E-2 5.9087E-1 5.3574E-1 6.18409E-1 2.55141E-1 2.2967E-2 2.12993E-2 1.32622E-2 2.48602E-2 6.56277E-1 8.09198E-2 5.69441E-1 4.82051E-1 3.39491E-1 7.55743E-1 5.68206E-1 5.74435E-1 2.25519E-1 1.63953E-1 4.15525E-1 4.36752E-1 6.52306E-1 4.94978E-1 3.48378E-1 5.41051E-1 5.99163E-1 3.34836E-1 3.73392E-1 3.20592E-1 3.33108E-1 4.34067E-1 4.63516E-1 4.81162E-1
-9999 -9999 -9999 -9999 -9999 -9999 -9999 -9999 -9999 -9999 9.66077E-4 1.83451E-3 1.13222E-2 1.00357E-2 8.63018E-2 1.26669E-2 4.81333E-3 1.36686E-2 6.80157E-2 5.64346E-2 7.05513E-2 8.31337E-2 1.08419E-1 6.12308E-2 1.35261E-1 2.81858E-1 1.2629E-1 2.84081E-2 8.79555E-2 1.95651E-1 2.27747E-1 7.05166E-1 4.14114E-1 1.66694E-2 3.25922E-2 2.10294E-2 7.48481E-2 6.6033E-1 1.71777E-1 4.09059E-1 7.38634E-1 4.47563E-1 6.24897E-1 7.26603E-1 5.04012E-1 6.28489E-1 3.36031E-1 5.11253E-1 5.34836E-1 3.85666E-1 5.21998E-1 2.89243E-1 2.99213E-1 3.24618E-1 3.41433E-1 3.30247E-1 3.48722E-1 4.26975E-1 3.50472E-1 3.27241E-1 3.97352E-1
-9999 -9999 -9999 -9999 -9999 -9999 -9999 -9999 -9999 -9999 1.11542E-3 9.79518E-4 2.16117E-2 2.97116E-2 3.21028E-2 6.54126E-3 4.77588E-3 2.39493E-2 2.70117E-2 3.62353E-2 3.53078E-2 8.69059E-2 9.63271E-2 1.31581E-1 1.44972E-1 1.44546E-1 2.06596E-1 2.10077E-1 3.36495E-1 3.87728E-1 1.26931E-1 2.08633E-1 5.44927E-2 4.08637E-2 3.08818E-2 1.3998E-2 1.28423E-1 4.07993E-1 2.1708E-1 5.593E-1 7.86173E-1 1.82086E-1 3.90737E-1 6.61045E-1 5.96292E-1 4.18718E-1 4.29785E-1 2.83601E-1 2.81938E-1 3.71573E-1 2.69048E-1 3.76633E-1 3.24307E-1 3.30917E-1 4.06737E-1 5.01159E-1 3.94015E-1 4.00571E-1 4.13042E-1 4.22145E-1 4.29356E-1
-9999 -9999 -9999 -9999 -9999 -9999 -9999 -9999 -9999 -9999 8.31979E-4 6.70733E-4 2.90275E-2 2.39118E-2 8.12375E-3 7.16924E-3 7.28482E-3 1.80563E-2 4.13361E-2 4.15612E-2 2.51489E-2 3.90717E-2 4.10449E-2 5.24349E-2 1.18251E-1 8.25253E-2 3.15649E-1 6.95534E-2 2.52682E-1 2.81347E-1 4.83515E-2 4.05242E-2 2.06477E-2 5.66912E-2 5.21451E-2 5.0564E-2 1.63873E-1 2.27227E-1 3.70996E-1 3.5268E-1 6.82836E-1 5.29723E-1 6.54372E-1 6.17987E-1 6.39321E-1 6.16659E-1 2.68876E-1 2.71826E-1 3.03615E-1 3.52098E-1 4.89793E-1 5.6413E-1 5.3876E-1 3.77817E-1 4.23266E-1 3.2337E-1 2.9658E-1 3.42368E-1 5.52206E-1 4.07945E-1 3.30488E-1
-9999 -9999 -9999 -9999 -9999 -9999 -9999 -9999 -9999 5.45509E-4 6.51584E-4 8.13677E-4 7.46227E-3 6.29061E-3 2.08982E-3 3.19734E-3 1.25154E-2 3.49765E-2 6.14814E-2 2.4413E-2 3.56164E-2 4.83773E-2 5.67989E-2 6.54496E-2 4.9301E-2 3.88829E-2 4.77237E-1 1.06975E-1 5.53108E-2 4.05549E-2 4.30505E-2 9.96441E-2 1.29522E-1 1.17226E-1 1.20013E-1 1.18179E-1 1.54116E-1 2.10989E-1 5.92434E-1 2.80071E-1 7.31935E-1 6.3312E-1 7.41395E-1 4.73789E-1 6.50594E-1 5.16472E-1 5.15228E-1 4.54164E-1 4.01988E-1 2.97461E-1 3.3241E-1 4.17881E-1 3.90892E-1 5.4385E-1 6.28021E-1 5.8524E-1 4.92141E-1 4.58454E-1 3.78069E-1 4.33152E-1 4.22676E-1
-9999 -9999 -9999 -9999 -9999 -9999 -9999 -9999 -9999 8.0324E-4 5.64519E-4 9.4832E-4 4.04944E-3 1.91238E-3 1.63261E-3 2.97619E-3 1.43499E-2 1.26144E-2 4.23511E-2 4.34623E-2 8.2516E-2 4.91768E-2 5.06623E-2 6.43918E-2 6.02055E-2 8.76527E-2 3.11035E-1 3.06545E-1 2.56685E-1 1.53587E-1 1.70514E-1 2.19286E-1 6.1279E-2 8.54139E-2 2.49249E-1 2.93183E-1 3.13878E-1 5.71187E-1 5.34435E-1 6.34038E-1 7.50022E-1 7.93951E-1 4.90211E-1 5.17362E-1 7.259E-1 7.20652E-1 6.04671E-1 4.47805E-1 5.94588E-1 5.88199E-1 5.69759E-1 5.53304E-1 4.39054E-1 5.72281E-1 5.60728E-1 6.6056E-1 5.57324E-1 4.61554E-1 4.90174E-1 3.30154E-1 2.82694E-1
-9999 -9999 -9999 -9999 -9999 -9999 -9999 -9999 3.02546E-4 6.61293E-4 1.39381E-3 1.23652E-2 1.54431E-3 1.88329E-3 3.17136E-3 1.68949E-2 1.36103E-2 3.4707E-2 4.47831E-2 5.60736E-2 8.48573E-2 1.03999E-1 7.0663E-2 9.65985E-2 7.12784E-2 2.72189E-1 2.22982E-1 3.43345E-1 2.18099E-1 3.661E-1 2.72994E-1 1.92186E-1 6.39883E-2 1.15101E-1 1.97975E-1 2.00104E-1 3.39593E-1 6.75384E-1 6.10389E-1 8.34567E-1 7.92195E-1 7.2614E-1 5.38342E-1 4.02577E-1 1.99607E-1 4.25575E-1 7.11795E-2 3.02024E-1 4.01647E-1 6.26621E-1 5.00517E-1 4.79307E-1 3.49234E-1 4.24862E-1 3.63153E-1 6.86777E-1 6.61751E-1 6.69768E-1 4.73727E-1 3.20729E-1 3.33811E-1
-9999 -9999 -9999 -9999 -9999 -9999 -9999 1.32286E-3 1.39202E-3 6.52924E-4 3.90107E-3 1.3111E-2 1.16227E-3 1.85928E-3 5.03546E-3 3.14674E-2 3.48785E-2 5.27927E-2 6.11798E-2 7.87582E-2 9.04723E-2 8.34922E-2 8.68954E-2 1.12575E-1 8.88838E-2 1.6491E-1 1.51526E-1 4.2672E-1 4.45976E-1 4.82451E-1 2.31648E-1 1.62703E-1 9.15312E-2 9.83013E-2 1.31085E-1 3.51103E-1 7.82186E-1 7.25621E-1 7.89286E-1 8.22464E-1 7.4412E-1 6.6283E-1 4.16872E-1 2.68921E-1 2.00369E-1 4.91421E-1 3.6302E-1 6.77179E-2 3.21308E-1 7.18083E-1 6.1282E-1 5.91872E-1 6.87927E-1 4.49353E-1 6.47402E-1 6.59244E-1 7.20015E-1 6.93387E-1 6.3273E-1 3.97803E-1 3.36178E-1
-9999 -9999 -9999 -9999 -9999 -9999 -9999 5.64804E-4 3.7507E-4 1.95146E-4 1.1738E-3 1.5278E-3 9.97124E-4 3.72782E-3 2.00522E-2 3.09127E-2 4.2502E-2 1.44762E-1 7.09895E-2 6.45152E-2 8.59768E-2 1.42498E-1 2.02243E-1 1.7006E-1 1.69336E-1 1.18402E-1 1.95071E-1 4.25157E-1 1.27331E-1 4.88771E-1 2.03376E-1 8.66123E-2 1.15624E-1 2.90335E-1 3.05188E-1 6.80618E-1 7.12287E-1 7.71634E-1 8.30271E-1 8.63738E-1 8.31583E-1 6.50796E-1 5.56306E-1 3.97455E-1 3.16591E-1 2.25331E-1 3.79333E-1 3.27227E-1 5.74199E-1 3.57185E-1 3.95238E-1 4.88357E-1 5.39573E-1 6.05664E-1 4.67513E-1 7.12114E-1 5.75973E-1 6.90229E-1 6.37442E-1 3.90473E-1 3.60835E-1
-9999 -9999 -9999 -9999 -9999 -9999 -9999 1.33025E-3 7.11623E-4 3.16717E-4 1.17497E-3 2.40668E-3 3.19407E-3 3.96245E-3 4.14083E-2 3.61495E-2 5.8524E-2 1.47258E-1 7.4963E-2 6.3421E-2 8.52846E-2 9.90981E-2 3.18533E-1 1.86313E-1 1.19415E-1 8.69651E-2 9.17353E-2 3.40595E-1 7.33384E-2 2.42243E-1 3.4064E-1 1.17715E-1 3.73818E-1 3.6212E-1 4.03648E-1 6.52407E-1 7.92411E-1 7.73652E-1 8.30572E-1 7.66981E-1 6.60506E-1 5.33163E-1 3.99864E-1 1.31202E-1 1.21738E-1 1.76567E-1 2.76494E-1 1.31675E-1 4.96755E-1 6.71206E-1 5.77878E-1 5.67956E-1 6.76204E-1 4.32536E-1 6.1577E-1 5.85376E-1 4.24972E-1 6.48107E-1 5.29222E-1 3.57197E-1 4.76938E-1
