Final_Models_Sept202022/M_0.1_F_lqp_Set_1/Bison_9.asc
ncols         97
nrows         127
xllcorner     -2197417.7431653
yllcorner     -584827.01486885
cellsize      30000.0
NODATA_value  -9999
[rows 0 to 26 of 127, columns 0 to 60 of 97]
-9999 -9999 -9999 -9999 -9999 -9999 -9999 -9999 -9999 -9999 -9999 -9999 -9999 -9999 -9999 -9999 -9999 -9999 -9999 -9999 -9999 -9999 -9999 -9999 -9999 -9999 -9999 -9999 -9999 -9999 -9999 -9999 -9999 -9999 -9999 -9999 -9999 -9999 -9999 -9999 -9999 -9999 -9999 -9999 -9999 -9999 -9999 -9999 -9999 -9999 -9999 -9999 -9999 -9999 -9999 -9999 -9999 -9999 -9999 -9999 -9999
-9999 -9999 -9999 -9999 -9999 -9999 -9999 -9999 -9999 -9999 -9999 -9999 -9999 -9999 -9999 -9999 -9999 -9999 -9999 -9999 -9999 -9999 -9999 -9999 -9999 -9999 -9999 -9999 -9999 -9999 -9999 -9999 -9999 -9999 -9999 -9999 -9999 -9999 -9999 -9999 -9999 -9999 -9999 -9999 -9999 -9999 -9999 -9999 -9999 -9999 -9999 -9999 -9999 -9999 -9999 -9999 -9999 -9999 -9999 -9999 -9999
-9999 -9999 -9999 -9999 -9999 -9999 -9999 -9999 -9999 -9999 -9999 -9999 -9999 -9999 -9999 -9999 -9999 -9999 -9999 -9999 -9999 -9999 -9999 -9999 -9999 -9999 -9999 -9999 -9999 -9999 -9999 -9999 -9999 -9999 -9999 -9999 -9999 -9999 -9999 -9999 -9999 -9999 -9999 -9999 -9999 -9999 -9999 -9999 -9999 -9999 -9999 -9999 -9999 -9999 -9999 -9999 -9999 -9999 -9999 -9999 -9999
-9999 -9999 -9999 -9999 -9999 -9999 -9999 -9999 -9999 -9999 -9999 -9999 -9999 -9999 -9999 -9999 -9999 -9999 -9999 2.33227E-2 1.30245E-2 6.52996E-3 1.54718E-2 -9999 -9999 -9999 -9999 -9999 -9999 -9999 -9999 -9999 -9999 -9999 -9999 -9999 -9999 -9999 -9999 -9999 -9999 -9999 -9999 -9999 -9999 -9999 -9999 -9999 -9999 -9999 -9999 -9999 -9999 -9999 -9999 -9999 -9999 -9999 -9999 -9999 -9999
-9999 -9999 -9999 -9999 -9999 -9999 -9999 -9999 -9999 -9999 -9999 -9999 -9999 -9999 -9999 -9999 -9999 -9999 2.69512E-2 2.33405E-2 2.13998E-2 2.41717E-2 1.42705E-2 1.50665E-2 1.11716E-2 -9999 -9999 -9999 -9999 -9999 -9999 -9999 -9999 -9999 -9999 -9999 -9999 -9999 -9999 -9999 -9999 -9999 -9999 -9999 -9999 -9999 -9999 -9999 -9999 -9999 -9999 -9999 -9999 -9999 -9999 -9999 -9999 -9999 -9999 -9999 -9999
-9999 -9999 -9999 -9999 -9999 -9999 -9999 -9999 -9999 -9999 -9999 -9999 -9999 -9999 -9999 -9999 -9999 -9999 2.31379E-2 1.95105E-2 1.91341E-2 2.14069E-2 1.60597E-2 1.15255E-2 1.02455E-2 -9999 -9999 -9999 -9999 -9999 -9999 -9999 -9999 -9999 -9999 -9999 -9999 -9999 -9999 -9999 -9999 -9999 -9999 -9999 -9999 -9999 -9999 -9999 -9999 -9999 -9999 -9999 -9999 -9999 -9999 -9999 -9999 -9999 -9999 -9999 -9999
-9999 -9999 -9999 -9999 -9999 -9999 -9999 -9999 -9999 -9999 -9999 -9999 -9999 -9999 -9999 -9999 -9999 1.90849E-2 2.0779E-2 7.17745E-3 8.06576E-3 1.12953E-2 1.35907E-2 1.10978E-2 9.04047E-3 8.70426E-3 -9999 1.12204E-2 1.05368E-2 1.16486E-2 -9999 -9999 -9999 -9999 -9999 -9999 -9999 -9999 7.32754E-3 -9999 -9999 -9999 -9999 -9999 -9999 -9999 -9999 -9999 -9999 -9999 -9999 -9999 -9999 -9999 -9999 -9999 -9999 -9999 -9999 -9999 -9999
-9999 -9999 -9999 -9999 -9999 -9999 -9999 -9999 -9999 -9999 -9999 -9999 -9999 -9999 -9999 -9999 3.56357E-2 2.63401E-2 6.76398E-3 4.40888E-3 4.44903E-3 5.38285E-3 8.55162E-3 1.0137E-2 1.01164E-2 9.00312E-3 1.09716E-2 1.02131E-2 9.77097E-3 9.91997E-3 1.0278E-2 9.46209E-3 8.82816E-3 8.21054E-3 8.33703E-3 8.74946E-3 8.96416E-3 -9999 6.61545E-3 6.05184E-3 -9999 -9999 -9999 -9999 -9999 -9999 -9999 -9999 -9999 -9999 -9999 -9999 -9999 -9999 -9999 -9999 -9999 -9999 -9999 -9999 -9999
-9999 -9999 -9999 -9999 -9999 -9999 -9999 -9999 -9999 -9999 -9999 -9999 -9999 -9999 -9999 2.89857E-2 3.53458E-2 1.86157E-2 5.24844E-3 3.51592E-3 2.83373E-3 3.56659E-3 6.89838E-3 9.98566E-3 1.08738E-2 1.02505E-2 1.97721E-2 2.05489E-2 1.01484E-2 8.41312E-3 8.79589E-3 8.71809E-3 8.59718E-3 8.24322E-3 8.83663E-3 1.14271E-2 1.00781E-2 9.63557E-3 6.99986E-3 6.67208E-3 -9999 -9999 -9999 -9999 -9999 -9999 -9999 -9999 -9999 -9999 -9999 -9999 -9999 -9999 -9999 -9999 -9999 -9999 -9999 -9999 -9999
-9999 -9999 -9999 -9999 -9999 -9999 -9999 -9999 -9999 -9999 -9999 -9999 -9999 -9999 -9999 4.19409E-2 3.49637E-2 1.59314E-2 4.47799E-3 4.72348E-3 5.9723E-3 7.59676E-3 8.89056E-3 9.89127E-3 1.18563E-2 9.76268E-3 1.83906E-2 1.78949E-2 9.27346E-3 8.93973E-3 1.27785E-2 1.10223E-2 1.08128E-2 1.3445E-2 1.09083E-2 1.34339E-2 1.42842E-2 1.20381E-2 8.9069E-3 -9999 -9999 -9999 5.39695E-3 -9999 -9999 -9999 -9999 -9999 -9999 -9999 -9999 -9999 -9999 -9999 -9999 -9999 -9999 -9999 -9999 -9999 -9999
-9999 -9999 -9999 -9999 -9999 -9999 -9999 -9999 -9999 -9999 -9999 -9999 -9999 -9999 2.46993E-2 3.47155E-2 2.85283E-2 1.73572E-2 1.39856E-2 8.0573E-3 8.51454E-3 9.54909E-3 1.14384E-2 1.11132E-2 1.04378E-2 1.63033E-2 2.06278E-2 1.55096E-2 1.51657E-2 9.94417E-3 1.67981E-2 1.20287E-2 1.02048E-2 1.63592E-2 2.08939E-2 1.73045E-2 1.76943E-2 1.20068E-2 8.22121E-3 -9999 -9999 5.67471E-3 -9999 -9999 -9999 -9999 -9999 -9999 -9999 -9999 -9999 -9999 -9999 -9999 -9999 -9999 -9999 -9999 -9999 -9999 -9999
-9999 -9999 -9999 -9999 -9999 -9999 -9999 -9999 -9999 -9999 -9999 -9999 -9999 1.90308E-2 3.62779E-2 3.68843E-2 3.2205E-2 1.72679E-2 1.5032E-2 1.33384E-2 1.14635E-2 1.49259E-2 1.71287E-2 1.54519E-2 1.3662E-2 1.7855E-2 1.86216E-2 1.72747E-2 9.2847E-3 7.84973E-3 8.67399E-3 1.22664E-2 1.25828E-2 1.87668E-2 2.14469E-2 1.99443E-2 1.98497E-2 1.11428E-2 8.38461E-3 6.20499E-3 5.43364E-3 5.60123E-3 -9999 7.83714E-3 8.07716E-3 -9999 -9999 -9999 -9999 -9999 -9999 -9999 -9999 -9999 -9999 -9999 -9999 -9999 -9999 -9999 -9999
-9999 -9999 -9999 -9999 -9999 -9999 -9999 -9999 -9999 -9999 -9999 -9999 -9999 3.91125E-2 3.50334E-2 2.72995E-2 2.06821E-2 1.52829E-2 2.46745E-2 5.55536E-3 9.19626E-3 9.37815E-3 1.59512E-2 1.23829E-2 1.09829E-2 1.48723E-2 1.5708E-2 1.04975E-2 9.79992E-3 8.47852E-3 1.2058E-2 1.32475E-2 1.82107E-2 1.76378E-2 2.0235E-2 2.23906E-2 1.0884E-2 1.0918E-2 7.44059E-3 5.17542E-3 5.09019E-3 6.98936E-3 8.16284E-3 8.34621E-3 8.1748E-3 9.91047E-3 -9999 -9999 -9999 -9999 -9999 -9999 -9999 -9999 -9999 -9999 -9999 -9999 -9999 -9999 -9999
-9999 -9999 -9999 -9999 -9999 -9999 -9999 -9999 -9999 -9999 -9999 -9999 6.00804E-2 6.47327E-2 3.78359E-2 2.4871E-2 1.52759E-2 1.56475E-2 1.73609E-2 1.2971E-2 1.13742E-2 1.21855E-2 1.36798E-2 1.30281E-2 1.12946E-2 8.12624E-3 1.25478E-2 6.5939E-3 1.85391E-2 2.18189E-2 1.66565E-2 1.06209E-2 9.40732E-3 1.29772E-2 1.29099E-2 1.47848E-2 8.601E-3 9.49983E-3 8.56045E-3 5.36124E-3 4.75062E-3 5.20992E-3 7.60693E-3 8.3196E-3 8.73634E-3 9.24463E-3 1.00598E-2 -9999 -9999 -9999 3.37842E-3 2.59791E-3 -9999 -9999 -9999 -9999 -9999 -9999 -9999 -9999 -9999
-9999 -9999 -9999 -9999 -9999 -9999 -9999 -9999 -9999 -9999 -9999 2.78794E-2 2.82892E-2 4.16135E-2 2.0894E-2 1.52988E-2 8.15086E-3 1.09083E-2 1.46011E-2 1.54336E-2 1.25557E-2 2.25462E-2 1.967E-2 1.50754E-2 6.50308E-3 5.68431E-3 1.5846E-2 1.67205E-2 1.25607E-2 1.10275E-2 1.10137E-2 1.12607E-2 7.76386E-3 7.62084E-3 1.62085E-2 1.97343E-2 1.71645E-2 1.34442E-2 1.0779E-2 6.23445E-3 5.53942E-3 5.63038E-3 6.54988E-3 7.15298E-3 7.11151E-3 7.83903E-3 8.17899E-3 7.52975E-3 -9999 -9999 -9999 3.16461E-3 2.61916E-3 -9999 -9999 -9999 -9999 -9999 -9999 -9999 -9999
-9999 -9999 -9999 -9999 -9999 -9999 -9999 -9999 -9999 -9999 -9999 2.63896E-2 1.33253E-2 1.22906E-2 9.2644E-3 4.47416E-3 4.28451E-3 9.11956E-3 7.26295E-3 1.32096E-2 1.71432E-2 1.96247E-2 1.86804E-2 1.6551E-2 5.05108E-3 6.51791E-3 1.40328E-2 2.39158E-2 2.81965E-2 2.24803E-2 1.08041E-2 9.05012E-3 6.99233E-3 7.31828E-3 1.59816E-2 1.74721E-2 1.37131E-2 1.17779E-2 8.88231E-3 6.40107E-3 6.48522E-3 6.46376E-3 6.64512E-3 8.01748E-3 6.0528E-3 6.71538E-3 6.09312E-3 5.91926E-3 6.50699E-3 -9999 -9999 3.67037E-3 3.38708E-3 3.13862E-3 3.16668E-3 -9999 -9999 -9999 -9999 -9999 -9999
-9999 -9999 -9999 -9999 -9999 -9999 -9999 -9999 -9999 -9999 2.86492E-2 2.67577E-2 2.74179E-2 1.00218E-2 4.76397E-3 3.89864E-3 4.68612E-3 4.94319E-3 7.58409E-3 1.23723E-2 3.17176E-2 2.01707E-2 1.1465E-2 1.85339E-2 7.20651E-3 8.58936E-3 7.92758E-3 9.60371E-3 2.27045E-2 1.05956E-2 1.27601E-2 8.1756E-3 1.53896E-2 1.15994E-2 2.09958E-2 2.38685E-2 2.19314E-2 1.84703E-2 1.85991E-2 9.23407E-3 7.02351E-3 6.89581E-3 7.30056E-3 7.38047E-3 6.28713E-3 5.60317E-3 5.12115E-3 5.65364E-3 6.1245E-3 5.45292E-3 4.96402E-3 6.14899E-3 -9999 -9999 3.38019E-3 3.13541E-3 -9999 -9999 -9999 -9999 -9999
-9999 -9999 -9999 -9999 -9999 -9999 -9999 -9999 -9999 4.37103E-2 2.95409E-2 2.59137E-2 1.25089E-2 7.62443E-3 5.50226E-3 5.12138E-3 4.54285E-3 4.35272E-3 5.1844E-3 1.20029E-2 2.22804E-2 2.27972E-2 1.68594E-2 1.36209E-2 6.12987E-3 7.86939E-3 9.48123E-3 7.54927E-3 1.01987E-2 1.31724E-2 2.27426E-2 1.30055E-2 1.23877E-2 2.10087E-2 2.19535E-2 2.12645E-2 2.21753E-2 3.36292E-2 3.43879E-2 2.54456E-2 7.85253E-3 7.32184E-3 7.16456E-3 7.60397E-3 6.58899E-3 5.20902E-3 5.1795E-3 5.82661E-3 5.81522E-3 4.86381E-3 5.06024E-3 5.61966E-3 5.29739E-3 -9999 3.29743E-3 3.11762E-3 2.82034E-3 2.47566E-3 -9999 -9999 -9999
-9999 -9999 -9999 -9999 -9999 -9999 -9999 -9999 3.12505E-2 3.23981E-2 3.37435E-2 1.78595E-2 7.69968E-3 1.11356E-2 1.8259E-2 1.29636E-2 8.0174E-3 8.28816E-3 8.64096E-3 1.09069E-2 1.55109E-2 1.79474E-2 2.37306E-2 1.71792E-2 8.68118E-3 8.63075E-3 7.2642E-3 6.74859E-3 7.42346E-3 6.57652E-3 1.65338E-2 1.7237E-2 1.96116E-2 2.69927E-2 2.66773E-2 2.05644E-2 2.40455E-2 3.70096E-2 3.95695E-2 5.46981E-2 1.68446E-2 9.19955E-3 7.50183E-3 7.55771E-3 6.42852E-3 5.31779E-3 6.00738E-3 6.78445E-3 5.92367E-3 5.0228E-3 5.16173E-3 5.62041E-3 5.86213E-3 5.79457E-3 3.61416E-3 3.18319E-3 2.58295E-3 2.38731E-3 2.29173E-3 2.11674E-3 2.09718E-3
-9999 -9999 -9999 -9999 -9999 -9999 -9999 -9999 1.96407E-2 1.3567E-2 2.54311E-2 2.07174E-2 1.71072E-2 1.52268E-2 2.04746E-2 3.8413E-2 1.84493E-2 1.45003E-2 1.39326E-2 1.06798E-2 1.34575E-2 1.46533E-2 1.43327E-2 1.94337E-2 1.19874E-2 1.53772E-2 9.68052E-3 7.63349E-3 1.31081E-2 1.32011E-2 1.90706E-2 2.1128E-2 2.4658E-2 3.28572E-2 2.89266E-2 2.68014E-2 3.0748E-2 3.5269E-2 3.74712E-2 4.35415E-2 2.37906E-2 9.48979E-3 8.40855E-3 7.85874E-3 7.28314E-3 7.07371E-3 7.68795E-3 8.17113E-3 7.60293E-3 5.75347E-3 5.41784E-3 6.42295E-3 6.84527E-3 6.20141E-3 -9999 3.77533E-3 3.14359E-3 3.13921E-3 2.33744E-3 2.37082E-3 2.12766E-3
-9999 -9999 -9999 -9999 -9999 -9999 -9999 3.86095E-2 3.69062E-2 2.90463E-2 3.72948E-2 2.46182E-2 3.28227E-2 2.34097E-2 1.89441E-2 3.17121E-2 2.30919E-2 1.96772E-2 1.58853E-2 1.04919E-2 1.23998E-2 1.66788E-2 1.32576E-2 1.47133E-2 1.02446E-2 1.84895E-2 2.24394E-2 1.35831E-2 1.94503E-2 2.07228E-2 2.17894E-2 2.47718E-2 2.99491E-2 4.05207E-2 4.49481E-2 5.2155E-2 2.21465E-2 3.65407E-2 2.75536E-2 4.79792E-2 1.83672E-2 1.07223E-2 9.44927E-3 8.97326E-3 9.17907E-3 8.49085E-3 8.02935E-3 7.85859E-3 7.88883E-3 8.11355E-3 7.28082E-3 7.46862E-3 -9999 -9999 -9999 -9999 -9999 -9999 -9999 -9999 -9999
-9999 -9999 -9999 -9999 -9999 -9999 5.34813E-2 6.97821E-2 4.54508E-2 3.70778E-2 4.87584E-2 4.23402E-2 3.76763E-2 4.51716E-2 3.31424E-2 1.93884E-2 3.15867E-2 3.20117E-2 3.36036E-2 1.41388E-2 1.30189E-2 1.11271E-2 7.8987E-3 1.24982E-2 1.09659E-2 1.37664E-2 2.26934E-2 2.36921E-2 1.63365E-2 1.30623E-2 1.74719E-2 1.9598E-2 3.22978E-2 5.74032E-2 5.24771E-2 2.53644E-2 4.889E-2 3.20108E-2 5.43843E-2 5.30475E-2 1.44247E-2 2.4077E-2 1.49244E-2 1.23524E-2 1.08212E-2 9.57289E-3 9.00249E-3 8.66143E-3 8.07686E-3 7.88366E-3 8.74181E-3 8.97366E-3 7.26681E-3 7.03161E-3 -9999 -9999 -9999 -9999 -9999 -9999 -9999
-9999 -9999 -9999 -9999 -9999 -9999 5.76955E-2 5.68473E-2 3.55807E-2 3.41694E-2 3.32583E-2 3.39289E-2 4.22503E-2 2.85991E-2 2.60931E-2 3.90624E-2 4.35823E-2 5.02299E-2 3.7196E-2 3.11957E-2 1.559E-2 1.29878E-2 8.77547E-3 1.14408E-2 9.60637E-3 1.67586E-2 1.62711E-2 1.77358E-2 2.20408E-2 1.19436E-2 2.61797E-2 2.84624E-2 3.8954E-2 2.60536E-2 2.68436E-2 3.6991E-2 4.8008E-2 5.15996E-2 3.2686E-2 3.50562E-2 2.25176E-2 2.70403E-2 1.59224E-2 1.57366E-2 1.74834E-2 1.66657E-2 1.55212E-2 1.11245E-2 9.64231E-3 7.91786E-3 7.81287E-3 5.67896E-3 4.92043E-3 4.53192E-3 4.16446E-3 4.40841E-3 3.76427E-3 3.18299E-3 3.34023E-3 3.3407E-3 2.64714E-3
-9999 -9999 -9999 -9999 -9999 4.52421E-2 4.55964E-2 4.24342E-2 3.05031E-2 5.66741E-2 5.36729E-2 4.69929E-2 3.28518E-2 3.35378E-2 2.5318E-2 2.5007E-2 3.40194E-2 5.42808E-2 3.49907E-2 3.38984E-2 3.37844E-2 2.85615E-2 1.67708E-2 1.74131E-2 2.03289E-2 1.26069E-2 1.04692E-2 8.02898E-3 1.9412E-2 1.87138E-2 1.15876E-2 3.30076E-2 4.67029E-2 5.10277E-2 3.42769E-2 3.33168E-2 4.86368E-2 -9999 -9999 2.82669E-2 -9999 -9999 -9999 3.84225E-2 2.57776E-2 1.63814E-2 1.21859E-2 9.26719E-3 7.82898E-3 8.64507E-3 7.85132E-3 4.91886E-3 4.18823E-3 3.73136E-3 3.73082E-3 3.86027E-3 2.56879E-3 2.59416E-3 2.36429E-3 2.64539E-3 2.86142E-3
-9999 -9999 -9999 -9999 1.83217E-2 2.55141E-2 2.74741E-2 3.09878E-2 3.69498E-2 5.05735E-2 5.33277E-2 5.26015E-2 4.03724E-2 2.90665E-2 3.49015E-2 4.60711E-2 4.62667E-2 4.07685E-2 3.6931E-2 4.41017E-2 5.37457E-2 3.47231E-2 2.64849E-2 2.68722E-2 1.86351E-2 1.56975E-2 1.33693E-2 1.02067E-2 9.72998E-3 1.08334E-2 2.57142E-2 3.79567E-2 5.07537E-2 5.43875E-2 1.6428E-2 4.31425E-2 4.63544E-2 5.64202E-2 9.3952E-2 5.22205E-2 9.38902E-2 -9999 2.65277E-2 4.14401E-2 2.09692E-2 1.38267E-2 1.4917E-2 1.75339E-2 1.17779E-2 1.28767E-2 9.07687E-3 4.63377E-3 4.54325E-3 3.92846E-3 3.32551E-3 2.40844E-3 1.99176E-3 2.16934E-3 1.83325E-3 2.05016E-3 2.74799E-3
-9999 -9999 -9999 4.24266E-2 7.1881E-2 6.36026E-2 4.59237E-2 3.66758E-2 4.62807E-2 8.81962E-2 5.93744E-2 6.7693E-2 6.40775E-2 3.50575E-2 4.57561E-2 3.1133E-2 3.9167E-2 4.49009E-2 6.08521E-2 6.39427E-2 3.83078E-2 1.58054E-2 2.08094E-2 2.7844E-2 1.50973E-2 1.21761E-2 1.28066E-2 1.24258E-2 1.27157E-2 8.33943E-3 2.0767E-2 4.64424E-2 4.59347E-2 3.73917E-2 3.04333E-2 4.91929E-2 5.69253E-2 4.87897E-2 5.11725E-2 3.77E-2 7.33185E-2 4.49698E-2 -9999 -9999 1.57105E-2 1.82093E-2 5.22958E-2 4.47486E-2 1.8729E-2 1.09265E-2 1.44763E-2 7.26122E-3 4.54564E-3 4.22456E-3 3.2137E-3 2.24636E-3 2.10356E-3 2.0111E-3 1.94304E-3 1.87333E-3 2.7086E-3
-9999 -9999 -9999 8.32919E-3 5.44754E-2 8.21171E-2 6.64981E-2 7.59654E-2 1.03277E-1 7.06366E-2 4.72366E-2 7.3321E-2 4.73607E-2 4.36157E-2 4.78637E-2 2.82472E-2 4.22356E-2 4.86626E-2 5.3536E-2 2.82562E-2 2.09087E-2 1.31347E-2 1.01356E-2 1.46479E-2 1.61679E-2 1.62655E-2 1.49886E-2 2.29118E-2 1.33769E-2 1.38167E-2 1.78884E-2 3.39266E-2 3.01852E-2 3.26204E-2 2.82811E-2 4.15692E-2 5.50552E-2 6.89089E-2 3.70003E-2 1.97307E-2 -9999 -9999 -9999 -9999 -9999 7.13387E-2 8.24111E-2 3.94728E-2 1.64575E-2 1.24045E-2 1.0947E-2 1.76726E-2 4.93657E-3 4.52399E-3 2.8239E-3 2.0398E-3 2.15882E-3 2.18131E-3 2.49256E-3 3.10277E-3 4.26764E-3
