Final_Models_Sept202022/M_0.1_F_lqp_Set_1/Bison_4.asc
ncols         97
nrows         127
xllcorner     -2197417.7431653
yllcorner     -584827.01486885
cellsize      30000.0
NODATA_value  -9999
[rows 54 to 80 of 127, columns 0 to 60 of 97]
-9999 -9999 -9999 -9999 6.33389E-2 1.68707E-2 2.86411E-3 1.40342E-2 1.23294E-2 4.78037E-4 6.36682E-4 6.97928E-4 8.01833E-4 2.57784E-3 8.33937E-3 7.45523E-3 1.66995E-2 2.19359E-2 2.43724E-2 3.50885E-2 5.03515E-2 6.02137E-2 5.95976E-2 1.09379E-1 3.74676E-2 3.98715E-2 9.70917E-2 1.0442E-1 1.59009E-1 1.36416E-1 1.14209E-1 9.86632E-2 1.03448E-1 1.17346E-1 1.20465E-1 1.33956E-1 1.3044E-1 1.24026E-1 1.21343E-1 1.48933E-1 2.61264E-1 2.52141E-1 1.99409E-1 1.62019E-1 1.65454E-1 1.29706E-1 1.47567E-1 1.1785E-1 1.02974E-1 9.86442E-2 1.03558E-1 1.13256E-1 1.05246E-1 1.60604E-1 1.52884E-1 1.11201E-1 1.0575E-1 7.95886E-2 6.84187E-2 7.77194E-2 5.06517E-2
-9999 -9999 -9999 -9999 -9999 1.56931E-2 2.49519E-3 5.56413E-3 9.63474E-2 4.98152E-3 3.70175E-4 3.66366E-4 5.91983E-3 2.03766E-3 8.98099E-3 3.1473E-3 4.22621E-3 1.30576E-2 3.47849E-2 2.21098E-2 5.24118E-2 6.40517E-2 1.15451E-1 1.67299E-1 2.92501E-2 3.5571E-2 9.85855E-2 1.27513E-1 2.24989E-1 2.00619E-1 1.33274E-1 1.1291E-1 1.14944E-1 1.31424E-1 1.12363E-1 1.55875E-1 1.53578E-1 1.41006E-1 1.77209E-1 1.84379E-1 2.5499E-1 2.55227E-1 2.0155E-1 1.55881E-1 1.62405E-1 1.54948E-1 1.28763E-1 1.10874E-1 1.13173E-1 9.73E-2 1.24154E-1 1.485E-1 1.33801E-1 1.64575E-1 1.23702E-1 1.04082E-1 1.02089E-1 7.96692E-2 7.58855E-2 6.72048E-2 4.98791E-2
-9999 -9999 -9999 -9999 -9999 1.74375E-2 1.37522E-2 1.54808E-2 2.23574E-2 1.10422E-2 4.09389E-5 1.55305E-4 2.25825E-4 4.44313E-4 1.21903E-2 4.21459E-3 1.54005E-2 6.57832E-3 2.42079E-2 3.84702E-2 4.06389E-2 5.84826E-2 6.81096E-2 9.23264E-2 4.54282E-2 3.05422E-2 6.25889E-2 2.10005E-1 2.79658E-1 1.91413E-1 1.68961E-1 1.35066E-1 1.37815E-1 1.47134E-1 1.64277E-1 1.82499E-1 1.63348E-1 1.63349E-1 1.88702E-1 2.17776E-1 2.95462E-1 2.54735E-1 1.88035E-1 1.65405E-1 1.53731E-1 1.43705E-1 1.33033E-1 1.22123E-1 1.40692E-1 1.31999E-1 1.50373E-1 1.33021E-1 1.59977E-1 1.26108E-1 1.11692E-1 1.17069E-1 9.82456E-2 9.54651E-2 6.93932E-2 5.33705E-2 3.3357E-2
-9999 -9999 -9999 -9999 -9999 -9999 1.01884E-2 -9999 1.13469E-2 6.63672E-3 3.19806E-4 4.60793E-4 2.56496E-4 1.56881E-3 2.52799E-3 2.93825E-2 1.5372E-2 9.98191E-3 3.73391E-2 6.56272E-2 2.16027E-2 5.65305E-2 7.91643E-2 1.11525E-1 7.74216E-2 5.77595E-2 8.37658E-2 2.18412E-1 2.6369E-1 2.32375E-1 3.6849E-1 2.63443E-1 1.68149E-1 1.49405E-1 1.77233E-1 2.22684E-1 2.21424E-1 1.78005E-1 1.85382E-1 2.02843E-1 1.76237E-1 1.18541E-1 1.94477E-1 1.50082E-1 1.10022E-1 1.21884E-1 9.97137E-2 1.06854E-1 1.09349E-1 1.64136E-1 1.46331E-1 1.21873E-1 1.2835E-1 1.31294E-1 1.19883E-1 9.82612E-2 8.64255E-2 8.19751E-2 6.66265E-2 4.67809E-2 3.91862E-2
-9999 -9999 -9999 4.16522E-3 -9999 -9999 -9999 -9999 -9999 1.21605E-2 1.38194E-3 6.14835E-5 3.60408E-4 1.34104E-3 2.97243E-4 2.71358E-2 1.14536E-2 2.86938E-2 3.09843E-2 4.79622E-2 6.16689E-2 8.5677E-2 5.53607E-2 1.2087E-1 3.7904E-2 3.15245E-2 8.23523E-2 1.40448E-1 2.94315E-1 3.51768E-1 4.90564E-1 4.20925E-1 1.78835E-1 1.44324E-1 1.70876E-1 2.38429E-1 2.14149E-1 2.75332E-1 5.37021E-1 1.76584E-1 1.51292E-1 1.20533E-1 1.62505E-1 1.2529E-1 7.95013E-2 8.99701E-2 1.24458E-1 1.23439E-1 1.19238E-1 1.22295E-1 1.49459E-1 1.43739E-1 1.30583E-1 1.22676E-1 1.02901E-1 9.38795E-2 8.62293E-2 6.47822E-2 6.37389E-2 6.16416E-2 4.95753E-2
-9999 -9999 -9999 5.65125E-3 3.05599E-3 3.53078E-3 -9999 -9999 -9999 1.96513E-2 5.89197E-5 5.26858E-5 2.25648E-4 2.3614E-3 3.00606E-3 4.36773E-2 2.59244E-2 1.79849E-2 4.51092E-2 6.28286E-2 5.42956E-2 5.59633E-2 8.76421E-2 5.53759E-2 6.82179E-2 2.08942E-2 4.26916E-2 1.16458E-1 3.38197E-1 5.11421E-1 5.67418E-1 5.13118E-1 2.17135E-1 2.30246E-1 2.1302E-1 2.29678E-1 2.32025E-1 4.7375E-1 4.60769E-1 1.77881E-1 1.7498E-1 1.6729E-1 1.56297E-1 1.46321E-1 1.13497E-1 1.15999E-1 1.1081E-1 9.52623E-2 1.10345E-1 2.11623E-1 1.81024E-1 1.5438E-1 1.25009E-1 1.26672E-1 8.41822E-2 1.03952E-1 6.19856E-2 7.48412E-2 7.89594E-2 6.11476E-2 4.44772E-2
-9999 -9999 -9999 3.77805E-3 3.9539E-3 5.85469E-3 3.49944E-3 -9999 -9999 9.87747E-2 2.83317E-4 3.16359E-4 1.79796E-4 9.72581E-4 1.50901E-3 1.663E-2 3.17909E-2 3.51662E-2 5.25045E-2 5.33597E-2 6.02114E-2 4.66879E-2 3.02175E-2 2.85038E-2 5.27265E-2 9.86808E-4 1.27813E-3 5.9065E-2 2.37657E-1 2.42101E-1 6.86504E-1 6.77705E-1 4.59726E-1 5.68488E-1 4.63461E-1 3.40764E-1 3.7801E-1 4.00841E-1 4.03907E-1 1.63157E-1 1.83358E-1 1.69544E-1 1.63564E-1 1.55587E-1 1.2201E-1 1.10789E-1 1.11399E-1 1.06968E-1 1.16362E-1 2.75921E-1 2.17365E-1 2.13481E-1 9.70828E-2 7.39652E-2 8.45979E-2 1.14677E-1 9.35891E-2 9.51297E-2 7.70519E-2 5.63637E-2 4.12573E-2
-9999 -9999 -9999 3.83731E-3 3.94031E-3 1.8554E-3 -9999 -9999 1.61696E-2 2.0157E-4 1.50111E-5 1.96282E-4 5.17126E-4 1.10389E-3 2.35313E-3 1.38669E-2 1.41307E-1 4.76095E-2 5.59782E-2 3.3213E-2 6.50761E-2 4.96914E-2 4.25305E-2 3.35278E-2 3.20521E-2 2.17275E-3 7.85099E-4 3.27559E-2 1.41367E-1 4.61403E-1 6.1495E-1 7.04449E-1 6.33783E-1 5.317E-1 6.4259E-1 5.01783E-1 4.41134E-1 5.75513E-1 3.93891E-1 2.39574E-1 2.21764E-1 1.98263E-1 1.67123E-1 1.29562E-1 1.38084E-1 1.44699E-1 1.21194E-1 1.26858E-1 1.76076E-1 2.54933E-1 2.54908E-1 1.29558E-1 1.2513E-1 1.00348E-1 7.90127E-2 1.2529E-1 1.04067E-1 8.33855E-2 7.89013E-2 6.49298E-2 5.74727E-2
-9999 -9999 -9999 4.44375E-3 5.54752E-3 -9999 -9999 8.11986E-3 7.68247E-3 4.97169E-4 2.83278E-5 9.33543E-5 6.67234E-4 1.29631E-4 7.46637E-3 2.0099E-2 1.24787E-1 7.9421E-2 5.42111E-2 6.03095E-2 7.03701E-2 5.44344E-2 3.0451E-2 3.6979E-2 2.63155E-2 5.1857E-3 3.18882E-4 1.44759E-2 7.67604E-2 1.69582E-1 4.6436E-1 6.63737E-1 4.43629E-1 4.77286E-1 7.05243E-1 6.07829E-1 6.05874E-1 7.00224E-1 5.05821E-1 2.43671E-1 2.29583E-1 1.65591E-1 1.31654E-1 1.3465E-1 1.40133E-1 1.51683E-1 1.32683E-1 1.54593E-1 1.4901E-1 2.18564E-1 2.55023E-1 1.31723E-1 1.11514E-1 1.17755E-1 1.04062E-1 9.95118E-2 1.02428E-1 8.9879E-2 9.92129E-2 6.87907E-2 5.31238E-2
-9999 -9999 -9999 4.86081E-3 3.13097E-3 -9999 -9999 -9999 1.18103E-2 1.37521E-3 3.14073E-4 6.84722E-4 9.46246E-5 8.9715E-4 1.12938E-2 6.76177E-2 1.20519E-1 1.01911E-1 8.50948E-2 7.49272E-2 7.74212E-2 8.20006E-2 5.48367E-2 2.53476E-2 2.52893E-2 8.67089E-3 1.87641E-3 1.6956E-2 4.40812E-2 1.0133E-1 1.782E-1 4.27728E-1 5.3412E-1 6.07433E-1 6.38719E-1 6.04515E-1 5.68273E-1 4.04953E-1 2.58157E-1 2.00936E-1 1.41512E-1 1.44418E-1 1.30614E-1 1.33615E-1 1.47928E-1 1.50619E-1 1.80915E-1 1.50446E-1 1.27298E-1 2.02375E-1 2.10384E-1 1.30338E-1 1.09629E-1 1.032E-1 1.02517E-1 8.7231E-2 1.08011E-1 9.81965E-2 1.04047E-1 8.00674E-2 5.92532E-2
-9999 -9999 -9999 1.53696E-2 2.12311E-2 -9999 -9999 -9999 6.13216E-3 2.70239E-2 6.74148E-3 5.68881E-5 2.61336E-4 2.62295E-3 5.42833E-3 5.41747E-2 8.54255E-2 1.04015E-1 1.41419E-1 8.39706E-2 7.67847E-2 1.48028E-1 6.55249E-2 3.98781E-2 2.7349E-2 1.18543E-2 2.69024E-3 7.38344E-3 2.53655E-2 6.23218E-2 8.35335E-2 4.70609E-1 5.44133E-1 6.06941E-1 4.5847E-1 5.86089E-1 5.24732E-1 5.08997E-1 2.31348E-1 2.22036E-1 1.51217E-1 1.37986E-1 1.03459E-1 1.25791E-1 2.59144E-1 2.49812E-1 2.03408E-1 1.51213E-1 1.18916E-1 1.49537E-1 2.85568E-1 1.52648E-1 1.11801E-1 9.03266E-2 1.17053E-1 9.08311E-2 9.81636E-2 9.53036E-2 8.46412E-2 1.04655E-1 6.8659E-2
-9999 -9999 -9999 4.89755E-3 2.09918E-2 -9999 -9999 -9999 5.22954E-3 2.01273E-3 6.77753E-4 4.516E-6 1.15907E-4 1.72975E-3 5.74755E-2 5.08737E-2 3.9339E-2 8.09456E-2 9.04921E-2 1.0032E-1 1.53611E-1 1.7632E-1 7.05372E-2 4.54436E-2 2.90149E-2 9.8024E-3 4.95588E-3 3.57766E-3 1.44887E-2 2.95856E-2 6.35485E-2 2.58606E-1 4.84543E-1 6.69542E-1 5.78608E-1 5.58803E-1 2.50797E-1 4.74097E-1 4.87772E-1 2.78448E-1 1.06722E-1 9.10271E-2 1.37308E-1 1.27032E-1 1.71637E-1 1.58026E-1 1.82754E-1 1.49154E-1 1.79997E-1 1.83221E-1 1.93294E-1 1.7965E-1 1.21883E-1 1.17697E-1 1.09469E-1 1.0538E-1 9.33809E-2 1.20705E-1 1.03506E-1 9.93526E-2 7.62133E-2
-9999 -9999 -9999 -9999 1.11733E-2 -9999 -9999 -9999 -9999 6.87928E-3 8.96015E-4 1.47668E-4 2.50014E-4 3.45054E-4 7.85866E-3 3.00155E-2 2.61149E-2 7.25444E-2 1.22921E-1 1.29959E-1 1.11343E-1 3.38627E-1 1.2789E-1 7.94645E-2 6.29321E-2 1.92294E-2 6.65143E-3 2.68583E-3 5.11236E-3 1.47232E-2 7.00268E-2 9.65E-2 1.20936E-1 2.07296E-1 1.40141E-1 2.22486E-1 4.44965E-1 3.35001E-1 1.64032E-1 1.176E-1 2.15502E-1 1.71664E-1 2.10457E-1 1.48223E-1 1.5873E-1 2.05635E-1 2.3042E-1 2.2768E-1 1.29245E-1 1.41677E-1 2.6806E-1 1.40702E-1 1.34274E-1 1.40274E-1 1.48917E-1 1.21778E-1 1.08393E-1 1.014E-1 1.06618E-1 1.11165E-1 1.12339E-1
-9999 -9999 -9999 -9999 4.05777E-3 -9999 -9999 -9999 -9999 4.36976E-3 1.21577E-2 1.70942E-3 4.26327E-4 1.73975E-4 1.79692E-3 2.68645E-2 5.8752E-2 6.0933E-2 8.55796E-2 9.08117E-2 8.72167E-2 1.22856E-1 9.02899E-2 1.67016E-1 1.99867E-1 2.4856E-2 8.79487E-3 2.01529E-3 2.8035E-3 9.34551E-3 4.88145E-2 6.07805E-2 1.31411E-1 2.81336E-1 1.35368E-1 1.26682E-1 2.27014E-1 1.26718E-1 6.53988E-2 6.14317E-2 1.87908E-1 7.1302E-2 1.12558E-1 1.97656E-1 1.85911E-1 2.18325E-1 3.89589E-1 2.176E-1 1.78148E-1 1.97314E-1 2.39277E-1 1.78229E-1 1.72174E-1 1.3395E-1 1.39925E-1 1.40261E-1 1.26668E-1 1.20643E-1 1.07452E-1 9.94796E-2 1.00282E-1
-9999 -9999 -9999 -9999 -9999 -9999 -9999 -9999 -9999 7.45742E-3 2.53072E-2 7.55627E-3 7.08331E-4 1.76607E-4 3.82733E-4 1.72448E-2 6.24704E-2 7.85945E-2 1.11926E-1 1.10386E-1 9.67099E-2 1.08516E-1 9.99245E-2 7.49104E-2 6.15631E-2 1.23099E-2 5.77407E-3 6.41481E-3 2.14509E-3 7.42709E-3 3.57094E-2 9.77578E-2 1.35131E-1 2.18709E-1 7.55569E-2 1.11716E-1 2.51956E-1 2.01986E-1 6.34988E-2 9.36405E-2 1.92334E-1 1.19887E-1 1.78652E-1 2.09305E-1 4.30475E-1 4.97325E-1 5.20197E-1 2.82197E-1 2.36651E-1 2.04719E-1 2.48148E-1 2.25422E-1 1.55369E-1 9.8381E-2 1.42102E-1 1.25245E-1 1.26275E-1 1.38294E-1 1.09194E-1 9.34328E-2 9.71534E-2
-9999 -9999 -9999 -9999 -9999 -9999 -9999 -9999 -9999 -9999 6.09453E-3 2.53599E-2 3.36449E-3 2.01268E-4 4.89476E-4 8.28185E-3 5.18717E-2 7.43195E-2 8.39506E-2 1.17893E-1 1.18661E-1 1.04349E-1 1.01262E-1 9.89292E-2 5.93181E-2 1.99308E-2 8.72707E-3 5.12138E-3 6.15218E-3 7.16903E-3 2.40419E-2 1.10821E-1 1.50608E-1 8.5621E-2 1.09208E-1 1.04311E-1 1.96348E-1 2.44311E-1 1.29289E-1 1.68597E-1 1.71975E-1 3.76682E-1 3.37518E-1 4.75314E-1 5.50176E-1 5.69474E-1 4.52909E-1 6.26005E-1 2.50391E-1 2.34849E-1 3.31226E-1 2.46531E-1 1.30586E-1 1.1887E-1 1.32409E-1 1.52301E-1 1.68131E-1 1.83765E-1 1.30773E-1 1.0748E-1 1.13634E-1
-9999 -9999 -9999 -9999 -9999 -9999 -9999 -9999 -9999 -9999 9.95445E-3 1.15803E-2 1.63792E-5 2.87835E-5 2.13564E-4 2.71281E-3 5.24228E-2 8.94704E-2 7.78709E-2 1.25932E-1 1.46896E-1 1.12276E-1 1.14691E-1 1.67711E-1 6.35392E-2 3.24084E-2 1.94927E-2 3.37931E-3 1.62816E-2 1.19526E-2 2.01438E-2 4.33138E-2 8.40619E-2 1.35794E-1 1.37792E-1 2.26108E-1 2.19916E-1 1.69697E-1 1.69199E-1 4.50979E-1 3.94094E-1 5.61886E-1 4.33259E-1 4.96864E-1 5.1842E-1 5.30924E-1 3.14954E-1 5.37246E-1 4.03888E-1 5.03868E-1 5.07191E-1 3.29142E-1 2.01447E-1 1.47836E-1 1.47866E-1 1.49269E-1 1.53622E-1 1.36635E-1 1.36717E-1 1.25244E-1 1.19735E-1
-9999 -9999 -9999 -9999 -9999 -9999 -9999 -9999 -9999 -9999 2.51737E-2 6.27951E-3 4.64966E-5 9.28769E-5 1.2306E-2 8.15402E-3 3.31149E-2 8.51387E-2 1.02941E-1 1.50189E-1 1.52008E-1 1.26434E-1 1.06676E-1 1.816E-1 6.44818E-2 1.91102E-2 1.32551E-2 4.63453E-3 3.51494E-3 2.64659E-2 1.94512E-2 4.67313E-2 7.07705E-2 1.24965E-1 1.6383E-1 2.08327E-1 3.10974E-1 3.50553E-1 3.87109E-1 2.91687E-1 4.15543E-1 4.83563E-1 6.11881E-1 5.71582E-1 5.81191E-1 6.20709E-1 6.40208E-1 5.85124E-1 4.50795E-1 6.3409E-1 6.29721E-1 5.79328E-1 4.17178E-1 3.48742E-1 3.73454E-1 2.02277E-1 1.74098E-1 1.67726E-1 1.61617E-1 1.50796E-1 1.21522E-1
-9999 -9999 -9999 -9999 -9999 -9999 -9999 -9999 -9999 -9999 1.34142E-2 4.6758E-3 5.74948E-4 1.5312E-4 4.94279E-4 2.46844E-3 3.90164E-2 1.22224E-1 1.31793E-1 1.65222E-1 1.75065E-1 1.27662E-1 1.04981E-1 1.37674E-1 8.28034E-2 4.25783E-2 1.17934E-2 5.5086E-3 1.06067E-2 4.92519E-3 2.77372E-2 4.86018E-2 4.45951E-2 1.20935E-1 2.92911E-1 1.44089E-1 2.47811E-1 3.31161E-1 2.61807E-1 3.13672E-1 5.30092E-1 6.55403E-1 7.25126E-1 6.65303E-1 7.43683E-1 6.60318E-1 6.55831E-1 6.51313E-1 6.80012E-1 7.12116E-1 4.90361E-1 3.62068E-1 3.65137E-1 4.05076E-1 4.29521E-1 4.42217E-1 2.27277E-1 1.63928E-1 1.56358E-1 1.70185E-1 1.59419E-1
-9999 -9999 -9999 -9999 -9999 -9999 -9999 -9999 -9999 -9999 9.77788E-3 9.88162E-3 6.33064E-4 4.10618E-4 8.52483E-2 4.1383E-4 2.32327E-2 8.45091E-2 1.28055E-1 2.04586E-1 2.90404E-1 1.45829E-1 1.45135E-1 1.43669E-1 1.14773E-1 6.248E-2 4.27565E-2 9.53265E-3 6.43569E-3 1.62204E-2 3.66587E-2 1.81563E-2 7.36899E-2 1.76232E-1 1.42607E-1 2.0369E-1 1.99902E-1 1.92823E-1 2.70035E-1 3.84654E-1 5.74666E-1 7.77984E-1 7.65009E-1 7.32067E-1 8.08085E-1 6.78176E-1 5.5832E-1 6.21639E-1 4.0949E-1 6.88761E-1 6.84673E-1 4.69122E-1 3.74458E-1 4.8408E-1 4.32738E-1 3.70823E-1 2.69936E-1 2.90287E-1 2.37324E-1 1.76629E-1 1.75491E-1
-9999 -9999 -9999 -9999 -9999 -9999 -9999 -9999 2.3641E-2 7.9877E-3 2.54559E-3 6.73906E-3 1.93754E-3 2.0289E-4 7.08845E-4 2.16188E-2 2.04832E-2 4.27874E-2 1.15537E-1 1.19834E-1 1.429E-1 2.42645E-1 2.74389E-1 1.93558E-1 9.96186E-2 5.55469E-2 2.50161E-2 5.26467E-3 3.10272E-3 4.15848E-3 7.20403E-3 1.43177E-2 3.58391E-2 7.08734E-2 4.18472E-2 9.71898E-2 1.58171E-1 2.78166E-1 2.08924E-1 4.88453E-1 6.62155E-1 7.98281E-1 7.28782E-1 7.33056E-1 7.61693E-1 6.04662E-1 5.90257E-1 6.48878E-1 5.92715E-1 4.87112E-1 5.9724E-1 5.4559E-1 4.23062E-1 3.64293E-1 3.76414E-1 3.61709E-1 3.85576E-1 4.39686E-1 3.68284E-1 2.45104E-1 2.37745E-1
-9999 -9999 -9999 -9999 -9999 -9999 -9999 -9999 3.15491E-2 5.48869E-3 2.43207E-3 3.26822E-3 3.87799E-3 2.13555E-4 6.38228E-5 1.16795E-3 2.19424E-3 3.53584E-2 6.28109E-2 4.97512E-2 6.32305E-2 1.09775E-1 3.37068E-1 9.06348E-2 1.05598E-1 8.45871E-2 5.19411E-2 1.98681E-2 5.02684E-3 3.67095E-3 7.05143E-3 6.30072E-3 2.50113E-2 3.90471E-2 7.94549E-2 5.10159E-2 3.04789E-1 2.41289E-1 2.23347E-1 2.12141E-1 5.22205E-1 7.5681E-1 7.31791E-1 6.97598E-1 7.07253E-1 6.23445E-1 5.52248E-1 6.05699E-1 5.85397E-1 6.49281E-1 6.04283E-1 5.73946E-1 5.09885E-1 3.86863E-1 3.62416E-1 4.33901E-1 5.1729E-1 5.52626E-1 4.36323E-1 4.65022E-1 4.94262E-1
-9999 -9999 -9999 -9999 -9999 -9999 -9999 -9999 1.88442E-2 6.80791E-3 6.91367E-4 8.28868E-4 3.02912E-3 9.763E-4 1.34306E-4 7.08909E-4 4.72713E-4 1.26959E-2 2.97308E-2 3.64187E-2 3.53123E-2 6.45314E-2 2.30476E-1 1.02958E-1 1.24388E-1 1.84471E-1 8.77324E-2 4.63071E-2 8.35448E-3 4.17496E-3 3.77854E-3 1.00786E-2 2.0106E-2 4.90923E-2 1.92801E-1 1.57202E-1 2.4451E-1 3.45447E-1 2.14343E-1 5.4795E-1 7.45729E-1 8.02465E-1 7.77313E-1 7.75621E-1 7.58604E-1 6.4238E-1 5.91095E-1 5.21775E-1 6.66507E-1 6.62297E-1 6.90719E-1 6.09433E-1 5.41265E-1 4.33033E-1 5.69518E-1 3.018E-1 5.63208E-1 5.67785E-1 4.44203E-1 6.20645E-1 5.95141E-1
-9999 -9999 -9999 -9999 -9999 -9999 -9999 -9999 -9999 2.25537E-2 1.09938E-3 2.91108E-4 4.98239E-4 3.22394E-3 4.64885E-4 9.3837E-5 3.06987E-4 9.94175E-3 2.52459E-1 6.55061E-2 1.48508E-2 2.65838E-2 9.24157E-2 1.68838E-1 9.28156E-2 1.21499E-1 1.10694E-1 5.43071E-2 2.28187E-2 5.0989E-3 2.12304E-3 9.74541E-4 5.46838E-3 1.13452E-2 4.21559E-2 7.18106E-2 1.8182E-1 2.31565E-1 3.33715E-1 7.77912E-1 7.62815E-1 8.57751E-1 8.31375E-1 7.93406E-1 7.42997E-1 6.1107E-1 6.50953E-1 6.70268E-1 4.6025E-1 5.30924E-1 5.24608E-1 5.96197E-1 4.81513E-1 7.16939E-1 6.51069E-1 4.45305E-1 5.48181E-1 6.49265E-1 5.28286E-1 6.2181E-1 4.49394E-1
-9999 -9999 -9999 -9999 -9999 -9999 -9999 -9999 -9999 7.34643E-3 4.43194E-3 1.80903E-4 2.26392E-4 2.65841E-3 3.94808E-3 1.21532E-3 2.91466E-4 3.5466E-4 1.14998E-2 1.10122E-2 1.04097E-2 8.41263E-3 7.18872E-2 1.87107E-1 1.5439E-1 1.32622E-1 1.15117E-1 7.9275E-2 1.78743E-2 3.3559E-3 2.44822E-3 5.05743E-4 7.7586E-3 2.0774E-2 4.25289E-2 6.5142E-2 1.49153E-1 1.80987E-1 2.82975E-1 6.4963E-1 8.19555E-1 7.98297E-1 7.41569E-1 7.39394E-1 7.08586E-1 5.31056E-1 4.30921E-1 6.83244E-1 5.50824E-1 5.95166E-1 6.69506E-1 5.2194E-1 6.26242E-1 5.8654E-1 6.71414E-1 5.82657E-1 4.19964E-1 5.15522E-1 4.65995E-1 5.37106E-1 5.02002E-1
-9999 -9999 -9999 -9999 -9999 -9999 -9999 -9999 -9999 -9999 9.49682E-3 7.52156E-4 5.74782E-5 2.63776E-3 1.82023E-3 2.07946E-3 8.59389E-4 4.57097E-4 6.66124E-3 3.74247E-3 5.26566E-3 4.22457E-3 2.93541E-2 2.93133E-1 2.26725E-1 1.75568E-1 1.19951E-1 6.19987E-2 1.52774E-2 5.66098E-3 2.0141E-3 1.71912E-3 7.92196E-4 5.96886E-3 2.86612E-2 5.94987E-2 7.85805E-2 1.35376E-1 3.48989E-1 7.26279E-1 7.93178E-1 7.68911E-1 7.43218E-1 7.06121E-1 4.55521E-1 4.77584E-1 3.91335E-1 6.02612E-1 4.98351E-1 5.74782E-1 6.992E-1 6.80357E-1 6.95754E-1 6.78542E-1 5.49044E-1 6.17236E-1 6.24471E-1 4.61876E-1 4.64102E-1 5.33011E-1 5.05374E-1
-9999 -9999 -9999 -9999 -9999 -9999 -9999 -9999 -9999 -9999 1.13756E-2 2.30315E-3 1.43491E-4 5.60663E-4 2.27833E-3 3.10916E-3 1.58362E-3 1.8418E-4 1.16904E-3 4.65838E-3 5.81461E-3 7.13944E-3 2.41281E-2 1.08089E-1 2.23656E-1 3.27484E-1 2.78793E-1 1.16224E-1 7.08365E-2 1.26855E-2 2.85862E-3 9.22257E-3 3.13641E-3 1.16601E-2 7.70344E-2 1.5509E-2 4.50365E-2 1.00995E-1 3.02536E-1 7.76232E-1 8.36996E-1 7.57686E-1 7.44977E-1 7.64615E-1 7.27754E-1 5.45373E-1 3.1304E-1 3.6561E-1 5.13382E-1 5.12278E-1 6.49483E-1 6.73635E-1 6.74526E-1 6.72642E-1 6.86833E-1 5.69579E-1 6.028E-1 6.03132E-1 6.01119E-1 4.6429E-1 4.7664E-1
