Final_Models_Sept202022/M_0.1_F_lqp_Set_1/Bison_min.asc
ncols         97
nrows         127
xllcorner     -2197417.7431653
yllcorner     -584827.01486885
cellsize      30000.0
NODATA_value  -9999
[rows 0 to 26 of 127, columns 0 to 60 of 97]
-9999 -9999 -9999 -9999 -9999 -9999 -9999 -9999 -9999 -9999 -9999 -9999 -9999 -9999 -9999 -9999 -9999 -9999 -9999 -9999 -9999 -9999 -9999 -9999 -9999 -9999 -9999 -9999 -9999 -9999 -9999 -9999 -9999 -9999 -9999 -9999 -9999 -9999 -9999 -9999 -9999 -9999 -9999 -9999 -9999 -9999 -9999 -9999 -9999 -9999 -9999 -9999 -9999 -9999 -9999 -9999 -9999 -9999 -9999 -9999 -9999
-9999 -9999 -9999 -9999 -9999 -9999 -9999 -9999 -9999 -9999 -9999 -9999 -9999 -9999 -9999 -9999 -9999 -9999 -9999 -9999 -9999 -9999 -9999 -9999 -9999 -9999 -9999 -9999 -9999 -9999 -9999 -9999 -9999 -9999 -9999 -9999 -9999 -9999 -9999 -9999 -9999 -9999 -9999 -9999 -9999 -9999 -9999 -9999 -9999 -9999 -9999 -9999 -9999 -9999 -9999 -9999 -9999 -9999 -9999 -9999 -9999
-9999 -9999 -9999 -9999 -9999 -9999 -9999 -9999 -9999 -9999 -9999 -9999 -9999 -9999 -9999 -9999 -9999 -9999 -9999 -9999 -9999 -9999 -9999 -9999 -9999 -9999 -9999 -9999 -9999 -9999 -9999 -9999 -9999 -9999 -9999 -9999 -9999 -9999 -9999 -9999 -9999 -9999 -9999 -9999 -9999 -9999 -9999 -9999 -9999 -9999 -9999 -9999 -9999 -9999 -9999 -9999 -9999 -9999 -9999 -9999 -9999
-9999 -9999 -9999 -9999 -9999 -9999 -9999 -9999 -9999 -9999 -9999 -9999 -9999 -9999 -9999 -9999 -9999 -9999 -9999 1.66669E-2 4.59469E-3 1.81069E-3 7.76836E-3 -9999 -9999 -9999 -9999 -9999 -9999 -9999 -9999 -9999 -9999 -9999 -9999 -9999 -9999 -9999 -9999 -9999 -9999 -9999 -9999 -9999 -9999 -9999 -9999 -9999 -9999 -9999 -9999 -9999 -9999 -9999 -9999 -9999 -9999 -9999 -9999 -9999 -9999
-9999 -9999 -9999 -9999 -9999 -9999 -9999 -9999 -9999 -9999 -9999 -9999 -9999 -9999 -9999 -9999 -9999 -9999 2.17487E-2 1.97011E-2 1.64579E-2 1.96635E-2 6.45222E-3 9.69329E-3 8.36793E-3 -9999 -9999 -9999 -9999 -9999 -9999 -9999 -9999 -9999 -9999 -9999 -9999 -9999 -9999 -9999 -9999 -9999 -9999 -9999 -9999 -9999 -9999 -9999 -9999 -9999 -9999 -9999 -9999 -9999 -9999 -9999 -9999 -9999 -9999 -9999 -9999
-9999 -9999 -9999 -9999 -9999 -9999 -9999 -9999 -9999 -9999 -9999 -9999 -9999 -9999 -9999 -9999 -9999 -9999 1.61471E-2 1.44962E-2 1.71691E-2 1.97358E-2 1.1588E-2 9.19495E-3 6.35428E-3 -9999 -9999 -9999 -9999 -9999 -9999 -9999 -9999 -9999 -9999 -9999 -9999 -9999 -9999 -9999 -9999 -9999 -9999 -9999 -9999 -9999 -9999 -9999 -9999 -9999 -9999 -9999 -9999 -9999 -9999 -9999 -9999 -9999 -9999 -9999 -9999
-9999 -9999 -9999 -9999 -9999 -9999 -9999 -9999 -9999 -9999 -9999 -9999 -9999 -9999 -9999 -9999 -9999 1.09553E-2 1.63659E-2 3.71747E-3 4.50336E-3 8.89072E-3 1.13841E-2 8.79953E-3 5.13109E-3 4.57113E-3 -9999 6.59784E-3 6.73578E-3 8.29782E-3 -9999 -9999 -9999 -9999 -9999 -9999 -9999 -9999 5.47103E-3 -9999 -9999 -9999 -9999 -9999 -9999 -9999 -9999 -9999 -9999 -9999 -9999 -9999 -9999 -9999 -9999 -9999 -9999 -9999 -9999 -9999 -9999
-9999 -9999 -9999 -9999 -9999 -9999 -9999 -9999 -9999 -9999 -9999 -9999 -9999 -9999 -9999 -9999 9.78438E-3 1.66111E-2 4.66057E-3 2.5163E-3 2.1532E-3 2.96978E-3 6.22786E-3 8.12146E-3 7.33093E-3 4.9703E-3 7.16625E-3 6.04962E-3 6.02408E-3 6.70256E-3 7.18888E-3 7.87018E-3 6.52688E-3 6.29025E-3 6.28654E-3 6.7524E-3 7.01189E-3 -9999 4.8566E-3 4.33637E-3 -9999 -9999 -9999 -9999 -9999 -9999 -9999 -9999 -9999 -9999 -9999 -9999 -9999 -9999 -9999 -9999 -9999 -9999 -9999 -9999 -9999
-9999 -9999 -9999 -9999 -9999 -9999 -9999 -9999 -9999 -9999 -9999 -9999 -9999 -9999 -9999 1.97056E-2 2.65928E-2 1.43463E-2 3.18941E-3 2.08156E-3 1.31983E-3 1.59927E-3 3.73792E-3 7.15902E-3 8.24921E-3 6.69043E-3 1.15993E-2 1.23661E-2 6.40324E-3 5.31292E-3 6.02375E-3 6.36613E-3 6.62371E-3 6.71823E-3 6.85479E-3 9.54484E-3 8.0769E-3 7.72934E-3 5.23735E-3 4.85673E-3 -9999 -9999 -9999 -9999 -9999 -9999 -9999 -9999 -9999 -9999 -9999 -9999 -9999 -9999 -9999 -9999 -9999 -9999 -9999 -9999 -9999
-9999 -9999 -9999 -9999 -9999 -9999 -9999 -9999 -9999 -9999 -9999 -9999 -9999 -9999 -9999 2.90606E-2 2.63794E-2 1.19064E-2 2.58183E-3 2.80795E-3 3.50251E-3 4.55569E-3 5.53259E-3 6.42017E-3 8.80919E-3 7.68979E-3 1.08774E-2 1.04728E-2 5.7012E-3 5.66495E-3 8.98159E-3 7.89335E-3 7.51929E-3 1.0231E-2 8.30229E-3 1.14712E-2 1.29841E-2 1.01902E-2 6.95681E-3 -9999 -9999 -9999 3.18412E-3 -9999 -9999 -9999 -9999 -9999 -9999 -9999 -9999 -9999 -9999 -9999 -9999 -9999 -9999 -9999 -9999 -9999 -9999
-9999 -9999 -9999 -9999 -9999 -9999 -9999 -9999 -9999 -9999 -9999 -9999 -9999 -9999 1.563E-2 2.52225E-2 2.4092E-2 1.28155E-2 9.98847E-3 4.82213E-3 5.94572E-3 5.84371E-3 8.16351E-3 7.30237E-3 6.52066E-3 1.51112E-2 1.27456E-2 8.95574E-3 1.00995E-2 6.18942E-3 1.23012E-2 8.67299E-3 6.9445E-3 1.17604E-2 1.85213E-2 1.6643E-2 1.73233E-2 1.01838E-2 6.17306E-3 -9999 -9999 3.46431E-3 -9999 -9999 -9999 -9999 -9999 -9999 -9999 -9999 -9999 -9999 -9999 -9999 -9999 -9999 -9999 -9999 -9999 -9999 -9999
-9999 -9999 -9999 -9999 -9999 -9999 -9999 -9999 -9999 -9999 -9999 -9999 -9999 1.17644E-2 2.35269E-2 2.53876E-2 2.40029E-2 1.18333E-2 8.89814E-3 3.77086E-3 6.70014E-3 8.5965E-3 1.47294E-2 1.15541E-2 1.30539E-2 1.26245E-2 1.20508E-2 1.10241E-2 5.29017E-3 4.92806E-3 5.76979E-3 9.17991E-3 9.14341E-3 1.46141E-2 1.83543E-2 1.92563E-2 1.98497E-2 9.31591E-3 6.43064E-3 4.28362E-3 3.48558E-3 3.57438E-3 -9999 5.06775E-3 5.22778E-3 -9999 -9999 -9999 -9999 -9999 -9999 -9999 -9999 -9999 -9999 -9999 -9999 -9999 -9999 -9999 -9999
-9999 -9999 -9999 -9999 -9999 -9999 -9999 -9999 -9999 -9999 -9999 -9999 -9999 2.63661E-2 2.27064E-2 1.78734E-2 1.73469E-2 1.05773E-2 1.00163E-2 9.58084E-4 3.0605E-3 4.21499E-3 1.04192E-2 9.14177E-3 6.54749E-3 9.445E-3 1.01383E-2 5.62011E-3 5.62559E-3 5.1851E-3 9.27743E-3 1.01453E-2 1.30028E-2 1.22364E-2 1.51E-2 2.19163E-2 9.50877E-3 9.56558E-3 5.89458E-3 3.42396E-3 3.23876E-3 5.58724E-3 5.42259E-3 5.3861E-3 5.02748E-3 6.33388E-3 -9999 -9999 -9999 -9999 -9999 -9999 -9999 -9999 -9999 -9999 -9999 -9999 -9999 -9999 -9999
-9999 -9999 -9999 -9999 -9999 -9999 -9999 -9999 -9999 -9999 -9999 -9999 4.15689E-2 3.66688E-2 2.40598E-2 1.97884E-2 1.16699E-2 8.51086E-3 1.13756E-2 5.53756E-3 4.15204E-3 5.57006E-3 7.49065E-3 9.97738E-3 7.83956E-3 4.10877E-3 7.58025E-3 3.21138E-3 1.33876E-2 1.76675E-2 1.32041E-2 8.34072E-3 7.06155E-3 8.97386E-3 9.97641E-3 1.10796E-2 6.59816E-3 7.22442E-3 6.35839E-3 3.66221E-3 2.97223E-3 3.19619E-3 4.85003E-3 5.17683E-3 5.27508E-3 5.63166E-3 6.51171E-3 -9999 -9999 -9999 2.25834E-3 1.62526E-3 -9999 -9999 -9999 -9999 -9999 -9999 -9999 -9999 -9999
-9999 -9999 -9999 -9999 -9999 -9999 -9999 -9999 -9999 -9999 -9999 2.08461E-2 1.77283E-2 2.06228E-2 1.39476E-2 1.18132E-2 6.60275E-3 2.42573E-3 7.17282E-3 7.36609E-3 5.37586E-3 1.18862E-2 1.40239E-2 1.16692E-2 3.29743E-3 2.47841E-3 1.1523E-2 1.09421E-2 7.9132E-3 6.99741E-3 7.94562E-3 9.64063E-3 5.55318E-3 5.2076E-3 1.21171E-2 1.4515E-2 1.2187E-2 9.38562E-3 7.72438E-3 4.46186E-3 3.59642E-3 3.5342E-3 4.0844E-3 4.334E-3 4.15296E-3 4.67275E-3 5.18365E-3 5.16466E-3 -9999 -9999 -9999 2.01093E-3 1.58319E-3 -9999 -9999 -9999 -9999 -9999 -9999 -9999 -9999
-9999 -9999 -9999 -9999 -9999 -9999 -9999 -9999 -9999 -9999 -9999 1.9052E-2 8.72163E-3 7.56331E-3 5.91652E-3 2.46901E-3 3.17831E-3 4.29526E-3 2.96881E-3 4.96593E-3 8.76193E-3 1.12675E-2 1.32618E-2 1.22144E-2 2.14707E-3 2.90808E-3 8.53341E-3 1.91925E-2 2.45576E-2 1.78035E-2 7.51208E-3 6.05577E-3 4.17721E-3 4.64356E-3 1.19048E-2 1.2949E-2 9.84808E-3 8.12164E-3 6.28521E-3 4.72996E-3 4.34811E-3 4.13959E-3 4.19378E-3 4.94965E-3 3.5216E-3 3.99696E-3 3.67746E-3 3.83254E-3 4.64414E-3 -9999 -9999 2.38308E-3 2.16748E-3 1.98144E-3 2.03494E-3 -9999 -9999 -9999 -9999 -9999 -9999
-9999 -9999 -9999 -9999 -9999 -9999 -9999 -9999 -9999 -9999 1.62416E-2 1.68026E-2 1.65835E-2 7.06444E-3 2.3425E-3 2.78355E-3 3.88313E-3 3.34336E-3 4.36904E-3 4.06796E-3 1.96107E-2 1.25565E-2 5.25094E-3 1.23278E-2 3.78159E-3 4.25437E-3 3.75494E-3 5.06917E-3 1.76459E-2 7.39703E-3 9.75543E-3 5.84948E-3 1.15502E-2 7.6085E-3 1.59578E-2 1.76263E-2 1.56243E-2 1.23214E-2 1.31126E-2 6.57051E-3 4.84385E-3 4.54736E-3 4.77382E-3 4.61544E-3 3.78711E-3 3.31369E-3 3.05736E-3 3.62122E-3 4.26698E-3 3.76495E-3 3.32576E-3 4.31806E-3 -9999 -9999 2.21271E-3 2.0582E-3 -9999 -9999 -9999 -9999 -9999
-9999 -9999 -9999 -9999 -9999 -9999 -9999 -9999 -9999 2.79741E-2 1.1861E-2 1.69752E-2 6.25367E-3 4.12161E-3 3.17717E-3 3.53029E-3 3.46594E-3 2.68939E-3 3.89071E-3 7.414E-3 1.60111E-2 1.65642E-2 7.78481E-3 9.14269E-3 2.95401E-3 4.01972E-3 4.64598E-3 3.58232E-3 5.66507E-3 9.25047E-3 1.90287E-2 9.88083E-3 8.23481E-3 1.69706E-2 1.72639E-2 1.48416E-2 1.58364E-2 2.39114E-2 2.41956E-2 1.73513E-2 5.78708E-3 5.00255E-3 4.77951E-3 5.02853E-3 4.12697E-3 3.11995E-3 3.15998E-3 3.82795E-3 4.00713E-3 3.22599E-3 3.39596E-3 3.93281E-3 3.6717E-3 -9999 2.161E-3 2.04532E-3 1.90848E-3 1.74915E-3 -9999 -9999 -9999
-9999 -9999 -9999 -9999 -9999 -9999 -9999 -9999 1.21549E-2 1.82169E-2 1.76647E-2 1.12715E-2 4.20361E-3 5.67497E-3 1.14312E-2 8.08633E-3 4.48993E-3 6.06783E-3 6.71095E-3 7.67774E-3 1.08466E-2 1.04925E-2 1.48744E-2 1.25422E-2 4.38384E-3 4.66753E-3 3.25844E-3 3.05506E-3 3.67045E-3 3.55592E-3 1.2978E-2 1.31889E-2 1.44508E-2 2.0748E-2 2.04301E-2 1.39455E-2 1.64378E-2 2.76842E-2 2.92249E-2 4.05133E-2 1.15908E-2 6.89749E-3 5.24739E-3 5.1587E-3 4.18336E-3 3.28322E-3 3.91381E-3 4.79028E-3 4.12177E-3 3.34329E-3 3.48705E-3 3.93247E-3 4.17716E-3 4.27638E-3 2.38586E-3 2.09822E-3 1.73918E-3 1.69747E-3 1.70501E-3 1.6522E-3 1.71979E-3
-9999 -9999 -9999 -9999 -9999 -9999 -9999 -9999 1.4909E-2 1.10599E-2 1.77987E-2 1.63121E-2 1.38375E-2 8.73802E-3 1.01912E-2 2.73293E-2 1.53724E-2 9.6946E-3 8.91079E-3 8.32683E-3 8.81946E-3 9.65349E-3 9.40549E-3 1.37456E-2 7.20508E-3 1.15336E-2 4.97256E-3 3.58459E-3 7.33549E-3 7.77917E-3 1.51362E-2 1.74087E-2 1.96632E-2 2.56182E-2 2.05126E-2 2.06248E-2 2.05738E-2 2.67631E-2 2.5669E-2 3.16881E-2 1.69233E-2 6.59617E-3 5.90654E-3 5.58976E-3 5.04301E-3 4.87092E-3 5.47455E-3 6.03279E-3 5.74407E-3 4.04194E-3 3.77012E-3 4.66697E-3 5.0188E-3 4.58103E-3 -9999 2.63492E-3 2.22888E-3 2.34751E-3 1.81804E-3 1.93674E-3 1.7763E-3
-9999 -9999 -9999 -9999 -9999 -9999 -9999 2.43754E-2 2.6449E-2 2.0776E-2 2.78242E-2 1.87467E-2 2.42845E-2 1.67329E-2 9.89699E-3 2.01619E-2 1.57097E-2 1.07961E-2 7.99119E-3 4.84764E-3 7.85949E-3 1.34803E-2 9.00424E-3 1.12427E-2 6.93955E-3 1.4105E-2 1.82031E-2 6.97433E-3 1.39727E-2 1.62861E-2 1.74579E-2 2.02734E-2 2.56696E-2 3.62523E-2 3.93943E-2 4.30712E-2 1.42414E-2 2.63106E-2 1.81358E-2 3.48502E-2 1.30201E-2 7.69209E-3 7.03032E-3 6.30875E-3 6.42285E-3 5.92042E-3 5.71358E-3 5.90465E-3 6.07606E-3 6.08362E-3 5.41302E-3 5.25754E-3 -9999 -9999 -9999 -9999 -9999 -9999 -9999 -9999 -9999
-9999 -9999 -9999 -9999 -9999 -9999 3.12244E-2 4.82808E-2 3.26503E-2 2.7697E-2 3.60504E-2 2.12472E-2 2.82063E-2 3.49408E-2 2.92455E-2 9.63955E-3 2.24752E-2 1.86913E-2 2.19752E-2 5.19214E-3 5.61796E-3 5.915E-3 2.56441E-3 4.46257E-3 6.13657E-3 8.29924E-3 1.67462E-2 1.88914E-2 1.09765E-2 8.23016E-3 1.2589E-2 1.25453E-2 2.75595E-2 5.37714E-2 4.76669E-2 1.56178E-2 3.84857E-2 2.10638E-2 4.21022E-2 4.19192E-2 9.84103E-3 1.58895E-2 9.77346E-3 8.65865E-3 7.42206E-3 6.81212E-3 6.70909E-3 6.80891E-3 6.17309E-3 6.05766E-3 6.17549E-3 6.54986E-3 5.69809E-3 5.58567E-3 -9999 -9999 -9999 -9999 -9999 -9999 -9999
-9999 -9999 -9999 -9999 -9999 -9999 3.87243E-2 3.68294E-2 2.30629E-2 2.38986E-2 2.44312E-2 1.57139E-2 3.26239E-2 1.92257E-2 1.74117E-2 2.58266E-2 3.1788E-2 3.29381E-2 2.3222E-2 2.03326E-2 4.23181E-3 5.34332E-3 2.05204E-3 2.91853E-3 3.57126E-3 1.04371E-2 1.01315E-2 1.24355E-2 1.82752E-2 7.11389E-3 2.13363E-2 2.20311E-2 3.20934E-2 1.73006E-2 1.83998E-2 2.60626E-2 3.83036E-2 3.90814E-2 2.28873E-2 2.65687E-2 1.64779E-2 1.87688E-2 1.02001E-2 1.05085E-2 1.26613E-2 1.18957E-2 1.14929E-2 8.29707E-3 7.8475E-3 6.26984E-3 5.95853E-3 3.87695E-3 3.52968E-3 3.22816E-3 2.97408E-3 3.32547E-3 2.89528E-3 2.49876E-3 2.80787E-3 2.80956E-3 2.49524E-3
-9999 -9999 -9999 -9999 -9999 2.5754E-2 2.6304E-2 2.4762E-2 2.03387E-2 3.55974E-2 3.56933E-2 3.46817E-2 2.43732E-2 2.31135E-2 1.81086E-2 1.87594E-2 2.79857E-2 3.79422E-2 2.45448E-2 2.36402E-2 1.70388E-2 1.52219E-2 6.25633E-3 4.6573E-3 8.43382E-3 5.63341E-3 4.0842E-3 4.45796E-3 1.54167E-2 1.48188E-2 6.27177E-3 2.6527E-2 4.07792E-2 4.48825E-2 2.27193E-2 2.2452E-2 3.77288E-2 -9999 -9999 1.48514E-2 -9999 -9999 -9999 2.94777E-2 1.88228E-2 1.16587E-2 9.1796E-3 7.51944E-3 6.22306E-3 7.02668E-3 6.40594E-3 3.53996E-3 2.9236E-3 2.58185E-3 2.63104E-3 2.78621E-3 1.87409E-3 1.98901E-3 1.88931E-3 2.2547E-3 2.55558E-3
-9999 -9999 -9999 -9999 2.2614E-3 1.0585E-2 1.54286E-2 1.92018E-2 2.5839E-2 3.9661E-2 4.49156E-2 4.31016E-2 2.96629E-2 2.04484E-2 2.54652E-2 3.64459E-2 3.66802E-2 3.06489E-2 2.93368E-2 3.55685E-2 3.62402E-2 2.19784E-2 1.54555E-2 1.01091E-2 5.75222E-3 3.68931E-3 5.89056E-3 4.69489E-3 5.7888E-3 8.67614E-3 2.04003E-2 3.02498E-2 3.972E-2 4.85387E-2 6.80772E-3 3.37353E-2 3.6313E-2 4.31622E-2 8.55113E-2 4.13547E-2 8.56457E-2 -9999 1.8501E-2 3.01962E-2 1.47016E-2 1.0028E-2 1.10078E-2 1.62873E-2 9.68396E-3 1.13402E-2 7.57382E-3 3.22591E-3 3.32896E-3 2.82587E-3 2.39138E-3 1.66911E-3 1.40386E-3 1.63618E-3 1.40402E-3 1.66401E-3 2.40296E-3
-9999 -9999 -9999 1.27906E-2 3.45881E-2 3.71047E-2 2.8113E-2 2.25175E-2 3.48622E-2 7.38944E-2 5.62351E-2 5.79722E-2 5.20793E-2 2.53978E-2 3.34068E-2 2.38255E-2 2.85987E-2 3.08986E-2 5.54494E-2 4.99951E-2 2.67124E-2 7.23064E-3 7.34128E-3 1.10417E-2 2.6134E-3 2.3665E-3 4.33319E-3 6.97374E-3 7.74813E-3 4.67435E-3 1.79979E-2 3.66862E-2 3.77226E-2 2.99075E-2 2.16705E-2 4.09736E-2 4.95897E-2 3.74446E-2 3.94729E-2 2.74981E-2 6.21862E-2 3.09513E-2 -9999 -9999 9.9873E-3 1.29549E-2 4.96667E-2 3.97561E-2 1.53334E-2 7.89301E-3 1.21389E-2 5.83331E-3 3.42379E-3 3.16962E-3 2.32982E-3 1.5847E-3 1.52495E-3 1.51048E-3 1.50355E-3 1.49878E-3 2.3722E-3
-9999 -9999 -9999 1.23131E-4 1.73589E-2 5.15853E-2 4.23045E-2 4.98317E-2 4.10488E-2 6.59112E-2 3.70686E-2 6.66968E-2 4.26743E-2 3.56507E-2 2.64074E-2 1.53499E-2 2.63811E-2 3.13263E-2 3.91352E-2 1.55103E-2 1.03802E-2 5.26925E-3 2.41649E-3 4.43467E-3 4.44699E-3 4.08728E-3 5.25464E-3 1.44564E-2 5.65276E-3 9.37429E-3 1.45627E-2 2.72504E-2 1.89287E-2 2.55837E-2 1.90652E-2 3.34139E-2 4.76466E-2 6.59053E-2 2.59656E-2 1.19308E-2 -9999 -9999 -9999 -9999 -9999 6.72079E-2 7.88971E-2 3.44457E-2 1.23596E-2 8.73592E-3 7.79955E-3 1.71211E-2 3.94239E-3 3.5453E-3 2.07252E-3 1.44857E-3 1.60607E-3 1.68663E-3 2.0515E-3 2.72151E-3 3.93391E-3
