Final_Models_Sept202022/M_0.1_F_lqp_Set_1/Bison_3.asc
ncols         97
nrows         127
xllcorner     -2197417.7431653
yllcorner     -584827.01486885
cellsize      30000.0
NODATA_value  -9999
[rows 0 to 26 of 127, columns 0 to 60 of 97]
-9999 -9999 -9999 -9999 -9999 -9999 -9999 -9999 -9999 -9999 -9999 -9999 -9999 -9999 -9999 -9999 -9999 -9999 -9999 -9999 -9999 -9999 -9999 -9999 -9999 -9999 -9999 -9999 -9999 -9999 -9999 -9999 -9999 -9999 -9999 -9999 -9999 -9999 -9999 -9999 -9999 -9999 -9999 -9999 -9999 -9999 -9999 -9999 -9999 -9999 -9999 -9999 -9999 -9999 -9999 -9999 -9999 -9999 -9999 -9999 -9999
-9999 -9999 -9999 -9999 -9999 -9999 -9999 -9999 -9999 -9999 -9999 -9999 -9999 -9999 -9999 -9999 -9999 -9999 -9999 -9999 -9999 -9999 -9999 -9999 -9999 -9999 -9999 -9999 -9999 -9999 -9999 -9999 -9999 -9999 -9999 -9999 -9999 -9999 -9999 -9999 -9999 -9999 -9999 -9999 -9999 -9999 -9999 -9999 -9999 -9999 -9999 -9999 -9999 -9999 -9999 -9999 -9999 -9999 -9999 -9999 -9999
-9999 -9999 -9999 -9999 -9999 -9999 -9999 -9999 -9999 -9999 -9999 -9999 -9999 -9999 -9999 -9999 -9999 -9999 -9999 -9999 -9999 -9999 -9999 -9999 -9999 -9999 -9999 -9999 -9999 -9999 -9999 -9999 -9999 -9999 -9999 -9999 -9999 -9999 -9999 -9999 -9999 -9999 -9999 -9999 -9999 -9999 -9999 -9999 -9999 -9999 -9999 -9999 -9999 -9999 -9999 -9999 -9999 -9999 -9999 -9999 -9999
-9999 -9999 -9999 -9999 -9999 -9999 -9999 -9999 -9999 -9999 -9999 -9999 -9999 -9999 -9999 -9999 -9999 -9999 -9999 2.81067E-2 2.35189E-2 1.33806E-2 2.87522E-2 -9999 -9999 -9999 -9999 -9999 -9999 -9999 -9999 -9999 -9999 -9999 -9999 -9999 -9999 -9999 -9999 -9999 -9999 -9999 -9999 -9999 -9999 -9999 -9999 -9999 -9999 -9999 -9999 -9999 -9999 -9999 -9999 -9999 -9999 -9999 -9999 -9999 -9999
-9999 -9999 -9999 -9999 -9999 -9999 -9999 -9999 -9999 -9999 -9999 -9999 -9999 -9999 -9999 -9999 -9999 -9999 3.33218E-2 3.13565E-2 3.23924E-2 3.41827E-2 2.63073E-2 2.92028E-2 2.21297E-2 -9999 -9999 -9999 -9999 -9999 -9999 -9999 -9999 -9999 -9999 -9999 -9999 -9999 -9999 -9999 -9999 -9999 -9999 -9999 -9999 -9999 -9999 -9999 -9999 -9999 -9999 -9999 -9999 -9999 -9999 -9999 -9999 -9999 -9999 -9999 -9999
-9999 -9999 -9999 -9999 -9999 -9999 -9999 -9999 -9999 -9999 -9999 -9999 -9999 -9999 -9999 -9999 -9999 -9999 3.20616E-2 2.85281E-2 2.63864E-2 3.02631E-2 2.64063E-2 2.00758E-2 1.79256E-2 -9999 -9999 -9999 -9999 -9999 -9999 -9999 -9999 -9999 -9999 -9999 -9999 -9999 -9999 -9999 -9999 -9999 -9999 -9999 -9999 -9999 -9999 -9999 -9999 -9999 -9999 -9999 -9999 -9999 -9999 -9999 -9999 -9999 -9999 -9999 -9999
-9999 -9999 -9999 -9999 -9999 -9999 -9999 -9999 -9999 -9999 -9999 -9999 -9999 -9999 -9999 -9999 -9999 2.69407E-2 2.89265E-2 1.19488E-2 1.27924E-2 1.65874E-2 2.12413E-2 1.73047E-2 1.31708E-2 1.25108E-2 -9999 1.81225E-2 1.81683E-2 2.07255E-2 -9999 -9999 -9999 -9999 -9999 -9999 -9999 -9999 1.65987E-2 -9999 -9999 -9999 -9999 -9999 -9999 -9999 -9999 -9999 -9999 -9999 -9999 -9999 -9999 -9999 -9999 -9999 -9999 -9999 -9999 -9999 -9999
-9999 -9999 -9999 -9999 -9999 -9999 -9999 -9999 -9999 -9999 -9999 -9999 -9999 -9999 -9999 -9999 3.38849E-2 2.95059E-2 9.66969E-3 7.55779E-3 7.38434E-3 8.28181E-3 1.11304E-2 1.5551E-2 1.43284E-2 1.32755E-2 1.87637E-2 1.7632E-2 1.70567E-2 1.80381E-2 1.91051E-2 2.11906E-2 1.77343E-2 1.7231E-2 1.72706E-2 1.82464E-2 1.89892E-2 -9999 1.50379E-2 1.37773E-2 -9999 -9999 -9999 -9999 -9999 -9999 -9999 -9999 -9999 -9999 -9999 -9999 -9999 -9999 -9999 -9999 -9999 -9999 -9999 -9999 -9999
-9999 -9999 -9999 -9999 -9999 -9999 -9999 -9999 -9999 -9999 -9999 -9999 -9999 -9999 -9999 5.14977E-2 5.41633E-2 2.57022E-2 7.80797E-3 6.13372E-3 4.95381E-3 5.5489E-3 8.55687E-3 1.36368E-2 1.54196E-2 1.52575E-2 3.19775E-2 3.44048E-2 1.82732E-2 1.53917E-2 1.6931E-2 1.73257E-2 1.74315E-2 1.72712E-2 1.81008E-2 2.28054E-2 2.06977E-2 2.00636E-2 1.53401E-2 1.47438E-2 -9999 -9999 -9999 -9999 -9999 -9999 -9999 -9999 -9999 -9999 -9999 -9999 -9999 -9999 -9999 -9999 -9999 -9999 -9999 -9999 -9999
-9999 -9999 -9999 -9999 -9999 -9999 -9999 -9999 -9999 -9999 -9999 -9999 -9999 -9999 -9999 5.13363E-2 4.48594E-2 2.17976E-2 7.833E-3 8.4148E-3 9.99172E-3 1.06639E-2 9.69392E-3 1.04043E-2 1.53087E-2 1.56756E-2 3.03923E-2 2.98684E-2 1.62284E-2 1.62153E-2 2.38351E-2 2.11095E-2 2.13563E-2 2.71477E-2 2.14076E-2 2.59064E-2 2.8142E-2 2.34062E-2 1.83637E-2 -9999 -9999 -9999 1.24608E-2 -9999 -9999 -9999 -9999 -9999 -9999 -9999 -9999 -9999 -9999 -9999 -9999 -9999 -9999 -9999 -9999 -9999 -9999
-9999 -9999 -9999 -9999 -9999 -9999 -9999 -9999 -9999 -9999 -9999 -9999 -9999 -9999 3.16989E-2 4.05111E-2 3.47136E-2 2.02976E-2 1.52492E-2 1.04129E-2 1.23683E-2 1.24062E-2 1.26802E-2 1.32801E-2 1.13846E-2 2.79534E-2 3.42081E-2 2.58173E-2 2.68346E-2 1.74375E-2 3.06654E-2 2.26319E-2 1.98836E-2 3.20244E-2 3.94069E-2 3.22104E-2 3.29174E-2 2.3133E-2 1.73778E-2 -9999 -9999 1.23516E-2 -9999 -9999 -9999 -9999 -9999 -9999 -9999 -9999 -9999 -9999 -9999 -9999 -9999 -9999 -9999 -9999 -9999 -9999 -9999
-9999 -9999 -9999 -9999 -9999 -9999 -9999 -9999 -9999 -9999 -9999 -9999 -9999 2.53531E-2 4.8218E-2 4.61399E-2 3.54007E-2 1.75674E-2 1.32916E-2 9.64358E-3 1.37296E-2 1.72426E-2 2.09536E-2 1.74956E-2 2.17821E-2 3.06325E-2 3.1028E-2 2.79504E-2 1.53324E-2 1.37175E-2 1.57001E-2 2.32205E-2 2.41376E-2 3.55004E-2 4.02144E-2 3.7062E-2 3.64256E-2 2.06939E-2 1.72612E-2 1.28989E-2 1.12751E-2 1.21019E-2 -9999 1.51831E-2 1.5351E-2 -9999 -9999 -9999 -9999 -9999 -9999 -9999 -9999 -9999 -9999 -9999 -9999 -9999 -9999 -9999 -9999
-9999 -9999 -9999 -9999 -9999 -9999 -9999 -9999 -9999 -9999 -9999 -9999 -9999 4.79094E-2 4.11605E-2 2.79814E-2 2.25662E-2 1.60876E-2 2.05536E-2 5.20028E-3 9.89559E-3 1.11115E-2 1.47439E-2 1.2999E-2 1.56967E-2 2.42872E-2 2.53628E-2 1.65231E-2 1.59278E-2 1.46774E-2 2.21687E-2 2.49984E-2 3.53685E-2 3.43059E-2 3.98983E-2 4.4958E-2 1.99163E-2 2.0588E-2 1.48984E-2 1.06753E-2 1.04238E-2 1.89072E-2 1.57705E-2 1.57552E-2 1.55101E-2 1.80714E-2 -9999 -9999 -9999 -9999 -9999 -9999 -9999 -9999 -9999 -9999 -9999 -9999 -9999 -9999 -9999
-9999 -9999 -9999 -9999 -9999 -9999 -9999 -9999 -9999 -9999 -9999 -9999 5.64711E-2 5.2766E-2 3.65686E-2 2.27496E-2 1.69845E-2 1.44137E-2 2.03844E-2 1.23003E-2 1.04196E-2 1.22404E-2 1.25828E-2 1.47703E-2 1.69642E-2 1.22443E-2 1.88334E-2 1.06207E-2 3.06721E-2 3.90173E-2 3.05369E-2 1.99742E-2 1.79252E-2 2.48338E-2 2.51134E-2 2.85631E-2 1.63397E-2 1.79107E-2 1.64089E-2 1.05308E-2 9.45077E-3 1.03665E-2 1.49066E-2 1.58841E-2 1.66288E-2 1.70492E-2 1.78092E-2 -9999 -9999 -9999 7.26195E-3 5.73763E-3 -9999 -9999 -9999 -9999 -9999 -9999 -9999 -9999 -9999
-9999 -9999 -9999 -9999 -9999 -9999 -9999 -9999 -9999 -9999 -9999 3.59935E-2 3.07895E-2 3.67402E-2 2.00839E-2 1.71392E-2 1.03079E-2 6.79071E-3 1.29852E-2 1.43481E-2 1.20628E-2 1.85764E-2 1.82815E-2 2.10056E-2 9.69968E-3 8.34569E-3 2.49954E-2 2.62792E-2 2.04129E-2 1.8614E-2 1.98323E-2 2.14152E-2 1.46412E-2 1.42836E-2 3.05652E-2 3.73549E-2 3.19898E-2 2.46021E-2 2.01487E-2 1.16042E-2 1.05044E-2 1.06489E-2 1.22051E-2 1.32378E-2 1.31732E-2 1.43384E-2 1.47006E-2 1.38954E-2 -9999 -9999 -9999 6.86435E-3 5.743E-3 -9999 -9999 -9999 -9999 -9999 -9999 -9999 -9999
-9999 -9999 -9999 -9999 -9999 -9999 -9999 -9999 -9999 -9999 -9999 3.76101E-2 1.90118E-2 1.45138E-2 9.2697E-3 4.38159E-3 5.27468E-3 7.55579E-3 5.79132E-3 8.59925E-3 1.50976E-2 1.69551E-2 1.9343E-2 2.43404E-2 7.42332E-3 9.51719E-3 2.11523E-2 3.86615E-2 4.96564E-2 3.95296E-2 1.89797E-2 1.61604E-2 1.25535E-2 1.32825E-2 2.95002E-2 3.18587E-2 2.43356E-2 2.07027E-2 1.57078E-2 1.14731E-2 1.20177E-2 1.18481E-2 1.19365E-2 1.46803E-2 1.10812E-2 1.20876E-2 1.09411E-2 1.06769E-2 1.20925E-2 -9999 -9999 7.64805E-3 7.0957E-3 6.91562E-3 7.32453E-3 -9999 -9999 -9999 -9999 -9999 -9999
-9999 -9999 -9999 -9999 -9999 -9999 -9999 -9999 -9999 -9999 3.03541E-2 4.3338E-2 3.26074E-2 1.04144E-2 4.74464E-3 4.11724E-3 5.45655E-3 5.36813E-3 6.92597E-3 8.39096E-3 2.4389E-2 1.74439E-2 1.08449E-2 2.52647E-2 1.04834E-2 1.28087E-2 1.19744E-2 1.46369E-2 3.76891E-2 1.77082E-2 2.2428E-2 1.4478E-2 2.78219E-2 2.03749E-2 3.80579E-2 4.27847E-2 3.8326E-2 3.18568E-2 3.2875E-2 1.60438E-2 1.22618E-2 1.20642E-2 1.27355E-2 1.32056E-2 1.14095E-2 1.0076E-2 8.97241E-3 9.93164E-3 1.11144E-2 1.03048E-2 9.76926E-3 1.16655E-2 -9999 -9999 8.09724E-3 8.06268E-3 -9999 -9999 -9999 -9999 -9999
-9999 -9999 -9999 -9999 -9999 -9999 -9999 -9999 -9999 7.6882E-2 3.23173E-2 3.84919E-2 1.44007E-2 8.21271E-3 5.39226E-3 5.55244E-3 5.30488E-3 5.4726E-3 5.62955E-3 1.25266E-2 2.37349E-2 2.29384E-2 1.41108E-2 1.6147E-2 9.12587E-3 1.21651E-2 1.39359E-2 1.16087E-2 1.55265E-2 2.13973E-2 3.94057E-2 2.22772E-2 2.11669E-2 3.76543E-2 3.81889E-2 3.55369E-2 3.7773E-2 6.13467E-2 6.2803E-2 4.572E-2 1.3136E-2 1.22588E-2 1.19118E-2 1.30474E-2 1.15132E-2 9.03384E-3 8.8083E-3 1.00493E-2 1.0383E-2 9.04003E-3 9.53584E-3 1.02543E-2 9.73471E-3 -9999 8.09203E-3 8.0703E-3 7.44524E-3 6.5529E-3 -9999 -9999 -9999
-9999 -9999 -9999 -9999 -9999 -9999 -9999 -9999 3.3748E-2 4.37121E-2 6.03669E-2 3.17348E-2 1.43136E-2 1.42178E-2 1.65233E-2 1.30394E-2 8.01862E-3 1.06278E-2 8.79823E-3 1.15901E-2 1.76586E-2 2.09476E-2 3.08603E-2 2.34613E-2 1.11476E-2 1.22951E-2 1.07556E-2 1.04789E-2 1.15418E-2 1.0661E-2 2.74741E-2 2.87829E-2 3.29015E-2 4.65673E-2 4.51744E-2 3.23789E-2 3.91132E-2 6.55809E-2 6.97513E-2 1.06577E-1 2.68309E-2 1.47598E-2 1.21379E-2 1.25278E-2 1.09011E-2 8.90848E-3 9.93209E-3 1.15537E-2 1.03998E-2 8.97614E-3 9.16683E-3 9.74521E-3 1.04097E-2 1.13796E-2 8.76953E-3 8.10573E-3 6.68156E-3 6.22035E-3 6.08222E-3 5.59841E-3 5.60082E-3
-9999 -9999 -9999 -9999 -9999 -9999 -9999 -9999 2.29537E-2 1.5761E-2 3.81307E-2 3.94319E-2 2.58613E-2 1.78812E-2 2.24492E-2 3.51474E-2 1.90039E-2 1.43315E-2 1.27741E-2 1.17631E-2 1.46966E-2 1.53104E-2 1.42881E-2 2.22449E-2 1.28274E-2 1.83477E-2 1.34639E-2 1.13691E-2 1.93678E-2 2.01152E-2 3.12473E-2 3.54922E-2 4.01518E-2 5.37998E-2 4.53383E-2 4.1531E-2 4.8786E-2 6.03891E-2 6.30998E-2 7.65041E-2 3.63515E-2 1.45709E-2 1.32355E-2 1.26198E-2 1.18064E-2 1.13506E-2 1.25195E-2 1.36744E-2 1.29936E-2 9.86234E-3 9.12757E-3 1.05455E-2 1.16963E-2 1.16184E-2 -9999 9.33813E-3 7.84434E-3 7.99706E-3 6.83482E-3 6.13494E-3 5.67933E-3
-9999 -9999 -9999 -9999 -9999 -9999 -9999 4.72193E-2 4.76078E-2 3.08813E-2 5.33604E-2 4.21724E-2 4.29526E-2 2.64314E-2 2.17679E-2 2.80808E-2 2.31007E-2 2.3299E-2 1.72672E-2 1.26918E-2 1.47952E-2 1.73927E-2 1.15382E-2 1.42881E-2 9.00488E-3 1.91827E-2 2.98646E-2 1.86096E-2 3.35063E-2 3.48365E-2 4.00861E-2 4.38865E-2 4.93743E-2 6.43072E-2 7.27438E-2 8.83965E-2 3.20508E-2 5.75042E-2 4.21622E-2 8.18872E-2 2.73547E-2 1.61475E-2 1.45543E-2 1.39712E-2 1.42747E-2 1.31967E-2 1.26705E-2 1.27299E-2 1.30525E-2 1.35672E-2 1.17793E-2 1.16881E-2 -9999 -9999 -9999 -9999 -9999 -9999 -9999 -9999 -9999
-9999 -9999 -9999 -9999 -9999 -9999 5.09569E-2 7.37651E-2 5.66288E-2 5.00151E-2 7.5985E-2 5.70539E-2 4.73061E-2 5.55468E-2 4.54792E-2 1.76557E-2 2.65442E-2 2.9557E-2 3.23753E-2 1.60113E-2 1.53287E-2 1.10698E-2 6.42681E-3 1.22352E-2 1.03706E-2 1.08734E-2 2.65815E-2 3.64336E-2 2.61148E-2 1.91388E-2 3.42604E-2 3.96249E-2 4.85626E-2 8.97749E-2 8.49689E-2 3.37759E-2 7.69746E-2 4.7349E-2 8.74696E-2 8.52018E-2 2.09227E-2 3.54064E-2 2.20325E-2 1.85399E-2 1.63294E-2 1.45761E-2 1.39077E-2 1.37535E-2 1.29051E-2 1.26242E-2 1.35771E-2 1.429E-2 1.30884E-2 1.30721E-2 -9999 -9999 -9999 -9999 -9999 -9999 -9999
-9999 -9999 -9999 -9999 -9999 -9999 6.15207E-2 5.56879E-2 4.04787E-2 4.78864E-2 5.16675E-2 3.69419E-2 5.12954E-2 2.79658E-2 2.41585E-2 3.15343E-2 3.66177E-2 4.11199E-2 3.25941E-2 2.84609E-2 1.10675E-2 1.41093E-2 7.83309E-3 8.26191E-3 1.0006E-2 1.66469E-2 1.32297E-2 1.81665E-2 3.151E-2 1.666E-2 4.04775E-2 4.41039E-2 6.10659E-2 3.32418E-2 3.44129E-2 5.16227E-2 6.74999E-2 7.20827E-2 4.46258E-2 5.00116E-2 3.20405E-2 3.79872E-2 2.28631E-2 2.27758E-2 2.57129E-2 2.53963E-2 2.39239E-2 1.71774E-2 1.52501E-2 1.20609E-2 1.18665E-2 8.46942E-3 8.15367E-3 8.47166E-3 8.52557E-3 9.86599E-3 8.87644E-3 7.65913E-3 7.99604E-3 8.11308E-3 7.54304E-3
-9999 -9999 -9999 -9999 -9999 4.43126E-2 5.12925E-2 4.41126E-2 3.36118E-2 6.5605E-2 8.53064E-2 7.23082E-2 3.95203E-2 3.49424E-2 2.54166E-2 2.80862E-2 3.82362E-2 4.77567E-2 3.08419E-2 3.14824E-2 2.74139E-2 2.39018E-2 1.4709E-2 1.20887E-2 1.62596E-2 1.32022E-2 8.04463E-3 8.12987E-3 2.30564E-2 2.45347E-2 1.48473E-2 4.73132E-2 6.91512E-2 7.4942E-2 4.60746E-2 4.25333E-2 6.73572E-2 -9999 -9999 3.10122E-2 -9999 -9999 -9999 5.42479E-2 3.78212E-2 2.48708E-2 1.82218E-2 1.38356E-2 1.18325E-2 1.30753E-2 1.19393E-2 7.48137E-3 6.97037E-3 6.88012E-3 7.58658E-3 8.70562E-3 5.62269E-3 5.87681E-3 5.2688E-3 6.16331E-3 6.90129E-3
-9999 -9999 -9999 -9999 1.21063E-2 2.11188E-2 2.61598E-2 3.09518E-2 4.05399E-2 6.15521E-2 9.6756E-2 6.8829E-2 4.06295E-2 2.66782E-2 4.12623E-2 5.32464E-2 4.99242E-2 4.01222E-2 3.89961E-2 4.70223E-2 5.13864E-2 2.97596E-2 2.3035E-2 1.8682E-2 1.45308E-2 1.17613E-2 9.41984E-3 8.01431E-3 8.8332E-3 1.04719E-2 3.21493E-2 4.75753E-2 7.36112E-2 7.34745E-2 1.52784E-2 5.934E-2 6.44994E-2 7.83111E-2 1.39574E-1 7.49406E-2 1.5202E-1 -9999 3.59446E-2 5.70418E-2 3.01655E-2 2.08277E-2 2.26046E-2 2.73259E-2 1.78888E-2 1.88668E-2 1.31993E-2 6.94925E-3 7.44071E-3 7.05525E-3 6.61325E-3 4.9924E-3 4.25163E-3 4.72303E-3 4.02512E-3 4.64931E-3 6.71462E-3
-9999 -9999 -9999 3.20188E-2 5.62878E-2 5.41807E-2 4.7361E-2 3.93471E-2 5.30158E-2 1.35047E-1 8.39859E-2 9.11844E-2 7.40102E-2 3.24903E-2 4.7826E-2 3.40118E-2 4.19318E-2 3.85478E-2 6.23347E-2 6.3719E-2 3.18696E-2 1.15159E-2 1.60565E-2 1.79086E-2 7.47229E-3 7.1007E-3 8.56815E-3 1.11235E-2 1.06497E-2 6.5942E-3 2.00865E-2 5.50141E-2 6.06643E-2 4.72638E-2 3.67119E-2 7.62186E-2 8.25809E-2 6.88353E-2 7.17811E-2 5.02061E-2 1.08423E-1 5.83112E-2 -9999 -9999 2.29583E-2 2.68378E-2 7.78503E-2 6.92617E-2 2.76823E-2 1.57924E-2 2.02344E-2 1.10344E-2 7.32001E-3 7.31448E-3 5.95548E-3 4.4147E-3 4.26306E-3 4.21506E-3 4.10104E-3 3.99897E-3 6.15932E-3
-9999 -9999 -9999 6.82389E-4 3.25998E-2 6.93292E-2 7.0844E-2 6.75705E-2 8.16161E-2 8.41746E-2 4.79912E-2 7.71776E-2 5.99655E-2 5.33931E-2 5.17327E-2 2.45455E-2 3.46694E-2 4.32629E-2 4.74221E-2 2.10225E-2 1.41146E-2 8.34454E-3 5.41056E-3 8.571E-3 7.29098E-3 9.26988E-3 1.1175E-2 1.60696E-2 8.30938E-3 9.37429E-3 1.45627E-2 3.72717E-2 3.50377E-2 3.79824E-2 3.40496E-2 5.86882E-2 8.05112E-2 1.09434E-1 4.81903E-2 2.57932E-2 -9999 -9999 -9999 -9999 -9999 1.15418E-1 1.25008E-1 5.96414E-2 2.41046E-2 1.81175E-2 1.56294E-2 2.55809E-2 8.02639E-3 7.72905E-3 5.2386E-3 3.96473E-3 4.1978E-3 4.14201E-3 4.58228E-3 6.10004E-3 8.76007E-3
