Final_Models_Sept202022/M_0.1_F_lqp_Set_1/Bison_stddev.asc
ncols         97
nrows         127
xllcorner     -2197417.7431653
yllcorner     -584827.01486885
cellsize      30000.0
NODATA_value  -9999
[rows 27 to 53 of 127, columns 0 to 60 of 97]
-9999 -9999 5.73417E-3 1.48209E-3 1.04116E-2 1.46033E-2 2.38734E-2 1.39268E-2 3.04352E-2 1.71279E-2 5.32974E-3 1.57793E-2 1.06877E-2 1.07889E-2 6.85541E-3 9.66915E-3 1.06769E-2 6.38073E-3 5.36944E-3 4.40285E-3 4.34368E-3 3.7061E-3 3.14927E-3 2.77644E-3 3.1122E-3 5.15358E-3 6.60025E-3 3.28299E-3 4.71482E-3 4.30429E-3 2.94317E-3 2.3005E-3 3.17406E-3 4.86242E-3 6.56137E-3 6.33199E-3 8.5169E-3 7.78183E-3 4.60105E-3 1.32157E-2 4.41968E-2 1.56151E-2 2.40413E-2 4.35815E-2 1.36374E-2 1.75801E-2 1.38454E-2 7.54701E-3 4.37459E-3 3.52619E-3 2.77921E-3 3.51496E-3 2.15421E-3 2.11476E-3 1.08076E-3 7.6758E-4 7.64222E-4 7.04715E-4 9.75171E-4 1.48493E-3 2.1838E-3
-9999 3.97017E-5 6.1449E-3 2.81364E-3 1.31526E-3 8.48548E-3 2.06126E-2 1.17424E-2 6.70586E-3 2.06722E-2 7.13932E-3 1.04619E-2 2.7063E-2 2.00344E-2 8.55046E-3 1.06267E-2 1.04055E-2 7.70945E-3 6.81425E-3 6.13057E-3 5.4011E-3 4.21725E-3 2.99942E-3 3.32859E-3 3.32632E-3 6.08632E-3 7.37292E-3 6.31342E-3 7.45696E-3 3.39981E-3 3.49839E-3 2.08123E-3 2.26101E-3 4.25713E-3 3.58912E-3 4.93357E-3 6.6103E-3 1.47973E-2 1.42892E-2 1.34101E-2 2.04738E-2 1.1102E-2 1.9793E-2 1.9731E-2 1.98371E-2 9.13333E-3 1.07066E-2 4.90117E-3 3.93082E-3 2.38799E-3 2.96495E-3 4.58768E-3 1.72891E-3 1.43443E-3 1.08738E-3 8.76096E-4 7.55443E-4 7.30741E-4 7.83771E-4 9.52623E-4 1.01228E-3
-9999 2.31194E-7 5.05535E-6 1.44939E-3 1.41584E-3 7.49673E-3 1.0503E-2 9.17286E-3 2.7475E-2 9.75024E-3 8.88253E-3 1.45652E-2 2.61676E-2 1.85793E-2 1.3822E-2 6.53623E-3 1.43503E-2 7.71979E-3 8.92412E-3 6.10413E-3 5.27383E-3 3.59045E-3 4.0612E-3 3.42219E-3 4.62838E-3 4.46809E-3 7.13322E-3 7.96395E-3 3.81707E-3 5.01769E-3 2.32964E-3 2.74573E-3 4.84261E-3 4.18373E-3 2.64112E-3 4.32623E-3 5.41384E-3 1.20061E-2 8.9492E-3 1.35157E-2 1.67058E-2 1.59488E-2 2.16802E-2 1.47428E-2 8.9186E-3 1.03832E-2 7.23394E-3 4.62747E-3 2.74582E-3 2.77793E-3 2.87097E-3 2.32472E-3 1.64625E-3 1.22967E-3 9.79266E-4 8.26805E-4 7.22784E-4 6.19087E-4 6.00487E-4 9.03975E-4 8.88184E-4
7.18065E-4 3.34369E-7 4.68873E-10 1.69147E-6 1.00542E-5 3.44639E-3 1.22883E-2 1.20033E-2 1.28309E-2 9.00117E-3 1.15419E-2 1.35807E-2 2.76144E-2 2.49471E-2 1.10126E-2 1.03878E-2 1.82285E-2 8.01588E-3 7.44092E-3 6.55361E-3 5.24106E-3 4.04441E-3 4.79829E-3 5.92818E-3 3.8557E-3 4.52522E-3 5.35675E-3 8.72275E-3 4.56705E-3 2.45474E-3 2.4232E-3 1.64515E-3 4.05684E-3 3.5574E-3 2.93578E-3 3.11282E-3 6.64033E-3 6.87198E-3 1.12996E-2 1.28638E-2 1.42616E-2 1.34789E-2 1.20043E-2 1.48888E-2 1.05603E-2 9.07097E-3 7.69171E-3 5.15514E-3 2.97742E-3 1.79384E-3 1.42521E-3 1.80878E-3 1.67473E-3 1.42883E-3 1.12877E-3 8.5741E-4 6.32366E-4 6.09882E-4 6.14078E-4 8.32888E-4 7.92477E-4
7.7915E-3 2.94025E-4 9.95201E-8 3.86628E-11 1.49552E-6 7.27292E-3 1.18282E-2 2.47726E-2 1.09079E-2 1.74991E-2 1.8272E-2 2.38249E-2 2.24478E-2 3.12627E-2 1.62558E-2 1.57173E-2 7.0934E-3 1.27866E-2 6.4033E-3 5.05835E-3 4.76457E-3 4.74788E-3 4.98033E-3 4.95879E-3 4.35457E-3 4.40246E-3 4.63451E-3 6.55472E-3 5.86078E-3 3.14887E-3 2.59702E-3 3.95619E-3 2.75299E-3 3.15387E-3 5.12203E-3 6.64822E-3 7.08627E-3 9.23212E-3 1.00066E-2 7.67756E-3 1.08727E-2 1.15707E-2 1.08311E-2 8.08529E-3 8.77804E-3 7.77922E-3 7.05293E-3 5.96442E-3 4.12401E-3 2.0245E-3 1.55604E-3 1.70908E-3 1.39847E-3 1.43091E-3 1.21137E-3 8.94632E-4 6.83415E-4 6.83153E-4 6.63861E-4 7.75805E-4 8.38502E-4
5.83844E-3 5.78462E-3 2.44136E-4 3.90643E-7 2.36811E-7 6.11005E-3 1.71124E-2 1.40153E-2 2.13632E-2 2.25171E-2 2.16628E-2 1.99693E-2 1.86867E-2 2.61592E-2 2.49799E-2 1.59293E-2 1.22552E-2 1.82791E-2 1.10125E-2 5.86793E-3 5.59238E-3 4.86777E-3 4.20292E-3 4.62296E-3 6.48508E-3 5.77721E-3 4.74439E-3 1.55987E-2 7.48796E-3 4.39811E-3 2.45321E-3 2.86311E-3 2.42287E-3 3.28672E-3 5.53886E-3 5.89546E-3 9.98541E-3 5.94201E-3 6.08824E-3 5.58568E-3 6.32338E-3 1.17357E-2 1.01574E-2 1.55961E-2 1.10168E-2 7.17364E-3 6.13771E-3 6.37983E-3 4.64212E-3 2.67714E-3 1.80431E-3 1.59947E-3 1.39141E-3 1.51565E-3 1.26292E-3 8.87288E-4 7.66099E-4 7.18567E-4 8.45049E-4 7.8415E-4 9.31872E-4
-9999 3.23476E-3 1.20108E-2 6.14672E-3 1.92085E-6 1.24784E-2 1.4077E-2 1.43902E-2 1.40556E-2 1.35731E-2 2.14583E-2 2.19712E-2 1.9208E-2 1.95787E-2 6.94037E-3 9.5599E-3 5.89536E-3 5.52285E-3 1.18267E-2 7.3902E-3 6.5409E-3 5.89301E-3 4.78455E-3 5.01776E-3 6.89889E-3 8.95135E-3 8.13215E-3 1.24672E-2 8.78619E-3 5.06272E-3 2.70036E-3 4.17369E-3 2.98708E-3 3.4138E-3 9.35534E-3 6.0229E-3 8.37127E-3 7.35106E-3 6.13949E-3 1.12006E-2 7.44663E-3 7.47699E-3 1.02155E-2 9.41404E-3 8.9812E-3 8.06328E-3 6.4986E-3 8.67851E-3 7.61096E-3 4.71862E-3 2.89092E-3 2.31671E-3 1.97496E-3 1.67954E-3 1.3264E-3 1.06024E-3 1.51448E-3 8.18617E-4 8.49111E-4 7.95014E-4 1.01943E-3
-9999 -9999 2.96473E-3 2.67851E-3 1.38389E-4 1.57805E-2 5.96353E-3 5.66802E-3 1.31181E-2 1.25196E-2 1.20625E-2 2.10465E-2 1.32359E-2 1.26371E-2 7.17025E-3 7.1071E-3 5.67189E-3 4.81356E-3 4.89586E-3 7.53315E-3 8.78423E-3 4.6611E-3 5.16151E-3 5.17119E-3 9.31311E-3 1.00831E-2 1.33376E-2 1.91126E-2 8.17619E-3 7.70022E-3 4.59011E-3 3.97256E-3 2.83153E-3 6.76016E-3 7.77223E-3 5.01376E-3 5.17642E-3 5.80791E-3 4.79064E-3 7.86476E-3 9.33368E-3 9.25155E-3 1.30476E-2 8.83544E-3 1.04867E-2 8.84727E-3 8.48552E-3 8.17144E-3 9.5579E-3 8.66817E-3 4.69806E-3 2.96783E-3 2.15591E-3 1.58303E-3 1.39226E-3 1.04743E-3 1.93463E-3 9.1961E-4 9.92465E-4 1.06011E-3 1.04079E-3
-9999 -9999 3.58029E-3 8.80614E-3 1.90745E-3 5.38467E-3 2.83774E-3 8.95053E-3 1.82966E-2 1.45298E-2 1.58188E-2 1.68886E-2 1.71003E-2 1.54841E-2 6.88858E-3 9.1623E-3 5.98124E-3 5.51465E-3 4.89703E-3 5.72371E-3 8.13266E-3 6.86519E-3 5.02199E-3 6.25231E-3 8.96253E-3 1.00611E-2 1.10045E-2 1.28869E-2 1.38353E-2 5.21832E-3 5.87463E-3 4.55528E-3 3.20736E-3 6.02924E-3 5.32133E-3 5.3371E-3 3.43272E-3 4.25298E-3 5.36556E-3 5.46535E-3 5.92198E-3 1.06169E-2 7.84229E-3 9.51875E-3 9.83442E-3 9.90438E-3 9.31126E-3 8.71705E-3 8.01499E-3 1.21331E-2 6.52804E-3 6.47089E-3 2.64469E-3 1.87533E-3 1.54869E-3 1.2179E-3 1.12127E-3 1.13567E-3 1.22834E-3 1.23048E-3 9.50077E-4
-9999 -9999 6.83956E-3 2.22496E-2 2.29725E-3 2.65819E-3 2.13868E-3 1.37228E-2 2.01556E-2 1.44724E-2 1.72538E-2 1.19652E-2 2.0887E-2 1.13363E-2 6.53876E-3 6.34088E-3 7.41234E-3 7.97765E-3 6.14399E-3 1.01867E-2 7.24251E-3 7.15496E-3 4.96097E-3 8.74124E-3 5.95883E-3 8.61664E-3 1.18958E-2 1.24905E-2 1.14546E-2 7.82425E-3 5.24087E-3 3.7619E-3 4.15998E-3 6.18156E-3 5.80834E-3 5.57637E-3 3.66071E-3 4.13645E-3 4.68218E-3 5.09193E-3 5.77997E-3 7.67234E-3 7.97447E-3 7.98098E-3 9.98466E-3 1.04988E-2 9.88858E-3 1.03809E-2 9.4079E-3 1.02732E-2 6.51741E-3 4.60726E-3 2.83536E-3 1.98697E-3 1.84188E-3 1.46338E-3 1.25105E-3 1.34933E-3 1.81188E-3 1.46192E-3 1.15053E-3
-9999 -9999 -9999 1.38855E-2 2.9895E-3 1.04904E-2 4.53154E-3 8.28865E-3 8.93407E-3 6.2246E-3 6.83734E-3 1.22244E-2 1.73101E-2 1.078E-2 6.49905E-3 5.97882E-3 7.12809E-3 7.47456E-3 7.9601E-3 9.01098E-3 7.21334E-3 6.15655E-3 5.14456E-3 7.9096E-3 1.21393E-2 8.11274E-3 1.16444E-2 1.12614E-2 6.34969E-3 5.74162E-3 4.29398E-3 5.30123E-3 6.10129E-3 6.19763E-3 5.89311E-3 5.61047E-3 5.38965E-3 4.16191E-3 7.25451E-3 7.58268E-3 7.68404E-3 7.42714E-3 8.54572E-3 8.96789E-3 1.00279E-2 1.02555E-2 1.16358E-2 1.10322E-2 8.45094E-3 8.17355E-3 6.55969E-3 4.93159E-3 3.85764E-3 2.65969E-3 2.33424E-3 2.02717E-3 1.76644E-3 1.55925E-3 1.34473E-3 1.40301E-3 1.30353E-3
-9999 -9999 -9999 3.28057E-3 3.51522E-3 2.47647E-2 1.45043E-2 1.71542E-2 1.80269E-2 1.51912E-2 6.25901E-3 8.13129E-3 1.05008E-2 9.76054E-3 8.92231E-3 7.02464E-3 5.38966E-3 9.48756E-3 7.64882E-3 5.63071E-3 4.9791E-3 5.33961E-3 5.08588E-3 7.16722E-3 8.59566E-3 8.87783E-3 6.53769E-3 7.95289E-3 8.167E-3 5.39588E-3 5.47985E-3 6.61098E-3 7.59339E-3 6.35957E-3 6.42444E-3 6.45142E-3 4.76094E-3 5.74169E-3 6.13501E-3 4.50133E-3 6.69598E-3 9.39466E-3 7.21851E-3 7.68031E-3 9.36306E-3 1.14639E-2 1.12408E-2 1.11721E-2 1.03085E-2 1.05614E-2 6.93542E-3 1.07746E-2 5.18582E-3 4.18977E-3 2.76168E-3 2.0336E-3 1.83337E-3 1.53925E-3 1.71289E-3 1.50564E-3 1.41076E-3
-9999 -9999 -9999 1.22396E-3 8.31134E-2 5.85065E-2 1.9092E-2 1.51811E-2 1.39044E-2 1.39045E-2 8.10419E-3 1.11032E-2 1.09297E-2 1.20635E-2 6.94687E-3 6.69992E-3 5.73293E-3 8.85847E-3 5.119E-3 7.75546E-3 6.90453E-3 5.00567E-3 6.15296E-3 6.24219E-3 6.77418E-3 8.04378E-3 7.58652E-3 6.52857E-3 6.67194E-3 6.34516E-3 5.93555E-3 6.5882E-3 6.1231E-3 6.10964E-3 6.05399E-3 7.34205E-3 7.37642E-3 6.58296E-3 6.15547E-3 3.91608E-3 4.55316E-3 9.40452E-3 9.15683E-3 1.03861E-2 9.05824E-3 1.17991E-2 1.20501E-2 1.11273E-2 1.10274E-2 1.00133E-2 8.1424E-3 7.03553E-3 1.11082E-2 7.42015E-3 4.66563E-3 4.63701E-3 5.60421E-3 3.35835E-3 2.47626E-3 1.94027E-3 1.63878E-3
-9999 -9999 -9999 -9999 1.09237E-2 3.83849E-2 6.49998E-3 4.35918E-3 1.32184E-2 9.39441E-3 1.4308E-3 9.25907E-3 1.53905E-2 8.78185E-3 7.13947E-3 8.74522E-3 8.95171E-3 7.76514E-3 7.23598E-3 7.86523E-3 7.71287E-3 6.22389E-3 6.12819E-3 5.6795E-3 5.99643E-3 6.25658E-3 7.49905E-3 7.19285E-3 6.19575E-3 7.98099E-3 8.62223E-3 7.36365E-3 5.90903E-3 7.26186E-3 6.80961E-3 7.35382E-3 7.48607E-3 7.59101E-3 5.66248E-3 5.39353E-3 6.08662E-3 8.04732E-3 1.15579E-2 9.73095E-3 9.68468E-3 1.09919E-2 1.52843E-2 1.26564E-2 1.86421E-2 1.24263E-2 8.91188E-3 1.16278E-2 1.73785E-2 1.01492E-2 7.89353E-3 1.15434E-2 5.63489E-3 7.53094E-3 7.3428E-3 2.12036E-3 1.66088E-3
-9999 -9999 -9999 -9999 2.59255E-2 1.40099E-2 5.10887E-3 8.26369E-3 7.89894E-3 4.5169E-4 2.52694E-4 5.07815E-3 1.05219E-2 9.92402E-3 7.69597E-3 8.47635E-3 1.05353E-2 1.07463E-2 7.75664E-3 8.94001E-3 8.71716E-3 9.45551E-3 6.60909E-3 6.30322E-3 6.08337E-3 5.8177E-3 8.62238E-3 7.96856E-3 8.87791E-3 9.22054E-3 8.74132E-3 8.94305E-3 8.29988E-3 8.0587E-3 7.6878E-3 7.49545E-3 7.70909E-3 7.83084E-3 8.44773E-3 1.05813E-2 1.21806E-2 1.27391E-2 1.18358E-2 9.67526E-3 1.0449E-2 1.04622E-2 1.35864E-2 2.20376E-2 1.98031E-2 1.56184E-2 1.33429E-2 1.36895E-2 1.86537E-2 1.00096E-2 1.05002E-2 1.15786E-2 9.72192E-3 8.25434E-3 5.99656E-3 3.08434E-3 2.28434E-3
-9999 -9999 -9999 -9999 1.44527E-3 3.30099E-3 2.50565E-3 8.10311E-3 5.22811E-3 5.55761E-4 7.40463E-4 2.19491E-3 7.54273E-3 6.52688E-3 7.73536E-3 1.13565E-2 1.71173E-2 1.67677E-2 6.8279E-3 8.66878E-3 8.98024E-3 7.80209E-3 8.04275E-3 8.14077E-3 7.81989E-3 7.68102E-3 7.27828E-3 7.06461E-3 7.095E-3 7.47822E-3 8.87639E-3 9.7625E-3 8.41466E-3 7.65348E-3 7.31411E-3 7.2499E-3 7.38268E-3 7.97724E-3 1.3512E-2 1.95109E-2 9.9803E-3 1.16723E-2 1.0141E-2 9.98784E-3 9.99659E-3 1.10995E-2 1.7522E-2 2.85085E-2 -9999 1.5915E-2 1.40193E-2 1.32638E-2 1.15785E-2 9.93382E-3 1.70455E-2 1.02611E-2 8.12191E-3 5.56789E-3 1.17487E-2 3.36918E-3 2.39559E-3
-9999 -9999 -9999 -9999 1.51499E-3 2.6413E-3 1.12906E-3 1.78513E-4 5.18431E-2 8.93339E-2 2.03558E-3 2.20635E-3 5.29411E-3 5.06705E-3 8.97095E-3 1.83077E-2 1.78707E-2 8.9237E-3 7.71523E-3 7.51184E-3 8.65691E-3 9.05552E-3 8.58446E-3 1.06921E-2 8.47763E-3 8.1138E-3 6.48849E-3 9.64034E-3 6.71592E-3 9.06146E-3 9.7733E-3 9.46345E-3 7.81368E-3 7.87497E-3 7.75235E-3 7.18661E-3 7.20689E-3 7.97109E-3 8.74427E-3 9.71921E-3 1.66787E-2 1.11072E-2 1.06429E-2 9.70115E-3 1.11778E-2 1.64146E-2 -9999 -9999 -9999 -9999 2.21101E-2 1.48615E-2 9.84303E-3 1.24943E-2 1.15813E-2 9.7463E-3 4.58174E-3 3.73453E-3 2.79398E-3 2.97717E-3 2.65186E-3
-9999 -9999 -9999 -9999 7.00224E-4 2.49715E-3 1.20118E-3 4.59159E-4 6.74707E-5 1.39167E-1 2.40567E-3 6.65018E-3 5.63916E-3 1.0029E-2 8.8261E-3 9.41451E-3 7.47301E-3 7.07702E-3 4.99473E-3 6.60787E-3 6.70069E-3 8.47588E-3 9.63138E-3 8.93717E-3 7.11281E-3 5.48278E-3 6.9393E-3 8.92396E-3 9.07063E-3 1.08386E-2 1.0181E-2 9.52329E-3 8.37248E-3 8.01857E-3 7.52709E-3 8.36365E-3 7.05305E-3 7.8362E-3 8.29494E-3 8.84093E-3 8.90917E-3 1.03724E-2 1.1725E-2 1.35395E-2 1.7387E-2 -9999 -9999 -9999 -9999 2.9684E-2 1.73161E-2 1.15332E-2 9.47568E-3 1.11385E-2 1.11215E-2 8.50126E-3 8.87153E-3 5.95124E-3 5.48475E-3 8.12554E-3 3.36497E-3
-9999 -9999 -9999 -9999 4.06778E-3 3.50777E-3 1.8318E-3 2.60285E-4 4.78799E-3 5.16154E-2 3.50155E-3 4.87863E-3 4.58503E-3 1.46912E-2 1.27013E-2 1.10225E-2 7.06294E-3 8.85625E-3 5.58007E-3 6.85738E-3 5.07057E-3 8.98729E-3 7.51079E-3 7.01437E-3 8.78171E-3 7.16739E-3 6.90194E-3 9.85669E-3 1.20578E-2 1.11E-2 1.0325E-2 9.28729E-3 8.50454E-3 7.92123E-3 7.75226E-3 8.27506E-3 8.71255E-3 8.43415E-3 7.9404E-3 9.31394E-3 9.75715E-3 9.9223E-3 1.03635E-2 1.23929E-2 2.05888E-2 -9999 -9999 -9999 2.90875E-2 1.94052E-2 1.67118E-2 9.99069E-3 9.11723E-3 8.31958E-3 1.00106E-2 6.11923E-3 7.20026E-3 3.9013E-3 3.33192E-3 5.61596E-3 2.43303E-3
-9999 -9999 -9999 1.26529E-2 1.19454E-1 5.45826E-2 4.06731E-4 7.53035E-4 6.44562E-4 3.19844E-3 3.14007E-3 2.55392E-3 5.77257E-3 6.23454E-3 6.87953E-3 7.05749E-3 7.57053E-3 1.1715E-2 1.01832E-2 5.66021E-3 4.58819E-3 6.01321E-3 6.02438E-3 4.36723E-3 7.73544E-3 1.11094E-2 1.16451E-2 9.86468E-3 9.86031E-3 1.05126E-2 1.37807E-2 1.10669E-2 9.07123E-3 8.43674E-3 8.36426E-3 8.28758E-3 8.61019E-3 8.07369E-3 7.8671E-3 8.32906E-3 1.04224E-2 1.0175E-2 9.53535E-3 1.08665E-2 1.7527E-2 1.69062E-2 1.62306E-2 1.96634E-2 1.6877E-2 1.29842E-2 1.31427E-2 1.15427E-2 9.81994E-3 1.04421E-2 8.91618E-3 5.66305E-3 7.25183E-3 4.33649E-3 2.89368E-3 3.68404E-3 3.03647E-3
-9999 -9999 -9999 -9999 1.04101E-2 9.38548E-2 1.76203E-3 -9999 7.33714E-4 3.72157E-3 2.73694E-3 8.54783E-4 6.97593E-3 8.58204E-3 6.69167E-3 7.02041E-3 1.52725E-2 1.10196E-2 7.95926E-3 9.87517E-3 6.04951E-3 7.93959E-3 4.37593E-3 1.11347E-2 1.5649E-2 1.04252E-2 1.33371E-2 9.46793E-3 9.72546E-3 1.03056E-2 1.08433E-2 1.0531E-2 9.91305E-3 9.41142E-3 9.93153E-3 9.73185E-3 9.70943E-3 8.92045E-3 9.36416E-3 9.72816E-3 1.32555E-2 9.193E-3 1.03934E-2 1.06192E-2 1.5864E-2 1.17235E-2 1.13527E-2 1.2184E-2 1.29219E-2 1.22331E-2 1.16312E-2 9.34252E-3 9.63681E-3 9.90994E-3 9.79872E-3 5.82585E-3 7.40693E-3 5.021E-3 4.84071E-3 4.72462E-3 2.72726E-3
-9999 -9999 -9999 -9999 8.46099E-3 1.77335E-3 1.51307E-3 2.03276E-3 1.46049E-3 2.45076E-2 5.04655E-3 5.68083E-4 9.04089E-3 7.7516E-3 1.04455E-2 8.1004E-3 5.88234E-3 6.37403E-3 7.50969E-3 7.81281E-3 6.81902E-3 5.32939E-3 6.05287E-3 1.61302E-2 1.05438E-2 1.2192E-2 1.167E-2 9.90381E-3 1.0479E-2 1.08758E-2 1.20198E-2 1.34389E-2 1.03036E-2 1.06694E-2 1.15688E-2 9.56464E-3 1.03338E-2 8.16401E-3 1.05936E-2 1.16282E-2 1.20654E-2 9.81221E-3 1.125E-2 1.08159E-2 1.09967E-2 9.98278E-3 1.2211E-2 1.30602E-2 1.22951E-2 1.07656E-2 1.09398E-2 9.80684E-3 9.0159E-3 9.26227E-3 1.12695E-2 9.58846E-3 7.8979E-3 7.23779E-3 3.45474E-3 4.93102E-3 5.82547E-3
-9999 -9999 -9999 -9999 7.66146E-2 3.59441E-3 3.24208E-3 1.14586E-3 2.81212E-3 2.24888E-2 1.63263E-3 5.95286E-4 3.933E-3 1.21578E-2 8.13283E-3 1.3648E-2 1.09262E-2 1.80368E-2 7.84833E-3 8.17082E-3 8.71971E-3 8.00322E-3 4.46227E-3 8.96818E-3 2.44256E-2 1.60148E-2 1.19324E-2 1.10817E-2 1.06925E-2 1.19842E-2 1.23063E-2 1.16321E-2 1.17749E-2 1.50044E-2 1.33042E-2 1.0015E-2 1.07209E-2 1.11849E-2 1.1924E-2 1.18884E-2 1.09576E-2 1.09692E-2 1.15865E-2 1.10626E-2 9.91273E-3 9.7535E-3 1.23566E-2 1.38521E-2 1.16585E-2 1.05932E-2 1.0036E-2 9.66321E-3 9.25122E-3 8.94613E-3 9.11271E-3 8.74384E-3 7.40927E-3 6.30197E-3 5.24398E-3 5.65844E-3 4.29859E-3
-9999 -9999 -9999 -9999 -9999 5.20068E-3 3.61681E-3 4.98269E-3 1.71377E-3 2.68745E-3 9.445E-4 3.3647E-3 4.5014E-3 3.9003E-3 5.41819E-3 1.12034E-2 1.76863E-2 1.56568E-2 1.68586E-2 1.04951E-2 1.16233E-2 1.25711E-2 5.41818E-3 9.55631E-3 1.45392E-2 3.08489E-2 1.59818E-2 1.2172E-2 1.07087E-2 1.38964E-2 1.35339E-2 1.2995E-2 1.37021E-2 1.4635E-2 1.23764E-2 1.04379E-2 1.16952E-2 1.23083E-2 1.11262E-2 1.23921E-2 1.15544E-2 1.03046E-2 1.18815E-2 1.11185E-2 1.25475E-2 1.00248E-2 1.31527E-2 1.17117E-2 1.20306E-2 8.53833E-3 8.57129E-3 1.03906E-2 9.80639E-3 9.62879E-3 9.15301E-3 9.24729E-3 6.98135E-3 6.60415E-3 7.03445E-3 3.23639E-3 4.62284E-3
-9999 -9999 -9999 -9999 -9999 2.16855E-2 1.07929E-3 7.21121E-3 4.90129E-3 6.40275E-3 1.60529E-3 1.97056E-4 8.21574E-4 2.15069E-3 6.98596E-3 1.05377E-2 1.4356E-2 1.49273E-2 2.04684E-2 1.60004E-2 1.73991E-2 5.93182E-3 7.32689E-3 6.86333E-3 1.71607E-2 2.93243E-2 1.66835E-2 1.155E-2 1.17697E-2 1.19075E-2 1.17895E-2 1.26435E-2 1.19073E-2 1.12213E-2 1.186E-2 1.02097E-2 1.23914E-2 1.43031E-2 1.20197E-2 1.22393E-2 1.34577E-2 1.1738E-2 1.12817E-2 1.38443E-2 1.42914E-2 1.43961E-2 1.0771E-2 1.19814E-2 1.16048E-2 1.18994E-2 9.75065E-3 1.03793E-2 8.94224E-3 1.02716E-2 8.83396E-3 6.89679E-3 9.26126E-3 7.58589E-3 6.27608E-3 6.42718E-3 5.77675E-3
-9999 -9999 -9999 -9999 -9999 3.72619E-2 6.41735E-3 8.0094E-4 4.03658E-3 4.03451E-4 1.76848E-3 1.74586E-4 3.74485E-4 6.23883E-4 6.11601E-3 8.21734E-3 8.77046E-3 8.08491E-3 1.33977E-2 2.32914E-2 9.23564E-3 1.01288E-2 6.1476E-3 5.81442E-3 1.12554E-2 2.1334E-2 1.03641E-2 1.10523E-2 1.05553E-2 1.09484E-2 1.13645E-2 1.15948E-2 1.21267E-2 1.11042E-2 1.1432E-2 1.11608E-2 1.18944E-2 1.34541E-2 1.19662E-2 1.12134E-2 1.26995E-2 1.38686E-2 1.47171E-2 1.43061E-2 1.70539E-2 1.5843E-2 1.41587E-2 1.21453E-2 1.18622E-2 9.99764E-3 9.39775E-3 1.08141E-2 9.94641E-3 9.96229E-3 9.64376E-3 1.18349E-2 1.04612E-2 9.25144E-3 7.17755E-3 6.70208E-3 6.22279E-3
-9999 -9999 -9999 -9999 -9999 8.3813E-3 9.88412E-4 2.34394E-3 8.40077E-3 5.85726E-4 7.92867E-4 5.31433E-4 1.41162E-3 2.44918E-3 3.55919E-3 4.28683E-3 4.07375E-3 3.91493E-3 1.08619E-2 1.36509E-2 1.47749E-2 2.18785E-2 1.17519E-2 6.9537E-3 5.723E-3 3.11934E-2 1.27456E-2 1.67481E-2 1.12847E-2 1.55824E-2 1.17524E-2 1.19877E-2 1.1971E-2 1.19447E-2 1.20046E-2 1.32993E-2 1.1454E-2 1.04784E-2 1.08556E-2 1.13352E-2 1.57075E-2 1.49538E-2 1.38097E-2 1.09323E-2 1.84417E-2 1.47228E-2 1.09115E-2 1.13059E-2 1.23186E-2 1.11997E-2 1.20016E-2 9.64955E-3 1.14288E-2 1.0194E-2 1.32724E-2 -9999 1.6033E-2 1.24803E-2 7.78553E-3 6.93062E-3 6.33382E-3
