Final_Models_Sept202022/M_0.1_F_lqp_Set_1/Bison_max.asc
ncols         97
nrows         127
xllcorner     -2197417.7431653
yllcorner     -584827.01486885
cellsize      30000.0
NODATA_value  -9999
[rows 0 to 26 of 127, columns 0 to 60 of 97]
-9999 -9999 -9999 -9999 -9999 -9999 -9999 -9999 -9999 -9999 -9999 -9999 -9999 -9999 -9999 -9999 -9999 -9999 -9999 -9999 -9999 -9999 -9999 -9999 -9999 -9999 -9999 -9999 -9999 -9999 -9999 -9999 -9999 -9999 -9999 -9999 -9999 -9999 -9999 -9999 -9999 -9999 -9999 -9999 -9999 -9999 -9999 -9999 -9999 -9999 -9999 -9999 -9999 -9999 -9999 -9999 -9999 -9999 -9999 -9999 -9999
-9999 -9999 -9999 -9999 -9999 -9999 -9999 -9999 -9999 -9999 -9999 -9999 -9999 -9999 -9999 -9999 -9999 -9999 -9999 -9999 -9999 -9999 -9999 -9999 -9999 -9999 -9999 -9999 -9999 -9999 -9999 -9999 -9999 -9999 -9999 -9999 -9999 -9999 -9999 -9999 -9999 -9999 -9999 -9999 -9999 -9999 -9999 -9999 -9999 -9999 -9999 -9999 -9999 -9999 -9999 -9999 -9999 -9999 -9999 -9999 -9999
-9999 -9999 -9999 -9999 -9999 -9999 -9999 -9999 -9999 -9999 -9999 -9999 -9999 -9999 -9999 -9999 -9999 -9999 -9999 -9999 -9999 -9999 -9999 -9999 -9999 -9999 -9999 -9999 -9999 -9999 -9999 -9999 -9999 -9999 -9999 -9999 -9999 -9999 -9999 -9999 -9999 -9999 -9999 -9999 -9999 -9999 -9999 -9999 -9999 -9999 -9999 -9999 -9999 -9999 -9999 -9999 -9999 -9999 -9999 -9999 -9999
-9999 -9999 -9999 -9999 -9999 -9999 -9999 -9999 -9999 -9999 -9999 -9999 -9999 -9999 -9999 -9999 -9999 -9999 -9999 3.55611E-2 4.3099E-2 2.41597E-2 4.12667E-2 -9999 -9999 -9999 -9999 -9999 -9999 -9999 -9999 -9999 -9999 -9999 -9999 -9999 -9999 -9999 -9999 -9999 -9999 -9999 -9999 -9999 -9999 -9999 -9999 -9999 -9999 -9999 -9999 -9999 -9999 -9999 -9999 -9999 -9999 -9999 -9999 -9999 -9999
-9999 -9999 -9999 -9999 -9999 -9999 -9999 -9999 -9999 -9999 -9999 -9999 -9999 -9999 -9999 -9999 -9999 -9999 3.87204E-2 3.89633E-2 4.31339E-2 4.45541E-2 4.29588E-2 3.51073E-2 2.21297E-2 -9999 -9999 -9999 -9999 -9999 -9999 -9999 -9999 -9999 -9999 -9999 -9999 -9999 -9999 -9999 -9999 -9999 -9999 -9999 -9999 -9999 -9999 -9999 -9999 -9999 -9999 -9999 -9999 -9999 -9999 -9999 -9999 -9999 -9999 -9999 -9999
-9999 -9999 -9999 -9999 -9999 -9999 -9999 -9999 -9999 -9999 -9999 -9999 -9999 -9999 -9999 -9999 -9999 -9999 3.90686E-2 4.16513E-2 3.88701E-2 4.15726E-2 3.54838E-2 2.00758E-2 1.79256E-2 -9999 -9999 -9999 -9999 -9999 -9999 -9999 -9999 -9999 -9999 -9999 -9999 -9999 -9999 -9999 -9999 -9999 -9999 -9999 -9999 -9999 -9999 -9999 -9999 -9999 -9999 -9999 -9999 -9999 -9999 -9999 -9999 -9999 -9999 -9999 -9999
-9999 -9999 -9999 -9999 -9999 -9999 -9999 -9999 -9999 -9999 -9999 -9999 -9999 -9999 -9999 -9999 -9999 3.0601E-2 3.41723E-2 1.60395E-2 1.66005E-2 2.43439E-2 2.64435E-2 1.82529E-2 1.31708E-2 1.25108E-2 -9999 1.81225E-2 1.81683E-2 2.07255E-2 -9999 -9999 -9999 -9999 -9999 -9999 -9999 -9999 1.65987E-2 -9999 -9999 -9999 -9999 -9999 -9999 -9999 -9999 -9999 -9999 -9999 -9999 -9999 -9999 -9999 -9999 -9999 -9999 -9999 -9999 -9999 -9999
-9999 -9999 -9999 -9999 -9999 -9999 -9999 -9999 -9999 -9999 -9999 -9999 -9999 -9999 -9999 -9999 3.56357E-2 3.35256E-2 1.28459E-2 8.50107E-3 7.90272E-3 1.10275E-2 1.27231E-2 1.75257E-2 1.43284E-2 1.32755E-2 1.87637E-2 1.7632E-2 1.70567E-2 1.80381E-2 1.91051E-2 2.11906E-2 1.77343E-2 1.7231E-2 1.72706E-2 1.82464E-2 1.89892E-2 -9999 1.50379E-2 1.37773E-2 -9999 -9999 -9999 -9999 -9999 -9999 -9999 -9999 -9999 -9999 -9999 -9999 -9999 -9999 -9999 -9999 -9999 -9999 -9999 -9999 -9999
-9999 -9999 -9999 -9999 -9999 -9999 -9999 -9999 -9999 -9999 -9999 -9999 -9999 -9999 -9999 5.14977E-2 5.41633E-2 2.57022E-2 1.01773E-2 7.96631E-3 6.02041E-3 6.67983E-3 9.42123E-3 1.6672E-2 1.80821E-2 1.52575E-2 3.19775E-2 3.44048E-2 1.82732E-2 1.53917E-2 1.6931E-2 1.73257E-2 1.74315E-2 1.72712E-2 1.81008E-2 2.28054E-2 2.06977E-2 2.00636E-2 1.53401E-2 1.47438E-2 -9999 -9999 -9999 -9999 -9999 -9999 -9999 -9999 -9999 -9999 -9999 -9999 -9999 -9999 -9999 -9999 -9999 -9999 -9999 -9999 -9999
-9999 -9999 -9999 -9999 -9999 -9999 -9999 -9999 -9999 -9999 -9999 -9999 -9999 -9999 -9999 5.48232E-2 4.59675E-2 2.17976E-2 8.16766E-3 8.54124E-3 9.99172E-3 1.14465E-2 1.0293E-2 1.26513E-2 1.88642E-2 1.72331E-2 3.03923E-2 2.98684E-2 1.62284E-2 1.62153E-2 2.38351E-2 2.11095E-2 2.13563E-2 2.71477E-2 2.14076E-2 2.70286E-2 3.05565E-2 2.54173E-2 1.83637E-2 -9999 -9999 -9999 1.24608E-2 -9999 -9999 -9999 -9999 -9999 -9999 -9999 -9999 -9999 -9999 -9999 -9999 -9999 -9999 -9999 -9999 -9999 -9999
-9999 -9999 -9999 -9999 -9999 -9999 -9999 -9999 -9999 -9999 -9999 -9999 -9999 -9999 3.16989E-2 4.29438E-2 3.63408E-2 2.12628E-2 1.64167E-2 1.04129E-2 1.24827E-2 1.26284E-2 1.49098E-2 1.77543E-2 1.51133E-2 2.79534E-2 3.42081E-2 2.58173E-2 2.68346E-2 1.74375E-2 3.06654E-2 2.26319E-2 1.98836E-2 3.20244E-2 3.94069E-2 3.65387E-2 3.6807E-2 2.53873E-2 1.80218E-2 -9999 -9999 1.23516E-2 -9999 -9999 -9999 -9999 -9999 -9999 -9999 -9999 -9999 -9999 -9999 -9999 -9999 -9999 -9999 -9999 -9999 -9999 -9999
-9999 -9999 -9999 -9999 -9999 -9999 -9999 -9999 -9999 -9999 -9999 -9999 -9999 3.21975E-2 5.09539E-2 4.78848E-2 3.70946E-2 2.02058E-2 1.52126E-2 1.33384E-2 1.37296E-2 1.72426E-2 2.34856E-2 2.29335E-2 2.70203E-2 3.06325E-2 3.1028E-2 2.79504E-2 1.53324E-2 1.37175E-2 1.57001E-2 2.32205E-2 2.41376E-2 3.55004E-2 4.02144E-2 3.7062E-2 3.96897E-2 2.44586E-2 1.79013E-2 1.28989E-2 1.12751E-2 1.21019E-2 -9999 1.51831E-2 1.5351E-2 -9999 -9999 -9999 -9999 -9999 -9999 -9999 -9999 -9999 -9999 -9999 -9999 -9999 -9999 -9999 -9999
-9999 -9999 -9999 -9999 -9999 -9999 -9999 -9999 -9999 -9999 -9999 -9999 -9999 5.71967E-2 4.59471E-2 3.10373E-2 2.37451E-2 1.83821E-2 2.46745E-2 5.55536E-3 9.89559E-3 1.18902E-2 1.79333E-2 1.62206E-2 1.56967E-2 2.42872E-2 2.53628E-2 1.65231E-2 1.59278E-2 1.46774E-2 2.21687E-2 2.49984E-2 3.53685E-2 3.43059E-2 3.98983E-2 4.4958E-2 2.08714E-2 2.0588E-2 1.48984E-2 1.06753E-2 1.04238E-2 1.89072E-2 1.57705E-2 1.63857E-2 1.70038E-2 1.86639E-2 -9999 -9999 -9999 -9999 -9999 -9999 -9999 -9999 -9999 -9999 -9999 -9999 -9999 -9999 -9999
-9999 -9999 -9999 -9999 -9999 -9999 -9999 -9999 -9999 -9999 -9999 -9999 6.40684E-2 6.47327E-2 4.33161E-2 2.4871E-2 1.98969E-2 1.56475E-2 2.22578E-2 1.2971E-2 1.13742E-2 1.44977E-2 1.571E-2 1.55076E-2 1.69642E-2 1.22443E-2 1.88334E-2 1.11416E-2 3.06721E-2 3.90173E-2 3.05369E-2 1.99742E-2 1.79252E-2 2.48338E-2 2.51134E-2 2.85631E-2 1.63397E-2 1.79107E-2 1.64089E-2 1.05308E-2 9.45077E-3 1.03665E-2 1.49066E-2 1.73594E-2 1.88224E-2 1.85026E-2 1.80349E-2 -9999 -9999 -9999 7.26195E-3 5.73763E-3 -9999 -9999 -9999 -9999 -9999 -9999 -9999 -9999 -9999
-9999 -9999 -9999 -9999 -9999 -9999 -9999 -9999 -9999 -9999 -9999 3.82448E-2 3.53461E-2 4.31548E-2 2.0894E-2 1.93211E-2 1.24215E-2 1.09083E-2 1.46011E-2 1.96871E-2 1.40599E-2 2.43451E-2 2.17402E-2 2.10056E-2 9.78899E-3 8.34569E-3 2.49954E-2 2.62792E-2 2.04129E-2 1.8614E-2 1.98323E-2 2.14152E-2 1.46412E-2 1.42836E-2 3.05652E-2 3.73549E-2 3.19898E-2 2.46021E-2 2.01487E-2 1.16042E-2 1.05044E-2 1.06489E-2 1.23141E-2 1.47893E-2 1.53429E-2 1.63585E-2 1.53637E-2 1.38954E-2 -9999 -9999 -9999 6.86435E-3 5.743E-3 -9999 -9999 -9999 -9999 -9999 -9999 -9999 -9999
-9999 -9999 -9999 -9999 -9999 -9999 -9999 -9999 -9999 -9999 -9999 3.76101E-2 2.02517E-2 1.55077E-2 1.0459E-2 5.45393E-3 5.74956E-3 9.11956E-3 9.05377E-3 1.32096E-2 1.79103E-2 2.19823E-2 2.23716E-2 2.43404E-2 8.44557E-3 9.51719E-3 2.11523E-2 3.86615E-2 4.96564E-2 3.95296E-2 1.89797E-2 1.61604E-2 1.25535E-2 1.32825E-2 2.95002E-2 3.18587E-2 2.43356E-2 2.07027E-2 1.57078E-2 1.14731E-2 1.20177E-2 1.19263E-2 1.23345E-2 1.59431E-2 1.16263E-2 1.30252E-2 1.15888E-2 1.08896E-2 1.20925E-2 -9999 -9999 7.64805E-3 7.0957E-3 6.91562E-3 7.32453E-3 -9999 -9999 -9999 -9999 -9999 -9999
-9999 -9999 -9999 -9999 -9999 -9999 -9999 -9999 -9999 -9999 3.19743E-2 4.93361E-2 3.74823E-2 1.0519E-2 5.49461E-3 4.54779E-3 6.39466E-3 5.36813E-3 9.09841E-3 1.23723E-2 3.17176E-2 2.18925E-2 1.41244E-2 2.52647E-2 1.22304E-2 1.38465E-2 1.40813E-2 1.53225E-2 3.76891E-2 1.77082E-2 2.2428E-2 1.4478E-2 2.78219E-2 2.03749E-2 3.80579E-2 4.27847E-2 3.8326E-2 3.18568E-2 3.2875E-2 1.60438E-2 1.22618E-2 1.23691E-2 1.2845E-2 1.34896E-2 1.14095E-2 1.01322E-2 9.43114E-3 1.07082E-2 1.13154E-2 1.03048E-2 9.76926E-3 1.16655E-2 -9999 -9999 8.09724E-3 8.06268E-3 -9999 -9999 -9999 -9999 -9999
-9999 -9999 -9999 -9999 -9999 -9999 -9999 -9999 -9999 8.8591E-2 3.23173E-2 4.034E-2 1.91197E-2 1.00911E-2 5.97436E-3 6.17184E-3 5.65104E-3 7.4543E-3 6.58633E-3 1.3712E-2 2.60121E-2 2.40954E-2 1.68594E-2 1.67981E-2 1.29542E-2 1.7456E-2 1.55498E-2 1.51261E-2 1.59291E-2 2.13973E-2 3.94057E-2 2.22772E-2 2.11669E-2 3.76543E-2 3.81889E-2 3.55369E-2 3.7773E-2 6.13467E-2 6.2803E-2 4.572E-2 1.3136E-2 1.25684E-2 1.22049E-2 1.30474E-2 1.16334E-2 9.2304E-3 9.43927E-3 1.07658E-2 1.05242E-2 9.04003E-3 9.53584E-3 1.02543E-2 9.73471E-3 -9999 8.09203E-3 8.0703E-3 7.44524E-3 6.5529E-3 -9999 -9999 -9999
-9999 -9999 -9999 -9999 -9999 -9999 -9999 -9999 3.3748E-2 4.37121E-2 6.84313E-2 3.70073E-2 2.12505E-2 1.84036E-2 1.90573E-2 1.47089E-2 1.06759E-2 1.4508E-2 9.8642E-3 1.24677E-2 1.9104E-2 2.09476E-2 3.08603E-2 2.34613E-2 1.17766E-2 1.69608E-2 1.516E-2 1.55769E-2 1.40445E-2 1.36717E-2 2.74741E-2 2.87829E-2 3.29015E-2 4.65673E-2 4.51744E-2 3.23789E-2 3.91132E-2 6.5649E-2 7.11182E-2 1.13477E-1 2.68309E-2 1.53547E-2 1.23087E-2 1.26011E-2 1.09011E-2 9.1423E-3 1.06263E-2 1.18497E-2 1.04452E-2 9.02637E-3 9.16683E-3 9.74521E-3 1.04097E-2 1.13796E-2 8.76953E-3 8.10573E-3 6.68156E-3 6.22035E-3 6.08222E-3 5.59841E-3 5.60082E-3
-9999 -9999 -9999 -9999 -9999 -9999 -9999 -9999 2.29537E-2 1.5761E-2 3.81307E-2 4.89564E-2 2.6395E-2 2.55817E-2 2.87145E-2 4.18746E-2 2.2868E-2 1.83615E-2 1.60032E-2 1.37135E-2 1.7487E-2 1.74415E-2 1.69938E-2 2.37208E-2 1.51601E-2 1.93529E-2 1.65408E-2 1.44869E-2 1.93678E-2 2.01152E-2 3.12473E-2 3.54922E-2 4.01518E-2 5.37998E-2 4.53383E-2 4.1531E-2 4.8786E-2 6.09872E-2 6.33127E-2 8.00636E-2 3.63515E-2 1.49808E-2 1.36127E-2 1.28883E-2 1.21573E-2 1.20379E-2 1.29091E-2 1.38324E-2 1.30497E-2 9.91967E-3 9.12757E-3 1.05455E-2 1.16963E-2 1.16184E-2 -9999 9.33813E-3 7.84434E-3 8.00768E-3 6.89997E-3 6.13494E-3 5.67933E-3
-9999 -9999 -9999 -9999 -9999 -9999 -9999 4.72193E-2 4.76078E-2 3.08813E-2 5.33604E-2 4.61459E-2 4.77084E-2 3.35572E-2 3.40332E-2 3.81586E-2 2.82686E-2 3.26525E-2 2.62775E-2 2.00235E-2 2.04569E-2 2.29959E-2 1.47512E-2 1.62916E-2 1.08759E-2 2.07278E-2 2.98646E-2 1.86096E-2 3.35063E-2 3.48365E-2 4.00861E-2 4.38865E-2 4.93743E-2 6.43072E-2 7.27438E-2 8.83965E-2 3.20508E-2 5.97225E-2 4.21622E-2 8.76734E-2 2.73547E-2 1.66325E-2 1.5464E-2 1.44924E-2 1.50744E-2 1.42046E-2 1.36217E-2 1.3553E-2 1.34173E-2 1.35672E-2 1.17793E-2 1.16881E-2 -9999 -9999 -9999 -9999 -9999 -9999 -9999 -9999 -9999
-9999 -9999 -9999 -9999 -9999 -9999 5.92927E-2 7.37651E-2 5.68625E-2 5.36891E-2 7.5985E-2 5.70539E-2 5.15483E-2 5.55468E-2 5.82678E-2 2.79337E-2 3.22683E-2 4.12623E-2 3.92415E-2 3.14861E-2 2.8948E-2 2.05441E-2 1.4119E-2 2.76543E-2 1.46485E-2 1.37664E-2 2.65815E-2 3.64336E-2 2.61148E-2 1.91388E-2 3.42604E-2 3.96249E-2 4.85626E-2 8.97749E-2 8.49689E-2 3.37759E-2 7.77206E-2 4.81576E-2 9.94204E-2 9.87575E-2 2.09227E-2 3.54064E-2 2.20325E-2 1.97964E-2 1.77907E-2 1.59976E-2 1.54064E-2 1.48427E-2 1.40448E-2 1.27949E-2 1.35771E-2 1.429E-2 1.30884E-2 1.30721E-2 -9999 -9999 -9999 -9999 -9999 -9999 -9999
-9999 -9999 -9999 -9999 -9999 -9999 7.19113E-2 6.21869E-2 4.66001E-2 5.89242E-2 5.61884E-2 3.79246E-2 5.835E-2 3.49124E-2 3.04021E-2 4.0118E-2 4.6027E-2 5.02299E-2 4.4359E-2 4.02959E-2 2.56365E-2 3.07968E-2 2.0517E-2 2.00483E-2 2.3526E-2 2.73729E-2 1.62711E-2 1.89182E-2 3.151E-2 1.666E-2 4.04775E-2 4.41039E-2 6.10659E-2 3.32418E-2 3.44129E-2 5.16227E-2 7.52703E-2 8.51439E-2 4.7916E-2 5.36695E-2 3.20405E-2 3.79872E-2 2.35541E-2 2.53428E-2 2.80694E-2 2.53963E-2 2.39239E-2 1.83588E-2 1.65707E-2 1.28767E-2 1.18665E-2 8.53889E-3 8.15367E-3 8.47166E-3 8.63859E-3 1.08482E-2 1.01916E-2 8.78447E-3 9.21285E-3 1.035E-2 8.48557E-3
-9999 -9999 -9999 -9999 -9999 5.17104E-2 5.17674E-2 5.05933E-2 3.36131E-2 7.89464E-2 1.03256E-1 8.14737E-2 5.01274E-2 4.38374E-2 3.65899E-2 4.16498E-2 5.54486E-2 6.22187E-2 4.30668E-2 4.54701E-2 4.95059E-2 4.53485E-2 3.18664E-2 3.0525E-2 3.48173E-2 2.83544E-2 1.98804E-2 1.37468E-2 2.87654E-2 2.45347E-2 1.63206E-2 4.73132E-2 6.91512E-2 7.4942E-2 4.60746E-2 4.25333E-2 6.73572E-2 -9999 -9999 3.10122E-2 -9999 -9999 -9999 5.46528E-2 3.78212E-2 2.48708E-2 1.98296E-2 1.57939E-2 1.28688E-2 1.35085E-2 1.24082E-2 7.50373E-3 6.97037E-3 6.88012E-3 7.82799E-3 1.04651E-2 5.62269E-3 6.29554E-3 5.37759E-3 6.87298E-3 7.94801E-3
-9999 -9999 -9999 -9999 2.4732E-2 3.04442E-2 3.00309E-2 3.37556E-2 4.35507E-2 7.16024E-2 1.34501E-1 7.92591E-2 4.18704E-2 3.33368E-2 4.47993E-2 5.8274E-2 5.90767E-2 5.2308E-2 5.505E-2 6.57093E-2 7.98584E-2 4.62846E-2 3.39497E-2 3.89198E-2 3.34256E-2 3.67737E-2 2.07815E-2 2.06689E-2 1.74839E-2 1.35678E-2 3.28116E-2 4.75753E-2 7.36112E-2 7.34745E-2 1.6428E-2 5.934E-2 6.49877E-2 8.56419E-2 1.66373E-1 7.99847E-2 1.57399E-1 -9999 4.24272E-2 5.99017E-2 3.01655E-2 2.14562E-2 2.35576E-2 2.86501E-2 1.78888E-2 1.97568E-2 1.38981E-2 7.24806E-3 7.79003E-3 7.25224E-3 6.66505E-3 4.9924E-3 4.25163E-3 4.91357E-3 4.03963E-3 5.00711E-3 8.30146E-3
-9999 -9999 -9999 4.38584E-2 7.1881E-2 6.92405E-2 5.80467E-2 3.93471E-2 5.91821E-2 1.64222E-1 9.87766E-2 1.13522E-1 7.40102E-2 3.92617E-2 5.11739E-2 4.49984E-2 4.91457E-2 5.13017E-2 7.30827E-2 7.45799E-2 4.08924E-2 1.95473E-2 3.44744E-2 3.13641E-2 2.14074E-2 2.1135E-2 2.19822E-2 2.42685E-2 2.37985E-2 1.26896E-2 2.24115E-2 5.77747E-2 6.06643E-2 4.72638E-2 3.67119E-2 7.62186E-2 8.25809E-2 6.88353E-2 8.07517E-2 5.53409E-2 1.17219E-1 5.83112E-2 -9999 -9999 2.41089E-2 3.12483E-2 8.40026E-2 7.42051E-2 2.76823E-2 1.57924E-2 2.29526E-2 1.14083E-2 7.92758E-3 7.89669E-3 6.2601E-3 4.4147E-3 4.30694E-3 4.41097E-3 4.39472E-3 4.22953E-3 7.59477E-3
-9999 -9999 -9999 8.32919E-3 5.44754E-2 1.02724E-1 9.32214E-2 8.11127E-2 1.03277E-1 9.03733E-2 5.15201E-2 9.50914E-2 6.58537E-2 5.37719E-2 5.17327E-2 3.88963E-2 4.95425E-2 5.09799E-2 5.99949E-2 3.37429E-2 2.29913E-2 1.4013E-2 1.16331E-2 1.62717E-2 1.61679E-2 2.48722E-2 3.05118E-2 3.2526E-2 1.90713E-2 1.58961E-2 2.08296E-2 3.97622E-2 3.50377E-2 3.79824E-2 3.40496E-2 5.86882E-2 8.05112E-2 1.09434E-1 5.01737E-2 2.88351E-2 -9999 -9999 -9999 -9999 -9999 1.53894E-1 1.53271E-1 6.31802E-2 2.41046E-2 1.81175E-2 1.5919E-2 3.12766E-2 8.49823E-3 8.46721E-3 5.40578E-3 3.96473E-3 4.31924E-3 4.32767E-3 5.12885E-3 7.41339E-3 1.29503E-2
