Final_Models_Sept202022/M_0.1_F_lqp_Set_1/Bison_6.asc
ncols         97
nrows         127
xllcorner     -2197417.7431653
yllcorner     -584827.01486885
cellsize      30000.0
NODATA_value  -9999
[rows 81 to 107 of 127, columns 0 to 60 of 97]
-9999 -9999 -9999 -9999 -9999 -9999 -9999 -9999 -9999 -9999 -9999 1.12968E-2 1.5445E-3 8.03614E-4 9.79903E-3 4.729E-3 2.56557E-3 5.20688E-4 1.41929E-3 1.77111E-2 4.35053E-3 2.17068E-2 9.27344E-3 3.43199E-2 1.35767E-1 2.62746E-1 1.02438E-1 8.45032E-2 1.26089E-1 1.80816E-2 1.5991E-2 3.92318E-3 8.3547E-3 3.83132E-2 5.84973E-2 8.31623E-2 9.3012E-2 4.35603E-1 6.61699E-1 8.10331E-1 8.99177E-1 7.26998E-1 7.11422E-1 8.19035E-1 7.49762E-1 4.95944E-1 4.18866E-1 3.89854E-1 4.37738E-1 5.11854E-1 5.6746E-1 6.77112E-1 6.82264E-1 6.75064E-1 6.61704E-1 4.80315E-1 5.84427E-1 6.05839E-1 5.57877E-1 5.01377E-1 4.98324E-1
-9999 -9999 -9999 -9999 -9999 -9999 -9999 -9999 -9999 -9999 -9999 -9999 6.84695E-3 9.77698E-4 2.25624E-3 5.31497E-3 4.36209E-3 1.74749E-2 3.84868E-3 3.48406E-3 2.69846E-3 2.46011E-3 2.45299E-3 1.53869E-2 2.20312E-1 2.59201E-1 6.23871E-2 9.28516E-2 1.73787E-1 2.6489E-2 9.71611E-3 7.99105E-3 5.48038E-3 1.62292E-2 8.0255E-2 1.12701E-1 1.01781E-1 1.30108E-1 4.01621E-1 6.85571E-1 8.11922E-1 7.20178E-1 7.17419E-1 7.53757E-1 6.99491E-1 4.89168E-1 3.66458E-1 4.58482E-1 5.15077E-1 6.60899E-1 6.67277E-1 6.79449E-1 6.95674E-1 6.78844E-1 6.2698E-1 6.08999E-1 5.96602E-1 5.2501E-1 5.14266E-1 4.53981E-1 5.53E-1
-9999 -9999 -9999 -9999 -9999 -9999 -9999 -9999 -9999 -9999 -9999 -9999 -9999 4.03324E-3 2.37468E-4 1.15978E-3 5.5184E-4 1.45794E-2 3.48548E-1 1.64545E-2 2.91775E-3 4.3808E-3 8.45502E-4 1.1238E-2 5.45256E-2 4.30355E-2 3.12435E-2 1.09043E-1 3.32624E-2 2.38624E-2 8.87133E-3 7.20878E-3 1.73374E-3 9.18234E-3 2.72542E-2 2.66087E-1 7.7529E-2 1.12441E-1 1.91398E-1 6.81148E-1 8.07403E-1 7.76469E-1 7.39601E-1 6.89821E-1 6.20256E-1 4.43598E-1 4.49704E-1 4.78788E-1 5.36489E-1 6.29862E-1 6.5289E-1 6.52243E-1 7.13572E-1 6.91584E-1 6.57828E-1 6.17786E-1 6.83195E-1 6.11509E-1 4.87084E-1 4.97907E-1 5.1404E-1
-9999 -9999 -9999 -9999 -9999 -9999 -9999 -9999 -9999 -9999 -9999 -9999 -9999 4.54291E-3 8.73153E-4 1.3137E-3 3.37743E-3 -9999 8.15298E-3 6.86782E-2 2.01327E-1 3.54379E-2 2.09577E-3 7.56858E-3 1.08927E-1 4.65209E-2 9.01656E-2 7.47253E-2 3.83047E-2 2.17328E-2 1.6657E-2 5.68869E-3 4.15278E-3 1.06964E-2 2.83274E-2 9.36236E-2 5.67196E-2 8.96332E-2 1.46428E-1 5.0274E-1 6.74666E-1 6.9273E-1 6.95352E-1 5.49587E-1 5.97582E-1 6.82877E-1 6.29669E-1 6.53248E-1 5.05388E-1 5.88889E-1 6.2895E-1 6.05224E-1 6.37537E-1 5.96105E-1 6.21402E-1 4.22426E-1 6.1563E-1 6.62692E-1 5.40689E-1 5.49938E-1 6.07009E-1
-9999 -9999 -9999 -9999 -9999 -9999 -9999 -9999 -9999 -9999 -9999 -9999 -9999 8.80638E-3 2.56998E-3 9.29524E-4 3.12176E-3 -9999 3.21012E-2 2.84417E-1 8.1629E-2 3.46638E-3 4.63884E-4 8.35474E-3 3.29345E-2 4.98044E-2 1.40816E-1 4.10051E-2 3.09126E-2 1.48558E-2 8.11993E-3 3.11585E-3 1.08161E-2 1.77146E-2 2.08688E-2 7.49664E-2 8.4464E-2 1.14457E-1 2.52108E-1 2.36307E-1 5.25422E-1 6.22166E-1 6.98076E-1 6.0341E-1 5.43176E-1 6.72829E-1 5.08949E-1 4.52525E-1 5.02001E-1 6.73567E-1 6.21176E-1 4.81078E-1 6.05762E-1 7.08483E-1 6.51695E-1 5.78164E-1 7.05726E-1 5.25358E-1 5.26997E-1 5.29826E-1 5.12162E-1
-9999 -9999 -9999 -9999 -9999 -9999 -9999 -9999 -9999 -9999 -9999 -9999 -9999 2.64582E-3 4.77912E-3 1.11169E-3 9.96663E-4 -9999 2.36816E-3 6.35415E-2 1.6684E-2 8.81327E-4 1.11435E-3 3.73591E-3 3.8837E-2 9.36983E-2 2.1566E-1 4.4941E-2 2.37772E-2 1.06609E-2 2.1354E-2 1.52152E-2 1.78213E-2 1.21638E-2 1.86085E-2 1.7824E-1 3.10528E-2 1.09117E-1 1.29753E-1 3.32581E-1 4.51739E-1 5.7879E-1 6.15263E-1 6.39254E-1 6.26778E-1 5.81734E-1 4.55621E-1 5.13745E-1 5.68854E-1 6.75875E-1 5.92223E-1 3.66045E-1 5.11786E-1 6.96414E-1 6.64514E-1 6.65381E-1 6.52823E-1 3.99144E-1 4.70846E-1 5.06045E-1 6.21745E-1
-9999 -9999 -9999 -9999 -9999 -9999 -9999 -9999 -9999 -9999 -9999 -9999 -9999 4.5503E-3 1.34923E-3 6.37801E-4 1.45416E-2 -9999 7.41296E-3 8.28429E-2 9.24011E-3 1.10447E-3 2.69694E-3 1.39115E-2 4.26651E-2 1.36425E-1 4.90197E-1 1.96126E-1 1.15489E-1 1.47386E-2 3.848E-2 7.37079E-3 2.99009E-3 1.90299E-2 4.54729E-2 1.04672E-1 1.03935E-1 7.00279E-2 6.00587E-1 5.06368E-1 3.6851E-1 5.76186E-1 7.43331E-1 6.28561E-1 6.03787E-1 6.05408E-1 6.69849E-1 7.1579E-1 6.2771E-1 4.98892E-1 4.23559E-1 3.28329E-1 5.16532E-1 6.354E-1 7.28929E-1 7.06234E-1 6.02953E-1 4.76646E-1 4.32927E-1 4.6787E-1 5.4293E-1
-9999 -9999 -9999 -9999 -9999 -9999 -9999 -9999 -9999 -9999 -9999 -9999 -9999 1.92226E-3 1.29039E-3 5.35006E-4 8.0196E-4 2.17003E-3 1.6572E-3 1.01898E-1 4.35245E-3 3.62215E-4 2.75889E-3 3.18362E-2 1.85254E-1 3.84991E-1 3.23124E-1 1.08385E-1 4.10179E-2 5.57746E-2 4.14444E-2 1.15826E-2 7.45394E-3 1.17905E-1 2.43973E-2 2.34182E-2 8.27068E-2 2.47294E-2 6.9349E-2 4.44774E-1 4.00237E-1 6.25335E-1 6.20596E-1 6.05795E-1 6.37113E-1 5.99687E-1 5.7909E-1 4.84492E-1 6.52735E-1 6.47344E-1 5.18763E-1 4.80435E-1 7.18005E-1 7.07835E-1 7.17203E-1 6.87675E-1 6.45896E-1 6.03746E-1 6.27067E-1 4.48788E-1 5.1877E-1
-9999 -9999 -9999 -9999 -9999 -9999 -9999 -9999 -9999 -9999 -9999 -9999 -9999 2.70874E-3 2.00274E-3 3.50752E-4 1.70789E-3 7.74801E-4 5.46869E-4 2.3788E-2 8.85904E-3 1.37881E-3 2.66541E-3 4.34726E-2 4.12983E-1 3.28249E-1 1.03839E-1 4.49515E-2 3.24239E-2 2.06515E-1 2.05713E-2 1.74575E-2 2.26733E-2 1.55224E-1 1.43156E-2 2.50021E-2 1.15069E-1 1.76683E-2 2.66365E-2 3.58343E-2 3.6319E-1 5.8817E-1 5.80547E-1 6.86244E-1 6.34126E-1 6.10906E-1 6.47269E-1 4.52305E-1 3.37759E-1 4.48863E-1 5.09825E-1 4.21123E-1 6.60898E-1 7.06745E-1 7.31699E-1 6.82747E-1 6.2617E-1 6.51034E-1 6.10957E-1 6.52107E-1 5.34395E-1
-9999 -9999 -9999 -9999 -9999 -9999 -9999 -9999 -9999 -9999 -9999 -9999 -9999 2.99038E-3 3.54402E-3 2.82323E-3 4.0898E-4 4.18972E-4 3.29079E-4 1.19503E-1 1.45507E-3 2.3005E-3 1.71536E-2 3.01565E-1 5.7958E-1 2.59795E-1 2.76344E-1 3.70541E-2 6.62533E-2 1.34678E-1 4.75235E-2 2.33551E-2 6.52652E-2 3.17334E-2 1.35577E-2 1.69082E-2 3.78676E-2 2.07135E-2 6.52578E-2 1.37464E-2 2.68227E-1 2.99579E-1 7.005E-1 5.7298E-1 6.70364E-1 7.06175E-1 4.61278E-1 4.67012E-1 4.09535E-1 6.16644E-1 5.74943E-1 4.69159E-1 6.57042E-1 5.99029E-1 5.97464E-1 6.17605E-1 6.13933E-1 6.41895E-1 6.71663E-1 6.57323E-1 5.92203E-1
-9999 -9999 -9999 -9999 -9999 -9999 -9999 -9999 -9999 -9999 -9999 -9999 -9999 3.45498E-3 4.79006E-3 3.36099E-3 7.79956E-4 2.56301E-4 1.69552E-2 6.63837E-2 4.59653E-3 2.96446E-3 9.75794E-2 5.19396E-1 3.07435E-1 2.28605E-1 4.07235E-1 3.01687E-1 9.04424E-2 6.54901E-2 7.44828E-2 4.52696E-2 6.64559E-2 3.52595E-2 5.52196E-3 5.10686E-2 6.61465E-2 7.54965E-2 1.85906E-1 2.28275E-2 6.42358E-2 2.64472E-1 6.37426E-1 7.07748E-1 4.25321E-1 4.38017E-1 5.56801E-1 5.32565E-1 6.0725E-1 4.78282E-1 3.86581E-1 4.16518E-1 5.5251E-1 5.8595E-1 5.72492E-1 3.94306E-1 4.06989E-1 4.74962E-1 5.97442E-1 5.69816E-1 4.92118E-1
-9999 -9999 -9999 -9999 -9999 -9999 -9999 -9999 -9999 -9999 -9999 -9999 -9999 3.86127E-3 1.78827E-3 5.71953E-3 4.65987E-3 6.36959E-3 3.87921E-2 4.39565E-3 1.19976E-2 4.35104E-2 9.10644E-2 1.88516E-1 1.77322E-1 1.76757E-1 2.89947E-1 3.27256E-1 3.98941E-1 2.12355E-1 1.04141E-1 8.14881E-2 2.146E-2 6.50351E-3 5.48954E-3 3.5432E-2 1.65138E-1 2.92379E-1 5.33793E-1 2.25634E-2 7.10784E-2 4.55838E-1 5.30616E-1 6.71771E-1 5.12939E-1 5.56733E-1 5.97037E-1 5.67687E-1 5.47642E-1 5.27982E-1 4.2185E-1 4.65289E-1 5.82396E-1 5.83416E-1 5.73164E-1 4.85587E-1 3.93293E-1 6.00004E-1 5.32984E-1 5.81349E-1 5.59051E-1
-9999 -9999 -9999 -9999 -9999 -9999 -9999 -9999 -9999 -9999 -9999 -9999 4.77531E-3 3.94364E-3 6.02332E-3 8.98425E-3 1.87605E-2 1.77109E-2 1.29799E-2 9.21635E-4 8.55931E-3 2.63951E-1 2.49952E-1 2.37801E-1 4.38082E-2 1.33819E-1 2.34368E-1 2.66907E-1 3.33959E-1 1.16816E-1 2.14703E-1 6.27018E-2 1.20951E-2 6.08436E-3 1.23179E-2 1.47606E-2 9.73573E-2 3.437E-1 8.75635E-2 2.58538E-2 1.76935E-2 3.51423E-1 5.6954E-1 6.34512E-1 5.75568E-1 5.90605E-1 5.56335E-1 5.0931E-1 4.60987E-1 6.7971E-1 4.83138E-1 4.68265E-1 5.02317E-1 5.12208E-1 5.26987E-1 5.14337E-1 4.34589E-1 6.89229E-1 5.3227E-1 5.00749E-1 6.23516E-1
-9999 -9999 -9999 -9999 -9999 -9999 -9999 -9999 -9999 -9999 -9999 -9999 1.29272E-2 7.69906E-3 4.74444E-3 6.9944E-3 1.47214E-2 1.30304E-2 2.53664E-3 3.31906E-3 5.50563E-2 1.83289E-1 5.80426E-2 1.69422E-1 1.34118E-1 1.14653E-1 7.8802E-2 1.74985E-1 2.66494E-1 2.66027E-1 2.36116E-1 1.18141E-1 2.23971E-2 2.93749E-2 4.85562E-3 1.61659E-2 2.51553E-1 5.52957E-1 1.33935E-1 1.49286E-2 2.33293E-2 3.3245E-1 4.03094E-1 5.01879E-1 4.91538E-1 5.44529E-1 4.23693E-1 4.85639E-1 5.35375E-1 5.76212E-1 4.56737E-1 4.23494E-1 3.81637E-1 4.80357E-1 4.68346E-1 4.59104E-1 4.74888E-1 5.22424E-1 5.36609E-1 4.52343E-1 4.9804E-1
-9999 -9999 -9999 -9999 -9999 -9999 -9999 -9999 -9999 -9999 -9999 -9999 6.42458E-3 4.89717E-3 3.05082E-3 9.04925E-3 1.00954E-2 8.27685E-3 3.23607E-3 1.73854E-2 9.70854E-2 7.02237E-2 7.60084E-2 2.17182E-2 3.77526E-2 7.86327E-2 2.33536E-1 1.63194E-1 2.30322E-1 2.40413E-1 3.0232E-1 3.53533E-2 1.6171E-2 7.04734E-3 5.43337E-3 1.04631E-2 1.4522E-1 5.39255E-1 1.8046E-1 3.23941E-2 2.77892E-2 4.34824E-1 4.11756E-1 5.32914E-1 4.40422E-1 4.57006E-1 4.26296E-1 4.06945E-1 5.32264E-1 7.23335E-1 7.00741E-1 6.83758E-1 4.71957E-1 3.69119E-1 4.59136E-1 5.72778E-1 6.18304E-1 6.96386E-1 5.07576E-1 4.9775E-1 6.16279E-1
-9999 -9999 -9999 -9999 -9999 -9999 -9999 -9999 -9999 -9999 -9999 -9999 2.64361E-2 3.10539E-3 1.34917E-2 9.32985E-3 6.50398E-2 1.32144E-3 6.81235E-3 9.9215E-3 3.17214E-2 5.34022E-2 5.19734E-2 8.41862E-2 3.0395E-2 5.15758E-2 1.17528E-1 1.68252E-1 3.00272E-1 4.21796E-1 2.95814E-1 8.58503E-2 2.3077E-2 8.52689E-3 5.2855E-3 6.27395E-3 4.46243E-2 2.74353E-1 4.9557E-2 8.64071E-2 4.08911E-2 3.45092E-1 4.30149E-1 5.11531E-1 5.03519E-1 5.21018E-1 5.32505E-1 3.74068E-1 4.56227E-1 6.38995E-1 6.5546E-1 6.77293E-1 6.44872E-1 4.59339E-1 7.16447E-1 6.28899E-1 7.62774E-1 5.66159E-1 4.09312E-1 4.88757E-1 4.62569E-1
-9999 -9999 -9999 -9999 -9999 -9999 -9999 -9999 -9999 -9999 -9999 5.86536E-3 4.49205E-3 1.76378E-2 4.52464E-3 5.4106E-4 2.76866E-2 4.53446E-3 1.93532E-2 2.26739E-1 1.0827E-1 5.94297E-2 9.07443E-2 6.90407E-2 8.75972E-3 5.26E-2 1.42651E-1 3.7462E-1 3.24048E-1 4.62678E-1 5.30527E-1 4.15844E-1 1.8206E-2 3.41174E-2 8.1799E-3 1.64889E-2 3.92122E-2 5.45962E-1 3.24042E-1 1.88924E-1 4.28718E-1 1.80765E-1 6.33866E-1 5.59348E-1 5.55388E-1 6.56249E-1 4.98063E-1 2.70142E-1 4.22742E-1 5.18441E-1 4.57075E-1 3.7113E-1 5.89652E-1 7.14462E-1 5.03221E-1 4.54625E-1 4.06306E-1 4.43042E-1 4.8167E-1 5.40978E-1 4.33408E-1
-9999 -9999 -9999 -9999 -9999 -9999 -9999 -9999 -9999 -9999 -9999 4.04034E-3 8.32951E-3 2.81934E-2 1.34617E-2 1.3081E-2 2.12427E-2 7.97111E-3 7.35003E-2 1.7089E-1 1.53503E-1 3.14837E-2 2.31493E-2 2.57408E-2 8.49705E-2 1.50054E-1 1.64569E-1 1.67618E-2 1.09765E-2 6.27558E-1 5.33578E-1 6.32734E-1 2.5039E-1 1.7117E-2 1.69329E-2 1.05551E-2 2.77048E-2 6.5602E-1 4.98665E-2 5.59331E-1 4.60149E-1 2.89116E-1 7.54251E-1 5.31434E-1 5.68426E-1 1.5111E-1 9.05695E-2 4.71896E-1 4.12317E-1 6.43748E-1 4.96058E-1 3.47843E-1 5.30485E-1 5.97324E-1 3.56924E-1 3.92094E-1 3.52998E-1 3.7125E-1 4.57283E-1 4.86322E-1 4.98392E-1
-9999 -9999 -9999 -9999 -9999 -9999 -9999 -9999 -9999 -9999 6.35952E-4 9.07428E-4 8.63972E-3 1.56788E-2 1.00928E-1 7.49927E-3 2.38567E-3 8.59086E-3 6.5567E-2 5.33514E-2 6.61342E-2 8.37675E-2 9.6918E-2 7.01421E-2 1.1821E-1 2.91258E-1 1.10034E-1 1.49881E-2 6.59688E-2 1.79826E-1 2.05688E-1 7.23108E-1 3.96777E-1 7.30768E-3 2.55335E-2 1.55954E-2 9.74872E-2 6.49539E-1 1.21748E-1 3.52386E-1 7.35204E-1 4.0037E-1 6.21028E-1 7.18888E-1 4.96363E-1 6.22187E-1 2.69436E-1 4.89387E-1 5.35326E-1 3.32494E-1 4.83601E-1 2.96209E-1 3.04886E-1 3.34197E-1 3.51152E-1 3.582E-1 3.67113E-1 4.40363E-1 3.89052E-1 3.70331E-1 4.19489E-1
-9999 -9999 -9999 -9999 -9999 -9999 -9999 -9999 -9999 -9999 4.37418E-4 3.17747E-4 1.67945E-2 2.96425E-2 2.62625E-2 3.46141E-3 2.79507E-3 2.22566E-2 2.5573E-2 3.75767E-2 3.34057E-2 8.83053E-2 1.02032E-1 1.30987E-1 1.44999E-1 1.36614E-1 1.7831E-1 1.86281E-1 3.09929E-1 3.76866E-1 1.07836E-1 1.69198E-1 2.7968E-2 2.0045E-2 1.87388E-2 1.0619E-2 1.52159E-1 3.68776E-1 1.57937E-1 5.10228E-1 7.85896E-1 1.03117E-1 3.29136E-1 6.4808E-1 5.84072E-1 4.24503E-1 4.57852E-1 3.17451E-1 2.87119E-1 3.7058E-1 2.73498E-1 3.64452E-1 3.1159E-1 3.26942E-1 4.04251E-1 4.84583E-1 4.05485E-1 4.1361E-1 4.38083E-1 4.5189E-1 4.62109E-1
-9999 -9999 -9999 -9999 -9999 -9999 -9999 -9999 -9999 -9999 2.83456E-4 2.47845E-4 2.16627E-2 1.92531E-2 4.93779E-3 3.70039E-3 4.56345E-3 1.68929E-2 4.60898E-2 4.0181E-2 2.2943E-2 3.52442E-2 3.32199E-2 4.59076E-2 1.0965E-1 6.42625E-2 2.96002E-1 5.4427E-2 2.71195E-1 2.70899E-1 3.64211E-2 2.64821E-2 2.05335E-2 3.19259E-2 3.82136E-2 3.86608E-2 1.35359E-1 1.96032E-1 3.52923E-1 2.75374E-1 6.42668E-1 4.52833E-1 6.5265E-1 6.11075E-1 6.43821E-1 6.21663E-1 2.43052E-1 3.14169E-1 3.25146E-1 3.49086E-1 4.62299E-1 5.33403E-1 5.11447E-1 3.68343E-1 4.10099E-1 3.23719E-1 3.15442E-1 3.51473E-1 5.45185E-1 4.38762E-1 3.54399E-1
-9999 -9999 -9999 -9999 -9999 -9999 -9999 -9999 -9999 3.3211E-4 1.89552E-4 2.83379E-4 1.11692E-2 4.93456E-3 8.72817E-4 1.5439E-3 8.704E-3 4.11127E-2 6.43024E-2 1.3527E-2 2.91616E-2 4.27408E-2 4.93591E-2 6.32214E-2 2.74267E-2 2.04834E-2 4.41834E-1 8.80065E-2 7.18521E-2 2.89891E-2 3.2053E-2 1.28034E-1 1.02855E-1 1.03684E-1 9.92571E-2 9.40627E-2 1.10127E-1 1.61998E-1 5.80842E-1 1.87533E-1 7.32541E-1 6.2754E-1 7.45406E-1 4.78115E-1 6.31435E-1 4.93484E-1 5.26786E-1 4.61791E-1 4.06329E-1 3.06278E-1 3.12324E-1 3.84763E-1 3.76953E-1 5.15265E-1 5.97725E-1 5.68817E-1 4.82772E-1 4.54421E-1 3.88227E-1 4.4753E-1 4.32925E-1
-9999 -9999 -9999 -9999 -9999 -9999 -9999 -9999 -9999 4.71428E-4 1.68255E-4 3.42603E-4 2.9948E-3 7.35018E-4 4.78467E-4 1.62496E-3 9.88004E-3 1.91616E-2 5.06398E-2 3.43817E-2 8.98498E-2 3.9087E-2 3.67743E-2 4.92886E-2 3.27925E-2 6.1357E-2 2.92616E-1 2.94702E-1 2.38093E-1 1.32888E-1 1.42622E-1 2.30889E-1 4.70046E-2 9.18797E-2 2.65434E-1 3.29486E-1 2.08989E-1 5.6159E-1 5.06214E-1 6.11212E-1 7.75778E-1 7.94739E-1 4.6883E-1 5.24066E-1 6.99629E-1 7.06135E-1 6.29422E-1 3.91834E-1 5.70696E-1 5.59456E-1 5.47431E-1 5.49462E-1 4.15772E-1 5.34701E-1 5.34416E-1 6.33604E-1 5.33632E-1 4.5119E-1 4.77018E-1 3.472E-1 2.97791E-1
-9999 -9999 -9999 -9999 -9999 -9999 -9999 -9999 2.25269E-4 2.40461E-4 6.37762E-4 9.0112E-3 6.701E-4 6.45326E-4 1.65534E-3 1.04455E-2 9.02318E-3 3.24579E-2 5.22984E-2 4.90409E-2 9.51753E-2 1.10642E-1 4.01275E-2 5.7858E-2 4.85836E-2 2.49233E-1 2.1691E-1 3.17014E-1 1.94578E-1 3.22941E-1 2.48798E-1 1.64547E-1 5.84953E-2 1.31241E-1 2.20059E-1 1.5554E-1 2.57173E-1 6.57152E-1 5.85882E-1 8.47233E-1 8.04682E-1 7.21361E-1 5.43281E-1 3.43602E-1 1.53396E-1 4.18073E-1 7.47324E-2 2.9572E-1 4.26337E-1 6.07296E-1 4.85827E-1 4.77756E-1 3.21408E-1 3.97932E-1 3.70974E-1 6.66718E-1 6.37963E-1 6.35566E-1 4.74872E-1 3.39192E-1 3.52509E-1
-9999 -9999 -9999 -9999 -9999 -9999 -9999 8.44008E-4 7.62542E-4 2.84406E-4 2.83076E-3 9.47959E-3 3.77683E-4 5.18828E-4 2.66963E-3 2.78454E-2 3.59457E-2 5.32058E-2 8.04284E-2 9.30406E-2 1.07415E-1 6.49743E-2 6.24565E-2 8.42137E-2 6.58088E-2 1.64046E-1 1.48131E-1 3.69089E-1 4.08746E-1 4.287E-1 2.0818E-1 1.22917E-1 1.08647E-1 1.04569E-1 1.43231E-1 2.9788E-1 7.66679E-1 7.18752E-1 7.84777E-1 8.42354E-1 7.72847E-1 6.81478E-1 4.05467E-1 2.70508E-1 1.81489E-1 4.32284E-1 3.85732E-1 1.04845E-1 3.87648E-1 6.99819E-1 5.85703E-1 5.68499E-1 7.52071E-1 4.60984E-1 6.36818E-1 6.38177E-1 6.98251E-1 6.65863E-1 6.27341E-1 4.11994E-1 3.57579E-1
-9999 -9999 -9999 -9999 -9999 -9999 -9999 2.15308E-4 8.85706E-5 6.80086E-5 7.37383E-4 7.98205E-4 2.54273E-4 1.48881E-3 1.54494E-2 2.91448E-2 3.98432E-2 1.54828E-1 8.37966E-2 7.70949E-2 9.97606E-2 1.47446E-1 2.05761E-1 1.44351E-1 1.59036E-1 1.09066E-1 1.71829E-1 3.67823E-1 1.3327E-1 4.41877E-1 1.62297E-1 5.92984E-2 1.02889E-1 2.82662E-1 2.40891E-1 6.47949E-1 7.0382E-1 7.69497E-1 8.37294E-1 8.66741E-1 8.38609E-1 6.55417E-1 5.48609E-1 3.67599E-1 3.46992E-1 2.27078E-1 3.65312E-1 3.19221E-1 5.56705E-1 3.6812E-1 4.12521E-1 4.71199E-1 4.84974E-1 6.55582E-1 5.0616E-1 6.95949E-1 5.55332E-1 6.6043E-1 6.38407E-1 4.19021E-1 3.67314E-1
-9999 -9999 -9999 -9999 -9999 -9999 -9999 4.85482E-4 2.77796E-4 1.0409E-4 9.11711E-4 1.48497E-3 1.5541E-3 1.57947E-3 2.78963E-2 2.70173E-2 5.14416E-2 1.51332E-1 8.44819E-2 7.18875E-2 9.50922E-2 1.03758E-1 2.90943E-1 1.82451E-1 1.11487E-1 8.70257E-2 8.43567E-2 3.09782E-1 8.39462E-2 2.31323E-1 2.97114E-1 8.46877E-2 4.02221E-1 4.53937E-1 4.23169E-1 6.40634E-1 7.98365E-1 7.65717E-1 8.24166E-1 7.42455E-1 6.49868E-1 5.47059E-1 4.35026E-1 1.50486E-1 1.62998E-1 1.62147E-1 2.80481E-1 1.19132E-1 4.41206E-1 6.69189E-1 5.71442E-1 5.60486E-1 6.44616E-1 3.16301E-1 6.35048E-1 6.35762E-1 4.62155E-1 6.31231E-1 5.2513E-1 3.6689E-1 4.53925E-1
