Final_Models_Sept202022/M_0.1_F_lqp_Set_1/Bison_3.asc
ncols         97
nrows         127
xllcorner     -2197417.7431653
yllcorner     -584827.01486885
cellsize      30000.0
NODATA_value  -9999
[rows 54 to 80 of 127, columns 0 to 60 of 97]
-9999 -9999 -9999 -9999 2.39415E-1 5.01358E-2 4.22778E-3 4.50356E-2 3.63295E-2 2.93554E-4 5.35632E-4 1.18774E-3 9.46491E-4 4.14987E-3 8.4558E-3 7.20656E-3 1.78455E-2 2.95672E-2 3.59311E-2 4.95602E-2 8.15133E-2 9.76028E-2 8.77251E-2 9.56556E-2 6.50561E-2 1.24307E-1 1.19068E-1 1.08784E-1 1.55924E-1 1.30673E-1 1.16668E-1 1.12405E-1 1.28361E-1 1.3816E-1 1.33631E-1 1.4489E-1 1.43131E-1 1.35302E-1 1.39453E-1 1.72544E-1 2.64769E-1 2.94864E-1 2.23961E-1 1.60646E-1 1.5817E-1 1.28983E-1 1.4559E-1 1.20721E-1 1.02291E-1 9.49949E-2 1.00944E-1 1.10499E-1 8.40445E-2 1.3129E-1 1.6168E-1 8.56052E-2 1.03217E-1 9.63406E-2 9.83003E-2 8.30603E-2 5.42215E-2
-9999 -9999 -9999 -9999 -9999 3.70105E-2 3.86392E-3 1.34852E-2 1.73022E-1 4.75949E-3 2.55241E-4 1.27754E-3 6.13108E-3 2.57426E-3 8.27745E-3 4.46825E-3 7.60011E-3 1.52021E-2 3.92668E-2 3.0985E-2 8.7412E-2 1.0212E-1 1.063E-1 1.46806E-1 6.31836E-2 7.17388E-2 1.06549E-1 1.28252E-1 2.21192E-1 1.90479E-1 1.4339E-1 1.25297E-1 1.34793E-1 1.36342E-1 1.26594E-1 1.66455E-1 1.69895E-1 1.48873E-1 1.82074E-1 1.86762E-1 2.66753E-1 3.10484E-1 2.04173E-1 1.5765E-1 1.61875E-1 1.51996E-1 1.31749E-1 1.11022E-1 1.14952E-1 7.83651E-2 1.00325E-1 1.25384E-1 1.03407E-1 1.59837E-1 1.40289E-1 1.07027E-1 1.06216E-1 8.35043E-2 8.99193E-2 7.26174E-2 6.38308E-2
-9999 -9999 -9999 -9999 -9999 5.55737E-2 2.98789E-2 5.61994E-2 9.35154E-2 2.72251E-2 1.37202E-5 3.38413E-4 4.44754E-4 4.67239E-4 1.14815E-2 4.78557E-3 1.41232E-2 1.33032E-2 2.82308E-2 4.6045E-2 7.97115E-2 6.70385E-2 6.51964E-2 9.30348E-2 6.13738E-2 4.4289E-2 7.89289E-2 1.9572E-1 2.68979E-1 1.80922E-1 1.82296E-1 1.56829E-1 1.57405E-1 1.57701E-1 1.77798E-1 2.1082E-1 1.70273E-1 1.62764E-1 1.93232E-1 1.95528E-1 2.79127E-1 2.37321E-1 1.73785E-1 1.64201E-1 1.58128E-1 1.46504E-1 1.35021E-1 1.22755E-1 1.37549E-1 1.31423E-1 1.50963E-1 1.35796E-1 1.60746E-1 1.4443E-1 1.0924E-1 1.16952E-1 1.06623E-1 1.07978E-1 7.33447E-2 5.56664E-2 2.75151E-2
-9999 -9999 -9999 -9999 -9999 -9999 5.13815E-2 -9999 1.39794E-1 9.02435E-3 2.55655E-4 6.15847E-4 3.39165E-4 1.24116E-3 2.06832E-3 2.2759E-2 1.24762E-2 1.28287E-2 3.16802E-2 5.96294E-2 4.28856E-2 6.02202E-2 6.96306E-2 9.73551E-2 7.69656E-2 7.71158E-2 7.44356E-2 1.98428E-1 2.26081E-1 2.09554E-1 3.57381E-1 2.88065E-1 1.88623E-1 1.69937E-1 1.91147E-1 2.37725E-1 2.32504E-1 1.79211E-1 1.90747E-1 1.84129E-1 1.74833E-1 1.28735E-1 1.91906E-1 1.55866E-1 1.15887E-1 1.3046E-1 1.10634E-1 1.30291E-1 1.38353E-1 1.64573E-1 1.50949E-1 1.61078E-1 1.34439E-1 1.30264E-1 1.2192E-1 1.07413E-1 9.7451E-2 9.14122E-2 7.2549E-2 4.89965E-2 3.49205E-2
-9999 -9999 -9999 9.74799E-3 -9999 -9999 -9999 -9999 -9999 2.92894E-2 2.15373E-3 8.10957E-5 4.33735E-4 1.38203E-3 5.7804E-4 2.05616E-2 1.09568E-2 1.98977E-2 2.802E-2 4.22862E-2 5.43553E-2 7.21681E-2 5.50474E-2 1.10641E-1 4.77735E-2 4.93743E-2 6.92705E-2 1.22482E-1 2.58135E-1 2.8845E-1 4.72304E-1 4.09171E-1 1.86741E-1 1.53802E-1 1.70229E-1 2.47903E-1 2.26187E-1 2.85551E-1 5.51524E-1 1.80416E-1 1.6332E-1 1.30205E-1 1.68311E-1 1.36035E-1 8.05207E-2 9.83337E-2 1.42425E-1 1.38629E-1 1.33745E-1 1.28743E-1 1.52988E-1 1.50938E-1 1.43959E-1 1.28326E-1 1.1287E-1 1.11984E-1 9.29673E-2 7.73443E-2 6.98577E-2 6.43644E-2 5.14404E-2
-9999 -9999 -9999 8.71219E-3 9.0796E-3 1.50352E-2 -9999 -9999 -9999 5.10567E-2 5.80583E-5 1.29048E-4 3.77676E-4 2.22875E-3 2.96733E-3 2.94996E-2 2.13066E-2 1.53889E-2 3.58612E-2 5.02644E-2 4.25731E-2 4.37893E-2 6.53136E-2 4.62332E-2 6.09507E-2 2.46499E-2 3.64537E-2 9.59707E-2 3.04909E-1 4.50874E-1 5.61471E-1 4.87907E-1 2.07853E-1 2.24092E-1 2.19301E-1 2.21553E-1 2.33517E-1 4.93002E-1 4.35823E-1 1.83177E-1 1.84424E-1 1.87884E-1 1.63384E-1 1.52047E-1 1.27066E-1 1.28691E-1 1.28612E-1 1.11076E-1 1.21815E-1 2.04344E-1 1.78547E-1 1.53608E-1 1.25899E-1 1.3171E-1 8.5577E-2 1.17442E-1 8.8278E-2 1.004E-1 9.52498E-2 6.9011E-2 4.32509E-2
-9999 -9999 -9999 6.04943E-3 1.22104E-2 1.79279E-2 1.64529E-2 -9999 -9999 2.0424E-1 2.16767E-4 1.18876E-3 3.2478E-4 1.3232E-3 2.30274E-3 1.07004E-2 2.156E-2 2.65514E-2 4.34109E-2 4.31671E-2 5.12857E-2 3.47855E-2 2.32139E-2 2.05371E-2 4.67867E-2 9.484E-4 1.19863E-3 4.33269E-2 1.91347E-1 2.09676E-1 6.44324E-1 6.71445E-1 4.511E-1 5.47371E-1 5.01336E-1 3.29803E-1 3.74924E-1 4.15012E-1 3.56369E-1 1.84355E-1 2.00936E-1 1.85786E-1 1.73156E-1 1.6166E-1 1.34857E-1 1.25502E-1 1.25855E-1 1.26188E-1 1.29053E-1 2.66603E-1 2.25685E-1 2.12299E-1 1.12491E-1 1.07623E-1 8.33839E-2 1.20194E-1 9.76037E-2 1.13685E-1 9.07271E-2 6.26354E-2 4.26232E-2
-9999 -9999 -9999 5.55907E-3 6.74681E-3 1.00706E-2 -9999 -9999 6.46949E-2 1.97912E-4 1.29981E-5 3.01727E-4 4.0927E-4 8.1909E-4 3.83808E-3 9.18321E-3 7.5994E-2 3.48261E-2 4.9337E-2 2.3401E-2 5.08131E-2 3.81211E-2 3.31355E-2 2.50319E-2 2.75022E-2 1.50829E-3 7.05482E-4 2.18323E-2 1.07917E-1 3.90411E-1 5.70964E-1 6.8189E-1 6.14814E-1 5.21228E-1 6.34223E-1 5.09607E-1 4.60924E-1 5.71361E-1 3.90002E-1 2.53368E-1 2.39376E-1 2.19213E-1 1.81856E-1 1.48709E-1 1.49905E-1 1.64063E-1 1.41858E-1 1.49697E-1 1.95649E-1 2.67043E-1 2.50343E-1 1.43803E-1 1.3748E-1 1.04773E-1 6.79617E-2 1.32185E-1 1.10017E-1 8.84498E-2 8.94326E-2 6.97266E-2 6.2908E-2
-9999 -9999 -9999 7.41054E-3 1.69065E-2 -9999 -9999 5.06953E-2 3.29556E-2 5.16443E-4 1.5395E-5 2.75513E-4 4.50911E-4 2.2604E-4 6.18195E-3 1.56329E-2 6.67467E-2 4.86438E-2 4.22877E-2 4.48519E-2 5.45874E-2 4.36796E-2 2.24846E-2 2.62715E-2 2.01688E-2 3.25504E-3 3.96248E-4 1.08515E-2 5.85774E-2 1.3091E-1 3.93715E-1 6.22092E-1 3.92071E-1 4.71179E-1 7.22512E-1 6.27977E-1 6.20384E-1 7.41119E-1 5.03188E-1 2.55505E-1 2.41669E-1 1.84814E-1 1.53334E-1 1.50065E-1 1.58894E-1 1.78381E-1 1.57284E-1 1.6214E-1 1.55722E-1 2.22846E-1 2.56218E-1 1.35723E-1 1.15811E-1 1.16805E-1 9.84695E-2 1.03959E-1 1.08794E-1 9.69641E-2 1.08518E-1 7.74025E-2 5.29686E-2
-9999 -9999 -9999 9.67805E-3 5.59105E-3 -9999 -9999 -9999 8.64999E-2 2.10721E-3 3.85852E-4 1.11276E-3 1.54185E-4 1.56936E-3 9.72376E-3 4.28126E-2 7.24534E-2 6.69602E-2 6.24019E-2 5.60111E-2 6.95527E-2 7.5591E-2 4.45535E-2 2.26543E-2 2.23005E-2 6.14044E-3 1.95392E-3 1.52745E-2 3.65339E-2 7.71806E-2 1.47553E-1 3.9948E-1 5.1439E-1 5.67675E-1 6.05545E-1 6.02278E-1 5.88228E-1 4.29527E-1 2.7849E-1 2.26079E-1 1.80295E-1 1.83616E-1 1.61387E-1 1.55828E-1 1.71345E-1 1.80336E-1 2.13623E-1 1.68003E-1 1.53779E-1 2.21931E-1 2.28877E-1 1.42038E-1 1.2481E-1 1.15885E-1 1.10695E-1 8.70777E-2 1.16442E-1 1.05515E-1 1.15E-1 9.42078E-2 6.6129E-2
-9999 -9999 -9999 5.58107E-2 1.25715E-1 -9999 -9999 -9999 2.24116E-1 1.38782E-1 1.45858E-2 5.29649E-5 1.85868E-3 3.50709E-3 4.96532E-3 3.58762E-2 6.2508E-2 7.83655E-2 8.84264E-2 5.72252E-2 5.04911E-2 1.08906E-1 6.15498E-2 3.76336E-2 2.65723E-2 1.0619E-2 2.66084E-3 9.80194E-3 2.20607E-2 5.5839E-2 9.55598E-2 4.48851E-1 5.05382E-1 5.74427E-1 4.63514E-1 5.71376E-1 5.06175E-1 5.22439E-1 2.77095E-1 2.67051E-1 1.95375E-1 1.91493E-1 1.49786E-1 1.55387E-1 2.80255E-1 2.82532E-1 2.40496E-1 1.74445E-1 1.576E-1 1.87263E-1 2.91169E-1 1.66464E-1 1.29204E-1 9.79344E-2 1.30431E-1 8.72232E-2 1.05227E-1 1.00551E-1 8.8111E-2 1.10282E-1 7.27345E-2
-9999 -9999 -9999 1.19983E-2 2.22873E-1 -9999 -9999 -9999 3.44381E-1 1.42843E-2 5.23919E-4 2.64031E-6 4.4425E-4 2.65795E-3 4.12657E-2 4.11089E-2 3.99329E-2 8.94571E-2 8.3546E-2 7.64002E-2 1.30287E-1 1.57612E-1 6.49821E-2 4.62519E-2 2.96855E-2 8.80682E-3 4.59235E-3 4.71658E-3 1.42847E-2 2.87137E-2 7.67804E-2 2.7038E-1 4.41516E-1 6.25478E-1 5.48875E-1 5.37586E-1 2.83818E-1 4.71754E-1 4.83309E-1 3.38066E-1 1.63581E-1 1.68971E-1 1.72242E-1 1.66632E-1 1.89826E-1 1.87376E-1 2.04378E-1 1.93449E-1 2.3135E-1 2.18346E-1 2.06996E-1 1.91135E-1 1.41255E-1 1.3201E-1 1.20369E-1 1.1289E-1 9.69653E-2 1.33396E-1 1.05768E-1 1.07164E-1 9.48426E-2
-9999 -9999 -9999 -9999 3.47329E-2 -9999 -9999 -9999 -9999 7.27873E-2 1.2285E-3 1.31764E-4 4.37532E-4 7.63369E-4 1.01363E-2 3.02452E-2 2.53532E-2 9.14505E-2 1.32733E-1 1.49556E-1 1.04044E-1 2.26215E-1 1.10302E-1 7.08658E-2 5.94595E-2 2.05685E-2 6.15392E-3 3.2226E-3 8.75739E-3 1.59399E-2 6.75511E-2 1.12003E-1 1.46284E-1 2.13773E-1 1.63922E-1 2.21641E-1 4.50415E-1 3.68927E-1 2.01764E-1 1.57157E-1 2.586E-1 2.25221E-1 2.75971E-1 1.88213E-1 1.88587E-1 2.41403E-1 2.54291E-1 2.59533E-1 1.72517E-1 1.90721E-1 3.04904E-1 1.65633E-1 1.56369E-1 1.5616E-1 1.61983E-1 1.31184E-1 1.17493E-1 1.13597E-1 1.13204E-1 1.16424E-1 1.15938E-1
-9999 -9999 -9999 -9999 3.66789E-2 -9999 -9999 -9999 -9999 2.24776E-1 5.2535E-2 3.04456E-3 5.36409E-4 5.57372E-4 4.33228E-3 2.54842E-2 6.56256E-2 8.9589E-2 1.15845E-1 9.14182E-2 1.07772E-1 1.44285E-1 8.93155E-2 1.32282E-1 1.1323E-1 2.55434E-2 8.75365E-3 2.28784E-3 4.47242E-3 1.43017E-2 4.78551E-2 6.94524E-2 1.5694E-1 2.84539E-1 1.61382E-1 1.60131E-1 2.58594E-1 1.77289E-1 1.31809E-1 1.24843E-1 2.637E-1 1.6601E-1 1.9558E-1 2.57758E-1 2.15347E-1 2.5026E-1 4.17687E-1 2.54403E-1 2.29597E-1 2.44075E-1 2.77348E-1 1.99551E-1 1.9032E-1 1.57059E-1 1.56753E-1 1.56625E-1 1.40958E-1 1.34574E-1 1.21076E-1 1.05852E-1 1.0406E-1
-9999 -9999 -9999 -9999 -9999 -9999 -9999 -9999 -9999 2.39377E-1 2.90354E-1 1.95591E-2 1.44155E-3 1.0503E-3 1.27551E-3 1.15132E-2 6.04707E-2 7.81865E-2 9.73289E-2 1.23224E-1 1.00112E-1 1.04805E-1 1.25275E-1 8.59063E-2 4.00933E-2 9.79467E-3 4.74397E-3 6.21942E-3 3.16315E-3 1.58643E-2 4.86342E-2 1.00453E-1 1.36909E-1 2.83771E-1 1.21705E-1 1.68183E-1 3.16991E-1 2.95816E-1 1.84909E-1 2.82289E-1 3.08248E-1 1.88077E-1 2.38051E-1 2.67435E-1 4.55618E-1 5.20053E-1 5.41142E-1 3.20419E-1 2.61369E-1 2.34996E-1 2.66502E-1 2.49996E-1 1.85043E-1 1.25505E-1 1.64825E-1 1.44142E-1 1.4328E-1 1.54361E-1 1.23543E-1 1.06656E-1 1.0734E-1
-9999 -9999 -9999 -9999 -9999 -9999 -9999 -9999 -9999 -9999 1.77753E-1 8.55169E-2 1.20163E-2 6.21926E-4 2.22669E-3 7.02761E-3 5.1743E-2 7.97689E-2 8.76366E-2 1.01773E-1 1.0457E-1 1.04456E-1 1.31947E-1 1.06132E-1 5.74858E-2 1.63022E-2 7.69718E-3 5.29984E-3 7.69585E-3 1.08856E-2 4.26503E-2 1.16324E-1 1.61076E-1 1.34768E-1 1.69455E-1 1.73789E-1 3.0336E-1 3.33823E-1 2.00728E-1 2.42606E-1 2.42363E-1 4.21615E-1 3.79036E-1 5.04048E-1 5.63087E-1 5.80429E-1 4.85491E-1 6.52223E-1 2.87098E-1 2.54292E-1 3.48854E-1 2.70869E-1 1.65979E-1 1.55233E-1 1.58709E-1 1.66749E-1 1.86415E-1 1.98468E-1 1.48195E-1 1.19883E-1 1.29033E-1
-9999 -9999 -9999 -9999 -9999 -9999 -9999 -9999 -9999 -9999 1.85984E-1 3.64267E-2 4.49725E-5 1.07388E-4 1.4205E-3 4.01846E-3 4.10126E-2 8.79281E-2 8.74828E-2 1.15412E-1 1.18877E-1 1.14991E-1 1.4706E-1 1.48811E-1 5.88957E-2 2.54396E-2 1.70022E-2 5.94054E-3 1.81668E-2 2.15348E-2 4.35048E-2 9.46755E-2 1.25583E-1 1.66774E-1 1.95226E-1 3.05323E-1 2.84993E-1 2.3588E-1 2.29023E-1 5.08459E-1 4.24726E-1 5.59964E-1 4.10161E-1 4.87213E-1 5.36673E-1 5.5095E-1 3.56694E-1 5.52333E-1 4.34059E-1 5.21461E-1 5.19185E-1 3.67892E-1 2.22435E-1 1.84996E-1 1.75888E-1 1.73354E-1 1.71186E-1 1.44729E-1 1.51938E-1 1.40774E-1 1.35271E-1
-9999 -9999 -9999 -9999 -9999 -9999 -9999 -9999 -9999 -9999 2.24008E-1 2.04055E-2 9.12152E-5 1.83045E-4 1.64613E-2 1.45261E-2 3.20402E-2 1.02213E-1 9.82784E-2 1.76792E-1 1.59398E-1 1.41366E-1 1.42512E-1 1.62272E-1 7.87821E-2 1.60149E-2 1.2677E-2 8.769E-3 1.01416E-2 3.16716E-2 4.85979E-2 1.13778E-1 1.44903E-1 1.51327E-1 1.9931E-1 2.66289E-1 3.93573E-1 4.29926E-1 4.32823E-1 3.42016E-1 3.79382E-1 4.61468E-1 5.88945E-1 5.51268E-1 5.8113E-1 6.18159E-1 6.48254E-1 6.04546E-1 4.6188E-1 6.42516E-1 6.46589E-1 5.81915E-1 4.41147E-1 3.79889E-1 3.94197E-1 2.18981E-1 1.90285E-1 1.76224E-1 1.76704E-1 1.65103E-1 1.40872E-1
-9999 -9999 -9999 -9999 -9999 -9999 -9999 -9999 -9999 -9999 1.09846E-1 1.29666E-2 2.57929E-3 2.48434E-4 1.07977E-3 4.27241E-3 3.66048E-2 1.24225E-1 1.49538E-1 2.26217E-1 2.49007E-1 1.64893E-1 1.34409E-1 1.53226E-1 8.73503E-2 3.37045E-2 1.16336E-2 8.88676E-3 2.10446E-2 1.17761E-2 4.41049E-2 1.00701E-1 1.50112E-1 1.56629E-1 3.25551E-1 2.10707E-1 3.41495E-1 4.25139E-1 3.50889E-1 3.803E-1 5.38305E-1 6.771E-1 7.06127E-1 6.47734E-1 7.5058E-1 6.64223E-1 6.58914E-1 6.55582E-1 6.83464E-1 7.13539E-1 4.95099E-1 3.7599E-1 3.81586E-1 4.42351E-1 4.57401E-1 4.63401E-1 2.4182E-1 1.84636E-1 1.78356E-1 1.80523E-1 1.74898E-1
-9999 -9999 -9999 -9999 -9999 -9999 -9999 -9999 -9999 -9999 3.33234E-2 3.28757E-2 1.56198E-3 2.96638E-4 5.76778E-2 1.18857E-3 4.20019E-2 7.14977E-2 1.3147E-1 2.55635E-1 3.30292E-1 2.00775E-1 1.67045E-1 1.23482E-1 1.20811E-1 6.69589E-2 4.35927E-2 1.35397E-2 1.37944E-2 3.19688E-2 3.44088E-2 3.5973E-2 1.41642E-1 2.78522E-1 2.59201E-1 2.89967E-1 2.97213E-1 3.11685E-1 3.82472E-1 4.65136E-1 5.62599E-1 7.71247E-1 7.52049E-1 8.61015E-1 8.14398E-1 6.67094E-1 5.7157E-1 6.32197E-1 4.40951E-1 7.05572E-1 6.86194E-1 4.82165E-1 3.84568E-1 5.27188E-1 4.28695E-1 3.74198E-1 2.68835E-1 3.00929E-1 2.44487E-1 1.90352E-1 1.92264E-1
-9999 -9999 -9999 -9999 -9999 -9999 -9999 -9999 7.28625E-2 3.35113E-2 1.47315E-2 1.75405E-2 5.10099E-3 7.62719E-4 1.12614E-3 2.61696E-2 4.09739E-2 5.99767E-2 1.12139E-1 1.52677E-1 1.60955E-1 2.6643E-1 2.77776E-1 1.54732E-1 1.35535E-1 6.44747E-2 2.21448E-2 6.23324E-3 5.44091E-3 9.34518E-3 1.16297E-2 2.74228E-2 8.66599E-2 1.0283E-1 1.40262E-1 1.29248E-1 2.30063E-1 3.94794E-1 3.34889E-1 5.48682E-1 6.63895E-1 7.78501E-1 6.94499E-1 7.09342E-1 7.56944E-1 5.89406E-1 5.94519E-1 6.51876E-1 6.14364E-1 5.14573E-1 6.31887E-1 5.69611E-1 4.61397E-1 4.04541E-1 3.95653E-1 3.61435E-1 4.05625E-1 4.2461E-1 3.85365E-1 2.4292E-1 2.48894E-1
-9999 -9999 -9999 -9999 -9999 -9999 -9999 -9999 1.71458E-1 1.72142E-2 8.44512E-3 1.05175E-2 1.01128E-2 6.78592E-4 4.24401E-4 2.61419E-3 3.91779E-3 6.71579E-2 5.665E-2 2.72047E-2 4.73504E-2 1.0615E-1 2.87806E-1 1.09199E-1 1.10002E-1 7.66371E-2 4.15226E-2 1.614E-2 4.99292E-3 4.85723E-3 1.51645E-2 1.0671E-2 4.78695E-2 1.03854E-1 1.93318E-1 1.0362E-1 3.441E-1 3.24194E-1 3.30484E-1 2.81187E-1 5.70511E-1 7.56255E-1 6.89256E-1 6.65381E-1 6.81181E-1 6.07268E-1 5.47125E-1 6.05278E-1 5.98638E-1 6.72737E-1 6.27549E-1 6.02416E-1 5.59933E-1 4.54807E-1 4.29204E-1 4.81971E-1 5.56631E-1 5.68913E-1 4.76359E-1 4.95545E-1 5.26628E-1
-9999 -9999 -9999 -9999 -9999 -9999 -9999 -9999 5.21757E-2 1.42754E-2 9.19703E-4 8.14233E-4 4.74965E-3 2.16543E-3 3.88391E-4 2.71115E-3 7.64258E-4 3.46377E-2 4.2378E-2 3.88466E-2 2.79694E-2 3.53643E-2 2.00068E-1 1.4172E-1 1.39896E-1 1.51969E-1 6.84141E-2 3.55259E-2 7.59891E-3 3.74472E-3 1.03925E-2 1.07536E-2 2.89886E-2 1.28601E-1 3.16136E-1 3.23839E-1 2.67339E-1 3.94182E-1 3.05286E-1 6.15566E-1 7.26429E-1 7.71963E-1 7.42592E-1 7.5237E-1 7.44222E-1 6.33748E-1 5.884E-1 5.32321E-1 6.80685E-1 6.79601E-1 7.26528E-1 6.52011E-1 5.95147E-1 5.02345E-1 6.04953E-1 3.9419E-1 6.06823E-1 5.91165E-1 4.88643E-1 6.31442E-1 6.26888E-1
-9999 -9999 -9999 -9999 -9999 -9999 -9999 -9999 -9999 1.07072E-1 1.84329E-3 3.06212E-4 6.17845E-4 6.46038E-3 1.09498E-3 8.36847E-4 2.40335E-3 3.8801E-2 3.2384E-1 9.48368E-2 1.47406E-2 1.86969E-2 7.16096E-2 1.80252E-1 1.18353E-1 1.15451E-1 8.91761E-2 4.82327E-2 1.70312E-2 4.39352E-3 2.42828E-3 2.32109E-3 1.05876E-2 3.10034E-2 1.05001E-1 1.55883E-1 2.58046E-1 2.7307E-1 4.01968E-1 7.77278E-1 7.04329E-1 8.40011E-1 8.12357E-1 7.75735E-1 7.22949E-1 6.04743E-1 6.52038E-1 6.80357E-1 4.93222E-1 5.70319E-1 5.6303E-1 6.10231E-1 5.4116E-1 7.58248E-1 7.0688E-1 5.34362E-1 6.07994E-1 6.65746E-1 5.69303E-1 6.26853E-1 5.1461E-1
-9999 -9999 -9999 -9999 -9999 -9999 -9999 -9999 -9999 4.27969E-2 1.52623E-2 3.01504E-4 2.41935E-4 2.71103E-3 1.10557E-2 3.84239E-3 1.96807E-3 9.63124E-4 1.80274E-2 2.3459E-2 1.38643E-2 1.16612E-2 5.9713E-2 1.37216E-1 1.18259E-1 1.17872E-1 1.27726E-1 5.23358E-2 1.23477E-2 2.29569E-3 2.33781E-3 9.46576E-4 1.51439E-2 1.96756E-2 8.85197E-2 1.6997E-1 3.504E-1 3.30053E-1 3.52689E-1 6.96573E-1 7.92171E-1 7.58546E-1 7.05953E-1 7.21158E-1 6.88062E-1 5.24805E-1 4.49087E-1 6.83745E-1 5.70372E-1 6.25745E-1 6.93293E-1 5.71534E-1 6.65639E-1 6.42299E-1 7.16638E-1 6.5187E-1 5.01556E-1 5.56896E-1 5.21627E-1 5.67169E-1 5.56335E-1
-9999 -9999 -9999 -9999 -9999 -9999 -9999 -9999 -9999 -9999 3.40972E-2 1.37478E-3 7.97235E-5 3.06543E-3 7.58678E-3 2.93422E-3 3.17995E-3 2.30979E-3 1.06424E-2 6.10416E-3 8.53699E-3 6.68288E-3 3.68921E-2 2.35571E-1 1.79367E-1 1.53706E-1 9.57211E-2 4.12009E-2 1.06676E-2 4.52079E-3 4.35195E-3 2.87223E-3 1.79907E-3 5.34922E-3 4.22475E-2 1.24909E-1 1.74561E-1 2.55622E-1 4.01854E-1 7.50011E-1 7.39216E-1 7.2237E-1 7.18406E-1 6.98728E-1 4.67362E-1 4.72919E-1 4.17223E-1 6.14161E-1 5.40022E-1 6.03468E-1 7.28773E-1 7.09747E-1 7.20596E-1 7.19955E-1 6.02309E-1 6.70602E-1 6.86552E-1 5.32608E-1 5.23832E-1 5.83582E-1 5.5814E-1
-9999 -9999 -9999 -9999 -9999 -9999 -9999 -9999 -9999 -9999 5.05149E-2 5.20129E-3 3.43023E-4 6.91176E-4 5.78433E-3 6.46849E-3 2.85471E-3 7.18091E-4 2.33917E-3 3.9026E-3 7.54609E-3 1.27457E-2 3.09766E-2 7.56302E-2 1.72853E-1 3.00119E-1 2.73326E-1 9.40846E-2 6.13627E-2 8.8066E-3 3.19784E-3 8.91946E-3 7.90711E-3 1.43889E-2 5.75895E-2 5.28381E-2 1.09777E-1 2.31539E-1 3.46884E-1 7.74893E-1 7.88216E-1 7.20292E-1 7.32648E-1 7.67925E-1 7.1756E-1 5.50326E-1 3.71644E-1 4.32063E-1 5.60945E-1 5.5985E-1 6.84614E-1 7.0041E-1 7.07877E-1 7.11013E-1 7.12397E-1 6.24493E-1 6.52273E-1 6.4197E-1 6.30013E-1 5.26605E-1 5.40215E-1
