Final_Models_Sept202022/M_0.1_F_lqp_Set_1/Bison_2.asc
ncols         97
nrows         127
xllcorner     -2197417.7431653
yllcorner     -584827.01486885
cellsize      30000.0
NODATA_value  -9999
[rows 0 to 26 of 127, columns 0 to 60 of 97]
-9999 -9999 -9999 -9999 -9999 -9999 -9999 -9999 -9999 -9999 -9999 -9999 -9999 -9999 -9999 -9999 -9999 -9999 -9999 -9999 -9999 -9999 -9999 -9999 -9999 -9999 -9999 -9999 -9999 -9999 -9999 -9999 -9999 -9999 -9999 -9999 -9999 -9999 -9999 -9999 -9999 -9999 -9999 -9999 -9999 -9999 -9999 -9999 -9999 -9999 -9999 -9999 -9999 -9999 -9999 -9999 -9999 -9999 -9999 -9999 -9999
-9999 -9999 -9999 -9999 -9999 -9999 -9999 -9999 -9999 -9999 -9999 -9999 -9999 -9999 -9999 -9999 -9999 -9999 -9999 -9999 -9999 -9999 -9999 -9999 -9999 -9999 -9999 -9999 -9999 -9999 -9999 -9999 -9999 -9999 -9999 -9999 -9999 -9999 -9999 -9999 -9999 -9999 -9999 -9999 -9999 -9999 -9999 -9999 -9999 -9999 -9999 -9999 -9999 -9999 -9999 -9999 -9999 -9999 -9999 -9999 -9999
-9999 -9999 -9999 -9999 -9999 -9999 -9999 -9999 -9999 -9999 -9999 -9999 -9999 -9999 -9999 -9999 -9999 -9999 -9999 -9999 -9999 -9999 -9999 -9999 -9999 -9999 -9999 -9999 -9999 -9999 -9999 -9999 -9999 -9999 -9999 -9999 -9999 -9999 -9999 -9999 -9999 -9999 -9999 -9999 -9999 -9999 -9999 -9999 -9999 -9999 -9999 -9999 -9999 -9999 -9999 -9999 -9999 -9999 -9999 -9999 -9999
-9999 -9999 -9999 -9999 -9999 -9999 -9999 -9999 -9999 -9999 -9999 -9999 -9999 -9999 -9999 -9999 -9999 -9999 -9999 1.66669E-2 4.59469E-3 1.81069E-3 7.76836E-3 -9999 -9999 -9999 -9999 -9999 -9999 -9999 -9999 -9999 -9999 -9999 -9999 -9999 -9999 -9999 -9999 -9999 -9999 -9999 -9999 -9999 -9999 -9999 -9999 -9999 -9999 -9999 -9999 -9999 -9999 -9999 -9999 -9999 -9999 -9999 -9999 -9999 -9999
-9999 -9999 -9999 -9999 -9999 -9999 -9999 -9999 -9999 -9999 -9999 -9999 -9999 -9999 -9999 -9999 -9999 -9999 2.17487E-2 1.97011E-2 1.64579E-2 1.96635E-2 6.45222E-3 9.69329E-3 8.66327E-3 -9999 -9999 -9999 -9999 -9999 -9999 -9999 -9999 -9999 -9999 -9999 -9999 -9999 -9999 -9999 -9999 -9999 -9999 -9999 -9999 -9999 -9999 -9999 -9999 -9999 -9999 -9999 -9999 -9999 -9999 -9999 -9999 -9999 -9999 -9999 -9999
-9999 -9999 -9999 -9999 -9999 -9999 -9999 -9999 -9999 -9999 -9999 -9999 -9999 -9999 -9999 -9999 -9999 -9999 2.54509E-2 2.13264E-2 1.85876E-2 1.97358E-2 1.1588E-2 9.3172E-3 8.60482E-3 -9999 -9999 -9999 -9999 -9999 -9999 -9999 -9999 -9999 -9999 -9999 -9999 -9999 -9999 -9999 -9999 -9999 -9999 -9999 -9999 -9999 -9999 -9999 -9999 -9999 -9999 -9999 -9999 -9999 -9999 -9999 -9999 -9999 -9999 -9999 -9999
-9999 -9999 -9999 -9999 -9999 -9999 -9999 -9999 -9999 -9999 -9999 -9999 -9999 -9999 -9999 -9999 -9999 2.07702E-2 2.30547E-2 8.3459E-3 9.12503E-3 1.11468E-2 1.13841E-2 8.79953E-3 7.21586E-3 7.03633E-3 -9999 1.02136E-2 9.65287E-3 1.08651E-2 -9999 -9999 -9999 -9999 -9999 -9999 -9999 -9999 5.47103E-3 -9999 -9999 -9999 -9999 -9999 -9999 -9999 -9999 -9999 -9999 -9999 -9999 -9999 -9999 -9999 -9999 -9999 -9999 -9999 -9999 -9999 -9999
-9999 -9999 -9999 -9999 -9999 -9999 -9999 -9999 -9999 -9999 -9999 -9999 -9999 -9999 -9999 -9999 9.78438E-3 2.06023E-2 6.29894E-3 5.00296E-3 4.94303E-3 5.46315E-3 7.41553E-3 8.12146E-3 8.07744E-3 7.3765E-3 1.05611E-2 9.91095E-3 9.27677E-3 9.41953E-3 9.62193E-3 9.48726E-3 7.92526E-3 7.2968E-3 7.19324E-3 7.39559E-3 7.35212E-3 -9999 4.8566E-3 4.33637E-3 -9999 -9999 -9999 -9999 -9999 -9999 -9999 -9999 -9999 -9999 -9999 -9999 -9999 -9999 -9999 -9999 -9999 -9999 -9999 -9999 -9999
-9999 -9999 -9999 -9999 -9999 -9999 -9999 -9999 -9999 -9999 -9999 -9999 -9999 -9999 -9999 2.55069E-2 3.86455E-2 2.13706E-2 5.08844E-3 3.74456E-3 3.06129E-3 3.55349E-3 6.0976E-3 7.15902E-3 8.24921E-3 9.33252E-3 2.25954E-2 2.55025E-2 1.05805E-2 8.01648E-3 8.19555E-3 8.00783E-3 7.78065E-3 7.28636E-3 7.7825E-3 1.0031E-2 8.41474E-3 7.72934E-3 5.23735E-3 4.85673E-3 -9999 -9999 -9999 -9999 -9999 -9999 -9999 -9999 -9999 -9999 -9999 -9999 -9999 -9999 -9999 -9999 -9999 -9999 -9999 -9999 -9999
-9999 -9999 -9999 -9999 -9999 -9999 -9999 -9999 -9999 -9999 -9999 -9999 -9999 -9999 -9999 3.86268E-2 3.7772E-2 1.77509E-2 5.03476E-3 5.55509E-3 6.98913E-3 8.06335E-3 7.43484E-3 6.42017E-3 8.80919E-3 8.84802E-3 2.24025E-2 2.18593E-2 9.73735E-3 9.0481E-3 1.4408E-2 1.15132E-2 1.1655E-2 1.53674E-2 1.04676E-2 1.23154E-2 1.29841E-2 1.01902E-2 6.95681E-3 -9999 -9999 -9999 3.18412E-3 -9999 -9999 -9999 -9999 -9999 -9999 -9999 -9999 -9999 -9999 -9999 -9999 -9999 -9999 -9999 -9999 -9999 -9999
-9999 -9999 -9999 -9999 -9999 -9999 -9999 -9999 -9999 -9999 -9999 -9999 -9999 -9999 1.80441E-2 3.44253E-2 2.69994E-2 1.72536E-2 1.30962E-2 8.01275E-3 9.19284E-3 9.99025E-3 8.16351E-3 7.30237E-3 6.52066E-3 1.90992E-2 2.531E-2 1.88211E-2 1.95874E-2 1.06692E-2 2.15826E-2 1.35752E-2 1.11692E-2 2.10256E-2 2.58235E-2 1.6643E-2 1.74397E-2 1.01838E-2 6.17306E-3 -9999 -9999 3.46431E-3 -9999 -9999 -9999 -9999 -9999 -9999 -9999 -9999 -9999 -9999 -9999 -9999 -9999 -9999 -9999 -9999 -9999 -9999 -9999
-9999 -9999 -9999 -9999 -9999 -9999 -9999 -9999 -9999 -9999 -9999 -9999 -9999 1.57641E-2 2.76613E-2 3.45749E-2 3.18891E-2 1.55296E-2 1.06795E-2 3.77086E-3 8.39588E-3 9.27838E-3 1.6165E-2 1.15541E-2 1.37535E-2 2.04646E-2 2.11322E-2 1.99282E-2 1.02809E-2 7.925E-3 9.03934E-3 1.46432E-2 1.52583E-2 2.54737E-2 2.87655E-2 2.34196E-2 2.14603E-2 9.31591E-3 6.43064E-3 4.28362E-3 3.48558E-3 3.57438E-3 -9999 5.06775E-3 5.22778E-3 -9999 -9999 -9999 -9999 -9999 -9999 -9999 -9999 -9999 -9999 -9999 -9999 -9999 -9999 -9999 -9999
-9999 -9999 -9999 -9999 -9999 -9999 -9999 -9999 -9999 -9999 -9999 -9999 -9999 3.11179E-2 2.87633E-2 2.40858E-2 1.74792E-2 1.48075E-2 1.00163E-2 9.58084E-4 3.0605E-3 8.13935E-3 1.43823E-2 1.03102E-2 1.1733E-2 1.56624E-2 1.64026E-2 1.16526E-2 1.11144E-2 9.21198E-3 1.46154E-2 1.66616E-2 2.56124E-2 2.54137E-2 3.04149E-2 3.25553E-2 1.00075E-2 1.02563E-2 5.89458E-3 3.42396E-3 3.23876E-3 5.58724E-3 5.42259E-3 5.3861E-3 5.02748E-3 6.33388E-3 -9999 -9999 -9999 -9999 -9999 -9999 -9999 -9999 -9999 -9999 -9999 -9999 -9999 -9999 -9999
-9999 -9999 -9999 -9999 -9999 -9999 -9999 -9999 -9999 -9999 -9999 -9999 4.34477E-2 3.66688E-2 3.12165E-2 1.99506E-2 1.16699E-2 9.68742E-3 1.67636E-2 5.78453E-3 4.31499E-3 9.94503E-3 1.136E-2 1.23573E-2 1.15662E-2 7.98795E-3 1.30959E-2 7.03497E-3 2.46945E-2 3.13148E-2 2.31482E-2 1.28132E-2 1.09317E-2 1.70154E-2 1.65038E-2 1.97212E-2 8.48105E-3 9.27427E-3 7.83059E-3 3.66221E-3 2.97223E-3 3.19619E-3 4.85003E-3 5.17683E-3 5.27508E-3 5.63166E-3 6.51171E-3 -9999 -9999 -9999 2.25834E-3 1.62526E-3 -9999 -9999 -9999 -9999 -9999 -9999 -9999 -9999 -9999
-9999 -9999 -9999 -9999 -9999 -9999 -9999 -9999 -9999 -9999 -9999 2.35612E-2 2.2179E-2 2.06228E-2 1.39476E-2 1.18132E-2 6.60275E-3 2.42573E-3 7.41501E-3 1.0951E-2 8.95398E-3 1.75211E-2 1.82485E-2 1.42691E-2 6.59084E-3 5.64691E-3 1.67048E-2 1.94305E-2 1.51756E-2 1.33218E-2 1.36754E-2 1.40632E-2 8.72026E-3 8.45567E-3 2.29869E-2 2.98484E-2 2.38526E-2 1.59577E-2 1.12291E-2 4.46186E-3 3.59642E-3 3.5342E-3 4.0844E-3 4.334E-3 4.15296E-3 4.67275E-3 5.18365E-3 5.16466E-3 -9999 -9999 -9999 2.01093E-3 1.58319E-3 -9999 -9999 -9999 -9999 -9999 -9999 -9999 -9999
-9999 -9999 -9999 -9999 -9999 -9999 -9999 -9999 -9999 -9999 -9999 2.10552E-2 8.72163E-3 7.56331E-3 5.91652E-3 2.46901E-3 3.17831E-3 4.29526E-3 4.54008E-3 6.21568E-3 1.20874E-2 1.64059E-2 1.86697E-2 1.4549E-2 5.11134E-3 6.68523E-3 1.53829E-2 2.8168E-2 3.67074E-2 3.05445E-2 1.35861E-2 1.10987E-2 8.03696E-3 8.36955E-3 2.31572E-2 2.54452E-2 1.69508E-2 1.31078E-2 8.20731E-3 4.76457E-3 4.34811E-3 4.13959E-3 4.19378E-3 4.94965E-3 3.5216E-3 3.99696E-3 3.67746E-3 3.83254E-3 4.64414E-3 -9999 -9999 2.38308E-3 2.16748E-3 1.98144E-3 2.03494E-3 -9999 -9999 -9999 -9999 -9999 -9999
-9999 -9999 -9999 -9999 -9999 -9999 -9999 -9999 -9999 -9999 1.62416E-2 1.82468E-2 1.65835E-2 7.06444E-3 3.59759E-3 2.78355E-3 3.88313E-3 3.8856E-3 6.14084E-3 4.07816E-3 2.00395E-2 1.71029E-2 9.76938E-3 1.33107E-2 7.6179E-3 9.38456E-3 8.88858E-3 1.10683E-2 3.0739E-2 1.30399E-2 1.63829E-2 9.91705E-3 2.24812E-2 1.54279E-2 3.36245E-2 3.87639E-2 3.3038E-2 2.51138E-2 2.50166E-2 8.45486E-3 4.84385E-3 4.54736E-3 4.77382E-3 4.61544E-3 3.78711E-3 3.31369E-3 3.05736E-3 3.62122E-3 4.26698E-3 3.76495E-3 3.32576E-3 4.31806E-3 -9999 -9999 2.21271E-3 2.0582E-3 -9999 -9999 -9999 -9999 -9999
-9999 -9999 -9999 -9999 -9999 -9999 -9999 -9999 -9999 2.96487E-2 1.1861E-2 1.69752E-2 6.25367E-3 4.12161E-3 3.8531E-3 3.53029E-3 3.46594E-3 2.68939E-3 3.89071E-3 1.03777E-2 2.28056E-2 2.02981E-2 7.78481E-3 1.26346E-2 6.63787E-3 9.13749E-3 1.08669E-2 8.53436E-3 1.10233E-2 1.66763E-2 3.17083E-2 1.80669E-2 1.69214E-2 3.24915E-2 3.45089E-2 3.17781E-2 3.34953E-2 5.88747E-2 6.025E-2 3.95803E-2 5.78708E-3 5.00255E-3 4.77951E-3 5.02853E-3 4.12697E-3 3.11995E-3 3.15998E-3 3.82795E-3 4.00713E-3 3.22599E-3 3.39596E-3 3.93281E-3 3.6717E-3 -9999 2.161E-3 2.04532E-3 1.90848E-3 1.74915E-3 -9999 -9999 -9999
-9999 -9999 -9999 -9999 -9999 -9999 -9999 -9999 1.21549E-2 1.82169E-2 1.76647E-2 1.12715E-2 4.20361E-3 5.67497E-3 1.14312E-2 8.08633E-3 4.48993E-3 6.06783E-3 7.1177E-3 1.02656E-2 1.60419E-2 1.45096E-2 1.55281E-2 1.74852E-2 9.02412E-3 9.81218E-3 8.23509E-3 7.64997E-3 8.5526E-3 7.57686E-3 2.17362E-2 2.44864E-2 2.77053E-2 4.16362E-2 4.2881E-2 2.93406E-2 3.58373E-2 6.5649E-2 7.11182E-2 1.13477E-1 1.94558E-2 6.89749E-3 5.24739E-3 5.1587E-3 4.18336E-3 3.28322E-3 3.91381E-3 4.79028E-3 4.12177E-3 3.34329E-3 3.48705E-3 3.93247E-3 4.17716E-3 4.27638E-3 2.38586E-3 2.09822E-3 1.73918E-3 1.69747E-3 1.70501E-3 1.6522E-3 1.71979E-3
-9999 -9999 -9999 -9999 -9999 -9999 -9999 -9999 2.05346E-2 1.23187E-2 2.74699E-2 1.95109E-2 1.54527E-2 8.73802E-3 1.01912E-2 2.73293E-2 1.53724E-2 9.6946E-3 8.91079E-3 8.32683E-3 1.31304E-2 1.49228E-2 1.34251E-2 1.78629E-2 1.15955E-2 1.6392E-2 1.10067E-2 8.66934E-3 1.4076E-2 1.42451E-2 2.23855E-2 2.65275E-2 3.36214E-2 4.86209E-2 4.33639E-2 4.04487E-2 4.83449E-2 6.09872E-2 6.33127E-2 8.00636E-2 3.08572E-2 7.52716E-3 6.22239E-3 5.58976E-3 5.04301E-3 4.87092E-3 5.62829E-3 6.25189E-3 5.77979E-3 4.04194E-3 3.77012E-3 4.66697E-3 5.14563E-3 4.58103E-3 -9999 2.63492E-3 2.22888E-3 2.34751E-3 1.81804E-3 1.93674E-3 1.7763E-3
-9999 -9999 -9999 -9999 -9999 -9999 -9999 4.28964E-2 4.31212E-2 2.09869E-2 2.79197E-2 2.2947E-2 2.89977E-2 2.24138E-2 1.07621E-2 2.02005E-2 1.57097E-2 1.07961E-2 7.99119E-3 4.84764E-3 7.85949E-3 1.34803E-2 9.00424E-3 1.12427E-2 8.80232E-3 1.83655E-2 2.66572E-2 1.03016E-2 1.53388E-2 1.93865E-2 2.05986E-2 2.60818E-2 3.55932E-2 5.88491E-2 6.91914E-2 7.81662E-2 2.86558E-2 5.97225E-2 4.09096E-2 8.76734E-2 2.09864E-2 9.07476E-3 7.34751E-3 6.86335E-3 7.05062E-3 6.38515E-3 6.0162E-3 5.90465E-3 6.08618E-3 6.46395E-3 5.5647E-3 5.73712E-3 -9999 -9999 -9999 -9999 -9999 -9999 -9999 -9999 -9999
-9999 -9999 -9999 -9999 -9999 -9999 4.60061E-2 6.76203E-2 4.0959E-2 4.36218E-2 3.87237E-2 2.12472E-2 3.78635E-2 3.55562E-2 3.67129E-2 1.28627E-2 2.26316E-2 1.887E-2 2.19752E-2 5.19214E-3 5.61796E-3 6.10085E-3 3.4793E-3 5.08192E-3 6.13657E-3 1.0955E-2 2.11824E-2 2.18306E-2 1.24884E-2 1.30606E-2 1.2589E-2 1.36338E-2 3.891E-2 7.93062E-2 7.45739E-2 2.54108E-2 7.77206E-2 4.81576E-2 9.94204E-2 9.87575E-2 1.50993E-2 3.06084E-2 1.47624E-2 1.07422E-2 8.94E-3 7.61794E-3 7.0626E-3 6.80891E-3 6.17309E-3 6.23914E-3 7.20572E-3 7.69658E-3 6.14379E-3 5.58567E-3 -9999 -9999 -9999 -9999 -9999 -9999 -9999
-9999 -9999 -9999 -9999 -9999 -9999 5.70474E-2 5.6541E-2 3.79595E-2 3.55445E-2 3.39017E-2 1.61413E-2 3.93409E-2 2.54251E-2 2.33099E-2 3.56859E-2 4.17917E-2 4.38382E-2 3.1884E-2 2.09365E-2 7.14261E-3 5.54238E-3 3.30651E-3 4.82013E-3 3.57126E-3 1.04371E-2 1.13406E-2 1.62957E-2 2.10533E-2 1.10637E-2 2.65399E-2 2.36472E-2 4.56748E-2 2.7667E-2 2.66883E-2 4.46438E-2 7.52703E-2 8.51439E-2 4.7916E-2 5.36695E-2 2.8123E-2 3.45637E-2 1.58701E-2 1.49363E-2 1.75192E-2 1.75483E-2 1.58634E-2 9.8302E-3 7.8475E-3 6.26984E-3 6.30375E-3 4.16232E-3 3.52968E-3 3.22816E-3 2.97408E-3 3.32547E-3 2.89528E-3 2.49876E-3 2.80787E-3 2.80956E-3 2.49524E-3
-9999 -9999 -9999 -9999 -9999 4.0735E-2 5.17674E-2 5.05933E-2 3.36131E-2 3.70802E-2 3.83543E-2 4.09107E-2 3.10525E-2 2.88648E-2 2.3323E-2 2.26532E-2 3.03219E-2 4.97437E-2 3.30911E-2 2.95334E-2 2.37972E-2 1.90575E-2 7.72785E-3 8.1432E-3 1.1489E-2 5.63341E-3 4.83343E-3 4.45796E-3 2.05898E-2 1.97354E-2 1.21407E-2 3.26007E-2 4.89796E-2 6.05588E-2 2.85322E-2 3.33396E-2 6.56194E-2 -9999 -9999 1.48514E-2 -9999 -9999 -9999 5.46528E-2 3.26191E-2 1.75928E-2 1.10829E-2 7.56594E-3 6.22306E-3 7.3158E-3 6.40594E-3 3.53996E-3 2.9236E-3 2.58185E-3 2.63104E-3 2.78621E-3 1.87409E-3 1.98901E-3 1.88931E-3 2.2547E-3 2.55558E-3
-9999 -9999 -9999 -9999 7.78186E-3 2.41632E-2 2.97303E-2 3.37556E-2 3.64998E-2 5.85255E-2 6.88401E-2 6.50069E-2 3.47924E-2 2.96316E-2 3.29703E-2 5.00353E-2 4.70043E-2 3.57657E-2 3.67333E-2 4.25888E-2 5.05953E-2 3.04208E-2 1.91528E-2 1.47186E-2 1.01659E-2 6.40293E-3 7.17195E-3 5.10314E-3 5.7888E-3 9.64514E-3 2.57922E-2 3.54222E-2 4.80959E-2 7.04437E-2 7.58598E-3 5.43212E-2 6.49877E-2 8.56419E-2 1.66373E-1 7.99847E-2 1.57399E-1 -9999 3.0474E-2 5.99017E-2 2.45565E-2 1.36602E-2 1.49975E-2 1.93174E-2 1.15795E-2 1.29001E-2 8.13913E-3 3.38359E-3 3.32896E-3 2.82587E-3 2.39138E-3 1.66911E-3 1.40386E-3 1.63618E-3 1.40402E-3 1.66401E-3 2.40296E-3
-9999 -9999 -9999 3.23768E-2 6.34782E-2 6.92405E-2 5.80467E-2 3.78141E-2 5.91821E-2 1.32392E-1 7.97677E-2 8.80707E-2 5.70737E-2 3.83139E-2 4.29912E-2 2.99833E-2 3.59872E-2 4.41621E-2 6.78571E-2 6.98834E-2 3.9864E-2 1.32579E-2 1.2639E-2 1.90113E-2 7.19803E-3 5.15557E-3 6.29026E-3 6.97374E-3 7.74813E-3 4.67435E-3 2.23126E-2 4.69567E-2 4.65873E-2 4.2906E-2 3.33625E-2 5.4659E-2 7.42932E-2 6.74185E-2 8.07517E-2 5.53409E-2 1.17219E-1 4.57961E-2 -9999 -9999 1.66303E-2 1.98058E-2 8.40026E-2 7.42051E-2 2.28036E-2 1.11265E-2 1.52806E-2 6.39091E-3 3.42379E-3 3.16962E-3 2.32982E-3 1.5847E-3 1.52495E-3 1.51048E-3 1.50355E-3 1.49878E-3 2.3722E-3
-9999 -9999 -9999 2.52973E-3 4.31945E-2 1.02724E-1 9.32214E-2 8.11127E-2 4.10488E-2 8.4626E-2 4.25003E-2 9.50914E-2 6.37366E-2 5.37719E-2 2.95736E-2 2.72363E-2 4.01245E-2 3.61258E-2 5.8037E-2 2.29529E-2 1.60736E-2 9.61441E-3 6.90119E-3 9.06729E-3 9.89036E-3 8.68472E-3 7.43086E-3 1.65078E-2 7.51724E-3 9.62434E-3 1.53125E-2 3.62613E-2 2.14598E-2 3.19359E-2 2.49913E-2 4.41444E-2 6.65549E-2 9.90903E-2 5.01737E-2 2.40836E-2 -9999 -9999 -9999 -9999 -9999 1.12053E-1 1.53271E-1 6.31802E-2 2.01348E-2 1.43927E-2 1.15534E-2 2.02396E-2 3.94239E-3 3.5453E-3 2.07252E-3 1.44857E-3 1.60607E-3 1.68663E-3 2.0515E-3 2.72151E-3 3.93391E-3
