Final_Models_Sept202022/M_0.1_F_lqp_Set_1/Bison_5.asc
ncols         97
nrows         127
xllcorner     -2197417.7431653
yllcorner     -584827.01486885
cellsize      30000.0
NODATA_value  -9999
[rows 27 to 53 of 127, columns 0 to 60 of 97]
-9999 -9999 1.16287E-2 2.11805E-3 3.01506E-2 7.21144E-2 9.51917E-2 9.13411E-2 1.01903E-1 1.12319E-1 7.75783E-2 9.51063E-2 4.61464E-2 7.36936E-2 5.36011E-2 7.59877E-2 5.84336E-2 4.51175E-2 2.20026E-2 2.12782E-2 2.0516E-2 1.57867E-2 1.11625E-2 1.01673E-2 1.25868E-2 1.76222E-2 2.0792E-2 2.18131E-2 1.88586E-2 1.88756E-2 1.77452E-2 2.74139E-2 1.62781E-2 2.48009E-2 4.09335E-2 4.0091E-2 3.29376E-2 4.11708E-2 1.55292E-2 6.10475E-2 1.51489E-1 7.54959E-2 8.92119E-2 1.65842E-1 6.7939E-2 6.49944E-2 5.26983E-2 3.23393E-2 2.03853E-2 1.50054E-2 1.2951E-2 1.61561E-2 8.5621E-3 7.22092E-3 3.52013E-3 2.38827E-3 2.34028E-3 2.14167E-3 2.87356E-3 3.89036E-3 5.9117E-3
-9999 1.11634E-5 1.34921E-2 4.70153E-3 2.11456E-3 2.64052E-2 1.01821E-1 7.96447E-2 8.82096E-2 1.23111E-1 9.00588E-2 8.81878E-2 1.34437E-1 1.06267E-1 6.23107E-2 7.70087E-2 9.12667E-2 5.60614E-2 4.2414E-2 3.06228E-2 1.92878E-2 1.78528E-2 1.01897E-2 1.0939E-2 1.53355E-2 1.83386E-2 1.4369E-2 2.13931E-2 1.92998E-2 2.55283E-2 1.89254E-2 1.99533E-2 1.34739E-2 2.10598E-2 2.19669E-2 2.4246E-2 2.39177E-2 7.60445E-2 8.50517E-2 7.02526E-2 8.58431E-2 4.82809E-2 9.12737E-2 8.24181E-2 8.21057E-2 4.03912E-2 4.3341E-2 2.16063E-2 1.71963E-2 1.1264E-2 1.2979E-2 1.94582E-2 7.08415E-3 5.2638E-3 3.78102E-3 2.91904E-3 2.47298E-3 2.31449E-3 2.43849E-3 2.96701E-3 2.959E-3
-9999 3.64125E-9 7.34295E-7 1.68884E-3 1.57558E-3 2.1129E-2 4.95622E-2 1.01841E-1 8.5161E-2 1.25667E-1 6.869E-2 9.83686E-2 1.34905E-1 1.06422E-1 9.42674E-2 4.66226E-2 6.85217E-2 7.33702E-2 5.42557E-2 2.79886E-2 2.76915E-2 1.43184E-2 1.9135E-2 1.2574E-2 2.91481E-2 2.39644E-2 2.0274E-2 1.62256E-2 2.16438E-2 2.05648E-2 2.18491E-2 2.44407E-2 3.09652E-2 2.11853E-2 2.27286E-2 2.20425E-2 1.5344E-2 3.23161E-2 2.93326E-2 6.78927E-2 6.90193E-2 7.31009E-2 6.61914E-2 6.70578E-2 3.59032E-2 4.52349E-2 2.84047E-2 1.96658E-2 1.18263E-2 1.16467E-2 1.18073E-2 1.05061E-2 6.84053E-3 4.57451E-3 3.51176E-3 2.8946E-3 2.48982E-3 2.09764E-3 1.99433E-3 2.87209E-3 2.774E-3
2.29948E-4 1.97361E-9 2.4312E-14 1.0279E-7 2.10911E-6 5.75835E-3 4.23716E-2 1.29817E-1 9.07635E-2 1.06431E-1 8.11945E-2 9.94966E-2 1.47608E-1 1.44585E-1 8.98468E-2 5.95149E-2 1.21832E-1 6.98854E-2 6.02701E-2 4.40426E-2 2.34855E-2 1.91437E-2 2.7707E-2 2.06039E-2 2.41573E-2 2.46246E-2 1.97764E-2 1.62924E-2 2.29921E-2 2.26759E-2 1.84819E-2 1.84319E-2 3.17986E-2 1.57916E-2 2.39302E-2 2.74368E-2 1.56882E-2 2.54711E-2 5.01388E-2 7.02287E-2 7.49897E-2 6.34292E-2 3.93835E-2 6.35845E-2 4.25697E-2 3.7531E-2 3.13675E-2 2.02753E-2 1.1406E-2 7.07567E-3 6.03307E-3 7.10911E-3 6.66576E-3 5.3435E-3 4.17276E-3 3.12134E-3 2.27182E-3 2.18086E-3 2.12327E-3 2.77959E-3 2.61061E-3
4.57773E-3 4.33648E-5 2.63308E-12 1.95285E-16 1.21211E-7 1.16242E-2 4.76904E-2 1.74446E-1 1.00719E-1 1.23132E-1 1.22323E-1 1.36342E-1 1.31868E-1 1.8865E-1 1.19543E-1 8.04736E-2 5.60659E-2 1.20637E-1 5.32402E-2 2.67601E-2 1.90892E-2 1.98326E-2 2.45977E-2 1.95372E-2 2.38358E-2 2.29039E-2 2.36674E-2 2.29052E-2 2.1137E-2 2.55342E-2 2.53815E-2 2.6163E-2 2.37241E-2 1.13208E-2 4.08619E-2 2.8464E-2 4.18609E-2 4.03687E-2 4.498E-2 3.97386E-2 5.65275E-2 5.3956E-2 4.99943E-2 3.97112E-2 3.70831E-2 3.0137E-2 2.85993E-2 2.3528E-2 1.56473E-2 7.60411E-3 6.35434E-3 7.0321E-3 5.55827E-3 5.38301E-3 4.55867E-3 3.36192E-3 2.57673E-3 2.5376E-3 2.38496E-3 2.68372E-3 2.81518E-3
8.39811E-4 2.02533E-4 2.60281E-5 4.16106E-11 1.39967E-9 8.7464E-3 7.89432E-2 1.16761E-1 1.45047E-1 1.4071E-1 1.41936E-1 1.31715E-1 1.25377E-1 1.41607E-1 9.84326E-2 4.37188E-2 3.42258E-2 5.16251E-2 6.77616E-2 4.25143E-2 2.63478E-2 2.4241E-2 2.44613E-2 2.45248E-2 3.81252E-2 2.25305E-2 2.59523E-2 3.11125E-2 2.38931E-2 2.38578E-2 2.10964E-2 2.02568E-2 1.34332E-2 1.25031E-2 3.75847E-2 4.37594E-2 3.06941E-2 2.96482E-2 3.20194E-2 2.61235E-2 3.27468E-2 4.35985E-2 5.05832E-2 4.09438E-2 3.89665E-2 2.63376E-2 2.39512E-2 2.4923E-2 1.89379E-2 9.17951E-3 7.67605E-3 7.02493E-3 5.40218E-3 5.77528E-3 4.85018E-3 3.47587E-3 2.94869E-3 2.71769E-3 3.11135E-3 2.80771E-3 3.12937E-3
-9999 3.08096E-4 1.53052E-3 5.77136E-3 3.56646E-8 2.33363E-2 5.62272E-2 8.19469E-2 1.14906E-1 9.52608E-2 1.45749E-1 1.58294E-1 1.37823E-1 1.25119E-1 4.5683E-2 4.2273E-2 1.84635E-2 1.54625E-2 7.22075E-2 5.97259E-2 3.56198E-2 4.2856E-2 3.30328E-2 2.3853E-2 2.59473E-2 3.87854E-2 3.40385E-2 3.71312E-2 4.51502E-2 3.07172E-2 2.98839E-2 2.62695E-2 1.81294E-2 2.44464E-2 4.16496E-2 2.95049E-2 3.55072E-2 4.30076E-2 3.48221E-2 3.57945E-2 4.31837E-2 4.01175E-2 4.62397E-2 4.27233E-2 3.50877E-2 3.15054E-2 2.70203E-2 4.16056E-2 3.20312E-2 1.79382E-2 1.21631E-2 1.02481E-2 7.8309E-3 6.88717E-3 5.1043E-3 4.16754E-3 5.1401E-3 3.1737E-3 3.19605E-3 2.88932E-3 3.47947E-3
-9999 -9999 5.30816E-4 1.52781E-3 2.74874E-5 5.40682E-2 2.24898E-2 5.30746E-2 8.52079E-2 1.14873E-1 9.31519E-2 2.71542E-1 9.89451E-2 9.17294E-2 4.34046E-2 4.0803E-2 2.86819E-2 1.72708E-2 2.78119E-2 5.79192E-2 5.2751E-2 3.14063E-2 3.19323E-2 2.45871E-2 5.41074E-2 1.80788E-2 3.30239E-2 4.53599E-2 3.79268E-2 3.08885E-2 2.39718E-2 2.57242E-2 2.79622E-2 3.77256E-2 4.08595E-2 2.89785E-2 2.51982E-2 3.42035E-2 1.68999E-2 1.99897E-2 6.29666E-2 5.41401E-2 6.35833E-2 4.09239E-2 5.90285E-2 4.34622E-2 4.17805E-2 3.85414E-2 4.59962E-2 3.9697E-2 2.05087E-2 1.28993E-2 8.55031E-3 6.84461E-3 5.38828E-3 4.20205E-3 6.10425E-3 3.61146E-3 3.70715E-3 3.7949E-3 3.6236E-3
-9999 -9999 4.11136E-4 1.02538E-2 2.0425E-3 1.57902E-2 9.12952E-3 3.35112E-2 6.15202E-2 9.7822E-2 1.06666E-1 1.84649E-1 1.05634E-1 8.60519E-2 4.23519E-2 7.91924E-2 5.26583E-2 4.69235E-2 2.36345E-2 3.5054E-2 4.44374E-2 5.82433E-2 4.03713E-2 1.29682E-2 4.35918E-2 3.03561E-2 4.09606E-2 4.73547E-2 5.40495E-2 3.42728E-2 2.5847E-2 2.52423E-2 2.68481E-2 3.93062E-2 3.78189E-2 3.48311E-2 9.29357E-3 2.24555E-2 1.61316E-2 1.7211E-2 3.06391E-2 6.52944E-2 3.68517E-2 5.85655E-2 6.10935E-2 5.61E-2 4.71764E-2 4.54917E-2 3.69374E-2 5.50055E-2 2.7223E-2 2.60828E-2 1.21107E-2 7.63336E-3 6.12622E-3 4.92125E-3 4.38832E-3 4.33366E-3 4.49763E-3 4.34624E-3 3.48883E-3
-9999 -9999 7.44112E-4 2.51871E-2 3.62162E-3 6.24661E-3 4.63875E-3 4.76384E-2 7.67766E-2 5.53096E-2 7.38289E-2 8.80796E-2 1.34936E-1 9.1697E-2 4.62359E-2 6.6226E-2 6.84638E-2 5.42561E-2 6.12396E-2 2.73145E-2 5.23123E-2 6.1099E-2 3.90405E-2 3.26704E-2 2.80426E-2 1.16768E-2 3.97121E-2 2.48129E-2 3.79383E-2 4.03089E-2 2.94661E-2 2.39551E-2 2.64524E-2 4.05234E-2 4.11662E-2 4.21444E-2 1.19834E-2 1.29739E-2 1.59873E-2 1.86471E-2 2.2947E-2 3.62809E-2 3.30037E-2 2.32502E-2 6.55687E-2 6.66461E-2 5.67575E-2 6.19059E-2 4.98736E-2 5.23442E-2 2.8013E-2 2.02074E-2 1.23738E-2 8.49774E-3 8.39341E-3 6.36804E-3 5.287E-3 5.0334E-3 6.11913E-3 5.06126E-3 4.13748E-3
-9999 -9999 -9999 8.22258E-3 1.50083E-4 7.8603E-3 5.01797E-3 2.3854E-2 2.50607E-2 1.55764E-2 2.45093E-2 8.78189E-2 1.29978E-1 9.5668E-2 5.79169E-2 6.1622E-2 5.64055E-2 4.89109E-2 5.68586E-2 5.92191E-2 4.33252E-2 2.76742E-2 3.13852E-2 4.57242E-2 5.0636E-2 2.91833E-2 4.38237E-2 4.93591E-2 4.12104E-2 3.04206E-2 2.78217E-2 2.93683E-2 3.34978E-2 3.18584E-2 3.52815E-2 3.62773E-2 2.35053E-2 1.30902E-2 1.72713E-2 2.2455E-2 2.09877E-2 2.75061E-2 4.25821E-2 4.77063E-2 7.44864E-2 5.95811E-2 5.96474E-2 6.91455E-2 3.86874E-2 3.00569E-2 2.40095E-2 2.11956E-2 1.76045E-2 1.18562E-2 1.09507E-2 8.79422E-3 8.30287E-3 6.62867E-3 5.01403E-3 5.03437E-3 4.68397E-3
-9999 -9999 -9999 2.93674E-3 3.05714E-6 4.43088E-2 1.25256E-2 3.08626E-2 5.36874E-2 4.79349E-2 1.67441E-2 8.32595E-2 8.8412E-2 8.85996E-2 8.98135E-2 6.11418E-2 3.98064E-2 5.37283E-2 4.15307E-2 6.08894E-2 3.15662E-2 2.49437E-2 2.64775E-2 4.06628E-2 4.76713E-2 5.81629E-2 6.08945E-2 3.97321E-2 2.33959E-2 2.55043E-2 2.91287E-2 3.7566E-2 4.35341E-2 3.34566E-2 3.35671E-2 3.36606E-2 2.04599E-2 2.34725E-2 4.74104E-2 2.01943E-2 2.14339E-2 2.71615E-2 2.7523E-2 2.59133E-2 5.78106E-2 6.6498E-2 6.15042E-2 7.12667E-2 6.49656E-2 5.60953E-2 2.09182E-2 4.83503E-2 2.34812E-2 1.93864E-2 1.34352E-2 8.94814E-3 8.14483E-3 6.732E-3 6.696E-3 5.41991E-3 4.98718E-3
-9999 -9999 -9999 2.59911E-3 3.79606E-4 1.02355E-1 6.13924E-2 2.45146E-2 3.07339E-2 4.57959E-2 1.77806E-2 3.96283E-2 8.17069E-2 7.22763E-2 6.66698E-2 6.67657E-2 2.5948E-2 5.1812E-2 4.95976E-2 5.72525E-2 3.23088E-2 2.51525E-2 3.72986E-2 5.13504E-2 6.34936E-2 5.49968E-2 5.55501E-2 4.73691E-2 3.67422E-2 2.29219E-2 3.15124E-2 4.24814E-2 4.95349E-2 3.14767E-2 4.40328E-2 4.50216E-2 5.35599E-2 5.55571E-2 3.8527E-2 2.20057E-2 1.79607E-2 2.1786E-2 3.86885E-2 5.27128E-2 7.47319E-2 7.39753E-2 5.1861E-2 8.55134E-2 6.38191E-2 5.37303E-2 3.92075E-2 2.912E-2 4.83477E-2 3.27594E-2 2.19355E-2 2.16738E-2 2.47786E-2 1.52756E-2 1.12409E-2 7.53036E-3 5.76026E-3
-9999 -9999 -9999 -9999 5.26096E-3 8.30682E-2 7.91797E-3 1.37922E-2 7.14327E-2 8.64032E-3 2.03672E-3 1.64992E-2 9.57426E-2 5.32307E-2 7.61678E-2 7.03345E-2 5.60832E-2 5.65052E-2 7.39055E-2 7.19157E-2 4.49074E-2 4.23502E-2 4.63117E-2 4.56575E-2 5.07848E-2 4.70074E-2 4.89925E-2 3.95633E-2 3.86876E-2 3.8502E-2 4.48206E-2 5.15893E-2 3.41336E-2 4.02265E-2 3.55928E-2 4.49263E-2 5.41131E-2 4.2426E-2 2.56988E-2 2.9403E-2 3.20708E-2 3.30364E-2 3.71605E-2 8.50301E-2 8.68225E-2 6.81071E-2 5.1235E-2 7.68454E-2 8.94356E-2 6.6999E-2 3.03058E-2 5.89159E-2 8.41011E-2 4.57858E-2 3.23904E-2 5.2047E-2 2.2384E-2 3.09029E-2 2.92401E-2 8.67612E-3 5.86285E-3
-9999 -9999 -9999 -9999 2.9309E-2 2.86885E-2 1.14139E-2 3.0644E-2 2.42149E-2 2.52798E-5 1.80596E-4 1.00181E-2 9.2217E-2 6.13777E-2 8.635E-2 4.89061E-2 5.51347E-2 6.14782E-2 7.17339E-2 6.59912E-2 6.64187E-2 8.60981E-2 5.61188E-2 5.33669E-2 4.9007E-2 4.30192E-2 4.56731E-2 3.63428E-2 3.79135E-2 3.52864E-2 3.9039E-2 5.97453E-2 4.14931E-2 4.98469E-2 4.43923E-2 5.19278E-2 4.74202E-2 6.85748E-2 5.39001E-2 6.74728E-2 5.28194E-2 6.86074E-2 5.84229E-2 9.59706E-2 7.17738E-2 9.62702E-2 1.00559E-1 3.52384E-2 6.9452E-2 1.09363E-1 8.24319E-2 8.41859E-2 1.00381E-1 3.39687E-2 3.83372E-2 5.59734E-2 4.61078E-2 3.97901E-2 2.8569E-2 1.13965E-2 7.48969E-3
-9999 -9999 -9999 -9999 2.20503E-3 1.45771E-2 6.99725E-3 2.76543E-2 6.37544E-3 1.99173E-4 2.07262E-3 3.90576E-3 3.77274E-2 5.45719E-2 6.06885E-2 5.64022E-2 6.51007E-2 7.64627E-2 4.03529E-2 6.90145E-2 6.54361E-2 5.02385E-2 7.13588E-2 6.67661E-2 6.10467E-2 5.72428E-2 4.79804E-2 5.24847E-2 4.24279E-2 3.3191E-2 5.17779E-2 5.03798E-2 6.12649E-2 5.88122E-2 5.68291E-2 5.86879E-2 5.55436E-2 7.08491E-2 8.838E-2 7.87385E-2 8.10807E-2 7.9989E-2 1.07554E-1 9.73636E-2 8.24031E-2 8.57125E-2 1.13442E-1 1.2346E-1 -9999 9.90207E-2 7.12888E-2 7.40928E-2 4.0816E-2 4.82676E-2 9.62933E-2 5.26724E-2 4.36819E-2 3.41296E-2 5.5524E-2 1.5862E-2 8.57855E-3
-9999 -9999 -9999 -9999 3.08288E-3 5.6715E-3 3.57486E-3 2.54089E-4 2.8844E-1 3.88645E-1 4.06372E-3 2.34119E-3 1.75511E-2 4.38365E-2 3.62021E-2 4.93063E-2 6.93455E-2 3.36212E-2 3.30973E-2 6.59558E-2 6.61717E-2 6.2189E-2 7.28458E-2 7.12894E-2 5.71387E-2 4.64162E-2 3.55757E-2 6.9414E-2 4.43447E-2 4.89549E-2 6.21888E-2 5.87886E-2 5.99585E-2 5.60026E-2 4.90016E-2 6.41905E-2 6.20943E-2 6.19389E-2 6.42452E-2 7.33474E-2 8.35267E-2 8.87748E-2 9.52924E-2 9.70176E-2 9.70501E-2 8.06813E-2 -9999 -9999 -9999 -9999 9.20791E-2 5.23626E-2 5.12929E-2 8.33456E-2 6.72043E-2 5.56897E-2 2.41711E-2 1.79301E-2 1.02832E-2 1.4045E-2 1.29133E-2
-9999 -9999 -9999 -9999 1.84266E-3 8.54035E-3 3.53022E-3 9.61054E-4 2.81785E-5 4.47118E-1 5.74893E-3 5.6249E-3 1.62809E-2 3.07465E-2 2.85338E-2 4.33931E-2 5.44282E-2 3.3546E-2 4.37246E-2 5.50506E-2 6.04311E-2 7.12368E-2 8.36417E-2 7.53435E-2 4.63784E-2 3.12349E-2 4.09644E-2 5.48639E-2 5.97812E-2 6.67674E-2 6.31533E-2 6.44016E-2 6.25027E-2 7.91147E-2 4.15349E-2 5.31895E-2 7.32547E-2 6.08163E-2 6.34612E-2 6.83833E-2 9.4448E-2 8.49406E-2 6.74953E-2 4.49387E-2 9.85942E-2 -9999 -9999 -9999 -9999 2.18574E-1 8.13116E-2 7.72412E-2 6.36494E-2 6.87235E-2 6.57934E-2 5.02128E-2 4.40291E-2 3.02834E-2 2.99977E-2 4.21117E-2 1.71442E-2
-9999 -9999 -9999 -9999 6.79466E-3 1.91583E-2 5.56542E-3 6.15314E-4 1.61566E-2 9.36891E-2 5.07179E-3 3.92962E-3 8.36362E-3 3.07394E-2 3.54947E-2 3.93732E-2 5.64994E-2 5.63768E-2 2.66679E-2 3.24413E-2 5.36193E-2 7.82351E-2 6.56876E-2 5.26034E-2 4.53371E-2 4.73162E-2 5.07164E-2 6.7682E-2 7.25277E-2 6.20574E-2 6.1374E-2 6.71563E-2 6.45151E-2 6.88402E-2 6.75472E-2 4.97175E-2 5.63285E-2 5.51775E-2 7.90534E-2 7.48567E-2 7.92262E-2 8.39724E-2 1.06042E-1 1.09364E-1 1.26208E-1 -9999 -9999 -9999 2.14956E-1 1.65312E-1 1.11419E-1 7.92461E-2 7.59719E-2 5.92051E-2 5.7919E-2 4.28365E-2 4.64296E-2 1.8807E-2 2.10995E-2 3.1245E-2 1.44649E-2
-9999 -9999 -9999 9.76636E-3 5.01807E-1 1.41867E-1 9.19489E-4 2.57643E-3 1.45039E-3 6.31987E-3 1.43801E-3 2.88353E-3 9.96209E-3 3.20284E-2 5.34605E-2 4.12063E-2 7.09137E-2 4.99463E-2 5.04568E-2 2.08299E-2 3.89413E-2 5.3544E-2 5.18982E-2 3.40658E-2 4.08147E-2 4.63993E-2 6.07561E-2 6.54917E-2 4.51212E-2 5.38412E-2 7.92203E-2 7.48252E-2 6.86215E-2 7.25809E-2 6.66985E-2 6.8047E-2 5.85427E-2 7.53161E-2 7.20374E-2 8.34698E-2 7.41325E-2 7.12379E-2 8.57736E-2 1.17985E-1 2.34183E-1 1.75959E-1 1.70588E-1 1.71912E-1 1.82859E-1 1.22465E-1 1.17376E-1 9.64795E-2 9.10125E-2 7.77696E-2 6.85143E-2 4.16509E-2 4.72392E-2 2.32803E-2 2.22905E-2 2.44122E-2 1.82712E-2
-9999 -9999 -9999 -9999 5.38733E-2 3.01811E-1 5.5668E-3 -9999 1.6855E-3 8.17365E-3 1.68505E-3 1.10903E-3 2.56629E-2 4.15481E-2 4.70378E-2 6.45576E-2 6.19948E-2 5.01468E-2 3.86591E-2 3.51594E-2 2.71403E-2 4.67392E-2 3.1725E-2 4.72403E-2 7.49836E-2 6.63922E-2 6.67492E-2 6.0595E-2 4.88759E-2 5.40296E-2 5.52428E-2 7.73912E-2 7.29048E-2 7.39081E-2 6.23394E-2 5.41605E-2 5.91775E-2 5.10829E-2 5.65272E-2 9.07841E-2 1.06691E-1 9.24818E-2 7.15683E-2 9.77251E-2 1.1159E-1 1.41432E-1 1.44275E-1 1.40034E-1 1.50927E-1 1.13381E-1 1.1475E-1 7.5233E-2 9.51173E-2 8.8554E-2 7.50522E-2 3.74452E-2 4.42126E-2 2.82322E-2 3.33346E-2 2.74933E-2 1.63685E-2
-9999 -9999 -9999 -9999 2.06219E-2 7.90459E-3 4.01609E-3 4.33095E-3 3.51833E-3 4.01622E-2 3.83435E-3 7.91146E-4 8.5413E-3 1.87224E-2 3.39501E-2 9.26837E-2 5.47451E-2 6.22986E-2 4.13502E-2 3.43781E-2 2.81035E-2 3.43845E-2 4.58201E-2 6.0496E-2 4.83708E-2 7.27411E-2 5.66576E-2 6.08896E-2 6.98153E-2 6.42648E-2 6.59267E-2 8.42883E-2 8.07125E-2 8.22209E-2 7.68085E-2 8.02886E-2 6.60339E-2 4.4085E-2 6.18227E-2 6.90589E-2 7.29342E-2 8.87059E-2 5.98519E-2 8.49663E-2 7.95239E-2 1.19877E-1 1.16726E-1 1.00305E-1 1.12624E-1 1.11183E-1 9.98236E-2 8.50581E-2 9.55838E-2 9.96651E-2 1.00355E-1 6.51635E-2 4.78988E-2 5.03765E-2 2.49753E-2 3.13843E-2 3.12435E-2
-9999 -9999 -9999 -9999 1.84398E-1 5.69935E-3 8.16794E-3 3.36446E-3 7.08943E-3 3.10529E-2 2.70544E-3 8.06543E-4 3.71181E-3 3.28423E-2 3.52401E-2 4.28973E-2 5.17271E-2 6.68012E-2 6.15218E-2 3.92192E-2 2.64155E-2 3.61554E-2 2.60458E-2 3.76929E-2 7.30933E-2 6.70478E-2 4.63323E-2 6.61942E-2 6.86214E-2 7.12321E-2 7.79686E-2 8.29155E-2 1.03873E-1 7.80434E-2 9.96882E-2 9.15392E-2 8.7569E-2 7.53203E-2 8.6981E-2 9.39278E-2 9.14163E-2 9.0871E-2 7.93207E-2 8.08409E-2 9.53422E-2 1.03769E-1 8.0661E-2 9.32848E-2 1.01521E-1 1.09599E-1 9.441E-2 8.45151E-2 8.76737E-2 8.73273E-2 8.78487E-2 5.21839E-2 5.41043E-2 5.27558E-2 3.73369E-2 3.19012E-2 2.27779E-2
-9999 -9999 -9999 -9999 -9999 8.16346E-3 7.38165E-3 7.99337E-3 6.292E-3 1.09678E-2 1.60094E-3 3.4935E-3 7.26903E-3 9.53818E-3 1.66919E-2 3.86962E-2 6.1317E-2 5.72058E-2 6.44859E-2 5.31008E-2 4.82581E-2 5.42877E-2 3.6524E-2 5.04333E-2 4.11394E-2 6.51533E-2 6.50503E-2 6.81807E-2 7.28647E-2 9.51355E-2 9.71223E-2 1.06619E-1 9.35134E-2 8.89447E-2 9.02845E-2 1.0717E-1 8.34131E-2 7.54218E-2 9.35113E-2 8.4184E-2 9.6168E-2 9.77182E-2 8.99105E-2 1.10235E-1 1.11588E-1 9.6722E-2 7.58829E-2 9.52673E-2 9.96426E-2 1.31273E-1 1.08434E-1 9.61937E-2 9.06859E-2 7.84008E-2 8.42562E-2 5.19054E-2 6.23828E-2 6.49729E-2 5.85627E-2 1.9299E-2 2.63112E-2
-9999 -9999 -9999 -9999 -9999 1.15335E-2 3.14629E-3 9.75795E-3 1.55087E-2 2.66381E-2 1.44603E-3 2.3783E-4 1.11724E-3 4.70841E-3 1.86813E-2 2.83842E-2 5.67974E-2 5.52905E-2 6.83868E-2 6.24186E-2 6.75686E-2 3.85379E-2 6.40861E-2 5.16252E-2 5.21167E-2 8.80071E-2 7.57981E-2 7.62141E-2 8.34864E-2 7.41484E-2 8.78194E-2 1.00642E-1 1.13321E-1 9.73334E-2 8.661E-2 1.06323E-1 1.07244E-1 1.03561E-1 1.04753E-1 1.03226E-1 8.69026E-2 9.80955E-2 1.06162E-1 1.13975E-1 8.0744E-2 1.03079E-1 1.09955E-1 8.79646E-2 7.9077E-2 9.7706E-2 1.05337E-1 9.20984E-2 7.33964E-2 6.02674E-2 9.14876E-2 5.85588E-2 5.31097E-2 6.56049E-2 4.44566E-2 4.02147E-2 3.20203E-2
-9999 -9999 -9999 -9999 -9999 2.72373E-2 6.95486E-3 3.47055E-3 1.10521E-2 1.14953E-3 1.27862E-3 4.10942E-5 4.52956E-4 8.22052E-4 2.0842E-2 2.75826E-2 4.27369E-2 4.0576E-2 5.08186E-2 7.55784E-2 5.35109E-2 5.78916E-2 6.09585E-2 5.48021E-2 4.72971E-2 8.17627E-2 4.82258E-2 9.65744E-2 9.02818E-2 8.99164E-2 9.38677E-2 1.05575E-1 1.21518E-1 1.17982E-1 1.23796E-1 1.31679E-1 1.25159E-1 1.3709E-1 1.30248E-1 1.30095E-1 1.15252E-1 1.01842E-1 1.05827E-1 8.30334E-2 1.04933E-1 9.34741E-2 1.01652E-1 9.35385E-2 9.16474E-2 1.11827E-1 1.13865E-1 8.79008E-2 7.11104E-2 5.14189E-2 8.42497E-2 7.54154E-2 8.28873E-2 6.92232E-2 5.38069E-2 5.42623E-2 4.46189E-2
-9999 -9999 -9999 -9999 -9999 6.48098E-3 3.00497E-3 4.98686E-3 1.56645E-2 1.68836E-3 1.21526E-3 3.08558E-4 9.76903E-4 4.96929E-3 1.78557E-2 2.15541E-2 2.97122E-2 3.04956E-2 3.89993E-2 5.95806E-2 8.80727E-2 9.9496E-2 1.00996E-1 6.05314E-2 4.09346E-2 1.17235E-1 8.21056E-2 1.02695E-1 1.05507E-1 1.08476E-1 1.20319E-1 1.18223E-1 1.13617E-1 1.21212E-1 1.29672E-1 1.29444E-1 1.60771E-1 1.38526E-1 1.34684E-1 1.54197E-1 1.94137E-1 1.42181E-1 1.01302E-1 6.48845E-2 1.35385E-1 1.19461E-1 1.25786E-1 1.11439E-1 9.5092E-2 1.25488E-1 8.88284E-2 1.06548E-1 1.14857E-1 8.12951E-2 5.96097E-2 -9999 6.09265E-2 4.50649E-2 5.04865E-2 6.57535E-2 4.97989E-2
