Final_Models_Sept202022/M_0.1_F_lqp_Set_1/Bison_avg.asc
ncols         97
nrows         127
xllcorner     -2197417.7431653
yllcorner     -584827.01486885
cellsize      30000.0
NODATA_value  -9999
[rows 54 to 80 of 127, columns 0 to 60 of 97]
-9999 -9999 -9999 -9999 9.85015E-2 2.04458E-2 2.61791E-3 1.83919E-2 1.52758E-2 7.32114E-4 1.24038E-3 2.07616E-3 1.68805E-3 5.8133E-3 9.91578E-3 7.74697E-3 1.68214E-2 2.79142E-2 3.54792E-2 5.02291E-2 7.98518E-2 9.34114E-2 8.36457E-2 9.52944E-2 5.78687E-2 1.10352E-1 1.19581E-1 1.05263E-1 1.41849E-1 1.28411E-1 1.17259E-1 1.11809E-1 1.28597E-1 1.38652E-1 1.3583E-1 1.4669E-1 1.45751E-1 1.38271E-1 1.40132E-1 1.69275E-1 2.60975E-1 2.68297E-1 2.07462E-1 1.61521E-1 1.63144E-1 1.32204E-1 1.47327E-1 1.21885E-1 1.04028E-1 9.6841E-2 1.03106E-1 1.1198E-1 8.88017E-2 1.40668E-1 1.55526E-1 8.78828E-2 9.9624E-2 8.42568E-2 8.09093E-2 7.94369E-2 5.2134E-2
-9999 -9999 -9999 -9999 -9999 1.50938E-2 2.61501E-3 6.1402E-3 7.8901E-2 4.51277E-3 7.2552E-4 1.88633E-3 1.03946E-2 4.24605E-3 9.49379E-3 5.17737E-3 6.60485E-3 1.44731E-2 4.21452E-2 2.9119E-2 8.57433E-2 9.98261E-2 1.08517E-1 1.56228E-1 5.3108E-2 6.64253E-2 1.04455E-1 1.20695E-1 1.97091E-1 1.79277E-1 1.35661E-1 1.19676E-1 1.29583E-1 1.36737E-1 1.30505E-1 1.68223E-1 1.70044E-1 1.50807E-1 1.83433E-1 1.89362E-1 2.60008E-1 2.99319E-1 2.00934E-1 1.57963E-1 1.63493E-1 1.54906E-1 1.33781E-1 1.14115E-1 1.16928E-1 8.07447E-2 1.06848E-1 1.28034E-1 1.11133E-1 1.63483E-1 1.32162E-1 1.05276E-1 1.04551E-1 8.19597E-2 8.39708E-2 7.22347E-2 5.94962E-2
-9999 -9999 -9999 -9999 -9999 2.37804E-2 1.19473E-2 2.14369E-2 3.42381E-2 1.13132E-2 8.93014E-5 5.51703E-4 6.68242E-4 9.49526E-4 1.28935E-2 5.78655E-3 1.52898E-2 1.4347E-2 3.05569E-2 4.88584E-2 7.76028E-2 6.91151E-2 6.90703E-2 9.48992E-2 5.9027E-2 4.74625E-2 7.99818E-2 1.85043E-1 2.43059E-1 1.7192E-1 1.76477E-1 1.50138E-1 1.51019E-1 1.54509E-1 1.77697E-1 2.07682E-1 1.73701E-1 1.69198E-1 1.95725E-1 2.05894E-1 2.85429E-1 2.47289E-1 1.81872E-1 1.68074E-1 1.59208E-1 1.49248E-1 1.38516E-1 1.27433E-1 1.42005E-1 1.35935E-1 1.54845E-1 1.38192E-1 1.63466E-1 1.37933E-1 1.12083E-1 1.19704E-1 1.06222E-1 1.04364E-1 7.4461E-2 5.74422E-2 2.9226E-2
-9999 -9999 -9999 -9999 -9999 -9999 1.95009E-2 -9999 4.27083E-2 4.25182E-3 4.7055E-4 7.89969E-4 7.89592E-4 2.05746E-3 2.84589E-3 2.41065E-2 1.32438E-2 1.52448E-2 3.55282E-2 6.53046E-2 4.07372E-2 6.17522E-2 7.2698E-2 1.03213E-1 7.87344E-2 8.19623E-2 7.34736E-2 1.87179E-1 2.21005E-1 2.0389E-1 3.50395E-1 2.76973E-1 1.80464E-1 1.64895E-1 1.89817E-1 2.37748E-1 2.33723E-1 1.8479E-1 1.96352E-1 1.95557E-1 1.80532E-1 1.37446E-1 2.02419E-1 1.60633E-1 1.20652E-1 1.35041E-1 1.16643E-1 1.31254E-1 1.38339E-1 1.71828E-1 1.53449E-1 1.47517E-1 1.36448E-1 1.34591E-1 1.24826E-1 1.0885E-1 9.82663E-2 9.23166E-2 7.46155E-2 5.21789E-2 3.7645E-2
-9999 -9999 -9999 4.67352E-3 -9999 -9999 -9999 -9999 -9999 1.17192E-2 1.79035E-3 1.63142E-4 6.26111E-4 1.79933E-3 7.51777E-4 2.13896E-2 1.1996E-2 2.30492E-2 3.10538E-2 4.606E-2 5.806E-2 7.72429E-2 5.62417E-2 1.25761E-1 4.70423E-2 4.6771E-2 7.14146E-2 1.20756E-1 2.56633E-1 2.95477E-1 4.62136E-1 4.01674E-1 1.80905E-1 1.50826E-1 1.72662E-1 2.48409E-1 2.2923E-1 2.86683E-1 5.48367E-1 1.86048E-1 1.69015E-1 1.40195E-1 1.75378E-1 1.42172E-1 8.41637E-2 1.07412E-1 1.48127E-1 1.4275E-1 1.41405E-1 1.40216E-1 1.57151E-1 1.52927E-1 1.44279E-1 1.30808E-1 1.15387E-1 1.11335E-1 9.70633E-2 7.95971E-2 7.41062E-2 6.87675E-2 5.43971E-2
-9999 -9999 -9999 4.68729E-3 5.23512E-3 9.03785E-3 -9999 -9999 -9999 2.04388E-2 1.3841E-4 2.32952E-4 6.08682E-4 3.16786E-3 3.50986E-3 3.3401E-2 2.29357E-2 1.75499E-2 4.08735E-2 5.68804E-2 4.62863E-2 4.96038E-2 7.33152E-2 5.61409E-2 7.36866E-2 2.94159E-2 4.39589E-2 1.06533E-1 3.04751E-1 4.62032E-1 5.57051E-1 4.8707E-1 2.07175E-1 2.2477E-1 2.19429E-1 2.27948E-1 2.38836E-1 4.77843E-1 4.42555E-1 1.8948E-1 1.90276E-1 1.92504E-1 1.71127E-1 1.60145E-1 1.34972E-1 1.36801E-1 1.35362E-1 1.20905E-1 1.3233E-1 2.13936E-1 1.83958E-1 1.58503E-1 1.32946E-1 1.36277E-1 9.27852E-2 1.20804E-1 8.64009E-2 9.94377E-2 9.72541E-2 7.28776E-2 4.78167E-2
-9999 -9999 -9999 3.47867E-3 7.32555E-3 1.22828E-2 9.11074E-3 -9999 -9999 9.22811E-2 5.88128E-4 1.21699E-3 5.06846E-4 1.45906E-3 2.48204E-3 1.37365E-2 2.56929E-2 3.17763E-2 4.90854E-2 5.03032E-2 6.05743E-2 4.23826E-2 3.02103E-2 2.73692E-2 5.80116E-2 2.38746E-3 2.44751E-3 5.37208E-2 2.01914E-1 2.15346E-1 6.57579E-1 6.72569E-1 4.45514E-1 5.48653E-1 4.78137E-1 3.32618E-1 3.71246E-1 4.06138E-1 3.73252E-1 1.91781E-1 2.0712E-1 1.90929E-1 1.79456E-1 1.71574E-1 1.42668E-1 1.3402E-1 1.34132E-1 1.32946E-1 1.37456E-1 2.73815E-1 2.29045E-1 2.17598E-1 1.1801E-1 1.05318E-1 9.09384E-2 1.27524E-1 1.05958E-1 1.17003E-1 9.63237E-2 6.86846E-2 4.50399E-2
-9999 -9999 -9999 2.97533E-3 4.23092E-3 5.78441E-3 -9999 -9999 2.57696E-2 3.78258E-4 5.28999E-5 4.52591E-4 7.24475E-4 1.40436E-3 3.94572E-3 1.29267E-2 9.54647E-2 4.04362E-2 5.70958E-2 3.01379E-2 6.03593E-2 4.76265E-2 4.25751E-2 3.40885E-2 3.6868E-2 3.62997E-3 1.58245E-3 3.10426E-2 1.19895E-1 3.95266E-1 5.6828E-1 6.9987E-1 6.22023E-1 5.12835E-1 6.3245E-1 4.97471E-1 4.52054E-1 5.65678E-1 3.92713E-1 2.59189E-1 2.44363E-1 2.23258E-1 1.87388E-1 1.55509E-1 1.59023E-1 1.71273E-1 1.49233E-1 1.53572E-1 1.97774E-1 2.63474E-1 2.5809E-1 1.48747E-1 1.42408E-1 1.13663E-1 7.3356E-2 1.39664E-1 1.18648E-1 9.58419E-2 9.66659E-2 7.58637E-2 6.84983E-2
-9999 -9999 -9999 3.72054E-3 9.32093E-3 -9999 -9999 2.7643E-2 1.25828E-2 7.73239E-4 9.69354E-5 3.42658E-4 8.81239E-4 3.37686E-4 7.93169E-3 2.0019E-2 8.4932E-2 5.6237E-2 4.82357E-2 5.32122E-2 6.46097E-2 5.35812E-2 3.17078E-2 3.67328E-2 3.06E-2 6.97031E-3 7.27216E-4 1.61938E-2 6.63643E-2 1.35493E-1 3.94341E-1 6.26172E-1 3.87335E-1 4.60039E-1 7.28189E-1 6.22749E-1 6.12993E-1 7.43559E-1 4.9594E-1 2.56616E-1 2.46202E-1 1.89927E-1 1.59466E-1 1.56633E-1 1.6599E-1 1.84516E-1 1.64191E-1 1.74006E-1 1.66984E-1 2.29612E-1 2.60146E-1 1.44831E-1 1.20579E-1 1.27356E-1 1.07485E-1 1.11297E-1 1.16508E-1 1.04214E-1 1.1342E-1 8.36915E-2 5.95695E-2
-9999 -9999 -9999 3.9898E-3 2.96999E-3 -9999 -9999 -9999 2.78488E-2 1.6854E-3 5.7401E-4 1.30147E-3 2.37237E-4 2.18622E-3 1.41638E-2 4.92678E-2 8.2953E-2 7.45349E-2 7.19604E-2 6.55384E-2 8.02002E-2 8.79579E-2 5.56004E-2 3.1939E-2 3.09323E-2 1.06373E-2 3.43588E-3 1.79808E-2 4.15624E-2 8.23733E-2 1.49011E-1 3.90977E-1 5.0257E-1 5.58758E-1 6.1225E-1 6.15655E-1 5.78369E-1 4.39351E-1 2.72377E-1 2.19693E-1 1.77658E-1 1.82581E-1 1.6461E-1 1.62104E-1 1.76961E-1 1.8428E-1 2.15283E-1 1.76822E-1 1.59282E-1 2.26289E-1 2.28571E-1 1.51645E-1 1.33193E-1 1.23057E-1 1.18831E-1 9.24372E-2 1.2359E-1 1.13403E-1 1.20891E-1 1.0143E-1 7.33915E-2
-9999 -9999 -9999 1.83479E-2 4.37159E-2 -9999 -9999 -9999 5.58663E-2 4.33639E-2 8.66216E-3 1.41775E-4 1.52982E-3 4.79029E-3 7.74717E-3 4.2572E-2 6.80592E-2 8.59822E-2 1.0634E-1 6.53977E-2 5.90702E-2 1.28975E-1 7.13672E-2 4.62642E-2 3.47326E-2 1.54934E-2 4.36808E-3 1.22678E-2 2.61886E-2 5.74998E-2 8.5982E-2 4.33311E-1 5.12611E-1 5.96812E-1 4.69992E-1 5.70128E-1 5.06036E-1 5.25201E-1 2.77488E-1 2.65802E-1 1.83283E-1 1.77705E-1 1.46986E-1 1.58091E-1 2.75393E-1 2.75339E-1 2.41418E-1 1.85446E-1 1.57148E-1 1.94987E-1 2.93237E-1 1.738E-1 1.3584E-1 1.01913E-1 1.37121E-1 9.28999E-2 1.11845E-1 1.08214E-1 9.57187E-2 1.18361E-1 7.8813E-2
-9999 -9999 -9999 4.56514E-3 6.65647E-2 -9999 -9999 -9999 8.12295E-2 5.87127E-3 7.39711E-4 2.68695E-5 4.94442E-4 3.69233E-3 5.84261E-2 4.77924E-2 4.41622E-2 9.50173E-2 8.97432E-2 8.47827E-2 1.40406E-1 1.65192E-1 7.35739E-2 5.2894E-2 3.57879E-2 1.29611E-2 6.53271E-3 6.86988E-3 1.77819E-2 3.06955E-2 6.68482E-2 2.5555E-1 4.33941E-1 6.35236E-1 5.53127E-1 5.32338E-1 2.7819E-1 4.649E-1 4.75871E-1 3.10869E-1 1.50618E-1 1.48047E-1 1.61828E-1 1.64295E-1 1.93335E-1 1.89828E-1 2.15744E-1 1.93345E-1 2.28214E-1 2.18663E-1 2.12869E-1 2.0001E-1 1.4841E-1 1.4078E-1 1.2555E-1 1.19362E-1 1.03339E-1 1.40237E-1 1.16301E-1 1.16107E-1 1.04403E-1
-9999 -9999 -9999 -9999 1.25376E-2 -9999 -9999 -9999 -9999 2.16895E-2 1.01415E-3 3.15306E-4 6.71273E-4 8.32589E-4 1.18893E-2 3.5576E-2 2.9811E-2 9.56196E-2 1.37959E-1 1.56046E-1 1.087E-1 2.59509E-1 1.22701E-1 8.04574E-2 6.65716E-2 2.4472E-2 8.67422E-3 4.63186E-3 1.10625E-2 1.8821E-2 6.22515E-2 9.7231E-2 1.22948E-1 1.97892E-1 1.50916E-1 2.11855E-1 4.44698E-1 3.47633E-1 1.73338E-1 1.33084E-1 2.24055E-1 1.88988E-1 2.48796E-1 1.81266E-1 1.85604E-1 2.37893E-1 2.54554E-1 2.54027E-1 1.73217E-1 1.79656E-1 2.95387E-1 1.72447E-1 1.62985E-1 1.64003E-1 1.69102E-1 1.34891E-1 1.25501E-1 1.19599E-1 1.21418E-1 1.25519E-1 1.26881E-1
-9999 -9999 -9999 -9999 1.30744E-2 -9999 -9999 -9999 -9999 5.76267E-2 1.72265E-2 2.31288E-3 1.03256E-3 6.85969E-4 4.07188E-3 3.42918E-2 7.52874E-2 9.50165E-2 1.17721E-1 9.54846E-2 1.0719E-1 1.47498E-1 9.72097E-2 1.48753E-1 1.54004E-1 2.96946E-2 1.12376E-2 3.38713E-3 6.37603E-3 1.70091E-2 4.39417E-2 5.78491E-2 1.26471E-1 2.43629E-1 1.30681E-1 1.3599E-1 2.41271E-1 1.42948E-1 9.7912E-2 8.40915E-2 1.92722E-1 1.28075E-1 1.77596E-1 2.49816E-1 2.11693E-1 2.4405E-1 4.12079E-1 2.4707E-1 2.22979E-1 2.35758E-1 2.67685E-1 2.03303E-1 1.95156E-1 1.64651E-1 1.65443E-1 1.65596E-1 1.47832E-1 1.42323E-1 1.28144E-1 1.13823E-1 1.14207E-1
-9999 -9999 -9999 -9999 -9999 -9999 -9999 -9999 -9999 6.15251E-2 7.67589E-2 8.30941E-3 1.72938E-3 7.77624E-4 1.14642E-3 1.57178E-2 6.89135E-2 8.14956E-2 9.80431E-2 1.23508E-1 1.03108E-1 1.1192E-1 1.32132E-1 8.86715E-2 5.02398E-2 1.26732E-2 6.37755E-3 8.24508E-3 4.17091E-3 1.82247E-2 4.39382E-2 8.28232E-2 1.09136E-1 1.96362E-1 8.50332E-2 1.21963E-1 2.47993E-1 2.20733E-1 1.26565E-1 1.82147E-1 2.21251E-1 1.50548E-1 2.25316E-1 2.48734E-1 4.5437E-1 5.12952E-1 5.30096E-1 3.12233E-1 2.56787E-1 2.33071E-1 2.63967E-1 2.48674E-1 1.89811E-1 1.28879E-1 1.71702E-1 1.50221E-1 1.49633E-1 1.61525E-1 1.31029E-1 1.12207E-1 1.15961E-1
-9999 -9999 -9999 -9999 -9999 -9999 -9999 -9999 -9999 -9999 4.53202E-2 2.75516E-2 5.41938E-3 6.90941E-4 1.95533E-3 1.17212E-2 6.15445E-2 7.65089E-2 8.25441E-2 1.01228E-1 1.08689E-1 1.10544E-1 1.35373E-1 1.08899E-1 5.87441E-2 1.84819E-2 9.22303E-3 6.98326E-3 9.01363E-3 1.26552E-2 4.02324E-2 9.88801E-2 1.23464E-1 9.33804E-2 1.15348E-1 1.18099E-1 2.09274E-1 2.50178E-1 1.55466E-1 1.97973E-1 2.03547E-1 3.94844E-1 3.81755E-1 4.93163E-1 5.63126E-1 5.79067E-1 4.80036E-1 6.32835E-1 2.78383E-1 2.5307E-1 3.39105E-1 2.68552E-1 1.72429E-1 1.60006E-1 1.66456E-1 1.7525E-1 1.92815E-1 2.0632E-1 1.58038E-1 1.28151E-1 1.37161E-1
-9999 -9999 -9999 -9999 -9999 -9999 -9999 -9999 -9999 -9999 4.67959E-2 1.28077E-2 6.74651E-5 1.69911E-4 1.23804E-3 4.61685E-3 5.30335E-2 9.07032E-2 8.21636E-2 1.17071E-1 1.22277E-1 1.18374E-1 1.44564E-1 1.57675E-1 5.91751E-2 2.71732E-2 1.81003E-2 5.8712E-3 1.88435E-2 2.37348E-2 4.34576E-2 8.28331E-2 1.05578E-1 1.22059E-1 1.4386E-1 2.169E-1 2.12716E-1 1.72558E-1 1.78164E-1 4.39133E-1 4.26844E-1 5.70039E-1 4.46361E-1 5.07971E-1 5.34708E-1 5.40404E-1 3.29593E-1 5.38145E-1 4.32559E-1 5.20304E-1 5.04919E-1 3.4907E-1 2.25961E-1 1.88927E-1 1.83143E-1 1.79518E-1 1.79882E-1 1.54964E-1 1.61969E-1 1.50388E-1 1.46027E-1
-9999 -9999 -9999 -9999 -9999 -9999 -9999 -9999 -9999 -9999 5.7149E-2 7.06304E-3 1.60944E-4 2.77236E-4 2.12765E-2 1.48781E-2 4.04816E-2 1.07805E-1 1.00432E-1 1.83834E-1 1.6325E-1 1.41889E-1 1.37859E-1 1.68739E-1 7.68496E-2 1.8054E-2 1.38616E-2 9.95694E-3 1.02399E-2 3.32367E-2 5.04258E-2 1.12974E-1 1.25E-1 1.27499E-1 1.5841E-1 1.9967E-1 2.86522E-1 3.5295E-1 3.92856E-1 3.29386E-1 4.30252E-1 4.87124E-1 6.05752E-1 5.81523E-1 5.90919E-1 6.38242E-1 6.53592E-1 6.01481E-1 4.78892E-1 6.44431E-1 6.42709E-1 5.76838E-1 4.45228E-1 3.84551E-1 3.88818E-1 2.22996E-1 1.99187E-1 1.89281E-1 1.88683E-1 1.77266E-1 1.53097E-1
-9999 -9999 -9999 -9999 -9999 -9999 -9999 -9999 -9999 -9999 3.02469E-2 4.79806E-3 1.34764E-3 3.43309E-4 1.75748E-3 5.98329E-3 5.18723E-2 1.31344E-1 1.56566E-1 2.34579E-1 2.52849E-1 1.61705E-1 1.32826E-1 1.55138E-1 8.77132E-2 3.57049E-2 1.36631E-2 1.02331E-2 2.77324E-2 1.41153E-2 4.64957E-2 1.10481E-1 1.31974E-1 1.44092E-1 2.54479E-1 1.50883E-1 2.39511E-1 3.06976E-1 2.70871E-1 3.47882E-1 5.40428E-1 6.5211E-1 7.14877E-1 6.75726E-1 7.58864E-1 6.78135E-1 6.78442E-1 6.69943E-1 6.87523E-1 7.13032E-1 4.8801E-1 3.69121E-1 3.77915E-1 4.47613E-1 4.63069E-1 4.61327E-1 2.5189E-1 1.94891E-1 1.88033E-1 1.94442E-1 1.87706E-1
-9999 -9999 -9999 -9999 -9999 -9999 -9999 -9999 -9999 -9999 1.1228E-2 1.04091E-2 1.30575E-3 9.86711E-4 7.77767E-2 1.41417E-3 4.35391E-2 7.81289E-2 1.32413E-1 2.66179E-1 3.5367E-1 2.03146E-1 1.72905E-1 1.32257E-1 1.19644E-1 6.65069E-2 4.46745E-2 1.49203E-2 1.67459E-2 4.16116E-2 4.42858E-2 3.77307E-2 1.28697E-1 2.56241E-1 2.34778E-1 2.23615E-1 2.03991E-1 2.1173E-1 2.64739E-1 3.87338E-1 5.72132E-1 7.6657E-1 7.68794E-1 7.96361E-1 8.00943E-1 6.75217E-1 5.82947E-1 6.39264E-1 4.62768E-1 7.09886E-1 6.93773E-1 4.75696E-1 3.81359E-1 5.17796E-1 4.24106E-1 3.76174E-1 2.79886E-1 3.09009E-1 2.5727E-1 2.04043E-1 2.055E-1
-9999 -9999 -9999 -9999 -9999 -9999 -9999 -9999 3.19938E-2 1.38374E-2 6.53346E-3 7.08198E-3 2.23512E-3 7.21709E-4 1.68728E-3 3.28357E-2 4.32899E-2 6.61068E-2 1.15791E-1 1.60248E-1 1.6951E-1 2.8336E-1 3.03654E-1 1.72577E-1 1.30076E-1 6.46176E-2 2.48717E-2 7.95042E-3 6.59419E-3 1.17279E-2 1.33629E-2 2.81595E-2 9.24369E-2 1.09205E-1 1.37371E-1 1.18042E-1 1.63394E-1 2.67589E-1 2.28597E-1 4.60785E-1 6.49688E-1 7.73792E-1 7.16523E-1 7.27721E-1 7.48242E-1 6.07704E-1 6.07561E-1 6.5761E-1 6.18297E-1 5.19041E-1 6.33932E-1 5.73513E-1 4.68535E-1 4.15704E-1 4.00606E-1 3.69332E-1 4.15621E-1 4.33647E-1 3.91057E-1 2.56737E-1 2.6123E-1
-9999 -9999 -9999 -9999 -9999 -9999 -9999 -9999 4.58418E-2 6.57492E-3 4.43896E-3 6.09998E-3 5.05083E-3 4.99268E-4 2.87319E-4 3.03405E-3 4.94242E-3 7.19796E-2 7.18411E-2 3.74219E-2 5.92685E-2 1.20241E-1 3.20607E-1 1.10095E-1 1.1087E-1 7.8169E-2 4.46017E-2 1.91971E-2 7.18389E-3 6.78799E-3 1.93072E-2 1.23631E-2 5.39786E-2 1.0764E-1 2.0602E-1 1.08571E-1 2.82072E-1 2.33875E-1 2.29713E-1 2.19971E-1 5.1056E-1 7.39335E-1 7.08075E-1 6.88121E-1 6.98083E-1 6.23439E-1 5.65641E-1 6.15582E-1 6.0315E-1 6.74033E-1 6.24042E-1 5.96032E-1 5.51405E-1 4.40406E-1 4.10224E-1 4.80461E-1 5.41721E-1 5.64675E-1 4.6408E-1 4.92406E-1 5.1427E-1
-9999 -9999 -9999 -9999 -9999 -9999 -9999 -9999 1.55671E-2 5.01479E-3 6.21426E-4 6.90822E-4 2.99265E-3 1.19231E-3 3.17628E-4 2.32571E-3 1.43109E-3 3.45553E-2 5.0978E-2 5.45642E-2 4.1401E-2 5.18943E-2 2.23405E-1 1.40562E-1 1.3463E-1 1.49965E-1 6.82305E-2 3.93025E-2 1.0375E-2 6.04968E-3 1.19605E-2 1.68079E-2 3.72524E-2 1.28209E-1 3.42883E-1 3.40558E-1 2.36329E-1 3.18325E-1 2.24221E-1 5.27717E-1 7.19256E-1 7.81579E-1 7.60479E-1 7.65434E-1 7.58643E-1 6.46519E-1 5.98454E-1 5.39948E-1 6.81062E-1 6.82631E-1 7.22946E-1 6.38561E-1 5.74315E-1 4.7765E-1 5.88055E-1 3.68985E-1 5.92201E-1 5.83554E-1 4.7115E-1 6.25055E-1 6.20255E-1
-9999 -9999 -9999 -9999 -9999 -9999 -9999 -9999 -9999 2.87828E-2 9.05982E-4 2.66562E-4 4.93591E-4 3.77746E-3 6.94053E-4 4.34627E-4 2.01142E-3 3.16027E-2 3.33072E-1 1.08028E-1 1.97065E-2 2.71549E-2 8.392E-2 1.85511E-1 1.17964E-1 1.10327E-1 9.09514E-2 5.17029E-2 2.08348E-2 7.17653E-3 3.85003E-3 3.58348E-3 1.32875E-2 2.83576E-2 1.08796E-1 1.64639E-1 2.66492E-1 2.27422E-1 3.18738E-1 7.371E-1 7.23463E-1 8.43501E-1 8.25602E-1 7.86785E-1 7.28555E-1 6.18539E-1 6.60046E-1 6.81391E-1 4.93316E-1 5.61511E-1 5.50531E-1 6.06552E-1 5.13339E-1 7.38287E-1 6.87299E-1 4.96633E-1 5.79168E-1 6.55434E-1 5.51654E-1 6.21073E-1 4.98035E-1
-9999 -9999 -9999 -9999 -9999 -9999 -9999 -9999 -9999 1.14324E-2 5.12943E-3 2.37332E-4 2.1148E-4 2.20681E-3 6.47723E-3 2.03842E-3 1.09417E-3 1.24332E-3 2.13523E-2 2.47583E-2 1.65357E-2 1.23609E-2 6.56012E-2 1.53026E-1 1.25502E-1 1.18504E-1 1.32819E-1 6.08601E-2 1.63805E-2 4.02106E-3 4.62423E-3 1.36517E-3 2.20898E-2 2.56516E-2 9.62468E-2 1.85203E-1 3.54145E-1 2.90845E-1 2.74553E-1 6.21149E-1 7.86381E-1 7.76249E-1 7.21769E-1 7.26846E-1 6.92309E-1 5.35632E-1 4.5121E-1 6.82503E-1 5.60801E-1 6.06879E-1 6.81596E-1 5.5009E-1 6.43122E-1 6.15595E-1 6.91804E-1 6.18241E-1 4.59427E-1 5.34434E-1 5.04694E-1 5.51811E-1 5.41076E-1
-9999 -9999 -9999 -9999 -9999 -9999 -9999 -9999 -9999 -9999 1.09205E-2 6.86451E-4 8.73068E-5 2.83904E-3 5.17442E-3 1.93501E-3 1.7045E-3 1.65859E-3 1.24264E-2 7.59279E-3 9.5248E-3 6.83659E-3 3.64384E-2 2.73372E-1 2.06909E-1 1.68205E-1 1.08746E-1 4.91228E-2 1.34874E-2 6.62935E-3 5.29206E-3 3.8422E-3 2.80343E-3 1.03367E-2 4.90265E-2 1.43347E-1 2.02469E-1 2.47662E-1 3.56665E-1 6.85945E-1 7.543E-1 7.36448E-1 7.27213E-1 7.11949E-1 4.89931E-1 5.04435E-1 4.23123E-1 6.02984E-1 5.22738E-1 5.92426E-1 7.15141E-1 6.92243E-1 7.03426E-1 7.0301E-1 5.69836E-1 6.39198E-1 6.59327E-1 4.93617E-1 5.01332E-1 5.69879E-1 5.35033E-1
-9999 -9999 -9999 -9999 -9999 -9999 -9999 -9999 -9999 -9999 1.42952E-2 2.06055E-3 2.66412E-4 7.46054E-4 4.97688E-3 4.11772E-3 1.66539E-3 5.38063E-4 2.44814E-3 5.96851E-3 8.89766E-3 1.35197E-2 3.15946E-2 9.27438E-2 1.88008E-1 3.26749E-1 2.9999E-1 1.08732E-1 7.3897E-2 1.32413E-2 4.48234E-3 1.40444E-2 1.01926E-2 2.34909E-2 7.55296E-2 5.34061E-2 1.20498E-1 2.25056E-1 3.05557E-1 7.36112E-1 7.99768E-1 7.34414E-1 7.42224E-1 7.76028E-1 7.18109E-1 5.54813E-1 3.6657E-1 4.18064E-1 5.35601E-1 5.40127E-1 6.64094E-1 6.79068E-1 6.86853E-1 6.85213E-1 6.87769E-1 5.90295E-1 6.24582E-1 6.21546E-1 6.23738E-1 4.94514E-1 5.06881E-1
