Final_Models_Sept202022/M_0.1_F_lqp_Set_1/Bison_7.asc
ncols         97
nrows         127
xllcorner     -2197417.7431653
yllcorner     -584827.01486885
cellsize      30000.0
NODATA_value  -9999
[rows 0 to 26 of 127, columns 0 to 60 of 97]
-9999 -9999 -9999 -9999 -9999 -9999 -9999 -9999 -9999 -9999 -9999 -9999 -9999 -9999 -9999 -9999 -9999 -9999 -9999 -9999 -9999 -9999 -9999 -9999 -9999 -9999 -9999 -9999 -9999 -9999 -9999 -9999 -9999 -9999 -9999 -9999 -9999 -9999 -9999 -9999 -9999 -9999 -9999 -9999 -9999 -9999 -9999 -9999 -9999 -9999 -9999 -9999 -9999 -9999 -9999 -9999 -9999 -9999 -9999 -9999 -9999
-9999 -9999 -9999 -9999 -9999 -9999 -9999 -9999 -9999 -9999 -9999 -9999 -9999 -9999 -9999 -9999 -9999 -9999 -9999 -9999 -9999 -9999 -9999 -9999 -9999 -9999 -9999 -9999 -9999 -9999 -9999 -9999 -9999 -9999 -9999 -9999 -9999 -9999 -9999 -9999 -9999 -9999 -9999 -9999 -9999 -9999 -9999 -9999 -9999 -9999 -9999 -9999 -9999 -9999 -9999 -9999 -9999 -9999 -9999 -9999 -9999
-9999 -9999 -9999 -9999 -9999 -9999 -9999 -9999 -9999 -9999 -9999 -9999 -9999 -9999 -9999 -9999 -9999 -9999 -9999 -9999 -9999 -9999 -9999 -9999 -9999 -9999 -9999 -9999 -9999 -9999 -9999 -9999 -9999 -9999 -9999 -9999 -9999 -9999 -9999 -9999 -9999 -9999 -9999 -9999 -9999 -9999 -9999 -9999 -9999 -9999 -9999 -9999 -9999 -9999 -9999 -9999 -9999 -9999 -9999 -9999 -9999
-9999 -9999 -9999 -9999 -9999 -9999 -9999 -9999 -9999 -9999 -9999 -9999 -9999 -9999 -9999 -9999 -9999 -9999 -9999 2.9255E-2 3.90239E-2 2.16346E-2 3.12201E-2 -9999 -9999 -9999 -9999 -9999 -9999 -9999 -9999 -9999 -9999 -9999 -9999 -9999 -9999 -9999 -9999 -9999 -9999 -9999 -9999 -9999 -9999 -9999 -9999 -9999 -9999 -9999 -9999 -9999 -9999 -9999 -9999 -9999 -9999 -9999 -9999 -9999 -9999
-9999 -9999 -9999 -9999 -9999 -9999 -9999 -9999 -9999 -9999 -9999 -9999 -9999 -9999 -9999 -9999 -9999 -9999 2.82296E-2 2.46436E-2 2.89445E-2 3.06562E-2 3.53051E-2 2.13942E-2 8.36793E-3 -9999 -9999 -9999 -9999 -9999 -9999 -9999 -9999 -9999 -9999 -9999 -9999 -9999 -9999 -9999 -9999 -9999 -9999 -9999 -9999 -9999 -9999 -9999 -9999 -9999 -9999 -9999 -9999 -9999 -9999 -9999 -9999 -9999 -9999 -9999 -9999
-9999 -9999 -9999 -9999 -9999 -9999 -9999 -9999 -9999 -9999 -9999 -9999 -9999 -9999 -9999 -9999 -9999 -9999 1.61471E-2 1.44962E-2 1.71691E-2 2.26931E-2 2.28165E-2 9.19495E-3 6.35428E-3 -9999 -9999 -9999 -9999 -9999 -9999 -9999 -9999 -9999 -9999 -9999 -9999 -9999 -9999 -9999 -9999 -9999 -9999 -9999 -9999 -9999 -9999 -9999 -9999 -9999 -9999 -9999 -9999 -9999 -9999 -9999 -9999 -9999 -9999 -9999 -9999
-9999 -9999 -9999 -9999 -9999 -9999 -9999 -9999 -9999 -9999 -9999 -9999 -9999 -9999 -9999 -9999 -9999 1.09553E-2 1.63659E-2 3.71747E-3 4.50336E-3 8.89072E-3 1.54962E-2 1.01504E-2 5.13109E-3 4.57113E-3 -9999 6.59784E-3 6.73578E-3 8.29782E-3 -9999 -9999 -9999 -9999 -9999 -9999 -9999 -9999 6.49569E-3 -9999 -9999 -9999 -9999 -9999 -9999 -9999 -9999 -9999 -9999 -9999 -9999 -9999 -9999 -9999 -9999 -9999 -9999 -9999 -9999 -9999 -9999
-9999 -9999 -9999 -9999 -9999 -9999 -9999 -9999 -9999 -9999 -9999 -9999 -9999 -9999 -9999 -9999 1.43463E-2 1.66111E-2 4.66057E-3 2.5163E-3 2.1532E-3 2.96978E-3 6.22786E-3 9.99322E-3 7.33093E-3 4.9703E-3 7.16625E-3 6.04962E-3 6.02408E-3 6.70256E-3 7.18888E-3 7.87018E-3 6.52688E-3 6.29025E-3 6.28654E-3 6.7524E-3 7.01189E-3 -9999 5.80571E-3 5.42757E-3 -9999 -9999 -9999 -9999 -9999 -9999 -9999 -9999 -9999 -9999 -9999 -9999 -9999 -9999 -9999 -9999 -9999 -9999 -9999 -9999 -9999
-9999 -9999 -9999 -9999 -9999 -9999 -9999 -9999 -9999 -9999 -9999 -9999 -9999 -9999 -9999 3.30783E-2 3.21931E-2 1.43463E-2 3.18941E-3 2.08156E-3 1.31983E-3 1.59927E-3 3.73792E-3 1.1342E-2 1.1764E-2 6.69043E-3 1.15993E-2 1.23661E-2 6.40324E-3 5.31292E-3 6.02375E-3 6.36613E-3 6.62371E-3 6.71823E-3 6.85479E-3 9.54484E-3 8.0769E-3 8.40764E-3 6.07793E-3 6.03232E-3 -9999 -9999 -9999 -9999 -9999 -9999 -9999 -9999 -9999 -9999 -9999 -9999 -9999 -9999 -9999 -9999 -9999 -9999 -9999 -9999 -9999
-9999 -9999 -9999 -9999 -9999 -9999 -9999 -9999 -9999 -9999 -9999 -9999 -9999 -9999 -9999 5.34791E-2 3.21204E-2 1.32116E-2 2.58183E-3 2.80795E-3 3.50251E-3 4.55569E-3 5.53259E-3 1.07524E-2 1.30031E-2 7.68979E-3 1.08774E-2 1.04728E-2 5.7012E-3 5.66495E-3 8.98159E-3 7.89335E-3 7.51929E-3 1.0231E-2 8.30229E-3 1.14712E-2 1.31166E-2 1.06215E-2 8.2598E-3 -9999 -9999 -9999 5.37528E-3 -9999 -9999 -9999 -9999 -9999 -9999 -9999 -9999 -9999 -9999 -9999 -9999 -9999 -9999 -9999 -9999 -9999 -9999
-9999 -9999 -9999 -9999 -9999 -9999 -9999 -9999 -9999 -9999 -9999 -9999 -9999 -9999 1.68386E-2 3.6201E-2 2.83595E-2 1.28155E-2 9.98847E-3 4.82213E-3 5.94572E-3 5.84371E-3 1.25259E-2 1.51921E-2 1.29409E-2 1.51112E-2 1.27456E-2 8.95574E-3 1.00995E-2 6.18942E-3 1.23012E-2 8.67299E-3 6.9445E-3 1.17604E-2 1.85213E-2 1.74413E-2 1.73233E-2 1.1691E-2 8.99326E-3 -9999 -9999 5.16288E-3 -9999 -9999 -9999 -9999 -9999 -9999 -9999 -9999 -9999 -9999 -9999 -9999 -9999 -9999 -9999 -9999 -9999 -9999 -9999
-9999 -9999 -9999 -9999 -9999 -9999 -9999 -9999 -9999 -9999 -9999 -9999 -9999 1.17644E-2 4.26765E-2 4.71476E-2 3.30645E-2 1.18333E-2 8.89814E-3 6.83419E-3 6.70014E-3 8.5965E-3 1.639E-2 1.93183E-2 1.41566E-2 1.26245E-2 1.20508E-2 1.10241E-2 5.29017E-3 4.92806E-3 5.76979E-3 9.17991E-3 9.14341E-3 1.46141E-2 1.83543E-2 1.92563E-2 2.07966E-2 1.07269E-2 9.29513E-3 6.12786E-3 4.24415E-3 4.72535E-3 -9999 6.61296E-3 6.41712E-3 -9999 -9999 -9999 -9999 -9999 -9999 -9999 -9999 -9999 -9999 -9999 -9999 -9999 -9999 -9999 -9999
-9999 -9999 -9999 -9999 -9999 -9999 -9999 -9999 -9999 -9999 -9999 -9999 -9999 4.33266E-2 4.38368E-2 2.7805E-2 1.73469E-2 1.05773E-2 1.79572E-2 2.32905E-3 4.06615E-3 4.21499E-3 1.04192E-2 9.14177E-3 6.54749E-3 9.445E-3 1.01383E-2 5.62011E-3 5.62559E-3 5.1851E-3 9.27743E-3 1.01453E-2 1.30028E-2 1.22364E-2 1.51E-2 2.19163E-2 9.50877E-3 9.56558E-3 6.79272E-3 4.62111E-3 4.25334E-3 7.91243E-3 7.55814E-3 7.48309E-3 7.77775E-3 8.65611E-3 -9999 -9999 -9999 -9999 -9999 -9999 -9999 -9999 -9999 -9999 -9999 -9999 -9999 -9999 -9999
-9999 -9999 -9999 -9999 -9999 -9999 -9999 -9999 -9999 -9999 -9999 -9999 4.15689E-2 4.09304E-2 3.60729E-2 2.0936E-2 1.66515E-2 8.51086E-3 1.43976E-2 5.53756E-3 4.15204E-3 5.57006E-3 7.49065E-3 9.97738E-3 7.83956E-3 4.10877E-3 7.58025E-3 3.21138E-3 1.33876E-2 1.76675E-2 1.32041E-2 8.34072E-3 7.06155E-3 8.97386E-3 9.97641E-3 1.10796E-2 6.59816E-3 7.22442E-3 6.35839E-3 4.35003E-3 3.8178E-3 4.52086E-3 7.94453E-3 9.20824E-3 1.02016E-2 9.26676E-3 8.07502E-3 -9999 -9999 -9999 2.83769E-3 2.21009E-3 -9999 -9999 -9999 -9999 -9999 -9999 -9999 -9999 -9999
-9999 -9999 -9999 -9999 -9999 -9999 -9999 -9999 -9999 -9999 -9999 3.13401E-2 2.45322E-2 4.31548E-2 2.03241E-2 1.91253E-2 8.62753E-3 5.06086E-3 7.47889E-3 7.36609E-3 5.37586E-3 1.18862E-2 1.40239E-2 1.35834E-2 3.29743E-3 2.47841E-3 1.1523E-2 1.09421E-2 7.9132E-3 6.99741E-3 7.94562E-3 9.64063E-3 5.55318E-3 5.2076E-3 1.21171E-2 1.4515E-2 1.2187E-2 9.38562E-3 7.72438E-3 4.91622E-3 4.60828E-3 4.74422E-3 5.90718E-3 7.07398E-3 7.15184E-3 7.70359E-3 7.48296E-3 6.44552E-3 -9999 -9999 -9999 2.86686E-3 2.42318E-3 -9999 -9999 -9999 -9999 -9999 -9999 -9999 -9999
-9999 -9999 -9999 -9999 -9999 -9999 -9999 -9999 -9999 -9999 -9999 3.12387E-2 2.02517E-2 1.55077E-2 9.00724E-3 5.17537E-3 4.46188E-3 5.08626E-3 2.96881E-3 4.96593E-3 8.76193E-3 1.12675E-2 1.32618E-2 1.72282E-2 2.14707E-3 2.90808E-3 8.53341E-3 1.91925E-2 2.45576E-2 1.78035E-2 7.51208E-3 6.05577E-3 4.17721E-3 4.64356E-3 1.19048E-2 1.2949E-2 9.84808E-3 8.12164E-3 6.28521E-3 4.72996E-3 6.0601E-3 6.08744E-3 5.67046E-3 8.89899E-3 5.27445E-3 5.9812E-3 5.56648E-3 4.93902E-3 5.10377E-3 -9999 -9999 3.16691E-3 2.83038E-3 2.76693E-3 2.69902E-3 -9999 -9999 -9999 -9999 -9999 -9999
-9999 -9999 -9999 -9999 -9999 -9999 -9999 -9999 -9999 -9999 3.19743E-2 4.93361E-2 3.74823E-2 9.17697E-3 2.3425E-3 2.87994E-3 4.16935E-3 3.61945E-3 4.42667E-3 5.61448E-3 2.30185E-2 1.25565E-2 5.25094E-3 1.9024E-2 3.78159E-3 4.25437E-3 3.75494E-3 5.06917E-3 1.76459E-2 7.39703E-3 9.75543E-3 5.84948E-3 1.15502E-2 7.6085E-3 1.59578E-2 1.76263E-2 1.56243E-2 1.23214E-2 1.31126E-2 6.57051E-3 6.23451E-3 6.20338E-3 6.23214E-3 7.19101E-3 5.66456E-3 4.93572E-3 4.31226E-3 4.83338E-3 4.80127E-3 4.36817E-3 4.09636E-3 5.47763E-3 -9999 -9999 2.98824E-3 3.03038E-3 -9999 -9999 -9999 -9999 -9999
-9999 -9999 -9999 -9999 -9999 -9999 -9999 -9999 -9999 8.8591E-2 3.208E-2 4.034E-2 1.91197E-2 9.12254E-3 3.17717E-3 4.75631E-3 4.11228E-3 6.02844E-3 5.37713E-3 7.414E-3 1.8909E-2 1.87753E-2 8.5823E-3 9.14269E-3 2.95401E-3 4.01972E-3 4.64598E-3 3.58232E-3 5.66507E-3 9.25047E-3 1.90287E-2 9.88083E-3 8.23481E-3 1.69706E-2 1.72639E-2 1.48416E-2 1.58364E-2 2.39114E-2 2.41956E-2 1.73513E-2 6.49557E-3 6.02738E-3 5.30543E-3 6.30813E-3 5.61834E-3 4.20895E-3 4.37175E-3 4.86048E-3 4.42169E-3 3.74914E-3 3.96123E-3 4.32657E-3 3.88329E-3 -9999 2.82454E-3 3.02828E-3 2.83179E-3 2.42714E-3 -9999 -9999 -9999
-9999 -9999 -9999 -9999 -9999 -9999 -9999 -9999 2.68202E-2 4.29807E-2 6.84313E-2 3.70073E-2 2.12505E-2 1.84036E-2 1.5543E-2 1.30133E-2 1.04134E-2 1.17233E-2 6.71095E-3 7.85259E-3 1.20096E-2 1.04925E-2 2.20191E-2 1.57615E-2 4.38384E-3 4.66753E-3 3.25844E-3 3.05506E-3 3.67045E-3 3.55592E-3 1.2978E-2 1.31889E-2 1.44508E-2 2.0748E-2 2.04301E-2 1.39455E-2 1.64378E-2 2.76842E-2 2.92249E-2 4.05133E-2 1.15908E-2 7.43198E-3 5.28011E-3 5.77451E-3 4.95074E-3 3.99591E-3 4.75237E-3 5.14094E-3 4.47244E-3 3.81657E-3 3.92745E-3 4.02969E-3 4.33897E-3 4.6186E-3 3.16452E-3 3.04332E-3 2.47815E-3 2.30121E-3 2.30126E-3 1.96231E-3 1.99056E-3
-9999 -9999 -9999 -9999 -9999 -9999 -9999 -9999 1.57644E-2 1.21754E-2 3.71008E-2 4.89564E-2 2.6395E-2 2.55817E-2 2.79272E-2 3.83686E-2 1.63836E-2 1.71849E-2 1.5376E-2 1.15131E-2 8.81946E-3 9.65349E-3 9.40549E-3 1.613E-2 7.20508E-3 1.15336E-2 4.97256E-3 3.58459E-3 7.33549E-3 7.77917E-3 1.51362E-2 1.74087E-2 1.96632E-2 2.56182E-2 2.05126E-2 2.06248E-2 2.05738E-2 2.67631E-2 2.5669E-2 3.16881E-2 1.69233E-2 6.59617E-3 5.90654E-3 5.71559E-3 5.3925E-3 5.32045E-3 5.47455E-3 6.03279E-3 5.74407E-3 4.16358E-3 3.85937E-3 4.67505E-3 5.0188E-3 4.66462E-3 -9999 3.41504E-3 2.94993E-3 3.35402E-3 2.66282E-3 2.08619E-3 1.95137E-3
-9999 -9999 -9999 -9999 -9999 -9999 -9999 4.70249E-2 4.52549E-2 2.98725E-2 4.69822E-2 4.61459E-2 4.77084E-2 3.35572E-2 3.40332E-2 3.81586E-2 2.61009E-2 3.2472E-2 2.62775E-2 1.99383E-2 1.85233E-2 2.29959E-2 1.47512E-2 1.62916E-2 6.93955E-3 1.65575E-2 1.82031E-2 6.97433E-3 1.39727E-2 1.62861E-2 2.08588E-2 2.32484E-2 2.66844E-2 3.62523E-2 3.93943E-2 4.30712E-2 1.42414E-2 2.63106E-2 1.81358E-2 3.48502E-2 1.30201E-2 7.69209E-3 7.03032E-3 6.30875E-3 6.42285E-3 5.92042E-3 5.71358E-3 6.10771E-3 6.07606E-3 6.08362E-3 5.41302E-3 5.25754E-3 -9999 -9999 -9999 -9999 -9999 -9999 -9999 -9999 -9999
-9999 -9999 -9999 -9999 -9999 -9999 3.91827E-2 7.08385E-2 5.68625E-2 5.36891E-2 7.08087E-2 5.52651E-2 5.15483E-2 4.49447E-2 5.82678E-2 2.79337E-2 2.92899E-2 4.12623E-2 3.92415E-2 3.14861E-2 2.8948E-2 2.05441E-2 1.4119E-2 2.76543E-2 1.46485E-2 8.29924E-3 1.93624E-2 2.58477E-2 1.09765E-2 8.23016E-3 1.49339E-2 1.63968E-2 2.87203E-2 5.8791E-2 5.22181E-2 1.56178E-2 3.84857E-2 2.10638E-2 4.21022E-2 4.19192E-2 9.84103E-3 1.58895E-2 9.77346E-3 8.65865E-3 7.42206E-3 6.81212E-3 6.70909E-3 6.93768E-3 7.06162E-3 6.05766E-3 6.17549E-3 6.54986E-3 5.69809E-3 6.06613E-3 -9999 -9999 -9999 -9999 -9999 -9999 -9999
-9999 -9999 -9999 -9999 -9999 -9999 4.40968E-2 4.89917E-2 4.66001E-2 5.89242E-2 5.61884E-2 3.79246E-2 5.835E-2 2.00234E-2 3.04021E-2 3.47779E-2 3.8698E-2 4.9427E-2 4.4359E-2 4.02959E-2 2.56365E-2 3.07968E-2 2.0517E-2 2.00483E-2 2.3526E-2 2.73729E-2 1.37828E-2 1.36302E-2 1.90776E-2 7.11389E-3 2.69508E-2 2.65284E-2 4.76569E-2 1.73006E-2 1.83998E-2 2.60626E-2 3.83036E-2 3.90814E-2 2.28873E-2 2.65687E-2 1.64779E-2 1.87688E-2 1.02001E-2 1.05085E-2 1.26613E-2 1.18957E-2 1.14929E-2 8.29707E-3 9.14384E-3 6.3846E-3 5.95853E-3 3.87695E-3 3.62398E-3 3.9433E-3 4.06566E-3 5.10801E-3 4.57481E-3 3.7614E-3 3.77888E-3 4.39479E-3 3.01172E-3
-9999 -9999 -9999 -9999 -9999 4.11138E-2 4.56428E-2 4.5244E-2 3.24405E-2 7.89464E-2 1.03256E-1 8.14737E-2 5.01274E-2 3.16256E-2 3.65899E-2 4.16498E-2 5.54486E-2 5.31489E-2 4.30668E-2 4.54701E-2 4.95059E-2 4.53485E-2 3.18664E-2 3.0525E-2 3.48173E-2 2.83544E-2 1.98804E-2 1.37468E-2 2.87654E-2 1.57904E-2 6.27177E-3 3.26105E-2 4.64862E-2 5.03386E-2 2.35262E-2 2.2452E-2 3.77288E-2 -9999 -9999 1.48522E-2 -9999 -9999 -9999 2.94777E-2 1.88228E-2 1.16587E-2 9.1796E-3 7.51944E-3 6.46082E-3 7.02668E-3 6.71029E-3 3.7101E-3 3.34314E-3 3.2136E-3 3.92418E-3 5.18747E-3 2.49599E-3 2.72391E-3 2.18887E-3 2.71242E-3 3.01245E-3
-9999 -9999 -9999 -9999 2.4732E-2 3.04442E-2 1.91438E-2 2.82096E-2 4.35507E-2 7.16024E-2 1.34501E-1 7.92591E-2 4.18704E-2 2.44598E-2 4.47993E-2 5.8274E-2 4.6024E-2 5.2308E-2 5.505E-2 6.57093E-2 7.98584E-2 4.62846E-2 3.39497E-2 3.89198E-2 3.34256E-2 3.67737E-2 2.07815E-2 2.06689E-2 1.74839E-2 1.35678E-2 2.35009E-2 3.02498E-2 6.65993E-2 5.6791E-2 6.80772E-3 3.37353E-2 3.6313E-2 4.31622E-2 8.55113E-2 4.13547E-2 8.72491E-2 -9999 1.8501E-2 3.01962E-2 1.47016E-2 1.0028E-2 1.10078E-2 1.62873E-2 9.68396E-3 1.13402E-2 7.57382E-3 3.22591E-3 3.69808E-3 3.42092E-3 3.20887E-3 2.33687E-3 1.84461E-3 2.1259E-3 1.6533E-3 2.0007E-3 3.24497E-3
-9999 -9999 -9999 4.38584E-2 5.31581E-2 6.25003E-2 4.74895E-2 3.05735E-2 4.08781E-2 1.64222E-1 9.87766E-2 1.13522E-1 6.60914E-2 2.78668E-2 4.76786E-2 4.49984E-2 4.1926E-2 4.26751E-2 7.30827E-2 6.02223E-2 3.87966E-2 1.95473E-2 3.44744E-2 3.13641E-2 2.14074E-2 2.1135E-2 2.19822E-2 2.42685E-2 2.37985E-2 1.26896E-2 2.22068E-2 4.00875E-2 4.78771E-2 3.6558E-2 2.16705E-2 4.38628E-2 4.95897E-2 3.74446E-2 3.94729E-2 2.74981E-2 6.21862E-2 3.09513E-2 -9999 -9999 9.9873E-3 1.29549E-2 4.96667E-2 3.97561E-2 1.53334E-2 7.89301E-3 1.21389E-2 5.83331E-3 3.69972E-3 3.79055E-3 3.00825E-3 2.0013E-3 1.9616E-3 1.93756E-3 1.89065E-3 1.7338E-3 3.09612E-3
-9999 -9999 -9999 5.26285E-3 3.5654E-2 7.07934E-2 8.39044E-2 6.89033E-2 8.47989E-2 9.03733E-2 5.15201E-2 7.77577E-2 5.07788E-2 4.37207E-2 5.14781E-2 3.88963E-2 3.37766E-2 3.90053E-2 3.91352E-2 2.71856E-2 1.72373E-2 1.31817E-2 1.16331E-2 1.62717E-2 1.11041E-2 2.48722E-2 3.05118E-2 3.2526E-2 1.90713E-2 1.35934E-2 1.88293E-2 2.97641E-2 1.89287E-2 2.6043E-2 1.90652E-2 3.34139E-2 4.76466E-2 6.59053E-2 2.59656E-2 1.19308E-2 -9999 -9999 -9999 -9999 -9999 1.24842E-1 9.09079E-2 3.44457E-2 1.23596E-2 8.73592E-3 7.79955E-3 1.71211E-2 4.15855E-3 4.19511E-3 2.61522E-3 1.81722E-3 1.97753E-3 1.95309E-3 2.24838E-3 3.31146E-3 6.17543E-3
