Final_Models_Sept202022/M_0.1_F_lqp_Set_1/Bison_0.asc
ncols         97
nrows         127
xllcorner     -2197417.7431653
yllcorner     -584827.01486885
cellsize      30000.0
NODATA_value  -9999
[rows 54 to 80 of 127, columns 0 to 60 of 97]
-9999 -9999 -9999 -9999 3.14851E-2 6.53217E-3 1.62795E-3 5.62751E-3 5.56277E-3 1.47973E-3 1.83617E-3 3.84412E-3 3.0441E-3 7.47641E-3 1.13797E-2 8.73146E-3 1.53496E-2 2.59847E-2 3.37394E-2 4.80447E-2 7.19876E-2 8.94275E-2 8.41257E-2 8.84604E-2 5.29831E-2 1.06351E-1 1.04336E-1 7.70831E-2 1.01913E-1 9.88681E-2 1.03626E-1 1.06547E-1 1.28742E-1 1.43907E-1 1.41926E-1 1.52767E-1 1.52245E-1 1.42927E-1 1.50053E-1 1.83387E-1 2.46934E-1 2.55412E-1 2.04454E-1 1.57309E-1 1.63532E-1 1.34112E-1 1.47219E-1 1.23725E-1 1.05464E-1 9.74195E-2 1.03626E-1 1.12615E-1 8.6376E-2 1.49251E-1 1.70411E-1 9.35219E-2 1.06087E-1 8.66646E-2 8.23462E-2 7.63272E-2 4.78939E-2
-9999 -9999 -9999 -9999 -9999 4.62862E-3 2.0475E-3 2.62447E-3 3.4241E-2 4.58352E-3 1.22195E-3 2.60338E-3 1.71972E-2 6.37988E-3 1.11881E-2 6.35068E-3 6.4472E-3 1.36431E-2 4.42065E-2 2.75746E-2 7.99207E-2 9.83411E-2 1.07913E-1 1.57408E-1 4.99272E-2 6.3173E-2 8.78172E-2 9.20772E-2 1.36078E-1 1.34252E-1 1.17274E-1 1.11343E-1 1.26358E-1 1.33054E-1 1.3201E-1 1.77397E-1 1.80212E-1 1.5386E-1 1.78028E-1 1.89468E-1 2.51884E-1 2.69729E-1 1.95822E-1 1.58881E-1 1.62862E-1 1.50047E-1 1.3655E-1 1.13905E-1 1.18884E-1 8.08607E-2 1.11005E-1 1.28257E-1 1.16391E-1 1.76694E-1 1.43387E-1 1.09664E-1 1.08731E-1 8.29051E-2 8.4432E-2 6.98415E-2 5.85028E-2
-9999 -9999 -9999 -9999 -9999 8.20034E-3 3.38596E-3 5.71973E-3 9.34045E-3 4.15683E-3 2.45794E-4 9.17512E-4 1.16491E-3 1.75363E-3 1.55011E-2 7.36217E-3 1.61424E-2 1.51127E-2 3.16821E-2 5.3256E-2 8.3341E-2 7.43572E-2 7.76248E-2 9.71073E-2 5.84047E-2 5.13554E-2 7.46023E-2 1.4077E-1 1.80741E-1 1.36854E-1 1.58144E-1 1.55028E-1 1.5683E-1 1.52265E-1 1.87709E-1 2.25442E-1 1.79891E-1 1.69421E-1 1.97456E-1 1.91453E-1 2.63127E-1 2.24053E-1 1.73894E-1 1.71141E-1 1.63757E-1 1.51478E-1 1.39839E-1 1.2611E-1 1.40366E-1 1.39112E-1 1.61781E-1 1.45583E-1 1.73884E-1 1.51527E-1 1.15673E-1 1.2399E-1 1.12675E-1 1.07651E-1 7.36211E-2 5.62121E-2 2.88751E-2
-9999 -9999 -9999 -9999 -9999 -9999 5.75438E-3 -9999 9.08257E-3 1.53771E-3 6.86302E-4 1.07029E-3 1.51881E-3 3.44479E-3 4.34682E-3 2.54524E-2 1.35116E-2 1.84259E-2 4.16735E-2 7.38015E-2 4.54746E-2 7.06536E-2 7.88523E-2 1.1257E-1 7.68009E-2 8.82606E-2 5.82792E-2 1.37461E-1 1.72114E-1 1.66678E-1 3.19171E-1 2.94196E-1 1.95307E-1 1.76439E-1 2.05162E-1 2.47717E-1 2.38341E-1 1.86545E-1 2.02165E-1 1.85772E-1 1.83914E-1 1.43117E-1 2.05089E-1 1.64977E-1 1.20365E-1 1.38253E-1 1.22056E-1 1.47608E-1 1.60614E-1 1.74907E-1 1.58906E-1 1.65528E-1 1.42677E-1 1.37448E-1 1.27993E-1 1.15645E-1 1.04557E-1 9.61554E-2 7.60723E-2 5.21083E-2 3.52982E-2
-9999 -9999 -9999 1.44971E-3 -9999 -9999 -9999 -9999 -9999 3.50812E-3 1.51948E-3 3.32772E-4 1.03113E-3 2.6588E-3 1.3143E-3 2.11448E-2 1.36894E-2 2.79261E-2 3.60008E-2 5.47391E-2 6.04705E-2 8.62728E-2 6.26276E-2 1.38571E-1 4.92719E-2 5.27047E-2 6.47313E-2 9.61616E-2 2.22662E-1 2.41948E-1 4.49394E-1 3.92414E-1 1.88697E-1 1.56623E-1 1.7471E-1 2.6018E-1 2.46561E-1 2.91324E-1 5.13086E-1 1.90445E-1 1.764E-1 1.42454E-1 1.79618E-1 1.45748E-1 8.55986E-2 1.13829E-1 1.62564E-1 1.54638E-1 1.53985E-1 1.46416E-1 1.61341E-1 1.58329E-1 1.53848E-1 1.34047E-1 1.19738E-1 1.21905E-1 1.00575E-1 9.1212E-2 7.97815E-2 6.72273E-2 5.17781E-2
-9999 -9999 -9999 1.93537E-3 2.36713E-3 4.07341E-3 -9999 -9999 -9999 7.13633E-3 2.82094E-4 4.13831E-4 1.15755E-3 4.88581E-3 4.91532E-3 3.38813E-2 2.40315E-2 2.22036E-2 5.06695E-2 6.41952E-2 5.32984E-2 6.05445E-2 8.1767E-2 7.53477E-2 8.65259E-2 4.03883E-2 5.07074E-2 1.06424E-1 2.91521E-1 4.18952E-1 5.49708E-1 4.74877E-1 2.12732E-1 2.29205E-1 2.25362E-1 2.31861E-1 2.49514E-1 4.67199E-1 4.11148E-1 1.95219E-1 1.99915E-1 2.11145E-1 1.73103E-1 1.59715E-1 1.3472E-1 1.41256E-1 1.43953E-1 1.27424E-1 1.33785E-1 1.93065E-1 1.7216E-1 1.47551E-1 1.32264E-1 1.38876E-1 9.36487E-2 1.30106E-1 1.01042E-1 1.13042E-1 1.02415E-1 7.49571E-2 4.99778E-2
-9999 -9999 -9999 1.73274E-3 3.34583E-3 6.80648E-3 3.62605E-3 -9999 -9999 3.78965E-2 1.18829E-3 1.74511E-3 1.00333E-3 2.16884E-3 3.74316E-3 1.93853E-2 3.12406E-2 4.31347E-2 5.86303E-2 5.80382E-2 7.71999E-2 6.27189E-2 4.64476E-2 4.09635E-2 7.56456E-2 5.87891E-3 5.50742E-3 6.65222E-2 1.96486E-1 2.02052E-1 6.18878E-1 6.48719E-1 4.48354E-1 5.29657E-1 4.81558E-1 3.35725E-1 3.79683E-1 4.20318E-1 3.4446E-1 2.05187E-1 2.17003E-1 2.02496E-1 1.83282E-1 1.63386E-1 1.42727E-1 1.35536E-1 1.35046E-1 1.40359E-1 1.42006E-1 2.24166E-1 1.72472E-1 1.70434E-1 1.2949E-1 1.2465E-1 9.14408E-2 1.31372E-1 1.13305E-1 1.27312E-1 1.02925E-1 7.36703E-2 4.29723E-2
-9999 -9999 -9999 1.30601E-3 1.88931E-3 2.27481E-3 -9999 -9999 7.74987E-3 6.80507E-4 1.61833E-4 7.74934E-4 1.26044E-3 2.62526E-3 5.91015E-3 2.07692E-2 8.89649E-2 5.28942E-2 6.83378E-2 4.15056E-2 7.27448E-2 6.63466E-2 6.49044E-2 5.4111E-2 5.57446E-2 8.66139E-3 3.71781E-3 4.37494E-2 1.19794E-1 3.57162E-1 5.40491E-1 6.81873E-1 6.01986E-1 5.04934E-1 6.19857E-1 5.01106E-1 4.66421E-1 5.54351E-1 3.92664E-1 2.65115E-1 2.47823E-1 2.24361E-1 1.80517E-1 1.5342E-1 1.58008E-1 1.75852E-1 1.56149E-1 1.6168E-1 1.90951E-1 2.07217E-1 1.97744E-1 1.40852E-1 1.46555E-1 1.11719E-1 7.52627E-2 1.43584E-1 1.24359E-1 9.59689E-2 1.02092E-1 7.28929E-2 6.56908E-2
-9999 -9999 -9999 1.64299E-3 3.99584E-3 -9999 -9999 1.25422E-2 3.85678E-3 1.14951E-3 3.15951E-4 5.90316E-4 1.59713E-3 6.33319E-4 1.2607E-2 2.97524E-2 8.96383E-2 6.32199E-2 6.02719E-2 6.4643E-2 7.68071E-2 7.38304E-2 5.40715E-2 6.08504E-2 4.92379E-2 1.43692E-2 1.462E-3 2.55418E-2 7.2697E-2 1.19636E-1 3.45866E-1 5.88448E-1 3.34228E-1 4.59084E-1 7.17953E-1 6.07436E-1 6.02869E-1 7.30713E-1 4.71054E-1 2.57868E-1 2.47265E-1 1.93748E-1 1.60595E-1 1.56095E-1 1.6858E-1 1.91849E-1 1.71496E-1 1.70133E-1 1.61178E-1 2.12309E-1 2.16538E-1 1.39088E-1 1.12877E-1 1.22664E-1 1.03811E-1 1.0936E-1 1.17855E-1 1.02862E-1 1.10138E-1 7.96602E-2 6.05372E-2
-9999 -9999 -9999 1.38461E-3 1.30392E-3 -9999 -9999 -9999 6.2068E-3 1.52246E-3 9.07518E-4 1.81484E-3 4.13673E-4 3.37192E-3 2.29425E-2 5.54812E-2 8.40365E-2 8.2809E-2 8.30222E-2 7.42376E-2 9.05671E-2 1.0205E-1 7.90879E-2 5.36331E-2 4.9151E-2 1.90266E-2 6.3207E-3 2.19607E-2 4.82615E-2 7.90057E-2 1.28178E-1 3.60201E-1 4.82552E-1 5.17232E-1 5.80378E-1 5.93817E-1 5.6267E-1 4.33196E-1 2.60546E-1 2.09196E-1 1.76775E-1 1.76413E-1 1.63921E-1 1.62048E-1 1.81384E-1 1.81961E-1 2.13902E-1 1.76624E-1 1.62599E-1 2.13879E-1 2.03393E-1 1.49993E-1 1.39133E-1 1.25465E-1 1.21058E-1 9.09161E-2 1.22616E-1 1.12037E-1 1.1951E-1 1.04881E-1 7.43067E-2
-9999 -9999 -9999 4.53996E-3 1.1457E-2 -9999 -9999 -9999 6.7728E-3 9.97027E-3 5.44192E-3 3.269E-4 1.83367E-3 7.22492E-3 1.33794E-2 5.55811E-2 7.53806E-2 8.99645E-2 1.0529E-1 7.39155E-2 7.07689E-2 1.32386E-1 9.31187E-2 6.88481E-2 5.14865E-2 2.59307E-2 7.69467E-3 1.60618E-2 3.16182E-2 5.96419E-2 7.98068E-2 4.13262E-1 4.93944E-1 6.07906E-1 4.73717E-1 5.50315E-1 4.83493E-1 5.05985E-1 2.99902E-1 2.90454E-1 1.75938E-1 1.6243E-1 1.43743E-1 1.54815E-1 2.2533E-1 2.41601E-1 2.39459E-1 1.87295E-1 1.52863E-1 2.07967E-1 2.4939E-1 1.6785E-1 1.35129E-1 9.86975E-2 1.36824E-1 9.4381E-2 1.08213E-1 1.03163E-1 8.91515E-2 1.12931E-1 7.36402E-2
-9999 -9999 -9999 1.6154E-3 1.20396E-2 -9999 -9999 -9999 7.44405E-3 2.50168E-3 1.02705E-3 1.03575E-4 7.82413E-4 5.66573E-3 8.18957E-2 5.55352E-2 5.40881E-2 9.86552E-2 9.1579E-2 8.92616E-2 1.46053E-1 1.80156E-1 9.14844E-2 7.12996E-2 4.80473E-2 2.10958E-2 9.54541E-3 9.36995E-3 2.21026E-2 3.58681E-2 6.0251E-2 2.38735E-1 3.86569E-1 5.80006E-1 5.17593E-1 5.06486E-1 2.91655E-1 4.52686E-1 4.58471E-1 2.69819E-1 1.35776E-1 1.22901E-1 1.42675E-1 1.54775E-1 1.87478E-1 1.84378E-1 2.15863E-1 1.90331E-1 2.23428E-1 2.07024E-1 2.0088E-1 1.942E-1 1.48002E-1 1.38577E-1 1.22092E-1 1.18325E-1 9.89078E-2 1.42254E-1 1.13341E-1 1.12158E-1 1.17587E-1
-9999 -9999 -9999 -9999 2.88387E-3 -9999 -9999 -9999 -9999 4.23447E-3 9.96725E-4 6.39607E-4 1.14252E-3 1.24941E-3 1.62465E-2 4.60675E-2 4.28279E-2 1.01332E-1 1.36539E-1 1.63597E-1 1.1035E-1 2.34958E-1 1.25609E-1 8.9997E-2 7.34492E-2 3.20858E-2 1.20651E-2 6.46931E-3 1.35063E-2 2.23335E-2 5.03566E-2 7.82595E-2 9.63431E-2 1.52194E-1 1.32119E-1 1.74038E-1 4.41102E-1 3.27837E-1 1.41895E-1 1.03108E-1 1.73706E-1 1.31216E-1 1.98185E-1 1.66871E-1 1.7246E-1 2.37787E-1 2.33839E-1 2.31511E-1 1.80384E-1 1.71169E-1 2.61904E-1 1.72231E-1 1.62177E-1 1.62942E-1 1.68371E-1 1.29977E-1 1.25472E-1 1.14656E-1 1.14891E-1 1.17164E-1 1.21824E-1
-9999 -9999 -9999 -9999 2.78171E-3 -9999 -9999 -9999 -9999 6.83755E-3 4.65859E-3 1.99653E-3 1.66768E-3 1.12033E-3 5.52507E-3 4.80635E-2 8.83346E-2 9.94362E-2 1.1924E-1 9.95272E-2 1.15107E-1 1.66109E-1 1.06584E-1 1.33536E-1 1.39605E-1 3.72242E-2 1.50522E-2 4.76819E-3 7.84365E-3 1.84284E-2 3.48356E-2 4.54686E-2 9.15842E-2 1.58159E-1 8.95959E-2 1.03561E-1 2.23844E-1 1.0414E-1 6.94435E-2 5.23658E-2 1.17217E-1 9.58077E-2 1.55611E-1 2.36082E-1 1.95376E-1 2.25458E-1 3.88399E-1 2.28831E-1 2.06214E-1 2.11518E-1 2.29562E-1 2.05072E-1 1.98524E-1 1.65349E-1 1.66285E-1 1.72383E-1 1.45998E-1 1.39596E-1 1.24065E-1 1.05744E-1 1.05776E-1
-9999 -9999 -9999 -9999 -9999 -9999 -9999 -9999 -9999 7.52703E-3 1.13313E-2 3.07027E-3 2.39437E-3 9.58245E-4 1.63438E-3 2.35424E-2 8.62895E-2 9.1307E-2 1.00904E-1 1.30675E-1 1.10801E-1 1.22707E-1 1.40646E-1 9.19555E-2 5.70483E-2 1.75132E-2 8.5738E-3 1.14315E-2 5.27323E-3 1.70445E-2 3.67473E-2 5.60225E-2 6.46335E-2 1.00284E-1 5.40732E-2 7.77091E-2 1.49139E-1 1.34617E-1 8.28245E-2 1.1561E-1 1.4549E-1 1.15241E-1 2.0706E-1 2.2886E-1 4.5058E-1 5.07551E-1 5.10961E-1 2.91507E-1 2.30897E-1 2.18207E-1 2.40905E-1 2.39964E-1 1.94194E-1 1.25923E-1 1.70961E-1 1.47007E-1 1.46969E-1 1.60775E-1 1.268E-1 1.07546E-1 1.10272E-1
-9999 -9999 -9999 -9999 -9999 -9999 -9999 -9999 -9999 -9999 4.69053E-3 5.27263E-3 2.49223E-3 1.07225E-3 2.84974E-3 2.18224E-2 8.14488E-2 7.88305E-2 8.81953E-2 1.0852E-1 1.12217E-1 1.11455E-1 1.35551E-1 1.05232E-1 6.01932E-2 2.1427E-2 1.16869E-2 9.34696E-3 9.84574E-3 1.29118E-2 3.30855E-2 6.42127E-2 8.0003E-2 6.66486E-2 7.46948E-2 7.55541E-2 1.21346E-1 1.53405E-1 1.1029E-1 1.56604E-1 1.68899E-1 3.59747E-1 4.04076E-1 4.93409E-1 5.6214E-1 5.81937E-1 4.93635E-1 5.99628E-1 2.44318E-1 2.29629E-1 2.84003E-1 2.43046E-1 1.75416E-1 1.60975E-1 1.64362E-1 1.67668E-1 1.91693E-1 1.99346E-1 1.62388E-1 1.26227E-1 1.35935E-1
-9999 -9999 -9999 -9999 -9999 -9999 -9999 -9999 -9999 -9999 4.82902E-3 3.3173E-3 1.2823E-4 3.41833E-4 1.87381E-3 7.40972E-3 8.01668E-2 1.08421E-1 8.81282E-2 1.24806E-1 1.22722E-1 1.14312E-1 1.38927E-1 1.33971E-1 5.47428E-2 2.71954E-2 1.80487E-2 6.6994E-3 1.87109E-2 2.13247E-2 3.73249E-2 5.86854E-2 7.4297E-2 8.16018E-2 9.87333E-2 1.24198E-1 1.25956E-1 1.08307E-1 1.21737E-1 3.26436E-1 4.34916E-1 5.86431E-1 4.42882E-1 5.11854E-1 5.44812E-1 5.36161E-1 2.81501E-1 5.08568E-1 4.38735E-1 5.27217E-1 4.26566E-1 2.82597E-1 2.19663E-1 1.842E-1 1.75728E-1 1.73557E-1 1.77329E-1 1.52089E-1 1.59629E-1 1.4946E-1 1.49507E-1
-9999 -9999 -9999 -9999 -9999 -9999 -9999 -9999 -9999 -9999 7.10896E-3 1.77474E-3 3.10932E-4 5.15135E-4 2.82342E-2 1.96252E-2 6.0005E-2 1.27734E-1 1.1213E-1 1.88805E-1 1.62092E-1 1.40883E-1 1.32793E-1 1.4316E-1 7.08001E-2 2.12946E-2 1.55395E-2 1.22898E-2 1.1617E-2 3.47046E-2 4.87569E-2 8.85469E-2 8.50029E-2 8.68183E-2 1.14798E-1 1.25089E-1 1.64879E-1 2.7305E-1 3.56545E-1 3.28903E-1 4.45368E-1 4.95795E-1 6.04276E-1 5.85246E-1 5.90584E-1 6.44075E-1 6.70935E-1 6.14228E-1 4.97928E-1 6.61521E-1 6.42631E-1 5.4522E-1 4.63057E-1 4.0826E-1 3.60969E-1 2.06739E-1 1.93629E-1 1.85768E-1 1.90086E-1 1.81725E-1 1.6065E-1
-9999 -9999 -9999 -9999 -9999 -9999 -9999 -9999 -9999 -9999 4.22663E-3 1.45722E-3 9.75277E-4 5.53009E-4 3.13206E-3 1.13565E-2 7.60709E-2 1.38029E-1 1.56993E-1 2.52466E-1 2.71244E-1 1.61237E-1 1.26254E-1 1.35141E-1 7.60086E-2 3.26542E-2 1.64296E-2 1.25944E-2 3.18517E-2 2.01912E-2 5.30411E-2 9.79318E-2 9.4604E-2 1.02592E-1 1.57092E-1 9.76757E-2 1.30283E-1 1.75597E-1 1.99086E-1 3.32047E-1 5.43238E-1 6.30471E-1 7.09979E-1 6.86547E-1 7.67875E-1 6.8106E-1 6.94335E-1 6.81844E-1 6.91464E-1 7.16133E-1 4.50777E-1 3.28278E-1 3.5066E-1 4.87189E-1 4.83333E-1 4.62314E-1 2.56185E-1 1.97408E-1 1.91625E-1 1.95345E-1 1.87049E-1
-9999 -9999 -9999 -9999 -9999 -9999 -9999 -9999 -9999 -9999 1.92522E-3 2.01107E-3 1.39217E-3 1.74811E-3 4.65939E-2 2.7164E-3 6.0025E-2 8.48292E-2 1.28001E-1 2.86721E-1 3.92655E-1 2.02239E-1 1.71012E-1 1.1068E-1 1.02611E-1 5.764E-2 4.0636E-2 1.77828E-2 2.23233E-2 5.39943E-2 5.85919E-2 3.72048E-2 9.53363E-2 2.23438E-1 1.75225E-1 1.58626E-1 1.21332E-1 1.26961E-1 1.42099E-1 2.98996E-1 5.73332E-1 7.54929E-1 7.76379E-1 8.42917E-1 7.8768E-1 6.93217E-1 5.82203E-1 6.47649E-1 5.00852E-1 7.09514E-1 7.12617E-1 4.52925E-1 3.57604E-1 5.41701E-1 3.97953E-1 3.66081E-1 2.56879E-1 3.01557E-1 2.55719E-1 2.03106E-1 2.0948E-1
-9999 -9999 -9999 -9999 -9999 -9999 -9999 -9999 8.48574E-3 3.75034E-3 1.71225E-3 1.71181E-3 9.75312E-4 9.7108E-4 2.48246E-3 3.84418E-2 5.98058E-2 8.20686E-2 1.11906E-1 1.6989E-1 1.77554E-1 2.88259E-1 3.08693E-1 1.48984E-1 1.19323E-1 6.472E-2 2.7329E-2 1.08337E-2 9.27528E-3 1.7204E-2 1.94709E-2 3.40639E-2 8.44687E-2 1.06027E-1 1.08739E-1 9.69907E-2 1.02254E-1 1.43614E-1 1.25832E-1 3.37605E-1 6.34105E-1 7.59145E-1 7.19757E-1 7.42074E-1 7.48031E-1 6.14133E-1 6.12278E-1 6.66475E-1 6.12328E-1 5.15597E-1 6.20386E-1 5.83264E-1 4.80801E-1 4.6043E-1 4.07532E-1 3.7087E-1 4.49079E-1 4.1991E-1 4.17584E-1 2.63156E-1 2.58319E-1
-9999 -9999 -9999 -9999 -9999 -9999 -9999 -9999 4.9496E-3 1.39764E-3 1.3542E-3 2.25739E-3 2.12581E-3 5.82983E-4 3.30572E-4 4.21511E-3 7.69703E-3 9.87762E-2 9.76563E-2 6.01896E-2 8.49576E-2 1.36235E-1 3.22386E-1 1.02622E-1 9.7605E-2 7.10548E-2 4.12151E-2 2.1933E-2 1.06922E-2 1.0022E-2 2.57617E-2 1.95361E-2 7.63869E-2 1.08959E-1 1.64039E-1 9.21122E-2 1.86557E-1 1.43264E-1 1.28643E-1 1.5625E-1 4.59315E-1 7.20645E-1 7.15031E-1 6.88232E-1 7.07036E-1 6.2194E-1 5.67907E-1 6.18125E-1 6.00183E-1 6.65346E-1 6.11599E-1 5.8095E-1 5.37925E-1 4.24882E-1 4.09825E-1 5.33922E-1 5.53369E-1 5.85297E-1 4.70402E-1 5.16444E-1 5.17118E-1
-9999 -9999 -9999 -9999 -9999 -9999 -9999 -9999 2.02513E-3 1.20137E-3 4.3876E-4 5.60059E-4 1.35481E-3 7.59767E-4 4.0671E-4 2.83588E-3 2.80805E-3 4.51708E-2 7.50263E-2 8.86867E-2 7.36178E-2 7.86643E-2 2.15438E-1 1.31098E-1 1.08787E-1 1.09913E-1 5.88288E-2 4.16166E-2 1.52395E-2 9.9933E-3 1.93482E-2 3.01868E-2 5.37291E-2 1.49287E-1 3.89746E-1 3.17652E-1 1.65395E-1 2.00471E-1 1.4183E-1 4.20784E-1 7.08375E-1 7.91414E-1 7.61488E-1 7.6953E-1 7.57156E-1 6.419E-1 5.98826E-1 5.3928E-1 6.72247E-1 6.7309E-1 7.07959E-1 6.12618E-1 5.67315E-1 4.77778E-1 5.97175E-1 3.69657E-1 6.2198E-1 6.14185E-1 4.73357E-1 6.33575E-1 6.19831E-1
-9999 -9999 -9999 -9999 -9999 -9999 -9999 -9999 -9999 3.74704E-3 4.3758E-4 2.70717E-4 4.48849E-4 1.87191E-3 5.8932E-4 4.02959E-4 2.5605E-3 3.38025E-2 3.16384E-1 1.39026E-1 3.17037E-2 4.5182E-2 8.3359E-2 1.70985E-1 1.01597E-1 8.93322E-2 7.97046E-2 5.29066E-2 2.304E-2 1.19719E-2 6.96604E-3 7.29422E-3 2.08879E-2 4.06483E-2 1.30807E-1 1.87422E-1 2.55552E-1 1.6137E-1 2.21331E-1 6.88521E-1 7.18987E-1 8.54273E-1 8.3094E-1 7.9E-1 7.43891E-1 6.22135E-1 6.53055E-1 6.66609E-1 5.11508E-1 5.84222E-1 5.46043E-1 6.26889E-1 4.97272E-1 7.28482E-1 6.84646E-1 4.68881E-1 5.74486E-1 6.76988E-1 5.43488E-1 6.4444E-1 4.80184E-1
-9999 -9999 -9999 -9999 -9999 -9999 -9999 -9999 -9999 1.93938E-3 1.32091E-3 2.52312E-4 2.21681E-4 1.26419E-3 2.64973E-3 1.35272E-3 1.02897E-3 2.01708E-3 2.70396E-2 3.48528E-2 2.47684E-2 1.73733E-2 6.38223E-2 1.32065E-1 1.07256E-1 1.0509E-1 1.2141E-1 5.79338E-2 2.01813E-2 7.18443E-3 9.54241E-3 2.51575E-3 2.92847E-2 3.85407E-2 1.17576E-1 1.96483E-1 3.17372E-1 2.12965E-1 1.75186E-1 5.52185E-1 7.78222E-1 7.79188E-1 7.18652E-1 7.2346E-1 6.94059E-1 5.42148E-1 4.39437E-1 6.67837E-1 5.52814E-1 6.02768E-1 6.72264E-1 5.41978E-1 6.34888E-1 5.96544E-1 6.81039E-1 6.01171E-1 4.37622E-1 5.32241E-1 4.92638E-1 5.4922E-1 5.31673E-1
-9999 -9999 -9999 -9999 -9999 -9999 -9999 -9999 -9999 -9999 2.31699E-3 3.86306E-4 1.38619E-4 1.93675E-3 2.22199E-3 8.74981E-4 1.22186E-3 1.94122E-3 1.49118E-2 1.16617E-2 1.43795E-2 9.86871E-3 4.35791E-2 2.74168E-1 1.97105E-1 1.50329E-1 9.79342E-2 4.78368E-2 1.63113E-2 9.57574E-3 8.6458E-3 6.75485E-3 5.43096E-3 2.08153E-2 6.25396E-2 1.4391E-1 1.66112E-1 1.96106E-1 3.11564E-1 6.21235E-1 7.53545E-1 7.31398E-1 7.17245E-1 7.0343E-1 5.28982E-1 5.62029E-1 4.45356E-1 5.95279E-1 5.19422E-1 6.08127E-1 7.06885E-1 6.84474E-1 7.08507E-1 7.01758E-1 5.572E-1 6.38771E-1 6.49795E-1 4.71867E-1 4.90556E-1 5.67887E-1 5.24201E-1
-9999 -9999 -9999 -9999 -9999 -9999 -9999 -9999 -9999 -9999 1.93805E-3 7.07966E-4 3.13953E-4 9.35506E-4 2.49754E-3 1.60113E-3 9.74007E-4 6.4902E-4 3.19605E-3 9.89872E-3 1.33635E-2 2.00818E-2 3.95664E-2 9.05423E-2 1.57737E-1 3.20073E-1 3.0339E-1 1.0371E-1 6.92266E-2 1.77763E-2 7.55271E-3 2.61267E-2 1.84651E-2 4.82214E-2 9.5733E-2 5.96673E-2 1.00461E-1 1.78312E-1 2.37143E-1 6.9797E-1 7.96473E-1 7.33402E-1 7.39134E-1 7.75192E-1 7.09951E-1 5.67704E-1 3.87701E-1 4.45543E-1 5.26301E-1 5.47595E-1 6.64913E-1 6.77006E-1 6.85479E-1 6.71965E-1 6.92716E-1 5.7765E-1 6.20451E-1 6.28137E-1 6.52888E-1 4.71462E-1 4.87433E-1
