Final_Models_Sept202022/M_0.1_F_lqp_Set_1/Bison_min.asc
ncols         97
nrows         127
xllcorner     -2197417.7431653
yllcorner     -584827.01486885
cellsize      30000.0
NODATA_value  -9999
[rows 81 to 107 of 127, columns 0 to 60 of 97]
-9999 -9999 -9999 -9999 -9999 -9999 -9999 -9999 -9999 -9999 -9999 3.17944E-3 8.89277E-4 2.68511E-4 2.85604E-3 2.17972E-3 1.43473E-3 1.32464E-4 1.41077E-4 2.71629E-3 5.46417E-4 6.66325E-3 5.19911E-3 3.41293E-2 1.35767E-1 2.62746E-1 1.02438E-1 7.80413E-2 6.55746E-2 6.24206E-3 2.92972E-3 4.23119E-4 1.32549E-3 9.97873E-3 2.90627E-2 5.42015E-2 2.38028E-2 2.993E-1 5.75581E-1 7.81606E-1 8.68051E-1 6.92118E-1 6.87908E-1 7.81755E-1 7.075E-1 4.8166E-1 3.67105E-1 3.15607E-1 3.8354E-1 4.68824E-1 5.33159E-1 6.64088E-1 6.68106E-1 6.55849E-1 6.27654E-1 4.51859E-1 5.84427E-1 6.05839E-1 5.57877E-1 4.98421E-1 4.72154E-1
-9999 -9999 -9999 -9999 -9999 -9999 -9999 -9999 -9999 -9999 -9999 -9999 2.09847E-3 2.7096E-4 8.8159E-4 2.51448E-3 1.6435E-3 7.79426E-3 5.89568E-4 1.78882E-4 2.64748E-4 2.11486E-4 3.37328E-4 8.48496E-3 2.01698E-1 2.49972E-1 4.70222E-2 7.41662E-2 9.43592E-2 1.32327E-2 2.67252E-3 2.02108E-3 7.3694E-4 5.15548E-3 2.22687E-2 1.12701E-1 4.12831E-2 5.87047E-2 3.47173E-1 6.14584E-1 6.82266E-1 6.82893E-1 7.03923E-1 7.32369E-1 6.8213E-1 4.47069E-1 2.94603E-1 3.95726E-1 4.76558E-1 6.5352E-1 6.52028E-1 6.74474E-1 6.6636E-1 6.71638E-1 6.19141E-1 5.78664E-1 5.91669E-1 5.21243E-1 5.03734E-1 4.26829E-1 5.29325E-1
-9999 -9999 -9999 -9999 -9999 -9999 -9999 -9999 -9999 -9999 -9999 -9999 -9999 1.56799E-3 5.76683E-5 3.8126E-4 1.30868E-4 2.2517E-3 5.84599E-2 7.09762E-3 8.54823E-4 1.26441E-3 5.81762E-5 2.08476E-3 4.76581E-2 3.24747E-2 2.64737E-2 8.43986E-2 1.28713E-2 1.07981E-2 3.71661E-3 2.33309E-3 1.51701E-4 3.30232E-3 6.20918E-3 2.40706E-1 7.7529E-2 3.76331E-2 1.21869E-1 6.40717E-1 7.68435E-1 7.35469E-1 7.17614E-1 6.80161E-1 6.20256E-1 3.89107E-1 3.90323E-1 4.04453E-1 4.77237E-1 6.17075E-1 6.50958E-1 6.4596E-1 6.78383E-1 6.70248E-1 6.50194E-1 6.08555E-1 6.69131E-1 6.11509E-1 4.77516E-1 4.81768E-1 5.058E-1
-9999 -9999 -9999 -9999 -9999 -9999 -9999 -9999 -9999 -9999 -9999 -9999 -9999 1.57219E-3 2.99981E-4 5.55451E-4 1.65582E-3 -9999 1.0758E-3 2.28311E-2 7.24973E-2 8.75454E-3 1.41826E-4 1.47533E-3 9.54721E-2 4.65209E-2 7.95858E-2 6.16297E-2 2.33384E-2 6.21174E-3 1.08489E-2 1.52509E-3 8.24687E-4 3.61893E-3 1.02823E-2 8.59677E-2 5.67196E-2 4.75079E-2 1.14323E-1 4.69601E-1 6.47134E-1 6.6287E-1 6.70716E-1 5.40343E-1 5.92604E-1 6.82762E-1 5.99121E-1 6.32565E-1 4.44259E-1 5.49488E-1 6.2596E-1 5.98555E-1 6.21613E-1 5.78549E-1 6.0718E-1 3.79607E-1 6.14872E-1 6.62692E-1 5.32158E-1 5.34425E-1 6.02256E-1
-9999 -9999 -9999 -9999 -9999 -9999 -9999 -9999 -9999 -9999 -9999 -9999 -9999 2.33864E-3 1.25619E-3 2.84532E-4 1.54772E-3 -9999 1.87976E-2 1.58915E-1 2.02202E-2 3.70564E-4 2.28512E-5 2.73484E-3 2.77183E-2 4.0245E-2 1.17559E-1 3.54542E-2 2.01887E-2 9.68408E-3 2.37464E-3 5.80007E-4 2.31525E-3 6.55606E-3 9.14618E-3 6.6598E-2 6.10636E-2 7.8895E-2 2.12031E-1 2.16525E-1 4.8859E-1 6.13971E-1 6.83769E-1 6.0341E-1 5.43176E-1 6.72829E-1 4.95832E-1 3.85601E-1 4.33932E-1 6.6684E-1 6.16251E-1 4.77191E-1 5.97103E-1 6.86634E-1 6.29836E-1 5.35052E-1 6.81951E-1 5.16443E-1 5.18514E-1 5.09654E-1 4.91319E-1
-9999 -9999 -9999 -9999 -9999 -9999 -9999 -9999 -9999 -9999 -9999 -9999 -9999 1.09133E-3 1.81565E-3 5.57918E-4 2.09468E-4 -9999 3.94018E-4 2.39114E-2 3.82986E-3 1.49423E-4 2.0223E-4 6.96502E-4 2.45389E-2 7.88715E-2 1.91327E-1 4.46064E-2 2.14186E-2 4.41561E-3 9.99671E-3 2.22084E-3 2.37619E-3 3.93492E-3 1.09784E-2 1.63875E-1 2.04121E-2 9.50427E-2 1.23688E-1 3.08641E-1 4.18175E-1 5.5909E-1 5.89593E-1 6.21773E-1 6.15596E-1 5.76106E-1 4.2663E-1 4.97562E-1 5.36428E-1 6.71762E-1 5.86457E-1 3.12789E-1 5.08796E-1 6.83947E-1 6.54964E-1 6.39859E-1 6.46468E-1 3.71736E-1 4.61572E-1 5.0101E-1 5.92224E-1
-9999 -9999 -9999 -9999 -9999 -9999 -9999 -9999 -9999 -9999 -9999 -9999 -9999 1.43144E-3 7.23314E-4 2.55978E-4 8.40118E-3 -9999 1.69508E-3 2.49916E-2 3.95816E-3 1.90928E-4 2.08217E-4 4.0871E-3 3.2206E-2 1.19368E-1 4.41238E-1 1.79363E-1 8.9528E-2 1.20548E-2 2.11399E-2 2.16798E-3 1.66659E-4 1.15597E-2 4.18704E-2 9.14581E-2 8.87403E-2 3.0206E-2 5.48625E-1 4.3242E-1 3.39568E-1 5.52989E-1 6.85596E-1 6.00161E-1 5.883E-1 5.93833E-1 6.54396E-1 7.01775E-1 6.11546E-1 4.76727E-1 4.23559E-1 2.76631E-1 5.06449E-1 6.22366E-1 7.11956E-1 6.89613E-1 5.85158E-1 4.74628E-1 4.01307E-1 4.58172E-1 5.18049E-1
-9999 -9999 -9999 -9999 -9999 -9999 -9999 -9999 -9999 -9999 -9999 -9999 -9999 7.46922E-4 6.32361E-4 9.94799E-5 3.3536E-4 9.50071E-4 2.83543E-4 2.16913E-2 1.08993E-3 3.03425E-5 4.95307E-4 1.72864E-2 1.64482E-1 3.31265E-1 2.96798E-1 1.08385E-1 3.86562E-2 5.1878E-2 2.40255E-2 3.03774E-3 1.92126E-3 6.09148E-2 1.28007E-2 1.57242E-2 8.04253E-2 9.12819E-3 4.57983E-2 2.7592E-1 3.24885E-1 5.91906E-1 6.00655E-1 5.52913E-1 6.25026E-1 5.82335E-1 5.66521E-1 4.40924E-1 6.43471E-1 6.33955E-1 5.12783E-1 4.67284E-1 6.83093E-1 6.85413E-1 6.95046E-1 6.66985E-1 6.34932E-1 5.94628E-1 6.27067E-1 4.29774E-1 4.93574E-1
-9999 -9999 -9999 -9999 -9999 -9999 -9999 -9999 -9999 -9999 -9999 -9999 -9999 9.88202E-4 8.63996E-4 1.97925E-4 1.04059E-3 1.27311E-4 2.96347E-5 6.55934E-3 1.25935E-3 1.24274E-4 5.31882E-4 2.69687E-2 3.5643E-1 2.85368E-1 1.02316E-1 4.49515E-2 3.14571E-2 1.59266E-1 1.16456E-2 8.90556E-3 8.28677E-3 1.20323E-1 9.15635E-3 1.59115E-2 1.09231E-1 2.69944E-3 7.31614E-3 1.42194E-2 2.76445E-1 5.18879E-1 5.44087E-1 6.58907E-1 5.9121E-1 5.881E-1 6.47269E-1 4.17164E-1 2.49315E-1 3.76013E-1 4.69453E-1 3.59976E-1 6.39996E-1 6.78908E-1 7.156E-1 6.72727E-1 6.15065E-1 6.42506E-1 5.92308E-1 6.39983E-1 5.27896E-1
-9999 -9999 -9999 -9999 -9999 -9999 -9999 -9999 -9999 -9999 -9999 -9999 -9999 8.98858E-4 1.24655E-3 1.2148E-3 1.60455E-4 6.32859E-5 1.3872E-5 3.54909E-2 3.57766E-4 2.7597E-4 1.13647E-2 2.1733E-1 5.22363E-1 2.23034E-1 2.26801E-1 3.70541E-2 6.28344E-2 1.20227E-1 4.32803E-2 1.64691E-2 5.08928E-2 1.2444E-2 9.74786E-3 1.46285E-2 3.48309E-2 6.48249E-3 5.29808E-2 3.62981E-3 1.79163E-1 2.61391E-1 6.55E-1 5.2809E-1 6.31004E-1 6.68215E-1 4.10084E-1 4.05305E-1 3.53679E-1 6.05022E-1 5.56699E-1 4.51416E-1 6.43625E-1 5.80712E-1 5.66679E-1 5.92077E-1 5.94176E-1 6.13492E-1 6.51918E-1 6.40683E-1 5.85985E-1
-9999 -9999 -9999 -9999 -9999 -9999 -9999 -9999 -9999 -9999 -9999 -9999 -9999 8.84564E-4 1.68591E-3 1.3221E-3 9.02614E-5 1.29471E-5 3.7019E-3 2.89977E-2 9.63486E-4 5.72683E-4 6.57274E-2 4.54284E-1 3.07435E-1 1.71495E-1 3.97742E-1 2.68951E-1 7.86579E-2 4.53229E-2 5.04939E-2 3.21454E-2 4.62398E-2 6.49864E-3 1.67141E-3 5.10686E-2 6.61465E-2 7.54965E-2 1.60341E-1 1.05593E-2 3.81789E-2 2.39762E-1 6.06285E-1 6.67309E-1 3.67382E-1 3.58887E-1 5.13369E-1 5.06819E-1 6.01048E-1 4.37906E-1 3.21432E-1 3.57938E-1 5.47644E-1 5.79993E-1 5.34946E-1 3.05974E-1 3.33653E-1 4.08284E-1 5.63388E-1 5.59261E-1 4.6407E-1
-9999 -9999 -9999 -9999 -9999 -9999 -9999 -9999 -9999 -9999 -9999 -9999 -9999 1.43104E-3 8.14501E-4 3.68881E-3 2.5732E-3 3.19847E-3 1.55475E-2 2.06839E-3 4.92621E-3 3.52353E-2 7.29182E-2 1.57088E-1 1.52933E-1 1.39881E-1 2.83004E-1 2.75473E-1 3.93426E-1 1.81476E-1 6.5159E-2 5.46046E-2 1.03867E-2 3.41648E-3 2.63935E-3 3.04791E-2 1.52323E-1 2.76981E-1 4.58698E-1 1.45328E-2 4.04735E-2 3.90008E-1 4.82851E-1 6.38059E-1 4.80782E-1 5.56316E-1 5.8876E-1 5.62129E-1 5.46188E-1 5.19046E-1 3.79816E-1 4.08313E-1 5.61313E-1 5.37003E-1 5.21047E-1 3.94528E-1 3.08197E-1 5.33223E-1 4.77028E-1 5.61224E-1 5.25706E-1
-9999 -9999 -9999 -9999 -9999 -9999 -9999 -9999 -9999 -9999 -9999 -9999 7.55897E-4 1.30252E-3 2.44407E-3 6.78635E-3 8.6161E-3 7.88382E-3 4.10033E-3 1.53923E-4 5.92726E-3 2.14282E-1 1.93164E-1 2.21697E-1 3.49966E-2 1.22194E-1 1.99348E-1 2.66907E-1 3.33959E-1 8.79581E-2 1.24532E-1 3.72413E-2 1.02161E-2 4.44548E-3 8.49066E-3 8.52047E-3 9.73573E-2 3.29826E-1 5.78571E-2 1.46655E-2 6.90438E-3 2.78131E-1 5.29459E-1 6.02873E-1 5.69137E-1 5.90605E-1 5.42871E-1 5.0931E-1 4.58062E-1 6.24636E-1 4.55041E-1 4.44679E-1 4.72596E-1 4.57713E-1 4.6246E-1 4.54679E-1 3.4693E-1 6.4219E-1 4.78175E-1 4.65198E-1 5.93812E-1
-9999 -9999 -9999 -9999 -9999 -9999 -9999 -9999 -9999 -9999 -9999 -9999 2.74997E-3 2.4012E-3 1.92012E-3 3.05325E-3 5.7317E-3 7.08069E-3 1.42186E-3 9.62436E-4 3.75921E-2 1.08974E-1 2.52401E-2 1.42687E-1 1.08815E-1 1.14653E-1 6.195E-2 1.54982E-1 2.38704E-1 2.66027E-1 2.25244E-1 8.42721E-2 1.5204E-2 1.42975E-2 2.57807E-3 1.61659E-2 2.51553E-1 4.92326E-1 1.11534E-1 5.62791E-3 1.00436E-2 2.67486E-1 3.51624E-1 4.93865E-1 4.90192E-1 5.28461E-1 4.0029E-1 4.76705E-1 5.0761E-1 5.19562E-1 3.54919E-1 3.92748E-1 3.42626E-1 4.67338E-1 4.20268E-1 3.9587E-1 4.29826E-1 4.77022E-1 4.82457E-1 4.00764E-1 4.62175E-1
-9999 -9999 -9999 -9999 -9999 -9999 -9999 -9999 -9999 -9999 -9999 -9999 1.77368E-3 1.95538E-3 1.38293E-3 2.98475E-3 4.59428E-3 3.5988E-3 4.83963E-4 1.33198E-2 6.01747E-2 5.59274E-2 3.89745E-2 9.54863E-3 2.22895E-2 6.90814E-2 2.01467E-1 1.06578E-1 2.23055E-1 2.09085E-1 2.95527E-1 2.92914E-2 1.01881E-2 3.59169E-3 2.70894E-3 8.52419E-3 1.43911E-1 4.91508E-1 1.46559E-1 1.64498E-2 1.5745E-2 4.03645E-1 3.62502E-1 5.17306E-1 4.40422E-1 4.45139E-1 4.16098E-1 3.99591E-1 4.9597E-1 6.81473E-1 6.51152E-1 6.58876E-1 4.48046E-1 3.22604E-1 4.19294E-1 5.43925E-1 6.03329E-1 6.88187E-1 4.72626E-1 4.77697E-1 5.87089E-1
-9999 -9999 -9999 -9999 -9999 -9999 -9999 -9999 -9999 -9999 -9999 -9999 8.69088E-3 1.63263E-3 7.34838E-3 3.1462E-3 2.19078E-2 4.5735E-4 6.18954E-3 8.71954E-3 2.03612E-2 2.57258E-2 4.10083E-2 5.07776E-2 2.10742E-2 3.33242E-2 8.28543E-2 1.34129E-1 2.53741E-1 3.29832E-1 2.82501E-1 7.57898E-2 1.85484E-2 8.04326E-3 2.24323E-3 1.7532E-3 4.46243E-2 2.64865E-1 2.1089E-2 7.55398E-2 2.99116E-2 2.95213E-1 3.81339E-1 4.52437E-1 4.86488E-1 4.89367E-1 4.90509E-1 3.2028E-1 4.17207E-1 5.89579E-1 6.36682E-1 6.21518E-1 6.09365E-1 4.3106E-1 6.6815E-1 5.87697E-1 7.26097E-1 5.39727E-1 3.50613E-1 4.66322E-1 4.25528E-1
-9999 -9999 -9999 -9999 -9999 -9999 -9999 -9999 -9999 -9999 -9999 1.89449E-3 1.66061E-3 1.25646E-2 1.31482E-3 3.47365E-5 9.20192E-3 3.38233E-3 1.29092E-2 1.60479E-1 6.36158E-2 2.27377E-2 5.44855E-2 5.71412E-2 3.89531E-3 3.62058E-2 1.28221E-1 3.02362E-1 2.73184E-1 3.6929E-1 3.86989E-1 3.67717E-1 1.72355E-2 2.12428E-2 4.32932E-3 4.59409E-3 3.35249E-2 5.01461E-1 2.77889E-1 1.88924E-1 4.18158E-1 1.67529E-1 6.07282E-1 5.45173E-1 4.82046E-1 5.917E-1 4.36267E-1 2.239E-1 3.79862E-1 4.8102E-1 4.11899E-1 3.40042E-1 5.65991E-1 6.83212E-1 4.6856E-1 4.33853E-1 3.61068E-1 3.88291E-1 4.47486E-1 5.15877E-1 3.86588E-1
-9999 -9999 -9999 -9999 -9999 -9999 -9999 -9999 -9999 -9999 -9999 1.2014E-3 4.85684E-3 2.24469E-2 1.17816E-2 5.37883E-3 7.90736E-3 1.61378E-3 5.27846E-2 1.14539E-1 1.0315E-1 1.27961E-2 1.11213E-2 1.8381E-2 6.25867E-2 1.24245E-1 1.38468E-1 1.67441E-2 1.09765E-2 4.86065E-1 4.66996E-1 5.52951E-1 1.84985E-1 7.29421E-3 9.56572E-3 3.82056E-3 1.22582E-2 5.91701E-1 4.98665E-2 5.38091E-1 4.48991E-1 2.89116E-1 7.30017E-1 5.24547E-1 5.44482E-1 1.49034E-1 9.05695E-2 3.87258E-1 4.03981E-1 6.1865E-1 4.49425E-1 3.22517E-1 5.1178E-1 5.62098E-1 3.29615E-1 3.70153E-1 3.15725E-1 3.33108E-1 4.34067E-1 4.61505E-1 4.81087E-1
-9999 -9999 -9999 -9999 -9999 -9999 -9999 -9999 -9999 -9999 1.93465E-4 3.77731E-4 5.50884E-3 1.00357E-2 5.9159E-2 3.23223E-3 1.84565E-3 7.23089E-3 3.1971E-2 2.20953E-2 3.73346E-2 4.33687E-2 5.7343E-2 3.34192E-2 7.31003E-2 2.35406E-1 9.39789E-2 1.49881E-2 5.5326E-2 1.38648E-1 1.47685E-1 6.51576E-1 3.33317E-1 7.30768E-3 1.86817E-2 1.17729E-2 5.53334E-2 5.87921E-1 1.21748E-1 3.33137E-1 7.00496E-1 3.67243E-1 5.96768E-1 6.96397E-1 4.59227E-1 6.10207E-1 2.59194E-1 4.49582E-1 5.01113E-1 2.50518E-1 4.56749E-1 2.57444E-1 2.7352E-1 3.1186E-1 3.19551E-1 3.23752E-1 3.42034E-1 4.23162E-1 3.50472E-1 3.27241E-1 3.95999E-1
-9999 -9999 -9999 -9999 -9999 -9999 -9999 -9999 -9999 -9999 1.80654E-4 1.81236E-4 1.40046E-2 2.53599E-2 1.01039E-2 1.95966E-3 1.75382E-3 8.18029E-3 9.28499E-3 9.8682E-3 1.48885E-2 3.24706E-2 3.84198E-2 6.46877E-2 7.08385E-2 8.0277E-2 1.54548E-1 1.45319E-1 2.40349E-1 2.76085E-1 7.86792E-2 1.29935E-1 2.70014E-2 1.5753E-2 1.642E-2 9.87815E-3 1.07062E-1 3.55181E-1 1.57937E-1 4.45274E-1 7.58221E-1 1.03117E-1 3.15788E-1 6.32414E-1 5.47919E-1 3.93438E-1 4.19402E-1 2.61366E-1 2.40109E-1 3.21284E-1 2.2356E-1 3.46551E-1 2.86435E-1 3.10845E-1 3.83832E-1 4.78663E-1 3.8453E-1 3.92373E-1 4.06419E-1 4.22145E-1 4.24773E-1
-9999 -9999 -9999 -9999 -9999 -9999 -9999 -9999 -9999 -9999 1.34173E-4 1.59043E-4 2.14225E-2 1.12486E-2 1.92794E-3 1.9933E-3 3.0616E-3 6.44627E-3 1.57159E-2 1.29912E-2 8.6675E-3 1.51111E-2 1.64211E-2 2.22315E-2 6.14423E-2 5.45036E-2 2.66097E-1 4.90484E-2 1.99468E-1 2.20932E-1 3.24712E-2 2.64821E-2 1.30571E-2 2.88731E-2 3.12685E-2 3.65582E-2 1.27734E-1 1.96032E-1 3.17248E-1 2.75374E-1 5.9787E-1 4.30285E-1 6.02848E-1 5.64515E-1 6.03191E-1 5.35449E-1 1.89002E-1 2.49975E-1 2.7243E-1 3.20371E-1 4.31908E-1 4.97043E-1 4.98686E-1 3.46396E-1 4.01573E-1 3.0396E-1 2.84853E-1 3.28633E-1 5.18599E-1 3.98146E-1 3.29325E-1
-9999 -9999 -9999 -9999 -9999 -9999 -9999 -9999 -9999 1.03413E-4 1.04761E-4 2.08823E-4 4.64213E-3 1.98113E-3 5.43683E-4 1.06246E-3 7.29567E-3 1.31423E-2 2.42713E-2 1.32484E-2 1.37548E-2 1.98491E-2 2.50145E-2 2.42275E-2 2.74267E-2 2.04834E-2 4.1755E-1 6.88283E-2 3.89707E-2 2.57616E-2 2.86545E-2 7.12448E-2 1.01705E-1 8.72164E-2 8.62966E-2 9.40627E-2 1.10127E-1 1.61998E-1 5.54357E-1 1.87533E-1 6.97311E-1 6.02238E-1 6.93806E-1 4.50465E-1 5.76452E-1 4.36583E-1 4.69946E-1 3.94385E-1 3.37607E-1 2.55123E-1 2.76193E-1 3.78291E-1 3.54655E-1 5.11746E-1 5.84946E-1 5.59838E-1 4.57763E-1 4.34726E-1 3.41745E-1 4.1967E-1 4.18439E-1
-9999 -9999 -9999 -9999 -9999 -9999 -9999 -9999 -9999 1.61879E-4 1.229E-4 2.56811E-4 1.25267E-3 4.42537E-4 3.75756E-4 6.10202E-4 8.58922E-3 4.98142E-3 1.40384E-2 1.80904E-2 3.19208E-2 2.20657E-2 2.50704E-2 2.86916E-2 3.27925E-2 6.1357E-2 2.60061E-1 2.15982E-1 2.04105E-1 1.215E-1 1.33741E-1 1.75068E-1 4.28563E-2 6.0213E-2 2.48091E-1 2.90664E-1 2.08989E-1 5.13786E-1 4.57571E-1 5.99642E-1 7.21548E-1 7.60562E-1 4.16822E-1 4.48158E-1 6.03425E-1 6.40124E-1 5.41494E-1 3.68329E-1 4.90253E-1 5.27312E-1 5.37975E-1 5.39216E-1 3.83997E-1 5.26165E-1 5.21878E-1 6.1652E-1 5.25071E-1 4.30908E-1 4.64641E-1 3.098E-1 2.73876E-1
-9999 -9999 -9999 -9999 -9999 -9999 -9999 -9999 7.95524E-5 1.13971E-4 4.03241E-4 5.06059E-3 4.27343E-4 4.56568E-4 1.34414E-3 9.54301E-3 8.04805E-3 1.17673E-2 1.12894E-2 2.18729E-2 2.66019E-2 4.46287E-2 4.01275E-2 5.7858E-2 4.62848E-2 2.1547E-1 1.53111E-1 2.68881E-1 1.6199E-1 2.91713E-1 2.24122E-1 1.47694E-1 4.03553E-2 1.02735E-1 1.97975E-1 1.5554E-1 2.57173E-1 6.38581E-1 5.80416E-1 7.96266E-1 7.62793E-1 6.98674E-1 4.96911E-1 3.23685E-1 1.53396E-1 3.80906E-1 4.43687E-2 2.43924E-1 3.65259E-1 5.80599E-1 4.45168E-1 4.18306E-1 2.93474E-1 3.656E-1 3.23115E-1 6.45539E-1 6.28573E-1 6.32273E-1 4.51081E-1 2.99879E-1 3.25788E-1
-9999 -9999 -9999 -9999 -9999 -9999 -9999 2.47537E-4 3.1704E-4 1.47783E-4 1.38234E-3 5.14958E-3 2.82497E-4 4.54904E-4 1.49159E-3 1.55032E-2 1.31567E-2 1.75545E-2 1.44344E-2 2.15204E-2 2.864E-2 4.6453E-2 5.13095E-2 7.19385E-2 5.85229E-2 1.10805E-1 9.08485E-2 3.40823E-1 3.80072E-1 3.81402E-1 1.9206E-1 1.19325E-1 5.50807E-2 7.76491E-2 1.22772E-1 2.88897E-1 7.39103E-1 7.0496E-1 7.52462E-1 7.93387E-1 7.08459E-1 6.11209E-1 3.33087E-1 2.0849E-1 1.46149E-1 4.32284E-1 2.91638E-1 4.28929E-2 2.69212E-1 6.80197E-1 5.47614E-1 5.39733E-1 6.58701E-1 3.84537E-1 5.88948E-1 6.09651E-1 6.74339E-1 6.50397E-1 6.01268E-1 3.67516E-1 3.15054E-1
-9999 -9999 -9999 -9999 -9999 -9999 -9999 8.34229E-5 5.23236E-5 5.95389E-5 3.97693E-4 5.27606E-4 2.43518E-4 1.35421E-3 1.22536E-2 1.56239E-2 1.44649E-2 4.24521E-2 1.52181E-2 1.58233E-2 2.43575E-2 5.28393E-2 9.7521E-2 9.75859E-2 9.91487E-2 8.26444E-2 1.26073E-1 3.16519E-1 1.25681E-1 3.7936E-1 1.48489E-1 5.73833E-2 8.3481E-2 2.41895E-1 2.40891E-1 6.29701E-1 6.79979E-1 7.51905E-1 8.04499E-1 8.41932E-1 7.96518E-1 5.67178E-1 4.79442E-1 3.35809E-1 2.60908E-1 1.65606E-1 3.24364E-1 2.6284E-1 5.24039E-1 2.60642E-1 3.53946E-1 4.49313E-1 4.61287E-1 5.64809E-1 4.22086E-1 6.71983E-1 5.31975E-1 6.29844E-1 6.05021E-1 3.79979E-1 3.22729E-1
-9999 -9999 -9999 -9999 -9999 -9999 -9999 1.75005E-4 1.71808E-4 9.43159E-5 3.31422E-4 6.93258E-4 1.0229E-3 1.44576E-3 2.22675E-2 1.68722E-2 2.40223E-2 5.41519E-2 2.03046E-2 1.5706E-2 2.50789E-2 2.84077E-2 1.58589E-1 8.77557E-2 6.14436E-2 4.12194E-2 4.78828E-2 2.58788E-1 6.79491E-2 1.82481E-1 2.62127E-1 8.32195E-2 3.41419E-1 3.6212E-1 3.79753E-1 6.04568E-1 7.66317E-1 7.44714E-1 8.05304E-1 7.42455E-1 6.10753E-1 4.47723E-1 3.10551E-1 7.94314E-2 6.25441E-2 1.04173E-1 2.34057E-1 9.53461E-2 4.32618E-1 6.29593E-1 5.71442E-1 5.48735E-1 6.22478E-1 3.16301E-1 5.4908E-1 5.23615E-1 3.78306E-1 6.11527E-1 4.92687E-1 3.16494E-1 4.16063E-1
