Final_Models_Sept202022/M_0.1_F_lqp_Set_1/Bison_6.asc
ncols         97
nrows         127
xllcorner     -2197417.7431653
yllcorner     -584827.01486885
cellsize      30000.0
NODATA_value  -9999
[rows 0 to 26 of 127, columns 0 to 60 of 97]
-9999 -9999 -9999 -9999 -9999 -9999 -9999 -9999 -9999 -9999 -9999 -9999 -9999 -9999 -9999 -9999 -9999 -9999 -9999 -9999 -9999 -9999 -9999 -9999 -9999 -9999 -9999 -9999 -9999 -9999 -9999 -9999 -9999 -9999 -9999 -9999 -9999 -9999 -9999 -9999 -9999 -9999 -9999 -9999 -9999 -9999 -9999 -9999 -9999 -9999 -9999 -9999 -9999 -9999 -9999 -9999 -9999 -9999 -9999 -9999 -9999
-9999 -9999 -9999 -9999 -9999 -9999 -9999 -9999 -9999 -9999 -9999 -9999 -9999 -9999 -9999 -9999 -9999 -9999 -9999 -9999 -9999 -9999 -9999 -9999 -9999 -9999 -9999 -9999 -9999 -9999 -9999 -9999 -9999 -9999 -9999 -9999 -9999 -9999 -9999 -9999 -9999 -9999 -9999 -9999 -9999 -9999 -9999 -9999 -9999 -9999 -9999 -9999 -9999 -9999 -9999 -9999 -9999 -9999 -9999 -9999 -9999
-9999 -9999 -9999 -9999 -9999 -9999 -9999 -9999 -9999 -9999 -9999 -9999 -9999 -9999 -9999 -9999 -9999 -9999 -9999 -9999 -9999 -9999 -9999 -9999 -9999 -9999 -9999 -9999 -9999 -9999 -9999 -9999 -9999 -9999 -9999 -9999 -9999 -9999 -9999 -9999 -9999 -9999 -9999 -9999 -9999 -9999 -9999 -9999 -9999 -9999 -9999 -9999 -9999 -9999 -9999 -9999 -9999 -9999 -9999 -9999 -9999
-9999 -9999 -9999 -9999 -9999 -9999 -9999 -9999 -9999 -9999 -9999 -9999 -9999 -9999 -9999 -9999 -9999 -9999 -9999 2.26468E-2 1.09047E-2 5.69904E-3 1.58132E-2 -9999 -9999 -9999 -9999 -9999 -9999 -9999 -9999 -9999 -9999 -9999 -9999 -9999 -9999 -9999 -9999 -9999 -9999 -9999 -9999 -9999 -9999 -9999 -9999 -9999 -9999 -9999 -9999 -9999 -9999 -9999 -9999 -9999 -9999 -9999 -9999 -9999 -9999
-9999 -9999 -9999 -9999 -9999 -9999 -9999 -9999 -9999 -9999 -9999 -9999 -9999 -9999 -9999 -9999 -9999 -9999 2.84328E-2 2.53384E-2 2.23852E-2 2.51227E-2 1.35794E-2 1.69089E-2 1.40369E-2 -9999 -9999 -9999 -9999 -9999 -9999 -9999 -9999 -9999 -9999 -9999 -9999 -9999 -9999 -9999 -9999 -9999 -9999 -9999 -9999 -9999 -9999 -9999 -9999 -9999 -9999 -9999 -9999 -9999 -9999 -9999 -9999 -9999 -9999 -9999 -9999
-9999 -9999 -9999 -9999 -9999 -9999 -9999 -9999 -9999 -9999 -9999 -9999 -9999 -9999 -9999 -9999 -9999 -9999 2.96321E-2 2.45579E-2 2.18735E-2 2.33311E-2 1.68598E-2 1.40235E-2 1.31941E-2 -9999 -9999 -9999 -9999 -9999 -9999 -9999 -9999 -9999 -9999 -9999 -9999 -9999 -9999 -9999 -9999 -9999 -9999 -9999 -9999 -9999 -9999 -9999 -9999 -9999 -9999 -9999 -9999 -9999 -9999 -9999 -9999 -9999 -9999 -9999 -9999
-9999 -9999 -9999 -9999 -9999 -9999 -9999 -9999 -9999 -9999 -9999 -9999 -9999 -9999 -9999 -9999 -9999 2.60476E-2 2.57499E-2 9.74908E-3 1.05172E-2 1.32863E-2 1.4652E-2 1.26524E-2 1.1509E-2 1.1195E-2 -9999 1.4313E-2 1.32896E-2 1.42887E-2 -9999 -9999 -9999 -9999 -9999 -9999 -9999 -9999 8.83138E-3 -9999 -9999 -9999 -9999 -9999 -9999 -9999 -9999 -9999 -9999 -9999 -9999 -9999 -9999 -9999 -9999 -9999 -9999 -9999 -9999 -9999 -9999
-9999 -9999 -9999 -9999 -9999 -9999 -9999 -9999 -9999 -9999 -9999 -9999 -9999 -9999 -9999 -9999 2.16041E-2 2.93588E-2 8.10918E-3 5.60592E-3 5.82014E-3 6.82E-3 9.60424E-3 1.11891E-2 1.19314E-2 1.14927E-2 1.43058E-2 1.33355E-2 1.24024E-2 1.24016E-2 1.26542E-2 1.21067E-2 1.07586E-2 1.00872E-2 1.01638E-2 1.06743E-2 1.09942E-2 -9999 7.98676E-3 7.24028E-3 -9999 -9999 -9999 -9999 -9999 -9999 -9999 -9999 -9999 -9999 -9999 -9999 -9999 -9999 -9999 -9999 -9999 -9999 -9999 -9999 -9999
-9999 -9999 -9999 -9999 -9999 -9999 -9999 -9999 -9999 -9999 -9999 -9999 -9999 -9999 -9999 4.45595E-2 4.77227E-2 2.31851E-2 6.52506E-3 4.47998E-3 3.70186E-3 4.69679E-3 8.35884E-3 1.01055E-2 1.13881E-2 1.24212E-2 2.37594E-2 2.45443E-2 1.27836E-2 1.05809E-2 1.09191E-2 1.07161E-2 1.04972E-2 1.00044E-2 1.07917E-2 1.37306E-2 1.23464E-2 1.15062E-2 8.40316E-3 7.91919E-3 -9999 -9999 -9999 -9999 -9999 -9999 -9999 -9999 -9999 -9999 -9999 -9999 -9999 -9999 -9999 -9999 -9999 -9999 -9999 -9999 -9999
-9999 -9999 -9999 -9999 -9999 -9999 -9999 -9999 -9999 -9999 -9999 -9999 -9999 -9999 -9999 5.48232E-2 4.59675E-2 1.99783E-2 5.83434E-3 6.11582E-3 7.63924E-3 9.44024E-3 1.00491E-2 9.04864E-3 1.19332E-2 1.15906E-2 2.30072E-2 2.22003E-2 1.16062E-2 1.11802E-2 1.52301E-2 1.31392E-2 1.28139E-2 1.54046E-2 1.29712E-2 1.5908E-2 1.69359E-2 1.40867E-2 1.0398E-2 -9999 -9999 -9999 6.38848E-3 -9999 -9999 -9999 -9999 -9999 -9999 -9999 -9999 -9999 -9999 -9999 -9999 -9999 -9999 -9999 -9999 -9999 -9999
-9999 -9999 -9999 -9999 -9999 -9999 -9999 -9999 -9999 -9999 -9999 -9999 -9999 -9999 3.06967E-2 4.29438E-2 3.34487E-2 2.12628E-2 1.64167E-2 1.0122E-2 1.05786E-2 1.18787E-2 1.07953E-2 9.96941E-3 9.26568E-3 1.93085E-2 2.63889E-2 2.01322E-2 1.94914E-2 1.22664E-2 1.91903E-2 1.4007E-2 1.21383E-2 1.83036E-2 2.2408E-2 1.90077E-2 1.96245E-2 1.36454E-2 9.29472E-3 -9999 -9999 6.72734E-3 -9999 -9999 -9999 -9999 -9999 -9999 -9999 -9999 -9999 -9999 -9999 -9999 -9999 -9999 -9999 -9999 -9999 -9999 -9999
-9999 -9999 -9999 -9999 -9999 -9999 -9999 -9999 -9999 -9999 -9999 -9999 -9999 3.21975E-2 5.09539E-2 4.78848E-2 3.70946E-2 2.02058E-2 1.52126E-2 8.19701E-3 1.26002E-2 1.44755E-2 1.87733E-2 1.42121E-2 1.55877E-2 2.49207E-2 2.55499E-2 2.2877E-2 1.17959E-2 9.55753E-3 1.03594E-2 1.40141E-2 1.42859E-2 2.00624E-2 2.22846E-2 2.10084E-2 2.08702E-2 1.23627E-2 9.25965E-3 7.05985E-3 6.55304E-3 6.80701E-3 -9999 9.40937E-3 9.8471E-3 -9999 -9999 -9999 -9999 -9999 -9999 -9999 -9999 -9999 -9999 -9999 -9999 -9999 -9999 -9999 -9999
-9999 -9999 -9999 -9999 -9999 -9999 -9999 -9999 -9999 -9999 -9999 -9999 -9999 5.71967E-2 4.59471E-2 3.10373E-2 2.25319E-2 1.83821E-2 1.82747E-2 2.8065E-3 6.77335E-3 1.18902E-2 1.79333E-2 1.31372E-2 1.4434E-2 2.1442E-2 2.23377E-2 1.38576E-2 1.20291E-2 1.01766E-2 1.38274E-2 1.49156E-2 1.99706E-2 1.91417E-2 2.10551E-2 2.2904E-2 1.21045E-2 1.19752E-2 8.40818E-3 6.00832E-3 6.00756E-3 9.4777E-3 9.56675E-3 9.80676E-3 9.53673E-3 1.19044E-2 -9999 -9999 -9999 -9999 -9999 -9999 -9999 -9999 -9999 -9999 -9999 -9999 -9999 -9999 -9999
-9999 -9999 -9999 -9999 -9999 -9999 -9999 -9999 -9999 -9999 -9999 -9999 6.40684E-2 5.99242E-2 4.33161E-2 2.43535E-2 1.45131E-2 1.49792E-2 2.22578E-2 1.12301E-2 8.73901E-3 1.44977E-2 1.571E-2 1.55076E-2 1.60469E-2 1.1341E-2 1.75614E-2 8.69949E-3 2.21137E-2 2.54066E-2 1.88354E-2 1.20579E-2 1.07661E-2 1.48219E-2 1.44049E-2 1.58111E-2 9.63829E-3 1.05351E-2 9.53778E-3 6.24975E-3 5.59016E-3 6.07542E-3 8.67539E-3 9.34167E-3 9.77811E-3 1.07457E-2 1.22939E-2 -9999 -9999 -9999 3.85272E-3 2.9446E-3 -9999 -9999 -9999 -9999 -9999 -9999 -9999 -9999 -9999
-9999 -9999 -9999 -9999 -9999 -9999 -9999 -9999 -9999 -9999 -9999 3.44047E-2 3.53461E-2 3.72223E-2 1.91413E-2 1.42205E-2 8.34449E-3 5.84908E-3 1.42255E-2 1.96871E-2 1.40599E-2 2.43451E-2 2.17402E-2 2.09268E-2 9.32097E-3 8.12706E-3 2.26952E-2 2.15489E-2 1.55492E-2 1.33282E-2 1.30339E-2 1.28853E-2 9.19753E-3 8.98629E-3 1.77125E-2 2.08098E-2 1.81147E-2 1.44942E-2 1.1748E-2 7.2271E-3 6.43464E-3 6.54182E-3 7.54541E-3 8.11139E-3 8.10034E-3 9.00655E-3 9.48984E-3 8.82889E-3 -9999 -9999 -9999 3.5644E-3 2.91071E-3 -9999 -9999 -9999 -9999 -9999 -9999 -9999 -9999
-9999 -9999 -9999 -9999 -9999 -9999 -9999 -9999 -9999 -9999 -9999 3.34148E-2 1.4438E-2 1.14559E-2 8.5118E-3 3.68417E-3 4.21658E-3 7.5742E-3 9.05377E-3 1.1884E-2 1.79103E-2 2.19823E-2 2.23716E-2 2.31106E-2 7.13585E-3 9.23613E-3 1.93109E-2 3.21824E-2 3.61553E-2 2.75568E-2 1.28512E-2 1.06239E-2 8.3833E-3 8.62737E-3 1.72887E-2 1.82892E-2 1.45675E-2 1.27909E-2 9.86625E-3 7.34166E-3 7.3446E-3 7.28663E-3 7.67175E-3 8.87723E-3 7.05394E-3 7.77758E-3 6.92111E-3 6.79653E-3 7.64064E-3 -9999 -9999 4.171E-3 3.86931E-3 3.57631E-3 3.66374E-3 -9999 -9999 -9999 -9999 -9999 -9999
-9999 -9999 -9999 -9999 -9999 -9999 -9999 -9999 -9999 -9999 2.74408E-2 3.51792E-2 2.70144E-2 9.87358E-3 5.49461E-3 3.91481E-3 4.6755E-3 5.12921E-3 9.09841E-3 8.37737E-3 2.80062E-2 2.18925E-2 1.41244E-2 2.24316E-2 9.95756E-3 1.19528E-2 1.06594E-2 1.23853E-2 2.73327E-2 1.26381E-2 1.54354E-2 9.59269E-3 1.73523E-2 1.3296E-2 2.19119E-2 2.43465E-2 2.2529E-2 1.93224E-2 1.92185E-2 1.01716E-2 7.92193E-3 7.76492E-3 8.41114E-3 8.34459E-3 7.24772E-3 6.41881E-3 5.80654E-3 6.3516E-3 7.08582E-3 6.30627E-3 5.77364E-3 6.97656E-3 -9999 -9999 3.92311E-3 3.60187E-3 -9999 -9999 -9999 -9999 -9999
-9999 -9999 -9999 -9999 -9999 -9999 -9999 -9999 -9999 5.01933E-2 2.45152E-2 3.08317E-2 1.08214E-2 6.62183E-3 5.97436E-3 4.87666E-3 4.48967E-3 3.83536E-3 4.84341E-3 1.3712E-2 2.60121E-2 2.40954E-2 1.36005E-2 1.67981E-2 8.35931E-3 1.07518E-2 1.26893E-2 9.92623E-3 1.22297E-2 1.62301E-2 2.72516E-2 1.49037E-2 1.4336E-2 2.31977E-2 2.31521E-2 2.22676E-2 2.28726E-2 3.33508E-2 3.39104E-2 2.53926E-2 8.86745E-3 8.34806E-3 8.41319E-3 8.84041E-3 7.58588E-3 5.97059E-3 5.79031E-3 6.54145E-3 6.72737E-3 5.62032E-3 5.87343E-3 6.50148E-3 6.18264E-3 -9999 3.88197E-3 3.57517E-3 3.17296E-3 2.75276E-3 -9999 -9999 -9999
-9999 -9999 -9999 -9999 -9999 -9999 -9999 -9999 2.51666E-2 3.17439E-2 3.78132E-2 2.16606E-2 8.75669E-3 9.95882E-3 1.73869E-2 1.21033E-2 6.55269E-3 7.5721E-3 8.83596E-3 1.24677E-2 1.9104E-2 2.06203E-2 2.54345E-2 2.33095E-2 1.17766E-2 1.14326E-2 9.74544E-3 9.04374E-3 9.80932E-3 8.47395E-3 2.03407E-2 2.00249E-2 2.28733E-2 2.96607E-2 2.79589E-2 2.18774E-2 2.50368E-2 3.67436E-2 3.86617E-2 5.16473E-2 1.76768E-2 1.04731E-2 8.85176E-3 8.82905E-3 7.48439E-3 6.1214E-3 6.78643E-3 7.8327E-3 6.84062E-3 5.76714E-3 5.92344E-3 6.52813E-3 6.79599E-3 6.83826E-3 4.23829E-3 3.64322E-3 2.8978E-3 2.63957E-3 2.51435E-3 2.33373E-3 2.29677E-3
-9999 -9999 -9999 -9999 -9999 -9999 -9999 -9999 2.27435E-2 1.45224E-2 3.01211E-2 2.63395E-2 2.13556E-2 1.33389E-2 1.79695E-2 3.60532E-2 1.85264E-2 1.24958E-2 1.18029E-2 1.01785E-2 1.54146E-2 1.74415E-2 1.69938E-2 2.37208E-2 1.51601E-2 1.93529E-2 1.25431E-2 1.01529E-2 1.70867E-2 1.69212E-2 2.51857E-2 2.66428E-2 2.92247E-2 3.64216E-2 3.10818E-2 2.7872E-2 3.13881E-2 3.49524E-2 3.73523E-2 4.20317E-2 2.4237E-2 1.0999E-2 9.86893E-3 9.18121E-3 8.44546E-3 8.09178E-3 8.97101E-3 9.52467E-3 8.81043E-3 6.64656E-3 6.24281E-3 7.35987E-3 7.94389E-3 7.23057E-3 -9999 4.36037E-3 3.53984E-3 3.43417E-3 2.68292E-3 2.65287E-3 2.36615E-3
-9999 -9999 -9999 -9999 -9999 -9999 -9999 4.37113E-2 4.17185E-2 2.68092E-2 3.91398E-2 3.29229E-2 4.69319E-2 2.4576E-2 1.62492E-2 2.69391E-2 2.09623E-2 1.62923E-2 1.22035E-2 7.97589E-3 1.07279E-2 1.51231E-2 1.10901E-2 1.36012E-2 1.08759E-2 2.07278E-2 2.71808E-2 1.45242E-2 2.4333E-2 2.8273E-2 2.90604E-2 3.32033E-2 3.60593E-2 4.50233E-2 4.75157E-2 5.19358E-2 2.31246E-2 3.67278E-2 2.81732E-2 4.64349E-2 1.94274E-2 1.20635E-2 1.0813E-2 1.05013E-2 1.07303E-2 9.84948E-3 9.24113E-3 8.87759E-3 8.99446E-3 9.38487E-3 8.31248E-3 8.59054E-3 -9999 -9999 -9999 -9999 -9999 -9999 -9999 -9999 -9999
-9999 -9999 -9999 -9999 -9999 -9999 5.92927E-2 7.21731E-2 4.78806E-2 4.04941E-2 5.33089E-2 4.16984E-2 4.55071E-2 4.8575E-2 3.71964E-2 1.63369E-2 2.87825E-2 2.52545E-2 2.9396E-2 9.22913E-3 9.08002E-3 8.21842E-3 4.89692E-3 7.62895E-3 8.55579E-3 1.36566E-2 2.47084E-2 2.92267E-2 2.01066E-2 1.80758E-2 2.27611E-2 2.23869E-2 3.8851E-2 6.39339E-2 5.77032E-2 2.50896E-2 4.93627E-2 3.29605E-2 5.20376E-2 5.00693E-2 1.55235E-2 2.55347E-2 1.68341E-2 1.43681E-2 1.26202E-2 1.09829E-2 1.01704E-2 9.63204E-3 8.77047E-3 8.88758E-3 1.00831E-2 1.05626E-2 8.67675E-3 7.98885E-3 -9999 -9999 -9999 -9999 -9999 -9999 -9999
-9999 -9999 -9999 -9999 -9999 -9999 7.19113E-2 6.21869E-2 3.65961E-2 3.72467E-2 4.15857E-2 2.84448E-2 4.83822E-2 3.49124E-2 2.79534E-2 4.0118E-2 4.6027E-2 4.76128E-2 3.51823E-2 2.49497E-2 9.07918E-3 8.3778E-3 5.13391E-3 6.75071E-3 5.99556E-3 1.29748E-2 1.3866E-2 1.89182E-2 2.90945E-2 1.6029E-2 3.50909E-2 3.09578E-2 4.30664E-2 2.83252E-2 2.74149E-2 3.83054E-2 4.85652E-2 5.0605E-2 3.31866E-2 3.46488E-2 2.3578E-2 2.86314E-2 1.85413E-2 1.84862E-2 1.978E-2 1.85423E-2 1.71532E-2 1.24921E-2 1.02889E-2 8.59638E-3 8.65349E-3 6.33187E-3 5.48259E-3 4.95306E-3 4.48144E-3 4.69829E-3 3.99088E-3 3.36767E-3 3.53439E-3 3.43069E-3 3.08279E-3
-9999 -9999 -9999 -9999 -9999 5.17104E-2 5.00163E-2 4.26653E-2 3.20268E-2 5.11925E-2 5.70269E-2 5.47458E-2 4.05862E-2 4.38374E-2 2.9159E-2 2.80436E-2 4.23153E-2 6.22187E-2 3.65301E-2 3.10757E-2 2.5146E-2 2.02555E-2 1.06623E-2 1.04072E-2 1.39952E-2 8.6395E-3 6.46692E-3 6.02807E-3 2.09431E-2 2.38671E-2 1.50545E-2 3.87069E-2 5.28111E-2 5.38824E-2 3.24391E-2 3.32157E-2 5.07363E-2 -9999 -9999 2.21804E-2 -9999 -9999 -9999 3.96133E-2 2.7549E-2 1.82385E-2 1.35947E-2 1.00294E-2 8.40826E-3 9.33585E-3 8.40632E-3 5.30304E-3 4.5096E-3 4.0086E-3 3.91194E-3 3.9719E-3 2.70121E-3 2.7044E-3 2.48055E-3 2.78156E-3 3.05956E-3
-9999 -9999 -9999 -9999 9.709E-3 1.96941E-2 3.00309E-2 3.15957E-2 3.54785E-2 4.91718E-2 5.74934E-2 5.82284E-2 4.10002E-2 3.33368E-2 4.45861E-2 5.48099E-2 5.90767E-2 4.96036E-2 4.0886E-2 4.758E-2 4.81552E-2 2.96017E-2 2.2025E-2 1.80612E-2 1.25798E-2 8.76743E-3 8.71915E-3 6.25023E-3 6.78292E-3 1.02976E-2 3.28116E-2 4.32471E-2 5.22173E-2 5.89248E-2 1.24776E-2 4.72758E-2 4.92156E-2 5.63728E-2 8.84153E-2 5.02376E-2 8.56457E-2 -9999 2.98202E-2 4.27053E-2 2.28986E-2 1.57588E-2 1.69184E-2 1.84908E-2 1.2558E-2 1.32745E-2 9.4044E-3 5.01485E-3 4.81989E-3 4.16056E-3 3.50262E-3 2.50092E-3 2.07339E-3 2.24031E-3 1.90474E-3 2.12924E-3 2.88955E-3
-9999 -9999 -9999 3.21376E-2 7.07919E-2 5.39844E-2 4.48639E-2 3.88924E-2 4.84348E-2 8.76629E-2 5.89123E-2 7.08303E-2 6.40963E-2 3.92617E-2 5.11739E-2 3.74643E-2 4.91457E-2 5.13017E-2 6.40919E-2 7.45799E-2 4.08924E-2 1.63724E-2 1.42001E-2 2.10497E-2 8.58303E-3 6.56925E-3 7.72084E-3 8.42226E-3 8.53507E-3 5.69225E-3 2.06819E-2 5.77747E-2 5.13129E-2 4.3667E-2 3.36662E-2 5.49358E-2 6.16367E-2 5.04329E-2 5.0905E-2 3.88613E-2 6.85339E-2 4.26519E-2 -9999 -9999 1.85162E-2 2.08877E-2 5.25455E-2 4.46315E-2 1.94509E-2 1.164E-2 1.47893E-2 7.56849E-3 4.76158E-3 4.3779E-3 3.29633E-3 2.31767E-3 2.15065E-3 2.04683E-3 1.96173E-3 1.90695E-3 2.76473E-3
-9999 -9999 -9999 3.09363E-3 5.37575E-2 7.53863E-2 5.92355E-2 6.86891E-2 6.80721E-2 6.77403E-2 4.50449E-2 7.49857E-2 5.37772E-2 5.11999E-2 4.2063E-2 2.73642E-2 4.95425E-2 5.09799E-2 5.99949E-2 3.37429E-2 2.29913E-2 1.4013E-2 7.62478E-3 1.01953E-2 1.25487E-2 9.61978E-3 8.9798E-3 1.62913E-2 8.5512E-3 1.08108E-2 1.51923E-2 3.97622E-2 3.37531E-2 3.64595E-2 3.12126E-2 4.59507E-2 6.06315E-2 7.08062E-2 3.93622E-2 2.28636E-2 -9999 -9999 -9999 -9999 -9999 6.72079E-2 7.88971E-2 4.00464E-2 1.7289E-2 1.29139E-2 1.1473E-2 1.72265E-2 5.14907E-3 4.6234E-3 2.88463E-3 2.09143E-3 2.18016E-3 2.17442E-3 2.45204E-3 3.03001E-3 4.00681E-3
