Final_Models_Sept202022/M_0.1_F_lqp_Set_1/Bison_median.asc
ncols         97
nrows         127
xllcorner     -2197417.7431653
yllcorner     -584827.01486885
cellsize      30000.0
NODATA_value  -9999
[rows 0 to 26 of 127, columns 0 to 60 of 97]
-9999 -9999 -9999 -9999 -9999 -9999 -9999 -9999 -9999 -9999 -9999 -9999 -9999 -9999 -9999 -9999 -9999 -9999 -9999 -9999 -9999 -9999 -9999 -9999 -9999 -9999 -9999 -9999 -9999 -9999 -9999 -9999 -9999 -9999 -9999 -9999 -9999 -9999 -9999 -9999 -9999 -9999 -9999 -9999 -9999 -9999 -9999 -9999 -9999 -9999 -9999 -9999 -9999 -9999 -9999 -9999 -9999 -9999 -9999 -9999 -9999
-9999 -9999 -9999 -9999 -9999 -9999 -9999 -9999 -9999 -9999 -9999 -9999 -9999 -9999 -9999 -9999 -9999 -9999 -9999 -9999 -9999 -9999 -9999 -9999 -9999 -9999 -9999 -9999 -9999 -9999 -9999 -9999 -9999 -9999 -9999 -9999 -9999 -9999 -9999 -9999 -9999 -9999 -9999 -9999 -9999 -9999 -9999 -9999 -9999 -9999 -9999 -9999 -9999 -9999 -9999 -9999 -9999 -9999 -9999 -9999 -9999
-9999 -9999 -9999 -9999 -9999 -9999 -9999 -9999 -9999 -9999 -9999 -9999 -9999 -9999 -9999 -9999 -9999 -9999 -9999 -9999 -9999 -9999 -9999 -9999 -9999 -9999 -9999 -9999 -9999 -9999 -9999 -9999 -9999 -9999 -9999 -9999 -9999 -9999 -9999 -9999 -9999 -9999 -9999 -9999 -9999 -9999 -9999 -9999 -9999 -9999 -9999 -9999 -9999 -9999 -9999 -9999 -9999 -9999 -9999 -9999 -9999
-9999 -9999 -9999 -9999 -9999 -9999 -9999 -9999 -9999 -9999 -9999 -9999 -9999 -9999 -9999 -9999 -9999 -9999 -9999 2.80746E-2 1.89079E-2 1.02509E-2 2.06443E-2 -9999 -9999 -9999 -9999 -9999 -9999 -9999 -9999 -9999 -9999 -9999 -9999 -9999 -9999 -9999 -9999 -9999 -9999 -9999 -9999 -9999 -9999 -9999 -9999 -9999 -9999 -9999 -9999 -9999 -9999 -9999 -9999 -9999 -9999 -9999 -9999 -9999 -9999
-9999 -9999 -9999 -9999 -9999 -9999 -9999 -9999 -9999 -9999 -9999 -9999 -9999 -9999 -9999 -9999 -9999 -9999 3.12215E-2 2.75047E-2 2.89445E-2 3.06562E-2 1.94052E-2 1.92464E-2 1.40369E-2 -9999 -9999 -9999 -9999 -9999 -9999 -9999 -9999 -9999 -9999 -9999 -9999 -9999 -9999 -9999 -9999 -9999 -9999 -9999 -9999 -9999 -9999 -9999 -9999 -9999 -9999 -9999 -9999 -9999 -9999 -9999 -9999 -9999 -9999 -9999 -9999
-9999 -9999 -9999 -9999 -9999 -9999 -9999 -9999 -9999 -9999 -9999 -9999 -9999 -9999 -9999 -9999 -9999 -9999 2.54509E-2 2.22542E-2 2.24884E-2 2.57601E-2 2.28165E-2 1.40235E-2 1.24135E-2 -9999 -9999 -9999 -9999 -9999 -9999 -9999 -9999 -9999 -9999 -9999 -9999 -9999 -9999 -9999 -9999 -9999 -9999 -9999 -9999 -9999 -9999 -9999 -9999 -9999 -9999 -9999 -9999 -9999 -9999 -9999 -9999 -9999 -9999 -9999 -9999
-9999 -9999 -9999 -9999 -9999 -9999 -9999 -9999 -9999 -9999 -9999 -9999 -9999 -9999 -9999 -9999 -9999 2.07702E-2 2.30547E-2 8.3459E-3 9.12503E-3 1.32863E-2 1.67677E-2 1.27821E-2 1.03199E-2 9.49305E-3 -9999 1.43066E-2 1.32896E-2 1.42887E-2 -9999 -9999 -9999 -9999 -9999 -9999 -9999 -9999 8.83138E-3 -9999 -9999 -9999 -9999 -9999 -9999 -9999 -9999 -9999 -9999 -9999 -9999 -9999 -9999 -9999 -9999 -9999 -9999 -9999 -9999 -9999 -9999
-9999 -9999 -9999 -9999 -9999 -9999 -9999 -9999 -9999 -9999 -9999 -9999 -9999 -9999 -9999 -9999 2.16041E-2 2.63401E-2 7.67016E-3 5.00296E-3 4.94303E-3 5.85353E-3 9.7279E-3 1.21546E-2 1.19314E-2 1.03511E-2 1.43058E-2 1.33355E-2 1.24024E-2 1.24016E-2 1.26542E-2 1.31339E-2 1.14297E-2 1.10559E-2 1.14238E-2 1.15839E-2 1.11885E-2 -9999 7.98676E-3 7.24028E-3 -9999 -9999 -9999 -9999 -9999 -9999 -9999 -9999 -9999 -9999 -9999 -9999 -9999 -9999 -9999 -9999 -9999 -9999 -9999 -9999 -9999
-9999 -9999 -9999 -9999 -9999 -9999 -9999 -9999 -9999 -9999 -9999 -9999 -9999 -9999 -9999 2.89857E-2 3.54006E-2 1.95178E-2 5.77711E-3 3.84664E-3 3.06129E-3 3.67031E-3 7.24419E-3 1.21815E-2 1.29742E-2 1.1662E-2 2.11512E-2 2.29726E-2 1.26169E-2 1.05809E-2 1.09191E-2 1.07191E-2 1.0619E-2 1.03947E-2 1.15115E-2 1.54457E-2 1.31038E-2 1.21567E-2 8.40316E-3 7.91919E-3 -9999 -9999 -9999 -9999 -9999 -9999 -9999 -9999 -9999 -9999 -9999 -9999 -9999 -9999 -9999 -9999 -9999 -9999 -9999 -9999 -9999
-9999 -9999 -9999 -9999 -9999 -9999 -9999 -9999 -9999 -9999 -9999 -9999 -9999 -9999 -9999 4.19409E-2 3.49637E-2 1.59314E-2 5.03476E-3 5.55509E-3 6.9353E-3 8.06335E-3 8.89056E-3 1.04043E-2 1.42292E-2 1.15906E-2 2.06273E-2 1.97771E-2 1.06307E-2 1.11802E-2 1.52638E-2 1.345E-2 1.38274E-2 1.7372E-2 1.44181E-2 1.81753E-2 2.01801E-2 1.59605E-2 1.11881E-2 -9999 -9999 -9999 6.38848E-3 -9999 -9999 -9999 -9999 -9999 -9999 -9999 -9999 -9999 -9999 -9999 -9999 -9999 -9999 -9999 -9999 -9999 -9999
-9999 -9999 -9999 -9999 -9999 -9999 -9999 -9999 -9999 -9999 -9999 -9999 -9999 -9999 2.26017E-2 3.47155E-2 2.85283E-2 1.72536E-2 1.31953E-2 8.02853E-3 9.19284E-3 9.54909E-3 1.25259E-2 1.26112E-2 1.13846E-2 1.90992E-2 2.27714E-2 1.81278E-2 1.93515E-2 1.19504E-2 2.06296E-2 1.47307E-2 1.28195E-2 2.10256E-2 2.77299E-2 2.31708E-2 2.39414E-2 1.66658E-2 1.06989E-2 -9999 -9999 6.72734E-3 -9999 -9999 -9999 -9999 -9999 -9999 -9999 -9999 -9999 -9999 -9999 -9999 -9999 -9999 -9999 -9999 -9999 -9999 -9999
-9999 -9999 -9999 -9999 -9999 -9999 -9999 -9999 -9999 -9999 -9999 -9999 -9999 1.90308E-2 3.62779E-2 3.68843E-2 3.2205E-2 1.62826E-2 1.30479E-2 8.19701E-3 1.04487E-2 1.31829E-2 1.71287E-2 1.74956E-2 1.55877E-2 2.04646E-2 2.00571E-2 1.9487E-2 1.02809E-2 9.55753E-3 1.03594E-2 1.50638E-2 1.59952E-2 2.48714E-2 2.89391E-2 2.66724E-2 2.67572E-2 1.44643E-2 1.04523E-2 7.21993E-3 6.55304E-3 6.80701E-3 -9999 9.40937E-3 9.8471E-3 -9999 -9999 -9999 -9999 -9999 -9999 -9999 -9999 -9999 -9999 -9999 -9999 -9999 -9999 -9999 -9999
-9999 -9999 -9999 -9999 -9999 -9999 -9999 -9999 -9999 -9999 -9999 -9999 -9999 3.91125E-2 3.50334E-2 2.51166E-2 2.07775E-2 1.48075E-2 1.79572E-2 2.8065E-3 6.31245E-3 9.03921E-3 1.45862E-2 1.2999E-2 1.16881E-2 1.56624E-2 1.64026E-2 1.16526E-2 1.11701E-2 1.00662E-2 1.45172E-2 1.61002E-2 2.12545E-2 2.07311E-2 2.54469E-2 2.975E-2 1.47964E-2 1.32053E-2 8.41038E-3 6.00832E-3 6.00756E-3 9.65733E-3 9.56675E-3 9.80676E-3 9.53673E-3 1.19044E-2 -9999 -9999 -9999 -9999 -9999 -9999 -9999 -9999 -9999 -9999 -9999 -9999 -9999 -9999 -9999
-9999 -9999 -9999 -9999 -9999 -9999 -9999 -9999 -9999 -9999 -9999 -9999 4.95248E-2 4.55602E-2 3.36073E-2 2.2716E-2 1.66515E-2 1.29275E-2 1.67636E-2 8.2651E-3 6.92253E-3 1.05985E-2 1.25828E-2 1.25646E-2 1.15662E-2 8.12624E-3 1.30959E-2 7.03497E-3 2.19443E-2 2.57181E-2 1.98984E-2 1.27789E-2 1.13106E-2 1.6371E-2 1.61923E-2 1.85683E-2 1.03457E-2 1.05351E-2 9.53778E-3 6.24975E-3 5.59016E-3 6.07542E-3 8.7808E-3 9.729E-3 1.033E-2 1.07457E-2 1.22939E-2 -9999 -9999 -9999 3.87439E-3 3.01504E-3 -9999 -9999 -9999 -9999 -9999 -9999 -9999 -9999 -9999
-9999 -9999 -9999 -9999 -9999 -9999 -9999 -9999 -9999 -9999 -9999 2.97391E-2 2.50175E-2 3.44635E-2 1.97986E-2 1.61658E-2 8.62753E-3 5.84908E-3 9.66594E-3 1.13507E-2 1.075E-2 1.85764E-2 1.82815E-2 1.50754E-2 6.59084E-3 5.68431E-3 1.67048E-2 1.91793E-2 1.51756E-2 1.33218E-2 1.30339E-2 1.28853E-2 9.19753E-3 8.98629E-3 1.98458E-2 2.19504E-2 2.0602E-2 1.59577E-2 1.1748E-2 7.2271E-3 6.43464E-3 6.54182E-3 7.54541E-3 8.11169E-3 8.10034E-3 9.00655E-3 9.48984E-3 8.82889E-3 -9999 -9999 -9999 3.71549E-3 3.1096E-3 -9999 -9999 -9999 -9999 -9999 -9999 -9999 -9999
-9999 -9999 -9999 -9999 -9999 -9999 -9999 -9999 -9999 -9999 -9999 3.02084E-2 1.37378E-2 1.22906E-2 9.00724E-3 4.38159E-3 4.46188E-3 6.29732E-3 5.39932E-3 8.53606E-3 1.4163E-2 1.69551E-2 1.86697E-2 1.6551E-2 5.11134E-3 6.57448E-3 1.53829E-2 2.78174E-2 3.24996E-2 2.63583E-2 1.28512E-2 1.06239E-2 8.1988E-3 8.62737E-3 1.87437E-2 1.96742E-2 1.69508E-2 1.31078E-2 9.86625E-3 7.34166E-3 7.39628E-3 7.34016E-3 7.67175E-3 9.43747E-3 7.05394E-3 7.77758E-3 6.92111E-3 6.79653E-3 7.64064E-3 -9999 -9999 4.20712E-3 3.86931E-3 3.62885E-3 3.66374E-3 -9999 -9999 -9999 -9999 -9999 -9999
-9999 -9999 -9999 -9999 -9999 -9999 -9999 -9999 -9999 -9999 2.74408E-2 2.67577E-2 2.70144E-2 9.87358E-3 4.45836E-3 3.91481E-3 4.68612E-3 4.94319E-3 6.75058E-3 6.37366E-3 2.30185E-2 1.74439E-2 1.03227E-2 1.75619E-2 7.6179E-3 9.0085E-3 8.88858E-3 1.10683E-2 2.54691E-2 1.26381E-2 1.54354E-2 9.59269E-3 1.86117E-2 1.42272E-2 2.2582E-2 2.52503E-2 2.45781E-2 2.15355E-2 2.23306E-2 1.01716E-2 7.92193E-3 7.76492E-3 8.41114E-3 8.3838E-3 7.24772E-3 6.41881E-3 5.80654E-3 6.3516E-3 7.08582E-3 6.30627E-3 5.77364E-3 6.99864E-3 -9999 -9999 3.92311E-3 3.73331E-3 -9999 -9999 -9999 -9999 -9999
-9999 -9999 -9999 -9999 -9999 -9999 -9999 -9999 -9999 4.37103E-2 2.45152E-2 2.59137E-2 1.25089E-2 7.62443E-3 5.04985E-3 5.12138E-3 4.54285E-3 5.45264E-3 5.37713E-3 1.10597E-2 2.15925E-2 2.02981E-2 1.11344E-2 1.31733E-2 6.63787E-3 9.13749E-3 1.02303E-2 8.53436E-3 1.10233E-2 1.61591E-2 2.61482E-2 1.50234E-2 1.4336E-2 2.35555E-2 2.38975E-2 2.22676E-2 2.36894E-2 3.60793E-2 3.72736E-2 2.81617E-2 8.86745E-3 8.34806E-3 8.41319E-3 8.84041E-3 7.58588E-3 5.97059E-3 5.79031E-3 6.54145E-3 6.72737E-3 5.62032E-3 5.87343E-3 6.50148E-3 6.18264E-3 -9999 3.88197E-3 3.71883E-3 3.45476E-3 3.06931E-3 -9999 -9999 -9999
-9999 -9999 -9999 -9999 -9999 -9999 -9999 -9999 2.51666E-2 3.17439E-2 3.37435E-2 1.84286E-2 8.58987E-3 1.11356E-2 1.71629E-2 1.29636E-2 8.0174E-3 1.04678E-2 8.75413E-3 1.02871E-2 1.55109E-2 1.64143E-2 2.17101E-2 1.71792E-2 8.68118E-3 9.74129E-3 8.23509E-3 7.64997E-3 8.5526E-3 7.57686E-3 1.87539E-2 2.00249E-2 2.19589E-2 2.82251E-2 2.79589E-2 2.18774E-2 2.50668E-2 3.77386E-2 4.21131E-2 5.86665E-2 1.94558E-2 1.04731E-2 8.85176E-3 8.82905E-3 7.48439E-3 6.1214E-3 6.78643E-3 7.8327E-3 6.84062E-3 5.76714E-3 5.92344E-3 6.52813E-3 6.79599E-3 6.83826E-3 4.23829E-3 3.77625E-3 3.13688E-3 2.96015E-3 3.08375E-3 3.05207E-3 3.20764E-3
-9999 -9999 -9999 -9999 -9999 -9999 -9999 -9999 1.96407E-2 1.35782E-2 2.74699E-2 2.16272E-2 2.08849E-2 1.5954E-2 2.24492E-2 3.83686E-2 1.90039E-2 1.45003E-2 1.34127E-2 1.15131E-2 1.31304E-2 1.46533E-2 1.34251E-2 1.78629E-2 1.15955E-2 1.55981E-2 1.05095E-2 8.66934E-3 1.4076E-2 1.42451E-2 2.16927E-2 2.34337E-2 2.69035E-2 3.33319E-2 2.89266E-2 2.7872E-2 3.13861E-2 3.55898E-2 3.76652E-2 4.56779E-2 2.74429E-2 1.0999E-2 9.86893E-3 9.18121E-3 8.44546E-3 8.09178E-3 8.97101E-3 9.52467E-3 8.81043E-3 6.64656E-3 6.24281E-3 7.35987E-3 7.94389E-3 7.23057E-3 -9999 4.37438E-3 3.7724E-3 4.22186E-3 3.55948E-3 3.60021E-3 3.14903E-3
-9999 -9999 -9999 -9999 -9999 -9999 -9999 3.86095E-2 3.95598E-2 2.68092E-2 3.72948E-2 2.89724E-2 3.46467E-2 2.40282E-2 2.10585E-2 3.17369E-2 2.31007E-2 2.21354E-2 1.73609E-2 1.20664E-2 1.41883E-2 1.66788E-2 1.20778E-2 1.42881E-2 9.13944E-3 1.81442E-2 2.41733E-2 1.31561E-2 1.7296E-2 2.00093E-2 2.2308E-2 2.58657E-2 3.11029E-2 4.2756E-2 4.53336E-2 5.2155E-2 2.29701E-2 3.67278E-2 2.81732E-2 4.89213E-2 2.09864E-2 1.20635E-2 1.0813E-2 1.05013E-2 1.07303E-2 9.84948E-3 9.24113E-3 8.87759E-3 8.99446E-3 9.45713E-3 8.31248E-3 8.59054E-3 -9999 -9999 -9999 -9999 -9999 -9999 -9999 -9999 -9999
-9999 -9999 -9999 -9999 -9999 -9999 4.60061E-2 6.76203E-2 4.72113E-2 3.84658E-2 4.87584E-2 4.16984E-2 3.76763E-2 4.21055E-2 3.67129E-2 1.91439E-2 2.92899E-2 3.21555E-2 3.39615E-2 1.60113E-2 1.53287E-2 1.11271E-2 7.8987E-3 1.30007E-2 1.0571E-2 1.18169E-2 2.11824E-2 2.36921E-2 1.38345E-2 1.30623E-2 1.59191E-2 1.78278E-2 3.38435E-2 6.05968E-2 5.46315E-2 2.50896E-2 4.889E-2 3.27612E-2 5.49207E-2 5.59846E-2 1.55235E-2 2.67456E-2 1.68341E-2 1.46489E-2 1.26202E-2 1.09829E-2 1.01704E-2 9.71241E-3 9.20383E-3 9.16315E-3 1.04624E-2 1.08201E-2 9.239E-3 9.11948E-3 -9999 -9999 -9999 -9999 -9999 -9999 -9999
-9999 -9999 -9999 -9999 -9999 -9999 5.61687E-2 5.01819E-2 3.55807E-2 3.55445E-2 3.76096E-2 2.93216E-2 3.99269E-2 2.54251E-2 2.45327E-2 3.54529E-2 4.0166E-2 4.71977E-2 3.47693E-2 3.11957E-2 1.559E-2 1.41093E-2 8.7167E-3 1.14408E-2 1.04754E-2 1.67586E-2 1.37828E-2 1.62957E-2 2.16301E-2 1.19436E-2 2.74872E-2 2.79567E-2 4.30664E-2 2.60536E-2 2.66883E-2 3.6991E-2 4.83411E-2 5.1813E-2 3.38746E-2 3.85846E-2 2.69897E-2 3.15934E-2 1.91071E-2 1.86597E-2 2.10359E-2 2.00035E-2 1.89353E-2 1.37198E-2 1.17301E-2 8.98488E-3 9.26581E-3 6.33187E-3 5.48259E-3 5.25686E-3 5.04712E-3 6.08348E-3 5.37973E-3 4.51207E-3 4.68816E-3 4.72713E-3 3.85215E-3
-9999 -9999 -9999 -9999 -9999 4.0735E-2 4.55964E-2 4.24342E-2 3.05031E-2 5.11925E-2 5.36729E-2 4.69929E-2 3.28518E-2 3.27788E-2 2.5318E-2 2.5007E-2 3.40194E-2 4.97437E-2 3.37938E-2 3.25108E-2 3.37844E-2 2.85615E-2 1.68416E-2 1.74131E-2 2.03289E-2 1.43589E-2 1.04692E-2 8.02898E-3 2.07824E-2 1.96399E-2 1.15876E-2 3.26105E-2 4.67029E-2 5.10277E-2 3.06943E-2 3.32157E-2 4.86368E-2 -9999 -9999 2.65002E-2 -9999 -9999 -9999 4.76262E-2 3.17948E-2 1.98977E-2 1.45436E-2 1.11491E-2 9.27593E-3 1.03008E-2 9.17807E-3 5.47799E-3 4.75904E-3 4.3603E-3 4.68033E-3 5.33744E-3 3.24561E-3 3.64347E-3 3.38562E-3 3.69017E-3 3.86497E-3
-9999 -9999 -9999 -9999 1.33242E-2 2.24752E-2 2.61598E-2 2.82096E-2 3.54785E-2 5.05735E-2 5.93094E-2 5.82284E-2 3.62634E-2 2.69682E-2 3.52773E-2 4.79378E-2 4.62667E-2 4.01222E-2 3.6931E-2 4.25888E-2 5.13864E-2 3.35586E-2 2.64849E-2 2.64136E-2 1.86351E-2 1.56975E-2 1.26973E-2 1.01995E-2 9.72998E-3 1.04719E-2 2.57142E-2 3.69073E-2 5.07537E-2 5.57176E-2 1.24776E-2 4.31425E-2 4.63544E-2 5.64202E-2 1.03411E-1 5.33811E-2 1.01967E-1 -9999 3.0474E-2 5.10373E-2 2.52613E-2 1.57588E-2 1.69416E-2 2.01872E-2 1.39531E-2 1.52147E-2 1.08778E-2 5.05694E-3 5.23526E-3 4.64403E-3 4.11023E-3 3.03117E-3 2.51244E-3 2.87546E-3 2.46473E-3 2.91806E-3 3.85493E-3
-9999 -9999 -9999 3.23768E-2 6.34782E-2 5.81533E-2 4.48639E-2 3.6083E-2 4.51693E-2 1.06466E-1 6.66965E-2 7.77412E-2 6.06445E-2 3.24903E-2 4.35886E-2 3.1133E-2 3.9167E-2 4.26751E-2 6.08521E-2 6.34866E-2 3.73371E-2 1.46081E-2 2.04314E-2 2.30608E-2 1.0631E-2 1.13404E-2 1.25999E-2 1.24258E-2 1.27157E-2 7.69087E-3 2.0767E-2 4.64424E-2 4.62252E-2 3.73917E-2 3.04333E-2 4.91929E-2 5.69253E-2 4.87897E-2 5.11725E-2 4.12899E-2 7.74787E-2 4.77077E-2 -9999 -9999 1.85162E-2 2.08877E-2 7.12344E-2 5.54682E-2 2.28036E-2 1.31339E-2 1.70089E-2 8.67975E-3 5.28555E-3 5.09104E-3 3.9725E-3 2.78187E-3 2.67993E-3 2.62E-3 2.69141E-3 2.72419E-3 3.78495E-3
-9999 -9999 -9999 3.09363E-3 4.31945E-2 7.15868E-2 6.19561E-2 6.86891E-2 8.16161E-2 7.4939E-2 4.79912E-2 7.49857E-2 5.11464E-2 4.37207E-2 4.2063E-2 2.73178E-2 3.8049E-2 3.90053E-2 4.87672E-2 2.58368E-2 1.72373E-2 1.20262E-2 7.62478E-3 1.01953E-2 1.11041E-2 1.37634E-2 1.49886E-2 2.29118E-2 1.20002E-2 1.20495E-2 1.78884E-2 3.39266E-2 2.36369E-2 3.19359E-2 2.49913E-2 4.15692E-2 5.50552E-2 7.08062E-2 3.93622E-2 2.28636E-2 -9999 -9999 -9999 -9999 -9999 1.14454E-1 1.06442E-1 4.81952E-2 2.01348E-2 1.43927E-2 1.33127E-2 2.13215E-2 6.22519E-3 5.68585E-3 3.52761E-3 2.55555E-3 2.75445E-3 2.79482E-3 3.47425E-3 4.32219E-3 6.34544E-3
