Final_Models_Sept202022/M_0.1_F_lqp_Set_1/Bison_2.asc
ncols         97
nrows         127
xllcorner     -2197417.7431653
yllcorner     -584827.01486885
cellsize      30000.0
NODATA_value  -9999
[rows 81 to 107 of 127, columns 0 to 60 of 97]
-9999 -9999 -9999 -9999 -9999 -9999 -9999 -9999 -9999 -9999 -9999 1.82315E-2 1.12445E-3 2.68511E-4 2.85604E-3 3.67736E-3 2.61411E-3 1.32464E-4 1.41077E-4 2.71629E-3 5.46417E-4 7.95375E-3 5.19911E-3 5.03294E-2 1.93659E-1 3.31345E-1 1.23746E-1 7.96035E-2 6.55746E-2 6.24206E-3 2.92972E-3 4.23119E-4 1.32549E-3 1.01759E-2 2.90627E-2 6.4422E-2 1.11796E-1 4.74173E-1 7.14696E-1 8.02773E-1 8.68051E-1 7.39276E-1 7.21182E-1 7.88803E-1 7.075E-1 4.8166E-1 3.82044E-1 3.33767E-1 4.00792E-1 4.7072E-1 5.33159E-1 6.78537E-1 7.06918E-1 6.67505E-1 6.68661E-1 4.51859E-1 6.02779E-1 6.14845E-1 5.63586E-1 5.15398E-1 5.03827E-1
-9999 -9999 -9999 -9999 -9999 -9999 -9999 -9999 -9999 -9999 -9999 -9999 1.10904E-2 2.7096E-4 8.8159E-4 3.69661E-3 3.05028E-3 9.26041E-3 5.89568E-4 1.78882E-4 2.64748E-4 2.11486E-4 3.37328E-4 8.48496E-3 2.5005E-1 2.95506E-1 4.70222E-2 7.41662E-2 9.43592E-2 1.32327E-2 2.67252E-3 2.02108E-3 7.3694E-4 5.72397E-3 3.86999E-2 1.42704E-1 1.35197E-1 1.62008E-1 4.82136E-1 7.0235E-1 7.89092E-1 7.43162E-1 7.30303E-1 7.56752E-1 6.86091E-1 4.59667E-1 3.24046E-1 4.14963E-1 4.84601E-1 6.5352E-1 6.52028E-1 6.86131E-1 7.26056E-1 6.7314E-1 6.19141E-1 6.36824E-1 6.07814E-1 5.21243E-1 5.21957E-1 4.30159E-1 5.5937E-1
-9999 -9999 -9999 -9999 -9999 -9999 -9999 -9999 -9999 -9999 -9999 -9999 -9999 4.78271E-3 5.76683E-5 3.8126E-4 2.66776E-4 6.10179E-3 5.84599E-2 7.09762E-3 8.54823E-4 1.26441E-3 5.81762E-5 2.08476E-3 5.60737E-2 3.24747E-2 2.82063E-2 8.43986E-2 1.28713E-2 1.07981E-2 3.71661E-3 2.33309E-3 1.51701E-4 3.30232E-3 1.01868E-2 2.5894E-1 1.25816E-1 1.32102E-1 2.53546E-1 7.05877E-1 8.02086E-1 7.77563E-1 7.41452E-1 6.97646E-1 6.41772E-1 4.0737E-1 4.05732E-1 4.2458E-1 4.92153E-1 6.17075E-1 6.52978E-1 6.66775E-1 7.36144E-1 7.15054E-1 6.70751E-1 6.44358E-1 6.7954E-1 6.27327E-1 5.02223E-1 5.00687E-1 5.058E-1
-9999 -9999 -9999 -9999 -9999 -9999 -9999 -9999 -9999 -9999 -9999 -9999 -9999 5.06052E-3 2.99981E-4 5.55451E-4 1.86116E-3 -9999 4.24297E-3 2.28311E-2 7.24973E-2 8.75454E-3 1.41826E-4 1.47533E-3 1.1951E-1 5.07252E-2 8.33004E-2 6.16297E-2 2.33384E-2 6.21174E-3 1.08489E-2 1.52509E-3 8.24687E-4 3.61893E-3 1.10481E-2 1.09207E-1 7.91811E-2 9.91964E-2 1.51128E-1 5.44867E-1 6.9229E-1 7.20939E-1 7.32109E-1 5.64533E-1 5.92604E-1 7.07788E-1 5.99121E-1 6.32565E-1 4.60744E-1 5.51216E-1 6.40008E-1 6.17437E-1 6.21613E-1 5.78549E-1 6.22637E-1 3.98137E-1 6.19248E-1 6.69152E-1 5.32158E-1 5.69257E-1 6.48342E-1
-9999 -9999 -9999 -9999 -9999 -9999 -9999 -9999 -9999 -9999 -9999 -9999 -9999 6.08751E-3 1.46793E-3 2.84532E-4 1.72105E-3 -9999 2.95541E-2 1.58915E-1 2.02202E-2 3.70564E-4 2.28512E-5 2.73484E-3 3.03215E-2 4.55846E-2 1.26037E-1 3.54542E-2 2.01887E-2 9.68408E-3 2.37464E-3 5.80007E-4 2.31525E-3 6.55606E-3 9.91637E-3 8.53103E-2 8.66164E-2 1.00094E-1 2.43228E-1 2.97857E-1 5.32803E-1 6.73727E-1 7.26809E-1 6.57355E-1 5.48611E-1 7.02029E-1 5.04501E-1 4.21227E-1 4.60645E-1 6.87451E-1 6.67869E-1 4.87609E-1 6.2435E-1 7.20216E-1 6.29836E-1 5.35052E-1 6.81951E-1 5.21283E-1 5.47758E-1 5.36459E-1 5.07764E-1
-9999 -9999 -9999 -9999 -9999 -9999 -9999 -9999 -9999 -9999 -9999 -9999 -9999 2.62527E-3 4.11721E-3 6.66787E-4 4.08925E-4 -9999 1.52123E-3 2.71936E-2 3.82986E-3 1.49423E-4 2.0223E-4 6.96502E-4 2.77E-2 9.39839E-2 2.23128E-1 5.47318E-2 2.14186E-2 4.41561E-3 9.99671E-3 2.22084E-3 2.37619E-3 3.93492E-3 1.09784E-2 2.01563E-1 2.19575E-2 9.50427E-2 1.45515E-1 3.99674E-1 4.72127E-1 6.50576E-1 6.83117E-1 6.84472E-1 6.81801E-1 6.03377E-1 4.55182E-1 5.14894E-1 5.49972E-1 7.02708E-1 6.25777E-1 3.45409E-1 5.12112E-1 7.14828E-1 6.91356E-1 6.63079E-1 6.67543E-1 3.78676E-1 4.70896E-1 5.64381E-1 6.46374E-1
-9999 -9999 -9999 -9999 -9999 -9999 -9999 -9999 -9999 -9999 -9999 -9999 -9999 2.51525E-3 1.04163E-3 2.55978E-4 9.01397E-3 -9999 4.10273E-3 2.97609E-2 3.95816E-3 1.90928E-4 2.08217E-4 4.0871E-3 4.39725E-2 1.66551E-1 4.82312E-1 2.25167E-1 8.9528E-2 1.20548E-2 2.11399E-2 2.16798E-3 1.66659E-4 1.15597E-2 4.18704E-2 1.00082E-1 8.87403E-2 3.0206E-2 5.71234E-1 5.63799E-1 4.04518E-1 6.2735E-1 7.46809E-1 6.82867E-1 6.61101E-1 6.41486E-1 6.93692E-1 7.29744E-1 6.4531E-1 4.94338E-1 4.51366E-1 3.18458E-1 5.16564E-1 6.37516E-1 7.31073E-1 7.18627E-1 6.12531E-1 4.74628E-1 4.01307E-1 4.58172E-1 6.05E-1
-9999 -9999 -9999 -9999 -9999 -9999 -9999 -9999 -9999 -9999 -9999 -9999 -9999 1.27432E-3 1.88384E-3 9.94799E-5 3.3536E-4 1.45603E-3 7.58596E-4 2.16913E-2 1.08993E-3 3.03425E-5 4.95307E-4 1.72864E-2 2.18638E-1 3.83817E-1 3.60773E-1 1.48914E-1 4.11312E-2 5.63669E-2 2.40255E-2 3.03774E-3 1.92126E-3 6.09148E-2 1.28007E-2 1.57242E-2 8.31388E-2 9.12819E-3 4.57983E-2 4.52227E-1 4.84806E-1 6.77997E-1 6.69787E-1 6.72673E-1 6.81518E-1 6.73137E-1 6.13229E-1 4.78392E-1 6.68979E-1 6.68743E-1 5.49874E-1 5.08144E-1 7.25941E-1 7.15271E-1 7.1408E-1 7.16397E-1 6.76556E-1 6.50522E-1 6.6125E-1 4.29774E-1 5.34294E-1
-9999 -9999 -9999 -9999 -9999 -9999 -9999 -9999 -9999 -9999 -9999 -9999 -9999 1.15719E-3 2.75494E-3 2.42049E-4 1.04059E-3 3.45322E-4 1.87285E-4 6.55934E-3 1.25935E-3 1.24274E-4 5.31882E-4 3.96102E-2 4.43735E-1 3.86688E-1 1.60501E-1 7.89823E-2 4.1808E-2 1.8427E-1 1.16456E-2 8.90556E-3 8.28677E-3 1.20323E-1 9.15635E-3 1.59115E-2 1.18723E-1 2.69944E-3 7.31614E-3 2.35852E-2 4.25471E-1 6.24723E-1 5.75408E-1 6.94876E-1 6.80429E-1 6.69794E-1 6.88182E-1 4.58561E-1 3.17164E-1 4.28503E-1 4.95634E-1 4.04825E-1 6.87158E-1 7.13722E-1 7.24374E-1 7.05613E-1 6.52689E-1 6.83105E-1 6.64409E-1 6.7542E-1 5.27896E-1
-9999 -9999 -9999 -9999 -9999 -9999 -9999 -9999 -9999 -9999 -9999 -9999 -9999 1.12787E-3 2.1128E-3 1.84837E-3 1.73629E-4 1.66582E-4 8.03062E-5 3.54909E-2 3.57766E-4 2.7597E-4 1.44805E-2 2.79184E-1 5.79601E-1 3.25226E-1 3.36733E-1 6.37657E-2 8.84289E-2 1.37417E-1 4.45683E-2 1.64691E-2 5.08928E-2 1.2444E-2 9.74786E-3 1.46285E-2 3.78996E-2 6.48249E-3 5.29808E-2 7.57771E-3 2.65822E-1 3.0195E-1 6.77656E-1 5.46074E-1 6.70294E-1 6.84667E-1 4.58318E-1 4.52897E-1 3.99151E-1 6.05022E-1 5.56699E-1 4.70621E-1 6.90616E-1 5.82991E-1 5.66679E-1 5.92077E-1 6.16468E-1 6.23057E-1 6.51918E-1 6.40683E-1 6.06138E-1
-9999 -9999 -9999 -9999 -9999 -9999 -9999 -9999 -9999 -9999 -9999 -9999 -9999 1.2382E-3 2.00544E-3 1.32936E-3 3.98654E-4 1.07251E-4 5.13155E-3 2.89977E-2 9.63486E-4 5.72683E-4 8.7306E-2 4.8588E-1 4.02784E-1 2.83815E-1 4.91423E-1 3.71846E-1 1.22304E-1 7.73684E-2 7.76754E-2 3.57696E-2 4.87184E-2 6.49864E-3 1.67141E-3 6.62824E-2 9.07231E-2 8.34127E-2 1.62053E-1 1.33427E-2 5.02555E-2 2.93398E-1 6.32937E-1 6.88509E-1 4.29618E-1 4.21548E-1 5.44584E-1 5.36898E-1 6.06874E-1 4.70154E-1 3.70224E-1 3.9865E-1 5.55064E-1 5.83196E-1 5.34946E-1 3.42975E-1 3.62109E-1 4.2496E-1 5.63388E-1 5.7343E-1 4.68776E-1
-9999 -9999 -9999 -9999 -9999 -9999 -9999 -9999 -9999 -9999 -9999 -9999 -9999 2.82126E-3 1.48277E-3 4.03234E-3 2.5732E-3 3.34377E-3 2.20925E-2 2.06839E-3 4.92621E-3 5.29371E-2 1.03798E-1 2.06175E-1 2.24868E-1 2.35838E-1 3.75582E-1 3.81325E-1 4.95305E-1 2.68639E-1 1.17769E-1 7.01354E-2 1.03867E-2 3.41648E-3 2.63935E-3 3.94455E-2 2.27203E-1 3.06734E-1 4.58698E-1 1.60378E-2 4.54769E-2 4.60252E-1 5.18219E-1 6.67761E-1 5.25401E-1 5.87602E-1 6.18946E-1 5.84759E-1 5.66567E-1 5.49149E-1 4.27212E-1 4.48607E-1 5.68251E-1 5.47232E-1 5.32536E-1 4.30632E-1 3.46724E-1 5.33223E-1 4.83459E-1 5.83735E-1 5.45103E-1
-9999 -9999 -9999 -9999 -9999 -9999 -9999 -9999 -9999 -9999 -9999 -9999 1.8106E-3 3.14945E-3 4.83302E-3 7.45976E-3 1.23208E-2 1.54542E-2 4.10033E-3 1.53923E-4 6.60239E-3 2.82751E-1 2.60433E-1 2.99904E-1 8.55638E-2 2.06823E-1 2.98587E-1 3.70968E-1 4.30189E-1 1.75548E-1 2.15893E-1 4.47721E-2 1.02161E-2 4.44548E-3 8.49066E-3 8.52047E-3 1.46545E-1 3.78616E-1 7.92226E-2 1.46655E-2 6.90438E-3 3.84946E-1 5.56817E-1 6.46575E-1 6.15895E-1 6.19391E-1 5.78502E-1 5.44274E-1 4.97707E-1 6.57275E-1 4.93566E-1 4.82669E-1 4.98707E-1 4.87556E-1 5.00989E-1 4.84265E-1 3.88981E-1 6.4219E-1 4.85605E-1 4.71396E-1 6.00458E-1
-9999 -9999 -9999 -9999 -9999 -9999 -9999 -9999 -9999 -9999 -9999 -9999 3.62769E-3 3.56751E-3 3.30589E-3 3.5193E-3 1.21634E-2 1.06561E-2 1.42186E-3 9.62436E-4 6.275E-2 1.402E-1 6.07115E-2 2.09373E-1 1.79146E-1 1.88398E-1 1.20941E-1 2.42942E-1 3.38891E-1 3.59127E-1 3.41906E-1 1.00028E-1 1.5204E-2 1.42975E-2 2.57807E-3 1.65886E-2 3.18646E-1 5.97872E-1 1.12556E-1 5.62791E-3 1.00873E-2 3.69794E-1 4.07247E-1 5.38786E-1 5.48093E-1 5.84366E-1 4.62256E-1 5.36619E-1 5.4316E-1 5.84311E-1 4.5072E-1 4.42619E-1 3.98609E-1 4.93833E-1 4.57638E-1 4.4349E-1 4.5955E-1 4.92116E-1 4.94503E-1 4.16932E-1 4.69707E-1
-9999 -9999 -9999 -9999 -9999 -9999 -9999 -9999 -9999 -9999 -9999 -9999 4.86525E-3 3.85187E-3 2.14006E-3 3.95486E-3 8.00386E-3 3.5988E-3 4.83963E-4 1.88925E-2 9.88932E-2 9.7968E-2 7.37428E-2 2.88479E-2 5.35097E-2 1.23093E-1 2.9958E-1 2.03223E-1 3.17339E-1 3.18722E-1 3.85909E-1 3.47538E-2 1.01881E-2 3.59169E-3 2.70894E-3 8.52419E-3 1.75049E-1 5.82574E-1 1.46559E-1 1.64498E-2 1.5745E-2 5.08114E-1 4.21012E-1 5.67637E-1 5.08289E-1 5.23795E-1 4.8653E-1 4.67836E-1 5.57254E-1 7.27992E-1 7.28321E-1 7.0221E-1 5.0487E-1 3.80475E-1 4.58879E-1 5.67447E-1 6.10629E-1 7.02574E-1 4.89623E-1 4.87388E-1 6.02518E-1
-9999 -9999 -9999 -9999 -9999 -9999 -9999 -9999 -9999 -9999 -9999 -9999 1.78679E-2 2.909E-3 1.09802E-2 7.50934E-3 2.94451E-2 4.5735E-4 7.0005E-3 1.48258E-2 4.05843E-2 5.20191E-2 7.71081E-2 9.43236E-2 4.79547E-2 7.21273E-2 1.42204E-1 2.1646E-1 3.31378E-1 3.73767E-1 3.73408E-1 9.38219E-2 2.08531E-2 8.77586E-3 2.24323E-3 1.7532E-3 6.82343E-2 3.02763E-1 2.1089E-2 8.31122E-2 2.99116E-2 3.66871E-1 4.44148E-1 5.3236E-1 5.49695E-1 5.6582E-1 5.70642E-1 4.2409E-1 4.90103E-1 6.57908E-1 6.72127E-1 7.09948E-1 6.66923E-1 4.72652E-1 7.29209E-1 6.35926E-1 7.71635E-1 5.60368E-1 4.02105E-1 4.89929E-1 4.52072E-1
-9999 -9999 -9999 -9999 -9999 -9999 -9999 -9999 -9999 -9999 -9999 4.77944E-3 3.49121E-3 1.54972E-2 3.34308E-3 2.25719E-4 1.53486E-2 3.39098E-3 1.88298E-2 2.25362E-1 1.05174E-1 5.23003E-2 9.99165E-2 9.84053E-2 1.20841E-2 7.49022E-2 2.02761E-1 3.57686E-1 3.07746E-1 4.06215E-1 4.14787E-1 3.99847E-1 2.38506E-2 2.98671E-2 4.32932E-3 4.59409E-3 3.35249E-2 5.01461E-1 2.90842E-1 2.54256E-1 4.79694E-1 1.97829E-1 6.78343E-1 6.26052E-1 5.83567E-1 6.92384E-1 5.20867E-1 2.99566E-1 4.56665E-1 5.49317E-1 4.98884E-1 4.05295E-1 6.17964E-1 7.36094E-1 5.38331E-1 4.82101E-1 4.1961E-1 4.44314E-1 4.88572E-1 5.42098E-1 4.29527E-1
-9999 -9999 -9999 -9999 -9999 -9999 -9999 -9999 -9999 -9999 -9999 3.56274E-3 6.51991E-3 4.03157E-2 2.34165E-2 5.72132E-3 1.31225E-2 1.61378E-3 7.88589E-2 1.58374E-1 1.53701E-1 3.43916E-2 3.07155E-2 4.30652E-2 1.12168E-1 1.90136E-1 1.84638E-1 1.67441E-2 2.03385E-2 5.1756E-1 4.85416E-1 5.93433E-1 2.24953E-1 7.29421E-3 9.56572E-3 3.82056E-3 1.22582E-2 6.35509E-1 6.72994E-2 6.00145E-1 5.09822E-1 3.63368E-1 7.35973E-1 6.02198E-1 6.2648E-1 2.18704E-1 1.36369E-1 4.7719E-1 4.58271E-1 6.46411E-1 5.17124E-1 3.95458E-1 5.62285E-1 6.32135E-1 4.00521E-1 4.26596E-1 3.77079E-1 3.87804E-1 4.74232E-1 5.02759E-1 5.10041E-1
-9999 -9999 -9999 -9999 -9999 -9999 -9999 -9999 -9999 -9999 3.95206E-4 9.5964E-4 7.21823E-3 1.89735E-2 5.9159E-2 8.76264E-3 2.39621E-3 1.01381E-2 6.47884E-2 5.22883E-2 6.6132E-2 7.81476E-2 1.0008E-1 6.41334E-2 1.30553E-1 2.78841E-1 1.00318E-1 2.35418E-2 9.03663E-2 1.9662E-1 2.27486E-1 6.51576E-1 3.57575E-1 9.76199E-3 2.69199E-2 1.41549E-2 7.62722E-2 6.35385E-1 1.72523E-1 4.12118E-1 7.33088E-1 4.55027E-1 6.02425E-1 7.12699E-1 5.47195E-1 6.48243E-1 3.50166E-1 5.69894E-1 5.42346E-1 3.73924E-1 5.20442E-1 3.37617E-1 3.52585E-1 3.83969E-1 3.92607E-1 3.94702E-1 4.04411E-1 4.69158E-1 4.14606E-1 3.86821E-1 4.40288E-1
-9999 -9999 -9999 -9999 -9999 -9999 -9999 -9999 -9999 -9999 4.31487E-4 4.87884E-4 1.83527E-2 4.28188E-2 1.78347E-2 3.58386E-3 1.75382E-3 2.35803E-2 2.48516E-2 3.04666E-2 3.27603E-2 6.79863E-2 7.75668E-2 1.16889E-1 1.32146E-1 1.41013E-1 1.94591E-1 2.01458E-1 3.20569E-1 3.66418E-1 1.34613E-1 2.13995E-1 2.80576E-2 1.5753E-2 1.642E-2 1.25125E-2 1.38909E-1 4.21955E-1 2.07226E-1 5.47349E-1 7.60697E-1 1.69812E-1 4.21186E-1 6.60568E-1 5.98961E-1 4.53184E-1 4.89097E-1 3.38712E-1 3.17901E-1 3.91692E-1 3.11292E-1 4.16443E-1 3.65133E-1 3.84068E-1 4.46083E-1 5.19329E-1 4.39783E-1 4.46441E-1 4.64503E-1 4.74033E-1 4.82419E-1
-9999 -9999 -9999 -9999 -9999 -9999 -9999 -9999 -9999 -9999 3.71896E-4 2.94805E-4 3.64039E-2 1.48567E-2 5.68083E-3 3.70521E-3 3.0616E-3 1.64438E-2 3.52137E-2 3.32685E-2 2.0762E-2 3.71043E-2 3.85454E-2 5.11092E-2 1.17009E-1 8.55117E-2 2.9975E-1 4.90484E-2 2.38779E-1 2.80252E-1 4.85132E-2 3.63002E-2 1.88253E-2 2.88731E-2 4.08407E-2 3.94804E-2 1.48475E-1 2.15491E-1 4.15449E-1 4.19582E-1 6.75876E-1 5.25558E-1 6.61356E-1 6.23851E-1 6.50499E-1 5.85784E-1 2.63951E-1 3.17769E-1 3.5117E-1 3.99989E-1 5.02283E-1 5.57684E-1 5.52719E-1 4.25308E-1 4.61046E-1 3.76348E-1 3.65959E-1 3.93548E-1 5.84141E-1 4.71261E-1 3.84544E-1
-9999 -9999 -9999 -9999 -9999 -9999 -9999 -9999 -9999 2.65517E-4 2.87745E-4 3.91432E-4 6.42544E-3 3.59113E-3 1.35122E-3 1.09598E-3 8.79938E-3 2.82696E-2 4.54431E-2 2.48866E-2 3.36982E-2 4.51612E-2 5.38378E-2 5.95086E-2 4.73437E-2 2.68896E-2 4.6259E-1 1.05672E-1 4.47494E-2 3.62736E-2 3.14383E-2 7.71023E-2 1.24247E-1 1.34254E-1 1.46225E-1 1.36027E-1 1.56367E-1 2.07598E-1 6.2569E-1 2.77024E-1 7.23611E-1 6.51596E-1 7.32392E-1 5.17907E-1 6.49763E-1 5.09043E-1 5.31086E-1 4.73817E-1 4.10825E-1 3.38681E-1 3.56041E-1 4.46023E-1 4.34956E-1 5.68068E-1 6.37384E-1 6.04895E-1 5.28511E-1 5.01244E-1 4.3483E-1 4.84512E-1 4.65275E-1
-9999 -9999 -9999 -9999 -9999 -9999 -9999 -9999 -9999 3.8019E-4 2.84781E-4 4.85578E-4 2.44082E-3 1.10678E-3 9.97402E-4 6.10202E-4 8.58922E-3 1.23732E-2 3.07812E-2 4.1069E-2 7.32962E-2 4.91181E-2 5.06869E-2 6.14394E-2 5.63161E-2 9.26192E-2 3.09597E-1 2.99841E-1 2.862E-1 1.76884E-1 1.79196E-1 2.02091E-1 6.39462E-2 1.00263E-1 3.32732E-1 3.72663E-1 3.52907E-1 5.84332E-1 5.5549E-1 6.60049E-1 7.23741E-1 7.72875E-1 5.14227E-1 5.77865E-1 6.37063E-1 6.86829E-1 6.5031E-1 4.65651E-1 5.48506E-1 5.69007E-1 5.82419E-1 5.92592E-1 4.76838E-1 5.89404E-1 5.69637E-1 6.57083E-1 5.72821E-1 5.01742E-1 5.22065E-1 3.90868E-1 3.39709E-1
-9999 -9999 -9999 -9999 -9999 -9999 -9999 -9999 1.38143E-4 2.87638E-4 8.46424E-4 8.31564E-3 1.06756E-3 1.13328E-3 1.34414E-3 1.047E-2 1.29161E-2 2.98187E-2 3.02029E-2 5.05852E-2 6.45142E-2 9.5487E-2 7.47799E-2 9.9917E-2 6.11296E-2 2.89889E-1 2.35209E-1 3.25346E-1 2.50718E-1 3.99421E-1 2.97883E-1 1.47694E-1 4.17957E-2 1.48863E-1 2.66924E-1 2.54036E-1 3.91448E-1 6.96197E-1 6.33812E-1 7.96313E-1 7.62793E-1 7.25261E-1 5.60468E-1 3.96512E-1 1.78904E-1 4.78686E-1 7.51734E-2 3.62946E-1 4.37739E-1 6.09651E-1 5.18391E-1 5.09459E-1 3.95327E-1 4.67366E-1 4.13618E-1 6.87733E-1 6.64132E-1 6.67293E-1 5.03831E-1 3.78206E-1 3.91916E-1
-9999 -9999 -9999 -9999 -9999 -9999 -9999 3.9358E-4 8.16977E-4 3.76099E-4 2.31806E-3 8.64738E-3 6.24448E-4 9.62984E-4 1.49159E-3 2.90493E-2 3.13324E-2 4.32936E-2 3.70004E-2 5.21051E-2 6.86377E-2 8.89757E-2 9.70885E-2 1.26448E-1 1.00972E-1 1.81785E-1 1.60612E-1 4.08021E-1 4.54945E-1 4.7904E-1 2.61674E-1 1.41067E-1 5.86363E-2 1.0148E-1 1.78266E-1 4.29425E-1 7.639E-1 7.50271E-1 7.86908E-1 7.98082E-1 7.12025E-1 6.88587E-1 4.39095E-1 2.81798E-1 1.67331E-1 5.51578E-1 4.36607E-1 9.23455E-2 4.27875E-1 6.87704E-1 5.94151E-1 6.17391E-1 7.35301E-1 4.91821E-1 6.44477E-1 6.48449E-1 7.18486E-1 6.86661E-1 6.44312E-1 4.4486E-1 3.80026E-1
-9999 -9999 -9999 -9999 -9999 -9999 -9999 3.21633E-4 2.00204E-4 1.21246E-4 6.51974E-4 8.4844E-4 5.24193E-4 1.35421E-3 1.28124E-2 2.86241E-2 3.45173E-2 8.3503E-2 4.04316E-2 4.23547E-2 6.27767E-2 1.15457E-1 1.76482E-1 1.74503E-1 1.73067E-1 1.31945E-1 1.97267E-1 4.0599E-1 1.88743E-1 4.51529E-1 2.1252E-1 8.6511E-2 1.12666E-1 3.02178E-1 3.66576E-1 6.87171E-1 7.1209E-1 8.0255E-1 8.14731E-1 8.41932E-1 8.01039E-1 6.51019E-1 5.84847E-1 4.09197E-1 3.14191E-1 1.93332E-1 4.61204E-1 3.89721E-1 6.15541E-1 3.69924E-1 4.40954E-1 5.18839E-1 5.76936E-1 6.57007E-1 5.04835E-1 6.96603E-1 5.66126E-1 6.72263E-1 6.49895E-1 4.41305E-1 3.861E-1
-9999 -9999 -9999 -9999 -9999 -9999 -9999 5.45551E-4 5.94703E-4 1.87833E-4 7.34626E-4 1.72716E-3 2.23908E-3 1.44576E-3 3.21295E-2 3.09831E-2 4.96484E-2 9.54518E-2 4.75012E-2 4.28709E-2 6.15576E-2 7.30218E-2 2.45259E-1 1.62166E-1 1.2136E-1 9.00504E-2 9.3717E-2 3.07054E-1 1.22336E-1 2.69359E-1 3.15647E-1 1.17426E-1 4.42286E-1 4.43506E-1 4.65669E-1 6.82434E-1 7.99008E-1 7.86671E-1 8.24844E-1 7.87981E-1 6.79749E-1 5.55576E-1 4.1874E-1 7.94314E-2 6.25441E-2 1.04173E-1 3.28241E-1 1.5074E-1 5.47966E-1 6.30887E-1 6.07912E-1 6.19416E-1 6.8626E-1 4.29527E-1 6.3621E-1 6.15026E-1 4.71514E-1 6.37258E-1 5.27401E-1 3.82726E-1 4.61547E-1
