Final_Models_Sept202022/M_0.1_F_lqp_Set_1/Bison_7.asc
ncols         97
nrows         127
xllcorner     -2197417.7431653
yllcorner     -584827.01486885
cellsize      30000.0
NODATA_value  -9999
[rows 54 to 80 of 127, columns 0 to 60 of 97]
-9999 -9999 -9999 -9999 4.18831E-2 1.27965E-2 2.05E-3 1.12192E-2 9.47771E-3 5.47061E-4 7.88317E-4 1.25229E-3 1.23684E-3 4.30186E-3 9.53789E-3 7.84726E-3 1.79427E-2 2.82689E-2 3.37512E-2 4.16078E-2 6.33885E-2 9.25748E-2 8.83136E-2 1.18916E-1 6.7056E-2 1.25379E-1 1.22179E-1 1.14483E-1 1.49432E-1 1.52059E-1 1.39267E-1 1.26754E-1 1.31726E-1 1.46329E-1 1.38433E-1 1.49763E-1 1.46256E-1 1.38873E-1 1.35188E-1 1.71059E-1 2.59086E-1 2.51609E-1 2.07225E-1 1.66269E-1 1.73696E-1 1.22824E-1 1.49295E-1 1.15745E-1 8.37067E-2 7.42374E-2 8.35549E-2 1.00932E-1 6.56828E-2 1.11812E-1 1.51018E-1 5.89997E-2 7.98308E-2 7.48716E-2 8.00098E-2 7.56563E-2 4.33614E-2
-9999 -9999 -9999 -9999 -9999 8.48453E-3 1.72294E-3 4.61946E-3 6.81491E-2 3.98594E-3 4.77291E-4 1.06574E-3 8.51322E-3 2.61322E-3 9.64391E-3 4.26444E-3 6.61451E-3 1.60292E-2 3.78129E-2 3.32816E-2 7.11654E-2 9.3713E-2 1.22373E-1 1.67744E-1 6.69519E-2 7.46027E-2 1.10509E-1 1.29605E-1 1.98466E-1 1.90706E-1 1.45606E-1 1.32513E-1 1.43712E-1 1.53067E-1 1.2867E-1 1.74466E-1 1.80079E-1 1.61016E-1 1.85392E-1 2.0564E-1 2.57151E-1 2.60724E-1 2.17122E-1 1.74411E-1 1.71949E-1 1.51933E-1 1.36416E-1 9.90425E-2 1.00773E-1 4.77758E-2 7.20474E-2 9.45522E-2 7.61501E-2 1.57255E-1 1.28283E-1 9.22659E-2 9.53499E-2 6.97793E-2 8.18008E-2 6.68235E-2 5.46124E-2
-9999 -9999 -9999 -9999 -9999 1.19879E-2 9.13867E-3 1.27986E-2 1.79526E-2 8.9829E-3 6.12069E-5 3.15183E-4 3.88256E-4 5.81805E-4 1.42476E-2 4.80964E-3 1.53462E-2 1.19754E-2 2.92156E-2 4.76173E-2 8.27659E-2 6.79123E-2 6.94195E-2 1.04536E-1 7.07763E-2 5.19746E-2 8.38566E-2 1.98045E-1 2.41247E-1 1.88422E-1 1.88423E-1 1.67331E-1 1.6751E-1 1.66819E-1 1.88245E-1 2.11665E-1 1.8113E-1 1.80836E-1 2.1628E-1 2.35494E-1 2.88253E-1 2.58059E-1 2.06128E-1 1.89529E-1 1.78002E-1 1.57627E-1 1.44938E-1 1.27603E-1 1.57378E-1 1.24849E-1 1.55056E-1 1.2798E-1 1.70147E-1 1.32543E-1 9.7976E-2 1.16862E-1 9.78833E-2 1.05275E-1 6.49998E-2 4.60689E-2 1.70043E-2
-9999 -9999 -9999 -9999 -9999 -9999 1.1856E-2 -9999 2.5454E-2 3.33744E-3 3.34236E-4 5.20789E-4 4.37734E-4 1.77461E-3 2.56957E-3 2.69012E-2 1.45518E-2 1.21967E-2 3.33451E-2 6.3229E-2 3.9325E-2 6.12845E-2 7.42031E-2 1.0759E-1 9.34908E-2 8.38804E-2 8.7406E-2 2.08643E-1 2.48326E-1 2.22574E-1 3.50717E-1 2.92851E-1 2.02393E-1 1.82574E-1 2.06513E-1 2.48947E-1 2.37563E-1 1.97564E-1 2.09643E-1 2.22312E-1 2.02702E-1 1.19615E-1 2.19137E-1 1.66587E-1 1.05398E-1 1.33054E-1 1.04596E-1 1.28401E-1 1.34464E-1 1.93352E-1 1.60951E-1 1.53754E-1 1.35922E-1 1.39616E-1 1.25546E-1 1.00823E-1 8.88486E-2 8.32151E-2 6.33776E-2 3.91225E-2 2.46161E-2
-9999 -9999 -9999 5.32142E-3 -9999 -9999 -9999 -9999 -9999 8.56731E-3 1.32978E-3 9.7233E-5 4.37383E-4 1.40608E-3 5.54458E-4 2.26978E-2 1.12569E-2 2.28118E-2 2.63895E-2 4.44203E-2 5.94184E-2 7.40597E-2 6.1129E-2 1.24671E-1 5.68949E-2 5.54043E-2 8.24032E-2 1.38151E-1 2.73117E-1 3.24732E-1 4.65903E-1 4.02583E-1 2.01321E-1 1.6805E-1 1.89711E-1 2.66394E-1 2.46851E-1 2.91785E-1 5.46599E-1 2.0417E-1 1.72129E-1 1.19813E-1 1.8257E-1 1.35619E-1 5.47104E-2 8.45445E-2 1.47132E-1 1.44012E-1 1.36207E-1 1.35547E-1 1.68949E-1 1.64445E-1 1.48385E-1 1.40484E-1 1.15815E-1 1.05729E-1 8.70162E-2 6.37856E-2 5.8193E-2 5.63883E-2 4.0495E-2
-9999 -9999 -9999 4.02148E-3 5.89336E-3 9.61372E-3 -9999 -9999 -9999 1.43124E-2 8.90456E-5 1.34578E-4 3.64425E-4 2.42399E-3 3.23478E-3 3.36559E-2 2.11761E-2 1.50446E-2 3.84593E-2 5.64098E-2 4.23977E-2 4.45186E-2 7.85915E-2 5.28435E-2 7.35213E-2 3.21592E-2 4.78284E-2 1.22758E-1 3.1779E-1 5.04364E-1 5.71751E-1 4.88356E-1 2.23942E-1 2.47482E-1 2.34515E-1 2.53878E-1 2.67067E-1 4.6155E-1 4.51692E-1 2.01923E-1 2.02702E-1 2.00038E-1 1.76205E-1 1.66402E-1 1.18939E-1 1.32034E-1 1.27881E-1 1.07307E-1 1.18072E-1 2.07858E-1 1.85325E-1 1.4693E-1 1.40867E-1 1.50767E-1 7.73526E-2 1.1576E-1 7.82348E-2 9.36618E-2 9.27221E-2 5.8777E-2 2.98814E-2
-9999 -9999 -9999 2.46011E-3 7.46845E-3 1.32719E-2 8.20702E-3 -9999 -9999 7.81676E-2 3.6024E-4 6.01851E-4 2.81521E-4 1.24564E-3 2.09038E-3 1.14876E-2 2.39994E-2 2.95253E-2 4.96346E-2 4.72265E-2 5.14016E-2 3.40765E-2 2.51181E-2 2.73899E-2 5.90383E-2 1.7271E-3 1.90451E-3 6.24733E-2 2.35874E-1 2.48668E-1 6.65553E-1 6.85303E-1 4.57691E-1 5.65492E-1 4.85708E-1 3.59331E-1 3.98781E-1 4.16846E-1 4.08408E-1 1.84674E-1 2.06144E-1 2.0111E-1 1.9319E-1 1.68028E-1 1.39366E-1 1.24628E-1 1.24378E-1 1.20111E-1 1.22584E-1 2.48493E-1 1.8735E-1 1.82328E-1 1.05156E-1 1.0077E-1 6.88538E-2 1.24196E-1 8.85375E-2 1.12688E-1 8.44837E-2 5.0655E-2 2.69455E-2
-9999 -9999 -9999 1.86163E-3 5.20118E-3 6.69572E-3 -9999 -9999 1.58956E-2 2.24344E-4 3.16963E-5 2.6096E-4 5.89372E-4 1.14135E-3 3.27219E-3 9.98464E-3 7.78332E-2 3.83221E-2 5.43306E-2 2.69056E-2 5.94781E-2 4.27772E-2 3.91354E-2 3.258E-2 3.61992E-2 2.94845E-3 1.34496E-3 3.47681E-2 1.4116E-1 4.02641E-1 5.47896E-1 6.93777E-1 6.13411E-1 4.94693E-1 6.30323E-1 4.84443E-1 4.44564E-1 5.54072E-1 3.99746E-1 2.56422E-1 2.40683E-1 2.15762E-1 1.84161E-1 1.45822E-1 1.61918E-1 1.61677E-1 1.38408E-1 1.54919E-1 1.78143E-1 2.30294E-1 2.25717E-1 1.34915E-1 1.51584E-1 1.04643E-1 4.44715E-2 1.40879E-1 1.0464E-1 7.92529E-2 8.15412E-2 5.87447E-2 5.13099E-2
-9999 -9999 -9999 2.34232E-3 7.70256E-3 -9999 -9999 1.77693E-2 8.66681E-3 4.9831E-4 4.57306E-5 1.86996E-4 7.32788E-4 2.00969E-4 6.68657E-3 1.59228E-2 7.55829E-2 5.63634E-2 4.70427E-2 5.46467E-2 6.66708E-2 5.28535E-2 2.83427E-2 3.41937E-2 2.838E-2 6.13163E-3 6.39238E-4 1.67111E-2 7.6393E-2 1.56222E-1 3.99209E-1 6.02215E-1 3.70967E-1 4.58723E-1 7.37458E-1 6.21216E-1 6.08344E-1 7.36129E-1 4.63169E-1 2.65745E-1 2.57355E-1 2.00841E-1 1.58122E-1 1.61235E-1 1.67596E-1 1.71658E-1 1.57986E-1 1.80484E-1 1.66876E-1 2.18512E-1 2.46141E-1 1.52154E-1 1.34188E-1 1.1978E-1 8.58401E-2 9.61735E-2 1.03193E-1 9.25178E-2 1.21189E-1 7.30545E-2 3.78753E-2
-9999 -9999 -9999 2.39478E-3 2.21751E-3 -9999 -9999 -9999 1.70483E-2 1.30687E-3 3.8724E-4 7.99258E-4 1.47241E-4 1.36906E-3 1.07098E-2 4.92316E-2 7.93234E-2 6.82753E-2 6.90945E-2 6.47497E-2 8.16175E-2 8.92492E-2 5.70949E-2 2.97065E-2 3.06877E-2 1.03489E-2 3.11697E-3 2.02385E-2 4.31378E-2 9.42327E-2 1.70099E-1 3.78956E-1 4.8182E-1 5.38688E-1 5.72213E-1 5.87245E-1 5.79932E-1 4.1416E-1 2.85568E-1 2.38712E-1 1.87492E-1 1.81172E-1 1.67327E-1 1.63352E-1 1.81273E-1 1.72987E-1 2.03775E-1 1.82388E-1 1.56797E-1 2.20101E-1 2.10101E-1 1.44646E-1 1.14824E-1 1.06246E-1 1.00465E-1 6.46758E-2 1.18202E-1 1.03787E-1 1.28653E-1 9.59383E-2 5.37199E-2
-9999 -9999 -9999 7.97245E-3 1.93133E-2 -9999 -9999 -9999 2.21664E-2 2.18232E-2 5.40315E-3 7.89627E-5 7.18855E-4 3.13082E-3 5.40169E-3 3.99062E-2 6.9189E-2 8.04389E-2 9.59247E-2 6.65616E-2 6.05204E-2 1.26861E-1 7.53018E-2 4.90413E-2 3.55297E-2 1.58561E-2 4.10187E-3 1.22303E-2 2.76425E-2 6.19327E-2 1.01146E-1 4.24023E-1 4.90453E-1 5.88393E-1 4.67379E-1 5.6616E-1 5.14534E-1 5.01213E-1 2.82107E-1 2.80658E-1 2.05685E-1 1.87422E-1 1.46069E-1 1.62105E-1 2.50788E-1 2.54774E-1 2.26994E-1 1.75808E-1 1.28759E-1 1.76802E-1 2.8043E-1 1.79928E-1 1.2321E-1 7.28229E-2 1.27627E-1 6.03298E-2 9.45193E-2 9.47473E-2 7.91599E-2 1.31508E-1 5.71607E-2
-9999 -9999 -9999 2.34385E-3 2.56054E-2 -9999 -9999 -9999 2.7554E-2 3.02321E-3 6.57557E-4 1.04233E-5 2.24877E-4 2.19852E-3 4.79689E-2 4.33778E-2 3.75356E-2 8.82997E-2 8.88172E-2 8.34897E-2 1.48203E-1 1.69797E-1 8.24959E-2 6.08326E-2 3.96027E-2 1.25883E-2 6.76745E-3 5.87828E-3 1.72702E-2 3.07027E-2 7.80847E-2 2.84976E-1 4.20986E-1 5.92017E-1 5.70226E-1 5.16467E-1 3.02015E-1 4.54885E-1 4.57447E-1 3.12456E-1 1.64562E-1 1.38654E-1 1.86767E-1 1.73503E-1 2.08618E-1 1.98436E-1 2.2252E-1 1.65099E-1 2.04572E-1 2.12219E-1 2.28991E-1 2.14678E-1 1.42426E-1 1.27841E-1 1.00248E-1 9.45969E-2 7.92812E-2 1.42647E-1 1.02609E-1 1.14144E-1 1.01737E-1
-9999 -9999 -9999 -9999 7.25319E-3 -9999 -9999 -9999 -9999 1.30527E-2 8.71696E-4 1.96094E-4 3.37958E-4 5.23874E-4 8.66276E-3 2.97433E-2 2.40844E-2 8.69427E-2 1.29517E-1 1.4934E-1 1.09409E-1 2.23159E-1 1.25696E-1 9.165E-2 7.46694E-2 2.85601E-2 9.42892E-3 4.7129E-3 9.52968E-3 1.70874E-2 6.90632E-2 1.12663E-1 1.41813E-1 2.16149E-1 1.75558E-1 2.31769E-1 4.37918E-1 3.51073E-1 2.00717E-1 1.60868E-1 2.49978E-1 2.18147E-1 2.62772E-1 2.01164E-1 2.06297E-1 2.57354E-1 2.76684E-1 2.63478E-1 1.32791E-1 1.44244E-1 2.78844E-1 1.75215E-1 1.6552E-1 1.69953E-1 1.78038E-1 1.07178E-1 1.03934E-1 1.06702E-1 1.12609E-1 1.33279E-1 1.43907E-1
-9999 -9999 -9999 -9999 9.21878E-3 -9999 -9999 -9999 -9999 2.43371E-2 1.0742E-2 1.52076E-3 6.29556E-4 3.65666E-4 2.81453E-3 2.63201E-2 6.63248E-2 8.2786E-2 1.02765E-1 9.12814E-2 1.01208E-1 1.45251E-1 1.04901E-1 1.45435E-1 1.42631E-1 3.40444E-2 1.26103E-2 3.13261E-3 5.27243E-3 1.40346E-2 4.53811E-2 6.1913E-2 1.40617E-1 2.49467E-1 1.49531E-1 1.60419E-1 2.71391E-1 1.67985E-1 1.1178E-1 9.5167E-2 2.11794E-1 1.30466E-1 1.70036E-1 2.50414E-1 2.4218E-1 2.70303E-1 4.1834E-1 2.68024E-1 2.21966E-1 2.29728E-1 2.55414E-1 2.25981E-1 2.19533E-1 1.61361E-1 1.58094E-1 1.54588E-1 1.33238E-1 1.43214E-1 1.26433E-1 1.01899E-1 1.08269E-1
-9999 -9999 -9999 -9999 -9999 -9999 -9999 -9999 -9999 2.46122E-2 3.66413E-2 4.94672E-3 9.75164E-4 3.79452E-4 7.12304E-4 1.44731E-2 6.5646E-2 7.67996E-2 8.73733E-2 1.15183E-1 1.0252E-1 1.17316E-1 1.32862E-1 1.0129E-1 4.94529E-2 1.3096E-2 6.85576E-3 8.29308E-3 3.74849E-3 1.42937E-2 3.94506E-2 8.33447E-2 1.20757E-1 2.03421E-1 9.81689E-2 1.39289E-1 2.52365E-1 2.28754E-1 1.22911E-1 1.75804E-1 2.36628E-1 1.78515E-1 2.45059E-1 2.71457E-1 4.64475E-1 5.12912E-1 5.22521E-1 3.28074E-1 2.85534E-1 2.54037E-1 2.8013E-1 2.63481E-1 2.01305E-1 1.00393E-1 1.71041E-1 1.35636E-1 1.3424E-1 1.70035E-1 1.24559E-1 9.1492E-2 1.07706E-1
-9999 -9999 -9999 -9999 -9999 -9999 -9999 -9999 -9999 -9999 2.21209E-2 1.37143E-2 2.76531E-3 3.46152E-4 1.1403E-3 7.46667E-3 4.58067E-2 5.99586E-2 7.13946E-2 9.3768E-2 1.0897E-1 1.15158E-1 1.31644E-1 1.24122E-1 6.23998E-2 1.8129E-2 9.07335E-3 6.33891E-3 8.54001E-3 1.01667E-2 3.35927E-2 9.68589E-2 1.25208E-1 1.01301E-1 1.24876E-1 1.32511E-1 2.21371E-1 2.6551E-1 1.81673E-1 2.23212E-1 2.35519E-1 4.14019E-1 3.92709E-1 4.91874E-1 5.58785E-1 5.59864E-1 4.86829E-1 6.09176E-1 2.98783E-1 2.84783E-1 3.36984E-1 2.81912E-1 1.49124E-1 1.42735E-1 1.563E-1 1.83175E-1 2.04698E-1 2.02693E-1 1.55874E-1 1.07579E-1 1.40177E-1
-9999 -9999 -9999 -9999 -9999 -9999 -9999 -9999 -9999 -9999 2.4246E-2 6.82001E-3 3.69677E-5 7.5295E-5 6.51782E-4 3.14915E-3 4.2899E-2 7.57757E-2 6.56652E-2 1.03997E-1 1.1721E-1 1.16986E-1 1.40395E-1 1.63387E-1 6.43623E-2 2.59214E-2 1.89097E-2 5.71714E-3 1.93427E-2 1.99303E-2 3.61973E-2 6.95169E-2 9.2606E-2 1.21666E-1 1.52994E-1 2.23657E-1 2.32467E-1 1.93675E-1 2.08803E-1 4.40172E-1 4.30225E-1 5.45979E-1 4.17529E-1 4.77812E-1 5.26822E-1 5.40674E-1 3.58705E-1 5.51251E-1 4.56079E-1 5.34683E-1 4.7975E-1 3.458E-1 2.6249E-1 1.88269E-1 1.82612E-1 1.82724E-1 1.78564E-1 1.29247E-1 1.54228E-1 1.48478E-1 1.45775E-1
-9999 -9999 -9999 -9999 -9999 -9999 -9999 -9999 -9999 -9999 2.69888E-2 3.37178E-3 8.24259E-5 1.35478E-4 1.45767E-2 1.04595E-2 3.02547E-2 9.04446E-2 8.77228E-2 1.66855E-1 1.52495E-1 1.32705E-1 1.30916E-1 1.76133E-1 8.67706E-2 1.60487E-2 1.3551E-2 8.083E-3 9.53356E-3 3.43227E-2 4.455E-2 9.10461E-2 1.09206E-1 1.24224E-1 1.69245E-1 2.12691E-1 2.8972E-1 3.64274E-1 4.04841E-1 3.44889E-1 3.99249E-1 4.62547E-1 5.78892E-1 5.5256E-1 5.59537E-1 6.15942E-1 6.44168E-1 5.9323E-1 4.53804E-1 6.32795E-1 6.24187E-1 5.79494E-1 4.68439E-1 4.10713E-1 3.97519E-1 2.53359E-1 2.12357E-1 1.84597E-1 1.94562E-1 1.92208E-1 1.44381E-1
-9999 -9999 -9999 -9999 -9999 -9999 -9999 -9999 -9999 -9999 1.61554E-2 2.41714E-3 6.24436E-4 1.72893E-4 9.46053E-4 3.4588E-3 3.42382E-2 1.19698E-1 1.43417E-1 2.09726E-1 2.28065E-1 1.51255E-1 1.3648E-1 1.63788E-1 9.77419E-2 3.7332E-2 1.26021E-2 8.41777E-3 2.22143E-2 1.25874E-2 4.56837E-2 1.00407E-1 1.24153E-1 1.47428E-1 2.51419E-1 1.65747E-1 2.45649E-1 3.07969E-1 2.94331E-1 3.64065E-1 5.31066E-1 6.37249E-1 6.84897E-1 6.50953E-1 7.3097E-1 6.44639E-1 6.50527E-1 6.56904E-1 6.66286E-1 7.14942E-1 5.09407E-1 3.9973E-1 4.06319E-1 4.55067E-1 4.42963E-1 4.56214E-1 2.82394E-1 1.86041E-1 1.91065E-1 2.12213E-1 1.82299E-1
-9999 -9999 -9999 -9999 -9999 -9999 -9999 -9999 -9999 -9999 7.00018E-3 4.76838E-3 6.22965E-4 5.52562E-4 5.7448E-2 7.34106E-4 3.05142E-2 6.19191E-2 1.20043E-1 2.49219E-1 3.40234E-1 1.88672E-1 1.77041E-1 1.45252E-1 1.2813E-1 7.90469E-2 4.46839E-2 1.33647E-2 1.30132E-2 3.47887E-2 4.15982E-2 3.70968E-2 1.19852E-1 2.59777E-1 2.19912E-1 2.20706E-1 2.14026E-1 2.25668E-1 2.76049E-1 4.08528E-1 5.57654E-1 7.46786E-1 7.45812E-1 8.34609E-1 7.6844E-1 6.49013E-1 5.52057E-1 6.21632E-1 4.59441E-1 7.01328E-1 6.9264E-1 4.9812E-1 4.18205E-1 5.21711E-1 4.48489E-1 4.10721E-1 3.01118E-1 3.22752E-1 2.85541E-1 2.10839E-1 2.0471E-1
-9999 -9999 -9999 -9999 -9999 -9999 -9999 -9999 2.06635E-2 1.04217E-2 5.80834E-3 4.63451E-3 1.12114E-3 3.09237E-4 8.71144E-4 2.30582E-2 2.73936E-2 4.69505E-2 9.60967E-2 1.4196E-1 1.59619E-1 2.75584E-1 2.96764E-1 1.80798E-1 1.3419E-1 6.21568E-2 2.37116E-2 6.65032E-3 5.26996E-3 9.85212E-3 1.34483E-2 2.81698E-2 8.58333E-2 1.02018E-1 1.39218E-1 1.1002E-1 1.74013E-1 2.74371E-1 2.49829E-1 4.73435E-1 6.29659E-1 7.45187E-1 6.83132E-1 7.0558E-1 7.25363E-1 5.78634E-1 5.75935E-1 6.39205E-1 6.03073E-1 5.07709E-1 6.25404E-1 5.67186E-1 4.61206E-1 3.99775E-1 4.11561E-1 4.01129E-1 4.11918E-1 4.65104E-1 4.27829E-1 3.06746E-1 2.61636E-1
-9999 -9999 -9999 -9999 -9999 -9999 -9999 -9999 2.73748E-2 5.44116E-3 5.44065E-3 5.34967E-3 2.7828E-3 2.34505E-4 1.14706E-4 1.65921E-3 2.46891E-3 4.86575E-2 5.21908E-2 2.60074E-2 4.66199E-2 1.1142E-1 3.40049E-1 1.19724E-1 1.21753E-1 8.48372E-2 4.89503E-2 2.18707E-2 6.10534E-3 5.84916E-3 1.78264E-2 1.21319E-2 5.0204E-2 1.08792E-1 1.92671E-1 1.02465E-1 2.72268E-1 2.50935E-1 2.53604E-1 2.62604E-1 5.17121E-1 7.21399E-1 6.82997E-1 6.65406E-1 6.81084E-1 5.94715E-1 5.34718E-1 5.90932E-1 5.88711E-1 6.67803E-1 6.10624E-1 5.88288E-1 5.53943E-1 4.37703E-1 3.97121E-1 4.72903E-1 5.22421E-1 5.75242E-1 4.49497E-1 4.93223E-1 4.97401E-1
-9999 -9999 -9999 -9999 -9999 -9999 -9999 -9999 8.70517E-3 3.1052E-3 4.91583E-4 4.88891E-4 2.30848E-3 6.91075E-4 1.55589E-4 1.06192E-3 6.0674E-4 2.06199E-2 3.32483E-2 3.45476E-2 2.4121E-2 3.93825E-2 2.15037E-1 1.40114E-1 1.29122E-1 1.31393E-1 6.84859E-2 3.94679E-2 8.88857E-3 5.44658E-3 1.06418E-2 1.43361E-2 3.24809E-2 1.35419E-1 3.696E-1 3.65202E-1 2.36208E-1 3.2479E-1 2.50248E-1 5.26597E-1 6.92425E-1 7.59324E-1 7.32455E-1 7.42855E-1 7.41026E-1 6.20323E-1 5.73915E-1 5.23212E-1 6.76318E-1 6.85605E-1 7.21849E-1 6.38763E-1 5.73989E-1 4.76187E-1 5.81843E-1 3.65187E-1 5.9107E-1 5.95758E-1 4.60703E-1 6.14833E-1 6.01261E-1
-9999 -9999 -9999 -9999 -9999 -9999 -9999 -9999 -9999 1.08427E-2 6.49393E-4 1.82063E-4 3.13096E-4 2.76756E-3 4.17573E-4 1.67321E-4 8.01798E-4 1.90539E-2 2.62391E-1 7.4515E-2 1.26426E-2 1.7222E-2 7.66638E-2 1.77296E-1 1.20621E-1 1.08005E-1 8.79635E-2 5.1722E-2 2.43357E-2 6.42035E-3 3.25811E-3 2.89237E-3 1.18226E-2 2.84227E-2 1.15536E-1 1.76817E-1 2.63616E-1 2.24714E-1 3.28782E-1 7.05982E-1 6.88286E-1 8.33773E-1 8.03471E-1 7.69974E-1 7.13386E-1 6.00269E-1 6.44384E-1 6.75435E-1 4.87963E-1 5.64991E-1 5.49199E-1 6.02746E-1 5.09448E-1 7.32258E-1 6.88544E-1 4.97153E-1 5.70429E-1 6.54883E-1 5.44156E-1 6.34709E-1 4.90383E-1
-9999 -9999 -9999 -9999 -9999 -9999 -9999 -9999 -9999 4.14635E-3 2.94691E-3 1.49122E-4 1.47181E-4 2.5148E-3 5.79616E-3 1.11305E-3 4.34405E-4 5.67276E-4 1.20803E-2 1.46335E-2 1.04452E-2 8.8756E-3 6.00998E-2 1.49355E-1 1.29362E-1 1.16939E-1 1.31749E-1 6.84198E-2 1.83754E-2 4.14031E-3 3.3063E-3 1.21344E-3 1.8141E-2 2.64808E-2 9.60494E-2 1.98144E-1 3.87539E-1 2.79068E-1 2.85426E-1 6.04623E-1 7.57001E-1 7.51464E-1 7.01364E-1 7.1113E-1 6.72404E-1 5.19013E-1 4.42813E-1 6.79676E-1 5.5854E-1 6.08072E-1 6.8106E-1 5.51841E-1 6.37513E-1 6.05736E-1 6.88517E-1 6.1831E-1 4.53331E-1 5.32514E-1 4.95332E-1 5.4591E-1 5.37663E-1
-9999 -9999 -9999 -9999 -9999 -9999 -9999 -9999 -9999 -9999 5.66609E-3 5.07063E-4 5.07482E-5 3.19856E-3 5.10392E-3 1.63974E-3 9.16987E-4 6.29032E-4 6.48112E-3 4.13487E-3 5.60251E-3 4.85201E-3 2.90887E-2 2.80988E-1 2.16918E-1 1.67334E-1 1.15783E-1 5.04926E-2 1.53666E-2 6.76695E-3 4.08362E-3 3.25584E-3 2.2104E-3 8.02017E-3 4.9312E-2 1.39989E-1 1.98971E-1 2.42129E-1 3.66069E-1 6.68715E-1 7.20637E-1 7.06515E-1 7.0887E-1 7.14644E-1 4.80725E-1 4.86099E-1 4.11165E-1 5.9743E-1 5.3215E-1 5.95916E-1 7.08173E-1 6.86459E-1 6.98429E-1 6.96279E-1 5.65588E-1 6.41301E-1 6.56863E-1 4.9075E-1 4.92162E-1 5.63542E-1 5.32888E-1
-9999 -9999 -9999 -9999 -9999 -9999 -9999 -9999 -9999 -9999 7.79198E-3 1.49262E-3 1.41895E-4 4.4528E-4 5.57581E-3 4.36655E-3 1.22182E-3 2.54446E-4 1.25305E-3 3.70741E-3 5.69833E-3 8.54369E-3 2.4487E-2 8.86124E-2 1.63882E-1 3.26481E-1 2.86621E-1 1.08908E-1 7.59609E-2 1.38285E-2 4.32035E-3 1.2867E-2 7.9626E-3 1.89445E-2 7.84819E-2 6.16709E-2 1.19078E-1 2.19722E-1 3.11337E-1 7.21263E-1 7.66574E-1 7.02409E-1 7.22999E-1 7.64961E-1 7.02168E-1 5.4908E-1 3.61989E-1 4.15823E-1 5.40247E-1 5.42449E-1 6.61284E-1 6.71099E-1 6.77072E-1 6.86821E-1 6.84389E-1 5.89766E-1 6.14536E-1 6.0956E-1 6.18616E-1 4.88273E-1 5.02808E-1
