Final_Models_Sept202022/M_0.1_F_lqp_Set_1/Bison_4.asc
ncols         97
nrows         127
xllcorner     -2197417.7431653
yllcorner     -584827.01486885
cellsize      30000.0
NODATA_value  -9999
[rows 0 to 26 of 127, columns 0 to 60 of 97]
-9999 -9999 -9999 -9999 -9999 -9999 -9999 -9999 -9999 -9999 -9999 -9999 -9999 -9999 -9999 -9999 -9999 -9999 -9999 -9999 -9999 -9999 -9999 -9999 -9999 -9999 -9999 -9999 -9999 -9999 -9999 -9999 -9999 -9999 -9999 -9999 -9999 -9999 -9999 -9999 -9999 -9999 -9999 -9999 -9999 -9999 -9999 -9999 -9999 -9999 -9999 -9999 -9999 -9999 -9999 -9999 -9999 -9999 -9999 -9999 -9999
-9999 -9999 -9999 -9999 -9999 -9999 -9999 -9999 -9999 -9999 -9999 -9999 -9999 -9999 -9999 -9999 -9999 -9999 -9999 -9999 -9999 -9999 -9999 -9999 -9999 -9999 -9999 -9999 -9999 -9999 -9999 -9999 -9999 -9999 -9999 -9999 -9999 -9999 -9999 -9999 -9999 -9999 -9999 -9999 -9999 -9999 -9999 -9999 -9999 -9999 -9999 -9999 -9999 -9999 -9999 -9999 -9999 -9999 -9999 -9999 -9999
-9999 -9999 -9999 -9999 -9999 -9999 -9999 -9999 -9999 -9999 -9999 -9999 -9999 -9999 -9999 -9999 -9999 -9999 -9999 -9999 -9999 -9999 -9999 -9999 -9999 -9999 -9999 -9999 -9999 -9999 -9999 -9999 -9999 -9999 -9999 -9999 -9999 -9999 -9999 -9999 -9999 -9999 -9999 -9999 -9999 -9999 -9999 -9999 -9999 -9999 -9999 -9999 -9999 -9999 -9999 -9999 -9999 -9999 -9999 -9999 -9999
-9999 -9999 -9999 -9999 -9999 -9999 -9999 -9999 -9999 -9999 -9999 -9999 -9999 -9999 -9999 -9999 -9999 -9999 -9999 2.68228E-2 9.44691E-3 3.32924E-3 1.54149E-2 -9999 -9999 -9999 -9999 -9999 -9999 -9999 -9999 -9999 -9999 -9999 -9999 -9999 -9999 -9999 -9999 -9999 -9999 -9999 -9999 -9999 -9999 -9999 -9999 -9999 -9999 -9999 -9999 -9999 -9999 -9999 -9999 -9999 -9999 -9999 -9999 -9999 -9999
-9999 -9999 -9999 -9999 -9999 -9999 -9999 -9999 -9999 -9999 -9999 -9999 -9999 -9999 -9999 -9999 -9999 -9999 3.73462E-2 3.89633E-2 3.90567E-2 3.90897E-2 1.29054E-2 1.88763E-2 1.2509E-2 -9999 -9999 -9999 -9999 -9999 -9999 -9999 -9999 -9999 -9999 -9999 -9999 -9999 -9999 -9999 -9999 -9999 -9999 -9999 -9999 -9999 -9999 -9999 -9999 -9999 -9999 -9999 -9999 -9999 -9999 -9999 -9999 -9999 -9999 -9999 -9999
-9999 -9999 -9999 -9999 -9999 -9999 -9999 -9999 -9999 -9999 -9999 -9999 -9999 -9999 -9999 -9999 -9999 -9999 3.90686E-2 4.16513E-2 3.88701E-2 4.15726E-2 2.54897E-2 1.49405E-2 1.2031E-2 -9999 -9999 -9999 -9999 -9999 -9999 -9999 -9999 -9999 -9999 -9999 -9999 -9999 -9999 -9999 -9999 -9999 -9999 -9999 -9999 -9999 -9999 -9999 -9999 -9999 -9999 -9999 -9999 -9999 -9999 -9999 -9999 -9999 -9999 -9999 -9999
-9999 -9999 -9999 -9999 -9999 -9999 -9999 -9999 -9999 -9999 -9999 -9999 -9999 -9999 -9999 -9999 -9999 3.0601E-2 3.41723E-2 1.60395E-2 1.66005E-2 2.43439E-2 2.48293E-2 1.55633E-2 9.18786E-3 8.13357E-3 -9999 1.43066E-2 1.47479E-2 1.75539E-2 -9999 -9999 -9999 -9999 -9999 -9999 -9999 -9999 8.64748E-3 -9999 -9999 -9999 -9999 -9999 -9999 -9999 -9999 -9999 -9999 -9999 -9999 -9999 -9999 -9999 -9999 -9999 -9999 -9999 -9999 -9999 -9999
-9999 -9999 -9999 -9999 -9999 -9999 -9999 -9999 -9999 -9999 -9999 -9999 -9999 -9999 -9999 -9999 1.78266E-2 3.35256E-2 1.28459E-2 8.50107E-3 7.90272E-3 1.10275E-2 1.27231E-2 1.58049E-2 1.20161E-2 9.11033E-3 1.61215E-2 1.42351E-2 1.42357E-2 1.53178E-2 1.5883E-2 1.57535E-2 1.30962E-2 1.19689E-2 1.14768E-2 1.15839E-2 1.11885E-2 -9999 7.67149E-3 6.88275E-3 -9999 -9999 -9999 -9999 -9999 -9999 -9999 -9999 -9999 -9999 -9999 -9999 -9999 -9999 -9999 -9999 -9999 -9999 -9999 -9999 -9999
-9999 -9999 -9999 -9999 -9999 -9999 -9999 -9999 -9999 -9999 -9999 -9999 -9999 -9999 -9999 3.37679E-2 4.28088E-2 2.5061E-2 1.01773E-2 7.96631E-3 6.02041E-3 6.67983E-3 9.42123E-3 1.32209E-2 1.50387E-2 1.29954E-2 2.03909E-2 2.22946E-2 1.49901E-2 1.29433E-2 1.35017E-2 1.37003E-2 1.3815E-2 1.30953E-2 1.30975E-2 1.63904E-2 1.31038E-2 1.21567E-2 8.27736E-3 7.67002E-3 -9999 -9999 -9999 -9999 -9999 -9999 -9999 -9999 -9999 -9999 -9999 -9999 -9999 -9999 -9999 -9999 -9999 -9999 -9999 -9999 -9999
-9999 -9999 -9999 -9999 -9999 -9999 -9999 -9999 -9999 -9999 -9999 -9999 -9999 -9999 -9999 4.58541E-2 4.10665E-2 1.94016E-2 8.16766E-3 8.54124E-3 9.02499E-3 1.14465E-2 1.0293E-2 9.18884E-3 1.65737E-2 1.72331E-2 2.06273E-2 1.97771E-2 1.40026E-2 1.44952E-2 1.90869E-2 1.67732E-2 1.48891E-2 1.82589E-2 1.56557E-2 1.99874E-2 2.09574E-2 1.59605E-2 1.11881E-2 -9999 -9999 -9999 4.60009E-3 -9999 -9999 -9999 -9999 -9999 -9999 -9999 -9999 -9999 -9999 -9999 -9999 -9999 -9999 -9999 -9999 -9999 -9999
-9999 -9999 -9999 -9999 -9999 -9999 -9999 -9999 -9999 -9999 -9999 -9999 -9999 -9999 2.40222E-2 3.94928E-2 3.63408E-2 2.06497E-2 1.39623E-2 9.36632E-3 1.24827E-2 1.26284E-2 1.26856E-2 1.26112E-2 9.99831E-3 2.72725E-2 2.27714E-2 1.81278E-2 1.98481E-2 1.59098E-2 2.34334E-2 1.7832E-2 1.43863E-2 2.0839E-2 3.05106E-2 2.71367E-2 2.69722E-2 1.67982E-2 1.06989E-2 -9999 -9999 4.80595E-3 -9999 -9999 -9999 -9999 -9999 -9999 -9999 -9999 -9999 -9999 -9999 -9999 -9999 -9999 -9999 -9999 -9999 -9999 -9999
-9999 -9999 -9999 -9999 -9999 -9999 -9999 -9999 -9999 -9999 -9999 -9999 -9999 1.94337E-2 3.65207E-2 4.10623E-2 3.39065E-2 1.73946E-2 1.33676E-2 5.1789E-3 1.04487E-2 1.42267E-2 2.34856E-2 1.96894E-2 2.70203E-2 2.09785E-2 2.00571E-2 1.9487E-2 1.42101E-2 1.34756E-2 1.36889E-2 1.77932E-2 1.72189E-2 2.4822E-2 2.91687E-2 2.95679E-2 2.99513E-2 1.44643E-2 1.04523E-2 6.69962E-3 4.69865E-3 4.82941E-3 -9999 6.83812E-3 6.83946E-3 -9999 -9999 -9999 -9999 -9999 -9999 -9999 -9999 -9999 -9999 -9999 -9999 -9999 -9999 -9999 -9999
-9999 -9999 -9999 -9999 -9999 -9999 -9999 -9999 -9999 -9999 -9999 -9999 -9999 4.38422E-2 3.52547E-2 2.24111E-2 2.37451E-2 1.55652E-2 1.00553E-2 1.37195E-3 4.355E-3 9.86819E-3 1.44089E-2 1.62206E-2 1.38963E-2 1.63885E-2 1.66601E-2 1.31968E-2 1.32966E-2 1.24409E-2 1.82018E-2 1.86062E-2 2.12545E-2 2.03184E-2 2.31591E-2 2.975E-2 1.49376E-2 1.32053E-2 8.41038E-3 5.12356E-3 4.52962E-3 8.23914E-3 7.87716E-3 7.28877E-3 6.6923E-3 8.34015E-3 -9999 -9999 -9999 -9999 -9999 -9999 -9999 -9999 -9999 -9999 -9999 -9999 -9999 -9999 -9999
-9999 -9999 -9999 -9999 -9999 -9999 -9999 -9999 -9999 -9999 -9999 -9999 6.26582E-2 4.55602E-2 2.98396E-2 2.10416E-2 1.98969E-2 1.29275E-2 1.54262E-2 6.99045E-3 5.89064E-3 1.23403E-2 1.33345E-2 1.49638E-2 1.40657E-2 1.01869E-2 1.4033E-2 1.11416E-2 2.29684E-2 2.76258E-2 2.23187E-2 1.60586E-2 1.42192E-2 1.67051E-2 1.72679E-2 1.70495E-2 1.03457E-2 1.01751E-2 8.06459E-3 5.08205E-3 4.00499E-3 4.3514E-3 7.25093E-3 7.40564E-3 7.46198E-3 7.59204E-3 8.26534E-3 -9999 -9999 -9999 3.28981E-3 2.31623E-3 -9999 -9999 -9999 -9999 -9999 -9999 -9999 -9999 -9999
-9999 -9999 -9999 -9999 -9999 -9999 -9999 -9999 -9999 -9999 -9999 3.82448E-2 2.74163E-2 2.40234E-2 1.56223E-2 1.61658E-2 1.24215E-2 3.74789E-3 7.17282E-3 8.51607E-3 1.11005E-2 1.97281E-2 2.0106E-2 1.68969E-2 9.78899E-3 7.84849E-3 1.85763E-2 2.05073E-2 1.78521E-2 1.62179E-2 1.6587E-2 1.83859E-2 1.33527E-2 1.20917E-2 1.98458E-2 2.16179E-2 1.77824E-2 1.33168E-2 9.82372E-3 6.02412E-3 4.97611E-3 4.74157E-3 5.49859E-3 5.7573E-3 5.37583E-3 6.07788E-3 6.93829E-3 7.33295E-3 -9999 -9999 -9999 2.93133E-3 2.25871E-3 -9999 -9999 -9999 -9999 -9999 -9999 -9999 -9999
-9999 -9999 -9999 -9999 -9999 -9999 -9999 -9999 -9999 -9999 -9999 3.45694E-2 1.15456E-2 9.44479E-3 8.02644E-3 3.47616E-3 5.3896E-3 5.27615E-3 3.5955E-3 5.42223E-3 1.49715E-2 1.73403E-2 1.94548E-2 1.7532E-2 8.44557E-3 9.45583E-3 1.72352E-2 2.79545E-2 3.24996E-2 2.66409E-2 1.58087E-2 1.32713E-2 1.04736E-2 1.07214E-2 1.87437E-2 1.89415E-2 1.43652E-2 1.15633E-2 8.24238E-3 5.74982E-3 6.45374E-3 5.78207E-3 5.4817E-3 7.01918E-3 4.4217E-3 5.0686E-3 4.77643E-3 5.07457E-3 6.48159E-3 -9999 -9999 3.40068E-3 3.06313E-3 2.89132E-3 2.95192E-3 -9999 -9999 -9999 -9999 -9999 -9999
-9999 -9999 -9999 -9999 -9999 -9999 -9999 -9999 -9999 -9999 2.08798E-2 2.56658E-2 2.31661E-2 9.15222E-3 4.18436E-3 4.11288E-3 6.39466E-3 5.36258E-3 5.95578E-3 4.06796E-3 1.96107E-2 1.8372E-2 1.03227E-2 1.51763E-2 1.22304E-2 1.38465E-2 1.40813E-2 1.53225E-2 2.54691E-2 1.63108E-2 1.92425E-2 1.37436E-2 1.86117E-2 1.44001E-2 2.2582E-2 2.42158E-2 2.15993E-2 1.70826E-2 1.66242E-2 7.96526E-3 6.97705E-3 6.2672E-3 6.39838E-3 6.37326E-3 5.00903E-3 4.26212E-3 3.83271E-3 4.73232E-3 5.76924E-3 5.20948E-3 4.67935E-3 6.33152E-3 -9999 -9999 3.29871E-3 3.22108E-3 -9999 -9999 -9999 -9999 -9999
-9999 -9999 -9999 -9999 -9999 -9999 -9999 -9999 -9999 3.92367E-2 1.50096E-2 2.19611E-2 8.14266E-3 5.94499E-3 4.73646E-3 5.62457E-3 5.65104E-3 5.45264E-3 6.58633E-3 1.15761E-2 2.15925E-2 2.29361E-2 1.09864E-2 1.47849E-2 1.29542E-2 1.7456E-2 1.55498E-2 1.51261E-2 1.59291E-2 1.98968E-2 2.74554E-2 1.75107E-2 1.48851E-2 2.35555E-2 2.38975E-2 2.13975E-2 2.15436E-2 3.14202E-2 3.14117E-2 2.15898E-2 7.86955E-3 6.73528E-3 6.00378E-3 6.74036E-3 5.38238E-3 3.87766E-3 3.98205E-3 5.0341E-3 5.32016E-3 4.27166E-3 4.59277E-3 5.41081E-3 4.93091E-3 -9999 3.215E-3 3.18693E-3 3.0857E-3 2.92977E-3 -9999 -9999 -9999
-9999 -9999 -9999 -9999 -9999 -9999 -9999 -9999 2.05839E-2 2.60476E-2 2.74381E-2 1.84286E-2 5.01994E-3 6.5179E-3 1.23942E-2 1.04428E-2 6.18581E-3 1.21434E-2 9.8642E-3 1.08944E-2 1.65837E-2 1.64143E-2 1.81053E-2 1.93147E-2 1.14853E-2 1.69608E-2 1.516E-2 1.55769E-2 1.40445E-2 1.36717E-2 2.12979E-2 2.05205E-2 2.19589E-2 2.77077E-2 2.68678E-2 2.05904E-2 2.26477E-2 3.51834E-2 3.70489E-2 5.46567E-2 1.44466E-2 9.51249E-3 6.62759E-3 6.7015E-3 5.36533E-3 4.01642E-3 4.98223E-3 6.37348E-3 5.50001E-3 4.37672E-3 4.63195E-3 5.21019E-3 5.70285E-3 5.9825E-3 3.54577E-3 3.22539E-3 2.74645E-3 2.82569E-3 3.08375E-3 3.05207E-3 3.39948E-3
-9999 -9999 -9999 -9999 -9999 -9999 -9999 -9999 1.98571E-2 1.41954E-2 2.57637E-2 2.16272E-2 2.08849E-2 9.10071E-3 1.25092E-2 3.02042E-2 2.2868E-2 1.38434E-2 1.14333E-2 1.37135E-2 1.7487E-2 1.50839E-2 1.18272E-2 1.62678E-2 1.07947E-2 1.71045E-2 1.65408E-2 1.44869E-2 1.61304E-2 1.54712E-2 2.16927E-2 2.34337E-2 2.69035E-2 3.33319E-2 2.82184E-2 2.77112E-2 2.76078E-2 3.28195E-2 3.39432E-2 4.0762E-2 2.19196E-2 9.43808E-3 8.07914E-3 7.23336E-3 6.48291E-3 6.24826E-3 7.36957E-3 8.65186E-3 8.12288E-3 5.31752E-3 4.87423E-3 6.33617E-3 7.13839E-3 6.43354E-3 -9999 4.08075E-3 3.58275E-3 4.22186E-3 3.55948E-3 3.65642E-3 3.60128E-3
-9999 -9999 -9999 -9999 -9999 -9999 -9999 3.7744E-2 3.95598E-2 2.17589E-2 3.57033E-2 2.89724E-2 3.46467E-2 1.67329E-2 9.89699E-3 2.01619E-2 2.0446E-2 1.54036E-2 1.09871E-2 7.87347E-3 1.41883E-2 1.65581E-2 1.03695E-2 1.34508E-2 9.23557E-3 1.5888E-2 2.59591E-2 1.43702E-2 1.647E-2 2.00093E-2 2.2308E-2 2.58657E-2 3.11029E-2 4.2756E-2 4.53336E-2 4.65493E-2 2.00962E-2 3.37818E-2 2.43475E-2 4.55152E-2 1.79122E-2 1.10383E-2 9.83764E-3 9.07146E-3 9.27755E-3 8.27529E-3 7.90806E-3 8.18052E-3 8.67521E-3 9.45713E-3 7.88719E-3 7.91789E-3 -9999 -9999 -9999 -9999 -9999 -9999 -9999 -9999 -9999
-9999 -9999 -9999 -9999 -9999 -9999 4.08602E-2 6.35107E-2 4.89382E-2 3.61001E-2 4.6151E-2 2.39808E-2 3.59528E-2 3.90374E-2 3.04103E-2 9.63955E-3 2.24752E-2 1.86913E-2 2.34018E-2 5.5494E-3 7.47129E-3 5.915E-3 2.56441E-3 4.46257E-3 8.0001E-3 1.0872E-2 1.67462E-2 1.88914E-2 1.36205E-2 1.48692E-2 1.34776E-2 1.25453E-2 3.38435E-2 6.28511E-2 5.46315E-2 2.09544E-2 4.61621E-2 2.85492E-2 5.3441E-2 5.2447E-2 1.42982E-2 2.33705E-2 1.57882E-2 1.46489E-2 1.2034E-2 1.0292E-2 9.68505E-3 9.71241E-3 9.06771E-3 9.16315E-3 1.04624E-2 1.12599E-2 9.239E-3 9.15387E-3 -9999 -9999 -9999 -9999 -9999 -9999 -9999
-9999 -9999 -9999 -9999 -9999 -9999 5.61687E-2 4.88839E-2 3.22925E-2 3.39669E-2 3.76096E-2 1.57139E-2 3.51863E-2 2.32054E-2 1.74117E-2 2.58266E-2 3.1788E-2 3.29381E-2 2.3222E-2 2.03326E-2 4.23181E-3 5.34332E-3 2.05204E-3 2.91853E-3 3.61881E-3 1.44027E-2 1.01315E-2 1.24355E-2 2.09812E-2 1.35239E-2 2.82564E-2 2.55158E-2 4.01801E-2 2.53921E-2 2.54623E-2 3.14487E-2 4.83411E-2 5.1813E-2 3.33121E-2 3.61257E-2 2.47871E-2 2.99541E-2 1.93533E-2 2.05063E-2 2.29858E-2 2.00035E-2 1.89353E-2 1.37198E-2 1.25606E-2 8.98488E-3 9.26581E-3 5.55446E-3 4.8948E-3 4.80342E-3 4.63636E-3 6.08348E-3 5.76104E-3 5.12028E-3 5.91757E-3 6.40833E-3 5.92599E-3
-9999 -9999 -9999 -9999 -9999 3.46569E-2 4.19095E-2 3.44527E-2 2.89904E-2 4.12853E-2 4.12071E-2 4.50893E-2 3.16822E-2 2.92161E-2 1.81086E-2 1.87594E-2 3.23865E-2 4.28315E-2 2.45448E-2 2.36402E-2 1.70388E-2 1.52219E-2 6.25633E-3 4.6573E-3 8.43382E-3 6.36702E-3 4.0842E-3 6.38687E-3 1.73942E-2 2.0225E-2 1.63206E-2 3.23933E-2 4.18536E-2 4.48825E-2 2.27193E-2 2.75512E-2 4.59932E-2 -9999 -9999 2.23895E-2 -9999 -9999 -9999 4.81611E-2 3.11945E-2 2.08149E-2 1.60718E-2 1.11491E-2 9.27593E-3 1.08816E-2 9.94569E-3 4.93937E-3 4.12513E-3 3.75233E-3 4.22522E-3 5.33744E-3 3.10221E-3 3.64347E-3 3.38562E-3 4.67235E-3 5.85051E-3
-9999 -9999 -9999 -9999 2.2614E-3 1.0585E-2 1.79056E-2 2.12126E-2 3.20063E-2 4.34957E-2 5.93094E-2 5.82769E-2 3.31386E-2 2.49962E-2 3.52773E-2 4.7924E-2 4.6864E-2 3.06489E-2 2.93368E-2 3.708E-2 3.62402E-2 2.19784E-2 1.54555E-2 1.01091E-2 5.75222E-3 3.68931E-3 5.89056E-3 4.69489E-3 7.99074E-3 1.01117E-2 2.55041E-2 3.69073E-2 4.46187E-2 5.42191E-2 1.0663E-2 3.86028E-2 4.39655E-2 5.47841E-2 1.05372E-1 5.13848E-2 9.30293E-2 -9999 4.00608E-2 5.18464E-2 2.68802E-2 2.0994E-2 2.29228E-2 2.6446E-2 1.56533E-2 1.7076E-2 1.08778E-2 4.58114E-3 4.83073E-3 4.20874E-3 3.84559E-3 2.64159E-3 2.26214E-3 2.87546E-3 2.46473E-3 3.25103E-3 5.89927E-3
-9999 -9999 -9999 1.27906E-2 3.45881E-2 3.71047E-2 3.61122E-2 2.53746E-2 4.19185E-2 1.06466E-1 6.66965E-2 7.936E-2 5.33138E-2 3.01902E-2 3.69611E-2 2.72444E-2 3.44983E-2 3.57609E-2 5.73318E-2 6.34866E-2 2.92776E-2 7.23064E-3 7.34128E-3 1.10417E-2 2.6134E-3 2.3665E-3 4.33319E-3 7.91377E-3 8.55151E-3 5.34449E-3 2.24115E-2 4.48747E-2 4.12299E-2 3.84019E-2 2.82665E-2 4.09736E-2 5.48232E-2 4.56784E-2 5.02433E-2 4.16232E-2 7.44158E-2 4.77077E-2 -9999 -9999 2.41089E-2 3.12483E-2 7.93017E-2 5.6138E-2 2.53217E-2 1.3649E-2 2.016E-2 8.67975E-3 5.03212E-3 4.85374E-3 3.59298E-3 2.44646E-3 2.48137E-3 2.6155E-3 2.69141E-3 2.74762E-3 5.39976E-3
-9999 -9999 -9999 1.23131E-4 1.73589E-2 5.20877E-2 5.57814E-2 5.07554E-2 4.53321E-2 7.4939E-2 3.70686E-2 7.51391E-2 6.58537E-2 4.85049E-2 2.64074E-2 1.53499E-2 2.96372E-2 3.13263E-2 5.56368E-2 1.83132E-2 1.08958E-2 5.26925E-3 2.41649E-3 4.43467E-3 4.44699E-3 4.08728E-3 5.25464E-3 1.44564E-2 5.65276E-3 9.61991E-3 1.86196E-2 3.41368E-2 2.22733E-2 3.17436E-2 2.44581E-2 3.36208E-2 5.05788E-2 6.69412E-2 3.97637E-2 2.88351E-2 -9999 -9999 -9999 -9999 -9999 1.50269E-1 1.235E-1 5.11013E-2 2.1287E-2 1.39012E-2 1.3823E-2 2.70553E-2 6.22519E-3 5.68585E-3 3.32023E-3 2.30526E-3 2.62148E-3 2.76212E-3 3.47425E-3 5.28589E-3 8.96476E-3
