Final_Models_Sept202022/M_0.1_F_lqp_Set_1/Bison_8.asc
ncols         97
nrows         127
xllcorner     -2197417.7431653
yllcorner     -584827.01486885
cellsize      30000.0
NODATA_value  -9999
[rows 0 to 26 of 127, columns 0 to 60 of 97]
-9999 -9999 -9999 -9999 -9999 -9999 -9999 -9999 -9999 -9999 -9999 -9999 -9999 -9999 -9999 -9999 -9999 -9999 -9999 -9999 -9999 -9999 -9999 -9999 -9999 -9999 -9999 -9999 -9999 -9999 -9999 -9999 -9999 -9999 -9999 -9999 -9999 -9999 -9999 -9999 -9999 -9999 -9999 -9999 -9999 -9999 -9999 -9999 -9999 -9999 -9999 -9999 -9999 -9999 -9999 -9999 -9999 -9999 -9999 -9999 -9999
-9999 -9999 -9999 -9999 -9999 -9999 -9999 -9999 -9999 -9999 -9999 -9999 -9999 -9999 -9999 -9999 -9999 -9999 -9999 -9999 -9999 -9999 -9999 -9999 -9999 -9999 -9999 -9999 -9999 -9999 -9999 -9999 -9999 -9999 -9999 -9999 -9999 -9999 -9999 -9999 -9999 -9999 -9999 -9999 -9999 -9999 -9999 -9999 -9999 -9999 -9999 -9999 -9999 -9999 -9999 -9999 -9999 -9999 -9999 -9999 -9999
-9999 -9999 -9999 -9999 -9999 -9999 -9999 -9999 -9999 -9999 -9999 -9999 -9999 -9999 -9999 -9999 -9999 -9999 -9999 -9999 -9999 -9999 -9999 -9999 -9999 -9999 -9999 -9999 -9999 -9999 -9999 -9999 -9999 -9999 -9999 -9999 -9999 -9999 -9999 -9999 -9999 -9999 -9999 -9999 -9999 -9999 -9999 -9999 -9999 -9999 -9999 -9999 -9999 -9999 -9999 -9999 -9999 -9999 -9999 -9999 -9999
-9999 -9999 -9999 -9999 -9999 -9999 -9999 -9999 -9999 -9999 -9999 -9999 -9999 -9999 -9999 -9999 -9999 -9999 -9999 3.55611E-2 4.3099E-2 2.41597E-2 4.12667E-2 -9999 -9999 -9999 -9999 -9999 -9999 -9999 -9999 -9999 -9999 -9999 -9999 -9999 -9999 -9999 -9999 -9999 -9999 -9999 -9999 -9999 -9999 -9999 -9999 -9999 -9999 -9999 -9999 -9999 -9999 -9999 -9999 -9999 -9999 -9999 -9999 -9999 -9999
-9999 -9999 -9999 -9999 -9999 -9999 -9999 -9999 -9999 -9999 -9999 -9999 -9999 -9999 -9999 -9999 -9999 -9999 3.87204E-2 3.69377E-2 4.31339E-2 4.45541E-2 4.29588E-2 3.51073E-2 1.8682E-2 -9999 -9999 -9999 -9999 -9999 -9999 -9999 -9999 -9999 -9999 -9999 -9999 -9999 -9999 -9999 -9999 -9999 -9999 -9999 -9999 -9999 -9999 -9999 -9999 -9999 -9999 -9999 -9999 -9999 -9999 -9999 -9999 -9999 -9999 -9999 -9999
-9999 -9999 -9999 -9999 -9999 -9999 -9999 -9999 -9999 -9999 -9999 -9999 -9999 -9999 -9999 -9999 -9999 -9999 2.8468E-2 2.78871E-2 2.95616E-2 3.69844E-2 3.54838E-2 1.88499E-2 1.47397E-2 -9999 -9999 -9999 -9999 -9999 -9999 -9999 -9999 -9999 -9999 -9999 -9999 -9999 -9999 -9999 -9999 -9999 -9999 -9999 -9999 -9999 -9999 -9999 -9999 -9999 -9999 -9999 -9999 -9999 -9999 -9999 -9999 -9999 -9999 -9999 -9999
-9999 -9999 -9999 -9999 -9999 -9999 -9999 -9999 -9999 -9999 -9999 -9999 -9999 -9999 -9999 -9999 -9999 2.15163E-2 2.54678E-2 9.545E-3 1.06318E-2 1.75251E-2 2.64435E-2 1.82529E-2 1.05831E-2 9.49305E-3 -9999 1.53031E-2 1.58771E-2 1.9218E-2 -9999 -9999 -9999 -9999 -9999 -9999 -9999 -9999 1.46531E-2 -9999 -9999 -9999 -9999 -9999 -9999 -9999 -9999 -9999 -9999 -9999 -9999 -9999 -9999 -9999 -9999 -9999 -9999 -9999 -9999 -9999 -9999
-9999 -9999 -9999 -9999 -9999 -9999 -9999 -9999 -9999 -9999 -9999 -9999 -9999 -9999 -9999 -9999 2.70725E-2 2.79039E-2 9.19056E-3 5.80547E-3 5.31167E-3 7.19686E-3 1.11844E-2 1.75257E-2 1.33384E-2 1.04273E-2 1.63186E-2 1.46764E-2 1.46223E-2 1.61961E-2 1.74744E-2 1.95415E-2 1.61407E-2 1.55344E-2 1.53803E-2 1.61697E-2 1.65077E-2 -9999 1.31549E-2 1.21354E-2 -9999 -9999 -9999 -9999 -9999 -9999 -9999 -9999 -9999 -9999 -9999 -9999 -9999 -9999 -9999 -9999 -9999 -9999 -9999 -9999 -9999
-9999 -9999 -9999 -9999 -9999 -9999 -9999 -9999 -9999 -9999 -9999 -9999 -9999 -9999 -9999 2.74845E-2 3.35876E-2 1.95178E-2 6.86744E-3 5.11674E-3 3.73168E-3 4.28419E-3 7.3651E-3 1.6672E-2 1.80821E-2 1.31279E-2 2.11512E-2 2.29726E-2 1.50235E-2 1.32868E-2 1.50437E-2 1.58689E-2 1.63629E-2 1.63923E-2 1.66499E-2 2.16249E-2 1.85417E-2 1.84485E-2 1.36298E-2 1.32096E-2 -9999 -9999 -9999 -9999 -9999 -9999 -9999 -9999 -9999 -9999 -9999 -9999 -9999 -9999 -9999 -9999 -9999 -9999 -9999 -9999 -9999
-9999 -9999 -9999 -9999 -9999 -9999 -9999 -9999 -9999 -9999 -9999 -9999 -9999 -9999 -9999 3.36176E-2 3.13337E-2 1.57609E-2 5.80432E-3 6.22593E-3 6.9353E-3 8.40462E-3 8.78543E-3 1.26513E-2 1.88642E-2 1.58182E-2 1.98736E-2 1.94713E-2 1.3185E-2 1.38717E-2 2.00519E-2 1.84994E-2 1.74658E-2 2.22408E-2 1.93375E-2 2.53052E-2 2.78296E-2 2.25008E-2 1.74796E-2 -9999 -9999 -9999 1.03222E-2 -9999 -9999 -9999 -9999 -9999 -9999 -9999 -9999 -9999 -9999 -9999 -9999 -9999 -9999 -9999 -9999 -9999 -9999
-9999 -9999 -9999 -9999 -9999 -9999 -9999 -9999 -9999 -9999 -9999 -9999 -9999 -9999 1.90512E-2 3.06349E-2 3.0397E-2 1.61428E-2 1.19528E-2 7.48971E-3 9.6367E-3 9.5344E-3 1.49098E-2 1.77543E-2 1.51133E-2 2.55129E-2 2.13493E-2 1.70831E-2 1.93515E-2 1.4606E-2 2.46437E-2 1.93348E-2 1.62022E-2 2.46336E-2 3.65929E-2 3.46185E-2 3.43761E-2 2.37372E-2 1.80218E-2 -9999 -9999 1.00367E-2 -9999 -9999 -9999 -9999 -9999 -9999 -9999 -9999 -9999 -9999 -9999 -9999 -9999 -9999 -9999 -9999 -9999 -9999 -9999
-9999 -9999 -9999 -9999 -9999 -9999 -9999 -9999 -9999 -9999 -9999 -9999 -9999 1.39148E-2 2.8426E-2 3.18585E-2 2.84279E-2 1.41602E-2 1.1275E-2 8.52443E-3 9.44528E-3 1.31829E-2 2.00108E-2 2.29335E-2 2.37839E-2 1.90309E-2 1.87246E-2 1.773E-2 1.18926E-2 1.21922E-2 1.37291E-2 1.9488E-2 1.9525E-2 2.90137E-2 3.53347E-2 3.67998E-2 3.8689E-2 2.10712E-2 1.79013E-2 1.21935E-2 8.86221E-3 9.5154E-3 -9999 1.25817E-2 1.23473E-2 -9999 -9999 -9999 -9999 -9999 -9999 -9999 -9999 -9999 -9999 -9999 -9999 -9999 -9999 -9999 -9999
-9999 -9999 -9999 -9999 -9999 -9999 -9999 -9999 -9999 -9999 -9999 -9999 -9999 3.05136E-2 2.71441E-2 2.05413E-2 2.10319E-2 1.21731E-2 1.6014E-2 3.84121E-3 6.31245E-3 7.45267E-3 1.22608E-2 1.33728E-2 1.12856E-2 1.46354E-2 1.52041E-2 1.12241E-2 1.20208E-2 1.19513E-2 1.88434E-2 2.02978E-2 2.4408E-2 2.38712E-2 2.8607E-2 3.83874E-2 1.96268E-2 1.89715E-2 1.36772E-2 9.42379E-3 8.61198E-3 1.59344E-2 1.41729E-2 1.35456E-2 1.33027E-2 1.52471E-2 -9999 -9999 -9999 -9999 -9999 -9999 -9999 -9999 -9999 -9999 -9999 -9999 -9999 -9999 -9999
-9999 -9999 -9999 -9999 -9999 -9999 -9999 -9999 -9999 -9999 -9999 -9999 4.77905E-2 4.16014E-2 2.54017E-2 2.13423E-2 1.97521E-2 1.12231E-2 1.30617E-2 7.87247E-3 6.90311E-3 9.23171E-3 1.07672E-2 1.24773E-2 1.15046E-2 7.92859E-3 1.1971E-2 8.12132E-3 2.19115E-2 2.77649E-2 2.33681E-2 1.70588E-2 1.52538E-2 1.82599E-2 1.98974E-2 2.13912E-2 1.38688E-2 1.46083E-2 1.26785E-2 8.89112E-3 7.6357E-3 8.61297E-3 1.41188E-2 1.51572E-2 1.59937E-2 1.51351E-2 1.45459E-2 -9999 -9999 -9999 6.16616E-3 4.73867E-3 -9999 -9999 -9999 -9999 -9999 -9999 -9999 -9999 -9999
-9999 -9999 -9999 -9999 -9999 -9999 -9999 -9999 -9999 -9999 -9999 2.97391E-2 2.155E-2 3.11751E-2 2.00355E-2 1.93211E-2 1.13851E-2 6.59409E-3 7.74494E-3 8.23744E-3 8.8574E-3 1.63172E-2 1.60755E-2 1.45427E-2 6.61035E-3 5.47766E-3 1.59618E-2 1.78233E-2 1.52774E-2 1.44208E-2 1.58014E-2 1.86558E-2 1.27416E-2 1.20637E-2 2.23022E-2 2.56609E-2 2.2371E-2 1.79236E-2 1.4742E-2 9.88646E-3 8.96561E-3 8.93349E-3 1.05562E-2 1.17272E-2 1.14234E-2 1.2454E-2 1.29125E-2 1.23229E-2 -9999 -9999 -9999 5.93149E-3 4.90839E-3 -9999 -9999 -9999 -9999 -9999 -9999 -9999 -9999
-9999 -9999 -9999 -9999 -9999 -9999 -9999 -9999 -9999 -9999 -9999 3.02084E-2 1.72134E-2 1.51046E-2 1.01615E-2 5.44572E-3 5.74956E-3 5.77831E-3 3.19592E-3 5.70908E-3 1.21396E-2 1.46639E-2 1.51509E-2 1.62122E-2 5.15462E-3 6.38454E-3 1.39957E-2 2.48916E-2 3.10103E-2 2.56332E-2 1.46238E-2 1.26064E-2 9.74112E-3 1.05083E-2 2.10508E-2 2.26706E-2 1.82242E-2 1.54902E-2 1.21875E-2 9.32364E-3 1.12854E-2 1.08183E-2 1.01609E-2 1.42922E-2 9.01037E-3 1.00961E-2 9.45682E-3 9.13907E-3 1.04144E-2 -9999 -9999 6.53154E-3 5.92554E-3 5.85373E-3 5.98213E-3 -9999 -9999 -9999 -9999 -9999 -9999
-9999 -9999 -9999 -9999 -9999 -9999 -9999 -9999 -9999 -9999 2.85922E-2 3.16092E-2 3.22361E-2 1.0519E-2 3.69239E-3 4.05946E-3 5.77189E-3 4.64901E-3 4.63571E-3 5.95155E-3 2.04614E-2 1.55519E-2 7.94948E-3 1.66433E-2 7.63737E-3 9.0085E-3 9.05062E-3 1.11408E-2 2.46309E-2 1.41606E-2 1.70833E-2 1.21168E-2 1.90684E-2 1.43937E-2 2.55024E-2 2.81859E-2 2.59319E-2 2.15355E-2 2.23306E-2 1.2191E-2 1.14798E-2 1.10367E-2 1.11906E-2 1.21578E-2 9.80446E-3 8.49416E-3 7.48599E-3 8.66033E-3 9.52871E-3 8.83254E-3 8.31455E-3 1.07241E-2 -9999 -9999 6.712E-3 6.90552E-3 -9999 -9999 -9999 -9999 -9999
-9999 -9999 -9999 -9999 -9999 -9999 -9999 -9999 -9999 6.20482E-2 2.89866E-2 3.03163E-2 1.75642E-2 1.00911E-2 4.65576E-3 6.17184E-3 5.64109E-3 7.4543E-3 6.4118E-3 9.17943E-3 1.77075E-2 1.90386E-2 1.1064E-2 1.15507E-2 7.09052E-3 9.59908E-3 1.02303E-2 9.37202E-3 1.20764E-2 1.61591E-2 2.59612E-2 1.6479E-2 1.42992E-2 2.46443E-2 2.60731E-2 2.39179E-2 2.52539E-2 3.67419E-2 3.72736E-2 2.81617E-2 1.20139E-2 1.09732E-2 9.88444E-3 1.14119E-2 9.88637E-3 7.41031E-3 7.5457E-3 8.83224E-3 8.77705E-3 7.48632E-3 7.97674E-3 8.79009E-3 8.07268E-3 -9999 6.53659E-3 6.89054E-3 6.61356E-3 5.96272E-3 -9999 -9999 -9999
-9999 -9999 -9999 -9999 -9999 -9999 -9999 -9999 3.15021E-2 3.98505E-2 5.24993E-2 2.99955E-2 1.48202E-2 1.71283E-2 1.71629E-2 1.47089E-2 1.06759E-2 1.4508E-2 8.75413E-3 8.97247E-3 1.26704E-2 1.33796E-2 2.02098E-2 1.57783E-2 7.69458E-3 9.74129E-3 8.55347E-3 8.61179E-3 8.89309E-3 8.63346E-3 1.87539E-2 1.92737E-2 2.08548E-2 2.82251E-2 2.87659E-2 2.21112E-2 2.55594E-2 3.94049E-2 4.21855E-2 5.86665E-2 1.96113E-2 1.37078E-2 1.01321E-2 1.07248E-2 9.13578E-3 7.22905E-3 8.55352E-3 9.99406E-3 8.86595E-3 7.49449E-3 7.74829E-3 8.17268E-3 8.89803E-3 9.70052E-3 7.17839E-3 6.88751E-3 5.82025E-3 5.66305E-3 5.88006E-3 5.34071E-3 5.58712E-3
-9999 -9999 -9999 -9999 -9999 -9999 -9999 -9999 1.7538E-2 1.40928E-2 2.84697E-2 3.31793E-2 2.31033E-2 2.28295E-2 2.87145E-2 4.05134E-2 2.13571E-2 1.83615E-2 1.58167E-2 1.37022E-2 1.23058E-2 1.1577E-2 9.96684E-3 1.43831E-2 8.53083E-3 1.32767E-2 1.05095E-2 8.75655E-3 1.25347E-2 1.26417E-2 1.90329E-2 2.15289E-2 2.50184E-2 3.25081E-2 2.84548E-2 2.93117E-2 3.0064E-2 3.70133E-2 3.76652E-2 4.56779E-2 2.74429E-2 1.2659E-2 1.14304E-2 1.08448E-2 1.01084E-2 9.83424E-3 1.07721E-2 1.21542E-2 1.16235E-2 8.33202E-3 7.64466E-3 9.25562E-3 1.02704E-2 9.98721E-3 -9999 7.97551E-3 6.99205E-3 8.00768E-3 6.89997E-3 5.83432E-3 5.61849E-3
-9999 -9999 -9999 -9999 -9999 -9999 -9999 3.15127E-2 3.53173E-2 2.78713E-2 4.5283E-2 3.38509E-2 3.12328E-2 2.46662E-2 2.87345E-2 3.5166E-2 2.82686E-2 3.26525E-2 2.54323E-2 2.00235E-2 2.04569E-2 2.07553E-2 1.39492E-2 1.59735E-2 7.79012E-3 1.49138E-2 2.19837E-2 1.23999E-2 1.7296E-2 1.87992E-2 2.23276E-2 2.52226E-2 2.96869E-2 4.03482E-2 4.48301E-2 5.10513E-2 2.19097E-2 3.61087E-2 2.74331E-2 4.89213E-2 2.20281E-2 1.43227E-2 1.32698E-2 1.22928E-2 1.25624E-2 1.15252E-2 1.1155E-2 1.17259E-2 1.20431E-2 1.24786E-2 1.07462E-2 1.04641E-2 -9999 -9999 -9999 -9999 -9999 -9999 -9999 -9999 -9999
-9999 -9999 -9999 -9999 -9999 -9999 3.12244E-2 5.37129E-2 4.72113E-2 3.84658E-2 5.92247E-2 4.66022E-2 3.39947E-2 4.10611E-2 3.94498E-2 2.11121E-2 2.92479E-2 3.73734E-2 3.81294E-2 2.64714E-2 2.5539E-2 1.56769E-2 9.50047E-3 2.03399E-2 1.4077E-2 1.01304E-2 1.83933E-2 2.18804E-2 1.38345E-2 1.15033E-2 1.57755E-2 1.78278E-2 3.04949E-2 5.64573E-2 5.17261E-2 2.29038E-2 4.64889E-2 3.01313E-2 5.49207E-2 5.59846E-2 1.73644E-2 2.67456E-2 1.84702E-2 1.71285E-2 1.48003E-2 1.33042E-2 1.29199E-2 1.32079E-2 1.29371E-2 1.19732E-2 1.25692E-2 1.32511E-2 1.19937E-2 1.27835E-2 -9999 -9999 -9999 -9999 -9999 -9999 -9999
-9999 -9999 -9999 -9999 -9999 -9999 3.96193E-2 3.72619E-2 3.1114E-2 3.87569E-2 3.85954E-2 3.04991E-2 3.72532E-2 1.92257E-2 1.98346E-2 2.80869E-2 3.28759E-2 4.09672E-2 3.1927E-2 3.48236E-2 1.63826E-2 2.3392E-2 1.29787E-2 1.26363E-2 1.80708E-2 2.58882E-2 1.31563E-2 1.3045E-2 1.90389E-2 1.014E-2 2.51327E-2 2.79567E-2 4.30912E-2 2.3053E-2 2.48497E-2 3.23469E-2 4.62308E-2 5.05201E-2 3.38746E-2 3.85846E-2 2.69897E-2 3.15934E-2 2.03031E-2 2.13826E-2 2.45012E-2 2.25541E-2 2.18365E-2 1.63757E-2 1.65583E-2 1.18742E-2 1.1477E-2 7.535E-3 7.26984E-3 7.96976E-3 8.33269E-3 1.08482E-2 1.01916E-2 8.78447E-3 9.21285E-3 1.035E-2 8.48557E-3
-9999 -9999 -9999 -9999 -9999 2.5754E-2 3.10566E-2 2.85199E-2 2.56329E-2 5.86431E-2 6.98497E-2 5.51358E-2 2.9082E-2 2.31135E-2 1.93897E-2 2.40575E-2 2.96825E-2 3.79422E-2 2.72207E-2 3.25108E-2 3.56413E-2 3.29426E-2 2.31123E-2 1.87513E-2 2.43581E-2 2.31277E-2 1.3783E-2 1.27839E-2 2.07824E-2 1.66583E-2 1.03818E-2 3.07501E-2 4.20044E-2 4.68641E-2 2.76172E-2 2.83252E-2 4.39516E-2 -9999 -9999 2.7293E-2 -9999 -9999 -9999 4.76262E-2 3.26856E-2 2.24151E-2 1.79694E-2 1.40345E-2 1.20185E-2 1.32286E-2 1.24082E-2 7.01347E-3 6.47997E-3 6.42968E-3 7.82799E-3 1.04651E-2 5.59659E-3 6.29554E-3 5.37759E-3 6.87298E-3 7.94801E-3
-9999 -9999 -9999 -9999 1.33242E-2 1.69461E-2 1.54286E-2 1.94449E-2 3.40976E-2 5.16598E-2 8.44422E-2 5.44256E-2 3.2638E-2 2.04484E-2 2.95068E-2 3.95977E-2 3.77973E-2 3.37499E-2 3.17146E-2 3.98169E-2 5.2802E-2 3.35586E-2 2.69514E-2 2.68554E-2 2.11307E-2 2.15679E-2 1.46842E-2 1.44402E-2 1.51703E-2 1.15308E-2 2.12996E-2 3.1552E-2 5.44546E-2 4.93002E-2 1.18242E-2 3.60933E-2 4.09338E-2 5.23993E-2 9.60917E-2 5.33811E-2 1.01967E-1 -9999 3.56818E-2 4.97794E-2 2.71758E-2 2.06411E-2 2.25753E-2 2.86501E-2 1.78596E-2 1.97221E-2 1.34371E-2 6.31793E-3 7.19909E-3 6.84305E-3 6.66505E-3 4.94695E-3 4.13788E-3 4.91357E-3 4.03963E-3 5.00711E-3 8.30146E-3
-9999 -9999 -9999 2.8738E-2 4.65071E-2 4.56149E-2 3.02831E-2 2.25175E-2 3.53418E-2 1.11396E-1 7.85786E-2 7.77412E-2 5.58066E-2 2.53978E-2 3.34068E-2 2.51688E-2 2.85987E-2 3.08986E-2 5.54494E-2 4.99951E-2 2.67124E-2 9.50422E-3 2.17918E-2 2.14898E-2 1.0631E-2 1.13404E-2 1.39975E-2 1.92414E-2 1.83622E-2 1.04007E-2 2.03955E-2 3.66862E-2 3.96677E-2 3.22706E-2 2.46154E-2 4.15475E-2 5.06037E-2 4.43319E-2 4.87859E-2 3.88762E-2 7.74787E-2 4.83446E-2 -9999 -9999 2.15543E-2 2.7175E-2 7.4184E-2 5.77146E-2 2.65054E-2 1.48546E-2 2.14213E-2 1.09616E-2 7.23767E-3 7.47457E-3 6.06111E-3 4.29279E-3 4.30694E-3 4.41097E-3 4.39472E-3 4.22953E-3 7.59477E-3
-9999 -9999 -9999 8.74855E-4 2.62042E-2 5.15853E-2 4.97086E-2 4.98317E-2 8.19779E-2 8.21022E-2 4.9264E-2 6.66968E-2 5.11464E-2 3.9288E-2 4.02123E-2 2.2756E-2 2.63811E-2 3.16415E-2 4.13169E-2 1.55103E-2 1.03802E-2 6.29825E-3 5.33551E-3 9.8209E-3 7.10094E-3 1.37634E-2 1.94879E-2 2.43742E-2 1.28564E-2 1.20495E-2 1.85553E-2 2.7281E-2 2.02698E-2 2.6143E-2 2.15401E-2 3.34692E-2 4.77581E-2 6.63825E-2 3.54919E-2 2.25107E-2 -9999 -9999 -9999 -9999 -9999 1.53894E-1 1.16237E-1 5.06565E-2 2.18735E-2 1.55671E-2 1.47612E-2 2.94402E-2 8.31212E-3 8.28798E-3 5.40578E-3 3.92945E-3 4.31924E-3 4.32362E-3 4.99735E-3 7.41339E-3 1.29503E-2
