Final_Models_Sept202022/M_0.1_F_lqp_Set_1/Bison_1.asc
ncols         97
nrows         127
xllcorner     -2197417.7431653
yllcorner     -584827.01486885
cellsize      30000.0
NODATA_value  -9999
[rows 54 to 80 of 127, columns 0 to 60 of 97]
-9999 -9999 -9999 -9999 5.5867E-2 1.17124E-2 1.78488E-3 1.09228E-2 8.75966E-3 1.21011E-3 3.16731E-3 7.25292E-3 3.83527E-3 9.3883E-3 1.03687E-2 9.05194E-3 1.75976E-2 3.14484E-2 4.19816E-2 5.58429E-2 8.94614E-2 1.09686E-1 9.7689E-2 8.12941E-2 6.38349E-2 1.5244E-1 1.11582E-1 8.37289E-2 1.09603E-1 1.0375E-1 1.05171E-1 1.11578E-1 1.41543E-1 1.47788E-1 1.42581E-1 1.52342E-1 1.55251E-1 1.47921E-1 1.57649E-1 1.88284E-1 2.81628E-1 2.97521E-1 2.26418E-1 1.69055E-1 1.62617E-1 1.41376E-1 1.5336E-1 1.30859E-1 1.13575E-1 1.0466E-1 1.12065E-1 1.18651E-1 8.74644E-2 1.41932E-1 1.64989E-1 8.58823E-2 1.06875E-1 9.42702E-2 9.18622E-2 8.31477E-2 5.76158E-2
-9999 -9999 -9999 -9999 -9999 8.97867E-3 2.48932E-3 3.10673E-3 2.44398E-2 2.97714E-3 1.95819E-3 8.13066E-3 1.98685E-2 5.63411E-3 9.23241E-3 7.9077E-3 9.37717E-3 1.6146E-2 4.50376E-2 3.27211E-2 9.85466E-2 1.16708E-1 1.00895E-1 1.44745E-1 6.5752E-2 8.37785E-2 9.30546E-2 9.69355E-2 1.58494E-1 1.49725E-1 1.2621E-1 1.14623E-1 1.29553E-1 1.2862E-1 1.36111E-1 1.71261E-1 1.7862E-1 1.56595E-1 1.96119E-1 1.93759E-1 2.79405E-1 3.55108E-1 2.09777E-1 1.61614E-1 1.69596E-1 1.64068E-1 1.40821E-1 1.23572E-1 1.27721E-1 7.64479E-2 1.05381E-1 1.28512E-1 1.08169E-1 1.70362E-1 1.44304E-1 1.14945E-1 1.1338E-1 9.08075E-2 9.13352E-2 7.76447E-2 6.84304E-2
-9999 -9999 -9999 -9999 -9999 1.77548E-2 4.90797E-3 1.19717E-2 1.84869E-2 5.1326E-3 2.22658E-4 1.7997E-3 1.70861E-3 1.42241E-3 1.25149E-2 7.34984E-3 1.55666E-2 2.21599E-2 3.48627E-2 5.32784E-2 1.03821E-1 7.49146E-2 6.96618E-2 9.20372E-2 6.19683E-2 5.47321E-2 7.90382E-2 1.44341E-1 2.0781E-1 1.45177E-1 1.71342E-1 1.50465E-1 1.49151E-1 1.50568E-1 1.78955E-1 2.25448E-1 1.73705E-1 1.6387E-1 1.96199E-1 1.94492E-1 2.93559E-1 2.4004E-1 1.75205E-1 1.68711E-1 1.6227E-1 1.55083E-1 1.43287E-1 1.32268E-1 1.38626E-1 1.45218E-1 1.62214E-1 1.49492E-1 1.67551E-1 1.53268E-1 1.20564E-1 1.25455E-1 1.17523E-1 1.11239E-1 8.24061E-2 6.51079E-2 3.05988E-2
-9999 -9999 -9999 -9999 -9999 -9999 1.10415E-2 -9999 1.8531E-2 2.02091E-3 1.04676E-3 1.35698E-3 1.74699E-3 2.44718E-3 3.6642E-3 2.134E-2 1.28472E-2 1.95334E-2 3.47348E-2 6.38791E-2 5.87898E-2 6.59205E-2 6.82585E-2 9.4432E-2 7.39902E-2 9.26355E-2 5.5337E-2 1.39118E-1 1.77241E-1 1.76058E-1 3.49239E-1 2.88046E-1 1.81411E-1 1.65546E-1 1.87949E-1 2.37754E-1 2.39152E-1 1.81248E-1 1.97915E-1 1.84372E-1 1.77851E-1 1.5295E-1 2.00655E-1 1.6941E-1 1.33014E-1 1.45864E-1 1.31373E-1 1.46377E-1 1.57066E-1 1.66104E-1 1.59661E-1 1.70596E-1 1.45445E-1 1.37429E-1 1.30199E-1 1.21144E-1 1.11855E-1 1.04376E-1 8.54045E-2 6.07949E-2 4.03475E-2
-9999 -9999 -9999 1.69313E-3 -9999 -9999 -9999 -9999 -9999 5.39662E-3 1.58462E-3 3.45608E-4 1.14927E-3 2.55321E-3 1.31613E-3 2.03988E-2 1.36321E-2 2.13799E-2 3.24952E-2 4.50149E-2 5.5181E-2 7.16694E-2 5.53168E-2 1.28312E-1 5.09898E-2 5.84E-2 5.80143E-2 8.9696E-2 2.33742E-1 2.50163E-1 4.58555E-1 4.04705E-1 1.76779E-1 1.42292E-1 1.59144E-1 2.46846E-1 2.29202E-1 2.9851E-1 5.68179E-1 1.88097E-1 1.79884E-1 1.53338E-1 1.8285E-1 1.55909E-1 8.76311E-2 1.22355E-1 1.59899E-1 1.49184E-1 1.51154E-1 1.47636E-1 1.61233E-1 1.58282E-1 1.5555E-1 1.33157E-1 1.2365E-1 1.27424E-1 1.08801E-1 9.89441E-2 8.84215E-2 7.79623E-2 6.24916E-2
-9999 -9999 -9999 2.59127E-3 3.38433E-3 7.64399E-3 -9999 -9999 -9999 8.13896E-3 2.64166E-4 8.25313E-4 1.37981E-3 4.38009E-3 4.74914E-3 3.17089E-2 2.31592E-2 1.89842E-2 4.08877E-2 5.62303E-2 4.25511E-2 4.75372E-2 6.38897E-2 5.69205E-2 8.24573E-2 3.73911E-2 4.27119E-2 9.20439E-2 2.86446E-1 4.21469E-1 5.41951E-1 4.78553E-1 1.98781E-1 2.09309E-1 2.1021E-1 2.08656E-1 2.30534E-1 5.10671E-1 4.47061E-1 1.90296E-1 1.9262E-1 2.03541E-1 1.79142E-1 1.65672E-1 1.5094E-1 1.44305E-1 1.48445E-1 1.36126E-1 1.45918E-1 2.21264E-1 1.92182E-1 1.69375E-1 1.34426E-1 1.35061E-1 1.02682E-1 1.35082E-1 1.13027E-1 1.23781E-1 1.12596E-1 8.72732E-2 5.47793E-2
-9999 -9999 -9999 2.56777E-3 5.81553E-3 1.08838E-2 8.26473E-3 -9999 -9999 2.49123E-2 1.57671E-3 4.19784E-3 1.21379E-3 2.41461E-3 4.26924E-3 1.46189E-2 2.56025E-2 3.33221E-2 5.04225E-2 5.27503E-2 6.46483E-2 4.18659E-2 3.10407E-2 2.70071E-2 6.1797E-2 3.19442E-3 2.5917E-3 4.76867E-2 1.72127E-1 1.91364E-1 6.40949E-1 6.40136E-1 4.34556E-1 5.36123E-1 4.87923E-1 3.20515E-1 3.66432E-1 4.21158E-1 3.47369E-1 2.08289E-1 2.19245E-1 1.98967E-1 1.84215E-1 1.78528E-1 1.53019E-1 1.47555E-1 1.47624E-1 1.52465E-1 1.53715E-1 3.04209E-1 2.90012E-1 2.53821E-1 1.38907E-1 1.36449E-1 9.9101E-2 1.36766E-1 1.2058E-1 1.35492E-1 1.14975E-1 8.40462E-2 4.92049E-2
-9999 -9999 -9999 2.40644E-3 2.55821E-3 4.74561E-3 -9999 -9999 1.20905E-2 5.96266E-4 1.40579E-4 1.11353E-3 9.08932E-4 1.61205E-3 7.03882E-3 1.4504E-2 9.38834E-2 4.02759E-2 6.1997E-2 3.2546E-2 6.36916E-2 5.03781E-2 4.46284E-2 3.57642E-2 4.10813E-2 3.93545E-3 1.72678E-3 2.82936E-2 1.01855E-1 3.62396E-1 5.49475E-1 6.66458E-1 6.03009E-1 5.14378E-1 6.33572E-1 5.18877E-1 4.75504E-1 5.87346E-1 4.01612E-1 2.73975E-1 2.61205E-1 2.43759E-1 1.99621E-1 1.69468E-1 1.62969E-1 1.90945E-1 1.68572E-1 1.69605E-1 2.21022E-1 3.05758E-1 2.96812E-1 1.6584E-1 1.49475E-1 1.22305E-1 7.09675E-2 1.47749E-1 1.33113E-1 1.07924E-1 1.14661E-1 8.56868E-2 7.82427E-2
-9999 -9999 -9999 2.60368E-3 7.4214E-3 -9999 -9999 1.92771E-2 5.14674E-3 1.15468E-3 3.20647E-4 1.09291E-3 8.72734E-4 6.94383E-4 1.07999E-2 2.26609E-2 7.9063E-2 5.13331E-2 4.98627E-2 5.47145E-2 6.6974E-2 5.63301E-2 3.37455E-2 3.81219E-2 3.38972E-2 7.28656E-3 7.79288E-4 1.46425E-2 5.55766E-2 1.0813E-1 3.47077E-1 6.1673E-1 3.78597E-1 4.57849E-1 7.09205E-1 6.1737E-1 6.23724E-1 7.66575E-1 5.3411E-1 2.60704E-1 2.51618E-1 1.97296E-1 1.72002E-1 1.6032E-1 1.74667E-1 2.09806E-1 1.83106E-1 1.77111E-1 1.72542E-1 2.38647E-1 2.7449E-1 1.478E-1 1.20584E-1 1.32579E-1 1.11691E-1 1.21785E-1 1.2933E-1 1.16023E-1 1.18128E-1 9.47256E-2 6.5261E-2
-9999 -9999 -9999 1.79742E-3 2.05984E-3 -9999 -9999 -9999 1.0307E-2 1.31406E-3 9.17295E-4 2.34692E-3 4.88728E-4 4.00359E-3 1.85941E-2 4.59428E-2 7.50266E-2 6.93138E-2 7.39737E-2 6.79141E-2 8.65143E-2 9.51202E-2 5.92656E-2 3.76597E-2 3.51899E-2 1.1611E-2 4.24015E-3 1.71897E-2 3.66157E-2 6.48895E-2 1.18856E-1 3.79351E-1 4.97855E-1 5.50374E-1 6.17523E-1 6.22473E-1 5.86723E-1 4.51625E-1 2.76696E-1 2.18201E-1 1.8718E-1 1.97103E-1 1.77185E-1 1.72935E-1 1.89698E-1 2.04149E-1 2.39335E-1 1.85708E-1 1.75164E-1 2.41941E-1 2.43044E-1 1.61997E-1 1.51185E-1 1.38637E-1 1.32678E-1 9.75848E-2 1.34335E-1 1.25036E-1 1.28523E-1 1.1838E-1 8.58576E-2
-9999 -9999 -9999 7.03241E-3 2.412E-2 -9999 -9999 -9999 1.30915E-2 1.58587E-2 6.72194E-3 2.96446E-4 5.46715E-3 7.42976E-3 1.07136E-2 4.22782E-2 6.52465E-2 8.63174E-2 1.06118E-1 6.07324E-2 5.3671E-2 1.2998E-1 7.72321E-2 5.03572E-2 3.88276E-2 1.65385E-2 5.0355E-3 1.46502E-2 2.43742E-2 4.9208E-2 7.42613E-2 4.28115E-1 4.73695E-1 5.62929E-1 4.63022E-1 5.73639E-1 5.08138E-1 5.39319E-1 3.05631E-1 2.92166E-1 1.83133E-1 1.85802E-1 1.63459E-1 1.68162E-1 3.02482E-1 3.00775E-1 2.67463E-1 1.99478E-1 1.7234E-1 2.23663E-1 3.06584E-1 1.80157E-1 1.50202E-1 1.07233E-1 1.50649E-1 9.46227E-2 1.22407E-1 1.1732E-1 1.02705E-1 1.19501E-1 8.43846E-2
-9999 -9999 -9999 1.62849E-3 2.84645E-2 -9999 -9999 -9999 1.67769E-2 1.87481E-3 8.84221E-4 6.4457E-5 1.77375E-3 6.96301E-3 6.03029E-2 5.23248E-2 5.03615E-2 1.09324E-1 9.37E-2 8.12792E-2 1.35824E-1 1.62585E-1 7.69116E-2 5.57194E-2 3.81221E-2 1.34053E-2 6.61802E-3 8.33035E-3 1.79507E-2 2.6451E-2 5.49939E-2 2.35507E-1 4.26304E-1 6.67102E-1 5.37538E-1 5.37029E-1 2.86383E-1 4.78814E-1 4.9191E-1 3.23502E-1 1.5537E-1 1.58386E-1 1.47002E-1 1.6667E-1 1.85166E-1 1.95283E-1 2.25554E-1 2.08149E-1 2.51672E-1 2.32068E-1 2.12186E-1 2.02263E-1 1.61545E-1 1.52157E-1 1.3545E-1 1.30314E-1 1.09972E-1 1.52583E-1 1.25696E-1 1.25247E-1 1.31783E-1
-9999 -9999 -9999 -9999 6.03282E-3 -9999 -9999 -9999 -9999 6.16811E-3 6.72122E-4 6.24685E-4 1.90514E-3 2.04058E-3 1.87643E-2 4.27382E-2 3.4285E-2 1.10686E-1 1.47576E-1 1.65676E-1 1.09409E-1 2.60036E-1 1.28325E-1 7.97592E-2 6.55185E-2 2.50528E-2 8.72675E-3 5.3734E-3 1.37869E-2 1.84524E-2 4.61609E-2 7.8315E-2 1.02565E-1 1.77026E-1 1.37601E-1 1.93208E-1 4.58927E-1 3.5418E-1 1.52841E-1 1.14026E-1 2.02033E-1 1.55305E-1 2.42396E-1 1.77971E-1 1.79124E-1 2.39452E-1 2.46743E-1 2.51515E-1 1.8061E-1 1.83536E-1 3.1764E-1 1.82411E-1 1.72697E-1 1.71467E-1 1.7607E-1 1.44451E-1 1.37777E-1 1.30876E-1 1.29564E-1 1.28919E-1 1.2756E-1
-9999 -9999 -9999 -9999 6.52271E-3 -9999 -9999 -9999 -9999 1.52296E-2 5.71851E-3 2.63196E-3 2.67624E-3 1.92635E-3 8.97685E-3 4.50174E-2 9.03214E-2 1.15861E-1 1.33839E-1 1.00457E-1 1.16009E-1 1.53156E-1 1.0078E-1 1.50483E-1 1.36009E-1 2.85669E-2 1.07072E-2 3.67384E-3 8.26385E-3 1.93686E-2 3.36135E-2 4.32546E-2 9.86415E-2 1.98612E-1 1.02942E-1 1.1405E-1 2.30354E-1 1.21113E-1 8.67316E-2 6.42295E-2 1.4707E-1 1.2508E-1 1.88161E-1 2.6452E-1 1.99559E-1 2.36202E-1 4.21654E-1 2.44178E-1 2.33388E-1 2.48275E-1 2.83451E-1 2.02002E-1 1.91036E-1 1.77296E-1 1.78083E-1 1.82617E-1 1.61431E-1 1.52026E-1 1.38414E-1 1.20879E-1 1.19641E-1
-9999 -9999 -9999 -9999 -9999 -9999 -9999 -9999 -9999 1.81141E-2 2.09574E-2 5.09805E-3 4.24118E-3 2.61411E-3 3.09691E-3 1.75347E-2 7.79575E-2 8.78442E-2 9.46246E-2 1.29663E-1 1.07733E-1 1.14492E-1 1.41269E-1 9.05744E-2 4.34291E-2 1.20003E-2 6.10453E-3 7.84326E-3 5.03454E-3 2.43443E-2 3.70611E-2 5.67403E-2 7.1684E-2 1.30193E-1 6.21776E-2 9.41737E-2 2.18321E-1 1.97669E-1 1.19853E-1 1.66055E-1 1.86261E-1 1.32791E-1 2.29202E-1 2.49563E-1 4.71801E-1 5.37082E-1 5.57888E-1 3.17323E-1 2.43947E-1 2.27725E-1 2.5923E-1 2.49568E-1 1.98362E-1 1.38414E-1 1.83161E-1 1.6233E-1 1.62387E-1 1.70908E-1 1.41966E-1 1.22691E-1 1.2528E-1
-9999 -9999 -9999 -9999 -9999 -9999 -9999 -9999 -9999 -9999 1.03353E-2 9.31421E-3 5.56103E-3 1.91297E-3 5.52647E-3 1.46805E-2 7.19512E-2 7.86814E-2 8.5816E-2 9.78744E-2 1.05323E-1 1.13154E-1 1.44056E-1 1.06404E-1 5.34588E-2 1.65251E-2 8.50855E-3 7.46659E-3 9.2549E-3 1.36523E-2 3.923E-2 7.64615E-2 8.32549E-2 7.01772E-2 8.67734E-2 9.05564E-2 1.6938E-1 2.10852E-1 1.3157E-1 1.76005E-1 1.86818E-1 3.95601E-1 4.13976E-1 5.18179E-1 5.88694E-1 6.09795E-1 5.07865E-1 6.77475E-1 2.71095E-1 2.3776E-1 3.44318E-1 2.67285E-1 1.87985E-1 1.77148E-1 1.78727E-1 1.78947E-1 2.02578E-1 2.18396E-1 1.72659E-1 1.3942E-1 1.49064E-1
-9999 -9999 -9999 -9999 -9999 -9999 -9999 -9999 -9999 -9999 9.70039E-3 4.97316E-3 1.74507E-4 5.70468E-4 4.05117E-3 9.95724E-3 6.21561E-2 1.00025E-1 8.61475E-2 1.19568E-1 1.12953E-1 1.20963E-1 1.50468E-1 1.55293E-1 5.2039E-2 2.27381E-2 1.67183E-2 8.30261E-3 1.93654E-2 2.59124E-2 5.17998E-2 8.67721E-2 8.91099E-2 8.63263E-2 1.14057E-1 1.66969E-1 1.53734E-1 1.27715E-1 1.40214E-1 4.16794E-1 4.52915E-1 6.00436E-1 4.50698E-1 5.28998E-1 5.63243E-1 5.58901E-1 3.17198E-1 5.47212E-1 4.44833E-1 5.41337E-1 5.48411E-1 3.64698E-1 2.13802E-1 1.97561E-1 1.88624E-1 1.87522E-1 1.89332E-1 1.60562E-1 1.715E-1 1.61093E-1 1.59004E-1
-9999 -9999 -9999 -9999 -9999 -9999 -9999 -9999 -9999 -9999 1.21064E-2 3.33007E-3 4.13219E-4 6.77229E-4 3.68881E-2 2.34892E-2 4.42825E-2 1.27417E-1 1.06223E-1 2.04386E-1 1.7151E-1 1.49728E-1 1.45547E-1 1.62289E-1 7.56284E-2 1.61714E-2 1.34872E-2 1.58584E-2 1.74918E-2 3.59309E-2 6.96357E-2 1.28472E-1 1.1466E-1 9.1385E-2 1.22699E-1 1.52736E-1 2.28898E-1 3.28822E-1 3.86116E-1 3.42549E-1 4.62558E-1 4.99826E-1 6.17137E-1 5.95548E-1 6.25826E-1 6.60075E-1 6.87127E-1 6.33857E-1 5.21643E-1 6.74451E-1 6.82128E-1 5.99278E-1 4.67919E-1 4.06661E-1 4.06832E-1 2.1927E-1 2.02398E-1 1.93986E-1 1.95919E-1 1.81027E-1 1.69768E-1
-9999 -9999 -9999 -9999 -9999 -9999 -9999 -9999 -9999 -9999 7.76296E-3 2.54701E-3 2.22723E-3 6.28937E-4 4.60267E-3 1.3983E-2 6.68851E-2 1.41961E-1 1.7522E-1 2.64268E-1 2.79265E-1 1.77118E-1 1.40778E-1 1.61466E-1 8.49318E-2 2.99894E-2 1.40576E-2 1.51082E-2 4.14325E-2 2.38941E-2 6.24137E-2 1.29353E-1 1.56351E-1 1.2718E-1 1.77159E-1 1.12934E-1 1.94517E-1 2.56557E-1 2.34337E-1 3.52307E-1 5.58242E-1 6.59898E-1 7.33419E-1 6.94658E-1 8.01042E-1 7.20312E-1 7.18613E-1 7.01079E-1 7.13214E-1 7.30856E-1 4.85558E-1 3.58116E-1 3.74514E-1 4.93729E-1 5.12865E-1 4.98867E-1 2.53395E-1 2.0562E-1 1.98476E-1 1.93702E-1 1.97455E-1
-9999 -9999 -9999 -9999 -9999 -9999 -9999 -9999 -9999 -9999 4.15957E-3 3.85558E-3 2.25097E-3 1.67768E-3 7.02221E-2 4.31548E-3 7.56635E-2 8.12407E-2 1.37743E-1 2.89094E-1 3.69274E-1 2.23355E-1 1.80845E-1 1.2972E-1 1.1963E-1 6.26141E-2 4.35576E-2 1.82318E-2 2.89996E-2 6.07503E-2 4.88123E-2 4.71739E-2 1.1873E-1 2.58726E-1 2.05912E-1 1.73639E-1 1.54574E-1 1.66893E-1 2.10511E-1 3.56252E-1 5.87844E-1 7.76311E-1 7.87892E-1 8.57619E-1 8.44769E-1 7.06615E-1 6.21111E-1 6.70404E-1 5.22133E-1 7.29536E-1 7.13174E-1 4.75803E-1 3.66724E-1 5.65294E-1 4.20464E-1 3.76246E-1 2.72335E-1 3.14729E-1 2.51479E-1 2.06461E-1 2.13974E-1
-9999 -9999 -9999 -9999 -9999 -9999 -9999 -9999 1.1834E-2 5.83828E-3 4.22713E-3 3.95173E-3 2.36942E-3 1.99739E-3 3.11817E-3 5.99352E-2 8.5231E-2 9.34105E-2 1.21802E-1 1.81551E-1 1.86555E-1 2.98488E-1 3.17744E-1 1.77269E-1 1.37612E-1 6.29909E-2 2.37028E-2 1.04276E-2 1.10708E-2 1.97012E-2 1.98903E-2 4.29089E-2 1.13815E-1 1.21409E-1 1.71811E-1 9.34956E-2 1.14481E-1 2.00982E-1 1.80294E-1 4.18343E-1 6.57073E-1 7.832E-1 7.32371E-1 7.42081E-1 7.71079E-1 6.30234E-1 6.46783E-1 6.81634E-1 6.44342E-1 5.42499E-1 6.5064E-1 5.99801E-1 5.10374E-1 4.75454E-1 4.09647E-1 3.59393E-1 4.43924E-1 4.30834E-1 4.00228E-1 2.36341E-1 2.67935E-1
-9999 -9999 -9999 -9999 -9999 -9999 -9999 -9999 7.30702E-3 2.35962E-3 2.39602E-3 5.65388E-3 5.07562E-3 1.10308E-3 1.00912E-3 7.38804E-3 1.09049E-2 1.30248E-1 9.96799E-2 3.97952E-2 6.63776E-2 1.31789E-1 3.26267E-1 1.18898E-1 1.14683E-1 7.1899E-2 3.99103E-2 1.83102E-2 8.12488E-3 9.40607E-3 2.95194E-2 2.16929E-2 9.22276E-2 1.45014E-1 2.20136E-1 1.14234E-1 1.98051E-1 1.66412E-1 1.72527E-1 1.73435E-1 4.91728E-1 7.44701E-1 7.07314E-1 6.88954E-1 6.98824E-1 6.40559E-1 5.965E-1 6.41565E-1 6.2375E-1 6.87486E-1 6.37292E-1 6.00506E-1 5.70655E-1 4.72966E-1 4.53272E-1 5.33719E-1 5.84352E-1 5.90697E-1 4.91166E-1 5.23713E-1 5.50173E-1
-9999 -9999 -9999 -9999 -9999 -9999 -9999 -9999 3.3359E-3 1.76325E-3 4.26213E-4 8.69798E-4 2.98893E-3 1.52372E-3 7.06441E-4 5.39597E-3 3.51147E-3 7.30155E-2 8.93717E-2 8.20003E-2 5.01386E-2 5.62666E-2 2.44834E-1 1.58759E-1 1.49408E-1 1.50895E-1 5.67772E-2 3.43308E-2 1.01554E-2 6.39989E-3 2.33635E-2 2.38208E-2 5.72784E-2 1.99269E-1 4.10705E-1 3.59525E-1 1.77095E-1 2.20614E-1 1.67001E-1 5.02333E-1 7.26152E-1 7.87793E-1 7.72066E-1 7.77103E-1 7.67479E-1 6.63953E-1 6.17864E-1 5.61249E-1 6.93594E-1 6.87216E-1 7.32292E-1 6.4429E-1 6.00455E-1 5.1292E-1 6.07976E-1 4.27778E-1 6.34922E-1 6.11465E-1 4.93612E-1 6.45769E-1 6.59245E-1
-9999 -9999 -9999 -9999 -9999 -9999 -9999 -9999 -9999 8.7858E-3 4.81711E-4 3.40414E-4 6.91262E-4 3.59009E-3 9.35241E-4 1.40646E-3 7.55537E-3 6.97508E-2 3.59323E-1 1.62707E-1 3.00928E-2 3.43477E-2 9.79662E-2 1.94745E-1 1.31861E-1 1.07472E-1 8.13399E-2 5.35019E-2 1.90602E-2 8.58997E-3 6.07356E-3 7.06321E-3 2.35726E-2 5.59303E-2 1.65691E-1 2.11503E-1 2.60258E-1 1.62431E-1 2.40945E-1 7.36976E-1 7.21002E-1 8.43515E-1 8.42772E-1 7.96482E-1 7.34768E-1 6.39651E-1 6.65389E-1 6.79882E-1 5.24918E-1 5.93389E-1 5.66336E-1 6.17909E-1 5.31458E-1 7.64396E-1 7.0782E-1 5.20221E-1 6.14214E-1 6.7689E-1 5.6066E-1 6.37447E-1 5.0993E-1
-9999 -9999 -9999 -9999 -9999 -9999 -9999 -9999 -9999 4.2743E-3 1.95208E-3 3.24059E-4 3.40094E-4 1.89944E-3 6.06136E-3 2.80745E-3 3.04766E-3 3.04866E-3 3.27644E-2 5.36362E-2 3.13567E-2 2.31401E-2 8.0007E-2 1.5487E-1 1.1539E-1 1.13939E-1 1.40122E-1 5.64119E-2 1.75894E-2 4.6184E-3 6.47934E-3 2.48169E-3 3.35528E-2 3.33646E-2 1.40364E-1 2.4235E-1 3.79693E-1 2.48405E-1 1.90287E-1 6.0493E-1 7.93937E-1 7.78932E-1 7.22229E-1 7.33926E-1 6.97774E-1 5.4595E-1 4.56666E-1 6.70049E-1 5.5642E-1 6.13122E-1 6.83128E-1 5.651E-1 6.55914E-1 6.38349E-1 7.13011E-1 6.37594E-1 4.78755E-1 5.35272E-1 5.10323E-1 5.48207E-1 5.46234E-1
-9999 -9999 -9999 -9999 -9999 -9999 -9999 -9999 -9999 -9999 4.61723E-3 6.48021E-4 1.8124E-4 2.85074E-3 6.54648E-3 2.12969E-3 2.52089E-3 5.14589E-3 1.94372E-2 1.51786E-2 2.00204E-2 1.52308E-2 6.23027E-2 2.99764E-1 2.28701E-1 1.76475E-1 1.15934E-1 5.05839E-2 1.42374E-2 8.00023E-3 1.12155E-2 6.96548E-3 5.78921E-3 1.43374E-2 6.29672E-2 1.60925E-1 1.95288E-1 2.30512E-1 3.03082E-1 6.72935E-1 7.60884E-1 7.37029E-1 7.23464E-1 7.08955E-1 5.24167E-1 5.24872E-1 4.47885E-1 5.97659E-1 5.2429E-1 6.05708E-1 7.31754E-1 7.04577E-1 7.17766E-1 7.28627E-1 5.83847E-1 6.64971E-1 6.78388E-1 4.96586E-1 5.06831E-1 5.79273E-1 5.35549E-1
-9999 -9999 -9999 -9999 -9999 -9999 -9999 -9999 -9999 -9999 3.54868E-3 1.192E-3 5.8326E-4 1.22508E-3 6.47687E-3 3.66825E-3 1.75985E-3 1.34628E-3 4.44883E-3 8.12312E-3 1.77439E-2 3.02869E-2 6.20008E-2 1.1885E-1 2.07043E-1 3.5282E-1 3.45392E-1 1.23424E-1 8.21859E-2 1.25147E-2 5.96993E-3 1.76027E-2 2.18452E-2 3.78815E-2 7.7856E-2 8.26784E-2 1.19024E-1 2.29181E-1 2.43237E-1 7.21537E-1 8.08142E-1 7.45511E-1 7.49664E-1 7.84762E-1 7.22335E-1 5.59141E-1 4.09604E-1 4.59429E-1 5.41419E-1 5.61118E-1 6.87694E-1 6.93992E-1 7.09808E-1 6.8944E-1 7.00076E-1 5.98291E-1 6.44397E-1 6.42968E-1 6.41937E-1 4.94243E-1 5.09872E-1
