Final_Models_Sept202022/M_0.1_F_lqp_Set_1/Bison_4.asc
ncols         97
nrows         127
xllcorner     -2197417.7431653
yllcorner     -584827.01486885
cellsize      30000.0
NODATA_value  -9999
[rows 81 to 107 of 127, columns 0 to 60 of 97]
-9999 -9999 -9999 -9999 -9999 -9999 -9999 -9999 -9999 -9999 -9999 1.07209E-2 1.50745E-3 7.12234E-4 7.78871E-3 2.63347E-3 2.40332E-3 2.35553E-4 5.39925E-4 3.78262E-3 1.28796E-3 6.66325E-3 7.55624E-3 6.67693E-2 1.93958E-1 3.10624E-1 1.25306E-1 1.15032E-1 1.02088E-1 1.61749E-2 6.0483E-3 1.49404E-3 2.13426E-3 9.97873E-3 3.42968E-2 5.42015E-2 2.38028E-2 2.993E-1 6.86981E-1 8.40556E-1 9.0179E-1 7.47736E-1 7.20988E-1 7.83552E-1 7.27291E-1 4.82654E-1 3.67105E-1 3.15607E-1 3.8354E-1 4.68824E-1 5.42813E-1 6.77134E-1 6.96098E-1 6.65413E-1 6.39511E-1 4.57937E-1 5.91495E-1 6.13824E-1 5.60875E-1 4.98421E-1 4.72154E-1
-9999 -9999 -9999 -9999 -9999 -9999 -9999 -9999 -9999 -9999 -9999 -9999 1.24401E-2 9.2362E-4 2.62592E-3 2.51448E-3 1.6435E-3 1.28745E-2 2.38312E-3 6.46513E-4 8.67995E-4 5.94095E-4 1.30013E-3 2.34531E-2 2.65303E-1 2.64171E-1 7.05241E-2 8.8109E-2 1.72186E-1 2.91301E-2 5.43188E-3 3.97741E-3 1.30535E-3 5.15548E-3 2.22687E-2 1.39331E-1 4.12831E-2 5.87047E-2 3.53728E-1 7.85538E-1 7.80311E-1 7.42984E-1 7.40009E-1 7.62627E-1 7.00809E-1 4.47069E-1 2.94603E-1 3.95726E-1 4.76558E-1 6.62754E-1 6.66248E-1 6.95118E-1 6.98943E-1 6.85258E-1 6.25555E-1 5.9135E-1 5.94969E-1 5.33417E-1 5.07428E-1 4.26829E-1 5.29325E-1
-9999 -9999 -9999 -9999 -9999 -9999 -9999 -9999 -9999 -9999 -9999 -9999 -9999 5.36987E-3 2.37826E-4 1.52541E-3 1.30868E-4 2.2517E-3 7.08737E-2 1.42933E-2 1.21919E-3 3.10243E-3 3.21252E-4 9.32864E-3 7.69213E-2 6.36061E-2 4.29772E-2 8.90015E-2 3.47708E-2 2.86917E-2 8.36879E-3 5.71511E-3 3.06392E-4 4.86526E-3 6.20918E-3 2.69843E-1 7.95951E-2 3.76331E-2 1.21869E-1 7.48174E-1 8.28483E-1 7.83415E-1 7.51849E-1 7.06357E-1 6.47294E-1 3.89107E-1 3.90323E-1 4.04453E-1 4.77237E-1 6.22423E-1 6.60451E-1 6.64969E-1 7.09238E-1 7.0053E-1 6.66744E-1 6.1934E-1 6.73726E-1 6.26279E-1 4.85655E-1 4.8678E-1 5.10511E-1
-9999 -9999 -9999 -9999 -9999 -9999 -9999 -9999 -9999 -9999 -9999 -9999 -9999 5.68102E-3 1.14504E-3 1.71681E-3 1.65582E-3 -9999 1.5854E-3 3.38585E-2 1.65818E-1 2.27195E-2 7.79146E-4 6.36736E-3 1.2414E-1 8.39256E-2 7.95858E-2 1.05806E-1 4.56418E-2 1.73081E-2 1.66789E-2 2.53154E-3 1.60975E-3 4.93941E-3 1.02823E-2 1.1123E-1 6.32329E-2 4.75079E-2 1.14323E-1 5.67969E-1 7.2614E-1 7.27696E-1 7.35324E-1 5.63228E-1 5.98968E-1 7.07888E-1 6.06035E-1 6.4036E-1 4.44259E-1 5.54763E-1 6.49281E-1 6.20135E-1 6.37472E-1 6.00542E-1 6.2449E-1 3.79607E-1 6.31867E-1 7.12904E-1 5.42633E-1 5.34956E-1 6.39471E-1
-9999 -9999 -9999 -9999 -9999 -9999 -9999 -9999 -9999 -9999 -9999 -9999 -9999 4.85978E-3 2.84348E-3 1.19587E-3 1.54772E-3 -9999 1.87976E-2 2.06046E-1 4.9242E-2 1.05322E-3 1.18883E-4 7.70907E-3 4.83533E-2 5.74701E-2 1.28514E-1 5.67978E-2 3.74656E-2 1.72527E-2 5.44369E-3 1.75716E-3 4.52358E-3 1.06849E-2 9.14618E-3 8.73162E-2 6.10636E-2 7.8895E-2 2.12031E-1 3.17248E-1 5.12706E-1 6.78406E-1 7.3123E-1 6.50532E-1 5.46939E-1 7.1736E-1 4.95832E-1 3.85601E-1 4.40585E-1 6.88267E-1 6.46445E-1 4.77191E-1 6.22983E-1 7.10205E-1 6.50066E-1 5.56325E-1 7.20591E-1 5.2423E-1 5.32245E-1 5.24955E-1 4.99385E-1
-9999 -9999 -9999 -9999 -9999 -9999 -9999 -9999 -9999 -9999 -9999 -9999 -9999 3.86127E-3 3.36798E-3 1.02993E-3 2.09468E-4 -9999 3.94018E-4 3.56356E-2 7.98429E-3 1.57369E-4 3.52262E-4 1.51976E-3 2.99122E-2 1.03868E-1 2.30648E-1 6.31108E-2 3.48802E-2 1.10669E-2 2.22989E-2 9.84015E-3 7.98654E-3 7.16608E-3 1.85442E-2 1.63875E-1 2.04121E-2 1.03552E-1 1.4101E-1 3.54286E-1 4.44026E-1 6.4114E-1 6.71628E-1 6.63197E-1 6.60064E-1 6.00738E-1 4.2663E-1 4.97562E-1 5.39576E-1 7.03808E-1 6.20622E-1 3.12789E-1 5.08796E-1 7.08441E-1 6.78259E-1 6.68221E-1 6.81287E-1 3.71736E-1 4.71143E-1 5.30849E-1 6.05945E-1
-9999 -9999 -9999 -9999 -9999 -9999 -9999 -9999 -9999 -9999 -9999 -9999 -9999 3.86445E-3 2.5879E-3 6.21098E-4 1.15709E-2 -9999 1.69508E-3 5.6313E-2 8.39094E-3 4.75608E-4 3.75381E-4 5.69005E-3 4.22904E-2 1.62741E-1 4.78368E-1 2.231E-1 1.11148E-1 2.08199E-2 4.17479E-2 7.01782E-3 8.11051E-4 1.88469E-2 5.44295E-2 1.19268E-1 1.01946E-1 6.64225E-2 5.69691E-1 5.83805E-1 3.79721E-1 6.32684E-1 7.30435E-1 6.55632E-1 6.48236E-1 6.36915E-1 6.91035E-1 7.34663E-1 6.44587E-1 4.76727E-1 4.25191E-1 2.76631E-1 5.08732E-1 6.46513E-1 7.39551E-1 7.14895E-1 6.13407E-1 4.76549E-1 4.03516E-1 4.60411E-1 5.51555E-1
-9999 -9999 -9999 -9999 -9999 -9999 -9999 -9999 -9999 -9999 -9999 -9999 -9999 2.90061E-3 3.17981E-3 1.78318E-4 6.49571E-4 9.50071E-4 2.83543E-4 4.75201E-2 3.55872E-3 7.5537E-5 6.78892E-4 2.00775E-2 2.13249E-1 4.18763E-1 3.16962E-1 1.23034E-1 5.32137E-2 5.44983E-2 3.59107E-2 8.63651E-3 4.15561E-3 1.12673E-1 2.92173E-2 2.89739E-2 8.98256E-2 1.18174E-2 5.14576E-2 5.05854E-1 4.99811E-1 6.94793E-1 6.72667E-1 6.40725E-1 6.73151E-1 6.44627E-1 6.06214E-1 4.40924E-1 6.64099E-1 6.57832E-1 5.12783E-1 4.67284E-1 7.3758E-1 7.2406E-1 7.21786E-1 6.95083E-1 6.64616E-1 6.24302E-1 6.66363E-1 4.3309E-1 5.22909E-1
-9999 -9999 -9999 -9999 -9999 -9999 -9999 -9999 -9999 -9999 -9999 -9999 -9999 2.14906E-3 4.20316E-3 2.27123E-4 1.8053E-3 1.27311E-4 2.96347E-5 1.53246E-2 2.81222E-3 2.84923E-4 9.65309E-4 3.88646E-2 4.56134E-1 3.2381E-1 1.15154E-1 6.60018E-2 4.22681E-2 1.59266E-1 2.28996E-2 1.85803E-2 1.30385E-2 1.508E-1 1.56977E-2 2.24347E-2 1.25332E-1 6.81269E-3 1.05779E-2 1.42194E-2 4.57262E-1 6.61596E-1 5.91651E-1 7.1293E-1 6.53802E-1 6.44313E-1 6.9842E-1 4.17164E-1 2.49315E-1 3.76013E-1 4.69453E-1 3.59976E-1 6.95181E-1 7.23159E-1 7.37644E-1 7.0468E-1 6.51577E-1 6.6566E-1 6.26206E-1 6.71381E-1 5.32322E-1
-9999 -9999 -9999 -9999 -9999 -9999 -9999 -9999 -9999 -9999 -9999 -9999 -9999 1.43514E-3 2.31331E-3 2.3298E-3 1.60455E-4 6.32859E-5 1.3872E-5 7.97352E-2 5.55234E-4 7.11542E-4 1.82858E-2 3.22206E-1 6.02648E-1 2.23034E-1 2.51396E-1 5.25832E-2 7.35295E-2 1.20227E-1 4.99955E-2 2.58832E-2 5.67752E-2 2.57222E-2 1.55266E-2 2.11312E-2 4.38766E-2 1.25003E-2 5.33153E-2 3.62981E-3 2.14454E-1 2.66583E-1 7.07918E-1 5.31934E-1 6.72366E-1 6.91251E-1 4.10084E-1 4.05305E-1 3.53679E-1 6.27188E-1 5.58904E-1 4.51416E-1 6.91626E-1 5.85212E-1 5.72985E-1 6.01129E-1 6.2015E-1 6.33314E-1 6.69806E-1 6.60996E-1 6.11388E-1
-9999 -9999 -9999 -9999 -9999 -9999 -9999 -9999 -9999 -9999 -9999 -9999 -9999 1.19085E-3 2.46598E-3 1.75521E-3 9.02614E-5 1.29471E-5 3.7019E-3 3.97929E-2 1.78573E-3 1.01737E-3 9.85403E-2 4.83992E-1 3.26017E-1 1.71495E-1 4.23179E-1 3.04028E-1 7.86579E-2 4.53229E-2 5.04939E-2 3.21454E-2 4.62398E-2 1.72084E-2 3.23133E-3 5.97111E-2 7.10223E-2 9.57059E-2 1.67916E-1 1.05593E-2 3.81789E-2 2.47526E-1 6.4314E-1 6.97478E-1 3.67382E-1 3.58887E-1 5.13369E-1 5.06819E-1 6.03824E-1 4.37906E-1 3.21432E-1 3.57938E-1 5.47644E-1 5.82315E-1 5.35348E-1 3.05974E-1 3.33653E-1 4.08284E-1 5.72683E-1 5.75757E-1 4.6407E-1
-9999 -9999 -9999 -9999 -9999 -9999 -9999 -9999 -9999 -9999 -9999 -9999 -9999 2.07102E-3 1.31348E-3 3.68881E-3 2.68241E-3 3.29833E-3 2.4562E-2 3.0854E-3 1.05113E-2 3.8946E-2 9.53368E-2 1.61192E-1 1.52933E-1 1.39881E-1 2.83004E-1 2.75473E-1 4.34975E-1 1.81476E-1 6.75073E-2 5.46046E-2 2.10973E-2 7.04803E-3 3.94618E-3 3.33694E-2 1.52323E-1 2.88307E-1 5.13491E-1 1.45328E-2 4.04735E-2 4.12456E-1 4.82851E-1 6.64216E-1 4.80782E-1 5.64067E-1 6.01476E-1 5.62129E-1 5.46188E-1 5.24351E-1 3.79816E-1 4.08313E-1 5.61313E-1 5.37819E-1 5.25073E-1 4.02992E-1 3.08197E-1 5.35914E-1 4.77028E-1 5.8261E-1 5.45344E-1
-9999 -9999 -9999 -9999 -9999 -9999 -9999 -9999 -9999 -9999 -9999 -9999 7.55897E-4 2.72421E-3 5.53709E-3 7.30431E-3 1.03056E-2 9.70474E-3 4.90152E-3 3.85176E-4 8.92581E-3 2.14282E-1 1.93164E-1 2.2959E-1 3.83008E-2 1.22194E-1 1.99348E-1 2.93203E-1 3.42349E-1 9.88117E-2 1.51069E-1 3.72413E-2 1.39263E-2 7.69863E-3 1.37688E-2 1.14974E-2 1.19266E-1 3.31897E-1 5.78571E-2 1.55565E-2 8.51354E-3 2.88209E-1 5.52064E-1 6.44622E-1 5.97253E-1 6.00813E-1 5.44799E-1 5.12412E-1 4.58062E-1 6.55436E-1 4.55041E-1 4.44679E-1 4.72596E-1 4.60299E-1 4.86206E-1 4.68467E-1 3.55788E-1 6.58257E-1 4.78175E-1 4.65198E-1 6.04344E-1
-9999 -9999 -9999 -9999 -9999 -9999 -9999 -9999 -9999 -9999 -9999 -9999 3.30263E-3 4.61832E-3 2.15213E-3 3.05325E-3 7.57676E-3 7.79625E-3 1.93783E-3 2.27376E-3 4.08375E-2 1.08974E-1 2.52401E-2 1.42687E-1 1.08815E-1 1.16552E-1 6.53557E-2 1.54982E-1 2.38704E-1 2.94404E-1 2.86926E-1 8.42721E-2 2.02411E-2 2.17957E-2 4.87465E-3 2.05798E-2 2.68579E-1 5.62759E-1 1.19411E-1 6.56982E-3 1.00436E-2 2.67486E-1 3.51624E-1 5.08438E-1 5.1284E-1 5.53705E-1 4.0029E-1 5.01828E-1 5.12068E-1 5.31811E-1 3.88187E-1 3.92748E-1 3.42626E-1 4.67678E-1 4.29458E-1 4.16795E-1 4.44421E-1 4.84151E-1 4.90494E-1 4.00764E-1 4.67894E-1
-9999 -9999 -9999 -9999 -9999 -9999 -9999 -9999 -9999 -9999 -9999 -9999 7.05738E-3 2.9089E-3 1.38293E-3 2.98475E-3 6.7268E-3 4.01114E-3 1.4454E-3 1.99918E-2 6.01747E-2 5.59274E-2 3.89745E-2 9.54863E-3 2.22895E-2 6.90814E-2 2.01467E-1 1.06578E-1 2.23055E-1 2.53588E-1 3.59244E-1 2.92914E-2 1.38138E-2 5.86694E-3 4.74763E-3 1.24411E-2 1.72398E-1 5.51682E-1 1.69977E-1 2.02792E-2 1.76614E-2 4.36249E-1 3.62502E-1 5.46376E-1 4.63785E-1 4.80125E-1 4.4105E-1 4.20577E-1 5.25895E-1 7.4147E-1 7.30252E-1 6.94956E-1 4.48046E-1 3.22604E-1 4.22915E-1 5.67432E-1 6.35671E-1 7.30521E-1 4.92594E-1 4.89427E-1 6.14276E-1
-9999 -9999 -9999 -9999 -9999 -9999 -9999 -9999 -9999 -9999 -9999 -9999 2.14779E-2 3.29004E-3 7.34838E-3 3.1462E-3 3.42703E-2 1.06342E-3 6.18954E-3 8.71954E-3 2.03612E-2 2.57258E-2 4.10083E-2 5.07776E-2 2.10742E-2 3.33242E-2 8.28543E-2 1.34129E-1 2.7061E-1 3.36373E-1 3.50943E-1 7.57898E-2 1.85484E-2 8.80701E-3 3.42103E-3 3.52232E-3 5.97098E-2 2.98958E-1 3.33139E-2 8.63908E-2 3.00671E-2 2.95452E-1 3.81339E-1 4.72657E-1 5.18163E-1 5.38597E-1 5.32681E-1 3.52523E-1 4.36742E-1 6.5452E-1 6.72694E-1 7.09399E-1 6.69832E-1 4.34764E-1 7.59598E-1 6.49308E-1 8.11961E-1 5.63647E-1 3.67773E-1 4.76138E-1 4.38322E-1
-9999 -9999 -9999 -9999 -9999 -9999 -9999 -9999 -9999 -9999 -9999 7.26171E-3 4.65011E-3 1.59691E-2 1.31482E-3 3.47365E-5 1.58114E-2 3.97031E-3 1.29092E-2 1.77914E-1 6.36158E-2 2.27377E-2 5.44855E-2 5.71412E-2 3.89531E-3 3.62058E-2 1.28656E-1 3.20596E-1 2.81235E-1 3.84823E-1 3.86989E-1 3.81126E-1 1.91484E-2 2.12428E-2 5.63553E-3 7.10226E-3 3.85344E-2 5.16751E-1 2.77889E-1 1.98872E-1 4.44166E-1 1.85252E-1 6.60421E-1 5.91282E-1 5.2561E-1 6.65478E-1 4.60054E-1 2.239E-1 4.03384E-1 5.12097E-1 4.40101E-1 3.40042E-1 6.02125E-1 7.57733E-1 5.00271E-1 4.41494E-1 3.72242E-1 4.12249E-1 4.5946E-1 5.29007E-1 3.96146E-1
-9999 -9999 -9999 -9999 -9999 -9999 -9999 -9999 -9999 -9999 -9999 3.05846E-3 7.00697E-3 2.7494E-2 1.37922E-2 5.37883E-3 1.63973E-2 6.28436E-3 5.27846E-2 1.14539E-1 1.0315E-1 1.27961E-2 1.11213E-2 1.8381E-2 6.25867E-2 1.24245E-1 1.38468E-1 1.93752E-2 1.36472E-2 5.437E-1 4.69822E-1 6.21066E-1 1.84985E-1 1.25223E-2 1.14794E-2 6.8611E-3 1.52766E-2 6.57746E-1 6.13583E-2 5.61032E-1 4.49054E-1 3.10688E-1 7.38274E-1 5.46616E-1 5.78847E-1 1.94896E-1 1.42578E-1 4.18046E-1 4.28719E-1 6.3019E-1 4.7424E-1 3.22517E-1 5.31051E-1 6.24158E-1 3.29615E-1 3.70153E-1 3.15725E-1 3.35509E-1 4.3762E-1 4.72459E-1 4.85962E-1
-9999 -9999 -9999 -9999 -9999 -9999 -9999 -9999 -9999 -9999 7.62288E-4 8.88132E-4 6.48934E-3 1.127E-2 6.21142E-2 5.77366E-3 3.06968E-3 7.23089E-3 3.1971E-2 2.20953E-2 3.73346E-2 4.33687E-2 5.7343E-2 3.34192E-2 7.31003E-2 2.35406E-1 9.39789E-2 1.6686E-2 5.5326E-2 1.63001E-1 1.7563E-1 6.73529E-1 3.33317E-1 1.0823E-2 1.86817E-2 1.17729E-2 5.53334E-2 6.74271E-1 1.52847E-1 3.95656E-1 7.40588E-1 3.98074E-1 6.07434E-1 7.07028E-1 4.93237E-1 6.18391E-1 3.05669E-1 5.07574E-1 5.19058E-1 2.81716E-1 4.56749E-1 2.57444E-1 2.7352E-1 3.1186E-1 3.19551E-1 3.23752E-1 3.42034E-1 4.28723E-1 3.54612E-1 3.29263E-1 4.02531E-1
-9999 -9999 -9999 -9999 -9999 -9999 -9999 -9999 -9999 -9999 7.67289E-4 4.99699E-4 1.50117E-2 3.2934E-2 1.43835E-2 3.24063E-3 2.87114E-3 8.18029E-3 9.28499E-3 9.8682E-3 1.48885E-2 3.24706E-2 3.84198E-2 6.46877E-2 7.08385E-2 8.0277E-2 1.56073E-1 1.45319E-1 2.40349E-1 2.76085E-1 1.10268E-1 1.51662E-1 3.71847E-2 2.44583E-2 1.6887E-2 9.87815E-3 1.09498E-1 3.63381E-1 1.93262E-1 4.87748E-1 7.7255E-1 1.59002E-1 3.40042E-1 6.34698E-1 5.53822E-1 3.93438E-1 4.27236E-1 2.61366E-1 2.40109E-1 3.21284E-1 2.2356E-1 3.46551E-1 2.86435E-1 3.10845E-1 3.83832E-1 4.79592E-1 3.8453E-1 3.97687E-1 4.27019E-1 4.47576E-1 4.60804E-1
-9999 -9999 -9999 -9999 -9999 -9999 -9999 -9999 -9999 -9999 4.8449E-4 3.01349E-4 2.58079E-2 1.15552E-2 2.47247E-3 3.34325E-3 3.89898E-3 6.44627E-3 1.57159E-2 1.29912E-2 8.6675E-3 1.51111E-2 1.64211E-2 2.22315E-2 6.14423E-2 5.45036E-2 2.66097E-1 5.59686E-2 2.30148E-1 2.46208E-1 4.05891E-2 3.19763E-2 1.30571E-2 4.04629E-2 3.12685E-2 3.65895E-2 1.27734E-1 1.97642E-1 3.39974E-1 3.23501E-1 6.50006E-1 4.92943E-1 6.28447E-1 5.93927E-1 6.16144E-1 5.35449E-1 2.11836E-1 2.49975E-1 2.7243E-1 3.20371E-1 4.31908E-1 4.97043E-1 5.05E-1 3.57597E-1 4.01573E-1 3.0396E-1 2.96164E-1 3.38724E-1 5.83784E-1 4.41403E-1 3.35097E-1
-9999 -9999 -9999 -9999 -9999 -9999 -9999 -9999 -9999 1.75191E-4 3.35148E-4 3.47025E-4 4.64213E-3 1.98113E-3 9.17284E-4 1.77589E-3 7.3576E-3 1.31423E-2 2.42713E-2 1.3348E-2 1.37548E-2 1.98491E-2 2.50145E-2 2.42275E-2 3.56493E-2 3.33082E-2 4.31921E-1 6.88283E-2 4.57194E-2 3.24976E-2 3.34459E-2 7.12448E-2 1.02862E-1 8.72164E-2 8.62966E-2 1.03286E-1 1.38826E-1 1.9529E-1 5.96412E-1 2.38627E-1 6.97311E-1 6.21405E-1 7.41512E-1 4.58729E-1 6.60187E-1 4.53238E-1 4.74472E-1 4.1206E-1 3.40706E-1 2.55123E-1 2.76193E-1 3.78291E-1 3.64608E-1 5.34116E-1 6.26125E-1 5.91863E-1 4.98883E-1 4.6814E-1 3.91889E-1 4.56558E-1 4.2998E-1
-9999 -9999 -9999 -9999 -9999 -9999 -9999 -9999 -9999 2.88292E-4 2.75487E-4 4.38357E-4 1.25267E-3 8.05889E-4 1.03625E-3 1.513E-3 1.00157E-2 4.98142E-3 1.40384E-2 1.80904E-2 3.19208E-2 2.20657E-2 2.50704E-2 2.86916E-2 4.22297E-2 6.38126E-2 2.60061E-1 2.15982E-1 2.18429E-1 1.27605E-1 1.33741E-1 1.75068E-1 5.30121E-2 6.0213E-2 2.5402E-1 2.90664E-1 2.70444E-1 5.8047E-1 5.29676E-1 5.99642E-1 7.35013E-1 7.91014E-1 4.56797E-1 5.26916E-1 7.07662E-1 6.88235E-1 6.26704E-1 4.0012E-1 4.90253E-1 5.27312E-1 5.60969E-1 5.66321E-1 4.20743E-1 5.63084E-1 5.34436E-1 6.45347E-1 5.49949E-1 4.60346E-1 4.89749E-1 3.31484E-1 2.78657E-1
-9999 -9999 -9999 -9999 -9999 -9999 -9999 -9999 1.48454E-4 3.19831E-4 5.97178E-4 5.06059E-3 6.36775E-4 9.18239E-4 1.79673E-3 9.54301E-3 8.47884E-3 1.17673E-2 1.12894E-2 2.18729E-2 2.66019E-2 4.46287E-2 4.66626E-2 8.02555E-2 5.95205E-2 2.1547E-1 1.53111E-1 2.85451E-1 2.00132E-1 3.17473E-1 2.34877E-1 1.85286E-1 4.83392E-2 1.02735E-1 2.16289E-1 1.87266E-1 3.01702E-1 6.84291E-1 5.89789E-1 8.21839E-1 7.80194E-1 6.98674E-1 5.14647E-1 3.23685E-1 1.5802E-1 4.40803E-1 4.43687E-2 2.50044E-1 3.73233E-1 5.89772E-1 4.76501E-1 4.68001E-1 3.23245E-1 4.12491E-1 3.44057E-1 6.8836E-1 6.58566E-1 6.53398E-1 4.59181E-1 3.12095E-1 3.34216E-1
-9999 -9999 -9999 -9999 -9999 -9999 -9999 7.7089E-4 5.03463E-4 2.45347E-4 1.38234E-3 5.14958E-3 5.21209E-4 1.09661E-3 3.69941E-3 1.55032E-2 1.31567E-2 1.75545E-2 1.44344E-2 2.15204E-2 2.864E-2 4.6453E-2 5.13095E-2 7.19385E-2 5.85229E-2 1.10805E-1 9.08485E-2 3.5823E-1 4.29478E-1 4.37972E-1 1.9206E-1 1.41604E-1 6.80934E-2 7.76491E-2 1.22772E-1 3.52555E-1 7.83903E-1 7.23074E-1 7.52462E-1 8.10945E-1 7.08459E-1 6.38743E-1 3.80703E-1 2.0849E-1 1.46149E-1 4.43444E-1 2.91638E-1 4.28929E-2 2.69212E-1 6.91018E-1 5.47614E-1 5.8121E-1 7.58844E-1 4.41023E-1 6.37712E-1 6.33501E-1 7.23086E-1 6.76472E-1 6.35017E-1 3.87403E-1 3.15054E-1
-9999 -9999 -9999 -9999 -9999 -9999 -9999 2.01917E-4 1.96596E-4 9.47417E-5 3.97693E-4 5.27606E-4 4.80568E-4 2.45779E-3 1.22536E-2 1.56239E-2 1.44649E-2 4.24521E-2 1.52181E-2 1.58233E-2 2.43575E-2 5.28393E-2 9.7521E-2 9.75859E-2 9.91487E-2 8.26444E-2 1.26073E-1 3.53411E-1 1.28966E-1 4.30488E-1 1.65238E-1 7.16685E-2 9.605E-2 2.76535E-1 2.52848E-1 6.67105E-1 6.91915E-1 7.51905E-1 8.04499E-1 8.51366E-1 8.14565E-1 5.93936E-1 5.07092E-1 3.71199E-1 2.60908E-1 1.65606E-1 3.24364E-1 2.6284E-1 5.29448E-1 2.60642E-1 3.53946E-1 4.6493E-1 4.99289E-1 6.29395E-1 4.56996E-1 7.08829E-1 5.40713E-1 6.62419E-1 6.44025E-1 3.79979E-1 3.22729E-1
-9999 -9999 -9999 -9999 -9999 -9999 -9999 5.39997E-4 2.90073E-4 1.34899E-4 3.31422E-4 6.93258E-4 1.0229E-3 2.52395E-3 2.22675E-2 1.68722E-2 2.40223E-2 5.41519E-2 2.03046E-2 1.5706E-2 2.50789E-2 2.84077E-2 1.58589E-1 8.77557E-2 6.14436E-2 4.12194E-2 4.78828E-2 2.69688E-1 7.33547E-2 2.14984E-1 2.92458E-1 8.32195E-2 4.04936E-1 3.68471E-1 3.79753E-1 6.28322E-1 7.94578E-1 7.82231E-1 8.10201E-1 7.48447E-1 6.17894E-1 4.47723E-1 3.10551E-1 1.17105E-1 6.54241E-2 1.21663E-1 2.34057E-1 9.53461E-2 4.53866E-1 6.29593E-1 5.82692E-1 6.04992E-1 6.3249E-1 3.90464E-1 6.20452E-1 6.01428E-1 4.16701E-1 6.30263E-1 4.92687E-1 3.16494E-1 4.16063E-1
