Final_Models_Sept202022/M_0.1_F_lqp_Set_1/Bison_3.asc
ncols         97
nrows         127
xllcorner     -2197417.7431653
yllcorner     -584827.01486885
cellsize      30000.0
NODATA_value  -9999
[rows 81 to 107 of 127, columns 0 to 60 of 97]
-9999 -9999 -9999 -9999 -9999 -9999 -9999 -9999 -9999 -9999 -9999 6.37924E-2 4.89076E-3 8.73894E-4 6.45349E-3 6.86765E-3 4.17148E-3 5.96816E-4 8.02089E-4 7.18807E-3 1.84654E-3 1.60907E-2 9.38221E-3 3.57625E-2 1.45716E-1 2.75335E-1 1.03722E-1 7.80413E-2 8.05089E-2 1.19864E-2 6.68604E-3 1.45297E-3 3.8911E-3 1.98027E-2 3.27196E-2 6.16954E-2 7.1694E-2 4.77209E-1 7.13776E-1 8.16384E-1 8.89907E-1 7.0968E-1 6.99508E-1 7.82939E-1 7.22198E-1 5.01649E-1 4.36363E-1 4.0805E-1 4.60201E-1 5.39229E-1 6.00731E-1 7.10701E-1 7.19361E-1 7.05117E-1 6.88027E-1 5.32604E-1 6.33929E-1 6.58867E-1 6.06408E-1 5.5098E-1 5.44029E-1
-9999 -9999 -9999 -9999 -9999 -9999 -9999 -9999 -9999 -9999 -9999 -9999 5.59893E-2 1.68251E-3 2.19447E-3 5.82933E-3 5.73129E-3 3.20484E-2 4.54982E-3 1.50315E-3 1.5686E-3 1.26575E-3 1.19451E-3 9.74396E-3 2.01698E-1 2.67779E-1 5.0349E-2 7.61105E-2 1.22001E-1 2.07139E-2 5.92966E-3 4.38611E-3 2.449E-3 1.15552E-2 5.09904E-2 1.23823E-1 1.0742E-1 1.39989E-1 4.24703E-1 7.59391E-1 8.60277E-1 7.06498E-1 7.14347E-1 7.46569E-1 7.0208E-1 5.14292E-1 3.92929E-1 4.83105E-1 5.40617E-1 6.96483E-1 7.03033E-1 7.26051E-1 7.32179E-1 7.24131E-1 6.77888E-1 6.44018E-1 6.36561E-1 5.8378E-1 5.61643E-1 4.98325E-1 5.88697E-1
-9999 -9999 -9999 -9999 -9999 -9999 -9999 -9999 -9999 -9999 -9999 -9999 -9999 1.74579E-2 2.86771E-4 1.03286E-3 5.10206E-4 2.75755E-2 5.14869E-1 3.72511E-2 4.4908E-3 4.56505E-3 4.31126E-4 4.19891E-3 4.76581E-2 3.57132E-2 2.64737E-2 9.45007E-2 2.70614E-2 1.78975E-2 6.56197E-3 4.93196E-3 1.0501E-3 6.50841E-3 2.40798E-2 2.40706E-1 1.00915E-1 1.0044E-1 1.88904E-1 7.26067E-1 7.88109E-1 7.55615E-1 7.30175E-1 6.93882E-1 6.53197E-1 4.76127E-1 4.8682E-1 5.03428E-1 5.51908E-1 6.68829E-1 6.93183E-1 6.99039E-1 7.43848E-1 7.33313E-1 6.88712E-1 6.48244E-1 6.92276E-1 6.5495E-1 5.45335E-1 5.4887E-1 5.6196E-1
-9999 -9999 -9999 -9999 -9999 -9999 -9999 -9999 -9999 -9999 -9999 -9999 -9999 2.07799E-2 1.46852E-3 1.32794E-3 3.04606E-3 -9999 1.38774E-2 9.89009E-2 2.76388E-1 4.29613E-2 1.03742E-3 3.16672E-3 9.54959E-2 4.75478E-2 7.96781E-2 7.01565E-2 3.09138E-2 1.20176E-2 1.43408E-2 3.85067E-3 2.54535E-3 7.40206E-3 1.86195E-2 8.76999E-2 6.79065E-2 8.72788E-2 1.26596E-1 5.58422E-1 6.69887E-1 6.84376E-1 6.99043E-1 5.65422E-1 6.20536E-1 7.1429E-1 6.59291E-1 6.94209E-1 5.36439E-1 6.08594E-1 6.72173E-1 6.55244E-1 6.83283E-1 6.45237E-1 6.56863E-1 4.48764E-1 6.57395E-1 7.0435E-1 5.96563E-1 5.88786E-1 6.48501E-1
-9999 -9999 -9999 -9999 -9999 -9999 -9999 -9999 -9999 -9999 -9999 -9999 -9999 2.44326E-2 4.55268E-3 9.73477E-4 2.67396E-3 -9999 3.83331E-2 2.74784E-1 1.03169E-1 2.683E-3 1.90271E-4 4.35736E-3 2.77183E-2 4.83053E-2 1.17559E-1 3.69234E-2 2.44501E-2 1.202E-2 4.63175E-3 1.99276E-3 5.32826E-3 1.20521E-2 1.66136E-2 6.6598E-2 8.22405E-2 1.04046E-1 2.19813E-1 2.90991E-1 5.10107E-1 6.29638E-1 6.98528E-1 6.34888E-1 5.76778E-1 7.11273E-1 5.51663E-1 4.8421E-1 5.21155E-1 7.07355E-1 6.64999E-1 5.45089E-1 6.58566E-1 7.29975E-1 6.80149E-1 5.88557E-1 7.21792E-1 5.70839E-1 5.77192E-1 5.73511E-1 5.48725E-1
-9999 -9999 -9999 -9999 -9999 -9999 -9999 -9999 -9999 -9999 -9999 -9999 -9999 8.84398E-3 1.02836E-2 1.22393E-3 7.94067E-4 -9999 2.59539E-3 1.08119E-1 1.53874E-2 9.89111E-4 9.485E-4 1.97505E-3 3.13859E-2 8.91603E-2 1.91327E-1 4.46064E-2 2.19087E-2 7.02661E-3 1.52087E-2 7.42023E-3 6.59597E-3 7.12158E-3 1.53627E-2 1.69836E-1 2.8531E-2 9.58236E-2 1.23688E-1 3.75607E-1 4.45405E-1 5.86931E-1 6.30841E-1 6.51E-1 6.57504E-1 6.2755E-1 5.08542E-1 5.63585E-1 5.94236E-1 7.10325E-1 6.4879E-1 4.11199E-1 5.65819E-1 7.2176E-1 6.95457E-1 6.95329E-1 6.8792E-1 4.16414E-1 5.21734E-1 5.60827E-1 6.30434E-1
-9999 -9999 -9999 -9999 -9999 -9999 -9999 -9999 -9999 -9999 -9999 -9999 -9999 1.6463E-2 3.41643E-3 6.54265E-4 1.10862E-2 -9999 9.66432E-3 1.80596E-1 1.63693E-2 1.0579E-3 2.08811E-3 1.24815E-2 4.05877E-2 1.3102E-1 4.41238E-1 1.86537E-1 9.61174E-2 1.47269E-2 3.03695E-2 5.21389E-3 8.39138E-4 1.5335E-2 4.19021E-2 9.14581E-2 9.23322E-2 4.65203E-2 5.8474E-1 5.45512E-1 3.66666E-1 5.85328E-1 7.08156E-1 6.33685E-1 6.41588E-1 6.46105E-1 6.96222E-1 7.33819E-1 6.70816E-1 5.26785E-1 4.80988E-1 3.65181E-1 5.61857E-1 6.72378E-1 7.51998E-1 7.27192E-1 6.43496E-1 5.24345E-1 4.52519E-1 5.02261E-1 5.71814E-1
-9999 -9999 -9999 -9999 -9999 -9999 -9999 -9999 -9999 -9999 -9999 -9999 -9999 9.06394E-3 6.57411E-3 5.0604E-4 8.28054E-4 2.65611E-3 2.54401E-3 1.73864E-1 6.3328E-3 2.51184E-4 2.69716E-3 2.52954E-2 1.64482E-1 3.45376E-1 2.96798E-1 1.08476E-1 3.86562E-2 5.1878E-2 3.30992E-2 7.40767E-3 4.76483E-3 8.85195E-2 1.82343E-2 1.86267E-2 8.0974E-2 1.52469E-2 5.43608E-2 4.87271E-1 4.44732E-1 6.41981E-1 6.32377E-1 6.08033E-1 6.58808E-1 6.32165E-1 6.25379E-1 5.00128E-1 6.88579E-1 6.8917E-1 5.69209E-1 5.34114E-1 7.48743E-1 7.39264E-1 7.43618E-1 7.14158E-1 6.83408E-1 6.45476E-1 6.72785E-1 4.78005E-1 5.44789E-1
-9999 -9999 -9999 -9999 -9999 -9999 -9999 -9999 -9999 -9999 -9999 -9999 -9999 1.12331E-2 1.11052E-2 9.99039E-4 2.55444E-3 8.43228E-4 1.03978E-3 4.24609E-2 1.24863E-2 6.70047E-4 1.67072E-3 4.02608E-2 3.61618E-1 2.9358E-1 1.02316E-1 5.21755E-2 3.19226E-2 1.90784E-1 1.70633E-2 1.27543E-2 1.4373E-2 1.38044E-1 1.21378E-2 1.81344E-2 1.09231E-1 6.81467E-3 1.30539E-2 3.1603E-2 4.46827E-1 6.05231E-1 5.68597E-1 6.83452E-1 6.34503E-1 6.30272E-1 6.87887E-1 4.85243E-1 3.53833E-1 4.72473E-1 5.37159E-1 4.45622E-1 7.12328E-1 7.41677E-1 7.58153E-1 7.22306E-1 6.72288E-1 6.78762E-1 6.41092E-1 6.82452E-1 5.59558E-1
-9999 -9999 -9999 -9999 -9999 -9999 -9999 -9999 -9999 -9999 -9999 -9999 -9999 1.0337E-2 1.22483E-2 7.02467E-3 5.64436E-4 5.30252E-4 5.25603E-4 2.36991E-1 2.16432E-3 1.10282E-3 1.18274E-2 2.58404E-1 5.22363E-1 2.4096E-1 2.39841E-1 3.98364E-2 6.28344E-2 1.21659E-1 4.32803E-2 2.01841E-2 5.35522E-2 2.22124E-2 1.26511E-2 1.47054E-2 3.48309E-2 1.1524E-2 5.30299E-2 1.48277E-2 2.66179E-1 2.8552E-1 6.75917E-1 5.2809E-1 6.51323E-1 6.77446E-1 4.53266E-1 4.74729E-1 4.58039E-1 6.52524E-1 6.23011E-1 5.17975E-1 7.04569E-1 6.38624E-1 6.29585E-1 6.46493E-1 6.54865E-1 6.66816E-1 6.91979E-1 6.77151E-1 6.22066E-1
-9999 -9999 -9999 -9999 -9999 -9999 -9999 -9999 -9999 -9999 -9999 -9999 -9999 8.7468E-3 1.03767E-2 5.56262E-3 1.28299E-3 5.11934E-4 2.39913E-2 1.14048E-1 3.04498E-3 1.75201E-3 8.14595E-2 4.54284E-1 3.1741E-1 2.05544E-1 3.97742E-1 2.68951E-1 8.4769E-2 6.45066E-2 7.23885E-2 4.06636E-2 6.28653E-2 1.82333E-2 4.00316E-3 5.2934E-2 6.63165E-2 8.00416E-2 1.84456E-1 2.23687E-2 6.53959E-2 2.83494E-1 6.24598E-1 6.83551E-1 4.19933E-1 3.93263E-1 5.31998E-1 5.62935E-1 6.31642E-1 5.11086E-1 4.14789E-1 4.37379E-1 5.88292E-1 6.25404E-1 5.98209E-1 4.00975E-1 4.33613E-1 4.81767E-1 6.05935E-1 5.87267E-1 5.01906E-1
-9999 -9999 -9999 -9999 -9999 -9999 -9999 -9999 -9999 -9999 -9999 -9999 -9999 9.5611E-3 4.30694E-3 6.96054E-3 5.34855E-3 8.63745E-3 6.64878E-2 3.82179E-3 6.8408E-3 3.52353E-2 7.29182E-2 1.66152E-1 1.72161E-1 1.67302E-1 2.93613E-1 3.13722E-1 4.19913E-1 2.21442E-1 1.14872E-1 8.05947E-2 1.91284E-2 6.16337E-3 5.57007E-3 3.37063E-2 1.64161E-1 2.97814E-1 5.23306E-1 2.23733E-2 5.52749E-2 4.24704E-1 4.95457E-1 6.58737E-1 5.29422E-1 5.92452E-1 6.27068E-1 6.01296E-1 5.81257E-1 5.64597E-1 4.42113E-1 4.70973E-1 6.01809E-1 5.92455E-1 5.87912E-1 4.77793E-1 3.94519E-1 5.86215E-1 5.31325E-1 6.0469E-1 5.74807E-1
-9999 -9999 -9999 -9999 -9999 -9999 -9999 -9999 -9999 -9999 -9999 -9999 8.93414E-3 1.33526E-2 1.52849E-2 1.16769E-2 3.02122E-2 3.44519E-2 1.0333E-2 4.63576E-4 5.92726E-3 2.33555E-1 2.21566E-1 2.21697E-1 4.89547E-2 1.43971E-1 2.25753E-1 2.89167E-1 3.5822E-1 1.39517E-1 1.92277E-1 6.23086E-2 1.46017E-2 6.8361E-3 1.19507E-2 1.28179E-2 1.12666E-1 3.47789E-1 1.03492E-1 2.36889E-2 1.09194E-2 3.43462E-1 5.40388E-1 6.28509E-1 5.9863E-1 6.1035E-1 5.99121E-1 5.56866E-1 4.99011E-1 6.37156E-1 4.59661E-1 4.83094E-1 5.21289E-1 5.1466E-1 5.28347E-1 5.24355E-1 4.20891E-1 6.87179E-1 5.29549E-1 5.07199E-1 6.16571E-1
-9999 -9999 -9999 -9999 -9999 -9999 -9999 -9999 -9999 -9999 -9999 -9999 3.9257E-2 1.96077E-2 8.55329E-3 1.06298E-2 3.02055E-2 1.88829E-2 3.30902E-3 1.74718E-3 4.58605E-2 1.60422E-1 5.1621E-2 1.51354E-1 1.30914E-1 1.25422E-1 8.18269E-2 1.86529E-1 2.69305E-1 2.67906E-1 2.39175E-1 1.17743E-1 2.13795E-2 2.4505E-2 4.45837E-3 1.95817E-2 2.61275E-1 4.92326E-1 1.4553E-1 1.06652E-2 1.5402E-2 3.21668E-1 3.74038E-1 5.11139E-1 5.17681E-1 5.59327E-1 4.41686E-1 5.21729E-1 5.13903E-1 5.19562E-1 3.54919E-1 4.11178E-1 3.8592E-1 5.00626E-1 4.66875E-1 4.50214E-1 4.97763E-1 5.36072E-1 5.31552E-1 4.44925E-1 4.90678E-1
-9999 -9999 -9999 -9999 -9999 -9999 -9999 -9999 -9999 -9999 -9999 -9999 3.06463E-2 1.08509E-2 4.54475E-3 1.39869E-2 2.12771E-2 9.52264E-3 1.52818E-3 1.33198E-2 8.21498E-2 6.44149E-2 7.3402E-2 2.18598E-2 3.91386E-2 7.98379E-2 2.2989E-1 1.49435E-1 2.37545E-1 2.24459E-1 3.21768E-1 3.94352E-2 1.37387E-2 5.43785E-3 4.52527E-3 1.24294E-2 1.70313E-1 4.98035E-1 1.66693E-1 2.23945E-2 2.07312E-2 4.43153E-1 3.81394E-1 5.36051E-1 4.62655E-1 4.74433E-1 4.33371E-1 4.17142E-1 5.22705E-1 6.81473E-1 6.7657E-1 6.58876E-1 4.56219E-1 3.6851E-1 4.48381E-1 5.43925E-1 6.10186E-1 7.0855E-1 5.08735E-1 5.01789E-1 6.04999E-1
-9999 -9999 -9999 -9999 -9999 -9999 -9999 -9999 -9999 -9999 -9999 -9999 7.88543E-2 6.37472E-3 1.43576E-2 1.31565E-2 1.5868E-1 1.48816E-3 6.98248E-3 1.02279E-2 2.76535E-2 4.91549E-2 5.38044E-2 7.63341E-2 3.15858E-2 5.21066E-2 1.09157E-1 1.44761E-1 2.53741E-1 3.29832E-1 3.24449E-1 9.56675E-2 2.1254E-2 1.02308E-2 4.16149E-3 3.85609E-3 6.11597E-2 2.93237E-1 3.01102E-2 7.55398E-2 3.39803E-2 3.40429E-1 3.82957E-1 4.52437E-1 4.86488E-1 5.00743E-1 5.0406E-1 3.2028E-1 4.17207E-1 5.89579E-1 6.37915E-1 6.61278E-1 6.09365E-1 4.39053E-1 6.6815E-1 5.87697E-1 7.26097E-1 5.42951E-1 4.01241E-1 4.86869E-1 4.54256E-1
-9999 -9999 -9999 -9999 -9999 -9999 -9999 -9999 -9999 -9999 -9999 2.08633E-2 1.32527E-2 1.94794E-2 4.17416E-3 9.86959E-4 7.99185E-2 6.74204E-3 1.63262E-2 1.86769E-1 8.73263E-2 4.9456E-2 8.91732E-2 7.37392E-2 8.79096E-3 5.51692E-2 1.47251E-1 3.18395E-1 3.05726E-1 3.85177E-1 3.98663E-1 3.97295E-1 2.53444E-2 3.50997E-2 7.23497E-3 8.59185E-3 3.39002E-2 5.43078E-1 3.3004E-1 1.97203E-1 4.18158E-1 1.67529E-1 6.32157E-1 6.06096E-1 4.86841E-1 6.37102E-1 4.36267E-1 2.27774E-1 3.79862E-1 4.8102E-1 4.11899E-1 3.60707E-1 5.65991E-1 6.83212E-1 4.6856E-1 4.40439E-1 3.86747E-1 4.29753E-1 4.78983E-1 5.40902E-1 4.15757E-1
-9999 -9999 -9999 -9999 -9999 -9999 -9999 -9999 -9999 -9999 -9999 1.59508E-2 1.18986E-2 2.24469E-2 1.2486E-2 2.05992E-2 5.45194E-2 4.97298E-3 6.25345E-2 1.33178E-1 1.23998E-1 2.82275E-2 2.54299E-2 2.82818E-2 8.34629E-2 1.48436E-1 1.49262E-1 2.0951E-2 1.71224E-2 5.40865E-1 4.97398E-1 5.97158E-1 2.86735E-1 1.53235E-2 1.53303E-2 7.40403E-3 1.79804E-2 6.58911E-1 6.69504E-2 5.38091E-1 4.59609E-1 3.13554E-1 7.30017E-1 5.66072E-1 5.66243E-1 2.05059E-1 1.31749E-1 3.87258E-1 4.03981E-1 6.1865E-1 4.49425E-1 3.3953E-1 5.1178E-1 5.62098E-1 3.41884E-1 3.93364E-1 3.55918E-1 3.75252E-1 4.64128E-1 4.84271E-1 4.9781E-1
-9999 -9999 -9999 -9999 -9999 -9999 -9999 -9999 -9999 -9999 1.99524E-3 2.70459E-3 1.07188E-2 1.35816E-2 1.23527E-1 2.18549E-2 3.90551E-3 9.48399E-3 5.0786E-2 4.34884E-2 5.4092E-2 7.71577E-2 9.30507E-2 6.62935E-2 1.13224E-1 2.53729E-1 1.13728E-1 2.09973E-2 7.86078E-2 1.90584E-1 2.33422E-1 6.62993E-1 4.25276E-1 1.38466E-2 3.24507E-2 1.75786E-2 1.12421E-1 6.58252E-1 1.46047E-1 3.90948E-1 7.3343E-1 4.44716E-1 6.4639E-1 6.96397E-1 5.00385E-1 6.10207E-1 3.2395E-1 5.31804E-1 5.01113E-1 4.16754E-1 5.09137E-1 2.72224E-1 3.08626E-1 3.31054E-1 3.42573E-1 3.52732E-1 3.7602E-1 4.57226E-1 3.99949E-1 3.64662E-1 4.28242E-1
-9999 -9999 -9999 -9999 -9999 -9999 -9999 -9999 -9999 -9999 1.48754E-3 1.09468E-3 1.70583E-2 2.53599E-2 5.8062E-2 8.61591E-3 3.19521E-3 1.85093E-2 2.10971E-2 3.08905E-2 3.11404E-2 7.94355E-2 9.40145E-2 1.22311E-1 1.39534E-1 1.38992E-1 1.82801E-1 2.04635E-1 3.04844E-1 3.44616E-1 1.41985E-1 2.21772E-1 4.14999E-2 3.04016E-2 2.37949E-2 1.57131E-2 1.69221E-1 3.90094E-1 1.8988E-1 5.60998E-1 7.68858E-1 1.46869E-1 3.78749E-1 6.32414E-1 5.77088E-1 4.1871E-1 4.25146E-1 2.63303E-1 2.60413E-1 3.45567E-1 2.57844E-1 3.5937E-1 3.08576E-1 3.25873E-1 4.00041E-1 4.78663E-1 4.10064E-1 4.37021E-1 4.49713E-1 4.61882E-1 4.66593E-1
-9999 -9999 -9999 -9999 -9999 -9999 -9999 -9999 -9999 -9999 1.02877E-3 5.49787E-4 2.14225E-2 2.56428E-2 1.48611E-2 8.59795E-3 4.89207E-3 1.5301E-2 4.25498E-2 3.39367E-2 2.44349E-2 3.63384E-2 3.6949E-2 4.80522E-2 1.0559E-1 6.90748E-2 2.94929E-1 5.65649E-2 2.76012E-1 2.83743E-1 5.82395E-2 4.2386E-2 2.44543E-2 3.70092E-2 4.44101E-2 3.73042E-2 1.51779E-1 1.96057E-1 3.81086E-1 3.4006E-1 6.92866E-1 5.25246E-1 6.02848E-1 5.64515E-1 6.03191E-1 5.7353E-1 2.66958E-1 2.53329E-1 2.77399E-1 3.2745E-1 4.33886E-1 5.48604E-1 4.98686E-1 3.81961E-1 4.19785E-1 3.4284E-1 3.32559E-1 3.72307E-1 5.6305E-1 4.40317E-1 3.55106E-1
-9999 -9999 -9999 -9999 -9999 -9999 -9999 -9999 -9999 9.39912E-4 7.52164E-4 5.737E-4 9.54304E-3 8.9772E-3 2.65465E-3 2.88278E-3 9.17796E-3 3.73866E-2 5.87968E-2 1.76923E-2 3.15887E-2 4.46318E-2 5.2081E-2 6.40915E-2 3.40383E-2 2.20994E-2 4.39806E-1 9.3295E-2 4.35218E-2 3.40523E-2 3.18603E-2 8.39804E-2 1.01848E-1 1.13335E-1 1.18065E-1 1.14452E-1 1.32343E-1 1.70009E-1 6.48136E-1 2.49074E-1 7.10616E-1 6.26159E-1 7.32586E-1 4.50465E-1 6.44332E-1 5.13798E-1 4.95061E-1 3.94385E-1 3.37607E-1 2.76218E-1 3.11037E-1 4.01712E-1 3.96546E-1 5.26609E-1 5.97117E-1 5.62472E-1 4.95949E-1 4.6278E-1 4.14285E-1 4.47516E-1 4.18439E-1
-9999 -9999 -9999 -9999 -9999 -9999 -9999 -9999 -9999 1.13659E-3 4.14818E-4 6.49696E-4 5.00638E-3 1.97474E-3 1.62681E-3 1.87646E-3 8.96009E-3 2.37264E-2 4.94179E-2 3.62243E-2 8.4371E-2 4.18655E-2 4.10265E-2 5.89603E-2 4.33599E-2 6.72973E-2 3.05174E-1 2.83772E-1 2.4561E-1 1.41851E-1 1.44731E-1 2.00229E-1 5.34579E-2 9.99544E-2 3.16667E-1 3.77747E-1 2.81033E-1 5.8153E-1 5.69569E-1 6.21383E-1 7.21548E-1 7.87772E-1 4.93747E-1 5.47987E-1 7.0739E-1 7.19827E-1 6.24034E-1 4.40254E-1 5.42776E-1 5.28351E-1 5.58625E-1 5.58602E-1 4.29588E-1 5.58403E-1 5.21878E-1 6.21276E-1 5.34989E-1 4.61594E-1 4.81803E-1 3.58446E-1 3.04641E-1
-9999 -9999 -9999 -9999 -9999 -9999 -9999 -9999 4.45197E-4 6.97601E-4 1.10712E-3 9.48428E-3 1.69829E-3 1.87023E-3 2.37627E-3 1.13434E-2 1.2677E-2 2.97314E-2 4.22634E-2 4.94112E-2 7.92512E-2 9.46692E-2 5.27045E-2 6.90225E-2 4.62848E-2 2.34548E-1 2.00606E-1 3.24195E-1 2.11463E-1 3.3898E-1 2.51488E-1 1.57498E-1 4.03553E-2 1.41524E-1 2.66195E-1 1.97626E-1 3.14895E-1 6.57841E-1 5.93294E-1 7.96266E-1 7.69565E-1 7.09624E-1 5.30571E-1 3.77435E-1 1.69346E-1 4.61801E-1 7.69656E-2 3.34495E-1 3.73306E-1 5.80599E-1 4.76243E-1 4.63889E-1 3.40896E-1 4.33217E-1 3.76191E-1 6.55617E-1 6.36588E-1 6.39042E-1 4.73031E-1 3.52984E-1 3.51147E-1
-9999 -9999 -9999 -9999 -9999 -9999 -9999 2.21675E-3 1.54856E-3 6.0923E-4 2.86309E-3 1.07084E-2 1.02764E-3 1.44262E-3 2.57642E-3 2.81388E-2 3.48468E-2 4.32694E-2 5.96812E-2 7.09552E-2 9.55828E-2 6.3876E-2 6.43288E-2 8.19079E-2 6.287E-2 1.49807E-1 1.45484E-1 3.74796E-1 4.3306E-1 4.4315E-1 2.10634E-1 1.19325E-1 5.50807E-2 8.82431E-2 1.67604E-1 3.10134E-1 7.7133E-1 7.0907E-1 7.816E-1 7.93387E-1 7.10218E-1 6.65451E-1 4.12402E-1 2.50929E-1 1.5425E-1 4.64576E-1 3.43358E-1 1.04574E-1 4.25482E-1 6.93029E-1 5.95477E-1 5.73768E-1 6.92233E-1 4.46377E-1 6.29422E-1 6.14928E-1 6.81599E-1 6.56394E-1 6.01268E-1 4.24296E-1 3.46076E-1
-9999 -9999 -9999 -9999 -9999 -9999 -9999 1.02973E-3 5.29342E-4 1.73326E-4 8.05528E-4 1.15639E-3 6.75165E-4 2.09357E-3 1.50948E-2 2.92077E-2 3.67397E-2 1.07312E-1 6.02487E-2 5.63172E-2 7.4959E-2 1.14676E-1 1.65043E-1 1.24783E-1 1.33375E-1 1.08905E-1 1.73459E-1 3.98536E-1 1.54742E-1 4.37803E-1 1.76674E-1 6.6732E-2 8.67917E-2 2.41895E-1 2.95987E-1 6.66892E-1 6.79979E-1 7.72549E-1 8.1357E-1 8.44306E-1 8.07629E-1 6.43098E-1 5.29414E-1 3.35809E-1 2.67925E-1 1.69017E-1 3.45175E-1 2.98252E-1 5.77407E-1 3.89578E-1 4.56071E-1 4.71278E-1 5.43534E-1 6.3151E-1 4.6867E-1 6.94089E-1 5.38913E-1 6.55528E-1 6.05021E-1 4.02007E-1 3.47088E-1
-9999 -9999 -9999 -9999 -9999 -9999 -9999 2.87399E-3 1.29934E-3 2.28527E-4 9.64287E-4 1.82835E-3 2.60861E-3 1.94176E-3 3.1968E-2 2.98549E-2 4.62931E-2 1.1262E-1 6.40582E-2 5.45144E-2 7.12628E-2 8.13566E-2 2.47147E-1 1.57365E-1 9.84919E-2 8.26763E-2 8.5593E-2 3.05263E-1 9.55817E-2 2.61397E-1 3.27733E-1 9.0542E-2 3.97601E-1 4.41622E-1 4.22397E-1 6.40296E-1 7.72682E-1 7.45058E-1 8.20325E-1 7.57264E-1 6.52213E-1 5.53191E-1 4.09379E-1 1.06292E-1 9.00356E-2 1.29724E-1 2.40437E-1 1.21105E-1 4.95658E-1 6.75083E-1 6.00997E-1 5.88763E-1 6.67279E-1 4.18546E-1 6.36375E-1 6.018E-1 4.5058E-1 6.11527E-1 4.99927E-1 3.53577E-1 4.36116E-1
