Final_Models_Sept202022/M_0.1_F_lqp_Set_1/Bison_stddev.asc
ncols         97
nrows         127
xllcorner     -2197417.7431653
yllcorner     -584827.01486885
cellsize      30000.0
NODATA_value  -9999
[rows 0 to 26 of 127, columns 0 to 60 of 97]
-9999 -9999 -9999 -9999 -9999 -9999 -9999 -9999 -9999 -9999 -9999 -9999 -9999 -9999 -9999 -9999 -9999 -9999 -9999 -9999 -9999 -9999 -9999 -9999 -9999 -9999 -9999 -9999 -9999 -9999 -9999 -9999 -9999 -9999 -9999 -9999 -9999 -9999 -9999 -9999 -9999 -9999 -9999 -9999 -9999 -9999 -9999 -9999 -9999 -9999 -9999 -9999 -9999 -9999 -9999 -9999 -9999 -9999 -9999 -9999 -9999
-9999 -9999 -9999 -9999 -9999 -9999 -9999 -9999 -9999 -9999 -9999 -9999 -9999 -9999 -9999 -9999 -9999 -9999 -9999 -9999 -9999 -9999 -9999 -9999 -9999 -9999 -9999 -9999 -9999 -9999 -9999 -9999 -9999 -9999 -9999 -9999 -9999 -9999 -9999 -9999 -9999 -9999 -9999 -9999 -9999 -9999 -9999 -9999 -9999 -9999 -9999 -9999 -9999 -9999 -9999 -9999 -9999 -9999 -9999 -9999 -9999
-9999 -9999 -9999 -9999 -9999 -9999 -9999 -9999 -9999 -9999 -9999 -9999 -9999 -9999 -9999 -9999 -9999 -9999 -9999 -9999 -9999 -9999 -9999 -9999 -9999 -9999 -9999 -9999 -9999 -9999 -9999 -9999 -9999 -9999 -9999 -9999 -9999 -9999 -9999 -9999 -9999 -9999 -9999 -9999 -9999 -9999 -9999 -9999 -9999 -9999 -9999 -9999 -9999 -9999 -9999 -9999 -9999 -9999 -9999 -9999 -9999
-9999 -9999 -9999 -9999 -9999 -9999 -9999 -9999 -9999 -9999 -9999 -9999 -9999 -9999 -9999 -9999 -9999 -9999 -9999 4.957E-3 1.19185E-2 7.00971E-3 9.39516E-3 -9999 -9999 -9999 -9999 -9999 -9999 -9999 -9999 -9999 -9999 -9999 -9999 -9999 -9999 -9999 -9999 -9999 -9999 -9999 -9999 -9999 -9999 -9999 -9999 -9999 -9999 -9999 -9999 -9999 -9999 -9999 -9999 -9999 -9999 -9999 -9999 -9999 -9999
-9999 -9999 -9999 -9999 -9999 -9999 -9999 -9999 -9999 -9999 -9999 -9999 -9999 -9999 -9999 -9999 -9999 -9999 5.02172E-3 5.96201E-3 7.94863E-3 7.39111E-3 1.0663E-2 7.12651E-3 4.42479E-3 -9999 -9999 -9999 -9999 -9999 -9999 -9999 -9999 -9999 -9999 -9999 -9999 -9999 -9999 -9999 -9999 -9999 -9999 -9999 -9999 -9999 -9999 -9999 -9999 -9999 -9999 -9999 -9999 -9999 -9999 -9999 -9999 -9999 -9999 -9999 -9999
-9999 -9999 -9999 -9999 -9999 -9999 -9999 -9999 -9999 -9999 -9999 -9999 -9999 -9999 -9999 -9999 -9999 -9999 6.01964E-3 7.18307E-3 6.36345E-3 7.01159E-3 6.48908E-3 3.54835E-3 3.1843E-3 -9999 -9999 -9999 -9999 -9999 -9999 -9999 -9999 -9999 -9999 -9999 -9999 -9999 -9999 -9999 -9999 -9999 -9999 -9999 -9999 -9999 -9999 -9999 -9999 -9999 -9999 -9999 -9999 -9999 -9999 -9999 -9999 -9999 -9999 -9999 -9999
-9999 -9999 -9999 -9999 -9999 -9999 -9999 -9999 -9999 -9999 -9999 -9999 -9999 -9999 -9999 -9999 -9999 5.36947E-3 4.97603E-3 3.19308E-3 3.11918E-3 4.28377E-3 4.80868E-3 2.95168E-3 2.16562E-3 2.1309E-3 -9999 3.156E-3 3.2504E-3 3.91129E-3 -9999 -9999 -9999 -9999 -9999 -9999 -9999 -9999 3.68004E-3 -9999 -9999 -9999 -9999 -9999 -9999 -9999 -9999 -9999 -9999 -9999 -9999 -9999 -9999 -9999 -9999 -9999 -9999 -9999 -9999 -9999 -9999
-9999 -9999 -9999 -9999 -9999 -9999 -9999 -9999 -9999 -9999 -9999 -9999 -9999 -9999 -9999 -9999 7.83523E-3 4.61736E-3 2.20209E-3 1.66198E-3 1.58367E-3 2.06399E-3 1.83522E-3 2.89369E-3 2.08407E-3 2.18746E-3 3.22975E-3 3.09122E-3 3.04955E-3 3.35591E-3 3.6687E-3 4.32704E-3 3.56324E-3 3.49792E-3 3.54979E-3 3.80985E-3 4.06185E-3 -9999 3.29704E-3 3.02627E-3 -9999 -9999 -9999 -9999 -9999 -9999 -9999 -9999 -9999 -9999 -9999 -9999 -9999 -9999 -9999 -9999 -9999 -9999 -9999 -9999 -9999
-9999 -9999 -9999 -9999 -9999 -9999 -9999 -9999 -9999 -9999 -9999 -9999 -9999 -9999 -9999 8.90567E-3 7.89235E-3 3.71289E-3 1.83828E-3 1.60307E-3 1.24422E-3 1.31198E-3 1.48546E-3 2.46221E-3 2.66779E-3 2.25141E-3 5.06819E-3 5.52445E-3 3.14291E-3 2.83533E-3 3.21598E-3 3.41702E-3 3.52061E-3 3.54276E-3 3.66082E-3 4.78786E-3 4.31674E-3 4.38117E-3 3.30404E-3 3.24039E-3 -9999 -9999 -9999 -9999 -9999 -9999 -9999 -9999 -9999 -9999 -9999 -9999 -9999 -9999 -9999 -9999 -9999 -9999 -9999 -9999 -9999
-9999 -9999 -9999 -9999 -9999 -9999 -9999 -9999 -9999 -9999 -9999 -9999 -9999 -9999 -9999 8.31758E-3 6.10069E-3 2.93914E-3 1.63667E-3 1.7123E-3 1.80091E-3 1.88445E-3 1.34381E-3 1.61147E-3 2.72958E-3 3.09583E-3 4.94605E-3 4.88904E-3 2.81142E-3 2.99465E-3 4.05396E-3 3.79909E-3 3.71745E-3 4.63899E-3 4.13986E-3 5.5679E-3 6.26903E-3 5.23709E-3 4.02903E-3 -9999 -9999 -9999 2.98647E-3 -9999 -9999 -9999 -9999 -9999 -9999 -9999 -9999 -9999 -9999 -9999 -9999 -9999 -9999 -9999 -9999 -9999 -9999
-9999 -9999 -9999 -9999 -9999 -9999 -9999 -9999 -9999 -9999 -9999 -9999 -9999 -9999 5.31543E-3 5.07813E-3 3.75212E-3 2.71691E-3 1.87849E-3 1.62568E-3 2.01222E-3 1.98185E-3 1.71789E-3 2.72481E-3 2.19912E-3 4.62252E-3 5.58652E-3 4.30674E-3 4.31038E-3 3.12849E-3 4.86567E-3 3.85994E-3 3.43192E-3 5.31196E-3 6.95286E-3 7.29227E-3 7.20558E-3 5.23041E-3 3.94947E-3 -9999 -9999 2.93202E-3 -9999 -9999 -9999 -9999 -9999 -9999 -9999 -9999 -9999 -9999 -9999 -9999 -9999 -9999 -9999 -9999 -9999 -9999 -9999
-9999 -9999 -9999 -9999 -9999 -9999 -9999 -9999 -9999 -9999 -9999 -9999 -9999 6.04925E-3 8.55199E-3 7.20478E-3 3.60332E-3 2.34003E-3 1.93731E-3 2.59704E-3 2.06623E-3 2.58769E-3 2.6094E-3 3.10308E-3 4.69702E-3 4.88744E-3 5.10245E-3 4.45186E-3 2.71998E-3 2.64649E-3 2.8132E-3 3.82792E-3 3.96265E-3 5.79399E-3 6.7518E-3 6.9299E-3 7.56323E-3 4.86066E-3 3.86281E-3 2.86738E-3 2.50517E-3 2.74015E-3 -9999 3.35234E-3 3.35297E-3 -9999 -9999 -9999 -9999 -9999 -9999 -9999 -9999 -9999 -9999 -9999 -9999 -9999 -9999 -9999 -9999
-9999 -9999 -9999 -9999 -9999 -9999 -9999 -9999 -9999 -9999 -9999 -9999 -9999 8.88931E-3 7.21423E-3 3.71678E-3 2.19248E-3 2.29176E-3 4.65722E-3 1.50699E-3 2.14233E-3 2.09062E-3 1.99974E-3 1.91741E-3 2.53048E-3 4.13182E-3 4.23711E-3 2.82053E-3 2.5883E-3 2.47149E-3 3.60468E-3 3.99238E-3 5.82791E-3 5.77874E-3 6.78017E-3 7.3281E-3 4.07449E-3 3.89982E-3 2.94643E-3 2.27283E-3 2.26115E-3 4.06803E-3 3.3641E-3 3.59016E-3 3.76302E-3 4.02183E-3 -9999 -9999 -9999 -9999 -9999 -9999 -9999 -9999 -9999 -9999 -9999 -9999 -9999 -9999 -9999
-9999 -9999 -9999 -9999 -9999 -9999 -9999 -9999 -9999 -9999 -9999 -9999 8.41331E-3 9.06137E-3 5.56057E-3 1.75935E-3 2.45375E-3 2.26604E-3 3.05942E-3 2.58577E-3 2.31554E-3 2.30739E-3 2.11766E-3 1.71567E-3 2.73499E-3 2.26902E-3 3.15594E-3 2.19152E-3 4.51584E-3 5.89601E-3 4.70102E-3 3.28118E-3 3.01438E-3 4.03257E-3 4.02593E-3 4.61047E-3 2.78596E-3 3.10719E-3 3.01058E-3 2.16586E-3 2.06634E-3 2.3089E-3 3.30883E-3 3.82198E-3 4.15842E-3 4.01072E-3 3.86852E-3 -9999 -9999 -9999 1.62773E-3 1.31124E-3 -9999 -9999 -9999 -9999 -9999 -9999 -9999 -9999 -9999
-9999 -9999 -9999 -9999 -9999 -9999 -9999 -9999 -9999 -9999 -9999 5.47666E-3 4.82789E-3 8.02293E-3 2.23877E-3 2.23376E-3 1.78518E-3 2.23916E-3 2.99005E-3 3.86038E-3 2.3108E-3 3.29988E-3 2.17953E-3 2.88162E-3 2.00791E-3 1.73276E-3 3.89576E-3 4.00907E-3 3.30561E-3 3.05718E-3 3.23011E-3 3.64185E-3 2.69591E-3 2.50664E-3 4.8685E-3 6.22831E-3 5.25795E-3 4.03148E-3 3.47805E-3 2.30503E-3 2.20966E-3 2.3278E-3 2.73572E-3 3.2383E-3 3.40005E-3 3.57224E-3 3.27049E-3 2.84379E-3 -9999 -9999 -9999 1.56423E-3 1.33966E-3 -9999 -9999 -9999 -9999 -9999 -9999 -9999 -9999
-9999 -9999 -9999 -9999 -9999 -9999 -9999 -9999 -9999 -9999 -9999 5.99364E-3 3.59409E-3 2.41459E-3 1.20673E-3 8.98536E-4 7.99006E-4 1.47778E-3 1.93684E-3 2.81452E-3 2.57086E-3 2.83404E-3 2.5889E-3 3.47869E-3 1.75185E-3 1.99534E-3 3.49576E-3 5.4056E-3 7.0027E-3 5.90584E-3 3.05445E-3 2.63956E-3 2.15346E-3 2.22057E-3 4.68503E-3 5.1032E-3 3.75608E-3 3.33281E-3 2.73948E-3 2.23255E-3 2.4556E-3 2.58529E-3 2.67254E-3 3.44568E-3 2.64286E-3 2.87651E-3 2.53681E-3 2.35397E-3 2.50767E-3 -9999 -9999 1.71947E-3 1.58035E-3 1.55617E-3 1.69322E-3 -9999 -9999 -9999 -9999 -9999 -9999
-9999 -9999 -9999 -9999 -9999 -9999 -9999 -9999 -9999 -9999 5.05725E-3 1.00933E-2 6.19295E-3 1.04843E-3 8.34943E-4 5.42989E-4 8.10017E-4 6.96079E-4 1.43814E-3 2.54998E-3 3.83466E-3 2.54958E-3 2.22055E-3 3.75575E-3 2.33656E-3 2.7194E-3 2.70866E-3 2.80998E-3 5.41852E-3 2.89036E-3 3.60811E-3 2.55048E-3 4.40332E-3 3.21922E-3 6.40074E-3 7.4299E-3 6.40962E-3 5.32071E-3 5.48261E-3 2.81594E-3 2.45406E-3 2.55572E-3 2.67767E-3 2.88159E-3 2.50274E-3 2.27146E-3 2.08153E-3 2.26969E-3 2.40014E-3 2.22113E-3 2.09653E-3 2.49516E-3 -9999 -9999 1.89471E-3 1.94757E-3 -9999 -9999 -9999 -9999 -9999
-9999 -9999 -9999 -9999 -9999 -9999 -9999 -9999 -9999 1.96098E-2 7.40088E-3 7.82425E-3 3.7587E-3 1.6072E-3 8.282E-4 7.63381E-4 7.34172E-4 1.27842E-3 8.80526E-4 1.85414E-3 2.7987E-3 2.23776E-3 2.62388E-3 2.33932E-3 2.57321E-3 3.45885E-3 2.93132E-3 2.90814E-3 2.82719E-3 3.48612E-3 5.72701E-3 3.38674E-3 3.34374E-3 6.01938E-3 6.15068E-3 5.82156E-3 6.27239E-3 1.18274E-2 1.22469E-2 8.49636E-3 2.46441E-3 2.48858E-3 2.50911E-3 2.63944E-3 2.48817E-3 2.04246E-3 2.01695E-3 2.23143E-3 2.23335E-3 1.99601E-3 2.06239E-3 2.12965E-3 2.04869E-3 -9999 1.88395E-3 1.97216E-3 1.84081E-3 1.60067E-3 -9999 -9999 -9999
-9999 -9999 -9999 -9999 -9999 -9999 -9999 -9999 6.69115E-3 8.71419E-3 1.67284E-2 8.23337E-3 5.08579E-3 3.88552E-3 2.32243E-3 1.84347E-3 1.82536E-3 2.41909E-3 9.9726E-4 1.46174E-3 2.44546E-3 3.24101E-3 4.5843E-3 3.21313E-3 2.19091E-3 3.14175E-3 2.96504E-3 3.13142E-3 2.68334E-3 2.62316E-3 4.0262E-3 4.30138E-3 5.04821E-3 7.57803E-3 7.60761E-3 5.10612E-3 6.56818E-3 1.25081E-2 1.36049E-2 2.33548E-2 4.38855E-3 2.78665E-3 2.44232E-3 2.52284E-3 2.26202E-3 1.97788E-3 2.16714E-3 2.38554E-3 2.18087E-3 1.95631E-3 1.94136E-3 1.98476E-3 2.1139E-3 2.38377E-3 2.06604E-3 1.98999E-3 1.63941E-3 1.51501E-3 1.4798E-3 1.33547E-3 1.36156E-3
-9999 -9999 -9999 -9999 -9999 -9999 -9999 -9999 2.52118E-3 1.28034E-3 5.8511E-3 1.00467E-2 4.18584E-3 5.02673E-3 5.62278E-3 4.37478E-3 2.26876E-3 2.37976E-3 2.09252E-3 1.6783E-3 2.30553E-3 2.22165E-3 2.29366E-3 3.04558E-3 2.25122E-3 2.46632E-3 2.94267E-3 2.76976E-3 3.25493E-3 3.24984E-3 4.5004E-3 4.99614E-3 5.74011E-3 8.28549E-3 7.43017E-3 6.32448E-3 8.8586E-3 1.12283E-2 1.21018E-2 1.53857E-2 5.75142E-3 2.65755E-3 2.53989E-3 2.48157E-3 2.38781E-3 2.34221E-3 2.49081E-3 2.64767E-3 2.54439E-3 2.04366E-3 1.87425E-3 2.02203E-3 2.25935E-3 2.43966E-3 -9999 2.23995E-3 1.88838E-3 1.97394E-3 1.69807E-3 1.43319E-3 1.36377E-3
-9999 -9999 -9999 -9999 -9999 -9999 -9999 7.00755E-3 6.06001E-3 3.61018E-3 8.18009E-3 8.49147E-3 7.5632E-3 4.10858E-3 6.98979E-3 5.74452E-3 3.31123E-3 6.58714E-3 5.48291E-3 4.6332E-3 3.43109E-3 2.6665E-3 1.79806E-3 1.46391E-3 1.19539E-3 1.92357E-3 3.45173E-3 2.95125E-3 5.59437E-3 5.43141E-3 6.04501E-3 6.26262E-3 6.47706E-3 8.87831E-3 1.0956E-2 1.40887E-2 4.92336E-3 1.03706E-2 7.3684E-3 1.63928E-2 4.03616E-3 2.77953E-3 2.69934E-3 2.62154E-3 2.72499E-3 2.60672E-3 2.52283E-3 2.50692E-3 2.50905E-3 2.51839E-3 2.16393E-3 2.09421E-3 -9999 -9999 -9999 -9999 -9999 -9999 -9999 -9999 -9999
-9999 -9999 -9999 -9999 -9999 -9999 8.43192E-3 8.32737E-3 7.43223E-3 7.34868E-3 1.29438E-2 1.22874E-2 6.72508E-3 6.14285E-3 8.25534E-3 4.67464E-3 3.17474E-3 7.01214E-3 5.43496E-3 7.96997E-3 7.00966E-3 4.1459E-3 3.14282E-3 6.62792E-3 2.51257E-3 1.64321E-3 2.99776E-3 4.89094E-3 4.35101E-3 3.21653E-3 6.19454E-3 7.44929E-3 5.93352E-3 1.07584E-2 1.1218E-2 4.73576E-3 1.28137E-2 8.36724E-3 1.71614E-2 1.69644E-2 3.16701E-3 5.45847E-3 3.44253E-3 3.2756E-3 3.04003E-3 2.77292E-3 2.69793E-3 2.6305E-3 2.51867E-3 2.30487E-3 2.36672E-3 2.39487E-3 2.34235E-3 2.58611E-3 -9999 -9999 -9999 -9999 -9999 -9999 -9999
-9999 -9999 -9999 -9999 -9999 -9999 9.98166E-3 7.91598E-3 6.085E-3 9.34699E-3 9.26117E-3 8.05661E-3 7.55895E-3 4.52076E-3 3.79295E-3 4.39908E-3 4.35248E-3 5.08809E-3 5.18409E-3 5.83978E-3 5.73022E-3 7.44158E-3 5.00997E-3 4.5883E-3 5.87379E-3 5.06E-3 1.63913E-3 2.33323E-3 4.18918E-3 2.84746E-3 5.12729E-3 5.87837E-3 7.41822E-3 4.14396E-3 3.94684E-3 7.31491E-3 1.07273E-2 1.2787E-2 7.01134E-3 7.86744E-3 4.28475E-3 5.50204E-3 3.72163E-3 4.09315E-3 4.39364E-3 3.91454E-3 3.81661E-3 3.0848E-3 2.94807E-3 2.18472E-3 2.01734E-3 1.53247E-3 1.57507E-3 1.80902E-3 1.98777E-3 2.4194E-3 2.25692E-3 1.95099E-3 2.05102E-3 2.29427E-3 2.00468E-3
-9999 -9999 -9999 -9999 -9999 7.56642E-3 8.12847E-3 7.59144E-3 3.97574E-3 1.33113E-2 2.13304E-2 1.41404E-2 7.05325E-3 5.3046E-3 5.30183E-3 6.06739E-3 7.81376E-3 6.29647E-3 4.98619E-3 5.20874E-3 8.31328E-3 8.02942E-3 7.12171E-3 6.8202E-3 7.03708E-3 6.70787E-3 4.41219E-3 2.73548E-3 3.42515E-3 3.00324E-3 2.87841E-3 5.34444E-3 7.93918E-3 8.62289E-3 6.89095E-3 5.41046E-3 9.20232E-3 -9999 -9999 5.54679E-3 -9999 -9999 -9999 8.09516E-3 5.39495E-3 3.80272E-3 3.2381E-3 2.61903E-3 2.17457E-3 2.249E-3 2.05506E-3 1.35605E-3 1.38353E-3 1.48918E-3 1.78145E-3 2.2919E-3 1.31924E-3 1.41137E-3 1.22862E-3 1.52287E-3 1.79234E-3
-9999 -9999 -9999 -9999 6.31849E-3 5.46496E-3 5.29883E-3 5.02554E-3 4.67054E-3 9.07615E-3 2.66316E-2 1.01741E-2 4.01916E-3 3.59884E-3 6.04272E-3 6.57751E-3 5.87808E-3 6.67822E-3 6.96099E-3 8.0591E-3 1.04713E-2 5.79636E-3 4.77739E-3 7.78811E-3 7.10612E-3 8.82537E-3 4.19144E-3 4.55377E-3 3.47295E-3 1.28076E-3 3.81082E-3 5.29247E-3 9.9823E-3 7.78159E-3 2.9329E-3 7.91389E-3 9.19908E-3 1.23961E-2 2.42723E-2 1.16822E-2 2.50758E-2 -9999 6.7209E-3 9.11325E-3 4.51071E-3 3.76273E-3 4.1366E-3 4.42511E-3 2.81316E-3 2.95823E-3 2.12338E-3 1.30893E-3 1.48824E-3 1.51349E-3 1.47514E-3 1.15104E-3 9.71689E-4 1.09837E-3 9.16454E-4 1.10223E-3 1.86608E-3
-9999 -9999 -9999 8.87702E-3 1.14722E-2 9.19272E-3 8.49597E-3 5.94084E-3 7.13973E-3 2.79411E-2 1.39845E-2 1.59552E-2 6.77215E-3 4.30784E-3 5.4665E-3 6.05756E-3 5.39415E-3 5.38247E-3 5.44228E-3 6.37832E-3 4.70153E-3 3.57068E-3 6.87132E-3 5.68069E-3 5.07874E-3 4.96163E-3 4.77101E-3 5.0638E-3 4.73264E-3 2.40091E-3 1.39205E-3 6.31487E-3 6.27222E-3 4.97659E-3 4.54548E-3 9.96125E-3 1.01055E-2 9.81301E-3 1.18331E-2 7.48432E-3 1.7287E-2 7.24725E-3 -9999 -9999 4.16808E-3 5.38624E-3 1.27966E-2 1.08991E-2 3.88698E-3 2.36127E-3 3.35793E-3 1.87783E-3 1.4783E-3 1.57578E-3 1.34834E-3 9.91873E-4 9.68019E-4 9.69794E-4 9.57385E-4 9.24989E-4 1.65352E-3
-9999 -9999 -9999 2.53731E-3 1.16773E-2 1.44309E-2 1.4911E-2 9.92454E-3 1.95386E-2 7.92741E-3 3.97927E-3 7.86723E-3 7.50605E-3 5.69519E-3 8.82312E-3 5.63719E-3 6.40474E-3 6.43259E-3 6.49802E-3 5.21255E-3 4.00575E-3 3.01912E-3 2.68976E-3 3.43148E-3 3.6215E-3 5.46401E-3 6.80844E-3 5.37239E-3 3.81068E-3 2.01892E-3 1.97399E-3 3.94018E-3 5.68086E-3 4.08829E-3 4.48656E-3 7.73118E-3 9.73178E-3 1.44315E-2 6.74752E-3 4.3126E-3 -9999 -9999 -9999 -9999 -9999 3.01974E-2 2.31061E-2 9.01022E-3 3.30992E-3 2.47744E-3 2.37885E-3 4.97533E-3 1.58605E-3 1.66785E-3 1.13974E-3 8.62084E-4 9.4654E-4 9.56183E-4 1.09082E-3 1.56897E-3 2.82103E-3
