Final_Models_Sept202022/M_0.1_F_lqp_Set_1/Bison_avg.asc
ncols         97
nrows         127
xllcorner     -2197417.7431653
yllcorner     -584827.01486885
cellsize      30000.0
NODATA_value  -9999
[rows 27 to 53 of 127, columns 0 to 60 of 97]
-9999 -9999 7.87788E-3 1.63572E-3 2.03809E-2 6.85278E-2 1.02786E-1 1.10996E-1 1.36581E-1 1.31209E-1 7.84445E-2 1.15116E-1 5.18345E-2 8.00466E-2 5.8512E-2 8.3748E-2 5.55247E-2 4.17037E-2 1.79354E-2 1.78047E-2 1.64827E-2 1.24741E-2 7.9068E-3 7.02492E-3 8.37406E-3 1.54545E-2 1.80387E-2 1.73472E-2 1.45001E-2 1.50994E-2 1.50296E-2 2.78741E-2 1.66337E-2 2.65496E-2 4.2089E-2 4.24362E-2 3.8573E-2 4.77915E-2 1.73049E-2 7.33451E-2 1.71634E-1 9.44728E-2 1.11826E-1 2.07277E-1 8.69106E-2 8.37637E-2 6.70355E-2 4.04706E-2 2.46869E-2 1.8084E-2 1.52401E-2 1.85934E-2 9.46819E-3 7.72177E-3 3.67969E-3 2.48207E-3 2.4249E-3 2.2192E-3 3.01367E-3 4.18867E-3 6.38467E-3
-9999 3.13599E-5 9.06029E-3 3.21656E-3 1.54987E-3 1.86127E-2 1.1066E-1 8.8235E-2 9.72079E-2 1.48956E-1 1.00029E-1 9.98897E-2 1.45249E-1 1.18197E-1 7.08728E-2 8.2826E-2 9.93001E-2 5.61024E-2 3.73564E-2 2.67716E-2 1.92454E-2 1.54736E-2 8.07478E-3 8.57591E-3 1.1356E-2 1.65648E-2 1.49382E-2 1.91848E-2 1.88386E-2 2.25139E-2 1.67234E-2 1.90724E-2 1.3113E-2 2.25738E-2 2.38039E-2 2.70753E-2 2.78808E-2 8.53501E-2 9.4099E-2 8.05391E-2 1.01256E-1 5.98123E-2 1.07277E-1 1.01416E-1 1.02478E-1 5.13595E-2 5.49182E-2 2.64894E-2 2.09053E-2 1.31271E-2 1.54715E-2 2.25976E-2 7.71092E-3 5.52842E-3 3.9382E-3 3.0187E-3 2.51669E-3 2.35461E-3 2.5149E-3 3.12443E-3 3.11979E-3
-9999 1.22269E-7 3.65718E-6 1.36927E-3 1.59697E-3 1.60051E-2 4.35675E-2 1.10001E-1 9.23735E-2 1.39962E-1 7.36996E-2 1.10665E-1 1.45932E-1 1.20228E-1 1.01524E-1 4.53314E-2 7.47995E-2 7.8837E-2 5.50013E-2 2.80048E-2 2.36596E-2 1.16854E-2 1.4897E-2 1.14227E-2 2.43803E-2 1.88291E-2 1.80176E-2 1.59656E-2 1.75716E-2 1.61289E-2 1.89638E-2 2.33129E-2 3.07586E-2 2.27378E-2 2.42299E-2 2.43317E-2 1.81871E-2 3.96174E-2 3.56463E-2 7.63065E-2 8.23197E-2 8.67842E-2 8.31855E-2 8.182E-2 4.57172E-2 5.69947E-2 3.53619E-2 2.38699E-2 1.39146E-2 1.39458E-2 1.4092E-2 1.22162E-2 7.38335E-3 4.76621E-3 3.62826E-3 2.96257E-3 2.50354E-3 2.08316E-3 2.00537E-3 2.978E-3 2.90628E-3
5.86864E-4 1.48093E-7 1.64836E-10 9.10404E-7 7.72317E-6 4.6142E-3 3.37056E-2 1.49548E-1 8.71069E-2 1.19129E-1 8.41036E-2 1.11552E-1 1.71171E-1 1.77182E-1 9.8926E-2 6.03481E-2 1.26285E-1 7.38287E-2 6.34524E-2 4.10522E-2 2.1116E-2 1.48881E-2 2.34572E-2 2.09745E-2 1.97864E-2 2.15888E-2 1.72072E-2 1.74063E-2 1.78037E-2 1.81602E-2 1.62304E-2 1.67821E-2 3.09473E-2 1.66447E-2 2.61009E-2 3.00333E-2 1.94087E-2 2.96607E-2 5.7512E-2 7.79223E-2 8.50631E-2 7.26798E-2 4.88215E-2 7.75406E-2 5.42108E-2 4.71984E-2 3.91288E-2 2.47158E-2 1.34225E-2 7.84675E-3 6.57922E-3 7.72482E-3 7.1913E-3 5.63917E-3 4.32597E-3 3.17317E-3 2.28642E-3 2.16219E-3 2.13033E-3 2.85841E-3 2.70482E-3
6.992E-3 2.63689E-4 3.90438E-8 1.35991E-11 9.85214E-7 1.01741E-2 4.14472E-2 1.89204E-1 1.12679E-1 1.37358E-1 1.30212E-1 1.59296E-1 1.5431E-1 2.23163E-1 1.3119E-1 9.70699E-2 6.13113E-2 1.28265E-1 5.5174E-2 2.3712E-2 1.60684E-2 1.72908E-2 2.15895E-2 1.80659E-2 2.16414E-2 1.82248E-2 1.9743E-2 1.90375E-2 1.71946E-2 1.9889E-2 2.28872E-2 2.30127E-2 2.38298E-2 1.16886E-2 4.18191E-2 3.31906E-2 4.53725E-2 4.58897E-2 5.18415E-2 4.67477E-2 6.6047E-2 6.33093E-2 5.99914E-2 4.85699E-2 4.66E-2 3.78819E-2 3.54299E-2 2.89972E-2 1.87308E-2 8.55514E-3 7.10672E-3 7.70827E-3 5.96372E-3 5.69256E-3 4.72945E-3 3.41635E-3 2.56943E-3 2.52977E-3 2.39445E-3 2.73942E-3 2.90598E-3
4.23367E-3 3.37077E-3 2.27793E-4 1.6051E-7 1.05003E-7 7.52801E-3 6.99428E-2 1.28484E-1 1.61683E-1 1.58884E-1 1.59491E-1 1.50698E-1 1.45019E-1 1.57045E-1 1.16443E-1 5.47228E-2 3.93685E-2 6.09091E-2 7.56648E-2 4.5175E-2 2.60024E-2 2.07194E-2 2.17707E-2 2.18675E-2 3.49893E-2 2.05418E-2 2.25614E-2 3.04477E-2 2.1248E-2 2.26657E-2 1.81696E-2 1.84449E-2 1.27574E-2 1.21386E-2 3.89959E-2 4.60814E-2 3.63284E-2 3.37058E-2 3.71863E-2 3.02954E-2 3.87284E-2 5.31658E-2 6.01398E-2 5.20371E-2 4.88601E-2 3.3054E-2 2.95136E-2 3.04738E-2 2.2681E-2 1.05616E-2 8.65642E-3 7.80996E-3 5.72036E-3 6.11315E-3 5.02216E-3 3.51725E-3 2.94523E-3 2.72781E-3 3.1411E-3 2.86261E-3 3.25289E-3
-9999 2.26196E-3 8.80409E-3 8.72076E-3 1.06198E-6 1.75382E-2 4.34423E-2 9.78208E-2 1.30619E-1 1.11289E-1 1.70774E-1 1.81819E-1 1.55847E-1 1.33118E-1 4.56775E-2 4.6908E-2 1.91517E-2 1.62196E-2 7.64545E-2 6.0923E-2 3.80545E-2 4.33313E-2 2.96389E-2 2.29897E-2 2.6382E-2 3.6274E-2 3.1803E-2 3.1599E-2 3.7938E-2 2.50231E-2 2.57384E-2 2.38429E-2 1.76454E-2 2.52365E-2 4.43086E-2 3.22989E-2 4.00685E-2 4.73954E-2 3.9803E-2 4.32821E-2 5.02966E-2 4.72221E-2 5.51419E-2 5.15791E-2 4.31867E-2 3.89357E-2 3.30362E-2 4.9174E-2 3.86874E-2 2.16116E-2 1.4255E-2 1.1732E-2 8.57679E-3 7.40455E-3 5.27718E-3 4.22683E-3 5.16566E-3 3.19801E-3 3.24252E-3 2.95647E-3 3.59616E-3
-9999 -9999 2.14055E-3 3.33031E-3 1.2367E-4 4.1411E-2 1.63576E-2 5.32103E-2 8.54244E-2 1.24598E-1 9.60489E-2 2.82955E-1 1.09545E-1 9.91516E-2 4.35905E-2 4.21828E-2 2.79686E-2 1.727E-2 2.47776E-2 5.92364E-2 5.69633E-2 2.94313E-2 3.04923E-2 2.31176E-2 4.97126E-2 2.10976E-2 3.85045E-2 4.35015E-2 3.28723E-2 2.61732E-2 2.18768E-2 2.37983E-2 2.76931E-2 4.03833E-2 4.33474E-2 3.10516E-2 2.78975E-2 3.82848E-2 1.90066E-2 2.46412E-2 6.99693E-2 6.08232E-2 7.31479E-2 4.94071E-2 6.91454E-2 5.16469E-2 4.90746E-2 4.57035E-2 5.4024E-2 4.75892E-2 2.46783E-2 1.49779E-2 9.38273E-3 7.39177E-3 5.60866E-3 4.30352E-3 6.29064E-3 3.64873E-3 3.7922E-3 3.90914E-3 3.75105E-3
-9999 -9999 2.72917E-3 1.35684E-2 3.08074E-3 1.37822E-2 6.97628E-3 2.69422E-2 4.47477E-2 1.0646E-1 1.08162E-1 1.88948E-1 1.17401E-1 9.6586E-2 4.25218E-2 8.33262E-2 5.19249E-2 4.68802E-2 2.32624E-2 3.32089E-2 4.42754E-2 5.88203E-2 3.88853E-2 1.46819E-2 4.08027E-2 2.67158E-2 4.04552E-2 4.01579E-2 4.3961E-2 2.70556E-2 2.2103E-2 2.33329E-2 2.70528E-2 3.95525E-2 3.74744E-2 3.6736E-2 1.04376E-2 2.44431E-2 1.87872E-2 1.99549E-2 3.5692E-2 7.37619E-2 4.47409E-2 6.72537E-2 6.93688E-2 6.41576E-2 5.40197E-2 5.24593E-2 4.43988E-2 6.498E-2 3.30355E-2 3.16017E-2 1.38902E-2 8.23858E-3 6.47049E-3 5.09755E-3 4.51751E-3 4.45221E-3 4.65498E-3 4.51751E-3 3.57666E-3
-9999 -9999 5.209E-3 3.12953E-2 5.27207E-3 5.33368E-3 4.32194E-3 4.35851E-2 6.40636E-2 5.8926E-2 8.94711E-2 1.06264E-1 1.57662E-1 9.89997E-2 4.40512E-2 6.58124E-2 7.14509E-2 5.77941E-2 6.59477E-2 3.31449E-2 5.04188E-2 6.31814E-2 3.86796E-2 3.56836E-2 2.84466E-2 1.61387E-2 4.32756E-2 2.98578E-2 3.6423E-2 3.33295E-2 2.67935E-2 2.16115E-2 2.5773E-2 4.08943E-2 4.07103E-2 4.32484E-2 1.25698E-2 1.42437E-2 1.75707E-2 1.99314E-2 2.55438E-2 4.36824E-2 4.04815E-2 2.90921E-2 7.38052E-2 7.3845E-2 6.30066E-2 6.89029E-2 5.80649E-2 6.16609E-2 3.38675E-2 2.40361E-2 1.4081E-2 9.36245E-3 9.24611E-3 6.77E-3 5.57665E-3 5.21574E-3 6.41063E-3 5.27212E-3 4.28004E-3
-9999 -9999 -9999 1.42549E-2 3.22943E-3 2.11212E-2 9.7518E-3 2.78282E-2 2.77323E-2 1.66893E-2 2.68619E-2 1.13179E-1 1.52776E-1 1.01418E-1 5.80642E-2 6.21008E-2 5.83015E-2 5.26486E-2 6.19726E-2 6.50388E-2 4.48491E-2 2.93181E-2 2.8825E-2 4.92761E-2 5.68915E-2 3.15925E-2 4.61634E-2 4.98379E-2 3.9232E-2 2.6737E-2 2.23893E-2 2.5036E-2 3.21015E-2 3.26201E-2 3.59191E-2 3.7979E-2 2.5109E-2 1.39483E-2 1.94029E-2 2.50861E-2 2.39163E-2 3.27522E-2 5.11496E-2 5.68755E-2 8.16783E-2 6.79081E-2 6.85321E-2 7.69989E-2 4.6483E-2 3.65732E-2 2.87574E-2 2.51211E-2 2.05835E-2 1.33435E-2 1.23417E-2 9.57131E-3 9.16222E-3 7.11864E-3 5.21417E-3 5.2248E-3 4.85215E-3
-9999 -9999 -9999 3.70095E-3 2.46472E-3 8.73111E-2 3.24603E-2 4.25151E-2 6.05009E-2 5.21231E-2 1.65415E-2 9.32532E-2 1.01349E-1 9.41795E-2 1.00824E-1 6.08442E-2 4.0733E-2 5.47024E-2 4.39608E-2 5.94084E-2 2.93216E-2 2.31894E-2 2.25081E-2 4.13353E-2 4.85642E-2 5.67391E-2 5.98618E-2 3.90426E-2 2.49409E-2 2.34975E-2 2.33127E-2 3.14931E-2 4.48122E-2 3.39283E-2 3.48235E-2 3.61614E-2 2.15823E-2 2.61251E-2 5.16758E-2 2.15479E-2 2.30898E-2 3.0585E-2 3.16468E-2 3.04358E-2 6.67175E-2 7.60915E-2 7.11496E-2 8.06301E-2 7.36867E-2 6.55797E-2 2.46991E-2 5.75399E-2 2.78349E-2 2.27545E-2 1.53301E-2 9.75297E-3 8.83511E-3 7.21062E-3 7.15689E-3 5.65772E-3 5.15507E-3
-9999 -9999 -9999 2.39296E-3 6.36669E-2 1.05958E-1 6.27367E-2 4.7108E-2 3.72044E-2 6.33643E-2 2.05367E-2 4.25538E-2 9.04055E-2 7.81108E-2 7.18245E-2 6.66243E-2 2.81268E-2 5.29487E-2 5.10004E-2 5.5658E-2 3.2152E-2 2.30178E-2 3.55965E-2 4.60786E-2 5.92693E-2 5.27458E-2 5.1583E-2 4.52587E-2 3.20572E-2 2.15768E-2 2.49409E-2 3.79658E-2 5.06093E-2 3.20609E-2 4.24838E-2 4.6025E-2 5.5301E-2 5.83105E-2 4.19488E-2 2.26355E-2 1.86075E-2 2.52844E-2 4.61344E-2 6.22145E-2 8.15314E-2 8.42749E-2 6.26762E-2 9.41616E-2 7.45174E-2 6.3293E-2 4.72637E-2 3.45486E-2 5.73131E-2 3.88497E-2 2.5577E-2 2.50941E-2 2.91393E-2 1.75345E-2 1.26213E-2 8.10569E-3 5.99416E-3
-9999 -9999 -9999 -9999 1.21734E-2 8.10437E-2 1.09524E-2 1.21542E-2 6.58049E-2 1.99647E-2 2.14218E-3 1.73047E-2 1.08569E-1 5.59432E-2 8.09627E-2 7.56469E-2 5.85362E-2 5.86272E-2 7.6671E-2 6.9777E-2 4.26991E-2 3.86433E-2 4.26871E-2 4.01733E-2 4.51464E-2 4.32408E-2 4.49164E-2 3.56552E-2 3.27401E-2 3.46975E-2 3.96014E-2 5.09223E-2 3.45534E-2 3.98886E-2 3.71119E-2 4.67727E-2 5.62835E-2 4.74557E-2 2.65573E-2 3.15196E-2 3.51295E-2 3.8147E-2 4.60186E-2 9.35402E-2 9.4616E-2 7.87712E-2 6.32825E-2 8.9507E-2 1.05787E-1 7.94256E-2 3.68369E-2 6.92793E-2 9.50837E-2 5.44869E-2 3.72604E-2 6.26838E-2 2.63322E-2 3.69767E-2 3.45418E-2 9.38689E-3 6.0274E-3
-9999 -9999 -9999 -9999 3.16362E-2 2.63138E-2 1.01683E-2 3.01581E-2 1.65926E-2 3.86641E-4 2.98548E-4 1.12457E-2 1.08598E-1 6.33258E-2 9.17978E-2 4.8348E-2 5.76964E-2 7.09868E-2 7.43084E-2 6.35211E-2 6.35537E-2 8.06677E-2 5.24238E-2 4.80996E-2 4.29307E-2 3.74609E-2 4.43459E-2 3.26115E-2 3.29467E-2 2.76362E-2 3.32591E-2 6.03561E-2 4.18837E-2 4.91986E-2 4.55183E-2 5.26952E-2 5.04708E-2 7.0788E-2 6.05417E-2 7.55283E-2 6.21806E-2 8.09711E-2 7.05661E-2 1.03746E-1 8.23589E-2 1.06139E-1 1.1386E-1 4.42906E-2 8.63988E-2 1.23404E-1 9.53408E-2 9.49323E-2 1.11654E-1 4.07426E-2 4.57653E-2 6.39502E-2 5.3247E-2 4.64626E-2 3.33822E-2 1.21904E-2 7.76482E-3
-9999 -9999 -9999 -9999 2.3738E-3 1.00625E-2 6.60954E-3 2.41378E-2 7.88559E-3 5.30235E-4 1.90152E-3 5.41488E-3 4.55423E-2 5.32012E-2 6.15842E-2 5.58178E-2 6.66981E-2 8.02953E-2 4.0522E-2 6.53128E-2 6.19321E-2 4.83427E-2 6.81764E-2 6.5924E-2 5.88012E-2 5.39081E-2 4.53663E-2 4.48338E-2 3.55461E-2 2.77E-2 4.55817E-2 4.91176E-2 5.59097E-2 5.39542E-2 5.43463E-2 5.74945E-2 5.75933E-2 7.19337E-2 9.39381E-2 8.9482E-2 9.1345E-2 9.33598E-2 1.15712E-1 1.06764E-1 9.23017E-2 9.86459E-2 1.32074E-1 1.48317E-1 -9999 1.1527E-1 8.55157E-2 8.67039E-2 4.9282E-2 5.70455E-2 1.10699E-1 6.02757E-2 5.08614E-2 3.9853E-2 6.36077E-2 1.79208E-2 9.0068E-3
-9999 -9999 -9999 -9999 2.88988E-3 4.76453E-3 2.91153E-3 2.11293E-4 2.23461E-1 3.63971E-1 4.14489E-3 3.39351E-3 1.91966E-2 4.29292E-2 3.67473E-2 5.01879E-2 6.94216E-2 3.62891E-2 3.38016E-2 6.51887E-2 6.49493E-2 5.93572E-2 6.91599E-2 7.72658E-2 5.3858E-2 4.16192E-2 2.94901E-2 6.01609E-2 3.61833E-2 4.17851E-2 5.68642E-2 5.41457E-2 5.46695E-2 5.3131E-2 4.90337E-2 6.20057E-2 6.29016E-2 6.61797E-2 7.06784E-2 8.25863E-2 9.65638E-2 1.01484E-1 1.07148E-1 1.06656E-1 1.08118E-1 9.60189E-2 -9999 -9999 -9999 -9999 1.11694E-1 6.33313E-2 6.07368E-2 9.05104E-2 7.61034E-2 6.36905E-2 2.74875E-2 2.02834E-2 1.10832E-2 1.55342E-2 1.42664E-2
-9999 -9999 -9999 -9999 1.48628E-3 5.98374E-3 2.68773E-3 7.05234E-4 5.55609E-5 4.42498E-1 5.2367E-3 1.20129E-2 1.70631E-2 3.06778E-2 2.87169E-2 4.31514E-2 5.3857E-2 3.43202E-2 4.44339E-2 5.40115E-2 5.68231E-2 6.74054E-2 8.05349E-2 7.28255E-2 3.98498E-2 2.60307E-2 3.5969E-2 4.55637E-2 5.01691E-2 5.96575E-2 5.82613E-2 5.77591E-2 5.61456E-2 7.2065E-2 4.29807E-2 5.54152E-2 7.19326E-2 6.4749E-2 6.88349E-2 7.58631E-2 1.02689E-1 9.60838E-2 7.97483E-2 5.36591E-2 1.15136E-1 -9999 -9999 -9999 -9999 2.39111E-1 9.68514E-2 9.01347E-2 7.32596E-2 7.68346E-2 7.43154E-2 5.73495E-2 5.06996E-2 3.4546E-2 3.38208E-2 4.66425E-2 1.9056E-2
-9999 -9999 -9999 -9999 6.45759E-3 1.33029E-2 4.87672E-3 4.43928E-4 1.47613E-2 9.33189E-2 7.00465E-3 8.79664E-3 9.42721E-3 3.06425E-2 3.59693E-2 3.9942E-2 5.51912E-2 5.596E-2 2.82948E-2 3.39196E-2 5.41153E-2 7.78028E-2 6.07975E-2 4.77627E-2 4.36774E-2 3.96938E-2 4.39062E-2 5.89812E-2 6.40784E-2 5.78703E-2 5.65409E-2 6.04503E-2 5.93329E-2 6.31206E-2 6.41691E-2 5.16369E-2 5.86743E-2 5.99491E-2 8.28842E-2 8.23758E-2 8.8143E-2 9.39882E-2 1.15891E-1 1.23483E-1 1.43202E-1 -9999 -9999 -9999 2.40927E-1 1.83583E-1 1.29204E-1 9.1414E-2 8.60484E-2 6.7586E-2 6.5203E-2 4.86669E-2 5.2198E-2 2.0843E-2 2.32055E-2 3.52652E-2 1.53925E-2
-9999 -9999 -9999 1.33812E-2 4.09554E-1 1.32877E-1 7.44607E-4 1.99795E-3 1.04726E-3 6.06885E-3 4.64909E-3 4.14544E-3 1.05719E-2 2.98048E-2 5.23143E-2 3.90036E-2 7.18419E-2 4.98195E-2 5.09318E-2 2.27402E-2 3.93461E-2 5.19731E-2 4.62176E-2 2.91556E-2 4.08063E-2 4.06555E-2 5.10007E-2 5.58048E-2 4.07473E-2 4.84884E-2 7.25636E-2 6.79829E-2 6.25535E-2 6.68013E-2 6.42441E-2 6.61673E-2 6.09476E-2 7.62173E-2 7.48828E-2 8.84379E-2 8.35497E-2 8.00707E-2 9.38229E-2 1.27353E-1 2.46456E-1 1.9042E-1 1.81342E-1 1.88E-1 1.94133E-1 1.36484E-1 1.31029E-1 1.09356E-1 1.00017E-1 8.59713E-2 7.65655E-2 4.68186E-2 5.23984E-2 2.57284E-2 2.42772E-2 2.68579E-2 1.98372E-2
-9999 -9999 -9999 -9999 4.42713E-2 3.05797E-1 4.63844E-3 -9999 1.1229E-3 7.06255E-3 4.7504E-3 1.47331E-3 2.60592E-2 4.02287E-2 4.5837E-2 6.58437E-2 6.27181E-2 4.98914E-2 3.76756E-2 3.69531E-2 2.82536E-2 4.41625E-2 2.83895E-2 4.37844E-2 6.98264E-2 6.41532E-2 5.96484E-2 5.23282E-2 4.25741E-2 4.86914E-2 5.19939E-2 6.90872E-2 6.65604E-2 6.93422E-2 6.28878E-2 5.71253E-2 6.24758E-2 5.44092E-2 6.015E-2 9.16122E-2 1.07263E-1 9.2799E-2 7.95025E-2 1.05531E-1 1.2196E-1 1.49298E-1 1.51132E-1 1.50953E-1 1.6313E-1 1.27175E-1 1.2577E-1 8.53599E-2 1.02147E-1 9.4745E-2 8.34223E-2 4.14278E-2 4.9155E-2 3.13076E-2 3.66092E-2 2.99612E-2 1.75008E-2
-9999 -9999 -9999 -9999 2.05842E-2 6.57821E-3 3.55989E-3 4.50512E-3 2.60274E-3 4.57279E-2 9.59433E-3 9.43595E-4 1.59399E-2 1.78238E-2 3.34935E-2 9.21028E-2 5.44641E-2 6.45967E-2 3.84518E-2 3.25424E-2 2.66867E-2 3.42974E-2 4.49481E-2 5.9422E-2 4.87162E-2 7.58408E-2 5.06767E-2 5.39404E-2 5.87485E-2 5.85499E-2 6.28096E-2 8.15778E-2 7.50815E-2 7.79482E-2 7.68212E-2 8.00038E-2 6.93644E-2 4.53309E-2 6.65495E-2 7.32363E-2 7.74101E-2 9.35744E-2 6.77706E-2 9.2184E-2 8.79431E-2 1.26523E-1 1.28298E-1 1.13756E-1 1.26259E-1 1.22258E-1 1.11107E-1 9.41478E-2 1.00784E-1 1.02695E-1 1.05038E-1 7.12229E-2 5.30225E-2 5.3841E-2 2.69082E-2 3.38737E-2 3.31331E-2
-9999 -9999 -9999 -9999 2.18514E-1 6.15139E-3 7.46535E-3 2.94871E-3 5.70639E-3 3.62967E-2 3.4204E-3 9.02477E-4 6.69147E-3 3.51587E-2 3.44569E-2 4.52013E-2 5.4221E-2 6.74984E-2 6.09805E-2 3.87571E-2 2.87439E-2 3.36563E-2 2.55198E-2 3.50343E-2 7.55088E-2 5.92106E-2 3.96575E-2 5.51465E-2 6.32214E-2 6.74808E-2 7.22863E-2 7.78627E-2 1.02602E-1 8.28619E-2 1.00579E-1 9.11564E-2 8.68616E-2 7.76079E-2 8.94226E-2 9.61915E-2 9.70275E-2 9.78415E-2 8.64928E-2 8.79647E-2 1.01001E-1 1.09784E-1 9.0039E-2 1.04865E-1 1.12099E-1 1.19884E-1 1.03067E-1 9.17402E-2 9.29795E-2 9.17449E-2 9.15998E-2 5.81486E-2 5.83778E-2 5.65242E-2 4.02755E-2 3.40457E-2 2.42365E-2
-9999 -9999 -9999 -9999 -9999 8.6005E-3 7.58071E-3 9.307E-3 4.42734E-3 8.2343E-3 1.61507E-3 5.54765E-3 8.63914E-3 1.09874E-2 1.72735E-2 4.22708E-2 6.78318E-2 5.96123E-2 6.53595E-2 5.0465E-2 4.63053E-2 4.98734E-2 3.35044E-2 4.7734E-2 4.2701E-2 7.47014E-2 5.75169E-2 5.78947E-2 6.1653E-2 8.67934E-2 9.14512E-2 1.04783E-1 9.66463E-2 9.24283E-2 9.21015E-2 1.07236E-1 8.71072E-2 8.12615E-2 9.66033E-2 9.11125E-2 1.02586E-1 1.01856E-1 9.56782E-2 1.09482E-1 1.08466E-1 9.96455E-2 8.42225E-2 1.04547E-1 1.09813E-1 1.32772E-1 1.1249E-1 1.0257E-1 9.61769E-2 8.398E-2 8.89189E-2 5.76069E-2 6.74225E-2 6.6462E-2 5.97737E-2 1.98995E-2 2.7347E-2
-9999 -9999 -9999 -9999 -9999 2.05794E-2 2.61727E-3 1.1565E-2 1.15892E-2 2.09874E-2 2.38674E-3 2.63241E-4 1.15124E-3 4.49786E-3 2.06214E-2 3.31432E-2 5.66601E-2 5.67038E-2 6.61489E-2 5.99356E-2 6.39139E-2 3.49841E-2 5.78548E-2 4.8234E-2 5.49238E-2 9.28333E-2 7.10576E-2 6.68756E-2 7.40574E-2 7.07342E-2 8.38752E-2 9.79867E-2 1.08712E-1 9.54334E-2 8.97678E-2 1.07109E-1 1.12465E-1 1.13505E-1 1.10138E-1 1.09203E-1 9.3849E-2 1.01882E-1 1.02431E-1 1.09029E-1 8.36836E-2 1.03576E-1 1.13993E-1 9.65452E-2 8.65803E-2 1.0582E-1 1.09762E-1 9.86584E-2 7.99359E-2 6.68048E-2 9.48823E-2 6.37338E-2 5.8813E-2 6.86625E-2 4.70425E-2 4.18008E-2 3.28204E-2
-9999 -9999 -9999 -9999 -9999 4.05467E-2 8.66964E-3 2.65028E-3 9.27703E-3 7.45904E-4 2.27797E-3 1.97595E-4 5.06309E-4 9.25153E-4 2.32661E-2 2.95122E-2 4.13907E-2 3.86957E-2 5.13743E-2 7.29564E-2 4.91075E-2 5.30406E-2 5.60303E-2 5.13848E-2 5.15186E-2 8.24762E-2 4.71266E-2 8.48692E-2 8.15442E-2 7.95423E-2 9.01209E-2 1.03381E-1 1.16431E-1 1.13535E-1 1.24122E-1 1.31603E-1 1.27777E-1 1.43865E-1 1.32496E-1 1.31301E-1 1.19593E-1 1.05728E-1 1.06875E-1 8.44817E-2 1.04733E-1 9.74273E-2 1.04584E-1 1.01813E-1 9.92559E-2 1.15557E-1 1.16583E-1 9.5076E-2 7.7155E-2 5.67445E-2 9.09063E-2 8.21428E-2 8.82508E-2 7.34805E-2 5.61499E-2 5.38202E-2 4.36052E-2
-9999 -9999 -9999 -9999 -9999 9.98694E-3 2.27696E-3 4.90134E-3 1.45648E-2 1.13657E-3 1.12649E-3 5.57678E-4 2.38759E-3 5.1568E-3 1.72919E-2 2.27788E-2 2.85749E-2 2.93615E-2 3.87086E-2 5.55676E-2 7.83978E-2 9.37661E-2 9.63819E-2 5.60113E-2 3.74168E-2 1.19202E-1 7.26884E-2 8.78881E-2 9.08323E-2 9.29236E-2 1.10698E-1 1.14835E-1 1.11915E-1 1.19806E-1 1.28319E-1 1.31783E-1 1.56993E-1 1.36399E-1 1.32631E-1 1.51809E-1 2.00885E-1 1.48192E-1 1.06431E-1 6.59499E-2 1.30622E-1 1.20441E-1 1.26638E-1 1.17813E-1 1.02755E-1 1.30803E-1 9.58273E-2 1.10669E-1 1.19931E-1 8.80412E-2 6.76971E-2 -9999 6.96432E-2 5.11418E-2 5.4414E-2 6.43513E-2 4.90749E-2
