Final_Models_Sept202022/M_0.1_F_lqp_Set_1/Bison_median.asc
ncols         97
nrows         127
xllcorner     -2197417.7431653
yllcorner     -584827.01486885
cellsize      30000.0
NODATA_value  -9999
[rows 81 to 107 of 127, columns 0 to 60 of 97]
-9999 -9999 -9999 -9999 -9999 -9999 -9999 -9999 -9999 -9999 -9999 1.12968E-2 1.50745E-3 8.03614E-4 8.55843E-3 5.2011E-3 3.47992E-3 4.46105E-4 1.02851E-3 7.18807E-3 1.95556E-3 1.5605E-2 9.27344E-3 5.03294E-2 1.64301E-1 2.93451E-1 1.16464E-1 9.06672E-2 1.05816E-1 1.61749E-2 8.40358E-3 2.02255E-3 4.33197E-3 2.08811E-2 4.16669E-2 7.21969E-2 7.51106E-2 4.35603E-1 6.7073E-1 8.10331E-1 8.89907E-1 7.26998E-1 7.05019E-1 7.88803E-1 7.28376E-1 5.02795E-1 4.23402E-1 3.96189E-1 4.4606E-1 5.1565E-1 5.69768E-1 6.78671E-1 6.98901E-1 6.75203E-1 6.61704E-1 4.87886E-1 5.96637E-1 6.18424E-1 5.68391E-1 5.13254E-1 5.03827E-1
-9999 -9999 -9999 -9999 -9999 -9999 -9999 -9999 -9999 -9999 -9999 -9999 1.08708E-2 9.2362E-4 2.44302E-3 5.31497E-3 4.36209E-3 1.59716E-2 2.43355E-3 1.62828E-3 1.88308E-3 1.33188E-3 1.42781E-3 1.64441E-2 2.38388E-1 2.7413E-1 6.48459E-2 8.85989E-2 1.65725E-1 2.57682E-2 6.42382E-3 4.7843E-3 2.71531E-3 1.07298E-2 5.31624E-2 1.32249E-1 1.07231E-1 1.37767E-1 4.01621E-1 7.14486E-1 8.22926E-1 7.22187E-1 7.15237E-1 7.46569E-1 6.98286E-1 4.94268E-1 3.84948E-1 4.72457E-1 5.26971E-1 6.62787E-1 6.67277E-1 6.90104E-1 7.00024E-1 6.83097E-1 6.34608E-1 6.08999E-1 6.0231E-1 5.41132E-1 5.22337E-1 4.59573E-1 5.53568E-1
-9999 -9999 -9999 -9999 -9999 -9999 -9999 -9999 -9999 -9999 -9999 -9999 -9999 4.78271E-3 2.37826E-4 1.18502E-3 5.10206E-4 1.10088E-2 1.97561E-1 1.42933E-2 2.91775E-3 4.14209E-3 4.7295E-4 9.32864E-3 6.72217E-2 4.65903E-2 3.66985E-2 1.00976E-1 3.10899E-2 2.20971E-2 8.55086E-3 6.1081E-3 9.77323E-4 6.50841E-3 2.16046E-2 2.61098E-1 9.59646E-2 1.12441E-1 1.91398E-1 6.91096E-1 7.91676E-1 7.73887E-1 7.355E-1 6.9248E-1 6.34924E-1 4.57845E-1 4.65933E-1 4.93212E-1 5.37039E-1 6.31336E-1 6.5574E-1 6.61855E-1 7.14407E-1 7.0053E-1 6.65369E-1 6.25353E-1 6.77801E-1 6.26279E-1 5.00634E-1 5.04766E-1 5.22024E-1
-9999 -9999 -9999 -9999 -9999 -9999 -9999 -9999 -9999 -9999 -9999 -9999 -9999 5.59588E-3 8.73153E-4 1.51334E-3 3.04606E-3 -9999 8.28503E-3 6.67846E-2 1.78087E-1 2.93361E-2 1.13951E-3 6.36736E-3 1.15964E-1 5.48291E-2 8.55181E-2 7.63258E-2 3.72463E-2 1.64446E-2 1.6598E-2 3.85067E-3 2.54628E-3 7.40206E-3 1.85222E-2 1.08266E-1 6.78516E-2 8.96332E-2 1.35774E-1 5.33862E-1 6.74666E-1 6.97872E-1 7.05836E-1 5.63228E-1 6.00895E-1 6.93511E-1 6.30832E-1 6.54859E-1 5.15827E-1 5.92756E-1 6.40008E-1 6.17437E-1 6.37537E-1 6.02084E-1 6.22637E-1 4.33696E-1 6.26062E-1 6.87524E-1 5.63291E-1 5.50121E-1 6.39471E-1
-9999 -9999 -9999 -9999 -9999 -9999 -9999 -9999 -9999 -9999 -9999 -9999 -9999 7.28297E-3 2.56998E-3 9.29524E-4 2.67396E-3 -9999 3.57291E-2 2.46353E-1 7.31204E-2 2.683E-3 1.90271E-4 7.70907E-3 3.78258E-2 4.98044E-2 1.30736E-1 4.28139E-2 3.09126E-2 1.62672E-2 5.53974E-3 2.3213E-3 6.05129E-3 1.3078E-2 1.56612E-2 8.57449E-2 8.50239E-2 1.08504E-1 2.43228E-1 2.94562E-1 5.25422E-1 6.29486E-1 6.98528E-1 6.25025E-1 5.5551E-1 6.96883E-1 5.33808E-1 4.61553E-1 5.13234E-1 6.79628E-1 6.32038E-1 4.92311E-1 6.21575E-1 7.0954E-1 6.51695E-1 5.87401E-1 7.15256E-1 5.33465E-1 5.36556E-1 5.35043E-1 5.13736E-1
-9999 -9999 -9999 -9999 -9999 -9999 -9999 -9999 -9999 -9999 -9999 -9999 -9999 3.86127E-3 4.85124E-3 1.22151E-3 7.94067E-4 -9999 2.36816E-3 5.91697E-2 9.99298E-3 7.38332E-4 6.66422E-4 1.97505E-3 3.13859E-2 9.63589E-2 2.23128E-1 5.745E-2 2.84564E-2 1.07729E-2 2.15912E-2 1.13404E-2 1.08839E-2 8.02101E-3 1.86085E-2 1.96415E-1 3.02106E-2 1.08459E-1 1.37458E-1 3.54286E-1 4.51739E-1 5.90295E-1 6.32414E-1 6.46271E-1 6.38887E-1 5.97927E-1 4.67189E-1 5.21393E-1 5.69132E-1 6.8843E-1 6.14188E-1 3.84806E-1 5.15235E-1 6.98645E-1 6.67788E-1 6.65381E-1 6.67543E-1 4.12605E-1 4.81966E-1 5.27948E-1 6.21745E-1
-9999 -9999 -9999 -9999 -9999 -9999 -9999 -9999 -9999 -9999 -9999 -9999 -9999 4.5503E-3 1.63936E-3 6.37801E-4 1.15709E-2 -9999 7.41296E-3 7.57928E-2 8.52695E-3 9.62144E-4 1.55639E-3 9.99341E-3 4.29832E-2 1.62741E-1 4.82312E-1 2.12743E-1 1.12057E-1 1.84322E-2 4.06955E-2 7.01782E-3 1.40915E-3 1.88808E-2 4.87642E-2 1.13732E-1 1.03554E-1 6.40003E-2 5.8474E-1 5.45512E-1 3.8136E-1 5.85328E-1 7.32207E-1 6.33685E-1 6.2611E-1 6.23751E-1 6.77916E-1 7.21437E-1 6.34766E-1 5.18189E-1 4.49241E-1 3.45256E-1 5.18601E-1 6.42059E-1 7.30303E-1 7.06234E-1 6.12531E-1 4.88791E-1 4.44317E-1 4.75307E-1 5.5285E-1
-9999 -9999 -9999 -9999 -9999 -9999 -9999 -9999 -9999 -9999 -9999 -9999 -9999 2.90061E-3 1.95145E-3 3.99069E-4 7.19761E-4 2.17003E-3 1.6572E-3 6.06114E-2 3.55872E-3 2.07116E-4 1.52544E-3 2.52954E-2 2.13249E-1 3.84991E-1 3.26445E-1 1.27759E-1 5.02992E-2 5.63669E-2 4.01066E-2 9.58784E-3 5.1974E-3 1.07565E-1 2.46646E-2 2.52584E-2 9.49851E-2 1.7832E-2 5.99599E-2 4.80784E-1 4.53383E-1 6.41981E-1 6.29641E-1 6.26558E-1 6.43855E-1 6.22824E-1 5.96335E-1 4.84492E-1 6.58042E-1 6.55648E-1 5.34351E-1 4.98155E-1 7.22889E-1 7.14457E-1 7.15106E-1 6.87675E-1 6.54267E-1 6.16092E-1 6.49109E-1 4.55924E-1 5.27254E-1
-9999 -9999 -9999 -9999 -9999 -9999 -9999 -9999 -9999 -9999 -9999 -9999 -9999 2.70874E-3 3.24341E-3 3.50752E-4 1.8053E-3 7.74801E-4 5.46869E-4 2.04013E-2 7.89317E-3 6.24058E-4 1.40995E-3 4.02608E-2 4.39057E-1 3.28249E-1 1.24696E-1 6.79708E-2 4.22681E-2 2.05035E-1 2.28545E-2 1.80767E-2 1.68685E-2 1.54097E-1 1.55515E-2 2.29868E-2 1.25332E-1 1.07626E-2 1.7743E-2 2.9159E-2 4.14727E-1 6.05231E-1 5.75408E-1 6.83898E-1 6.45296E-1 6.20933E-1 6.77459E-1 4.58561E-1 3.37759E-1 4.58521E-1 5.16614E-1 4.20314E-1 6.80589E-1 7.13722E-1 7.28168E-1 6.94029E-1 6.41634E-1 6.57942E-1 6.21485E-1 6.65372E-1 5.36494E-1
-9999 -9999 -9999 -9999 -9999 -9999 -9999 -9999 -9999 -9999 -9999 -9999 -9999 2.73985E-3 3.54402E-3 3.33495E-3 4.77579E-4 4.18972E-4 3.29079E-4 1.00024E-1 1.38793E-3 1.15165E-3 1.82858E-2 3.01565E-1 5.79601E-1 2.63796E-1 2.76344E-1 5.4299E-2 8.00553E-2 1.3774E-1 5.12688E-2 2.5908E-2 6.40839E-2 3.05576E-2 1.55266E-2 2.01397E-2 4.38766E-2 1.49949E-2 6.27513E-2 1.17265E-2 2.65822E-1 2.95238E-1 6.84891E-1 5.53138E-1 6.69008E-1 6.87095E-1 4.61278E-1 4.67883E-1 4.19881E-1 6.40439E-1 5.85067E-1 4.74246E-1 6.75288E-1 5.97224E-1 6.02169E-1 6.16916E-1 6.18481E-1 6.39952E-1 6.71663E-1 6.6036E-1 6.06138E-1
-9999 -9999 -9999 -9999 -9999 -9999 -9999 -9999 -9999 -9999 -9999 -9999 -9999 3.44412E-3 4.98822E-3 3.36099E-3 7.79956E-4 2.56301E-4 1.69552E-2 5.42283E-2 3.04498E-3 1.58591E-3 9.75794E-2 4.95698E-1 3.67669E-1 2.32375E-1 4.44551E-1 3.16468E-1 9.79592E-2 7.59189E-2 7.76754E-2 4.52696E-2 6.39366E-2 2.72024E-2 4.08481E-3 5.99482E-2 7.43317E-2 9.57059E-2 1.84456E-1 2.18179E-2 5.36408E-2 2.78584E-1 6.32937E-1 6.94583E-1 4.31761E-1 4.38017E-1 5.53263E-1 5.36898E-1 6.15081E-1 4.98555E-1 3.98339E-1 4.212E-1 5.55496E-1 5.8682E-1 5.72799E-1 4.00975E-1 4.15078E-1 4.74962E-1 5.95909E-1 5.7343E-1 4.89996E-1
-9999 -9999 -9999 -9999 -9999 -9999 -9999 -9999 -9999 -9999 -9999 -9999 -9999 3.94291E-3 2.30661E-3 6.44082E-3 4.65987E-3 6.36959E-3 3.56099E-2 3.82179E-3 1.19976E-2 4.65337E-2 9.92653E-2 1.88516E-1 1.95156E-1 1.88234E-1 3.40739E-1 3.52632E-1 4.34975E-1 2.65414E-1 1.2035E-1 8.14881E-2 2.16115E-2 7.04803E-3 5.48954E-3 3.68839E-2 1.69585E-1 3.01987E-1 5.23306E-1 2.23733E-2 5.99731E-2 4.55838E-1 5.22706E-1 6.64216E-1 5.20917E-1 5.65357E-1 6.01476E-1 5.73721E-1 5.5866E-1 5.33359E-1 4.27212E-1 4.65519E-1 5.77934E-1 5.75306E-1 5.66819E-1 4.81291E-1 3.94519E-1 5.86714E-1 5.25338E-1 5.8275E-1 5.54885E-1
-9999 -9999 -9999 -9999 -9999 -9999 -9999 -9999 -9999 -9999 -9999 -9999 3.9372E-3 3.94364E-3 6.90339E-3 1.16068E-2 1.94786E-2 1.84929E-2 9.01708E-3 5.05799E-4 8.92581E-3 2.63951E-1 2.49952E-1 2.64886E-1 6.56898E-2 1.77414E-1 2.65118E-1 3.23265E-1 3.64155E-1 1.70098E-1 2.21455E-1 6.23086E-2 1.56632E-2 7.32545E-3 1.40572E-2 1.39745E-2 1.22567E-1 3.47789E-1 9.51083E-2 2.36889E-2 1.25844E-2 3.43462E-1 5.52695E-1 6.33355E-1 5.8816E-1 6.03691E-1 5.65471E-1 5.20619E-1 4.73691E-1 6.55436E-1 4.79957E-1 4.71466E-1 5.02317E-1 5.04637E-1 5.26987E-1 5.12307E-1 4.34589E-1 6.73677E-1 5.29549E-1 4.91395E-1 6.04344E-1
-9999 -9999 -9999 -9999 -9999 -9999 -9999 -9999 -9999 -9999 -9999 -9999 1.13866E-2 7.81554E-3 5.05973E-3 6.9944E-3 1.42308E-2 1.34919E-2 2.53664E-3 2.5926E-3 5.50563E-2 1.60422E-1 5.1621E-2 1.81948E-1 1.56298E-1 1.48804E-1 1.02593E-1 2.13479E-1 2.94361E-1 2.89244E-1 2.60057E-1 1.17743E-1 2.23971E-2 2.93749E-2 4.89956E-3 2.05798E-2 2.80156E-1 5.53219E-1 1.37207E-1 1.09152E-2 1.68858E-2 3.30198E-1 4.07247E-1 5.11139E-1 5.10501E-1 5.50039E-1 4.41686E-1 4.98283E-1 5.33423E-1 5.74178E-1 4.49261E-1 4.23494E-1 3.87294E-1 4.80449E-1 4.66875E-1 4.5402E-1 4.73828E-1 5.18253E-1 5.24692E-1 4.44925E-1 4.79383E-1
-9999 -9999 -9999 -9999 -9999 -9999 -9999 -9999 -9999 -9999 -9999 -9999 7.3102E-3 5.26164E-3 3.32702E-3 9.04925E-3 9.54191E-3 6.83523E-3 2.08942E-3 1.99918E-2 9.59998E-2 7.85615E-2 7.37428E-2 2.23171E-2 4.51299E-2 9.90421E-2 2.70373E-1 1.71378E-1 2.55488E-1 2.36357E-1 3.39302E-1 4.25202E-2 1.76587E-2 6.418E-3 5.22088E-3 1.34546E-2 1.72398E-1 5.39255E-1 1.72414E-1 2.48355E-2 2.25507E-2 4.43153E-1 4.11733E-1 5.41074E-1 4.63572E-1 4.76136E-1 4.4105E-1 4.21278E-1 5.29273E-1 7.23335E-1 7.00741E-1 6.91926E-1 4.75795E-1 3.70216E-1 4.59136E-1 5.72778E-1 6.18304E-1 6.98771E-1 4.96318E-1 4.89427E-1 6.04999E-1
-9999 -9999 -9999 -9999 -9999 -9999 -9999 -9999 -9999 -9999 -9999 -9999 2.58311E-2 4.25031E-3 1.34917E-2 1.04495E-2 5.62163E-2 1.32144E-3 8.26202E-3 1.36027E-2 3.25265E-2 5.20191E-2 6.56349E-2 8.62763E-2 4.011E-2 6.15328E-2 1.20081E-1 1.68252E-1 3.00272E-1 3.51731E-1 3.36755E-1 1.04188E-1 2.3077E-2 9.9682E-3 4.23432E-3 4.62552E-3 6.41706E-2 3.02763E-1 4.10301E-2 9.00842E-2 3.5948E-2 3.33841E-1 4.243E-1 5.02615E-1 5.07357E-1 5.22724E-1 5.32505E-1 3.74068E-1 4.56227E-1 6.38995E-1 6.70501E-1 6.77293E-1 6.57082E-1 4.65276E-1 7.18848E-1 6.35926E-1 7.67845E-1 5.63647E-1 4.02105E-1 4.86869E-1 4.52072E-1
-9999 -9999 -9999 -9999 -9999 -9999 -9999 -9999 -9999 -9999 -9999 7.26171E-3 4.87097E-3 1.94794E-2 4.52464E-3 5.50814E-4 2.76866E-2 4.95531E-3 1.88298E-2 2.25362E-1 1.05174E-1 5.23003E-2 9.99165E-2 7.86644E-2 1.14268E-2 6.04176E-2 1.64323E-1 3.55921E-1 3.07746E-1 4.10024E-1 4.33081E-1 3.99847E-1 2.53444E-2 3.50997E-2 7.23497E-3 1.09448E-2 3.9318E-2 5.43078E-1 3.3004E-1 2.24609E-1 4.44166E-1 1.92152E-1 6.427E-1 6.03226E-1 5.46678E-1 6.56249E-1 4.94073E-1 2.75326E-1 4.22742E-1 5.22216E-1 4.64427E-1 3.77613E-1 6.02125E-1 7.19877E-1 5.03744E-1 4.54625E-1 4.06306E-1 4.43042E-1 4.80048E-1 5.40849E-1 4.25282E-1
-9999 -9999 -9999 -9999 -9999 -9999 -9999 -9999 -9999 -9999 -9999 4.13339E-3 1.1063E-2 3.35123E-2 1.97811E-2 1.3081E-2 2.12427E-2 6.4561E-3 7.35003E-2 1.68302E-1 1.53503E-1 3.14837E-2 2.54299E-2 3.40044E-2 9.67583E-2 1.63327E-1 1.59626E-1 1.93752E-2 1.71224E-2 5.437E-1 4.97398E-1 5.97158E-1 2.55141E-1 1.72159E-2 1.61368E-2 9.47758E-3 2.02326E-2 6.54147E-1 6.69504E-2 5.65898E-1 4.66117E-1 3.13554E-1 7.4842E-1 5.60076E-1 5.74649E-1 2.05011E-1 1.30987E-1 4.68618E-1 4.14253E-1 6.45137E-1 4.96058E-1 3.53515E-1 5.39333E-1 6.06817E-1 3.56924E-1 3.93364E-1 3.55918E-1 3.71935E-1 4.57283E-1 4.86322E-1 4.9781E-1
-9999 -9999 -9999 -9999 -9999 -9999 -9999 -9999 -9999 -9999 9.66077E-4 1.52924E-3 1.07188E-2 1.89735E-2 1.00928E-1 9.58264E-3 3.67388E-3 1.03261E-2 6.47884E-2 5.22883E-2 6.6132E-2 7.96898E-2 1.0008E-1 6.62935E-2 1.19338E-1 2.78841E-1 1.10034E-1 2.20131E-2 7.86078E-2 1.90584E-1 2.21519E-1 6.73529E-1 4.00835E-1 1.18862E-2 2.69199E-2 1.66114E-2 8.64416E-2 6.50463E-1 1.50749E-1 3.89638E-1 7.3343E-1 4.32638E-1 6.31323E-1 7.1514E-1 5.01768E-1 6.23803E-1 3.19531E-1 5.11253E-1 5.34585E-1 3.54641E-1 5.10517E-1 2.97588E-1 3.08626E-1 3.34197E-1 3.51152E-1 3.582E-1 3.7602E-1 4.48742E-1 3.99949E-1 3.70353E-1 4.20045E-1
-9999 -9999 -9999 -9999 -9999 -9999 -9999 -9999 -9999 -9999 7.67289E-4 7.36512E-4 1.85983E-2 3.45229E-2 2.86974E-2 4.64765E-3 3.19521E-3 2.22566E-2 2.48516E-2 3.08905E-2 3.27603E-2 7.94355E-2 9.40145E-2 1.22311E-1 1.39534E-1 1.38992E-1 1.82801E-1 2.01458E-1 3.09929E-1 3.66418E-1 1.26443E-1 1.92069E-1 3.71847E-2 2.50302E-2 1.96148E-2 1.36373E-2 1.34689E-1 3.90094E-1 1.88098E-1 5.21885E-1 7.82296E-1 1.53319E-1 3.70885E-1 6.4808E-1 5.84072E-1 4.24064E-1 4.57852E-1 3.17451E-1 2.91616E-1 3.76431E-1 2.79483E-1 3.75636E-1 3.20716E-1 3.30917E-1 4.06737E-1 4.99461E-1 4.10064E-1 4.25818E-1 4.41598E-1 4.5189E-1 4.60804E-1
-9999 -9999 -9999 -9999 -9999 -9999 -9999 -9999 -9999 -9999 5.74685E-4 5.19062E-4 2.58079E-2 2.38508E-2 6.15907E-3 5.09886E-3 4.89207E-3 1.64438E-2 4.13361E-2 3.39367E-2 2.2943E-2 3.63384E-2 3.6949E-2 4.80522E-2 1.0965E-1 7.08853E-2 2.9975E-1 5.59686E-2 2.45551E-1 2.80252E-1 4.83515E-2 3.63002E-2 2.06477E-2 3.81902E-2 4.08407E-2 3.94804E-2 1.51779E-1 1.99112E-1 3.70996E-1 3.34997E-1 6.63383E-1 5.13284E-1 6.58072E-1 6.17987E-1 6.30435E-1 5.91628E-1 2.43052E-1 3.11237E-1 3.25146E-1 3.52098E-1 4.82255E-1 5.48604E-1 5.25361E-1 3.81961E-1 4.21219E-1 3.35652E-1 3.25551E-1 3.56107E-1 5.49349E-1 4.40317E-1 3.54399E-1
-9999 -9999 -9999 -9999 -9999 -9999 -9999 -9999 -9999 5.45509E-4 4.61969E-4 6.37829E-4 9.54304E-3 6.29061E-3 1.51751E-3 1.9802E-3 9.66213E-3 3.49765E-2 5.87968E-2 1.76923E-2 3.15887E-2 4.46318E-2 5.2081E-2 6.32214E-2 3.80231E-2 3.09016E-2 4.6259E-1 9.44365E-2 5.53108E-2 3.62736E-2 3.34459E-2 9.9471E-2 1.15819E-1 1.13335E-1 1.18065E-1 1.18179E-1 1.54116E-1 1.98584E-1 6.0137E-1 2.38627E-1 7.23611E-1 6.26159E-1 7.32586E-1 4.81236E-1 6.49763E-1 4.99445E-1 5.15228E-1 4.61791E-1 4.10825E-1 3.05645E-1 3.26759E-1 4.01712E-1 3.93637E-1 5.34116E-1 6.07104E-1 5.72304E-1 4.92141E-1 4.6278E-1 3.93751E-1 4.4753E-1 4.32925E-1
-9999 -9999 -9999 -9999 -9999 -9999 -9999 -9999 -9999 8.0324E-4 4.14818E-4 6.6559E-4 3.97996E-3 1.56405E-3 1.08256E-3 1.62496E-3 1.01264E-2 1.91616E-2 4.23511E-2 3.62243E-2 8.2516E-2 4.18655E-2 4.10265E-2 5.89603E-2 5.08872E-2 8.36935E-2 3.05174E-1 2.94702E-1 2.4561E-1 1.41851E-1 1.60231E-1 2.02091E-1 6.1279E-2 9.35257E-2 3.16667E-1 3.58341E-1 2.84253E-1 5.71187E-1 5.34435E-1 6.21383E-1 7.55619E-1 7.87772E-1 4.90211E-1 5.26916E-1 6.97255E-1 6.99657E-1 6.24034E-1 4.40254E-1 5.57064E-1 5.59456E-1 5.60969E-1 5.69312E-1 4.29588E-1 5.58403E-1 5.34436E-1 6.38899E-1 5.36967E-1 4.60346E-1 4.81803E-1 3.50703E-1 2.97791E-1
-9999 -9999 -9999 -9999 -9999 -9999 -9999 -9999 3.02546E-4 5.49716E-4 8.46424E-4 9.0112E-3 1.06756E-3 1.17006E-3 2.11916E-3 1.13434E-2 1.36103E-2 3.11814E-2 4.22634E-2 4.94112E-2 7.92512E-2 9.5487E-2 6.15031E-2 8.12876E-2 6.06519E-2 2.49233E-1 2.1691E-1 3.24195E-1 2.11463E-1 3.3898E-1 2.52472E-1 1.74392E-1 5.48917E-2 1.41524E-1 2.64361E-1 2.00104E-1 3.14895E-1 6.76109E-1 5.93294E-1 8.34567E-1 7.89635E-1 7.21361E-1 5.38342E-1 3.69472E-1 1.68501E-1 4.25575E-1 7.51341E-2 3.06317E-1 4.04912E-1 6.03749E-1 4.84604E-1 4.68001E-1 3.3949E-1 4.202E-1 3.76191E-1 6.7113E-1 6.48745E-1 6.53398E-1 4.74872E-1 3.44085E-1 3.51162E-1
-9999 -9999 -9999 -9999 -9999 -9999 -9999 1.32286E-3 1.25239E-3 4.1265E-4 2.83076E-3 9.47959E-3 6.24448E-4 1.09661E-3 3.42163E-3 2.81388E-2 3.48785E-2 4.61944E-2 5.96812E-2 7.09552E-2 9.04723E-2 7.51447E-2 7.85265E-2 1.05679E-1 7.9784E-2 1.64046E-1 1.48131E-1 3.80217E-1 4.3306E-1 4.37972E-1 2.12327E-1 1.41604E-1 9.15312E-2 1.0148E-1 1.67604E-1 3.52555E-1 7.7133E-1 7.25621E-1 7.81326E-1 8.22464E-1 7.44711E-1 6.72485E-1 4.12402E-1 2.68921E-1 1.71827E-1 4.64576E-1 3.6302E-1 9.23455E-2 3.87648E-1 6.97108E-1 5.85703E-1 5.8121E-1 7.21767E-1 4.49353E-1 6.37712E-1 6.35209E-1 6.98251E-1 6.68752E-1 6.27341E-1 4.17928E-1 3.5015E-1
-9999 -9999 -9999 -9999 -9999 -9999 -9999 4.07505E-4 2.43805E-4 1.21246E-4 7.37383E-4 8.4844E-4 6.05578E-4 2.36615E-3 1.54494E-2 3.00802E-2 3.94735E-2 1.22047E-1 6.38405E-2 5.63172E-2 7.63295E-2 1.24541E-1 1.82481E-1 1.5039E-1 1.59036E-1 1.09066E-1 1.73459E-1 3.86082E-1 1.54742E-1 4.41877E-1 1.76674E-1 7.6072E-2 1.12666E-1 2.90335E-1 2.95987E-1 6.69313E-1 7.01552E-1 7.71634E-1 8.2747E-1 8.55108E-1 8.29224E-1 6.50796E-1 5.48609E-1 3.89135E-1 3.16591E-1 2.10969E-1 3.73065E-1 3.27227E-1 5.61634E-1 3.60903E-1 4.26655E-1 4.75617E-1 5.19217E-1 6.31677E-1 4.85264E-1 6.95949E-1 5.4164E-1 6.6043E-1 6.37442E-1 4.12598E-1 3.60835E-1
-9999 -9999 -9999 -9999 -9999 -9999 -9999 8.35966E-4 5.61155E-4 1.87833E-4 9.11711E-4 1.72716E-3 2.23908E-3 2.29243E-3 3.44162E-2 3.20663E-2 5.0716E-2 1.16343E-1 6.40582E-2 5.45144E-2 7.17757E-2 8.65758E-2 2.83213E-1 1.64603E-1 1.11487E-1 8.69651E-2 8.5593E-2 3.09236E-1 8.73355E-2 2.45059E-1 3.15647E-1 9.38698E-2 4.02221E-1 4.06178E-1 4.23169E-1 6.52407E-1 7.9497E-1 7.69952E-1 8.24166E-1 7.50394E-1 6.49868E-1 5.39305E-1 4.09379E-1 1.4041E-1 1.1025E-1 1.58016E-1 2.8014E-1 1.29566E-1 4.88183E-1 6.71206E-1 6.06744E-1 5.88763E-1 6.59233E-1 3.90464E-1 6.20452E-1 6.01428E-1 4.5058E-1 6.30263E-1 5.2513E-1 3.57197E-1 4.61481E-1
