Candidate_Models_Sept202022/M_0.8_F_lqp_Set_1_all/Bison.asc
ncols         97
nrows         127
xllcorner     -2197417.7431653
yllcorner     -584827.01486885
cellsize      30000.0
NODATA_value  -9999
[rows 27 to 53 of 127, columns 0 to 60 of 97]
-9999 -9999 8.83431E-6 3.38885E-6 1.58159E-5 2.7438E-5 2.46784E-5 3.66728E-5 8.57827E-5 3.10087E-5 2.75891E-5 4.17346E-5 1.45866E-5 1.74879E-5 1.39724E-5 2.12059E-5 1.57079E-5 1.46766E-5 1.13939E-5 9.89584E-6 8.13491E-6 8.42304E-6 7.0035E-6 6.57946E-6 7.65286E-6 9.79103E-6 1.10686E-5 9.6828E-6 9.52265E-6 9.18688E-6 8.00913E-6 9.79746E-6 9.38121E-6 9.32933E-6 1.06785E-5 1.04954E-5 1.58936E-5 1.19084E-5 8.79444E-6 1.44284E-5 2.30295E-5 2.53139E-5 1.98294E-5 4.11088E-5 2.04245E-5 1.47884E-5 1.08524E-5 8.45882E-6 6.0269E-6 5.0703E-6 4.74506E-6 5.19225E-6 3.42233E-6 2.77739E-6 1.70056E-6 1.24838E-6 1.17531E-6 1.05873E-6 1.2186E-6 1.37624E-6 2.08991E-6
-9999 1.35256E-6 1.02156E-5 4.86825E-6 3.15387E-6 1.54038E-5 2.9355E-5 3.2473E-5 3.27969E-5 3.65724E-5 3.07018E-5 2.8644E-5 2.46587E-5 2.35332E-5 2.12518E-5 2.04919E-5 3.07066E-5 2.00874E-5 1.59591E-5 1.43755E-5 1.95011E-5 1.16976E-5 6.58465E-6 7.4037E-6 8.84937E-6 1.08542E-5 1.05771E-5 1.08974E-5 1.08603E-5 1.0996E-5 8.88118E-6 6.98852E-6 9.51561E-6 8.6973E-6 8.61054E-6 1.11248E-5 1.46935E-5 2.19456E-5 1.8908E-5 1.50099E-5 1.7208E-5 1.34281E-5 1.72145E-5 1.70714E-5 1.73797E-5 1.10906E-5 1.00666E-5 6.79986E-6 5.68976E-6 4.35684E-6 4.58814E-6 6.22321E-6 2.97741E-6 2.34079E-6 1.81985E-6 1.41821E-6 1.19026E-6 1.07536E-6 1.14239E-6 1.36625E-6 1.2161E-6
-9999 2.78251E-7 5.6989E-7 4.19029E-6 4.33433E-6 1.46554E-5 2.23081E-5 3.40512E-5 4.59329E-5 4.2028E-5 2.87286E-5 3.62389E-5 2.70434E-5 2.50041E-5 2.49247E-5 1.74883E-5 1.99724E-5 2.34236E-5 2.81793E-5 2.18556E-5 1.14553E-5 7.57895E-6 8.88449E-6 7.45558E-6 1.32664E-5 1.14427E-5 1.22124E-5 1.18508E-5 1.02355E-5 1.05973E-5 9.12911E-6 7.51039E-6 9.8189E-6 9.41258E-6 8.3924E-6 8.70981E-6 1.22488E-5 1.68086E-5 1.58858E-5 1.63005E-5 1.90664E-5 1.71784E-5 1.98146E-5 1.44565E-5 1.00156E-5 1.06044E-5 8.10778E-6 6.28482E-6 4.71458E-6 4.35005E-6 3.9697E-6 3.82044E-6 2.7515E-6 2.21677E-6 1.7236E-6 1.46934E-6 1.228E-6 1.0594E-6 1.0256E-6 1.28884E-6 1.25645E-6
4.98915E-6 2.10436E-7 1.77344E-8 1.63931E-7 8.79771E-7 7.83908E-6 2.28531E-5 4.23724E-5 3.71847E-5 3.52916E-5 3.43154E-5 3.67334E-5 3.62302E-5 4.70435E-5 2.427E-5 1.90483E-5 2.9581E-5 2.57511E-5 2.3281E-5 1.69641E-5 1.22526E-5 8.43433E-6 1.09968E-5 1.36216E-5 1.17406E-5 1.18126E-5 1.10753E-5 1.27461E-5 1.11376E-5 1.01937E-5 8.98403E-6 9.23576E-6 8.10603E-6 9.16344E-6 1.1223E-5 1.13959E-5 1.26521E-5 1.44666E-5 1.76464E-5 1.62824E-5 1.63745E-5 1.33358E-5 1.45214E-5 1.65905E-5 1.10141E-5 8.99548E-6 7.86214E-6 6.14186E-6 4.70161E-6 3.46193E-6 2.9011E-6 3.18358E-6 2.92488E-6 2.58381E-6 2.03464E-6 1.62493E-6 1.27834E-6 1.1408E-6 1.10447E-6 1.31024E-6 1.28309E-6
4.44327E-6 3.3043E-6 6.2735E-8 2.10903E-8 4.32517E-7 1.31916E-5 2.63264E-5 5.40657E-5 4.18613E-5 4.31545E-5 4.83348E-5 4.00551E-5 3.80156E-5 5.68632E-5 2.89465E-5 3.77044E-5 2.15187E-5 2.96891E-5 1.83425E-5 1.21067E-5 1.01654E-5 1.22139E-5 1.06884E-5 1.16078E-5 1.22461E-5 1.19782E-5 1.20155E-5 1.31037E-5 1.19195E-5 1.161E-5 9.50942E-6 7.79592E-6 1.03791E-5 7.15748E-6 1.0198E-5 1.36956E-5 1.29727E-5 1.5182E-5 1.5496E-5 1.39054E-5 1.49788E-5 1.42755E-5 1.4008E-5 1.24737E-5 1.03419E-5 7.97603E-6 7.11559E-6 6.57523E-6 5.21354E-6 3.53213E-6 3.06887E-6 3.25339E-6 2.78695E-6 2.66447E-6 2.2146E-6 1.73425E-6 1.39958E-6 1.34413E-6 1.23586E-6 1.32712E-6 1.33977E-6
3.79232E-6 7.73757E-6 2.02706E-6 1.05361E-7 1.99002E-7 1.12784E-5 3.72928E-5 4.24629E-5 4.06388E-5 4.44924E-5 4.56805E-5 4.20422E-5 3.90093E-5 3.35896E-5 2.9246E-5 2.41532E-5 2.31337E-5 1.67851E-5 1.53765E-5 1.43277E-5 1.27707E-5 1.11041E-5 1.046E-5 1.28375E-5 1.77572E-5 1.33506E-5 1.30552E-5 2.19198E-5 1.36172E-5 1.07233E-5 8.84497E-6 8.67155E-6 9.96444E-6 9.83929E-6 8.39029E-6 1.10368E-5 1.60574E-5 1.26846E-5 1.16952E-5 1.34966E-5 1.00449E-5 1.62671E-5 1.3955E-5 1.66926E-5 1.44592E-5 7.92638E-6 6.87275E-6 6.16511E-6 6.25205E-6 3.94153E-6 3.54016E-6 3.24849E-6 2.77716E-6 2.72374E-6 2.35688E-6 1.76283E-6 1.54639E-6 1.47923E-6 1.53957E-6 1.41178E-6 1.47434E-6
-9999 2.45486E-6 4.53057E-6 3.99915E-6 5.35541E-7 1.64287E-5 2.61217E-5 4.54946E-5 3.66105E-5 2.99158E-5 4.40401E-5 4.87375E-5 3.79335E-5 3.24841E-5 1.97187E-5 1.68276E-5 1.14931E-5 1.01038E-5 1.50629E-5 1.67767E-5 1.51715E-5 1.92597E-5 1.19078E-5 1.29891E-5 1.50591E-5 1.98255E-5 1.706E-5 2.07213E-5 1.92867E-5 1.40671E-5 1.21576E-5 9.34953E-6 1.03289E-5 1.04594E-5 9.71437E-6 1.27822E-5 1.55349E-5 1.42406E-5 1.27579E-5 1.70514E-5 1.32707E-5 1.08794E-5 1.44777E-5 1.36723E-5 1.31468E-5 7.73541E-6 7.61355E-6 8.59254E-6 7.19184E-6 5.57701E-6 4.63381E-6 3.98987E-6 3.33167E-6 3.13629E-6 2.46627E-6 2.0464E-6 1.84201E-6 1.66694E-6 1.63395E-6 1.48024E-6 1.60691E-6
-9999 -9999 1.83679E-6 3.08277E-6 2.20938E-6 2.07933E-5 1.15762E-5 2.24999E-5 3.22156E-5 4.32427E-5 3.65306E-5 8.15892E-5 3.01209E-5 2.74174E-5 2.00469E-5 1.55159E-5 1.23139E-5 9.8105E-6 1.15395E-5 1.69578E-5 1.94822E-5 1.24202E-5 1.28476E-5 1.37671E-5 2.49742E-5 1.78646E-5 1.85385E-5 2.77189E-5 1.80939E-5 1.63522E-5 1.11262E-5 9.04573E-6 1.38959E-5 1.20856E-5 1.31181E-5 1.14389E-5 1.40719E-5 1.22446E-5 1.34878E-5 1.46613E-5 1.46198E-5 1.36765E-5 1.63265E-5 1.4103E-5 1.3096E-5 9.29471E-6 8.63201E-6 8.25213E-6 8.78122E-6 9.46257E-6 5.98998E-6 4.75138E-6 3.64478E-6 3.23625E-6 2.74253E-6 2.24452E-6 2.04017E-6 1.85019E-6 1.85982E-6 1.83161E-6 1.74657E-6
-9999 -9999 2.00661E-6 3.48589E-6 3.87964E-6 1.04496E-5 7.21705E-6 1.57691E-5 2.05136E-5 4.69373E-5 4.27888E-5 5.18282E-5 2.7986E-5 2.5234E-5 1.74125E-5 2.24426E-5 1.80097E-5 1.69251E-5 1.27203E-5 1.61431E-5 1.92055E-5 1.92443E-5 1.31675E-5 1.3373E-5 2.21012E-5 1.93711E-5 2.07376E-5 2.38209E-5 2.55414E-5 1.55618E-5 1.33928E-5 1.07876E-5 1.06928E-5 9.59849E-6 8.87526E-6 1.24803E-5 1.14957E-5 1.27796E-5 1.40026E-5 1.42899E-5 1.31865E-5 1.66008E-5 1.14302E-5 1.2621E-5 1.17876E-5 1.03457E-5 8.25443E-6 9.24303E-6 9.47982E-6 1.27886E-5 7.32351E-6 6.89496E-6 4.62758E-6 3.64164E-6 3.02368E-6 2.58296E-6 2.34659E-6 2.23817E-6 2.26457E-6 2.13592E-6 1.77941E-6
-9999 -9999 2.15907E-6 3.23694E-6 2.749E-6 5.15494E-6 5.95091E-6 2.37899E-5 2.99743E-5 3.55576E-5 4.36891E-5 2.89434E-5 3.51886E-5 2.61693E-5 1.78088E-5 2.02044E-5 2.15588E-5 1.92097E-5 2.06461E-5 1.8691E-5 2.14397E-5 2.10614E-5 1.41151E-5 1.94893E-5 1.50575E-5 1.60196E-5 1.95959E-5 1.86559E-5 2.22758E-5 1.92225E-5 1.38554E-5 9.84631E-6 8.75174E-6 1.04879E-5 1.15695E-5 1.27863E-5 1.31275E-5 1.32743E-5 1.42314E-5 1.34919E-5 1.417E-5 1.1672E-5 1.0815E-5 8.801E-6 1.23042E-5 1.14689E-5 9.36717E-6 1.16305E-5 1.0335E-5 1.20177E-5 7.74995E-6 6.39414E-6 4.90529E-6 3.93546E-6 3.66488E-6 3.01664E-6 2.7306E-6 2.51347E-6 2.81936E-6 2.4281E-6 2.11241E-6
-9999 -9999 -9999 2.73105E-6 6.73624E-6 1.81618E-5 1.30955E-5 2.04366E-5 2.30393E-5 1.62292E-5 1.94159E-5 3.49179E-5 3.90492E-5 2.96016E-5 1.99584E-5 1.90355E-5 1.99695E-5 1.79415E-5 2.18572E-5 2.14782E-5 2.17041E-5 2.0962E-5 1.29631E-5 2.1901E-5 2.79404E-5 1.75682E-5 2.53708E-5 2.09813E-5 1.65201E-5 1.45016E-5 1.2901E-5 1.27045E-5 9.38659E-6 1.12724E-5 1.21315E-5 1.23168E-5 1.57045E-5 1.41156E-5 1.05302E-5 1.32343E-5 1.18579E-5 1.21823E-5 1.41198E-5 1.37034E-5 1.32943E-5 1.1508E-5 1.09138E-5 1.16782E-5 1.00433E-5 8.687E-6 7.72989E-6 7.03319E-6 6.33316E-6 4.94361E-6 4.49029E-6 3.63842E-6 3.53866E-6 3.02892E-6 2.5727E-6 2.55296E-6 2.40713E-6
-9999 -9999 -9999 1.12486E-6 3.42857E-6 3.77545E-5 2.39146E-5 3.07899E-5 4.2411E-5 3.57406E-5 1.3119E-5 3.0975E-5 2.81952E-5 2.72346E-5 2.84974E-5 2.09568E-5 1.56604E-5 2.35488E-5 1.97851E-5 1.86987E-5 1.33075E-5 1.2401E-5 1.28504E-5 1.79231E-5 2.15503E-5 2.30476E-5 2.09572E-5 1.52105E-5 1.02313E-5 1.24565E-5 1.32959E-5 1.21291E-5 1.15675E-5 1.24985E-5 1.24492E-5 1.25506E-5 1.64374E-5 1.69736E-5 1.59103E-5 1.51194E-5 1.41745E-5 1.54479E-5 1.63493E-5 1.19527E-5 1.44813E-5 1.3044E-5 1.23999E-5 1.35645E-5 1.29487E-5 1.14997E-5 8.03649E-6 1.07843E-5 7.72972E-6 6.63469E-6 5.1989E-6 4.08337E-6 3.75107E-6 3.23385E-6 3.14962E-6 2.74989E-6 2.5413E-6
-9999 -9999 -9999 4.3026E-7 1.32021E-6 8.35476E-6 1.64586E-5 2.21747E-5 2.86662E-5 3.59593E-5 1.76157E-5 2.11857E-5 3.18913E-5 2.84171E-5 2.23851E-5 2.20496E-5 1.5731E-5 2.25255E-5 1.90906E-5 1.96056E-5 1.67782E-5 1.22114E-5 1.82553E-5 1.85165E-5 2.14245E-5 2.19316E-5 2.06526E-5 1.80308E-5 1.33631E-5 1.27105E-5 1.56895E-5 1.51161E-5 1.57159E-5 1.28071E-5 1.34047E-5 1.43518E-5 1.54639E-5 1.68465E-5 1.73689E-5 1.48886E-5 1.07787E-5 1.14229E-5 1.59194E-5 1.82445E-5 1.47637E-5 1.55261E-5 1.29268E-5 1.57528E-5 1.40546E-5 1.2164E-5 1.15485E-5 9.7318E-6 1.13554E-5 9.06227E-6 7.14858E-6 6.6922E-6 6.68996E-6 5.05257E-6 4.30125E-6 3.42839E-6 2.98731E-6
-9999 -9999 -9999 -9999 2.07425E-6 3.14637E-6 8.92052E-6 5.88058E-6 2.37687E-5 1.93476E-5 4.39366E-6 1.34992E-5 3.8243E-5 2.2916E-5 2.47734E-5 3.30048E-5 2.98191E-5 2.35594E-5 2.60618E-5 2.13823E-5 1.57084E-5 1.66804E-5 1.73128E-5 1.55144E-5 1.86403E-5 2.09768E-5 1.95662E-5 1.67538E-5 1.47831E-5 1.63522E-5 1.44729E-5 1.53436E-5 1.65979E-5 1.58296E-5 1.45483E-5 1.56272E-5 1.65019E-5 1.73124E-5 1.86451E-5 1.73865E-5 1.49632E-5 1.38828E-5 1.34259E-5 1.76623E-5 1.75224E-5 1.62547E-5 1.52745E-5 1.77633E-5 1.65496E-5 1.53693E-5 1.06574E-5 1.35085E-5 1.56602E-5 1.22141E-5 1.22515E-5 1.16033E-5 7.65041E-6 7.47348E-6 7.16489E-6 3.79204E-6 3.03209E-6
-9999 -9999 -9999 -9999 1.40376E-6 3.01529E-6 4.25612E-6 9.6887E-6 2.95586E-6 1.56991E-6 1.8182E-6 1.08888E-5 3.16599E-5 2.62246E-5 2.88982E-5 2.17361E-5 2.7362E-5 3.2373E-5 2.46916E-5 2.36004E-5 2.02895E-5 2.51258E-5 1.89581E-5 1.77272E-5 1.6661E-5 1.65702E-5 2.57471E-5 1.8557E-5 1.96065E-5 1.76093E-5 1.51396E-5 1.8759E-5 1.88282E-5 1.83086E-5 1.73102E-5 1.67137E-5 1.61819E-5 1.92404E-5 2.2359E-5 2.41785E-5 2.64693E-5 2.64011E-5 1.70224E-5 1.95337E-5 1.78931E-5 2.17267E-5 2.34856E-5 1.59778E-5 2.10409E-5 2.19794E-5 1.77018E-5 1.66028E-5 1.75609E-5 1.03529E-5 9.1242E-6 9.81906E-6 8.87287E-6 9.24997E-6 7.97587E-6 4.76549E-6 3.63659E-6
-9999 -9999 -9999 -9999 3.82453E-7 1.4384E-6 3.06323E-6 6.74363E-6 3.94122E-6 2.65402E-6 3.13002E-6 9.29779E-6 2.51552E-5 2.28565E-5 2.53665E-5 2.42321E-5 3.19396E-5 3.65683E-5 1.82465E-5 2.29673E-5 2.31475E-5 1.73547E-5 2.26185E-5 2.44467E-5 2.62142E-5 2.45566E-5 2.49341E-5 1.72954E-5 1.90422E-5 1.57571E-5 1.98046E-5 2.21724E-5 2.03014E-5 1.82503E-5 1.82985E-5 1.80576E-5 1.77014E-5 1.95018E-5 2.85184E-5 3.12625E-5 2.29801E-5 2.28884E-5 2.20327E-5 2.13031E-5 2.02486E-5 2.61658E-5 3.17132E-5 3.41018E-5 -9999 2.25218E-5 1.81731E-5 1.68763E-5 1.40143E-5 1.21486E-5 2.21072E-5 1.11804E-5 1.17693E-5 1.10962E-5 1.28491E-5 5.66544E-6 4.09943E-6
-9999 -9999 -9999 -9999 4.21278E-7 9.13569E-7 1.82929E-6 2.6473E-7 2.00409E-5 3.98594E-5 4.94526E-6 6.98776E-6 1.428E-5 1.76095E-5 2.13463E-5 2.99224E-5 3.25299E-5 2.25694E-5 1.94075E-5 2.36427E-5 2.78315E-5 2.40053E-5 2.5327E-5 3.85836E-5 2.45787E-5 1.99371E-5 1.89754E-5 2.12144E-5 1.69124E-5 1.83484E-5 2.15552E-5 2.26018E-5 2.03956E-5 2.03548E-5 1.90847E-5 1.96964E-5 1.92168E-5 1.98654E-5 2.00164E-5 2.48089E-5 3.28839E-5 2.33803E-5 2.36034E-5 2.31435E-5 2.46091E-5 2.52038E-5 -9999 -9999 -9999 -9999 2.64999E-5 1.6466E-5 1.5094E-5 1.65469E-5 1.63365E-5 1.44067E-5 8.89388E-6 6.6553E-6 4.79439E-6 5.48215E-6 5.22452E-6
-9999 -9999 -9999 -9999 2.80573E-7 1.6288E-6 1.45202E-6 5.30865E-7 1.85592E-7 3.24277E-5 5.24213E-6 1.83531E-5 1.27444E-5 1.93883E-5 1.97034E-5 2.37133E-5 2.33532E-5 1.92167E-5 2.05961E-5 2.23483E-5 2.10703E-5 2.30901E-5 2.67041E-5 2.63182E-5 1.6395E-5 1.48999E-5 2.18344E-5 1.73934E-5 2.13568E-5 2.26428E-5 2.24821E-5 2.15488E-5 2.11947E-5 2.46948E-5 1.82759E-5 2.39938E-5 2.14926E-5 1.98908E-5 2.06504E-5 2.20094E-5 2.58962E-5 2.27885E-5 2.24153E-5 2.09422E-5 3.06868E-5 -9999 -9999 -9999 -9999 4.86281E-5 2.94754E-5 2.34599E-5 1.75762E-5 1.62892E-5 1.69628E-5 1.39623E-5 1.15985E-5 8.31327E-6 8.29938E-6 9.85847E-6 6.01243E-6
-9999 -9999 -9999 -9999 6.37433E-7 2.03032E-6 2.145E-6 4.53443E-7 3.41469E-6 7.5105E-6 7.42655E-6 1.3553E-5 9.48819E-6 2.16123E-5 2.36127E-5 2.33834E-5 2.36747E-5 2.4863E-5 1.72974E-5 1.93339E-5 2.17893E-5 2.71337E-5 2.29027E-5 1.8852E-5 1.82134E-5 1.68254E-5 2.07308E-5 2.29241E-5 2.6226E-5 2.79103E-5 2.54355E-5 2.23435E-5 2.26506E-5 2.22705E-5 2.20002E-5 2.06929E-5 2.32584E-5 2.15482E-5 2.39511E-5 2.45158E-5 2.42442E-5 2.58147E-5 3.29157E-5 4.37056E-5 4.1891E-5 -9999 -9999 -9999 5.40156E-5 3.9014E-5 4.04115E-5 2.79422E-5 2.22361E-5 2.20701E-5 1.53376E-5 1.51137E-5 1.22457E-5 7.38668E-6 7.93331E-6 1.17154E-5 6.49389E-6
-9999 -9999 -9999 1.07483E-6 9.58223E-6 5.77066E-6 6.71154E-7 1.00897E-6 6.02906E-7 2.12469E-6 1.18523E-5 7.32788E-6 9.88607E-6 1.59962E-5 2.26067E-5 1.86646E-5 2.94305E-5 2.44101E-5 2.50766E-5 1.71955E-5 1.93333E-5 2.06353E-5 1.81889E-5 1.42243E-5 2.29224E-5 1.70214E-5 1.82498E-5 2.38745E-5 2.15495E-5 2.74035E-5 3.10544E-5 2.79413E-5 2.42134E-5 2.45214E-5 2.35806E-5 2.28707E-5 2.20332E-5 2.42062E-5 2.2651E-5 2.54685E-5 2.72475E-5 2.56747E-5 2.8262E-5 4.1211E-5 6.80198E-5 5.93546E-5 4.26341E-5 4.29595E-5 4.05466E-5 3.23805E-5 3.67738E-5 3.35584E-5 2.52996E-5 2.18177E-5 2.10128E-5 1.67861E-5 1.26218E-5 8.18711E-6 9.54247E-6 9.81832E-6 7.69125E-6
-9999 -9999 -9999 -9999 1.55267E-6 8.88153E-6 1.93309E-6 -9999 4.88035E-7 2.13863E-6 6.99789E-6 4.26661E-6 1.73213E-5 2.05255E-5 2.03964E-5 2.58533E-5 3.03243E-5 2.49434E-5 2.10487E-5 2.40593E-5 1.74724E-5 2.16281E-5 1.46911E-5 2.26978E-5 3.14374E-5 2.61595E-5 2.02088E-5 2.53398E-5 2.22005E-5 2.53917E-5 2.78365E-5 3.18038E-5 2.95782E-5 2.72869E-5 2.69141E-5 2.51443E-5 2.92567E-5 2.66399E-5 2.40082E-5 2.74118E-5 2.81953E-5 2.56862E-5 2.6153E-5 3.61847E-5 5.08232E-5 4.4646E-5 3.91896E-5 3.61485E-5 3.97717E-5 3.25537E-5 3.58933E-5 3.27019E-5 2.73414E-5 2.28612E-5 2.22022E-5 1.72419E-5 1.2473E-5 9.57544E-6 1.22113E-5 1.04656E-5 7.32062E-6
-9999 -9999 -9999 -9999 4.91558E-7 8.86047E-7 1.15797E-6 1.89636E-6 8.58865E-7 5.20014E-6 9.50941E-6 2.64309E-6 2.55146E-5 1.32848E-5 1.90284E-5 4.04584E-5 2.25713E-5 3.20896E-5 2.07944E-5 1.92614E-5 1.72642E-5 1.92558E-5 2.12167E-5 3.42093E-5 2.63405E-5 3.16754E-5 1.98557E-5 2.28554E-5 2.269E-5 2.71965E-5 3.18134E-5 3.61861E-5 3.63002E-5 3.46378E-5 3.11678E-5 3.02409E-5 2.98219E-5 3.11045E-5 2.57493E-5 2.7634E-5 2.77949E-5 2.92932E-5 2.71209E-5 3.57748E-5 3.35902E-5 3.76128E-5 4.32403E-5 4.73605E-5 3.71207E-5 3.43061E-5 3.57236E-5 2.8053E-5 2.47341E-5 2.2889E-5 2.26743E-5 1.75948E-5 1.40757E-5 1.28222E-5 1.07123E-5 1.13708E-5 9.93881E-6
-9999 -9999 -9999 -9999 2.21765E-6 8.98378E-7 1.59087E-6 1.08703E-6 1.38708E-6 5.14368E-6 3.61154E-6 2.33535E-6 1.14047E-5 2.20613E-5 2.00732E-5 2.55838E-5 2.80304E-5 3.19066E-5 2.76062E-5 2.0735E-5 2.17661E-5 1.88257E-5 1.5291E-5 2.12469E-5 4.65268E-5 3.05027E-5 1.77725E-5 2.52513E-5 3.01559E-5 3.38658E-5 3.25589E-5 3.57354E-5 4.50695E-5 4.04542E-5 3.96683E-5 3.40696E-5 3.16276E-5 3.03136E-5 3.71074E-5 3.60225E-5 3.35092E-5 3.38866E-5 3.98757E-5 3.39799E-5 3.31426E-5 3.42141E-5 4.55008E-5 4.75327E-5 3.366E-5 3.78917E-5 3.18792E-5 2.7642E-5 2.4123E-5 2.26837E-5 2.15283E-5 1.648E-5 1.51713E-5 1.68072E-5 1.39176E-5 1.12155E-5 8.87714E-6
-9999 -9999 -9999 -9999 -9999 9.87533E-7 1.9578E-6 2.1953E-6 8.61764E-7 2.73188E-6 2.51278E-6 7.10303E-6 8.58568E-6 1.35025E-5 1.47272E-5 2.64703E-5 4.04709E-5 3.03102E-5 3.20997E-5 2.38519E-5 2.357E-5 2.78906E-5 1.8413E-5 2.54668E-5 3.1409E-5 5.3792E-5 2.6344E-5 2.24323E-5 2.49063E-5 3.5411E-5 3.68501E-5 4.50393E-5 4.58409E-5 4.78073E-5 4.20486E-5 3.83004E-5 3.54823E-5 3.31695E-5 3.52828E-5 3.73555E-5 3.83337E-5 3.55764E-5 3.9875E-5 3.46698E-5 3.35809E-5 3.07109E-5 4.94206E-5 3.52503E-5 3.8668E-5 3.58925E-5 3.1137E-5 2.87239E-5 2.57472E-5 2.35121E-5 2.27055E-5 1.8066E-5 2.02152E-5 1.52204E-5 1.59351E-5 1.00895E-5 9.97272E-6
-9999 -9999 -9999 -9999 -9999 2.77415E-6 5.77707E-7 1.98358E-6 1.44281E-6 5.92488E-6 5.04667E-6 9.22147E-7 2.40241E-6 5.78054E-6 1.75162E-5 2.58236E-5 3.06556E-5 3.13583E-5 3.16763E-5 2.8844E-5 3.27245E-5 1.91046E-5 2.64197E-5 2.49371E-5 3.84849E-5 5.42807E-5 3.02055E-5 2.67318E-5 3.00187E-5 3.76521E-5 3.86569E-5 4.40209E-5 4.3808E-5 3.9855E-5 3.85671E-5 3.9582E-5 4.55894E-5 4.23488E-5 4.21265E-5 4.25766E-5 4.32213E-5 3.92844E-5 3.5121E-5 3.97391E-5 4.24275E-5 3.84653E-5 3.7357E-5 4.29552E-5 4.06872E-5 4.41502E-5 3.49086E-5 3.14545E-5 3.50277E-5 2.28949E-5 2.4747E-5 2.88823E-5 1.78628E-5 1.66704E-5 1.42784E-5 1.37224E-5 1.18638E-5
-9999 -9999 -9999 -9999 -9999 3.47884E-6 1.64816E-6 6.02258E-7 9.89434E-7 4.07902E-7 4.64807E-6 1.38258E-6 1.39291E-6 2.31965E-6 1.97158E-5 2.06895E-5 2.21541E-5 2.24753E-5 3.06327E-5 3.45584E-5 2.53933E-5 2.73648E-5 2.57484E-5 2.34246E-5 3.41295E-5 4.42584E-5 2.4412E-5 3.68398E-5 3.85728E-5 3.16757E-5 4.02382E-5 4.31318E-5 4.75172E-5 4.48631E-5 4.59009E-5 4.66195E-5 4.61198E-5 4.92522E-5 5.28012E-5 5.01458E-5 4.78091E-5 4.33989E-5 4.66084E-5 4.03038E-5 4.35374E-5 5.1138E-5 3.74856E-5 3.88023E-5 3.65506E-5 3.83043E-5 3.77376E-5 3.80534E-5 4.04693E-5 2.39894E-5 2.89025E-5 2.19127E-5 2.10275E-5 1.82581E-5 1.54095E-5 1.47976E-5 1.25078E-5
-9999 -9999 -9999 -9999 -9999 1.9657E-6 6.03532E-7 1.131E-6 1.44892E-6 3.39731E-7 1.02554E-6 1.67885E-6 4.45545E-6 6.39221E-6 1.35547E-5 1.70223E-5 1.64171E-5 1.62203E-5 2.35536E-5 2.73181E-5 3.26679E-5 4.606E-5 3.85626E-5 2.54139E-5 2.23879E-5 6.47927E-5 3.06832E-5 3.08565E-5 3.83214E-5 3.10235E-5 4.19485E-5 4.89353E-5 5.07687E-5 5.35468E-5 5.33768E-5 4.93002E-5 5.34435E-5 4.91419E-5 5.11325E-5 5.68687E-5 8.40706E-5 6.87476E-5 4.89316E-5 3.38082E-5 4.50829E-5 4.17127E-5 4.18327E-5 4.24423E-5 4.09304E-5 4.93472E-5 4.29842E-5 3.68587E-5 4.54724E-5 4.31486E-5 2.70476E-5 -9999 2.31312E-5 1.8382E-5 1.74456E-5 1.72424E-5 1.46721E-5
