Candidate_Models_Sept202022/M_0.8_F_lqp_Set_1_all/Bison.asc
ncols         97
nrows         127
xllcorner     -2197417.7431653
yllcorner     -584827.01486885
cellsize      30000.0
NODATA_value  -9999
[rows 54 to 80 of 127, columns 0 to 60 of 97]
-9999 -9999 -9999 -9999 3.50889E-6 1.90973E-6 5.78589E-7 1.64877E-6 1.18193E-6 2.76904E-7 4.6488E-7 4.91959E-6 3.53596E-6 6.80553E-6 7.43211E-6 6.47607E-6 1.08053E-5 1.79729E-5 2.06714E-5 2.45455E-5 3.3549E-5 4.36383E-5 4.06246E-5 3.36954E-5 3.64874E-5 6.34957E-5 4.49883E-5 3.51334E-5 4.95338E-5 4.35912E-5 4.47108E-5 4.87305E-5 6.12375E-5 6.35971E-5 5.49736E-5 5.50421E-5 5.68996E-5 5.40097E-5 6.34884E-5 7.76298E-5 9.76909E-5 1.12636E-4 8.18296E-5 5.33041E-5 5.10995E-5 4.7993E-5 4.75313E-5 4.32766E-5 4.28682E-5 4.06031E-5 4.00229E-5 3.84804E-5 3.21088E-5 5.21956E-5 5.45368E-5 4.08543E-5 4.10157E-5 3.37179E-5 3.0945E-5 2.25919E-5 1.66877E-5
-9999 -9999 -9999 -9999 -9999 1.36362E-6 4.57193E-7 7.55477E-7 2.98492E-6 5.1527E-7 2.77271E-7 3.37752E-6 1.07616E-5 4.71676E-6 6.84096E-6 5.58619E-6 7.19223E-6 9.89614E-6 2.13047E-5 1.71872E-5 3.64719E-5 4.43164E-5 4.09319E-5 5.44204E-5 3.93669E-5 3.79257E-5 4.08879E-5 4.33778E-5 7.02978E-5 6.336E-5 5.70109E-5 5.19222E-5 5.82494E-5 5.49402E-5 5.39671E-5 6.45667E-5 6.94687E-5 5.69734E-5 6.80014E-5 6.98441E-5 1.03419E-4 1.35292E-4 7.07439E-5 5.55068E-5 5.59786E-5 5.20944E-5 4.7564E-5 4.47688E-5 4.78071E-5 4.33984E-5 5.06516E-5 4.98355E-5 4.96296E-5 5.70376E-5 4.98404E-5 3.86526E-5 3.51847E-5 2.93912E-5 2.82471E-5 2.25011E-5 2.24241E-5
-9999 -9999 -9999 -9999 -9999 2.48319E-6 1.08507E-6 1.68675E-6 2.02937E-6 1.07828E-6 5.59866E-8 1.19889E-6 1.79909E-6 1.71271E-6 8.77188E-6 5.61412E-6 9.72685E-6 1.19543E-5 1.73834E-5 2.49597E-5 4.15356E-5 3.20294E-5 3.07976E-5 4.01653E-5 3.34338E-5 2.96417E-5 3.78604E-5 6.17824E-5 9.29847E-5 6.14017E-5 7.2095E-5 7.06418E-5 7.11888E-5 6.65504E-5 7.7423E-5 9.59691E-5 6.56546E-5 5.91352E-5 7.33848E-5 6.38165E-5 1.02165E-4 7.90341E-5 5.77203E-5 5.90739E-5 5.73175E-5 5.41402E-5 4.93567E-5 4.53207E-5 4.55181E-5 5.41443E-5 5.67349E-5 5.51448E-5 5.63374E-5 6.0792E-5 4.23068E-5 3.84705E-5 3.89033E-5 3.55246E-5 2.814E-5 2.40941E-5 1.78913E-5
-9999 -9999 -9999 -9999 -9999 -9999 1.94223E-6 -9999 3.31598E-6 4.31718E-7 1.65193E-7 8.68157E-7 1.73032E-6 2.49163E-6 3.50687E-6 1.24028E-5 8.74785E-6 1.13345E-5 1.86261E-5 2.9171E-5 2.69839E-5 2.99531E-5 3.03851E-5 4.20958E-5 3.53827E-5 3.87433E-5 2.61683E-5 6.10503E-5 7.30622E-5 7.2863E-5 1.61543E-4 1.43541E-4 8.84739E-5 7.84942E-5 8.52928E-5 1.00466E-4 9.54789E-5 6.73952E-5 7.52463E-5 6.25937E-5 6.49344E-5 6.26436E-5 7.44505E-5 6.35234E-5 5.29275E-5 5.43661E-5 5.16119E-5 5.87027E-5 6.54728E-5 5.87916E-5 5.7134E-5 7.74816E-5 5.2122E-5 4.4564E-5 4.2421E-5 4.25763E-5 3.896E-5 3.7928E-5 3.33648E-5 2.58518E-5 1.91699E-5
-9999 -9999 -9999 9.92898E-7 -9999 -9999 -9999 -9999 -9999 1.03791E-6 5.21744E-7 4.51932E-7 1.35365E-6 2.69768E-6 2.39265E-6 1.16104E-5 8.69779E-6 1.28592E-5 1.69217E-5 2.37412E-5 2.53668E-5 3.23301E-5 2.74249E-5 4.66581E-5 2.80376E-5 3.20919E-5 2.74796E-5 3.98468E-5 1.01833E-4 1.01676E-4 2.66122E-4 2.08309E-4 8.27178E-5 6.71208E-5 6.78692E-5 1.05739E-4 9.69137E-5 1.2311E-4 3.18717E-4 7.09117E-5 7.06998E-5 6.21252E-5 7.10857E-5 6.17117E-5 5.03117E-5 5.62973E-5 6.44817E-5 5.80161E-5 5.83442E-5 5.41944E-5 5.85914E-5 5.7804E-5 5.92462E-5 4.54943E-5 4.37355E-5 4.85316E-5 3.97619E-5 5.17544E-5 4.18923E-5 3.11254E-5 2.69688E-5
-9999 -9999 -9999 9.35637E-7 1.72212E-6 3.02773E-6 -9999 -9999 -9999 1.36322E-6 1.6086E-7 8.59633E-7 1.79772E-6 3.8399E-6 4.63759E-6 1.65584E-5 1.46753E-5 1.17852E-5 2.11632E-5 2.47951E-5 2.24413E-5 2.37959E-5 2.97806E-5 2.89346E-5 3.15334E-5 2.19912E-5 2.22867E-5 4.0524E-5 1.35915E-4 2.08559E-4 3.95042E-4 2.79508E-4 9.01825E-5 9.35485E-5 9.43412E-5 8.61534E-5 9.56057E-5 2.7223E-4 1.89931E-4 7.2574E-5 7.66286E-5 8.77579E-5 7.00237E-5 6.35097E-5 5.94655E-5 5.57932E-5 5.98188E-5 5.4927E-5 5.60331E-5 7.15746E-5 6.49145E-5 5.74585E-5 4.7221E-5 4.76717E-5 4.02175E-5 5.14849E-5 6.38516E-5 6.1407E-5 4.60196E-5 4.13245E-5 3.56228E-5
-9999 -9999 -9999 8.7458E-7 2.27121E-6 4.30506E-6 2.80448E-6 -9999 -9999 3.77688E-6 3.24297E-7 2.69296E-6 1.67589E-6 3.23752E-6 5.03357E-6 9.94348E-6 1.38194E-5 1.74571E-5 2.31806E-5 2.24636E-5 2.87849E-5 2.47324E-5 1.9873E-5 1.72693E-5 2.90692E-5 4.69236E-6 4.46763E-6 2.63564E-5 7.73604E-5 7.82504E-5 5.31621E-4 6.40047E-4 2.53897E-4 3.42176E-4 3.08346E-4 1.43166E-4 1.75715E-4 2.07173E-4 1.27751E-4 8.78795E-5 9.09359E-5 8.40579E-5 7.4182E-5 6.63373E-5 6.09496E-5 6.01847E-5 6.01466E-5 6.78673E-5 6.8193E-5 8.86757E-5 7.08332E-5 6.89978E-5 6.57448E-5 7.52979E-5 4.3857E-5 5.04454E-5 5.4534E-5 5.88392E-5 5.26743E-5 4.77269E-5 3.09072E-5
-9999 -9999 -9999 7.35528E-7 1.40401E-6 2.27014E-6 -9999 -9999 2.33522E-6 2.28394E-7 1.05427E-7 8.33263E-7 1.05383E-6 2.79246E-6 7.30579E-6 1.04355E-5 4.27272E-5 2.11644E-5 2.66543E-5 1.66362E-5 2.612E-5 2.50052E-5 2.51949E-5 2.11151E-5 2.26426E-5 5.66891E-6 3.32803E-6 1.93111E-5 4.73238E-5 1.8603E-4 4.21814E-4 7.79867E-4 5.29692E-4 3.36295E-4 4.98242E-4 3.10955E-4 2.71596E-4 3.49709E-4 1.76944E-4 1.12927E-4 1.0965E-4 1.03285E-4 7.8866E-5 6.87162E-5 6.55913E-5 8.38843E-5 7.69376E-5 7.50991E-5 8.97454E-5 8.56797E-5 8.34843E-5 6.19215E-5 5.96916E-5 4.70311E-5 4.64314E-5 5.57526E-5 5.79608E-5 4.73152E-5 5.64006E-5 4.07412E-5 3.89163E-5
-9999 -9999 -9999 6.30335E-7 2.40028E-6 -9999 -9999 5.31905E-6 1.33513E-6 3.21867E-7 1.84944E-7 8.64333E-7 1.12153E-6 1.26193E-6 8.11058E-6 1.39085E-5 3.79494E-5 2.42942E-5 2.39397E-5 2.40297E-5 2.75504E-5 2.80776E-5 2.18824E-5 2.3502E-5 2.0612E-5 7.78109E-6 1.8783E-6 1.40209E-5 3.07259E-5 4.78566E-5 2.00173E-4 5.50259E-4 2.07398E-4 2.91966E-4 8.64702E-4 5.29151E-4 4.82316E-4 9.85584E-4 2.85916E-4 1.14328E-4 1.08119E-4 8.64691E-5 7.50543E-5 6.76804E-5 7.52438E-5 9.7951E-5 8.49133E-5 7.36162E-5 7.15568E-5 9.27583E-5 8.83892E-5 5.81245E-5 4.5014E-5 5.23275E-5 4.93506E-5 5.04179E-5 5.52462E-5 4.92548E-5 4.63811E-5 4.12733E-5 4.4267E-5
-9999 -9999 -9999 3.40665E-7 6.61729E-7 -9999 -9999 -9999 2.04602E-6 2.76924E-7 2.73074E-7 1.0887E-6 5.48053E-7 3.714E-6 1.14716E-5 2.12529E-5 3.31781E-5 3.23159E-5 3.23859E-5 2.67787E-5 3.31371E-5 3.74372E-5 3.01411E-5 2.24284E-5 2.07468E-5 9.42348E-6 5.18708E-6 1.32254E-5 2.25672E-5 3.2354E-5 5.45613E-5 2.12484E-4 3.29246E-4 4.01215E-4 5.71655E-4 5.98516E-4 4.41929E-4 2.98291E-4 1.3008E-4 1.04174E-4 9.19719E-5 9.27624E-5 8.42802E-5 7.70839E-5 8.6355E-5 9.11753E-5 1.08321E-4 8.29461E-5 8.19412E-5 1.00612E-4 9.08381E-5 7.06643E-5 7.36073E-5 6.35203E-5 6.09134E-5 5.23822E-5 5.46079E-5 5.39121E-5 5.36405E-5 5.69885E-5 4.96088E-5
-9999 -9999 -9999 5.36868E-7 2.3034E-6 -9999 -9999 -9999 2.8582E-6 1.25976E-6 6.97766E-7 2.69551E-7 3.1463E-6 5.60757E-6 7.86501E-6 2.1519E-5 2.81542E-5 3.49646E-5 4.366E-5 2.76858E-5 2.6493E-5 4.99048E-5 3.64986E-5 2.85E-5 2.30105E-5 1.34856E-5 5.89312E-6 1.18534E-5 1.68205E-5 2.91195E-5 4.14594E-5 2.60034E-4 3.42739E-4 5.00065E-4 3.28652E-4 4.13301E-4 3.12756E-4 3.98843E-4 1.72848E-4 1.77526E-4 9.94754E-5 9.59531E-5 8.65618E-5 7.95512E-5 1.10606E-4 1.21055E-4 1.2663E-4 9.67509E-5 8.68968E-5 1.1547E-4 1.16658E-4 7.5107E-5 6.85598E-5 5.86171E-5 6.40047E-5 5.97521E-5 5.41474E-5 5.1301E-5 4.69375E-5 4.84186E-5 4.54729E-5
-9999 -9999 -9999 1.72216E-7 2.29985E-6 -9999 -9999 -9999 3.29058E-6 4.3962E-7 1.00158E-7 8.5906E-8 1.64241E-6 4.96174E-6 3.37303E-5 2.18707E-5 2.2631E-5 3.99664E-5 3.49112E-5 3.39973E-5 5.68954E-5 7.24788E-5 3.74079E-5 3.08799E-5 2.27428E-5 1.19754E-5 6.8036E-6 7.39791E-6 1.27223E-5 1.91896E-5 3.34823E-5 1.23664E-4 2.61465E-4 6.05181E-4 3.66772E-4 3.85535E-4 1.59022E-4 3.07959E-4 3.21814E-4 1.62553E-4 8.10445E-5 8E-5 7.85776E-5 8.70887E-5 8.65506E-5 8.98372E-5 1.08198E-4 1.07739E-4 1.22764E-4 1.0275E-4 8.91714E-5 8.60665E-5 7.32718E-5 6.79417E-5 6.55229E-5 6.38884E-5 5.41897E-5 6.75412E-5 5.94791E-5 5.54214E-5 8.03866E-5
-9999 -9999 -9999 -9999 8.76303E-7 -9999 -9999 -9999 -9999 1.46619E-6 1.486E-7 2.11923E-7 1.11799E-6 2.24935E-6 1.09355E-5 1.97164E-5 1.93477E-5 4.16427E-5 5.19643E-5 6.41639E-5 4.43798E-5 1.28445E-4 5.60813E-5 3.84366E-5 3.4952E-5 1.70292E-5 7.69846E-6 5.48626E-6 1.0263E-5 1.27225E-5 2.54899E-5 4.07901E-5 5.41373E-5 8.10855E-5 6.97966E-5 9.16418E-5 2.98773E-4 2.14246E-4 8.51572E-5 6.20455E-5 1.06208E-4 7.38137E-5 1.1277E-4 9.00526E-5 8.69241E-5 1.21284E-4 1.09946E-4 1.13578E-4 1.15869E-4 9.71432E-5 1.30325E-4 8.39049E-5 7.74973E-5 7.4422E-5 7.46443E-5 6.864E-5 6.80346E-5 5.99165E-5 5.80263E-5 5.32006E-5 5.45258E-5
-9999 -9999 -9999 -9999 1.55252E-6 -9999 -9999 -9999 -9999 3.64546E-6 7.57439E-7 4.13281E-7 1.10722E-6 1.9901E-6 7.88104E-6 1.94058E-5 3.45166E-5 4.20458E-5 4.85966E-5 3.92942E-5 4.86238E-5 6.81567E-5 4.48271E-5 6.72745E-5 7.54631E-5 1.97786E-5 9.52131E-6 4.28375E-6 6.41203E-6 1.15532E-5 1.80067E-5 2.45126E-5 5.02324E-5 9.77328E-5 5.48697E-5 6.05476E-5 1.34013E-4 6.61909E-5 4.83907E-5 3.70855E-5 7.68076E-5 6.89101E-5 1.02139E-4 1.37156E-4 9.6199E-5 1.12186E-4 2.16547E-4 1.14101E-4 1.08452E-4 1.08671E-4 1.12661E-4 9.41396E-5 8.78608E-5 8.19493E-5 8.2812E-5 8.92542E-5 7.54984E-5 6.70813E-5 6.18906E-5 5.61248E-5 5.3607E-5
-9999 -9999 -9999 -9999 -9999 -9999 -9999 -9999 -9999 2.59766E-6 2.1268E-6 4.93668E-7 1.24018E-6 2.69558E-6 3.90008E-6 1.10582E-5 3.35381E-5 3.64995E-5 3.88265E-5 5.17863E-5 4.42117E-5 4.76064E-5 5.91445E-5 4.09091E-5 2.70128E-5 9.60771E-6 5.82298E-6 7.55584E-6 4.85795E-6 1.12175E-5 2.09466E-5 2.69081E-5 3.22671E-5 6.28521E-5 3.52101E-5 5.2203E-5 1.1087E-4 9.80345E-5 5.96044E-5 7.8448E-5 9.80652E-5 7.35405E-5 1.20186E-4 1.31978E-4 3.02017E-4 3.67303E-4 3.58868E-4 1.49856E-4 1.0889E-4 1.04944E-4 1.15104E-4 1.16089E-4 9.51997E-5 7.68773E-5 8.4857E-5 7.86344E-5 7.9278E-5 7.66192E-5 6.601E-5 6.54756E-5 5.9618E-5
-9999 -9999 -9999 -9999 -9999 -9999 -9999 -9999 -9999 -9999 1.93579E-6 7.21935E-7 8.19938E-7 1.69587E-6 6.56491E-6 1.08769E-5 3.1462E-5 3.26618E-5 3.80811E-5 4.20639E-5 4.24024E-5 4.34993E-5 5.84886E-5 4.53539E-5 2.84932E-5 1.14718E-5 7.56024E-6 6.53437E-6 7.23709E-6 8.82445E-6 1.90229E-5 3.07803E-5 4.1341E-5 4.18107E-5 5.03901E-5 5.27147E-5 8.84048E-5 1.08264E-4 7.00287E-5 9.44629E-5 1.04335E-4 2.40096E-4 2.78575E-4 3.71898E-4 4.91427E-4 5.03412E-4 3.5501E-4 5.11703E-4 1.18636E-4 1.05189E-4 1.45759E-4 1.16717E-4 1.04117E-4 9.23994E-5 8.63496E-5 7.91954E-5 9.23842E-5 9.67646E-5 8.49807E-5 7.44576E-5 6.99104E-5
-9999 -9999 -9999 -9999 -9999 -9999 -9999 -9999 -9999 -9999 1.56144E-6 5.72093E-7 1.80743E-7 8.38675E-7 6.41988E-6 8.21196E-6 3.06228E-5 4.42557E-5 3.69695E-5 4.71987E-5 4.45718E-5 4.45214E-5 5.96664E-5 6.38939E-5 2.60506E-5 1.42587E-5 9.83077E-6 6.85722E-6 1.22308E-5 1.427E-5 2.10181E-5 2.96449E-5 3.52308E-5 4.65213E-5 5.79709E-5 8.39627E-5 7.59715E-5 6.68056E-5 7.4196E-5 2.47995E-4 3.23617E-4 4.98339E-4 3.26808E-4 4.08661E-4 4.53337E-4 4.25028E-4 1.58023E-4 3.54392E-4 2.65489E-4 3.66576E-4 2.81591E-4 1.42557E-4 9.93447E-5 9.41061E-5 8.65303E-5 8.80449E-5 9.06184E-5 8.50733E-5 8.25736E-5 7.67234E-5 7.85356E-5
-9999 -9999 -9999 -9999 -9999 -9999 -9999 -9999 -9999 -9999 1.25745E-6 4.37677E-7 2.48081E-7 6.92147E-7 1.84042E-5 1.6098E-5 2.49677E-5 5.38676E-5 4.42736E-5 7.05956E-5 5.9535E-5 5.49522E-5 5.77472E-5 6.49639E-5 3.33947E-5 1.13911E-5 9.43424E-6 9.65089E-6 1.28144E-5 2.04648E-5 2.74522E-5 4.05455E-5 3.99597E-5 4.12786E-5 6.15945E-5 7.61724E-5 1.22121E-4 1.96703E-4 2.54568E-4 2.31827E-4 3.51511E-4 3.84671E-4 5.69135E-4 5.64063E-4 5.69586E-4 6.89174E-4 6.74224E-4 5.3997E-4 3.97857E-4 6.11101E-4 6.23689E-4 3.97658E-4 2.93813E-4 2.42601E-4 1.9654E-4 9.56489E-5 9.2307E-5 9.16667E-5 9.19294E-5 8.36601E-5 8.78283E-5
-9999 -9999 -9999 -9999 -9999 -9999 -9999 -9999 -9999 -9999 1.20541E-6 3.46374E-7 5.97958E-7 4.77547E-7 3.98224E-6 1.08593E-5 3.00197E-5 5.32061E-5 5.9318E-5 1.02198E-4 1.15942E-4 6.64446E-5 5.44219E-5 5.86711E-5 3.35079E-5 1.59111E-5 9.62329E-6 9.03695E-6 1.97981E-5 1.6013E-5 2.78103E-5 4.68347E-5 4.64727E-5 4.24154E-5 8.88653E-5 6.13715E-5 1.01426E-4 1.45369E-4 1.42433E-4 2.34416E-4 4.59816E-4 6.13725E-4 9.31144E-4 8.38132E-4 1.27488E-3 8.57186E-4 8.3857E-4 7.62657E-4 7.90485E-4 7.70809E-4 2.64698E-4 1.68665E-4 1.7985E-4 3.46849E-4 3.53827E-4 2.97541E-4 1.21218E-4 1.03697E-4 9.55909E-5 8.6812E-5 9.24835E-5
-9999 -9999 -9999 -9999 -9999 -9999 -9999 -9999 -9999 -9999 7.55586E-7 4.56716E-7 6.36332E-7 9.68151E-7 2.55219E-5 5.92701E-6 3.84736E-5 3.37094E-5 5.06352E-5 1.17514E-4 1.73853E-4 8.38149E-5 6.91063E-5 4.77095E-5 4.83655E-5 2.71156E-5 1.8714E-5 1.14018E-5 1.54166E-5 2.95274E-5 2.67271E-5 2.21559E-5 4.35587E-5 9.52115E-5 7.8093E-5 9.89637E-5 8.48839E-5 9.10161E-5 1.1515E-4 2.18486E-4 5.2576E-4 1.11093E-3 1.29257E-3 1.46695E-3 1.54981E-3 7.44312E-4 5.70807E-4 6.66182E-4 4.32791E-4 8.86156E-4 7.65302E-4 2.68188E-4 1.82701E-4 4.36886E-4 2.20851E-4 1.87766E-4 1.09886E-4 1.42584E-4 1.12225E-4 9.39868E-5 1.03298E-4
-9999 -9999 -9999 -9999 -9999 -9999 -9999 -9999 2.10905E-6 1.48653E-6 1.20802E-6 8.0238E-7 6.15578E-7 7.44348E-7 1.83056E-6 2.48467E-5 3.86677E-5 3.85572E-5 4.25539E-5 6.67212E-5 7.13814E-5 1.16417E-4 1.22102E-4 6.61483E-5 5.55859E-5 3.13932E-5 1.37607E-5 7.20221E-6 7.66083E-6 1.36361E-5 1.55778E-5 2.2746E-5 4.05694E-5 4.25096E-5 5.4282E-5 4.73093E-5 6.16107E-5 1.0949E-4 9.29373E-5 2.7355E-4 6.66431E-4 1.21709E-3 1.01113E-3 1.00326E-3 1.01041E-3 5.96034E-4 6.22277E-4 6.99141E-4 6.28329E-4 4.35215E-4 6.8109E-4 5.35319E-4 4.07135E-4 3.64703E-4 2.16745E-4 1.75248E-4 2.71027E-4 2.11192E-4 2.24319E-4 1.07819E-4 1.21449E-4
-9999 -9999 -9999 -9999 -9999 -9999 -9999 -9999 1.08457E-6 6.63422E-7 1.13002E-6 1.53008E-6 1.19909E-6 4.18151E-7 9.16273E-7 4.33643E-6 6.86631E-6 5.62791E-5 3.79708E-5 2.40641E-5 3.52207E-5 5.41519E-5 1.34942E-4 4.79987E-5 4.66247E-5 3.10634E-5 1.85059E-5 1.07583E-5 6.40202E-6 7.15962E-6 1.85462E-5 1.56552E-5 4.23409E-5 5.37204E-5 7.02369E-5 4.22898E-5 9.65144E-5 8.93373E-5 9.11879E-5 9.57622E-5 3.83003E-4 9.45976E-4 8.51194E-4 8.31082E-4 8.38425E-4 6.5467E-4 5.21258E-4 6.12352E-4 5.79422E-4 7.76211E-4 6.33534E-4 5.4371E-4 4.91029E-4 3.46265E-4 3.1637E-4 4.11364E-4 4.39925E-4 4.29508E-4 3.28052E-4 3.81691E-4 3.70624E-4
-9999 -9999 -9999 -9999 -9999 -9999 -9999 -9999 4.52987E-7 4.04263E-7 2.23827E-7 5.11674E-7 9.65137E-7 5.66353E-7 4.84967E-7 2.79298E-6 3.35574E-6 3.63508E-5 3.77735E-5 3.88726E-5 2.95619E-5 3.0897E-5 8.61569E-5 5.99508E-5 5.64563E-5 6.36664E-5 2.57254E-5 1.93352E-5 8.82882E-6 6.40785E-6 1.82988E-5 1.6489E-5 2.79363E-5 8.00854E-5 1.69542E-4 1.31425E-4 6.99843E-5 1.03193E-4 8.8194E-5 3.6078E-4 9.0661E-4 1.21372E-3 1.21008E-3 1.24221E-3 1.23602E-3 7.22809E-4 5.6912E-4 4.62816E-4 7.81913E-4 7.8541E-4 1.00686E-3 6.58843E-4 5.24511E-4 3.84526E-4 5.05638E-4 3.05672E-4 5.50996E-4 4.81927E-4 3.26551E-4 5.25032E-4 5.37682E-4
-9999 -9999 -9999 -9999 -9999 -9999 -9999 -9999 -9999 6.39826E-7 1.91585E-7 3.75564E-7 6.32368E-7 1.15564E-6 4.51819E-7 1.01924E-6 4.40508E-6 2.95607E-5 1.25752E-4 6.40895E-5 1.79913E-5 2.03076E-5 3.50917E-5 6.80256E-5 4.58343E-5 4.41052E-5 3.39155E-5 3.01578E-5 1.18009E-5 7.07765E-6 5.64094E-6 8.47308E-6 1.65462E-5 3.68066E-5 7.06763E-5 8.51304E-5 1.00919E-4 8.09511E-5 1.32814E-4 9.76465E-4 9.44502E-4 1.80932E-3 1.99209E-3 1.34298E-3 9.04628E-4 6.03392E-4 7.5776E-4 7.71601E-4 4.19696E-4 5.30332E-4 4.78307E-4 5.68057E-4 4.05663E-4 9.58573E-4 7.62177E-4 3.83488E-4 5.18305E-4 6.30802E-4 4.15806E-4 5.06814E-4 3.6256E-4
-9999 -9999 -9999 -9999 -9999 -9999 -9999 -9999 -9999 3.91723E-7 3.43176E-7 2.62826E-7 4.37831E-7 1.06243E-6 1.66675E-6 9.18456E-7 1.42913E-6 2.33412E-6 1.60193E-5 2.81315E-5 1.76044E-5 1.57026E-5 3.15304E-5 5.65888E-5 4.34457E-5 4.3838E-5 4.97243E-5 2.70437E-5 1.06643E-5 4.65823E-6 6.09677E-6 3.43944E-6 1.85048E-5 2.00752E-5 5.90043E-5 9.01393E-5 1.40195E-4 9.53003E-5 9.66982E-5 5.55716E-4 1.26254E-3 1.32075E-3 9.16611E-4 9.279E-4 7.83681E-4 4.27009E-4 3.27587E-4 7.38374E-4 4.57431E-4 5.56558E-4 7.43971E-4 4.68774E-4 6.17683E-4 5.91975E-4 7.63271E-4 5.61237E-4 3.14078E-4 3.91404E-4 3.57458E-4 3.97689E-4 4.14687E-4
-9999 -9999 -9999 -9999 -9999 -9999 -9999 -9999 -9999 -9999 5.25713E-7 2.89253E-7 3.90052E-7 1.5822E-6 2.91271E-6 8.04192E-7 9.33386E-7 2.47823E-6 9.11692E-6 9.6517E-6 1.50657E-5 1.19092E-5 3.59493E-5 1.18926E-4 8.218E-5 6.07804E-5 4.17503E-5 2.79562E-5 9.35638E-6 5.62118E-6 8.66312E-6 6.60918E-6 6.38506E-6 1.10923E-5 3.23915E-5 6.18781E-5 7.41685E-5 9.03772E-5 1.78718E-4 6.96968E-4 1.09343E-3 1.06672E-3 9.66478E-4 8.48778E-4 4.06054E-4 4.25502E-4 3.08235E-4 5.10151E-4 4.1074E-4 5.44059E-4 9.13482E-4 7.92234E-4 7.83094E-4 8.75287E-4 4.74509E-4 6.31628E-4 6.52323E-4 3.28335E-4 3.44213E-4 4.63351E-4 3.90773E-4
-9999 -9999 -9999 -9999 -9999 -9999 -9999 -9999 -9999 -9999 4.77947E-7 2.96592E-7 4.75297E-7 9.45879E-7 3.16443E-6 1.4639E-6 6.95044E-7 8.42916E-7 2.8949E-6 6.94859E-6 1.31414E-5 1.92577E-5 3.35276E-5 4.52611E-5 8.05111E-5 1.57511E-4 1.55373E-4 4.94662E-5 3.57819E-5 9.09171E-6 6.80441E-6 1.71618E-5 1.76947E-5 2.71331E-5 4.36318E-5 4.35658E-5 4.97995E-5 7.63394E-5 1.11275E-4 8.83958E-4 1.53488E-3 1.17523E-3 1.14645E-3 1.37051E-3 8.94673E-4 4.38584E-4 2.69131E-4 3.27251E-4 4.12122E-4 4.42872E-4 6.75375E-4 7.02372E-4 7.49705E-4 7.26734E-4 6.97897E-4 4.84052E-4 5.4674E-4 5.36109E-4 5.54905E-4 3.32663E-4 3.51736E-4
