Candidate_Models_Sept202022/M_0.8_F_lqp_Set_1_all/Bison.asc
ncols         97
nrows         127
xllcorner     -2197417.7431653
yllcorner     -584827.01486885
cellsize      30000.0
NODATA_value  -9999
[rows 0 to 26 of 127, columns 0 to 60 of 97]
-9999 -9999 -9999 -9999 -9999 -9999 -9999 -9999 -9999 -9999 -9999 -9999 -9999 -9999 -9999 -9999 -9999 -9999 -9999 -9999 -9999 -9999 -9999 -9999 -9999 -9999 -9999 -9999 -9999 -9999 -9999 -9999 -9999 -9999 -9999 -9999 -9999 -9999 -9999 -9999 -9999 -9999 -9999 -9999 -9999 -9999 -9999 -9999 -9999 -9999 -9999 -9999 -9999 -9999 -9999 -9999 -9999 -9999 -9999 -9999 -9999
-9999 -9999 -9999 -9999 -9999 -9999 -9999 -9999 -9999 -9999 -9999 -9999 -9999 -9999 -9999 -9999 -9999 -9999 -9999 -9999 -9999 -9999 -9999 -9999 -9999 -9999 -9999 -9999 -9999 -9999 -9999 -9999 -9999 -9999 -9999 -9999 -9999 -9999 -9999 -9999 -9999 -9999 -9999 -9999 -9999 -9999 -9999 -9999 -9999 -9999 -9999 -9999 -9999 -9999 -9999 -9999 -9999 -9999 -9999 -9999 -9999
-9999 -9999 -9999 -9999 -9999 -9999 -9999 -9999 -9999 -9999 -9999 -9999 -9999 -9999 -9999 -9999 -9999 -9999 -9999 -9999 -9999 -9999 -9999 -9999 -9999 -9999 -9999 -9999 -9999 -9999 -9999 -9999 -9999 -9999 -9999 -9999 -9999 -9999 -9999 -9999 -9999 -9999 -9999 -9999 -9999 -9999 -9999 -9999 -9999 -9999 -9999 -9999 -9999 -9999 -9999 -9999 -9999 -9999 -9999 -9999 -9999
-9999 -9999 -9999 -9999 -9999 -9999 -9999 -9999 -9999 -9999 -9999 -9999 -9999 -9999 -9999 -9999 -9999 -9999 -9999 1.11097E-5 1.10195E-5 6.06114E-6 7.64711E-6 -9999 -9999 -9999 -9999 -9999 -9999 -9999 -9999 -9999 -9999 -9999 -9999 -9999 -9999 -9999 -9999 -9999 -9999 -9999 -9999 -9999 -9999 -9999 -9999 -9999 -9999 -9999 -9999 -9999 -9999 -9999 -9999 -9999 -9999 -9999 -9999 -9999 -9999
-9999 -9999 -9999 -9999 -9999 -9999 -9999 -9999 -9999 -9999 -9999 -9999 -9999 -9999 -9999 -9999 -9999 -9999 1.23194E-5 1.05779E-5 1.00043E-5 1.02875E-5 7.91731E-6 6.21121E-6 5.18791E-6 -9999 -9999 -9999 -9999 -9999 -9999 -9999 -9999 -9999 -9999 -9999 -9999 -9999 -9999 -9999 -9999 -9999 -9999 -9999 -9999 -9999 -9999 -9999 -9999 -9999 -9999 -9999 -9999 -9999 -9999 -9999 -9999 -9999 -9999 -9999 -9999
-9999 -9999 -9999 -9999 -9999 -9999 -9999 -9999 -9999 -9999 -9999 -9999 -9999 -9999 -9999 -9999 -9999 -9999 9.28969E-6 8.28443E-6 8.48281E-6 9.05441E-6 7.11721E-6 5.26668E-6 5.26898E-6 -9999 -9999 -9999 -9999 -9999 -9999 -9999 -9999 -9999 -9999 -9999 -9999 -9999 -9999 -9999 -9999 -9999 -9999 -9999 -9999 -9999 -9999 -9999 -9999 -9999 -9999 -9999 -9999 -9999 -9999 -9999 -9999 -9999 -9999 -9999 -9999
-9999 -9999 -9999 -9999 -9999 -9999 -9999 -9999 -9999 -9999 -9999 -9999 -9999 -9999 -9999 -9999 -9999 8.26065E-6 7.40827E-6 3.59602E-6 3.88455E-6 5.30488E-6 5.94905E-6 5.15866E-6 5.32974E-6 5.31169E-6 -9999 6.13922E-6 5.37165E-6 5.56018E-6 -9999 -9999 -9999 -9999 -9999 -9999 -9999 -9999 3.45079E-6 -9999 -9999 -9999 -9999 -9999 -9999 -9999 -9999 -9999 -9999 -9999 -9999 -9999 -9999 -9999 -9999 -9999 -9999 -9999 -9999 -9999 -9999
-9999 -9999 -9999 -9999 -9999 -9999 -9999 -9999 -9999 -9999 -9999 -9999 -9999 -9999 -9999 -9999 1.82661E-5 1.23872E-5 3.51715E-6 1.93026E-6 2.19202E-6 3.03371E-6 4.49121E-6 4.76418E-6 5.19353E-6 5.22214E-6 5.42348E-6 5.41108E-6 4.92085E-6 4.80228E-6 4.85821E-6 4.30319E-6 4.20114E-6 3.9247E-6 4.06377E-6 4.24845E-6 4.38752E-6 -9999 3.17229E-6 2.91569E-6 -9999 -9999 -9999 -9999 -9999 -9999 -9999 -9999 -9999 -9999 -9999 -9999 -9999 -9999 -9999 -9999 -9999 -9999 -9999 -9999 -9999
-9999 -9999 -9999 -9999 -9999 -9999 -9999 -9999 -9999 -9999 -9999 -9999 -9999 -9999 -9999 5.46597E-6 7.80746E-6 5.80165E-6 2.81416E-6 1.73393E-6 1.62044E-6 2.32701E-6 4.20269E-6 4.94791E-6 5.13264E-6 4.80492E-6 6.46449E-6 6.36373E-6 4.41282E-6 4.07987E-6 4.12375E-6 4.0551E-6 3.92998E-6 3.69706E-6 4.12749E-6 5.18387E-6 4.77285E-6 4.48363E-6 3.34877E-6 3.18593E-6 -9999 -9999 -9999 -9999 -9999 -9999 -9999 -9999 -9999 -9999 -9999 -9999 -9999 -9999 -9999 -9999 -9999 -9999 -9999 -9999 -9999
-9999 -9999 -9999 -9999 -9999 -9999 -9999 -9999 -9999 -9999 -9999 -9999 -9999 -9999 -9999 1.0138E-5 9.05616E-6 4.67668E-6 1.87749E-6 1.85962E-6 2.17847E-6 3.32653E-6 4.99586E-6 5.40136E-6 5.79007E-6 4.42455E-6 5.66474E-6 5.57853E-6 3.92384E-6 3.97237E-6 4.65528E-6 4.43537E-6 4.16036E-6 4.51596E-6 4.81005E-6 6.00961E-6 6.32047E-6 5.54704E-6 4.08726E-6 -9999 -9999 -9999 2.69001E-6 -9999 -9999 -9999 -9999 -9999 -9999 -9999 -9999 -9999 -9999 -9999 -9999 -9999 -9999 -9999 -9999 -9999 -9999
-9999 -9999 -9999 -9999 -9999 -9999 -9999 -9999 -9999 -9999 -9999 -9999 -9999 -9999 8.81641E-6 1.05015E-5 1.06782E-5 6.67741E-6 5.78136E-6 3.43187E-6 3.19193E-6 3.98591E-6 6.04768E-6 6.15843E-6 5.61769E-6 4.8556E-6 5.71682E-6 4.92265E-6 4.4926E-6 4.1667E-6 5.10541E-6 4.42912E-6 3.95988E-6 5.07188E-6 6.64803E-6 6.78113E-6 6.90215E-6 5.25778E-6 3.56606E-6 -9999 -9999 2.95313E-6 -9999 -9999 -9999 -9999 -9999 -9999 -9999 -9999 -9999 -9999 -9999 -9999 -9999 -9999 -9999 -9999 -9999 -9999 -9999
-9999 -9999 -9999 -9999 -9999 -9999 -9999 -9999 -9999 -9999 -9999 -9999 -9999 6.30804E-6 1.00998E-5 9.58248E-6 1.05857E-5 7.67268E-6 7.64149E-6 9.05502E-6 4.95018E-6 6.77644E-6 6.43998E-6 7.67956E-6 5.03245E-6 4.49536E-6 4.92516E-6 4.89654E-6 3.80107E-6 3.69205E-6 3.77762E-6 4.13008E-6 4.21718E-6 5.55724E-6 6.38786E-6 6.58946E-6 6.90177E-6 5.11837E-6 3.56911E-6 2.97661E-6 2.97428E-6 3.00974E-6 -9999 4.01825E-6 4.24341E-6 -9999 -9999 -9999 -9999 -9999 -9999 -9999 -9999 -9999 -9999 -9999 -9999 -9999 -9999 -9999 -9999
-9999 -9999 -9999 -9999 -9999 -9999 -9999 -9999 -9999 -9999 -9999 -9999 -9999 1.07518E-5 1.0289E-5 9.72705E-6 9.48456E-6 6.15612E-6 1.50719E-5 4.59954E-6 5.73567E-6 4.80902E-6 7.30843E-6 6.28185E-6 4.01998E-6 4.19345E-6 4.42767E-6 3.87963E-6 3.83116E-6 3.57012E-6 3.91469E-6 4.04607E-6 4.72143E-6 4.78553E-6 5.24779E-6 5.46163E-6 4.84627E-6 4.46726E-6 3.28832E-6 2.63197E-6 2.71144E-6 3.38091E-6 3.91555E-6 4.22255E-6 4.18656E-6 4.98572E-6 -9999 -9999 -9999 -9999 -9999 -9999 -9999 -9999 -9999 -9999 -9999 -9999 -9999 -9999 -9999
-9999 -9999 -9999 -9999 -9999 -9999 -9999 -9999 -9999 -9999 -9999 -9999 2.44371E-5 2.88691E-5 1.32192E-5 1.15092E-5 8.10633E-6 7.79271E-6 5.25516E-6 7.55895E-6 7.26777E-6 6.85345E-6 7.6393E-6 5.08444E-6 3.50746E-6 3.23693E-6 4.013E-6 3.22892E-6 4.88462E-6 4.99443E-6 4.31856E-6 3.47881E-6 3.33009E-6 3.91586E-6 3.89488E-6 4.34439E-6 3.52164E-6 3.8523E-6 3.6285E-6 2.80577E-6 2.65014E-6 2.80074E-6 3.57692E-6 3.94046E-6 4.11184E-6 4.5448E-6 5.2495E-6 -9999 -9999 -9999 1.94065E-6 1.55951E-6 -9999 -9999 -9999 -9999 -9999 -9999 -9999 -9999 -9999
-9999 -9999 -9999 -9999 -9999 -9999 -9999 -9999 -9999 -9999 -9999 1.03503E-5 1.01653E-5 2.22676E-5 1.05882E-5 7.48104E-6 4.1124E-6 8.36229E-6 8.18486E-6 7.87242E-6 7.20597E-6 1.23258E-5 8.46502E-6 4.41454E-6 2.74455E-6 2.74232E-6 4.29251E-6 4.89824E-6 4.17163E-6 3.85323E-6 3.49525E-6 3.3829E-6 3.01254E-6 3.06461E-6 4.31087E-6 4.92774E-6 4.87038E-6 4.57819E-6 4.04412E-6 3.21817E-6 2.96406E-6 3.05576E-6 3.43375E-6 3.715E-6 3.78727E-6 4.10087E-6 4.18293E-6 3.82167E-6 -9999 -9999 -9999 1.79185E-6 1.52806E-6 -9999 -9999 -9999 -9999 -9999 -9999 -9999 -9999
-9999 -9999 -9999 -9999 -9999 -9999 -9999 -9999 -9999 -9999 -9999 9.01604E-6 7.00419E-6 7.32129E-6 5.45656E-6 3.08815E-6 2.38228E-6 5.29004E-6 4.60993E-6 9.23964E-6 8.86102E-6 1.04321E-5 7.09051E-6 4.74672E-6 2.69782E-6 3.06417E-6 4.43148E-6 5.54826E-6 5.6667E-6 4.96138E-6 3.41108E-6 3.11287E-6 2.86605E-6 2.90743E-6 4.15627E-6 4.6433E-6 4.44868E-6 4.36336E-6 3.87858E-6 3.31829E-6 3.20959E-6 3.30575E-6 3.60417E-6 3.83957E-6 3.41727E-6 3.70142E-6 3.32982E-6 3.29767E-6 3.52858E-6 -9999 -9999 2.08603E-6 1.95756E-6 1.76473E-6 1.80265E-6 -9999 -9999 -9999 -9999 -9999 -9999
-9999 -9999 -9999 -9999 -9999 -9999 -9999 -9999 -9999 -9999 1.42447E-5 9.659E-6 1.30191E-5 5.23226E-6 3.28739E-6 2.47418E-6 2.54164E-6 2.52255E-6 3.66601E-6 9.37267E-6 1.49349E-5 1.02489E-5 6.61984E-6 6.72952E-6 3.14084E-6 3.61646E-6 3.79927E-6 4.04138E-6 5.19717E-6 3.48387E-6 3.55834E-6 2.86399E-6 3.71528E-6 3.50044E-6 4.79518E-6 5.5505E-6 5.71125E-6 5.54992E-6 5.48666E-6 3.98095E-6 3.55923E-6 3.56782E-6 3.83348E-6 3.70078E-6 3.34482E-6 3.11117E-6 2.99606E-6 3.20495E-6 3.4518E-6 3.05595E-6 2.74503E-6 3.1788E-6 -9999 -9999 1.86067E-6 1.66185E-6 -9999 -9999 -9999 -9999 -9999
-9999 -9999 -9999 -9999 -9999 -9999 -9999 -9999 -9999 1.61682E-5 1.64884E-5 1.03532E-5 8.14389E-6 4.84093E-6 3.59156E-6 3.07168E-6 2.54629E-6 2.81553E-6 2.95989E-6 5.21291E-6 7.23064E-6 8.56803E-6 9.38965E-6 5.08899E-6 3.16259E-6 3.63743E-6 4.19404E-6 3.99651E-6 4.1792E-6 3.92425E-6 4.82485E-6 3.43375E-6 3.43006E-6 4.44902E-6 4.98479E-6 5.53233E-6 5.6803E-6 7.34471E-6 7.63197E-6 6.62444E-6 3.93882E-6 3.89971E-6 4.10064E-6 3.98304E-6 3.57022E-6 3.06554E-6 3.02097E-6 3.29367E-6 3.35937E-6 2.87767E-6 2.90805E-6 3.14953E-6 3.06905E-6 -9999 1.82935E-6 1.66148E-6 1.48742E-6 1.3156E-6 -9999 -9999 -9999
-9999 -9999 -9999 -9999 -9999 -9999 -9999 -9999 1.53875E-5 1.36129E-5 1.53317E-5 7.71008E-6 5.32005E-6 7.82786E-6 9.42233E-6 7.12619E-6 5.03012E-6 4.45803E-6 4.58647E-6 4.44729E-6 5.15656E-6 7.23498E-6 9.18826E-6 4.57698E-6 3.86965E-6 3.88215E-6 4.10424E-6 3.93093E-6 3.53813E-6 3.03956E-6 3.97206E-6 3.99742E-6 4.46317E-6 5.57231E-6 5.79618E-6 5.70063E-6 6.28585E-6 7.6835E-6 8.39415E-6 1.0152E-5 6.06194E-6 4.69171E-6 4.32879E-6 4.15487E-6 3.62148E-6 3.2197E-6 3.4728E-6 3.80691E-6 3.39526E-6 2.98718E-6 3.01268E-6 3.28103E-6 3.30275E-6 3.17095E-6 1.98227E-6 1.71996E-6 1.41908E-6 1.29154E-6 1.1844E-6 1.11859E-6 1.0788E-6
-9999 -9999 -9999 -9999 -9999 -9999 -9999 -9999 6.6966E-6 5.56331E-6 6.42556E-6 6.34825E-6 5.70505E-6 9.12781E-6 1.19895E-5 1.68395E-5 8.75063E-6 7.90288E-6 7.78346E-6 5.43893E-6 5.87316E-6 5.83423E-6 5.63594E-6 6.26855E-6 4.71801E-6 4.9399E-6 4.42869E-6 3.86496E-6 4.55776E-6 4.28799E-6 4.31719E-6 4.45682E-6 5.26382E-6 6.81845E-6 6.80449E-6 6.59639E-6 7.59339E-6 7.55321E-6 8.57599E-6 9.16876E-6 7.71854E-6 5.12852E-6 4.73675E-6 4.40023E-6 4.11819E-6 4.0238E-6 4.35401E-6 4.40273E-6 4.08632E-6 3.392E-6 3.25656E-6 3.60359E-6 3.75516E-6 3.41522E-6 -9999 2.00493E-6 1.67405E-6 1.54225E-6 1.14487E-6 1.24161E-6 1.08927E-6
-9999 -9999 -9999 -9999 -9999 -9999 -9999 9.1304E-6 8.92579E-6 1.14135E-5 1.27164E-5 6.64754E-6 8.02426E-6 8.66209E-6 1.13092E-5 1.51531E-5 1.13311E-5 1.24735E-5 1.08368E-5 8.18616E-6 7.44663E-6 7.87795E-6 7.26173E-6 7.01869E-6 4.99909E-6 6.25612E-6 6.15302E-6 5.87769E-6 6.68821E-6 5.58741E-6 5.52817E-6 5.44522E-6 6.79548E-6 7.98696E-6 9.01794E-6 1.20418E-5 6.90026E-6 8.41846E-6 7.56213E-6 1.00485E-5 6.83091E-6 5.39093E-6 5.03027E-6 4.97947E-6 5.1152E-6 4.85422E-6 4.56153E-6 4.21734E-6 4.17584E-6 4.23943E-6 3.92006E-6 4.11081E-6 -9999 -9999 -9999 -9999 -9999 -9999 -9999 -9999 -9999
-9999 -9999 -9999 -9999 -9999 -9999 1.86271E-5 2.06556E-5 1.41097E-5 9.19523E-6 1.56671E-5 2.11386E-5 1.01304E-5 1.59033E-5 1.00068E-5 1.03735E-5 1.45593E-5 1.82638E-5 1.6995E-5 1.38116E-5 1.14053E-5 7.93258E-6 6.86263E-6 1.15293E-5 7.00738E-6 7.40708E-6 8.00127E-6 7.336E-6 5.9911E-6 4.06698E-6 6.13521E-6 7.79873E-6 7.32659E-6 1.07513E-5 1.02418E-5 9.09799E-6 1.05766E-5 8.41319E-6 1.10934E-5 1.09495E-5 6.14409E-6 8.22081E-6 6.76493E-6 6.37605E-6 5.93436E-6 5.2638E-6 4.87417E-6 4.44821E-6 4.0521E-6 4.11264E-6 4.6285E-6 4.64041E-6 3.72683E-6 3.40297E-6 -9999 -9999 -9999 -9999 -9999 -9999 -9999
-9999 -9999 -9999 -9999 -9999 -9999 1.7669E-5 1.70227E-5 9.96664E-6 9.27517E-6 8.04775E-6 1.94574E-5 1.36728E-5 1.06543E-5 9.97299E-6 1.4998E-5 1.60081E-5 2.03033E-5 1.63132E-5 1.69466E-5 1.16379E-5 1.211E-5 8.90644E-6 8.9404E-6 9.15915E-6 9.2445E-6 7.73757E-6 6.84052E-6 6.10815E-6 4.22956E-6 6.03108E-6 9.25677E-6 9.19029E-6 8.64466E-6 9.11269E-6 1.07711E-5 1.08652E-5 1.20157E-5 9.48543E-6 9.41503E-6 7.72674E-6 9.42318E-6 7.81015E-6 8.14653E-6 7.9528E-6 6.87331E-6 6.51166E-6 5.47357E-6 4.46256E-6 4.06622E-6 4.02126E-6 3.35829E-6 2.83678E-6 2.44917E-6 2.17651E-6 2.0517E-6 1.72649E-6 1.48687E-6 1.55189E-6 1.48733E-6 1.22479E-6
-9999 -9999 -9999 -9999 -9999 1.3202E-5 1.03516E-5 1.0431E-5 8.80206E-6 2.30341E-5 2.09891E-5 1.45179E-5 8.99576E-6 1.01962E-5 8.91348E-6 9.49992E-6 1.12492E-5 1.96564E-5 1.34223E-5 1.49179E-5 1.74562E-5 1.61982E-5 1.26555E-5 1.18644E-5 1.19402E-5 9.42524E-6 7.45083E-6 5.19048E-6 5.88065E-6 5.19584E-6 4.72087E-6 9.18541E-6 1.28261E-5 1.33711E-5 1.33285E-5 1.14594E-5 1.23433E-5 -9999 -9999 1.40005E-5 -9999 -9999 -9999 1.15025E-5 8.71889E-6 6.69736E-6 5.88505E-6 4.71731E-6 4.00725E-6 4.21013E-6 3.81238E-6 2.81368E-6 2.4043E-6 2.11215E-6 1.92117E-6 1.77216E-6 1.4093E-6 1.33745E-6 1.29798E-6 1.31461E-6 1.35312E-6
-9999 -9999 -9999 -9999 1.30884E-5 1.04453E-5 8.75692E-6 9.07998E-6 1.16815E-5 1.42137E-5 1.27838E-5 1.19167E-5 1.44514E-5 9.77458E-6 9.21157E-6 1.10925E-5 1.2493E-5 1.49993E-5 1.30706E-5 1.53293E-5 2.15869E-5 1.49526E-5 1.29316E-5 1.47487E-5 1.16308E-5 1.21667E-5 8.20942E-6 7.24497E-6 6.14711E-6 4.62341E-6 7.02369E-6 1.22702E-5 1.5158E-5 1.22416E-5 9.90801E-6 1.08851E-5 1.08595E-5 1.35226E-5 1.77617E-5 1.27944E-5 2.10241E-5 -9999 1.17791E-5 1.28168E-5 8.11412E-6 6.42512E-6 6.72995E-6 6.2181E-6 4.94644E-6 5.23667E-6 4.18066E-6 2.83267E-6 2.56542E-6 2.19376E-6 1.77814E-6 1.35826E-6 1.16212E-6 1.19439E-6 1.05896E-6 1.09591E-6 1.26422E-6
-9999 -9999 -9999 1.90776E-5 2.797E-5 2.16243E-5 1.11293E-5 1.11483E-5 1.14696E-5 1.79694E-5 1.45095E-5 1.52091E-5 2.17379E-5 1.16504E-5 1.49699E-5 9.25218E-6 1.14943E-5 1.5225E-5 1.861E-5 1.84239E-5 1.28954E-5 7.4201E-6 1.29419E-5 1.33617E-5 9.53993E-6 8.98006E-6 8.53231E-6 7.99513E-6 7.80018E-6 5.44833E-6 7.36676E-6 1.23724E-5 1.31012E-5 9.17011E-6 9.55999E-6 1.36441E-5 1.31106E-5 1.22655E-5 1.19303E-5 1.04043E-5 1.70374E-5 1.54678E-5 -9999 -9999 7.64389E-6 8.13323E-6 1.23222E-5 1.00272E-5 6.429E-6 4.86308E-6 6.01393E-6 3.53058E-6 2.58422E-6 2.31739E-6 1.80483E-6 1.33898E-6 1.22614E-6 1.13928E-6 1.09535E-6 1.06669E-6 1.29305E-6
-9999 -9999 -9999 5.02044E-6 2.21545E-5 2.45076E-5 1.59417E-5 2.48846E-5 5.45961E-5 2.01717E-5 1.75105E-5 1.9358E-5 1.11991E-5 9.97678E-6 2.29178E-5 1.17421E-5 1.52897E-5 2.15214E-5 1.95094E-5 1.11213E-5 9.5432E-6 7.01961E-6 6.37583E-6 8.40139E-6 8.96358E-6 1.01659E-5 1.04373E-5 1.13028E-5 7.92566E-6 7.38862E-6 8.4886E-6 9.97809E-6 1.31581E-5 1.04716E-5 1.02627E-5 1.24048E-5 1.37923E-5 1.5502E-5 1.05961E-5 8.51744E-6 -9999 -9999 -9999 -9999 -9999 1.55422E-5 1.52585E-5 9.28303E-6 5.81403E-6 4.73546E-6 4.86073E-6 6.57583E-6 2.66052E-6 2.40105E-6 1.58943E-6 1.21483E-6 1.27142E-6 1.31655E-6 1.49021E-6 1.5943E-6 1.87331E-6
