Candidate_Models_Sept202022/M_0.8_F_lqp_Set_1_all/Bison.asc
ncols         97
nrows         127
xllcorner     -2197417.7431653
yllcorner     -584827.01486885
cellsize      30000.0
NODATA_value  -9999
[rows 81 to 107 of 127, columns 0 to 60 of 97]
-9999 -9999 -9999 -9999 -9999 -9999 -9999 -9999 -9999 -9999 -9999 8.83672E-7 2.80988E-7 6.02083E-7 5.95434E-6 2.16903E-6 1.37494E-6 5.35627E-7 9.67468E-7 6.57756E-6 4.70391E-6 2.36E-5 1.64543E-5 2.71651E-5 6.97693E-5 1.28128E-4 4.39627E-5 4.03819E-5 6.78989E-5 8.93938E-6 8.72436E-6 4.21756E-6 1.00604E-5 2.77104E-5 2.67989E-5 3.45861E-5 2.79285E-5 1.89321E-4 4.60502E-4 1.33279E-3 3.10734E-3 1.02098E-3 8.53333E-4 1.49906E-3 8.92912E-4 3.87299E-4 3.26341E-4 3.25908E-4 3.37303E-4 4.10174E-4 4.68662E-4 6.81508E-4 7.54864E-4 6.71538E-4 6.79047E-4 3.47808E-4 4.67598E-4 4.99798E-4 4.16221E-4 3.41825E-4 3.46547E-4
-9999 -9999 -9999 -9999 -9999 -9999 -9999 -9999 -9999 -9999 -9999 -9999 5.33344E-7 3.18738E-7 1.70281E-6 3.81799E-6 1.93857E-6 4.17352E-6 1.59025E-6 9.30232E-7 1.5279E-6 4.45855E-6 4.57045E-6 1.43547E-5 1.12296E-4 1.2014E-4 3.16718E-5 4.46975E-5 1.03998E-4 1.19368E-5 6.49125E-6 5.541E-6 6.77511E-6 1.55804E-5 4.24757E-5 5.19793E-5 3.88326E-5 5.6564E-5 1.5189E-4 7.86866E-4 2.07714E-3 1.11604E-3 8.55074E-4 1.06636E-3 7.26645E-4 3.70065E-4 2.92129E-4 3.71086E-4 4.11564E-4 6.07571E-4 6.21054E-4 6.72454E-4 8.3387E-4 6.56949E-4 5.48389E-4 5.65954E-4 4.73653E-4 3.7849E-4 3.57785E-4 3.05638E-4 4.16583E-4
-9999 -9999 -9999 -9999 -9999 -9999 -9999 -9999 -9999 -9999 -9999 -9999 -9999 7.25705E-7 2.65664E-7 1.20928E-6 1.64835E-6 4.85378E-6 8.18469E-5 2.79907E-6 1.51392E-6 2.7177E-6 2.28353E-6 1.05093E-5 3.09381E-5 2.58513E-5 2.04386E-5 5.83313E-5 1.65094E-5 1.24566E-5 5.47973E-6 5.25621E-6 4.84646E-6 8.42746E-6 3.00305E-5 1.08178E-4 3.99499E-5 4.11019E-5 7.3469E-5 6.88181E-4 1.53009E-3 1.47094E-3 9.41646E-4 7.0081E-4 5.26695E-4 3.36101E-4 3.54779E-4 4.03983E-4 4.477E-4 5.24902E-4 5.69017E-4 5.8899E-4 8.96214E-4 7.45652E-4 5.97189E-4 5.39827E-4 6.52848E-4 4.95882E-4 3.18514E-4 3.41253E-4 3.59874E-4
-9999 -9999 -9999 -9999 -9999 -9999 -9999 -9999 -9999 -9999 -9999 -9999 -9999 7.74665E-7 4.57814E-7 1.18069E-6 3.93384E-6 -9999 1.29156E-5 3.87393E-5 5.0554E-5 1.76591E-5 5.43288E-6 6.19937E-6 5.1915E-5 2.7854E-5 4.9531E-5 3.64595E-5 1.7761E-5 1.16183E-5 9.25117E-6 6.4268E-6 5.25313E-6 9.35877E-6 2.1819E-5 4.22802E-5 3.20363E-5 4.31903E-5 5.50372E-5 3.94146E-4 6.61955E-4 9.00766E-4 9.01555E-4 3.99087E-4 4.83586E-4 6.83989E-4 5.56002E-4 5.83351E-4 4.1359E-4 5.07338E-4 5.20116E-4 4.76968E-4 5.47775E-4 4.95491E-4 5.02149E-4 3.06169E-4 5.04235E-4 6.18422E-4 4.37822E-4 4.07685E-4 5.12454E-4
-9999 -9999 -9999 -9999 -9999 -9999 -9999 -9999 -9999 -9999 -9999 -9999 -9999 1.52362E-6 8.69572E-7 7.59838E-7 3.71521E-6 -9999 2.28335E-5 1.41352E-4 3.85325E-5 5.45881E-6 2.09967E-6 6.98709E-6 1.95565E-5 3.27247E-5 6.34585E-5 2.00784E-5 1.64352E-5 9.51112E-6 7.34988E-6 4.72956E-6 8.95115E-6 1.29789E-5 2.02633E-5 3.60968E-5 4.51685E-5 5.72195E-5 1.12512E-4 1.30224E-4 3.98475E-4 5.95373E-4 8.10986E-4 5.07761E-4 4.0272E-4 6.39864E-4 3.871E-4 3.49221E-4 4.17823E-4 6.14315E-4 5.36097E-4 3.26181E-4 4.80584E-4 7.65404E-4 5.92368E-4 5.33725E-4 7.43549E-4 3.73838E-4 3.68134E-4 3.60016E-4 3.3988E-4
-9999 -9999 -9999 -9999 -9999 -9999 -9999 -9999 -9999 -9999 -9999 -9999 -9999 7.96357E-7 1.35922E-6 1.40255E-6 2.41893E-6 -9999 1.61832E-6 1.85139E-5 3.80293E-6 2.22158E-6 3.69094E-6 6.32568E-6 2.28531E-5 5.58776E-5 1.04913E-4 2.15618E-5 1.39368E-5 7.46769E-6 1.21656E-5 1.47173E-5 1.23308E-5 1.00479E-5 1.42643E-5 7.55361E-5 2.20595E-5 5.37965E-5 5.74173E-5 2.15352E-4 2.92834E-4 5.59294E-4 6.61964E-4 6.1245E-4 5.75629E-4 4.24928E-4 3.06191E-4 3.54704E-4 4.4116E-4 6.29752E-4 4.41469E-4 2.67592E-4 3.62559E-4 7.35401E-4 6.54534E-4 6.02368E-4 5.89739E-4 3.02235E-4 3.13565E-4 3.4001E-4 5.34009E-4
-9999 -9999 -9999 -9999 -9999 -9999 -9999 -9999 -9999 -9999 -9999 -9999 -9999 1.05979E-6 6.7874E-7 9.98192E-7 2.1399E-5 -9999 9.93732E-6 1.76538E-5 2.82998E-6 1.76124E-6 1.25086E-5 2.92922E-5 3.36351E-5 8.06575E-5 2.99212E-4 9.37714E-5 5.80307E-5 1.02768E-5 2.26674E-5 5.08758E-6 2.82514E-6 1.22837E-5 2.92761E-5 4.54947E-5 4.05892E-5 3.5617E-5 3.44498E-4 3.26119E-4 2.03448E-4 4.41219E-4 1.15478E-3 6.30502E-4 4.79726E-4 4.55224E-4 5.94267E-4 7.26642E-4 4.97648E-4 3.76523E-4 2.5986E-4 2.30112E-4 3.68243E-4 5.48255E-4 8.29277E-4 7.62346E-4 4.81709E-4 3.42197E-4 3.46007E-4 3.28237E-4 4.15914E-4
-9999 -9999 -9999 -9999 -9999 -9999 -9999 -9999 -9999 -9999 -9999 -9999 -9999 5.57316E-7 3.76028E-7 6.62164E-7 1.29759E-6 2.40206E-6 2.26824E-6 2.85699E-5 1.54681E-6 1.11877E-6 1.11983E-5 3.52611E-5 1.01331E-4 2.52474E-4 1.58585E-4 4.8853E-5 2.36974E-5 2.50175E-5 1.72025E-5 8.31129E-6 5.27189E-6 7.1813E-5 1.58257E-5 1.44409E-5 3.52603E-5 1.64588E-5 3.52088E-5 2.45474E-4 2.12638E-4 5.72677E-4 5.5621E-4 7.13172E-4 5.80214E-4 5.44896E-4 4.11086E-4 3.33133E-4 6.32517E-4 6.01283E-4 4.0519E-4 3.72622E-4 7.91173E-4 7.55344E-4 7.75998E-4 7.5426E-4 5.90669E-4 5.05327E-4 5.44308E-4 3.24443E-4 3.47093E-4
-9999 -9999 -9999 -9999 -9999 -9999 -9999 -9999 -9999 -9999 -9999 -9999 -9999 8.55026E-7 4.3518E-7 3.88794E-7 1.72142E-6 1.1366E-6 1.94535E-6 9.45179E-6 5.37898E-6 2.57233E-6 6.95543E-6 4.6662E-5 2.64904E-4 1.6566E-4 5.12629E-5 2.44696E-5 1.8133E-5 9.69709E-5 1.11465E-5 1.13613E-5 1.02424E-5 7.7077E-5 9.69452E-6 1.3825E-5 4.90861E-5 1.14667E-5 1.26375E-5 2.17908E-5 2.08145E-4 4.33666E-4 4.22977E-4 6.85696E-4 7.12999E-4 5.84102E-4 5.67167E-4 2.92966E-4 2.26602E-4 3.46487E-4 3.93699E-4 3.05038E-4 6.16747E-4 7.47589E-4 8.17659E-4 6.71304E-4 5.29452E-4 6.18928E-4 5.72577E-4 5.84095E-4 3.90723E-4
-9999 -9999 -9999 -9999 -9999 -9999 -9999 -9999 -9999 -9999 -9999 -9999 -9999 1.04764E-6 9.47952E-7 1.10022E-6 7.80823E-7 1.01466E-6 1.60434E-6 1.89114E-5 1.67436E-6 4.9398E-6 1.87552E-5 2.40171E-4 4.88294E-4 1.3745E-4 1.30061E-4 2.25322E-5 3.63218E-5 6.85212E-5 2.40472E-5 1.36338E-5 2.9438E-5 1.66404E-5 9.60832E-6 1.18327E-5 1.88272E-5 1.15976E-5 2.72072E-5 1.55737E-5 1.11291E-4 1.64917E-4 6.76824E-4 4.34364E-4 5.90135E-4 6.68707E-4 3.20315E-4 3.53324E-4 2.88146E-4 5.94229E-4 4.80839E-4 3.26728E-4 6.00347E-4 4.90921E-4 5.25217E-4 5.31143E-4 4.9815E-4 5.63933E-4 6.36711E-4 5.8917E-4 4.60459E-4
-9999 -9999 -9999 -9999 -9999 -9999 -9999 -9999 -9999 -9999 -9999 -9999 -9999 1.49698E-6 2.18702E-6 2.34895E-6 1.13012E-6 1.05634E-6 1.50734E-5 1.2294E-5 4.47735E-6 8.28485E-6 8.62426E-5 5.27599E-4 2.17401E-4 1.21158E-4 2.44488E-4 1.61984E-4 4.79361E-5 3.6264E-5 4.21079E-5 2.41666E-5 3.16044E-5 2.01333E-5 5.62452E-6 2.5665E-5 2.87812E-5 3.83085E-5 6.92086E-5 2.05831E-5 3.75597E-5 1.335E-4 5.1581E-4 6.7514E-4 2.80912E-4 3.14131E-4 4.25403E-4 3.73337E-4 4.9762E-4 3.55701E-4 2.82113E-4 2.96561E-4 4.08116E-4 4.52089E-4 4.92334E-4 3.41667E-4 3.20327E-4 3.94191E-4 5.17568E-4 4.30899E-4 3.56443E-4
-9999 -9999 -9999 -9999 -9999 -9999 -9999 -9999 -9999 -9999 -9999 -9999 -9999 1.34448E-6 9.60393E-7 5.4513E-6 5.37962E-6 5.67032E-6 8.26244E-6 4.38477E-6 1.08021E-5 3.18276E-5 7.09809E-5 1.34709E-4 1.40766E-4 1.05707E-4 1.76062E-4 1.83656E-4 2.08509E-4 1.34045E-4 7.77813E-5 4.81097E-5 1.19684E-5 5.58948E-6 5.96102E-6 1.75527E-5 6.7864E-5 1.46928E-4 3.67449E-4 1.57262E-5 3.61213E-5 3.02906E-4 3.78537E-4 5.61966E-4 3.42747E-4 3.68197E-4 4.24586E-4 3.9048E-4 3.72657E-4 3.36737E-4 2.78642E-4 3.39914E-4 4.53174E-4 4.89915E-4 4.85477E-4 4.37123E-4 3.37177E-4 5.80054E-4 4.50156E-4 4.22943E-4 3.98339E-4
-9999 -9999 -9999 -9999 -9999 -9999 -9999 -9999 -9999 -9999 -9999 -9999 1.4718E-6 1.05142E-6 2.0285E-6 7.29993E-6 7.5387E-6 5.25941E-6 6.1969E-6 2.27104E-6 9.63369E-6 1.46865E-4 1.62202E-4 1.78082E-4 5.45374E-5 9.50208E-5 1.41643E-4 1.68982E-4 1.60524E-4 9.16558E-5 2.43105E-4 3.85393E-5 7.70152E-6 5.15196E-6 9.56126E-6 1.06297E-5 4.80312E-5 1.69292E-4 3.23393E-5 1.54309E-5 1.1562E-5 1.66935E-4 3.99718E-4 5.00951E-4 3.9101E-4 4.23833E-4 3.63075E-4 3.10748E-4 2.65718E-4 5.93411E-4 3.11605E-4 2.98442E-4 3.57857E-4 3.97305E-4 4.47522E-4 4.10248E-4 3.92322E-4 6.85748E-4 4.48336E-4 3.73352E-4 4.81629E-4
-9999 -9999 -9999 -9999 -9999 -9999 -9999 -9999 -9999 -9999 -9999 -9999 4.22093E-6 2.36165E-6 2.25774E-6 4.80806E-6 3.62658E-6 4.93845E-6 3.50625E-6 5.82646E-6 3.99364E-5 2.01751E-4 3.79649E-5 1.19739E-4 9.73634E-5 8.96809E-5 9.02033E-5 1.12699E-4 1.32668E-4 1.53612E-4 1.47566E-4 6.34069E-5 1.33692E-5 1.84703E-5 5.40188E-6 1.40351E-5 1.27666E-4 3.64751E-4 5.5795E-5 1.10609E-5 1.51128E-5 1.45149E-4 2.46869E-4 2.97446E-4 2.84217E-4 3.30471E-4 2.41106E-4 2.69731E-4 3.76368E-4 5.00956E-4 3.59813E-4 2.58129E-4 2.49278E-4 2.9987E-4 3.59383E-4 3.55059E-4 3.39624E-4 4.05228E-4 4.41805E-4 3.54373E-4 3.60161E-4
-9999 -9999 -9999 -9999 -9999 -9999 -9999 -9999 -9999 -9999 -9999 -9999 1.59205E-6 1.66938E-6 2.40601E-6 5.0478E-6 2.46813E-6 2.88272E-6 2.90748E-6 1.77976E-5 7.08824E-5 9.17599E-5 6.60496E-5 2.20012E-5 3.78971E-5 7.4061E-5 1.27465E-4 8.69737E-5 1.04025E-4 1.39778E-4 1.82349E-4 1.86437E-5 9.50268E-6 5.62319E-6 5.36679E-6 1.13782E-5 8.97162E-5 3.3772E-4 7.84036E-5 1.91559E-5 1.83881E-5 2.75226E-4 2.40392E-4 3.34647E-4 2.31048E-4 2.37146E-4 2.16058E-4 2.03932E-4 3.31863E-4 7.67737E-4 6.07215E-4 6.67619E-4 3.42775E-4 2.52899E-4 3.583E-4 5.47934E-4 5.93607E-4 6.15229E-4 3.78653E-4 3.38126E-4 4.46397E-4
-9999 -9999 -9999 -9999 -9999 -9999 -9999 -9999 -9999 -9999 -9999 -9999 5.6201E-6 1.85919E-6 1.09773E-5 9.58314E-6 9.49216E-6 1.16875E-6 6.91204E-6 1.16574E-5 2.68583E-5 4.8386E-5 6.35908E-5 6.57948E-5 3.68623E-5 4.51334E-5 7.62105E-5 8.61274E-5 1.61124E-4 3.62071E-4 1.76539E-4 4.39361E-5 1.18684E-5 6.88394E-6 5.20102E-6 5.78339E-6 2.85838E-5 1.52801E-4 2.4392E-5 4.04345E-5 2.87805E-5 1.94196E-4 2.55939E-4 3.3114E-4 2.80381E-4 2.94094E-4 3.83207E-4 2.19853E-4 2.77482E-4 5.55079E-4 5.4377E-4 5.53387E-4 6.07893E-4 3.51792E-4 8.5015E-4 6.2897E-4 9.98577E-4 5.16557E-4 3.04242E-4 3.13566E-4 3.1616E-4
-9999 -9999 -9999 -9999 -9999 -9999 -9999 -9999 -9999 -9999 -9999 2.17721E-6 2.01952E-6 1.33742E-5 1.19686E-5 2.96696E-6 7.6911E-6 4.44685E-6 2.34756E-5 1.44653E-4 7.19484E-5 4.21475E-5 7.12141E-5 6.62083E-5 2.46436E-5 4.24107E-5 6.52262E-5 2.32534E-4 2.04894E-4 3.23074E-4 4.83818E-4 2.47422E-4 1.14007E-5 1.44751E-5 6.7641E-6 8.62239E-6 2.14682E-5 4.49933E-4 1.67833E-4 8.4742E-5 2.30936E-4 8.09111E-5 6.0957E-4 4.17982E-4 4.39242E-4 6.74217E-4 3.65314E-4 1.5218E-4 2.38627E-4 3.42396E-4 3.1315E-4 2.33865E-4 4.97728E-4 7.78064E-4 3.79112E-4 3.07305E-4 2.92047E-4 3.35749E-4 3.19207E-4 3.58409E-4 3.08237E-4
-9999 -9999 -9999 -9999 -9999 -9999 -9999 -9999 -9999 -9999 -9999 1.25323E-6 6.36507E-6 2.46916E-5 1.45235E-5 1.44532E-5 6.53264E-6 5.37369E-6 5.89375E-5 1.26124E-4 1.02903E-4 2.62501E-5 2.52067E-5 3.05336E-5 6.05603E-5 7.87063E-5 1.09753E-4 1.81566E-5 1.18638E-5 6.2005E-4 3.62919E-4 5.21102E-4 1.12152E-4 9.9823E-6 9.55707E-6 7.57792E-6 1.82268E-5 5.8739E-4 3.73534E-5 3.77252E-4 2.44729E-4 1.46444E-4 7.9296E-4 3.60533E-4 4.30781E-4 7.11233E-5 5.15549E-5 3.3755E-4 2.14203E-4 5.35558E-4 3.35039E-4 1.95675E-4 3.91808E-4 5.05776E-4 2.0594E-4 2.31124E-4 2.253E-4 2.46448E-4 2.83495E-4 3.03332E-4 3.16697E-4
-9999 -9999 -9999 -9999 -9999 -9999 -9999 -9999 -9999 -9999 9.07495E-7 7.34331E-7 7.85092E-6 2.33983E-5 5.46969E-5 2.95109E-6 2.23043E-6 7.86141E-6 4.53439E-5 3.32088E-5 4.3168E-5 6.97923E-5 7.44457E-5 6.21489E-5 7.20811E-5 1.93408E-4 7.4584E-5 1.30736E-5 3.68115E-5 1.08177E-4 1.05641E-4 6.84545E-4 2.13449E-4 6.25086E-6 1.34468E-5 1.21283E-5 7.33144E-5 6.73583E-4 6.55682E-5 2.04526E-4 8.04002E-4 2.02581E-4 6.13285E-4 6.88889E-4 3.3054E-4 5.11428E-4 1.36337E-4 3.56246E-4 3.70178E-4 1.33406E-4 3.42102E-4 1.7011E-4 1.65407E-4 1.95441E-4 2.12283E-4 2.20857E-4 2.14275E-4 2.64104E-4 2.42187E-4 2.45033E-4 2.53056E-4
-9999 -9999 -9999 -9999 -9999 -9999 -9999 -9999 -9999 -9999 5.28747E-7 4.24217E-7 1.57862E-5 2.45771E-5 9.19819E-6 2.64651E-6 3.0447E-6 1.49777E-5 1.64106E-5 2.1531E-5 2.12008E-5 4.80895E-5 5.56994E-5 6.47477E-5 6.65609E-5 6.07123E-5 1.02349E-4 8.87784E-5 1.59119E-4 1.81268E-4 6.67538E-5 6.57547E-5 1.75843E-5 1.40367E-5 1.26763E-5 1.25083E-5 9.12323E-5 1.90883E-4 8.48848E-5 3.01657E-4 1.02908E-3 6.16364E-5 1.63692E-4 5.41901E-4 3.70964E-4 2.66273E-4 3.07933E-4 1.8317E-4 1.53515E-4 2.10885E-4 1.49696E-4 1.85846E-4 1.744E-4 1.79338E-4 2.55418E-4 3.38464E-4 2.54254E-4 2.42387E-4 2.77916E-4 2.94525E-4 2.93087E-4
-9999 -9999 -9999 -9999 -9999 -9999 -9999 -9999 -9999 -9999 3.74537E-7 4.703E-7 1.57558E-5 1.2819E-5 2.05203E-6 2.41576E-6 4.80344E-6 1.57565E-5 3.79707E-5 2.31134E-5 1.57807E-5 1.94898E-5 2.18919E-5 2.60885E-5 5.40952E-5 3.60074E-5 1.9253E-4 3.60771E-5 1.57436E-4 1.68577E-4 3.88206E-5 2.01498E-5 1.96912E-5 2.22971E-5 2.26496E-5 2.8354E-5 9.23237E-5 1.03366E-4 2.07865E-4 1.47113E-4 5.32669E-4 3.07633E-4 5.78721E-4 4.6012E-4 5.12471E-4 4.52116E-4 1.09116E-4 1.93529E-4 1.82602E-4 1.77877E-4 2.96824E-4 3.5286E-4 3.48578E-4 1.89829E-4 2.40827E-4 1.78782E-4 1.78018E-4 2.06674E-4 3.22219E-4 2.79461E-4 2.14725E-4
-9999 -9999 -9999 -9999 -9999 -9999 -9999 -9999 -9999 3.74477E-7 2.78349E-7 5.94969E-7 2.11268E-5 3.69783E-6 9.03152E-7 1.34745E-6 1.0053E-5 3.77453E-5 4.93395E-5 1.41505E-5 1.81909E-5 2.34125E-5 2.71973E-5 3.2666E-5 2.29178E-5 2.28422E-5 3.04775E-4 4.55916E-5 3.70303E-5 2.53004E-5 2.86782E-5 4.53097E-5 5.59208E-5 6.18406E-5 5.69427E-5 6.82915E-5 8.28664E-5 1.01737E-4 5.25478E-4 1.17347E-4 7.23728E-4 5.5355E-4 8.48121E-4 2.69485E-4 4.8974E-4 2.70704E-4 3.59474E-4 2.91545E-4 2.55906E-4 1.63774E-4 1.57676E-4 1.94426E-4 1.98257E-4 3.1698E-4 4.27082E-4 3.96917E-4 2.82022E-4 2.89585E-4 2.06413E-4 2.82768E-4 2.87913E-4
-9999 -9999 -9999 -9999 -9999 -9999 -9999 -9999 -9999 5.96873E-7 3.6401E-7 6.98108E-7 2.63496E-6 9.06423E-7 7.93734E-7 2.16338E-6 1.2802E-5 2.49775E-5 3.67013E-5 2.4597E-5 4.94286E-5 2.51207E-5 2.46737E-5 3.14176E-5 2.78808E-5 4.43588E-5 1.91308E-4 1.47874E-4 1.16967E-4 6.51926E-5 6.7806E-5 9.40722E-5 4.54223E-5 7.75734E-5 2.15552E-4 3.1138E-4 1.28303E-4 4.50929E-4 3.96423E-4 4.57238E-4 9.81321E-4 1.11365E-3 2.97782E-4 4.11777E-4 8.27692E-4 6.36373E-4 5.89995E-4 2.18592E-4 3.99908E-4 3.90567E-4 3.4664E-4 3.55329E-4 2.01257E-4 3.25386E-4 3.75256E-4 5.03249E-4 3.5046E-4 2.78388E-4 3.04911E-4 1.93575E-4 1.68994E-4
-9999 -9999 -9999 -9999 -9999 -9999 -9999 -9999 6.57078E-7 4.35562E-7 1.10989E-6 8.46978E-6 7.87832E-7 1.02008E-6 1.9316E-6 1.14386E-5 1.56781E-5 2.48606E-5 3.09598E-5 3.13144E-5 5.03113E-5 5.07469E-5 3.46408E-5 5.04064E-5 3.68493E-5 1.37171E-4 1.08957E-4 1.8494E-4 9.85589E-5 1.64019E-4 1.14619E-4 9.97108E-5 4.08925E-5 1.03446E-4 1.99868E-4 1.19251E-4 1.4505E-4 6.14698E-4 4.56847E-4 1.49421E-3 1.14612E-3 7.3746E-4 3.9253E-4 1.95635E-4 7.63417E-5 3.34799E-4 5.62883E-5 1.69941E-4 2.58053E-4 4.39451E-4 2.71381E-4 2.50031E-4 1.38832E-4 1.85963E-4 2.05702E-4 5.56379E-4 5.3067E-4 5.40587E-4 3.07421E-4 1.88481E-4 2.12015E-4
-9999 -9999 -9999 -9999 -9999 -9999 -9999 1.15827E-6 7.64011E-7 4.79017E-7 4.40238E-6 8.56325E-6 8.48269E-7 1.1513E-6 4.34847E-6 2.36507E-5 2.81351E-5 3.4247E-5 4.66795E-5 5.08453E-5 5.64374E-5 4.3957E-5 4.35527E-5 5.44163E-5 4.39031E-5 8.10342E-5 8.12034E-5 2.34291E-4 2.70691E-4 2.51854E-4 1.01012E-4 8.27315E-5 5.73764E-5 7.12322E-5 1.27778E-4 1.76224E-4 9.07591E-4 7.45396E-4 8.4145E-4 1.40905E-3 9.70852E-4 6.33228E-4 2.28177E-4 1.5025E-4 7.99834E-5 2.26138E-4 1.68917E-4 6.8437E-5 3.06733E-4 6.57652E-4 4.0212E-4 4.38943E-4 8.95848E-4 2.47681E-4 5.06403E-4 5.33162E-4 6.59982E-4 5.95407E-4 5.26175E-4 2.28061E-4 2.21701E-4
-9999 -9999 -9999 -9999 -9999 -9999 -9999 1.90385E-7 1.43035E-7 2.68125E-7 1.71227E-6 1.57784E-6 6.86045E-7 2.8311E-6 1.74288E-5 2.70035E-5 3.02103E-5 9.04156E-5 5.24932E-5 4.47356E-5 5.42865E-5 8.16771E-5 1.17312E-4 8.542E-5 8.63492E-5 6.19362E-5 1.02023E-4 2.08763E-4 1.11324E-4 2.91602E-4 9.21398E-5 4.43093E-5 6.67067E-5 1.70854E-4 1.52773E-4 5.5766E-4 5.97094E-4 9.27559E-4 1.14334E-3 1.40309E-3 1.25306E-3 4.80679E-4 3.05931E-4 1.76734E-4 1.39439E-4 1.08249E-4 1.67289E-4 1.44119E-4 3.71953E-4 2.05438E-4 2.65578E-4 2.95555E-4 3.39272E-4 6.31064E-4 3.33843E-4 6.37578E-4 4.22112E-4 5.72159E-4 5.6304E-4 2.62926E-4 2.31905E-4
-9999 -9999 -9999 -9999 -9999 -9999 -9999 3.20293E-7 3.05946E-7 3.60194E-7 2.30084E-6 2.33864E-6 2.14211E-6 3.28416E-6 2.89235E-5 2.68187E-5 3.6975E-5 8.55943E-5 4.81294E-5 4.32076E-5 5.45976E-5 6.13792E-5 1.88351E-4 1.08677E-4 6.07377E-5 5.1514E-5 5.03602E-5 2.31598E-4 8.02135E-5 1.43522E-4 2.02136E-4 5.34927E-5 2.39143E-4 3.11828E-4 3.00908E-4 4.38215E-4 8.78162E-4 7.15942E-4 9.90284E-4 6.37468E-4 4.59223E-4 3.30276E-4 2.14796E-4 8.13311E-5 7.5572E-5 1.09939E-4 1.25803E-4 7.21435E-5 2.78086E-4 6.84698E-4 5.01475E-4 4.4008E-4 5.03235E-4 2.06265E-4 5.23974E-4 4.83344E-4 2.84595E-4 5.51894E-4 3.85327E-4 2.30416E-4 3.14608E-4
