Candidate_Models_July82022/M_2_F_lqp_Set_1_cal/Bison.asc
ncols         290
nrows         380
xllcorner     -2197417.7431653
yllcorner     -584827.01486885
cellsize      10000.0
NODATA_value  -9999
[rows 108 to 134 of 380, columns 0 to 60 of 290]
-9999 -9999 -9999 -9999 -9999 -9999 -9999 -9999 -9999 1.3798E-2 2.52776E-2 4.46356E-2 1.5123E-2 2.75646E-2 5.15176E-2 5.92275E-2 7.18464E-2 3.37006E-2 9.56172E-2 7.98896E-2 6.21734E-2 1.34881E-1 1.21894E-1 1.26544E-1 1.78376E-1 1.43906E-1 1.34412E-1 6.98363E-2 1.46694E-1 1.01539E-1 9.46823E-2 1.63191E-1 1.55303E-1 1.35552E-1 6.36008E-2 1.19096E-1 1.50957E-1 1.51927E-1 1.24552E-1 1.3641E-1 1.16932E-1 9.26606E-2 1.13847E-1 7.81928E-2 1.01421E-1 1.31202E-1 7.9896E-2 9.35262E-2 8.32769E-2 1.0141E-1 9.58213E-2 7.89834E-2 6.60487E-2 7.20541E-2 8.85359E-2 9.46585E-2 8.81266E-2 5.89447E-2 6.80318E-2 7.69562E-2 8.14244E-2
-9999 -9999 -9999 -9999 -9999 -9999 -9999 -9999 -9999 -9999 4.3286E-2 2.99115E-2 4.68258E-2 1.36507E-1 4.48692E-2 5.18916E-2 4.9508E-2 2.952E-2 1.35165E-2 3.7243E-2 5.39405E-2 1.55772E-1 1.42935E-1 9.28241E-2 1.91599E-1 1.57711E-1 1.60886E-1 1.17109E-1 8.80493E-2 1.47443E-1 6.21925E-2 1.5863E-1 1.38874E-1 1.20873E-1 9.5527E-2 1.47831E-1 1.68451E-1 1.43297E-1 1.40182E-1 1.3419E-1 1.1234E-1 1.06254E-1 1.10659E-1 8.81965E-2 7.32061E-2 1.13442E-1 8.17403E-2 7.24929E-2 8.13193E-2 1.02072E-1 9.36468E-2 8.24221E-2 6.72622E-2 8.46553E-2 8.89162E-2 9.03434E-2 1.01058E-1 7.64664E-2 8.05899E-2 1.5243E-1 8.39192E-2
-9999 -9999 -9999 -9999 -9999 -9999 -9999 -9999 -9999 -9999 1.38319E-2 4.87136E-2 7.85834E-2 1.66293E-1 1.1384E-1 6.1811E-2 7.13299E-2 1.47236E-1 4.36281E-2 3.35854E-2 1.01335E-1 1.24633E-1 1.16983E-1 6.60064E-2 7.14079E-2 1.91396E-1 1.81606E-1 1.37967E-1 7.84815E-2 5.01404E-2 6.67465E-2 8.85732E-2 1.36079E-1 1.35455E-1 1.43514E-1 1.35277E-1 1.33306E-1 1.44325E-1 1.57849E-1 1.70397E-1 1.12148E-1 1.15714E-1 1.18733E-1 8.54999E-2 7.04837E-2 1.08408E-1 8.92543E-2 6.15444E-2 9.1351E-2 9.95656E-2 8.3897E-2 8.11544E-2 7.90922E-2 6.94383E-2 7.19429E-2 9.22194E-2 1.21166E-1 7.94446E-2 9.95488E-2 1.6714E-1 1.159E-1
-9999 -9999 -9999 -9999 -9999 -9999 -9999 -9999 -9999 -9999 3.95664E-2 1.03308E-1 1.28746E-1 1.97727E-1 1.50492E-1 1.90958E-1 1.66675E-1 2.33054E-1 8.22322E-2 8.17816E-2 1.20985E-1 5.45793E-2 1.71069E-1 7.2323E-2 5.06609E-2 5.72777E-2 8.1571E-2 1.62006E-1 7.98865E-2 6.511E-2 6.14808E-2 6.06993E-2 1.85425E-1 9.41099E-2 1.05706E-1 1.25402E-1 1.14515E-1 1.53722E-1 1.82749E-1 1.1411E-1 1.10487E-1 1.05998E-1 1.14148E-1 1.02434E-1 7.11187E-2 1.12021E-1 9.13604E-2 9.27821E-2 1.185E-1 8.25571E-2 8.74312E-2 8.95744E-2 6.87998E-2 8.40906E-2 9.23478E-2 9.26752E-2 8.84251E-2 8.76576E-2 6.73402E-2 7.06746E-2 7.66613E-2
-9999 -9999 -9999 -9999 -9999 -9999 -9999 -9999 -9999 -9999 -9999 1.76315E-2 1.32903E-1 1.2076E-1 1.88382E-1 1.86215E-1 1.5766E-1 2.20475E-1 1.81752E-1 1.01917E-1 1.42781E-1 3.34873E-2 5.09228E-2 6.82928E-2 3.37542E-2 9.74225E-2 9.28638E-2 1.03975E-1 1.19717E-1 4.82565E-2 7.99745E-2 6.8404E-2 7.96504E-2 1.44216E-1 1.05193E-1 1.35523E-1 1.49151E-1 1.66066E-1 1.73124E-1 1.55689E-1 1.12539E-1 1.33767E-1 1.43822E-1 7.26048E-2 1.28607E-1 1.00294E-1 8.84646E-2 8.52878E-2 5.67515E-2 8.78764E-2 9.18045E-2 9.49708E-2 5.87356E-2 7.65759E-2 8.02647E-2 8.33886E-2 1.12825E-1 1.56552E-1 1.02853E-1 7.05343E-2 6.34235E-2
-9999 -9999 -9999 -9999 -9999 -9999 -9999 -9999 -9999 -9999 -9999 2.80161E-3 1.21871E-1 1.28441E-1 1.78668E-1 1.96716E-1 1.54228E-1 2.14988E-1 1.66578E-1 1.57405E-1 8.72224E-2 7.59535E-2 2.43006E-2 5.35198E-2 1.07491E-1 1.267E-1 1.10737E-1 5.73905E-2 9.6934E-2 8.82505E-2 1.05966E-1 7.08515E-2 8.16737E-2 1.2403E-1 1.48775E-1 1.38901E-1 1.29266E-1 1.30322E-1 1.51499E-1 1.41046E-1 1.10097E-1 1.55193E-1 1.21486E-1 1.0312E-1 1.12175E-1 1.15872E-1 1.07776E-1 8.49803E-2 7.84479E-2 7.47378E-2 8.75502E-2 8.92724E-2 7.99397E-2 8.28339E-2 1.02716E-1 9.13487E-2 8.11685E-2 1.03671E-1 8.40473E-2 7.69477E-2 8.07754E-2
-9999 -9999 -9999 -9999 -9999 -9999 -9999 -9999 -9999 -9999 3.79614E-2 1.42504E-2 9.26736E-2 3.36978E-1 9.54302E-2 0E0 7.62141E-2 1.40136E-1 1.44179E-1 1.50242E-1 1.18685E-1 1.03879E-1 6.14107E-2 5.63811E-2 9.60383E-2 4.57174E-2 4.91204E-2 2.94358E-2 7.18232E-2 1.19337E-1 6.36745E-2 2.94089E-2 1.00785E-1 8.03612E-2 1.52891E-1 1.63432E-1 1.68984E-1 9.24953E-2 1.58466E-1 1.4263E-1 1.05933E-1 1.0533E-1 1.27734E-1 1.28355E-1 1.25011E-1 9.41695E-2 8.77346E-2 7.00891E-2 7.7146E-2 6.87283E-2 5.89863E-2 1.05629E-1 1.18426E-1 7.82189E-2 9.30483E-2 8.38004E-2 6.28632E-2 9.2086E-2 7.60842E-2 6.27078E-2 7.41883E-2
-9999 -9999 -9999 -9999 -9999 -9999 -9999 -9999 -9999 -9999 -9999 5.82248E-3 0E0 0E0 1.13561E-1 1.64237E-1 8.71112E-2 1.11011E-1 1.49574E-1 1.40296E-1 1.53604E-1 1.09483E-1 5.16386E-2 1.8433E-2 8.78644E-2 3.98722E-2 -9999 3.91675E-2 9.31027E-2 8.85609E-2 2.37404E-2 8.44344E-2 1.63023E-1 1.52753E-1 1.22902E-1 1.67314E-1 1.57993E-1 1.31004E-1 1.03215E-1 1.28359E-1 9.41134E-2 1.06536E-1 1.0909E-1 1.26167E-1 1.24625E-1 9.56099E-2 8.23998E-2 6.81846E-2 7.6846E-2 6.14535E-2 6.63559E-2 1.56867E-1 9.96295E-2 7.17467E-2 7.7764E-2 1.00999E-1 7.26955E-2 8.24325E-2 8.34609E-2 6.13224E-2 6.7246E-2
-9999 -9999 -9999 -9999 -9999 -9999 -9999 -9999 -9999 -9999 -9999 2.03232E-3 1.40739E-1 7.37263E-2 7.8052E-2 5.19168E-2 6.08336E-2 8.83426E-2 9.99921E-2 1.25169E-1 1.06839E-1 1.6269E-1 1.07135E-1 1.33227E-2 4.64346E-2 -9999 7.54828E-2 1.1833E-1 1.82891E-1 9.67844E-2 1.15963E-1 1.086E-1 1.31129E-1 1.35896E-1 1.37223E-1 1.54326E-1 1.47157E-1 9.49037E-2 1.18087E-1 1.13092E-1 1.21294E-1 1.05784E-1 1.09163E-1 7.47625E-2 9.89976E-2 8.45912E-2 7.41722E-2 8.70256E-2 6.31105E-2 6.24615E-2 6.59864E-2 9.62718E-2 9.46384E-2 7.86541E-2 7.43485E-2 8.35282E-2 8.63014E-2 8.68353E-2 8.11455E-2 6.71078E-2 6.55682E-2
-9999 -9999 -9999 -9999 -9999 -9999 -9999 -9999 -9999 -9999 -9999 2.93292E-3 1.31993E-1 0E0 0E0 1.41191E-1 5.39769E-2 -9999 1.2904E-1 1.32579E-1 -9999 1.53151E-1 1.87066E-1 7.82374E-2 5.61739E-2 -9999 4.13681E-2 5.2082E-2 1.49337E-1 1.12399E-1 5.93545E-2 1.66207E-1 1.15791E-1 5.19214E-2 4.78241E-2 1.67401E-1 1.46225E-1 1.46879E-1 1.14033E-1 1.34214E-1 1.14874E-1 1.13178E-1 1.12857E-1 1.10452E-1 1.08163E-1 1.1194E-1 9.3893E-2 8.88584E-2 7.68279E-2 5.49349E-2 5.21976E-2 7.59447E-2 8.75469E-2 8.35044E-2 8.49159E-2 7.74115E-2 7.50719E-2 8.95182E-2 8.05222E-2 7.27921E-2 6.4835E-2
-9999 -9999 -9999 -9999 -9999 -9999 -9999 -9999 -9999 -9999 -9999 1.15729E-2 0E0 0E0 0E0 1.35883E-1 1.07745E-1 -9999 8.25136E-2 4.55276E-2 1.00749E-1 7.78266E-2 1.24139E-1 1.75037E-1 -9999 -9999 7.28968E-2 1.14676E-1 1.06862E-1 1.36176E-1 7.47382E-2 5.66085E-2 2.97521E-2 5.09082E-2 7.63248E-2 1.54003E-1 1.22416E-1 1.13567E-1 1.10506E-1 1.56599E-1 1.33239E-1 1.13113E-1 1.08542E-1 9.75746E-2 1.26278E-1 1.16806E-1 1.1822E-1 9.7609E-2 6.68756E-2 8.32519E-2 1.04032E-1 1.04887E-1 8.94272E-2 1.14199E-1 7.8964E-2 8.33152E-2 9.97836E-2 9.59832E-2 8.37408E-2 7.29149E-2 6.77559E-2
-9999 -9999 -9999 -9999 -9999 -9999 -9999 -9999 -9999 -9999 -9999 -9999 9.94116E-3 1.15526E-1 1.48718E-1 1.20272E-1 9.13176E-2 -9999 -9999 -9999 3.10295E-2 -9999 1.02305E-1 4.93818E-2 -9999 4.06154E-2 1.21847E-1 1.54577E-1 1.39747E-1 1.94658E-1 1.25254E-1 2.57741E-2 3.2711E-2 4.7149E-2 6.14377E-2 1.45042E-1 1.25102E-1 1.53793E-1 1.35904E-1 1.02012E-1 1.02372E-1 1.03139E-1 7.15362E-2 1.24383E-1 1.29077E-1 9.5135E-2 1.53808E-1 2.26203E-1 1.06304E-1 7.43651E-2 8.13356E-2 8.0362E-2 8.69801E-2 1.12744E-1 1.19644E-1 8.13299E-2 9.63466E-2 9.20567E-2 8.0854E-2 7.59396E-2 7.3539E-2
-9999 -9999 -9999 -9999 -9999 -9999 -9999 -9999 -9999 -9999 -9999 -9999 9.34912E-3 4.30437E-2 1.45645E-1 1.02102E-1 -9999 3.46375E-2 -9999 -9999 9.37849E-2 2.85146E-2 6.02076E-2 1.60964E-2 -9999 2.00682E-2 4.54378E-2 1.13362E-1 1.75057E-1 1.44246E-1 6.78927E-2 9.70119E-3 8.85234E-2 1.29882E-1 1.09656E-1 8.88956E-2 1.23598E-1 1.37842E-1 1.73538E-1 1.06669E-1 6.91339E-2 1.08708E-1 1.12977E-1 1.302E-1 1.18175E-1 1.16555E-1 1.19942E-1 3.14575E-1 3.75263E-1 1.52566E-1 8.07335E-2 8.99038E-2 1.08211E-1 9.0016E-2 1.01636E-1 1.20762E-1 9.2725E-2 9.64157E-2 8.97763E-2 8.63835E-2 7.74051E-2
-9999 -9999 -9999 -9999 -9999 -9999 -9999 -9999 -9999 -9999 -9999 -9999 -9999 7.92106E-3 8.22918E-2 4.6296E-2 2.30707E-2 2.78746E-2 -9999 3.94615E-2 3.72449E-2 2.88666E-2 7.35225E-3 2.31177E-2 -9999 3.28069E-2 3.9155E-2 8.17226E-2 1.34087E-1 1.22665E-1 1.13151E-1 1.17455E-2 7.85758E-2 6.97683E-3 2.49697E-2 7.46626E-2 1.20349E-1 1.81012E-1 1.22127E-1 1.36654E-1 1.18899E-1 1.12598E-1 1.45103E-1 1.35182E-1 1.27859E-1 1.14889E-1 1.40143E-1 3.97084E-1 3.64788E-1 1.41549E-1 1.05796E-1 6.62277E-2 1.06739E-1 1.19607E-1 1.28508E-1 9.56373E-2 1.08036E-1 9.93017E-2 9.48202E-2 8.92018E-2 8.15554E-2
-9999 -9999 -9999 -9999 -9999 -9999 -9999 -9999 -9999 -9999 -9999 -9999 -9999 6.6573E-3 2.14813E-2 2.5184E-2 1.10256E-2 2.57546E-2 -9999 4.79708E-2 2.4951E-2 2.06409E-2 4.12595E-2 -9999 7.86031E-2 1.87673E-2 1.49116E-2 5.71653E-2 1.23186E-1 1.09103E-1 1.10066E-1 5.73429E-2 2.1651E-2 4.12897E-2 5.32793E-2 9.35109E-2 1.43443E-1 1.35863E-1 1.62166E-1 1.58239E-1 1.20043E-1 1.44457E-1 1.48036E-1 1.35877E-1 1.30436E-1 9.82993E-2 1.34167E-1 1.46213E-1 1.23144E-1 1.17046E-1 1.43991E-1 2.18436E-1 1.00159E-1 8.42929E-2 1.02722E-1 1.09399E-1 8.7913E-2 9.7759E-2 1.04854E-1 9.83157E-2 8.94413E-2
-9999 -9999 -9999 -9999 -9999 -9999 -9999 -9999 -9999 -9999 -9999 -9999 -9999 7.84458E-3 -9999 -9999 1.88152E-2 -9999 -9999 3.90576E-2 6.79445E-3 3.65583E-2 2.9402E-2 -9999 -9999 7.37581E-3 2.08543E-2 8.0505E-2 1.0785E-1 1.11475E-1 1.12316E-1 1.15793E-1 4.90054E-2 6.56067E-2 3.58614E-2 1.36336E-1 1.08393E-1 1.48653E-1 1.50793E-1 1.30006E-1 9.68937E-2 1.32089E-1 1.40255E-1 1.36161E-1 1.06246E-1 1.20794E-1 1.22894E-1 1.02223E-1 1.06867E-1 9.66549E-2 1.02779E-1 1.622E-1 1.29528E-1 1.48209E-1 1.25681E-1 9.9372E-2 1.11686E-1 9.82947E-2 1.00089E-1 1.04988E-1 9.65603E-2
-9999 -9999 -9999 -9999 -9999 -9999 -9999 -9999 -9999 -9999 -9999 -9999 -9999 -9999 -9999 -9999 3.72181E-2 -9999 -9999 7.71794E-2 -9999 3.8438E-2 3.29527E-2 -9999 1.83491E-2 2.22651E-2 5.15308E-2 2.87238E-2 5.81358E-2 1.05147E-1 1.13142E-1 8.92286E-2 1.06256E-1 1.97969E-2 8.39846E-2 1.22957E-1 1.35757E-1 9.27019E-2 1.34827E-1 1.12319E-1 1.1548E-1 1.45047E-1 1.47159E-1 1.48292E-1 1.2575E-1 1.03082E-1 1.14305E-1 9.4428E-2 1.1784E-1 1.03949E-1 1.17362E-1 1.29165E-1 8.7942E-2 7.50268E-2 9.50147E-2 8.31333E-2 1.07447E-1 9.11893E-2 9.88128E-2 1.12947E-1 1.09712E-1
-9999 -9999 -9999 -9999 -9999 -9999 -9999 -9999 -9999 -9999 -9999 -9999 -9999 0E0 -9999 5.73176E-3 -9999 -9999 -9999 9.81852E-2 -9999 5.14246E-2 -9999 -9999 2.47777E-2 1.21832E-2 1.18397E-1 1.15713E-1 9.87474E-2 1.15311E-1 8.07974E-2 6.17509E-2 1.07401E-1 3.01405E-2 9.95561E-2 6.21278E-2 1.32181E-1 1.33323E-1 1.19853E-1 1.29638E-1 1.53438E-1 1.16194E-1 1.45242E-1 1.36156E-1 1.35251E-1 1.18486E-1 1.04972E-1 1.10799E-1 1.39132E-1 1.29213E-1 1.59131E-1 1.55359E-1 1.58068E-1 1.19786E-1 7.0998E-2 7.36244E-2 1.0348E-1 9.36522E-2 1.18312E-1 1.18994E-1 1.09453E-1
-9999 -9999 -9999 -9999 -9999 -9999 -9999 -9999 -9999 -9999 -9999 -9999 3.48029E-2 2.75531E-3 3.35872E-4 1.37485E-3 4.08384E-3 8.01985E-3 -9999 -9999 2.75699E-2 1.64825E-2 -9999 -9999 1.4916E-2 4.58719E-2 9.31014E-2 1.08751E-1 1.09706E-1 1.24799E-1 5.56866E-2 7.11817E-2 6.21712E-2 1.27181E-1 1.21117E-1 7.31884E-2 6.07537E-2 1.49976E-1 1.42861E-1 1.20719E-1 1.1487E-1 1.2328E-1 1.27924E-1 1.25567E-1 1.4268E-1 1.21005E-1 1.42927E-1 1.06271E-1 1.21507E-1 1.50149E-1 1.54691E-1 1.27334E-1 1.26093E-1 9.94039E-2 1.18076E-1 9.33961E-2 8.12308E-2 8.9479E-2 1.08694E-1 1.0961E-1 1.16701E-1
-9999 -9999 -9999 -9999 -9999 -9999 -9999 -9999 -9999 -9999 -9999 -9999 2.82486E-2 3.16046E-4 1.18504E-3 1.01496E-2 6.72369E-3 1.29056E-2 2.82016E-2 -9999 -9999 -9999 -9999 -9999 -9999 1.33669E-2 1.09231E-1 9.8326E-2 3.83816E-2 6.04027E-2 7.72496E-3 1.74245E-1 5.10734E-2 1.37274E-2 8.87989E-2 6.14463E-2 2.54799E-2 7.96231E-2 1.16602E-1 9.86784E-2 1.21334E-1 1.2737E-1 1.20311E-1 1.26503E-1 1.09451E-1 1.47081E-1 1.33469E-1 1.14415E-1 1.52466E-1 1.90257E-1 1.14443E-1 1.40415E-1 1.64905E-1 6.14709E-2 9.17837E-2 8.00082E-2 7.89334E-2 7.21478E-2 1.21107E-1 1.11707E-1 1.03551E-1
-9999 -9999 -9999 -9999 -9999 -9999 -9999 -9999 -9999 -9999 -9999 -9999 -9999 3.35585E-3 4.11906E-3 1.1036E-3 1.47498E-2 -9999 3.55534E-2 -9999 -9999 -9999 1.81012E-2 -9999 6.79516E-3 1.02273E-2 8.3032E-2 5.94308E-2 -9999 1.2211E-2 3.1487E-2 5.95441E-3 1.68774E-2 1.47332E-2 2.73887E-2 4.91491E-2 6.83256E-2 1.15043E-1 1.03151E-1 1.05726E-1 1.09349E-1 1.19276E-1 1.24316E-1 1.19479E-1 1.18882E-1 1.43573E-1 1.36835E-1 1.76572E-1 1.71133E-1 1.58951E-1 1.58409E-1 1.31807E-1 8.51464E-2 4.48689E-2 6.80326E-2 1.12355E-1 8.94016E-2 1.10529E-1 1.09884E-1 1.30819E-1 1.33838E-1
-9999 -9999 -9999 -9999 -9999 -9999 -9999 -9999 -9999 -9999 -9999 -9999 -9999 1.34334E-3 5.02848E-3 7.3617E-3 7.66714E-3 2.05739E-3 1.16555E-2 1.20708E-2 -9999 -9999 2.34849E-2 -9999 4.06852E-2 2.5129E-2 2.80464E-2 -9999 2.03225E-2 5.04734E-2 2.62899E-2 2.02399E-2 1.46164E-1 4.32571E-2 4.59583E-2 4.61217E-2 1.48792E-2 7.6074E-2 1.29581E-1 1.19872E-1 1.21598E-1 1.06258E-1 1.12261E-1 1.09285E-1 1.46485E-1 1.27995E-1 1.82789E-1 1.86982E-1 1.8623E-1 1.57744E-1 1.42354E-1 1.22255E-1 7.27354E-2 1.0215E-1 1.02466E-1 7.34189E-2 7.95946E-2 1.1233E-1 1.19924E-1 9.42335E-2 1.23057E-1
-9999 -9999 -9999 -9999 -9999 -9999 -9999 -9999 -9999 -9999 -9999 -9999 4.7859E-2 6.94444E-3 5.41491E-4 1.13147E-3 6.87972E-3 -9999 1.13235E-2 2.46338E-2 1.12705E-2 -9999 4.8208E-3 2.45381E-4 -9999 -9999 -9999 4.9988E-3 2.36026E-2 1.22025E-1 8.47914E-2 1.40545E-1 8.44205E-2 4.16083E-2 2.91791E-2 3.71495E-2 3.53866E-2 3.61475E-2 8.60917E-2 9.49363E-2 8.76294E-2 1.02765E-1 1.0046E-1 1.01559E-1 1.37884E-1 1.66502E-1 1.74631E-1 1.33348E-1 1.37141E-1 1.2923E-1 1.11851E-1 1.08745E-1 1.21082E-1 8.17118E-2 9.11873E-2 7.79159E-2 1.0441E-1 1.03296E-1 1.26049E-1 1.31066E-1 1.05104E-1
-9999 -9999 -9999 -9999 -9999 -9999 -9999 -9999 -9999 -9999 -9999 -9999 -9999 4.39813E-3 2.17962E-3 -9999 3.6284E-3 -9999 3.47506E-3 -9999 -9999 -9999 1.38092E-3 5.94562E-3 -9999 -9999 8.9672E-4 5.8007E-2 1.36035E-2 2.28467E-2 4.15896E-2 2.1261E-1 5.62782E-2 1.52413E-1 1.16935E-1 5.93024E-2 2.49205E-2 5.43035E-2 1.05437E-1 1.1729E-1 1.2072E-1 1.05847E-1 1.01832E-1 9.837E-2 9.89895E-2 1.43486E-1 1.16665E-1 1.29009E-1 1.17187E-1 1.40957E-1 1.35816E-1 1.03006E-1 8.879E-2 4.31527E-2 8.20591E-2 6.27475E-2 9.54319E-2 9.33028E-2 1.24871E-1 1.5737E-1 1.11297E-1
-9999 -9999 -9999 -9999 -9999 -9999 -9999 -9999 -9999 -9999 -9999 -9999 -9999 3.77992E-3 2.19912E-3 -9999 1.61865E-3 8.61753E-3 -9999 -9999 -9999 2.7625E-2 2.36031E-3 3.02554E-3 -9999 -9999 5.59978E-4 1.42158E-2 1.86283E-3 1.11884E-2 2.77108E-2 3.90102E-2 4.51568E-2 4.91475E-2 1.17099E-1 1.03388E-1 4.71879E-2 4.90389E-2 1.11566E-1 1.38842E-1 1.16487E-1 1.06872E-1 1.45035E-1 9.60709E-2 9.96433E-2 1.23062E-1 1.22199E-1 1.11907E-1 1.10309E-1 1.01672E-1 1.04984E-1 1.28503E-1 1.14107E-1 7.90752E-2 1.27489E-1 1.26247E-1 9.16945E-2 1.14989E-1 1.0883E-1 1.20589E-1 1.10827E-1
-9999 -9999 -9999 -9999 -9999 -9999 -9999 -9999 -9999 -9999 -9999 -9999 -9999 3.86386E-3 1.02401E-3 -9999 2.49562E-2 1.77702E-3 7.47693E-3 -9999 -9999 6.39187E-3 2.18062E-3 1.35735E-2 -9999 -9999 -9999 4.19999E-3 7.58097E-3 1.75997E-2 1.59009E-2 1.25133E-2 1.62915E-2 2.91043E-2 8.67743E-2 1.03851E-1 6.61448E-2 6.95251E-2 7.67777E-2 9.74178E-2 1.01154E-1 1.55716E-1 2.04983E-1 1.10017E-1 9.96779E-2 1.21931E-1 1.10779E-1 1.25841E-1 1.10367E-1 8.08206E-2 1.23203E-1 7.53596E-2 6.76672E-2 8.93441E-2 1.15263E-1 7.61075E-2 1.15297E-1 6.49195E-2 1.08028E-1 1.1738E-1 1.23606E-1
-9999 -9999 -9999 -9999 -9999 -9999 -9999 -9999 -9999 -9999 -9999 -9999 -9999 1.37484E-2 -9999 2.08298E-3 -9999 6.44468E-3 7.27496E-3 -9999 2.82106E-2 1.84764E-3 1.75665E-3 2.35128E-3 3.59972E-2 -9999 1.41892E-3 3.59222E-3 1.24071E-2 8.11425E-2 9.57012E-2 1.59593E-1 2.12359E-2 2.1832E-2 6.21903E-2 5.29022E-2 4.13639E-2 6.328E-2 6.42484E-2 9.1022E-2 1.40317E-1 1.62053E-1 1.99273E-1 1.47412E-1 1.07277E-1 9.83747E-2 1.16505E-1 1.93139E-1 1.05963E-1 1.15804E-1 9.55332E-2 1.19892E-1 1.38956E-1 1.12555E-1 1.14604E-1 9.8701E-2 7.69259E-2 9.80722E-2 9.80651E-2 9.55629E-2 8.14835E-2
