Candidate_Models_July82022/M_2_F_lqp_Set_1_cal/Bison.asc
ncols         290
nrows         380
xllcorner     -2197417.7431653
yllcorner     -584827.01486885
cellsize      10000.0
NODATA_value  -9999
[rows 135 to 161 of 380, columns 183 to 243 of 290]
2.47775E-2 2.36537E-2 2.81472E-2 2.24815E-2 2.11996E-2 2.09303E-2 2.16092E-2 2.11696E-2 2.14275E-2 2.08909E-2 2.18741E-2 2.14902E-2 2.24869E-2 2.16925E-2 1.98606E-2 2.11027E-2 2.28528E-2 2.05032E-2 2.38859E-2 2.71809E-2 2.95569E-2 2.23238E-2 2.1198E-2 2.11617E-2 1.99471E-2 2.2873E-2 1.82461E-2 1.7045E-2 1.56929E-2 1.69339E-2 1.74186E-2 1.74265E-2 1.79374E-2 1.8079E-2 1.74019E-2 1.7361E-2 1.66799E-2 1.60758E-2 1.57632E-2 1.8192E-2 1.58458E-2 1.57013E-2 1.57137E-2 1.65712E-2 1.62518E-2 1.65495E-2 1.59077E-2 1.65877E-2 1.60703E-2 1.64133E-2 1.63539E-2 2.24052E-2 2.19707E-2 1.49135E-2 1.72676E-2 1.6557E-2 1.7171E-2 1.68379E-2 1.80969E-2 1.63726E-2 1.75197E-2
2.57036E-2 2.27353E-2 2.18808E-2 2.52231E-2 2.25475E-2 2.09833E-2 2.12847E-2 2.17186E-2 2.15254E-2 2.27017E-2 2.40715E-2 2.44494E-2 2.84262E-2 2.25012E-2 2.38901E-2 2.22792E-2 2.12644E-2 2.38541E-2 2.78552E-2 2.52228E-2 2.93388E-2 2.60472E-2 2.41899E-2 2.34913E-2 2.3125E-2 2.07964E-2 1.8913E-2 1.70578E-2 1.73826E-2 1.86398E-2 1.78655E-2 1.93736E-2 1.79427E-2 1.8631E-2 1.77337E-2 1.73639E-2 1.7332E-2 1.62651E-2 1.62828E-2 1.62565E-2 1.58404E-2 1.57767E-2 1.66679E-2 1.65264E-2 1.66026E-2 1.70958E-2 1.7518E-2 1.75866E-2 1.66071E-2 1.64591E-2 1.59054E-2 2.13867E-2 1.88993E-2 1.51606E-2 1.65538E-2 1.604E-2 1.73005E-2 1.69685E-2 1.75448E-2 1.78054E-2 1.70482E-2
2.487E-2 3.29155E-2 2.44279E-2 2.6469E-2 2.66835E-2 2.24403E-2 2.34012E-2 2.42689E-2 2.45728E-2 2.54864E-2 2.57323E-2 2.49435E-2 2.57258E-2 2.22677E-2 2.48203E-2 2.52745E-2 2.3119E-2 2.85721E-2 2.95229E-2 2.91318E-2 3.25521E-2 2.86209E-2 2.35304E-2 2.22334E-2 2.37351E-2 2.18671E-2 2.19244E-2 1.91698E-2 1.83456E-2 1.88513E-2 1.87031E-2 1.84688E-2 1.78442E-2 1.84889E-2 1.85035E-2 1.77036E-2 1.77561E-2 1.65905E-2 1.63442E-2 1.64439E-2 1.60643E-2 1.61461E-2 1.61654E-2 1.68752E-2 1.64463E-2 1.76591E-2 1.70658E-2 1.77319E-2 1.75097E-2 1.67052E-2 1.72475E-2 1.70887E-2 1.70482E-2 1.98139E-2 1.71575E-2 1.6697E-2 1.70037E-2 1.62665E-2 1.72617E-2 1.74435E-2 1.84866E-2
2.81113E-2 4.96524E-2 5.12119E-2 2.69405E-2 3.03374E-2 2.92661E-2 2.60407E-2 2.79585E-2 2.53479E-2 2.37262E-2 2.58408E-2 2.42394E-2 2.55503E-2 2.56121E-2 2.6031E-2 2.40201E-2 2.79755E-2 2.89901E-2 2.58016E-2 3.24365E-2 2.71242E-2 2.40635E-2 2.33428E-2 2.35752E-2 2.2461E-2 2.14556E-2 2.05612E-2 2.04117E-2 1.84927E-2 1.92694E-2 2.50448E-2 1.94734E-2 1.86411E-2 1.89459E-2 1.79914E-2 1.83853E-2 1.83746E-2 1.82622E-2 1.71689E-2 1.85114E-2 1.72261E-2 1.69493E-2 1.65006E-2 1.71845E-2 1.76401E-2 1.81348E-2 1.86533E-2 1.85177E-2 1.76059E-2 1.80019E-2 1.77321E-2 1.78364E-2 1.72367E-2 1.86027E-2 2.58157E-2 1.83788E-2 1.67866E-2 1.78784E-2 1.76553E-2 1.79325E-2 1.90803E-2
3.43672E-2 4.99512E-2 4.11994E-2 3.98028E-2 2.4277E-2 3.46851E-2 3.0327E-2 3.72874E-2 2.61662E-2 2.78898E-2 2.76124E-2 2.66954E-2 2.51138E-2 2.69643E-2 3.07091E-2 3.28E-2 3.09605E-2 2.61808E-2 2.71536E-2 2.82531E-2 2.3229E-2 2.48981E-2 2.34736E-2 2.29836E-2 2.34477E-2 2.31371E-2 2.27715E-2 1.99106E-2 2.14269E-2 2.99395E-2 2.05407E-2 2.00691E-2 1.8903E-2 1.93594E-2 1.79824E-2 1.83455E-2 1.91164E-2 1.88641E-2 1.89679E-2 1.81745E-2 1.79042E-2 1.76218E-2 1.77054E-2 1.84425E-2 1.86688E-2 1.86847E-2 1.8619E-2 1.79984E-2 1.75978E-2 1.88198E-2 1.81157E-2 1.8173E-2 1.8302E-2 2.11884E-2 1.96905E-2 1.96386E-2 1.95399E-2 1.79994E-2 1.91247E-2 1.9619E-2 2.01751E-2
3.02694E-2 3.44496E-2 4.49024E-2 3.72297E-2 5.26373E-2 3.49516E-2 3.64881E-2 3.38284E-2 3.40967E-2 2.71912E-2 2.93143E-2 2.63774E-2 4.17743E-2 2.91021E-2 3.56272E-2 3.3661E-2 3.26621E-2 2.70983E-2 2.49278E-2 2.43316E-2 2.45343E-2 2.60028E-2 2.43575E-2 2.48946E-2 2.43037E-2 2.31009E-2 2.18641E-2 1.99696E-2 3.70697E-2 2.22205E-2 2.13468E-2 1.90603E-2 1.90999E-2 1.96398E-2 1.77115E-2 1.91793E-2 1.92834E-2 1.95069E-2 1.94538E-2 1.8687E-2 1.76201E-2 1.85839E-2 1.79778E-2 1.89406E-2 1.92129E-2 1.87167E-2 1.94776E-2 2.03111E-2 1.99334E-2 1.95666E-2 2.0308E-2 1.86365E-2 1.95346E-2 1.97517E-2 1.84049E-2 1.89547E-2 1.93361E-2 1.95598E-2 1.89811E-2 1.88756E-2 2.06756E-2
3.24063E-2 3.68397E-2 3.54602E-2 4.68178E-2 5.88884E-2 5.9684E-2 3.48296E-2 3.33243E-2 3.29406E-2 3.08437E-2 3.03619E-2 3.54569E-2 6.52678E-2 3.08844E-2 2.51411E-2 2.79807E-2 2.85511E-2 2.68487E-2 2.56465E-2 2.6346E-2 2.70917E-2 2.5121E-2 2.64191E-2 2.31574E-2 2.29929E-2 2.36828E-2 2.40127E-2 2.05088E-2 1.95456E-2 2.566E-2 1.912E-2 1.93427E-2 2.06288E-2 1.98213E-2 1.93172E-2 2.00585E-2 1.96482E-2 1.87259E-2 1.95654E-2 1.88658E-2 1.85852E-2 1.78254E-2 1.90604E-2 1.92612E-2 1.89453E-2 2.08009E-2 1.81283E-2 2.00219E-2 1.96802E-2 2.026E-2 1.98852E-2 1.95072E-2 1.95407E-2 1.87205E-2 2.07411E-2 2.07421E-2 1.93982E-2 1.95598E-2 2.05561E-2 2.06176E-2 2.12329E-2
3.93892E-2 3.37072E-2 3.84381E-2 3.4989E-2 3.58577E-2 3.81763E-2 3.45989E-2 3.06878E-2 3.2907E-2 3.2525E-2 3.38711E-2 3.16171E-2 2.59712E-2 2.36254E-2 2.38225E-2 2.4594E-2 3.01271E-2 2.75277E-2 2.60211E-2 3.07815E-2 2.77495E-2 3.16184E-2 3.19599E-2 2.43525E-2 2.66867E-2 2.19938E-2 2.14117E-2 2.18271E-2 1.93235E-2 2.07207E-2 1.98671E-2 1.82502E-2 1.92177E-2 2.06134E-2 1.92387E-2 1.94015E-2 2.04775E-2 1.91956E-2 1.91058E-2 1.89663E-2 1.87429E-2 1.91116E-2 1.92477E-2 1.87046E-2 1.93579E-2 2.02523E-2 2.1285E-2 2.05012E-2 2.57193E-2 2.19462E-2 2.01554E-2 2.07845E-2 1.95757E-2 2.01071E-2 2.07298E-2 2.07146E-2 2.12853E-2 2.03833E-2 2.13321E-2 2.16356E-2 2.10673E-2
3.63929E-2 3.35791E-2 3.11076E-2 3.51124E-2 3.61827E-2 3.6606E-2 3.52619E-2 3.34885E-2 5.24514E-2 2.91048E-2 4.10456E-2 3.11066E-2 2.80092E-2 2.61307E-2 2.39386E-2 2.67273E-2 3.12778E-2 2.70148E-2 3.02739E-2 3.05594E-2 3.54082E-2 3.38729E-2 2.88708E-2 2.72024E-2 2.60477E-2 2.46177E-2 2.1938E-2 2.34685E-2 1.95732E-2 2.11688E-2 3.00257E-2 1.89404E-2 1.93335E-2 1.93647E-2 1.981E-2 2.10537E-2 1.95694E-2 1.82521E-2 2.07199E-2 1.89509E-2 1.94842E-2 1.93319E-2 1.88883E-2 1.94868E-2 2.05721E-2 2.07591E-2 2.14181E-2 2.16445E-2 2.2096E-2 2.13343E-2 2.39679E-2 2.20163E-2 2.17833E-2 2.07265E-2 2.20733E-2 2.19641E-2 2.12266E-2 2.18102E-2 2.14797E-2 2.10232E-2 2.17162E-2
3.75523E-2 4.37771E-2 2.99711E-2 3.55953E-2 3.39574E-2 3.75442E-2 3.45463E-2 3.4186E-2 3.90505E-2 4.03814E-2 3.94342E-2 5.43841E-2 3.24848E-2 3.25435E-2 3.40878E-2 3.46853E-2 2.99231E-2 3.0406E-2 3.08438E-2 3.43597E-2 3.25219E-2 2.67995E-2 2.78442E-2 2.95066E-2 2.33521E-2 2.35857E-2 2.26059E-2 2.43869E-2 2.20852E-2 2.3224E-2 2.43326E-2 1.93582E-2 1.98505E-2 2.01365E-2 1.96587E-2 2.05946E-2 1.99326E-2 1.94953E-2 1.85276E-2 1.99038E-2 2.01198E-2 1.99101E-2 2.11308E-2 2.08031E-2 1.93287E-2 2.1737E-2 2.1985E-2 2.26652E-2 2.17658E-2 2.20981E-2 2.24057E-2 2.28149E-2 2.25136E-2 2.20889E-2 2.24045E-2 2.28479E-2 2.21615E-2 2.25322E-2 2.22188E-2 2.20564E-2 2.27612E-2
3.50717E-2 2.85891E-2 2.59135E-2 2.52018E-2 3.0949E-2 3.49376E-2 4.27241E-2 3.09145E-2 3.77845E-2 3.74376E-2 5.11882E-2 3.75171E-2 3.4347E-2 3.17004E-2 3.37862E-2 3.58528E-2 3.6813E-2 3.52949E-2 3.09593E-2 3.07444E-2 2.60552E-2 2.70401E-2 3.33238E-2 2.92642E-2 2.64154E-2 2.87671E-2 2.64777E-2 2.72353E-2 2.42637E-2 2.30842E-2 2.48395E-2 2.18267E-2 2.21184E-2 2.19279E-2 2.12512E-2 2.07442E-2 2.03662E-2 2.01035E-2 1.96857E-2 1.84528E-2 2.08819E-2 2.0277E-2 2.16124E-2 2.0804E-2 2.14722E-2 2.07609E-2 2.17446E-2 2.25167E-2 2.21704E-2 2.11622E-2 2.26371E-2 2.2958E-2 2.31131E-2 2.35159E-2 2.25063E-2 2.35775E-2 2.28693E-2 2.48245E-2 2.35934E-2 2.30705E-2 2.36916E-2
3.12975E-2 2.9016E-2 2.82951E-2 2.67736E-2 3.17516E-2 3.51113E-2 4.54982E-2 3.55716E-2 3.88738E-2 4.17728E-2 4.15825E-2 3.68944E-2 3.16016E-2 3.26427E-2 3.14171E-2 3.52192E-2 3.77952E-2 3.42581E-2 3.62443E-2 3.52543E-2 3.12998E-2 2.51888E-2 2.90624E-2 2.89083E-2 2.87846E-2 2.93959E-2 3.129E-2 2.60972E-2 2.38741E-2 2.52055E-2 2.63812E-2 2.2973E-2 2.43075E-2 2.44798E-2 2.36427E-2 2.16205E-2 2.3015E-2 2.02366E-2 2.36317E-2 2.08479E-2 2.0048E-2 2.17216E-2 2.27911E-2 2.30055E-2 2.24641E-2 2.20649E-2 2.31811E-2 2.29115E-2 2.43695E-2 2.17535E-2 2.34244E-2 2.3717E-2 2.54096E-2 2.93917E-2 2.32059E-2 2.44001E-2 2.52771E-2 2.43794E-2 2.36913E-2 2.47006E-2 2.46065E-2
3.42322E-2 4.90003E-2 5.79041E-2 2.82954E-2 3.24075E-2 2.94219E-2 3.57424E-2 3.88174E-2 4.17425E-2 3.91627E-2 3.65842E-2 3.8508E-2 3.66787E-2 3.3207E-2 8.02749E-2 3.45375E-2 4.01242E-2 3.73185E-2 3.75685E-2 3.08108E-2 2.63128E-2 2.99012E-2 2.47904E-2 2.63976E-2 3.41679E-2 3.75173E-2 2.67712E-2 3.6595E-2 2.37075E-2 2.3598E-2 2.70447E-2 2.49631E-2 2.21592E-2 2.25247E-2 2.3635E-2 2.2811E-2 2.05181E-2 2.11031E-2 2.10971E-2 1.9826E-2 2.32426E-2 2.3874E-2 2.28189E-2 2.41828E-2 2.45529E-2 2.41305E-2 2.38047E-2 2.42017E-2 2.34851E-2 2.42312E-2 2.32303E-2 3.39907E-2 2.43388E-2 2.52187E-2 2.63547E-2 2.40657E-2 2.43649E-2 2.5044E-2 2.50714E-2 2.48682E-2 2.54197E-2
3.57686E-2 4.22046E-2 4.08482E-2 3.08236E-2 3.34534E-2 2.96788E-2 3.62831E-2 3.25506E-2 3.72255E-2 3.8784E-2 4.10682E-2 4.02648E-2 3.55309E-2 3.9095E-2 3.56321E-2 3.67827E-2 3.96614E-2 3.98464E-2 4.24081E-2 3.18666E-2 3.21038E-2 2.60018E-2 2.71276E-2 3.33789E-2 2.98284E-2 2.97324E-2 2.51851E-2 2.60446E-2 2.67672E-2 2.66825E-2 3.29674E-2 2.3951E-2 2.37815E-2 2.30868E-2 2.45952E-2 2.30843E-2 2.23175E-2 2.72511E-2 2.1792E-2 2.16722E-2 2.3347E-2 2.43112E-2 2.31881E-2 2.24836E-2 2.4654E-2 2.45092E-2 2.60613E-2 2.72239E-2 2.52321E-2 2.58669E-2 2.44337E-2 2.92101E-2 2.72266E-2 2.44061E-2 2.45569E-2 2.51258E-2 2.69081E-2 2.53904E-2 2.56991E-2 2.44093E-2 2.58876E-2
4.42253E-2 4.14623E-2 3.58964E-2 3.45653E-2 4.10294E-2 3.56124E-2 3.69535E-2 2.79702E-2 3.17583E-2 3.29032E-2 3.15636E-2 3.40283E-2 3.45634E-2 3.71071E-2 3.57884E-2 3.65109E-2 3.5187E-2 4.15304E-2 4.2194E-2 3.55128E-2 3.3206E-2 3.15777E-2 2.87195E-2 2.73343E-2 2.69702E-2 3.51188E-2 2.51977E-2 2.85198E-2 2.52061E-2 2.61164E-2 3.16932E-2 2.83506E-2 2.71196E-2 2.76322E-2 2.84465E-2 2.84057E-2 2.38745E-2 2.23494E-2 2.30417E-2 2.35205E-2 2.31672E-2 2.34423E-2 2.53867E-2 2.39657E-2 2.58635E-2 2.6126E-2 2.51039E-2 2.58184E-2 2.71838E-2 2.61278E-2 2.66877E-2 2.79407E-2 2.55359E-2 2.57389E-2 2.4314E-2 2.54847E-2 2.50168E-2 2.52815E-2 2.63023E-2 2.6373E-2 2.78822E-2
4.3045E-2 3.98795E-2 3.63499E-2 3.82378E-2 3.90288E-2 3.90297E-2 4.00255E-2 3.93351E-2 3.23024E-2 3.33855E-2 3.9939E-2 4.00394E-2 3.63435E-2 3.44265E-2 3.92692E-2 4.38118E-2 4.03897E-2 3.84613E-2 5.61028E-2 3.70594E-2 3.27064E-2 3.15638E-2 3.09598E-2 3.59119E-2 3.21988E-2 3.35155E-2 3.17377E-2 2.73183E-2 3.28849E-2 2.66821E-2 2.8546E-2 2.70613E-2 3.07956E-2 2.77477E-2 2.82111E-2 3.42453E-2 2.45979E-2 2.25375E-2 2.31484E-2 2.55619E-2 2.5612E-2 2.34789E-2 2.9105E-2 2.49665E-2 2.79199E-2 2.68594E-2 2.71766E-2 2.66131E-2 2.61108E-2 2.77494E-2 3.31543E-2 2.58891E-2 2.66892E-2 2.56394E-2 2.73259E-2 2.71228E-2 2.54336E-2 2.66884E-2 2.66232E-2 2.63407E-2 2.66894E-2
6.26961E-2 4.31056E-2 3.98263E-2 3.50858E-2 3.99684E-2 3.95529E-2 3.84096E-2 3.93702E-2 3.50519E-2 3.73917E-2 3.76405E-2 3.3489E-2 3.38863E-2 4.23363E-2 4.08878E-2 4.31454E-2 3.94941E-2 3.46514E-2 6.53062E-2 3.56179E-2 3.33828E-2 3.61515E-2 3.59431E-2 3.15255E-2 2.94583E-2 3.06874E-2 3.6527E-2 3.80669E-2 3.29694E-2 2.9718E-2 2.55656E-2 2.69164E-2 3.32884E-2 3.37464E-2 2.99721E-2 2.88496E-2 2.64744E-2 2.48598E-2 2.30503E-2 2.69478E-2 2.59687E-2 2.61185E-2 2.63182E-2 2.73622E-2 2.81119E-2 2.71736E-2 2.59863E-2 2.68985E-2 2.68711E-2 2.85058E-2 2.6778E-2 2.53914E-2 2.6943E-2 2.58637E-2 2.58645E-2 2.60479E-2 2.63965E-2 2.71764E-2 2.65716E-2 2.64387E-2 2.68575E-2
5.52918E-2 4.25225E-2 4.59239E-2 3.68372E-2 3.93859E-2 3.82253E-2 4.0866E-2 3.84273E-2 4.12992E-2 4.03529E-2 3.7977E-2 3.60559E-2 3.7988E-2 4.20955E-2 4.2973E-2 4.18229E-2 4.14544E-2 4.12677E-2 3.69111E-2 3.72859E-2 3.82722E-2 3.85516E-2 3.66778E-2 3.67342E-2 3.21289E-2 2.96811E-2 3.77625E-2 3.91713E-2 3.77929E-2 3.2382E-2 3.58147E-2 3.22573E-2 3.33107E-2 3.71963E-2 3.68101E-2 5.74793E-2 3.54471E-2 3.15179E-2 2.80834E-2 2.67535E-2 2.61527E-2 2.70497E-2 2.87859E-2 2.86011E-2 2.81287E-2 2.72422E-2 2.6592E-2 2.77078E-2 2.69055E-2 2.69865E-2 2.66893E-2 2.68693E-2 2.79847E-2 2.66238E-2 2.61251E-2 2.63839E-2 2.65725E-2 2.76282E-2 2.77862E-2 2.82838E-2 2.79979E-2
4.75377E-2 3.94115E-2 3.66068E-2 3.74624E-2 4.11255E-2 4.1993E-2 3.5817E-2 6.021E-2 6.26802E-2 4.17246E-2 3.78406E-2 4.05104E-2 6.16363E-2 4.92695E-2 4.86579E-2 3.816E-2 4.33623E-2 4.07671E-2 4.6652E-2 4.46882E-2 3.92423E-2 3.88919E-2 3.47566E-2 4.12359E-2 3.46157E-2 2.8811E-2 3.34847E-2 3.72288E-2 3.82712E-2 4.12642E-2 3.7746E-2 3.75403E-2 4.75827E-2 3.72988E-2 3.23476E-2 3.63294E-2 5.21701E-2 3.43763E-2 2.90867E-2 3.09338E-2 2.85424E-2 2.81848E-2 2.82921E-2 2.70091E-2 2.88799E-2 2.71127E-2 2.71689E-2 2.88501E-2 2.84755E-2 2.61527E-2 2.73892E-2 2.6015E-2 2.70384E-2 2.68123E-2 2.64167E-2 2.72363E-2 2.78183E-2 2.82295E-2 2.7408E-2 2.94411E-2 3.01023E-2
4.54445E-2 3.85288E-2 3.91728E-2 4.07078E-2 4.01776E-2 3.84605E-2 4.49946E-2 4.38251E-2 4.33891E-2 4.20114E-2 4.0041E-2 3.8187E-2 4.46118E-2 4.71179E-2 4.64367E-2 5.03432E-2 4.49371E-2 4.56821E-2 4.62165E-2 4.18982E-2 4.25847E-2 3.82066E-2 4.00428E-2 4.24711E-2 3.8199E-2 3.36241E-2 3.2701E-2 3.28705E-2 4.059E-2 4.31252E-2 2.8535E-2 3.95857E-2 3.91302E-2 3.4862E-2 3.87731E-2 5.1831E-2 3.15246E-2 2.85409E-2 2.76942E-2 3.17257E-2 2.98708E-2 3.03962E-2 2.96303E-2 3.04747E-2 3.13293E-2 2.87315E-2 3.02513E-2 2.82674E-2 2.90986E-2 2.83665E-2 2.80194E-2 2.87281E-2 2.8018E-2 2.85562E-2 2.80854E-2 2.92932E-2 2.90405E-2 2.90549E-2 2.88897E-2 2.91955E-2 2.96148E-2
4.65099E-2 3.9278E-2 4.29409E-2 4.48176E-2 4.29069E-2 4.06601E-2 4.43755E-2 4.37756E-2 4.27323E-2 4.5626E-2 4.6585E-2 4.20075E-2 3.82732E-2 4.51436E-2 4.51437E-2 4.6926E-2 4.21965E-2 3.77907E-2 3.61056E-2 4.46578E-2 3.5122E-2 3.46977E-2 4.02324E-2 4.3226E-2 4.29409E-2 4.10349E-2 4.18872E-2 5.61387E-2 3.36204E-2 6.29831E-2 3.94146E-2 4.02626E-2 3.78665E-2 3.42523E-2 3.98747E-2 4.4522E-2 3.99139E-2 2.81462E-2 3.0148E-2 3.22652E-2 3.22072E-2 3.57221E-2 2.86389E-2 3.04931E-2 3.01448E-2 2.85686E-2 2.85136E-2 3.07351E-2 2.90474E-2 2.95941E-2 2.84144E-2 2.88872E-2 2.89738E-2 2.8086E-2 3.01045E-2 2.95543E-2 2.89457E-2 2.98107E-2 3.01483E-2 2.91667E-2 2.98014E-2
4.56225E-2 4.98316E-2 4.35953E-2 4.22345E-2 3.93365E-2 4.16795E-2 4.71171E-2 4.64049E-2 4.21894E-2 5.00365E-2 4.8227E-2 4.62551E-2 4.86104E-2 5.01963E-2 5.00515E-2 4.81934E-2 8.64077E-2 4.15108E-2 3.60845E-2 4.69721E-2 3.92327E-2 3.81115E-2 3.86712E-2 3.77552E-2 3.38258E-2 3.80563E-2 5.39279E-2 7.94115E-2 8.93677E-2 6.70084E-2 4.16057E-2 4.35425E-2 3.99922E-2 3.92363E-2 3.92918E-2 5.33047E-2 3.1585E-2 2.91238E-2 2.92875E-2 3.03464E-2 3.28818E-2 3.54684E-2 3.24594E-2 2.89528E-2 3.08876E-2 3.09362E-2 3.05639E-2 2.99835E-2 3.0893E-2 3.14983E-2 2.9729E-2 2.89265E-2 2.91016E-2 3.06359E-2 2.98904E-2 2.9974E-2 3.15087E-2 2.98289E-2 3.01911E-2 3.0296E-2 3.17959E-2
6.28052E-2 5.00249E-2 5.11904E-2 4.56143E-2 4.63929E-2 4.33439E-2 4.69663E-2 4.53154E-2 4.6469E-2 5.21638E-2 4.94086E-2 4.91914E-2 5.25853E-2 4.63376E-2 4.64229E-2 4.82007E-2 8.28003E-2 4.63806E-2 3.95306E-2 4.60254E-2 4.76107E-2 4.35751E-2 5.07649E-2 4.04112E-2 3.35268E-2 4.06137E-2 6.76732E-2 7.18852E-2 9.24279E-2 4.71291E-2 3.89294E-2 4.23787E-2 3.94824E-2 3.80077E-2 3.74588E-2 3.21982E-2 3.21249E-2 3.69401E-2 3.12431E-2 3.10849E-2 3.65092E-2 3.41509E-2 3.46028E-2 3.24208E-2 3.18474E-2 3.02785E-2 3.07072E-2 3.18166E-2 3.31926E-2 3.18085E-2 2.97287E-2 3.04692E-2 3.03951E-2 3.15727E-2 3.08372E-2 3.00248E-2 3.29087E-2 3.19317E-2 3.09511E-2 3.10812E-2 3.31071E-2
8.19918E-2 5.51571E-2 4.84773E-2 4.93669E-2 4.96942E-2 4.85962E-2 4.66922E-2 6.16519E-2 4.36032E-2 5.39953E-2 5.13488E-2 4.72978E-2 4.87989E-2 5.74309E-2 5.47553E-2 5.12426E-2 4.8667E-2 4.02778E-2 3.95146E-2 3.964E-2 4.21083E-2 3.94375E-2 4.91755E-2 3.79581E-2 3.81077E-2 4.62311E-2 4.47525E-2 4.46588E-2 4.50055E-2 4.8817E-2 4.2097E-2 4.10764E-2 5.44651E-2 3.75523E-2 3.6106E-2 3.66952E-2 3.72944E-2 3.40498E-2 3.13867E-2 3.0319E-2 3.51497E-2 3.11217E-2 3.05532E-2 3.15504E-2 3.34818E-2 3.20655E-2 3.16552E-2 3.43738E-2 3.4215E-2 3.27256E-2 3.14732E-2 3.35267E-2 3.31458E-2 3.06883E-2 3.02463E-2 3.08319E-2 3.08787E-2 3.17443E-2 3.15251E-2 3.2091E-2 3.332E-2
5.23369E-2 5.42757E-2 5.90148E-2 4.76916E-2 5.04424E-2 5.04908E-2 5.75159E-2 5.21606E-2 4.6006E-2 4.82773E-2 5.09154E-2 4.77579E-2 5.62621E-2 5.58023E-2 5.30679E-2 4.48733E-2 5.21806E-2 4.50276E-2 4.84865E-2 4.5212E-2 4.41051E-2 4.00331E-2 4.54616E-2 4.42753E-2 4.76777E-2 5.79721E-2 5.47465E-2 7.61914E-2 1.06364E-1 6.19941E-2 4.61951E-2 4.5955E-2 4.83624E-2 3.5111E-2 4.11779E-2 4.15751E-2 3.44784E-2 3.48694E-2 3.05443E-2 3.37209E-2 3.21319E-2 2.91033E-2 2.97653E-2 3.09061E-2 3.17909E-2 3.42014E-2 3.52715E-2 3.31411E-2 3.44055E-2 3.39509E-2 3.30128E-2 3.36193E-2 3.3313E-2 3.31117E-2 3.26619E-2 3.19177E-2 3.14672E-2 3.25262E-2 3.295E-2 3.32683E-2 3.40632E-2
5.27879E-2 6.90292E-2 5.56281E-2 5.21282E-2 5.61005E-2 1.01963E-1 5.29875E-2 5.68273E-2 5.09676E-2 5.7879E-2 5.7287E-2 4.7849E-2 5.4942E-2 5.64313E-2 4.86036E-2 5.04331E-2 5.39518E-2 5.0289E-2 4.63864E-2 4.83773E-2 4.74279E-2 4.94582E-2 4.68616E-2 4.48133E-2 4.62619E-2 4.53671E-2 4.52473E-2 6.42966E-2 1.15949E-1 8.94549E-2 5.92274E-2 9.20281E-2 5.2295E-2 3.79311E-2 3.78611E-2 4.19261E-2 3.44259E-2 3.38656E-2 3.47506E-2 3.11167E-2 3.30849E-2 3.26867E-2 3.05528E-2 3.06831E-2 3.34708E-2 3.45507E-2 3.46538E-2 3.61992E-2 3.3092E-2 3.25321E-2 3.50095E-2 3.26153E-2 3.47812E-2 3.39851E-2 3.28901E-2 3.14301E-2 3.21938E-2 3.21377E-2 3.38379E-2 3.28102E-2 3.49857E-2
6.79509E-2 5.59221E-2 5.57336E-2 5.97851E-2 6.53319E-2 7.74714E-2 5.45556E-2 6.15892E-2 5.77389E-2 5.74143E-2 5.37142E-2 5.0942E-2 5.56226E-2 5.12437E-2 5.55627E-2 5.27553E-2 5.08466E-2 4.95538E-2 4.62629E-2 5.17709E-2 5.00089E-2 5.26632E-2 5.00802E-2 4.75542E-2 4.77223E-2 4.50636E-2 4.96506E-2 4.06427E-2 6.66913E-2 9.82185E-2 5.85591E-2 8.42735E-2 5.10154E-2 4.38315E-2 4.14049E-2 3.75725E-2 4.09842E-2 4.04489E-2 3.82484E-2 3.35533E-2 3.23517E-2 3.36588E-2 3.56289E-2 3.30727E-2 3.18888E-2 3.43611E-2 3.95635E-2 3.96027E-2 4.00515E-2 3.54896E-2 3.66298E-2 3.52278E-2 3.41962E-2 3.44993E-2 3.30528E-2 3.28065E-2 3.28052E-2 3.37642E-2 3.62205E-2 3.51252E-2 3.58395E-2
