Candidate_Models_July82022/M_2_F_lqp_Set_1_cal/Bison.asc
ncols         290
nrows         380
xllcorner     -2197417.7431653
yllcorner     -584827.01486885
cellsize      10000.0
NODATA_value  -9999
[rows 162 to 188 of 380, columns 0 to 60 of 290]
-9999 -9999 -9999 -9999 -9999 -9999 -9999 -9999 -9999 -9999 -9999 -9999 -9999 -9999 2.43282E-2 1.8881E-2 -9999 2.06558E-2 1.78782E-2 7.76695E-3 1.53991E-2 2.75713E-2 3.46879E-2 2.29898E-2 1.6988E-2 -9999 2.24911E-2 3.05139E-4 6.77619E-4 4.08445E-3 1.31932E-2 3.92934E-3 3.18621E-3 6.95361E-3 0E0 1.29742E-1 4.80653E-2 1.95018E-2 1.43882E-2 4.46711E-2 1.04138E-1 3.46766E-2 7.72393E-2 7.4649E-2 3.83368E-2 4.12195E-2 8.91201E-2 9.65526E-2 1.20631E-1 7.20099E-2 8.45903E-2 1.05942E-1 1.78842E-1 1.42564E-1 7.88928E-2 1.14179E-1 8.13089E-2 1.22638E-1 8.03882E-2 9.43546E-2 1.08147E-1
-9999 -9999 -9999 -9999 -9999 -9999 -9999 -9999 -9999 -9999 -9999 -9999 -9999 -9999 -9999 -9999 -9999 2.3801E-2 1.08752E-2 5.26803E-3 1.94989E-2 -9999 -9999 -9999 -9999 -9999 1.86935E-2 2.55265E-3 3.79828E-3 3.33921E-3 3.66054E-3 1.10434E-3 0E0 8.11368E-3 1.14483E-2 1.21075E-1 2.36117E-2 4.60169E-3 1.03433E-2 1.15711E-1 3.11064E-2 1.16733E-1 1.18334E-1 7.01366E-2 5.75416E-2 3.23836E-2 5.42253E-2 4.29411E-2 5.6988E-2 1.01838E-1 6.86757E-2 9.49958E-2 9.98272E-2 1.68237E-1 1.09221E-1 5.73482E-2 1.26419E-1 1.06711E-1 1.1645E-1 8.80102E-2 8.18862E-2
-9999 -9999 -9999 -9999 -9999 -9999 -9999 -9999 -9999 -9999 -9999 -9999 -9999 -9999 -9999 1.53282E-2 -9999 3.15466E-2 1.18634E-2 3.82846E-3 2.31817E-3 1.13874E-3 -9999 -9999 -9999 4.18692E-3 8.54666E-3 3.38496E-3 2.87332E-3 9.38514E-3 1.65235E-2 3.15736E-3 9.40904E-4 1.29505E-2 0E0 1.27778E-2 1.26535E-2 9.39127E-3 1.31407E-1 1.86407E-1 5.13059E-2 5.69755E-2 1.29066E-1 2.36122E-2 1.19456E-2 8.07503E-2 2.53414E-2 4.97824E-2 5.38018E-2 6.0081E-2 3.02906E-2 9.97243E-2 1.06215E-1 9.39106E-2 6.26999E-2 1.30233E-1 1.02575E-1 9.83338E-2 7.61793E-2 7.36248E-2 9.53877E-2
-9999 -9999 -9999 -9999 -9999 -9999 -9999 -9999 -9999 -9999 -9999 -9999 -9999 -9999 -9999 1.36047E-2 -9999 1.46833E-2 -9999 4.05631E-3 4.5778E-3 -9999 -9999 -9999 8.5553E-3 2.22159E-3 -9999 6.53968E-3 6.50278E-5 1.76822E-3 -9999 4.67059E-3 9.65401E-4 8.81799E-3 0E0 2.96885E-2 5.98291E-3 9.03901E-2 2.43862E-1 2.46709E-1 5.40252E-2 8.72787E-2 1.25092E-1 3.45926E-2 6.88227E-2 3.84581E-2 8.39585E-2 5.25104E-2 7.80086E-2 5.43725E-2 9.23989E-2 6.89509E-2 7.42211E-2 7.26358E-2 1.56271E-1 8.49446E-2 1.28665E-1 7.2092E-2 1.00428E-1 8.13614E-2 9.02945E-2
-9999 -9999 -9999 -9999 -9999 -9999 -9999 -9999 -9999 -9999 -9999 -9999 -9999 -9999 -9999 1.34278E-2 -9999 3.36276E-2 -9999 4.36563E-3 1.43688E-3 1.80015E-2 3.89145E-2 -9999 1.55258E-2 2.1385E-2 -9999 -9999 5.99149E-3 -9999 1.47093E-3 1.18642E-3 1.44885E-3 9.11418E-3 4.81535E-2 -9999 8.38548E-3 2.07208E-2 1.4623E-1 8.10881E-2 2.51269E-2 2.75673E-2 1.29308E-1 9.84951E-2 8.7493E-2 1.63067E-2 3.38912E-2 4.97534E-2 5.66326E-2 8.01307E-2 4.17313E-2 6.13903E-2 5.41672E-2 1.01628E-1 9.16975E-2 1.98033E-1 1.39811E-1 1.12131E-1 1.71179E-1 9.52316E-2 1.10466E-1
-9999 -9999 -9999 -9999 -9999 -9999 -9999 -9999 -9999 -9999 -9999 -9999 -9999 -9999 -9999 1.77545E-2 4.09322E-2 -9999 -9999 1.32773E-2 1.11065E-2 2.97898E-2 -9999 4.58868E-2 -9999 2.25652E-2 3.08454E-2 1.02919E-2 2.81104E-2 -9999 2.22185E-5 3.79579E-3 1.78858E-3 1.28803E-2 1.36561E-2 2.81727E-3 3.07132E-2 9.17814E-3 2.22497E-2 8.93865E-3 5.65367E-3 4.08211E-2 1.44076E-1 1.55952E-1 4.82322E-2 1.1244E-2 3.59782E-2 4.88E-2 4.29988E-2 1.39616E-1 5.83923E-2 5.7176E-2 7.38394E-2 9.16707E-2 7.70996E-2 6.68111E-2 1.63969E-1 9.07393E-2 1.01965E-1 8.93053E-2 1.04404E-1
-9999 -9999 -9999 -9999 -9999 -9999 -9999 -9999 -9999 -9999 -9999 -9999 -9999 -9999 -9999 3.17573E-2 -9999 -9999 -9999 1.53494E-2 2.85443E-2 3.2792E-2 -9999 -9999 3.64825E-2 8.92673E-3 -9999 -9999 -9999 0E0 -9999 7.36975E-4 5.74749E-4 8.50747E-3 9.2489E-3 4.56646E-3 3.63307E-2 1.39395E-2 6.6552E-3 6.04777E-2 1.65309E-2 7.04376E-2 8.6114E-2 1.29526E-1 1.01722E-1 1.62368E-2 3.4814E-2 6.57255E-2 5.62967E-2 1.35081E-1 7.94472E-2 6.00854E-2 4.07853E-2 1.06619E-1 9.80534E-2 1.12931E-1 1.33996E-1 1.60611E-1 1.35618E-1 9.31476E-2 9.84816E-2
-9999 -9999 -9999 -9999 -9999 -9999 -9999 -9999 -9999 -9999 -9999 -9999 -9999 -9999 -9999 2.76054E-2 -9999 -9999 -9999 2.57599E-2 2.16787E-2 -9999 -9999 -9999 3.03747E-2 -9999 0E0 4.73634E-2 1.06383E-2 4.96532E-3 1.53579E-4 3.33906E-4 6.1928E-4 7.20781E-3 -9999 2.05588E-2 -9999 1.24256E-2 1.63883E-2 6.05437E-3 9.74596E-3 7.93373E-2 1.45359E-2 1.14211E-1 5.03161E-2 9.03615E-2 5.94938E-2 6.74063E-2 1.02562E-1 6.95871E-2 9.07712E-2 7.05924E-2 7.21863E-2 1.73492E-1 1.02041E-1 1.17144E-1 1.35909E-1 1.33708E-1 1.09703E-1 1.00292E-1 1.08277E-1
-9999 -9999 -9999 -9999 -9999 -9999 -9999 -9999 -9999 -9999 -9999 -9999 -9999 -9999 -9999 -9999 -9999 -9999 4.27241E-2 2.29034E-2 1.30217E-2 -9999 -9999 -9999 4.49403E-2 -9999 -9999 -9999 1.91511E-2 -9999 5.67469E-4 1.2456E-3 2.2741E-3 3.04707E-3 -9999 2.40529E-2 2.57304E-2 3.01393E-3 3.59027E-3 3.78672E-3 7.76749E-3 7.09928E-2 9.65093E-2 9.29574E-2 8.29303E-2 1.06313E-1 1.35695E-1 1.03242E-1 3.82985E-2 5.92193E-2 1.32351E-1 6.22567E-2 7.14157E-2 1.19444E-1 5.14488E-2 9.64367E-2 1.30282E-1 1.43674E-1 9.72367E-2 9.4605E-2 1.12545E-1
-9999 -9999 -9999 -9999 -9999 -9999 -9999 -9999 -9999 -9999 -9999 -9999 -9999 -9999 -9999 -9999 -9999 -9999 -9999 -9999 -9999 -9999 -9999 -9999 -9999 4.15832E-2 -9999 3.73452E-2 8.5596E-3 3.87959E-3 1.4314E-3 1.19469E-3 2.45988E-3 1.19671E-2 3.19447E-3 1.62525E-2 3.76047E-3 7.00601E-2 1.30469E-2 9.6119E-3 7.03611E-2 5.50315E-2 2.36917E-2 1.92777E-2 2.75821E-2 3.85356E-2 1.56094E-1 1.7797E-1 4.95503E-2 1.32763E-1 1.13727E-1 5.89874E-2 7.5908E-2 6.96088E-2 6.66297E-2 1.01668E-1 1.51748E-1 1.66923E-1 1.69598E-1 9.57595E-2 1.1888E-1
-9999 -9999 -9999 -9999 -9999 -9999 -9999 -9999 -9999 -9999 -9999 -9999 -9999 -9999 -9999 -9999 -9999 -9999 -9999 -9999 -9999 -9999 -9999 -9999 -9999 -9999 -9999 1.80024E-2 7.73735E-3 6.79466E-3 6.77464E-4 3.2454E-3 2.22457E-2 1.01277E-2 1.12398E-2 3.05024E-3 1.1059E-2 1.86384E-1 2.25285E-2 5.20295E-2 6.4166E-2 1.43778E-2 2.36517E-2 1.57674E-2 1.16018E-2 8.88949E-2 7.1494E-2 1.57102E-1 1.37484E-1 2.87451E-2 8.07247E-2 4.9024E-2 8.28601E-2 8.53014E-2 9.40663E-2 8.6505E-2 9.6347E-2 1.57541E-1 1.56808E-1 1.25045E-1 7.94114E-2
-9999 -9999 -9999 -9999 -9999 -9999 -9999 -9999 -9999 -9999 -9999 -9999 -9999 -9999 -9999 -9999 -9999 -9999 -9999 -9999 -9999 -9999 -9999 -9999 -9999 -9999 -9999 2.27767E-2 1.32778E-2 1.20126E-2 4.17599E-3 4.04413E-3 2.8882E-2 9.03335E-3 1.74584E-3 5.48716E-3 6.29458E-3 4.59855E-2 6.70246E-2 6.17387E-2 1.35803E-2 2.02317E-2 1.45879E-2 6.77902E-3 2.78197E-2 1.69488E-1 4.84349E-2 1.23349E-1 1.77093E-1 3.01797E-2 4.49002E-2 1.05876E-1 1.10247E-1 9.70705E-2 1.07811E-1 6.5007E-2 8.78124E-2 1.73216E-1 1.28151E-1 5.25612E-2 1.41687E-1
-9999 -9999 -9999 -9999 -9999 -9999 -9999 -9999 -9999 -9999 -9999 4.24288E-2 -9999 -9999 -9999 -9999 -9999 -9999 -9999 -9999 -9999 -9999 -9999 -9999 -9999 -9999 -9999 -9999 -9999 2.06971E-2 2.15586E-2 -9999 1.23609E-2 1.71345E-2 -9999 3.27777E-2 2.23245E-2 1.07854E-2 1.03147E-2 4.00284E-2 3.70013E-2 2.18546E-2 2.21788E-2 2.17129E-2 5.1053E-2 1.14183E-1 6.05788E-2 1.16161E-1 1.31363E-1 4.90856E-2 5.78135E-2 5.9901E-2 6.59437E-2 8.55406E-2 9.12189E-2 9.28074E-2 5.85639E-2 1.32294E-1 1.44361E-1 6.30227E-2 7.94594E-2
-9999 -9999 -9999 -9999 -9999 -9999 -9999 -9999 -9999 -9999 -9999 2.74341E-2 3.77405E-2 5.18185E-2 -9999 -9999 -9999 -9999 -9999 -9999 -9999 -9999 -9999 -9999 -9999 -9999 -9999 -9999 -9999 -9999 1.23723E-2 1.49157E-3 1.02883E-3 5.10956E-4 1.90214E-3 1.98394E-3 6.88878E-3 5.94165E-3 1.15438E-2 2.40166E-2 2.73625E-2 2.25616E-2 3.50037E-2 1.98412E-2 1.07002E-2 1.54429E-1 8.53637E-2 8.73612E-2 1.56105E-1 6.37904E-2 3.35338E-2 5.96239E-2 8.99914E-2 6.48093E-2 1.25548E-1 1.35763E-1 5.84084E-2 1.16877E-1 1.75694E-1 1.3457E-1 9.35003E-2
-9999 -9999 -9999 -9999 -9999 -9999 -9999 -9999 -9999 -9999 2.37491E-2 1.46403E-2 2.24447E-2 4.34533E-2 -9999 -9999 -9999 -9999 -9999 -9999 -9999 -9999 -9999 -9999 -9999 -9999 -9999 -9999 -9999 1.36598E-2 4.79973E-4 8.73979E-4 8.25564E-4 9.05386E-3 6.15275E-3 6.01298E-3 3.35739E-2 1.09632E-2 1.24841E-2 2.86244E-2 1.92239E-2 2.87766E-2 3.46956E-2 2.99039E-2 7.50354E-2 1.25154E-1 1.84325E-1 1.73426E-1 1.31661E-1 5.72302E-2 8.74068E-2 6.14051E-2 5.2524E-2 8.13274E-2 1.16816E-1 1.57052E-1 7.2066E-2 1.03011E-1 1.57382E-1 8.74896E-2 7.33755E-2
-9999 -9999 -9999 -9999 -9999 -9999 -9999 -9999 -9999 4.51296E-2 1.27806E-2 3.12586E-2 -9999 3.86653E-2 4.89753E-2 5.07866E-2 -9999 -9999 -9999 -9999 -9999 -9999 -9999 -9999 -9999 -9999 -9999 -9999 3.09988E-2 6.39392E-3 3.4129E-4 3.71232E-3 4.04763E-3 1.11008E-3 3.0292E-3 2.66639E-2 3.68189E-2 9.8061E-3 1.56132E-2 5.06943E-2 3.13706E-2 2.5669E-2 8.94505E-2 7.02806E-2 7.01615E-2 1.04972E-1 1.55789E-1 7.26584E-2 4.89107E-2 8.09397E-2 3.34743E-2 4.98783E-2 6.15052E-2 8.52814E-2 1.16571E-1 1.19746E-1 8.47304E-2 1.21546E-1 1.60666E-1 1.24114E-1 1.01772E-1
-9999 -9999 -9999 -9999 -9999 -9999 -9999 -9999 -9999 -9999 1.53691E-2 4.53145E-2 2.8796E-2 3.89825E-2 8.98927E-2 9.3439E-2 -9999 -9999 -9999 -9999 -9999 -9999 -9999 -9999 -9999 -9999 -9999 5.90027E-2 2.6734E-2 1.21309E-2 3.62535E-3 5.87036E-4 7.47008E-3 1.02405E-2 1.45269E-2 4.70895E-2 2.70551E-2 1.27487E-2 6.60091E-3 6.67013E-2 1.9678E-2 3.62628E-2 2.8552E-2 1.818E-2 1.98356E-2 4.86062E-2 1.01505E-1 5.36414E-2 6.31146E-2 7.85217E-2 4.96734E-2 5.90526E-2 5.49227E-2 1.09929E-1 1.37847E-1 1.26058E-1 7.5963E-2 1.35036E-1 1.29886E-1 9.20749E-2 1.16246E-1
-9999 -9999 -9999 -9999 -9999 -9999 -9999 -9999 -9999 -9999 1.71792E-2 2.43926E-2 2.38245E-2 4.90205E-2 8.63849E-2 -9999 1.72751E-1 6.94793E-2 5.94166E-2 -9999 -9999 -9999 -9999 -9999 -9999 -9999 -9999 -9999 2.01443E-2 1.03858E-2 5.93959E-4 1.0586E-3 1.28399E-2 1.38908E-2 6.39838E-2 3.07207E-2 1.02925E-1 3.10626E-2 3.3451E-2 1.32575E-2 1.87509E-2 2.12808E-2 5.10634E-2 3.58161E-2 2.15678E-2 2.56103E-2 1.07475E-1 5.50819E-2 1.18252E-1 6.9897E-2 4.4668E-2 7.14368E-2 1.04784E-1 1.17113E-1 1.20879E-1 1.44858E-1 1.16495E-1 1.36586E-1 5.94913E-2 1.16773E-1 7.51933E-2
-9999 -9999 -9999 -9999 -9999 -9999 -9999 -9999 -9999 3.17445E-2 1.12743E-2 -9999 -9999 -9999 6.64088E-2 1.3559E-1 9.61911E-2 -9999 -9999 -9999 -9999 -9999 -9999 -9999 -9999 -9999 -9999 -9999 7.74348E-3 7.49265E-4 4.88237E-3 8.80992E-4 8.02113E-3 7.29387E-3 3.52967E-2 2.48651E-2 2.59878E-2 5.61854E-3 1.0792E-2 2.76477E-2 3.14613E-2 6.09E-2 3.0996E-2 4.00222E-2 5.23286E-2 4.65796E-2 7.24301E-2 1.09199E-1 1.40236E-1 8.14948E-2 5.61182E-2 6.12325E-2 1.21597E-1 1.5011E-1 1.0657E-1 1.33456E-1 1.46042E-1 1.2975E-1 6.85803E-2 1.1656E-1 1.35258E-1
-9999 -9999 -9999 -9999 -9999 -9999 -9999 -9999 -9999 1.33217E-2 1.83298E-2 2.36703E-2 -9999 -9999 8.98142E-2 7.65028E-2 -9999 -9999 -9999 -9999 -9999 -9999 -9999 -9999 -9999 -9999 -9999 -9999 1.48864E-2 1.05119E-2 3.09832E-3 3.2099E-3 1.59733E-3 5.86888E-3 1.27851E-2 1.43682E-2 6.89122E-3 5.91054E-3 4.38912E-2 7.10849E-2 6.22919E-2 2.33926E-2 4.13104E-2 7.8517E-2 1.35296E-2 4.71857E-2 6.19273E-2 2.34827E-2 1.14438E-1 9.03109E-2 5.72004E-2 6.14372E-2 1.36137E-1 1.05212E-1 1.31526E-1 1.4834E-1 1.32507E-1 1.10173E-1 1.61359E-1 1.23075E-1 8.07579E-2
-9999 -9999 -9999 -9999 -9999 -9999 -9999 -9999 -9999 -9999 1.5887E-2 1.63941E-2 2.2704E-2 4.95825E-2 6.97685E-2 5.61545E-2 -9999 -9999 -9999 -9999 -9999 -9999 -9999 -9999 -9999 5.94124E-2 2.00452E-2 -9999 -9999 3.58536E-2 2.83483E-3 1.43904E-3 8.82828E-3 2.03043E-2 1.86804E-2 1.93721E-2 7.05334E-3 2.82104E-2 6.44921E-2 9.75137E-2 3.2866E-2 1.83489E-2 3.95079E-2 1.02394E-1 7.50952E-2 2.35434E-2 2.49835E-2 1.0404E-1 1.45133E-1 1.42511E-1 7.59049E-2 8.94404E-2 1.46204E-1 1.23656E-1 1.2058E-1 1.59482E-1 1.38301E-1 1.07872E-1 7.33266E-2 1.41254E-1 1.06618E-1
-9999 -9999 -9999 -9999 -9999 -9999 -9999 -9999 -9999 -9999 -9999 1.16341E-2 2.93686E-2 5.28294E-2 5.00262E-2 -9999 -9999 -9999 -9999 -9999 -9999 -9999 -9999 -9999 -9999 -9999 2.24186E-2 2.52513E-2 8.12369E-4 5.01726E-3 1.04353E-4 1.21715E-3 8.93938E-4 1.34161E-3 8.50142E-3 6.67823E-3 4.67395E-3 1.41501E-3 4.49497E-2 2.91257E-3 7.0021E-3 2.81569E-2 1.95586E-2 8.65419E-2 4.97683E-2 4.67399E-2 9.99934E-2 1.14818E-1 1.54128E-1 1.64844E-1 1.31616E-1 5.8858E-2 1.43735E-1 1.47118E-1 1.51735E-1 1.81215E-1 1.02813E-1 7.67912E-2 3.17926E-2 6.93842E-2 1.19241E-1
-9999 -9999 -9999 -9999 -9999 -9999 -9999 -9999 -9999 2.5008E-2 1.86898E-2 1.55247E-2 2.07129E-2 3.6406E-2 -9999 -9999 -9999 -9999 -9999 -9999 -9999 -9999 -9999 -9999 6.40582E-2 5.4625E-2 3.22903E-2 -9999 6.12749E-4 1.87251E-3 8.87167E-5 2.99793E-4 1.07904E-3 6.63005E-3 6.9179E-3 1.96184E-2 2.73279E-3 9.84695E-3 3.01852E-2 2.82205E-3 9.56417E-3 1.23985E-2 2.05351E-2 3.36905E-2 7.49133E-2 2.07444E-2 4.95093E-2 7.04866E-2 9.45221E-2 1.7961E-1 1.36913E-1 8.55674E-2 1.22516E-1 1.32714E-1 1.28019E-1 1.92957E-1 8.02412E-2 1.24393E-1 6.98503E-2 5.27151E-2 1.4113E-1
-9999 -9999 -9999 -9999 -9999 -9999 -9999 -9999 -9999 2.00897E-2 4.57266E-3 1.0787E-2 2.55084E-2 2.72719E-2 -9999 -9999 -9999 -9999 -9999 -9999 -9999 -9999 -9999 -9999 -9999 -9999 2.56102E-2 -9999 2.79008E-3 2.59494E-3 2.58868E-4 3.1484E-4 5.53101E-3 6.98055E-3 0E0 8.02741E-3 4.48204E-3 1.67045E-2 3.56735E-3 7.68577E-3 4.63933E-3 3.45535E-2 3.52836E-2 4.56858E-2 7.97396E-2 9.38957E-2 5.31309E-2 6.42822E-2 6.36917E-2 1.68963E-1 9.0166E-2 9.67181E-2 1.29502E-1 1.18768E-1 8.65653E-2 1.67724E-1 1.48482E-1 8.84849E-2 1.22531E-1 1.35226E-1 1.24776E-1
-9999 -9999 -9999 -9999 -9999 -9999 -9999 -9999 -9999 1.84955E-2 2.20751E-2 -9999 -9999 -9999 -9999 -9999 -9999 -9999 -9999 -9999 -9999 -9999 -9999 -9999 -9999 3.41745E-2 2.17916E-3 1.21442E-2 7.57887E-3 1.67627E-3 1.31698E-4 4.12751E-3 1.3689E-2 6.86365E-3 1.15644E-2 6.87339E-3 1.73232E-2 1.03891E-2 2.90121E-3 6.83116E-3 1.53942E-2 1.96563E-2 1.65459E-2 6.3215E-2 5.68002E-2 8.254E-2 7.4337E-2 6.98255E-2 5.25298E-2 1.76919E-1 1.01875E-1 1.32868E-1 1.42572E-1 8.18858E-2 9.32216E-2 1.22151E-1 1.45547E-1 1.68615E-1 1.34804E-1 1.64608E-1 1.6741E-1
-9999 -9999 -9999 -9999 -9999 -9999 -9999 -9999 -9999 -9999 9.98625E-3 1.78166E-2 9.63921E-3 2.46842E-2 -9999 -9999 -9999 -9999 -9999 -9999 -9999 -9999 -9999 1.09938E-1 5.72859E-2 3.6345E-2 2.73969E-2 7.83655E-4 1.64495E-2 1.17898E-3 2.75733E-4 4.74986E-4 -9999 4.20247E-3 2.79227E-3 8.46086E-3 3.05599E-2 1.66678E-3 3.14365E-3 5.27779E-3 1.16623E-2 2.77065E-2 2.77121E-2 8.24921E-2 1.06749E-1 1.36709E-1 9.24539E-2 8.50812E-2 1.34555E-1 1.92137E-1 2.24599E-1 1.59074E-1 1.73881E-1 1.26062E-1 9.58369E-2 1.25711E-1 1.63618E-1 1.61013E-1 1.0115E-1 9.84803E-2 1.32233E-1
-9999 -9999 -9999 -9999 -9999 -9999 -9999 -9999 -9999 -9999 -9999 6.40832E-3 2.88177E-2 3.08468E-2 -9999 -9999 -9999 -9999 -9999 -9999 -9999 -9999 -9999 -9999 3.99153E-2 -9999 -9999 8.7773E-4 1.3646E-2 4.21369E-4 3.2768E-3 1.02438E-3 1.66571E-3 8.31011E-3 4.42071E-2 -9999 3.76738E-3 3.07713E-3 3.52359E-3 7.23014E-3 4.05865E-2 1.56716E-2 3.10363E-2 2.44889E-2 7.77369E-2 1.13736E-1 1.60779E-1 1.39683E-1 1.64457E-1 9.37614E-2 1.16161E-1 9.81334E-2 1.71362E-1 1.84526E-1 1.445E-1 1.30567E-1 1.67777E-1 1.16569E-1 1.33626E-1 1.18646E-1 1.53504E-1
