Candidate_Models_July82022/M_2_F_lqp_Set_1_cal/Bison.asc
ncols         290
nrows         380
xllcorner     -2197417.7431653
yllcorner     -584827.01486885
cellsize      10000.0
NODATA_value  -9999
[rows 189 to 215 of 380, columns 0 to 60 of 290]
-9999 -9999 -9999 -9999 -9999 -9999 -9999 -9999 -9999 -9999 7.33813E-3 2.93015E-3 5.84115E-3 -9999 -9999 -9999 -9999 -9999 -9999 -9999 -9999 -9999 -9999 -9999 4.61432E-2 1.96159E-2 3.85795E-2 7.10539E-3 5.93862E-3 5.43735E-3 5.95677E-4 5.30011E-3 -9999 -9999 -9999 3.10524E-3 1.19335E-2 4.40305E-3 4.76528E-3 2.93891E-2 2.08963E-2 1.03499E-2 8.41407E-2 1.18643E-1 1.60789E-1 1.33966E-1 1.5779E-1 1.22503E-1 1.88999E-1 1.65782E-1 1.22324E-1 1.52201E-1 1.76261E-1 1.6715E-1 1.93668E-1 1.30725E-1 1.24327E-1 1.57945E-1 1.68376E-1 1.67919E-1 2.08676E-1
-9999 -9999 -9999 -9999 -9999 -9999 -9999 -9999 -9999 -9999 1.17706E-2 1.29597E-2 9.34634E-3 2.07807E-2 -9999 -9999 -9999 -9999 -9999 -9999 -9999 -9999 -9999 -9999 -9999 3.10905E-2 -9999 3.48013E-3 3.58707E-3 3.35539E-3 4.72376E-3 2.23459E-2 3.03982E-3 2.73696E-3 2.43179E-3 1.712E-3 8.05736E-3 5.87194E-3 6.26165E-3 5.4174E-2 5.65092E-2 5.10996E-2 3.81404E-2 7.31419E-2 7.44998E-2 1.0513E-1 1.33775E-1 7.12808E-2 1.55943E-1 1.86498E-1 1.52953E-1 1.20706E-1 1.08958E-1 1.21949E-1 2.00277E-1 1.50347E-1 1.23438E-1 1.52356E-1 1.07952E-1 1.07258E-1 1.27016E-1
-9999 -9999 -9999 -9999 -9999 -9999 -9999 -9999 -9999 -9999 1.63506E-2 4.15576E-3 1.96972E-2 -9999 -9999 -9999 -9999 -9999 -9999 -9999 -9999 -9999 -9999 -9999 -9999 2.28306E-2 -9999 1.48304E-2 1.23909E-2 9.08601E-3 1.73864E-2 3.32224E-3 -9999 -9999 -9999 7.62805E-4 1.07647E-2 1.88548E-2 3.10779E-2 3.12278E-2 5.8925E-2 2.85825E-2 7.3456E-2 2.46628E-2 1.98403E-2 1.09847E-1 1.2002E-1 1.54157E-1 1.87406E-1 1.827E-1 1.77044E-1 1.20975E-1 1.2713E-1 1.29409E-1 1.4502E-1 1.47413E-1 1.41731E-1 1.2829E-1 1.49592E-1 1.24169E-1 1.04172E-1
-9999 -9999 -9999 -9999 -9999 -9999 -9999 -9999 -9999 -9999 9.63485E-3 6.08015E-3 -9999 -9999 -9999 -9999 -9999 -9999 -9999 -9999 -9999 -9999 -9999 -9999 -9999 4.03802E-2 -9999 2.7978E-2 -9999 -9999 -9999 1.44324E-3 -9999 2.19572E-3 1.73808E-2 9.90409E-4 2.41355E-2 1.57658E-2 2.01917E-2 1.73122E-2 5.5944E-2 2.1174E-2 1.10899E-2 7.0712E-2 3.23339E-2 1.07073E-1 1.36806E-1 6.91397E-2 9.24151E-2 1.61165E-1 1.5444E-1 1.88203E-1 1.71926E-1 1.71091E-1 1.60594E-1 1.43079E-1 1.44683E-1 1.25642E-1 1.49967E-1 1.31037E-1 1.39645E-1
-9999 -9999 -9999 -9999 -9999 -9999 -9999 -9999 -9999 -9999 -9999 5.16702E-3 2.17445E-2 1.29811E-2 -9999 -9999 -9999 -9999 -9999 -9999 -9999 -9999 -9999 -9999 -9999 -9999 -9999 -9999 -9999 -9999 -9999 -9999 8.3187E-3 3.55292E-4 5.67693E-3 4.06832E-3 2.73536E-2 1.33362E-2 1.45113E-2 -9999 4.00432E-2 5.34256E-2 4.71067E-2 7.58432E-2 1.01261E-1 1.02193E-1 1.09194E-1 1.2566E-1 1.52196E-1 1.65378E-1 1.59682E-1 1.69686E-1 1.74994E-1 1.76546E-1 1.97647E-1 1.69631E-1 1.64769E-1 1.81385E-1 1.44824E-1 1.41162E-1 1.39288E-1
-9999 -9999 -9999 -9999 -9999 -9999 -9999 -9999 -9999 -9999 -9999 3.11414E-3 3.18842E-2 -9999 -9999 -9999 -9999 -9999 -9999 -9999 -9999 -9999 -9999 -9999 -9999 -9999 3.05424E-2 4.24591E-2 -9999 1.57953E-3 -9999 1.05012E-3 7.62744E-4 6.96459E-5 1.80661E-5 1.14779E-3 4.82173E-3 -9999 1.14483E-2 6.76249E-3 2.22456E-2 6.52778E-2 6.02399E-2 3.55811E-2 9.29543E-2 9.22856E-2 1.42826E-1 1.86093E-1 1.41975E-1 1.56086E-1 2.25999E-1 1.81832E-1 1.74062E-1 1.62823E-1 1.8031E-1 1.57282E-1 1.69518E-1 1.59094E-1 1.75961E-1 1.88977E-1 1.83944E-1
-9999 -9999 -9999 -9999 -9999 -9999 -9999 -9999 -9999 -9999 -9999 -9999 2.62971E-2 -9999 -9999 -9999 -9999 -9999 -9999 -9999 -9999 -9999 -9999 -9999 -9999 -9999 4.59573E-2 -9999 -9999 -9999 7.81666E-4 1.28636E-3 -9999 1.27947E-4 1.96195E-4 2.44248E-3 5.52516E-3 9.17777E-3 3.08177E-2 7.35244E-2 5.60669E-2 3.72894E-2 4.83938E-2 6.27785E-2 5.93903E-2 8.57152E-2 1.53728E-1 1.16063E-1 2.01442E-1 1.22202E-1 1.43522E-1 2.25685E-1 1.8063E-1 1.72711E-1 1.68526E-1 1.82281E-1 1.55491E-1 1.32999E-1 1.60506E-1 1.89819E-1 2.33136E-1
-9999 -9999 -9999 -9999 -9999 -9999 -9999 -9999 -9999 -9999 -9999 -9999 1.91801E-2 -9999 -9999 -9999 -9999 -9999 -9999 -9999 -9999 -9999 -9999 -9999 -9999 -9999 -9999 -9999 -9999 5.45143E-3 7.08352E-4 1.93174E-3 7.10412E-4 5.55194E-3 1.21567E-3 2.76305E-3 1.03575E-2 1.43416E-2 1.35362E-2 2.08973E-2 2.84275E-2 1.46693E-2 5.92458E-2 1.0108E-1 1.69086E-1 2.07275E-1 1.24792E-1 5.46762E-2 9.4041E-2 1.13818E-1 1.05732E-1 1.59982E-1 2.18312E-1 2.21766E-1 2.17253E-1 2.13964E-1 1.74123E-1 1.13628E-1 1.37348E-1 1.73087E-1 1.93197E-1
-9999 -9999 -9999 -9999 -9999 -9999 -9999 -9999 -9999 -9999 -9999 -9999 1.90354E-2 -9999 -9999 -9999 -9999 -9999 -9999 -9999 -9999 -9999 -9999 -9999 -9999 -9999 -9999 -9999 -9999 1.12954E-2 3.91021E-3 2.52339E-4 2.33345E-3 2.2751E-3 2.9212E-3 5.09578E-3 2.43215E-3 1.0497E-2 1.29035E-2 2.20902E-2 3.11251E-2 3.05927E-2 6.29621E-2 9.26789E-2 1.31611E-1 9.8839E-2 9.65858E-2 1.08334E-1 5.6485E-2 8.92278E-2 1.29636E-1 1.34969E-1 1.94277E-1 1.88186E-1 2.39523E-1 1.87344E-1 2.19123E-1 2.2513E-1 2.1684E-1 2.57318E-1 2.21344E-1
-9999 -9999 -9999 -9999 -9999 -9999 -9999 -9999 -9999 -9999 -9999 -9999 2.05364E-2 2.67776E-2 -9999 -9999 -9999 -9999 -9999 -9999 -9999 -9999 -9999 -9999 -9999 -9999 -9999 4.15371E-2 -9999 1.42057E-2 4.71827E-4 6.04991E-3 1.04602E-3 1.1615E-3 1.25886E-4 1.77037E-2 2.18537E-2 9.91094E-3 7.23828E-3 8.37784E-3 1.05603E-2 2.60551E-2 3.58335E-2 4.00123E-2 6.38588E-2 1.23294E-1 1.06852E-1 1.17065E-1 1.18261E-1 8.11825E-2 1.17559E-1 1.762E-1 2.40062E-1 2.40103E-1 2.91334E-1 2.40031E-1 2.66648E-1 2.21663E-1 2.6401E-1 2.67334E-1 1.76984E-1
-9999 -9999 -9999 -9999 -9999 -9999 -9999 -9999 -9999 -9999 -9999 -9999 2.83688E-2 -9999 -9999 -9999 -9999 -9999 -9999 -9999 -9999 -9999 -9999 -9999 -9999 -9999 -9999 4.22412E-2 -9999 1.3678E-2 4.78363E-3 1.62604E-3 -9999 4.05606E-3 6.81725E-4 2.40591E-3 1.54606E-2 8.40267E-3 1.90991E-2 1.50727E-2 2.59825E-2 2.99833E-2 2.77719E-2 6.36785E-2 1.02328E-1 1.23862E-1 1.41058E-1 6.63302E-2 7.6474E-2 8.50748E-2 1.0876E-1 2.27799E-1 2.07989E-1 1.95118E-1 1.9191E-1 1.8345E-1 3.45307E-1 4.67789E-1 4.36628E-1 2.03186E-1 1.62419E-1
-9999 -9999 -9999 -9999 -9999 -9999 -9999 -9999 -9999 -9999 -9999 -9999 -9999 3.45432E-2 -9999 -9999 -9999 -9999 -9999 -9999 -9999 -9999 -9999 -9999 -9999 -9999 -9999 4.72279E-2 3.75261E-2 3.72752E-2 1.36454E-2 5.60167E-3 -9999 6.50469E-3 -9999 6.7502E-4 3.65729E-3 1.29916E-3 3.69484E-3 5.23159E-3 1.371E-2 2.61804E-2 2.62519E-2 5.79859E-2 7.12092E-2 1.09172E-1 1.5316E-1 1.78961E-1 1.58027E-1 1.74948E-1 1.96798E-1 1.94079E-1 1.67821E-1 1.92713E-1 2.80395E-1 2.45661E-1 3.82149E-1 2.87122E-1 1.85758E-1 2.2441E-1 1.63605E-1
-9999 -9999 -9999 -9999 -9999 -9999 -9999 -9999 -9999 -9999 -9999 -9999 -9999 -9999 -9999 -9999 -9999 -9999 -9999 -9999 -9999 -9999 -9999 -9999 -9999 -9999 -9999 -9999 4.81391E-2 -9999 1.60479E-2 -9999 1.20705E-2 2.846E-3 -9999 1.0906E-2 4.4553E-3 1.39907E-2 1.78419E-2 6.12127E-3 6.44082E-2 2.61104E-2 2.60396E-2 6.14607E-2 8.13726E-2 9.68934E-2 9.43847E-2 1.68903E-1 7.08189E-2 1.16444E-1 1.90223E-1 2.11923E-1 1.96205E-1 1.94398E-1 1.48202E-1 1.73506E-1 1.87212E-1 1.68301E-1 1.4614E-1 1.84525E-1 1.99561E-1
-9999 -9999 -9999 -9999 -9999 -9999 -9999 -9999 -9999 -9999 -9999 -9999 -9999 -9999 -9999 -9999 -9999 -9999 -9999 -9999 -9999 -9999 -9999 -9999 -9999 -9999 -9999 -9999 -9999 4.48927E-2 2.34538E-2 -9999 3.11285E-3 -9999 7.10268E-3 7.22826E-3 6.46159E-3 8.48959E-2 3.39095E-2 2.01106E-3 5.33429E-2 3.47588E-2 5.45543E-2 4.24289E-2 5.75916E-2 3.31268E-2 4.66558E-2 1.31789E-1 1.66661E-1 1.95227E-1 1.73351E-1 2.2284E-1 1.95957E-1 1.93364E-1 2.20331E-1 1.32198E-1 1.88349E-1 1.81017E-1 1.25181E-1 1.81303E-1 2.13658E-1
-9999 -9999 -9999 -9999 -9999 -9999 -9999 -9999 -9999 -9999 -9999 -9999 -9999 -9999 -9999 -9999 -9999 -9999 -9999 -9999 -9999 -9999 -9999 -9999 -9999 -9999 -9999 -9999 -9999 3.60681E-2 2.08213E-2 -9999 2.52903E-2 4.79234E-3 1.16879E-2 6.55592E-3 4.18842E-3 2.05292E-2 1.47622E-2 3.2116E-2 2.01833E-2 4.41392E-2 2.76938E-2 5.08345E-2 4.24183E-2 1.18336E-2 1.33902E-1 1.44102E-1 1.61106E-1 1.72596E-1 1.84662E-1 1.72249E-1 1.60435E-1 1.80648E-1 1.90895E-1 1.65964E-1 2.15155E-1 3.35468E-1 2.55642E-1 1.88037E-1 2.06739E-1
-9999 -9999 -9999 -9999 -9999 -9999 -9999 -9999 -9999 -9999 -9999 -9999 -9999 -9999 -9999 -9999 -9999 -9999 -9999 -9999 -9999 -9999 -9999 -9999 -9999 -9999 -9999 -9999 -9999 3.17483E-2 -9999 4.40143E-2 -9999 -9999 1.8049E-2 3.19708E-3 2.83251E-3 8.86861E-3 4.58083E-2 1.11807E-2 2.63561E-2 -9999 1.39437E-2 3.01374E-2 5.53473E-2 6.07593E-2 1.16528E-1 1.07133E-1 1.28728E-1 1.4229E-1 1.54911E-1 1.73738E-1 1.59143E-1 1.47228E-1 2.40374E-1 1.49571E-1 1.42707E-1 2.36971E-1 1.44279E-1 3.43152E-1 2.38489E-1
-9999 -9999 -9999 -9999 -9999 -9999 -9999 -9999 -9999 -9999 -9999 -9999 -9999 -9999 -9999 -9999 -9999 -9999 -9999 -9999 -9999 -9999 -9999 -9999 -9999 -9999 -9999 -9999 -9999 -9999 -9999 3.28403E-2 -9999 7.45612E-3 1.41655E-2 6.02957E-3 6.35231E-3 0E0 1.28024E-2 2.74556E-2 -9999 6.50639E-3 2.08186E-2 2.84389E-2 3.42892E-2 5.87426E-2 8.32951E-2 9.02919E-2 1.23405E-1 1.4379E-1 2.38241E-1 2.58447E-1 1.77409E-1 1.8141E-1 1.815E-1 1.33033E-1 1.96126E-1 1.91875E-1 2.0721E-1 2.7188E-1 1.85811E-1
-9999 -9999 -9999 -9999 -9999 -9999 -9999 -9999 -9999 -9999 -9999 -9999 -9999 -9999 -9999 -9999 -9999 -9999 -9999 -9999 -9999 -9999 -9999 -9999 -9999 -9999 -9999 -9999 -9999 -9999 3.69387E-2 -9999 -9999 -9999 1.5848E-2 5.6962E-3 3.23229E-3 2.49052E-2 2.66798E-2 2.80945E-3 1.45469E-2 8.84473E-3 2.16969E-2 6.40148E-2 3.50518E-2 2.59338E-2 5.33835E-2 6.37019E-2 8.22285E-2 9.97714E-2 1.81442E-1 1.61325E-1 1.31346E-1 1.55871E-1 1.78767E-1 1.78171E-1 1.75562E-1 2.72064E-1 1.98687E-1 1.78327E-1 2.31134E-1
-9999 -9999 -9999 -9999 -9999 -9999 -9999 -9999 -9999 -9999 -9999 -9999 -9999 -9999 -9999 -9999 -9999 -9999 -9999 -9999 -9999 -9999 -9999 -9999 -9999 -9999 -9999 -9999 -9999 -9999 3.90896E-2 3.62337E-2 -9999 1.72695E-2 -9999 2.20398E-2 -9999 5.41878E-3 -9999 8.61052E-3 2.13472E-2 2.25267E-2 1.64963E-2 4.79994E-2 4.64013E-2 1.7735E-2 2.75665E-2 5.7821E-2 1.03308E-1 1.41534E-1 1.73345E-1 1.44421E-1 1.89737E-1 1.48514E-1 1.62461E-1 1.81127E-1 1.62135E-1 1.66522E-1 1.78997E-1 1.91225E-1 1.91272E-1
-9999 -9999 -9999 -9999 -9999 -9999 -9999 -9999 -9999 -9999 -9999 -9999 -9999 -9999 -9999 -9999 -9999 -9999 -9999 -9999 -9999 -9999 -9999 -9999 -9999 -9999 -9999 -9999 -9999 -9999 -9999 3.25783E-2 2.75317E-2 -9999 1.35738E-2 5.39659E-3 9.7496E-3 1.54327E-2 -9999 -9999 -9999 2.35227E-2 3.10403E-2 3.13198E-2 4.03196E-2 4.55667E-2 8.20567E-2 7.46198E-2 8.78167E-2 9.85627E-2 2.64665E-1 1.28108E-1 2.14363E-1 1.33699E-1 1.58031E-1 1.77753E-1 1.65833E-1 1.601E-1 1.57741E-1 1.96009E-1 1.89041E-1
-9999 -9999 -9999 -9999 -9999 -9999 -9999 -9999 -9999 -9999 -9999 -9999 -9999 -9999 -9999 -9999 -9999 -9999 -9999 -9999 -9999 -9999 -9999 -9999 -9999 -9999 -9999 -9999 -9999 -9999 -9999 2.50124E-2 3.00079E-2 2.35132E-2 2.24035E-2 1.60935E-2 4.76301E-3 5.89359E-4 8.25765E-4 6.28215E-3 4.55805E-3 2.20947E-3 0E0 4.38689E-2 3.29929E-2 3.9722E-2 1.01224E-1 4.24603E-2 6.28083E-2 9.37757E-2 1.82261E-1 1.65514E-1 1.19492E-1 1.38023E-1 1.73978E-1 1.73379E-1 1.82037E-1 1.53727E-1 1.61026E-1 1.65463E-1 1.81993E-1
-9999 -9999 -9999 -9999 -9999 -9999 -9999 -9999 -9999 -9999 -9999 -9999 -9999 -9999 -9999 -9999 -9999 -9999 -9999 -9999 -9999 -9999 -9999 -9999 -9999 -9999 -9999 -9999 -9999 -9999 3.25116E-2 2.47177E-2 -9999 2.29178E-2 -9999 8.76399E-3 9.6997E-4 4.0768E-3 3.28855E-3 6.96841E-4 1.88448E-2 1.56907E-2 2.10248E-2 5.08193E-2 1.2497E-1 4.97362E-2 -9999 3.67272E-2 7.63395E-2 1.67048E-1 1.79391E-1 2.08531E-1 1.77592E-1 1.48815E-1 1.49672E-1 1.51632E-1 1.66416E-1 2.07354E-1 1.89339E-1 1.73146E-1 1.98591E-1
-9999 -9999 -9999 -9999 -9999 -9999 -9999 -9999 -9999 -9999 -9999 -9999 -9999 -9999 -9999 -9999 -9999 -9999 -9999 -9999 -9999 -9999 -9999 -9999 -9999 -9999 -9999 -9999 -9999 -9999 -9999 -9999 3.22592E-2 4.41698E-3 6.25298E-3 1.40472E-3 4.4722E-3 9.26003E-4 1.28604E-2 1.05325E-2 -9999 1.72902E-2 1.72873E-2 1.72628E-2 1.31633E-1 3.99469E-2 9.96571E-2 4.25636E-2 6.27861E-2 9.82369E-2 1.60159E-1 2.20547E-1 1.9162E-1 1.57532E-1 1.4539E-1 1.61416E-1 1.55892E-1 3.18665E-1 2.71958E-1 2.1016E-1 2.09252E-1
-9999 -9999 -9999 -9999 -9999 -9999 -9999 -9999 -9999 -9999 -9999 -9999 -9999 -9999 -9999 -9999 -9999 -9999 -9999 -9999 -9999 -9999 -9999 -9999 -9999 -9999 -9999 -9999 -9999 -9999 -9999 -9999 1.78819E-2 1.31784E-2 5.16199E-3 1.39406E-3 9.09172E-4 -9999 5.89249E-3 0E0 3.2888E-2 1.15949E-2 1.35365E-2 1.62568E-1 1.1459E-1 4.88592E-2 1.93993E-1 1.70395E-1 9.72559E-2 5.91075E-2 1.26602E-1 1.85417E-1 2.05361E-1 1.75528E-1 1.46367E-1 1.72652E-1 1.914E-1 2.17787E-1 2.52038E-1 2.34735E-1 2.56285E-1
-9999 -9999 -9999 -9999 -9999 -9999 -9999 -9999 -9999 -9999 -9999 -9999 -9999 -9999 -9999 -9999 -9999 -9999 -9999 -9999 -9999 -9999 -9999 -9999 -9999 -9999 -9999 -9999 -9999 -9999 2.45965E-2 -9999 2.22075E-2 1.72087E-2 1.01391E-2 7.78372E-3 7.35628E-4 1.27777E-3 6.55099E-3 2.62282E-3 7.11874E-3 1.19752E-3 -9999 2.77454E-1 6.96871E-2 2.24878E-2 3.71465E-2 2.62568E-1 3.51164E-1 4.28471E-1 1.73145E-1 2.25889E-1 1.96222E-1 1.4987E-1 1.32402E-1 1.84611E-1 2.3245E-1 1.88314E-1 3.19932E-1 2.77091E-1 1.8548E-1
-9999 -9999 -9999 -9999 -9999 -9999 -9999 -9999 -9999 -9999 -9999 -9999 -9999 -9999 -9999 -9999 -9999 -9999 -9999 -9999 -9999 -9999 -9999 -9999 -9999 -9999 -9999 -9999 -9999 -9999 1.49254E-2 -9999 -9999 2.07407E-2 -9999 9.41183E-3 1.13168E-3 2.48499E-3 3.15833E-3 6.1931E-3 5.46127E-3 6.29319E-2 1.16792E-2 2.33891E-1 3.22101E-1 9.51889E-2 1.4072E-1 3.057E-2 2.40797E-2 4.61023E-2 2.19918E-1 3.0982E-1 2.10331E-1 1.30116E-1 1.40837E-1 1.79866E-1 2.39657E-1 2.43048E-1 3.21457E-1 3.62567E-1 2.95278E-1
-9999 -9999 -9999 -9999 -9999 -9999 -9999 -9999 -9999 -9999 -9999 -9999 -9999 -9999 -9999 -9999 -9999 -9999 -9999 -9999 -9999 -9999 -9999 -9999 -9999 -9999 -9999 -9999 -9999 -9999 2.51186E-2 -9999 2.39833E-2 2.30389E-2 5.09504E-3 6.2871E-3 3.95407E-3 1.98641E-2 1.25439E-2 1.10936E-2 1.21749E-2 2.69698E-2 1.23853E-2 1.27338E-2 1.7734E-1 2.34572E-1 4.81984E-2 2.37351E-2 4.74116E-2 8.52651E-2 1.30674E-1 2.49223E-1 2.30483E-1 1.70455E-1 1.64487E-1 2.15722E-1 2.33501E-1 2.64103E-1 2.62743E-1 4.78094E-1 4.05018E-1
