Candidate_Models_Sept202022/M_0.1_F_lqp_Set_1_all/Bison.asc
ncols         97
nrows         127
xllcorner     -2197417.7431653
yllcorner     -584827.01486885
cellsize      30000.0
NODATA_value  -9999
[rows 54 to 80 of 127, columns 0 to 60 of 97]
-9999 -9999 -9999 -9999 4.33567E-5 5.19356E-6 8.61274E-7 5.42772E-6 5.57565E-6 5.22802E-7 1.142E-6 3.62888E-7 3.32439E-7 1.46868E-6 3.04182E-6 2.56923E-6 5.59926E-6 8.70851E-6 1.14304E-5 1.89436E-5 3.15249E-5 2.87342E-5 2.55514E-5 3.6386E-5 1.62022E-5 2.02583E-5 4.78604E-5 4.52288E-5 6.04263E-5 5.23949E-5 4.23231E-5 3.65393E-5 4.2669E-5 4.79416E-5 5.34334E-5 6.12928E-5 6.05618E-5 5.66091E-5 5.23913E-5 6.28517E-5 1.36385E-4 1.34809E-4 9.04737E-5 6.99959E-5 7.28112E-5 5.29823E-5 6.12247E-5 4.75467E-5 3.99361E-5 3.70138E-5 4.03914E-5 4.59455E-5 3.62403E-5 6.00861E-5 6.4316E-5 3.32808E-5 3.91211E-5 3.18004E-5 3.02959E-5 3.5828E-5 2.30861E-5
-9999 -9999 -9999 -9999 -9999 5.0694E-6 1.51545E-6 1.38201E-6 3.44774E-5 2.73763E-6 7.48481E-7 4.19466E-7 2.24725E-6 1.33728E-6 2.51867E-6 1.65514E-6 1.95488E-6 5.04958E-6 1.54415E-5 9.49897E-6 3.15054E-5 3.22228E-5 4.14238E-5 6.64884E-5 1.27008E-5 1.79566E-5 4.09864E-5 4.76742E-5 9.32763E-5 7.93005E-5 4.97661E-5 3.87397E-5 3.98849E-5 4.93955E-5 5.38215E-5 7.09072E-5 6.81641E-5 5.98111E-5 8.23592E-5 7.93107E-5 1.289E-4 1.62707E-4 8.80924E-5 6.19214E-5 6.78867E-5 6.66198E-5 5.1755E-5 4.44061E-5 4.49088E-5 2.83512E-5 4.08529E-5 5.23579E-5 4.35785E-5 7.09809E-5 5.19765E-5 4.25216E-5 4.36353E-5 3.38912E-5 3.57029E-5 3.33449E-5 2.57661E-5
-9999 -9999 -9999 -9999 -9999 7.09443E-6 2.62117E-6 5.06905E-6 9.51922E-6 2.60916E-6 7.98578E-8 1.82929E-7 1.64688E-7 2.41598E-7 2.71539E-6 1.87827E-6 5.07584E-6 4.11014E-6 1.08098E-5 1.75645E-5 1.9343E-5 2.46139E-5 2.57098E-5 3.50541E-5 1.91381E-5 1.54882E-5 2.93101E-5 8.14265E-5 1.17475E-4 6.93257E-5 6.76483E-5 4.54242E-5 4.62653E-5 5.4381E-5 6.85743E-5 8.62339E-5 7.47734E-5 7.66549E-5 8.52463E-5 9.87023E-5 1.70336E-4 1.49161E-4 8.39521E-5 6.72821E-5 6.20264E-5 5.90274E-5 5.49493E-5 5.30839E-5 6.1423E-5 5.46899E-5 6.34805E-5 5.51644E-5 7.00572E-5 5.31541E-5 4.66227E-5 5.20446E-5 4.44025E-5 4.47281E-5 3.22791E-5 2.4635E-5 1.10178E-5
-9999 -9999 -9999 -9999 -9999 -9999 3.63634E-6 -9999 4.81385E-6 1.77017E-6 5.92559E-7 3.19173E-7 1.78409E-7 4.81545E-7 8.42298E-7 6.05402E-6 4.38518E-6 5.17438E-6 1.25165E-5 2.44518E-5 9.9259E-6 2.11521E-5 2.69545E-5 3.93835E-5 2.9166E-5 2.84215E-5 2.93964E-5 8.26106E-5 9.94894E-5 8.61697E-5 1.9404E-4 1.0844E-4 5.46216E-5 5.15014E-5 6.97999E-5 1.11559E-4 1.11437E-4 8.06157E-5 8.44113E-5 8.9538E-5 7.40571E-5 5.78985E-5 9.70889E-5 6.41267E-5 4.71922E-5 5.41377E-5 4.76638E-5 5.45609E-5 5.75329E-5 8.07433E-5 6.17582E-5 5.22912E-5 5.59015E-5 5.78175E-5 5.35062E-5 4.53313E-5 4.05948E-5 3.8616E-5 3.1101E-5 2.17265E-5 1.52309E-5
-9999 -9999 -9999 2.90996E-7 -9999 -9999 -9999 -9999 -9999 2.9899E-6 7.06711E-7 4.78733E-8 1.90461E-7 5.02593E-7 1.47814E-7 6.61635E-6 3.99046E-6 6.50564E-6 1.08561E-5 1.42926E-5 2.17561E-5 2.9776E-5 1.97774E-5 4.98794E-5 1.58866E-5 1.33212E-5 2.79881E-5 4.83575E-5 1.15473E-4 1.60433E-4 2.98808E-4 2.31952E-4 5.77379E-5 4.86378E-5 6.60783E-5 1.07994E-4 9.4492E-5 1.42211E-4 4.92356E-4 7.30435E-5 6.66977E-5 6.05484E-5 7.43793E-5 5.70786E-5 3.09036E-5 4.38047E-5 6.38808E-5 6.22325E-5 6.44704E-5 6.57205E-5 6.37246E-5 6.19391E-5 5.74431E-5 5.6133E-5 4.99941E-5 4.4736E-5 4.13552E-5 2.96988E-5 2.93082E-5 2.91676E-5 2.20376E-5
-9999 -9999 -9999 7.66239E-7 4.31558E-7 8.91296E-7 -9999 -9999 -9999 5.58619E-6 6.51359E-8 4.52677E-8 1.46339E-7 9.54285E-7 1.03893E-6 1.07899E-5 7.87277E-6 5.76973E-6 1.24933E-5 1.87138E-5 1.69243E-5 1.87925E-5 2.85961E-5 2.07202E-5 2.95571E-5 1.02437E-5 1.78985E-5 4.2381E-5 1.42903E-4 3.19373E-4 4.30048E-4 3.43134E-4 7.56944E-5 8.74747E-5 8.84164E-5 9.54356E-5 9.64718E-5 3.54779E-4 3.3027E-4 7.76528E-5 7.99763E-5 8.0585E-5 7.17E-5 6.93868E-5 6.01507E-5 6.3147E-5 6.00705E-5 5.45251E-5 6.19856E-5 1.20218E-4 8.71092E-5 7.31498E-5 5.83074E-5 6.08483E-5 3.93683E-5 5.01452E-5 3.01256E-5 3.70618E-5 3.97097E-5 2.83013E-5 1.76071E-5
-9999 -9999 -9999 7.94757E-7 8.70036E-7 1.36075E-6 1.17645E-6 -9999 -9999 3.35387E-5 4.14256E-7 3.13414E-7 1.22828E-7 4.30758E-7 6.12885E-7 4.25466E-6 7.96589E-6 9.05861E-6 1.38576E-5 1.78564E-5 2.32916E-5 1.56025E-5 1.04759E-5 9.2624E-6 1.96568E-5 6.35547E-7 6.58972E-7 1.92132E-5 7.91308E-5 8.26357E-5 7.36387E-4 7.12335E-4 2.69638E-4 4.34324E-4 3.15804E-4 1.63424E-4 1.92032E-4 2.29941E-4 2.4504E-4 7.78387E-5 9.17219E-5 7.88298E-5 7.34954E-5 8.21512E-5 6.1631E-5 5.81927E-5 5.77914E-5 5.29503E-5 5.56116E-5 1.747E-4 1.38247E-4 1.39479E-4 4.53843E-5 3.61251E-5 3.72015E-5 5.51573E-5 4.34484E-5 4.71037E-5 3.84137E-5 2.56562E-5 1.64323E-5
-9999 -9999 -9999 8.40299E-7 3.96413E-7 4.61641E-7 -9999 -9999 4.06911E-6 1.64591E-7 2.40437E-8 1.88578E-7 2.14176E-7 3.81022E-7 9.17075E-7 4.04744E-6 3.86981E-5 1.13999E-5 1.7713E-5 9.73729E-6 1.92706E-5 1.5976E-5 1.34271E-5 1.04788E-5 1.07293E-5 1.06074E-6 4.10867E-7 1.15139E-5 4.4625E-5 2.37753E-4 5.22495E-4 8.3745E-4 6.2196E-4 4.05373E-4 6.34013E-4 3.6274E-4 2.89558E-4 5.08888E-4 2.38585E-4 1.22347E-4 1.14107E-4 1.01474E-4 8.67527E-5 7.15955E-5 7.31592E-5 7.35338E-5 5.96344E-5 5.89141E-5 9.19952E-5 1.60844E-4 1.74157E-4 6.92579E-5 5.92519E-5 4.90419E-5 2.65795E-5 6.0387E-5 4.90663E-5 3.92689E-5 3.7752E-5 3.04062E-5 2.70509E-5
-9999 -9999 -9999 1.07704E-6 1.66639E-6 -9999 -9999 2.88968E-6 1.74929E-6 4.484E-7 3.06285E-8 1.27757E-7 2.49279E-7 6.62817E-8 2.35606E-6 6.52059E-6 3.27877E-5 1.61238E-5 1.2841E-5 1.51558E-5 1.97898E-5 1.58494E-5 9.39852E-6 1.11849E-5 9.54258E-6 2.13189E-6 1.75854E-7 5.56239E-6 2.41283E-5 4.9526E-5 2.4637E-4 6.82782E-4 2.55918E-4 2.99838E-4 8.57142E-4 5.9202E-4 5.81882E-4 9.6224E-4 4.22235E-4 1.18183E-4 1.12391E-4 7.72136E-5 6.61711E-5 6.913E-5 7.28267E-5 7.92702E-5 6.57401E-5 7.56598E-5 7.2605E-5 1.1465E-4 1.54038E-4 6.14714E-5 4.9793E-5 5.51035E-5 4.42826E-5 4.542E-5 4.75626E-5 4.28073E-5 4.6923E-5 3.42797E-5 2.21724E-5
-9999 -9999 -9999 1.13287E-6 6.41859E-7 -9999 -9999 -9999 3.21241E-6 8.84792E-7 3.85045E-7 6.38654E-7 7.65916E-8 5.13028E-7 4.72094E-6 1.46067E-5 2.80785E-5 2.43395E-5 2.18534E-5 2.09408E-5 2.50797E-5 2.8294E-5 1.52034E-5 8.42993E-6 8.26362E-6 3.17294E-6 1.08669E-6 6.49691E-6 1.49718E-5 2.87579E-5 5.65981E-5 2.45597E-4 3.92081E-4 5.02526E-4 6.67374E-4 6.08853E-4 5.01197E-4 2.81812E-4 1.2332E-4 8.80496E-5 6.43863E-5 7.3546E-5 6.45649E-5 6.82482E-5 7.42451E-5 8.17837E-5 9.88451E-5 7.21785E-5 6.08255E-5 1.09779E-4 1.16706E-4 6.20341E-5 5.14234E-5 4.79505E-5 4.70988E-5 3.47761E-5 5.07184E-5 4.64673E-5 4.96283E-5 3.9791E-5 2.78155E-5
-9999 -9999 -9999 5.80261E-6 1.07156E-5 -9999 -9999 -9999 2.99039E-6 1.37549E-5 5.6103E-6 5.06587E-8 2.77329E-7 1.36656E-6 2.40853E-6 1.18914E-5 1.89853E-5 2.79643E-5 4.06349E-5 1.99144E-5 1.78761E-5 5.0379E-5 1.90526E-5 1.12185E-5 9.08897E-6 3.63811E-6 1.46076E-6 4.19233E-6 9.35897E-6 1.67049E-5 2.12538E-5 2.6959E-4 4.4096E-4 5.2032E-4 3.23185E-4 5.03975E-4 3.78633E-4 4.32001E-4 1.11013E-4 1.0072E-4 6.14326E-5 6.40896E-5 5.14894E-5 6.28704E-5 1.7543E-4 1.57747E-4 1.11932E-4 7.61077E-5 6.40769E-5 8.42633E-5 1.87287E-4 7.22907E-5 5.25082E-5 3.78331E-5 5.46651E-5 3.38491E-5 4.43952E-5 4.40715E-5 3.91331E-5 5.05752E-5 3.11168E-5
-9999 -9999 -9999 1.68754E-6 1.2401E-5 -9999 -9999 -9999 3.52154E-6 8.62579E-7 1.17204E-6 3.96542E-9 1.1085E-7 1.00804E-6 2.19881E-5 1.50529E-5 1.37395E-5 3.01245E-5 2.81172E-5 2.85602E-5 4.74041E-5 5.71635E-5 1.79802E-5 1.1712E-5 8.56978E-6 3.19858E-6 2.06526E-6 2.36786E-6 6.28103E-6 8.86447E-6 1.61784E-5 9.58103E-5 2.99442E-4 7.65564E-4 4.71136E-4 4.45792E-4 1.06814E-4 3.21166E-4 3.47717E-4 1.53909E-4 4.66806E-5 5.08485E-5 5.87043E-5 6.49438E-5 8.62668E-5 7.785E-5 9.01303E-5 8.02594E-5 1.04808E-4 1.01791E-4 9.5028E-5 8.57924E-5 5.77025E-5 5.7071E-5 4.85665E-5 4.62125E-5 4.03852E-5 5.51742E-5 4.75699E-5 4.75922E-5 3.75242E-5
-9999 -9999 -9999 -9999 2.71241E-6 -9999 -9999 -9999 -9999 1.76712E-6 5.51521E-7 1.78503E-7 2.02369E-7 2.26098E-7 3.63194E-6 1.08024E-5 8.63968E-6 3.04765E-5 4.81123E-5 5.46393E-5 3.51023E-5 1.44126E-4 4.14465E-5 2.26709E-5 1.80475E-5 5.37265E-6 2.46019E-6 1.7339E-6 3.70798E-6 6.84572E-6 2.00339E-5 2.80148E-5 3.54833E-5 8.21277E-5 4.86839E-5 9.06508E-5 2.85852E-4 1.72211E-4 5.61297E-5 4.02676E-5 8.72144E-5 7.26411E-5 1.14334E-4 6.8332E-5 7.36317E-5 9.69197E-5 1.15974E-4 1.20332E-4 6.69535E-5 7.1959E-5 1.63819E-4 6.80331E-5 6.39086E-5 6.58127E-5 6.73105E-5 5.33097E-5 4.88343E-5 4.6138E-5 4.88535E-5 5.31369E-5 5.48843E-5
-9999 -9999 -9999 -9999 1.26171E-6 -9999 -9999 -9999 -9999 2.77923E-6 3.86122E-6 1.74536E-6 2.99658E-7 1.422E-7 8.57473E-7 1.20829E-5 2.48636E-5 3.03914E-5 4.09965E-5 3.07196E-5 3.3677E-5 4.91095E-5 2.84248E-5 5.96476E-5 7.22913E-5 6.979E-6 2.83176E-6 1.11012E-6 2.28878E-6 6.33667E-6 1.54835E-5 1.64425E-5 3.75341E-5 1.15999E-4 4.16461E-5 4.32183E-5 9.02572E-5 4.43254E-5 2.47789E-5 2.08957E-5 6.90172E-5 3.63392E-5 6.31506E-5 1.07007E-4 8.38551E-5 1.02395E-4 2.53601E-4 1.03405E-4 9.44145E-5 1.10842E-4 1.44373E-4 8.16165E-5 7.75872E-5 6.49095E-5 6.51624E-5 6.4012E-5 5.80903E-5 5.65069E-5 4.99695E-5 4.56665E-5 4.80859E-5
-9999 -9999 -9999 -9999 -9999 -9999 -9999 -9999 -9999 4.29525E-6 9.96939E-6 5.81874E-6 7.96987E-7 1.64406E-7 2.2486E-7 4.82165E-6 1.99393E-5 2.39662E-5 3.35312E-5 4.15122E-5 3.12362E-5 3.39798E-5 4.13699E-5 2.31302E-5 1.68866E-5 3.49177E-6 1.9123E-6 2.4096E-6 1.45608E-6 6.63108E-6 1.59733E-5 2.7708E-5 3.53852E-5 7.64299E-5 2.10895E-5 3.52391E-5 1.19608E-4 9.33423E-5 3.55866E-5 5.67059E-5 7.69319E-5 4.30984E-5 8.46625E-5 9.7168E-5 2.86773E-4 3.76648E-4 4.19198E-4 1.47946E-4 1.1303E-4 9.87459E-5 1.28318E-4 1.13066E-4 7.25942E-5 4.83454E-5 6.66065E-5 5.70626E-5 5.73012E-5 6.34445E-5 5.09566E-5 4.17566E-5 4.62775E-5
-9999 -9999 -9999 -9999 -9999 -9999 -9999 -9999 -9999 -9999 2.06922E-6 9.99659E-6 3.14171E-6 1.72364E-7 3.17456E-7 3.856E-6 2.45755E-5 2.83105E-5 2.54884E-5 3.10485E-5 3.45135E-5 3.49684E-5 4.4004E-5 3.16682E-5 1.70616E-5 5.84255E-6 2.88842E-6 2.35581E-6 3.29537E-6 4.67859E-6 1.50389E-5 3.66201E-5 3.86771E-5 2.16293E-5 2.99811E-5 3.0342E-5 7.62098E-5 1.05586E-4 4.63347E-5 6.21142E-5 6.35907E-5 2.07636E-4 1.84688E-4 3.27492E-4 4.68283E-4 5.19983E-4 3.00365E-4 6.75833E-4 1.29946E-4 1.11393E-4 2.12961E-4 1.31496E-4 6.49773E-5 6.02371E-5 6.58448E-5 7.02457E-5 7.64594E-5 9.18132E-5 6.13808E-5 4.91686E-5 5.36757E-5
-9999 -9999 -9999 -9999 -9999 -9999 -9999 -9999 -9999 -9999 2.49336E-6 4.34325E-6 2.13547E-8 2.95598E-8 1.35836E-7 1.29182E-6 1.7745E-5 3.11986E-5 2.89905E-5 4.04296E-5 4.17411E-5 3.98147E-5 4.88872E-5 6.06251E-5 1.73107E-5 9.30995E-6 5.91606E-6 1.92233E-6 6.88266E-6 8.58878E-6 1.49949E-5 2.80642E-5 4.04898E-5 3.7905E-5 4.21336E-5 8.41118E-5 8.25598E-5 5.54819E-5 5.70337E-5 2.93557E-4 2.3015E-4 4.92535E-4 3.24872E-4 4.12259E-4 4.05541E-4 4.10191E-4 1.5697E-4 4.13142E-4 2.37783E-4 3.669E-4 4.60373E-4 2.16633E-4 8.84241E-5 7.45383E-5 7.54751E-5 6.955E-5 7.04779E-5 6.17208E-5 6.4764E-5 5.9207E-5 5.741E-5
-9999 -9999 -9999 -9999 -9999 -9999 -9999 -9999 -9999 -9999 6.08687E-6 2.73242E-6 5.08355E-8 7.80281E-8 4.79902E-6 3.8247E-6 1.63058E-5 4.09269E-5 3.3835E-5 7.10536E-5 6.00557E-5 5.03263E-5 4.69824E-5 6.52602E-5 2.04172E-5 5.9517E-6 5.04708E-6 3.07425E-6 2.28898E-6 1.25165E-5 1.46046E-5 3.8057E-5 4.77541E-5 5.21498E-5 5.14541E-5 7.28894E-5 1.31464E-4 1.64238E-4 1.91043E-4 1.29078E-4 2.92517E-4 3.67756E-4 6.08928E-4 5.27302E-4 5.7943E-4 6.52034E-4 6.56406E-4 5.22866E-4 3.51199E-4 6.50115E-4 6.8152E-4 5.32248E-4 2.56263E-4 1.90751E-4 2.30993E-4 9.28437E-5 8.02371E-5 7.88871E-5 7.73111E-5 7.38332E-5 6.14386E-5
-9999 -9999 -9999 -9999 -9999 -9999 -9999 -9999 -9999 -9999 2.92205E-6 2.11103E-6 5.38699E-7 1.03844E-7 2.78193E-7 1.28705E-6 2.16624E-5 4.78962E-5 5.76999E-5 9.2582E-5 1.03728E-4 5.72691E-5 4.08022E-5 5.32128E-5 2.6185E-5 1.26264E-5 5.02254E-6 3.54907E-6 7.20641E-6 3.65372E-6 1.59572E-5 3.65714E-5 3.50219E-5 6.04312E-5 1.22311E-4 4.52765E-5 9.97157E-5 1.4693E-4 9.94123E-5 1.43859E-4 3.94751E-4 6.90963E-4 9.85324E-4 7.56994E-4 1.11971E-3 8.01171E-4 7.65704E-4 7.44988E-4 8.30734E-4 8.92777E-4 3.5169E-4 2.0771E-4 2.08894E-4 2.52749E-4 3.07483E-4 3.07858E-4 1.04692E-4 7.69246E-5 7.36423E-5 8.30078E-5 8.24985E-5
-9999 -9999 -9999 -9999 -9999 -9999 -9999 -9999 -9999 -9999 1.72913E-6 3.3961E-6 5.04331E-7 1.80387E-7 3.06789E-5 2.27103E-7 9.24639E-6 3.06475E-5 4.8246E-5 1.12571E-4 1.64585E-4 7.806E-5 5.89477E-5 4.69211E-5 3.79775E-5 1.76662E-5 1.75219E-5 5.57988E-6 4.66574E-6 1.131E-5 1.78302E-5 1.32194E-5 5.28086E-5 1.0427E-4 1.11131E-4 9.46411E-5 7.16216E-5 7.2372E-5 1.14211E-4 1.94248E-4 4.66004E-4 1.238E-3 1.18854E-3 7.25516E-4 1.56833E-3 8.1148E-4 5.42217E-4 6.71516E-4 2.90053E-4 8.66886E-4 7.90112E-4 3.21402E-4 2.08635E-4 3.64094E-4 2.72203E-4 2.1095E-4 1.43587E-4 1.5399E-4 1.16528E-4 8.64806E-5 8.65839E-5
-9999 -9999 -9999 -9999 -9999 -9999 -9999 -9999 2.88662E-6 1.26176E-6 6.84396E-7 1.51655E-6 8.56469E-7 2.20104E-7 5.07131E-7 6.8929E-6 9.00012E-6 2.08813E-5 4.54863E-5 6.29464E-5 6.45021E-5 1.22387E-4 1.37249E-4 6.85299E-5 3.99311E-5 2.06984E-5 9.16186E-6 2.83456E-6 2.10865E-6 3.02847E-6 4.29886E-6 8.40341E-6 2.92478E-5 4.24138E-5 3.29867E-5 5.38807E-5 5.36415E-5 1.12547E-4 8.60905E-5 2.93321E-4 6.63233E-4 1.36014E-3 9.78805E-4 9.83512E-4 1.1503E-3 6.14042E-4 6.07348E-4 7.30077E-4 6.10065E-4 4.06359E-4 5.99754E-4 4.85656E-4 3.18247E-4 2.46064E-4 2.33457E-4 2.03498E-4 2.37589E-4 2.84163E-4 2.00517E-4 1.09221E-4 1.25193E-4
-9999 -9999 -9999 -9999 -9999 -9999 -9999 -9999 3.87665E-6 7.15206E-7 3.07504E-7 9.79974E-7 1.57275E-6 2.20731E-7 7.38753E-8 6.88601E-7 1.31529E-6 1.44103E-5 2.6712E-5 1.346E-5 2.14636E-5 4.48444E-5 1.49234E-4 3.08724E-5 3.21306E-5 2.32919E-5 1.39956E-5 5.38849E-6 2.18601E-6 2.52206E-6 5.09026E-6 3.72377E-6 1.27586E-5 2.84632E-5 7.00319E-5 4.19678E-5 1.55369E-4 8.60455E-5 8.51677E-5 6.98714E-5 3.11512E-4 1.03966E-3 9.71857E-4 8.38522E-4 8.52018E-4 6.43421E-4 5.17076E-4 6.23356E-4 5.81911E-4 7.30395E-4 5.93658E-4 5.26044E-4 4.37162E-4 2.875E-4 2.65671E-4 3.18143E-4 4.43662E-4 4.52589E-4 3.13116E-4 3.2932E-4 3.94149E-4
-9999 -9999 -9999 -9999 -9999 -9999 -9999 -9999 2.47682E-6 1.35757E-6 1.39138E-7 1.9688E-7 7.80673E-7 4.89432E-7 1.24376E-7 6.40159E-7 2.34569E-7 5.799E-6 1.35062E-5 1.77958E-5 1.84828E-5 2.07917E-5 9.74396E-5 4.55816E-5 4.86467E-5 6.36217E-5 2.19778E-5 1.27237E-5 3.36682E-6 2.15622E-6 2.91042E-6 6.50622E-6 1.1542E-5 2.1886E-5 9.41822E-5 1.1098E-4 1.15417E-4 1.69766E-4 7.9443E-5 3.84748E-4 9.88342E-4 1.41425E-3 1.2622E-3 1.21445E-3 1.12586E-3 6.92162E-4 5.71572E-4 4.58187E-4 7.808E-4 7.53719E-4 8.44551E-4 6.28425E-4 4.91383E-4 3.27441E-4 5.04106E-4 2.13897E-4 5.24528E-4 4.73447E-4 3.19567E-4 5.95764E-4 5.64815E-4
-9999 -9999 -9999 -9999 -9999 -9999 -9999 -9999 -9999 6.94462E-6 2.45896E-7 8.68383E-8 1.60269E-7 1.14663E-6 3.00963E-7 1.21427E-7 2.69013E-7 4.52085E-6 1.86807E-4 3.23107E-5 6.63544E-6 1.02506E-5 3.1761E-5 7.35361E-5 3.64345E-5 3.63589E-5 3.16154E-5 2.03121E-5 7.32165E-6 2.70148E-6 1.38906E-6 8.13749E-7 3.60512E-6 5.44503E-6 2.13563E-5 4.43761E-5 1.24369E-4 1.06077E-4 1.5103E-4 1.12971E-3 1.1246E-3 1.9134E-3 1.70575E-3 1.35066E-3 9.89745E-4 6.2782E-4 6.7663E-4 7.64611E-4 3.49346E-4 4.41368E-4 4.48506E-4 5.52084E-4 3.95319E-4 9.83211E-4 6.80981E-4 3.4924E-4 5.15359E-4 6.68437E-4 4.32944E-4 5.39801E-4 3.22145E-4
-9999 -9999 -9999 -9999 -9999 -9999 -9999 -9999 -9999 3.49353E-6 1.40647E-6 8.73876E-8 7.33807E-8 4.89318E-7 1.44977E-6 9.04238E-7 3.53128E-7 2.82879E-7 7.27932E-6 5.10542E-6 4.56043E-6 3.45359E-6 2.41722E-5 6.50042E-5 4.2949E-5 3.89251E-5 4.59925E-5 2.28065E-5 6.23575E-6 1.42106E-6 1.6809E-6 4.28575E-7 6.24533E-6 1.01707E-5 2.35107E-5 4.22683E-5 9.8986E-5 1.51772E-4 1.21561E-4 5.49042E-4 1.50353E-3 1.34418E-3 1.04616E-3 1.04265E-3 8.80858E-4 4.61171E-4 3.20511E-4 7.85187E-4 4.79064E-4 5.66792E-4 7.38637E-4 4.45221E-4 6.35746E-4 5.59708E-4 7.94756E-4 5.52583E-4 3.066E-4 3.92982E-4 3.33153E-4 4.2402E-4 3.7138E-4
-9999 -9999 -9999 -9999 -9999 -9999 -9999 -9999 -9999 -9999 3.32554E-6 3.26377E-7 2.88515E-8 5.80767E-7 8.59847E-7 6.26459E-7 7.28336E-7 4.78675E-7 4.42779E-6 2.23231E-6 2.44181E-6 1.80157E-6 1.0265E-5 1.23324E-4 8.67948E-5 6.6026E-5 4.13353E-5 2.05457E-5 5.17848E-6 2.54567E-6 1.55505E-6 1.35061E-6 6.93816E-7 3.76111E-6 1.71792E-5 5.11192E-5 8.06493E-5 1.08383E-4 1.65558E-4 7.29831E-4 1.37365E-3 1.14914E-3 1.02918E-3 8.91943E-4 3.43452E-4 3.64742E-4 2.76739E-4 5.83021E-4 3.93846E-4 5.13755E-4 8.54034E-4 7.69561E-4 8.0469E-4 7.51272E-4 4.86638E-4 6.36093E-4 6.15339E-4 3.36681E-4 3.24211E-4 4.08669E-4 3.72366E-4
-9999 -9999 -9999 -9999 -9999 -9999 -9999 -9999 -9999 -9999 2.29162E-6 8.94145E-7 1.06317E-7 2.60352E-7 8.90689E-7 8.39318E-7 6.66344E-7 1.96568E-7 8.38242E-7 2.01673E-6 2.7971E-6 2.88413E-6 8.77905E-6 3.77618E-5 8.45149E-5 1.56171E-4 1.32435E-4 4.31006E-5 2.88177E-5 4.88101E-6 1.69134E-6 5.14089E-6 2.0595E-6 6.43317E-6 3.20141E-5 1.09996E-5 4.78479E-5 8.30328E-5 1.4569E-4 9.64238E-4 1.76616E-3 1.05596E-3 1.017E-3 1.1273E-3 9.71731E-4 4.71787E-4 2.06353E-4 2.53632E-4 4.29464E-4 4.24758E-4 7.33193E-4 7.69105E-4 7.76388E-4 7.54891E-4 7.86887E-4 5.06302E-4 5.52173E-4 5.26316E-4 4.67041E-4 3.35166E-4 3.46641E-4
