Candidate_Models_Sept202022/M_0.1_F_lqp_Set_1_all/Bison.asc
ncols         97
nrows         127
xllcorner     -2197417.7431653
yllcorner     -584827.01486885
cellsize      30000.0
NODATA_value  -9999
[rows 27 to 53 of 127, columns 0 to 60 of 97]
-9999 -9999 1.13056E-6 1.59732E-7 4.74559E-6 2.59087E-5 4.35404E-5 3.59101E-5 3.63869E-5 5.1503E-5 2.37943E-5 3.36179E-5 1.71233E-5 3.57854E-5 2.50169E-5 3.51366E-5 2.71957E-5 1.87565E-5 8.34057E-6 8.33849E-6 8.4263E-6 6.06267E-6 3.33976E-6 2.00634E-6 2.37266E-6 2.92734E-6 3.00781E-6 4.54445E-6 2.57789E-6 2.75081E-6 3.32186E-6 1.13411E-5 5.81139E-6 1.02912E-5 1.72908E-5 1.74822E-5 1.29321E-5 1.94518E-5 5.25109E-6 3.11693E-5 9.24443E-5 3.7497E-5 4.96908E-5 9.2168E-5 3.17184E-5 3.24934E-5 2.77659E-5 1.55028E-5 9.35826E-6 7.17598E-6 5.76741E-6 6.25486E-6 3.09595E-6 2.35428E-6 1.24114E-6 8.64711E-7 8.33042E-7 7.41153E-7 9.16882E-7 1.10121E-6 1.85549E-6
-9999 5.89546E-9 2.91934E-6 4.73772E-7 1.75819E-7 4.70177E-6 4.59515E-5 2.28385E-5 2.82366E-5 5.18241E-5 3.34146E-5 3.72996E-5 7.10051E-5 5.30922E-5 2.73103E-5 3.65935E-5 4.132E-5 2.38326E-5 1.75043E-5 1.20424E-5 6.87167E-6 6.72267E-6 3.05332E-6 2.27032E-6 4.16458E-6 2.75225E-6 1.59457E-6 3.96243E-6 2.99269E-6 5.72737E-6 3.7245E-6 8.3482E-6 4.7753E-6 8.66034E-6 9.15562E-6 9.77003E-6 8.97944E-6 3.30589E-5 4.03037E-5 3.49734E-5 4.67285E-5 2.34691E-5 4.62088E-5 4.19363E-5 4.21652E-5 1.87633E-5 2.17137E-5 9.72339E-6 7.98311E-6 4.84677E-6 6.00041E-6 7.83511E-6 2.56937E-6 1.77203E-6 1.2859E-6 9.82676E-7 8.24125E-7 7.53712E-7 8.21241E-7 9.99249E-7 9.13615E-7
-9999 2.12733E-12 4.34243E-10 4.24445E-7 2.46307E-7 3.29073E-6 1.40976E-5 3.67061E-5 1.17105E-5 4.30255E-5 2.49187E-5 4.1902E-5 6.88441E-5 5.34164E-5 4.4338E-5 1.74556E-5 3.16942E-5 3.21628E-5 2.11426E-5 1.00978E-5 1.1105E-5 5.16764E-6 7.27235E-6 2.96259E-6 6.88572E-6 4.82946E-6 2.43814E-6 1.81604E-6 3.91878E-6 2.83456E-6 5.6296E-6 1.08071E-5 1.33942E-5 8.57671E-6 9.37575E-6 9.56159E-6 5.42039E-6 1.20138E-5 1.12322E-5 2.89227E-5 3.0511E-5 3.59868E-5 2.93193E-5 3.35519E-5 1.68477E-5 2.23409E-5 1.26795E-5 8.55649E-6 4.839E-6 5.37344E-6 5.58953E-6 4.41725E-6 2.38172E-6 1.55583E-6 1.18303E-6 9.92176E-7 8.31372E-7 7.10501E-7 6.85004E-7 9.30139E-7 8.94529E-7
1.46487E-7 9.47877E-13 7.10254E-18 2.65184E-11 1.86646E-9 1.47782E-6 7.20742E-6 5.13253E-5 2.05922E-5 4.14981E-5 2.90593E-5 4.14881E-5 7.50243E-5 7.32342E-5 4.26678E-5 2.56674E-5 5.72171E-5 2.6086E-5 2.52214E-5 1.6816E-5 9.14943E-6 7.44693E-6 1.10521E-5 5.23675E-6 6.51794E-6 5.91922E-6 3.7141E-6 1.97258E-6 4.51305E-6 5.74904E-6 6.28453E-6 5.93378E-6 1.49904E-5 5.75306E-6 8.93483E-6 1.13218E-5 5.49139E-6 9.54782E-6 2.01771E-5 3.05661E-5 3.55339E-5 3.17129E-5 1.76739E-5 2.97452E-5 2.06543E-5 1.83428E-5 1.50109E-5 8.80653E-6 4.49061E-6 2.53216E-6 2.15579E-6 2.42464E-6 2.31224E-6 1.80285E-6 1.40727E-6 1.09001E-6 8.03964E-7 7.37432E-7 7.23272E-7 9.0899E-7 8.79944E-7
1.44894E-6 2.94925E-8 1.22699E-15 4.2007E-20 7.02161E-11 3.84856E-6 1.04994E-5 8.452E-5 3.46373E-5 5.12719E-5 4.7526E-5 6.58281E-5 6.24211E-5 9.18036E-5 5.58785E-5 3.2949E-5 2.06633E-5 5.76571E-5 2.25955E-5 9.91363E-6 7.36657E-6 7.49975E-6 9.57143E-6 6.05751E-6 8.2294E-6 5.73399E-6 4.91344E-6 2.87664E-6 2.74643E-6 6.34793E-6 9.38605E-6 1.17102E-5 9.70495E-6 3.82613E-6 1.88524E-5 1.03639E-5 1.80155E-5 1.63599E-5 1.82287E-5 1.73431E-5 2.62444E-5 2.5492E-5 2.33474E-5 1.81779E-5 1.71913E-5 1.41745E-5 1.36327E-5 1.09125E-5 6.52782E-6 2.75465E-6 2.38317E-6 2.52763E-6 1.96165E-6 1.82093E-6 1.52917E-6 1.15079E-6 8.85973E-7 8.62579E-7 8.03737E-7 9.01812E-7 9.147E-7
1.99837E-7 7.68712E-8 2.74476E-8 2.52517E-14 6.973E-13 2.89434E-6 2.08516E-5 4.82715E-5 6.82466E-5 6.3064E-5 6.42462E-5 6.08634E-5 5.85061E-5 6.64781E-5 4.68087E-5 1.35426E-5 6.60395E-6 2.20921E-5 3.33254E-5 1.86838E-5 1.05518E-5 9.56085E-6 9.44622E-6 9.34601E-6 1.50611E-5 5.08986E-6 5.98501E-6 2.96822E-6 3.92838E-6 6.01216E-6 6.99872E-6 8.08068E-6 4.32663E-6 3.78799E-6 1.8635E-5 2.04897E-5 1.15335E-5 1.19853E-5 1.37801E-5 1.00868E-5 1.52458E-5 1.84284E-5 2.32957E-5 1.64822E-5 1.61548E-5 1.18107E-5 1.07845E-5 1.17369E-5 8.09352E-6 3.39339E-6 2.96712E-6 2.68797E-6 1.82836E-6 1.93029E-6 1.60329E-6 1.13887E-6 9.95336E-7 9.34086E-7 1.02227E-6 9.25298E-7 9.99419E-7
-9999 4.80431E-8 3.49127E-7 6.07681E-6 2.26374E-11 9.34134E-6 1.93068E-5 2.62205E-5 5.08346E-5 4.19564E-5 6.85151E-5 7.54957E-5 6.48602E-5 5.57801E-5 1.47856E-5 1.62059E-5 4.19542E-6 3.95629E-6 3.53404E-5 2.7262E-5 1.49823E-5 1.7181E-5 1.32997E-5 7.95306E-6 7.75389E-6 8.54158E-6 7.73415E-6 4.37315E-6 9.52814E-6 5.52169E-6 7.62405E-6 1.12773E-5 6.89487E-6 1.01272E-5 2.08316E-5 1.18291E-5 1.37647E-5 1.83831E-5 1.47102E-5 1.35898E-5 1.9249E-5 1.91081E-5 2.01208E-5 1.87748E-5 1.44402E-5 1.50333E-5 1.23843E-5 2.07368E-5 1.59027E-5 7.80261E-6 5.07423E-6 4.11502E-6 2.76474E-6 2.45217E-6 1.66035E-6 1.38149E-6 1.6255E-6 1.06128E-6 1.05267E-6 9.46098E-7 1.09628E-6
-9999 -9999 1.22063E-7 1.57628E-6 2.0981E-8 2.00087E-5 7.58813E-6 2.0397E-5 3.32092E-5 4.27872E-5 3.0904E-5 1.51925E-4 4.24694E-5 4.02375E-5 1.28577E-5 1.59232E-5 1.02824E-5 5.35049E-6 1.098E-5 2.61048E-5 2.32657E-5 1.2471E-5 1.23679E-5 6.66326E-6 1.75745E-5 2.75698E-6 8.59183E-6 4.61644E-6 6.76974E-6 4.4551E-6 5.98559E-6 1.07052E-5 1.11777E-5 1.76311E-5 1.77975E-5 1.19478E-5 9.49785E-6 1.47297E-5 5.73964E-6 7.05788E-6 2.92336E-5 2.5108E-5 2.81049E-5 1.74792E-5 2.78406E-5 2.11611E-5 2.04375E-5 1.89212E-5 2.35258E-5 1.97476E-5 9.71981E-6 5.3216E-6 3.04302E-6 2.52424E-6 1.80023E-6 1.405E-6 1.89699E-6 1.17574E-6 1.20295E-6 1.2139E-6 1.15695E-6
-9999 -9999 6.59768E-8 7.5596E-6 1.36507E-6 5.99215E-6 2.89648E-6 1.1446E-5 1.83952E-5 2.64587E-5 3.28885E-5 8.61785E-5 4.53214E-5 3.7532E-5 1.5941E-5 3.51187E-5 2.21084E-5 1.97445E-5 8.05292E-6 9.77907E-6 1.81326E-5 2.52272E-5 1.6801E-5 2.04432E-6 1.03026E-5 3.94983E-6 1.03005E-5 6.79521E-6 7.19709E-6 7.07973E-6 4.6563E-6 9.84697E-6 1.16787E-5 1.94688E-5 1.77166E-5 1.49285E-5 3.00232E-6 8.29141E-6 5.51041E-6 5.92826E-6 1.2438E-5 2.85938E-5 1.69112E-5 2.78075E-5 2.95481E-5 2.74316E-5 2.38371E-5 2.21105E-5 1.75924E-5 2.64229E-5 1.35999E-5 1.32676E-5 5.0306E-6 2.73354E-6 2.08952E-6 1.671E-6 1.46586E-6 1.42424E-6 1.47329E-6 1.40768E-6 1.13272E-6
-9999 -9999 1.22948E-7 1.24393E-5 2.02651E-6 1.97105E-6 1.34016E-6 1.62032E-5 2.19847E-5 1.17226E-5 1.91795E-5 3.75727E-5 6.17168E-5 3.98913E-5 1.84082E-5 2.67994E-5 2.80584E-5 2.44963E-5 2.69099E-5 8.08912E-6 1.61707E-5 2.68778E-5 1.58153E-5 8.07125E-6 8.20504E-6 1.557E-6 1.23968E-5 5.24642E-6 5.61985E-6 6.98428E-6 7.60276E-6 9.84802E-6 1.23911E-5 1.97599E-5 1.75227E-5 1.81106E-5 3.72719E-6 4.14764E-6 5.1792E-6 5.97962E-6 7.89976E-6 1.64686E-5 1.5005E-5 9.8718E-6 3.21887E-5 3.22042E-5 2.85537E-5 2.95453E-5 2.5008E-5 2.6272E-5 1.3543E-5 9.09218E-6 4.95234E-6 3.19566E-6 3.24217E-6 2.28556E-6 1.8885E-6 1.63431E-6 1.95593E-6 1.61953E-6 1.3459E-6
-9999 -9999 -9999 2.81221E-6 1.04744E-7 6.21523E-6 2.11711E-6 8.56356E-6 6.45369E-6 3.97116E-6 6.74964E-6 3.45949E-5 6.07213E-5 4.1109E-5 2.36466E-5 2.47776E-5 2.33929E-5 2.12508E-5 2.44427E-5 2.40722E-5 1.50689E-5 9.91889E-6 1.23346E-5 1.44005E-5 1.3701E-5 7.26352E-6 9.96524E-6 1.73354E-5 1.47848E-5 9.1801E-6 7.55875E-6 1.19255E-5 1.6748E-5 1.32577E-5 1.46538E-5 1.56602E-5 8.15754E-6 4.06629E-6 5.65347E-6 7.60717E-6 7.13933E-6 1.09123E-5 1.88919E-5 2.19441E-5 3.62351E-5 2.90074E-5 3.03913E-5 3.49788E-5 1.84739E-5 1.37036E-5 1.04149E-5 9.37797E-6 7.77796E-6 4.72275E-6 4.55513E-6 3.3504E-6 3.29787E-6 2.39911E-6 1.6426E-6 1.63554E-6 1.52195E-6
-9999 -9999 -9999 1.17247E-6 1.19172E-9 2.6721E-5 1.11966E-5 1.1486E-5 1.36532E-5 1.15349E-5 5.32809E-6 3.45285E-5 3.69165E-5 3.66209E-5 3.58063E-5 2.34354E-5 1.60153E-5 1.84886E-5 1.38037E-5 2.50169E-5 1.18032E-5 9.10616E-6 9.51043E-6 1.48777E-5 1.50666E-5 2.14068E-5 2.57226E-5 1.59897E-5 1.01634E-5 7.95765E-6 8.81365E-6 1.65735E-5 2.26331E-5 1.35781E-5 1.37064E-5 1.41444E-5 6.8147E-6 8.24655E-6 2.09943E-5 6.83733E-6 6.86287E-6 9.175E-6 9.69891E-6 9.84401E-6 2.64519E-5 3.35215E-5 3.07152E-5 3.54663E-5 3.2031E-5 2.86053E-5 8.0346E-6 2.52723E-5 1.09513E-5 9.05858E-6 5.87154E-6 3.34339E-6 3.05692E-6 2.47613E-6 2.33295E-6 1.7754E-6 1.59719E-6
-9999 -9999 -9999 1.90584E-6 2.59654E-6 6.94123E-5 2.75418E-5 1.54487E-5 9.34378E-6 1.76352E-5 5.55162E-6 1.52286E-5 3.22752E-5 3.05077E-5 2.70743E-5 2.57467E-5 8.04978E-6 1.99934E-5 1.9279E-5 2.10472E-5 1.11117E-5 9.07809E-6 1.40084E-5 2.02777E-5 2.60775E-5 2.21148E-5 2.25403E-5 1.85778E-5 1.49536E-5 7.27881E-6 7.87082E-6 1.87793E-5 2.35198E-5 1.28042E-5 1.81194E-5 1.84056E-5 2.30811E-5 2.43425E-5 1.655E-5 7.81289E-6 5.99712E-6 7.43478E-6 1.57118E-5 2.18687E-5 3.50359E-5 3.69064E-5 2.52929E-5 4.15409E-5 3.15025E-5 2.67903E-5 1.8559E-5 1.25953E-5 2.55093E-5 1.64397E-5 1.02047E-5 9.63199E-6 1.19659E-5 6.44866E-6 4.55986E-6 2.66252E-6 1.88073E-6
-9999 -9999 -9999 -9999 4.15668E-6 6.17051E-5 2.87992E-6 5.4364E-6 2.33158E-5 6.49663E-6 6.44828E-7 5.85689E-6 4.05858E-5 1.95557E-5 3.0688E-5 2.61222E-5 2.0986E-5 2.21522E-5 2.94541E-5 2.64113E-5 1.54636E-5 1.45384E-5 1.6843E-5 1.67947E-5 1.84953E-5 1.66373E-5 1.91181E-5 1.54935E-5 1.50003E-5 1.47561E-5 2.04963E-5 2.5066E-5 1.3728E-5 1.54374E-5 1.43884E-5 1.87545E-5 2.27558E-5 1.7707E-5 8.53559E-6 1.05647E-5 1.25608E-5 1.32092E-5 1.60936E-5 3.94745E-5 4.0646E-5 3.29814E-5 2.42113E-5 3.75296E-5 5.24161E-5 3.36103E-5 1.29215E-5 3.03583E-5 4.59075E-5 2.20223E-5 1.2556E-5 2.42789E-5 9.09063E-6 1.55071E-5 1.49941E-5 3.16156E-6 1.87529E-6
-9999 -9999 -9999 -9999 2.27554E-5 9.06436E-6 3.05971E-6 1.23888E-5 1.38455E-5 2.88799E-8 7.47498E-8 3.13332E-6 3.9532E-5 2.43783E-5 3.22837E-5 1.83892E-5 1.80845E-5 2.07164E-5 2.81505E-5 2.14407E-5 2.55518E-5 3.3417E-5 2.06359E-5 1.92888E-5 1.71236E-5 1.52545E-5 1.62991E-5 1.31781E-5 1.4184E-5 1.13053E-5 1.68012E-5 2.98137E-5 1.56721E-5 1.95483E-5 1.79612E-5 2.14057E-5 1.98232E-5 2.81419E-5 2.16867E-5 2.66889E-5 1.96472E-5 2.75257E-5 2.71208E-5 4.39898E-5 3.40545E-5 4.51605E-5 4.97016E-5 1.2605E-5 3.37862E-5 5.57448E-5 4.17663E-5 4.35106E-5 5.49852E-5 1.46131E-5 1.7353E-5 2.95579E-5 2.37893E-5 1.99932E-5 1.36848E-5 3.93581E-6 2.38664E-6
-9999 -9999 -9999 -9999 1.31278E-6 6.91649E-6 2.2815E-6 1.02272E-5 3.89993E-6 1.38584E-7 5.86284E-7 1.28541E-6 1.24269E-5 1.97826E-5 2.17871E-5 1.98604E-5 2.65616E-5 2.36754E-5 1.49727E-5 2.30483E-5 2.1306E-5 1.81997E-5 2.59741E-5 2.5161E-5 2.12258E-5 2.02331E-5 1.65243E-5 1.83282E-5 1.49124E-5 1.23816E-5 2.13772E-5 1.77836E-5 2.24884E-5 2.22783E-5 2.22155E-5 2.34396E-5 2.33012E-5 2.86781E-5 3.28199E-5 2.77127E-5 3.52099E-5 3.56044E-5 4.83559E-5 4.57216E-5 3.88048E-5 3.85252E-5 5.62849E-5 6.60805E-5 -9999 5.03692E-5 3.56595E-5 3.79751E-5 1.77672E-5 2.37233E-5 5.10006E-5 2.71392E-5 2.14327E-5 1.53416E-5 2.89329E-5 6.81349E-6 2.89041E-6
-9999 -9999 -9999 -9999 1.77567E-6 2.61659E-6 1.13004E-6 9.00415E-8 1.43835E-4 2.72002E-4 1.25081E-6 6.65613E-7 5.76913E-6 1.56754E-5 1.17247E-5 1.97338E-5 2.68873E-5 1.02127E-5 1.10356E-5 2.46755E-5 2.02145E-5 1.93274E-5 2.44183E-5 2.47736E-5 1.95156E-5 1.45611E-5 9.51411E-6 2.52985E-5 1.52713E-5 1.91997E-5 2.53291E-5 2.00562E-5 2.27495E-5 2.22872E-5 2.00724E-5 2.55496E-5 2.56823E-5 2.67173E-5 2.82187E-5 3.08039E-5 3.14226E-5 3.98121E-5 4.33629E-5 4.44385E-5 4.60309E-5 3.92692E-5 -9999 -9999 -9999 -9999 4.65873E-5 2.36061E-5 2.44793E-5 4.22443E-5 3.38702E-5 2.77384E-5 1.00764E-5 7.45008E-6 3.61754E-6 5.71525E-6 5.38748E-6
-9999 -9999 -9999 -9999 7.81515E-7 2.96958E-6 1.22307E-6 3.69735E-7 6.44012E-9 4.0552E-4 1.5544E-6 1.69677E-6 5.18367E-6 1.13887E-5 9.47573E-6 1.51098E-5 1.96668E-5 1.12158E-5 1.58617E-5 2.07547E-5 2.03964E-5 2.38515E-5 3.00544E-5 2.70486E-5 1.56329E-5 8.75E-6 1.29093E-5 1.95512E-5 1.90659E-5 2.41295E-5 2.24393E-5 2.2751E-5 2.21667E-5 3.11405E-5 1.74147E-5 2.16578E-5 3.07152E-5 2.64508E-5 2.74628E-5 3.00514E-5 4.10517E-5 3.89558E-5 3.01695E-5 1.79729E-5 4.84302E-5 -9999 -9999 -9999 -9999 1.19842E-4 3.7284E-5 3.65882E-5 3.0532E-5 3.46847E-5 3.28547E-5 2.45361E-5 2.20957E-5 1.42057E-5 1.45153E-5 2.12488E-5 7.74343E-6
-9999 -9999 -9999 -9999 2.04197E-6 7.82677E-6 1.4313E-6 1.41763E-7 5.73055E-6 6.32824E-5 1.76166E-6 1.40458E-6 2.56991E-6 1.26932E-5 1.32984E-5 1.39902E-5 1.98777E-5 2.10556E-5 8.33215E-6 1.02159E-5 2.0282E-5 2.92714E-5 2.24873E-5 1.85383E-5 1.88158E-5 1.63174E-5 1.59491E-5 2.29665E-5 2.64184E-5 1.90662E-5 2.09278E-5 2.44787E-5 2.38197E-5 2.60762E-5 2.71257E-5 2.11891E-5 2.40237E-5 2.36783E-5 3.35751E-5 3.27578E-5 3.54956E-5 3.73423E-5 4.4836E-5 4.77065E-5 6.29613E-5 -9999 -9999 -9999 1.16824E-4 8.27234E-5 4.74081E-5 3.51225E-5 3.53281E-5 2.60888E-5 2.88355E-5 1.9236E-5 2.24401E-5 7.56631E-6 8.69624E-6 1.38774E-5 5.62148E-6
-9999 -9999 -9999 2.26019E-6 4.51244E-4 1.0686E-4 2.60973E-7 6.62385E-7 4.17047E-7 3.36488E-6 1.07796E-6 9.21659E-7 3.21821E-6 1.00821E-5 1.66017E-5 1.29063E-5 2.52314E-5 1.8179E-5 1.73971E-5 5.78219E-6 1.37615E-5 2.04081E-5 1.75544E-5 1.12977E-5 1.35513E-5 1.9798E-5 2.44331E-5 2.13497E-5 1.48257E-5 1.53951E-5 3.03589E-5 2.72832E-5 2.4282E-5 2.66001E-5 2.66974E-5 2.82927E-5 2.48509E-5 3.15297E-5 3.07289E-5 3.55538E-5 3.22096E-5 3.11089E-5 3.6909E-5 4.98227E-5 1.33619E-4 7.86418E-5 8.2799E-5 8.66493E-5 8.94105E-5 5.72222E-5 5.09541E-5 4.17374E-5 4.23782E-5 3.71872E-5 3.19793E-5 1.77223E-5 2.2996E-5 9.78523E-6 9.03723E-6 1.05534E-5 7.9635E-6
-9999 -9999 -9999 -9999 3.84434E-5 3.27722E-4 1.86401E-6 -9999 5.64652E-7 4.43256E-6 9.38189E-7 2.79304E-7 8.71209E-6 1.41076E-5 1.52142E-5 2.1073E-5 2.20892E-5 1.85432E-5 1.32511E-5 8.95414E-6 8.0995E-6 1.68917E-5 1.06096E-5 1.35489E-5 2.21214E-5 2.53587E-5 2.78454E-5 1.89418E-5 1.52305E-5 1.68322E-5 1.74711E-5 2.47411E-5 2.33094E-5 2.63209E-5 2.3951E-5 2.19902E-5 2.34852E-5 2.07098E-5 2.4286E-5 4.0317E-5 5.24375E-5 4.22501E-5 3.1301E-5 4.15044E-5 4.27279E-5 6.01908E-5 6.29442E-5 6.43118E-5 6.76934E-5 5.19961E-5 4.86804E-5 3.12138E-5 4.17757E-5 4.18582E-5 3.58996E-5 1.52962E-5 2.1455E-5 1.26771E-5 1.48337E-5 1.2458E-5 7.01474E-6
-9999 -9999 -9999 -9999 2.78622E-5 4.83349E-6 9.29141E-7 6.22026E-7 1.25036E-6 2.90559E-5 2.21851E-6 2.1959E-7 1.91536E-6 6.32582E-6 1.20408E-5 3.26953E-5 1.92474E-5 2.16689E-5 1.39873E-5 1.01947E-5 7.93887E-6 1.16127E-5 1.65986E-5 1.28414E-5 1.33004E-5 2.86921E-5 2.1794E-5 2.20491E-5 2.44363E-5 2.20122E-5 2.24102E-5 3.15601E-5 2.39187E-5 2.6528E-5 3.0408E-5 3.14305E-5 2.73882E-5 1.59356E-5 2.7541E-5 3.1393E-5 3.38717E-5 3.88108E-5 2.53524E-5 3.42531E-5 3.29534E-5 5.02659E-5 4.91542E-5 4.07057E-5 5.05384E-5 4.93275E-5 4.23174E-5 3.77555E-5 4.41627E-5 4.71046E-5 4.98248E-5 3.18518E-5 2.30639E-5 2.47915E-5 1.03179E-5 1.43762E-5 1.5181E-5
-9999 -9999 -9999 -9999 2.60196E-4 1.32669E-6 1.9025E-6 5.92344E-7 2.08652E-6 2.6979E-5 1.22828E-6 2.18282E-7 1.06941E-6 1.11792E-5 1.16604E-5 1.3679E-5 1.58631E-5 2.74162E-5 2.13743E-5 1.30493E-5 5.8806E-6 1.09967E-5 8.33375E-6 1.00113E-5 1.00794E-5 1.25539E-5 1.54051E-5 2.30905E-5 2.35211E-5 2.44508E-5 2.68527E-5 2.61218E-5 3.64945E-5 2.97119E-5 4.23554E-5 3.63016E-5 3.69402E-5 3.21799E-5 3.57939E-5 4.05507E-5 3.92206E-5 3.84062E-5 3.16351E-5 3.37675E-5 3.97703E-5 4.36586E-5 3.0758E-5 3.60456E-5 4.54776E-5 4.7034E-5 4.05832E-5 3.70359E-5 4.06282E-5 4.09835E-5 4.19742E-5 2.45564E-5 2.59938E-5 2.38283E-5 1.67011E-5 1.50706E-5 1.05548E-5
-9999 -9999 -9999 -9999 -9999 2.21029E-6 1.86722E-6 1.60704E-6 2.04758E-6 4.61611E-6 5.18659E-7 1.62942E-6 2.9011E-6 2.57494E-6 4.82874E-6 1.16786E-5 1.5319E-5 1.90377E-5 2.58997E-5 1.9348E-5 1.36953E-5 1.39626E-5 1.17073E-5 1.59889E-5 6.6335E-6 5.6297E-6 1.82191E-5 2.50207E-5 2.48583E-5 3.58607E-5 3.68202E-5 3.8593E-5 3.27008E-5 3.14729E-5 3.33598E-5 4.3934E-5 3.43544E-5 3.28257E-5 3.92344E-5 3.48645E-5 3.96189E-5 3.99922E-5 3.67232E-5 4.90312E-5 5.07784E-5 4.27232E-5 2.81491E-5 4.1664E-5 4.32522E-5 5.60388E-5 4.71796E-5 4.45621E-5 4.2263E-5 3.6298E-5 4.0168E-5 2.37293E-5 2.88723E-5 3.11908E-5 2.72608E-5 7.51272E-6 1.21474E-5
-9999 -9999 -9999 -9999 -9999 1.7254E-6 8.17973E-7 2.30084E-6 5.50014E-6 1.01844E-5 4.54221E-7 5.85247E-8 2.96287E-7 1.27795E-6 5.14512E-6 7.08284E-6 1.85752E-5 1.62769E-5 2.56338E-5 2.38186E-5 1.5547E-5 1.18214E-5 2.23242E-5 1.6779E-5 8.71597E-6 1.23151E-5 2.39557E-5 2.68931E-5 2.97951E-5 2.2906E-5 2.96083E-5 3.2859E-5 3.77845E-5 3.29642E-5 3.2863E-5 4.09939E-5 4.31586E-5 4.64956E-5 4.30349E-5 4.24282E-5 3.48963E-5 4.02675E-5 4.59009E-5 5.00474E-5 3.41003E-5 4.70952E-5 4.80926E-5 3.60036E-5 3.19126E-5 3.95859E-5 4.485E-5 4.06525E-5 3.01034E-5 2.69616E-5 4.28226E-5 2.37006E-5 2.43227E-5 3.19455E-5 2.06793E-5 1.87623E-5 1.4859E-5
-9999 -9999 -9999 -9999 -9999 6.33741E-6 1.01014E-6 1.36097E-6 4.15732E-6 4.0208E-7 4.24346E-7 1.11576E-8 1.09073E-7 1.87919E-7 5.96697E-6 7.88778E-6 1.38526E-5 1.29199E-5 1.27248E-5 3.08749E-5 1.58602E-5 1.66997E-5 2.1005E-5 1.91803E-5 1.27643E-5 1.70736E-5 1.47543E-5 3.14994E-5 2.89044E-5 2.97314E-5 3.13488E-5 3.66768E-5 3.89472E-5 3.99026E-5 5.02871E-5 5.56477E-5 5.31786E-5 6.39276E-5 5.02847E-5 5.07164E-5 4.64514E-5 4.31013E-5 4.64634E-5 3.71018E-5 4.89063E-5 3.92241E-5 4.73744E-5 3.94985E-5 3.92905E-5 4.67652E-5 4.72074E-5 3.6443E-5 2.74795E-5 2.12455E-5 3.7971E-5 3.65281E-5 4.10343E-5 3.40669E-5 2.56562E-5 2.55543E-5 2.11297E-5
-9999 -9999 -9999 -9999 -9999 1.12912E-6 7.20855E-7 1.16382E-6 4.72674E-6 6.26749E-7 4.39568E-7 1.02954E-7 3.86855E-7 1.47804E-6 5.42756E-6 6.39843E-6 9.25907E-6 9.60146E-6 9.65921E-6 2.22953E-5 2.96783E-5 2.21024E-5 3.73929E-5 2.07779E-5 1.22672E-5 2.0127E-5 2.62211E-5 3.79537E-5 3.30313E-5 3.77594E-5 4.03253E-5 4.0497E-5 3.53887E-5 3.98165E-5 4.82375E-5 5.61106E-5 7.25965E-5 5.55132E-5 5.09205E-5 6.24541E-5 8.73815E-5 5.60239E-5 4.24393E-5 2.64188E-5 6.48425E-5 5.49415E-5 5.41252E-5 4.64004E-5 3.96903E-5 5.11479E-5 3.61207E-5 4.47641E-5 4.57992E-5 3.2159E-5 2.52459E-5 -9999 2.68575E-5 1.88732E-5 2.27807E-5 3.06291E-5 2.3195E-5
