Candidate_Models_Sept202022/M_0.1_F_lqp_Set_1_all/Bison.asc
ncols         97
nrows         127
xllcorner     -2197417.7431653
yllcorner     -584827.01486885
cellsize      30000.0
NODATA_value  -9999
[rows 81 to 107 of 127, columns 0 to 60 of 97]
-9999 -9999 -9999 -9999 -9999 -9999 -9999 -9999 -9999 -9999 -9999 3.17522E-6 1.00019E-6 2.56226E-7 2.7671E-6 1.1183E-6 8.39647E-7 1.69667E-7 2.86221E-7 2.5109E-6 7.513E-7 3.34071E-6 3.03788E-6 1.83575E-5 6.89977E-5 1.21805E-4 4.11726E-5 3.45464E-5 3.91868E-5 5.81509E-6 3.62857E-6 8.93595E-7 1.54396E-6 5.61357E-6 1.76381E-5 3.14753E-5 2.90848E-5 1.98028E-4 7.4185E-4 1.63511E-3 2.79828E-3 1.00842E-3 8.99946E-4 1.22572E-3 9.88845E-4 3.8288E-4 2.58207E-4 2.13633E-4 2.74823E-4 3.70749E-4 4.77902E-4 7.67172E-4 7.83971E-4 7.2296E-4 6.51804E-4 3.42009E-4 5.21548E-4 5.73308E-4 4.62637E-4 3.64567E-4 3.45371E-4
-9999 -9999 -9999 -9999 -9999 -9999 -9999 -9999 -9999 -9999 -9999 -9999 2.45136E-6 3.43508E-7 6.6306E-7 1.25793E-6 8.17974E-7 5.21267E-6 1.08746E-6 5.05585E-7 5.80598E-7 4.26781E-7 6.72084E-7 6.02787E-6 1.05245E-4 1.15729E-4 2.19635E-5 3.58327E-5 6.68585E-5 8.88537E-6 2.75388E-6 2.30094E-6 9.60587E-7 3.27091E-6 1.38191E-5 6.01771E-5 3.51991E-5 3.7286E-5 2.43845E-4 9.68823E-4 1.00973E-3 9.64175E-4 9.65722E-4 1.08805E-3 8.65493E-4 3.39492E-4 1.8842E-4 2.87759E-4 3.81655E-4 7.47566E-4 7.45829E-4 8.12475E-4 7.9545E-4 7.95159E-4 6.26749E-4 5.2567E-4 5.26906E-4 4.15768E-4 3.90923E-4 3.02199E-4 4.09337E-4
-9999 -9999 -9999 -9999 -9999 -9999 -9999 -9999 -9999 -9999 -9999 -9999 -9999 1.36838E-6 8.36619E-8 3.43294E-7 9.90088E-8 2.00856E-6 3.90099E-5 6.12447E-6 1.0155E-6 1.55699E-6 2.17803E-7 3.07169E-6 2.26063E-5 1.61834E-5 1.39352E-5 3.87861E-5 8.56446E-6 7.5906E-6 3.08238E-6 2.60838E-6 2.4013E-7 2.79462E-6 3.443E-6 1.43176E-4 3.97042E-5 3.35233E-5 7.86918E-5 7.80557E-4 1.52315E-3 1.17916E-3 1.04298E-3 8.44286E-4 6.57857E-4 2.65686E-4 2.69149E-4 2.85775E-4 3.81572E-4 6.32354E-4 7.10547E-4 7.21429E-4 8.44142E-4 8.10761E-4 6.81492E-4 5.70447E-4 7.16982E-4 5.65377E-4 3.58777E-4 3.67627E-4 3.86012E-4
-9999 -9999 -9999 -9999 -9999 -9999 -9999 -9999 -9999 -9999 -9999 -9999 -9999 1.0248E-6 2.7295E-7 4.05232E-7 8.52963E-7 -9999 1.00166E-6 1.19183E-5 5.28777E-5 9.97143E-6 4.09316E-7 1.83763E-6 4.43236E-5 2.01042E-5 3.53165E-5 2.97491E-5 1.26168E-5 5.38623E-6 6.5968E-6 1.61898E-6 1.0526E-6 2.95324E-6 5.41659E-6 4.47396E-5 2.93451E-5 3.00818E-5 6.23822E-5 3.49978E-4 8.89898E-4 8.82944E-4 8.73126E-4 4.90224E-4 5.55287E-4 8.22727E-4 5.96233E-4 6.91462E-4 3.27772E-4 4.76216E-4 6.55475E-4 5.94833E-4 6.44361E-4 5.46546E-4 6.02351E-4 2.51967E-4 5.98576E-4 7.45558E-4 4.2503E-4 4.23071E-4 5.37887E-4
-9999 -9999 -9999 -9999 -9999 -9999 -9999 -9999 -9999 -9999 -9999 -9999 -9999 1.48334E-6 7.07881E-7 2.25826E-7 7.57393E-7 -9999 9.99452E-6 7.51319E-5 1.95262E-5 6.55677E-7 6.98057E-8 2.29085E-6 1.27103E-5 1.90711E-5 5.23209E-5 1.58234E-5 1.12196E-5 6.04606E-6 2.48667E-6 1.07052E-6 2.79918E-6 5.47267E-6 4.91031E-6 3.69536E-5 2.9895E-5 4.0987E-5 1.26642E-4 1.23436E-4 3.63506E-4 6.98153E-4 8.679E-4 6.36564E-4 4.54128E-4 8.28373E-4 3.78364E-4 2.62486E-4 3.14116E-4 7.86592E-4 6.39198E-4 3.5816E-4 6.02021E-4 8.11989E-4 6.71478E-4 4.64347E-4 8.45949E-4 4.13717E-4 4.17703E-4 4.04158E-4 3.69688E-4
-9999 -9999 -9999 -9999 -9999 -9999 -9999 -9999 -9999 -9999 -9999 -9999 -9999 5.69217E-7 1.078E-6 2.84584E-7 1.7403E-7 -9999 4.0821E-7 1.3315E-5 4.27726E-6 1.47935E-7 2.62892E-7 6.47096E-7 9.8734E-6 3.56675E-5 9.40197E-5 1.89465E-5 1.03722E-5 3.78014E-6 8.22904E-6 5.01013E-6 4.0873E-6 3.53755E-6 7.03539E-6 7.57616E-5 1.10458E-5 4.56584E-5 6.1078E-5 1.53563E-4 2.86776E-4 5.85705E-4 6.46976E-4 6.63048E-4 6.59054E-4 5.46376E-4 2.95743E-4 3.83886E-4 4.48524E-4 8.17403E-4 5.90663E-4 1.90538E-4 3.95965E-4 8.18171E-4 7.32036E-4 7.18628E-4 7.19974E-4 2.32717E-4 3.34928E-4 3.84205E-4 5.03055E-4
-9999 -9999 -9999 -9999 -9999 -9999 -9999 -9999 -9999 -9999 -9999 -9999 -9999 6.53783E-7 5.3828E-7 1.94533E-7 4.06756E-6 -9999 1.38507E-6 1.70122E-5 3.1222E-6 3.42045E-7 2.07094E-7 2.48952E-6 1.73463E-5 7.16791E-5 2.99356E-4 9.14563E-5 4.81506E-5 8.21779E-6 1.73343E-5 2.74953E-6 5.39964E-7 7.66797E-6 2.00629E-5 4.71023E-5 4.65258E-5 2.73102E-5 4.64517E-4 4.28121E-4 2.2971E-4 5.80312E-4 8.30954E-4 6.19878E-4 6.2082E-4 6.10344E-4 7.60494E-4 9.108E-4 6.55551E-4 3.4716E-4 2.83019E-4 1.6147E-4 4.03298E-4 6.68789E-4 9.79417E-4 8.56702E-4 5.77154E-4 3.4757E-4 2.66376E-4 3.24101E-4 4.01761E-4
-9999 -9999 -9999 -9999 -9999 -9999 -9999 -9999 -9999 -9999 -9999 -9999 -9999 2.77837E-7 6.59045E-7 1.20349E-7 2.28753E-7 5.30357E-7 2.6659E-7 1.61269E-5 1.5797E-6 7.90624E-8 4.00617E-7 8.52359E-6 9.9703E-5 2.47043E-4 1.68344E-4 5.09007E-5 2.09755E-5 2.69212E-5 1.72805E-5 4.21082E-6 2.37887E-6 4.26761E-5 9.98585E-6 9.09632E-6 3.77817E-5 7.38822E-6 2.55283E-5 2.64143E-4 3.15891E-4 6.95341E-4 6.67416E-4 5.65069E-4 6.97393E-4 5.87906E-4 5.52825E-4 3.20963E-4 6.77029E-4 6.58456E-4 3.71233E-4 3.20393E-4 9.74957E-4 9.16156E-4 9.26563E-4 7.69459E-4 6.76121E-4 5.62376E-4 6.54178E-4 2.91011E-4 3.91157E-4
-9999 -9999 -9999 -9999 -9999 -9999 -9999 -9999 -9999 -9999 -9999 -9999 -9999 2.54587E-7 8.40447E-7 1.60784E-7 6.69172E-7 1.15634E-7 3.85948E-8 4.40761E-6 2.39736E-6 2.37137E-7 5.5384E-7 1.64803E-5 3.00584E-4 1.8605E-4 5.49428E-5 2.65742E-5 1.86832E-5 8.26632E-5 7.86947E-6 7.39939E-6 7.29287E-6 6.78061E-5 6.40597E-6 9.89011E-6 5.11E-5 4.36055E-6 7.35593E-6 9.99545E-6 2.31168E-4 6.18184E-4 5.33922E-4 8.55752E-4 6.26716E-4 6.12943E-4 7.66049E-4 2.92669E-4 1.53197E-4 2.53746E-4 3.59319E-4 2.37272E-4 8.01304E-4 9.14127E-4 9.95113E-4 8.08588E-4 6.48887E-4 6.54164E-4 5.5267E-4 6.55754E-4 4.21756E-4
-9999 -9999 -9999 -9999 -9999 -9999 -9999 -9999 -9999 -9999 -9999 -9999 -9999 2.90864E-7 5.00691E-7 6.20887E-7 8.23851E-8 6.30323E-8 1.90357E-8 2.7357E-5 4.42838E-7 4.84656E-7 9.64994E-6 1.73542E-4 5.33424E-4 1.30412E-4 1.45604E-4 2.43996E-5 3.59515E-5 6.03622E-5 2.18499E-5 1.07775E-5 2.90423E-5 1.30231E-5 7.01956E-6 8.08273E-6 1.63091E-5 6.64947E-6 2.65625E-5 2.99312E-6 1.11365E-4 1.50214E-4 8.81379E-4 4.57857E-4 7.43371E-4 7.96065E-4 2.82338E-4 2.75835E-4 2.26E-4 5.81979E-4 4.92738E-4 3.2982E-4 7.74505E-4 5.4655E-4 5.15343E-4 5.70963E-4 5.96485E-4 6.32005E-4 7.16601E-4 6.76938E-4 5.39321E-4
-9999 -9999 -9999 -9999 -9999 -9999 -9999 -9999 -9999 -9999 -9999 -9999 -9999 4.76753E-7 8.10229E-7 6.7975E-7 1.07828E-7 1.8876E-8 2.14905E-6 1.82415E-5 1.22918E-6 6.53608E-7 5.18402E-5 3.33449E-4 1.95537E-4 1.06772E-4 2.93395E-4 1.89646E-4 4.45409E-5 2.48303E-5 2.64985E-5 1.68293E-5 2.44121E-5 1.11642E-5 2.08437E-6 2.59723E-5 3.09163E-5 3.61492E-5 8.93622E-5 8.5508E-6 1.63936E-5 1.36735E-4 6.75358E-4 8.55536E-4 2.46416E-4 2.38643E-4 4.16722E-4 4.07312E-4 5.53559E-4 3.0583E-4 1.97266E-4 2.34375E-4 4.64251E-4 5.27853E-4 4.4776E-4 1.8849E-4 2.1492E-4 2.96772E-4 5.15714E-4 4.9173E-4 3.3361E-4
-9999 -9999 -9999 -9999 -9999 -9999 -9999 -9999 -9999 -9999 -9999 -9999 -9999 6.18863E-7 3.40534E-7 1.44219E-6 1.10553E-6 1.41438E-6 1.03623E-5 1.41978E-6 4.81087E-6 2.16981E-5 4.87056E-5 9.10713E-5 8.14889E-5 8.67824E-5 1.81034E-4 1.87273E-4 3.01093E-4 9.3236E-5 3.38756E-5 2.79016E-5 9.17984E-6 3.18725E-6 2.67684E-6 1.64196E-5 7.97409E-5 1.49608E-4 3.23088E-4 1.08893E-5 2.43152E-5 2.47817E-4 3.76718E-4 7.34667E-4 3.67896E-4 4.94307E-4 5.75021E-4 4.94478E-4 4.49503E-4 4.12334E-4 2.42923E-4 2.81529E-4 4.94552E-4 4.54934E-4 4.31868E-4 2.75724E-4 1.88517E-4 4.75097E-4 3.71173E-4 4.96672E-4 4.38228E-4
-9999 -9999 -9999 -9999 -9999 -9999 -9999 -9999 -9999 -9999 -9999 -9999 4.79478E-7 7.0804E-7 1.54931E-6 2.42858E-6 4.40861E-6 5.39758E-6 3.13083E-6 2.20062E-7 4.22162E-6 1.35042E-4 1.2086E-4 1.39035E-4 2.12679E-5 7.30776E-5 1.30721E-4 1.7878E-4 2.27677E-4 4.80859E-5 6.5508E-5 2.17382E-5 6.48632E-6 3.36935E-6 6.79809E-6 6.97525E-6 5.23435E-5 1.87532E-4 3.15114E-5 1.20849E-5 6.18387E-6 1.62232E-4 4.68638E-4 6.59452E-4 5.45094E-4 5.43087E-4 4.55397E-4 3.99106E-4 3.20756E-4 6.69608E-4 3.18988E-4 3.06747E-4 3.40951E-4 3.34117E-4 3.52585E-4 3.37071E-4 2.23435E-4 7.31901E-4 3.65513E-4 3.33255E-4 5.52374E-4
-9999 -9999 -9999 -9999 -9999 -9999 -9999 -9999 -9999 -9999 -9999 -9999 1.71061E-6 1.48506E-6 9.87164E-7 1.441E-6 3.7548E-6 4.39347E-6 9.50905E-7 9.8142E-7 2.50375E-5 5.78704E-5 1.91132E-5 9.28678E-5 7.19318E-5 6.74836E-5 3.50379E-5 9.48096E-5 1.56785E-4 1.61394E-4 1.37292E-4 4.35137E-5 1.13265E-5 1.32185E-5 2.65697E-6 1.11957E-5 1.28994E-4 4.459E-4 5.65883E-5 5.3171E-6 6.72264E-6 1.56902E-4 2.25947E-4 3.9824E-4 3.98604E-4 4.61562E-4 2.6001E-4 3.69164E-4 3.87443E-4 3.88889E-4 2.45667E-4 2.51586E-4 2.03817E-4 3.2791E-4 2.8381E-4 2.71027E-4 2.98387E-4 3.56776E-4 3.69408E-4 2.62076E-4 3.29117E-4
-9999 -9999 -9999 -9999 -9999 -9999 -9999 -9999 -9999 -9999 -9999 -9999 1.59106E-6 1.15347E-6 7.08047E-7 1.73158E-6 3.47889E-6 2.29526E-6 7.55305E-7 9.54766E-6 3.91751E-5 3.24529E-5 2.78099E-5 8.40783E-6 1.67439E-5 4.13649E-5 1.40103E-4 7.71046E-5 1.40643E-4 1.31718E-4 1.86215E-4 1.42013E-5 6.40168E-6 3.29618E-6 2.70128E-6 7.5147E-6 8.57567E-5 4.08188E-4 8.63027E-5 1.22987E-5 9.48988E-6 2.52382E-4 2.34415E-4 4.52917E-4 3.2745E-4 3.36558E-4 2.87176E-4 2.67174E-4 4.04693E-4 9.31567E-4 8.55546E-4 7.43492E-4 2.86153E-4 1.86898E-4 2.73436E-4 4.43709E-4 5.5838E-4 8.29273E-4 3.46783E-4 3.42135E-4 5.35636E-4
-9999 -9999 -9999 -9999 -9999 -9999 -9999 -9999 -9999 -9999 -9999 -9999 6.88676E-6 1.07488E-6 3.77743E-6 2.14266E-6 1.70795E-5 3.90026E-7 2.97657E-6 5.32615E-6 1.5949E-5 1.90405E-5 2.59567E-5 3.68928E-5 1.49121E-5 2.39255E-5 5.86761E-5 9.93655E-5 1.84523E-4 1.99857E-4 1.78266E-4 3.59913E-5 1.04184E-5 5.93999E-6 2.50071E-6 2.50569E-6 3.16894E-5 1.56552E-4 1.91048E-5 4.4152E-5 1.60015E-5 1.53828E-4 2.40278E-4 3.35521E-4 3.80707E-4 4.01751E-4 3.51112E-4 2.00929E-4 2.90662E-4 6.38176E-4 6.68581E-4 7.58725E-4 6.47582E-4 2.81255E-4 9.67681E-4 6.04088E-4 1.14906E-3 4.38101E-4 2.21776E-4 3.32074E-4 2.89314E-4
-9999 -9999 -9999 -9999 -9999 -9999 -9999 -9999 -9999 -9999 -9999 1.56928E-6 1.32357E-6 5.56722E-6 9.35924E-7 4.00045E-8 7.0629E-6 2.19621E-6 7.89411E-6 1.15376E-4 4.67964E-5 2.10192E-5 4.28335E-5 3.72725E-5 2.8632E-6 2.55896E-5 8.08599E-5 2.02954E-4 1.67824E-4 2.85297E-4 2.56634E-4 2.42621E-4 1.1231E-5 1.41674E-5 4.42915E-6 5.41623E-6 1.95979E-5 3.83657E-4 1.66292E-4 9.66503E-5 2.73869E-4 9.68763E-5 5.99904E-4 4.87454E-4 3.72032E-4 5.4217E-4 2.75722E-4 1.18645E-4 2.56078E-4 3.57492E-4 2.79158E-4 1.98806E-4 5.02321E-4 9.54106E-4 3.5717E-4 2.88657E-4 2.24817E-4 2.60587E-4 3.17455E-4 4.10186E-4 2.50331E-4
-9999 -9999 -9999 -9999 -9999 -9999 -9999 -9999 -9999 -9999 -9999 1.05314E-6 2.46525E-6 1.25424E-5 6.65373E-6 2.7228E-6 6.6479E-6 2.42931E-6 3.13229E-5 7.74148E-5 7.75624E-5 1.30492E-5 1.01123E-5 1.33347E-5 4.32951E-5 7.99932E-5 7.26344E-5 9.8675E-6 8.34406E-6 4.98729E-4 3.45612E-4 5.3478E-4 1.1035E-4 6.48742E-6 7.97424E-6 4.10262E-6 9.81003E-6 5.87914E-4 3.25712E-5 4.38624E-4 3.04675E-4 1.66976E-4 9.41283E-4 4.3021E-4 4.23803E-4 8.32866E-5 5.52131E-5 2.54825E-4 2.77184E-4 5.53465E-4 3.19173E-4 1.8552E-4 4.02316E-4 5.53908E-4 1.91835E-4 2.24744E-4 1.80003E-4 1.94183E-4 2.92951E-4 3.31905E-4 3.49061E-4
-9999 -9999 -9999 -9999 -9999 -9999 -9999 -9999 -9999 -9999 1.76894E-7 2.80001E-7 2.65847E-6 5.80959E-6 2.57635E-5 2.87444E-6 1.07894E-6 3.70206E-6 2.48787E-5 1.94499E-5 2.79331E-5 3.22774E-5 4.25961E-5 2.38558E-5 5.23887E-5 1.415E-4 4.96475E-5 9.28256E-6 3.44927E-5 9.39862E-5 1.10277E-4 7.05582E-4 2.05365E-4 6.13991E-6 1.40562E-5 8.40649E-6 2.80044E-5 5.95515E-4 6.68276E-5 2.1018E-4 8.69604E-4 2.56027E-4 5.3765E-4 8.25652E-4 3.14815E-4 5.18071E-4 1.47194E-4 2.99733E-4 3.70182E-4 1.66606E-4 2.80233E-4 1.38908E-4 1.50902E-4 1.75393E-4 1.83743E-4 1.87847E-4 2.00614E-4 2.79448E-4 2.13616E-4 1.92006E-4 2.52344E-4
-9999 -9999 -9999 -9999 -9999 -9999 -9999 -9999 -9999 -9999 1.62025E-7 1.66652E-7 6.2217E-6 1.4053E-5 6.59159E-6 1.59734E-6 1.19818E-6 7.57321E-6 9.03641E-6 1.05876E-5 1.24021E-5 2.72704E-5 3.09517E-5 4.67338E-5 5.17477E-5 5.42116E-5 8.40854E-5 8.32048E-5 1.47175E-4 1.86538E-4 6.94774E-5 8.429E-5 1.56733E-5 9.28423E-6 9.07468E-6 6.63277E-6 5.25515E-5 2.25887E-4 8.32752E-5 3.59243E-4 1.12148E-3 6.81812E-5 2.0068E-4 6.06392E-4 4.48375E-4 2.24825E-4 2.41607E-4 1.46216E-4 1.33511E-4 1.96557E-4 1.21849E-4 2.08009E-4 1.56867E-4 1.71559E-4 2.35817E-4 3.31813E-4 2.36169E-4 2.4936E-4 2.75268E-4 2.92523E-4 3.07721E-4
-9999 -9999 -9999 -9999 -9999 -9999 -9999 -9999 -9999 -9999 1.1809E-7 1.24315E-7 1.13181E-5 5.4996E-6 1.77878E-6 1.57462E-6 1.99049E-6 5.96037E-6 1.38344E-5 1.26233E-5 8.23388E-6 1.31377E-5 1.33966E-5 1.76188E-5 4.23409E-5 3.06289E-5 1.52203E-4 2.43082E-5 9.8894E-5 1.39886E-4 2.64663E-5 2.0572E-5 8.11833E-6 1.58304E-5 1.81744E-5 1.9526E-5 7.17852E-5 1.04021E-4 1.82967E-4 1.70488E-4 6.26591E-4 3.47539E-4 6.02804E-4 5.48345E-4 5.61605E-4 4.62729E-4 1.04732E-4 1.30504E-4 1.52953E-4 1.88608E-4 2.93297E-4 3.79445E-4 3.71415E-4 2.14781E-4 2.52626E-4 1.69728E-4 1.63191E-4 1.92421E-4 4.6783E-4 2.8552E-4 1.9065E-4
-9999 -9999 -9999 -9999 -9999 -9999 -9999 -9999 -9999 7.78495E-8 8.51767E-8 1.30388E-7 2.78308E-6 1.39408E-6 5.64525E-7 6.15635E-7 4.20545E-6 1.19804E-5 1.96507E-5 7.89093E-6 1.16243E-5 1.6178E-5 1.94296E-5 2.0416E-5 1.71088E-5 1.3509E-5 2.94835E-4 4.4285E-5 2.90428E-5 2.21633E-5 2.01588E-5 4.80091E-5 5.37096E-5 4.78351E-5 5.24808E-5 5.94167E-5 8.38624E-5 1.00723E-4 4.74088E-4 1.14442E-4 8.11202E-4 5.3676E-4 8.71454E-4 3.27635E-4 5.93652E-4 2.96691E-4 3.1782E-4 2.69836E-4 2.08363E-4 1.42745E-4 1.58362E-4 2.3689E-4 2.22804E-4 4.10983E-4 5.75089E-4 5.02716E-4 3.57248E-4 3.12909E-4 2.39202E-4 2.99515E-4 2.71303E-4
-9999 -9999 -9999 -9999 -9999 -9999 -9999 -9999 -9999 1.39343E-7 8.46868E-8 1.65485E-7 9.13107E-7 3.83642E-7 3.55154E-7 5.13684E-7 5.28133E-6 5.27917E-6 1.29171E-5 1.41084E-5 2.94986E-5 1.69593E-5 1.78896E-5 2.04003E-5 2.04912E-5 3.49424E-5 1.60725E-4 1.49912E-4 1.44898E-4 8.38896E-5 8.17331E-5 1.15022E-4 2.78485E-5 3.23805E-5 1.37996E-4 1.55561E-4 1.63384E-4 4.60816E-4 3.68494E-4 5.66079E-4 1.04727E-3 1.18343E-3 2.86747E-4 3.3318E-4 6.88517E-4 7.09239E-4 4.8588E-4 2.30684E-4 4.0416E-4 4.34535E-4 4.55841E-4 4.48656E-4 2.76669E-4 4.59446E-4 4.22426E-4 6.342E-4 4.34767E-4 3.09422E-4 3.42476E-4 1.90563E-4 1.48923E-4
-9999 -9999 -9999 -9999 -9999 -9999 -9999 -9999 6.74634E-8 1.0278E-7 3.1078E-7 3.02556E-6 4.09321E-7 4.47472E-7 7.51813E-7 4.90664E-6 5.18891E-6 1.14634E-5 1.2823E-5 1.77926E-5 2.60688E-5 3.6345E-5 2.35568E-5 3.68626E-5 2.77023E-5 1.40161E-4 9.97702E-5 1.96427E-4 1.35225E-4 2.26787E-4 1.67904E-4 9.98795E-5 2.72559E-5 5.31453E-5 1.14371E-4 9.70325E-5 1.93447E-4 7.43335E-4 5.23957E-4 1.60646E-3 1.20831E-3 7.99936E-4 3.6549E-4 2.06582E-4 7.97331E-5 2.35462E-4 2.21193E-5 1.32434E-4 2.23002E-4 5.41508E-4 3.45836E-4 3.29498E-4 1.86994E-4 2.64503E-4 2.08024E-4 7.44652E-4 6.71046E-4 6.53818E-4 3.20464E-4 1.79109E-4 1.90763E-4
-9999 -9999 -9999 -9999 -9999 -9999 -9999 2.18052E-7 2.30752E-7 1.27776E-7 1.00474E-6 3.37573E-6 2.88406E-7 4.02515E-7 1.24056E-6 1.23131E-5 1.29325E-5 1.71562E-5 1.83349E-5 2.34792E-5 2.88725E-5 3.14325E-5 3.2747E-5 4.3684E-5 3.77671E-5 7.27393E-5 6.37672E-5 2.8422E-4 3.39103E-4 3.62347E-4 1.37729E-4 8.16791E-5 5.10504E-5 4.9921E-5 6.29104E-5 2.24229E-4 1.10406E-3 8.73729E-4 1.06051E-3 1.45875E-3 9.27897E-4 6.25021E-4 2.24984E-4 1.24166E-4 8.71506E-5 3.33469E-4 2.02688E-4 1.98089E-5 1.38985E-4 8.06619E-4 4.85107E-4 5.0087E-4 1.12604E-3 3.03215E-4 6.13349E-4 6.37689E-4 8.97794E-4 7.35003E-4 6.17034E-4 2.47515E-4 1.83181E-4
-9999 -9999 -9999 -9999 -9999 -9999 -9999 1.00549E-7 6.93528E-8 6.2822E-8 3.59164E-7 4.26991E-7 2.17968E-7 8.24258E-7 7.61327E-6 1.35183E-5 1.41506E-5 4.52858E-5 1.94118E-5 1.86232E-5 2.5918E-5 4.78459E-5 7.97753E-5 6.929E-5 7.21785E-5 5.37437E-5 9.07548E-5 2.79463E-4 7.45001E-5 3.76401E-4 1.14616E-4 4.98643E-5 6.71359E-5 1.90744E-4 1.56301E-4 6.72434E-4 8.13492E-4 1.10092E-3 1.46177E-3 1.73089E-3 1.52858E-3 6.47539E-4 4.38868E-4 2.6655E-4 1.96443E-4 1.10221E-4 2.24263E-4 1.7594E-4 4.50159E-4 1.67596E-4 2.19351E-4 3.369E-4 3.91078E-4 5.6199E-4 3.25913E-4 8.43487E-4 4.44736E-4 7.20587E-4 6.48986E-4 2.41634E-4 1.8883E-4
-9999 -9999 -9999 -9999 -9999 -9999 -9999 1.96604E-7 2.4862E-7 9.87741E-8 3.7864E-7 7.31568E-7 8.44648E-7 9.11856E-7 1.37366E-5 1.26285E-5 2.07692E-5 4.98957E-5 2.2307E-5 1.80618E-5 2.63943E-5 2.88538E-5 1.29939E-4 7.00772E-5 4.72898E-5 3.28147E-5 3.68364E-5 1.99481E-4 4.33551E-5 1.38784E-4 2.1328E-4 6.49268E-5 2.99144E-4 2.33776E-4 2.49972E-4 5.86248E-4 1.18442E-3 1.08906E-3 1.50407E-3 1.00915E-3 6.43281E-4 3.89667E-4 2.60892E-4 6.6786E-5 5.18893E-5 6.96423E-5 1.44116E-4 5.41053E-5 3.21962E-4 6.46195E-4 4.86431E-4 4.91431E-4 7.10954E-4 2.46594E-4 5.45962E-4 5.63138E-4 2.9052E-4 6.22529E-4 3.75449E-4 1.86512E-4 2.72774E-4
