Candidate_Models_Sept202022/M_0.1_F_lqp_Set_1_all/Bison.asc
ncols         97
nrows         127
xllcorner     -2197417.7431653
yllcorner     -584827.01486885
cellsize      30000.0
NODATA_value  -9999
[rows 0 to 26 of 127, columns 0 to 60 of 97]
-9999 -9999 -9999 -9999 -9999 -9999 -9999 -9999 -9999 -9999 -9999 -9999 -9999 -9999 -9999 -9999 -9999 -9999 -9999 -9999 -9999 -9999 -9999 -9999 -9999 -9999 -9999 -9999 -9999 -9999 -9999 -9999 -9999 -9999 -9999 -9999 -9999 -9999 -9999 -9999 -9999 -9999 -9999 -9999 -9999 -9999 -9999 -9999 -9999 -9999 -9999 -9999 -9999 -9999 -9999 -9999 -9999 -9999 -9999 -9999 -9999
-9999 -9999 -9999 -9999 -9999 -9999 -9999 -9999 -9999 -9999 -9999 -9999 -9999 -9999 -9999 -9999 -9999 -9999 -9999 -9999 -9999 -9999 -9999 -9999 -9999 -9999 -9999 -9999 -9999 -9999 -9999 -9999 -9999 -9999 -9999 -9999 -9999 -9999 -9999 -9999 -9999 -9999 -9999 -9999 -9999 -9999 -9999 -9999 -9999 -9999 -9999 -9999 -9999 -9999 -9999 -9999 -9999 -9999 -9999 -9999 -9999
-9999 -9999 -9999 -9999 -9999 -9999 -9999 -9999 -9999 -9999 -9999 -9999 -9999 -9999 -9999 -9999 -9999 -9999 -9999 -9999 -9999 -9999 -9999 -9999 -9999 -9999 -9999 -9999 -9999 -9999 -9999 -9999 -9999 -9999 -9999 -9999 -9999 -9999 -9999 -9999 -9999 -9999 -9999 -9999 -9999 -9999 -9999 -9999 -9999 -9999 -9999 -9999 -9999 -9999 -9999 -9999 -9999 -9999 -9999 -9999 -9999
-9999 -9999 -9999 -9999 -9999 -9999 -9999 -9999 -9999 -9999 -9999 -9999 -9999 -9999 -9999 -9999 -9999 -9999 -9999 5.43854E-6 1.3508E-6 5.72509E-7 2.91621E-6 -9999 -9999 -9999 -9999 -9999 -9999 -9999 -9999 -9999 -9999 -9999 -9999 -9999 -9999 -9999 -9999 -9999 -9999 -9999 -9999 -9999 -9999 -9999 -9999 -9999 -9999 -9999 -9999 -9999 -9999 -9999 -9999 -9999 -9999 -9999 -9999 -9999 -9999
-9999 -9999 -9999 -9999 -9999 -9999 -9999 -9999 -9999 -9999 -9999 -9999 -9999 -9999 -9999 -9999 -9999 -9999 7.09676E-6 6.45687E-6 5.47795E-6 6.55245E-6 2.20496E-6 4.17098E-6 4.41263E-6 -9999 -9999 -9999 -9999 -9999 -9999 -9999 -9999 -9999 -9999 -9999 -9999 -9999 -9999 -9999 -9999 -9999 -9999 -9999 -9999 -9999 -9999 -9999 -9999 -9999 -9999 -9999 -9999 -9999 -9999 -9999 -9999 -9999 -9999 -9999 -9999
-9999 -9999 -9999 -9999 -9999 -9999 -9999 -9999 -9999 -9999 -9999 -9999 -9999 -9999 -9999 -9999 -9999 -9999 7.60572E-6 6.47443E-6 5.96543E-6 6.45219E-6 4.07569E-6 3.86379E-6 3.55913E-6 -9999 -9999 -9999 -9999 -9999 -9999 -9999 -9999 -9999 -9999 -9999 -9999 -9999 -9999 -9999 -9999 -9999 -9999 -9999 -9999 -9999 -9999 -9999 -9999 -9999 -9999 -9999 -9999 -9999 -9999 -9999 -9999 -9999 -9999 -9999 -9999
-9999 -9999 -9999 -9999 -9999 -9999 -9999 -9999 -9999 -9999 -9999 -9999 -9999 -9999 -9999 -9999 -9999 6.01746E-6 7.26107E-6 2.412E-6 2.73304E-6 3.6265E-6 3.94094E-6 3.33656E-6 2.93749E-6 2.84211E-6 -9999 3.90154E-6 3.68932E-6 4.24845E-6 -9999 -9999 -9999 -9999 -9999 -9999 -9999 -9999 3.20816E-6 -9999 -9999 -9999 -9999 -9999 -9999 -9999 -9999 -9999 -9999 -9999 -9999 -9999 -9999 -9999 -9999 -9999 -9999 -9999 -9999 -9999 -9999
-9999 -9999 -9999 -9999 -9999 -9999 -9999 -9999 -9999 -9999 -9999 -9999 -9999 -9999 -9999 -9999 5.83367E-6 7.24169E-6 2.12005E-6 1.59817E-6 1.53111E-6 1.75376E-6 2.63551E-6 2.95177E-6 3.12665E-6 2.94068E-6 3.72075E-6 3.56143E-6 3.37308E-6 3.5304E-6 3.75511E-6 3.90749E-6 3.42041E-6 3.26649E-6 3.37605E-6 3.625E-6 3.84872E-6 -9999 2.84399E-6 2.58449E-6 -9999 -9999 -9999 -9999 -9999 -9999 -9999 -9999 -9999 -9999 -9999 -9999 -9999 -9999 -9999 -9999 -9999 -9999 -9999 -9999 -9999
-9999 -9999 -9999 -9999 -9999 -9999 -9999 -9999 -9999 -9999 -9999 -9999 -9999 -9999 -9999 1.22962E-5 1.38241E-5 6.9234E-6 1.6881E-6 1.2239E-6 9.63598E-7 1.13503E-6 2.11897E-6 2.56983E-6 2.94747E-6 3.31826E-6 6.91666E-6 7.53E-6 3.54997E-6 2.91076E-6 3.15806E-6 3.21079E-6 3.16056E-6 3.04351E-6 3.38762E-6 4.61709E-6 4.13325E-6 4.13889E-6 2.94175E-6 2.86312E-6 -9999 -9999 -9999 -9999 -9999 -9999 -9999 -9999 -9999 -9999 -9999 -9999 -9999 -9999 -9999 -9999 -9999 -9999 -9999 -9999 -9999
-9999 -9999 -9999 -9999 -9999 -9999 -9999 -9999 -9999 -9999 -9999 -9999 -9999 -9999 -9999 1.75123E-5 1.35777E-5 6.27092E-6 1.61959E-6 1.77775E-6 2.2572E-6 2.63309E-6 2.63086E-6 2.2643E-6 3.0859E-6 3.07601E-6 6.5792E-6 6.42284E-6 3.18692E-6 3.06645E-6 4.75045E-6 4.11728E-6 4.15337E-6 5.2949E-6 4.34352E-6 5.57341E-6 6.21395E-6 5.26754E-6 3.75955E-6 -9999 -9999 -9999 2.70275E-6 -9999 -9999 -9999 -9999 -9999 -9999 -9999 -9999 -9999 -9999 -9999 -9999 -9999 -9999 -9999 -9999 -9999 -9999
-9999 -9999 -9999 -9999 -9999 -9999 -9999 -9999 -9999 -9999 -9999 -9999 -9999 -9999 7.36379E-6 1.35804E-5 9.92618E-6 5.87613E-6 4.54207E-6 2.72423E-6 3.09057E-6 3.31764E-6 2.80411E-6 2.46461E-6 2.2672E-6 6.12623E-6 7.53921E-6 5.66375E-6 5.98884E-6 3.47912E-6 6.64983E-6 4.59274E-6 3.86973E-6 6.77706E-6 9.00725E-6 7.25923E-6 7.53911E-6 5.06562E-6 3.21715E-6 -9999 -9999 2.86754E-6 -9999 -9999 -9999 -9999 -9999 -9999 -9999 -9999 -9999 -9999 -9999 -9999 -9999 -9999 -9999 -9999 -9999 -9999 -9999
-9999 -9999 -9999 -9999 -9999 -9999 -9999 -9999 -9999 -9999 -9999 -9999 -9999 5.62319E-6 1.3646E-5 1.57506E-5 1.20641E-5 5.3407E-6 4.08788E-6 2.21746E-6 3.39293E-6 4.00328E-6 5.92226E-6 3.84215E-6 4.65599E-6 6.96978E-6 7.03578E-6 6.46181E-6 3.2277E-6 2.72995E-6 3.15998E-6 4.78036E-6 5.00593E-6 8.1225E-6 9.60748E-6 8.64256E-6 8.56925E-6 5.02707E-6 3.33182E-6 2.60581E-6 2.52472E-6 2.75489E-6 -9999 3.49865E-6 3.57597E-6 -9999 -9999 -9999 -9999 -9999 -9999 -9999 -9999 -9999 -9999 -9999 -9999 -9999 -9999 -9999 -9999
-9999 -9999 -9999 -9999 -9999 -9999 -9999 -9999 -9999 -9999 -9999 -9999 -9999 1.47109E-5 1.39407E-5 9.59962E-6 6.0335E-6 5.17113E-6 4.95132E-6 7.06798E-7 1.72516E-6 2.79057E-6 5.00633E-6 3.55518E-6 3.94546E-6 5.56808E-6 5.89689E-6 3.69794E-6 3.54207E-6 3.07686E-6 4.64494E-6 5.23722E-6 7.62209E-6 7.62434E-6 9.24755E-6 9.7821E-6 4.58926E-6 4.67153E-6 2.97578E-6 2.12804E-6 2.22775E-6 3.47894E-6 3.33252E-6 3.81685E-6 3.99177E-6 4.34808E-6 -9999 -9999 -9999 -9999 -9999 -9999 -9999 -9999 -9999 -9999 -9999 -9999 -9999 -9999 -9999
-9999 -9999 -9999 -9999 -9999 -9999 -9999 -9999 -9999 -9999 -9999 -9999 1.746E-5 1.53799E-5 1.26919E-5 6.70293E-6 3.95252E-6 4.07805E-6 6.66546E-6 2.75247E-6 2.20238E-6 3.45448E-6 3.88435E-6 4.65067E-6 4.42785E-6 2.75376E-6 4.6539E-6 2.18818E-6 7.65392E-6 9.39489E-6 6.92177E-6 4.10315E-6 3.59546E-6 5.18335E-6 5.17941E-6 6.37772E-6 3.44398E-6 4.01482E-6 3.79718E-6 2.23049E-6 2.12749E-6 2.3489E-6 3.04838E-6 3.6603E-6 3.91153E-6 4.13998E-6 4.32242E-6 -9999 -9999 -9999 1.56957E-6 1.24088E-6 -9999 -9999 -9999 -9999 -9999 -9999 -9999 -9999 -9999
-9999 -9999 -9999 -9999 -9999 -9999 -9999 -9999 -9999 -9999 -9999 1.08342E-5 9.47792E-6 9.78785E-6 4.92532E-6 4.09841E-6 2.39305E-6 1.57353E-6 3.38588E-6 4.19262E-6 3.31417E-6 6.14057E-6 6.41514E-6 6.34658E-6 2.25386E-6 1.84512E-6 6.34192E-6 6.41894E-6 4.71491E-6 4.12758E-6 4.24067E-6 4.37464E-6 2.842E-6 2.81253E-6 6.81438E-6 8.77317E-6 7.62155E-6 5.87694E-6 4.80578E-6 2.55306E-6 2.32033E-6 2.478E-6 2.90915E-6 3.44227E-6 3.66346E-6 3.85084E-6 3.52996E-6 3.00998E-6 -9999 -9999 -9999 1.46493E-6 1.25642E-6 -9999 -9999 -9999 -9999 -9999 -9999 -9999 -9999
-9999 -9999 -9999 -9999 -9999 -9999 -9999 -9999 -9999 -9999 -9999 9.88504E-6 3.98625E-6 2.77277E-6 2.06635E-6 8.81302E-7 1.18913E-6 2.12806E-6 1.92954E-6 2.82305E-6 4.6101E-6 5.45017E-6 6.65584E-6 7.02222E-6 1.61215E-6 2.14633E-6 5.25278E-6 1.01474E-5 1.2735E-5 9.68745E-6 4.19517E-6 3.47159E-6 2.57896E-6 2.7255E-6 6.84496E-6 7.71078E-6 5.81114E-6 5.01817E-6 3.79001E-6 2.69992E-6 2.47381E-6 2.70672E-6 2.98486E-6 3.32738E-6 2.93132E-6 3.20217E-6 2.78254E-6 2.62966E-6 2.74295E-6 -9999 -9999 1.69468E-6 1.5564E-6 1.43677E-6 1.55884E-6 -9999 -9999 -9999 -9999 -9999 -9999
-9999 -9999 -9999 -9999 -9999 -9999 -9999 -9999 -9999 -9999 7.18521E-6 1.07064E-5 7.71841E-6 2.5807E-6 1.3712E-6 1.05511E-6 1.39557E-6 1.53726E-6 2.50238E-6 2.15994E-6 8.41804E-6 5.69887E-6 3.36151E-6 6.4902E-6 2.50622E-6 2.96235E-6 2.66465E-6 3.38137E-6 9.99065E-6 4.09325E-6 5.13742E-6 3.12365E-6 6.71675E-6 4.66938E-6 9.6489E-6 1.11601E-5 9.99301E-6 8.29813E-6 8.62751E-6 4.00663E-6 2.71777E-6 2.83707E-6 3.01775E-6 2.9987E-6 2.66321E-6 2.48627E-6 2.38901E-6 2.59813E-6 2.71276E-6 2.40657E-6 2.15179E-6 2.59576E-6 -9999 -9999 1.682E-6 1.6025E-6 -9999 -9999 -9999 -9999 -9999
-9999 -9999 -9999 -9999 -9999 -9999 -9999 -9999 -9999 1.5219E-5 6.10035E-6 8.8052E-6 2.51853E-6 1.47781E-6 1.50462E-6 1.29003E-6 1.27086E-6 9.76826E-7 1.43279E-6 3.87753E-6 8.54346E-6 7.85273E-6 3.77837E-6 4.85077E-6 2.04232E-6 2.73312E-6 3.26481E-6 2.52418E-6 3.55148E-6 5.25452E-6 1.03447E-5 5.58593E-6 5.17285E-6 9.66826E-6 9.98756E-6 9.39631E-6 1.00041E-5 1.68276E-5 1.75098E-5 1.28869E-5 3.02613E-6 2.96227E-6 3.04219E-6 3.01383E-6 2.79838E-6 2.36393E-6 2.36299E-6 2.6036E-6 2.57346E-6 2.22209E-6 2.24845E-6 2.39258E-6 2.30881E-6 -9999 1.64318E-6 1.63736E-6 1.47379E-6 1.2472E-6 -9999 -9999 -9999
-9999 -9999 -9999 -9999 -9999 -9999 -9999 -9999 6.4407E-6 8.68059E-6 1.00523E-5 6.50935E-6 2.30694E-6 1.95797E-6 4.01067E-6 2.80527E-6 1.50533E-6 2.09666E-6 2.4875E-6 3.79011E-6 6.04168E-6 5.55848E-6 7.30425E-6 7.46243E-6 2.97534E-6 3.04854E-6 2.38949E-6 2.2117E-6 2.54979E-6 2.3116E-6 7.27335E-6 7.86725E-6 8.77947E-6 1.26232E-5 1.24423E-5 8.77945E-6 1.06669E-5 1.84155E-5 2.01496E-5 3.10308E-5 7.58657E-6 3.55254E-6 3.0641E-6 3.0582E-6 2.66884E-6 2.37987E-6 2.63866E-6 2.86657E-6 2.55035E-6 2.25433E-6 2.24322E-6 2.36019E-6 2.45524E-6 2.6021E-6 1.83161E-6 1.70151E-6 1.36438E-6 1.20601E-6 1.06658E-6 9.72237E-7 9.33311E-7
-9999 -9999 -9999 -9999 -9999 -9999 -9999 -9999 6.82673E-6 4.22695E-6 1.10578E-5 9.6293E-6 7.1523E-6 2.78557E-6 3.25325E-6 8.89388E-6 5.13367E-6 3.15181E-6 2.89798E-6 2.93248E-6 4.52793E-6 5.20414E-6 5.06869E-6 7.55905E-6 4.36808E-6 6.27388E-6 3.36546E-6 2.56968E-6 4.68722E-6 4.87526E-6 8.47197E-6 9.85857E-6 1.13266E-5 1.51737E-5 1.28148E-5 1.19069E-5 1.41203E-5 1.7353E-5 1.82123E-5 2.25845E-5 1.08476E-5 3.72646E-6 3.3232E-6 3.15034E-6 2.98984E-6 2.96344E-6 3.1509E-6 3.26937E-6 3.06512E-6 2.46344E-6 2.31932E-6 2.55353E-6 2.75878E-6 2.70133E-6 -9999 1.94588E-6 1.58841E-6 1.45295E-6 1.02364E-6 1.05028E-6 9.12439E-7
-9999 -9999 -9999 -9999 -9999 -9999 -9999 1.6273E-5 1.57553E-5 8.22573E-6 1.19124E-5 1.19998E-5 1.70417E-5 8.28089E-6 3.17428E-6 6.14493E-6 5.10028E-6 3.3288E-6 2.38135E-6 1.52828E-6 2.69526E-6 4.76115E-6 2.9648E-6 4.03494E-6 3.26538E-6 7.42531E-6 9.64935E-6 4.03094E-6 6.39293E-6 8.0676E-6 9.22169E-6 1.14692E-5 1.30617E-5 1.9254E-5 2.13462E-5 2.3771E-5 9.03177E-6 1.71757E-5 1.2383E-5 2.46485E-5 7.7628E-6 4.2065E-6 3.68424E-6 3.50214E-6 3.63995E-6 3.46697E-6 3.31092E-6 3.18636E-6 3.13106E-6 3.11676E-6 2.79171E-6 2.83389E-6 -9999 -9999 -9999 -9999 -9999 -9999 -9999 -9999 -9999
-9999 -9999 -9999 -9999 -9999 -9999 1.59854E-5 2.42827E-5 1.64286E-5 1.64676E-5 1.72308E-5 1.08186E-5 1.70059E-5 1.48917E-5 1.45292E-5 3.98077E-6 7.26069E-6 5.31345E-6 6.67768E-6 1.28492E-6 1.6199E-6 1.89126E-6 9.38655E-7 1.22159E-6 1.96704E-6 4.16239E-6 8.6334E-6 9.88316E-6 5.29384E-6 4.99029E-6 5.9241E-6 5.99974E-6 1.42472E-5 2.8278E-5 2.49238E-5 8.87823E-6 2.3055E-5 1.4214E-5 2.78654E-5 2.75774E-5 5.93793E-6 1.02214E-5 5.82801E-6 4.71016E-6 4.24055E-6 3.81608E-6 3.63894E-6 3.43204E-6 3.14835E-6 2.9996E-6 3.24156E-6 3.31971E-6 2.80858E-6 2.67489E-6 -9999 -9999 -9999 -9999 -9999 -9999 -9999
-9999 -9999 -9999 -9999 -9999 -9999 1.83632E-5 1.94626E-5 1.45895E-5 1.53269E-5 1.63015E-5 7.60655E-6 1.75137E-5 9.9559E-6 9.81243E-6 1.28926E-5 1.46473E-5 1.40354E-5 1.09108E-5 6.13423E-6 1.58685E-6 1.42479E-6 7.45925E-7 1.11024E-6 8.85915E-7 3.16443E-6 4.59118E-6 6.75357E-6 9.3088E-6 4.31138E-6 1.24134E-5 1.00638E-5 1.74157E-5 9.32518E-6 9.27375E-6 1.44105E-5 2.21983E-5 2.44817E-5 1.4297E-5 1.59289E-5 9.28876E-6 1.1274E-5 6.03693E-6 5.99755E-6 6.8249E-6 6.6155E-6 6.20312E-6 4.36529E-6 3.53324E-6 3.02936E-6 2.85458E-6 2.19082E-6 1.98275E-6 1.94277E-6 1.90705E-6 1.81709E-6 1.48288E-6 1.25503E-6 1.35345E-6 1.29158E-6 1.06538E-6
-9999 -9999 -9999 -9999 -9999 1.54043E-5 1.79694E-5 1.74178E-5 1.18033E-5 1.64041E-5 1.80441E-5 1.95375E-5 1.65441E-5 1.36249E-5 1.17409E-5 1.05722E-5 1.63252E-5 2.03759E-5 1.33268E-5 1.02418E-5 6.29397E-6 5.04263E-6 1.84569E-6 1.77707E-6 2.89559E-6 1.48416E-6 1.22776E-6 1.51754E-6 9.35784E-6 8.26061E-6 4.11778E-6 1.33419E-5 1.8599E-5 2.13054E-5 1.08091E-5 1.16245E-5 2.05877E-5 -9999 -9999 7.5985E-6 -9999 -9999 -9999 1.66387E-5 1.06605E-5 6.41853E-6 4.67735E-6 3.61798E-6 2.97272E-6 3.20021E-6 2.78565E-6 1.87642E-6 1.7033E-6 1.63587E-6 1.62514E-6 1.47227E-6 1.17521E-6 1.10903E-6 1.05933E-6 1.08845E-6 1.12585E-6
-9999 -9999 -9999 -9999 1.28955E-6 6.7541E-6 1.04226E-5 1.21331E-5 1.28086E-5 1.96747E-5 2.80421E-5 2.63835E-5 1.44537E-5 1.15078E-5 1.63698E-5 2.2629E-5 2.01206E-5 1.67793E-5 1.5761E-5 1.83817E-5 1.72266E-5 9.31505E-6 5.74682E-6 3.61651E-6 2.40891E-6 1.23916E-6 1.92022E-6 1.31012E-6 1.73446E-6 3.82494E-6 1.11888E-5 1.36613E-5 1.93661E-5 2.56266E-5 3.78958E-6 1.81513E-5 2.05461E-5 2.57643E-5 5.04274E-5 2.38273E-5 4.77474E-5 -9999 1.0479E-5 1.81382E-5 8.41516E-6 5.14135E-6 5.61569E-6 6.66807E-6 4.48213E-6 4.9489E-6 3.46965E-6 1.86091E-6 1.86501E-6 1.69458E-6 1.41478E-6 1.078E-6 8.99042E-7 9.40117E-7 8.06869E-7 8.54012E-7 1.02685E-6
-9999 -9999 -9999 7.41213E-6 1.8514E-5 1.7921E-5 1.9472E-5 1.38418E-5 1.93206E-5 4.58899E-5 2.53645E-5 3.47698E-5 2.21638E-5 1.34263E-5 1.79859E-5 1.49963E-5 1.67841E-5 1.80504E-5 2.41202E-5 2.62869E-5 1.60225E-5 6.23078E-6 3.21137E-6 5.37263E-6 1.5662E-6 1.06961E-6 1.53397E-6 1.93353E-6 2.1657E-6 1.40414E-6 8.13882E-6 1.89862E-5 1.84572E-5 1.65482E-5 1.15217E-5 1.96186E-5 2.5093E-5 2.10198E-5 2.40029E-5 1.62593E-5 3.51345E-5 1.60856E-5 -9999 -9999 5.7999E-6 6.85019E-6 2.40451E-5 2.13159E-5 7.6353E-6 4.29676E-6 5.78597E-6 2.86146E-6 1.88616E-6 1.79751E-6 1.42555E-6 1.01554E-6 9.31163E-7 8.6917E-7 8.38667E-7 8.11508E-7 1.05308E-6
-9999 -9999 -9999 4.36839E-7 1.48345E-5 2.8541E-5 2.80863E-5 2.58297E-5 1.94521E-5 2.45981E-5 1.28049E-5 3.01469E-5 2.23923E-5 2.07635E-5 1.26334E-5 1.02104E-5 1.57705E-5 1.45758E-5 1.96575E-5 1.14766E-5 7.44682E-6 4.85412E-6 2.32889E-6 2.55748E-6 3.42558E-6 1.97685E-6 1.7078E-6 4.60466E-6 2.03785E-6 3.14212E-6 4.90725E-6 1.40357E-5 8.61855E-6 1.22524E-5 9.42337E-6 1.58489E-5 2.31241E-5 3.27143E-5 1.51224E-5 7.29822E-6 -9999 -9999 -9999 -9999 -9999 3.1871E-5 4.35787E-5 1.83494E-5 6.73581E-6 5.1547E-6 4.43241E-6 7.47051E-6 1.9651E-6 1.87635E-6 1.18617E-6 8.70991E-7 9.52519E-7 9.98137E-7 1.1491E-6 1.33855E-6 1.69592E-6
