Final_Models_July82022/M_0.1_F_lqp_Set_1/Bison_avg.asc
ncols         290
nrows         380
xllcorner     -2197417.7431653
yllcorner     -584827.01486885
cellsize      10000.0
NODATA_value  -9999
[rows 54 to 80 of 380, columns 183 to 243 of 290]
6.21123E-3 5.78781E-3 5.33693E-3 -9999 -9999 -9999 -9999 -9999 -9999 -9999 -9999 -9999 -9999 -9999 -9999 -9999 -9999 -9999 -9999 -9999 -9999 -9999 -9999 -9999 -9999 -9999 -9999 -9999 -9999 -9999 -9999 -9999 -9999 -9999 -9999 -9999 -9999 -9999 -9999 -9999 -9999 -9999 -9999 -9999 -9999 -9999 -9999 -9999 -9999 -9999 -9999 -9999 -9999 -9999 -9999 -9999 -9999 -9999 -9999 -9999 -9999
6.39286E-3 6.61236E-3 -9999 -9999 -9999 -9999 -9999 -9999 -9999 -9999 -9999 -9999 -9999 -9999 -9999 -9999 -9999 -9999 -9999 -9999 -9999 -9999 -9999 -9999 -9999 -9999 -9999 -9999 -9999 -9999 -9999 -9999 -9999 -9999 -9999 -9999 -9999 -9999 -9999 -9999 -9999 -9999 -9999 -9999 -9999 -9999 -9999 -9999 -9999 -9999 -9999 -9999 -9999 -9999 -9999 -9999 -9999 -9999 -9999 -9999 -9999
-9999 -9999 -9999 -9999 -9999 -9999 -9999 -9999 -9999 -9999 3.25189E-3 2.59712E-3 -9999 -9999 -9999 -9999 -9999 -9999 -9999 -9999 -9999 -9999 -9999 -9999 -9999 -9999 -9999 -9999 -9999 -9999 -9999 -9999 -9999 -9999 -9999 -9999 -9999 -9999 -9999 -9999 -9999 -9999 -9999 -9999 -9999 -9999 -9999 -9999 -9999 -9999 -9999 -9999 -9999 -9999 -9999 -9999 -9999 -9999 -9999 -9999 -9999
-9999 -9999 -9999 -9999 -9999 -9999 -9999 -9999 3.58589E-3 2.88949E-3 2.49856E-3 2.24323E-3 2.18853E-3 2.82245E-3 -9999 -9999 -9999 -9999 -9999 -9999 -9999 -9999 -9999 -9999 -9999 -9999 -9999 -9999 -9999 -9999 -9999 -9999 -9999 -9999 -9999 -9999 -9999 -9999 -9999 -9999 -9999 -9999 -9999 -9999 -9999 -9999 -9999 -9999 -9999 -9999 -9999 -9999 -9999 -9999 -9999 -9999 -9999 -9999 -9999 -9999 -9999
-9999 -9999 7.06906E-3 5.90719E-3 5.57431E-3 4.94405E-3 4.5939E-3 3.66438E-3 2.97186E-3 2.55519E-3 2.36347E-3 2.3968E-3 2.39526E-3 2.7681E-3 -9999 -9999 -9999 -9999 -9999 -9999 -9999 -9999 -9999 -9999 -9999 -9999 -9999 -9999 2.51889E-3 -9999 -9999 -9999 -9999 -9999 -9999 -9999 -9999 -9999 -9999 -9999 -9999 -9999 -9999 -9999 -9999 -9999 -9999 -9999 -9999 -9999 -9999 -9999 -9999 -9999 -9999 -9999 -9999 -9999 -9999 -9999 -9999
-9999 -9999 5.63025E-3 4.68752E-3 4.80363E-3 4.15629E-3 3.98761E-3 3.63988E-3 3.23357E-3 3.18882E-3 3.29063E-3 3.07527E-3 -9999 3.24332E-3 -9999 -9999 -9999 -9999 -9999 -9999 -9999 -9999 -9999 -9999 -9999 -9999 -9999 2.47067E-3 2.52662E-3 2.52124E-3 -9999 -9999 -9999 -9999 -9999 -9999 -9999 -9999 -9999 -9999 -9999 -9999 -9999 -9999 -9999 -9999 -9999 -9999 -9999 -9999 -9999 -9999 -9999 -9999 -9999 -9999 -9999 -9999 -9999 -9999 -9999
-9999 6.23482E-3 5.99005E-3 5.35348E-3 4.75951E-3 4.65839E-3 4.19446E-3 4.00521E-3 3.72895E-3 -9999 -9999 -9999 -9999 3.16475E-3 -9999 -9999 2.93408E-3 2.93738E-3 -9999 -9999 -9999 -9999 -9999 -9999 -9999 -9999 -9999 -9999 -9999 -9999 -9999 -9999 -9999 -9999 -9999 -9999 -9999 -9999 -9999 -9999 -9999 -9999 -9999 -9999 -9999 -9999 -9999 -9999 -9999 -9999 -9999 -9999 -9999 -9999 -9999 -9999 -9999 -9999 -9999 -9999 -9999
6.84016E-3 6.28101E-3 5.98858E-3 5.7442E-3 5.10999E-3 4.74716E-3 4.17635E-3 -9999 4.16496E-3 1.92823E-3 -9999 -9999 -9999 3.52815E-3 -9999 -9999 -9999 2.86304E-3 -9999 -9999 -9999 -9999 -9999 -9999 -9999 -9999 -9999 -9999 -9999 -9999 -9999 -9999 -9999 -9999 -9999 -9999 -9999 -9999 -9999 -9999 -9999 -9999 -9999 -9999 -9999 1.29847E-3 1.4176E-3 1.31347E-3 -9999 -9999 -9999 -9999 -9999 -9999 -9999 -9999 -9999 -9999 -9999 -9999 -9999
6.82127E-3 7.12466E-3 5.75648E-3 5.4166E-3 -9999 -9999 4.68488E-3 -9999 -9999 -9999 4.26339E-3 3.44774E-3 3.43721E-3 3.48456E-3 -9999 -9999 -9999 -9999 -9999 -9999 -9999 -9999 -9999 -9999 -9999 -9999 -9999 -9999 -9999 -9999 -9999 -9999 -9999 -9999 -9999 -9999 -9999 -9999 -9999 -9999 -9999 -9999 -9999 -9999 -9999 -9999 1.29098E-3 1.32803E-3 5.4808E-4 -9999 -9999 -9999 -9999 -9999 -9999 -9999 -9999 -9999 -9999 -9999 -9999
-9999 -9999 -9999 -9999 -9999 4.90495E-3 -9999 -9999 -9999 -9999 3.89538E-3 3.79585E-3 3.46095E-3 3.48757E-3 3.45571E-3 3.51355E-3 -9999 -9999 -9999 -9999 -9999 -9999 -9999 -9999 -9999 -9999 -9999 -9999 -9999 -9999 -9999 -9999 -9999 -9999 -9999 -9999 -9999 -9999 -9999 -9999 -9999 -9999 -9999 1.30953E-3 1.45441E-3 1.47196E-3 1.40448E-3 1.32517E-3 1.28033E-3 -9999 -9999 -9999 -9999 -9999 -9999 -9999 -9999 -9999 -9999 -9999 -9999
-9999 -9999 -9999 4.10816E-3 -9999 -9999 -9999 4.44738E-3 4.35099E-3 4.12256E-3 4.10357E-3 3.86952E-3 3.84653E-3 3.70962E-3 3.81238E-3 3.7637E-3 3.53864E-3 -9999 -9999 -9999 -9999 -9999 -9999 -9999 -9999 -9999 -9999 -9999 -9999 -9999 -9999 -9999 -9999 -9999 -9999 -9999 -9999 -9999 -9999 -9999 -9999 -9999 -9999 1.48531E-3 1.33138E-3 1.38375E-3 1.3347E-3 1.34318E-3 1.23275E-3 1.23885E-3 1.21575E-3 1.23034E-3 -9999 1.1394E-3 -9999 -9999 -9999 -9999 -9999 -9999 1.00192E-3
-9999 -9999 -9999 6.04957E-3 6.21134E-3 5.06369E-3 4.46975E-3 4.18888E-3 4.35739E-3 4.33784E-3 4.14989E-3 3.96005E-3 3.97626E-3 3.97989E-3 3.99223E-3 4.0457E-3 3.73353E-3 -9999 -9999 -9999 -9999 -9999 -9999 -9999 -9999 -9999 -9999 -9999 -9999 -9999 -9999 -9999 -9999 -9999 -9999 -9999 -9999 -9999 -9999 -9999 -9999 -9999 -9999 -9999 1.41447E-3 1.36162E-3 1.33427E-3 1.22912E-3 1.27501E-3 1.23896E-3 1.24001E-3 -9999 1.13006E-3 1.13558E-3 -9999 -9999 -9999 -9999 -9999 9.44393E-4 9.59472E-4
-9999 -9999 -9999 -9999 5.44823E-3 4.36784E-3 4.13164E-3 4.18069E-3 4.40828E-3 4.40267E-3 3.95156E-3 4.20396E-3 4.21047E-3 4.25861E-3 4.2987E-3 4.01133E-3 3.93543E-3 3.91043E-3 3.71371E-3 3.60193E-3 3.59768E-3 3.49274E-3 -9999 -9999 -9999 -9999 -9999 -9999 -9999 -9999 -9999 -9999 -9999 -9999 -9999 -9999 -9999 -9999 -9999 -9999 -9999 -9999 1.54408E-3 1.53409E-3 1.42523E-3 1.2823E-3 1.34101E-3 1.26524E-3 1.23927E-3 1.18735E-3 1.07508E-3 1.23171E-3 1.13806E-3 -9999 -9999 -9999 1.07869E-3 1.02897E-3 9.82794E-4 1.03685E-3 9.45676E-4
-9999 -9999 6.81913E-3 5.8663E-3 5.44755E-3 4.67096E-3 4.79161E-3 4.60753E-3 4.5016E-3 4.29144E-3 4.20545E-3 4.15546E-3 4.25624E-3 4.35556E-3 4.26737E-3 4.09173E-3 4.02885E-3 4.10276E-3 3.7042E-3 3.60786E-3 3.48129E-3 3.42187E-3 3.30354E-3 -9999 -9999 -9999 -9999 -9999 -9999 -9999 -9999 -9999 -9999 -9999 -9999 -9999 -9999 -9999 -9999 -9999 -9999 -9999 1.67341E-3 1.63262E-3 1.35845E-3 1.4698E-3 -9999 1.34144E-3 1.15654E-3 1.18923E-3 1.17763E-3 1.13053E-3 1.08476E-3 -9999 -9999 -9999 1.05658E-3 9.60912E-4 1.03404E-3 8.94611E-4 9.22231E-4
-9999 -9999 6.31188E-3 5.86476E-3 5.54876E-3 5.29753E-3 5.06721E-3 4.72688E-3 4.79569E-3 4.72768E-3 4.33998E-3 4.17205E-3 4.25037E-3 4.42757E-3 4.67777E-3 4.32415E-3 4.17694E-3 3.94046E-3 3.93132E-3 3.60392E-3 3.58865E-3 3.53483E-3 3.44997E-3 3.68636E-3 -9999 -9999 -9999 -9999 -9999 -9999 -9999 -9999 -9999 -9999 -9999 -9999 -9999 -9999 -9999 -9999 -9999 -9999 -9999 -9999 1.57052E-3 -9999 -9999 -9999 -9999 1.25699E-3 1.17171E-3 1.05515E-3 1.08026E-3 -9999 -9999 -9999 1.05042E-3 9.7056E-4 8.97866E-4 9.07159E-4 8.08489E-4
-9999 -9999 -9999 5.70384E-3 5.49652E-3 5.57431E-3 5.0474E-3 4.74915E-3 4.74617E-3 4.83507E-3 4.58613E-3 4.36964E-3 4.42685E-3 4.58487E-3 4.60998E-3 4.60044E-3 4.41359E-3 4.0493E-3 4.02556E-3 3.51827E-3 3.76049E-3 3.51139E-3 3.66249E-3 3.78328E-3 3.76386E-3 3.82988E-3 -9999 -9999 -9999 -9999 -9999 -9999 -9999 2.60614E-3 2.52132E-3 2.19516E-3 2.13739E-3 1.99091E-3 2.05221E-3 -9999 -9999 -9999 1.71461E-3 1.55543E-3 1.56098E-3 -9999 -9999 -9999 -9999 1.28098E-3 1.19332E-3 1.07689E-3 1.0886E-3 -9999 -9999 5.68056E-4 1.02711E-3 8.26023E-4 8.18363E-4 8.02871E-4 8.21571E-4
7.35889E-3 7.35384E-3 -9999 -9999 5.66137E-3 5.2791E-3 4.4435E-3 4.44876E-3 4.67156E-3 4.36823E-3 4.38067E-3 4.37301E-3 4.3662E-3 4.43874E-3 4.25523E-3 4.25803E-3 4.30968E-3 4.12584E-3 3.83504E-3 3.60666E-3 3.64198E-3 3.7543E-3 3.65217E-3 3.71322E-3 3.77749E-3 3.86743E-3 3.60498E-3 3.59148E-3 3.30116E-3 3.23555E-3 2.88778E-3 2.68928E-3 2.56447E-3 2.67828E-3 2.49166E-3 2.35287E-3 2.19168E-3 2.15052E-3 2.06078E-3 1.99742E-3 1.95988E-3 1.84139E-3 1.68693E-3 1.57801E-3 1.46852E-3 1.46488E-3 -9999 -9999 -9999 1.2929E-3 1.2076E-3 1.08563E-3 1.14646E-3 -9999 -9999 -9999 1.06195E-3 8.28859E-4 7.87211E-4 8.15729E-4 8.55937E-4
7.57538E-3 -9999 -9999 -9999 6.06831E-3 4.8722E-3 4.23864E-3 4.14888E-3 4.1563E-3 4.19577E-3 4.1948E-3 4.23877E-3 4.2599E-3 4.37132E-3 4.10625E-3 4.04398E-3 4.10913E-3 4.03259E-3 4.00934E-3 3.5988E-3 3.61724E-3 3.51239E-3 3.55878E-3 3.68276E-3 3.78373E-3 4.04533E-3 3.9226E-3 3.66838E-3 3.55868E-3 3.14909E-3 2.94474E-3 2.86785E-3 2.62692E-3 2.5338E-3 2.5989E-3 2.53281E-3 2.41743E-3 2.02672E-3 1.98033E-3 1.83197E-3 1.79485E-3 1.71089E-3 1.63853E-3 1.56215E-3 1.45253E-3 1.36684E-3 1.31126E-3 1.38546E-3 1.21661E-3 1.26967E-3 1.21811E-3 1.18869E-3 -9999 -9999 -9999 -9999 -9999 9.55482E-4 8.3988E-4 8.24083E-4 8.42198E-4
7.57602E-3 -9999 -9999 7.24575E-3 5.10406E-3 4.9979E-3 4.25137E-3 4.11948E-3 3.95126E-3 3.90066E-3 3.85663E-3 4.19521E-3 3.96139E-3 4.03141E-3 4.06738E-3 3.99596E-3 3.86907E-3 3.75231E-3 3.86661E-3 3.52174E-3 3.56172E-3 3.61076E-3 3.82814E-3 3.5721E-3 3.7717E-3 3.76801E-3 3.56182E-3 3.96392E-3 3.65121E-3 3.22486E-3 3.10523E-3 2.76587E-3 2.88957E-3 2.71689E-3 2.78848E-3 2.71212E-3 2.42773E-3 2.11297E-3 1.90258E-3 1.82764E-3 1.79077E-3 1.68897E-3 1.65607E-3 1.51911E-3 1.5424E-3 1.53081E-3 1.47244E-3 1.30694E-3 1.3313E-3 1.25986E-3 1.19731E-3 1.1954E-3 -9999 -9999 -9999 -9999 -9999 1.07845E-3 8.63609E-4 8.85353E-4 9.75874E-4
6.89513E-3 6.40667E-3 -9999 -9999 5.62679E-3 4.44149E-3 4.32148E-3 3.9418E-3 3.81561E-3 3.94821E-3 3.95173E-3 3.77239E-3 4.01012E-3 3.93365E-3 3.86369E-3 3.74188E-3 3.77234E-3 3.8037E-3 3.80489E-3 3.49386E-3 3.65865E-3 3.56826E-3 3.50758E-3 3.47648E-3 3.6935E-3 3.72927E-3 3.47873E-3 3.63911E-3 3.65278E-3 3.31656E-3 3.14662E-3 2.87992E-3 2.79866E-3 2.83976E-3 2.84184E-3 2.73839E-3 2.7624E-3 2.31206E-3 2.09754E-3 1.92787E-3 1.70896E-3 1.59546E-3 1.48686E-3 1.52285E-3 1.50664E-3 1.48065E-3 1.36433E-3 1.16149E-3 1.27531E-3 1.21397E-3 1.23079E-3 1.19372E-3 1.16662E-3 1.17558E-3 -9999 1.18943E-3 -9999 1.08508E-3 9.2843E-4 1.0516E-3 8.75478E-4
6.91748E-3 6.80944E-3 -9999 6.92403E-3 6.03272E-3 5.01653E-3 4.27164E-3 3.62071E-3 3.728E-3 3.79883E-3 3.88358E-3 3.69081E-3 3.95829E-3 3.88416E-3 3.73264E-3 3.74632E-3 3.63531E-3 3.71853E-3 3.71969E-3 3.4182E-3 3.61271E-3 3.29713E-3 3.53257E-3 3.47604E-3 3.40956E-3 3.34939E-3 3.39531E-3 3.74243E-3 3.38753E-3 3.19772E-3 3.08998E-3 2.82711E-3 3.00267E-3 2.70234E-3 2.82226E-3 2.70863E-3 2.6734E-3 2.25587E-3 2.03559E-3 1.95392E-3 1.77629E-3 1.68878E-3 1.6861E-3 1.53014E-3 1.48865E-3 1.40782E-3 1.35552E-3 1.27335E-3 1.27409E-3 1.25525E-3 1.21246E-3 1.29473E-3 1.21615E-3 -9999 -9999 1.24283E-3 -9999 -9999 1.17973E-3 1.14769E-3 8.3181E-4
-9999 -9999 -9999 -9999 -9999 5.39647E-3 4.72062E-3 3.9309E-3 3.51021E-3 3.75481E-3 3.47822E-3 3.51586E-3 3.78057E-3 3.57919E-3 3.49282E-3 3.60748E-3 3.77119E-3 3.66911E-3 3.57244E-3 3.37527E-3 3.43369E-3 3.38633E-3 3.29328E-3 3.41412E-3 3.52047E-3 3.4885E-3 3.36116E-3 3.269E-3 3.26398E-3 3.1442E-3 2.98501E-3 2.80473E-3 2.8214E-3 2.91925E-3 2.73825E-3 2.69763E-3 2.51615E-3 2.33874E-3 2.02351E-3 1.95193E-3 1.71017E-3 1.5924E-3 1.55201E-3 1.53638E-3 1.40926E-3 1.36255E-3 1.28977E-3 1.25859E-3 1.1824E-3 1.26779E-3 1.31804E-3 1.25643E-3 1.13311E-3 1.22145E-3 1.15926E-3 -9999 1.21843E-3 1.21819E-3 1.15507E-3 1.01933E-3 7.01813E-4
-9999 -9999 7.6799E-3 -9999 -9999 5.62572E-3 5.50859E-3 3.87463E-3 3.43851E-3 4.0978E-3 3.77214E-3 3.62284E-3 3.57038E-3 3.6538E-3 3.62753E-3 3.4933E-3 3.66295E-3 3.56303E-3 3.39773E-3 3.42319E-3 3.24757E-3 3.38703E-3 3.35508E-3 3.35843E-3 3.57022E-3 3.22901E-3 3.19106E-3 3.40909E-3 3.25526E-3 3.15159E-3 2.97933E-3 2.97931E-3 2.71473E-3 2.80226E-3 2.57991E-3 2.51558E-3 2.43537E-3 2.16014E-3 2.03627E-3 1.81098E-3 1.62386E-3 1.60412E-3 1.64831E-3 1.61451E-3 1.5147E-3 1.32346E-3 1.29685E-3 1.22079E-3 1.21485E-3 1.1921E-3 1.19322E-3 1.28681E-3 1.22376E-3 1.16046E-3 1.11636E-3 1.11486E-3 1.11495E-3 1.20804E-3 1.0802E-3 9.14371E-4 7.48991E-4
9.23744E-3 -9999 2.6213E-3 -9999 7.35713E-3 5.58957E-3 5.21202E-3 4.2991E-3 3.81452E-3 4.45801E-3 3.86074E-3 3.58666E-3 3.548E-3 3.38629E-3 3.41946E-3 3.35599E-3 3.44088E-3 3.33865E-3 3.30333E-3 3.26269E-3 3.33697E-3 3.10054E-3 3.16211E-3 3.23734E-3 3.48726E-3 3.2097E-3 3.0656E-3 3.0666E-3 3.03396E-3 2.86372E-3 2.73531E-3 2.57551E-3 2.63719E-3 2.70987E-3 2.5779E-3 2.34552E-3 2.24337E-3 1.96876E-3 1.90936E-3 1.87726E-3 1.58416E-3 1.62198E-3 1.59907E-3 1.51848E-3 1.42292E-3 1.34571E-3 1.33123E-3 1.21921E-3 1.14949E-3 1.14995E-3 1.10275E-3 1.19385E-3 1.25428E-3 1.22322E-3 1.17698E-3 1.1369E-3 1.21788E-3 1.14447E-3 1.34358E-3 7.81112E-4 6.04292E-4
8.05195E-3 -9999 8.49105E-3 7.98837E-3 6.66141E-3 7.20599E-3 5.70173E-3 4.89032E-3 4.94468E-3 7.57502E-3 4.09188E-3 3.42518E-3 3.29684E-3 3.37358E-3 3.62947E-3 3.62663E-3 3.70903E-3 3.592E-3 3.41346E-3 3.53715E-3 3.292E-3 3.39762E-3 3.21939E-3 3.29585E-3 3.28014E-3 3.00436E-3 2.8678E-3 3.26423E-3 2.85991E-3 2.66353E-3 2.57418E-3 2.60131E-3 2.51681E-3 2.42421E-3 2.34003E-3 2.2458E-3 2.06477E-3 1.99208E-3 1.91711E-3 1.77875E-3 1.60792E-3 1.58172E-3 1.56512E-3 1.5039E-3 1.29017E-3 1.34437E-3 1.26322E-3 1.19663E-3 1.16924E-3 1.12012E-3 1.07371E-3 1.16992E-3 1.1995E-3 1.36579E-3 1.33967E-3 1.22937E-3 1.29875E-3 1.32452E-3 9.77158E-4 6.50853E-4 5.88262E-4
6.30907E-3 8.59296E-3 7.1612E-3 6.27443E-3 6.11282E-3 5.53534E-3 5.34307E-3 4.68617E-3 5.031E-3 4.74518E-3 3.71095E-3 3.39821E-3 3.25937E-3 3.33231E-3 3.53881E-3 4.29126E-3 3.68466E-3 3.50049E-3 3.43636E-3 3.55947E-3 3.57348E-3 3.22879E-3 3.29757E-3 3.15602E-3 3.24258E-3 2.96503E-3 3.13314E-3 2.98073E-3 2.55322E-3 2.51932E-3 2.41553E-3 2.46972E-3 2.36262E-3 2.29833E-3 2.33423E-3 2.25478E-3 2.11562E-3 1.86581E-3 1.79076E-3 1.65765E-3 1.60881E-3 1.52634E-3 1.54482E-3 1.43641E-3 1.31554E-3 1.20203E-3 1.19591E-3 1.2102E-3 1.10895E-3 1.08823E-3 1.17639E-3 1.05486E-3 1.20515E-3 1.23071E-3 1.17577E-3 1.25523E-3 1.16174E-3 1.33538E-3 8.5301E-4 6.48371E-4 6.41656E-4
5.71157E-3 7.36121E-3 -9999 6.82485E-3 6.58458E-3 5.41105E-3 4.71809E-3 4.44276E-3 3.87366E-3 3.90805E-3 4.00162E-3 3.63699E-3 3.37838E-3 3.66955E-3 3.56494E-3 3.39653E-3 3.60029E-3 3.56146E-3 3.46508E-3 3.53065E-3 3.5314E-3 3.20511E-3 3.03947E-3 3.25221E-3 3.0795E-3 2.85406E-3 3.02254E-3 2.66677E-3 2.6093E-3 2.42449E-3 2.29551E-3 2.47528E-3 2.38612E-3 2.33011E-3 2.26358E-3 2.10068E-3 2.01224E-3 1.8524E-3 1.86884E-3 1.72606E-3 1.61452E-3 1.50868E-3 1.42187E-3 1.41142E-3 1.24128E-3 1.27104E-3 1.15338E-3 1.15991E-3 1.13449E-3 1.0483E-3 1.11729E-3 1.05015E-3 1.17637E-3 1.26693E-3 1.28988E-3 1.2322E-3 1.18818E-3 1.31792E-3 1.07507E-3 7.93176E-4 6.69187E-4
