Final_Models_July82022/M_0.1_F_lqp_Set_1/Bison_stddev.asc
ncols         290
nrows         380
xllcorner     -2197417.7431653
yllcorner     -584827.01486885
cellsize      10000.0
NODATA_value  -9999
[rows 162 to 188 of 380, columns 183 to 243 of 290]
4.10225E-3 4.70027E-3 5.12665E-3 3.76675E-3 3.6237E-3 3.30256E-3 2.992E-3 3.11243E-3 2.57211E-3 5.09843E-3 4.74277E-3 4.38642E-3 4.02602E-3 3.39839E-3 4.54854E-3 3.94183E-3 3.34676E-3 3.71354E-3 3.55269E-3 4.29608E-3 4.26785E-3 4.38896E-3 4.19308E-3 4.90434E-3 4.36905E-3 4.21254E-3 4.44626E-3 4.07918E-3 5.86836E-3 6.62792E-3 4.97062E-3 6.39437E-3 6.9772E-3 4.83821E-3 4.43147E-3 5.22427E-3 3.58439E-3 3.35406E-3 2.33851E-3 2.69434E-3 2.31886E-3 2.07948E-3 3.3328E-3 4.18787E-3 3.80794E-3 3.3247E-3 4.4539E-3 4.47663E-3 3.4822E-3 4.2162E-3 3.63472E-3 3.19286E-3 2.83097E-3 2.84549E-3 2.63758E-3 3.63349E-3 3.14701E-3 2.99239E-3 2.56115E-3 2.52277E-3 2.57719E-3
4.29299E-3 3.41766E-3 5.33189E-3 4.65202E-3 3.40892E-3 2.79821E-3 3.72336E-3 3.14875E-3 3.78155E-3 4.30053E-3 5.13546E-3 4.87826E-3 4.7259E-3 4.89852E-3 4.4929E-3 4.28876E-3 4.09395E-3 3.71557E-3 3.12613E-3 3.61838E-3 3.03901E-3 4.47336E-3 4.5259E-3 3.67943E-3 2.17858E-3 3.59234E-3 3.3959E-3 4.68008E-3 5.70124E-3 4.72212E-3 4.77968E-3 5.92012E-3 4.88194E-3 4.95563E-3 4.63842E-3 6.24313E-3 3.10985E-3 2.36366E-3 4.11624E-3 2.43332E-3 1.89874E-3 2.05286E-3 4.16373E-3 5.03623E-3 2.81263E-3 4.02622E-3 3.22895E-3 2.44013E-3 4.08283E-3 3.83175E-3 3.85389E-3 4.39544E-3 3.92616E-3 4.80294E-3 3.95424E-3 3.86894E-3 2.65611E-3 2.88243E-3 2.36374E-3 2.37042E-3 2.74595E-3
4.97252E-3 2.56576E-3 4.25693E-3 2.41895E-3 4.44874E-3 5.33708E-3 4.57196E-3 3.94219E-3 4.60459E-3 4.56471E-3 4.41991E-3 4.60651E-3 5.23742E-3 4.93781E-3 4.1209E-3 4.33392E-3 3.89863E-3 4.11977E-3 3.85517E-3 2.90634E-3 3.31307E-3 4.5795E-3 5.00559E-3 2.69612E-3 2.354E-3 4.82641E-3 3.85199E-3 3.7986E-3 4.31311E-3 6.59147E-3 4.38997E-3 7.08805E-3 4.97741E-3 5.19288E-3 4.15316E-3 3.68624E-3 2.01885E-3 2.49751E-3 2.47939E-3 3.03344E-3 2.72934E-3 2.98686E-3 3.07927E-3 2.78404E-3 3.14335E-3 3.69211E-3 4.20018E-3 4.97387E-3 4.35398E-3 4.12357E-3 4.01307E-3 4.2791E-3 5.00541E-3 4.19805E-3 4.71131E-3 3.92161E-3 3.32952E-3 3.46911E-3 3.59086E-3 2.33838E-3 2.59589E-3
4.83516E-3 4.48496E-3 3.69389E-3 3.95078E-3 3.79649E-3 4.63554E-3 4.27148E-3 3.47002E-3 4.61155E-3 4.8838E-3 4.77924E-3 5.15026E-3 4.39264E-3 4.52126E-3 4.56727E-3 9.04572E-3 4.70454E-3 5.83176E-3 4.32432E-3 3.45664E-3 3.72018E-3 4.56783E-3 4.32544E-3 3.7193E-3 3.93498E-3 5.14627E-3 4.70501E-3 5.08949E-3 5.06934E-3 7.71211E-3 6.85442E-3 3.87809E-3 4.70345E-3 4.25222E-3 4.63191E-3 3.91079E-3 2.60819E-3 2.79276E-3 3.91787E-3 3.38086E-3 3.98339E-3 3.41792E-3 2.23611E-3 2.25292E-3 3.51499E-3 4.07847E-3 4.42642E-3 4.05051E-3 4.26374E-3 3.78239E-3 4.33482E-3 3.53704E-3 3.91047E-3 5.2187E-3 5.59608E-3 4.10741E-3 4.73016E-3 4.62897E-3 2.61056E-3 2.65096E-3 2.48033E-3
5.64095E-3 5.06649E-3 4.69059E-3 4.17856E-3 3.03013E-3 4.63295E-3 4.6996E-3 4.15795E-3 4.62256E-3 5.31748E-3 4.72329E-3 4.449E-3 4.83441E-3 4.71364E-3 4.65333E-3 7.24225E-3 4.57272E-3 6.84924E-3 4.87299E-3 4.87778E-3 4.62569E-3 4.61966E-3 3.90738E-3 5.06301E-3 4.28096E-3 4.22415E-3 4.53038E-3 4.58282E-3 4.4233E-3 4.22412E-3 3.8329E-3 3.21348E-3 3.59727E-3 4.2063E-3 4.19117E-3 3.95183E-3 3.4435E-3 4.11148E-3 4.51436E-3 4.07719E-3 3.64145E-3 4.20449E-3 3.46233E-3 3.45057E-3 3.91245E-3 4.68364E-3 4.31499E-3 2.80146E-3 3.24037E-3 3.34358E-3 3.48223E-3 4.6323E-3 4.74781E-3 5.89031E-3 5.83852E-3 3.38518E-3 5.19323E-3 3.41982E-3 2.78649E-3 3.29313E-3 3.11815E-3
4.69848E-3 4.58375E-3 4.62733E-3 5.07876E-3 3.52759E-3 4.73133E-3 5.04524E-3 4.73777E-3 4.62926E-3 4.42419E-3 4.61655E-3 4.58168E-3 4.74334E-3 4.53644E-3 4.62366E-3 4.43109E-3 4.51806E-3 4.45391E-3 5.58193E-3 4.09858E-3 5.19332E-3 5.0303E-3 3.63188E-3 3.74477E-3 3.04795E-3 4.26574E-3 4.02269E-3 3.72231E-3 4.84219E-3 4.44936E-3 4.49859E-3 4.14797E-3 2.84659E-3 3.0823E-3 3.05342E-3 3.61265E-3 4.59751E-3 3.78136E-3 3.57105E-3 4.16045E-3 4.08548E-3 2.7907E-3 3.53947E-3 3.43185E-3 3.06233E-3 3.29467E-3 2.60939E-3 2.24463E-3 2.30338E-3 2.43614E-3 2.45983E-3 4.04963E-3 3.55897E-3 4.09967E-3 3.1989E-3 3.79893E-3 3.03615E-3 2.98409E-3 3.53136E-3 3.42529E-3 3.02161E-3
4.62343E-3 5.25925E-3 5.85784E-3 4.87346E-3 4.85428E-3 5.48309E-3 5.13773E-3 4.87204E-3 4.71697E-3 5.07144E-3 4.83165E-3 5.09479E-3 4.82446E-3 4.637E-3 4.55198E-3 5.02189E-3 5.81262E-3 4.08332E-3 4.11854E-3 4.67118E-3 5.64448E-3 4.06854E-3 4.05875E-3 3.91327E-3 4.21179E-3 4.56619E-3 4.9014E-3 4.31519E-3 5.70942E-3 3.85565E-3 4.58974E-3 4.41731E-3 3.69465E-3 3.49732E-3 4.05129E-3 4.42146E-3 3.6934E-3 3.13391E-3 2.72826E-3 3.46558E-3 2.56432E-3 2.8654E-3 3.75059E-3 4.40639E-3 4.47595E-3 3.27029E-3 3.44967E-3 3.25612E-3 4.73399E-3 3.56675E-3 4.13954E-3 4.38641E-3 2.52729E-3 3.09114E-3 3.92282E-3 3.16161E-3 4.85491E-3 3.68655E-3 2.90909E-3 3.84491E-3 3.70318E-3
4.27219E-3 4.39357E-3 5.25641E-3 5.12748E-3 5.64822E-3 7.66412E-3 7.20673E-3 4.76493E-3 5.50694E-3 4.84809E-3 4.67315E-3 4.62154E-3 5.1192E-3 5.06955E-3 4.3582E-3 4.40837E-3 4.22151E-3 4.42218E-3 4.84073E-3 4.82752E-3 5.11487E-3 4.84919E-3 4.63559E-3 4.53671E-3 4.19732E-3 4.71371E-3 3.88634E-3 4.3141E-3 3.93611E-3 4.33029E-3 4.90687E-3 4.40483E-3 3.36895E-3 4.01883E-3 5.05508E-3 4.79076E-3 4.11962E-3 3.61163E-3 2.86742E-3 4.11253E-3 3.6568E-3 3.74589E-3 4.89516E-3 4.8393E-3 4.69093E-3 3.90566E-3 2.98464E-3 4.89929E-3 5.27775E-3 4.92061E-3 5.13669E-3 5.03069E-3 5.10325E-3 4.13623E-3 5.04915E-3 4.28876E-3 4.1383E-3 2.76973E-3 2.79636E-3 2.92962E-3 5.19681E-3
5.25175E-3 4.29329E-3 7.12967E-3 5.5744E-3 8.43871E-3 6.95584E-3 7.4084E-3 6.88527E-3 6.32603E-3 8.51654E-3 4.89599E-3 5.13053E-3 5.107E-3 5.12656E-3 5.61446E-3 5.4399E-3 5.42048E-3 5.08852E-3 5.14626E-3 4.79468E-3 5.53411E-3 4.82856E-3 4.95083E-3 4.86187E-3 4.06832E-3 4.50467E-3 3.46206E-3 3.2959E-3 3.77483E-3 3.96453E-3 4.18042E-3 4.8957E-3 5.57725E-3 4.21427E-3 5.43757E-3 6.31347E-3 4.22907E-3 3.7613E-3 3.86741E-3 4.2661E-3 4.82176E-3 5.23594E-3 5.07754E-3 4.80382E-3 4.19723E-3 4.29196E-3 3.03921E-3 3.84642E-3 4.35929E-3 3.99857E-3 4.02897E-3 4.28402E-3 3.70974E-3 4.27506E-3 5.03966E-3 4.70656E-3 4.74041E-3 4.38717E-3 2.8583E-3 2.73127E-3 4.44806E-3
6.52118E-3 5.08471E-3 4.65843E-3 5.74491E-3 5.66094E-3 4.87943E-3 4.76166E-3 5.87687E-3 5.72799E-3 4.84839E-3 5.30555E-3 5.29911E-3 5.82064E-3 6.01747E-3 6.67907E-3 6.55435E-3 7.15808E-3 5.38112E-3 5.08151E-3 4.86737E-3 4.81338E-3 5.39244E-3 5.20807E-3 3.57876E-3 3.74267E-3 4.25185E-3 5.47307E-3 4.43765E-3 3.63638E-3 3.49901E-3 4.63574E-3 6.52883E-3 4.85931E-3 4.81443E-3 5.76172E-3 7.85319E-3 5.238E-3 4.96214E-3 3.88939E-3 4.26117E-3 4.21137E-3 4.77391E-3 4.74008E-3 6.18742E-3 4.17952E-3 4.24988E-3 3.51129E-3 3.60348E-3 4.23794E-3 4.13668E-3 4.10972E-3 4.36125E-3 4.85425E-3 5.27193E-3 4.78985E-3 4.19153E-3 5.029E-3 5.13039E-3 5.32294E-3 5.27391E-3 6.94028E-3
6.78541E-3 5.96056E-3 4.2803E-3 5.89744E-3 5.99573E-3 5.25337E-3 6.17936E-3 6.83916E-3 5.27785E-3 5.34859E-3 5.49538E-3 5.12257E-3 6.33094E-3 6.66313E-3 7.3753E-3 7.0985E-3 6.20775E-3 5.49049E-3 4.82702E-3 4.31111E-3 4.93834E-3 5.00251E-3 4.81206E-3 4.33152E-3 4.60277E-3 3.91029E-3 6.41116E-3 4.97782E-3 4.11726E-3 3.95328E-3 5.19744E-3 6.31131E-3 6.14375E-3 4.06736E-3 5.68658E-3 4.93056E-3 2.73487E-3 4.70099E-3 4.68271E-3 5.01307E-3 4.5954E-3 5.07495E-3 5.65196E-3 5.55388E-3 4.38633E-3 3.26868E-3 4.7687E-3 4.26326E-3 4.43933E-3 4.37304E-3 4.86896E-3 5.17336E-3 4.75605E-3 3.92917E-3 4.59396E-3 5.63848E-3 5.26076E-3 5.17488E-3 5.92371E-3 5.68917E-3 5.81312E-3
5.79042E-3 7.16373E-3 7.08443E-3 7.31745E-3 6.27466E-3 5.23274E-3 5.75005E-3 7.13897E-3 6.24887E-3 5.68464E-3 5.32969E-3 5.94025E-3 5.9175E-3 6.48258E-3 7.25317E-3 7.45812E-3 6.34639E-3 5.58589E-3 4.91494E-3 5.1437E-3 4.95795E-3 5.2378E-3 4.9459E-3 4.54733E-3 5.36609E-3 4.57433E-3 5.26955E-3 4.7141E-3 3.63557E-3 3.58206E-3 4.71033E-3 7.04368E-3 4.91955E-3 4.94532E-3 4.71117E-3 5.05315E-3 4.71294E-3 5.53368E-3 3.63022E-3 6.22427E-3 4.5849E-3 5.80335E-3 5.06576E-3 4.75226E-3 5.15442E-3 3.65482E-3 3.37114E-3 3.42562E-3 4.57164E-3 4.57292E-3 4.65684E-3 4.46755E-3 4.40028E-3 4.5017E-3 4.84539E-3 3.97014E-3 4.49606E-3 6.97408E-3 6.05907E-3 6.23753E-3 5.90025E-3
5.97518E-3 6.58399E-3 7.10847E-3 5.31772E-3 5.47532E-3 5.97378E-3 4.62792E-3 5.6413E-3 6.2912E-3 6.04419E-3 5.85965E-3 5.89385E-3 6.36524E-3 6.58807E-3 6.35871E-3 7.01077E-3 6.22546E-3 5.7122E-3 5.34501E-3 5.47614E-3 5.43996E-3 5.01174E-3 5.89365E-3 4.88217E-3 5.0402E-3 4.95059E-3 4.41479E-3 4.84869E-3 5.76056E-3 4.26321E-3 4.75703E-3 4.34725E-3 3.6919E-3 5.34905E-3 5.07801E-3 5.31368E-3 5.63042E-3 5.2471E-3 4.8268E-3 5.70976E-3 6.12345E-3 4.72811E-3 5.30292E-3 4.30651E-3 5.07923E-3 5.46533E-3 3.77906E-3 4.01735E-3 4.61227E-3 4.41898E-3 4.97414E-3 4.7572E-3 5.52372E-3 4.8032E-3 4.19491E-3 3.89886E-3 3.45683E-3 4.66774E-3 4.56891E-3 4.28913E-3 5.97305E-3
6.8696E-3 9.87919E-3 6.13956E-3 6.53462E-3 5.66642E-3 5.50721E-3 6.06734E-3 6.04323E-3 7.32061E-3 5.84955E-3 5.96962E-3 5.81944E-3 5.84782E-3 6.34818E-3 6.63051E-3 6.75966E-3 6.54737E-3 6.10672E-3 6.23883E-3 6.01821E-3 5.56973E-3 4.47993E-3 5.34425E-3 5.1823E-3 4.34539E-3 4.1331E-3 5.79941E-3 4.38591E-3 4.42088E-3 4.28049E-3 4.47281E-3 4.46027E-3 4.124E-3 5.04236E-3 5.05772E-3 5.05808E-3 5.32485E-3 5.2403E-3 4.81235E-3 6.72022E-3 5.95293E-3 4.65343E-3 4.76188E-3 4.20847E-3 4.43875E-3 4.5515E-3 4.34059E-3 4.32906E-3 4.37546E-3 3.76256E-3 4.82682E-3 4.55607E-3 4.80151E-3 4.69133E-3 4.06115E-3 4.99981E-3 4.48992E-3 6.2282E-3 5.85498E-3 5.27162E-3 6.81127E-3
8.87714E-3 9.59799E-3 8.54035E-3 6.18626E-3 6.38136E-3 6.17053E-3 6.90814E-3 7.03097E-3 8.99448E-3 6.67849E-3 6.25793E-3 6.42404E-3 5.98459E-3 6.15621E-3 6.20127E-3 6.26122E-3 6.31408E-3 6.26085E-3 6.33519E-3 6.14012E-3 5.4855E-3 4.40321E-3 5.97461E-3 6.90022E-3 4.14934E-3 4.89115E-3 6.43412E-3 5.85407E-3 5.38877E-3 5.02027E-3 5.01802E-3 4.34687E-3 5.29094E-3 6.70898E-3 4.76723E-3 6.18449E-3 4.78345E-3 5.81729E-3 5.44266E-3 6.18201E-3 5.08399E-3 4.9256E-3 5.16237E-3 4.5214E-3 4.71022E-3 4.2831E-3 4.48164E-3 4.46878E-3 4.35291E-3 4.16238E-3 4.437E-3 4.99152E-3 4.60027E-3 4.43552E-3 3.93709E-3 5.07544E-3 4.84834E-3 6.07239E-3 8.4307E-3 8.44333E-3 6.95941E-3
1.17401E-2 1.1937E-2 9.1864E-3 7.75764E-3 6.77054E-3 7.33114E-3 7.85919E-3 6.27374E-3 6.53473E-3 6.48499E-3 6.41415E-3 1.33655E-2 9.59443E-3 7.08471E-3 5.89558E-3 5.86799E-3 6.01525E-3 5.89352E-3 6.18936E-3 6.9972E-3 5.29497E-3 5.72183E-3 5.07637E-3 7.17132E-3 4.93217E-3 6.37633E-3 5.26926E-3 4.86593E-3 5.71027E-3 4.92691E-3 5.53933E-3 5.62541E-3 5.7833E-3 5.72867E-3 5.32864E-3 5.05354E-3 6.07298E-3 6.21049E-3 6.06938E-3 4.53552E-3 5.96609E-3 4.51576E-3 4.55212E-3 5.03764E-3 4.14554E-3 4.1267E-3 4.0311E-3 4.16449E-3 4.81713E-3 4.85559E-3 4.7574E-3 4.63306E-3 4.60317E-3 4.38212E-3 5.00555E-3 3.89705E-3 5.70416E-3 6.27167E-3 6.03229E-3 4.82589E-3 4.75417E-3
7.86371E-3 1.02841E-2 8.02462E-3 8.45918E-3 8.92007E-3 1.04229E-2 7.31152E-3 6.12148E-3 6.5285E-3 6.53538E-3 1.09108E-2 1.23686E-2 8.44742E-3 6.48926E-3 5.78962E-3 5.93296E-3 6.04357E-3 5.67051E-3 6.4559E-3 5.89491E-3 5.5077E-3 5.6137E-3 5.40712E-3 6.09049E-3 4.79563E-3 6.36974E-3 5.6772E-3 5.27431E-3 5.82918E-3 5.63839E-3 5.28506E-3 5.37733E-3 5.01005E-3 5.14966E-3 5.09544E-3 4.61011E-3 5.21639E-3 6.08303E-3 6.33927E-3 4.39862E-3 4.96849E-3 4.86632E-3 4.81668E-3 4.25707E-3 3.97084E-3 4.04599E-3 4.21366E-3 4.73621E-3 4.73605E-3 4.71512E-3 4.67413E-3 4.63929E-3 4.88038E-3 4.1019E-3 5.06416E-3 3.63558E-3 3.63522E-3 4.53384E-3 4.863E-3 5.84661E-3 6.83509E-3
9.57225E-3 8.41992E-3 9.66364E-3 1.02683E-2 9.62794E-3 8.88756E-3 7.51891E-3 7.19961E-3 7.09228E-3 7.29828E-3 7.19141E-3 1.19776E-2 6.56572E-3 6.41436E-3 6.2415E-3 6.22166E-3 6.67185E-3 5.99917E-3 5.8834E-3 7.69867E-3 6.42401E-3 6.04483E-3 5.13859E-3 6.56124E-3 4.89784E-3 4.72032E-3 4.18832E-3 5.17891E-3 5.74893E-3 6.00829E-3 5.21956E-3 4.89042E-3 5.67364E-3 5.88331E-3 5.13785E-3 5.03878E-3 5.96234E-3 8.04925E-3 4.43613E-3 4.86099E-3 5.43836E-3 4.87985E-3 4.53798E-3 4.13449E-3 4.61489E-3 4.16786E-3 4.93394E-3 4.44935E-3 4.58229E-3 4.66905E-3 4.62233E-3 4.45893E-3 5.90958E-3 3.4932E-3 4.86018E-3 4.31747E-3 3.57903E-3 4.09728E-3 5.16631E-3 7.4781E-3 8.36784E-3
8.87685E-3 9.32065E-3 8.76044E-3 9.46762E-3 1.33346E-2 1.29845E-2 7.28853E-3 7.50893E-3 6.38079E-3 7.06859E-3 8.69102E-3 7.03531E-3 6.41265E-3 6.57754E-3 6.37922E-3 6.80586E-3 6.29749E-3 5.99882E-3 6.71856E-3 5.70232E-3 6.258E-3 5.49626E-3 4.89565E-3 5.37415E-3 5.26792E-3 4.84601E-3 5.73881E-3 5.58993E-3 5.83244E-3 5.41751E-3 5.41396E-3 5.50094E-3 5.52277E-3 7.01395E-3 4.8534E-3 5.53393E-3 5.56687E-3 6.07947E-3 4.72134E-3 5.15726E-3 5.09917E-3 4.94313E-3 4.94188E-3 4.67572E-3 4.72229E-3 4.63587E-3 5.02828E-3 4.14708E-3 4.77658E-3 3.76921E-3 4.4746E-3 4.5489E-3 4.87306E-3 4.21736E-3 5.44427E-3 4.11287E-3 4.08948E-3 4.73067E-3 5.23556E-3 6.0444E-3 7.22956E-3
8.98537E-3 8.14375E-3 7.79669E-3 8.05708E-3 1.08749E-2 8.61352E-3 7.0929E-3 8.01201E-3 1.29465E-2 7.80974E-3 8.16004E-3 7.80072E-3 7.74609E-3 6.89971E-3 6.71615E-3 6.75233E-3 6.68186E-3 5.6074E-3 5.74921E-3 5.40546E-3 5.60285E-3 5.11195E-3 5.25685E-3 5.124E-3 5.27836E-3 5.52142E-3 6.72727E-3 5.97353E-3 6.41193E-3 5.71135E-3 5.5208E-3 6.01614E-3 5.76275E-3 5.71792E-3 5.63291E-3 4.6124E-3 5.37124E-3 4.52077E-3 4.91502E-3 6.456E-3 5.41754E-3 4.41533E-3 4.9187E-3 4.47797E-3 4.56594E-3 4.35051E-3 4.17204E-3 4.25037E-3 4.45979E-3 4.55391E-3 4.65395E-3 4.31622E-3 4.20951E-3 3.56193E-3 4.67295E-3 4.67888E-3 4.68501E-3 4.96323E-3 5.37403E-3 5.53829E-3 7.64982E-3
7.97142E-3 8.09304E-3 8.70257E-3 7.53505E-3 8.5845E-3 8.5294E-3 9.05739E-3 1.14555E-2 1.7294E-2 9.69406E-3 8.28557E-3 8.62641E-3 6.64282E-3 7.43398E-3 6.5061E-3 6.81622E-3 6.07146E-3 6.39916E-3 5.70676E-3 6.06214E-3 5.71137E-3 5.35843E-3 5.17095E-3 4.89966E-3 6.21026E-3 7.27794E-3 6.70853E-3 6.07612E-3 6.20237E-3 8.70644E-3 6.00422E-3 6.41465E-3 6.9944E-3 6.95779E-3 5.88429E-3 5.33528E-3 5.16236E-3 5.46242E-3 4.95099E-3 5.16239E-3 4.4985E-3 4.39659E-3 4.04945E-3 3.79524E-3 4.4877E-3 4.07052E-3 3.71836E-3 4.14674E-3 4.1267E-3 4.53277E-3 4.57403E-3 4.60119E-3 4.14351E-3 3.87181E-3 4.42805E-3 4.55718E-3 3.36153E-3 4.18675E-3 9.53313E-3 9.73476E-3 5.59288E-3
1.02198E-2 7.71739E-3 1.09531E-2 1.05552E-2 8.20342E-3 8.72671E-3 8.38346E-3 1.22564E-2 1.04978E-2 8.41562E-3 9.67222E-3 7.80879E-3 6.95093E-3 7.5267E-3 6.6441E-3 6.90786E-3 6.32959E-3 7.01439E-3 6.42756E-3 6.73537E-3 6.5037E-3 6.6495E-3 5.34384E-3 5.87739E-3 6.17371E-3 6.80651E-3 6.71693E-3 6.73866E-3 6.10849E-3 6.24377E-3 5.8479E-3 5.58104E-3 6.66986E-3 5.79109E-3 5.52322E-3 5.14525E-3 5.31785E-3 5.56409E-3 5.01307E-3 5.13257E-3 4.79024E-3 4.10959E-3 3.96576E-3 4.16072E-3 4.44924E-3 5.1446E-3 3.57641E-3 4.68132E-3 4.82318E-3 4.45481E-3 4.32283E-3 4.2577E-3 4.78273E-3 4.4117E-3 4.86678E-3 4.95008E-3 3.71902E-3 5.93011E-3 5.0205E-3 5.55411E-3 4.6207E-3
8.68429E-3 8.96315E-3 1.31155E-2 8.32155E-3 8.70517E-3 8.21354E-3 8.41987E-3 8.5033E-3 9.68853E-3 8.09061E-3 8.04399E-3 7.84998E-3 6.75132E-3 7.94114E-3 8.59477E-3 6.89274E-3 6.39902E-3 6.96143E-3 6.79964E-3 7.47608E-3 7.42578E-3 6.78429E-3 5.62603E-3 5.8187E-3 6.53657E-3 6.61146E-3 7.06009E-3 6.73331E-3 5.87978E-3 5.63617E-3 5.50684E-3 5.39918E-3 7.24129E-3 6.67894E-3 4.9796E-3 5.68026E-3 5.60554E-3 5.23916E-3 4.80638E-3 5.26033E-3 4.54943E-3 4.20068E-3 4.79948E-3 4.60727E-3 4.81074E-3 4.59169E-3 3.64187E-3 3.70759E-3 4.89421E-3 4.7705E-3 4.76074E-3 4.1579E-3 4.1269E-3 4.16448E-3 4.25414E-3 4.72961E-3 3.66719E-3 5.83165E-3 5.14894E-3 4.85729E-3 -9999
1.05959E-2 8.10258E-3 7.54228E-3 8.39253E-3 8.96904E-3 9.19803E-3 8.17587E-3 8.52858E-3 8.56917E-3 7.45357E-3 7.86102E-3 7.47518E-3 6.77693E-3 7.05326E-3 7.34137E-3 6.801E-3 6.29845E-3 6.15442E-3 6.86971E-3 7.71372E-3 8.43076E-3 6.91881E-3 6.03855E-3 5.51151E-3 5.82409E-3 6.18139E-3 6.32075E-3 6.40749E-3 5.73715E-3 6.76338E-3 5.46724E-3 6.0601E-3 8.12636E-3 7.00347E-3 5.32944E-3 4.77819E-3 4.70631E-3 6.40017E-3 4.80389E-3 4.34435E-3 4.89112E-3 5.27823E-3 4.5467E-3 4.9704E-3 4.97963E-3 4.58923E-3 3.98156E-3 4.66691E-3 5.05124E-3 4.63661E-3 4.92589E-3 4.60515E-3 4.92718E-3 4.37116E-3 4.83539E-3 4.55501E-3 4.58684E-3 4.46177E-3 4.88334E-3 4.5568E-3 -9999
1.33365E-2 1.59759E-2 9.6758E-3 1.0438E-2 8.12651E-3 7.52539E-3 8.14664E-3 8.66503E-3 8.30656E-3 7.90685E-3 7.90381E-3 7.70403E-3 6.70732E-3 6.61688E-3 7.50856E-3 7.01548E-3 6.49076E-3 6.98922E-3 8.36854E-3 9.78614E-3 8.99106E-3 7.3899E-3 6.78101E-3 6.91356E-3 6.33745E-3 5.86118E-3 7.24605E-3 6.9565E-3 9.15489E-3 7.72962E-3 6.34828E-3 5.81521E-3 7.31717E-3 5.61387E-3 4.69175E-3 5.80827E-3 6.11413E-3 6.47628E-3 4.46651E-3 5.01834E-3 5.53851E-3 5.00406E-3 4.96424E-3 5.26338E-3 4.89254E-3 4.74453E-3 4.67886E-3 4.62158E-3 4.87307E-3 4.89057E-3 4.6663E-3 4.33029E-3 5.1342E-3 4.68438E-3 4.59676E-3 4.34206E-3 4.42998E-3 4.68126E-3 4.77967E-3 3.71061E-3 -9999
1.15577E-2 8.80797E-3 8.65602E-3 8.44519E-3 8.18732E-3 8.87605E-3 1.078E-2 8.81839E-3 9.13816E-3 8.41068E-3 7.27582E-3 7.21142E-3 6.76193E-3 7.46956E-3 6.91739E-3 7.34099E-3 7.27462E-3 7.34429E-3 7.88271E-3 8.74691E-3 9.15015E-3 7.89287E-3 7.44048E-3 7.52033E-3 6.65525E-3 7.07421E-3 6.31369E-3 6.28418E-3 8.52703E-3 7.18508E-3 7.70523E-3 6.02049E-3 5.99093E-3 6.19104E-3 6.28047E-3 7.55187E-3 6.66066E-3 6.52894E-3 5.71999E-3 5.5035E-3 5.69118E-3 5.28797E-3 5.08909E-3 5.0351E-3 4.97442E-3 4.54124E-3 5.05421E-3 4.96817E-3 4.75803E-3 4.78268E-3 4.0999E-3 4.41275E-3 4.00979E-3 4.6694E-3 4.19156E-3 4.3482E-3 4.8304E-3 5.07685E-3 4.80877E-3 4.45769E-3 -9999
1.00737E-2 9.47254E-3 8.01632E-3 9.75399E-3 9.27268E-3 1.26925E-2 1.00977E-2 8.34752E-3 8.77243E-3 8.36013E-3 7.6679E-3 7.62668E-3 7.40205E-3 7.23716E-3 6.77389E-3 6.66445E-3 8.0941E-3 9.47072E-3 7.823E-3 8.11678E-3 8.67456E-3 8.17577E-3 7.44919E-3 7.69039E-3 6.27399E-3 6.2842E-3 6.35072E-3 6.48809E-3 7.0012E-3 6.68175E-3 6.35108E-3 5.76584E-3 6.98591E-3 6.52339E-3 5.63206E-3 7.00727E-3 6.81037E-3 6.30573E-3 6.07478E-3 5.89068E-3 5.44076E-3 5.54424E-3 5.08898E-3 5.11285E-3 4.90778E-3 4.75147E-3 5.57632E-3 4.8746E-3 4.77177E-3 4.18626E-3 4.40268E-3 4.42197E-3 4.41991E-3 4.88902E-3 4.91208E-3 5.01346E-3 4.3263E-3 4.70013E-3 5.32652E-3 -9999 -9999
