Final_Models_July82022/M_0.1_F_lqp_Set_1/Bison_9.asc
ncols         290
nrows         380
xllcorner     -2197417.7431653
yllcorner     -584827.01486885
cellsize      10000.0
NODATA_value  -9999
[rows 162 to 188 of 380, columns 183 to 243 of 290]
6.45145E-2 6.49259E-2 6.03694E-2 5.39437E-2 4.91173E-2 4.45111E-2 2.41717E-2 2.74655E-2 3.79786E-2 4.90079E-2 4.71355E-2 4.02192E-2 3.13446E-2 2.36739E-2 3.01966E-2 2.58196E-2 2.15565E-2 2.32458E-2 2.22794E-2 2.8576E-2 2.82136E-2 2.88141E-2 2.80157E-2 3.03446E-2 2.96974E-2 2.92972E-2 3.256E-2 2.94895E-2 4.35995E-2 4.34817E-2 3.07466E-2 4.10726E-2 4.55042E-2 3.21312E-2 3.44151E-2 3.53127E-2 2.67004E-2 2.48589E-2 1.65489E-2 1.9421E-2 1.50279E-2 1.19408E-2 1.86784E-2 2.3147E-2 2.10276E-2 1.81062E-2 2.14588E-2 2.12895E-2 1.67944E-2 2.01425E-2 1.69378E-2 1.54157E-2 1.34894E-2 1.43084E-2 1.34918E-2 1.83768E-2 1.66433E-2 1.60628E-2 1.34048E-2 1.36576E-2 1.3612E-2
5.17175E-2 6.28659E-2 5.88564E-2 5.54032E-2 4.29259E-2 4.86905E-2 4.19624E-2 3.22863E-2 4.48261E-2 5.39325E-2 4.96888E-2 4.34529E-2 3.84469E-2 3.55518E-2 3.23949E-2 2.89747E-2 2.74169E-2 2.3902E-2 2.01681E-2 2.26262E-2 1.96535E-2 2.8286E-2 2.99761E-2 2.2649E-2 1.47029E-2 2.64477E-2 2.50626E-2 3.36603E-2 4.0651E-2 3.27409E-2 3.37006E-2 4.01676E-2 3.00949E-2 3.06537E-2 2.90835E-2 3.8767E-2 2.08449E-2 1.66797E-2 2.83323E-2 1.65437E-2 1.28698E-2 1.30267E-2 2.25082E-2 2.78748E-2 1.66193E-2 2.23123E-2 1.63821E-2 1.32537E-2 2.01909E-2 1.93562E-2 1.90513E-2 2.00838E-2 1.93985E-2 2.21967E-2 1.91212E-2 1.88821E-2 1.32606E-2 1.514E-2 1.21157E-2 1.23502E-2 1.44826E-2
8.25252E-2 6.10633E-2 5.7754E-2 4.283E-2 5.77594E-2 5.48149E-2 5.37182E-2 5.29529E-2 5.26782E-2 4.95494E-2 4.71666E-2 4.38408E-2 4.17436E-2 3.7796E-2 2.73747E-2 2.94431E-2 2.58583E-2 2.61293E-2 2.41505E-2 1.87424E-2 2.22729E-2 3.13472E-2 3.34346E-2 1.93221E-2 1.63309E-2 3.43596E-2 2.63878E-2 2.57341E-2 3.07244E-2 4.45261E-2 3.29464E-2 4.84077E-2 3.45654E-2 3.53729E-2 2.89015E-2 2.53447E-2 1.50014E-2 1.74009E-2 1.71025E-2 2.07468E-2 1.81268E-2 1.80879E-2 1.80402E-2 1.68325E-2 1.83531E-2 2.12436E-2 2.16402E-2 2.51145E-2 2.31226E-2 2.06245E-2 2.10859E-2 2.04327E-2 2.31647E-2 2.13371E-2 2.39102E-2 1.8828E-2 1.66603E-2 1.78375E-2 1.82045E-2 1.18107E-2 1.35682E-2
7.10877E-2 6.18065E-2 5.55012E-2 4.97991E-2 5.37532E-2 5.24486E-2 5.43833E-2 4.87526E-2 5.14369E-2 4.87807E-2 4.68191E-2 4.77357E-2 3.82564E-2 3.25182E-2 3.07271E-2 5.49251E-2 3.15594E-2 3.7932E-2 2.82746E-2 2.21325E-2 2.33235E-2 3.21993E-2 3.09738E-2 2.61024E-2 2.73421E-2 3.69195E-2 3.38239E-2 3.58755E-2 3.45427E-2 5.03886E-2 4.52356E-2 2.96868E-2 3.39701E-2 3.11283E-2 3.3284E-2 3.02382E-2 1.82939E-2 2.0053E-2 2.74009E-2 2.46913E-2 2.74641E-2 2.2454E-2 1.5913E-2 1.43315E-2 2.12881E-2 2.40926E-2 2.2429E-2 2.02345E-2 2.38737E-2 2.08419E-2 2.21386E-2 1.7941E-2 1.92782E-2 2.55153E-2 2.7516E-2 2.07977E-2 2.3534E-2 2.39256E-2 1.45176E-2 1.41244E-2 1.29271E-2
7.82705E-2 6.97812E-2 6.70546E-2 4.73174E-2 5.56304E-2 5.61298E-2 5.27805E-2 5.01091E-2 4.69805E-2 5.10405E-2 4.41073E-2 4.09103E-2 3.94878E-2 3.89979E-2 3.47003E-2 4.7589E-2 3.09598E-2 4.30227E-2 3.12259E-2 3.27569E-2 3.17087E-2 3.15215E-2 3.20427E-2 3.61277E-2 3.16848E-2 3.12624E-2 3.30664E-2 3.26243E-2 3.09565E-2 2.81944E-2 2.74328E-2 2.33255E-2 2.6025E-2 3.21149E-2 3.01425E-2 2.75026E-2 2.40232E-2 2.77637E-2 2.95975E-2 2.99806E-2 2.60163E-2 2.8132E-2 2.35602E-2 2.15823E-2 2.45343E-2 2.62101E-2 2.21366E-2 1.51012E-2 1.74872E-2 1.75215E-2 1.77777E-2 2.31716E-2 2.40146E-2 2.80598E-2 2.89918E-2 1.79147E-2 2.83455E-2 1.86266E-2 1.5305E-2 1.72455E-2 1.58303E-2
4.60824E-2 5.51441E-2 6.39363E-2 6.1393E-2 6.15393E-2 5.85019E-2 4.88342E-2 4.71336E-2 4.60783E-2 4.36466E-2 3.96556E-2 3.92726E-2 4.10989E-2 3.69719E-2 3.38525E-2 3.13333E-2 3.10399E-2 2.84393E-2 3.56921E-2 2.99027E-2 3.67673E-2 3.72327E-2 2.58352E-2 2.59008E-2 2.28181E-2 3.07683E-2 2.87734E-2 2.58239E-2 3.43965E-2 3.23449E-2 3.37559E-2 3.19188E-2 2.31455E-2 2.40324E-2 2.20099E-2 2.95803E-2 3.45713E-2 2.56112E-2 2.40052E-2 2.74067E-2 2.73008E-2 1.93852E-2 2.42522E-2 2.15831E-2 1.89575E-2 1.93583E-2 1.66343E-2 1.32217E-2 1.34869E-2 1.35435E-2 1.40667E-2 2.1202E-2 1.80396E-2 2.02319E-2 1.69125E-2 1.91778E-2 1.63938E-2 1.70809E-2 1.82659E-2 1.89417E-2 1.61298E-2
4.13744E-2 5.09954E-2 9.43238E-2 7.88027E-2 6.36734E-2 5.82492E-2 5.31198E-2 4.94513E-2 4.22589E-2 4.13551E-2 3.56557E-2 4.1809E-2 3.88509E-2 3.46254E-2 3.15593E-2 3.24878E-2 3.86516E-2 2.60133E-2 2.62698E-2 3.21562E-2 4.16334E-2 2.97644E-2 2.89442E-2 2.94515E-2 3.14831E-2 3.32795E-2 3.71978E-2 3.15208E-2 4.01051E-2 2.64692E-2 3.3456E-2 3.4753E-2 2.77687E-2 2.39402E-2 2.786E-2 3.36215E-2 2.72655E-2 2.10724E-2 2.06237E-2 2.48973E-2 1.81226E-2 1.97352E-2 2.48715E-2 2.79128E-2 2.65869E-2 2.02522E-2 1.9523E-2 2.01961E-2 2.65571E-2 2.0111E-2 2.22887E-2 1.96051E-2 1.28372E-2 1.51376E-2 1.86902E-2 1.61187E-2 2.45301E-2 1.93384E-2 1.52074E-2 2.01637E-2 1.92405E-2
4.75188E-2 5.06646E-2 7.95354E-2 8.32302E-2 7.81522E-2 8.46763E-2 6.91948E-2 5.12556E-2 5.22998E-2 3.82056E-2 3.59333E-2 3.72345E-2 3.73287E-2 3.56037E-2 3.03362E-2 2.9034E-2 2.76544E-2 2.80244E-2 3.28823E-2 3.17682E-2 3.42546E-2 3.37732E-2 3.41434E-2 3.52908E-2 3.06766E-2 3.52289E-2 3.01773E-2 3.37465E-2 2.96389E-2 3.00108E-2 3.59493E-2 3.41271E-2 2.45711E-2 2.64995E-2 3.12409E-2 3.25889E-2 3.19521E-2 2.31719E-2 1.90147E-2 3.05601E-2 2.59012E-2 2.50553E-2 2.90479E-2 2.92487E-2 2.7374E-2 2.3662E-2 1.7412E-2 2.79189E-2 2.76411E-2 2.69599E-2 2.43451E-2 2.26595E-2 2.242E-2 1.83723E-2 2.29285E-2 2.03948E-2 2.09577E-2 1.50476E-2 1.53397E-2 1.62512E-2 2.56002E-2
5.22752E-2 1.04626E-1 1.20346E-1 7.87374E-2 8.74672E-2 6.60678E-2 6.46381E-2 6.17772E-2 5.48494E-2 6.44371E-2 3.75669E-2 3.93049E-2 3.67416E-2 3.57292E-2 3.90847E-2 3.55874E-2 3.25316E-2 3.03858E-2 3.38741E-2 3.30319E-2 3.54102E-2 3.21652E-2 3.46728E-2 3.42811E-2 2.81962E-2 3.3028E-2 2.7652E-2 2.29981E-2 2.60503E-2 3.05828E-2 3.32251E-2 3.55057E-2 4.02199E-2 2.79026E-2 3.34648E-2 3.95456E-2 2.92827E-2 2.73753E-2 2.7992E-2 3.03207E-2 3.51169E-2 3.57099E-2 2.91942E-2 2.83928E-2 2.59062E-2 2.52534E-2 1.82521E-2 2.15075E-2 2.38449E-2 2.30003E-2 1.89785E-2 1.91908E-2 1.65112E-2 1.8555E-2 2.21223E-2 2.12729E-2 2.39732E-2 2.33573E-2 1.61748E-2 1.5858E-2 2.42858E-2
7.82571E-2 9.11411E-2 8.21669E-2 7.2174E-2 6.02611E-2 3.7793E-2 3.6771E-2 4.62427E-2 4.76059E-2 3.87581E-2 3.67809E-2 3.9223E-2 3.7269E-2 3.85545E-2 4.08757E-2 4.18976E-2 4.23681E-2 3.68339E-2 3.3196E-2 3.16776E-2 2.93407E-2 3.63654E-2 3.56481E-2 2.46417E-2 2.81172E-2 3.80967E-2 3.91203E-2 3.37548E-2 3.21596E-2 3.00045E-2 3.36642E-2 4.26916E-2 3.29689E-2 3.07898E-2 3.61921E-2 4.71663E-2 3.64169E-2 3.60366E-2 2.56611E-2 2.97694E-2 2.64685E-2 3.27576E-2 2.76496E-2 3.5779E-2 2.46766E-2 2.59073E-2 2.02105E-2 2.03336E-2 2.3193E-2 2.06934E-2 1.94063E-2 2.01444E-2 2.13207E-2 2.21767E-2 2.12671E-2 2.13361E-2 2.46378E-2 2.65157E-2 2.78341E-2 2.69359E-2 3.54665E-2
7.62994E-2 9.24817E-2 8.85051E-2 7.77389E-2 5.59211E-2 4.02089E-2 4.69803E-2 5.39679E-2 4.04719E-2 4.06753E-2 3.94271E-2 3.54689E-2 3.66089E-2 3.78389E-2 4.01772E-2 4.31592E-2 3.84698E-2 3.35104E-2 3.02892E-2 2.78503E-2 3.05332E-2 3.33052E-2 3.00762E-2 2.71665E-2 3.34166E-2 2.55091E-2 4.23856E-2 3.6479E-2 2.90272E-2 3.15955E-2 3.64513E-2 4.02587E-2 3.93889E-2 2.57878E-2 3.42654E-2 3.13562E-2 1.89232E-2 3.41426E-2 3.377E-2 3.23168E-2 2.71422E-2 2.98604E-2 3.12089E-2 2.93246E-2 2.57617E-2 1.79478E-2 2.62523E-2 2.44614E-2 2.15337E-2 2.01179E-2 2.16252E-2 2.29504E-2 2.19718E-2 1.82129E-2 2.13782E-2 2.67534E-2 2.47097E-2 2.31465E-2 2.91559E-2 2.8175E-2 2.8453E-2
5.88065E-2 8.00804E-2 7.37786E-2 9.36047E-2 5.52351E-2 4.21129E-2 4.11981E-2 6.93864E-2 5.00049E-2 4.7211E-2 3.5938E-2 3.6844E-2 3.56995E-2 4.03004E-2 4.19447E-2 4.24399E-2 4.10447E-2 3.34682E-2 2.96412E-2 3.22415E-2 3.19514E-2 3.35665E-2 3.20229E-2 2.82046E-2 3.71886E-2 3.04984E-2 3.64671E-2 3.44762E-2 2.71594E-2 2.6727E-2 3.27337E-2 4.29236E-2 2.83622E-2 2.96292E-2 2.78364E-2 2.86614E-2 2.90363E-2 3.13669E-2 2.58511E-2 3.39541E-2 2.47284E-2 2.91666E-2 2.69946E-2 2.57825E-2 2.77975E-2 2.02918E-2 1.92695E-2 1.83591E-2 2.25641E-2 2.05059E-2 2.01852E-2 2.03525E-2 2.06725E-2 2.07048E-2 2.27799E-2 1.84728E-2 2.01414E-2 2.97376E-2 2.85243E-2 2.99519E-2 2.87322E-2
5.14486E-2 8.97242E-2 1.02468E-1 7.19066E-2 4.58335E-2 4.75211E-2 3.88918E-2 4.1993E-2 4.78255E-2 4.4246E-2 3.96789E-2 3.79358E-2 3.91988E-2 4.1089E-2 3.82588E-2 4.22419E-2 3.69395E-2 3.39983E-2 3.42477E-2 3.34532E-2 3.4133E-2 3.31135E-2 3.55232E-2 3.36908E-2 3.22877E-2 3.55047E-2 3.56167E-2 3.59553E-2 4.16785E-2 3.39902E-2 3.30558E-2 2.59923E-2 2.33955E-2 3.10337E-2 2.84237E-2 2.9284E-2 3.26748E-2 3.08347E-2 3.12946E-2 3.16151E-2 3.3135E-2 2.48878E-2 2.78934E-2 2.40888E-2 2.70894E-2 2.75752E-2 2.16193E-2 2.21012E-2 2.19246E-2 1.9322E-2 2.16751E-2 2.18343E-2 2.50418E-2 2.29062E-2 1.97057E-2 1.85203E-2 1.67299E-2 2.16773E-2 2.18929E-2 2.05433E-2 2.85666E-2
6.72917E-2 1.48068E-1 8.55047E-2 6.33323E-2 4.8425E-2 4.26056E-2 4.29492E-2 4.54018E-2 5.40597E-2 4.33497E-2 4.04322E-2 3.96068E-2 3.78001E-2 4.1271E-2 4.32711E-2 4.14188E-2 4.42946E-2 3.6394E-2 3.82591E-2 3.94938E-2 3.51317E-2 2.86002E-2 3.24766E-2 3.71786E-2 3.52164E-2 3.36743E-2 4.86458E-2 3.39426E-2 3.18423E-2 3.15607E-2 3.01868E-2 2.84328E-2 2.45162E-2 3.01953E-2 2.8638E-2 3.00954E-2 3.24922E-2 3.50239E-2 3.02704E-2 3.6852E-2 3.29466E-2 2.66645E-2 2.73226E-2 2.36368E-2 2.55023E-2 2.52297E-2 2.44978E-2 2.4229E-2 2.19529E-2 1.75991E-2 2.13944E-2 2.13255E-2 2.19456E-2 2.16824E-2 1.93887E-2 2.16273E-2 2.1324E-2 2.97812E-2 2.8252E-2 2.36569E-2 3.3394E-2
8.36235E-2 1.05814E-1 9.83771E-2 5.41086E-2 5.12452E-2 4.76115E-2 4.86169E-2 5.09294E-2 6.37406E-2 4.91253E-2 4.54886E-2 4.14779E-2 3.90112E-2 4.19641E-2 4.07113E-2 3.97111E-2 3.96834E-2 3.80734E-2 3.94877E-2 3.8362E-2 3.61515E-2 2.83372E-2 4.15762E-2 4.83822E-2 3.16724E-2 3.60664E-2 5.05798E-2 4.49461E-2 4.184E-2 3.81899E-2 3.24255E-2 2.60929E-2 3.4604E-2 4.28463E-2 2.93047E-2 3.59948E-2 2.70071E-2 3.59529E-2 3.63679E-2 3.60118E-2 2.91424E-2 2.89597E-2 2.93352E-2 2.572E-2 2.60678E-2 2.49994E-2 2.58561E-2 2.34884E-2 2.15349E-2 1.97357E-2 2.08466E-2 2.2854E-2 2.21558E-2 2.17043E-2 1.90577E-2 2.27672E-2 2.40627E-2 2.68038E-2 3.81667E-2 3.75495E-2 3.35035E-2
1.38707E-1 1.38265E-1 7.8137E-2 6.49624E-2 5.37479E-2 5.59651E-2 6.56834E-2 4.94173E-2 4.901E-2 4.97043E-2 4.44165E-2 8.74683E-2 6.66527E-2 4.78846E-2 4.05511E-2 3.72521E-2 3.72006E-2 3.83255E-2 3.72123E-2 4.491E-2 3.51008E-2 3.78513E-2 3.43064E-2 5.61887E-2 3.39911E-2 5.04773E-2 3.98346E-2 3.58897E-2 4.267E-2 3.25705E-2 3.71138E-2 3.69995E-2 3.42913E-2 3.49153E-2 3.30782E-2 2.94375E-2 3.73019E-2 3.76887E-2 3.5393E-2 2.96533E-2 3.79356E-2 2.71841E-2 2.72062E-2 3.10319E-2 2.58188E-2 2.39548E-2 2.41484E-2 2.25779E-2 2.24433E-2 2.22409E-2 2.17036E-2 2.12363E-2 2.18792E-2 2.18764E-2 2.39256E-2 1.83524E-2 2.64691E-2 2.57406E-2 2.71515E-2 2.21599E-2 2.30922E-2
9.48527E-2 9.64947E-2 8.36049E-2 7.00796E-2 6.50306E-2 7.60876E-2 5.96805E-2 5.34792E-2 5.10656E-2 5.05576E-2 7.51653E-2 5.76864E-2 5.83961E-2 4.48496E-2 3.93189E-2 4.07477E-2 3.93124E-2 3.65328E-2 3.89822E-2 3.9643E-2 3.78123E-2 3.77973E-2 4.03297E-2 4.12591E-2 3.20578E-2 4.54487E-2 3.76145E-2 3.56799E-2 4.2622E-2 3.76509E-2 3.30447E-2 3.42094E-2 3.14159E-2 3.09376E-2 3.11448E-2 2.74261E-2 3.12534E-2 3.78892E-2 3.92105E-2 2.76683E-2 2.83587E-2 2.78648E-2 2.73665E-2 2.66634E-2 2.35772E-2 2.38563E-2 2.31097E-2 2.38426E-2 2.29187E-2 2.26078E-2 2.25404E-2 2.22861E-2 2.26248E-2 2.00615E-2 2.34014E-2 1.79437E-2 1.71624E-2 2.04533E-2 2.29585E-2 3.03055E-2 3.09286E-2
7.93505E-2 6.70241E-2 9.05346E-2 8.05658E-2 7.1132E-2 7.56672E-2 6.44933E-2 5.85358E-2 5.78628E-2 5.61907E-2 5.10738E-2 8.32801E-2 4.28595E-2 4.46323E-2 4.13592E-2 3.99351E-2 4.2413E-2 3.82265E-2 3.88755E-2 4.57791E-2 4.84723E-2 4.19686E-2 3.39086E-2 4.18648E-2 3.21534E-2 3.12585E-2 2.823E-2 3.51355E-2 4.16639E-2 4.30426E-2 3.42066E-2 3.16492E-2 3.51648E-2 3.61425E-2 3.5423E-2 3.04785E-2 3.84395E-2 4.82779E-2 2.8083E-2 2.77175E-2 3.01841E-2 2.78154E-2 2.50012E-2 2.41328E-2 2.7017E-2 2.49817E-2 2.61812E-2 2.20236E-2 2.3675E-2 2.36462E-2 2.21274E-2 2.14746E-2 2.87283E-2 1.77193E-2 2.35365E-2 2.06374E-2 1.77196E-2 1.94965E-2 2.52191E-2 3.67329E-2 3.80782E-2
7.47395E-2 7.61678E-2 8.66976E-2 9.02875E-2 1.31491E-1 1.18538E-1 6.28602E-2 6.31209E-2 5.59821E-2 5.59018E-2 6.40885E-2 4.91586E-2 4.39497E-2 4.72597E-2 4.1208E-2 4.1024E-2 4.13794E-2 3.82729E-2 4.55369E-2 3.9542E-2 4.91482E-2 3.80696E-2 3.18743E-2 3.55041E-2 3.57413E-2 3.14957E-2 3.75779E-2 3.80592E-2 4.36515E-2 3.59839E-2 3.56233E-2 3.67819E-2 3.63432E-2 4.80666E-2 3.14084E-2 3.53701E-2 3.63272E-2 3.87742E-2 3.0199E-2 2.93992E-2 2.8083E-2 2.69445E-2 2.52087E-2 2.49698E-2 2.8653E-2 2.68327E-2 2.68777E-2 2.28039E-2 2.51248E-2 2.01408E-2 2.14169E-2 2.22114E-2 2.55972E-2 2.16384E-2 2.58977E-2 2.07154E-2 1.99908E-2 2.32004E-2 2.58115E-2 3.03685E-2 3.73242E-2
9.18376E-2 9.41391E-2 9.15827E-2 9.02941E-2 1.25927E-1 8.93693E-2 6.7825E-2 6.85172E-2 1.08741E-1 6.47358E-2 6.50283E-2 6.01112E-2 4.96148E-2 4.59203E-2 4.2475E-2 4.29772E-2 4.20888E-2 3.75432E-2 3.99231E-2 3.66497E-2 4.00275E-2 3.29986E-2 3.41602E-2 3.29472E-2 3.42723E-2 3.5249E-2 4.41721E-2 4.2403E-2 4.45147E-2 3.69164E-2 3.80839E-2 3.90528E-2 3.88652E-2 3.80452E-2 3.90722E-2 3.25287E-2 3.58627E-2 2.97335E-2 2.91286E-2 3.7063E-2 3.20759E-2 2.45701E-2 2.80341E-2 2.49479E-2 2.7614E-2 2.49176E-2 2.32559E-2 2.3657E-2 2.40769E-2 2.34946E-2 2.38876E-2 2.23747E-2 2.14682E-2 1.86775E-2 2.32291E-2 2.24671E-2 2.35276E-2 2.52828E-2 2.80575E-2 2.95002E-2 4.06701E-2
1.0191E-1 1.01376E-1 1.01247E-1 9.66838E-2 8.48655E-2 9.07857E-2 7.29689E-2 1.01111E-1 1.19174E-1 8.33046E-2 6.32131E-2 6.16226E-2 4.89679E-2 4.86894E-2 4.22721E-2 4.39245E-2 4.14428E-2 4.5567E-2 4.24146E-2 3.93467E-2 3.8092E-2 3.501E-2 3.35872E-2 3.17426E-2 3.90977E-2 4.74386E-2 4.86963E-2 4.32547E-2 4.28581E-2 5.94845E-2 4.03604E-2 4.40596E-2 4.5817E-2 4.38852E-2 3.7692E-2 3.7529E-2 3.28009E-2 3.44458E-2 3.31982E-2 3.28459E-2 2.82238E-2 2.5267E-2 2.41681E-2 2.24713E-2 2.68111E-2 2.35146E-2 2.14957E-2 2.26485E-2 2.13872E-2 2.42296E-2 2.53276E-2 2.51064E-2 2.11086E-2 2.04669E-2 2.26454E-2 2.10091E-2 1.84968E-2 2.18113E-2 4.82083E-2 5.00716E-2 2.93162E-2
1.07974E-1 1.0268E-1 1.64625E-1 1.41608E-1 9.5622E-2 8.76448E-2 7.36372E-2 1.14749E-1 9.04524E-2 7.14672E-2 7.02514E-2 5.21907E-2 5.1853E-2 5.50407E-2 4.27372E-2 4.70185E-2 4.40558E-2 4.53463E-2 4.78677E-2 4.29713E-2 4.32636E-2 4.17748E-2 3.3995E-2 3.78486E-2 4.47004E-2 4.77253E-2 4.56236E-2 4.6101E-2 4.03724E-2 4.34414E-2 4.10641E-2 3.88646E-2 4.47301E-2 3.75581E-2 3.68479E-2 3.40928E-2 3.61525E-2 3.55317E-2 3.21303E-2 3.08644E-2 2.88851E-2 2.42428E-2 2.21831E-2 2.32893E-2 2.62668E-2 2.93112E-2 2.06411E-2 2.56764E-2 2.62386E-2 2.42789E-2 2.48061E-2 2.42079E-2 2.57882E-2 2.42497E-2 2.52589E-2 2.41015E-2 2.10249E-2 3.27999E-2 2.79162E-2 3.00409E-2 2.46352E-2
1.12176E-1 1.35284E-1 1.78601E-1 1.04086E-1 9.27755E-2 8.43613E-2 8.2028E-2 6.86807E-2 8.39105E-2 5.93197E-2 5.78674E-2 6.44432E-2 5.25913E-2 5.7869E-2 5.84788E-2 4.52791E-2 4.4765E-2 4.72929E-2 5.18705E-2 4.93529E-2 4.73835E-2 4.34593E-2 3.58117E-2 3.64326E-2 4.55867E-2 4.83315E-2 4.82998E-2 4.09919E-2 4.40413E-2 3.73404E-2 3.66074E-2 3.75209E-2 4.53359E-2 4.28939E-2 3.16704E-2 3.44186E-2 3.12321E-2 3.11356E-2 3.15486E-2 3.34245E-2 2.78875E-2 2.73949E-2 2.74895E-2 2.64956E-2 2.81345E-2 2.59892E-2 2.12978E-2 2.12648E-2 2.76108E-2 2.80203E-2 2.73698E-2 2.3794E-2 2.40307E-2 2.29498E-2 2.42884E-2 2.39045E-2 1.95191E-2 3.15632E-2 2.76385E-2 2.70131E-2 -9999
1.39942E-1 1.09288E-1 9.83687E-2 1.03072E-1 9.7159E-2 8.73875E-2 7.62603E-2 7.29563E-2 6.87288E-2 5.72158E-2 6.16414E-2 5.80219E-2 5.27655E-2 5.55545E-2 5.28429E-2 5.08825E-2 4.89389E-2 4.86577E-2 5.04157E-2 5.73119E-2 5.21459E-2 4.30452E-2 3.76439E-2 3.49955E-2 3.8002E-2 4.20334E-2 4.40176E-2 4.17102E-2 3.93253E-2 4.61401E-2 3.61969E-2 4.00825E-2 5.11268E-2 4.50418E-2 3.21048E-2 2.87385E-2 2.59231E-2 3.813E-2 2.70156E-2 2.72129E-2 2.86114E-2 3.42691E-2 2.88613E-2 3.01941E-2 2.8704E-2 2.59609E-2 2.32823E-2 2.59758E-2 2.5896E-2 2.509E-2 2.69078E-2 2.51707E-2 2.71215E-2 2.42602E-2 2.44076E-2 2.56269E-2 2.6996E-2 2.3858E-2 2.72277E-2 2.46634E-2 -9999
1.54964E-1 1.95916E-1 9.89306E-2 9.68489E-2 8.61829E-2 7.96932E-2 7.5522E-2 7.10825E-2 6.98997E-2 6.50476E-2 6.34658E-2 6.04454E-2 5.361E-2 5.25426E-2 6.1892E-2 5.21094E-2 4.57772E-2 4.88571E-2 4.99033E-2 6.45836E-2 5.61772E-2 4.48797E-2 4.32776E-2 4.22296E-2 3.93791E-2 3.47563E-2 4.7349E-2 4.56852E-2 6.31589E-2 5.27493E-2 4.50137E-2 4.10939E-2 4.94525E-2 3.68846E-2 2.93141E-2 3.59545E-2 3.79514E-2 3.91479E-2 2.66634E-2 3.25365E-2 3.51413E-2 3.30326E-2 3.07643E-2 3.08871E-2 2.91076E-2 2.68595E-2 2.63444E-2 2.56415E-2 2.57634E-2 2.72015E-2 2.54588E-2 2.43248E-2 2.86995E-2 2.31642E-2 2.32501E-2 2.44334E-2 2.42859E-2 2.63835E-2 2.72705E-2 2.13132E-2 -9999
9.40413E-2 1.00339E-1 1.00034E-1 8.88635E-2 8.6596E-2 8.07463E-2 1.00791E-1 7.63928E-2 7.75581E-2 6.79461E-2 6.06585E-2 5.73636E-2 5.41968E-2 5.44154E-2 5.5046E-2 5.40814E-2 5.5659E-2 5.04639E-2 5.1468E-2 5.69799E-2 6.18589E-2 4.87273E-2 4.6852E-2 4.93662E-2 4.80747E-2 4.85102E-2 4.23901E-2 3.89151E-2 5.90886E-2 4.61625E-2 5.04099E-2 3.82746E-2 3.87842E-2 3.72937E-2 4.22224E-2 5.13794E-2 4.24783E-2 4.11585E-2 3.25679E-2 3.68379E-2 3.52578E-2 3.48437E-2 3.26759E-2 3.12938E-2 2.82852E-2 2.60074E-2 2.85852E-2 2.775E-2 2.55649E-2 2.56304E-2 2.3871E-2 2.34453E-2 2.27226E-2 2.40435E-2 2.17818E-2 2.36618E-2 2.70063E-2 2.81269E-2 2.61487E-2 2.50422E-2 -9999
1.0069E-1 9.99686E-2 9.79033E-2 1.02525E-1 8.41775E-2 1.28495E-1 9.13199E-2 7.51267E-2 7.93485E-2 7.04085E-2 6.47278E-2 6.65444E-2 5.94039E-2 5.64477E-2 5.28414E-2 5.10032E-2 5.66116E-2 7.06286E-2 4.92985E-2 5.21124E-2 5.74132E-2 4.99796E-2 4.49305E-2 4.95997E-2 4.04299E-2 4.39407E-2 4.13609E-2 4.28954E-2 4.48726E-2 4.49372E-2 3.80101E-2 3.4197E-2 4.97999E-2 4.55074E-2 3.8683E-2 4.8926E-2 4.82505E-2 4.17501E-2 4.15369E-2 3.79329E-2 3.32206E-2 3.34539E-2 3.12023E-2 3.00237E-2 2.89683E-2 2.83446E-2 2.94968E-2 2.74467E-2 2.54883E-2 2.44244E-2 2.44162E-2 2.36737E-2 2.30346E-2 2.59919E-2 2.55834E-2 2.57352E-2 2.39476E-2 2.56711E-2 3.06025E-2 -9999 -9999
