Final_Models_July82022/M_0.1_F_lqp_Set_1/Bison_2.asc
ncols         290
nrows         380
xllcorner     -2197417.7431653
yllcorner     -584827.01486885
cellsize      10000.0
NODATA_value  -9999
[rows 135 to 161 of 380, columns 183 to 243 of 290]
1.54994E-2 1.47315E-2 1.98662E-2 1.34692E-2 1.18794E-2 1.09689E-2 1.20237E-2 1.06772E-2 1.05107E-2 1.10016E-2 1.13919E-2 1.06405E-2 1.34554E-2 1.04411E-2 9.50123E-3 1.13147E-2 1.33763E-2 1.04452E-2 1.73595E-2 2.41401E-2 1.93454E-2 1.16801E-2 1.17398E-2 1.32443E-2 9.92672E-3 1.48135E-2 9.38096E-3 7.59831E-3 7.79761E-3 7.51491E-3 7.54016E-3 7.7832E-3 8.21028E-3 8.01751E-3 7.46669E-3 7.42547E-3 6.06857E-3 6.27148E-3 6.19346E-3 6.94998E-3 5.6869E-3 5.89831E-3 5.73582E-3 6.13751E-3 6.04265E-3 6.47025E-3 6.38278E-3 6.40292E-3 6.08387E-3 6.30575E-3 5.78567E-3 8.45355E-3 8.54786E-3 5.53776E-3 6.12147E-3 5.80166E-3 6.01272E-3 5.94517E-3 6.3552E-3 5.8862E-3 6.14451E-3
1.66511E-2 1.50605E-2 1.23009E-2 1.96415E-2 1.42172E-2 1.25131E-2 1.12087E-2 1.1287E-2 1.06373E-2 1.25546E-2 1.40927E-2 1.5667E-2 2.09238E-2 1.33343E-2 1.50734E-2 1.30827E-2 1.02299E-2 1.49624E-2 2.42059E-2 1.85932E-2 2.26039E-2 1.91552E-2 1.65318E-2 1.55697E-2 1.54312E-2 1.3183E-2 9.45051E-3 9.00764E-3 7.63532E-3 8.12242E-3 7.90614E-3 8.54822E-3 8.14775E-3 8.30487E-3 7.9467E-3 7.09813E-3 7.01137E-3 6.36685E-3 6.32871E-3 6.08691E-3 5.96382E-3 5.53479E-3 5.7973E-3 5.90114E-3 5.71583E-3 6.2071E-3 7.09996E-3 6.6739E-3 6.09054E-3 5.71564E-3 6.92249E-3 8.76589E-3 6.81123E-3 5.1117E-3 5.79596E-3 5.51927E-3 6.40368E-3 5.76115E-3 5.61118E-3 5.67243E-3 5.73731E-3
1.47171E-2 1.7607E-2 1.24303E-2 2.20681E-2 2.29119E-2 1.46765E-2 1.41319E-2 1.56081E-2 1.46903E-2 1.67338E-2 1.79472E-2 1.55671E-2 1.71642E-2 1.25939E-2 1.65661E-2 1.86926E-2 1.39976E-2 2.05464E-2 2.49816E-2 2.47384E-2 3.02521E-2 2.30307E-2 1.37586E-2 1.32235E-2 1.67296E-2 1.30357E-2 1.14112E-2 9.58334E-3 8.33731E-3 8.80815E-3 8.42325E-3 8.17211E-3 7.97638E-3 8.34869E-3 7.80879E-3 7.76788E-3 7.5194E-3 7.23194E-3 6.54842E-3 6.71836E-3 6.15013E-3 5.84644E-3 5.55862E-3 5.75848E-3 5.66086E-3 6.10159E-3 6.37192E-3 7.50188E-3 8.32692E-3 6.57521E-3 5.70161E-3 5.59534E-3 5.6034E-3 5.79421E-3 5.75723E-3 5.56746E-3 5.97877E-3 5.71024E-3 5.68997E-3 5.59437E-3 6.17561E-3
1.71914E-2 2.71641E-2 3.51473E-2 2.16325E-2 2.66718E-2 2.60247E-2 1.6552E-2 2.18412E-2 1.40867E-2 1.31982E-2 1.8116E-2 1.34709E-2 1.57122E-2 1.64597E-2 1.72622E-2 1.40921E-2 2.07626E-2 2.2978E-2 1.76327E-2 2.94572E-2 1.96294E-2 1.49561E-2 1.22137E-2 1.40981E-2 1.3213E-2 1.12296E-2 1.08465E-2 1.05235E-2 8.6153E-3 8.71851E-3 1.19036E-2 9.02608E-3 8.50519E-3 8.54491E-3 8.53723E-3 7.77714E-3 7.42691E-3 7.51495E-3 6.4153E-3 7.26135E-3 5.51529E-3 6.42181E-3 5.72399E-3 6.17896E-3 5.9933E-3 6.10499E-3 6.90094E-3 7.78837E-3 6.52165E-3 6.74361E-3 5.75167E-3 5.96793E-3 5.59662E-3 6.39362E-3 1.01954E-2 5.91172E-3 5.44753E-3 5.86516E-3 5.64461E-3 5.54253E-3 6.181E-3
3.48694E-2 4.7657E-2 2.91017E-2 2.58188E-2 1.43357E-2 3.28182E-2 2.49375E-2 2.89975E-2 1.73712E-2 1.76285E-2 1.91637E-2 1.67355E-2 1.37288E-2 1.80876E-2 2.64681E-2 2.95906E-2 2.52915E-2 1.58835E-2 1.80913E-2 2.23172E-2 1.21292E-2 1.41733E-2 1.28818E-2 1.18799E-2 1.31044E-2 1.32799E-2 1.31315E-2 9.40153E-3 9.11967E-3 1.52079E-2 9.30115E-3 8.8953E-3 8.56066E-3 9.23515E-3 8.37951E-3 8.03371E-3 8.08686E-3 7.60897E-3 7.14285E-3 6.99162E-3 6.78831E-3 6.69955E-3 6.3619E-3 6.54549E-3 6.77609E-3 6.37014E-3 6.4005E-3 6.60119E-3 6.96231E-3 6.50651E-3 6.08627E-3 5.91759E-3 6.50394E-3 6.81688E-3 5.24852E-3 5.70341E-3 6.12571E-3 5.48799E-3 5.98042E-3 6.14927E-3 6.36807E-3
2.43623E-2 3.46134E-2 4.13813E-2 2.848E-2 3.63752E-2 3.20116E-2 3.542E-2 3.12027E-2 3.03269E-2 1.96405E-2 2.16636E-2 1.74302E-2 3.02756E-2 2.17406E-2 2.60761E-2 3.02194E-2 2.84295E-2 1.72178E-2 1.27415E-2 1.33055E-2 1.41191E-2 1.31884E-2 1.24918E-2 1.4327E-2 1.35127E-2 1.29613E-2 1.04181E-2 9.04508E-3 1.89822E-2 1.00814E-2 9.84312E-3 8.50026E-3 8.88096E-3 9.52674E-3 7.67173E-3 8.23391E-3 8.15988E-3 7.79358E-3 7.31741E-3 6.97144E-3 7.11801E-3 6.80868E-3 6.44538E-3 7.01382E-3 6.67455E-3 6.85118E-3 7.07748E-3 7.34847E-3 7.19676E-3 6.62365E-3 7.07003E-3 6.11466E-3 6.56594E-3 5.69473E-3 6.07715E-3 6.03857E-3 5.87742E-3 6.11792E-3 5.96378E-3 6.18756E-3 6.67647E-3
2.12064E-2 3.64584E-2 3.35944E-2 3.5645E-2 4.68971E-2 4.73045E-2 2.99239E-2 2.83903E-2 3.02501E-2 2.47347E-2 2.03088E-2 2.5958E-2 4.11411E-2 1.48923E-2 1.21195E-2 1.71635E-2 1.94976E-2 1.50222E-2 1.43816E-2 1.31546E-2 1.48273E-2 1.4135E-2 1.35487E-2 1.26518E-2 1.14493E-2 1.29923E-2 1.27582E-2 9.59394E-3 9.40792E-3 1.16016E-2 8.59917E-3 8.86803E-3 9.56239E-3 9.07247E-3 8.51586E-3 8.2804E-3 8.41548E-3 7.42373E-3 7.56256E-3 7.45522E-3 7.14743E-3 6.72729E-3 7.01548E-3 7.62706E-3 7.12929E-3 7.56564E-3 7.78231E-3 7.52649E-3 7.46162E-3 7.04773E-3 6.90722E-3 6.31453E-3 6.54047E-3 5.45644E-3 6.52974E-3 7.18837E-3 6.09041E-3 6.12664E-3 6.73152E-3 6.54117E-3 6.94248E-3
2.29455E-2 2.7832E-2 2.6427E-2 2.9052E-2 3.35408E-2 3.50432E-2 2.83967E-2 2.27595E-2 2.5501E-2 2.50084E-2 2.83045E-2 2.39624E-2 1.21172E-2 9.52226E-3 1.01798E-2 1.16725E-2 2.04813E-2 1.52562E-2 1.30651E-2 1.82835E-2 1.49671E-2 1.83936E-2 1.75599E-2 1.37365E-2 1.68831E-2 8.39111E-3 1.08197E-2 9.3928E-3 8.7306E-3 9.1743E-3 9.03438E-3 8.81822E-3 9.12988E-3 9.12231E-3 7.86028E-3 7.738E-3 8.28126E-3 8.15242E-3 7.72454E-3 7.80425E-3 7.6302E-3 6.91277E-3 6.71567E-3 7.37137E-3 9.66959E-3 6.72309E-3 9.06414E-3 7.92507E-3 9.76376E-3 7.70551E-3 6.90661E-3 7.0386E-3 6.32987E-3 6.28583E-3 6.48397E-3 6.45785E-3 6.73458E-3 6.31042E-3 6.80006E-3 6.99383E-3 6.83416E-3
2.96876E-2 1.92042E-2 2.19701E-2 3.04171E-2 3.06735E-2 3.55471E-2 3.31502E-2 2.55127E-2 3.63651E-2 1.75154E-2 3.53615E-2 2.04811E-2 1.51618E-2 1.24157E-2 1.05936E-2 1.51686E-2 2.17155E-2 1.43806E-2 1.71466E-2 1.93304E-2 2.23435E-2 2.63175E-2 2.02883E-2 1.83077E-2 1.76022E-2 1.45364E-2 1.09715E-2 9.88883E-3 9.63331E-3 1.10252E-2 1.85448E-2 9.83119E-3 8.24352E-3 7.68885E-3 8.41233E-3 8.34391E-3 7.80305E-3 7.11552E-3 8.12562E-3 7.24115E-3 7.46867E-3 7.27841E-3 7.07986E-3 7.41077E-3 8.2125E-3 6.75542E-3 7.30894E-3 7.78574E-3 8.06738E-3 7.35228E-3 8.07299E-3 7.40771E-3 7.29314E-3 6.60807E-3 7.29453E-3 7.15368E-3 6.7184E-3 6.83363E-3 6.59408E-3 7.2865E-3 6.84284E-3
2.04069E-2 2.38757E-2 2.09881E-2 2.83027E-2 2.51037E-2 3.26821E-2 2.67914E-2 2.90706E-2 3.37396E-2 3.53178E-2 3.26381E-2 3.88484E-2 2.23961E-2 2.19262E-2 2.45055E-2 2.62062E-2 1.80608E-2 2.04635E-2 1.9721E-2 2.40619E-2 2.13771E-2 1.43655E-2 1.76841E-2 1.53291E-2 1.09574E-2 1.172E-2 1.16344E-2 1.45738E-2 1.26038E-2 1.37902E-2 1.33455E-2 9.96028E-3 9.02778E-3 8.42722E-3 8.03575E-3 6.90643E-3 7.25411E-3 7.64072E-3 7.02165E-3 7.5134E-3 7.36971E-3 7.00264E-3 7.46976E-3 7.02487E-3 7.75575E-3 7.29213E-3 7.48657E-3 7.75725E-3 7.67458E-3 7.19699E-3 7.75514E-3 7.92102E-3 7.64622E-3 7.28456E-3 7.49077E-3 7.90811E-3 7.63984E-3 7.03282E-3 7.08764E-3 7.20658E-3 7.6098E-3
1.66531E-2 1.5123E-2 1.22983E-2 1.15848E-2 2.08872E-2 2.64946E-2 4.01677E-2 2.17435E-2 3.13515E-2 3.14194E-2 4.3133E-2 2.62966E-2 2.39179E-2 1.89986E-2 2.34663E-2 2.62673E-2 2.82671E-2 2.74334E-2 2.07744E-2 2.0563E-2 1.22308E-2 1.35674E-2 2.68237E-2 1.98702E-2 1.56839E-2 2.01171E-2 1.67143E-2 1.99771E-2 1.76257E-2 1.18718E-2 1.46246E-2 1.09711E-2 1.10247E-2 1.06484E-2 1.01549E-2 8.94048E-3 7.71758E-3 7.89724E-3 8.96757E-3 7.62739E-3 7.65351E-3 7.80626E-3 8.01985E-3 6.87255E-3 7.39119E-3 8.21473E-3 7.59231E-3 7.51639E-3 7.99143E-3 7.11532E-3 7.60918E-3 8.00773E-3 7.76941E-3 8.14001E-3 7.1922E-3 7.40991E-3 9.04847E-3 8.12574E-3 7.39733E-3 6.94779E-3 7.48403E-3
1.59904E-2 1.49032E-2 1.54206E-2 1.16687E-2 2.23786E-2 2.66276E-2 3.43674E-2 2.82702E-2 3.01802E-2 2.95024E-2 3.43362E-2 2.48195E-2 1.74756E-2 1.95296E-2 1.83145E-2 2.6332E-2 2.84917E-2 2.33247E-2 2.62821E-2 2.42779E-2 1.55289E-2 1.28785E-2 1.78034E-2 1.92761E-2 1.56847E-2 1.94569E-2 2.42478E-2 1.7303E-2 1.32816E-2 1.52031E-2 1.58992E-2 1.22647E-2 1.36833E-2 1.38465E-2 1.18204E-2 9.97758E-3 1.0918E-2 8.43303E-3 5.78804E-3 9.13394E-3 7.72221E-3 8.54178E-3 9.11826E-3 8.48056E-3 7.5552E-3 7.86043E-3 8.28717E-3 8.11039E-3 8.75455E-3 7.76945E-3 8.50957E-3 7.96157E-3 8.44341E-3 1.05715E-2 8.14179E-3 8.4413E-3 9.3913E-3 8.23732E-3 8.08757E-3 8.26394E-3 8.27239E-3
2.39815E-2 3.68766E-2 4.84942E-2 1.54539E-2 2.05031E-2 1.56252E-2 2.57713E-2 2.58679E-2 3.12432E-2 3.14284E-2 2.25692E-2 2.83345E-2 2.54412E-2 2.26009E-2 4.78763E-2 2.11469E-2 2.96167E-2 2.70584E-2 2.80447E-2 1.73781E-2 1.03887E-2 2.09687E-2 1.17542E-2 1.47785E-2 2.8299E-2 3.1549E-2 1.63908E-2 2.55265E-2 1.31293E-2 1.30629E-2 1.96161E-2 1.39807E-2 1.05692E-2 1.09929E-2 1.19712E-2 1.06018E-2 8.44708E-3 8.86882E-3 7.7848E-3 8.02692E-3 1.09088E-2 1.03148E-2 8.02618E-3 8.86365E-3 9.52665E-3 8.87632E-3 8.33891E-3 8.66714E-3 9.20447E-3 8.35097E-3 7.88169E-3 1.265E-2 8.67876E-3 9.27604E-3 9.34795E-3 9.03418E-3 8.84893E-3 8.83901E-3 8.00502E-3 8.14724E-3 8.82681E-3
2.58087E-2 3.56646E-2 3.5535E-2 1.84952E-2 2.10733E-2 1.53826E-2 2.557E-2 1.92801E-2 2.63584E-2 2.69037E-2 3.26017E-2 2.98318E-2 2.38629E-2 2.92747E-2 2.15623E-2 2.81461E-2 2.99111E-2 2.92069E-2 3.40028E-2 1.6163E-2 1.76123E-2 1.2139E-2 1.32532E-2 1.58618E-2 2.17468E-2 1.94778E-2 1.31465E-2 1.57515E-2 1.41405E-2 1.7391E-2 2.6752E-2 1.31812E-2 1.25875E-2 1.12812E-2 1.40134E-2 1.2062E-2 1.2284E-2 1.57432E-2 9.30048E-3 9.05251E-3 1.05863E-2 1.00533E-2 8.51308E-3 7.76462E-3 9.04867E-3 8.77356E-3 9.71044E-3 9.92202E-3 9.73023E-3 9.56022E-3 8.85668E-3 1.09537E-2 9.75611E-3 8.46994E-3 8.43521E-3 9.04815E-3 1.10922E-2 8.44674E-3 8.3229E-3 8.16725E-3 8.51003E-3
3.79207E-2 3.4899E-2 2.38263E-2 2.22541E-2 3.09886E-2 2.3437E-2 2.43046E-2 1.37742E-2 1.75886E-2 1.84829E-2 1.73824E-2 2.01411E-2 2.30825E-2 2.69006E-2 2.22852E-2 2.67543E-2 2.34067E-2 3.03656E-2 3.23125E-2 1.99569E-2 2.27179E-2 1.57784E-2 1.44045E-2 1.20073E-2 1.16766E-2 2.70736E-2 1.25022E-2 1.57917E-2 1.2569E-2 1.7557E-2 2.4359E-2 1.8146E-2 1.58972E-2 1.81255E-2 1.99628E-2 1.91413E-2 1.41927E-2 1.02615E-2 1.07821E-2 1.12343E-2 1.04306E-2 9.7603E-3 9.35594E-3 8.74718E-3 9.21182E-3 9.47663E-3 8.6249E-3 9.47074E-3 1.07917E-2 1.07212E-2 1.12833E-2 1.10111E-2 9.02086E-3 9.4296E-3 8.24746E-3 8.4119E-3 8.08431E-3 8.37601E-3 9.06506E-3 8.47236E-3 1.02217E-2
3.57603E-2 3.04493E-2 2.18953E-2 2.60832E-2 2.80668E-2 2.7801E-2 3.01044E-2 2.68011E-2 1.82566E-2 1.80736E-2 2.28998E-2 2.63028E-2 3.10764E-2 2.20635E-2 2.85657E-2 3.3125E-2 3.02212E-2 2.61492E-2 3.9297E-2 2.17639E-2 1.95996E-2 1.6024E-2 1.5517E-2 1.92009E-2 1.2488E-2 2.50944E-2 1.95452E-2 1.55647E-2 2.40187E-2 1.41746E-2 1.93166E-2 1.59214E-2 2.19718E-2 1.79532E-2 1.87534E-2 2.96492E-2 1.36944E-2 1.02869E-2 1.00614E-2 1.15663E-2 1.31141E-2 1.02957E-2 1.12097E-2 9.36833E-3 1.11635E-2 1.02152E-2 9.43966E-3 9.81357E-3 9.36259E-3 1.05094E-2 1.26643E-2 9.97003E-3 1.00932E-2 8.62042E-3 9.67194E-3 8.89966E-3 8.01665E-3 9.42706E-3 9.73191E-3 9.09069E-3 9.0681E-3
4.28795E-2 3.37611E-2 2.9699E-2 2.24934E-2 2.75981E-2 2.68295E-2 2.59235E-2 2.60692E-2 2.17314E-2 2.14314E-2 2.23819E-2 1.96395E-2 1.95045E-2 3.38051E-2 2.99723E-2 3.04474E-2 2.46423E-2 1.61866E-2 4.18186E-2 2.6443E-2 1.71409E-2 2.19146E-2 2.12048E-2 1.30456E-2 1.12373E-2 1.39783E-2 2.87216E-2 3.05091E-2 2.25436E-2 1.8227E-2 1.26041E-2 1.55784E-2 2.52092E-2 2.85029E-2 2.15726E-2 1.75042E-2 1.36585E-2 1.38625E-2 9.40032E-3 1.30449E-2 1.09173E-2 1.08529E-2 9.86098E-3 1.01004E-2 1.07466E-2 1.03436E-2 8.77995E-3 9.9714E-3 9.86012E-3 1.11424E-2 1.05813E-2 9.94509E-3 9.54681E-3 1.01321E-2 9.58534E-3 8.52513E-3 9.14911E-3 9.09909E-3 8.71278E-3 8.29387E-3 8.70852E-3
4.27577E-2 3.40612E-2 3.03737E-2 2.23803E-2 2.58182E-2 2.39289E-2 2.54929E-2 2.48661E-2 2.79764E-2 2.69751E-2 2.23577E-2 1.71514E-2 2.21657E-2 2.96081E-2 2.99545E-2 2.81598E-2 2.46043E-2 1.7933E-2 2.19327E-2 2.2125E-2 2.47318E-2 2.79223E-2 2.33249E-2 2.5769E-2 1.42524E-2 1.16084E-2 3.00739E-2 3.21828E-2 2.33936E-2 1.95731E-2 2.63131E-2 2.28178E-2 2.43917E-2 3.23762E-2 3.19079E-2 3.39126E-2 1.96523E-2 2.24E-2 1.63676E-2 1.20843E-2 1.02533E-2 1.2926E-2 1.2055E-2 1.23527E-2 1.04455E-2 9.65084E-3 8.64686E-3 1.06919E-2 9.80108E-3 9.67862E-3 9.99401E-3 9.99648E-3 1.04343E-2 8.19433E-3 8.21207E-3 8.10023E-3 8.06774E-3 8.88237E-3 8.75416E-3 9.58359E-3 9.47437E-3
3.92412E-2 2.63413E-2 1.97993E-2 2.36907E-2 3.05646E-2 2.98687E-2 1.81078E-2 2.62075E-2 4.19665E-2 2.80923E-2 1.93257E-2 2.12371E-2 2.28419E-2 2.81685E-2 3.00034E-2 2.34991E-2 2.55153E-2 2.49219E-2 3.20172E-2 3.35033E-2 2.56052E-2 2.79006E-2 1.77974E-2 3.23514E-2 2.07424E-2 1.06221E-2 2.79504E-2 2.75213E-2 2.25662E-2 2.73459E-2 2.70072E-2 2.84849E-2 3.42464E-2 3.04016E-2 2.0432E-2 1.88636E-2 3.44483E-2 2.32479E-2 1.99067E-2 1.88143E-2 1.51601E-2 1.21129E-2 1.11151E-2 9.7164E-3 1.13407E-2 9.37736E-3 9.61645E-3 1.1438E-2 9.86726E-3 8.83595E-3 9.67077E-3 9.47686E-3 8.99798E-3 8.46932E-3 8.32713E-3 9.1163E-3 8.59051E-3 9.05139E-3 8.41239E-3 1.03488E-2 1.19015E-2
2.95506E-2 2.16607E-2 2.66701E-2 3.08612E-2 2.4597E-2 2.07644E-2 2.48117E-2 2.77188E-2 2.96656E-2 2.83679E-2 2.21291E-2 1.90277E-2 2.3516E-2 2.93747E-2 3.07332E-2 2.96666E-2 2.75751E-2 2.68944E-2 3.32455E-2 2.79344E-2 1.97357E-2 2.18299E-2 2.55708E-2 2.86456E-2 2.68347E-2 1.78137E-2 2.12009E-2 1.88995E-2 1.97481E-2 2.22302E-2 1.49638E-2 3.15674E-2 3.20639E-2 2.42342E-2 2.94142E-2 2.52567E-2 1.7731E-2 1.46045E-2 1.2349E-2 1.97139E-2 1.57166E-2 1.92797E-2 1.23343E-2 1.31399E-2 1.45451E-2 1.05445E-2 1.10258E-2 9.81219E-3 1.08006E-2 1.03606E-2 9.73015E-3 1.07668E-2 9.6388E-3 9.30281E-3 9.2855E-3 9.91397E-3 9.51476E-3 9.85106E-3 9.44404E-3 9.60796E-3 1.0285E-2
3.76075E-2 2.41593E-2 2.81535E-2 3.41249E-2 3.00809E-2 2.58967E-2 2.51193E-2 2.43475E-2 2.6712E-2 2.73641E-2 3.54946E-2 2.43163E-2 1.72773E-2 2.88503E-2 2.59487E-2 2.70928E-2 2.33668E-2 1.83894E-2 1.77373E-2 2.22875E-2 1.60164E-2 1.50949E-2 2.62303E-2 3.04939E-2 3.05312E-2 2.82928E-2 3.00421E-2 3.62618E-2 1.70116E-2 3.85449E-2 2.95498E-2 3.12583E-2 2.9075E-2 2.37919E-2 3.0833E-2 2.57461E-2 2.03396E-2 1.26081E-2 1.65415E-2 1.84687E-2 1.81623E-2 2.53566E-2 1.10346E-2 1.21841E-2 1.18681E-2 9.99413E-3 1.00268E-2 1.18555E-2 9.64832E-3 1.11244E-2 8.72785E-3 9.40017E-3 9.54903E-3 8.90072E-3 1.06834E-2 1.04849E-2 9.35227E-3 9.95519E-3 1.01361E-2 8.94912E-3 9.22717E-3
4.15227E-2 3.79066E-2 3.15435E-2 2.82014E-2 2.10981E-2 2.87075E-2 3.18861E-2 3.16025E-2 2.59525E-2 3.38461E-2 3.01098E-2 2.80653E-2 2.85222E-2 3.20209E-2 3.09263E-2 2.7983E-2 3.55007E-2 2.15276E-2 1.39634E-2 2.49754E-2 2.25453E-2 1.91684E-2 2.17123E-2 2.36239E-2 1.71318E-2 2.73964E-2 3.87865E-2 4.8538E-2 5.07499E-2 4.03974E-2 3.0058E-2 3.09405E-2 2.82537E-2 2.83861E-2 2.6353E-2 3.18434E-2 1.80064E-2 1.32944E-2 1.26908E-2 1.59999E-2 1.98665E-2 2.20823E-2 1.45901E-2 1.02378E-2 1.3458E-2 1.17722E-2 1.07796E-2 1.123E-2 1.08868E-2 1.18959E-2 9.19496E-3 8.51334E-3 9.13669E-3 1.18815E-2 9.95799E-3 9.54105E-3 1.09982E-2 9.26218E-3 8.76445E-3 9.13074E-3 1.05462E-2
4.9322E-2 4.36465E-2 4.07373E-2 2.03311E-2 3.24705E-2 2.6007E-2 2.7649E-2 2.93875E-2 3.00267E-2 3.22354E-2 3.31268E-2 2.94964E-2 3.17462E-2 2.86143E-2 2.5256E-2 2.82069E-2 4.41694E-2 2.52614E-2 1.67917E-2 2.56058E-2 2.91115E-2 2.50169E-2 2.932E-2 2.35116E-2 1.71411E-2 2.82818E-2 4.46759E-2 4.60011E-2 5.63448E-2 3.18329E-2 2.56046E-2 2.98234E-2 2.84934E-2 2.56382E-2 2.2875E-2 1.78818E-2 1.80724E-2 2.56631E-2 1.70412E-2 1.47129E-2 2.25273E-2 1.8059E-2 1.6916E-2 1.38685E-2 1.35266E-2 1.03635E-2 1.07948E-2 1.39456E-2 1.23682E-2 1.09389E-2 9.07901E-3 9.38787E-3 9.27369E-3 1.09712E-2 9.9135E-3 1.04875E-2 1.27208E-2 1.08249E-2 9.20691E-3 9.4711E-3 1.13152E-2
7.1414E-2 3.75277E-2 4.34472E-2 3.95909E-2 3.49383E-2 3.32075E-2 2.76038E-2 3.93389E-2 2.73725E-2 3.60889E-2 3.13721E-2 2.87444E-2 3.29336E-2 3.66057E-2 3.5331E-2 3.05273E-2 2.57579E-2 1.77732E-2 1.40129E-2 1.55385E-2 2.11063E-2 1.82013E-2 2.90348E-2 1.98114E-2 2.22247E-2 2.9732E-2 2.8848E-2 3.11486E-2 3.26137E-2 3.316E-2 3.17501E-2 3.07077E-2 3.95647E-2 2.41628E-2 2.26209E-2 2.43041E-2 2.35717E-2 2.27942E-2 1.59259E-2 1.42164E-2 2.09482E-2 1.3915E-2 1.15463E-2 1.18604E-2 1.43443E-2 1.30257E-2 1.19894E-2 1.41656E-2 1.54244E-2 1.11509E-2 9.67314E-3 1.18189E-2 9.99455E-3 9.21604E-3 8.60059E-3 9.26485E-3 1.0275E-2 9.3659E-3 9.26269E-3 1.00724E-2 1.06013E-2
4.98286E-2 5.04037E-2 5.04758E-2 3.49705E-2 3.79209E-2 3.74489E-2 3.77197E-2 3.49523E-2 2.66366E-2 2.75368E-2 3.12201E-2 2.61464E-2 3.37351E-2 3.28568E-2 3.09744E-2 2.01069E-2 2.66159E-2 1.93558E-2 1.95769E-2 1.87914E-2 1.6637E-2 1.86883E-2 2.55214E-2 2.59446E-2 2.98156E-2 3.29918E-2 3.35044E-2 4.45128E-2 5.43023E-2 3.2097E-2 2.91314E-2 3.42849E-2 3.60461E-2 1.94051E-2 3.02258E-2 2.82493E-2 2.11601E-2 2.1363E-2 1.56416E-2 1.82887E-2 1.67987E-2 1.05656E-2 1.0629E-2 1.14907E-2 1.21367E-2 1.44943E-2 1.51622E-2 1.31915E-2 1.33815E-2 1.15634E-2 1.09493E-2 1.17549E-2 1.09983E-2 1.01313E-2 9.59575E-3 1.00034E-2 1.02174E-2 9.8028E-3 1.0226E-2 1.0489E-2 1.1156E-2
4.89779E-2 6.1538E-2 5.05003E-2 4.27911E-2 4.34997E-2 5.14601E-2 3.71835E-2 3.73564E-2 3.32347E-2 3.78622E-2 3.49385E-2 2.18176E-2 3.1336E-2 3.06633E-2 2.22765E-2 2.4724E-2 2.73256E-2 2.491E-2 1.95009E-2 2.62966E-2 2.34619E-2 2.80502E-2 2.63903E-2 2.53959E-2 2.82013E-2 2.7844E-2 2.88252E-2 4.04374E-2 5.88956E-2 5.47825E-2 3.96456E-2 5.55064E-2 3.47785E-2 2.65831E-2 2.49988E-2 2.69443E-2 1.95037E-2 1.74885E-2 1.92968E-2 1.37606E-2 1.6042E-2 1.42557E-2 1.06954E-2 1.0014E-2 1.15011E-2 1.33354E-2 1.48717E-2 1.48851E-2 1.1641E-2 1.16991E-2 1.2293E-2 1.01506E-2 1.19809E-2 1.06711E-2 1.00325E-2 9.3889E-3 1.15509E-2 1.03421E-2 1.0767E-2 1.05939E-2 1.16152E-2
6.88765E-2 5.15194E-2 5.31806E-2 5.10057E-2 4.91084E-2 5.96489E-2 3.89076E-2 4.47715E-2 4.0892E-2 4.57535E-2 3.18225E-2 2.79536E-2 2.74861E-2 2.33279E-2 2.68051E-2 2.464E-2 2.22232E-2 2.04852E-2 1.83712E-2 2.55363E-2 2.64092E-2 2.92798E-2 2.8851E-2 2.70395E-2 2.70994E-2 2.93104E-2 3.03581E-2 2.7674E-2 4.14839E-2 5.52251E-2 3.63765E-2 4.86918E-2 3.45132E-2 2.40797E-2 2.84399E-2 2.19833E-2 2.78465E-2 2.55875E-2 2.11924E-2 1.54004E-2 1.41055E-2 1.44765E-2 1.5338E-2 1.29179E-2 1.14133E-2 1.28156E-2 1.90752E-2 1.86623E-2 1.97059E-2 1.43016E-2 1.3885E-2 1.2524E-2 1.14229E-2 1.07854E-2 1.00646E-2 1.07475E-2 1.16949E-2 1.42533E-2 1.42839E-2 1.32534E-2 1.17826E-2
