Final_Models_July82022/M_0.1_F_lqp_Set_1/Bison_8.asc
ncols         290
nrows         380
xllcorner     -2197417.7431653
yllcorner     -584827.01486885
cellsize      10000.0
NODATA_value  -9999
[rows 243 to 269 of 380, columns 183 to 243 of 290]
4.25733E-1 3.92746E-1 3.83272E-1 3.98447E-1 4.1121E-1 3.93707E-1 5.87451E-1 5.87868E-1 6.25137E-1 3.8231E-1 3.1661E-1 2.85478E-1 2.76613E-1 2.59349E-1 2.88794E-1 4.79522E-1 4.94382E-1 3.8382E-1 3.74287E-1 2.59162E-1 2.40228E-1 2.61548E-1 4.2852E-1 4.02547E-1 5.51125E-1 3.65363E-1 2.76667E-1 2.77435E-1 2.82906E-1 3.89283E-1 4.0755E-1 3.05953E-1 4.34613E-1 4.34808E-1 3.25946E-1 4.23361E-1 3.81753E-1 3.57629E-1 4.25449E-1 4.04157E-1 3.53912E-1 2.85229E-1 3.6791E-1 3.5516E-1 2.68851E-1 2.71372E-1 2.86422E-1 2.90255E-1 3.48984E-1 3.49558E-1 2.73079E-1 2.5995E-1 3.99197E-1 3.9196E-1 4.67712E-1 3.24767E-1 3.06864E-1 2.86709E-1 -9999 -9999 -9999
4.61629E-1 4.80754E-1 4.03778E-1 4.31273E-1 3.94781E-1 6.31796E-1 3.95694E-1 6.53715E-1 6.15341E-1 6.09883E-1 3.54776E-1 3.72164E-1 3.4782E-1 2.8699E-1 2.40182E-1 2.80518E-1 3.46062E-1 3.95019E-1 3.15037E-1 3.30634E-1 2.41464E-1 2.71088E-1 3.64233E-1 4.97249E-1 4.48958E-1 4.19155E-1 2.70346E-1 2.72083E-1 5.52752E-1 3.82081E-1 3.12176E-1 2.90944E-1 4.63756E-1 2.89688E-1 3.21124E-1 3.99109E-1 3.75678E-1 3.68689E-1 4.09017E-1 4.41098E-1 3.16811E-1 3.13132E-1 2.90896E-1 3.12313E-1 3.04936E-1 2.75004E-1 2.75293E-1 2.72189E-1 3.99867E-1 4.13378E-1 3.09052E-1 2.8436E-1 3.56904E-1 3.57982E-1 4.19401E-1 3.74399E-1 3.01551E-1 2.90288E-1 -9999 -9999 -9999
4.64154E-1 4.21718E-1 4.0171E-1 3.96523E-1 4.40847E-1 6.06187E-1 6.53836E-1 5.48211E-1 3.73877E-1 3.76162E-1 3.29604E-1 3.76121E-1 5.63366E-1 4.58181E-1 3.39654E-1 2.64417E-1 2.59686E-1 2.80628E-1 2.37713E-1 3.00345E-1 3.23098E-1 2.94575E-1 3.70933E-1 3.36558E-1 4.03994E-1 3.49648E-1 4.14869E-1 5.16304E-1 3.00068E-1 3.02046E-1 3.17461E-1 3.15444E-1 5.08592E-1 4.54717E-1 4.45365E-1 5.4009E-1 3.70165E-1 4.02106E-1 3.88553E-1 4.45415E-1 3.64629E-1 3.53556E-1 3.57957E-1 3.05182E-1 2.891E-1 3.37114E-1 3.17411E-1 2.90813E-1 3.81878E-1 3.57795E-1 2.94601E-1 3.03585E-1 3.35179E-1 3.41664E-1 3.24481E-1 3.47825E-1 2.92558E-1 2.83942E-1 2.76961E-1 -9999 -9999
4.88246E-1 4.32599E-1 4.1439E-1 4.0264E-1 5.85532E-1 4.13707E-1 4.12298E-1 4.11276E-1 3.99394E-1 3.6526E-1 3.36107E-1 4.65234E-1 3.45591E-1 5.50666E-1 4.33866E-1 4.17631E-1 2.47156E-1 2.65079E-1 2.40243E-1 2.63938E-1 3.79534E-1 4.8753E-1 3.6978E-1 3.72391E-1 5.80168E-1 5.65553E-1 5.56275E-1 3.5206E-1 3.27966E-1 2.86597E-1 3.0309E-1 2.66633E-1 5.1071E-1 5.36136E-1 4.43335E-1 3.82574E-1 5.05278E-1 3.58291E-1 4.24188E-1 5.81783E-1 3.8286E-1 4.28912E-1 4.17546E-1 4.03799E-1 4.31037E-1 4.85381E-1 4.96264E-1 4.20204E-1 3.25571E-1 3.37944E-1 3.15005E-1 2.93685E-1 3.28177E-1 2.85097E-1 3.30087E-1 3.05417E-1 2.91109E-1 2.8795E-1 3.05329E-1 2.71478E-1 -9999
4.96394E-1 4.69641E-1 4.32293E-1 5.8876E-1 4.53563E-1 3.82301E-1 6.50496E-1 5.36899E-1 4.06719E-1 4.07716E-1 3.69125E-1 3.16776E-1 3.11745E-1 3.20621E-1 3.99709E-1 6.0404E-1 4.75629E-1 4.45357E-1 2.56891E-1 2.70068E-1 2.83268E-1 2.71634E-1 2.53804E-1 2.96174E-1 5.86482E-1 3.76179E-1 3.61381E-1 3.5115E-1 3.0773E-1 2.97203E-1 2.96913E-1 2.82638E-1 3.99911E-1 5.16645E-1 4.56924E-1 2.7808E-1 4.58283E-1 4.26497E-1 3.37161E-1 5.39288E-1 3.9846E-1 4.17218E-1 4.35035E-1 4.11857E-1 4.22942E-1 4.25765E-1 4.91945E-1 3.10394E-1 3.10893E-1 3.15679E-1 3.08471E-1 2.7524E-1 2.56485E-1 2.25177E-1 2.58901E-1 2.7471E-1 3.28717E-1 2.84745E-1 3.24565E-1 2.77477E-1 -9999
5.19607E-1 4.73177E-1 4.57254E-1 4.39861E-1 4.05863E-1 4.72554E-1 7.08312E-1 6.21434E-1 4.14004E-1 3.65722E-1 4.12909E-1 3.49605E-1 3.19872E-1 4.23917E-1 3.63459E-1 3.52835E-1 5.07602E-1 5.85829E-1 5.42763E-1 2.59309E-1 2.72317E-1 2.55656E-1 2.5963E-1 3.10329E-1 5.47894E-1 4.41916E-1 4.6832E-1 5.6203E-1 3.41906E-1 3.03254E-1 2.68779E-1 2.90765E-1 3.90337E-1 4.79447E-1 4.92728E-1 4.7572E-1 3.45936E-1 5.06499E-1 5.06579E-1 4.54627E-1 4.51753E-1 4.60315E-1 4.14942E-1 4.48018E-1 3.85281E-1 5.54996E-1 4.68024E-1 3.38881E-1 3.32607E-1 3.144E-1 2.95235E-1 2.6091E-1 2.41154E-1 2.53437E-1 2.10082E-1 2.50068E-1 2.46157E-1 2.51623E-1 3.33758E-1 2.86545E-1 -9999
6.79344E-1 4.70477E-1 4.48624E-1 4.42741E-1 4.11516E-1 4.21252E-1 5.89512E-1 4.84304E-1 4.063E-1 4.41808E-1 3.73434E-1 4.07535E-1 3.95874E-1 5.18356E-1 5.08819E-1 3.98437E-1 4.09334E-1 4.43388E-1 5.80233E-1 3.15107E-1 2.61448E-1 2.61535E-1 2.54855E-1 2.65092E-1 3.67873E-1 4.95023E-1 3.94682E-1 5.75553E-1 3.48366E-1 3.06501E-1 2.6963E-1 2.83837E-1 4.11008E-1 2.9314E-1 4.51555E-1 3.92095E-1 2.91827E-1 5.10465E-1 4.09143E-1 5.43503E-1 5.76411E-1 4.87184E-1 5.60692E-1 4.9451E-1 4.40117E-1 5.56017E-1 5.58028E-1 3.99562E-1 3.39054E-1 3.08535E-1 2.67785E-1 2.60896E-1 2.51827E-1 3.96352E-1 3.59803E-1 3.45512E-1 2.36199E-1 2.467E-1 2.73059E-1 2.56793E-1 -9999
6.33863E-1 4.73892E-1 4.48094E-1 4.43714E-1 4.17502E-1 4.00546E-1 5.48525E-1 7.16369E-1 6.29442E-1 4.75699E-1 4.3539E-1 4.95613E-1 4.97064E-1 6.1089E-1 6.11131E-1 5.23165E-1 3.2758E-1 3.24977E-1 4.13727E-1 2.99963E-1 2.62981E-1 2.84177E-1 3.31923E-1 2.70634E-1 4.6201E-1 3.36655E-1 3.55073E-1 3.90232E-1 5.71852E-1 2.97915E-1 2.93696E-1 2.66207E-1 3.90668E-1 3.59394E-1 4.93548E-1 4.12975E-1 3.03542E-1 3.96693E-1 4.50339E-1 5.26102E-1 4.72584E-1 4.96544E-1 5.16138E-1 4.03001E-1 4.85898E-1 6.1472E-1 5.47198E-1 4.84285E-1 4.43024E-1 2.77293E-1 2.85554E-1 3.05245E-1 3.75334E-1 3.43763E-1 3.64639E-1 1.79965E-1 1.92329E-1 2.67372E-1 2.63914E-1 2.92594E-1 -9999
5.16013E-1 4.66278E-1 4.82041E-1 4.35576E-1 4.29996E-1 4.07295E-1 6.84164E-1 6.82301E-1 5.78679E-1 4.65931E-1 4.75755E-1 3.87647E-1 4.29794E-1 5.70724E-1 6.29276E-1 4.42491E-1 3.49115E-1 3.92996E-1 3.31742E-1 2.91741E-1 2.91003E-1 3.09364E-1 3.13576E-1 3.03391E-1 5.31058E-1 5.51318E-1 3.36774E-1 3.47266E-1 5.87727E-1 5.02028E-1 2.94497E-1 4.58063E-1 4.10279E-1 3.16457E-1 3.26267E-1 4.64951E-1 2.78498E-1 4.99028E-1 4.83692E-1 4.60752E-1 5.54535E-1 5.87553E-1 4.30319E-1 4.42169E-1 3.87456E-1 5.42757E-1 5.85728E-1 5.02867E-1 4.31484E-1 2.88199E-1 2.95818E-1 3.09456E-1 4.2298E-1 3.15456E-1 3.77058E-1 1.8383E-1 2.09169E-1 2.49881E-1 2.75393E-1 3.10815E-1 -9999
4.80769E-1 4.72241E-1 7.1702E-1 4.38808E-1 4.33623E-1 4.19687E-1 4.7028E-1 5.99571E-1 5.03223E-1 3.84094E-1 4.21747E-1 4.25917E-1 3.65153E-1 3.98692E-1 4.32727E-1 3.54667E-1 3.6376E-1 3.7839E-1 4.16592E-1 4.25446E-1 3.094E-1 2.99231E-1 3.26313E-1 3.147E-1 5.21065E-1 4.17396E-1 4.23068E-1 2.86614E-1 3.08044E-1 4.08982E-1 4.55795E-1 2.67958E-1 2.4336E-1 2.62156E-1 2.90706E-1 2.78442E-1 2.81985E-1 5.13815E-1 3.06004E-1 5.4095E-1 4.8574E-1 5.54211E-1 5.40724E-1 5.91309E-1 5.41103E-1 3.57355E-1 5.28188E-1 5.61895E-1 5.15755E-1 2.90509E-1 2.80013E-1 3.26018E-1 3.84177E-1 3.3671E-1 3.60441E-1 2.01026E-1 3.24264E-1 3.82706E-1 3.73243E-1 2.89131E-1 -9999
6.35695E-1 4.88308E-1 4.72424E-1 4.41831E-1 4.30715E-1 4.22249E-1 4.08382E-1 4.20107E-1 4.14866E-1 3.92493E-1 3.99496E-1 4.22843E-1 3.94744E-1 4.51863E-1 4.06061E-1 3.36685E-1 3.69839E-1 4.07293E-1 3.54071E-1 3.79791E-1 3.19936E-1 3.50122E-1 3.35836E-1 3.48648E-1 3.26618E-1 3.36733E-1 4.73228E-1 3.2785E-1 4.74188E-1 3.11325E-1 2.92106E-1 2.67235E-1 2.45774E-1 2.69863E-1 3.06727E-1 2.96476E-1 3.18533E-1 4.08022E-1 4.90509E-1 4.89267E-1 4.30991E-1 4.71853E-1 5.25412E-1 6.07461E-1 5.85055E-1 4.14703E-1 5.69844E-1 5.8483E-1 5.51489E-1 3.17831E-1 3.12359E-1 3.1356E-1 3.46699E-1 2.61611E-1 3.60134E-1 3.97661E-1 3.71299E-1 3.90785E-1 4.30011E-1 3.21577E-1 -9999
6.79429E-1 4.76208E-1 4.69434E-1 4.56098E-1 4.35651E-1 4.41093E-1 4.17262E-1 4.26544E-1 4.15759E-1 3.81997E-1 3.6335E-1 3.70877E-1 6.61896E-1 6.01282E-1 3.65389E-1 3.21394E-1 3.45881E-1 3.11662E-1 3.766E-1 5.30418E-1 3.18907E-1 3.75619E-1 4.2104E-1 4.05031E-1 3.29171E-1 3.30308E-1 4.3728E-1 3.24516E-1 4.11785E-1 5.17919E-1 3.56969E-1 3.04507E-1 3.91025E-1 3.04889E-1 2.70461E-1 3.24642E-1 4.35727E-1 4.50279E-1 3.76327E-1 3.1765E-1 3.35766E-1 5.47848E-1 3.9267E-1 5.64514E-1 4.60413E-1 5.57993E-1 5.4921E-1 5.11334E-1 5.45944E-1 5.31358E-1 3.49355E-1 3.5565E-1 4.45525E-1 2.2519E-1 2.85883E-1 2.0676E-1 2.03823E-1 2.39061E-1 3.14428E-1 2.91821E-1 -9999
6.29769E-1 5.35413E-1 4.77823E-1 4.53218E-1 4.428E-1 4.45383E-1 4.16459E-1 4.21717E-1 4.25251E-1 4.06766E-1 4.15749E-1 3.9671E-1 5.89618E-1 5.34083E-1 3.42211E-1 3.31522E-1 3.80611E-1 3.64226E-1 3.49282E-1 3.71748E-1 3.726E-1 3.61915E-1 4.48649E-1 4.02594E-1 3.74972E-1 3.33504E-1 4.59748E-1 3.91721E-1 2.93001E-1 3.61474E-1 3.53063E-1 3.66442E-1 3.39543E-1 3.47817E-1 3.74393E-1 3.55072E-1 3.63563E-1 3.75718E-1 4.5757E-1 5.05454E-1 4.80742E-1 5.49148E-1 3.80724E-1 4.54164E-1 4.60965E-1 5.43119E-1 5.81502E-1 5.40284E-1 5.57073E-1 5.25613E-1 3.65826E-1 3.55515E-1 4.07511E-1 3.48988E-1 2.89183E-1 2.69248E-1 1.88222E-1 2.95325E-1 2.8966E-1 2.80625E-1 -9999
5.04338E-1 6.78283E-1 5.6643E-1 4.57965E-1 4.93757E-1 4.70676E-1 4.74779E-1 5.61915E-1 6.07775E-1 6.622E-1 4.54579E-1 4.30605E-1 3.85569E-1 3.72486E-1 3.45878E-1 3.62735E-1 3.64258E-1 3.59439E-1 3.58407E-1 3.78561E-1 3.73386E-1 4.26334E-1 4.12918E-1 3.54696E-1 3.26304E-1 3.23508E-1 4.08563E-1 3.11545E-1 2.77309E-1 5.69887E-1 5.50429E-1 4.68855E-1 3.16276E-1 3.26767E-1 3.0937E-1 3.02405E-1 2.84913E-1 2.25322E-1 3.60254E-1 4.25595E-1 5.13482E-1 4.74969E-1 3.89997E-1 5.02487E-1 4.38536E-1 3.80254E-1 3.67163E-1 5.33404E-1 5.55126E-1 5.77822E-1 5.4709E-1 4.23661E-1 3.51959E-1 3.87744E-1 3.95423E-1 3.99617E-1 3.838E-1 3.76932E-1 3.19904E-1 2.84807E-1 -9999
4.90529E-1 5.23793E-1 4.87727E-1 4.62418E-1 4.51089E-1 4.69422E-1 4.34367E-1 4.63936E-1 4.93666E-1 4.80186E-1 6.26973E-1 4.91948E-1 4.20466E-1 3.81426E-1 3.60286E-1 3.80078E-1 3.57292E-1 3.60801E-1 3.8903E-1 3.76999E-1 3.59273E-1 3.63042E-1 3.71204E-1 3.78593E-1 3.4918E-1 3.61365E-1 3.82812E-1 3.16557E-1 2.9541E-1 2.84922E-1 2.87811E-1 4.93203E-1 4.74744E-1 3.20844E-1 3.42088E-1 3.26763E-1 2.79285E-1 2.78206E-1 3.31099E-1 4.42114E-1 2.93586E-1 5.18022E-1 5.20723E-1 5.54054E-1 3.80132E-1 5.26951E-1 3.38695E-1 3.39858E-1 5.36668E-1 5.54221E-1 5.83391E-1 4.08532E-1 3.07512E-1 2.60388E-1 2.98342E-1 2.5562E-1 3.21043E-1 4.09316E-1 2.71976E-1 2.89572E-1 -9999
4.90548E-1 4.94295E-1 4.86938E-1 4.72434E-1 4.44468E-1 4.52148E-1 4.6161E-1 4.30955E-1 4.16454E-1 4.14167E-1 4.4481E-1 5.47682E-1 4.23668E-1 4.21725E-1 3.97228E-1 3.98799E-1 5.51745E-1 4.74605E-1 3.91568E-1 3.84396E-1 4.027E-1 4.59638E-1 4.78277E-1 4.36004E-1 3.64261E-1 3.42413E-1 3.49988E-1 3.4627E-1 3.33962E-1 3.72828E-1 3.80157E-1 4.3321E-1 4.9203E-1 4.87573E-1 5.35484E-1 5.61092E-1 4.64866E-1 3.15137E-1 3.40683E-1 4.38583E-1 2.6483E-1 5.34515E-1 5.35522E-1 4.29898E-1 4.07901E-1 5.8805E-1 3.93036E-1 3.41407E-1 3.42471E-1 5.20967E-1 5.66627E-1 5.56076E-1 3.7569E-1 3.52622E-1 3.44277E-1 2.98806E-1 3.94691E-1 4.04075E-1 2.83058E-1 2.90078E-1 -9999
5.29924E-1 4.79857E-1 4.82596E-1 6.97957E-1 5.91901E-1 4.55926E-1 4.48571E-1 4.87993E-1 5.18924E-1 4.35371E-1 4.33414E-1 4.31425E-1 5.27222E-1 3.71147E-1 3.8385E-1 4.139E-1 5.21278E-1 6.51837E-1 5.35322E-1 5.36804E-1 4.82214E-1 5.20644E-1 5.9374E-1 4.67815E-1 4.43288E-1 5.79902E-1 5.71205E-1 3.77926E-1 3.65114E-1 2.82544E-1 3.56914E-1 2.78558E-1 2.6509E-1 3.57859E-1 4.45125E-1 4.08379E-1 4.92938E-1 5.41893E-1 3.62578E-1 3.31022E-1 3.34653E-1 4.90733E-1 4.26713E-1 5.40592E-1 5.81096E-1 5.81818E-1 5.63146E-1 3.57102E-1 3.46849E-1 3.37573E-1 5.56035E-1 5.30653E-1 3.67909E-1 3.68073E-1 3.57705E-1 3.62985E-1 4.30927E-1 4.13953E-1 3.08442E-1 2.87217E-1 -9999
5.24728E-1 4.75039E-1 4.69483E-1 6.97183E-1 6.80655E-1 4.728E-1 4.52419E-1 4.30779E-1 4.33253E-1 4.32924E-1 4.3558E-1 4.12222E-1 3.98635E-1 4.25105E-1 4.08326E-1 4.18156E-1 4.80348E-1 4.90986E-1 6.27225E-1 6.74639E-1 6.76883E-1 6.81955E-1 6.61537E-1 6.51353E-1 5.8845E-1 5.57676E-1 4.89748E-1 3.78608E-1 3.77813E-1 3.2931E-1 2.99876E-1 2.86742E-1 2.73005E-1 2.97926E-1 3.72885E-1 3.71928E-1 5.45003E-1 4.45798E-1 5.33505E-1 4.80218E-1 3.50493E-1 3.27531E-1 3.15733E-1 3.3281E-1 5.94481E-1 5.77615E-1 6.14466E-1 3.63162E-1 3.51865E-1 3.42057E-1 4.52419E-1 5.27602E-1 3.15115E-1 3.52348E-1 2.90669E-1 3.37825E-1 4.11446E-1 2.77651E-1 4.55366E-1 2.90866E-1 -9999
5.33419E-1 4.66329E-1 4.55153E-1 4.82549E-1 4.76272E-1 4.47917E-1 4.49534E-1 4.27765E-1 4.25975E-1 4.68004E-1 4.97578E-1 6.80021E-1 5.02003E-1 3.95711E-1 4.4669E-1 4.08266E-1 4.02652E-1 4.30554E-1 5.01919E-1 4.27828E-1 4.0938E-1 4.42855E-1 5.3868E-1 4.3101E-1 5.27684E-1 3.82751E-1 3.88237E-1 4.92573E-1 4.35101E-1 3.35839E-1 3.31086E-1 2.99002E-1 3.65152E-1 3.05256E-1 3.40953E-1 4.0281E-1 4.00131E-1 3.15129E-1 3.52542E-1 3.81328E-1 3.54478E-1 2.8912E-1 2.84955E-1 2.76479E-1 5.43579E-1 4.45744E-1 5.50951E-1 4.05961E-1 3.55623E-1 3.46782E-1 3.2832E-1 5.48888E-1 4.3798E-1 3.57993E-1 3.02148E-1 4.22949E-1 3.04406E-1 3.20514E-1 4.84724E-1 3.19944E-1 -9999
4.84706E-1 4.7045E-1 4.58965E-1 4.71315E-1 4.75949E-1 4.62122E-1 4.59544E-1 4.28816E-1 4.33582E-1 4.69182E-1 4.0757E-1 5.2168E-1 5.25305E-1 4.12097E-1 3.7993E-1 4.04119E-1 4.67456E-1 4.92489E-1 4.5576E-1 4.16574E-1 4.063E-1 3.97678E-1 4.16648E-1 3.9611E-1 3.52328E-1 3.49072E-1 3.35136E-1 5.58734E-1 3.98589E-1 3.02768E-1 2.86835E-1 2.77665E-1 3.09616E-1 3.00426E-1 2.74954E-1 2.94971E-1 2.9385E-1 3.98964E-1 3.09553E-1 2.84043E-1 2.82948E-1 2.78422E-1 2.73106E-1 2.6768E-1 5.77165E-1 4.11364E-1 5.7368E-1 3.5987E-1 3.50046E-1 3.4243E-1 4.06143E-1 5.6724E-1 4.80452E-1 3.48134E-1 3.03638E-1 4.68815E-1 2.43786E-1 2.79702E-1 4.30277E-1 5.12087E-1 4.40294E-1
4.8707E-1 4.61277E-1 4.57016E-1 4.60948E-1 4.61834E-1 4.47752E-1 4.30929E-1 4.29528E-1 4.50197E-1 4.09764E-1 4.00029E-1 4.04261E-1 4.44829E-1 3.83426E-1 3.82585E-1 4.0105E-1 4.05058E-1 4.33469E-1 3.90619E-1 4.02929E-1 4.04615E-1 4.31989E-1 4.35733E-1 4.15029E-1 3.65732E-1 3.61533E-1 3.90867E-1 4.35508E-1 5.95101E-1 3.73783E-1 2.99306E-1 2.87459E-1 3.07476E-1 2.79013E-1 2.76456E-1 2.93111E-1 3.14189E-1 3.45952E-1 3.04614E-1 2.74629E-1 3.71072E-1 3.52463E-1 3.03099E-1 2.9004E-1 4.36882E-1 5.64145E-1 4.98725E-1 4.98522E-1 4.08495E-1 4.62757E-1 5.20135E-1 4.31528E-1 5.4114E-1 5.00713E-1 4.70398E-1 2.675E-1 2.34516E-1 4.17886E-1 2.45678E-1 3.06423E-1 4.24884E-1
4.62664E-1 4.75754E-1 4.54214E-1 4.45333E-1 4.43769E-1 4.41316E-1 4.45541E-1 4.38859E-1 4.69595E-1 4.19941E-1 3.93671E-1 3.89814E-1 3.85716E-1 4.08483E-1 3.80579E-1 3.86907E-1 3.71292E-1 3.88207E-1 3.71298E-1 3.68122E-1 4.17418E-1 4.87868E-1 4.42008E-1 5.0115E-1 4.14355E-1 3.69704E-1 3.58316E-1 3.88805E-1 5.42665E-1 4.4103E-1 3.17673E-1 3.26667E-1 3.09698E-1 2.97847E-1 2.88588E-1 2.76653E-1 3.4138E-1 3.27853E-1 3.04829E-1 2.85476E-1 3.42151E-1 5.21917E-1 4.34741E-1 3.08438E-1 3.27234E-1 4.27809E-1 4.36829E-1 4.25476E-1 5.29764E-1 5.3622E-1 5.37793E-1 5.52457E-1 4.68216E-1 4.51861E-1 3.28806E-1 3.13049E-1 2.60718E-1 3.36182E-1 2.98619E-1 3.10291E-1 2.91338E-1
4.93864E-1 4.7053E-1 4.65179E-1 4.46946E-1 4.56597E-1 4.44833E-1 4.50998E-1 4.4028E-1 4.2185E-1 4.14681E-1 4.1247E-1 4.00368E-1 3.82795E-1 4.29498E-1 3.85134E-1 3.87828E-1 3.69401E-1 4.32833E-1 3.97766E-1 3.84243E-1 4.40273E-1 4.81735E-1 3.7289E-1 4.12134E-1 5.07796E-1 3.66202E-1 3.42327E-1 3.60744E-1 3.79252E-1 4.00169E-1 4.0095E-1 3.29386E-1 3.19523E-1 2.86148E-1 2.93455E-1 3.89883E-1 2.94699E-1 3.12248E-1 2.8661E-1 2.78658E-1 3.21049E-1 3.87664E-1 5.5105E-1 3.35282E-1 3.79235E-1 3.14153E-1 3.34925E-1 4.38926E-1 3.53928E-1 3.61832E-1 4.39531E-1 4.87122E-1 4.62555E-1 3.39352E-1 4.28184E-1 2.94011E-1 3.67E-1 3.55116E-1 3.7859E-1 3.46527E-1 2.53462E-1
5.25E-1 4.79459E-1 4.79626E-1 4.5115E-1 4.55341E-1 4.48268E-1 4.47952E-1 4.38245E-1 4.2489E-1 4.17105E-1 4.23523E-1 4.12986E-1 4.01772E-1 4.3924E-1 4.45936E-1 3.97141E-1 4.06332E-1 5.91324E-1 5.94943E-1 4.44386E-1 4.16408E-1 4.17437E-1 4.50978E-1 3.50501E-1 3.8866E-1 4.503E-1 3.43604E-1 3.51388E-1 3.25096E-1 3.35165E-1 3.62502E-1 3.42668E-1 2.98714E-1 3.24797E-1 3.77443E-1 3.09225E-1 2.82252E-1 2.82419E-1 2.83511E-1 3.33433E-1 3.88862E-1 3.40756E-1 5.68292E-1 3.62273E-1 3.6916E-1 3.80105E-1 3.34846E-1 3.10698E-1 4.83354E-1 4.30812E-1 4.23211E-1 4.41123E-1 4.96828E-1 4.18486E-1 4.11062E-1 3.08099E-1 4.94812E-1 4.71326E-1 3.85925E-1 3.13138E-1 3.55205E-1
5.65112E-1 5.21174E-1 4.66479E-1 4.76717E-1 4.55644E-1 4.50971E-1 4.95976E-1 4.40724E-1 4.40417E-1 4.31229E-1 4.3559E-1 4.37693E-1 4.49425E-1 4.06781E-1 4.22241E-1 4.00504E-1 4.49885E-1 6.46225E-1 4.32263E-1 3.72237E-1 5.35313E-1 4.35958E-1 3.75019E-1 3.53415E-1 3.40224E-1 3.81903E-1 4.04552E-1 3.62534E-1 3.39752E-1 3.30792E-1 3.71261E-1 3.2106E-1 3.11443E-1 2.92851E-1 3.29549E-1 3.42473E-1 3.73898E-1 3.88811E-1 3.09146E-1 5.66895E-1 5.55412E-1 4.07647E-1 4.75565E-1 4.78055E-1 4.51455E-1 4.30394E-1 2.90226E-1 3.63802E-1 5.06506E-1 4.66846E-1 3.7288E-1 4.49486E-1 4.37197E-1 3.6347E-1 3.67402E-1 3.35332E-1 5.29157E-1 4.63849E-1 3.24671E-1 3.52944E-1 3.97785E-1
5.24583E-1 5.22558E-1 4.95167E-1 4.74141E-1 4.64541E-1 4.46582E-1 4.66928E-1 4.44995E-1 4.36095E-1 4.4427E-1 4.53951E-1 4.22402E-1 4.56977E-1 4.34375E-1 4.12837E-1 4.44079E-1 4.14587E-1 6.56954E-1 5.09312E-1 4.89007E-1 5.96242E-1 5.48708E-1 3.70563E-1 3.81138E-1 3.41946E-1 3.59313E-1 3.3946E-1 3.49541E-1 3.2659E-1 3.19177E-1 4.67587E-1 4.75423E-1 3.94972E-1 4.28123E-1 3.65881E-1 3.47117E-1 3.1816E-1 3.00897E-1 3.21289E-1 3.4209E-1 5.80015E-1 5.77197E-1 5.7277E-1 5.659E-1 5.63474E-1 5.37712E-1 4.82944E-1 4.99465E-1 4.32306E-1 5.03373E-1 3.58378E-1 3.05153E-1 3.25295E-1 3.69481E-1 3.50394E-1 3.05718E-1 3.07961E-1 4.05113E-1 2.6399E-1 2.75996E-1 3.58334E-1
5.18912E-1 5.08893E-1 4.90113E-1 4.82609E-1 4.6714E-1 4.18787E-1 4.17282E-1 4.7327E-1 5.0254E-1 4.59967E-1 4.41111E-1 4.33546E-1 4.16003E-1 4.23546E-1 4.06124E-1 4.02837E-1 4.01153E-1 4.06399E-1 4.31037E-1 4.58021E-1 4.60285E-1 4.38381E-1 3.94975E-1 3.78899E-1 3.52889E-1 3.50239E-1 3.48751E-1 3.35844E-1 3.16505E-1 3.31786E-1 4.8999E-1 6.21049E-1 5.14043E-1 4.5418E-1 4.00956E-1 3.00085E-1 3.22423E-1 5.39435E-1 2.91415E-1 4.1687E-1 2.89385E-1 3.84333E-1 5.91985E-1 5.75506E-1 5.6672E-1 4.27277E-1 3.38636E-1 3.78671E-1 3.65851E-1 3.38161E-1 3.39683E-1 3.29026E-1 3.31015E-1 4.75894E-1 3.55622E-1 3.06645E-1 2.5859E-1 2.80232E-1 2.39274E-1 2.67688E-1 2.81236E-1
