Final_Models_July82022/M_0.1_F_lqp_Set_1/Bison_2.asc
ncols         290
nrows         380
xllcorner     -2197417.7431653
yllcorner     -584827.01486885
cellsize      10000.0
NODATA_value  -9999
[rows 108 to 134 of 380, columns 61 to 121 of 290]
6.49496E-2 6.68226E-2 1.16985E-1 1.10836E-1 6.44455E-2 7.88378E-2 5.30479E-2 3.45458E-2 4.75409E-2 6.01975E-2 8.53714E-2 1.09527E-1 7.67997E-2 2.95808E-2 5.33501E-2 5.47088E-2 7.32096E-2 7.0896E-2 6.95335E-2 7.08423E-2 6.60936E-2 8.94813E-2 6.34847E-2 8.5137E-2 9.89246E-2 5.11852E-2 4.79809E-2 5.00588E-2 6.42973E-2 6.56626E-2 4.45254E-2 5.10426E-2 3.4415E-2 5.54302E-2 4.14698E-2 4.15739E-2 4.64889E-2 1.11244E-1 1.24074E-1 9.82245E-2 5.66337E-2 7.02057E-2 7.82502E-2 8.76471E-2 7.56349E-2 7.29855E-2 7.82105E-2 6.96106E-2 7.8316E-2 8.19898E-2 1.03678E-1 9.20475E-2 8.59672E-2 1.12573E-1 8.43029E-2 8.79032E-2 8.5809E-2 7.93189E-2 7.40975E-2 9.2518E-2 5.31671E-2
7.4716E-2 6.47649E-2 4.80564E-2 9.70834E-2 4.93539E-2 5.6203E-2 1.03839E-1 7.25828E-2 1.31339E-1 9.17047E-2 7.10824E-2 1.12734E-1 6.52305E-2 4.77829E-2 7.02213E-2 4.85873E-2 8.63786E-2 9.36756E-2 1.20981E-1 1.12118E-1 1.25824E-1 1.34789E-1 7.9951E-2 1.22069E-1 5.95956E-2 8.00559E-2 7.05539E-2 3.14237E-2 5.12464E-2 5.87393E-2 5.55399E-2 7.87276E-2 4.01239E-2 5.97162E-2 4.56545E-2 6.19493E-2 6.68013E-2 8.29933E-2 9.32871E-2 5.9288E-2 6.69578E-2 6.10377E-2 5.96517E-2 5.54761E-2 8.80449E-2 7.51275E-2 8.01259E-2 8.19415E-2 8.36475E-2 1.08627E-1 1.00365E-1 8.71959E-2 6.18384E-2 6.36992E-2 8.9539E-2 4.16419E-2 5.71869E-2 8.3322E-2 7.7145E-2 7.34199E-2 8.54072E-2
8.81023E-2 4.81851E-2 6.42619E-2 1.81665E-1 7.04882E-2 3.50059E-2 5.46527E-2 5.11836E-2 6.96862E-2 7.73946E-2 1.12363E-1 1.27609E-1 7.7765E-2 9.00259E-2 5.88451E-2 1.90446E-1 3.73985E-2 7.49612E-2 8.01238E-2 8.73438E-2 9.63376E-2 5.68225E-2 1.59345E-1 1.02462E-1 5.92678E-2 5.3015E-2 6.31608E-2 5.20947E-2 6.2743E-2 5.41143E-2 5.17464E-2 3.85717E-2 4.40419E-2 6.03719E-2 3.50272E-2 5.88642E-2 8.21256E-2 1.1553E-1 5.84339E-2 6.97018E-2 6.5556E-2 5.82443E-2 5.5603E-2 5.61385E-2 6.80572E-2 7.25064E-2 8.25964E-2 7.9492E-2 8.46458E-2 7.19577E-2 9.54387E-2 9.18178E-2 9.09284E-2 4.12134E-2 5.12781E-2 4.76732E-2 6.22869E-2 5.13238E-2 6.65692E-2 9.8828E-2 6.11476E-2
6.56406E-2 5.25707E-2 3.97639E-2 1.10203E-1 5.14763E-2 3.05249E-2 2.91438E-2 4.92868E-2 9.99348E-2 9.95999E-2 1.51533E-1 1.84132E-1 1.33802E-1 6.56481E-2 4.82441E-2 5.71233E-2 1.10135E-1 1.02828E-1 8.16133E-2 1.20395E-1 9.403E-2 7.62048E-2 6.18781E-2 7.49968E-2 6.46056E-2 5.18199E-2 7.64349E-2 4.5732E-2 3.5436E-2 3.52379E-2 4.12617E-2 3.89496E-2 3.49757E-2 6.16058E-2 2.66954E-2 3.25443E-2 1.06483E-1 1.07185E-1 5.59086E-2 6.55699E-2 6.59304E-2 7.34795E-2 5.63029E-2 6.11233E-2 5.75955E-2 7.27236E-2 5.72515E-2 7.57505E-2 8.04248E-2 8.04666E-2 7.54947E-2 1.03847E-1 8.55687E-2 4.21557E-2 4.12267E-2 4.55421E-2 5.47995E-2 7.12412E-2 6.78425E-2 6.33399E-2 5.70942E-2
4.72295E-2 1.15643E-1 2.58585E-2 5.02825E-2 5.06789E-2 2.79306E-2 6.19803E-2 4.2464E-2 6.22231E-2 1.47801E-1 8.20265E-2 1.66991E-1 1.23423E-1 1.03786E-1 9.52788E-2 7.6971E-2 6.67631E-2 5.96631E-2 7.99117E-2 2.58359E-1 6.06921E-2 5.95571E-2 1.4939E-1 7.87447E-2 8.55848E-2 5.97497E-2 5.21277E-2 3.99498E-2 3.32658E-2 3.39214E-2 3.07718E-2 2.69467E-2 5.6299E-2 3.81701E-2 2.11615E-2 5.1725E-2 9.85191E-2 7.58983E-2 9.50133E-2 5.68257E-2 6.92159E-2 6.89855E-2 6.95978E-2 6.43798E-2 6.1558E-2 8.04625E-2 5.44657E-2 5.85821E-2 6.87208E-2 7.12827E-2 8.31561E-2 8.46863E-2 8.72149E-2 5.75867E-2 6.37997E-2 4.69099E-2 9.1973E-2 8.74447E-2 5.99745E-2 5.44407E-2 6.11199E-2
7.06986E-2 9.82906E-2 2.7018E-2 4.83694E-2 4.07063E-2 1.51314E-2 3.33097E-2 2.61678E-2 5.80224E-2 1.0111E-1 8.94843E-2 1.07209E-1 8.1484E-2 6.39816E-2 7.37051E-2 5.3476E-2 1.3444E-1 9.40308E-2 8.42559E-2 1.07677E-1 9.34452E-2 5.85751E-2 4.73578E-2 8.52103E-2 7.32713E-2 8.27711E-2 4.74152E-2 3.20741E-2 4.05299E-2 3.89884E-2 5.32558E-2 6.47251E-2 3.18334E-2 4.20078E-2 3.36777E-2 1.46934E-1 1.02814E-1 1.47614E-1 8.52201E-2 7.02394E-2 6.2931E-2 5.70115E-2 7.13924E-2 6.82603E-2 7.04575E-2 6.44703E-2 5.05702E-2 5.18638E-2 8.39596E-2 6.96174E-2 6.89363E-2 8.62485E-2 7.46757E-2 9.55226E-2 6.18959E-2 9.12353E-2 1.11662E-1 1.01419E-1 8.36459E-2 9.99381E-2 5.81939E-2
1.61719E-2 1.99521E-2 2.51971E-2 2.19314E-2 2.38992E-2 1.98051E-2 2.78026E-2 3.42107E-2 9.69992E-2 3.585E-2 1.13568E-1 7.81444E-2 6.09146E-2 7.73411E-2 8.62293E-2 3.89772E-2 6.83798E-2 6.89027E-2 9.23663E-2 1.04646E-1 7.8431E-2 6.06766E-2 9.84689E-2 4.61054E-2 8.94092E-2 7.41371E-2 7.34413E-2 6.79248E-2 5.52692E-2 3.26388E-2 2.90311E-2 3.9171E-2 3.74374E-2 5.82078E-2 8.77507E-2 8.42804E-2 1.04991E-1 6.92983E-2 6.57107E-2 7.16765E-2 6.5192E-2 7.2425E-2 6.9989E-2 6.27624E-2 8.37217E-2 5.69034E-2 6.25719E-2 7.52334E-2 8.74485E-2 7.73656E-2 1.07994E-1 7.58701E-2 9.64316E-2 7.31251E-2 8.71353E-2 8.37212E-2 6.38079E-2 8.18296E-2 7.91843E-2 9.3089E-2 9.00656E-2
2.24826E-2 5.78286E-2 3.32507E-2 1.74323E-2 4.81001E-2 2.58648E-2 1.75765E-2 4.40264E-2 4.34353E-2 1.01802E-1 8.35351E-2 6.42741E-2 8.50426E-2 9.86E-2 5.2333E-2 5.94028E-2 1.16319E-1 5.778E-2 6.46116E-2 6.72551E-2 7.19291E-2 8.0595E-2 1.05012E-1 9.97196E-2 1.40521E-1 8.262E-2 8.28709E-2 3.92911E-2 5.51734E-2 3.20253E-2 3.60675E-2 3.83372E-2 3.59759E-2 7.40507E-2 8.55348E-2 7.86293E-2 6.4786E-2 1.41106E-1 6.23172E-2 5.55077E-2 4.84571E-2 5.41727E-2 7.23235E-2 7.59964E-2 7.01999E-2 7.51171E-2 8.19078E-2 9.44093E-2 9.02458E-2 5.74375E-2 7.3835E-2 7.85692E-2 8.56277E-2 7.56627E-2 6.92189E-2 8.47374E-2 9.21468E-2 4.78281E-2 3.73572E-2 4.90451E-2 7.37825E-2
2.94674E-2 3.05552E-2 3.37609E-2 2.85608E-2 2.04268E-2 6.83138E-2 7.65902E-2 6.7828E-2 5.1061E-2 5.01226E-2 6.23659E-2 8.11179E-2 6.64951E-2 5.75516E-2 4.31486E-2 4.71023E-2 9.08109E-2 7.65996E-2 6.23959E-2 7.69478E-2 6.27027E-2 8.25539E-2 1.01279E-1 4.89344E-2 5.0656E-2 7.52532E-2 8.30113E-2 4.72657E-2 7.49508E-2 4.021E-2 6.09633E-2 4.30096E-2 3.87287E-2 4.3851E-2 8.9683E-2 1.46945E-1 1.04981E-1 8.91871E-2 5.5209E-2 4.98626E-2 8.11374E-2 6.04032E-2 6.514E-2 7.15192E-2 8.05025E-2 7.6168E-2 7.99208E-2 8.20119E-2 8.12496E-2 7.43014E-2 8.15491E-2 7.11247E-2 5.52866E-2 7.36751E-2 8.02148E-2 8.33427E-2 3.81638E-2 3.70797E-2 3.24243E-2 3.87835E-2 2.83291E-2
4.54158E-2 1.34659E-1 4.26698E-2 7.9121E-2 1.99209E-2 3.49502E-2 8.75609E-2 5.11678E-2 5.12034E-2 3.41144E-2 5.86193E-2 5.72617E-2 5.55473E-2 5.09742E-2 5.20787E-2 4.96534E-2 8.17384E-2 5.78668E-2 3.89954E-2 8.27877E-2 1.08145E-1 8.86806E-2 4.96137E-2 5.70058E-2 6.28491E-2 7.38917E-2 3.16938E-2 8.07179E-2 7.28276E-2 5.07953E-2 2.51632E-2 6.84283E-2 4.86379E-2 7.09222E-2 6.49404E-2 7.3019E-2 1.47767E-1 5.12021E-2 5.89507E-2 5.34205E-2 6.23915E-2 6.22174E-2 6.03832E-2 7.00623E-2 7.54961E-2 8.24218E-2 7.48431E-2 8.49948E-2 9.43158E-2 7.74674E-2 8.85551E-2 8.2906E-2 6.84596E-2 7.24865E-2 5.69679E-2 9.63287E-2 7.43429E-2 6.29383E-2 6.25919E-2 4.76982E-2 3.75242E-2
9.19413E-2 1.08762E-1 4.4534E-2 5.14991E-2 2.56287E-2 3.40316E-2 4.66507E-2 3.27671E-2 5.25765E-2 5.74364E-2 6.37738E-2 6.53421E-2 3.53019E-2 9.26932E-2 8.26186E-2 6.88711E-2 6.34868E-2 4.22015E-2 5.87925E-2 7.07154E-2 9.22687E-2 5.0581E-2 4.27893E-2 3.24909E-2 4.25443E-2 4.36243E-2 6.19071E-2 6.49211E-2 4.21101E-2 4.55021E-2 5.19995E-2 5.68233E-2 4.37661E-2 1.038E-1 1.0742E-1 1.86321E-1 8.89632E-2 4.97976E-2 6.4464E-2 6.60537E-2 6.44887E-2 5.5406E-2 6.09705E-2 8.50677E-2 7.76013E-2 8.20559E-2 8.00281E-2 7.96918E-2 8.77792E-2 9.2751E-2 8.81053E-2 7.40538E-2 1.40067E-1 7.56226E-2 7.26382E-2 6.8206E-2 8.51692E-2 6.28972E-2 7.30575E-2 3.90199E-2 4.33188E-2
4.69325E-2 4.74948E-2 3.66247E-2 2.69784E-2 3.51991E-2 2.95768E-2 4.81364E-2 4.50924E-2 4.26842E-2 3.2178E-2 5.96327E-2 4.86347E-2 5.33938E-2 7.26977E-2 1.33421E-1 4.31274E-2 5.90675E-2 4.60386E-2 4.683E-2 7.01941E-2 7.3777E-2 4.07603E-2 4.35189E-2 3.71213E-2 4.20488E-2 3.36924E-2 4.94525E-2 5.25346E-2 2.17966E-1 1.59185E-1 7.34105E-2 6.02337E-2 1.0777E-1 9.67358E-2 7.45342E-2 1.90796E-1 6.80242E-2 5.46827E-2 6.4262E-2 6.69594E-2 6.3225E-2 6.11521E-2 7.60013E-2 7.76386E-2 6.72025E-2 7.06211E-2 8.06243E-2 7.81344E-2 8.84675E-2 9.19134E-2 9.951E-2 5.53944E-2 6.6598E-2 1.12528E-1 7.79293E-2 4.29901E-2 4.36186E-2 1.0453E-1 1.19871E-1 6.2545E-2 5.33211E-2
5.22842E-2 5.56955E-2 5.65786E-2 4.07144E-2 1.57452E-1 1.30619E-1 5.33939E-2 5.57136E-2 3.64077E-2 6.53194E-2 5.57567E-2 4.81657E-2 5.34053E-2 4.38621E-2 5.71743E-2 3.01254E-2 5.68923E-2 4.31069E-2 4.59945E-2 5.26324E-2 4.57462E-2 4.05232E-2 3.56161E-2 3.99647E-2 4.97536E-2 4.8974E-2 1.25203E-1 1.20731E-1 5.65979E-2 7.2754E-2 5.96022E-2 8.35475E-2 8.52892E-2 7.13205E-2 1.26158E-1 6.45462E-2 4.61255E-2 6.66284E-2 7.39337E-2 7.08602E-2 7.5872E-2 6.82035E-2 7.9347E-2 7.45938E-2 7.42372E-2 8.56592E-2 8.59057E-2 9.04639E-2 9.04446E-2 9.15413E-2 1.07011E-1 9.03568E-2 7.18831E-2 6.6963E-2 9.74231E-2 7.72958E-2 8.22217E-2 9.45188E-2 8.41873E-2 7.67804E-2 6.23027E-2
5.93781E-2 8.01205E-2 7.51953E-2 4.99356E-2 5.58598E-2 5.28758E-2 9.05811E-2 5.32738E-2 4.25324E-2 5.10239E-2 6.07188E-2 3.26354E-2 5.13263E-2 4.2109E-2 4.24485E-2 3.46835E-2 3.955E-2 5.8396E-2 5.84106E-2 4.02855E-2 3.4902E-2 3.89185E-2 5.32016E-2 3.55165E-2 3.94043E-2 5.30738E-2 4.57169E-2 5.15963E-2 7.52794E-2 5.22506E-2 6.71891E-2 9.81368E-2 1.17458E-1 1.43818E-1 1.43716E-1 5.98116E-2 7.48195E-2 6.48599E-2 8.06917E-2 7.64743E-2 8.07217E-2 7.3502E-2 7.08556E-2 7.27792E-2 7.61098E-2 1.25438E-1 8.53968E-2 8.94026E-2 9.31297E-2 1.0563E-1 1.08401E-1 9.82832E-2 8.5948E-2 7.88278E-2 1.12776E-1 1.0841E-1 1.09018E-1 7.73827E-2 5.99905E-2 6.10642E-2 6.48534E-2
7.22753E-2 7.96211E-2 9.62398E-2 8.29442E-2 9.53892E-2 7.56508E-2 6.52195E-2 3.60643E-2 5.29385E-2 6.0997E-2 5.6455E-2 5.57559E-2 5.24699E-2 3.68681E-2 3.95288E-2 4.13755E-2 4.89048E-2 4.90988E-2 4.65013E-2 5.4125E-2 3.1336E-2 2.87443E-2 4.25558E-2 4.10092E-2 3.0184E-2 4.2753E-2 5.9562E-2 5.69325E-2 6.15751E-2 5.0874E-2 6.77754E-2 1.00308E-1 1.57896E-1 8.52977E-2 1.87276E-1 8.34679E-2 7.71492E-2 8.00872E-2 9.09238E-2 1.05489E-1 9.9472E-2 7.50622E-2 7.26517E-2 6.81738E-2 1.07396E-1 9.01678E-2 7.98833E-2 6.68237E-2 8.75955E-2 1.01185E-1 1.05528E-1 1.0699E-1 9.29686E-2 7.14854E-2 9.6204E-2 1.27059E-1 1.451E-1 1.25127E-1 1.30533E-1 1.10315E-1 1.06485E-1
6.46332E-2 8.10319E-2 1.10757E-1 8.98763E-2 7.58833E-2 6.96289E-2 7.15888E-2 1.06454E-1 5.66906E-2 7.42518E-2 5.03747E-2 7.90603E-2 6.17874E-2 4.65306E-2 2.65924E-2 3.33955E-2 7.85573E-2 5.38662E-2 1.05469E-1 1.54569E-1 4.78714E-2 3.08373E-2 5.18756E-2 4.15858E-2 4.59607E-2 3.59447E-2 3.11734E-2 2.8479E-2 4.56837E-2 8.33566E-2 6.55178E-2 6.50418E-2 1.00621E-1 1.14214E-1 2.1891E-1 8.46246E-2 9.91346E-2 8.56272E-2 1.00781E-1 8.86246E-2 9.93594E-2 9.36339E-2 1.17823E-1 9.49291E-2 9.65028E-2 8.43321E-2 8.17069E-2 7.36721E-2 8.16614E-2 9.97644E-2 9.83322E-2 1.11136E-1 1.22583E-1 1.22829E-1 1.04764E-1 1.75823E-1 1.21953E-1 1.27768E-1 1.52738E-1 1.71903E-1 1.68138E-1
6.84644E-2 8.26389E-2 1.00828E-1 8.06967E-2 7.26298E-2 8.24299E-2 9.66949E-2 6.99937E-2 8.37496E-2 9.63745E-2 5.56619E-2 6.20971E-2 5.58502E-2 3.87999E-2 3.51312E-2 3.33432E-2 4.15405E-2 5.53132E-2 1.68618E-1 7.10042E-2 3.16962E-2 3.92782E-2 5.47745E-2 3.95704E-2 5.06673E-2 3.23128E-2 1.9519E-2 5.71545E-2 5.5032E-2 4.89658E-2 1.05792E-1 5.47777E-2 1.01505E-1 1.20721E-1 9.84441E-2 8.84417E-2 9.35043E-2 8.64361E-2 8.10094E-2 7.73063E-2 7.58234E-2 8.28659E-2 7.46687E-2 7.92576E-2 8.27727E-2 7.18552E-2 8.94003E-2 7.7618E-2 9.47543E-2 1.01685E-1 9.89886E-2 1.1153E-1 1.24233E-1 1.16228E-1 1.46222E-1 1.58455E-1 1.79275E-1 1.36176E-1 1.70588E-1 1.85887E-1 2.07143E-1
7.5275E-2 7.08913E-2 5.68569E-2 6.71982E-2 6.5354E-2 9.49446E-2 8.87848E-2 8.73663E-2 8.7596E-2 1.09925E-1 6.37102E-2 6.45773E-2 7.6227E-2 9.37564E-2 3.98725E-2 5.719E-2 8.73321E-2 1.45882E-1 9.98938E-2 4.64064E-2 3.72824E-2 4.18139E-2 5.65387E-2 4.53848E-2 4.11232E-2 2.61187E-2 4.14388E-2 3.38951E-2 6.14504E-2 3.67227E-2 8.99194E-2 1.45646E-1 1.05467E-1 9.35414E-2 1.06956E-1 8.94163E-2 8.67585E-2 8.49075E-2 8.11275E-2 8.06151E-2 7.55253E-2 7.97063E-2 8.41061E-2 8.51869E-2 8.5083E-2 8.24805E-2 8.66577E-2 8.14278E-2 1.01276E-1 1.08448E-1 1.02226E-1 1.03684E-1 1.25855E-1 1.52875E-1 1.70597E-1 1.75103E-1 1.76402E-1 2.01716E-1 2.04456E-1 1.36308E-1 1.34295E-1
8.02531E-2 6.00552E-2 5.87138E-2 5.89023E-2 6.59838E-2 8.22943E-2 9.64891E-2 9.23345E-2 8.03572E-2 1.16109E-1 8.78251E-2 7.85236E-2 7.94861E-2 1.10453E-1 4.89543E-2 7.15092E-2 1.897E-1 1.48609E-1 3.50099E-2 1.05694E-1 7.23333E-2 6.09954E-2 6.44199E-2 5.60109E-2 5.15934E-2 2.6149E-2 4.55443E-2 4.00014E-2 5.92528E-2 6.72599E-2 9.82618E-2 1.74167E-1 9.48789E-2 1.00183E-1 8.35475E-2 8.22503E-2 8.46449E-2 9.52746E-2 7.85561E-2 8.04488E-2 8.38129E-2 7.0784E-2 7.38916E-2 7.71234E-2 8.35889E-2 8.46495E-2 9.44663E-2 9.68361E-2 8.09715E-2 9.32901E-2 1.08074E-1 1.11968E-1 1.09045E-1 1.17777E-1 1.93031E-1 1.99385E-1 2.15952E-1 1.98219E-1 1.99176E-1 1.71515E-1 1.4462E-1
5.77884E-2 6.54885E-2 7.21816E-2 6.52709E-2 6.86764E-2 7.43749E-2 1.0885E-1 1.00169E-1 2.3958E-1 1.81773E-1 7.97533E-2 1.32116E-1 1.19964E-1 5.07752E-2 3.95312E-2 6.67765E-2 1.16086E-1 8.23118E-2 4.16327E-2 6.72207E-2 6.15687E-2 9.3692E-2 7.80104E-2 4.73605E-2 5.80772E-2 3.98634E-2 4.30869E-2 6.05481E-2 7.46625E-2 5.79837E-2 9.83799E-2 1.13572E-1 1.01598E-1 1.09973E-1 8.49056E-2 8.18056E-2 7.69581E-2 7.44851E-2 7.86653E-2 6.93516E-2 7.56006E-2 8.03261E-2 7.43558E-2 7.99347E-2 8.1466E-2 8.41646E-2 8.10532E-2 8.9596E-2 9.28633E-2 8.91247E-2 1.06146E-1 1.05784E-1 1.16805E-1 1.21535E-1 1.27161E-1 1.35904E-1 1.35258E-1 1.62466E-1 2.02367E-1 2.05757E-1 1.24739E-1
8.07997E-2 6.4348E-2 5.89632E-2 7.69084E-2 7.85308E-2 8.3148E-2 8.85294E-2 1.1008E-1 1.82333E-1 2.45212E-1 2.56678E-1 2.43202E-1 8.20745E-2 5.60641E-2 6.38303E-2 5.17162E-2 3.41598E-2 3.30866E-2 2.75622E-2 3.84327E-2 8.09494E-2 6.29748E-2 1.00625E-1 6.18344E-2 5.26427E-2 3.5652E-2 8.2275E-2 7.10931E-2 8.87233E-2 5.81297E-2 1.25543E-1 9.59427E-2 9.38043E-2 9.11898E-2 8.2856E-2 8.51377E-2 7.64334E-2 5.75904E-2 6.19129E-2 7.30054E-2 6.85222E-2 6.53421E-2 6.1086E-2 7.27488E-2 8.27852E-2 8.45007E-2 9.04706E-2 8.98555E-2 9.16443E-2 8.86629E-2 8.83327E-2 9.04887E-2 1.53419E-1 1.59693E-1 1.25481E-1 1.23492E-1 1.24611E-1 1.22681E-1 1.22611E-1 1.35024E-1 1.34516E-1
2.11595E-1 1.6207E-1 6.71922E-2 6.5498E-2 9.05255E-2 6.10227E-2 1.10754E-1 8.34126E-2 1.14323E-1 2.0024E-1 1.63682E-1 5.86618E-2 4.8212E-2 5.68935E-2 4.78291E-2 5.77855E-2 4.4144E-2 2.72848E-2 2.90649E-2 4.29942E-2 7.68832E-2 8.50357E-2 1.1089E-1 7.56559E-2 4.70026E-2 6.70575E-2 6.47633E-2 1.06049E-1 9.60257E-2 1.0933E-1 1.27089E-1 1.0548E-1 8.97919E-2 8.45481E-2 8.7561E-2 8.11278E-2 6.91017E-2 7.92408E-2 6.60504E-2 7.00478E-2 7.24067E-2 7.14421E-2 7.65655E-2 6.92979E-2 8.07562E-2 8.29129E-2 8.89331E-2 9.83407E-2 8.78675E-2 9.3656E-2 1.03275E-1 1.08199E-1 9.92363E-2 9.97956E-2 1.05167E-1 1.20738E-1 1.42004E-1 1.42495E-1 2.18265E-1 2.12568E-1 2.15728E-1
5.97455E-2 5.28047E-2 7.18111E-2 7.29704E-2 7.68209E-2 6.6898E-2 1.02367E-1 1.16533E-1 1.00442E-1 9.80688E-2 5.74947E-2 4.76002E-2 6.81108E-2 4.85181E-2 4.28997E-2 3.36726E-2 2.83774E-2 3.06378E-2 3.70649E-2 4.73743E-2 9.65909E-2 9.15583E-2 1.08665E-1 7.14357E-2 3.86532E-2 5.06625E-2 4.6041E-2 1.11979E-1 1.23622E-1 9.49147E-2 1.7649E-1 9.65211E-2 9.57159E-2 8.24095E-2 7.98977E-2 7.77321E-2 7.5025E-2 7.39583E-2 6.96948E-2 7.19384E-2 7.73178E-2 7.4474E-2 7.13075E-2 5.77861E-2 7.39233E-2 8.37451E-2 8.53604E-2 9.03868E-2 9.56401E-2 9.61166E-2 9.91187E-2 1.01223E-1 1.05489E-1 1.18143E-1 8.76706E-2 7.86005E-2 7.73572E-2 1.14188E-1 2.18027E-1 1.79097E-1 2.12313E-1
5.87253E-2 7.3641E-2 8.75553E-2 7.56634E-2 9.35633E-2 1.03482E-1 1.14859E-1 1.43697E-1 1.34597E-1 9.27234E-2 8.21472E-2 7.0873E-2 5.07648E-2 4.51257E-2 3.19208E-2 2.18936E-2 2.55735E-2 2.96791E-2 3.32699E-2 6.29029E-2 6.09781E-2 1.00473E-1 7.49201E-2 5.38887E-2 8.36479E-2 8.72775E-2 9.17544E-2 1.12784E-1 1.02355E-1 1.01963E-1 1.42896E-1 1.05612E-1 9.82859E-2 9.33757E-2 8.46885E-2 7.88826E-2 7.49643E-2 7.19128E-2 7.31334E-2 7.42341E-2 9.26631E-2 7.86425E-2 7.99853E-2 4.21774E-2 7.74262E-2 9.27463E-2 9.52939E-2 9.06533E-2 9.43865E-2 9.56846E-2 1.04325E-1 9.6766E-2 1.03523E-1 1.08888E-1 1.01039E-1 1.02825E-1 1.03155E-1 1.0918E-1 1.22885E-1 2.23576E-1 1.72911E-1
7.06684E-2 1.14721E-1 9.67069E-2 8.51043E-2 1.02902E-1 1.22173E-1 1.00455E-1 1.39457E-1 1.74325E-1 1.03051E-1 9.1942E-2 4.70895E-2 6.49806E-2 3.68687E-2 2.63927E-2 2.10994E-2 2.59366E-2 5.30602E-2 5.66528E-2 6.72044E-2 6.28172E-2 1.12817E-1 1.15566E-1 1.09012E-1 9.19109E-2 7.84406E-2 1.50217E-1 1.1068E-1 1.14513E-1 1.10172E-1 1.16088E-1 9.73081E-2 1.03041E-1 9.73317E-2 8.44539E-2 8.14671E-2 7.96601E-2 7.70421E-2 8.21188E-2 1.21162E-1 1.0694E-1 7.65557E-2 5.31836E-2 4.12126E-2 8.50627E-2 9.21684E-2 8.06205E-2 9.3553E-2 9.14241E-2 9.99802E-2 1.13556E-1 1.01612E-1 1.01447E-1 1.0481E-1 1.0643E-1 1.13725E-1 1.17958E-1 1.11342E-1 1.11634E-1 1.18294E-1 1.48294E-1
7.12339E-2 1.07268E-1 6.99302E-2 9.9738E-2 1.31045E-1 1.2835E-1 1.26633E-1 1.20884E-1 1.04593E-1 8.31472E-2 9.94831E-2 9.10525E-2 5.73444E-2 3.50917E-2 2.90957E-2 2.9955E-2 3.85207E-2 2.04436E-1 1.1329E-1 6.9983E-2 9.60361E-2 6.64583E-2 7.88264E-2 8.72504E-2 8.92513E-2 1.09339E-1 1.06898E-1 1.36731E-1 1.14255E-1 9.41508E-2 1.15661E-1 9.87981E-2 1.04226E-1 9.00535E-2 8.63831E-2 8.15592E-2 7.54264E-2 8.11452E-2 7.41294E-2 8.58243E-2 7.06086E-2 7.92754E-2 4.88399E-2 7.27969E-2 8.30976E-2 1.34258E-1 5.10052E-2 7.70081E-2 8.5859E-2 9.10035E-2 8.33893E-2 7.9964E-2 9.90957E-2 1.07684E-1 9.26503E-2 1.01565E-1 1.33499E-1 1.16511E-1 1.2907E-1 1.28399E-1 1.26187E-1
1.12071E-1 8.94357E-2 7.41858E-2 1.46873E-1 1.56634E-1 1.01485E-1 1.16413E-1 1.22904E-1 9.90273E-2 6.4601E-2 1.09698E-1 9.88573E-2 8.15513E-2 6.80989E-2 5.01335E-2 4.54381E-2 6.54843E-2 2.07559E-1 4.69365E-2 6.45299E-2 1.01632E-1 9.71113E-2 9.06268E-2 1.0716E-1 1.30928E-1 9.79434E-2 1.11892E-1 1.27886E-1 8.93157E-2 8.55714E-2 9.38857E-2 1.02161E-1 1.07193E-1 9.20445E-2 8.5092E-2 8.51988E-2 8.464E-2 8.1836E-2 8.1733E-2 8.3182E-2 8.69236E-2 7.72304E-2 8.72121E-2 8.97491E-2 7.54351E-2 6.47564E-2 7.55776E-2 7.69338E-2 8.47902E-2 8.34738E-2 9.83993E-2 8.4748E-2 9.60021E-2 1.15239E-1 1.18566E-1 1.08888E-1 1.04671E-1 1.10399E-1 1.22848E-1 1.08928E-1 1.31734E-1
