Final_Models_July82022/M_0.1_F_lqp_Set_1/Bison_max.asc
ncols         290
nrows         380
xllcorner     -2197417.7431653
yllcorner     -584827.01486885
cellsize      10000.0
NODATA_value  -9999
[rows 297 to 323 of 380, columns 122 to 182 of 290]
7.6491E-1 5.97241E-1 2.33879E-1 2.81854E-1 3.24657E-1 2.59129E-1 7.02332E-1 5.8286E-1 5.93892E-1 7.00368E-1 3.07381E-1 4.34933E-1 6.19794E-1 7.13371E-1 6.4747E-1 6.26037E-1 5.82161E-1 1.28158E-1 1.00331E-1 1.26952E-1 2.40716E-1 4.99939E-1 6.91466E-1 5.51968E-1 6.11112E-1 3.8295E-2 1.17507E-1 4.46109E-1 3.65487E-1 6.67041E-1 6.92381E-1 5.3183E-1 4.70024E-1 4.55112E-1 4.52419E-1 4.49877E-1 4.54154E-1 4.76489E-1 5.00021E-1 4.46645E-1 5.04318E-1 5.27647E-1 4.8265E-1 4.54765E-1 4.52338E-1 4.77789E-1 4.80463E-1 4.76896E-1 4.86098E-1 4.91434E-1 5.71816E-1 5.12803E-1 4.87004E-1 4.94504E-1 5.09073E-1 5.04721E-1 5.09444E-1 4.85403E-1 4.87362E-1 4.88674E-1 4.94694E-1
6.99533E-1 3.72079E-1 7.70183E-2 4.37704E-2 1.63704E-1 4.69557E-1 3.2485E-1 5.04361E-1 6.68341E-1 7.03185E-1 6.11763E-1 4.0296E-2 6.12127E-1 6.08103E-1 7.11346E-1 6.45296E-1 6.9081E-1 6.29025E-1 5.74144E-1 6.4996E-1 7.04263E-1 7.66438E-1 6.73742E-1 5.82959E-1 6.91264E-1 6.2255E-1 4.34706E-1 3.53846E-1 5.66214E-1 7.08979E-1 5.83612E-1 4.96171E-1 4.70978E-1 4.58085E-1 4.57764E-1 4.51414E-1 4.36901E-1 4.2543E-1 4.29387E-1 4.40403E-1 5.0848E-1 5.79975E-1 5.05745E-1 5.52922E-1 5.12657E-1 4.764E-1 4.72614E-1 4.79568E-1 5.11878E-1 5.04231E-1 5.1534E-1 5.06389E-1 4.90046E-1 4.88226E-1 4.84535E-1 4.96259E-1 4.91168E-1 5.02564E-1 4.96312E-1 4.90644E-1 4.84381E-1
7.24328E-1 5.62466E-2 9.79353E-2 2.1789E-1 3.35792E-1 4.76333E-1 1.29095E-1 2.32434E-1 6.83443E-1 6.5928E-1 6.8986E-1 2.39491E-1 2.93304E-1 5.83607E-1 6.57835E-1 1.88054E-2 3.85518E-1 5.54589E-1 6.39516E-1 6.61453E-1 6.43252E-1 6.27114E-1 5.98411E-1 5.7399E-1 5.94166E-1 6.30071E-1 6.81733E-1 7.24887E-1 5.96211E-1 5.20463E-1 5.08725E-1 5.03596E-1 4.57363E-1 4.69317E-1 4.64325E-1 4.37446E-1 4.19344E-1 4.37083E-1 4.66672E-1 4.43957E-1 4.49647E-1 6.42183E-1 5.00342E-1 6.08425E-1 5.42725E-1 5.04519E-1 4.69531E-1 5.0314E-1 5.31941E-1 5.31263E-1 5.25819E-1 4.90513E-1 4.81423E-1 4.86796E-1 4.92936E-1 4.88564E-1 4.94203E-1 4.93361E-1 5.21153E-1 5.21547E-1 4.9819E-1
6.4206E-1 1.47625E-1 2.29706E-1 2.47041E-1 6.83898E-1 3.65025E-1 1.19166E-1 4.45927E-1 6.53149E-1 6.68338E-1 6.56575E-1 5.00658E-1 4.21177E-1 6.54155E-1 7.13759E-1 5.87575E-1 6.84937E-1 7.00914E-1 6.15706E-1 6.25449E-1 5.87941E-1 5.74086E-1 5.65447E-1 5.54074E-1 5.43778E-1 5.42321E-1 5.60056E-1 5.70734E-1 5.21634E-1 5.05147E-1 4.83187E-1 4.76582E-1 4.46878E-1 4.44866E-1 4.87014E-1 4.38389E-1 4.20542E-1 4.44588E-1 4.11947E-1 4.36999E-1 4.56187E-1 6.66374E-1 5.44992E-1 6.34734E-1 4.9531E-1 6.73721E-1 6.01006E-1 5.286E-1 5.22585E-1 5.25205E-1 4.87757E-1 4.94052E-1 4.93475E-1 4.80622E-1 5.25093E-1 5.75691E-1 5.43272E-1 4.71711E-1 4.47639E-1 5.03866E-1 4.8784E-1
4.11896E-1 2.43083E-1 3.78232E-1 2.1414E-1 4.91337E-1 6.51041E-1 4.58886E-1 5.21534E-1 6.96568E-1 6.14756E-1 6.87817E-1 5.15898E-1 5.35661E-1 7.05632E-1 7.36479E-1 7.47298E-1 6.38443E-1 5.95564E-1 6.08185E-1 6.33021E-1 5.76807E-1 5.84507E-1 5.6521E-1 5.4885E-1 5.47647E-1 5.17576E-1 5.29848E-1 4.9279E-1 5.30032E-1 4.6364E-1 4.60939E-1 5.54929E-1 4.42265E-1 4.70031E-1 6.07416E-1 5.57358E-1 5.07119E-1 5.05137E-1 5.8474E-1 4.47165E-1 4.35995E-1 5.04826E-1 4.89559E-1 5.00807E-1 5.2048E-1 5.10271E-1 4.90944E-1 5.22729E-1 5.03335E-1 5.02531E-1 4.65435E-1 4.82724E-1 5.18666E-1 5.36471E-1 5.34828E-1 4.98395E-1 4.81194E-1 4.79374E-1 4.66366E-1 4.65093E-1 4.69179E-1
6.12459E-1 4.99218E-1 1.62124E-1 1.9265E-1 5.73234E-1 7.05578E-1 6.85961E-1 7.05301E-1 5.58776E-1 6.01402E-1 6.94166E-1 5.86276E-1 5.72948E-1 6.57769E-1 6.91745E-1 7.45407E-1 4.7284E-1 7.63033E-2 9.38756E-2 6.35951E-1 6.28823E-1 5.99495E-1 5.97017E-1 5.6197E-1 5.1607E-1 5.64308E-1 4.75916E-1 4.64801E-1 4.68254E-1 4.41582E-1 5.67224E-1 6.17136E-1 6.22581E-1 5.5855E-1 5.25381E-1 6.29814E-1 5.25715E-1 5.99888E-1 4.56377E-1 4.2657E-1 4.84344E-1 4.86032E-1 5.06446E-1 4.51548E-1 4.46285E-1 4.47152E-1 4.26795E-1 4.56434E-1 4.72081E-1 4.53792E-1 5.12482E-1 5.39255E-1 5.22055E-1 4.36036E-1 5.17938E-1 4.3859E-1 4.6423E-1 4.86134E-1 4.73002E-1 4.58951E-1 4.62419E-1
7.5384E-1 6.4063E-1 3.6757E-1 4.62391E-1 6.93502E-1 7.20355E-1 7.10851E-1 6.12827E-1 6.3957E-1 6.85461E-1 6.62212E-1 6.56004E-1 6.41794E-1 5.19891E-1 7.03596E-1 7.38596E-1 7.27167E-1 1.04416E-1 9.82969E-2 6.15426E-1 6.89022E-1 6.2234E-1 6.0687E-1 5.27341E-1 5.59655E-1 4.95612E-1 4.98923E-1 4.53509E-1 4.56351E-1 4.71047E-1 6.17145E-1 5.09853E-1 4.24024E-1 4.96215E-1 6.20134E-1 6.28338E-1 5.77754E-1 4.58056E-1 4.16576E-1 4.33711E-1 4.62279E-1 6.40257E-1 4.80777E-1 4.95055E-1 4.12611E-1 4.43608E-1 4.2287E-1 4.31118E-1 4.29202E-1 4.91876E-1 4.60036E-1 4.78497E-1 4.50817E-1 5.00459E-1 4.50372E-1 4.59872E-1 4.86337E-1 4.91412E-1 4.7541E-1 4.58734E-1 4.54051E-1
3.76341E-1 2.97616E-1 4.77015E-1 6.95057E-1 7.20455E-1 6.39054E-1 6.68252E-1 6.642E-1 6.28836E-1 6.20309E-1 7.29573E-1 6.2342E-1 1.7514E-1 4.09861E-1 7.32953E-1 7.33787E-1 7.24384E-1 5.59612E-2 6.85046E-2 7.27762E-1 6.33812E-1 6.26578E-1 6.64451E-1 5.69667E-1 5.20955E-1 4.97154E-1 4.7325E-1 4.93105E-1 4.40749E-1 6.32391E-1 5.40159E-1 5.48937E-1 5.86137E-1 6.41472E-1 5.02129E-1 4.6178E-1 5.10027E-1 4.22452E-1 4.25181E-1 4.48582E-1 4.37323E-1 5.26268E-1 5.32644E-1 5.51116E-1 4.34324E-1 4.22328E-1 4.71689E-1 4.01903E-1 4.29561E-1 4.31246E-1 4.40861E-1 4.74808E-1 5.82464E-1 4.62879E-1 6.5978E-1 5.64113E-1 4.89991E-1 4.61463E-1 4.81817E-1 4.8847E-1 4.64701E-1
3.62905E-1 3.68996E-1 6.61418E-1 6.13571E-1 6.55245E-1 6.59082E-1 6.84923E-1 5.96177E-1 6.19433E-1 5.21716E-1 6.17909E-1 5.42932E-1 2.32813E-1 5.28663E-1 5.67312E-1 7.09157E-1 7.14269E-1 1.13E-1 4.23228E-1 7.55405E-1 6.17575E-1 5.84772E-1 5.9193E-1 5.70965E-1 5.11164E-1 5.3439E-1 5.95494E-1 5.775E-1 5.10738E-1 4.80601E-1 5.18603E-1 5.48283E-1 4.55754E-1 4.90178E-1 4.31717E-1 4.29182E-1 5.69461E-1 4.41657E-1 4.27843E-1 4.41503E-1 5.79529E-1 5.76991E-1 5.0118E-1 4.49103E-1 5.09583E-1 5.98084E-1 6.1647E-1 5.2736E-1 5.48347E-1 5.14669E-1 5.21635E-1 4.38589E-1 4.30973E-1 4.13953E-1 5.14259E-1 6.77117E-1 4.81702E-1 5.13412E-1 6.73888E-1 4.80057E-1 4.54339E-1
6.55952E-1 5.45608E-1 6.7138E-1 6.75584E-1 3.22156E-1 6.94489E-1 6.47907E-1 5.28852E-1 5.1593E-1 5.3203E-1 5.79389E-1 5.16995E-1 5.99647E-1 1.37924E-1 4.54753E-1 6.89874E-1 6.91767E-1 6.49955E-1 7.81726E-1 6.44932E-1 4.94152E-1 5.64131E-1 6.56874E-1 6.3736E-1 5.44722E-1 4.68408E-1 4.78892E-1 4.90751E-1 4.9662E-1 4.91939E-1 5.68084E-1 4.88555E-1 5.03307E-1 5.22981E-1 4.25083E-1 4.30698E-1 4.17347E-1 4.30539E-1 5.13552E-1 5.85837E-1 6.28634E-1 5.9294E-1 6.55588E-1 6.61755E-1 5.89667E-1 5.9301E-1 4.60151E-1 4.12358E-1 4.80239E-1 6.41986E-1 5.94759E-1 4.34963E-1 4.40219E-1 4.105E-1 4.32928E-1 5.50296E-1 4.42316E-1 4.42803E-1 5.86795E-1 6.52068E-1 4.37461E-1
7.53656E-1 7.53631E-1 6.41031E-1 1.4808E-1 5.55934E-2 6.87664E-1 5.98783E-1 5.59979E-1 5.04927E-1 5.43465E-1 5.96015E-1 5.93326E-1 6.04299E-1 2.40525E-1 3.04771E-1 6.43318E-1 5.42427E-1 6.14549E-1 5.13805E-1 5.61793E-1 5.44631E-1 6.0572E-1 6.02745E-1 6.94655E-1 5.48541E-1 4.77731E-1 4.4125E-1 5.19523E-1 4.69925E-1 4.31964E-1 4.55989E-1 4.48259E-1 4.52927E-1 4.65542E-1 4.73153E-1 5.15457E-1 5.31508E-1 6.25516E-1 6.10714E-1 5.77382E-1 6.32551E-1 6.23712E-1 5.94557E-1 6.30048E-1 6.25853E-1 4.32852E-1 5.86322E-1 4.06918E-1 4.45279E-1 4.83265E-1 6.25271E-1 4.48708E-1 4.24256E-1 4.41755E-1 4.21722E-1 4.47158E-1 4.34865E-1 4.41114E-1 4.39964E-1 4.49448E-1 4.56606E-1
6.8345E-1 6.40432E-1 7.40741E-1 3.38303E-1 8.59313E-2 2.24364E-1 6.17943E-1 6.03111E-1 5.9E-1 5.60016E-1 6.00782E-1 6.24202E-1 6.47507E-1 3.61075E-1 6.68772E-1 5.80877E-1 5.1952E-1 5.32205E-1 5.93657E-1 6.29602E-1 5.58113E-1 6.08234E-1 5.77736E-1 6.24188E-1 5.7522E-1 4.87934E-1 4.45354E-1 4.70227E-1 4.6901E-1 5.12516E-1 4.28222E-1 4.22634E-1 5.27355E-1 4.55266E-1 3.92933E-1 3.87497E-1 6.04666E-1 5.82242E-1 6.36841E-1 6.25328E-1 6.4648E-1 5.02764E-1 4.67609E-1 6.4482E-1 5.04487E-1 5.38959E-1 5.73275E-1 4.33548E-1 4.80211E-1 5.50355E-1 5.40606E-1 4.28083E-1 5.58263E-1 5.71437E-1 4.32602E-1 4.3646E-1 4.25842E-1 4.41116E-1 4.38944E-1 4.32668E-1 4.5347E-1
6.55902E-1 6.61034E-1 6.00625E-1 5.41277E-1 9.75915E-2 4.94554E-1 5.90694E-1 5.09468E-1 6.76903E-1 7.26483E-1 6.46742E-1 2.06313E-1 7.18558E-2 2.23111E-1 5.25371E-1 5.66378E-1 4.82247E-1 5.76657E-1 6.58866E-1 6.19113E-1 4.56465E-1 3.07091E-1 4.51932E-1 5.93917E-1 4.48648E-1 5.1714E-1 5.09863E-1 5.93239E-1 6.37651E-1 5.23675E-1 5.24062E-1 5.23156E-1 5.94904E-1 4.96413E-1 3.86911E-1 3.96786E-1 4.10355E-1 4.4971E-1 4.66615E-1 6.35824E-1 6.48964E-1 6.25744E-1 5.72575E-1 6.14399E-1 6.40024E-1 6.54072E-1 6.1995E-1 5.50475E-1 6.42209E-1 5.96455E-1 4.4037E-1 5.88872E-1 5.75854E-1 5.80098E-1 4.25714E-1 4.6309E-1 4.20565E-1 4.24694E-1 4.29914E-1 4.27001E-1 4.48201E-1
6.61659E-1 7.43299E-1 6.42592E-1 6.9412E-1 5.08415E-1 7.09322E-1 6.61086E-1 5.09083E-1 1.08039E-1 8.92424E-2 2.86567E-1 4.11145E-2 4.54675E-2 9.78954E-2 6.97669E-1 6.56729E-1 1.81891E-1 3.45508E-1 7.09042E-1 3.26634E-1 2.10212E-1 4.87967E-1 7.04873E-1 4.84703E-1 6.43097E-1 5.34026E-1 6.24312E-1 6.27606E-1 5.82604E-1 5.59497E-1 5.43141E-1 5.51714E-1 4.08003E-1 4.23409E-1 3.72615E-1 4.05032E-1 4.03803E-1 4.26047E-1 5.31163E-1 3.92925E-1 5.60468E-1 5.75466E-1 6.29089E-1 6.36063E-1 5.88579E-1 6.44556E-1 5.77503E-1 4.98327E-1 6.26905E-1 5.18537E-1 6.04185E-1 4.61596E-1 5.73214E-1 5.12948E-1 6.48242E-1 4.43501E-1 4.78288E-1 4.46637E-1 4.31965E-1 4.27362E-1 4.39664E-1
7.39119E-1 5.26451E-1 6.02481E-1 6.71321E-1 5.55262E-1 7.29906E-1 5.91466E-1 3.06919E-1 2.99924E-1 4.71432E-2 1.09992E-1 2.93513E-2 1.59207E-1 6.11348E-1 5.73584E-1 2.1047E-1 1.84653E-1 1.39062E-1 1.05722E-1 2.64287E-1 5.84263E-1 5.78464E-1 6.74477E-1 4.40832E-1 4.7988E-1 6.16817E-1 5.78273E-1 6.07702E-1 5.32153E-1 4.39325E-1 3.96406E-1 3.97549E-1 4.3692E-1 4.06654E-1 4.39241E-1 4.42168E-1 3.9883E-1 4.16555E-1 4.9377E-1 4.14341E-1 4.19195E-1 4.71293E-1 5.67619E-1 6.48012E-1 6.50653E-1 5.49451E-1 5.78838E-1 5.25359E-1 6.13386E-1 6.40269E-1 6.69718E-1 6.71673E-1 4.49751E-1 5.33278E-1 4.84618E-1 4.41503E-1 4.33713E-1 4.30173E-1 4.16011E-1 4.27369E-1 4.42941E-1
8.0287E-1 7.38751E-1 7.39631E-1 4.01342E-1 1.95735E-1 6.98113E-1 6.23089E-1 1.85623E-1 3.24246E-1 4.26087E-1 3.65614E-2 1.68333E-1 5.18856E-1 6.8374E-1 2.67541E-1 4.73801E-1 1.43208E-1 8.49467E-2 1.03293E-1 1.12161E-1 3.23982E-1 5.77116E-1 6.27843E-1 5.04158E-1 4.36996E-1 4.88741E-1 5.28659E-1 5.08626E-1 4.7302E-1 6.00347E-1 4.46627E-1 4.35965E-1 4.33195E-1 4.24408E-1 3.77692E-1 3.70363E-1 3.57094E-1 4.69331E-1 3.89092E-1 4.05202E-1 4.42554E-1 4.37643E-1 5.11097E-1 5.82097E-1 6.64104E-1 6.29579E-1 5.55963E-1 5.8069E-1 5.60026E-1 6.32347E-1 6.52853E-1 6.63947E-1 6.49679E-1 6.01686E-1 5.32361E-1 4.36974E-1 4.57908E-1 4.38691E-1 4.3703E-1 4.32236E-1 5.83532E-1
7.98648E-1 7.98346E-1 6.7725E-1 7.51287E-1 3.40316E-1 6.08251E-1 5.8414E-1 3.82858E-1 1.76784E-1 2.36554E-1 7.35091E-2 1.72827E-1 5.16044E-1 3.37881E-1 3.07041E-1 1.52805E-1 9.45315E-2 9.35782E-2 2.59764E-1 3.06318E-1 1.70331E-1 4.84871E-1 5.71653E-1 5.06442E-1 4.44844E-1 4.23963E-1 4.65095E-1 6.24458E-1 4.57718E-1 4.53871E-1 4.52057E-1 4.25291E-1 4.81938E-1 4.02891E-1 3.83542E-1 3.66058E-1 3.47115E-1 4.69066E-1 3.969E-1 4.57921E-1 4.68704E-1 4.71751E-1 4.5234E-1 5.02263E-1 5.21733E-1 6.26508E-1 5.60842E-1 6.42614E-1 5.19278E-1 6.09729E-1 6.74209E-1 5.60443E-1 5.29522E-1 4.752E-1 5.3398E-1 4.46409E-1 4.45878E-1 4.49547E-1 4.50676E-1 4.56924E-1 5.60804E-1
7.6386E-1 7.55253E-1 7.19814E-1 5.57846E-1 2.0943E-1 3.53339E-1 6.29238E-1 1.17286E-1 2.89405E-1 3.56298E-1 1.36073E-1 5.54144E-2 5.22886E-1 4.76084E-1 2.83565E-1 1.70091E-1 2.44661E-1 1.56316E-1 3.50128E-1 4.24201E-1 -9999 5.43118E-1 3.3364E-1 3.97968E-1 5.06056E-1 4.49831E-1 5.64265E-1 5.88659E-1 5.42163E-1 6.26047E-1 4.81839E-1 4.48836E-1 5.45428E-1 3.84695E-1 3.77874E-1 3.42129E-1 3.97427E-1 3.52305E-1 4.23233E-1 4.20715E-1 4.61005E-1 5.13642E-1 6.0744E-1 6.25405E-1 4.30794E-1 6.25137E-1 6.49049E-1 6.31963E-1 6.15056E-1 5.24677E-1 6.62886E-1 5.5484E-1 6.92993E-1 4.64881E-1 4.88421E-1 4.84966E-1 4.48896E-1 4.56214E-1 4.59582E-1 4.69522E-1 5.36808E-1
8.08661E-1 8.20843E-1 4.42173E-1 5.65533E-1 4.99665E-1 2.84199E-1 6.39123E-1 2.76975E-1 6.50063E-2 8.90518E-2 3.24069E-2 6.614E-2 9.78597E-2 6.25287E-1 3.13272E-1 1.26659E-1 3.50653E-1 1.63757E-1 5.4539E-1 4.59155E-1 2.22162E-1 1.62503E-1 6.33526E-1 5.74829E-1 4.11513E-1 6.1964E-1 5.99252E-1 6.51172E-1 6.22495E-1 6.28758E-1 5.35672E-1 3.07318E-1 6.4282E-1 5.62604E-1 4.74226E-1 5.23381E-1 3.46917E-1 3.7659E-1 4.58492E-1 4.28247E-1 4.94299E-1 5.53466E-1 5.98582E-1 6.13743E-1 6.33509E-1 5.75728E-1 6.66761E-1 6.07469E-1 6.59629E-1 5.91253E-1 5.44168E-1 6.82473E-1 6.88278E-1 5.5462E-1 5.24918E-1 4.4481E-1 4.63117E-1 4.53575E-1 4.59228E-1 4.66472E-1 5.2082E-1
7.36297E-1 5.72171E-1 5.08191E-1 5.38097E-1 4.34699E-1 1.56263E-1 3.2425E-1 4.24634E-1 1.73332E-1 2.66661E-1 3.30726E-2 2.37637E-1 3.73711E-1 4.93896E-1 5.29084E-1 6.16571E-1 4.26486E-1 6.23764E-1 2.09196E-1 3.31559E-1 2.47387E-1 1.78976E-1 4.99186E-1 6.82518E-1 3.32065E-1 5.68484E-1 6.02007E-1 6.39201E-1 4.75781E-1 5.34263E-1 4.97572E-1 4.76258E-1 5.96341E-1 5.79492E-1 5.14093E-1 4.75828E-1 4.87999E-1 4.27473E-1 4.77042E-1 5.11955E-1 4.28254E-1 6.09121E-1 5.48939E-1 6.22843E-1 6.34838E-1 6.8753E-1 6.79774E-1 6.14449E-1 6.85297E-1 6.67355E-1 6.34225E-1 6.66685E-1 6.52436E-1 6.0241E-1 4.88564E-1 4.64487E-1 4.53732E-1 4.75081E-1 5.13048E-1 5.25026E-1 4.71449E-1
7.41282E-1 7.83781E-1 7.1071E-1 6.71932E-1 5.68436E-1 4.56124E-1 3.39101E-1 4.57832E-1 1.25476E-1 2.89698E-1 1.96437E-1 4.71868E-1 3.6275E-1 1.89087E-1 3.04639E-1 4.08192E-1 6.83852E-1 4.62836E-1 2.75832E-1 4.07559E-1 2.64045E-1 1.91245E-1 4.61804E-1 7.28202E-1 6.14513E-1 5.11569E-1 6.31286E-1 3.8707E-1 4.34419E-1 5.31136E-1 3.63878E-1 4.20696E-1 4.97078E-1 4.26846E-1 5.72194E-1 2.92397E-1 5.79595E-1 5.18695E-1 5.23957E-1 4.90774E-1 5.12398E-1 5.97977E-1 4.82031E-1 4.89783E-1 6.40139E-1 6.22966E-1 6.85977E-1 6.38334E-1 6.39869E-1 5.78204E-1 6.69478E-1 6.50687E-1 6.5223E-1 6.10634E-1 6.00803E-1 4.64114E-1 4.64408E-1 4.60323E-1 5.0369E-1 4.88328E-1 5.0207E-1
6.56064E-1 7.99025E-1 7.73223E-1 7.16104E-1 7.15723E-1 7.02626E-1 4.7897E-1 5.037E-1 2.18457E-1 3.32486E-1 4.3499E-1 2.67426E-1 2.90755E-1 1.25789E-1 1.07356E-1 1.06277E-1 1.4326E-1 4.74652E-1 5.30571E-1 1.35745E-1 2.15641E-1 3.34097E-1 4.79893E-1 3.4648E-1 4.17926E-1 5.48095E-1 5.89139E-1 3.8258E-1 4.27661E-1 6.61889E-1 6.19535E-1 4.94884E-1 5.4717E-1 5.03505E-1 6.22861E-1 4.19731E-1 5.91623E-1 6.30355E-1 5.60807E-1 5.46037E-1 4.90525E-1 6.15088E-1 4.90593E-1 6.80427E-1 6.85422E-1 6.28352E-1 5.25178E-1 6.30713E-1 5.57956E-1 6.07779E-1 6.34648E-1 6.63639E-1 5.93201E-1 6.51656E-1 5.85122E-1 4.60457E-1 4.65465E-1 5.52273E-1 6.11524E-1 4.80075E-1 5.1801E-1
7.11434E-1 4.27662E-1 1.04048E-1 1.36698E-1 3.98035E-1 4.46393E-1 3.57024E-1 2.81647E-1 1.77092E-1 9.51529E-2 2.03713E-1 4.49474E-2 8.16067E-2 2.68116E-2 3.67786E-1 8.48249E-2 1.52679E-1 5.51023E-1 3.96738E-1 4.26145E-1 2.89118E-1 3.04423E-1 3.68242E-1 2.99974E-1 4.95428E-1 3.82145E-1 4.73809E-1 5.81024E-1 5.69297E-1 6.99657E-1 7.58856E-1 7.05547E-1 6.80795E-1 6.83117E-1 6.87614E-1 3.44192E-1 3.11266E-1 2.62147E-1 6.20233E-1 5.57127E-1 4.99135E-1 4.89135E-1 5.37416E-1 5.27243E-1 5.92263E-1 5.03051E-1 4.85011E-1 6.15157E-1 5.12832E-1 6.06367E-1 6.2462E-1 6.72453E-1 6.54405E-1 6.51019E-1 4.81391E-1 4.49807E-1 4.60948E-1 5.97594E-1 5.62628E-1 4.87185E-1 5.53846E-1
4.86929E-1 4.04896E-1 2.59017E-1 4.38815E-1 4.20814E-1 4.00305E-1 1.54004E-1 7.19809E-2 1.37067E-1 7.80844E-3 5.86252E-2 2.53881E-1 1.5683E-2 3.00291E-2 2.88718E-1 2.25978E-1 3.39924E-1 5.07562E-1 3.34915E-1 2.09351E-1 6.53711E-2 2.56247E-1 2.61971E-1 2.75248E-1 6.57362E-1 5.39071E-1 7.22552E-1 7.3642E-1 6.32532E-1 7.45494E-1 7.49284E-1 7.49285E-1 5.9846E-1 6.62883E-1 5.70673E-1 4.8527E-1 2.8065E-1 1.68928E-1 2.88346E-1 5.71258E-1 5.01013E-1 4.66083E-1 4.82909E-1 5.18192E-1 6.1244E-1 4.48852E-1 4.36214E-1 5.01583E-1 5.10754E-1 6.61477E-1 6.6008E-1 6.60346E-1 6.70866E-1 6.50373E-1 5.95431E-1 4.5102E-1 4.64396E-1 6.54358E-1 4.79474E-1 4.77416E-1 6.45749E-1
5.19669E-1 4.88565E-1 5.62847E-1 7.44825E-1 4.94292E-1 5.02872E-1 3.42359E-1 1.60219E-1 3.74074E-2 6.14379E-2 3.1801E-1 1.93418E-1 6.77836E-2 2.06442E-2 4.19679E-2 3.97708E-1 4.59095E-1 4.30826E-1 3.92226E-1 1.59784E-1 9.51344E-2 2.09674E-1 1.61184E-1 4.44413E-1 6.46377E-1 6.72515E-1 7.04705E-1 6.51597E-1 7.19153E-1 7.42804E-1 5.08859E-1 5.10971E-1 5.61251E-1 6.68113E-1 4.42153E-1 7.20597E-1 6.37846E-1 3.93976E-1 3.27304E-1 1.92134E-1 5.9953E-1 4.79153E-1 5.99228E-1 4.64803E-1 4.99957E-1 4.65367E-1 4.30617E-1 4.73444E-1 4.54324E-1 6.05367E-1 6.33895E-1 6.65905E-1 6.00816E-1 5.63938E-1 5.17598E-1 4.6092E-1 4.47776E-1 4.90993E-1 4.58234E-1 5.2538E-1 6.23322E-1
5.30255E-1 4.77697E-1 6.18098E-1 6.84994E-1 4.81012E-1 2.36814E-1 2.87554E-1 2.74333E-1 3.93117E-2 7.73588E-3 1.4429E-1 2.548E-2 3.95591E-2 7.59283E-2 3.90617E-1 4.7994E-1 1.1414E-1 7.85898E-2 6.90515E-2 2.99535E-1 3.2315E-1 3.98203E-1 6.02087E-1 3.48287E-1 5.48286E-1 5.77577E-1 6.69787E-1 3.79544E-1 4.33853E-1 5.10951E-1 5.93485E-1 6.93312E-1 7.23654E-1 6.81705E-1 5.25783E-1 6.22643E-1 5.68796E-1 4.67262E-1 2.55841E-1 1.75649E-1 4.2215E-1 4.87323E-1 4.39927E-1 4.41059E-1 4.27714E-1 4.39366E-1 4.33291E-1 4.42025E-1 4.37176E-1 5.21061E-1 5.52899E-1 4.80128E-1 4.6837E-1 4.63435E-1 4.32231E-1 4.62394E-1 5.66606E-1 5.09143E-1 4.89399E-1 6.82869E-1 6.29182E-1
6.90039E-1 5.22905E-1 5.59572E-1 5.35766E-1 4.59231E-1 3.94351E-1 2.4204E-1 3.32629E-1 5.78371E-2 2.25045E-2 1.67391E-2 6.8989E-3 3.76289E-2 2.73785E-1 1.71224E-1 1.9149E-1 1.62891E-1 8.7643E-2 1.08097E-1 1.13666E-1 1.38779E-1 1.89849E-1 3.79704E-1 3.68155E-1 5.59342E-1 4.415E-1 5.6293E-1 3.95377E-1 4.63772E-1 4.81947E-1 6.69822E-1 7.82057E-1 7.5435E-1 7.66089E-1 7.37796E-1 7.6465E-1 6.22417E-1 4.52486E-1 4.29851E-1 3.191E-1 2.0767E-1 4.10505E-1 6.07347E-1 4.37843E-1 4.48522E-1 4.61968E-1 4.50776E-1 4.95704E-1 4.94044E-1 4.58998E-1 4.71327E-1 4.62104E-1 4.38758E-1 4.94878E-1 4.74416E-1 4.683E-1 5.06659E-1 4.79003E-1 4.99721E-1 6.50406E-1 6.87844E-1
