Final_Models_July82022/M_0.1_F_lqp_Set_1/Bison_median.asc
ncols         290
nrows         380
xllcorner     -2197417.7431653
yllcorner     -584827.01486885
cellsize      10000.0
NODATA_value  -9999
[rows 216 to 242 of 380, columns 183 to 243 of 290]
2.32723E-1 2.12392E-1 2.01769E-1 2.05201E-1 1.78796E-1 1.45459E-1 1.58985E-1 1.87836E-1 1.81878E-1 1.91055E-1 2.22389E-1 2.07005E-1 2.00481E-1 2.14662E-1 2.17351E-1 2.21894E-1 2.17909E-1 2.03622E-1 1.98666E-1 2.20321E-1 2.55781E-1 1.95175E-1 1.94487E-1 1.91963E-1 1.91539E-1 1.97794E-1 1.84416E-1 1.86039E-1 1.89375E-1 1.77406E-1 1.7153E-1 1.68951E-1 1.7576E-1 1.6023E-1 1.52124E-1 1.50125E-1 1.51681E-1 1.44631E-1 1.38345E-1 1.4197E-1 1.44508E-1 1.42533E-1 1.45456E-1 1.37031E-1 1.42716E-1 1.3937E-1 1.36383E-1 1.37275E-1 1.3994E-1 1.44778E-1 1.49297E-1 -9999 -9999 -9999 -9999 -9999 -9999 -9999 -9999 -9999 -9999
2.22153E-1 2.14105E-1 2.19642E-1 2.1921E-1 1.99472E-1 1.68929E-1 1.40113E-1 1.73724E-1 1.87527E-1 1.96364E-1 2.3713E-1 2.01435E-1 2.38639E-1 2.32943E-1 2.24127E-1 2.03249E-1 2.26202E-1 2.22047E-1 1.87944E-1 2.23709E-1 2.66055E-1 2.20024E-1 2.05923E-1 1.97716E-1 1.92053E-1 2.02902E-1 1.9423E-1 1.98763E-1 1.86327E-1 1.84393E-1 1.7988E-1 1.85097E-1 1.77182E-1 1.72907E-1 1.7169E-1 1.64556E-1 1.61375E-1 1.57027E-1 1.54812E-1 1.49931E-1 1.49499E-1 1.4949E-1 1.49195E-1 1.46776E-1 1.45773E-1 1.38714E-1 1.41906E-1 1.39504E-1 1.39149E-1 1.4016E-1 -9999 -9999 -9999 -9999 -9999 -9999 -9999 -9999 -9999 -9999 -9999
2.41991E-1 2.11111E-1 2.1146E-1 1.93315E-1 2.02669E-1 1.96372E-1 1.85271E-1 1.82464E-1 1.91528E-1 2.03111E-1 2.28372E-1 2.08776E-1 2.49097E-1 2.29845E-1 2.41037E-1 2.18266E-1 2.96097E-1 2.94166E-1 2.38058E-1 2.50064E-1 2.60051E-1 2.21358E-1 2.08627E-1 2.08155E-1 2.05526E-1 2.02126E-1 2.07162E-1 1.99024E-1 1.89795E-1 1.91495E-1 1.73828E-1 1.666E-1 1.84495E-1 1.76729E-1 1.82556E-1 1.79944E-1 1.6525E-1 1.63757E-1 1.58296E-1 1.54332E-1 1.5272E-1 1.34128E-1 1.54909E-1 1.54685E-1 1.57735E-1 1.32038E-1 1.35446E-1 1.37175E-1 1.42585E-1 1.34256E-1 -9999 -9999 -9999 -9999 -9999 -9999 -9999 -9999 -9999 -9999 -9999
2.38812E-1 2.4244E-1 2.07016E-1 2.31409E-1 2.15373E-1 2.15753E-1 2.12453E-1 2.18456E-1 2.12804E-1 2.41276E-1 2.61996E-1 2.06655E-1 2.14541E-1 2.33834E-1 2.29486E-1 2.17382E-1 2.19208E-1 2.73179E-1 2.63174E-1 2.42496E-1 2.31885E-1 2.93963E-1 2.74807E-1 2.15328E-1 2.21212E-1 2.04318E-1 2.10519E-1 2.22494E-1 2.06104E-1 2.00037E-1 1.9851E-1 1.64567E-1 2.26897E-1 2.03979E-1 1.79118E-1 1.57662E-1 1.73399E-1 1.71105E-1 1.78766E-1 1.7951E-1 1.61501E-1 1.64096E-1 1.63279E-1 1.57214E-1 1.57016E-1 1.62385E-1 1.50705E-1 1.37068E-1 1.5549E-1 1.48945E-1 -9999 -9999 -9999 -9999 -9999 -9999 -9999 -9999 -9999 -9999 -9999
2.45908E-1 2.42979E-1 2.63068E-1 2.12582E-1 2.33375E-1 2.82611E-1 2.29001E-1 2.33867E-1 2.44948E-1 2.39176E-1 2.52035E-1 2.29856E-1 2.57966E-1 2.38082E-1 2.54135E-1 2.30633E-1 2.22939E-1 2.26074E-1 2.30137E-1 2.52234E-1 2.43348E-1 1.96997E-1 2.36859E-1 2.56864E-1 2.03543E-1 2.23878E-1 2.35248E-1 2.35157E-1 2.21352E-1 1.81699E-1 2.11369E-1 2.35936E-1 2.9865E-1 2.48592E-1 2.0602E-1 1.56414E-1 1.8492E-1 1.64735E-1 1.77474E-1 1.77452E-1 1.80274E-1 1.77722E-1 1.69456E-1 1.68029E-1 1.67456E-1 1.706E-1 1.72284E-1 1.66716E-1 1.54916E-1 -9999 -9999 -9999 -9999 -9999 -9999 -9999 -9999 -9999 -9999 -9999 -9999
2.71303E-1 2.77162E-1 2.87049E-1 2.48151E-1 2.38257E-1 3.14605E-1 2.93678E-1 2.42938E-1 2.45453E-1 2.87162E-1 2.7345E-1 2.69964E-1 2.60481E-1 2.57832E-1 3.03811E-1 2.63301E-1 2.40776E-1 2.32051E-1 2.35296E-1 2.31538E-1 2.35618E-1 2.193E-1 2.1524E-1 2.26225E-1 2.26325E-1 2.50192E-1 2.81035E-1 2.54584E-1 2.20078E-1 1.90365E-1 2.1672E-1 2.52665E-1 2.17946E-1 2.36438E-1 2.17182E-1 2.02801E-1 2.06559E-1 1.8845E-1 1.80203E-1 1.89462E-1 1.9215E-1 1.85304E-1 1.89037E-1 1.87681E-1 1.80511E-1 1.49446E-1 1.75334E-1 1.72352E-1 1.53499E-1 -9999 -9999 -9999 -9999 -9999 -9999 -9999 -9999 -9999 -9999 -9999 -9999
2.74907E-1 2.37554E-1 2.44827E-1 2.44319E-1 2.37013E-1 2.48883E-1 2.68151E-1 2.48536E-1 2.70102E-1 2.99882E-1 2.43437E-1 2.73013E-1 2.97237E-1 2.48221E-1 2.44657E-1 2.57199E-1 2.50051E-1 2.67439E-1 2.51849E-1 2.36507E-1 2.59315E-1 3.08632E-1 3.00159E-1 2.51518E-1 2.71663E-1 3.31665E-1 2.91381E-1 2.31514E-1 2.22956E-1 2.17544E-1 2.248E-1 2.29925E-1 2.40734E-1 2.22266E-1 2.28682E-1 2.12767E-1 2.11861E-1 1.98401E-1 1.95762E-1 1.84517E-1 1.95995E-1 2.16296E-1 2.11334E-1 2.05309E-1 1.84462E-1 1.66746E-1 1.59268E-1 1.78543E-1 1.65073E-1 -9999 -9999 -9999 -9999 -9999 -9999 -9999 -9999 -9999 -9999 -9999 -9999
3.313E-1 2.94134E-1 2.78572E-1 2.50732E-1 2.44703E-1 2.5848E-1 3.71469E-1 2.47264E-1 2.55207E-1 2.50032E-1 2.62323E-1 2.62343E-1 2.92027E-1 2.61238E-1 2.73439E-1 2.607E-1 2.88971E-1 2.17161E-1 2.68535E-1 2.50799E-1 2.6212E-1 2.16652E-1 2.67798E-1 2.5228E-1 2.84929E-1 2.522E-1 2.6601E-1 3.59646E-1 2.96496E-1 3.20051E-1 2.4384E-1 2.4279E-1 2.53276E-1 2.76713E-1 2.34452E-1 2.78066E-1 2.16899E-1 2.08723E-1 2.0752E-1 1.95625E-1 2.07586E-1 2.18984E-1 2.2546E-1 2.22174E-1 1.73466E-1 1.66053E-1 1.64179E-1 1.62199E-1 1.85554E-1 -9999 -9999 -9999 -9999 -9999 -9999 -9999 -9999 -9999 -9999 -9999 -9999
3.23135E-1 2.86407E-1 2.72225E-1 2.6621E-1 2.67903E-1 2.65332E-1 2.98669E-1 2.95222E-1 4.03386E-1 3.70725E-1 2.57444E-1 2.5017E-1 2.68317E-1 2.59473E-1 2.65018E-1 2.85502E-1 2.40895E-1 2.29692E-1 2.55395E-1 3.01715E-1 2.46999E-1 2.59243E-1 2.54142E-1 2.29927E-1 2.56419E-1 3.82734E-1 3.47373E-1 3.63045E-1 3.67141E-1 2.87837E-1 2.50395E-1 2.49615E-1 2.76513E-1 2.87673E-1 2.70513E-1 2.41121E-1 2.36724E-1 2.43954E-1 2.15169E-1 2.1918E-1 2.15215E-1 2.34801E-1 2.44985E-1 2.25729E-1 1.95374E-1 1.84095E-1 1.71631E-1 1.70442E-1 -9999 -9999 -9999 -9999 -9999 -9999 -9999 -9999 -9999 -9999 -9999 -9999 -9999
3.68966E-1 5.06602E-1 3.66018E-1 2.93864E-1 3.33555E-1 4.75292E-1 3.79362E-1 4.19373E-1 3.92078E-1 4.74237E-1 4.76617E-1 3.83032E-1 3.31539E-1 2.14196E-1 3.98049E-1 2.79093E-1 2.54078E-1 2.47049E-1 2.37765E-1 2.76194E-1 2.87228E-1 2.45917E-1 2.2819E-1 2.37022E-1 2.46737E-1 2.85295E-1 4.26644E-1 4.13387E-1 2.68264E-1 2.46244E-1 2.81394E-1 3.03929E-1 2.76258E-1 2.98771E-1 3.03884E-1 2.90036E-1 2.83191E-1 2.61736E-1 2.34655E-1 2.13722E-1 2.19388E-1 2.40598E-1 2.62387E-1 2.34268E-1 2.1935E-1 2.06777E-1 1.95501E-1 1.85744E-1 -9999 -9999 -9999 -9999 -9999 -9999 -9999 -9999 -9999 -9999 -9999 -9999 -9999
2.14329E-1 3.05323E-1 4.44735E-1 4.23945E-1 3.52368E-1 3.30473E-1 2.37957E-1 1.88807E-1 2.29807E-1 4.59758E-1 3.88245E-1 4.18007E-1 4.6526E-1 4.3519E-1 4.54401E-1 2.57635E-1 2.50134E-1 2.82299E-1 2.53047E-1 2.57476E-1 2.03412E-1 2.73974E-1 2.25078E-1 2.36056E-1 2.46513E-1 2.51798E-1 2.76965E-1 2.43183E-1 2.45805E-1 2.45494E-1 2.73245E-1 3.46242E-1 2.94954E-1 2.81329E-1 2.58852E-1 2.68252E-1 3.04287E-1 2.87986E-1 2.53862E-1 2.39721E-1 2.31593E-1 2.42598E-1 2.72011E-1 2.31463E-1 2.3342E-1 2.2927E-1 2.18717E-1 2.06591E-1 -9999 -9999 -9999 -9999 -9999 -9999 -9999 -9999 -9999 -9999 -9999 -9999 -9999
2.90495E-1 3.76295E-1 5.23587E-1 5.05232E-1 4.91779E-1 5.0696E-1 4.90403E-1 4.22942E-1 3.34923E-1 3.26007E-1 4.91733E-1 3.76157E-1 2.02441E-1 4.26383E-1 3.61712E-1 3.68975E-1 3.21432E-1 2.44483E-1 2.478E-1 2.28196E-1 2.56272E-1 1.80164E-1 1.99893E-1 2.2744E-1 3.07249E-1 2.67056E-1 3.91158E-1 2.8805E-1 2.46451E-1 2.5926E-1 2.79981E-1 2.38402E-1 2.49171E-1 2.49824E-1 2.69483E-1 2.65571E-1 2.68403E-1 2.98883E-1 2.65422E-1 2.37861E-1 3.82041E-1 3.14268E-1 2.78035E-1 2.40426E-1 2.44488E-1 2.41499E-1 2.39918E-1 2.28267E-1 -9999 -9999 -9999 -9999 -9999 -9999 -9999 -9999 -9999 -9999 -9999 -9999 -9999
3.11066E-1 3.00664E-1 4.16181E-1 4.31556E-1 4.42065E-1 5.25831E-1 4.72353E-1 4.21964E-1 5.24092E-1 4.17334E-1 2.2988E-1 2.23319E-1 2.18148E-1 4.76715E-1 3.56798E-1 3.04274E-1 4.26478E-1 2.43809E-1 2.17283E-1 2.17992E-1 1.84026E-1 1.69587E-1 2.15373E-1 2.663E-1 3.34316E-1 3.31343E-1 3.25084E-1 2.86676E-1 2.46632E-1 2.71106E-1 2.87585E-1 2.83079E-1 2.71328E-1 2.75944E-1 2.83891E-1 3.20124E-1 2.85335E-1 3.14586E-1 2.87527E-1 2.72462E-1 3.83815E-1 2.69671E-1 2.58223E-1 2.50403E-1 2.58497E-1 2.56914E-1 2.52046E-1 2.42626E-1 2.50225E-1 -9999 -9999 -9999 -9999 -9999 -9999 -9999 -9999 -9999 -9999 -9999 -9999
4.47112E-1 4.6143E-1 4.79986E-1 5.26067E-1 3.9789E-1 4.82473E-1 5.15137E-1 3.78282E-1 3.5844E-1 2.35913E-1 2.35609E-1 2.14514E-1 2.17799E-1 2.62491E-1 2.59228E-1 4.56653E-1 4.39012E-1 2.26134E-1 2.27945E-1 2.00229E-1 1.95024E-1 1.95944E-1 2.18765E-1 2.62667E-1 4.01993E-1 3.67371E-1 2.99845E-1 3.8354E-1 3.54553E-1 3.45915E-1 3.16005E-1 2.88998E-1 3.11741E-1 3.63764E-1 2.9573E-1 2.89848E-1 2.74688E-1 3.14142E-1 3.13418E-1 3.41259E-1 2.65504E-1 2.7808E-1 2.55813E-1 2.57271E-1 2.62018E-1 2.71283E-1 2.61916E-1 2.55539E-1 2.63945E-1 -9999 -9999 -9999 -9999 -9999 -9999 -9999 -9999 -9999 -9999 -9999 -9999
2.89174E-1 2.74689E-1 2.41577E-1 3.46905E-1 4.00781E-1 5.37519E-1 4.69862E-1 2.30875E-1 2.41617E-1 2.29499E-1 2.45002E-1 2.49733E-1 2.74102E-1 2.96412E-1 4.59245E-1 2.6312E-1 2.32623E-1 2.22861E-1 2.13349E-1 2.25092E-1 2.84258E-1 2.34754E-1 2.44954E-1 2.91828E-1 3.04402E-1 3.70146E-1 3.20628E-1 3.83268E-1 3.65369E-1 3.31799E-1 3.62857E-1 3.93773E-1 3.75461E-1 3.63645E-1 3.30424E-1 2.8578E-1 2.8608E-1 2.9207E-1 2.80036E-1 3.20027E-1 2.56631E-1 2.96593E-1 2.56547E-1 2.6661E-1 2.65593E-1 2.7205E-1 2.70958E-1 2.68397E-1 2.69194E-1 2.64196E-1 -9999 -9999 -9999 -9999 -9999 -9999 -9999 -9999 -9999 -9999 -9999
2.98565E-1 2.77625E-1 2.6264E-1 2.56491E-1 2.47534E-1 2.26442E-1 2.28678E-1 2.46396E-1 2.67985E-1 2.53176E-1 2.32697E-1 2.33435E-1 2.15247E-1 4.24614E-1 3.52124E-1 2.46532E-1 2.4122E-1 2.40029E-1 2.5072E-1 2.27576E-1 2.51136E-1 2.50642E-1 2.6462E-1 3.06232E-1 3.36575E-1 2.77564E-1 2.98152E-1 2.97285E-1 2.89625E-1 2.80757E-1 3.13302E-1 3.97779E-1 3.29129E-1 2.98043E-1 3.69157E-1 3.80027E-1 3.27042E-1 3.40156E-1 3.7862E-1 3.07015E-1 3.24816E-1 3.11456E-1 3.20491E-1 2.58977E-1 2.82667E-1 2.90008E-1 2.80952E-1 2.83834E-1 2.81818E-1 2.79184E-1 2.75309E-1 -9999 -9999 -9999 -9999 -9999 -9999 -9999 -9999 -9999 -9999
3.622E-1 3.11148E-1 2.75364E-1 2.507E-1 2.35941E-1 2.27195E-1 2.32701E-1 2.41887E-1 2.59404E-1 2.6049E-1 2.47986E-1 2.56144E-1 4.41008E-1 3.86342E-1 2.58842E-1 2.64112E-1 2.36087E-1 2.21277E-1 2.37512E-1 2.21442E-1 2.38891E-1 2.58553E-1 2.82128E-1 3.02943E-1 2.94559E-1 2.69152E-1 2.76833E-1 3.04875E-1 3.14897E-1 2.94172E-1 2.52484E-1 2.54349E-1 3.15103E-1 2.92764E-1 3.00871E-1 2.94198E-1 3.70731E-1 3.68207E-1 3.71929E-1 3.51734E-1 3.20009E-1 3.29716E-1 3.40456E-1 3.18015E-1 3.3584E-1 3.49921E-1 3.84246E-1 3.01595E-1 2.8248E-1 2.81834E-1 2.83071E-1 -9999 -9999 -9999 -9999 -9999 -9999 -9999 -9999 -9999 -9999
5.07395E-1 4.87208E-1 4.2095E-1 2.61756E-1 2.65319E-1 2.92141E-1 2.72496E-1 2.57324E-1 2.45654E-1 2.71465E-1 2.44157E-1 2.42674E-1 5.07989E-1 4.84E-1 4.85863E-1 3.04609E-1 2.94636E-1 2.50949E-1 2.56146E-1 4.17956E-1 4.02939E-1 3.78784E-1 4.91444E-1 4.45859E-1 2.99505E-1 2.80902E-1 2.88713E-1 2.45576E-1 2.80343E-1 3.00808E-1 2.53556E-1 2.56037E-1 3.32976E-1 3.67608E-1 3.0642E-1 2.988E-1 2.94147E-1 3.2026E-1 3.54385E-1 3.56314E-1 3.36988E-1 3.00155E-1 2.90127E-1 3.02155E-1 2.94414E-1 2.77307E-1 2.87548E-1 2.86606E-1 2.85949E-1 2.82751E-1 2.86693E-1 2.81667E-1 -9999 -9999 -9999 -9999 -9999 -9999 -9999 -9999 -9999
4.50868E-1 5.09433E-1 5.31877E-1 3.01771E-1 2.8488E-1 3.32798E-1 2.84584E-1 2.70055E-1 2.82468E-1 2.83781E-1 2.75971E-1 4.87634E-1 5.21558E-1 5.09325E-1 3.26193E-1 3.10352E-1 2.15744E-1 4.55744E-1 2.55424E-1 4.59283E-1 4.75007E-1 5.01494E-1 5.09721E-1 3.17091E-1 3.13876E-1 2.81063E-1 2.82027E-1 2.41036E-1 2.62553E-1 2.92701E-1 2.79617E-1 2.5927E-1 3.53872E-1 3.82782E-1 3.4394E-1 3.52182E-1 3.24394E-1 2.93026E-1 3.35718E-1 3.37307E-1 3.25498E-1 3.01504E-1 2.98789E-1 3.15891E-1 3.01794E-1 2.60268E-1 2.79149E-1 2.90555E-1 2.91795E-1 2.874E-1 2.93795E-1 2.84711E-1 2.87617E-1 -9999 -9999 -9999 -9999 -9999 -9999 -9999 -9999
5.37288E-1 5.3505E-1 5.44835E-1 4.62613E-1 5.45463E-1 5.57919E-1 3.8949E-1 5.08423E-1 3.25631E-1 2.57285E-1 2.69969E-1 4.98222E-1 4.12676E-1 4.42062E-1 3.13316E-1 2.11316E-1 1.92704E-1 4.63045E-1 2.9751E-1 3.58879E-1 4.89651E-1 5.01589E-1 2.71429E-1 2.68622E-1 2.59894E-1 2.591E-1 2.65381E-1 2.6909E-1 2.64606E-1 2.73781E-1 3.13857E-1 3.04521E-1 3.15679E-1 3.29336E-1 3.38849E-1 4.07686E-1 3.35547E-1 2.84183E-1 3.06127E-1 3.01537E-1 3.11844E-1 3.19558E-1 3.88261E-1 3.36501E-1 3.0823E-1 2.55342E-1 2.72581E-1 2.81058E-1 2.92085E-1 3.01085E-1 3.00987E-1 2.98034E-1 2.83969E-1 -9999 -9999 -9999 -9999 -9999 -9999 -9999 -9999
5.21385E-1 5.35607E-1 5.36933E-1 4.11563E-1 6.28746E-1 6.07152E-1 4.52913E-1 5.74102E-1 5.86969E-1 4.76625E-1 5.17988E-1 4.58882E-1 5.36444E-1 4.27107E-1 2.82687E-1 3.14806E-1 2.11437E-1 2.36861E-1 4.91898E-1 4.74479E-1 3.79767E-1 3.81449E-1 2.5338E-1 2.45732E-1 2.74132E-1 2.51385E-1 2.33265E-1 2.44495E-1 2.63371E-1 3.18187E-1 3.31624E-1 2.78781E-1 3.23589E-1 2.98209E-1 3.46518E-1 3.99254E-1 3.20352E-1 2.76977E-1 2.86459E-1 2.94024E-1 3.12507E-1 2.92638E-1 3.22868E-1 3.23426E-1 2.91068E-1 3.04521E-1 2.56261E-1 2.73438E-1 2.89966E-1 3.01428E-1 3.03159E-1 2.98909E-1 2.95358E-1 2.85655E-1 -9999 -9999 -9999 -9999 -9999 -9999 -9999
4.50797E-1 3.53383E-1 5.93505E-1 4.41997E-1 4.03333E-1 3.86007E-1 3.64518E-1 4.74892E-1 5.8248E-1 5.83928E-1 5.50321E-1 5.48492E-1 4.15898E-1 3.38634E-1 5.37197E-1 3.60021E-1 3.76698E-1 4.5532E-1 2.95927E-1 2.75386E-1 2.60673E-1 2.60247E-1 2.58735E-1 2.5971E-1 2.70374E-1 2.48989E-1 2.29588E-1 2.5896E-1 2.67474E-1 4.06216E-1 4.86849E-1 2.58261E-1 2.8072E-1 2.88998E-1 3.22924E-1 3.96044E-1 3.51319E-1 2.77868E-1 2.66969E-1 3.47154E-1 3.3624E-1 3.29684E-1 3.03029E-1 3.0871E-1 2.89821E-1 2.96668E-1 2.929E-1 2.63287E-1 2.84418E-1 2.91557E-1 3.36321E-1 2.99005E-1 2.97609E-1 2.98349E-1 -9999 -9999 -9999 -9999 -9999 -9999 -9999
3.80016E-1 5.01759E-1 3.74854E-1 3.29232E-1 3.17172E-1 3.35776E-1 3.44163E-1 4.21396E-1 3.43847E-1 4.38592E-1 4.5013E-1 4.65893E-1 5.49678E-1 5.2907E-1 5.18129E-1 3.63603E-1 3.29017E-1 2.84826E-1 2.68202E-1 2.63523E-1 2.46988E-1 3.02678E-1 2.75496E-1 2.55834E-1 2.56719E-1 2.63417E-1 2.60773E-1 2.70156E-1 2.8238E-1 4.83888E-1 5.07108E-1 3.20926E-1 2.92462E-1 2.68423E-1 2.80432E-1 4.2679E-1 3.59501E-1 3.62173E-1 2.69879E-1 3.21113E-1 2.87872E-1 3.14757E-1 2.94252E-1 3.08122E-1 3.15083E-1 3.63721E-1 3.26013E-1 2.71714E-1 2.64943E-1 2.85988E-1 4.5622E-1 3.01556E-1 3.01922E-1 2.98317E-1 2.91444E-1 -9999 -9999 -9999 -9999 -9999 -9999
3.80118E-1 5.38135E-1 3.47198E-1 3.36244E-1 3.55925E-1 3.60892E-1 3.39797E-1 3.16909E-1 3.12949E-1 3.21716E-1 2.7556E-1 4.72783E-1 4.20128E-1 5.37796E-1 3.2525E-1 3.07032E-1 3.29225E-1 2.90931E-1 3.05623E-1 2.81606E-1 2.99769E-1 2.94492E-1 2.92487E-1 3.63176E-1 3.04926E-1 2.94321E-1 2.82114E-1 3.09622E-1 3.41555E-1 3.1535E-1 3.88027E-1 4.97375E-1 2.99531E-1 2.84786E-1 3.19145E-1 3.49608E-1 2.82141E-1 3.25497E-1 2.97084E-1 3.46992E-1 2.91829E-1 3.08961E-1 3.28912E-1 2.90523E-1 2.90397E-1 3.67E-1 3.3726E-1 3.0505E-1 2.52434E-1 2.70373E-1 4.65266E-1 2.94704E-1 2.98307E-1 2.99935E-1 3.12708E-1 -9999 -9999 -9999 -9999 -9999 -9999
3.63674E-1 4.25451E-1 3.63172E-1 3.49345E-1 3.42558E-1 3.73256E-1 3.43879E-1 3.23332E-1 3.18522E-1 3.48579E-1 3.00073E-1 2.81642E-1 2.60848E-1 4.56088E-1 3.72793E-1 3.01075E-1 3.15724E-1 3.01706E-1 3.71099E-1 3.3047E-1 3.09024E-1 3.00856E-1 3.01051E-1 3.28141E-1 2.9725E-1 3.1426E-1 3.89547E-1 4.91316E-1 4.00028E-1 2.74146E-1 4.21115E-1 4.11254E-1 2.90309E-1 3.17424E-1 3.29524E-1 3.22269E-1 2.64356E-1 2.85457E-1 3.18582E-1 3.37966E-1 3.08663E-1 2.86676E-1 3.04355E-1 3.06037E-1 3.08149E-1 3.46413E-1 3.61194E-1 3.38836E-1 3.32976E-1 2.67321E-1 3.25046E-1 2.89678E-1 2.99845E-1 2.99487E-1 3.31388E-1 3.05119E-1 -9999 -9999 -9999 -9999 -9999
3.81609E-1 4.29548E-1 3.61188E-1 3.65979E-1 3.63306E-1 3.73381E-1 3.4085E-1 3.26334E-1 3.27862E-1 3.14818E-1 2.8293E-1 3.16034E-1 2.61837E-1 3.81441E-1 5.06321E-1 3.94734E-1 4.54578E-1 5.26489E-1 5.07558E-1 4.84168E-1 3.92393E-1 3.89546E-1 5.38692E-1 3.10843E-1 3.18916E-1 5.17557E-1 3.39932E-1 3.00712E-1 2.81198E-1 2.5935E-1 3.42957E-1 3.55169E-1 3.06331E-1 3.36241E-1 3.69546E-1 3.34869E-1 2.79792E-1 3.09391E-1 3.2591E-1 3.26158E-1 3.12066E-1 3.11442E-1 2.85527E-1 3.04658E-1 3.12113E-1 3.25911E-1 3.33222E-1 3.92364E-1 3.23146E-1 3.10082E-1 2.60164E-1 2.68584E-1 2.97143E-1 3.03314E-1 2.97818E-1 3.08371E-1 2.86212E-1 -9999 -9999 -9999 -9999
4.73151E-1 3.8339E-1 3.67406E-1 3.63595E-1 3.64868E-1 3.66997E-1 3.55035E-1 3.47643E-1 3.27759E-1 3.04311E-1 2.88721E-1 2.90369E-1 2.98973E-1 2.35423E-1 2.42757E-1 5.28828E-1 5.16436E-1 4.46213E-1 4.15021E-1 3.28688E-1 3.96225E-1 4.02407E-1 4.45884E-1 4.71664E-1 5.36965E-1 2.50274E-1 2.89013E-1 2.85161E-1 2.92503E-1 2.80196E-1 2.55129E-1 5.32372E-1 4.83801E-1 4.06238E-1 3.51514E-1 3.73677E-1 2.98269E-1 3.18158E-1 3.75656E-1 3.3014E-1 3.36296E-1 3.25654E-1 3.00639E-1 3.32243E-1 3.12817E-1 2.9935E-1 3.09843E-1 3.43017E-1 3.55E-1 3.30158E-1 2.43785E-1 2.611E-1 3.8674E-1 3.64379E-1 3.01625E-1 2.94801E-1 2.85919E-1 -9999 -9999 -9999 -9999
