Final_Models_July82022/M_0.1_F_lqp_Set_1/Bison_max.asc
ncols         290
nrows         380
xllcorner     -2197417.7431653
yllcorner     -584827.01486885
cellsize      10000.0
NODATA_value  -9999
[rows 297 to 323 of 380, columns 0 to 60 of 290]
-9999 -9999 -9999 -9999 -9999 -9999 -9999 -9999 -9999 -9999 -9999 -9999 -9999 -9999 -9999 -9999 -9999 -9999 -9999 -9999 -9999 -9999 -9999 -9999 -9999 -9999 -9999 -9999 -9999 -9999 -9999 -9999 2.58729E-2 1.93798E-2 1.8271E-2 1.27813E-2 1.88604E-2 2.20653E-2 1.47656E-1 1.73959E-1 1.45887E-1 1.93893E-1 2.18682E-1 1.56477E-1 4.80894E-2 3.29296E-2 5.64712E-2 2.78749E-2 2.10294E-2 4.46217E-2 1.68812E-2 1.16829E-2 6.07865E-2 9.54795E-2 2.85756E-1 2.67432E-1 1.34853E-1 8.37335E-2 1.19068E-1 2.78663E-1 1.26949E-1
-9999 -9999 -9999 -9999 -9999 -9999 -9999 -9999 -9999 -9999 -9999 -9999 -9999 -9999 -9999 -9999 -9999 -9999 -9999 -9999 -9999 -9999 -9999 -9999 -9999 -9999 -9999 -9999 -9999 -9999 -9999 -9999 1.85722E-2 1.86003E-2 1.36201E-2 1.27655E-2 1.57203E-2 3.52687E-2 1.25879E-1 1.80006E-1 1.79948E-1 1.89773E-1 2.1678E-1 8.29207E-2 8.04667E-2 9.9623E-2 5.38274E-2 2.35171E-2 2.16182E-2 2.37409E-2 1.19183E-2 7.08178E-2 8.35632E-2 1.04427E-1 2.1476E-1 1.38685E-1 9.25595E-2 9.85967E-2 1.27227E-1 2.12118E-1 7.92938E-2
-9999 -9999 -9999 -9999 -9999 -9999 -9999 -9999 -9999 -9999 -9999 -9999 -9999 -9999 -9999 -9999 -9999 -9999 -9999 -9999 -9999 -9999 -9999 -9999 -9999 -9999 -9999 -9999 -9999 -9999 -9999 -9999 1.21257E-2 1.48135E-2 1.22208E-2 1.24798E-2 1.98459E-2 2.83087E-2 1.25809E-1 1.73806E-1 1.81288E-1 1.77852E-1 1.84619E-1 1.01074E-1 5.12193E-2 5.52126E-2 2.28731E-2 6.59551E-3 1.5605E-2 1.65157E-2 6.09134E-3 9.34037E-2 1.28712E-1 1.04311E-1 1.16036E-1 8.88877E-2 9.03707E-2 9.47657E-2 1.21694E-1 1.69244E-1 8.22883E-2
-9999 -9999 -9999 -9999 -9999 -9999 -9999 -9999 -9999 -9999 -9999 -9999 -9999 -9999 -9999 -9999 -9999 -9999 -9999 -9999 -9999 -9999 -9999 -9999 -9999 -9999 -9999 -9999 -9999 -9999 -9999 1.69402E-2 1.22261E-2 1.03911E-2 2.21916E-2 1.52809E-2 2.38661E-2 1.59145E-1 1.68988E-1 1.80447E-1 1.76017E-1 1.86671E-1 9.38078E-2 5.0778E-2 3.81458E-2 3.05381E-2 2.88192E-2 1.90487E-2 2.19194E-2 3.22567E-3 6.89091E-3 8.08359E-2 1.43702E-1 8.59527E-2 9.96415E-2 7.59972E-2 9.53545E-2 9.63278E-2 1.08325E-1 9.23687E-2 6.78138E-2
-9999 -9999 -9999 -9999 -9999 -9999 -9999 -9999 -9999 -9999 -9999 -9999 -9999 -9999 -9999 -9999 -9999 -9999 -9999 -9999 -9999 -9999 -9999 -9999 -9999 -9999 -9999 -9999 -9999 -9999 -9999 1.49728E-2 1.07607E-2 8.46993E-3 1.71906E-2 1.15426E-2 2.64031E-2 1.41502E-1 1.45655E-1 1.50094E-1 1.63628E-1 1.38764E-1 7.1145E-2 4.66383E-2 3.68493E-2 2.89179E-2 2.7004E-2 1.75702E-2 1.54772E-2 5.99453E-4 2.56772E-2 7.36557E-2 9.70867E-2 8.07408E-2 7.25111E-2 5.14354E-2 8.49529E-2 8.92858E-2 1.21182E-1 1.03568E-1 7.48944E-2
-9999 -9999 -9999 -9999 -9999 -9999 -9999 -9999 -9999 -9999 -9999 -9999 -9999 -9999 -9999 -9999 -9999 -9999 -9999 -9999 -9999 -9999 -9999 -9999 -9999 -9999 -9999 -9999 -9999 -9999 2.06073E-2 1.80603E-2 1.10235E-2 9.02172E-3 1.10708E-2 9.34321E-3 1.05737E-1 1.44697E-1 1.42306E-1 1.66015E-1 5.39679E-2 1.33078E-1 4.70807E-2 3.15699E-2 4.38285E-2 2.8421E-2 2.46848E-2 2.03469E-2 6.61368E-3 2.10039E-3 3.86166E-2 5.73773E-2 7.32159E-2 6.17111E-2 2.79473E-1 1.06598E-1 8.31553E-2 1.39141E-1 1.01582E-1 1.57535E-1 6.68921E-2
-9999 -9999 -9999 -9999 -9999 -9999 -9999 -9999 -9999 -9999 -9999 -9999 -9999 -9999 -9999 -9999 -9999 -9999 -9999 -9999 -9999 -9999 -9999 -9999 -9999 -9999 -9999 -9999 -9999 -9999 1.35581E-2 1.1999E-2 8.56032E-3 9.21156E-3 1.32594E-2 1.19308E-2 9.56854E-2 1.51888E-1 1.41215E-1 9.47811E-2 7.42837E-2 1.29018E-1 4.62192E-2 4.13999E-2 2.41113E-2 3.14813E-2 1.69523E-2 1.37539E-2 5.71989E-4 2.11601E-2 5.66338E-2 6.54239E-2 6.76274E-2 8.33409E-2 3.65958E-1 1.29077E-1 7.90766E-2 1.00132E-1 1.12833E-1 7.68819E-2 0E0
-9999 -9999 -9999 -9999 -9999 -9999 -9999 -9999 -9999 -9999 -9999 -9999 -9999 -9999 -9999 -9999 -9999 -9999 -9999 -9999 -9999 -9999 -9999 -9999 -9999 -9999 -9999 -9999 -9999 1.84189E-2 1.58811E-2 1.0036E-2 1.14896E-2 1.25978E-2 1.20832E-2 1.05665E-2 1.14782E-1 1.41669E-1 1.27001E-1 2.63098E-2 1.64906E-2 2.60456E-2 5.40625E-2 2.78724E-2 2.26658E-2 2.49461E-2 2.18423E-2 7.70794E-3 1.71259E-3 6.33992E-2 7.65577E-2 7.66045E-2 7.31824E-2 3.21058E-1 1.97588E-1 9.72286E-2 8.63357E-2 9.11592E-2 1.14308E-1 7.51299E-2 6.26537E-2
-9999 -9999 -9999 -9999 -9999 -9999 -9999 -9999 -9999 -9999 -9999 -9999 -9999 -9999 -9999 -9999 -9999 -9999 -9999 -9999 -9999 -9999 -9999 -9999 -9999 -9999 -9999 -9999 -9999 1.43042E-2 1.11071E-2 1.19094E-2 1.13599E-2 9.18109E-3 1.04492E-2 3.72344E-2 1.29757E-1 8.12501E-2 8.73483E-2 5.88603E-2 3.09074E-2 3.27965E-2 2.57248E-2 3.40957E-2 2.33363E-2 2.18369E-2 1.7394E-2 6.499E-3 3.27452E-3 7.8765E-2 9.18924E-2 8.03644E-2 1.30188E-1 2.84487E-1 8.7509E-2 1.0243E-1 1.58637E-1 1.05061E-1 1.16441E-1 1.0571E-1 6.20899E-2
-9999 -9999 -9999 -9999 -9999 -9999 -9999 -9999 -9999 -9999 -9999 -9999 -9999 -9999 -9999 -9999 -9999 -9999 -9999 -9999 -9999 -9999 -9999 -9999 -9999 -9999 -9999 -9999 -9999 9.17007E-3 1.25763E-2 1.15971E-2 9.67288E-3 7.595E-3 1.05087E-2 2.57297E-2 6.28724E-2 2.71198E-2 7.22998E-2 7.7254E-2 3.2332E-2 2.22497E-2 1.93735E-2 1.93623E-2 1.79395E-2 1.9198E-2 1.87092E-2 1.1165E-3 2.42923E-3 8.96075E-2 9.50559E-2 9.49453E-2 1.44123E-1 2.19377E-1 1.10143E-1 9.91978E-2 1.14226E-1 1.17475E-1 1.77104E-1 1.17603E-1 1.0328E-1
-9999 -9999 -9999 -9999 -9999 -9999 -9999 -9999 -9999 -9999 -9999 -9999 -9999 -9999 -9999 -9999 -9999 -9999 -9999 -9999 -9999 -9999 -9999 -9999 -9999 -9999 -9999 -9999 1.53728E-2 1.14146E-2 9.74399E-3 1.02733E-2 8.57955E-3 8.17843E-3 9.10958E-3 1.46972E-2 2.22355E-2 1.13831E-1 1.29653E-1 6.39435E-2 2.11052E-2 1.48931E-2 1.61904E-2 2.04095E-2 1.79409E-2 8.55057E-3 1.80895E-2 4.01448E-4 5.90142E-3 6.98688E-2 1.30838E-1 9.68343E-2 1.48362E-1 2.91937E-1 3.01607E-1 4.51072E-1 1.19825E-1 1.16377E-1 1.44055E-1 1.28491E-1 1.09946E-1
-9999 -9999 -9999 -9999 -9999 -9999 -9999 -9999 -9999 -9999 -9999 -9999 -9999 -9999 -9999 -9999 -9999 -9999 -9999 -9999 -9999 -9999 -9999 -9999 -9999 -9999 -9999 -9999 8.09034E-3 1.18398E-2 8.60542E-3 8.88923E-3 7.26194E-3 7.98374E-3 1.11258E-2 1.46627E-2 2.12381E-2 7.05626E-2 2.71791E-2 3.99845E-2 2.20592E-2 1.43174E-2 1.59132E-2 1.69367E-2 2.07576E-2 1.06629E-2 1.04646E-2 3.83382E-4 1.33165E-2 1.22001E-2 1.08147E-1 2.12821E-1 1.37413E-1 1.73851E-1 3.87592E-1 1.42441E-1 2.01673E-1 1.34875E-1 1.45929E-1 1.3029E-1 3.09217E-1
-9999 -9999 -9999 -9999 -9999 -9999 -9999 -9999 -9999 -9999 -9999 -9999 -9999 -9999 -9999 -9999 -9999 -9999 -9999 -9999 -9999 -9999 -9999 -9999 -9999 -9999 -9999 1.7361E-2 9.57227E-3 1.47603E-2 9.94427E-3 7.82833E-3 2.27805E-2 9.00111E-3 1.3983E-2 1.03174E-2 2.32719E-2 5.43417E-2 2.37053E-2 2.01103E-2 1.37408E-2 2.22507E-2 1.31532E-2 1.92296E-2 2.408E-2 3.31196E-2 1.73252E-3 1.80951E-3 7.50674E-4 4.27984E-2 1.20264E-1 1.06345E-1 1.2733E-1 1.4164E-1 9.75291E-2 1.02177E-1 1.10748E-1 1.36655E-1 1.49998E-1 1.68685E-1 2.70937E-1
-9999 -9999 -9999 -9999 -9999 -9999 -9999 -9999 -9999 -9999 -9999 -9999 -9999 -9999 -9999 -9999 -9999 -9999 -9999 -9999 -9999 -9999 -9999 -9999 -9999 -9999 0E0 1.27931E-2 7.05721E-3 1.65238E-2 1.06615E-2 8.86246E-3 1.28403E-2 1.01615E-2 4.1678E-2 3.20443E-2 2.10921E-2 1.72029E-2 2.49098E-2 1.82508E-2 1.91549E-2 2.03583E-2 1.57972E-2 3.62263E-2 1.57573E-2 8.45065E-4 5.19412E-3 2.41802E-2 3.06061E-2 4.07591E-2 1.26058E-1 1.25873E-1 1.40305E-1 2.36312E-1 1.04556E-1 1.0215E-1 1.0384E-1 1.13075E-1 1.3356E-1 1.43536E-1 1.56382E-1
-9999 -9999 -9999 -9999 -9999 -9999 -9999 -9999 -9999 -9999 -9999 -9999 -9999 -9999 -9999 -9999 -9999 -9999 -9999 -9999 -9999 -9999 -9999 -9999 -9999 8.13288E-3 6.47331E-3 1.23932E-2 1.31213E-2 1.01286E-2 1.02328E-2 8.90384E-3 8.70301E-3 2.36565E-2 4.89961E-2 1.98711E-2 1.88649E-2 1.74843E-2 2.26213E-2 1.54386E-2 3.04636E-2 1.89235E-2 2.43341E-2 4.65061E-2 4.09715E-3 1.91199E-3 5.66341E-2 6.24137E-2 9.97956E-2 1.36461E-1 1.01079E-1 1.17115E-1 1.06169E-1 1.01515E-1 1.3596E-1 1.22577E-1 1.15249E-1 1.61001E-1 1.58568E-1 1.59339E-1 2.25885E-1
-9999 -9999 -9999 -9999 -9999 -9999 -9999 -9999 -9999 -9999 -9999 -9999 -9999 -9999 -9999 -9999 -9999 -9999 -9999 -9999 -9999 -9999 -9999 -9999 -9999 0E0 1.1409E-2 5.72044E-3 8.72295E-3 1.02533E-2 1.1195E-2 1.04779E-2 3.15047E-2 6.57524E-2 8.2143E-2 4.2129E-2 1.85379E-2 2.94421E-2 1.81055E-2 1.72736E-2 3.19185E-2 2.10878E-2 2.32871E-2 1.81337E-2 6.13322E-4 2.78673E-3 1.06685E-1 1.53968E-1 1.41615E-1 1.34097E-1 6.45213E-2 1.45805E-1 1.33709E-1 1.20042E-1 1.24901E-1 1.17624E-1 1.32884E-1 1.5616E-1 1.58731E-1 1.711E-1 1.47487E-1
-9999 -9999 -9999 -9999 -9999 -9999 -9999 -9999 -9999 -9999 -9999 -9999 -9999 -9999 -9999 -9999 -9999 -9999 -9999 -9999 -9999 -9999 -9999 -9999 0E0 1.03462E-2 0E0 1.09259E-2 9.44161E-3 1.30126E-2 1.6652E-2 1.55055E-2 6.40018E-2 7.0061E-2 7.10238E-2 5.2075E-2 1.534E-2 1.49908E-2 1.83516E-2 1.3729E-2 1.74324E-2 2.2023E-2 3.03053E-2 2.70146E-4 1.46715E-2 5.84187E-2 8.12538E-2 1.55723E-1 1.51311E-1 1.37326E-1 7.36778E-2 1.31411E-1 1.70552E-1 1.75418E-1 1.50677E-1 1.55335E-1 1.5724E-1 1.76791E-1 1.77943E-1 1.62551E-1 1.61027E-1
-9999 -9999 -9999 -9999 -9999 -9999 -9999 -9999 -9999 -9999 -9999 -9999 -9999 -9999 -9999 -9999 -9999 -9999 -9999 -9999 -9999 -9999 -9999 -9999 4.43466E-2 7.98232E-3 2.01403E-2 6.85788E-3 7.97119E-3 1.15071E-2 1.30258E-2 4.07783E-2 7.36048E-2 6.50362E-2 1.4815E-1 6.11829E-2 1.61388E-2 1.39453E-2 1.21029E-2 1.72246E-2 2.15643E-2 1.77998E-2 7.63735E-3 6.70829E-4 5.04003E-2 4.56904E-2 9.28122E-2 1.57773E-1 1.68819E-1 1.26008E-1 1.29658E-1 1.83995E-1 2.00498E-1 1.92412E-1 1.8041E-1 2.26499E-1 1.81542E-1 1.84607E-1 1.90886E-1 1.67294E-1 2.10684E-1
-9999 -9999 -9999 -9999 -9999 -9999 -9999 -9999 -9999 -9999 -9999 -9999 -9999 -9999 -9999 -9999 -9999 -9999 -9999 -9999 -9999 -9999 -9999 0E0 3.08735E-2 1.2381E-2 1.64219E-2 6.45632E-3 8.66314E-3 1.89072E-2 1.7366E-2 3.14195E-2 7.71209E-2 9.98464E-2 4.17778E-2 1.53102E-2 1.56274E-2 2.15842E-2 1.7412E-2 1.4729E-2 2.29693E-2 2.91233E-2 9.67709E-3 8.28973E-4 3.15964E-2 1.23603E-1 1.44941E-1 1.56534E-1 1.51043E-1 1.53848E-1 1.71175E-1 1.79977E-1 1.7737E-1 1.80163E-1 1.83562E-1 1.88744E-1 1.70517E-1 2.1611E-1 2.50932E-1 1.75238E-1 2.7188E-1
-9999 -9999 -9999 -9999 -9999 -9999 -9999 -9999 -9999 -9999 -9999 -9999 -9999 -9999 -9999 -9999 -9999 -9999 -9999 -9999 -9999 -9999 -9999 1.39616E-2 1.43584E-2 7.89176E-3 1.24096E-2 1.47848E-2 2.1461E-2 1.12248E-2 8.63669E-3 9.16906E-3 3.58858E-2 3.16702E-2 1.73591E-2 1.60858E-2 2.25111E-2 1.45695E-2 2.95573E-2 1.8116E-2 1.80488E-2 2.01582E-2 1.58305E-2 4.6116E-3 2.84606E-3 1.38964E-1 9.49045E-2 8.89194E-2 1.14598E-1 1.69465E-1 1.73135E-1 1.56032E-1 1.5728E-1 1.60238E-1 1.71183E-1 1.80148E-1 1.83152E-1 1.81609E-1 2.00394E-1 1.57973E-1 1.63159E-1
-9999 -9999 -9999 -9999 -9999 -9999 -9999 -9999 -9999 -9999 -9999 -9999 -9999 -9999 -9999 -9999 -9999 -9999 -9999 -9999 -9999 -9999 -9999 1.14285E-2 9.02736E-3 1.41998E-2 8.90314E-3 1.3476E-2 1.03817E-2 1.1803E-2 9.72625E-3 1.78863E-2 4.97254E-2 4.18061E-2 2.40119E-2 1.1407E-2 1.12167E-2 1.08896E-2 1.48542E-2 1.19279E-2 1.15567E-2 3.19952E-3 1.43296E-2 5.66491E-3 5.132E-2 1.08986E-1 1.21604E-1 1.28294E-1 9.82891E-2 1.67017E-1 1.65171E-1 2.19821E-1 1.57436E-1 1.56865E-1 1.51506E-1 1.57659E-1 1.78397E-1 1.79442E-1 1.56258E-1 1.91874E-1 1.7133E-1
-9999 -9999 -9999 -9999 -9999 -9999 -9999 -9999 -9999 -9999 -9999 -9999 -9999 -9999 -9999 -9999 -9999 -9999 -9999 -9999 -9999 -9999 -9999 0E0 8.60604E-3 1.19908E-2 9.42019E-3 3.75988E-3 6.61969E-3 9.5231E-3 9.56179E-3 1.20184E-2 1.27627E-2 1.34511E-2 1.93506E-2 1.61074E-2 1.31857E-2 1.31581E-2 1.66499E-2 1.03431E-2 2.5815E-2 8.6476E-3 7.16927E-3 7.02156E-2 1.82598E-1 1.55456E-1 1.16596E-1 1.13709E-1 1.1509E-1 1.73524E-1 1.61744E-1 3.45839E-1 3.75364E-1 1.84541E-1 1.91421E-1 3.50851E-1 1.64794E-1 1.57453E-1 1.67396E-1 1.70706E-1 2.18228E-1
-9999 -9999 -9999 -9999 -9999 -9999 -9999 -9999 -9999 -9999 -9999 -9999 -9999 -9999 -9999 -9999 -9999 -9999 -9999 -9999 -9999 -9999 -9999 1.03376E-2 1.0445E-2 3.46685E-3 5.78008E-3 1.06974E-2 3.1899E-3 6.12322E-3 1.05061E-2 1.93826E-2 2.4853E-2 1.7698E-2 1.31438E-2 1.65605E-2 1.90474E-2 3.18157E-2 2.43601E-2 2.80893E-2 1.73707E-2 2.69682E-3 2.6072E-2 9.70532E-2 1.73979E-1 1.57716E-1 9.33906E-2 1.12046E-1 1.48835E-1 1.63749E-1 1.79443E-1 3.8921E-1 4.79394E-1 3.40403E-1 2.59493E-1 2.37283E-1 1.4247E-1 1.60794E-1 1.8221E-1 1.77614E-1 2.11073E-1
-9999 -9999 -9999 -9999 -9999 -9999 -9999 -9999 -9999 -9999 -9999 -9999 -9999 -9999 -9999 -9999 -9999 -9999 -9999 -9999 -9999 -9999 0E0 1.80859E-2 1.21698E-2 5.02768E-3 1.88473E-2 1.47531E-2 8.91938E-3 4.95155E-3 9.84476E-3 1.94548E-2 2.22167E-2 1.53334E-2 2.74162E-2 1.92566E-2 2.48924E-2 2.10616E-2 2.44467E-2 2.02848E-2 4.85465E-3 2.51297E-3 4.39107E-2 8.40519E-2 1.9952E-1 2.16775E-1 1.6405E-1 9.4296E-2 1.54973E-1 1.64357E-1 4.09731E-1 5.25393E-1 3.39223E-1 3.04906E-1 2.3318E-1 3.2609E-1 1.35515E-1 1.73516E-1 1.62344E-1 1.93857E-1 2.88674E-1
-9999 -9999 -9999 -9999 -9999 -9999 -9999 -9999 -9999 -9999 -9999 -9999 -9999 -9999 -9999 -9999 -9999 -9999 -9999 -9999 -9999 -9999 8.60223E-3 1.33197E-2 3.66882E-2 9.42402E-3 1.02936E-2 1.20936E-2 7.55154E-3 8.9435E-3 1.70963E-2 1.19855E-2 1.71732E-2 2.0102E-2 2.04239E-2 2.35895E-2 2.51349E-2 2.90141E-2 3.04812E-2 3.40121E-2 4.40702E-3 5.68165E-3 2.52483E-2 1.11123E-1 4.40541E-1 1.97235E-1 2.08286E-1 4.62333E-2 2.47898E-2 1.55012E-1 1.59671E-1 3.18529E-1 2.69058E-1 1.5813E-1 1.59568E-1 1.4647E-1 1.50677E-1 1.58663E-1 1.55547E-1 2.08981E-1 1.88092E-1
-9999 -9999 -9999 -9999 -9999 -9999 -9999 -9999 -9999 -9999 -9999 -9999 -9999 -9999 -9999 -9999 -9999 -9999 -9999 -9999 -9999 -9999 1.37689E-2 1.14952E-2 1.28301E-2 2.22683E-2 1.46148E-2 6.76541E-3 1.09632E-2 1.43046E-2 4.0666E-2 1.8724E-2 2.18036E-2 2.35079E-2 3.79062E-2 3.91761E-2 2.81122E-2 4.31156E-2 2.91742E-2 3.188E-2 3.61432E-3 1.11968E-1 1.07852E-1 1.36736E-1 2.00655E-1 1.34155E-1 1.51357E-1 1.60652E-1 1.36877E-1 1.77182E-1 1.64281E-1 1.9315E-1 1.3647E-1 1.22837E-1 1.44249E-1 1.53402E-1 1.54154E-1 1.44694E-1 1.40954E-1 1.52333E-1 1.68982E-1
-9999 -9999 -9999 -9999 -9999 -9999 -9999 -9999 -9999 -9999 -9999 -9999 -9999 -9999 -9999 -9999 -9999 -9999 -9999 -9999 -9999 -9999 1.06912E-2 6.8943E-3 8.40142E-3 3.37775E-2 3.98907E-2 8.20333E-3 1.1437E-2 1.27926E-2 3.42316E-2 1.17369E-2 3.2181E-2 7.08167E-2 1.09491E-1 1.07407E-1 4.42905E-2 3.43556E-2 3.96171E-2 2.00386E-2 3.6189E-3 3.94526E-1 3.02525E-1 1.19139E-1 1.14911E-1 1.27933E-1 1.58487E-1 1.89741E-1 1.54411E-1 2.46908E-1 1.65252E-1 1.97419E-1 1.57299E-1 1.10557E-1 1.39008E-1 1.4565E-1 1.39935E-1 1.22176E-1 1.36957E-1 1.58911E-1 1.63449E-1
