Final_Models_July82022/M_0.1_F_lqp_Set_1/Bison_2.asc
ncols         290
nrows         380
xllcorner     -2197417.7431653
yllcorner     -584827.01486885
cellsize      10000.0
NODATA_value  -9999
[rows 54 to 80 of 380, columns 61 to 121 of 290]
4.19681E-2 3.09484E-2 4.49803E-2 3.22049E-2 6.59766E-2 6.81861E-2 1.13631E-1 4.37846E-2 4.98648E-2 4.43989E-2 2.83505E-2 1.90558E-2 2.60385E-2 2.03026E-2 1.75306E-2 2.90942E-2 2.30796E-2 2.31255E-2 2.17719E-2 2.25451E-2 2.33086E-2 2.30104E-2 2.04472E-2 1.97942E-2 2.04128E-2 2.51232E-2 2.62952E-2 1.73114E-2 1.91194E-2 2.71749E-2 5.7079E-2 4.71974E-2 4.12569E-2 3.75117E-2 3.00251E-2 5.14504E-2 3.18524E-2 4.09885E-2 5.1772E-2 5.97546E-2 4.97685E-2 5.53135E-2 4.66791E-2 5.4081E-2 4.83955E-2 2.83274E-2 3.34119E-2 4.90299E-2 4.65041E-2 4.84609E-2 5.92626E-2 4.60532E-2 1.54459E-2 1.75717E-2 4.60449E-2 6.74138E-2 7.92644E-2 7.44407E-2 6.13349E-2 6.72407E-2 2.06658E-2
3.66903E-2 2.49461E-2 4.2114E-2 3.09718E-2 3.15832E-2 3.47067E-2 4.47827E-2 6.25918E-2 5.72836E-2 5.48935E-2 4.90971E-2 3.30593E-2 3.57247E-2 1.95567E-2 2.30806E-2 2.00132E-2 3.19657E-2 2.17289E-2 2.39824E-2 2.44646E-2 2.27583E-2 2.2221E-2 2.06568E-2 2.85225E-2 2.55898E-2 2.13893E-2 2.20533E-2 2.85354E-2 2.10037E-2 1.60823E-2 3.60695E-2 4.12032E-2 2.77772E-2 3.77081E-2 4.69596E-2 3.70227E-2 4.85459E-2 5.4477E-2 5.02161E-2 5.30604E-2 3.5762E-2 5.67886E-2 4.60054E-2 4.94943E-2 4.87868E-2 3.36739E-2 2.71062E-2 2.42572E-2 4.06839E-2 5.40062E-2 6.12008E-2 7.38378E-2 2.93194E-2 3.77526E-2 5.54636E-2 8.25429E-2 7.08971E-2 7.63771E-2 7.97563E-2 5.42422E-2 3.31707E-2
3.46109E-2 2.63111E-2 4.48105E-2 2.94689E-2 2.5137E-2 2.25184E-2 3.21438E-2 5.55126E-2 4.85042E-2 4.84145E-2 4.60826E-2 4.42454E-2 1.75448E-2 1.69719E-2 1.72682E-2 1.95316E-2 5.25814E-2 2.22835E-2 1.98653E-2 2.27559E-2 2.22915E-2 2.12218E-2 4.44584E-2 4.15698E-2 3.51182E-2 1.69098E-2 2.94659E-2 4.13534E-2 4.74416E-2 3.53471E-2 2.32958E-2 5.13938E-2 4.05834E-2 4.38974E-2 4.5824E-2 3.75795E-2 4.24333E-2 5.21238E-2 6.06615E-2 6.5628E-2 5.6445E-2 5.62766E-2 5.3903E-2 4.51698E-2 5.04861E-2 4.11501E-2 1.70572E-2 1.96084E-2 5.69904E-2 5.38467E-2 4.01274E-2 7.31352E-2 6.12403E-2 5.72448E-2 4.53107E-2 7.69202E-2 7.34827E-2 7.53867E-2 7.4128E-2 6.92402E-2 2.21244E-2
3.23548E-2 2.77617E-2 2.78377E-2 3.37389E-2 2.37103E-2 2.29786E-2 4.49427E-2 4.11487E-2 3.92647E-2 4.27736E-2 3.00777E-2 3.0133E-2 3.80261E-2 2.22809E-2 2.04741E-2 4.54161E-2 4.24209E-2 3.8197E-2 2.44755E-2 2.4036E-2 2.24428E-2 1.96079E-2 2.40627E-2 3.38281E-2 4.26453E-2 1.89225E-2 2.15022E-2 2.13208E-2 3.86241E-2 4.81004E-2 4.6616E-2 4.06435E-2 4.22317E-2 3.68819E-2 4.83329E-2 4.56057E-2 5.35604E-2 5.34305E-2 5.88377E-2 5.50065E-2 4.78165E-2 4.4195E-2 6.04593E-2 4.22064E-2 4.3018E-2 3.28871E-2 3.56986E-2 5.0225E-2 6.04909E-2 4.31111E-2 3.28818E-2 6.59399E-2 4.7014E-2 5.53111E-2 5.12956E-2 7.69431E-2 6.27963E-2 4.91991E-2 5.16924E-2 7.00609E-2 4.34899E-2
3.11869E-2 2.50509E-2 3.78555E-2 3.53671E-2 3.94697E-2 1.87171E-2 1.93059E-2 2.91139E-2 4.94628E-2 4.45757E-2 2.21771E-2 2.39575E-2 2.60065E-2 1.77717E-2 2.09542E-2 3.19092E-2 6.97023E-2 3.72738E-2 2.50285E-2 2.97441E-2 2.15558E-2 1.91677E-2 2.07628E-2 2.38613E-2 6.38929E-2 5.35294E-2 5.34382E-2 2.908E-2 3.35211E-2 4.38674E-2 4.35019E-2 4.17074E-2 4.60098E-2 3.69303E-2 4.19191E-2 5.17189E-2 4.39858E-2 5.09912E-2 4.90579E-2 5.6214E-2 5.639E-2 5.66652E-2 5.51067E-2 5.25796E-2 1.95686E-2 5.45274E-2 9.09291E-2 5.97288E-2 3.93559E-2 4.77307E-2 5.77341E-2 7.88325E-2 5.80496E-2 6.20829E-2 4.19717E-2 6.05697E-2 6.14846E-2 5.93227E-2 6.75918E-2 7.78346E-2 3.96082E-2
2.46407E-2 3.78716E-2 5.41967E-2 3.67422E-2 2.96392E-2 3.69741E-2 2.37332E-2 2.5978E-2 2.5324E-2 3.23502E-2 2.03081E-2 2.19479E-2 2.18921E-2 1.39448E-2 2.109E-2 5.15722E-2 4.35462E-2 4.0246E-2 3.67602E-2 3.46589E-2 2.5219E-2 1.77029E-2 2.35799E-2 6.33375E-2 5.00767E-2 4.72946E-2 4.45023E-2 5.97772E-2 4.10108E-2 5.35521E-2 5.65935E-2 4.09591E-2 4.70077E-2 6.78678E-2 6.91979E-2 3.54967E-2 4.22155E-2 3.83174E-2 5.24726E-2 6.18245E-2 4.81972E-2 5.86625E-2 6.30669E-2 5.22209E-2 3.4506E-2 9.8526E-2 9.02705E-2 5.6184E-2 2.53832E-2 3.40449E-2 6.57188E-2 6.53751E-2 6.80385E-2 4.83067E-2 4.83036E-2 4.75466E-2 5.86041E-2 6.53964E-2 7.13709E-2 5.06888E-2 3.34964E-2
5.23463E-2 3.81623E-2 8.31349E-2 2.13046E-2 3.14168E-2 1.78994E-2 4.9211E-2 5.35838E-2 4.16638E-2 3.80247E-2 2.78413E-2 2.13581E-2 1.34105E-2 1.30014E-2 2.43105E-2 4.78913E-2 6.72692E-2 4.76203E-2 4.65264E-2 3.35389E-2 2.46532E-2 2.44963E-2 4.85933E-2 7.42357E-2 5.9063E-2 4.86905E-2 4.30346E-2 4.39776E-2 6.86072E-2 5.85339E-2 6.32615E-2 5.40429E-2 3.70701E-2 5.12069E-2 5.54928E-2 5.65134E-2 9.59362E-2 9.37754E-2 7.28476E-2 6.81573E-2 6.06284E-2 7.86742E-2 8.13111E-2 7.40905E-2 7.87554E-2 7.66187E-2 6.51456E-2 5.02825E-2 2.03937E-2 2.8264E-2 3.36214E-2 5.07081E-2 7.24957E-2 4.86344E-2 3.07902E-2 4.05914E-2 6.3306E-2 7.44972E-2 7.65341E-2 6.40042E-2 3.3404E-2
3.12004E-2 6.45219E-2 1.03023E-1 5.89316E-2 4.69578E-2 1.60419E-2 2.30622E-2 2.6751E-2 3.74347E-2 4.88142E-2 4.11483E-2 4.75786E-2 2.41148E-2 1.30389E-2 2.24924E-2 2.54009E-2 3.90491E-2 3.59387E-2 7.7633E-2 5.9886E-2 5.33125E-2 7.05203E-2 5.18462E-2 4.64983E-2 7.27567E-2 4.57302E-2 4.30673E-2 3.36857E-2 5.42351E-2 5.646E-2 5.47701E-2 6.10435E-2 4.30288E-2 4.58714E-2 5.01051E-2 6.99093E-2 7.52113E-2 7.18473E-2 8.31964E-2 8.80818E-2 8.86557E-2 8.84237E-2 8.0894E-2 8.59564E-2 8.94075E-2 9.70094E-2 8.74387E-2 7.5885E-2 1.91347E-2 3.02249E-2 4.61847E-2 5.25575E-2 7.34092E-2 4.93884E-2 7.5133E-2 3.77689E-2 6.93974E-2 6.4921E-2 6.6043E-2 4.2496E-2 2.67887E-2
3.23382E-2 4.36939E-2 5.42522E-2 1.97378E-2 4.63752E-2 1.40736E-2 3.855E-2 2.09071E-2 3.44259E-2 4.53976E-2 3.88063E-2 3.14567E-2 3.27661E-2 1.62153E-2 1.62581E-2 1.59219E-2 2.29024E-2 2.64445E-2 6.60643E-2 3.65175E-2 9.89354E-2 6.97319E-2 8.37893E-2 5.59136E-2 5.94221E-2 4.88361E-2 4.40437E-2 4.33002E-2 4.0365E-2 4.34517E-2 3.8675E-2 5.80331E-2 6.40651E-2 7.30069E-2 5.94466E-2 5.56796E-2 6.06354E-2 7.29221E-2 9.13738E-2 7.70835E-2 9.71922E-2 1.08022E-1 7.46442E-2 7.86018E-2 5.04651E-2 4.85358E-2 8.4833E-2 7.11031E-2 4.23021E-2 2.813E-2 4.25516E-2 4.94293E-2 5.73921E-2 7.09345E-2 8.37732E-2 7.68404E-2 6.8605E-2 8.06166E-2 6.93128E-2 2.35747E-2 2.02975E-2
5.7706E-2 3.66993E-2 8.42986E-2 4.23192E-2 2.22607E-2 3.99449E-2 2.12534E-2 2.58772E-2 3.60081E-2 2.91398E-2 3.81179E-2 2.46256E-2 2.21422E-2 2.72739E-2 1.71966E-2 1.55998E-2 1.72126E-2 2.44443E-2 5.2406E-2 3.72833E-2 3.48393E-2 3.35742E-2 4.84661E-2 3.81479E-2 3.85565E-2 6.6648E-2 4.61823E-2 2.42187E-2 2.17839E-2 4.64259E-2 5.86182E-2 5.72402E-2 6.30362E-2 6.19505E-2 7.25589E-2 6.55332E-2 6.10509E-2 5.59055E-2 7.56326E-2 8.44311E-2 1.05527E-1 9.57304E-2 9.44878E-2 1.05263E-1 7.06066E-2 4.60163E-2 5.28319E-2 6.95328E-2 8.42628E-2 7.01816E-2 5.86445E-2 5.69363E-2 4.80623E-2 7.7884E-2 8.43857E-2 9.03892E-2 9.46145E-2 1.04816E-1 6.47035E-2 4.3073E-2 2.48209E-2
4.38349E-2 2.52773E-2 2.86524E-2 7.50646E-2 1.81509E-2 7.51286E-3 2.00572E-2 4.93705E-2 2.70771E-2 5.10206E-2 6.64811E-2 3.00404E-2 3.80751E-2 2.17053E-2 4.58041E-2 2.40143E-2 3.27001E-2 6.34685E-2 5.07798E-2 2.95141E-2 2.60691E-2 3.35934E-2 4.01105E-2 3.66776E-2 4.36722E-2 4.10642E-2 4.02905E-2 1.47632E-2 2.47142E-2 4.07887E-2 5.98804E-2 4.44447E-2 5.8934E-2 6.02397E-2 7.17716E-2 9.07799E-2 4.72612E-2 5.83406E-2 7.65782E-2 9.98387E-2 8.14538E-2 8.49491E-2 8.81347E-2 6.30465E-2 6.28578E-2 2.91934E-2 6.99768E-2 7.84657E-2 8.53051E-2 8.35796E-2 6.41701E-2 4.9888E-2 4.19144E-2 4.07798E-2 6.24826E-2 9.15066E-2 1.36597E-1 4.7916E-2 2.6166E-2 2.05022E-2 2.06625E-2
3.48834E-2 2.75113E-2 3.59608E-2 8.13235E-2 2.47557E-2 3.72017E-2 1.82439E-2 3.16657E-2 1.63701E-2 2.14351E-2 8.14055E-3 1.8925E-2 3.35793E-2 2.46775E-2 3.0379E-2 3.79482E-2 4.1852E-2 5.60087E-2 3.8397E-2 4.7414E-2 2.906E-2 2.32625E-2 4.11112E-2 3.28107E-2 4.12809E-2 5.07095E-2 4.16277E-2 2.45064E-2 2.41659E-2 4.33105E-2 4.26473E-2 5.91738E-2 5.03327E-2 2.02808E-1 8.10374E-2 1.14913E-1 1.22383E-1 8.51488E-2 5.44322E-2 5.45843E-2 3.59825E-2 7.74485E-2 6.63186E-2 5.39801E-2 5.17789E-2 6.72071E-2 6.82822E-2 8.87882E-2 9.4881E-2 8.13178E-2 7.91197E-2 1.29776E-1 6.65418E-2 7.71134E-2 5.63084E-2 8.82117E-2 7.82922E-2 2.67205E-2 2.4384E-2 2.23554E-2 2.24022E-2
2.22536E-2 4.45672E-2 7.92507E-2 5.24078E-2 1.77684E-2 4.595E-2 3.20435E-2 2.17144E-2 4.74012E-2 3.53969E-2 1.60614E-2 3.96584E-2 5.13617E-2 2.96437E-2 2.733E-2 3.97661E-2 2.55026E-2 3.53901E-2 3.00702E-2 2.41108E-2 2.90405E-2 2.80383E-2 3.49467E-2 5.29723E-2 3.9666E-2 5.1318E-2 3.77571E-2 4.38797E-2 3.17445E-2 4.48253E-2 4.72573E-2 1.49039E-1 3.95114E-2 6.28294E-2 5.95708E-2 8.69103E-2 7.08461E-2 7.78922E-2 9.2141E-2 5.02484E-2 2.41323E-2 4.91599E-2 5.09142E-2 4.95318E-2 6.76217E-2 5.86646E-2 7.31873E-2 8.97319E-2 9.99374E-2 8.43854E-2 9.75429E-2 7.08897E-2 6.9033E-2 6.68312E-2 5.49506E-2 3.75516E-2 9.24452E-2 1.00243E-1 7.64239E-2 6.45255E-2 3.75145E-2
3.29782E-2 3.56804E-2 3.64789E-2 1.04593E-1 6.30117E-2 2.84373E-2 1.3568E-2 4.92099E-2 3.16265E-2 3.51539E-2 2.89853E-2 2.84233E-2 3.63139E-2 3.84305E-2 6.38314E-2 4.56545E-2 2.21665E-2 1.34499E-2 2.68643E-2 2.32326E-2 2.04426E-2 3.19648E-2 4.79148E-2 3.44463E-2 4.3827E-2 4.85661E-2 2.38284E-2 2.33002E-2 3.29927E-2 4.68739E-2 4.5772E-2 3.9951E-2 5.72613E-2 8.91942E-2 7.96892E-2 7.13557E-2 7.71748E-2 8.70311E-2 1.05233E-1 6.54444E-2 5.37096E-2 3.21337E-2 8.38088E-2 8.4366E-2 1.14576E-1 7.55467E-2 4.23606E-2 3.30205E-2 3.90958E-2 7.5445E-2 4.95795E-2 7.02842E-2 5.46505E-2 3.57272E-2 3.97736E-2 3.73246E-2 3.592E-2 4.07494E-2 4.96398E-2 4.52221E-2 6.07381E-2
4.14298E-2 2.76552E-2 5.02063E-2 1.0334E-1 5.47182E-2 6.68908E-2 8.50409E-3 5.68142E-2 2.54229E-2 1.68584E-2 5.18287E-2 1.92612E-2 3.70388E-2 4.16612E-2 5.56922E-2 6.214E-2 3.67716E-2 3.2009E-2 2.05104E-2 1.73599E-2 2.84412E-2 3.12409E-2 4.20419E-2 4.91839E-2 5.65959E-2 5.8841E-2 2.49907E-2 1.78874E-2 3.49961E-2 2.57555E-2 3.15266E-2 1.90181E-2 5.80536E-2 9.26697E-2 1.07686E-1 9.45859E-2 7.7998E-2 9.08121E-2 8.3438E-2 8.7323E-2 1.19887E-1 1.05054E-1 8.09487E-2 7.78062E-2 8.4713E-2 1.44572E-1 2.37536E-2 2.28577E-2 2.50811E-2 2.8655E-2 2.63014E-2 2.64911E-2 2.55383E-2 2.55829E-2 2.73528E-2 2.87439E-2 3.05878E-2 3.00666E-2 2.75445E-2 2.78E-2 2.903E-2
8.49655E-2 2.55961E-2 7.91803E-2 7.01162E-2 3.48159E-2 3.92806E-2 4.76871E-2 7.22563E-2 2.26213E-2 1.86969E-2 5.2605E-2 4.23958E-2 3.60404E-2 7.41513E-2 2.9382E-2 2.67756E-2 2.65335E-2 1.37006E-2 3.31533E-2 1.5372E-2 2.40791E-2 2.11044E-2 2.04312E-2 6.09018E-2 6.37386E-2 5.747E-2 5.45542E-2 4.30385E-2 8.87996E-2 4.28989E-2 1.98079E-2 3.11981E-2 6.25625E-2 6.03276E-2 8.57865E-2 8.42292E-2 1.06684E-1 7.93211E-2 8.67096E-2 1.11511E-1 9.22768E-2 1.2678E-1 9.00681E-2 5.18358E-2 5.4451E-2 8.88648E-2 2.40556E-2 2.61464E-2 8.9736E-2 1.08917E-1 4.72273E-2 2.65274E-2 2.72393E-2 2.87614E-2 4.28238E-2 3.186E-2 3.2159E-2 3.09415E-2 2.76238E-2 2.86319E-2 2.88481E-2
9.05398E-2 5.83754E-2 4.99218E-2 5.27252E-2 3.7962E-2 3.65999E-2 3.34443E-2 5.42067E-2 2.37506E-2 5.34012E-2 2.98482E-2 1.67957E-2 4.12755E-2 4.78612E-2 3.67874E-2 2.96428E-2 2.06902E-2 2.0413E-2 1.90976E-2 1.95465E-2 7.82303E-3 2.09885E-2 2.05283E-2 1.73684E-2 4.36025E-2 2.56134E-2 3.226E-2 3.03277E-2 3.87117E-2 5.26484E-2 3.2305E-2 2.3048E-2 4.3445E-2 8.29372E-2 1.064E-1 1.14356E-1 1.21235E-1 9.538E-2 1.10049E-1 9.60399E-2 7.48849E-2 8.1468E-2 6.10357E-2 6.53231E-2 4.90424E-2 3.69313E-2 4.62282E-2 4.50711E-2 7.73097E-2 9.82722E-2 1.25058E-1 6.01485E-2 6.28452E-2 6.82348E-2 3.75999E-2 6.80925E-2 8.5348E-2 5.91236E-2 7.90276E-2 2.89559E-2 3.11647E-2
1.51676E-1 9.0053E-2 1.01968E-1 3.5493E-2 5.92644E-2 4.11825E-2 3.54939E-2 5.83778E-2 7.09627E-2 1.5154E-2 3.26058E-2 4.24207E-2 7.49527E-2 3.29188E-2 3.05534E-2 3.78483E-2 1.904E-2 2.10027E-2 3.12935E-2 2.88517E-2 1.65533E-2 1.797E-2 2.21104E-2 1.88542E-2 2.03199E-2 3.12741E-2 1.9604E-2 3.68107E-2 2.86727E-2 3.11605E-2 5.72415E-2 3.71876E-2 4.89365E-2 8.85366E-2 1.10961E-1 9.30993E-2 1.54654E-1 9.96487E-2 1.12316E-1 6.7573E-2 7.63019E-2 6.75389E-2 5.89463E-2 4.87068E-2 5.50267E-2 7.98157E-2 8.51855E-2 5.9627E-2 8.09184E-2 7.5357E-2 9.24525E-2 1.01472E-1 1.18403E-1 1.42012E-1 6.44194E-2 1.17951E-1 1.41469E-1 1.09835E-1 1.1285E-1 8.13166E-2 3.97355E-2
1.18061E-1 1.06214E-1 6.74506E-2 5.69686E-2 6.38716E-2 5.11218E-2 5.17292E-2 5.06715E-2 7.55841E-2 2.26755E-2 1.5104E-2 2.18515E-2 6.24985E-2 1.83658E-2 7.65334E-2 2.43136E-2 3.37289E-2 1.561E-2 2.68097E-2 2.59966E-2 2.41545E-2 2.6298E-2 2.81904E-2 1.48669E-2 1.81001E-2 2.8148E-2 1.54089E-2 2.76518E-2 2.81414E-2 4.26745E-2 4.25477E-2 7.65227E-2 6.3023E-2 7.59984E-2 2.12495E-1 1.03535E-1 1.04067E-1 9.38928E-2 9.96556E-2 8.24861E-2 6.6683E-2 4.81899E-2 5.1595E-2 5.96531E-2 4.82219E-2 6.591E-2 8.50515E-2 6.07513E-2 6.91243E-2 8.68635E-2 4.49613E-2 9.16634E-2 1.05169E-1 1.13101E-1 9.39093E-2 1.16584E-1 6.79038E-2 8.58613E-2 6.92344E-2 1.89653E-1 1.11413E-1
1.86321E-1 6.29166E-2 7.0523E-2 9.63148E-2 3.34281E-2 4.07236E-2 8.05021E-2 5.02999E-2 7.30292E-2 3.05372E-2 4.94553E-2 2.29502E-2 2.13671E-2 3.10697E-2 2.35229E-2 1.86635E-2 3.33542E-2 1.20351E-2 1.3477E-2 2.46611E-2 2.12545E-2 1.91919E-2 2.00252E-2 3.58189E-2 1.73982E-2 1.82853E-2 2.4646E-2 2.4665E-2 3.41443E-2 3.89237E-2 4.65686E-2 8.83845E-2 8.43596E-2 5.71782E-2 7.59341E-2 1.64576E-1 1.43547E-1 1.06084E-1 1.108E-1 1.00634E-1 7.42074E-2 3.70692E-2 4.13988E-2 6.29441E-2 4.91268E-2 6.51901E-2 8.44185E-2 5.94371E-2 6.3637E-2 8.16331E-2 5.23211E-2 4.8715E-2 8.99188E-2 1.0128E-1 8.78904E-2 9.94409E-2 6.49145E-2 5.07884E-2 5.23489E-2 1.50861E-1 2.11995E-1
7.879E-2 2.77435E-2 2.64558E-2 2.82894E-2 7.30344E-2 7.68846E-2 4.25984E-2 7.3655E-2 3.96457E-2 5.75907E-2 2.30481E-2 1.93235E-2 1.96183E-2 1.12634E-2 1.84276E-2 1.68812E-2 1.68082E-2 1.50022E-2 2.46571E-2 1.20748E-2 3.52105E-2 3.8408E-2 4.5999E-2 3.33387E-2 2.2949E-2 2.44524E-2 1.18344E-2 2.10041E-2 3.0835E-2 3.20149E-2 5.79089E-2 7.2114E-2 8.38341E-2 7.50397E-2 6.45512E-2 7.7843E-2 1.38667E-1 1.15487E-1 4.96075E-2 9.0377E-2 4.77075E-2 4.28877E-2 2.44939E-2 6.01154E-2 8.4898E-2 6.32888E-2 1.03461E-1 8.13346E-2 8.05783E-2 8.83155E-2 8.33343E-2 8.61814E-2 7.59149E-2 9.16315E-2 1.01407E-1 5.63847E-2 5.17694E-2 2.60733E-2 4.16444E-2 8.29635E-2 1.26795E-1
1.03557E-1 7.96597E-2 4.9139E-2 2.3224E-2 1.78193E-2 4.14729E-2 2.32126E-2 6.90533E-2 3.65596E-2 3.67367E-2 3.04263E-2 2.6364E-2 2.61768E-2 1.03818E-2 1.78176E-2 2.87394E-2 2.13825E-2 2.6638E-2 3.09661E-2 2.5837E-2 1.65173E-2 1.17883E-2 4.12006E-2 3.65791E-2 3.13406E-2 1.59604E-2 1.52546E-2 1.24501E-2 1.85267E-2 3.97167E-2 3.70377E-2 8.69121E-2 8.29814E-2 7.63287E-2 7.3876E-2 6.25923E-2 8.33839E-2 1.65873E-1 1.02288E-1 5.64309E-2 5.86569E-2 4.01198E-2 9.27571E-2 5.84803E-2 8.3207E-2 7.09059E-2 8.99348E-2 8.95195E-2 9.92331E-2 7.54171E-2 1.00415E-1 8.53055E-2 5.72964E-2 8.93606E-2 8.29554E-2 4.12749E-2 9.28124E-2 5.6827E-2 2.88411E-2 4.10879E-2 8.17024E-2
3.93189E-2 2.71808E-2 3.26452E-2 4.49843E-3 1.79592E-2 3.05104E-2 2.9523E-2 2.36643E-2 3.50509E-2 3.17227E-2 1.76296E-2 1.36778E-2 1.98508E-2 1.73274E-2 1.70372E-2 2.3657E-2 1.95602E-2 1.79008E-2 2.54812E-2 2.0765E-2 2.63603E-2 2.66156E-2 2.14597E-2 2.32199E-2 3.61992E-2 1.83188E-2 2.03141E-2 1.5858E-2 1.08558E-2 2.67852E-2 1.52119E-2 5.95692E-2 7.35021E-2 7.06182E-2 8.09472E-2 7.72143E-2 5.79699E-2 9.58206E-2 1.11924E-1 9.11957E-2 6.3046E-2 6.23182E-2 6.02892E-2 5.74971E-2 8.41521E-2 1.00685E-1 1.00999E-1 9.05495E-2 7.70901E-2 9.0942E-2 7.97887E-2 8.30638E-2 5.83137E-2 8.73953E-2 5.65996E-2 5.24749E-2 6.49821E-2 4.9891E-2 3.28413E-2 3.4441E-2 3.55262E-2
1.35151E-2 3.19349E-2 3.09073E-2 5.94419E-3 6.89071E-3 9.67839E-3 1.39641E-2 1.65408E-2 2.12663E-2 2.1616E-2 1.59338E-2 2.97901E-2 1.2235E-2 7.31281E-3 3.4279E-2 2.25162E-2 2.73671E-2 2.45767E-2 3.89277E-2 2.35453E-2 4.33609E-2 3.18462E-2 3.48263E-2 2.96089E-2 2.27241E-2 1.57544E-2 1.80658E-2 1.35303E-2 1.19645E-2 1.90562E-2 2.67881E-2 4.2124E-2 7.10419E-2 5.41146E-2 7.29301E-2 7.28025E-2 5.75917E-2 8.07891E-2 6.34115E-2 9.96154E-2 7.00755E-2 4.24008E-2 5.04958E-2 6.77167E-2 5.82543E-2 1.09533E-1 1.06268E-1 7.87413E-2 9.16451E-2 9.22761E-2 8.19143E-2 8.39485E-2 1.37285E-1 1.04023E-1 7.23336E-2 6.85409E-2 4.18456E-2 3.53155E-2 3.71149E-2 3.80496E-2 3.93372E-2
1.74885E-2 3.18748E-2 2.84149E-2 1.167E-2 1.66383E-2 1.74554E-2 8.29839E-3 4.47386E-2 3.68104E-2 2.54083E-2 2.80222E-2 1.45899E-2 1.43604E-2 1.36165E-2 2.07251E-2 1.94132E-2 3.25618E-2 3.49437E-2 2.01844E-2 1.93457E-2 3.63631E-2 2.48367E-2 2.75636E-2 2.52727E-2 2.07236E-2 1.6314E-2 1.59309E-2 2.41941E-2 1.50934E-2 2.19873E-2 2.39398E-2 2.30796E-2 7.31968E-2 6.58505E-2 6.12475E-2 6.86657E-2 7.12503E-2 6.32663E-2 5.85291E-2 7.69042E-2 5.45787E-2 6.47311E-2 5.86605E-2 7.82515E-2 6.47677E-2 7.22635E-2 6.24312E-2 9.36307E-2 8.08227E-2 7.54481E-2 8.41627E-2 8.11594E-2 1.14601E-1 4.92575E-2 2.88322E-2 3.15647E-2 3.51782E-2 3.99061E-2 4.0756E-2 4.10487E-2 3.90785E-2
1.27984E-2 7.21672E-2 3.00137E-2 1.33333E-2 3.50237E-2 1.25588E-2 1.20494E-2 1.71972E-2 2.16722E-2 1.67833E-2 1.17247E-2 1.70934E-2 1.19854E-2 1.19104E-2 1.49705E-2 1.88571E-2 2.03221E-2 2.16133E-2 3.11761E-2 7.17711E-2 1.55467E-2 2.30217E-2 3.56477E-2 1.41792E-2 1.24049E-2 1.26753E-2 1.49921E-2 1.55929E-2 4.7243E-2 3.60622E-2 2.57859E-2 4.41777E-2 4.72073E-2 6.98887E-2 6.59419E-2 8.8977E-2 8.78559E-2 5.20284E-2 8.77252E-2 3.79297E-2 6.47066E-2 5.68939E-2 6.04422E-2 8.06397E-2 6.54483E-2 6.26561E-2 7.03924E-2 1.11209E-1 8.02173E-2 7.73982E-2 7.92639E-2 8.49095E-2 9.73336E-2 4.76402E-2 3.25676E-2 3.59504E-2 3.88228E-2 4.25744E-2 4.07875E-2 4.09567E-2 3.98736E-2
2.57144E-2 5.66632E-2 3.27549E-2 1.64171E-2 3.7916E-2 1.72928E-2 2.7419E-2 1.27253E-2 2.61084E-2 2.74595E-2 1.7072E-2 1.05093E-2 1.33709E-2 1.13343E-2 4.04333E-2 2.01141E-2 1.38843E-2 1.14958E-2 2.69443E-2 3.56032E-2 3.43953E-2 2.53468E-2 2.72774E-2 1.37453E-2 1.82404E-2 1.1852E-2 1.64339E-2 1.47261E-2 2.79284E-2 4.57016E-2 2.79543E-2 2.87115E-2 7.91332E-2 6.05618E-2 5.95248E-2 8.41221E-2 7.95643E-2 3.8228E-2 5.88548E-2 4.7972E-2 5.97281E-2 7.10918E-2 6.00347E-2 8.65142E-2 6.21422E-2 6.28222E-2 7.83449E-2 1.27256E-1 1.13546E-1 6.30951E-2 6.93269E-2 8.38244E-2 7.98085E-2 3.45971E-2 3.57123E-2 3.72447E-2 4.17056E-2 3.93955E-2 4.12214E-2 3.85886E-2 5.82901E-2
