Final_Models_July82022/M_0.1_F_lqp_Set_1/Bison_9.asc
ncols         290
nrows         380
xllcorner     -2197417.7431653
yllcorner     -584827.01486885
cellsize      10000.0
NODATA_value  -9999
[rows 297 to 323 of 380, columns 61 to 121 of 290]
9.77352E-2 9.7174E-2 2.33966E-1 1.51735E-1 1.77345E-1 2.17095E-1 1.72987E-1 2.10452E-1 1.82944E-1 1.26372E-1 2.23916E-1 2.01699E-1 1.22027E-1 1.30017E-1 1.11799E-1 1.16925E-1 1.37622E-1 2.23502E-1 1.14496E-1 1.57943E-2 3.35645E-2 5.4824E-2 6.86502E-2 8.50837E-2 1.41925E-1 4.1998E-1 3.05975E-1 2.50034E-1 3.11134E-1 4.41217E-1 2.67418E-1 1.57511E-1 5.34753E-1 3.81606E-1 3.67862E-1 4.51681E-1 4.11706E-1 1.37424E-1 2.73571E-2 4.42335E-2 7.0201E-2 1.65929E-1 7.13383E-2 1.39888E-2 9.06138E-2 4.31402E-2 9.01649E-3 1.01022E-1 9.95799E-2 3.36374E-1 4.01994E-1 6.4198E-1 2.90713E-2 3.05866E-2 2.55392E-1 4.49515E-1 6.28493E-1 1.96098E-1 2.56056E-2 5.50089E-2 7.38485E-1
1.09441E-1 2.37802E-1 2.11127E-1 9.15663E-2 1.83122E-1 2.32966E-1 1.75259E-1 2.14135E-1 2.22789E-1 1.37504E-1 1.91248E-1 2.46542E-1 2.28043E-1 1.48818E-1 1.6226E-1 4.3245E-1 2.17845E-1 1.52215E-1 3.77718E-2 2.31798E-2 1.24924E-1 1.31409E-1 1.48872E-1 1.14975E-1 1.08109E-1 1.39209E-1 1.89346E-1 1.17094E-1 2.26006E-1 9.84809E-2 3.36254E-1 2.60007E-1 1.96357E-1 4.04391E-1 4.49402E-1 4.43286E-1 2.25296E-1 3.31925E-2 1.49173E-2 1.77666E-2 3.36133E-2 1.06546E-1 6.76215E-2 9.96949E-2 6.49685E-2 6.39876E-2 7.20875E-2 4.80572E-2 1.87978E-1 4.74339E-1 4.83099E-1 4.74758E-1 5.25043E-2 2.31406E-2 2.04156E-1 7.2717E-1 7.33095E-1 2.09494E-2 4.50485E-2 6.35204E-2 7.19479E-1
6.33284E-2 1.19066E-1 2.76008E-1 8.8012E-2 2.13455E-1 2.83166E-1 1.75129E-1 1.45208E-1 3.2779E-1 2.52282E-1 2.38389E-1 1.97581E-1 1.90114E-1 2.61377E-1 3.54342E-1 3.05366E-1 1.21475E-1 1.52911E-1 6.24709E-2 1.34328E-1 3.77683E-1 3.96037E-1 2.72957E-1 2.85212E-1 1.04039E-1 1.35414E-1 3.13976E-1 3.05288E-1 1.79678E-1 1.52644E-1 1.74938E-1 3.47377E-1 4.08576E-1 5.50144E-1 1.12674E-1 1.88586E-1 4.68997E-2 8.66388E-3 2.33862E-2 1.07861E-2 1.24652E-2 3.01753E-2 2.45005E-2 8.34439E-3 1.12422E-1 4.87163E-2 3.97177E-2 1.32791E-2 1.80862E-1 4.71852E-1 5.53446E-1 2.31491E-1 1.09703E-1 4.54523E-2 3.35192E-1 7.72986E-1 6.72098E-1 7.73258E-2 4.17463E-2 6.97483E-1 6.00988E-1
8.7727E-2 1.37994E-1 1.09427E-1 1.66026E-1 1.2956E-1 1.99999E-1 1.75353E-1 3.01449E-1 2.88393E-1 2.09663E-1 1.87202E-1 2.3929E-1 2.07542E-1 3.40704E-1 3.31681E-1 2.17315E-1 1.02228E-1 1.23542E-1 6.94387E-2 2.90332E-1 4.0821E-1 2.79181E-1 3.03864E-1 5.3467E-1 3.88507E-1 2.74784E-1 5.54733E-1 6.17882E-1 2.93601E-1 1.62178E-1 2.39425E-1 2.99674E-1 2.23013E-1 3.68199E-1 6.14341E-2 5.20283E-2 7.88995E-2 4.11756E-2 3.25337E-2 9.01717E-2 1.09321E-2 2.58617E-2 4.16241E-2 1.53778E-2 1.27452E-1 1.36702E-2 4.2812E-2 3.24518E-2 8.86622E-2 5.53442E-1 5.00021E-1 2.7132E-1 2.00416E-1 2.90241E-2 1.69608E-1 4.30017E-1 1.13583E-1 2.75337E-1 5.74464E-1 6.84546E-1 6.86015E-1
1.06842E-1 1.36337E-1 1.44692E-1 2.3723E-1 2.22623E-1 1.71598E-1 1.64633E-1 1.84245E-1 1.63525E-1 9.17346E-2 2.45342E-1 2.72164E-1 1.77717E-1 1.4716E-1 1.88657E-1 1.88468E-1 1.45863E-1 1.54595E-1 3.81785E-1 1.91728E-1 2.22771E-1 7.2056E-2 4.49514E-2 5.25521E-1 6.3901E-1 6.6624E-1 6.5311E-1 6.37588E-1 1.83255E-1 2.21154E-1 1.81132E-1 1.03569E-1 2.23357E-1 2.65299E-1 2.01006E-2 2.42796E-3 2.339E-2 1.91743E-2 1.3717E-2 3.52291E-2 2.38403E-2 9.83362E-3 5.40781E-3 3.34994E-2 4.76195E-2 3.32944E-2 3.09874E-2 8.15755E-2 2.05123E-1 5.55668E-1 5.76359E-1 3.68404E-1 8.59841E-2 3.36402E-2 9.39917E-2 5.08751E-2 1.21399E-1 2.66184E-1 5.5621E-1 6.77148E-1 6.58419E-1
8.06846E-2 1.30897E-1 1.56097E-1 1.67306E-1 1.7416E-1 1.72928E-1 1.73623E-1 1.27892E-1 1.07484E-1 1.04099E-1 1.63702E-1 3.84395E-1 3.39035E-1 2.17019E-1 2.2237E-1 3.54867E-1 2.4265E-1 2.66929E-1 3.49425E-1 1.77084E-1 3.9463E-1 9.80273E-3 7.83895E-3 1.1934E-1 6.48251E-1 6.9044E-1 5.28913E-1 4.31218E-1 1.42966E-1 9.87777E-2 1.47805E-1 1.46509E-1 1.15825E-1 1.83611E-2 1.97235E-2 2.42485E-3 6.2572E-3 6.17877E-3 5.65769E-3 3.175E-2 1.51288E-2 2.63683E-3 1.9812E-2 2.69629E-2 9.24054E-2 3.73782E-2 4.37841E-2 1.51756E-1 2.79903E-1 1.79139E-1 6.47191E-1 5.7102E-1 1.59317E-1 2.12099E-1 8.39982E-2 3.02852E-2 1.56092E-1 5.04558E-1 5.31635E-1 4.1258E-1 6.4409E-1
8.91639E-2 9.39372E-2 9.44474E-2 1.01168E-1 1.07856E-1 1.0264E-1 1.06481E-1 1.17345E-1 8.77438E-2 1.32535E-1 1.71332E-1 2.51415E-1 2.96866E-1 1.12867E-1 1.74249E-1 1.63272E-1 5.23816E-2 8.46281E-2 3.08977E-1 2.62151E-1 4.13884E-1 6.34767E-3 1.55792E-2 3.33268E-2 1.63152E-1 6.61987E-1 6.21541E-1 5.06491E-1 1.92297E-1 2.81275E-1 7.44118E-2 1.32379E-1 2.15145E-1 5.91444E-2 4.60664E-3 2.70714E-2 7.31743E-2 5.90135E-2 3.08578E-2 2.35046E-2 1.29197E-2 9.87687E-2 2.35743E-2 1.67862E-2 3.93016E-2 4.10304E-2 2.01448E-2 1.01352E-1 7.90075E-2 1.62341E-2 1.41027E-1 6.23348E-2 2.98929E-1 2.52136E-1 1.71591E-1 5.72331E-1 6.96785E-1 5.74592E-1 1.03712E-1 1.92014E-1 7.03623E-1
0E0 6.15897E-2 5.34833E-2 4.98059E-2 5.25797E-2 1.05411E-1 9.68523E-2 7.37414E-2 9.60583E-2 1.4008E-1 1.59383E-1 1.76955E-1 2.43676E-1 1.23171E-1 9.41171E-2 1.03375E-1 2.73967E-2 4.08903E-2 3.03635E-1 4.43298E-1 3.87157E-1 1.06747E-2 6.08549E-3 2.63289E-2 3.07816E-2 1.09236E-1 2.35235E-1 1.93712E-1 1.45134E-1 5.36872E-2 6.09525E-2 1.46365E-1 1.20076E-1 1.15621E-1 1.05236E-1 5.68893E-2 1.85132E-1 2.08891E-1 3.13095E-2 8.78068E-2 5.12323E-2 1.50396E-1 9.73237E-2 5.57736E-2 2.38354E-1 1.20837E-1 5.40491E-3 2.60255E-1 1.89523E-1 8.30033E-2 1.94225E-2 1.97793E-2 8.00331E-2 7.57473E-1 7.34027E-1 7.60671E-1 1.88688E-1 1.66142E-1 7.52617E-1 1.90541E-1 7.74921E-1
6.72599E-2 9.52999E-2 1.44751E-1 1.23715E-1 9.40847E-2 8.3957E-2 1.12202E-1 9.77807E-2 1.19065E-1 1.37833E-1 1.52985E-1 1.32219E-1 6.52324E-2 8.38688E-2 4.5062E-2 3.33123E-2 1.66168E-2 2.16716E-1 4.54915E-1 4.13605E-1 2.36316E-1 3.6428E-2 2.32881E-2 6.45575E-2 6.32212E-2 9.68473E-2 1.14333E-2 3.80798E-2 7.07136E-2 6.03282E-2 4.94252E-2 1.01974E-1 2.60829E-2 2.61867E-2 2.28279E-3 6.66926E-2 4.80727E-2 1.29557E-1 1.22069E-1 2.38919E-2 8.45435E-2 1.85443E-1 1.96034E-1 2.30207E-2 7.62537E-2 5.56445E-2 1.11255E-2 7.44014E-2 2.92381E-2 3.08088E-2 1.1423E-1 9.78443E-3 2.47753E-1 7.32402E-1 8.17155E-1 3.1541E-1 9.40263E-2 3.08859E-1 1.83234E-1 5.68812E-1 7.45633E-1
8.18273E-2 1.42758E-1 1.54588E-1 1.75342E-1 7.45451E-2 1.96547E-1 8.78701E-2 1.40844E-1 1.58884E-1 1.60694E-1 1.35792E-1 1.51635E-1 7.20292E-2 5.90941E-2 4.83367E-2 5.89147E-2 8.14242E-2 3.45194E-1 3.66499E-1 4.28376E-1 2.88181E-1 1.14522E-1 2.38764E-2 3.80557E-2 2.53703E-2 3.80307E-2 1.04812E-2 9.53649E-2 1.20333E-1 3.56873E-2 9.43617E-3 9.32615E-2 6.3109E-2 9.93498E-2 3.17512E-3 9.07016E-2 7.94351E-2 1.46811E-1 2.35859E-1 1.33792E-1 2.42464E-1 1.79921E-1 8.69367E-2 1.55975E-1 2.14611E-1 4.74324E-2 9.92017E-2 7.55063E-2 1.89476E-1 2.27546E-1 3.03974E-1 1.74031E-2 4.47339E-1 6.72636E-1 8.29468E-1 1.54088E-1 1.63618E-1 1.38289E-1 1.80171E-1 5.97979E-1 7.50236E-1
9.74123E-2 1.34712E-1 1.53086E-1 1.08801E-1 5.02133E-2 1.69799E-1 1.05817E-1 2.07542E-1 2.93299E-1 2.12473E-1 1.39708E-1 1.67338E-1 3.07424E-1 2.67145E-2 5.30367E-2 4.20063E-2 4.13122E-2 2.3141E-1 3.801E-1 5.33242E-1 4.06448E-1 2.70364E-1 7.65782E-2 2.06869E-2 3.2318E-2 4.67407E-2 7.10626E-2 1.69035E-1 1.19369E-1 1.08735E-2 3.51034E-2 9.55033E-2 1.15508E-1 2.49097E-1 4.41477E-2 7.74335E-2 1.84929E-1 1.70139E-1 2.05482E-1 9.92112E-2 7.93981E-2 2.60567E-1 2.04427E-1 5.44354E-2 3.24291E-1 3.5401E-1 3.30422E-1 2.13985E-1 2.13311E-1 4.19056E-1 4.35846E-1 1.60084E-1 2.05308E-1 7.40122E-1 8.11844E-1 1.77774E-1 9.4766E-2 1.74006E-1 2.72061E-1 6.42839E-1 7.4377E-1
1.64312E-1 1.30621E-1 9.24158E-2 1.12871E-1 8.15933E-2 9.25559E-2 1.41941E-1 1.86116E-1 1.78572E-1 1.51248E-1 1.08828E-1 9.88347E-2 1.38049E-1 8.61544E-2 1.01345E-1 1.11859E-1 1.96645E-1 9.51417E-2 5.00448E-1 5.26386E-1 4.16749E-1 4.32939E-1 3.85003E-1 2.14243E-1 2.89514E-1 3.03737E-1 1.59471E-1 2.31939E-1 2.17046E-1 5.26604E-2 1.50048E-1 3.86057E-1 1.79948E-2 9.06485E-2 2.77354E-1 7.1055E-2 3.55725E-1 1.51059E-1 8.01596E-2 2.19172E-1 3.4926E-1 4.23873E-1 3.28711E-1 5.51342E-1 4.5635E-1 2.23048E-1 4.98809E-1 3.6436E-1 1.0977E-1 1.0748E-1 6.07549E-1 2.43224E-1 1.07666E-1 7.63667E-1 8.35918E-1 2.6721E-1 4.46311E-1 1.64164E-1 3.76911E-1 7.74494E-1 7.84895E-1
2.23079E-1 1.77421E-1 8.90169E-2 8.89285E-2 1.43841E-1 1.44638E-1 8.10964E-2 1.09727E-1 1.48823E-1 1.61463E-1 1.28394E-1 1.258E-1 6.48884E-2 1.25256E-1 6.71864E-2 1.88225E-1 2.24907E-1 1.81921E-1 4.31964E-1 3.69345E-1 3.44185E-1 2.916E-1 3.62406E-1 3.66848E-1 2.97516E-1 2.28865E-1 1.54623E-1 8.15916E-2 2.05928E-1 2.12107E-1 1.09276E-1 3.37755E-1 8.99915E-2 9.07295E-2 8.64711E-2 1.099E-1 8.74695E-2 1.19825E-1 6.95172E-2 6.02889E-2 3.30246E-1 3.09581E-1 5.64083E-1 4.0096E-1 3.92961E-1 3.85154E-1 5.10868E-1 5.20853E-1 3.03128E-1 2.2432E-1 6.22017E-1 5.58855E-1 2.19491E-2 6.56429E-1 7.80622E-1 7.49057E-1 7.78516E-1 3.26117E-1 3.56231E-1 7.8192E-1 6.92906E-1
1.87689E-1 1.79904E-1 1.85285E-1 1.53687E-1 1.07921E-1 1.67871E-1 8.77884E-2 1.73332E-1 1.85931E-1 1.40834E-1 2.75045E-1 3.63208E-1 1.62417E-1 3.40924E-2 6.91355E-2 3.23248E-1 2.91921E-1 1.9765E-1 2.33661E-1 3.4726E-1 2.9047E-1 2.15867E-1 2.83338E-1 2.32859E-1 2.20227E-1 2.33898E-1 2.1737E-1 5.87024E-2 1.13274E-1 3.88195E-1 8.55798E-2 1.48649E-1 5.28431E-1 2.6512E-2 2.79558E-2 1.33413E-1 3.68964E-2 4.19595E-2 3.90136E-2 6.91907E-2 2.24099E-2 1.47702E-1 3.8732E-1 3.90292E-1 3.00296E-1 2.42592E-1 5.61606E-1 3.1518E-1 1.5411E-1 4.7697E-1 6.51482E-1 6.96616E-1 7.77792E-2 3.92345E-2 5.58958E-1 1.63898E-1 8.27073E-1 7.12755E-1 6.33689E-1 6.9052E-1 5.57658E-1
2.66383E-1 2.63929E-1 2.87357E-1 1.87501E-1 1.19056E-1 1.4683E-1 1.37438E-1 9.72535E-2 1.13772E-1 1.06987E-1 1.18541E-1 3.24198E-1 2.40495E-1 1.5659E-2 1.64231E-1 5.43272E-1 5.19692E-1 3.09361E-1 3.69102E-1 2.54645E-1 2.8877E-1 3.10662E-1 2.80957E-1 2.99078E-1 2.68574E-1 1.45068E-1 2.17266E-1 2.77387E-1 2.60923E-1 4.05752E-1 9.76306E-2 5.60275E-2 5.61845E-1 3.49183E-2 1.63768E-2 6.7927E-2 2.71051E-2 1.20513E-2 3.80788E-2 1.12852E-1 8.1122E-2 3.00014E-1 4.95732E-1 5.52626E-1 3.74089E-1 1.85862E-1 4.09287E-1 1.09601E-1 2.63069E-1 5.31629E-1 6.12548E-1 6.7851E-1 2.4992E-1 1.7734E-1 8.87994E-2 6.89865E-1 8.06029E-1 7.32675E-1 7.81338E-1 7.14535E-1 6.33579E-1
1.66154E-1 1.91073E-1 2.01576E-1 1.92004E-1 1.66713E-1 1.34834E-1 1.34411E-1 4.35591E-1 3.22251E-1 1.55037E-1 6.26615E-2 4.60885E-2 4.72513E-2 2.46784E-2 1.44005E-1 3.31473E-1 2.85626E-1 2.5741E-1 3.71905E-1 3.50418E-1 4.35563E-1 2.67846E-1 2.49632E-1 1.94825E-1 2.18154E-1 1.95457E-1 2.4871E-1 3.9825E-1 3.5077E-1 3.87652E-1 1.76597E-1 3.48696E-2 5.24942E-1 6.51406E-2 1.89996E-2 2.36356E-1 5.50943E-2 3.81885E-3 1.53279E-1 2.52013E-1 2.04908E-1 2.64186E-1 4.90146E-1 2.48562E-1 5.09658E-1 3.51235E-1 1.70574E-1 1.13458E-1 3.30203E-1 3.57674E-1 3.85807E-1 7.18653E-1 5.65915E-1 2.88894E-1 7.63346E-1 7.77878E-1 7.54718E-1 7.25237E-1 7.72279E-1 6.0332E-1 7.70093E-1
1.70898E-1 2.01603E-1 2.41464E-1 2.54297E-1 2.27429E-1 2.12442E-1 1.39335E-1 2.53974E-1 6.40935E-1 2.56161E-1 5.64742E-2 1.83907E-1 9.91555E-2 5.6407E-2 2.40128E-1 2.43995E-1 4.48125E-1 3.97857E-1 2.99099E-1 2.35791E-1 3.59753E-1 3.73151E-1 2.88313E-1 1.46393E-1 2.32113E-1 2.44244E-1 3.93857E-1 3.46211E-1 3.35302E-1 4.4462E-1 1.73716E-1 2.64557E-1 3.54602E-1 1.94843E-2 4.13214E-3 6.76489E-2 5.98185E-3 5.94515E-3 2.92213E-1 3.98035E-1 4.28415E-1 3.30985E-1 1.69588E-1 4.05931E-1 2.35647E-1 2.26635E-1 1.70157E-1 3.41007E-1 3.86002E-1 4.00078E-1 4.90894E-1 6.80277E-1 4.49859E-1 4.18112E-1 7.82859E-1 7.90283E-1 8.07222E-1 7.96303E-1 7.99203E-1 7.00847E-1 7.65258E-1
2.07566E-1 2.24929E-1 2.06227E-1 1.09769E-1 1.00773E-1 2.21938E-1 1.37035E-1 1.71349E-1 4.0658E-1 1.09283E-1 5.25704E-2 7.93274E-2 7.18972E-2 1.60735E-1 2.6046E-1 3.09806E-1 2.86661E-1 2.56923E-1 3.52913E-1 2.92412E-1 2.37813E-1 2.26742E-1 1.98937E-1 3.13798E-1 3.07288E-1 3.03121E-1 3.23944E-1 3.43335E-1 3.1505E-1 3.73109E-1 1.30948E-1 1.55601E-1 5.58784E-1 1.17323E-1 6.42722E-3 1.6054E-3 3.72628E-3 9.76608E-3 1.80153E-1 1.13267E-1 4.52356E-1 2.94106E-1 3.13806E-1 4.2176E-1 9.17026E-2 1.63496E-1 4.16852E-1 4.12977E-1 4.38045E-1 6.11778E-1 5.82607E-1 7.63932E-1 6.10023E-1 4.20069E-1 7.92132E-1 5.80414E-1 8.14215E-1 7.9187E-1 8.23591E-1 7.91291E-1 6.34784E-1
2.20294E-1 2.36056E-1 1.95359E-1 2.02918E-1 1.51336E-1 2.04882E-1 1.85753E-1 1.55893E-1 4.29998E-1 1.50569E-1 2.36928E-1 1.50302E-1 8.03631E-2 2.27219E-1 2.40531E-1 2.62998E-1 2.36101E-1 2.3485E-1 2.32001E-1 2.18737E-1 2.86214E-1 3.23551E-1 2.91835E-1 2.02624E-1 2.29595E-1 3.26049E-1 3.01215E-1 3.67708E-1 4.11356E-1 2.33987E-1 1.23118E-1 1.68302E-1 3.9109E-1 2.37632E-2 5.18297E-2 6.00842E-2 2.84967E-1 8.65811E-2 2.47985E-2 1.2352E-2 3.5661E-2 3.09924E-1 2.2059E-1 1.82299E-1 2.4352E-1 2.7951E-1 4.45621E-1 5.38559E-1 5.24458E-1 7.74725E-1 4.43875E-1 6.73115E-1 7.90149E-1 5.82363E-1 6.48682E-1 5.53139E-1 8.10769E-1 7.16213E-1 8.12753E-1 7.58499E-1 8.03572E-1
2.1147E-1 2.18737E-1 2.18607E-1 2.30203E-1 1.96894E-1 2.35309E-1 2.39911E-1 2.02894E-1 2.78681E-1 1.92112E-1 2.80613E-1 2.83685E-1 2.09999E-1 2.42281E-1 2.24983E-1 2.26694E-1 2.1586E-1 2.07835E-1 1.69496E-1 2.55775E-1 2.55718E-1 1.36676E-1 3.27762E-1 3.11438E-1 1.47556E-1 2.40278E-1 3.29605E-1 3.99638E-1 3.69524E-1 3.32447E-1 1.38471E-1 2.07313E-1 1.20773E-1 6.94242E-2 5.08274E-2 1.02498E-2 1.65014E-2 7.86516E-2 3.15549E-2 9.48844E-2 1.47522E-1 2.49496E-1 2.27877E-1 1.25458E-1 2.86966E-1 4.70459E-1 6.16381E-1 4.96639E-1 7.47084E-1 6.70714E-1 5.67724E-1 5.83045E-1 8.1836E-1 8.17357E-1 6.29512E-1 6.89221E-1 6.54831E-1 7.08509E-1 7.9689E-1 8.44873E-1 8.239E-1
2.05703E-1 2.12253E-1 2.71152E-1 2.31505E-1 2.22932E-1 2.49103E-1 2.55303E-1 2.19492E-1 1.19855E-1 1.60588E-1 3.07085E-1 3.0022E-1 2.82837E-1 2.73392E-1 2.40612E-1 2.05879E-1 1.92175E-1 2.32975E-1 2.71755E-1 2.35162E-1 3.08222E-1 1.88689E-1 2.9313E-1 1.69547E-1 1.93471E-1 3.40114E-1 2.54521E-1 2.56857E-1 2.49483E-1 4.13698E-1 1.73837E-1 4.11324E-2 1.07086E-1 2.01874E-2 4.74581E-2 2.31554E-2 1.01079E-2 4.0601E-2 1.29171E-2 6.60966E-2 7.03745E-2 2.25624E-1 4.52591E-1 9.33208E-2 8.70203E-2 4.46247E-1 7.07818E-1 4.84864E-1 6.25658E-1 7.12347E-1 7.93189E-1 7.68554E-1 6.68516E-1 8.38218E-1 7.61975E-1 7.39909E-1 6.41124E-1 7.34741E-1 8.3833E-1 8.07144E-1 8.08266E-1
1.72468E-1 2.17702E-1 4.16872E-1 2.1672E-1 2.50748E-1 2.33596E-1 2.43791E-1 2.57507E-1 2.39328E-1 2.25715E-1 2.342E-1 2.25031E-1 3.23139E-1 2.30779E-1 2.14388E-1 1.68862E-1 1.61014E-1 1.49398E-1 2.91481E-1 2.56588E-1 1.97463E-1 1.85165E-1 1.37445E-1 2.11599E-1 2.03538E-1 1.66927E-1 1.40335E-1 3.37585E-1 2.14293E-1 2.69245E-1 1.71144E-1 1.59919E-1 1.26917E-1 8.00333E-2 4.55844E-2 4.28431E-2 7.26661E-2 1.70598E-1 5.58353E-2 2.84927E-1 2.39759E-1 2.26917E-1 2.52326E-1 4.32265E-1 4.01257E-1 5.52532E-1 5.15026E-1 5.65684E-1 5.89403E-1 7.21583E-1 6.56735E-1 5.11105E-1 4.93326E-1 7.10772E-1 7.05199E-1 6.73677E-1 7.07177E-1 7.13843E-1 7.32569E-1 8.06034E-1 8.13244E-1
1.73382E-1 1.69741E-1 2.28912E-1 3.62759E-1 2.05717E-1 2.32294E-1 5.15322E-1 5.37658E-1 4.95282E-1 4.35721E-1 2.29429E-1 2.32093E-1 2.05914E-1 1.98487E-1 2.3594E-1 1.68568E-1 1.41888E-1 1.65824E-1 2.97385E-1 2.79092E-1 2.65564E-1 2.593E-1 1.75851E-1 1.33049E-1 1.43661E-1 1.06781E-1 1.21473E-1 2.41778E-1 2.79567E-1 2.89713E-1 2.10274E-1 1.56087E-1 1.83852E-1 1.44347E-1 2.18405E-1 2.33096E-1 2.00891E-1 1.0795E-1 3.71161E-1 2.35543E-1 2.9405E-1 6.1446E-2 2.70909E-1 4.04852E-1 5.20162E-1 4.84419E-1 5.3122E-1 5.57012E-1 5.8178E-1 5.69037E-1 7.33983E-1 6.60956E-1 4.61235E-1 6.80081E-1 6.33518E-1 7.73146E-1 7.17033E-1 7.45829E-1 7.01553E-1 6.93508E-1 6.9554E-1
2.00731E-1 1.63435E-1 1.60147E-1 2.0462E-1 1.84943E-1 3.51304E-1 5.13308E-1 5.3177E-1 3.78239E-1 2.65379E-1 2.99642E-1 2.11968E-1 1.90856E-1 1.71287E-1 1.60873E-1 1.82076E-1 1.62051E-1 1.48093E-1 1.57345E-1 1.39788E-1 1.96901E-1 2.64885E-1 1.22343E-1 1.51687E-1 1.402E-1 1.20835E-1 9.57522E-2 1.84093E-1 2.81024E-1 2.80694E-1 2.58071E-1 1.28533E-1 9.11927E-2 1.72645E-2 7.06747E-2 6.48555E-2 7.30258E-2 3.25337E-1 3.2381E-1 0E0 3.8789E-1 2.41048E-1 1.6736E-1 4.61951E-1 5.1535E-1 4.97958E-1 4.92905E-1 5.69476E-1 6.12733E-1 5.73966E-1 6.87777E-1 6.55446E-1 6.32176E-1 6.99872E-1 5.30498E-1 6.11549E-1 7.2166E-1 5.0352E-1 6.47052E-1 7.62527E-1 6.71543E-1
1.68148E-1 1.62299E-1 1.55482E-1 2.97758E-1 2.05475E-1 2.69073E-1 2.97317E-1 4.94748E-1 3.43619E-1 2.92566E-1 2.15149E-1 1.95385E-1 2.01605E-1 2.0338E-1 1.77876E-1 1.94649E-1 1.76072E-1 1.64697E-1 1.62814E-1 1.63902E-1 1.36521E-1 1.96965E-1 1.48105E-1 1.21042E-1 1.07332E-1 1.05433E-1 1.29193E-1 1.34917E-1 2.54635E-1 3.29135E-1 2.5816E-1 1.55929E-1 1.7369E-1 1.02617E-1 1.76459E-1 2.95711E-1 4.88404E-1 5.08753E-1 3.42394E-1 3.73319E-1 4.47355E-1 1.49524E-1 4.07144E-1 4.62782E-1 4.6126E-1 4.98234E-1 5.54134E-1 6.44918E-1 6.41344E-1 6.35525E-1 5.76623E-1 5.82579E-1 5.62572E-1 7.47671E-1 5.93323E-1 5.39193E-1 6.72658E-1 6.33347E-1 5.36242E-1 5.44035E-1 5.71864E-1
1.69723E-1 1.63782E-1 1.5594E-1 2.29673E-1 2.84786E-1 2.75583E-1 2.52197E-1 3.0853E-1 3.40659E-1 4.07757E-1 2.29065E-1 1.93704E-1 2.16659E-1 1.84361E-1 2.13321E-1 1.8078E-1 1.6428E-1 1.65161E-1 1.43363E-1 2.10501E-1 1.55864E-1 2.45189E-1 1.49477E-1 1.41492E-1 1.00437E-1 1.88297E-1 1.05453E-1 1.15779E-1 1.89268E-1 3.79939E-1 1.68138E-1 1.99722E-1 9.95254E-2 1.25E-1 2.62663E-1 3.06343E-1 4.38864E-1 4.58565E-1 4.2373E-1 2.35841E-1 4.78965E-1 1.93627E-1 3.02998E-1 4.04713E-1 4.28677E-1 5.17779E-1 6.29318E-1 6.29239E-1 7.53786E-1 6.23607E-1 6.91366E-1 5.7045E-1 5.3954E-1 6.53984E-1 7.02788E-1 5.60343E-1 7.13854E-1 5.54635E-1 5.39001E-1 5.30954E-1 7.35412E-1
1.54672E-1 1.57555E-1 1.64527E-1 1.62546E-1 1.70963E-1 1.76201E-1 2.78658E-1 3.3984E-1 2.08114E-1 2.8939E-1 1.64687E-1 1.62955E-1 1.52194E-1 1.58248E-1 1.96769E-1 1.78003E-1 1.62897E-1 1.6706E-1 1.40691E-1 1.53835E-1 1.71137E-1 1.97839E-1 2.82291E-1 1.253E-1 1.78145E-1 2.18816E-1 1.90092E-1 2.70819E-1 2.23399E-1 3.33599E-1 1.5518E-1 2.46419E-1 1.92999E-1 2.39469E-1 2.95773E-1 1.83287E-1 2.33482E-1 2.9581E-1 3.80165E-1 2.94052E-1 2.10133E-1 2.62106E-1 4.13916E-1 4.5501E-1 4.31541E-1 6.17144E-1 6.15928E-1 6.06128E-1 8.09185E-1 6.06657E-1 6.9675E-1 4.89122E-1 5.21819E-1 6.61185E-1 6.15234E-1 5.70633E-1 5.44998E-1 5.6662E-1 7.4245E-1 8.15422E-1 7.90427E-1
