Final_Models_July82022/M_0.1_F_lqp_Set_1/Bison_5.asc
ncols         290
nrows         380
xllcorner     -2197417.7431653
yllcorner     -584827.01486885
cellsize      10000.0
NODATA_value  -9999
[rows 216 to 242 of 380, columns 122 to 182 of 290]
4.43471E-1 6.09457E-1 6.08806E-1 6.32512E-1 6.09203E-1 6.48922E-1 4.85425E-1 5.11507E-1 5.35566E-1 5.58674E-1 5.83314E-1 6.1021E-1 6.99227E-1 5.29458E-1 5.28752E-1 5.58133E-1 5.51646E-1 6.02633E-1 5.93146E-1 6.53269E-1 7.05469E-1 6.12338E-1 5.18154E-1 6.39573E-1 5.28672E-1 7.00977E-1 5.83626E-1 3.97654E-1 3.99325E-1 4.18837E-1 3.57242E-1 3.61044E-1 3.0611E-1 3.60167E-1 3.47375E-1 3.98801E-1 3.09651E-1 3.53952E-1 6.22388E-1 5.30815E-1 6.25874E-1 3.47822E-1 4.37665E-1 5.30353E-1 5.35389E-1 5.1082E-1 4.13111E-1 3.16578E-1 2.89824E-1 2.90507E-1 2.94929E-1 2.8988E-1 3.03961E-1 2.63237E-1 2.4014E-1 2.46929E-1 2.37596E-1 2.39924E-1 2.76829E-1 2.57503E-1 1.92853E-1
6.05394E-1 5.51083E-1 5.9898E-1 6.54691E-1 6.53357E-1 6.7177E-1 5.52206E-1 6.13333E-1 6.36458E-1 5.27848E-1 6.44483E-1 5.91232E-1 6.5968E-1 6.6672E-1 5.31626E-1 5.50322E-1 5.45467E-1 5.91914E-1 5.25945E-1 5.55602E-1 6.01016E-1 6.1474E-1 6.27975E-1 6.85474E-1 6.85932E-1 6.07288E-1 6.80266E-1 6.88214E-1 6.47732E-1 4.60213E-1 3.63728E-1 3.26787E-1 3.21784E-1 3.36402E-1 3.52369E-1 5.80037E-1 3.85671E-1 4.15946E-1 5.3128E-1 5.94227E-1 5.68791E-1 5.28649E-1 4.68942E-1 5.18881E-1 5.28579E-1 4.08965E-1 2.64189E-1 3.14697E-1 3.0447E-1 3.08334E-1 2.73871E-1 2.8175E-1 2.7761E-1 2.55932E-1 2.59007E-1 2.43117E-1 2.63595E-1 2.46196E-1 2.39563E-1 2.2225E-1 2.01835E-1
6.44134E-1 6.31538E-1 5.74112E-1 6.5541E-1 5.80603E-1 6.13344E-1 6.41123E-1 6.27108E-1 3.96669E-1 6.47108E-1 5.84535E-1 6.36042E-1 7.01697E-1 6.40286E-1 5.51281E-1 5.66896E-1 5.56125E-1 5.11227E-1 5.06882E-1 5.33884E-1 5.73773E-1 7.00655E-1 6.85809E-1 7.19068E-1 6.88329E-1 6.08311E-1 6.29959E-1 6.5669E-1 6.70836E-1 6.47223E-1 3.93955E-1 3.34833E-1 3.16955E-1 3.33446E-1 3.24776E-1 4.1529E-1 3.55277E-1 6.19347E-1 4.28414E-1 4.22589E-1 6.19049E-1 3.81664E-1 5.6301E-1 5.13253E-1 5.45582E-1 3.64802E-1 2.61999E-1 3.04426E-1 2.79633E-1 3.3519E-1 2.91962E-1 3.37024E-1 3.0724E-1 2.65815E-1 2.58489E-1 2.40545E-1 2.74256E-1 2.38871E-1 2.52337E-1 2.4189E-1 2.26451E-1
6.23758E-1 6.58472E-1 6.45258E-1 6.24414E-1 5.52898E-1 5.69126E-1 6.36696E-1 5.81744E-1 3.42013E-1 5.98906E-1 7.16509E-1 7.46041E-1 5.64E-1 7.42522E-1 5.71254E-1 5.6341E-1 5.581E-1 5.27977E-1 5.09721E-1 5.55319E-1 5.72269E-1 6.85801E-1 6.7008E-1 6.23611E-1 6.24775E-1 5.90636E-1 5.23461E-1 6.41251E-1 6.32153E-1 6.96406E-1 5.80156E-1 4.83183E-1 3.38935E-1 3.32119E-1 3.34187E-1 3.37317E-1 3.50263E-1 6.35214E-1 5.49442E-1 6.02069E-1 3.12851E-1 3.22049E-1 2.85139E-1 2.96817E-1 3.64946E-1 4.40527E-1 2.92766E-1 3.01701E-1 2.91858E-1 2.99433E-1 2.98706E-1 2.78867E-1 3.48012E-1 3.0904E-1 2.68771E-1 2.69934E-1 2.62699E-1 2.55583E-1 2.62965E-1 2.62116E-1 2.67438E-1
6.02631E-1 5.81965E-1 6.63772E-1 6.29704E-1 6.35062E-1 5.80038E-1 6.77909E-1 6.49285E-1 6.86778E-1 6.86818E-1 7.25833E-1 6.5354E-1 6.51911E-1 7.39466E-1 6.9824E-1 6.37685E-1 5.55586E-1 5.55963E-1 5.28459E-1 5.56809E-1 5.89924E-1 6.97005E-1 5.43073E-1 5.17972E-1 5.54358E-1 5.2822E-1 5.85766E-1 5.07949E-1 5.25532E-1 6.00608E-1 5.29822E-1 6.73005E-1 6.29387E-1 4.67341E-1 5.51703E-1 5.09188E-1 3.44117E-1 4.24985E-1 5.15877E-1 3.31453E-1 3.4214E-1 3.32383E-1 3.0622E-1 3.19524E-1 3.09207E-1 3.12573E-1 3.18198E-1 3.20765E-1 2.97181E-1 3.11309E-1 4.54238E-1 4.8684E-1 3.31638E-1 2.99423E-1 2.87328E-1 2.60198E-1 2.55708E-1 2.5755E-1 2.75504E-1 2.56533E-1 2.4694E-1
6.28646E-1 6.59527E-1 6.01183E-1 6.02885E-1 5.91775E-1 5.47362E-1 5.35096E-1 6.88575E-1 6.16606E-1 6.54123E-1 7.18562E-1 5.93271E-1 7.09944E-1 6.46344E-1 4.80984E-1 6.50362E-1 5.68704E-1 5.94209E-1 5.8276E-1 6.21485E-1 7.05213E-1 6.10913E-1 6.09822E-1 6.08775E-1 5.43596E-1 5.05204E-1 5.25624E-1 4.97461E-1 4.56618E-1 4.85337E-1 5.33708E-1 5.80594E-1 6.72859E-1 6.15947E-1 6.4552E-1 6.18213E-1 5.99033E-1 5.65067E-1 5.81888E-1 5.02999E-1 3.44157E-1 3.47744E-1 3.44951E-1 3.32253E-1 3.32052E-1 3.09476E-1 3.12732E-1 2.84132E-1 3.18938E-1 3.14609E-1 4.32207E-1 5.49387E-1 4.94367E-1 2.92934E-1 2.97458E-1 2.8763E-1 2.71312E-1 2.92378E-1 2.89094E-1 2.65383E-1 2.391E-1
6.57167E-1 6.70835E-1 6.412E-1 6.45464E-1 6.27923E-1 5.4573E-1 5.41537E-1 6.26016E-1 5.98201E-1 6.25086E-1 6.48519E-1 5.94729E-1 7.34122E-1 5.54596E-1 5.85401E-1 5.68165E-1 5.71117E-1 5.56222E-1 5.83286E-1 5.43204E-1 6.01419E-1 5.9409E-1 5.60965E-1 5.21699E-1 5.00574E-1 5.12761E-1 5.22774E-1 4.80519E-1 4.7605E-1 4.54871E-1 4.97509E-1 5.02977E-1 6.01849E-1 5.45302E-1 4.34864E-1 4.91495E-1 4.52581E-1 4.65318E-1 5.8941E-1 6.23888E-1 4.41702E-1 3.52276E-1 3.57891E-1 3.47392E-1 3.43355E-1 4.92812E-1 5.02351E-1 4.39662E-1 5.38631E-1 3.23084E-1 3.86454E-1 5.3147E-1 5.55323E-1 3.49496E-1 2.968E-1 2.84232E-1 2.77547E-1 2.7821E-1 2.86344E-1 2.85457E-1 2.43769E-1
6.50685E-1 6.7404E-1 6.91147E-1 5.88815E-1 6.89131E-1 6.43616E-1 5.79801E-1 5.66544E-1 5.96014E-1 6.19101E-1 5.68142E-1 6.27324E-1 6.5858E-1 5.51362E-1 5.4987E-1 5.57098E-1 5.58203E-1 5.41667E-1 5.5301E-1 5.47367E-1 6.74665E-1 6.21743E-1 5.26378E-1 5.36059E-1 5.33489E-1 5.60547E-1 5.08099E-1 5.10957E-1 4.57541E-1 4.66575E-1 4.82993E-1 5.03307E-1 5.30285E-1 5.14888E-1 5.57943E-1 4.74523E-1 5.23651E-1 4.62248E-1 5.74663E-1 5.94842E-1 5.48199E-1 6.04643E-1 3.69813E-1 3.55192E-1 3.63423E-1 5.70079E-1 5.93145E-1 4.70932E-1 5.77552E-1 3.52486E-1 3.721E-1 5.24111E-1 6.0121E-1 5.42082E-1 3.14203E-1 3.14193E-1 2.93168E-1 2.98496E-1 3.05564E-1 3.01429E-1 3.86176E-1
6.71608E-1 4.88237E-1 4.84398E-1 6.44836E-1 6.5953E-1 6.32638E-1 5.95827E-1 5.95617E-1 6.02279E-1 5.93329E-1 6.26291E-1 5.58535E-1 5.98135E-1 5.66131E-1 5.84692E-1 5.57775E-1 5.46603E-1 5.39168E-1 5.31818E-1 5.80865E-1 5.6161E-1 5.97185E-1 5.53634E-1 5.48469E-1 5.88038E-1 5.49935E-1 5.08811E-1 5.58393E-1 5.09482E-1 4.92258E-1 4.7914E-1 4.56285E-1 4.74649E-1 5.03937E-1 5.66619E-1 4.91754E-1 4.79103E-1 4.27973E-1 4.32378E-1 5.48016E-1 5.15786E-1 4.85759E-1 5.63673E-1 3.68043E-1 3.87871E-1 3.61738E-1 5.68255E-1 3.93833E-1 6.00797E-1 3.568E-1 4.31493E-1 4.73859E-1 5.37873E-1 5.64578E-1 5.54496E-1 5.40239E-1 4.78373E-1 3.58784E-1 3.06838E-1 4.17912E-1 4.80962E-1
5.86718E-1 7.00117E-1 6.49303E-1 7.27298E-1 6.24572E-1 5.87074E-1 6.27646E-1 5.61292E-1 5.64959E-1 5.827E-1 6.49597E-1 6.33448E-1 5.71254E-1 5.40573E-1 5.57966E-1 5.63582E-1 5.52689E-1 5.45709E-1 5.63155E-1 5.87518E-1 5.6751E-1 5.80232E-1 6.33642E-1 5.33495E-1 6.18831E-1 5.21489E-1 5.38198E-1 5.44105E-1 5.23184E-1 4.98646E-1 5.36889E-1 5.20938E-1 4.9328E-1 5.13672E-1 4.69049E-1 4.55457E-1 5.50691E-1 4.34914E-1 3.9446E-1 3.78926E-1 3.78292E-1 3.71074E-1 4.92342E-1 5.78623E-1 5.65192E-1 5.71242E-1 5.88379E-1 5.57332E-1 6.05209E-1 3.83384E-1 6.14343E-1 5.49894E-1 4.28436E-1 4.26119E-1 4.49963E-1 4.72828E-1 5.14873E-1 5.66696E-1 5.67345E-1 5.27651E-1 2.98954E-1
7.01474E-1 6.50506E-1 7.29039E-1 7.25899E-1 6.52074E-1 5.99886E-1 6.13629E-1 5.60157E-1 5.34897E-1 6.08108E-1 5.51736E-1 6.1074E-1 5.29785E-1 5.31818E-1 5.43874E-1 5.51615E-1 5.47579E-1 5.31539E-1 5.45365E-1 5.76541E-1 5.77033E-1 6.05762E-1 5.74315E-1 5.31866E-1 5.47484E-1 5.51235E-1 4.84604E-1 5.52016E-1 5.36362E-1 5.13797E-1 4.67008E-1 4.71833E-1 4.69793E-1 4.52479E-1 4.92299E-1 4.6738E-1 4.636E-1 5.7262E-1 4.23168E-1 4.09254E-1 4.12851E-1 4.29563E-1 5.10449E-1 4.16131E-1 4.31678E-1 5.861E-1 5.68683E-1 4.72133E-1 5.32853E-1 5.93993E-1 6.11485E-1 6.0837E-1 5.74598E-1 3.80261E-1 3.94986E-1 4.56286E-1 4.05382E-1 3.96089E-1 5.0516E-1 3.72975E-1 2.6782E-1
7.19271E-1 6.73896E-1 7.32819E-1 6.66508E-1 6.29434E-1 6.32759E-1 5.91594E-1 6.86213E-1 5.76625E-1 6.20829E-1 5.858E-1 5.96584E-1 6.14141E-1 5.56635E-1 5.41854E-1 5.57636E-1 5.91536E-1 5.27692E-1 5.49707E-1 6.12554E-1 6.15139E-1 5.87243E-1 5.39794E-1 5.15689E-1 5.54503E-1 5.80893E-1 5.76141E-1 5.09548E-1 5.14094E-1 5.17711E-1 4.67644E-1 4.76079E-1 4.49599E-1 4.6366E-1 4.44141E-1 4.41497E-1 6.08792E-1 6.37583E-1 4.18115E-1 4.33248E-1 4.17877E-1 4.04976E-1 5.34607E-1 5.53683E-1 3.77156E-1 6.0402E-1 6.56363E-1 5.50219E-1 6.52179E-1 6.36664E-1 5.74441E-1 6.32849E-1 5.44504E-1 5.72591E-1 6.41021E-1 4.47482E-1 4.6675E-1 6.11215E-1 5.92045E-1 4.07537E-1 2.80499E-1
6.89687E-1 6.73438E-1 7.35734E-1 7.16265E-1 6.33602E-1 6.64937E-1 6.59063E-1 6.57936E-1 6.4836E-1 6.85834E-1 5.9668E-1 6.17738E-1 5.91331E-1 5.31305E-1 5.5208E-1 5.44779E-1 6.14292E-1 5.25703E-1 5.08038E-1 5.48896E-1 5.41383E-1 5.60264E-1 5.54519E-1 5.57514E-1 5.94984E-1 6.0262E-1 5.46811E-1 4.80481E-1 5.27331E-1 4.90914E-1 4.73763E-1 5.13099E-1 4.9961E-1 5.12997E-1 4.80161E-1 4.96892E-1 6.50817E-1 5.42782E-1 5.48165E-1 4.90833E-1 4.4953E-1 6.13767E-1 6.54822E-1 5.7797E-1 4.44402E-1 3.95308E-1 5.75882E-1 6.35623E-1 4.78637E-1 5.63029E-1 6.2486E-1 6.159E-1 4.59301E-1 4.46952E-1 5.03478E-1 4.9214E-1 6.14818E-1 5.94362E-1 6.3311E-1 5.85875E-1 5.6475E-1
6.72343E-1 7.13756E-1 6.95156E-1 7.30216E-1 6.82547E-1 7.42417E-1 6.71941E-1 6.51956E-1 6.50587E-1 5.98572E-1 6.44806E-1 5.86032E-1 5.6486E-1 5.9957E-1 5.80982E-1 5.56611E-1 5.3593E-1 5.32489E-1 5.51957E-1 5.26973E-1 5.00185E-1 5.52938E-1 5.88476E-1 7.26676E-1 6.53988E-1 5.70691E-1 5.84594E-1 5.73568E-1 5.23376E-1 5.17249E-1 5.25448E-1 5.0939E-1 4.98361E-1 5.4837E-1 5.1269E-1 6.76031E-1 6.72989E-1 5.00579E-1 5.58122E-1 5.88663E-1 4.6486E-1 6.36358E-1 4.9486E-1 4.16339E-1 4.42415E-1 4.58707E-1 4.90503E-1 6.69682E-1 6.56634E-1 4.25829E-1 6.61504E-1 5.88091E-1 4.79423E-1 4.89552E-1 4.7179E-1 5.36771E-1 6.58309E-1 6.31324E-1 5.2647E-1 5.4388E-1 2.64103E-1
6.33934E-1 6.96296E-1 6.06746E-1 7.28934E-1 7.08586E-1 6.77244E-1 6.23861E-1 6.58854E-1 6.85647E-1 6.54483E-1 6.82725E-1 7.12195E-1 5.99461E-1 5.80902E-1 5.84908E-1 5.73144E-1 5.61319E-1 5.50828E-1 5.21034E-1 5.34701E-1 5.2437E-1 5.50195E-1 6.71788E-1 5.667E-1 6.2178E-1 6.47103E-1 6.52112E-1 6.12261E-1 5.02554E-1 5.57934E-1 5.18622E-1 5.14172E-1 4.96832E-1 5.77406E-1 5.01007E-1 5.45686E-1 5.21677E-1 5.89537E-1 6.88232E-1 6.08414E-1 5.35812E-1 4.10263E-1 5.25943E-1 5.60989E-1 3.82314E-1 3.76316E-1 5.14458E-1 6.6267E-1 6.47755E-1 6.48898E-1 6.71394E-1 5.7487E-1 4.10666E-1 5.78585E-1 5.00189E-1 6.23905E-1 4.91966E-1 5.13783E-1 4.30332E-1 3.25827E-1 3.89518E-1
6.09673E-1 7.09591E-1 6.90187E-1 7.06547E-1 7.20224E-1 6.56826E-1 6.18268E-1 6.70552E-1 6.31797E-1 7.19506E-1 6.41049E-1 7.34014E-1 5.97405E-1 6.33707E-1 7.18812E-1 6.08041E-1 5.63562E-1 5.16991E-1 4.82293E-1 5.52541E-1 5.25012E-1 5.80799E-1 6.1744E-1 6.92087E-1 7.20318E-1 7.32512E-1 7.03672E-1 7.2548E-1 5.40934E-1 5.15486E-1 5.31881E-1 6.86714E-1 6.99917E-1 6.31528E-1 5.41543E-1 4.85406E-1 4.76035E-1 6.10897E-1 6.04909E-1 6.06275E-1 4.96858E-1 5.6235E-1 4.35618E-1 4.33776E-1 4.9753E-1 4.07165E-1 4.85234E-1 5.70545E-1 6.49766E-1 6.50205E-1 6.0612E-1 5.58205E-1 4.03396E-1 5.99506E-1 5.85456E-1 6.7266E-1 5.28058E-1 6.50365E-1 4.85639E-1 4.19579E-1 3.58597E-1
6.06673E-1 6.35297E-1 7.12021E-1 7.39589E-1 7.44918E-1 6.35469E-1 6.14935E-1 6.39793E-1 6.41056E-1 6.42012E-1 5.7186E-1 5.85911E-1 5.84784E-1 5.86174E-1 6.27104E-1 6.46483E-1 5.52379E-1 4.81249E-1 5.08313E-1 5.29175E-1 5.39553E-1 5.56222E-1 5.29534E-1 5.59665E-1 5.70678E-1 7.24589E-1 5.3591E-1 5.32182E-1 4.94826E-1 5.50967E-1 7.00081E-1 6.09962E-1 6.30772E-1 5.01513E-1 5.1787E-1 4.96204E-1 4.89456E-1 4.84438E-1 5.88693E-1 6.7581E-1 4.8796E-1 6.38612E-1 4.60942E-1 4.15969E-1 4.63081E-1 4.26542E-1 4.16317E-1 4.22977E-1 5.14645E-1 6.42559E-1 5.04227E-1 5.17944E-1 4.00206E-1 5.28956E-1 5.43577E-1 6.51147E-1 6.23952E-1 6.25457E-1 4.59466E-1 3.64356E-1 3.26582E-1
6.29775E-1 6.3473E-1 6.5281E-1 6.95241E-1 6.4384E-1 6.68663E-1 6.53581E-1 6.5817E-1 6.6517E-1 6.37514E-1 6.04443E-1 5.87265E-1 5.65647E-1 5.77722E-1 5.93178E-1 6.00892E-1 5.11909E-1 4.62733E-1 4.96328E-1 5.48314E-1 5.90977E-1 6.77476E-1 5.2701E-1 5.39638E-1 5.71514E-1 7.34443E-1 5.45468E-1 4.78465E-1 4.909E-1 6.14753E-1 6.059E-1 5.15032E-1 5.91306E-1 5.92822E-1 5.73784E-1 5.04077E-1 4.88782E-1 4.81408E-1 4.69499E-1 5.14011E-1 4.85901E-1 5.29157E-1 5.38598E-1 4.34305E-1 4.72148E-1 4.9619E-1 4.24919E-1 4.05913E-1 4.96049E-1 5.66398E-1 5.05891E-1 4.15646E-1 4.9182E-1 4.08863E-1 4.54158E-1 5.83938E-1 5.30541E-1 4.56068E-1 3.75051E-1 3.83983E-1 4.36281E-1
7.1546E-1 6.50837E-1 6.56336E-1 6.61056E-1 6.47763E-1 7.3331E-1 6.80944E-1 6.66825E-1 7.10905E-1 7.05675E-1 6.94673E-1 6.35485E-1 6.91179E-1 6.03217E-1 6.09163E-1 6.14515E-1 5.71689E-1 5.22754E-1 5.0492E-1 5.0537E-1 5.15935E-1 5.43886E-1 5.39527E-1 5.67483E-1 6.48201E-1 6.77567E-1 5.4024E-1 5.35883E-1 5.39356E-1 5.18072E-1 5.36448E-1 4.87977E-1 5.01465E-1 5.48738E-1 5.39683E-1 5.44309E-1 5.0277E-1 4.90843E-1 5.09381E-1 4.78341E-1 5.02408E-1 5.07681E-1 6.10498E-1 5.55603E-1 4.59861E-1 4.31245E-1 4.32403E-1 4.33278E-1 4.91463E-1 6.07396E-1 4.44435E-1 4.89421E-1 4.19308E-1 3.98896E-1 4.50205E-1 4.83691E-1 5.66486E-1 4.47223E-1 4.28834E-1 3.96275E-1 4.24769E-1
7.42047E-1 6.37729E-1 6.63075E-1 6.45224E-1 6.25628E-1 6.83387E-1 6.78597E-1 7.3216E-1 6.89981E-1 7.02214E-1 6.90633E-1 6.66581E-1 6.69742E-1 7.03389E-1 6.02269E-1 6.41191E-1 6.22584E-1 5.72559E-1 5.40431E-1 6.30512E-1 5.24675E-1 5.32953E-1 5.18448E-1 5.23758E-1 5.92907E-1 7.14308E-1 5.40064E-1 5.33794E-1 5.29597E-1 4.91589E-1 5.16815E-1 5.04E-1 5.41184E-1 5.90214E-1 5.46829E-1 6.42843E-1 5.35674E-1 5.30002E-1 5.18923E-1 4.94512E-1 4.75516E-1 5.87666E-1 7.55956E-1 6.49866E-1 5.15012E-1 4.59806E-1 4.26442E-1 4.44796E-1 4.27387E-1 4.31892E-1 4.37033E-1 4.41594E-1 3.96677E-1 4.06584E-1 4.32102E-1 4.84338E-1 4.76595E-1 5.28019E-1 4.89418E-1 4.59865E-1 4.0533E-1
6.66839E-1 6.72769E-1 6.54422E-1 6.42894E-1 6.34572E-1 6.12328E-1 6.09731E-1 6.67886E-1 7.00965E-1 6.3938E-1 7.02736E-1 6.7593E-1 7.48286E-1 6.61941E-1 5.96495E-1 7.26318E-1 6.51139E-1 5.9129E-1 5.76463E-1 5.65107E-1 5.34409E-1 5.60708E-1 6.43443E-1 6.48904E-1 6.78531E-1 7.2329E-1 6.63763E-1 5.36306E-1 5.3189E-1 4.91775E-1 5.36083E-1 5.13033E-1 5.43685E-1 5.47091E-1 5.87516E-1 7.04557E-1 5.37651E-1 5.28559E-1 6.16233E-1 5.3521E-1 5.27101E-1 4.80273E-1 6.02442E-1 6.29225E-1 5.53721E-1 5.37761E-1 5.2498E-1 5.02533E-1 4.2412E-1 4.13971E-1 4.63379E-1 3.98718E-1 4.05818E-1 4.04499E-1 4.38098E-1 4.40172E-1 4.23526E-1 4.60199E-1 4.24148E-1 4.11048E-1 4.48812E-1
7.03643E-1 6.6267E-1 6.47687E-1 6.2991E-1 6.42686E-1 6.13882E-1 6.00816E-1 6.06014E-1 5.44796E-1 6.38241E-1 7.13236E-1 6.64699E-1 6.63272E-1 6.14488E-1 6.08921E-1 7.2209E-1 7.14106E-1 5.91813E-1 5.86961E-1 5.98024E-1 5.89784E-1 5.59129E-1 5.73591E-1 5.68527E-1 5.83056E-1 6.63994E-1 7.19284E-1 5.76757E-1 5.36745E-1 5.80222E-1 5.72433E-1 5.70662E-1 5.35174E-1 5.85351E-1 6.21421E-1 5.81494E-1 5.40522E-1 5.42573E-1 5.23066E-1 5.6766E-1 5.04259E-1 5.3103E-1 4.76261E-1 5.13773E-1 7.48349E-1 5.75136E-1 5.15905E-1 5.72151E-1 5.20022E-1 4.99931E-1 4.74315E-1 4.00255E-1 4.41335E-1 4.08993E-1 4.37517E-1 4.05713E-1 4.81236E-1 4.5468E-1 4.13343E-1 4.4457E-1 4.11613E-1
6.93316E-1 6.58768E-1 6.56206E-1 6.48213E-1 6.52388E-1 6.22946E-1 6.24738E-1 5.79904E-1 5.23749E-1 6.77749E-1 6.45644E-1 6.25771E-1 6.47643E-1 6.71285E-1 6.02717E-1 7.44866E-1 5.97187E-1 5.92419E-1 6.33591E-1 6.05337E-1 6.92655E-1 5.79304E-1 5.48311E-1 5.31957E-1 5.3508E-1 5.19828E-1 6.61605E-1 5.86084E-1 6.34619E-1 5.91735E-1 6.16696E-1 5.70652E-1 5.97783E-1 5.69903E-1 5.98025E-1 6.05033E-1 5.32249E-1 5.79308E-1 5.27784E-1 5.55196E-1 4.99338E-1 5.65231E-1 5.11686E-1 4.95554E-1 6.78438E-1 4.63598E-1 4.794E-1 4.62048E-1 6.15863E-1 4.36747E-1 4.41922E-1 4.41545E-1 4.76637E-1 4.52997E-1 4.15834E-1 4.12501E-1 6.03905E-1 4.43121E-1 5.53171E-1 4.04262E-1 3.4189E-1
6.96567E-1 6.667E-1 6.54258E-1 6.39929E-1 6.50054E-1 6.53575E-1 6.60132E-1 5.97019E-1 5.57E-1 6.24571E-1 6.44313E-1 6.28923E-1 6.21968E-1 6.44536E-1 6.564E-1 6.16726E-1 5.91224E-1 5.90787E-1 6.04005E-1 6.70939E-1 6.55847E-1 5.92698E-1 5.51581E-1 5.4632E-1 5.26671E-1 5.36514E-1 6.0898E-1 6.49258E-1 6.16153E-1 6.67344E-1 6.3472E-1 6.43598E-1 6.07129E-1 5.64734E-1 6.19764E-1 5.72166E-1 5.71173E-1 5.94093E-1 5.52426E-1 5.33591E-1 6.54795E-1 6.25846E-1 5.1982E-1 4.99461E-1 4.68914E-1 5.63534E-1 4.80757E-1 5.56746E-1 7.03565E-1 6.53822E-1 5.42376E-1 4.34472E-1 5.21903E-1 4.37788E-1 4.45798E-1 4.23244E-1 4.18951E-1 4.16928E-1 5.14283E-1 4.51756E-1 4.3281E-1
7.02954E-1 6.64977E-1 6.62013E-1 6.21517E-1 5.85851E-1 6.24672E-1 6.11746E-1 6.05799E-1 5.94539E-1 6.22017E-1 6.28522E-1 6.31586E-1 6.31858E-1 5.98672E-1 7.15272E-1 6.72715E-1 6.02547E-1 5.94769E-1 6.10276E-1 6.14679E-1 5.92052E-1 6.0413E-1 5.94023E-1 5.60966E-1 5.79659E-1 5.73923E-1 6.47607E-1 6.0907E-1 6.11184E-1 7.65468E-1 6.49176E-1 6.08628E-1 6.0099E-1 6.39155E-1 6.03148E-1 6.05645E-1 5.85961E-1 5.9566E-1 5.28604E-1 5.67529E-1 5.60938E-1 5.91044E-1 5.62215E-1 5.39276E-1 4.87639E-1 5.59266E-1 5.07735E-1 4.98322E-1 5.64159E-1 5.69564E-1 4.98573E-1 6.99525E-1 6.86042E-1 4.59042E-1 5.227E-1 4.26793E-1 4.21954E-1 4.62435E-1 4.24E-1 4.00852E-1 3.61938E-1
7.08653E-1 6.71911E-1 6.43914E-1 6.18771E-1 5.83778E-1 5.68387E-1 6.11642E-1 6.08477E-1 5.67251E-1 6.28817E-1 6.29565E-1 6.34731E-1 6.66858E-1 6.28002E-1 6.1004E-1 6.08107E-1 5.8746E-1 6.56967E-1 6.24846E-1 6.8352E-1 6.09402E-1 5.79854E-1 5.95424E-1 6.57792E-1 6.22199E-1 5.96353E-1 6.95047E-1 5.8882E-1 5.98846E-1 6.13922E-1 5.98375E-1 6.03642E-1 5.88524E-1 6.02937E-1 6.1378E-1 6.25628E-1 5.63645E-1 5.45013E-1 5.25572E-1 5.26382E-1 5.26963E-1 7.81194E-1 6.39539E-1 5.2403E-1 5.19415E-1 4.90965E-1 4.68697E-1 4.6239E-1 5.50273E-1 4.82899E-1 4.90713E-1 5.07484E-1 4.92139E-1 4.61337E-1 5.24925E-1 4.30165E-1 4.08977E-1 4.32215E-1 4.76805E-1 3.84418E-1 3.76461E-1
7.27533E-1 6.88086E-1 6.45308E-1 6.14442E-1 6.06687E-1 6.27996E-1 6.17727E-1 6.27642E-1 6.21134E-1 6.36359E-1 6.20277E-1 6.51703E-1 7.07745E-1 6.76997E-1 6.3137E-1 5.77567E-1 5.93437E-1 6.07171E-1 6.48437E-1 6.4227E-1 6.1693E-1 6.01722E-1 6.02445E-1 6.14642E-1 6.31213E-1 6.14649E-1 5.80222E-1 6.0445E-1 6.11352E-1 5.84487E-1 5.98579E-1 5.90412E-1 5.86961E-1 6.04529E-1 6.07766E-1 6.12372E-1 5.72108E-1 5.53562E-1 6.22416E-1 5.35362E-1 5.42581E-1 5.33552E-1 5.24546E-1 5.36744E-1 5.236E-1 5.19491E-1 4.81262E-1 4.72807E-1 4.88213E-1 5.27742E-1 5.92831E-1 6.05956E-1 5.14544E-1 4.75705E-1 4.41886E-1 5.17764E-1 4.53563E-1 4.14869E-1 4.07153E-1 4.56694E-1 3.91064E-1
