Final_Models_July82022/M_0.1_F_lqp_Set_1/Bison_8.asc
ncols         290
nrows         380
xllcorner     -2197417.7431653
yllcorner     -584827.01486885
cellsize      10000.0
NODATA_value  -9999
[rows 108 to 134 of 380, columns 122 to 182 of 290]
7.00567E-2 1.07255E-1 1.0423E-1 8.75339E-2 9.77794E-2 1.01972E-1 1.0129E-1 5.32878E-2 4.8353E-2 4.67709E-2 1.0455E-1 1.10964E-1 1.08615E-1 9.38142E-2 1.0722E-1 9.36735E-2 9.21906E-2 7.49995E-2 8.51992E-2 9.08017E-2 9.60843E-2 1.08289E-1 1.00836E-1 1.01883E-1 8.931E-2 9.80768E-2 1.13822E-1 9.55313E-2 6.20927E-2 5.98019E-2 6.48082E-2 6.20768E-2 3.66445E-2 3.8912E-2 4.47938E-2 2.82629E-2 2.25958E-2 1.80376E-2 1.6964E-2 1.65479E-2 2.31116E-2 1.42349E-2 1.67337E-2 1.44384E-2 1.10889E-2 1.21078E-2 1.82108E-2 9.33339E-3 7.71348E-3 8.29697E-3 8.3046E-3 8.82981E-3 1.03851E-2 9.70137E-3 8.62815E-3 8.64555E-3 8.19708E-3 8.17409E-3 7.51194E-3 7.44093E-3 7.26834E-3
1.06989E-1 1.04489E-1 7.22547E-2 9.46248E-2 6.30426E-2 6.06649E-2 1.08044E-1 6.9349E-2 4.88303E-2 4.90575E-2 8.25183E-2 1.08755E-1 1.095E-1 1.00279E-1 1.00355E-1 9.25734E-2 8.58934E-2 8.61276E-2 9.95793E-2 1.12495E-1 9.72089E-2 1.11008E-1 1.10683E-1 9.16289E-2 3.86987E-2 5.32824E-2 1.11496E-1 1.6422E-1 7.09815E-2 6.02116E-2 6.50744E-2 6.11263E-2 4.7534E-2 3.01769E-2 3.49166E-2 1.80726E-2 3.0057E-2 2.16085E-2 2.28022E-2 2.1856E-2 2.42883E-2 2.37149E-2 2.18908E-2 1.88104E-2 1.72504E-2 1.32846E-2 1.83409E-2 9.58938E-3 9.937E-3 9.60839E-3 9.2738E-3 9.16138E-3 1.2801E-2 9.95573E-3 9.25162E-3 9.67822E-3 9.22561E-3 8.18494E-3 8.42286E-3 7.62346E-3 7.61738E-3
6.83617E-2 7.57825E-2 5.28639E-2 6.46924E-2 9.66306E-2 8.39571E-2 1.04293E-1 1.30313E-1 8.50358E-2 7.67502E-2 9.43054E-2 1.09681E-1 1.00464E-1 9.59509E-2 9.88366E-2 9.81115E-2 9.22537E-2 1.02357E-1 9.9887E-2 1.04503E-1 1.06579E-1 1.06782E-1 1.04272E-1 4.94628E-2 3.85239E-2 6.11638E-2 7.5094E-2 6.4781E-2 6.1183E-2 5.41555E-2 4.82127E-2 2.99001E-2 3.29854E-2 4.02283E-2 3.46098E-2 4.00152E-2 2.25109E-2 2.63845E-2 1.92651E-2 2.82914E-2 2.95867E-2 2.80385E-2 2.87792E-2 3.23178E-2 1.66181E-2 1.34226E-2 1.86324E-2 2.16998E-2 1.25412E-2 1.29866E-2 1.20887E-2 1.06766E-2 8.4996E-3 8.73778E-3 8.32709E-3 8.93157E-3 8.29254E-3 8.15296E-3 7.95975E-3 7.94348E-3 7.72084E-3
6.24174E-2 1.15281E-1 1.21757E-1 7.50265E-2 9.28775E-2 1.12737E-1 8.54924E-2 8.8695E-2 1.12019E-1 1.16466E-1 1.05894E-1 1.06098E-1 1.06377E-1 9.87505E-2 9.68331E-2 1.02259E-1 1.00911E-1 1.04393E-1 1.02649E-1 9.87239E-2 1.1775E-1 1.0377E-1 8.8956E-2 9.87761E-2 5.6419E-2 4.02346E-2 6.72584E-2 4.79527E-2 8.9587E-2 2.94483E-2 4.17833E-2 2.62699E-2 4.03621E-2 8.44703E-2 4.15501E-2 4.24979E-2 3.34565E-2 2.93896E-2 3.19338E-2 2.32105E-2 2.5395E-2 2.80813E-2 2.55599E-2 1.67194E-2 1.43446E-2 1.32112E-2 1.67105E-2 1.78693E-2 1.99837E-2 1.47895E-2 1.44194E-2 1.57E-2 1.2213E-2 9.10929E-3 8.4974E-3 9.35966E-3 1.20846E-2 8.40466E-3 8.05644E-3 8.55399E-3 8.3146E-3
6.04364E-2 6.29418E-2 9.05902E-2 1.05172E-1 1.18385E-1 1.27292E-1 1.30626E-1 8.69816E-2 1.01629E-1 9.72766E-2 1.12365E-1 1.0615E-1 1.04701E-1 1.07243E-1 8.14543E-2 1.00782E-1 1.01142E-1 9.85075E-2 8.83855E-2 1.03029E-1 1.06388E-1 1.01648E-1 1.16253E-1 1.12646E-1 1.09245E-1 9.63473E-2 1.18197E-1 6.51842E-2 3.74189E-2 6.60778E-2 8.18286E-2 5.74828E-2 6.47527E-2 9.02346E-2 6.49315E-2 5.89503E-2 3.6692E-2 2.69341E-2 2.29019E-2 2.42697E-2 2.48414E-2 1.84547E-2 1.46329E-2 1.2999E-2 1.39335E-2 1.94245E-2 1.41901E-2 1.83421E-2 1.96154E-2 1.20573E-2 1.69543E-2 1.17173E-2 1.14487E-2 9.75956E-3 8.65268E-3 8.185E-3 9.10175E-3 8.463E-3 8.97766E-3 8.82391E-3 8.7318E-3
7.76576E-2 6.57181E-2 8.47004E-2 1.20651E-1 1.13476E-1 1.27426E-1 9.45038E-2 9.79753E-2 8.31644E-2 7.85265E-2 1.00073E-1 1.04743E-1 1.00782E-1 1.08772E-1 1.07766E-1 8.52413E-2 1.01943E-1 7.91988E-2 1.07024E-1 1.13015E-1 1.13225E-1 1.21948E-1 1.0686E-1 1.07815E-1 1.03682E-1 1.11772E-1 1.19564E-1 9.64612E-2 4.71617E-2 6.90019E-2 6.92262E-2 9.5436E-2 1.01648E-1 9.92266E-2 1.08521E-1 6.26333E-2 2.37862E-2 3.3467E-2 3.70794E-2 2.48584E-2 2.46989E-2 1.85788E-2 1.85159E-2 1.48765E-2 1.37E-2 1.52774E-2 1.52671E-2 1.62143E-2 1.55885E-2 9.74505E-3 1.58912E-2 1.44428E-2 1.02893E-2 1.01079E-2 9.4884E-3 9.04393E-3 8.82974E-3 8.54391E-3 8.79756E-3 8.63427E-3 8.40408E-3
5.99315E-2 1.16625E-1 9.57505E-2 6.18153E-2 9.73698E-2 9.5734E-2 9.5029E-2 6.87963E-2 7.05919E-2 8.96585E-2 1.14145E-1 1.03416E-1 9.88943E-2 9.96843E-2 1.41783E-1 7.24334E-2 9.41181E-2 1.32711E-1 1.36473E-1 1.28893E-1 1.17356E-1 1.22471E-1 1.05947E-1 1.22782E-1 1.06633E-1 1.19501E-1 1.18357E-1 1.02444E-1 5.08026E-2 3.74545E-2 3.41028E-2 9.35385E-2 6.62821E-2 1.05046E-1 7.72572E-2 4.70552E-2 4.0165E-2 5.26449E-2 6.43028E-2 3.58524E-2 3.56396E-2 3.51893E-2 3.80576E-2 2.06329E-2 1.88124E-2 1.57918E-2 1.89985E-2 1.81771E-2 1.21545E-2 1.26211E-2 1.32586E-2 1.2749E-2 1.06974E-2 1.13293E-2 1.25148E-2 1.19556E-2 1.08479E-2 9.7573E-3 9.46284E-3 8.85811E-3 8.74255E-3
6.80149E-2 7.55781E-2 1.04137E-1 8.26326E-2 1.00994E-1 1.03661E-1 9.43159E-2 7.38113E-2 7.98086E-2 7.35502E-2 1.32101E-1 1.16368E-1 1.03681E-1 1.05549E-1 9.91677E-2 9.12091E-2 1.0661E-1 1.07327E-1 1.09667E-1 1.10711E-1 1.12231E-1 1.13909E-1 1.1065E-1 1.22901E-1 1.16537E-1 5.98414E-2 1.09331E-1 1.10962E-1 7.86541E-2 3.73478E-2 3.61867E-2 1.13279E-1 1.00117E-1 1.18412E-1 3.90719E-2 3.60938E-2 7.8896E-2 8.96534E-2 4.5555E-2 6.14198E-2 6.9749E-2 4.77526E-2 3.58035E-2 3.16107E-2 1.97363E-2 2.34082E-2 2.65883E-2 1.75457E-2 1.5215E-2 2.01656E-2 1.45108E-2 1.35172E-2 1.72896E-2 2.36379E-2 1.89093E-2 1.40591E-2 1.20484E-2 9.90173E-3 9.83294E-3 9.29812E-3 8.52948E-3
4.9163E-2 7.82685E-2 6.89992E-2 7.0214E-2 9.77158E-2 1.2649E-1 1.04182E-1 6.85304E-2 9.24403E-2 1.13239E-1 1.01517E-1 1.04586E-1 1.06832E-1 1.0801E-1 1.07139E-1 7.2055E-2 6.9214E-2 1.20168E-1 1.20604E-1 1.25357E-1 1.22114E-1 1.21397E-1 1.21629E-1 1.12528E-1 7.99413E-2 1.18636E-1 6.46276E-2 8.96085E-2 1.59283E-1 8.66377E-2 3.88388E-2 3.2139E-2 3.79951E-2 8.72015E-2 1.2289E-1 6.05685E-2 6.35914E-2 6.43156E-2 5.80761E-2 6.32096E-2 5.1405E-2 3.57575E-2 4.00824E-2 4.10258E-2 2.70371E-2 2.96727E-2 3.13307E-2 1.82477E-2 3.87431E-2 1.9286E-2 2.21181E-2 2.74637E-2 2.48178E-2 2.35128E-2 1.79531E-2 1.59203E-2 1.32152E-2 1.11945E-2 9.72867E-3 9.69914E-3 1.00032E-2
4.12607E-2 6.17061E-2 8.65294E-2 6.95038E-2 6.73496E-2 1.18894E-1 1.56643E-1 1.45496E-1 1.33663E-1 1.27758E-1 1.04742E-1 1.03269E-1 1.08225E-1 1.14323E-1 1.19106E-1 1.24368E-1 6.96944E-2 9.8141E-2 1.18103E-1 1.26315E-1 1.24059E-1 1.25775E-1 1.18845E-1 1.22342E-1 1.0419E-1 1.17308E-1 1.25312E-1 1.16337E-1 1.28979E-1 7.40983E-2 3.95129E-2 3.31038E-2 3.87293E-2 7.18135E-2 1.44777E-1 7.06236E-2 6.76755E-2 7.59738E-2 7.41336E-2 5.70205E-2 5.15687E-2 3.83671E-2 6.42383E-2 4.9047E-2 3.71189E-2 3.88457E-2 6.88901E-2 4.52894E-2 4.99393E-2 4.11969E-2 3.52157E-2 3.2651E-2 3.7541E-2 2.02787E-2 1.88276E-2 1.50989E-2 1.43739E-2 1.33212E-2 1.06032E-2 1.20908E-2 9.84833E-3
4.99907E-2 4.16774E-2 4.7531E-2 5.90074E-2 6.32319E-2 1.01529E-1 1.27512E-1 1.20709E-1 1.24297E-1 1.12841E-1 1.0298E-1 1.1323E-1 1.13591E-1 1.11666E-1 1.13736E-1 2.58479E-1 8.69411E-2 6.60666E-2 6.06134E-2 1.18474E-1 1.23623E-1 1.29438E-1 1.26704E-1 1.47377E-1 1.282E-1 1.23827E-1 1.09581E-1 1.15642E-1 1.29218E-1 1.0624E-1 6.25531E-2 1.01914E-1 8.0269E-2 1.41631E-1 1.35903E-1 1.16297E-1 1.04371E-1 1.05634E-1 7.6342E-2 7.70672E-2 5.58444E-2 5.3188E-2 5.27092E-2 8.03297E-2 4.14646E-2 6.33664E-2 9.68325E-2 8.94851E-2 9.70207E-2 4.51899E-2 4.97554E-2 3.97861E-2 3.77658E-2 2.56081E-2 2.37461E-2 2.38146E-2 1.89147E-2 1.29057E-2 1.58338E-2 1.05925E-2 9.4508E-3
4.82883E-2 4.40502E-2 6.18263E-2 8.7059E-2 6.55666E-2 1.10654E-1 1.20771E-1 1.15846E-1 1.13508E-1 1.24618E-1 1.18556E-1 1.15366E-1 1.16894E-1 1.04134E-1 1.11844E-1 1.3234E-1 1.91265E-1 1.00836E-1 7.66627E-2 9.68895E-2 1.41873E-1 1.2706E-1 1.35012E-1 1.30797E-1 1.06754E-1 1.37403E-1 1.32368E-1 7.43116E-2 6.82835E-2 4.74799E-2 4.29323E-2 6.48176E-2 8.53879E-2 1.30667E-1 1.33154E-1 1.25116E-1 1.21242E-1 6.41151E-2 7.0876E-2 7.73238E-2 4.43153E-2 5.09923E-2 3.58702E-2 3.05677E-2 2.92926E-2 3.22573E-2 3.3967E-2 4.6915E-2 6.04187E-2 5.84977E-2 8.46721E-2 8.23152E-2 7.49876E-2 8.60434E-2 7.81601E-2 5.81557E-2 1.58191E-2 1.60791E-2 1.02194E-2 9.57326E-3 9.51522E-3
6.93195E-2 6.7447E-2 8.64139E-2 9.05443E-2 8.52019E-2 9.19559E-2 9.59838E-2 1.29141E-1 1.2474E-1 1.20862E-1 1.21698E-1 1.17057E-1 1.25008E-1 1.12267E-1 1.25618E-1 1.33385E-1 1.10361E-1 1.33161E-1 9.90967E-2 6.15708E-2 1.08552E-1 1.40856E-1 1.51259E-1 1.28572E-1 1.47257E-1 1.43776E-1 1.3663E-1 9.06461E-2 4.85763E-2 4.12067E-2 5.6588E-2 8.17082E-2 1.35684E-1 1.45959E-1 1.68158E-1 1.37845E-1 1.36338E-1 1.17834E-1 8.08309E-2 5.15035E-2 4.70176E-2 4.65587E-2 7.6107E-2 8.51665E-2 5.64316E-2 5.24552E-2 5.24957E-2 2.90934E-2 2.89342E-2 6.10773E-2 5.38682E-2 9.5997E-2 8.12561E-2 1.02736E-1 6.36342E-2 2.15274E-2 1.32815E-2 1.02556E-2 9.98953E-3 1.11666E-2 1.0233E-2
1.17317E-1 7.08499E-2 1.06784E-1 1.31793E-1 1.1618E-1 8.49637E-2 9.48441E-2 1.27486E-1 1.25563E-1 1.23464E-1 1.25742E-1 1.23106E-1 1.36747E-1 1.28954E-1 1.25042E-1 1.33317E-1 1.2885E-1 1.45542E-1 9.8724E-2 6.97037E-2 7.13042E-2 1.6005E-1 1.73239E-1 1.20802E-1 1.55933E-1 1.54364E-1 1.47025E-1 1.38473E-1 1.14326E-1 1.17845E-1 1.47245E-1 1.33719E-1 1.40188E-1 1.13421E-1 1.35712E-1 1.41364E-1 1.52132E-1 1.62561E-1 1.21074E-1 9.29538E-2 1.02843E-1 7.56906E-2 1.1025E-1 9.9473E-2 2.01367E-1 1.02231E-1 1.12686E-1 6.78428E-2 3.42968E-2 2.67628E-2 2.7493E-2 6.11963E-2 1.10464E-1 2.56271E-2 2.1691E-2 1.7917E-2 1.32873E-2 1.22726E-2 1.18624E-2 1.14632E-2 1.07293E-2
1.0103E-1 1.30588E-1 1.48686E-1 1.56722E-1 1.28122E-1 1.22924E-1 1.35145E-1 1.33509E-1 1.3017E-1 1.27279E-1 1.10498E-1 1.10288E-1 1.3653E-1 1.695E-1 1.26974E-1 1.50934E-1 1.33121E-1 1.44396E-1 1.20843E-1 7.79103E-2 8.4188E-2 8.43606E-2 8.22778E-2 1.2748E-1 1.70449E-1 1.89916E-1 1.47473E-1 1.5072E-1 1.35463E-1 1.44705E-1 1.5388E-1 1.47135E-1 1.36888E-1 1.24635E-1 1.50352E-1 1.50433E-1 1.6251E-1 5.5258E-2 1.13514E-1 5.32239E-2 4.48005E-2 3.74737E-2 3.38509E-2 3.45238E-2 3.03461E-2 2.9761E-2 4.89245E-2 9.63772E-2 1.00149E-1 8.73824E-2 4.34119E-2 7.94815E-2 8.64517E-2 2.82249E-2 1.7579E-2 1.54912E-2 1.62948E-2 1.49402E-2 1.17505E-2 1.23788E-2 1.18294E-2
1.74091E-1 1.79384E-1 1.67004E-1 1.88534E-1 1.30178E-1 1.31263E-1 1.35038E-1 1.35902E-1 1.3095E-1 1.2815E-1 1.20907E-1 1.29281E-1 1.36948E-1 1.41534E-1 1.36137E-1 1.44136E-1 1.59948E-1 1.60317E-1 1.76846E-1 1.00683E-1 9.31668E-2 9.80018E-2 9.91332E-2 9.40522E-2 1.57423E-1 1.97174E-1 1.64222E-1 1.53265E-1 1.41018E-1 1.34435E-1 1.3487E-1 1.38538E-1 1.207E-1 1.46204E-1 1.59254E-1 1.60423E-1 1.53654E-1 8.53535E-2 5.03325E-2 5.63193E-2 4.44112E-2 4.59218E-2 6.79629E-2 6.41139E-2 8.27393E-2 5.66283E-2 1.22246E-1 1.04926E-1 7.16594E-2 8.89411E-2 1.33165E-1 1.0833E-1 8.86604E-2 5.46121E-2 2.72963E-2 2.11606E-2 2.12587E-2 1.66562E-2 1.27247E-2 1.28102E-2 1.23452E-2
1.81517E-1 1.46434E-1 1.42023E-1 1.45817E-1 1.41095E-1 1.24489E-1 1.17971E-1 1.31793E-1 1.2249E-1 1.23523E-1 1.32105E-1 1.31952E-1 1.28305E-1 1.36271E-1 1.35831E-1 1.47139E-1 1.58258E-1 1.61074E-1 2.07812E-1 1.39369E-1 1.08339E-1 1.12995E-1 1.13592E-1 1.07701E-1 9.60271E-2 1.89793E-1 1.74182E-1 1.67853E-1 1.51244E-1 1.3208E-1 1.64552E-1 1.34467E-1 1.37317E-1 1.53223E-1 1.64768E-1 1.20038E-1 8.45325E-2 5.5112E-2 7.35685E-2 8.32577E-2 9.26754E-2 7.41899E-2 6.86346E-2 6.11058E-2 7.73938E-2 1.02921E-1 8.82467E-2 9.41102E-2 6.97875E-2 3.60111E-2 6.28455E-2 9.71556E-2 1.50982E-1 1.48037E-1 6.7422E-2 5.67982E-2 2.08473E-2 1.59062E-2 1.66055E-2 1.37674E-2 1.20984E-2
1.47597E-1 1.45804E-1 1.47882E-1 1.58893E-1 1.39496E-1 1.33591E-1 1.43503E-1 1.27376E-1 1.31023E-1 1.40553E-1 1.37356E-1 1.27744E-1 1.31243E-1 1.31399E-1 1.61163E-1 1.41349E-1 2.0154E-1 1.78489E-1 2.1101E-1 2.31021E-1 1.20193E-1 1.16239E-1 1.17687E-1 1.10201E-1 1.00641E-1 1.28984E-1 1.88832E-1 1.6985E-1 1.55555E-1 1.56814E-1 1.48373E-1 1.40274E-1 1.33116E-1 1.49008E-1 1.04781E-1 6.07033E-2 9.25681E-2 5.5595E-2 6.9088E-2 1.11128E-1 -9999 1.21676E-1 1.13216E-1 9.65829E-2 1.10459E-1 1.11242E-1 1.50458E-1 9.76401E-2 7.92487E-2 3.52893E-2 8.93339E-2 1.16845E-1 1.27852E-1 1.24015E-1 6.31432E-2 7.05314E-2 3.57761E-2 1.9842E-2 1.56985E-2 1.42364E-2 1.26025E-2
9.33755E-2 1.43952E-1 1.76215E-1 1.70786E-1 1.39703E-1 1.36662E-1 1.29409E-1 1.43992E-1 1.40871E-1 1.35133E-1 1.34895E-1 1.34006E-1 1.32737E-1 1.29665E-1 2.11112E-1 1.34024E-1 1.71007E-1 2.05841E-1 2.31659E-1 2.60369E-1 1.83976E-1 1.27801E-1 1.20333E-1 1.21446E-1 1.06433E-1 9.42434E-2 1.58824E-1 1.61703E-1 1.54279E-1 1.49042E-1 1.5779E-1 1.43886E-1 1.25709E-1 8.94809E-2 8.23179E-2 6.66225E-2 7.82777E-2 7.94645E-2 1.24579E-1 9.74342E-2 -9999 1.30266E-1 7.13542E-1 1.10527E-1 9.05745E-2 1.02879E-1 1.00032E-1 1.11069E-1 6.15541E-2 1.1615E-1 1.13749E-1 1.04435E-1 2.53967E-1 9.60748E-2 1.14666E-1 6.23783E-2 3.65837E-2 2.59843E-2 1.91082E-2 1.6523E-2 1.27752E-2
1.18673E-1 1.37016E-1 1.54547E-1 1.61792E-1 1.37297E-1 1.35371E-1 1.50734E-1 1.43332E-1 1.39273E-1 1.40473E-1 1.34254E-1 1.26214E-1 1.37456E-1 1.47422E-1 1.69134E-1 1.67321E-1 1.46926E-1 2.11774E-1 2.43167E-1 2.36847E-1 1.38289E-1 1.29515E-1 1.24552E-1 1.25981E-1 1.10535E-1 1.02533E-1 8.99378E-2 1.16328E-1 1.11952E-1 7.31537E-2 1.10026E-1 1.5447E-1 1.2642E-1 9.10976E-2 9.14846E-2 1.40748E-1 1.07949E-1 8.51568E-2 8.80257E-2 1.15382E-1 1.13334E-1 1.29057E-1 9.92384E-2 1.19441E-1 1.01674E-1 4.66474E-2 9.81575E-2 4.90694E-2 6.13595E-2 6.74642E-2 4.93632E-2 6.56279E-2 7.28665E-2 1.18563E-1 4.27876E-2 3.58424E-2 3.19383E-2 1.93703E-2 1.94573E-2 1.88288E-2 1.65325E-2
1.4299E-1 1.37536E-1 1.48688E-1 1.63115E-1 1.47298E-1 1.47622E-1 1.47296E-1 1.44522E-1 1.40831E-1 1.39377E-1 1.43627E-1 1.41911E-1 1.44869E-1 1.5832E-1 1.64651E-1 9.57464E-2 1.00933E-1 1.13376E-1 1.27911E-1 1.25964E-1 1.37024E-1 1.31984E-1 1.2726E-1 1.2585E-1 1.20312E-1 1.10331E-1 1.01791E-1 9.47012E-2 8.92702E-2 8.1208E-2 1.11738E-1 1.03551E-1 9.96801E-2 1.05094E-1 1.12489E-1 7.59101E-2 1.04142E-1 1.3632E-1 1.23467E-1 1.20003E-1 9.22184E-2 1.67605E-1 1.50407E-1 1.07426E-1 1.08058E-1 6.49731E-2 5.08831E-2 3.68754E-2 4.42334E-2 8.76874E-2 4.00443E-2 5.19755E-2 3.79141E-2 1.9504E-2 2.23642E-2 2.90537E-2 3.36946E-2 3.01763E-2 2.21504E-2 1.75753E-2 1.94822E-2
1.8905E-1 1.89024E-1 1.56885E-1 1.49167E-1 1.56556E-1 1.57425E-1 1.47837E-1 1.54033E-1 1.36957E-1 1.38362E-1 1.50552E-1 1.34668E-1 1.59206E-1 1.79488E-1 1.05724E-1 1.10015E-1 1.17123E-1 1.23363E-1 1.347E-1 1.33118E-1 1.35171E-1 1.35683E-1 1.36377E-1 1.28555E-1 1.29059E-1 1.20879E-1 1.16162E-1 1.06169E-1 1.33799E-1 1.81669E-1 1.85591E-1 1.63102E-1 9.44055E-2 8.55404E-2 7.49989E-2 1.23152E-1 1.30217E-1 1.32467E-1 1.30373E-1 1.19603E-1 1.34531E-1 1.17019E-1 1.02328E-1 1.27558E-1 1.25874E-1 1.18985E-1 4.31467E-2 3.84981E-2 5.27615E-2 1.03045E-1 2.0024E-2 2.37933E-2 1.93814E-2 1.79796E-2 1.81638E-2 1.97992E-2 2.37369E-2 2.43172E-2 3.05613E-2 2.97883E-2 1.98453E-2
1.79927E-1 1.29567E-1 1.39913E-1 1.47908E-1 1.75692E-1 1.63762E-1 1.53136E-1 1.45037E-1 1.40069E-1 1.52184E-1 1.48948E-1 1.688E-1 1.66322E-1 1.61485E-1 1.10106E-1 1.22822E-1 1.30302E-1 1.35205E-1 1.34355E-1 1.38737E-1 1.39974E-1 1.42475E-1 1.39356E-1 1.38229E-1 1.38456E-1 1.37498E-1 1.2581E-1 1.22567E-1 1.21966E-1 1.9647E-1 2.14434E-1 1.37366E-1 1.01583E-1 7.31727E-2 1.05009E-1 1.37519E-1 1.23089E-1 1.30423E-1 1.22456E-1 1.25604E-1 1.2222E-1 1.22426E-1 1.25025E-1 1.13419E-1 8.52077E-2 1.18062E-1 7.61605E-2 7.30495E-2 8.93199E-2 4.18567E-2 2.03108E-2 2.17163E-2 1.8734E-2 1.78942E-2 2.68997E-2 3.23534E-2 4.19887E-2 4.84713E-2 4.49257E-2 5.4327E-2 3.66701E-2
1.45279E-1 1.3907E-1 1.39138E-1 1.34671E-1 1.44453E-1 1.81757E-1 1.55623E-1 1.25626E-1 8.55218E-2 1.06611E-1 1.41401E-1 2.11271E-1 1.84689E-1 1.13293E-1 1.23985E-1 1.32137E-1 1.34795E-1 1.36265E-1 1.36778E-1 1.43196E-1 1.4034E-1 1.43783E-1 1.41595E-1 1.46218E-1 1.49289E-1 1.40349E-1 1.3762E-1 1.23925E-1 1.14562E-1 1.52468E-1 1.93131E-1 1.71926E-1 1.13813E-1 1.83934E-1 1.49391E-1 1.18338E-1 1.08079E-1 1.19527E-1 1.25512E-1 1.23343E-1 1.05202E-1 1.20313E-1 1.21871E-1 1.25861E-1 1.57417E-1 1.11057E-1 8.96434E-2 1.87307E-1 -9999 4.58295E-2 2.54563E-2 2.44796E-2 2.38685E-2 2.66552E-2 4.31646E-2 6.30459E-2 6.9981E-2 8.27805E-2 6.82038E-2 3.28946E-2 3.29324E-2
1.29556E-1 1.41311E-1 1.42794E-1 1.4394E-1 1.42086E-1 1.05011E-1 1.0786E-1 1.59165E-1 1.09321E-1 9.50542E-2 1.01946E-1 1.88237E-1 1.44699E-1 1.26384E-1 1.36498E-1 1.34104E-1 1.36524E-1 1.39929E-1 1.39572E-1 1.40923E-1 1.50594E-1 1.52964E-1 1.53622E-1 1.57665E-1 1.57385E-1 1.51278E-1 2.05883E-1 1.6588E-1 1.15398E-1 1.01121E-1 1.22691E-1 1.37709E-1 8.51641E-2 1.30095E-1 1.16702E-1 1.15736E-1 1.24696E-1 1.24746E-1 1.12679E-1 1.0035E-1 1.03094E-1 1.4756E-1 1.28053E-1 8.47751E-2 9.85394E-2 6.72401E-2 8.1035E-2 7.72079E-2 9.04955E-2 1.01468E-1 6.74425E-2 4.51901E-2 4.96287E-2 9.44311E-2 9.04179E-2 1.28638E-1 9.78833E-2 7.70479E-2 6.36956E-2 3.61969E-2 4.40308E-2
1.51515E-1 9.29827E-2 1.22006E-1 1.5369E-1 1.33394E-1 1.37801E-1 1.18175E-1 1.10386E-1 1.26628E-1 1.03298E-1 1.10884E-1 1.19575E-1 1.32472E-1 1.34868E-1 1.42939E-1 1.46182E-1 1.46889E-1 1.52294E-1 1.49891E-1 1.54602E-1 1.54282E-1 1.57625E-1 1.59645E-1 1.57447E-1 2.01896E-1 3.14844E-1 3.06355E-1 2.71708E-1 1.75088E-1 1.91207E-1 2.47801E-1 1.95714E-1 1.82861E-1 1.43887E-1 1.20303E-1 1.45558E-1 1.36458E-1 1.40205E-1 1.21174E-1 1.05821E-1 1.08706E-1 1.36766E-1 1.19986E-1 7.45258E-2 1.19384E-1 9.16163E-2 5.11547E-2 6.73187E-2 1.06402E-1 9.12423E-2 6.73691E-2 1.08895E-1 1.03736E-1 6.72989E-2 9.10056E-2 7.72169E-2 8.63514E-2 6.94501E-2 4.19917E-2 2.31988E-2 1.95827E-2
1.47541E-1 1.42992E-1 1.21321E-1 1.41436E-1 1.45024E-1 1.41506E-1 1.50145E-1 1.67957E-1 1.36838E-1 1.137E-1 1.23834E-1 1.33637E-1 1.41808E-1 1.44855E-1 1.44818E-1 1.49156E-1 1.47215E-1 1.51316E-1 1.52969E-1 1.536E-1 1.57579E-1 1.57267E-1 1.61321E-1 2.16102E-1 3.60407E-1 2.94471E-1 2.79019E-1 2.42645E-1 2.3414E-1 2.31239E-1 2.27014E-1 1.85963E-1 1.78327E-1 1.66133E-1 1.30058E-1 1.3653E-1 1.40474E-1 1.18883E-1 1.37044E-1 1.16051E-1 1.28956E-1 1.1357E-1 9.94268E-2 1.20318E-1 1.20672E-1 9.66287E-2 9.95809E-2 6.0744E-2 1.08464E-1 5.93485E-2 3.23349E-2 5.09252E-2 5.30631E-2 4.8972E-2 6.01458E-2 8.70052E-2 8.43474E-2 6.06563E-2 4.95087E-2 2.01595E-2 1.38278E-2
