Final_Models_July82022/M_0.1_F_lqp_Set_1/Bison_0.asc
ncols         290
nrows         380
xllcorner     -2197417.7431653
yllcorner     -584827.01486885
cellsize      10000.0
NODATA_value  -9999
[rows 81 to 107 of 380, columns 61 to 121 of 290]
2.5128E-2 1.56154E-2 2.61955E-2 1.33875E-2 2.37979E-2 3.20509E-2 1.05532E-2 9.32948E-3 1.35098E-2 1.25818E-2 5.73249E-3 1.22216E-2 1.15301E-2 1.37345E-2 1.33722E-2 5.51656E-2 2.55657E-2 2.65871E-2 2.63396E-2 3.63587E-2 1.21925E-2 1.99039E-2 2.60812E-2 1.64901E-2 7.8628E-3 1.96546E-2 1.37297E-2 2.26991E-2 1.44497E-2 1.30831E-2 2.26946E-2 2.18399E-2 3.49668E-2 6.7367E-2 4.70569E-2 2.99066E-2 3.29572E-2 4.17677E-2 3.95492E-2 4.31897E-2 6.94145E-2 6.45293E-2 5.26755E-2 6.62632E-2 6.05767E-2 7.26719E-2 6.30563E-2 8.41023E-2 1.0285E-1 4.61366E-2 2.90513E-2 3.16043E-2 3.57172E-2 4.00547E-2 4.12505E-2 4.14725E-2 4.20632E-2 4.10347E-2 6.70481E-2 1.20549E-1 1.51269E-1
2.94784E-2 2.70529E-2 1.57408E-2 3.03003E-2 2.82022E-2 6.10205E-3 1.7415E-2 9.08059E-3 1.03393E-2 8.5657E-3 1.8845E-2 1.30548E-2 1.45082E-2 1.28788E-2 1.3361E-2 4.18462E-2 2.69393E-2 3.88585E-2 1.33511E-2 1.50272E-2 2.79187E-2 2.58502E-2 1.89689E-2 2.84709E-2 2.22431E-2 2.58139E-2 1.44542E-2 2.80343E-2 1.69265E-2 9.45169E-3 2.05295E-2 2.87872E-2 2.83857E-2 5.11707E-2 4.71066E-2 2.65468E-2 2.82334E-2 4.34883E-2 4.48624E-2 4.46139E-2 7.47384E-2 8.20524E-2 5.27877E-2 6.14786E-2 5.22336E-2 6.70261E-2 6.94124E-2 8.74443E-2 6.38124E-2 1.02549E-1 7.80127E-2 4.02367E-2 3.93588E-2 4.24503E-2 4.37986E-2 4.15709E-2 3.97478E-2 3.91564E-2 1.02821E-1 2.25303E-1 1.38659E-1
5.00706E-2 3.35224E-2 6.46569E-2 2.79932E-2 3.2803E-2 1.67475E-2 9.08965E-3 1.1841E-2 4.93738E-3 2.09538E-2 1.3209E-2 1.69344E-2 1.00233E-2 1.34559E-2 2.58518E-2 2.3853E-2 2.68851E-2 3.86997E-2 1.51745E-2 2.624E-2 3.53128E-2 4.93828E-2 2.74403E-2 3.80931E-2 3.66862E-2 1.97707E-2 3.6289E-2 2.39357E-2 1.80859E-2 2.4461E-2 2.27869E-2 1.87331E-2 2.45969E-2 3.01421E-2 3.10075E-2 3.1551E-2 2.42717E-2 2.81281E-2 3.55804E-2 4.77446E-2 4.75167E-2 5.06861E-2 6.026E-2 6.2873E-2 7.6068E-2 6.95581E-2 7.46461E-2 8.20447E-2 1.06E-1 4.58506E-2 1.2522E-1 1.53718E-1 6.89492E-2 4.21072E-2 3.99993E-2 3.9192E-2 3.76877E-2 6.62521E-2 1.27911E-1 1.22519E-1 1.51593E-1
9.42398E-2 2.85113E-2 4.90949E-2 5.81345E-2 3.24079E-2 2.36316E-2 1.95323E-2 8.75176E-3 9.12088E-3 2.2343E-2 3.4733E-2 1.79924E-2 2.62835E-2 1.34827E-2 2.28E-2 2.39536E-2 3.14733E-2 1.804E-2 2.00028E-2 2.80197E-2 1.30088E-2 2.13684E-2 3.25203E-2 3.88913E-2 2.95288E-2 1.09325E-2 3.52135E-2 3.02007E-2 3.26532E-2 2.3394E-2 1.39638E-2 2.18405E-2 1.97765E-2 3.79501E-2 2.43111E-2 4.38432E-2 3.63591E-2 2.33774E-2 3.48294E-2 4.96206E-2 4.65357E-2 4.27191E-2 4.52841E-2 5.04454E-2 4.34225E-2 6.16279E-2 7.6399E-2 6.36967E-2 8.75704E-2 7.34737E-2 1.16332E-1 1.03517E-1 1.14133E-1 1.09619E-1 5.01128E-2 4.53616E-2 5.86451E-2 9.98625E-2 1.28369E-1 1.08026E-1 1.11122E-1
1.30495E-1 3.63876E-2 1.63999E-2 1.46657E-2 2.71111E-2 3.27767E-2 2.80253E-2 2.4313E-2 3.28607E-2 2.01637E-2 2.77896E-2 1.16374E-2 2.11481E-2 1.91488E-2 2.24387E-2 2.04443E-2 1.331E-2 1.71672E-2 1.46982E-2 2.66389E-2 2.35581E-2 1.54121E-2 1.86729E-2 2.97946E-2 2.40792E-2 2.54673E-2 2.71052E-2 3.05354E-2 4.04501E-2 3.94465E-2 2.73392E-2 3.44764E-2 6.87042E-2 2.94943E-2 4.13461E-2 4.1585E-2 4.50612E-2 4.18709E-2 5.40762E-2 4.63134E-2 4.28945E-2 2.92381E-2 4.81705E-2 3.13969E-2 2.4274E-2 6.68355E-2 8.66224E-2 5.85985E-2 6.0265E-2 7.33558E-2 1.06201E-1 9.51383E-2 1.02178E-1 1.08593E-1 1.07314E-1 1.38095E-1 8.89671E-2 9.25212E-2 7.77884E-2 1.19233E-1 4.19458E-2
6.8258E-2 5.74303E-2 1.39554E-2 3.21288E-2 1.91085E-2 2.59114E-2 1.79667E-2 1.54943E-2 1.85039E-2 1.69368E-2 9.95315E-3 2.5378E-2 2.86023E-2 3.72627E-2 2.03802E-2 2.54152E-2 1.6238E-2 2.26E-2 2.40367E-2 1.97261E-2 2.43247E-2 2.33801E-2 2.24517E-2 3.91774E-2 3.77286E-2 1.29539E-2 2.51527E-2 2.11792E-2 4.63586E-2 4.99704E-2 1.64981E-2 2.97828E-2 4.29429E-2 3.53991E-2 3.4106E-2 3.46642E-2 4.04014E-2 6.01897E-2 8.02753E-2 4.76969E-2 3.40973E-2 3.54001E-2 7.36774E-2 4.06422E-2 3.03577E-2 3.14437E-2 5.5321E-2 7.01656E-2 6.63978E-2 6.27829E-2 9.68378E-2 8.45609E-2 8.33972E-2 8.84264E-2 1.08194E-1 1.10705E-1 9.37536E-2 3.56363E-2 3.30727E-2 4.22243E-2 4.63181E-2
2.36267E-2 3.75763E-2 3.93693E-2 4.67986E-2 1.22179E-2 9.13397E-3 4.45096E-2 2.72377E-2 2.20668E-2 4.16226E-2 2.74673E-2 3.67273E-2 2.11363E-2 2.10427E-2 2.40159E-2 2.30464E-2 2.47449E-2 1.2977E-2 2.65218E-2 1.10227E-2 1.24407E-2 2.49294E-2 1.47989E-2 3.89231E-2 1.89151E-2 1.46253E-2 2.44584E-2 1.47619E-2 2.14431E-2 3.26073E-2 1.81992E-2 2.93315E-2 4.33568E-2 3.56123E-2 5.95563E-2 4.06303E-2 4.61736E-2 6.28825E-2 6.3654E-2 4.46925E-2 3.68091E-2 3.17184E-2 5.84667E-2 7.03722E-2 4.51938E-2 3.04947E-2 5.81338E-2 7.53587E-2 6.58513E-2 6.49344E-2 9.99509E-2 1.02168E-1 1.13328E-1 4.5434E-2 9.13695E-2 6.81165E-2 1.07195E-1 8.03719E-2 6.43818E-2 9.41266E-2 1.12037E-1
2.32402E-2 2.66361E-2 2.95079E-2 2.0704E-2 2.76175E-2 1.59028E-2 2.47033E-2 3.1856E-2 2.52311E-2 1.1209E-2 2.08722E-2 3.05748E-2 4.1448E-2 1.55564E-2 2.30725E-2 2.39043E-2 1.7504E-2 3.53178E-2 3.05935E-2 3.45014E-2 4.17005E-2 2.17766E-2 3.22319E-2 2.82486E-2 1.25216E-2 2.24529E-2 1.67021E-2 9.97763E-3 1.33818E-2 1.82962E-2 2.78689E-2 2.74053E-2 3.30008E-2 2.30677E-2 3.76391E-2 5.10244E-2 5.18185E-2 4.66615E-2 6.52713E-2 3.74372E-2 2.83894E-2 2.77589E-2 3.6117E-2 6.103E-2 4.55218E-2 5.49781E-2 6.78953E-2 6.05838E-2 5.41444E-2 7.95358E-2 9.55947E-2 7.85224E-2 6.97056E-2 8.79629E-2 5.83059E-2 4.62976E-2 1.10679E-1 1.2487E-1 9.65337E-2 8.64405E-2 1.52978E-1
4.18552E-2 1.58636E-2 3.6296E-2 2.63475E-2 3.26583E-2 2.36391E-2 2.68829E-2 3.53654E-2 1.442E-2 4.62085E-2 2.69173E-2 2.08193E-2 2.76818E-2 2.59548E-2 3.21702E-2 2.72122E-2 3.48178E-2 2.54057E-2 2.20314E-2 1.64752E-2 3.86072E-2 2.94633E-2 3.43194E-2 2.86584E-2 1.95512E-2 1.37264E-2 2.08919E-2 1.66347E-2 1.44439E-2 2.12501E-2 3.02052E-2 2.72394E-2 3.10364E-2 2.83941E-2 3.35906E-2 3.49641E-2 4.85797E-2 5.30626E-2 5.2651E-2 3.35276E-2 2.59383E-2 3.16174E-2 3.96754E-2 7.68313E-2 6.41472E-2 6.01081E-2 7.78094E-2 6.31713E-2 9.47158E-2 8.12951E-2 5.73459E-2 9.07544E-2 1.18171E-1 1.20771E-1 1.14268E-1 5.81436E-2 7.78744E-2 1.04581E-1 9.29821E-2 8.15654E-2 1.42866E-1
9.03465E-2 3.51493E-2 3.1063E-2 1.87399E-2 2.12681E-2 3.78635E-2 1.92261E-2 2.64278E-2 6.04609E-2 4.79968E-2 2.64192E-2 2.33129E-2 2.04467E-2 2.66749E-2 3.30021E-2 3.30695E-2 2.1859E-2 2.09618E-2 4.35777E-2 1.87326E-2 2.32943E-2 1.0661E-2 2.19252E-2 1.75763E-2 2.75189E-2 1.91948E-2 3.48223E-2 2.6838E-2 2.41973E-2 3.20112E-2 2.25049E-2 2.5395E-2 3.32091E-2 1.89029E-2 4.48468E-2 3.99947E-2 4.80689E-2 5.36069E-2 3.74261E-2 4.29435E-2 3.70182E-2 3.62545E-2 4.89842E-2 7.21332E-2 4.81728E-2 3.43341E-2 6.0594E-2 5.83482E-2 6.08376E-2 7.26048E-2 5.67807E-2 6.63024E-2 1.07101E-1 7.6797E-2 1.20785E-1 1.07864E-1 1.02307E-1 1.15282E-1 8.57962E-2 9.46399E-2 9.62222E-2
6.04518E-2 1.65553E-2 1.17923E-2 2.22523E-2 2.37719E-2 3.33379E-2 6.05699E-2 4.26609E-2 3.77536E-2 5.90597E-2 2.3826E-2 1.91409E-2 2.55946E-2 2.01969E-2 2.85219E-2 2.33581E-2 2.80681E-2 2.09934E-2 2.80344E-2 2.65499E-2 2.38495E-2 3.09958E-2 5.46064E-2 2.30665E-2 3.42193E-2 2.53541E-2 5.0567E-2 2.57992E-2 1.98126E-2 2.71912E-2 3.12782E-2 1.9831E-2 2.74373E-2 2.82169E-2 2.68567E-2 4.98738E-2 5.76547E-2 4.59365E-2 5.72174E-2 4.91852E-2 3.83406E-2 4.77522E-2 5.18121E-2 4.37432E-2 4.33621E-2 6.45145E-2 4.25657E-2 7.62023E-2 4.87824E-2 1.05065E-1 9.47483E-2 7.57362E-2 6.67787E-2 7.2651E-2 9.34255E-2 9.09706E-2 9.79565E-2 1.1766E-1 1.04203E-1 1.05142E-1 8.93546E-2
1.5064E-2 2.21919E-2 2.5922E-2 4.40803E-2 2.25213E-2 2.18703E-2 2.71866E-2 3.18839E-2 2.08422E-2 4.23351E-2 3.60102E-2 2.20087E-2 2.90237E-2 3.08514E-2 2.17148E-2 2.08748E-2 1.9953E-2 2.99133E-2 1.7633E-2 3.11705E-2 3.49727E-2 2.56271E-2 1.28436E-2 2.70894E-2 2.66071E-2 1.55313E-2 2.9179E-2 2.00848E-2 1.76789E-2 2.61547E-2 3.38971E-2 2.90601E-2 2.67684E-2 2.07361E-2 2.67103E-2 5.0182E-2 3.36975E-2 3.81047E-2 3.17008E-2 3.98118E-2 3.46389E-2 5.17792E-2 6.05322E-2 9.21977E-2 5.39932E-2 6.25023E-2 4.02887E-2 6.13222E-2 8.89483E-2 6.7609E-2 7.49145E-2 7.8163E-2 1.04259E-1 7.01286E-2 8.42031E-2 1.02852E-1 1.0672E-1 1.30017E-1 9.06256E-2 1.01089E-1 1.16549E-1
2.22227E-2 2.65327E-2 4.9678E-2 4.95276E-2 2.89386E-2 3.0544E-2 1.93164E-2 3.28426E-2 1.74612E-2 2.00852E-2 2.57303E-2 3.49565E-2 3.151E-2 2.36179E-2 1.74467E-2 2.4602E-2 3.15859E-2 2.64242E-2 2.89544E-2 2.64979E-2 2.89158E-2 2.85462E-2 2.34271E-2 1.4184E-2 2.11533E-2 2.01792E-2 2.62824E-2 2.55081E-2 2.7818E-2 2.84629E-2 2.85391E-2 2.97596E-2 4.24861E-2 4.32696E-2 5.11686E-2 3.66135E-2 4.24836E-2 4.84082E-2 2.48725E-2 2.54416E-2 2.52918E-2 4.71107E-2 6.08293E-2 5.66202E-2 5.09724E-2 4.97484E-2 4.66972E-2 1.01499E-1 7.01042E-2 6.41804E-2 6.20558E-2 7.55473E-2 9.84138E-2 9.06061E-2 7.80555E-2 1.07115E-1 1.05705E-1 7.38222E-2 8.17682E-2 8.4451E-2 1.071E-1
3.36709E-2 2.6403E-2 3.86927E-2 3.54209E-2 3.10555E-2 4.9315E-2 3.94027E-2 5.17635E-2 5.34984E-2 2.94294E-2 2.87433E-2 4.2803E-2 3.70135E-2 2.57207E-2 2.00193E-2 2.82858E-2 2.51958E-2 2.28817E-2 4.23662E-2 1.83652E-2 2.63315E-2 2.35543E-2 1.85642E-2 2.61544E-2 2.30603E-2 2.56345E-2 3.12295E-2 2.90351E-2 2.16914E-2 4.61091E-2 4.22658E-2 3.58533E-2 3.32497E-2 3.08797E-2 3.09646E-2 4.34388E-2 4.5794E-2 4.28963E-2 2.51184E-2 2.69378E-2 3.68104E-2 4.58053E-2 5.62008E-2 1.07102E-1 8.64633E-2 5.08409E-2 4.65533E-2 7.92755E-2 4.99144E-2 6.95833E-2 7.30563E-2 8.90644E-2 9.44082E-2 7.43687E-2 7.39234E-2 1.0851E-1 6.74176E-2 5.91129E-2 4.82805E-2 5.71093E-2 9.81661E-2
3.36153E-2 3.25451E-2 3.12174E-2 2.65304E-2 2.01132E-2 2.54572E-2 1.71327E-2 2.88516E-2 2.43102E-2 4.07935E-2 2.53678E-2 4.15505E-2 3.76724E-2 4.29305E-2 3.24794E-2 3.36237E-2 3.01592E-2 2.95838E-2 2.12312E-2 3.42876E-2 2.87039E-2 5.12232E-2 3.91738E-2 2.79261E-2 3.64628E-2 1.83235E-2 2.25877E-2 2.93106E-2 4.60694E-2 3.61578E-2 2.56627E-2 2.94391E-2 4.09476E-2 2.79322E-2 3.06562E-2 3.06741E-2 3.19758E-2 3.73812E-2 5.59248E-2 3.57294E-2 2.5817E-2 3.69053E-2 6.61016E-2 6.55685E-2 8.65341E-2 4.33947E-2 4.02882E-2 6.97323E-2 7.88627E-2 6.65532E-2 6.8166E-2 6.97635E-2 9.6608E-2 4.78869E-2 7.18852E-2 9.30063E-2 7.04825E-2 5.80194E-2 5.67329E-2 5.49324E-2 7.07739E-2
4.47462E-2 3.89023E-2 3.46936E-2 2.02041E-2 2.29134E-2 3.17271E-2 2.85621E-2 3.93776E-2 4.21546E-2 2.84265E-2 5.04852E-2 5.10116E-2 4.43065E-2 6.74333E-2 1.99754E-2 2.65749E-2 3.94417E-2 4.73627E-2 3.50558E-2 1.98654E-2 2.30913E-2 2.06075E-2 3.85436E-2 1.9406E-2 2.54177E-2 2.88908E-2 3.29115E-2 3.07692E-2 3.77424E-2 2.54775E-2 2.21748E-2 2.67766E-2 2.05644E-2 3.19571E-2 2.40344E-2 3.46105E-2 4.16538E-2 4.00096E-2 4.49365E-2 4.03553E-2 2.59789E-2 4.02474E-2 6.31119E-2 7.98143E-2 8.51731E-2 5.57852E-2 6.31493E-2 5.80542E-2 6.40239E-2 7.2996E-2 7.88216E-2 5.01911E-2 3.70014E-2 2.80445E-2 5.58465E-2 9.73403E-2 6.25321E-2 9.30007E-2 7.58838E-2 5.16474E-2 5.91005E-2
5.73506E-2 4.68467E-2 3.04341E-2 2.69907E-2 3.61625E-2 4.37831E-2 2.91325E-2 3.75159E-2 1.76517E-2 3.22976E-2 3.27358E-2 4.21979E-2 6.17939E-2 3.45598E-2 2.92541E-2 3.54489E-2 4.32263E-2 3.11005E-2 2.75179E-2 3.71953E-2 3.70109E-2 3.04189E-2 6.83786E-2 2.53376E-2 3.70878E-2 5.02176E-2 5.09039E-2 3.08367E-2 3.41974E-2 2.57958E-2 2.44427E-2 3.02587E-2 2.53461E-2 3.08728E-2 4.49756E-2 4.4131E-2 3.22829E-2 3.60715E-2 3.23602E-2 4.12604E-2 4.38452E-2 4.06361E-2 6.06656E-2 1.00728E-1 7.26591E-2 5.68141E-2 8.47479E-2 2.84451E-2 8.97112E-2 8.17333E-2 8.41291E-2 7.60098E-2 6.99924E-2 4.83358E-2 4.59953E-2 8.29672E-2 6.52528E-2 8.34887E-2 7.97376E-2 6.91254E-2 4.39539E-2
4.88821E-2 6.00386E-2 6.37833E-2 6.55852E-2 5.41087E-2 5.0811E-2 5.76788E-2 3.06474E-2 3.20413E-2 3.10025E-2 3.13509E-2 3.71994E-2 6.92603E-2 5.32159E-2 5.27865E-2 3.20894E-2 4.37432E-2 6.7832E-2 4.11228E-2 2.35018E-2 2.36147E-2 3.97015E-2 2.825E-2 5.07167E-2 3.59282E-2 3.24852E-2 3.35189E-2 2.48436E-2 2.71895E-2 3.50883E-2 3.20607E-2 2.94293E-2 3.01336E-2 3.74437E-2 3.40525E-2 4.05514E-2 3.42911E-2 2.77212E-2 3.79404E-2 4.24979E-2 4.42814E-2 4.6459E-2 5.81223E-2 4.8623E-2 4.83977E-2 5.30032E-2 7.74962E-2 3.32559E-2 6.83199E-2 7.37223E-2 7.15106E-2 1.02733E-1 7.29378E-2 7.67899E-2 3.84093E-2 5.3529E-2 7.21899E-2 1.16739E-1 7.39266E-2 7.83229E-2 8.43619E-2
6.84491E-2 7.38977E-2 9.05466E-2 1.51674E-2 3.03102E-2 8.02753E-2 2.68587E-2 1.98126E-2 3.51482E-2 3.7329E-2 4.3114E-2 3.59812E-2 8.53459E-2 8.43022E-2 5.64888E-2 3.10996E-2 3.57827E-2 7.3915E-2 3.37864E-2 4.486E-2 3.4255E-2 4.00916E-2 4.09838E-2 3.67797E-2 5.66578E-2 3.28772E-2 3.29939E-2 2.6739E-2 2.3953E-2 2.35915E-2 3.91692E-2 3.42177E-2 4.26916E-2 3.52971E-2 3.2065E-2 4.00043E-2 4.35801E-2 3.32241E-2 4.98513E-2 4.71701E-2 4.20892E-2 6.00664E-2 8.0265E-2 1.37791E-1 5.5241E-2 5.84333E-2 4.83745E-2 9.95028E-2 1.02116E-1 6.01353E-2 7.18163E-2 1.1287E-1 7.04612E-2 7.22752E-2 1.0111E-1 9.074E-2 7.41638E-2 1.16824E-1 8.39665E-2 7.30104E-2 1.03798E-1
6.32238E-2 8.56482E-2 1.64367E-1 2.01856E-1 4.09526E-2 4.41439E-2 3.28546E-2 2.83218E-2 3.39162E-2 5.90555E-2 3.90277E-2 2.30168E-2 3.05387E-2 4.4612E-2 1.72773E-1 5.22951E-2 5.85624E-2 7.28871E-2 4.24094E-2 4.48102E-2 3.86386E-2 4.23715E-2 2.17564E-2 3.62913E-2 3.19741E-2 5.80459E-2 3.14E-2 5.03278E-2 2.8626E-2 4.24552E-2 3.94469E-2 4.75135E-2 4.15792E-2 5.58752E-2 3.60971E-2 5.09876E-2 4.54465E-2 3.31479E-2 4.34565E-2 5.12071E-2 5.97742E-2 5.72669E-2 5.04396E-2 8.29561E-2 4.68149E-2 7.40991E-2 8.66661E-2 6.25365E-2 6.5384E-2 4.13215E-2 4.2912E-2 7.20783E-2 8.1973E-2 7.57807E-2 5.59396E-2 9.87379E-2 1.0198E-1 1.28262E-1 8.12405E-2 8.0278E-2 7.90511E-2
7.105E-2 7.02253E-2 5.18497E-2 2.69962E-2 1.60762E-2 4.34692E-2 3.17991E-2 9.50696E-2 1.88429E-2 4.13689E-2 4.66859E-2 5.82227E-2 7.48895E-2 5.88974E-2 7.22294E-2 4.33975E-2 6.04924E-2 1.16801E-1 3.92955E-2 4.16115E-2 4.23339E-2 5.07095E-2 3.68665E-2 4.37031E-2 2.6087E-2 5.33616E-2 2.23175E-2 3.53974E-2 2.57522E-2 3.99992E-2 2.80072E-2 4.29634E-2 4.67695E-2 4.92897E-2 5.32176E-2 4.37822E-2 4.35299E-2 3.99865E-2 3.99403E-2 7.92028E-2 3.90823E-2 5.51141E-2 4.92771E-2 9.09759E-2 6.54063E-2 6.5713E-2 5.23374E-2 5.64862E-2 6.47856E-2 4.49574E-2 6.18908E-2 7.16611E-2 7.76651E-2 4.62702E-2 4.73052E-2 8.19011E-2 8.03233E-2 1.08271E-1 7.9483E-2 9.40824E-2 7.94853E-2
9.87198E-2 8.82736E-2 3.87907E-2 3.68734E-2 3.15339E-2 1.38743E-2 4.93276E-2 2.79532E-2 4.63946E-2 4.51017E-2 4.08869E-2 5.86957E-2 6.62305E-2 7.17862E-2 1.11504E-2 2.46225E-2 4.29844E-2 1.43833E-1 4.62793E-2 5.72467E-2 4.20677E-2 4.08113E-2 5.2022E-2 4.85528E-2 4.3905E-2 4.73417E-2 3.3173E-2 2.66234E-2 3.46874E-2 3.56736E-2 2.88691E-2 4.04735E-2 2.68764E-2 3.89732E-2 5.26765E-2 7.01046E-2 7.2388E-2 5.68128E-2 5.52766E-2 4.99925E-2 7.39062E-2 6.63562E-2 4.74303E-2 8.33075E-2 5.42197E-2 5.03205E-2 6.12683E-2 3.46744E-2 8.45379E-2 8.6235E-2 7.61642E-2 4.97453E-2 4.65975E-2 6.78508E-2 7.41054E-2 7.08409E-2 6.51473E-2 9.32425E-2 9.40344E-2 1.05128E-1 8.034E-2
9.0833E-2 8.85019E-2 6.75663E-2 9.48928E-2 6.1041E-2 5.74561E-2 7.64745E-2 6.21579E-2 4.90294E-2 9.55953E-3 5.3027E-2 5.49486E-2 7.447E-2 6.52959E-2 3.87755E-2 4.30536E-2 8.07077E-2 1.06818E-1 6.45704E-2 4.57825E-2 4.05932E-2 -9999 7.73229E-2 3.33438E-2 4.67524E-2 2.82907E-2 5.05654E-2 4.61245E-2 4.24934E-2 2.77394E-2 3.70193E-2 4.22719E-2 3.41711E-2 2.50723E-2 4.26145E-2 4.92038E-2 5.57877E-2 4.98621E-2 5.51147E-2 5.48636E-2 5.99303E-2 4.88589E-2 6.39484E-2 7.52865E-2 5.52018E-2 6.41738E-2 6.21786E-2 5.60373E-2 5.86799E-2 6.5097E-2 6.25368E-2 6.35478E-2 7.08288E-2 7.32462E-2 8.4675E-2 3.55552E-2 4.76493E-2 5.78085E-2 1.03016E-1 8.98537E-2 8.37128E-2
7.75115E-2 7.46935E-2 6.51276E-2 7.18511E-2 6.45156E-2 7.39402E-2 5.57576E-2 4.06883E-2 2.21509E-2 3.54177E-2 3.3602E-2 5.91854E-2 5.30967E-2 3.94982E-2 3.59914E-2 1.98587E-2 4.35695E-2 3.91248E-2 6.92749E-2 4.08891E-2 4.73429E-2 5.29913E-2 2.9072E-2 6.3146E-2 5.37884E-2 4.69448E-2 2.60827E-2 4.0663E-2 2.67664E-2 3.86373E-2 2.85162E-2 3.07235E-2 2.73584E-2 3.45022E-2 3.81398E-2 4.0195E-2 4.59872E-2 3.90825E-2 5.32023E-2 6.62604E-2 6.45905E-2 5.24347E-2 5.0195E-2 4.98754E-2 6.0638E-2 5.82537E-2 7.72192E-2 6.89784E-2 6.79969E-2 1.01027E-1 4.392E-2 6.71169E-2 4.9603E-2 6.62302E-2 7.10685E-2 5.38517E-2 7.52248E-2 3.18116E-2 1.16081E-1 6.46407E-2 6.95685E-2
6.21425E-2 7.79965E-2 9.67854E-2 1.24629E-1 8.00013E-2 5.2153E-2 5.95652E-2 4.25124E-2 4.13284E-2 2.49117E-2 3.19334E-2 5.82784E-2 5.94311E-2 5.79738E-2 4.94821E-2 2.20939E-2 6.13053E-2 7.55387E-2 6.17138E-2 2.64573E-2 4.11244E-2 4.14383E-2 3.26415E-2 3.87901E-2 4.22135E-2 2.92972E-2 3.73212E-2 4.33737E-2 2.57565E-2 4.02757E-2 3.33669E-2 2.82516E-2 3.41918E-2 6.17768E-2 6.65501E-2 4.07527E-2 5.81271E-2 4.84797E-2 8.44865E-2 4.77869E-2 6.08222E-2 4.74416E-2 7.65934E-2 6.22861E-2 5.49262E-2 5.58612E-2 5.32282E-2 4.73295E-2 5.21088E-2 7.36096E-2 6.29372E-2 5.61663E-2 5.48876E-2 7.56494E-2 8.62222E-2 6.28992E-2 6.82792E-2 7.12642E-2 9.59746E-2 7.11963E-2 4.52663E-2
5.5863E-2 5.56301E-2 8.63819E-2 1.03535E-1 8.01058E-2 9.41964E-2 5.37157E-2 3.95033E-2 1.68576E-2 4.49436E-2 2.62465E-2 4.90632E-2 6.46586E-2 2.96351E-2 3.43535E-2 1.51868E-2 2.86731E-2 1.36807E-1 5.64475E-2 6.67883E-2 5.3481E-2 4.87689E-2 4.11265E-2 3.79357E-2 5.49519E-2 3.91077E-2 4.41829E-2 3.39221E-2 3.36851E-2 3.8465E-2 3.62144E-2 2.75383E-2 3.10815E-2 4.97642E-2 4.96424E-2 5.12375E-2 4.52915E-2 5.91404E-2 6.17649E-2 4.35128E-2 5.41135E-2 5.54863E-2 5.62165E-2 5.88876E-2 8.32475E-2 5.16325E-2 4.98135E-2 5.86803E-2 3.88801E-2 6.32673E-2 6.63716E-2 5.24555E-2 5.96051E-2 1.05763E-1 9.20365E-2 5.80384E-2 6.63079E-2 7.00868E-2 6.36248E-2 7.07731E-2 6.91929E-2
6.22083E-2 6.51616E-2 1.04842E-1 1.30005E-1 9.0059E-2 7.55838E-2 5.59755E-2 2.74014E-2 1.13608E-1 6.73315E-2 4.58194E-2 5.7352E-2 6.59272E-2 2.46315E-2 2.69693E-2 4.92508E-2 9.71229E-3 8.86174E-2 1.37337E-1 7.62144E-2 7.67728E-2 -9999 4.08841E-2 3.90117E-2 4.20438E-2 5.22164E-2 6.65434E-2 5.92774E-2 4.37531E-2 6.08978E-2 4.57998E-2 3.04742E-2 2.98673E-2 3.83753E-2 4.69477E-2 4.44961E-2 3.48838E-2 5.12541E-2 7.04843E-2 7.86403E-2 5.25322E-2 5.47858E-2 6.43897E-2 6.01305E-2 6.92894E-2 5.75297E-2 5.44229E-2 5.19798E-2 5.81297E-2 6.36807E-2 5.60061E-2 6.27355E-2 6.99363E-2 3.6323E-2 8.6012E-2 7.48266E-2 7.09826E-2 6.12632E-2 6.27372E-2 6.81668E-2 7.08449E-2
