Final_Models_July82022/M_0.1_F_lqp_Set_1/Bison_4.asc
ncols         290
nrows         380
xllcorner     -2197417.7431653
yllcorner     -584827.01486885
cellsize      10000.0
NODATA_value  -9999
[rows 162 to 188 of 380, columns 61 to 121 of 290]
1.10609E-1 9.72466E-2 1.17583E-1 1.06732E-1 1.28801E-1 1.17362E-1 1.34644E-1 6.50927E-2 1.88766E-1 1.63345E-1 7.33106E-2 6.93663E-2 6.13677E-2 1.34011E-1 1.01626E-1 7.77671E-2 8.01983E-2 1.03674E-1 1.29591E-1 1.38011E-1 1.1176E-1 1.50419E-1 8.62218E-2 8.33382E-2 1.06653E-1 1.11043E-1 1.06497E-1 1.28592E-1 1.44138E-1 1.39928E-1 1.54957E-1 1.32091E-1 1.28804E-1 1.44555E-1 1.33116E-1 1.55322E-1 3.33728E-1 3.14821E-1 2.15525E-1 1.96184E-1 1.68719E-1 1.51289E-1 1.60544E-1 1.78883E-1 1.8823E-1 1.81799E-1 1.90445E-1 1.65138E-1 2.04043E-1 1.84307E-1 2.14164E-1 1.84139E-1 1.71349E-1 2.59179E-1 2.64915E-1 2.8816E-1 2.70768E-1 3.40561E-1 2.75245E-1 1.87549E-1 2.52755E-1
5.80886E-2 1.12617E-1 8.76112E-2 1.40364E-1 9.29309E-2 1.21157E-1 1.20387E-1 8.99175E-2 2.16462E-1 9.99541E-2 1.68628E-1 1.25893E-1 9.81075E-2 8.67956E-2 1.30685E-1 1.3663E-1 1.02538E-1 1.10232E-1 1.96776E-1 1.49659E-1 1.26731E-1 9.6464E-2 8.56384E-2 9.98923E-2 1.21646E-1 1.33753E-1 1.33525E-1 1.45113E-1 1.22873E-1 1.27526E-1 1.28143E-1 1.31827E-1 1.30095E-1 1.36258E-1 1.40313E-1 1.7772E-1 1.88992E-1 2.48652E-1 2.26173E-1 1.65388E-1 1.68756E-1 1.8298E-1 1.52972E-1 1.67049E-1 1.52034E-1 1.67726E-1 1.62276E-1 2.07293E-1 2.12054E-1 2.07739E-1 1.8376E-1 2.20757E-1 2.10721E-1 2.09769E-1 2.00472E-1 2.4448E-1 2.55972E-1 3.02365E-1 2.43389E-1 2.1162E-1 2.17063E-1
9.03627E-2 1.07699E-1 6.59486E-2 1.12696E-1 1.16957E-1 1.3098E-1 1.43497E-1 1.39987E-1 2.18427E-1 2.06766E-1 1.40344E-1 6.41859E-2 9.5365E-2 1.21352E-1 6.90332E-2 6.65103E-2 1.03311E-1 1.41211E-1 1.87648E-1 1.4542E-1 1.60621E-1 1.80035E-1 1.5342E-1 8.62543E-2 1.29715E-1 1.52802E-1 1.43472E-1 1.50604E-1 1.47827E-1 1.19064E-1 1.02849E-1 1.2115E-1 1.06348E-1 1.26584E-1 1.42351E-1 1.60904E-1 1.77631E-1 2.16911E-1 1.82422E-1 1.7734E-1 1.57739E-1 1.76364E-1 1.4465E-1 1.64561E-1 1.89972E-1 1.72618E-1 1.87921E-1 2.02055E-1 2.54392E-1 1.91442E-1 1.72197E-1 1.65979E-1 1.84072E-1 1.79309E-1 2.15557E-1 1.88062E-1 2.55499E-1 2.33154E-1 2.33349E-1 2.1375E-1 1.90752E-1
7.98756E-2 1.29207E-1 1.00935E-1 1.0376E-1 9.47338E-2 1.2792E-1 1.868E-1 1.99275E-1 2.27518E-1 2.87337E-1 9.5536E-2 9.15892E-2 1.38121E-1 1.40745E-1 1.34255E-1 9.69799E-2 9.9373E-2 6.98595E-2 1.60986E-1 1.46216E-1 1.29763E-1 1.55E-1 9.63093E-2 1.17995E-1 1.38762E-1 1.28107E-1 1.62305E-1 1.41177E-1 1.40373E-1 1.31219E-1 1.27179E-1 1.47327E-1 1.31193E-1 1.32133E-1 1.42698E-1 2.15891E-1 1.83329E-1 2.17147E-1 1.70925E-1 1.59616E-1 1.47595E-1 1.34175E-1 1.29302E-1 1.66294E-1 1.68381E-1 1.89312E-1 2.05254E-1 2.27539E-1 3.17549E-1 2.47012E-1 2.15937E-1 1.86058E-1 1.70494E-1 1.74544E-1 1.94463E-1 1.94955E-1 2.15035E-1 2.22298E-1 2.48498E-1 3.48814E-1 2.483E-1
1.0921E-1 1.16784E-1 8.80541E-2 1.08247E-1 1.12721E-1 7.89534E-2 2.29527E-1 3.0962E-1 1.78433E-1 2.83879E-1 5.35853E-2 4.62445E-2 1.3507E-1 1.09899E-1 1.39113E-1 5.01086E-2 9.33122E-2 8.94204E-2 2.0317E-1 1.31582E-1 1.42528E-1 1.24541E-1 1.19509E-1 1.27136E-1 1.57575E-1 1.6178E-1 1.41625E-1 1.48471E-1 1.39289E-1 1.22031E-1 1.88883E-1 1.57898E-1 1.4733E-1 1.48647E-1 1.55826E-1 1.49255E-1 1.57789E-1 1.50408E-1 1.38898E-1 1.51418E-1 1.37665E-1 1.36493E-1 1.45011E-1 1.51376E-1 2.03047E-1 2.26664E-1 2.08848E-1 2.57085E-1 2.55294E-1 1.82933E-1 1.68388E-1 1.65046E-1 2.2231E-1 2.64064E-1 2.33366E-1 2.47861E-1 2.90045E-1 2.5173E-1 2.32251E-1 3.97282E-1 3.84892E-1
1.13808E-1 8.97956E-2 1.19586E-1 5.88621E-2 5.89404E-2 4.79129E-2 1.06607E-1 4.44486E-2 9.21557E-2 2.75202E-1 9.22609E-2 1.4191E-1 7.754E-2 8.90157E-2 2.04691E-1 2.82639E-2 1.93603E-2 7.35688E-2 1.51901E-1 1.4139E-1 1.45292E-1 1.7957E-1 1.72888E-1 1.57465E-1 1.64105E-1 1.71889E-1 1.4716E-1 1.60085E-1 1.55567E-1 2.28846E-1 2.27506E-1 1.4573E-1 1.57871E-1 1.87025E-1 1.61423E-1 1.88157E-1 1.78192E-1 2.01047E-1 1.43468E-1 1.48182E-1 1.68591E-1 1.56325E-1 1.67051E-1 1.65623E-1 2.70722E-1 2.58231E-1 2.88747E-1 2.30924E-1 2.13918E-1 1.74006E-1 1.8771E-1 1.51577E-1 1.8966E-1 3.47344E-1 2.22752E-1 2.01503E-1 1.80713E-1 2.27006E-1 2.54044E-1 2.59495E-1 1.87076E-1
1.48292E-1 9.27388E-2 1.75338E-2 2.03516E-1 5.38843E-2 8.21073E-2 5.35606E-2 1.03192E-1 1.11546E-1 1.68413E-1 2.3953E-1 1.11193E-1 6.98468E-2 5.40965E-2 7.42034E-2 6.27093E-2 7.07554E-2 5.42698E-2 1.10553E-1 1.42626E-1 1.78052E-1 1.70884E-1 1.9085E-1 1.6987E-1 1.92278E-1 1.86545E-1 1.61521E-1 1.87883E-1 1.52025E-1 1.63818E-1 1.94202E-1 2.11096E-1 1.98382E-1 1.9742E-1 1.97235E-1 1.99214E-1 1.98606E-1 1.53511E-1 1.77563E-1 1.72655E-1 1.94427E-1 2.1145E-1 2.05729E-1 2.49063E-1 3.35674E-1 3.39469E-1 3.23692E-1 2.11102E-1 2.05172E-1 1.69544E-1 1.68743E-1 1.75121E-1 1.85548E-1 2.33098E-1 1.93647E-1 1.89358E-1 1.98204E-1 2.86896E-1 2.04048E-1 2.58576E-1 1.77248E-1
1.46761E-1 7.94681E-2 1.20321E-1 7.73659E-2 1.50923E-1 7.50169E-2 1.1826E-1 1.09965E-1 1.03876E-1 1.33756E-1 2.66295E-1 1.46804E-1 1.0029E-1 9.40523E-2 6.66266E-2 5.39344E-2 4.39624E-2 9.31845E-2 6.54391E-2 1.28895E-1 1.25182E-1 2.33438E-1 2.6188E-1 1.98424E-1 2.48151E-1 2.64852E-1 1.87756E-1 1.73625E-1 1.65586E-1 2.47235E-1 2.70435E-1 2.03235E-1 2.36485E-1 3.49797E-1 2.82221E-1 2.47001E-1 2.35097E-1 3.39341E-1 2.11077E-1 1.83052E-1 1.94573E-1 2.69292E-1 2.43761E-1 2.69865E-1 3.56578E-1 2.90625E-1 2.15974E-1 1.73173E-1 2.03444E-1 1.65787E-1 1.66073E-1 1.6011E-1 1.9065E-1 2.09651E-1 1.90328E-1 2.25603E-1 1.99222E-1 2.44172E-1 2.02472E-1 2.02879E-1 1.84347E-1
8.34345E-2 4.37886E-2 8.07506E-2 5.03498E-2 1.26789E-1 9.50173E-2 6.18197E-2 9.64279E-2 8.17639E-2 1.29518E-1 2.59697E-1 5.75138E-2 9.43408E-2 1.228E-1 9.54063E-2 9.08663E-2 6.37674E-2 6.32242E-2 4.74284E-2 1.27928E-1 1.72927E-1 2.18282E-1 2.36761E-1 1.72624E-1 2.02732E-1 2.17501E-1 1.89315E-1 1.85133E-1 2.00896E-1 2.04386E-1 2.26399E-1 2.4732E-1 2.79427E-1 4.27037E-1 3.83152E-1 1.9174E-1 3.08062E-1 3.41145E-1 2.14348E-1 1.96021E-1 2.3868E-1 3.00116E-1 3.41328E-1 2.31319E-1 2.12969E-1 2.58329E-1 2.79212E-1 2.97484E-1 2.82153E-1 1.97924E-1 1.78921E-1 1.64533E-1 1.78586E-1 1.78505E-1 2.20189E-1 2.18966E-1 2.3189E-1 2.45309E-1 1.96642E-1 2.11183E-1 1.8595E-1
6.89078E-2 6.8E-2 1.21589E-1 8.18808E-2 9.13654E-2 6.7154E-2 8.42637E-2 7.07532E-2 1.54715E-1 1.97953E-1 2.66305E-1 1.34159E-1 1.33538E-1 1.36046E-1 4.22894E-2 1.23362E-1 7.25304E-2 1.27909E-1 1.12786E-1 1.24286E-1 8.98973E-2 1.81474E-1 2.49442E-1 1.81337E-1 2.44165E-1 2.02065E-1 2.10647E-1 1.73424E-1 1.78454E-1 1.88843E-1 2.606E-1 5.17449E-1 4.63392E-1 3.06972E-1 2.61693E-1 2.34645E-1 4.07769E-1 2.82165E-1 2.04763E-1 2.11681E-1 2.26451E-1 2.68234E-1 2.7608E-1 1.85361E-1 2.89992E-1 2.40934E-1 3.08905E-1 2.9872E-1 2.61151E-1 3.01123E-1 2.20839E-1 2.03081E-1 2.02816E-1 2.1304E-1 2.22791E-1 2.25549E-1 2.264E-1 2.7385E-1 2.8338E-1 2.17129E-1 1.99341E-1
5.22444E-2 5.56644E-2 6.67855E-2 7.90649E-2 9.51161E-2 1.50536E-1 1.62017E-1 9.81078E-2 1.19497E-1 1.23103E-1 2.56057E-1 1.15746E-1 2.99104E-1 5.84013E-2 1.38313E-1 1.36639E-1 1.01125E-1 8.56641E-2 1.37481E-1 8.53117E-2 9.96955E-2 1.40258E-1 2.39225E-1 2.19016E-1 2.47849E-1 2.36479E-1 2.44514E-1 1.93942E-1 1.88775E-1 2.50239E-1 4.9919E-1 5.55557E-1 5.46911E-1 5.23549E-1 3.75564E-1 2.57705E-1 1.81636E-1 2.05449E-1 2.92925E-1 2.42502E-1 2.26846E-1 1.76262E-1 1.68792E-1 1.86022E-1 2.67942E-1 3.50757E-1 3.32304E-1 2.63842E-1 2.19052E-1 2.62318E-1 2.4359E-1 2.56322E-1 2.25691E-1 2.15379E-1 2.18509E-1 4.28204E-1 2.6996E-1 2.71052E-1 2.25986E-1 1.99427E-1 2.01679E-1
6.94988E-2 5.86495E-2 6.97661E-2 8.07054E-2 1.15624E-1 6.71827E-2 8.25394E-2 1.79726E-1 1.48849E-1 1.26243E-1 2.54142E-1 2.77706E-1 1.57803E-1 4.89557E-2 8.9523E-2 1.60777E-1 1.49954E-1 7.90726E-2 1.29925E-1 1.12598E-1 7.09431E-2 1.50255E-1 1.81489E-1 2.24919E-1 1.95615E-1 2.60535E-1 2.85307E-1 1.95627E-1 3.18174E-1 3.93628E-1 5.53522E-1 5.57543E-1 5.42404E-1 3.32898E-1 2.90918E-1 2.48875E-1 2.35783E-1 2.51141E-1 2.00226E-1 1.66863E-1 1.70409E-1 1.7771E-1 1.8379E-1 2.12456E-1 2.67354E-1 2.56463E-1 3.26033E-1 2.44047E-1 2.32818E-1 2.65981E-1 2.94178E-1 2.63245E-1 2.56817E-1 3.83969E-1 3.74137E-1 3.78648E-1 2.62585E-1 2.73776E-1 2.49604E-1 2.21419E-1 2.24662E-1
7.3004E-2 7.52295E-2 7.41236E-2 6.46293E-2 8.8209E-2 8.544E-2 5.7196E-2 7.34903E-2 8.60598E-2 2.23935E-1 2.52904E-1 2.08589E-1 3.16589E-2 5.88382E-2 4.09935E-2 1.0428E-1 7.72132E-2 1.6317E-1 5.90644E-2 1.4925E-1 1.48792E-1 1.49229E-1 1.4614E-1 2.37077E-1 3.90663E-1 3.98847E-1 2.95251E-1 2.13184E-1 3.23346E-1 3.09465E-1 3.36902E-1 5.88956E-1 3.99746E-1 5.4241E-1 3.73221E-1 2.85428E-1 2.55181E-1 3.09534E-1 2.21469E-1 1.98383E-1 1.62478E-1 1.78091E-1 1.78393E-1 1.93913E-1 3.11836E-1 3.55205E-1 3.43969E-1 3.23548E-1 2.90069E-1 3.09582E-1 2.48092E-1 3.82448E-1 3.08794E-1 4.80133E-1 4.99604E-1 3.69868E-1 2.56935E-1 2.67685E-1 2.05905E-1 2.01252E-1 2.25317E-1
7.93539E-2 1.10748E-1 1.11212E-1 1.03394E-1 6.50571E-2 6.75501E-2 4.90746E-2 7.25752E-2 2.74782E-2 1.84427E-1 2.36869E-1 2.68131E-1 1.97223E-2 3.76228E-2 3.15167E-2 3.02061E-2 7.16682E-2 8.51112E-2 4.30781E-2 5.01214E-2 1.46241E-1 6.77333E-2 1.33781E-1 1.34486E-1 1.86094E-1 2.67034E-1 2.68185E-1 2.43786E-1 2.06705E-1 2.33891E-1 4.99168E-1 5.7698E-1 5.66708E-1 5.49937E-1 3.49952E-1 2.19812E-1 1.69119E-1 1.496E-1 1.73309E-1 1.95936E-1 1.70211E-1 1.77589E-1 1.92689E-1 2.10538E-1 2.35874E-1 3.30147E-1 3.21604E-1 4.08801E-1 3.2146E-1 2.5405E-1 2.935E-1 4.18535E-1 4.79532E-1 4.40768E-1 4.70081E-1 2.48732E-1 2.56409E-1 2.42001E-1 2.02836E-1 2.50149E-1 2.86778E-1
2.80679E-2 6.19839E-2 4.182E-2 2.91394E-2 8.52688E-2 1.04473E-1 6.20864E-2 1.08726E-1 1.74193E-2 1.45172E-1 1.39461E-1 2.48606E-1 2.61987E-1 5.71992E-2 1.02752E-1 2.03071E-2 5.71018E-2 2.48364E-2 2.0592E-2 4.13737E-2 1.9145E-1 1.2802E-1 1.20228E-1 1.22428E-1 1.50338E-1 2.51484E-1 3.70622E-1 3.9288E-1 2.98463E-1 3.45999E-1 5.41237E-1 5.91907E-1 5.16802E-1 4.35566E-1 5.16211E-1 3.71533E-1 1.73921E-1 1.65345E-1 2.14117E-1 1.75226E-1 1.81131E-1 2.2737E-1 1.63626E-1 2.09293E-1 2.44325E-1 2.72712E-1 2.53978E-1 2.95499E-1 4.07271E-1 2.86242E-1 3.54348E-1 4.96492E-1 4.78322E-1 4.69548E-1 4.48517E-1 2.28105E-1 2.3979E-1 2.16046E-1 2.18493E-1 2.15976E-1 2.37501E-1
1.48923E-2 5.48769E-2 4.05067E-2 4.56305E-2 7.55946E-2 4.13102E-2 8.97005E-2 7.20876E-2 2.6281E-2 5.3179E-2 1.4358E-1 2.47975E-1 2.11994E-1 8.64449E-3 1.44426E-2 4.4234E-2 1.36713E-1 6.61139E-2 1.39564E-1 2.14277E-1 1.9894E-1 1.56984E-1 8.80105E-2 1.7668E-1 2.1206E-1 4.04688E-1 4.4768E-1 4.99881E-1 4.98225E-1 2.79077E-1 5.94461E-1 4.02937E-1 5.12622E-1 5.33555E-1 2.06709E-1 1.77953E-1 1.6544E-1 1.91375E-1 2.50474E-1 2.92177E-1 2.73931E-1 2.0587E-1 1.77689E-1 1.81585E-1 2.49582E-1 2.7439E-1 2.50664E-1 2.57194E-1 3.01653E-1 3.0092E-1 3.0466E-1 5.14587E-1 3.98407E-1 5.04097E-1 3.24734E-1 2.38744E-1 2.44187E-1 2.29064E-1 2.13625E-1 2.07702E-1 2.15296E-1
5.83624E-2 5.7386E-2 2.75752E-2 2.15453E-2 1.86091E-2 6.01233E-2 4.00442E-2 8.11275E-2 7.47496E-3 1.77446E-2 1.07978E-1 2.55605E-1 2.02882E-1 2.61244E-3 6.16495E-3 2.18456E-3 1.85431E-2 9.92526E-4 7.58374E-3 7.41694E-3 1.33885E-2 2.23917E-1 1.05946E-1 5.42563E-1 5.44134E-1 4.59493E-1 3.92304E-1 4.03964E-1 5.14055E-1 4.50758E-1 5.90787E-1 5.29804E-1 5.68395E-1 5.53106E-1 4.20655E-1 4.25161E-1 2.61993E-1 2.09831E-1 2.40918E-1 4.67358E-1 3.78424E-1 4.98657E-1 4.14539E-1 2.6085E-1 2.33142E-1 2.57109E-1 2.40982E-1 2.683E-1 2.44905E-1 2.98544E-1 3.52063E-1 5.12039E-1 4.40441E-1 4.68675E-1 2.73973E-1 2.85744E-1 2.61348E-1 2.34953E-1 2.2703E-1 2.34889E-1 2.54338E-1
3.84985E-2 7.94817E-2 1.52425E-2 1.37288E-2 1.31197E-2 8.53112E-3 1.08777E-2 1.999E-2 1.01678E-2 3.27658E-3 1.17065E-1 2.33192E-1 1.85381E-1 3.94449E-3 3.88691E-4 7.36197E-3 1.25644E-3 1.44438E-4 5.57543E-3 2.52076E-3 1.16762E-2 8.66376E-2 2.46022E-1 4.93573E-1 3.68794E-1 2.42989E-1 1.95063E-1 2.61472E-1 2.4002E-1 3.85162E-1 5.77428E-1 5.68058E-1 5.68879E-1 4.7146E-1 5.12071E-1 4.9962E-1 2.25517E-1 5.0205E-1 2.42916E-1 2.97061E-1 4.34678E-1 5.71365E-1 4.06225E-1 5.7285E-1 3.18316E-1 2.49632E-1 2.48502E-1 3.11605E-1 3.39497E-1 2.8274E-1 3.29019E-1 5.11519E-1 5.20733E-1 4.41371E-1 3.09638E-1 3.28782E-1 2.58254E-1 2.71174E-1 2.23856E-1 2.42974E-1 2.64948E-1
5.80021E-2 6.91434E-2 2.4876E-2 2.48096E-2 1.54395E-2 2.44714E-2 5.29773E-3 6.97032E-3 4.4016E-2 2.24116E-2 1.37498E-2 1.66127E-1 1.2657E-1 1.31159E-3 1.59504E-4 2.49486E-5 6.54541E-5 1.08285E-4 3.17733E-4 1.25258E-3 4.14888E-3 7.93139E-2 9.82956E-2 1.19485E-1 1.28446E-1 1.84188E-1 1.65452E-1 3.89711E-1 2.432E-1 2.26405E-1 2.58926E-1 5.73093E-1 5.77682E-1 5.3831E-1 5.07369E-1 3.67947E-1 4.55898E-1 5.74474E-1 5.80134E-1 5.67977E-1 5.44356E-1 5.84152E-1 5.86514E-1 5.3007E-1 5.78526E-1 2.91622E-1 2.78034E-1 3.33821E-1 5.76063E-1 5.70093E-1 5.15147E-1 3.62139E-1 4.53705E-1 5.00888E-1 2.82038E-1 2.93723E-1 2.88634E-1 3.1227E-1 2.87534E-1 2.66777E-1 2.64038E-1
7.80103E-2 7.4057E-2 3.36299E-2 2.20973E-2 3.78445E-2 4.63794E-2 9.95882E-3 7.32505E-3 4.05666E-2 1.15977E-2 7.38092E-4 1.11062E-1 4.26614E-2 6.15318E-2 1.14736E-4 1.00268E-5 2.00237E-4 3.00219E-5 1.70251E-5 4.6021E-4 2.76607E-2 3.73481E-2 5.63366E-2 8.84903E-2 8.38829E-2 3.10046E-1 3.90579E-1 2.23669E-1 1.6689E-1 2.14817E-1 4.57491E-1 6.24921E-1 5.50217E-1 5.92765E-1 5.60314E-1 5.47479E-1 4.91216E-1 4.73381E-1 5.64747E-1 3.53012E-1 3.25584E-1 2.75466E-1 5.75329E-1 5.19877E-1 5.99381E-1 2.81602E-1 2.65401E-1 2.5181E-1 2.90084E-1 4.94689E-1 5.58065E-1 4.25103E-1 4.5044E-1 4.23153E-1 3.26451E-1 2.68141E-1 2.97519E-1 3.11753E-1 2.69505E-1 2.64675E-1 2.35568E-1
4.11528E-2 1.12768E-1 1.04061E-1 7.35525E-2 7.53333E-3 1.44444E-2 1.95177E-2 1.43822E-2 1.98763E-2 8.52006E-3 1.56648E-3 3.06006E-2 8.01201E-2 6.46864E-2 1.86338E-3 1.87885E-5 1.01666E-3 4.28601E-5 2.63913E-5 1.86876E-4 8.1732E-4 1.45855E-2 4.2927E-2 6.04265E-2 1.13597E-1 1.94833E-1 2.846E-1 2.53775E-1 1.96028E-1 2.75201E-1 5.74121E-1 5.75848E-1 5.5416E-1 5.60545E-1 5.27973E-1 5.31555E-1 5.52877E-1 5.41775E-1 5.20643E-1 5.68383E-1 5.86178E-1 2.41158E-1 5.86215E-1 4.4461E-1 4.48503E-1 3.89211E-1 4.25489E-1 2.4137E-1 2.56911E-1 2.59134E-1 5.02315E-1 4.45055E-1 4.76722E-1 5.01559E-1 3.68645E-1 2.40568E-1 2.64171E-1 3.09645E-1 3.28666E-1 2.89521E-1 2.59932E-1
7.89077E-2 1.10301E-1 1.44236E-2 2.58955E-2 8.74659E-2 5.89842E-2 2.62172E-2 3.23078E-2 2.36864E-2 1.95044E-2 2.09693E-2 2.28294E-3 1.87263E-2 9.88367E-2 1.92984E-4 1.73074E-4 7.36009E-5 9.86438E-5 5.21588E-4 8.06832E-4 1.54176E-2 1.54689E-2 1.70178E-2 4.55413E-2 1.81861E-1 2.46706E-1 2.10112E-1 3.7606E-1 4.80862E-1 5.60368E-1 5.47573E-1 5.1389E-1 5.26206E-1 4.96639E-1 4.20567E-1 5.51656E-1 5.31354E-1 5.31456E-1 4.94314E-1 5.6377E-1 5.70744E-1 3.39406E-1 5.59686E-1 5.79485E-1 5.60098E-1 5.78192E-1 5.06221E-1 5.59503E-1 5.11398E-1 5.62872E-1 5.72703E-1 4.32665E-1 5.47488E-1 5.22803E-1 4.81525E-1 3.94157E-1 3.29654E-1 3.31993E-1 3.35902E-1 3.15941E-1 3.35987E-1
8.99795E-2 1.08415E-1 1.55599E-2 3.3188E-2 4.39125E-2 4.06046E-2 2.6903E-2 1.74763E-2 3.09769E-2 3.0423E-2 6.84833E-2 1.31409E-3 6.96493E-3 1.09354E-1 6.93791E-3 8.87263E-5 4.50025E-5 9.43694E-5 2.46868E-4 3.98124E-4 2.28254E-3 1.51785E-2 3.26667E-2 3.49022E-2 1.50986E-1 1.28417E-1 3.57884E-1 3.22441E-1 5.39625E-1 4.40445E-1 4.87031E-1 5.15601E-1 4.81682E-1 3.54491E-1 4.31614E-1 4.88896E-1 4.54202E-1 4.80256E-1 4.71437E-1 4.88288E-1 5.82128E-1 5.54585E-1 5.08993E-1 5.70208E-1 4.57021E-1 5.93711E-1 4.55655E-1 5.25195E-1 5.10783E-1 5.19207E-1 5.75663E-1 5.81039E-1 6.0475E-1 5.63498E-1 4.13635E-1 3.3374E-1 3.56608E-1 3.30539E-1 3.34841E-1 3.04676E-1 2.91814E-1
9.46849E-2 9.64289E-2 5.01857E-2 7.67861E-2 1.01864E-2 3.87366E-3 1.96309E-2 7.32181E-3 3.32617E-2 1.26499E-2 4.055E-2 8.22393E-3 4.97494E-3 9.68191E-2 2.18051E-2 1.71912E-5 1.90774E-5 6.05547E-4 2.1777E-5 1.30103E-4 1.18096E-4 1.07362E-3 1.03996E-2 4.1551E-2 6.32309E-2 4.16299E-1 3.49695E-1 1.38683E-1 1.13965E-1 1.42994E-1 5.23065E-1 3.97591E-1 4.61854E-1 4.296E-1 5.16814E-1 4.95946E-1 4.0961E-1 4.99149E-1 3.25E-1 4.82942E-1 4.86691E-1 5.14135E-1 5.76279E-1 5.75183E-1 3.54217E-1 3.577E-1 4.60931E-1 5.39068E-1 4.97816E-1 4.08986E-1 5.56374E-1 5.20471E-1 5.99996E-1 5.42472E-1 3.49205E-1 2.86372E-1 2.66917E-1 2.672E-1 3.31147E-1 3.69898E-1 3.23044E-1
1.81881E-1 1.27051E-1 6.79137E-2 4.47686E-2 3.92829E-2 2.22099E-2 8.18231E-3 1.15329E-2 2.10752E-2 2.30676E-2 1.73063E-2 2.516E-4 3.0768E-3 1.03378E-1 4.11457E-2 7.06982E-5 6.36515E-4 1.42431E-4 2.33352E-4 6.78079E-4 2.65675E-3 5.20114E-3 8.7308E-3 5.18442E-2 1.05957E-2 4.32526E-2 1.81077E-1 9.334E-2 9.5177E-2 1.22023E-1 3.99669E-1 1.25747E-1 3.86572E-1 5.41433E-1 2.21832E-1 1.77875E-1 1.78563E-1 2.98615E-1 2.2895E-1 5.67834E-1 5.63035E-1 4.84135E-1 6.07715E-1 6.2932E-1 4.67562E-1 5.48347E-1 4.07974E-1 5.92975E-1 5.59114E-1 5.22733E-1 5.73558E-1 5.27294E-1 5.13398E-1 5.31377E-1 4.89267E-1 2.72507E-1 3.06722E-1 3.11516E-1 2.99293E-1 3.15281E-1 2.48937E-1
4.19763E-2 1.08408E-1 8.41718E-2 4.98167E-2 3.83215E-2 2.6632E-2 2.77064E-2 9.41441E-3 1.92853E-2 1.47332E-2 2.37608E-3 3.58729E-3 7.8703E-3 6.68815E-2 2.42253E-2 8.07425E-3 4.68686E-6 3.05782E-5 4.08612E-4 5.59798E-4 4.03782E-3 5.77908E-3 6.63908E-2 2.74605E-2 4.24223E-2 3.26183E-2 1.15952E-1 9.77365E-2 1.006E-1 1.17702E-1 3.06228E-1 2.22307E-1 4.7643E-1 5.2889E-1 2.45887E-1 1.55071E-1 1.51514E-1 1.74606E-1 1.7542E-1 5.20661E-1 4.85677E-1 3.41704E-1 4.44731E-1 4.89136E-1 6.14743E-1 6.46995E-1 5.60324E-1 4.39893E-1 5.87885E-1 5.19641E-1 3.90976E-1 3.99057E-1 4.14926E-1 4.54135E-1 4.23041E-1 2.33013E-1 2.11365E-1 2.43292E-1 2.43338E-1 2.54045E-1 2.19743E-1
1.80081E-1 2.01228E-1 1.0138E-1 1.59885E-1 5.87625E-2 4.22842E-2 3.2465E-2 2.85229E-2 1.78855E-2 4.0544E-3 1.14076E-2 4.53261E-3 1.27052E-2 2.83586E-2 3.1699E-3 6.41606E-3 2.13608E-4 9.81178E-5 8.33972E-4 2.41258E-3 1.00599E-2 1.10603E-2 1.19692E-1 2.59233E-2 5.23299E-2 6.44435E-2 4.89205E-2 9.94377E-2 1.02066E-1 1.12394E-1 1.37544E-1 1.58363E-1 3.77722E-1 3.81493E-1 1.41647E-1 1.3744E-1 1.7255E-1 1.82368E-1 1.77356E-1 2.67024E-1 5.99384E-1 4.07775E-1 4.20955E-1 4.85516E-1 3.48097E-1 3.86271E-1 3.43562E-1 5.22973E-1 4.0288E-1 5.55637E-1 3.5029E-1 4.96668E-1 4.08483E-1 5.29183E-1 2.95779E-1 2.10604E-1 2.35995E-1 2.27783E-1 2.23354E-1 2.064E-1 2.47076E-1
