Final_Models_July82022/M_0.1_F_lqp_Set_1/Bison_5.asc
ncols         290
nrows         380
xllcorner     -2197417.7431653
yllcorner     -584827.01486885
cellsize      10000.0
NODATA_value  -9999
[rows 324 to 350 of 380, columns 61 to 121 of 290]
1.28233E-1 1.57383E-1 1.64526E-1 1.68692E-1 1.48779E-1 1.5263E-1 2.68722E-1 1.7167E-1 1.53323E-1 1.9367E-1 2.02203E-1 1.97067E-1 1.63435E-1 1.8075E-1 2.17451E-1 1.75875E-1 1.89447E-1 1.77954E-1 2.1087E-1 1.92924E-1 4.10876E-1 2.27372E-1 2.10433E-1 3.63311E-1 2.30148E-1 3.25005E-1 2.68078E-1 3.51725E-1 2.94889E-1 3.70795E-1 3.74495E-1 3.92547E-1 3.77123E-1 3.56477E-1 2.70357E-1 8.41675E-2 3.84513E-1 3.77262E-1 1.38268E-1 3.53573E-1 3.30918E-1 2.18294E-1 5.1109E-1 3.90228E-1 3.26322E-1 3.16847E-1 3.48982E-1 5.92655E-1 5.27007E-1 6.21946E-1 7.67134E-1 5.17828E-1 4.8676E-1 7.2477E-1 6.07298E-1 6.21436E-1 5.12704E-1 7.85445E-1 7.45544E-1 8.05127E-1 7.42986E-1
1.37769E-1 1.33961E-1 1.66946E-1 1.6917E-1 1.51299E-1 1.439E-1 3.18548E-1 2.77402E-1 2.46413E-1 1.83812E-1 1.75014E-1 1.74577E-1 1.74056E-1 2.02224E-1 1.72085E-1 1.67117E-1 1.58182E-1 1.99279E-1 2.01025E-1 2.66339E-1 4.23741E-1 3.70219E-1 2.49275E-1 1.89188E-1 3.44069E-1 1.75452E-1 2.7068E-1 2.44108E-1 2.73834E-1 3.28158E-1 3.48899E-1 3.83303E-1 3.06355E-1 4.60038E-1 2.4703E-1 1.46378E-1 2.79132E-1 3.86043E-1 4.80195E-1 3.91622E-1 3.46754E-1 2.05159E-1 1.82488E-1 4.93066E-1 3.84337E-1 0E0 5.42506E-1 5.91028E-1 6.6762E-1 5.43864E-1 7.57692E-1 8.08945E-1 6.13562E-1 6.02251E-1 6.43799E-1 6.8537E-1 5.53869E-1 6.56759E-1 7.20144E-1 6.69572E-1 6.7463E-1
1.33697E-1 1.23674E-1 1.53365E-1 1.59117E-1 1.57374E-1 1.33989E-1 2.35009E-1 2.37871E-1 1.97505E-1 1.59025E-1 1.67548E-1 1.78024E-1 1.46E-1 1.40392E-1 1.49193E-1 1.57396E-1 1.67823E-1 1.63751E-1 1.56131E-1 2.75205E-1 2.78642E-1 4.60403E-1 2.65948E-1 2.2243E-1 2.45502E-1 3.02609E-1 2.23246E-1 3.18547E-1 3.41556E-1 3.95887E-1 3.35674E-1 2.35565E-1 4.29665E-1 4.10314E-1 1.94746E-1 3.13825E-1 2.45983E-1 3.63833E-1 2.62933E-1 2.91937E-1 3.60032E-1 2.71309E-1 2.61807E-1 4.49582E-1 4.37797E-1 3.8745E-1 3.73296E-1 5.12854E-1 5.94014E-1 5.48821E-1 5.66936E-1 7.9877E-1 6.28218E-1 4.667E-1 7.85774E-1 7.79115E-1 5.51451E-1 5.66518E-1 7.59843E-1 8.11057E-1 7.62726E-1
1.37404E-1 1.25245E-1 1.45845E-1 1.32577E-1 1.3982E-1 1.94225E-1 2.94469E-1 1.46672E-1 1.48217E-1 1.74922E-1 2.11963E-1 1.46511E-1 1.41959E-1 1.32692E-1 1.43351E-1 1.43039E-1 1.531E-1 1.45022E-1 1.59365E-1 2.22692E-1 2.48854E-1 4.33705E-1 2.45043E-1 2.80718E-1 1.54906E-1 2.52061E-1 3.35918E-1 3.40114E-1 4.02879E-1 3.95853E-1 3.0073E-1 2.75745E-1 4.38089E-1 4.06561E-1 3.99208E-1 3.85956E-1 4.08676E-1 4.01082E-1 4.9601E-1 4.57148E-1 4.00225E-1 4.40148E-1 3.79731E-1 5.41885E-1 4.46524E-1 4.95849E-1 4.63823E-1 6.03119E-1 4.65809E-1 5.3821E-1 6.11884E-1 8.252E-1 5.20278E-1 5.7095E-1 6.87673E-1 6.78934E-1 5.38886E-1 5.4331E-1 7.86184E-1 7.7049E-1 7.87407E-1
1.18069E-1 1.21625E-1 1.48381E-1 1.38094E-1 1.77976E-1 1.53823E-1 1.41129E-1 1.5795E-1 1.84088E-1 2.22302E-1 1.41359E-1 1.28827E-1 1.5349E-1 1.26227E-1 1.30848E-1 1.46413E-1 1.44722E-1 1.5748E-1 2.17192E-1 2.08529E-1 3.85679E-1 4.66777E-1 2.91443E-1 2.13711E-1 2.25247E-1 3.22014E-1 2.80782E-1 3.39851E-1 2.76572E-1 3.97527E-1 3.35633E-1 2.66194E-1 4.16705E-1 3.65801E-1 3.83585E-1 4.96967E-1 5.73337E-1 6.78766E-1 6.98358E-1 7.00874E-1 5.92943E-1 5.80488E-1 4.74023E-1 5.44673E-1 3.84314E-1 4.47358E-1 5.60296E-1 4.79562E-1 4.82562E-1 5.33317E-1 7.26713E-1 7.96842E-1 6.45189E-1 5.41071E-1 5.27051E-1 5.51574E-1 5.26636E-1 5.12955E-1 6.16305E-1 7.01613E-1 7.4272E-1
1.25665E-1 1.15529E-1 1.12393E-1 1.83674E-1 1.67524E-1 1.29478E-1 1.25437E-1 2.14691E-1 3.18408E-1 1.66663E-1 1.39764E-1 1.59604E-1 1.43386E-1 1.32922E-1 1.30236E-1 1.66841E-1 3.12178E-1 3.56681E-1 3.75931E-1 2.6834E-1 4.98163E-1 4.57447E-1 2.36491E-1 1.48148E-1 2.9757E-1 1.88507E-1 1.59518E-1 1.80549E-1 2.47796E-1 3.54292E-1 3.8671E-1 4.10439E-1 4.41939E-1 3.31957E-1 3.41142E-1 3.49332E-1 5.90521E-1 6.65792E-1 6.9356E-1 5.69874E-1 6.89123E-1 7.31062E-1 6.60784E-1 7.18444E-1 7.12623E-1 4.3829E-1 4.05392E-1 4.85105E-1 4.9061E-1 5.12839E-1 5.26538E-1 5.56848E-1 5.53069E-1 5.52944E-1 5.28283E-1 5.27957E-1 5.36837E-1 4.95717E-1 5.38588E-1 7.57561E-1 5.07443E-1
1.15656E-1 1.16693E-1 1.01943E-1 1.02482E-1 2.05364E-1 1.29462E-1 1.30143E-1 2.71496E-1 2.28526E-1 1.28518E-1 1.33068E-1 1.19311E-1 1.27211E-1 1.28768E-1 1.39888E-1 1.64921E-1 2.01099E-1 1.91223E-1 1.80431E-1 2.01522E-1 3.10417E-1 4.06716E-1 2.2452E-1 2.4974E-1 2.05601E-1 1.86943E-1 2.7475E-1 2.87369E-1 3.10666E-1 3.62879E-1 3.57526E-1 3.62547E-1 3.33302E-1 3.47545E-1 2.87693E-1 2.8846E-1 3.32038E-1 3.2932E-1 4.0022E-1 5.21884E-1 4.39166E-1 4.13907E-1 5.79397E-1 6.35552E-1 6.19913E-1 6.46578E-1 6.96924E-1 5.79111E-1 5.04501E-1 4.47284E-1 5.21772E-1 5.34046E-1 5.30101E-1 5.19457E-1 5.22116E-1 5.47217E-1 4.81539E-1 4.73632E-1 5.58135E-1 7.45497E-1 5.6089E-1
1.21623E-1 1.45196E-1 1.10873E-1 1.22395E-1 2.73796E-1 1.98059E-1 1.75485E-1 2.05945E-1 2.41653E-1 1.16982E-1 1.09308E-1 1.19787E-1 1.2628E-1 1.38412E-1 1.30817E-1 1.274E-1 1.50513E-1 1.55068E-1 1.66031E-1 2.03546E-1 2.53308E-1 2.75465E-1 2.69501E-1 3.26998E-1 2.40558E-1 2.16508E-1 1.70664E-1 2.05068E-1 2.67134E-1 3.22548E-1 3.36443E-1 2.3889E-1 3.01971E-1 3.88378E-1 3.57138E-1 3.14197E-1 2.90186E-1 2.63851E-1 3.59482E-1 3.21237E-1 3.41302E-1 3.52293E-1 4.645E-1 5.11068E-1 5.01841E-1 5.82928E-1 5.71809E-1 4.39294E-1 4.64542E-1 4.77464E-1 4.98531E-1 5.0675E-1 5.07677E-1 5.38625E-1 5.1489E-1 4.99021E-1 6.28607E-1 5.69123E-1 6.09629E-1 5.77296E-1 7.18247E-1
1.5252E-1 2.15144E-1 1.18636E-1 1.20878E-1 1.20195E-1 1.571E-1 1.88084E-1 1.69853E-1 9.95119E-2 1.21528E-1 1.08583E-1 1.12873E-1 1.15757E-1 1.20059E-1 1.26784E-1 1.54972E-1 1.34324E-1 1.47172E-1 1.87499E-1 2.17229E-1 2.50525E-1 1.79039E-1 1.42478E-1 3.09708E-1 3.40197E-1 4.10081E-1 2.05785E-1 1.62861E-1 3.15756E-1 2.72603E-1 2.74243E-1 2.69588E-1 2.84837E-1 3.06757E-1 3.22162E-1 3.10555E-1 3.61138E-1 4.0523E-1 4.14754E-1 5.16374E-1 4.56459E-1 3.88315E-1 4.23333E-1 5.94946E-1 6.25205E-1 4.12017E-1 4.21917E-1 4.25317E-1 4.3752E-1 4.53879E-1 4.65934E-1 4.69286E-1 4.81342E-1 4.83948E-1 4.69739E-1 4.53769E-1 6.75247E-1 6.59261E-1 7.03269E-1 6.94669E-1 4.91995E-1
1.6452E-1 1.33386E-1 1.17097E-1 1.10086E-1 1.39565E-1 1.43945E-1 1.24986E-1 1.21067E-1 1.23205E-1 1.06138E-1 1.06876E-1 1.11839E-1 1.15308E-1 1.2273E-1 1.64836E-1 1.53237E-1 1.51237E-1 1.65884E-1 2.10935E-1 2.0313E-1 2.51139E-1 2.77892E-1 1.76341E-1 2.86398E-1 2.66775E-1 3.81886E-1 2.05838E-1 1.66928E-1 1.56351E-1 3.44063E-1 3.21562E-1 3.74597E-1 3.34483E-1 2.38497E-1 3.17691E-1 3.56099E-1 3.62247E-1 2.61335E-1 3.31585E-1 3.23348E-1 5.19149E-1 5.49496E-1 5.5119E-1 5.96067E-1 5.21175E-1 3.79471E-1 3.7145E-1 3.55882E-1 3.59172E-1 3.98694E-1 4.2044E-1 4.37092E-1 4.57206E-1 4.46334E-1 4.43381E-1 6.70138E-1 5.19975E-1 4.2187E-1 5.56078E-1 5.55079E-1 4.78696E-1
1.65303E-1 1.50703E-1 1.23484E-1 1.15827E-1 1.30822E-1 1.58239E-1 1.04366E-1 1.171E-1 1.36844E-1 2.18063E-1 1.09678E-1 1.15988E-1 1.67185E-1 1.35245E-1 1.37194E-1 2.00541E-1 1.82353E-1 1.85315E-1 1.88056E-1 2.05373E-1 2.33816E-1 2.80237E-1 2.94452E-1 3.11516E-1 3.22954E-1 2.70385E-1 2.61681E-1 2.0503E-1 1.74664E-1 1.89118E-1 2.59936E-1 3.11146E-1 2.78475E-1 3.44045E-1 2.76925E-1 1.91987E-1 2.3183E-1 3.43321E-1 2.26443E-1 4.13241E-1 4.99978E-1 5.39514E-1 5.74239E-1 5.56911E-1 3.61288E-1 4.07262E-1 4.02905E-1 4.0194E-1 3.22245E-1 3.56245E-1 3.87343E-1 4.13042E-1 4.41585E-1 4.04745E-1 6.05194E-1 6.40443E-1 4.62951E-1 5.35251E-1 6.10247E-1 6.39706E-1 5.17323E-1
1.52079E-1 1.67149E-1 1.57409E-1 1.83786E-1 1.10984E-1 2.30696E-1 2.07424E-1 1.31389E-1 1.39795E-1 1.12439E-1 1.44675E-1 2.26759E-1 1.60456E-1 1.42223E-1 1.84568E-1 2.19267E-1 2.02568E-1 1.9809E-1 2.17859E-1 2.09708E-1 1.64902E-1 2.54414E-1 2.82171E-1 2.94694E-1 3.10571E-1 2.92104E-1 2.46021E-1 2.12431E-1 1.93681E-1 1.90044E-1 3.70979E-1 3.7812E-1 3.72768E-1 4.15675E-1 3.27864E-1 2.40042E-1 2.27891E-1 3.14274E-1 1.73604E-1 3.29324E-1 3.13828E-1 3.61359E-1 5.42006E-1 5.6065E-1 5.84731E-1 5.991E-1 5.39668E-1 6.14893E-1 4.28879E-1 3.65518E-1 4.32833E-1 3.92866E-1 4.4923E-1 6.7195E-1 4.95317E-1 6.51883E-1 6.29565E-1 5.02638E-1 6.28878E-1 5.47677E-1 4.8219E-1
1.75249E-1 1.45511E-1 1.55814E-1 1.33363E-1 1.48308E-1 2.60228E-1 1.79657E-1 1.49465E-1 2.29226E-1 1.87279E-1 1.99298E-1 2.5311E-1 2.18766E-1 1.63539E-1 1.93156E-1 2.33383E-1 2.44016E-1 2.05688E-1 2.09954E-1 2.45678E-1 2.35984E-1 2.52403E-1 2.36862E-1 2.66756E-1 2.8197E-1 2.73616E-1 2.38319E-1 2.09687E-1 1.944E-1 1.83321E-1 1.82688E-1 2.90804E-1 4.13792E-1 4.2333E-1 4.20951E-1 3.74729E-1 3.64912E-1 3.04856E-1 2.82106E-1 2.12544E-1 2.67823E-1 2.59422E-1 3.81598E-1 5.41385E-1 5.42881E-1 5.07405E-1 4.14387E-1 4.03182E-1 5.09007E-1 5.87403E-1 4.4538E-1 3.90297E-1 6.41822E-1 5.48529E-1 5.69786E-1 5.68106E-1 6.16958E-1 4.26132E-1 5.19493E-1 5.21541E-1 3.00889E-1
1.69882E-1 1.582E-1 1.70724E-1 1.31179E-1 1.19303E-1 2.01383E-1 1.62431E-1 1.65986E-1 2.57812E-1 2.62945E-1 1.82792E-1 2.57741E-1 1.66642E-1 1.72629E-1 2.18466E-1 2.65571E-1 2.83444E-1 2.52686E-1 2.20436E-1 2.24163E-1 2.11656E-1 2.42271E-1 2.37706E-1 2.49876E-1 2.46804E-1 2.61365E-1 2.69268E-1 2.14852E-1 2.06846E-1 1.91644E-1 2.07439E-1 2.58009E-1 3.43193E-1 4.41096E-1 3.2367E-1 2.6908E-1 4.26173E-1 2.65399E-1 2.65312E-1 2.49917E-1 2.84945E-1 3.97501E-1 4.13039E-1 3.57098E-1 3.89978E-1 4.49085E-1 3.46586E-1 3.46262E-1 3.31734E-1 5.03699E-1 4.7129E-1 4.04293E-1 4.18804E-1 4.39094E-1 6.14926E-1 4.82073E-1 5.78642E-1 4.69595E-1 3.66451E-1 2.94575E-1 3.4001E-1
-9999 -9999 -9999 -9999 1.14978E-1 1.74744E-1 1.6298E-1 2.78764E-1 1.82338E-1 2.36298E-1 1.81816E-1 1.52747E-1 2.48484E-1 2.46754E-1 2.36332E-1 2.36589E-1 3.11163E-1 2.62037E-1 2.60071E-1 2.09531E-1 2.06015E-1 2.05198E-1 2.18043E-1 2.49978E-1 2.45115E-1 2.5642E-1 2.36706E-1 2.32454E-1 2.29984E-1 1.9019E-1 1.80268E-1 3.39376E-1 2.74127E-1 2.62371E-1 3.36085E-1 2.28948E-1 3.19282E-1 3.43222E-1 2.8626E-1 2.71566E-1 4.27828E-1 3.68973E-1 2.7737E-1 3.70698E-1 3.00947E-1 3.37559E-1 3.4344E-1 3.81039E-1 5.46733E-1 4.46479E-1 5.42489E-1 5.12927E-1 5.7246E-1 5.56867E-1 5.60692E-1 5.40873E-1 3.81096E-1 3.81392E-1 4.29697E-1 3.37743E-1 2.45413E-1
-9999 -9999 -9999 -9999 -9999 -9999 -9999 -9999 -9999 2.31506E-1 1.89834E-1 1.51738E-1 2.92893E-1 4.66E-1 2.44236E-1 2.20242E-1 2.81887E-1 2.54252E-1 2.27517E-1 2.13742E-1 1.84759E-1 2.09114E-1 2.27117E-1 2.22707E-1 2.35791E-1 2.53347E-1 4.01359E-1 2.20682E-1 2.07606E-1 1.91134E-1 1.7652E-1 2.18358E-1 2.63406E-1 2.04624E-1 2.91341E-1 2.68419E-1 4.56092E-1 3.83096E-1 4.8705E-1 4.23371E-1 3.81338E-1 2.716E-1 2.91417E-1 3.01865E-1 3.8739E-1 4.2482E-1 4.35574E-1 3.43308E-1 4.67214E-1 5.54902E-1 4.59504E-1 5.51989E-1 4.87466E-1 5.53634E-1 3.69224E-1 3.8217E-1 4.60196E-1 2.47705E-1 3.91495E-1 3.44832E-1 2.67294E-1
-9999 -9999 -9999 -9999 -9999 -9999 -9999 -9999 -9999 -9999 -9999 -9999 -9999 2.8653E-1 2.0084E-1 2.20385E-1 2.65145E-1 2.4712E-1 2.29782E-1 2.11305E-1 2.13623E-1 2.46019E-1 2.22726E-1 1.99544E-1 2.457E-1 3.02074E-1 3.07344E-1 2.306E-1 1.78121E-1 1.63139E-1 1.67415E-1 1.90019E-1 2.24184E-1 2.58506E-1 2.81452E-1 3.06874E-1 2.11973E-1 2.2104E-1 4.90433E-1 5.0843E-1 4.4034E-1 4.51866E-1 4.84289E-1 4.27254E-1 3.99805E-1 3.10535E-1 3.21559E-1 5.11941E-1 5.54614E-1 4.80032E-1 5.04817E-1 5.40868E-1 4.19685E-1 5.84269E-1 3.6127E-1 4.24722E-1 5.44338E-1 3.75415E-1 5.55352E-1 5.98415E-1 4.85664E-1
-9999 -9999 -9999 -9999 -9999 -9999 -9999 -9999 -9999 -9999 -9999 -9999 -9999 -9999 -9999 -9999 -9999 2.43916E-1 2.22442E-1 2.16615E-1 2.31466E-1 2.25973E-1 2.43362E-1 2.33342E-1 2.44733E-1 4.83918E-1 3.01075E-1 2.5088E-1 1.94067E-1 1.74501E-1 1.91187E-1 1.97545E-1 2.19963E-1 2.37245E-1 3.61921E-1 4.06039E-1 2.94975E-1 2.39676E-1 5.27301E-1 4.1338E-1 2.43004E-1 3.27496E-1 3.53967E-1 4.3972E-1 4.09385E-1 3.43162E-1 4.30223E-1 4.81642E-1 4.84418E-1 5.29899E-1 5.84874E-1 4.14552E-1 3.19196E-1 5.82141E-1 3.60991E-1 5.1749E-1 4.21255E-1 3.93205E-1 5.06233E-1 5.42652E-1 1.98479E-1
-9999 -9999 -9999 -9999 -9999 -9999 -9999 -9999 -9999 -9999 -9999 -9999 -9999 -9999 -9999 -9999 -9999 -9999 -9999 -9999 -9999 2.16604E-1 2.37025E-1 2.42998E-1 2.8684E-1 4.96443E-1 4.1574E-1 2.61435E-1 3.2621E-1 2.04149E-1 2.0732E-1 1.72989E-1 2.16199E-1 3.12828E-1 2.99239E-1 3.25314E-1 2.9512E-1 2.42098E-1 4.12649E-1 2.5827E-1 3.07178E-1 3.08987E-1 3.65506E-1 2.82276E-1 5.33018E-1 5.39011E-1 4.23265E-1 5.87004E-1 4.24122E-1 5.31534E-1 5.94641E-1 4.92433E-1 3.73569E-1 5.96067E-1 4.72577E-1 6.12123E-1 5.23592E-1 3.60169E-1 5.71027E-1 5.67294E-1 2.27838E-1
-9999 -9999 -9999 -9999 -9999 -9999 -9999 -9999 -9999 -9999 -9999 -9999 -9999 -9999 -9999 -9999 -9999 -9999 -9999 -9999 -9999 -9999 -9999 -9999 -9999 2.64057E-1 3.14133E-1 3.0936E-1 3.53521E-1 2.30378E-1 3.76054E-1 3.12724E-1 2.71174E-1 3.0134E-1 3.0892E-1 3.54926E-1 3.65067E-1 2.26802E-1 3.11252E-1 2.7501E-1 2.94746E-1 3.28421E-1 3.66547E-1 2.73916E-1 3.10507E-1 3.40167E-1 4.831E-1 3.59745E-1 2.88809E-1 5.3523E-1 5.52018E-1 4.7619E-1 3.48085E-1 4.96856E-1 5.46525E-1 5.24141E-1 5.64616E-1 3.83905E-1 4.72679E-1 5.72567E-1 4.86159E-1
-9999 -9999 -9999 -9999 -9999 -9999 -9999 -9999 -9999 -9999 -9999 -9999 -9999 -9999 -9999 -9999 -9999 -9999 -9999 -9999 -9999 -9999 -9999 -9999 -9999 -9999 -9999 -9999 -9999 -9999 3.91163E-1 2.53257E-1 2.72555E-1 3.82009E-1 4.26345E-1 2.87353E-1 3.2018E-1 2.95125E-1 2.95312E-1 2.96894E-1 3.32146E-1 3.574E-1 3.42482E-1 3.26449E-1 3.39591E-1 4.14935E-1 5.9699E-1 3.71246E-1 4.40214E-1 5.65887E-1 3.77005E-1 4.28151E-1 4.73055E-1 4.38126E-1 5.97446E-1 5.09914E-1 4.78113E-1 5.65685E-1 5.50224E-1 4.65925E-1 5.69957E-1
-9999 -9999 -9999 -9999 -9999 -9999 -9999 -9999 -9999 -9999 -9999 -9999 -9999 -9999 -9999 -9999 -9999 -9999 -9999 -9999 -9999 -9999 -9999 -9999 -9999 -9999 -9999 -9999 -9999 -9999 -9999 -9999 -9999 -9999 3.27897E-1 2.95867E-1 3.0287E-1 2.67142E-1 2.54329E-1 4.70548E-1 3.27688E-1 3.26036E-1 3.71838E-1 3.26122E-1 4.43932E-1 4.16846E-1 5.70524E-1 4.43191E-1 5.97569E-1 5.6534E-1 4.60347E-1 4.65614E-1 4.62606E-1 4.53435E-1 5.97001E-1 5.65498E-1 5.70201E-1 3.49581E-1 4.76514E-1 4.87673E-1 5.98137E-1
-9999 -9999 -9999 -9999 -9999 -9999 -9999 -9999 -9999 -9999 -9999 -9999 -9999 -9999 -9999 -9999 -9999 -9999 -9999 -9999 -9999 -9999 -9999 -9999 -9999 -9999 -9999 -9999 -9999 -9999 -9999 -9999 -9999 -9999 -9999 -9999 -9999 -9999 3.22764E-1 3.64103E-1 3.07802E-1 3.16394E-1 3.58155E-1 3.08246E-1 3.92672E-1 3.64347E-1 4.20595E-1 3.91196E-1 4.93333E-1 5.24647E-1 5.59807E-1 5.99197E-1 5.9536E-1 6.22649E-1 6.04495E-1 6.06902E-1 5.31224E-1 5.48856E-1 4.22472E-1 5.64103E-1 3.8451E-1
-9999 -9999 -9999 -9999 -9999 -9999 -9999 -9999 -9999 -9999 -9999 -9999 -9999 -9999 -9999 -9999 -9999 -9999 -9999 -9999 -9999 -9999 -9999 -9999 -9999 -9999 -9999 -9999 -9999 -9999 -9999 -9999 -9999 -9999 -9999 -9999 -9999 -9999 -9999 -9999 -9999 -9999 3.5126E-1 3.5271E-1 3.45434E-1 3.98193E-1 3.6881E-1 4.95098E-1 5.70103E-1 3.92332E-1 5.80487E-1 5.29792E-1 4.46516E-1 5.61714E-1 5.67237E-1 5.54193E-1 5.72026E-1 5.63998E-1 4.41422E-1 3.64786E-1 3.32646E-1
-9999 -9999 -9999 -9999 -9999 -9999 -9999 -9999 -9999 -9999 -9999 -9999 -9999 -9999 -9999 -9999 -9999 -9999 -9999 -9999 -9999 -9999 -9999 -9999 -9999 -9999 -9999 -9999 -9999 -9999 -9999 -9999 -9999 -9999 -9999 -9999 -9999 -9999 -9999 -9999 -9999 -9999 -9999 -9999 -9999 -9999 3.52665E-1 4.48177E-1 5.74197E-1 5.25113E-1 5.67674E-1 4.98894E-1 5.74153E-1 5.74548E-1 5.95293E-1 5.37903E-1 5.88197E-1 4.67404E-1 6.01623E-1 3.39857E-1 3.38612E-1
-9999 -9999 -9999 -9999 -9999 -9999 -9999 -9999 -9999 -9999 -9999 -9999 -9999 -9999 -9999 -9999 -9999 -9999 -9999 -9999 -9999 -9999 -9999 -9999 -9999 -9999 -9999 -9999 -9999 -9999 -9999 -9999 -9999 -9999 -9999 -9999 -9999 -9999 -9999 -9999 -9999 -9999 -9999 -9999 -9999 -9999 -9999 -9999 -9999 -9999 -9999 4.95367E-1 5.38161E-1 5.91002E-1 5.26311E-1 4.75654E-1 5.1898E-1 5.44861E-1 3.33752E-1 4.84246E-1 4.03644E-1
-9999 -9999 -9999 -9999 -9999 -9999 -9999 -9999 -9999 -9999 -9999 -9999 -9999 -9999 -9999 -9999 -9999 -9999 -9999 -9999 -9999 -9999 -9999 -9999 -9999 -9999 -9999 -9999 -9999 -9999 -9999 -9999 -9999 -9999 -9999 -9999 -9999 -9999 -9999 -9999 -9999 -9999 -9999 -9999 -9999 -9999 -9999 -9999 -9999 -9999 -9999 -9999 -9999 -9999 -9999 5.58077E-1 4.50304E-1 3.7796E-1 4.7911E-1 4.79116E-1 5.54532E-1
