Final_Models_July82022/M_0.1_F_lqp_Set_1/Bison_5.asc
ncols         290
nrows         380
xllcorner     -2197417.7431653
yllcorner     -584827.01486885
cellsize      10000.0
NODATA_value  -9999
[rows 81 to 107 of 380, columns 122 to 182 of 290]
1.8028E-1 1.87438E-1 2.71076E-1 9.58099E-2 5.75406E-2 1.0203E-1 1.84169E-1 2.31077E-1 2.04504E-1 1.92083E-1 2.16791E-1 5.51129E-2 7.58542E-2 8.46661E-2 7.4907E-2 1.10609E-1 1.2064E-1 1.02328E-1 9.49071E-2 6.77767E-2 5.82441E-2 4.26997E-2 3.00512E-2 3.89922E-2 4.38103E-2 3.0186E-2 3.17976E-2 2.71327E-2 2.00603E-2 1.5217E-2 1.64707E-2 1.63222E-2 1.89237E-2 1.30119E-2 1.26449E-2 1.40174E-2 1.08583E-2 8.47957E-3 6.81891E-3 5.80165E-3 5.03494E-3 3.75096E-3 2.96099E-3 3.05032E-3 2.84785E-3 2.69915E-3 2.96985E-3 2.65005E-3 2.5096E-3 2.50451E-3 2.81711E-3 2.16393E-3 2.95632E-3 3.32519E-3 3.35586E-3 3.57148E-3 4.06207E-3 3.94473E-3 3.17478E-3 4.68164E-3 4.22512E-3
1.7739E-1 1.78501E-1 2.20528E-1 4.94007E-2 3.93486E-2 4.53468E-2 1.18804E-1 1.62291E-1 2.81715E-1 7.25798E-1 1.54822E-1 7.6116E-2 1.31388E-1 1.10098E-1 7.16018E-2 7.92679E-2 5.38518E-2 -9999 8.13554E-2 6.02641E-2 3.94491E-2 3.851E-2 3.38266E-2 3.53526E-2 3.71115E-2 2.8792E-2 2.54423E-2 2.74845E-2 3.80905E-2 3.23995E-2 2.92609E-2 3.43788E-2 2.33072E-2 1.31065E-2 1.1888E-2 1.15789E-2 9.38263E-3 1.06795E-2 8.3405E-3 6.1102E-3 5.06281E-3 3.99994E-3 3.48922E-3 2.78762E-3 3.01772E-3 3.0001E-3 2.9108E-3 2.69134E-3 2.68725E-3 2.82049E-3 2.37587E-3 2.07647E-3 2.60907E-3 2.94079E-3 3.30792E-3 3.70681E-3 3.31254E-3 3.61553E-3 3.15058E-3 4.44566E-3 3.37306E-3
1.70494E-1 1.21486E-1 4.65829E-2 3.6437E-2 3.79277E-2 3.79046E-2 5.04028E-2 1.33766E-1 1.27939E-1 1.31885E-1 2.19722E-1 1.43762E-1 1.26987E-1 1.24738E-1 5.67225E-2 8.03814E-2 7.21779E-2 8.88223E-2 6.84206E-2 4.0092E-2 3.11072E-2 3.91091E-2 3.40199E-2 4.009E-2 4.22363E-2 2.74372E-2 1.64785E-2 1.92397E-2 1.40138E-2 1.65022E-2 1.6826E-2 2.65083E-2 4.78365E-2 1.03117E-2 1.0431E-2 9.85825E-3 8.07851E-3 8.6156E-3 7.40648E-3 6.22678E-3 5.00191E-3 4.46272E-3 5.21124E-3 3.57019E-3 3.02642E-3 3.66829E-3 3.33063E-3 2.79228E-3 2.93335E-3 2.70488E-3 2.23294E-3 -9999 2.45552E-3 2.96867E-3 3.4814E-3 3.38984E-3 3.28246E-3 4.01505E-3 4.12766E-3 4.24691E-3 2.62555E-3
7.67735E-2 3.8293E-2 3.60155E-2 3.52762E-2 1.03224E-1 1.34972E-1 9.93443E-2 1.56257E-1 1.22458E-1 1.32335E-1 1.29224E-1 8.8843E-2 1.01969E-1 5.5297E-2 6.47152E-2 6.98498E-2 4.93769E-2 6.21311E-2 7.95106E-2 4.23823E-2 3.64998E-2 3.33726E-2 2.80571E-2 3.95715E-2 3.15026E-2 2.1806E-2 1.66947E-2 1.44251E-2 2.08987E-2 2.24804E-2 3.24646E-2 1.06273E-1 1.89333E-2 9.78247E-3 9.07541E-3 9.0046E-3 7.58582E-3 6.31384E-3 5.89562E-3 5.79917E-3 5.31499E-3 4.29876E-3 3.8503E-3 3.85673E-3 3.46026E-3 3.4056E-3 3.47398E-3 2.72356E-3 2.48978E-3 2.53593E-3 2.71162E-3 2.60363E-3 2.42569E-3 2.60973E-3 3.70669E-3 3.3473E-3 3.19344E-3 3.61796E-3 3.1423E-3 3.01911E-3 2.84366E-3
3.45171E-2 4.18553E-2 8.43346E-2 1.1382E-1 1.49123E-1 1.33767E-1 1.16145E-1 1.41425E-1 1.18359E-1 1.51768E-1 1.47378E-1 1.39053E-1 7.13054E-2 8.95488E-2 4.31835E-2 9.62295E-2 9.01621E-2 5.76995E-2 7.43402E-2 5.55465E-2 3.19885E-2 3.00282E-2 2.25493E-2 2.33397E-2 2.30738E-2 2.50981E-2 1.48486E-2 2.33745E-2 2.14028E-2 3.1076E-2 3.46955E-2 2.61074E-2 1.82551E-2 1.41572E-2 1.64195E-2 9.18885E-3 5.95161E-3 5.13157E-3 4.96203E-3 5.03596E-3 4.95033E-3 4.5086E-3 3.61318E-3 3.93906E-3 3.33836E-3 3.72955E-3 2.73766E-3 2.33567E-3 2.48907E-3 2.46083E-3 2.41816E-3 2.2849E-3 1.91368E-3 2.29935E-3 2.94362E-3 3.20002E-3 3.93015E-3 3.57733E-3 3.69736E-3 2.86336E-3 3.06548E-3
6.96758E-2 1.2767E-1 1.00606E-1 1.11675E-1 1.66655E-1 1.40785E-1 1.08233E-1 1.27497E-1 1.02665E-1 7.22334E-2 4.69069E-2 6.32604E-2 5.13896E-2 6.68419E-2 8.38481E-2 9.83032E-2 6.75445E-2 3.60132E-2 4.71336E-2 4.17581E-2 3.04283E-2 3.28914E-2 2.48151E-2 3.03579E-2 2.38543E-2 2.39393E-2 3.33946E-2 2.88851E-2 3.71052E-2 3.15901E-2 3.55995E-2 3.36858E-2 2.11791E-2 1.41309E-2 1.17125E-2 8.95761E-3 6.21114E-3 5.31137E-3 5.07341E-3 5.27323E-3 4.96355E-3 4.81977E-3 3.28805E-3 3.35577E-3 3.53723E-3 3.56969E-3 3.27708E-3 2.52004E-3 2.28507E-3 2.30907E-3 2.32341E-3 2.15608E-3 2.10436E-3 2.1522E-3 2.77985E-3 2.59001E-3 3.15505E-3 3.6957E-3 4.53911E-3 3.17129E-3 2.98195E-3
1.14752E-1 1.14009E-1 1.14058E-1 1.4721E-1 1.81457E-1 1.58878E-1 1.13528E-1 1.09099E-1 1.28325E-1 9.47587E-2 3.1555E-2 4.6772E-2 6.06751E-2 8.35215E-2 6.91808E-2 6.17872E-2 3.2318E-2 4.89345E-2 3.99513E-2 3.19588E-2 3.71517E-2 3.15328E-2 2.50948E-2 1.96619E-2 1.79506E-2 3.11127E-2 3.9281E-2 1.28794E-2 2.14508E-2 -9999 2.74529E-2 1.96193E-2 1.32208E-2 1.91261E-2 1.72092E-2 9.29863E-3 6.7034E-3 5.39722E-3 5.53544E-3 5.70077E-3 4.77585E-3 4.45517E-3 3.99899E-3 3.39291E-3 3.8988E-3 3.63062E-3 3.62155E-3 2.82061E-3 2.69176E-3 2.46745E-3 2.20225E-3 2.06786E-3 1.96928E-3 2.31299E-3 2.70914E-3 2.88996E-3 2.94076E-3 3.92054E-3 4.4492E-3 3.77746E-3 2.80992E-3
1.64201E-1 1.17845E-1 9.97551E-2 1.28352E-1 1.37247E-1 1.22323E-1 1.11813E-1 1.34205E-1 1.24136E-1 9.61652E-2 3.87123E-2 8.09633E-2 9.20125E-2 7.34268E-2 8.73982E-2 8.25681E-2 5.97086E-2 5.85895E-2 5.35043E-2 3.26232E-2 4.17059E-2 3.11948E-2 2.25224E-2 1.82179E-2 1.76584E-2 2.18753E-2 1.31562E-2 1.24625E-2 9.16961E-3 1.16295E-2 1.22498E-2 1.34818E-2 1.32671E-2 1.12684E-2 8.83472E-3 7.91063E-3 6.65698E-3 6.20584E-3 6.58692E-3 6.00051E-3 4.91793E-3 4.62079E-3 3.90396E-3 3.59697E-3 3.6986E-3 3.39812E-3 3.57733E-3 3.1947E-3 2.79811E-3 2.5498E-3 2.5138E-3 2.17046E-3 2.11308E-3 2.32208E-3 2.64983E-3 3.46329E-3 3.71934E-3 3.19799E-3 3.11251E-3 3.23696E-3 2.78494E-3
1.99989E-1 9.50838E-2 8.29672E-2 8.50803E-2 1.03698E-1 1.18122E-1 1.01918E-1 1.52866E-1 1.41783E-1 6.61746E-2 5.59261E-2 8.08265E-2 9.59854E-2 6.45018E-2 8.74057E-2 9.01475E-2 9.20789E-2 4.26608E-2 5.78994E-2 4.06623E-2 3.31015E-2 3.41488E-2 2.83204E-2 1.87477E-2 2.00296E-2 1.32278E-2 1.2157E-2 1.0374E-2 9.53716E-3 -9999 9.80671E-3 1.04152E-2 1.10438E-2 9.3225E-3 8.70545E-3 8.04289E-3 7.25077E-3 7.66107E-3 7.11849E-3 6.45972E-3 5.47692E-3 4.44472E-3 4.42302E-3 4.28463E-3 3.65203E-3 3.19685E-3 3.41443E-3 2.9683E-3 2.85983E-3 2.51117E-3 2.50078E-3 2.43168E-3 2.3262E-3 2.4654E-3 2.68383E-3 3.09756E-3 3.31947E-3 3.36324E-3 3.32082E-3 3.42073E-3 3.0253E-3
9.77327E-2 1.16528E-1 8.89085E-2 1.01712E-1 6.93301E-2 7.71068E-2 7.32921E-2 1.33797E-1 1.19955E-1 7.39069E-2 5.67149E-2 8.56732E-2 7.31359E-2 7.98034E-2 5.61493E-2 5.21706E-2 6.79414E-2 5.47291E-2 3.61302E-2 4.64592E-2 3.67557E-2 2.4803E-2 2.89621E-2 1.91255E-2 1.50597E-2 1.34004E-2 1.28126E-2 1.19491E-2 1.37351E-2 7.65525E-3 8.74334E-3 1.08458E-2 1.14904E-2 1.15503E-2 9.71368E-3 9.0842E-3 9.4053E-3 7.94424E-3 6.80919E-3 6.29129E-3 5.80501E-3 5.27693E-3 4.62486E-3 4.27116E-3 3.64703E-3 3.37434E-3 3.06364E-3 2.8755E-3 2.74766E-3 2.83871E-3 2.46932E-3 2.54399E-3 2.37466E-3 2.66102E-3 2.85089E-3 3.05481E-3 3.57864E-3 3.35713E-3 3.22089E-3 3.43222E-3 3.13035E-3
9.17237E-2 8.84329E-2 9.01054E-2 9.90853E-2 6.86002E-2 9.31514E-2 1.14333E-1 1.11196E-1 1.0896E-1 1.21701E-1 6.96344E-2 7.15178E-2 8.44818E-2 6.27634E-2 5.77157E-2 5.55017E-2 5.03688E-2 6.06739E-2 4.40379E-2 4.6094E-2 2.85946E-2 3.91072E-2 2.84367E-2 2.08307E-2 2.10333E-2 1.65987E-2 1.44565E-2 1.17994E-2 -9999 -9999 9.54149E-3 1.00836E-2 1.04734E-2 1.08121E-2 1.29261E-2 -9999 8.53992E-3 8.1113E-3 6.73805E-3 6.48793E-3 6.7241E-3 5.98787E-3 4.52547E-3 4.41263E-3 3.84966E-3 3.5265E-3 3.03601E-3 2.96184E-3 2.68017E-3 2.80053E-3 2.73081E-3 2.57918E-3 2.19303E-3 2.74506E-3 2.87532E-3 3.23541E-3 3.37589E-3 3.59599E-3 3.14823E-3 3.53846E-3 3.30427E-3
1.25953E-1 1.07109E-1 7.47005E-2 6.33266E-2 6.44994E-2 1.01175E-1 9.75948E-2 8.84232E-2 1.13371E-1 1.35938E-1 8.21339E-2 6.26295E-2 7.42522E-2 6.48809E-2 6.77559E-2 6.28501E-2 4.97924E-2 5.29721E-2 5.10527E-2 5.51977E-2 4.13234E-2 2.98602E-2 3.42533E-2 3.0624E-2 1.75226E-2 1.7435E-2 1.463E-2 9.867E-3 1.00685E-2 1.13507E-2 8.79156E-3 1.10987E-2 1.35928E-2 1.11654E-2 1.08965E-2 9.69409E-3 1.13639E-2 7.5737E-3 7.36489E-3 6.93887E-3 6.34502E-3 5.86937E-3 -9999 4.47169E-3 3.84966E-3 3.68762E-3 3.28076E-3 3.18919E-3 3.10556E-3 2.86254E-3 2.84774E-3 2.88457E-3 2.58528E-3 2.62937E-3 3.03158E-3 3.44102E-3 4.13841E-3 3.24704E-3 3.07615E-3 3.4588E-3 3.83115E-3
1.37463E-1 1.0024E-1 9.69039E-2 6.94033E-2 1.0611E-1 1.00819E-1 8.69097E-2 6.61544E-2 8.17235E-2 6.29956E-2 8.30176E-2 6.88569E-2 6.7851E-2 6.60418E-2 7.45714E-2 4.84304E-2 5.24329E-2 6.14552E-2 5.69605E-2 4.17804E-2 5.41456E-2 2.70415E-2 2.95092E-2 2.5708E-2 2.09485E-2 1.65016E-2 1.27455E-2 1.22221E-2 1.20012E-2 1.12891E-2 1.19849E-2 1.11717E-2 1.00523E-2 1.21788E-2 1.03327E-2 6.35859E-3 6.97194E-3 7.50899E-3 7.86686E-3 6.91862E-3 6.42998E-3 5.82054E-3 5.2284E-3 4.8631E-3 4.48823E-3 3.70143E-3 3.41905E-3 3.23328E-3 3.10179E-3 3.63937E-3 3.14892E-3 3.12412E-3 2.96345E-3 2.95679E-3 2.92951E-3 3.34722E-3 3.25773E-3 3.09537E-3 3.098E-3 3.33197E-3 3.72586E-3
1.0362E-1 1.22925E-1 1.36898E-1 1.05341E-1 9.29493E-2 9.8777E-2 8.83586E-2 9.13889E-2 4.55729E-2 4.60694E-2 6.22815E-2 8.90168E-2 5.35874E-2 5.74725E-2 4.789E-2 3.51545E-2 3.55055E-2 6.89302E-2 4.47755E-2 5.64262E-2 4.23766E-2 4.79521E-2 3.28033E-2 3.31882E-2 3.59323E-2 1.94293E-2 1.45886E-2 1.34473E-2 1.18808E-2 1.26057E-2 1.47372E-2 1.10319E-2 1.21608E-2 9.03092E-3 8.79264E-3 7.91106E-3 7.3647E-3 7.1637E-3 7.72602E-3 7.19275E-3 5.97269E-3 5.69169E-3 5.23658E-3 4.13837E-3 4.66892E-3 3.84057E-3 3.46957E-3 3.16616E-3 3.11029E-3 2.93382E-3 3.27681E-3 3.30116E-3 3.26143E-3 3.25891E-3 3.02563E-3 3.28654E-3 3.38668E-3 2.72736E-3 3.45535E-3 4.03243E-3 4.03933E-3
8.52429E-2 1.1179E-1 1.20085E-1 8.77448E-2 6.8157E-2 8.55198E-2 1.09229E-1 1.03369E-1 1.1803E-1 6.14797E-2 1.19251E-1 7.35047E-2 5.14941E-2 6.00306E-2 4.41987E-2 5.34227E-2 3.69606E-2 6.60216E-2 3.74246E-2 4.20321E-2 3.78351E-2 4.00653E-2 2.02709E-2 3.66718E-2 2.47825E-2 2.04403E-2 1.56101E-2 1.2198E-2 1.34562E-2 1.27344E-2 1.39097E-2 1.1926E-2 1.05056E-2 8.78569E-3 7.98906E-3 8.16333E-3 8.18237E-3 7.81145E-3 7.47979E-3 7.07782E-3 6.48616E-3 6.12582E-3 5.87767E-3 5.24329E-3 3.57663E-3 3.8043E-3 3.92095E-3 3.28659E-3 3.12659E-3 3.30594E-3 3.33811E-3 3.47559E-3 3.4515E-3 3.50306E-3 3.38603E-3 3.21883E-3 3.23595E-3 3.41446E-3 4.00159E-3 4.02653E-3 4.33943E-3
8.29619E-2 1.26598E-1 8.10418E-2 8.98703E-2 1.10785E-1 7.84626E-2 9.73983E-2 8.99245E-2 1.06555E-1 1.10869E-1 1.39788E-1 8.03187E-2 5.63135E-2 5.72595E-2 5.06552E-2 4.48435E-2 4.18684E-2 5.53701E-2 4.62826E-2 4.66478E-2 5.79809E-2 4.63883E-2 4.98382E-2 3.1593E-2 2.33952E-2 2.04242E-2 1.59951E-2 1.48928E-2 1.42877E-2 1.4271E-2 1.18222E-2 1.31315E-2 1.13696E-2 1.35214E-2 8.55671E-3 7.43308E-3 8.2585E-3 8.14901E-3 7.64814E-3 7.34095E-3 6.74048E-3 6.19905E-3 5.79928E-3 5.31688E-3 5.15039E-3 4.3828E-3 3.95937E-3 3.97317E-3 3.47113E-3 3.16852E-3 3.44067E-3 3.80956E-3 4.42171E-3 3.89298E-3 3.87583E-3 3.77949E-3 3.67342E-3 3.73876E-3 3.6169E-3 4.27016E-3 4.58706E-3
5.96181E-2 8.25553E-2 9.68064E-2 1.31516E-1 1.27731E-1 7.82732E-2 1.00171E-1 9.46635E-2 1.10323E-1 1.01128E-1 7.84116E-2 1.15885E-1 7.66237E-2 6.28501E-2 6.05441E-2 5.51126E-2 6.02937E-2 4.08389E-2 4.61929E-2 4.66558E-2 4.22616E-2 6.03096E-2 6.3047E-2 5.12092E-2 4.12077E-2 2.75927E-2 1.77604E-2 1.55289E-2 1.44325E-2 1.69852E-2 1.70961E-2 1.50649E-2 1.31022E-2 1.25422E-2 9.23446E-3 8.28487E-3 7.8599E-3 8.90543E-3 1.03183E-2 7.37345E-3 6.93355E-3 6.53508E-3 6.03893E-3 5.57901E-3 3.72908E-3 4.44463E-3 4.11524E-3 3.65765E-3 3.34448E-3 3.52447E-3 3.91628E-3 4.05814E-3 3.93617E-3 3.93334E-3 3.98551E-3 4.23488E-3 3.92708E-3 3.70594E-3 3.75579E-3 4.15419E-3 4.52481E-3
3.46493E-2 5.76007E-2 7.05943E-2 6.28334E-2 7.8566E-2 1.20331E-1 1.09361E-1 1.11646E-1 7.97849E-2 9.60879E-2 1.05791E-1 1.26599E-1 6.46348E-2 5.47288E-2 5.36528E-2 5.21232E-2 3.71167E-2 4.56016E-2 4.97451E-2 4.61998E-2 6.94862E-2 6.5109E-2 4.84398E-2 5.00884E-2 8.74862E-2 4.81456E-2 1.94638E-2 1.84385E-2 1.73233E-2 1.65555E-2 1.77812E-2 1.84546E-2 1.60778E-2 1.45927E-2 1.31592E-2 9.44701E-3 -9999 1.08901E-2 9.93145E-3 8.5787E-3 7.25836E-3 6.62524E-3 6.109E-3 5.43143E-3 5.15581E-3 4.65771E-3 3.94013E-3 4.04638E-3 3.9506E-3 3.77894E-3 4.15875E-3 4.34463E-3 4.49943E-3 4.11588E-3 3.96711E-3 4.15965E-3 3.66785E-3 3.69644E-3 3.914E-3 4.3447E-3 4.35535E-3
4.35484E-2 6.68626E-2 9.13683E-2 5.22464E-2 3.4885E-2 8.90588E-2 1.25231E-1 8.45142E-2 1.11318E-1 6.67698E-2 6.26591E-2 8.50271E-2 6.35546E-2 5.2158E-2 5.33844E-2 5.52899E-2 5.9988E-2 6.93898E-2 4.8791E-2 5.04177E-2 1.07625E-1 7.94746E-2 4.85027E-2 3.96055E-2 7.21745E-2 3.18896E-2 2.30139E-2 2.80124E-2 2.03728E-2 2.20198E-2 1.79881E-2 2.14846E-2 -9999 1.61182E-2 -9999 1.07178E-2 1.05546E-2 1.01727E-2 1.19166E-2 9.32269E-3 7.21221E-3 6.59243E-3 6.28801E-3 5.79752E-3 4.74235E-3 4.72541E-3 4.53677E-3 4.3441E-3 4.04608E-3 4.1609E-3 4.27004E-3 4.16188E-3 4.29592E-3 4.28259E-3 3.84781E-3 4.17524E-3 4.00815E-3 4.24011E-3 4.07964E-3 4.63159E-3 4.66677E-3
9.67257E-2 8.24175E-2 7.73202E-2 6.49145E-2 8.05794E-2 7.09566E-2 7.89941E-2 9.62109E-2 8.56657E-2 5.82604E-2 6.54232E-2 1.1574E-1 5.64263E-2 7.65445E-2 6.77096E-2 5.82526E-2 6.46486E-2 6.36399E-2 5.17423E-2 6.79615E-2 6.38168E-2 7.45563E-2 5.07146E-2 4.6971E-2 5.03467E-2 4.03019E-2 5.09257E-2 4.16997E-2 3.71081E-2 2.80707E-2 2.68587E-2 1.87342E-2 1.66909E-2 1.4931E-2 1.55327E-2 1.25134E-2 1.15461E-2 9.29816E-3 9.79368E-3 8.37859E-3 7.01683E-3 7.32915E-3 6.56642E-3 5.91926E-3 5.61024E-3 4.82706E-3 5.04943E-3 4.65672E-3 4.61249E-3 4.11636E-3 4.2608E-3 4.19702E-3 4.31514E-3 4.28195E-3 4.30829E-3 3.97287E-3 4.24697E-3 3.83641E-3 4.4556E-3 4.76413E-3 5.05834E-3
1.1833E-1 1.06822E-1 7.29388E-2 3.57653E-2 7.56577E-2 9.85227E-2 9.31311E-2 8.96292E-2 4.2592E-2 5.2148E-2 1.05974E-1 7.34996E-2 3.4251E-2 4.40556E-2 7.30772E-2 6.52506E-2 6.48749E-2 5.78666E-2 7.07265E-2 5.58032E-2 9.75672E-2 7.80596E-2 6.4408E-2 6.16572E-2 6.91365E-2 4.23147E-2 3.01655E-2 6.30247E-2 5.47193E-2 4.07013E-2 2.37697E-2 3.07919E-2 2.0043E-2 1.45675E-2 1.45255E-2 1.40765E-2 1.06181E-2 1.20083E-2 1.16735E-2 7.77891E-3 8.02401E-3 7.00572E-3 6.79962E-3 6.48317E-3 5.86463E-3 4.93506E-3 4.99384E-3 -9999 4.09169E-3 4.34561E-3 4.27267E-3 4.12844E-3 4.50247E-3 4.83587E-3 4.73006E-3 4.4971E-3 4.74389E-3 4.79505E-3 5.08821E-3 5.18183E-3 4.65287E-3
9.06635E-2 8.59992E-2 9.07645E-2 7.38745E-2 1.1231E-1 9.0356E-2 9.821E-2 1.27691E-1 6.646E-2 9.92252E-2 9.70399E-2 7.66316E-2 3.75587E-2 5.24489E-2 7.56244E-2 7.05714E-2 6.13606E-2 9.22318E-2 6.77276E-2 5.13557E-2 7.84475E-2 7.71387E-2 7.70857E-2 6.69953E-2 8.46595E-2 1.07037E-1 8.46084E-2 5.88978E-2 4.4588E-2 2.61069E-2 2.02644E-2 2.41655E-2 1.57055E-2 1.58747E-2 1.41617E-2 1.31706E-2 1.09779E-2 1.15532E-2 1.32083E-2 8.44974E-3 8.09993E-3 7.30539E-3 6.98561E-3 6.32621E-3 6.11065E-3 5.41212E-3 5.13279E-3 5.10482E-3 5.06858E-3 4.80527E-3 5.02172E-3 4.66402E-3 4.94106E-3 5.3559E-3 4.62602E-3 4.93367E-3 5.28768E-3 5.64058E-3 4.86048E-3 5.39616E-3 4.97828E-3
8.74697E-2 8.52418E-2 1.32807E-1 1.0734E-1 1.14588E-1 1.03332E-1 9.78891E-2 1.1919E-1 1.32503E-1 9.19098E-2 9.60502E-2 9.86395E-2 9.57438E-2 8.36563E-2 8.89628E-2 8.1422E-2 7.35912E-2 7.17714E-2 6.21379E-2 5.05907E-2 7.14596E-2 3.69141E-2 7.16654E-2 6.95201E-2 8.09506E-2 9.66122E-2 7.3382E-2 8.21434E-2 5.52562E-2 2.5437E-2 3.49851E-2 3.43496E-2 2.69879E-2 1.84096E-2 1.68967E-2 1.16139E-2 1.05695E-2 9.9615E-3 1.12856E-2 8.54269E-3 8.4682E-3 8.1502E-3 7.41818E-3 6.92184E-3 6.26651E-3 5.97521E-3 5.89375E-3 5.37205E-3 5.49563E-3 5.10293E-3 5.43883E-3 5.21967E-3 5.40386E-3 5.7027E-3 5.32938E-3 4.80497E-3 5.92624E-3 5.21981E-3 4.75329E-3 4.71076E-3 4.68591E-3
7.6976E-2 9.66385E-2 1.11864E-1 1.29227E-1 8.89504E-2 1.00241E-1 8.90162E-2 8.03247E-2 8.8422E-2 9.23086E-2 8.32042E-2 1.00567E-1 6.41043E-2 7.48685E-2 8.96892E-2 8.26624E-2 7.49089E-2 8.06758E-2 7.21649E-2 6.84278E-2 6.72885E-2 5.05266E-2 8.29032E-2 8.49116E-2 9.46774E-2 9.53164E-2 1.01352E-1 9.28993E-2 6.09942E-2 4.11362E-2 4.57615E-2 4.49356E-2 4.28695E-2 4.02618E-2 1.95988E-2 1.83748E-2 1.34989E-2 9.1489E-3 9.70176E-3 9.31639E-3 8.67802E-3 8.09577E-3 7.83343E-3 7.06023E-3 6.19836E-3 6.192E-3 5.92233E-3 5.9039E-3 5.93008E-3 5.84766E-3 5.74266E-3 5.91133E-3 5.68923E-3 5.66579E-3 5.46836E-3 5.80627E-3 6.17778E-3 5.62482E-3 5.36E-3 4.64625E-3 4.44449E-3
9.11665E-2 1.03105E-1 1.3431E-1 1.10775E-1 8.34251E-2 5.72947E-2 3.37733E-2 3.1612E-2 8.76963E-2 9.19617E-2 8.76422E-2 9.23136E-2 8.60284E-2 9.42801E-2 8.73434E-2 7.46433E-2 7.59451E-2 7.89864E-2 4.70784E-2 6.11076E-2 7.90412E-2 7.03643E-2 3.14471E-2 2.71401E-2 7.38591E-2 9.66836E-2 7.89658E-2 7.98294E-2 5.77785E-2 4.24845E-2 4.33105E-2 4.95098E-2 4.98739E-2 2.9754E-2 3.03313E-2 2.35568E-2 1.27606E-2 1.05549E-2 1.25467E-2 1.10097E-2 8.82051E-3 8.75012E-3 9.23222E-3 8.80663E-3 7.26435E-3 6.64392E-3 6.30219E-3 6.59652E-3 6.44095E-3 6.28267E-3 5.73667E-3 5.96102E-3 6.42438E-3 5.82044E-3 6.17621E-3 5.61752E-3 5.95841E-3 6.6414E-3 5.47863E-3 4.57813E-3 4.52047E-3
8.34934E-2 9.95497E-2 9.006E-2 7.62947E-2 5.61894E-2 3.19068E-2 3.30076E-2 3.21403E-2 7.88972E-2 9.10058E-2 9.50406E-2 8.1162E-2 1.00851E-1 8.79394E-2 9.28952E-2 7.08768E-2 7.41418E-2 7.06081E-2 7.08739E-2 7.66667E-2 7.94216E-2 9.95474E-2 4.60324E-2 5.75288E-2 1.37559E-1 1.23812E-1 9.86169E-2 7.13675E-2 4.84045E-2 4.42011E-2 4.0629E-2 4.23059E-2 5.21575E-2 4.13377E-2 3.27887E-2 1.91822E-2 1.44218E-2 1.71271E-2 1.29412E-2 1.29265E-2 9.53415E-3 9.44767E-3 1.12845E-2 9.97136E-3 7.73631E-3 7.13759E-3 7.14536E-3 6.94455E-3 8.08972E-3 6.43016E-3 6.56414E-3 6.57268E-3 8.0993E-3 6.2832E-3 7.17818E-3 6.1348E-3 6.04054E-3 6.35184E-3 5.46252E-3 4.69227E-3 5.0805E-3
5.14384E-2 8.31136E-2 4.77775E-2 6.08039E-2 7.98326E-2 7.01099E-2 3.89004E-2 3.67448E-2 4.38939E-2 6.53002E-2 8.85543E-2 8.82138E-2 1.00583E-1 8.14425E-2 9.94652E-2 8.28732E-2 8.41966E-2 7.65576E-2 6.35424E-2 7.67764E-2 8.21612E-2 9.04541E-2 1.00526E-1 8.30871E-2 8.28977E-2 1.20432E-1 1.02331E-1 5.65444E-2 5.32125E-2 4.75326E-2 6.1388E-2 4.77642E-2 4.04644E-2 2.4958E-2 2.48912E-2 1.82169E-2 1.27868E-2 1.35163E-2 1.23156E-2 1.16136E-2 1.23549E-2 1.18095E-2 1.02086E-2 9.11377E-3 8.51997E-3 8.11879E-3 7.78691E-3 7.14314E-3 6.49579E-3 7.05941E-3 7.30745E-3 7.19832E-3 7.12567E-3 6.79841E-3 6.80787E-3 6.61367E-3 6.5302E-3 6.20157E-3 5.88266E-3 5.45693E-3 5.62806E-3
