Final_Models_July82022/M_0.1_F_lqp_Set_1/Bison_8.asc
ncols         290
nrows         380
xllcorner     -2197417.7431653
yllcorner     -584827.01486885
cellsize      10000.0
NODATA_value  -9999
[rows 162 to 188 of 380, columns 122 to 182 of 290]
3.5507E-1 3.35323E-1 2.95539E-1 3.2213E-1 2.85873E-1 2.32729E-1 2.34061E-1 1.84849E-1 2.10422E-1 1.7466E-1 1.88196E-1 2.0591E-1 2.03789E-1 2.09133E-1 2.03134E-1 1.98916E-1 1.98536E-1 1.95172E-1 1.85348E-1 1.78049E-1 1.92717E-1 1.87099E-1 1.91289E-1 1.92363E-1 2.02067E-1 1.86232E-1 1.83941E-1 1.62864E-1 1.79222E-1 1.81016E-1 1.7797E-1 1.89521E-1 1.79157E-1 1.66974E-1 1.67534E-1 1.19991E-1 1.21781E-1 1.21095E-1 1.20931E-1 1.39211E-1 2.13444E-1 1.9358E-1 2.14465E-1 1.43497E-1 1.24717E-1 1.34412E-1 1.68614E-1 1.91025E-1 2.13808E-1 1.78275E-1 1.72225E-1 1.62874E-1 1.0965E-1 1.21323E-1 1.14182E-1 1.08338E-1 6.64329E-2 1.02367E-1 8.70495E-2 8.64263E-2 7.7875E-2
2.28124E-1 2.67655E-1 3.26945E-1 2.57269E-1 3.10614E-1 2.34229E-1 2.64851E-1 2.07208E-1 2.44453E-1 1.79399E-1 1.75919E-1 2.22338E-1 2.07703E-1 1.94784E-1 1.95178E-1 1.98344E-1 1.89188E-1 1.94881E-1 1.93855E-1 1.82495E-1 1.81479E-1 1.77065E-1 1.86291E-1 1.86096E-1 1.97961E-1 1.80109E-1 1.2197E-1 1.4786E-1 1.66881E-1 1.83069E-1 1.74595E-1 1.97008E-1 1.88154E-1 1.76251E-1 1.79476E-1 1.2153E-1 1.19859E-1 1.29192E-1 2.32187E-1 2.20725E-1 2.24029E-1 2.10412E-1 2.52305E-1 2.16098E-1 1.88778E-1 1.92406E-1 1.94615E-1 1.87608E-1 1.66205E-1 1.65607E-1 1.7204E-1 1.2626E-1 1.04717E-1 1.26007E-1 1.48404E-1 1.00788E-1 1.10732E-1 1.05665E-1 8.48696E-2 7.24984E-2 5.85764E-2
2.47104E-1 3.46843E-1 2.26124E-1 2.23916E-1 3.06263E-1 2.40221E-1 1.68677E-1 2.03494E-1 2.08505E-1 2.0375E-1 2.08731E-1 2.01343E-1 2.1748E-1 1.9195E-1 1.87571E-1 1.81441E-1 1.7739E-1 1.7522E-1 1.88806E-1 1.90159E-1 1.95793E-1 1.82629E-1 2.06232E-1 2.06978E-1 1.90713E-1 1.28812E-1 1.25308E-1 1.308E-1 1.3344E-1 1.91229E-1 1.72814E-1 1.96445E-1 1.87917E-1 1.37948E-1 1.2245E-1 1.37464E-1 1.34402E-1 2.30233E-1 2.34437E-1 2.36227E-1 2.11127E-1 2.21447E-1 2.23205E-1 1.70625E-1 1.79423E-1 1.65561E-1 1.67596E-1 1.43335E-1 1.40101E-1 1.26029E-1 1.16539E-1 1.14662E-1 1.05978E-1 1.08022E-1 1.47603E-1 8.82284E-2 9.44871E-2 9.79025E-2 9.09109E-2 8.33438E-2 7.93007E-2
3.18064E-1 3.17292E-1 2.47549E-1 3.23781E-1 2.41031E-1 2.14019E-1 2.24952E-1 2.06589E-1 1.7144E-1 1.89395E-1 1.94621E-1 2.11631E-1 2.19293E-1 2.06134E-1 2.16277E-1 2.12955E-1 1.97113E-1 1.88888E-1 1.865E-1 1.96898E-1 1.84097E-1 2.09917E-1 2.10397E-1 1.83224E-1 1.95228E-1 1.88141E-1 1.63133E-1 1.36324E-1 1.63625E-1 1.93621E-1 1.66184E-1 1.89337E-1 2.33806E-1 2.04747E-1 1.48299E-1 1.41554E-1 1.48739E-1 2.53754E-1 2.39702E-1 2.02581E-1 1.84083E-1 1.61541E-1 1.97968E-1 1.93528E-1 1.4641E-1 1.44283E-1 1.52918E-1 1.49868E-1 1.36587E-1 1.2175E-1 1.4151E-1 1.09186E-1 1.00864E-1 1.02176E-1 1.13152E-1 9.97227E-2 9.61113E-2 8.4435E-2 9.01784E-2 8.06689E-2 7.3582E-2
3.26583E-1 2.51033E-1 3.31214E-1 2.23882E-1 2.04084E-1 1.88248E-1 1.89149E-1 2.35434E-1 1.83368E-1 1.84859E-1 1.84251E-1 1.91402E-1 2.08456E-1 1.94943E-1 2.22615E-1 2.01715E-1 1.76794E-1 1.94306E-1 1.88677E-1 1.87089E-1 1.89346E-1 1.81493E-1 1.89615E-1 2.32239E-1 2.21314E-1 2.26349E-1 1.50203E-1 1.38581E-1 1.95328E-1 2.34814E-1 2.58162E-1 2.3141E-1 2.27695E-1 2.62602E-1 2.28846E-1 2.54059E-1 2.37811E-1 2.70789E-1 2.3532E-1 1.89336E-1 1.82276E-1 1.79355E-1 1.58855E-1 1.53497E-1 1.61599E-1 1.87072E-1 1.57821E-1 1.67639E-1 1.59572E-1 1.749E-1 1.45812E-1 1.33332E-1 1.11495E-1 1.43058E-1 1.33582E-1 9.99365E-2 1.03417E-1 9.69608E-2 8.52361E-2 1.03492E-1 1.00388E-1
2.66702E-1 2.08822E-1 1.53477E-1 1.59171E-1 1.73915E-1 1.98149E-1 1.96946E-1 2.39834E-1 1.78321E-1 1.89319E-1 2.2306E-1 1.80846E-1 2.05946E-1 1.98327E-1 1.99548E-1 1.99445E-1 1.89781E-1 1.95431E-1 1.89407E-1 1.9055E-1 1.78708E-1 1.92781E-1 1.96973E-1 1.7521E-1 2.17178E-1 2.52857E-1 1.99717E-1 1.40257E-1 2.1713E-1 2.23933E-1 2.34375E-1 2.39053E-1 2.41065E-1 2.20208E-1 2.67926E-1 2.32608E-1 2.26329E-1 2.90436E-1 2.43371E-1 1.86453E-1 1.64648E-1 1.84999E-1 2.29774E-1 1.57857E-1 1.5273E-1 1.60642E-1 1.72487E-1 2.00564E-1 1.55396E-1 1.63474E-1 1.25029E-1 1.56305E-1 1.35018E-1 1.38058E-1 1.0295E-1 1.27606E-1 9.56746E-2 7.04979E-2 4.48266E-2 7.07155E-2 8.01174E-2
2.02859E-1 2.01251E-1 2.03108E-1 3.16583E-1 1.63687E-1 1.81241E-1 2.07799E-1 2.03892E-1 1.86178E-1 1.75136E-1 1.89774E-1 1.87731E-1 1.9456E-1 1.95382E-1 1.99885E-1 2.08756E-1 1.956E-1 1.73027E-1 1.89405E-1 2.00036E-1 1.9462E-1 1.75348E-1 1.77546E-1 1.53702E-1 1.64935E-1 2.00564E-1 2.50635E-1 2.09297E-1 2.14216E-1 2.20239E-1 2.14298E-1 1.77305E-1 1.90116E-1 2.04793E-1 2.14929E-1 1.9887E-1 2.26811E-1 2.32529E-1 2.41047E-1 2.17979E-1 1.64191E-1 1.52629E-1 1.53428E-1 1.44022E-1 1.56023E-1 1.54456E-1 1.46935E-1 1.44877E-1 1.39897E-1 1.26147E-1 1.39366E-1 1.60948E-1 1.20177E-1 1.30178E-1 1.07051E-1 1.35836E-1 1.10775E-1 9.24254E-2 5.84996E-2 6.16337E-2 4.59116E-2
2.03834E-1 2.07769E-1 1.97857E-1 2.95033E-1 2.52113E-1 2.16254E-1 2.44823E-1 2.43954E-1 1.98273E-1 1.9158E-1 1.90706E-1 2.12154E-1 1.77217E-1 2.01342E-1 2.08923E-1 1.95888E-1 2.13201E-1 1.84741E-1 1.81714E-1 1.81642E-1 1.80029E-1 1.79199E-1 1.78861E-1 1.80017E-1 1.76623E-1 1.7355E-1 2.26756E-1 1.88943E-1 2.22942E-1 2.12172E-1 1.96015E-1 2.83182E-1 2.17994E-1 1.87721E-1 1.76756E-1 1.77259E-1 2.3221E-1 2.72256E-1 1.82035E-1 1.89863E-1 1.99426E-1 1.62635E-1 1.65832E-1 1.45819E-1 1.64003E-1 1.53664E-1 1.50672E-1 1.48627E-1 1.37181E-1 1.45631E-1 1.21042E-1 1.19663E-1 1.15661E-1 8.9201E-2 8.24814E-2 6.16579E-2 8.03541E-2 9.45751E-2 8.50772E-2 5.44128E-2 4.27541E-2
2.25203E-1 2.21685E-1 2.18166E-1 2.40346E-1 2.34781E-1 2.74519E-1 2.49811E-1 2.35397E-1 2.27023E-1 2.33139E-1 2.31698E-1 1.85824E-1 1.92865E-1 2.20102E-1 1.90827E-1 1.87948E-1 2.03006E-1 1.83801E-1 1.80464E-1 1.77861E-1 1.61951E-1 1.8321E-1 2.18473E-1 2.16323E-1 2.19394E-1 2.55197E-1 1.87577E-1 2.09911E-1 2.16125E-1 1.88205E-1 2.02729E-1 2.42727E-1 2.6478E-1 2.54168E-1 1.74569E-1 1.74718E-1 2.56867E-1 1.82987E-1 1.70861E-1 1.62637E-1 1.60231E-1 1.70302E-1 1.63628E-1 1.56634E-1 1.65929E-1 1.4992E-1 1.81254E-1 1.3903E-1 1.26717E-1 1.48928E-1 1.38803E-1 1.32811E-1 1.27042E-1 1.06522E-1 8.67496E-2 9.00367E-2 9.1281E-2 9.15833E-2 7.7425E-2 5.10787E-2 4.34991E-2
2.29328E-1 2.34789E-1 1.82489E-1 1.81065E-1 2.422E-1 2.57713E-1 2.56499E-1 2.23392E-1 2.08868E-1 2.09799E-1 2.17021E-1 2.03817E-1 1.86754E-1 2.09491E-1 1.83109E-1 1.94603E-1 1.97246E-1 1.96483E-1 1.61068E-1 1.66194E-1 2.00413E-1 1.6687E-1 2.06397E-1 2.31967E-1 2.1039E-1 2.3723E-1 2.04727E-1 2.49985E-1 2.12114E-1 2.18736E-1 2.35111E-1 2.27526E-1 2.95207E-1 2.71321E-1 1.71851E-1 1.78987E-1 2.67154E-1 1.82289E-1 1.73767E-1 1.77464E-1 1.6424E-1 1.59426E-1 1.61569E-1 1.57445E-1 1.60297E-1 1.55396E-1 1.79593E-1 1.38968E-1 1.38247E-1 1.29169E-1 1.69082E-1 1.26417E-1 1.42001E-1 1.19176E-1 1.12491E-1 1.09577E-1 9.25279E-2 7.45142E-2 6.23261E-2 6.7621E-2 4.80557E-2
2.29435E-1 2.32508E-1 1.32762E-1 2.17628E-1 2.98653E-1 2.36706E-1 2.39025E-1 2.3167E-1 2.24184E-1 2.14499E-1 1.77003E-1 1.85636E-1 1.8874E-1 1.90924E-1 1.92141E-1 2.08961E-1 2.18338E-1 1.84333E-1 1.84967E-1 2.27169E-1 2.26654E-1 2.08859E-1 1.83152E-1 1.94086E-1 2.15015E-1 2.41268E-1 2.52244E-1 1.86824E-1 2.0242E-1 2.34368E-1 2.26994E-1 2.77548E-1 3.1693E-1 1.96395E-1 1.99337E-1 1.73592E-1 1.71863E-1 1.71403E-1 1.66643E-1 1.67098E-1 1.56619E-1 1.95916E-1 1.60531E-1 1.65394E-1 1.93756E-1 1.51789E-1 1.43786E-1 1.41045E-1 1.36368E-1 1.67618E-1 1.72253E-1 1.3863E-1 1.71147E-1 1.54152E-1 1.3592E-1 1.43878E-1 1.01069E-1 7.32258E-2 6.8085E-2 8.79452E-2 9.73629E-2
2.36855E-1 2.2544E-1 1.80148E-1 1.62627E-1 2.11445E-1 2.46843E-1 2.61371E-1 1.91358E-1 2.02324E-1 1.97126E-1 1.81549E-1 1.44517E-1 1.38591E-1 1.59909E-1 1.7835E-1 2.21679E-1 1.9253E-1 1.95412E-1 2.21246E-1 1.91532E-1 1.79967E-1 1.67873E-1 1.73548E-1 2.0756E-1 1.85175E-1 2.07784E-1 1.79957E-1 2.00454E-1 2.02968E-1 2.0507E-1 2.16528E-1 2.05109E-1 2.05515E-1 2.08469E-1 1.82717E-1 2.12595E-1 2.61272E-1 2.18424E-1 1.53115E-1 1.44422E-1 1.3583E-1 2.1854E-1 1.56273E-1 2.19827E-1 2.28945E-1 1.49313E-1 1.29864E-1 1.3786E-1 1.53626E-1 1.4127E-1 1.89629E-1 1.53425E-1 1.49181E-1 1.56685E-1 1.09433E-1 1.07486E-1 1.03311E-1 8.88928E-2 9.21868E-2 9.8709E-2 7.8931E-2
2.53509E-1 2.30819E-1 1.54617E-1 1.8754E-1 2.09214E-1 2.42949E-1 2.98803E-1 2.24286E-1 2.06346E-1 1.66143E-1 1.66312E-1 2.05439E-1 1.83376E-1 1.60257E-1 1.84763E-1 2.30036E-1 2.28384E-1 2.25437E-1 2.04632E-1 2.02342E-1 1.79919E-1 1.80962E-1 2.00259E-1 1.96061E-1 1.69183E-1 1.7288E-1 1.19607E-1 1.78208E-1 2.11931E-1 2.29404E-1 2.10931E-1 1.97439E-1 2.10552E-1 2.40818E-1 2.56119E-1 2.22743E-1 2.12951E-1 1.69551E-1 1.6411E-1 1.47081E-1 1.57456E-1 1.90201E-1 1.41255E-1 1.41541E-1 1.57273E-1 1.48795E-1 1.35135E-1 1.32524E-1 1.50809E-1 1.58448E-1 1.61489E-1 2.1048E-1 1.65921E-1 1.32547E-1 1.2149E-1 1.10692E-1 1.22059E-1 1.25513E-1 1.07787E-1 9.07505E-2 6.90728E-2
2.31597E-1 2.29249E-1 2.22662E-1 1.79555E-1 2.37533E-1 2.6519E-1 2.38162E-1 2.32153E-1 1.96585E-1 2.49862E-1 1.73338E-1 1.41399E-1 1.39177E-1 1.69513E-1 2.00366E-1 1.87444E-1 1.9979E-1 2.0009E-1 1.9542E-1 1.7301E-1 1.82003E-1 1.89963E-1 1.70705E-1 1.83688E-1 1.74504E-1 1.73207E-1 1.91216E-1 2.1252E-1 2.06325E-1 2.42904E-1 2.0641E-1 2.15271E-1 1.87478E-1 2.27641E-1 2.00781E-1 1.89118E-1 1.88898E-1 1.87362E-1 1.76666E-1 1.43546E-1 1.55514E-1 1.42829E-1 1.40673E-1 1.52965E-1 2.03712E-1 1.40687E-1 1.56044E-1 1.64403E-1 1.71704E-1 1.94117E-1 1.88632E-1 1.62799E-1 1.425E-1 1.29959E-1 1.27997E-1 1.36834E-1 1.26165E-1 1.36135E-1 1.09942E-1 1.2537E-1 7.46754E-2
2.29074E-1 2.62596E-1 2.6042E-1 2.03841E-1 2.36799E-1 2.41811E-1 2.38819E-1 2.01755E-1 2.51763E-1 2.24934E-1 2.32267E-1 1.60052E-1 1.76155E-1 1.63214E-1 1.81458E-1 1.76135E-1 1.84363E-1 1.98608E-1 1.90493E-1 1.8335E-1 1.76053E-1 1.82854E-1 1.58068E-1 2.00016E-1 1.79503E-1 2.00926E-1 2.02467E-1 1.98628E-1 2.42994E-1 2.29595E-1 1.99142E-1 1.851E-1 2.54597E-1 2.14302E-1 1.80733E-1 1.83861E-1 1.89917E-1 1.49319E-1 1.6423E-1 1.48312E-1 1.63621E-1 1.5064E-1 1.67765E-1 1.78542E-1 1.66883E-1 1.60587E-1 2.34008E-1 1.83339E-1 2.31891E-1 2.11047E-1 1.75645E-1 1.71654E-1 1.25477E-1 1.38962E-1 1.22368E-1 1.18852E-1 1.21515E-1 1.16885E-1 1.13405E-1 8.96837E-2 1.18446E-1
2.54763E-1 3.37982E-1 2.72137E-1 2.65058E-1 2.29177E-1 2.58427E-1 2.27596E-1 2.09479E-1 2.0584E-1 2.1207E-1 1.93749E-1 1.81494E-1 1.80444E-1 1.74675E-1 1.69031E-1 1.65327E-1 2.14982E-1 1.75037E-1 1.78494E-1 1.81031E-1 1.39106E-1 1.53328E-1 1.73026E-1 1.60305E-1 1.84266E-1 2.21768E-1 2.08477E-1 2.12534E-1 2.29587E-1 2.18747E-1 1.76481E-1 2.03006E-1 1.99176E-1 1.92213E-1 1.68095E-1 1.89661E-1 1.55519E-1 1.92225E-1 1.56364E-1 1.62496E-1 1.37644E-1 1.35622E-1 1.62776E-1 1.83181E-1 1.83405E-1 1.65597E-1 2.23577E-1 2.48823E-1 2.02767E-1 2.45601E-1 2.10165E-1 1.5785E-1 1.4876E-1 2.10252E-1 1.63781E-1 1.23384E-1 1.16486E-1 1.10687E-1 8.28375E-2 1.00589E-1 1.50808E-1
2.96608E-1 3.38694E-1 2.78032E-1 2.18485E-1 2.60516E-1 2.23087E-1 2.18934E-1 2.31241E-1 1.97195E-1 2.1486E-1 1.94952E-1 1.92348E-1 1.84186E-1 1.69759E-1 1.66935E-1 1.61416E-1 1.77109E-1 1.8022E-1 1.64757E-1 1.82111E-1 1.78793E-1 1.78855E-1 1.74076E-1 1.75053E-1 2.25696E-1 2.34435E-1 2.54977E-1 2.29802E-1 2.24138E-1 2.52395E-1 2.1649E-1 1.86051E-1 1.97801E-1 2.12168E-1 1.72829E-1 1.67581E-1 1.68966E-1 1.58615E-1 1.55347E-1 2.24307E-1 1.53533E-1 1.12381E-1 1.3188E-1 1.66305E-1 1.98621E-1 2.242E-1 2.64048E-1 2.30464E-1 2.3214E-1 2.50945E-1 2.52153E-1 1.40084E-1 1.50755E-1 1.76041E-1 1.89217E-1 1.74606E-1 1.79256E-1 1.03935E-1 1.20319E-1 9.87694E-2 1.15887E-1
3.12722E-1 3.31856E-1 2.21345E-1 2.45478E-1 2.49452E-1 2.19295E-1 2.21181E-1 2.2014E-1 1.81403E-1 2.11401E-1 2.18753E-1 1.95189E-1 1.82715E-1 1.73901E-1 1.76696E-1 1.74369E-1 2.28357E-1 1.88634E-1 1.75815E-1 1.89618E-1 1.87777E-1 2.19627E-1 1.93052E-1 1.99554E-1 2.22382E-1 2.39942E-1 3.00504E-1 2.5081E-1 2.18081E-1 2.03713E-1 1.91817E-1 1.80246E-1 1.67009E-1 1.73049E-1 1.79447E-1 1.74145E-1 2.77056E-1 2.14211E-1 2.59642E-1 1.89211E-1 1.72831E-1 1.19929E-1 1.41475E-1 1.67494E-1 1.61502E-1 1.79029E-1 1.94706E-1 2.67178E-1 2.19648E-1 2.5871E-1 2.40611E-1 2.05328E-1 2.12251E-1 1.45611E-1 1.80859E-1 2.04166E-1 2.08339E-1 1.22588E-1 1.16421E-1 1.11785E-1 7.69737E-2
2.35283E-1 2.28903E-1 2.28189E-1 2.24252E-1 2.2374E-1 2.33137E-1 2.10532E-1 2.10502E-1 2.24173E-1 1.94526E-1 1.89644E-1 2.02363E-1 1.88301E-1 2.06311E-1 1.9559E-1 1.96477E-1 2.14089E-1 2.14748E-1 1.85655E-1 2.10101E-1 2.20764E-1 2.34942E-1 2.61541E-1 2.257E-1 2.30208E-1 2.55798E-1 2.53394E-1 2.47474E-1 2.57957E-1 2.32038E-1 1.87198E-1 1.84833E-1 1.63619E-1 1.62497E-1 1.77014E-1 1.91592E-1 2.76668E-1 1.2994E-1 2.85991E-1 1.97228E-1 1.60676E-1 1.56777E-1 1.4224E-1 1.92749E-1 1.8403E-1 2.0904E-1 1.82364E-1 1.53649E-1 1.86972E-1 1.92059E-1 1.8771E-1 1.73286E-1 2.05669E-1 1.89843E-1 1.55251E-1 1.80634E-1 1.58856E-1 1.019E-1 8.76777E-2 9.52887E-2 8.74581E-2
2.8003E-1 2.52776E-1 3.03018E-1 2.69862E-1 2.37453E-1 2.28287E-1 2.23549E-1 2.32745E-1 2.10002E-1 1.93227E-1 1.93063E-1 2.17084E-1 2.13131E-1 2.2001E-1 2.2573E-1 2.08145E-1 2.09214E-1 2.03872E-1 2.05605E-1 2.40226E-1 2.41486E-1 2.90381E-1 2.73508E-1 2.68282E-1 2.20273E-1 2.30729E-1 2.31026E-1 2.55597E-1 2.15244E-1 2.03276E-1 1.84489E-1 1.74607E-1 1.98466E-1 1.67642E-1 1.48046E-1 1.79936E-1 2.809E-1 2.78807E-1 1.8789E-1 1.45206E-1 1.74209E-1 1.23485E-1 1.55398E-1 1.71061E-1 1.91253E-1 1.64031E-1 1.73921E-1 1.28929E-1 1.15436E-1 1.80771E-1 1.6284E-1 1.85515E-1 1.83004E-1 1.66925E-1 1.46159E-1 1.40865E-1 1.05633E-1 1.06324E-1 8.65153E-2 8.18432E-2 1.04129E-1
3.50106E-1 3.53032E-1 2.79118E-1 2.78759E-1 2.3222E-1 2.32036E-1 2.07157E-1 2.18758E-1 1.90551E-1 2.12635E-1 1.84988E-1 2.04628E-1 2.11333E-1 2.22489E-1 2.48051E-1 2.35096E-1 2.244E-1 2.20891E-1 2.35187E-1 2.239E-1 2.16575E-1 2.50384E-1 2.445E-1 2.42684E-1 3.33501E-1 2.54689E-1 2.35642E-1 2.17043E-1 2.06647E-1 1.93124E-1 1.84548E-1 1.89741E-1 1.67346E-1 1.66782E-1 1.83992E-1 2.09899E-1 1.56266E-1 1.62891E-1 1.69811E-1 1.37618E-1 2.16728E-1 1.2335E-1 1.20752E-1 1.70349E-1 1.95616E-1 1.78622E-1 1.66568E-1 1.56758E-1 1.24593E-1 1.67115E-1 1.77051E-1 1.56709E-1 1.55923E-1 1.59406E-1 1.4681E-1 1.03942E-1 1.25925E-1 1.14221E-1 8.87891E-2 1.17695E-1 1.19377E-1
2.93374E-1 2.86E-1 2.70318E-1 3.00964E-1 2.47919E-1 2.42491E-1 1.99381E-1 1.9869E-1 1.82394E-1 1.80137E-1 1.95746E-1 1.87366E-1 1.99741E-1 2.14331E-1 2.74594E-1 2.9114E-1 2.39618E-1 2.83816E-1 2.54234E-1 2.27094E-1 2.59931E-1 3.08029E-1 3.26244E-1 2.83388E-1 2.46345E-1 2.29365E-1 2.35367E-1 2.5552E-1 2.31892E-1 1.99331E-1 1.86162E-1 1.75537E-1 1.74281E-1 1.8967E-1 2.47047E-1 1.79169E-1 1.81941E-1 1.6083E-1 1.88498E-1 1.16706E-1 1.14261E-1 1.30366E-1 1.28042E-1 1.80244E-1 1.98839E-1 1.88201E-1 1.90076E-1 2.74825E-1 1.8068E-1 1.81716E-1 1.66177E-1 1.35001E-1 1.66268E-1 1.72412E-1 1.84537E-1 1.49627E-1 1.30611E-1 1.61837E-1 1.20733E-1 1.21722E-1 1.20396E-1
3.20096E-1 3.04749E-1 2.78023E-1 2.92674E-1 2.58147E-1 2.08436E-1 2.05375E-1 2.04789E-1 1.74118E-1 1.81854E-1 1.96062E-1 2.11525E-1 2.52235E-1 2.43119E-1 2.72798E-1 3.09516E-1 2.8265E-1 2.76138E-1 2.40366E-1 1.9919E-1 2.33545E-1 2.41186E-1 2.32472E-1 2.42847E-1 2.33839E-1 2.18268E-1 2.20992E-1 2.26029E-1 2.78569E-1 2.096E-1 1.8778E-1 1.9183E-1 2.04069E-1 2.02757E-1 2.45023E-1 1.89797E-1 1.8655E-1 1.77485E-1 1.50245E-1 1.77171E-1 1.50172E-1 1.46065E-1 1.53589E-1 1.93272E-1 1.90648E-1 2.0906E-1 2.04187E-1 1.93699E-1 1.97086E-1 1.71971E-1 1.56283E-1 1.61306E-1 1.80109E-1 2.63793E-1 2.44451E-1 1.79266E-1 1.31192E-1 1.16321E-1 1.13392E-1 1.28841E-1 1.41463E-1
2.58972E-1 2.75524E-1 2.60756E-1 2.39451E-1 2.34287E-1 2.13429E-1 2.18826E-1 2.02765E-1 1.95995E-1 1.78088E-1 1.91969E-1 2.35413E-1 2.32758E-1 2.39716E-1 2.88514E-1 3.4091E-1 3.22609E-1 2.54411E-1 2.55988E-1 2.25462E-1 2.39217E-1 2.51758E-1 2.48642E-1 2.46378E-1 3.09297E-1 2.56768E-1 3.12097E-1 2.72614E-1 2.24521E-1 2.19433E-1 1.95316E-1 2.15149E-1 2.2311E-1 2.10984E-1 1.88369E-1 1.82773E-1 2.09214E-1 1.9404E-1 2.1106E-1 1.8199E-1 1.45413E-1 1.41503E-1 1.463E-1 1.86233E-1 1.91663E-1 1.959E-1 1.94513E-1 1.72815E-1 1.87248E-1 1.7283E-1 1.7703E-1 1.58604E-1 1.59589E-1 1.58689E-1 1.45067E-1 1.41272E-1 1.22482E-1 1.14866E-1 1.09587E-1 1.10543E-1 1.12677E-1
2.59606E-1 2.40826E-1 2.759E-1 2.7183E-1 2.58327E-1 2.13297E-1 2.02399E-1 1.9747E-1 1.95978E-1 1.87615E-1 2.09124E-1 2.13023E-1 2.16492E-1 2.82343E-1 2.39928E-1 3.12563E-1 2.65066E-1 2.81202E-1 2.52538E-1 2.92908E-1 2.60038E-1 2.776E-1 2.19897E-1 2.32255E-1 2.35141E-1 2.29212E-1 2.93378E-1 2.59971E-1 2.28463E-1 2.66523E-1 2.29591E-1 2.13377E-1 1.07557E-1 2.03936E-1 2.10403E-1 2.23261E-1 2.10805E-1 1.48641E-1 2.06721E-1 1.95268E-1 2.09864E-1 1.74315E-1 1.9203E-1 1.97506E-1 1.57023E-1 1.78051E-1 2.38357E-1 2.00384E-1 1.75845E-1 1.69149E-1 1.55597E-1 1.95596E-1 1.71181E-1 1.47853E-1 1.3915E-1 1.38833E-1 1.30137E-1 1.28141E-1 1.02961E-1 1.40917E-1 1.16028E-1
2.62283E-1 2.40659E-1 2.46261E-1 2.31356E-1 2.172E-1 2.30219E-1 2.25192E-1 2.0471E-1 2.00378E-1 2.08435E-1 2.10437E-1 2.1931E-1 2.61126E-1 2.27219E-1 2.29911E-1 3.37872E-1 2.87525E-1 2.43725E-1 2.46261E-1 2.51015E-1 2.87645E-1 2.59758E-1 2.28135E-1 2.81805E-1 2.50493E-1 2.79876E-1 2.49605E-1 3.03296E-1 2.86733E-1 2.76647E-1 2.08471E-1 2.5038E-1 2.35147E-1 2.33077E-1 1.75262E-1 6.49697E-2 7.92573E-2 2.09758E-1 2.16633E-1 1.50293E-1 2.00069E-1 2.26873E-1 1.87612E-1 1.88006E-1 1.78446E-1 1.94193E-1 1.94317E-1 2.27915E-1 1.80581E-1 1.64547E-1 1.46253E-1 2.18835E-1 1.51407E-1 1.48379E-1 1.40593E-1 1.32029E-1 1.22584E-1 1.55886E-1 1.60766E-1 1.66481E-1 1.13241E-1
2.52472E-1 2.60221E-1 2.4176E-1 2.28506E-1 2.24087E-1 2.23793E-1 2.21982E-1 2.15175E-1 2.27694E-1 2.13925E-1 2.21459E-1 2.25326E-1 2.77751E-1 2.48633E-1 2.54095E-1 2.43393E-1 2.91402E-1 3.22402E-1 2.40579E-1 2.03913E-1 2.59323E-1 2.52594E-1 2.6651E-1 2.37801E-1 2.46753E-1 3.00794E-1 3.14892E-1 3.53971E-1 2.68023E-1 2.57981E-1 2.37899E-1 2.29295E-1 2.2639E-1 2.56406E-1 2.49022E-1 2.41392E-1 2.52405E-1 2.13007E-1 2.18483E-1 2.45692E-1 2.01119E-1 1.86303E-1 2.24246E-1 1.96257E-1 1.73343E-1 1.94085E-1 2.04774E-1 2.40132E-1 1.99542E-1 2.03896E-1 1.85835E-1 1.94746E-1 1.5198E-1 2.02054E-1 1.82717E-1 1.47371E-1 2.24715E-1 1.50052E-1 1.24344E-1 2.17155E-1 1.37394E-1
