Final_Models_July82022/M_0.1_F_lqp_Set_1/Bison_stddev.asc
ncols         290
nrows         380
xllcorner     -2197417.7431653
yllcorner     -584827.01486885
cellsize      10000.0
NODATA_value  -9999
[rows 135 to 161 of 380, columns 0 to 60 of 290]
-9999 -9999 -9999 -9999 -9999 -9999 -9999 -9999 -9999 -9999 -9999 -9999 2.1742E-3 -9999 8.58421E-4 4.82607E-3 2.00728E-3 2.60381E-3 1.50691E-3 -9999 2.20468E-3 5.11596E-4 7.32433E-4 3.94921E-4 3.95768E-3 -9999 3.99628E-5 7.02173E-4 1.02017E-1 3.84118E-2 2.66483E-2 4.96795E-3 3.94287E-5 6.91761E-3 1.01583E-2 7.74584E-4 1.28654E-3 1.60402E-3 1.2514E-2 6.02574E-3 1.25344E-2 9.77996E-3 1.0404E-2 1.01602E-2 5.8606E-3 6.16673E-3 7.18708E-3 6.43763E-3 7.45334E-3 1.06615E-2 9.46495E-3 7.87046E-3 8.24957E-3 6.30678E-3 6.18751E-3 7.9286E-3 5.86445E-3 1.08759E-2 7.8304E-3 8.66947E-3 9.5445E-3
-9999 -9999 -9999 -9999 -9999 -9999 -9999 -9999 -9999 -9999 -9999 -9999 5.53898E-3 -9999 1.3541E-4 1.67588E-2 2.24766E-4 5.25092E-4 -9999 -9999 4.64128E-3 2.44904E-3 8.79536E-6 2.96298E-4 -9999 -9999 -9999 1.68219E-5 0E0 5.50235E-2 7.23417E-3 2.17411E-2 4.3308E-3 6.26528E-3 1.06269E-2 5.95595E-3 5.13625E-3 5.02795E-3 5.54634E-3 3.43385E-3 6.50612E-3 6.49175E-3 9.87074E-3 9.04964E-3 5.73358E-3 9.32674E-3 6.8546E-3 4.88381E-3 4.67547E-3 9.82304E-3 9.34819E-3 7.60602E-3 8.81947E-3 1.05942E-2 1.03504E-2 1.08189E-2 1.01266E-2 5.35795E-3 1.09823E-2 1.11277E-2 8.74572E-3
-9999 -9999 -9999 -9999 -9999 -9999 -9999 -9999 -9999 -9999 -9999 3.61089E-3 3.5726E-3 -9999 1.05789E-3 1.04163E-1 1.83009E-4 -9999 -9999 -9999 7.11889E-4 3.04006E-4 4.79447E-4 1.96744E-4 -9999 -9999 1.87857E-6 3.97206E-3 4.2521E-2 2.2589E-2 8.15479E-3 2.76673E-3 7.5092E-3 8.1623E-4 4.73234E-3 1.81219E-4 8.63653E-4 4.16497E-3 2.4331E-3 5.12828E-3 4.49481E-3 7.5183E-3 8.95951E-3 7.83037E-3 8.25259E-3 8.73692E-3 8.11172E-3 8.98092E-3 8.31889E-3 1.00443E-2 8.31182E-3 4.65349E-3 7.04636E-3 1.17634E-2 8.86831E-3 8.77513E-3 1.12054E-2 5.83535E-3 1.33361E-2 7.87911E-3 8.2906E-3
-9999 -9999 -9999 -9999 -9999 -9999 -9999 -9999 -9999 -9999 -9999 -9999 -9999 -9999 3.30916E-3 1.0966E-1 3.10532E-3 -9999 -9999 1.99319E-3 7.82666E-4 6.87426E-4 5.22589E-4 1.47478E-2 -9999 -9999 3.90324E-4 -9999 2.1716E-2 3.53013E-2 2.10851E-3 5.02567E-3 1.63679E-2 3.2471E-4 2.98896E-3 6.64862E-3 1.22303E-3 2.38178E-3 4.75713E-3 4.53396E-3 1.1279E-2 7.64951E-3 6.16283E-3 7.71903E-3 1.37002E-2 1.59616E-2 6.51215E-3 8.92818E-3 1.01565E-2 8.57444E-3 1.09486E-2 1.08814E-2 8.51419E-3 8.62513E-3 7.41963E-3 1.14244E-2 8.41203E-3 1.01225E-2 8.49656E-3 1.55024E-2 9.43434E-3
-9999 -9999 -9999 -9999 -9999 -9999 -9999 -9999 -9999 -9999 -9999 -9999 -9999 -9999 1.31644E-3 9.49563E-2 1.57303E-3 -9999 9.57196E-6 5.09353E-6 4.2391E-4 -9999 6.03607E-4 -9999 -9999 -9999 1.34695E-7 1.81703E-5 3.17082E-3 1.30853E-2 6.47684E-4 9.91896E-4 2.35692E-3 8.8039E-4 1.16488E-3 4.72881E-4 1.54181E-3 2.01808E-3 4.96271E-3 3.76859E-3 5.92197E-3 1.21246E-2 7.08125E-3 1.60007E-2 1.50715E-2 6.29978E-3 2.81941E-3 6.1071E-3 1.05009E-2 1.56507E-2 1.59449E-2 1.69838E-2 9.26558E-3 7.41307E-3 7.9687E-3 1.161E-2 1.11879E-2 1.42264E-2 6.2197E-3 9.05483E-3 1.59911E-2
-9999 -9999 -9999 -9999 -9999 -9999 -9999 -9999 -9999 -9999 -9999 -9999 4.21961E-2 2.27869E-4 6.77175E-5 6.76052E-3 1.38602E-4 -9999 2.57181E-6 4.64999E-4 1.72329E-3 -9999 -9999 -9999 -9999 9.92892E-3 1.68895E-4 4.60071E-3 -9999 5.2001E-2 3.95555E-3 7.7488E-4 2.54231E-3 3.89348E-3 1.07144E-3 2.3517E-3 6.65595E-3 6.72621E-3 5.95381E-3 1.40286E-2 1.38678E-2 1.71604E-2 1.48917E-2 9.82914E-3 9.55267E-3 9.87048E-3 7.67872E-3 1.19706E-2 1.55177E-2 9.78593E-3 1.67021E-2 1.45008E-2 9.00273E-3 1.17456E-2 2.61728E-2 1.17823E-2 7.63228E-3 1.21562E-2 1.16183E-2 1.07452E-2 8.19668E-3
-9999 -9999 -9999 -9999 -9999 -9999 -9999 -9999 -9999 -9999 -9999 -9999 7.53113E-3 8.56432E-3 4.15504E-2 7.49117E-2 -9999 -9999 -9999 -9999 -9999 -9999 -9999 -9999 -9999 -9999 2.3915E-4 1.60149E-3 6.28288E-3 1.97733E-2 4.42207E-3 8.82094E-3 1.43584E-4 1.73626E-4 3.18683E-4 5.06255E-3 4.0779E-3 8.71513E-3 2.66023E-2 9.29213E-3 9.15572E-3 5.76164E-3 5.83973E-3 7.88855E-3 6.75842E-3 9.38844E-3 1.59048E-2 1.27049E-2 1.50129E-2 1.18294E-2 2.3569E-2 1.10948E-2 8.92834E-3 6.23478E-3 1.01567E-2 6.09142E-3 5.27629E-3 6.17382E-3 1.1765E-2 1.23168E-2 1.62766E-2
-9999 -9999 -9999 -9999 -9999 -9999 -9999 -9999 -9999 -9999 -9999 -9999 -9999 1.73541E-3 4.70516E-2 1.75861E-2 -9999 -9999 -9999 -9999 -9999 6.78206E-3 -9999 -9999 9.00693E-5 6.94836E-5 4.69094E-6 2.77685E-4 3.96678E-2 4.22435E-3 1.77044E-2 2.22399E-2 7.96214E-3 2.07135E-3 2.50159E-4 8.90562E-4 1.85864E-2 4.25202E-3 6.91655E-3 1.79942E-2 8.14958E-3 4.28765E-3 5.87484E-3 1.57355E-2 1.37522E-2 1.36427E-2 1.42162E-2 1.65026E-2 1.2596E-2 1.1636E-2 1.94048E-2 1.01988E-2 5.2557E-3 8.39924E-3 1.03005E-2 6.99545E-3 6.71062E-3 7.99849E-3 1.3198E-2 7.59519E-3 1.30452E-2
-9999 -9999 -9999 -9999 -9999 -9999 -9999 -9999 -9999 -9999 -9999 -9999 2.40863E-2 -9999 -9999 2.12826E-2 -9999 3.1702E-2 5.26018E-3 -9999 -9999 2.54046E-3 4.19954E-3 -9999 -9999 0E0 3.3731E-5 2.72097E-5 9.53033E-3 1.8305E-2 3.2263E-3 2.04447E-2 4.23794E-2 2.22821E-3 5.09159E-5 1.16492E-4 2.23092E-4 4.75056E-3 6.77118E-3 1.27906E-2 7.18709E-3 3.29363E-3 1.24294E-2 1.15889E-2 6.24036E-3 9.61756E-3 1.20089E-2 1.84158E-2 1.66584E-2 1.04195E-2 1.19852E-2 1.09553E-2 9.07624E-3 8.10894E-3 1.0486E-2 6.83248E-3 4.57535E-3 8.24265E-3 1.05049E-2 1.08039E-2 1.17017E-2
-9999 -9999 -9999 -9999 -9999 -9999 -9999 -9999 -9999 -9999 -9999 -9999 -9999 2.56553E-5 4.76694E-2 -9999 -9999 3.10927E-6 1.79142E-4 3.07484E-3 0E0 3.20201E-3 1.98111E-3 1.86586E-3 -9999 -9999 1.96867E-5 7.82272E-3 2.58258E-2 2.83728E-2 6.01522E-3 5.36835E-3 1.96032E-3 1.03912E-3 7.61771E-3 4.55296E-4 3.453E-3 9.72154E-3 1.17845E-2 4.50308E-3 4.11049E-3 1.12513E-2 8.60737E-3 6.68551E-3 1.0358E-2 1.17343E-2 1.84267E-2 1.80636E-2 1.01405E-2 1.11803E-2 9.64021E-3 7.37025E-3 1.23812E-2 3.37685E-2 1.42203E-2 5.90467E-3 8.44823E-3 9.00472E-3 5.41306E-3 8.88399E-3 6.96151E-3
-9999 -9999 -9999 -9999 -9999 -9999 -9999 -9999 -9999 -9999 -9999 -9999 1.17568E-2 3.02635E-3 3.03008E-3 -9999 -9999 5.49683E-4 1.58235E-4 1.47203E-3 -9999 5.0593E-3 2.0312E-3 4.08127E-4 1.5644E-6 -9999 -9999 9.78609E-3 1.1789E-2 7.52032E-2 3.04343E-2 5.29771E-3 -9999 7.09871E-3 5.85193E-4 3.92052E-3 3.44736E-2 3.81758E-2 1.36646E-2 2.04366E-3 3.96648E-3 1.13375E-2 9.90716E-3 8.23288E-3 6.77934E-3 1.45294E-2 1.56516E-2 2.29737E-2 1.26205E-2 1.0105E-2 9.49856E-3 1.23801E-2 1.82867E-2 2.64386E-2 7.77142E-3 8.34002E-3 1.09508E-2 3.77517E-3 1.14812E-2 8.34741E-3 6.8895E-3
-9999 -9999 -9999 -9999 -9999 -9999 -9999 -9999 -9999 -9999 -9999 -9999 0E0 8.10267E-2 -9999 -9999 -9999 1.37497E-3 1.67455E-3 3.88323E-3 -9999 9.43016E-4 6.50519E-4 3.64274E-3 4.74964E-6 5.77896E-4 3.88254E-3 9.73635E-4 4.4045E-2 3.86559E-2 8.69964E-4 1.09481E-2 6.61933E-3 3.08752E-3 9.35875E-5 8.85311E-4 5.89954E-3 3.97671E-2 6.95937E-3 5.27521E-3 8.79312E-3 5.07546E-3 9.39814E-3 7.54936E-3 1.67483E-2 1.11537E-2 1.40264E-2 1.04096E-2 5.71967E-3 1.18247E-2 9.66615E-3 7.92622E-3 1.02042E-2 9.02558E-3 1.01159E-2 1.10213E-2 8.53587E-3 1.11055E-2 1.54135E-2 7.96654E-3 1.07395E-2
-9999 -9999 -9999 -9999 -9999 -9999 -9999 -9999 -9999 -9999 -9999 -9999 5.34065E-2 1.28484E-2 -9999 -9999 -9999 -9999 1.51086E-3 5.36545E-3 2.58515E-3 1.54846E-3 1.73357E-3 4.1765E-3 2.9992E-5 -9999 1.50927E-3 1.28958E-4 1.44586E-2 1.87346E-3 1.77245E-3 1.43973E-2 1.76526E-3 5.14621E-3 6.85003E-4 9.31816E-5 7.44156E-4 3.63109E-3 6.0839E-4 5.40817E-3 3.05088E-2 4.3191E-3 5.56589E-3 7.08028E-3 3.73526E-3 7.77274E-3 9.78533E-3 8.94173E-3 1.28526E-2 1.72173E-2 1.19465E-2 1.2906E-2 1.30278E-2 1.08046E-2 7.36455E-3 9.13005E-3 8.87676E-3 8.78834E-3 8.56566E-3 1.0697E-2 9.85405E-3
-9999 -9999 -9999 -9999 -9999 -9999 -9999 -9999 -9999 -9999 -9999 -9999 2.92183E-2 -9999 -9999 -9999 -9999 3.53223E-3 -9999 -9999 9.51728E-4 9.1011E-4 2.32839E-3 -9999 9.30565E-5 1.46773E-4 -9999 1.92194E-4 2.05169E-2 1.00288E-2 1.59099E-2 1.94618E-3 6.55372E-3 1.71906E-4 1.08009E-3 9.87216E-4 1.06024E-2 1.31787E-2 2.7658E-3 2.53676E-2 1.37029E-2 4.84172E-3 1.25548E-2 9.0411E-3 6.07354E-3 1.18208E-2 1.83886E-2 1.09519E-2 1.94901E-2 1.36105E-2 2.23876E-2 1.18737E-2 2.60663E-2 1.05747E-2 1.19364E-2 1.03537E-2 1.13398E-2 1.65466E-2 1.82764E-2 1.02921E-2 1.27345E-2
-9999 -9999 -9999 -9999 -9999 -9999 -9999 -9999 -9999 -9999 -9999 -9999 -9999 -9999 -9999 -9999 3.26084E-4 1.15025E-3 -9999 2.04342E-2 5.25555E-4 3.94583E-3 2.01396E-3 -9999 -9999 1.43021E-4 -9999 4.71399E-5 5.91724E-3 3.8528E-2 2.8054E-2 7.21702E-4 1.11317E-3 5.80006E-4 3.88111E-4 9.45404E-4 3.74378E-3 1.46654E-3 1.06643E-3 1.26933E-2 4.30855E-3 1.02991E-2 2.50222E-2 9.10381E-3 1.16133E-2 9.49589E-3 1.08309E-2 1.68994E-2 3.49577E-2 1.976E-2 1.68428E-2 1.42974E-2 8.33327E-3 5.71477E-3 9.91058E-3 9.30035E-3 2.01365E-2 1.14242E-2 1.03586E-2 1.17676E-2 1.10908E-2
-9999 -9999 -9999 -9999 -9999 -9999 -9999 -9999 -9999 -9999 -9999 -9999 -9999 -9999 -9999 1.13837E-4 1.43654E-3 1.33881E-2 -9999 -9999 -9999 -9999 1.51558E-2 2.1863E-2 1.28831E-4 1.80596E-4 7.63944E-3 3.60977E-3 4.23274E-3 2.78264E-3 7.79402E-3 5.97983E-3 1.41022E-5 3.71134E-3 1.97016E-3 1.22218E-2 2.08505E-2 5.59453E-3 6.12192E-3 3.50268E-3 7.6024E-3 2.01767E-2 3.73252E-3 7.95757E-3 4.57704E-3 1.36726E-2 6.98877E-3 8.16363E-3 1.44189E-2 1.37465E-2 1.946E-2 1.71459E-2 1.003E-2 1.91866E-2 8.16288E-3 1.16772E-2 1.04089E-2 1.09814E-2 8.43006E-3 1.91819E-2 6.82453E-3
-9999 -9999 -9999 -9999 -9999 -9999 -9999 -9999 -9999 -9999 -9999 -9999 -9999 -9999 -9999 -9999 -9999 -9999 -9999 7.72213E-5 1.65347E-2 -9999 -9999 0E0 -9999 -9999 -9999 2.33346E-3 1.14272E-3 1.68899E-3 2.14679E-4 1.71944E-3 8.94058E-5 1.97744E-2 1.1531E-2 1.17936E-2 1.19137E-2 1.03232E-3 6.33001E-5 2.44668E-3 1.05736E-2 4.08414E-3 9.16489E-3 1.03498E-2 8.62754E-3 1.41471E-2 1.20854E-2 2.08769E-2 1.40472E-2 1.10897E-2 1.42446E-2 9.2E-3 1.05649E-2 2.29654E-2 2.11785E-2 1.10434E-2 1.03268E-2 7.10802E-3 6.28353E-3 9.3267E-3 1.04924E-2
-9999 -9999 -9999 -9999 -9999 -9999 -9999 -9999 -9999 -9999 -9999 -9999 -9999 -9999 -9999 -9999 -9999 -9999 -9999 6.03853E-5 1.8992E-3 -9999 7.7727E-3 1.03581E-3 1.52778E-5 -9999 -9999 3.38906E-3 1.01766E-3 1.03275E-2 1.17285E-3 7.65099E-5 1.95954E-4 2.8171E-3 2.1269E-3 2.84855E-3 6.06381E-4 3.78819E-4 6.8804E-4 6.08913E-3 1.78644E-2 4.37892E-4 5.14611E-3 7.54925E-3 9.13563E-3 1.39226E-2 7.74345E-3 1.18793E-2 1.44132E-2 1.89567E-2 1.25548E-2 5.23965E-3 1.03536E-2 1.7926E-2 1.32445E-2 9.42674E-3 2.20582E-2 7.56174E-3 1.15556E-2 1.43067E-2 1.46663E-2
-9999 -9999 -9999 -9999 -9999 -9999 -9999 -9999 -9999 -9999 -9999 -9999 -9999 3.73117E-2 -9999 -9999 -9999 3.02734E-3 2.83645E-3 9.32292E-4 1.51243E-3 1.3541E-2 -9999 7.68768E-4 -9999 -9999 8.9432E-3 2.14209E-3 8.20776E-4 3.53898E-3 2.19071E-3 2.53524E-3 1.23037E-5 3.13926E-5 6.6651E-4 5.11166E-4 2.16079E-4 6.41861E-4 8.26857E-3 3.90527E-4 5.73282E-3 3.91855E-3 3.28572E-3 1.56718E-2 1.55882E-2 1.97044E-2 1.05864E-2 1.33814E-2 1.14514E-2 2.12411E-2 7.98496E-3 1.15047E-2 1.5187E-2 1.67964E-2 1.30866E-2 2.09312E-2 1.14574E-2 6.55338E-3 9.44096E-3 1.75627E-2 1.61625E-2
-9999 -9999 -9999 -9999 -9999 -9999 -9999 -9999 -9999 -9999 -9999 -9999 -9999 -9999 -9999 2.30308E-2 1.71501E-2 -9999 -9999 -9999 5.74225E-3 -9999 -9999 2.38908E-2 8.07461E-6 5.42414E-3 1.83284E-4 1.26013E-3 3.05676E-3 4.14636E-3 8.46805E-3 1.03342E-2 2.80943E-4 1.22801E-3 7.10303E-7 7.91251E-6 1.78232E-4 3.54002E-4 3.54977E-4 6.08756E-4 1.27738E-3 8.40702E-4 3.03204E-3 9.43923E-3 1.53064E-2 5.45415E-3 1.13434E-2 1.70498E-2 1.05712E-2 1.53548E-2 1.29401E-2 1.3238E-2 1.26764E-2 1.3161E-2 9.2758E-3 8.6159E-3 7.72943E-3 7.63504E-3 7.0493E-3 1.16662E-2 1.17892E-2
-9999 -9999 -9999 -9999 -9999 -9999 -9999 -9999 -9999 -9999 -9999 -9999 -9999 -9999 -9999 -9999 -9999 -9999 -9999 6.33089E-3 4.96185E-3 -9999 -9999 4.75554E-4 3.96046E-3 1.31392E-2 1.89189E-4 1.27186E-5 3.78129E-5 1.05874E-3 7.75207E-3 3.94221E-3 1.79206E-5 9.5002E-6 1.89164E-5 8.68588E-5 4.10917E-4 1.98219E-3 2.53741E-4 3.30197E-4 2.18937E-4 7.60494E-3 5.86588E-3 1.0414E-2 1.02225E-2 9.42908E-3 1.11187E-2 1.05478E-2 1.01667E-2 1.34762E-2 1.24739E-2 1.69652E-2 7.96774E-3 1.21676E-2 1.44924E-2 1.33846E-2 9.63283E-3 1.58047E-2 8.13278E-3 6.54375E-3 8.08376E-3
-9999 -9999 -9999 -9999 -9999 -9999 -9999 -9999 -9999 -9999 -9999 -9999 -9999 -9999 -9999 -9999 4.87612E-3 -9999 1.3831E-2 5.51974E-3 3.29665E-3 1.66024E-3 -9999 -9999 2.37267E-3 4.00863E-4 -9999 -9999 6.14059E-4 9.28438E-4 5.59358E-4 2.25082E-3 3.72663E-4 1.28116E-2 6.51133E-4 6.0646E-4 6.61367E-5 2.87862E-4 1.09251E-3 1.83962E-4 4.36591E-5 4.21209E-4 2.44471E-3 9.83815E-3 1.79617E-2 1.19387E-2 7.58971E-3 1.11692E-2 1.15275E-2 1.17065E-2 8.59507E-3 1.13999E-2 7.44918E-3 1.58056E-2 1.9451E-2 1.52493E-2 1.66299E-2 1.45028E-2 9.16465E-3 1.38913E-2 1.5707E-2
-9999 -9999 -9999 -9999 -9999 -9999 -9999 -9999 -9999 -9999 -9999 -9999 -9999 -9999 -9999 -9999 -9999 -9999 8.46545E-3 2.92425E-3 1.02967E-3 9.47286E-4 -9999 -9999 2.14714E-4 1.87094E-2 1.69328E-2 4.96398E-6 1.70343E-8 4.25745E-3 4.01725E-4 1.4582E-5 2.19045E-3 8.09889E-3 1.66695E-4 9.97538E-4 2.56118E-5 1.74957E-5 9.32145E-4 1.0185E-2 5.13666E-4 4.3987E-4 6.38546E-3 1.33535E-2 2.14488E-2 8.31972E-3 5.62797E-3 6.5997E-3 1.19601E-2 1.39717E-2 8.47622E-3 8.89733E-3 8.41562E-3 9.63521E-3 1.15825E-2 1.25397E-2 8.12934E-3 9.18531E-3 6.93019E-3 1.0223E-2 1.21725E-2
-9999 -9999 -9999 -9999 -9999 -9999 -9999 -9999 -9999 -9999 -9999 -9999 -9999 -9999 3.69002E-2 -9999 -9999 4.17919E-4 7.79943E-5 1.0757E-3 9.35384E-4 3.69761E-4 8.71401E-3 -9999 -9999 -9999 -9999 6.19532E-6 4.94559E-5 1.25455E-3 1.25663E-2 3.05036E-3 1.52369E-4 8.96587E-5 9.01996E-4 3.16196E-6 1.99405E-5 1.58728E-3 1.90314E-2 1.15367E-2 8.186E-3 9.78403E-4 5.34506E-3 7.88493E-3 1.77231E-2 1.28861E-2 1.1763E-2 1.20893E-2 1.1094E-2 8.36185E-3 1.14382E-2 7.39917E-3 1.04876E-2 9.06468E-3 1.15452E-2 1.65843E-2 9.30779E-3 6.77378E-3 8.03363E-3 5.66767E-3 7.3552E-3
-9999 -9999 -9999 -9999 -9999 -9999 -9999 -9999 -9999 -9999 -9999 -9999 -9999 -9999 -9999 1.55096E-2 7.33454E-3 -9999 -9999 3.50633E-3 1.03093E-3 6.56796E-4 -9999 -9999 -9999 1.68838E-2 3.56965E-6 3.25636E-5 6.09242E-4 5.97232E-6 1.13306E-5 6.82611E-6 7.64714E-4 3.1258E-5 1.26838E-3 1.01991E-3 8.54775E-4 2.06677E-2 1.79911E-3 3.42106E-4 7.54428E-3 8.92406E-3 6.90773E-3 7.52492E-3 9.03662E-3 1.31937E-2 5.72335E-3 1.24184E-2 1.31317E-2 1.05166E-2 1.40224E-2 1.1904E-2 1.12709E-2 1.01418E-2 1.36579E-2 1.48683E-2 1.38343E-2 5.28209E-3 1.23232E-2 1.23243E-2 8.82261E-3
-9999 -9999 -9999 -9999 -9999 -9999 -9999 -9999 -9999 -9999 -9999 -9999 -9999 -9999 1.36696E-2 -9999 -9999 -9999 7.91893E-3 6.13016E-6 3.67396E-5 2.79289E-3 -9999 -9999 6.37285E-4 6.14962E-4 1.30029E-2 -9999 5.38609E-3 -9999 -9999 1.89089E-4 2.37391E-4 2.43208E-3 2.56086E-3 1.2878E-4 2.19937E-3 1.88234E-2 2.30317E-3 1.38265E-2 3.13597E-3 2.54784E-3 1.23252E-2 4.79098E-3 1.4131E-2 6.6897E-3 3.42917E-3 9.31039E-3 7.25775E-3 1.001E-2 1.14029E-2 1.22058E-2 7.85663E-3 1.08401E-2 1.01617E-2 1.16172E-2 1.06926E-2 8.09324E-3 1.06537E-2 8.5208E-3 7.7654E-3
-9999 -9999 -9999 -9999 -9999 -9999 -9999 -9999 -9999 -9999 -9999 -9999 -9999 5.0206E-2 -9999 3.23949E-2 1.79315E-2 -9999 2.06672E-3 3.28476E-4 4.3146E-5 -9999 -9999 2.53125E-2 1.72273E-3 2.06404E-4 -9999 -9999 1.99212E-3 7.56497E-6 2.08846E-3 3.54465E-5 9.70629E-3 2.92587E-3 2.10888E-3 2.16118E-5 2.13538E-2 2.57616E-2 3.61195E-3 4.09692E-3 4.96255E-3 1.50075E-3 7.20526E-3 3.85226E-3 2.26858E-3 3.38286E-3 3.37065E-3 5.64963E-3 1.10396E-2 1.46057E-2 1.27464E-2 8.91468E-3 1.67041E-2 1.22674E-2 1.84941E-2 2.07089E-2 1.07092E-2 8.42046E-3 6.13874E-3 5.85527E-3 5.54503E-3
