Final_Models_July82022/M_0.1_F_lqp_Set_1/Bison_0.asc
ncols         290
nrows         380
xllcorner     -2197417.7431653
yllcorner     -584827.01486885
cellsize      10000.0
NODATA_value  -9999
[rows 216 to 242 of 380, columns 183 to 243 of 290]
2.31648E-1 2.12392E-1 2.01769E-1 2.05201E-1 1.7632E-1 1.45459E-1 1.58985E-1 1.8823E-1 1.81878E-1 1.88183E-1 2.14631E-1 2.03438E-1 2.00481E-1 2.13437E-1 2.15293E-1 2.21894E-1 2.13277E-1 2.03622E-1 1.92001E-1 2.11991E-1 2.46773E-1 1.93294E-1 1.93158E-1 1.91043E-1 1.90998E-1 1.97794E-1 1.80365E-1 1.8343E-1 1.88682E-1 1.75902E-1 1.7153E-1 1.68951E-1 1.72011E-1 1.57202E-1 1.45952E-1 1.43927E-1 1.45855E-1 1.37682E-1 1.31734E-1 1.36411E-1 1.37785E-1 1.42533E-1 1.44311E-1 1.31838E-1 1.38507E-1 1.34682E-1 1.31668E-1 1.31964E-1 1.34871E-1 1.40533E-1 1.4741E-1 -9999 -9999 -9999 -9999 -9999 -9999 -9999 -9999 -9999 -9999
2.20869E-1 2.14105E-1 2.19642E-1 2.24612E-1 2.00263E-1 1.68929E-1 1.40113E-1 1.84897E-1 1.90938E-1 1.96364E-1 2.30742E-1 2.01435E-1 2.35908E-1 2.24893E-1 2.17344E-1 2.03249E-1 2.26202E-1 2.1497E-1 1.80751E-1 2.14942E-1 2.55588E-1 2.16285E-1 2.03577E-1 1.9629E-1 1.90367E-1 2.00637E-1 1.93094E-1 1.9417E-1 1.86327E-1 1.84393E-1 1.7988E-1 1.84672E-1 1.77182E-1 1.69316E-1 1.67903E-1 1.60252E-1 1.54882E-1 1.5159E-1 1.48451E-1 1.43705E-1 1.46661E-1 1.43385E-1 1.46323E-1 1.46776E-1 1.41035E-1 1.33329E-1 1.36469E-1 1.3459E-1 1.34258E-1 1.34669E-1 -9999 -9999 -9999 -9999 -9999 -9999 -9999 -9999 -9999 -9999 -9999
2.40213E-1 2.09506E-1 2.12018E-1 1.96567E-1 2.06612E-1 1.96372E-1 1.85271E-1 1.8949E-1 1.91528E-1 2.03111E-1 2.28372E-1 2.08776E-1 2.49097E-1 2.25916E-1 2.41037E-1 2.18266E-1 2.85574E-1 2.81911E-1 2.34449E-1 2.46861E-1 2.53299E-1 2.18204E-1 2.06849E-1 2.0383E-1 2.00543E-1 1.97576E-1 2.04414E-1 1.99024E-1 1.88634E-1 1.90192E-1 1.68857E-1 1.61662E-1 1.80611E-1 1.73587E-1 1.8251E-1 1.74458E-1 1.59791E-1 1.58055E-1 1.58296E-1 1.47313E-1 1.46953E-1 1.28405E-1 1.50875E-1 1.54389E-1 1.54032E-1 1.26076E-1 1.29387E-1 1.32182E-1 1.37187E-1 1.24732E-1 -9999 -9999 -9999 -9999 -9999 -9999 -9999 -9999 -9999 -9999 -9999
2.38459E-1 2.4244E-1 2.07016E-1 2.31409E-1 2.18732E-1 2.20872E-1 2.14368E-1 2.18456E-1 2.12804E-1 2.38334E-1 2.61484E-1 2.06655E-1 2.14541E-1 2.30665E-1 2.29486E-1 2.17382E-1 2.17623E-1 2.67382E-1 2.58171E-1 2.35267E-1 2.26612E-1 2.85213E-1 2.66528E-1 2.10496E-1 2.16035E-1 2.00727E-1 2.05657E-1 2.15431E-1 2.06104E-1 1.98927E-1 1.92689E-1 1.57972E-1 2.19066E-1 2.01501E-1 1.72538E-1 1.52035E-1 1.66634E-1 1.63763E-1 1.78766E-1 1.7951E-1 1.6122E-1 1.58733E-1 1.59989E-1 1.57214E-1 1.57016E-1 1.58322E-1 1.46104E-1 1.29232E-1 1.50593E-1 1.44482E-1 -9999 -9999 -9999 -9999 -9999 -9999 -9999 -9999 -9999 -9999 -9999
2.45908E-1 2.42979E-1 2.63068E-1 2.12582E-1 2.34102E-1 2.82611E-1 2.29001E-1 2.31343E-1 2.42444E-1 2.36907E-1 2.50638E-1 2.26943E-1 2.5768E-1 2.38082E-1 2.52904E-1 2.25117E-1 2.22275E-1 2.23853E-1 2.27834E-1 2.45287E-1 2.38547E-1 1.91878E-1 2.31466E-1 2.48679E-1 2.01174E-1 2.18284E-1 2.31235E-1 2.31543E-1 2.19889E-1 1.75065E-1 2.04306E-1 2.31967E-1 2.91557E-1 2.45187E-1 2.03345E-1 1.51615E-1 1.79878E-1 1.58525E-1 1.7286E-1 1.77452E-1 1.73892E-1 1.7355E-1 1.65936E-1 1.6215E-1 1.61459E-1 1.66748E-1 1.68006E-1 1.61548E-1 1.50395E-1 -9999 -9999 -9999 -9999 -9999 -9999 -9999 -9999 -9999 -9999 -9999 -9999
2.70727E-1 2.76525E-1 2.85363E-1 2.48151E-1 2.38257E-1 3.15137E-1 2.90399E-1 2.43106E-1 2.4282E-1 2.82422E-1 2.6967E-1 2.67984E-1 2.59767E-1 2.56715E-1 2.99378E-1 2.57828E-1 2.36403E-1 2.28948E-1 2.29302E-1 2.26448E-1 2.30146E-1 2.11626E-1 2.10322E-1 2.22603E-1 2.22459E-1 2.43897E-1 2.71445E-1 2.48317E-1 2.18301E-1 1.85561E-1 2.1193E-1 2.46352E-1 2.10561E-1 2.31124E-1 2.13945E-1 1.95991E-1 2.04398E-1 1.82495E-1 1.74366E-1 1.85048E-1 1.87318E-1 1.84856E-1 1.89037E-1 1.83176E-1 1.74584E-1 1.45564E-1 1.71904E-1 1.68013E-1 1.48853E-1 -9999 -9999 -9999 -9999 -9999 -9999 -9999 -9999 -9999 -9999 -9999 -9999
2.72161E-1 2.37554E-1 2.44827E-1 2.42234E-1 2.34455E-1 2.46935E-1 2.67831E-1 2.48403E-1 2.68207E-1 2.97683E-1 2.43437E-1 2.67963E-1 2.89538E-1 2.4138E-1 2.44657E-1 2.57199E-1 2.48905E-1 2.62119E-1 2.47242E-1 2.33518E-1 2.53245E-1 2.95457E-1 2.8806E-1 2.44861E-1 2.6408E-1 3.18263E-1 2.85893E-1 2.2698E-1 2.19939E-1 2.14924E-1 2.23375E-1 2.29501E-1 2.40734E-1 2.1466E-1 2.20497E-1 2.0535E-1 2.0693E-1 1.93779E-1 1.89884E-1 1.83231E-1 1.90722E-1 2.1228E-1 2.11334E-1 2.03869E-1 1.7846E-1 1.61628E-1 1.54432E-1 1.7319E-1 1.59387E-1 -9999 -9999 -9999 -9999 -9999 -9999 -9999 -9999 -9999 -9999 -9999 -9999
3.28612E-1 2.93568E-1 2.77585E-1 2.50732E-1 2.4308E-1 2.57065E-1 3.63348E-1 2.47264E-1 2.54703E-1 2.50032E-1 2.62323E-1 2.60744E-1 2.92027E-1 2.52792E-1 2.73716E-1 2.5465E-1 2.84652E-1 2.15114E-1 2.63471E-1 2.43858E-1 2.54805E-1 2.16652E-1 2.59179E-1 2.48812E-1 2.76811E-1 2.47197E-1 2.59168E-1 3.47725E-1 2.91274E-1 3.1367E-1 2.41767E-1 2.37472E-1 2.51197E-1 2.7418E-1 2.25628E-1 2.64692E-1 2.09878E-1 2.02704E-1 2.0294E-1 1.93734E-1 2.03333E-1 2.14521E-1 2.2546E-1 2.14742E-1 1.68389E-1 1.61284E-1 1.57489E-1 1.55136E-1 1.79792E-1 -9999 -9999 -9999 -9999 -9999 -9999 -9999 -9999 -9999 -9999 -9999 -9999
3.21338E-1 2.85554E-1 2.70422E-1 2.65591E-1 2.67739E-1 2.62452E-1 2.96972E-1 2.93895E-1 3.99739E-1 3.68174E-1 2.57444E-1 2.49838E-1 2.68317E-1 2.59406E-1 2.63665E-1 2.80032E-1 2.36836E-1 2.28134E-1 2.51277E-1 2.92764E-1 2.4462E-1 2.55965E-1 2.49976E-1 2.28633E-1 2.50453E-1 3.70171E-1 3.34632E-1 3.49298E-1 3.57706E-1 2.8252E-1 2.46541E-1 2.47129E-1 2.72452E-1 2.83083E-1 2.61093E-1 2.31775E-1 2.28519E-1 2.39081E-1 2.14333E-1 2.1524E-1 2.15215E-1 2.31616E-1 2.44985E-1 2.17557E-1 1.88629E-1 1.78289E-1 1.64456E-1 1.63291E-1 -9999 -9999 -9999 -9999 -9999 -9999 -9999 -9999 -9999 -9999 -9999 -9999 -9999
3.67099E-1 5.0125E-1 3.61229E-1 2.93102E-1 3.30221E-1 4.71676E-1 3.79231E-1 4.16441E-1 3.90041E-1 4.71014E-1 4.6851E-1 3.75863E-1 3.2254E-1 2.08564E-1 3.84461E-1 2.7468E-1 2.50735E-1 2.40747E-1 2.36099E-1 2.68053E-1 2.79095E-1 2.42516E-1 2.25508E-1 2.33242E-1 2.42355E-1 2.77754E-1 4.1508E-1 4.02537E-1 2.62817E-1 2.4411E-1 2.72842E-1 2.95423E-1 2.72196E-1 2.94874E-1 2.95381E-1 2.81073E-1 2.80627E-1 2.57853E-1 2.32225E-1 2.12995E-1 2.19388E-1 2.35903E-1 2.57045E-1 2.25638E-1 2.11565E-1 1.9982E-1 1.89926E-1 1.80326E-1 -9999 -9999 -9999 -9999 -9999 -9999 -9999 -9999 -9999 -9999 -9999 -9999 -9999
2.1952E-1 3.05793E-1 4.38059E-1 4.20978E-1 3.5176E-1 3.30473E-1 2.42636E-1 1.94861E-1 2.34822E-1 4.49922E-1 3.82232E-1 4.09161E-1 4.52835E-1 4.16321E-1 4.45127E-1 2.57635E-1 2.45491E-1 2.76457E-1 2.51153E-1 2.51924E-1 2.00699E-1 2.87783E-1 2.33107E-1 2.32024E-1 2.42041E-1 2.46521E-1 2.68889E-1 2.40693E-1 2.41546E-1 2.41867E-1 2.67968E-1 3.38612E-1 2.85065E-1 2.72145E-1 2.49342E-1 2.57561E-1 2.96695E-1 2.84961E-1 2.50524E-1 2.33708E-1 2.31101E-1 2.34723E-1 2.72011E-1 2.22363E-1 2.25082E-1 2.20722E-1 2.10775E-1 1.99922E-1 -9999 -9999 -9999 -9999 -9999 -9999 -9999 -9999 -9999 -9999 -9999 -9999 -9999
2.91478E-1 3.76295E-1 5.18032E-1 4.98607E-1 4.84952E-1 5.00886E-1 4.82727E-1 4.20346E-1 3.36199E-1 3.24694E-1 4.79949E-1 3.7299E-1 2.0355E-1 4.20175E-1 3.60256E-1 3.669E-1 3.15993E-1 2.42582E-1 2.44508E-1 2.26844E-1 2.67161E-1 1.90388E-1 2.00372E-1 2.23398E-1 2.95477E-1 2.58887E-1 3.81398E-1 2.81388E-1 2.42383E-1 2.54565E-1 2.74756E-1 2.33895E-1 2.42304E-1 2.41987E-1 2.59282E-1 2.55133E-1 2.57672E-1 2.95785E-1 2.64196E-1 2.37925E-1 3.7041E-1 3.05844E-1 2.72231E-1 2.31633E-1 2.34918E-1 2.32008E-1 2.29957E-1 2.1945E-1 -9999 -9999 -9999 -9999 -9999 -9999 -9999 -9999 -9999 -9999 -9999 -9999 -9999
3.11039E-1 2.9811E-1 4.0794E-1 4.25488E-1 4.36303E-1 5.2015E-1 4.70771E-1 4.14643E-1 5.13406E-1 4.08368E-1 2.2988E-1 2.23319E-1 2.18971E-1 4.67934E-1 3.5135E-1 3.02521E-1 4.20033E-1 2.4181E-1 2.17283E-1 2.21125E-1 1.93241E-1 1.7835E-1 2.1643E-1 2.59023E-1 3.27269E-1 3.23265E-1 3.1478E-1 2.76424E-1 2.46009E-1 2.63054E-1 2.82191E-1 2.78546E-1 2.64081E-1 2.67046E-1 2.73809E-1 3.09233E-1 2.74508E-1 3.11409E-1 2.82576E-1 2.67345E-1 3.7387E-1 2.64644E-1 2.50486E-1 2.41817E-1 2.48713E-1 2.4708E-1 2.41513E-1 2.32448E-1 2.39695E-1 -9999 -9999 -9999 -9999 -9999 -9999 -9999 -9999 -9999 -9999 -9999 -9999
4.36121E-1 4.53747E-1 4.71408E-1 5.12107E-1 3.90253E-1 4.80436E-1 5.07825E-1 3.78282E-1 3.5844E-1 2.38245E-1 2.37737E-1 2.15427E-1 2.17963E-1 2.62764E-1 2.60539E-1 4.49238E-1 4.36631E-1 2.26134E-1 2.29508E-1 2.0357E-1 2.02556E-1 2.02039E-1 2.18765E-1 2.57629E-1 3.90068E-1 3.55423E-1 2.88279E-1 3.67906E-1 3.45473E-1 3.34589E-1 3.07343E-1 2.86981E-1 3.11741E-1 3.56611E-1 2.85285E-1 2.79168E-1 2.64878E-1 3.10807E-1 3.06685E-1 3.35572E-1 2.58119E-1 2.73463E-1 2.47861E-1 2.47812E-1 2.52462E-1 2.60552E-1 2.51528E-1 2.4571E-1 2.52436E-1 -9999 -9999 -9999 -9999 -9999 -9999 -9999 -9999 -9999 -9999 -9999 -9999
2.89174E-1 2.74689E-1 2.41577E-1 3.44282E-1 3.93167E-1 5.28961E-1 4.63817E-1 2.31988E-1 2.44811E-1 2.31932E-1 2.47272E-1 2.50503E-1 2.74544E-1 2.96412E-1 4.54706E-1 2.6312E-1 2.3323E-1 2.22861E-1 2.14433E-1 2.25374E-1 2.84258E-1 2.34754E-1 2.42333E-1 2.91828E-1 2.9762E-1 3.59885E-1 3.12882E-1 3.66708E-1 3.51192E-1 3.20733E-1 3.51732E-1 3.83151E-1 3.67764E-1 3.61995E-1 3.20275E-1 2.75774E-1 2.75899E-1 2.81722E-1 2.70804E-1 3.08638E-1 2.4898E-1 2.92304E-1 2.49495E-1 2.57789E-1 2.56273E-1 2.61369E-1 2.60226E-1 2.57574E-1 2.5846E-1 2.52769E-1 -9999 -9999 -9999 -9999 -9999 -9999 -9999 -9999 -9999 -9999 -9999
2.98565E-1 2.77625E-1 2.6264E-1 2.56491E-1 2.47534E-1 2.26477E-1 2.29244E-1 2.4688E-1 2.69237E-1 2.55407E-1 2.35444E-1 2.35933E-1 2.18985E-1 4.23464E-1 3.54369E-1 2.47007E-1 2.42156E-1 2.40029E-1 2.5072E-1 2.29534E-1 2.48645E-1 2.50642E-1 2.58577E-1 3.04904E-1 3.24851E-1 2.70928E-1 2.90264E-1 2.88467E-1 2.82113E-1 2.75352E-1 3.06035E-1 3.90327E-1 3.22503E-1 2.89498E-1 3.64742E-1 3.73977E-1 3.17262E-1 3.29041E-1 3.72975E-1 3.03726E-1 3.15733E-1 3.11456E-1 3.16164E-1 2.51326E-1 2.72679E-1 2.79337E-1 2.70173E-1 2.72057E-1 2.70006E-1 2.67144E-1 2.62297E-1 -9999 -9999 -9999 -9999 -9999 -9999 -9999 -9999 -9999 -9999
3.622E-1 3.11148E-1 2.75364E-1 2.507E-1 2.35941E-1 2.27195E-1 2.32701E-1 2.42703E-1 2.60516E-1 2.62039E-1 2.51339E-1 2.61385E-1 4.38635E-1 3.79728E-1 2.58842E-1 2.64112E-1 2.36087E-1 2.21277E-1 2.37512E-1 2.21443E-1 2.38891E-1 2.58553E-1 2.79825E-1 2.98193E-1 2.8813E-1 2.64371E-1 2.71982E-1 2.99233E-1 3.05577E-1 2.85063E-1 2.43355E-1 2.4843E-1 3.13457E-1 2.85278E-1 2.92099E-1 2.8473E-1 3.61912E-1 3.67027E-1 3.70993E-1 3.51734E-1 3.20009E-1 3.22403E-1 3.40456E-1 3.14969E-1 3.33363E-1 3.49921E-1 3.80146E-1 2.9012E-1 2.70705E-1 2.70078E-1 2.71043E-1 -9999 -9999 -9999 -9999 -9999 -9999 -9999 -9999 -9999 -9999
5.01403E-1 4.80375E-1 4.11596E-1 2.61756E-1 2.65319E-1 2.92141E-1 2.72496E-1 2.59645E-1 2.48441E-1 2.73185E-1 2.48134E-1 2.48104E-1 5.04343E-1 4.78887E-1 4.82739E-1 3.03793E-1 2.94602E-1 2.50949E-1 2.56146E-1 4.14589E-1 3.96138E-1 3.72482E-1 4.85503E-1 4.34688E-1 2.94844E-1 2.77988E-1 2.82588E-1 2.37736E-1 2.75459E-1 2.95603E-1 2.44158E-1 2.48985E-1 3.2736E-1 3.61756E-1 2.97814E-1 2.90135E-1 2.84981E-1 3.09817E-1 3.45183E-1 3.57486E-1 3.33384E-1 3.00852E-1 2.91555E-1 3.02513E-1 2.87277E-1 2.6836E-1 2.76017E-1 2.75042E-1 2.74401E-1 2.71051E-1 2.75443E-1 2.69538E-1 -9999 -9999 -9999 -9999 -9999 -9999 -9999 -9999 -9999
4.47215E-1 5.01701E-1 5.24323E-1 3.01771E-1 2.8488E-1 3.32798E-1 2.84584E-1 2.7218E-1 2.84435E-1 2.86862E-1 2.80153E-1 4.86584E-1 5.15964E-1 5.05358E-1 3.28183E-1 3.11269E-1 2.21688E-1 4.49728E-1 2.55424E-1 4.53528E-1 4.68785E-1 4.97297E-1 5.05707E-1 3.10812E-1 3.08127E-1 2.77497E-1 2.74494E-1 2.39297E-1 2.57435E-1 2.87831E-1 2.76634E-1 2.52427E-1 3.45585E-1 3.74123E-1 3.39963E-1 3.44383E-1 3.15549E-1 2.84379E-1 3.27458E-1 3.37307E-1 3.21863E-1 3.03343E-1 2.97206E-1 3.15133E-1 2.94077E-1 2.52853E-1 2.69427E-1 2.79262E-1 2.79652E-1 2.75984E-1 2.82515E-1 2.72765E-1 2.75651E-1 -9999 -9999 -9999 -9999 -9999 -9999 -9999 -9999
5.25992E-1 5.27922E-1 5.37975E-1 4.61033E-1 5.34195E-1 5.46479E-1 3.8949E-1 5.02284E-1 3.27157E-1 2.63178E-1 2.75616E-1 4.98222E-1 4.12676E-1 4.39966E-1 3.13913E-1 2.16387E-1 1.97524E-1 4.57285E-1 2.9751E-1 3.58879E-1 4.85285E-1 4.97166E-1 2.67475E-1 2.64597E-1 2.57073E-1 2.60531E-1 2.70785E-1 2.75502E-1 2.64606E-1 2.67796E-1 3.09137E-1 2.9772E-1 3.11117E-1 3.26844E-1 3.30825E-1 4.0499E-1 3.27799E-1 2.76726E-1 2.97832E-1 3.01537E-1 3.11844E-1 3.18394E-1 3.8462E-1 3.32095E-1 3.03763E-1 2.49779E-1 2.64027E-1 2.71514E-1 2.80444E-1 2.88604E-1 2.88678E-1 2.84958E-1 2.71805E-1 -9999 -9999 -9999 -9999 -9999 -9999 -9999 -9999
5.10276E-1 5.271E-1 5.28154E-1 4.08595E-1 6.14174E-1 5.96439E-1 4.505E-1 5.66069E-1 5.81551E-1 4.7356E-1 5.14391E-1 4.58593E-1 5.34223E-1 4.27107E-1 2.84098E-1 3.16725E-1 2.17132E-1 2.4039E-1 4.85909E-1 4.69455E-1 3.79767E-1 3.78909E-1 2.5338E-1 2.46182E-1 2.79867E-1 2.54147E-1 2.36706E-1 2.46247E-1 2.68019E-1 3.16854E-1 3.2478E-1 2.78781E-1 3.1772E-1 2.95373E-1 3.39041E-1 3.95292E-1 3.12303E-1 2.71281E-1 2.80069E-1 2.93743E-1 3.10876E-1 2.91116E-1 3.22044E-1 3.19264E-1 2.88334E-1 2.97668E-1 2.49843E-1 2.64646E-1 2.7891E-1 2.88961E-1 2.90971E-1 2.8613E-1 2.8219E-1 2.73919E-1 -9999 -9999 -9999 -9999 -9999 -9999 -9999
4.50378E-1 3.53383E-1 5.88299E-1 4.35123E-1 4.0172E-1 3.86007E-1 3.64518E-1 4.68683E-1 5.72953E-1 5.80811E-1 5.46133E-1 5.46862E-1 4.15898E-1 3.40283E-1 5.35144E-1 3.5998E-1 3.73607E-1 4.49652E-1 2.95927E-1 2.75386E-1 2.60673E-1 2.60247E-1 2.63335E-1 2.59832E-1 2.72669E-1 2.48989E-1 2.31384E-1 2.61774E-1 2.72946E-1 4.02674E-1 4.65233E-1 2.51397E-1 2.76916E-1 2.86552E-1 3.15572E-1 3.89214E-1 3.44522E-1 2.72516E-1 2.62179E-1 3.37438E-1 3.26778E-1 3.20829E-1 2.99377E-1 3.05566E-1 2.89042E-1 2.95457E-1 2.86735E-1 2.56181E-1 2.75138E-1 2.80411E-1 3.25766E-1 2.85968E-1 2.84322E-1 2.85426E-1 -9999 -9999 -9999 -9999 -9999 -9999 -9999
3.80016E-1 4.93485E-1 3.74277E-1 3.29232E-1 3.17172E-1 3.35776E-1 3.44163E-1 4.20642E-1 3.44075E-1 4.36993E-1 4.49055E-1 4.65152E-1 5.47014E-1 5.27217E-1 5.17769E-1 3.62153E-1 3.33296E-1 2.88099E-1 2.70831E-1 2.65188E-1 2.52291E-1 3.08028E-1 2.77782E-1 2.55044E-1 2.58488E-1 2.63417E-1 2.62071E-1 2.72133E-1 2.8238E-1 4.76423E-1 4.9595E-1 3.12959E-1 2.87406E-1 2.65739E-1 2.73308E-1 4.19079E-1 3.52534E-1 3.53329E-1 2.65093E-1 3.18446E-1 2.84596E-1 3.11963E-1 2.91541E-1 3.04409E-1 3.10946E-1 3.56838E-1 3.24695E-1 2.64565E-1 2.57549E-1 2.75999E-1 4.47883E-1 2.88678E-1 2.8862E-1 2.8537E-1 2.80128E-1 -9999 -9999 -9999 -9999 -9999 -9999
3.80118E-1 5.27723E-1 3.47198E-1 3.36244E-1 3.55925E-1 3.60892E-1 3.39797E-1 3.18117E-1 3.14493E-1 3.22771E-1 2.79607E-1 4.70121E-1 4.18317E-1 5.365E-1 3.2525E-1 3.07032E-1 3.38645E-1 2.90036E-1 3.06863E-1 2.80154E-1 2.98103E-1 2.94492E-1 2.92547E-1 3.5974E-1 3.02358E-1 2.94321E-1 2.79939E-1 3.08119E-1 3.41555E-1 3.14387E-1 3.84572E-1 4.82479E-1 2.92168E-1 2.8093E-1 3.09667E-1 3.39356E-1 2.76524E-1 3.17028E-1 2.9364E-1 3.41637E-1 2.85395E-1 3.05326E-1 3.28229E-1 2.87766E-1 2.86749E-1 3.61166E-1 3.31513E-1 2.98314E-1 2.46384E-1 2.61581E-1 4.55075E-1 2.82384E-1 2.85274E-1 2.87062E-1 2.99304E-1 -9999 -9999 -9999 -9999 -9999 -9999
3.63291E-1 4.19925E-1 3.615E-1 3.49345E-1 3.42558E-1 3.73256E-1 3.43879E-1 3.24143E-1 3.1922E-1 3.48579E-1 3.02403E-1 2.8514E-1 2.64915E-1 4.56509E-1 3.6786E-1 3.01075E-1 3.15724E-1 3.01399E-1 3.71647E-1 3.25971E-1 3.08089E-1 3.00856E-1 2.99695E-1 3.2622E-1 2.95304E-1 3.14458E-1 3.89547E-1 4.82307E-1 3.93245E-1 2.74146E-1 4.17739E-1 4.01373E-1 2.87694E-1 3.12043E-1 3.24063E-1 3.15192E-1 2.56805E-1 2.80777E-1 3.10697E-1 3.3463E-1 3.07582E-1 2.84528E-1 2.99616E-1 3.02084E-1 3.05687E-1 3.40552E-1 3.51681E-1 3.34752E-1 3.28566E-1 2.59655E-1 3.13078E-1 2.77981E-1 2.86239E-1 2.86058E-1 3.18056E-1 2.9349E-1 -9999 -9999 -9999 -9999 -9999
3.80753E-1 4.23046E-1 3.61188E-1 3.65107E-1 3.63306E-1 3.73381E-1 3.4085E-1 3.26559E-1 3.29482E-1 3.15568E-1 2.84891E-1 3.16304E-1 2.65242E-1 3.81441E-1 5.04388E-1 3.88906E-1 4.48221E-1 5.21156E-1 5.04098E-1 4.77484E-1 3.88464E-1 3.88295E-1 5.32437E-1 3.10843E-1 3.18916E-1 5.11206E-1 3.37069E-1 3.00712E-1 2.81198E-1 2.5935E-1 3.38727E-1 3.48169E-1 3.01886E-1 3.30946E-1 3.62117E-1 3.30598E-1 2.73159E-1 3.03271E-1 3.25636E-1 3.18891E-1 3.0874E-1 3.07696E-1 2.83064E-1 3.01389E-1 3.08923E-1 3.22193E-1 3.30162E-1 3.84709E-1 3.16665E-1 3.01718E-1 2.52663E-1 2.58822E-1 2.85473E-1 2.90275E-1 2.8479E-1 2.95792E-1 2.76487E-1 -9999 -9999 -9999 -9999
4.68139E-1 3.81166E-1 3.66137E-1 3.62525E-1 3.64433E-1 3.66997E-1 3.55035E-1 3.47643E-1 3.28699E-1 3.06076E-1 2.92043E-1 2.9193E-1 2.98973E-1 2.39675E-1 2.47025E-1 5.23188E-1 5.08413E-1 4.44208E-1 4.15021E-1 3.28688E-1 3.96225E-1 4.02407E-1 4.44459E-1 4.71272E-1 5.29972E-1 2.52069E-1 2.88811E-1 2.83702E-1 2.91852E-1 2.80196E-1 2.59681E-1 5.24004E-1 4.78167E-1 3.9992E-1 3.50517E-1 3.65767E-1 2.93334E-1 3.11486E-1 3.74933E-1 3.22476E-1 3.35614E-1 3.23982E-1 3.00122E-1 3.26268E-1 3.11011E-1 2.98919E-1 3.09549E-1 3.41149E-1 3.48637E-1 3.26242E-1 2.37362E-1 2.5244E-1 3.81541E-1 3.59458E-1 2.88521E-1 2.81565E-1 2.74572E-1 -9999 -9999 -9999 -9999
