Final_Models_July82022/M_0.1_F_lqp_Set_1/Bison_7.asc
ncols         290
nrows         380
xllcorner     -2197417.7431653
yllcorner     -584827.01486885
cellsize      10000.0
NODATA_value  -9999
[rows 297 to 323 of 380, columns 183 to 243 of 290]
5.50303E-1 6.11777E-1 4.61636E-1 4.57102E-1 4.76448E-1 4.67106E-1 4.65201E-1 4.64107E-1 4.63345E-1 4.87635E-1 4.73835E-1 5.00054E-1 4.94375E-1 4.79502E-1 4.44297E-1 4.22597E-1 4.41118E-1 4.37772E-1 4.14395E-1 4.3223E-1 4.42818E-1 4.12034E-1 4.18429E-1 4.34529E-1 4.20425E-1 4.39061E-1 4.31948E-1 4.31936E-1 4.36133E-1 4.86059E-1 4.50301E-1 4.47091E-1 4.37033E-1 4.60269E-1 4.20212E-1 5.68415E-1 5.40557E-1 4.75829E-1 4.81177E-1 5.28007E-1 4.49091E-1 5.07923E-1 5.03549E-1 4.0637E-1 3.56488E-1 3.9553E-1 3.80686E-1 3.61718E-1 3.54139E-1 4.03751E-1 3.44367E-1 3.80486E-1 3.48652E-1 3.10712E-1 2.95953E-1 2.99403E-1 2.95138E-1 2.80835E-1 2.7468E-1 2.54575E-1 2.64335E-1
5.79344E-1 5.73075E-1 4.85832E-1 4.62475E-1 4.78786E-1 4.8529E-1 4.74032E-1 4.77388E-1 4.68895E-1 4.73665E-1 4.50999E-1 4.65488E-1 4.68314E-1 4.58415E-1 4.64074E-1 4.57495E-1 4.36254E-1 4.21067E-1 4.17192E-1 4.38831E-1 4.58031E-1 4.4661E-1 4.28934E-1 4.29481E-1 4.23685E-1 4.41162E-1 4.39109E-1 4.82442E-1 4.6206E-1 5.47872E-1 4.41947E-1 4.61242E-1 4.47838E-1 4.22722E-1 4.31385E-1 5.92405E-1 4.48354E-1 4.5514E-1 6.30988E-1 6.03106E-1 5.51275E-1 5.04085E-1 4.85909E-1 5.12857E-1 3.71754E-1 3.62231E-1 3.89945E-1 4.55859E-1 3.4977E-1 3.55438E-1 3.42722E-1 4.12593E-1 3.45811E-1 3.04633E-1 3.01002E-1 3.01541E-1 2.96885E-1 2.82814E-1 2.76935E-1 2.6661E-1 2.61567E-1
5.07621E-1 5.12997E-1 4.68234E-1 4.69754E-1 4.77547E-1 4.87887E-1 4.65443E-1 4.64195E-1 4.76772E-1 4.22298E-1 4.51265E-1 4.6856E-1 4.61036E-1 4.54794E-1 4.55415E-1 4.48607E-1 4.4009E-1 4.14829E-1 4.15187E-1 4.30303E-1 4.53025E-1 4.80189E-1 4.54507E-1 4.45685E-1 4.31064E-1 4.27095E-1 4.35209E-1 4.52411E-1 4.41875E-1 5.06771E-1 4.625E-1 4.56619E-1 4.50748E-1 4.48015E-1 4.11705E-1 4.32365E-1 4.08823E-1 4.03213E-1 6.49802E-1 5.38667E-1 5.71519E-1 5.01222E-1 5.08933E-1 4.6195E-1 3.7303E-1 3.98194E-1 4.52683E-1 3.65262E-1 3.57615E-1 4.20479E-1 3.67168E-1 3.57648E-1 4.28795E-1 3.20448E-1 3.10388E-1 3.04069E-1 2.91963E-1 2.80801E-1 2.75974E-1 2.66872E-1 3.30031E-1
4.405E-1 6.57969E-1 4.93229E-1 4.37111E-1 4.5841E-1 4.65295E-1 4.77172E-1 4.68042E-1 4.67585E-1 4.21419E-1 4.44047E-1 4.75521E-1 4.33764E-1 4.4227E-1 4.82162E-1 5.17822E-1 4.35697E-1 4.30608E-1 4.23855E-1 4.39209E-1 4.55103E-1 4.51895E-1 4.39645E-1 4.36344E-1 4.37278E-1 4.18206E-1 4.42179E-1 4.48089E-1 4.56189E-1 5.02192E-1 4.52857E-1 4.49965E-1 4.24012E-1 4.23256E-1 4.39209E-1 4.75639E-1 4.29466E-1 3.98776E-1 5.81934E-1 4.77465E-1 4.69904E-1 5.52305E-1 4.63026E-1 4.82702E-1 3.84888E-1 3.72933E-1 4.80077E-1 3.80176E-1 3.67477E-1 3.9219E-1 4.4073E-1 4.10625E-1 3.53142E-1 3.29903E-1 3.14462E-1 3.05967E-1 2.99403E-1 2.96059E-1 2.78279E-1 2.69641E-1 5.77744E-1
4.17059E-1 5.66315E-1 6.09498E-1 4.4194E-1 4.54303E-1 4.53464E-1 4.63629E-1 4.68038E-1 4.86384E-1 4.65465E-1 4.59907E-1 4.75962E-1 4.59928E-1 4.98199E-1 4.48813E-1 4.45247E-1 4.51167E-1 4.45126E-1 4.35368E-1 4.56171E-1 4.63928E-1 4.65258E-1 4.37148E-1 4.35241E-1 4.43898E-1 4.21519E-1 4.39646E-1 4.55524E-1 4.30391E-1 4.73764E-1 7.19536E-1 4.34285E-1 4.27723E-1 4.49412E-1 4.23415E-1 4.30427E-1 4.31943E-1 4.86184E-1 5.86616E-1 4.44999E-1 4.56762E-1 5.32212E-1 5.04148E-1 5.03887E-1 3.91271E-1 3.74155E-1 3.70868E-1 3.46503E-1 3.55855E-1 3.77424E-1 3.57765E-1 3.55747E-1 3.62381E-1 3.45457E-1 3.23209E-1 3.80161E-1 3.02569E-1 2.99674E-1 2.8944E-1 2.79322E-1 3.08095E-1
4.21722E-1 4.12251E-1 4.27699E-1 4.61039E-1 4.47201E-1 4.59069E-1 4.62988E-1 4.70323E-1 4.4641E-1 4.54358E-1 4.67934E-1 4.76186E-1 4.59224E-1 4.6171E-1 4.558E-1 4.44317E-1 4.5454E-1 4.3869E-1 4.3019E-1 4.36638E-1 4.63169E-1 4.55739E-1 4.43207E-1 4.51689E-1 4.39569E-1 4.30634E-1 4.53342E-1 3.7678E-1 4.65644E-1 4.68057E-1 6.31625E-1 4.44821E-1 4.26869E-1 4.25231E-1 4.72465E-1 6.15272E-1 6.67424E-1 4.65392E-1 4.08224E-1 4.63409E-1 5.47254E-1 4.51748E-1 4.98307E-1 4.38253E-1 3.87153E-1 3.66039E-1 3.72594E-1 3.49857E-1 3.52116E-1 3.74358E-1 3.57814E-1 3.53475E-1 3.66697E-1 3.48606E-1 3.31127E-1 3.49206E-1 3.08249E-1 2.93304E-1 2.87046E-1 2.79173E-1 2.68018E-1
4.22905E-1 4.13744E-1 4.3608E-1 4.30964E-1 4.48595E-1 4.65623E-1 4.62802E-1 4.60344E-1 4.60327E-1 5.6779E-1 4.92401E-1 4.74267E-1 4.66481E-1 4.55479E-1 4.65375E-1 4.61369E-1 4.56304E-1 4.52108E-1 4.69636E-1 4.5059E-1 4.5298E-1 4.83175E-1 5.76391E-1 4.47794E-1 4.64147E-1 4.3957E-1 4.30556E-1 4.31058E-1 4.38996E-1 4.26409E-1 4.79297E-1 5.56018E-1 4.64702E-1 4.59234E-1 5.14532E-1 5.10772E-1 4.2471E-1 4.47858E-1 4.37293E-1 5.33448E-1 5.91798E-1 4.90867E-1 4.62096E-1 5.40702E-1 4.47076E-1 3.87116E-1 3.67351E-1 3.47325E-1 3.63972E-1 3.5636E-1 3.59932E-1 3.59182E-1 3.78598E-1 3.49665E-1 3.37614E-1 3.2185E-1 3.25148E-1 3.07323E-1 3.09263E-1 2.92284E-1 2.69457E-1
4.07241E-1 4.20903E-1 4.30911E-1 4.5487E-1 4.67187E-1 4.47114E-1 4.59173E-1 4.64349E-1 4.65814E-1 4.64553E-1 4.77948E-1 4.88191E-1 4.71167E-1 4.25612E-1 4.47033E-1 4.51148E-1 4.54242E-1 4.58243E-1 4.63266E-1 4.68732E-1 4.5485E-1 4.54335E-1 4.44508E-1 4.34382E-1 4.53112E-1 4.56384E-1 4.42957E-1 4.53253E-1 4.57153E-1 4.47623E-1 4.51981E-1 4.43924E-1 4.85593E-1 4.26127E-1 4.477E-1 4.48841E-1 5.21071E-1 4.40309E-1 5.37297E-1 4.17403E-1 4.61399E-1 4.21996E-1 4.62843E-1 5.2481E-1 4.71443E-1 3.83718E-1 3.74173E-1 3.67283E-1 3.55085E-1 3.65371E-1 3.52065E-1 3.52667E-1 3.57392E-1 3.54344E-1 3.49167E-1 3.34308E-1 3.31546E-1 3.66972E-1 3.52346E-1 2.86018E-1 2.72353E-1
4.21566E-1 4.32013E-1 4.42741E-1 4.8129E-1 4.49884E-1 4.54533E-1 4.35359E-1 4.67878E-1 4.75309E-1 4.68903E-1 4.58467E-1 4.64334E-1 4.58665E-1 4.61876E-1 4.51768E-1 4.5015E-1 4.41249E-1 4.59729E-1 4.72219E-1 4.66092E-1 4.66915E-1 4.57811E-1 4.49597E-1 4.44662E-1 4.69398E-1 4.54879E-1 4.42095E-1 4.36051E-1 4.66081E-1 4.63185E-1 4.42634E-1 4.30411E-1 4.79546E-1 4.63264E-1 4.71104E-1 4.54307E-1 4.40186E-1 4.40008E-1 5.54027E-1 4.48147E-1 4.4471E-1 5.25327E-1 4.95196E-1 4.72727E-1 4.69974E-1 4.03407E-1 3.88407E-1 3.75432E-1 3.66322E-1 3.70298E-1 3.78981E-1 3.62785E-1 4.07273E-1 3.65017E-1 3.46913E-1 3.33438E-1 3.97782E-1 3.53414E-1 3.17947E-1 2.84313E-1 2.70626E-1
4.70156E-1 4.27307E-1 4.19936E-1 4.34805E-1 5.32061E-1 4.59462E-1 4.39866E-1 4.51735E-1 4.64985E-1 4.63286E-1 4.53057E-1 4.59736E-1 4.60229E-1 4.61774E-1 4.56008E-1 4.48445E-1 4.44121E-1 4.52375E-1 4.61253E-1 4.45319E-1 4.55813E-1 4.38687E-1 4.39943E-1 4.59106E-1 4.68645E-1 4.64162E-1 4.38109E-1 4.39252E-1 4.31688E-1 4.20516E-1 4.40546E-1 4.2215E-1 4.59126E-1 4.41781E-1 4.65693E-1 4.73979E-1 4.69114E-1 4.52149E-1 4.35987E-1 4.99709E-1 5.12636E-1 5.06896E-1 4.78753E-1 4.61835E-1 5.17232E-1 4.18502E-1 3.85405E-1 3.72658E-1 3.50215E-1 3.6332E-1 3.63067E-1 3.79238E-1 3.8104E-1 3.62353E-1 3.44428E-1 3.40627E-1 3.87304E-1 4.56433E-1 4.20528E-1 2.81883E-1 2.65243E-1
4.03952E-1 4.28799E-1 4.29158E-1 4.392E-1 5.21325E-1 4.95815E-1 4.47025E-1 4.5064E-1 4.64414E-1 4.60898E-1 4.61842E-1 4.61578E-1 4.59279E-1 4.43341E-1 4.47959E-1 4.43407E-1 4.51385E-1 4.60342E-1 4.51883E-1 4.62759E-1 4.59164E-1 4.54553E-1 4.61212E-1 4.44745E-1 4.69052E-1 4.51061E-1 4.54402E-1 4.39895E-1 4.34577E-1 4.27206E-1 4.36237E-1 4.54729E-1 4.60485E-1 4.0287E-1 4.38694E-1 4.36868E-1 4.57072E-1 4.29987E-1 4.58206E-1 4.57803E-1 4.70084E-1 5.0809E-1 5.37267E-1 4.86323E-1 4.83078E-1 4.367E-1 3.8111E-1 3.74909E-1 3.59128E-1 3.77235E-1 3.42467E-1 3.67064E-1 4.27894E-1 3.55841E-1 3.58294E-1 3.38563E-1 3.67566E-1 3.26849E-1 2.98067E-1 2.81871E-1 2.66208E-1
4.19721E-1 4.17071E-1 4.40664E-1 4.40615E-1 4.37931E-1 4.90356E-1 4.49689E-1 4.55859E-1 4.56795E-1 4.66323E-1 4.66331E-1 4.70897E-1 4.54291E-1 4.7344E-1 4.6414E-1 4.55218E-1 4.48562E-1 4.46124E-1 4.5242E-1 4.44567E-1 4.4563E-1 4.61968E-1 4.47017E-1 4.45718E-1 4.33934E-1 4.2814E-1 4.42431E-1 4.22113E-1 4.18337E-1 3.99342E-1 4.28381E-1 4.20848E-1 4.65341E-1 4.10892E-1 4.55146E-1 4.79664E-1 4.5451E-1 4.56928E-1 4.71934E-1 4.70452E-1 5.28551E-1 5.20259E-1 4.66742E-1 5.40088E-1 5.13521E-1 4.40622E-1 3.7074E-1 3.68804E-1 3.49766E-1 3.68492E-1 3.66932E-1 3.54372E-1 4.601E-1 4.07316E-1 3.52711E-1 3.47168E-1 3.87304E-1 3.17419E-1 3.45446E-1 3.10754E-1 2.67577E-1
4.03595E-1 4.31918E-1 4.24409E-1 4.34783E-1 4.53512E-1 4.63415E-1 4.5305E-1 4.56955E-1 4.61518E-1 4.56805E-1 4.55218E-1 4.70511E-1 4.54759E-1 4.56227E-1 4.56824E-1 4.60968E-1 4.53277E-1 4.54162E-1 4.33978E-1 4.28108E-1 4.28217E-1 4.44866E-1 4.49739E-1 4.63394E-1 4.50507E-1 4.42145E-1 4.21775E-1 4.26735E-1 4.36592E-1 4.50681E-1 4.45141E-1 5.13678E-1 4.52411E-1 4.17187E-1 4.57734E-1 4.69407E-1 4.86862E-1 4.6285E-1 4.55693E-1 5.04421E-1 5.4199E-1 6.63539E-1 4.97073E-1 4.96121E-1 5.19705E-1 4.36512E-1 3.68134E-1 3.69805E-1 3.55162E-1 3.4889E-1 3.48902E-1 3.56215E-1 4.36821E-1 3.78663E-1 3.69331E-1 3.77902E-1 3.45259E-1 3.43077E-1 4.19802E-1 4.64416E-1 4.43449E-1
4.16452E-1 4.50532E-1 5.29932E-1 4.35978E-1 4.62759E-1 4.37596E-1 4.44289E-1 4.52384E-1 4.47251E-1 4.51032E-1 4.62228E-1 5.24869E-1 4.50138E-1 4.43698E-1 4.38093E-1 4.476E-1 4.62144E-1 4.45643E-1 4.296E-1 4.26363E-1 4.09052E-1 4.32241E-1 4.24018E-1 4.21395E-1 4.25466E-1 4.31863E-1 4.15055E-1 4.32528E-1 4.20923E-1 4.34211E-1 4.10573E-1 4.43256E-1 6.16724E-1 4.10536E-1 4.19334E-1 4.37138E-1 4.94775E-1 4.57778E-1 4.85377E-1 4.76377E-1 5.45897E-1 5.11729E-1 5.51861E-1 5.03413E-1 4.96524E-1 3.8192E-1 3.70889E-1 3.63241E-1 3.61888E-1 3.51498E-1 3.53826E-1 4.72816E-1 5.4042E-1 4.49014E-1 3.45707E-1 3.47804E-1 3.77123E-1 3.91441E-1 4.07681E-1 3.16884E-1 3.35245E-1
4.26838E-1 6.54203E-1 6.20426E-1 4.78974E-1 4.83992E-1 4.38358E-1 4.31815E-1 4.58303E-1 4.50523E-1 5.38838E-1 4.34136E-1 4.52852E-1 4.51919E-1 4.5091E-1 4.32536E-1 4.22337E-1 4.34173E-1 4.53185E-1 4.21985E-1 4.24706E-1 4.25823E-1 4.31509E-1 4.37474E-1 4.41344E-1 4.49229E-1 4.43079E-1 4.527E-1 4.33154E-1 4.26363E-1 4.24052E-1 4.19076E-1 4.26704E-1 5.9067E-1 6.60551E-1 4.78136E-1 4.27756E-1 4.60262E-1 4.63994E-1 4.36854E-1 4.38217E-1 4.67637E-1 4.48063E-1 4.99345E-1 5.05467E-1 4.36646E-1 3.79458E-1 3.79181E-1 3.67442E-1 3.53963E-1 3.63707E-1 3.81076E-1 5.21158E-1 4.28993E-1 5.45411E-1 3.56053E-1 3.30818E-1 3.85539E-1 3.14093E-1 3.495E-1 3.31978E-1 3.23734E-1
5.3797E-1 4.95566E-1 4.30399E-1 5.50531E-1 5.06495E-1 4.54608E-1 4.20238E-1 4.44464E-1 4.48812E-1 4.26081E-1 4.5606E-1 4.42469E-1 4.48316E-1 4.49311E-1 4.53748E-1 4.3324E-1 4.2529E-1 4.04897E-1 4.24684E-1 4.31437E-1 4.06134E-1 4.26398E-1 4.21394E-1 4.31888E-1 4.34463E-1 4.27563E-1 4.33415E-1 4.18895E-1 4.22393E-1 4.07032E-1 4.02415E-1 4.13863E-1 4.28666E-1 6.24842E-1 4.21716E-1 4.14255E-1 4.24178E-1 4.41778E-1 4.49835E-1 4.22205E-1 4.43091E-1 4.60706E-1 4.96873E-1 4.38751E-1 4.14681E-1 3.79816E-1 3.87127E-1 3.64088E-1 3.79298E-1 3.73912E-1 5.24548E-1 4.87612E-1 5.15143E-1 4.47001E-1 3.61106E-1 3.45625E-1 4.79469E-1 3.86696E-1 3.24857E-1 3.05773E-1 3.16677E-1
6.04438E-1 6.96752E-1 4.62292E-1 5.71617E-1 4.84232E-1 4.488E-1 4.3512E-1 4.43857E-1 4.42052E-1 4.41459E-1 4.44353E-1 4.3934E-1 4.41875E-1 4.33028E-1 4.11305E-1 4.08076E-1 4.2848E-1 4.16604E-1 4.42257E-1 5.1055E-1 3.81411E-1 3.7748E-1 4.12435E-1 4.19381E-1 4.26937E-1 4.1444E-1 4.34891E-1 3.84914E-1 4.25447E-1 4.14158E-1 4.18849E-1 4.01777E-1 4.11301E-1 4.92651E-1 6.11696E-1 4.23558E-1 4.09388E-1 4.27717E-1 4.33794E-1 4.4519E-1 4.4452E-1 4.45547E-1 4.43974E-1 4.46556E-1 3.98309E-1 3.81017E-1 3.77181E-1 3.78882E-1 3.82674E-1 4.16462E-1 5.18646E-1 5.51014E-1 4.02016E-1 3.66647E-1 3.42104E-1 4.88383E-1 6.14449E-1 5.05947E-1 3.89727E-1 3.17527E-1 2.99211E-1
6.48298E-1 6.56287E-1 5.26077E-1 5.65504E-1 5.22296E-1 4.44982E-1 4.45976E-1 4.44375E-1 4.49017E-1 4.50704E-1 4.41224E-1 4.24713E-1 4.10453E-1 4.16119E-1 4.12365E-1 4.10986E-1 4.00024E-1 3.87648E-1 3.92608E-1 4.08246E-1 3.81958E-1 3.99046E-1 4.09294E-1 3.97966E-1 4.21017E-1 3.90349E-1 3.94677E-1 4.04834E-1 3.91332E-1 3.47162E-1 3.80113E-1 3.94626E-1 4.9138E-1 6.23236E-1 5.30126E-1 4.29459E-1 4.31923E-1 4.45114E-1 4.45413E-1 4.22469E-1 4.13872E-1 4.21621E-1 4.27559E-1 4.34719E-1 3.96148E-1 3.90068E-1 3.83512E-1 3.68096E-1 3.61427E-1 4.24659E-1 4.19019E-1 4.20818E-1 4.49503E-1 3.50051E-1 3.521E-1 4.96492E-1 6.24825E-1 5.95939E-1 4.93787E-1 3.02524E-1 3.26855E-1
4.92186E-1 5.01984E-1 4.8578E-1 5.42463E-1 4.46769E-1 4.29988E-1 4.13308E-1 4.26161E-1 4.36532E-1 4.40668E-1 4.42152E-1 4.65136E-1 4.34154E-1 4.23374E-1 4.30979E-1 4.24333E-1 4.02888E-1 4.07697E-1 3.96161E-1 4.12663E-1 4.047E-1 3.95305E-1 3.92114E-1 3.97135E-1 3.87038E-1 4.02923E-1 3.82069E-1 3.92837E-1 3.91982E-1 4.04295E-1 3.79989E-1 3.87162E-1 6.01747E-1 6.38284E-1 3.96453E-1 4.03227E-1 4.15881E-1 4.29698E-1 4.18219E-1 4.19282E-1 4.08983E-1 4.15044E-1 4.1646E-1 4.29821E-1 3.9207E-1 3.94615E-1 3.79578E-1 3.91679E-1 3.78704E-1 3.6873E-1 4.82895E-1 3.64717E-1 3.80287E-1 3.61206E-1 3.62779E-1 5.67302E-1 5.60014E-1 4.37654E-1 4.36442E-1 3.36809E-1 3.04018E-1
4.60335E-1 4.62367E-1 4.53665E-1 4.90217E-1 4.90314E-1 4.60884E-1 4.77624E-1 4.78551E-1 4.26429E-1 4.39472E-1 4.38382E-1 4.3421E-1 4.26243E-1 4.1268E-1 4.00068E-1 4.08544E-1 4.11088E-1 3.93709E-1 4.07445E-1 4.16231E-1 4.10117E-1 4.02182E-1 3.97376E-1 4.07259E-1 3.93209E-1 3.8528E-1 3.88016E-1 3.82331E-1 3.75531E-1 3.88816E-1 3.98563E-1 4.08336E-1 4.11673E-1 5.71064E-1 5.65329E-1 4.27032E-1 4.25927E-1 4.44323E-1 4.48219E-1 4.22154E-1 4.16547E-1 4.01698E-1 4.25121E-1 4.02064E-1 4.04292E-1 3.91941E-1 3.93355E-1 3.75387E-1 5.27291E-1 3.72271E-1 4.91667E-1 3.70173E-1 3.72371E-1 3.6621E-1 4.64774E-1 5.5062E-1 6.15572E-1 6.38725E-1 4.83263E-1 3.78571E-1 3.03708E-1
5.43924E-1 4.8717E-1 4.84767E-1 6.65718E-1 5.62362E-1 4.38478E-1 4.74673E-1 4.41365E-1 4.26225E-1 4.29522E-1 4.27306E-1 4.29284E-1 4.75316E-1 4.1355E-1 4.16911E-1 4.10871E-1 4.06814E-1 4.13823E-1 4.24498E-1 4.06709E-1 4.0181E-1 4.00721E-1 3.96815E-1 3.99312E-1 4.02986E-1 3.96135E-1 3.8565E-1 3.83972E-1 3.8808E-1 3.91246E-1 3.96203E-1 4.00689E-1 3.94877E-1 6.1655E-1 6.32013E-1 4.06489E-1 4.21437E-1 4.18558E-1 4.07442E-1 4.13112E-1 4.26135E-1 4.14083E-1 4.11022E-1 4.13655E-1 3.95679E-1 3.91222E-1 3.81153E-1 3.80376E-1 3.64312E-1 4.5137E-1 3.74874E-1 3.58604E-1 3.74119E-1 3.83071E-1 4.04878E-1 4.71131E-1 5.21205E-1 6.28411E-1 3.6099E-1 3.73166E-1 3.30913E-1
5.25077E-1 5.01418E-1 4.61631E-1 5.07227E-1 5.14943E-1 4.57683E-1 6.60061E-1 4.81141E-1 4.21052E-1 4.08932E-1 4.18953E-1 3.96589E-1 4.01107E-1 4.06295E-1 4.23099E-1 4.21143E-1 4.22332E-1 4.2158E-1 4.07226E-1 4.13793E-1 3.87851E-1 3.85232E-1 3.88191E-1 3.97957E-1 3.87639E-1 3.8258E-1 3.86537E-1 3.87876E-1 3.71251E-1 3.62877E-1 3.63914E-1 3.82034E-1 3.85662E-1 4.29788E-1 6.37977E-1 3.85685E-1 3.88167E-1 4.9086E-1 4.07315E-1 4.43063E-1 4.21753E-1 4.27778E-1 4.12254E-1 4.05635E-1 3.87417E-1 3.97194E-1 4.26828E-1 3.68406E-1 3.60408E-1 4.17431E-1 3.64954E-1 3.53198E-1 3.45029E-1 3.77492E-1 3.99262E-1 4.72049E-1 5.18949E-1 6.39411E-1 3.84653E-1 3.51601E-1 3.84045E-1
5.81643E-1 4.49603E-1 4.60445E-1 4.59723E-1 4.48108E-1 4.3132E-1 5.59656E-1 5.73023E-1 5.6176E-1 4.09928E-1 4.04371E-1 4.0183E-1 4.01282E-1 3.9929E-1 3.96453E-1 3.9715E-1 3.88523E-1 3.88736E-1 3.9159E-1 3.90394E-1 3.58675E-1 3.73657E-1 3.7244E-1 3.71565E-1 3.62086E-1 3.36044E-1 3.57848E-1 3.07187E-1 3.38586E-1 3.58679E-1 3.44739E-1 3.77555E-1 3.67968E-1 3.72215E-1 6.17777E-1 3.89262E-1 3.95848E-1 3.81852E-1 3.87246E-1 4.16639E-1 4.24754E-1 4.1963E-1 4.16233E-1 4.04687E-1 3.82769E-1 3.80214E-1 4.03046E-1 3.61889E-1 3.64502E-1 3.65535E-1 3.60599E-1 3.62179E-1 3.5539E-1 4.37979E-1 5.15527E-1 5.34238E-1 3.93037E-1 3.69484E-1 3.61738E-1 3.54833E-1 3.93981E-1
6.68204E-1 6.35367E-1 4.38254E-1 4.73247E-1 4.48025E-1 4.98478E-1 4.74654E-1 5.77346E-1 4.39525E-1 4.19262E-1 3.85672E-1 3.76852E-1 3.88797E-1 3.9266E-1 3.89455E-1 3.84455E-1 3.9315E-1 3.73107E-1 3.75551E-1 3.73273E-1 3.53391E-1 3.53172E-1 3.71055E-1 3.81583E-1 3.74156E-1 3.65414E-1 3.75069E-1 3.75258E-1 3.62262E-1 3.78185E-1 3.84431E-1 3.65891E-1 3.64572E-1 3.70651E-1 6.04019E-1 3.72023E-1 3.76834E-1 3.95251E-1 3.85756E-1 4.05608E-1 4.14256E-1 4.14581E-1 4.06368E-1 3.94816E-1 3.85281E-1 3.79072E-1 3.69316E-1 3.63234E-1 3.61105E-1 3.63917E-1 3.53951E-1 3.59947E-1 3.55835E-1 4.23667E-1 4.27632E-1 4.41723E-1 4.88209E-1 5.24067E-1 4.17347E-1 3.46859E-1 3.6224E-1
6.58442E-1 6.43342E-1 5.81832E-1 5.08608E-1 4.52613E-1 4.59579E-1 4.33889E-1 4.47178E-1 5.07432E-1 4.31278E-1 3.84543E-1 3.81416E-1 3.99916E-1 3.93208E-1 3.95697E-1 4.00405E-1 3.94259E-1 3.84865E-1 3.71974E-1 3.61475E-1 3.60082E-1 3.61626E-1 3.63272E-1 3.68171E-1 3.72855E-1 3.78829E-1 3.71636E-1 3.70187E-1 3.85086E-1 3.84996E-1 3.51679E-1 3.68677E-1 3.53765E-1 6.16937E-1 5.85302E-1 3.87217E-1 3.92299E-1 3.91011E-1 3.84199E-1 3.93043E-1 3.97474E-1 3.95529E-1 4.04477E-1 3.94842E-1 3.8191E-1 3.82333E-1 3.80046E-1 3.63682E-1 3.59643E-1 3.58189E-1 3.54949E-1 3.56589E-1 3.62034E-1 3.73101E-1 4.69549E-1 4.21816E-1 4.26125E-1 5.77558E-1 4.46102E-1 3.56289E-1 3.5452E-1
6.65317E-1 6.52688E-1 6.40534E-1 6.61052E-1 4.49877E-1 3.86515E-1 4.67704E-1 3.65735E-1 3.70052E-1 4.36357E-1 3.91975E-1 3.58163E-1 3.73339E-1 3.6718E-1 3.81974E-1 3.80711E-1 3.83471E-1 3.79232E-1 3.75219E-1 3.70294E-1 3.59539E-1 3.65257E-1 3.69344E-1 3.71554E-1 3.75603E-1 3.84749E-1 3.79907E-1 3.52601E-1 3.36402E-1 3.47347E-1 3.20803E-1 3.37426E-1 3.35471E-1 5.89716E-1 3.68927E-1 3.71032E-1 3.76911E-1 3.83132E-1 4.02227E-1 3.85088E-1 4.07063E-1 3.96582E-1 4.02681E-1 3.92403E-1 3.76129E-1 3.77541E-1 3.78608E-1 3.63208E-1 3.73367E-1 3.55086E-1 3.49122E-1 3.51035E-1 3.55189E-1 3.58183E-1 4.78493E-1 4.37014E-1 4.0999E-1 4.44064E-1 5.87805E-1 5.33747E-1 3.55981E-1
6.63558E-1 6.35954E-1 5.71207E-1 6.19487E-1 5.31284E-1 4.15266E-1 3.20851E-1 4.50091E-1 3.44159E-1 3.73728E-1 3.5489E-1 3.62963E-1 3.81711E-1 3.79418E-1 3.55386E-1 3.69209E-1 3.64379E-1 3.8315E-1 3.76773E-1 3.71593E-1 3.54026E-1 3.56621E-1 3.59389E-1 3.70469E-1 3.579E-1 3.59212E-1 3.48575E-1 3.52879E-1 3.30528E-1 3.96325E-1 5.11334E-1 6.71496E-1 5.73942E-1 5.70461E-1 3.62305E-1 3.5826E-1 3.5705E-1 3.91149E-1 4.3899E-1 3.87176E-1 3.88157E-1 3.9506E-1 4.01412E-1 3.90813E-1 3.79025E-1 3.72866E-1 3.76962E-1 4.10107E-1 4.00183E-1 3.50299E-1 3.42258E-1 3.46471E-1 3.52197E-1 3.46944E-1 4.56873E-1 4.66798E-1 3.92758E-1 3.76357E-1 4.26464E-1 4.51763E-1 3.51767E-1
