Final_Models_July82022/M_0.1_F_lqp_Set_1/Bison_6.asc
ncols         290
nrows         380
xllcorner     -2197417.7431653
yllcorner     -584827.01486885
cellsize      10000.0
NODATA_value  -9999
[rows 54 to 80 of 380, columns 61 to 121 of 290]
3.19122E-2 3.58095E-2 4.85844E-2 3.91606E-2 3.97069E-2 5.25717E-2 6.45777E-2 2.85574E-2 4.10778E-2 3.79772E-2 3.21031E-2 2.30433E-2 2.8914E-2 2.53415E-2 2.28383E-2 3.41749E-2 2.89219E-2 2.97244E-2 2.87636E-2 3.0082E-2 3.08695E-2 2.97159E-2 2.66385E-2 2.54141E-2 2.58879E-2 3.06365E-2 2.90338E-2 1.98528E-2 2.23083E-2 3.1102E-2 5.54862E-2 4.71591E-2 4.29965E-2 3.9465E-2 3.02001E-2 5.2916E-2 3.4971E-2 4.36638E-2 5.19077E-2 6.17708E-2 5.14695E-2 5.64839E-2 4.78287E-2 5.27899E-2 4.9534E-2 2.76818E-2 3.33616E-2 4.94507E-2 4.60604E-2 4.86539E-2 5.9569E-2 4.47284E-2 1.28913E-2 1.47791E-2 4.52191E-2 6.94818E-2 8.37339E-2 7.84551E-2 6.28729E-2 6.87886E-2 1.55401E-2
3.30575E-2 2.95459E-2 4.59685E-2 3.61942E-2 3.01793E-2 3.68592E-2 4.06349E-2 4.71435E-2 4.65728E-2 3.87766E-2 4.29564E-2 3.29596E-2 3.31928E-2 2.11617E-2 2.54693E-2 2.50558E-2 3.35916E-2 2.72935E-2 3.02432E-2 3.1716E-2 3.03301E-2 2.92608E-2 2.70659E-2 3.52143E-2 3.10948E-2 2.69116E-2 2.70896E-2 3.28708E-2 2.45028E-2 1.97437E-2 3.66615E-2 4.15276E-2 2.98567E-2 4.02442E-2 4.80013E-2 3.85821E-2 4.9989E-2 5.56179E-2 5.2273E-2 5.44915E-2 3.74315E-2 5.84056E-2 4.64855E-2 4.71323E-2 4.98714E-2 3.44497E-2 2.59148E-2 2.3046E-2 4.08626E-2 5.52834E-2 6.19767E-2 7.71795E-2 2.76796E-2 3.60184E-2 5.61816E-2 8.60895E-2 7.40083E-2 8.05719E-2 8.41933E-2 5.33464E-2 2.96552E-2
3.58237E-2 3.03982E-2 4.40491E-2 3.2217E-2 2.47387E-2 2.46956E-2 2.87837E-2 4.84045E-2 4.01474E-2 3.78002E-2 4.07204E-2 4.16731E-2 1.85829E-2 1.8523E-2 1.88763E-2 2.3605E-2 5.555E-2 2.76806E-2 2.48657E-2 2.89086E-2 2.90782E-2 2.8125E-2 5.03757E-2 4.63371E-2 4.0933E-2 2.20227E-2 3.48709E-2 4.36185E-2 4.87257E-2 3.8668E-2 2.7868E-2 5.129E-2 4.19851E-2 4.52447E-2 4.51094E-2 3.96004E-2 4.457E-2 5.38545E-2 6.21321E-2 6.62652E-2 5.90305E-2 5.89056E-2 5.46013E-2 4.6225E-2 4.94725E-2 4.27214E-2 1.60293E-2 1.8489E-2 5.95568E-2 5.5321E-2 3.53717E-2 7.39398E-2 6.18273E-2 5.89106E-2 4.55273E-2 8.12693E-2 7.73472E-2 7.90466E-2 7.62259E-2 7.06605E-2 1.72427E-2
3.36589E-2 3.06176E-2 3.05563E-2 3.18214E-2 1.73083E-2 2.20751E-2 3.47476E-2 3.28873E-2 3.41453E-2 3.54735E-2 3.05743E-2 2.76858E-2 3.55138E-2 2.19796E-2 1.82678E-2 3.86217E-2 4.34312E-2 3.9407E-2 2.94026E-2 2.95097E-2 2.81211E-2 2.53416E-2 3.05295E-2 4.00089E-2 4.60298E-2 2.44399E-2 2.61211E-2 2.62568E-2 4.02197E-2 4.74569E-2 4.62406E-2 3.93161E-2 4.27929E-2 3.83436E-2 4.6766E-2 4.70938E-2 5.3976E-2 5.53111E-2 6.07299E-2 5.77822E-2 5.04255E-2 4.68351E-2 6.35513E-2 4.49613E-2 3.59636E-2 3.30547E-2 3.68751E-2 5.23231E-2 6.28999E-2 4.34162E-2 2.83201E-2 6.82776E-2 4.75316E-2 5.71614E-2 5.27291E-2 8.20597E-2 6.35947E-2 4.87614E-2 5.12021E-2 7.23898E-2 4.02658E-2
2.85802E-2 2.50115E-2 3.91511E-2 2.23605E-2 2.30554E-2 1.63303E-2 1.41847E-2 2.17534E-2 3.49794E-2 3.4693E-2 1.96644E-2 2.34801E-2 1.92463E-2 1.61458E-2 1.71694E-2 2.76877E-2 5.9127E-2 4.17295E-2 3.0924E-2 3.59882E-2 2.67349E-2 2.44303E-2 2.66138E-2 3.02808E-2 5.53149E-2 5.02553E-2 4.65714E-2 3.25572E-2 3.6758E-2 4.24984E-2 4.30026E-2 4.0906E-2 4.47706E-2 3.81613E-2 4.30619E-2 5.33266E-2 4.65713E-2 5.33852E-2 5.20478E-2 5.8949E-2 5.9254E-2 6.04371E-2 5.82265E-2 5.55109E-2 1.91778E-2 5.15042E-2 9.39898E-2 6.26811E-2 4.00982E-2 4.9129E-2 5.47819E-2 8.33958E-2 6.01814E-2 6.3487E-2 4.20257E-2 6.29918E-2 6.40109E-2 6.07483E-2 6.94977E-2 8.09934E-2 3.25303E-2
1.9134E-2 2.3024E-2 4.01226E-2 2.41653E-2 9.32434E-3 1.12106E-2 1.78152E-2 2.22538E-2 2.34333E-2 2.11244E-2 1.79591E-2 1.90257E-2 1.77873E-2 1.20062E-2 1.69624E-2 3.54039E-2 3.88698E-2 4.36292E-2 4.26813E-2 3.93757E-2 3.10714E-2 2.23269E-2 2.9413E-2 4.49669E-2 4.76217E-2 4.57673E-2 4.49617E-2 4.94184E-2 4.00533E-2 4.39408E-2 4.63374E-2 4.13724E-2 4.31787E-2 4.54592E-2 5.92422E-2 3.87325E-2 4.00017E-2 4.14487E-2 5.6213E-2 6.5078E-2 5.17567E-2 6.05467E-2 6.53057E-2 5.12037E-2 3.59707E-2 9.57897E-2 9.17824E-2 5.83696E-2 2.40351E-2 3.39466E-2 6.7673E-2 6.82412E-2 7.00987E-2 4.88953E-2 4.8981E-2 4.79554E-2 6.07645E-2 6.81916E-2 7.44483E-2 4.78095E-2 2.28528E-2
1.03461E-2 1.06193E-2 3.92619E-2 9.17336E-3 2.38456E-2 6.66519E-3 8.34311E-3 1.82079E-2 5.88343E-3 1.94534E-2 2.15171E-2 1.7754E-2 1.12467E-2 1.06104E-2 2.02698E-2 3.04967E-2 4.57917E-2 4.7112E-2 4.68188E-2 3.82491E-2 2.91882E-2 2.69647E-2 4.85185E-2 5.26111E-2 4.9488E-2 4.54269E-2 4.21898E-2 4.30036E-2 4.78481E-2 4.7072E-2 4.37769E-2 4.74412E-2 3.73385E-2 4.82344E-2 5.24218E-2 5.44851E-2 7.27314E-2 7.95465E-2 7.2294E-2 6.93412E-2 6.33411E-2 7.95663E-2 7.92495E-2 7.4576E-2 7.86302E-2 7.34423E-2 5.86001E-2 4.5946E-2 1.93677E-2 2.7653E-2 3.3477E-2 5.18687E-2 7.47718E-2 4.94505E-2 2.89174E-2 4.02321E-2 6.58135E-2 7.8179E-2 8.15562E-2 6.61391E-2 2.94558E-2
4.07118E-3 1.28956E-2 3.98208E-2 3.69656E-2 6.1781E-3 3.97798E-3 5.21949E-3 1.98313E-2 4.74316E-3 1.83152E-2 1.31249E-2 1.92593E-3 1.56855E-2 1.0753E-2 1.85928E-2 1.83861E-2 3.00022E-2 2.74126E-2 6.73015E-2 5.09055E-2 4.77921E-2 3.03152E-2 2.663E-2 4.26136E-2 4.95341E-2 4.35414E-2 4.15537E-2 3.5659E-2 4.83055E-2 4.96837E-2 4.42786E-2 5.62941E-2 4.07263E-2 4.35214E-2 4.53167E-2 6.66606E-2 7.09514E-2 6.95896E-2 7.99828E-2 8.90192E-2 8.48195E-2 8.0391E-2 8.23498E-2 8.88856E-2 8.91973E-2 9.65319E-2 7.50994E-2 7.42844E-2 1.81746E-2 3.01735E-2 4.79912E-2 5.49542E-2 7.46394E-2 5.0203E-2 7.96631E-2 3.63548E-2 7.30962E-2 6.745E-2 6.94864E-2 4.01702E-2 2.25634E-2
4.2589E-3 7.5326E-3 3.55168E-2 4.85312E-3 2.67607E-2 3.30974E-3 6.82233E-3 6.01926E-3 1.1605E-2 3.95934E-3 6.44329E-3 6.20137E-3 7.49385E-3 1.40783E-2 1.35191E-2 1.33388E-2 1.77138E-2 2.21273E-2 4.42799E-2 2.71758E-2 7.63537E-2 4.24959E-2 4.1781E-2 4.77105E-2 4.43288E-2 4.29181E-2 3.97177E-2 3.95934E-2 4.17452E-2 4.27953E-2 3.79432E-2 3.14265E-2 3.43096E-2 4.29674E-2 5.61975E-2 5.35748E-2 6.15076E-2 7.0216E-2 9.36048E-2 7.37529E-2 9.15172E-2 9.33215E-2 7.65832E-2 7.91702E-2 4.88761E-2 4.89761E-2 8.5143E-2 7.36493E-2 4.41163E-2 2.79596E-2 4.41239E-2 5.17137E-2 6.00061E-2 7.44428E-2 8.98136E-2 8.17824E-2 7.20359E-2 8.55916E-2 7.26076E-2 1.9118E-2 1.55558E-2
2.75545E-2 6.65827E-3 4.42852E-2 4.16916E-3 1.55953E-3 6.11182E-3 2.09616E-3 2.7817E-3 4.01226E-3 5.62286E-3 7.30547E-3 1.10635E-2 5.88489E-3 1.00388E-2 1.21336E-2 1.21918E-2 1.45101E-2 2.07474E-2 4.3339E-2 2.57779E-2 2.19976E-2 2.32957E-2 4.23878E-2 3.75982E-2 3.63162E-2 3.8418E-2 4.15805E-2 2.84561E-2 2.52683E-2 4.168E-2 3.77168E-2 3.19042E-2 4.65984E-2 5.15295E-2 5.73831E-2 6.23586E-2 6.19546E-2 5.98743E-2 7.44554E-2 8.24262E-2 1.09765E-1 9.05523E-2 9.2243E-2 9.71333E-2 5.34604E-2 3.81826E-2 4.99303E-2 7.3065E-2 8.1617E-2 7.37351E-2 6.16343E-2 5.99358E-2 4.96725E-2 8.28045E-2 9.01749E-2 9.90361E-2 1.02028E-1 1.1394E-1 6.60963E-2 4.14194E-2 2.02998E-2
5.22945E-3 1.63422E-3 2.26249E-3 3.5249E-2 3.15862E-3 6.72242E-4 6.17914E-3 1.10656E-2 4.7582E-3 4.5406E-3 7.90273E-3 8.76182E-3 8.08166E-3 3.01904E-3 7.39078E-3 1.10395E-2 2.46795E-2 3.79964E-2 3.60257E-2 2.35827E-2 2.09046E-2 2.67862E-2 3.27341E-2 3.52271E-2 3.81299E-2 3.56626E-2 3.79173E-2 1.90524E-2 2.99892E-2 3.53831E-2 4.13803E-2 2.60927E-2 3.21906E-2 3.657E-2 4.5733E-2 7.41836E-2 4.8696E-2 6.19186E-2 7.91043E-2 1.03628E-1 8.3665E-2 8.52275E-2 8.628E-2 6.6248E-2 5.41292E-2 2.94814E-2 6.68785E-2 7.94921E-2 8.64516E-2 8.93548E-2 6.78476E-2 5.17496E-2 4.28698E-2 4.1448E-2 6.57207E-2 9.83858E-2 1.53664E-1 4.6471E-2 2.13246E-2 1.6533E-2 1.59658E-2
5.40386E-3 6.42628E-3 2.50961E-3 4.55831E-2 3.03101E-3 4.78968E-3 1.1464E-3 5.02157E-3 1.95105E-3 2.53007E-3 1.218E-3 4.02966E-3 2.11152E-3 2.30749E-3 6.37808E-3 7.81003E-3 1.09003E-2 3.28713E-2 2.84299E-2 3.10329E-2 2.37742E-2 2.0018E-2 3.20481E-2 3.10272E-2 4.14225E-2 4.10194E-2 3.74576E-2 2.65131E-2 2.8311E-2 3.81558E-2 3.71648E-2 4.83168E-2 3.55172E-2 1.14927E-1 6.66943E-2 9.79379E-2 8.71944E-2 3.96819E-2 5.18649E-2 6.02852E-2 4.04382E-2 7.87981E-2 6.90719E-2 5.74773E-2 5.36508E-2 6.91575E-2 7.16195E-2 8.96469E-2 9.79905E-2 8.73286E-2 8.42166E-2 1.55273E-1 7.12883E-2 8.31178E-2 5.95379E-2 9.41644E-2 8.22292E-2 2.02438E-2 1.85953E-2 1.58154E-2 1.6306E-2
5.11294E-3 6.29126E-3 1.07291E-2 1.1694E-2 4.84803E-3 3.81744E-3 4.87948E-3 2.75681E-3 7.07643E-3 3.56713E-3 1.99868E-3 2.64451E-3 7.60017E-3 4.59222E-3 4.86259E-3 1.17879E-2 1.88615E-2 7.45922E-3 1.74209E-2 1.77581E-2 2.1867E-2 2.26687E-2 2.64811E-2 4.27108E-2 4.12286E-2 4.25318E-2 3.67182E-2 3.7902E-2 3.43238E-2 4.19172E-2 4.24713E-2 1.32048E-1 4.04413E-2 2.89384E-2 5.7166E-2 7.85736E-2 5.74262E-2 6.7219E-2 8.10668E-2 5.32487E-2 2.69329E-2 4.87089E-2 3.93113E-2 4.74724E-2 7.03603E-2 6.14758E-2 7.70934E-2 9.50887E-2 1.05301E-1 9.20111E-2 1.04391E-1 7.70907E-2 7.39074E-2 7.03973E-2 5.76429E-2 3.36391E-2 9.89966E-2 1.06389E-1 8.08637E-2 6.44744E-2 3.42376E-2
3.41559E-3 4.6152E-3 3.25586E-3 1.91926E-2 7.7567E-3 4.61092E-3 7.94229E-4 1.86567E-2 5.79664E-3 8.00584E-3 8.3299E-3 4.22647E-3 1.3255E-2 4.98524E-3 1.61461E-2 2.72043E-2 5.64525E-3 5.40405E-3 5.40914E-3 1.25081E-2 1.46082E-2 1.65902E-2 3.33647E-2 2.82064E-2 3.90118E-2 4.23919E-2 2.62514E-2 2.74037E-2 3.68175E-2 4.36533E-2 4.00361E-2 3.9534E-2 3.55341E-2 6.17044E-2 6.7542E-2 6.4285E-2 6.49562E-2 6.64793E-2 5.8939E-2 6.56983E-2 5.70303E-2 3.45125E-2 6.02833E-2 5.09177E-2 8.38754E-2 6.26406E-2 4.36313E-2 3.658E-2 4.27394E-2 7.95338E-2 5.49526E-2 7.79689E-2 5.7898E-2 3.45482E-2 4.08882E-2 3.65673E-2 3.56502E-2 4.22682E-2 5.05107E-2 4.74189E-2 6.33934E-2
9.39961E-3 3.99922E-3 1.20851E-2 3.47347E-2 1.59586E-2 1.3521E-2 7.44986E-4 2.25254E-2 7.08212E-3 2.06632E-3 6.69945E-3 7.47271E-3 1.0801E-2 5.28562E-3 2.38952E-2 9.83423E-3 4.82235E-3 5.20216E-3 5.48749E-3 5.72922E-3 3.39566E-3 3.06909E-3 1.76451E-2 3.47487E-2 4.79314E-2 4.95207E-2 2.60921E-2 2.26263E-2 3.74327E-2 3.20404E-2 3.69682E-2 2.3953E-2 3.93663E-2 7.14522E-2 7.44579E-2 7.53816E-2 6.91513E-2 8.60127E-2 7.51022E-2 6.4839E-2 9.27553E-2 7.65638E-2 8.02601E-2 7.67046E-2 8.80398E-2 8.01472E-2 2.62593E-2 2.50378E-2 2.69925E-2 3.03767E-2 2.76195E-2 2.7475E-2 2.64586E-2 2.62857E-2 2.79705E-2 2.86866E-2 3.0726E-2 3.01908E-2 2.74731E-2 2.76146E-2 2.86982E-2
2.3466E-2 4.10245E-3 1.74836E-2 2.20961E-2 1.22858E-2 9.77758E-3 5.22844E-3 1.06946E-2 4.35272E-3 2.70479E-3 6.97666E-3 3.55567E-3 7.85114E-3 3.30863E-2 5.37292E-3 4.41592E-3 3.09307E-3 1.97532E-3 2.5482E-3 5.75779E-3 5.74161E-3 2.95474E-3 6.40489E-3 3.33361E-2 4.38398E-2 4.47296E-2 4.0028E-2 3.53328E-2 8.17834E-2 4.13967E-2 2.52749E-2 3.57031E-2 5.37731E-2 6.10945E-2 7.43057E-2 7.5557E-2 9.57891E-2 7.74442E-2 7.63873E-2 9.15612E-2 8.47283E-2 9.27317E-2 7.85627E-2 4.8142E-2 5.67669E-2 7.0495E-2 2.71862E-2 2.90019E-2 9.44636E-2 1.04171E-1 4.22931E-2 2.77568E-2 2.84017E-2 2.96481E-2 4.09464E-2 3.23871E-2 3.22809E-2 3.1183E-2 2.78801E-2 2.88112E-2 2.87008E-2
5.74004E-2 1.0659E-2 6.05552E-3 3.28458E-2 1.01571E-2 7.8027E-3 6.26645E-3 1.1589E-2 3.64375E-3 8.04483E-3 7.53328E-3 4.45419E-3 9.60697E-3 9.847E-3 5.78043E-3 7.80168E-3 2.73618E-3 3.74815E-3 1.22877E-3 1.62518E-3 5.02879E-3 4.92775E-3 6.81913E-3 3.60268E-3 1.19431E-2 1.64409E-2 2.80237E-2 2.64937E-2 3.54749E-2 4.2433E-2 3.65527E-2 2.91794E-2 5.02192E-2 7.29562E-2 7.91944E-2 7.75555E-2 1.02688E-1 8.4033E-2 9.45902E-2 9.14279E-2 7.50988E-2 6.56176E-2 3.72212E-2 5.11501E-2 5.24334E-2 3.62333E-2 5.06624E-2 5.01869E-2 8.30283E-2 1.00119E-1 1.13365E-1 6.73636E-2 7.15212E-2 7.7666E-2 3.97536E-2 7.70395E-2 9.76094E-2 6.11186E-2 6.22905E-2 2.95856E-2 3.157E-2
7.45541E-2 5.88755E-2 3.16242E-2 1.07629E-2 2.12468E-2 1.1721E-2 9.7035E-3 1.52744E-2 2.03538E-2 2.46209E-3 1.1624E-2 4.84417E-3 1.04832E-2 8.05735E-3 5.38434E-3 2.1912E-3 3.19366E-3 2.95881E-3 4.23458E-3 3.33194E-3 2.10893E-3 2.47052E-3 6.71023E-3 2.84633E-3 4.57759E-3 6.54715E-3 7.13953E-3 3.0874E-2 2.51867E-2 2.75366E-2 5.08893E-2 4.01998E-2 5.73143E-2 7.40835E-2 8.55453E-2 4.43815E-2 1.06984E-1 5.94662E-2 1.15681E-1 6.90527E-2 7.48403E-2 5.46917E-2 3.57389E-2 3.67741E-2 5.85668E-2 7.67188E-2 8.49794E-2 6.45858E-2 8.41318E-2 7.87906E-2 9.94069E-2 1.12219E-1 1.33102E-1 1.66261E-1 7.3313E-2 1.36891E-1 1.62224E-1 1.19227E-1 1.25885E-1 8.94732E-2 4.25322E-2
8.63872E-2 7.73788E-2 2.54425E-2 3.96397E-2 4.62889E-2 3.02196E-2 3.4674E-2 1.89708E-2 2.05072E-2 6.2771E-3 2.19021E-3 4.44967E-3 1.98956E-2 3.81139E-3 1.00691E-2 2.12261E-3 3.35009E-3 5.18363E-3 2.25564E-3 1.07138E-2 3.41028E-3 1.95406E-3 4.08445E-3 7.88744E-3 2.55841E-3 5.07145E-3 6.28694E-3 8.41357E-3 2.4912E-2 3.57482E-2 3.86334E-2 7.14822E-2 6.9202E-2 7.19432E-2 1.63191E-1 8.58966E-2 8.75402E-2 7.30453E-2 9.81639E-2 7.78347E-2 6.71827E-2 3.90024E-2 3.62731E-2 4.00021E-2 4.8662E-2 6.64228E-2 8.17903E-2 6.47907E-2 7.19788E-2 8.77591E-2 4.81833E-2 1.00152E-1 1.1633E-1 1.26798E-1 1.0816E-1 1.32345E-1 6.66325E-2 7.99238E-2 6.81135E-2 1.96076E-1 1.22131E-1
1.78485E-1 4.2191E-2 4.85121E-2 6.2586E-2 1.24274E-2 1.42755E-2 3.77867E-2 2.76049E-2 1.5237E-2 1.1439E-2 5.12045E-3 2.89797E-3 4.75029E-3 1.22385E-2 2.78287E-3 2.08987E-3 5.84326E-3 3.66556E-3 5.07599E-3 3.91059E-3 2.96174E-3 1.23491E-2 1.90413E-3 6.52869E-3 5.81128E-3 5.66952E-3 4.03281E-3 3.72595E-3 1.73452E-2 3.10022E-2 4.41449E-2 7.80186E-2 7.82346E-2 6.66795E-2 6.57151E-2 1.26172E-1 8.84404E-2 7.83195E-2 1.01533E-1 8.94378E-2 6.35989E-2 3.71548E-2 3.77991E-2 5.39685E-2 5.13727E-2 6.70337E-2 8.01874E-2 6.36007E-2 6.76253E-2 8.49122E-2 5.67828E-2 4.57792E-2 9.76775E-2 1.10751E-1 9.90886E-2 1.08343E-1 7.11085E-2 4.4432E-2 5.04202E-2 1.50912E-1 1.92739E-1
5.57801E-2 1.25565E-2 1.7601E-2 1.88274E-2 3.22441E-2 2.2338E-2 4.98755E-3 2.20474E-2 2.69706E-2 1.86282E-2 5.7123E-3 2.04972E-3 3.05651E-3 3.51636E-3 2.20621E-3 3.49409E-3 2.06387E-3 2.58825E-3 3.17981E-3 3.09775E-3 4.17698E-3 9.77744E-3 1.68955E-2 7.08546E-3 7.93809E-3 3.54919E-3 2.4598E-3 3.5569E-3 9.46301E-3 1.51192E-2 5.53137E-2 7.08173E-2 8.19683E-2 7.29781E-2 7.43712E-2 7.88456E-2 8.9908E-2 6.90444E-2 5.1111E-2 8.71412E-2 5.24231E-2 4.0622E-2 2.83247E-2 6.03183E-2 7.49282E-2 6.41753E-2 9.16663E-2 8.11662E-2 8.22912E-2 9.1942E-2 8.64122E-2 7.96734E-2 8.25582E-2 9.79709E-2 1.09038E-1 6.18715E-2 5.76739E-2 2.79555E-2 4.53019E-2 9.09261E-2 1.45492E-1
7.10758E-2 6.56923E-2 3.18904E-2 1.33107E-2 8.80579E-3 1.24506E-2 6.40252E-3 2.05701E-2 7.86026E-3 1.51113E-2 1.30368E-2 3.2922E-3 3.26541E-3 1.23934E-3 2.77175E-3 3.34005E-3 2.21901E-3 3.34123E-3 2.63627E-3 7.08987E-3 5.44186E-3 2.68717E-3 4.27605E-3 2.41998E-3 4.21137E-3 7.63361E-3 2.65654E-3 6.66963E-3 3.0093E-3 4.08739E-3 2.57937E-2 8.43217E-2 8.2752E-2 7.29167E-2 7.95815E-2 7.18629E-2 7.22831E-2 7.17402E-2 7.90704E-2 5.44238E-2 6.21285E-2 4.19971E-2 7.75725E-2 5.95966E-2 7.63059E-2 6.86227E-2 8.2979E-2 8.5976E-2 9.65898E-2 8.09041E-2 1.01225E-1 8.27518E-2 6.25617E-2 9.53763E-2 8.83696E-2 4.11456E-2 1.01589E-1 6.32865E-2 3.10591E-2 4.54368E-2 8.66201E-2
3.68942E-2 1.95289E-2 1.44686E-2 1.47573E-3 1.21119E-2 1.21352E-2 5.62753E-3 4.92216E-3 7.49545E-3 1.2318E-2 4.11232E-3 2.1607E-3 5.18894E-3 2.02944E-3 2.16247E-3 3.86028E-3 2.19548E-3 2.12999E-3 2.73748E-3 9.47604E-3 3.05792E-3 1.15953E-2 2.90062E-3 1.26687E-2 3.14282E-3 6.97404E-3 1.66112E-3 3.99407E-3 4.14901E-3 5.79817E-3 1.07273E-2 5.44595E-2 7.29532E-2 7.16284E-2 7.64739E-2 8.08645E-2 6.245E-2 8.18834E-2 9.2011E-2 8.54224E-2 6.25299E-2 6.32087E-2 5.6265E-2 5.96614E-2 7.34651E-2 8.34881E-2 8.94337E-2 8.81107E-2 8.32373E-2 9.49418E-2 8.65857E-2 8.87412E-2 6.2095E-2 9.15414E-2 5.92819E-2 4.77532E-2 6.94448E-2 5.37892E-2 3.57202E-2 3.74171E-2 3.84337E-2
9.43153E-3 3.01961E-2 2.4572E-2 2.12702E-3 3.87502E-3 4.33051E-3 6.59821E-3 7.17289E-3 7.07401E-3 2.24611E-3 4.47642E-3 1.0125E-2 4.95883E-3 2.14126E-3 1.8428E-3 2.75026E-3 1.06675E-3 3.18912E-3 2.0885E-3 2.56454E-3 8.71375E-3 6.55496E-3 5.11954E-3 3.86144E-3 3.0308E-3 2.1026E-3 7.34768E-3 4.62166E-3 6.07845E-3 4.98162E-3 1.3315E-2 2.20302E-2 7.04953E-2 5.63907E-2 7.02829E-2 6.84499E-2 6.35371E-2 6.0806E-2 4.70384E-2 1.00575E-1 6.97546E-2 4.87243E-2 5.2682E-2 6.74161E-2 5.83502E-2 7.32002E-2 8.15105E-2 7.85786E-2 9.86368E-2 8.98962E-2 8.38476E-2 8.90805E-2 8.15222E-2 1.05015E-1 7.8592E-2 7.73966E-2 4.69458E-2 3.92287E-2 4.08476E-2 4.15698E-2 4.29064E-2
1.22192E-2 1.27022E-2 1.89202E-2 5.69104E-3 9.37355E-3 6.64269E-3 2.7759E-3 1.487E-2 1.14768E-2 5.6337E-3 1.39492E-2 4.91796E-3 5.98224E-3 5.52609E-3 6.31697E-3 1.07561E-2 4.35137E-3 2.63454E-3 5.04548E-3 9.14766E-3 6.94708E-3 6.17232E-3 1.26994E-2 3.55234E-3 6.29577E-3 3.14944E-3 5.06207E-3 6.07441E-3 7.34833E-3 7.41279E-3 1.46954E-2 1.13295E-2 4.40042E-2 6.39007E-2 6.59567E-2 6.29952E-2 7.30434E-2 4.52989E-2 4.54936E-2 7.05001E-2 5.80038E-2 6.45709E-2 3.9411E-2 6.94071E-2 6.4182E-2 6.8979E-2 6.52375E-2 8.83695E-2 8.30998E-2 7.65873E-2 8.70662E-2 8.46961E-2 1.05897E-1 5.40866E-2 3.26169E-2 3.57891E-2 3.93251E-2 4.38968E-2 4.52261E-2 4.55293E-2 4.31079E-2
5.75973E-3 3.99846E-2 1.78427E-2 5.99949E-3 1.99181E-2 2.43787E-3 1.41138E-3 4.94817E-3 9.32973E-3 4.34283E-3 3.04495E-3 5.91533E-3 4.35074E-3 2.55428E-3 2.4218E-3 4.87E-3 6.44649E-3 1.28312E-2 2.58975E-3 8.0461E-3 1.06228E-2 7.28265E-3 1.35849E-2 4.49E-3 4.8985E-3 3.18519E-3 4.64584E-3 7.45104E-3 1.13801E-2 1.06045E-2 1.71452E-2 3.29417E-2 2.37562E-2 6.40907E-2 6.42327E-2 7.62009E-2 5.5413E-2 5.79807E-2 5.12029E-2 4.35457E-2 6.58858E-2 6.07345E-2 4.86604E-2 7.39702E-2 6.43423E-2 6.27897E-2 7.05932E-2 9.51876E-2 8.03375E-2 7.85221E-2 8.35807E-2 9.0712E-2 1.06342E-1 5.56706E-2 3.70624E-2 4.09363E-2 4.38316E-2 4.77323E-2 4.56551E-2 4.60824E-2 4.48451E-2
2.05432E-2 2.94473E-2 2.4316E-2 1.058E-2 1.9938E-2 6.63879E-3 1.57335E-2 2.21514E-3 9.3202E-3 5.79365E-3 2.74634E-3 2.48543E-3 4.40294E-3 2.05153E-3 4.96851E-3 2.77299E-3 4.82263E-3 4.894E-3 4.59915E-3 4.36581E-3 7.98548E-3 6.59687E-3 6.8727E-3 6.25715E-3 1.71145E-3 6.74734E-3 5.61441E-3 5.58314E-3 7.67954E-3 1.14229E-2 1.58297E-2 1.79624E-2 5.28794E-2 5.22831E-2 5.08032E-2 5.60312E-2 5.98885E-2 4.65339E-2 6.09795E-2 5.26426E-2 6.14239E-2 6.76088E-2 5.98491E-2 8.11952E-2 6.25383E-2 6.49501E-2 7.5582E-2 7.98836E-2 8.9587E-2 6.91619E-2 7.69469E-2 8.79343E-2 8.43735E-2 3.9883E-2 4.10506E-2 4.22075E-2 4.73565E-2 4.46354E-2 4.66465E-2 4.37292E-2 6.88223E-2
