Final_Models_July82022/M_0.1_F_lqp_Set_1/Bison_4.asc
ncols         290
nrows         380
xllcorner     -2197417.7431653
yllcorner     -584827.01486885
cellsize      10000.0
NODATA_value  -9999
[rows 162 to 188 of 380, columns 183 to 243 of 290]
7.1384E-2 6.1332E-2 5.25853E-2 5.04108E-2 5.09998E-2 5.15138E-2 2.1895E-2 2.71435E-2 4.33437E-2 4.79341E-2 4.62057E-2 4.31819E-2 3.80196E-2 2.53835E-2 3.6782E-2 3.13104E-2 2.48488E-2 2.80195E-2 2.64129E-2 3.16029E-2 3.0992E-2 3.06945E-2 3.0421E-2 3.03729E-2 3.09884E-2 3.18767E-2 3.41916E-2 3.19812E-2 4.25712E-2 4.18146E-2 3.25005E-2 3.97754E-2 4.4407E-2 3.39544E-2 3.29659E-2 3.13949E-2 2.83673E-2 2.78215E-2 1.77302E-2 2.15792E-2 1.55563E-2 1.13926E-2 2.12629E-2 2.58891E-2 2.40662E-2 2.05555E-2 2.46937E-2 2.44054E-2 1.90118E-2 2.32946E-2 1.89947E-2 1.68046E-2 1.41651E-2 1.48293E-2 1.31731E-2 2.05276E-2 1.80931E-2 1.64668E-2 1.17803E-2 1.19765E-2 1.20204E-2
6.07845E-2 6.01976E-2 5.00881E-2 5.18963E-2 4.90121E-2 5.51125E-2 5.00083E-2 3.49669E-2 5.21158E-2 5.14457E-2 4.71264E-2 4.34165E-2 4.09264E-2 4.02775E-2 3.83419E-2 3.55622E-2 3.32973E-2 2.90149E-2 2.2376E-2 2.72183E-2 2.19573E-2 3.08228E-2 3.03632E-2 2.68804E-2 1.28912E-2 2.94951E-2 2.88777E-2 3.52445E-2 4.07833E-2 3.31013E-2 3.40144E-2 4.02697E-2 3.22414E-2 3.23259E-2 2.99884E-2 3.57367E-2 2.37963E-2 1.80931E-2 3.02651E-2 1.74853E-2 1.17489E-2 1.30144E-2 2.55275E-2 2.77351E-2 1.80271E-2 2.56955E-2 1.84845E-2 1.28825E-2 2.34533E-2 2.23789E-2 2.19699E-2 2.33736E-2 2.1475E-2 2.5181E-2 2.1922E-2 2.15716E-2 1.29299E-2 1.54752E-2 1.03141E-2 1.0046E-2 1.34306E-2
7.15237E-2 6.33044E-2 5.24426E-2 4.98182E-2 5.41005E-2 5.0088E-2 5.20595E-2 5.44421E-2 5.68849E-2 5.1662E-2 4.93631E-2 4.67614E-2 4.01635E-2 4.06764E-2 3.37346E-2 3.45724E-2 2.77061E-2 3.21249E-2 2.94711E-2 2.05114E-2 2.67118E-2 2.98705E-2 3.43463E-2 2.04526E-2 1.56544E-2 3.56339E-2 3.00791E-2 2.92865E-2 3.28584E-2 4.44844E-2 3.42598E-2 4.61461E-2 3.70219E-2 3.46079E-2 2.9995E-2 2.89387E-2 1.5099E-2 1.88743E-2 1.8536E-2 2.36576E-2 2.02864E-2 2.04825E-2 2.05688E-2 1.81936E-2 2.09545E-2 2.46109E-2 2.4916E-2 2.81101E-2 2.46361E-2 2.35633E-2 2.41835E-2 2.3631E-2 2.66462E-2 2.18116E-2 2.68079E-2 2.1609E-2 1.8293E-2 1.95513E-2 2.00609E-2 9.48543E-3 1.19587E-2
6.18396E-2 5.63442E-2 5.79818E-2 5.66505E-2 5.26126E-2 4.66613E-2 5.18349E-2 4.66321E-2 5.30827E-2 5.07926E-2 4.49416E-2 4.78761E-2 4.42627E-2 4.04583E-2 3.78594E-2 5.66049E-2 3.63E-2 4.24693E-2 3.14893E-2 2.58724E-2 2.83538E-2 3.07896E-2 3.33778E-2 3.1391E-2 3.22249E-2 4.05082E-2 3.6931E-2 3.53757E-2 3.48946E-2 4.80879E-2 4.4353E-2 3.26476E-2 3.59686E-2 3.25326E-2 3.3395E-2 3.31738E-2 1.97172E-2 2.28646E-2 3.09751E-2 2.82204E-2 2.92147E-2 2.58629E-2 1.66604E-2 1.40065E-2 2.4835E-2 2.62304E-2 2.49515E-2 2.38049E-2 2.18111E-2 2.04824E-2 2.5152E-2 2.03322E-2 2.19116E-2 2.87957E-2 2.81112E-2 2.41109E-2 2.66856E-2 2.69641E-2 1.38376E-2 1.31305E-2 1.1306E-2
7.99597E-2 6.06232E-2 6.0486E-2 5.70884E-2 5.77792E-2 5.19119E-2 4.91899E-2 4.84716E-2 4.33361E-2 4.70605E-2 4.42512E-2 4.55111E-2 4.14944E-2 4.20792E-2 4.02439E-2 5.27879E-2 3.61206E-2 4.6501E-2 3.20356E-2 3.2759E-2 3.33463E-2 3.49434E-2 3.67587E-2 3.62417E-2 3.44983E-2 3.47818E-2 3.56096E-2 3.41855E-2 3.29239E-2 3.22413E-2 3.06991E-2 2.6877E-2 2.97539E-2 3.49662E-2 3.31763E-2 3.11127E-2 2.78157E-2 3.10304E-2 3.09263E-2 3.25491E-2 2.95523E-2 2.9311E-2 2.7616E-2 2.52195E-2 2.83436E-2 2.72431E-2 2.56475E-2 1.66569E-2 1.96129E-2 1.93467E-2 2.01529E-2 2.70328E-2 2.70002E-2 2.8526E-2 2.99864E-2 2.01325E-2 2.87624E-2 2.08428E-2 1.48128E-2 1.86409E-2 1.67376E-2
4.78289E-2 6.30171E-2 7.34467E-2 7.11235E-2 6.27955E-2 5.37277E-2 4.69569E-2 4.84247E-2 4.56506E-2 4.86904E-2 4.72109E-2 4.63355E-2 4.3766E-2 4.3929E-2 4.02898E-2 3.45562E-2 3.72916E-2 3.54028E-2 3.97816E-2 3.68077E-2 3.45216E-2 4.05905E-2 3.13265E-2 3.14499E-2 2.58188E-2 3.43941E-2 3.32498E-2 2.98168E-2 3.84005E-2 3.57519E-2 3.68889E-2 3.41519E-2 2.65602E-2 2.774E-2 2.57195E-2 3.14512E-2 3.63416E-2 2.97263E-2 2.78341E-2 3.04994E-2 3.08727E-2 2.22036E-2 2.79153E-2 2.52835E-2 2.13891E-2 2.261E-2 1.74311E-2 1.22514E-2 1.26101E-2 1.23702E-2 1.38455E-2 2.5025E-2 2.07764E-2 2.37784E-2 1.91969E-2 2.22496E-2 1.78214E-2 1.89508E-2 2.01553E-2 2.04598E-2 1.65579E-2
4.03028E-2 5.98544E-2 1.00427E-1 7.37262E-2 5.704E-2 5.06934E-2 5.13952E-2 4.85814E-2 5.08074E-2 5.0555E-2 4.4481E-2 4.1565E-2 3.98162E-2 4.24453E-2 3.99375E-2 4.10828E-2 4.52871E-2 3.17965E-2 3.22573E-2 3.86357E-2 4.76141E-2 3.56635E-2 3.51225E-2 3.5054E-2 3.66441E-2 3.41266E-2 4.03702E-2 3.47619E-2 4.30151E-2 3.07346E-2 3.69001E-2 3.79296E-2 3.16638E-2 2.7972E-2 2.98623E-2 3.09484E-2 3.08027E-2 2.51155E-2 2.21062E-2 2.89653E-2 1.96492E-2 2.17843E-2 2.83292E-2 2.9386E-2 2.91561E-2 2.38646E-2 2.31605E-2 2.38042E-2 3.03614E-2 2.36228E-2 2.60934E-2 2.31129E-2 1.23317E-2 1.63462E-2 2.20327E-2 1.79164E-2 2.81148E-2 2.10777E-2 1.58609E-2 2.32855E-2 2.10788E-2
5.48494E-2 5.82754E-2 8.99581E-2 8.08817E-2 7.53264E-2 8.26197E-2 7.3056E-2 5.62596E-2 6.03308E-2 3.87401E-2 3.58449E-2 4.4129E-2 3.91912E-2 4.51351E-2 3.70177E-2 3.16933E-2 3.2204E-2 3.55583E-2 4.05184E-2 3.9056E-2 3.65867E-2 3.57568E-2 3.81215E-2 4.06316E-2 3.54682E-2 3.98819E-2 3.54266E-2 3.81023E-2 3.38474E-2 3.37522E-2 3.5919E-2 3.42805E-2 2.84897E-2 3.09991E-2 3.30847E-2 3.2375E-2 3.45711E-2 2.72956E-2 2.2315E-2 3.35562E-2 3.00045E-2 2.96442E-2 2.95363E-2 2.9015E-2 2.78054E-2 2.79445E-2 1.94017E-2 3.00198E-2 2.81594E-2 3.00067E-2 2.80108E-2 2.5016E-2 2.4256E-2 2.12504E-2 2.36223E-2 2.37534E-2 2.46552E-2 1.52345E-2 1.54466E-2 1.56939E-2 2.90486E-2
5.82674E-2 1.13287E-1 1.20362E-1 7.07835E-2 7.85782E-2 6.30529E-2 6.6379E-2 6.22142E-2 6.02909E-2 6.23198E-2 4.45721E-2 4.61823E-2 4.30562E-2 4.54421E-2 4.82747E-2 4.57013E-2 4.1813E-2 3.90472E-2 4.24281E-2 4.08134E-2 3.58885E-2 3.51898E-2 3.57426E-2 3.92258E-2 3.41459E-2 3.85475E-2 3.35189E-2 2.65002E-2 3.14933E-2 3.48845E-2 3.36672E-2 3.84212E-2 4.26965E-2 3.23048E-2 3.65158E-2 3.82827E-2 3.30953E-2 3.09496E-2 2.9463E-2 3.35503E-2 3.76642E-2 3.7101E-2 2.86076E-2 3.04633E-2 2.90965E-2 2.97227E-2 1.96137E-2 2.55042E-2 2.76257E-2 2.65631E-2 2.27187E-2 2.27177E-2 1.97677E-2 2.12562E-2 2.24129E-2 2.35847E-2 2.42557E-2 2.58033E-2 1.75917E-2 1.55687E-2 2.72724E-2
9.58609E-2 8.37514E-2 8.46692E-2 6.79288E-2 6.35009E-2 4.1467E-2 3.99386E-2 5.46894E-2 5.09723E-2 3.956E-2 4.70376E-2 4.67142E-2 3.90975E-2 4.76691E-2 4.25965E-2 5.37209E-2 5.18113E-2 4.5932E-2 3.52721E-2 3.93005E-2 3.73482E-2 3.94642E-2 3.99186E-2 2.5399E-2 3.46893E-2 4.24628E-2 3.93013E-2 3.4937E-2 3.47954E-2 3.4521E-2 3.58198E-2 4.38917E-2 3.64377E-2 3.49818E-2 3.91808E-2 4.65293E-2 3.78203E-2 3.68395E-2 3.05846E-2 3.1941E-2 3.04292E-2 3.61116E-2 3.10301E-2 3.66972E-2 2.88207E-2 2.85981E-2 2.38564E-2 2.43629E-2 2.70577E-2 2.43932E-2 2.26486E-2 2.30008E-2 2.30246E-2 2.27919E-2 2.25184E-2 2.45082E-2 2.31036E-2 2.52417E-2 2.6703E-2 2.88636E-2 3.53698E-2
9.33947E-2 1.05953E-1 8.94935E-2 7.39735E-2 6.70598E-2 4.56259E-2 5.93153E-2 6.5347E-2 4.92443E-2 5.17885E-2 4.8124E-2 4.10758E-2 4.21011E-2 4.03841E-2 4.70211E-2 5.69246E-2 4.37323E-2 3.66086E-2 3.48322E-2 3.27689E-2 3.79851E-2 3.86445E-2 3.71286E-2 3.40327E-2 3.93827E-2 3.05924E-2 3.99892E-2 4.10853E-2 3.41573E-2 3.64807E-2 3.52466E-2 4.26804E-2 4.13505E-2 3.04002E-2 3.7064E-2 3.14526E-2 2.0398E-2 3.54556E-2 3.5029E-2 3.2546E-2 3.09464E-2 2.99493E-2 3.41398E-2 2.98967E-2 2.82163E-2 1.99953E-2 3.086E-2 2.90136E-2 2.56347E-2 2.41872E-2 2.45516E-2 2.43998E-2 2.26629E-2 2.189E-2 2.34693E-2 2.78599E-2 2.50902E-2 2.20806E-2 3.05418E-2 3.00211E-2 2.76724E-2
6.18652E-2 8.95881E-2 8.87311E-2 8.92235E-2 6.88154E-2 4.65322E-2 5.02511E-2 7.77619E-2 6.28724E-2 5.77862E-2 4.40438E-2 4.10661E-2 4.12552E-2 4.45798E-2 5.16906E-2 5.47317E-2 4.62801E-2 3.56754E-2 3.04521E-2 4.14931E-2 4.08272E-2 4.072E-2 3.69089E-2 3.548E-2 3.93573E-2 3.74395E-2 3.56487E-2 3.48213E-2 3.22817E-2 3.12644E-2 3.36686E-2 4.45171E-2 3.23423E-2 3.25989E-2 2.92278E-2 2.82901E-2 3.07136E-2 3.03499E-2 2.8496E-2 3.17397E-2 2.76111E-2 3.03798E-2 2.87764E-2 3.03886E-2 2.83208E-2 2.47965E-2 2.30188E-2 2.21518E-2 2.51006E-2 2.2925E-2 2.19843E-2 2.34404E-2 2.38452E-2 2.45838E-2 2.35644E-2 2.21899E-2 2.25737E-2 3.00526E-2 3.09934E-2 2.91225E-2 2.89873E-2
5.18767E-2 1.06703E-1 1.04377E-1 8.03537E-2 4.99891E-2 4.91968E-2 3.92459E-2 5.35542E-2 5.88705E-2 4.86394E-2 5.14103E-2 4.92646E-2 4.3755E-2 4.74164E-2 4.54973E-2 5.15596E-2 3.72701E-2 3.61139E-2 4.22374E-2 4.34037E-2 4.3227E-2 4.00309E-2 3.91946E-2 3.93933E-2 4.02336E-2 4.1159E-2 4.29959E-2 3.94804E-2 4.52654E-2 3.78562E-2 3.41935E-2 3.05956E-2 2.70711E-2 3.53496E-2 3.09023E-2 3.04078E-2 3.22758E-2 3.14724E-2 3.13772E-2 3.22484E-2 3.69638E-2 2.85435E-2 2.77147E-2 2.58321E-2 2.77214E-2 2.63276E-2 2.61925E-2 2.6481E-2 2.32054E-2 2.27268E-2 2.3141E-2 2.45333E-2 2.54486E-2 2.36364E-2 2.37315E-2 2.22502E-2 1.9707E-2 2.41249E-2 2.55123E-2 2.45887E-2 3.14581E-2
6.92871E-2 1.51052E-1 7.93637E-2 7.12746E-2 4.96448E-2 4.65135E-2 4.92101E-2 5.84622E-2 6.1024E-2 4.99026E-2 5.25127E-2 4.79949E-2 4.38755E-2 4.75639E-2 5.40508E-2 5.48021E-2 4.78209E-2 4.43333E-2 5.00402E-2 4.96701E-2 4.26337E-2 3.51102E-2 4.07293E-2 4.1916E-2 4.25955E-2 4.18187E-2 5.31072E-2 4.09676E-2 3.89175E-2 3.8822E-2 3.65246E-2 3.40029E-2 2.92493E-2 3.56268E-2 3.28057E-2 3.41682E-2 3.43386E-2 3.56863E-2 3.20261E-2 3.90791E-2 3.48599E-2 2.66874E-2 2.92527E-2 2.63065E-2 2.67324E-2 2.6152E-2 2.69656E-2 2.70913E-2 2.47171E-2 2.17516E-2 2.40836E-2 2.49401E-2 2.46747E-2 2.24416E-2 2.34329E-2 2.47588E-2 2.46336E-2 3.3616E-2 2.91316E-2 2.65818E-2 3.68478E-2
7.69513E-2 1.23405E-1 1.16135E-1 5.34154E-2 5.97803E-2 5.9728E-2 6.25776E-2 6.37894E-2 6.50999E-2 5.20139E-2 5.16648E-2 4.4993E-2 4.21789E-2 5.28118E-2 5.21325E-2 5.25283E-2 5.04435E-2 5.03894E-2 4.51883E-2 4.15799E-2 4.6539E-2 3.3389E-2 4.24941E-2 5.6605E-2 3.8409E-2 4.40159E-2 5.57621E-2 5.1104E-2 4.73079E-2 4.39302E-2 3.95778E-2 3.24626E-2 3.94008E-2 4.59948E-2 3.36733E-2 3.914E-2 3.25976E-2 3.63433E-2 3.80305E-2 3.54499E-2 2.95384E-2 2.88572E-2 2.84475E-2 2.59561E-2 2.48402E-2 2.69894E-2 2.74955E-2 2.48217E-2 2.44453E-2 2.44602E-2 2.41586E-2 2.44058E-2 2.32858E-2 2.4012E-2 2.32574E-2 2.46012E-2 2.64099E-2 2.84323E-2 3.94379E-2 3.93973E-2 3.67036E-2
1.53779E-1 1.52581E-1 9.47768E-2 8.15063E-2 6.73355E-2 5.93483E-2 7.8965E-2 6.18157E-2 5.76457E-2 5.62553E-2 5.24518E-2 9.79844E-2 7.91891E-2 6.09083E-2 5.15649E-2 4.31985E-2 4.79853E-2 4.89605E-2 4.08241E-2 5.14427E-2 4.56728E-2 4.79938E-2 4.03579E-2 6.32719E-2 4.23504E-2 5.16959E-2 4.74999E-2 4.4425E-2 4.57324E-2 4.02108E-2 4.0192E-2 4.08866E-2 3.58041E-2 3.81467E-2 3.85469E-2 3.48346E-2 3.61991E-2 3.8927E-2 3.77108E-2 3.59039E-2 4.20716E-2 2.77341E-2 2.66843E-2 3.53672E-2 2.93126E-2 2.92112E-2 2.90057E-2 2.61434E-2 2.37735E-2 2.372E-2 2.36144E-2 2.46177E-2 2.4461E-2 2.49345E-2 2.47458E-2 2.24749E-2 2.87127E-2 2.69131E-2 2.89859E-2 2.57733E-2 2.78189E-2
1.04351E-1 1.17136E-1 9.12657E-2 8.80986E-2 8.02076E-2 8.32481E-2 6.41939E-2 6.24293E-2 5.86054E-2 5.95277E-2 8.7761E-2 5.20739E-2 7.21959E-2 5.80412E-2 5.19493E-2 5.25889E-2 5.16288E-2 4.75853E-2 4.30664E-2 4.62495E-2 4.81233E-2 3.81011E-2 4.34504E-2 5.23602E-2 3.56379E-2 5.27488E-2 4.77312E-2 4.49586E-2 4.62349E-2 4.5329E-2 3.86931E-2 3.78351E-2 3.76756E-2 3.7527E-2 3.7134E-2 3.29019E-2 3.40244E-2 3.76092E-2 4.31801E-2 3.43144E-2 2.74506E-2 2.68918E-2 2.60047E-2 3.099E-2 2.94955E-2 2.91021E-2 2.8205E-2 2.55779E-2 2.46698E-2 2.49093E-2 2.52703E-2 2.58389E-2 2.45683E-2 2.47336E-2 2.54692E-2 2.14033E-2 2.03979E-2 2.48179E-2 2.5391E-2 3.12091E-2 2.46366E-2
9.78124E-2 7.70936E-2 1.08147E-1 8.50602E-2 7.24169E-2 9.07161E-2 6.95283E-2 5.81485E-2 6.16409E-2 6.32465E-2 6.09469E-2 9.57183E-2 5.57957E-2 5.79713E-2 5.2404E-2 4.73139E-2 4.79132E-2 4.98223E-2 4.72997E-2 5.15767E-2 5.35588E-2 4.06342E-2 3.40808E-2 5.43256E-2 3.46122E-2 3.37157E-2 2.94823E-2 4.47013E-2 4.75841E-2 4.95749E-2 3.8382E-2 3.79065E-2 4.22053E-2 4.23564E-2 3.95904E-2 3.34913E-2 4.22705E-2 4.94287E-2 3.42313E-2 3.43808E-2 3.3819E-2 3.1395E-2 2.5279E-2 2.73585E-2 2.80221E-2 2.89779E-2 2.6633E-2 2.64654E-2 2.73965E-2 2.65633E-2 2.46197E-2 2.61948E-2 3.34523E-2 1.93947E-2 2.70236E-2 2.54168E-2 2.10551E-2 2.4015E-2 2.80961E-2 3.90285E-2 3.28035E-2
8.8041E-2 9.48412E-2 9.30036E-2 9.40752E-2 1.49913E-1 1.3463E-1 6.88621E-2 6.36094E-2 6.66521E-2 6.71044E-2 8.06346E-2 6.35033E-2 5.55057E-2 5.86022E-2 5.46702E-2 5.38577E-2 5.3289E-2 4.8602E-2 4.91213E-2 4.40242E-2 5.50859E-2 4.2545E-2 3.22846E-2 3.95108E-2 3.98017E-2 3.15829E-2 4.64181E-2 4.87895E-2 5.01472E-2 4.49261E-2 4.12183E-2 4.41104E-2 4.34455E-2 5.24992E-2 3.87211E-2 3.97494E-2 3.79168E-2 4.54356E-2 3.73671E-2 3.00013E-2 2.71173E-2 2.692E-2 2.42715E-2 2.39481E-2 3.14278E-2 2.77898E-2 2.69258E-2 2.76369E-2 2.71649E-2 2.45927E-2 2.65576E-2 2.60629E-2 3.08742E-2 2.69106E-2 2.96843E-2 2.58692E-2 2.46466E-2 2.76303E-2 2.71693E-2 2.90206E-2 4.12657E-2
1.15723E-1 1.03939E-1 1.00029E-1 9.82721E-2 1.39324E-1 9.82841E-2 7.47532E-2 8.47052E-2 1.21164E-1 7.73389E-2 7.94422E-2 7.09474E-2 6.30718E-2 5.61368E-2 4.60633E-2 5.53327E-2 4.45254E-2 4.89977E-2 5.23185E-2 4.52749E-2 5.24613E-2 3.57712E-2 3.74071E-2 3.38431E-2 3.51844E-2 3.99532E-2 5.66603E-2 5.32726E-2 5.2846E-2 4.65456E-2 3.95123E-2 4.71356E-2 4.44535E-2 4.54711E-2 4.69016E-2 3.7368E-2 3.77418E-2 3.62166E-2 3.36531E-2 3.7463E-2 3.84215E-2 3.10725E-2 3.10324E-2 3.10611E-2 3.49687E-2 3.18023E-2 2.95084E-2 2.99351E-2 2.88966E-2 2.78554E-2 2.84601E-2 2.7817E-2 2.68513E-2 2.18186E-2 2.6898E-2 2.80952E-2 2.80569E-2 2.84622E-2 3.31782E-2 3.32142E-2 4.45001E-2
1.14484E-1 1.12406E-1 1.02045E-1 1.03773E-1 1.07146E-1 1.02844E-1 9.40812E-2 1.02595E-1 1.19416E-1 9.51735E-2 7.43188E-2 7.84382E-2 6.04727E-2 6.15099E-2 5.43616E-2 5.13257E-2 5.04526E-2 4.97453E-2 4.95686E-2 4.98566E-2 4.99326E-2 3.97848E-2 3.52108E-2 3.28065E-2 4.94697E-2 6.18209E-2 5.74476E-2 5.30309E-2 5.20581E-2 6.51194E-2 4.44547E-2 5.22513E-2 5.33263E-2 5.11931E-2 4.34181E-2 4.26826E-2 3.39569E-2 4.06654E-2 3.65912E-2 3.81557E-2 3.51499E-2 3.24919E-2 3.10393E-2 2.74471E-2 3.35752E-2 2.83621E-2 2.37184E-2 2.79938E-2 2.71717E-2 2.80731E-2 3.00049E-2 2.91738E-2 2.56707E-2 2.4766E-2 2.84852E-2 2.65129E-2 1.84197E-2 2.68951E-2 5.09339E-2 5.27113E-2 2.80922E-2
1.35333E-1 1.16651E-1 1.891E-1 1.64402E-1 1.12497E-1 1.01051E-1 8.08072E-2 1.31489E-1 9.54244E-2 7.73559E-2 8.74558E-2 6.78659E-2 6.43559E-2 6.92656E-2 5.16375E-2 5.89563E-2 5.29557E-2 5.48196E-2 5.56002E-2 5.52193E-2 5.18636E-2 5.29422E-2 3.69556E-2 4.80261E-2 5.51273E-2 5.66932E-2 5.42858E-2 5.70555E-2 5.14997E-2 4.57586E-2 4.5312E-2 4.45679E-2 4.98251E-2 4.54272E-2 4.174E-2 4.21576E-2 4.13396E-2 3.80132E-2 3.54241E-2 3.338E-2 3.69365E-2 3.04161E-2 2.53983E-2 2.90693E-2 3.35822E-2 3.60919E-2 2.03368E-2 3.23545E-2 3.0567E-2 3.02229E-2 3.146E-2 3.07468E-2 3.24253E-2 3.04409E-2 3.11111E-2 2.99756E-2 2.08601E-2 3.68173E-2 3.10991E-2 2.8754E-2 3.04694E-2
1.30675E-1 1.42737E-1 2.0278E-1 1.20767E-1 1.06882E-1 9.28847E-2 9.50473E-2 8.70028E-2 9.86473E-2 6.05025E-2 6.13196E-2 7.66486E-2 6.40284E-2 7.25953E-2 7.30365E-2 5.05093E-2 5.47614E-2 4.67127E-2 6.06943E-2 6.58129E-2 5.60574E-2 5.02349E-2 3.70097E-2 4.14615E-2 5.85799E-2 5.74456E-2 5.28819E-2 5.21982E-2 4.93921E-2 4.78006E-2 4.74671E-2 4.2092E-2 5.42855E-2 5.14421E-2 4.03192E-2 4.43114E-2 4.02137E-2 4.0048E-2 3.897E-2 4.09952E-2 3.45473E-2 3.50034E-2 3.46393E-2 3.40699E-2 3.48168E-2 3.33155E-2 2.03618E-2 2.24839E-2 3.44401E-2 3.51895E-2 3.15608E-2 3.02901E-2 3.04861E-2 2.86568E-2 3.01708E-2 2.95416E-2 1.93613E-2 3.49283E-2 2.91603E-2 3.12809E-2 -9999
1.60901E-1 1.22766E-1 1.11838E-1 1.12753E-1 1.00421E-1 8.62258E-2 8.52411E-2 7.80912E-2 8.28468E-2 6.38155E-2 7.00631E-2 6.10735E-2 6.38184E-2 6.82843E-2 6.62744E-2 6.20778E-2 6.29968E-2 5.85703E-2 5.66773E-2 6.42859E-2 6.95184E-2 4.78939E-2 3.93235E-2 3.61651E-2 4.78064E-2 5.54262E-2 5.27466E-2 5.14529E-2 4.71545E-2 4.74391E-2 4.68212E-2 4.74609E-2 5.975E-2 5.28633E-2 4.18183E-2 3.4633E-2 3.12863E-2 4.54118E-2 3.45897E-2 3.34096E-2 3.75597E-2 3.6434E-2 3.45375E-2 3.57278E-2 3.69198E-2 3.23225E-2 2.29925E-2 3.26348E-2 3.13511E-2 3.24023E-2 3.11352E-2 3.20752E-2 3.31388E-2 3.02423E-2 3.08658E-2 3.20817E-2 3.34325E-2 2.98629E-2 3.1421E-2 3.08388E-2 -9999
1.79967E-1 2.05779E-1 1.24441E-1 1.22567E-1 1.02512E-1 9.24057E-2 8.45245E-2 7.35573E-2 7.34711E-2 7.60566E-2 6.89813E-2 6.76341E-2 5.93929E-2 5.92648E-2 7.88259E-2 6.80685E-2 5.10211E-2 6.00418E-2 6.52456E-2 7.95236E-2 7.33123E-2 4.95286E-2 4.91772E-2 5.36015E-2 5.07641E-2 4.33762E-2 5.19135E-2 5.1755E-2 7.31788E-2 6.30061E-2 5.20739E-2 4.76889E-2 5.40579E-2 4.66909E-2 3.62015E-2 4.6386E-2 4.32447E-2 3.98651E-2 3.08339E-2 4.20078E-2 3.49713E-2 3.95528E-2 3.75869E-2 3.19381E-2 3.50607E-2 3.38764E-2 3.29281E-2 3.22394E-2 3.30207E-2 3.23349E-2 3.26259E-2 3.11474E-2 3.30323E-2 2.9669E-2 2.96895E-2 3.08169E-2 2.80283E-2 3.15014E-2 3.2622E-2 2.38017E-2 -9999
1.20369E-1 1.19344E-1 1.14655E-1 1.06272E-1 9.93831E-2 9.92977E-2 1.21429E-1 8.0138E-2 8.43717E-2 8.2327E-2 6.7114E-2 6.53536E-2 6.79653E-2 7.15875E-2 6.81266E-2 6.58455E-2 7.1022E-2 6.67365E-2 6.81521E-2 7.40465E-2 7.8441E-2 5.86122E-2 5.81564E-2 6.44E-2 6.16918E-2 5.31921E-2 5.17176E-2 5.11362E-2 6.8462E-2 5.66721E-2 6.16043E-2 4.88575E-2 4.89366E-2 4.76138E-2 5.09871E-2 6.17522E-2 4.68007E-2 4.43618E-2 4.30005E-2 4.55495E-2 3.86628E-2 3.88162E-2 4.19727E-2 4.08632E-2 3.68701E-2 3.07002E-2 3.69256E-2 3.59684E-2 3.32638E-2 3.31526E-2 2.66339E-2 2.92908E-2 2.78256E-2 3.06528E-2 2.69132E-2 2.97502E-2 3.43706E-2 3.39087E-2 3.32061E-2 3.11502E-2 -9999
1.23367E-1 1.20684E-1 1.04355E-1 1.22764E-1 1.07811E-1 1.49819E-1 9.68625E-2 8.26681E-2 9.77097E-2 9.0688E-2 7.92423E-2 8.18397E-2 7.32992E-2 7.49309E-2 6.67982E-2 6.58663E-2 7.0428E-2 8.15138E-2 6.57997E-2 6.84024E-2 7.38798E-2 6.51696E-2 5.40748E-2 6.6027E-2 5.1546E-2 5.41569E-2 5.33892E-2 5.52671E-2 5.67466E-2 5.66625E-2 4.90896E-2 4.24053E-2 5.77913E-2 5.29118E-2 4.9232E-2 5.5835E-2 5.41811E-2 4.78777E-2 4.78187E-2 4.97003E-2 4.29718E-2 4.451E-2 4.04096E-2 3.95962E-2 3.4993E-2 3.49112E-2 3.79663E-2 3.54878E-2 3.32139E-2 2.68118E-2 2.93725E-2 2.90279E-2 2.85534E-2 3.24512E-2 3.14262E-2 3.28134E-2 2.89718E-2 3.20774E-2 3.30449E-2 -9999 -9999
