Final_Models_July82022/M_0.1_F_lqp_Set_1/Bison_1.asc
ncols         290
nrows         380
xllcorner     -2197417.7431653
yllcorner     -584827.01486885
cellsize      10000.0
NODATA_value  -9999
[rows 108 to 134 of 380, columns 61 to 121 of 290]
6.38978E-2 7.12502E-2 1.0117E-1 1.04032E-1 7.32311E-2 8.28733E-2 3.67631E-2 4.19765E-2 4.72816E-2 6.08684E-2 5.24703E-2 1.09653E-1 6.89867E-2 1.73047E-2 4.98392E-2 2.20113E-2 3.74664E-2 5.27E-2 4.87544E-2 5.21676E-2 3.046E-2 4.25884E-2 5.32591E-2 5.8749E-2 5.7037E-2 4.57135E-2 4.03275E-2 4.61139E-2 4.39923E-2 4.04603E-2 3.75296E-2 4.31402E-2 3.36088E-2 5.32182E-2 3.88237E-2 4.30662E-2 3.37159E-2 6.30281E-2 6.08852E-2 7.58396E-2 5.17333E-2 5.51112E-2 6.21008E-2 6.70413E-2 6.37402E-2 5.94202E-2 7.28119E-2 6.42078E-2 7.15862E-2 7.60065E-2 9.2544E-2 8.3024E-2 7.11909E-2 9.96391E-2 7.79122E-2 7.98947E-2 7.80571E-2 7.17029E-2 6.93077E-2 8.13199E-2 5.1398E-2
7.75881E-2 7.66898E-2 5.83938E-2 9.26725E-2 5.81272E-2 5.78118E-2 1.14839E-1 6.48926E-2 8.26941E-2 8.3568E-2 5.4618E-2 9.22566E-2 6.57076E-2 3.7516E-2 2.49217E-2 5.02551E-2 6.21749E-2 5.99655E-2 8.81455E-2 9.47617E-2 7.88918E-2 8.97494E-2 6.16283E-2 8.21933E-2 5.13937E-2 5.33659E-2 5.22109E-2 3.0953E-2 4.93736E-2 5.12498E-2 4.82002E-2 4.3527E-2 3.34427E-2 4.73089E-2 3.57655E-2 4.93785E-2 5.1053E-2 5.54695E-2 6.19291E-2 5.29656E-2 6.05804E-2 5.47788E-2 5.53324E-2 5.43087E-2 8.06872E-2 6.31636E-2 6.96435E-2 7.66697E-2 7.83785E-2 1.0123E-1 9.3213E-2 8.17407E-2 5.96682E-2 6.14403E-2 7.9467E-2 4.10686E-2 5.45405E-2 7.65558E-2 7.356E-2 7.01516E-2 7.75034E-2
8.75188E-2 5.69572E-2 6.68253E-2 1.56226E-1 7.61577E-2 3.8595E-2 6.01075E-2 5.57906E-2 7.70816E-2 6.74604E-2 9.52476E-2 1.21759E-1 7.08179E-2 7.32772E-2 3.50685E-2 1.50412E-1 3.37154E-2 5.85704E-2 6.72796E-2 8.07331E-2 9.04122E-2 3.80326E-2 1.16514E-1 8.03937E-2 4.92953E-2 5.15316E-2 5.80608E-2 3.98141E-2 6.13474E-2 4.39683E-2 4.27612E-2 3.77297E-2 4.98829E-2 4.95336E-2 3.60343E-2 4.963E-2 6.30435E-2 7.17617E-2 5.02986E-2 5.84224E-2 5.65183E-2 5.3251E-2 5.37796E-2 5.41325E-2 5.90112E-2 6.56589E-2 7.32653E-2 7.6284E-2 7.93399E-2 6.71258E-2 8.16955E-2 8.37913E-2 8.32939E-2 4.07883E-2 4.98526E-2 4.6617E-2 5.97692E-2 4.91626E-2 6.34355E-2 9.15431E-2 5.88937E-2
6.87714E-2 5.61468E-2 4.45081E-2 9.35626E-2 6.09921E-2 3.24341E-2 3.31111E-2 4.16655E-2 6.42021E-2 9.28149E-2 1.33651E-1 1.17393E-1 9.76468E-2 6.06911E-2 3.66661E-2 4.61665E-2 8.50118E-2 6.02364E-2 6.08878E-2 8.4182E-2 6.34907E-2 8.74846E-2 5.37501E-2 6.97213E-2 6.74733E-2 5.74388E-2 7.09171E-2 5.01201E-2 3.08745E-2 3.13191E-2 3.82197E-2 4.11207E-2 3.78548E-2 5.29286E-2 3.22294E-2 3.58726E-2 4.06497E-2 6.78272E-2 5.00852E-2 6.02552E-2 5.72705E-2 6.16121E-2 5.36969E-2 5.99971E-2 5.76689E-2 6.38973E-2 5.46644E-2 7.1289E-2 7.84104E-2 7.28478E-2 6.48675E-2 9.11741E-2 8.05228E-2 4.13079E-2 4.02327E-2 4.49756E-2 5.34875E-2 6.82849E-2 6.51959E-2 6.06317E-2 5.45463E-2
5.18936E-2 1.36001E-1 2.72736E-2 6.55897E-2 6.6111E-2 3.09719E-2 5.3807E-2 4.44111E-2 6.00072E-2 1.27906E-1 7.58528E-2 1.34598E-1 9.93897E-2 9.11951E-2 1.00466E-1 8.45053E-2 3.57227E-2 5.59849E-2 9.12588E-2 1.20407E-1 7.72358E-2 6.38695E-2 4.52976E-2 5.59832E-2 6.27207E-2 5.8999E-2 4.6149E-2 3.75213E-2 3.76513E-2 3.91699E-2 3.43229E-2 3.29832E-2 6.23635E-2 3.66344E-2 2.58923E-2 4.83946E-2 6.68718E-2 4.93987E-2 6.92313E-2 5.23998E-2 6.01995E-2 6.38404E-2 6.22E-2 5.84039E-2 6.39209E-2 6.9526E-2 5.13785E-2 5.5641E-2 6.6942E-2 6.85662E-2 7.59752E-2 8.06631E-2 8.03507E-2 5.5611E-2 6.09995E-2 4.57352E-2 8.43587E-2 8.12463E-2 5.71112E-2 5.27897E-2 5.8165E-2
6.2349E-2 9.74297E-2 3.04283E-2 6.03948E-2 5.11529E-2 1.71152E-2 3.58013E-2 2.78468E-2 6.17328E-2 9.07435E-2 8.10568E-2 8.19622E-2 6.69857E-2 6.50511E-2 6.68818E-2 6.22454E-2 1.13212E-1 9.68072E-2 8.89282E-2 8.78043E-2 8.83706E-2 4.35979E-2 3.74943E-2 6.77199E-2 5.47749E-2 4.70391E-2 3.82731E-2 3.04436E-2 4.58136E-2 4.51357E-2 4.81522E-2 4.99877E-2 3.2708E-2 3.9139E-2 3.7155E-2 8.12358E-2 6.71131E-2 7.77847E-2 7.25711E-2 5.99742E-2 5.63967E-2 5.20374E-2 6.26789E-2 6.15005E-2 6.06457E-2 5.73721E-2 4.95306E-2 5.21687E-2 7.90575E-2 6.21407E-2 5.99981E-2 7.92876E-2 6.58445E-2 9.06651E-2 6.10634E-2 8.7775E-2 1.01285E-1 9.04699E-2 6.99323E-2 8.81012E-2 5.51382E-2
1.60438E-2 2.01444E-2 2.77939E-2 2.4624E-2 2.60813E-2 2.16316E-2 3.44891E-2 4.05985E-2 7.83089E-2 2.90092E-2 1.14055E-1 8.6393E-2 5.02944E-2 6.90016E-2 9.3589E-2 3.74529E-2 5.31427E-2 7.235E-2 9.09341E-2 9.95507E-2 7.53861E-2 3.17192E-2 7.81001E-2 2.77167E-2 7.2811E-2 4.06126E-2 4.19759E-2 4.95095E-2 5.40047E-2 3.60302E-2 3.44858E-2 4.0762E-2 3.84991E-2 4.98761E-2 7.66819E-2 6.69535E-2 7.83285E-2 5.84888E-2 5.85453E-2 6.26149E-2 5.67444E-2 6.05344E-2 6.06915E-2 5.72141E-2 6.93607E-2 5.43375E-2 5.99494E-2 7.39816E-2 8.25855E-2 6.99372E-2 9.96487E-2 7.34221E-2 9.23184E-2 6.91638E-2 7.63E-2 7.94802E-2 6.19652E-2 7.8007E-2 7.39276E-2 7.97754E-2 8.1273E-2
2.72201E-2 5.10337E-2 3.60093E-2 1.84339E-2 4.66467E-2 3.093E-2 1.83859E-2 4.69665E-2 3.83325E-2 1.02998E-1 7.91909E-2 7.02847E-2 8.28498E-2 1.11473E-1 6.22744E-2 7.16117E-2 1.28773E-1 6.36754E-2 7.85082E-2 6.25464E-2 7.58097E-2 8.06797E-2 8.34674E-2 6.85607E-2 1.0671E-1 3.93843E-2 4.3533E-2 3.91165E-2 5.83053E-2 3.45441E-2 4.2396E-2 4.02592E-2 3.91667E-2 3.93828E-2 7.62558E-2 6.64106E-2 6.23859E-2 7.22321E-2 5.80417E-2 5.33201E-2 4.82996E-2 5.3058E-2 6.56864E-2 6.65202E-2 6.36324E-2 6.59432E-2 7.10348E-2 8.9725E-2 8.54732E-2 5.64687E-2 6.94782E-2 7.42942E-2 8.46075E-2 7.18242E-2 7.28387E-2 9.2109E-2 9.48463E-2 5.16864E-2 4.10724E-2 4.89314E-2 6.76633E-2
3.14799E-2 3.32827E-2 3.45477E-2 2.78131E-2 2.26743E-2 7.62002E-2 7.77243E-2 7.37314E-2 5.54286E-2 5.89983E-2 7.20959E-2 8.7826E-2 7.81364E-2 6.61495E-2 5.08713E-2 5.52081E-2 9.38475E-2 8.78037E-2 6.24991E-2 7.20947E-2 7.19338E-2 7.566E-2 6.35671E-2 4.41196E-2 5.21629E-2 5.91877E-2 5.60676E-2 4.13603E-2 6.29132E-2 4.33656E-2 4.06834E-2 4.68137E-2 4.29943E-2 4.83903E-2 7.6795E-2 1.11029E-1 6.49103E-2 6.93612E-2 5.3963E-2 4.99083E-2 7.66603E-2 5.53599E-2 5.89336E-2 5.94063E-2 6.70118E-2 6.69819E-2 6.85562E-2 7.60838E-2 6.98383E-2 6.7529E-2 7.26179E-2 6.85594E-2 5.83911E-2 7.8321E-2 8.59026E-2 8.32391E-2 4.17173E-2 4.08099E-2 3.46463E-2 4.24727E-2 3.15911E-2
4.99273E-2 1.39377E-1 4.10703E-2 9.72297E-2 2.33284E-2 3.55645E-2 1.0338E-1 6.27511E-2 5.40603E-2 3.94242E-2 6.31924E-2 6.47634E-2 6.26813E-2 5.91225E-2 5.42553E-2 5.68532E-2 8.13581E-2 6.54454E-2 4.45247E-2 8.95274E-2 1.01133E-1 5.86511E-2 5.68773E-2 5.44199E-2 5.84516E-2 5.20312E-2 3.05339E-2 5.53509E-2 6.86371E-2 3.58647E-2 3.16893E-2 8.29377E-2 5.94533E-2 6.12072E-2 6.03542E-2 6.47434E-2 7.99024E-2 5.26081E-2 5.65475E-2 5.21652E-2 5.78263E-2 5.88904E-2 6.17536E-2 5.82533E-2 6.44709E-2 6.87654E-2 6.59193E-2 7.39542E-2 8.19626E-2 6.90055E-2 7.87889E-2 7.73007E-2 7.06443E-2 8.02035E-2 6.39959E-2 1.01772E-1 7.83795E-2 6.76939E-2 6.53532E-2 5.29419E-2 4.1606E-2
1.10653E-1 1.25972E-1 3.62445E-2 6.45615E-2 2.69933E-2 3.65474E-2 4.55494E-2 3.7657E-2 5.57423E-2 5.64093E-2 7.00492E-2 6.88359E-2 4.17706E-2 7.52155E-2 9.72274E-2 7.88966E-2 7.48009E-2 4.8321E-2 6.43753E-2 7.99087E-2 9.63752E-2 5.17295E-2 5.01036E-2 3.87007E-2 4.7845E-2 4.69817E-2 7.095E-2 4.17546E-2 3.84075E-2 2.98031E-2 5.57805E-2 6.65439E-2 4.64549E-2 8.77274E-2 8.77015E-2 8.94347E-2 8.46132E-2 5.24322E-2 5.98751E-2 5.99373E-2 5.8411E-2 5.38168E-2 5.90535E-2 7.35535E-2 6.62383E-2 7.15948E-2 7.11162E-2 7.12987E-2 7.26731E-2 7.63823E-2 7.99058E-2 7.04043E-2 1.39021E-1 7.86834E-2 7.94601E-2 7.73457E-2 8.79478E-2 6.84979E-2 7.72648E-2 4.33222E-2 4.68414E-2
4.79613E-2 4.55958E-2 3.72198E-2 2.79036E-2 3.71602E-2 3.42489E-2 5.07324E-2 4.71874E-2 4.64616E-2 3.76564E-2 6.01097E-2 5.8056E-2 5.41935E-2 8.02177E-2 1.8666E-1 5.16059E-2 6.42055E-2 5.43412E-2 4.91784E-2 7.36842E-2 7.29032E-2 4.82051E-2 4.85216E-2 4.08274E-2 4.74467E-2 4.14505E-2 5.43323E-2 4.58625E-2 1.16587E-1 6.65874E-2 6.7355E-2 6.39153E-2 9.91858E-2 8.62097E-2 6.7186E-2 9.69465E-2 7.2289E-2 5.55616E-2 5.9348E-2 6.48858E-2 6.11702E-2 5.62435E-2 7.14183E-2 7.09367E-2 6.33668E-2 6.5519E-2 7.02266E-2 6.66999E-2 7.55627E-2 7.83011E-2 8.38915E-2 5.62126E-2 6.51889E-2 1.11759E-1 8.45579E-2 4.83971E-2 4.7374E-2 1.08268E-1 1.20411E-1 7.0504E-2 5.75598E-2
4.91455E-2 5.37886E-2 5.98319E-2 4.00238E-2 1.94652E-1 1.58093E-1 5.27454E-2 5.63229E-2 4.16971E-2 6.4349E-2 6.04926E-2 5.4476E-2 5.84816E-2 4.92092E-2 6.64633E-2 3.61656E-2 6.28686E-2 4.75749E-2 5.43122E-2 6.15143E-2 5.37321E-2 4.52426E-2 4.00997E-2 4.2203E-2 5.06114E-2 4.01241E-2 9.35801E-2 8.08014E-2 5.55237E-2 5.61344E-2 5.61597E-2 7.93674E-2 8.46581E-2 6.60722E-2 7.65452E-2 6.95724E-2 4.79395E-2 6.63167E-2 6.91488E-2 6.59426E-2 7.09863E-2 6.40876E-2 7.37604E-2 6.79684E-2 6.72518E-2 7.29407E-2 7.0891E-2 8.16171E-2 7.81475E-2 8.00692E-2 9.12269E-2 8.40832E-2 7.10363E-2 6.70214E-2 9.21158E-2 7.12453E-2 7.5954E-2 8.3492E-2 7.2168E-2 8.04431E-2 6.35269E-2
5.60467E-2 7.4833E-2 7.89608E-2 5.75231E-2 6.01804E-2 5.72165E-2 8.10308E-2 6.06792E-2 5.10883E-2 5.0333E-2 5.74601E-2 3.97611E-2 5.68983E-2 4.76465E-2 4.98984E-2 4.09793E-2 4.60204E-2 6.19694E-2 6.65253E-2 4.7816E-2 4.25577E-2 4.29266E-2 5.82617E-2 4.37314E-2 4.71392E-2 5.80429E-2 4.84638E-2 6.40903E-2 8.69876E-2 5.69842E-2 6.41072E-2 8.3028E-2 9.25571E-2 1.11162E-1 7.33244E-2 6.09696E-2 6.89239E-2 6.44507E-2 7.5383E-2 7.14348E-2 7.69043E-2 6.95183E-2 6.63091E-2 6.82032E-2 6.94069E-2 1.13085E-1 7.23048E-2 7.61496E-2 8.15132E-2 8.72154E-2 8.9123E-2 8.68626E-2 8.4194E-2 7.80804E-2 1.04838E-1 1.04023E-1 1.03292E-1 7.60929E-2 5.96663E-2 5.98623E-2 6.33064E-2
6.7845E-2 7.57472E-2 9.87385E-2 8.96829E-2 9.72484E-2 7.6616E-2 6.73889E-2 4.25767E-2 6.05155E-2 6.40495E-2 5.69795E-2 5.77075E-2 5.57296E-2 4.16909E-2 4.77422E-2 4.52453E-2 5.71656E-2 5.14803E-2 5.32657E-2 6.31511E-2 3.76294E-2 3.52832E-2 4.9931E-2 4.98611E-2 3.73913E-2 5.08403E-2 6.63132E-2 7.03699E-2 6.68418E-2 6.63719E-2 5.89989E-2 4.363E-2 1.11893E-1 6.95588E-2 1.32401E-1 8.09481E-2 7.56939E-2 7.3978E-2 8.22839E-2 9.04635E-2 8.92979E-2 7.24086E-2 6.88829E-2 6.22661E-2 8.53797E-2 7.75608E-2 7.08535E-2 6.35331E-2 7.74011E-2 8.31973E-2 8.66016E-2 9.00867E-2 8.78718E-2 6.99042E-2 9.22243E-2 1.21834E-1 1.30981E-1 1.19479E-1 1.20771E-1 1.04475E-1 1.00916E-1
6.2234E-2 7.59366E-2 1.14664E-1 9.18489E-2 7.50497E-2 6.67699E-2 7.64719E-2 1.10116E-1 6.51471E-2 7.39566E-2 5.848E-2 7.51399E-2 6.72077E-2 5.38611E-2 3.02638E-2 3.62056E-2 8.03755E-2 5.43817E-2 1.34698E-1 2.01787E-1 5.75253E-2 3.65223E-2 6.22557E-2 4.9022E-2 5.74728E-2 4.65574E-2 4.07986E-2 3.80594E-2 4.6335E-2 7.20547E-2 6.00293E-2 6.71598E-2 8.65374E-2 9.63041E-2 7.77927E-2 7.98694E-2 9.39769E-2 7.9873E-2 9.29396E-2 7.89159E-2 8.96462E-2 8.39122E-2 1.14119E-1 8.54701E-2 8.27353E-2 7.51451E-2 7.1909E-2 6.87755E-2 7.59937E-2 8.37718E-2 8.66631E-2 9.25473E-2 1.07381E-1 1.12733E-1 9.72366E-2 1.56381E-1 1.06126E-1 1.10266E-1 1.30907E-1 1.57907E-1 1.54594E-1
6.73182E-2 7.31314E-2 9.88167E-2 8.19825E-2 6.7417E-2 8.25237E-2 9.71621E-2 7.75876E-2 8.62169E-2 9.38271E-2 6.06659E-2 6.43155E-2 6.25382E-2 4.50309E-2 4.05202E-2 3.93746E-2 4.65208E-2 5.45343E-2 1.76854E-1 9.13043E-2 3.96028E-2 4.59961E-2 5.91185E-2 4.91449E-2 6.31931E-2 4.043E-2 2.72838E-2 7.4383E-2 6.50739E-2 5.52944E-2 1.06177E-1 6.64087E-2 1.01198E-1 1.05964E-1 9.43396E-2 8.56442E-2 8.67799E-2 7.95816E-2 7.61014E-2 7.16244E-2 6.76846E-2 7.17934E-2 6.79881E-2 7.05028E-2 7.58019E-2 6.92222E-2 7.63909E-2 7.27056E-2 8.00721E-2 8.46833E-2 8.26878E-2 9.17966E-2 1.07022E-1 1.03297E-1 1.31989E-1 1.44027E-1 1.62223E-1 1.19098E-1 1.54312E-1 1.64933E-1 1.8016E-1
7.55748E-2 6.81586E-2 5.31497E-2 6.67697E-2 6.21203E-2 9.64442E-2 8.50545E-2 9.28969E-2 9.05297E-2 1.01329E-1 7.05968E-2 6.86578E-2 8.46264E-2 1.02412E-1 4.48713E-2 6.24914E-2 9.42021E-2 1.56718E-1 9.96254E-2 5.24671E-2 4.30235E-2 4.66177E-2 6.09538E-2 5.57605E-2 5.32764E-2 3.22424E-2 5.44389E-2 4.36641E-2 6.94628E-2 4.75505E-2 8.65227E-2 1.28915E-1 1.00459E-1 8.65632E-2 1.00706E-1 8.20841E-2 7.6205E-2 7.32663E-2 7.21754E-2 7.00893E-2 6.72194E-2 7.30509E-2 7.63757E-2 7.47952E-2 7.54305E-2 7.47911E-2 7.6931E-2 7.53653E-2 9.0038E-2 9.77417E-2 8.77201E-2 8.74116E-2 1.04633E-1 1.32402E-1 1.48986E-1 1.56636E-1 1.59625E-1 1.81398E-1 1.82576E-1 1.16016E-1 1.12175E-1
7.6293E-2 5.60144E-2 5.54688E-2 5.82292E-2 6.16352E-2 8.19774E-2 9.3548E-2 9.30202E-2 8.1312E-2 1.05704E-1 8.59843E-2 7.51699E-2 8.89881E-2 1.37615E-1 5.1373E-2 7.16061E-2 2.04979E-1 1.76292E-1 4.23478E-2 1.15463E-1 7.01668E-2 6.7421E-2 6.89894E-2 6.429E-2 6.29985E-2 3.31813E-2 5.98214E-2 4.86881E-2 6.73983E-2 8.56419E-2 9.21696E-2 1.3139E-1 8.74707E-2 9.3605E-2 7.84712E-2 7.67725E-2 8.11603E-2 9.21221E-2 7.36074E-2 7.42768E-2 7.57515E-2 6.76727E-2 6.91889E-2 7.1747E-2 7.72525E-2 7.76549E-2 8.43517E-2 8.28395E-2 7.67342E-2 8.30382E-2 9.49081E-2 9.27061E-2 9.44036E-2 1.01043E-1 1.69838E-1 1.70682E-1 1.90549E-1 1.76346E-1 1.80311E-1 1.55435E-1 1.21267E-1
6.28924E-2 6.87756E-2 7.06147E-2 6.24626E-2 6.54592E-2 7.03885E-2 1.07745E-1 9.60046E-2 2.42596E-1 1.97579E-1 7.6347E-2 1.41606E-1 1.40402E-1 5.4606E-2 4.47033E-2 6.58285E-2 1.37398E-1 9.9981E-2 4.95495E-2 6.48316E-2 5.31648E-2 1.01547E-1 7.98576E-2 5.90389E-2 6.49897E-2 5.22453E-2 5.79584E-2 5.91329E-2 7.74158E-2 6.94564E-2 9.22642E-2 1.0382E-1 9.45063E-2 1.0606E-1 8.02523E-2 7.60872E-2 7.4752E-2 7.80087E-2 7.94822E-2 6.97323E-2 7.13825E-2 7.92525E-2 7.56943E-2 7.55305E-2 7.54746E-2 7.56004E-2 7.49194E-2 7.88004E-2 8.19117E-2 8.21576E-2 9.74731E-2 9.1174E-2 9.28224E-2 1.05812E-1 1.09173E-1 1.11651E-1 1.15273E-1 1.37203E-1 1.71514E-1 1.78594E-1 1.10934E-1
8.84109E-2 6.63893E-2 6.08117E-2 7.56921E-2 7.55129E-2 8.42158E-2 9.07845E-2 1.11065E-1 1.98308E-1 2.86285E-1 2.524E-1 3.13908E-1 8.96654E-2 5.84019E-2 6.13119E-2 5.51801E-2 3.83952E-2 3.70418E-2 3.16506E-2 4.27378E-2 7.7076E-2 6.98856E-2 9.5121E-2 6.84961E-2 5.92684E-2 4.74254E-2 9.90703E-2 8.21349E-2 8.62317E-2 6.68466E-2 1.08252E-1 9.34271E-2 8.85484E-2 8.41857E-2 7.95418E-2 8.55102E-2 7.94737E-2 5.77013E-2 6.77068E-2 7.29017E-2 6.98354E-2 6.93331E-2 6.40905E-2 7.43482E-2 7.93492E-2 7.87706E-2 8.14092E-2 8.10562E-2 8.34779E-2 8.21483E-2 8.2819E-2 8.46498E-2 1.35358E-1 1.34857E-1 1.04811E-1 1.0364E-1 1.0728E-1 1.09546E-1 1.08639E-1 1.19066E-1 1.18229E-1
2.53177E-1 1.99288E-1 7.07458E-2 6.64524E-2 9.22769E-2 6.81252E-2 1.10518E-1 7.60433E-2 1.14382E-1 2.19867E-1 1.80416E-1 6.27472E-2 4.93069E-2 5.87248E-2 4.67057E-2 6.20789E-2 4.96873E-2 3.15357E-2 3.40293E-2 4.83356E-2 8.22476E-2 8.27548E-2 1.07829E-1 8.0058E-2 5.42403E-2 7.44847E-2 7.79493E-2 1.19154E-1 9.68378E-2 1.12544E-1 1.06255E-1 1.02469E-1 8.70081E-2 7.87626E-2 8.76321E-2 8.03192E-2 6.70162E-2 8.41358E-2 7.22552E-2 7.31186E-2 7.35965E-2 7.42417E-2 7.85028E-2 7.18014E-2 7.89306E-2 7.82055E-2 8.11972E-2 8.78718E-2 8.35224E-2 8.78481E-2 9.46862E-2 9.98007E-2 9.43894E-2 9.28941E-2 9.57332E-2 1.15048E-1 1.25825E-1 1.18713E-1 1.96072E-1 1.92505E-1 1.94004E-1
6.33727E-2 5.88894E-2 7.60419E-2 7.49872E-2 7.75346E-2 7.56403E-2 1.01174E-1 1.08555E-1 9.75325E-2 8.8942E-2 6.12728E-2 5.20103E-2 6.74405E-2 4.61164E-2 4.46399E-2 3.80793E-2 3.18175E-2 3.67045E-2 4.27362E-2 5.41104E-2 9.99878E-2 8.84874E-2 9.90914E-2 7.81948E-2 5.0792E-2 6.39272E-2 5.50419E-2 1.07799E-1 1.19294E-1 9.71289E-2 1.60278E-1 9.20463E-2 9.10187E-2 7.94832E-2 7.85693E-2 7.56923E-2 7.56227E-2 7.65516E-2 7.25494E-2 7.90585E-2 7.98742E-2 7.54632E-2 7.3925E-2 6.25245E-2 7.54905E-2 7.96364E-2 8.01195E-2 8.24368E-2 8.96163E-2 8.936E-2 9.17525E-2 9.40892E-2 9.50932E-2 1.0293E-1 8.45152E-2 7.73531E-2 7.65778E-2 1.06604E-1 1.93703E-1 1.59503E-1 1.89198E-1
6.66692E-2 8.2995E-2 9.15181E-2 7.70227E-2 9.36983E-2 1.02308E-1 1.11474E-1 1.43323E-1 1.25757E-1 8.71568E-2 8.26234E-2 7.35785E-2 5.0634E-2 4.55056E-2 3.73699E-2 2.58014E-2 2.95472E-2 3.48361E-2 3.96475E-2 7.23117E-2 7.11628E-2 1.10631E-1 7.84199E-2 6.81219E-2 9.23093E-2 9.47841E-2 1.0158E-1 1.05138E-1 1.0052E-1 1.0136E-1 1.31877E-1 1.01591E-1 9.18807E-2 8.66751E-2 8.08178E-2 7.70491E-2 7.41457E-2 7.18662E-2 7.26914E-2 7.49698E-2 9.70914E-2 7.91371E-2 8.16951E-2 4.68601E-2 7.87602E-2 8.91104E-2 9.29526E-2 8.71939E-2 9.05146E-2 9.14134E-2 9.46503E-2 9.14613E-2 9.6683E-2 9.97014E-2 9.63065E-2 9.60228E-2 9.96475E-2 1.07032E-1 1.13292E-1 1.99354E-1 1.59062E-1
7.78792E-2 1.14386E-1 9.25654E-2 8.56207E-2 1.0001E-1 1.23262E-1 1.00068E-1 1.41063E-1 1.79855E-1 9.49245E-2 9.11357E-2 4.90865E-2 5.89518E-2 4.29367E-2 3.00495E-2 2.54173E-2 3.03338E-2 6.6549E-2 7.38838E-2 7.46203E-2 7.64729E-2 1.28174E-1 1.10445E-1 9.88238E-2 9.11409E-2 7.75226E-2 1.3627E-1 1.0858E-1 1.0646E-1 9.9591E-2 1.05871E-1 8.85656E-2 9.2734E-2 8.87087E-2 7.95887E-2 7.80713E-2 7.73363E-2 7.77927E-2 8.35379E-2 1.29842E-1 1.11184E-1 7.93519E-2 5.85345E-2 4.57005E-2 8.60971E-2 9.94218E-2 8.51189E-2 9.31048E-2 8.81601E-2 9.25633E-2 1.01377E-1 9.41374E-2 9.59974E-2 9.77548E-2 9.97544E-2 1.03857E-1 1.08774E-1 1.04374E-1 1.05792E-1 1.10609E-1 1.25602E-1
8.04737E-2 1.15521E-1 7.74462E-2 1.02462E-1 1.24154E-1 1.36646E-1 1.27829E-1 1.26887E-1 1.13795E-1 8.31321E-2 9.65817E-2 8.39174E-2 5.897E-2 4.08991E-2 3.43422E-2 3.4733E-2 4.60508E-2 2.61672E-1 1.48356E-1 8.09502E-2 1.01086E-1 7.31502E-2 8.18436E-2 8.60573E-2 8.85013E-2 1.06831E-1 1.04386E-1 1.28737E-1 1.11245E-1 9.27406E-2 1.02328E-1 9.35641E-2 9.97676E-2 8.26881E-2 8.02529E-2 7.53524E-2 7.29134E-2 8.22134E-2 7.42709E-2 8.70477E-2 6.89439E-2 7.97082E-2 5.40707E-2 7.6663E-2 8.74835E-2 1.40372E-1 5.69837E-2 8.09742E-2 8.64356E-2 8.58638E-2 8.33797E-2 8.12234E-2 9.71058E-2 1.03237E-1 9.27924E-2 9.98995E-2 1.25277E-1 1.09869E-1 1.18451E-1 1.18128E-1 1.15378E-1
1.27757E-1 9.81293E-2 7.41193E-2 1.52004E-1 1.49313E-1 1.07187E-1 1.26377E-1 1.35974E-1 1.09106E-1 6.82549E-2 1.0839E-1 9.7553E-2 9.37014E-2 7.68286E-2 5.66359E-2 5.34344E-2 7.35421E-2 2.7811E-1 5.46741E-2 7.47192E-2 1.15671E-1 9.784E-2 9.06111E-2 1.0362E-1 1.25705E-1 9.40865E-2 1.10076E-1 1.2331E-1 8.87881E-2 8.64288E-2 9.29393E-2 9.64736E-2 9.73292E-2 8.77509E-2 8.33155E-2 8.57061E-2 8.48372E-2 7.95333E-2 8.48126E-2 8.42267E-2 8.65234E-2 7.74202E-2 8.653E-2 8.78008E-2 8.20781E-2 7.08863E-2 8.01992E-2 8.33383E-2 8.95072E-2 9.08628E-2 9.76648E-2 8.65598E-2 9.52336E-2 1.07212E-1 1.10194E-1 1.01539E-1 1.03278E-1 1.06612E-1 1.16137E-1 1.06721E-1 1.22576E-1
