Final_Models_July82022/M_0.1_F_lqp_Set_1/Bison_7.asc
ncols         290
nrows         380
xllcorner     -2197417.7431653
yllcorner     -584827.01486885
cellsize      10000.0
NODATA_value  -9999
[rows 216 to 242 of 380, columns 61 to 121 of 290]
3.81644E-1 3.93972E-1 2.93408E-1 2.69496E-1 2.46875E-1 2.45858E-1 2.37268E-1 1.85733E-1 1.82932E-1 2.13623E-1 2.88934E-1 1.64302E-1 1.48576E-1 8.32852E-2 4.64439E-2 3.65053E-2 3.77482E-3 5.8743E-4 1.54544E-3 1.94234E-2 3.85503E-2 3.17888E-3 3.00664E-2 2.72766E-3 1.05713E-1 9.61946E-4 8.61325E-4 1.13963E-2 5.79124E-3 1.36288E-1 1.12011E-1 1.29152E-2 8.15667E-2 1.85751E-1 2.77028E-2 1.32572E-1 1.60717E-1 1.85813E-1 1.64294E-1 2.68765E-1 2.29937E-1 1.36629E-1 1.36042E-1 1.51521E-1 1.67738E-1 1.51565E-1 1.89176E-1 1.79407E-1 2.01721E-1 1.80128E-1 1.92471E-1 1.97382E-1 2.24587E-1 1.77296E-1 2.13105E-1 2.20464E-1 3.86124E-1 5.22952E-1 6.11444E-1 6.09114E-1 6.00554E-1
5.1233E-1 4.65E-1 4.26793E-1 2.47524E-1 2.80949E-1 3.71096E-1 2.80179E-1 2.42508E-1 2.63608E-1 2.38138E-1 3.74846E-1 2.93618E-1 1.69741E-1 1.06201E-1 8.71578E-2 6.09211E-2 2.61231E-3 5.30667E-3 1.20069E-1 7.05594E-3 5.73025E-3 2.1266E-3 8.06865E-3 1.73812E-2 1.76484E-3 4.5718E-3 5.09437E-2 1.40629E-2 8.32793E-3 8.13906E-2 5.29793E-3 5.23532E-2 4.55734E-2 1.39449E-1 6.06505E-2 7.80083E-2 1.0553E-1 9.60588E-2 2.3415E-1 3.15526E-1 1.66172E-1 1.05094E-1 1.18461E-1 1.57653E-1 1.51416E-1 1.44554E-1 2.12244E-1 2.04529E-1 1.7004E-1 1.72512E-1 1.88005E-1 1.95871E-1 1.96912E-1 1.87206E-1 1.79748E-1 1.92586E-1 2.01548E-1 2.38987E-1 4.53594E-1 5.9531E-1 6.16419E-1
6.66452E-1 5.41062E-1 5.65788E-1 2.46885E-1 3.21667E-1 2.67045E-1 3.43852E-1 3.11023E-1 2.88297E-1 1.68662E-1 1.71022E-1 2.46555E-1 1.52456E-1 1.08325E-1 9.83074E-2 1.35167E-1 1.73804E-1 1.77919E-1 9.8703E-2 4.24755E-3 2.86206E-3 4.81937E-3 1.31305E-2 1.53222E-3 2.20755E-3 3.50349E-2 1.42965E-3 1.16659E-1 5.76214E-2 1.51964E-2 5.64285E-2 3.0223E-2 2.16416E-2 4.3312E-2 1.78107E-2 8.57885E-3 9.58063E-2 8.71071E-2 2.81672E-1 2.27817E-1 4.0275E-1 1.29721E-1 9.09522E-2 1.26618E-1 1.22207E-1 1.81261E-1 1.83254E-1 2.01201E-1 1.89522E-1 1.56507E-1 1.84479E-1 2.7184E-1 2.6503E-1 2.07501E-1 1.85425E-1 1.89578E-1 2.08558E-1 2.21628E-1 3.04947E-1 6.09325E-1 6.14857E-1
6.18227E-1 3.66535E-1 3.61774E-1 2.83733E-1 2.52452E-1 5.45243E-1 2.58352E-1 2.13665E-1 2.25427E-1 1.76245E-1 2.08663E-1 2.2711E-1 1.4827E-1 1.27899E-1 1.19615E-1 1.11634E-1 8.8196E-2 9.87974E-2 1.36037E-1 6.17299E-2 1.42101E-2 5.15602E-3 7.95644E-3 3.20021E-3 1.5655E-3 7.70404E-3 6.51016E-3 2.40038E-2 5.18561E-3 4.74568E-3 4.25413E-2 4.81315E-2 2.09066E-2 1.96248E-2 9.9646E-2 3.93753E-2 1.53915E-1 1.76332E-1 3.49317E-1 1.22202E-1 1.84125E-1 2.85707E-1 9.97861E-2 6.78947E-2 5.85984E-2 3.67062E-1 2.27784E-1 1.52779E-1 1.76911E-1 1.72221E-1 1.65264E-1 1.97256E-1 2.38357E-1 2.18078E-1 1.93265E-1 1.97242E-1 2.50993E-1 2.50331E-1 5.44637E-1 5.88006E-1 6.05487E-1
5.15164E-1 3.53824E-1 3.58873E-1 3.36524E-1 3.07946E-1 3.67126E-1 2.10408E-1 2.32413E-1 1.86204E-1 2.74899E-1 2.22755E-1 1.98399E-1 2.62298E-1 2.34211E-1 1.50018E-1 1.3098E-1 4.46593E-2 3.19403E-2 2.54748E-2 5.32038E-3 1.05271E-2 3.55904E-2 5.04559E-3 2.3168E-2 1.17599E-1 1.44956E-2 5.2174E-3 6.83248E-3 9.62538E-3 7.48249E-4 1.08071E-2 4.81132E-2 4.98885E-2 4.8407E-2 7.55391E-2 4.02089E-2 1.65895E-1 2.45792E-1 2.10473E-1 1.09382E-1 5.4439E-2 1.99788E-1 1.25939E-1 4.24107E-2 4.21696E-2 5.48299E-2 2.10118E-1 1.66905E-1 2.09493E-1 1.93579E-1 1.44437E-1 2.01161E-1 2.11743E-1 1.8284E-1 1.9375E-1 1.90103E-1 4.72282E-1 3.208E-1 6.19745E-1 6.07997E-1 6.28602E-1
3.11913E-1 3.1803E-1 3.15581E-1 3.29183E-1 3.12003E-1 2.89741E-1 3.36426E-1 2.97002E-1 1.96357E-1 2.49881E-1 2.82295E-1 2.00503E-1 2.5012E-1 2.63513E-1 1.66437E-1 2.96328E-2 7.8301E-2 9.12188E-2 5.51848E-2 3.4108E-4 4.33482E-3 5.54946E-3 1.10944E-3 4.59803E-3 1.27625E-2 7.52041E-3 1.80383E-2 1.36308E-3 4.655E-3 1.45186E-3 2.94672E-2 2.52386E-2 4.27989E-2 5.90307E-2 3.54015E-2 1.8934E-1 5.24999E-2 1.63871E-1 2.89434E-1 9.29939E-2 6.95061E-2 8.19329E-2 9.57877E-2 2.85027E-2 2.35353E-2 6.16781E-2 9.321E-2 1.28903E-1 1.71817E-1 1.68916E-1 1.87688E-1 1.87073E-1 2.15344E-1 1.83191E-1 1.89854E-1 1.79129E-1 2.51272E-1 4.14472E-1 6.21154E-1 5.91632E-1 6.08784E-1
3.48521E-1 2.86676E-1 4.53593E-1 4.80064E-1 6.24579E-1 3.19643E-1 5.49817E-1 5.23963E-1 2.3775E-1 2.39307E-1 3.59445E-1 2.91913E-1 2.38638E-1 2.30704E-1 1.68502E-1 3.62662E-2 1.17249E-2 5.60468E-2 4.6861E-2 1.51192E-2 2.39899E-3 2.56104E-3 3.22699E-2 5.34623E-3 8.79367E-4 2.89937E-3 1.56868E-2 5.68726E-3 5.0246E-5 6.08458E-3 6.07352E-3 6.26599E-3 2.33113E-2 3.02288E-2 4.96762E-2 1.31977E-2 7.9229E-2 8.4771E-2 1.86081E-1 7.0654E-2 6.83435E-2 9.84788E-2 1.45238E-1 8.1077E-2 3.75727E-2 3.93752E-2 7.45438E-2 1.52991E-1 1.94682E-1 2.52706E-1 2.53915E-1 1.91011E-1 2.04812E-1 2.0323E-1 2.10201E-1 1.96022E-1 1.95232E-1 2.11317E-1 3.65435E-1 6.36745E-1 6.16447E-1
1.85374E-1 2.40137E-1 4.18046E-1 4.62254E-1 3.017E-1 4.32169E-1 6.00244E-1 3.80086E-1 2.88766E-1 2.26183E-1 2.45717E-1 2.24703E-1 3.04682E-1 1.72712E-1 1.58055E-1 1.07805E-1 3.03359E-3 5.5834E-3 4.22853E-2 5.0618E-3 2.70172E-3 1.3388E-3 3.74313E-2 5.63926E-3 2.0499E-3 5.49084E-3 1.79434E-2 4.34487E-2 2.97941E-4 9.37876E-3 1.3746E-2 5.65752E-2 6.75173E-2 5.44075E-3 2.83824E-2 4.47044E-2 7.41259E-3 3.47151E-2 1.11881E-1 1.14857E-1 1.09434E-1 9.95994E-2 1.48617E-1 1.01922E-1 2.10994E-1 4.01643E-2 3.84183E-2 7.84472E-2 2.01818E-1 2.15835E-1 2.0189E-1 2.11748E-1 2.05776E-1 1.90087E-1 2.08134E-1 2.10005E-1 2.0196E-1 2.23375E-1 6.10274E-1 6.51402E-1 6.37196E-1
6.61725E-2 2.34246E-1 1.62124E-1 2.43578E-1 4.37803E-1 1.76206E-1 5.7882E-1 4.62799E-1 2.71782E-1 1.96852E-1 2.01622E-1 2.4486E-1 2.51866E-1 1.77353E-1 1.32716E-1 1.49486E-1 3.60326E-2 1.88162E-2 2.60566E-3 4.14535E-2 1.60235E-3 9.6387E-4 2.49012E-2 1.74534E-3 7.8872E-4 4.94986E-3 1.52134E-2 1.75396E-2 3.25556E-4 9.10104E-4 1.51887E-2 1.85668E-2 9.51245E-3 3.94715E-2 1.3197E-2 1.97848E-2 5.58419E-2 1.55544E-1 1.05128E-1 6.48717E-2 4.06612E-2 1.89191E-1 4.9111E-2 9.43217E-2 7.68361E-2 9.09352E-2 2.21489E-2 1.17349E-1 1.40971E-1 2.67753E-1 2.46428E-1 2.12869E-1 1.91522E-1 2.24902E-1 1.93842E-1 1.90674E-1 2.01251E-1 2.20937E-1 5.8644E-1 6.61835E-1 6.43019E-1
6.19862E-2 1.41669E-1 3.89034E-2 1.59117E-1 2.73763E-1 1.88469E-1 4.21896E-1 2.60344E-1 2.5521E-1 2.38389E-1 2.18758E-1 2.15798E-1 2.52286E-1 2.02941E-1 1.42237E-1 1.35245E-1 9.68515E-2 8.88538E-2 6.8953E-2 5.84137E-2 2.68511E-2 4.26067E-2 2.70461E-2 2.38745E-3 3.06843E-3 3.05516E-2 1.95641E-3 1.42904E-3 8.02191E-3 4.58633E-4 1.06078E-3 1.60797E-2 1.69284E-3 4.98245E-2 1.37952E-2 2.14545E-2 6.95325E-2 1.23054E-1 1.03558E-1 2.16161E-1 6.56833E-2 1.04935E-1 8.19662E-2 1.06311E-1 7.65843E-2 8.54739E-2 2.31992E-2 4.40406E-2 2.14096E-1 2.22101E-1 2.81421E-1 2.24058E-1 1.88053E-1 2.12858E-1 1.98522E-1 2.07616E-1 2.23681E-1 2.29158E-1 2.34963E-1 2.60128E-1 2.77368E-1
3.29781E-2 1.59736E-2 8.64378E-2 9.0082E-2 1.89793E-1 5.51403E-1 5.21462E-1 4.83053E-1 2.82232E-1 3.01871E-1 2.31965E-1 2.03735E-1 2.42779E-1 2.66357E-1 1.64125E-1 1.5952E-1 1.59751E-1 1.68567E-1 1.27986E-1 1.30292E-1 7.98366E-2 5.29901E-2 4.14703E-2 2.17895E-3 2.64033E-4 1.01311E-3 8.9917E-4 7.61183E-3 1.62115E-3 1.3971E-2 1.36034E-2 7.91636E-2 4.04781E-3 6.98617E-3 6.28874E-2 1.14049E-2 3.03663E-3 6.50322E-2 1.12464E-1 3.79078E-2 7.35442E-2 1.47706E-1 1.14448E-1 8.95833E-2 9.12466E-2 6.40655E-2 5.55379E-2 6.79955E-2 1.71572E-1 2.90958E-1 3.31418E-1 3.29419E-1 2.1252E-1 2.19681E-1 2.09881E-1 2.34212E-1 2.38252E-1 2.41244E-1 3.22981E-1 3.98984E-1 4.33034E-1
4.87954E-3 9.4187E-3 1.11363E-2 7.17183E-2 1.72079E-1 2.89608E-1 4.12406E-1 1.75754E-1 2.52789E-1 2.65184E-1 2.53142E-1 1.94871E-1 2.00677E-1 2.93042E-1 2.47437E-1 1.56043E-1 1.40198E-1 1.06562E-1 1.14713E-1 5.08012E-2 2.70737E-2 2.91017E-2 3.87197E-2 1.35565E-3 5.4861E-4 8.22513E-4 5.43756E-4 2.17985E-3 3.32953E-3 3.01858E-3 4.31468E-2 4.59021E-3 7.87E-4 6.43758E-2 2.78659E-2 2.55093E-2 5.71208E-2 1.31964E-1 1.43264E-1 5.82769E-2 9.01279E-2 1.96483E-1 2.24578E-1 1.08964E-1 1.37795E-1 1.13436E-1 1.24181E-1 1.38708E-1 1.99738E-1 2.97282E-1 1.73512E-1 2.49554E-1 2.56262E-1 2.44887E-1 2.35286E-1 2.34156E-1 2.38914E-1 2.6067E-1 3.02424E-1 4.39599E-1 6.69148E-1
5.7805E-3 5.96453E-3 1.88958E-2 4.5156E-2 6.95254E-3 3.16704E-1 3.42591E-1 2.50113E-1 2.84392E-1 3.96939E-1 2.47483E-1 3.00823E-1 2.7227E-1 1.93186E-1 2.17507E-1 1.78715E-1 1.29968E-1 1.18022E-1 1.02845E-1 9.56236E-2 3.99003E-2 2.15007E-2 1.12455E-2 6.02085E-3 4.78855E-3 9.19891E-4 4.88735E-4 4.86727E-3 6.45344E-4 1.88104E-2 6.30475E-3 1.68549E-3 1.55127E-3 1.37444E-3 1.60786E-2 9.79548E-3 2.06558E-3 9.09412E-2 1.95663E-1 6.78085E-2 1.48744E-1 1.21904E-1 1.29902E-1 2.07305E-1 1.29821E-1 1.50038E-1 2.30046E-1 1.86331E-1 2.97209E-1 1.83584E-1 3.04649E-1 2.73564E-1 2.57391E-1 2.32914E-1 2.69134E-1 2.40876E-1 2.33332E-1 5.28145E-1 6.27477E-1 6.57977E-1 6.85819E-1
8.24047E-2 1.08065E-2 3.35621E-2 8.97011E-3 1.6699E-2 1.35433E-1 3.57625E-1 3.12376E-1 3.01673E-1 3.53214E-1 3.00968E-1 2.22719E-1 2.23834E-1 1.93803E-1 1.82399E-1 1.85946E-1 1.23946E-1 9.18233E-2 8.22319E-2 8.55045E-2 6.41693E-2 1.0258E-1 1.03838E-2 9.9742E-3 4.69198E-3 4.83583E-3 1.40562E-4 9.30181E-4 1.28909E-3 1.05248E-2 3.33531E-3 6.68254E-3 1.21486E-3 7.57933E-3 6.11686E-3 1.18692E-2 1.14118E-2 2.02557E-2 9.0299E-2 4.89164E-2 1.29149E-1 2.27738E-1 2.1233E-1 7.93846E-2 3.9673E-2 6.42176E-2 1.12756E-1 2.30285E-1 1.65325E-1 2.41165E-1 2.82849E-1 2.86163E-1 2.60777E-1 2.66543E-1 2.24805E-1 2.86083E-1 3.19687E-1 5.88408E-1 6.61264E-1 6.81439E-1 6.97665E-1
1.54526E-2 1.8157E-2 8.39314E-3 1.21141E-2 7.02237E-3 6.99234E-2 3.39843E-1 3.36971E-1 1.89199E-1 3.68608E-1 3.05793E-1 2.87375E-1 2.636E-1 2.27988E-1 1.98329E-1 1.77414E-1 1.59587E-1 9.66162E-2 9.63593E-2 9.08271E-2 1.50856E-1 6.03926E-2 4.7348E-2 1.55723E-2 3.83127E-2 1.93032E-2 3.38275E-2 2.31549E-3 2.41415E-3 1.34879E-3 2.14324E-3 1.08944E-2 7.57086E-4 1.17422E-3 2.16273E-3 1.09437E-3 1.50493E-2 1.91425E-2 6.63728E-3 1.13004E-1 8.1989E-2 6.93928E-2 1.00779E-1 1.25891E-1 1.86786E-1 1.58841E-1 7.40996E-2 1.85675E-1 1.34604E-1 2.80385E-1 1.67279E-1 1.46166E-1 2.31497E-1 3.01493E-1 2.66464E-1 3.31816E-1 5.41688E-1 6.64148E-1 6.39917E-1 6.24483E-1 6.44219E-1
4.82246E-3 1.59612E-2 1.79141E-2 7.59295E-3 4.35596E-3 1.77746E-2 1.62227E-1 1.60244E-1 1.77432E-1 2.87301E-1 3.43694E-1 3.0875E-1 2.84423E-1 2.03786E-1 1.8716E-1 1.63599E-1 1.36545E-1 1.31849E-1 6.95545E-2 1.2197E-1 4.5713E-2 1.01291E-2 2.5976E-2 4.66325E-2 7.41668E-3 1.26692E-3 4.00918E-4 2.50767E-2 3.86951E-3 -9999 2.01383E-4 1.22742E-3 8.53686E-5 5.78791E-4 1.49999E-2 3.67262E-3 7.11425E-3 8.04395E-3 5.14698E-2 1.05637E-1 5.17115E-2 1.84589E-1 9.29656E-2 3.3748E-2 4.62769E-2 9.95502E-2 1.04742E-1 2.05828E-1 1.21205E-1 1.20475E-1 1.17075E-1 1.59216E-1 2.04863E-1 2.69537E-1 2.64049E-1 3.35998E-1 5.67327E-1 6.38788E-1 6.70298E-1 6.20554E-1 5.94426E-1
1.83214E-2 2.62619E-2 1.4835E-2 2.5893E-2 1.10803E-2 3.19389E-2 1.07151E-1 1.7996E-1 2.49461E-1 2.34984E-1 3.66832E-1 3.00869E-1 1.72175E-1 2.21989E-1 2.14854E-1 1.76084E-1 1.70649E-1 1.33165E-1 1.4822E-1 1.95034E-1 4.39237E-2 3.80481E-2 2.06934E-2 1.33601E-2 1.38456E-2 2.01646E-2 1.25279E-2 1.32393E-4 1.06184E-3 1.49358E-3 3.83924E-4 5.89731E-3 1.24137E-3 7.25911E-4 2.97358E-3 4.14795E-2 1.95424E-2 2.07249E-2 3.29451E-2 3.36428E-2 7.2824E-2 1.92115E-1 1.24257E-1 2.94487E-2 5.43196E-2 2.15153E-1 6.37102E-2 2.39815E-2 1.45666E-1 9.47727E-2 9.65992E-2 2.12305E-1 3.31879E-1 2.41288E-1 3.12586E-1 2.97506E-1 2.78911E-1 6.25671E-1 6.73947E-1 7.00072E-1 6.25493E-1
5.89092E-2 9.17219E-3 2.01081E-2 1.7793E-2 6.38183E-2 4.75512E-2 1.61289E-1 2.43807E-1 4.21389E-1 2.02863E-1 2.39505E-1 2.7121E-1 1.71146E-1 2.18643E-1 2.19037E-1 2.17039E-1 2.4776E-1 1.37006E-1 1.78983E-1 1.7145E-1 4.54285E-2 8.65683E-2 1.29449E-1 2.08824E-2 9.85191E-3 5.07559E-3 6.1269E-4 3.33592E-4 2.42446E-4 1.36549E-3 2.03065E-3 4.68182E-4 2.9952E-4 1.81552E-3 2.78657E-4 3.67253E-3 2.88156E-2 1.59657E-3 5.07712E-2 7.56769E-3 1.02482E-2 3.61121E-2 1.07927E-1 1.70353E-1 4.83155E-2 9.02938E-2 1.61395E-1 2.61441E-1 1.75955E-1 1.5525E-1 1.56412E-1 2.00836E-1 1.45843E-1 3.00735E-1 3.48871E-1 3.50589E-1 4.27711E-1 6.53603E-1 6.90275E-1 7.07987E-1 6.71541E-1
6.9662E-3 5.96362E-2 6.29784E-3 4.37403E-2 3.41832E-2 1.1405E-1 1.65075E-1 3.74455E-1 1.43267E-1 2.58005E-1 2.73717E-1 2.57428E-1 2.22461E-1 2.52142E-1 1.51039E-1 2.20992E-1 1.96282E-1 1.48444E-1 2.68728E-1 2.22265E-1 1.44521E-1 5.64811E-2 4.74404E-2 8.22377E-2 7.25786E-2 9.63652E-4 2.62828E-3 1.1153E-4 2.08074E-3 2.80519E-4 2.29876E-4 1.02863E-2 4.13026E-4 1.44389E-3 3.7403E-4 1.06892E-2 3.71369E-3 5.04381E-3 4.14885E-2 5.42523E-2 3.22923E-2 1.85067E-2 9.51839E-2 8.53029E-2 2.74607E-2 8.74374E-2 6.71014E-2 1.97596E-1 2.07778E-1 1.45515E-1 1.01094E-1 1.51754E-1 1.55715E-1 1.2985E-1 2.17331E-1 2.41422E-1 4.12681E-1 4.06748E-1 6.6497E-1 7.38336E-1 7.10679E-1
2.27299E-2 1.98154E-2 8.09867E-2 1.10987E-1 2.04699E-2 6.91846E-2 2.46924E-1 2.27631E-1 2.30133E-1 2.56881E-1 3.3635E-1 2.39399E-1 2.02373E-1 2.25503E-1 2.62616E-1 2.22519E-1 1.47718E-1 1.53689E-1 3.58222E-1 3.6842E-1 1.34226E-1 9.14974E-2 9.25918E-2 1.06861E-1 2.37256E-2 2.33594E-4 4.32126E-3 8.11715E-3 7.90882E-3 2.77781E-4 1.29033E-4 1.12287E-2 1.56243E-3 3.60309E-4 1.55776E-3 7.06188E-3 7.31837E-3 1.17343E-3 9.98246E-3 8.43601E-3 2.02211E-2 4.99165E-2 8.32758E-2 1.05349E-1 7.1851E-2 1.11153E-1 5.68542E-2 1.12597E-1 9.53354E-2 1.66787E-1 1.59915E-1 1.08593E-1 9.48447E-2 1.95165E-1 3.24432E-1 3.5539E-1 5.38978E-1 6.39453E-1 7.6397E-1 7.52009E-1 7.07388E-1
7.74237E-3 2.61033E-2 5.41093E-2 1.90712E-2 7.452E-2 1.67543E-1 6.55771E-2 2.14173E-1 2.56331E-1 3.54335E-1 2.75558E-1 3.36104E-1 2.71759E-1 1.1881E-1 2.71641E-1 2.54819E-1 1.63883E-1 1.98556E-1 1.03414E-1 2.3774E-1 3.05294E-1 6.39536E-2 4.94917E-2 2.12205E-2 8.5519E-3 1.93999E-3 9.26223E-4 5.11017E-2 2.93445E-4 1.93929E-3 3.14562E-2 4.2239E-3 3.42968E-3 1.6048E-3 5.12172E-3 3.02678E-3 8.33367E-4 5.3772E-4 8.90623E-5 1.4727E-3 1.09273E-1 5.88619E-2 2.27341E-2 9.38806E-3 1.24368E-1 1.23943E-1 5.0892E-2 2.56509E-2 1.02018E-1 5.83042E-2 1.50191E-1 1.50886E-1 3.14743E-1 3.55238E-1 4.97894E-1 5.42823E-1 6.00256E-1 7.94122E-1 7.93898E-1 7.50604E-1 6.88234E-1
2.19588E-2 1.79445E-2 6.74893E-3 -9999 3.65206E-2 1.30416E-2 1.55934E-1 1.6086E-1 4.15123E-1 4.81683E-1 5.03392E-1 3.09539E-1 5.24205E-1 3.69748E-1 2.65032E-1 3.57388E-1 2.23415E-1 1.74334E-1 1.83904E-1 1.01439E-1 2.94748E-2 4.44223E-2 3.99227E-2 2.98282E-2 9.6573E-3 2.26876E-3 8.13126E-3 5.30982E-3 4.16928E-4 2.7589E-3 1.64943E-1 3.89118E-3 4.51369E-3 1.0648E-3 1.6179E-2 5.48001E-4 1.84022E-3 6.06101E-4 1.79724E-3 1.40449E-3 2.84038E-2 9.91502E-2 2.45832E-2 2.01965E-2 9.84457E-2 3.41521E-2 4.38892E-2 6.17752E-3 6.64294E-2 1.05062E-1 1.5648E-1 8.3065E-2 2.23091E-1 3.72871E-1 4.03447E-1 6.65643E-1 4.87351E-1 7.92084E-1 7.81223E-1 7.34328E-1 6.51329E-1
2.92728E-2 3.17666E-2 5.79956E-3 2.63926E-2 2.75106E-2 7.92349E-2 4.34967E-2 1.73575E-1 2.32257E-1 4.65387E-1 4.07707E-1 3.26929E-1 4.71516E-1 3.65472E-1 2.1509E-1 3.41684E-1 4.43698E-1 3.61616E-1 2.22631E-1 1.21385E-1 2.96585E-2 5.53497E-2 6.9514E-2 2.8944E-2 5.42331E-2 3.58922E-2 4.81079E-2 5.33121E-3 2.67473E-4 7.66216E-4 3.99665E-3 1.22777E-3 1.41314E-2 6.06811E-4 1.91661E-3 5.15366E-4 6.06566E-4 2.98278E-3 7.60474E-3 3.42862E-3 1.33114E-3 1.0317E-1 3.47776E-2 2.17104E-2 6.84678E-2 1.6627E-2 1.32792E-2 1.60038E-2 5.98629E-2 1.00723E-1 2.99498E-2 1.14737E-1 1.55846E-1 2.28603E-1 3.11533E-1 5.90875E-1 5.13176E-1 5.30437E-1 7.71349E-1 7.03419E-1 6.59568E-1
3.44874E-2 2.15078E-2 7.27037E-3 1.9869E-2 1.09717E-1 5.83186E-2 1.03998E-1 1.60355E-1 2.74802E-1 2.27758E-1 3.41574E-1 2.87578E-1 2.86688E-1 3.88325E-1 3.86995E-1 4.60727E-1 5.19871E-1 5.73792E-1 1.54302E-1 1.76569E-1 2.94564E-1 1.45404E-1 6.65931E-2 1.37037E-1 6.29216E-2 3.96064E-2 6.31891E-2 6.92876E-4 1.83952E-2 3.11836E-3 1.08452E-3 3.554E-4 4.47299E-3 6.24053E-3 2.09186E-3 1.56475E-5 1.20401E-3 2.5628E-2 4.85765E-3 3.04157E-4 6.52584E-3 1.30143E-1 1.6265E-2 3.30593E-2 1.81727E-2 2.69051E-2 5.08232E-3 1.38871E-1 1.12107E-1 1.57572E-1 7.53436E-2 1.48454E-1 1.05162E-1 1.61598E-1 3.15084E-1 5.82913E-1 6.50637E-1 6.10844E-1 7.81535E-1 6.71456E-1 6.82674E-1
2.05457E-2 6.29778E-3 2.47982E-2 2.37723E-2 3.38562E-2 2.46344E-1 8.81857E-2 1.77913E-1 9.43747E-2 1.41263E-1 3.22567E-1 2.95471E-1 2.96461E-1 2.89459E-1 3.01495E-1 4.05593E-1 5.45413E-1 3.66488E-1 3.70569E-1 2.9978E-1 3.1873E-1 9.23853E-2 6.35561E-2 4.44352E-2 1.16852E-1 6.10552E-2 5.54924E-2 6.6691E-3 5.80913E-4 3.93377E-4 4.48809E-3 3.05939E-4 1.37538E-2 1.58404E-4 1.21247E-3 2.04033E-2 1.02838E-2 6.23791E-2 7.08519E-3 3.32195E-4 3.44639E-3 1.40718E-2 4.08759E-2 5.73491E-2 1.30872E-1 1.68449E-2 2.50524E-1 3.71841E-3 1.93625E-2 3.65428E-2 5.14364E-2 1.09282E-1 2.32863E-1 2.23099E-1 3.16464E-1 4.86868E-1 6.56219E-1 5.44404E-1 7.18806E-1 6.80922E-1 6.75903E-1
1.52971E-2 7.57624E-3 2.66524E-2 4.0728E-2 3.19764E-2 1.30062E-1 1.30089E-1 7.519E-2 2.00426E-1 1.24835E-1 2.55305E-1 3.52426E-1 3.33301E-1 2.57403E-1 2.5871E-1 2.40983E-1 6.627E-1 3.08877E-1 3.09484E-1 2.61048E-1 1.58758E-1 1.15195E-1 1.33582E-1 1.34736E-1 7.91558E-2 5.33867E-2 4.33875E-4 1.02182E-4 6.87969E-4 2.07164E-3 1.68219E-3 1.2929E-2 1.83875E-2 1.50479E-3 1.22689E-3 8.60537E-4 2.28093E-3 6.63948E-3 4.84697E-3 1.62487E-2 3.22137E-2 6.21365E-3 1.05084E-1 1.33761E-2 3.80668E-2 3.72279E-2 3.12869E-1 5.04889E-2 2.12656E-2 6.21221E-2 1.85471E-1 2.82431E-1 2.03143E-1 2.95642E-1 3.68004E-1 4.48416E-1 5.3539E-1 7.46952E-1 7.66002E-1 6.86554E-1 6.8043E-1
1.59582E-4 1.97037E-3 6.12245E-2 2.05697E-2 1.10487E-1 1.50936E-1 9.63084E-2 3.69205E-2 1.08468E-1 1.75765E-1 2.5891E-1 2.43679E-1 2.3286E-1 2.06935E-1 2.4075E-1 2.79106E-1 5.49464E-1 2.11963E-1 1.66561E-1 1.88072E-1 1.32848E-1 9.5112E-2 1.19082E-1 1.5488E-1 1.30126E-1 3.16135E-2 5.62967E-4 1.64671E-2 1.13712E-2 6.76557E-4 7.47202E-3 1.75395E-3 3.81033E-3 7.28267E-5 3.4771E-3 3.11755E-3 1.20333E-3 4.0351E-2 3.26033E-3 -9999 2.3424E-2 4.73728E-3 4.11162E-2 1.47025E-1 3.70585E-2 5.12383E-3 1.04912E-1 7.90851E-2 7.5377E-4 1.52392E-1 2.53482E-1 3.65709E-1 2.12961E-1 2.8774E-1 3.50806E-1 6.30935E-1 7.73607E-1 7.78076E-1 7.20954E-1 7.0396E-1 6.91461E-1
