Final_Models_July82022/M_0.1_F_lqp_Set_1/Bison_max.asc
ncols         290
nrows         380
xllcorner     -2197417.7431653
yllcorner     -584827.01486885
cellsize      10000.0
NODATA_value  -9999
[rows 189 to 215 of 380, columns 61 to 121 of 290]
1.01536E-1 1.86619E-1 1.52002E-1 1.39991E-1 1.30594E-1 6.04936E-2 5.03304E-2 3.46387E-2 2.04748E-2 1.82972E-2 1.05048E-2 2.12978E-2 1.86535E-2 5.08835E-2 1.55707E-2 9.69627E-3 1.83409E-3 2.92694E-4 1.06098E-3 1.04114E-2 2.71223E-2 2.3526E-2 1.52871E-2 5.59956E-2 5.52853E-2 2.26528E-2 7.90486E-2 8.8066E-2 1.23474E-1 1.58312E-1 1.44886E-1 2.201E-1 3.74409E-1 2.95955E-1 3.7566E-1 2.17792E-1 5.112E-1 5.82507E-1 3.94702E-1 5.39183E-1 5.6192E-1 5.45973E-1 5.35079E-1 5.97758E-1 5.97635E-1 5.84317E-1 4.01489E-1 5.52585E-1 5.80295E-1 5.57685E-1 3.82499E-1 3.71925E-1 5.0117E-1 3.21268E-1 2.54421E-1 2.66469E-1 2.45466E-1 2.70599E-1 2.8665E-1 2.36414E-1 2.44247E-1
5.09688E-2 9.10426E-2 2.56246E-1 1.81913E-1 1.04674E-1 8.17241E-2 7.33787E-2 5.534E-2 3.67612E-2 3.70206E-2 7.46702E-2 1.97219E-2 5.28998E-2 2.38828E-2 7.1367E-3 1.62215E-2 1.95388E-3 4.86417E-4 8.53941E-3 1.02313E-2 1.0643E-2 1.5545E-2 1.33741E-2 1.80435E-2 2.49662E-2 7.69803E-2 1.39207E-1 5.19064E-2 7.6974E-2 1.28636E-1 1.3576E-1 1.66903E-1 1.85837E-1 3.59594E-1 5.64994E-1 5.64667E-1 4.88772E-1 4.75703E-1 5.72276E-1 3.52095E-1 2.487E-1 3.69231E-1 3.86193E-1 5.2286E-1 4.66271E-1 5.16309E-1 5.3345E-1 5.13914E-1 4.92501E-1 5.79447E-1 3.62132E-1 3.5735E-1 4.86097E-1 3.29056E-1 2.47385E-1 2.86257E-1 3.06891E-1 3.02457E-1 2.79159E-1 2.80738E-1 2.86174E-1
4.78782E-2 1.05308E-1 2.08202E-1 2.35429E-1 1.13419E-1 1.00658E-1 9.36443E-2 5.87905E-2 3.98759E-2 4.67602E-2 2.44342E-2 2.41908E-2 3.47744E-2 1.36905E-2 8.56813E-3 9.72287E-3 1.06841E-2 1.3277E-3 1.30222E-3 6.80391E-3 8.98981E-3 2.26256E-2 3.58125E-2 5.74594E-2 3.91989E-2 2.82237E-2 1.34826E-1 6.61178E-2 8.53647E-2 9.85678E-2 1.312E-1 1.51038E-1 2.07696E-1 5.35871E-1 5.2223E-1 4.82212E-1 5.0794E-1 5.66534E-1 4.68611E-1 5.36879E-1 6.02393E-1 6.14339E-1 5.66073E-1 6.18595E-1 5.90527E-1 5.70557E-1 5.22199E-1 3.03976E-1 3.02654E-1 5.96501E-1 4.30168E-1 4.16953E-1 4.46788E-1 4.00389E-1 2.91146E-1 3.14158E-1 5.33838E-1 3.54904E-1 3.16587E-1 2.89348E-1 3.12586E-1
6.5805E-2 7.29859E-2 9.64208E-2 1.99443E-1 1.28805E-1 8.93104E-2 9.15317E-2 8.02361E-2 5.45054E-2 4.30702E-2 3.7954E-2 5.04924E-2 5.93108E-2 2.01893E-2 9.25353E-3 8.24861E-3 1.04217E-2 1.31845E-3 2.50122E-3 1.07843E-2 1.39593E-2 1.15234E-2 7.92138E-3 7.10386E-3 5.7388E-2 1.35605E-1 5.83968E-2 4.48938E-2 6.15845E-2 8.36587E-2 1.24483E-1 1.67162E-1 2.29604E-1 3.9927E-1 4.5956E-1 5.81852E-1 6.06502E-1 5.94016E-1 5.41499E-1 4.73526E-1 4.71952E-1 4.60779E-1 3.93212E-1 5.4813E-1 4.89536E-1 5.84756E-1 5.45973E-1 2.46885E-1 5.78892E-1 5.27958E-1 5.75965E-1 4.69686E-1 5.55934E-1 5.07443E-1 4.61252E-1 5.64491E-1 5.50952E-1 3.73515E-1 3.86878E-1 4.00718E-1 2.97543E-1
6.69491E-2 6.13086E-2 8.52426E-2 1.48557E-1 1.52046E-1 9.33198E-2 8.9931E-2 1.09433E-1 7.20816E-2 8.81468E-2 4.71646E-2 4.99242E-2 3.32926E-2 2.55176E-2 1.65862E-2 5.07118E-3 1.51491E-2 3.29686E-3 1.53126E-3 2.00145E-3 8.72528E-3 1.57841E-2 1.10571E-2 7.37228E-3 3.03821E-2 9.92222E-3 1.48402E-2 4.00066E-2 4.31849E-2 1.05753E-1 1.2596E-1 1.75786E-1 2.4049E-1 6.26601E-1 6.15766E-1 5.12466E-1 4.95144E-1 5.88532E-1 5.74492E-1 5.47799E-1 5.18087E-1 4.36181E-1 4.73034E-1 6.17007E-1 5.37881E-1 5.78997E-1 2.43364E-1 2.399E-1 3.94096E-1 4.13935E-1 5.84135E-1 4.84073E-1 5.45819E-1 5.39238E-1 3.68219E-1 5.11844E-1 5.59006E-1 4.18672E-1 2.66568E-1 2.16552E-1 2.30955E-1
1.1939E-1 1.524E-1 1.10638E-1 1.06879E-1 2.18082E-1 1.14223E-1 7.91213E-2 6.70017E-2 7.52541E-2 6.8196E-2 5.80267E-2 5.79696E-2 1.41383E-2 3.62199E-2 1.29543E-2 4.86043E-3 2.76643E-3 3.19246E-2 6.93578E-3 2.60329E-3 1.65238E-3 3.45539E-3 1.5195E-2 2.19376E-2 2.57834E-2 4.44213E-2 4.1638E-2 3.74197E-2 4.90352E-2 5.94572E-2 9.86797E-2 1.84555E-1 2.20156E-1 5.66546E-1 6.16806E-1 6.00826E-1 5.90881E-1 5.87027E-1 5.6586E-1 6.02001E-1 6.19108E-1 5.5631E-1 4.81576E-1 5.13969E-1 4.65813E-1 5.14146E-1 2.22447E-1 2.20959E-1 3.26422E-1 5.44136E-1 5.575E-1 5.73222E-1 4.85024E-1 5.40682E-1 5.59566E-1 5.32523E-1 5.58101E-1 3.20129E-1 2.29855E-1 2.48046E-1 2.91588E-1
2.18446E-1 2.3485E-1 2.99963E-1 1.65691E-1 1.08845E-1 1.12851E-1 1.00662E-1 7.29325E-2 8.46306E-2 6.69617E-2 7.3979E-2 4.25623E-2 2.95704E-2 4.14873E-2 1.05678E-2 3.05068E-3 5.29606E-3 1.51051E-2 1.87262E-2 2.77502E-3 9.78208E-4 1.09579E-2 2.80186E-3 3.38075E-2 8.89449E-3 1.65153E-2 1.11046E-2 2.06572E-2 3.75392E-2 4.10636E-2 7.87295E-2 1.75069E-1 2.40645E-1 3.04224E-1 2.66623E-1 1.92421E-1 2.40864E-1 3.99591E-1 5.68021E-1 4.71154E-1 3.247E-1 2.68453E-1 2.94311E-1 4.0336E-1 5.64683E-1 5.3055E-1 2.32711E-1 2.22893E-1 3.16159E-1 5.28511E-1 5.55532E-1 4.09053E-1 4.98293E-1 5.5539E-1 5.52357E-1 5.23729E-1 3.427E-1 2.94294E-1 2.25483E-1 2.11142E-1 2.14371E-1
2.58733E-1 3.76868E-1 4.30229E-1 5.3707E-1 2.711E-1 1.322E-1 1.26275E-1 1.26732E-1 7.53563E-2 6.51318E-2 8.06797E-2 6.5452E-2 6.9801E-2 4.70298E-2 1.80942E-2 6.98408E-3 6.97509E-3 2.22016E-3 5.66601E-4 1.08636E-2 4.1675E-3 1.29071E-2 3.44723E-2 5.93486E-3 1.81585E-2 1.19224E-2 3.40676E-3 2.431E-2 2.96739E-2 6.18624E-2 7.11859E-2 1.59579E-1 2.39523E-1 2.59526E-1 1.72172E-1 1.94509E-1 1.80542E-1 2.25666E-1 4.6199E-1 2.86312E-1 2.8191E-1 2.79675E-1 2.8431E-1 2.37023E-1 3.96633E-1 5.46149E-1 5.45635E-1 2.99904E-1 4.10702E-1 5.40066E-1 4.9541E-1 5.56966E-1 3.42846E-1 3.97422E-1 3.6311E-1 3.12001E-1 1.96406E-1 2.556E-1 3.03369E-1 3.00089E-1 2.76158E-1
2.36156E-1 2.53518E-1 3.22812E-1 3.63315E-1 4.47179E-1 3.44902E-1 1.61728E-1 9.08813E-2 7.58475E-2 7.2411E-2 7.10307E-2 6.14541E-2 5.49419E-2 5.23908E-2 2.56682E-2 1.43371E-2 1.28837E-2 1.25379E-2 6.53851E-3 6.97647E-4 1.72498E-3 4.39832E-3 2.571E-2 4.11453E-3 7.5444E-3 1.03536E-2 9.59953E-3 1.06641E-2 5.17968E-2 4.64476E-2 9.02877E-2 1.6419E-1 1.4552E-1 2.03823E-1 2.15173E-1 1.83703E-1 1.57975E-1 2.00347E-1 2.31427E-1 2.29443E-1 2.30505E-1 2.05362E-1 2.0786E-1 2.0814E-1 2.32539E-1 2.38478E-1 2.16778E-1 3.1452E-1 5.4275E-1 5.71959E-1 4.38198E-1 5.45474E-1 2.75162E-1 2.59362E-1 4.73509E-1 2.69943E-1 1.95684E-1 1.91961E-1 2.03836E-1 2.07653E-1 3.36822E-1
1.66312E-1 1.79132E-1 1.62589E-1 2.17107E-1 2.72341E-1 2.15914E-1 1.49147E-1 1.15808E-1 9.30693E-2 1.25371E-1 1.6532E-1 1.06896E-1 9.72111E-2 9.32467E-2 5.09433E-2 2.86467E-2 3.32956E-2 1.66563E-2 8.97076E-3 2.16051E-3 1.70591E-3 1.63259E-2 3.06951E-3 1.34958E-2 9.20144E-2 6.2208E-3 3.90746E-2 5.7613E-3 1.258E-2 4.03998E-2 4.99447E-2 1.74011E-1 1.84067E-1 1.59922E-1 1.79844E-1 1.62721E-1 1.42422E-1 1.96129E-1 1.86314E-1 2.03534E-1 1.94918E-1 1.82769E-1 1.8164E-1 1.91619E-1 2.25994E-1 2.07644E-1 1.97734E-1 5.14543E-1 5.58175E-1 5.18777E-1 4.48228E-1 4.87964E-1 2.5639E-1 1.75744E-1 1.94578E-1 1.88306E-1 1.77493E-1 2.01235E-1 1.92434E-1 1.99581E-1 2.12733E-1
9.36455E-2 9.68908E-2 1.24955E-1 9.22323E-2 2.44886E-1 2.23053E-1 1.67069E-1 1.02963E-1 1.00402E-1 1.42095E-1 1.89657E-1 1.88324E-1 9.6183E-2 6.51265E-2 5.452E-2 3.40483E-2 4.84518E-2 3.96666E-2 2.50554E-2 3.23659E-3 2.27944E-3 2.37432E-3 3.26445E-3 1.72451E-3 1.21487E-2 1.17472E-2 1.44741E-2 8.45621E-3 2.15106E-2 3.32586E-2 2.95085E-2 6.81403E-2 1.46978E-1 3.92936E-2 1.14205E-1 1.50406E-1 2.02126E-1 2.21372E-1 1.83953E-1 1.90977E-1 2.01495E-1 2.10293E-1 1.72508E-1 1.72252E-1 1.89963E-1 1.86177E-1 1.85947E-1 4.40161E-1 5.40707E-1 4.27123E-1 4.80592E-1 3.67741E-1 1.8002E-1 1.72861E-1 1.75207E-1 1.75033E-1 2.07821E-1 1.84074E-1 1.94555E-1 2.09228E-1 2.17574E-1
1.2452E-1 7.13856E-2 1.80034E-1 1.0407E-1 1.7505E-1 1.4119E-1 1.01549E-1 1.03543E-1 1.41404E-1 1.7702E-1 1.50662E-1 2.5442E-1 1.1763E-1 5.78666E-2 4.18811E-2 4.23904E-2 2.68561E-2 3.20862E-2 1.38853E-2 2.17028E-3 7.3657E-4 2.65383E-3 4.96331E-3 3.79268E-3 2.61149E-3 1.90277E-2 1.51707E-2 4.68859E-3 1.02154E-2 1.57927E-2 5.37812E-2 1.44125E-1 5.42842E-2 5.12072E-2 1.63848E-1 2.18846E-1 2.09544E-1 1.74507E-1 1.62131E-1 1.84294E-1 1.91554E-1 1.50445E-1 1.58598E-1 1.58108E-1 1.69157E-1 1.8715E-1 1.65238E-1 4.11762E-1 4.92062E-1 4.41343E-1 2.18501E-1 1.8252E-1 1.73379E-1 1.72408E-1 1.70959E-1 1.80888E-1 1.90812E-1 1.65648E-1 1.42427E-1 1.82184E-1 2.13793E-1
3.11837E-1 3.72489E-1 2.38925E-1 2.09502E-1 3.36241E-1 1.52338E-1 9.08217E-2 1.14718E-1 2.14707E-1 2.10304E-1 2.12603E-1 2.96296E-1 1.14638E-1 6.89561E-3 5.36278E-2 3.94696E-2 2.20309E-2 3.10923E-2 3.08306E-2 1.06197E-3 5.23777E-3 5.69359E-3 6.98537E-3 5.67224E-3 1.02534E-2 1.33388E-2 3.52784E-2 2.15661E-2 1.90757E-2 5.37765E-2 4.5751E-2 8.14079E-2 5.14828E-2 6.68476E-2 1.01359E-1 1.84116E-1 1.36446E-1 1.98087E-1 1.98801E-1 2.16694E-1 1.78545E-1 1.53767E-1 1.45263E-1 1.41492E-1 1.48985E-1 1.54502E-1 1.66106E-1 1.87765E-1 2.99358E-1 4.02179E-1 1.90831E-1 1.81841E-1 1.85221E-1 1.89608E-1 2.13852E-1 1.9179E-1 1.73239E-1 1.29076E-1 1.56177E-1 1.5635E-1 2.09438E-1
2.65705E-1 1.8786E-1 4.9248E-1 5.14926E-1 1.87718E-1 1.89953E-1 2.17595E-1 2.13821E-1 1.19524E-1 1.52613E-1 1.57412E-1 1.93571E-1 3.72443E-2 1.31185E-2 4.8023E-2 2.17861E-2 2.28211E-2 1.79608E-2 2.1879E-2 6.31326E-3 1.04216E-2 4.03947E-4 1.77976E-2 1.29803E-2 1.08048E-3 1.01829E-2 1.11859E-2 1.96164E-2 1.9031E-2 1.02435E-1 1.09867E-1 7.07435E-2 7.17713E-2 1.04581E-1 9.84965E-2 1.37797E-1 1.83603E-1 2.40041E-1 2.85613E-1 1.69427E-1 1.5651E-1 1.37634E-1 1.46237E-1 1.33218E-1 1.53792E-1 2.08078E-1 1.81884E-1 1.74038E-1 2.03751E-1 3.58042E-1 1.85635E-1 1.86338E-1 1.95284E-1 1.93462E-1 1.75896E-1 2.88553E-1 1.69574E-1 1.38982E-1 1.82883E-1 2.46127E-1 2.74071E-1
2.18499E-1 2.35555E-1 2.17027E-1 2.36159E-1 1.40673E-1 1.79682E-1 2.08297E-1 2.24096E-1 1.63639E-1 1.45793E-1 1.34574E-1 1.09968E-1 2.86819E-2 2.58025E-2 2.53597E-2 1.69623E-3 1.73776E-2 1.19754E-2 1.66205E-3 3.23797E-2 1.92247E-3 5.97494E-3 2.09085E-3 3.90128E-3 1.45239E-2 7.22313E-3 2.33399E-2 2.39595E-2 5.73497E-2 5.20387E-2 9.89236E-2 9.95534E-2 9.93383E-2 1.30048E-1 1.20347E-1 1.31239E-1 1.88739E-1 2.08571E-1 2.31761E-1 1.95341E-1 1.25875E-1 1.54089E-1 1.47921E-1 1.20338E-1 1.3143E-1 1.49816E-1 1.98048E-1 1.86137E-1 1.89289E-1 1.97687E-1 2.10313E-1 1.77728E-1 2.06329E-1 2.41958E-1 2.36995E-1 2.15173E-1 2.18371E-1 2.8335E-1 2.30177E-1 3.76207E-1 2.66297E-1
1.21455E-1 1.27071E-1 1.64162E-1 1.75342E-1 1.97384E-1 2.81251E-1 2.62941E-1 2.4071E-1 2.47471E-1 1.41711E-1 1.57379E-1 5.54839E-2 7.9956E-3 1.71881E-2 3.17783E-2 5.29376E-3 1.58975E-2 7.40187E-3 1.20038E-3 1.3875E-2 2.79229E-2 2.75974E-3 2.65049E-3 1.99415E-3 2.99715E-3 6.9635E-3 3.93245E-2 1.95214E-2 2.39037E-3 3.08778E-2 7.85835E-2 9.48496E-2 1.07038E-1 1.32906E-1 1.12369E-1 1.73337E-1 1.91313E-1 1.91508E-1 1.96749E-1 1.30463E-1 1.4502E-1 1.54705E-1 1.12075E-1 1.53742E-1 1.18925E-1 1.30127E-1 1.72313E-1 1.79446E-1 1.71725E-1 1.9681E-1 2.16416E-1 1.82591E-1 1.81453E-1 2.1117E-1 2.65152E-1 2.81592E-1 2.82186E-1 2.30654E-1 2.03037E-1 2.65715E-1 3.00059E-1
1.72012E-1 1.33874E-1 1.50813E-1 1.47457E-1 1.98398E-1 3.54288E-1 4.19865E-1 2.30271E-1 2.59242E-1 1.47701E-1 1.50517E-1 8.08316E-2 8.19638E-3 1.27374E-2 3.08179E-2 5.16394E-3 6.42833E-3 5.1824E-3 1.07475E-2 2.17001E-3 2.59481E-3 3.99591E-2 5.92985E-2 1.27432E-3 4.99828E-3 2.57928E-2 5.51123E-2 2.28192E-2 4.62146E-2 2.46362E-2 3.94169E-2 1.13081E-1 1.19944E-1 1.96014E-1 2.15394E-1 1.9717E-1 1.66106E-1 1.65827E-1 1.70923E-1 1.28815E-1 1.47327E-1 1.49861E-1 1.06101E-1 1.23962E-1 1.23542E-1 1.42597E-1 1.66859E-1 1.87611E-1 1.90469E-1 2.11193E-1 2.0249E-1 2.13723E-1 2.02074E-1 2.06808E-1 2.32533E-1 2.67262E-1 3.50827E-1 2.69349E-1 3.04976E-1 2.58075E-1 2.56492E-1
1.60469E-1 1.62845E-1 1.36094E-1 1.531E-1 1.76008E-1 1.96444E-1 4.05363E-1 2.79674E-1 2.4649E-1 1.88671E-1 2.10487E-1 1.24413E-1 2.63979E-2 3.47863E-2 1.8596E-2 1.09943E-2 9.45602E-3 1.77141E-2 5.54584E-3 3.65143E-3 4.72343E-4 2.18209E-2 5.90798E-2 1.74952E-3 6.91302E-3 6.98008E-3 5.21969E-3 7.03402E-3 2.2458E-2 1.09819E-2 3.15524E-2 9.91738E-2 1.71034E-1 1.06657E-1 1.52478E-1 1.70023E-1 1.93896E-1 1.98148E-1 1.85448E-1 1.61195E-1 1.93042E-1 1.5911E-1 1.2786E-1 1.17838E-1 1.29108E-1 1.77092E-1 1.56687E-1 1.96543E-1 1.69451E-1 2.17991E-1 2.03423E-1 2.58735E-1 2.52104E-1 2.20151E-1 2.24463E-1 2.21843E-1 3.10564E-1 3.71585E-1 4.28198E-1 3.34992E-1 2.76082E-1
1.5413E-1 1.62544E-1 2.54249E-1 1.78027E-1 1.85694E-1 2.51633E-1 2.52866E-1 2.06567E-1 1.50921E-1 1.98898E-1 2.93118E-1 1.19122E-1 9.54982E-2 4.42593E-2 3.28641E-2 3.73806E-2 1.10574E-2 2.96972E-2 9.51263E-3 2.79329E-3 1.03925E-3 2.2735E-3 4.46076E-2 4.23815E-2 9.11331E-3 2.53385E-2 2.39496E-3 8.28648E-3 1.27556E-2 1.56407E-2 7.96654E-2 7.93234E-2 2.60937E-1 2.19387E-1 2.11507E-1 1.89766E-1 2.19059E-1 1.50911E-1 2.41878E-1 2.28412E-1 1.42302E-1 1.36849E-1 1.47137E-1 1.41509E-1 1.62039E-1 1.46944E-1 1.64882E-1 1.96056E-1 2.14665E-1 2.09875E-1 2.06997E-1 2.24244E-1 2.49809E-1 2.60615E-1 2.17022E-1 2.63748E-1 3.09363E-1 3.63224E-1 3.7631E-1 2.40171E-1 2.86084E-1
2.25872E-1 1.48462E-1 3.24575E-1 1.56158E-1 1.91676E-1 2.45713E-1 3.09942E-1 2.83105E-1 1.88468E-1 1.45858E-1 2.31616E-1 1.28184E-1 8.46637E-2 6.21368E-2 1.10533E-2 2.33103E-2 2.33491E-2 4.14072E-2 7.67774E-3 5.40222E-3 4.0152E-3 6.06041E-3 1.65246E-2 7.83773E-2 2.08267E-2 6.69481E-3 1.08133E-2 4.33975E-2 2.12189E-2 1.68627E-2 1.59389E-1 2.40957E-1 1.66822E-1 1.5716E-1 1.86413E-1 1.11459E-1 1.41432E-1 1.88551E-1 1.51264E-1 1.32148E-1 1.58863E-1 1.60044E-1 2.45861E-1 2.8611E-1 2.46922E-1 2.07452E-1 2.22548E-1 2.47077E-1 2.55773E-1 2.34367E-1 2.74312E-1 2.53452E-1 2.34873E-1 2.178E-1 2.81359E-1 2.7826E-1 2.38244E-1 2.34958E-1 2.64188E-1 3.06685E-1 4.0176E-1
1.82662E-1 1.71396E-1 3.10513E-1 2.15884E-1 2.15132E-1 1.98305E-1 2.98369E-1 3.26919E-1 1.66094E-1 1.80617E-1 1.66992E-1 1.55876E-1 8.0683E-2 1.44392E-2 4.76815E-2 2.3589E-2 2.10573E-2 4.73784E-2 6.67855E-2 5.00445E-3 3.22586E-3 2.00687E-2 1.90388E-2 2.70533E-2 9.2354E-2 2.88593E-2 7.12484E-3 1.43489E-2 9.0219E-3 2.40357E-2 6.64544E-2 1.0415E-1 6.05708E-2 1.71408E-1 1.15004E-1 1.36761E-1 9.64922E-2 1.26609E-1 1.31061E-1 1.42237E-1 1.40044E-1 2.07669E-1 2.36325E-1 2.07842E-1 1.86024E-1 1.9433E-1 1.82833E-1 2.10313E-1 1.92992E-1 2.28348E-1 2.37035E-1 2.40735E-1 2.75618E-1 2.14795E-1 2.34243E-1 2.82809E-1 3.47361E-1 3.09179E-1 2.32797E-1 2.78741E-1 3.86921E-1
1.69641E-1 1.91225E-1 2.5776E-1 1.61555E-1 1.4274E-1 1.93389E-1 2.98212E-1 2.74264E-1 2.05388E-1 2.5461E-1 2.21008E-1 1.16426E-1 1.14039E-1 2.54701E-2 6.14988E-2 1.2871E-2 1.06298E-2 5.93108E-2 5.44611E-2 8.24017E-3 4.65905E-3 6.48132E-3 1.11776E-2 2.30593E-2 7.05594E-2 6.20286E-2 1.71747E-2 7.31089E-2 2.0561E-2 1.20773E-2 3.53929E-2 1.30441E-1 6.42238E-2 2.67957E-1 1.52583E-1 1.72884E-1 2.03087E-1 1.34244E-1 1.38463E-1 1.40396E-1 1.39776E-1 1.65625E-1 2.21878E-1 1.82048E-1 1.86503E-1 2.38991E-1 2.2896E-1 2.04997E-1 2.25501E-1 2.55722E-1 1.7042E-1 2.27222E-1 2.10681E-1 2.31607E-1 2.17405E-1 2.5641E-1 3.2043E-1 3.67673E-1 5.04948E-1 4.45627E-1 5.7415E-1
2.05083E-1 1.73734E-1 2.02327E-1 1.74015E-1 1.93002E-1 2.26409E-1 2.42659E-1 3.04949E-1 1.64302E-1 2.24233E-1 2.22946E-1 1.05702E-1 1.30984E-1 8.67978E-2 3.47008E-2 1.70907E-2 1.9489E-2 3.80954E-2 5.85616E-2 1.66613E-2 6.62104E-2 2.45048E-2 2.83709E-2 1.38051E-2 1.42545E-2 1.68979E-1 2.63213E-2 1.94432E-1 3.09535E-2 1.02991E-1 2.73105E-1 1.19232E-1 5.63499E-2 2.88591E-1 2.10006E-1 1.89364E-1 1.97875E-1 2.32138E-1 1.2675E-1 1.51851E-1 1.86122E-1 1.87178E-1 1.96029E-1 4.1409E-1 2.52232E-1 2.35248E-1 2.07174E-1 1.99173E-1 2.25077E-1 2.8805E-1 2.22694E-1 2.57547E-1 2.05612E-1 2.33671E-1 3.53325E-1 2.2182E-1 2.46315E-1 2.50057E-1 5.88226E-1 6.03945E-1 5.9661E-1
2.06019E-1 1.94869E-1 2.74573E-1 2.24235E-1 1.94097E-1 2.80558E-1 2.79671E-1 1.77272E-1 1.94245E-1 3.28476E-1 1.64296E-1 1.07171E-1 1.3086E-1 7.57798E-2 2.8459E-2 1.31737E-2 2.81868E-3 5.71553E-3 5.11344E-2 3.67406E-3 4.65081E-3 1.22378E-2 1.74938E-2 3.01652E-2 8.79994E-3 6.10715E-2 1.67069E-1 3.03456E-2 1.81151E-2 3.09369E-2 7.70976E-2 1.08162E-1 3.37729E-2 1.8131E-1 2.36754E-1 2.61041E-1 2.55916E-1 1.28522E-1 1.64591E-1 1.10217E-1 2.15501E-1 2.38781E-1 2.29527E-1 1.82254E-1 2.22805E-1 2.31247E-1 2.28393E-1 2.43479E-1 2.51467E-1 2.21596E-1 2.3308E-1 2.75629E-1 2.92434E-1 5.35154E-1 6.06939E-1 3.32909E-1 2.88874E-1 6.04464E-1 6.36619E-1 5.42513E-1 5.18982E-1
3.24953E-1 3.2751E-1 3.39179E-1 2.42294E-1 2.29996E-1 2.60671E-1 2.72746E-1 1.86372E-1 1.70972E-1 3.18312E-1 1.81469E-1 1.68611E-1 1.48408E-1 8.56835E-2 5.02181E-2 7.72713E-3 8.94191E-3 2.68436E-2 6.28837E-2 2.22764E-2 2.19035E-2 6.22649E-2 1.40726E-2 3.4585E-2 3.92092E-2 7.27172E-2 8.34431E-2 3.40698E-2 5.95315E-2 1.49391E-2 4.6426E-2 4.838E-2 1.03514E-1 1.50419E-1 2.20594E-1 2.04405E-1 2.48238E-1 2.08388E-1 1.11429E-1 1.39199E-1 1.75661E-1 2.1927E-1 1.6049E-1 2.22132E-1 2.28744E-1 2.25515E-1 2.06208E-1 2.32182E-1 2.2108E-1 2.61627E-1 3.52515E-1 3.92979E-1 4.4933E-1 6.47153E-1 4.49322E-1 5.08794E-1 3.98711E-1 4.11221E-1 6.11662E-1 5.75613E-1 5.54001E-1
3.80168E-1 4.26823E-1 2.98475E-1 2.82697E-1 2.31907E-1 3.1216E-1 2.35189E-1 1.9857E-1 1.98084E-1 2.64764E-1 2.21532E-1 2.15262E-1 2.18629E-1 2.89711E-1 6.10241E-2 1.54716E-2 4.26256E-3 5.8135E-3 2.42688E-2 1.30444E-1 1.19646E-2 2.84056E-2 5.88959E-2 4.5471E-2 3.01391E-3 5.86737E-3 4.07108E-2 1.02712E-1 1.21276E-1 2.80154E-2 1.55923E-1 5.05029E-2 1.14719E-1 7.89338E-2 9.45621E-2 2.02209E-1 1.19115E-1 1.18734E-1 1.23071E-1 1.56994E-1 2.34494E-1 1.96314E-1 2.4379E-1 2.74287E-1 2.19447E-1 2.48296E-1 2.27893E-1 2.29994E-1 2.85673E-1 3.86187E-1 5.27165E-1 4.86422E-1 5.7898E-1 5.20505E-1 3.28741E-1 4.50888E-1 5.47901E-1 4.67414E-1 5.67878E-1 6.50819E-1 6.03476E-1
3.66509E-1 3.30896E-1 3.28511E-1 2.935E-1 2.31444E-1 2.04085E-1 3.06818E-1 2.09316E-1 3.00301E-1 2.34772E-1 2.48986E-1 1.80123E-1 1.76575E-1 1.41614E-1 8.14031E-2 2.84086E-2 9.43765E-2 1.76907E-2 1.9212E-2 2.99932E-3 1.28234E-2 3.12372E-2 1.50446E-2 6.99216E-3 1.9501E-2 6.65106E-2 2.78451E-2 1.1084E-2 1.4719E-1 2.98836E-2 1.58E-1 1.55108E-1 1.92093E-1 7.64338E-2 1.18398E-1 1.69193E-1 2.90667E-1 1.90913E-1 8.37226E-2 1.92483E-1 3.31459E-1 2.59738E-1 2.5177E-1 2.0006E-1 2.09959E-1 2.04985E-1 2.08606E-1 2.0808E-1 2.51569E-1 2.49705E-1 2.99897E-1 2.75643E-1 4.85392E-1 5.15762E-1 5.56386E-1 5.18757E-1 5.89501E-1 4.00593E-1 6.43811E-1 6.58947E-1 6.32577E-1
