Final_Models_July82022/M_0.1_F_lqp_Set_1/Bison_3.asc
ncols         290
nrows         380
xllcorner     -2197417.7431653
yllcorner     -584827.01486885
cellsize      10000.0
NODATA_value  -9999
[rows 270 to 296 of 380, columns 122 to 182 of 290]
6.30089E-1 5.46868E-1 6.01776E-1 6.53556E-1 6.78327E-1 6.60532E-1 6.57636E-1 6.90201E-1 6.59102E-1 6.34545E-1 6.31099E-1 6.13712E-1 6.02883E-1 6.05532E-1 5.68504E-1 5.51651E-1 5.81777E-1 6.14374E-1 6.14961E-1 6.55485E-1 6.19001E-1 6.07537E-1 6.03956E-1 5.77014E-1 6.47594E-1 6.4689E-1 8.08808E-1 7.88576E-1 7.14178E-1 6.69236E-1 6.56594E-1 6.05176E-1 6.14306E-1 6.59178E-1 6.04856E-1 6.14783E-1 6.19836E-1 6.31136E-1 6.38298E-1 6.33199E-1 7.03898E-1 6.51675E-1 6.79152E-1 6.38266E-1 6.13304E-1 6.10757E-1 5.87886E-1 5.76184E-1 5.79236E-1 5.61106E-1 5.73983E-1 6.11765E-1 7.20252E-1 6.33054E-1 5.51079E-1 6.91399E-1 6.26398E-1 6.65315E-1 6.18598E-1 5.92534E-1 5.42437E-1
5.1463E-1 4.88425E-1 5.51814E-1 6.29925E-1 6.72606E-1 6.57349E-1 6.60639E-1 6.65278E-1 6.62403E-1 6.55565E-1 6.40475E-1 5.93135E-1 6.3132E-1 7.53827E-1 6.108E-1 6.03234E-1 6.14015E-1 6.10674E-1 6.35612E-1 7.11872E-1 6.75669E-1 6.98338E-1 6.46829E-1 6.38122E-1 6.80322E-1 6.47488E-1 8.12071E-1 7.72686E-1 7.14813E-1 6.39212E-1 6.2076E-1 6.09189E-1 6.15576E-1 6.273E-1 6.04356E-1 6.29725E-1 6.3478E-1 6.14633E-1 6.21491E-1 6.26547E-1 6.355E-1 6.71497E-1 7.31029E-1 6.0034E-1 6.06848E-1 6.42451E-1 5.90304E-1 5.77288E-1 5.7835E-1 5.82521E-1 5.87297E-1 5.64519E-1 5.77006E-1 5.89604E-1 5.84398E-1 5.80855E-1 5.97726E-1 5.61276E-1 6.90541E-1 5.58326E-1 5.23106E-1
4.82963E-1 4.68723E-1 5.6375E-1 6.34304E-1 6.33275E-1 6.42294E-1 6.55023E-1 6.64E-1 6.72131E-1 6.76496E-1 6.23593E-1 6.16227E-1 6.37157E-1 6.53877E-1 6.72791E-1 6.55447E-1 7.53657E-1 5.99496E-1 5.93239E-1 6.10886E-1 6.07914E-1 6.23991E-1 6.32076E-1 7.49188E-1 7.2467E-1 6.60477E-1 7.54099E-1 6.06548E-1 6.09797E-1 6.92128E-1 6.41395E-1 5.67991E-1 5.95972E-1 6.10933E-1 6.27088E-1 6.02986E-1 6.60772E-1 6.2814E-1 6.12134E-1 6.20333E-1 6.32553E-1 6.50266E-1 6.58958E-1 6.18996E-1 5.97372E-1 6.259E-1 6.172E-1 5.83323E-1 6.33838E-1 6.27585E-1 6.28333E-1 6.31889E-1 6.1482E-1 5.93963E-1 6.21128E-1 6.40009E-1 5.73116E-1 5.64023E-1 5.45628E-1 5.37407E-1 5.29851E-1
4.44336E-1 4.98861E-1 5.79165E-1 5.89523E-1 6.31354E-1 6.43599E-1 6.50519E-1 6.54096E-1 6.23305E-1 6.22719E-1 6.3427E-1 6.11743E-1 6.15077E-1 6.08189E-1 6.38415E-1 6.67069E-1 7.79232E-1 6.08076E-1 6.11896E-1 6.15169E-1 6.16749E-1 6.20004E-1 6.20294E-1 6.07365E-1 7.59291E-1 5.94726E-1 5.97644E-1 6.03777E-1 5.81493E-1 5.79996E-1 5.86271E-1 5.78736E-1 6.15258E-1 6.1242E-1 6.17154E-1 6.1024E-1 6.30605E-1 6.34013E-1 6.11995E-1 6.14337E-1 6.41497E-1 6.34351E-1 6.67096E-1 6.60434E-1 5.92898E-1 6.00129E-1 5.82879E-1 5.93433E-1 6.01723E-1 6.25172E-1 6.19246E-1 6.26575E-1 6.30659E-1 5.9556E-1 6.84385E-1 6.5394E-1 5.48669E-1 5.51591E-1 5.60763E-1 5.12703E-1 5.59224E-1
3.28679E-1 4.50502E-1 5.74701E-1 5.87901E-1 6.66333E-1 6.40485E-1 6.48815E-1 6.73229E-1 6.32052E-1 6.7089E-1 6.03952E-1 6.15445E-1 6.37909E-1 6.10373E-1 6.40127E-1 6.16789E-1 6.10373E-1 6.34687E-1 6.08917E-1 6.31166E-1 6.1096E-1 6.40789E-1 5.96493E-1 5.93945E-1 6.1588E-1 6.06392E-1 5.94504E-1 6.64351E-1 5.7577E-1 5.74083E-1 5.90607E-1 5.87473E-1 6.2436E-1 6.22346E-1 6.29108E-1 6.07057E-1 6.03168E-1 6.04707E-1 6.12836E-1 6.25708E-1 6.4622E-1 6.43209E-1 6.49791E-1 6.63343E-1 6.29379E-1 5.98837E-1 5.71135E-1 5.89406E-1 5.99683E-1 6.17871E-1 6.23379E-1 6.24935E-1 6.30553E-1 5.89811E-1 5.79414E-1 5.51519E-1 5.32042E-1 5.42931E-1 5.53854E-1 5.38066E-1 5.54031E-1
4.43977E-1 4.64713E-1 5.62989E-1 5.78855E-1 6.03762E-1 6.18275E-1 6.71835E-1 6.19979E-1 6.22264E-1 6.07718E-1 5.97358E-1 6.02271E-1 6.25825E-1 6.09479E-1 5.95616E-1 6.31206E-1 6.02852E-1 6.0862E-1 6.38416E-1 6.10848E-1 6.08582E-1 6.10584E-1 6.01674E-1 6.13311E-1 6.14179E-1 5.841E-1 5.73989E-1 5.83902E-1 5.60827E-1 5.80822E-1 5.82566E-1 5.95408E-1 6.42155E-1 6.37719E-1 6.20102E-1 6.07922E-1 6.09939E-1 5.84959E-1 6.28821E-1 6.40301E-1 6.32797E-1 6.40433E-1 6.20291E-1 6.44285E-1 6.19001E-1 6.25784E-1 6.05887E-1 6.00085E-1 6.03752E-1 6.28112E-1 6.45808E-1 6.18091E-1 6.34732E-1 6.18587E-1 5.72965E-1 5.42225E-1 5.31675E-1 5.82411E-1 5.09191E-1 5.27818E-1 5.26943E-1
1.09027E-2 5.88299E-1 6.04384E-1 5.86094E-1 6.33503E-1 6.95618E-1 6.88747E-1 5.95614E-1 5.94493E-1 6.32676E-1 6.01411E-1 5.81987E-1 6.0685E-1 6.21569E-1 5.80163E-1 5.92677E-1 5.99287E-1 5.98363E-1 6.18459E-1 6.27716E-1 6.03319E-1 5.92074E-1 5.85278E-1 5.69627E-1 6.85455E-1 5.67842E-1 5.59434E-1 5.39973E-1 5.64403E-1 5.51882E-1 5.79546E-1 5.89193E-1 6.0459E-1 6.26739E-1 6.08283E-1 6.18217E-1 6.23253E-1 6.26374E-1 6.2399E-1 6.24656E-1 6.21883E-1 6.10456E-1 6.17461E-1 6.22249E-1 5.97497E-1 6.25103E-1 6.17982E-1 6.12335E-1 6.21386E-1 6.45477E-1 6.51482E-1 6.38183E-1 6.1587E-1 6.33187E-1 6.01672E-1 5.61148E-1 5.25024E-1 5.23545E-1 4.94639E-1 5.36765E-1 5.38649E-1
5.53558E-2 1.65149E-1 7.0629E-1 6.87979E-1 6.30719E-1 6.27799E-1 6.0912E-1 6.11341E-1 6.06909E-1 5.81463E-1 5.9034E-1 5.99907E-1 5.74555E-1 5.57972E-1 5.64117E-1 5.80746E-1 5.85596E-1 5.9212E-1 6.30001E-1 5.98714E-1 6.01912E-1 5.94176E-1 5.72458E-1 5.86795E-1 5.74449E-1 5.31431E-1 5.5565E-1 5.30018E-1 5.25599E-1 5.33127E-1 5.52377E-1 5.71557E-1 5.54065E-1 5.82907E-1 6.03566E-1 6.21655E-1 6.11676E-1 6.08996E-1 6.18542E-1 6.33526E-1 6.41544E-1 6.08698E-1 6.23564E-1 6.3611E-1 6.07031E-1 6.18587E-1 5.9821E-1 6.28317E-1 6.25058E-1 6.53274E-1 6.66273E-1 6.68289E-1 6.46861E-1 6.06931E-1 6.10289E-1 5.65656E-1 5.45734E-1 5.27539E-1 5.45747E-1 5.32856E-1 5.37871E-1
1.44854E-2 1.85534E-1 6.24999E-1 7.15128E-1 6.31331E-1 6.13644E-1 6.50774E-1 6.93819E-1 5.82639E-1 5.81628E-1 5.51918E-1 5.89743E-1 6.73962E-1 6.87795E-1 7.34593E-1 7.33495E-1 5.53552E-1 6.00469E-1 5.89809E-1 6.08109E-1 5.81544E-1 5.72913E-1 5.5994E-1 5.59233E-1 5.15509E-1 5.30954E-1 5.44516E-1 5.34101E-1 5.43314E-1 5.22077E-1 5.24479E-1 5.31853E-1 5.66318E-1 5.70285E-1 5.82768E-1 5.93129E-1 6.0313E-1 6.07219E-1 5.93357E-1 5.94591E-1 6.00668E-1 6.04191E-1 6.05942E-1 6.16701E-1 6.09998E-1 6.14444E-1 6.1666E-1 6.33894E-1 7.00868E-1 6.53975E-1 6.63003E-1 6.65193E-1 6.52678E-1 6.17019E-1 5.96997E-1 6.01383E-1 5.84065E-1 5.27054E-1 5.50662E-1 5.55846E-1 5.60154E-1
1.07499E-2 4.43588E-2 3.519E-1 6.79882E-1 5.67278E-1 6.15238E-1 5.97451E-1 5.95692E-1 5.79308E-1 5.55862E-1 5.52947E-1 5.4817E-1 5.54119E-1 5.46971E-1 5.38475E-1 6.55053E-1 5.83437E-1 5.67801E-1 5.77119E-1 5.81292E-1 5.68819E-1 5.51614E-1 5.4749E-1 5.20229E-1 5.08006E-1 5.5324E-1 5.73262E-1 5.59365E-1 5.70177E-1 5.48205E-1 5.3566E-1 5.29009E-1 5.5379E-1 5.62235E-1 6.02369E-1 5.77399E-1 5.66255E-1 5.90286E-1 6.00015E-1 5.77431E-1 5.53698E-1 5.7715E-1 6.25124E-1 5.8925E-1 6.03768E-1 5.83157E-1 5.69769E-1 6.11882E-1 6.42439E-1 6.3661E-1 6.19883E-1 6.46703E-1 6.33339E-1 6.24597E-1 5.99647E-1 5.95301E-1 5.82863E-1 5.57497E-1 5.56755E-1 5.67656E-1 5.52631E-1
7.47591E-3 1.48461E-2 2.0604E-1 6.38461E-1 6.32619E-1 6.48298E-1 6.1958E-1 5.87221E-1 5.61126E-1 5.54686E-1 5.55846E-1 5.5519E-1 5.59015E-1 5.25593E-1 5.20179E-1 5.22008E-1 5.32266E-1 5.45402E-1 5.46565E-1 5.75051E-1 5.45946E-1 5.20703E-1 5.17425E-1 5.21745E-1 5.46288E-1 6.30959E-1 6.42941E-1 5.54729E-1 5.75456E-1 5.31094E-1 5.23722E-1 5.18601E-1 5.27933E-1 5.3706E-1 5.54033E-1 5.8385E-1 5.76092E-1 5.71265E-1 5.85083E-1 5.64341E-1 6.04205E-1 6.69185E-1 6.47189E-1 5.61636E-1 5.73146E-1 5.62943E-1 5.58732E-1 6.04883E-1 6.18021E-1 6.04095E-1 6.18129E-1 6.35379E-1 6.24283E-1 6.22952E-1 5.90191E-1 5.86297E-1 5.53676E-1 5.52469E-1 5.71597E-1 5.71303E-1 5.49443E-1
5.3544E-3 7.89986E-2 1.21224E-1 6.49813E-1 6.04561E-1 6.92859E-1 5.90005E-1 5.69783E-1 5.98341E-1 5.45756E-1 5.43642E-1 5.40049E-1 5.37814E-1 5.30781E-1 5.02431E-1 5.32161E-1 5.22092E-1 5.18267E-1 4.82879E-1 5.14831E-1 5.17937E-1 5.20837E-1 5.12501E-1 5.10565E-1 7.052E-1 7.23613E-1 6.37577E-1 6.62615E-1 5.8331E-1 6.17886E-1 5.99328E-1 5.33589E-1 5.30394E-1 5.24019E-1 5.4085E-1 5.26442E-1 5.31085E-1 5.31131E-1 5.16458E-1 5.29757E-1 6.4783E-1 6.54009E-1 5.56398E-1 5.42105E-1 5.72044E-1 5.55402E-1 5.539E-1 5.68771E-1 5.82417E-1 5.97359E-1 5.98116E-1 6.10547E-1 6.07616E-1 6.10535E-1 6.14096E-1 6.00245E-1 5.84028E-1 5.64534E-1 5.44057E-1 5.58851E-1 5.53575E-1
2.2604E-2 2.83598E-1 1.30957E-1 6.1776E-1 7.2253E-1 6.27792E-1 5.67267E-1 5.63483E-1 5.44873E-1 5.2258E-1 5.23418E-1 5.38462E-1 5.58517E-1 5.41046E-1 5.26317E-1 5.11657E-1 4.98767E-1 4.87219E-1 5.39173E-1 4.93538E-1 4.97777E-1 4.94489E-1 4.88702E-1 5.2517E-1 6.83281E-1 7.00118E-1 7.31937E-1 6.38238E-1 6.01597E-1 6.25356E-1 6.15278E-1 5.32012E-1 5.11496E-1 5.20469E-1 5.32377E-1 6.29151E-1 5.16072E-1 5.21246E-1 5.25743E-1 5.40695E-1 5.47827E-1 5.33839E-1 5.82288E-1 5.43456E-1 5.49145E-1 5.4388E-1 5.49551E-1 5.49057E-1 5.60165E-1 5.82556E-1 5.60551E-1 6.0039E-1 5.93367E-1 6.02198E-1 5.94589E-1 5.89461E-1 5.85113E-1 5.82779E-1 5.59074E-1 5.33657E-1 5.38191E-1
5.3564E-2 2.76037E-1 4.38414E-1 7.21058E-1 5.94789E-1 6.03793E-1 5.66346E-1 5.31235E-1 5.44755E-1 5.22566E-1 5.24824E-1 4.9453E-1 5.05778E-1 4.96636E-1 4.85133E-1 4.84321E-1 4.71501E-1 4.7905E-1 4.61228E-1 4.8682E-1 4.78561E-1 5.19982E-1 5.22789E-1 5.20443E-1 5.31585E-1 6.48732E-1 7.17893E-1 7.04214E-1 6.40601E-1 6.3509E-1 5.1585E-1 5.25686E-1 4.9965E-1 4.93083E-1 4.95151E-1 5.3823E-1 5.41935E-1 5.17272E-1 5.11128E-1 5.39786E-1 5.43134E-1 5.25632E-1 5.73242E-1 5.61477E-1 5.73297E-1 5.6912E-1 5.39816E-1 5.20618E-1 5.30685E-1 5.58317E-1 5.61876E-1 5.89384E-1 5.51699E-1 5.84339E-1 5.63288E-1 5.67797E-1 5.32443E-1 5.60153E-1 5.5684E-1 5.33429E-1 5.37044E-1
2.30192E-2 2.67452E-1 5.61831E-1 7.22681E-1 6.50879E-1 5.71443E-1 6.07582E-1 6.34359E-1 5.41435E-1 5.01711E-1 4.85638E-1 4.82219E-1 4.74044E-1 4.57183E-1 4.57249E-1 4.5412E-1 4.58176E-1 4.46491E-1 5.18934E-1 4.91165E-1 4.48553E-1 4.82789E-1 4.82537E-1 4.80448E-1 5.0118E-1 5.50382E-1 6.96464E-1 7.31505E-1 7.01119E-1 6.76022E-1 7.0271E-1 6.11363E-1 4.99633E-1 6.91373E-1 5.68769E-1 4.98738E-1 5.02323E-1 5.38989E-1 5.2528E-1 5.28288E-1 5.30224E-1 5.23889E-1 5.45213E-1 5.82873E-1 7.55928E-1 7.44321E-1 6.61443E-1 5.3529E-1 5.45408E-1 5.50507E-1 5.46465E-1 5.53299E-1 5.52203E-1 5.67976E-1 5.53525E-1 5.48046E-1 5.33176E-1 5.25918E-1 5.37597E-1 4.95331E-1 5.17101E-1
3.45603E-2 3.49231E-2 2.13822E-1 6.7449E-1 5.84873E-1 5.86341E-1 5.858E-1 6.67266E-1 5.37616E-1 5.07147E-1 4.8061E-1 4.96409E-1 5.26155E-1 4.43504E-1 4.75602E-1 4.53709E-1 4.57131E-1 4.8033E-1 4.51078E-1 4.44054E-1 4.62516E-1 4.75066E-1 5.27412E-1 4.86297E-1 4.84752E-1 5.24745E-1 6.94012E-1 7.10843E-1 6.65602E-1 6.01584E-1 6.7838E-1 6.74298E-1 6.43437E-1 4.72292E-1 5.85857E-1 5.23486E-1 5.09439E-1 5.05752E-1 5.12079E-1 5.2911E-1 6.02293E-1 5.30759E-1 5.32826E-1 5.67189E-1 6.84797E-1 6.79615E-1 7.52846E-1 6.48673E-1 5.51095E-1 5.83796E-1 6.32807E-1 5.39917E-1 5.36053E-1 5.38236E-1 5.22227E-1 5.30531E-1 5.3422E-1 5.52522E-1 5.16715E-1 5.37598E-1 5.22045E-1
1.48032E-2 1.41383E-1 6.2514E-1 6.23591E-1 5.81942E-1 5.12309E-1 5.19179E-1 5.19024E-1 5.01504E-1 4.91932E-1 4.67751E-1 4.59494E-1 4.67691E-1 4.91692E-1 4.2784E-1 4.49162E-1 4.30277E-1 4.40469E-1 4.58002E-1 4.49094E-1 4.53645E-1 4.48243E-1 4.60359E-1 5.2444E-1 4.77763E-1 6.2004E-1 6.91009E-1 7.16687E-1 5.23143E-1 5.73003E-1 6.57117E-1 5.54407E-1 7.09019E-1 6.53538E-1 5.38449E-1 4.87868E-1 4.84905E-1 5.01033E-1 5.08773E-1 6.37159E-1 7.05273E-1 6.28822E-1 6.16751E-1 5.45663E-1 7.50105E-1 6.80431E-1 7.06895E-1 7.41553E-1 7.91701E-1 7.67831E-1 7.91454E-1 6.99196E-1 6.05058E-1 6.33251E-1 5.60216E-1 5.90335E-1 5.43599E-1 5.24659E-1 6.12676E-1 5.88108E-1 6.49528E-1
4.14004E-3 2.88388E-1 5.44303E-1 5.22788E-1 5.52588E-1 5.25313E-1 5.05877E-1 4.95689E-1 4.94179E-1 4.99114E-1 4.52307E-1 4.4171E-1 5.85155E-1 6.01916E-1 4.67112E-1 3.99425E-1 4.28517E-1 4.46303E-1 4.38923E-1 4.74123E-1 4.36063E-1 4.47966E-1 4.51361E-1 4.52529E-1 6.24573E-1 6.27791E-1 6.57442E-1 6.91293E-1 6.60553E-1 6.56729E-1 6.56077E-1 5.91527E-1 6.10318E-1 4.7851E-1 4.58406E-1 4.69909E-1 4.83409E-1 5.0429E-1 5.10109E-1 5.31142E-1 5.0328E-1 5.05263E-1 5.73753E-1 4.69804E-1 7.07149E-1 7.30443E-1 6.50883E-1 7.27033E-1 7.38959E-1 6.05814E-1 7.12432E-1 5.41681E-1 5.35953E-1 5.16275E-1 5.48094E-1 5.16918E-1 5.36185E-1 5.14248E-1 5.11375E-1 5.36664E-1 5.42209E-1
1.24048E-1 1.91784E-1 1.99191E-1 5.15055E-1 5.65366E-1 5.22237E-1 5.22591E-1 5.04014E-1 4.55534E-1 4.50552E-1 4.50699E-1 4.4119E-1 5.51865E-1 4.66127E-1 4.65603E-1 4.26162E-1 4.20428E-1 6.25277E-1 5.17918E-1 5.1286E-1 4.33589E-1 4.41917E-1 4.37319E-1 4.55274E-1 4.90342E-1 6.6363E-1 5.97829E-1 4.65947E-1 4.61171E-1 5.06238E-1 6.42544E-1 5.39108E-1 5.32488E-1 5.24486E-1 6.62176E-1 6.40417E-1 6.39792E-1 5.00621E-1 5.00472E-1 5.25653E-1 5.34311E-1 6.68457E-1 7.45491E-1 4.83627E-1 5.3099E-1 6.64408E-1 7.83949E-1 6.85143E-1 7.10035E-1 7.02955E-1 7.74792E-1 5.4624E-1 5.28247E-1 5.19695E-1 5.34161E-1 5.22229E-1 5.36199E-1 4.89962E-1 5.16155E-1 5.17578E-1 5.48367E-1
9.86847E-2 1.48114E-1 1.28021E-1 3.84543E-1 6.8461E-1 5.01388E-1 4.87172E-1 6.42779E-1 5.40608E-1 4.39985E-1 4.68821E-1 4.58027E-1 4.75187E-1 4.31277E-1 4.55445E-1 4.18253E-1 4.7058E-1 5.87902E-1 4.48769E-1 5.7029E-1 5.28991E-1 4.59903E-1 4.16682E-1 4.5533E-1 5.52834E-1 6.70493E-1 5.90784E-1 4.57323E-1 5.26888E-1 6.82191E-1 6.18786E-1 6.19592E-1 6.56792E-1 5.93488E-1 5.19893E-1 5.87458E-1 7.15925E-1 6.68051E-1 5.90767E-1 7.24542E-1 7.31451E-1 7.34449E-1 7.18457E-1 7.6358E-1 7.65246E-1 7.54968E-1 7.0713E-1 7.56256E-1 6.16392E-1 5.17636E-1 7.46507E-1 5.19887E-1 5.30225E-1 5.34949E-1 5.35289E-1 5.38708E-1 5.0742E-1 5.18878E-1 4.99596E-1 5.20944E-1 5.25062E-1
4.11462E-2 3.33285E-3 8.22917E-2 1.55664E-1 5.30719E-1 5.67599E-1 6.14853E-1 5.26488E-1 6.49056E-1 4.5452E-1 4.41762E-1 4.695E-1 4.76441E-1 4.96867E-1 5.22329E-1 4.68896E-1 4.93205E-1 5.80358E-1 5.0722E-1 5.04781E-1 5.7226E-1 5.19713E-1 4.96512E-1 5.05082E-1 5.31512E-1 6.40715E-1 4.65237E-1 4.62928E-1 6.3436E-1 6.40817E-1 6.47211E-1 5.78355E-1 6.40026E-1 6.11985E-1 6.92241E-1 7.09848E-1 7.10212E-1 7.21325E-1 7.25497E-1 7.27521E-1 5.74759E-1 6.51621E-1 6.75111E-1 5.49633E-1 6.21262E-1 6.98668E-1 6.54973E-1 5.09448E-1 5.10295E-1 5.25662E-1 6.9083E-1 5.31066E-1 5.24549E-1 5.20612E-1 5.42217E-1 5.42023E-1 5.27419E-1 5.38276E-1 5.18876E-1 5.43516E-1 5.42842E-1
7.5467E-2 2.07407E-1 2.52947E-1 3.65915E-1 2.81361E-1 6.46679E-1 4.93717E-1 5.54714E-1 4.17568E-1 5.41249E-1 5.46473E-1 4.87839E-1 7.04114E-1 6.63895E-1 6.67994E-1 6.06161E-1 6.42487E-1 5.93921E-1 5.3313E-1 5.28951E-1 5.15992E-1 5.21028E-1 5.31654E-1 5.18076E-1 5.83185E-1 5.80581E-1 6.10602E-1 4.77567E-1 5.12752E-1 5.57055E-1 4.56792E-1 4.73956E-1 5.31254E-1 4.99519E-1 4.51035E-1 5.55169E-1 6.80627E-1 7.23649E-1 7.24024E-1 7.18282E-1 6.21916E-1 5.36309E-1 5.27265E-1 4.35176E-1 4.64691E-1 4.81751E-1 5.08571E-1 4.99146E-1 5.23668E-1 5.29166E-1 5.32705E-1 5.0767E-1 5.09853E-1 5.06778E-1 5.40522E-1 5.40992E-1 5.41898E-1 5.1321E-1 5.46033E-1 5.3766E-1 5.31255E-1
1.48587E-1 4.31057E-1 2.03358E-1 1.00282E-1 2.50297E-1 3.38452E-1 6.18085E-1 6.31979E-1 3.78445E-1 7.45974E-1 5.46517E-1 5.93141E-1 5.74504E-1 3.96274E-1 2.22374E-1 5.37248E-1 6.78248E-1 6.6136E-1 6.34349E-1 5.47263E-1 5.26997E-1 5.27835E-1 5.18926E-1 4.98657E-1 4.75205E-1 6.04879E-1 6.3155E-1 6.14301E-1 6.3308E-1 6.04408E-1 4.52954E-1 4.52197E-1 4.49649E-1 4.41997E-1 5.67573E-1 5.28432E-1 7.01531E-1 7.12469E-1 6.99952E-1 6.09536E-1 5.33717E-1 4.45612E-1 4.73512E-1 4.86801E-1 4.87607E-1 4.95183E-1 4.82132E-1 4.97226E-1 5.22154E-1 5.12758E-1 5.10234E-1 5.0956E-1 5.08631E-1 5.08345E-1 5.19184E-1 5.24754E-1 5.14525E-1 5.22364E-1 5.21564E-1 5.17584E-1 5.71664E-1
3.21809E-1 1.11247E-1 4.27991E-2 2.47612E-1 5.65726E-1 6.32021E-1 3.79416E-1 6.35047E-1 6.64057E-1 6.04222E-1 6.22353E-1 6.80972E-1 3.3189E-1 1.64157E-1 1.03642E-1 3.60628E-1 2.03629E-1 1.20339E-1 6.2945E-1 6.19111E-1 5.59559E-1 5.25034E-1 5.40429E-1 5.14516E-1 4.79884E-1 7.0218E-1 5.97119E-1 4.1417E-1 7.29114E-1 5.67142E-1 4.51049E-1 4.48649E-1 4.85537E-1 4.41899E-1 4.0735E-1 6.03324E-1 7.13909E-1 7.00286E-1 7.15487E-1 4.40429E-1 4.46786E-1 4.38205E-1 4.65709E-1 4.80353E-1 4.56245E-1 4.76786E-1 4.81777E-1 4.95737E-1 4.81322E-1 5.20198E-1 5.20741E-1 4.97091E-1 5.01917E-1 5.07925E-1 5.08992E-1 5.02633E-1 5.02267E-1 5.13891E-1 5.20405E-1 5.46387E-1 5.62643E-1
3.12089E-1 6.4611E-1 5.01416E-2 3.52093E-1 6.8774E-1 7.11001E-1 5.77305E-1 5.50576E-1 2.33075E-1 4.82833E-1 6.85088E-1 7.04206E-1 4.13254E-1 2.6186E-1 6.0261E-2 6.30416E-2 1.44596E-2 9.85828E-2 1.41319E-1 7.35667E-1 5.97021E-1 5.71361E-1 5.33451E-1 5.0138E-1 4.85476E-1 4.8983E-1 5.73094E-1 6.51676E-1 5.57766E-1 5.403E-1 5.09637E-1 5.25849E-1 4.99214E-1 4.48579E-1 4.07623E-1 6.26316E-1 6.78889E-1 6.91389E-1 6.59722E-1 4.3006E-1 4.56087E-1 4.30393E-1 4.59443E-1 4.4711E-1 4.55265E-1 4.98304E-1 4.93263E-1 4.86531E-1 4.85157E-1 4.90646E-1 4.93746E-1 4.90606E-1 4.91599E-1 5.07862E-1 4.94204E-1 4.97437E-1 4.97148E-1 5.05969E-1 5.20423E-1 5.15018E-1 5.28875E-1
2.89935E-1 7.1796E-1 4.5787E-1 3.0827E-1 4.98923E-1 6.997E-1 6.80135E-1 4.34531E-1 3.96407E-1 2.66999E-1 5.52251E-1 5.12844E-1 6.16271E-1 7.28742E-1 3.71826E-1 5.7154E-2 2.60659E-2 1.05028E-1 1.54563E-1 7.61874E-1 6.84985E-1 5.87413E-1 5.58786E-1 5.04412E-1 5.06216E-1 6.46512E-1 6.64695E-1 6.68565E-1 6.68814E-1 6.38898E-1 5.56512E-1 5.21267E-1 4.60228E-1 4.50521E-1 4.28881E-1 4.35561E-1 5.67251E-1 6.51565E-1 5.47607E-1 4.19597E-1 4.1808E-1 4.29841E-1 4.52903E-1 4.66502E-1 4.4809E-1 4.88984E-1 4.64857E-1 4.64729E-1 4.78946E-1 4.73714E-1 4.78502E-1 4.89369E-1 5.00935E-1 5.04228E-1 4.84578E-1 4.85806E-1 5.20572E-1 5.07901E-1 5.0074E-1 5.01805E-1 5.01464E-1
6.81302E-1 6.31102E-1 7.18734E-1 4.11962E-1 4.62959E-1 6.76922E-1 5.85368E-1 6.83872E-1 4.57344E-1 3.80394E-1 2.95356E-1 7.38466E-1 6.95996E-1 7.28908E-1 5.69635E-1 2.16854E-1 4.94722E-2 1.69494E-1 1.58717E-1 4.47154E-1 6.17E-1 6.34186E-1 5.755E-1 5.15929E-1 6.12832E-1 4.88918E-1 5.08326E-1 6.39242E-1 6.32094E-1 6.29474E-1 6.62967E-1 6.42911E-1 4.69487E-1 4.29245E-1 4.34966E-1 4.42433E-1 4.07346E-1 5.3689E-1 4.82191E-1 4.0972E-1 4.178E-1 4.35315E-1 4.48019E-1 4.34245E-1 4.37901E-1 4.78833E-1 4.6704E-1 4.52244E-1 4.59025E-1 4.65127E-1 4.82785E-1 4.86315E-1 4.93039E-1 4.71537E-1 4.67495E-1 5.23433E-1 5.27503E-1 5.12196E-1 4.98884E-1 4.82725E-1 4.87319E-1
