Final_Models_July82022/M_0.1_F_lqp_Set_1/Bison_5.asc
ncols         290
nrows         380
xllcorner     -2197417.7431653
yllcorner     -584827.01486885
cellsize      10000.0
NODATA_value  -9999
[rows 243 to 269 of 380, columns 122 to 182 of 290]
7.83465E-1 7.06962E-1 6.55983E-1 6.51312E-1 6.23982E-1 6.09885E-1 6.12526E-1 6.59307E-1 6.47003E-1 5.97114E-1 5.89685E-1 6.08853E-1 6.78123E-1 7.1347E-1 6.71436E-1 6.85603E-1 6.44697E-1 6.23315E-1 6.68538E-1 6.54925E-1 6.23894E-1 6.06662E-1 6.05815E-1 6.27936E-1 6.20989E-1 6.03333E-1 6.23002E-1 6.3168E-1 6.17473E-1 6.01215E-1 5.90831E-1 5.70409E-1 5.85502E-1 5.83372E-1 5.72943E-1 5.79605E-1 5.6381E-1 5.3289E-1 5.70934E-1 5.28743E-1 5.4403E-1 5.30817E-1 5.19673E-1 5.09689E-1 4.99601E-1 5.11604E-1 5.33766E-1 4.97616E-1 4.73715E-1 5.30428E-1 5.8924E-1 6.41205E-1 6.4458E-1 5.02715E-1 4.74359E-1 4.6525E-1 4.4557E-1 4.64517E-1 4.24872E-1 4.01544E-1 4.91108E-1
7.77985E-1 7.15131E-1 6.57557E-1 6.59405E-1 6.3941E-1 6.30621E-1 6.00634E-1 6.09217E-1 6.25335E-1 6.5612E-1 6.50288E-1 5.6816E-1 7.08723E-1 6.63112E-1 6.21836E-1 6.86131E-1 6.24705E-1 6.04537E-1 6.32941E-1 6.49176E-1 6.61405E-1 6.38758E-1 6.3033E-1 6.33415E-1 6.36765E-1 6.25337E-1 6.06224E-1 6.23864E-1 6.30776E-1 6.02254E-1 5.89903E-1 6.03909E-1 6.37986E-1 5.62067E-1 5.77107E-1 6.35374E-1 7.32282E-1 5.71714E-1 5.86393E-1 5.15467E-1 5.27408E-1 5.46608E-1 5.22711E-1 4.91581E-1 4.60171E-1 5.52737E-1 6.98834E-1 6.69198E-1 5.27209E-1 6.03166E-1 5.88707E-1 6.87915E-1 6.11481E-1 5.55134E-1 4.36518E-1 4.68618E-1 4.38631E-1 5.07277E-1 4.2277E-1 4.03257E-1 4.46482E-1
7.44305E-1 7.17051E-1 6.59238E-1 6.51592E-1 6.1584E-1 5.98618E-1 6.23114E-1 6.47962E-1 6.53333E-1 6.87219E-1 6.8159E-1 6.61958E-1 5.98056E-1 6.32266E-1 6.18797E-1 6.1293E-1 6.22313E-1 6.63521E-1 6.58392E-1 6.41847E-1 6.79409E-1 6.53927E-1 6.54428E-1 6.45871E-1 6.49076E-1 6.3235E-1 6.29399E-1 6.26188E-1 6.35817E-1 6.45953E-1 5.9461E-1 6.06599E-1 6.76113E-1 5.58469E-1 5.62159E-1 6.12764E-1 6.33192E-1 6.00149E-1 5.93043E-1 5.66926E-1 5.23495E-1 5.27511E-1 5.22129E-1 5.21091E-1 4.98591E-1 4.93529E-1 4.90303E-1 5.11726E-1 5.33912E-1 6.67304E-1 5.98451E-1 6.66651E-1 5.24858E-1 4.70389E-1 4.66102E-1 4.52976E-1 4.3545E-1 4.41805E-1 4.68937E-1 5.26449E-1 4.64595E-1
7.90234E-1 7.25857E-1 6.73729E-1 6.52373E-1 6.76209E-1 6.23272E-1 6.24681E-1 6.28166E-1 6.44775E-1 6.7468E-1 6.70474E-1 6.6482E-1 6.19242E-1 5.94906E-1 6.10174E-1 6.05568E-1 6.09173E-1 6.1812E-1 6.29729E-1 6.51931E-1 6.58645E-1 6.55558E-1 6.6832E-1 6.45447E-1 6.69933E-1 6.3966E-1 6.42324E-1 6.32357E-1 6.45889E-1 6.25648E-1 6.26217E-1 6.22787E-1 6.39252E-1 5.7507E-1 6.07197E-1 5.80873E-1 6.3427E-1 5.98658E-1 5.98204E-1 5.80122E-1 5.70784E-1 5.41602E-1 5.69569E-1 5.33735E-1 5.10761E-1 4.97603E-1 4.9006E-1 5.10232E-1 5.75696E-1 5.01194E-1 5.24927E-1 4.63496E-1 4.67294E-1 4.84048E-1 4.63087E-1 4.60596E-1 4.43843E-1 4.21778E-1 4.44028E-1 4.51795E-1 4.26269E-1
7.20758E-1 6.8159E-1 7.10413E-1 6.68736E-1 7.19731E-1 6.76986E-1 6.28495E-1 6.17846E-1 6.34573E-1 7.36877E-1 6.42558E-1 6.17759E-1 6.19939E-1 5.81297E-1 5.95156E-1 5.97372E-1 5.88051E-1 5.96334E-1 6.38537E-1 6.37774E-1 6.67473E-1 6.65551E-1 6.36863E-1 6.48354E-1 6.59499E-1 6.51847E-1 6.50642E-1 6.4457E-1 6.46232E-1 6.24508E-1 6.09931E-1 6.38644E-1 6.13214E-1 6.01452E-1 5.81551E-1 5.95652E-1 5.95456E-1 6.02529E-1 6.64126E-1 6.50072E-1 5.85027E-1 6.16454E-1 5.95492E-1 5.48873E-1 5.53505E-1 5.35169E-1 5.27687E-1 5.2271E-1 5.72521E-1 5.46198E-1 5.02145E-1 4.81416E-1 4.58802E-1 4.55934E-1 4.74266E-1 4.7473E-1 4.48052E-1 4.44345E-1 4.4468E-1 4.32744E-1 4.35849E-1
7.02704E-1 7.26936E-1 6.95911E-1 6.91136E-1 6.88017E-1 7.11673E-1 6.74521E-1 6.58748E-1 6.25063E-1 6.35581E-1 6.64088E-1 6.43257E-1 6.20767E-1 5.98842E-1 5.79065E-1 5.95792E-1 5.93816E-1 6.28625E-1 6.22592E-1 6.38646E-1 6.59905E-1 6.41159E-1 6.54645E-1 6.45277E-1 6.58746E-1 6.39666E-1 6.42601E-1 6.52314E-1 6.41336E-1 6.08936E-1 6.16782E-1 6.35323E-1 6.16716E-1 5.79384E-1 6.10766E-1 6.41408E-1 6.09279E-1 6.28471E-1 6.32073E-1 5.90856E-1 5.70362E-1 5.50745E-1 6.81011E-1 5.26638E-1 5.89138E-1 5.51729E-1 6.12066E-1 6.02493E-1 5.77635E-1 5.44378E-1 5.04165E-1 4.63246E-1 4.56075E-1 4.44715E-1 4.9048E-1 4.71795E-1 4.43998E-1 4.46916E-1 4.47202E-1 4.54002E-1 4.48654E-1
6.76729E-1 7.22452E-1 7.34367E-1 7.02243E-1 6.75183E-1 6.72747E-1 6.43659E-1 6.35771E-1 6.34744E-1 6.74479E-1 6.42446E-1 6.79478E-1 5.99065E-1 6.17382E-1 5.65232E-1 5.87054E-1 5.80792E-1 6.03266E-1 6.21803E-1 6.20621E-1 6.29712E-1 6.47732E-1 6.57487E-1 6.51704E-1 6.55407E-1 6.32348E-1 6.36358E-1 6.21074E-1 6.27486E-1 6.25855E-1 5.98269E-1 5.92102E-1 5.96143E-1 5.86236E-1 5.90598E-1 6.33484E-1 6.41148E-1 6.1939E-1 6.20723E-1 5.80493E-1 5.69924E-1 5.34211E-1 5.26982E-1 6.15832E-1 5.05355E-1 5.46552E-1 5.68946E-1 5.58864E-1 5.36362E-1 5.95289E-1 4.89372E-1 4.46553E-1 4.5867E-1 4.63617E-1 4.79386E-1 4.61651E-1 4.55338E-1 4.63564E-1 4.62072E-1 4.59775E-1 4.75381E-1
6.6589E-1 6.90754E-1 7.03903E-1 6.73298E-1 6.79423E-1 6.51217E-1 6.18846E-1 6.1197E-1 6.04107E-1 6.38381E-1 6.02376E-1 5.96965E-1 5.92558E-1 5.84679E-1 5.51067E-1 5.88294E-1 5.87267E-1 6.08517E-1 6.14936E-1 6.05365E-1 6.14878E-1 6.07506E-1 6.40533E-1 6.39976E-1 6.0202E-1 6.05956E-1 6.01445E-1 5.99645E-1 6.26142E-1 5.72121E-1 5.93176E-1 5.73663E-1 5.92632E-1 5.7777E-1 5.97123E-1 6.11204E-1 6.08015E-1 6.015E-1 5.73539E-1 5.56708E-1 5.44933E-1 4.90793E-1 5.19732E-1 5.2754E-1 5.43545E-1 5.51768E-1 5.38976E-1 5.34836E-1 5.29818E-1 6.57919E-1 6.2261E-1 4.71221E-1 4.6501E-1 4.65592E-1 4.69655E-1 4.82454E-1 4.61237E-1 4.59974E-1 4.6515E-1 4.5739E-1 6.52306E-1
7.16235E-1 7.21371E-1 6.80836E-1 6.86759E-1 6.76058E-1 6.67721E-1 5.80929E-1 6.13701E-1 6.30709E-1 5.83021E-1 6.2091E-1 6.16591E-1 6.19611E-1 5.95924E-1 5.91426E-1 6.2008E-1 6.34488E-1 6.33324E-1 6.65952E-1 6.68861E-1 6.78667E-1 6.5315E-1 6.19962E-1 6.24486E-1 6.02048E-1 5.95566E-1 6.04959E-1 6.11519E-1 6.60364E-1 6.30711E-1 5.89787E-1 5.89613E-1 5.98748E-1 6.2119E-1 6.39944E-1 5.7188E-1 6.08571E-1 5.8523E-1 5.53754E-1 5.48861E-1 5.58106E-1 5.30375E-1 5.44038E-1 5.57568E-1 5.44307E-1 5.42563E-1 5.30962E-1 5.98404E-1 5.56872E-1 4.95553E-1 7.21902E-1 6.15651E-1 4.86739E-1 4.8572E-1 4.60526E-1 4.57744E-1 4.51724E-1 4.54815E-1 4.51857E-1 5.11595E-1 7.29628E-1
6.63689E-1 6.64052E-1 6.73875E-1 6.71333E-1 6.64145E-1 6.27686E-1 6.85463E-1 6.16022E-1 6.15612E-1 6.08659E-1 6.02486E-1 6.38262E-1 6.9421E-1 6.19268E-1 6.30238E-1 6.12036E-1 6.27315E-1 6.56471E-1 6.66119E-1 6.90706E-1 6.63109E-1 6.70825E-1 6.42273E-1 6.1939E-1 6.16111E-1 6.31935E-1 6.4221E-1 6.31308E-1 6.08976E-1 6.44398E-1 5.66083E-1 5.55322E-1 5.60077E-1 5.79659E-1 5.71504E-1 5.93316E-1 6.2651E-1 6.54809E-1 6.12582E-1 5.42404E-1 5.37876E-1 5.47789E-1 5.81146E-1 6.05738E-1 5.87374E-1 5.52782E-1 5.84081E-1 6.06433E-1 5.69321E-1 7.06943E-1 7.03308E-1 7.23594E-1 7.4336E-1 6.5179E-1 4.74189E-1 4.80234E-1 4.8169E-1 4.55124E-1 4.45593E-1 4.54311E-1 7.13597E-1
6.54182E-1 6.52814E-1 6.68655E-1 6.74306E-1 6.43798E-1 6.17854E-1 7.35513E-1 6.24752E-1 5.9733E-1 5.99247E-1 5.98371E-1 5.91742E-1 6.25698E-1 6.38082E-1 6.23972E-1 7.20194E-1 6.52523E-1 6.56812E-1 6.57463E-1 6.55995E-1 6.57566E-1 6.54144E-1 6.3895E-1 6.41591E-1 5.92127E-1 6.25152E-1 6.46071E-1 6.21155E-1 5.98886E-1 6.12114E-1 5.75826E-1 5.67065E-1 5.69054E-1 5.75482E-1 5.80088E-1 5.81496E-1 5.43975E-1 5.44132E-1 7.25602E-1 5.64971E-1 5.52188E-1 5.65546E-1 6.01162E-1 5.74133E-1 5.65062E-1 5.65397E-1 5.70668E-1 5.4703E-1 5.82456E-1 6.68867E-1 4.9965E-1 5.2202E-1 7.3085E-1 6.41358E-1 5.42313E-1 4.73388E-1 4.79386E-1 4.24586E-1 4.43401E-1 4.56778E-1 6.24522E-1
6.33547E-1 6.36775E-1 6.54801E-1 6.47219E-1 6.44441E-1 6.5021E-1 6.56416E-1 6.22848E-1 5.90984E-1 6.5862E-1 5.79565E-1 5.8225E-1 7.11212E-1 7.74897E-1 6.09277E-1 6.87057E-1 6.24479E-1 7.64915E-1 6.55087E-1 6.32487E-1 6.47408E-1 6.37343E-1 6.03286E-1 6.31635E-1 5.98703E-1 6.00604E-1 6.59168E-1 6.1567E-1 5.87591E-1 5.88477E-1 5.68619E-1 5.66688E-1 5.66119E-1 5.82383E-1 5.88508E-1 5.96929E-1 5.68379E-1 5.3605E-1 6.75971E-1 5.63473E-1 5.78145E-1 5.78214E-1 5.96935E-1 5.77008E-1 5.69186E-1 5.70654E-1 5.52801E-1 5.66687E-1 7.1244E-1 5.17827E-1 5.09334E-1 4.93636E-1 4.97185E-1 4.89344E-1 4.84691E-1 4.51189E-1 4.69561E-1 4.61004E-1 4.43383E-1 4.46545E-1 4.54654E-1
6.33948E-1 6.26443E-1 6.44415E-1 6.50347E-1 6.01562E-1 6.18302E-1 6.4894E-1 6.20814E-1 5.89525E-1 5.94719E-1 5.92302E-1 5.88681E-1 6.7494E-1 7.69679E-1 5.83394E-1 6.41002E-1 6.27022E-1 6.5459E-1 6.05469E-1 6.17943E-1 6.18651E-1 6.44043E-1 6.18557E-1 5.96565E-1 6.26281E-1 6.19847E-1 6.26031E-1 6.04727E-1 5.92667E-1 5.7031E-1 5.73027E-1 5.72007E-1 5.63767E-1 5.74261E-1 5.83057E-1 5.803E-1 5.60789E-1 5.4288E-1 5.81516E-1 6.0471E-1 6.24545E-1 6.44274E-1 6.61046E-1 5.69041E-1 5.90598E-1 7.29667E-1 7.31231E-1 7.16214E-1 7.05153E-1 5.51793E-1 5.08352E-1 5.19083E-1 4.84048E-1 4.97398E-1 4.94034E-1 4.60225E-1 4.27279E-1 4.60595E-1 4.49535E-1 4.42641E-1 4.43483E-1
6.17936E-1 6.2047E-1 6.52339E-1 5.89632E-1 5.73567E-1 5.9481E-1 7.03495E-1 6.62862E-1 5.7823E-1 6.05583E-1 6.04563E-1 6.11002E-1 5.83412E-1 6.04574E-1 5.77576E-1 6.26474E-1 6.53814E-1 6.14877E-1 6.03242E-1 5.99058E-1 6.03963E-1 6.02689E-1 5.94564E-1 6.194E-1 6.10428E-1 6.18855E-1 5.93137E-1 5.97555E-1 5.75937E-1 5.74366E-1 5.62119E-1 6.0134E-1 5.62379E-1 5.64998E-1 5.64959E-1 5.51039E-1 5.61917E-1 5.90146E-1 5.63217E-1 5.91848E-1 5.79212E-1 6.15504E-1 6.0084E-1 6.94042E-1 7.01788E-1 6.36204E-1 5.89488E-1 5.67995E-1 5.55368E-1 5.44918E-1 5.51633E-1 5.21043E-1 4.80204E-1 4.75311E-1 4.78291E-1 4.76697E-1 4.55372E-1 4.97955E-1 5.0471E-1 4.51291E-1 4.43025E-1
6.28575E-1 6.2666E-1 6.09317E-1 5.85882E-1 5.95783E-1 6.13737E-1 5.97743E-1 5.68278E-1 5.85792E-1 6.0421E-1 6.47996E-1 5.83119E-1 6.0417E-1 5.80813E-1 5.84072E-1 6.15059E-1 5.98125E-1 5.89942E-1 5.58388E-1 5.60729E-1 5.74155E-1 5.82143E-1 5.90016E-1 6.06578E-1 6.13603E-1 6.36391E-1 6.22549E-1 6.1371E-1 5.99837E-1 5.86117E-1 5.54281E-1 5.55173E-1 5.68282E-1 5.77557E-1 5.58232E-1 5.60703E-1 5.78762E-1 5.95065E-1 5.83578E-1 6.04552E-1 6.03373E-1 5.79889E-1 5.7825E-1 5.7568E-1 5.80381E-1 5.8328E-1 5.79289E-1 5.79185E-1 5.54283E-1 5.35045E-1 4.89307E-1 4.89073E-1 4.83822E-1 4.78975E-1 4.85515E-1 4.60038E-1 4.65918E-1 4.55013E-1 5.67261E-1 4.83442E-1 4.50478E-1
6.04401E-1 6.27247E-1 6.3399E-1 6.20466E-1 6.76921E-1 6.16941E-1 5.80328E-1 5.66472E-1 5.78122E-1 5.89078E-1 6.00242E-1 6.06872E-1 6.39297E-1 5.82864E-1 5.9076E-1 5.77373E-1 5.71342E-1 5.74021E-1 5.60884E-1 5.79103E-1 5.8821E-1 5.85712E-1 5.43702E-1 6.09036E-1 5.95699E-1 5.95432E-1 6.11017E-1 6.29073E-1 6.01275E-1 6.03192E-1 5.59873E-1 6.21921E-1 5.57043E-1 5.56015E-1 5.5571E-1 6.01273E-1 5.67234E-1 5.65551E-1 5.75643E-1 6.58699E-1 5.84179E-1 6.14491E-1 5.75752E-1 5.54162E-1 5.58446E-1 5.73365E-1 6.23263E-1 5.53046E-1 5.65932E-1 5.20516E-1 5.16629E-1 5.25594E-1 5.02982E-1 4.73008E-1 5.45511E-1 5.8814E-1 4.61265E-1 4.43653E-1 4.52023E-1 5.59821E-1 4.86232E-1
5.87032E-1 6.15294E-1 6.26304E-1 6.39116E-1 7.00613E-1 6.50203E-1 5.92466E-1 5.8186E-1 5.63882E-1 5.94277E-1 6.06629E-1 5.81901E-1 5.97771E-1 6.34556E-1 5.90668E-1 5.68142E-1 5.71181E-1 5.83668E-1 5.86994E-1 6.04558E-1 5.94292E-1 5.85934E-1 5.7811E-1 6.12908E-1 6.16893E-1 6.69475E-1 6.63748E-1 6.21396E-1 6.18964E-1 5.77657E-1 5.87248E-1 6.822E-1 5.54954E-1 5.6755E-1 5.56238E-1 5.64682E-1 5.77169E-1 6.34023E-1 5.87841E-1 5.9371E-1 5.99714E-1 5.73913E-1 5.82333E-1 5.65163E-1 5.42254E-1 5.54593E-1 6.12864E-1 7.45877E-1 5.49569E-1 6.0439E-1 7.55138E-1 5.42226E-1 5.2975E-1 4.9633E-1 4.58452E-1 4.40507E-1 4.32054E-1 4.58116E-1 4.76795E-1 4.76045E-1 4.78185E-1
6.33453E-1 6.024E-1 6.05431E-1 5.9903E-1 6.06127E-1 6.0064E-1 5.58716E-1 5.77018E-1 5.5058E-1 5.82571E-1 5.6767E-1 5.55039E-1 5.49825E-1 5.51608E-1 5.89474E-1 5.81385E-1 5.84357E-1 5.76531E-1 6.87381E-1 5.8511E-1 6.31139E-1 7.45815E-1 5.9628E-1 5.92892E-1 5.91966E-1 7.44804E-1 7.22185E-1 7.10499E-1 6.30095E-1 5.78952E-1 5.38396E-1 5.40399E-1 5.60513E-1 5.73627E-1 5.64539E-1 5.61805E-1 5.85998E-1 5.99606E-1 5.80199E-1 5.98995E-1 6.05526E-1 6.09156E-1 6.96392E-1 5.81973E-1 5.6353E-1 6.26544E-1 5.87332E-1 5.57777E-1 5.42476E-1 5.268E-1 6.4278E-1 5.22142E-1 5.29055E-1 5.16556E-1 5.228E-1 5.03875E-1 4.54878E-1 4.62804E-1 6.55717E-1 4.54823E-1 5.0005E-1
5.81365E-1 6.22644E-1 5.89792E-1 5.98393E-1 5.82458E-1 6.69555E-1 5.893E-1 5.95997E-1 5.68864E-1 5.62097E-1 6.29044E-1 5.87313E-1 5.66725E-1 5.81717E-1 5.88368E-1 5.7951E-1 5.76159E-1 5.84408E-1 5.95998E-1 5.80467E-1 5.79292E-1 5.97431E-1 6.0666E-1 5.88382E-1 5.85614E-1 6.12885E-1 5.57337E-1 5.60789E-1 5.46571E-1 5.22924E-1 5.11888E-1 5.27878E-1 6.43858E-1 6.11367E-1 5.91205E-1 5.88802E-1 5.77501E-1 5.87353E-1 5.90128E-1 6.06662E-1 6.07414E-1 5.95092E-1 6.08138E-1 6.01292E-1 5.87527E-1 5.73445E-1 5.4713E-1 5.62888E-1 5.61246E-1 5.5058E-1 5.20273E-1 6.67606E-1 5.34555E-1 5.16002E-1 5.37644E-1 5.50158E-1 5.26118E-1 4.83796E-1 4.79447E-1 4.62903E-1 4.90862E-1
5.9489E-1 5.79943E-1 5.6531E-1 6.13728E-1 5.99505E-1 7.21005E-1 5.96262E-1 5.89374E-1 6.20053E-1 5.98098E-1 5.88944E-1 5.89625E-1 5.80398E-1 5.94262E-1 6.53667E-1 5.74268E-1 5.75722E-1 5.77606E-1 5.93189E-1 6.3215E-1 5.91893E-1 5.89406E-1 6.0457E-1 6.13785E-1 5.87809E-1 5.68973E-1 5.40955E-1 5.42443E-1 5.12595E-1 5.2554E-1 5.6318E-1 5.27645E-1 5.2885E-1 5.70686E-1 5.74572E-1 5.73445E-1 5.80166E-1 6.10973E-1 6.20746E-1 6.40908E-1 6.25112E-1 6.07507E-1 6.16559E-1 6.15769E-1 5.90339E-1 5.57227E-1 5.53434E-1 5.36065E-1 5.3791E-1 5.43915E-1 5.40868E-1 5.30073E-1 5.24844E-1 7.09314E-1 7.44208E-1 7.05144E-1 5.37528E-1 4.95956E-1 4.70508E-1 4.4119E-1 4.737E-1
5.6354E-1 5.60491E-1 5.84488E-1 6.00904E-1 5.98976E-1 5.76919E-1 5.84077E-1 5.88578E-1 6.09117E-1 6.51949E-1 6.2572E-1 5.84997E-1 5.85679E-1 5.63696E-1 5.85101E-1 6.00476E-1 5.73138E-1 5.59541E-1 6.21752E-1 6.21602E-1 5.8423E-1 6.0815E-1 6.14448E-1 6.19353E-1 6.06E-1 5.84191E-1 5.54524E-1 5.44012E-1 5.20938E-1 5.09244E-1 5.03535E-1 5.15542E-1 5.31563E-1 5.51287E-1 6.05617E-1 6.68832E-1 6.14898E-1 5.99247E-1 5.8702E-1 6.5416E-1 6.16406E-1 6.06783E-1 6.11481E-1 6.05057E-1 5.67645E-1 5.787E-1 6.07813E-1 5.5958E-1 5.32316E-1 5.31474E-1 5.14773E-1 5.34754E-1 5.25008E-1 6.72256E-1 6.41374E-1 4.90507E-1 5.73354E-1 5.06986E-1 4.86346E-1 4.32017E-1 4.17854E-1
5.21981E-1 5.71143E-1 5.72505E-1 5.716E-1 5.82877E-1 5.81531E-1 6.08082E-1 6.42697E-1 5.86495E-1 6.07126E-1 6.13658E-1 5.99081E-1 5.97981E-1 5.843E-1 5.77751E-1 6.06967E-1 5.66546E-1 5.72109E-1 5.98348E-1 6.03984E-1 6.48321E-1 6.38074E-1 6.2486E-1 6.36004E-1 6.71719E-1 5.87566E-1 5.90348E-1 5.70453E-1 5.58918E-1 5.6821E-1 6.86989E-1 6.989E-1 7.20343E-1 6.79651E-1 6.4888E-1 6.73501E-1 5.91139E-1 6.13045E-1 6.01021E-1 6.1234E-1 6.20911E-1 6.12266E-1 6.16128E-1 6.09936E-1 5.61223E-1 5.72759E-1 5.54026E-1 5.39241E-1 5.34147E-1 5.30196E-1 5.16833E-1 5.1583E-1 5.4078E-1 5.71497E-1 6.43763E-1 7.19153E-1 6.1687E-1 4.83686E-1 5.4673E-1 4.25836E-1 4.06769E-1
5.11E-1 5.72361E-1 7.07609E-1 5.87405E-1 6.02608E-1 6.05273E-1 6.83219E-1 6.10386E-1 6.2253E-1 6.01786E-1 6.03198E-1 6.06503E-1 5.88392E-1 5.92018E-1 5.84542E-1 5.89179E-1 6.09818E-1 6.01015E-1 5.82192E-1 5.96812E-1 5.99933E-1 6.17409E-1 7.58098E-1 7.5978E-1 7.92381E-1 7.1382E-1 7.91292E-1 6.38825E-1 7.65068E-1 7.43084E-1 7.53162E-1 7.13784E-1 6.49835E-1 5.90989E-1 5.91068E-1 6.10272E-1 5.74751E-1 5.92714E-1 6.12961E-1 5.98831E-1 6.22399E-1 6.15057E-1 6.0738E-1 5.85355E-1 5.49802E-1 5.54282E-1 5.4561E-1 5.63847E-1 5.60124E-1 5.26414E-1 5.15849E-1 5.16032E-1 5.3536E-1 5.97264E-1 5.73948E-1 5.05897E-1 5.27588E-1 4.81595E-1 4.91516E-1 4.97404E-1 4.6273E-1
4.7917E-1 5.69604E-1 5.69813E-1 5.88091E-1 6.06516E-1 6.34218E-1 6.20039E-1 6.55787E-1 6.35961E-1 6.58959E-1 6.20594E-1 6.23475E-1 6.29253E-1 5.89255E-1 5.56546E-1 5.679E-1 6.06771E-1 5.93526E-1 5.76133E-1 5.90936E-1 6.20168E-1 6.12672E-1 6.44951E-1 6.59834E-1 6.48061E-1 7.5394E-1 7.78671E-1 6.60171E-1 7.14087E-1 7.15302E-1 6.24178E-1 6.01819E-1 5.84822E-1 6.47125E-1 6.69306E-1 6.04941E-1 5.92064E-1 5.94382E-1 5.88869E-1 5.95641E-1 6.08361E-1 6.18747E-1 6.84436E-1 6.11694E-1 5.6621E-1 5.77161E-1 5.63112E-1 5.94925E-1 5.74031E-1 5.37961E-1 6.02696E-1 5.15598E-1 5.38667E-1 5.17417E-1 5.25719E-1 5.37667E-1 5.73562E-1 4.61585E-1 4.98557E-1 5.33951E-1 5.08539E-1
4.96097E-1 5.22405E-1 5.55247E-1 6.38344E-1 6.55749E-1 6.38274E-1 6.77198E-1 6.95019E-1 6.61985E-1 6.49732E-1 6.62897E-1 6.26013E-1 6.02038E-1 6.02199E-1 5.98269E-1 6.00564E-1 5.93108E-1 6.88722E-1 7.81529E-1 5.91425E-1 5.83023E-1 6.11482E-1 6.40654E-1 6.09982E-1 6.23615E-1 6.36816E-1 6.18248E-1 6.39122E-1 6.72146E-1 7.19931E-1 6.14226E-1 6.21937E-1 6.73681E-1 6.66492E-1 6.18115E-1 6.09116E-1 5.93009E-1 5.94017E-1 5.87128E-1 6.04727E-1 6.22171E-1 6.30624E-1 6.47303E-1 5.95454E-1 5.73086E-1 5.60813E-1 5.55909E-1 5.46733E-1 5.54362E-1 5.1675E-1 5.88637E-1 5.64233E-1 5.28094E-1 5.48801E-1 5.53647E-1 5.33208E-1 5.80873E-1 4.99789E-1 5.84844E-1 5.92667E-1 5.56742E-1
5.66209E-1 5.5845E-1 5.82306E-1 6.65702E-1 6.7733E-1 6.88601E-1 6.73421E-1 6.70294E-1 6.72981E-1 6.70855E-1 6.73162E-1 6.65455E-1 6.14808E-1 6.39458E-1 6.4027E-1 6.10107E-1 5.96747E-1 6.50558E-1 7.72561E-1 5.80636E-1 5.75578E-1 6.36535E-1 6.18831E-1 6.0545E-1 5.99641E-1 6.39973E-1 6.0291E-1 6.29787E-1 6.36836E-1 6.78676E-1 6.26027E-1 6.12593E-1 6.34325E-1 6.25865E-1 5.75253E-1 6.05539E-1 6.26056E-1 6.18718E-1 6.10702E-1 6.20632E-1 6.20516E-1 6.41324E-1 6.37508E-1 6.07078E-1 5.90177E-1 6.32327E-1 5.71621E-1 5.63293E-1 5.60735E-1 5.09695E-1 5.09978E-1 5.48949E-1 5.5727E-1 5.26468E-1 5.80437E-1 6.38974E-1 5.4962E-1 5.52194E-1 5.74934E-1 5.58332E-1 5.11724E-1
6.51714E-1 5.90832E-1 6.33103E-1 6.90645E-1 7.31103E-1 7.2753E-1 6.88111E-1 6.94074E-1 7.16239E-1 6.79146E-1 6.56054E-1 6.36296E-1 6.12189E-1 6.21721E-1 6.06479E-1 5.75508E-1 5.92677E-1 6.76668E-1 5.90738E-1 5.61742E-1 5.74743E-1 5.87769E-1 5.73142E-1 6.04153E-1 5.36212E-1 5.67359E-1 6.63455E-1 6.90168E-1 6.84133E-1 6.97056E-1 6.82735E-1 6.12636E-1 6.13066E-1 6.12859E-1 5.798E-1 5.83278E-1 6.07031E-1 6.36072E-1 5.95482E-1 6.01161E-1 6.2699E-1 6.1846E-1 5.99248E-1 5.93045E-1 5.92692E-1 6.27789E-1 5.84602E-1 5.7104E-1 5.32488E-1 5.29666E-1 5.35491E-1 5.60183E-1 5.65596E-1 5.76958E-1 6.27154E-1 5.68149E-1 5.55186E-1 5.76717E-1 5.57932E-1 5.32311E-1 5.09941E-1
