Final_Models_July82022/M_0.1_F_lqp_Set_1/Bison_stddev.asc
ncols         290
nrows         380
xllcorner     -2197417.7431653
yllcorner     -584827.01486885
cellsize      10000.0
NODATA_value  -9999
[rows 189 to 215 of 380, columns 183 to 243 of 290]
8.9646E-3 8.50497E-3 9.33662E-3 9.89842E-3 9.25396E-3 9.14E-3 9.02883E-3 9.86572E-3 8.70548E-3 8.48697E-3 8.69513E-3 8.17086E-3 7.7874E-3 6.99966E-3 6.8287E-3 6.70501E-3 7.45697E-3 6.5245E-3 6.71995E-3 7.25102E-3 8.83858E-3 7.74257E-3 6.59443E-3 7.39367E-3 7.03904E-3 6.84619E-3 7.40578E-3 7.11722E-3 6.73782E-3 7.28343E-3 6.39151E-3 6.43808E-3 6.68273E-3 7.11427E-3 5.6696E-3 5.75694E-3 6.24481E-3 6.07498E-3 6.09075E-3 5.88631E-3 5.66992E-3 5.08724E-3 4.93579E-3 4.94282E-3 4.99267E-3 4.85593E-3 5.94251E-3 5.47062E-3 6.37328E-3 4.8992E-3 4.93528E-3 4.26658E-3 5.09281E-3 4.24196E-3 5.17057E-3 4.76343E-3 5.2415E-3 4.63745E-3 5.1025E-3 -9999 -9999
1.124E-2 9.73353E-3 1.06749E-2 9.03319E-3 9.63312E-3 9.11007E-3 1.02431E-2 9.17995E-3 7.79667E-3 8.70595E-3 9.82274E-3 8.8752E-3 8.23504E-3 8.55328E-3 7.76695E-3 7.28116E-3 6.9971E-3 6.55502E-3 6.92283E-3 6.90016E-3 7.48887E-3 7.11321E-3 7.11854E-3 7.27767E-3 7.49312E-3 6.34706E-3 6.51235E-3 7.09315E-3 7.22208E-3 7.03887E-3 6.2212E-3 6.54617E-3 6.79316E-3 6.65145E-3 6.50296E-3 6.60803E-3 7.24021E-3 6.45465E-3 5.7728E-3 5.83116E-3 5.13402E-3 5.51719E-3 5.76072E-3 5.67058E-3 4.99559E-3 5.11734E-3 5.08056E-3 6.20222E-3 9.99342E-3 5.58069E-3 4.70861E-3 4.36426E-3 5.70705E-3 4.83077E-3 4.156E-3 4.84018E-3 5.41994E-3 5.60233E-3 5.07435E-3 -9999 -9999
1.15078E-2 1.0717E-2 1.00622E-2 1.03426E-2 1.09082E-2 8.68584E-3 9.89948E-3 8.36862E-3 8.10561E-3 9.52168E-3 8.44006E-3 8.24116E-3 7.46726E-3 1.07223E-2 7.19636E-3 7.73486E-3 7.7663E-3 7.10762E-3 6.82134E-3 7.52871E-3 7.1666E-3 6.68793E-3 7.26221E-3 6.67625E-3 6.62843E-3 7.00221E-3 7.16319E-3 7.08956E-3 6.51903E-3 7.6724E-3 6.76889E-3 7.02889E-3 7.30054E-3 6.74809E-3 7.54169E-3 6.23661E-3 6.09661E-3 6.50418E-3 5.85298E-3 6.63116E-3 5.75565E-3 5.68856E-3 5.8127E-3 5.59444E-3 5.54006E-3 5.49081E-3 5.04526E-3 5.28138E-3 5.00292E-3 5.23308E-3 4.8404E-3 7.78481E-3 5.51082E-3 4.07395E-3 4.27197E-3 5.31091E-3 5.43942E-3 5.46809E-3 -9999 -9999 -9999
1.0934E-2 1.16537E-2 1.09467E-2 8.93415E-3 9.04042E-3 1.05876E-2 1.24516E-2 1.25535E-2 8.98391E-3 9.34083E-3 9.12589E-3 7.77066E-3 8.8235E-3 9.06215E-3 7.41177E-3 7.59068E-3 7.53062E-3 7.39833E-3 7.67022E-3 7.14521E-3 6.93313E-3 7.10385E-3 9.89223E-3 8.02437E-3 7.13298E-3 7.81327E-3 7.28435E-3 7.15619E-3 8.08983E-3 6.73261E-3 6.69319E-3 6.34007E-3 6.65706E-3 6.93402E-3 6.43047E-3 6.52735E-3 5.56924E-3 6.16716E-3 5.78263E-3 1.23276E-2 7.18673E-3 6.12455E-3 6.07096E-3 5.54323E-3 5.56975E-3 5.42972E-3 5.55956E-3 5.10568E-3 5.28899E-3 5.2059E-3 6.17757E-3 4.64528E-3 4.17054E-3 4.29736E-3 5.00099E-3 5.58232E-3 5.77445E-3 5.44151E-3 -9999 -9999 -9999
1.00797E-2 9.7525E-3 9.74498E-3 8.93306E-3 9.25506E-3 1.17032E-2 1.04961E-2 1.65551E-2 8.40328E-3 8.62434E-3 8.80313E-3 8.15223E-3 8.47801E-3 8.03901E-3 7.8635E-3 7.7433E-3 7.57046E-3 7.75688E-3 7.59475E-3 6.72569E-3 7.52875E-3 9.28591E-3 1.18714E-2 1.26743E-2 7.41983E-3 7.08703E-3 6.83739E-3 6.75533E-3 6.68292E-3 6.43695E-3 7.40425E-3 7.56087E-3 6.8156E-3 6.92298E-3 6.42445E-3 6.5946E-3 6.81632E-3 6.03628E-3 6.77604E-3 1.29506E-2 6.49708E-3 6.35703E-3 5.98979E-3 5.60368E-3 6.40673E-3 5.42151E-3 5.2628E-3 5.16754E-3 5.16229E-3 4.81942E-3 6.8324E-3 5.73774E-3 5.97564E-3 5.34492E-3 4.30546E-3 4.90977E-3 5.19428E-3 4.93296E-3 -9999 -9999 -9999
1.02826E-2 1.1756E-2 1.35765E-2 8.89599E-3 1.06045E-2 1.18519E-2 1.00258E-2 9.19269E-3 8.85373E-3 8.78134E-3 9.60759E-3 9.36101E-3 9.17391E-3 8.51226E-3 8.47909E-3 7.76952E-3 8.18739E-3 9.16761E-3 7.71516E-3 8.21738E-3 7.41875E-3 7.43106E-3 9.77115E-3 8.13394E-3 8.65253E-3 7.03491E-3 7.62718E-3 7.58768E-3 8.73357E-3 7.35619E-3 7.68412E-3 6.96551E-3 6.86474E-3 7.51254E-3 6.28788E-3 6.46719E-3 6.85648E-3 6.83257E-3 7.52256E-3 6.98241E-3 6.51396E-3 6.27636E-3 6.74243E-3 6.16006E-3 6.01867E-3 5.99021E-3 5.16062E-3 5.29064E-3 5.38556E-3 5.26474E-3 5.31305E-3 5.25211E-3 4.88102E-3 5.53562E-3 5.00999E-3 4.72572E-3 4.9173E-3 -9999 -9999 -9999 -9999
1.27809E-2 1.15732E-2 1.18353E-2 1.4302E-2 1.24537E-2 1.11808E-2 1.18735E-2 1.34639E-2 1.40175E-2 1.14421E-2 8.58031E-3 9.36927E-3 8.85382E-3 8.2469E-3 8.5643E-3 7.59297E-3 7.96489E-3 8.91706E-3 9.16875E-3 8.16744E-3 7.69598E-3 8.17591E-3 7.98645E-3 1.40092E-2 8.80079E-3 7.12535E-3 7.49029E-3 6.74459E-3 7.00119E-3 7.19286E-3 7.40855E-3 6.77975E-3 6.92161E-3 7.03467E-3 7.17841E-3 7.36435E-3 7.00895E-3 6.48087E-3 7.94133E-3 6.52533E-3 6.40958E-3 7.60322E-3 7.04061E-3 6.95356E-3 6.34038E-3 6.01539E-3 5.58835E-3 5.83156E-3 5.36504E-3 5.48813E-3 5.23721E-3 5.23471E-3 5.25118E-3 5.4819E-3 5.36497E-3 5.09522E-3 5.41688E-3 -9999 -9999 -9999 -9999
1.56257E-2 9.69125E-3 1.01713E-2 1.16898E-2 1.09534E-2 1.29326E-2 1.05133E-2 1.80884E-2 1.76871E-2 9.50097E-3 1.49786E-2 1.84676E-2 8.25925E-3 9.27626E-3 9.2425E-3 8.56502E-3 8.26346E-3 8.44174E-3 8.99392E-3 8.62894E-3 7.82899E-3 8.7351E-3 8.09611E-3 7.71849E-3 7.62702E-3 8.71756E-3 8.53656E-3 7.39952E-3 8.41604E-3 7.26959E-3 7.42608E-3 7.61311E-3 6.99902E-3 6.61464E-3 7.38103E-3 7.1876E-3 7.42587E-3 7.40233E-3 7.78256E-3 7.26561E-3 6.92253E-3 6.73359E-3 6.29294E-3 6.65699E-3 6.07484E-3 5.99416E-3 5.87257E-3 5.9419E-3 5.82876E-3 5.82548E-3 5.3116E-3 5.36504E-3 5.23815E-3 5.34136E-3 5.34472E-3 5.05688E-3 5.72411E-3 -9999 -9999 -9999 -9999
1.20754E-2 8.95577E-3 1.04128E-2 1.07782E-2 9.71774E-3 9.78404E-3 1.96892E-2 2.01491E-2 1.52474E-2 1.03744E-2 2.12659E-2 1.25987E-2 9.47209E-3 8.49463E-3 9.1827E-3 8.77981E-3 8.2115E-3 9.15486E-3 9.25656E-3 8.87423E-3 7.98238E-3 8.59156E-3 8.34134E-3 8.1583E-3 1.16251E-2 8.78014E-3 7.97056E-3 8.21803E-3 7.68067E-3 7.43986E-3 7.69522E-3 7.09729E-3 7.8966E-3 7.24465E-3 7.06662E-3 7.47374E-3 8.14949E-3 7.05184E-3 7.61959E-3 6.90507E-3 6.83397E-3 6.79083E-3 6.21891E-3 6.75952E-3 6.61405E-3 6.57911E-3 5.95597E-3 5.64594E-3 5.4789E-3 5.79278E-3 5.58393E-3 5.37342E-3 5.386E-3 5.30579E-3 5.19624E-3 5.47409E-3 -9999 -9999 -9999 -9999 -9999
1.21128E-2 1.19907E-2 8.85212E-3 1.03888E-2 9.28217E-3 1.06647E-2 1.06116E-2 1.01978E-2 1.03736E-2 9.69857E-3 1.09789E-2 1.01034E-2 9.84323E-3 9.64337E-3 8.62197E-3 8.80345E-3 9.64728E-3 8.9314E-3 9.46584E-3 8.67493E-3 8.86786E-3 8.29646E-3 9.24062E-3 8.90601E-3 8.05338E-3 7.97232E-3 8.70094E-3 7.92493E-3 8.12108E-3 7.64751E-3 7.85343E-3 7.35251E-3 7.69735E-3 7.65401E-3 7.44783E-3 7.22968E-3 7.90822E-3 7.49208E-3 7.57692E-3 7.34983E-3 7.73529E-3 7.14178E-3 6.78109E-3 6.19788E-3 6.57336E-3 6.56708E-3 6.33647E-3 6.12663E-3 6.37835E-3 6.47718E-3 5.63033E-3 5.45716E-3 5.36101E-3 5.3782E-3 5.25127E-3 5.50998E-3 -9999 -9999 -9999 -9999 -9999
1.16284E-2 1.1967E-2 1.19292E-2 1.14263E-2 1.16632E-2 1.03182E-2 1.15404E-2 1.01061E-2 1.02929E-2 1.06037E-2 9.80093E-3 9.35411E-3 9.49912E-3 9.82859E-3 9.91121E-3 9.87173E-3 9.42949E-3 9.31906E-3 8.99774E-3 1.13167E-2 1.45311E-2 7.36773E-3 9.29012E-3 1.05211E-2 9.1728E-3 8.27707E-3 8.22747E-3 9.18719E-3 8.86136E-3 8.88208E-3 9.20396E-3 8.07287E-3 7.3164E-3 7.78403E-3 7.96019E-3 8.27421E-3 7.02364E-3 7.86143E-3 8.20949E-3 7.88595E-3 7.37331E-3 7.59744E-3 6.73535E-3 6.69461E-3 6.41611E-3 6.33764E-3 6.67367E-3 6.22932E-3 6.2267E-3 5.50592E-3 5.92397E-3 5.3555E-3 5.25607E-3 5.02282E-3 5.51731E-3 5.58566E-3 -9999 -9999 -9999 -9999 -9999
1.22632E-2 1.01048E-2 1.10094E-2 1.17509E-2 1.04004E-2 1.02443E-2 9.48629E-3 1.0799E-2 1.00244E-2 1.04387E-2 9.07533E-3 1.09852E-2 9.50179E-3 9.513E-3 1.08103E-2 1.00002E-2 1.01854E-2 1.09456E-2 9.07881E-3 1.46081E-2 1.25688E-2 9.03381E-3 1.01535E-2 9.3722E-3 9.51688E-3 8.46279E-3 8.92799E-3 9.43824E-3 9.3614E-3 8.3827E-3 8.54017E-3 9.54363E-3 8.48883E-3 7.8853E-3 8.23876E-3 8.40267E-3 7.7529E-3 7.94331E-3 8.35886E-3 8.01404E-3 7.83097E-3 7.6245E-3 6.73534E-3 6.49317E-3 6.46617E-3 6.69356E-3 6.85487E-3 6.64449E-3 6.39441E-3 5.68966E-3 5.92624E-3 5.89208E-3 5.31993E-3 5.77127E-3 5.56062E-3 5.70979E-3 -9999 -9999 -9999 -9999 -9999
1.11704E-2 1.11723E-2 9.86234E-3 9.93686E-3 1.14384E-2 9.65499E-3 1.12342E-2 1.01348E-2 1.03105E-2 1.00609E-2 1.18412E-2 1.05736E-2 9.52785E-3 1.11498E-2 1.07344E-2 1.00536E-2 9.29002E-3 9.91805E-3 1.08352E-2 1.67854E-2 1.27135E-2 1.02407E-2 9.26003E-3 9.25179E-3 9.92135E-3 9.55568E-3 8.47069E-3 8.18419E-3 8.52167E-3 9.55675E-3 8.69822E-3 8.4208E-3 8.65967E-3 8.21939E-3 8.18073E-3 7.53299E-3 8.0957E-3 8.3036E-3 8.18963E-3 7.9077E-3 7.35714E-3 7.31605E-3 7.09219E-3 6.84323E-3 6.79557E-3 6.64083E-3 6.52835E-3 6.99902E-3 6.40007E-3 6.31926E-3 5.81199E-3 5.68755E-3 5.47398E-3 5.45244E-3 6.1877E-3 -9999 -9999 -9999 -9999 -9999 -9999
1.21176E-2 1.09992E-2 1.07048E-2 1.07559E-2 1.10702E-2 1.16758E-2 1.08388E-2 1.03818E-2 1.12764E-2 9.59199E-3 1.07767E-2 1.17085E-2 1.22891E-2 1.0695E-2 1.06609E-2 1.08116E-2 9.82666E-3 1.05995E-2 1.3655E-2 1.15032E-2 9.68013E-3 9.29081E-3 9.84555E-3 9.11255E-3 9.9732E-3 1.00281E-2 9.76435E-3 8.54624E-3 9.69708E-3 8.61522E-3 9.15087E-3 8.51854E-3 8.25472E-3 8.94637E-3 8.87187E-3 8.50629E-3 8.5657E-3 8.44804E-3 8.6618E-3 7.87657E-3 7.70179E-3 7.82299E-3 8.2806E-3 7.49886E-3 6.96572E-3 6.86167E-3 6.78124E-3 6.73513E-3 6.50488E-3 6.13991E-3 6.36098E-3 6.01567E-3 5.88712E-3 5.83259E-3 6.16628E-3 -9999 -9999 -9999 -9999 -9999 -9999
1.01866E-2 9.99041E-3 1.07798E-2 1.15502E-2 1.21254E-2 1.20547E-2 1.14771E-2 1.22337E-2 1.14101E-2 1.1787E-2 1.16965E-2 1.19593E-2 1.18077E-2 1.0988E-2 9.97959E-3 1.08286E-2 1.29042E-2 1.15655E-2 9.52349E-3 9.74367E-3 9.92771E-3 1.16374E-2 9.95632E-3 1.02876E-2 1.02972E-2 1.09973E-2 9.79915E-3 1.04651E-2 1.03183E-2 9.70396E-3 9.94487E-3 8.20313E-3 9.52974E-3 8.08461E-3 8.49117E-3 8.52292E-3 9.11926E-3 8.10649E-3 8.28799E-3 8.2051E-3 7.9113E-3 7.78655E-3 7.5516E-3 7.47409E-3 6.69853E-3 5.50386E-3 7.07354E-3 7.17318E-3 6.14501E-3 6.63385E-3 6.36564E-3 7.34416E-3 7.02054E-3 5.95321E-3 5.82537E-3 -9999 -9999 -9999 -9999 -9999 -9999
1.02404E-2 1.14594E-2 1.1607E-2 1.24098E-2 1.37617E-2 1.19099E-2 1.08676E-2 1.05374E-2 1.11823E-2 1.08723E-2 1.11082E-2 1.1676E-2 1.14325E-2 1.36904E-2 1.27176E-2 1.19095E-2 1.02642E-2 1.27664E-2 1.10301E-2 1.02206E-2 9.26188E-3 1.10546E-2 9.70687E-3 9.55438E-3 9.75274E-3 9.69197E-3 1.08863E-2 9.66572E-3 9.77118E-3 9.31732E-3 9.08385E-3 8.45635E-3 8.7167E-3 9.08658E-3 8.32175E-3 9.21442E-3 8.17518E-3 9.36984E-3 8.50218E-3 7.71185E-3 8.47548E-3 8.36263E-3 7.34099E-3 8.39411E-3 7.1957E-3 7.26848E-3 6.25603E-3 6.86155E-3 6.72991E-3 6.9709E-3 7.3815E-3 6.41433E-3 5.75687E-3 5.77299E-3 -9999 -9999 -9999 -9999 -9999 -9999 -9999
1.41122E-2 1.16008E-2 1.43944E-2 1.34688E-2 1.42493E-2 1.24829E-2 1.17472E-2 1.34824E-2 1.24326E-2 1.35634E-2 1.18361E-2 1.20403E-2 1.04465E-2 1.12572E-2 1.38749E-2 1.29849E-2 1.07758E-2 1.22932E-2 1.25039E-2 1.04466E-2 9.90335E-3 1.12598E-2 1.12978E-2 1.1162E-2 1.0472E-2 9.33096E-3 1.11088E-2 9.41855E-3 9.50042E-3 9.22859E-3 9.22551E-3 1.08619E-2 8.61622E-3 8.11893E-3 1.00644E-2 9.41192E-3 8.66972E-3 8.42195E-3 8.22772E-3 8.45131E-3 8.28055E-3 7.86524E-3 8.55451E-3 7.42214E-3 7.59292E-3 7.06604E-3 7.13335E-3 6.87998E-3 6.69797E-3 7.39415E-3 6.32394E-3 6.75239E-3 6.39877E-3 5.91491E-3 -9999 -9999 -9999 -9999 -9999 -9999 -9999
1.1486E-2 1.56104E-2 1.43679E-2 1.8219E-2 2.01693E-2 1.87627E-2 1.7684E-2 1.57906E-2 1.5251E-2 1.36986E-2 1.20622E-2 1.22926E-2 1.30742E-2 1.35749E-2 1.3309E-2 1.31972E-2 1.41947E-2 1.19776E-2 1.10628E-2 1.17341E-2 1.0367E-2 1.43567E-2 1.10401E-2 1.02159E-2 1.26556E-2 1.14266E-2 1.14524E-2 1.01577E-2 1.1942E-2 9.52161E-3 9.58705E-3 8.53393E-3 9.04761E-3 8.64048E-3 8.98115E-3 9.20172E-3 1.00009E-2 8.3537E-3 8.97958E-3 9.43454E-3 8.8661E-3 7.85107E-3 8.03464E-3 7.78579E-3 7.90493E-3 7.66053E-3 7.3777E-3 7.70685E-3 6.45341E-3 6.19081E-3 6.64157E-3 6.78063E-3 6.19242E-3 7.06743E-3 -9999 -9999 -9999 -9999 -9999 -9999 -9999
1.08074E-2 1.59893E-2 1.59027E-2 2.00873E-2 2.00821E-2 1.86821E-2 1.9288E-2 1.68688E-2 1.57536E-2 1.35789E-2 1.26799E-2 1.24622E-2 1.19838E-2 1.22358E-2 1.29803E-2 1.47246E-2 1.55653E-2 1.21863E-2 1.09516E-2 1.14862E-2 1.11885E-2 1.07958E-2 1.11496E-2 1.32995E-2 1.06917E-2 9.15616E-3 9.86689E-3 9.9972E-3 1.13157E-2 9.62356E-3 8.85646E-3 1.06439E-2 9.91662E-3 8.72836E-3 8.5308E-3 8.32337E-3 1.00459E-2 1.0248E-2 9.04732E-3 9.74674E-3 8.40573E-3 7.99794E-3 7.6306E-3 7.57328E-3 7.60836E-3 7.40284E-3 7.52994E-3 7.01959E-3 6.87467E-3 6.47979E-3 6.26906E-3 6.73649E-3 6.16849E-3 -9999 -9999 -9999 -9999 -9999 -9999 -9999 -9999
1.30749E-2 1.7266E-2 1.58767E-2 1.97885E-2 2.09716E-2 2.02471E-2 2.20104E-2 1.81736E-2 1.43701E-2 1.67357E-2 1.34315E-2 1.0738E-2 1.17862E-2 1.44864E-2 1.26447E-2 1.93818E-2 1.79054E-2 1.41154E-2 1.26578E-2 1.34153E-2 1.17976E-2 1.14362E-2 1.13339E-2 1.06237E-2 1.0551E-2 1.02088E-2 1.11311E-2 1.28874E-2 1.28878E-2 9.52373E-3 9.29624E-3 8.15265E-3 8.52511E-3 8.10066E-3 9.39904E-3 9.19743E-3 9.25306E-3 8.92284E-3 8.88545E-3 8.63671E-3 8.12898E-3 7.64563E-3 8.18324E-3 7.60925E-3 7.38152E-3 8.88433E-3 8.29781E-3 7.32718E-3 8.0895E-3 6.67723E-3 7.78379E-3 6.76605E-3 8.666E-3 -9999 -9999 -9999 -9999 -9999 -9999 -9999 -9999
1.11794E-2 1.28419E-2 1.37088E-2 1.9411E-2 2.16074E-2 2.28814E-2 1.9585E-2 1.7616E-2 2.14227E-2 1.51543E-2 1.29668E-2 1.24264E-2 1.22786E-2 1.2095E-2 1.29006E-2 1.65976E-2 1.48751E-2 1.22429E-2 1.21583E-2 1.41883E-2 1.28743E-2 1.16786E-2 1.17144E-2 1.15359E-2 1.07262E-2 1.08041E-2 9.36148E-3 1.06113E-2 9.98162E-3 9.13068E-3 1.11776E-2 9.89365E-3 8.31443E-3 8.79105E-3 9.21265E-3 8.51281E-3 8.43115E-3 9.6132E-3 8.88485E-3 8.91626E-3 7.99129E-3 8.05419E-3 8.16424E-3 8.06402E-3 7.83859E-3 9.08868E-3 8.85354E-3 8.62327E-3 7.57495E-3 7.09789E-3 7.2031E-3 9.22351E-3 9.20652E-3 -9999 -9999 -9999 -9999 -9999 -9999 -9999 -9999
1.10575E-2 1.21797E-2 1.26629E-2 1.66477E-2 1.6206E-2 1.89024E-2 2.10431E-2 1.83043E-2 1.62626E-2 1.76719E-2 1.19666E-2 1.25761E-2 1.15589E-2 1.47217E-2 1.13696E-2 1.28016E-2 1.3209E-2 1.3237E-2 1.21892E-2 1.07531E-2 1.2586E-2 1.26101E-2 1.12341E-2 1.39276E-2 1.02717E-2 9.70509E-3 1.04537E-2 1.05358E-2 1.01287E-2 9.72346E-3 9.80015E-3 1.14035E-2 9.75687E-3 8.26232E-3 9.57488E-3 8.77059E-3 8.49951E-3 8.92973E-3 9.08657E-3 8.88688E-3 8.63891E-3 9.48031E-3 9.1428E-3 7.58949E-3 8.38823E-3 9.53103E-3 7.83865E-3 7.65885E-3 8.41658E-3 6.96905E-3 1.01186E-2 9.01081E-3 6.90452E-3 -9999 -9999 -9999 -9999 -9999 -9999 -9999 -9999
1.3325E-2 1.21051E-2 1.14582E-2 1.37251E-2 1.52407E-2 1.66699E-2 1.68589E-2 1.71069E-2 2.31509E-2 2.5062E-2 1.64646E-2 1.30305E-2 1.24052E-2 1.24658E-2 1.36722E-2 1.47568E-2 1.29514E-2 1.33336E-2 1.14839E-2 1.30557E-2 1.22515E-2 1.16837E-2 1.39868E-2 1.41869E-2 1.07741E-2 1.11019E-2 1.11593E-2 1.03174E-2 1.13974E-2 9.60903E-3 9.87182E-3 1.06868E-2 1.02466E-2 8.35896E-3 1.18584E-2 8.62455E-3 9.07435E-3 9.23629E-3 9.54578E-3 9.14239E-3 9.07921E-3 9.24316E-3 7.85398E-3 9.46648E-3 9.78681E-3 9.98077E-3 7.43294E-3 1.12023E-2 1.07919E-2 7.98634E-3 6.58863E-3 6.31871E-3 -9999 -9999 -9999 -9999 -9999 -9999 -9999 -9999 -9999
1.32035E-2 1.31535E-2 1.44911E-2 1.42558E-2 1.59425E-2 1.68224E-2 1.7614E-2 2.20927E-2 2.69794E-2 2.0414E-2 1.44673E-2 1.35086E-2 1.14781E-2 1.298E-2 1.28009E-2 1.14098E-2 1.13402E-2 1.2573E-2 1.14294E-2 1.55713E-2 1.20393E-2 1.2479E-2 1.33955E-2 1.1453E-2 1.43017E-2 1.34674E-2 1.24317E-2 1.14481E-2 1.11245E-2 1.04022E-2 9.59958E-3 1.10602E-2 1.00709E-2 9.48912E-3 8.6071E-3 9.22199E-3 9.17843E-3 1.25087E-2 1.11295E-2 9.03714E-3 9.26956E-3 9.86244E-3 9.30432E-3 9.46672E-3 8.99062E-3 7.61186E-3 7.39673E-3 7.76377E-3 1.09061E-2 8.69407E-3 8.46626E-3 7.92483E-3 -9999 -9999 -9999 -9999 -9999 -9999 -9999 -9999 -9999
1.53293E-2 1.29572E-2 1.71707E-2 1.29247E-2 1.48276E-2 1.65316E-2 1.8766E-2 1.90703E-2 1.84131E-2 1.76301E-2 1.3254E-2 1.33536E-2 1.33221E-2 1.70271E-2 1.57362E-2 1.27346E-2 1.41325E-2 1.22685E-2 1.47358E-2 1.43965E-2 1.74208E-2 1.37152E-2 1.18892E-2 1.32329E-2 1.17571E-2 1.49402E-2 1.2476E-2 1.3798E-2 1.1737E-2 9.68538E-3 1.10894E-2 9.01236E-3 1.00516E-2 1.00105E-2 9.34152E-3 9.96877E-3 1.09314E-2 1.3349E-2 9.14435E-3 9.10583E-3 9.16327E-3 9.24906E-3 8.14924E-3 9.89516E-3 9.6262E-3 8.38102E-3 7.46167E-3 7.50794E-3 8.16956E-3 9.75382E-3 1.20051E-2 1.13851E-2 -9999 -9999 -9999 -9999 -9999 -9999 -9999 -9999 -9999
1.61638E-2 1.24588E-2 1.45058E-2 1.28111E-2 1.51723E-2 1.55702E-2 1.50748E-2 1.56307E-2 1.2903E-2 1.21273E-2 1.3378E-2 1.23757E-2 1.25514E-2 1.81529E-2 1.30544E-2 1.19217E-2 1.46167E-2 1.21784E-2 1.43137E-2 1.25381E-2 1.48787E-2 1.28927E-2 1.79293E-2 1.30565E-2 1.47429E-2 1.44461E-2 1.3225E-2 1.17857E-2 1.09879E-2 1.14491E-2 9.93137E-3 9.56538E-3 1.03178E-2 1.46309E-2 1.4874E-2 9.80449E-3 1.2451E-2 1.33541E-2 8.89975E-3 1.08422E-2 1.03709E-2 9.71587E-3 9.89937E-3 1.05116E-2 9.53654E-3 8.8985E-3 1.03972E-2 9.56679E-3 9.85808E-3 1.26201E-2 1.17604E-2 -9999 -9999 -9999 -9999 -9999 -9999 -9999 -9999 -9999 -9999
1.94445E-2 1.30751E-2 1.22153E-2 1.53156E-2 1.52763E-2 1.73136E-2 1.60458E-2 1.47899E-2 1.58928E-2 1.4495E-2 1.42054E-2 1.59286E-2 1.317E-2 1.47724E-2 1.31937E-2 1.32E-2 1.30625E-2 1.44913E-2 1.28392E-2 1.25904E-2 1.23069E-2 1.7727E-2 1.848E-2 1.4009E-2 1.42715E-2 1.96658E-2 1.60621E-2 1.19777E-2 1.01768E-2 1.4602E-2 9.38901E-3 9.51326E-3 9.38481E-3 9.52328E-3 1.27486E-2 1.16862E-2 1.08542E-2 1.32764E-2 1.27436E-2 1.23309E-2 1.31479E-2 1.02636E-2 1.13517E-2 1.09965E-2 1.02405E-2 1.08601E-2 1.10133E-2 9.62345E-3 9.75267E-3 1.32958E-2 1.0456E-2 -9999 -9999 -9999 -9999 -9999 -9999 -9999 -9999 -9999 -9999
