Final_Models_July82022/M_0.1_F_lqp_Set_1/Bison_9.asc
ncols         290
nrows         380
xllcorner     -2197417.7431653
yllcorner     -584827.01486885
cellsize      10000.0
NODATA_value  -9999
[rows 270 to 296 of 380, columns 61 to 121 of 290]
4.818E-3 1.5928E-3 3.77686E-4 2.19817E-4 1.749E-2 2.99636E-2 2.01723E-2 2.25871E-1 2.52082E-1 2.20956E-1 4.137E-1 3.67911E-1 4.14626E-1 4.58215E-1 4.09596E-1 3.92036E-1 4.08359E-1 3.61491E-1 2.94529E-1 3.89043E-1 2.32084E-1 1.48458E-1 1.04517E-1 8.47445E-2 1.88247E-1 2.10733E-1 1.30749E-1 1.52698E-1 3.11854E-1 4.23483E-2 6.81748E-2 2.54728E-1 3.95433E-2 2.46484E-2 3.09058E-2 3.36453E-2 1.29158E-2 9.06003E-2 4.58395E-2 2.08615E-3 8.59477E-4 4.18971E-2 4.13767E-2 5.31754E-3 5.35613E-2 1.73228E-2 4.43891E-2 4.99883E-2 4.66932E-2 1.20205E-1 1.12491E-1 4.98452E-4 1.13964E-3 1.97193E-3 1.99183E-1 3.37519E-2 4.01E-2 1.57007E-1 3.00292E-2 1.23819E-1 2.27444E-1
2.90371E-4 1.57913E-4 2.02645E-4 6.6895E-4 5.67355E-3 3.73563E-2 4.47614E-2 1.74441E-1 3.3588E-1 3.23144E-1 3.27128E-1 3.36338E-1 4.8501E-1 4.19302E-1 4.72845E-1 2.73022E-1 3.67206E-1 4.01979E-1 2.50006E-1 3.65002E-1 1.85515E-1 1.53036E-1 1.00623E-1 1.5213E-1 2.23773E-1 2.58856E-1 1.46111E-1 1.60868E-1 3.32951E-1 8.30651E-2 5.34191E-2 1.62447E-1 6.51136E-2 4.34672E-2 5.48046E-2 4.28984E-2 1.4853E-2 2.72556E-1 5.28806E-2 8.58348E-3 4.11229E-4 3.30466E-2 7.25435E-2 1.71402E-2 7.27776E-2 3.57077E-2 9.59078E-2 7.24763E-2 1.25195E-1 6.49019E-2 4.74191E-2 7.47682E-2 9.90807E-3 3.63442E-3 1.45495E-1 2.92467E-1 1.48084E-1 3.30388E-2 7.22545E-3 1.58376E-2 2.12789E-1
1.21768E-3 2.27815E-3 4.11284E-4 6.62678E-4 4.79292E-2 9.90854E-2 6.2231E-2 1.19887E-1 2.89143E-1 3.93482E-1 4.82463E-1 4.95706E-1 5.02369E-1 4.46731E-1 4.60494E-1 3.05184E-1 2.37533E-1 1.9285E-1 3.20508E-1 2.97163E-1 2.46273E-1 2.22913E-1 1.33036E-1 1.94482E-1 2.55275E-1 7.73985E-2 1.19122E-1 2.35583E-1 1.20033E-1 9.64096E-2 1.0561E-1 7.403E-2 9.16627E-2 9.31204E-2 7.92157E-2 5.79751E-2 1.23126E-1 1.80784E-1 3.26815E-2 2.25753E-4 2.11731E-5 9.84591E-3 1.46334E-2 9.3692E-3 1.29165E-1 1.02212E-1 1.18158E-1 8.79173E-2 9.91355E-2 4.31415E-2 1.07155E-1 8.89845E-2 1.56929E-1 1.97473E-2 5.12191E-2 5.69306E-2 9.12241E-2 1.27699E-2 2.58261E-2 4.55058E-4 6.67207E-4
2.03327E-4 4.67357E-4 4.91616E-4 6.65501E-3 4.15688E-2 1.54837E-1 2.54509E-1 1.9858E-1 1.62491E-1 5.15179E-1 4.13435E-1 4.19019E-1 4.44824E-1 2.66686E-1 3.0961E-1 4.46534E-1 3.28928E-1 4.91406E-1 3.19306E-1 3.74154E-1 4.8622E-1 2.47692E-1 1.85334E-1 2.21336E-1 1.83333E-1 7.57683E-2 9.81362E-2 1.75387E-1 1.54027E-1 2.94182E-1 1.86985E-1 1.11951E-1 9.21626E-2 5.12186E-2 9.22262E-2 6.68948E-2 8.49171E-2 7.93971E-2 1.21868E-1 1.85058E-3 1.08857E-3 9.14028E-3 1.13567E-3 6.43021E-3 1.18756E-1 1.69416E-1 1.37052E-1 2.37273E-1 2.0824E-1 8.53506E-2 1.16952E-1 1.20827E-1 1.44117E-1 1.16235E-1 7.05134E-2 1.0269E-1 2.49701E-2 7.53089E-3 3.047E-2 3.55173E-3 3.87859E-2
9.43526E-3 1.22096E-2 1.43735E-3 5.61443E-3 2.75091E-2 2.7497E-2 2.36309E-1 2.70647E-1 3.6777E-1 3.97885E-1 4.34642E-1 4.86269E-1 3.61532E-1 4.91863E-1 4.20049E-1 2.90657E-1 4.62985E-1 3.01409E-1 4.02894E-1 4.55311E-1 3.83116E-1 4.71185E-1 2.10129E-1 3.55665E-1 2.34188E-1 1.61004E-1 1.7014E-1 2.27246E-1 3.74611E-1 4.03133E-1 2.02451E-1 1.37828E-1 6.01282E-2 9.997E-2 8.24779E-2 4.4339E-2 4.19163E-2 9.47069E-2 2.67391E-2 5.10807E-2 2.05409E-3 6.89609E-3 9.40568E-5 9.79976E-3 6.00192E-2 1.55908E-1 3.08605E-1 2.00322E-1 1.98143E-1 2.1326E-1 8.30336E-2 8.32802E-2 2.427E-1 4.79202E-1 1.98479E-1 5.90233E-2 4.26799E-3 5.63006E-2 1.62496E-2 1.08046E-1 2.22317E-1
3.3195E-2 5.97659E-2 6.11266E-2 3.71157E-2 2.05305E-2 3.57798E-2 2.1176E-1 2.31818E-1 3.94272E-1 2.96948E-1 2.77307E-1 2.84146E-1 3.77215E-1 4.28994E-1 1.9611E-1 2.48641E-1 3.93858E-1 3.86342E-1 4.31787E-1 4.52711E-1 4.14049E-1 4.93682E-1 3.89386E-1 4.57076E-1 3.63836E-1 3.66159E-1 3.44718E-1 3.03217E-1 3.42814E-1 3.93513E-1 2.75437E-1 5.7988E-2 1.91119E-2 8.24075E-2 1.09995E-1 9.10135E-2 1.15719E-1 2.27931E-3 8.3419E-3 9.05211E-3 7.38195E-2 9.05026E-3 2.18018E-3 3.12325E-3 9.11167E-3 1.55987E-1 1.52106E-1 2.72678E-1 3.73538E-1 1.43982E-1 1.62506E-1 1.42942E-1 5.41426E-1 5.41495E-1 3.03674E-1 2.98992E-2 2.00799E-2 1.91937E-2 1.30359E-2 8.16503E-2 5.62208E-2
7.37444E-5 8.21013E-2 2.27479E-1 1.6312E-1 3.00006E-2 1.66901E-2 6.04349E-2 2.38516E-1 2.68515E-1 2.65126E-1 2.89374E-1 3.89968E-1 4.32926E-1 2.48672E-1 3.22055E-1 2.78773E-1 3.55635E-1 3.67397E-1 4.08697E-1 4.43893E-1 3.79992E-1 3.3707E-1 4.7424E-1 2.9559E-1 2.72358E-1 2.53026E-1 2.25641E-1 4.15354E-1 1.8664E-1 2.51316E-1 3.75661E-1 8.8031E-2 6.82088E-2 9.6746E-2 1.28203E-1 4.5726E-2 2.54968E-3 4.24476E-3 6.32467E-3 1.02083E-2 2.28507E-3 1.85177E-2 6.26846E-2 6.07149E-3 4.52012E-2 1.50884E-1 2.26221E-1 2.42711E-1 4.49551E-1 3.22475E-1 2.12886E-1 3.04286E-1 5.47948E-1 5.44984E-1 4.4456E-1 5.07208E-3 1.14312E-1 8.69068E-3 3.79214E-2 1.33891E-2 1.64357E-2
1.05924E-3 1.87676E-3 8.53076E-2 2.93061E-1 1.90075E-1 1.10333E-1 1.52621E-1 2.17112E-1 1.66614E-1 2.62275E-1 2.92344E-1 5.06281E-1 3.39825E-1 2.59086E-1 3.00816E-1 2.6488E-1 2.60028E-1 3.3009E-1 3.9148E-1 4.21763E-1 3.76458E-1 4.5392E-1 3.7649E-1 4.0234E-1 2.41946E-1 2.33342E-1 2.48055E-1 4.23807E-1 2.79499E-1 1.97453E-1 3.95473E-1 2.84571E-1 3.44503E-1 3.81282E-1 9.94508E-2 8.26857E-3 4.08671E-3 7.76611E-3 8.37825E-3 6.40231E-3 2.27814E-3 1.0942E-2 4.21578E-2 1.31646E-3 6.75944E-3 1.00287E-1 8.96569E-2 2.51642E-1 2.99968E-1 3.00754E-1 1.76225E-1 2.97069E-1 2.74678E-1 4.87073E-1 3.82167E-1 1.76642E-2 8.84977E-3 3.49632E-2 4.6387E-2 8.93297E-3 5.10609E-3
2.33953E-2 6.65909E-4 1.21824E-1 4.21114E-1 4.55373E-1 3.89874E-1 2.34533E-1 2.37181E-1 2.00151E-1 2.65086E-1 1.71911E-1 2.37237E-1 2.20183E-1 1.61635E-1 2.99289E-1 1.46913E-1 3.33695E-1 2.4143E-1 2.21096E-1 3.71136E-1 3.86108E-1 3.93786E-1 3.2401E-1 3.52912E-1 3.02185E-1 3.22572E-1 3.76493E-1 4.01182E-1 3.13834E-1 2.19505E-1 2.24674E-1 2.66539E-1 7.00273E-2 2.00873E-1 6.89626E-2 1.53351E-2 7.71459E-3 1.06908E-2 9.05435E-3 2.30197E-2 8.78677E-3 5.97684E-3 6.48264E-2 3.63111E-2 7.80725E-3 4.83771E-3 1.39611E-1 1.57555E-1 1.98537E-1 2.87452E-1 3.3237E-1 1.96708E-1 1.77997E-1 2.4225E-1 2.34532E-1 8.48919E-2 4.84875E-3 1.04206E-1 3.55082E-2 4.25808E-3 5.37236E-3
3.76785E-2 1.09502E-1 1.93765E-1 3.6506E-1 3.17102E-1 2.44868E-1 2.4026E-1 2.01118E-1 1.40811E-1 2.81611E-1 1.25685E-1 1.3603E-1 2.13518E-1 2.02093E-1 2.56004E-1 2.94803E-1 3.34044E-1 3.44481E-1 3.31876E-1 3.54769E-1 3.89027E-1 3.49898E-1 3.00586E-1 3.52767E-1 2.93564E-1 4.2389E-1 3.73595E-1 4.11017E-1 3.30289E-1 3.79844E-1 4.09712E-1 1.58779E-1 1.10598E-1 8.7598E-2 4.55937E-2 1.829E-2 1.2628E-2 1.24732E-2 2.18681E-2 1.19641E-2 1.61441E-2 3.38082E-3 1.00138E-2 9.2235E-2 6.49782E-4 6.90727E-4 5.18713E-2 1.47411E-1 1.18882E-1 3.27566E-1 5.17717E-1 3.07891E-1 3.73231E-1 2.12697E-1 1.45283E-1 5.84103E-2 3.08535E-3 2.91148E-2 4.03938E-2 7.77307E-3 4.66694E-3
6.69326E-2 1.74558E-1 1.87957E-1 1.75562E-1 3.36275E-1 3.14371E-1 2.68271E-1 1.62812E-1 1.38881E-1 2.10726E-1 2.24661E-1 2.95012E-1 2.59459E-1 2.50768E-1 2.73859E-1 1.72259E-1 3.17271E-1 3.47594E-1 3.3147E-1 3.47331E-1 3.83348E-1 3.76095E-1 3.82962E-1 2.7987E-1 4.12422E-1 3.75803E-1 3.74892E-1 2.77615E-1 3.80121E-1 2.73863E-1 2.14765E-1 3.16555E-1 2.3739E-1 1.2168E-1 4.9835E-2 6.46146E-2 1.04249E-1 8.38654E-2 1.47269E-2 1.1654E-2 1.25954E-2 2.20519E-3 1.92866E-2 9.09561E-2 9.13799E-4 1.17626E-2 1.49175E-1 1.27467E-1 9.92921E-2 4.35691E-1 4.90041E-1 4.32404E-1 4.42395E-1 2.18841E-1 8.88362E-2 3.75414E-2 2.13114E-2 2.25049E-3 3.66603E-2 5.05537E-3 7.50328E-3
9.3847E-2 1.40429E-1 1.90384E-1 1.89329E-1 1.49434E-1 3.43495E-1 1.87688E-1 1.65158E-1 1.21136E-1 1.61575E-1 2.32448E-1 2.59881E-1 1.92657E-1 1.89382E-1 1.41655E-1 1.25212E-1 2.44918E-1 3.06093E-1 2.91336E-1 3.48098E-1 3.36875E-1 3.91199E-1 3.97021E-1 3.08348E-1 3.67257E-1 3.29106E-1 3.79226E-1 3.72949E-1 2.11149E-1 1.99778E-1 2.0191E-1 2.2081E-1 3.91482E-1 1.76365E-1 8.84795E-2 6.48454E-3 7.0124E-3 3.05379E-2 5.30298E-2 1.45955E-2 4.58386E-3 3.16397E-3 1.1909E-2 4.79703E-2 1.05872E-1 3.99031E-2 2.72423E-2 1.34615E-1 1.55058E-1 3.65684E-1 5.85866E-1 4.80612E-1 5.13395E-1 2.01365E-1 5.84126E-2 7.74064E-2 7.48989E-3 2.10573E-2 2.75566E-2 7.62157E-3 9.07275E-3
1.22817E-1 1.65336E-1 3.52813E-1 3.41804E-1 1.28376E-1 1.69241E-1 1.54265E-1 1.33407E-1 9.58487E-2 1.89167E-1 2.29022E-1 1.57916E-1 1.47809E-1 1.97269E-1 2.56291E-1 1.81568E-1 2.24878E-1 3.03997E-1 2.99889E-1 3.3904E-1 3.53358E-1 3.55836E-1 3.49558E-1 3.35894E-1 2.11516E-1 2.07663E-1 3.554E-1 2.04402E-1 1.87595E-1 2.00056E-1 3.18804E-1 3.98059E-1 2.269E-1 8.45777E-2 1.51457E-1 5.2076E-2 2.11966E-2 8.74745E-3 1.34515E-2 2.18943E-2 1.58739E-2 1.10822E-3 1.85629E-3 8.97885E-3 1.23348E-2 6.11326E-2 1.36957E-1 1.54758E-1 1.18107E-1 2.86994E-1 3.97334E-1 3.03577E-1 3.96249E-1 4.43128E-1 9.86817E-4 8.70481E-2 2.00272E-3 7.47181E-3 6.08928E-3 1.17014E-2 1.32238E-3
1.53729E-1 2.41836E-1 3.2275E-1 2.44473E-1 1.73335E-1 1.56901E-1 1.64912E-1 1.13219E-1 1.60337E-1 2.24424E-1 2.40623E-1 2.3873E-1 1.54198E-1 1.78965E-1 2.00231E-1 2.4191E-1 2.9663E-1 2.81619E-1 2.73616E-1 2.81883E-1 3.45392E-1 2.93316E-1 2.91671E-1 2.70729E-1 2.6865E-1 2.48827E-1 1.55061E-1 1.73375E-1 1.99848E-1 2.02378E-1 2.17384E-1 2.92063E-1 1.14488E-1 6.77105E-2 4.31453E-2 3.18082E-2 6.35259E-2 4.08686E-2 2.65569E-2 1.7899E-2 1.11091E-2 2.67562E-3 1.41841E-2 6.6336E-2 2.62413E-2 9.26104E-3 1.57445E-1 4.21304E-1 2.5419E-1 2.61372E-1 2.90484E-1 4.26209E-1 3.74371E-1 5.06205E-1 1.9905E-3 1.33609E-1 2.04155E-3 2.83303E-3 1.30013E-2 4.80312E-2 3.49082E-3
1.37507E-1 2.54857E-1 3.17561E-1 2.17149E-1 2.41964E-1 1.77379E-1 1.43218E-1 1.51851E-1 0E0 1.68951E-1 8.91173E-2 5.4924E-2 1.00093E-1 1.81351E-1 1.12892E-1 1.17706E-1 2.46352E-1 2.72334E-1 3.36501E-1 3.03664E-1 2.98395E-1 2.04895E-1 2.77827E-1 2.43852E-1 2.57008E-1 1.71539E-1 1.56094E-1 1.75641E-1 2.07812E-1 2.11343E-1 2.85506E-1 3.37342E-1 1.91644E-1 1.2237E-1 9.64619E-2 2.7188E-2 9.99269E-3 3.67362E-2 4.44473E-2 4.37392E-2 9.56946E-3 3.21259E-3 5.65743E-3 5.934E-3 2.91369E-2 5.04197E-2 4.78533E-2 1.8706E-1 3.98493E-1 3.75449E-1 4.17687E-1 3.86515E-1 3.44103E-1 4.03482E-1 9.10898E-3 1.50412E-1 1.01509E-1 4.8396E-2 5.03173E-3 3.07386E-2 1.05981E-2
1.80125E-1 2.06642E-1 1.05798E-1 1.72357E-1 2.31939E-1 2.97029E-1 1.54621E-1 1.14528E-1 1.29766E-1 6.03073E-2 5.00232E-2 4.50535E-2 1.72689E-1 1.60603E-1 2.04528E-1 1.26588E-1 2.18166E-1 2.02438E-1 2.65463E-1 2.19208E-1 2.51292E-1 2.48299E-1 2.67116E-1 2.09033E-1 1.82076E-1 1.34409E-1 1.38015E-1 1.54417E-1 2.11233E-1 2.10923E-1 3.6064E-1 1.8007E-1 7.52392E-2 4.09039E-2 2.00089E-2 7.69416E-2 6.31464E-3 1.00985E-2 1.09081E-3 2.7106E-2 1.47578E-2 1.26645E-2 9.16471E-3 2.0909E-3 1.37011E-2 7.23869E-2 5.42815E-2 9.51441E-2 1.19319E-1 3.90705E-1 4.26886E-1 3.30144E-1 3.48612E-1 4.09045E-1 2.18564E-2 1.31596E-1 1.25562E-1 8.59988E-3 7.81517E-3 5.9032E-2 4.71691E-3
1.37491E-1 2.22735E-1 1.17925E-1 1.00892E-1 1.35693E-1 2.12537E-1 2.32638E-1 1.46202E-1 1.46538E-1 5.51332E-2 5.30068E-2 4.50483E-2 1.41602E-1 9.43119E-2 1.88446E-1 1.70557E-1 1.83075E-1 2.06934E-1 2.02756E-1 1.71485E-1 1.42299E-1 1.76211E-1 2.05501E-1 2.47767E-1 1.57214E-1 1.12229E-1 1.35517E-1 1.64645E-1 1.98482E-1 2.19031E-1 2.33376E-1 4.40203E-1 1.28795E-1 6.41337E-2 2.65586E-2 4.05281E-2 6.0315E-2 1.20054E-3 4.92431E-5 8.98571E-3 1.00067E-2 2.58832E-2 6.51954E-3 5.52478E-3 1.008E-3 1.27969E-2 1.8268E-1 3.33343E-2 1.24506E-1 5.61851E-2 2.86064E-1 4.65326E-1 3.38576E-1 4.56328E-1 5.93693E-2 1.10398E-2 5.37018E-2 2.85526E-3 3.6721E-3 2.53761E-2 2.97667E-2
1.29164E-1 1.09489E-1 1.2474E-1 2.19741E-1 1.98268E-1 9.50408E-2 1.25533E-1 2.0188E-1 2.16427E-1 2.16504E-1 5.4946E-2 4.46303E-2 1.12455E-1 7.9997E-2 1.50145E-1 1.88894E-1 2.01142E-1 1.748E-1 1.20626E-1 1.34984E-1 7.99411E-2 1.96944E-1 1.51444E-1 1.66876E-1 1.15296E-1 1.02325E-1 1.06763E-1 1.6267E-1 1.99316E-1 2.22017E-1 2.64622E-1 2.69762E-1 1.99881E-1 2.36019E-2 2.54186E-2 1.90901E-2 2.3662E-2 5.22475E-2 3.4997E-2 1.8998E-3 1.38259E-2 1.10081E-2 3.68036E-3 2.25774E-3 4.13796E-4 2.43552E-3 2.55579E-2 9.22869E-2 1.88059E-2 1.16116E-1 1.80842E-2 4.5955E-1 5.49231E-1 9.70151E-2 4.7358E-2 6.43871E-4 1.15471E-1 3.53698E-2 6.14109E-3 3.37274E-2 1.97251E-2
1.16189E-1 1.23873E-1 1.13439E-1 1.05233E-1 1.14249E-1 1.15065E-1 1.08834E-1 2.14801E-1 2.31651E-1 2.03675E-1 9.16981E-2 7.91494E-2 1.54216E-1 7.52136E-2 1.30075E-1 1.16157E-1 1.62629E-1 8.17241E-2 1.79286E-1 1.75916E-1 7.39289E-2 9.88258E-2 1.37547E-1 1.02568E-1 1.29489E-1 1.0541E-1 9.99627E-2 1.47761E-1 2.67851E-1 2.71049E-1 4.06998E-1 2.9465E-1 3.42999E-1 2.07383E-1 5.35996E-2 2.71024E-2 9.93346E-3 1.1577E-1 1.12717E-1 4.36251E-2 8.76468E-3 1.23212E-3 1.70641E-2 7.60542E-4 4.13937E-4 9.3039E-4 1.07295E-3 1.94571E-1 7.14112E-2 1.50478E-1 1.89726E-1 1.37703E-1 4.60048E-1 5.89136E-2 4.61215E-4 1.36254E-2 1.50128E-1 1.36167E-1 4.89745E-3 4.70842E-2 1.9924E-2
8.93082E-2 1.10474E-1 1.46329E-1 1.20767E-1 1.08236E-1 1.75361E-1 2.01088E-1 1.70839E-1 1.4896E-1 1.90032E-1 1.24371E-1 0E0 0E0 4.91429E-2 1.13112E-1 1.06255E-1 1.06768E-1 1.28992E-1 1.76945E-1 1.63781E-1 2.07083E-1 1.1325E-1 1.53452E-1 1.84552E-1 1.39441E-1 1.6075E-1 2.06609E-1 1.9772E-1 2.13334E-1 2.33554E-1 2.34967E-1 2.68889E-1 3.51931E-1 3.20421E-1 8.39368E-2 6.265E-2 2.23104E-2 1.26452E-1 6.21551E-2 4.23431E-2 3.18589E-2 8.26012E-3 3.16081E-2 2.22895E-3 4.59908E-3 2.92671E-3 3.01634E-2 1.93707E-1 1.10151E-1 2.23687E-1 3.64434E-1 4.06414E-1 1.00099E-1 2.10815E-2 3.22197E-3 2.00399E-2 1.71913E-1 1.98643E-1 1.48473E-1 8.1138E-2 9.50491E-2
1.26788E-1 1.33442E-1 1.74759E-1 2.28708E-1 3.04495E-1 1.89263E-1 1.6948E-1 2.25101E-1 2.19323E-1 2.26568E-1 2.05685E-1 1.18582E-1 0E0 0E0 1.01146E-1 1.0571E-1 1.36255E-1 1.33192E-1 1.48974E-1 1.6045E-1 1.12642E-1 1.70494E-1 1.97792E-1 1.96003E-1 1.84361E-1 2.30734E-1 1.65302E-1 1.50081E-1 1.85134E-1 2.12813E-1 1.93098E-1 1.84754E-1 2.69413E-1 3.63637E-1 9.10672E-2 5.49905E-2 7.63109E-2 7.30026E-2 6.27262E-2 1.19891E-1 3.64398E-2 2.23643E-2 2.37045E-3 1.06577E-2 1.40348E-2 7.972E-4 9.60198E-3 1.84454E-1 5.91848E-2 1.71068E-2 1.22085E-1 5.11911E-1 5.46289E-1 3.42386E-2 2.16833E-2 3.62012E-1 3.54199E-1 5.38406E-1 6.85712E-1 5.67182E-1 2.82022E-1
2.31401E-1 1.20458E-1 1.17606E-1 1.54269E-1 1.47063E-1 1.63009E-1 1.93344E-1 1.54456E-1 1.58436E-1 1.14337E-1 1.70419E-1 1.99787E-1 1.52181E-1 0E0 6.11443E-2 1.13132E-1 1.18255E-1 1.21003E-1 6.79895E-2 7.1988E-2 8.34846E-2 7.71963E-2 1.31387E-1 2.87483E-1 2.9204E-1 3.66757E-1 2.51889E-1 1.70573E-1 2.62658E-1 1.01938E-1 1.17456E-1 1.06321E-1 1.7804E-1 3.20919E-1 1.8579E-1 6.06297E-2 5.39192E-2 4.0689E-2 4.09805E-2 4.84268E-2 2.0866E-2 1.35177E-2 4.30017E-2 1.79606E-2 3.02421E-2 6.76866E-3 6.83636E-3 1.78376E-2 1.28922E-1 1.67172E-1 3.18204E-2 4.44998E-1 5.60038E-1 2.97257E-1 2.56154E-1 3.2497E-1 3.3143E-1 4.20998E-1 2.11116E-1 7.03319E-1 6.77244E-1
2.29896E-1 7.63962E-2 1.13314E-1 8.41059E-2 8.44694E-2 1.24153E-1 1.12939E-1 9.00135E-2 8.11486E-2 8.62366E-2 9.01686E-2 1.40323E-1 1.97445E-1 1.09408E-1 8.79867E-2 1.305E-1 9.94639E-2 1.04969E-1 5.30484E-2 6.39942E-2 9.076E-2 1.69661E-1 2.68527E-1 5.48712E-2 8.05598E-2 3.6743E-1 2.80498E-1 1.76197E-1 1.42494E-1 1.58161E-1 8.84072E-2 1.3694E-1 3.57056E-1 3.05306E-1 2.08705E-1 1.34067E-1 6.13581E-2 4.3489E-2 8.59848E-2 5.76357E-2 2.27037E-2 2.36921E-2 1.42371E-2 3.34789E-3 3.57676E-3 2.81037E-4 7.43599E-3 6.50585E-4 5.92945E-2 1.15976E-2 1.41549E-1 5.12991E-1 5.14747E-1 7.12478E-2 2.53193E-1 3.51668E-1 2.07376E-1 1.01275E-1 9.37666E-2 6.76115E-1 7.07713E-1
1.07937E-1 7.57485E-2 8.91116E-2 6.79828E-2 4.15048E-2 8.04933E-2 8.51011E-2 9.19401E-2 0E0 1.13658E-1 1.06276E-1 1.12759E-1 1.11557E-1 1.29969E-1 1.50768E-1 8.50764E-2 6.87997E-2 5.77664E-2 1.19013E-1 6.93072E-2 2.6683E-1 5.15245E-2 2.27934E-2 1.96434E-2 2.01152E-2 1.50196E-1 2.86163E-1 2.14151E-1 2.41822E-1 1.55398E-1 1.79095E-1 3.42157E-1 5.07572E-1 4.44233E-1 3.96924E-1 1.59055E-1 1.57366E-1 4.56884E-2 2.9545E-2 4.45262E-4 3.47949E-3 2.02031E-2 2.51635E-2 2.14054E-3 1.44078E-3 2.40168E-3 5.50432E-3 5.73442E-2 7.81317E-3 2.85394E-3 8.93358E-3 5.58998E-1 5.48499E-1 1.11935E-1 2.27568E-1 3.39914E-1 3.8046E-1 2.88147E-1 3.25404E-1 5.92486E-1 5.57217E-1
1.95769E-1 1.26192E-1 1.59639E-1 6.73928E-2 9.84952E-2 6.50557E-2 1.24259E-1 8.48908E-2 7.62574E-2 1.0232E-1 1.13648E-1 8.2429E-2 1.0956E-1 1.44167E-1 1.38778E-1 2.12157E-1 5.96539E-2 5.35788E-2 6.75601E-2 2.27077E-1 1.16756E-1 4.78251E-3 1.54893E-2 4.15778E-2 2.88427E-2 8.48191E-2 3.29165E-1 3.83122E-1 2.81745E-1 3.45124E-1 3.42048E-1 5.39615E-1 4.82588E-1 4.25459E-1 3.82032E-1 2.46678E-1 2.86893E-1 1.46641E-1 3.46955E-2 2.99897E-3 4.82875E-3 7.80676E-3 1.3784E-2 3.97486E-2 2.45302E-2 1.98838E-2 1.39003E-2 9.3078E-3 3.04266E-3 3.80065E-2 1.5038E-1 5.32266E-1 6.20962E-1 4.53278E-2 9.78002E-2 7.49904E-2 2.79303E-1 6.26722E-1 6.8794E-1 4.37434E-1 1.5922E-1
1.9733E-1 9.84205E-2 1.19251E-1 1.25889E-1 8.41135E-2 1.30834E-1 6.5698E-2 8.65029E-2 1.18322E-1 9.20654E-2 7.06392E-2 7.57727E-2 9.39385E-2 1.11996E-1 1.36795E-1 1.20983E-1 1.26237E-1 8.03666E-2 1.21272E-1 1.37051E-1 9.51935E-3 1.51938E-2 4.82261E-2 6.84544E-2 1.5477E-1 1.40258E-1 1.31795E-1 4.68231E-1 2.79214E-1 2.06205E-1 1.57853E-1 5.2537E-1 4.61437E-1 3.92514E-1 3.45852E-1 4.32221E-1 3.03951E-1 1.69986E-1 2.60507E-2 1.27208E-2 3.46247E-2 5.75026E-2 2.91868E-3 1.49624E-3 1.26192E-3 1.11133E-3 3.13633E-3 2.83883E-3 7.42946E-3 7.89368E-2 5.10489E-1 4.00083E-1 4.73279E-1 1.02968E-1 3.42663E-2 1.9481E-2 4.68897E-1 6.37079E-1 5.78107E-1 7.30971E-1 5.10668E-1
7.10572E-2 9.10026E-2 1.81929E-1 1.94174E-1 1.74723E-1 1.62101E-1 1.63448E-1 1.43972E-1 1.48692E-1 1.17172E-1 1.38329E-1 1.30251E-1 1.40903E-1 9.06621E-2 1.30951E-1 1.08997E-1 9.90896E-2 2.50725E-1 2.77718E-1 4.57103E-2 1.65939E-2 2.55389E-2 7.203E-2 6.69112E-2 1.69401E-1 3.13748E-1 3.72925E-1 2.14309E-1 3.23637E-1 3.31914E-1 3.08755E-1 3.37997E-1 5.80732E-1 3.9874E-1 4.03014E-1 4.1524E-1 3.26525E-1 1.63543E-1 4.53311E-2 3.76461E-2 3.33386E-2 3.87467E-2 5.82684E-3 2.061E-3 7.8524E-3 3.49966E-3 2.93279E-3 4.24687E-3 6.25277E-2 1.54317E-1 5.49012E-1 4.77023E-1 2.55656E-1 9.83571E-2 3.81106E-2 1.52835E-1 3.37511E-1 7.14727E-1 5.67259E-1 6.68474E-1 6.94547E-1
