Final_Models_July82022/M_0.1_F_lqp_Set_1/Bison_1.asc
ncols         290
nrows         380
xllcorner     -2197417.7431653
yllcorner     -584827.01486885
cellsize      10000.0
NODATA_value  -9999
[rows 54 to 80 of 380, columns 183 to 243 of 290]
7.16153E-3 6.59624E-3 6.32937E-3 -9999 -9999 -9999 -9999 -9999 -9999 -9999 -9999 -9999 -9999 -9999 -9999 -9999 -9999 -9999 -9999 -9999 -9999 -9999 -9999 -9999 -9999 -9999 -9999 -9999 -9999 -9999 -9999 -9999 -9999 -9999 -9999 -9999 -9999 -9999 -9999 -9999 -9999 -9999 -9999 -9999 -9999 -9999 -9999 -9999 -9999 -9999 -9999 -9999 -9999 -9999 -9999 -9999 -9999 -9999 -9999 -9999 -9999
7.45248E-3 7.5105E-3 -9999 -9999 -9999 -9999 -9999 -9999 -9999 -9999 -9999 -9999 -9999 -9999 -9999 -9999 -9999 -9999 -9999 -9999 -9999 -9999 -9999 -9999 -9999 -9999 -9999 -9999 -9999 -9999 -9999 -9999 -9999 -9999 -9999 -9999 -9999 -9999 -9999 -9999 -9999 -9999 -9999 -9999 -9999 -9999 -9999 -9999 -9999 -9999 -9999 -9999 -9999 -9999 -9999 -9999 -9999 -9999 -9999 -9999 -9999
-9999 -9999 -9999 -9999 -9999 -9999 -9999 -9999 -9999 -9999 3.80072E-3 3.16377E-3 -9999 -9999 -9999 -9999 -9999 -9999 -9999 -9999 -9999 -9999 -9999 -9999 -9999 -9999 -9999 -9999 -9999 -9999 -9999 -9999 -9999 -9999 -9999 -9999 -9999 -9999 -9999 -9999 -9999 -9999 -9999 -9999 -9999 -9999 -9999 -9999 -9999 -9999 -9999 -9999 -9999 -9999 -9999 -9999 -9999 -9999 -9999 -9999 -9999
-9999 -9999 -9999 -9999 -9999 -9999 -9999 -9999 4.13226E-3 3.46291E-3 3.16399E-3 2.95169E-3 2.81202E-3 3.41847E-3 -9999 -9999 -9999 -9999 -9999 -9999 -9999 -9999 -9999 -9999 -9999 -9999 -9999 -9999 -9999 -9999 -9999 -9999 -9999 -9999 -9999 -9999 -9999 -9999 -9999 -9999 -9999 -9999 -9999 -9999 -9999 -9999 -9999 -9999 -9999 -9999 -9999 -9999 -9999 -9999 -9999 -9999 -9999 -9999 -9999 -9999 -9999
-9999 -9999 7.90565E-3 6.61273E-3 6.29034E-3 5.52712E-3 5.18877E-3 4.43369E-3 3.65316E-3 3.22112E-3 3.0168E-3 3.03843E-3 3.10779E-3 3.43079E-3 -9999 -9999 -9999 -9999 -9999 -9999 -9999 -9999 -9999 -9999 -9999 -9999 -9999 -9999 3.72234E-3 -9999 -9999 -9999 -9999 -9999 -9999 -9999 -9999 -9999 -9999 -9999 -9999 -9999 -9999 -9999 -9999 -9999 -9999 -9999 -9999 -9999 -9999 -9999 -9999 -9999 -9999 -9999 -9999 -9999 -9999 -9999 -9999
-9999 -9999 6.34979E-3 5.64728E-3 5.72062E-3 4.80387E-3 4.64E-3 4.25079E-3 3.75873E-3 3.84443E-3 3.96258E-3 3.65503E-3 -9999 3.91816E-3 -9999 -9999 -9999 -9999 -9999 -9999 -9999 -9999 -9999 -9999 -9999 -9999 -9999 3.56855E-3 3.70939E-3 3.74141E-3 -9999 -9999 -9999 -9999 -9999 -9999 -9999 -9999 -9999 -9999 -9999 -9999 -9999 -9999 -9999 -9999 -9999 -9999 -9999 -9999 -9999 -9999 -9999 -9999 -9999 -9999 -9999 -9999 -9999 -9999 -9999
-9999 6.97208E-3 6.6516E-3 6.06653E-3 5.37327E-3 5.25054E-3 4.8246E-3 4.62275E-3 4.36402E-3 -9999 -9999 -9999 -9999 3.81903E-3 -9999 -9999 3.81468E-3 3.79136E-3 -9999 -9999 -9999 -9999 -9999 -9999 -9999 -9999 -9999 -9999 -9999 -9999 -9999 -9999 -9999 -9999 -9999 -9999 -9999 -9999 -9999 -9999 -9999 -9999 -9999 -9999 -9999 -9999 -9999 -9999 -9999 -9999 -9999 -9999 -9999 -9999 -9999 -9999 -9999 -9999 -9999 -9999 -9999
7.49051E-3 6.7801E-3 6.59007E-3 6.40643E-3 5.6208E-3 5.32475E-3 4.68552E-3 -9999 4.77215E-3 1.98698E-3 -9999 -9999 -9999 4.30515E-3 -9999 -9999 -9999 3.81523E-3 -9999 -9999 -9999 -9999 -9999 -9999 -9999 -9999 -9999 -9999 -9999 -9999 -9999 -9999 -9999 -9999 -9999 -9999 -9999 -9999 -9999 -9999 -9999 -9999 -9999 -9999 -9999 1.9142E-3 2.10306E-3 1.91277E-3 -9999 -9999 -9999 -9999 -9999 -9999 -9999 -9999 -9999 -9999 -9999 -9999 -9999
7.36662E-3 7.76988E-3 6.42563E-3 5.91618E-3 -9999 -9999 5.23837E-3 -9999 -9999 -9999 5.00341E-3 4.3051E-3 4.21993E-3 4.29478E-3 -9999 -9999 -9999 -9999 -9999 -9999 -9999 -9999 -9999 -9999 -9999 -9999 -9999 -9999 -9999 -9999 -9999 -9999 -9999 -9999 -9999 -9999 -9999 -9999 -9999 -9999 -9999 -9999 -9999 -9999 -9999 -9999 1.89536E-3 1.97029E-3 7.14449E-4 -9999 -9999 -9999 -9999 -9999 -9999 -9999 -9999 -9999 -9999 -9999 -9999
-9999 -9999 -9999 -9999 -9999 5.40138E-3 -9999 -9999 -9999 -9999 4.70601E-3 4.60657E-3 4.38952E-3 4.32013E-3 4.28621E-3 4.344E-3 -9999 -9999 -9999 -9999 -9999 -9999 -9999 -9999 -9999 -9999 -9999 -9999 -9999 -9999 -9999 -9999 -9999 -9999 -9999 -9999 -9999 -9999 -9999 -9999 -9999 -9999 -9999 1.89241E-3 2.10539E-3 2.14896E-3 2.06988E-3 1.9619E-3 1.8931E-3 -9999 -9999 -9999 -9999 -9999 -9999 -9999 -9999 -9999 -9999 -9999 -9999
-9999 -9999 -9999 4.34958E-3 -9999 -9999 -9999 4.7533E-3 4.94986E-3 4.79589E-3 4.9208E-3 4.81226E-3 4.78228E-3 4.64507E-3 4.73905E-3 4.71348E-3 4.48385E-3 -9999 -9999 -9999 -9999 -9999 -9999 -9999 -9999 -9999 -9999 -9999 -9999 -9999 -9999 -9999 -9999 -9999 -9999 -9999 -9999 -9999 -9999 -9999 -9999 -9999 -9999 2.15635E-3 1.94795E-3 2.05071E-3 1.97185E-3 1.97578E-3 1.82819E-3 1.82699E-3 1.79065E-3 1.8044E-3 -9999 1.67787E-3 -9999 -9999 -9999 -9999 -9999 -9999 1.44985E-3
-9999 -9999 -9999 6.75294E-3 7.18517E-3 5.68917E-3 5.23404E-3 4.90007E-3 5.0231E-3 5.14106E-3 5.11412E-3 4.89498E-3 5.03303E-3 5.02664E-3 5.07327E-3 5.1271E-3 4.77003E-3 -9999 -9999 -9999 -9999 -9999 -9999 -9999 -9999 -9999 -9999 -9999 -9999 -9999 -9999 -9999 -9999 -9999 -9999 -9999 -9999 -9999 -9999 -9999 -9999 -9999 -9999 -9999 2.10655E-3 2.02193E-3 1.96491E-3 1.82417E-3 1.87033E-3 1.82535E-3 1.80821E-3 -9999 1.66957E-3 1.66593E-3 -9999 -9999 -9999 -9999 -9999 1.37387E-3 1.41649E-3
-9999 -9999 -9999 -9999 6.2798E-3 5.35356E-3 5.11324E-3 5.14186E-3 5.17763E-3 5.33197E-3 4.88603E-3 5.26771E-3 5.4088E-3 5.46023E-3 5.50204E-3 5.24137E-3 5.04291E-3 5.016E-3 4.72982E-3 4.63799E-3 4.67868E-3 4.61578E-3 -9999 -9999 -9999 -9999 -9999 -9999 -9999 -9999 -9999 -9999 -9999 -9999 -9999 -9999 -9999 -9999 -9999 -9999 -9999 -9999 2.2283E-3 2.24578E-3 2.10817E-3 1.91708E-3 1.97165E-3 1.86843E-3 1.84448E-3 1.7946E-3 1.54449E-3 1.78902E-3 1.6738E-3 -9999 -9999 -9999 1.5769E-3 1.50372E-3 1.42416E-3 1.52096E-3 1.42707E-3
-9999 -9999 7.7127E-3 6.64488E-3 6.52459E-3 5.79162E-3 5.86822E-3 5.67233E-3 5.43973E-3 5.22668E-3 5.25915E-3 5.21592E-3 5.45864E-3 5.54351E-3 5.47195E-3 5.39775E-3 5.24782E-3 5.37984E-3 4.82979E-3 4.66558E-3 4.56006E-3 4.52636E-3 4.41005E-3 -9999 -9999 -9999 -9999 -9999 -9999 -9999 -9999 -9999 -9999 -9999 -9999 -9999 -9999 -9999 -9999 -9999 -9999 -9999 2.4409E-3 2.36433E-3 2.02478E-3 2.13582E-3 -9999 1.96762E-3 1.6973E-3 1.75048E-3 1.72097E-3 1.66524E-3 1.5898E-3 -9999 -9999 -9999 1.54715E-3 1.42557E-3 1.51112E-3 1.32959E-3 1.40667E-3
-9999 -9999 7.16409E-3 6.91826E-3 6.65306E-3 6.40477E-3 6.24421E-3 5.88967E-3 5.83866E-3 5.92338E-3 5.54117E-3 5.34052E-3 5.44363E-3 5.6608E-3 6.02003E-3 5.5352E-3 5.57195E-3 5.18058E-3 5.20331E-3 4.74928E-3 4.7911E-3 4.75518E-3 4.67021E-3 5.00699E-3 -9999 -9999 -9999 -9999 -9999 -9999 -9999 -9999 -9999 -9999 -9999 -9999 -9999 -9999 -9999 -9999 -9999 -9999 -9999 -9999 2.26147E-3 -9999 -9999 -9999 -9999 1.84047E-3 1.72113E-3 1.56709E-3 1.59115E-3 -9999 -9999 -9999 1.55477E-3 1.43292E-3 1.33292E-3 1.3825E-3 1.29252E-3
-9999 -9999 -9999 6.75091E-3 6.71693E-3 6.77289E-3 6.26825E-3 5.94113E-3 5.92073E-3 6.00332E-3 5.94837E-3 5.69346E-3 5.78298E-3 5.91757E-3 5.90963E-3 5.96839E-3 5.73134E-3 5.31455E-3 5.30081E-3 4.64653E-3 5.10149E-3 4.78561E-3 5.02605E-3 5.19072E-3 5.22081E-3 5.31875E-3 -9999 -9999 -9999 -9999 -9999 -9999 -9999 3.65109E-3 3.62358E-3 3.13433E-3 3.04187E-3 2.84571E-3 2.93478E-3 -9999 -9999 -9999 2.45867E-3 2.26289E-3 2.24846E-3 -9999 -9999 -9999 -9999 1.84992E-3 1.72381E-3 1.61117E-3 1.59816E-3 -9999 -9999 7.41133E-4 1.49677E-3 1.24862E-3 1.27506E-3 1.25115E-3 1.30666E-3
8.27896E-3 7.72934E-3 -9999 -9999 7.04088E-3 6.54327E-3 5.6418E-3 5.63958E-3 5.86232E-3 5.53382E-3 5.69308E-3 5.68398E-3 5.69925E-3 5.76787E-3 5.4487E-3 5.59573E-3 5.65789E-3 5.48314E-3 5.0692E-3 4.86171E-3 4.94186E-3 5.10992E-3 5.02831E-3 5.09226E-3 5.20555E-3 5.41956E-3 5.054E-3 5.02458E-3 4.62936E-3 4.52757E-3 4.00606E-3 3.78416E-3 3.61426E-3 3.83024E-3 3.57873E-3 3.39078E-3 3.17442E-3 3.0951E-3 2.96721E-3 2.87231E-3 2.80012E-3 2.63148E-3 2.42725E-3 2.28668E-3 2.11418E-3 2.10315E-3 -9999 -9999 -9999 1.84977E-3 1.75001E-3 1.60333E-3 1.65701E-3 -9999 -9999 -9999 1.53657E-3 1.26051E-3 1.22821E-3 1.26752E-3 1.37152E-3
8.4013E-3 -9999 -9999 -9999 7.13538E-3 6.06193E-3 5.40775E-3 5.30957E-3 5.31509E-3 5.36374E-3 5.45659E-3 5.53796E-3 5.58589E-3 5.69333E-3 5.42265E-3 5.36749E-3 5.45209E-3 5.40384E-3 5.30738E-3 4.98776E-3 4.97663E-3 4.79823E-3 4.88175E-3 5.12205E-3 5.31701E-3 5.67739E-3 5.57314E-3 5.11333E-3 5.01622E-3 4.45052E-3 4.18086E-3 4.0789E-3 3.76879E-3 3.64159E-3 3.78968E-3 3.71326E-3 3.52513E-3 2.96356E-3 2.85732E-3 2.66526E-3 2.59927E-3 2.46277E-3 2.36213E-3 2.25994E-3 2.10143E-3 1.98329E-3 1.90777E-3 1.9742E-3 1.76273E-3 1.82626E-3 1.75253E-3 1.71202E-3 -9999 -9999 -9999 -9999 -9999 1.47712E-3 1.31233E-3 1.30497E-3 1.37421E-3
8.40674E-3 -9999 -9999 8.30473E-3 6.28117E-3 6.17649E-3 5.42341E-3 5.28108E-3 5.1179E-3 5.02713E-3 5.0018E-3 5.49649E-3 5.24573E-3 5.32297E-3 5.39392E-3 5.3043E-3 5.18618E-3 5.08499E-3 5.25152E-3 4.90084E-3 4.95359E-3 5.01916E-3 5.31036E-3 5.04262E-3 5.31102E-3 5.33127E-3 5.14776E-3 5.58379E-3 5.23305E-3 4.59951E-3 4.44128E-3 3.94518E-3 4.17594E-3 3.95116E-3 4.10611E-3 3.97983E-3 3.61347E-3 3.10905E-3 2.74879E-3 2.64302E-3 2.57159E-3 2.43418E-3 2.36884E-3 2.19657E-3 2.25063E-3 2.23661E-3 2.1419E-3 1.93007E-3 1.91035E-3 1.8087E-3 1.72337E-3 1.71631E-3 -9999 -9999 -9999 -9999 -9999 1.60908E-3 1.39375E-3 1.38003E-3 1.46246E-3
7.83104E-3 7.6289E-3 -9999 -9999 6.72478E-3 5.5669E-3 5.44594E-3 5.09253E-3 4.95481E-3 5.07135E-3 5.0754E-3 4.89307E-3 5.26524E-3 5.20957E-3 5.16357E-3 5.03676E-3 5.07224E-3 5.13249E-3 5.16812E-3 4.85742E-3 5.06259E-3 4.96969E-3 4.91128E-3 4.9055E-3 5.20099E-3 5.25976E-3 4.97758E-3 5.17835E-3 5.33585E-3 4.82458E-3 4.58987E-3 4.225E-3 4.08407E-3 4.17786E-3 4.22697E-3 4.0921E-3 4.10117E-3 3.43283E-3 3.09231E-3 2.82949E-3 2.48653E-3 2.31855E-3 2.166E-3 2.198E-3 2.17361E-3 2.17118E-3 2.01758E-3 1.70753E-3 1.8802E-3 1.73909E-3 1.78262E-3 1.70588E-3 1.66803E-3 1.67735E-3 -9999 1.71246E-3 -9999 1.68875E-3 1.47976E-3 1.58744E-3 1.40241E-3
8.30289E-3 8.02813E-3 -9999 7.97635E-3 6.87831E-3 6.13934E-3 5.40396E-3 4.74512E-3 4.83461E-3 4.85827E-3 4.99921E-3 4.79873E-3 5.24208E-3 5.15828E-3 4.97377E-3 5.02899E-3 4.92849E-3 5.04184E-3 5.13665E-3 4.75772E-3 4.99006E-3 4.63356E-3 4.9405E-3 4.90082E-3 4.85302E-3 4.82521E-3 4.85013E-3 5.43326E-3 4.78463E-3 4.63956E-3 4.5095E-3 4.18649E-3 4.47666E-3 3.99073E-3 4.21844E-3 4.05399E-3 3.97171E-3 3.3959E-3 3.03934E-3 2.9034E-3 2.61153E-3 2.48174E-3 2.46156E-3 2.193E-3 2.15612E-3 2.07153E-3 1.99185E-3 1.87775E-3 1.86829E-3 1.84598E-3 1.72812E-3 1.87159E-3 1.76634E-3 -9999 -9999 1.82346E-3 -9999 -9999 1.74661E-3 1.69643E-3 1.36824E-3
-9999 -9999 -9999 -9999 -9999 6.4201E-3 5.68405E-3 5.17635E-3 4.61113E-3 4.86953E-3 4.57196E-3 4.61985E-3 5.00397E-3 4.80835E-3 4.71832E-3 4.86712E-3 5.07236E-3 4.98474E-3 4.99658E-3 4.68423E-3 4.78745E-3 4.77541E-3 4.67231E-3 4.82997E-3 5.07989E-3 5.0644E-3 4.81687E-3 4.71333E-3 4.6513E-3 4.56942E-3 4.42796E-3 4.19839E-3 4.15627E-3 4.35913E-3 4.11142E-3 4.02017E-3 3.77081E-3 3.47303E-3 3.02514E-3 2.90208E-3 2.53775E-3 2.36607E-3 2.29077E-3 2.18912E-3 2.03909E-3 2.00796E-3 1.91841E-3 1.8654E-3 1.74666E-3 1.8496E-3 1.90413E-3 1.81973E-3 1.65682E-3 1.76861E-3 1.68212E-3 -9999 1.77995E-3 1.77843E-3 1.68911E-3 1.54318E-3 1.15817E-3
-9999 -9999 8.31571E-3 -9999 -9999 6.88182E-3 6.48964E-3 5.10488E-3 4.5098E-3 5.20508E-3 5.00735E-3 4.83989E-3 4.79198E-3 4.88802E-3 4.9129E-3 4.75951E-3 4.95134E-3 4.86136E-3 4.68119E-3 4.81892E-3 4.56058E-3 4.74908E-3 4.73816E-3 4.74329E-3 5.12098E-3 4.72082E-3 4.59471E-3 4.96467E-3 4.61405E-3 4.55536E-3 4.34878E-3 4.45818E-3 3.9839E-3 4.17113E-3 3.89586E-3 3.7749E-3 3.66524E-3 3.19364E-3 3.03255E-3 2.72242E-3 2.42988E-3 2.3772E-3 2.40874E-3 2.3416E-3 2.21997E-3 1.95503E-3 1.91536E-3 1.80812E-3 1.79235E-3 1.7492E-3 1.75019E-3 1.85157E-3 1.77167E-3 1.68989E-3 1.62408E-3 1.61856E-3 1.6121E-3 1.76093E-3 1.56433E-3 1.38841E-3 1.22974E-3
1.04734E-2 -9999 2.51804E-3 -9999 8.02318E-3 7.02655E-3 6.10476E-3 5.54744E-3 5.05081E-3 5.69202E-3 5.07991E-3 4.81071E-3 4.76323E-3 4.57478E-3 4.63462E-3 4.58115E-3 4.68041E-3 4.58519E-3 4.5803E-3 4.56437E-3 4.63575E-3 4.38616E-3 4.4644E-3 4.60692E-3 4.98925E-3 4.70842E-3 4.43479E-3 4.42557E-3 4.33505E-3 4.20721E-3 4.02933E-3 3.8118E-3 3.91297E-3 4.05448E-3 3.87327E-3 3.54718E-3 3.37277E-3 2.96354E-3 2.80022E-3 2.80974E-3 2.35435E-3 2.38789E-3 2.33487E-3 2.21525E-3 2.09549E-3 1.98637E-3 1.95485E-3 1.80085E-3 1.71119E-3 1.69733E-3 1.63245E-3 1.72798E-3 1.80228E-3 1.79936E-3 1.69843E-3 1.69078E-3 1.77248E-3 1.64922E-3 1.94688E-3 1.26807E-3 1.03694E-3
8.8525E-3 -9999 9.38092E-3 8.95049E-3 8.29224E-3 9.2781E-3 7.59063E-3 6.11564E-3 6.3042E-3 1.04274E-2 5.32454E-3 4.5997E-3 4.47804E-3 4.56561E-3 4.91288E-3 4.87747E-3 4.99529E-3 4.86942E-3 4.76037E-3 4.95621E-3 4.68028E-3 4.81968E-3 4.6204E-3 4.75586E-3 4.76271E-3 4.41224E-3 4.15956E-3 4.64764E-3 4.16744E-3 3.94565E-3 3.80993E-3 3.85221E-3 3.74E-3 3.58759E-3 3.55293E-3 3.41565E-3 3.08261E-3 2.9801E-3 2.85745E-3 2.60991E-3 2.39758E-3 2.34006E-3 2.28189E-3 2.19844E-3 1.9322E-3 1.99658E-3 1.86471E-3 1.76767E-3 1.73398E-3 1.66433E-3 1.59231E-3 1.71976E-3 1.72595E-3 1.95152E-3 1.92457E-3 1.79659E-3 1.87982E-3 1.92075E-3 1.52987E-3 1.12397E-3 1.00318E-3
7.84803E-3 9.45964E-3 7.96375E-3 7.76176E-3 7.91769E-3 6.56126E-3 6.75665E-3 6.04022E-3 6.50651E-3 6.14325E-3 4.91471E-3 4.57593E-3 4.42014E-3 4.52639E-3 4.87126E-3 5.89774E-3 5.0391E-3 4.77114E-3 4.70341E-3 4.98319E-3 5.0449E-3 4.60261E-3 4.67778E-3 4.5628E-3 4.69912E-3 4.2573E-3 4.4335E-3 4.28827E-3 3.6892E-3 3.65407E-3 3.50408E-3 3.67343E-3 3.52995E-3 3.41337E-3 3.5427E-3 3.41536E-3 3.23067E-3 2.81197E-3 2.71974E-3 2.45355E-3 2.3806E-3 2.26689E-3 2.25468E-3 2.11271E-3 1.94623E-3 1.80583E-3 1.77919E-3 1.78482E-3 1.64529E-3 1.63721E-3 1.75203E-3 1.55971E-3 1.77085E-3 1.79581E-3 1.67919E-3 1.84806E-3 1.7532E-3 1.93682E-3 1.36139E-3 1.14662E-3 1.11061E-3
7.16851E-3 8.82331E-3 -9999 7.91648E-3 8.12176E-3 6.65161E-3 5.98634E-3 5.83995E-3 5.20727E-3 5.23409E-3 5.24543E-3 4.86962E-3 4.67899E-3 5.02375E-3 4.83942E-3 4.60583E-3 4.86086E-3 4.90584E-3 4.81132E-3 4.9201E-3 4.9533E-3 4.55062E-3 4.29371E-3 4.68088E-3 4.45004E-3 4.16337E-3 4.31538E-3 3.79663E-3 3.73933E-3 3.51787E-3 3.34037E-3 3.64968E-3 3.53852E-3 3.43989E-3 3.43977E-3 3.20857E-3 3.04785E-3 2.79443E-3 2.79451E-3 2.59365E-3 2.37956E-3 2.23579E-3 2.1116E-3 2.11093E-3 1.86147E-3 1.91959E-3 1.71877E-3 1.71815E-3 1.70084E-3 1.56394E-3 1.68235E-3 1.57392E-3 1.71572E-3 1.85693E-3 1.94284E-3 1.76093E-3 1.80429E-3 1.9406E-3 1.73854E-3 1.34842E-3 1.16463E-3
