Final_Models_July82022/M_0.1_F_lqp_Set_1/Bison_min.asc
ncols         290
nrows         380
xllcorner     -2197417.7431653
yllcorner     -584827.01486885
cellsize      10000.0
NODATA_value  -9999
[rows 54 to 80 of 380, columns 61 to 121 of 290]
2.48375E-2 2.76187E-2 3.85324E-2 2.92261E-2 3.79213E-2 5.25717E-2 6.45777E-2 2.52082E-2 3.11709E-2 2.95007E-2 2.55768E-2 1.76271E-2 2.39697E-2 1.80455E-2 1.62672E-2 2.4196E-2 2.04611E-2 2.09428E-2 1.95921E-2 1.99586E-2 2.06986E-2 1.99346E-2 1.77333E-2 1.7088E-2 1.7488E-2 2.13703E-2 2.01564E-2 1.36807E-2 1.47513E-2 2.21328E-2 4.37278E-2 3.93481E-2 3.78954E-2 3.55284E-2 2.46252E-2 4.88482E-2 2.81501E-2 3.76258E-2 4.69603E-2 5.85983E-2 4.97685E-2 5.53135E-2 4.52221E-2 5.07958E-2 4.66857E-2 2.33194E-2 2.92632E-2 4.66489E-2 4.39142E-2 4.68102E-2 5.92626E-2 4.42124E-2 1.08862E-2 1.33467E-2 4.52191E-2 6.74138E-2 7.92644E-2 7.44407E-2 6.13349E-2 6.72407E-2 1.52102E-2
2.60442E-2 2.36778E-2 3.74078E-2 2.80737E-2 2.53792E-2 3.06121E-2 3.50095E-2 4.00279E-2 3.40474E-2 2.74406E-2 3.31267E-2 2.75384E-2 2.88764E-2 1.73798E-2 1.94755E-2 1.80907E-2 2.35942E-2 1.97677E-2 2.16078E-2 2.17095E-2 2.02104E-2 1.95888E-2 1.80497E-2 2.40371E-2 2.12177E-2 1.853E-2 1.89562E-2 2.44903E-2 1.7715E-2 1.38753E-2 2.70505E-2 3.37361E-2 2.50348E-2 3.41928E-2 4.12625E-2 3.08996E-2 4.3026E-2 4.90413E-2 4.69698E-2 5.22565E-2 3.36756E-2 5.67886E-2 4.51979E-2 4.71323E-2 4.73918E-2 3.02381E-2 2.21833E-2 1.98442E-2 3.77946E-2 5.40062E-2 6.12008E-2 7.38378E-2 2.60278E-2 3.46697E-2 5.54636E-2 8.25429E-2 7.08971E-2 7.63771E-2 7.97563E-2 5.33464E-2 2.96552E-2
3.00181E-2 2.39113E-2 3.91839E-2 2.71887E-2 2.09448E-2 2.10396E-2 2.84786E-2 3.91263E-2 3.32235E-2 2.92532E-2 3.29636E-2 3.68148E-2 1.52649E-2 1.50042E-2 1.58939E-2 1.80759E-2 3.66278E-2 1.98878E-2 1.80825E-2 2.01708E-2 1.96839E-2 1.88088E-2 3.88594E-2 3.54103E-2 3.06336E-2 1.48695E-2 2.54295E-2 3.55267E-2 4.05911E-2 3.08714E-2 2.00831E-2 4.15925E-2 3.62897E-2 3.71798E-2 3.72442E-2 3.44383E-2 3.75992E-2 4.67293E-2 5.69271E-2 6.1883E-2 5.6445E-2 5.62766E-2 5.19257E-2 4.4309E-2 4.84053E-2 3.85621E-2 1.34287E-2 1.57088E-2 5.69904E-2 5.38467E-2 3.53717E-2 7.31352E-2 6.12403E-2 5.72448E-2 4.53107E-2 7.69202E-2 7.34827E-2 7.53867E-2 7.4128E-2 6.92402E-2 1.61113E-2
2.91669E-2 2.69591E-2 2.64947E-2 2.99788E-2 1.51291E-2 1.97074E-2 3.12806E-2 2.88958E-2 3.062E-2 3.11872E-2 2.74622E-2 2.46199E-2 3.06552E-2 2.11126E-2 1.80347E-2 3.1835E-2 3.10925E-2 2.87567E-2 2.14918E-2 2.08509E-2 1.95997E-2 1.72363E-2 2.11145E-2 2.95777E-2 3.67161E-2 1.68477E-2 1.89018E-2 1.88232E-2 3.31068E-2 3.96073E-2 3.65055E-2 3.03144E-2 3.49245E-2 2.96648E-2 3.93919E-2 3.94005E-2 4.57874E-2 4.93936E-2 5.58394E-2 5.31404E-2 4.68986E-2 4.28954E-2 6.04593E-2 4.01065E-2 3.08754E-2 2.83692E-2 3.25201E-2 5.00694E-2 6.04909E-2 4.31111E-2 2.83201E-2 6.59399E-2 4.7014E-2 5.53111E-2 5.12956E-2 7.69431E-2 6.27963E-2 4.87614E-2 5.12021E-2 7.00609E-2 4.00114E-2
2.24137E-2 2.16727E-2 3.38597E-2 2.11807E-2 1.90578E-2 1.34503E-2 1.32921E-2 1.90831E-2 3.49794E-2 3.4693E-2 1.84722E-2 2.12066E-2 1.74499E-2 1.47533E-2 1.68731E-2 2.73893E-2 4.4116E-2 3.15994E-2 2.21319E-2 2.64454E-2 1.886E-2 1.68757E-2 1.80749E-2 2.11253E-2 5.06333E-2 4.35889E-2 4.27609E-2 2.5505E-2 2.89008E-2 3.54683E-2 3.50295E-2 2.96987E-2 3.40825E-2 3.14093E-2 3.62555E-2 4.28955E-2 3.99952E-2 4.73489E-2 4.71181E-2 5.58801E-2 5.63822E-2 5.66652E-2 5.46355E-2 5.15978E-2 1.54958E-2 5.1052E-2 9.09291E-2 5.97288E-2 3.85836E-2 4.77307E-2 5.47819E-2 7.88325E-2 5.80496E-2 6.20829E-2 4.08947E-2 6.05697E-2 6.14846E-2 5.93227E-2 6.75918E-2 7.78346E-2 3.10192E-2
1.50098E-2 1.79988E-2 3.29755E-2 1.99685E-2 9.32434E-3 1.12106E-2 1.61216E-2 2.0311E-2 2.25857E-2 1.97177E-2 1.62135E-2 1.78872E-2 1.61601E-2 1.0628E-2 1.49993E-2 2.82572E-2 3.73412E-2 3.73629E-2 3.25067E-2 2.95115E-2 2.23777E-2 1.56998E-2 2.07827E-2 4.49669E-2 4.11156E-2 3.8859E-2 3.66887E-2 4.60029E-2 3.38672E-2 4.1174E-2 4.31491E-2 2.95709E-2 3.67048E-2 4.54592E-2 5.18325E-2 3.19677E-2 3.61988E-2 3.55837E-2 4.99611E-2 6.09175E-2 4.62871E-2 5.86625E-2 6.30669E-2 4.54542E-2 3.07253E-2 9.57897E-2 9.02705E-2 5.6184E-2 2.1236E-2 3.18968E-2 6.57188E-2 6.53751E-2 6.80385E-2 4.83067E-2 4.83036E-2 4.75466E-2 5.86041E-2 6.53964E-2 7.13709E-2 4.67282E-2 2.01188E-2
1.03461E-2 1.06193E-2 3.84935E-2 9.17336E-3 2.27363E-2 6.50755E-3 8.34311E-3 1.82079E-2 5.88343E-3 1.6864E-2 1.89399E-2 1.52301E-2 9.30276E-3 8.58407E-3 1.93986E-2 2.84792E-2 4.19051E-2 4.25764E-2 3.88488E-2 2.98825E-2 2.15114E-2 2.14872E-2 3.99097E-2 5.26111E-2 4.58768E-2 3.84066E-2 3.4556E-2 3.50877E-2 4.78481E-2 4.40798E-2 4.37769E-2 3.64122E-2 2.73167E-2 3.69135E-2 4.20352E-2 4.45942E-2 6.87218E-2 7.48502E-2 6.21225E-2 6.28681E-2 5.89248E-2 7.83342E-2 7.92495E-2 7.15675E-2 7.86302E-2 7.34423E-2 5.86001E-2 4.44624E-2 1.67788E-2 2.49667E-2 3.0985E-2 5.07081E-2 7.24957E-2 4.86344E-2 2.71467E-2 3.87892E-2 6.3306E-2 7.44972E-2 7.65341E-2 6.40042E-2 2.72692E-2
4.07118E-3 1.28956E-2 3.67537E-2 3.2146E-2 6.1781E-3 3.97798E-3 5.21949E-3 1.57045E-2 4.74316E-3 1.72763E-2 1.30476E-2 1.92593E-3 1.42561E-2 7.62696E-3 1.67921E-2 1.73357E-2 3.00022E-2 2.74126E-2 6.12539E-2 3.79207E-2 4.29157E-2 3.03152E-2 2.663E-2 3.81252E-2 4.95341E-2 3.70537E-2 3.42483E-2 2.82559E-2 4.08458E-2 3.9262E-2 3.66549E-2 4.20643E-2 3.10965E-2 3.55425E-2 3.93167E-2 5.40688E-2 5.94044E-2 5.85056E-2 6.73873E-2 7.99088E-2 8.14649E-2 7.63777E-2 8.0894E-2 8.59564E-2 8.91973E-2 9.65319E-2 7.50994E-2 7.42844E-2 1.57606E-2 2.75988E-2 4.61847E-2 5.25575E-2 7.34092E-2 4.93884E-2 7.5133E-2 3.45933E-2 6.93974E-2 6.4921E-2 6.6043E-2 4.01702E-2 2.12071E-2
4.2589E-3 7.5326E-3 3.07903E-2 4.85312E-3 2.27118E-2 3.30974E-3 6.82233E-3 6.01926E-3 1.1605E-2 3.95934E-3 6.44329E-3 6.20137E-3 7.49385E-3 1.10278E-2 1.02001E-2 1.0141E-2 1.71434E-2 2.11985E-2 3.694E-2 2.709E-2 6.73578E-2 4.24959E-2 4.1781E-2 4.30724E-2 4.43288E-2 3.86817E-2 3.26183E-2 3.22519E-2 3.14631E-2 3.15025E-2 2.97733E-2 3.14265E-2 3.43096E-2 4.29674E-2 5.02521E-2 4.70588E-2 5.47359E-2 5.7997E-2 8.15796E-2 6.67844E-2 8.60635E-2 8.60004E-2 7.39287E-2 7.83866E-2 4.695E-2 4.73725E-2 8.4833E-2 7.11031E-2 4.22074E-2 2.52206E-2 4.17005E-2 4.94293E-2 5.73921E-2 7.09345E-2 8.37732E-2 7.68404E-2 6.8605E-2 8.06166E-2 6.93128E-2 1.78765E-2 1.39003E-2
2.45232E-2 6.65827E-3 4.1145E-2 4.16916E-3 1.55953E-3 6.11182E-3 2.09616E-3 2.7817E-3 4.01226E-3 5.62286E-3 7.30547E-3 1.01788E-2 5.88489E-3 9.52049E-3 1.04801E-2 9.33294E-3 1.14E-2 1.97465E-2 4.22656E-2 2.57779E-2 2.19976E-2 2.32957E-2 3.52323E-2 3.20149E-2 3.20031E-2 3.8418E-2 3.47267E-2 2.12541E-2 1.90416E-2 3.4338E-2 3.77168E-2 3.19042E-2 4.65984E-2 5.02403E-2 5.73831E-2 5.91927E-2 5.27791E-2 4.8097E-2 6.52492E-2 7.22555E-2 9.87088E-2 7.7799E-2 8.59446E-2 9.71333E-2 5.34604E-2 3.67081E-2 4.88675E-2 6.95328E-2 8.1617E-2 7.01816E-2 5.86445E-2 5.69363E-2 4.80623E-2 7.7884E-2 8.43857E-2 9.03892E-2 9.46145E-2 1.04816E-1 6.47035E-2 4.14194E-2 1.9591E-2
5.22945E-3 1.63422E-3 2.26249E-3 3.16331E-2 3.15862E-3 6.72242E-4 6.17914E-3 1.10656E-2 4.7582E-3 4.5406E-3 7.90273E-3 8.76182E-3 8.08166E-3 3.01904E-3 7.39078E-3 1.00024E-2 2.4004E-2 3.79964E-2 3.60257E-2 2.35827E-2 2.09046E-2 2.67862E-2 3.04766E-2 3.13441E-2 3.54459E-2 3.31474E-2 3.19778E-2 1.35417E-2 2.13938E-2 2.82158E-2 4.13803E-2 2.60927E-2 3.21906E-2 3.657E-2 4.5733E-2 7.17236E-2 3.65563E-2 4.91645E-2 7.24302E-2 8.98056E-2 7.80314E-2 7.7627E-2 7.91206E-2 6.30465E-2 5.41292E-2 2.54988E-2 6.68785E-2 7.84657E-2 8.53051E-2 8.35796E-2 6.41701E-2 4.9888E-2 4.05424E-2 3.9691E-2 6.24826E-2 9.15066E-2 1.36597E-1 4.5771E-2 2.00146E-2 1.54044E-2 1.45235E-2
5.40386E-3 6.42628E-3 2.50961E-3 3.91003E-2 3.03101E-3 4.78968E-3 1.1464E-3 5.02157E-3 1.95105E-3 2.53007E-3 1.218E-3 4.02966E-3 2.11152E-3 2.30749E-3 6.37808E-3 7.81003E-3 1.09003E-2 3.28713E-2 2.84299E-2 3.10329E-2 2.37742E-2 1.9336E-2 3.20481E-2 2.86028E-2 3.47921E-2 3.86068E-2 3.2887E-2 2.13963E-2 2.07913E-2 3.06622E-2 2.90713E-2 4.3109E-2 3.55172E-2 1.14728E-1 5.92174E-2 7.06445E-2 7.81003E-2 3.69539E-2 4.7477E-2 4.98646E-2 3.16702E-2 7.05446E-2 6.62856E-2 5.34738E-2 5.06553E-2 6.72071E-2 6.82822E-2 8.87882E-2 9.4881E-2 8.13178E-2 7.91197E-2 1.29776E-1 6.65418E-2 7.71134E-2 5.63084E-2 8.82117E-2 7.82922E-2 1.90937E-2 1.8112E-2 1.32643E-2 1.41335E-2
5.11294E-3 6.29126E-3 1.07291E-2 1.1694E-2 4.84803E-3 3.81744E-3 4.87948E-3 2.75681E-3 7.07643E-3 3.56713E-3 1.99868E-3 2.64451E-3 7.60017E-3 4.59222E-3 4.86259E-3 1.17879E-2 1.72361E-2 7.45922E-3 1.74209E-2 1.72697E-2 2.1867E-2 2.26687E-2 2.64811E-2 3.34584E-2 3.41758E-2 3.97427E-2 2.9554E-2 3.33261E-2 2.50347E-2 3.19758E-2 3.20466E-2 1.05458E-1 3.33521E-2 2.89384E-2 4.97765E-2 6.84886E-2 4.75246E-2 6.7219E-2 8.10668E-2 4.76388E-2 2.08069E-2 3.9573E-2 3.24059E-2 4.51097E-2 6.76217E-2 5.86646E-2 7.31873E-2 8.97319E-2 9.96126E-2 8.43854E-2 9.75429E-2 7.08897E-2 6.9033E-2 6.67424E-2 5.49506E-2 3.05707E-2 9.24452E-2 1.00243E-1 7.64239E-2 5.95201E-2 3.11713E-2
3.41559E-3 4.6152E-3 3.25586E-3 1.91926E-2 7.7567E-3 4.61092E-3 7.94229E-4 1.83795E-2 5.79664E-3 8.00584E-3 8.3299E-3 4.22647E-3 1.2399E-2 4.98524E-3 1.61461E-2 2.26887E-2 5.64525E-3 5.33802E-3 5.40914E-3 1.25081E-2 1.46082E-2 1.65902E-2 3.33647E-2 2.82064E-2 3.41652E-2 3.7107E-2 2.10029E-2 2.05327E-2 2.63427E-2 3.28293E-2 2.91096E-2 3.31865E-2 3.27576E-2 6.17044E-2 6.36407E-2 6.04529E-2 5.84164E-2 6.64793E-2 5.8939E-2 6.19985E-2 4.97836E-2 2.82825E-2 6.02833E-2 5.09177E-2 8.38754E-2 6.26406E-2 3.80975E-2 2.97272E-2 3.48691E-2 7.0894E-2 4.64826E-2 7.02842E-2 5.12175E-2 2.84702E-2 3.37807E-2 2.97006E-2 2.86727E-2 3.48932E-2 4.25146E-2 3.8597E-2 5.38485E-2
9.39961E-3 3.99922E-3 1.20851E-2 3.47347E-2 1.59586E-2 1.3521E-2 7.44986E-4 2.22085E-2 7.08212E-3 2.06632E-3 6.69945E-3 7.47271E-3 1.0801E-2 5.28562E-3 2.27319E-2 9.83423E-3 4.82235E-3 5.20216E-3 5.48749E-3 5.65981E-3 3.39566E-3 3.06909E-3 1.76451E-2 3.47487E-2 4.2029E-2 3.92525E-2 1.9859E-2 1.55501E-2 2.89571E-2 2.33726E-2 2.76186E-2 1.74103E-2 3.30916E-2 7.14522E-2 7.34639E-2 7.53816E-2 6.25654E-2 7.93593E-2 7.51022E-2 6.4591E-2 9.27553E-2 7.65638E-2 7.86497E-2 7.03427E-2 8.45695E-2 8.01472E-2 2.10001E-2 2.00054E-2 2.18813E-2 2.44614E-2 2.24741E-2 2.20958E-2 2.13461E-2 2.12458E-2 2.25631E-2 2.35587E-2 2.49921E-2 2.44205E-2 2.20038E-2 2.20267E-2 2.28408E-2
2.3466E-2 4.10245E-3 1.74836E-2 2.20961E-2 1.22858E-2 9.77758E-3 5.22844E-3 1.06946E-2 4.35272E-3 2.70479E-3 6.97666E-3 3.55567E-3 7.85114E-3 3.30863E-2 5.37292E-3 4.41592E-3 3.09307E-3 1.97532E-3 2.5482E-3 5.61029E-3 5.74161E-3 2.95474E-3 6.32836E-3 3.33361E-2 3.69473E-2 3.20302E-2 3.28052E-2 3.38806E-2 6.25135E-2 3.32019E-2 1.91883E-2 2.775E-2 4.46148E-2 5.55169E-2 6.96952E-2 7.22142E-2 8.9413E-2 7.05421E-2 7.63873E-2 9.15612E-2 8.47283E-2 9.27317E-2 7.85627E-2 4.8142E-2 5.4451E-2 7.0495E-2 2.13875E-2 2.31631E-2 8.67883E-2 1.04171E-1 3.62465E-2 2.26139E-2 2.29833E-2 2.41098E-2 3.34073E-2 2.64445E-2 2.64927E-2 2.52081E-2 2.22292E-2 2.28103E-2 2.28129E-2
5.56316E-2 1.0659E-2 6.05552E-3 3.11259E-2 1.01571E-2 7.8027E-3 6.26645E-3 1.1589E-2 3.64375E-3 8.04483E-3 7.53328E-3 4.45419E-3 9.60697E-3 9.847E-3 5.78043E-3 7.80168E-3 2.73618E-3 3.74815E-3 1.22877E-3 1.62518E-3 4.36564E-3 4.92775E-3 6.81913E-3 3.60268E-3 1.19431E-2 1.62609E-2 2.44911E-2 2.64835E-2 3.43108E-2 3.01151E-2 2.96446E-2 2.17732E-2 3.9171E-2 6.19444E-2 7.91944E-2 7.75555E-2 8.99533E-2 8.4033E-2 8.17598E-2 8.9585E-2 7.32386E-2 6.56176E-2 3.37919E-2 5.11501E-2 4.90424E-2 3.25804E-2 4.30804E-2 4.24701E-2 7.73097E-2 9.82722E-2 1.13365E-1 5.9416E-2 6.1811E-2 6.75285E-2 3.2223E-2 6.62114E-2 8.5348E-2 5.31916E-2 5.49176E-2 2.32236E-2 2.48834E-2
7.45541E-2 5.62894E-2 3.16242E-2 1.07629E-2 2.12468E-2 1.1721E-2 9.7035E-3 1.52744E-2 2.03538E-2 2.46209E-3 1.1624E-2 4.84417E-3 1.04832E-2 8.05735E-3 5.38434E-3 2.1912E-3 3.19366E-3 2.95881E-3 4.23458E-3 3.33194E-3 2.10893E-3 2.47052E-3 6.71023E-3 2.84633E-3 4.57759E-3 6.54715E-3 7.13953E-3 2.38066E-2 2.40423E-2 2.70562E-2 3.75262E-2 3.48553E-2 4.23573E-2 6.04885E-2 8.55453E-2 4.43815E-2 9.44721E-2 5.94662E-2 1.06264E-1 6.68848E-2 7.37411E-2 5.46917E-2 3.22711E-2 3.47692E-2 5.50267E-2 7.67188E-2 8.1213E-2 5.82269E-2 8.09184E-2 7.5357E-2 9.24525E-2 1.01472E-1 1.18403E-1 1.42012E-1 6.21658E-2 1.17951E-1 1.41469E-1 1.09835E-1 1.1285E-1 7.88136E-2 3.34427E-2
7.63959E-2 6.72261E-2 2.54425E-2 3.96397E-2 4.23995E-2 3.00619E-2 3.26997E-2 1.89708E-2 2.05072E-2 6.2771E-3 2.19021E-3 4.44967E-3 1.98956E-2 3.81139E-3 1.00691E-2 2.12261E-3 3.35009E-3 5.18363E-3 2.25564E-3 1.02002E-2 3.41028E-3 1.95406E-3 4.08445E-3 7.27451E-3 2.55841E-3 5.07145E-3 5.61721E-3 8.41357E-3 2.4912E-2 3.38799E-2 3.65972E-2 5.66168E-2 5.42924E-2 6.5287E-2 1.63191E-1 8.58966E-2 7.39315E-2 5.54423E-2 8.59598E-2 7.08077E-2 6.50743E-2 3.50133E-2 3.24609E-2 3.69455E-2 4.77988E-2 6.58247E-2 7.74391E-2 6.07513E-2 6.91243E-2 8.38711E-2 4.20605E-2 9.16634E-2 1.05169E-1 1.13101E-1 9.39093E-2 1.16584E-1 6.2796E-2 7.99238E-2 6.81135E-2 1.8837E-1 1.11413E-1
1.58136E-1 3.74679E-2 4.17403E-2 5.50265E-2 1.24274E-2 1.42755E-2 3.77867E-2 2.62202E-2 1.5237E-2 1.1439E-2 5.12045E-3 2.89797E-3 4.75029E-3 1.22385E-2 2.78287E-3 2.08987E-3 5.84326E-3 3.66556E-3 5.00968E-3 3.91059E-3 2.96174E-3 1.10192E-2 1.90413E-3 6.52869E-3 5.33933E-3 5.66952E-3 4.03281E-3 3.72595E-3 1.73452E-2 2.37151E-2 4.11866E-2 5.59578E-2 7.15354E-2 5.0697E-2 6.46443E-2 1.23664E-1 8.84404E-2 7.47534E-2 8.52368E-2 7.87933E-2 6.35989E-2 3.34565E-2 3.54338E-2 5.39685E-2 4.91268E-2 6.51901E-2 7.67363E-2 5.94371E-2 6.3637E-2 8.16331E-2 5.05974E-2 4.3767E-2 8.99188E-2 1.0128E-1 8.78904E-2 9.94409E-2 6.37438E-2 4.00053E-2 4.60277E-2 1.49199E-1 1.92739E-1
4.87439E-2 1.10678E-2 1.57682E-2 1.63441E-2 3.2118E-2 2.2338E-2 4.98755E-3 2.20474E-2 2.69706E-2 1.86282E-2 5.7123E-3 2.04972E-3 3.05651E-3 3.51636E-3 2.20621E-3 3.49409E-3 2.06387E-3 2.58825E-3 3.17981E-3 3.09775E-3 4.17698E-3 9.77744E-3 1.63217E-2 7.08546E-3 7.93289E-3 3.54919E-3 2.4598E-3 3.5569E-3 9.43132E-3 1.50449E-2 4.61441E-2 6.39767E-2 6.97696E-2 6.53647E-2 5.75261E-2 6.62769E-2 8.9908E-2 6.90444E-2 3.81504E-2 8.1401E-2 4.47278E-2 3.7399E-2 2.34242E-2 6.01154E-2 7.49282E-2 6.32888E-2 9.16663E-2 8.03054E-2 8.05783E-2 8.56315E-2 8.33343E-2 7.96734E-2 7.59149E-2 9.16315E-2 1.01407E-1 5.44014E-2 4.696E-2 2.16417E-2 3.53937E-2 8.29635E-2 1.26795E-1
5.52084E-2 5.05568E-2 2.64633E-2 1.09357E-2 7.24531E-3 1.24506E-2 6.40252E-3 2.05701E-2 7.86026E-3 1.51113E-2 1.30368E-2 3.2922E-3 3.26541E-3 1.23934E-3 2.77175E-3 3.34005E-3 2.21901E-3 3.34123E-3 2.63627E-3 7.08987E-3 5.44186E-3 2.68717E-3 4.27605E-3 2.41998E-3 4.21137E-3 7.37128E-3 2.65654E-3 6.30537E-3 3.0093E-3 4.08739E-3 2.45715E-2 6.52421E-2 7.67063E-2 6.33579E-2 6.60056E-2 5.50016E-2 7.02293E-2 7.17402E-2 5.94436E-2 4.70012E-2 5.33827E-2 3.71021E-2 7.20383E-2 5.84349E-2 7.63059E-2 6.85717E-2 8.15887E-2 8.3991E-2 9.46351E-2 7.54171E-2 1.00415E-1 8.27518E-2 5.68612E-2 8.93606E-2 8.29554E-2 3.76928E-2 9.28124E-2 5.04984E-2 2.38857E-2 3.53521E-2 7.59551E-2
3.26464E-2 1.59696E-2 1.29067E-2 1.1219E-3 1.07783E-2 1.21352E-2 5.62753E-3 4.92216E-3 7.49545E-3 1.19577E-2 4.11232E-3 2.1607E-3 5.18894E-3 2.02944E-3 2.16247E-3 3.86028E-3 2.19548E-3 2.12999E-3 2.73748E-3 9.39912E-3 3.05792E-3 1.08903E-2 2.90062E-3 1.25279E-2 3.14282E-3 6.97404E-3 1.66112E-3 3.99407E-3 4.0796E-3 5.79817E-3 9.13881E-3 4.4974E-2 6.44552E-2 6.41227E-2 6.69291E-2 6.91253E-2 5.10538E-2 8.18834E-2 8.91067E-2 7.19321E-2 5.48153E-2 5.22736E-2 5.35171E-2 5.67438E-2 7.34651E-2 8.34881E-2 8.94337E-2 8.58397E-2 7.50924E-2 9.01007E-2 7.97887E-2 8.30638E-2 5.69139E-2 8.73953E-2 5.65996E-2 4.77532E-2 6.42878E-2 4.06173E-2 2.76511E-2 2.88872E-2 2.95682E-2
7.97354E-3 2.65568E-2 2.31944E-2 1.61501E-3 3.18206E-3 3.36357E-3 5.67509E-3 6.39479E-3 7.07401E-3 2.24611E-3 4.47642E-3 1.0125E-2 3.94481E-3 2.09942E-3 1.8428E-3 2.75026E-3 1.06675E-3 3.18912E-3 2.0885E-3 2.56454E-3 8.71375E-3 6.55496E-3 5.11954E-3 3.86144E-3 3.0308E-3 2.1026E-3 7.14343E-3 4.62166E-3 5.47396E-3 4.98162E-3 1.29416E-2 1.99306E-2 5.87574E-2 5.09766E-2 6.70565E-2 5.87777E-2 5.12073E-2 6.0806E-2 4.70384E-2 8.78801E-2 5.60322E-2 4.02763E-2 4.68349E-2 6.3353E-2 5.61436E-2 7.32002E-2 8.15105E-2 7.50748E-2 9.06866E-2 8.95485E-2 8.16258E-2 8.39485E-2 8.15222E-2 1.00328E-1 7.08649E-2 6.69438E-2 3.63746E-2 3.02468E-2 3.16771E-2 3.22431E-2 3.31088E-2
1.15633E-2 1.01922E-2 1.63864E-2 4.02952E-3 7.79734E-3 6.18685E-3 2.58694E-3 1.487E-2 1.14768E-2 5.6337E-3 1.39492E-2 4.6101E-3 5.46125E-3 5.25144E-3 6.31697E-3 9.03784E-3 4.35137E-3 2.63454E-3 5.04548E-3 8.43265E-3 6.94708E-3 6.17232E-3 1.20515E-2 3.55234E-3 6.29577E-3 3.14944E-3 5.06207E-3 6.07441E-3 7.03589E-3 7.41279E-3 1.36697E-2 1.04761E-2 3.50737E-2 5.92568E-2 5.68842E-2 5.50891E-2 6.10875E-2 4.30819E-2 4.38534E-2 5.8114E-2 4.81582E-2 5.83098E-2 3.69518E-2 6.29955E-2 6.14646E-2 6.88769E-2 6.15769E-2 8.70997E-2 7.68232E-2 7.52419E-2 8.41435E-2 8.11594E-2 1.01653E-1 4.39365E-2 2.52703E-2 2.76377E-2 3.0589E-2 3.437E-2 3.50435E-2 3.51936E-2 3.3083E-2
4.1385E-3 3.99846E-2 1.78427E-2 5.29504E-3 1.70635E-2 2.43787E-3 1.41138E-3 4.94817E-3 9.32973E-3 4.34283E-3 3.04495E-3 5.73808E-3 3.76221E-3 2.55428E-3 2.4218E-3 4.87E-3 6.44649E-3 1.23926E-2 2.58975E-3 8.0461E-3 8.2211E-3 7.28265E-3 1.35553E-2 4.49E-3 4.70307E-3 3.18519E-3 4.64584E-3 7.17752E-3 1.13801E-2 1.06045E-2 1.61102E-2 3.14745E-2 2.20627E-2 6.14119E-2 6.06454E-2 7.62009E-2 5.5413E-2 4.75459E-2 4.8155E-2 3.52473E-2 5.51214E-2 5.16629E-2 4.86604E-2 6.32604E-2 5.95181E-2 6.01913E-2 6.76286E-2 9.51876E-2 7.62748E-2 7.65061E-2 7.92639E-2 8.49095E-2 9.73336E-2 4.32522E-2 2.88284E-2 3.18291E-2 3.4179E-2 3.72543E-2 3.52818E-2 3.52638E-2 3.3911E-2
1.84243E-2 2.44176E-2 2.01047E-2 8.55239E-3 1.9938E-2 6.02385E-3 1.29083E-2 2.21514E-3 8.99645E-3 5.79365E-3 2.74634E-3 2.48543E-3 4.40294E-3 2.05153E-3 4.96851E-3 2.77299E-3 4.82263E-3 4.34003E-3 4.59915E-3 4.36581E-3 7.98548E-3 6.59687E-3 6.8727E-3 5.7679E-3 1.71145E-3 5.18133E-3 5.61441E-3 5.36487E-3 7.67954E-3 1.14229E-2 1.40322E-2 1.64287E-2 4.42133E-2 4.99656E-2 3.82881E-2 5.60312E-2 5.98885E-2 3.63649E-2 4.91545E-2 3.97102E-2 5.22143E-2 6.08219E-2 5.20018E-2 6.2912E-2 5.70282E-2 5.90087E-2 7.30722E-2 7.98836E-2 8.9587E-2 5.95205E-2 6.68393E-2 8.33306E-2 7.45986E-2 3.12846E-2 3.19115E-2 3.3212E-2 3.69589E-2 3.45909E-2 3.58057E-2 3.32736E-2 5.21789E-2
