Final_Models_July82022/M_0.1_F_lqp_Set_1/Bison_4.asc
ncols         290
nrows         380
xllcorner     -2197417.7431653
yllcorner     -584827.01486885
cellsize      10000.0
NODATA_value  -9999
[rows 81 to 107 of 380, columns 61 to 121 of 290]
1.52832E-2 5.70605E-3 1.24692E-2 5.10457E-3 1.04361E-2 1.24881E-2 4.87274E-3 2.73381E-3 1.03877E-2 4.22355E-3 1.42403E-3 5.06056E-3 2.79851E-3 5.21303E-3 5.38805E-3 2.14095E-2 1.71821E-2 1.13225E-2 6.93766E-3 9.69208E-3 4.18667E-3 9.27909E-3 1.02981E-2 5.61118E-3 2.67032E-3 5.6465E-3 4.83641E-3 1.1905E-2 6.34872E-3 5.57115E-3 1.07821E-2 1.59805E-2 2.80213E-2 6.32005E-2 5.02856E-2 2.89269E-2 3.5142E-2 4.96505E-2 5.2281E-2 5.5022E-2 8.27246E-2 7.99759E-2 5.88719E-2 6.1253E-2 6.84721E-2 8.43017E-2 7.77772E-2 1.00866E-1 1.25356E-1 5.41141E-2 2.83364E-2 3.04321E-2 3.4108E-2 3.78517E-2 3.91616E-2 3.90535E-2 3.89325E-2 3.80842E-2 8.00531E-2 1.54818E-1 1.74994E-1
1.55531E-2 1.55459E-2 6.47071E-3 2.11511E-2 2.01686E-2 2.30075E-3 6.6315E-3 3.32952E-3 3.35294E-3 2.37828E-3 6.96823E-3 7.16255E-3 4.67465E-3 4.61332E-3 5.35061E-3 1.88049E-2 1.60542E-2 2.38665E-2 4.70505E-3 9.2677E-3 2.37965E-2 2.28787E-2 7.41069E-3 1.03826E-2 5.18218E-3 8.53755E-3 4.15766E-3 7.58196E-3 7.76965E-3 3.10248E-3 7.28856E-3 1.73194E-2 2.06732E-2 5.49359E-2 4.01985E-2 2.10319E-2 2.52979E-2 4.31851E-2 4.84688E-2 5.23922E-2 8.91006E-2 9.35108E-2 5.67934E-2 7.01328E-2 6.66603E-2 7.80089E-2 8.59474E-2 1.04491E-1 4.95489E-2 1.09229E-1 9.38838E-2 4.15387E-2 3.78407E-2 4.04117E-2 4.16415E-2 3.95764E-2 3.75735E-2 3.77854E-2 1.3463E-1 2.4184E-1 1.67113E-1
3.98329E-2 3.01255E-2 5.60226E-2 1.30812E-2 2.24953E-2 6.54549E-3 3.40654E-3 3.23631E-3 1.03354E-3 4.55496E-3 4.98943E-3 1.09222E-2 3.97965E-3 4.58827E-3 9.5415E-3 7.57955E-3 7.36896E-3 2.00715E-2 8.9179E-3 9.65406E-3 1.22436E-2 2.49817E-2 1.53024E-2 2.67373E-2 3.11342E-2 1.82691E-2 2.50925E-2 9.26422E-3 9.39407E-3 8.11552E-3 6.41126E-3 1.12595E-2 1.66078E-2 2.28002E-2 2.80019E-2 2.23201E-2 1.92227E-2 2.55642E-2 3.52312E-2 5.86964E-2 6.3104E-2 6.49441E-2 6.7906E-2 7.1403E-2 8.5766E-2 8.39887E-2 8.91302E-2 9.90972E-2 1.06771E-1 3.11254E-2 1.28115E-1 1.83812E-1 8.71566E-2 4.27442E-2 3.86695E-2 3.76882E-2 3.61488E-2 8.53277E-2 1.50956E-1 1.4945E-1 1.77609E-1
8.24251E-2 1.45532E-2 3.82234E-2 4.44436E-2 2.39442E-2 1.25242E-2 1.24484E-2 2.76856E-3 1.48385E-3 1.03053E-2 1.4746E-2 1.51802E-2 1.40103E-2 6.25684E-3 1.20178E-2 7.67505E-3 1.8668E-2 7.21622E-3 6.19635E-3 1.27304E-2 5.26582E-3 8.23254E-3 1.82847E-2 1.65768E-2 5.98129E-3 2.17891E-3 1.83236E-2 2.18156E-2 3.17244E-2 1.06807E-2 7.47758E-3 1.21628E-2 1.3245E-2 3.26722E-2 1.9733E-2 3.23956E-2 2.26798E-2 2.25292E-2 3.50244E-2 5.91738E-2 6.09821E-2 4.51586E-2 4.94242E-2 5.1111E-2 4.61925E-2 7.55933E-2 9.24637E-2 7.22812E-2 1.09298E-1 6.78008E-2 1.38723E-1 1.21584E-1 1.33248E-1 1.33156E-1 5.8874E-2 5.15526E-2 7.56144E-2 1.31468E-1 1.57222E-1 1.38361E-1 1.42284E-1
1.05792E-1 3.24327E-2 6.88438E-3 7.77379E-3 2.01858E-2 2.15625E-2 9.70577E-3 9.46302E-3 1.65797E-2 1.35893E-2 1.66692E-2 5.50283E-3 1.18494E-2 7.43135E-3 1.16259E-2 9.24149E-3 4.62316E-3 5.12328E-3 3.82947E-3 1.3548E-2 6.64669E-3 6.83346E-3 1.08608E-2 1.54718E-2 1.0473E-2 6.14723E-3 1.19392E-2 1.91904E-2 1.53206E-2 3.14827E-2 1.35746E-2 3.24009E-2 7.02536E-2 3.26244E-2 3.50703E-2 3.69838E-2 3.81073E-2 4.27422E-2 5.75242E-2 4.98424E-2 5.76578E-2 2.8848E-2 5.05064E-2 3.67748E-2 2.49084E-2 7.80993E-2 1.002E-1 7.30118E-2 7.32718E-2 8.82479E-2 1.27573E-1 1.12004E-1 1.18884E-1 1.27394E-1 1.3564E-1 1.6931E-1 1.12526E-1 1.21606E-1 1.04784E-1 1.52202E-1 4.27234E-2
4.80334E-2 5.06964E-2 7.65462E-3 1.24668E-2 1.06667E-2 2.09792E-2 7.54538E-3 1.07658E-2 1.03244E-2 7.54113E-3 1.94443E-3 7.22262E-3 1.74081E-2 2.23232E-2 1.4056E-2 1.08988E-2 5.27213E-3 6.93212E-3 6.73453E-3 1.05324E-2 8.34945E-3 6.24942E-3 9.80336E-3 2.34865E-2 1.60599E-2 6.11235E-3 8.66396E-3 8.99748E-3 1.51558E-2 1.93065E-2 1.24748E-2 2.02389E-2 3.77899E-2 2.6546E-2 3.73428E-2 3.66853E-2 3.73559E-2 6.25368E-2 8.86499E-2 5.47411E-2 4.49254E-2 4.23464E-2 7.24198E-2 4.87087E-2 3.29694E-2 3.31907E-2 6.91904E-2 6.7776E-2 7.80542E-2 7.91248E-2 1.05687E-1 1.03188E-1 9.96558E-2 1.08451E-1 1.34499E-1 1.32807E-1 1.17462E-1 3.91029E-2 3.30538E-2 4.70695E-2 5.24239E-2
1.42117E-2 2.68589E-2 2.53479E-2 3.23123E-2 5.11316E-3 3.34876E-3 3.64524E-2 1.16498E-2 1.05614E-2 3.38925E-2 1.30212E-2 2.55097E-2 8.43923E-3 1.09824E-2 1.0172E-2 7.68E-3 1.02403E-2 5.1202E-3 1.04165E-2 3.88404E-3 3.75548E-3 7.86406E-3 4.98156E-3 2.62977E-2 6.71179E-3 5.86442E-3 9.80485E-3 4.11266E-3 9.40233E-3 1.83232E-2 7.90451E-3 1.9793E-2 3.86696E-2 3.15223E-2 4.87175E-2 3.89138E-2 4.94188E-2 6.68343E-2 7.02692E-2 5.60454E-2 4.74253E-2 3.59991E-2 5.7819E-2 7.55191E-2 5.48341E-2 3.36787E-2 7.09108E-2 8.23432E-2 5.94976E-2 7.96143E-2 1.15395E-1 1.24187E-1 1.31172E-1 3.29376E-2 8.41141E-2 8.7982E-2 1.34444E-1 9.55654E-2 8.8664E-2 1.23074E-1 1.43367E-1
1.39028E-2 1.48278E-2 1.71119E-2 9.48809E-3 1.6203E-2 8.28535E-3 1.60448E-2 1.69632E-2 1.96495E-2 5.17424E-3 9.75407E-3 1.41741E-2 1.36327E-2 9.85475E-3 1.28707E-2 1.01174E-2 5.75059E-3 1.65473E-2 9.65758E-3 9.07985E-3 1.52316E-2 6.49162E-3 1.95362E-2 1.76238E-2 4.20664E-3 7.18612E-3 7.02539E-3 3.24326E-3 4.37456E-3 1.24537E-2 1.40349E-2 2.14332E-2 2.64587E-2 1.88461E-2 3.57838E-2 3.78012E-2 4.87773E-2 4.3282E-2 6.97289E-2 4.14757E-2 3.35358E-2 2.90136E-2 3.35389E-2 5.69227E-2 5.43681E-2 6.83236E-2 7.88278E-2 5.38304E-2 4.58787E-2 8.00828E-2 1.07741E-1 7.65266E-2 6.33105E-2 8.47529E-2 5.1592E-2 4.92925E-2 1.36065E-1 1.50087E-1 1.16674E-1 1.12845E-1 1.73238E-1
3.53982E-2 1.10022E-2 2.29155E-2 1.80866E-2 1.47755E-2 1.11043E-2 1.63168E-2 2.92141E-2 6.03436E-3 2.3987E-2 1.48161E-2 8.75258E-3 1.76636E-2 1.74988E-2 2.48469E-2 2.22946E-2 1.70695E-2 1.28317E-2 9.1983E-3 1.00635E-2 1.97231E-2 1.75125E-2 1.14806E-2 1.11302E-2 5.55939E-3 4.15345E-3 1.2336E-2 5.30512E-3 7.05254E-3 1.36841E-2 1.78355E-2 2.35363E-2 2.5475E-2 1.88285E-2 2.20177E-2 3.26945E-2 4.79569E-2 5.28958E-2 6.27405E-2 3.61279E-2 2.93751E-2 3.77512E-2 2.98546E-2 6.28958E-2 6.67781E-2 6.70928E-2 9.47366E-2 5.98269E-2 1.08161E-1 1.00648E-1 7.39238E-2 1.10084E-1 1.24443E-1 1.45721E-1 1.36722E-1 8.0555E-2 1.04875E-1 1.29816E-1 1.1431E-1 1.00194E-1 1.7002E-1
8.07998E-2 3.47195E-2 2.0732E-2 6.34024E-3 1.11031E-2 2.36414E-2 8.8437E-3 1.52181E-2 4.96354E-2 3.40012E-2 1.33013E-2 1.06151E-2 1.16587E-2 1.5389E-2 2.08956E-2 1.72851E-2 1.00938E-2 6.55587E-3 1.89009E-2 5.96532E-3 6.48182E-3 4.81253E-3 9.34911E-3 1.21363E-2 1.91551E-2 1.29482E-2 2.11769E-2 1.42183E-2 1.31323E-2 2.23243E-2 2.02168E-2 2.46113E-2 2.88136E-2 1.57089E-2 3.2125E-2 3.82534E-2 4.89264E-2 5.28314E-2 4.78926E-2 3.94141E-2 4.64645E-2 4.36512E-2 3.9374E-2 5.9158E-2 2.92647E-2 4.07768E-2 7.35623E-2 4.97332E-2 5.47331E-2 7.78342E-2 4.84925E-2 7.08285E-2 1.28319E-1 7.74565E-2 1.46158E-1 1.29233E-1 1.25274E-1 1.38702E-1 1.07037E-1 1.16433E-1 1.19211E-1
5.02278E-2 1.17258E-2 7.72341E-3 1.39604E-2 1.7474E-2 2.42616E-2 4.8388E-2 3.89669E-2 2.74554E-2 3.55069E-2 9.04907E-3 8.0576E-3 1.29953E-2 9.68143E-3 1.39719E-2 9.84902E-3 9.51518E-3 7.25561E-3 2.02644E-2 1.01495E-2 8.01042E-3 2.01402E-2 1.35773E-2 5.5868E-3 1.0928E-2 9.54158E-3 2.06134E-2 1.95329E-2 1.82319E-2 2.55714E-2 2.28574E-2 1.61258E-2 2.10651E-2 2.08736E-2 2.27844E-2 4.41969E-2 4.68956E-2 5.05957E-2 6.68543E-2 4.44326E-2 4.71138E-2 6.06494E-2 4.43741E-2 2.66077E-2 3.09173E-2 6.60496E-2 4.30027E-2 8.97633E-2 4.3775E-2 1.19707E-1 1.11712E-1 7.2931E-2 8.62525E-2 8.46001E-2 1.15155E-1 1.14486E-1 1.22173E-1 1.44492E-1 1.28878E-1 1.30523E-1 1.12019E-1
8.09272E-3 1.74387E-2 1.87921E-2 3.04808E-2 1.5344E-2 1.40965E-2 2.15037E-2 2.1153E-2 6.92494E-3 2.0112E-2 2.75922E-2 1.18473E-2 1.31289E-2 1.84314E-2 1.34969E-2 9.64485E-3 8.47744E-3 2.14341E-2 7.07694E-3 1.62444E-2 1.03487E-2 1.47022E-2 4.52792E-3 7.02264E-3 1.05726E-2 8.74676E-3 1.9809E-2 1.44288E-2 1.14079E-2 2.25975E-2 2.40601E-2 2.84548E-2 2.01907E-2 1.50915E-2 1.83134E-2 4.29622E-2 3.41845E-2 3.94413E-2 3.66311E-2 5.1111E-2 4.18704E-2 6.18175E-2 6.42773E-2 8.9854E-2 3.7584E-2 5.42125E-2 4.13979E-2 7.84938E-2 9.91704E-2 8.6613E-2 9.27062E-2 9.74721E-2 1.22E-1 9.14415E-2 1.10043E-1 1.28717E-1 1.311E-1 1.52851E-1 1.1615E-1 1.28072E-1 1.4243E-1
1.55088E-2 2.36649E-2 4.33985E-2 3.64745E-2 1.45655E-2 1.95202E-2 1.05765E-2 1.87402E-2 1.19036E-2 7.91523E-3 1.43108E-2 2.15474E-2 1.86209E-2 1.97107E-2 1.30011E-2 1.5501E-2 1.70127E-2 9.05586E-3 1.09038E-2 1.89042E-2 1.13107E-2 1.26603E-2 5.9075E-3 5.17333E-3 1.04902E-2 5.86959E-3 1.25639E-2 1.25528E-2 1.41834E-2 1.96721E-2 1.62981E-2 2.9532E-2 2.85401E-2 3.54762E-2 4.22024E-2 3.41E-2 4.25216E-2 4.08328E-2 2.40826E-2 2.78299E-2 2.68229E-2 6.22514E-2 6.24465E-2 6.7128E-2 3.65197E-2 3.60557E-2 5.84223E-2 1.15707E-1 7.98961E-2 7.3255E-2 6.51026E-2 8.96384E-2 1.16891E-1 1.15244E-1 9.56466E-2 1.30278E-1 1.32565E-1 9.80042E-2 1.07203E-1 1.08881E-1 1.2938E-1
3.14256E-2 2.55575E-2 3.30036E-2 2.99961E-2 3.0239E-2 3.79565E-2 1.92185E-2 3.95814E-2 3.87733E-2 1.45914E-2 2.01068E-2 4.05233E-2 2.87728E-2 1.95524E-2 7.5704E-3 1.01876E-2 1.32971E-2 9.47877E-3 2.11504E-2 8.85814E-3 8.98555E-3 1.10746E-2 5.00275E-3 6.63221E-3 8.10221E-3 9.11766E-3 1.03989E-2 1.39479E-2 1.26307E-2 2.44461E-2 2.14194E-2 3.9512E-2 2.42881E-2 2.31331E-2 2.40184E-2 3.10576E-2 4.201E-2 3.73293E-2 2.38805E-2 2.71264E-2 4.14285E-2 5.83341E-2 5.52255E-2 1.00036E-1 8.292E-2 5.49187E-2 6.15118E-2 8.96233E-2 6.24822E-2 8.24336E-2 8.77561E-2 1.07446E-1 1.01281E-1 6.74836E-2 9.55253E-2 1.31972E-1 9.13777E-2 6.0792E-2 5.18983E-2 7.23063E-2 1.1781E-1
3.26974E-2 2.53018E-2 2.30904E-2 2.07459E-2 1.00033E-2 1.72468E-2 1.21377E-2 1.97658E-2 1.58297E-2 3.16149E-2 1.41244E-2 3.54158E-2 2.91102E-2 2.16919E-2 1.40837E-2 1.49426E-2 1.21581E-2 1.47104E-2 1.61019E-2 1.20597E-2 8.69796E-3 1.18541E-2 1.99431E-2 7.06912E-3 1.57433E-2 1.18315E-2 9.08622E-3 1.47774E-2 4.32414E-2 3.26334E-2 1.61146E-2 2.99801E-2 2.91759E-2 2.1115E-2 3.08599E-2 2.67177E-2 2.46842E-2 3.48581E-2 4.88928E-2 3.2515E-2 2.55875E-2 4.681E-2 6.54316E-2 5.61951E-2 7.70921E-2 5.24621E-2 5.34798E-2 7.52959E-2 8.93112E-2 7.62036E-2 8.22628E-2 8.39158E-2 1.05953E-1 4.60454E-2 9.74283E-2 1.13089E-1 7.59628E-2 5.39001E-2 7.30702E-2 7.01545E-2 9.12174E-2
4.47972E-2 3.42493E-2 3.02552E-2 1.30307E-2 1.97704E-2 2.51144E-2 2.04438E-2 2.72416E-2 3.3923E-2 1.5821E-2 4.05401E-2 2.89999E-2 3.93706E-2 5.71185E-2 1.29601E-2 2.15668E-2 2.25129E-2 3.39285E-2 2.70357E-2 6.65033E-3 8.73046E-3 5.57795E-3 1.39718E-2 8.80117E-3 1.42476E-2 1.17571E-2 2.21009E-2 1.99606E-2 2.19109E-2 1.60773E-2 1.01924E-2 2.02025E-2 1.6343E-2 2.74955E-2 2.01204E-2 2.64612E-2 2.99836E-2 3.48927E-2 3.70495E-2 3.478E-2 2.42057E-2 5.19732E-2 5.76774E-2 6.93076E-2 6.9372E-2 6.49946E-2 7.5795E-2 5.4925E-2 5.32571E-2 8.18158E-2 9.4782E-2 6.06484E-2 3.8514E-2 2.99235E-2 7.44787E-2 1.24139E-1 5.38679E-2 1.08695E-1 1.02184E-1 6.89293E-2 7.87667E-2
6.40006E-2 4.5003E-2 2.42843E-2 2.15211E-2 2.9569E-2 2.97538E-2 2.07138E-2 2.98944E-2 1.3132E-2 2.61195E-2 2.33599E-2 2.36116E-2 6.20393E-2 2.73557E-2 1.35064E-2 1.59567E-2 2.0006E-2 1.76384E-2 1.83934E-2 1.69252E-2 1.03054E-2 8.49152E-3 1.57474E-2 9.85656E-3 1.18337E-2 1.75671E-2 3.46473E-2 2.8075E-2 1.50226E-2 1.18946E-2 1.33679E-2 2.30324E-2 1.77485E-2 2.72805E-2 4.05349E-2 3.41044E-2 2.64239E-2 3.48411E-2 3.14015E-2 3.46315E-2 3.84534E-2 5.36357E-2 5.70816E-2 7.2879E-2 7.86418E-2 5.95222E-2 9.71975E-2 2.06321E-2 9.69729E-2 9.96926E-2 1.0097E-1 9.54982E-2 8.99118E-2 6.25227E-2 5.8073E-2 1.06175E-1 4.97554E-2 1.00284E-1 1.02937E-1 9.40559E-2 5.38705E-2
4.68451E-2 6.2106E-2 5.76726E-2 6.88087E-2 3.89902E-2 3.91891E-2 5.42479E-2 2.2772E-2 2.63271E-2 2.00578E-2 1.36455E-2 1.89447E-2 4.79898E-2 4.68674E-2 3.63641E-2 2.19499E-2 2.57902E-2 5.66332E-2 1.59848E-2 8.61896E-3 6.78897E-3 1.71891E-2 9.03519E-3 2.1906E-2 1.23039E-2 1.28812E-2 3.12188E-2 8.97941E-3 8.41276E-3 1.29834E-2 1.58963E-2 2.55035E-2 1.84834E-2 2.90764E-2 2.58873E-2 3.21896E-2 3.06811E-2 2.86716E-2 4.39455E-2 3.85953E-2 3.78115E-2 5.86758E-2 5.46921E-2 4.09723E-2 5.50269E-2 5.84808E-2 8.79868E-2 2.71806E-2 6.52443E-2 8.79729E-2 8.77166E-2 1.17622E-1 8.11813E-2 8.5528E-2 4.4129E-2 5.8669E-2 6.04239E-2 1.36936E-1 9.86532E-2 9.92897E-2 8.4891E-2
6.4808E-2 7.47887E-2 1.02371E-1 1.01534E-2 2.30056E-2 7.66761E-2 1.72904E-2 1.17379E-2 2.21833E-2 2.64184E-2 2.61237E-2 2.45261E-2 6.74677E-2 7.05559E-2 3.0363E-2 1.36212E-2 1.3238E-2 6.66979E-2 1.19904E-2 2.17376E-2 1.02213E-2 1.32867E-2 9.96721E-3 1.6918E-2 2.25906E-2 1.83093E-2 2.62452E-2 8.59786E-3 1.17593E-2 1.34896E-2 1.91672E-2 3.28126E-2 2.88876E-2 3.0666E-2 3.07578E-2 3.78598E-2 4.29729E-2 3.58322E-2 4.63589E-2 4.41434E-2 4.76212E-2 6.03833E-2 6.61757E-2 9.51051E-2 6.4053E-2 6.62067E-2 3.94219E-2 1.07909E-1 1.16642E-1 7.64761E-2 8.74681E-2 1.23795E-1 8.76685E-2 8.27706E-2 1.19254E-1 1.02469E-1 6.63335E-2 1.35131E-1 1.08831E-1 9.58358E-2 1.23974E-1
7.20503E-2 1.00961E-1 1.46607E-1 1.86567E-1 2.74061E-2 3.90731E-2 1.99361E-2 1.91627E-2 2.53217E-2 4.51098E-2 2.97146E-2 1.32961E-2 2.15271E-2 1.83082E-2 1.74997E-1 1.87521E-2 2.52749E-2 6.58707E-2 1.3E-2 2.16025E-2 1.17659E-2 1.0791E-2 1.20318E-2 1.6762E-2 2.74562E-2 2.2737E-2 1.63105E-2 1.90644E-2 1.1809E-2 1.94626E-2 2.72278E-2 3.45866E-2 3.19625E-2 4.15889E-2 2.43485E-2 3.93802E-2 4.45514E-2 3.18275E-2 3.59124E-2 4.51877E-2 6.80551E-2 6.97074E-2 4.65152E-2 7.03883E-2 5.60142E-2 8.22499E-2 9.61386E-2 7.0975E-2 7.50303E-2 5.24458E-2 4.91009E-2 8.6086E-2 9.84935E-2 9.68426E-2 7.18411E-2 1.22847E-1 1.10216E-1 1.48549E-1 9.89576E-2 9.64114E-2 9.7731E-2
6.69705E-2 6.92906E-2 4.77289E-2 1.74703E-2 9.3771E-3 3.31513E-2 2.22642E-2 8.56798E-2 1.16041E-2 2.164E-2 3.20251E-2 3.59662E-2 5.18706E-2 2.76251E-2 5.70908E-2 1.82875E-2 2.12123E-2 1.16808E-1 2.16367E-2 2.1817E-2 1.28693E-2 1.54577E-2 1.32288E-2 2.49278E-2 1.72143E-2 1.72327E-2 9.64508E-3 1.93872E-2 1.23786E-2 3.39547E-2 1.67061E-2 2.82583E-2 3.07762E-2 4.75243E-2 3.41909E-2 3.29214E-2 4.15659E-2 3.34738E-2 3.30924E-2 8.50711E-2 3.92386E-2 5.74162E-2 5.04251E-2 9.0813E-2 7.63529E-2 7.60794E-2 5.71333E-2 7.14773E-2 8.03071E-2 5.83659E-2 8.0401E-2 8.62653E-2 9.35649E-2 5.21498E-2 6.19738E-2 1.00653E-1 7.46305E-2 1.3219E-1 1.03783E-1 1.14181E-1 9.66102E-2
1.06645E-1 1.00201E-1 3.24898E-2 2.20959E-2 2.21092E-2 7.62786E-3 3.71176E-2 1.86195E-2 3.91521E-2 2.04347E-2 2.09996E-2 4.24992E-2 5.7511E-2 5.01709E-2 6.05756E-3 1.39532E-2 1.85217E-2 1.40892E-1 2.85495E-2 3.4035E-2 1.57188E-2 1.1402E-2 1.71253E-2 3.73532E-2 2.16285E-2 1.59921E-2 8.61609E-3 1.40201E-2 1.70087E-2 1.7749E-2 1.63159E-2 2.42004E-2 1.91557E-2 3.32714E-2 3.74387E-2 6.24795E-2 7.12427E-2 3.91445E-2 5.76387E-2 4.47132E-2 7.5508E-2 7.25415E-2 5.48325E-2 7.88688E-2 6.64383E-2 6.17937E-2 6.97097E-2 2.35187E-2 9.82394E-2 1.05133E-1 9.5143E-2 6.6951E-2 6.11791E-2 7.18922E-2 7.59485E-2 6.51369E-2 5.12949E-2 9.61303E-2 1.18829E-1 1.24828E-1 9.6617E-2
1.06996E-1 9.16887E-2 7.34304E-2 1.01758E-1 5.90566E-2 5.68666E-2 6.18931E-2 5.70735E-2 3.46988E-2 6.93092E-3 4.09512E-2 4.52576E-2 5.98922E-2 3.154E-2 2.16495E-2 1.52254E-2 3.14199E-2 9.54249E-2 4.13036E-2 1.34303E-2 1.2682E-2 -9999 3.30209E-2 1.87319E-2 1.68429E-2 1.02397E-2 1.28861E-2 1.89534E-2 2.20183E-2 9.49144E-3 2.4841E-2 2.40396E-2 2.22182E-2 1.95267E-2 3.27104E-2 4.34236E-2 4.69362E-2 4.20609E-2 6.79758E-2 4.42685E-2 6.56975E-2 5.42826E-2 6.09905E-2 6.59709E-2 6.74931E-2 7.79321E-2 7.73024E-2 4.75525E-2 6.44982E-2 8.23821E-2 8.18625E-2 8.43614E-2 8.60914E-2 6.4978E-2 8.34798E-2 2.31979E-2 3.35446E-2 4.30646E-2 1.15986E-1 1.09412E-1 1.03634E-1
7.51999E-2 7.34751E-2 5.91445E-2 5.15951E-2 5.19011E-2 6.81614E-2 3.02762E-2 4.20943E-2 1.80247E-2 1.42432E-2 2.15056E-2 2.97181E-2 3.37317E-2 1.97496E-2 1.40191E-2 7.15304E-3 2.35806E-2 2.7473E-2 4.70996E-2 1.24214E-2 1.48985E-2 1.81933E-2 1.05632E-2 2.2133E-2 1.8463E-2 1.59969E-2 1.02663E-2 1.12627E-2 1.77234E-2 1.26884E-2 1.69295E-2 2.02309E-2 1.70393E-2 2.35753E-2 3.31847E-2 3.98958E-2 3.59891E-2 3.13086E-2 4.52585E-2 6.85304E-2 6.73296E-2 6.20003E-2 5.50134E-2 5.45924E-2 6.94837E-2 6.96441E-2 8.61657E-2 6.44234E-2 6.66394E-2 1.20185E-1 5.27704E-2 8.40068E-2 6.14861E-2 6.17302E-2 6.27209E-2 3.82363E-2 6.63478E-2 1.9865E-2 1.33569E-1 7.88395E-2 9.56478E-2
5.46312E-2 8.05663E-2 1.04373E-1 1.29421E-1 8.33289E-2 4.5178E-2 5.93539E-2 2.94195E-2 2.03223E-2 1.33437E-2 1.35207E-2 3.52763E-2 3.77257E-2 3.47481E-2 1.77391E-2 6.88863E-3 1.61132E-2 4.73597E-2 3.82275E-2 1.1033E-2 1.65012E-2 1.6716E-2 1.32564E-2 1.28762E-2 1.42265E-2 1.19746E-2 2.07572E-2 2.02793E-2 1.88496E-2 1.82936E-2 1.15235E-2 1.35834E-2 2.17022E-2 3.41229E-2 5.87084E-2 3.88081E-2 5.34664E-2 4.71491E-2 7.0283E-2 4.82427E-2 6.47598E-2 6.0328E-2 6.76275E-2 6.20425E-2 5.93828E-2 6.82927E-2 6.07388E-2 3.4644E-2 3.87603E-2 7.07583E-2 5.67979E-2 7.42708E-2 5.58652E-2 9.30171E-2 8.51204E-2 5.45535E-2 5.46104E-2 5.96437E-2 1.1995E-1 6.91424E-2 4.7465E-2
4.96039E-2 4.53789E-2 7.81447E-2 1.00945E-1 8.96748E-2 8.06698E-2 5.18224E-2 3.83506E-2 8.07584E-3 2.56214E-2 1.22686E-2 4.3593E-2 4.63909E-2 2.10689E-2 1.21867E-2 6.76223E-3 1.17884E-2 1.0933E-1 3.24089E-2 2.70611E-2 1.81509E-2 1.89774E-2 2.29164E-2 1.30727E-2 2.34595E-2 1.77615E-2 1.87455E-2 1.64312E-2 2.33712E-2 2.10765E-2 1.73658E-2 1.33405E-2 1.9802E-2 3.15475E-2 4.27326E-2 4.29966E-2 3.93896E-2 5.6143E-2 4.94326E-2 4.24604E-2 6.08842E-2 6.41702E-2 6.24849E-2 5.96137E-2 9.06939E-2 6.51377E-2 5.36026E-2 4.52513E-2 2.75582E-2 5.22365E-2 5.40965E-2 4.92934E-2 5.65326E-2 1.21347E-1 9.87877E-2 5.3784E-2 5.05404E-2 5.58121E-2 8.15397E-2 6.41311E-2 7.59602E-2
4.13418E-2 5.35217E-2 1.05145E-1 1.22683E-1 9.92722E-2 8.06998E-2 4.86548E-2 2.92155E-2 1.09022E-1 5.96296E-2 2.77153E-2 4.52816E-2 6.08228E-2 1.49518E-2 1.14373E-2 2.39707E-2 6.13362E-3 6.48321E-2 1.4264E-1 4.3122E-2 3.73745E-2 -9999 2.07597E-2 1.80625E-2 1.76135E-2 2.11741E-2 2.59808E-2 3.32654E-2 3.03232E-2 3.24083E-2 3.06633E-2 1.76506E-2 1.81236E-2 3.2984E-2 3.88151E-2 3.86834E-2 2.31085E-2 4.02107E-2 5.13482E-2 7.46799E-2 6.77642E-2 6.73258E-2 6.76803E-2 6.66511E-2 7.97914E-2 6.80729E-2 6.70332E-2 3.99178E-2 4.7277E-2 5.37168E-2 4.3955E-2 5.08804E-2 7.18822E-2 2.81199E-2 8.71989E-2 8.02807E-2 6.15253E-2 5.63294E-2 6.41653E-2 5.30801E-2 6.52217E-2
