Final_Models_July82022/M_0.1_F_lqp_Set_1/Bison_3.asc
ncols         290
nrows         380
xllcorner     -2197417.7431653
yllcorner     -584827.01486885
cellsize      10000.0
NODATA_value  -9999
[rows 243 to 269 of 380, columns 122 to 182 of 290]
7.60422E-1 6.68306E-1 6.27472E-1 6.27878E-1 6.01528E-1 5.92029E-1 5.98147E-1 6.44872E-1 6.33512E-1 5.91261E-1 5.943E-1 6.0263E-1 6.49044E-1 6.96231E-1 6.56879E-1 6.84949E-1 6.34387E-1 6.14056E-1 6.60204E-1 6.46475E-1 6.15057E-1 6.02745E-1 6.03087E-1 6.24842E-1 6.21217E-1 6.06108E-1 6.27316E-1 6.36757E-1 6.24521E-1 6.09389E-1 5.97555E-1 5.75712E-1 5.93266E-1 5.88554E-1 5.7895E-1 5.84454E-1 5.70623E-1 5.43749E-1 5.85112E-1 5.39953E-1 5.54116E-1 5.37065E-1 5.31171E-1 5.20811E-1 5.08919E-1 5.25099E-1 5.49794E-1 5.1606E-1 4.91021E-1 5.5326E-1 6.23148E-1 6.81251E-1 6.76616E-1 5.2571E-1 4.9299E-1 4.81453E-1 4.62832E-1 4.8359E-1 4.40899E-1 4.14363E-1 5.04963E-1
7.4534E-1 6.7601E-1 6.23601E-1 6.36763E-1 6.17476E-1 6.13478E-1 5.90061E-1 5.96566E-1 6.10376E-1 6.36769E-1 6.38003E-1 5.76285E-1 6.9732E-1 6.43281E-1 6.04395E-1 6.84461E-1 6.10996E-1 6.00731E-1 6.26649E-1 6.39984E-1 6.56053E-1 6.3128E-1 6.24606E-1 6.26019E-1 6.28658E-1 6.2541E-1 6.10807E-1 6.24125E-1 6.41642E-1 6.1163E-1 5.94985E-1 6.13274E-1 6.53481E-1 5.75949E-1 5.89611E-1 6.50447E-1 7.44879E-1 5.78364E-1 5.95039E-1 5.41924E-1 5.43547E-1 5.586E-1 5.36938E-1 5.04578E-1 4.79597E-1 5.70527E-1 7.16985E-1 6.99163E-1 5.5001E-1 6.38035E-1 6.19654E-1 7.29252E-1 6.42511E-1 5.87291E-1 4.55494E-1 4.88327E-1 4.57764E-1 5.30122E-1 4.41861E-1 4.17578E-1 4.60995E-1
7.39866E-1 6.83479E-1 6.26267E-1 6.26704E-1 5.94469E-1 5.86798E-1 6.07276E-1 6.32667E-1 6.34211E-1 6.6551E-1 6.59076E-1 6.43994E-1 6.0779E-1 6.18686E-1 6.12482E-1 6.10849E-1 6.21861E-1 6.64492E-1 6.52457E-1 6.36391E-1 6.77431E-1 6.43117E-1 6.53838E-1 6.3609E-1 6.42115E-1 6.30698E-1 6.32686E-1 6.287E-1 6.46255E-1 6.58494E-1 5.9929E-1 6.15297E-1 6.93743E-1 5.79184E-1 5.77827E-1 6.28729E-1 6.4769E-1 6.08859E-1 6.05451E-1 5.81377E-1 5.46631E-1 5.42899E-1 5.32195E-1 5.29039E-1 5.07814E-1 5.05971E-1 5.08152E-1 5.34938E-1 5.58654E-1 7.13099E-1 6.31171E-1 6.98404E-1 5.57716E-1 4.82722E-1 4.7482E-1 4.60423E-1 4.56459E-1 4.66044E-1 4.89463E-1 5.62813E-1 4.88705E-1
7.78051E-1 6.94565E-1 6.41458E-1 6.26455E-1 6.59405E-1 6.06068E-1 6.11881E-1 6.0879E-1 6.28814E-1 6.55364E-1 6.50768E-1 6.48084E-1 6.19969E-1 6.03266E-1 6.08839E-1 6.07192E-1 6.15831E-1 6.20129E-1 6.27861E-1 6.52661E-1 6.52071E-1 6.53109E-1 6.66542E-1 6.43675E-1 6.69843E-1 6.38604E-1 6.48099E-1 6.38463E-1 6.57808E-1 6.38184E-1 6.36068E-1 6.30069E-1 6.61398E-1 5.92618E-1 6.26226E-1 5.96748E-1 6.48193E-1 6.13761E-1 6.16241E-1 5.93938E-1 5.82743E-1 5.58811E-1 5.76997E-1 5.424E-1 5.22057E-1 5.12129E-1 5.12138E-1 5.30097E-1 6.10438E-1 5.30659E-1 5.53184E-1 4.86597E-1 4.90541E-1 4.9982E-1 4.72817E-1 4.67912E-1 4.5903E-1 4.40303E-1 4.65716E-1 4.66127E-1 4.43703E-1
6.91082E-1 6.45259E-1 6.86485E-1 6.42924E-1 7.06873E-1 6.6247E-1 6.09878E-1 6.0566E-1 6.2094E-1 7.27822E-1 6.27434E-1 6.13268E-1 6.18615E-1 5.91845E-1 6.12588E-1 6.05605E-1 5.98916E-1 6.07016E-1 6.42165E-1 6.39323E-1 6.63299E-1 6.66487E-1 6.34239E-1 6.43265E-1 6.581E-1 6.53868E-1 6.53958E-1 6.49159E-1 6.58866E-1 6.37898E-1 6.16735E-1 6.40693E-1 6.24648E-1 6.19739E-1 5.97324E-1 6.08999E-1 6.12657E-1 6.15315E-1 6.83617E-1 6.76399E-1 5.97992E-1 6.36281E-1 6.1065E-1 5.62112E-1 5.70266E-1 5.54933E-1 5.41854E-1 5.43172E-1 6.08018E-1 5.74741E-1 5.31212E-1 5.0362E-1 4.79994E-1 4.76385E-1 4.883E-1 4.83073E-1 4.64742E-1 4.54383E-1 4.57803E-1 4.49818E-1 4.56316E-1
6.74633E-1 7.09374E-1 6.72263E-1 6.72841E-1 6.71368E-1 7.00318E-1 6.55419E-1 6.37572E-1 6.13024E-1 6.22988E-1 6.59015E-1 6.40981E-1 6.23931E-1 6.07498E-1 5.99056E-1 6.07878E-1 6.07742E-1 6.44286E-1 6.31593E-1 6.4397E-1 6.63113E-1 6.44134E-1 6.49838E-1 6.40509E-1 6.51849E-1 6.4354E-1 6.49316E-1 6.51671E-1 6.43117E-1 6.28161E-1 6.26053E-1 6.43252E-1 6.27876E-1 5.94056E-1 6.28146E-1 6.56577E-1 6.25404E-1 6.43456E-1 6.50995E-1 6.15382E-1 5.90539E-1 5.71355E-1 6.99804E-1 5.43841E-1 6.07457E-1 5.6346E-1 6.30416E-1 6.21831E-1 6.07521E-1 5.7726E-1 5.28016E-1 4.81594E-1 4.76816E-1 4.64742E-1 5.04769E-1 4.84196E-1 4.65169E-1 4.57484E-1 4.56964E-1 4.82292E-1 4.71282E-1
6.48946E-1 6.91077E-1 7.09457E-1 6.73999E-1 6.47484E-1 6.63635E-1 6.29008E-1 6.23183E-1 6.27104E-1 6.68642E-1 6.40206E-1 6.85265E-1 6.05556E-1 6.29031E-1 5.89979E-1 6.01544E-1 5.97721E-1 6.16702E-1 6.33368E-1 6.35602E-1 6.49218E-1 6.53179E-1 6.55266E-1 6.51575E-1 6.50969E-1 6.37963E-1 6.4166E-1 6.31222E-1 6.3472E-1 6.55523E-1 6.10739E-1 6.02596E-1 6.10809E-1 6.00542E-1 6.08601E-1 6.48086E-1 6.55675E-1 6.35374E-1 6.41141E-1 5.98579E-1 5.89448E-1 5.56166E-1 5.5043E-1 6.37811E-1 5.24847E-1 5.55218E-1 5.71395E-1 5.75176E-1 5.69208E-1 6.37603E-1 5.13774E-1 4.65077E-1 4.80951E-1 4.86871E-1 5.03982E-1 4.75838E-1 4.78734E-1 4.75465E-1 4.74605E-1 4.89818E-1 5.00005E-1
6.33891E-1 6.60256E-1 6.72333E-1 6.43968E-1 6.50017E-1 6.2949E-1 6.07195E-1 6.025E-1 6.01178E-1 6.48068E-1 6.03438E-1 6.04286E-1 6.00263E-1 5.95044E-1 5.75604E-1 6.14271E-1 6.16053E-1 6.17101E-1 6.39635E-1 6.32882E-1 6.39672E-1 6.35975E-1 6.48225E-1 6.49122E-1 6.30336E-1 6.19648E-1 6.17292E-1 6.24159E-1 6.36156E-1 5.95819E-1 6.1564E-1 5.88219E-1 6.13137E-1 5.98964E-1 6.17448E-1 6.25677E-1 6.25396E-1 6.2029E-1 5.97882E-1 5.79484E-1 5.70671E-1 5.25067E-1 5.5409E-1 5.49912E-1 5.58516E-1 5.67467E-1 5.55396E-1 5.49837E-1 5.5478E-1 6.90422E-1 6.61858E-1 4.9901E-1 4.97237E-1 4.9332E-1 4.92321E-1 5.00388E-1 4.78193E-1 4.75536E-1 4.77653E-1 4.83725E-1 6.80046E-1
6.98912E-1 7.02666E-1 6.53273E-1 6.56291E-1 6.46297E-1 6.44766E-1 5.75726E-1 6.05598E-1 6.19561E-1 5.87002E-1 6.2318E-1 6.19754E-1 6.29889E-1 6.06912E-1 6.03655E-1 6.32248E-1 6.64051E-1 6.53747E-1 6.7842E-1 6.79286E-1 6.81465E-1 6.63403E-1 6.40671E-1 6.48306E-1 6.33705E-1 6.20868E-1 6.213E-1 6.468E-1 6.88391E-1 6.63132E-1 6.1553E-1 6.20835E-1 6.18287E-1 6.41009E-1 6.593E-1 6.11701E-1 6.33301E-1 6.08648E-1 5.79504E-1 5.70806E-1 5.86628E-1 5.55077E-1 5.68121E-1 5.75671E-1 5.5955E-1 5.59957E-1 5.53711E-1 6.28031E-1 5.85382E-1 5.24738E-1 7.50792E-1 6.48652E-1 5.14499E-1 5.20158E-1 4.84353E-1 4.78E-1 4.73777E-1 4.73929E-1 4.68038E-1 5.397E-1 7.47282E-1
6.35884E-1 6.39207E-1 6.482E-1 6.42513E-1 6.3686E-1 6.09664E-1 6.89498E-1 6.03413E-1 6.02474E-1 6.01812E-1 6.20265E-1 6.45774E-1 7.0379E-1 6.30202E-1 6.33425E-1 6.17362E-1 6.38123E-1 6.59654E-1 6.68124E-1 7.01997E-1 6.70793E-1 6.71256E-1 6.47586E-1 6.30802E-1 6.31867E-1 6.46706E-1 6.56599E-1 6.52598E-1 6.17451E-1 6.58926E-1 5.83374E-1 5.72946E-1 5.79851E-1 5.96565E-1 5.89248E-1 6.2508E-1 6.52885E-1 6.83338E-1 6.40725E-1 5.71525E-1 5.63573E-1 5.71491E-1 5.94954E-1 6.26193E-1 6.02308E-1 5.69278E-1 6.05668E-1 6.29135E-1 6.00019E-1 7.37972E-1 7.31612E-1 7.54605E-1 7.90006E-1 6.97598E-1 4.99964E-1 5.0023E-1 5.04162E-1 4.78426E-1 4.64512E-1 4.83215E-1 7.3552E-1
6.3099E-1 6.28186E-1 6.42803E-1 6.45862E-1 6.18865E-1 5.99814E-1 7.38854E-1 6.10202E-1 5.88435E-1 5.9504E-1 6.09732E-1 5.97163E-1 6.31971E-1 6.53522E-1 6.37763E-1 7.30164E-1 6.5778E-1 6.61477E-1 6.58014E-1 6.59682E-1 6.62226E-1 6.56394E-1 6.46316E-1 6.5773E-1 6.10049E-1 6.31533E-1 6.77967E-1 6.30224E-1 6.08675E-1 6.25284E-1 5.91104E-1 5.82185E-1 5.85467E-1 5.90589E-1 5.96446E-1 6.03588E-1 5.71507E-1 5.73269E-1 7.52732E-1 5.87665E-1 5.73718E-1 5.84922E-1 6.16281E-1 5.88767E-1 5.78015E-1 5.80013E-1 5.84433E-1 5.65131E-1 6.14744E-1 6.99706E-1 5.29544E-1 5.5625E-1 7.64476E-1 6.79993E-1 5.70997E-1 4.96655E-1 5.02819E-1 4.56716E-1 4.65548E-1 4.86828E-1 6.52299E-1
6.09636E-1 6.12689E-1 6.30447E-1 6.20985E-1 6.23655E-1 6.32212E-1 6.50229E-1 6.12361E-1 5.86348E-1 6.61114E-1 5.87017E-1 5.94103E-1 7.21665E-1 7.87953E-1 6.20185E-1 6.97074E-1 6.31485E-1 7.78983E-1 6.64604E-1 6.35301E-1 6.55114E-1 6.48693E-1 6.1822E-1 6.50015E-1 6.28049E-1 6.29819E-1 6.69232E-1 6.2528E-1 5.98071E-1 5.9967E-1 5.83455E-1 5.82954E-1 5.81489E-1 5.97068E-1 6.00218E-1 6.11565E-1 5.9284E-1 5.65162E-1 7.05677E-1 5.82499E-1 5.94678E-1 5.9107E-1 6.11725E-1 5.88028E-1 5.8744E-1 5.8431E-1 5.75595E-1 5.83166E-1 7.48384E-1 5.44151E-1 5.2967E-1 5.15977E-1 5.19806E-1 5.09909E-1 5.14694E-1 4.88363E-1 4.92015E-1 4.92371E-1 4.7486E-1 4.68318E-1 4.8519E-1
6.10661E-1 6.04846E-1 6.29552E-1 6.34848E-1 5.87516E-1 6.04556E-1 6.45932E-1 6.10634E-1 5.8822E-1 5.96742E-1 6.00836E-1 6.02687E-1 6.84136E-1 7.81654E-1 5.91113E-1 6.52596E-1 6.39197E-1 6.69038E-1 6.17506E-1 6.28548E-1 6.30746E-1 6.58511E-1 6.4558E-1 6.11594E-1 6.50847E-1 6.29271E-1 6.3301E-1 6.13362E-1 6.06494E-1 5.86652E-1 5.88889E-1 5.92132E-1 5.81994E-1 5.88174E-1 6.01461E-1 5.95876E-1 5.76288E-1 5.71005E-1 6.09824E-1 6.38937E-1 6.59259E-1 6.73705E-1 6.92561E-1 5.93976E-1 6.01574E-1 7.55379E-1 7.64755E-1 7.52566E-1 7.34312E-1 5.763E-1 5.35697E-1 5.4039E-1 5.04766E-1 5.16186E-1 5.14795E-1 4.87383E-1 4.73751E-1 4.87399E-1 4.78633E-1 4.74586E-1 4.66986E-1
5.96376E-1 6.00936E-1 6.39427E-1 5.78762E-1 5.67686E-1 5.88953E-1 7.06832E-1 6.65047E-1 5.77203E-1 6.09266E-1 6.10813E-1 6.21873E-1 5.90404E-1 6.18979E-1 5.88245E-1 6.3946E-1 6.6964E-1 6.33774E-1 6.20842E-1 6.17199E-1 6.25879E-1 6.22466E-1 6.26183E-1 6.46475E-1 6.25484E-1 6.216E-1 5.99907E-1 6.07823E-1 5.8914E-1 5.91251E-1 5.85227E-1 6.2658E-1 5.83497E-1 5.8292E-1 5.84381E-1 5.76028E-1 5.81605E-1 6.12596E-1 5.83458E-1 6.08169E-1 5.89957E-1 6.32353E-1 6.1485E-1 7.15833E-1 7.44609E-1 6.6168E-1 6.02493E-1 5.90169E-1 5.67764E-1 5.6143E-1 5.79471E-1 5.46919E-1 5.04907E-1 5.02487E-1 5.0212E-1 5.01262E-1 4.85741E-1 5.33609E-1 5.46906E-1 4.75863E-1 4.75534E-1
6.12467E-1 6.03539E-1 5.89848E-1 5.71757E-1 5.87973E-1 5.96842E-1 5.85076E-1 5.73128E-1 5.85309E-1 6.0529E-1 6.53242E-1 5.90889E-1 6.14966E-1 5.96044E-1 5.97006E-1 6.29937E-1 6.1498E-1 6.08764E-1 5.81982E-1 5.8142E-1 5.92871E-1 6.01162E-1 6.20805E-1 6.20685E-1 6.20024E-1 6.43195E-1 6.31856E-1 6.19701E-1 6.07534E-1 6.03597E-1 5.7782E-1 5.81642E-1 5.92182E-1 5.96153E-1 5.76492E-1 5.84679E-1 6.03013E-1 6.19361E-1 5.96768E-1 6.14474E-1 6.10426E-1 5.89374E-1 5.92554E-1 5.97553E-1 5.9519E-1 5.94924E-1 5.94743E-1 5.94317E-1 5.68656E-1 5.48676E-1 5.16609E-1 5.1148E-1 5.14552E-1 5.06842E-1 5.17481E-1 4.91545E-1 4.95092E-1 4.83846E-1 6.17151E-1 5.1842E-1 4.74557E-1
5.86635E-1 6.05524E-1 6.12083E-1 6.01691E-1 6.68518E-1 5.99304E-1 5.7078E-1 5.68593E-1 5.8082E-1 5.87447E-1 5.9959E-1 6.07964E-1 6.47686E-1 5.96188E-1 6.10608E-1 5.92361E-1 5.85513E-1 5.92579E-1 5.81836E-1 5.95913E-1 6.02375E-1 6.0399E-1 5.70628E-1 6.20244E-1 6.08755E-1 6.03767E-1 6.20239E-1 6.35184E-1 6.10049E-1 6.18555E-1 5.83094E-1 6.49735E-1 5.82878E-1 5.76742E-1 5.77682E-1 6.28008E-1 5.90937E-1 5.87777E-1 5.89261E-1 6.70821E-1 5.94651E-1 6.25558E-1 5.87334E-1 5.76974E-1 5.80451E-1 5.95954E-1 6.42309E-1 5.70799E-1 5.85339E-1 5.39489E-1 5.31228E-1 5.414E-1 5.30307E-1 5.01532E-1 5.79025E-1 6.24317E-1 4.94992E-1 4.74155E-1 4.81964E-1 5.98935E-1 5.31185E-1
5.69278E-1 5.93778E-1 6.02148E-1 6.17997E-1 6.92358E-1 6.39171E-1 5.83224E-1 5.75449E-1 5.6748E-1 5.88989E-1 6.09923E-1 5.88276E-1 6.01538E-1 6.46553E-1 6.04458E-1 5.85795E-1 5.87155E-1 6.07286E-1 6.13305E-1 6.17169E-1 6.08036E-1 6.10565E-1 6.04351E-1 6.28724E-1 6.3539E-1 6.85594E-1 6.7551E-1 6.25704E-1 6.22977E-1 5.91948E-1 6.08334E-1 7.03865E-1 5.76304E-1 5.8662E-1 5.7831E-1 5.87375E-1 5.95243E-1 6.5231E-1 6.07634E-1 6.07955E-1 6.12139E-1 5.88545E-1 5.98287E-1 5.82779E-1 5.66455E-1 5.76361E-1 6.34511E-1 7.61916E-1 5.67794E-1 6.24971E-1 7.66551E-1 5.59275E-1 5.4928E-1 5.23221E-1 4.91501E-1 4.81344E-1 4.74116E-1 4.91304E-1 5.09113E-1 5.06123E-1 5.06154E-1
6.21805E-1 5.83799E-1 5.87303E-1 5.8451E-1 5.90852E-1 5.87385E-1 5.61751E-1 5.80265E-1 5.58292E-1 5.86121E-1 5.80447E-1 5.67311E-1 5.65789E-1 5.72542E-1 6.0965E-1 5.99005E-1 6.14712E-1 5.91787E-1 7.06767E-1 6.06702E-1 6.44867E-1 7.67996E-1 6.0953E-1 6.04763E-1 6.06178E-1 7.6308E-1 7.39518E-1 7.20572E-1 6.40083E-1 5.95821E-1 5.59599E-1 5.62818E-1 5.81765E-1 5.91811E-1 5.83053E-1 5.79758E-1 6.02499E-1 6.21374E-1 5.92748E-1 6.16683E-1 6.21275E-1 6.24559E-1 7.12544E-1 5.91817E-1 5.81005E-1 6.51046E-1 6.05479E-1 5.74611E-1 5.61015E-1 5.44548E-1 6.62822E-1 5.40567E-1 5.43184E-1 5.36801E-1 5.46039E-1 5.25082E-1 4.89946E-1 4.98224E-1 6.85802E-1 4.85976E-1 5.2713E-1
5.66134E-1 6.06686E-1 5.73132E-1 5.82587E-1 5.74924E-1 6.72207E-1 5.75521E-1 5.90366E-1 5.66764E-1 5.65694E-1 6.41482E-1 5.94417E-1 5.74142E-1 5.9002E-1 6.02138E-1 5.94939E-1 5.8774E-1 5.92268E-1 6.03691E-1 5.90754E-1 5.89637E-1 6.12179E-1 6.17114E-1 6.04768E-1 6.01373E-1 6.36754E-1 5.76208E-1 5.77985E-1 5.69478E-1 5.47618E-1 5.37952E-1 5.48949E-1 6.65173E-1 6.32834E-1 6.09072E-1 6.03408E-1 5.86874E-1 6.00316E-1 6.03572E-1 6.1251E-1 6.1333E-1 6.10003E-1 6.11941E-1 6.07541E-1 5.97911E-1 5.8871E-1 5.66772E-1 5.77687E-1 5.76785E-1 5.6568E-1 5.44265E-1 6.88013E-1 5.50709E-1 5.33778E-1 5.5289E-1 5.57718E-1 5.40527E-1 5.15094E-1 5.10449E-1 4.95039E-1 5.20141E-1
5.85437E-1 5.66432E-1 5.51472E-1 5.97755E-1 5.90922E-1 7.26939E-1 5.79942E-1 5.7817E-1 6.17027E-1 5.96989E-1 5.88932E-1 5.93836E-1 5.85314E-1 6.03061E-1 6.66576E-1 5.83195E-1 5.80888E-1 5.87992E-1 6.0731E-1 6.4507E-1 6.03401E-1 5.98567E-1 6.08531E-1 6.2145E-1 5.98948E-1 5.9096E-1 5.64445E-1 5.626E-1 5.36608E-1 5.5545E-1 5.88583E-1 5.50251E-1 5.51345E-1 5.92551E-1 5.8641E-1 5.85799E-1 5.91474E-1 6.12486E-1 6.24036E-1 6.52803E-1 6.33962E-1 6.11747E-1 6.15741E-1 6.16819E-1 6.017E-1 5.74733E-1 5.7016E-1 5.56292E-1 5.56456E-1 5.62122E-1 5.5933E-1 5.47382E-1 5.46061E-1 7.25454E-1 7.58075E-1 7.19534E-1 5.53404E-1 5.24061E-1 4.98792E-1 4.74219E-1 5.05861E-1
5.6244E-1 5.53193E-1 5.78089E-1 5.86843E-1 5.90134E-1 5.69466E-1 5.70391E-1 5.76231E-1 5.96429E-1 6.50629E-1 6.24207E-1 5.81306E-1 5.84605E-1 5.68042E-1 5.92484E-1 6.14885E-1 5.77056E-1 5.70242E-1 6.40292E-1 6.25387E-1 5.8975E-1 6.10461E-1 6.08569E-1 6.168E-1 6.06752E-1 5.96974E-1 5.71559E-1 5.6232E-1 5.45024E-1 5.40857E-1 5.3354E-1 5.41719E-1 5.58819E-1 5.68809E-1 6.24214E-1 6.77509E-1 6.12544E-1 6.08385E-1 6.0226E-1 6.69389E-1 6.24855E-1 6.09463E-1 6.13875E-1 6.09815E-1 5.81777E-1 5.94953E-1 6.22716E-1 5.78024E-1 5.56813E-1 5.54656E-1 5.39574E-1 5.5956E-1 5.44307E-1 6.90816E-1 6.36077E-1 4.68146E-1 5.95441E-1 5.32843E-1 5.11074E-1 4.65744E-1 4.51606E-1
5.29035E-1 5.69666E-1 5.62757E-1 5.63773E-1 5.68871E-1 5.697E-1 5.98725E-1 6.36377E-1 5.77415E-1 5.95852E-1 6.02564E-1 5.93316E-1 6.04519E-1 5.87716E-1 5.85265E-1 6.17314E-1 5.72994E-1 5.80255E-1 6.12394E-1 6.02193E-1 6.35869E-1 6.3374E-1 6.17087E-1 6.30653E-1 6.70624E-1 5.85386E-1 5.93014E-1 5.83286E-1 5.77808E-1 5.87189E-1 7.10918E-1 7.35618E-1 7.46659E-1 6.95409E-1 6.54265E-1 6.79715E-1 6.0127E-1 6.13996E-1 6.04889E-1 6.15143E-1 6.24111E-1 6.31802E-1 6.2696E-1 6.26148E-1 5.82488E-1 5.95402E-1 5.77544E-1 5.60146E-1 5.57397E-1 5.52261E-1 5.46231E-1 5.48017E-1 5.59943E-1 5.91273E-1 6.66342E-1 7.36982E-1 6.42861E-1 5.09779E-1 5.71278E-1 4.54937E-1 4.48926E-1
5.17501E-1 5.71957E-1 7.11426E-1 5.74763E-1 5.9122E-1 5.89218E-1 6.79505E-1 5.97118E-1 6.09737E-1 5.87497E-1 5.91716E-1 5.95885E-1 5.81585E-1 5.92103E-1 5.98488E-1 6.01648E-1 6.25672E-1 6.10078E-1 5.88007E-1 5.98423E-1 5.95475E-1 6.08346E-1 7.68026E-1 7.79981E-1 7.99952E-1 7.30867E-1 7.9958E-1 6.35193E-1 7.78828E-1 7.64018E-1 7.635E-1 7.19745E-1 6.54548E-1 5.93665E-1 5.92558E-1 6.2287E-1 5.87709E-1 6.03485E-1 6.22932E-1 6.10654E-1 6.29726E-1 6.24282E-1 6.24395E-1 6.01733E-1 5.72347E-1 5.80258E-1 5.67962E-1 5.82351E-1 5.78714E-1 5.51797E-1 5.43761E-1 5.41276E-1 5.57828E-1 6.17283E-1 5.96994E-1 5.32086E-1 5.66318E-1 5.11044E-1 5.14225E-1 5.13746E-1 4.87589E-1
4.98049E-1 5.73884E-1 5.67443E-1 5.84963E-1 5.96321E-1 6.19098E-1 6.02588E-1 6.40484E-1 6.19514E-1 6.46869E-1 6.02955E-1 6.16112E-1 6.29407E-1 5.852E-1 5.57872E-1 5.71302E-1 6.11472E-1 5.95856E-1 5.8126E-1 5.91908E-1 6.10371E-1 6.01507E-1 6.31567E-1 6.52644E-1 6.33939E-1 7.64438E-1 7.92936E-1 6.62977E-1 7.15547E-1 7.18898E-1 6.23303E-1 6.04069E-1 5.85647E-1 6.59705E-1 6.77433E-1 6.1987E-1 6.04685E-1 6.09362E-1 6.04814E-1 6.09052E-1 6.21208E-1 6.31243E-1 6.9938E-1 6.31414E-1 5.89034E-1 5.98325E-1 5.83632E-1 6.11959E-1 5.90047E-1 5.58634E-1 6.28933E-1 5.39609E-1 5.60051E-1 5.34762E-1 5.42694E-1 5.59903E-1 6.19083E-1 4.96631E-1 5.29474E-1 5.51586E-1 5.23393E-1
5.11628E-1 5.26232E-1 5.54534E-1 6.32405E-1 6.3985E-1 6.18414E-1 6.60317E-1 6.72296E-1 6.32657E-1 6.26076E-1 6.4773E-1 6.1306E-1 5.91304E-1 5.92937E-1 5.87525E-1 5.91119E-1 5.87187E-1 6.92817E-1 7.9054E-1 5.9591E-1 5.8536E-1 6.04792E-1 6.28057E-1 6.09671E-1 6.21813E-1 6.37029E-1 6.25547E-1 6.35049E-1 6.81033E-1 7.32875E-1 6.23414E-1 6.28761E-1 6.89905E-1 6.75786E-1 6.34549E-1 6.18708E-1 6.01418E-1 6.02779E-1 5.95757E-1 6.17075E-1 6.32819E-1 6.34882E-1 6.5862E-1 6.11631E-1 5.93801E-1 5.82368E-1 5.81431E-1 5.68224E-1 5.7565E-1 5.42629E-1 6.07679E-1 5.85797E-1 5.48612E-1 5.66801E-1 5.68976E-1 5.59016E-1 6.18355E-1 5.29008E-1 6.04087E-1 6.1021E-1 5.68186E-1
5.65594E-1 5.60764E-1 5.71708E-1 6.45281E-1 6.47621E-1 6.59152E-1 6.44128E-1 6.38979E-1 6.40338E-1 6.43647E-1 6.52403E-1 6.53672E-1 6.02125E-1 6.28449E-1 6.26859E-1 5.9974E-1 5.89053E-1 6.51343E-1 7.81271E-1 5.8664E-1 5.79991E-1 6.4266E-1 6.1759E-1 6.1197E-1 6.19357E-1 6.59097E-1 6.17777E-1 6.43301E-1 6.48324E-1 6.82633E-1 6.32439E-1 6.23788E-1 6.34784E-1 6.36126E-1 5.93764E-1 6.11624E-1 6.25581E-1 6.27411E-1 6.18642E-1 6.29684E-1 6.3042E-1 6.49069E-1 6.47562E-1 6.25234E-1 6.10792E-1 6.55503E-1 5.96347E-1 5.81003E-1 5.79681E-1 5.29975E-1 5.35857E-1 5.69552E-1 5.76969E-1 5.4365E-1 5.97066E-1 6.68535E-1 5.8074E-1 5.73549E-1 5.92816E-1 5.75478E-1 5.30178E-1
6.57869E-1 5.83916E-1 6.16612E-1 6.67075E-1 6.95232E-1 6.98429E-1 6.54349E-1 6.5565E-1 6.79764E-1 6.4832E-1 6.27244E-1 6.15121E-1 5.97684E-1 6.12507E-1 5.98237E-1 5.73583E-1 5.92401E-1 6.82635E-1 5.92125E-1 5.69245E-1 5.83058E-1 5.92899E-1 5.88952E-1 6.21289E-1 5.72857E-1 5.99744E-1 6.93529E-1 7.14998E-1 6.95803E-1 7.05947E-1 6.93197E-1 6.21916E-1 6.14972E-1 6.19274E-1 5.95652E-1 6.02086E-1 6.14006E-1 6.49558E-1 6.15647E-1 6.18674E-1 6.42288E-1 6.32344E-1 6.14142E-1 6.09077E-1 6.11057E-1 6.53059E-1 6.04531E-1 5.86927E-1 5.49887E-1 5.50101E-1 5.58192E-1 5.89644E-1 5.91916E-1 5.96085E-1 6.46308E-1 5.93875E-1 5.85732E-1 5.95717E-1 5.72201E-1 5.49803E-1 5.25038E-1
