Final_Models_July82022/M_0.1_F_lqp_Set_1/Bison_min.asc
ncols         290
nrows         380
xllcorner     -2197417.7431653
yllcorner     -584827.01486885
cellsize      10000.0
NODATA_value  -9999
[rows 81 to 107 of 380, columns 61 to 121 of 290]
1.38571E-2 5.07596E-3 1.07864E-2 3.33287E-3 7.46457E-3 9.25055E-3 3.20614E-3 1.56257E-3 4.99003E-3 3.02771E-3 9.98151E-4 3.69958E-3 1.94572E-3 4.0067E-3 4.09023E-3 1.7927E-2 1.53773E-2 1.03248E-2 5.44492E-3 7.26932E-3 3.34798E-3 9.0382E-3 1.0142E-2 5.15724E-3 2.38188E-3 4.56759E-3 4.3359E-3 1.1905E-2 4.81951E-3 5.14112E-3 1.07821E-2 1.42993E-2 2.76469E-2 6.04141E-2 4.39571E-2 2.62925E-2 3.29275E-2 4.0153E-2 3.95492E-2 4.31897E-2 6.94145E-2 6.45293E-2 5.13978E-2 5.95466E-2 6.05767E-2 7.26719E-2 6.30563E-2 8.41023E-2 1.0285E-1 4.27747E-2 2.53408E-2 2.73885E-2 3.04547E-2 3.38088E-2 3.47127E-2 3.45844E-2 3.46338E-2 3.36272E-2 5.79657E-2 1.19165E-1 1.43059E-1
1.55531E-2 1.37345E-2 4.96668E-3 2.00477E-2 1.63503E-2 1.23798E-3 4.3544E-3 2.22988E-3 2.11111E-3 1.67488E-3 5.78214E-3 4.42595E-3 3.75661E-3 3.93409E-3 4.50146E-3 1.58964E-2 1.56544E-2 2.38665E-2 3.28301E-3 7.58069E-3 2.16814E-2 2.07436E-2 7.00081E-3 9.01761E-3 3.8143E-3 7.18363E-3 2.59543E-3 5.40161E-3 7.76965E-3 2.11776E-3 5.70681E-3 1.73194E-2 2.06732E-2 4.9852E-2 3.81129E-2 2.06334E-2 2.38964E-2 3.76692E-2 4.08264E-2 4.34549E-2 7.46178E-2 7.18905E-2 5.03012E-2 6.14786E-2 5.22336E-2 6.70261E-2 6.94124E-2 8.74443E-2 4.32695E-2 9.07604E-2 7.57857E-2 3.51698E-2 3.3707E-2 3.60475E-2 3.69807E-2 3.48796E-2 3.30995E-2 3.2519E-2 9.88103E-2 2.03961E-1 1.14802E-1
3.10483E-2 2.01109E-2 4.51551E-2 1.0023E-2 1.96819E-2 4.69259E-3 2.30941E-3 1.93172E-3 6.58584E-4 2.22921E-3 4.07332E-3 7.13749E-3 2.85883E-3 3.75628E-3 7.47074E-3 5.41423E-3 5.30981E-3 1.70056E-2 6.91133E-3 8.00156E-3 9.54071E-3 2.17061E-2 1.35575E-2 2.61767E-2 2.86901E-2 1.53283E-2 2.50222E-2 7.20138E-3 9.39407E-3 6.47382E-3 5.15397E-3 1.12595E-2 1.5923E-2 2.19067E-2 2.36391E-2 2.10436E-2 1.86193E-2 2.41688E-2 3.52089E-2 4.77446E-2 4.75167E-2 5.06861E-2 6.026E-2 6.2873E-2 7.6068E-2 6.95581E-2 7.45456E-2 8.16367E-2 7.91307E-2 2.54493E-2 9.30739E-2 1.53718E-1 6.35378E-2 3.6332E-2 3.40626E-2 3.30893E-2 3.16034E-2 5.9804E-2 1.23265E-1 1.13574E-1 1.36617E-1
6.12945E-2 9.78815E-3 2.77814E-2 3.11343E-2 1.89517E-2 8.71495E-3 1.03441E-2 1.83346E-3 9.17155E-4 7.22985E-3 1.16686E-2 8.31201E-3 1.281E-2 5.37127E-3 1.12368E-2 5.48876E-3 1.69116E-2 5.97606E-3 4.28928E-3 1.20911E-2 3.74231E-3 6.87254E-3 1.62643E-2 1.37374E-2 3.38417E-3 6.24934E-4 1.83236E-2 2.06028E-2 2.79796E-2 1.01129E-2 6.48E-3 1.19773E-2 1.2262E-2 2.81142E-2 1.68296E-2 2.05412E-2 1.90012E-2 2.20564E-2 3.48294E-2 4.96177E-2 4.65357E-2 4.27191E-2 4.41046E-2 4.71885E-2 4.29543E-2 6.16279E-2 7.6399E-2 6.33208E-2 8.75704E-2 6.63017E-2 1.1237E-1 1.01608E-1 1.11837E-1 1.07732E-1 4.44694E-2 3.97335E-2 5.30858E-2 9.98625E-2 1.25374E-1 1.03775E-1 1.0945E-1
7.97384E-2 2.62193E-2 5.2813E-3 5.49327E-3 1.53435E-2 1.76281E-2 8.02011E-3 7.19824E-3 1.30096E-2 1.04186E-2 1.45794E-2 4.14957E-3 9.78887E-3 6.87898E-3 1.0043E-2 7.73423E-3 3.6887E-3 4.33445E-3 2.24593E-3 1.24547E-2 5.71976E-3 4.76254E-3 8.11402E-3 1.54718E-2 9.96869E-3 4.77308E-3 1.17348E-2 1.91231E-2 1.24264E-2 3.02373E-2 1.353E-2 2.96449E-2 6.24701E-2 2.51715E-2 3.04968E-2 3.176E-2 3.08156E-2 4.01485E-2 5.14817E-2 4.13673E-2 4.28945E-2 2.74387E-2 4.76333E-2 2.99969E-2 2.18956E-2 6.41001E-2 7.88916E-2 5.85985E-2 6.02339E-2 7.33558E-2 1.02945E-1 9.3945E-2 9.92811E-2 1.0116E-1 1.07314E-1 1.38095E-1 8.78653E-2 9.25051E-2 7.34637E-2 1.17733E-1 3.50523E-2
3.97008E-2 4.11856E-2 5.57573E-3 8.85932E-3 7.97227E-3 1.61944E-2 5.85069E-3 7.55431E-3 7.64454E-3 5.92852E-3 1.38215E-3 5.43264E-3 1.74081E-2 2.17088E-2 1.36964E-2 9.81152E-3 4.54096E-3 6.02444E-3 5.39518E-3 9.87236E-3 5.61462E-3 4.657E-3 7.83587E-3 2.3329E-2 1.56376E-2 6.0273E-3 6.48955E-3 8.3091E-3 1.20785E-2 1.61464E-2 1.1108E-2 1.94309E-2 3.23287E-2 2.53835E-2 3.06944E-2 3.29658E-2 3.41192E-2 5.77156E-2 8.02753E-2 4.52874E-2 3.39988E-2 3.42405E-2 7.01174E-2 3.94648E-2 2.87607E-2 2.86855E-2 5.5321E-2 5.90191E-2 6.63978E-2 6.27829E-2 8.66384E-2 8.45609E-2 8.31545E-2 8.84264E-2 1.08194E-1 1.10705E-1 9.37536E-2 3.08295E-2 2.81001E-2 3.6295E-2 3.97066E-2
1.07873E-2 2.4878E-2 2.02849E-2 2.796E-2 3.52136E-3 2.10631E-3 3.06387E-2 8.6594E-3 8.54348E-3 3.00261E-2 1.05743E-2 2.26662E-2 7.88885E-3 1.09824E-2 1.01176E-2 6.60059E-3 1.00263E-2 4.79635E-3 7.93331E-3 3.28742E-3 2.50691E-3 6.69947E-3 3.33942E-3 2.51552E-2 6.0802E-3 5.63528E-3 9.3625E-3 3.24177E-3 9.24466E-3 1.82297E-2 7.19038E-3 1.91847E-2 3.45552E-2 2.79267E-2 4.7347E-2 3.37605E-2 4.01697E-2 4.9738E-2 5.75121E-2 4.41584E-2 3.68091E-2 3.00126E-2 5.4918E-2 6.11477E-2 4.49685E-2 2.85318E-2 5.81338E-2 6.82175E-2 4.7279E-2 6.49344E-2 9.35654E-2 1.00777E-1 1.0041E-1 2.5093E-2 7.30119E-2 6.59024E-2 1.07195E-1 7.75944E-2 6.01217E-2 9.3867E-2 1.12037E-1
1.20099E-2 1.09012E-2 1.71119E-2 7.69602E-3 1.43954E-2 5.67784E-3 1.26204E-2 1.29045E-2 1.62484E-2 4.01068E-3 7.64631E-3 1.37782E-2 1.13922E-2 5.4187E-3 1.1143E-2 9.26921E-3 4.81922E-3 1.4731E-2 7.89805E-3 6.56201E-3 1.21868E-2 4.96569E-3 1.71963E-2 1.64675E-2 3.55779E-3 6.24656E-3 6.95145E-3 2.82648E-3 3.98505E-3 1.00968E-2 1.40349E-2 1.93904E-2 2.2843E-2 1.66731E-2 3.10476E-2 3.78012E-2 4.61501E-2 3.69132E-2 6.13717E-2 3.74372E-2 2.78708E-2 2.65653E-2 3.28634E-2 5.38599E-2 4.55218E-2 5.49781E-2 6.78953E-2 4.76493E-2 3.46993E-2 6.41265E-2 8.12624E-2 5.49225E-2 4.62737E-2 6.35788E-2 5.1592E-2 4.25323E-2 1.10679E-1 1.2487E-1 9.46113E-2 8.64047E-2 1.30686E-1
2.85675E-2 8.37136E-3 1.9551E-2 1.41235E-2 1.28157E-2 8.97726E-3 1.22723E-2 2.3024E-2 4.61742E-3 1.8674E-2 1.22962E-2 8.57646E-3 1.76636E-2 1.74791E-2 1.77657E-2 1.70863E-2 1.40673E-2 9.98235E-3 7.11012E-3 8.476E-3 1.42661E-2 1.36998E-2 8.06149E-3 1.04421E-2 4.78127E-3 3.64994E-3 1.20649E-2 4.77895E-3 5.68053E-3 1.23209E-2 1.78355E-2 1.8944E-2 2.229E-2 1.79E-2 2.1703E-2 2.94901E-2 4.32908E-2 5.1708E-2 5.2651E-2 3.30546E-2 2.46768E-2 3.05826E-2 2.98546E-2 5.083E-2 6.22351E-2 6.01081E-2 7.78094E-2 5.44064E-2 8.3252E-2 8.12951E-2 5.72262E-2 8.992E-2 9.19082E-2 1.20771E-1 1.14268E-1 5.60725E-2 7.72908E-2 1.04581E-1 9.14776E-2 7.90779E-2 1.40448E-1
6.66521E-2 2.46668E-2 1.53946E-2 6.10471E-3 9.93942E-3 2.24316E-2 6.88917E-3 1.20069E-2 4.01874E-2 2.95972E-2 9.54641E-3 1.06151E-2 7.88771E-3 1.4949E-2 1.88145E-2 1.51691E-2 9.09308E-3 4.36767E-3 1.7182E-2 5.128E-3 4.89795E-3 3.39764E-3 8.34618E-3 1.04667E-2 1.6397E-2 1.14544E-2 1.964E-2 1.42183E-2 1.31323E-2 2.22982E-2 1.33379E-2 1.87503E-2 2.51603E-2 1.25834E-2 3.2125E-2 3.45975E-2 4.5316E-2 4.71681E-2 3.74261E-2 3.94141E-2 3.70182E-2 3.52487E-2 3.86211E-2 5.07287E-2 2.70366E-2 3.3588E-2 6.0594E-2 4.45417E-2 4.19858E-2 6.81904E-2 4.84925E-2 6.63024E-2 1.04701E-1 5.82699E-2 1.20785E-1 1.07864E-1 1.02307E-1 1.15282E-1 8.50199E-2 9.29289E-2 9.44324E-2
4.09568E-2 7.53164E-3 5.38886E-3 1.10648E-2 1.43565E-2 2.29286E-2 4.06843E-2 2.94157E-2 1.81511E-2 2.9746E-2 6.93592E-3 6.96338E-3 1.29316E-2 8.24845E-3 1.33903E-2 8.61909E-3 8.07959E-3 5.77235E-3 1.83851E-2 8.81337E-3 6.18343E-3 1.98967E-2 9.05073E-3 3.99869E-3 8.92176E-3 8.76842E-3 1.84087E-2 1.87015E-2 1.37327E-2 2.20586E-2 2.13563E-2 1.13977E-2 1.79413E-2 1.97345E-2 1.92175E-2 4.27706E-2 4.68956E-2 4.47086E-2 5.72174E-2 4.44326E-2 3.83406E-2 4.77522E-2 4.19835E-2 2.21337E-2 2.86723E-2 5.8223E-2 4.1469E-2 7.55376E-2 2.79301E-2 9.1205E-2 9.04241E-2 6.28885E-2 6.67787E-2 7.22576E-2 9.34255E-2 9.09706E-2 9.79565E-2 1.1766E-1 1.04203E-1 1.05142E-1 8.83009E-2
6.33275E-3 9.93648E-3 1.07639E-2 2.42428E-2 1.31487E-2 8.78399E-3 1.82468E-2 1.95555E-2 4.48593E-3 1.51529E-2 1.93159E-2 8.67707E-3 1.25559E-2 1.59828E-2 9.36389E-3 8.6645E-3 7.34761E-3 1.82694E-2 5.58319E-3 1.41793E-2 6.73158E-3 1.47022E-2 3.92268E-3 5.24049E-3 9.87525E-3 8.338E-3 1.91143E-2 9.23497E-3 8.27364E-3 1.94326E-2 2.15821E-2 2.39653E-2 1.67423E-2 1.10899E-2 1.77942E-2 4.26303E-2 2.63065E-2 3.81047E-2 3.17008E-2 3.98118E-2 3.46389E-2 5.1309E-2 5.77661E-2 8.66464E-2 3.62584E-2 5.03397E-2 3.77993E-2 6.13222E-2 8.80137E-2 6.7609E-2 7.49145E-2 7.8163E-2 9.50224E-2 7.01286E-2 8.42031E-2 1.02852E-1 1.0672E-1 1.1724E-1 9.06256E-2 1.01089E-1 1.16549E-1
9.8807E-3 1.68745E-2 3.03836E-2 2.49179E-2 1.17715E-2 1.54933E-2 8.95639E-3 1.71931E-2 9.22552E-3 5.95457E-3 1.06475E-2 1.6784E-2 1.57341E-2 1.10313E-2 8.18058E-3 1.31705E-2 1.41373E-2 7.3337E-3 9.25055E-3 1.55127E-2 1.06055E-2 1.22604E-2 4.23125E-3 3.8536E-3 1.04902E-2 4.77706E-3 1.25639E-2 1.25528E-2 1.40456E-2 1.93075E-2 1.43545E-2 2.17217E-2 2.68972E-2 3.31975E-2 4.13223E-2 2.93899E-2 3.62628E-2 4.08328E-2 2.05477E-2 2.29694E-2 2.31454E-2 4.70123E-2 5.74881E-2 5.66202E-2 3.27894E-2 3.5967E-2 4.66972E-2 9.35512E-2 6.96862E-2 6.21151E-2 5.81287E-2 7.54099E-2 9.70965E-2 9.06061E-2 7.76065E-2 1.04046E-1 1.05705E-1 7.30994E-2 7.96277E-2 8.4451E-2 1.071E-1
2.37324E-2 1.74822E-2 2.4162E-2 2.24254E-2 2.01732E-2 3.21982E-2 1.74703E-2 3.40576E-2 3.16041E-2 1.04037E-2 1.32558E-2 2.90387E-2 1.92384E-2 1.22617E-2 6.28611E-3 7.03347E-3 1.18938E-2 8.06084E-3 1.99414E-2 8.85814E-3 7.95858E-3 1.06648E-2 3.79398E-3 4.23961E-3 7.52565E-3 8.04923E-3 9.41525E-3 1.36404E-2 1.23908E-2 2.20068E-2 1.6917E-2 3.34249E-2 2.15729E-2 2.25962E-2 2.32483E-2 3.10576E-2 3.97556E-2 3.73293E-2 2.22721E-2 2.39388E-2 3.45869E-2 4.53263E-2 5.06135E-2 9.73136E-2 8.00854E-2 4.76764E-2 4.65533E-2 7.92755E-2 4.99144E-2 6.95833E-2 7.30563E-2 8.90644E-2 7.37537E-2 5.79868E-2 7.39234E-2 1.07317E-1 6.63037E-2 5.58648E-2 4.38762E-2 5.29683E-2 9.81661E-2
2.49812E-2 2.0198E-2 1.75592E-2 1.39213E-2 7.80027E-3 1.45153E-2 9.49413E-3 1.55608E-2 1.07548E-2 2.36199E-2 1.08906E-2 2.40032E-2 1.74131E-2 1.74887E-2 1.16209E-2 1.11801E-2 1.13708E-2 1.30679E-2 1.13867E-2 1.08129E-2 7.13799E-3 8.15659E-3 1.66706E-2 4.86275E-3 1.15573E-2 1.03007E-2 6.1478E-3 1.42206E-2 3.85048E-2 2.77914E-2 1.4106E-2 2.2619E-2 2.40762E-2 1.88885E-2 2.48015E-2 2.46733E-2 2.46842E-2 3.48581E-2 4.88928E-2 3.2515E-2 2.44106E-2 3.60718E-2 6.28429E-2 5.61951E-2 7.70921E-2 4.29408E-2 3.98166E-2 6.82228E-2 7.88627E-2 6.56453E-2 6.8166E-2 6.97635E-2 8.60017E-2 4.60454E-2 7.18852E-2 9.30063E-2 6.83156E-2 5.39001E-2 5.34639E-2 5.12234E-2 7.02419E-2
3.14519E-2 2.92331E-2 2.33348E-2 8.54736E-3 1.24961E-2 1.9783E-2 1.5823E-2 2.33818E-2 2.63928E-2 1.13136E-2 3.05475E-2 2.30553E-2 2.36723E-2 4.54828E-2 1.03563E-2 1.83241E-2 1.72342E-2 2.86224E-2 2.19639E-2 5.65361E-3 7.40656E-3 1.85946E-3 9.13837E-3 6.77934E-3 1.20219E-2 8.45789E-3 2.11239E-2 1.84843E-2 1.97027E-2 1.44534E-2 9.39007E-3 1.57957E-2 1.11565E-2 2.37404E-2 1.72137E-2 2.51827E-2 2.91389E-2 3.48927E-2 3.70495E-2 3.478E-2 2.3434E-2 3.95683E-2 5.76774E-2 6.93076E-2 6.9372E-2 5.57175E-2 6.31493E-2 4.29346E-2 4.06619E-2 7.18253E-2 7.88216E-2 4.8974E-2 3.48232E-2 2.57089E-2 5.40473E-2 9.73403E-2 5.38679E-2 9.30007E-2 7.58838E-2 4.8465E-2 5.74501E-2
4.77449E-2 3.312E-2 1.99666E-2 1.64459E-2 2.13752E-2 2.3802E-2 1.61992E-2 2.32601E-2 7.98735E-3 1.71684E-2 1.80571E-2 1.86556E-2 5.31194E-2 1.67061E-2 1.10975E-2 1.26923E-2 1.50589E-2 1.40103E-2 1.46512E-2 1.56241E-2 8.80371E-3 6.96919E-3 1.15401E-2 8.86041E-3 1.0041E-2 1.42543E-2 3.46473E-2 2.3422E-2 1.11589E-2 1.18655E-2 1.33679E-2 1.90728E-2 1.49837E-2 2.31866E-2 3.80025E-2 3.05331E-2 2.64239E-2 3.48411E-2 3.14015E-2 3.46315E-2 3.84534E-2 4.02192E-2 5.55353E-2 7.2879E-2 7.26591E-2 5.5126E-2 8.45902E-2 1.56018E-2 7.30447E-2 8.17333E-2 8.41291E-2 7.60098E-2 6.99924E-2 4.66488E-2 4.36756E-2 8.29672E-2 4.97554E-2 8.28784E-2 7.92457E-2 6.87038E-2 3.9949E-2
3.65546E-2 4.87048E-2 4.6461E-2 5.77115E-2 3.28047E-2 3.66566E-2 4.68324E-2 2.05352E-2 2.01962E-2 1.63796E-2 9.59216E-3 1.52026E-2 4.25551E-2 3.90117E-2 3.33515E-2 1.78379E-2 2.11032E-2 4.98861E-2 1.47896E-2 8.084E-3 5.5631E-3 1.44755E-2 7.35071E-3 1.91975E-2 1.11733E-2 1.14984E-2 2.37102E-2 6.64686E-3 6.29949E-3 1.19168E-2 1.58963E-2 2.16502E-2 1.62985E-2 2.71983E-2 2.46505E-2 3.19911E-2 3.06811E-2 2.60412E-2 3.79404E-2 3.79433E-2 3.78115E-2 4.47558E-2 4.95793E-2 4.09723E-2 4.77621E-2 5.23065E-2 7.42879E-2 1.7865E-2 5.17698E-2 7.37223E-2 7.15106E-2 9.69148E-2 7.20187E-2 7.47898E-2 3.51521E-2 5.11724E-2 5.90824E-2 1.07546E-1 7.39266E-2 7.76791E-2 7.79587E-2
5.63485E-2 6.49541E-2 8.27601E-2 7.76596E-3 1.83472E-2 6.19228E-2 1.44744E-2 9.75392E-3 1.69891E-2 2.08507E-2 2.0652E-2 1.85525E-2 6.0306E-2 5.9667E-2 2.60893E-2 1.14831E-2 1.15294E-2 5.87862E-2 9.17308E-3 1.86051E-2 8.85196E-3 1.06499E-2 6.71682E-3 1.38695E-2 1.96818E-2 1.70016E-2 2.3321E-2 6.77936E-3 1.17593E-2 1.34896E-2 1.78845E-2 2.71454E-2 2.61336E-2 2.20176E-2 2.32732E-2 3.20681E-2 3.92034E-2 2.79275E-2 4.30764E-2 4.02061E-2 4.16897E-2 5.21962E-2 6.61757E-2 8.02111E-2 5.5241E-2 5.84333E-2 2.72655E-2 8.81083E-2 9.9482E-2 6.01353E-2 7.18163E-2 9.3517E-2 7.04612E-2 7.07774E-2 1.0111E-1 8.71831E-2 5.9514E-2 1.03692E-1 8.39665E-2 7.2418E-2 1.03798E-1
5.40884E-2 8.03182E-2 1.25751E-1 1.59566E-1 2.67554E-2 3.16244E-2 1.70953E-2 1.45494E-2 2.05912E-2 3.57955E-2 2.35217E-2 1.05456E-2 1.44331E-2 1.40597E-2 1.46639E-1 1.54054E-2 2.06023E-2 5.73802E-2 7.93515E-3 1.74972E-2 1.03119E-2 6.85166E-3 1.06151E-2 1.35905E-2 2.27844E-2 2.0838E-2 1.54397E-2 1.6754E-2 1.10545E-2 1.73377E-2 2.58473E-2 3.22118E-2 2.97328E-2 4.15889E-2 1.95231E-2 3.93802E-2 4.00198E-2 2.27471E-2 3.52065E-2 4.35257E-2 5.55781E-2 5.59462E-2 4.65152E-2 7.01843E-2 4.68149E-2 6.9164E-2 7.58996E-2 6.22584E-2 6.46842E-2 3.98457E-2 4.07304E-2 7.18205E-2 8.1973E-2 7.57807E-2 5.46783E-2 9.87379E-2 8.8966E-2 1.12088E-1 7.99946E-2 7.80904E-2 7.67234E-2
5.90254E-2 5.58887E-2 4.03113E-2 1.50831E-2 7.42003E-3 2.82116E-2 1.87022E-2 6.63665E-2 8.53707E-3 1.91981E-2 2.95051E-2 2.92762E-2 4.47133E-2 2.44582E-2 5.31392E-2 1.01687E-2 1.4153E-2 9.96227E-2 1.3252E-2 1.62276E-2 1.05938E-2 1.13757E-2 1.14146E-2 2.13015E-2 1.62084E-2 1.47448E-2 7.77016E-3 1.93872E-2 1.10608E-2 2.86003E-2 1.55949E-2 2.81253E-2 2.58829E-2 4.10371E-2 3.06975E-2 3.15028E-2 3.51948E-2 2.65075E-2 3.30924E-2 7.25505E-2 2.51823E-2 4.96249E-2 4.46744E-2 7.78465E-2 6.39655E-2 6.5713E-2 5.20144E-2 5.64862E-2 6.47856E-2 4.39152E-2 6.18908E-2 7.10325E-2 7.76651E-2 4.45573E-2 4.5474E-2 8.19011E-2 6.75362E-2 1.06247E-1 7.9483E-2 9.36773E-2 7.65757E-2
8.57641E-2 8.2413E-2 2.51664E-2 1.75566E-2 1.62584E-2 5.88453E-3 3.21929E-2 1.4347E-2 3.28751E-2 1.78532E-2 2.00688E-2 3.40861E-2 4.05135E-2 4.41008E-2 3.85453E-3 9.84748E-3 1.41353E-2 1.22117E-1 2.50514E-2 2.54401E-2 1.35738E-2 7.58928E-3 1.32684E-2 3.21283E-2 2.12057E-2 1.4603E-2 5.47336E-3 1.40201E-2 1.67771E-2 1.68571E-2 1.47441E-2 2.27245E-2 1.63459E-2 2.83228E-2 3.69577E-2 6.23406E-2 6.5503E-2 3.91445E-2 4.99072E-2 4.2098E-2 6.63665E-2 5.33155E-2 4.47208E-2 7.84684E-2 5.42197E-2 5.03205E-2 6.12683E-2 2.05489E-2 8.36695E-2 8.6235E-2 7.61642E-2 4.83961E-2 4.52084E-2 6.74256E-2 7.20828E-2 6.51369E-2 5.12949E-2 7.74207E-2 9.40344E-2 1.05128E-1 7.76359E-2
7.69633E-2 7.36788E-2 6.15461E-2 8.16835E-2 4.98036E-2 4.685E-2 5.33367E-2 4.85104E-2 2.96223E-2 4.32117E-3 3.254E-2 3.5997E-2 4.76265E-2 2.70733E-2 1.60129E-2 1.39916E-2 2.2464E-2 9.42192E-2 3.56335E-2 1.08838E-2 1.01352E-2 -9999 2.74742E-2 1.7182E-2 1.36254E-2 8.42398E-3 9.57113E-3 1.68264E-2 2.03106E-2 7.51819E-3 2.38006E-2 2.04147E-2 1.96058E-2 1.73562E-2 2.83607E-2 4.34236E-2 4.61506E-2 3.98084E-2 5.38319E-2 4.3554E-2 5.7856E-2 4.37373E-2 5.61929E-2 6.59709E-2 5.52018E-2 6.41738E-2 6.21786E-2 4.58206E-2 5.86799E-2 6.5097E-2 6.25368E-2 6.35478E-2 7.08288E-2 5.43155E-2 7.48218E-2 1.97756E-2 2.9176E-2 3.85616E-2 9.24831E-2 8.91115E-2 8.16779E-2
6.37551E-2 5.94608E-2 4.62664E-2 4.27372E-2 4.26441E-2 6.14258E-2 2.43792E-2 3.33937E-2 1.1322E-2 1.17828E-2 1.62545E-2 2.63023E-2 2.79951E-2 1.5914E-2 1.21929E-2 5.95678E-3 1.45341E-2 2.18347E-2 4.21252E-2 9.04938E-3 1.2122E-2 1.5419E-2 8.14948E-3 1.97036E-2 1.67756E-2 1.37412E-2 8.38292E-3 8.50897E-3 1.5119E-2 1.05379E-2 1.59662E-2 1.82077E-2 1.52319E-2 1.878E-2 2.85582E-2 3.37726E-2 3.59891E-2 2.85556E-2 4.07108E-2 6.41084E-2 6.30516E-2 4.89281E-2 4.51464E-2 4.62032E-2 6.0638E-2 5.82537E-2 7.61034E-2 5.73898E-2 6.39534E-2 1.01027E-1 4.28401E-2 6.68525E-2 4.77297E-2 4.19258E-2 5.09635E-2 3.68667E-2 6.53288E-2 1.66517E-2 1.00932E-1 6.23274E-2 6.75072E-2
5.19825E-2 6.33806E-2 8.62622E-2 1.12005E-1 7.01685E-2 3.97605E-2 4.29704E-2 2.34941E-2 1.36006E-2 1.09089E-2 1.00622E-2 2.96029E-2 3.47415E-2 2.88335E-2 1.60064E-2 5.43526E-3 9.26186E-3 4.03924E-2 3.39501E-2 8.2888E-3 1.33448E-2 1.406E-2 1.22657E-2 1.14565E-2 1.26414E-2 1.03009E-2 2.04369E-2 1.93411E-2 1.22825E-2 1.77777E-2 9.15072E-3 1.14141E-2 1.91379E-2 3.03302E-2 5.47563E-2 3.2682E-2 4.67082E-2 3.90423E-2 7.0283E-2 3.90016E-2 5.65336E-2 4.59354E-2 6.73718E-2 6.00891E-2 5.42534E-2 5.58612E-2 5.32282E-2 3.22513E-2 3.56352E-2 6.54385E-2 5.67979E-2 5.61663E-2 5.26472E-2 7.56494E-2 7.47019E-2 5.45535E-2 5.46104E-2 5.96437E-2 9.59746E-2 6.91072E-2 4.21059E-2
3.64693E-2 3.5404E-2 6.38824E-2 7.38844E-2 7.61987E-2 7.70061E-2 4.30128E-2 3.02399E-2 4.83554E-3 1.97945E-2 8.66361E-3 3.44229E-2 4.36543E-2 1.43932E-2 9.93091E-3 4.68599E-3 9.55643E-3 9.94699E-2 2.53991E-2 2.51888E-2 1.61462E-2 1.48635E-2 2.18548E-2 8.5395E-3 2.24696E-2 1.72108E-2 1.72707E-2 1.60303E-2 1.98699E-2 1.70523E-2 1.49213E-2 1.17374E-2 1.71264E-2 2.69214E-2 3.81233E-2 3.97617E-2 2.78025E-2 4.76459E-2 4.94326E-2 3.247E-2 4.85049E-2 5.01079E-2 5.13561E-2 5.51053E-2 7.94669E-2 5.16325E-2 4.98135E-2 4.52513E-2 2.41232E-2 5.22365E-2 5.40965E-2 4.92934E-2 5.65326E-2 9.6005E-2 8.52231E-2 5.3784E-2 5.05404E-2 5.58121E-2 6.15184E-2 6.41311E-2 6.68278E-2
4.13418E-2 5.0504E-2 8.3452E-2 1.09928E-1 7.7722E-2 7.06832E-2 4.07259E-2 2.04115E-2 9.09861E-2 4.90014E-2 2.16908E-2 3.67524E-2 4.88066E-2 1.16239E-2 8.38747E-3 1.57441E-2 1.35396E-3 5.6903E-2 1.31169E-1 3.62762E-2 2.91989E-2 -9999 1.67284E-2 1.27697E-2 1.62657E-2 1.95846E-2 2.30604E-2 3.32654E-2 2.87274E-2 2.98279E-2 2.74672E-2 1.71502E-2 1.63137E-2 2.67016E-2 3.19053E-2 3.5713E-2 2.22189E-2 3.65852E-2 5.13482E-2 7.46799E-2 5.16427E-2 5.28127E-2 5.85869E-2 5.82878E-2 6.92894E-2 5.75297E-2 5.37358E-2 3.77399E-2 4.7277E-2 5.37168E-2 4.2399E-2 5.08804E-2 6.99363E-2 2.01496E-2 7.81401E-2 7.42844E-2 6.15253E-2 5.63294E-2 6.06627E-2 5.30801E-2 6.52217E-2
