Final_Models_July82022/M_0.1_F_lqp_Set_1/Bison_1.asc
ncols         290
nrows         380
xllcorner     -2197417.7431653
yllcorner     -584827.01486885
cellsize      10000.0
NODATA_value  -9999
[rows 270 to 296 of 380, columns 122 to 182 of 290]
6.71771E-1 5.68663E-1 6.08248E-1 6.32172E-1 6.39673E-1 6.20275E-1 6.21351E-1 6.46547E-1 6.23146E-1 5.96613E-1 5.93648E-1 5.9074E-1 5.89999E-1 5.95544E-1 5.72605E-1 5.67049E-1 5.9003E-1 6.14683E-1 6.07416E-1 6.44985E-1 6.33355E-1 6.36627E-1 6.29693E-1 6.07054E-1 6.74878E-1 6.71484E-1 8.02658E-1 7.84918E-1 7.12948E-1 6.74606E-1 6.68859E-1 6.26879E-1 6.35745E-1 6.77023E-1 6.30961E-1 6.36096E-1 6.30767E-1 6.36526E-1 6.49118E-1 6.43042E-1 6.9659E-1 6.45127E-1 6.82495E-1 6.37007E-1 6.19374E-1 6.1582E-1 5.98433E-1 5.92438E-1 5.94342E-1 5.72321E-1 5.78451E-1 6.16247E-1 7.13037E-1 6.25315E-1 5.484E-1 6.8206E-1 6.19199E-1 6.5387E-1 6.19645E-1 5.98463E-1 5.59681E-1
6.13262E-1 5.50092E-1 5.77328E-1 6.26709E-1 6.46594E-1 6.30073E-1 6.30701E-1 6.30201E-1 6.26719E-1 6.1938E-1 6.13576E-1 5.78048E-1 6.07501E-1 6.81272E-1 5.8355E-1 5.8697E-1 5.89679E-1 6.0375E-1 6.34967E-1 7.0328E-1 6.72052E-1 7.03299E-1 6.55959E-1 6.48476E-1 6.91497E-1 6.66372E-1 8.03084E-1 7.69638E-1 7.17584E-1 6.52479E-1 6.3426E-1 6.24853E-1 6.34641E-1 6.47308E-1 6.2626E-1 6.44839E-1 6.46835E-1 6.30958E-1 6.35485E-1 6.37225E-1 6.41222E-1 6.69499E-1 7.2851E-1 6.04765E-1 6.03935E-1 6.43399E-1 5.97056E-1 5.85332E-1 5.82004E-1 5.89164E-1 5.89032E-1 5.73343E-1 5.77799E-1 5.93746E-1 5.89824E-1 5.86744E-1 5.99817E-1 5.5087E-1 6.85504E-1 5.68851E-1 5.42242E-1
5.80163E-1 5.41343E-1 5.85444E-1 6.35749E-1 6.16682E-1 6.15561E-1 6.29418E-1 6.33065E-1 6.39561E-1 6.32905E-1 6.08952E-1 6.03186E-1 6.20561E-1 6.26359E-1 5.9768E-1 6.13518E-1 6.86381E-1 5.89198E-1 5.96115E-1 6.15947E-1 6.08905E-1 6.24914E-1 6.31559E-1 7.3921E-1 7.17851E-1 6.65413E-1 7.50001E-1 6.21651E-1 6.25224E-1 6.98413E-1 6.54792E-1 5.89093E-1 6.1645E-1 6.26935E-1 6.41567E-1 6.16556E-1 6.64782E-1 6.35942E-1 6.20945E-1 6.29809E-1 6.34944E-1 6.50423E-1 6.49232E-1 6.181E-1 5.98095E-1 6.29128E-1 6.28376E-1 5.89929E-1 6.34494E-1 6.3536E-1 6.32899E-1 6.36443E-1 6.09577E-1 5.963E-1 6.26122E-1 6.45124E-1 5.83112E-1 5.72552E-1 5.52709E-1 5.46723E-1 5.41023E-1
5.78197E-1 5.58211E-1 5.94271E-1 5.9866E-1 6.22046E-1 6.19367E-1 6.22713E-1 6.31219E-1 5.97441E-1 6.10907E-1 6.24263E-1 6.04359E-1 6.07926E-1 6.05428E-1 6.16589E-1 6.33677E-1 7.39771E-1 5.95519E-1 6.12728E-1 6.13488E-1 6.17217E-1 6.19944E-1 6.14459E-1 6.10328E-1 7.4968E-1 6.08173E-1 6.06362E-1 6.18466E-1 5.94236E-1 5.98265E-1 6.00584E-1 5.93056E-1 6.20965E-1 6.20971E-1 6.26213E-1 6.17682E-1 6.37165E-1 6.37739E-1 6.13161E-1 6.21947E-1 6.43217E-1 6.34019E-1 6.64206E-1 6.49614E-1 5.87943E-1 6.12893E-1 6.04668E-1 6.04283E-1 6.08477E-1 6.21412E-1 6.1946E-1 6.17648E-1 6.20011E-1 5.92648E-1 6.71745E-1 6.56662E-1 5.62357E-1 5.62803E-1 5.70604E-1 5.17544E-1 5.58177E-1
4.56362E-1 5.33597E-1 5.88571E-1 5.93016E-1 6.56086E-1 6.14273E-1 6.22548E-1 6.42941E-1 6.09126E-1 6.59495E-1 5.98896E-1 6.11244E-1 6.33863E-1 6.11743E-1 6.34592E-1 6.10081E-1 6.07567E-1 6.29147E-1 6.07961E-1 6.27617E-1 6.10189E-1 6.37758E-1 5.99961E-1 5.97371E-1 6.18351E-1 6.10443E-1 6.01496E-1 6.66696E-1 5.86388E-1 5.86076E-1 6.01181E-1 5.94179E-1 6.21913E-1 6.27563E-1 6.30241E-1 6.04381E-1 6.04257E-1 6.07444E-1 6.15303E-1 6.18828E-1 6.33377E-1 6.29946E-1 6.35846E-1 6.58441E-1 6.10788E-1 6.08717E-1 5.81168E-1 5.96662E-1 6.01076E-1 6.07071E-1 6.16693E-1 6.18216E-1 6.23994E-1 5.85146E-1 5.81602E-1 5.56958E-1 5.45748E-1 5.60088E-1 5.65542E-1 5.51306E-1 5.60956E-1
4.86903E-1 5.4394E-1 5.85137E-1 5.80466E-1 5.95676E-1 5.93357E-1 6.38851E-1 5.99243E-1 6.05502E-1 6.03436E-1 5.93721E-1 6.06011E-1 6.27221E-1 6.13966E-1 6.01798E-1 6.31413E-1 6.0464E-1 6.01026E-1 6.32951E-1 6.04281E-1 6.08472E-1 6.07769E-1 6.05516E-1 6.13028E-1 6.14753E-1 5.90305E-1 5.80099E-1 5.91205E-1 5.71661E-1 5.85308E-1 5.87836E-1 5.98365E-1 6.31747E-1 6.34316E-1 6.21748E-1 6.10809E-1 6.12007E-1 5.7616E-1 6.23781E-1 6.3433E-1 6.0759E-1 6.27404E-1 6.11911E-1 6.29617E-1 6.02358E-1 6.18683E-1 5.99071E-1 5.96061E-1 5.97542E-1 6.05548E-1 6.22623E-1 6.08207E-1 6.17938E-1 6.05598E-1 5.69419E-1 5.50636E-1 5.46957E-1 6.02285E-1 5.40954E-1 5.3965E-1 5.34953E-1
1.29383E-2 6.45159E-1 6.16417E-1 5.8234E-1 6.14204E-1 6.74281E-1 6.69826E-1 5.78923E-1 5.82611E-1 6.26581E-1 5.99538E-1 5.92648E-1 6.15456E-1 6.26846E-1 5.89873E-1 5.98306E-1 6.05468E-1 6.01949E-1 6.15594E-1 6.24105E-1 6.02673E-1 5.91884E-1 5.8719E-1 5.78148E-1 6.80238E-1 5.7838E-1 5.72135E-1 5.55125E-1 5.714E-1 5.58092E-1 5.8273E-1 5.90506E-1 6.00224E-1 6.21544E-1 6.07263E-1 6.17563E-1 6.09639E-1 6.08719E-1 6.18656E-1 6.12378E-1 6.02065E-1 5.95143E-1 5.99274E-1 6.02941E-1 5.64588E-1 6.12356E-1 6.06834E-1 5.96093E-1 6.00966E-1 6.19051E-1 6.2974E-1 6.09294E-1 6.01642E-1 6.1505E-1 5.91637E-1 5.66622E-1 5.36508E-1 5.42702E-1 5.2166E-1 5.41322E-1 5.38344E-1
6.44344E-2 1.84388E-1 7.00798E-1 6.70254E-1 6.13079E-1 6.13007E-1 5.9173E-1 5.94273E-1 5.92915E-1 5.8481E-1 5.93943E-1 6.06675E-1 5.88E-1 5.81073E-1 5.74566E-1 5.93302E-1 5.96168E-1 5.96471E-1 6.30174E-1 6.00648E-1 6.03397E-1 5.97084E-1 5.80316E-1 5.92997E-1 5.85001E-1 5.49862E-1 5.66929E-1 5.47345E-1 5.36236E-1 5.471E-1 5.57264E-1 5.73495E-1 5.46565E-1 5.81009E-1 6.01384E-1 6.13716E-1 6.04185E-1 5.89358E-1 6.03365E-1 6.16677E-1 6.31154E-1 5.87121E-1 6.11153E-1 6.23677E-1 5.8119E-1 6.07852E-1 5.77421E-1 6.07306E-1 6.02945E-1 6.20572E-1 6.41241E-1 6.44177E-1 6.20431E-1 5.89765E-1 5.94782E-1 5.56692E-1 5.49122E-1 5.33972E-1 5.44841E-1 5.28595E-1 5.22392E-1
1.62177E-2 1.96844E-1 6.2031E-1 7.08944E-1 6.19372E-1 5.9596E-1 6.26353E-1 6.69889E-1 5.7985E-1 5.86437E-1 5.57103E-1 5.98792E-1 6.69021E-1 6.82105E-1 7.26746E-1 7.28203E-1 5.71635E-1 6.12853E-1 5.98031E-1 6.13319E-1 5.90953E-1 5.79261E-1 5.72112E-1 5.70086E-1 5.33513E-1 5.38767E-1 5.45918E-1 5.40711E-1 5.47215E-1 5.25641E-1 5.31485E-1 5.42868E-1 5.72948E-1 5.69757E-1 5.80396E-1 5.91833E-1 6.00679E-1 6.05648E-1 5.84746E-1 5.73578E-1 5.73727E-1 5.82254E-1 5.92963E-1 5.98786E-1 5.87871E-1 5.98135E-1 5.99808E-1 6.08282E-1 6.67599E-1 6.28726E-1 6.33634E-1 6.32491E-1 6.28438E-1 5.97698E-1 5.72309E-1 5.8555E-1 5.77516E-1 5.25081E-1 5.33974E-1 5.47737E-1 5.36265E-1
1.22116E-2 5.03891E-2 3.74341E-1 6.86691E-1 5.69816E-1 5.90711E-1 5.72371E-1 5.76755E-1 5.70772E-1 5.69916E-1 5.67488E-1 5.6675E-1 5.73791E-1 5.68502E-1 5.59907E-1 6.58415E-1 5.99732E-1 5.84423E-1 5.92602E-1 5.9513E-1 5.81765E-1 5.68864E-1 5.66949E-1 5.41837E-1 5.23306E-1 5.52957E-1 5.63458E-1 5.4771E-1 5.56017E-1 5.48771E-1 5.42123E-1 5.3865E-1 5.59168E-1 5.67721E-1 6.05137E-1 5.79031E-1 5.60261E-1 5.89895E-1 5.917E-1 5.67917E-1 5.38149E-1 5.69734E-1 6.12016E-1 5.81824E-1 5.9085E-1 5.62226E-1 5.52674E-1 5.88353E-1 6.12691E-1 6.10817E-1 5.88134E-1 6.20395E-1 6.1148E-1 6.0715E-1 5.7882E-1 5.75727E-1 5.69219E-1 5.46408E-1 5.39088E-1 5.5653E-1 5.39689E-1
1.03136E-2 1.8709E-2 2.32198E-1 6.37029E-1 6.19955E-1 6.13197E-1 5.98718E-1 5.75923E-1 5.58204E-1 5.63676E-1 5.71237E-1 5.72318E-1 5.73278E-1 5.45946E-1 5.43643E-1 5.45661E-1 5.57467E-1 5.58874E-1 5.56168E-1 5.82252E-1 5.65643E-1 5.47463E-1 5.46123E-1 5.39147E-1 5.47273E-1 5.91084E-1 6.16924E-1 5.31559E-1 5.38323E-1 5.18041E-1 5.22452E-1 5.21509E-1 5.35435E-1 5.52125E-1 5.6259E-1 5.91489E-1 5.8548E-1 5.72875E-1 5.80985E-1 5.53788E-1 5.97858E-1 6.57517E-1 6.29071E-1 5.58409E-1 5.69511E-1 5.57387E-1 5.51636E-1 5.88667E-1 6.01902E-1 5.80724E-1 5.85156E-1 6.12501E-1 6.00343E-1 6.02127E-1 5.7346E-1 5.71772E-1 5.43905E-1 5.39062E-1 5.46183E-1 5.56512E-1 5.40546E-1
8.28875E-3 8.51407E-2 1.46601E-1 6.61259E-1 5.96988E-1 6.7399E-1 5.87627E-1 5.72453E-1 5.97481E-1 5.56606E-1 5.58542E-1 5.54614E-1 5.55935E-1 5.50828E-1 5.17629E-1 5.56328E-1 5.47944E-1 5.41706E-1 4.9297E-1 5.421E-1 5.42546E-1 5.4347E-1 5.35685E-1 5.20735E-1 6.74727E-1 7.07715E-1 6.44119E-1 6.31798E-1 5.44841E-1 5.51677E-1 5.19014E-1 5.33273E-1 5.36651E-1 5.36493E-1 5.49084E-1 5.38769E-1 5.47735E-1 5.34563E-1 5.22118E-1 5.36256E-1 6.3291E-1 6.46075E-1 5.43417E-1 5.2663E-1 5.50998E-1 5.48799E-1 5.51777E-1 5.56227E-1 5.72455E-1 5.85798E-1 5.80928E-1 5.88664E-1 5.77131E-1 5.91332E-1 5.89833E-1 5.83574E-1 5.69231E-1 5.45512E-1 5.30919E-1 5.40966E-1 5.38579E-1
3.15623E-2 2.78882E-1 1.6357E-1 6.34369E-1 7.00586E-1 6.11588E-1 5.63403E-1 5.68552E-1 5.50777E-1 5.38129E-1 5.41264E-1 5.55917E-1 5.70619E-1 5.53982E-1 5.40432E-1 5.31314E-1 5.23353E-1 5.11872E-1 5.53611E-1 5.2591E-1 5.26682E-1 5.21198E-1 5.07876E-1 5.30831E-1 6.59229E-1 6.8244E-1 7.23892E-1 6.47871E-1 5.79916E-1 5.93418E-1 5.84288E-1 5.28858E-1 5.05448E-1 5.27779E-1 5.41138E-1 6.31089E-1 5.33597E-1 5.37072E-1 5.31501E-1 5.46179E-1 5.48304E-1 5.32819E-1 5.67796E-1 5.31907E-1 5.44842E-1 5.41868E-1 5.35244E-1 5.4279E-1 5.55461E-1 5.76338E-1 5.48465E-1 5.91184E-1 5.67859E-1 5.8412E-1 5.73252E-1 5.73993E-1 5.72782E-1 5.66302E-1 5.3708E-1 5.26405E-1 5.19502E-1
6.15411E-2 2.64077E-1 4.50341E-1 7.11065E-1 5.81919E-1 5.93022E-1 5.60048E-1 5.40904E-1 5.4539E-1 5.3239E-1 5.42132E-1 5.16547E-1 5.26413E-1 5.13418E-1 5.11973E-1 5.14726E-1 5.06175E-1 5.10166E-1 4.92312E-1 5.15727E-1 5.09807E-1 5.4291E-1 5.25684E-1 5.34897E-1 5.44473E-1 6.39139E-1 7.06019E-1 6.88038E-1 6.22238E-1 6.18945E-1 5.19719E-1 5.31301E-1 5.09964E-1 5.02194E-1 4.95672E-1 5.46936E-1 5.53247E-1 5.32337E-1 5.25742E-1 5.45997E-1 5.50312E-1 5.20913E-1 5.69242E-1 5.52099E-1 5.64257E-1 5.62096E-1 5.3645E-1 5.25125E-1 5.29072E-1 5.54961E-1 5.50974E-1 5.78702E-1 5.35482E-1 5.75136E-1 5.45367E-1 5.55129E-1 5.1423E-1 5.46051E-1 5.38537E-1 5.1532E-1 5.23376E-1
3.80456E-2 2.74298E-1 5.58792E-1 6.97357E-1 6.33025E-1 5.618E-1 5.85762E-1 6.31053E-1 5.45568E-1 5.18906E-1 5.11427E-1 5.08887E-1 5.01675E-1 4.89548E-1 4.91927E-1 4.90439E-1 4.93326E-1 4.77592E-1 5.40562E-1 5.12201E-1 4.77892E-1 5.08566E-1 4.96284E-1 5.01889E-1 5.21406E-1 5.54073E-1 6.89998E-1 7.13674E-1 6.85667E-1 6.65515E-1 6.86103E-1 6.07275E-1 4.98808E-1 6.62733E-1 5.62635E-1 5.08009E-1 5.11469E-1 5.48766E-1 5.33838E-1 5.37516E-1 5.34779E-1 5.25958E-1 5.45065E-1 5.7569E-1 7.37458E-1 7.26572E-1 6.48872E-1 5.36566E-1 5.43719E-1 5.53448E-1 5.39361E-1 5.52093E-1 5.4477E-1 5.57309E-1 5.41394E-1 5.34428E-1 5.28009E-1 5.19841E-1 5.26589E-1 4.85329E-1 5.08863E-1
4.40975E-2 4.29972E-2 2.38914E-1 6.47573E-1 5.72147E-1 5.76571E-1 5.70656E-1 6.53834E-1 5.40373E-1 5.23337E-1 5.10544E-1 5.26705E-1 5.50251E-1 4.80274E-1 5.09384E-1 4.88385E-1 4.85922E-1 5.03157E-1 4.74869E-1 4.70031E-1 4.86742E-1 5.01014E-1 5.38603E-1 5.03305E-1 5.12041E-1 5.41456E-1 6.87844E-1 7.00861E-1 6.56648E-1 5.97695E-1 6.65828E-1 6.65981E-1 6.33095E-1 4.43252E-1 5.42398E-1 5.26231E-1 5.17331E-1 5.20005E-1 5.20734E-1 5.38111E-1 6.00031E-1 5.30659E-1 5.33859E-1 5.63875E-1 6.71624E-1 6.68289E-1 7.32607E-1 6.35915E-1 5.47844E-1 5.78494E-1 6.22826E-1 5.39375E-1 5.30771E-1 5.3439E-1 5.20241E-1 5.25165E-1 5.32529E-1 5.49339E-1 5.13561E-1 5.28695E-1 5.11136E-1
2.15021E-2 1.78186E-1 6.24369E-1 6.02515E-1 5.72281E-1 5.17271E-1 5.24525E-1 5.25504E-1 5.16501E-1 5.09953E-1 4.9522E-1 4.92949E-1 4.96616E-1 5.19693E-1 4.66201E-1 4.76612E-1 4.58448E-1 4.60673E-1 4.78168E-1 4.63118E-1 4.79946E-1 4.78581E-1 4.87512E-1 5.24694E-1 4.85118E-1 6.22063E-1 6.72645E-1 7.03391E-1 5.29811E-1 5.73297E-1 6.46836E-1 5.54948E-1 7.02089E-1 6.61367E-1 5.46034E-1 4.97277E-1 4.95856E-1 5.12336E-1 5.17754E-1 6.27504E-1 6.92645E-1 6.1797E-1 6.09251E-1 5.40422E-1 7.31164E-1 6.64848E-1 6.87927E-1 7.20721E-1 7.65065E-1 7.46064E-1 7.63056E-1 6.70156E-1 5.78118E-1 6.10256E-1 5.4813E-1 5.7658E-1 5.34856E-1 5.16744E-1 5.8882E-1 5.67653E-1 6.24001E-1
5.94387E-3 3.24945E-1 5.55472E-1 5.52421E-1 5.3878E-1 5.22546E-1 5.07035E-1 5.02457E-1 4.91004E-1 5.12595E-1 4.7469E-1 4.72081E-1 6.01204E-1 6.17527E-1 4.99796E-1 4.29521E-1 4.468E-1 4.58079E-1 4.48288E-1 4.83155E-1 4.59636E-1 4.73862E-1 4.78752E-1 4.74604E-1 6.20237E-1 6.24299E-1 6.48238E-1 6.79155E-1 6.58491E-1 6.53469E-1 6.48504E-1 5.86757E-1 6.19582E-1 5.02816E-1 4.84217E-1 4.87246E-1 4.95844E-1 5.14908E-1 5.1739E-1 5.3622E-1 5.14886E-1 5.12874E-1 5.60323E-1 4.77647E-1 6.8998E-1 7.11086E-1 6.34579E-1 7.01091E-1 7.15299E-1 5.87736E-1 6.86354E-1 5.35987E-1 5.24016E-1 5.0852E-1 5.35719E-1 5.06149E-1 5.28229E-1 5.11067E-1 5.0041E-1 5.25746E-1 5.30098E-1
1.51536E-1 2.2482E-1 2.14274E-1 5.53949E-1 5.59751E-1 5.2226E-1 5.16913E-1 4.93245E-1 4.65637E-1 4.67521E-1 4.70201E-1 4.63504E-1 5.62922E-1 4.92096E-1 4.8898E-1 4.46326E-1 4.26465E-1 6.0625E-1 4.91708E-1 4.91254E-1 4.3184E-1 4.47824E-1 4.54725E-1 4.59322E-1 4.97458E-1 6.52236E-1 5.99411E-1 4.83338E-1 4.77853E-1 5.19274E-1 6.3542E-1 5.38503E-1 5.30233E-1 5.22774E-1 6.56695E-1 6.3584E-1 6.32616E-1 5.10468E-1 5.07496E-1 5.29962E-1 5.41907E-1 6.58061E-1 7.10518E-1 4.94523E-1 5.25246E-1 6.41151E-1 7.57517E-1 6.64313E-1 6.82158E-1 6.85358E-1 7.51192E-1 5.37E-1 5.22012E-1 5.16453E-1 5.2678E-1 5.14512E-1 5.27476E-1 4.84908E-1 5.09039E-1 5.03881E-1 5.38169E-1
1.2016E-1 1.52912E-1 1.64291E-1 4.07429E-1 6.69193E-1 4.98307E-1 4.95814E-1 6.20632E-1 5.1707E-1 4.45683E-1 4.76185E-1 4.58113E-1 4.74124E-1 4.42259E-1 4.61269E-1 4.26943E-1 4.63887E-1 5.54834E-1 4.35314E-1 5.46517E-1 5.20568E-1 4.64144E-1 4.23856E-1 4.61727E-1 5.5141E-1 6.60197E-1 5.88627E-1 4.74455E-1 5.35915E-1 6.75603E-1 6.11516E-1 6.11184E-1 6.48468E-1 5.82006E-1 5.05542E-1 5.68493E-1 6.92406E-1 6.54532E-1 5.92381E-1 7.05952E-1 7.08358E-1 7.09262E-1 6.92206E-1 7.30513E-1 7.37096E-1 7.26259E-1 6.8224E-1 7.25602E-1 5.9737E-1 5.16928E-1 7.25145E-1 5.17665E-1 5.24544E-1 5.29238E-1 5.28604E-1 5.35961E-1 4.99738E-1 5.16768E-1 4.93148E-1 5.09112E-1 5.13616E-1
4.76E-2 4.82875E-3 8.35492E-2 1.87118E-1 5.38552E-1 5.62635E-1 6.11867E-1 5.1997E-1 6.34525E-1 4.6397E-1 4.47694E-1 4.69219E-1 4.79786E-1 4.84911E-1 5.01293E-1 4.52306E-1 4.78595E-1 5.47181E-1 4.90709E-1 4.91167E-1 5.58951E-1 5.1539E-1 4.89902E-1 5.00406E-1 5.2447E-1 6.30074E-1 4.70303E-1 4.73242E-1 6.26055E-1 6.3747E-1 6.44176E-1 5.85008E-1 6.44208E-1 6.20064E-1 6.87145E-1 6.97897E-1 6.90866E-1 7.00986E-1 7.06224E-1 7.05904E-1 5.78017E-1 6.46487E-1 6.63808E-1 5.56255E-1 6.08247E-1 6.76852E-1 6.36988E-1 5.09726E-1 5.09346E-1 5.22671E-1 6.72449E-1 5.30307E-1 5.22395E-1 5.09692E-1 5.38113E-1 5.37112E-1 5.19501E-1 5.28933E-1 5.11049E-1 5.31048E-1 5.28022E-1
1.00222E-1 2.0866E-1 2.57695E-1 3.60858E-1 2.91032E-1 6.48712E-1 4.88482E-1 5.48429E-1 4.11227E-1 5.40558E-1 5.35651E-1 4.80568E-1 6.7479E-1 6.32411E-1 6.3629E-1 5.73545E-1 5.77713E-1 5.57405E-1 5.11598E-1 5.06808E-1 5.03541E-1 5.09555E-1 5.15577E-1 5.06329E-1 5.67285E-1 5.72666E-1 5.89797E-1 4.7483E-1 5.10276E-1 5.56685E-1 4.71452E-1 4.89927E-1 5.50714E-1 5.22049E-1 4.77026E-1 5.64339E-1 6.61331E-1 7.08349E-1 7.05128E-1 7.00032E-1 6.17625E-1 5.47325E-1 5.35527E-1 4.52604E-1 4.79806E-1 4.96072E-1 5.17205E-1 5.05977E-1 5.20354E-1 5.24366E-1 5.24436E-1 5.06321E-1 5.08805E-1 5.07773E-1 5.3691E-1 5.3304E-1 5.36799E-1 5.0757E-1 5.31674E-1 5.26908E-1 5.17094E-1
1.62726E-1 4.30188E-1 2.02093E-1 1.11014E-1 2.67299E-1 3.70799E-1 6.24374E-1 6.24708E-1 3.73451E-1 7.09068E-1 5.17964E-1 5.47114E-1 5.76842E-1 4.19572E-1 2.5521E-1 5.30199E-1 6.6029E-1 6.45284E-1 5.9864E-1 5.15869E-1 5.07608E-1 5.07807E-1 5.02376E-1 4.86342E-1 4.72203E-1 5.96432E-1 6.19712E-1 5.94828E-1 6.11867E-1 5.77248E-1 4.67631E-1 4.8083E-1 4.79897E-1 4.70723E-1 5.8236E-1 5.44658E-1 6.90429E-1 6.99026E-1 6.88107E-1 6.10521E-1 5.40508E-1 4.59702E-1 4.87193E-1 5.01637E-1 5.03422E-1 5.13741E-1 4.96625E-1 5.08784E-1 5.23815E-1 5.12442E-1 5.08356E-1 5.07908E-1 5.13061E-1 5.1583E-1 5.19729E-1 5.19693E-1 5.05881E-1 5.1639E-1 5.14486E-1 5.05132E-1 5.57676E-1
3.18495E-1 1.15327E-1 4.96081E-2 2.53613E-1 5.75476E-1 6.35494E-1 4.19086E-1 6.36057E-1 6.44312E-1 5.89874E-1 5.94173E-1 6.48034E-1 3.48533E-1 1.79226E-1 1.15285E-1 3.55849E-1 2.14711E-1 1.40327E-1 6.08125E-1 5.57522E-1 5.22678E-1 5.01885E-1 5.20003E-1 5.07511E-1 4.86275E-1 6.78464E-1 5.87741E-1 4.08319E-1 6.90653E-1 5.60304E-1 4.69214E-1 4.75284E-1 5.12913E-1 4.80177E-1 4.41715E-1 6.11203E-1 7.04802E-1 6.84426E-1 6.99874E-1 4.62333E-1 4.65188E-1 4.53553E-1 4.79502E-1 4.965E-1 4.74663E-1 4.96658E-1 4.96902E-1 5.05765E-1 4.91839E-1 5.22694E-1 5.2792E-1 5.05664E-1 5.06397E-1 5.16445E-1 5.16433E-1 5.11111E-1 5.06863E-1 5.10504E-1 5.16212E-1 5.41784E-1 5.45918E-1
3.4258E-1 6.47629E-1 5.62423E-2 3.67895E-1 6.83352E-1 7.0329E-1 5.86196E-1 5.60499E-1 3.16123E-1 4.6781E-1 6.79179E-1 6.81931E-1 4.16954E-1 2.65017E-1 6.47519E-2 6.98856E-2 1.83317E-2 1.09836E-1 1.67461E-1 7.0844E-1 5.49884E-1 5.3262E-1 5.22024E-1 5.06108E-1 4.91278E-1 4.93334E-1 5.63056E-1 6.17336E-1 5.40623E-1 5.27797E-1 5.08131E-1 5.33381E-1 5.18968E-1 4.81827E-1 4.44145E-1 6.34551E-1 6.70549E-1 6.77576E-1 6.57775E-1 4.53136E-1 4.74456E-1 4.49213E-1 4.76839E-1 4.684E-1 4.75657E-1 5.14202E-1 5.04047E-1 5.00508E-1 4.98192E-1 5.00131E-1 5.06692E-1 5.01786E-1 5.01628E-1 5.18001E-1 5.04525E-1 5.05925E-1 5.08033E-1 5.04841E-1 5.27977E-1 5.19868E-1 5.29695E-1
3.09308E-1 7.13116E-1 4.48918E-1 2.95852E-1 4.96566E-1 6.95329E-1 6.83637E-1 4.62078E-1 3.9867E-1 3.06507E-1 5.66545E-1 5.0051E-1 6.01017E-1 7.05074E-1 3.62825E-1 6.14488E-2 2.88432E-2 1.20815E-1 1.60799E-1 7.28176E-1 6.27746E-1 5.41741E-1 5.3363E-1 5.03582E-1 4.98054E-1 6.15767E-1 6.32434E-1 6.34566E-1 6.40081E-1 6.13292E-1 5.40337E-1 5.12954E-1 4.77024E-1 4.76651E-1 4.59515E-1 4.6648E-1 5.8061E-1 6.49375E-1 5.63304E-1 4.4555E-1 4.41408E-1 4.52211E-1 4.7039E-1 4.86948E-1 4.66509E-1 5.0484E-1 4.84225E-1 4.8623E-1 5.00124E-1 4.89464E-1 4.93588E-1 5.0188E-1 5.15456E-1 5.17144E-1 4.97294E-1 4.95117E-1 5.24691E-1 5.14875E-1 5.07342E-1 5.12189E-1 5.12152E-1
6.76328E-1 6.28218E-1 7.07345E-1 4.14353E-1 4.64649E-1 6.82408E-1 6.05685E-1 6.84336E-1 4.68089E-1 4.19415E-1 2.89051E-1 7.21165E-1 6.63904E-1 7.05401E-1 5.6175E-1 2.38649E-1 5.56763E-2 1.72121E-1 1.74598E-1 4.60504E-1 5.97496E-1 5.83247E-1 5.41753E-1 5.04358E-1 6.01178E-1 4.52555E-1 4.67831E-1 5.96678E-1 5.87242E-1 5.87638E-1 6.34035E-1 6.15807E-1 4.88061E-1 4.59852E-1 4.68103E-1 4.7563E-1 4.39325E-1 5.5523E-1 5.08968E-1 4.38925E-1 4.44507E-1 4.56654E-1 4.67899E-1 4.58757E-1 4.59317E-1 4.94535E-1 4.83194E-1 4.77256E-1 4.80793E-1 4.82475E-1 5.00029E-1 5.03978E-1 5.13725E-1 4.96588E-1 4.85124E-1 5.26588E-1 5.27632E-1 5.20915E-1 5.13098E-1 4.95851E-1 4.99767E-1
