Final_Models_July82022/M_0.1_F_lqp_Set_1/Bison_median.asc
ncols         290
nrows         380
xllcorner     -2197417.7431653
yllcorner     -584827.01486885
cellsize      10000.0
NODATA_value  -9999
[rows 135 to 161 of 380, columns 183 to 243 of 290]
1.65923E-2 1.59578E-2 2.16201E-2 1.45548E-2 1.29575E-2 1.19277E-2 1.31984E-2 1.16992E-2 1.15541E-2 1.21165E-2 1.28337E-2 1.1864E-2 1.52169E-2 1.18006E-2 1.07061E-2 1.2778E-2 1.56045E-2 1.14253E-2 1.96073E-2 2.95291E-2 2.27499E-2 1.3267E-2 1.30622E-2 1.4596E-2 1.07898E-2 1.70313E-2 1.01665E-2 7.59831E-3 7.79761E-3 7.74366E-3 7.7401E-3 7.96755E-3 8.31853E-3 8.35775E-3 7.57153E-3 7.48052E-3 6.31937E-3 6.30071E-3 6.19346E-3 7.15459E-3 5.79775E-3 5.89831E-3 5.73582E-3 6.13751E-3 6.08808E-3 6.47025E-3 6.38278E-3 6.40292E-3 6.08387E-3 6.30575E-3 5.78567E-3 8.56662E-3 8.54786E-3 5.44747E-3 6.12147E-3 5.80166E-3 6.14361E-3 5.94517E-3 6.43292E-3 5.8862E-3 6.16203E-3
1.66511E-2 1.50605E-2 1.24215E-2 2.16369E-2 1.54342E-2 1.34411E-2 1.20324E-2 1.25355E-2 1.17929E-2 1.39215E-2 1.57778E-2 1.76137E-2 2.41368E-2 1.49297E-2 1.75588E-2 1.48565E-2 1.15359E-2 1.6988E-2 2.93969E-2 2.14325E-2 2.84306E-2 2.23367E-2 1.90684E-2 1.77629E-2 1.74926E-2 1.50155E-2 9.79142E-3 9.00764E-3 7.86173E-3 8.15888E-3 8.05216E-3 8.946E-3 8.321E-3 8.7309E-3 7.9467E-3 7.20285E-3 7.09359E-3 6.37196E-3 6.35992E-3 6.1262E-3 5.96382E-3 5.58731E-3 5.80336E-3 5.90114E-3 5.71583E-3 6.2071E-3 7.09996E-3 6.6739E-3 6.09054E-3 5.82488E-3 6.68032E-3 8.69431E-3 6.81123E-3 5.1117E-3 5.79596E-3 5.51927E-3 6.40368E-3 5.76115E-3 5.65939E-3 5.76488E-3 5.73731E-3
1.47171E-2 1.76044E-2 1.27533E-2 2.41294E-2 2.63447E-2 1.57844E-2 1.55202E-2 1.74921E-2 1.66148E-2 1.96452E-2 2.09958E-2 1.76445E-2 2.0079E-2 1.38703E-2 1.91332E-2 2.18515E-2 1.59421E-2 2.44299E-2 3.07661E-2 3.06726E-2 3.81807E-2 2.90685E-2 1.57907E-2 1.51375E-2 1.92051E-2 1.49779E-2 1.15654E-2 9.58334E-3 8.55335E-3 8.9041E-3 8.6731E-3 8.42773E-3 8.07749E-3 8.55403E-3 8.1121E-3 7.76788E-3 7.5194E-3 7.23194E-3 6.54842E-3 6.71836E-3 6.15013E-3 5.84644E-3 5.57982E-3 5.75848E-3 5.66086E-3 6.1767E-3 6.37192E-3 7.50188E-3 7.56521E-3 6.57521E-3 5.9451E-3 5.68624E-3 5.65425E-3 5.92105E-3 5.75723E-3 5.56746E-3 5.97877E-3 5.71024E-3 5.68997E-3 5.61395E-3 6.17561E-3
1.77206E-2 2.71641E-2 3.51473E-2 2.45235E-2 3.3318E-2 3.09776E-2 1.91361E-2 2.60901E-2 1.57871E-2 1.47736E-2 2.10373E-2 1.50703E-2 1.7838E-2 1.88493E-2 2.01659E-2 1.61838E-2 2.57703E-2 2.83352E-2 2.09637E-2 3.65059E-2 2.40709E-2 1.72783E-2 1.4152E-2 1.62954E-2 1.49601E-2 1.21851E-2 1.12375E-2 1.05235E-2 8.6706E-3 9.08568E-3 1.26713E-2 9.17455E-3 8.59473E-3 8.69962E-3 8.53723E-3 7.92334E-3 7.60907E-3 7.53755E-3 6.59146E-3 7.27344E-3 5.51529E-3 6.42181E-3 5.72399E-3 6.17896E-3 6.06264E-3 6.15987E-3 6.93542E-3 6.96513E-3 6.36128E-3 6.74361E-3 6.02833E-3 6.0725E-3 5.7259E-3 6.45622E-3 1.00763E-2 6.09849E-3 5.44753E-3 5.86516E-3 5.64461E-3 5.60515E-3 6.33008E-3
3.98493E-2 5.24208E-2 2.91017E-2 2.70736E-2 1.55041E-2 4.0913E-2 3.02765E-2 3.39971E-2 2.0597E-2 1.98959E-2 2.27754E-2 1.87789E-2 1.56007E-2 2.1534E-2 3.32619E-2 3.89134E-2 3.17122E-2 1.80467E-2 2.12297E-2 2.7494E-2 1.37072E-2 1.62733E-2 1.47672E-2 1.35673E-2 1.5057E-2 1.51614E-2 1.469E-2 9.58074E-3 9.4576E-3 1.62125E-2 9.69322E-3 9.20018E-3 8.7058E-3 9.23515E-3 8.37951E-3 8.03371E-3 8.21299E-3 7.78572E-3 7.51009E-3 6.99162E-3 6.78831E-3 6.69955E-3 6.3619E-3 6.65488E-3 6.84224E-3 6.51449E-3 6.47115E-3 6.60119E-3 6.18824E-3 6.52682E-3 6.24217E-3 6.1575E-3 6.50394E-3 7.00642E-3 5.25636E-3 5.69238E-3 6.20387E-3 5.61779E-3 6.05665E-3 6.30932E-3 6.56031E-3
2.6688E-2 4.10596E-2 4.82339E-2 3.18179E-2 4.03354E-2 4.02345E-2 4.44161E-2 3.9801E-2 3.91084E-2 2.32601E-2 2.60226E-2 2.04232E-2 3.5806E-2 2.64066E-2 3.11593E-2 4.00717E-2 3.63855E-2 2.00018E-2 1.43741E-2 1.51744E-2 1.61741E-2 1.5159E-2 1.4169E-2 1.65813E-2 1.55988E-2 1.48949E-2 1.09695E-2 9.06342E-3 1.98371E-2 1.06058E-2 1.03303E-2 8.75862E-3 8.94644E-3 9.52674E-3 7.67744E-3 8.2598E-3 8.17578E-3 8.15021E-3 7.66247E-3 7.0693E-3 7.11801E-3 6.80868E-3 6.51706E-3 7.01382E-3 6.83029E-3 6.85118E-3 7.07748E-3 7.4328E-3 7.19676E-3 6.77633E-3 7.24263E-3 6.32688E-3 6.69945E-3 5.90299E-3 6.07715E-3 6.14778E-3 6.05072E-3 6.21959E-3 6.07788E-3 6.18756E-3 6.81963E-3
2.20197E-2 4.6353E-2 4.11133E-2 3.94531E-2 5.01521E-2 5.27914E-2 3.86855E-2 3.64422E-2 3.77233E-2 2.91379E-2 2.37477E-2 3.058E-2 4.63217E-2 1.51162E-2 1.36045E-2 2.05007E-2 2.35197E-2 1.70652E-2 1.63145E-2 1.51104E-2 1.69459E-2 1.6176E-2 1.55987E-2 1.3768E-2 1.30212E-2 1.50441E-2 1.38938E-2 9.59394E-3 9.40792E-3 1.23112E-2 8.59917E-3 8.96531E-3 9.78668E-3 9.07247E-3 8.57479E-3 8.6483E-3 8.41548E-3 7.54647E-3 7.71431E-3 7.45522E-3 7.14743E-3 6.72729E-3 7.01548E-3 7.62706E-3 7.12929E-3 7.58931E-3 7.74125E-3 7.52649E-3 7.46162E-3 7.22054E-3 6.96418E-3 6.38934E-3 6.59877E-3 5.45644E-3 6.69524E-3 7.18837E-3 6.23746E-3 6.30924E-3 6.74151E-3 6.63982E-3 7.08808E-3
2.3578E-2 3.28505E-2 2.95323E-2 3.42881E-2 4.25706E-2 4.45201E-2 3.65319E-2 2.72029E-2 3.06213E-2 2.95085E-2 3.59512E-2 2.86533E-2 1.36602E-2 1.01393E-2 1.10529E-2 1.31065E-2 2.50998E-2 1.73342E-2 1.46789E-2 2.09929E-2 1.70617E-2 2.11268E-2 1.97089E-2 1.57536E-2 1.91894E-2 9.1811E-3 1.20898E-2 9.91821E-3 8.7306E-3 9.56779E-3 9.22204E-3 8.81822E-3 9.12988E-3 9.46055E-3 7.96142E-3 8.06855E-3 8.53576E-3 8.15242E-3 7.72454E-3 7.80425E-3 7.6302E-3 7.0058E-3 6.81273E-3 7.37137E-3 8.24116E-3 6.92403E-3 8.83934E-3 7.92507E-3 9.5612E-3 7.86949E-3 7.03401E-3 7.23035E-3 6.49484E-3 6.45029E-3 6.69256E-3 6.65312E-3 6.94983E-3 6.47824E-3 7.05726E-3 7.13649E-3 6.83416E-3
3.44552E-2 2.0881E-2 2.60359E-2 3.84987E-2 3.9894E-2 4.25428E-2 4.05658E-2 3.2142E-2 4.0394E-2 2.08803E-2 4.37772E-2 2.48445E-2 1.7083E-2 1.39499E-2 1.18181E-2 1.70042E-2 2.67357E-2 1.64259E-2 1.96573E-2 2.25287E-2 2.56437E-2 3.09787E-2 2.368E-2 2.16659E-2 1.92176E-2 1.66444E-2 1.2278E-2 1.04017E-2 9.63331E-3 1.15939E-2 1.88524E-2 9.83119E-3 8.24352E-3 7.97004E-3 8.54781E-3 8.50464E-3 7.80305E-3 7.11552E-3 8.12562E-3 7.33331E-3 7.46867E-3 7.27841E-3 7.07986E-3 7.41077E-3 8.2125E-3 6.94804E-3 7.58039E-3 7.95822E-3 8.07839E-3 7.53219E-3 8.4641E-3 7.74308E-3 7.53939E-3 6.89265E-3 7.56511E-3 7.4657E-3 6.87698E-3 7.03254E-3 6.76425E-3 7.12026E-3 6.95383E-3
2.2029E-2 2.44345E-2 2.36172E-2 3.45903E-2 3.08084E-2 4.06315E-2 3.33396E-2 3.62893E-2 4.06998E-2 4.26581E-2 4.04932E-2 4.56548E-2 2.70077E-2 2.69643E-2 3.09628E-2 3.28437E-2 2.15474E-2 2.42356E-2 2.33537E-2 2.96951E-2 2.46835E-2 1.5549E-2 1.97501E-2 1.81926E-2 1.22985E-2 1.32747E-2 1.27364E-2 1.64331E-2 1.39571E-2 1.54552E-2 1.46135E-2 9.96028E-3 9.02778E-3 8.42722E-3 8.03575E-3 7.23341E-3 7.39818E-3 7.64072E-3 7.02165E-3 7.61938E-3 7.67456E-3 7.13595E-3 7.54599E-3 7.33098E-3 7.5772E-3 7.62057E-3 7.77262E-3 8.1597E-3 7.70529E-3 7.63658E-3 7.88475E-3 8.07719E-3 7.90624E-3 7.62778E-3 7.65614E-3 8.06538E-3 7.63984E-3 7.33988E-3 7.12743E-3 7.20658E-3 7.6098E-3
1.7079E-2 1.62409E-2 1.33963E-2 1.26888E-2 2.30219E-2 3.26577E-2 4.4345E-2 2.59557E-2 3.90469E-2 3.93143E-2 4.90876E-2 3.20829E-2 2.89941E-2 2.24607E-2 2.83725E-2 3.06923E-2 3.61264E-2 3.44919E-2 2.50741E-2 2.52812E-2 1.38102E-2 1.49278E-2 3.20658E-2 2.41155E-2 1.78804E-2 2.44188E-2 1.88951E-2 2.23357E-2 1.91541E-2 1.33877E-2 1.64979E-2 1.15953E-2 1.248E-2 1.22486E-2 1.1389E-2 9.18437E-3 8.01832E-3 7.89724E-3 8.96757E-3 7.62739E-3 8.0744E-3 8.32887E-3 8.14886E-3 7.19575E-3 7.39119E-3 8.04275E-3 7.66619E-3 7.78672E-3 7.99143E-3 7.25095E-3 7.71193E-3 8.10641E-3 8.06076E-3 8.21889E-3 7.20714E-3 7.64652E-3 9.03293E-3 8.49785E-3 7.59122E-3 7.30924E-3 7.84602E-3
1.69539E-2 1.63909E-2 1.69451E-2 1.22722E-2 2.62605E-2 3.17775E-2 4.00944E-2 3.433E-2 3.75752E-2 3.57513E-2 4.19662E-2 2.99952E-2 2.06727E-2 2.29465E-2 2.13442E-2 3.09472E-2 3.58104E-2 2.85365E-2 3.31693E-2 2.99118E-2 1.69873E-2 1.43828E-2 2.03962E-2 2.17566E-2 1.80887E-2 2.35078E-2 2.88948E-2 1.99565E-2 1.48485E-2 1.71069E-2 1.83543E-2 1.39051E-2 1.575E-2 1.61767E-2 1.32687E-2 9.97758E-3 1.16381E-2 8.43303E-3 5.78804E-3 9.13394E-3 7.8975E-3 9.15986E-3 1.00593E-2 8.71421E-3 7.76387E-3 7.86043E-3 8.28717E-3 8.1398E-3 8.78177E-3 7.76945E-3 8.50957E-3 8.26937E-3 8.78557E-3 1.09211E-2 8.25602E-3 8.86477E-3 9.86933E-3 8.84434E-3 8.66679E-3 8.69442E-3 8.61112E-3
2.70675E-2 4.45759E-2 5.89779E-2 1.70229E-2 2.40797E-2 1.73045E-2 3.15403E-2 3.03675E-2 3.78562E-2 3.86132E-2 2.62539E-2 3.49954E-2 3.06661E-2 2.58693E-2 5.00673E-2 2.55721E-2 3.56762E-2 3.32805E-2 3.52749E-2 1.98577E-2 1.16856E-2 2.35016E-2 1.23052E-2 1.63051E-2 3.53321E-2 4.12569E-2 1.82188E-2 2.80635E-2 1.41756E-2 1.44872E-2 2.23248E-2 1.58504E-2 1.19223E-2 1.22404E-2 1.36006E-2 1.12069E-2 9.12471E-3 9.02034E-3 8.1065E-3 8.02692E-3 1.23002E-2 1.09434E-2 8.62507E-3 9.59167E-3 1.03376E-2 9.41476E-3 8.69802E-3 8.79112E-3 9.20447E-3 8.54867E-3 8.0836E-3 1.30276E-2 8.97443E-3 1.01169E-2 9.65128E-3 9.65128E-3 9.05235E-3 8.93599E-3 8.50857E-3 8.47858E-3 9.01093E-3
2.96795E-2 4.42591E-2 4.35259E-2 2.07512E-2 2.48993E-2 1.71982E-2 3.06977E-2 2.37223E-2 3.16705E-2 3.24367E-2 3.86079E-2 3.63456E-2 2.83528E-2 3.46897E-2 2.45601E-2 3.22057E-2 3.54971E-2 3.60657E-2 4.00452E-2 1.80317E-2 1.93985E-2 1.33987E-2 1.44685E-2 1.75781E-2 2.3988E-2 2.21288E-2 1.45196E-2 1.69248E-2 1.60488E-2 1.98878E-2 3.32105E-2 1.46697E-2 1.42819E-2 1.27652E-2 1.59115E-2 1.31307E-2 1.32983E-2 1.57432E-2 9.31684E-3 9.26368E-3 1.16974E-2 1.09904E-2 9.13672E-3 7.77229E-3 9.63499E-3 9.22462E-3 1.03228E-2 1.06967E-2 9.84834E-3 1.04037E-2 9.72375E-3 1.11982E-2 9.8732E-3 9.00013E-3 8.80267E-3 9.8668E-3 1.19999E-2 8.64176E-3 8.81538E-3 8.63011E-3 8.93427E-3
4.68753E-2 4.15777E-2 2.81655E-2 2.58609E-2 3.84393E-2 2.81852E-2 2.9108E-2 1.51007E-2 2.07575E-2 2.22712E-2 1.87816E-2 2.22605E-2 2.60796E-2 3.09891E-2 2.60646E-2 3.07389E-2 2.75583E-2 3.72665E-2 3.76472E-2 2.19581E-2 2.61315E-2 1.75977E-2 1.59402E-2 1.3437E-2 1.24019E-2 3.22565E-2 1.37285E-2 1.73201E-2 1.442E-2 1.94977E-2 3.00055E-2 2.24376E-2 1.86372E-2 2.09665E-2 2.27751E-2 2.26097E-2 1.48749E-2 1.02966E-2 1.2231E-2 1.21158E-2 1.11811E-2 1.06678E-2 9.70003E-3 9.3845E-3 9.78487E-3 1.02226E-2 8.93808E-3 9.98918E-3 1.1822E-2 1.17252E-2 1.21233E-2 1.18835E-2 9.47921E-3 9.77671E-3 8.79908E-3 8.85112E-3 8.36955E-3 8.77576E-3 9.89157E-3 8.88426E-3 1.10543E-2
4.20312E-2 3.53363E-2 2.49193E-2 3.10726E-2 3.3404E-2 3.42439E-2 3.60114E-2 3.24543E-2 2.18778E-2 2.1246E-2 2.69808E-2 3.09395E-2 3.28252E-2 2.51858E-2 3.26636E-2 3.69937E-2 3.37354E-2 3.0814E-2 4.38904E-2 2.40907E-2 2.21232E-2 1.75143E-2 1.70943E-2 2.17834E-2 1.39275E-2 2.9166E-2 2.22204E-2 1.74137E-2 2.9024E-2 1.60123E-2 2.26968E-2 1.85362E-2 2.74467E-2 2.13261E-2 2.14773E-2 3.78619E-2 1.42761E-2 1.15915E-2 1.11696E-2 1.3188E-2 1.43047E-2 1.05533E-2 1.17386E-2 1.00058E-2 1.25719E-2 1.09047E-2 9.70531E-3 1.03628E-2 9.55978E-3 1.09165E-2 1.26643E-2 1.10456E-2 1.05505E-2 9.20757E-3 1.0269E-2 9.25384E-3 8.44474E-3 9.8519E-3 1.03407E-2 9.67486E-3 9.38036E-3
4.75622E-2 4.07568E-2 3.54937E-2 2.6681E-2 3.29804E-2 3.22425E-2 3.0572E-2 3.0031E-2 2.53321E-2 2.62302E-2 2.65384E-2 2.13551E-2 2.10193E-2 3.66078E-2 3.2914E-2 3.55188E-2 3.00562E-2 1.76746E-2 4.39544E-2 2.92181E-2 1.89941E-2 2.56793E-2 2.5033E-2 1.47003E-2 1.25804E-2 1.58979E-2 3.49374E-2 3.79488E-2 2.76451E-2 2.18361E-2 1.41683E-2 1.74072E-2 3.11232E-2 3.37625E-2 2.61399E-2 1.97905E-2 1.56935E-2 1.4957E-2 1.03464E-2 1.47511E-2 1.24033E-2 1.16607E-2 1.08363E-2 1.08663E-2 1.21347E-2 1.13355E-2 9.07304E-3 1.03681E-2 1.02358E-2 1.21001E-2 1.08287E-2 9.8052E-3 1.04366E-2 9.93618E-3 9.70247E-3 8.93643E-3 9.57527E-3 9.75639E-3 9.00629E-3 8.63392E-3 9.29014E-3
4.85713E-2 3.90002E-2 3.55935E-2 2.67666E-2 3.08117E-2 2.87591E-2 3.08422E-2 2.95524E-2 3.30382E-2 3.1354E-2 2.67457E-2 1.93324E-2 2.60048E-2 3.36166E-2 3.3762E-2 3.22327E-2 2.8445E-2 2.0194E-2 2.56636E-2 2.66002E-2 2.91614E-2 3.22623E-2 2.64707E-2 3.00031E-2 1.61995E-2 1.30831E-2 3.59213E-2 3.77629E-2 2.71889E-2 2.35001E-2 3.36959E-2 2.75989E-2 2.93124E-2 4.00599E-2 3.90279E-2 3.48307E-2 2.25983E-2 2.70001E-2 1.80921E-2 1.34358E-2 1.16222E-2 1.35747E-2 1.36245E-2 1.43291E-2 1.12119E-2 1.00335E-2 9.16058E-3 1.16852E-2 1.03337E-2 1.02445E-2 1.03348E-2 1.0439E-2 1.08663E-2 8.57854E-3 8.24555E-3 8.41803E-3 8.39656E-3 9.49779E-3 9.43346E-3 9.96553E-3 1.02004E-2
4.31048E-2 3.0306E-2 2.27512E-2 2.79477E-2 3.57098E-2 3.4467E-2 2.03001E-2 2.70186E-2 4.70194E-2 3.22582E-2 2.15465E-2 2.44186E-2 2.32232E-2 3.24377E-2 3.50895E-2 2.62639E-2 3.03383E-2 2.94698E-2 3.58012E-2 3.77647E-2 2.99849E-2 3.17474E-2 2.00919E-2 3.6942E-2 2.40345E-2 1.1794E-2 3.02364E-2 3.26524E-2 2.42447E-2 3.27892E-2 3.20611E-2 3.54063E-2 4.07406E-2 3.75324E-2 2.30823E-2 2.07588E-2 3.93242E-2 2.82251E-2 2.22877E-2 2.20165E-2 1.69538E-2 1.3517E-2 1.22286E-2 1.04829E-2 1.32189E-2 1.01221E-2 1.03749E-2 1.33907E-2 1.03871E-2 9.34348E-3 1.01549E-2 9.93544E-3 9.22772E-3 8.87191E-3 8.57075E-3 9.30651E-3 9.09124E-3 9.60844E-3 8.77101E-3 1.10655E-2 1.26011E-2
3.25307E-2 2.47841E-2 3.094E-2 3.45515E-2 2.97403E-2 2.54567E-2 2.94311E-2 3.28157E-2 3.39875E-2 3.21299E-2 2.6211E-2 2.2018E-2 2.6903E-2 3.364E-2 3.50889E-2 3.48945E-2 3.1611E-2 3.22627E-2 3.6904E-2 3.21151E-2 2.18214E-2 2.5316E-2 3.03435E-2 3.45329E-2 3.1105E-2 2.05183E-2 2.34756E-2 2.16876E-2 2.12618E-2 2.41811E-2 1.63284E-2 3.82654E-2 3.84274E-2 2.95961E-2 3.67394E-2 2.67252E-2 1.97348E-2 1.63619E-2 1.41914E-2 2.28453E-2 1.81898E-2 2.17323E-2 1.42872E-2 1.57813E-2 1.77404E-2 1.1963E-2 1.22465E-2 1.05011E-2 1.20768E-2 1.16438E-2 1.05173E-2 1.18349E-2 1.01769E-2 9.77214E-3 9.69793E-3 1.05474E-2 1.00682E-2 1.03301E-2 9.88718E-3 1.00749E-2 1.08765E-2
4.17045E-2 2.70265E-2 3.3075E-2 3.79421E-2 3.43701E-2 2.88379E-2 2.90903E-2 2.76466E-2 3.10254E-2 3.26487E-2 3.78696E-2 2.7577E-2 1.92959E-2 3.25739E-2 3.06922E-2 3.11968E-2 2.70079E-2 2.12125E-2 1.90023E-2 2.60463E-2 1.81517E-2 1.69241E-2 3.02832E-2 3.40684E-2 3.55613E-2 3.32648E-2 3.58265E-2 4.27633E-2 1.92913E-2 4.26118E-2 3.42048E-2 3.713E-2 3.52561E-2 2.84231E-2 3.6953E-2 2.85481E-2 2.26513E-2 1.43873E-2 1.92484E-2 2.22635E-2 2.13261E-2 2.99958E-2 1.22999E-2 1.42341E-2 1.38709E-2 1.09642E-2 1.07292E-2 1.38024E-2 1.08037E-2 1.24076E-2 9.21755E-3 1.01553E-2 1.03542E-2 9.13334E-3 1.19949E-2 1.11262E-2 9.64199E-3 1.0475E-2 1.07285E-2 9.4535E-3 9.80546E-3
4.36339E-2 4.40062E-2 3.57626E-2 3.26135E-2 2.47785E-2 3.25486E-2 3.62637E-2 3.61155E-2 2.93245E-2 3.81821E-2 3.46383E-2 3.23873E-2 3.36346E-2 3.55273E-2 3.47814E-2 3.14483E-2 3.74844E-2 2.55215E-2 1.52013E-2 3.03605E-2 2.60649E-2 2.26212E-2 2.6079E-2 2.75585E-2 1.99306E-2 3.02753E-2 4.29555E-2 5.40721E-2 5.28764E-2 4.57194E-2 3.49007E-2 3.68154E-2 3.3086E-2 3.40028E-2 3.16508E-2 3.5383E-2 2.07662E-2 1.52759E-2 1.44709E-2 1.8401E-2 2.39596E-2 2.7474E-2 1.73573E-2 1.14695E-2 1.61008E-2 1.37204E-2 1.21711E-2 1.22545E-2 1.25795E-2 1.41233E-2 9.69458E-3 8.95438E-3 9.43327E-3 1.28494E-2 1.04167E-2 1.00665E-2 1.21304E-2 9.69419E-3 9.29011E-3 9.71218E-3 1.13219E-2
5.30665E-2 4.64939E-2 4.4012E-2 2.26017E-2 3.62916E-2 3.08099E-2 3.26102E-2 3.37848E-2 3.43028E-2 3.7092E-2 3.62899E-2 3.43584E-2 3.54182E-2 3.17264E-2 2.94902E-2 3.18941E-2 4.73703E-2 2.85248E-2 1.88575E-2 3.05398E-2 3.27205E-2 2.93825E-2 3.41768E-2 2.77873E-2 1.89706E-2 3.09037E-2 4.84649E-2 5.11943E-2 6.05359E-2 3.71353E-2 3.02189E-2 3.4857E-2 3.42758E-2 3.06523E-2 2.73386E-2 2.10641E-2 2.1785E-2 3.00266E-2 2.03087E-2 1.68686E-2 2.76093E-2 2.17242E-2 2.08256E-2 1.65329E-2 1.61931E-2 1.17484E-2 1.19684E-2 1.62503E-2 1.47638E-2 1.22889E-2 9.6227E-3 1.04359E-2 1.01025E-2 1.21826E-2 1.04683E-2 1.12156E-2 1.4453E-2 1.17001E-2 9.70684E-3 9.96986E-3 1.22033E-2
6.75754E-2 4.30189E-2 4.42978E-2 4.23139E-2 3.83592E-2 3.67758E-2 3.24047E-2 4.28565E-2 3.02007E-2 4.0191E-2 3.61206E-2 3.12982E-2 3.49559E-2 3.97022E-2 3.84797E-2 3.46493E-2 3.03159E-2 1.94398E-2 1.59266E-2 1.74418E-2 2.54239E-2 2.1004E-2 3.33176E-2 2.38896E-2 2.61421E-2 3.40078E-2 3.29196E-2 3.49067E-2 3.71365E-2 3.80099E-2 3.64341E-2 3.54057E-2 4.33651E-2 2.82998E-2 2.67795E-2 2.83612E-2 2.77821E-2 2.65562E-2 1.89291E-2 1.62488E-2 2.53312E-2 1.60188E-2 1.30231E-2 1.38501E-2 1.72225E-2 1.55391E-2 1.4212E-2 1.70106E-2 1.7963E-2 1.27621E-2 1.06839E-2 1.34234E-2 1.07917E-2 9.35352E-3 8.92341E-3 9.61145E-3 1.07851E-2 9.81128E-3 9.79528E-3 1.04127E-2 1.13615E-2
5.04129E-2 5.16917E-2 5.26213E-2 3.90253E-2 4.15308E-2 4.00411E-2 4.19771E-2 3.7964E-2 2.98552E-2 3.0629E-2 3.38939E-2 2.84282E-2 3.85186E-2 3.54595E-2 3.48224E-2 2.31519E-2 3.09749E-2 2.27203E-2 2.191E-2 2.12264E-2 1.84999E-2 2.20583E-2 2.97603E-2 3.04556E-2 3.36766E-2 3.77117E-2 3.84793E-2 4.89901E-2 5.05445E-2 3.33227E-2 3.37012E-2 3.67847E-2 3.99296E-2 2.22216E-2 3.49982E-2 3.28262E-2 2.50123E-2 2.52814E-2 1.74331E-2 2.2098E-2 1.96425E-2 1.13498E-2 1.19753E-2 1.26724E-2 1.39358E-2 1.73978E-2 1.79683E-2 1.53966E-2 1.61404E-2 1.30376E-2 1.21957E-2 1.36684E-2 1.22619E-2 1.0994E-2 1.02894E-2 1.05513E-2 1.07344E-2 1.01888E-2 1.06846E-2 1.10428E-2 1.17703E-2
4.96816E-2 6.22693E-2 5.25516E-2 4.27911E-2 4.58811E-2 5.18068E-2 4.09713E-2 4.23724E-2 3.58704E-2 4.25808E-2 3.89107E-2 2.40339E-2 3.46488E-2 3.56584E-2 2.56246E-2 2.78786E-2 3.17637E-2 2.83953E-2 2.32375E-2 2.98163E-2 2.81164E-2 3.15616E-2 3.09338E-2 2.98292E-2 3.18219E-2 3.16094E-2 3.29965E-2 4.50189E-2 5.88956E-2 5.4927E-2 4.22131E-2 5.99311E-2 3.93067E-2 2.9902E-2 2.89379E-2 3.20387E-2 2.33501E-2 2.08589E-2 2.34362E-2 1.54827E-2 1.87598E-2 1.64336E-2 1.2017E-2 1.12296E-2 1.32471E-2 1.57633E-2 1.75805E-2 1.78462E-2 1.34638E-2 1.28888E-2 1.43955E-2 1.14729E-2 1.42383E-2 1.16288E-2 1.03459E-2 9.87226E-3 1.17684E-2 1.08799E-2 1.11517E-2 1.12607E-2 1.224E-2
7.31371E-2 5.10453E-2 5.55288E-2 5.19083E-2 5.17809E-2 6.00416E-2 4.10476E-2 4.76716E-2 4.36062E-2 4.68701E-2 3.43609E-2 3.00701E-2 3.08275E-2 2.6452E-2 3.06871E-2 2.84938E-2 2.59093E-2 2.42696E-2 2.06994E-2 2.9958E-2 3.05064E-2 3.27155E-2 3.2206E-2 3.04216E-2 3.07867E-2 3.24593E-2 3.55306E-2 3.06001E-2 4.49398E-2 5.48973E-2 3.99739E-2 5.35167E-2 3.83408E-2 2.66585E-2 3.22501E-2 2.61575E-2 3.12428E-2 2.95382E-2 2.56872E-2 1.80608E-2 1.60445E-2 1.70249E-2 1.83436E-2 1.48953E-2 1.27358E-2 1.45759E-2 2.37657E-2 2.29721E-2 2.4051E-2 1.68537E-2 1.61274E-2 1.43907E-2 1.28249E-2 1.17256E-2 1.03263E-2 1.10647E-2 1.21926E-2 1.60959E-2 1.63024E-2 1.43789E-2 1.23127E-2
