Final_Models_July82022/M_0.1_F_lqp_Set_1/Bison_6.asc
ncols         290
nrows         380
xllcorner     -2197417.7431653
yllcorner     -584827.01486885
cellsize      10000.0
NODATA_value  -9999
[rows 81 to 107 of 380, columns 122 to 182 of 290]
1.66703E-1 1.59275E-1 2.23168E-1 1.18449E-1 7.39901E-2 1.2831E-1 1.93062E-1 2.12296E-1 1.90188E-1 1.82717E-1 2.01689E-1 7.29006E-2 1.08617E-1 1.23233E-1 1.05162E-1 1.42044E-1 1.46094E-1 1.22406E-1 1.11914E-1 8.32517E-2 7.15903E-2 4.94849E-2 3.44672E-2 4.20252E-2 4.21003E-2 2.87863E-2 3.06157E-2 2.67928E-2 2.07188E-2 1.53359E-2 1.71997E-2 1.77517E-2 2.06411E-2 1.30972E-2 1.2791E-2 1.39618E-2 1.05205E-2 7.84053E-3 6.33138E-3 5.29296E-3 4.19645E-3 2.88592E-3 2.16691E-3 2.27682E-3 2.12258E-3 2.01743E-3 2.17292E-3 1.8689E-3 1.76344E-3 1.77113E-3 2.09772E-3 1.64293E-3 2.29511E-3 2.71059E-3 2.79983E-3 3.09085E-3 3.50606E-3 3.40303E-3 2.55295E-3 3.52573E-3 3.55159E-3
1.44526E-1 1.07444E-1 1.84916E-1 6.67078E-2 5.38446E-2 6.19709E-2 1.41048E-1 1.61114E-1 2.43222E-1 7.21493E-1 1.38231E-1 9.31329E-2 1.71327E-1 1.45259E-1 1.0234E-1 1.09703E-1 6.44841E-2 -9999 1.01091E-1 7.52918E-2 5.00488E-2 4.73398E-2 4.05993E-2 4.00071E-2 3.84939E-2 3.09703E-2 2.3941E-2 2.71766E-2 3.56732E-2 3.26075E-2 2.80935E-2 3.49327E-2 2.48498E-2 1.3667E-2 1.20257E-2 1.1084E-2 8.94677E-3 1.01123E-2 7.54738E-3 5.09754E-3 4.23525E-3 3.17678E-3 2.72836E-3 2.01229E-3 2.27711E-3 2.30039E-3 2.24794E-3 1.99736E-3 1.92652E-3 2.05324E-3 1.75652E-3 1.56721E-3 1.89154E-3 2.30602E-3 2.69174E-3 3.04049E-3 2.66061E-3 2.95119E-3 2.50119E-3 3.67031E-3 2.69462E-3
1.57502E-1 1.39605E-1 6.39193E-2 4.98536E-2 5.24914E-2 5.3091E-2 7.03754E-2 1.43876E-1 1.32464E-1 1.43572E-1 1.87121E-1 1.61676E-1 1.5516E-1 1.55798E-1 8.1162E-2 1.0478E-1 9.53716E-2 1.12461E-1 8.51891E-2 5.19847E-2 3.90054E-2 4.69958E-2 4.09861E-2 4.46537E-2 4.33446E-2 2.93744E-2 1.76924E-2 1.9289E-2 1.403E-2 1.79978E-2 1.80105E-2 2.80438E-2 4.89854E-2 1.03314E-2 9.96868E-3 9.27744E-3 7.5583E-3 8.19786E-3 6.97143E-3 5.5793E-3 4.37875E-3 3.68473E-3 4.19987E-3 2.91203E-3 2.38451E-3 3.02034E-3 2.67701E-3 2.22439E-3 2.2835E-3 2.05148E-3 1.70184E-3 -9999 1.74435E-3 2.23002E-3 2.87663E-3 2.66267E-3 2.69259E-3 3.43365E-3 3.53861E-3 3.433E-3 2.0585E-3
9.98596E-2 5.24308E-2 4.9351E-2 4.88135E-2 1.30013E-1 1.46937E-1 1.21424E-1 1.55561E-1 1.3175E-1 1.45085E-1 1.34358E-1 1.06976E-1 1.23209E-1 6.14175E-2 9.26069E-2 1.005E-1 7.00551E-2 8.17677E-2 9.33048E-2 5.17891E-2 4.32633E-2 3.93925E-2 3.29473E-2 4.04775E-2 3.29838E-2 2.32278E-2 1.77575E-2 1.46016E-2 1.99136E-2 2.28039E-2 3.19334E-2 1.0888E-1 2.03287E-2 9.44914E-3 8.76891E-3 8.56018E-3 7.01008E-3 5.65125E-3 5.03734E-3 4.88016E-3 4.7122E-3 3.64889E-3 3.04003E-3 3.24714E-3 2.77013E-3 2.67949E-3 2.78231E-3 2.06359E-3 1.62259E-3 1.78267E-3 1.98253E-3 1.83983E-3 1.66382E-3 1.85384E-3 2.86736E-3 2.59725E-3 2.56599E-3 3.06395E-3 2.77137E-3 2.29813E-3 2.28021E-3
4.76664E-2 5.75274E-2 1.08059E-1 1.33668E-1 1.57507E-1 1.39015E-1 1.26164E-1 1.34092E-1 1.29508E-1 1.4997E-1 1.48234E-1 1.46642E-1 8.85663E-2 8.9739E-2 6.42865E-2 1.24642E-1 1.12627E-1 7.45168E-2 8.93532E-2 6.56046E-2 3.77044E-2 3.51334E-2 2.49544E-2 2.5637E-2 2.54353E-2 2.52866E-2 1.56626E-2 2.28891E-2 2.06341E-2 2.84327E-2 3.29619E-2 2.78227E-2 1.92692E-2 1.47675E-2 1.58291E-2 8.5213E-3 5.29853E-3 4.24524E-3 4.09979E-3 4.32858E-3 4.27704E-3 3.79334E-3 2.9009E-3 3.01439E-3 2.59201E-3 2.97009E-3 1.91298E-3 1.53499E-3 1.69694E-3 1.6706E-3 1.65618E-3 1.62085E-3 1.32611E-3 1.5644E-3 2.18514E-3 2.39963E-3 3.05035E-3 2.779E-3 3.1644E-3 2.31374E-3 2.40326E-3
9.12718E-2 1.39654E-1 1.14247E-1 1.191E-1 1.21543E-1 9.85194E-2 1.17707E-1 1.33505E-1 1.15042E-1 9.52705E-2 6.68678E-2 8.75506E-2 7.18168E-2 9.24946E-2 1.1164E-1 1.06844E-1 8.9075E-2 4.93655E-2 6.22649E-2 5.06195E-2 3.82375E-2 3.89003E-2 3.02725E-2 3.23197E-2 2.67011E-2 2.53358E-2 3.20766E-2 2.72456E-2 3.19558E-2 2.77693E-2 3.1802E-2 3.30912E-2 2.2451E-2 1.45997E-2 1.107E-2 8.6379E-3 5.53109E-3 4.47338E-3 4.2415E-3 4.49359E-3 4.30822E-3 4.15887E-3 2.54007E-3 2.555E-3 2.77322E-3 2.90578E-3 2.54469E-3 1.74661E-3 1.52456E-3 1.56957E-3 1.58622E-3 1.39384E-3 1.37716E-3 1.4388E-3 2.05E-3 1.92718E-3 2.46209E-3 3.10154E-3 3.70219E-3 2.78132E-3 2.45592E-3
1.20588E-1 1.13772E-1 1.13991E-1 1.22149E-1 1.51663E-1 1.33756E-1 1.13147E-1 1.1798E-1 1.44988E-1 1.20912E-1 4.76605E-2 6.91794E-2 8.6129E-2 1.1001E-1 8.99986E-2 8.03153E-2 4.65299E-2 6.65449E-2 5.11946E-2 4.04709E-2 4.63683E-2 3.82936E-2 2.97569E-2 2.26214E-2 2.02873E-2 3.25753E-2 3.69344E-2 1.25723E-2 2.06112E-2 -9999 2.58353E-2 1.9438E-2 1.32788E-2 1.85807E-2 1.68288E-2 9.4444E-3 6.34207E-3 4.64485E-3 4.80207E-3 5.03673E-3 4.09914E-3 3.6617E-3 3.1226E-3 2.60034E-3 3.17757E-3 2.84745E-3 2.79103E-3 1.99608E-3 1.96599E-3 1.65572E-3 1.4457E-3 1.33331E-3 1.27909E-3 1.57088E-3 1.97099E-3 2.20731E-3 2.32124E-3 3.26419E-3 3.71597E-3 3.23427E-3 2.21046E-3
1.19734E-1 1.19853E-1 9.3992E-2 1.09732E-1 1.15181E-1 1.1263E-1 1.11586E-1 1.36628E-1 1.39529E-1 1.2451E-1 5.8257E-2 1.12633E-1 1.16693E-1 9.62503E-2 1.1197E-1 1.06261E-1 8.05913E-2 7.83359E-2 6.68259E-2 4.23658E-2 5.11692E-2 3.85598E-2 2.78992E-2 2.1682E-2 2.0721E-2 2.4455E-2 1.45154E-2 1.27804E-2 9.66872E-3 1.19955E-2 1.22362E-2 1.37073E-2 1.34566E-2 1.15741E-2 8.94103E-3 7.22307E-3 6.05736E-3 5.47426E-3 6.1357E-3 5.4556E-3 4.2938E-3 3.92156E-3 3.14155E-3 2.73662E-3 2.85705E-3 2.55469E-3 2.76681E-3 2.38225E-3 1.94905E-3 1.70753E-3 1.71581E-3 1.42846E-3 1.38915E-3 1.59359E-3 1.90784E-3 2.59789E-3 2.9188E-3 2.43029E-3 2.43814E-3 2.67512E-3 2.1801E-3
1.63886E-1 9.35253E-2 8.48801E-2 8.35612E-2 9.13387E-2 8.8514E-2 9.28897E-2 1.32404E-1 1.45416E-1 9.23713E-2 8.57394E-2 1.13886E-1 1.25095E-1 9.11527E-2 1.15095E-1 1.08774E-1 1.13614E-1 5.67544E-2 7.10317E-2 5.41037E-2 4.36159E-2 4.25307E-2 3.50768E-2 2.22124E-2 2.35938E-2 1.54247E-2 1.33534E-2 1.08662E-2 9.89582E-3 -9999 9.971E-3 1.1204E-2 1.15233E-2 9.82392E-3 8.60139E-3 7.53651E-3 6.931E-3 7.27724E-3 6.75994E-3 5.82675E-3 4.65278E-3 3.62592E-3 3.48884E-3 3.35967E-3 2.7167E-3 2.35462E-3 2.53409E-3 2.15466E-3 2.06045E-3 1.70548E-3 1.74023E-3 1.66757E-3 1.57751E-3 1.72673E-3 1.95599E-3 2.39174E-3 2.68188E-3 2.69662E-3 2.49072E-3 2.66904E-3 2.42353E-3
9.8811E-2 1.09985E-1 8.69814E-2 8.91535E-2 6.64333E-2 6.11733E-2 4.11107E-2 8.92502E-2 1.25219E-1 1.01008E-1 8.35492E-2 1.17158E-1 1.01854E-1 1.07065E-1 7.71371E-2 7.2439E-2 8.74517E-2 7.19077E-2 5.04437E-2 6.24393E-2 4.62747E-2 3.17429E-2 3.63464E-2 2.31119E-2 1.81899E-2 1.57095E-2 1.44386E-2 1.27811E-2 1.4303E-2 7.92824E-3 8.97259E-3 1.16344E-2 1.22976E-2 1.20779E-2 9.92509E-3 9.15292E-3 9.00301E-3 7.65089E-3 6.33619E-3 5.57828E-3 5.23329E-3 4.47417E-3 3.8693E-3 3.3475E-3 2.72233E-3 2.44348E-3 2.23505E-3 2.02976E-3 1.96452E-3 1.97233E-3 1.70356E-3 1.78973E-3 1.6286E-3 1.8716E-3 2.09602E-3 2.33907E-3 2.7816E-3 2.7113E-3 2.45975E-3 2.67466E-3 2.55507E-3
9.34246E-2 8.84072E-2 8.65454E-2 9.03625E-2 7.01384E-2 8.17902E-2 8.51376E-2 1.00399E-1 1.11931E-1 1.32483E-1 1.00043E-1 1.01283E-1 1.16957E-1 8.98415E-2 7.69265E-2 7.59162E-2 7.01242E-2 7.68981E-2 6.03507E-2 6.16651E-2 3.63811E-2 4.75903E-2 3.56713E-2 2.60459E-2 2.54626E-2 1.95382E-2 1.62302E-2 1.26141E-2 -9999 -9999 9.879E-3 1.04261E-2 1.13736E-2 1.14257E-2 1.33469E-2 -9999 8.16312E-3 7.90182E-3 6.43264E-3 6.07128E-3 6.1811E-3 5.29682E-3 3.92898E-3 3.57352E-3 2.92413E-3 2.61063E-3 2.20449E-3 2.15125E-3 1.89187E-3 1.95668E-3 1.90042E-3 1.76437E-3 1.51153E-3 1.92576E-3 2.08883E-3 2.45886E-3 2.57995E-3 2.85282E-3 2.39984E-3 2.7829E-3 2.65055E-3
1.13048E-1 1.01305E-1 7.61423E-2 6.77445E-2 7.1239E-2 9.58859E-2 9.84935E-2 9.11699E-2 1.14364E-1 1.41991E-1 1.14405E-1 8.61641E-2 1.0361E-1 8.96776E-2 9.2734E-2 8.55715E-2 6.75753E-2 7.01025E-2 6.96375E-2 7.13824E-2 5.26331E-2 3.83878E-2 4.29086E-2 3.82357E-2 2.11734E-2 2.05304E-2 1.64868E-2 1.05998E-2 1.0438E-2 1.35313E-2 8.86726E-3 1.1207E-2 1.44769E-2 1.21623E-2 1.08973E-2 9.28799E-3 1.08275E-2 7.35888E-3 6.9711E-3 6.43573E-3 5.88123E-3 5.13559E-3 -9999 3.59822E-3 2.92498E-3 2.77249E-3 2.37255E-3 2.30037E-3 2.23831E-3 2.04714E-3 2.00882E-3 2.04996E-3 1.80343E-3 1.9074E-3 2.27641E-3 2.65664E-3 3.19512E-3 2.54723E-3 2.37362E-3 2.80934E-3 3.26635E-3
1.20719E-1 9.06693E-2 8.90817E-2 7.86206E-2 9.38025E-2 1.03966E-1 9.34251E-2 7.7848E-2 9.56381E-2 7.26538E-2 1.13731E-1 9.63183E-2 9.45519E-2 9.20098E-2 9.84644E-2 6.84783E-2 6.84106E-2 7.79218E-2 7.5646E-2 5.65793E-2 6.87098E-2 3.63084E-2 3.7776E-2 3.1518E-2 2.6214E-2 1.98891E-2 1.41935E-2 1.36465E-2 1.27898E-2 1.13755E-2 1.21544E-2 1.12849E-2 1.05215E-2 1.2831E-2 1.02002E-2 6.36372E-3 6.59768E-3 7.25972E-3 7.62651E-3 6.48082E-3 5.82579E-3 5.01866E-3 4.46929E-3 3.96668E-3 3.49789E-3 2.78967E-3 2.53055E-3 2.28427E-3 2.23433E-3 2.63443E-3 2.2876E-3 2.28907E-3 2.17577E-3 2.15884E-3 2.20177E-3 2.5458E-3 2.56145E-3 2.38244E-3 2.40164E-3 2.56263E-3 3.13218E-3
1.02118E-1 1.01996E-1 1.04883E-1 1.00827E-1 9.83835E-2 1.03644E-1 9.40588E-2 9.57426E-2 5.33719E-2 5.56648E-2 7.91677E-2 1.14456E-1 7.92035E-2 8.45306E-2 6.91717E-2 5.05724E-2 5.16463E-2 8.70693E-2 6.08602E-2 7.29868E-2 5.34699E-2 5.95993E-2 4.26473E-2 4.26526E-2 4.26354E-2 2.37405E-2 1.75877E-2 1.52545E-2 1.30232E-2 1.39839E-2 1.50953E-2 1.11913E-2 1.25361E-2 9.22988E-3 8.64669E-3 7.66671E-3 6.9519E-3 6.6814E-3 7.42273E-3 6.76267E-3 5.2362E-3 4.97688E-3 4.38073E-3 3.37514E-3 3.76958E-3 2.97882E-3 2.59686E-3 2.33093E-3 2.24426E-3 2.07746E-3 2.4356E-3 2.4632E-3 2.40334E-3 2.44566E-3 2.20692E-3 2.47557E-3 2.59399E-3 2.11792E-3 2.73998E-3 3.35397E-3 3.45233E-3
8.45001E-2 9.7473E-2 9.77904E-2 8.83863E-2 7.98395E-2 9.70517E-2 1.12711E-1 1.02965E-1 9.183E-2 3.61982E-2 1.07178E-1 1.02612E-1 7.62004E-2 7.86741E-2 6.59888E-2 7.66372E-2 5.48658E-2 8.97618E-2 5.153E-2 5.58274E-2 4.91222E-2 5.39652E-2 2.66193E-2 4.68328E-2 3.11062E-2 2.55667E-2 1.89748E-2 1.42129E-2 1.47843E-2 1.30275E-2 1.4148E-2 1.22827E-2 1.05577E-2 8.89065E-3 7.81196E-3 8.07828E-3 8.01252E-3 7.71867E-3 7.30492E-3 6.68917E-3 5.92457E-3 5.46009E-3 5.05523E-3 4.41599E-3 2.92795E-3 2.93054E-3 3.08756E-3 2.39816E-3 2.26363E-3 2.35311E-3 2.44707E-3 2.637E-3 2.63882E-3 2.69974E-3 2.59028E-3 2.47047E-3 2.47938E-3 2.64562E-3 3.3181E-3 3.46636E-3 3.79551E-3
8.99348E-2 1.0493E-1 8.70345E-2 8.1489E-2 1.05752E-1 8.96136E-2 1.04759E-1 9.75989E-2 9.38487E-2 8.44066E-2 1.27231E-1 8.29244E-2 8.12436E-2 7.8883E-2 7.57607E-2 6.49212E-2 5.89855E-2 7.34506E-2 6.34925E-2 6.07773E-2 7.2655E-2 6.15336E-2 6.35064E-2 3.51513E-2 2.9428E-2 2.50131E-2 1.90977E-2 1.73687E-2 1.59766E-2 1.53573E-2 1.23634E-2 1.38329E-2 1.13757E-2 1.29832E-2 8.26258E-3 7.24811E-3 8.12782E-3 7.74776E-3 7.56116E-3 6.94285E-3 6.23159E-3 5.56127E-3 5.19549E-3 4.58235E-3 4.38553E-3 3.53826E-3 2.99576E-3 3.0191E-3 2.50696E-3 2.31084E-3 2.59316E-3 2.89499E-3 3.3671E-3 3.01206E-3 3.06476E-3 3.0185E-3 2.95639E-3 2.98675E-3 2.97577E-3 3.74519E-3 4.08909E-3
7.39938E-2 9.06588E-2 9.93287E-2 9.58946E-2 1.152E-1 9.20396E-2 1.04697E-1 9.8723E-2 1.04751E-1 9.44027E-2 5.54906E-2 9.7803E-2 9.68755E-2 8.85184E-2 8.67546E-2 7.53336E-2 6.45917E-2 5.67562E-2 6.04384E-2 6.14032E-2 5.79085E-2 7.62057E-2 7.3923E-2 5.22599E-2 4.99648E-2 3.36478E-2 2.20734E-2 1.84444E-2 1.63859E-2 1.84524E-2 1.7707E-2 1.55868E-2 1.34441E-2 1.30408E-2 9.45245E-3 8.39268E-3 7.62006E-3 8.48457E-3 9.93408E-3 7.38707E-3 6.50882E-3 5.81637E-3 5.27195E-3 4.72491E-3 3.13156E-3 3.53299E-3 3.14229E-3 2.77914E-3 2.46709E-3 2.5981E-3 2.99469E-3 3.15375E-3 3.05249E-3 3.15085E-3 3.21451E-3 3.50954E-3 3.19974E-3 3.05057E-3 3.12777E-3 3.58949E-3 4.07378E-3
4.61648E-2 7.34818E-2 8.41402E-2 7.95552E-2 8.86216E-2 1.09659E-1 1.03207E-1 1.05102E-1 8.87314E-2 9.90106E-2 1.01906E-1 1.17224E-1 8.94754E-2 8.02257E-2 8.08996E-2 7.05505E-2 5.3333E-2 6.15036E-2 6.46462E-2 6.18206E-2 8.38946E-2 8.14505E-2 5.8319E-2 6.08189E-2 9.98358E-2 5.61292E-2 2.42138E-2 2.22987E-2 2.02869E-2 1.86321E-2 1.9268E-2 1.95132E-2 1.68796E-2 1.54819E-2 1.3828E-2 9.89298E-3 -9999 1.03964E-2 9.73364E-3 8.32366E-3 6.89985E-3 6.00658E-3 5.30647E-3 4.53613E-3 4.28568E-3 3.8133E-3 3.07751E-3 3.15168E-3 3.05953E-3 2.91492E-3 3.23409E-3 3.41985E-3 3.48522E-3 3.35792E-3 3.19134E-3 3.43509E-3 3.0359E-3 3.06646E-3 3.20843E-3 3.72774E-3 3.86397E-3
5.13532E-2 7.94662E-2 9.95958E-2 6.90969E-2 4.86375E-2 9.60188E-2 1.14767E-1 9.53033E-2 1.12842E-1 7.84521E-2 5.81303E-2 8.59784E-2 9.29199E-2 7.84792E-2 7.71199E-2 7.65448E-2 7.4866E-2 7.34315E-2 6.59148E-2 6.86218E-2 1.12736E-1 8.74253E-2 6.00261E-2 5.17144E-2 8.41339E-2 4.33927E-2 2.92049E-2 3.3459E-2 2.42756E-2 2.45881E-2 1.98126E-2 2.2648E-2 -9999 1.70168E-2 -9999 1.10291E-2 1.07232E-2 9.76594E-3 1.11996E-2 8.83942E-3 6.91517E-3 6.09877E-3 5.6277E-3 4.9567E-3 3.89931E-3 3.79351E-3 3.60743E-3 3.45584E-3 3.24701E-3 3.27432E-3 3.35016E-3 3.35533E-3 3.44272E-3 3.50859E-3 3.15265E-3 3.51243E-3 3.35949E-3 3.53785E-3 3.37377E-3 3.91442E-3 4.0531E-3
9.93324E-2 8.61347E-2 8.47718E-2 7.37004E-2 7.8985E-2 8.32723E-2 9.39498E-2 1.07141E-1 9.25628E-2 5.80537E-2 6.55277E-2 1.22356E-1 8.17326E-2 1.04001E-1 8.76803E-2 7.89595E-2 8.0648E-2 8.25918E-2 7.32214E-2 8.10882E-2 8.02975E-2 8.68053E-2 6.76686E-2 6.27539E-2 6.50709E-2 5.26073E-2 6.15053E-2 4.72725E-2 4.21507E-2 3.12633E-2 2.92821E-2 2.04653E-2 1.78991E-2 1.65219E-2 1.63359E-2 1.32101E-2 1.16654E-2 9.11403E-3 9.32946E-3 8.0153E-3 6.64643E-3 6.76168E-3 5.93046E-3 5.35185E-3 4.74105E-3 4.0232E-3 4.15467E-3 3.80145E-3 3.8321E-3 3.29797E-3 3.43803E-3 3.40627E-3 3.50898E-3 3.52632E-3 3.58299E-3 3.32469E-3 3.50347E-3 3.18814E-3 3.94282E-3 4.19322E-3 4.57421E-3
9.57908E-2 9.7825E-2 7.19969E-2 3.75236E-2 4.48758E-2 9.90595E-2 1.08047E-1 1.05424E-1 5.65365E-2 6.22571E-2 1.03748E-1 1.00513E-1 5.31847E-2 6.66392E-2 9.97895E-2 8.16746E-2 8.54336E-2 7.58148E-2 9.0507E-2 7.43472E-2 9.73045E-2 8.93474E-2 7.9264E-2 7.9005E-2 8.32375E-2 5.30357E-2 3.77555E-2 6.74901E-2 5.95415E-2 4.32914E-2 2.69779E-2 3.28968E-2 2.24831E-2 1.57833E-2 1.56885E-2 1.4955E-2 1.0876E-2 1.1592E-2 1.09273E-2 7.39129E-3 7.52987E-3 6.40105E-3 6.13032E-3 5.78412E-3 5.23487E-3 4.24053E-3 4.22821E-3 -9999 3.41744E-3 3.56517E-3 3.47225E-3 3.31267E-3 3.78841E-3 4.08064E-3 4.04836E-3 3.79291E-3 3.96735E-3 4.17358E-3 4.5732E-3 4.68755E-3 4.03699E-3
9.61414E-2 8.54973E-2 8.66795E-2 6.86564E-2 9.14581E-2 9.69546E-2 1.10699E-1 1.30137E-1 7.47568E-2 1.03175E-1 1.1357E-1 1.05541E-1 5.82802E-2 8.00585E-2 1.00101E-1 9.18266E-2 8.4411E-2 1.03772E-1 8.33485E-2 7.3884E-2 8.98608E-2 9.01416E-2 9.46358E-2 8.317E-2 9.73243E-2 1.02905E-1 8.82808E-2 6.55133E-2 5.05703E-2 3.00621E-2 2.32157E-2 2.69544E-2 1.74681E-2 1.75762E-2 1.53555E-2 1.38751E-2 1.09929E-2 1.12762E-2 1.23352E-2 7.95879E-3 7.72221E-3 6.74747E-3 6.37121E-3 5.56728E-3 5.34461E-3 4.66923E-3 4.35146E-3 4.47163E-3 4.25675E-3 3.94421E-3 4.17345E-3 3.92437E-3 4.16933E-3 4.59895E-3 3.93789E-3 4.30707E-3 4.72285E-3 5.16332E-3 4.26307E-3 4.90041E-3 4.37614E-3
9.58567E-2 8.36269E-2 1.15828E-1 1.07995E-1 1.20385E-1 1.14975E-1 1.12005E-1 1.23563E-1 1.27419E-1 1.08088E-1 1.11028E-1 1.22722E-1 1.29341E-1 1.09247E-1 1.16387E-1 1.02099E-1 9.49145E-2 9.26232E-2 8.61225E-2 7.27848E-2 8.90291E-2 5.2555E-2 8.68754E-2 8.46132E-2 9.13733E-2 9.41698E-2 7.49691E-2 8.57113E-2 5.82103E-2 2.92951E-2 3.8482E-2 3.67983E-2 2.95423E-2 2.02555E-2 1.83386E-2 1.21174E-2 1.07657E-2 9.80311E-3 1.05659E-2 8.23144E-3 8.17763E-3 7.7959E-3 6.90814E-3 6.28137E-3 5.5191E-3 5.25211E-3 5.08483E-3 4.67336E-3 4.7093E-3 4.32513E-3 4.68775E-3 4.58313E-3 4.724E-3 5.01516E-3 4.7745E-3 4.13735E-3 5.4318E-3 4.60577E-3 4.11899E-3 4.10214E-3 4.03397E-3
9.36776E-2 1.0588E-1 1.15323E-1 1.25371E-1 1.07571E-1 1.16175E-1 1.08328E-1 1.01398E-1 1.04933E-1 1.0727E-1 9.97228E-2 1.23142E-1 9.01513E-2 1.0445E-1 1.1662E-1 1.04136E-1 9.56695E-2 1.06705E-1 9.94853E-2 9.16966E-2 8.80553E-2 6.74308E-2 9.5054E-2 9.66868E-2 1.00124E-1 9.35211E-2 9.81632E-2 9.24857E-2 6.76932E-2 4.5014E-2 4.84246E-2 4.70204E-2 4.41691E-2 3.933E-2 2.09739E-2 1.92312E-2 1.3533E-2 9.01765E-3 9.6065E-3 9.29827E-3 8.48603E-3 7.84465E-3 7.38371E-3 6.43977E-3 5.41508E-3 5.4188E-3 5.12332E-3 5.12959E-3 5.19849E-3 5.119E-3 5.00834E-3 5.23304E-3 5.10861E-3 4.96402E-3 4.81405E-3 5.22195E-3 5.67374E-3 5.00195E-3 4.68785E-3 4.02393E-3 3.77335E-3
1.0802E-1 1.15499E-1 1.29942E-1 1.19793E-1 1.03476E-1 8.13278E-2 5.05616E-2 4.75301E-2 1.09437E-1 1.11517E-1 1.06931E-1 1.1151E-1 1.10648E-1 1.26393E-1 1.10827E-1 9.90683E-2 1.02986E-1 9.69065E-2 7.00756E-2 8.10861E-2 9.15003E-2 8.55112E-2 4.26046E-2 3.71701E-2 8.87429E-2 9.9448E-2 8.76959E-2 8.23146E-2 6.27688E-2 4.76365E-2 4.76231E-2 5.14219E-2 4.98704E-2 3.1385E-2 3.12684E-2 2.46615E-2 1.29613E-2 1.03482E-2 1.26899E-2 1.10702E-2 8.62618E-3 8.5946E-3 8.83299E-3 8.29725E-3 6.78568E-3 5.97045E-3 5.57149E-3 5.97746E-3 5.83236E-3 5.64869E-3 5.00009E-3 5.30225E-3 5.86547E-3 5.17778E-3 5.54211E-3 5.13352E-3 5.3664E-3 5.92177E-3 4.8342E-3 3.88794E-3 3.83025E-3
1.03547E-1 1.14168E-1 1.08655E-1 9.85633E-2 7.99647E-2 4.78335E-2 4.96919E-2 4.88525E-2 1.04611E-1 1.09358E-1 1.07613E-1 1.02102E-1 1.27032E-1 1.25219E-1 1.21698E-1 9.56305E-2 9.73539E-2 8.94551E-2 9.3259E-2 9.22423E-2 9.29456E-2 9.26195E-2 5.66262E-2 7.25338E-2 1.56371E-1 1.15321E-1 9.03852E-2 7.81223E-2 5.58324E-2 5.09757E-2 4.64603E-2 4.64486E-2 5.51454E-2 4.48149E-2 3.45093E-2 2.04515E-2 1.47899E-2 1.71552E-2 1.29314E-2 1.27378E-2 9.34967E-3 9.2773E-3 1.07683E-2 9.41586E-3 7.24537E-3 6.56594E-3 6.59326E-3 6.38585E-3 7.37126E-3 5.81844E-3 5.9373E-3 5.84866E-3 7.40071E-3 5.68328E-3 6.58591E-3 5.67545E-3 5.47883E-3 5.78683E-3 4.82434E-3 4.04148E-3 4.35832E-3
7.2441E-2 1.04222E-1 6.78037E-2 8.41058E-2 1.04061E-1 9.6529E-2 5.73037E-2 5.61776E-2 6.5607E-2 9.13829E-2 1.07248E-1 1.07262E-1 1.27546E-1 1.15275E-1 1.31291E-1 1.12149E-1 1.04418E-1 1.01143E-1 8.52558E-2 9.25127E-2 9.53193E-2 9.96289E-2 1.10355E-1 9.64417E-2 9.78157E-2 1.14752E-1 1.0122E-1 6.55712E-2 6.27979E-2 5.64966E-2 6.74837E-2 5.3831E-2 4.55383E-2 2.87307E-2 2.71097E-2 1.93055E-2 1.34394E-2 1.38943E-2 1.22981E-2 1.14227E-2 1.21177E-2 1.1503E-2 1.01176E-2 8.50415E-3 8.07119E-3 7.43144E-3 7.29742E-3 6.51686E-3 5.83355E-3 6.55566E-3 6.91303E-3 6.83755E-3 6.73026E-3 6.33624E-3 6.34724E-3 6.14866E-3 6.06591E-3 5.70875E-3 5.29602E-3 4.79178E-3 5.00902E-3
