Final_Models_July82022/M_0.1_F_lqp_Set_1/Bison_6.asc
ncols         290
nrows         380
xllcorner     -2197417.7431653
yllcorner     -584827.01486885
cellsize      10000.0
NODATA_value  -9999
[rows 297 to 323 of 380, columns 0 to 60 of 290]
-9999 -9999 -9999 -9999 -9999 -9999 -9999 -9999 -9999 -9999 -9999 -9999 -9999 -9999 -9999 -9999 -9999 -9999 -9999 -9999 -9999 -9999 -9999 -9999 -9999 -9999 -9999 -9999 -9999 -9999 -9999 -9999 7.82002E-3 6.83189E-3 8.75049E-3 5.83352E-3 1.01546E-2 7.50418E-3 6.55715E-2 8.07161E-2 9.01472E-2 9.99669E-2 1.15092E-1 9.8663E-2 2.63249E-2 1.98334E-2 3.52792E-2 1.8403E-2 1.09882E-2 2.96005E-2 1.0803E-2 5.26165E-3 3.45161E-2 6.86697E-2 2.1146E-1 1.86992E-1 8.82868E-2 6.02718E-2 7.61903E-2 1.90599E-1 8.34083E-2
-9999 -9999 -9999 -9999 -9999 -9999 -9999 -9999 -9999 -9999 -9999 -9999 -9999 -9999 -9999 -9999 -9999 -9999 -9999 -9999 -9999 -9999 -9999 -9999 -9999 -9999 -9999 -9999 -9999 -9999 -9999 -9999 6.25513E-3 9.09136E-3 6.17261E-3 5.41169E-3 5.85673E-3 1.82151E-2 5.81084E-2 7.81443E-2 8.58434E-2 8.93596E-2 1.23348E-1 3.69033E-2 2.88183E-2 4.75675E-2 3.25109E-2 1.65494E-2 1.21419E-2 1.5782E-2 4.56594E-3 3.83929E-2 5.92642E-2 7.71073E-2 1.53364E-1 9.7901E-2 6.27909E-2 6.87605E-2 9.32336E-2 1.38449E-1 5.52014E-2
-9999 -9999 -9999 -9999 -9999 -9999 -9999 -9999 -9999 -9999 -9999 -9999 -9999 -9999 -9999 -9999 -9999 -9999 -9999 -9999 -9999 -9999 -9999 -9999 -9999 -9999 -9999 -9999 -9999 -9999 -9999 -9999 5.07064E-3 8.07104E-3 5.82102E-3 5.34614E-3 8.21252E-3 1.36521E-2 6.25437E-2 8.43743E-2 8.18993E-2 8.64948E-2 1.20559E-1 5.61522E-2 2.57186E-2 3.21075E-2 1.46706E-2 4.46666E-3 1.09474E-2 1.00116E-2 2.0684E-3 6.51017E-2 8.52533E-2 7.65546E-2 8.49047E-2 5.68757E-2 6.46769E-2 7.03139E-2 8.30076E-2 1.19963E-1 5.21968E-2
-9999 -9999 -9999 -9999 -9999 -9999 -9999 -9999 -9999 -9999 -9999 -9999 -9999 -9999 -9999 -9999 -9999 -9999 -9999 -9999 -9999 -9999 -9999 -9999 -9999 -9999 -9999 -9999 -9999 -9999 -9999 6.59315E-3 5.4581E-3 5.40736E-3 1.18813E-2 7.783E-3 9.50949E-3 6.71853E-2 7.29252E-2 7.97491E-2 7.70893E-2 8.81307E-2 4.77348E-2 2.4457E-2 2.37465E-2 1.78693E-2 1.80396E-2 1.19451E-2 1.23414E-2 1.50401E-3 3.33326E-3 5.92407E-2 1.03224E-1 6.54802E-2 7.07122E-2 4.67641E-2 7.08592E-2 6.25889E-2 7.47481E-2 6.84396E-2 4.1367E-2
-9999 -9999 -9999 -9999 -9999 -9999 -9999 -9999 -9999 -9999 -9999 -9999 -9999 -9999 -9999 -9999 -9999 -9999 -9999 -9999 -9999 -9999 -9999 -9999 -9999 -9999 -9999 -9999 -9999 -9999 -9999 7.40081E-3 5.12152E-3 3.67485E-3 6.87783E-3 4.64216E-3 1.15509E-2 5.55473E-2 5.81061E-2 6.12935E-2 8.7452E-2 7.46011E-2 3.81382E-2 2.11803E-2 2.34426E-2 1.90095E-2 1.64314E-2 1.01823E-2 9.54685E-3 1.36505E-4 1.55171E-2 5.06001E-2 6.59351E-2 5.62612E-2 4.93417E-2 3.29034E-2 5.54785E-2 5.99571E-2 8.42303E-2 6.70052E-2 5.22561E-2
-9999 -9999 -9999 -9999 -9999 -9999 -9999 -9999 -9999 -9999 -9999 -9999 -9999 -9999 -9999 -9999 -9999 -9999 -9999 -9999 -9999 -9999 -9999 -9999 -9999 -9999 -9999 -9999 -9999 -9999 1.00434E-2 8.58232E-3 5.12991E-3 3.57866E-3 5.36543E-3 3.62783E-3 4.92013E-2 5.78243E-2 5.68517E-2 7.56691E-2 2.98485E-2 8.21019E-2 1.6481E-2 1.85317E-2 2.7251E-2 1.80427E-2 1.39558E-2 1.1925E-2 3.45208E-3 5.25126E-4 2.41625E-2 4.102E-2 4.83799E-2 4.04747E-2 1.86986E-1 7.38837E-2 5.69183E-2 1.03815E-1 7.14725E-2 1.02247E-1 3.85565E-2
-9999 -9999 -9999 -9999 -9999 -9999 -9999 -9999 -9999 -9999 -9999 -9999 -9999 -9999 -9999 -9999 -9999 -9999 -9999 -9999 -9999 -9999 -9999 -9999 -9999 -9999 -9999 -9999 -9999 -9999 4.64045E-3 5.35661E-3 3.44706E-3 3.9593E-3 5.484E-3 5.1088E-3 4.28894E-2 6.32867E-2 5.65377E-2 5.44768E-2 3.65327E-2 8.18038E-2 2.25467E-2 1.93315E-2 1.5399E-2 1.98182E-2 1.01415E-2 4.7813E-3 1.51169E-4 1.19107E-2 3.90553E-2 4.3083E-2 4.50546E-2 6.06714E-2 2.50984E-1 8.1776E-2 5.44075E-2 7.1602E-2 7.80042E-2 5.09674E-2 0E0
-9999 -9999 -9999 -9999 -9999 -9999 -9999 -9999 -9999 -9999 -9999 -9999 -9999 -9999 -9999 -9999 -9999 -9999 -9999 -9999 -9999 -9999 -9999 -9999 -9999 -9999 -9999 -9999 -9999 4.34394E-3 6.26493E-3 4.71665E-3 5.27027E-3 5.60971E-3 5.08604E-3 3.53345E-3 5.24548E-2 5.86275E-2 5.93072E-2 1.42381E-2 7.47865E-3 1.40086E-2 2.9757E-2 1.6203E-2 1.46224E-2 1.45968E-2 1.18907E-2 2.92163E-3 4.84112E-4 3.19945E-2 4.94967E-2 4.87603E-2 4.12279E-2 2.24909E-1 1.29175E-1 6.80932E-2 5.83379E-2 6.31741E-2 7.66947E-2 5.16914E-2 4.08387E-2
-9999 -9999 -9999 -9999 -9999 -9999 -9999 -9999 -9999 -9999 -9999 -9999 -9999 -9999 -9999 -9999 -9999 -9999 -9999 -9999 -9999 -9999 -9999 -9999 -9999 -9999 -9999 -9999 -9999 3.70444E-3 4.35209E-3 5.29615E-3 4.33707E-3 3.87514E-3 4.05766E-3 1.5189E-2 5.40031E-2 3.81403E-2 5.1472E-2 3.09782E-2 1.69533E-2 1.51731E-2 1.5412E-2 1.9706E-2 1.30266E-2 1.43969E-2 1.15345E-2 1.53298E-3 1.43238E-3 4.07296E-2 4.63182E-2 4.69932E-2 9.51282E-2 2.01589E-1 5.3119E-2 6.21403E-2 1.2653E-1 7.82869E-2 9.28266E-2 8.32715E-2 4.01673E-2
-9999 -9999 -9999 -9999 -9999 -9999 -9999 -9999 -9999 -9999 -9999 -9999 -9999 -9999 -9999 -9999 -9999 -9999 -9999 -9999 -9999 -9999 -9999 -9999 -9999 -9999 -9999 -9999 -9999 3.02451E-3 5.2359E-3 4.56449E-3 3.87058E-3 2.82731E-3 4.23798E-3 1.05476E-2 2.49648E-2 1.28358E-2 4.06071E-2 4.01446E-2 1.44087E-2 1.15457E-2 1.0172E-2 1.10958E-2 9.12818E-3 1.25968E-2 1.10259E-2 2.47652E-4 7.9537E-4 3.88078E-2 5.54045E-2 6.42801E-2 9.60832E-2 1.5504E-1 7.73069E-2 6.84729E-2 8.77938E-2 8.93085E-2 1.384E-1 9.1278E-2 7.64394E-2
-9999 -9999 -9999 -9999 -9999 -9999 -9999 -9999 -9999 -9999 -9999 -9999 -9999 -9999 -9999 -9999 -9999 -9999 -9999 -9999 -9999 -9999 -9999 -9999 -9999 -9999 -9999 -9999 4.33048E-3 4.10479E-3 4.6078E-3 4.64166E-3 3.2698E-3 2.88498E-3 3.08648E-3 5.90798E-3 1.03529E-2 6.30868E-2 6.12977E-2 3.65192E-2 1.12462E-2 7.64086E-3 8.64776E-3 1.22198E-2 9.74498E-3 5.35707E-3 1.04552E-2 1.01851E-4 2.04428E-3 2.85866E-2 7.67311E-2 5.50618E-2 9.09811E-2 1.91082E-1 2.23662E-1 3.33057E-1 8.81255E-2 9.59832E-2 1.10126E-1 9.34482E-2 7.19533E-2
-9999 -9999 -9999 -9999 -9999 -9999 -9999 -9999 -9999 -9999 -9999 -9999 -9999 -9999 -9999 -9999 -9999 -9999 -9999 -9999 -9999 -9999 -9999 -9999 -9999 -9999 -9999 -9999 2.98783E-3 5.31132E-3 3.82962E-3 3.77788E-3 2.85899E-3 3.09977E-3 4.27457E-3 5.63342E-3 9.95826E-3 3.82269E-2 1.57042E-2 2.22197E-2 1.19537E-2 7.28356E-3 9.54911E-3 1.04708E-2 1.41889E-2 6.14632E-3 4.78971E-3 7.7841E-5 5.9784E-3 4.349E-3 6.11199E-2 1.37419E-1 7.77635E-2 1.03303E-1 2.98526E-1 1.01205E-1 1.55137E-1 1.02365E-1 1.15868E-1 9.49572E-2 2.22775E-1
-9999 -9999 -9999 -9999 -9999 -9999 -9999 -9999 -9999 -9999 -9999 -9999 -9999 -9999 -9999 -9999 -9999 -9999 -9999 -9999 -9999 -9999 -9999 -9999 -9999 -9999 -9999 4.92958E-3 3.97523E-3 6.70208E-3 4.17678E-3 2.86631E-3 7.84547E-3 3.41281E-3 5.46528E-3 3.69037E-3 1.12444E-2 2.87719E-2 1.30067E-2 1.11857E-2 6.33814E-3 1.26952E-2 7.08316E-3 1.08697E-2 1.32065E-2 1.89706E-2 4.94111E-4 4.44476E-4 1.52352E-4 1.87485E-2 6.02474E-2 7.07019E-2 7.1069E-2 8.21849E-2 4.96385E-2 7.10286E-2 7.43437E-2 9.92076E-2 1.11421E-1 1.18178E-1 2.04955E-1
-9999 -9999 -9999 -9999 -9999 -9999 -9999 -9999 -9999 -9999 -9999 -9999 -9999 -9999 -9999 -9999 -9999 -9999 -9999 -9999 -9999 -9999 -9999 -9999 -9999 -9999 0E0 4.83501E-3 3.07861E-3 8.4614E-3 4.13711E-3 4.04729E-3 3.83112E-3 4.59667E-3 1.87621E-2 1.26039E-2 1.07769E-2 8.52275E-3 1.39332E-2 8.78888E-3 9.80011E-3 1.05135E-2 8.96945E-3 2.0562E-2 1.13458E-2 1.87137E-4 1.35906E-3 7.85893E-3 9.04614E-3 1.68457E-2 6.55955E-2 7.30635E-2 8.12255E-2 1.50855E-1 5.64285E-2 7.17466E-2 7.00343E-2 8.65243E-2 9.71663E-2 1.00113E-1 1.17048E-1
-9999 -9999 -9999 -9999 -9999 -9999 -9999 -9999 -9999 -9999 -9999 -9999 -9999 -9999 -9999 -9999 -9999 -9999 -9999 -9999 -9999 -9999 -9999 -9999 -9999 2.21973E-3 2.0377E-3 4.72072E-3 6.33188E-3 5.08005E-3 4.94954E-3 4.06439E-3 3.19765E-3 1.05407E-2 2.31865E-2 1.00209E-2 9.62775E-3 8.51826E-3 1.42439E-2 1.02716E-2 1.9794E-2 1.07995E-2 1.51336E-2 2.80245E-2 1.67125E-3 4.28298E-4 3.01168E-2 3.13816E-2 5.07425E-2 7.27778E-2 4.38762E-2 6.02508E-2 6.28935E-2 6.45054E-2 9.48268E-2 7.93809E-2 7.87494E-2 1.32932E-1 1.30009E-1 1.20589E-1 1.69878E-1
-9999 -9999 -9999 -9999 -9999 -9999 -9999 -9999 -9999 -9999 -9999 -9999 -9999 -9999 -9999 -9999 -9999 -9999 -9999 -9999 -9999 -9999 -9999 -9999 -9999 0E0 3.70155E-3 1.7543E-3 4.00395E-3 4.84889E-3 5.77591E-3 5.03366E-3 1.27556E-2 2.94052E-2 3.69688E-2 2.09289E-2 9.70988E-3 1.62468E-2 1.07595E-2 1.05854E-2 1.74503E-2 1.19187E-2 1.62317E-2 1.30962E-2 1.50356E-4 7.42068E-4 4.55141E-2 8.10549E-2 7.89284E-2 6.71615E-2 2.45655E-2 8.08359E-2 8.08393E-2 7.15862E-2 7.84773E-2 7.34997E-2 8.87271E-2 1.16004E-1 1.16256E-1 1.3224E-1 1.07763E-1
-9999 -9999 -9999 -9999 -9999 -9999 -9999 -9999 -9999 -9999 -9999 -9999 -9999 -9999 -9999 -9999 -9999 -9999 -9999 -9999 -9999 -9999 -9999 -9999 0E0 4.31658E-3 0E0 3.96552E-3 4.45965E-3 6.78387E-3 9.28621E-3 7.98319E-3 2.78599E-2 3.4145E-2 4.04146E-2 2.77303E-2 7.74221E-3 8.09794E-3 9.7702E-3 6.90795E-3 1.16955E-2 1.14829E-2 2.00556E-2 4.7682E-5 5.6414E-3 3.887E-2 5.29573E-2 1.17254E-1 8.6642E-2 7.01024E-2 3.28983E-2 8.68287E-2 1.0581E-1 1.3546E-1 1.04432E-1 9.13047E-2 9.22459E-2 1.05685E-1 1.25834E-1 1.18028E-1 1.1211E-1
-9999 -9999 -9999 -9999 -9999 -9999 -9999 -9999 -9999 -9999 -9999 -9999 -9999 -9999 -9999 -9999 -9999 -9999 -9999 -9999 -9999 -9999 -9999 -9999 2.27385E-2 3.12005E-3 8.06449E-3 3.06308E-3 3.45667E-3 5.78007E-3 6.63075E-3 1.90932E-2 3.48985E-2 3.2954E-2 7.08428E-2 3.23498E-2 7.15175E-3 7.64044E-3 6.54329E-3 9.63799E-3 1.16339E-2 1.13959E-2 3.73127E-3 1.30912E-4 2.25534E-2 2.04897E-2 4.94724E-2 9.1338E-2 9.47898E-2 6.90625E-2 7.07093E-2 1.27102E-1 1.70236E-1 1.21268E-1 1.04938E-1 1.42812E-1 1.04607E-1 1.14864E-1 1.36927E-1 1.11987E-1 1.54429E-1
-9999 -9999 -9999 -9999 -9999 -9999 -9999 -9999 -9999 -9999 -9999 -9999 -9999 -9999 -9999 -9999 -9999 -9999 -9999 -9999 -9999 -9999 -9999 0E0 1.34364E-2 5.11835E-3 6.97628E-3 2.30749E-3 3.67382E-3 9.74976E-3 7.89513E-3 1.20106E-2 3.48496E-2 4.87926E-2 2.32579E-2 7.18626E-3 7.83335E-3 1.28854E-2 1.05793E-2 7.68716E-3 1.26856E-2 1.43711E-2 4.50854E-3 1.78094E-4 1.31596E-2 6.41443E-2 8.55577E-2 8.87374E-2 9.00812E-2 1.01825E-1 1.00767E-1 1.33282E-1 1.21314E-1 1.29943E-1 1.23198E-1 1.07662E-1 1.02533E-1 1.40268E-1 1.89094E-1 1.25764E-1 1.91055E-1
-9999 -9999 -9999 -9999 -9999 -9999 -9999 -9999 -9999 -9999 -9999 -9999 -9999 -9999 -9999 -9999 -9999 -9999 -9999 -9999 -9999 -9999 -9999 5.58639E-3 5.83746E-3 3.25926E-3 5.16345E-3 7.32423E-3 1.16939E-2 4.60854E-3 3.63792E-3 3.90147E-3 1.80596E-2 1.45833E-2 8.24095E-3 8.38046E-3 1.09537E-2 8.5536E-3 1.59291E-2 1.1967E-2 9.20008E-3 1.04613E-2 4.75985E-3 2.33346E-3 7.82936E-4 8.41337E-2 7.92E-2 5.68522E-2 7.05164E-2 1.27694E-1 1.03524E-1 1.025E-1 9.52024E-2 1.11751E-1 1.13358E-1 1.10884E-1 1.08706E-1 1.28831E-1 1.26375E-1 1.07079E-1 1.06761E-1
-9999 -9999 -9999 -9999 -9999 -9999 -9999 -9999 -9999 -9999 -9999 -9999 -9999 -9999 -9999 -9999 -9999 -9999 -9999 -9999 -9999 -9999 -9999 4.39837E-3 4.40497E-3 7.57447E-3 4.53481E-3 7.44071E-3 5.14049E-3 6.01578E-3 3.94863E-3 7.05144E-3 1.86387E-2 1.85206E-2 1.13903E-2 5.18338E-3 4.56399E-3 4.89303E-3 7.48309E-3 6.7489E-3 7.01647E-3 1.2127E-3 4.56783E-3 1.68123E-3 2.07267E-2 6.12235E-2 6.9567E-2 7.36462E-2 4.88069E-2 1.08207E-1 1.08811E-1 1.45208E-1 9.5448E-2 9.71893E-2 8.91015E-2 9.15227E-2 1.06583E-1 1.16364E-1 1.0344E-1 1.49407E-1 1.18343E-1
-9999 -9999 -9999 -9999 -9999 -9999 -9999 -9999 -9999 -9999 -9999 -9999 -9999 -9999 -9999 -9999 -9999 -9999 -9999 -9999 -9999 -9999 -9999 0E0 3.97667E-3 5.77585E-3 4.987E-3 1.38028E-3 3.06452E-3 4.18769E-3 4.35315E-3 5.20368E-3 5.90269E-3 6.21498E-3 8.9651E-3 7.87E-3 6.39618E-3 5.41878E-3 1.00431E-2 4.74237E-3 1.13585E-2 2.66874E-3 1.80782E-3 3.24005E-2 1.11741E-1 1.00703E-1 6.05293E-2 6.47968E-2 5.24261E-2 1.07029E-1 1.05475E-1 2.83472E-1 2.72797E-1 1.15833E-1 1.20423E-1 2.54942E-1 9.58581E-2 9.83481E-2 1.0883E-1 1.01349E-1 1.70852E-1
-9999 -9999 -9999 -9999 -9999 -9999 -9999 -9999 -9999 -9999 -9999 -9999 -9999 -9999 -9999 -9999 -9999 -9999 -9999 -9999 -9999 -9999 -9999 4.79338E-3 5.60417E-3 1.38797E-3 2.43555E-3 5.79739E-3 1.05232E-3 2.82726E-3 4.41438E-3 9.55491E-3 1.19701E-2 1.00278E-2 5.88391E-3 7.70571E-3 1.09775E-2 1.53094E-2 1.23185E-2 1.52679E-2 6.04885E-3 7.59964E-4 1.01942E-2 4.2114E-2 9.58947E-2 1.02345E-1 5.30898E-2 5.63671E-2 9.18321E-2 9.92197E-2 1.23566E-1 3.21805E-1 3.77338E-1 2.39165E-1 1.70333E-1 1.54889E-1 8.34025E-2 1.07123E-1 1.1034E-1 1.22434E-1 1.61623E-1
-9999 -9999 -9999 -9999 -9999 -9999 -9999 -9999 -9999 -9999 -9999 -9999 -9999 -9999 -9999 -9999 -9999 -9999 -9999 -9999 -9999 -9999 0E0 5.11206E-3 5.14343E-3 1.81376E-3 9.93734E-3 6.34555E-3 4.07175E-3 1.46434E-3 3.46693E-3 8.86498E-3 1.27498E-2 6.972E-3 1.34963E-2 1.02615E-2 1.47649E-2 1.19575E-2 1.26145E-2 9.7476E-3 1.86958E-3 6.94084E-4 2.22165E-2 4.45835E-2 1.15204E-1 1.40562E-1 9.17726E-2 3.9902E-2 9.4841E-2 1.09426E-1 3.17663E-1 4.4364E-1 2.74674E-1 2.17183E-1 1.67613E-1 2.38394E-1 7.7645E-2 1.11763E-1 1.09221E-1 1.41339E-1 2.27281E-1
-9999 -9999 -9999 -9999 -9999 -9999 -9999 -9999 -9999 -9999 -9999 -9999 -9999 -9999 -9999 -9999 -9999 -9999 -9999 -9999 -9999 -9999 3.49648E-3 6.65512E-3 1.74211E-2 4.17921E-3 4.49149E-3 6.06945E-3 3.43745E-3 4.32499E-3 7.13316E-3 5.24702E-3 8.41573E-3 1.04998E-2 1.01273E-2 1.20677E-2 1.35448E-2 1.62834E-2 1.3569E-2 1.89514E-2 1.98456E-3 2.03773E-3 1.07764E-2 5.37431E-2 3.33444E-1 1.2394E-1 1.32184E-1 2.20643E-2 8.92268E-3 1.03224E-1 1.25248E-1 2.53702E-1 2.11609E-1 1.0655E-1 1.10159E-1 1.0287E-1 9.81171E-2 9.68854E-2 1.12079E-1 1.45193E-1 1.28937E-1
-9999 -9999 -9999 -9999 -9999 -9999 -9999 -9999 -9999 -9999 -9999 -9999 -9999 -9999 -9999 -9999 -9999 -9999 -9999 -9999 -9999 -9999 5.76928E-3 5.97682E-3 6.61851E-3 1.26716E-2 7.66386E-3 2.82179E-3 5.56896E-3 5.2121E-3 1.86257E-2 9.99227E-3 1.03625E-2 1.20168E-2 1.90534E-2 2.25843E-2 1.52611E-2 2.40219E-2 1.235E-2 1.10279E-2 1.3685E-3 6.97261E-2 6.25987E-2 6.24553E-2 1.33673E-1 8.25982E-2 8.59738E-2 1.06474E-1 7.84064E-2 1.21855E-1 1.06494E-1 1.08385E-1 9.92781E-2 7.26734E-2 9.83902E-2 1.06636E-1 9.86502E-2 9.43465E-2 9.38882E-2 1.07009E-1 1.25276E-1
-9999 -9999 -9999 -9999 -9999 -9999 -9999 -9999 -9999 -9999 -9999 -9999 -9999 -9999 -9999 -9999 -9999 -9999 -9999 -9999 -9999 -9999 4.55512E-3 2.80672E-3 3.56944E-3 1.58175E-2 1.97937E-2 3.47055E-3 4.56762E-3 5.00218E-3 1.61066E-2 5.28526E-3 1.49537E-2 3.10398E-2 4.60161E-2 4.91971E-2 2.42715E-2 1.52512E-2 1.47971E-2 1.05486E-2 1.23588E-3 3.07198E-1 2.03156E-1 5.58065E-2 7.5696E-2 6.19171E-2 9.25397E-2 1.18934E-1 1.056E-1 1.53912E-1 1.06137E-1 1.47212E-1 8.96992E-2 7.18814E-2 9.92049E-2 9.15108E-2 8.71868E-2 7.5565E-2 9.69934E-2 1.14638E-1 1.02355E-1
