Final_Models_July82022/M_0.1_F_lqp_Set_1/Bison_8.asc
ncols         290
nrows         380
xllcorner     -2197417.7431653
yllcorner     -584827.01486885
cellsize      10000.0
NODATA_value  -9999
[rows 351 to 377 of 380, columns 122 to 182 of 290]
0E0 2.41324E-1 1.60701E-1 2.95117E-1 5.85198E-1 8.49913E-1 5.64583E-1 4.85213E-1 4.77108E-1 4.85679E-1 5.22993E-1 4.80215E-1 5.858E-1 5.8791E-1 6.17915E-1 6.05372E-1 6.36986E-1 5.96032E-1 5.91779E-1 5.98142E-1 5.56309E-1 6.15529E-1 5.92226E-1 6.05191E-1 5.77994E-1 5.52186E-1 5.28243E-1 5.08274E-1 4.95143E-1 4.90051E-1 4.65551E-1 4.5777E-1 4.64331E-1 4.6516E-1 4.3044E-1 4.16587E-1 4.12475E-1 4.24451E-1 4.79164E-1 4.79407E-1 5.91566E-1 4.0371E-1 4.90255E-1 5.72053E-1 5.06534E-1 5.56929E-1 6.04101E-1 6.66825E-1 7.13103E-1 6.36948E-1 7.20337E-1 5.77213E-1 5.23048E-1 4.29768E-1 5.41452E-1 3.48848E-1 3.37683E-1 3.60189E-1 3.24098E-1 3.16737E-1 3.02665E-1
-9999 -9999 4.9023E-2 4.59177E-1 7.79941E-1 7.66209E-1 4.63131E-1 4.4479E-1 4.47507E-1 4.7326E-1 4.80724E-1 6.26429E-1 5.69465E-1 6.65703E-1 5.75412E-1 5.34946E-1 5.65214E-1 5.46925E-1 5.24064E-1 5.61231E-1 5.25131E-1 5.625E-1 5.35546E-1 5.64561E-1 5.45724E-1 5.33548E-1 5.12971E-1 5.02509E-1 4.90214E-1 4.99258E-1 4.86612E-1 4.86495E-1 4.81643E-1 4.6565E-1 4.40041E-1 4.33489E-1 4.14541E-1 4.12066E-1 4.24868E-1 4.35968E-1 4.2082E-1 4.22523E-1 4.34519E-1 4.93349E-1 4.85286E-1 5.84707E-1 7.37312E-1 6.73289E-1 6.78603E-1 7.13023E-1 7.59567E-1 7.00577E-1 6.14489E-1 5.30575E-1 4.90847E-1 3.13431E-1 2.94575E-1 3.73402E-1 4.37689E-1 3.57138E-1 4.01882E-1
-9999 -9999 1.85531E-1 4.37831E-1 6.82723E-1 7.73408E-1 4.72912E-1 4.19187E-1 4.55774E-1 4.93884E-1 5.03983E-1 5.51573E-1 5.50936E-1 5.96629E-1 6.04769E-1 5.60513E-1 5.30941E-1 5.45846E-1 4.96604E-1 4.96137E-1 4.87681E-1 4.88986E-1 5.18003E-1 5.19577E-1 5.1233E-1 5.11026E-1 5.17797E-1 5.09494E-1 5.05508E-1 5.03537E-1 5.06524E-1 5.05308E-1 4.90608E-1 4.70729E-1 4.34682E-1 4.44841E-1 4.06828E-1 4.12474E-1 4.24652E-1 4.25871E-1 4.38856E-1 4.15037E-1 4.1349E-1 4.99177E-1 4.92181E-1 4.3599E-1 5.51068E-1 5.99988E-1 5.99015E-1 6.97591E-1 7.39271E-1 7.01176E-1 7.02055E-1 4.42862E-1 3.74852E-1 3.34303E-1 3.30016E-1 3.12799E-1 3.65954E-1 3.28762E-1 3.42288E-1
-9999 8.78203E-2 1.71956E-1 4.45023E-1 7.88188E-1 7.81553E-1 4.33616E-1 4.11035E-1 4.40021E-1 5.10509E-1 5.01016E-1 5.29033E-1 5.59996E-1 5.73242E-1 6.31547E-1 5.31856E-1 5.09361E-1 4.81374E-1 4.78181E-1 4.48844E-1 4.68316E-1 4.64498E-1 5.06821E-1 5.12524E-1 4.88893E-1 5.15919E-1 5.06243E-1 5.05242E-1 5.1231E-1 4.95957E-1 5.17126E-1 5.19398E-1 5.01565E-1 4.51515E-1 4.45679E-1 4.46288E-1 4.07173E-1 4.05598E-1 4.24459E-1 4.61171E-1 4.1639E-1 4.08141E-1 4.11477E-1 4.85014E-1 5.02208E-1 5.16699E-1 6.46661E-1 4.81771E-1 6.86129E-1 7.43476E-1 7.40749E-1 7.28738E-1 6.02015E-1 5.73061E-1 5.0438E-1 3.23945E-1 3.32765E-1 3.08022E-1 3.47192E-1 3.02584E-1 3.09606E-1
-9999 7.19201E-2 7.14885E-2 3.72738E-1 6.72114E-1 6.78857E-1 4.26795E-1 4.02685E-1 4.28689E-1 4.82983E-1 4.9425E-1 4.943E-1 5.31009E-1 4.9727E-1 4.72281E-1 5.10265E-1 4.85851E-1 4.92299E-1 4.67122E-1 4.68388E-1 4.55533E-1 4.47701E-1 4.52606E-1 4.69405E-1 4.98066E-1 4.99464E-1 5.01868E-1 4.89573E-1 5.10745E-1 5.10222E-1 5.1163E-1 5.11095E-1 5.04076E-1 4.47032E-1 4.36454E-1 4.33913E-1 4.0155E-1 4.10635E-1 4.3054E-1 4.33438E-1 4.22224E-1 5.99277E-1 4.43466E-1 5.29451E-1 5.63991E-1 5.20631E-1 6.10358E-1 7.22667E-1 7.34736E-1 6.86166E-1 7.45118E-1 7.1461E-1 6.35383E-1 5.80605E-1 4.19035E-1 4.40413E-1 3.50708E-1 3.53649E-1 4.35564E-1 4.01761E-1 4.53347E-1
-9999 4.95473E-2 2.73587E-1 3.60691E-1 4.18932E-1 6.20622E-1 4.92874E-1 4.06752E-1 5.02213E-1 4.27101E-1 4.17128E-1 7.56484E-1 5.81571E-1 4.46665E-1 4.43446E-1 4.62415E-1 4.75206E-1 4.91908E-1 4.19219E-1 4.65594E-1 4.44507E-1 4.83858E-1 4.77212E-1 5.1114E-1 4.99351E-1 5.01243E-1 4.94568E-1 4.9121E-1 4.9041E-1 4.86691E-1 4.94196E-1 5.12961E-1 4.95499E-1 4.5832E-1 4.50218E-1 4.25934E-1 4.25369E-1 3.90934E-1 4.24297E-1 4.85376E-1 4.57599E-1 7.10066E-1 5.21527E-1 5.77927E-1 7.22929E-1 6.39809E-1 7.28048E-1 6.5811E-1 7.16321E-1 7.42259E-1 7.35737E-1 7.27431E-1 4.48749E-1 5.6559E-1 5.87816E-1 4.10185E-1 3.57181E-1 3.41086E-1 3.56462E-1 3.63213E-1 3.38692E-1
-9999 2.84561E-1 3.19407E-1 3.34043E-1 3.90038E-1 4.87827E-1 5.49962E-1 4.14552E-1 4.08562E-1 4.42444E-1 7.84128E-1 6.96768E-1 6.9535E-1 4.29601E-1 4.34096E-1 4.3099E-1 4.2848E-1 4.35272E-1 4.46657E-1 4.30446E-1 4.74086E-1 5.16122E-1 4.75628E-1 4.84728E-1 4.71219E-1 4.6767E-1 4.69904E-1 4.69607E-1 4.70974E-1 4.67271E-1 4.85085E-1 4.84545E-1 4.85243E-1 4.71766E-1 4.60916E-1 4.73175E-1 4.9521E-1 3.93662E-1 4.04211E-1 4.28344E-1 5.42913E-1 7.28312E-1 6.50094E-1 6.63138E-1 6.33537E-1 5.43825E-1 6.65134E-1 6.82574E-1 7.25068E-1 5.57884E-1 7.31583E-1 6.58221E-1 6.60594E-1 6.48004E-1 5.5349E-1 3.72513E-1 3.78492E-1 3.5532E-1 3.51984E-1 3.45751E-1 3.12332E-1
-9999 4.13793E-1 3.63537E-1 3.79547E-1 3.84178E-1 4.15056E-1 6.08565E-1 5.4371E-1 4.5583E-1 5.67746E-1 7.84707E-1 5.72216E-1 4.09099E-1 4.04864E-1 4.1373E-1 3.65522E-1 3.75809E-1 3.94799E-1 4.15409E-1 4.65068E-1 4.77913E-1 4.91163E-1 4.74176E-1 4.75371E-1 4.49152E-1 4.96837E-1 4.51168E-1 4.80832E-1 4.45293E-1 4.72686E-1 4.71712E-1 4.80124E-1 5.19225E-1 4.74913E-1 5.49169E-1 4.51778E-1 4.36201E-1 4.51376E-1 4.24038E-1 4.88485E-1 7.42867E-1 6.76682E-1 4.73892E-1 1.00428E-1 1.96112E-2 5.46485E-3 5.67345E-1 6.69035E-1 7.31823E-1 7.4216E-1 7.22885E-1 7.00057E-1 6.96271E-1 5.14192E-1 4.13234E-1 4.11015E-1 3.82554E-1 3.7339E-1 3.50661E-1 3.39438E-1 3.27631E-1
3.18283E-1 4.33374E-1 3.92319E-1 3.74294E-1 3.46534E-1 3.81824E-1 6.89493E-1 4.17569E-1 3.14026E-1 4.45364E-1 5.57944E-1 5.20751E-1 4.31505E-1 4.54248E-1 4.75298E-1 3.6785E-1 3.88284E-1 3.89707E-1 4.35434E-1 5.04703E-1 5.18925E-1 5.64275E-1 5.83803E-1 4.35648E-1 4.4002E-1 5.05534E-1 4.82858E-1 4.80779E-1 4.70706E-1 4.74303E-1 4.59627E-1 4.67612E-1 5.08851E-1 4.8935E-1 5.1012E-1 4.70696E-1 4.27723E-1 3.52251E-1 4.36926E-1 6.43828E-1 6.8891E-1 7.39464E-1 6.81764E-1 5.8099E-2 6.68752E-3 2.7627E-2 2.10051E-1 7.4111E-1 6.49415E-1 6.30151E-1 7.27405E-1 7.41523E-1 6.59718E-1 6.18331E-1 4.32108E-1 4.09042E-1 3.98899E-1 3.91689E-1 3.65858E-1 3.41345E-1 3.24766E-1
-9999 -9999 -9999 4.64065E-1 3.65755E-1 1.35211E-1 3.36601E-1 1.79046E-1 2.15308E-1 2.07106E-1 2.56631E-1 6.641E-1 7.94497E-1 6.79554E-1 6.66269E-1 4.14897E-1 3.6027E-1 3.98468E-1 4.24206E-1 5.3752E-1 5.34383E-1 4.63452E-1 4.57937E-1 4.46144E-1 4.3012E-1 4.54274E-1 4.69677E-1 4.6842E-1 4.66237E-1 4.77721E-1 4.89848E-1 4.36914E-1 4.75138E-1 4.89016E-1 5.025E-1 4.27945E-1 3.9652E-1 9.51804E-2 4.52656E-3 4.66383E-1 7.3884E-1 7.41577E-1 7.3543E-1 7.16183E-2 6.67957E-3 1.91533E-2 7.71641E-1 7.31421E-1 6.7171E-1 7.37027E-1 7.35941E-1 7.39186E-1 7.14222E-1 6.10959E-1 4.94677E-1 4.42722E-1 4.24677E-1 4.10727E-1 3.88907E-1 3.63668E-1 3.52076E-1
-9999 -9999 -9999 -9999 -9999 -9999 -9999 -9999 -9999 1.27019E-1 9.92297E-2 3.26921E-1 5.42575E-1 7.81296E-1 7.74867E-1 7.49327E-1 6.27173E-1 3.77831E-1 4.05473E-1 4.91638E-1 4.07201E-1 4.81318E-1 5.85857E-1 4.55859E-1 4.07677E-1 4.32774E-1 4.55773E-1 4.52788E-1 4.52332E-1 4.50964E-1 4.54051E-1 4.82923E-1 5.06465E-1 4.93908E-1 4.54709E-1 5.04975E-1 3.0577E-1 4.02383E-2 6.07397E-3 4.0351E-3 6.4922E-1 6.96361E-1 6.24726E-1 3.76507E-1 1.43055E-2 8.40958E-2 7.58701E-1 7.16881E-1 7.00314E-1 7.07701E-1 7.13921E-1 6.30468E-1 6.19329E-1 6.73305E-1 5.55487E-1 4.97085E-1 4.41687E-1 4.03657E-1 3.89113E-1 4.29752E-1 3.52399E-1
-9999 -9999 -9999 -9999 -9999 -9999 -9999 -9999 -9999 -9999 -9999 -9999 -9999 -9999 4.40722E-1 6.80057E-1 6.48424E-1 5.32048E-1 4.60654E-1 5.76593E-1 4.15647E-1 6.00862E-1 5.51055E-1 6.01645E-1 4.233E-1 4.20737E-1 4.52439E-1 4.46944E-1 4.5598E-1 4.3916E-1 4.49007E-1 6.17046E-1 5.81216E-1 7.89733E-1 7.46575E-1 7.16822E-1 4.2856E-1 1.78263E-1 1.00468E-2 8.75687E-4 2.00103E-2 8.25332E-2 6.01463E-1 4.9235E-1 1.27388E-1 3.40078E-1 5.3381E-1 7.58057E-1 6.4375E-1 7.17205E-1 6.8883E-1 6.28765E-1 5.09159E-1 6.89724E-1 5.3406E-1 4.89834E-1 4.42768E-1 4.38151E-1 3.96942E-1 3.94208E-1 3.78985E-1
-9999 -9999 -9999 -9999 -9999 -9999 -9999 -9999 -9999 -9999 -9999 -9999 -9999 -9999 -9999 -9999 -9999 -9999 -9999 7.13618E-1 4.94109E-1 4.77538E-1 4.92193E-1 5.10118E-1 4.31011E-1 4.09955E-1 4.40597E-1 4.22253E-1 4.08797E-1 4.81252E-1 4.7236E-1 4.88258E-1 6.5131E-1 6.09502E-1 6.30699E-1 5.818E-1 4.8093E-1 4.94134E-1 1.85681E-1 3.34221E-3 9.76768E-3 3.18388E-3 4.4168E-1 6.65748E-1 4.57367E-1 3.49504E-1 5.03959E-1 6.29799E-1 7.20137E-1 6.99623E-1 7.14701E-1 6.99364E-1 7.1431E-1 6.67832E-1 5.67826E-1 4.75487E-1 4.44617E-1 5.45994E-1 4.26071E-1 4.09379E-1 3.91107E-1
-9999 -9999 -9999 -9999 -9999 -9999 -9999 -9999 -9999 -9999 -9999 -9999 -9999 -9999 -9999 -9999 -9999 -9999 -9999 -9999 -9999 -9999 -9999 -9999 -9999 3.84504E-1 4.07555E-1 4.0974E-1 3.95244E-1 4.74504E-1 5.42275E-1 5.86526E-1 5.6284E-1 6.40143E-1 4.98047E-1 1.54929E-1 1.83048E-1 2.67432E-1 2.94773E-2 4.6011E-2 7.00227E-4 3.0034E-3 2.20281E-1 4.64864E-1 5.0954E-1 2.52451E-1 4.28096E-1 6.83841E-1 6.61834E-1 6.60392E-1 4.25635E-1 6.69982E-1 6.83408E-1 6.59587E-1 5.15617E-1 4.64807E-1 4.18127E-1 4.2281E-1 3.89118E-1 3.68077E-1 3.38462E-1
-9999 -9999 -9999 -9999 -9999 -9999 -9999 -9999 -9999 -9999 -9999 -9999 -9999 -9999 -9999 -9999 -9999 -9999 -9999 -9999 -9999 -9999 -9999 -9999 -9999 -9999 -9999 -9999 -9999 -9999 6.66188E-1 6.9444E-1 7.09912E-1 7.25312E-1 4.33311E-1 3.72051E-4 1.16754E-2 6.34131E-2 6.26182E-2 1.56409E-1 1.75492E-1 9.51116E-2 6.26561E-1 4.81005E-1 7.67588E-1 6.25158E-1 1.93285E-2 6.82993E-1 4.69364E-1 1.76883E-1 3.11382E-1 3.59998E-1 6.57837E-1 6.49994E-1 5.18773E-1 4.02934E-1 3.87797E-1 3.8051E-1 4.41496E-1 3.55553E-1 3.39636E-1
-9999 -9999 -9999 -9999 -9999 -9999 -9999 -9999 -9999 -9999 -9999 -9999 -9999 -9999 -9999 -9999 -9999 -9999 -9999 -9999 -9999 -9999 -9999 -9999 -9999 -9999 -9999 -9999 -9999 -9999 -9999 -9999 -9999 -9999 -9999 -9999 2.21335E-1 9.05037E-2 6.81944E-2 1.26393E-1 3.00811E-2 7.40777E-3 6.10831E-1 7.14476E-1 7.23607E-1 7.06504E-1 6.75812E-1 1.078E-1 2.08436E-1 8.59997E-2 3.17041E-1 4.11461E-1 6.07092E-1 4.73605E-1 4.30832E-1 3.99323E-1 3.89032E-1 3.56921E-1 3.8261E-1 3.62068E-1 3.34306E-1
-9999 -9999 -9999 -9999 -9999 -9999 -9999 -9999 -9999 -9999 -9999 -9999 -9999 -9999 -9999 -9999 -9999 -9999 -9999 -9999 -9999 -9999 -9999 -9999 -9999 -9999 -9999 -9999 -9999 -9999 -9999 -9999 -9999 -9999 -9999 -9999 4.71396E-1 9.70672E-2 5.84229E-1 9.13572E-2 7.85178E-3 1.3663E-2 7.30387E-1 7.41126E-1 8.02983E-1 7.61681E-1 7.10994E-1 6.1208E-2 2.66726E-1 7.06215E-1 4.93726E-1 4.80934E-1 6.19167E-1 5.76108E-1 3.83845E-1 3.91304E-1 3.96805E-1 3.78583E-1 3.29493E-1 3.34214E-1 3.48962E-1
-9999 -9999 -9999 -9999 -9999 -9999 -9999 -9999 -9999 -9999 -9999 -9999 -9999 -9999 -9999 -9999 -9999 -9999 -9999 -9999 -9999 -9999 -9999 -9999 -9999 -9999 -9999 -9999 -9999 -9999 -9999 -9999 -9999 -9999 -9999 -9999 7.09902E-1 2.46001E-1 4.72072E-1 3.91947E-1 1.15719E-2 3.00281E-2 7.46752E-1 7.82018E-1 8.12955E-1 7.07212E-1 6.59852E-1 2.90065E-2 2.50071E-1 4.08826E-1 4.09589E-1 2.23895E-1 2.55399E-1 4.07087E-1 4.68213E-1 4.13156E-1 3.88588E-1 4.12579E-1 3.32776E-1 3.14771E-1 3.08264E-1
-9999 -9999 -9999 -9999 -9999 -9999 -9999 -9999 -9999 -9999 -9999 -9999 -9999 -9999 -9999 -9999 -9999 -9999 -9999 -9999 -9999 -9999 -9999 -9999 -9999 -9999 -9999 -9999 -9999 -9999 -9999 -9999 -9999 -9999 -9999 -9999 7.30103E-1 5.01729E-1 5.71379E-1 2.8112E-1 2.82557E-2 7.89641E-3 5.35564E-1 7.43172E-1 7.22515E-1 7.00961E-1 1.98144E-1 1.49294E-2 2.71714E-2 5.50686E-1 4.40589E-1 4.50072E-1 2.6081E-1 3.22793E-1 4.31923E-1 4.57855E-1 3.79335E-1 3.07144E-1 2.99825E-1 3.19944E-1 3.09341E-1
-9999 -9999 -9999 -9999 -9999 -9999 -9999 -9999 -9999 -9999 -9999 -9999 -9999 -9999 -9999 -9999 -9999 -9999 -9999 -9999 -9999 -9999 -9999 -9999 -9999 -9999 -9999 -9999 -9999 -9999 -9999 -9999 -9999 -9999 -9999 -9999 3.7209E-1 5.50046E-1 5.97517E-1 6.65512E-1 3.10173E-3 2.79373E-2 4.28853E-1 3.10838E-1 1.51732E-1 7.07308E-1 3.12741E-1 8.1536E-2 1.03358E-1 3.65599E-1 4.34667E-1 3.36558E-1 2.81634E-1 5.06188E-1 5.04541E-1 4.96764E-1 4.03477E-1 3.08692E-1 2.90557E-1 2.93551E-1 2.91843E-1
-9999 -9999 -9999 -9999 -9999 -9999 -9999 -9999 -9999 -9999 -9999 -9999 -9999 -9999 -9999 -9999 -9999 -9999 -9999 -9999 -9999 -9999 -9999 -9999 -9999 -9999 -9999 -9999 -9999 -9999 -9999 -9999 -9999 -9999 -9999 -9999 1.20417E-1 2.99081E-1 4.64519E-1 4.44034E-1 8.06697E-3 1.80952E-1 5.66934E-1 2.20451E-1 3.32998E-1 6.76807E-2 3.04556E-1 1.36421E-1 1.97127E-1 1.87776E-1 3.96094E-1 4.29277E-1 2.08723E-1 4.84796E-1 4.50861E-1 4.46204E-1 4.16018E-1 4.28816E-1 3.88732E-1 3.15568E-1 2.92829E-1
-9999 -9999 -9999 -9999 -9999 -9999 -9999 -9999 -9999 -9999 -9999 -9999 -9999 -9999 -9999 -9999 -9999 -9999 -9999 -9999 -9999 -9999 -9999 -9999 -9999 -9999 -9999 -9999 -9999 -9999 -9999 -9999 -9999 -9999 -9999 1.30437E-2 9.23256E-2 9.84527E-2 7.03464E-1 6.79669E-2 2.75327E-2 2.92109E-2 5.99324E-1 6.0262E-1 3.5854E-1 1.79137E-1 1.80024E-1 3.18797E-1 2.29825E-1 1.91671E-1 2.46564E-1 3.4064E-1 2.78782E-1 4.66606E-1 3.99305E-1 3.47418E-1 3.47944E-1 3.32464E-1 3.26039E-1 2.91714E-1 3.10169E-1
-9999 -9999 -9999 -9999 -9999 -9999 -9999 -9999 -9999 -9999 -9999 -9999 -9999 -9999 -9999 -9999 -9999 -9999 -9999 -9999 -9999 -9999 -9999 -9999 -9999 -9999 -9999 -9999 -9999 -9999 -9999 -9999 -9999 -9999 -9999 8.29147E-2 7.09913E-2 5.83472E-2 5.96512E-1 5.01055E-1 1.25539E-1 6.43794E-2 6.59976E-1 7.36006E-1 7.08728E-1 2.78613E-1 5.21999E-1 6.52163E-1 1.52339E-1 3.40097E-1 1.41769E-1 2.02511E-1 2.48996E-1 3.85107E-1 4.44046E-1 3.47992E-1 3.1565E-1 2.67079E-1 3.25137E-1 2.86774E-1 3.22223E-1
-9999 -9999 -9999 -9999 -9999 -9999 -9999 -9999 -9999 -9999 -9999 -9999 -9999 -9999 -9999 -9999 -9999 -9999 -9999 -9999 -9999 -9999 -9999 -9999 -9999 -9999 -9999 -9999 -9999 -9999 -9999 -9999 -9999 -9999 -9999 1.72939E-1 1.53048E-1 3.64771E-2 3.41531E-1 3.68479E-1 4.2408E-1 2.60633E-1 6.84344E-1 6.94968E-1 7.72301E-1 6.83744E-1 4.93264E-1 7.06728E-1 4.58656E-2 3.27747E-1 1.47266E-1 3.41635E-1 3.73198E-1 3.38701E-1 3.85823E-1 4.07152E-1 3.02318E-1 2.58308E-1 2.51734E-1 2.79785E-1 3.28112E-1
-9999 -9999 -9999 -9999 -9999 -9999 -9999 -9999 -9999 -9999 -9999 -9999 -9999 -9999 -9999 -9999 -9999 -9999 -9999 -9999 -9999 -9999 -9999 -9999 -9999 -9999 -9999 -9999 -9999 -9999 -9999 -9999 -9999 -9999 -9999 1.15774E-1 1.96453E-1 3.89403E-1 6.85405E-1 5.98541E-1 5.53625E-1 6.99677E-1 5.48309E-1 6.52728E-1 6.82924E-1 6.08641E-1 1.94685E-1 5.49809E-1 2.29809E-1 0E0 3.76781E-1 2.49469E-1 1.40225E-1 3.41957E-1 3.38585E-1 3.50903E-1 3.38834E-1 2.30559E-1 2.82257E-1 3.12246E-1 3.89857E-1
-9999 -9999 -9999 -9999 -9999 -9999 -9999 -9999 -9999 -9999 -9999 -9999 -9999 -9999 -9999 -9999 -9999 -9999 -9999 -9999 -9999 -9999 -9999 -9999 -9999 -9999 -9999 -9999 -9999 -9999 -9999 -9999 -9999 -9999 -9999 4.32134E-2 4.1809E-1 4.71662E-1 4.99661E-1 3.95376E-1 4.85099E-1 3.81693E-1 2.84315E-1 5.57557E-1 7.28419E-1 5.64931E-1 2.25068E-1 1.51566E-1 1.60384E-1 2.38372E-1 1.93179E-1 1.98072E-1 2.37836E-1 3.13664E-1 2.00049E-1 2.60328E-1 3.34948E-1 3.19258E-1 3.68504E-1 3.63651E-1 3.40681E-1
-9999 -9999 -9999 -9999 -9999 -9999 -9999 -9999 -9999 -9999 -9999 -9999 -9999 -9999 -9999 -9999 -9999 -9999 -9999 -9999 -9999 -9999 -9999 -9999 -9999 -9999 -9999 -9999 -9999 -9999 -9999 -9999 -9999 -9999 -9999 1.50836E-1 4.12291E-1 4.21052E-1 4.86981E-1 5.0516E-1 5.11618E-1 3.34337E-1 6.23986E-1 2.22621E-1 4.17939E-1 4.66453E-1 5.69822E-1 5.16658E-1 5.82212E-1 5.61334E-1 4.34389E-1 3.68545E-1 2.75642E-1 2.59535E-1 9.45575E-2 1.36018E-1 3.14863E-1 3.00385E-1 3.51062E-1 3.49784E-1 2.66444E-1
