Final_Models_July82022/M_0.1_F_lqp_Set_1/Bison_avg.asc
ncols         290
nrows         380
xllcorner     -2197417.7431653
yllcorner     -584827.01486885
cellsize      10000.0
NODATA_value  -9999
[rows 351 to 377 of 380, columns 122 to 182 of 290]
0E0 2.46398E-1 1.80066E-1 3.04518E-1 5.91372E-1 8.56938E-1 5.57439E-1 4.84045E-1 4.94971E-1 4.96639E-1 5.37882E-1 4.83106E-1 5.78261E-1 5.82376E-1 6.02505E-1 5.93432E-1 6.21417E-1 5.76051E-1 5.78448E-1 5.84056E-1 5.53633E-1 5.9901E-1 5.94917E-1 6.21148E-1 5.6585E-1 5.34905E-1 5.0814E-1 4.90846E-1 4.80998E-1 4.74767E-1 4.44157E-1 4.35309E-1 4.46529E-1 4.42784E-1 4.07967E-1 4.09119E-1 4.00292E-1 3.99538E-1 4.611E-1 4.73435E-1 5.87352E-1 3.97345E-1 4.96668E-1 5.84392E-1 5.06953E-1 5.5601E-1 5.98799E-1 6.5725E-1 7.07876E-1 6.27545E-1 7.18049E-1 5.94577E-1 5.36179E-1 4.27303E-1 5.45236E-1 3.59859E-1 3.51565E-1 3.76758E-1 3.31551E-1 3.31952E-1 3.08909E-1
-9999 -9999 6.83114E-2 4.5956E-1 7.85291E-1 7.70428E-1 4.63508E-1 4.67959E-1 4.56702E-1 4.77528E-1 4.92029E-1 6.2E-1 5.62383E-1 6.63047E-1 5.64114E-1 5.27204E-1 5.48994E-1 5.32382E-1 5.1481E-1 5.52945E-1 5.3636E-1 5.4445E-1 5.35424E-1 5.59657E-1 5.34132E-1 5.16608E-1 4.92479E-1 4.82699E-1 4.67397E-1 4.82789E-1 4.68929E-1 4.64862E-1 4.59834E-1 4.44162E-1 4.17105E-1 4.07073E-1 3.95058E-1 4.00632E-1 4.15435E-1 4.22328E-1 3.9481E-1 4.01185E-1 4.2416E-1 4.78522E-1 4.70597E-1 5.94285E-1 7.3496E-1 6.65761E-1 6.70998E-1 7.10305E-1 7.619E-1 7.08898E-1 6.36102E-1 5.23517E-1 4.98547E-1 3.2241E-1 3.04362E-1 3.78202E-1 4.37193E-1 3.73306E-1 4.15452E-1
-9999 -9999 2.18729E-1 4.58239E-1 6.88351E-1 7.84966E-1 4.86029E-1 4.32398E-1 4.75411E-1 4.99671E-1 5.08037E-1 5.38234E-1 5.40028E-1 5.90312E-1 5.95468E-1 5.53303E-1 5.18705E-1 5.33247E-1 4.90788E-1 4.97442E-1 4.97259E-1 4.9125E-1 5.08043E-1 5.30631E-1 5.09536E-1 5.04633E-1 5.0425E-1 4.93007E-1 4.86351E-1 4.82751E-1 4.86211E-1 4.82665E-1 4.67087E-1 4.56747E-1 4.14978E-1 4.2004E-1 3.94628E-1 3.95655E-1 4.13602E-1 4.04857E-1 4.12566E-1 3.91039E-1 3.9285E-1 4.89992E-1 4.85753E-1 4.15978E-1 5.39897E-1 5.89029E-1 5.86622E-1 6.96221E-1 7.50375E-1 7.13826E-1 7.12346E-1 4.57456E-1 3.74589E-1 3.38442E-1 3.44433E-1 3.27961E-1 3.94597E-1 3.41535E-1 3.55676E-1
-9999 1.07828E-1 1.97135E-1 4.64631E-1 7.92881E-1 7.8447E-1 4.53806E-1 4.34445E-1 4.53469E-1 5.1563E-1 4.92936E-1 5.1921E-1 5.44786E-1 5.59138E-1 6.23938E-1 5.21841E-1 4.97599E-1 4.74863E-1 4.79494E-1 4.52314E-1 4.89069E-1 4.67015E-1 4.90739E-1 5.1338E-1 4.89029E-1 5.09531E-1 4.92325E-1 4.86381E-1 4.94841E-1 4.73757E-1 4.98506E-1 4.98634E-1 4.87942E-1 4.31596E-1 4.32214E-1 4.23296E-1 3.93174E-1 4.1239E-1 4.01544E-1 4.41707E-1 4.08393E-1 3.926E-1 3.89459E-1 4.67754E-1 4.95523E-1 5.0106E-1 6.36617E-1 4.73421E-1 6.77949E-1 7.49716E-1 7.50638E-1 7.32375E-1 6.05393E-1 5.7975E-1 5.08684E-1 3.31195E-1 3.49003E-1 3.19411E-1 3.58667E-1 3.13084E-1 3.21628E-1
-9999 7.89868E-2 9.61117E-2 3.90423E-1 6.73159E-1 6.82988E-1 4.46935E-1 4.26602E-1 4.41524E-1 4.87016E-1 4.87389E-1 4.82705E-1 5.22883E-1 4.85559E-1 4.67275E-1 5.01486E-1 4.74446E-1 4.81525E-1 4.66698E-1 4.97345E-1 4.55056E-1 4.65544E-1 4.45602E-1 4.68712E-1 4.93652E-1 4.9264E-1 4.91619E-1 4.69938E-1 4.94824E-1 4.97528E-1 4.94293E-1 4.90542E-1 4.83252E-1 4.35361E-1 4.16005E-1 4.23904E-1 3.86703E-1 4.05143E-1 4.24985E-1 4.12155E-1 4.09468E-1 5.81208E-1 4.4155E-1 5.30499E-1 5.63234E-1 5.12588E-1 6.09335E-1 7.24709E-1 7.37046E-1 6.84794E-1 7.49426E-1 7.18414E-1 6.49612E-1 5.86842E-1 4.04538E-1 4.41049E-1 3.7125E-1 3.68405E-1 4.63028E-1 4.2082E-1 4.62532E-1
-9999 7.08406E-2 2.92375E-1 3.83553E-1 4.16744E-1 6.34819E-1 5.00047E-1 4.28029E-1 5.10898E-1 4.2435E-1 4.1566E-1 7.6413E-1 5.73544E-1 4.41906E-1 4.43782E-1 4.52311E-1 4.63919E-1 4.88222E-1 4.31274E-1 4.75948E-1 4.45128E-1 4.88195E-1 4.74769E-1 5.36113E-1 5.05844E-1 4.95052E-1 4.80857E-1 4.84161E-1 4.87901E-1 4.7757E-1 4.807E-1 4.94272E-1 4.75476E-1 4.53338E-1 4.41744E-1 4.29E-1 4.39722E-1 3.87875E-1 4.262E-1 4.74008E-1 4.44103E-1 7.02668E-1 5.20313E-1 5.72053E-1 7.30016E-1 6.38833E-1 7.35944E-1 6.71266E-1 7.16143E-1 7.47741E-1 7.43217E-1 7.43662E-1 4.57866E-1 5.59613E-1 5.96234E-1 4.43023E-1 3.8049E-1 3.64854E-1 3.92214E-1 3.94926E-1 3.55643E-1
-9999 3.01657E-1 3.34863E-1 3.56478E-1 4.01127E-1 5.04338E-1 5.61687E-1 4.41439E-1 4.32076E-1 4.61771E-1 8.03783E-1 7.34376E-1 7.0295E-1 4.30058E-1 4.3476E-1 4.28223E-1 4.25866E-1 4.41654E-1 4.56601E-1 4.50065E-1 4.79483E-1 5.51878E-1 4.89788E-1 5.01319E-1 4.66919E-1 4.6636E-1 4.59303E-1 4.71222E-1 4.5834E-1 4.57012E-1 4.79543E-1 4.62691E-1 4.69876E-1 4.54353E-1 4.71647E-1 4.87239E-1 5.00659E-1 3.7347E-1 3.80339E-1 4.07254E-1 5.3148E-1 7.23204E-1 6.44786E-1 6.69165E-1 6.30842E-1 5.32097E-1 6.79741E-1 6.9691E-1 7.35552E-1 5.47384E-1 7.35199E-1 6.59205E-1 6.82108E-1 6.55142E-1 5.55941E-1 3.88517E-1 4.01625E-1 3.8909E-1 3.85747E-1 3.78065E-1 3.3736E-1
-9999 4.26224E-1 3.32773E-1 4.07432E-1 3.97149E-1 4.31153E-1 6.27018E-1 5.63951E-1 4.67281E-1 5.9194E-1 8.09067E-1 5.86109E-1 4.15039E-1 4.03187E-1 4.30411E-1 3.60595E-1 3.80358E-1 3.8623E-1 4.2583E-1 5.10527E-1 5.01525E-1 5.06058E-1 4.75046E-1 4.68511E-1 4.46019E-1 5.16999E-1 4.48074E-1 4.67301E-1 4.41207E-1 4.57755E-1 4.57236E-1 4.56E-1 5.03254E-1 4.68463E-1 5.41264E-1 4.46659E-1 4.35664E-1 4.58168E-1 4.24561E-1 4.87382E-1 7.44969E-1 6.66882E-1 4.71164E-1 1.30066E-1 3.24716E-2 1.18133E-2 5.69881E-1 6.77153E-1 7.41564E-1 7.51323E-1 7.33004E-1 7.06183E-1 7.23685E-1 5.24006E-1 4.34494E-1 4.4332E-1 4.18224E-1 4.05963E-1 3.81481E-1 3.68282E-1 3.59196E-1
3.19725E-1 4.53311E-1 3.92662E-1 3.72261E-1 3.60379E-1 4.08675E-1 7.09421E-1 4.15084E-1 3.022E-1 4.23051E-1 5.48924E-1 5.24752E-1 4.54574E-1 4.77682E-1 5.21315E-1 3.73883E-1 4.07484E-1 3.81395E-1 4.41204E-1 5.41624E-1 5.34274E-1 5.90352E-1 6.15747E-1 4.33271E-1 4.38347E-1 5.52838E-1 4.71522E-1 4.68741E-1 4.58973E-1 4.55665E-1 4.49835E-1 4.59717E-1 4.86847E-1 4.702E-1 5.14371E-1 4.81247E-1 4.28859E-1 3.51317E-1 4.33389E-1 6.41809E-1 6.79366E-1 7.36449E-1 6.80782E-1 7.74472E-2 1.4685E-2 4.55662E-2 2.32345E-1 7.52919E-1 6.68275E-1 6.55058E-1 7.37848E-1 7.51815E-1 6.85208E-1 6.47959E-1 4.62026E-1 4.45975E-1 4.35259E-1 4.25604E-1 3.97184E-1 3.77739E-1 3.54176E-1
-9999 -9999 -9999 4.86629E-1 3.56942E-1 1.49937E-1 3.23057E-1 1.84788E-1 2.0607E-1 1.9472E-1 2.30051E-1 6.34052E-1 8.15393E-1 7.0411E-1 6.81795E-1 4.2577E-1 3.82881E-1 3.95672E-1 4.38505E-1 5.69597E-1 5.60863E-1 4.897E-1 4.84522E-1 4.65221E-1 4.36798E-1 4.5175E-1 4.6439E-1 4.60092E-1 4.64716E-1 4.61711E-1 4.78985E-1 4.40125E-1 4.6925E-1 4.7207E-1 4.89513E-1 4.186E-1 3.90082E-1 1.21092E-1 1.10478E-2 4.67702E-1 7.40301E-1 7.45528E-1 7.36298E-1 9.19659E-2 1.45144E-2 3.29927E-2 7.56054E-1 7.40559E-1 6.8809E-1 7.49952E-1 7.45946E-1 7.47465E-1 7.36196E-1 6.4343E-1 5.1532E-1 4.79433E-1 4.69192E-1 4.55965E-1 4.28459E-1 4.01136E-1 3.90671E-1
-9999 -9999 -9999 -9999 -9999 -9999 -9999 -9999 -9999 1.31886E-1 1.03525E-1 2.86173E-1 4.85102E-1 7.56076E-1 7.67425E-1 7.52216E-1 6.4357E-1 3.79795E-1 4.251E-1 5.45475E-1 4.21995E-1 5.06194E-1 5.95569E-1 4.79691E-1 4.09615E-1 4.40354E-1 4.66583E-1 4.42813E-1 4.37533E-1 4.31911E-1 4.42751E-1 4.73033E-1 5.03593E-1 4.89894E-1 4.51804E-1 5.28443E-1 3.09312E-1 6.01325E-2 1.44606E-2 1.00371E-2 6.52246E-1 6.95936E-1 6.30715E-1 3.69161E-1 2.58453E-2 9.79648E-2 7.54641E-1 6.94759E-1 7.02053E-1 7.24807E-1 7.27372E-1 6.34353E-1 6.30287E-1 6.97754E-1 5.86459E-1 5.44419E-1 4.88444E-1 4.44691E-1 4.31093E-1 4.6951E-1 3.86864E-1
-9999 -9999 -9999 -9999 -9999 -9999 -9999 -9999 -9999 -9999 -9999 -9999 -9999 -9999 3.83669E-1 6.25234E-1 5.78126E-1 4.83427E-1 4.33069E-1 5.61855E-1 4.32806E-1 6.13728E-1 5.75185E-1 6.18539E-1 4.27034E-1 4.28138E-1 4.48826E-1 4.44502E-1 4.59898E-1 4.38607E-1 4.42531E-1 6.06944E-1 5.73822E-1 7.89707E-1 7.48499E-1 7.12911E-1 4.25547E-1 1.97019E-1 2.04381E-2 3.22717E-3 3.43533E-2 1.05376E-1 5.87104E-1 4.88544E-1 1.37027E-1 2.93561E-1 4.66069E-1 7.60197E-1 6.68409E-1 7.33417E-1 7.073E-1 6.41469E-1 5.16508E-1 7.13936E-1 5.66087E-1 5.33282E-1 4.89374E-1 4.80287E-1 4.41406E-1 4.30924E-1 4.12488E-1
-9999 -9999 -9999 -9999 -9999 -9999 -9999 -9999 -9999 -9999 -9999 -9999 -9999 -9999 -9999 -9999 -9999 -9999 -9999 6.54287E-1 4.64147E-1 4.65153E-1 4.86647E-1 5.36815E-1 4.41673E-1 4.07031E-1 4.54758E-1 4.30072E-1 4.06658E-1 4.65509E-1 4.50982E-1 4.78407E-1 6.43428E-1 5.94729E-1 6.24696E-1 5.7399E-1 4.84544E-1 4.90902E-1 2.04038E-1 8.71476E-3 1.90568E-2 7.97419E-3 4.08295E-1 6.53072E-1 3.99732E-1 2.97713E-1 4.27828E-1 6.42461E-1 7.26798E-1 7.17292E-1 7.25442E-1 7.14708E-1 7.45303E-1 7.01048E-1 6.04909E-1 5.20479E-1 4.84168E-1 5.65009E-1 4.64936E-1 4.50438E-1 4.26233E-1
-9999 -9999 -9999 -9999 -9999 -9999 -9999 -9999 -9999 -9999 -9999 -9999 -9999 -9999 -9999 -9999 -9999 -9999 -9999 -9999 -9999 -9999 -9999 -9999 -9999 3.93852E-1 4.10392E-1 4.03536E-1 3.98489E-1 4.56069E-1 5.36035E-1 5.82183E-1 5.62169E-1 6.31554E-1 4.9647E-1 1.73626E-1 2.01351E-1 2.83044E-1 4.49218E-2 6.4832E-2 2.49845E-3 7.69721E-3 2.19551E-1 4.48417E-1 4.83771E-1 2.38333E-1 3.99935E-1 6.92625E-1 6.53381E-1 6.61226E-1 3.8135E-1 6.81432E-1 7.0855E-1 7.03417E-1 5.59582E-1 5.0845E-1 4.54504E-1 4.63638E-1 4.25444E-1 4.06523E-1 3.69674E-1
-9999 -9999 -9999 -9999 -9999 -9999 -9999 -9999 -9999 -9999 -9999 -9999 -9999 -9999 -9999 -9999 -9999 -9999 -9999 -9999 -9999 -9999 -9999 -9999 -9999 -9999 -9999 -9999 -9999 -9999 6.71729E-1 7.08712E-1 7.17263E-1 7.33747E-1 4.31203E-1 1.50796E-3 2.18187E-2 8.64089E-2 8.08427E-2 1.74303E-1 2.0928E-1 1.07303E-1 6.0607E-1 4.85016E-1 7.69412E-1 6.0328E-1 3.06747E-2 6.74304E-1 4.47675E-1 1.71696E-1 2.76379E-1 3.45262E-1 6.75729E-1 6.85097E-1 5.31455E-1 4.38556E-1 4.18628E-1 4.14632E-1 4.77557E-1 3.87514E-1 3.72419E-1
-9999 -9999 -9999 -9999 -9999 -9999 -9999 -9999 -9999 -9999 -9999 -9999 -9999 -9999 -9999 -9999 -9999 -9999 -9999 -9999 -9999 -9999 -9999 -9999 -9999 -9999 -9999 -9999 -9999 -9999 -9999 -9999 -9999 -9999 -9999 -9999 2.36931E-1 1.1732E-1 8.70912E-2 1.52384E-1 4.49563E-2 1.65421E-2 6.02225E-1 7.17234E-1 7.21947E-1 7.06687E-1 6.40643E-1 1.19945E-1 1.99212E-1 9.35302E-2 2.81378E-1 3.88544E-1 6.29618E-1 5.00071E-1 4.57541E-1 4.26987E-1 4.16469E-1 3.82262E-1 4.11198E-1 3.90683E-1 3.636E-1
-9999 -9999 -9999 -9999 -9999 -9999 -9999 -9999 -9999 -9999 -9999 -9999 -9999 -9999 -9999 -9999 -9999 -9999 -9999 -9999 -9999 -9999 -9999 -9999 -9999 -9999 -9999 -9999 -9999 -9999 -9999 -9999 -9999 -9999 -9999 -9999 4.69956E-1 1.20111E-1 5.84267E-1 1.16505E-1 1.70527E-2 2.64088E-2 7.28584E-1 7.48223E-1 8.09523E-1 7.67146E-1 6.90821E-1 7.78495E-2 2.28318E-1 5.64724E-1 3.99646E-1 4.71088E-1 6.28824E-1 5.7441E-1 4.04451E-1 4.17056E-1 4.24876E-1 4.01785E-1 3.53826E-1 3.64338E-1 3.74292E-1
-9999 -9999 -9999 -9999 -9999 -9999 -9999 -9999 -9999 -9999 -9999 -9999 -9999 -9999 -9999 -9999 -9999 -9999 -9999 -9999 -9999 -9999 -9999 -9999 -9999 -9999 -9999 -9999 -9999 -9999 -9999 -9999 -9999 -9999 -9999 -9999 7.15614E-1 2.60925E-1 4.75393E-1 4.00898E-1 2.28878E-2 4.63506E-2 7.46443E-1 7.88384E-1 8.24402E-1 7.14859E-1 6.10552E-1 4.27535E-2 2.18352E-1 3.48232E-1 3.42749E-1 2.12984E-1 2.40985E-1 4.3032E-1 4.83236E-1 4.31705E-1 4.12781E-1 4.31427E-1 3.53876E-1 3.38834E-1 3.32729E-1
-9999 -9999 -9999 -9999 -9999 -9999 -9999 -9999 -9999 -9999 -9999 -9999 -9999 -9999 -9999 -9999 -9999 -9999 -9999 -9999 -9999 -9999 -9999 -9999 -9999 -9999 -9999 -9999 -9999 -9999 -9999 -9999 -9999 -9999 -9999 -9999 7.28948E-1 4.98303E-1 5.75375E-1 3.01837E-1 4.65109E-2 1.62261E-2 5.07366E-1 7.38069E-1 7.18227E-1 6.8593E-1 1.95824E-1 2.3718E-2 3.91776E-2 5.20775E-1 3.9152E-1 3.62111E-1 2.45597E-1 3.26714E-1 4.28535E-1 4.71107E-1 3.96969E-1 3.25904E-1 3.1754E-1 3.42018E-1 3.32175E-1
-9999 -9999 -9999 -9999 -9999 -9999 -9999 -9999 -9999 -9999 -9999 -9999 -9999 -9999 -9999 -9999 -9999 -9999 -9999 -9999 -9999 -9999 -9999 -9999 -9999 -9999 -9999 -9999 -9999 -9999 -9999 -9999 -9999 -9999 -9999 -9999 3.66515E-1 5.48422E-1 5.90322E-1 6.60727E-1 7.94004E-3 4.6805E-2 4.3068E-1 2.90265E-1 1.55772E-1 6.6986E-1 2.71101E-1 9.67027E-2 1.15231E-1 3.09395E-1 3.91072E-1 2.92641E-1 2.63346E-1 5.22807E-1 5.14014E-1 4.98184E-1 4.14382E-1 3.26285E-1 3.07071E-1 3.13729E-1 3.1309E-1
-9999 -9999 -9999 -9999 -9999 -9999 -9999 -9999 -9999 -9999 -9999 -9999 -9999 -9999 -9999 -9999 -9999 -9999 -9999 -9999 -9999 -9999 -9999 -9999 -9999 -9999 -9999 -9999 -9999 -9999 -9999 -9999 -9999 -9999 -9999 -9999 1.35945E-1 2.79095E-1 4.35635E-1 4.23606E-1 1.55475E-2 1.89315E-1 5.64229E-1 2.17939E-1 2.87877E-1 7.54349E-2 2.62292E-1 1.40005E-1 2.02966E-1 1.85972E-1 3.73913E-1 3.72729E-1 2.08481E-1 4.97758E-1 4.46812E-1 4.56475E-1 4.30236E-1 4.22533E-1 4.00521E-1 3.31951E-1 3.14075E-1
-9999 -9999 -9999 -9999 -9999 -9999 -9999 -9999 -9999 -9999 -9999 -9999 -9999 -9999 -9999 -9999 -9999 -9999 -9999 -9999 -9999 -9999 -9999 -9999 -9999 -9999 -9999 -9999 -9999 -9999 -9999 -9999 -9999 -9999 -9999 2.25204E-2 1.07435E-1 1.1121E-1 7.07366E-1 8.37085E-2 4.06413E-2 4.2515E-2 5.89615E-1 5.93287E-1 3.15678E-1 1.71993E-1 1.69513E-1 2.79182E-1 1.98442E-1 1.92844E-1 2.38935E-1 2.95671E-1 2.90687E-1 4.84114E-1 4.17541E-1 3.60593E-1 3.62035E-1 3.46474E-1 3.40366E-1 3.07543E-1 3.27649E-1
-9999 -9999 -9999 -9999 -9999 -9999 -9999 -9999 -9999 -9999 -9999 -9999 -9999 -9999 -9999 -9999 -9999 -9999 -9999 -9999 -9999 -9999 -9999 -9999 -9999 -9999 -9999 -9999 -9999 -9999 -9999 -9999 -9999 -9999 -9999 9.43425E-2 9.4844E-2 8.01711E-2 5.97353E-1 4.94584E-1 1.37016E-1 7.78585E-2 6.39467E-1 7.54596E-1 6.84122E-1 2.40066E-1 4.66621E-1 6.08085E-1 1.48327E-1 3.55906E-1 1.41685E-1 1.90409E-1 2.55521E-1 4.04662E-1 4.58903E-1 3.66628E-1 3.29655E-1 2.86388E-1 3.45175E-1 3.07834E-1 3.46944E-1
-9999 -9999 -9999 -9999 -9999 -9999 -9999 -9999 -9999 -9999 -9999 -9999 -9999 -9999 -9999 -9999 -9999 -9999 -9999 -9999 -9999 -9999 -9999 -9999 -9999 -9999 -9999 -9999 -9999 -9999 -9999 -9999 -9999 -9999 -9999 1.91441E-1 1.8956E-1 5.64277E-2 3.51413E-1 3.76613E-1 3.86174E-1 2.43412E-1 6.27178E-1 7.08733E-1 7.84012E-1 6.61464E-1 4.59981E-1 6.49168E-1 5.78598E-2 2.69106E-1 1.5294E-1 2.93331E-1 3.98058E-1 3.50521E-1 3.93552E-1 4.13138E-1 3.17834E-1 2.80049E-1 2.70057E-1 3.04009E-1 3.53863E-1
-9999 -9999 -9999 -9999 -9999 -9999 -9999 -9999 -9999 -9999 -9999 -9999 -9999 -9999 -9999 -9999 -9999 -9999 -9999 -9999 -9999 -9999 -9999 -9999 -9999 -9999 -9999 -9999 -9999 -9999 -9999 -9999 -9999 -9999 -9999 1.35575E-1 2.32049E-1 3.81193E-1 6.94004E-1 5.84164E-1 5.21528E-1 6.35336E-1 4.87805E-1 6.41905E-1 6.30795E-1 5.46625E-1 1.72542E-1 4.73309E-1 2.13025E-1 0E0 3.2066E-1 2.34327E-1 1.51792E-1 3.49199E-1 3.39621E-1 3.59371E-1 3.52778E-1 2.50179E-1 3.0425E-1 3.3712E-1 4.14577E-1
-9999 -9999 -9999 -9999 -9999 -9999 -9999 -9999 -9999 -9999 -9999 -9999 -9999 -9999 -9999 -9999 -9999 -9999 -9999 -9999 -9999 -9999 -9999 -9999 -9999 -9999 -9999 -9999 -9999 -9999 -9999 -9999 -9999 -9999 -9999 6.07782E-2 4.13633E-1 4.6023E-1 4.8587E-1 3.72288E-1 4.58519E-1 3.4175E-1 2.60867E-1 4.95764E-1 6.46429E-1 4.88431E-1 2.03449E-1 1.49442E-1 1.60186E-1 2.32602E-1 1.83585E-1 1.86418E-1 2.41136E-1 3.30179E-1 1.99563E-1 2.60772E-1 3.367E-1 3.39789E-1 3.92541E-1 3.89728E-1 3.69928E-1
-9999 -9999 -9999 -9999 -9999 -9999 -9999 -9999 -9999 -9999 -9999 -9999 -9999 -9999 -9999 -9999 -9999 -9999 -9999 -9999 -9999 -9999 -9999 -9999 -9999 -9999 -9999 -9999 -9999 -9999 -9999 -9999 -9999 -9999 -9999 1.78064E-1 4.1274E-1 4.2537E-1 4.87249E-1 4.82846E-1 5.13876E-1 3.01125E-1 5.00023E-1 1.97862E-1 3.87998E-1 4.16448E-1 4.47411E-1 4.79313E-1 5.19411E-1 5.09317E-1 3.61118E-1 3.00964E-1 2.91319E-1 2.75715E-1 9.38667E-2 1.31076E-1 3.23447E-1 3.13548E-1 3.8009E-1 3.8171E-1 2.99186E-1
