Final_Models_July82022/M_0.1_F_lqp_Set_1/Bison_3.asc
ncols         290
nrows         380
xllcorner     -2197417.7431653
yllcorner     -584827.01486885
cellsize      10000.0
NODATA_value  -9999
[rows 162 to 188 of 380, columns 122 to 182 of 290]
3.87477E-1 3.92151E-1 3.73783E-1 3.72155E-1 3.3219E-1 2.80066E-1 2.92784E-1 2.28573E-1 2.52731E-1 2.15807E-1 2.17462E-1 2.2328E-1 2.23908E-1 2.19821E-1 2.18242E-1 2.07892E-1 2.17232E-1 2.03841E-1 1.97797E-1 1.95358E-1 1.97883E-1 1.95585E-1 1.98878E-1 1.83162E-1 1.85793E-1 1.86155E-1 1.67008E-1 1.37138E-1 1.75056E-1 1.91603E-1 1.88436E-1 1.9839E-1 1.76265E-1 1.79185E-1 1.76214E-1 1.0614E-1 9.37975E-2 9.2116E-2 9.35976E-2 1.12001E-1 2.00388E-1 2.0712E-1 2.24179E-1 1.20446E-1 1.07027E-1 1.12163E-1 1.78423E-1 1.82411E-1 2.16713E-1 1.95857E-1 2.01826E-1 1.7817E-1 1.28282E-1 1.38411E-1 1.24523E-1 1.20859E-1 5.33526E-2 9.95692E-2 7.63288E-2 8.13421E-2 6.79587E-2
2.4939E-1 2.97004E-1 3.65336E-1 2.6707E-1 3.52431E-1 3.08743E-1 3.28183E-1 2.5212E-1 2.9264E-1 2.14107E-1 2.13331E-1 2.57919E-1 2.35877E-1 2.1169E-1 2.0623E-1 2.03675E-1 2.19288E-1 2.17937E-1 2.1431E-1 2.03842E-1 1.92169E-1 1.67052E-1 1.76421E-1 1.64216E-1 2.02579E-1 1.56315E-1 9.05552E-2 1.1546E-1 1.36511E-1 1.60353E-1 1.53779E-1 2.02341E-1 1.79208E-1 1.79738E-1 1.79322E-1 9.21563E-2 8.94694E-2 9.70126E-2 2.1412E-1 2.10166E-1 2.26551E-1 2.2541E-1 2.55701E-1 2.07758E-1 1.88513E-1 2.03318E-1 2.00786E-1 1.88766E-1 1.56584E-1 1.80048E-1 1.96617E-1 1.50202E-1 1.13649E-1 1.33297E-1 1.44889E-1 1.00739E-1 1.02364E-1 9.52865E-2 8.40023E-2 6.9023E-2 4.74545E-2
2.84713E-1 3.68047E-1 2.30802E-1 2.50212E-1 3.81826E-1 3.03028E-1 2.31816E-1 2.50994E-1 2.54623E-1 2.38476E-1 2.34133E-1 2.26989E-1 2.4111E-1 2.12459E-1 2.13239E-1 2.00834E-1 2.03448E-1 2.00607E-1 1.97692E-1 1.79977E-1 1.8284E-1 1.63834E-1 1.93076E-1 2.01368E-1 1.98396E-1 9.65588E-2 9.18579E-2 9.56372E-2 9.72008E-2 1.59049E-1 1.41257E-1 1.834E-1 1.72855E-1 1.19681E-1 9.03622E-2 1.03039E-1 9.96476E-2 2.07299E-1 2.35996E-1 2.30188E-1 2.16482E-1 2.45594E-1 2.31082E-1 1.53402E-1 1.80305E-1 1.72376E-1 1.72067E-1 1.4832E-1 1.36705E-1 1.13899E-1 1.16701E-1 1.24211E-1 1.05768E-1 1.11927E-1 1.35141E-1 7.33695E-2 8.15233E-2 7.82614E-2 6.87151E-2 7.138E-2 6.98391E-2
3.58674E-1 3.39276E-1 2.81435E-1 3.79055E-1 3.1757E-1 2.75839E-1 2.80259E-1 2.7157E-1 2.23166E-1 2.40935E-1 2.43289E-1 2.4689E-1 2.56607E-1 2.33444E-1 2.18276E-1 2.2249E-1 2.09871E-1 1.88386E-1 1.9455E-1 2.00153E-1 1.64928E-1 1.92417E-1 2.0936E-1 1.64073E-1 1.77015E-1 1.57279E-1 1.26429E-1 9.89647E-2 1.23831E-1 1.55488E-1 1.30383E-1 1.59022E-1 2.23646E-1 1.75983E-1 1.12603E-1 1.04825E-1 1.1366E-1 2.33596E-1 2.4298E-1 2.04389E-1 1.85671E-1 1.73203E-1 1.98623E-1 1.90046E-1 1.62842E-1 1.55612E-1 1.55613E-1 1.43641E-1 1.23829E-1 1.03628E-1 1.38928E-1 1.11704E-1 9.53864E-2 1.03653E-1 1.083E-1 9.52341E-2 8.78344E-2 6.48378E-2 7.4051E-2 6.64058E-2 6.71885E-2
3.79188E-1 2.73182E-1 3.77332E-1 2.73685E-1 2.50572E-1 2.52191E-1 2.44746E-1 2.78703E-1 2.31098E-1 2.24587E-1 2.15553E-1 2.2526E-1 2.35097E-1 2.16187E-1 2.41249E-1 2.28848E-1 2.10414E-1 2.17035E-1 2.02923E-1 2.01411E-1 2.04241E-1 2.01462E-1 2.06975E-1 2.44386E-1 2.1715E-1 2.15821E-1 1.12968E-1 1.00773E-1 1.55194E-1 2.15105E-1 2.35983E-1 2.24904E-1 2.01708E-1 2.44072E-1 1.94238E-1 2.58025E-1 2.2651E-1 2.56786E-1 2.47213E-1 1.9118E-1 1.90072E-1 1.88993E-1 1.66635E-1 1.57035E-1 1.65771E-1 1.78956E-1 1.66725E-1 1.68372E-1 1.64205E-1 1.65042E-1 1.35732E-1 1.28731E-1 1.04184E-1 1.31902E-1 1.34873E-1 9.35854E-2 9.66649E-2 7.99222E-2 6.87651E-2 9.10233E-2 8.29005E-2
2.18237E-1 2.47812E-1 2.19876E-1 2.06678E-1 2.28129E-1 2.38326E-1 2.33504E-1 2.90998E-1 2.17902E-1 2.17747E-1 2.48841E-1 2.13086E-1 2.45109E-1 2.27435E-1 2.21396E-1 2.2985E-1 2.16673E-1 2.18578E-1 2.01099E-1 1.96188E-1 2.00788E-1 2.09591E-1 2.26281E-1 2.04643E-1 2.15445E-1 2.28034E-1 1.66501E-1 1.01518E-1 1.86652E-1 2.28997E-1 2.30454E-1 2.32893E-1 2.19651E-1 2.04344E-1 2.62445E-1 2.31917E-1 2.44202E-1 2.98507E-1 2.51822E-1 1.96016E-1 1.61838E-1 2.03259E-1 2.25246E-1 1.51365E-1 1.62616E-1 1.52786E-1 1.68373E-1 1.89611E-1 1.50442E-1 1.68212E-1 1.16161E-1 1.53385E-1 1.30806E-1 1.28623E-1 9.03063E-2 1.09101E-1 8.82159E-2 5.18967E-2 3.24502E-2 5.26743E-2 6.39524E-2
1.92649E-1 1.64994E-1 1.52961E-1 2.6374E-1 2.15653E-1 2.26545E-1 2.50551E-1 2.3237E-1 2.17947E-1 2.08583E-1 2.26314E-1 2.14607E-1 2.22754E-1 2.18905E-1 2.19919E-1 2.29739E-1 2.20507E-1 1.96216E-1 1.97761E-1 1.91259E-1 2.11927E-1 1.77802E-1 1.98221E-1 1.73213E-1 1.92478E-1 2.13549E-1 2.36935E-1 1.84693E-1 1.97823E-1 2.33538E-1 2.21153E-1 1.91866E-1 1.76391E-1 1.98591E-1 2.22038E-1 1.96181E-1 2.24717E-1 2.26701E-1 2.35604E-1 2.2056E-1 1.51804E-1 1.29428E-1 1.49215E-1 1.44356E-1 1.53726E-1 1.45571E-1 1.36274E-1 1.31037E-1 1.30991E-1 1.24515E-1 1.25255E-1 1.61315E-1 1.18533E-1 1.15962E-1 8.87391E-2 1.15644E-1 9.23228E-2 7.87018E-2 4.06601E-2 4.1985E-2 3.07615E-2
2.04702E-1 1.68344E-1 1.69267E-1 2.3881E-1 2.09526E-1 2.41348E-1 2.99917E-1 2.6605E-1 2.20496E-1 2.15822E-1 2.15856E-1 2.36841E-1 1.99728E-1 2.15194E-1 2.15898E-1 2.03428E-1 2.13519E-1 1.80923E-1 1.7754E-1 1.61411E-1 1.72722E-1 1.48149E-1 1.49309E-1 1.73333E-1 1.68952E-1 1.93433E-1 2.31367E-1 2.16054E-1 2.43397E-1 2.32959E-1 2.04368E-1 2.89164E-1 2.29679E-1 2.04661E-1 1.89105E-1 1.81697E-1 2.36569E-1 2.97175E-1 2.02611E-1 1.78627E-1 1.95863E-1 1.45885E-1 1.64631E-1 1.56503E-1 1.51268E-1 1.46504E-1 1.3538E-1 1.30237E-1 1.16433E-1 1.3482E-1 1.09966E-1 1.13504E-1 1.12516E-1 6.91427E-2 5.72641E-2 4.36767E-2 6.05913E-2 7.62497E-2 6.80074E-2 3.58222E-2 2.92255E-2
2.10788E-1 1.87108E-1 1.91902E-1 1.95422E-1 1.87633E-1 2.14882E-1 3.03323E-1 2.51091E-1 2.44659E-1 2.40719E-1 2.24963E-1 2.03107E-1 2.04873E-1 2.07593E-1 1.97447E-1 1.88688E-1 1.89258E-1 1.60134E-1 1.40046E-1 1.42056E-1 1.25438E-1 1.46463E-1 1.50596E-1 1.43614E-1 1.3191E-1 1.91287E-1 2.06538E-1 2.23293E-1 2.29148E-1 2.01998E-1 2.02272E-1 2.72416E-1 2.76974E-1 2.44889E-1 1.8154E-1 1.72142E-1 2.47874E-1 1.7767E-1 1.81259E-1 1.70611E-1 1.7401E-1 1.7285E-1 1.55422E-1 1.56638E-1 1.45036E-1 1.27867E-1 1.56792E-1 1.22347E-1 1.10288E-1 1.31651E-1 1.27908E-1 1.23653E-1 1.19153E-1 9.29978E-2 6.52815E-2 6.32797E-2 7.77773E-2 7.8007E-2 5.56424E-2 3.61705E-2 2.87349E-2
2.21349E-1 2.03644E-1 1.34473E-1 1.4063E-1 1.78391E-1 2.085E-1 2.80638E-1 2.28361E-1 2.24726E-1 1.99412E-1 1.94059E-1 1.84405E-1 1.79341E-1 1.98442E-1 1.77933E-1 1.79597E-1 1.79074E-1 1.59648E-1 1.15959E-1 1.12605E-1 1.26983E-1 1.05133E-1 1.39735E-1 1.58917E-1 1.45396E-1 1.8347E-1 2.12878E-1 2.57723E-1 2.2063E-1 2.27286E-1 2.34157E-1 2.43871E-1 3.04623E-1 2.73782E-1 1.71994E-1 1.80983E-1 2.68691E-1 1.84409E-1 1.76929E-1 1.80747E-1 1.6097E-1 1.56824E-1 1.63944E-1 1.39014E-1 1.45535E-1 1.28303E-1 1.50602E-1 1.17443E-1 1.18212E-1 1.09912E-1 1.4765E-1 1.0954E-1 1.218E-1 9.73436E-2 9.4227E-2 8.01382E-2 6.33239E-2 5.02623E-2 4.45457E-2 4.59887E-2 3.34086E-2
2.28832E-1 1.76086E-1 8.86704E-2 1.64473E-1 2.87372E-1 2.3566E-1 2.48404E-1 2.3456E-1 2.2322E-1 2.0066E-1 1.33297E-1 1.51683E-1 1.54302E-1 1.66194E-1 1.60409E-1 1.65381E-1 1.68792E-1 1.39419E-1 1.18898E-1 1.55373E-1 1.48804E-1 1.33641E-1 1.15841E-1 1.32737E-1 1.58308E-1 1.84552E-1 1.78131E-1 1.99119E-1 2.0822E-1 2.48067E-1 2.3877E-1 2.90851E-1 3.19929E-1 2.05332E-1 1.96732E-1 1.69793E-1 1.69047E-1 1.63649E-1 1.66149E-1 1.67398E-1 1.45212E-1 1.84787E-1 1.54688E-1 1.55322E-1 1.60365E-1 1.36922E-1 1.23193E-1 1.16028E-1 1.10939E-1 1.37047E-1 1.40905E-1 1.13131E-1 1.43407E-1 1.25195E-1 1.12847E-1 1.0824E-1 7.08881E-2 5.29244E-2 4.82211E-2 7.58818E-2 8.84568E-2
2.171E-1 2.05281E-1 1.29286E-1 1.11412E-1 1.86402E-1 2.63813E-1 2.57954E-1 1.9719E-1 1.93481E-1 1.65786E-1 1.34554E-1 1.00224E-1 9.50885E-2 1.09284E-1 1.21928E-1 1.54812E-1 1.25504E-1 1.34799E-1 1.70097E-1 1.34798E-1 1.2123E-1 1.14525E-1 1.13636E-1 1.40764E-1 1.13637E-1 1.19923E-1 1.11288E-1 2.03533E-1 2.13418E-1 2.0892E-1 2.34989E-1 2.17985E-1 2.16694E-1 2.16623E-1 1.87042E-1 2.11717E-1 2.57544E-1 2.0936E-1 1.47038E-1 1.38615E-1 1.2736E-1 1.98775E-1 1.33458E-1 1.95431E-1 2.04913E-1 1.32882E-1 1.11133E-1 1.14855E-1 1.25733E-1 1.15928E-1 1.57402E-1 1.28345E-1 1.25655E-1 1.22931E-1 8.29164E-2 8.42894E-2 7.58498E-2 6.12851E-2 7.80082E-2 7.64874E-2 5.96121E-2
2.15099E-1 1.80965E-1 9.86043E-2 1.17257E-1 1.93435E-1 2.36977E-1 2.87662E-1 2.0604E-1 1.82236E-1 1.16474E-1 1.13308E-1 1.49819E-1 1.31109E-1 1.13116E-1 1.32243E-1 1.68624E-1 1.6788E-1 1.564E-1 1.38982E-1 1.49301E-1 1.25863E-1 1.20352E-1 1.25539E-1 1.14207E-1 1.04703E-1 1.05578E-1 6.29937E-2 1.71255E-1 2.07795E-1 2.28908E-1 2.16337E-1 1.99468E-1 2.13227E-1 2.46294E-1 2.49704E-1 2.22791E-1 2.06073E-1 1.68244E-1 1.55441E-1 1.34947E-1 1.44604E-1 1.72196E-1 1.1706E-1 1.14064E-1 1.2462E-1 1.24519E-1 1.11286E-1 1.05024E-1 1.25241E-1 1.20794E-1 1.25504E-1 1.68431E-1 1.34053E-1 1.01866E-1 8.77232E-2 8.25332E-2 9.93542E-2 9.47887E-2 9.92656E-2 6.50844E-2 4.69193E-2
1.89915E-1 1.95047E-1 1.7927E-1 1.46658E-1 2.2047E-1 2.41769E-1 2.37046E-1 2.19618E-1 1.73391E-1 2.11969E-1 1.20687E-1 9.31798E-2 9.28461E-2 1.15217E-1 1.39294E-1 1.30792E-1 1.41945E-1 1.40172E-1 1.30717E-1 1.13319E-1 1.18155E-1 1.21369E-1 1.10195E-1 1.20721E-1 1.01357E-1 1.02123E-1 1.23189E-1 2.03088E-1 2.06836E-1 2.45002E-1 2.18997E-1 2.29372E-1 1.87202E-1 2.21802E-1 1.91608E-1 1.84648E-1 1.78563E-1 2.01722E-1 1.64824E-1 1.32124E-1 1.45158E-1 1.15805E-1 1.07927E-1 1.24121E-1 1.72879E-1 1.18991E-1 1.33667E-1 1.38242E-1 1.35532E-1 1.56431E-1 1.55034E-1 1.35454E-1 1.10796E-1 9.55288E-2 1.01057E-1 1.17199E-1 1.01005E-1 1.2979E-1 1.00693E-1 1.11672E-1 4.91717E-2
2.09996E-1 2.16622E-1 1.88942E-1 1.54756E-1 2.12558E-1 2.19016E-1 2.3408E-1 1.90058E-1 2.1988E-1 1.92391E-1 1.78207E-1 1.08932E-1 1.17439E-1 1.08106E-1 1.10343E-1 9.96828E-2 1.09207E-1 1.32408E-1 1.29873E-1 1.11484E-1 9.6916E-2 1.00881E-1 1.06697E-1 1.2731E-1 1.02186E-1 1.10824E-1 1.56756E-1 1.95172E-1 2.35635E-1 2.3827E-1 2.1056E-1 1.99815E-1 2.48493E-1 1.97103E-1 1.80129E-1 1.69381E-1 1.92998E-1 1.48197E-1 1.56267E-1 1.43238E-1 1.503E-1 1.20926E-1 1.40756E-1 1.48369E-1 1.32957E-1 1.32574E-1 2.05242E-1 1.45473E-1 2.08149E-1 1.80738E-1 1.42178E-1 1.35288E-1 1.01421E-1 1.03873E-1 1.11165E-1 1.04789E-1 1.00011E-1 1.0205E-1 9.39495E-2 6.19079E-2 8.60678E-2
2.23459E-1 2.5568E-1 2.06181E-1 2.28013E-1 1.97401E-1 2.26846E-1 2.3255E-1 1.81834E-1 1.88351E-1 1.76999E-1 1.44333E-1 1.27752E-1 1.1632E-1 1.07188E-1 1.06581E-1 1.01799E-1 1.32216E-1 1.07102E-1 1.17663E-1 1.0723E-1 8.04483E-2 9.61969E-2 1.17615E-1 8.69981E-2 1.17852E-1 1.66602E-1 1.84451E-1 1.98093E-1 2.44224E-1 2.01918E-1 1.87004E-1 2.10813E-1 1.73443E-1 1.68386E-1 1.55082E-1 1.72718E-1 1.50382E-1 1.70498E-1 1.45565E-1 1.49068E-1 1.22854E-1 1.02283E-1 1.33516E-1 1.5089E-1 1.49119E-1 1.37216E-1 1.89158E-1 2.14784E-1 1.64401E-1 2.20668E-1 1.70876E-1 1.27547E-1 1.16604E-1 1.80145E-1 1.36063E-1 1.13861E-1 1.03673E-1 8.10525E-2 5.30587E-2 6.96932E-2 1.13094E-1
2.38367E-1 2.66193E-1 2.3785E-1 1.96992E-1 2.35384E-1 2.06978E-1 2.14716E-1 2.35672E-1 1.87164E-1 1.77803E-1 1.41076E-1 1.3999E-1 1.13528E-1 1.12221E-1 1.10377E-1 9.8771E-2 1.01196E-1 1.01424E-1 1.14638E-1 1.06362E-1 1.24802E-1 1.10951E-1 1.10713E-1 1.15126E-1 1.80871E-1 1.9991E-1 2.24082E-1 2.34043E-1 2.21429E-1 2.34941E-1 2.26446E-1 1.92766E-1 1.72457E-1 1.86623E-1 1.61262E-1 1.44515E-1 1.36007E-1 1.31377E-1 1.30857E-1 1.84155E-1 1.13497E-1 7.59731E-2 9.49512E-2 1.33336E-1 1.68938E-1 1.86728E-1 2.29669E-1 1.98063E-1 2.01532E-1 2.1201E-1 2.15536E-1 1.08827E-1 1.13332E-1 1.33399E-1 1.44492E-1 1.39845E-1 1.42203E-1 7.29368E-2 8.51507E-2 6.48479E-2 9.32696E-2
2.53321E-1 2.61833E-1 1.70254E-1 2.24051E-1 2.28695E-1 2.0805E-1 2.00575E-1 1.7227E-1 1.21953E-1 1.9391E-1 1.57686E-1 1.40038E-1 1.27319E-1 1.30989E-1 1.17577E-1 1.07758E-1 1.49789E-1 1.34758E-1 1.17018E-1 1.28387E-1 1.38344E-1 1.58527E-1 1.32634E-1 1.35052E-1 1.84556E-1 2.26608E-1 2.72005E-1 2.54839E-1 1.78744E-1 1.99074E-1 1.60951E-1 1.73306E-1 1.6323E-1 1.59168E-1 1.49371E-1 1.44193E-1 2.50696E-1 1.86489E-1 2.22239E-1 1.54678E-1 1.29926E-1 7.93268E-2 1.00903E-1 1.33475E-1 1.36507E-1 1.53319E-1 1.64333E-1 2.33228E-1 1.87734E-1 2.23594E-1 1.93093E-1 1.58602E-1 1.63011E-1 1.01411E-1 1.36842E-1 1.70985E-1 1.79627E-1 9.57217E-2 8.65702E-2 7.86808E-2 4.64385E-2
1.8179E-1 1.83956E-1 1.93036E-1 2.08487E-1 2.06892E-1 2.10175E-1 1.89164E-1 1.65105E-1 1.77898E-1 1.76811E-1 1.56011E-1 1.59405E-1 1.42705E-1 1.5858E-1 1.36253E-1 1.30193E-1 1.52647E-1 1.60269E-1 1.34433E-1 1.60208E-1 1.6865E-1 1.76209E-1 2.18605E-1 1.81414E-1 1.96719E-1 2.26499E-1 2.38651E-1 2.46228E-1 2.51788E-1 2.04894E-1 1.73231E-1 1.42396E-1 1.27052E-1 1.35402E-1 1.45283E-1 1.5916E-1 2.534E-1 1.0939E-1 2.43838E-1 1.63158E-1 1.37756E-1 1.1145E-1 1.15089E-1 1.56202E-1 1.6055E-1 1.72679E-1 1.5293E-1 1.15696E-1 1.43251E-1 1.51924E-1 1.5133E-1 1.39892E-1 1.68451E-1 1.43966E-1 1.29748E-1 1.46638E-1 1.23281E-1 6.71231E-2 5.39462E-2 6.09016E-2 5.42301E-2
2.15816E-1 2.04359E-1 2.48706E-1 2.40647E-1 2.20991E-1 1.89667E-1 1.82838E-1 1.67086E-1 1.5491E-1 1.53862E-1 1.53052E-1 1.64262E-1 1.65227E-1 1.66221E-1 1.69974E-1 1.45368E-1 1.60487E-1 1.52895E-1 1.55083E-1 1.91426E-1 1.89378E-1 2.30544E-1 2.173E-1 2.25183E-1 1.97827E-1 2.10844E-1 2.23026E-1 2.54249E-1 2.05079E-1 1.81735E-1 1.35427E-1 1.20349E-1 1.49274E-1 1.21981E-1 1.02197E-1 1.3704E-1 2.68054E-1 2.39697E-1 1.60474E-1 1.28976E-1 1.51186E-1 8.51741E-2 1.14706E-1 1.40515E-1 1.57726E-1 1.40249E-1 1.39312E-1 8.8067E-2 8.00427E-2 1.49135E-1 1.35122E-1 1.49447E-1 1.4942E-1 1.30224E-1 9.92227E-2 1.002E-1 7.09543E-2 7.09758E-2 5.32517E-2 4.94071E-2 7.07075E-2
2.93768E-1 2.91642E-1 2.25154E-1 2.50646E-1 2.04188E-1 1.79576E-1 1.56623E-1 1.50487E-1 1.29753E-1 1.38153E-1 1.39384E-1 1.54909E-1 1.64164E-1 1.77069E-1 1.96286E-1 1.69736E-1 1.66262E-1 1.64918E-1 1.76283E-1 1.81165E-1 1.67753E-1 2.07877E-1 1.92122E-1 1.9168E-1 2.75855E-1 2.24182E-1 1.8433E-1 1.85743E-1 1.96635E-1 1.76029E-1 1.44636E-1 1.32621E-1 1.15859E-1 1.31044E-1 1.53001E-1 1.75429E-1 1.47775E-1 1.36738E-1 1.26043E-1 1.03633E-1 1.76473E-1 8.58647E-2 8.19389E-2 1.28147E-1 1.70181E-1 1.48304E-1 1.45219E-1 1.15395E-1 8.46004E-2 1.23645E-1 1.32464E-1 1.14143E-1 1.25768E-1 1.32019E-1 1.06316E-1 6.77279E-2 9.02317E-2 8.13223E-2 5.51943E-2 8.51084E-2 8.88688E-2
2.51007E-1 2.42373E-1 2.33775E-1 2.60303E-1 2.0584E-1 1.80805E-1 1.51153E-1 1.30709E-1 1.20324E-1 1.17961E-1 1.18083E-1 1.27303E-1 1.4936E-1 1.66891E-1 2.30642E-1 2.35473E-1 1.80565E-1 2.33901E-1 1.9757E-1 1.90137E-1 2.156E-1 2.57735E-1 2.72812E-1 2.36547E-1 2.16255E-1 2.00705E-1 2.1144E-1 2.23272E-1 2.05867E-1 1.75695E-1 1.52756E-1 1.32208E-1 1.33023E-1 1.33112E-1 2.17298E-1 1.62874E-1 1.4546E-1 1.43471E-1 1.56426E-1 7.93125E-2 7.65294E-2 8.87542E-2 8.36689E-2 1.54656E-1 1.61618E-1 1.68298E-1 1.63764E-1 2.38788E-1 1.34429E-1 1.36793E-1 1.25611E-1 9.36099E-2 1.14996E-1 1.31251E-1 1.44011E-1 1.14137E-1 1.05048E-1 1.24422E-1 8.23531E-2 9.26081E-2 8.50628E-2
2.84828E-1 2.62761E-1 2.32759E-1 2.58033E-1 2.17174E-1 1.58396E-1 1.50009E-1 1.37306E-1 1.08945E-1 1.21672E-1 1.1998E-1 1.33065E-1 1.92335E-1 1.87013E-1 2.27577E-1 2.55469E-1 2.17125E-1 2.29784E-1 1.96286E-1 1.70746E-1 1.93069E-1 1.93104E-1 1.95148E-1 1.89084E-1 1.79307E-1 1.71645E-1 1.9843E-1 2.11875E-1 2.48678E-1 2.04762E-1 1.58647E-1 1.55659E-1 1.63139E-1 1.66653E-1 2.18159E-1 1.72215E-1 1.62928E-1 1.49646E-1 1.35356E-1 1.5146E-1 1.1271E-1 1.07092E-1 1.06384E-1 1.61989E-1 1.67332E-1 1.80581E-1 1.77307E-1 1.75896E-1 1.6453E-1 1.49979E-1 1.36982E-1 1.2745E-1 1.35711E-1 2.21842E-1 2.15158E-1 1.4807E-1 1.00147E-1 8.36636E-2 7.70795E-2 1.03756E-1 1.08428E-1
2.37338E-1 2.53082E-1 2.25074E-1 1.95469E-1 1.9651E-1 1.67074E-1 1.58999E-1 1.40499E-1 1.37396E-1 1.19026E-1 1.2557E-1 1.56448E-1 1.65594E-1 1.97609E-1 2.23744E-1 2.73131E-1 2.52979E-1 2.01421E-1 1.95945E-1 1.78678E-1 1.93477E-1 1.90199E-1 2.05744E-1 1.85724E-1 2.43827E-1 1.85963E-1 2.56401E-1 2.42267E-1 1.98824E-1 1.85368E-1 1.53884E-1 1.75949E-1 1.86583E-1 1.83796E-1 1.67023E-1 1.58909E-1 1.72142E-1 1.46668E-1 1.69068E-1 1.46165E-1 1.04101E-1 1.03342E-1 1.04943E-1 1.53451E-1 1.55841E-1 1.62396E-1 1.61316E-1 1.32121E-1 1.44547E-1 1.53021E-1 1.4619E-1 1.30071E-1 1.27617E-1 1.40844E-1 1.29203E-1 1.21861E-1 8.81127E-2 7.89541E-2 6.91425E-2 7.32905E-2 8.19362E-2
2.35376E-1 2.20173E-1 2.44015E-1 2.12669E-1 2.12005E-1 1.63298E-1 1.36325E-1 1.47111E-1 1.27994E-1 1.28661E-1 1.29611E-1 1.54126E-1 1.6505E-1 2.28848E-1 1.83589E-1 2.3341E-1 2.11261E-1 2.19672E-1 1.93509E-1 2.31367E-1 1.95858E-1 2.09812E-1 1.816E-1 1.85235E-1 1.87222E-1 1.82318E-1 2.75957E-1 2.96241E-1 2.37859E-1 2.41965E-1 1.79387E-1 1.75858E-1 1.58318E-1 2.25336E-1 1.84329E-1 1.93728E-1 1.82953E-1 1.04768E-1 1.55125E-1 1.47008E-1 1.71885E-1 1.56256E-1 1.61734E-1 1.74292E-1 1.15082E-1 1.48681E-1 1.94443E-1 1.6401E-1 1.45062E-1 1.37349E-1 1.15049E-1 1.61913E-1 1.47929E-1 1.28425E-1 1.18985E-1 1.11703E-1 9.99219E-2 9.83348E-2 6.55722E-2 9.64931E-2 8.2447E-2
2.09515E-1 1.9069E-1 1.89878E-1 1.84562E-1 1.64779E-1 1.70078E-1 1.53606E-1 1.35345E-1 1.43322E-1 1.43654E-1 1.4577E-1 1.49639E-1 1.98552E-1 1.66665E-1 1.61479E-1 2.66046E-1 2.1724E-1 1.80124E-1 1.99945E-1 2.17745E-1 2.93654E-1 2.74857E-1 2.34833E-1 2.74106E-1 2.59321E-1 2.74542E-1 2.3758E-1 2.72269E-1 2.51834E-1 2.49962E-1 2.37563E-1 2.38192E-1 1.87201E-1 2.08966E-1 1.98544E-1 1.11138E-1 1.13688E-1 2.32844E-1 2.60425E-1 1.78722E-1 1.95304E-1 2.05704E-1 1.60333E-1 1.42867E-1 1.36676E-1 1.75504E-1 1.65847E-1 2.00468E-1 1.53251E-1 1.2733E-1 1.05601E-1 1.8874E-1 1.40617E-1 1.35381E-1 1.20272E-1 1.18487E-1 1.03578E-1 1.13883E-1 1.15972E-1 1.24085E-1 7.30675E-2
1.98327E-1 2.03174E-1 1.89102E-1 1.73434E-1 1.75062E-1 1.71286E-1 1.5823E-1 1.51505E-1 1.58753E-1 1.48295E-1 1.62272E-1 1.81189E-1 2.27349E-1 1.74825E-1 1.82781E-1 1.69867E-1 2.06921E-1 2.36738E-1 1.8196E-1 2.24358E-1 2.12643E-1 1.9965E-1 2.26619E-1 2.04713E-1 2.05279E-1 2.56097E-1 2.65703E-1 3.10443E-1 2.07792E-1 2.02212E-1 1.97494E-1 1.92908E-1 1.77186E-1 2.11085E-1 2.10155E-1 1.89073E-1 1.98642E-1 1.72104E-1 1.77788E-1 1.87855E-1 1.55249E-1 1.41869E-1 1.9087E-1 1.471E-1 1.30917E-1 1.58148E-1 1.77267E-1 2.0916E-1 1.75097E-1 1.61601E-1 1.55719E-1 1.58038E-1 1.24083E-1 1.79576E-1 1.6283E-1 1.29962E-1 1.89291E-1 1.04144E-1 8.33929E-2 1.76954E-1 9.52834E-2
