Final_Models_July82022/M_0.1_F_lqp_Set_1/Bison_0.asc
ncols         290
nrows         380
xllcorner     -2197417.7431653
yllcorner     -584827.01486885
cellsize      10000.0
NODATA_value  -9999
[rows 243 to 269 of 380, columns 183 to 243 of 290]
4.21453E-1 3.88959E-1 3.80385E-1 3.9381E-1 4.07638E-1 3.91713E-1 5.49389E-1 5.6948E-1 6.01558E-1 3.83442E-1 3.24937E-1 2.94318E-1 2.85271E-1 2.70584E-1 2.98703E-1 4.76835E-1 4.95292E-1 3.85642E-1 3.81387E-1 2.67173E-1 2.47057E-1 2.67923E-1 4.23682E-1 4.01443E-1 5.52322E-1 3.5457E-1 2.7364E-1 2.76868E-1 2.817E-1 3.98851E-1 4.39858E-1 3.48964E-1 4.614E-1 4.49705E-1 3.61468E-1 4.05657E-1 3.43015E-1 3.21161E-1 4.01718E-1 3.66208E-1 3.66155E-1 3.24596E-1 4.01478E-1 3.75557E-1 3.00927E-1 3.10349E-1 3.05948E-1 3.09027E-1 3.67373E-1 3.43989E-1 2.40314E-1 2.31052E-1 3.84601E-1 3.53398E-1 4.34759E-1 2.902E-1 2.76727E-1 2.56982E-1 -9999 -9999 -9999
4.5411E-1 4.73591E-1 3.99105E-1 4.26124E-1 3.92154E-1 6.09959E-1 3.54975E-1 6.24423E-1 5.81853E-1 5.81482E-1 3.58966E-1 3.76778E-1 3.52877E-1 2.94066E-1 2.49958E-1 2.89757E-1 3.51877E-1 3.98755E-1 3.16487E-1 3.31036E-1 2.46708E-1 2.74768E-1 3.63039E-1 5.00817E-1 4.52784E-1 4.1732E-1 2.71175E-1 2.78221E-1 5.78721E-1 3.9986E-1 3.08803E-1 3.05283E-1 4.8197E-1 3.36644E-1 3.62456E-1 3.99734E-1 3.36069E-1 3.29532E-1 3.86289E-1 4.37528E-1 3.50973E-1 3.47739E-1 3.28427E-1 3.47181E-1 3.35468E-1 3.08414E-1 3.0239E-1 3.00728E-1 4.11799E-1 4.03356E-1 2.90727E-1 2.49052E-1 3.65994E-1 3.38857E-1 4.08873E-1 3.33589E-1 2.71245E-1 2.59845E-1 -9999 -9999 -9999
4.57014E-1 4.16835E-1 3.97978E-1 3.935E-1 4.35864E-1 5.86414E-1 6.2187E-1 5.35245E-1 3.76365E-1 3.78802E-1 3.34666E-1 3.78538E-1 5.48178E-1 4.58736E-1 3.43118E-1 2.72766E-1 2.66569E-1 2.85566E-1 2.4191E-1 3.01756E-1 3.2697E-1 2.97759E-1 3.69288E-1 3.34789E-1 4.04758E-1 3.56233E-1 4.20525E-1 5.25564E-1 3.31699E-1 3.05126E-1 3.08498E-1 3.22339E-1 5.39437E-1 4.6628E-1 4.76826E-1 5.52115E-1 3.31409E-1 3.62461E-1 3.81568E-1 4.45272E-1 3.90848E-1 3.6907E-1 3.72023E-1 3.38368E-1 3.25652E-1 3.52705E-1 3.263E-1 3.13765E-1 3.5355E-1 3.35741E-1 2.81214E-1 2.93951E-1 3.3294E-1 3.42204E-1 3.1657E-1 3.18755E-1 2.6105E-1 2.53995E-1 2.46255E-1 -9999 -9999
4.80623E-1 4.28455E-1 4.0927E-1 3.9865E-1 5.70109E-1 4.10753E-1 4.14128E-1 4.15889E-1 4.04666E-1 3.71818E-1 3.42115E-1 4.5953E-1 3.51504E-1 5.44233E-1 4.32887E-1 4.29805E-1 2.53408E-1 2.67879E-1 2.44288E-1 2.64951E-1 3.76294E-1 4.81564E-1 3.66097E-1 3.6631E-1 5.84603E-1 5.70537E-1 5.72352E-1 3.4659E-1 3.27199E-1 2.92961E-1 2.97683E-1 2.75506E-1 5.42291E-1 5.48248E-1 4.72116E-1 4.41227E-1 4.7204E-1 3.20856E-1 3.8803E-1 5.77587E-1 3.43394E-1 3.96631E-1 4.06978E-1 4.22596E-1 4.44827E-1 5.09173E-1 4.93718E-1 3.89164E-1 2.93539E-1 3.13932E-1 2.81811E-1 2.87173E-1 3.2374E-1 3.02994E-1 2.98889E-1 2.74375E-1 2.59785E-1 2.5616E-1 2.79184E-1 2.63433E-1 -9999
4.87259E-1 4.62186E-1 4.28428E-1 5.73636E-1 4.47399E-1 3.81909E-1 6.46231E-1 5.39316E-1 4.12653E-1 4.14343E-1 3.77804E-1 3.24505E-1 3.18625E-1 3.27623E-1 3.98391E-1 5.91986E-1 4.80008E-1 4.4924E-1 2.60197E-1 2.71188E-1 2.81473E-1 2.70895E-1 2.54087E-1 2.95703E-1 5.71981E-1 3.50885E-1 3.46199E-1 3.52594E-1 3.10749E-1 2.97053E-1 2.94241E-1 2.87455E-1 4.38191E-1 5.24292E-1 4.91743E-1 3.21507E-1 4.62013E-1 3.87664E-1 3.02109E-1 5.10484E-1 3.57442E-1 3.76276E-1 3.95981E-1 3.71766E-1 3.83464E-1 4.26332E-1 4.60884E-1 2.73567E-1 2.74869E-1 2.96194E-1 2.84124E-1 2.71652E-1 2.58074E-1 2.4553E-1 2.56322E-1 2.50477E-1 3.05906E-1 2.95791E-1 3.0643E-1 2.48269E-1 -9999
5.08548E-1 4.65308E-1 4.51433E-1 4.34066E-1 4.04638E-1 4.72742E-1 6.97346E-1 6.18284E-1 4.19391E-1 3.7291E-1 4.18296E-1 3.57876E-1 3.27546E-1 4.29934E-1 3.6733E-1 3.53348E-1 5.03924E-1 5.73646E-1 5.23752E-1 2.60713E-1 2.72373E-1 2.56427E-1 2.56874E-1 3.04077E-1 5.38208E-1 4.36041E-1 4.46101E-1 5.55406E-1 3.41701E-1 2.93827E-1 2.73059E-1 2.90192E-1 4.16219E-1 4.81279E-1 5.04038E-1 4.90536E-1 3.47974E-1 5.22564E-1 4.92009E-1 4.25953E-1 4.2953E-1 4.34125E-1 3.73709E-1 4.08391E-1 3.42998E-1 5.33456E-1 4.31399E-1 3.03093E-1 2.97016E-1 2.81609E-1 2.95865E-1 2.6642E-1 2.51879E-1 2.59541E-1 2.30771E-1 2.32684E-1 2.22141E-1 2.78212E-1 3.33027E-1 2.61021E-1 -9999
6.57216E-1 4.62191E-1 4.41643E-1 4.38765E-1 4.10325E-1 4.21486E-1 5.8193E-1 4.84916E-1 4.11797E-1 4.47621E-1 3.82524E-1 4.16686E-1 4.02977E-1 5.16948E-1 5.12106E-1 4.01789E-1 4.07115E-1 4.41896E-1 5.70958E-1 3.15285E-1 2.60588E-1 2.62813E-1 2.55776E-1 2.63789E-1 3.63823E-1 4.92322E-1 4.01513E-1 5.72427E-1 3.43657E-1 3.07412E-1 2.76713E-1 2.89416E-1 4.38161E-1 2.95616E-1 4.59618E-1 3.99073E-1 2.92418E-1 5.23492E-1 4.54377E-1 5.56089E-1 5.8235E-1 4.98267E-1 5.49646E-1 4.53927E-1 3.95707E-1 5.33461E-1 5.54222E-1 4.00005E-1 3.21713E-1 2.91394E-1 2.87626E-1 2.67681E-1 2.71578E-1 4.14149E-1 3.6657E-1 3.35136E-1 2.44325E-1 2.58825E-1 2.71727E-1 2.28516E-1 -9999
6.16409E-1 4.67917E-1 4.42976E-1 4.4041E-1 4.14831E-1 4.01472E-1 5.48151E-1 7.12981E-1 6.30618E-1 4.76934E-1 4.40206E-1 4.98156E-1 4.99509E-1 6.14334E-1 6.01649E-1 5.26971E-1 3.31312E-1 3.2474E-1 4.11071E-1 3.00928E-1 2.63903E-1 2.8588E-1 3.33555E-1 2.71138E-1 4.63014E-1 3.4221E-1 3.61162E-1 3.9684E-1 5.67448E-1 3.08701E-1 3.07814E-1 2.72845E-1 4.16549E-1 3.69097E-1 5.02515E-1 4.30816E-1 3.00699E-1 3.57744E-1 4.76293E-1 5.46032E-1 5.01652E-1 5.09957E-1 5.24069E-1 3.66524E-1 4.4207E-1 6.05411E-1 5.40698E-1 4.80962E-1 4.39055E-1 2.88674E-1 2.87711E-1 3.23087E-1 3.79165E-1 3.59453E-1 3.92783E-1 2.12195E-1 2.30326E-1 3.05233E-1 2.35982E-1 2.65397E-1 -9999
5.07457E-1 4.58686E-1 4.70036E-1 4.30233E-1 4.25433E-1 4.04697E-1 6.75705E-1 6.73565E-1 5.75217E-1 4.68999E-1 4.77894E-1 3.91039E-1 4.32194E-1 5.61979E-1 6.14959E-1 4.44856E-1 3.51599E-1 3.95599E-1 3.33371E-1 2.92562E-1 2.9186E-1 3.09705E-1 3.1401E-1 3.05131E-1 5.32128E-1 5.47353E-1 3.37912E-1 3.51162E-1 5.85303E-1 4.95821E-1 3.06745E-1 4.6201E-1 4.12937E-1 3.20843E-1 3.29843E-1 4.70839E-1 2.82588E-1 4.62035E-1 4.47179E-1 4.68488E-1 5.59681E-1 5.86887E-1 4.55269E-1 3.99878E-1 3.50998E-1 5.06024E-1 5.5883E-1 4.96984E-1 4.3741E-1 3.02617E-1 3.16027E-1 3.36369E-1 4.29006E-1 3.26221E-1 3.93669E-1 2.15259E-1 2.44361E-1 2.69661E-1 2.47833E-1 3.03136E-1 -9999
4.74272E-1 4.65432E-1 7.13263E-1 4.3194E-1 4.28849E-1 4.1665E-1 4.65896E-1 5.95685E-1 5.02512E-1 3.89343E-1 4.26758E-1 4.33536E-1 3.71298E-1 4.06563E-1 4.377E-1 3.58451E-1 3.6458E-1 3.78074E-1 4.13766E-1 4.16663E-1 3.09977E-1 3.00681E-1 3.26522E-1 3.17629E-1 5.16815E-1 4.18465E-1 4.1945E-1 2.90905E-1 3.077E-1 4.11432E-1 4.52629E-1 2.71484E-1 2.47717E-1 2.66368E-1 2.93021E-1 2.80578E-1 2.84862E-1 4.92274E-1 2.71782E-1 5.11992E-1 4.91884E-1 5.77133E-1 5.47085E-1 5.70721E-1 5.01059E-1 3.24244E-1 4.87049E-1 5.71156E-1 5.14216E-1 3.04868E-1 2.90636E-1 3.58438E-1 4.02677E-1 3.62407E-1 3.83393E-1 2.24303E-1 3.61372E-1 4.10648E-1 3.64895E-1 2.61919E-1 -9999
6.17746E-1 4.81445E-1 4.67489E-1 4.37031E-1 4.25169E-1 4.16848E-1 4.04915E-1 4.19203E-1 4.13929E-1 3.95982E-1 4.06377E-1 4.27938E-1 4.0296E-1 4.55883E-1 4.09932E-1 3.43126E-1 3.73995E-1 4.08782E-1 3.567E-1 3.7608E-1 3.20252E-1 3.52785E-1 3.38693E-1 3.52656E-1 3.29571E-1 3.391E-1 4.53375E-1 3.21393E-1 4.84084E-1 3.2208E-1 2.97613E-1 2.71025E-1 2.49126E-1 2.72328E-1 3.1063E-1 3.00517E-1 3.19023E-1 4.11258E-1 4.53666E-1 4.54786E-1 4.31257E-1 5.13217E-1 5.47576E-1 5.8293E-1 5.56288E-1 3.69769E-1 5.40883E-1 5.71104E-1 5.52944E-1 3.30509E-1 3.06517E-1 3.22812E-1 3.65192E-1 2.71025E-1 3.75408E-1 4.12311E-1 3.87261E-1 4.05757E-1 4.10742E-1 3.17025E-1 -9999
6.58278E-1 4.71265E-1 4.65047E-1 4.53177E-1 4.30769E-1 4.35447E-1 4.12647E-1 4.26108E-1 4.17667E-1 3.788E-1 3.69601E-1 3.79147E-1 6.53451E-1 6.00662E-1 3.69615E-1 3.26718E-1 3.48855E-1 3.14532E-1 3.76988E-1 5.21464E-1 3.20111E-1 3.76067E-1 4.18394E-1 4.07908E-1 3.3108E-1 3.31559E-1 4.30776E-1 3.14061E-1 4.13255E-1 5.29568E-1 3.82115E-1 3.22283E-1 4.24181E-1 3.3202E-1 2.8455E-1 3.41649E-1 4.83917E-1 4.82626E-1 3.89837E-1 3.25248E-1 3.37566E-1 5.57074E-1 4.32713E-1 5.75051E-1 4.19452E-1 5.22076E-1 5.11606E-1 4.72675E-1 5.53016E-1 5.39053E-1 3.38498E-1 3.88135E-1 4.73052E-1 2.40682E-1 2.99243E-1 2.2035E-1 2.15169E-1 2.5059E-1 2.8516E-1 2.63592E-1 -9999
6.13121E-1 5.24179E-1 4.71759E-1 4.49198E-1 4.35998E-1 4.39886E-1 4.05538E-1 4.1865E-1 4.2669E-1 4.08477E-1 4.19239E-1 4.02254E-1 5.86342E-1 5.32529E-1 3.47076E-1 3.35146E-1 3.80873E-1 3.65801E-1 3.50183E-1 3.73441E-1 3.74425E-1 3.6331E-1 4.49258E-1 4.01844E-1 3.74891E-1 3.33818E-1 4.50414E-1 3.89006E-1 3.02006E-1 3.58352E-1 3.75497E-1 3.98064E-1 3.58265E-1 3.70725E-1 4.17266E-1 3.81165E-1 3.6391E-1 4.27254E-1 4.79327E-1 5.22348E-1 5.04596E-1 5.74088E-1 4.25269E-1 4.79573E-1 4.34078E-1 5.08132E-1 5.6563E-1 5.45345E-1 5.60652E-1 5.21184E-1 3.67628E-1 3.66217E-1 4.23995E-1 3.82388E-1 3.06241E-1 2.97606E-1 1.98031E-1 3.08943E-1 2.60825E-1 2.5244E-1 -9999
4.93632E-1 6.58504E-1 5.47326E-1 4.33686E-1 4.7753E-1 4.46071E-1 4.47431E-1 5.38362E-1 5.87615E-1 6.42124E-1 4.49599E-1 4.31166E-1 3.89872E-1 3.77191E-1 3.49164E-1 3.7024E-1 3.65363E-1 3.60982E-1 3.59233E-1 3.7832E-1 3.73852E-1 4.28593E-1 4.12734E-1 3.54204E-1 3.27536E-1 3.25613E-1 4.01307E-1 3.15454E-1 2.84262E-1 5.60455E-1 5.449E-1 4.76024E-1 3.24205E-1 3.35469E-1 3.20367E-1 3.1597E-1 2.94033E-1 2.60498E-1 4.15963E-1 4.49818E-1 5.19307E-1 4.92514E-1 4.12644E-1 5.12614E-1 4.58087E-1 3.41103E-1 3.29947E-1 4.98031E-1 5.54171E-1 5.81456E-1 5.52518E-1 4.49007E-1 3.64431E-1 4.2268E-1 4.33417E-1 4.3206E-1 4.39854E-1 4.16525E-1 2.89621E-1 2.56262E-1 -9999
4.85419E-1 5.13036E-1 4.66046E-1 4.55241E-1 4.5154E-1 4.72278E-1 4.33558E-1 4.63466E-1 4.91994E-1 4.72931E-1 6.09392E-1 4.86334E-1 4.1849E-1 3.84499E-1 3.66284E-1 3.84194E-1 3.57963E-1 3.62331E-1 3.90581E-1 3.76579E-1 3.59269E-1 3.6322E-1 3.72926E-1 3.77631E-1 3.51383E-1 3.62455E-1 3.7459E-1 3.19193E-1 3.01167E-1 2.92226E-1 2.92377E-1 4.95669E-1 4.71562E-1 3.10684E-1 3.48212E-1 3.35846E-1 2.8927E-1 2.86173E-1 3.36765E-1 4.92785E-1 2.91919E-1 5.37099E-1 5.55113E-1 5.7801E-1 4.09764E-1 5.01282E-1 3.0488E-1 3.07172E-1 5.02274E-1 5.57504E-1 5.80263E-1 4.20352E-1 3.26091E-1 2.89893E-1 3.1946E-1 2.91252E-1 3.64601E-1 4.33502E-1 2.439E-1 2.6056E-1 -9999
4.80574E-1 4.85882E-1 4.74514E-1 4.6433E-1 4.42035E-1 4.52972E-1 4.63204E-1 4.31968E-1 4.19429E-1 4.14778E-1 4.42243E-1 5.20327E-1 4.2498E-1 4.25805E-1 4.00518E-1 3.95067E-1 5.33093E-1 4.69465E-1 3.92813E-1 3.87613E-1 4.03647E-1 4.5717E-1 4.74857E-1 4.34236E-1 3.65465E-1 3.45101E-1 3.40731E-1 3.48786E-1 3.36794E-1 3.77006E-1 3.8214E-1 4.39873E-1 4.93921E-1 4.92158E-1 5.33977E-1 5.56635E-1 4.39775E-1 3.14615E-1 3.5513E-1 4.62391E-1 2.63778E-1 5.52571E-1 5.48555E-1 4.60081E-1 4.4146E-1 5.91283E-1 3.55615E-1 3.08538E-1 3.10317E-1 4.85217E-1 5.87098E-1 5.66206E-1 3.85501E-1 3.7673E-1 3.87469E-1 3.24564E-1 4.3125E-1 4.19363E-1 2.53838E-1 2.61625E-1 -9999
5.2067E-1 4.74874E-1 4.73807E-1 6.76154E-1 5.76118E-1 4.53797E-1 4.50351E-1 4.89527E-1 5.22702E-1 4.38599E-1 4.3213E-1 4.28505E-1 5.22613E-1 3.49939E-1 3.72204E-1 4.09484E-1 5.18443E-1 6.40549E-1 5.29495E-1 5.3322E-1 4.82915E-1 5.22714E-1 5.8695E-1 4.67752E-1 4.37571E-1 5.82959E-1 5.83702E-1 3.75634E-1 3.65713E-1 2.88704E-1 3.5847E-1 2.8709E-1 2.75278E-1 3.66053E-1 4.4854E-1 4.14348E-1 4.9401E-1 5.39892E-1 3.58177E-1 3.37263E-1 3.38842E-1 4.85703E-1 4.24829E-1 5.39859E-1 5.8378E-1 6.12203E-1 5.28239E-1 3.23424E-1 3.14617E-1 3.06606E-1 5.37566E-1 5.43352E-1 3.9052E-1 3.87337E-1 3.84164E-1 3.85313E-1 4.60599E-1 4.39613E-1 2.78008E-1 2.58074E-1 -9999
5.18402E-1 4.70193E-1 4.6386E-1 6.74598E-1 6.5978E-1 4.66704E-1 4.51426E-1 4.34006E-1 4.36005E-1 4.36852E-1 4.34423E-1 4.10454E-1 3.99861E-1 4.24059E-1 4.10489E-1 4.18629E-1 4.77787E-1 4.87814E-1 6.20168E-1 6.59674E-1 6.70939E-1 6.72911E-1 6.59719E-1 6.50544E-1 5.91494E-1 5.54392E-1 4.82073E-1 3.74486E-1 3.82123E-1 3.34037E-1 3.06607E-1 2.96396E-1 2.82386E-1 3.07186E-1 3.8032E-1 3.80231E-1 5.42202E-1 4.48478E-1 5.31683E-1 4.77017E-1 3.4947E-1 3.28714E-1 3.15386E-1 3.29657E-1 5.77052E-1 5.94132E-1 5.95207E-1 3.2853E-1 3.1888E-1 3.10194E-1 4.16486E-1 5.49697E-1 3.51881E-1 3.34407E-1 3.3508E-1 3.8304E-1 4.30002E-1 2.84678E-1 4.25572E-1 2.61495E-1 -9999
5.24738E-1 4.6374E-1 4.51737E-1 4.77237E-1 4.71335E-1 4.43577E-1 4.45671E-1 4.29042E-1 4.28153E-1 4.671E-1 4.95983E-1 6.85004E-1 5.13025E-1 3.96251E-1 4.52033E-1 4.08914E-1 4.04295E-1 4.30712E-1 4.99797E-1 4.33379E-1 4.1116E-1 4.46218E-1 5.40704E-1 4.29501E-1 5.21026E-1 3.82967E-1 3.84078E-1 4.97982E-1 4.36309E-1 3.38966E-1 3.35509E-1 3.06349E-1 3.69102E-1 3.13479E-1 3.50833E-1 4.07299E-1 4.01872E-1 3.26769E-1 3.6591E-1 3.86514E-1 3.54505E-1 2.89296E-1 2.82957E-1 2.7193E-1 5.25084E-1 4.8552E-1 5.49855E-1 3.67222E-1 3.2239E-1 3.1471E-1 2.96967E-1 5.30707E-1 4.44513E-1 3.28106E-1 3.3072E-1 4.56127E-1 3.10371E-1 3.19844E-1 4.67209E-1 2.90048E-1 -9999
4.80552E-1 4.66374E-1 4.57421E-1 4.68623E-1 4.71746E-1 4.59175E-1 4.56329E-1 4.26843E-1 4.34277E-1 4.67311E-1 4.10083E-1 5.17964E-1 5.25853E-1 4.18192E-1 3.85948E-1 4.10624E-1 4.68076E-1 4.99603E-1 4.5564E-1 4.21231E-1 4.09074E-1 4.01888E-1 4.19087E-1 3.99419E-1 3.53698E-1 3.50014E-1 3.35183E-1 5.5965E-1 3.89265E-1 3.052E-1 2.92246E-1 2.85184E-1 3.15777E-1 3.06829E-1 2.86129E-1 3.07081E-1 3.05593E-1 3.98565E-1 3.18587E-1 2.86211E-1 2.84437E-1 2.76114E-1 2.70064E-1 2.63318E-1 5.65318E-1 4.48535E-1 5.53557E-1 3.24796E-1 3.16597E-1 3.09619E-1 3.68623E-1 5.6433E-1 5.10225E-1 3.34351E-1 3.38476E-1 4.78466E-1 2.4888E-1 2.81486E-1 4.28654E-1 4.98878E-1 4.53154E-1
4.8259E-1 4.56885E-1 4.54433E-1 4.59307E-1 4.60732E-1 4.47009E-1 4.29703E-1 4.26837E-1 4.47462E-1 4.10202E-1 4.02089E-1 4.05775E-1 4.42502E-1 3.86464E-1 3.86601E-1 4.06759E-1 4.10037E-1 4.34762E-1 3.94208E-1 4.03239E-1 4.07872E-1 4.36099E-1 4.38789E-1 4.16011E-1 3.66728E-1 3.62073E-1 3.90668E-1 4.34244E-1 6.03788E-1 3.7592E-1 3.02099E-1 2.91513E-1 3.10918E-1 2.85452E-1 2.83746E-1 3.025E-1 3.23525E-1 3.48817E-1 3.12237E-1 2.77397E-1 3.65323E-1 3.57493E-1 3.02134E-1 2.90087E-1 4.24212E-1 5.73458E-1 4.96483E-1 4.59284E-1 3.70394E-1 4.25837E-1 5.22247E-1 4.80361E-1 5.56122E-1 4.9613E-1 4.67094E-1 2.70197E-1 2.37026E-1 4.10358E-1 2.48378E-1 3.0642E-1 4.26236E-1
4.59551E-1 4.71764E-1 4.51182E-1 4.43503E-1 4.4326E-1 4.41541E-1 4.41876E-1 4.35887E-1 4.63154E-1 4.19036E-1 3.88197E-1 3.91349E-1 3.87047E-1 4.09667E-1 3.79121E-1 3.91443E-1 3.74775E-1 3.90238E-1 3.75935E-1 3.70881E-1 4.20219E-1 4.91794E-1 4.44566E-1 4.97861E-1 4.14748E-1 3.69018E-1 3.58279E-1 3.8926E-1 5.4854E-1 4.39461E-1 3.17086E-1 3.26486E-1 3.11499E-1 3.0165E-1 2.933E-1 2.813E-1 3.39265E-1 3.35325E-1 3.10663E-1 2.8742E-1 3.41317E-1 5.30024E-1 4.47549E-1 3.01322E-1 3.23233E-1 4.22014E-1 4.2885E-1 4.11035E-1 5.13408E-1 5.24446E-1 5.50584E-1 5.51899E-1 4.72826E-1 4.36683E-1 3.24627E-1 3.11549E-1 2.62907E-1 3.33724E-1 3.03118E-1 3.11926E-1 2.92037E-1
4.89277E-1 4.68571E-1 4.62157E-1 4.4463E-1 4.54525E-1 4.44275E-1 4.47392E-1 4.36474E-1 4.18661E-1 4.12085E-1 4.09966E-1 3.98574E-1 3.82175E-1 4.28744E-1 3.86785E-1 3.90842E-1 3.74612E-1 4.46148E-1 4.05009E-1 3.90006E-1 4.42377E-1 4.88298E-1 3.79249E-1 4.13605E-1 5.03431E-1 3.70238E-1 3.40891E-1 3.58324E-1 3.74955E-1 3.97308E-1 3.91386E-1 3.27283E-1 3.19804E-1 2.86433E-1 2.9427E-1 3.84824E-1 2.99332E-1 3.15957E-1 2.87759E-1 2.77312E-1 3.19787E-1 3.8443E-1 5.6612E-1 3.3356E-1 3.76486E-1 3.11653E-1 3.27276E-1 4.20349E-1 3.41703E-1 3.51709E-1 4.27679E-1 4.70169E-1 4.46923E-1 3.32629E-1 4.15142E-1 2.91542E-1 3.59509E-1 3.50664E-1 3.81249E-1 3.52651E-1 2.54521E-1
5.2577E-1 4.78491E-1 4.80328E-1 4.48053E-1 4.52918E-1 4.46647E-1 4.46321E-1 4.35017E-1 4.22516E-1 4.1615E-1 4.21826E-1 4.10622E-1 4.00773E-1 4.3541E-1 4.39934E-1 3.98884E-1 4.12338E-1 5.99891E-1 6.21895E-1 4.66766E-1 4.28432E-1 4.20044E-1 4.55499E-1 3.52488E-1 3.9009E-1 4.47572E-1 3.45309E-1 3.50811E-1 3.25351E-1 3.3172E-1 3.48872E-1 3.38363E-1 2.95083E-1 3.17865E-1 3.76848E-1 3.05372E-1 2.80684E-1 2.80772E-1 2.81329E-1 3.33694E-1 3.94964E-1 3.36366E-1 5.74978E-1 3.61163E-1 3.66515E-1 3.67824E-1 3.29179E-1 3.07775E-1 4.78209E-1 4.16598E-1 4.0911E-1 4.24753E-1 4.76997E-1 4.05166E-1 4.02377E-1 3.0499E-1 4.74611E-1 4.40788E-1 3.77366E-1 3.09385E-1 3.54653E-1
5.68263E-1 5.21435E-1 4.64013E-1 4.78746E-1 4.55602E-1 4.49041E-1 4.90592E-1 4.36985E-1 4.36156E-1 4.28155E-1 4.32255E-1 4.34298E-1 4.4435E-1 4.06649E-1 4.18784E-1 3.98418E-1 4.53692E-1 6.52272E-1 4.54072E-1 3.85939E-1 5.54536E-1 4.47909E-1 3.80093E-1 3.57177E-1 3.42168E-1 3.84716E-1 4.01891E-1 3.6103E-1 3.35355E-1 3.26756E-1 3.6026E-1 3.16094E-1 3.07111E-1 2.85291E-1 3.18388E-1 3.34218E-1 3.58642E-1 3.75274E-1 3.04081E-1 5.78708E-1 5.70027E-1 4.09234E-1 4.75711E-1 4.82031E-1 4.47089E-1 4.35209E-1 2.82461E-1 3.55774E-1 5.05954E-1 4.94707E-1 3.61149E-1 4.3245E-1 4.204E-1 3.54566E-1 3.59899E-1 3.30449E-1 5.0303E-1 4.32013E-1 3.18707E-1 3.455E-1 3.86998E-1
5.28305E-1 5.2692E-1 5.00787E-1 4.7628E-1 4.68275E-1 4.47335E-1 4.62749E-1 4.41241E-1 4.31073E-1 4.38713E-1 4.48289E-1 4.19247E-1 4.52316E-1 4.30253E-1 4.1135E-1 4.38479E-1 4.10185E-1 6.54136E-1 5.13324E-1 4.91008E-1 5.89154E-1 5.57748E-1 3.74132E-1 3.8324E-1 3.44609E-1 3.60312E-1 3.38906E-1 3.41909E-1 3.24066E-1 3.15617E-1 4.65036E-1 4.74937E-1 3.85169E-1 4.18553E-1 3.58847E-1 3.42979E-1 3.11347E-1 2.97751E-1 3.13998E-1 3.32267E-1 5.71274E-1 5.94347E-1 6.09452E-1 6.04026E-1 5.92706E-1 5.4038E-1 4.80829E-1 5.01639E-1 4.20953E-1 5.03429E-1 3.55785E-1 2.97922E-1 3.17278E-1 3.60336E-1 3.4425E-1 3.00569E-1 3.03188E-1 3.95658E-1 2.63374E-1 2.73126E-1 3.49001E-1
5.22964E-1 5.12171E-1 4.95807E-1 4.83145E-1 4.68198E-1 4.23713E-1 4.18049E-1 4.67983E-1 4.92224E-1 4.50775E-1 4.37208E-1 4.30197E-1 4.13029E-1 4.20115E-1 4.02573E-1 4.00069E-1 3.97829E-1 4.01342E-1 4.25395E-1 4.51544E-1 4.58435E-1 4.41906E-1 3.99751E-1 3.8328E-1 3.54728E-1 3.50669E-1 3.48019E-1 3.32558E-1 3.11337E-1 3.26947E-1 4.73384E-1 5.88463E-1 5.14679E-1 4.55164E-1 3.95553E-1 2.95454E-1 3.17877E-1 5.47809E-1 2.83154E-1 4.17882E-1 2.83054E-1 3.71088E-1 6.02988E-1 6.0524E-1 5.5773E-1 4.19224E-1 3.31524E-1 3.69459E-1 3.56969E-1 3.27986E-1 3.33072E-1 3.19532E-1 3.21995E-1 4.55588E-1 3.45717E-1 3.04697E-1 2.55541E-1 2.76763E-1 2.38305E-1 2.64585E-1 2.77305E-1
