Final_Models_July82022/M_0.1_F_lqp_Set_1/Bison_7.asc
ncols         290
nrows         380
xllcorner     -2197417.7431653
yllcorner     -584827.01486885
cellsize      10000.0
NODATA_value  -9999
[rows 270 to 296 of 380, columns 122 to 182 of 290]
6.28842E-1 5.38742E-1 6.07358E-1 6.61219E-1 6.81082E-1 6.62773E-1 6.59669E-1 7.01798E-1 6.66067E-1 6.3172E-1 6.22665E-1 6.12954E-1 6.04209E-1 6.11497E-1 5.69871E-1 5.57255E-1 5.89444E-1 6.12556E-1 6.05077E-1 6.55008E-1 6.23105E-1 6.23182E-1 6.16121E-1 5.90661E-1 6.58946E-1 6.55512E-1 8.08038E-1 7.92745E-1 7.24545E-1 6.87818E-1 6.72316E-1 6.22665E-1 6.29218E-1 6.72319E-1 6.22642E-1 6.331E-1 6.3155E-1 6.37308E-1 6.56708E-1 6.53041E-1 7.10538E-1 6.5597E-1 6.90401E-1 6.52095E-1 6.27821E-1 6.19706E-1 5.97746E-1 5.89934E-1 5.89247E-1 5.68248E-1 5.80832E-1 6.18453E-1 7.17976E-1 6.27492E-1 5.47197E-1 6.85078E-1 6.19867E-1 6.55802E-1 6.20386E-1 5.91322E-1 5.46123E-1
5.11819E-1 4.94713E-1 5.54371E-1 6.36517E-1 6.74936E-1 6.68902E-1 6.72283E-1 6.73151E-1 6.69374E-1 6.626E-1 6.38685E-1 5.92404E-1 6.39908E-1 7.63612E-1 6.11046E-1 6.08809E-1 6.20083E-1 6.20684E-1 6.49408E-1 7.15146E-1 6.75955E-1 7.01456E-1 6.56411E-1 6.47126E-1 6.87175E-1 6.56262E-1 8.10853E-1 7.76135E-1 7.24752E-1 6.54504E-1 6.32197E-1 6.14478E-1 6.26372E-1 6.38641E-1 6.20261E-1 6.42422E-1 6.50897E-1 6.35376E-1 6.41491E-1 6.46029E-1 6.51187E-1 6.76197E-1 7.37065E-1 6.07986E-1 6.10772E-1 6.50489E-1 5.96596E-1 5.83917E-1 5.83221E-1 5.91592E-1 5.94589E-1 5.72832E-1 5.83127E-1 6.01372E-1 5.95102E-1 5.91406E-1 6.02178E-1 5.44442E-1 6.84879E-1 5.5656E-1 5.26967E-1
4.81685E-1 4.75906E-1 5.75244E-1 6.3892E-1 6.42815E-1 6.49658E-1 6.65689E-1 6.74908E-1 6.83921E-1 6.87602E-1 6.30899E-1 6.26297E-1 6.4933E-1 6.68114E-1 6.63433E-1 6.50589E-1 7.38342E-1 6.0629E-1 6.02488E-1 6.26782E-1 6.15352E-1 6.27928E-1 6.39238E-1 7.48347E-1 7.21699E-1 6.64559E-1 7.54209E-1 6.17503E-1 6.23054E-1 6.98971E-1 6.49718E-1 5.74952E-1 6.11408E-1 6.24251E-1 6.40727E-1 6.1798E-1 6.68847E-1 6.4079E-1 6.25224E-1 6.35704E-1 6.44693E-1 6.59442E-1 6.54444E-1 6.24569E-1 6.01705E-1 6.4107E-1 6.35386E-1 5.9041E-1 6.5104E-1 6.50844E-1 6.4948E-1 6.52842E-1 6.2407E-1 6.04763E-1 6.26846E-1 6.46454E-1 5.81255E-1 5.63988E-1 5.40349E-1 5.36231E-1 5.26906E-1
4.37248E-1 5.08422E-1 5.9118E-1 6.0126E-1 6.43139E-1 6.52984E-1 6.57306E-1 6.67298E-1 6.26892E-1 6.28731E-1 6.41525E-1 6.24152E-1 6.2586E-1 6.19334E-1 6.46856E-1 6.76851E-1 7.8299E-1 6.18578E-1 6.28338E-1 6.26932E-1 6.30187E-1 6.29623E-1 6.21301E-1 6.13202E-1 7.59546E-1 6.04964E-1 6.01903E-1 6.12489E-1 5.85072E-1 5.89606E-1 5.93505E-1 5.82994E-1 6.27075E-1 6.22065E-1 6.31664E-1 6.2372E-1 6.43649E-1 6.41418E-1 6.18201E-1 6.27824E-1 6.54594E-1 6.44179E-1 6.747E-1 6.6029E-1 5.89205E-1 6.14215E-1 5.98344E-1 6.04413E-1 6.14781E-1 6.38864E-1 6.36378E-1 6.3804E-1 6.41243E-1 6.0323E-1 6.75065E-1 6.56283E-1 5.52383E-1 5.50714E-1 5.63393E-1 5.01049E-1 5.49786E-1
3.17172E-1 4.55673E-1 5.84564E-1 5.93635E-1 6.73164E-1 6.47839E-1 6.59652E-1 6.79783E-1 6.31409E-1 6.74828E-1 6.15934E-1 6.30536E-1 6.50338E-1 6.20293E-1 6.53449E-1 6.30168E-1 6.23887E-1 6.46997E-1 6.22243E-1 6.41861E-1 6.19608E-1 6.49724E-1 6.02832E-1 5.93038E-1 6.21966E-1 6.13732E-1 5.98007E-1 6.68886E-1 5.80345E-1 5.79329E-1 5.96103E-1 5.92389E-1 6.34088E-1 6.38218E-1 6.40229E-1 6.11214E-1 6.07062E-1 6.11184E-1 6.22445E-1 6.29507E-1 6.52782E-1 6.4651E-1 6.51902E-1 6.6788E-1 6.17287E-1 6.10471E-1 5.74512E-1 5.97145E-1 6.07083E-1 6.25041E-1 6.38257E-1 6.4051E-1 6.47366E-1 5.94652E-1 5.84692E-1 5.48795E-1 5.29335E-1 5.44074E-1 5.55599E-1 5.39391E-1 5.56069E-1
4.17616E-1 4.65718E-1 5.74287E-1 5.85427E-1 6.11258E-1 6.21318E-1 6.78722E-1 6.28619E-1 6.30896E-1 6.18927E-1 6.07684E-1 6.14384E-1 6.38175E-1 6.18406E-1 6.09584E-1 6.46635E-1 6.15268E-1 6.16265E-1 6.4834E-1 6.15336E-1 6.18993E-1 6.15736E-1 6.09601E-1 6.11034E-1 6.15991E-1 5.89674E-1 5.74145E-1 5.87232E-1 5.62228E-1 5.79436E-1 5.87002E-1 6.02218E-1 6.53092E-1 6.52711E-1 6.34366E-1 6.1869E-1 6.2064E-1 5.77636E-1 6.35134E-1 6.53763E-1 6.29533E-1 6.47985E-1 6.25663E-1 6.52434E-1 6.13918E-1 6.32538E-1 6.07699E-1 6.03108E-1 6.085E-1 6.29667E-1 6.54334E-1 6.30009E-1 6.44328E-1 6.2555E-1 5.7259E-1 5.4036E-1 5.29072E-1 5.81979E-1 5.16249E-1 5.24961E-1 5.21143E-1
8.79305E-3 5.71102E-1 6.13265E-1 5.82862E-1 6.42824E-1 7.01899E-1 6.99975E-1 6.01836E-1 5.94539E-1 6.37159E-1 6.06043E-1 5.9544E-1 6.18976E-1 6.30801E-1 5.93185E-1 6.06093E-1 6.12183E-1 6.09473E-1 6.31436E-1 6.39861E-1 6.11881E-1 5.96772E-1 5.88824E-1 5.73572E-1 6.81159E-1 5.71551E-1 5.60825E-1 5.38107E-1 5.64997E-1 5.45518E-1 5.82308E-1 5.93317E-1 6.08828E-1 6.38152E-1 6.16799E-1 6.30692E-1 6.25118E-1 6.26274E-1 6.32729E-1 6.28053E-1 6.19145E-1 6.05827E-1 6.15604E-1 6.22771E-1 5.78935E-1 6.28371E-1 6.21725E-1 6.1152E-1 6.21707E-1 6.50408E-1 6.64406E-1 6.40537E-1 6.22451E-1 6.40213E-1 6.04912E-1 5.62212E-1 5.19484E-1 5.23047E-1 4.94398E-1 5.29289E-1 5.26724E-1
5.23065E-2 1.5489E-1 6.84441E-1 6.88609E-1 6.43709E-1 6.39852E-1 6.17271E-1 6.21392E-1 6.13358E-1 5.9415E-1 5.94439E-1 6.02958E-1 5.91584E-1 5.73499E-1 5.70494E-1 5.96667E-1 5.96296E-1 6.0181E-1 6.44645E-1 6.08256E-1 6.11496E-1 5.99991E-1 5.77197E-1 5.95406E-1 5.72499E-1 5.26608E-1 5.43992E-1 5.25903E-1 5.16244E-1 5.27934E-1 5.46675E-1 5.70506E-1 5.3811E-1 5.8227E-1 6.09855E-1 6.28402E-1 6.1501E-1 6.02308E-1 6.17615E-1 6.35886E-1 6.51394E-1 5.9897E-1 6.27442E-1 6.42732E-1 5.9455E-1 6.20337E-1 5.87555E-1 6.27889E-1 6.25284E-1 6.57097E-1 6.81058E-1 6.83961E-1 6.52679E-1 6.06822E-1 6.11752E-1 5.57343E-1 5.40162E-1 5.15187E-1 5.35349E-1 5.17357E-1 5.14876E-1
1.34599E-2 1.80283E-1 5.92861E-1 7.21095E-1 6.48288E-1 6.23149E-1 6.51923E-1 6.99534E-1 5.96406E-1 5.98178E-1 5.49938E-1 6.03599E-1 6.71354E-1 6.83466E-1 7.33713E-1 7.35891E-1 5.6145E-1 6.09963E-1 5.96391E-1 6.17218E-1 5.91052E-1 5.75716E-1 5.63349E-1 5.62098E-1 5.07106E-1 5.2112E-1 5.30273E-1 5.24803E-1 5.36541E-1 5.06274E-1 5.12277E-1 5.2475E-1 5.61808E-1 5.66637E-1 5.81346E-1 5.96195E-1 6.08984E-1 6.14964E-1 5.89962E-1 5.82488E-1 5.85739E-1 5.93746E-1 6.02409E-1 6.13474E-1 5.89918E-1 6.11523E-1 6.1132E-1 6.26691E-1 6.92981E-1 6.63643E-1 6.72019E-1 6.74411E-1 6.63746E-1 6.18276E-1 5.86622E-1 5.99277E-1 5.83544E-1 5.11329E-1 5.283E-1 5.44665E-1 5.38753E-1
1.06728E-2 3.69733E-2 3.65447E-1 6.66335E-1 5.64643E-1 6.19268E-1 5.96129E-1 6.02082E-1 5.85277E-1 5.67364E-1 5.66772E-1 5.62181E-1 5.73982E-1 5.63463E-1 5.47332E-1 6.52489E-1 5.89553E-1 5.75018E-1 5.86151E-1 5.87145E-1 5.75203E-1 5.56379E-1 5.53054E-1 5.16889E-1 4.95002E-1 5.44919E-1 5.64483E-1 5.5009E-1 5.64193E-1 5.42347E-1 5.30712E-1 5.22683E-1 5.50694E-1 5.51075E-1 5.96001E-1 5.7709E-1 5.55318E-1 5.93471E-1 6.00109E-1 5.68195E-1 5.3021E-1 5.67093E-1 6.12863E-1 5.84162E-1 5.9616E-1 5.67094E-1 5.51783E-1 6.05468E-1 6.41711E-1 6.38685E-1 6.13166E-1 6.52935E-1 6.40185E-1 6.29224E-1 5.92777E-1 5.87059E-1 5.75513E-1 5.4346E-1 5.38579E-1 5.59829E-1 5.38745E-1
6.70427E-3 1.3978E-2 1.94432E-1 6.05558E-1 6.43257E-1 6.57962E-1 6.33016E-1 5.94514E-1 5.6667E-1 5.70236E-1 5.7279E-1 5.70585E-1 5.72311E-1 5.3089E-1 5.25469E-1 5.29607E-1 5.38625E-1 5.50174E-1 5.4101E-1 5.7289E-1 5.50446E-1 5.21611E-1 5.18452E-1 5.10824E-1 5.39091E-1 6.21903E-1 6.21376E-1 5.35686E-1 5.54048E-1 5.10322E-1 5.10473E-1 5.06814E-1 5.23014E-1 5.38157E-1 5.44274E-1 5.7605E-1 5.71209E-1 5.68719E-1 5.8377E-1 5.50848E-1 5.95177E-1 6.6013E-1 6.29433E-1 5.5004E-1 5.62466E-1 5.52063E-1 5.45664E-1 6.00034E-1 6.1895E-1 5.95429E-1 6.07535E-1 6.38627E-1 6.22853E-1 6.23077E-1 5.82979E-1 5.79245E-1 5.41068E-1 5.36193E-1 5.53214E-1 5.6246E-1 5.38534E-1
5.08778E-3 7.66132E-2 1.31669E-1 6.23391E-1 6.10672E-1 7.03089E-1 6.04968E-1 5.8684E-1 6.13663E-1 5.60771E-1 5.57911E-1 5.51094E-1 5.51018E-1 5.40567E-1 5.12718E-1 5.42246E-1 5.31092E-1 5.22708E-1 4.61443E-1 5.18898E-1 5.203E-1 5.22616E-1 5.10363E-1 4.97691E-1 6.89116E-1 7.05962E-1 6.09775E-1 6.33756E-1 5.56729E-1 5.97694E-1 5.96331E-1 5.28161E-1 5.28176E-1 5.21207E-1 5.36256E-1 5.20211E-1 5.29985E-1 5.14265E-1 4.98861E-1 5.15253E-1 6.26844E-1 6.42604E-1 5.38722E-1 5.15771E-1 5.45365E-1 5.28699E-1 5.41364E-1 5.54089E-1 5.74759E-1 5.94061E-1 5.90548E-1 6.05834E-1 5.95087E-1 6.08395E-1 6.08164E-1 5.96194E-1 5.77911E-1 5.48402E-1 5.27098E-1 5.43375E-1 5.38729E-1
1.95591E-2 2.7074E-1 1.13354E-1 5.87646E-1 7.23738E-1 6.34925E-1 5.79539E-1 5.79645E-1 5.58355E-1 5.34558E-1 5.35138E-1 5.52094E-1 5.69903E-1 5.55327E-1 5.34766E-1 5.14871E-1 5.04781E-1 4.88334E-1 5.30122E-1 4.97809E-1 4.9891E-1 4.8862E-1 4.75018E-1 5.20265E-1 6.74575E-1 6.80231E-1 7.18851E-1 6.31934E-1 5.84331E-1 6.21352E-1 6.07974E-1 5.2502E-1 4.94061E-1 5.12686E-1 5.2321E-1 6.22402E-1 5.11892E-1 5.17887E-1 5.13159E-1 5.34582E-1 5.39453E-1 5.16742E-1 5.72663E-1 5.20957E-1 5.3769E-1 5.30544E-1 5.25596E-1 5.29727E-1 5.47908E-1 5.77227E-1 5.43893E-1 6.01865E-1 5.79852E-1 5.98116E-1 5.84657E-1 5.83439E-1 5.81258E-1 5.73797E-1 5.38694E-1 5.18062E-1 5.14511E-1
7.58693E-2 2.61098E-1 4.25462E-1 7.05427E-1 6.03165E-1 6.18588E-1 5.76726E-1 5.46304E-1 5.55207E-1 5.29653E-1 5.36972E-1 5.02678E-1 5.16176E-1 4.94484E-1 4.85316E-1 4.89059E-1 4.74122E-1 4.80861E-1 4.51476E-1 4.83518E-1 4.64622E-1 5.11251E-1 5.00057E-1 5.23203E-1 5.32959E-1 6.44275E-1 7.11551E-1 6.95484E-1 6.24274E-1 6.23898E-1 5.11187E-1 5.20492E-1 4.89572E-1 4.77972E-1 4.766E-1 5.27041E-1 5.34271E-1 5.12477E-1 5.01499E-1 5.32258E-1 5.39855E-1 5.02916E-1 5.65403E-1 5.44809E-1 5.61396E-1 5.55831E-1 5.22314E-1 5.02119E-1 5.09592E-1 5.44768E-1 5.44E-1 5.84241E-1 5.30842E-1 5.82368E-1 5.4478E-1 5.57323E-1 5.05485E-1 5.45933E-1 5.38837E-1 5.07851E-1 5.14534E-1
2.30007E-2 2.60597E-1 5.58053E-1 7.25583E-1 6.55048E-1 5.79294E-1 6.23668E-1 6.49062E-1 5.60223E-1 5.14192E-1 4.99268E-1 4.99601E-1 4.87307E-1 4.62945E-1 4.60313E-1 4.53081E-1 4.59136E-1 4.3601E-1 5.10708E-1 4.70982E-1 4.35278E-1 4.8104E-1 4.61996E-1 4.67732E-1 5.01033E-1 5.4151E-1 6.98452E-1 7.25181E-1 6.9481E-1 6.85026E-1 6.84157E-1 5.97434E-1 4.83925E-1 6.46183E-1 5.34609E-1 4.84749E-1 4.91283E-1 5.33308E-1 5.15082E-1 5.18956E-1 5.2008E-1 5.064E-1 5.36359E-1 5.66159E-1 7.45601E-1 7.32597E-1 6.45247E-1 5.1671E-1 5.21551E-1 5.38778E-1 5.27007E-1 5.42453E-1 5.38141E-1 5.57099E-1 5.36964E-1 5.28146E-1 5.16273E-1 5.06444E-1 5.18693E-1 4.64764E-1 4.95472E-1
3.65803E-2 3.79013E-2 2.0721E-1 6.72919E-1 5.92131E-1 6.04924E-1 6.00312E-1 6.72365E-1 5.5597E-1 5.2371E-1 4.99239E-1 5.14418E-1 5.38165E-1 4.54495E-1 4.78904E-1 4.52332E-1 4.37897E-1 4.657E-1 4.3749E-1 4.37368E-1 4.59168E-1 4.7764E-1 5.01407E-1 4.7798E-1 4.83504E-1 5.17789E-1 6.8719E-1 7.11172E-1 6.70524E-1 6.09445E-1 6.72471E-1 6.59478E-1 6.29986E-1 4.28089E-1 5.42706E-1 5.05694E-1 5.00881E-1 4.9943E-1 4.978E-1 5.2071E-1 5.91139E-1 5.14645E-1 5.22004E-1 5.5182E-1 6.71916E-1 6.66886E-1 7.3777E-1 6.28584E-1 5.36931E-1 5.68732E-1 6.13226E-1 5.24982E-1 5.18199E-1 5.22715E-1 5.03115E-1 5.07709E-1 5.14967E-1 5.33803E-1 4.97744E-1 5.17109E-1 4.98008E-1
1.54606E-2 1.82682E-1 6.07376E-1 6.30171E-1 5.95644E-1 5.23141E-1 5.33294E-1 5.35765E-1 5.19251E-1 5.11034E-1 4.85242E-1 4.66156E-1 4.7212E-1 4.94479E-1 4.24928E-1 4.32771E-1 4.23771E-1 4.26898E-1 4.44263E-1 4.3159E-1 4.48124E-1 4.41496E-1 4.55667E-1 5.02562E-1 4.73157E-1 6.01848E-1 6.79167E-1 7.05787E-1 5.27039E-1 5.71784E-1 6.49665E-1 5.61142E-1 7.05644E-1 6.57365E-1 5.32951E-1 4.73985E-1 4.67424E-1 4.93988E-1 4.99906E-1 6.19512E-1 6.92701E-1 6.1394E-1 6.02131E-1 5.27271E-1 7.38699E-1 6.61021E-1 6.87877E-1 7.25447E-1 7.75995E-1 7.69545E-1 7.74293E-1 6.67931E-1 5.64524E-1 6.00441E-1 5.32908E-1 5.64035E-1 5.18113E-1 4.99682E-1 5.82401E-1 5.56358E-1 6.18776E-1
5.02074E-3 3.21861E-1 5.35145E-1 5.14785E-1 5.54232E-1 5.32528E-1 5.1773E-1 5.02732E-1 4.98493E-1 5.03983E-1 4.53056E-1 4.41354E-1 5.86202E-1 6.0942E-1 4.61817E-1 3.87741E-1 4.15175E-1 4.2E-1 3.92853E-1 4.50632E-1 4.21436E-1 4.35728E-1 4.44554E-1 4.42419E-1 6.26916E-1 6.1369E-1 6.33443E-1 6.7562E-1 6.5595E-1 6.4784E-1 6.57054E-1 5.96345E-1 6.01631E-1 4.71735E-1 4.53133E-1 4.58943E-1 4.72658E-1 4.97345E-1 4.98163E-1 5.15626E-1 4.88003E-1 4.96363E-1 5.42632E-1 4.51014E-1 6.88194E-1 7.12118E-1 6.28525E-1 7.03777E-1 7.35553E-1 6.12657E-1 6.91608E-1 5.25819E-1 5.11663E-1 4.89116E-1 5.28345E-1 4.86079E-1 5.16927E-1 4.91499E-1 4.81573E-1 5.15168E-1 5.20452E-1
1.18914E-1 1.72948E-1 1.93341E-1 5.72102E-1 5.67043E-1 5.31536E-1 5.28197E-1 5.07054E-1 4.58736E-1 4.49647E-1 4.51005E-1 4.28736E-1 5.43262E-1 4.61615E-1 4.57617E-1 4.09795E-1 3.99455E-1 5.91505E-1 4.65779E-1 4.65573E-1 4.10708E-1 4.22504E-1 4.24339E-1 4.38994E-1 4.88566E-1 6.47913E-1 5.94513E-1 4.51658E-1 4.51653E-1 4.92481E-1 6.49802E-1 5.51417E-1 5.37314E-1 5.39024E-1 6.4526E-1 6.2434E-1 6.17109E-1 4.82205E-1 4.87374E-1 5.0306E-1 5.20331E-1 6.51884E-1 7.16628E-1 4.71097E-1 5.07716E-1 6.36681E-1 7.66977E-1 6.93499E-1 6.99805E-1 6.86538E-1 7.61656E-1 5.28462E-1 5.05939E-1 4.9503E-1 5.11021E-1 4.95437E-1 5.16074E-1 4.54112E-1 4.88603E-1 4.87391E-1 5.31646E-1
1.0401E-1 1.25507E-1 1.21458E-1 3.69121E-1 6.77898E-1 5.03827E-1 4.95334E-1 6.50653E-1 5.41193E-1 4.27935E-1 4.58712E-1 4.42404E-1 4.60274E-1 4.17338E-1 4.40899E-1 3.91712E-1 4.49622E-1 5.59467E-1 4.15078E-1 5.50204E-1 5.0989E-1 4.34754E-1 3.80163E-1 4.34079E-1 5.41688E-1 6.60948E-1 5.73099E-1 4.44445E-1 5.16415E-1 6.78167E-1 6.27498E-1 6.25094E-1 6.65616E-1 6.00865E-1 5.31397E-1 5.87417E-1 7.00861E-1 6.44432E-1 5.78568E-1 7.06643E-1 7.2172E-1 7.13274E-1 6.96932E-1 7.32548E-1 7.41724E-1 7.36171E-1 6.94966E-1 7.28254E-1 5.84857E-1 4.9804E-1 7.30164E-1 4.98868E-1 5.08476E-1 5.15255E-1 5.16473E-1 5.25023E-1 4.77794E-1 4.9826E-1 4.69812E-1 4.93511E-1 4.99255E-1
4.17033E-2 3.18276E-3 8.02293E-2 1.7809E-1 5.18675E-1 5.53971E-1 6.16149E-1 5.20503E-1 6.39658E-1 4.27124E-1 4.27326E-1 4.53421E-1 4.67507E-1 4.82216E-1 5.12633E-1 4.59225E-1 4.78983E-1 5.72153E-1 4.93814E-1 4.93702E-1 5.55078E-1 5.1491E-1 4.84946E-1 5.00081E-1 5.1654E-1 6.2227E-1 4.49713E-1 4.49783E-1 6.24957E-1 6.29124E-1 6.39403E-1 5.68603E-1 6.37433E-1 6.06524E-1 6.87527E-1 6.9915E-1 6.88109E-1 7.00426E-1 7.04669E-1 7.11173E-1 5.50824E-1 6.35339E-1 6.57519E-1 5.33483E-1 5.80292E-1 6.71838E-1 6.24343E-1 4.83669E-1 4.91559E-1 5.06675E-1 6.69256E-1 5.11652E-1 5.06748E-1 4.92019E-1 5.27666E-1 5.27402E-1 5.04729E-1 5.18169E-1 4.93985E-1 5.23827E-1 5.20949E-1
8.88238E-2 2.16455E-1 2.37456E-1 3.45804E-1 3.25363E-1 6.67577E-1 5.07335E-1 5.55879E-1 4.32163E-1 5.78654E-1 5.3824E-1 4.74966E-1 7.17128E-1 6.43514E-1 6.63941E-1 5.81141E-1 6.48465E-1 5.81465E-1 5.26527E-1 5.23331E-1 5.12889E-1 5.17791E-1 5.25467E-1 5.07631E-1 5.63168E-1 5.53966E-1 5.87848E-1 4.60948E-1 4.95811E-1 5.39141E-1 4.46826E-1 4.61129E-1 5.25307E-1 4.8517E-1 4.34185E-1 5.28509E-1 6.66412E-1 7.08134E-1 7.11629E-1 6.98081E-1 5.98806E-1 5.26048E-1 5.1335E-1 4.13912E-1 4.50341E-1 4.65193E-1 4.9208E-1 4.82109E-1 5.04335E-1 5.09992E-1 5.02437E-1 4.83608E-1 4.85174E-1 4.85667E-1 5.25395E-1 5.23601E-1 5.26684E-1 4.87363E-1 5.24642E-1 5.17361E-1 5.06382E-1
1.39123E-1 4.19197E-1 1.90468E-1 1.13806E-1 2.78099E-1 3.54351E-1 6.28969E-1 6.32183E-1 3.6706E-1 7.41962E-1 5.43534E-1 6.00108E-1 5.75939E-1 4.39079E-1 2.53411E-1 5.46407E-1 6.57219E-1 6.54652E-1 6.16088E-1 5.36974E-1 5.21217E-1 5.22079E-1 5.05215E-1 4.80635E-1 4.54286E-1 5.71887E-1 6.13135E-1 5.74693E-1 5.91718E-1 5.67501E-1 4.42963E-1 4.51048E-1 4.46007E-1 4.34756E-1 5.58125E-1 5.1246E-1 6.89776E-1 6.92093E-1 6.85513E-1 5.83562E-1 5.08819E-1 4.32539E-1 4.62166E-1 4.72082E-1 4.73885E-1 4.82988E-1 4.65531E-1 4.82469E-1 5.04499E-1 4.89484E-1 4.88401E-1 4.85522E-1 4.89613E-1 4.93784E-1 5.01027E-1 5.03575E-1 4.85782E-1 4.9961E-1 4.98353E-1 4.88361E-1 5.59145E-1
3.06677E-1 1.15196E-1 5.71704E-2 2.35982E-1 5.65808E-1 6.41065E-1 4.02749E-1 6.37335E-1 6.57211E-1 5.77095E-1 5.98942E-1 6.67201E-1 3.49177E-1 1.82927E-1 1.09417E-1 3.36632E-1 2.26332E-1 1.30957E-1 6.30031E-1 6.01867E-1 5.49287E-1 5.11351E-1 5.39137E-1 5.11734E-1 4.6514E-1 6.83129E-1 5.747E-1 3.77557E-1 7.04468E-1 5.56409E-1 4.43769E-1 4.47754E-1 4.83816E-1 4.33816E-1 3.93823E-1 5.8628E-1 7.04969E-1 6.78428E-1 6.95548E-1 4.19998E-1 4.31667E-1 4.21873E-1 4.51675E-1 4.63952E-1 4.35831E-1 4.63053E-1 4.64389E-1 4.77747E-1 4.59456E-1 4.94391E-1 5.07111E-1 4.7787E-1 4.79592E-1 4.95058E-1 4.93992E-1 4.82381E-1 4.81185E-1 4.9227E-1 4.97107E-1 5.34984E-1 5.42974E-1
3.04448E-1 6.42435E-1 6.33465E-2 3.50667E-1 6.83176E-1 7.13907E-1 5.97588E-1 5.54074E-1 3.52945E-1 4.51991E-1 6.77953E-1 6.87237E-1 4.07367E-1 2.5163E-1 6.50147E-2 6.78994E-2 1.68966E-2 1.10458E-1 1.67042E-1 7.3977E-1 5.84825E-1 5.64323E-1 5.36987E-1 5.04534E-1 4.79499E-1 4.81192E-1 5.55267E-1 6.26043E-1 5.38657E-1 5.18066E-1 4.93859E-1 5.1376E-1 4.91216E-1 4.46406E-1 3.9805E-1 6.22214E-1 6.80972E-1 6.83683E-1 6.49188E-1 4.18151E-1 4.40114E-1 4.13954E-1 4.47666E-1 4.2984E-1 4.37912E-1 4.85524E-1 4.7271E-1 4.69226E-1 4.71968E-1 4.69296E-1 4.79373E-1 4.72218E-1 4.74042E-1 4.96644E-1 4.76373E-1 4.7946E-1 4.81353E-1 4.81983E-1 5.10305E-1 4.97337E-1 5.14685E-1
2.90664E-1 7.25793E-1 4.38073E-1 2.91795E-1 4.85274E-1 7.09101E-1 7.07379E-1 4.61797E-1 4.02645E-1 3.00275E-1 5.29554E-1 4.91412E-1 5.9744E-1 7.15876E-1 3.62124E-1 6.17302E-2 3.03075E-2 1.3211E-1 1.78435E-1 7.54882E-1 6.65898E-1 5.74286E-1 5.5563E-1 5.02446E-1 4.96388E-1 6.10533E-1 6.33728E-1 6.4623E-1 6.36052E-1 6.19406E-1 5.27813E-1 4.94394E-1 4.5073E-1 4.42893E-1 4.26231E-1 4.303E-1 5.59525E-1 6.34176E-1 5.29823E-1 4.06994E-1 4.06182E-1 4.1963E-1 4.36235E-1 4.61763E-1 4.28185E-1 4.74867E-1 4.52554E-1 4.52755E-1 4.70479E-1 4.56268E-1 4.5927E-1 4.72491E-1 4.91618E-1 4.92584E-1 4.66941E-1 4.65325E-1 5.06249E-1 4.92931E-1 4.79267E-1 4.83721E-1 4.81709E-1
6.87053E-1 6.28235E-1 7.12099E-1 3.92363E-1 4.55241E-1 6.90972E-1 6.00585E-1 7.0051E-1 4.71787E-1 4.0316E-1 2.82504E-1 7.31653E-1 7.06789E-1 7.27873E-1 5.59944E-1 2.28302E-1 5.66753E-2 1.76326E-1 1.67443E-1 4.50315E-1 6.05592E-1 6.27568E-1 5.76797E-1 5.09174E-1 5.83011E-1 4.46616E-1 4.59718E-1 5.96684E-1 5.94587E-1 5.86455E-1 6.44533E-1 6.23585E-1 4.63128E-1 4.27013E-1 4.33709E-1 4.38594E-1 3.92458E-1 5.2195E-1 4.68766E-1 3.97891E-1 4.03534E-1 4.24645E-1 4.38382E-1 4.19362E-1 4.24781E-1 4.7472E-1 4.5406E-1 4.35651E-1 4.41308E-1 4.44754E-1 4.63103E-1 4.74276E-1 4.87251E-1 4.59753E-1 4.49182E-1 5.14035E-1 5.1569E-1 5.00224E-1 4.86674E-1 4.61554E-1 4.68141E-1
