Final_Models_July82022/M_0.1_F_lqp_Set_1/Bison_max.asc
ncols         290
nrows         380
xllcorner     -2197417.7431653
yllcorner     -584827.01486885
cellsize      10000.0
NODATA_value  -9999
[rows 162 to 188 of 380, columns 0 to 60 of 290]
-9999 -9999 -9999 -9999 -9999 -9999 -9999 -9999 -9999 -9999 -9999 -9999 -9999 -9999 1.62861E-1 3.7259E-2 -9999 1.72446E-2 1.10049E-2 2.79224E-3 8.58076E-3 2.68461E-2 1.55731E-1 1.42584E-1 1.59525E-2 -9999 1.31948E-1 2.45872E-6 2.46104E-5 3.00268E-3 7.29388E-3 2.97333E-3 5.93049E-4 1.44754E-3 0E0 4.56139E-2 1.85857E-2 7.34985E-3 6.75552E-4 1.19416E-2 2.81023E-2 2.51505E-3 1.5314E-2 1.57789E-2 6.78867E-3 1.42025E-2 4.55579E-2 3.54564E-2 7.90758E-2 5.02599E-2 5.09669E-2 6.70338E-2 1.27486E-1 1.19579E-1 5.66645E-2 7.83298E-2 5.77295E-2 6.35681E-2 4.98256E-2 4.44009E-2 6.48128E-2
-9999 -9999 -9999 -9999 -9999 -9999 -9999 -9999 -9999 -9999 -9999 -9999 -9999 -9999 -9999 -9999 -9999 4.5847E-2 1.10172E-2 1.73429E-3 2.35084E-2 -9999 -9999 -9999 -9999 -9999 2.51136E-2 5.01058E-4 2.82024E-3 1.33837E-3 7.71623E-4 9.32197E-4 0E0 2.73069E-3 3.73151E-3 1.3066E-1 7.60561E-3 1.70599E-4 4.99622E-4 1.28899E-2 3.51569E-3 7.95782E-2 4.70975E-2 2.21648E-2 8.0789E-3 8.29076E-3 9.96873E-3 1.87641E-2 3.00865E-2 5.01756E-2 3.7882E-2 5.0763E-2 5.24934E-2 1.38078E-1 6.58608E-2 2.5432E-2 5.16328E-2 6.69816E-2 8.11686E-2 5.76446E-2 3.08526E-2
-9999 -9999 -9999 -9999 -9999 -9999 -9999 -9999 -9999 -9999 -9999 -9999 -9999 -9999 -9999 5.28644E-2 -9999 8.1971E-2 2.64673E-2 2.08895E-3 2.71853E-4 2.37588E-5 -9999 -9999 -9999 2.32198E-3 4.3271E-3 6.3517E-4 1.96201E-3 8.8582E-3 4.80244E-2 3.54243E-3 1.7786E-4 1.30381E-2 0E0 3.03992E-3 2.23972E-3 1.23722E-3 1.81314E-2 6.77112E-2 1.61881E-2 1.13439E-2 6.56399E-2 1.73839E-3 9.8603E-4 2.8947E-2 4.43929E-3 2.36886E-2 3.0625E-2 3.90817E-2 1.1625E-2 6.24011E-2 8.02158E-2 8.10046E-2 2.2111E-2 8.27326E-2 4.9424E-2 4.94951E-2 6.76687E-2 6.75612E-2 6.58408E-2
-9999 -9999 -9999 -9999 -9999 -9999 -9999 -9999 -9999 -9999 -9999 -9999 -9999 -9999 -9999 3.20337E-2 -9999 1.71801E-2 -9999 2.45844E-3 4.7694E-3 -9999 -9999 -9999 8.69686E-3 4.58245E-3 -9999 4.23886E-3 9.19707E-7 4.72048E-4 -9999 1.15648E-2 1.56943E-4 1.28928E-2 0E0 2.50786E-2 3.45465E-4 6.29984E-2 9.12336E-2 9.07418E-2 1.3172E-2 2.01913E-2 5.73846E-2 3.38873E-3 2.05027E-2 4.23696E-3 3.57093E-2 2.12956E-2 5.67208E-2 3.19225E-2 6.10317E-2 4.07698E-2 5.23124E-2 5.45276E-2 1.24459E-1 3.08152E-2 6.61778E-2 5.45929E-2 8.17669E-2 6.94432E-2 5.89387E-2
-9999 -9999 -9999 -9999 -9999 -9999 -9999 -9999 -9999 -9999 -9999 -9999 -9999 -9999 -9999 2.192E-2 -9999 1.08335E-1 -9999 3.01128E-3 4.37779E-4 4.84905E-2 9.18391E-2 -9999 2.50583E-2 1.00707E-1 -9999 -9999 2.00312E-3 -9999 3.71962E-4 1.44604E-4 7.07343E-4 9.67874E-3 6.58183E-2 -9999 6.91238E-4 1.16271E-2 9.34264E-2 1.15623E-2 1.42924E-3 1.29308E-3 5.28326E-2 2.70127E-2 2.24372E-2 2.03747E-3 7.78201E-3 2.23576E-2 1.91538E-2 3.72195E-2 2.02856E-2 2.83204E-2 2.11447E-2 5.34262E-2 3.81464E-2 1.69356E-1 8.56832E-2 8.28389E-2 1.73625E-1 8.57775E-2 8.48193E-2
-9999 -9999 -9999 -9999 -9999 -9999 -9999 -9999 -9999 -9999 -9999 -9999 -9999 -9999 -9999 1.96338E-2 1.15574E-1 -9999 -9999 1.71244E-2 1.12544E-2 9.16989E-2 -9999 1.40646E-1 -9999 9.22707E-2 7.46756E-2 9.30588E-3 3.76419E-2 -9999 3.92285E-7 2.24146E-3 4.5623E-4 2.133E-2 4.56481E-3 2.05864E-5 8.4744E-3 1.32899E-3 8.65557E-4 1.06555E-4 8.10772E-5 6.24479E-3 6.96401E-2 8.24484E-2 6.07707E-3 4.32178E-4 9.45062E-3 1.85615E-2 2.32912E-2 9.45122E-2 1.28816E-2 1.59957E-2 3.62567E-2 4.16097E-2 3.23414E-2 2.51879E-2 9.95099E-2 4.60748E-2 6.66399E-2 8.39265E-2 1.03114E-1
-9999 -9999 -9999 -9999 -9999 -9999 -9999 -9999 -9999 -9999 -9999 -9999 -9999 -9999 -9999 6.44901E-2 -9999 -9999 -9999 2.44575E-2 7.21915E-2 1.20699E-1 -9999 -9999 1.76399E-1 1.07496E-2 -9999 -9999 -9999 0E0 -9999 1.24459E-4 2.92465E-5 3.80631E-3 3.16395E-3 2.54874E-4 2.05299E-2 3.0087E-3 4.1354E-4 1.04589E-2 9.07261E-4 1.69637E-2 2.03738E-2 6.95337E-2 4.08964E-2 7.49678E-4 8.43968E-3 1.88079E-2 1.94106E-2 8.79314E-2 1.26517E-2 2.80328E-2 1.3718E-2 4.0011E-2 4.99153E-2 5.85435E-2 9.11325E-2 1.01606E-1 8.53624E-2 6.90561E-2 6.68892E-2
-9999 -9999 -9999 -9999 -9999 -9999 -9999 -9999 -9999 -9999 -9999 -9999 -9999 -9999 -9999 6.68259E-2 -9999 -9999 -9999 3.04998E-2 3.82206E-2 -9999 -9999 -9999 1.18827E-1 -9999 0E0 1.11408E-1 1.25115E-2 4.75447E-3 4.43732E-6 5.90601E-4 3.64203E-5 3.0582E-3 -9999 5.95219E-3 -9999 1.10141E-3 1.84568E-3 1.25761E-4 6.38281E-4 2.50748E-2 4.30316E-4 5.12234E-2 7.66243E-3 2.51677E-2 2.17713E-2 2.86493E-2 5.80861E-2 1.97383E-2 3.4174E-2 5.49039E-2 2.77073E-2 1.16796E-1 7.50649E-2 7.39774E-2 1.1269E-1 7.63061E-2 7.06221E-2 7.99189E-2 1.00812E-1
-9999 -9999 -9999 -9999 -9999 -9999 -9999 -9999 -9999 -9999 -9999 -9999 -9999 -9999 -9999 -9999 -9999 -9999 1.10239E-1 2.44963E-2 1.79868E-2 -9999 -9999 -9999 1.19386E-1 -9999 -9999 -9999 4.09698E-2 -9999 3.4393E-4 4.53711E-4 1.29797E-3 4.51958E-4 -9999 9.81212E-3 1.11767E-2 1.03354E-4 3.81602E-5 1.69082E-5 5.00498E-5 2.40252E-2 4.61624E-2 4.12356E-2 2.55777E-2 4.15851E-2 7.05036E-2 6.40291E-2 1.05695E-2 1.34154E-2 9.41351E-2 5.1429E-2 2.49916E-2 6.61851E-2 1.48659E-2 5.12942E-2 8.66782E-2 7.99366E-2 4.46911E-2 6.25967E-2 8.9564E-2
-9999 -9999 -9999 -9999 -9999 -9999 -9999 -9999 -9999 -9999 -9999 -9999 -9999 -9999 -9999 -9999 -9999 -9999 -9999 -9999 -9999 -9999 -9999 -9999 -9999 9.90572E-2 -9999 8.27226E-2 7.27954E-3 2.12339E-3 3.22138E-4 5.53236E-3 1.4282E-3 5.08772E-3 5.52527E-5 1.84276E-3 1.45526E-4 1.36732E-2 2.67868E-4 5.61135E-4 2.22837E-2 1.00162E-2 2.48102E-3 2.20027E-3 1.84596E-3 4.73201E-3 1.04247E-1 1.03717E-1 2.00542E-2 1.02478E-1 7.20657E-2 1.85001E-2 2.06709E-2 2.59962E-2 2.09396E-2 2.92421E-2 1.38575E-1 1.0663E-1 1.15371E-1 6.63137E-2 9.19875E-2
-9999 -9999 -9999 -9999 -9999 -9999 -9999 -9999 -9999 -9999 -9999 -9999 -9999 -9999 -9999 -9999 -9999 -9999 -9999 -9999 -9999 -9999 -9999 -9999 -9999 -9999 -9999 2.31997E-2 1.76587E-2 1.3668E-2 8.96203E-4 2.99748E-3 1.37858E-2 3.16279E-3 1.06178E-3 1.12584E-4 2.28989E-3 1.50488E-1 2.76557E-3 1.64603E-2 1.58624E-2 8.16174E-4 3.47121E-3 1.51896E-3 6.08719E-4 4.45378E-2 2.007E-2 1.00389E-1 6.95771E-2 5.97087E-3 4.61503E-2 6.62718E-3 2.77883E-2 1.506E-2 2.86532E-2 2.73793E-2 6.19162E-2 9.845E-2 7.57033E-2 1.09926E-1 4.60317E-2
-9999 -9999 -9999 -9999 -9999 -9999 -9999 -9999 -9999 -9999 -9999 -9999 -9999 -9999 -9999 -9999 -9999 -9999 -9999 -9999 -9999 -9999 -9999 -9999 -9999 -9999 -9999 3.76188E-2 2.31226E-2 1.21874E-2 1.35521E-3 3.61478E-4 8.69141E-2 7.58492E-4 1.65027E-5 3.44559E-4 7.28507E-4 2.05094E-2 3.02771E-2 1.73699E-2 1.28265E-3 1.64061E-3 1.09602E-3 1.54483E-4 2.97753E-3 1.15869E-1 1.67275E-2 8.82209E-2 1.15757E-1 8.21904E-3 1.49539E-2 6.92939E-2 6.38488E-2 3.08177E-2 3.27782E-2 3.91944E-2 4.13686E-2 1.01627E-1 4.99374E-2 1.39948E-2 8.77704E-2
-9999 -9999 -9999 -9999 -9999 -9999 -9999 -9999 -9999 -9999 -9999 7.3467E-2 -9999 -9999 -9999 -9999 -9999 -9999 -9999 -9999 -9999 -9999 -9999 -9999 -9999 -9999 -9999 -9999 -9999 2.92937E-2 4.68719E-2 -9999 4.48604E-3 1.23161E-2 -9999 9.57322E-3 4.50168E-3 7.48029E-4 6.26005E-4 7.17981E-3 8.74772E-3 1.68276E-3 2.68393E-3 1.53933E-3 1.30676E-2 9.29108E-2 2.75118E-2 8.009E-2 9.2582E-2 2.36828E-2 1.96757E-2 1.38053E-2 1.75877E-2 3.32711E-2 4.50494E-2 3.01371E-2 3.00972E-2 6.86E-2 7.53123E-2 1.80304E-2 5.89445E-2
-9999 -9999 -9999 -9999 -9999 -9999 -9999 -9999 -9999 -9999 -9999 2.33521E-2 4.73445E-2 9.1278E-2 -9999 -9999 -9999 -9999 -9999 -9999 -9999 -9999 -9999 -9999 -9999 -9999 -9999 -9999 -9999 -9999 6.53759E-2 6.2251E-5 1.34788E-5 1.78204E-6 3.13656E-5 4.4404E-5 2.5579E-4 2.0442E-4 9.10153E-4 3.09162E-3 2.79709E-3 2.36952E-3 3.03002E-3 8.55957E-4 6.29699E-4 1.04404E-1 3.60662E-2 5.24283E-2 1.06567E-1 2.43847E-2 8.87966E-3 1.6418E-2 2.56169E-2 1.6912E-2 6.84376E-2 4.66935E-2 2.40157E-2 5.55438E-2 1.33018E-1 7.24699E-2 7.58408E-2
-9999 -9999 -9999 -9999 -9999 -9999 -9999 -9999 -9999 -9999 2.346E-2 1.26453E-2 1.44703E-2 4.96314E-2 -9999 -9999 -9999 -9999 -9999 -9999 -9999 -9999 -9999 -9999 -9999 -9999 -9999 -9999 -9999 6.16775E-2 3.09882E-5 2.29874E-5 9.47839E-6 8.79676E-4 4.1154E-4 2.37624E-4 3.72067E-3 7.31998E-4 1.45214E-3 5.13472E-3 1.40388E-3 2.95581E-3 5.85034E-3 5.16144E-3 2.17766E-2 7.12879E-2 1.24831E-1 1.17965E-1 1.02287E-1 2.70883E-2 4.77667E-2 2.83553E-2 1.67286E-2 3.32627E-2 6.95663E-2 6.16409E-2 2.6543E-2 5.73181E-2 1.28387E-1 3.16732E-2 2.99269E-2
-9999 -9999 -9999 -9999 -9999 -9999 -9999 -9999 -9999 7.44467E-2 5.87195E-3 3.03644E-2 -9999 3.5091E-2 4.10665E-2 6.78392E-2 -9999 -9999 -9999 -9999 -9999 -9999 -9999 -9999 -9999 -9999 -9999 -9999 7.87958E-2 9.33807E-3 5.80943E-6 2.24891E-4 2.78501E-4 1.14819E-5 1.24242E-4 1.01222E-2 8.13048E-3 5.79544E-4 1.159E-3 1.06859E-2 6.40807E-3 3.33061E-3 3.87235E-2 2.33616E-2 3.41014E-2 5.87804E-2 9.37233E-2 5.51783E-2 2.65593E-2 4.31048E-2 9.84286E-3 1.5563E-2 2.31022E-2 2.65789E-2 6.74587E-2 5.22339E-2 2.39024E-2 6.32766E-2 1.38454E-1 8.08923E-2 4.22936E-2
-9999 -9999 -9999 -9999 -9999 -9999 -9999 -9999 -9999 -9999 8.24639E-3 4.80303E-2 1.71191E-2 3.18333E-2 9.61103E-2 1.13972E-1 -9999 -9999 -9999 -9999 -9999 -9999 -9999 -9999 -9999 -9999 -9999 1.55358E-1 3.65965E-2 4.84157E-2 5.65137E-4 7.79041E-6 2.10525E-3 2.7271E-3 5.58599E-3 4.8696E-2 6.28054E-3 8.06776E-4 2.96191E-4 2.02835E-2 1.69432E-3 5.44349E-3 2.24901E-3 2.17685E-3 2.48975E-3 1.95115E-2 6.78818E-2 2.47259E-2 3.69246E-2 3.07703E-2 2.05429E-2 2.68598E-2 1.38817E-2 3.75268E-2 8.87037E-2 6.46544E-2 1.90307E-2 7.29679E-2 8.90262E-2 4.92056E-2 6.29261E-2
-9999 -9999 -9999 -9999 -9999 -9999 -9999 -9999 -9999 -9999 1.00084E-2 1.78569E-2 1.66752E-2 4.25712E-2 8.52844E-2 -9999 2.34409E-1 7.36882E-2 8.17106E-2 -9999 -9999 -9999 -9999 -9999 -9999 -9999 -9999 -9999 7.06488E-2 2.17792E-2 1.04335E-5 1.1735E-4 1.26962E-1 3.62382E-3 6.11823E-2 1.85501E-2 6.85254E-2 5.3356E-3 6.23024E-3 9.70735E-4 1.87431E-3 3.07747E-3 1.93282E-2 2.82E-3 1.98169E-3 4.38706E-3 7.2372E-2 2.35337E-2 8.7758E-2 2.15343E-2 7.11739E-3 2.28739E-2 4.17444E-2 5.03861E-2 4.85262E-2 9.86883E-2 5.50304E-2 8.39938E-2 1.91043E-2 8.13949E-2 3.316E-2
-9999 -9999 -9999 -9999 -9999 -9999 -9999 -9999 -9999 4.11817E-2 3.23503E-3 -9999 -9999 -9999 7.59824E-2 1.61076E-1 9.66779E-2 -9999 -9999 -9999 -9999 -9999 -9999 -9999 -9999 -9999 -9999 -9999 9.2213E-3 1.66905E-5 1.29452E-3 1.21879E-4 8.31412E-3 7.67779E-4 5.57307E-2 1.23758E-2 4.79854E-3 1.18998E-4 5.69866E-4 3.63833E-3 3.8056E-3 1.70291E-2 6.11525E-3 9.21761E-3 1.42864E-2 9.88069E-3 2.48179E-2 5.41415E-2 9.51679E-2 2.5988E-2 1.16411E-2 1.59949E-2 7.02806E-2 9.62875E-2 3.19027E-2 1.05657E-1 8.45367E-2 1.16443E-1 3.54308E-2 8.30635E-2 8.14459E-2
-9999 -9999 -9999 -9999 -9999 -9999 -9999 -9999 -9999 6.45576E-3 1.15249E-2 1.93804E-2 -9999 -9999 1.0334E-1 7.11203E-2 -9999 -9999 -9999 -9999 -9999 -9999 -9999 -9999 -9999 -9999 -9999 -9999 1.58551E-2 5.81307E-3 4.50356E-4 4.54573E-4 5.74983E-4 8.26168E-4 4.34319E-3 2.16651E-3 3.8472E-4 1.53409E-4 1.55356E-2 1.57834E-2 2.20333E-2 3.46873E-3 1.22564E-2 3.02566E-2 1.32965E-3 1.28975E-2 2.08404E-2 2.52375E-3 1.13904E-1 4.74382E-2 2.27811E-2 1.73383E-2 6.47521E-2 4.04981E-2 8.84733E-2 1.07455E-1 7.44672E-2 4.9316E-2 1.63832E-1 7.06867E-2 3.4935E-2
-9999 -9999 -9999 -9999 -9999 -9999 -9999 -9999 -9999 -9999 1.7701E-2 7.14694E-3 1.4276E-2 3.7889E-2 6.33036E-2 6.30357E-2 -9999 -9999 -9999 -9999 -9999 -9999 -9999 -9999 -9999 2.68102E-1 1.90772E-2 -9999 -9999 4.38852E-2 1.84199E-4 2.0543E-4 4.46851E-3 8.63389E-3 5.47416E-3 3.20417E-3 3.0594E-4 4.62761E-3 1.57019E-2 3.3997E-2 5.09967E-3 1.74582E-3 6.49026E-3 6.24656E-2 2.95274E-2 2.70458E-3 2.3084E-3 5.89692E-2 1.13206E-1 1.174E-1 2.63544E-2 4.11377E-2 7.60275E-2 5.02688E-2 6.40412E-2 1.62116E-1 7.63566E-2 5.14746E-2 1.8653E-2 1.16977E-1 5.83443E-2
-9999 -9999 -9999 -9999 -9999 -9999 -9999 -9999 -9999 -9999 -9999 3.28666E-3 1.86434E-2 3.85469E-2 4.2764E-2 -9999 -9999 -9999 -9999 -9999 -9999 -9999 -9999 -9999 -9999 -9999 2.94343E-2 1.8758E-1 7.72477E-6 1.69725E-3 1.38812E-7 5.66641E-5 4.88438E-5 2.35179E-5 1.04169E-3 8.46391E-4 2.79043E-4 1.20308E-5 9.67105E-3 2.96875E-5 2.21599E-4 3.63897E-3 2.0613E-3 4.87737E-2 2.11055E-2 1.0797E-2 4.28851E-2 5.59774E-2 1.24099E-1 1.55675E-1 7.04491E-2 1.11947E-2 6.48623E-2 8.95899E-2 8.7906E-2 2.06397E-1 3.64824E-2 2.28086E-2 5.8781E-3 3.04329E-2 7.84603E-2
-9999 -9999 -9999 -9999 -9999 -9999 -9999 -9999 -9999 7.88686E-2 4.11502E-2 6.74985E-3 8.83984E-3 2.44128E-2 -9999 -9999 -9999 -9999 -9999 -9999 -9999 -9999 -9999 -9999 2.84145E-1 1.17336E-1 2.24647E-1 -9999 1.61082E-5 1.11461E-4 2.18778E-7 6.34215E-6 4.25995E-4 2.23339E-3 7.49312E-4 5.10283E-3 8.63682E-5 3.57395E-4 2.72882E-3 3.12505E-5 3.53556E-4 5.99237E-4 1.85259E-3 5.48597E-3 4.69707E-2 2.42482E-3 9.53303E-3 2.2081E-2 4.51382E-2 1.75238E-1 8.03097E-2 3.47638E-2 5.90639E-2 6.00271E-2 6.76998E-2 2.08252E-1 1.95766E-2 7.4567E-2 2.23646E-2 1.27695E-2 9.15904E-2
-9999 -9999 -9999 -9999 -9999 -9999 -9999 -9999 -9999 6.53323E-2 8.1856E-4 5.00418E-3 1.38555E-2 1.3651E-2 -9999 -9999 -9999 -9999 -9999 -9999 -9999 -9999 -9999 -9999 -9999 -9999 6.31121E-2 -9999 2.60104E-4 4.25578E-4 1.06144E-6 1.88264E-6 2.96544E-3 2.09748E-3 0E0 6.57547E-4 1.30682E-4 1.78486E-3 3.22272E-5 2.38197E-4 5.79996E-5 9.26547E-3 4.66562E-3 1.20111E-2 4.7919E-2 3.22974E-2 1.02283E-2 9.5787E-3 1.7959E-2 1.31349E-1 3.70152E-2 4.17494E-2 6.81148E-2 5.23311E-2 3.24915E-2 1.7247E-1 1.08451E-1 2.93602E-2 8.43575E-2 8.49687E-2 6.79655E-2
-9999 -9999 -9999 -9999 -9999 -9999 -9999 -9999 -9999 7.07796E-2 3.85095E-2 -9999 -9999 -9999 -9999 -9999 -9999 -9999 -9999 -9999 -9999 -9999 -9999 -9999 -9999 3.98285E-2 5.02641E-4 1.65019E-2 2.74384E-3 5.86247E-5 2.65413E-7 9.67627E-4 6.47073E-2 5.67041E-3 6.05819E-3 6.40272E-4 1.85982E-3 4.06937E-4 3.29704E-5 2.00844E-4 9.97137E-4 1.21014E-3 1.29195E-3 2.23491E-2 1.66021E-2 2.77619E-2 3.38076E-2 2.48018E-2 1.52867E-2 1.90372E-1 5.27851E-2 8.55556E-2 9.67584E-2 4.33316E-2 3.58845E-2 6.95731E-2 8.80338E-2 1.23656E-1 9.06849E-2 1.49272E-1 1.64E-1
-9999 -9999 -9999 -9999 -9999 -9999 -9999 -9999 -9999 -9999 9.9762E-3 1.3102E-2 2.08771E-3 1.19827E-2 -9999 -9999 -9999 -9999 -9999 -9999 -9999 -9999 -9999 3.18332E-1 1.17837E-1 5.75338E-2 8.88801E-2 1.04555E-4 1.89279E-2 5.15071E-5 1.897E-6 3.17723E-6 -9999 1.28345E-3 5.90671E-5 1.0064E-3 9.81229E-3 7.12322E-6 3.79957E-5 9.00496E-5 5.94662E-4 2.10225E-3 3.21789E-3 4.9886E-2 5.63484E-2 9.04738E-2 3.21758E-2 2.55717E-2 9.18478E-2 2.17338E-1 2.79509E-1 1.28789E-1 1.38553E-1 8.83283E-2 3.46937E-2 5.37957E-2 1.35144E-1 9.57496E-2 5.0387E-2 4.6082E-2 8.07496E-2
-9999 -9999 -9999 -9999 -9999 -9999 -9999 -9999 -9999 -9999 -9999 4.62595E-3 2.7975E-2 2.15047E-2 -9999 -9999 -9999 -9999 -9999 -9999 -9999 -9999 -9999 -9999 1.06027E-1 -9999 -9999 2.53312E-5 1.02209E-2 8.6713E-6 8.41667E-4 4.03948E-5 2.6128E-5 4.21983E-3 4.04753E-2 -9999 7.02496E-5 5.53395E-5 1.1342E-4 2.41981E-4 4.00298E-3 5.76117E-4 3.40424E-3 1.37175E-3 2.40009E-2 6.58353E-2 1.36003E-1 1.16107E-1 1.7257E-1 4.6888E-2 8.11561E-2 4.93959E-2 1.24275E-1 1.54819E-1 8.61974E-2 5.81496E-2 1.58068E-1 6.73963E-2 9.52564E-2 8.23032E-2 1.51049E-1
