Final_Models_July82022/M_0.1_F_lqp_Set_1/Bison_7.asc
ncols         290
nrows         380
xllcorner     -2197417.7431653
yllcorner     -584827.01486885
cellsize      10000.0
NODATA_value  -9999
[rows 324 to 350 of 380, columns 61 to 121 of 290]
1.40719E-1 1.67443E-1 1.82108E-1 1.85353E-1 1.54688E-1 1.67232E-1 2.72105E-1 1.89204E-1 1.628E-1 1.97637E-1 2.0143E-1 1.85193E-1 1.65177E-1 1.8081E-1 2.12094E-1 1.7718E-1 1.90989E-1 1.68955E-1 2.00154E-1 1.62202E-1 3.76951E-1 1.91014E-1 1.93258E-1 3.33058E-1 2.06928E-1 3.07179E-1 2.56726E-1 3.41825E-1 2.91122E-1 3.43489E-1 3.43985E-1 3.63187E-1 3.58994E-1 3.30402E-1 2.4374E-1 6.10744E-2 3.8021E-1 4.04794E-1 2.467E-1 3.74296E-1 3.31116E-1 2.09454E-1 5.06326E-1 3.7406E-1 3.20154E-1 2.8184E-1 3.13734E-1 5.66199E-1 5.05491E-1 6.14891E-1 7.59836E-1 4.96722E-1 4.54076E-1 7.39055E-1 5.71418E-1 6.03622E-1 5.23749E-1 7.90496E-1 7.70815E-1 8.2039E-1 7.58767E-1
1.41822E-1 1.45377E-1 1.81451E-1 1.90698E-1 1.67643E-1 1.53421E-1 3.10803E-1 2.82155E-1 2.43928E-1 1.67767E-1 1.61297E-1 1.74555E-1 1.54179E-1 1.82378E-1 1.80851E-1 1.72012E-1 1.45409E-1 1.79381E-1 1.76807E-1 2.17497E-1 3.98323E-1 3.57798E-1 2.33674E-1 1.59874E-1 3.15319E-1 1.62592E-1 2.55229E-1 2.37669E-1 2.70625E-1 3.24327E-1 3.56067E-1 3.75428E-1 2.9353E-1 4.56488E-1 2.23689E-1 1.13104E-1 2.68586E-1 3.65105E-1 4.70112E-1 3.63017E-1 3.22203E-1 2.04682E-1 1.39712E-1 4.62193E-1 3.57612E-1 0E0 6.957E-1 5.80209E-1 6.5808E-1 5.10668E-1 7.62538E-1 8.2125E-1 6.07874E-1 5.92004E-1 6.31225E-1 6.41968E-1 5.60421E-1 6.69635E-1 7.50022E-1 6.88884E-1 6.86948E-1
1.42208E-1 1.28488E-1 1.64167E-1 1.77448E-1 1.71812E-1 1.40877E-1 2.34516E-1 2.41253E-1 1.91229E-1 1.41204E-1 1.53134E-1 1.48573E-1 1.27946E-1 1.47958E-1 1.44233E-1 1.48813E-1 1.36407E-1 1.47381E-1 1.52387E-1 2.49558E-1 2.69742E-1 4.43123E-1 2.3909E-1 1.83847E-1 2.10874E-1 2.80569E-1 2.15258E-1 3.11536E-1 3.33832E-1 3.9575E-1 3.58624E-1 2.65179E-1 4.50511E-1 4.06982E-1 1.88755E-1 2.79332E-1 2.22663E-1 3.22303E-1 2.33561E-1 2.60266E-1 3.21961E-1 2.47058E-1 2.29973E-1 4.19885E-1 4.14925E-1 3.77325E-1 3.57596E-1 4.99064E-1 5.69945E-1 5.15727E-1 5.29239E-1 8.03683E-1 5.82946E-1 4.39787E-1 7.96093E-1 7.84268E-1 5.58713E-1 5.68056E-1 7.85296E-1 8.28491E-1 7.85119E-1
1.45855E-1 1.38086E-1 1.59487E-1 1.46852E-1 1.4951E-1 1.84779E-1 2.96212E-1 1.51708E-1 1.36399E-1 1.72502E-1 1.79239E-1 1.26434E-1 1.29879E-1 1.34214E-1 1.39723E-1 1.38773E-1 1.46861E-1 1.40733E-1 1.64812E-1 2.22396E-1 2.34152E-1 4.21998E-1 2.21286E-1 2.61669E-1 1.34249E-1 2.36963E-1 3.02754E-1 3.30323E-1 3.976E-1 3.91493E-1 3.05215E-1 2.87404E-1 4.34233E-1 3.75994E-1 3.46747E-1 3.63447E-1 3.74791E-1 3.66095E-1 5.04271E-1 4.17742E-1 3.73476E-1 3.80924E-1 3.48858E-1 5.17189E-1 4.15272E-1 4.47022E-1 4.26251E-1 6.24736E-1 4.437E-1 5.21304E-1 5.72818E-1 8.41802E-1 5.1044E-1 5.15076E-1 6.92456E-1 6.88405E-1 5.47079E-1 5.53668E-1 8.01312E-1 7.90863E-1 8.05126E-1
1.25899E-1 1.32673E-1 1.62054E-1 1.51584E-1 1.92273E-1 1.5837E-1 1.55271E-1 1.74858E-1 1.82269E-1 1.91531E-1 1.17785E-1 1.24782E-1 1.42297E-1 1.27621E-1 1.31696E-1 1.34711E-1 1.43806E-1 1.55795E-1 2.25913E-1 2.13666E-1 3.90255E-1 4.70938E-1 2.90767E-1 1.99684E-1 1.90501E-1 3.10883E-1 2.44018E-1 3.24384E-1 2.66677E-1 3.89308E-1 3.32517E-1 2.74346E-1 3.92203E-1 3.40459E-1 3.77271E-1 5.08246E-1 6.09379E-1 6.9868E-1 7.55221E-1 7.5014E-1 5.78556E-1 5.70273E-1 4.53364E-1 5.08542E-1 3.54771E-1 4.20159E-1 5.59701E-1 4.4073E-1 4.51798E-1 4.89807E-1 7.284E-1 8.08488E-1 6.41951E-1 5.36857E-1 5.30788E-1 5.5867E-1 5.32216E-1 5.19758E-1 6.30764E-1 7.1783E-1 7.67808E-1
1.37833E-1 1.23359E-1 1.17869E-1 1.97832E-1 1.75226E-1 1.40956E-1 1.30388E-1 2.15182E-1 3.10522E-1 1.39771E-1 1.21636E-1 1.37441E-1 1.31758E-1 1.24589E-1 1.27319E-1 1.52219E-1 3.02983E-1 3.51936E-1 3.78581E-1 2.72932E-1 5.01483E-1 4.41334E-1 2.1976E-1 1.39126E-1 2.6215E-1 1.81317E-1 1.50522E-1 1.55421E-1 2.36133E-1 3.41587E-1 3.77185E-1 3.98637E-1 4.4034E-1 2.9887E-1 2.94205E-1 3.54152E-1 6.25226E-1 7.21161E-1 7.47846E-1 6.64667E-1 7.54812E-1 7.62881E-1 6.49347E-1 7.52103E-1 7.17812E-1 3.99557E-1 3.97233E-1 4.36299E-1 4.34356E-1 4.80453E-1 5.23404E-1 5.48666E-1 5.43999E-1 5.4756E-1 5.28446E-1 5.31413E-1 5.42699E-1 5.03249E-1 5.47587E-1 7.76102E-1 5.5315E-1
1.24917E-1 1.21393E-1 1.097E-1 1.11689E-1 2.14367E-1 1.40844E-1 1.45201E-1 2.66044E-1 1.93815E-1 1.07385E-1 1.20326E-1 1.11847E-1 1.14758E-1 1.22421E-1 1.3171E-1 1.59648E-1 1.88788E-1 1.869E-1 1.81391E-1 1.95275E-1 3.16342E-1 3.94218E-1 2.29462E-1 2.29882E-1 1.81712E-1 1.78905E-1 2.55057E-1 2.70537E-1 2.86921E-1 3.49959E-1 3.48257E-1 3.598E-1 3.17304E-1 3.38087E-1 2.32749E-1 2.40376E-1 3.05336E-1 2.84367E-1 3.60098E-1 5.19618E-1 4.28735E-1 4.11298E-1 5.75621E-1 6.34847E-1 6.36253E-1 6.33381E-1 7.20008E-1 5.73605E-1 5.006E-1 4.77156E-1 5.22916E-1 5.27395E-1 5.18473E-1 5.10236E-1 5.25705E-1 5.50057E-1 4.74967E-1 4.75578E-1 5.66605E-1 7.68435E-1 6.04103E-1
1.34915E-1 1.48856E-1 1.18178E-1 1.22498E-1 2.83178E-1 1.84468E-1 1.86049E-1 1.61296E-1 2.33165E-1 1.04117E-1 9.87843E-2 1.16728E-1 1.2278E-1 1.35133E-1 1.27694E-1 1.26665E-1 1.45899E-1 1.34818E-1 1.63437E-1 2.07452E-1 2.44109E-1 2.58658E-1 2.62128E-1 3.09642E-1 2.2394E-1 1.93945E-1 1.59841E-1 1.95966E-1 2.47859E-1 2.82628E-1 3.0697E-1 2.32704E-1 2.97835E-1 3.77176E-1 3.44111E-1 2.70866E-1 2.50652E-1 2.38525E-1 3.23513E-1 2.96202E-1 3.15036E-1 3.25864E-1 4.49449E-1 4.97141E-1 4.94596E-1 5.90211E-1 5.75736E-1 4.35805E-1 4.54958E-1 4.69347E-1 4.96174E-1 4.96394E-1 5.04324E-1 5.34246E-1 5.04892E-1 4.97177E-1 6.39825E-1 5.76616E-1 6.2104E-1 5.89523E-1 7.41175E-1
1.51153E-1 1.98226E-1 1.2252E-1 1.1812E-1 1.28924E-1 1.43314E-1 1.54629E-1 1.61191E-1 9.7542E-2 1.00757E-1 1.02474E-1 1.09528E-1 1.12745E-1 1.18196E-1 1.20522E-1 1.50587E-1 1.33718E-1 1.43284E-1 1.50543E-1 2.20089E-1 2.51582E-1 1.61558E-1 1.60463E-1 3.24405E-1 3.35255E-1 3.90639E-1 1.81443E-1 1.56576E-1 3.03191E-1 2.568E-1 2.53668E-1 2.43758E-1 2.62154E-1 2.81432E-1 2.91727E-1 2.84109E-1 3.39381E-1 3.75755E-1 3.95527E-1 5.12824E-1 4.50767E-1 3.70948E-1 4.04691E-1 6.02286E-1 6.3809E-1 4.04732E-1 4.13394E-1 4.20893E-1 4.25662E-1 4.46206E-1 4.60091E-1 4.65967E-1 4.77279E-1 4.77321E-1 4.6788E-1 4.54547E-1 7.02342E-1 6.86523E-1 7.20427E-1 7.11161E-1 5.28629E-1
1.57606E-1 1.35277E-1 1.21053E-1 1.05356E-1 1.24024E-1 1.31633E-1 9.67903E-2 1.11455E-1 1.07364E-1 1.02596E-1 1.0278E-1 1.07028E-1 1.12812E-1 1.16852E-1 1.40284E-1 1.52435E-1 1.49662E-1 1.62847E-1 1.83415E-1 2.00279E-1 2.47777E-1 2.72544E-1 1.95593E-1 2.93626E-1 2.73887E-1 3.79302E-1 1.83059E-1 1.54016E-1 1.43587E-1 3.22111E-1 3.01346E-1 3.52764E-1 3.10711E-1 2.26517E-1 3.09816E-1 3.38739E-1 3.31407E-1 2.45551E-1 3.39192E-1 3.40792E-1 5.25547E-1 5.56618E-1 5.54322E-1 6.05667E-1 5.2326E-1 3.74356E-1 3.68263E-1 3.52699E-1 3.60608E-1 3.92439E-1 4.1779E-1 4.30977E-1 4.51193E-1 4.45744E-1 4.45705E-1 6.81496E-1 5.58268E-1 4.58703E-1 5.87827E-1 5.88945E-1 5.11033E-1
1.59946E-1 1.50747E-1 1.17855E-1 1.05217E-1 1.24156E-1 1.30033E-1 9.70763E-2 9.94546E-2 1.14625E-1 1.98173E-1 1.01742E-1 1.0518E-1 1.38574E-1 1.19502E-1 1.29309E-1 1.72268E-1 1.82735E-1 1.74888E-1 1.6768E-1 1.91801E-1 2.32696E-1 2.81489E-1 2.86568E-1 3.0406E-1 3.18717E-1 2.72652E-1 2.53187E-1 1.7179E-1 1.58103E-1 1.77556E-1 2.40895E-1 2.86269E-1 2.65093E-1 3.33206E-1 2.71803E-1 1.88912E-1 2.38517E-1 3.24001E-1 2.32506E-1 4.21869E-1 5.00221E-1 5.51269E-1 5.84432E-1 5.55873E-1 3.56589E-1 4.01521E-1 3.97783E-1 4.01428E-1 3.22796E-1 3.51717E-1 3.81206E-1 4.09396E-1 4.30223E-1 4.0411E-1 6.14753E-1 6.63048E-1 4.98005E-1 5.55331E-1 6.29179E-1 6.5375E-1 5.23286E-1
1.58764E-1 1.71927E-1 1.40645E-1 1.66109E-1 1.08764E-1 1.9814E-1 1.82315E-1 1.17336E-1 1.14404E-1 1.10761E-1 1.26683E-1 1.89371E-1 1.37924E-1 1.33583E-1 1.6966E-1 2.12898E-1 2.02122E-1 1.94138E-1 1.84488E-1 2.07045E-1 2.04067E-1 2.84656E-1 2.64979E-1 2.90824E-1 3.16067E-1 2.98489E-1 2.43167E-1 1.97741E-1 1.78365E-1 1.82625E-1 3.57651E-1 3.65663E-1 3.62351E-1 4.03765E-1 3.09052E-1 2.3218E-1 2.2774E-1 3.02301E-1 1.78298E-1 3.32434E-1 3.26465E-1 3.80314E-1 5.49121E-1 5.69016E-1 5.92009E-1 6.0709E-1 5.41324E-1 6.24115E-1 4.23356E-1 3.6361E-1 4.31134E-1 3.87771E-1 4.35254E-1 6.88136E-1 5.23133E-1 6.68844E-1 6.55048E-1 5.28052E-1 6.49202E-1 5.54004E-1 4.66979E-1
1.74817E-1 1.48563E-1 1.47954E-1 1.19829E-1 1.24947E-1 2.0368E-1 1.43283E-1 1.43446E-1 1.9955E-1 1.66597E-1 1.8613E-1 2.11974E-1 2.17536E-1 1.55326E-1 1.78551E-1 2.34137E-1 2.42911E-1 2.00979E-1 2.05158E-1 2.02226E-1 2.13291E-1 2.3431E-1 2.33137E-1 2.56042E-1 2.78182E-1 2.72805E-1 2.46407E-1 2.05877E-1 1.97253E-1 1.78408E-1 1.75892E-1 2.50927E-1 4.11121E-1 4.1846E-1 4.06582E-1 3.4991E-1 3.6632E-1 2.70826E-1 2.62797E-1 2.13137E-1 2.74659E-1 2.70729E-1 3.97967E-1 5.50479E-1 5.58664E-1 5.18445E-1 4.29467E-1 4.24229E-1 5.24902E-1 6.02387E-1 4.46053E-1 3.80474E-1 6.55834E-1 5.74571E-1 5.83838E-1 5.75448E-1 6.39161E-1 4.53239E-1 5.41672E-1 5.43156E-1 3.10436E-1
1.68713E-1 1.45388E-1 1.52979E-1 1.13807E-1 1.12519E-1 1.54604E-1 1.55726E-1 1.45105E-1 2.29973E-1 2.27802E-1 1.52392E-1 2.11595E-1 1.49582E-1 1.61596E-1 1.85457E-1 2.62577E-1 2.72084E-1 2.41158E-1 2.19475E-1 2.23324E-1 1.89267E-1 2.16652E-1 2.27313E-1 2.42315E-1 2.4366E-1 2.60602E-1 2.668E-1 2.13066E-1 2.08873E-1 1.90315E-1 1.72E-1 2.15887E-1 3.32887E-1 4.33675E-1 3.1932E-1 2.46798E-1 4.08189E-1 2.59832E-1 2.69633E-1 2.46657E-1 2.63202E-1 3.96296E-1 4.22935E-1 3.7376E-1 4.07261E-1 4.67717E-1 3.59637E-1 3.61962E-1 3.4671E-1 5.17806E-1 4.74751E-1 4.08927E-1 4.44143E-1 4.65928E-1 6.25157E-1 5.02157E-1 5.9677E-1 4.71224E-1 3.48857E-1 3.03229E-1 3.24317E-1
-9999 -9999 -9999 -9999 1.05183E-1 1.44579E-1 1.34088E-1 2.33111E-1 1.43952E-1 1.90084E-1 1.71059E-1 1.26255E-1 2.18773E-1 2.43525E-1 1.96321E-1 2.30774E-1 2.96744E-1 2.59386E-1 2.52796E-1 2.07716E-1 1.8259E-1 2.00481E-1 2.11453E-1 2.22964E-1 2.42118E-1 2.48819E-1 2.38703E-1 2.26338E-1 2.30928E-1 1.83863E-1 1.66598E-1 3.33933E-1 2.72719E-1 2.55157E-1 3.31484E-1 2.2295E-1 3.08689E-1 3.43054E-1 2.90566E-1 2.73867E-1 4.23194E-1 3.69911E-1 2.80474E-1 3.79577E-1 3.15078E-1 3.47983E-1 3.54151E-1 3.92831E-1 5.52956E-1 4.51404E-1 5.48162E-1 5.14972E-1 5.73081E-1 5.63546E-1 5.63241E-1 5.36485E-1 3.61857E-1 3.67733E-1 4.11064E-1 3.57683E-1 2.35007E-1
-9999 -9999 -9999 -9999 -9999 -9999 -9999 -9999 -9999 1.88142E-1 1.61061E-1 1.36321E-1 2.8018E-1 4.60859E-1 2.03207E-1 1.95732E-1 2.7222E-1 2.50884E-1 2.24702E-1 2.0891E-1 1.74065E-1 2.02635E-1 2.22444E-1 2.20884E-1 2.34652E-1 2.52689E-1 4.13191E-1 2.22047E-1 2.07661E-1 1.77403E-1 1.62401E-1 2.14981E-1 2.65992E-1 2.08412E-1 2.91769E-1 2.69193E-1 4.55126E-1 3.59367E-1 4.89593E-1 4.21186E-1 3.82593E-1 2.77046E-1 2.97837E-1 3.06555E-1 3.95128E-1 4.32558E-1 4.44262E-1 3.50905E-1 4.76039E-1 5.61549E-1 4.6436E-1 5.52192E-1 4.81755E-1 5.63226E-1 3.58619E-1 3.8597E-1 4.51032E-1 2.44339E-1 3.80691E-1 3.51918E-1 2.63767E-1
-9999 -9999 -9999 -9999 -9999 -9999 -9999 -9999 -9999 -9999 -9999 -9999 -9999 2.76207E-1 1.73927E-1 2.09671E-1 2.50688E-1 2.38022E-1 2.24099E-1 2.02901E-1 2.08565E-1 2.09271E-1 2.19133E-1 2.03541E-1 2.344E-1 2.96655E-1 2.97384E-1 2.28491E-1 1.77216E-1 1.58691E-1 1.62541E-1 1.68811E-1 2.3324E-1 2.67495E-1 2.92137E-1 3.13917E-1 2.13179E-1 2.19681E-1 4.89512E-1 5.08284E-1 4.27218E-1 4.17229E-1 4.58042E-1 4.2239E-1 4.06484E-1 3.18482E-1 3.26332E-1 4.98441E-1 5.43672E-1 4.81417E-1 5.06342E-1 5.43005E-1 3.9714E-1 5.95172E-1 3.59142E-1 4.2048E-1 5.6298E-1 3.53423E-1 5.70153E-1 6.11737E-1 4.85573E-1
-9999 -9999 -9999 -9999 -9999 -9999 -9999 -9999 -9999 -9999 -9999 -9999 -9999 -9999 -9999 -9999 -9999 2.36962E-1 2.18324E-1 2.12542E-1 2.21053E-1 2.08076E-1 2.3768E-1 2.30806E-1 2.38687E-1 4.93261E-1 3.01888E-1 2.48846E-1 1.8967E-1 1.7153E-1 1.83869E-1 1.8079E-1 2.30272E-1 2.43876E-1 3.71022E-1 4.16723E-1 3.01292E-1 2.41674E-1 5.32788E-1 4.16216E-1 2.37049E-1 2.96948E-1 3.23778E-1 4.17933E-1 4.08123E-1 3.41838E-1 4.46296E-1 4.96827E-1 4.58737E-1 5.28475E-1 5.90121E-1 3.92578E-1 3.09988E-1 5.98578E-1 3.54438E-1 5.33332E-1 4.20853E-1 3.82131E-1 5.45133E-1 5.77362E-1 2.12301E-1
-9999 -9999 -9999 -9999 -9999 -9999 -9999 -9999 -9999 -9999 -9999 -9999 -9999 -9999 -9999 -9999 -9999 -9999 -9999 -9999 -9999 2.10966E-1 2.25517E-1 2.30304E-1 2.77854E-1 4.94705E-1 4.06948E-1 2.55696E-1 3.08684E-1 1.9463E-1 2.04042E-1 1.84101E-1 2.07861E-1 3.28063E-1 3.15304E-1 3.33608E-1 2.96238E-1 2.40063E-1 4.05731E-1 2.58985E-1 2.95136E-1 2.81014E-1 3.37489E-1 2.61313E-1 5.30785E-1 5.41856E-1 4.018E-1 5.93312E-1 3.89552E-1 5.31473E-1 6.03515E-1 4.50874E-1 3.42757E-1 6.14055E-1 4.28168E-1 6.27647E-1 5.09118E-1 3.46705E-1 6.00161E-1 6.08898E-1 2.06557E-1
-9999 -9999 -9999 -9999 -9999 -9999 -9999 -9999 -9999 -9999 -9999 -9999 -9999 -9999 -9999 -9999 -9999 -9999 -9999 -9999 -9999 -9999 -9999 -9999 -9999 2.51162E-1 2.94274E-1 2.8383E-1 3.12818E-1 2.06668E-1 3.51831E-1 2.97234E-1 2.57576E-1 3.149E-1 3.00916E-1 3.26412E-1 3.366E-1 2.29299E-1 2.86446E-1 2.74108E-1 3.0046E-1 3.07616E-1 3.27177E-1 2.41947E-1 3.00038E-1 3.44452E-1 4.45965E-1 3.87093E-1 2.83045E-1 5.35258E-1 5.61255E-1 4.62078E-1 3.13364E-1 4.98203E-1 5.35254E-1 5.32773E-1 5.60171E-1 3.42511E-1 4.69914E-1 5.91395E-1 4.82974E-1
-9999 -9999 -9999 -9999 -9999 -9999 -9999 -9999 -9999 -9999 -9999 -9999 -9999 -9999 -9999 -9999 -9999 -9999 -9999 -9999 -9999 -9999 -9999 -9999 -9999 -9999 -9999 -9999 -9999 -9999 3.77763E-1 2.35011E-1 2.63359E-1 3.61785E-1 3.85226E-1 2.81184E-1 2.87425E-1 2.93945E-1 2.90222E-1 2.92188E-1 3.39797E-1 3.20826E-1 3.099E-1 2.88322E-1 3.16327E-1 3.73522E-1 5.99426E-1 3.5197E-1 4.38861E-1 5.72831E-1 3.47244E-1 4.13621E-1 4.38691E-1 4.10123E-1 6.09265E-1 4.94081E-1 4.55614E-1 6.005E-1 5.56325E-1 4.83622E-1 5.75483E-1
-9999 -9999 -9999 -9999 -9999 -9999 -9999 -9999 -9999 -9999 -9999 -9999 -9999 -9999 -9999 -9999 -9999 -9999 -9999 -9999 -9999 -9999 -9999 -9999 -9999 -9999 -9999 -9999 -9999 -9999 -9999 -9999 -9999 -9999 2.93701E-1 2.84904E-1 2.81569E-1 2.73071E-1 2.55925E-1 4.35667E-1 3.1106E-1 2.91776E-1 3.61543E-1 3.33909E-1 4.00845E-1 4.00068E-1 5.72271E-1 4.60986E-1 6.01665E-1 5.70455E-1 4.13135E-1 4.18516E-1 4.59047E-1 4.12069E-1 6.20594E-1 5.66247E-1 5.70404E-1 3.78515E-1 4.51438E-1 4.97591E-1 6.22426E-1
-9999 -9999 -9999 -9999 -9999 -9999 -9999 -9999 -9999 -9999 -9999 -9999 -9999 -9999 -9999 -9999 -9999 -9999 -9999 -9999 -9999 -9999 -9999 -9999 -9999 -9999 -9999 -9999 -9999 -9999 -9999 -9999 -9999 -9999 -9999 -9999 -9999 -9999 2.92065E-1 3.31611E-1 3.01033E-1 3.18543E-1 3.52248E-1 2.79286E-1 3.4769E-1 3.56355E-1 4.2828E-1 3.76322E-1 4.77174E-1 5.21354E-1 5.5265E-1 5.99892E-1 6.1078E-1 6.1842E-1 5.98694E-1 6.16015E-1 5.31398E-1 5.55997E-1 3.75716E-1 5.76703E-1 4.18591E-1
-9999 -9999 -9999 -9999 -9999 -9999 -9999 -9999 -9999 -9999 -9999 -9999 -9999 -9999 -9999 -9999 -9999 -9999 -9999 -9999 -9999 -9999 -9999 -9999 -9999 -9999 -9999 -9999 -9999 -9999 -9999 -9999 -9999 -9999 -9999 -9999 -9999 -9999 -9999 -9999 -9999 -9999 3.13969E-1 3.10868E-1 3.15534E-1 3.63606E-1 3.22652E-1 4.52225E-1 5.35561E-1 3.22888E-1 5.77822E-1 5.42439E-1 4.72017E-1 5.7748E-1 5.5745E-1 5.87077E-1 5.68027E-1 5.51806E-1 4.11158E-1 3.98118E-1 3.79982E-1
-9999 -9999 -9999 -9999 -9999 -9999 -9999 -9999 -9999 -9999 -9999 -9999 -9999 -9999 -9999 -9999 -9999 -9999 -9999 -9999 -9999 -9999 -9999 -9999 -9999 -9999 -9999 -9999 -9999 -9999 -9999 -9999 -9999 -9999 -9999 -9999 -9999 -9999 -9999 -9999 -9999 -9999 -9999 -9999 -9999 -9999 3.28008E-1 4.41282E-1 5.72617E-1 5.12816E-1 5.66708E-1 5.1072E-1 5.78691E-1 5.60178E-1 6.10182E-1 5.64775E-1 5.79318E-1 4.68338E-1 6.19856E-1 3.93119E-1 3.84832E-1
-9999 -9999 -9999 -9999 -9999 -9999 -9999 -9999 -9999 -9999 -9999 -9999 -9999 -9999 -9999 -9999 -9999 -9999 -9999 -9999 -9999 -9999 -9999 -9999 -9999 -9999 -9999 -9999 -9999 -9999 -9999 -9999 -9999 -9999 -9999 -9999 -9999 -9999 -9999 -9999 -9999 -9999 -9999 -9999 -9999 -9999 -9999 -9999 -9999 -9999 -9999 4.78925E-1 5.31763E-1 5.91732E-1 5.34482E-1 5.0281E-1 5.45007E-1 5.759E-1 3.68576E-1 5.06797E-1 4.42395E-1
-9999 -9999 -9999 -9999 -9999 -9999 -9999 -9999 -9999 -9999 -9999 -9999 -9999 -9999 -9999 -9999 -9999 -9999 -9999 -9999 -9999 -9999 -9999 -9999 -9999 -9999 -9999 -9999 -9999 -9999 -9999 -9999 -9999 -9999 -9999 -9999 -9999 -9999 -9999 -9999 -9999 -9999 -9999 -9999 -9999 -9999 -9999 -9999 -9999 -9999 -9999 -9999 -9999 -9999 -9999 5.54985E-1 4.87483E-1 4.08283E-1 5.00138E-1 5.24775E-1 5.78257E-1
