Final_Models_July82022/M_0.1_F_lqp_Set_1/Bison_4.asc
ncols         290
nrows         380
xllcorner     -2197417.7431653
yllcorner     -584827.01486885
cellsize      10000.0
NODATA_value  -9999
[rows 189 to 215 of 380, columns 122 to 182 of 290]
2.36236E-1 2.27415E-1 2.83568E-1 2.18952E-1 2.66425E-1 1.8963E-1 2.14789E-1 1.99314E-1 1.94114E-1 1.78439E-1 1.90219E-1 2.42128E-1 2.20476E-1 2.1948E-1 2.15788E-1 2.61949E-1 2.80116E-1 3.43111E-1 2.67725E-1 2.1823E-1 2.50662E-1 2.76062E-1 2.32975E-1 2.37099E-1 2.18615E-1 2.43572E-1 2.29883E-1 2.25591E-1 2.23672E-1 2.51148E-1 2.46763E-1 2.132E-1 2.45489E-1 1.88688E-1 2.61713E-1 2.40831E-1 2.31157E-1 1.8853E-1 1.89985E-1 2.46169E-1 2.1605E-1 1.84168E-1 1.98082E-1 2.01144E-1 1.88789E-1 1.8553E-1 1.7964E-1 1.72415E-1 1.66808E-1 2.10968E-1 2.00745E-1 1.67259E-1 1.67646E-1 2.27392E-1 1.21683E-1 1.2436E-1 1.41194E-1 1.77506E-1 1.53021E-1 1.42475E-1 1.30107E-1
2.679E-1 2.60268E-1 2.51753E-1 2.06352E-1 3.01604E-1 1.99854E-1 2.14762E-1 2.33301E-1 2.10273E-1 1.87743E-1 2.42585E-1 2.00604E-1 2.33526E-1 2.23183E-1 2.0759E-1 2.63599E-1 2.34189E-1 1.94327E-1 2.55796E-1 2.7911E-1 3.22598E-1 3.20444E-1 3.39239E-1 2.40672E-1 2.33397E-1 2.49655E-1 1.93891E-1 2.33609E-1 1.80414E-1 2.36219E-1 2.60648E-1 2.35165E-1 2.26646E-1 2.73096E-1 2.25759E-1 2.35166E-1 2.72059E-1 2.01742E-1 1.79908E-1 2.03663E-1 1.98027E-1 1.94341E-1 2.34457E-1 1.50074E-1 1.4671E-1 1.89411E-1 1.78431E-1 1.79828E-1 1.73563E-1 1.70239E-1 2.05572E-1 1.7023E-1 1.75982E-1 1.47005E-1 1.40964E-1 1.20963E-1 1.21091E-1 1.4722E-1 1.40419E-1 1.26366E-1 1.19616E-1
2.77745E-1 1.65412E-1 2.27467E-1 2.57237E-1 2.33459E-1 2.27873E-1 2.13407E-1 2.55841E-1 1.96735E-1 1.84925E-1 1.92923E-1 2.10188E-1 1.90822E-1 2.04498E-1 2.8531E-1 2.68259E-1 2.4995E-1 2.5746E-1 2.4789E-1 2.64641E-1 2.55799E-1 3.01155E-1 3.00769E-1 2.17625E-1 2.06184E-1 2.02312E-1 2.599E-1 2.55299E-1 2.45389E-1 1.86591E-1 2.31048E-1 2.18834E-1 2.17002E-1 2.3864E-1 1.88999E-1 2.10323E-1 2.14096E-1 2.15395E-1 1.59066E-1 1.67217E-1 1.91465E-1 2.05135E-1 1.93336E-1 1.5364E-1 1.45042E-1 1.98305E-1 1.92072E-1 1.85375E-1 1.65888E-1 1.58428E-1 1.77183E-1 1.3031E-1 1.66545E-1 1.76573E-1 1.50518E-1 1.31339E-1 1.34402E-1 1.2974E-1 1.11156E-1 9.74626E-2 1.19545E-1
2.0405E-1 1.90229E-1 2.39406E-1 2.78085E-1 2.32242E-1 2.02854E-1 2.01298E-1 1.88201E-1 2.03813E-1 1.80913E-1 1.93997E-1 2.506E-1 2.34708E-1 2.13555E-1 2.66376E-1 2.8224E-1 3.42537E-1 4.02964E-1 2.27333E-1 3.27073E-1 3.04616E-1 3.19058E-1 2.29454E-1 2.16755E-1 1.87503E-1 2.56266E-1 2.90406E-1 3.25729E-1 2.67496E-1 2.15805E-1 2.09876E-1 2.31716E-1 2.24991E-1 2.33251E-1 2.11062E-1 2.47585E-1 2.25914E-1 2.12071E-1 1.54255E-1 1.90533E-1 2.14365E-1 1.8027E-1 2.16182E-1 1.56548E-1 1.39497E-1 2.02412E-1 1.89279E-1 1.95128E-1 1.85771E-1 1.77188E-1 1.76603E-1 1.70856E-1 1.57438E-1 1.57898E-1 1.59804E-1 1.4796E-1 1.58224E-1 1.31353E-1 1.34286E-1 1.13964E-1 1.1717E-1
1.71335E-1 1.43349E-1 1.61149E-1 1.81386E-1 2.64694E-1 2.16473E-1 1.96927E-1 1.78191E-1 1.82078E-1 1.91205E-1 1.86569E-1 2.16544E-1 2.1521E-1 2.50291E-1 2.55625E-1 2.46426E-1 3.82176E-1 3.93893E-1 2.32078E-1 3.2487E-1 2.19683E-1 2.37656E-1 2.45682E-1 2.08424E-1 2.33869E-1 2.55281E-1 3.6617E-1 2.3884E-1 2.34587E-1 2.17898E-1 2.54213E-1 2.49275E-1 2.31353E-1 2.5333E-1 2.27504E-1 2.70378E-1 2.40137E-1 2.26069E-1 1.6903E-1 2.14392E-1 2.06507E-1 2.14478E-1 2.23428E-1 2.65355E-1 1.51832E-1 2.13721E-1 2.07336E-1 1.96676E-1 1.83249E-1 2.24265E-1 1.76992E-1 1.78592E-1 1.73728E-1 1.64565E-1 1.68856E-1 1.46117E-1 1.57416E-1 1.21499E-1 1.40177E-1 1.35343E-1 1.30735E-1
1.9408E-1 2.19725E-1 2.27292E-1 1.53142E-1 1.51262E-1 2.10678E-1 1.8972E-1 1.78474E-1 1.63468E-1 1.95708E-1 1.65428E-1 1.91358E-1 2.09843E-1 2.35286E-1 2.47343E-1 2.55249E-1 3.59897E-1 3.51442E-1 2.93194E-1 4.58713E-1 1.88464E-1 1.82198E-1 2.75391E-1 2.84395E-1 2.79567E-1 1.90722E-1 2.77241E-1 2.07876E-1 2.01679E-1 2.40104E-1 2.6705E-1 2.41457E-1 3.19772E-1 2.64481E-1 2.70838E-1 2.18267E-1 2.34686E-1 2.11539E-1 2.37057E-1 1.67904E-1 2.09238E-1 2.26509E-1 2.13159E-1 2.28691E-1 2.2028E-1 2.00948E-1 2.0264E-1 1.94099E-1 1.91156E-1 1.83634E-1 1.65254E-1 2.59125E-1 2.6588E-1 1.8074E-1 1.71755E-1 1.60155E-1 2.15342E-1 1.57944E-1 1.36337E-1 1.27663E-1 1.17114E-1
2.19808E-1 1.95447E-1 2.29622E-1 2.18385E-1 1.50548E-1 1.334E-1 1.76423E-1 1.75848E-1 2.36063E-1 2.32925E-1 1.63309E-1 1.67458E-1 1.75759E-1 1.89876E-1 2.13848E-1 2.92835E-1 3.05628E-1 3.83117E-1 3.22278E-1 3.04857E-1 2.34898E-1 1.81497E-1 2.23624E-1 3.56596E-1 2.79852E-1 2.67745E-1 2.18536E-1 2.27108E-1 2.44319E-1 2.45151E-1 2.49392E-1 2.50168E-1 2.50961E-1 2.89497E-1 2.52833E-1 2.37901E-1 2.28146E-1 2.2239E-1 2.09592E-1 1.68623E-1 2.10019E-1 1.49405E-1 1.79426E-1 2.76959E-1 2.12558E-1 1.55982E-1 1.40276E-1 1.59195E-1 1.69361E-1 2.02999E-1 1.67562E-1 3.33987E-1 2.20854E-1 1.77051E-1 1.47005E-1 1.57183E-1 2.5375E-1 1.54456E-1 1.43782E-1 2.58572E-1 2.46505E-1
3.83572E-1 2.24622E-1 1.91513E-1 1.85248E-1 1.68024E-1 1.69377E-1 1.93339E-1 1.55458E-1 1.70061E-1 1.56754E-1 1.57972E-1 2.18913E-1 1.90526E-1 2.14256E-1 2.06797E-1 2.45286E-1 3.59287E-1 3.02221E-1 2.3687E-1 2.22815E-1 2.25461E-1 1.96363E-1 2.66946E-1 2.46934E-1 2.54886E-1 2.62812E-1 2.45233E-1 2.3464E-1 2.47067E-1 2.15074E-1 2.63941E-1 2.48701E-1 2.53918E-1 2.3803E-1 2.17973E-1 2.49275E-1 2.03129E-1 2.05585E-1 2.01597E-1 2.16504E-1 2.24181E-1 1.78474E-1 1.69161E-1 2.12272E-1 1.77955E-1 1.48604E-1 1.99565E-1 2.08682E-1 1.69656E-1 2.03505E-1 1.92209E-1 1.67148E-1 1.85161E-1 1.77789E-1 1.71316E-1 1.72771E-1 1.74394E-1 1.44871E-1 2.0478E-1 1.12431E-1 1.80285E-1
4.49419E-1 1.95463E-1 2.37091E-1 2.38888E-1 2.6428E-1 1.74751E-1 1.61022E-1 1.65197E-1 1.63937E-1 1.65277E-1 1.71995E-1 1.59213E-1 1.66418E-1 2.83138E-1 2.36243E-1 2.42656E-1 3.48972E-1 3.06732E-1 2.60263E-1 2.63221E-1 2.27269E-1 2.82599E-1 2.03732E-1 1.81138E-1 2.25887E-1 2.19759E-1 2.71279E-1 2.55101E-1 3.02081E-1 2.72401E-1 3.31382E-1 2.79559E-1 2.53638E-1 2.35622E-1 2.15663E-1 2.36175E-1 2.0219E-1 1.98196E-1 2.21871E-1 2.33942E-1 2.14574E-1 2.72465E-1 2.41325E-1 2.00929E-1 2.22523E-1 1.60008E-1 2.26545E-1 2.11353E-1 1.76531E-1 1.8102E-1 1.94556E-1 2.11901E-1 2.09896E-1 1.73678E-1 1.71814E-1 1.66801E-1 1.65258E-1 1.37161E-1 1.35096E-1 2.33548E-1 1.51013E-1
2.84403E-1 1.32995E-1 1.3655E-1 2.37184E-1 2.88969E-1 3.181E-1 2.24236E-1 2.03624E-1 1.99917E-1 1.94552E-1 1.995E-1 2.17834E-1 2.14844E-1 3.27365E-1 2.94465E-1 2.19955E-1 2.63513E-1 3.45028E-1 2.56065E-1 2.46245E-1 2.44477E-1 2.63589E-1 2.72067E-1 1.76299E-1 3.24731E-1 1.6993E-1 2.35295E-1 3.11086E-1 3.52411E-1 3.25655E-1 2.72514E-1 2.60968E-1 2.68658E-1 2.46949E-1 2.67281E-1 2.07035E-1 2.55475E-1 2.3729E-1 2.36119E-1 2.25456E-1 2.0853E-1 2.11337E-1 2.40433E-1 1.97645E-1 2.19425E-1 2.33067E-1 2.70318E-1 2.14281E-1 2.21945E-1 2.14307E-1 1.97475E-1 1.92367E-1 2.13079E-1 2.49137E-1 1.89074E-1 1.76845E-1 1.44894E-1 1.40876E-1 1.43564E-1 1.36433E-1 1.33552E-1
1.21839E-1 1.09131E-1 1.61426E-1 1.77872E-1 1.63062E-1 2.49226E-1 2.6128E-1 2.37274E-1 2.42943E-1 2.2926E-1 1.97476E-1 1.98197E-1 2.38264E-1 2.91537E-1 4.06773E-1 2.89702E-1 2.81057E-1 3.18312E-1 2.80678E-1 2.72095E-1 2.45276E-1 2.36138E-1 3.08224E-1 3.09812E-1 2.25763E-1 2.05547E-1 1.69876E-1 2.28662E-1 2.69483E-1 3.0309E-1 2.50755E-1 2.57309E-1 2.20848E-1 2.24438E-1 2.43778E-1 2.07012E-1 2.15037E-1 2.33454E-1 2.3859E-1 2.92327E-1 2.39486E-1 2.61903E-1 2.48802E-1 2.39549E-1 2.41495E-1 2.36898E-1 2.46084E-1 2.42521E-1 2.09979E-1 2.06747E-1 1.88869E-1 1.69571E-1 1.83555E-1 2.04009E-1 2.0247E-1 1.78464E-1 1.85105E-1 1.72235E-1 1.66208E-1 1.55328E-1 1.32265E-1
1.32951E-1 1.10356E-1 2.41125E-1 2.16265E-1 1.6961E-1 2.95806E-1 2.62686E-1 2.86795E-1 3.08801E-1 3.31549E-1 2.53315E-1 2.07006E-1 2.60521E-1 2.39638E-1 2.51491E-1 2.41113E-1 3.07455E-1 3.60844E-1 3.94977E-1 3.18621E-1 2.59851E-1 2.71572E-1 2.77979E-1 3.02563E-1 3.02164E-1 2.81508E-1 2.52141E-1 2.45588E-1 2.64403E-1 2.62195E-1 2.23808E-1 2.84389E-1 2.96895E-1 2.21855E-1 2.34511E-1 2.17853E-1 2.21315E-1 2.1796E-1 2.96339E-1 2.43917E-1 2.37345E-1 2.32742E-1 2.60704E-1 2.48484E-1 2.8805E-1 2.83797E-1 2.2612E-1 2.4571E-1 2.539E-1 2.1084E-1 2.0161E-1 1.80177E-1 1.81323E-1 1.79408E-1 2.20854E-1 1.98533E-1 1.92256E-1 1.89443E-1 1.91181E-1 1.79275E-1 1.74641E-1
1.37852E-1 1.39767E-1 1.86173E-1 2.47467E-1 2.27538E-1 2.90842E-1 2.47684E-1 2.76433E-1 2.9229E-1 2.68269E-1 2.09824E-1 2.17217E-1 2.0757E-1 2.71304E-1 2.94567E-1 3.57892E-1 3.4068E-1 4.15789E-1 3.90641E-1 3.63036E-1 2.81295E-1 3.39845E-1 2.78002E-1 2.69893E-1 2.7373E-1 2.53509E-1 2.33654E-1 2.34946E-1 2.23617E-1 2.46441E-1 2.62586E-1 2.69006E-1 2.41744E-1 2.0564E-1 2.00454E-1 2.34155E-1 2.59558E-1 2.33785E-1 2.56732E-1 2.56779E-1 2.31458E-1 2.67692E-1 2.6029E-1 3.10881E-1 2.60272E-1 2.76107E-1 2.44874E-1 2.47839E-1 2.29993E-1 2.3234E-1 1.94335E-1 2.01676E-1 1.93156E-1 1.70541E-1 1.77868E-1 1.81302E-1 1.99592E-1 1.83038E-1 1.84354E-1 1.73749E-1 1.70472E-1
1.32873E-1 3.05297E-1 1.93829E-1 1.53399E-1 1.87106E-1 2.34513E-1 2.92279E-1 2.6574E-1 4.26948E-1 2.25424E-1 2.22091E-1 2.29674E-1 2.68804E-1 2.1079E-1 2.37618E-1 2.8707E-1 3.98898E-1 5.04777E-1 5.84713E-1 2.68582E-1 2.53395E-1 2.61044E-1 2.46139E-1 2.48119E-1 2.76546E-1 2.7234E-1 2.26933E-1 2.52904E-1 2.66983E-1 2.41191E-1 2.99282E-1 2.53763E-1 2.58795E-1 2.29452E-1 2.07898E-1 2.20847E-1 2.64199E-1 2.34415E-1 2.45834E-1 2.20341E-1 3.00512E-1 2.83707E-1 2.99377E-1 3.03932E-1 3.01389E-1 2.94151E-1 2.60078E-1 2.60974E-1 2.33937E-1 2.53297E-1 1.842E-1 2.07986E-1 2.13247E-1 1.93553E-1 2.10114E-1 1.97118E-1 1.91187E-1 1.85531E-1 1.63521E-1 1.55773E-1 1.43667E-1
1.59531E-1 1.94583E-1 1.477E-1 1.64248E-1 1.49314E-1 1.98011E-1 2.95688E-1 2.49346E-1 2.3023E-1 1.898E-1 2.13838E-1 3.03877E-1 4.85017E-1 3.74978E-1 4.23271E-1 2.85256E-1 3.2501E-1 3.90611E-1 4.53141E-1 3.69419E-1 2.73967E-1 2.56186E-1 2.73385E-1 2.43724E-1 2.5379E-1 2.68587E-1 2.50922E-1 2.79495E-1 2.39605E-1 2.42701E-1 2.75215E-1 2.64033E-1 2.28648E-1 2.63771E-1 2.09105E-1 2.13224E-1 2.64678E-1 2.12274E-1 2.38005E-1 2.26611E-1 2.66174E-1 2.59562E-1 2.52005E-1 2.49385E-1 2.4696E-1 2.476E-1 2.34851E-1 2.28718E-1 2.42559E-1 2.44572E-1 2.02803E-1 2.14536E-1 1.91214E-1 1.73688E-1 1.88004E-1 2.09644E-1 2.05388E-1 1.84582E-1 1.54885E-1 1.70941E-1 1.63815E-1
1.69833E-1 1.61631E-1 1.76341E-1 1.76338E-1 1.82316E-1 3.17733E-1 3.40871E-1 3.83361E-1 2.86182E-1 1.99061E-1 4.45771E-1 5.42249E-1 5.77392E-1 6.01999E-1 5.55495E-1 5.29818E-1 4.1958E-1 4.07873E-1 3.90351E-1 3.96317E-1 3.0341E-1 3.00769E-1 3.03917E-1 2.8551E-1 2.83555E-1 2.81077E-1 2.8572E-1 2.5984E-1 2.46385E-1 2.36686E-1 2.4812E-1 2.46534E-1 2.50106E-1 2.79888E-1 2.4556E-1 2.31689E-1 2.53593E-1 2.11523E-1 2.37253E-1 2.41199E-1 2.7556E-1 2.82118E-1 2.59227E-1 2.72246E-1 2.71216E-1 2.52783E-1 2.44113E-1 2.49046E-1 2.57007E-1 2.22561E-1 1.95476E-1 2.15603E-1 1.90095E-1 2.0732E-1 2.01994E-1 1.96243E-1 2.1618E-1 1.94611E-1 1.90345E-1 1.75952E-1 1.85714E-1
1.96761E-1 1.51898E-1 1.63284E-1 1.62881E-1 1.7648E-1 2.46444E-1 5.37207E-1 5.57296E-1 2.2681E-1 2.27715E-1 4.61808E-1 5.74707E-1 5.67008E-1 5.52618E-1 4.72085E-1 5.13949E-1 5.83135E-1 5.429E-1 5.99742E-1 2.98377E-1 5.07272E-1 4.94898E-1 3.09385E-1 3.03563E-1 2.90026E-1 2.36533E-1 2.86152E-1 2.53886E-1 2.66467E-1 2.72596E-1 2.75589E-1 2.55586E-1 2.28296E-1 3.47729E-1 3.04939E-1 2.80707E-1 3.44229E-1 2.04134E-1 2.45764E-1 2.15974E-1 2.60751E-1 2.51423E-1 2.67063E-1 2.70945E-1 2.4514E-1 2.26713E-1 3.2503E-1 2.40834E-1 2.56805E-1 2.86335E-1 2.25185E-1 2.36214E-1 2.43552E-1 2.29896E-1 2.07969E-1 2.56056E-1 2.01834E-1 2.05094E-1 1.79412E-1 1.97522E-1 1.80135E-1
1.59315E-1 1.49244E-1 1.78257E-1 2.3016E-1 2.55074E-1 2.8669E-1 5.27094E-1 5.70082E-1 3.38545E-1 2.42801E-1 6.21433E-1 5.54714E-1 6.19868E-1 5.70523E-1 5.9503E-1 6.13107E-1 5.82273E-1 6.11059E-1 6.24092E-1 5.64133E-1 3.55174E-1 4.63515E-1 3.47763E-1 2.90855E-1 2.69615E-1 2.35462E-1 2.69705E-1 2.71563E-1 2.86474E-1 2.7353E-1 2.51493E-1 2.54434E-1 2.58342E-1 2.51549E-1 3.12762E-1 2.62341E-1 2.43309E-1 2.65108E-1 2.60703E-1 2.50044E-1 2.50211E-1 2.74745E-1 2.96393E-1 2.5914E-1 2.77861E-1 3.10652E-1 2.91941E-1 2.56771E-1 2.83296E-1 3.10982E-1 2.13485E-1 2.27155E-1 2.78078E-1 2.29949E-1 2.14197E-1 2.04385E-1 2.11926E-1 2.26823E-1 2.0391E-1 1.84347E-1 1.58401E-1
1.92121E-1 3.01335E-1 5.41641E-1 4.46135E-1 2.52186E-1 3.95641E-1 5.67686E-1 5.63293E-1 6.19619E-1 4.87223E-1 5.59253E-1 5.88005E-1 5.91318E-1 4.88807E-1 5.53196E-1 5.79618E-1 4.22222E-1 3.95115E-1 6.16587E-1 5.5798E-1 5.99221E-1 4.22213E-1 3.11012E-1 3.08029E-1 3.13068E-1 2.95671E-1 2.59462E-1 2.65804E-1 2.86218E-1 2.85262E-1 2.55841E-1 2.46673E-1 2.46407E-1 3.11391E-1 2.51571E-1 1.8729E-1 2.43357E-1 2.88225E-1 3.0271E-1 2.60314E-1 2.68349E-1 2.70279E-1 2.95137E-1 2.42774E-1 2.50236E-1 2.21582E-1 2.81226E-1 3.25249E-1 2.76755E-1 2.33987E-1 2.4069E-1 2.19478E-1 2.66285E-1 2.37998E-1 2.2431E-1 2.36445E-1 2.49351E-1 2.22923E-1 1.97957E-1 1.72131E-1 1.7499E-1
4.98737E-1 5.79517E-1 5.49393E-1 4.88573E-1 5.31303E-1 5.31692E-1 4.89447E-1 4.47781E-1 5.01428E-1 5.22226E-1 5.53028E-1 5.09861E-1 5.76882E-1 5.68452E-1 4.99359E-1 4.02667E-1 3.15642E-1 5.19962E-1 5.85278E-1 6.48322E-1 6.39693E-1 3.95111E-1 3.43041E-1 2.98591E-1 3.12801E-1 2.76397E-1 2.87165E-1 3.1674E-1 3.17512E-1 3.11713E-1 2.59796E-1 2.51425E-1 2.91849E-1 2.92396E-1 3.06704E-1 3.0318E-1 4.05466E-1 2.88688E-1 2.73524E-1 2.57295E-1 2.57534E-1 2.50073E-1 2.51352E-1 2.30799E-1 2.91233E-1 2.56852E-1 2.65082E-1 2.47464E-1 2.52375E-1 2.79235E-1 2.8895E-1 2.74967E-1 2.78182E-1 2.33051E-1 3.09554E-1 2.16611E-1 2.18989E-1 2.85757E-1 2.27924E-1 1.93591E-1 1.60807E-1
4.83125E-1 3.61279E-1 5.88114E-1 6.2043E-1 4.77523E-1 3.66238E-1 3.66707E-1 3.68441E-1 5.82666E-1 6.02535E-1 6.04905E-1 4.14077E-1 4.0149E-1 5.98114E-1 4.49269E-1 2.38305E-1 3.2841E-1 3.83608E-1 3.50315E-1 4.53125E-1 6.67827E-1 6.37287E-1 5.06796E-1 3.58964E-1 2.87716E-1 2.91504E-1 2.72477E-1 4.05877E-1 3.07176E-1 3.3918E-1 2.8054E-1 2.95959E-1 2.9428E-1 2.55527E-1 2.65306E-1 2.79546E-1 2.89701E-1 2.74101E-1 2.55337E-1 2.24584E-1 2.52733E-1 2.42818E-1 2.28478E-1 2.10623E-1 2.75265E-1 2.52682E-1 2.69981E-1 2.56643E-1 2.53131E-1 2.85919E-1 2.31761E-1 2.51187E-1 2.19779E-1 2.59985E-1 2.0628E-1 1.94989E-1 2.11227E-1 2.33798E-1 2.21813E-1 1.99517E-1 1.64104E-1
6.06658E-1 5.61041E-1 6.21785E-1 5.33651E-1 4.38242E-1 3.59812E-1 3.36145E-1 3.55238E-1 4.30915E-1 3.85776E-1 6.32159E-1 5.67237E-1 5.97922E-1 4.64604E-1 5.29145E-1 5.60293E-1 2.86527E-1 2.87572E-1 3.14533E-1 4.74445E-1 4.52588E-1 6.37934E-1 6.16477E-1 5.80036E-1 3.29183E-1 4.25296E-1 6.30688E-1 6.16563E-1 4.0857E-1 3.82173E-1 3.95766E-1 3.23908E-1 3.06935E-1 3.16827E-1 3.05382E-1 2.4471E-1 2.6993E-1 2.76854E-1 2.80987E-1 2.62997E-1 2.34684E-1 2.48126E-1 2.28781E-1 2.13929E-1 2.79938E-1 3.22927E-1 2.71522E-1 2.84027E-1 3.51874E-1 2.87525E-1 2.02828E-1 2.21987E-1 2.48015E-1 2.46664E-1 2.37989E-1 2.27375E-1 2.01544E-1 2.16211E-1 2.14605E-1 2.12824E-1 2.07646E-1
5.46195E-1 6.34236E-1 5.43707E-1 4.71663E-1 4.0108E-1 3.86309E-1 3.71852E-1 3.73053E-1 3.88778E-1 5.949E-1 6.36368E-1 5.79009E-1 3.9263E-1 4.62559E-1 5.64899E-1 4.79592E-1 3.85261E-1 3.14189E-1 3.51601E-1 3.73106E-1 4.87749E-1 4.75739E-1 5.74679E-1 6.51695E-1 6.27614E-1 5.87091E-1 6.07005E-1 5.0307E-1 6.14E-1 5.02237E-1 4.64171E-1 3.5363E-1 2.54894E-1 3.01425E-1 3.02199E-1 2.65699E-1 2.86803E-1 2.68834E-1 2.5947E-1 2.56448E-1 2.68686E-1 2.59333E-1 2.71913E-1 2.71514E-1 2.78747E-1 2.62552E-1 2.67765E-1 2.96381E-1 3.38494E-1 2.62018E-1 2.23053E-1 1.93555E-1 2.91962E-1 2.55111E-1 2.43407E-1 2.50172E-1 2.29066E-1 2.03505E-1 2.24145E-1 2.23146E-1 2.28702E-1
5.06403E-1 5.65051E-1 4.66848E-1 4.67922E-1 4.86198E-1 4.29245E-1 3.85118E-1 3.90081E-1 3.94706E-1 5.44696E-1 6.41492E-1 4.16176E-1 3.59968E-1 4.07012E-1 4.41677E-1 6.51619E-1 6.52782E-1 5.18974E-1 4.56014E-1 2.76009E-1 5.65456E-1 6.30251E-1 6.17664E-1 5.47835E-1 5.30611E-1 6.35962E-1 5.54869E-1 5.09139E-1 5.75155E-1 6.29324E-1 5.84603E-1 6.08746E-1 4.12702E-1 3.25844E-1 5.07011E-1 3.27088E-1 3.32805E-1 2.87105E-1 2.91784E-1 2.82544E-1 2.45864E-1 2.76785E-1 2.64616E-1 2.50464E-1 2.47323E-1 2.59867E-1 2.70194E-1 2.87883E-1 2.70034E-1 2.83545E-1 2.69884E-1 2.94317E-1 2.64318E-1 1.85627E-1 2.67605E-1 1.88614E-1 1.9705E-1 2.24019E-1 2.08303E-1 2.41516E-1 1.69213E-1
4.76882E-1 4.56439E-1 5.27139E-1 5.5553E-1 6.15081E-1 6.38264E-1 5.37265E-1 4.11796E-1 3.93005E-1 4.76609E-1 6.46362E-1 6.14054E-1 3.83892E-1 3.90682E-1 4.13964E-1 5.35986E-1 5.90548E-1 6.53141E-1 6.75537E-1 6.35844E-1 5.92742E-1 6.13231E-1 6.35508E-1 4.84123E-1 4.24711E-1 5.68983E-1 5.52585E-1 5.05924E-1 3.8287E-1 4.27607E-1 6.26115E-1 6.21621E-1 5.13936E-1 5.97778E-1 5.81765E-1 6.0449E-1 5.42757E-1 5.64324E-1 3.9323E-1 2.89313E-1 3.31403E-1 2.88046E-1 3.05034E-1 3.20465E-1 2.59394E-1 2.45005E-1 2.41056E-1 2.79493E-1 2.72165E-1 2.88833E-1 2.9584E-1 2.93869E-1 2.47411E-1 2.42642E-1 2.4387E-1 2.06348E-1 2.08802E-1 2.0586E-1 2.18802E-1 2.09405E-1 2.26808E-1
6.09059E-1 5.32572E-1 5.78778E-1 5.20725E-1 6.32635E-1 6.42147E-1 4.42043E-1 4.59811E-1 4.53997E-1 4.56396E-1 6.72419E-1 5.20293E-1 4.33141E-1 4.68422E-1 4.64903E-1 4.44937E-1 5.21806E-1 6.81065E-1 6.68686E-1 6.04138E-1 6.15671E-1 5.57344E-1 6.28726E-1 4.85691E-1 4.20513E-1 6.28228E-1 6.3574E-1 6.70743E-1 6.52255E-1 6.47793E-1 6.39906E-1 5.60468E-1 4.73404E-1 5.4643E-1 5.58364E-1 4.7098E-1 6.03033E-1 4.94478E-1 5.37958E-1 5.27422E-1 5.45662E-1 5.10501E-1 4.7638E-1 2.76072E-1 2.78429E-1 2.45956E-1 2.95377E-1 2.93547E-1 3.23722E-1 2.85952E-1 3.30631E-1 3.32649E-1 3.02078E-1 3.09416E-1 2.36789E-1 2.28068E-1 2.16046E-1 2.03334E-1 2.1257E-1 2.42287E-1 2.5345E-1
4.80517E-1 5.17321E-1 4.8501E-1 6.12448E-1 5.81046E-1 6.50517E-1 4.64948E-1 4.60131E-1 4.72694E-1 4.80777E-1 6.07851E-1 5.76898E-1 6.95462E-1 5.17505E-1 6.18295E-1 6.83401E-1 6.68667E-1 5.03175E-1 5.93117E-1 5.57987E-1 6.49435E-1 6.36304E-1 4.68541E-1 5.69609E-1 4.65961E-1 6.97051E-1 6.82228E-1 6.38803E-1 5.09898E-1 4.8428E-1 5.00154E-1 3.47024E-1 3.01196E-1 5.27687E-1 4.70272E-1 3.21756E-1 3.48723E-1 4.98226E-1 5.6257E-1 4.9113E-1 4.70268E-1 5.33458E-1 5.57421E-1 4.0437E-1 4.21673E-1 3.82403E-1 3.57789E-1 3.15873E-1 4.33929E-1 3.09084E-1 2.94158E-1 2.93521E-1 3.23297E-1 2.51875E-1 2.38966E-1 2.40041E-1 2.1429E-1 2.27189E-1 2.20266E-1 1.95804E-1 2.28849E-1
