Final_Models_July82022/M_0.1_F_lqp_Set_1/Bison_avg.asc
ncols         290
nrows         380
xllcorner     -2197417.7431653
yllcorner     -584827.01486885
cellsize      10000.0
NODATA_value  -9999
[rows 324 to 350 of 380, columns 122 to 182 of 290]
7.80781E-1 6.5535E-1 4.93841E-1 4.34744E-1 4.62521E-1 4.51367E-1 2.19749E-1 2.0038E-1 1.3582E-1 3.36736E-2 7.8692E-3 4.71133E-3 1.01795E-1 3.20532E-1 2.09467E-1 4.18953E-1 2.35115E-1 4.06228E-1 1.33203E-1 6.98115E-2 1.30068E-1 3.26323E-1 4.32542E-1 4.79858E-1 6.6533E-1 6.57141E-1 5.14255E-1 5.56925E-1 5.75949E-1 6.41076E-1 6.98067E-1 7.67262E-1 7.44985E-1 7.85075E-1 6.69303E-1 5.89686E-1 5.70848E-1 6.61096E-1 4.04148E-1 4.68219E-1 1.50578E-1 3.33858E-1 4.29253E-1 4.98394E-1 4.38016E-1 4.54531E-1 4.49966E-1 4.29509E-1 4.8875E-1 4.46389E-1 5.38631E-1 4.87541E-1 4.57353E-1 4.70896E-1 5.25304E-1 4.81462E-1 5.34046E-1 4.61872E-1 4.9412E-1 6.49077E-1 6.2396E-1
7.34568E-1 7.67238E-1 6.44353E-1 6.10157E-1 5.53099E-1 7.13445E-1 6.64335E-1 6.64928E-1 1.73823E-1 1.83178E-2 6.05896E-3 2.66733E-3 3.15861E-2 1.18898E-1 1.36649E-1 2.13811E-1 1.84361E-1 2.17384E-1 1.35245E-1 1.99218E-1 3.93505E-1 4.31326E-1 3.62758E-1 5.31394E-1 7.29533E-1 6.2849E-1 6.535E-1 6.96841E-1 7.15334E-1 3.92038E-1 5.90204E-1 7.48066E-1 7.73463E-1 7.88391E-1 6.57705E-1 5.87205E-1 5.53477E-1 6.96301E-1 3.92943E-1 5.32435E-1 5.57681E-1 2.46345E-1 6.44934E-1 4.90096E-1 5.43664E-1 4.48502E-1 4.61973E-1 4.67065E-1 4.88204E-1 6.35157E-1 5.86086E-1 4.89458E-1 4.48636E-1 4.74199E-1 5.49844E-1 4.8147E-1 5.33655E-1 5.70462E-1 5.98332E-1 6.74487E-1 6.48526E-1
7.71742E-1 7.58778E-1 7.56771E-1 7.02793E-1 7.24504E-1 6.98472E-1 5.79828E-1 5.73451E-1 4.48207E-1 2.38685E-2 1.19183E-3 4.29716E-3 3.09725E-2 2.91082E-1 2.17215E-1 2.35033E-1 2.02945E-1 3.92629E-1 2.77725E-1 3.24403E-1 5.30969E-1 2.5514E-1 0E0 7.82784E-1 7.88775E-1 7.54853E-1 6.77215E-1 6.05544E-1 6.69819E-1 6.32632E-1 7.38956E-1 7.36608E-1 7.36703E-1 7.66838E-1 7.82741E-1 7.38395E-1 5.5233E-1 5.77632E-1 4.70684E-1 4.08399E-1 4.83292E-1 6.1732E-1 5.74713E-1 6.52795E-1 4.78944E-1 5.01442E-1 5.32859E-1 4.99275E-1 5.29275E-1 6.37392E-1 6.24562E-1 5.27065E-1 4.36834E-1 6.06879E-1 6.44857E-1 5.67297E-1 4.54296E-1 5.18018E-1 6.52644E-1 6.74529E-1 5.86898E-1
7.7206E-1 7.248E-1 7.42851E-1 6.20204E-1 5.32393E-1 5.21098E-1 6.10714E-1 6.89185E-1 6.81995E-1 3.1477E-2 2.65508E-2 1.94392E-2 1.95973E-1 2.04945E-2 2.2922E-1 2.11346E-1 1.54072E-1 1.77065E-1 2.6984E-1 2.64982E-1 2.80295E-1 4.89252E-1 6.31204E-1 6.29469E-1 7.72852E-1 7.37781E-1 7.44602E-1 7.09509E-1 6.08295E-1 6.41448E-1 6.92509E-1 7.35118E-1 7.51309E-1 7.65955E-1 8.00613E-1 6.79043E-1 6.60007E-1 6.02353E-1 4.63144E-1 4.59694E-1 4.534E-1 6.43692E-1 3.58504E-1 7.01712E-1 4.50678E-1 4.68763E-1 5.36756E-1 5.82762E-1 5.63909E-1 5.71611E-1 5.79556E-1 4.73152E-1 4.45669E-1 5.46657E-1 4.87947E-1 4.70443E-1 4.40451E-1 4.58543E-1 6.08348E-1 6.07409E-1 5.92502E-1
6.78915E-1 7.23661E-1 6.02654E-1 5.48953E-1 5.80176E-1 5.96664E-1 3.95131E-1 7.0166E-1 7.4447E-1 1.59549E-1 6.95163E-2 2.12706E-1 3.33776E-1 2.1474E-1 6.17646E-2 6.13639E-2 9.58681E-2 2.73451E-1 5.85563E-1 4.52265E-1 3.62191E-1 5.47372E-1 5.78639E-1 5.37599E-1 6.32039E-1 7.79696E-1 7.14618E-1 6.94973E-1 7.11043E-1 6.49466E-1 6.84467E-1 7.15073E-1 7.43898E-1 7.15335E-1 7.83785E-1 5.82763E-1 6.23437E-1 7.12333E-1 4.52285E-1 4.75411E-1 3.30503E-1 4.86849E-1 4.82065E-1 6.03557E-1 4.76354E-1 4.84327E-1 5.57078E-1 5.44738E-1 6.38048E-1 6.45604E-1 5.95636E-1 4.62187E-1 4.54582E-1 5.49295E-1 5.04378E-1 4.57428E-1 4.24401E-1 5.15937E-1 5.26069E-1 6.60801E-1 6.85051E-1
5.69617E-1 5.29158E-1 5.53744E-1 6.13758E-1 5.06439E-1 2.46938E-1 8.15332E-2 6.92266E-1 7.44627E-1 1.05189E-1 1.46937E-1 2.38792E-1 4.14149E-1 3.50417E-1 1.63175E-1 2.45849E-2 8.36607E-2 5.28191E-2 3.44582E-1 1.92836E-1 2.64417E-1 3.99168E-1 8.15275E-1 7.307E-1 4.33648E-1 7.36393E-1 7.4528E-1 6.83792E-1 6.56532E-1 6.49777E-1 6.16455E-1 6.55514E-1 6.53003E-1 7.26361E-1 7.75911E-1 5.69759E-1 4.61769E-1 5.68303E-1 5.65942E-1 4.17722E-1 4.69952E-1 4.31705E-1 6.54952E-1 6.02334E-1 5.41004E-1 5.45466E-1 5.33373E-1 5.51866E-1 6.59988E-1 6.7044E-1 5.02432E-1 4.83309E-1 4.53619E-1 4.52232E-1 5.16858E-1 6.08316E-1 4.86793E-1 4.65966E-1 5.4637E-1 6.04358E-1 5.59556E-1
5.33161E-1 5.14967E-1 5.56831E-1 5.65906E-1 6.73328E-1 3.85647E-1 1.49354E-1 3.12739E-1 6.617E-1 1.34931E-2 1.02251E-1 3.58597E-1 3.43318E-1 4.18585E-2 4.21041E-2 9.40734E-2 1.04943E-1 7.57139E-2 2.36158E-1 1.36192E-1 6.92372E-2 4.40066E-1 7.12536E-1 6.82766E-1 4.30155E-1 5.18516E-1 5.79328E-1 6.39185E-1 6.06546E-1 5.76153E-1 5.52239E-1 4.98595E-1 6.90599E-1 7.67397E-1 6.80131E-1 6.30641E-1 4.79304E-1 3.93513E-1 5.65109E-1 4.50051E-1 4.38773E-1 5.71905E-1 6.22729E-1 6.05172E-1 5.19056E-1 5.24711E-1 5.05938E-1 6.11378E-1 6.52808E-1 6.53039E-1 4.61422E-1 4.56477E-1 4.59861E-1 4.46327E-1 6.49618E-1 5.83086E-1 4.92233E-1 4.63092E-1 4.81163E-1 5.31393E-1 6.81977E-1
7.0122E-1 6.29191E-1 6.61909E-1 7.04524E-1 6.501E-1 7.06493E-1 2.99246E-1 1.04341E-1 1.48579E-1 1.56914E-1 6.94864E-1 6.32798E-1 3.169E-1 1.77765E-1 2.96905E-1 1.96848E-1 1.6491E-1 2.61674E-1 5.63892E-1 2.2006E-1 3.80858E-1 4.1793E-1 5.094E-1 8.00513E-1 8.14158E-1 5.94018E-1 5.97896E-1 4.90613E-1 5.92898E-1 5.22168E-1 4.60959E-1 5.25911E-1 5.53125E-1 5.27411E-1 7.06639E-1 6.48409E-1 5.17692E-1 5.16754E-1 5.79312E-1 4.66662E-1 4.99124E-1 5.62038E-1 5.13779E-1 5.13317E-1 4.32741E-1 4.47407E-1 4.49994E-1 6.10145E-1 6.49749E-1 5.05108E-1 4.36067E-1 4.63538E-1 4.74791E-1 4.69603E-1 5.77679E-1 5.75079E-1 5.77234E-1 5.06168E-1 4.85804E-1 5.0802E-1 5.32232E-1
5.74821E-1 6.72504E-1 7.01603E-1 6.18553E-1 3.15354E-1 4.62643E-1 7.07927E-1 1.55068E-1 8.65217E-2 5.07288E-2 6.86323E-1 5.63041E-1 1.35247E-1 5.31951E-1 3.36379E-1 4.75253E-1 2.36447E-1 2.7944E-1 4.52853E-1 5.59088E-1 5.76517E-1 5.05511E-1 4.74544E-1 8.04414E-1 7.16768E-1 7.29923E-1 6.88032E-1 6.69647E-1 6.96883E-1 7.29469E-1 7.14121E-1 6.87443E-1 7.10823E-1 6.85874E-1 6.66093E-1 6.77938E-1 5.57043E-1 5.82989E-1 6.26516E-1 4.51688E-1 5.55078E-1 4.90527E-1 6.13685E-1 6.05125E-1 4.45592E-1 4.28263E-1 4.67462E-1 5.05602E-1 6.22899E-1 5.68733E-1 4.55801E-1 4.82879E-1 4.62313E-1 4.46972E-1 4.51951E-1 4.82321E-1 6.84598E-1 6.25898E-1 4.75651E-1 5.03788E-1 4.69541E-1
6.64517E-1 2.91073E-1 5.11701E-1 4.7542E-1 3.69335E-1 2.09422E-1 2.13692E-1 3.30068E-1 3.28877E-1 4.62951E-2 6.61155E-1 2.77968E-1 2.11798E-1 2.69995E-1 4.71417E-1 4.62539E-1 3.65234E-1 5.13427E-1 3.55539E-1 3.04652E-1 5.66331E-1 5.17009E-1 3.85927E-1 6.46555E-1 7.33085E-1 6.35894E-1 6.377E-1 6.7238E-1 7.4287E-1 6.72188E-1 6.52964E-1 6.05443E-1 5.46173E-1 6.32471E-1 6.52584E-1 6.24737E-1 5.28655E-1 6.47278E-1 5.68513E-1 5.10883E-1 6.5326E-1 6.20849E-1 5.71446E-1 6.42818E-1 5.97203E-1 4.99228E-1 4.8326E-1 4.50276E-1 5.49924E-1 4.65399E-1 4.76653E-1 4.83779E-1 4.70642E-1 4.57208E-1 4.53894E-1 4.5921E-1 5.48827E-1 4.82267E-1 4.54755E-1 4.42377E-1 4.55638E-1
4.78831E-1 3.4811E-1 4.01646E-1 4.31662E-1 3.85278E-1 2.43311E-1 2.52296E-1 2.76964E-1 3.53216E-1 1.90078E-1 4.44085E-1 5.28855E-1 3.49582E-1 3.929E-1 6.04872E-1 3.93276E-1 6.57268E-1 5.1495E-1 6.52412E-1 2.88531E-1 5.57364E-1 4.73062E-1 4.06145E-1 4.45509E-1 3.87155E-1 3.70023E-1 4.14538E-1 4.66794E-1 5.93633E-1 5.28482E-1 6.21253E-1 5.56259E-1 6.49285E-1 6.73511E-1 5.97079E-1 6.39469E-1 6.25042E-1 6.37758E-1 5.74406E-1 6.3463E-1 6.19956E-1 6.12534E-1 5.6108E-1 6.52425E-1 6.51785E-1 6.58331E-1 5.44892E-1 5.07757E-1 4.61982E-1 5.05583E-1 4.85333E-1 4.81056E-1 4.85576E-1 4.91738E-1 5.95722E-1 6.6319E-1 5.97863E-1 4.39016E-1 4.94995E-1 4.20215E-1 4.42962E-1
4.46826E-1 4.72681E-1 4.47223E-1 5.40268E-1 6.06515E-1 2.87728E-1 4.54233E-1 2.54543E-1 4.74092E-1 4.30541E-1 3.37151E-1 3.16381E-1 3.02081E-1 4.69E-1 4.61941E-1 5.78863E-1 4.48326E-1 2.54435E-1 2.97893E-1 5.65945E-1 7.72894E-1 5.11618E-1 7.39481E-1 5.89633E-1 3.7739E-1 3.62426E-1 4.25901E-1 5.15136E-1 4.4572E-1 6.60573E-1 7.24604E-1 7.12111E-1 6.48319E-1 7.45321E-1 6.60353E-1 6.51603E-1 6.97317E-1 6.79059E-1 5.39167E-1 5.24069E-1 5.64238E-1 6.04217E-1 4.58275E-1 6.54395E-1 6.16606E-1 6.42429E-1 5.78592E-1 4.41214E-1 4.10634E-1 4.59354E-1 4.73087E-1 4.70738E-1 4.71673E-1 4.65189E-1 5.31083E-1 6.1525E-1 4.73812E-1 4.5452E-1 4.21931E-1 4.18717E-1 4.07357E-1
4.4517E-1 4.95795E-1 5.25758E-1 5.75095E-1 4.74627E-1 4.29874E-1 1.72957E-1 3.10363E-1 3.67158E-1 1.89609E-1 4.00059E-1 2.00634E-1 4.7863E-1 6.04422E-1 4.8157E-1 2.27539E-1 5.01216E-1 3.5702E-1 5.62708E-1 6.0577E-1 6.57757E-1 4.38401E-1 7.33975E-1 7.46956E-1 4.68128E-1 4.83546E-1 4.5872E-1 5.7207E-1 7.09181E-1 6.12642E-1 6.75969E-1 5.24939E-1 4.64735E-1 4.10887E-1 5.11707E-1 5.25327E-1 5.5123E-1 5.79367E-1 5.04849E-1 6.75037E-1 7.53542E-1 6.71902E-1 5.89903E-1 6.57361E-1 6.16133E-1 5.8753E-1 6.23017E-1 5.94997E-1 6.24469E-1 4.51916E-1 4.60366E-1 4.6016E-1 4.33248E-1 4.32397E-1 6.41789E-1 6.38931E-1 5.42052E-1 4.67436E-1 4.66605E-1 4.23445E-1 4.2014E-1
5.14159E-1 3.8791E-1 6.83127E-1 5.58038E-1 5.46402E-1 5.45215E-1 2.05206E-1 4.18639E-1 5.95385E-1 2.61748E-1 2.07878E-1 4.04519E-1 4.51857E-1 5.70636E-1 5.38892E-1 6.70296E-1 5.88275E-1 4.35662E-1 4.85005E-1 5.77437E-1 6.20426E-1 5.69926E-1 7.05354E-1 6.38723E-1 5.94606E-1 5.93725E-1 7.19921E-1 7.47893E-1 7.70209E-1 5.86158E-1 5.95341E-1 5.45309E-1 5.45166E-1 5.61422E-1 6.13724E-1 6.18801E-1 5.14945E-1 4.63506E-1 6.11169E-1 7.09184E-1 5.38208E-1 5.7481E-1 5.21429E-1 6.59226E-1 5.91734E-1 6.45961E-1 5.29885E-1 4.94194E-1 6.21748E-1 4.64943E-1 4.46543E-1 4.19945E-1 4.0656E-1 4.46738E-1 6.06275E-1 5.72614E-1 5.21664E-1 4.44281E-1 4.86754E-1 4.80774E-1 4.53075E-1
6.68727E-1 4.93178E-1 6.73733E-1 5.76018E-1 5.21777E-1 2.88854E-1 9.81352E-2 2.19116E-1 6.72137E-1 2.66445E-1 2.87498E-1 3.84555E-1 2.08681E-1 6.87796E-1 6.76082E-1 6.14908E-1 6.0783E-1 6.64541E-1 4.4408E-1 5.11052E-1 6.96832E-1 3.49912E-1 3.91073E-1 6.74354E-1 7.60017E-1 5.55007E-1 6.25198E-1 7.77064E-1 7.62832E-1 7.94716E-1 7.67411E-1 6.79075E-1 5.1353E-1 5.9805E-1 4.96421E-1 4.92236E-1 4.99917E-1 5.03638E-1 5.07583E-1 4.56974E-1 4.94041E-1 5.17116E-1 4.33118E-1 3.89738E-1 5.19396E-1 5.79965E-1 5.40518E-1 5.89826E-1 6.21175E-1 5.30529E-1 4.46067E-1 4.30549E-1 4.12898E-1 4.46066E-1 5.62276E-1 4.91886E-1 5.11608E-1 5.31418E-1 4.28969E-1 4.53666E-1 4.00132E-1
6.5974E-1 6.40807E-1 7.41987E-1 7.41094E-1 5.69479E-1 5.01768E-1 8.03572E-2 4.86756E-1 6.01289E-1 1.15948E-1 2.46353E-1 1.62961E-1 4.15338E-1 7.82675E-1 7.41223E-1 8.67382E-1 8.60693E-1 6.24739E-1 5.67784E-1 3.34028E-1 5.85025E-1 6.20097E-1 6.22697E-1 6.15312E-1 7.60683E-1 7.54978E-1 7.16118E-1 6.34283E-1 7.80879E-1 8.11102E-1 7.60859E-1 5.29325E-1 5.05511E-1 5.0892E-1 5.05755E-1 5.86479E-1 5.5449E-1 5.5572E-1 5.39858E-1 4.75166E-1 4.84915E-1 5.17357E-1 3.94066E-1 4.94896E-1 6.06565E-1 6.25333E-1 6.13152E-1 6.38846E-1 6.22787E-1 5.28797E-1 4.84032E-1 4.42318E-1 4.23179E-1 4.47528E-1 4.40019E-1 4.35502E-1 4.31601E-1 4.93461E-1 3.91725E-1 4.26083E-1 4.25186E-1
4.45831E-1 7.13623E-1 6.19632E-1 6.70813E-1 4.45074E-1 3.18544E-1 8.18375E-2 6.02928E-1 7.2671E-1 2.86615E-1 1.435E-1 5.09241E-2 4.80888E-1 7.29373E-1 7.02716E-1 8.28532E-1 8.81358E-1 8.84467E-1 6.78697E-1 5.88058E-1 3.97794E-1 5.66588E-1 6.21983E-1 3.00785E-1 7.01367E-1 7.58713E-1 7.71215E-1 7.28072E-1 8.02969E-1 7.78108E-1 5.52347E-1 4.86574E-1 5.01864E-1 4.89139E-1 4.72004E-1 5.74948E-1 6.82068E-1 7.21807E-1 5.46159E-1 4.44442E-1 5.60954E-1 6.00972E-1 5.2181E-1 4.52827E-1 3.86416E-1 6.3255E-1 6.31315E-1 5.91559E-1 6.44883E-1 5.48976E-1 5.07713E-1 4.72723E-1 4.53419E-1 4.83873E-1 4.2848E-1 4.17634E-1 5.78304E-1 4.60054E-1 4.59251E-1 5.2851E-1 4.16954E-1
3.67351E-1 6.70332E-1 3.08492E-1 6.95953E-1 2.00094E-1 2.16383E-1 2.00391E-1 5.69931E-1 6.29313E-1 1.80619E-1 1.67423E-1 9.83853E-2 4.34807E-1 5.26478E-1 6.34942E-1 8.13708E-1 7.86542E-1 8.04384E-1 8.14494E-1 6.87785E-1 2.07079E-1 5.71404E-1 5.86622E-1 4.85406E-1 3.81272E-1 7.44126E-1 7.60773E-1 7.23945E-1 5.42812E-1 5.27367E-1 5.06294E-1 4.45024E-1 5.04966E-1 5.42418E-1 4.70369E-1 4.95981E-1 6.40386E-1 6.99032E-1 4.32335E-1 4.34488E-1 4.01894E-1 6.48807E-1 5.27345E-1 5.36801E-1 5.95948E-1 6.13307E-1 5.97431E-1 5.09267E-1 5.4572E-1 6.57348E-1 5.13637E-1 4.51602E-1 4.81184E-1 4.85459E-1 4.0711E-1 4.73516E-1 4.57346E-1 4.66063E-1 4.39108E-1 4.10356E-1 3.84008E-1
2.50452E-1 5.63265E-1 2.68845E-1 3.44966E-1 5.02977E-1 8.42134E-2 3.39958E-1 3.58183E-1 3.47467E-1 2.36437E-1 1.9974E-1 1.12641E-1 4.17813E-1 6.89083E-1 7.22619E-1 8.12537E-1 8.1285E-1 8.20428E-1 8.58493E-1 8.17769E-1 6.31973E-1 2.70701E-1 5.82823E-1 3.32579E-1 2.35309E-1 6.38089E-1 6.74518E-1 6.16548E-1 4.12626E-1 4.85515E-1 4.18598E-1 4.04397E-1 4.51149E-1 4.38859E-1 4.50467E-1 4.46219E-1 6.30559E-1 5.79121E-1 4.82037E-1 3.93048E-1 4.65455E-1 5.22955E-1 4.70474E-1 4.16424E-1 5.84335E-1 5.59917E-1 5.62508E-1 4.75012E-1 5.89033E-1 5.80959E-1 5.70405E-1 4.38134E-1 4.5953E-1 4.43629E-1 4.21689E-1 4.25935E-1 4.56719E-1 5.07283E-1 4.92973E-1 4.62165E-1 4.85418E-1
2.8577E-1 6.50419E-1 9.7311E-2 3.09851E-1 7.13258E-1 1.91446E-1 4.20502E-1 4.55569E-1 2.81277E-1 1.11988E-1 1.08876E-1 2.34123E-1 6.41991E-1 7.66066E-1 9.27527E-1 7.87126E-1 8.38462E-1 6.65205E-1 6.22637E-1 7.06739E-1 7.56569E-1 3.49129E-1 2.50351E-1 4.34043E-1 2.72138E-1 3.92519E-1 6.60179E-1 5.94938E-1 4.64926E-1 5.31216E-1 3.94953E-1 4.86107E-1 5.2515E-1 5.00551E-1 4.16152E-1 4.24054E-1 4.71661E-1 5.63255E-1 6.56757E-1 6.69687E-1 6.47936E-1 6.53996E-1 4.8621E-1 5.56799E-1 6.11412E-1 5.1429E-1 4.63867E-1 4.52106E-1 5.34707E-1 4.86817E-1 4.96696E-1 4.3164E-1 4.12111E-1 4.70358E-1 4.55052E-1 4.21654E-1 5.32038E-1 4.60429E-1 4.59814E-1 4.21887E-1 4.45454E-1
4.69888E-1 4.35803E-1 5.32423E-2 5.22917E-1 7.39799E-1 4.50948E-1 5.9302E-1 4.82711E-1 4.67171E-1 3.01884E-1 1.1194E-1 1.76843E-1 4.58462E-1 7.33703E-1 8.7831E-1 8.41302E-1 6.64723E-1 6.25935E-1 6.29204E-1 6.58656E-1 6.4564E-1 6.33893E-1 5.84926E-1 6.34049E-1 2.57451E-1 3.27044E-1 6.40102E-1 6.70624E-1 4.96702E-1 4.8181E-1 4.45516E-1 4.68105E-1 4.70365E-1 4.61388E-1 4.36729E-1 3.96978E-1 3.90411E-1 4.05564E-1 4.83696E-1 6.99187E-1 7.44824E-1 6.68333E-1 5.58888E-1 4.66604E-1 5.46732E-1 5.51881E-1 5.59322E-1 5.3851E-1 5.66885E-1 5.96705E-1 5.42747E-1 4.38053E-1 4.25544E-1 4.41268E-1 4.38499E-1 4.61322E-1 6.10737E-1 4.9711E-1 4.32425E-1 5.24675E-1 5.09541E-1
6.30925E-1 4.98277E-1 7.50649E-2 5.75256E-1 7.81406E-1 6.18511E-1 7.07168E-1 4.70189E-1 4.59998E-1 1.28734E-1 1.10244E-1 4.4168E-1 4.59293E-1 5.63949E-1 8.10398E-1 6.79494E-1 6.43386E-1 6.53771E-1 6.61798E-1 6.64667E-1 6.64653E-1 6.88073E-1 6.53988E-1 5.95451E-1 5.89543E-1 5.99772E-1 5.74172E-1 5.71387E-1 4.92709E-1 4.33624E-1 5.61722E-1 5.25231E-1 4.82661E-1 4.50186E-1 4.30995E-1 4.21178E-1 3.82157E-1 4.10837E-1 4.2573E-1 4.0552E-1 4.0801E-1 4.50046E-1 4.10685E-1 4.56802E-1 5.0922E-1 4.50367E-1 5.33058E-1 6.30054E-1 6.06631E-1 6.93408E-1 6.23379E-1 5.47411E-1 5.11969E-1 4.41784E-1 5.34004E-1 5.49185E-1 4.94426E-1 4.1379E-1 4.48187E-1 4.71555E-1 4.49728E-1
5.92104E-1 3.62203E-1 5.62281E-2 5.3953E-1 7.33261E-1 6.82292E-1 7.55056E-1 5.11684E-1 4.73376E-1 2.32959E-1 2.53524E-1 4.88801E-1 6.90972E-1 6.83029E-1 6.57798E-1 6.28016E-1 6.5345E-1 6.63468E-1 6.81978E-1 6.76162E-1 6.66361E-1 6.51643E-1 6.36034E-1 6.19653E-1 5.9751E-1 5.89781E-1 5.72255E-1 5.58898E-1 6.01635E-1 5.33985E-1 5.01511E-1 4.43606E-1 4.7833E-1 5.73791E-1 4.77424E-1 4.90925E-1 4.9821E-1 4.16816E-1 3.97268E-1 4.03376E-1 4.75307E-1 3.81519E-1 3.30294E-1 4.07355E-1 3.46572E-1 4.40018E-1 5.28505E-1 4.81189E-1 4.02936E-1 6.22527E-1 6.97629E-1 6.63568E-1 5.45744E-1 5.02515E-1 4.84564E-1 4.30292E-1 4.11772E-1 4.47092E-1 4.7058E-1 4.93847E-1 5.74957E-1
5.69945E-1 1.15376E-1 2.63318E-2 5.92275E-1 5.15607E-1 5.87727E-1 4.99161E-1 7.63861E-1 5.05628E-1 4.65917E-1 4.50576E-1 4.90425E-1 7.06429E-1 8.70726E-1 6.53062E-1 6.48201E-1 6.40443E-1 6.60733E-1 6.70152E-1 6.79474E-1 7.14059E-1 6.86115E-1 6.72933E-1 6.35018E-1 6.23738E-1 5.5745E-1 5.60656E-1 5.56654E-1 5.54283E-1 5.44724E-1 4.94114E-1 5.20927E-1 5.29048E-1 4.97113E-1 4.92446E-1 4.1976E-1 4.06792E-1 4.5973E-1 5.07995E-1 4.41573E-1 4.06744E-1 3.62592E-1 3.77772E-1 5.21743E-1 4.84605E-1 5.01657E-1 5.00533E-1 5.13263E-1 4.3204E-1 1.89011E-1 6.79683E-1 5.60553E-1 5.48572E-1 6.09736E-1 5.41459E-1 5.22454E-1 5.64975E-1 4.14621E-1 4.56471E-1 5.08616E-1 5.69625E-1
5.29116E-1 7.72433E-2 1.39085E-1 5.64571E-1 4.88825E-1 5.57118E-1 4.87794E-1 8.2291E-1 5.57588E-1 5.48842E-1 5.37445E-1 4.97071E-1 6.95704E-1 7.64345E-1 6.42541E-1 6.6018E-1 6.43848E-1 6.56082E-1 6.72582E-1 8.40197E-1 8.61841E-1 6.59814E-1 6.35856E-1 6.15048E-1 5.858E-1 5.4399E-1 5.47461E-1 5.35438E-1 5.39947E-1 5.22873E-1 5.09263E-1 4.4104E-1 4.47038E-1 5.01308E-1 5.37165E-1 6.22285E-1 4.38746E-1 6.05734E-1 4.08439E-1 4.45471E-1 4.72299E-1 4.75182E-1 5.14219E-1 5.66516E-1 4.57192E-1 5.52969E-1 5.47447E-1 6.22614E-1 5.76481E-1 3.97383E-1 4.94803E-1 4.59691E-1 5.97853E-1 5.92421E-1 5.45861E-1 5.73623E-1 5.55202E-1 6.17229E-1 5.44029E-1 4.9662E-1 4.21307E-1
4.04094E-1 1.35074E-1 7.25492E-2 6.09694E-1 4.98577E-1 4.93853E-1 7.47766E-1 7.58314E-1 5.34826E-1 4.98227E-1 5.10838E-1 4.87999E-1 5.62797E-1 6.13394E-1 6.45135E-1 6.53658E-1 6.36951E-1 6.49362E-1 6.61186E-1 8.89987E-1 8.63467E-1 6.32496E-1 6.1338E-1 6.19566E-1 6.00396E-1 5.43912E-1 5.16428E-1 5.12576E-1 5.07435E-1 5.04894E-1 4.81607E-1 4.41761E-1 4.76042E-1 4.64967E-1 4.99677E-1 4.08963E-1 3.99596E-1 5.88987E-1 6.35925E-1 6.03188E-1 4.10518E-1 5.26694E-1 6.35601E-1 5.78306E-1 5.89885E-1 6.43002E-1 6.49711E-1 7.43154E-1 6.72716E-1 5.40982E-1 4.47601E-1 3.83963E-1 5.33827E-1 5.05809E-1 5.3254E-1 6.1367E-1 4.65453E-1 5.83519E-1 5.70531E-1 6.29868E-1 3.94433E-1
2.48998E-1 1.56168E-1 1.38513E-1 7.18033E-1 4.70139E-1 6.11547E-1 8.65434E-1 5.4829E-1 5.67098E-1 5.33479E-1 5.08746E-1 4.81091E-1 5.61315E-1 6.14711E-1 6.09751E-1 6.42631E-1 6.15829E-1 6.16877E-1 6.27621E-1 8.09039E-1 6.43609E-1 6.29633E-1 6.11357E-1 5.88228E-1 5.63046E-1 5.54972E-1 5.19253E-1 5.23626E-1 4.86551E-1 4.83087E-1 4.68461E-1 4.50069E-1 4.54911E-1 4.48672E-1 4.60162E-1 4.55203E-1 3.73751E-1 4.57106E-1 6.92524E-1 5.97314E-1 5.2602E-1 4.51684E-1 4.73969E-1 5.3832E-1 5.58509E-1 5.73713E-1 7.4692E-1 7.72158E-1 6.39125E-1 6.16854E-1 6.11048E-1 4.11169E-1 4.03644E-1 4.43466E-1 6.09958E-1 5.21695E-1 4.48289E-1 4.17915E-1 5.33167E-1 5.0519E-1 3.88071E-1
