Final_Models_July82022/M_0.1_F_lqp_Set_1/Bison_6.asc
ncols         290
nrows         380
xllcorner     -2197417.7431653
yllcorner     -584827.01486885
cellsize      10000.0
NODATA_value  -9999
[rows 243 to 269 of 380, columns 61 to 121 of 290]
7.80984E-4 7.29776E-4 2.6586E-3 2.20955E-2 5.25371E-2 2.17758E-2 2.24432E-2 3.85594E-2 5.62075E-2 1.51045E-1 1.40368E-1 2.13235E-1 2.42333E-1 2.43981E-1 2.90639E-1 5.56866E-1 3.86147E-1 1.02009E-1 2.50972E-1 2.66565E-1 2.23416E-1 1.15477E-1 2.12392E-1 2.43525E-1 1.94243E-1 7.82053E-2 8.81722E-2 6.84754E-2 2.19201E-3 1.13084E-3 2.22852E-3 1.43705E-2 8.43337E-4 9.30032E-5 1.35226E-2 7.12429E-4 3.92004E-3 7.65875E-3 1.21256E-3 1.56123E-2 8.5035E-4 2.27653E-2 9.56152E-3 6.40626E-2 7.0109E-2 5.13313E-2 2.42685E-2 2.1384E-1 2.51938E-2 5.49779E-2 1.77171E-1 1.80883E-1 2.27699E-1 4.61019E-1 5.5154E-1 6.85459E-1 7.17594E-1 7.85251E-1 7.82428E-1 7.61249E-1 7.08373E-1
8.90547E-4 2.17251E-4 2.49876E-3 1.38441E-3 6.8094E-3 1.27434E-2 1.64194E-2 8.83007E-3 3.142E-2 7.30702E-2 1.68531E-1 3.15068E-1 3.61523E-1 4.14137E-1 5.4767E-1 6.63298E-1 1.8493E-1 2.00136E-1 1.81419E-1 6.62288E-2 2.32603E-2 7.98032E-2 1.91993E-1 3.43287E-1 9.03198E-2 5.94574E-2 1.30337E-2 4.96372E-2 2.0614E-4 8.14378E-3 5.71207E-4 1.67922E-2 5.18095E-4 6.44115E-2 1.1777E-4 1.22244E-3 1.11019E-3 2.11094E-3 2.91759E-3 3.23301E-2 8.06587E-2 2.67284E-2 4.69317E-3 1.04851E-1 1.9724E-1 3.74253E-2 1.72964E-1 8.52967E-3 1.09394E-2 2.9554E-2 1.09123E-1 1.43843E-1 1.96525E-1 2.90246E-1 2.07256E-1 3.30623E-1 6.57113E-1 7.28399E-1 7.30013E-1 7.95321E-1 7.76311E-1
8.42593E-3 4.47761E-5 2.79536E-4 3.60625E-5 3.06287E-6 2.25267E-5 2.18518E-2 6.64755E-3 3.77863E-3 3.81868E-2 9.60842E-2 3.01168E-1 5.13726E-1 3.89949E-1 5.9182E-1 6.55814E-1 6.24954E-1 3.50616E-1 6.6149E-2 1.04295E-2 1.49782E-2 1.31609E-1 2.58735E-1 2.34335E-1 3.90265E-3 4.64141E-2 6.42461E-2 6.15111E-3 1.33584E-2 1.01114E-3 6.68093E-3 1.33003E-2 1.96817E-2 8.22319E-4 1.02136E-3 1.58505E-4 1.38771E-3 9.80599E-4 7.08312E-3 7.48797E-4 4.23795E-2 1.61535E-2 3.16716E-2 5.52784E-3 1.23404E-1 2.36327E-1 9.43713E-2 2.1221E-2 9.61005E-2 7.43929E-2 6.16635E-2 9.6094E-2 1.08137E-1 2.23749E-1 9.46578E-2 3.15396E-1 2.74199E-1 7.05295E-1 7.3698E-1 7.58833E-1 3.95272E-1
3.58891E-3 1.42877E-2 3.70416E-3 1.18926E-3 2.38791E-5 9.0824E-6 3.58056E-3 1.64037E-3 1.718E-3 2.27413E-2 1.10823E-1 2.35014E-2 1.79592E-1 5.35985E-1 6.29739E-1 4.69165E-1 3.17591E-1 1.38764E-1 5.48125E-2 2.53673E-2 4.31787E-2 1.33974E-1 3.43067E-1 2.03053E-1 6.47597E-2 1.1954E-1 3.64227E-2 4.31255E-3 4.06681E-2 1.67162E-2 9.76761E-3 3.91377E-3 4.09956E-2 4.97596E-3 8.0208E-4 5.45563E-3 2.2807E-3 1.01753E-3 6.78373E-2 1.59396E-2 1.56235E-2 2.4182E-2 7.20445E-2 8.44478E-3 1.5534E-1 2.28383E-1 8.0772E-2 1.45272E-1 5.7171E-2 6.63707E-2 6.71854E-2 8.86049E-2 2.21992E-1 1.46137E-1 1.98328E-1 3.84568E-1 2.74938E-1 3.51616E-1 7.36333E-1 7.77419E-1 4.32355E-1
1.74789E-5 4.28139E-5 8.90054E-3 6.19334E-3 1.17217E-5 5.23377E-5 2.75344E-3 2.34582E-3 5.74669E-4 4.96783E-3 3.03303E-2 6.28711E-2 1.43912E-1 4.47184E-1 1.623E-1 4.15663E-2 2.98126E-2 6.83975E-2 1.08102E-2 1.3531E-2 8.66933E-2 2.16721E-1 9.3069E-2 1.08157E-1 1.62772E-1 1.07467E-1 6.57664E-2 7.29032E-2 1.78374E-2 1.05793E-2 1.44911E-3 1.91335E-2 3.55757E-2 1.35928E-4 2.45414E-4 1.49424E-3 3.70573E-4 2.19213E-3 2.16868E-3 2.55846E-2 3.97912E-4 1.42735E-2 8.55076E-3 5.14036E-2 5.48633E-2 2.84366E-1 1.21068E-1 3.06138E-1 8.01061E-2 4.56202E-2 3.41468E-2 7.24303E-2 2.52973E-1 2.74356E-1 1.88E-1 2.09343E-1 2.70119E-1 3.59897E-1 7.3726E-1 7.416E-1 7.668E-1
4.99206E-3 5.33442E-5 2.41206E-2 3.84535E-3 4.88499E-5 3.97171E-4 3.0828E-3 4.49993E-4 1.1209E-4 2.89882E-3 8.00584E-3 6.18291E-2 1.74358E-1 1.51755E-1 3.12544E-2 1.17054E-2 2.56252E-2 1.7316E-2 8.31645E-3 4.33599E-2 1.0407E-1 2.36608E-1 3.51436E-2 2.59035E-2 2.01702E-2 2.37841E-2 1.81319E-2 4.16014E-2 2.61815E-2 7.1417E-3 3.73091E-4 1.27883E-2 5.42075E-2 4.28418E-3 1.15732E-3 8.26687E-4 7.03604E-3 2.83885E-4 6.08033E-3 1.12131E-2 3.68424E-2 6.59334E-2 8.71605E-3 5.42016E-2 9.24995E-3 2.7883E-1 2.08984E-1 1.5792E-1 1.17436E-1 2.31355E-1 4.76398E-2 8.55195E-2 2.61184E-1 1.45808E-1 1.55541E-1 1.13254E-1 2.64696E-1 5.80853E-1 7.26179E-1 7.32768E-1 6.9203E-1
9.81423E-4 1.03868E-3 1.51775E-2 2.43328E-2 1.31365E-4 4.87603E-5 2.07641E-4 4.52268E-5 6.20425E-6 3.52032E-4 3.09487E-2 3.83602E-2 6.62229E-2 5.3589E-2 4.25518E-2 2.53728E-2 2.45772E-2 5.87793E-2 2.21496E-2 7.99647E-2 1.51243E-1 2.19338E-1 1.95159E-2 2.97064E-2 3.62663E-3 2.50989E-3 5.79066E-3 1.4405E-2 6.5395E-3 1.72138E-3 1.28565E-2 1.97862E-2 4.13558E-2 9.33643E-3 2.05376E-3 7.57388E-4 1.61192E-2 1.82022E-4 1.44057E-2 7.56646E-3 5.63366E-3 1.06601E-2 1.02418E-2 6.00673E-2 1.20664E-2 2.27932E-1 3.15319E-1 4.47815E-2 2.52124E-1 7.70186E-2 2.6381E-2 1.16466E-2 1.09236E-1 8.97693E-2 2.04401E-1 1.39864E-1 2.27661E-1 5.60078E-1 6.89096E-1 6.78568E-1 6.70976E-1
8.14769E-4 1.06587E-4 1.39221E-2 4.52656E-3 5.64509E-6 4.41865E-3 1.03782E-5 2.21629E-5 2.19445E-4 3.43429E-3 2.75447E-2 2.24303E-2 1.12203E-1 7.43011E-2 8.08541E-2 6.45983E-2 3.44895E-2 7.93336E-2 1.16005E-1 1.80009E-1 2.23482E-1 3.13625E-1 5.44469E-2 4.57509E-2 1.75234E-3 4.24239E-3 1.95349E-2 3.05372E-3 1.18381E-2 9.65002E-3 3.50476E-2 7.10172E-2 4.43687E-3 2.6287E-3 6.8561E-3 1.64705E-4 3.18626E-3 1.16697E-3 1.51749E-2 -9999 8.94864E-3 1.48678E-2 6.89145E-3 9.75084E-3 6.31055E-2 2.60396E-1 2.76275E-1 1.51342E-1 2.67554E-1 3.99739E-2 1.48152E-2 1.95793E-1 4.93601E-2 3.94107E-2 1.13262E-1 1.76729E-1 2.04344E-1 6.63698E-1 6.55446E-1 6.51702E-1 6.71327E-1
8.38342E-4 7.69377E-3 2.85996E-2 3.71427E-3 2.13686E-3 1.43989E-2 6.29241E-4 1.90077E-4 7.83294E-5 1.85261E-3 2.31508E-2 2.11752E-2 1.88734E-1 1.8651E-1 3.94478E-2 2.65427E-2 8.84882E-2 1.60125E-1 3.47511E-1 5.21231E-1 2.83353E-1 1.68119E-1 4.07547E-2 2.04537E-2 7.15155E-3 1.81417E-2 8.54263E-3 3.4132E-3 5.86971E-3 2.99623E-2 5.20855E-2 1.75421E-1 6.60482E-3 1.26033E-3 8.97851E-3 3.20439E-3 4.57288E-3 5.22163E-4 2.80995E-2 3.83461E-4 8.9102E-3 2.68224E-2 1.50988E-2 1.39579E-2 5.56832E-2 9.17586E-2 3.26116E-1 2.10673E-1 1.46832E-1 3.30033E-2 1.44049E-1 1.84346E-1 5.28995E-2 6.41269E-2 9.3204E-2 1.41627E-1 2.99015E-1 7.14048E-1 6.42994E-1 6.31041E-1 6.87662E-1
9.97754E-3 3.70143E-2 9.45825E-2 1.80279E-2 1.39006E-4 6.33864E-4 1.63121E-4 4.65831E-5 2.34617E-4 4.37375E-4 1.11302E-2 1.77282E-1 5.16683E-1 1.51884E-1 3.68501E-2 4.96379E-2 8.36868E-2 1.91553E-1 2.01716E-1 1.14589E-1 1.67488E-2 4.22755E-2 6.2421E-2 1.27361E-2 3.73298E-2 6.18012E-2 3.03483E-3 4.6559E-3 6.84371E-3 4.62322E-2 1.84793E-2 1.69509E-2 1.37276E-3 3.95403E-3 1.17616E-3 1.60022E-2 7.84128E-4 2.29887E-3 1.19434E-2 7.5977E-3 5.01401E-3 1.06242E-2 4.58813E-3 6.32025E-2 1.07777E-1 1.38875E-1 3.54156E-1 1.90727E-1 5.35697E-2 1.03808E-1 1.94806E-1 1.75853E-2 7.16068E-2 2.76094E-2 1.03875E-1 1.18734E-1 2.21892E-1 6.69701E-1 6.19125E-1 6.34012E-1 6.28256E-1
2.06229E-1 1.92773E-1 5.93524E-2 1.29722E-3 1.73292E-4 7.05964E-5 5.22078E-4 1.44124E-4 2.38895E-4 1.56145E-3 1.56088E-2 1.95406E-1 1.23425E-1 1.6273E-1 9.60297E-2 8.37424E-2 8.25694E-2 2.19413E-1 1.62302E-1 5.05878E-2 2.04839E-2 5.29418E-2 6.08134E-2 4.5168E-2 1.04205E-1 2.29668E-2 2.68507E-3 2.95618E-3 1.16864E-2 5.95751E-2 3.63752E-3 2.8751E-3 3.68511E-2 8.27366E-3 3.02726E-2 5.33715E-4 1.00148E-3 8.20185E-4 2.50009E-2 5.32245E-3 5.67912E-2 3.49941E-2 2.23945E-2 2.45124E-2 3.75117E-2 1.68944E-1 2.80518E-1 2.62741E-1 9.88319E-2 8.22264E-2 1.47458E-1 5.39126E-2 1.78561E-1 1.18582E-1 5.00313E-2 7.57675E-2 1.11804E-1 4.65599E-1 6.56156E-1 6.1685E-1 6.15252E-1
1.91808E-2 1.39796E-2 5.34743E-3 1.65232E-3 1.86408E-4 1.03243E-3 2.79898E-4 4.21904E-4 4.73918E-4 1.39823E-3 6.95166E-2 1.81495E-1 9.96177E-2 1.03807E-1 1.41881E-1 8.21774E-2 7.48083E-2 1.80046E-1 2.3977E-1 5.95546E-2 7.86199E-2 7.13806E-2 5.09973E-2 5.13081E-2 1.04546E-1 7.88141E-3 -9999 2.13053E-2 3.42128E-2 2.74542E-2 5.55415E-3 1.92869E-3 8.57443E-3 1.20822E-3 8.76359E-4 1.50868E-3 2.30807E-3 1.01553E-3 3.36957E-2 4.02222E-3 3.40898E-2 1.97862E-2 5.07231E-2 4.696E-2 1.77904E-2 1.53776E-1 2.18269E-1 1.38847E-1 3.07681E-1 1.2566E-1 3.45629E-2 6.79653E-2 1.88242E-1 4.42129E-2 5.3582E-2 5.18208E-2 1.05677E-1 2.75837E-1 6.39307E-1 6.83656E-1 6.34466E-1
1.28092E-2 1.17285E-3 2.56864E-4 3.34478E-5 6.06722E-3 1.80857E-5 7.10888E-3 9.08534E-4 1.0346E-3 1.22131E-3 2.7243E-2 2.00509E-2 1.88196E-2 6.93486E-2 1.81145E-1 4.56719E-2 7.10275E-2 2.47726E-1 1.73161E-1 3.3772E-2 2.20459E-2 1.08751E-1 5.35079E-2 1.43268E-1 4.73991E-3 2.00915E-2 1.0457E-2 2.99461E-2 6.53616E-2 5.1109E-3 1.90414E-3 1.09093E-3 5.11201E-3 2.29917E-2 -9999 4.5189E-3 7.82385E-3 2.04032E-3 2.69187E-2 1.7559E-2 4.31949E-3 1.53482E-2 1.64405E-2 6.00791E-3 5.2035E-3 1.43345E-1 2.73213E-1 3.6109E-2 8.95815E-2 8.72826E-2 4.50074E-2 4.79589E-2 1.18221E-1 6.96822E-2 7.81345E-2 2.55533E-2 7.35402E-2 3.6097E-1 6.44644E-1 6.85897E-1 6.13312E-1
1.20479E-2 1.87448E-2 1.19805E-3 5.25588E-4 1.39822E-4 1.02547E-8 2.47615E-3 1.39376E-3 2.56198E-3 2.01537E-3 1.62489E-2 5.95954E-3 1.30263E-2 3.47945E-2 1.70358E-1 7.66254E-2 2.10342E-1 2.97018E-1 2.10671E-1 7.13739E-2 1.83823E-2 8.5728E-2 5.21182E-2 7.11942E-2 4.06257E-3 1.8447E-2 4.69897E-2 3.97089E-3 4.62756E-2 6.35964E-3 4.7524E-3 4.9851E-3 7.41979E-3 1.41031E-3 2.39377E-4 9.84313E-4 1.09713E-3 3.05983E-2 1.35699E-2 5.48331E-3 3.30039E-3 2.39182E-2 8.49038E-3 1.27085E-2 1.70891E-2 1.88176E-1 3.57095E-1 5.0056E-2 2.1795E-2 1.28344E-1 4.30882E-2 3.32333E-2 1.377E-1 6.70005E-2 1.81931E-1 1.16052E-1 7.41843E-2 2.44103E-1 2.21084E-1 7.19277E-1 6.3834E-1
5.104E-5 1.01884E-2 1.54582E-3 7.53565E-3 1.40307E-3 6.35961E-3 9.21288E-3 4.08452E-3 3.3753E-3 4.35773E-4 1.2346E-2 7.16233E-3 1.32718E-2 3.11699E-2 6.73613E-2 6.38954E-2 2.23558E-1 3.05337E-1 3.00022E-1 5.55253E-2 4.4731E-2 9.26849E-2 1.13549E-1 3.36386E-2 1.7926E-2 5.9746E-2 2.02927E-2 1.54963E-3 2.44127E-2 2.25067E-2 3.40324E-3 3.77023E-3 2.48229E-2 6.6093E-3 4.18083E-3 3.14668E-3 4.81361E-3 1.98662E-2 2.92484E-2 2.33453E-4 3.4306E-3 2.50963E-2 2.50206E-2 1.71873E-2 1.65459E-1 2.78457E-1 2.57368E-1 4.13261E-2 5.78073E-2 3.14489E-2 1.14766E-1 7.46855E-2 1.83825E-1 6.61959E-2 1.50076E-1 1.99645E-1 2.2516E-1 5.79802E-1 4.42503E-1 6.36586E-1 6.20525E-1
8.31722E-4 1.09069E-2 1.36015E-2 2.11795E-3 3.28833E-4 7.79362E-4 1.20275E-2 4.65589E-4 1.32688E-3 3.36561E-3 5.75421E-3 1.87073E-2 4.06417E-2 4.71176E-2 4.18002E-2 1.0582E-1 2.10294E-1 2.76211E-1 1.69425E-1 6.98256E-2 9.18224E-2 1.17575E-1 1.3354E-1 5.47307E-2 2.71605E-2 6.63828E-2 2.32034E-2 5.32488E-3 6.69379E-3 2.14505E-2 3.92056E-2 2.72585E-2 2.18846E-2 5.86225E-4 1.05058E-3 1.96419E-4 2.09969E-3 2.27604E-3 5.90501E-3 2.25549E-3 1.527E-2 6.7162E-3 5.87274E-2 3.59698E-2 4.35049E-1 3.76859E-1 2.87578E-1 1.7698E-2 7.57577E-3 3.33605E-2 2.35817E-2 2.96505E-2 1.59424E-1 7.0196E-2 1.09403E-1 1.96478E-1 4.78508E-1 6.04601E-1 2.42259E-1 6.01698E-1 5.76231E-1
3.34148E-2 1.5986E-3 1.73211E-6 2.64532E-3 1.23466E-3 3.05024E-4 4.46568E-4 7.05093E-4 2.65551E-4 1.41876E-3 1.60967E-2 8.96959E-2 1.77652E-1 5.70822E-2 7.41248E-2 3.4216E-2 2.38638E-1 4.3299E-1 3.77731E-1 2.66382E-1 2.03618E-1 2.13036E-1 1.56115E-1 1.22526E-1 8.39852E-2 8.72241E-2 2.34367E-2 1.1675E-3 9.7863E-3 1.50287E-2 1.1929E-2 5.95014E-2 5.25381E-3 2.10162E-3 9.52157E-4 4.06717E-6 1.52027E-5 6.75628E-3 1.91576E-2 9.54977E-3 6.82439E-3 3.42018E-2 1.88968E-2 4.02971E-2 1.65923E-1 3.61553E-1 3.48881E-1 4.17257E-2 1.25483E-2 2.8244E-2 4.08184E-2 9.53166E-2 1.12478E-1 5.06189E-2 9.6522E-2 8.78281E-2 4.95134E-1 4.90366E-1 4.87609E-1 6.38517E-1 5.60446E-1
2.76269E-2 4.00031E-3 6.99046E-5 6.00454E-3 1.72943E-3 1.02812E-3 3.53764E-5 2.23005E-4 4.54127E-3 7.58512E-3 9.59502E-3 1.1758E-1 6.18478E-2 1.24863E-1 9.39438E-2 2.47226E-1 2.23566E-1 4.01832E-1 3.3451E-1 5.9608E-1 5.86687E-1 3.61748E-1 3.8308E-1 1.98E-1 8.3235E-2 1.15407E-1 5.36582E-2 2.77656E-2 7.41679E-3 8.88803E-3 3.46905E-2 3.46598E-2 1.02604E-2 2.36242E-3 5.64675E-3 1.93868E-5 2.77806E-5 2.99819E-3 3.18525E-2 7.77346E-3 1.02911E-2 3.27647E-2 4.06795E-2 6.71478E-2 2.59495E-1 2.13871E-1 2.39376E-1 3.13582E-1 3.54831E-2 1.11657E-2 2.82616E-2 1.06371E-2 5.10637E-2 1.1048E-1 2.49459E-1 3.97322E-1 5.35709E-1 4.9073E-1 6.42759E-1 5.6193E-1 5.85386E-1
6.51119E-3 1.28221E-2 8.23919E-3 3.1921E-3 6.55184E-3 2.50292E-4 7.40962E-4 2.45189E-3 1.26577E-2 4.92422E-2 5.69618E-2 6.73799E-2 9.10328E-2 4.34089E-2 6.80265E-2 1.93243E-1 4.10002E-1 4.64775E-1 3.46363E-1 5.52706E-1 5.27604E-1 2.62696E-1 3.02905E-1 1.22475E-1 2.76612E-1 1.48119E-1 1.559E-1 3.06907E-2 1.50121E-2 8.33733E-3 5.05965E-2 3.91794E-2 6.06894E-3 7.6118E-3 4.9774E-4 1.9285E-5 2.56816E-5 7.71267E-5 9.09515E-2 3.56064E-3 2.54825E-2 5.40542E-2 3.07386E-2 2.28819E-1 3.18717E-1 2.85601E-2 5.09593E-2 2.60137E-1 2.35383E-1 1.83182E-2 5.94309E-3 4.68397E-3 1.565E-2 1.5822E-1 3.92112E-1 4.16842E-1 5.50592E-1 5.57125E-1 6.02876E-1 5.30593E-1 5.33359E-1
4.15288E-4 1.17284E-2 1.60094E-4 2.50616E-5 5.86762E-4 4.74403E-3 1.29345E-2 6.95823E-3 1.63247E-3 1.64342E-2 1.66937E-1 1.40807E-1 1.11344E-1 5.52874E-2 8.74278E-2 2.14484E-1 4.10026E-1 3.51652E-1 4.3986E-1 1.25257E-1 2.51494E-1 2.74162E-1 1.42671E-1 3.71131E-1 1.23272E-1 5.25259E-2 1.22069E-1 3.15561E-2 3.4057E-2 4.00955E-2 5.24119E-2 6.60795E-2 2.02282E-2 2.60376E-2 3.57097E-4 2.51068E-5 4.86497E-5 4.68941E-3 1.03056E-1 6.72295E-3 4.1665E-2 2.70617E-2 1.20039E-2 5.42938E-2 6.04524E-2 3.95525E-2 4.1968E-2 1.12088E-1 1.96161E-1 1.02274E-2 2.13549E-2 2.40383E-3 9.38231E-3 1.0982E-1 3.14608E-1 1.48175E-1 5.63164E-1 5.0888E-1 5.66351E-1 4.98502E-1 5.32955E-1
9.97852E-3 7.72399E-3 1.23004E-4 3.01548E-4 7.47565E-4 7.74946E-3 4.30115E-3 2.36993E-3 8.87831E-3 4.31032E-2 7.36751E-2 4.28056E-1 8.77094E-2 1.33419E-1 2.24007E-1 4.5148E-1 4.31512E-1 3.95562E-1 5.86653E-1 4.46028E-1 4.04458E-1 2.33543E-1 2.67407E-1 3.22087E-1 7.06751E-2 3.60886E-2 1.20615E-1 4.84885E-2 9.99683E-2 1.35868E-1 6.40043E-2 4.04354E-2 7.88503E-3 8.53843E-3 1.23393E-3 7.5695E-5 1.15743E-4 5.08696E-3 1.51763E-1 1.02803E-1 6.63465E-3 4.51286E-2 2.59278E-2 1.61816E-2 2.29578E-2 4.54689E-2 1.16863E-1 9.27288E-2 2.03837E-1 2.1594E-1 1.75651E-2 3.86322E-3 3.21016E-3 3.97718E-2 2.59341E-2 2.44959E-2 2.69008E-1 5.17482E-1 5.05672E-1 4.97331E-1 5.12864E-1
5.61231E-5 4.79649E-4 1.13806E-4 3.6587E-4 3.34131E-3 9.3876E-4 2.0067E-3 1.32508E-2 7.92361E-3 1.10749E-1 2.02554E-1 5.29982E-1 2.54817E-1 4.93597E-2 3.70931E-1 4.376E-1 3.19732E-1 4.42667E-1 3.02951E-1 4.83995E-1 2.12685E-1 2.15354E-1 3.01273E-1 1.5832E-1 4.01533E-2 4.37033E-2 1.58724E-1 2.30144E-1 7.05799E-2 3.49593E-2 9.9825E-2 3.82511E-4 7.09566E-2 2.57888E-3 6.42838E-4 1.22377E-2 2.25457E-3 7.97665E-3 1.66563E-1 1.58099E-1 3.44488E-3 6.31844E-2 3.36331E-2 7.05092E-3 1.69285E-2 2.30664E-2 3.94105E-2 9.21438E-2 1.51556E-1 4.06354E-2 3.65031E-3 3.77492E-3 1.63125E-2 5.04371E-2 5.29907E-2 6.36195E-2 4.35192E-2 2.36426E-1 4.37733E-1 4.67052E-1 4.94043E-1
5.7389E-4 2.05023E-3 1.36836E-4 2.02918E-5 1.04705E-4 9.19413E-4 1.18794E-2 2.74446E-2 1.2948E-2 8.04086E-3 1.13677E-1 4.04345E-1 3.58271E-1 2.17684E-1 2.72079E-1 4.12237E-1 3.59622E-1 3.57542E-1 2.88224E-1 2.52419E-1 3.97607E-1 1.69656E-1 2.1254E-1 1.45454E-1 7.84509E-2 6.77444E-2 1.73402E-1 2.21727E-1 6.84251E-2 8.86123E-3 2.94208E-2 6.84269E-2 7.11878E-3 4.04514E-3 1.86248E-3 2.18375E-2 1.88634E-2 1.32201E-3 3.12599E-3 2.83828E-1 8.78382E-2 2.95249E-2 2.03034E-3 9.92435E-3 1.10009E-2 2.02942E-2 1.01521E-2 4.42837E-2 2.09595E-1 6.11195E-2 1.16023E-2 1.37824E-3 3.43907E-2 1.88057E-2 5.30503E-3 1.97487E-2 1.21323E-2 2.00334E-1 3.50617E-1 5.21866E-1 4.814E-1
4.03515E-5 1.79868E-4 8.2637E-6 4.73899E-3 1.15963E-3 2.29816E-3 2.97226E-3 1.6376E-2 6.56752E-2 4.78088E-2 1.65373E-1 3.90648E-1 2.4889E-1 2.93832E-1 3.7681E-1 3.86752E-1 3.81175E-1 4.46917E-1 3.02937E-1 2.08142E-1 1.85862E-1 1.9683E-1 1.83393E-1 1.51774E-1 4.46979E-2 1.27604E-1 1.84093E-1 3.45617E-1 1.38839E-1 2.61495E-2 1.00855E-2 6.15781E-2 1.31607E-3 1.7329E-3 8.7238E-3 1.39232E-2 7.56947E-4 3.02206E-4 1.10278E-2 2.5267E-1 1.5578E-2 3.85148E-2 9.82111E-3 2.59707E-2 5.1946E-2 3.56007E-2 1.28451E-2 4.57849E-2 2.78008E-1 2.43489E-1 2.43339E-4 3.82161E-3 1.57229E-3 2.49388E-2 6.58239E-4 1.44846E-4 2.16285E-3 3.55614E-2 3.45873E-1 4.37846E-1 4.56592E-1
4.68286E-3 2.70456E-4 2.67927E-6 4.69632E-4 1.06745E-2 5.70481E-3 1.8346E-3 2.83809E-3 3.57071E-2 1.92623E-1 1.08876E-1 3.54341E-1 3.0576E-1 3.88775E-1 3.65274E-1 3.5873E-1 3.18614E-1 3.0439E-1 2.4694E-1 2.35894E-1 1.97688E-1 1.85484E-1 1.93736E-1 1.04992E-1 9.52845E-2 2.13424E-1 1.50784E-1 3.03371E-1 2.69339E-1 3.10913E-2 1.50064E-2 2.6548E-2 3.55321E-2 2.61035E-2 2.51059E-2 4.26917E-2 1.88539E-2 6.44084E-3 1.52985E-2 3.40053E-1 6.27081E-2 1.29998E-2 1.00981E-2 1.49686E-2 1.97939E-2 1.76721E-2 1.0778E-2 3.01315E-2 4.59223E-1 4.20725E-1 7.82041E-4 1.13955E-3 6.32854E-4 4.25935E-2 4.43193E-2 8.66866E-4 8.41721E-4 4.53881E-2 5.5719E-2 2.90687E-1 4.51379E-1
1.26691E-3 2.75886E-4 2.7532E-5 2.87052E-4 4.78163E-3 1.40111E-3 8.00837E-4 3.73409E-3 9.07273E-2 2.66947E-1 1.96083E-1 2.66419E-1 4.29956E-1 2.53117E-1 3.79358E-1 4.3799E-1 3.52129E-1 3.33243E-1 2.87458E-1 2.25404E-1 2.14255E-1 2.52458E-1 2.09774E-1 1.22538E-1 1.18465E-1 2.01397E-1 1.81466E-1 3.15505E-1 1.76929E-1 4.96021E-2 6.61036E-3 2.64916E-2 3.36316E-2 2.88157E-2 3.54071E-2 6.54295E-2 1.51335E-3 4.3482E-2 7.48254E-2 2.92205E-1 8.08729E-2 6.38753E-2 1.83837E-2 9.68301E-3 1.22832E-2 3.54582E-2 6.50983E-2 1.57609E-1 1.27772E-1 2.28927E-1 1.79554E-3 3.44361E-4 1.05747E-3 1.00778E-1 2.30647E-2 4.78499E-4 7.68849E-4 8.19076E-2 1.67455E-2 3.39328E-2 4.51423E-1
2.827E-3 3.67309E-3 9.40863E-5 3.26456E-4 7.49938E-3 1.36981E-2 1.0596E-3 1.98474E-2 6.81404E-2 1.97962E-1 3.30556E-1 2.97049E-1 3.49157E-1 3.73958E-1 4.82433E-1 3.27575E-1 3.71906E-1 3.58519E-1 3.60228E-1 5.01037E-1 3.23653E-1 1.32335E-1 1.84867E-1 1.0064E-1 2.08218E-1 2.42516E-1 2.39567E-1 2.79947E-1 1.48043E-1 4.4803E-2 3.09572E-2 6.09547E-2 4.2089E-2 2.1012E-2 2.64249E-2 5.69495E-2 9.63501E-2 3.42077E-2 8.29088E-2 1.6302E-2 5.72981E-3 3.74991E-2 2.49921E-2 2.44222E-2 5.40021E-3 1.15294E-2 4.00168E-2 1.05068E-2 4.31822E-2 1.34819E-1 5.29503E-3 2.77239E-4 3.2032E-4 6.57962E-2 1.08228E-1 1.5895E-2 1.31348E-3 5.96386E-3 4.07384E-3 3.86685E-2 3.26954E-1
