Final_Models_July82022/M_0.1_F_lqp_Set_1/Bison_1.asc
ncols         290
nrows         380
xllcorner     -2197417.7431653
yllcorner     -584827.01486885
cellsize      10000.0
NODATA_value  -9999
[rows 189 to 215 of 380, columns 183 to 243 of 290]
1.23204E-1 1.23856E-1 1.22736E-1 1.14091E-1 1.03228E-1 1.0164E-1 1.13174E-1 1.11547E-1 7.7668E-2 7.97641E-2 7.75106E-2 7.59313E-2 8.33721E-2 7.46072E-2 7.38996E-2 6.81704E-2 7.34209E-2 6.42717E-2 6.38534E-2 6.34393E-2 7.89484E-2 5.84794E-2 5.0595E-2 6.34511E-2 6.14857E-2 5.40078E-2 5.93292E-2 5.94257E-2 5.52923E-2 5.81353E-2 5.89825E-2 5.41565E-2 5.56449E-2 6.00569E-2 5.14903E-2 4.54915E-2 5.51143E-2 5.55118E-2 5.59038E-2 5.53163E-2 4.7216E-2 3.58419E-2 3.72504E-2 3.51439E-2 3.88544E-2 3.51371E-2 4.31545E-2 4.09604E-2 5.01716E-2 3.49372E-2 3.53364E-2 2.92017E-2 3.57454E-2 2.93045E-2 3.51535E-2 3.54871E-2 3.64731E-2 3.31177E-2 3.74938E-2 -9999 -9999
1.17362E-1 1.3554E-1 1.26823E-1 1.17058E-1 1.24472E-1 1.07304E-1 9.59699E-2 8.39312E-2 6.92968E-2 7.63756E-2 9.35239E-2 8.52024E-2 8.54018E-2 8.77388E-2 6.79233E-2 7.03758E-2 6.63621E-2 6.68011E-2 6.5601E-2 6.33718E-2 6.87522E-2 5.5673E-2 5.93231E-2 6.17277E-2 6.33166E-2 5.666E-2 5.4806E-2 5.52702E-2 5.96248E-2 5.99936E-2 5.30885E-2 5.1493E-2 5.63657E-2 5.90455E-2 5.77524E-2 5.96783E-2 6.55261E-2 6.33157E-2 5.30105E-2 5.07071E-2 3.5698E-2 3.96971E-2 4.94195E-2 4.32911E-2 3.70293E-2 3.95428E-2 3.87207E-2 4.80989E-2 7.6666E-2 3.72077E-2 3.40376E-2 3.08464E-2 4.00428E-2 3.41199E-2 2.9316E-2 3.58707E-2 3.66693E-2 3.93705E-2 3.71876E-2 -9999 -9999
1.29304E-1 1.33616E-1 1.24583E-1 1.26327E-1 1.38733E-1 9.96606E-2 9.08002E-2 7.03779E-2 8.25354E-2 1.07418E-1 9.97511E-2 9.34843E-2 8.18847E-2 1.20681E-1 7.5192E-2 6.88394E-2 7.65837E-2 7.05982E-2 6.78636E-2 6.85365E-2 6.06169E-2 5.91652E-2 6.14987E-2 5.70884E-2 5.78336E-2 6.10712E-2 5.65952E-2 5.25681E-2 5.2985E-2 6.46295E-2 5.5873E-2 5.70928E-2 6.3339E-2 5.70752E-2 6.35337E-2 5.7133E-2 5.69901E-2 5.8173E-2 5.29165E-2 5.49176E-2 5.33057E-2 5.00873E-2 4.56319E-2 4.04086E-2 4.29956E-2 4.23348E-2 3.86294E-2 3.87584E-2 3.67902E-2 3.61694E-2 3.48328E-2 5.65665E-2 4.2729E-2 2.92447E-2 3.11094E-2 3.99163E-2 3.88498E-2 4.26528E-2 -9999 -9999 -9999
1.62424E-1 1.46662E-1 1.28338E-1 1.16217E-1 1.12942E-1 1.08533E-1 1.44674E-1 1.41009E-1 1.05832E-1 9.96571E-2 9.35511E-2 8.65939E-2 9.10339E-2 7.81037E-2 7.22013E-2 7.43609E-2 7.47947E-2 6.56547E-2 7.05532E-2 5.48537E-2 5.21916E-2 6.54566E-2 9.1805E-2 7.10965E-2 5.7085E-2 6.3562E-2 5.96967E-2 6.20338E-2 6.23609E-2 5.07517E-2 5.51113E-2 5.5101E-2 5.75149E-2 6.10294E-2 6.14621E-2 5.20795E-2 4.68339E-2 5.70842E-2 5.59591E-2 1.0018E-1 5.7697E-2 5.1981E-2 5.19298E-2 4.68517E-2 4.37231E-2 4.26756E-2 4.35023E-2 3.96458E-2 3.88719E-2 3.79555E-2 4.51776E-2 3.26178E-2 3.09259E-2 3.19851E-2 3.64322E-2 4.25413E-2 4.33891E-2 4.28354E-2 -9999 -9999 -9999
1.2991E-1 1.25253E-1 1.23892E-1 1.13429E-1 1.1443E-1 1.20524E-1 1.23355E-1 1.92983E-1 9.80987E-2 1.0323E-1 8.93764E-2 8.67637E-2 8.02427E-2 7.96252E-2 7.3835E-2 7.55174E-2 7.78548E-2 7.26885E-2 6.5102E-2 6.2323E-2 6.48403E-2 8.76834E-2 7.82153E-2 1.15579E-1 6.1874E-2 6.03017E-2 6.07229E-2 6.03449E-2 5.22668E-2 4.99019E-2 5.99242E-2 7.002E-2 6.22909E-2 6.08105E-2 6.00139E-2 6.14248E-2 6.44833E-2 6.11565E-2 6.27415E-2 1.1445E-1 5.99196E-2 5.39357E-2 5.14043E-2 4.76465E-2 4.9182E-2 4.37963E-2 3.87597E-2 3.63741E-2 3.68581E-2 3.43593E-2 4.89501E-2 4.22827E-2 4.53318E-2 4.23182E-2 3.36062E-2 3.87649E-2 4.10903E-2 4.0878E-2 -9999 -9999 -9999
1.38441E-1 1.34099E-1 1.9269E-1 1.11507E-1 1.1518E-1 1.16711E-1 1.14816E-1 1.04448E-1 1.04931E-1 9.88081E-2 9.42537E-2 8.53645E-2 8.37495E-2 8.45965E-2 7.71668E-2 7.71807E-2 7.89895E-2 8.23414E-2 6.78153E-2 7.38051E-2 6.68098E-2 6.2784E-2 1.00036E-1 6.64086E-2 7.53778E-2 6.09252E-2 6.45065E-2 5.79605E-2 7.5488E-2 6.08278E-2 6.10918E-2 5.98542E-2 6.26888E-2 6.41875E-2 5.41783E-2 5.05019E-2 5.91445E-2 5.60847E-2 6.42011E-2 6.25737E-2 5.74519E-2 5.90363E-2 5.56552E-2 5.01299E-2 4.52536E-2 4.3891E-2 3.72921E-2 3.86022E-2 4.0138E-2 3.78358E-2 3.92797E-2 3.87612E-2 3.5532E-2 4.24686E-2 3.86397E-2 3.76311E-2 4.03561E-2 -9999 -9999 -9999 -9999
2.113E-1 1.33029E-1 1.35083E-1 2.10003E-1 1.50302E-1 1.0555E-1 1.38588E-1 1.82825E-1 1.78097E-1 1.27004E-1 9.08806E-2 8.12445E-2 9.2784E-2 8.40317E-2 7.99986E-2 7.63891E-2 8.00014E-2 7.95838E-2 8.39581E-2 7.33423E-2 7.13298E-2 6.90706E-2 6.7133E-2 1.29689E-1 7.19366E-2 6.21533E-2 5.93912E-2 5.26243E-2 6.09543E-2 6.07648E-2 5.90082E-2 5.25927E-2 5.85905E-2 6.33419E-2 6.33897E-2 6.91004E-2 5.57175E-2 5.02644E-2 6.9625E-2 6.29696E-2 6.25561E-2 6.84045E-2 6.33488E-2 5.25528E-2 5.01009E-2 4.52445E-2 4.3259E-2 4.4868E-2 4.1328E-2 3.91332E-2 4.00408E-2 4.24616E-2 4.35581E-2 4.38751E-2 4.24029E-2 3.88918E-2 4.25994E-2 -9999 -9999 -9999 -9999
2.73997E-1 1.31171E-1 1.29137E-1 1.80046E-1 1.06685E-1 1.62635E-1 1.38389E-1 1.90445E-1 2.12581E-1 8.87596E-2 1.54027E-1 1.84562E-1 8.88581E-2 9.36338E-2 8.74E-2 8.23293E-2 8.12016E-2 7.76051E-2 8.01148E-2 7.6207E-2 6.99562E-2 8.28627E-2 6.7341E-2 6.70576E-2 6.3115E-2 7.65391E-2 7.2363E-2 6.09369E-2 6.79239E-2 6.21149E-2 6.29673E-2 6.53399E-2 5.5527E-2 5.20949E-2 6.54145E-2 6.49413E-2 6.70313E-2 6.56456E-2 7.01361E-2 5.76735E-2 6.52434E-2 6.24809E-2 5.31068E-2 5.59362E-2 4.94263E-2 4.7313E-2 4.48935E-2 4.65301E-2 4.2734E-2 3.9226E-2 4.14477E-2 4.63101E-2 4.61884E-2 4.23626E-2 4.10532E-2 3.90324E-2 4.74817E-2 -9999 -9999 -9999 -9999
1.55337E-1 1.32646E-1 1.37393E-1 1.40614E-1 1.331E-1 1.34702E-1 2.24642E-1 2.43933E-1 1.96169E-1 8.71771E-2 1.95454E-1 1.28894E-1 9.37366E-2 9.58594E-2 8.84102E-2 8.33487E-2 8.30502E-2 8.15317E-2 7.96497E-2 7.9242E-2 7.04533E-2 7.12295E-2 6.95424E-2 7.05422E-2 1.0414E-1 8.35375E-2 7.15762E-2 6.40623E-2 6.01807E-2 6.14201E-2 6.44389E-2 6.42078E-2 6.46157E-2 6.22245E-2 6.95824E-2 6.75862E-2 7.22974E-2 6.22737E-2 6.22386E-2 5.30742E-2 6.62799E-2 6.22963E-2 5.61304E-2 5.74526E-2 5.29438E-2 5.25848E-2 5.18255E-2 4.83087E-2 4.4443E-2 4.39333E-2 4.766E-2 4.38454E-2 4.55255E-2 4.38128E-2 4.24952E-2 4.47588E-2 -9999 -9999 -9999 -9999 -9999
1.28799E-1 1.35675E-1 1.34634E-1 1.41083E-1 1.28364E-1 1.34014E-1 1.39189E-1 1.16829E-1 1.08791E-1 9.20412E-2 1.0892E-1 9.43898E-2 1.04253E-1 1.01197E-1 9.45876E-2 9.34E-2 9.51912E-2 9.4179E-2 7.97267E-2 7.69073E-2 8.09047E-2 7.00791E-2 7.9163E-2 7.52932E-2 7.52984E-2 7.70556E-2 7.70863E-2 7.32993E-2 6.19195E-2 5.88259E-2 6.52939E-2 6.83441E-2 6.0717E-2 6.79976E-2 7.0556E-2 7.13749E-2 6.95869E-2 6.13249E-2 5.89911E-2 6.90437E-2 6.72162E-2 6.69426E-2 5.80513E-2 5.8835E-2 5.71146E-2 5.6755E-2 5.20877E-2 4.87291E-2 4.87699E-2 5.28741E-2 4.57284E-2 4.34344E-2 4.5571E-2 4.35166E-2 5.01578E-2 4.8581E-2 -9999 -9999 -9999 -9999 -9999
1.24466E-1 1.58097E-1 1.59264E-1 1.371E-1 1.2952E-1 1.35168E-1 1.34949E-1 1.19028E-1 1.12897E-1 1.11718E-1 1.11139E-1 1.05551E-1 9.92467E-2 1.06043E-1 1.07526E-1 1.00971E-1 9.7062E-2 9.52529E-2 8.43221E-2 1.03804E-1 1.45627E-1 7.33837E-2 8.79063E-2 9.95861E-2 8.25742E-2 7.87666E-2 8.05001E-2 8.55091E-2 7.44415E-2 7.22162E-2 7.17088E-2 7.03069E-2 6.86895E-2 7.60562E-2 7.40453E-2 6.71821E-2 5.59138E-2 6.53915E-2 6.59659E-2 7.38064E-2 6.68145E-2 6.71063E-2 5.47511E-2 6.39318E-2 6.02269E-2 5.55669E-2 5.43959E-2 5.3614E-2 5.08013E-2 4.16025E-2 4.47031E-2 4.21257E-2 4.53142E-2 4.80394E-2 4.89354E-2 5.11966E-2 -9999 -9999 -9999 -9999 -9999
1.61113E-1 1.47705E-1 1.53885E-1 1.40938E-1 1.33812E-1 1.34884E-1 1.24218E-1 1.2576E-1 1.16055E-1 1.16862E-1 1.03709E-1 1.14303E-1 1.09747E-1 9.95653E-2 9.66352E-2 9.90267E-2 9.72144E-2 1.09129E-1 9.27466E-2 1.56026E-1 1.28788E-1 8.32509E-2 1.05516E-1 9.83362E-2 8.56884E-2 8.3778E-2 8.61475E-2 9.02626E-2 8.77268E-2 7.87245E-2 7.39752E-2 7.78177E-2 8.09036E-2 7.64098E-2 8.12929E-2 7.11614E-2 6.00916E-2 6.26124E-2 7.2125E-2 7.94466E-2 6.87895E-2 6.56175E-2 6.5605E-2 6.5081E-2 5.7786E-2 6.05673E-2 6.06145E-2 5.55341E-2 5.61037E-2 5.01167E-2 5.17556E-2 5.22738E-2 5.00696E-2 5.49949E-2 5.45841E-2 5.53335E-2 -9999 -9999 -9999 -9999 -9999
1.68533E-1 1.60256E-1 1.54292E-1 1.44572E-1 1.49364E-1 1.37441E-1 1.38275E-1 1.23349E-1 1.25908E-1 1.19745E-1 1.20129E-1 1.07612E-1 1.02414E-1 1.08175E-1 1.03503E-1 9.9846E-2 1.01725E-1 1.01516E-1 9.894E-2 1.73894E-1 1.36287E-1 9.38229E-2 8.65488E-2 9.78503E-2 9.83986E-2 8.98574E-2 9.32025E-2 9.4065E-2 9.00535E-2 9.09241E-2 8.18289E-2 8.40103E-2 8.68405E-2 6.95074E-2 8.18094E-2 7.51995E-2 8.19027E-2 7.56002E-2 8.0559E-2 7.67114E-2 7.35313E-2 6.97954E-2 7.01702E-2 6.873E-2 6.80838E-2 6.21141E-2 5.9624E-2 5.82995E-2 5.56952E-2 5.58405E-2 5.24523E-2 5.41601E-2 5.37541E-2 5.6601E-2 5.51915E-2 -9999 -9999 -9999 -9999 -9999 -9999
1.65965E-1 1.65201E-1 1.47448E-1 1.50844E-1 1.50022E-1 1.36857E-1 1.35594E-1 1.36272E-1 1.32925E-1 1.20909E-1 1.1129E-1 1.0644E-1 1.19009E-1 1.02871E-1 1.04318E-1 1.07139E-1 1.14879E-1 1.01137E-1 1.47136E-1 1.20619E-1 9.89452E-2 9.07603E-2 1.00172E-1 9.54814E-2 8.12453E-2 8.55739E-2 1.0062E-1 9.70601E-2 9.68691E-2 9.48732E-2 9.56072E-2 8.65672E-2 8.54213E-2 8.59009E-2 9.04808E-2 8.90664E-2 7.90658E-2 7.93045E-2 7.58161E-2 7.98251E-2 7.94553E-2 8.07442E-2 7.43201E-2 6.80182E-2 6.6523E-2 6.62782E-2 6.51441E-2 6.05752E-2 6.55754E-2 5.81998E-2 5.6915E-2 5.61454E-2 6.19774E-2 5.8821E-2 6.21727E-2 -9999 -9999 -9999 -9999 -9999 -9999
1.6722E-1 1.56335E-1 1.53416E-1 1.44233E-1 1.41928E-1 1.44698E-1 1.41572E-1 1.41453E-1 1.43594E-1 1.38459E-1 1.21189E-1 1.23677E-1 1.20452E-1 1.15348E-1 1.08016E-1 1.09559E-1 1.73172E-1 1.3823E-1 1.05017E-1 9.81993E-2 1.00159E-1 1.01485E-1 1.0114E-1 1.04847E-1 9.60985E-2 1.07438E-1 9.32851E-2 9.95703E-2 9.45662E-2 9.5934E-2 9.68296E-2 9.09388E-2 9.85274E-2 9.12981E-2 8.72511E-2 9.07207E-2 8.95026E-2 6.38856E-2 8.44366E-2 8.30056E-2 8.22427E-2 7.94808E-2 7.94172E-2 7.39957E-2 7.03819E-2 5.59903E-2 6.4152E-2 7.26987E-2 6.17439E-2 6.53829E-2 5.94009E-2 7.89702E-2 7.58355E-2 6.30621E-2 6.29681E-2 -9999 -9999 -9999 -9999 -9999 -9999
1.71135E-1 1.64531E-1 1.60546E-1 1.58677E-1 1.59498E-1 1.51211E-1 1.45395E-1 1.45482E-1 1.50204E-1 1.39578E-1 1.34789E-1 1.39143E-1 1.22301E-1 1.36572E-1 1.53872E-1 1.60265E-1 1.1754E-1 1.28686E-1 1.25936E-1 1.16077E-1 9.81115E-2 9.81883E-2 1.02728E-1 1.04121E-1 1.06778E-1 1.05843E-1 1.07597E-1 1.08016E-1 1.08354E-1 1.01866E-1 8.63118E-2 9.91271E-2 9.39603E-2 9.889E-2 9.02847E-2 7.90856E-2 9.02967E-2 9.04962E-2 9.23824E-2 8.47777E-2 8.64639E-2 7.18275E-2 7.81532E-2 7.47557E-2 7.5173E-2 7.06703E-2 6.94645E-2 6.91825E-2 6.83028E-2 7.03923E-2 7.00923E-2 6.86382E-2 6.72547E-2 6.60274E-2 -9999 -9999 -9999 -9999 -9999 -9999 -9999
1.76819E-1 1.78117E-1 1.80003E-1 1.78045E-1 1.75332E-1 1.67818E-1 1.62328E-1 1.71458E-1 1.46182E-1 1.42978E-1 1.54745E-1 1.51082E-1 1.2899E-1 1.36148E-1 1.62688E-1 1.28767E-1 1.15618E-1 1.17861E-1 1.47332E-1 1.11648E-1 1.04909E-1 9.30794E-2 1.19147E-1 1.10492E-1 1.18728E-1 1.13641E-1 1.06733E-1 1.13537E-1 1.10459E-1 1.06879E-1 1.06302E-1 1.01173E-1 1.00824E-1 9.78966E-2 9.48373E-2 8.5057E-2 9.99429E-2 9.27475E-2 9.39678E-2 9.02656E-2 9.13716E-2 8.56073E-2 8.47359E-2 7.74772E-2 7.99327E-2 7.51486E-2 7.73564E-2 7.55097E-2 7.03685E-2 7.28074E-2 7.4877E-2 7.43221E-2 6.48388E-2 7.00003E-2 -9999 -9999 -9999 -9999 -9999 -9999 -9999
1.81595E-1 1.90416E-1 1.99577E-1 2.11411E-1 2.18086E-1 1.80819E-1 1.82575E-1 1.7964E-1 1.61879E-1 1.30845E-1 1.47547E-1 1.51634E-1 1.86011E-1 1.69154E-1 1.44569E-1 1.53866E-1 1.72563E-1 1.47082E-1 1.15944E-1 1.16168E-1 1.09653E-1 1.63193E-1 1.19307E-1 1.1621E-1 1.10185E-1 1.31756E-1 1.27493E-1 1.18005E-1 1.09241E-1 1.10849E-1 1.18695E-1 1.06844E-1 1.03175E-1 1.04093E-1 9.72242E-2 9.4624E-2 9.61992E-2 9.31425E-2 8.99462E-2 8.08685E-2 8.61888E-2 8.94344E-2 8.90182E-2 8.2936E-2 8.1621E-2 8.61472E-2 8.13122E-2 8.38573E-2 7.80434E-2 7.63006E-2 8.18082E-2 7.35122E-2 7.71781E-2 7.31821E-2 -9999 -9999 -9999 -9999 -9999 -9999 -9999
1.87981E-1 2.0136E-1 2.23138E-1 2.13604E-1 1.84314E-1 1.72572E-1 1.75232E-1 1.78334E-1 1.74308E-1 1.52348E-1 1.40944E-1 1.51179E-1 1.47633E-1 1.39213E-1 1.54713E-1 1.93478E-1 2.4478E-1 1.44272E-1 1.29257E-1 1.29657E-1 1.24817E-1 1.16697E-1 1.25865E-1 1.32252E-1 1.22479E-1 1.23745E-1 1.25613E-1 1.28279E-1 1.2003E-1 1.24919E-1 1.10513E-1 1.34771E-1 1.07226E-1 1.03495E-1 9.47916E-2 1.04098E-1 9.9038E-2 9.10091E-2 9.75173E-2 9.09535E-2 9.40772E-2 9.21873E-2 8.4835E-2 8.49363E-2 8.63113E-2 8.52729E-2 8.45705E-2 8.4287E-2 8.40881E-2 8.50862E-2 7.94825E-2 7.9103E-2 7.96273E-2 -9999 -9999 -9999 -9999 -9999 -9999 -9999 -9999
2.07052E-1 1.83146E-1 2.23797E-1 1.73214E-1 1.87995E-1 1.75642E-1 2.44517E-1 2.18233E-1 1.82596E-1 1.66453E-1 1.64342E-1 1.43824E-1 1.36036E-1 1.55599E-1 1.60951E-1 2.29111E-1 2.41364E-1 1.84122E-1 1.40076E-1 1.28266E-1 1.32736E-1 1.29846E-1 1.30866E-1 1.30048E-1 1.33184E-1 1.38301E-1 1.35876E-1 1.24219E-1 1.20496E-1 1.25726E-1 1.22602E-1 1.13951E-1 1.10877E-1 1.12464E-1 1.04183E-1 1.07873E-1 1.04273E-1 1.02767E-1 9.90311E-2 9.86614E-2 9.54289E-2 9.18203E-2 9.38398E-2 8.71236E-2 8.49523E-2 8.2629E-2 9.48325E-2 9.28331E-2 9.13565E-2 9.02126E-2 1.13475E-1 8.58177E-2 7.31071E-2 -9999 -9999 -9999 -9999 -9999 -9999 -9999 -9999
2.23136E-1 2.21758E-1 2.06011E-1 1.70581E-1 1.93407E-1 2.3004E-1 2.39913E-1 2.23383E-1 3.49984E-1 1.85445E-1 1.62887E-1 1.59645E-1 1.51887E-1 1.46771E-1 1.58276E-1 2.05156E-1 1.67996E-1 1.5162E-1 1.4854E-1 1.44617E-1 1.5257E-1 1.43615E-1 1.44221E-1 1.43843E-1 1.38681E-1 1.44301E-1 1.40265E-1 1.42785E-1 1.43048E-1 1.32141E-1 1.25634E-1 1.22634E-1 1.19568E-1 1.13005E-1 1.10609E-1 1.0524E-1 1.07049E-1 1.04312E-1 1.05453E-1 1.07659E-1 1.00554E-1 1.01155E-1 9.88438E-2 9.70077E-2 9.53385E-2 9.29997E-2 9.53477E-2 9.98147E-2 9.73347E-2 9.97378E-2 1.12537E-1 7.61966E-2 7.63371E-2 -9999 -9999 -9999 -9999 -9999 -9999 -9999 -9999
2.12284E-1 2.1075E-1 2.00622E-1 2.24579E-1 2.36612E-1 2.50592E-1 1.82327E-1 1.83037E-1 2.70744E-1 2.70267E-1 1.69701E-1 1.53281E-1 1.56965E-1 1.49964E-1 1.5606E-1 1.51217E-1 1.66935E-1 1.48695E-1 1.52125E-1 1.48383E-1 1.47585E-1 1.53273E-1 1.50518E-1 1.48267E-1 1.48301E-1 1.44162E-1 1.70069E-1 1.70466E-1 1.49102E-1 1.41677E-1 1.28849E-1 1.24696E-1 1.21998E-1 1.19506E-1 1.17401E-1 1.16231E-1 1.12043E-1 1.13302E-1 1.1546E-1 1.16642E-1 1.11618E-1 1.03362E-1 1.02412E-1 1.01571E-1 9.85153E-2 9.63235E-2 1.02772E-1 1.07255E-1 1.03364E-1 1.04877E-1 8.56061E-2 9.75567E-2 9.64877E-2 -9999 -9999 -9999 -9999 -9999 -9999 -9999 -9999
2.31567E-1 1.90523E-1 1.88001E-1 2.12702E-1 2.21659E-1 2.35047E-1 2.28837E-1 1.8867E-1 1.98298E-1 1.9731E-1 2.12251E-1 1.67376E-1 1.69457E-1 1.66377E-1 1.53317E-1 1.52452E-1 1.56417E-1 1.61024E-1 1.69444E-1 1.60024E-1 1.61157E-1 1.62964E-1 1.59698E-1 1.64193E-1 1.61376E-1 1.63978E-1 1.68789E-1 1.7281E-1 1.92441E-1 1.47325E-1 1.4562E-1 1.39942E-1 1.24761E-1 1.24019E-1 1.15897E-1 1.20328E-1 1.22885E-1 1.22979E-1 1.27654E-1 1.1811E-1 1.17564E-1 1.0604E-1 1.05892E-1 1.01374E-1 9.83307E-2 9.26638E-2 1.05515E-1 1.11138E-1 1.03359E-1 1.14736E-1 1.05794E-1 1.01653E-1 -9999 -9999 -9999 -9999 -9999 -9999 -9999 -9999 -9999
2.32029E-1 2.14857E-1 1.99799E-1 2.06859E-1 2.19438E-1 2.44113E-1 1.98979E-1 1.9648E-1 1.87885E-1 1.62379E-1 1.76895E-1 1.83337E-1 1.86836E-1 1.72119E-1 1.69061E-1 1.68017E-1 1.64193E-1 1.68114E-1 1.68265E-1 1.61951E-1 1.72431E-1 1.66731E-1 1.59411E-1 1.93027E-1 2.62622E-1 1.73232E-1 1.73409E-1 1.65159E-1 1.80382E-1 1.49066E-1 1.46177E-1 1.35991E-1 1.34663E-1 1.36876E-1 1.27315E-1 1.27761E-1 1.2919E-1 1.09693E-1 1.38598E-1 1.22709E-1 1.23861E-1 1.18531E-1 1.16076E-1 1.06613E-1 1.0573E-1 1.05574E-1 1.13998E-1 1.20615E-1 1.18432E-1 1.2054E-1 1.16372E-1 1.05455E-1 -9999 -9999 -9999 -9999 -9999 -9999 -9999 -9999 -9999
2.68566E-1 2.25714E-1 2.58554E-1 2.00125E-1 1.92363E-1 2.1283E-1 2.1624E-1 1.90742E-1 1.74166E-1 1.7822E-1 1.8877E-1 2.09985E-1 1.99184E-1 1.40613E-1 1.90696E-1 2.0863E-1 1.83941E-1 1.74778E-1 1.67528E-1 1.77451E-1 1.72003E-1 1.66421E-1 1.752E-1 1.83995E-1 2.87132E-1 1.93433E-1 1.77294E-1 1.63755E-1 1.60058E-1 1.59332E-1 1.4694E-1 1.41734E-1 1.41474E-1 1.46375E-1 1.41961E-1 1.41336E-1 1.33979E-1 1.1677E-1 1.34139E-1 1.30507E-1 1.30856E-1 1.23452E-1 1.19847E-1 1.17064E-1 1.08807E-1 1.12122E-1 1.17225E-1 1.21626E-1 1.48322E-1 1.24618E-1 1.12106E-1 1.0988E-1 -9999 -9999 -9999 -9999 -9999 -9999 -9999 -9999 -9999
3.12964E-1 2.25978E-1 2.67934E-1 1.9417E-1 2.314E-1 2.03884E-1 1.75128E-1 1.8828E-1 1.99277E-1 1.86436E-1 1.99555E-1 1.99485E-1 2.038E-1 1.68104E-1 2.03493E-1 1.92548E-1 1.88812E-1 1.97329E-1 2.10223E-1 1.85157E-1 1.77694E-1 1.74446E-1 1.58829E-1 1.87049E-1 1.92214E-1 1.9773E-1 1.85455E-1 1.7512E-1 1.69905E-1 1.66179E-1 1.63242E-1 1.59276E-1 1.52213E-1 1.24016E-1 1.3666E-1 1.42801E-1 1.34832E-1 1.28689E-1 1.371E-1 1.33559E-1 1.32603E-1 1.29717E-1 1.27083E-1 1.22457E-1 1.2158E-1 1.1783E-1 1.21922E-1 1.2653E-1 1.43056E-1 1.33554E-1 1.31335E-1 -9999 -9999 -9999 -9999 -9999 -9999 -9999 -9999 -9999 -9999
2.49821E-1 2.23692E-1 2.01773E-1 2.30447E-1 2.14725E-1 1.82808E-1 1.85801E-1 1.80865E-1 2.03622E-1 2.02611E-1 2.10987E-1 2.14622E-1 2.27353E-1 2.05791E-1 2.06342E-1 2.0581E-1 2.14642E-1 1.92145E-1 1.92219E-1 2.1042E-1 1.91437E-1 1.6928E-1 1.55954E-1 1.94163E-1 1.97931E-1 1.722E-1 1.78925E-1 1.85569E-1 1.73957E-1 1.64878E-1 1.63384E-1 1.62195E-1 1.59184E-1 1.57665E-1 1.53221E-1 1.51657E-1 1.54384E-1 1.3123E-1 1.37865E-1 1.34561E-1 1.33626E-1 1.36243E-1 1.29155E-1 1.3249E-1 1.2945E-1 1.2686E-1 1.31381E-1 1.37782E-1 1.41815E-1 1.39133E-1 1.43313E-1 -9999 -9999 -9999 -9999 -9999 -9999 -9999 -9999 -9999 -9999
