Final_Models_July82022/M_0.1_F_lqp_Set_1/Bison_median.asc
ncols         290
nrows         380
xllcorner     -2197417.7431653
yllcorner     -584827.01486885
cellsize      10000.0
NODATA_value  -9999
[rows 81 to 107 of 380, columns 183 to 243 of 290]
5.08061E-3 7.28979E-3 7.89223E-3 8.56645E-3 5.58066E-3 5.39246E-3 5.59494E-3 4.1165E-3 4.03903E-3 3.81659E-3 3.97074E-3 3.67618E-3 3.56084E-3 3.52967E-3 4.06319E-3 4.08301E-3 4.00533E-3 3.67117E-3 3.68094E-3 3.88563E-3 3.88567E-3 3.6092E-3 3.76129E-3 3.64828E-3 3.18609E-3 3.10575E-3 3.44286E-3 2.94608E-3 2.89967E-3 2.74946E-3 2.78474E-3 2.7759E-3 2.52381E-3 2.60019E-3 2.543E-3 2.38825E-3 2.45806E-3 2.17966E-3 2.03875E-3 1.88853E-3 1.985E-3 1.73959E-3 1.73603E-3 1.75263E-3 1.65887E-3 1.61485E-3 1.5851E-3 1.40543E-3 1.26449E-3 1.29256E-3 1.33051E-3 1.27554E-3 1.39062E-3 1.32863E-3 1.32423E-3 1.52852E-3 1.39897E-3 1.58789E-3 1.25425E-3 8.82354E-4 8.04069E-4
4.90125E-3 5.81541E-3 8.31404E-3 -9999 5.50316E-3 5.86726E-3 4.75048E-3 4.57266E-3 3.95822E-3 3.78309E-3 3.91094E-3 3.62622E-3 3.68992E-3 3.61398E-3 4.02385E-3 4.28871E-3 3.80868E-3 4.1045E-3 3.77082E-3 3.81889E-3 3.77697E-3 3.51228E-3 3.49026E-3 3.38079E-3 3.34935E-3 3.24978E-3 3.3421E-3 2.9917E-3 2.51831E-3 2.55284E-3 2.65952E-3 2.93617E-3 2.69207E-3 2.5445E-3 2.37003E-3 2.32107E-3 2.13751E-3 2.28042E-3 2.19734E-3 1.85651E-3 1.87878E-3 1.81876E-3 1.72479E-3 1.67408E-3 1.6233E-3 1.58112E-3 1.57473E-3 1.32149E-3 1.45741E-3 1.38451E-3 1.37677E-3 1.37088E-3 1.53506E-3 1.40682E-3 1.30383E-3 1.55382E-3 1.40278E-3 1.3846E-3 1.28886E-3 9.56344E-4 7.69073E-4
4.04954E-3 5.34808E-3 7.16399E-3 7.27303E-3 5.7256E-3 4.54753E-3 4.15846E-3 3.95576E-3 3.82073E-3 3.67921E-3 3.44016E-3 3.81841E-3 3.94259E-3 3.97153E-3 4.13946E-3 4.44198E-3 3.85111E-3 3.85111E-3 4.13166E-3 3.58569E-3 3.48053E-3 3.18394E-3 3.59355E-3 3.42808E-3 3.37571E-3 3.32104E-3 3.13923E-3 3.05156E-3 2.642E-3 2.60126E-3 2.74136E-3 2.44376E-3 2.645E-3 2.44008E-3 2.38991E-3 2.16048E-3 2.09413E-3 2.09605E-3 2.1039E-3 1.87287E-3 1.63394E-3 1.85672E-3 1.80417E-3 1.79913E-3 1.71735E-3 1.64465E-3 1.47897E-3 1.50215E-3 1.4826E-3 1.44601E-3 1.42742E-3 1.39315E-3 1.63548E-3 1.43156E-3 1.67695E-3 1.46735E-3 1.21405E-3 1.45249E-3 1.30409E-3 1.23599E-3 8.84054E-4
3.85472E-3 4.15434E-3 7.01952E-3 7.24267E-3 6.44511E-3 4.77638E-3 4.39487E-3 3.99266E-3 3.99801E-3 3.65183E-3 3.64485E-3 3.7818E-3 4.1404E-3 4.15462E-3 4.10493E-3 3.76272E-3 3.61356E-3 3.4931E-3 3.69085E-3 3.43449E-3 3.41253E-3 3.24227E-3 3.32336E-3 4.0422E-3 3.23632E-3 3.22588E-3 2.82471E-3 2.99174E-3 2.81051E-3 2.5487E-3 3.42007E-3 2.7352E-3 2.63158E-3 2.71438E-3 2.5171E-3 2.33601E-3 2.01556E-3 2.04485E-3 2.01452E-3 2.0971E-3 1.9719E-3 1.98666E-3 1.9705E-3 1.85623E-3 1.75697E-3 1.62837E-3 1.52815E-3 1.51307E-3 1.54377E-3 1.43994E-3 1.37586E-3 1.47961E-3 1.68337E-3 1.5765E-3 1.22076E-3 1.57394E-3 1.36025E-3 1.26487E-3 1.32922E-3 1.31269E-3 9.20725E-4
3.96795E-3 4.32011E-3 4.77666E-3 6.25163E-3 7.20891E-3 5.72741E-3 4.97676E-3 5.1269E-3 4.23328E-3 3.4268E-3 3.70814E-3 3.58134E-3 4.12832E-3 3.60211E-3 3.75704E-3 3.98689E-3 3.68973E-3 3.73253E-3 3.53779E-3 3.55799E-3 3.50164E-3 3.47386E-3 3.65236E-3 3.76185E-3 3.431E-3 3.28856E-3 3.22093E-3 3.01829E-3 3.13669E-3 2.70052E-3 3.40797E-3 2.83352E-3 2.88814E-3 2.54952E-3 2.62159E-3 2.29715E-3 2.02493E-3 2.08004E-3 2.1243E-3 2.11303E-3 2.10499E-3 2.07095E-3 1.89099E-3 1.75937E-3 1.78102E-3 1.61432E-3 1.6047E-3 1.4842E-3 1.57069E-3 1.62714E-3 1.57461E-3 1.73875E-3 1.35322E-3 1.36337E-3 1.36036E-3 1.40001E-3 1.05015E-3 1.18222E-3 1.19174E-3 1.2365E-3 7.8848E-4
4.31147E-3 4.482E-3 4.5064E-3 5.67024E-3 5.9624E-3 7.12871E-3 4.80021E-3 5.16764E-3 -9999 -9999 3.94635E-3 3.90449E-3 4.17043E-3 4.05479E-3 3.74975E-3 3.80833E-3 3.81287E-3 3.77663E-3 3.75295E-3 3.68128E-3 3.89796E-3 3.76665E-3 3.61968E-3 3.71987E-3 4.24499E-3 3.61217E-3 3.34626E-3 3.18342E-3 3.1205E-3 2.87689E-3 3.06691E-3 3.06817E-3 2.82404E-3 2.72686E-3 2.56482E-3 2.34301E-3 2.33734E-3 2.18192E-3 2.26764E-3 2.20167E-3 2.06777E-3 2.09198E-3 2.06405E-3 1.72691E-3 1.88174E-3 1.74458E-3 1.78148E-3 1.69112E-3 1.43852E-3 1.59748E-3 1.54761E-3 1.41891E-3 1.33625E-3 1.35435E-3 1.76683E-3 1.26835E-3 1.2452E-3 1.00554E-3 1.1085E-3 9.37446E-4 9.13367E-4
4.18407E-3 4.90971E-3 3.99249E-3 5.217E-3 6.31857E-3 6.69237E-3 4.91043E-3 4.70227E-3 4.27338E-3 4.34447E-3 4.46965E-3 3.94148E-3 -9999 3.71381E-3 3.55278E-3 3.85908E-3 3.92433E-3 3.69426E-3 3.65439E-3 3.67116E-3 3.75775E-3 3.71435E-3 3.72256E-3 3.55126E-3 3.8964E-3 4.14088E-3 3.33288E-3 3.11686E-3 3.22885E-3 3.75494E-3 2.99571E-3 4.67711E-3 3.03649E-3 2.67973E-3 2.74346E-3 2.85102E-3 2.65634E-3 2.34805E-3 2.36211E-3 2.28659E-3 2.0841E-3 2.12229E-3 1.88815E-3 1.95191E-3 1.82153E-3 1.92106E-3 1.72332E-3 1.77005E-3 1.5678E-3 1.58912E-3 2.00561E-3 1.66233E-3 1.52269E-3 1.63669E-3 1.33667E-3 1.31218E-3 1.20971E-3 1.28349E-3 1.08675E-3 8.75912E-4 9.28916E-4
4.40664E-3 4.63361E-3 4.95826E-3 5.05668E-3 4.99924E-3 6.33783E-3 5.40685E-3 4.60738E-3 4.16917E-3 4.10748E-3 4.42932E-3 4.52006E-3 4.8509E-3 3.86645E-3 3.65901E-3 3.84447E-3 4.04832E-3 3.77868E-3 4.40801E-3 4.23915E-3 4.03294E-3 3.82665E-3 3.69068E-3 4.08313E-3 3.64842E-3 3.46368E-3 3.93996E-3 3.1727E-3 3.43264E-3 2.75948E-3 3.24255E-3 3.5196E-3 2.88394E-3 2.93191E-3 3.01908E-3 2.79513E-3 2.8275E-3 2.38513E-3 2.31023E-3 2.36321E-3 2.34559E-3 2.18958E-3 2.14765E-3 1.94259E-3 1.98908E-3 2.0653E-3 1.8698E-3 1.95237E-3 1.74552E-3 1.70773E-3 1.64788E-3 1.63393E-3 1.47187E-3 1.29395E-3 1.34248E-3 1.20097E-3 1.42124E-3 1.22169E-3 1.14754E-3 1.08146E-3 9.34802E-4
4.55535E-3 5.06705E-3 5.12722E-3 5.7825E-3 5.55097E-3 5.86151E-3 6.41366E-3 4.91043E-3 4.53152E-3 5.00016E-3 5.25008E-3 4.63488E-3 4.51488E-3 4.08071E-3 3.93639E-3 4.01046E-3 3.8931E-3 4.0472E-3 4.46519E-3 4.272E-3 4.49539E-3 4.18325E-3 3.8087E-3 3.85607E-3 3.65823E-3 3.85926E-3 3.85946E-3 3.96417E-3 3.55115E-3 3.21215E-3 3.36338E-3 3.01633E-3 3.09407E-3 3.22171E-3 2.95269E-3 2.9352E-3 2.91699E-3 2.5429E-3 2.45302E-3 2.32376E-3 2.26311E-3 2.21713E-3 2.11137E-3 2.08045E-3 2.09675E-3 2.23271E-3 1.79748E-3 2.16198E-3 2.02187E-3 1.91738E-3 1.84664E-3 1.516E-3 1.48248E-3 1.31203E-3 1.33511E-3 1.32143E-3 1.87501E-3 1.27857E-3 1.043E-3 9.36743E-4 9.30717E-4
5.07552E-3 5.25611E-3 6.20481E-3 5.25307E-3 6.34591E-3 5.70665E-3 6.63995E-3 5.09091E-3 5.16659E-3 4.9319E-3 4.62939E-3 4.89015E-3 4.56425E-3 4.13198E-3 3.8996E-3 4.11101E-3 4.0777E-3 4.04755E-3 4.12446E-3 4.39986E-3 4.33123E-3 4.06722E-3 4.33922E-3 4.03946E-3 4.00927E-3 3.99608E-3 4.41866E-3 4.05053E-3 4.50228E-3 3.65491E-3 3.31574E-3 2.95576E-3 2.93337E-3 3.05623E-3 3.18469E-3 3.00234E-3 3.09021E-3 2.61109E-3 2.40342E-3 1.84849E-3 2.14596E-3 2.18914E-3 2.18531E-3 2.13628E-3 2.26001E-3 1.99857E-3 1.82733E-3 1.78112E-3 1.83434E-3 1.89396E-3 2.08865E-3 1.84995E-3 1.81864E-3 1.38943E-3 1.53826E-3 1.35938E-3 1.14529E-3 1.22495E-3 1.18141E-3 1.04517E-3 9.34926E-4
5.19186E-3 5.58358E-3 5.63552E-3 5.68304E-3 5.539E-3 5.34714E-3 5.7417E-3 5.4352E-3 5.22393E-3 5.45238E-3 4.94597E-3 5.04044E-3 4.41426E-3 4.62674E-3 4.08147E-3 4.16102E-3 4.28494E-3 3.97015E-3 4.01924E-3 4.04911E-3 4.86927E-3 4.02494E-3 4.63905E-3 4.76474E-3 4.67041E-3 4.24658E-3 4.0492E-3 4.28397E-3 3.88045E-3 3.98395E-3 3.50298E-3 3.19284E-3 3.27265E-3 3.84484E-3 3.11635E-3 2.68696E-3 3.02125E-3 2.68639E-3 2.34256E-3 2.63848E-3 2.48431E-3 2.17753E-3 2.1952E-3 2.0845E-3 2.15824E-3 1.88942E-3 1.89089E-3 1.83456E-3 1.72863E-3 1.73947E-3 1.98795E-3 1.74349E-3 1.53509E-3 1.53771E-3 1.65421E-3 1.36958E-3 1.34144E-3 1.20313E-3 1.10367E-3 1.16332E-3 9.85896E-4
5.39442E-3 5.65685E-3 6.81872E-3 4.20759E-3 5.47581E-3 5.46378E-3 5.01691E-3 5.16522E-3 5.02983E-3 4.67331E-3 5.49898E-3 5.10271E-3 4.15204E-3 4.46205E-3 4.1599E-3 4.26295E-3 4.25408E-3 3.97414E-3 4.20132E-3 4.47826E-3 4.40934E-3 4.63168E-3 4.60298E-3 4.72449E-3 4.33708E-3 4.48209E-3 4.51493E-3 4.34309E-3 3.6643E-3 3.46787E-3 3.15895E-3 3.2403E-3 4.04005E-3 3.3821E-3 2.95607E-3 3.12306E-3 2.96121E-3 2.77636E-3 2.65613E-3 2.75075E-3 2.1322E-3 2.28041E-3 2.30454E-3 2.19077E-3 2.0804E-3 2.0758E-3 1.87113E-3 1.92256E-3 1.73494E-3 1.65627E-3 1.80714E-3 1.46953E-3 1.51105E-3 1.44267E-3 1.40293E-3 1.59828E-3 1.51193E-3 1.32419E-3 1.2208E-3 1.13361E-3 1.1766E-3
5.61829E-3 6.16359E-3 5.87142E-3 6.99074E-3 5.80703E-3 5.13627E-3 5.38096E-3 5.67188E-3 5.49881E-3 5.33063E-3 5.49987E-3 4.82814E-3 4.60511E-3 4.68185E-3 4.38042E-3 4.51813E-3 4.32164E-3 4.42946E-3 4.5637E-3 4.73462E-3 4.72099E-3 4.74249E-3 4.92699E-3 4.75284E-3 5.53647E-3 4.58747E-3 4.86146E-3 4.79788E-3 3.90396E-3 3.5555E-3 3.13953E-3 3.38905E-3 3.62439E-3 4.20233E-3 2.77391E-3 3.007E-3 2.88906E-3 2.62179E-3 2.52526E-3 2.5307E-3 2.50499E-3 2.49043E-3 2.10112E-3 2.19949E-3 2.03455E-3 2.18023E-3 1.82234E-3 1.75385E-3 1.80267E-3 1.70678E-3 1.83782E-3 1.89468E-3 1.7026E-3 1.75195E-3 1.46257E-3 1.45637E-3 1.59543E-3 1.4465E-3 1.30187E-3 1.22001E-3 1.20139E-3
6.61579E-3 8.11891E-3 5.9836E-3 6.02883E-3 6.20994E-3 5.26661E-3 5.35742E-3 5.19375E-3 5.23839E-3 4.98339E-3 4.56596E-3 4.58575E-3 4.56019E-3 4.67111E-3 4.50582E-3 4.77301E-3 4.90261E-3 4.55917E-3 4.42744E-3 4.82756E-3 5.07964E-3 5.10821E-3 4.85521E-3 4.50019E-3 4.92922E-3 4.47014E-3 4.3154E-3 4.84529E-3 4.23493E-3 3.90191E-3 3.46794E-3 3.49399E-3 3.80945E-3 3.49021E-3 3.19145E-3 3.13709E-3 2.81419E-3 2.70772E-3 2.60342E-3 2.61996E-3 2.39536E-3 2.5074E-3 2.29439E-3 2.29879E-3 1.91879E-3 2.10466E-3 1.89124E-3 1.83522E-3 1.90241E-3 1.85345E-3 1.83746E-3 1.81534E-3 -9999 1.71569E-3 1.49136E-3 1.43973E-3 1.57263E-3 1.33748E-3 1.34576E-3 1.33794E-3 1.36841E-3
5.72454E-3 5.99656E-3 7.25669E-3 6.73509E-3 6.2786E-3 5.9325E-3 5.68051E-3 5.7356E-3 5.35812E-3 4.89755E-3 5.1314E-3 4.77322E-3 4.70167E-3 4.78194E-3 4.83983E-3 4.82287E-3 4.76354E-3 4.59927E-3 5.14165E-3 5.4954E-3 4.95007E-3 5.66752E-3 4.46073E-3 4.3598E-3 4.58805E-3 4.38103E-3 5.07687E-3 4.24755E-3 4.65476E-3 3.62469E-3 3.78918E-3 3.51072E-3 3.73681E-3 3.54389E-3 3.40111E-3 3.14535E-3 3.03365E-3 3.12016E-3 2.58327E-3 2.22422E-3 2.42657E-3 2.56436E-3 2.24775E-3 2.15074E-3 2.06564E-3 1.92667E-3 2.52997E-3 2.13323E-3 1.8225E-3 2.1052E-3 1.70307E-3 1.60518E-3 1.70226E-3 1.42365E-3 1.54424E-3 1.39343E-3 1.46261E-3 1.49021E-3 1.32907E-3 1.37834E-3 1.60066E-3
6.29374E-3 6.94675E-3 6.23675E-3 5.50875E-3 5.60944E-3 5.98323E-3 6.11991E-3 5.23003E-3 5.89833E-3 5.49375E-3 5.15802E-3 5.11601E-3 5.42016E-3 5.42887E-3 5.49009E-3 4.78577E-3 4.90022E-3 4.60645E-3 5.25516E-3 5.41628E-3 5.70148E-3 6.29682E-3 4.46958E-3 4.51059E-3 4.54852E-3 4.61081E-3 4.75888E-3 4.30131E-3 4.64825E-3 4.05697E-3 3.68612E-3 4.45345E-3 3.74773E-3 3.73977E-3 4.29315E-3 3.4463E-3 3.33786E-3 2.8089E-3 2.82264E-3 2.61339E-3 2.41887E-3 2.43642E-3 2.45624E-3 2.24505E-3 2.15559E-3 2.00033E-3 1.97109E-3 1.94523E-3 1.91965E-3 2.00595E-3 1.8011E-3 1.67019E-3 1.79728E-3 1.64726E-3 1.52204E-3 1.56233E-3 1.53758E-3 1.52924E-3 1.43982E-3 1.44443E-3 1.50836E-3
5.96086E-3 7.42215E-3 5.98517E-3 5.93827E-3 6.77228E-3 5.82486E-3 6.08358E-3 5.3728E-3 5.68477E-3 5.97026E-3 6.13275E-3 5.31794E-3 5.61628E-3 5.68445E-3 5.86137E-3 5.53195E-3 5.49472E-3 5.24254E-3 5.63224E-3 6.01696E-3 5.41183E-3 5.59649E-3 4.82197E-3 4.35211E-3 5.54972E-3 4.53579E-3 4.32792E-3 4.28402E-3 4.33998E-3 4.04821E-3 3.57501E-3 3.72239E-3 3.75877E-3 3.63822E-3 3.47089E-3 3.70591E-3 3.19192E-3 2.83614E-3 2.70812E-3 2.58084E-3 2.58672E-3 2.47184E-3 2.28261E-3 2.25854E-3 2.29014E-3 2.18379E-3 2.08059E-3 2.01058E-3 2.11093E-3 1.95132E-3 1.76293E-3 2.01295E-3 1.75946E-3 1.68274E-3 1.65763E-3 1.69373E-3 1.71962E-3 1.64351E-3 1.42145E-3 1.44941E-3 1.5346E-3
6.63652E-3 6.81963E-3 5.62139E-3 6.38114E-3 6.14475E-3 7.78129E-3 6.03958E-3 5.17989E-3 5.92996E-3 6.55032E-3 5.66432E-3 6.35252E-3 5.802E-3 6.03694E-3 6.2773E-3 5.82541E-3 5.61641E-3 5.88472E-3 5.31726E-3 5.48434E-3 5.7801E-3 5.14228E-3 5.28987E-3 4.90823E-3 4.44347E-3 4.14637E-3 4.2364E-3 4.92624E-3 3.97227E-3 3.70715E-3 3.84492E-3 3.73759E-3 4.14425E-3 3.93329E-3 4.11888E-3 3.06237E-3 3.07998E-3 2.89694E-3 2.84548E-3 2.90238E-3 2.82598E-3 2.67209E-3 2.32138E-3 2.37035E-3 2.23468E-3 2.30017E-3 2.08802E-3 2.19264E-3 2.23372E-3 2.04111E-3 2.00594E-3 1.90844E-3 1.85987E-3 1.82907E-3 1.85391E-3 1.61444E-3 1.6306E-3 1.54679E-3 1.52574E-3 1.66762E-3 1.61867E-3
7.25667E-3 6.76998E-3 6.63125E-3 6.90459E-3 7.08428E-3 6.8166E-3 7.21343E-3 5.72017E-3 5.73605E-3 6.85697E-3 5.57606E-3 6.14926E-3 6.40947E-3 6.51598E-3 6.12698E-3 6.38914E-3 5.37654E-3 5.19328E-3 4.99294E-3 5.31398E-3 6.14314E-3 5.71999E-3 4.93248E-3 4.72776E-3 4.46085E-3 4.29413E-3 4.34932E-3 4.04447E-3 4.12898E-3 4.21388E-3 3.51378E-3 3.58378E-3 3.65506E-3 3.57181E-3 3.54049E-3 2.9461E-3 2.94988E-3 3.06343E-3 3.09389E-3 2.83906E-3 2.83502E-3 2.60875E-3 2.38548E-3 2.30997E-3 2.1844E-3 2.06016E-3 2.13229E-3 2.21464E-3 2.13269E-3 2.31465E-3 1.994E-3 1.88312E-3 1.90471E-3 1.60885E-3 1.67604E-3 1.64865E-3 1.5842E-3 1.62378E-3 1.50555E-3 1.7075E-3 1.76509E-3
7.59256E-3 6.49996E-3 6.97576E-3 6.09724E-3 6.18616E-3 5.81792E-3 5.86528E-3 5.9709E-3 6.04913E-3 5.94305E-3 6.0372E-3 5.57732E-3 5.99328E-3 5.70031E-3 6.26006E-3 5.90496E-3 5.62555E-3 5.10203E-3 4.6477E-3 4.95849E-3 5.62124E-3 5.30263E-3 4.89068E-3 6.23725E-3 4.48544E-3 4.11694E-3 4.21346E-3 4.05594E-3 4.94714E-3 4.32659E-3 3.69221E-3 3.75685E-3 3.911E-3 4.06546E-3 3.32752E-3 3.40418E-3 2.82802E-3 3.34314E-3 2.91622E-3 2.95556E-3 2.87017E-3 2.73412E-3 2.83794E-3 2.90234E-3 3.05597E-3 2.34509E-3 2.31343E-3 2.28552E-3 2.28391E-3 2.5014E-3 2.16385E-3 2.17092E-3 1.91736E-3 1.69821E-3 1.58464E-3 1.73525E-3 1.69958E-3 1.65057E-3 1.55195E-3 1.71919E-3 1.61821E-3
6.6679E-3 6.56005E-3 6.52645E-3 6.93083E-3 7.2976E-3 6.52966E-3 6.19477E-3 6.6317E-3 6.22185E-3 6.55413E-3 5.93481E-3 5.74781E-3 5.54594E-3 6.13591E-3 5.70859E-3 5.40552E-3 5.37169E-3 5.06153E-3 4.89918E-3 5.02016E-3 5.55176E-3 5.10585E-3 5.52085E-3 4.26949E-3 3.70691E-3 3.46906E-3 3.96437E-3 4.10791E-3 4.27825E-3 4.25008E-3 4.07347E-3 4.09904E-3 3.94891E-3 3.88719E-3 3.28011E-3 3.99763E-3 3.49903E-3 4.36438E-3 3.32874E-3 3.1403E-3 2.84413E-3 2.81569E-3 2.72839E-3 2.76197E-3 2.39398E-3 2.32563E-3 2.46846E-3 2.37992E-3 2.44909E-3 2.32372E-3 2.20274E-3 2.22303E-3 1.96753E-3 1.96639E-3 1.85643E-3 1.62472E-3 1.67268E-3 1.74731E-3 1.4713E-3 1.76452E-3 1.66104E-3
6.19966E-3 6.26223E-3 6.20653E-3 5.86348E-3 5.71967E-3 5.41721E-3 7.42453E-3 6.28779E-3 6.68925E-3 6.16695E-3 7.0443E-3 5.90568E-3 5.6177E-3 6.35772E-3 5.73979E-3 5.26537E-3 3.70058E-3 4.98748E-3 5.12659E-3 4.5837E-3 4.55971E-3 4.87045E-3 6.0572E-3 4.82613E-3 4.22541E-3 4.19668E-3 4.12447E-3 4.2388E-3 4.0339E-3 4.45737E-3 4.29068E-3 4.23934E-3 4.19669E-3 4.28208E-3 4.95284E-3 3.70349E-3 3.81591E-3 3.4781E-3 3.22466E-3 3.38781E-3 3.42582E-3 2.88893E-3 2.79504E-3 2.83963E-3 2.84716E-3 2.72813E-3 2.76526E-3 2.88726E-3 2.2561E-3 2.50089E-3 2.35194E-3 2.80744E-3 2.37597E-3 2.00372E-3 1.84433E-3 1.85944E-3 1.88724E-3 1.74278E-3 1.59014E-3 1.78481E-3 1.94405E-3
6.92736E-3 6.78293E-3 5.8548E-3 5.65214E-3 5.81069E-3 6.16277E-3 6.58064E-3 6.35059E-3 6.42392E-3 6.47615E-3 9.66141E-3 5.93887E-3 5.63575E-3 5.70267E-3 5.89596E-3 5.7096E-3 5.36125E-3 5.38355E-3 4.70584E-3 5.1265E-3 4.91933E-3 5.35483E-3 6.33209E-3 5.69944E-3 5.33811E-3 4.70626E-3 4.48483E-3 6.79478E-3 4.96508E-3 6.80102E-3 4.37685E-3 4.43473E-3 4.64368E-3 4.04762E-3 4.22937E-3 4.17348E-3 4.00918E-3 3.75733E-3 3.49142E-3 3.69022E-3 3.23947E-3 3.09307E-3 2.7782E-3 2.69454E-3 2.93744E-3 2.84387E-3 2.82214E-3 2.55981E-3 2.47965E-3 2.4537E-3 2.53329E-3 2.07385E-3 1.96688E-3 2.52188E-3 2.06188E-3 2.24021E-3 2.18339E-3 1.78487E-3 1.89721E-3 1.76692E-3 1.87007E-3
6.53709E-3 6.74847E-3 5.98121E-3 6.42705E-3 6.4284E-3 6.12952E-3 7.15915E-3 6.95512E-3 6.86733E-3 6.32617E-3 5.79682E-3 5.70615E-3 5.64631E-3 5.5783E-3 5.47207E-3 6.05249E-3 5.51938E-3 6.87462E-3 5.37143E-3 5.2114E-3 5.09545E-3 6.2644E-3 7.03426E-3 7.48122E-3 5.80402E-3 7.23274E-3 5.00561E-3 6.8054E-3 3.71141E-3 4.90672E-3 4.03635E-3 4.46117E-3 4.38656E-3 4.34439E-3 4.28774E-3 4.26122E-3 4.25689E-3 4.47307E-3 3.69774E-3 3.77838E-3 3.61036E-3 3.24542E-3 2.8169E-3 3.12708E-3 3.17568E-3 3.05182E-3 2.71832E-3 2.36024E-3 2.2784E-3 2.2223E-3 2.07299E-3 2.17899E-3 2.12706E-3 2.51295E-3 2.10136E-3 2.22531E-3 2.1809E-3 1.94895E-3 1.90785E-3 2.09691E-3 2.06145E-3
6.15594E-3 6.36531E-3 6.49678E-3 6.29517E-3 6.43606E-3 6.50934E-3 6.96822E-3 6.98171E-3 6.50749E-3 6.43957E-3 5.78978E-3 5.86649E-3 5.90728E-3 5.8523E-3 5.70354E-3 5.61838E-3 5.59177E-3 5.33907E-3 6.38941E-3 6.01669E-3 5.80109E-3 5.804E-3 7.43945E-3 6.07732E-3 5.44971E-3 4.92652E-3 5.50285E-3 4.34257E-3 8.22762E-3 8.40843E-3 6.20715E-3 4.94319E-3 4.62296E-3 4.4574E-3 4.74082E-3 4.59736E-3 5.17514E-3 3.98583E-3 3.40243E-3 3.75982E-3 3.35627E-3 3.40615E-3 3.14719E-3 3.07796E-3 3.04173E-3 2.91397E-3 2.53173E-3 2.50646E-3 3.18862E-3 2.27562E-3 2.6238E-3 2.22169E-3 2.21532E-3 2.47363E-3 2.1475E-3 2.16854E-3 2.26001E-3 2.11215E-3 2.02821E-3 2.25717E-3 2.22458E-3
7.10802E-3 6.99798E-3 7.01E-3 6.51674E-3 6.2911E-3 6.41207E-3 6.28652E-3 6.01495E-3 5.30635E-3 6.67726E-3 6.27659E-3 5.61745E-3 5.82094E-3 5.9811E-3 5.45287E-3 5.34874E-3 9.50553E-3 5.69698E-3 6.68245E-3 6.48178E-3 6.67328E-3 6.60046E-3 6.08063E-3 5.69005E-3 5.7941E-3 6.09056E-3 6.31083E-3 5.37586E-3 6.93138E-3 7.49907E-3 7.12887E-3 5.32444E-3 4.99649E-3 4.29227E-3 4.28046E-3 3.95504E-3 3.93344E-3 4.09427E-3 3.61787E-3 3.73333E-3 3.40645E-3 3.29923E-3 3.12691E-3 3.07227E-3 3.26649E-3 2.71226E-3 2.54714E-3 2.2674E-3 2.33992E-3 2.31762E-3 2.18273E-3 2.37664E-3 2.35111E-3 2.555E-3 2.64699E-3 2.12724E-3 2.15345E-3 2.36947E-3 2.44671E-3 2.6896E-3 2.18262E-3
8.15673E-3 6.54495E-3 6.99355E-3 8.07647E-3 7.16482E-3 6.22529E-3 7.58685E-3 6.61336E-3 5.73215E-3 6.542E-3 6.43144E-3 5.77535E-3 5.45816E-3 6.02729E-3 6.21877E-3 5.7496E-3 6.16282E-3 6.24589E-3 6.94014E-3 7.53331E-3 6.96006E-3 6.75386E-3 8.68633E-3 8.90572E-3 7.66535E-3 6.615E-3 5.59425E-3 5.05711E-3 5.13808E-3 4.57292E-3 4.60328E-3 4.63149E-3 7.00906E-3 4.02005E-3 4.3177E-3 4.14984E-3 4.0464E-3 3.66969E-3 4.17776E-3 3.54087E-3 3.51431E-3 3.38061E-3 3.22111E-3 2.96141E-3 3.29448E-3 2.67408E-3 2.43868E-3 2.40655E-3 2.50278E-3 2.3865E-3 2.31548E-3 2.58399E-3 2.59667E-3 2.46327E-3 2.62993E-3 2.63211E-3 2.49979E-3 2.80266E-3 2.5606E-3 2.54208E-3 2.89505E-3
