Final_Models_July82022/M_0.1_F_lqp_Set_1/Bison_2.asc
ncols         290
nrows         380
xllcorner     -2197417.7431653
yllcorner     -584827.01486885
cellsize      10000.0
NODATA_value  -9999
[rows 108 to 134 of 380, columns 122 to 182 of 290]
5.79243E-2 9.36296E-2 9.20955E-2 7.17407E-2 8.23403E-2 8.94462E-2 8.41233E-2 4.46391E-2 3.97843E-2 3.88589E-2 9.38686E-2 1.01025E-1 1.13489E-1 1.104E-1 1.25719E-1 9.89531E-2 1.10884E-1 8.93506E-2 8.62152E-2 8.81883E-2 9.34407E-2 1.05834E-1 8.95958E-2 8.95245E-2 7.46184E-2 7.83485E-2 8.85023E-2 6.93527E-2 4.88568E-2 4.68082E-2 4.76988E-2 4.60416E-2 3.24656E-2 3.06647E-2 3.41721E-2 2.36397E-2 1.98829E-2 1.62855E-2 1.57412E-2 1.47822E-2 1.81357E-2 1.3357E-2 1.54103E-2 1.29026E-2 1.09914E-2 1.17029E-2 1.51322E-2 9.03637E-3 7.80402E-3 8.60432E-3 8.97125E-3 9.41001E-3 1.1258E-2 1.03512E-2 9.2509E-3 8.95486E-3 8.61177E-3 8.30841E-3 7.84469E-3 7.58043E-3 7.25095E-3
9.81918E-2 9.46903E-2 5.84013E-2 7.95286E-2 5.06116E-2 4.89197E-2 9.05948E-2 5.63838E-2 4.04147E-2 4.06669E-2 6.94592E-2 1.01012E-1 1.21695E-1 1.0725E-1 1.07669E-1 9.76299E-2 9.90968E-2 1.02164E-1 1.04981E-1 1.2627E-1 9.18597E-2 1.11508E-1 1.07264E-1 7.60817E-2 3.58742E-2 4.83333E-2 8.69581E-2 1.10986E-1 5.3778E-2 4.50575E-2 4.77515E-2 4.70348E-2 3.48573E-2 2.63466E-2 2.68667E-2 1.78107E-2 2.33889E-2 1.88968E-2 1.95159E-2 1.74572E-2 1.91703E-2 1.79337E-2 1.75202E-2 1.51777E-2 1.49344E-2 1.25779E-2 1.45973E-2 8.96136E-3 9.43029E-3 9.59481E-3 9.9896E-3 9.52283E-3 1.35628E-2 1.07206E-2 1.04471E-2 1.04164E-2 9.54706E-3 9.12044E-3 8.83236E-3 8.13995E-3 7.6584E-3
6.24393E-2 6.48173E-2 4.56542E-2 5.15664E-2 8.1022E-2 6.87254E-2 8.65472E-2 1.26653E-1 7.17565E-2 6.44116E-2 8.32914E-2 1.05957E-1 1.15514E-1 9.25714E-2 1.04006E-1 1.05703E-1 1.10607E-1 1.31567E-1 1.05746E-1 1.14285E-1 1.07241E-1 1.06486E-1 9.35525E-2 4.69672E-2 3.5833E-2 4.89478E-2 6.04078E-2 5.19634E-2 4.55967E-2 4.21405E-2 4.3421E-2 2.67421E-2 2.80253E-2 3.16121E-2 2.84135E-2 3.10838E-2 1.96893E-2 2.12331E-2 1.81518E-2 2.21543E-2 2.18808E-2 1.93897E-2 2.08399E-2 2.19807E-2 1.43255E-2 1.23163E-2 1.46757E-2 1.63512E-2 1.14856E-2 1.13655E-2 1.144E-2 1.18326E-2 8.81982E-3 8.95654E-3 9.08323E-3 9.78863E-3 8.66121E-3 8.80689E-3 8.22166E-3 8.47988E-3 7.75534E-3
5.47304E-2 1.03609E-1 1.12961E-1 6.12714E-2 7.44845E-2 1.01678E-1 6.99858E-2 7.49583E-2 9.971E-2 1.12888E-1 9.70478E-2 1.03156E-1 1.06941E-1 1.1295E-1 9.85605E-2 1.08968E-1 1.10745E-1 1.07713E-1 1.07539E-1 1.08675E-1 1.15931E-1 9.46621E-2 7.94301E-2 8.72791E-2 5.12804E-2 4.06594E-2 6.1722E-2 4.32771E-2 6.57884E-2 3.0064E-2 3.70998E-2 2.46904E-2 3.33774E-2 5.54036E-2 3.19489E-2 3.14555E-2 2.55668E-2 2.42088E-2 2.47772E-2 1.90369E-2 2.05883E-2 2.10048E-2 1.93564E-2 1.42802E-2 1.29465E-2 1.22215E-2 1.47592E-2 1.49311E-2 1.67611E-2 1.37529E-2 1.32892E-2 1.36595E-2 1.1244E-2 9.59567E-3 8.94279E-3 9.45555E-3 1.20575E-2 8.63128E-3 8.26022E-3 8.6474E-3 8.6405E-3
5.20867E-2 5.60093E-2 7.9446E-2 8.94493E-2 1.03196E-1 1.15244E-1 1.31674E-1 7.78704E-2 8.76749E-2 8.46886E-2 1.10293E-1 1.10426E-1 1.08774E-1 1.27476E-1 8.02689E-2 9.8465E-2 1.11732E-1 9.56342E-2 7.7753E-2 1.1088E-1 1.03021E-1 9.54519E-2 1.10816E-1 9.67554E-2 9.58565E-2 8.46501E-2 9.82784E-2 5.12045E-2 3.56109E-2 5.33377E-2 6.34355E-2 4.51378E-2 4.77731E-2 6.43637E-2 4.46587E-2 3.93227E-2 2.85492E-2 2.29207E-2 1.97505E-2 2.07648E-2 2.08283E-2 1.61875E-2 1.37188E-2 1.25323E-2 1.26299E-2 1.60392E-2 1.26165E-2 1.4985E-2 1.68386E-2 1.08345E-2 1.44406E-2 1.09527E-2 1.06659E-2 9.83842E-3 8.92283E-3 8.05027E-3 9.09204E-3 8.80078E-3 9.26625E-3 8.6177E-3 8.96959E-3
7.04288E-2 5.68812E-2 7.97765E-2 1.16913E-1 1.22621E-1 1.3322E-1 8.267E-2 8.53573E-2 7.23528E-2 6.57596E-2 9.21154E-2 1.06089E-1 9.58333E-2 1.14507E-1 1.02929E-1 7.49302E-2 9.99112E-2 7.09671E-2 1.11239E-1 1.12604E-1 1.06007E-1 1.11299E-1 9.77612E-2 9.36022E-2 8.8101E-2 9.94258E-2 1.00835E-1 7.93153E-2 4.48911E-2 5.94194E-2 5.61378E-2 7.34096E-2 7.30627E-2 6.48638E-2 6.81976E-2 4.28455E-2 2.19825E-2 2.6616E-2 2.69266E-2 2.08634E-2 1.97772E-2 1.59479E-2 1.59844E-2 1.45553E-2 1.31693E-2 1.40988E-2 1.34659E-2 1.41178E-2 1.37146E-2 9.46799E-3 1.34971E-2 1.23551E-2 1.05482E-2 1.03344E-2 9.67416E-3 9.1968E-3 8.95708E-3 8.89349E-3 8.69672E-3 8.64986E-3 8.84714E-3
5.06271E-2 1.15624E-1 9.39557E-2 5.36841E-2 1.01576E-1 1.13714E-1 9.06045E-2 5.97275E-2 6.14762E-2 7.89498E-2 1.10814E-1 9.54233E-2 9.13706E-2 1.00475E-1 1.40292E-1 6.05508E-2 8.44758E-2 1.30779E-1 1.29996E-1 1.27158E-1 1.09619E-1 1.18589E-1 1.00977E-1 1.15839E-1 9.34095E-2 1.15274E-1 1.02417E-1 8.73467E-2 5.2321E-2 3.54187E-2 3.13508E-2 6.91091E-2 5.46459E-2 7.28993E-2 5.40252E-2 3.53287E-2 2.92209E-2 3.47739E-2 4.18166E-2 2.72871E-2 2.58695E-2 2.45443E-2 2.75922E-2 1.79566E-2 1.68751E-2 1.44056E-2 1.59849E-2 1.59332E-2 1.14204E-2 1.11634E-2 1.1748E-2 1.15606E-2 1.07041E-2 1.17565E-2 1.19049E-2 1.16723E-2 1.07286E-2 9.92757E-3 9.6268E-3 9.16095E-3 8.99231E-3
6.04652E-2 6.65744E-2 9.718E-2 7.01876E-2 8.84784E-2 9.23255E-2 9.49845E-2 6.88438E-2 7.89459E-2 6.60361E-2 1.36642E-1 1.13503E-1 9.69538E-2 1.12522E-1 1.17218E-1 8.32041E-2 1.06934E-1 1.18434E-1 1.08968E-1 1.13188E-1 1.10116E-1 1.05272E-1 1.03567E-1 1.06514E-1 1.08494E-1 5.2918E-2 8.9904E-2 9.38228E-2 6.25904E-2 3.48428E-2 3.23891E-2 8.82345E-2 7.41195E-2 7.99027E-2 3.39998E-2 2.99846E-2 4.996E-2 5.74474E-2 3.17607E-2 4.04332E-2 4.35547E-2 3.0316E-2 2.84778E-2 2.42216E-2 1.75521E-2 1.84006E-2 2.09636E-2 1.6123E-2 1.34572E-2 1.64547E-2 1.39202E-2 1.24458E-2 1.5108E-2 1.87751E-2 1.59264E-2 1.24359E-2 1.21194E-2 9.78822E-3 1.01683E-2 1.01822E-2 8.85523E-3
4.44283E-2 6.99807E-2 5.91386E-2 6.1659E-2 8.81639E-2 1.24223E-1 9.32803E-2 5.87562E-2 9.58746E-2 1.08748E-1 9.05456E-2 1.03444E-1 1.04735E-1 1.10736E-1 1.1676E-1 6.33028E-2 5.66358E-2 1.20626E-1 1.27983E-1 1.3194E-1 1.18602E-1 1.18669E-1 1.05856E-1 9.57802E-2 7.3076E-2 1.01612E-1 5.50167E-2 7.90405E-2 1.47997E-1 7.01652E-2 3.54005E-2 3.28332E-2 3.61076E-2 6.22052E-2 8.89616E-2 4.22218E-2 4.45499E-2 4.31485E-2 4.01641E-2 4.13089E-2 3.46815E-2 2.71816E-2 2.81335E-2 2.98717E-2 2.09096E-2 2.33211E-2 2.4309E-2 1.62504E-2 2.75858E-2 1.82022E-2 1.91895E-2 2.23826E-2 1.9867E-2 2.00736E-2 1.58165E-2 1.46619E-2 1.24008E-2 1.12791E-2 9.77206E-3 9.94085E-3 9.81664E-3
3.81666E-2 5.51281E-2 8.13385E-2 6.02728E-2 5.77799E-2 1.10172E-1 1.69042E-1 1.58493E-1 1.52815E-1 1.29263E-1 1.06717E-1 1.07498E-1 1.05307E-1 1.16317E-1 1.21193E-1 1.24368E-1 5.88229E-2 8.17012E-2 1.06728E-1 1.25627E-1 1.22721E-1 1.24911E-1 1.18586E-1 1.05153E-1 1.00698E-1 1.0294E-1 1.06865E-1 9.63916E-2 1.04405E-1 5.94783E-2 3.69944E-2 3.26749E-2 3.61744E-2 6.07069E-2 1.02015E-1 5.38807E-2 4.80939E-2 5.27799E-2 5.09858E-2 3.93176E-2 3.49519E-2 2.88926E-2 4.23032E-2 3.50641E-2 2.91787E-2 3.05807E-2 4.85882E-2 3.21465E-2 3.62387E-2 3.41031E-2 2.96779E-2 2.45898E-2 2.75688E-2 1.87472E-2 1.60466E-2 1.44769E-2 1.33108E-2 1.33713E-2 9.98199E-3 1.2157E-2 9.8621E-3
4.87113E-2 3.70355E-2 4.06474E-2 4.92522E-2 5.43141E-2 8.58897E-2 1.24274E-1 1.30501E-1 1.26299E-1 1.10902E-1 1.05747E-1 1.16697E-1 1.1334E-1 1.01198E-1 1.09146E-1 2.27047E-1 7.53992E-2 5.51385E-2 4.92933E-2 1.05163E-1 1.26017E-1 1.30659E-1 1.19695E-1 1.41742E-1 1.19467E-1 1.06244E-1 8.82576E-2 9.52818E-2 1.05748E-1 8.28285E-2 4.87056E-2 7.44156E-2 6.52542E-2 1.13447E-1 9.89678E-2 7.55216E-2 7.12404E-2 6.94751E-2 5.90149E-2 5.46294E-2 3.71961E-2 4.11699E-2 4.48184E-2 5.93733E-2 3.70981E-2 5.40922E-2 6.59654E-2 6.78498E-2 6.41435E-2 3.89901E-2 3.54164E-2 2.91468E-2 2.78089E-2 2.03015E-2 1.82022E-2 1.89064E-2 1.64401E-2 1.19227E-2 1.50994E-2 1.01477E-2 9.40666E-3
4.77873E-2 4.27289E-2 5.0018E-2 7.21144E-2 5.39823E-2 9.5908E-2 1.29247E-1 1.27269E-1 1.16999E-1 1.27783E-1 1.16719E-1 1.1715E-1 1.18049E-1 8.80121E-2 9.92201E-2 1.30908E-1 1.54324E-1 8.70476E-2 6.28608E-2 7.80072E-2 1.31341E-1 1.27718E-1 1.34974E-1 1.19085E-1 9.35704E-2 1.23943E-1 1.14267E-1 6.05952E-2 5.61689E-2 4.24446E-2 3.94543E-2 5.16451E-2 6.58784E-2 9.82406E-2 1.05423E-1 8.58126E-2 7.65317E-2 4.84995E-2 5.33829E-2 5.35327E-2 4.16912E-2 4.66938E-2 3.03015E-2 2.67095E-2 2.55418E-2 2.77513E-2 3.07287E-2 4.14816E-2 5.04873E-2 4.66433E-2 5.89746E-2 5.07289E-2 4.64967E-2 5.05353E-2 4.48448E-2 3.59715E-2 1.3649E-2 1.58314E-2 1.01913E-2 9.45992E-3 9.45267E-3
6.85615E-2 7.18908E-2 8.74415E-2 8.30612E-2 7.68396E-2 7.53569E-2 8.07608E-2 1.28156E-1 1.19422E-1 1.23145E-1 1.24179E-1 1.08192E-1 1.26332E-1 9.76587E-2 1.1211E-1 1.22968E-1 9.15285E-2 1.11234E-1 8.13652E-2 5.00362E-2 8.67528E-2 1.39812E-1 1.4038E-1 1.10501E-1 1.32784E-1 1.21387E-1 1.26277E-1 8.12714E-2 4.51771E-2 3.8447E-2 4.86959E-2 6.23171E-2 1.02394E-1 1.08687E-1 1.29828E-1 1.00224E-1 8.63468E-2 7.46313E-2 7.03195E-2 5.06484E-2 3.86329E-2 4.09281E-2 6.12988E-2 8.31947E-2 7.25027E-2 6.68773E-2 7.14673E-2 2.5117E-2 2.51043E-2 4.68979E-2 4.2806E-2 6.4575E-2 5.20145E-2 6.27207E-2 4.11943E-2 2.01398E-2 1.32243E-2 1.02583E-2 1.01063E-2 1.11047E-2 1.03265E-2
1.0598E-1 5.78714E-2 9.09569E-2 1.28699E-1 1.03154E-1 6.95813E-2 7.8532E-2 1.27139E-1 1.14597E-1 1.19263E-1 1.26717E-1 1.19566E-1 1.35441E-1 1.25126E-1 1.16052E-1 1.13433E-1 1.08361E-1 1.28994E-1 8.07551E-2 5.62214E-2 5.74011E-2 1.31297E-1 1.41787E-1 9.60494E-2 1.33229E-1 1.3995E-1 1.24946E-1 1.23732E-1 9.42232E-2 9.26354E-2 1.21747E-1 1.03728E-1 1.10025E-1 8.69749E-2 9.87991E-2 1.00665E-1 1.02264E-1 1.06769E-1 1.05955E-1 9.618E-2 1.14381E-1 9.6704E-2 8.47075E-2 1.00843E-1 1.34847E-1 1.01293E-1 1.09297E-1 9.31865E-2 3.76067E-2 2.33826E-2 2.35892E-2 4.57132E-2 8.08051E-2 2.32811E-2 2.08033E-2 1.6494E-2 1.27712E-2 1.25646E-2 1.18156E-2 1.2584E-2 1.1032E-2
1.2357E-1 1.17594E-1 1.55617E-1 1.72885E-1 1.14792E-1 1.10272E-1 1.33429E-1 1.41944E-1 1.34471E-1 1.24929E-1 9.34353E-2 9.15676E-2 1.35542E-1 1.79179E-1 1.31656E-1 1.35966E-1 1.13872E-1 1.31998E-1 1.00581E-1 6.2329E-2 6.71258E-2 6.72835E-2 6.57099E-2 9.78677E-2 1.54161E-1 1.72111E-1 1.23288E-1 1.30022E-1 1.17217E-1 1.2141E-1 1.31371E-1 1.19838E-1 1.0607E-1 9.17259E-2 1.17381E-1 1.15596E-1 1.1321E-1 5.34731E-2 9.715E-2 4.40031E-2 3.77373E-2 3.19509E-2 2.91271E-2 2.93746E-2 2.62532E-2 2.56915E-2 3.96089E-2 8.79309E-2 8.17519E-2 7.94607E-2 3.63468E-2 6.47814E-2 5.58989E-2 2.3432E-2 1.77703E-2 1.39887E-2 1.61016E-2 1.69697E-2 1.19193E-2 1.30334E-2 1.21933E-2
1.79225E-1 2.0543E-1 1.61835E-1 1.99693E-1 1.15066E-1 1.1234E-1 1.21242E-1 1.38163E-1 1.36372E-1 1.31707E-1 1.1192E-1 1.18411E-1 1.29889E-1 1.32197E-1 1.24978E-1 1.33934E-1 1.52315E-1 1.40907E-1 1.62106E-1 7.87747E-2 7.38791E-2 7.75287E-2 7.82993E-2 7.43277E-2 1.19258E-1 1.64085E-1 1.42709E-1 1.27447E-1 1.13905E-1 1.08596E-1 1.12533E-1 1.09942E-1 1.05522E-1 1.15615E-1 1.22834E-1 1.25865E-1 1.25081E-1 8.10734E-2 4.1926E-2 4.76669E-2 3.72925E-2 3.86765E-2 6.7694E-2 6.77359E-2 7.86009E-2 5.69749E-2 1.07506E-1 8.57505E-2 5.66558E-2 8.50208E-2 8.88494E-2 7.41588E-2 5.64999E-2 3.87058E-2 2.57081E-2 1.9448E-2 2.35613E-2 1.92783E-2 1.38813E-2 1.24879E-2 1.21721E-2
2.19815E-1 1.75051E-1 1.44256E-1 1.30273E-1 1.3067E-1 1.0637E-1 9.85101E-2 1.38372E-1 1.27895E-1 1.2734E-1 1.27085E-1 1.19787E-1 1.14931E-1 1.35015E-1 1.2326E-1 1.41598E-1 1.4431E-1 1.3679E-1 1.80334E-1 1.06422E-1 8.52092E-2 8.87171E-2 8.93071E-2 8.49187E-2 7.67521E-2 1.51153E-1 1.51062E-1 1.45226E-1 1.30484E-1 1.08193E-1 1.34644E-1 1.11089E-1 1.16655E-1 1.19023E-1 1.2704E-1 1.00667E-1 6.8086E-2 4.51749E-2 6.07517E-2 7.4493E-2 8.68934E-2 5.70552E-2 5.70263E-2 5.05575E-2 7.39328E-2 8.68877E-2 7.76934E-2 7.16488E-2 5.47438E-2 3.33381E-2 5.38292E-2 6.42545E-2 1.01443E-1 8.57003E-2 6.74169E-2 4.97573E-2 1.89926E-2 1.58334E-2 1.61043E-2 1.38558E-2 1.22313E-2
1.73574E-1 1.55227E-1 1.34591E-1 1.46766E-1 1.37465E-1 1.45895E-1 1.44817E-1 1.34516E-1 1.3855E-1 1.38657E-1 1.3046E-1 1.08549E-1 1.20844E-1 1.24879E-1 1.48998E-1 1.16772E-1 1.86904E-1 1.56808E-1 1.70183E-1 1.86892E-1 9.51321E-2 9.21946E-2 9.25264E-2 8.68039E-2 8.01882E-2 9.78459E-2 1.59126E-1 1.53687E-1 1.35185E-1 1.40011E-1 1.30612E-1 1.15055E-1 1.09892E-1 1.25698E-1 8.09684E-2 4.98213E-2 1.08675E-1 4.58674E-2 6.66204E-2 9.71863E-2 -9999 1.03692E-1 9.21092E-2 8.38434E-2 8.60217E-2 8.04805E-2 1.07383E-1 6.82611E-2 6.12557E-2 3.94941E-2 7.87596E-2 9.00961E-2 1.07819E-1 8.30101E-2 4.73004E-2 4.48817E-2 2.86279E-2 1.77343E-2 1.55864E-2 1.37647E-2 1.28189E-2
7.43674E-2 1.31127E-1 1.97134E-1 1.76227E-1 1.41576E-1 1.48246E-1 1.43646E-1 1.29182E-1 1.3935E-1 1.4027E-1 1.30924E-1 1.20607E-1 1.29728E-1 1.30887E-1 2.21949E-1 1.19559E-1 1.3819E-1 1.82401E-1 1.88221E-1 2.1007E-1 1.35713E-1 9.99998E-2 9.44648E-2 9.55837E-2 8.43159E-2 7.49807E-2 1.25088E-1 1.33131E-1 1.29584E-1 1.24922E-1 1.27279E-1 1.15007E-1 1.04924E-1 6.91909E-2 6.76784E-2 5.69055E-2 6.52789E-2 6.32119E-2 1.13993E-1 8.51366E-2 -9999 1.01978E-1 4.45558E-1 9.98106E-2 6.62259E-2 7.05258E-2 6.5887E-2 7.92693E-2 6.2222E-2 1.00415E-1 9.37295E-2 8.41032E-2 1.47442E-1 6.48117E-2 6.71258E-2 4.50557E-2 2.78322E-2 2.20001E-2 1.76844E-2 1.6052E-2 1.24592E-2
9.74389E-2 1.2075E-1 1.56941E-1 1.65422E-1 1.55509E-1 1.5075E-1 1.56712E-1 1.44102E-1 1.35544E-1 1.24077E-1 1.16289E-1 1.06084E-1 1.29289E-1 1.42033E-1 1.60924E-1 1.47436E-1 1.21428E-1 1.68824E-1 1.90705E-1 1.76269E-1 1.06196E-1 1.01381E-1 9.76731E-2 9.89379E-2 8.72025E-2 8.12357E-2 7.16968E-2 9.16897E-2 8.7125E-2 6.16511E-2 9.21011E-2 1.41295E-1 1.21939E-1 7.21892E-2 7.4212E-2 1.15342E-1 8.97413E-2 7.31552E-2 8.30959E-2 9.3099E-2 1.14136E-1 9.41132E-2 9.01123E-2 9.2315E-2 8.96225E-2 4.17916E-2 7.54216E-2 4.60406E-2 6.55462E-2 7.0025E-2 4.89946E-2 5.77557E-2 7.9756E-2 7.74573E-2 3.04048E-2 2.56807E-2 2.69237E-2 1.82941E-2 1.73525E-2 1.73883E-2 1.53049E-2
1.61245E-1 1.55134E-1 1.42049E-1 1.53422E-1 1.55255E-1 1.38936E-1 1.5002E-1 1.46749E-1 1.27039E-1 1.33667E-1 1.28241E-1 1.36321E-1 1.30867E-1 1.45291E-1 1.33473E-1 7.58355E-2 7.99845E-2 8.87634E-2 9.95879E-2 9.85973E-2 1.0729E-1 1.03339E-1 9.97151E-2 9.94936E-2 9.46203E-2 8.71239E-2 8.07659E-2 7.51141E-2 7.11826E-2 6.53144E-2 8.89337E-2 8.30252E-2 7.74359E-2 9.0689E-2 9.43569E-2 6.64907E-2 8.14558E-2 1.15299E-1 9.45612E-2 9.21858E-2 6.97808E-2 1.21557E-1 1.25413E-1 7.98559E-2 8.42128E-2 6.45478E-2 5.22532E-2 4.03023E-2 4.73163E-2 7.262E-2 3.39426E-2 3.90202E-2 3.31874E-2 1.77463E-2 1.88803E-2 2.29532E-2 2.73231E-2 2.43125E-2 1.89981E-2 1.61086E-2 1.64704E-2
2.15966E-1 2.05635E-1 1.49577E-1 1.35315E-1 1.64757E-1 1.47096E-1 1.4838E-1 1.57644E-1 1.42619E-1 1.41728E-1 1.33487E-1 1.09448E-1 1.37453E-1 1.55653E-1 8.30069E-2 8.68378E-2 9.22444E-2 9.69682E-2 1.05444E-1 1.04232E-1 1.05793E-1 1.0616E-1 1.06632E-1 1.01765E-1 1.01247E-1 9.5112E-2 9.16513E-2 8.41723E-2 1.0262E-1 1.42093E-1 1.51339E-1 1.35495E-1 7.72621E-2 8.1729E-2 6.01911E-2 1.00848E-1 1.03144E-1 1.06749E-1 1.06673E-1 8.84987E-2 1.04216E-1 8.68785E-2 7.4544E-2 9.06602E-2 8.51743E-2 8.32093E-2 3.66999E-2 3.41589E-2 4.09442E-2 6.91822E-2 2.07606E-2 2.17286E-2 1.92828E-2 1.73069E-2 1.76856E-2 1.78333E-2 2.03092E-2 2.18577E-2 2.30895E-2 2.3425E-2 1.72747E-2
2.09403E-1 1.55212E-1 1.54222E-1 1.3774E-1 1.55992E-1 1.57623E-1 1.49589E-1 1.39115E-1 1.196E-1 1.50987E-1 1.43132E-1 1.48591E-1 1.35506E-1 1.22726E-1 8.70671E-2 9.67646E-2 1.02295E-1 1.06025E-1 1.05292E-1 1.08517E-1 1.0944E-1 1.113E-1 1.09056E-1 1.0885E-1 1.0835E-1 1.07752E-1 9.89858E-2 9.66541E-2 9.46538E-2 1.46019E-1 1.78103E-1 1.11289E-1 8.28061E-2 6.33414E-2 8.96185E-2 1.13694E-1 1.02491E-1 1.08285E-1 9.44349E-2 1.01868E-1 8.96837E-2 8.94702E-2 9.31169E-2 9.39595E-2 7.44168E-2 8.86662E-2 6.0003E-2 5.74432E-2 7.15079E-2 3.59246E-2 2.0697E-2 2.1686E-2 1.72693E-2 1.69488E-2 2.36126E-2 2.58511E-2 3.14651E-2 3.74556E-2 3.15114E-2 3.56124E-2 2.60661E-2
1.54108E-1 1.51503E-1 1.51779E-1 1.57753E-1 1.24272E-1 1.68374E-1 1.41477E-1 1.02003E-1 6.79803E-2 8.36094E-2 1.12538E-1 1.92457E-1 1.45897E-1 8.96678E-2 9.78874E-2 1.03955E-1 1.05959E-1 1.06888E-1 1.07256E-1 1.11943E-1 1.09763E-1 1.12326E-1 1.10772E-1 1.1435E-1 1.1675E-1 1.09916E-1 1.08008E-1 9.75984E-2 9.05745E-2 1.15246E-1 1.55117E-1 1.33485E-1 9.92822E-2 1.64115E-1 1.30275E-1 1.08408E-1 8.54767E-2 9.42236E-2 1.04038E-1 9.32459E-2 9.1346E-2 9.35911E-2 8.78278E-2 9.45212E-2 1.3488E-1 8.332E-2 6.7945E-2 1.21549E-1 -9999 3.82103E-2 2.52389E-2 2.2755E-2 2.09557E-2 2.59562E-2 3.41005E-2 4.91668E-2 5.09034E-2 5.53331E-2 4.60175E-2 2.52006E-2 2.48068E-2
1.17499E-1 1.29418E-1 1.421E-1 1.57691E-1 1.42453E-1 8.36258E-2 8.57127E-2 1.34513E-1 8.74391E-2 7.53029E-2 8.0581E-2 1.42016E-1 1.10783E-1 9.97843E-2 1.0754E-1 1.05728E-1 1.07336E-1 1.09737E-1 1.09401E-1 1.10524E-1 1.17621E-1 1.19526E-1 1.20411E-1 1.23034E-1 1.22963E-1 1.17056E-1 1.50251E-1 1.2372E-1 9.1046E-2 8.03715E-2 9.30797E-2 1.1414E-1 7.88491E-2 1.07224E-1 1.05836E-1 1.07846E-1 1.01886E-1 9.94404E-2 8.47026E-2 7.47202E-2 7.71085E-2 1.12724E-1 8.86135E-2 5.95193E-2 7.46156E-2 5.41629E-2 6.16715E-2 5.57593E-2 6.7391E-2 8.53405E-2 6.20675E-2 4.035E-2 4.25892E-2 7.93447E-2 6.24993E-2 1.0184E-1 7.94411E-2 5.53536E-2 4.43901E-2 2.71351E-2 3.06506E-2
1.54874E-1 7.47603E-2 9.95258E-2 1.52484E-1 1.59037E-1 1.45832E-1 9.329E-2 8.71387E-2 9.90552E-2 8.16586E-2 8.77036E-2 9.50454E-2 1.04751E-1 1.0659E-1 1.12786E-1 1.15151E-1 1.15382E-1 1.19294E-1 1.17494E-1 1.20946E-1 1.20639E-1 1.23128E-1 1.25548E-1 1.23091E-1 1.4973E-1 2.37042E-1 2.44076E-1 2.22303E-1 1.30966E-1 1.50348E-1 2.3106E-1 1.73068E-1 1.62631E-1 1.19388E-1 1.00949E-1 1.21803E-1 1.12904E-1 1.20163E-1 9.51671E-2 7.98369E-2 8.1054E-2 1.03927E-1 8.61827E-2 6.362E-2 9.1062E-2 7.22894E-2 3.90464E-2 4.94001E-2 8.60873E-2 7.14156E-2 5.45813E-2 8.49765E-2 7.87787E-2 4.81771E-2 6.81014E-2 6.16335E-2 6.27012E-2 4.72604E-2 3.01193E-2 2.04805E-2 1.71977E-2
1.41525E-1 1.34545E-1 9.84655E-2 1.2701E-1 1.48162E-1 1.51903E-1 1.51403E-1 1.42377E-1 1.06993E-1 9.06881E-2 9.84201E-2 1.06136E-1 1.12342E-1 1.14616E-1 1.14366E-1 1.17475E-1 1.15706E-1 1.18645E-1 1.19917E-1 1.20268E-1 1.23249E-1 1.22935E-1 1.26902E-1 1.62576E-1 2.91155E-1 2.3235E-1 2.3505E-1 2.05108E-1 2.11212E-1 2.12448E-1 2.30852E-1 1.68312E-1 1.55019E-1 1.45395E-1 1.25374E-1 1.23742E-1 1.19433E-1 1.0935E-1 1.10415E-1 8.83015E-2 1.04803E-1 8.53159E-2 7.52839E-2 9.76918E-2 9.69318E-2 7.609E-2 8.55849E-2 4.70998E-2 9.11323E-2 4.71958E-2 3.17064E-2 4.05943E-2 4.628E-2 4.70723E-2 5.36979E-2 6.40294E-2 6.2823E-2 4.39164E-2 4.19976E-2 1.85062E-2 1.32921E-2
