Final_Models_July82022/M_0.1_F_lqp_Set_1/Bison_3.asc
ncols         290
nrows         380
xllcorner     -2197417.7431653
yllcorner     -584827.01486885
cellsize      10000.0
NODATA_value  -9999
[rows 135 to 161 of 380, columns 122 to 182 of 290]
1.6155E-1 1.68854E-1 1.92326E-1 1.9276E-1 2.25702E-1 1.89544E-1 1.81691E-1 2.2931E-1 2.75959E-1 1.57414E-1 1.03131E-1 1.07912E-1 1.1716E-1 1.19993E-1 1.21757E-1 1.21079E-1 1.2212E-1 1.30887E-1 1.33675E-1 1.35132E-1 1.41799E-1 1.4258E-1 1.38435E-1 1.73558E-1 3.0396E-1 3.30796E-1 2.29057E-1 2.32351E-1 2.13341E-1 2.03698E-1 1.73269E-1 2.2649E-1 1.56303E-1 1.12172E-1 1.63065E-1 1.44225E-1 1.68512E-1 1.04944E-1 1.0653E-1 1.10073E-1 1.04133E-1 9.92928E-2 7.64811E-2 9.64967E-2 5.26314E-2 8.70168E-2 8.48856E-2 8.44305E-2 8.56816E-2 4.42826E-2 3.12963E-2 2.24655E-2 2.72513E-2 3.56571E-2 6.57865E-2 6.85455E-2 6.08143E-2 3.59128E-2 3.33059E-2 4.46239E-2 2.26604E-2
1.66369E-1 1.45295E-1 1.44726E-1 2.01592E-1 2.45191E-1 2.21742E-1 1.98194E-1 2.12737E-1 3.11365E-1 3.06813E-1 2.05028E-1 1.54257E-1 1.28799E-1 1.20803E-1 1.16554E-1 1.19321E-1 1.23707E-1 1.31524E-1 1.29097E-1 1.35961E-1 1.76133E-1 1.38147E-1 1.32084E-1 1.99717E-1 2.88803E-1 2.22814E-1 2.3483E-1 2.30622E-1 1.941E-1 2.25202E-1 1.52003E-1 1.78691E-1 1.39551E-1 1.63778E-1 1.49297E-1 1.44783E-1 1.48408E-1 1.57801E-1 1.384E-1 1.04761E-1 9.98541E-2 9.70324E-2 8.91576E-2 5.85576E-2 6.0814E-2 1.12355E-1 8.90615E-2 8.90993E-2 8.36331E-2 5.9936E-2 2.99218E-2 2.77643E-2 2.58044E-2 3.33606E-2 5.71247E-2 7.69742E-2 7.16698E-2 4.87965E-2 4.46509E-2 3.14141E-2 1.67843E-2
1.16339E-1 7.48243E-2 8.17181E-2 1.57623E-1 1.86806E-1 1.94633E-1 2.16207E-1 1.62198E-1 2.84125E-1 2.89054E-1 2.75125E-1 2.41835E-1 2.65128E-1 2.31483E-1 2.25098E-1 2.25814E-1 2.6165E-1 2.56194E-1 2.4233E-1 2.64232E-1 2.81013E-1 2.58543E-1 2.6235E-1 2.7E-1 2.30196E-1 2.42121E-1 2.26181E-1 1.95557E-1 2.13556E-1 2.32709E-1 1.38846E-1 1.75339E-1 1.94467E-1 1.82759E-1 1.56725E-1 1.42917E-1 1.39039E-1 1.48311E-1 9.15662E-2 1.11588E-1 1.17842E-1 1.14912E-1 1.02166E-1 1.02343E-1 9.87743E-2 8.2312E-2 7.27156E-2 9.86378E-2 6.65146E-2 4.98193E-2 4.15539E-2 3.02451E-2 4.15833E-2 4.22004E-2 4.43793E-2 4.10885E-2 5.10104E-2 4.45399E-2 4.00629E-2 1.9773E-2 1.1765E-2
1.351E-1 9.09461E-2 7.65513E-2 1.49353E-1 1.41874E-1 1.51422E-1 1.5023E-1 1.60723E-1 1.67229E-1 2.1084E-1 2.40421E-1 2.46291E-1 2.45775E-1 2.44917E-1 2.55328E-1 2.25805E-1 2.46221E-1 2.24042E-1 2.2965E-1 2.42097E-1 2.60195E-1 2.70875E-1 2.69643E-1 2.47906E-1 2.63215E-1 2.07172E-1 2.01931E-1 2.034E-1 2.07505E-1 1.97501E-1 1.98799E-1 1.78714E-1 2.17182E-1 1.87516E-1 2.03135E-1 1.52686E-1 1.24998E-1 1.52046E-1 1.26144E-1 1.2166E-1 1.13385E-1 1.24537E-1 1.07116E-1 8.36548E-2 9.31108E-2 6.73181E-2 6.52642E-2 8.79647E-2 7.74614E-2 6.16827E-2 3.77862E-2 3.45163E-2 5.0016E-2 4.97416E-2 3.79287E-2 5.20127E-2 5.53171E-2 5.60461E-2 4.20362E-2 4.2266E-2 3.19488E-2
1.77656E-1 1.39674E-1 1.37814E-1 1.58106E-1 1.38345E-1 1.41491E-1 1.45579E-1 1.44284E-1 1.3406E-1 2.72254E-1 2.01896E-1 2.36881E-1 2.49427E-1 3.29512E-1 3.12574E-1 2.74753E-1 2.10541E-1 2.1199E-1 2.08338E-1 2.17986E-1 2.21436E-1 2.47527E-1 2.48196E-1 2.5155E-1 2.3869E-1 2.14453E-1 2.24071E-1 2.22518E-1 2.16836E-1 2.02273E-1 1.92355E-1 1.96291E-1 1.84288E-1 1.74354E-1 1.89022E-1 2.00639E-1 1.38156E-1 1.23954E-1 1.21989E-1 1.20965E-1 1.07964E-1 1.46947E-1 1.06825E-1 1.01193E-1 8.42166E-2 4.68588E-2 9.11205E-2 7.66169E-2 7.1632E-2 6.15703E-2 3.90077E-2 4.97811E-2 5.29674E-2 6.69506E-2 6.07741E-2 4.33982E-2 4.77471E-2 3.31422E-2 2.91264E-2 3.47033E-2 3.69477E-2
1.23958E-1 1.09738E-1 1.18245E-1 1.6812E-1 1.25848E-1 1.36648E-1 1.21504E-1 1.56567E-1 2.07292E-1 2.13154E-1 2.79171E-1 2.08932E-1 2.50808E-1 2.34095E-1 2.25986E-1 2.5277E-1 2.86155E-1 2.08005E-1 1.95696E-1 2.16053E-1 2.27025E-1 2.30645E-1 2.49685E-1 2.41171E-1 2.58526E-1 2.11949E-1 1.89482E-1 2.01461E-1 2.15437E-1 2.01492E-1 1.84743E-1 1.42561E-1 2.07585E-1 1.74572E-1 1.77356E-1 1.79988E-1 1.31397E-1 1.31124E-1 1.31448E-1 1.56231E-1 1.0021E-1 1.25313E-1 1.29531E-1 5.70343E-2 7.35515E-2 7.81505E-2 9.4535E-2 8.14893E-2 5.12733E-2 3.62955E-2 3.56318E-2 4.54736E-2 9.09825E-2 6.94486E-2 6.4454E-2 4.56693E-2 4.50689E-2 2.60726E-2 1.46444E-2 2.7569E-2 2.51084E-2
7.70856E-2 8.09198E-2 8.6274E-2 1.00006E-1 1.36683E-1 1.34066E-1 1.42823E-1 1.45271E-1 1.75898E-1 1.60714E-1 1.99676E-1 1.96132E-1 2.6395E-1 2.2183E-1 2.12583E-1 2.13308E-1 1.87811E-1 1.83637E-1 1.86322E-1 2.07609E-1 2.08416E-1 2.26437E-1 2.41676E-1 2.52905E-1 2.57925E-1 2.23048E-1 2.68759E-1 2.15934E-1 2.1829E-1 2.26482E-1 1.87919E-1 1.60438E-1 2.24151E-1 1.50369E-1 1.74296E-1 1.58256E-1 1.42979E-1 1.28706E-1 1.30895E-1 1.19408E-1 1.02467E-1 1.30528E-1 1.83893E-1 9.20042E-2 7.15101E-2 6.10738E-2 9.47085E-2 9.17705E-2 6.43299E-2 2.95293E-2 5.25392E-2 6.3784E-2 6.48046E-2 6.20946E-2 3.64213E-2 3.86012E-2 4.82421E-2 4.13341E-2 3.64193E-2 3.26106E-2 2.51241E-2
7.9061E-2 7.18568E-2 7.81479E-2 1.45165E-1 1.48466E-1 1.49029E-1 1.45661E-1 1.47179E-1 1.86062E-1 2.16253E-1 2.28012E-1 2.2329E-1 2.46583E-1 1.88582E-1 2.15085E-1 1.92815E-1 1.79179E-1 1.83024E-1 1.8898E-1 2.20441E-1 1.94052E-1 2.08495E-1 2.13213E-1 2.48543E-1 2.34125E-1 2.2386E-1 2.13855E-1 1.93778E-1 2.19118E-1 2.35208E-1 2.5885E-1 1.57136E-1 1.27957E-1 1.53375E-1 1.85542E-1 1.52094E-1 1.78796E-1 1.41208E-1 1.30246E-1 1.2559E-1 1.30652E-1 1.22437E-1 1.33761E-1 1.2772E-1 4.8551E-2 6.43763E-2 8.13146E-2 7.18267E-2 4.49702E-2 3.97629E-2 7.29665E-2 7.2294E-2 5.34439E-2 7.4715E-2 3.9472E-2 7.13899E-2 5.84957E-2 3.45348E-2 3.89993E-2 2.7002E-2 2.68847E-2
7.22713E-2 7.32223E-2 1.22494E-1 1.4716E-1 1.50123E-1 1.33171E-1 1.09488E-1 1.56135E-1 1.74398E-1 1.85946E-1 9.09618E-2 1.31205E-1 1.26771E-1 7.97681E-2 1.91196E-1 1.81198E-1 1.80542E-1 1.80661E-1 1.91117E-1 1.91209E-1 1.72738E-1 1.96042E-1 2.2563E-1 2.58531E-1 2.12363E-1 1.99914E-1 2.05928E-1 2.04243E-1 2.12281E-1 2.31528E-1 1.79799E-1 1.91869E-1 1.3774E-1 1.78126E-1 1.57218E-1 1.48766E-1 1.53347E-1 1.39401E-1 1.31297E-1 1.36916E-1 1.28039E-1 1.25128E-1 1.2275E-1 1.07182E-1 8.30622E-2 9.38638E-2 5.08631E-2 5.69638E-2 6.08467E-2 6.55122E-2 6.68607E-2 4.90513E-2 4.73658E-2 3.36936E-2 5.23493E-2 6.19131E-2 5.00409E-2 4.92786E-2 4.26673E-2 4.08082E-2 3.06522E-2
1.0411E-1 1.18111E-1 1.52967E-1 1.44479E-1 1.56406E-1 1.03286E-1 1.14603E-1 1.58703E-1 1.92696E-1 1.66558E-1 1.63122E-1 1.23591E-1 8.41557E-2 1.66008E-1 2.16638E-1 1.70307E-1 1.44915E-1 1.89068E-1 2.58987E-1 2.518E-1 1.56805E-1 1.99793E-1 2.14492E-1 1.85262E-1 2.62745E-1 2.02007E-1 2.10381E-1 2.01537E-1 2.24037E-1 2.62928E-1 2.04676E-1 1.44243E-1 1.82068E-1 1.81292E-1 1.40098E-1 1.45226E-1 1.50946E-1 1.40151E-1 1.38805E-1 1.392E-1 1.5651E-1 1.38531E-1 1.2365E-1 1.03885E-1 1.08184E-1 1.02339E-1 7.28613E-2 7.98223E-2 9.65214E-2 9.10074E-2 8.79372E-2 6.34799E-2 4.8063E-2 6.32768E-2 4.16818E-2 4.21426E-2 5.25099E-2 4.99704E-2 4.88062E-2 3.8618E-2 2.3671E-2
1.27756E-1 1.57359E-1 1.61519E-1 1.47728E-1 1.1087E-1 1.0613E-1 1.22137E-1 1.17374E-1 1.67306E-1 2.2705E-1 1.92024E-1 1.75022E-1 1.62779E-1 1.66275E-1 1.78829E-1 2.19905E-1 1.80804E-1 2.42626E-1 2.32038E-1 1.27282E-1 1.89398E-1 1.90879E-1 1.92048E-1 1.61401E-1 2.16549E-1 2.03996E-1 2.32103E-1 2.05389E-1 1.83143E-1 1.95429E-1 1.71071E-1 1.94415E-1 1.58083E-1 1.42167E-1 1.32268E-1 1.52438E-1 1.48707E-1 1.3792E-1 1.33836E-1 1.48444E-1 1.31801E-1 1.32521E-1 1.98059E-1 9.18342E-2 1.19282E-1 1.11682E-1 9.66139E-2 8.94394E-2 9.56504E-2 8.13425E-2 7.82942E-2 5.7411E-2 5.64413E-2 4.88002E-2 5.90865E-2 4.85847E-2 4.68876E-2 4.30252E-2 4.57746E-2 5.41089E-2 2.38335E-2
1.26722E-1 1.47946E-1 1.67897E-1 1.46708E-1 1.62861E-1 1.64794E-1 1.59693E-1 1.65395E-1 1.59575E-1 1.75794E-1 1.66905E-1 1.72482E-1 1.7517E-1 1.98301E-1 1.99324E-1 1.87669E-1 1.9995E-1 2.11303E-1 2.81946E-1 2.69286E-1 1.54227E-1 2.55258E-1 1.84236E-1 1.61683E-1 2.15951E-1 1.94706E-1 2.60323E-1 1.97109E-1 2.08973E-1 1.74103E-1 1.34137E-1 1.69544E-1 1.50507E-1 1.58471E-1 1.52602E-1 1.47417E-1 1.4156E-1 1.37841E-1 1.39622E-1 1.36839E-1 1.26681E-1 1.22144E-1 1.27817E-1 1.00565E-1 9.47177E-2 8.43673E-2 7.07333E-2 9.43362E-2 9.42362E-2 7.59028E-2 7.89791E-2 6.96043E-2 5.78783E-2 6.86364E-2 5.1189E-2 6.36596E-2 5.2663E-2 4.39677E-2 4.96155E-2 3.76534E-2 3.12387E-2
1.61688E-1 1.6532E-1 1.66807E-1 1.64287E-1 1.78278E-1 2.21648E-1 1.65789E-1 1.50118E-1 1.30311E-1 1.47732E-1 1.47719E-1 1.46676E-1 1.42246E-1 1.3523E-1 1.56193E-1 1.63272E-1 1.51319E-1 2.20543E-1 2.24923E-1 1.99953E-1 1.77117E-1 1.70394E-1 1.85625E-1 1.78388E-1 1.88971E-1 1.78471E-1 1.93928E-1 2.79977E-1 1.76781E-1 2.15907E-1 1.68022E-1 1.67304E-1 1.48992E-1 1.56197E-1 1.49303E-1 1.47484E-1 1.11052E-1 1.30505E-1 1.26535E-1 1.35498E-1 1.22558E-1 1.31053E-1 1.20507E-1 8.86074E-2 1.10631E-1 9.79392E-2 7.49293E-2 8.42233E-2 8.71086E-2 7.88876E-2 8.57013E-2 9.73927E-2 6.93071E-2 6.67462E-2 7.50426E-2 5.7816E-2 4.54787E-2 3.11674E-2 3.6991E-2 1.91466E-2 2.2585E-2
1.6562E-1 1.6812E-1 1.62346E-1 1.52539E-1 1.50371E-1 2.04042E-1 1.54062E-1 1.43114E-1 1.4663E-1 1.50038E-1 1.47697E-1 1.47795E-1 1.51338E-1 1.5397E-1 1.52841E-1 1.53671E-1 1.98166E-1 2.22562E-1 2.08142E-1 2.37609E-1 2.42382E-1 2.06021E-1 1.76566E-1 1.79015E-1 1.7272E-1 1.57272E-1 1.822E-1 2.41633E-1 2.20865E-1 1.93317E-1 1.68405E-1 1.64623E-1 1.53314E-1 1.50819E-1 1.44728E-1 1.58559E-1 1.31602E-1 1.3666E-1 1.3252E-1 1.25584E-1 1.33575E-1 1.27207E-1 1.24163E-1 9.27577E-2 9.11613E-2 9.94194E-2 9.85581E-2 7.90074E-2 7.46865E-2 6.88824E-2 1.15282E-1 1.10912E-1 6.85759E-2 5.64156E-2 4.86119E-2 4.34012E-2 2.17678E-2 2.73638E-2 2.96361E-2 2.26946E-2 2.26598E-2
1.66327E-1 1.60971E-1 1.54156E-1 1.55029E-1 1.44965E-1 1.55895E-1 1.46714E-1 1.35662E-1 1.39416E-1 1.35966E-1 1.24297E-1 1.10539E-1 1.31344E-1 1.34594E-1 1.48332E-1 1.63811E-1 2.06427E-1 1.7828E-1 1.97344E-1 2.04732E-1 1.91083E-1 2.05554E-1 1.72644E-1 1.93221E-1 2.77825E-1 1.82776E-1 1.86861E-1 1.84194E-1 1.97275E-1 1.70063E-1 1.63589E-1 1.49472E-1 1.38471E-1 1.62571E-1 1.58965E-1 1.57359E-1 1.52837E-1 1.30602E-1 1.33007E-1 1.21101E-1 1.28282E-1 1.31727E-1 1.04164E-1 6.40773E-2 7.16688E-2 8.48378E-2 7.3291E-2 1.03631E-1 1.0621E-1 8.07364E-2 8.7949E-2 7.261E-2 7.37171E-2 7.97896E-2 5.33859E-2 4.06985E-2 1.76982E-2 2.43521E-2 3.13568E-2 3.55018E-2 4.2518E-2
1.69137E-1 1.58065E-1 1.46325E-1 1.50804E-1 1.65011E-1 1.69865E-1 1.37305E-1 1.26701E-1 1.15098E-1 1.32239E-1 1.28384E-1 7.42143E-2 6.64275E-2 1.0193E-1 1.28207E-1 1.51303E-1 2.01437E-1 2.34873E-1 2.55412E-1 1.71388E-1 1.68748E-1 1.49066E-1 1.63019E-1 1.75934E-1 1.93023E-1 1.85605E-1 1.90188E-1 1.76965E-1 1.75706E-1 1.7429E-1 1.7182E-1 1.66408E-1 1.51553E-1 1.61052E-1 1.57348E-1 1.63942E-1 1.58794E-1 1.39532E-1 1.31125E-1 1.11918E-1 1.29931E-1 1.28093E-1 1.09544E-1 1.05276E-1 8.47288E-2 9.27949E-2 8.352E-2 1.0407E-1 1.0802E-1 1.03033E-1 9.71258E-2 8.26025E-2 7.3505E-2 6.71576E-2 7.49696E-2 3.78797E-2 1.69497E-2 3.58563E-2 3.35231E-2 2.61725E-2 3.34714E-2
1.56257E-1 1.58798E-1 1.64039E-1 1.45354E-1 1.4661E-1 2.05793E-1 1.23968E-1 1.08115E-1 8.44657E-2 8.04469E-2 9.29422E-2 8.44382E-2 7.63256E-2 1.01493E-1 1.13255E-1 1.18492E-1 1.38414E-1 1.72639E-1 1.79024E-1 1.69045E-1 1.55023E-1 1.38474E-1 1.71708E-1 1.71288E-1 1.28855E-1 1.6946E-1 1.72761E-1 1.66447E-1 1.66104E-1 1.87317E-1 1.74891E-1 1.73731E-1 1.60647E-1 1.54377E-1 1.55855E-1 1.41202E-1 1.04001E-1 1.19923E-1 1.19509E-1 1.28534E-1 1.31799E-1 1.3989E-1 1.60406E-1 1.37863E-1 9.67767E-2 1.01034E-1 1.30757E-1 1.27874E-1 1.14103E-1 1.06987E-1 9.41474E-2 8.38012E-2 8.41261E-2 6.97061E-2 7.64211E-2 6.44833E-2 2.37865E-2 2.54647E-2 3.42334E-2 2.53673E-2 4.20104E-2
1.57104E-1 1.50434E-1 1.56483E-1 1.41086E-1 1.24755E-1 1.11709E-1 9.92492E-2 9.33728E-2 7.25729E-2 8.71231E-2 8.72726E-2 1.14863E-1 8.95337E-2 6.9228E-2 7.7477E-2 1.00302E-1 1.51153E-1 1.77806E-1 1.62329E-1 2.10946E-1 1.47848E-1 2.14892E-1 1.71057E-1 1.63981E-1 1.64889E-1 1.49882E-1 1.6513E-1 1.66524E-1 1.63387E-1 1.58914E-1 1.73243E-1 1.65628E-1 1.87162E-1 1.62672E-1 1.65177E-1 1.4754E-1 1.42236E-1 1.25513E-1 1.21591E-1 1.31367E-1 1.21612E-1 1.38502E-1 1.52179E-1 1.39306E-1 1.17268E-1 8.5285E-2 1.07623E-1 8.29683E-2 1.22964E-1 1.07478E-1 9.80685E-2 9.54903E-2 8.23704E-2 7.45704E-2 6.84053E-2 7.3786E-2 5.7084E-2 4.16306E-2 3.51854E-2 3.26926E-2 4.7155E-2
1.39263E-1 1.73549E-1 1.40381E-1 1.38703E-1 1.07513E-1 9.58112E-2 7.49132E-2 8.50961E-2 1.30805E-1 8.99387E-2 6.49845E-2 1.28464E-1 1.08798E-1 6.24582E-2 9.41256E-2 1.22193E-1 1.47243E-1 1.43239E-1 1.95567E-1 1.73391E-1 1.96644E-1 2.44125E-1 2.15989E-1 1.58267E-1 1.85769E-1 1.83579E-1 2.06894E-1 1.7071E-1 1.68235E-1 1.63319E-1 1.83544E-1 1.73899E-1 1.70212E-1 1.57841E-1 1.47939E-1 1.54583E-1 1.57762E-1 1.19085E-1 1.06272E-1 1.35642E-1 1.2776E-1 1.36248E-1 1.45706E-1 1.74063E-1 1.74175E-1 9.13236E-2 1.15026E-1 1.14012E-1 8.83195E-2 7.50358E-2 1.0726E-1 7.78349E-2 7.49827E-2 5.19166E-2 6.7697E-2 6.65802E-2 5.60886E-2 2.0798E-2 2.03264E-2 3.38986E-2 3.73977E-2
1.57959E-1 1.51448E-1 1.53082E-1 1.22422E-1 9.60876E-2 8.06817E-2 8.06075E-2 8.13331E-2 8.42853E-2 7.18664E-2 9.59183E-2 1.38804E-1 7.16792E-2 1.12693E-1 1.20026E-1 1.08179E-1 1.10847E-1 1.53302E-1 1.69724E-1 1.67438E-1 1.68372E-1 1.83373E-1 1.33326E-1 1.41492E-1 1.95051E-1 2.49039E-1 1.9409E-1 1.53331E-1 1.59773E-1 1.62811E-1 1.53863E-1 1.5531E-1 1.63591E-1 1.51408E-1 1.81495E-1 1.61207E-1 1.26327E-1 9.29658E-2 9.86844E-2 7.76461E-2 1.25439E-1 1.48391E-1 1.19064E-1 1.39705E-1 1.09509E-1 9.12108E-2 9.0608E-2 7.04902E-2 6.81615E-2 9.02643E-2 1.14661E-1 1.00669E-1 7.08292E-2 5.09791E-2 6.34369E-2 6.26306E-2 5.1131E-2 3.68941E-2 4.01462E-2 4.24842E-2 3.89721E-2
1.52667E-1 1.35826E-1 1.31826E-1 1.07674E-1 9.50247E-2 1.02611E-1 1.36668E-1 9.524E-2 7.77473E-2 7.41015E-2 1.03656E-1 6.53079E-2 9.95806E-2 1.25071E-1 1.76519E-1 1.74239E-1 8.9621E-2 1.06952E-1 1.74851E-1 1.73547E-1 1.74432E-1 1.67178E-1 2.05036E-1 1.61724E-1 1.67961E-1 1.5625E-1 1.60624E-1 1.62261E-1 1.61853E-1 1.64178E-1 1.66697E-1 1.86307E-1 1.64658E-1 1.98092E-1 1.63979E-1 1.659E-1 1.39192E-1 9.70994E-2 8.48731E-2 7.55684E-2 1.37034E-1 2.08816E-1 1.20117E-1 1.56741E-1 1.27556E-1 1.46773E-1 1.53096E-1 1.49567E-1 1.04021E-1 7.36436E-2 1.19288E-1 1.03515E-1 9.36445E-2 7.06858E-2 7.52817E-2 6.63642E-2 6.07949E-2 5.66123E-2 4.9968E-2 4.48028E-2 4.43681E-2
1.47731E-1 1.31784E-1 1.34736E-1 1.30484E-1 1.18292E-1 1.18847E-1 1.26705E-1 1.45057E-1 5.49147E-2 5.45909E-2 8.79843E-2 7.03947E-2 9.17341E-2 1.70434E-1 1.02268E-1 7.4151E-2 8.50482E-2 8.11103E-2 1.5776E-1 1.9841E-1 1.62104E-1 1.88864E-1 1.7727E-1 1.65715E-1 1.61862E-1 1.67149E-1 1.61681E-1 2.23199E-1 1.70079E-1 1.6181E-1 2.26194E-1 2.15452E-1 1.64338E-1 1.55955E-1 2.054E-1 1.91071E-1 1.35552E-1 9.2866E-2 1.02474E-1 1.41063E-1 1.43801E-1 1.92607E-1 1.28692E-1 8.31811E-2 7.94255E-2 1.19284E-1 1.81471E-1 1.28353E-1 1.6474E-1 1.51651E-1 1.25311E-1 1.03349E-1 8.206E-2 8.7288E-2 7.64669E-2 6.47654E-2 6.16348E-2 6.11178E-2 4.85661E-2 5.23876E-2 4.03142E-2
1.81197E-1 1.49308E-1 1.43112E-1 1.22995E-1 8.43886E-2 1.24222E-1 1.48201E-1 1.26121E-1 5.89732E-2 9.4502E-2 8.88294E-2 7.62127E-2 8.23165E-2 8.20411E-2 9.90266E-2 7.37077E-2 8.63471E-2 1.28777E-1 1.55459E-1 1.98499E-1 1.82232E-1 1.65571E-1 1.45681E-1 1.55104E-1 1.70044E-1 1.60227E-1 1.71349E-1 1.73355E-1 1.7237E-1 1.50438E-1 1.73052E-1 2.00016E-1 1.8476E-1 1.80784E-1 1.6609E-1 1.57409E-1 1.62537E-1 1.28496E-1 7.26499E-2 1.37287E-1 1.50006E-1 1.61E-1 8.49885E-2 7.23144E-2 7.19337E-2 6.94796E-2 1.48893E-1 1.2543E-1 1.51266E-1 1.40499E-1 1.24719E-1 5.89975E-2 5.28877E-2 9.09639E-2 8.63299E-2 7.24539E-2 6.0094E-2 6.39817E-2 5.0943E-2 4.4126E-2 4.77472E-2
2.212E-1 2.14935E-1 2.02659E-1 1.82542E-1 1.67132E-1 9.00941E-2 5.46304E-2 5.03562E-2 6.14732E-2 7.42359E-2 7.44327E-2 9.25132E-2 1.05507E-1 1.13119E-1 1.07716E-1 9.0731E-2 1.04822E-1 1.21837E-1 1.69066E-1 1.73297E-1 1.94248E-1 1.65347E-1 1.7211E-1 1.8519E-1 1.66684E-1 2.70949E-1 1.8624E-1 1.76899E-1 1.92454E-1 2.4358E-1 1.92608E-1 1.81343E-1 1.92158E-1 1.74017E-1 1.55738E-1 1.5525E-1 2.08898E-1 2.00201E-1 1.34816E-1 1.49064E-1 1.66297E-1 1.07171E-1 7.7004E-2 8.20437E-2 7.91409E-2 7.85713E-2 8.65535E-2 1.79572E-1 1.41351E-1 1.32921E-1 1.09647E-1 8.33638E-2 7.43265E-2 1.2194E-1 8.76632E-2 8.12751E-2 7.53052E-2 6.25473E-2 5.27244E-2 4.99586E-2 6.14477E-2
2.42962E-1 2.23222E-1 3.08793E-1 2.6798E-1 2.38422E-1 1.81787E-1 1.14439E-1 5.19095E-2 3.87969E-2 5.31719E-2 7.97027E-2 9.1786E-2 9.82842E-2 1.22196E-1 1.33343E-1 1.09463E-1 1.56782E-1 1.69274E-1 1.91534E-1 1.99082E-1 2.3297E-1 1.91675E-1 1.62229E-1 2.06956E-1 2.67206E-1 2.27096E-1 2.56511E-1 2.01194E-1 1.8547E-1 2.28025E-1 1.21369E-1 1.78861E-1 1.70205E-1 1.64969E-1 1.58619E-1 1.53456E-1 2.20681E-1 1.91183E-1 1.51813E-1 1.54192E-1 9.27955E-2 8.05328E-2 8.57012E-2 9.12565E-2 9.13544E-2 8.59312E-2 1.04991E-1 9.26079E-2 7.32136E-2 6.54476E-2 6.07625E-2 5.44032E-2 7.6998E-2 7.91211E-2 8.77057E-2 8.58184E-2 8.67874E-2 6.91909E-2 5.8067E-2 5.79454E-2 5.30654E-2
3.30661E-1 2.47318E-1 3.38533E-1 3.07403E-1 2.72169E-1 2.80472E-1 1.89677E-1 1.59161E-1 8.3504E-2 7.86971E-2 1.3979E-1 1.0126E-1 1.35949E-1 1.6124E-1 1.53919E-1 1.65204E-1 1.66631E-1 1.94326E-1 2.14557E-1 2.1245E-1 2.0434E-1 1.88663E-1 1.74387E-1 1.59943E-1 1.77241E-1 1.77528E-1 1.7695E-1 2.37521E-1 1.71737E-1 1.26404E-1 1.99022E-1 1.91201E-1 1.68372E-1 1.74608E-1 1.66844E-1 1.62112E-1 2.00349E-1 1.73517E-1 1.53851E-1 8.43469E-2 9.24343E-2 9.06974E-2 9.75668E-2 9.50891E-2 9.55551E-2 9.24329E-2 8.97436E-2 7.95943E-2 6.7867E-2 6.57847E-2 6.10383E-2 5.76349E-2 5.42944E-2 1.08955E-1 7.62288E-2 7.71413E-2 8.59641E-2 7.90118E-2 8.07946E-2 7.45514E-2 5.5611E-2
3.71861E-1 3.73036E-1 3.34441E-1 3.57823E-1 3.03763E-1 2.98544E-1 2.5587E-1 2.05158E-1 1.94062E-1 1.77568E-1 1.70914E-1 1.58517E-1 2.08518E-1 1.95173E-1 2.01847E-1 2.12031E-1 2.23837E-1 1.96491E-1 2.07429E-1 2.04289E-1 1.92339E-1 1.82614E-1 1.70157E-1 1.91736E-1 1.76186E-1 1.66842E-1 1.99396E-1 1.94795E-1 1.86157E-1 1.62504E-1 1.82239E-1 1.65987E-1 1.70067E-1 1.68598E-1 1.64301E-1 1.436E-1 1.20621E-1 8.10979E-2 8.24568E-2 8.85651E-2 9.56905E-2 9.68601E-2 9.62006E-2 1.16122E-1 1.56305E-1 9.25919E-2 9.70079E-2 8.18443E-2 8.59797E-2 6.95978E-2 7.58521E-2 6.71166E-2 1.17301E-1 1.76429E-1 1.45566E-1 1.20851E-1 1.03193E-1 9.74427E-2 7.24342E-2 6.23553E-2 6.68241E-2
