Final_Models_July82022/M_0.1_F_lqp_Set_1/Bison_9.asc
ncols         290
nrows         380
xllcorner     -2197417.7431653
yllcorner     -584827.01486885
cellsize      10000.0
NODATA_value  -9999
[rows 54 to 80 of 380, columns 61 to 121 of 290]
2.80243E-2 3.68644E-2 5.21966E-2 4.0412E-2 5.2898E-2 6.49577E-2 8.18696E-2 2.95465E-2 4.79871E-2 4.02483E-2 3.42896E-2 2.48238E-2 3.09811E-2 2.68807E-2 2.53406E-2 3.51137E-2 3.12866E-2 3.31707E-2 3.28484E-2 3.45189E-2 3.5689E-2 3.42909E-2 3.11928E-2 3.00746E-2 3.0247E-2 3.55106E-2 3.26886E-2 2.405E-2 2.59761E-2 3.63712E-2 6.75839E-2 6.212E-2 5.85959E-2 5.52913E-2 3.77723E-2 8.03888E-2 4.52749E-2 5.87249E-2 7.40595E-2 9.32621E-2 7.7248E-2 8.24143E-2 6.83746E-2 7.4204E-2 7.01118E-2 3.80023E-2 4.67799E-2 7.03731E-2 6.63852E-2 7.26873E-2 9.07967E-2 6.62687E-2 2.0586E-2 2.34215E-2 6.90248E-2 1.16165E-1 1.45476E-1 1.40828E-1 1.08444E-1 1.13366E-1 2.56797E-2
2.98996E-2 3.04785E-2 4.96579E-2 3.6883E-2 2.87503E-2 3.66548E-2 4.10071E-2 4.43191E-2 4.52398E-2 4.31812E-2 4.54372E-2 3.33144E-2 3.56838E-2 2.21336E-2 2.64164E-2 2.72909E-2 3.36674E-2 3.05471E-2 3.40765E-2 3.58788E-2 3.46527E-2 3.36068E-2 3.1312E-2 3.887E-2 3.47007E-2 3.10273E-2 3.14653E-2 3.87289E-2 2.9088E-2 2.38774E-2 4.23879E-2 5.50825E-2 3.85799E-2 5.32792E-2 6.74924E-2 4.78378E-2 6.88665E-2 8.26132E-2 7.46394E-2 8.20001E-2 5.13172E-2 8.79312E-2 6.67426E-2 6.74337E-2 6.93769E-2 4.78033E-2 3.58219E-2 3.28456E-2 5.82888E-2 8.28659E-2 9.70691E-2 1.29123E-1 4.17001E-2 5.35313E-2 8.66191E-2 1.41443E-1 1.2253E-1 1.39279E-1 1.39074E-1 8.5243E-2 4.72155E-2
3.55854E-2 3.04605E-2 5.1951E-2 3.28056E-2 2.53787E-2 2.55584E-2 2.85937E-2 5.27361E-2 4.01531E-2 4.165E-2 4.49091E-2 5.38599E-2 2.00601E-2 2.02989E-2 2.04404E-2 2.5658E-2 5.32992E-2 3.07351E-2 2.88281E-2 3.32588E-2 3.34975E-2 3.21563E-2 5.92685E-2 5.44679E-2 4.78767E-2 2.60262E-2 4.03093E-2 5.67625E-2 6.68981E-2 4.74342E-2 3.24114E-2 6.82722E-2 5.82796E-2 5.98893E-2 6.49802E-2 5.21086E-2 5.94379E-2 7.40622E-2 9.03104E-2 9.91254E-2 8.59722E-2 8.65314E-2 7.46851E-2 6.47072E-2 6.82139E-2 5.88195E-2 2.34943E-2 2.6891E-2 8.83583E-2 8.3118E-2 5.09176E-2 1.20136E-1 9.58528E-2 9.11695E-2 7.06145E-2 1.33897E-1 1.32136E-1 1.34301E-1 1.21416E-1 1.12219E-1 2.72869E-2
3.40357E-2 3.23106E-2 3.19819E-2 3.13975E-2 1.74274E-2 2.32065E-2 3.60604E-2 3.55065E-2 3.22171E-2 3.67446E-2 3.3853E-2 2.68828E-2 3.71406E-2 2.45672E-2 1.91471E-2 3.82187E-2 4.3007E-2 3.98156E-2 3.25257E-2 3.39151E-2 3.22482E-2 2.92622E-2 3.41334E-2 4.59168E-2 5.72621E-2 2.82835E-2 3.10524E-2 3.05007E-2 5.28591E-2 6.75209E-2 6.36228E-2 5.02282E-2 5.71297E-2 4.82339E-2 7.03354E-2 6.28083E-2 7.60852E-2 7.86943E-2 8.94195E-2 8.03126E-2 7.05491E-2 6.46782E-2 9.25974E-2 6.06174E-2 4.47637E-2 4.37658E-2 5.03925E-2 7.40769E-2 9.53577E-2 6.46362E-2 4.21585E-2 1.10917E-1 7.18929E-2 8.89925E-2 8.02479E-2 1.38382E-1 9.87705E-2 7.4472E-2 7.8477E-2 1.1507E-1 6.05137E-2
2.90063E-2 2.57499E-2 4.0599E-2 2.23113E-2 2.55678E-2 1.86664E-2 1.4887E-2 2.21009E-2 4.43592E-2 4.10054E-2 1.94233E-2 2.34833E-2 1.74499E-2 1.71057E-2 1.81025E-2 2.95139E-2 6.28901E-2 4.38991E-2 3.47914E-2 4.05039E-2 3.10669E-2 2.82765E-2 2.99291E-2 3.37135E-2 8.04677E-2 6.86824E-2 6.5717E-2 3.92121E-2 4.50124E-2 6.04434E-2 5.99892E-2 4.89177E-2 5.83793E-2 4.9149E-2 5.85462E-2 6.65415E-2 5.97483E-2 7.26997E-2 7.05273E-2 8.6164E-2 8.53121E-2 8.65745E-2 7.98791E-2 7.55891E-2 2.619E-2 7.30216E-2 1.50136E-1 9.44814E-2 5.70443E-2 7.36384E-2 8.02171E-2 1.30145E-1 9.11552E-2 9.37306E-2 6.22689E-2 9.89399E-2 1.01167E-1 9.48677E-2 1.04886E-1 1.25298E-1 4.8281E-2
2.04976E-2 2.46476E-2 3.71783E-2 2.57049E-2 1.1732E-2 1.4971E-2 1.91952E-2 2.22469E-2 2.59728E-2 2.11996E-2 1.87388E-2 1.94567E-2 1.76849E-2 1.24789E-2 1.6987E-2 3.63509E-2 4.28277E-2 4.89621E-2 4.75778E-2 4.35765E-2 3.52122E-2 2.6436E-2 3.3072E-2 6.94425E-2 6.26499E-2 6.03777E-2 5.84345E-2 7.45419E-2 5.321E-2 7.15219E-2 7.50506E-2 4.74654E-2 6.4234E-2 7.94126E-2 8.19964E-2 4.78754E-2 5.2293E-2 5.22432E-2 7.44442E-2 9.07969E-2 6.78204E-2 8.56346E-2 9.34739E-2 6.36523E-2 4.6699E-2 1.52696E-1 1.50678E-1 8.67878E-2 3.3228E-2 4.8036E-2 9.60208E-2 1.09223E-1 1.08368E-1 7.27849E-2 7.36284E-2 7.10568E-2 9.52323E-2 1.08256E-1 1.13985E-1 6.85779E-2 3.42946E-2
1.89155E-2 1.43047E-2 3.84935E-2 9.88068E-3 2.47732E-2 8.42886E-3 1.6948E-2 2.22194E-2 1.18524E-2 2.18239E-2 2.31041E-2 1.81808E-2 1.19975E-2 1.12829E-2 2.0273E-2 3.20922E-2 4.85535E-2 5.41778E-2 5.39856E-2 4.34428E-2 3.30113E-2 3.39845E-2 5.71518E-2 8.6707E-2 7.02463E-2 6.29548E-2 5.58709E-2 5.74797E-2 8.09772E-2 7.22816E-2 7.34182E-2 6.02194E-2 4.34132E-2 6.36304E-2 7.188E-2 7.60203E-2 1.08232E-1 1.09005E-1 9.75596E-2 8.9051E-2 8.66005E-2 1.24053E-1 1.22391E-1 9.91141E-2 1.14675E-1 1.05683E-1 8.42104E-2 6.16733E-2 2.75646E-2 3.85417E-2 4.67969E-2 7.52142E-2 1.06689E-1 7.1553E-2 4.18839E-2 5.85191E-2 1.03948E-1 1.28446E-1 1.2806E-1 1.00631E-1 4.36631E-2
8.29506E-3 2.24302E-2 4.66783E-2 3.72543E-2 1.23493E-2 5.492E-3 7.59169E-3 2.07189E-2 1.05222E-2 2.56345E-2 1.90873E-2 9.08577E-3 1.66742E-2 1.24745E-2 1.94153E-2 2.02532E-2 3.21123E-2 3.00556E-2 7.50705E-2 5.37825E-2 6.52588E-2 6.53932E-2 4.83154E-2 5.60318E-2 8.13489E-2 5.76718E-2 5.6151E-2 4.38992E-2 6.64251E-2 6.02448E-2 5.74989E-2 6.30596E-2 5.38097E-2 5.74334E-2 6.59793E-2 8.8417E-2 9.56627E-2 9.54139E-2 1.07311E-1 1.23917E-1 1.22616E-1 1.02775E-1 1.24733E-1 1.32274E-1 1.35572E-1 1.57204E-1 1.12607E-1 1.0531E-1 2.59039E-2 4.18414E-2 6.80705E-2 8.14657E-2 1.04212E-1 7.25948E-2 1.1759E-1 5.1496E-2 1.12573E-1 1.01858E-1 1.07578E-1 5.89818E-2 3.456E-2
8.60521E-3 1.33515E-2 3.67384E-2 6.30742E-3 3.12243E-2 4.46858E-3 1.22265E-2 7.50875E-3 1.468E-2 1.08674E-2 1.16044E-2 1.03206E-2 1.19244E-2 1.61606E-2 1.62703E-2 1.62685E-2 1.9718E-2 2.4701E-2 4.59884E-2 3.30663E-2 9.81102E-2 6.75395E-2 7.6191E-2 6.46395E-2 6.76633E-2 6.064E-2 5.56684E-2 5.39091E-2 4.87009E-2 4.82411E-2 4.77935E-2 6.13321E-2 6.67095E-2 8.08675E-2 7.96867E-2 7.58969E-2 8.26468E-2 9.15999E-2 1.24965E-1 1.04229E-1 1.32038E-1 1.22945E-1 1.07847E-1 1.15678E-1 6.45467E-2 6.57458E-2 1.27838E-1 1.05457E-1 6.06352E-2 3.84447E-2 6.14034E-2 7.38547E-2 8.75007E-2 1.08462E-1 1.27704E-1 1.20427E-1 1.06763E-1 1.37798E-1 1.12187E-1 2.9075E-2 2.47708E-2
3.57934E-2 1.02804E-2 4.65269E-2 8.63542E-3 3.88893E-3 1.16809E-2 4.27475E-3 5.10676E-3 8.35237E-3 9.19794E-3 1.207E-2 1.36822E-2 8.58072E-3 1.33341E-2 1.44205E-2 1.50109E-2 1.79445E-2 2.31336E-2 4.83776E-2 3.50108E-2 2.55917E-2 2.97774E-2 5.42606E-2 4.81154E-2 4.67597E-2 6.98226E-2 5.82493E-2 3.18137E-2 2.98189E-2 5.63454E-2 6.54786E-2 6.05167E-2 7.48114E-2 7.88688E-2 9.08925E-2 9.08091E-2 7.77349E-2 6.87234E-2 1.00187E-1 1.12345E-1 1.49575E-1 1.18806E-1 1.30267E-1 1.3965E-1 7.63629E-2 5.3818E-2 6.55773E-2 1.02636E-1 1.26596E-1 1.09188E-1 9.07856E-2 8.72226E-2 7.04152E-2 1.31778E-1 1.38581E-1 1.45032E-1 1.60856E-1 1.79217E-1 9.72394E-2 6.11594E-2 3.1205E-2
1.26038E-2 4.12973E-3 5.03382E-3 4.1168E-2 5.01142E-3 1.1899E-3 7.98285E-3 1.76016E-2 7.10704E-3 1.2562E-2 1.95255E-2 1.23827E-2 1.38507E-2 5.71301E-3 1.31526E-2 1.38496E-2 3.24919E-2 5.93928E-2 4.5822E-2 3.2814E-2 2.46455E-2 3.46855E-2 3.94981E-2 4.19945E-2 5.15898E-2 4.89282E-2 5.04502E-2 2.14809E-2 3.22752E-2 5.03116E-2 6.93126E-2 4.57937E-2 6.04215E-2 6.31006E-2 7.10751E-2 1.0396E-1 5.11521E-2 6.64007E-2 1.05434E-1 1.32626E-1 1.18619E-1 1.15137E-1 1.19699E-1 8.71561E-2 7.53704E-2 3.80318E-2 9.42147E-2 1.14026E-1 1.29414E-1 1.40237E-1 9.82545E-2 7.16829E-2 5.8745E-2 5.78158E-2 9.71158E-2 1.56353E-1 2.05842E-1 6.54168E-2 3.15655E-2 2.55177E-2 2.49944E-2
9.69238E-3 1.04834E-2 7.13642E-3 5.36825E-2 6.54311E-3 9.75701E-3 2.72281E-3 8.67649E-3 3.47078E-3 4.79096E-3 1.88311E-3 6.08207E-3 5.94189E-3 5.06654E-3 1.07441E-2 1.27853E-2 1.70692E-2 4.89932E-2 3.69529E-2 4.1769E-2 2.94542E-2 2.51056E-2 4.00165E-2 3.62299E-2 4.89146E-2 5.8797E-2 5.0197E-2 3.18469E-2 3.11941E-2 5.26644E-2 5.01913E-2 6.20208E-2 4.87775E-2 1.44725E-1 9.03293E-2 1.0609E-1 1.10717E-1 5.56699E-2 6.29413E-2 6.85355E-2 4.61448E-2 9.81506E-2 8.6794E-2 7.29888E-2 6.97357E-2 9.89799E-2 9.96301E-2 1.33365E-1 1.38081E-1 1.2124E-1 1.14464E-1 1.91806E-1 1.01591E-1 1.26358E-1 8.22024E-2 1.46712E-1 1.17149E-1 3.02836E-2 2.87375E-2 2.38393E-2 2.52133E-2
6.99778E-3 1.11978E-2 2.30204E-2 1.75075E-2 6.11912E-3 1.03286E-2 8.78342E-3 4.63153E-3 1.42622E-2 8.155E-3 3.59944E-3 7.89346E-3 1.41907E-2 9.3918E-3 8.2716E-3 1.74584E-2 2.10663E-2 1.31703E-2 2.01793E-2 2.3231E-2 2.57388E-2 2.56051E-2 3.25264E-2 4.39077E-2 4.82057E-2 5.94272E-2 4.2273E-2 5.14161E-2 3.64747E-2 4.90032E-2 5.2311E-2 1.35981E-1 4.6551E-2 5.05723E-2 7.37014E-2 9.76961E-2 6.31511E-2 9.21569E-2 1.19508E-1 6.36262E-2 3.16719E-2 5.39533E-2 5.27271E-2 6.09909E-2 9.76471E-2 7.99014E-2 1.04226E-1 1.32287E-1 1.40688E-1 1.22928E-1 1.41348E-1 1.02942E-1 1.03123E-1 8.93106E-2 7.69997E-2 4.5049E-2 1.40117E-1 1.42948E-1 1.1283E-1 8.45798E-2 4.7989E-2
7.16256E-3 9.71036E-3 7.64294E-3 3.68095E-2 1.5839E-2 7.42192E-3 1.98335E-3 2.5962E-2 1.03149E-2 1.23402E-2 1.11413E-2 7.33406E-3 1.84552E-2 1.23095E-2 2.74537E-2 3.14013E-2 7.98101E-3 7.09748E-3 8.82923E-3 1.45655E-2 1.7098E-2 1.88809E-2 3.83691E-2 3.35465E-2 5.23191E-2 5.90269E-2 2.97193E-2 2.95835E-2 3.74159E-2 4.73797E-2 4.9237E-2 4.62637E-2 4.68984E-2 9.80635E-2 8.80252E-2 8.52332E-2 7.35977E-2 8.93894E-2 8.25032E-2 7.95456E-2 6.69618E-2 4.05815E-2 7.96572E-2 7.24145E-2 1.214E-1 8.65751E-2 5.4118E-2 4.44484E-2 5.14416E-2 9.24558E-2 6.71677E-2 1.02219E-1 7.22414E-2 4.37079E-2 5.17771E-2 4.68979E-2 4.62876E-2 5.54737E-2 6.49888E-2 6.13626E-2 8.09361E-2
1.42471E-2 7.27346E-3 1.50011E-2 4.25897E-2 2.07255E-2 2.55242E-2 1.36075E-3 3.05689E-2 9.79063E-3 3.54673E-3 1.21902E-2 8.76887E-3 1.49598E-2 9.88818E-3 3.08573E-2 2.07087E-2 9.58478E-3 8.73772E-3 7.70374E-3 7.72169E-3 7.52447E-3 7.31025E-3 2.1543E-2 3.88321E-2 5.72985E-2 5.69143E-2 2.65634E-2 2.31502E-2 4.05755E-2 3.32449E-2 3.73584E-2 2.53645E-2 4.35048E-2 1.00401E-1 9.80362E-2 1.10036E-1 7.94697E-2 1.04152E-1 9.64006E-2 7.67442E-2 1.29257E-1 1.17398E-1 1.07791E-1 9.33453E-2 1.09955E-1 1.25777E-1 3.2956E-2 3.18852E-2 3.45964E-2 3.85575E-2 3.62243E-2 3.59098E-2 3.5298E-2 3.53175E-2 3.76765E-2 3.92164E-2 4.17912E-2 4.10769E-2 3.8033E-2 3.84038E-2 4.00515E-2
3.12166E-2 6.5022E-3 2.78404E-2 3.14133E-2 1.51715E-2 1.51898E-2 1.06006E-2 2.05299E-2 6.55517E-3 4.86411E-3 1.48451E-2 8.62384E-3 1.253E-2 4.09794E-2 8.97385E-3 7.84418E-3 7.26708E-3 3.39221E-3 6.74304E-3 7.46956E-3 8.5078E-3 5.31051E-3 8.86571E-3 3.34378E-2 5.13835E-2 4.92634E-2 4.64912E-2 4.11944E-2 8.45366E-2 4.57456E-2 2.78821E-2 3.90857E-2 5.66526E-2 7.29013E-2 9.21538E-2 9.94346E-2 1.19604E-1 9.49912E-2 1.02949E-1 1.35388E-1 1.1742E-1 1.44902E-1 1.08253E-1 6.34783E-2 7.02682E-2 9.84366E-2 3.3355E-2 3.56477E-2 1.11341E-1 1.41982E-1 5.87923E-2 3.6474E-2 3.75457E-2 3.94778E-2 5.22946E-2 4.34785E-2 4.36896E-2 4.24291E-2 3.82647E-2 3.96967E-2 3.97869E-2
5.71333E-2 1.77464E-2 1.20706E-2 3.23899E-2 1.45366E-2 1.25738E-2 9.59846E-3 2.06504E-2 6.21789E-3 1.46608E-2 1.11879E-2 6.24104E-3 1.44873E-2 1.51529E-2 1.06421E-2 1.23957E-2 5.35877E-3 6.58727E-3 3.12827E-3 3.75208E-3 6.11274E-3 8.19623E-3 8.58409E-3 5.0538E-3 1.58625E-2 1.62609E-2 2.96691E-2 3.62831E-2 4.88957E-2 5.01416E-2 3.96097E-2 3.08695E-2 5.24537E-2 8.26963E-2 1.13903E-1 1.09557E-1 1.18751E-1 1.0671E-1 1.07399E-1 1.18135E-1 9.76142E-2 9.01041E-2 6.0352E-2 7.36957E-2 6.53116E-2 4.53858E-2 6.0056E-2 5.94146E-2 1.08705E-1 1.425E-1 1.61056E-1 8.31301E-2 8.69304E-2 9.4632E-2 5.09837E-2 9.46237E-2 1.21115E-1 7.9465E-2 9.05063E-2 4.03338E-2 4.31104E-2
8.51388E-2 6.61056E-2 4.75948E-2 1.35948E-2 2.72099E-2 1.59793E-2 1.33134E-2 2.38989E-2 2.85037E-2 3.70079E-3 1.55048E-2 1.10754E-2 2.0887E-2 1.19341E-2 8.70905E-3 7.34409E-3 5.16391E-3 5.18728E-3 7.83302E-3 6.56165E-3 3.84421E-3 4.61427E-3 8.82684E-3 4.85425E-3 6.6404E-3 1.00478E-2 8.56738E-3 3.1191E-2 3.08605E-2 3.46511E-2 5.53147E-2 4.64721E-2 5.49626E-2 7.60177E-2 1.18955E-1 7.01388E-2 1.20337E-1 7.43802E-2 1.29793E-1 8.72073E-2 1.01629E-1 7.48843E-2 5.75269E-2 5.36535E-2 7.25541E-2 1.13352E-1 1.16361E-1 7.80551E-2 1.1866E-1 1.06118E-1 1.40041E-1 1.5848E-1 1.90197E-1 2.25241E-1 8.85912E-2 1.76996E-1 2.22653E-1 1.78358E-1 1.80626E-1 1.14648E-1 5.51181E-2
8.57623E-2 6.81842E-2 2.77371E-2 4.03523E-2 4.23995E-2 3.00619E-2 3.621E-2 2.4681E-2 3.20169E-2 8.70235E-3 3.79016E-3 6.37925E-3 2.56934E-2 5.54394E-3 2.21061E-2 4.41214E-3 7.53828E-3 6.87559E-3 5.59133E-3 1.37925E-2 5.99027E-3 5.00401E-3 6.70927E-3 9.53076E-3 4.64895E-3 8.26806E-3 6.99227E-3 9.94924E-3 2.85368E-2 4.10412E-2 4.69879E-2 7.9173E-2 7.13708E-2 8.44332E-2 1.78344E-1 1.16147E-1 9.64612E-2 7.0143E-2 1.10944E-1 9.54305E-2 8.59628E-2 5.45121E-2 5.41919E-2 6.15019E-2 6.02769E-2 9.2783E-2 1.1204E-1 8.35289E-2 1.00334E-1 1.08979E-1 5.9497E-2 1.44663E-1 1.6942E-1 1.74175E-1 1.37185E-1 1.83351E-1 8.55672E-2 1.03756E-1 9.46344E-2 2.80082E-1 1.6783E-1
1.74574E-1 3.92115E-2 4.42832E-2 5.50265E-2 1.27226E-2 1.50821E-2 4.57431E-2 3.01065E-2 2.30769E-2 1.44689E-2 1.42411E-2 5.11968E-3 6.42983E-3 1.57198E-2 5.14434E-3 3.88648E-3 9.66218E-3 4.87573E-3 6.50091E-3 6.44214E-3 5.09548E-3 1.47864E-2 3.79352E-3 1.1452E-2 8.1542E-3 7.10462E-3 6.9165E-3 6.37334E-3 1.80708E-2 2.85129E-2 5.01536E-2 7.57413E-2 9.56289E-2 6.54004E-2 8.33663E-2 1.41531E-1 1.27416E-1 8.08745E-2 1.00961E-1 1.02825E-1 7.94155E-2 4.51769E-2 4.91694E-2 7.33076E-2 6.42081E-2 9.15304E-2 1.0989E-1 8.10453E-2 8.89693E-2 1.1957E-1 6.938E-2 6.01663E-2 1.35617E-1 1.57608E-1 1.28107E-1 1.47363E-1 9.20099E-2 6.13328E-2 6.60524E-2 2.39082E-1 2.87706E-1
4.91035E-2 1.10678E-2 1.57682E-2 1.63441E-2 3.2118E-2 2.93329E-2 9.88665E-3 3.13468E-2 2.97873E-2 2.66434E-2 7.6792E-3 3.74854E-3 4.30469E-3 4.1802E-3 3.80255E-3 5.44683E-3 3.74341E-3 3.82642E-3 6.44046E-3 4.67163E-3 9.55078E-3 1.36211E-2 2.26865E-2 1.01604E-2 1.01966E-2 6.36064E-3 3.70174E-3 5.96939E-3 1.31944E-2 1.61732E-2 6.14788E-2 8.01354E-2 8.62113E-2 8.56481E-2 7.44872E-2 8.29255E-2 1.09423E-1 9.04251E-2 4.79602E-2 1.03034E-1 5.62918E-2 5.08497E-2 3.22451E-2 7.86377E-2 1.11428E-1 8.82749E-2 1.34789E-1 1.15058E-1 1.16196E-1 1.23503E-1 1.19545E-1 1.06605E-1 1.1184E-1 1.37613E-1 1.59375E-1 7.76627E-2 7.02764E-2 3.6766E-2 5.58196E-2 1.18388E-1 2.1009E-1
6.71826E-2 6.5235E-2 3.01072E-2 1.09357E-2 7.24531E-3 1.47993E-2 7.7568E-3 2.87325E-2 1.05417E-2 1.6579E-2 1.44014E-2 5.69074E-3 6.07988E-3 2.15251E-3 4.37073E-3 6.39565E-3 4.17448E-3 5.95707E-3 5.5518E-3 1.0064E-2 7.23434E-3 3.73691E-3 9.43128E-3 6.32519E-3 7.49918E-3 9.08329E-3 4.18948E-3 7.94116E-3 5.12154E-3 9.12729E-3 2.48064E-2 8.7581E-2 9.543E-2 8.63576E-2 8.12524E-2 7.06648E-2 8.86032E-2 1.02037E-1 7.61742E-2 5.95046E-2 6.8941E-2 4.83253E-2 8.23334E-2 7.61773E-2 1.10168E-1 9.7366E-2 1.19283E-1 1.22063E-1 1.34419E-1 1.06962E-1 1.44761E-1 1.0894E-1 7.77055E-2 1.42381E-1 1.24178E-1 5.21685E-2 1.37008E-1 7.46546E-2 4.04505E-2 5.661E-2 1.08649E-1
3.61476E-2 1.59696E-2 1.29067E-2 1.1219E-3 1.08713E-2 1.2656E-2 8.0046E-3 6.72642E-3 1.104E-2 1.65687E-2 5.22596E-3 3.45948E-3 6.84562E-3 3.39897E-3 3.80705E-3 6.4146E-3 4.02788E-3 3.95532E-3 5.11039E-3 1.12814E-2 5.78377E-3 1.4441E-2 5.28439E-3 1.40606E-2 6.79845E-3 8.39449E-3 4.08762E-3 5.55999E-3 5.34208E-3 8.82292E-3 1.25118E-2 4.98092E-2 8.07576E-2 7.67748E-2 8.76521E-2 8.66797E-2 6.52903E-2 1.06074E-1 1.04504E-1 9.17917E-2 7.31691E-2 6.26457E-2 7.43217E-2 7.33953E-2 1.03952E-1 1.22097E-1 1.26532E-1 1.1903E-1 1.02433E-1 1.2591E-1 1.13587E-1 1.20523E-1 7.75548E-2 1.35046E-1 7.66618E-2 6.4848E-2 8.70948E-2 6.19462E-2 4.5875E-2 4.83374E-2 4.98309E-2
8.43058E-3 2.95435E-2 2.31944E-2 1.61501E-3 3.33558E-3 3.36357E-3 5.67509E-3 6.39479E-3 8.4656E-3 4.38482E-3 5.47429E-3 1.27736E-2 5.72207E-3 2.35237E-3 4.55534E-3 5.04511E-3 3.49001E-3 5.95244E-3 6.16981E-3 4.55753E-3 1.27077E-2 9.96926E-3 8.63718E-3 7.60261E-3 5.20446E-3 3.91561E-3 9.30944E-3 6.01167E-3 7.66708E-3 7.1229E-3 1.51026E-2 2.4787E-2 7.07378E-2 5.99711E-2 8.245E-2 8.1984E-2 6.41422E-2 8.00178E-2 5.85832E-2 1.10567E-1 7.01259E-2 5.12467E-2 6.00253E-2 8.26822E-2 7.4744E-2 1.175E-1 1.21485E-1 1.06099E-1 1.25165E-1 1.32793E-1 1.19802E-1 1.20394E-1 1.35068E-1 1.41589E-1 9.56328E-2 9.24498E-2 5.57957E-2 4.95261E-2 5.18613E-2 5.31105E-2 5.49219E-2
1.40012E-2 1.01922E-2 1.63864E-2 4.02952E-3 7.79734E-3 6.18685E-3 2.59558E-3 1.69873E-2 1.262E-2 7.92236E-3 1.48992E-2 5.7546E-3 7.26869E-3 5.93228E-3 7.45206E-3 1.26417E-2 8.48408E-3 6.52859E-3 7.97219E-3 1.11481E-2 9.60158E-3 9.03934E-3 1.5389E-2 5.93326E-3 8.38908E-3 4.81146E-3 6.64211E-3 8.72082E-3 8.94034E-3 9.3911E-3 1.6111E-2 1.33768E-2 4.17093E-2 7.27407E-2 6.75678E-2 7.61531E-2 7.47504E-2 6.35198E-2 5.34802E-2 7.62067E-2 6.16398E-2 7.36121E-2 5.91818E-2 7.94913E-2 8.26879E-2 8.88001E-2 8.08351E-2 1.21399E-1 1.11225E-1 1.12155E-1 1.23656E-1 1.1961E-1 1.46513E-1 6.36348E-2 4.06514E-2 4.44682E-2 4.92142E-2 5.50122E-2 5.67985E-2 5.72687E-2 5.48062E-2
4.1385E-3 4.54367E-2 1.84872E-2 5.29504E-3 1.70635E-2 2.81486E-3 1.9539E-3 5.13356E-3 9.3682E-3 5.60674E-3 3.41429E-3 7.15521E-3 5.29384E-3 3.40094E-3 3.56247E-3 5.90284E-3 7.87036E-3 1.45442E-2 5.38171E-3 1.39654E-2 1.2682E-2 9.50653E-3 1.68635E-2 5.93004E-3 6.21579E-3 4.37752E-3 6.2101E-3 9.06504E-3 1.69996E-2 1.37783E-2 1.8043E-2 3.14745E-2 2.50496E-2 7.28065E-2 7.14507E-2 9.3289E-2 8.25045E-2 6.01988E-2 6.68688E-2 4.40442E-2 6.97661E-2 6.50417E-2 6.51905E-2 7.6638E-2 8.13097E-2 7.91874E-2 9.53732E-2 1.32921E-1 1.01958E-1 1.12992E-1 1.20557E-1 1.31409E-1 1.48758E-1 6.25845E-2 4.56844E-2 5.02928E-2 5.40827E-2 5.87167E-2 5.693E-2 5.74731E-2 5.62907E-2
1.95575E-2 2.44176E-2 2.01047E-2 8.55239E-3 2.30625E-2 6.07937E-3 1.29083E-2 2.43551E-3 8.99645E-3 7.29106E-3 3.53591E-3 2.8863E-3 5.01908E-3 2.71114E-3 9.24922E-3 4.38382E-3 5.23442E-3 5.6925E-3 7.75461E-3 7.76543E-3 1.12112E-2 8.93549E-3 9.96895E-3 7.84592E-3 3.28034E-3 8.60814E-3 7.10398E-3 7.0843E-3 1.08529E-2 1.79006E-2 1.79432E-2 1.92349E-2 4.72791E-2 5.22589E-2 5.08586E-2 7.66034E-2 7.91769E-2 4.45281E-2 5.91406E-2 4.83208E-2 6.74637E-2 8.18545E-2 7.01773E-2 8.07124E-2 7.71559E-2 7.753E-2 1.03578E-1 1.32534E-1 1.29357E-1 7.88884E-2 8.67927E-2 1.14192E-1 9.92653E-2 4.82189E-2 4.99791E-2 5.17525E-2 5.77564E-2 5.50482E-2 5.77357E-2 5.44156E-2 8.01254E-2
