Final_Models_July82022/M_0.1_F_lqp_Set_1/Bison_median.asc
ncols         290
nrows         380
xllcorner     -2197417.7431653
yllcorner     -584827.01486885
cellsize      10000.0
NODATA_value  -9999
[rows 189 to 215 of 380, columns 183 to 243 of 290]
1.15141E-1 1.15248E-1 1.16413E-1 1.0704E-1 9.70896E-2 9.52334E-2 1.04907E-1 1.02874E-1 7.22895E-2 7.42319E-2 7.18933E-2 7.05469E-2 7.53878E-2 6.98732E-2 6.88765E-2 6.21923E-2 6.70059E-2 5.93293E-2 5.8794E-2 5.92822E-2 7.23821E-2 5.34542E-2 4.64492E-2 5.84911E-2 5.57127E-2 4.89471E-2 5.37974E-2 5.50282E-2 5.15322E-2 5.38495E-2 5.55791E-2 5.06867E-2 5.14013E-2 5.56252E-2 4.74145E-2 4.18161E-2 4.96043E-2 5.0268E-2 5.01592E-2 4.99997E-2 4.34999E-2 3.40104E-2 3.47164E-2 3.32516E-2 3.55633E-2 3.13456E-2 3.67342E-2 3.60475E-2 4.46711E-2 3.18027E-2 3.17542E-2 2.61692E-2 3.27476E-2 2.58941E-2 3.18976E-2 3.28621E-2 3.29491E-2 2.97196E-2 3.51854E-2 -9999 -9999
1.09915E-1 1.27231E-1 1.193E-1 1.10865E-1 1.15117E-1 9.73203E-2 8.83106E-2 7.76744E-2 6.48393E-2 7.19861E-2 8.6191E-2 7.87853E-2 7.98005E-2 8.10746E-2 6.30468E-2 6.47881E-2 6.00112E-2 6.17302E-2 5.9477E-2 5.79232E-2 6.37356E-2 5.10267E-2 5.50761E-2 5.78345E-2 5.81806E-2 5.14102E-2 5.05879E-2 5.1672E-2 5.54445E-2 5.65022E-2 5.01193E-2 4.73142E-2 5.32456E-2 5.58671E-2 5.32095E-2 5.44423E-2 5.89296E-2 5.66288E-2 4.66887E-2 4.67231E-2 3.44336E-2 3.7169E-2 4.39502E-2 3.95782E-2 3.37203E-2 3.59577E-2 3.35887E-2 4.19326E-2 6.25274E-2 3.31132E-2 3.09826E-2 2.77666E-2 3.64178E-2 3.0783E-2 2.64203E-2 3.30126E-2 3.26908E-2 3.62069E-2 3.45067E-2 -9999 -9999
1.21708E-1 1.27683E-1 1.17959E-1 1.1991E-1 1.27204E-1 8.81675E-2 8.39713E-2 6.52066E-2 7.66373E-2 9.92495E-2 9.15293E-2 8.63081E-2 7.62513E-2 1.08266E-1 6.92791E-2 6.40588E-2 7.10608E-2 6.56289E-2 6.23036E-2 6.45678E-2 5.6314E-2 5.52659E-2 5.75585E-2 5.3235E-2 5.38647E-2 5.49146E-2 5.28213E-2 4.80437E-2 4.90655E-2 5.90292E-2 5.11427E-2 5.28995E-2 5.86532E-2 5.35831E-2 5.80889E-2 5.33998E-2 5.28431E-2 5.24529E-2 4.89057E-2 4.97299E-2 4.80433E-2 4.45722E-2 4.17771E-2 3.73819E-2 3.90919E-2 3.87969E-2 3.52664E-2 3.52816E-2 3.32266E-2 3.28511E-2 3.18842E-2 4.82017E-2 3.82222E-2 2.63054E-2 2.83873E-2 3.70596E-2 3.61177E-2 3.97145E-2 -9999 -9999 -9999
1.49313E-1 1.37021E-1 1.2266E-1 1.08725E-1 1.05043E-1 1.0185E-1 1.31659E-1 1.2818E-1 9.80443E-2 9.51435E-2 8.83737E-2 7.9433E-2 8.44676E-2 7.24705E-2 6.43387E-2 6.80324E-2 7.00924E-2 6.11869E-2 6.58905E-2 5.05045E-2 4.82992E-2 6.11637E-2 8.21691E-2 6.49059E-2 5.29912E-2 5.83436E-2 5.60279E-2 5.64019E-2 5.83047E-2 4.64472E-2 5.21492E-2 5.16898E-2 5.43199E-2 5.56007E-2 5.68386E-2 4.78312E-2 4.31638E-2 5.29109E-2 5.07607E-2 8.51533E-2 5.30634E-2 4.74161E-2 4.60682E-2 4.09506E-2 4.01327E-2 3.91324E-2 3.8519E-2 3.44422E-2 3.5755E-2 3.47097E-2 3.95517E-2 2.90332E-2 2.78736E-2 2.95535E-2 3.30518E-2 3.95113E-2 4.01468E-2 4.00956E-2 -9999 -9999 -9999
1.21136E-1 1.20095E-1 1.18362E-1 1.03968E-1 1.03178E-1 1.07698E-1 1.13083E-1 1.64123E-1 8.99043E-2 9.75981E-2 8.36664E-2 7.9773E-2 7.48456E-2 7.36536E-2 6.55089E-2 6.88939E-2 7.25068E-2 6.85308E-2 6.04588E-2 5.85126E-2 6.0641E-2 7.94141E-2 6.20341E-2 9.81639E-2 5.807E-2 5.63736E-2 5.5832E-2 5.51104E-2 4.79607E-2 4.59112E-2 5.41927E-2 6.29418E-2 5.84957E-2 5.52242E-2 5.45866E-2 5.70556E-2 5.94534E-2 5.62186E-2 5.64666E-2 9.76825E-2 5.37511E-2 4.95606E-2 4.65877E-2 4.24128E-2 4.47129E-2 3.84216E-2 3.52197E-2 3.28736E-2 3.33915E-2 3.09889E-2 4.2275E-2 3.85462E-2 4.05542E-2 3.69235E-2 3.07647E-2 3.56711E-2 3.79168E-2 3.78701E-2 -9999 -9999 -9999
1.31218E-1 1.28403E-1 1.71704E-1 1.01521E-1 1.07231E-1 1.07568E-1 1.07822E-1 9.82283E-2 9.8677E-2 9.24946E-2 8.83093E-2 7.94591E-2 7.8019E-2 7.61267E-2 7.02629E-2 7.03831E-2 7.44436E-2 7.70784E-2 6.34754E-2 6.67009E-2 6.06289E-2 5.87088E-2 8.74533E-2 6.03483E-2 6.9574E-2 5.58438E-2 6.01179E-2 5.31801E-2 6.96774E-2 5.51973E-2 5.52533E-2 5.48306E-2 5.8916E-2 5.82806E-2 5.03573E-2 4.63546E-2 5.47994E-2 5.16705E-2 5.75459E-2 5.5764E-2 5.2794E-2 5.26702E-2 5.00301E-2 4.54671E-2 4.12504E-2 4.00169E-2 3.37925E-2 3.49739E-2 3.67063E-2 3.44487E-2 3.51604E-2 3.5802E-2 3.21565E-2 3.88397E-2 3.52934E-2 3.45904E-2 3.71726E-2 -9999 -9999 -9999 -9999
1.93653E-1 1.30895E-1 1.28198E-1 1.88225E-1 1.3683E-1 9.80138E-2 1.28681E-1 1.65784E-1 1.59422E-1 1.16146E-1 8.33188E-2 7.51094E-2 8.68983E-2 7.62126E-2 7.13176E-2 6.8918E-2 7.50201E-2 7.41269E-2 7.75392E-2 6.66582E-2 6.43796E-2 6.46962E-2 6.03088E-2 1.10386E-1 6.49089E-2 5.62678E-2 5.39576E-2 4.82877E-2 5.70619E-2 5.71713E-2 5.25733E-2 4.8246E-2 5.45008E-2 5.88399E-2 5.918E-2 6.52581E-2 5.12165E-2 4.60902E-2 6.50654E-2 5.76565E-2 5.64693E-2 6.0988E-2 5.68384E-2 4.77486E-2 4.5144E-2 4.11807E-2 3.96751E-2 4.05057E-2 3.79558E-2 3.404E-2 3.59214E-2 3.75674E-2 3.91487E-2 3.9624E-2 3.93108E-2 3.54942E-2 3.85272E-2 -9999 -9999 -9999 -9999
2.44091E-1 1.24851E-1 1.24788E-1 1.65145E-1 9.96272E-2 1.50317E-1 1.2918E-1 1.67278E-1 1.83239E-1 8.22073E-2 1.37117E-1 1.57755E-1 8.40693E-2 8.4969E-2 8.03996E-2 7.4317E-2 7.46078E-2 7.28438E-2 7.54604E-2 7.10744E-2 6.28234E-2 7.4466E-2 6.30483E-2 6.09181E-2 5.8544E-2 7.13603E-2 6.73456E-2 5.60015E-2 6.36167E-2 5.59816E-2 5.6266E-2 6.13223E-2 5.11299E-2 4.79264E-2 6.0871E-2 6.06945E-2 6.16424E-2 6.08594E-2 6.5333E-2 5.28362E-2 5.9714E-2 5.62308E-2 4.83673E-2 4.99475E-2 4.44208E-2 4.32203E-2 4.10694E-2 4.29071E-2 3.91279E-2 3.40262E-2 3.67897E-2 4.14065E-2 4.15626E-2 3.90303E-2 3.77803E-2 3.60058E-2 4.35656E-2 -9999 -9999 -9999 -9999
1.52533E-1 1.27374E-1 1.33622E-1 1.36797E-1 1.27647E-1 1.26968E-1 1.95712E-1 2.11386E-1 1.75658E-1 7.96555E-2 1.59559E-1 1.14457E-1 8.81007E-2 8.95879E-2 8.04834E-2 7.46885E-2 7.7423E-2 7.59142E-2 7.43689E-2 7.31578E-2 6.45224E-2 6.58602E-2 6.4425E-2 6.27608E-2 8.85355E-2 7.43152E-2 6.67024E-2 5.88736E-2 5.56436E-2 5.48646E-2 5.76112E-2 6.02546E-2 5.98153E-2 5.78815E-2 6.42866E-2 6.2973E-2 6.75707E-2 5.79308E-2 5.81017E-2 4.88877E-2 6.04339E-2 5.72108E-2 5.0344E-2 5.26888E-2 4.87347E-2 4.84915E-2 4.61836E-2 4.31725E-2 4.09876E-2 3.81987E-2 4.20684E-2 4.05204E-2 4.23483E-2 4.04184E-2 3.91255E-2 4.12458E-2 -9999 -9999 -9999 -9999 -9999
1.21861E-1 1.28827E-1 1.28014E-1 1.34582E-1 1.21701E-1 1.30015E-1 1.2929E-1 1.06419E-1 1.02624E-1 8.58429E-2 9.8268E-2 8.81634E-2 9.82426E-2 9.59074E-2 8.92619E-2 8.76276E-2 8.82337E-2 8.85535E-2 7.39858E-2 6.98478E-2 7.3776E-2 6.50071E-2 7.37816E-2 6.88703E-2 7.05279E-2 7.26167E-2 7.13215E-2 6.69833E-2 5.65366E-2 5.36387E-2 6.06651E-2 6.28196E-2 5.56949E-2 6.33053E-2 6.62743E-2 6.63888E-2 6.48302E-2 5.70933E-2 5.46067E-2 6.43087E-2 6.22863E-2 6.00163E-2 5.34448E-2 5.32285E-2 5.17216E-2 5.25275E-2 4.67761E-2 4.36333E-2 4.50534E-2 4.7916E-2 4.17547E-2 3.99534E-2 4.21854E-2 4.00991E-2 4.53922E-2 4.50802E-2 -9999 -9999 -9999 -9999 -9999
1.19418E-1 1.5096E-1 1.54663E-1 1.30434E-1 1.27107E-1 1.29426E-1 1.28757E-1 1.12315E-1 1.0559E-1 1.0515E-1 1.04597E-1 9.89228E-2 9.37147E-2 9.8701E-2 1.00349E-1 9.30484E-2 9.24064E-2 8.99909E-2 7.70836E-2 9.32906E-2 1.26552E-1 6.92902E-2 8.18898E-2 9.06295E-2 7.72536E-2 7.49742E-2 7.51733E-2 7.90803E-2 6.88848E-2 6.62343E-2 6.57518E-2 6.50407E-2 6.1921E-2 7.16523E-2 6.9389E-2 6.1832E-2 5.15346E-2 6.05653E-2 6.07131E-2 6.84647E-2 6.23381E-2 6.22575E-2 5.05034E-2 5.85402E-2 5.34797E-2 4.95731E-2 4.87138E-2 4.7712E-2 4.65729E-2 3.81365E-2 4.11831E-2 3.92753E-2 4.19954E-2 4.46146E-2 4.55356E-2 4.78146E-2 -9999 -9999 -9999 -9999 -9999
1.54144E-1 1.42835E-1 1.49184E-1 1.37858E-1 1.27319E-1 1.28974E-1 1.19777E-1 1.20956E-1 1.09069E-1 1.11007E-1 9.80824E-2 1.08715E-1 1.03354E-1 9.24969E-2 8.88393E-2 9.27438E-2 9.19895E-2 1.03091E-1 8.73498E-2 1.35971E-1 1.14988E-1 7.82061E-2 9.62406E-2 9.18327E-2 8.13688E-2 7.93939E-2 8.26287E-2 8.3963E-2 8.04253E-2 7.16776E-2 6.9454E-2 7.2277E-2 7.24636E-2 7.14681E-2 7.58271E-2 6.57846E-2 5.5196E-2 5.7535E-2 6.69775E-2 7.59387E-2 6.43016E-2 6.06035E-2 6.03683E-2 5.95524E-2 5.20576E-2 5.50445E-2 5.58723E-2 5.15763E-2 5.2371E-2 4.5266E-2 4.65717E-2 4.86428E-2 4.60233E-2 5.05536E-2 5.01629E-2 5.12263E-2 -9999 -9999 -9999 -9999 -9999
1.61481E-1 1.53454E-1 1.48036E-1 1.38839E-1 1.44005E-1 1.31341E-1 1.34917E-1 1.18447E-1 1.20681E-1 1.1389E-1 1.13184E-1 1.025E-1 9.46409E-2 1.02489E-1 9.67449E-2 9.40063E-2 9.72037E-2 9.47607E-2 9.38971E-2 1.49778E-1 1.22343E-1 8.85373E-2 7.97283E-2 9.21579E-2 9.33266E-2 8.64677E-2 8.78945E-2 8.93515E-2 8.61366E-2 8.79353E-2 7.78734E-2 7.86892E-2 8.1282E-2 6.58064E-2 7.72745E-2 7.09464E-2 7.64588E-2 7.03464E-2 7.46941E-2 7.1643E-2 6.87397E-2 6.59719E-2 6.45282E-2 6.4925E-2 6.32173E-2 5.63461E-2 5.5514E-2 5.41503E-2 5.18683E-2 5.20959E-2 4.78199E-2 4.89483E-2 4.94821E-2 5.24386E-2 5.14345E-2 -9999 -9999 -9999 -9999 -9999 -9999
1.58463E-1 1.58507E-1 1.40821E-1 1.4415E-1 1.44527E-1 1.339E-1 1.31598E-1 1.30971E-1 1.26792E-1 1.15193E-1 1.0607E-1 1.00718E-1 1.12992E-1 9.71097E-2 9.62006E-2 1.02229E-1 1.09048E-1 9.57417E-2 1.31941E-1 1.11769E-1 9.44543E-2 8.52593E-2 9.57142E-2 9.08683E-2 8.02688E-2 8.47186E-2 9.57156E-2 9.28109E-2 9.38348E-2 9.05403E-2 9.13704E-2 8.30103E-2 8.13641E-2 8.29693E-2 8.70149E-2 8.28101E-2 7.5876E-2 7.58514E-2 7.19326E-2 7.4233E-2 7.44244E-2 7.59417E-2 6.99415E-2 6.48188E-2 6.18748E-2 5.94873E-2 5.93889E-2 5.50516E-2 6.1073E-2 5.33282E-2 5.32368E-2 5.18564E-2 5.6562E-2 5.39492E-2 5.82169E-2 -9999 -9999 -9999 -9999 -9999 -9999
1.6087E-1 1.51178E-1 1.48417E-1 1.40811E-1 1.39136E-1 1.40492E-1 1.38177E-1 1.37176E-1 1.37616E-1 1.32122E-1 1.1767E-1 1.19429E-1 1.13441E-1 1.08421E-1 1.04501E-1 1.05352E-1 1.61616E-1 1.2608E-1 1.00237E-1 9.35918E-2 9.58275E-2 9.77797E-2 9.77503E-2 9.93429E-2 9.24461E-2 1.02143E-1 9.05201E-2 9.55749E-2 9.13511E-2 9.18162E-2 9.36631E-2 8.6249E-2 9.60806E-2 8.6149E-2 8.40721E-2 8.50252E-2 8.57339E-2 5.91155E-2 7.94292E-2 7.83153E-2 7.79599E-2 7.52484E-2 7.43771E-2 6.88832E-2 6.49245E-2 5.23007E-2 5.9906E-2 6.70199E-2 5.75373E-2 6.06135E-2 5.51807E-2 7.13749E-2 6.9896E-2 5.8696E-2 5.95392E-2 -9999 -9999 -9999 -9999 -9999 -9999
1.64561E-1 1.60386E-1 1.54012E-1 1.55577E-1 1.57577E-1 1.43383E-1 1.40649E-1 1.40024E-1 1.44353E-1 1.35603E-1 1.29228E-1 1.32204E-1 1.17842E-1 1.31832E-1 1.41066E-1 1.51297E-1 1.10909E-1 1.22593E-1 1.19708E-1 1.0968E-1 9.33683E-2 9.48491E-2 9.78951E-2 9.94855E-2 1.03245E-1 1.00789E-1 1.06321E-1 1.03948E-1 1.03504E-1 9.65621E-2 8.25731E-2 9.59568E-2 8.90377E-2 9.63828E-2 8.52906E-2 7.54482E-2 8.52489E-2 8.55929E-2 8.95458E-2 7.94098E-2 8.17608E-2 6.7485E-2 7.33275E-2 6.96567E-2 6.99096E-2 6.72964E-2 6.54424E-2 6.50373E-2 6.41541E-2 6.674E-2 6.52242E-2 6.44786E-2 6.26425E-2 6.15529E-2 -9999 -9999 -9999 -9999 -9999 -9999 -9999
1.69961E-1 1.73306E-1 1.73861E-1 1.73792E-1 1.73452E-1 1.61411E-1 1.57307E-1 1.66119E-1 1.43199E-1 1.38429E-1 1.47766E-1 1.47455E-1 1.23956E-1 1.30039E-1 1.53582E-1 1.25254E-1 1.10969E-1 1.13303E-1 1.37702E-1 1.06222E-1 9.98837E-2 9.18533E-2 1.14872E-1 1.06014E-1 1.14016E-1 1.10122E-1 1.05299E-1 1.09658E-1 1.05547E-1 1.00653E-1 1.03142E-1 1.00736E-1 9.78564E-2 9.29062E-2 9.17091E-2 8.26827E-2 9.55892E-2 8.8149E-2 9.04353E-2 8.52268E-2 8.60734E-2 8.12816E-2 8.11659E-2 7.19955E-2 7.61356E-2 7.00237E-2 7.30086E-2 7.20014E-2 6.57642E-2 7.09766E-2 7.13295E-2 7.03791E-2 6.21312E-2 6.60598E-2 -9999 -9999 -9999 -9999 -9999 -9999 -9999
1.77378E-1 1.84011E-1 1.94019E-1 2.06145E-1 2.10561E-1 1.75966E-1 1.76611E-1 1.75104E-1 1.56979E-1 1.27962E-1 1.41133E-1 1.48258E-1 1.77171E-1 1.59584E-1 1.39476E-1 1.48841E-1 1.60459E-1 1.40566E-1 1.14002E-1 1.14888E-1 1.06978E-1 1.48835E-1 1.13727E-1 1.1214E-1 1.10185E-1 1.29237E-1 1.25509E-1 1.12679E-1 1.07814E-1 1.05717E-1 1.14589E-1 1.0232E-1 1.00119E-1 9.8825E-2 9.44674E-2 9.22088E-2 9.33579E-2 8.82805E-2 8.71505E-2 7.7993E-2 8.35752E-2 8.52576E-2 8.42707E-2 7.77992E-2 7.72256E-2 8.20714E-2 7.76011E-2 7.92992E-2 7.43355E-2 7.23297E-2 7.81529E-2 7.05046E-2 7.38041E-2 7.0063E-2 -9999 -9999 -9999 -9999 -9999 -9999 -9999
1.82947E-1 1.96151E-1 2.15102E-1 2.07131E-1 1.76149E-1 1.64546E-1 1.69301E-1 1.71382E-1 1.6994E-1 1.48913E-1 1.38423E-1 1.47179E-1 1.44282E-1 1.37176E-1 1.50732E-1 1.78275E-1 2.22194E-1 1.37823E-1 1.24139E-1 1.24259E-1 1.20995E-1 1.14233E-1 1.22962E-1 1.31532E-1 1.17207E-1 1.19397E-1 1.22074E-1 1.22953E-1 1.19526E-1 1.20884E-1 1.07131E-1 1.28156E-1 1.05822E-1 9.88704E-2 9.03134E-2 9.94763E-2 9.69345E-2 8.77559E-2 9.35411E-2 8.73951E-2 8.95275E-2 8.87274E-2 8.02704E-2 8.06566E-2 8.13482E-2 8.0891E-2 8.06027E-2 8.05524E-2 7.99685E-2 8.17406E-2 7.5972E-2 7.51709E-2 7.65986E-2 -9999 -9999 -9999 -9999 -9999 -9999 -9999 -9999
1.99818E-1 1.77021E-1 2.17604E-1 1.6333E-1 1.77105E-1 1.63245E-1 2.42316E-1 2.14201E-1 1.80333E-1 1.61198E-1 1.59423E-1 1.38986E-1 1.33325E-1 1.55304E-1 1.51715E-1 2.06598E-1 2.17975E-1 1.76254E-1 1.35421E-1 1.27137E-1 1.28146E-1 1.2684E-1 1.2811E-1 1.26321E-1 1.29507E-1 1.33665E-1 1.31821E-1 1.24219E-1 1.20496E-1 1.20797E-1 1.17506E-1 1.09047E-1 1.05431E-1 1.07564E-1 1.0146E-1 1.0458E-1 1.01187E-1 9.75631E-2 9.37078E-2 9.48952E-2 9.19247E-2 8.78355E-2 8.96187E-2 8.39706E-2 8.17248E-2 8.03361E-2 8.93855E-2 9.00105E-2 8.79722E-2 8.65996E-2 1.05038E-1 8.1528E-2 7.31071E-2 -9999 -9999 -9999 -9999 -9999 -9999 -9999 -9999
2.12587E-1 2.13473E-1 2.00096E-1 1.61825E-1 1.84017E-1 2.26356E-1 2.36883E-1 2.18761E-1 3.23563E-1 1.8171E-1 1.58148E-1 1.56136E-1 1.46729E-1 1.43953E-1 1.55326E-1 1.94887E-1 1.60407E-1 1.47059E-1 1.43126E-1 1.41217E-1 1.49983E-1 1.39795E-1 1.4064E-1 1.4028E-1 1.34764E-1 1.39808E-1 1.34931E-1 1.38214E-1 1.38016E-1 1.27215E-1 1.23252E-1 1.18308E-1 1.14471E-1 1.08183E-1 1.0744E-1 1.01211E-1 1.02817E-1 1.00887E-1 1.00321E-1 1.04587E-1 9.6654E-2 9.67674E-2 9.54278E-2 9.37294E-2 9.19216E-2 9.21251E-2 9.34972E-2 9.73177E-2 9.26843E-2 9.63473E-2 1.08634E-1 7.76845E-2 7.78682E-2 -9999 -9999 -9999 -9999 -9999 -9999 -9999 -9999
2.02653E-1 2.03499E-1 1.96052E-1 2.20272E-1 2.31777E-1 2.46722E-1 1.72328E-1 1.79764E-1 2.56781E-1 2.4933E-1 1.63051E-1 1.50611E-1 1.53159E-1 1.49184E-1 1.50987E-1 1.50696E-1 1.61494E-1 1.48695E-1 1.46833E-1 1.43341E-1 1.45491E-1 1.47991E-1 1.46345E-1 1.48267E-1 1.43529E-1 1.41942E-1 1.66876E-1 1.63604E-1 1.44784E-1 1.3619E-1 1.23641E-1 1.24418E-1 1.18756E-1 1.14649E-1 1.14217E-1 1.12175E-1 1.07049E-1 1.08462E-1 1.11268E-1 1.12756E-1 1.07628E-1 1.02111E-1 9.99387E-2 9.78325E-2 9.6092E-2 9.63235E-2 9.97899E-2 1.03726E-1 1.01E-1 1.02712E-1 8.62064E-2 9.75567E-2 9.33559E-2 -9999 -9999 -9999 -9999 -9999 -9999 -9999 -9999
2.23242E-1 1.8583E-1 1.82716E-1 2.07627E-1 2.17441E-1 2.30352E-1 2.22874E-1 1.87816E-1 1.91123E-1 1.82618E-1 2.03289E-1 1.64453E-1 1.65964E-1 1.63177E-1 1.52544E-1 1.52185E-1 1.55206E-1 1.61024E-1 1.63074E-1 1.58043E-1 1.57724E-1 1.58178E-1 1.59698E-1 1.64123E-1 1.59404E-1 1.61384E-1 1.64755E-1 1.6547E-1 1.85849E-1 1.41887E-1 1.40657E-1 1.35113E-1 1.2272E-1 1.18927E-1 1.15897E-1 1.15051E-1 1.18199E-1 1.18043E-1 1.24154E-1 1.14649E-1 1.14497E-1 1.04404E-1 1.02351E-1 1.00942E-1 9.83307E-2 9.26638E-2 1.02159E-1 1.11138E-1 1.03359E-1 1.11609E-1 1.01783E-1 9.82997E-2 -9999 -9999 -9999 -9999 -9999 -9999 -9999 -9999 -9999
2.19891E-1 2.08313E-1 1.94194E-1 2.01083E-1 2.16495E-1 2.36772E-1 1.96456E-1 1.89797E-1 1.70722E-1 1.53992E-1 1.74664E-1 1.79471E-1 1.80857E-1 1.70782E-1 1.68306E-1 1.61852E-1 1.58722E-1 1.64815E-1 1.6342E-1 1.61822E-1 1.67607E-1 1.63398E-1 1.5697E-1 1.84686E-1 2.59043E-1 1.67602E-1 1.67518E-1 1.61E-1 1.72794E-1 1.453E-1 1.43495E-1 1.35404E-1 1.30844E-1 1.32089E-1 1.22063E-1 1.23274E-1 1.24554E-1 1.09693E-1 1.36222E-1 1.18947E-1 1.20314E-1 1.16946E-1 1.13408E-1 1.05879E-1 1.04092E-1 1.02052E-1 1.11113E-1 1.19132E-1 1.18432E-1 1.17309E-1 1.13071E-1 1.02308E-1 -9999 -9999 -9999 -9999 -9999 -9999 -9999 -9999 -9999
2.53964E-1 2.18318E-1 2.41128E-1 1.93396E-1 1.90088E-1 2.05584E-1 2.06753E-1 1.78953E-1 1.66507E-1 1.75533E-1 1.8422E-1 2.03488E-1 1.97039E-1 1.40613E-1 1.89466E-1 2.0085E-1 1.83941E-1 1.71707E-1 1.67528E-1 1.75889E-1 1.72003E-1 1.6428E-1 1.70824E-1 1.80017E-1 2.75432E-1 1.89124E-1 1.71115E-1 1.60607E-1 1.5636E-1 1.55196E-1 1.43416E-1 1.37081E-1 1.37663E-1 1.42438E-1 1.38785E-1 1.36745E-1 1.32699E-1 1.1677E-1 1.29672E-1 1.26166E-1 1.26332E-1 1.18848E-1 1.15907E-1 1.16108E-1 1.08191E-1 1.07919E-1 1.14191E-1 1.18944E-1 1.45805E-1 1.23287E-1 1.12106E-1 1.0988E-1 -9999 -9999 -9999 -9999 -9999 -9999 -9999 -9999 -9999
2.92658E-1 2.17761E-1 2.51537E-1 1.87101E-1 2.21096E-1 1.9215E-1 1.67294E-1 1.80064E-1 1.90524E-1 1.81483E-1 1.94291E-1 1.93923E-1 1.98452E-1 1.68104E-1 1.98697E-1 1.86329E-1 1.88148E-1 1.91078E-1 2.04928E-1 1.81321E-1 1.76324E-1 1.72588E-1 1.58829E-1 1.8279E-1 1.88777E-1 1.92757E-1 1.80138E-1 1.69617E-1 1.66046E-1 1.63312E-1 1.58499E-1 1.56347E-1 1.48533E-1 1.24016E-1 1.3666E-1 1.38648E-1 1.34774E-1 1.28689E-1 1.32284E-1 1.32514E-1 1.30859E-1 1.26094E-1 1.24452E-1 1.22457E-1 1.18945E-1 1.14157E-1 1.21922E-1 1.24304E-1 1.39738E-1 1.33554E-1 1.31171E-1 -9999 -9999 -9999 -9999 -9999 -9999 -9999 -9999 -9999 -9999
2.38202E-1 2.17214E-1 1.96296E-1 2.20261E-1 2.05695E-1 1.74014E-1 1.77509E-1 1.7204E-1 1.96004E-1 1.96834E-1 2.08192E-1 2.11125E-1 2.20919E-1 2.02376E-1 2.0137E-1 2.03195E-1 2.08753E-1 1.91849E-1 1.90281E-1 2.07751E-1 1.90258E-1 1.6928E-1 1.56891E-1 1.90679E-1 1.93971E-1 1.75676E-1 1.76962E-1 1.79938E-1 1.69246E-1 1.63403E-1 1.58558E-1 1.58656E-1 1.53785E-1 1.52908E-1 1.52338E-1 1.51186E-1 1.50173E-1 1.3123E-1 1.37311E-1 1.34561E-1 1.33626E-1 1.33723E-1 1.29155E-1 1.3249E-1 1.2893E-1 1.2686E-1 1.31381E-1 1.35716E-1 1.40105E-1 1.39133E-1 1.4155E-1 -9999 -9999 -9999 -9999 -9999 -9999 -9999 -9999 -9999 -9999
