Final_Models_July82022/M_0.1_F_lqp_Set_1/Bison_0.asc
ncols         290
nrows         380
xllcorner     -2197417.7431653
yllcorner     -584827.01486885
cellsize      10000.0
NODATA_value  -9999
[rows 54 to 80 of 380, columns 122 to 182 of 290]
1.89825E-2 2.07121E-2 2.04402E-2 1.93131E-2 1.87499E-2 1.80912E-2 1.72795E-2 1.6794E-2 1.8711E-2 1.82907E-2 1.72821E-2 1.57288E-2 1.36317E-2 1.26899E-2 1.25649E-2 1.29037E-2 1.25681E-2 1.21839E-2 1.5146E-2 1.60221E-2 1.71645E-2 1.63607E-2 1.63953E-2 1.43604E-2 1.37996E-2 1.29207E-2 1.25186E-2 1.2667E-2 1.21767E-2 1.29707E-2 1.34156E-2 1.37747E-2 1.48381E-2 1.46253E-2 1.47409E-2 1.51898E-2 1.4312E-2 1.46651E-2 -9999 1.43607E-2 -9999 -9999 1.11051E-2 9.36977E-3 8.90343E-3 8.18473E-3 7.69236E-3 7.49051E-3 6.99542E-3 6.95526E-3 7.13073E-3 6.91879E-3 7.01892E-3 6.38279E-3 7.15006E-3 6.71959E-3 6.90327E-3 6.30136E-3 6.52064E-3 6.80424E-3 6.72538E-3
2.14732E-2 2.2465E-2 2.18706E-2 1.95348E-2 1.95897E-2 1.8656E-2 1.80712E-2 1.79573E-2 1.70762E-2 1.77996E-2 1.68002E-2 1.56374E-2 1.42434E-2 1.24401E-2 1.15061E-2 1.2739E-2 1.37259E-2 1.49467E-2 1.62558E-2 1.79318E-2 1.83831E-2 1.84132E-2 1.69822E-2 1.54596E-2 1.45833E-2 1.32893E-2 1.24502E-2 1.25848E-2 1.22768E-2 1.37973E-2 1.32226E-2 1.49127E-2 1.49584E-2 1.53189E-2 1.63139E-2 1.58861E-2 1.58382E-2 1.48193E-2 1.5597E-2 -9999 -9999 -9999 -9999 1.09773E-2 9.816E-3 9.17521E-3 8.44653E-3 7.91703E-3 7.72781E-3 7.58941E-3 7.28552E-3 7.53984E-3 7.08707E-3 7.52344E-3 6.82055E-3 7.11262E-3 6.78592E-3 6.28014E-3 6.28611E-3 7.06518E-3 6.94335E-3
2.15117E-2 2.07404E-2 2.13487E-2 2.16914E-2 1.97057E-2 1.99236E-2 1.9354E-2 1.94641E-2 1.85866E-2 1.69279E-2 1.73174E-2 1.52637E-2 1.54148E-2 1.31244E-2 1.26613E-2 1.43769E-2 1.56025E-2 1.65474E-2 1.88188E-2 1.89068E-2 1.8956E-2 1.97635E-2 1.8665E-2 1.74337E-2 1.57171E-2 1.39624E-2 1.3231E-2 1.30333E-2 1.28727E-2 1.3013E-2 1.31472E-2 1.43185E-2 1.50773E-2 1.60626E-2 1.72094E-2 1.58225E-2 1.54998E-2 1.54906E-2 1.49231E-2 -9999 -9999 -9999 -9999 -9999 1.15086E-2 1.07445E-2 9.59503E-3 8.90515E-3 8.97985E-3 8.82683E-3 8.1308E-3 8.11886E-3 7.96766E-3 7.77873E-3 7.86418E-3 7.52127E-3 7.18269E-3 7.21346E-3 6.65746E-3 7.07643E-3 7.37936E-3
2.93146E-2 2.24671E-2 2.2745E-2 2.11097E-2 2.04014E-2 2.04385E-2 2.13226E-2 1.94669E-2 1.87465E-2 1.69942E-2 1.72606E-2 1.68321E-2 1.6635E-2 1.66262E-2 1.71547E-2 1.70382E-2 1.85802E-2 1.89504E-2 1.98739E-2 2.03579E-2 2.08165E-2 2.09077E-2 2.15576E-2 1.86755E-2 1.70301E-2 1.47197E-2 1.4482E-2 1.35418E-2 1.30484E-2 1.28747E-2 1.37904E-2 1.44051E-2 1.55402E-2 1.6526E-2 1.67578E-2 1.67063E-2 1.72912E-2 1.73043E-2 1.58848E-2 6.2903E-3 -9999 -9999 -9999 -9999 -9999 -9999 -9999 -9999 -9999 -9999 -9999 -9999 9.59338E-3 -9999 -9999 -9999 -9999 -9999 -9999 -9999 -9999
2.82479E-2 2.69378E-2 2.67795E-2 2.32766E-2 2.07291E-2 2.04515E-2 2.08018E-2 2.00442E-2 2.02119E-2 1.87826E-2 1.88759E-2 1.88558E-2 1.86724E-2 1.94189E-2 1.89265E-2 1.76397E-2 1.94548E-2 2.07296E-2 2.14718E-2 1.96613E-2 2.10057E-2 2.14138E-2 2.12435E-2 2.16984E-2 1.85751E-2 1.73521E-2 1.54119E-2 1.53408E-2 1.43391E-2 1.3175E-2 1.39299E-2 1.46197E-2 1.64287E-2 1.77641E-2 1.93199E-2 1.79793E-2 -9999 1.78738E-2 1.72231E-2 -9999 -9999 -9999 -9999 -9999 -9999 -9999 -9999 -9999 -9999 -9999 -9999 -9999 4.35326E-3 -9999 -9999 -9999 -9999 -9999 -9999 -9999 -9999
2.48272E-2 2.65987E-2 2.2533E-2 1.96435E-2 2.04096E-2 2.06422E-2 2.1196E-2 2.03635E-2 2.07556E-2 2.01681E-2 2.05645E-2 2.06061E-2 2.03194E-2 2.12675E-2 2.06938E-2 1.88384E-2 2.00797E-2 1.98824E-2 2.02514E-2 1.97823E-2 2.05839E-2 2.00227E-2 2.01759E-2 2.08866E-2 2.01167E-2 2.0164E-2 1.92593E-2 1.67867E-2 1.57054E-2 1.39003E-2 1.46196E-2 1.48699E-2 1.6168E-2 1.92133E-2 -9999 -9999 -9999 -9999 -9999 -9999 -9999 -9999 -9999 -9999 -9999 -9999 -9999 -9999 -9999 -9999 -9999 -9999 -9999 -9999 -9999 -9999 -9999 -9999 -9999 -9999 -9999
2.4871E-2 2.6844E-2 2.20456E-2 2.0311E-2 2.28348E-2 2.17586E-2 2.0811E-2 2.11884E-2 2.12382E-2 2.09201E-2 2.1333E-2 2.1904E-2 2.35383E-2 2.13911E-2 1.98366E-2 1.94279E-2 2.07026E-2 1.90905E-2 1.83238E-2 1.74126E-2 1.80476E-2 1.75788E-2 1.8955E-2 1.88643E-2 2.05565E-2 2.07379E-2 2.06243E-2 2.08004E-2 1.72407E-2 1.7155E-2 1.6459E-2 1.55363E-2 1.84286E-2 2.04859E-2 -9999 -9999 -9999 -9999 -9999 -9999 -9999 -9999 -9999 -9999 -9999 -9999 -9999 -9999 1.23029E-2 -9999 -9999 -9999 -9999 -9999 -9999 -9999 -9999 -9999 -9999 -9999 -9999
2.54131E-2 2.92197E-2 2.74557E-2 2.50701E-2 2.20161E-2 2.12619E-2 2.24022E-2 2.26451E-2 2.27158E-2 2.41104E-2 2.41263E-2 2.2748E-2 2.25497E-2 2.1067E-2 1.97754E-2 1.88909E-2 1.85762E-2 1.70153E-2 1.69596E-2 1.71538E-2 1.59805E-2 1.51092E-2 1.56415E-2 1.57835E-2 1.77646E-2 1.93059E-2 2.15813E-2 2.10175E-2 2.10206E-2 2.04E-2 2.08987E-2 2.10723E-2 -9999 -9999 -9999 -9999 -9999 -9999 -9999 -9999 -9999 -9999 -9999 -9999 -9999 -9999 -9999 -9999 -9999 -9999 -9999 -9999 -9999 -9999 -9999 -9999 -9999 -9999 -9999 -9999 -9999
4.64643E-2 8.45886E-2 6.81941E-2 2.83299E-2 2.65848E-2 2.60015E-2 2.5572E-2 2.55637E-2 2.49783E-2 2.6977E-2 2.40531E-2 2.37632E-2 2.23958E-2 2.03547E-2 1.92453E-2 1.9783E-2 1.86325E-2 1.9685E-2 1.78442E-2 1.66211E-2 1.73706E-2 1.54984E-2 1.45889E-2 1.42128E-2 1.56354E-2 1.94285E-2 1.91916E-2 2.09153E-2 2.10974E-2 2.27148E-2 2.35513E-2 2.19127E-2 2.25329E-2 -9999 -9999 -9999 -9999 -9999 -9999 -9999 -9999 -9999 -9999 -9999 -9999 -9999 -9999 -9999 -9999 -9999 -9999 -9999 -9999 -9999 -9999 -9999 1.00795E-2 -9999 -9999 -9999 -9999
5.09528E-2 5.70823E-2 5.649E-2 6.79671E-2 3.7158E-2 3.28338E-2 2.74494E-2 2.84921E-2 2.77202E-2 2.88373E-2 2.70611E-2 2.57502E-2 2.40752E-2 2.27769E-2 2.19614E-2 2.04883E-2 2.04418E-2 1.95443E-2 1.88469E-2 1.81806E-2 1.83265E-2 1.99006E-2 1.77421E-2 1.64435E-2 1.53029E-2 1.69633E-2 1.78804E-2 1.78982E-2 2.02497E-2 2.13782E-2 2.23515E-2 1.98041E-2 2.11844E-2 2.21877E-2 2.04053E-2 1.70441E-2 -9999 -9999 -9999 -9999 -9999 -9999 -9999 -9999 -9999 -9999 -9999 -9999 -9999 -9999 -9999 -9999 -9999 -9999 -9999 -9999 -9999 8.33612E-3 -9999 -9999 -9999
2.25376E-2 3.50506E-2 3.67418E-2 3.93976E-2 6.90054E-2 4.60764E-2 3.33436E-2 3.271E-2 3.16625E-2 3.1873E-2 2.96789E-2 2.76925E-2 2.55269E-2 2.49205E-2 2.56566E-2 2.33741E-2 2.23183E-2 2.22793E-2 2.23147E-2 2.43898E-2 2.06748E-2 2.092E-2 2.01672E-2 2.07255E-2 1.76713E-2 1.70622E-2 1.69918E-2 1.6994E-2 1.78495E-2 1.86214E-2 2.05794E-2 1.97278E-2 1.96036E-2 1.81556E-2 1.68816E-2 1.58904E-2 1.69795E-2 1.73781E-2 -9999 -9999 -9999 -9999 -9999 -9999 -9999 -9999 -9999 -9999 -9999 -9999 -9999 0E0 -9999 -9999 1.0185E-2 -9999 -9999 -9999 -9999 -9999 -9999
3.11712E-2 3.34378E-2 8.99375E-2 4.14576E-2 4.91222E-2 3.42764E-2 3.41322E-2 3.54295E-2 3.43485E-2 3.50967E-2 3.39965E-2 3.32886E-2 3.54294E-2 2.97601E-2 2.7861E-2 2.61143E-2 2.72183E-2 2.68422E-2 2.60871E-2 2.59288E-2 2.50249E-2 2.14826E-2 1.72975E-2 1.87115E-2 1.8173E-2 1.64505E-2 1.66403E-2 1.66897E-2 1.74875E-2 1.87902E-2 2.04019E-2 1.65421E-2 1.47801E-2 1.41351E-2 1.38484E-2 1.31984E-2 1.38606E-2 1.28564E-2 1.36431E-2 1.57051E-2 1.44751E-2 -9999 -9999 -9999 -9999 -9999 -9999 -9999 -9999 1.14162E-2 -9999 -9999 1.01698E-2 8.29768E-3 9.87196E-3 -9999 -9999 -9999 -9999 7.81731E-3 -9999
6.94728E-2 9.35896E-2 1.01086E-1 3.69253E-2 3.62435E-2 3.39386E-2 3.44891E-2 3.95286E-2 3.79806E-2 3.78957E-2 3.98626E-2 4.20988E-2 3.96177E-2 3.85966E-2 4.66124E-2 3.79095E-2 4.20092E-2 3.67565E-2 3.15346E-2 3.34389E-2 2.66326E-2 2.35413E-2 1.9709E-2 1.89919E-2 1.98767E-2 1.79233E-2 1.51122E-2 1.49544E-2 1.55544E-2 1.87832E-2 1.69175E-2 1.41133E-2 1.1654E-2 1.21044E-2 1.13041E-2 1.2226E-2 1.11476E-2 1.08792E-2 1.12302E-2 1.27339E-2 1.05687E-2 1.05505E-2 1.16312E-2 1.18123E-2 1.18529E-2 1.19376E-2 1.07533E-2 1.04633E-2 1.02578E-2 9.52086E-3 5.18464E-3 1.08449E-2 9.63994E-3 8.37119E-3 8.30235E-3 8.50455E-3 -9999 -9999 -9999 -9999 -9999
5.59345E-2 3.64048E-2 3.64664E-2 3.69358E-2 3.58399E-2 3.60199E-2 3.91095E-2 3.9719E-2 3.98601E-2 4.07642E-2 3.80525E-2 3.98794E-2 4.54117E-2 5.43387E-2 4.52811E-2 3.42756E-2 4.51693E-2 4.54125E-2 3.05846E-2 2.60052E-2 2.08272E-2 2.23997E-2 2.23196E-2 1.84865E-2 1.78939E-2 1.94057E-2 1.83584E-2 1.45649E-2 1.60278E-2 1.74206E-2 1.45489E-2 1.27635E-2 1.15083E-2 1.1046E-2 1.05429E-2 1.07641E-2 1.04386E-2 9.73578E-3 9.42975E-3 9.45961E-3 9.35016E-3 8.66603E-3 9.00416E-3 9.47964E-3 9.36055E-3 1.00542E-2 9.57428E-3 7.76168E-3 7.50108E-3 8.49841E-3 8.10022E-3 8.28134E-3 8.81168E-3 7.59312E-3 8.36872E-3 8.04145E-3 -9999 9.4592E-3 -9999 -9999 -9999
3.33218E-2 3.56898E-2 3.85523E-2 4.17114E-2 4.13557E-2 4.21158E-2 4.2139E-2 4.21702E-2 4.07831E-2 4.13242E-2 3.94294E-2 3.69568E-2 6.67493E-2 6.04479E-2 4.0978E-2 3.98224E-2 3.26147E-2 2.66382E-2 2.63589E-2 2.22761E-2 1.82657E-2 1.73119E-2 1.77127E-2 1.64845E-2 1.66912E-2 1.76685E-2 1.958E-2 1.93403E-2 1.57565E-2 1.84108E-2 1.88814E-2 1.42583E-2 1.17233E-2 1.04821E-2 9.50924E-3 1.0579E-2 9.95081E-3 9.27263E-3 8.9947E-3 9.08608E-3 9.13971E-3 8.56133E-3 8.56088E-3 8.60153E-3 9.97593E-3 1.01693E-2 7.7587E-3 7.39825E-3 6.85247E-3 7.22599E-3 7.09818E-3 7.96208E-3 7.63778E-3 7.19587E-3 7.68266E-3 7.8859E-3 8.34587E-3 8.19629E-3 8.81934E-3 -9999 -9999
3.53308E-2 3.87713E-2 4.2877E-2 4.46874E-2 4.48618E-2 4.52696E-2 4.34305E-2 4.23887E-2 4.45558E-2 4.89498E-2 5.3468E-2 6.57804E-2 4.99317E-2 3.55211E-2 3.99317E-2 2.93012E-2 3.29328E-2 2.52417E-2 2.22698E-2 2.09054E-2 1.86883E-2 1.58146E-2 1.63602E-2 1.57882E-2 1.5176E-2 1.57555E-2 1.9636E-2 1.86287E-2 1.66599E-2 1.75172E-2 1.47288E-2 1.16164E-2 1.09731E-2 9.95917E-3 9.65736E-3 9.58901E-3 8.96329E-3 8.18682E-3 8.39165E-3 8.66758E-3 8.70156E-3 7.98762E-3 8.32121E-3 8.66452E-3 8.80779E-3 8.10005E-3 6.87691E-3 6.72989E-3 6.74807E-3 6.99409E-3 6.47395E-3 7.08081E-3 6.95953E-3 6.1658E-3 6.52112E-3 6.23327E-3 7.18735E-3 8.20204E-3 7.63916E-3 -9999 7.37372E-3
3.68891E-2 3.97667E-2 4.32992E-2 4.43571E-2 4.49718E-2 4.52115E-2 4.68563E-2 4.98579E-2 7.08427E-2 7.39676E-2 7.68322E-2 5.74539E-2 3.41019E-2 2.88861E-2 3.24247E-2 2.67703E-2 2.81891E-2 2.36072E-2 2.00261E-2 2.19382E-2 1.85467E-2 1.68475E-2 1.42359E-2 1.56182E-2 1.71389E-2 1.89601E-2 1.7323E-2 1.57325E-2 1.65615E-2 1.59781E-2 1.2275E-2 9.95446E-3 9.62822E-3 9.43229E-3 9.17759E-3 9.7755E-3 8.98524E-3 8.80316E-3 8.6826E-3 9.31793E-3 8.83472E-3 8.42763E-3 8.22465E-3 7.73876E-3 9.27738E-3 6.69901E-3 5.86359E-3 6.10397E-3 5.81575E-3 6.02923E-3 6.24359E-3 5.74174E-3 5.86053E-3 5.48691E-3 5.62122E-3 5.50818E-3 6.66823E-3 7.53418E-3 8.24587E-3 -9999 7.6874E-3
3.69673E-2 4.09765E-2 4.32849E-2 4.39852E-2 4.75541E-2 4.65945E-2 5.42192E-2 1.06184E-1 8.8006E-2 1.20525E-1 1.147E-1 5.27667E-2 3.30191E-2 2.72201E-2 2.79535E-2 3.14298E-2 3.75956E-2 2.67503E-2 2.47114E-2 2.71405E-2 2.23288E-2 2.2163E-2 1.78738E-2 1.95679E-2 2.04071E-2 2.65951E-2 1.31337E-2 1.53961E-2 1.63041E-2 1.61119E-2 1.15858E-2 1.00411E-2 9.77073E-3 9.57592E-3 1.00722E-2 9.45672E-3 9.77979E-3 8.87352E-3 8.62751E-3 8.87703E-3 8.2331E-3 8.1217E-3 8.09572E-3 7.88272E-3 6.11002E-3 5.8243E-3 6.06397E-3 5.59008E-3 5.50654E-3 5.58468E-3 6.2177E-3 5.68726E-3 5.63176E-3 5.49421E-3 5.46578E-3 5.21401E-3 5.98165E-3 6.52222E-3 7.62185E-3 9.44145E-3 6.85151E-3
4.04572E-2 4.15562E-2 4.36999E-2 4.39118E-2 4.63115E-2 4.76718E-2 4.82083E-2 5.4303E-2 9.11531E-2 5.11945E-2 4.79085E-2 3.69319E-2 3.01214E-2 2.88019E-2 3.8267E-2 3.02331E-2 3.2518E-2 3.21884E-2 3.80732E-2 4.13087E-2 4.10778E-2 2.28481E-2 2.08297E-2 2.19019E-2 2.58037E-2 3.30645E-2 2.4622E-2 2.51888E-2 2.54281E-2 1.54316E-2 1.37814E-2 1.10602E-2 1.04516E-2 -9999 1.05041E-2 1.05854E-2 9.51846E-3 9.38746E-3 8.84997E-3 8.81977E-3 8.33644E-3 8.44414E-3 7.34196E-3 6.84454E-3 5.62267E-3 5.30896E-3 5.40436E-3 5.47408E-3 5.01358E-3 5.67623E-3 5.84736E-3 5.76217E-3 5.50477E-3 5.19885E-3 4.82121E-3 5.32652E-3 5.33325E-3 5.99035E-3 7.5156E-3 8.03614E-3 7.47834E-3
5.99444E-2 3.93752E-2 4.12384E-2 4.41688E-2 4.81744E-2 4.89343E-2 4.97115E-2 4.82911E-2 6.32109E-2 6.22425E-2 4.09631E-2 3.56726E-2 3.17283E-2 3.31267E-2 3.29066E-2 2.97654E-2 4.14938E-2 4.2309E-2 6.94562E-2 5.9694E-2 4.71995E-2 3.76838E-2 3.52567E-2 2.80017E-2 3.12288E-2 5.66839E-2 1.97602E-2 2.20013E-2 2.72252E-2 2.36921E-2 1.45784E-2 1.17824E-2 1.02773E-2 1.10819E-2 1.06274E-2 1.04942E-2 9.83114E-3 9.1029E-3 9.66283E-3 9.23705E-3 8.60094E-3 7.82939E-3 6.76764E-3 5.75949E-3 5.22986E-3 5.22888E-3 4.72101E-3 4.71337E-3 4.8678E-3 5.54927E-3 5.60787E-3 5.37845E-3 4.94185E-3 4.87639E-3 4.30412E-3 5.87337E-3 5.49188E-3 5.59151E-3 6.13802E-3 6.91256E-3 7.3481E-3
1.7637E-1 9.259E-2 4.19114E-2 4.46905E-2 4.83125E-2 4.91075E-2 4.966E-2 4.703E-2 4.4728E-2 3.92496E-2 4.15709E-2 3.74742E-2 3.54361E-2 3.72595E-2 3.89399E-2 4.41266E-2 4.34138E-2 7.11993E-2 1.05082E-1 9.27273E-2 6.82523E-2 6.29066E-2 4.45013E-2 3.14757E-2 4.24051E-2 2.62439E-2 2.15875E-2 1.70439E-2 2.066E-2 3.9888E-2 2.49886E-2 1.4633E-2 1.00758E-2 1.13354E-2 1.07946E-2 8.95842E-3 8.93745E-3 9.78786E-3 9.7027E-3 8.87036E-3 1.00734E-2 9.61827E-3 6.09054E-3 5.56819E-3 5.57701E-3 4.81182E-3 4.73605E-3 4.9156E-3 4.72208E-3 5.05751E-3 4.63891E-3 4.62465E-3 4.29116E-3 4.70545E-3 4.60131E-3 4.55498E-3 4.75797E-3 5.24087E-3 6.42925E-3 7.55708E-3 7.35275E-3
1.06371E-1 4.12935E-2 4.21326E-2 4.52995E-2 4.83561E-2 4.85032E-2 5.08013E-2 4.83454E-2 4.51233E-2 4.23198E-2 4.10266E-2 4.13294E-2 4.34681E-2 4.41353E-2 4.70541E-2 4.7713E-2 4.97645E-2 8.74803E-2 1.06218E-1 1.03004E-1 7.40267E-2 5.30127E-2 3.94632E-2 3.33765E-2 3.17004E-2 2.68506E-2 1.92893E-2 2.03037E-2 1.67526E-2 2.35304E-2 7.25773E-2 2.19637E-2 1.38043E-2 1.25918E-2 1.03864E-2 1.00922E-2 9.35029E-3 9.73426E-3 9.22832E-3 8.48331E-3 7.19716E-3 7.32575E-3 5.943E-3 7.87318E-3 5.59561E-3 4.99671E-3 4.95387E-3 5.30794E-3 6.03615E-3 5.15841E-3 5.00692E-3 4.73449E-3 4.87132E-3 4.44277E-3 4.72536E-3 4.40986E-3 4.81822E-3 4.95353E-3 5.82342E-3 6.71901E-3 8.28382E-3
4.00624E-2 4.07426E-2 4.39728E-2 4.74211E-2 4.91181E-2 4.93224E-2 5.10468E-2 4.88013E-2 4.55722E-2 4.5108E-2 4.45231E-2 4.59509E-2 4.57316E-2 4.95402E-2 4.9643E-2 4.99905E-2 6.79785E-2 9.16634E-2 1.22742E-1 1.17496E-1 7.63842E-2 6.61015E-2 3.87058E-2 3.53087E-2 3.15597E-2 3.00443E-2 2.66326E-2 1.98098E-2 1.93527E-2 2.09665E-2 2.48328E-2 2.36522E-2 1.91866E-2 1.25802E-2 1.12608E-2 9.62526E-3 1.01461E-2 9.21467E-3 8.91525E-3 8.684E-3 7.37878E-3 6.46592E-3 6.47577E-3 5.95223E-3 5.08806E-3 5.32299E-3 5.2363E-3 6.14254E-3 5.92683E-3 5.97855E-3 5.89726E-3 5.61925E-3 7.27036E-3 5.52242E-3 5.25911E-3 4.99374E-3 5.86382E-3 6.06732E-3 6.43528E-3 6.70425E-3 9.05747E-3
4.37418E-2 4.39423E-2 4.41744E-2 4.80544E-2 4.87043E-2 4.75722E-2 5.01837E-2 4.86571E-2 4.70554E-2 4.54906E-2 4.56934E-2 4.92388E-2 4.9544E-2 5.33863E-2 5.53707E-2 5.20633E-2 8.58185E-2 1.2566E-1 1.42313E-1 1.03893E-1 5.77772E-2 6.75394E-2 3.8627E-2 2.54925E-2 3.35137E-2 3.27771E-2 2.27496E-2 1.87074E-2 1.80685E-2 1.92937E-2 2.46971E-2 6.81139E-2 2.32642E-2 1.3281E-2 1.1118E-2 1.02689E-2 9.76656E-3 9.55515E-3 8.4359E-3 8.70413E-3 7.84912E-3 6.15069E-3 4.93828E-3 5.92001E-3 2.77402E-3 5.26297E-3 5.67484E-3 5.98755E-3 5.27443E-3 5.43085E-3 5.71917E-3 6.70313E-3 5.12532E-3 7.19703E-3 8.71496E-3 6.00039E-3 6.38922E-3 5.71274E-3 8.22107E-2 6.19009E-3 7.74002E-3
4.35425E-2 4.47633E-2 4.7916E-2 4.82675E-2 4.87361E-2 5.16278E-2 4.96322E-2 5.08274E-2 4.73576E-2 4.91194E-2 5.03427E-2 5.12815E-2 5.54079E-2 5.5418E-2 5.48971E-2 8.67451E-2 1.59225E-1 1.08482E-1 1.12573E-1 8.20004E-2 7.158E-2 5.46254E-2 3.3874E-2 3.03671E-2 2.94122E-2 3.5705E-2 2.68939E-2 2.09005E-2 1.73685E-2 2.14696E-2 4.31995E-2 4.97637E-2 2.87033E-2 2.07876E-2 1.05714E-2 1.11781E-2 9.71867E-3 9.94242E-3 9.89661E-3 9.53316E-3 8.31936E-3 5.07616E-3 6.65505E-3 5.70073E-3 5.36759E-3 5.92254E-3 5.73106E-3 5.26676E-3 5.39147E-3 5.36778E-3 5.88623E-3 4.90867E-3 5.53007E-3 3.98609E-3 7.42345E-3 5.40121E-3 9.36621E-3 6.41155E-3 6.31958E-3 6.27512E-3 6.24593E-3
4.10356E-2 4.68142E-2 4.66379E-2 4.84797E-2 4.93509E-2 5.04702E-2 5.12558E-2 1.18543E-1 6.99429E-2 6.03901E-2 5.10979E-2 5.17566E-2 5.57262E-2 5.50622E-2 6.74622E-2 1.13488E-1 1.53843E-1 1.21811E-1 -9999 7.25447E-2 6.76434E-2 5.78114E-2 3.97823E-2 4.46653E-2 2.38147E-2 2.08766E-2 2.36613E-2 2.82097E-2 2.129E-2 1.88277E-2 2.47042E-2 5.14003E-2 2.68073E-2 1.85508E-2 1.24102E-2 1.19876E-2 1.02748E-2 1.18436E-2 9.21048E-3 8.62361E-3 8.59101E-3 7.1945E-3 5.55893E-3 5.10882E-3 5.35152E-3 5.66096E-3 4.76383E-3 4.75984E-3 5.04969E-3 4.76443E-3 4.35136E-3 4.94529E-3 4.93988E-3 5.33274E-3 5.92614E-3 1.31555E-2 7.31948E-3 6.18666E-3 5.58905E-3 5.47417E-3 6.28283E-3
1.09682E-1 2.06598E-1 1.51993E-1 6.39232E-2 5.07786E-2 7.50759E-2 1.16138E-1 1.47313E-1 2.46607E-1 2.21443E-1 2.05096E-1 6.56993E-2 5.52074E-2 7.5908E-2 1.24487E-1 1.25643E-1 1.0645E-1 -9999 6.68046E-2 8.58421E-2 6.9581E-2 4.9235E-2 3.63163E-2 4.05111E-2 3.04441E-2 3.65368E-2 2.41197E-2 2.1291E-2 2.52035E-2 2.18182E-2 1.92317E-2 6.88623E-2 2.67472E-2 2.16863E-2 1.50766E-2 1.5454E-2 1.33657E-2 1.10879E-2 1.17263E-2 9.08012E-3 8.82694E-3 6.59729E-3 5.36194E-3 5.18739E-3 5.26971E-3 4.66007E-3 4.61015E-3 4.59119E-3 4.4128E-3 4.42962E-3 4.66015E-3 4.9006E-3 4.76373E-3 4.88168E-3 5.87251E-3 6.22136E-3 6.25022E-3 6.87962E-3 1.35749E-2 3.66659E-2 5.33109E-3
