Final_Models_July82022/M_0.1_F_lqp_Set_1/Bison_avg.asc
ncols         290
nrows         380
xllcorner     -2197417.7431653
yllcorner     -584827.01486885
cellsize      10000.0
NODATA_value  -9999
[rows 108 to 134 of 380, columns 183 to 243 of 290]
7.0865E-3 6.90739E-3 6.94708E-3 7.00388E-3 6.69975E-3 6.6115E-3 6.67344E-3 5.86947E-3 5.73118E-3 5.20977E-3 5.78289E-3 5.40559E-3 4.62539E-3 5.44106E-3 5.63363E-3 6.4517E-3 5.93224E-3 6.69408E-3 1.13544E-2 8.73874E-3 1.02218E-2 7.59619E-3 7.6336E-3 8.49934E-3 7.56863E-3 5.91635E-3 5.75643E-3 5.05723E-3 3.77933E-3 3.34793E-3 5.08236E-3 1.06217E-2 5.13527E-3 4.14946E-3 3.53991E-3 3.73369E-3 3.76674E-3 3.42569E-3 3.78781E-3 3.48301E-3 3.03666E-3 2.91402E-3 2.68973E-3 2.54312E-3 2.40232E-3 2.3752E-3 2.2607E-3 2.19378E-3 2.18143E-3 2.21386E-3 2.24757E-3 2.54734E-3 2.4036E-3 2.2282E-3 2.52355E-3 2.42911E-3 2.31936E-3 2.38984E-3 2.3632E-3 2.46468E-3 2.53809E-3
7.27862E-3 7.20687E-3 7.08205E-3 7.40835E-3 6.27495E-3 6.09002E-3 6.41569E-3 5.61382E-3 5.87672E-3 5.97588E-3 6.03798E-3 5.11161E-3 5.25772E-3 5.97387E-3 5.75495E-3 6.1659E-3 6.58589E-3 9.41919E-3 9.07387E-3 7.0773E-3 6.36661E-3 6.86879E-3 1.1751E-2 8.74344E-3 7.8002E-3 5.81653E-3 6.73543E-3 4.39977E-3 3.43679E-3 3.20451E-3 3.2309E-3 4.22505E-3 5.17722E-3 3.92077E-3 3.5729E-3 3.66376E-3 4.1245E-3 3.61358E-3 3.41745E-3 3.48272E-3 3.46976E-3 3.0604E-3 2.85134E-3 2.64478E-3 2.52771E-3 2.45599E-3 2.367E-3 2.34272E-3 2.32083E-3 2.15743E-3 2.26831E-3 2.19743E-3 2.1876E-3 2.10388E-3 2.33618E-3 2.50415E-3 3.04899E-3 2.41527E-3 2.43553E-3 2.49281E-3 2.73377E-3
7.46034E-3 7.25097E-3 6.94951E-3 7.02579E-3 6.9724E-3 6.64934E-3 6.00511E-3 5.96324E-3 6.53743E-3 5.97554E-3 5.95854E-3 5.83732E-3 5.90231E-3 6.22378E-3 6.24803E-3 5.8496E-3 6.66542E-3 1.23496E-2 8.94888E-3 7.24098E-3 6.4948E-3 6.77244E-3 6.91838E-3 7.25394E-3 8.27588E-3 5.66423E-3 4.5828E-3 4.25439E-3 3.07811E-3 3.01949E-3 3.06858E-3 4.02152E-3 4.52197E-3 3.52673E-3 4.06211E-3 4.25473E-3 3.88265E-3 3.72341E-3 4.05444E-3 3.68E-3 3.43064E-3 3.19424E-3 2.90183E-3 2.70036E-3 2.71612E-3 2.82003E-3 2.68618E-3 2.50802E-3 2.36644E-3 2.20725E-3 2.18544E-3 2.2546E-3 2.41274E-3 2.25052E-3 2.40367E-3 2.58745E-3 2.20278E-3 2.2751E-3 3.48886E-3 3.11085E-3 2.70984E-3
7.52369E-3 7.48966E-3 7.47539E-3 7.04224E-3 7.48936E-3 7.20314E-3 6.1081E-3 6.17004E-3 6.41319E-3 6.09801E-3 5.39953E-3 6.11206E-3 6.48705E-3 6.02153E-3 6.642E-3 7.01756E-3 8.50501E-3 7.19652E-3 6.37482E-3 8.5281E-3 7.39061E-3 6.83555E-3 6.26972E-3 7.2438E-3 8.77238E-3 5.99252E-3 4.89136E-3 3.59548E-3 3.14454E-3 3.09034E-3 3.44961E-3 4.61077E-3 4.29443E-3 4.72805E-3 4.44242E-3 4.51626E-3 4.29302E-3 4.07783E-3 4.12216E-3 3.54069E-3 3.64817E-3 3.14068E-3 3.09418E-3 2.89988E-3 2.92789E-3 2.86309E-3 2.85566E-3 2.95646E-3 2.8793E-3 2.50479E-3 2.35468E-3 2.34314E-3 2.14906E-3 2.34244E-3 2.25005E-3 2.51211E-3 2.24627E-3 2.43209E-3 2.76388E-3 2.41983E-3 2.70725E-3
7.73781E-3 8.08902E-3 7.55283E-3 7.37183E-3 7.4667E-3 6.84051E-3 6.46506E-3 6.92946E-3 6.73044E-3 6.46119E-3 6.31834E-3 6.79696E-3 7.10032E-3 6.74623E-3 9.08526E-3 1.0478E-2 9.70098E-3 6.1018E-3 6.10417E-3 5.92004E-3 5.55794E-3 5.89185E-3 6.57649E-3 6.23425E-3 5.42331E-3 6.66518E-3 4.22191E-3 3.38896E-3 2.93992E-3 3.26582E-3 3.53379E-3 4.05653E-3 5.23356E-3 4.68321E-3 4.80725E-3 4.57691E-3 4.25835E-3 4.25234E-3 3.82915E-3 4.0529E-3 3.51717E-3 3.45986E-3 3.17885E-3 3.07934E-3 3.12841E-3 3.04344E-3 2.9867E-3 2.89467E-3 2.80449E-3 2.76221E-3 2.25661E-3 2.31335E-3 2.32633E-3 2.46536E-3 2.22282E-3 2.19887E-3 2.39627E-3 2.62726E-3 2.67132E-3 2.51541E-3 2.6524E-3
8.12015E-3 7.88656E-3 9.55811E-3 7.70538E-3 7.43129E-3 7.19505E-3 6.98491E-3 7.04888E-3 6.70657E-3 6.90049E-3 6.93863E-3 6.75857E-3 6.66906E-3 9.09511E-3 9.81035E-3 8.14213E-3 6.49786E-3 6.07792E-3 5.84852E-3 5.48857E-3 6.78232E-3 6.53053E-3 5.6038E-3 4.95858E-3 5.21781E-3 6.55055E-3 4.85285E-3 3.50646E-3 3.34892E-3 3.54721E-3 3.74728E-3 4.02348E-3 4.38866E-3 4.31034E-3 5.19054E-3 4.55578E-3 4.6716E-3 4.66314E-3 6.44958E-3 3.77758E-3 3.69083E-3 3.49539E-3 3.30292E-3 3.29176E-3 3.03172E-3 2.89125E-3 2.98699E-3 2.89476E-3 2.79355E-3 2.51068E-3 2.60516E-3 2.54326E-3 2.54359E-3 2.84065E-3 2.42164E-3 2.36609E-3 2.18428E-3 2.60511E-3 2.79131E-3 2.35071E-3 2.48564E-3
8.97108E-3 8.16619E-3 8.08271E-3 7.76136E-3 8.12862E-3 8.11614E-3 7.40678E-3 7.49636E-3 7.46007E-3 7.496E-3 7.3447E-3 8.18748E-3 8.35813E-3 9.65495E-3 9.68336E-3 8.3634E-3 6.98564E-3 5.76934E-3 5.95427E-3 5.26445E-3 7.76943E-3 6.55743E-3 5.24034E-3 4.16956E-3 4.5395E-3 5.25431E-3 4.48901E-3 3.56104E-3 3.56945E-3 3.91451E-3 4.50838E-3 4.26106E-3 4.5372E-3 4.21518E-3 4.46875E-3 4.17554E-3 4.56059E-3 5.19721E-3 4.50383E-3 3.67965E-3 3.64204E-3 3.43739E-3 3.46275E-3 3.47317E-3 2.95708E-3 2.94506E-3 2.90181E-3 4.69215E-3 2.71602E-3 2.88273E-3 2.84656E-3 2.84683E-3 2.79358E-3 2.50271E-3 2.46637E-3 2.37801E-3 2.40668E-3 2.51739E-3 2.28673E-3 2.28999E-3 2.27769E-3
8.79905E-3 8.52849E-3 8.37872E-3 8.16557E-3 8.17869E-3 7.44106E-3 7.02556E-3 7.14095E-3 7.61523E-3 7.89223E-3 7.20797E-3 7.45837E-3 9.38041E-3 1.018E-2 8.60986E-3 7.95298E-3 6.74952E-3 6.32456E-3 2.22547E-2 6.23028E-3 5.932E-3 5.40016E-3 4.62522E-3 4.61489E-3 4.38156E-3 4.89443E-3 4.27422E-3 3.86748E-3 3.69832E-3 3.9708E-3 4.20669E-3 4.45133E-3 4.23895E-3 4.51355E-3 4.3278E-3 4.39212E-3 3.87441E-3 4.24103E-3 3.73813E-3 3.51561E-3 3.9909E-3 3.57557E-3 3.81518E-3 3.37843E-3 3.04901E-3 2.93709E-3 4.03271E-3 4.1284E-3 2.63092E-3 2.79913E-3 3.03288E-3 3.09462E-3 3.00377E-3 2.50362E-3 2.57395E-3 2.54709E-3 2.3044E-3 2.21312E-3 2.35557E-3 2.11899E-3 2.32304E-3
9.19012E-3 8.95728E-3 6.88373E-3 8.5774E-3 7.9218E-3 7.51107E-3 6.89853E-3 6.90104E-3 7.66375E-3 7.43258E-3 8.19124E-3 7.84395E-3 9.94581E-3 8.98108E-3 8.16444E-3 6.75265E-3 6.68684E-3 5.62564E-3 7.8283E-3 5.40431E-3 6.75346E-3 5.47556E-3 6.95297E-3 4.96357E-3 4.61054E-3 5.54989E-3 4.36894E-3 3.94446E-3 4.12886E-3 4.19064E-3 4.58043E-3 4.37072E-3 4.75808E-3 4.1889E-3 4.26026E-3 3.95415E-3 3.6412E-3 3.43265E-3 3.45066E-3 3.12115E-3 3.62807E-3 3.4009E-3 3.69935E-3 3.08701E-3 2.84439E-3 3.31512E-3 3.4997E-3 3.11654E-3 2.9456E-3 2.79932E-3 3.14253E-3 2.64912E-3 2.52062E-3 2.3911E-3 2.22522E-3 2.38433E-3 2.31703E-3 2.08871E-3 2.1572E-3 2.2099E-3 2.54759E-3
1.09614E-2 9.00239E-3 8.97609E-3 9.00394E-3 8.17422E-3 7.94223E-3 7.58394E-3 7.74042E-3 7.45438E-3 7.23038E-3 7.67583E-3 7.69012E-3 1.01011E-2 9.25592E-3 7.60003E-3 8.37492E-3 7.86337E-3 6.27132E-3 5.78916E-3 6.63137E-3 6.5202E-3 5.97262E-3 5.54291E-3 5.27085E-3 5.58647E-3 5.35968E-3 4.71938E-3 4.31314E-3 4.83038E-3 4.86239E-3 4.57584E-3 4.92508E-3 4.70403E-3 4.46312E-3 4.07204E-3 3.80175E-3 3.62804E-3 3.44609E-3 3.49881E-3 3.10008E-3 3.11487E-3 3.49412E-3 3.58824E-3 3.37481E-3 2.9202E-3 3.28922E-3 4.31935E-3 6.22988E-3 3.07106E-3 3.03324E-3 3.06679E-3 2.96639E-3 2.4541E-3 2.30777E-3 2.28299E-3 2.53721E-3 2.34929E-3 2.39265E-3 2.36754E-3 2.41735E-3 2.38216E-3
9.42006E-3 9.12127E-3 8.8987E-3 8.60936E-3 8.17355E-3 7.83762E-3 8.45649E-3 8.46909E-3 8.10841E-3 8.15597E-3 8.04652E-3 8.39396E-3 9.04166E-3 8.54768E-3 7.67238E-3 7.42261E-3 6.56002E-3 6.29195E-3 6.6271E-3 6.14508E-3 4.70734E-3 5.92979E-3 6.06078E-3 5.87293E-3 6.12285E-3 5.7075E-3 5.2406E-3 5.06813E-3 5.53876E-3 5.28594E-3 5.33745E-3 5.39112E-3 5.02496E-3 4.37706E-3 3.9715E-3 3.8976E-3 3.72268E-3 3.50289E-3 3.23862E-3 3.17695E-3 3.11183E-3 3.55574E-3 3.58953E-3 3.27992E-3 3.31794E-3 3.39306E-3 3.90004E-3 3.39309E-3 3.07165E-3 3.10009E-3 3.15173E-3 2.95083E-3 2.59865E-3 2.47406E-3 2.42106E-3 2.26714E-3 2.29142E-3 2.30075E-3 2.35923E-3 2.5757E-3 2.6123E-3
9.3851E-3 8.75652E-3 8.91597E-3 8.25626E-3 8.93584E-3 8.79952E-3 8.093E-3 8.35905E-3 8.24269E-3 7.92875E-3 8.05596E-3 7.961E-3 1.00442E-2 1.02288E-2 7.45995E-3 6.95871E-3 5.83824E-3 6.21617E-3 6.5249E-3 6.03208E-3 6.54966E-3 6.02177E-3 5.92146E-3 5.922E-3 6.79507E-3 6.04537E-3 6.08597E-3 6.18534E-3 6.0585E-3 5.79933E-3 5.72194E-3 5.79398E-3 4.94633E-3 4.39546E-3 4.18238E-3 3.95748E-3 3.68654E-3 3.6759E-3 3.48279E-3 3.13364E-3 3.37769E-3 3.20917E-3 3.18022E-3 3.89237E-3 4.1777E-3 3.60464E-3 3.355E-3 3.38123E-3 3.27211E-3 3.43482E-3 3.11251E-3 2.94544E-3 2.62251E-3 2.61717E-3 2.57084E-3 2.34667E-3 2.59908E-3 2.48076E-3 2.56675E-3 2.53327E-3 2.86874E-3
9.5733E-3 9.3742E-3 8.79799E-3 9.47756E-3 1.04918E-2 8.94602E-3 9.01208E-3 8.34281E-3 8.28078E-3 8.56214E-3 8.34255E-3 9.35245E-3 1.02823E-2 9.69012E-3 7.33168E-3 6.98297E-3 6.76862E-3 5.96214E-3 6.77921E-3 6.8387E-3 8.25928E-3 6.2982E-3 6.16809E-3 6.22487E-3 6.68959E-3 6.68778E-3 7.12703E-3 6.86854E-3 6.58456E-3 6.5054E-3 6.20905E-3 5.44935E-3 5.20213E-3 4.43776E-3 4.33949E-3 4.0187E-3 3.48588E-3 3.55439E-3 3.5333E-3 3.33582E-3 3.59779E-3 3.31185E-3 3.21914E-3 3.57303E-3 3.80867E-3 3.70464E-3 3.39641E-3 3.33658E-3 3.29979E-3 3.47366E-3 3.21617E-3 2.94633E-3 2.65067E-3 2.68278E-3 2.66523E-3 2.52657E-3 2.58019E-3 2.51066E-3 2.63205E-3 2.86877E-3 2.96888E-3
9.54862E-3 9.65217E-3 9.80116E-3 1.07794E-2 9.42864E-3 8.61754E-3 8.34021E-3 8.02142E-3 7.79461E-3 8.01825E-3 8.67942E-3 1.20703E-2 1.0189E-2 9.08733E-3 7.94084E-3 7.13017E-3 7.13361E-3 6.56672E-3 6.84001E-3 6.81398E-3 5.52516E-3 6.37803E-3 6.57508E-3 6.0318E-3 8.07423E-3 7.57795E-3 7.07966E-3 7.17372E-3 7.24056E-3 6.52638E-3 6.26571E-3 6.05858E-3 5.66915E-3 4.97446E-3 4.36929E-3 4.00159E-3 3.68801E-3 3.746E-3 3.56523E-3 3.72286E-3 3.4991E-3 3.34782E-3 3.27486E-3 3.71868E-3 5.30887E-3 4.0111E-3 3.89421E-3 3.69469E-3 3.62066E-3 3.45475E-3 3.40805E-3 3.29984E-3 3.1753E-3 3.06789E-3 2.94173E-3 2.85087E-3 2.82721E-3 2.96945E-3 2.99038E-3 2.91925E-3 2.66383E-3
1.07776E-2 9.99933E-3 1.02122E-2 9.66097E-3 8.51613E-3 8.68432E-3 8.57733E-3 7.71168E-3 7.7988E-3 8.96742E-3 1.00803E-2 1.00333E-2 9.69529E-3 9.03136E-3 8.04183E-3 7.5883E-3 7.43112E-3 7.3879E-3 5.58428E-3 6.59597E-3 5.65562E-3 6.90617E-3 6.4763E-3 7.08155E-3 7.2961E-3 7.74044E-3 7.37307E-3 7.29785E-3 6.87126E-3 7.012E-3 6.66398E-3 6.20167E-3 5.90479E-3 5.10989E-3 4.87147E-3 4.1213E-3 3.80153E-3 3.80694E-3 3.62994E-3 3.68122E-3 3.53562E-3 3.56725E-3 3.27302E-3 3.4284E-3 4.35882E-3 4.63627E-3 4.15065E-3 4.05094E-3 3.72854E-3 3.49381E-3 3.47171E-3 3.39015E-3 3.37029E-3 3.07133E-3 3.18386E-3 3.29159E-3 3.1857E-3 3.10804E-3 2.92921E-3 3.05542E-3 2.9129E-3
1.19711E-2 1.14036E-2 1.32277E-2 1.01217E-2 9.6179E-3 9.39885E-3 8.38519E-3 7.92396E-3 8.55405E-3 9.35192E-3 1.02451E-2 9.44964E-3 8.91607E-3 7.98544E-3 7.9543E-3 7.53827E-3 7.31226E-3 6.80236E-3 5.77058E-3 6.6491E-3 6.20613E-3 7.46974E-3 7.65684E-3 7.02533E-3 6.7658E-3 7.00176E-3 7.52624E-3 7.5365E-3 6.9325E-3 6.5927E-3 6.07918E-3 6.28807E-3 5.76705E-3 4.81368E-3 4.57881E-3 4.37892E-3 4.28832E-3 4.0067E-3 3.95111E-3 4.05992E-3 4.015E-3 3.97446E-3 3.61434E-3 4.14076E-3 4.90243E-3 4.24904E-3 4.44573E-3 4.27459E-3 3.9878E-3 3.64676E-3 3.57213E-3 3.69547E-3 3.44095E-3 3.53392E-3 3.61125E-3 3.35409E-3 3.31557E-3 3.16296E-3 2.98887E-3 3.15412E-3 3.18477E-3
1.20246E-2 1.26566E-2 1.12743E-2 1.08852E-2 9.21822E-3 8.15315E-3 8.53143E-3 7.60614E-3 8.80042E-3 9.3583E-3 1.6264E-2 9.53642E-3 8.59026E-3 8.33047E-3 8.08804E-3 6.99425E-3 7.14372E-3 6.1827E-3 6.37857E-3 6.57063E-3 7.00657E-3 7.53893E-3 7.25043E-3 7.32647E-3 6.96598E-3 8.84872E-3 6.78479E-3 7.88132E-3 7.6373E-3 6.45627E-3 6.1912E-3 5.93972E-3 5.19653E-3 4.85882E-3 4.91492E-3 4.7415E-3 4.25306E-3 4.14898E-3 4.35288E-3 4.26664E-3 3.92367E-3 4.24699E-3 4.26958E-3 4.80243E-3 4.90085E-3 4.88342E-3 5.0528E-3 5.00785E-3 4.5689E-3 3.97462E-3 3.83929E-3 3.60247E-3 4.03109E-3 3.75231E-3 3.50857E-3 3.27847E-3 3.05479E-3 3.50254E-3 3.25681E-3 3.23905E-3 3.51434E-3
1.27231E-2 1.13527E-2 1.37009E-2 1.33312E-2 9.8727E-3 8.21962E-3 9.33445E-3 8.66936E-3 8.98314E-3 9.00806E-3 8.91758E-3 1.05639E-2 9.06277E-3 1.0068E-2 9.69471E-3 7.43815E-3 6.66073E-3 6.63524E-3 7.40691E-3 7.10492E-3 7.41331E-3 7.86839E-3 9.01326E-3 6.63996E-3 7.82226E-3 8.73307E-3 9.10275E-3 7.99011E-3 9.12776E-3 6.44552E-3 6.89363E-3 5.73775E-3 5.43234E-3 5.03298E-3 4.82727E-3 5.03918E-3 4.95591E-3 4.26204E-3 4.32319E-3 4.05622E-3 4.0905E-3 4.40776E-3 5.36923E-3 4.8089E-3 5.03348E-3 5.53959E-3 5.41336E-3 5.08104E-3 4.67702E-3 4.12287E-3 4.41262E-3 3.83937E-3 3.79011E-3 3.66915E-3 3.39139E-3 3.23534E-3 3.40963E-3 3.35894E-3 3.42498E-3 3.66085E-3 3.73683E-3
1.25528E-2 1.41791E-2 1.38566E-2 1.44645E-2 1.20761E-2 8.92582E-3 1.06096E-2 9.5923E-3 9.66032E-3 9.57901E-3 1.05045E-2 9.96205E-3 9.71184E-3 8.9888E-3 7.81653E-3 7.29086E-3 7.37724E-3 7.112E-3 8.36128E-3 7.80408E-3 8.68225E-3 6.99976E-3 8.04368E-3 7.77615E-3 7.32178E-3 7.38516E-3 1.35217E-2 7.5121E-3 6.85667E-3 6.21437E-3 5.69673E-3 5.3945E-3 5.57886E-3 5.07524E-3 5.6042E-3 5.52885E-3 5.30483E-3 5.13762E-3 4.58961E-3 4.49818E-3 4.19712E-3 4.47259E-3 5.11575E-3 5.18663E-3 5.12874E-3 5.20983E-3 4.69608E-3 5.62147E-3 4.53212E-3 4.43091E-3 4.3873E-3 3.77198E-3 4.51969E-3 3.69699E-3 4.22718E-3 3.37765E-3 3.49591E-3 3.64656E-3 3.52115E-3 3.48983E-3 3.72089E-3
1.57168E-2 1.34313E-2 1.22114E-2 1.54549E-2 1.51257E-2 1.03534E-2 9.59812E-3 9.98742E-3 1.02483E-2 1.02704E-2 9.76259E-3 9.63979E-3 1.04007E-2 9.56549E-3 7.9706E-3 7.65443E-3 9.25365E-3 8.71557E-3 1.00012E-2 9.19011E-3 1.16085E-2 8.9136E-3 8.03555E-3 8.88387E-3 7.2707E-3 6.65276E-3 7.30865E-3 7.11808E-3 5.84169E-3 5.53994E-3 5.17291E-3 5.61326E-3 5.34854E-3 5.47116E-3 5.8673E-3 5.70794E-3 5.16694E-3 5.19325E-3 4.68318E-3 4.21776E-3 4.33182E-3 4.54996E-3 4.22148E-3 4.88156E-3 5.25843E-3 5.14435E-3 4.84277E-3 5.44098E-3 4.62436E-3 4.94225E-3 4.36951E-3 4.17038E-3 4.28328E-3 3.98961E-3 3.57669E-3 3.88494E-3 3.59953E-3 3.64086E-3 3.53988E-3 3.73259E-3 3.83168E-3
1.31098E-2 1.38963E-2 1.22905E-2 1.22027E-2 1.36513E-2 1.21303E-2 1.02636E-2 1.03567E-2 1.06537E-2 9.21766E-3 9.14892E-3 1.17136E-2 9.48203E-3 9.90251E-3 8.88084E-3 8.28595E-3 1.14085E-2 1.07533E-2 1.01344E-2 9.77599E-3 9.6015E-3 9.63179E-3 9.00898E-3 7.97338E-3 7.67456E-3 6.52733E-3 7.54732E-3 5.9741E-3 5.0866E-3 5.67852E-3 5.42398E-3 5.55284E-3 5.39004E-3 6.12735E-3 5.89784E-3 5.56955E-3 5.00269E-3 5.4425E-3 4.98549E-3 4.40163E-3 4.33455E-3 4.56932E-3 3.97281E-3 4.71051E-3 5.06496E-3 5.20289E-3 5.0233E-3 4.64575E-3 4.44323E-3 4.39181E-3 4.34966E-3 4.13166E-3 3.95888E-3 3.80667E-3 3.87698E-3 3.87965E-3 3.69844E-3 3.75632E-3 3.69804E-3 3.94349E-3 4.2956E-3
1.59133E-2 1.23015E-2 1.07365E-2 1.1097E-2 1.32175E-2 1.39753E-2 1.33118E-2 1.23217E-2 1.02359E-2 9.75961E-3 9.84833E-3 9.30816E-3 9.19481E-3 8.57532E-3 9.73935E-3 8.52797E-3 9.97286E-3 1.25714E-2 1.24902E-2 1.28173E-2 1.03277E-2 1.14348E-2 8.99811E-3 8.7659E-3 9.68067E-3 9.83066E-3 6.92955E-3 6.03877E-3 5.81605E-3 5.56769E-3 5.89038E-3 6.01766E-3 5.97927E-3 6.34705E-3 6.16034E-3 5.92727E-3 5.67419E-3 5.65771E-3 5.26689E-3 4.99613E-3 4.6632E-3 4.80829E-3 4.98949E-3 5.04183E-3 5.82134E-3 5.28997E-3 4.9731E-3 4.68882E-3 4.81465E-3 5.16088E-3 4.62855E-3 4.31979E-3 4.12735E-3 3.78667E-3 4.04612E-3 4.09486E-3 3.86283E-3 3.94543E-3 3.85729E-3 4.02122E-3 4.8096E-3
1.81259E-2 1.1922E-2 1.29791E-2 1.35404E-2 1.77202E-2 1.28548E-2 1.13934E-2 1.51107E-2 1.22388E-2 1.10061E-2 1.04105E-2 8.28285E-3 9.07013E-3 9.31043E-3 9.28645E-3 1.26487E-2 1.08417E-2 1.2234E-2 1.16398E-2 9.73036E-3 1.09897E-2 9.15764E-3 1.00353E-2 9.34285E-3 1.04138E-2 9.03277E-3 1.08457E-2 6.5233E-3 6.01294E-3 5.61562E-3 5.92495E-3 6.04649E-3 5.99312E-3 5.88514E-3 6.52154E-3 6.21697E-3 5.90056E-3 5.60784E-3 5.79579E-3 5.40827E-3 5.28768E-3 5.51612E-3 5.82106E-3 5.55874E-3 6.32092E-3 5.28504E-3 5.56754E-3 8.61854E-3 5.38961E-3 5.41682E-3 5.66587E-3 4.18888E-3 4.54536E-3 4.29178E-3 4.19586E-3 4.53174E-3 4.27041E-3 4.30619E-3 4.57196E-3 4.82517E-3 5.51448E-3
1.99707E-2 1.80085E-2 2.0912E-2 1.75881E-2 1.40195E-2 1.39913E-2 1.29419E-2 1.21302E-2 1.00026E-2 1.11402E-2 9.19418E-3 1.01091E-2 9.96924E-3 8.94061E-3 8.72424E-3 1.06253E-2 1.23302E-2 1.07216E-2 1.2654E-2 1.70974E-2 1.09941E-2 9.84893E-3 1.10704E-2 1.24818E-2 1.15509E-2 1.14483E-2 1.09413E-2 6.62188E-3 6.08873E-3 6.24803E-3 6.11361E-3 6.3856E-3 6.62917E-3 6.5149E-3 6.13007E-3 6.08963E-3 6.53119E-3 5.56086E-3 5.60133E-3 5.67586E-3 5.52807E-3 5.58338E-3 5.31266E-3 4.88246E-3 4.95619E-3 5.15479E-3 5.14694E-3 5.29506E-3 5.34916E-3 5.50353E-3 1.17183E-2 7.92534E-3 4.80088E-3 4.74123E-3 4.47317E-3 4.58772E-3 4.67795E-3 4.80829E-3 4.90907E-3 5.23032E-3 5.81127E-3
3.25957E-2 2.79789E-2 2.55017E-2 1.56925E-2 1.09973E-2 1.43453E-2 1.23399E-2 1.07897E-2 1.25379E-2 1.18463E-2 1.04991E-2 9.49239E-3 9.70035E-3 8.46175E-3 7.59936E-3 1.13693E-2 9.01271E-3 9.15697E-3 1.02383E-2 1.01473E-2 1.09477E-2 1.39881E-2 1.47552E-2 1.4833E-2 1.19555E-2 1.32767E-2 1.0289E-2 6.63354E-3 6.90588E-3 6.07199E-3 6.5549E-3 6.32829E-3 6.70991E-3 6.97649E-3 6.6842E-3 6.35441E-3 5.91248E-3 5.62909E-3 5.38121E-3 5.19228E-3 5.17176E-3 5.20565E-3 5.05973E-3 4.71325E-3 4.66219E-3 4.84238E-3 5.40952E-3 4.71695E-3 5.5017E-3 5.36534E-3 5.13224E-3 5.71094E-3 5.17097E-3 4.51202E-3 4.62575E-3 4.87532E-3 5.44809E-3 5.25838E-3 5.38752E-3 5.36604E-3 5.50376E-3
2.95816E-2 2.68916E-2 1.74794E-2 1.31438E-2 1.23266E-2 1.07513E-2 1.20711E-2 1.13511E-2 9.97582E-3 1.29489E-2 1.01381E-2 1.03194E-2 9.69965E-3 9.20923E-3 8.72297E-3 1.40507E-2 1.14548E-2 8.98456E-3 9.8226E-3 1.50754E-2 1.49724E-2 1.69332E-2 1.35796E-2 1.48019E-2 1.59374E-2 1.32659E-2 8.25675E-3 7.26711E-3 6.79819E-3 6.5211E-3 6.78801E-3 6.86172E-3 7.53684E-3 7.46076E-3 6.70542E-3 6.13503E-3 5.97179E-3 5.66047E-3 5.64729E-3 5.14288E-3 5.31859E-3 4.94622E-3 4.95576E-3 5.19415E-3 5.06627E-3 5.09334E-3 5.29394E-3 5.24351E-3 5.23266E-3 5.28038E-3 5.17431E-3 5.17707E-3 5.13656E-3 5.02334E-3 5.2936E-3 5.34901E-3 5.3069E-3 5.81188E-3 5.72559E-3 5.84303E-3 5.66272E-3
2.47337E-2 2.05824E-2 2.20157E-2 1.03048E-2 1.24986E-2 1.31842E-2 1.10087E-2 1.22473E-2 9.71668E-3 1.05894E-2 8.96874E-3 9.91979E-3 1.01373E-2 8.34831E-3 9.02782E-3 9.37888E-3 8.60113E-3 8.11322E-3 9.20524E-3 1.56788E-2 1.7256E-2 1.31032E-2 2.54924E-2 1.10512E-2 9.30592E-3 9.83244E-3 1.14872E-2 7.34283E-3 7.57711E-3 7.11111E-3 7.68149E-3 7.24797E-3 7.48135E-3 7.63756E-3 7.19193E-3 6.27712E-3 6.27029E-3 6.11102E-3 5.91268E-3 5.34077E-3 5.41747E-3 5.2109E-3 5.67549E-3 5.68255E-3 5.63525E-3 5.82845E-3 5.88628E-3 5.64252E-3 5.64899E-3 5.28267E-3 6.37081E-3 5.64026E-3 5.51372E-3 5.23574E-3 4.99802E-3 5.4532E-3 5.82958E-3 5.9343E-3 6.14199E-3 5.5128E-3 6.16204E-3
