Final_Models_July82022/M_0.1_F_lqp_Set_1/Bison_min.asc
ncols         290
nrows         380
xllcorner     -2197417.7431653
yllcorner     -584827.01486885
cellsize      10000.0
NODATA_value  -9999
[rows 81 to 107 of 380, columns 122 to 182 of 290]
1.45738E-1 1.45839E-1 2.23168E-1 9.58099E-2 5.75406E-2 1.0203E-1 1.63491E-1 2.10507E-1 1.77565E-1 1.72281E-1 2.00898E-1 5.51129E-2 7.58542E-2 8.46661E-2 7.4907E-2 1.10609E-1 1.2064E-1 1.02328E-1 9.49071E-2 6.77767E-2 5.82441E-2 4.26997E-2 3.00512E-2 3.89922E-2 4.21003E-2 2.87863E-2 3.06157E-2 2.67928E-2 2.00603E-2 1.5217E-2 1.64707E-2 1.63222E-2 1.89237E-2 1.19613E-2 1.20408E-2 1.33861E-2 1.00231E-2 7.14715E-3 5.277E-3 4.48741E-3 3.63433E-3 2.58001E-3 1.95385E-3 2.04617E-3 1.89454E-3 1.77952E-3 1.95992E-3 1.70361E-3 1.59398E-3 1.60642E-3 1.86882E-3 1.43311E-3 1.97306E-3 2.33604E-3 2.4511E-3 2.65535E-3 2.95252E-3 2.82401E-3 2.15765E-3 3.22182E-3 3.10732E-3
1.34823E-1 1.07444E-1 1.84916E-1 4.94007E-2 3.93486E-2 4.53468E-2 1.1764E-1 1.40978E-1 2.43222E-1 6.44261E-1 1.38231E-1 7.6116E-2 1.31388E-1 1.10098E-1 7.16018E-2 7.92679E-2 5.38518E-2 -9999 8.13554E-2 6.02641E-2 3.94491E-2 3.851E-2 3.38266E-2 3.53526E-2 3.71115E-2 2.8792E-2 2.3941E-2 2.71766E-2 3.56732E-2 3.23995E-2 2.80935E-2 3.43788E-2 2.33072E-2 1.27729E-2 1.15337E-2 1.1084E-2 8.29348E-3 9.58685E-3 6.50871E-3 4.38635E-3 3.6846E-3 2.78807E-3 2.40707E-3 1.81183E-3 2.03033E-3 2.04534E-3 1.97438E-3 1.78476E-3 1.73194E-3 1.84366E-3 1.57133E-3 1.37645E-3 1.67177E-3 2.03071E-3 2.31706E-3 2.58348E-3 2.29585E-3 2.58005E-3 2.14837E-3 3.07837E-3 2.38659E-3
1.39329E-1 1.19797E-1 4.65829E-2 3.6437E-2 3.79277E-2 3.79046E-2 5.04028E-2 1.26828E-1 1.25827E-1 1.25561E-1 1.87121E-1 1.43762E-1 1.26987E-1 1.24738E-1 5.67225E-2 8.03814E-2 7.21779E-2 8.88223E-2 6.84206E-2 4.0092E-2 3.11072E-2 3.91091E-2 3.40199E-2 4.009E-2 4.21595E-2 2.74372E-2 1.64785E-2 1.92397E-2 1.40138E-2 1.65022E-2 1.6826E-2 2.65083E-2 4.78365E-2 9.25562E-3 9.45054E-3 8.93755E-3 6.42102E-3 7.54144E-3 6.07817E-3 4.7287E-3 3.7568E-3 3.24146E-3 3.77205E-3 2.5245E-3 2.09001E-3 2.60061E-3 2.35003E-3 1.92377E-3 2.00038E-3 1.79979E-3 1.47452E-3 -9999 1.56591E-3 1.97508E-3 2.47065E-3 2.35522E-3 2.37176E-3 2.98782E-3 3.03237E-3 2.95862E-3 1.83595E-3
7.67735E-2 3.8293E-2 3.60155E-2 3.52762E-2 1.03224E-1 1.31494E-1 9.93443E-2 1.48243E-1 1.17538E-1 1.28169E-1 1.23402E-1 8.8843E-2 1.01969E-1 5.5297E-2 6.47152E-2 6.98498E-2 4.93769E-2 6.21311E-2 7.95106E-2 4.23823E-2 3.64998E-2 3.33726E-2 2.80571E-2 3.94122E-2 3.15026E-2 2.1806E-2 1.66947E-2 1.44251E-2 1.99136E-2 2.24804E-2 3.19334E-2 1.06273E-1 1.89333E-2 8.7163E-3 8.00686E-3 7.96955E-3 6.21723E-3 4.91223E-3 4.44731E-3 4.29986E-3 4.07713E-3 3.17122E-3 2.70338E-3 2.81618E-3 2.4518E-3 2.35765E-3 2.43604E-3 1.83913E-3 1.50114E-3 1.5893E-3 1.76918E-3 1.66815E-3 1.53166E-3 1.69536E-3 2.56714E-3 2.34758E-3 2.27858E-3 2.67231E-3 2.26878E-3 2.04978E-3 2.02589E-3
3.45171E-2 4.18553E-2 8.43346E-2 1.1382E-1 1.41283E-1 1.27126E-1 1.10374E-1 1.34092E-1 1.18359E-1 1.46896E-1 1.41355E-1 1.32136E-1 7.13054E-2 8.95488E-2 4.31835E-2 9.62295E-2 9.01621E-2 5.76995E-2 7.43402E-2 5.55465E-2 3.19885E-2 3.00282E-2 2.25493E-2 2.33397E-2 2.30738E-2 2.50981E-2 1.48486E-2 2.28891E-2 2.06341E-2 2.84327E-2 3.29619E-2 2.61074E-2 1.76893E-2 1.41457E-2 1.58291E-2 8.23491E-3 4.64677E-3 3.78449E-3 3.64318E-3 3.79202E-3 3.76469E-3 3.28297E-3 2.53219E-3 2.70886E-3 2.2995E-3 2.55047E-3 1.73193E-3 1.4053E-3 1.54577E-3 1.54424E-3 1.52228E-3 1.46174E-3 1.19769E-3 1.44259E-3 1.98431E-3 2.19011E-3 2.76788E-3 2.51504E-3 2.72539E-3 2.01265E-3 2.13745E-3
6.96758E-2 1.2116E-1 1.00606E-1 1.06403E-1 1.21543E-1 9.85194E-2 1.0333E-1 1.22306E-1 1.00702E-1 7.22334E-2 4.69069E-2 6.32604E-2 5.13896E-2 6.68419E-2 8.38481E-2 9.83032E-2 6.75445E-2 3.60132E-2 4.71336E-2 4.17581E-2 3.04283E-2 3.28914E-2 2.48151E-2 3.03579E-2 2.38543E-2 2.39393E-2 3.20636E-2 2.72456E-2 3.19558E-2 2.77693E-2 3.1802E-2 3.30912E-2 2.11791E-2 1.41309E-2 1.10148E-2 8.03007E-3 4.81038E-3 3.97378E-3 3.73108E-3 4.0027E-3 3.76999E-3 3.55663E-3 2.23357E-3 2.30017E-3 2.47525E-3 2.52318E-3 2.2337E-3 1.57216E-3 1.40755E-3 1.43169E-3 1.43068E-3 1.3003E-3 1.27486E-3 1.32885E-3 1.85902E-3 1.7355E-3 2.20088E-3 2.72704E-3 3.30688E-3 2.36354E-3 2.16197E-3
1.10481E-1 1.02739E-1 1.08323E-1 1.22149E-1 1.51663E-1 1.33756E-1 1.05447E-1 1.08858E-1 1.23067E-1 9.47587E-2 3.1555E-2 4.6772E-2 6.06751E-2 8.35215E-2 6.91808E-2 6.17872E-2 3.2318E-2 4.89345E-2 3.99513E-2 3.19588E-2 3.71517E-2 3.15328E-2 2.50948E-2 1.96619E-2 1.79506E-2 3.11127E-2 3.67067E-2 1.25723E-2 2.06112E-2 -9999 2.58353E-2 1.9438E-2 1.29631E-2 1.85807E-2 1.68288E-2 8.26875E-3 5.50754E-3 4.0746E-3 4.22874E-3 4.38447E-3 3.60548E-3 3.25905E-3 2.82138E-3 2.33441E-3 2.8218E-3 2.52289E-3 2.54654E-3 1.82396E-3 1.7936E-3 1.53245E-3 1.34705E-3 1.25322E-3 1.19051E-3 1.45029E-3 1.80846E-3 1.97484E-3 2.04297E-3 2.83496E-3 3.28737E-3 2.80591E-3 1.96915E-3
1.19734E-1 1.12253E-1 8.89479E-2 1.09732E-1 1.15181E-1 1.1263E-1 1.06146E-1 1.27754E-1 1.18406E-1 9.61652E-2 3.87123E-2 8.09633E-2 9.20125E-2 7.34268E-2 8.73982E-2 8.246E-2 5.97086E-2 5.85895E-2 5.35043E-2 3.26232E-2 4.17059E-2 3.11948E-2 2.25224E-2 1.82179E-2 1.76584E-2 2.18753E-2 1.31562E-2 1.24625E-2 8.81646E-3 1.16295E-2 1.22362E-2 1.34818E-2 1.31635E-2 1.12684E-2 7.88873E-3 6.58571E-3 5.28523E-3 4.79411E-3 5.32225E-3 4.77203E-3 3.78712E-3 3.46518E-3 2.78308E-3 2.48616E-3 2.5688E-3 2.33244E-3 2.48303E-3 2.19845E-3 1.80341E-3 1.58141E-3 1.5729E-3 1.32717E-3 1.28972E-3 1.47816E-3 1.74988E-3 2.35482E-3 2.58498E-3 2.19238E-3 2.18938E-3 2.34132E-3 1.93864E-3
1.63886E-1 9.31642E-2 8.05233E-2 8.06806E-2 9.13387E-2 8.8514E-2 9.23084E-2 1.32404E-1 1.33976E-1 6.61746E-2 5.59261E-2 8.08265E-2 9.59854E-2 6.45018E-2 8.74057E-2 9.01475E-2 8.9414E-2 4.26608E-2 5.78994E-2 4.06623E-2 3.31015E-2 3.41488E-2 2.83204E-2 1.87477E-2 2.00296E-2 1.32278E-2 1.2157E-2 1.01131E-2 9.44727E-3 -9999 8.88513E-3 9.75688E-3 1.03707E-2 8.57358E-3 7.54033E-3 6.73111E-3 5.97105E-3 6.37455E-3 5.89641E-3 5.11072E-3 4.15152E-3 3.25943E-3 3.16727E-3 3.00969E-3 2.49136E-3 2.16908E-3 2.33381E-3 2.00187E-3 1.92829E-3 1.58704E-3 1.59271E-3 1.55287E-3 1.4693E-3 1.59149E-3 1.78216E-3 2.12376E-3 2.35356E-3 2.41559E-3 2.29847E-3 2.40941E-3 2.16708E-3
9.15909E-2 1.05343E-1 8.15752E-2 8.7972E-2 6.64333E-2 6.11733E-2 4.11107E-2 8.92502E-2 1.08404E-1 7.39069E-2 5.67149E-2 8.56732E-2 7.31359E-2 7.98034E-2 5.61493E-2 5.21706E-2 6.79414E-2 5.47291E-2 3.61302E-2 4.64592E-2 3.67557E-2 2.4803E-2 2.89621E-2 1.91255E-2 1.50597E-2 1.34004E-2 1.28126E-2 1.19491E-2 1.37351E-2 7.25028E-3 7.91479E-3 1.0193E-2 1.11546E-2 1.12971E-2 8.98163E-3 8.35375E-3 8.56021E-3 6.64258E-3 5.57313E-3 4.906E-3 4.55257E-3 3.96343E-3 3.43108E-3 3.04525E-3 2.50061E-3 2.26502E-3 2.06487E-3 1.90443E-3 1.8279E-3 1.82766E-3 1.57471E-3 1.64689E-3 1.50153E-3 1.74143E-3 1.91416E-3 2.11141E-3 2.511E-3 2.40857E-3 2.26093E-3 2.42196E-3 2.2535E-3
8.60499E-2 8.2393E-2 8.17871E-2 8.55112E-2 6.70353E-2 8.17902E-2 8.51376E-2 1.00399E-1 9.87573E-2 1.20946E-1 6.96344E-2 7.15178E-2 8.44818E-2 6.27634E-2 5.77157E-2 5.55017E-2 5.03688E-2 6.06739E-2 4.40379E-2 4.6094E-2 2.85946E-2 3.91072E-2 2.84367E-2 2.08307E-2 2.10333E-2 1.65987E-2 1.44565E-2 1.17994E-2 -9999 -9999 9.00516E-3 9.45217E-3 9.85971E-3 1.03479E-2 1.28427E-2 -9999 7.35926E-3 6.88293E-3 5.59753E-3 5.28616E-3 5.38064E-3 4.6831E-3 3.43995E-3 3.22103E-3 2.68825E-3 2.39534E-3 2.04855E-3 1.99082E-3 1.76939E-3 1.83689E-3 1.771E-3 1.65211E-3 1.39139E-3 1.78732E-3 1.92629E-3 2.24956E-3 2.34382E-3 2.56148E-3 2.20137E-3 2.52765E-3 2.36433E-3
1.13048E-1 1.01305E-1 7.06475E-2 6.33266E-2 6.44994E-2 9.52241E-2 9.52556E-2 8.45546E-2 1.06881E-1 1.28726E-1 8.21339E-2 6.26295E-2 7.42522E-2 6.48809E-2 6.77559E-2 6.28501E-2 4.97924E-2 5.29721E-2 5.10527E-2 5.51977E-2 4.13234E-2 2.98602E-2 3.42533E-2 3.0624E-2 1.75226E-2 1.7435E-2 1.463E-2 9.82066E-3 1.00685E-2 1.13507E-2 8.24124E-3 1.0878E-2 1.35897E-2 1.06781E-2 1.02924E-2 8.74809E-3 1.08275E-2 6.40169E-3 6.16355E-3 5.68277E-3 5.20799E-3 4.58028E-3 -9999 3.24987E-3 2.70526E-3 2.55478E-3 2.21309E-3 2.16238E-3 2.08588E-3 1.91304E-3 1.87219E-3 1.90814E-3 1.69057E-3 1.7356E-3 2.06795E-3 2.41202E-3 2.91333E-3 2.2982E-3 2.14732E-3 2.51603E-3 2.85558E-3
1.20719E-1 8.94976E-2 8.90817E-2 6.94033E-2 9.38025E-2 9.69484E-2 8.46211E-2 6.61544E-2 8.17235E-2 6.29956E-2 8.30176E-2 6.88569E-2 6.7851E-2 6.60418E-2 7.45714E-2 4.84304E-2 5.24329E-2 6.14552E-2 5.69605E-2 4.17804E-2 5.41456E-2 2.70415E-2 2.95092E-2 2.5708E-2 2.09485E-2 1.65016E-2 1.27455E-2 1.22221E-2 1.20012E-2 1.12142E-2 1.19849E-2 1.10502E-2 9.33107E-3 1.19298E-2 9.66631E-3 5.57695E-3 5.80314E-3 6.27231E-3 6.71555E-3 5.70933E-3 5.12451E-3 4.44058E-3 3.96282E-3 3.57631E-3 3.19956E-3 2.56338E-3 2.3128E-3 2.14431E-3 2.06096E-3 2.46172E-3 2.13999E-3 2.10409E-3 1.99989E-3 1.98138E-3 2.01055E-3 2.33885E-3 2.33306E-3 2.17589E-3 2.17702E-3 2.33813E-3 2.75978E-3
9.3256E-2 1.01996E-1 1.04883E-1 1.00572E-1 9.1746E-2 9.70097E-2 8.41962E-2 8.86608E-2 4.55729E-2 4.60694E-2 6.22815E-2 8.90168E-2 5.35874E-2 5.74725E-2 4.789E-2 3.51545E-2 3.55055E-2 6.78646E-2 4.47755E-2 5.64262E-2 4.23766E-2 4.79521E-2 3.28033E-2 3.31882E-2 3.59323E-2 1.94293E-2 1.45886E-2 1.34473E-2 1.18808E-2 1.26057E-2 1.47372E-2 1.10319E-2 1.21608E-2 8.08002E-3 7.77996E-3 6.79765E-3 6.19088E-3 5.95748E-3 6.46666E-3 5.97213E-3 4.66641E-3 4.40599E-3 3.92013E-3 3.02522E-3 3.41669E-3 2.70613E-3 2.39704E-3 2.16604E-3 2.08606E-3 1.94585E-3 2.25397E-3 2.2794E-3 2.22468E-3 2.24239E-3 2.0521E-3 2.28065E-3 2.37878E-3 1.90539E-3 2.4699E-3 2.97793E-3 3.06155E-3
8.07088E-2 9.7473E-2 9.77904E-2 8.64678E-2 6.8157E-2 8.38899E-2 1.05465E-1 9.90703E-2 9.183E-2 3.61982E-2 1.07178E-1 7.35047E-2 5.14941E-2 6.00306E-2 4.41987E-2 5.34227E-2 3.69606E-2 6.4964E-2 3.74246E-2 4.20321E-2 3.78351E-2 4.00653E-2 2.02709E-2 3.66718E-2 2.47825E-2 2.04403E-2 1.56101E-2 1.2198E-2 1.34562E-2 1.27344E-2 1.39097E-2 1.1926E-2 1.01861E-2 7.94019E-3 6.83624E-3 7.04018E-3 6.9786E-3 6.67245E-3 6.32917E-3 5.79807E-3 5.19775E-3 4.85652E-3 4.49555E-3 3.98222E-3 2.61226E-3 2.69472E-3 2.80955E-3 2.23918E-3 2.10189E-3 2.21825E-3 2.29388E-3 2.43179E-3 2.42731E-3 2.45465E-3 2.32725E-3 2.24906E-3 2.24427E-3 2.40514E-3 2.978E-3 3.07044E-3 3.38128E-3
8.29619E-2 1.0493E-1 8.09185E-2 8.1489E-2 1.05752E-1 7.84626E-2 9.34102E-2 8.38744E-2 9.38487E-2 8.44066E-2 1.27231E-1 8.03187E-2 5.63135E-2 5.72595E-2 5.06552E-2 4.48435E-2 4.18684E-2 5.53701E-2 4.62826E-2 4.66478E-2 5.75922E-2 4.63883E-2 4.98382E-2 3.1593E-2 2.33952E-2 2.04242E-2 1.59951E-2 1.48928E-2 1.42877E-2 1.4271E-2 1.18222E-2 1.31315E-2 1.13696E-2 1.29832E-2 7.53644E-3 6.407E-3 7.12868E-3 6.88438E-3 6.59224E-3 6.05685E-3 5.55564E-3 4.92862E-3 4.58391E-3 4.01931E-3 3.89979E-3 3.22231E-3 2.74316E-3 2.76713E-3 2.33259E-3 2.16077E-3 2.40265E-3 2.69579E-3 3.12456E-3 2.73545E-3 2.78528E-3 2.7426E-3 2.65362E-3 2.70673E-3 2.65923E-3 3.2802E-3 3.61846E-3
5.96181E-2 8.07551E-2 9.31241E-2 9.58946E-2 1.152E-1 7.82732E-2 9.5924E-2 9.02413E-2 1.03204E-1 9.44027E-2 5.54906E-2 9.7803E-2 7.49118E-2 6.28501E-2 6.05441E-2 5.51126E-2 6.02937E-2 4.08389E-2 4.61929E-2 4.66558E-2 4.22616E-2 5.81216E-2 6.15542E-2 5.12092E-2 4.12077E-2 2.75927E-2 1.77604E-2 1.55289E-2 1.44325E-2 1.69852E-2 1.70961E-2 1.50649E-2 1.31022E-2 1.25422E-2 8.54199E-3 7.31929E-3 6.74115E-3 7.92877E-3 9.51254E-3 6.304E-3 5.69052E-3 5.17334E-3 4.70968E-3 4.25215E-3 2.78934E-3 3.23705E-3 2.90099E-3 2.56795E-3 2.2931E-3 2.41137E-3 2.77779E-3 2.92761E-3 2.8267E-3 2.86355E-3 2.94197E-3 3.18687E-3 2.90738E-3 2.75836E-3 2.74977E-3 3.1538E-3 3.57967E-3
3.46493E-2 5.76007E-2 7.05943E-2 6.28334E-2 7.8566E-2 1.09659E-1 1.03207E-1 1.05102E-1 7.69626E-2 9.3587E-2 1.01906E-1 1.17224E-1 6.46348E-2 5.47288E-2 5.36528E-2 5.21232E-2 3.71167E-2 4.56016E-2 4.97451E-2 4.61998E-2 6.40679E-2 6.20605E-2 4.84398E-2 5.00884E-2 8.35104E-2 4.81456E-2 1.94638E-2 1.84385E-2 1.73233E-2 1.65555E-2 1.77812E-2 1.84546E-2 1.60778E-2 1.45927E-2 1.31592E-2 8.52855E-3 -9999 1.02251E-2 9.15981E-3 7.41309E-3 5.97628E-3 5.34252E-3 4.78846E-3 4.12468E-3 3.87824E-3 3.49212E-3 2.82065E-3 2.92073E-3 2.8269E-3 2.69002E-3 3.00478E-3 3.16119E-3 3.24529E-3 3.02097E-3 2.92736E-3 3.11085E-3 2.74105E-3 2.75609E-3 2.88877E-3 3.24819E-3 3.38693E-3
4.35484E-2 6.68626E-2 8.61981E-2 5.22464E-2 3.4885E-2 8.90588E-2 1.14767E-1 8.30041E-2 1.055E-1 6.67698E-2 5.34566E-2 8.50142E-2 6.35546E-2 5.2158E-2 5.33844E-2 5.52899E-2 5.9988E-2 6.93898E-2 4.8791E-2 5.04177E-2 9.79909E-2 7.03214E-2 4.85027E-2 3.96055E-2 6.7722E-2 3.18896E-2 2.30139E-2 2.80124E-2 2.03728E-2 2.20198E-2 1.79881E-2 2.14846E-2 -9999 1.61182E-2 -9999 9.9306E-3 9.72043E-3 9.22974E-3 1.11996E-2 8.18385E-3 6.06339E-3 5.36894E-3 5.02367E-3 4.49803E-3 3.56903E-3 3.46995E-3 3.29875E-3 3.14926E-3 2.96021E-3 3.00297E-3 3.0956E-3 3.04369E-3 3.13915E-3 3.1809E-3 2.86289E-3 3.16407E-3 3.01966E-3 3.17843E-3 3.05648E-3 3.49332E-3 3.57681E-3
9.48323E-2 7.59858E-2 7.27442E-2 6.49145E-2 7.31552E-2 6.91498E-2 7.68443E-2 8.91285E-2 8.56657E-2 5.10941E-2 6.10551E-2 1.09527E-1 5.64263E-2 7.26452E-2 6.51431E-2 5.78525E-2 6.24094E-2 6.20973E-2 5.17423E-2 6.43335E-2 6.17895E-2 6.78326E-2 5.04371E-2 4.6971E-2 5.03467E-2 4.03019E-2 5.09257E-2 4.16997E-2 3.71081E-2 2.80707E-2 2.68587E-2 1.87342E-2 1.66909E-2 1.4931E-2 1.55327E-2 1.25134E-2 1.09753E-2 8.24708E-3 8.8181E-3 7.2844E-3 5.80099E-3 5.97142E-3 5.28641E-3 4.70984E-3 4.30853E-3 3.63091E-3 3.76329E-3 3.45871E-3 3.44058E-3 3.00428E-3 3.13433E-3 3.09041E-3 3.19198E-3 3.18836E-3 3.22693E-3 2.98491E-3 3.18111E-3 2.85633E-3 3.50424E-3 3.68325E-3 4.02719E-3
9.57908E-2 9.7825E-2 6.90674E-2 3.57653E-2 4.48758E-2 8.7974E-2 8.89894E-2 8.60449E-2 4.2592E-2 5.2148E-2 1.03748E-1 7.27414E-2 3.4251E-2 4.40556E-2 7.13678E-2 6.18059E-2 6.2961E-2 5.69949E-2 6.52156E-2 5.41258E-2 9.18618E-2 7.22667E-2 6.11984E-2 6.08321E-2 6.48504E-2 4.23147E-2 3.01655E-2 6.09828E-2 5.47193E-2 4.07013E-2 2.37697E-2 3.07919E-2 2.0043E-2 1.45675E-2 1.45255E-2 1.40369E-2 1.00899E-2 1.1592E-2 1.09273E-2 6.57895E-3 6.72705E-3 5.72583E-3 5.53204E-3 5.18782E-3 4.71102E-3 3.83886E-3 3.81648E-3 -9999 3.06485E-3 3.26685E-3 3.15946E-3 3.02351E-3 3.40764E-3 3.68372E-3 3.65169E-3 3.42024E-3 3.58911E-3 3.7293E-3 4.03788E-3 4.11971E-3 3.6222E-3
8.34523E-2 7.83344E-2 7.99493E-2 6.77065E-2 9.14581E-2 8.28531E-2 9.31471E-2 1.22076E-1 6.646E-2 9.78318E-2 8.96778E-2 7.56639E-2 3.75587E-2 5.24489E-2 7.0378E-2 6.67968E-2 5.95797E-2 8.49459E-2 6.2912E-2 5.05045E-2 6.88295E-2 7.06919E-2 6.99354E-2 6.33328E-2 7.76533E-2 1.00321E-1 7.80475E-2 5.78681E-2 4.4588E-2 2.61069E-2 2.02644E-2 2.41655E-2 1.57055E-2 1.58747E-2 1.41617E-2 1.29703E-2 1.03106E-2 1.0956E-2 1.23352E-2 7.32949E-3 6.8803E-3 6.01843E-3 5.74661E-3 5.06998E-3 4.84607E-3 4.24312E-3 4.01607E-3 4.01948E-3 3.84738E-3 3.60957E-3 3.81005E-3 3.52101E-3 3.79994E-3 4.16927E-3 3.54652E-3 3.85537E-3 4.19372E-3 4.51731E-3 3.81373E-3 4.29965E-3 3.93826E-3
8.07686E-2 7.82573E-2 1.15828E-1 9.77324E-2 1.07472E-1 9.9518E-2 9.13402E-2 1.1219E-1 1.23178E-1 8.65077E-2 8.76597E-2 9.10734E-2 9.31863E-2 8.3107E-2 8.18837E-2 7.3981E-2 6.78925E-2 6.54056E-2 5.88924E-2 4.86995E-2 6.50242E-2 3.69141E-2 6.82072E-2 6.64614E-2 7.6025E-2 8.85397E-2 6.77088E-2 7.94365E-2 5.52562E-2 2.5437E-2 3.49851E-2 3.43496E-2 2.69879E-2 1.84096E-2 1.68967E-2 1.11717E-2 9.8237E-3 9.22758E-3 1.05659E-2 7.37113E-3 7.22994E-3 6.95364E-3 6.16658E-3 5.68316E-3 4.99899E-3 4.73571E-3 4.64984E-3 4.23198E-3 4.2542E-3 3.90543E-3 4.21882E-3 4.09032E-3 4.26805E-3 4.51229E-3 4.2122E-3 3.71896E-3 4.78882E-3 4.12562E-3 3.71255E-3 3.67584E-3 3.63847E-3
7.62374E-2 9.1265E-2 1.07278E-1 1.21917E-1 8.51859E-2 9.92917E-2 8.75641E-2 8.02984E-2 8.21094E-2 8.47144E-2 7.68696E-2 9.14207E-2 6.41043E-2 7.39713E-2 8.19524E-2 7.45015E-2 6.82553E-2 7.25171E-2 6.57535E-2 6.0855E-2 6.2466E-2 5.03424E-2 7.4114E-2 7.85804E-2 8.79878E-2 9.00013E-2 9.25736E-2 8.12909E-2 5.99617E-2 4.11362E-2 4.55155E-2 4.45851E-2 4.27826E-2 3.90592E-2 1.95988E-2 1.83748E-2 1.34989E-2 8.09492E-3 8.66849E-3 8.21633E-3 7.51143E-3 6.97901E-3 6.57274E-3 5.80304E-3 4.9173E-3 4.96323E-3 4.6806E-3 4.67604E-3 4.68786E-3 4.63315E-3 4.49972E-3 4.76995E-3 4.60903E-3 4.51649E-3 4.33162E-3 4.6646E-3 5.04857E-3 4.49931E-3 4.21934E-3 3.62187E-3 3.41125E-3
9.00778E-2 9.9515E-2 1.25004E-1 1.0384E-1 8.15984E-2 5.72947E-2 3.37733E-2 3.1612E-2 8.4007E-2 8.56385E-2 8.17031E-2 8.35844E-2 8.47754E-2 8.78459E-2 7.92136E-2 6.86824E-2 6.91101E-2 7.21768E-2 4.53705E-2 5.68146E-2 6.99515E-2 6.74599E-2 3.14471E-2 2.71401E-2 7.03028E-2 8.86079E-2 7.31465E-2 7.2343E-2 5.59583E-2 4.24845E-2 4.33105E-2 4.86909E-2 4.72654E-2 2.9754E-2 3.03313E-2 2.35568E-2 1.25598E-2 9.7705E-3 1.19187E-2 9.80708E-3 7.64276E-3 7.60354E-3 8.43467E-3 7.83836E-3 6.07714E-3 5.41684E-3 5.06157E-3 5.39017E-3 5.26776E-3 5.07651E-3 4.54754E-3 4.83023E-3 5.28723E-3 4.66016E-3 5.00971E-3 4.60147E-3 4.79454E-3 5.33925E-3 4.35002E-3 3.5383E-3 3.46017E-3
8.19326E-2 9.44737E-2 8.60494E-2 7.62947E-2 5.61894E-2 3.19068E-2 3.30076E-2 3.21403E-2 7.88972E-2 8.49778E-2 8.45901E-2 7.75112E-2 8.91847E-2 8.47383E-2 8.40539E-2 6.55249E-2 6.68118E-2 6.23578E-2 6.33095E-2 6.69305E-2 7.059E-2 9.13856E-2 4.60324E-2 5.75288E-2 1.28426E-1 1.15321E-1 9.03852E-2 6.76792E-2 4.84045E-2 4.42011E-2 4.0629E-2 4.23059E-2 5.0576E-2 4.13377E-2 3.27887E-2 1.91822E-2 1.44218E-2 1.71271E-2 1.26197E-2 1.26132E-2 8.47802E-3 8.4506E-3 1.07683E-2 9.24631E-3 6.4641E-3 5.94912E-3 5.98968E-3 5.80748E-3 6.75767E-3 5.21705E-3 5.33762E-3 5.33503E-3 6.68842E-3 5.0911E-3 5.91716E-3 5.05795E-3 4.95798E-3 5.17511E-3 4.33113E-3 3.65664E-3 3.97207E-3
5.14384E-2 8.25017E-2 4.77775E-2 6.08039E-2 7.92654E-2 7.01099E-2 3.89004E-2 3.67448E-2 4.38939E-2 6.53002E-2 8.13989E-2 8.01858E-2 8.93132E-2 7.73086E-2 8.98045E-2 7.55279E-2 7.33662E-2 6.79674E-2 5.80644E-2 6.75316E-2 7.37652E-2 8.37627E-2 8.89329E-2 7.34043E-2 7.69653E-2 1.10448E-1 9.3113E-2 5.65444E-2 5.32125E-2 4.75326E-2 6.10622E-2 4.77642E-2 4.04644E-2 2.4958E-2 2.48912E-2 1.82169E-2 1.22438E-2 1.35163E-2 1.20309E-2 1.11644E-2 1.21177E-2 1.1503E-2 9.27931E-3 8.17374E-3 7.51063E-3 7.06624E-3 6.71964E-3 5.91451E-3 5.32657E-3 5.88481E-3 6.16893E-3 6.06107E-3 6.01282E-3 5.6919E-3 5.72915E-3 5.5156E-3 5.4392E-3 5.08182E-3 4.72654E-3 4.34502E-3 4.52026E-3
