Final_Models_July82022/M_0.1_F_lqp_Set_1/Bison_min.asc
ncols         290
nrows         380
xllcorner     -2197417.7431653
yllcorner     -584827.01486885
cellsize      10000.0
NODATA_value  -9999
[rows 135 to 161 of 380, columns 122 to 182 of 290]
1.20541E-1 1.25368E-1 1.39437E-1 1.39632E-1 1.74588E-1 1.4937E-1 1.38747E-1 1.75193E-1 2.30647E-1 1.33453E-1 9.90936E-2 1.04485E-1 1.12318E-1 1.14046E-1 1.1457E-1 1.12146E-1 1.11456E-1 1.18858E-1 1.20261E-1 1.2019E-1 1.24039E-1 1.23179E-1 1.17531E-1 1.38867E-1 2.30103E-1 2.38601E-1 1.72874E-1 1.79346E-1 1.63865E-1 1.54665E-1 1.27901E-1 1.80399E-1 1.2562E-1 8.40374E-2 1.31507E-1 1.19394E-1 1.38608E-1 7.09681E-2 9.16658E-2 9.48648E-2 9.21154E-2 8.94511E-2 6.67994E-2 8.55402E-2 4.65732E-2 6.84396E-2 7.32871E-2 7.13634E-2 7.40269E-2 3.98687E-2 2.87789E-2 2.17845E-2 2.49254E-2 3.13253E-2 5.95414E-2 5.2755E-2 5.78366E-2 3.43451E-2 3.19182E-2 4.14402E-2 2.16112E-2
1.25108E-1 1.09143E-1 1.0982E-1 1.53169E-1 1.96324E-1 1.77815E-1 1.57134E-1 1.6582E-1 2.66662E-1 2.69086E-1 1.72707E-1 1.38241E-1 1.2209E-1 1.15278E-1 1.09763E-1 1.11104E-1 1.13627E-1 1.1775E-1 1.15387E-1 1.19217E-1 1.44851E-1 1.19313E-1 1.12184E-1 1.53606E-1 2.23791E-1 1.56446E-1 1.73595E-1 1.74347E-1 1.49189E-1 1.70837E-1 1.08406E-1 1.39053E-1 1.10204E-1 1.26081E-1 1.179E-1 1.17333E-1 1.25366E-1 1.37201E-1 1.20687E-1 9.29879E-2 8.76671E-2 8.49738E-2 7.75538E-2 5.25436E-2 5.15767E-2 9.76169E-2 7.62857E-2 7.19685E-2 7.16423E-2 5.26177E-2 2.78883E-2 2.59255E-2 2.53151E-2 3.11027E-2 5.07994E-2 5.35567E-2 5.85786E-2 4.69349E-2 4.22642E-2 3.14141E-2 1.67843E-2
9.25612E-2 6.85171E-2 7.29512E-2 1.20071E-1 1.49211E-1 1.56883E-1 1.76516E-1 1.34514E-1 2.43477E-1 2.29646E-1 2.48702E-1 2.10891E-1 2.33814E-1 1.93983E-1 1.85369E-1 1.81293E-1 2.12302E-1 2.06201E-1 1.90468E-1 2.1007E-1 2.23828E-1 1.94121E-1 1.94393E-1 2.02643E-1 1.73097E-1 1.8361E-1 1.67723E-1 1.4846E-1 1.67016E-1 1.8463E-1 9.38955E-2 1.14837E-1 1.55981E-1 1.47807E-1 1.1793E-1 1.1488E-1 1.18828E-1 1.30157E-1 7.89777E-2 1.0064E-1 1.02257E-1 9.77115E-2 9.06595E-2 8.7812E-2 8.72535E-2 7.06492E-2 6.38473E-2 8.58995E-2 5.99757E-2 4.06797E-2 3.51342E-2 2.81011E-2 3.62134E-2 3.44899E-2 4.04001E-2 3.90152E-2 4.69115E-2 4.45399E-2 4.00629E-2 1.9773E-2 1.1765E-2
1.07215E-1 8.09442E-2 7.22245E-2 1.1729E-1 1.1122E-1 1.18705E-1 1.22312E-1 1.28257E-1 1.34277E-1 1.78652E-1 2.05305E-1 2.20858E-1 2.2331E-1 2.10149E-1 2.27569E-1 1.88296E-1 1.96759E-1 1.83369E-1 1.89648E-1 1.95372E-1 2.07306E-1 2.09297E-1 2.02287E-1 1.86507E-1 1.9594E-1 1.52289E-1 1.51259E-1 1.52876E-1 1.62884E-1 1.50458E-1 1.60154E-1 1.4171E-1 1.70778E-1 1.49209E-1 1.67551E-1 1.21755E-1 1.10284E-1 1.30986E-1 1.09038E-1 1.05479E-1 9.95319E-2 1.11348E-1 9.43589E-2 7.17941E-2 6.36568E-2 6.00842E-2 5.52912E-2 8.08275E-2 7.30375E-2 5.66164E-2 3.16574E-2 2.90862E-2 4.25955E-2 4.33482E-2 3.71382E-2 5.20127E-2 3.93932E-2 4.44914E-2 4.20362E-2 4.2266E-2 3.19488E-2
1.41254E-1 1.14457E-1 1.07217E-1 1.26406E-1 1.11743E-1 1.12901E-1 1.18742E-1 1.1788E-1 1.0751E-1 2.24342E-1 1.51038E-1 2.1321E-1 2.212E-1 2.96784E-1 2.67696E-1 2.38908E-1 1.71337E-1 1.80598E-1 1.69104E-1 1.73792E-1 1.71145E-1 1.91843E-1 1.92974E-1 1.86765E-1 1.85571E-1 1.6002E-1 1.73787E-1 1.71431E-1 1.72844E-1 1.56877E-1 1.51095E-1 1.60732E-1 1.4006E-1 1.32688E-1 1.59397E-1 1.69867E-1 1.21609E-1 1.08471E-1 1.05337E-1 1.08136E-1 9.41603E-2 1.126E-1 9.31459E-2 8.7792E-2 7.33745E-2 4.09607E-2 7.74347E-2 6.94902E-2 6.37058E-2 5.65272E-2 3.59295E-2 4.76923E-2 5.01743E-2 5.99181E-2 5.72854E-2 4.1277E-2 4.77471E-2 3.26639E-2 2.80366E-2 2.81451E-2 3.69477E-2
1.23958E-1 1.05342E-1 9.48087E-2 1.327E-1 1.03385E-1 1.14079E-1 1.02447E-1 1.29502E-1 1.7383E-1 1.88037E-1 2.43891E-1 1.89471E-1 2.29418E-1 2.07641E-1 1.90007E-1 2.26978E-1 2.44884E-1 1.78744E-1 1.63412E-1 1.72684E-1 1.72863E-1 1.71229E-1 1.89961E-1 1.88816E-1 1.86431E-1 1.59162E-1 1.41384E-1 1.53488E-1 1.68531E-1 1.58292E-1 1.44475E-1 1.09711E-1 1.62504E-1 1.42261E-1 1.47246E-1 1.51207E-1 1.13519E-1 1.11735E-1 1.16681E-1 1.38197E-1 8.5777E-2 1.11355E-1 1.08903E-1 5.22798E-2 6.76548E-2 7.28508E-2 8.33184E-2 6.98031E-2 4.92785E-2 3.36912E-2 3.2437E-2 3.99551E-2 8.87293E-2 6.7768E-2 6.20041E-2 4.56693E-2 4.50689E-2 2.60726E-2 1.46444E-2 2.7569E-2 2.51084E-2
7.70856E-2 8.09198E-2 8.6274E-2 1.00006E-1 1.11953E-1 1.12175E-1 1.19784E-1 1.21093E-1 1.51236E-1 1.3648E-1 1.82324E-1 1.82108E-1 2.25463E-1 1.92222E-1 1.87976E-1 1.82624E-1 1.56264E-1 1.56782E-1 1.51729E-1 1.65775E-1 1.62991E-1 1.7504E-1 1.89714E-1 1.98492E-1 2.00154E-1 1.60604E-1 1.92507E-1 1.69063E-1 1.74002E-1 1.82143E-1 1.49879E-1 1.33685E-1 1.79481E-1 1.21954E-1 1.43469E-1 1.34368E-1 1.20896E-1 1.08631E-1 1.15166E-1 1.04001E-1 8.9079E-2 1.1312E-1 1.68965E-1 6.23197E-2 6.51352E-2 5.71623E-2 8.40476E-2 8.33822E-2 5.82522E-2 2.60152E-2 4.89804E-2 6.08776E-2 6.39475E-2 6.08177E-2 3.16768E-2 3.86012E-2 4.82421E-2 4.13341E-2 3.64193E-2 3.26106E-2 2.51241E-2
7.9061E-2 7.18568E-2 7.81479E-2 1.20222E-1 1.22468E-1 1.24397E-1 1.23421E-1 1.28102E-1 1.6661E-1 1.91024E-1 1.94018E-1 2.03357E-1 2.20956E-1 1.59549E-1 1.80693E-1 1.63277E-1 1.48782E-1 1.54268E-1 1.54831E-1 1.76739E-1 1.49923E-1 1.62177E-1 1.67458E-1 1.9907E-1 1.84773E-1 1.74467E-1 1.63958E-1 1.45841E-1 1.72972E-1 1.91368E-1 2.12765E-1 1.06649E-1 1.04995E-1 1.22968E-1 1.54196E-1 1.29289E-1 1.55999E-1 1.20033E-1 1.12387E-1 1.07855E-1 1.08799E-1 1.04605E-1 1.16236E-1 1.14766E-1 4.69493E-2 5.9809E-2 6.94451E-2 6.48648E-2 4.3286E-2 3.97629E-2 6.94938E-2 7.02651E-2 4.90617E-2 6.90177E-2 3.52705E-2 5.80677E-2 5.58603E-2 3.45348E-2 3.89993E-2 2.7002E-2 2.68847E-2
7.22713E-2 7.32223E-2 1.12367E-1 1.23401E-1 1.26506E-1 1.13282E-1 9.76354E-2 1.3542E-1 1.54027E-1 1.6324E-1 8.76832E-2 1.17371E-1 1.13981E-1 7.95033E-2 1.62218E-1 1.52702E-1 1.4993E-1 1.51898E-1 1.58562E-1 1.5815E-1 1.33293E-1 1.49802E-1 1.73517E-1 1.94329E-1 1.68683E-1 1.53801E-1 1.62068E-1 1.60181E-1 1.67653E-1 1.90034E-1 1.45948E-1 1.5271E-1 1.11196E-1 1.4566E-1 1.25605E-1 1.2865E-1 1.30288E-1 1.22272E-1 1.13321E-1 1.13023E-1 1.05261E-1 1.06316E-1 1.04119E-1 9.69594E-2 7.22739E-2 8.00614E-2 4.72795E-2 4.99092E-2 5.09824E-2 6.17737E-2 6.29824E-2 4.79689E-2 4.48898E-2 3.2456E-2 4.60469E-2 5.5265E-2 4.94205E-2 4.92786E-2 4.26673E-2 4.08082E-2 3.06522E-2
1.0411E-1 1.16583E-1 1.31835E-1 1.19225E-1 1.30031E-1 9.62636E-2 1.02504E-1 1.3943E-1 1.71271E-1 1.43286E-1 1.4084E-1 1.06283E-1 8.047E-2 1.40143E-1 1.89994E-1 1.44976E-1 1.20285E-1 1.57071E-1 2.22699E-1 2.11443E-1 1.29436E-1 1.60705E-1 1.73995E-1 1.45867E-1 2.19932E-1 1.60328E-1 1.64495E-1 1.64348E-1 1.64164E-1 2.1684E-1 1.63918E-1 1.15181E-1 1.46886E-1 1.44383E-1 1.19862E-1 1.19295E-1 1.29858E-1 1.20145E-1 1.17268E-1 1.12446E-1 1.32526E-1 1.19672E-1 1.05157E-1 9.2854E-2 9.53938E-2 8.89717E-2 6.71228E-2 7.26914E-2 8.30637E-2 7.88457E-2 8.24993E-2 5.76196E-2 4.35115E-2 5.48654E-2 4.16818E-2 4.21426E-2 5.25099E-2 4.99704E-2 4.88062E-2 3.8618E-2 2.3671E-2
1.1791E-1 1.36629E-1 1.36308E-1 1.27002E-1 1.03404E-1 9.92778E-2 1.11812E-1 1.07706E-1 1.45176E-1 2.01512E-1 1.69049E-1 1.52718E-1 1.36154E-1 1.40389E-1 1.51173E-1 1.89613E-1 1.50596E-1 2.09925E-1 1.77729E-1 8.26625E-2 1.44729E-1 1.53386E-1 1.50151E-1 1.27913E-1 1.73189E-1 1.6124E-1 1.78433E-1 1.57475E-1 1.4214E-1 1.59141E-1 1.37198E-1 1.56828E-1 1.28825E-1 1.15185E-1 1.06325E-1 1.25854E-1 1.21808E-1 1.1765E-1 1.13221E-1 1.199E-1 1.07207E-1 1.08785E-1 1.73943E-1 8.17356E-2 1.00372E-1 9.8153E-2 8.8974E-2 8.2849E-2 8.46727E-2 7.58211E-2 7.39353E-2 5.37093E-2 5.40603E-2 4.7742E-2 5.90865E-2 4.85847E-2 4.68876E-2 4.30252E-2 4.57746E-2 5.41089E-2 2.38335E-2
1.14156E-1 1.26498E-1 1.41259E-1 1.24899E-1 1.47022E-1 1.46245E-1 1.39459E-1 1.48228E-1 1.45656E-1 1.59306E-1 1.47326E-1 1.50114E-1 1.50519E-1 1.76444E-1 1.71857E-1 1.62171E-1 1.68772E-1 1.7903E-1 2.41064E-1 2.32517E-1 1.01105E-1 2.16478E-1 1.49546E-1 1.28119E-1 1.75029E-1 1.5542E-1 2.07272E-1 1.55603E-1 1.66355E-1 1.35927E-1 1.10385E-1 1.39407E-1 1.243E-1 1.30569E-1 1.26783E-1 1.22347E-1 1.19489E-1 1.18062E-1 1.16113E-1 1.14076E-1 1.09321E-1 1.03532E-1 1.08534E-1 8.67339E-2 7.79664E-2 7.48526E-2 6.51246E-2 8.45852E-2 8.27296E-2 6.80799E-2 7.32556E-2 6.81981E-2 5.58905E-2 6.86364E-2 5.09655E-2 6.36596E-2 5.2663E-2 4.39677E-2 4.96155E-2 3.76534E-2 3.12387E-2
1.37583E-1 1.39279E-1 1.43019E-1 1.41232E-1 1.60441E-1 1.97321E-1 1.49756E-1 1.34595E-1 1.15831E-1 1.28365E-1 1.2612E-1 1.26053E-1 1.24389E-1 1.16343E-1 1.34591E-1 1.40252E-1 1.26594E-1 1.96865E-1 1.96091E-1 1.70674E-1 1.45371E-1 1.40156E-1 1.54406E-1 1.41894E-1 1.53113E-1 1.44226E-1 1.5391E-1 2.30404E-1 1.40621E-1 1.73451E-1 1.34591E-1 1.37239E-1 1.22802E-1 1.27509E-1 1.23141E-1 1.19541E-1 9.34814E-2 1.11634E-1 1.10206E-1 1.13169E-1 1.0788E-1 1.13327E-1 1.02961E-1 7.85258E-2 9.35784E-2 8.64403E-2 6.67438E-2 7.46426E-2 7.95719E-2 7.299E-2 7.96998E-2 8.07399E-2 6.62326E-2 6.67462E-2 7.50426E-2 5.7816E-2 4.54787E-2 3.11674E-2 3.6991E-2 1.91466E-2 2.2585E-2
1.40713E-1 1.42345E-1 1.38212E-1 1.33417E-1 1.34029E-1 1.92916E-1 1.40717E-1 1.27078E-1 1.31989E-1 1.32427E-1 1.33075E-1 1.35448E-1 1.35249E-1 1.36118E-1 1.3045E-1 1.30147E-1 1.71693E-1 1.86315E-1 1.79802E-1 2.09543E-1 2.08093E-1 1.83686E-1 1.46936E-1 1.48466E-1 1.43605E-1 1.31974E-1 1.52152E-1 1.95862E-1 1.81573E-1 1.53138E-1 1.39434E-1 1.37255E-1 1.28006E-1 1.24468E-1 1.21154E-1 1.31597E-1 1.10145E-1 1.14698E-1 1.1222E-1 1.09118E-1 1.12042E-1 1.08264E-1 1.05613E-1 7.90284E-2 8.04084E-2 8.73703E-2 8.93959E-2 7.34092E-2 6.49947E-2 6.39533E-2 1.00129E-1 1.0487E-1 6.56066E-2 5.15351E-2 4.86119E-2 4.34012E-2 2.17678E-2 2.73638E-2 2.96361E-2 2.26946E-2 2.26598E-2
1.42058E-1 1.37038E-1 1.35729E-1 1.34817E-1 1.29165E-1 1.42069E-1 1.34018E-1 1.26666E-1 1.34706E-1 1.29604E-1 1.1994E-1 1.04769E-1 1.20538E-1 1.2251E-1 1.30889E-1 1.45034E-1 1.76089E-1 1.40306E-1 1.50587E-1 1.74543E-1 1.63283E-1 1.75487E-1 1.44391E-1 1.64014E-1 2.4407E-1 1.51419E-1 1.57145E-1 1.55796E-1 1.51545E-1 1.36951E-1 1.3279E-1 1.2111E-1 1.186E-1 1.36226E-1 1.29142E-1 1.31823E-1 1.21475E-1 1.13495E-1 1.15033E-1 1.05267E-1 1.11716E-1 1.086E-1 8.95089E-2 5.87385E-2 6.37859E-2 7.44871E-2 6.78355E-2 9.53793E-2 1.0093E-1 7.00136E-2 7.75737E-2 6.63948E-2 7.11735E-2 7.92704E-2 5.33859E-2 4.06985E-2 1.76982E-2 2.43521E-2 3.13568E-2 3.55018E-2 4.2518E-2
1.50323E-1 1.39215E-1 1.3003E-1 1.33564E-1 1.54484E-1 1.68622E-1 1.30563E-1 1.24808E-1 1.15098E-1 1.32239E-1 1.28384E-1 7.42143E-2 6.64275E-2 1.00165E-1 1.21844E-1 1.40478E-1 1.81423E-1 2.10017E-1 2.24772E-1 1.48974E-1 1.4525E-1 1.25963E-1 1.39631E-1 1.49955E-1 1.65062E-1 1.60136E-1 1.66354E-1 1.51157E-1 1.38442E-1 1.43791E-1 1.46204E-1 1.37212E-1 1.20717E-1 1.36964E-1 1.33178E-1 1.33592E-1 1.31449E-1 1.22726E-1 1.1223E-1 9.87721E-2 1.11166E-1 1.08963E-1 9.79201E-2 9.27265E-2 7.58489E-2 8.22585E-2 7.62524E-2 9.08942E-2 1.00062E-1 8.70911E-2 8.06947E-2 7.2631E-2 7.07651E-2 6.71576E-2 7.49696E-2 3.78797E-2 1.69497E-2 3.58563E-2 3.35231E-2 2.61725E-2 3.34714E-2
1.39452E-1 1.43014E-1 1.49339E-1 1.35546E-1 1.4111E-1 1.95524E-1 1.23968E-1 1.08115E-1 8.44657E-2 8.04469E-2 9.29422E-2 8.44382E-2 7.63256E-2 1.01493E-1 1.13255E-1 1.1419E-1 1.27201E-1 1.53342E-1 1.57927E-1 1.45477E-1 1.34063E-1 1.20991E-1 1.4522E-1 1.52626E-1 1.17354E-1 1.46115E-1 1.52254E-1 1.48118E-1 1.43933E-1 1.52832E-1 1.458E-1 1.49929E-1 1.32628E-1 1.30634E-1 1.32101E-1 1.20179E-1 9.15798E-2 1.07033E-1 1.05047E-1 1.14705E-1 1.12809E-1 1.22186E-1 1.39484E-1 1.1886E-1 8.89053E-2 9.03969E-2 1.14596E-1 1.14475E-1 1.02127E-1 8.92823E-2 8.14797E-2 7.58114E-2 7.72958E-2 6.97061E-2 7.64211E-2 5.81688E-2 2.37865E-2 2.54647E-2 3.42334E-2 2.53673E-2 4.20104E-2
1.41466E-1 1.38969E-1 1.47719E-1 1.35882E-1 1.22375E-1 1.11709E-1 9.92492E-2 9.33728E-2 7.25729E-2 8.71231E-2 8.72726E-2 1.14863E-1 8.95337E-2 6.9228E-2 7.7477E-2 1.00302E-1 1.43724E-1 1.61404E-1 1.41818E-1 1.92349E-1 1.35196E-1 1.96597E-1 1.48781E-1 1.47889E-1 1.53934E-1 1.38931E-1 1.44923E-1 1.52136E-1 1.46232E-1 1.41619E-1 1.45668E-1 1.41597E-1 1.51621E-1 1.36157E-1 1.4078E-1 1.22661E-1 1.23858E-1 1.13122E-1 1.06295E-1 1.16379E-1 1.07754E-1 1.18281E-1 1.30011E-1 1.18227E-1 1.04866E-1 7.73049E-2 8.99327E-2 6.89512E-2 1.01439E-1 8.99986E-2 8.66846E-2 8.58707E-2 7.43987E-2 7.13231E-2 6.84053E-2 7.3786E-2 5.7084E-2 4.16306E-2 3.51854E-2 3.26926E-2 4.7155E-2
1.35132E-1 1.62389E-1 1.34827E-1 1.35589E-1 1.07513E-1 9.58112E-2 7.49132E-2 8.50961E-2 1.30805E-1 8.99387E-2 6.49845E-2 1.21385E-1 1.08798E-1 6.24582E-2 9.41256E-2 1.22193E-1 1.47243E-1 1.36053E-1 1.74751E-1 1.50911E-1 1.76145E-1 2.19205E-1 1.95521E-1 1.4393E-1 1.7717E-1 1.68995E-1 1.95413E-1 1.56915E-1 1.52894E-1 1.46739E-1 1.63779E-1 1.52472E-1 1.41095E-1 1.31454E-1 1.31258E-1 1.3924E-1 1.39306E-1 1.07165E-1 9.46693E-2 1.17933E-1 1.14625E-1 1.17839E-1 1.26874E-1 1.27364E-1 1.48743E-1 8.45538E-2 1.00738E-1 9.67767E-2 7.69645E-2 6.28691E-2 8.99912E-2 6.66335E-2 6.94574E-2 5.19166E-2 6.7697E-2 6.65802E-2 5.60886E-2 2.0798E-2 2.03264E-2 3.38986E-2 3.73977E-2
1.56707E-1 1.49309E-1 1.53082E-1 1.22422E-1 9.60876E-2 8.06817E-2 8.06075E-2 8.13331E-2 8.42853E-2 7.18664E-2 9.59183E-2 1.38804E-1 7.16792E-2 1.12693E-1 1.20026E-1 1.08179E-1 1.10847E-1 1.43562E-1 1.47897E-1 1.44863E-1 1.45694E-1 1.65533E-1 1.2261E-1 1.26938E-1 1.7969E-1 2.28213E-1 1.76857E-1 1.34894E-1 1.4527E-1 1.44924E-1 1.37407E-1 1.37713E-1 1.41725E-1 1.32694E-1 1.66752E-1 1.38783E-1 1.18328E-1 8.55992E-2 8.8014E-2 7.40298E-2 1.08736E-1 1.24306E-1 1.0773E-1 1.19602E-1 9.29615E-2 7.62306E-2 7.86833E-2 6.41043E-2 5.97775E-2 7.39488E-2 9.55963E-2 9.15684E-2 6.88441E-2 5.0657E-2 6.24516E-2 6.26306E-2 5.1131E-2 3.68941E-2 4.01462E-2 4.24842E-2 3.89721E-2
1.4615E-1 1.35826E-1 1.31826E-1 1.07674E-1 9.50247E-2 1.02611E-1 1.36668E-1 9.524E-2 7.77473E-2 7.41015E-2 1.03656E-1 6.53079E-2 9.95806E-2 1.15577E-1 1.75735E-1 1.73196E-1 8.9621E-2 1.06952E-1 1.55363E-1 1.47999E-1 1.51557E-1 1.48573E-1 1.89929E-1 1.45837E-1 1.48173E-1 1.41941E-1 1.4737E-1 1.51206E-1 1.47001E-1 1.4664E-1 1.47477E-1 1.66954E-1 1.44075E-1 1.72338E-1 1.37344E-1 1.54881E-1 1.32426E-1 9.11917E-2 8.03646E-2 7.25038E-2 1.17093E-1 1.71385E-1 1.03906E-1 1.28705E-1 1.13127E-1 1.1833E-1 1.23962E-1 1.18857E-1 8.43342E-2 6.37134E-2 9.99119E-2 8.96036E-2 8.43644E-2 6.92796E-2 7.30772E-2 6.63642E-2 6.07949E-2 5.66123E-2 4.9968E-2 4.48028E-2 4.43681E-2
1.44354E-1 1.31784E-1 1.34736E-1 1.30484E-1 1.18292E-1 1.18847E-1 1.26705E-1 1.45057E-1 5.49147E-2 5.45909E-2 8.79843E-2 7.03947E-2 9.17341E-2 1.70434E-1 1.02268E-1 7.4151E-2 8.50482E-2 8.11103E-2 1.41696E-1 1.72895E-1 1.43644E-1 1.68053E-1 1.54569E-1 1.44684E-1 1.43712E-1 1.49468E-1 1.46707E-1 2.04315E-1 1.5365E-1 1.44728E-1 2.0285E-1 1.92546E-1 1.38975E-1 1.31646E-1 1.75934E-1 1.71264E-1 1.34986E-1 9.14972E-2 9.40797E-2 1.20744E-1 1.22512E-1 1.59659E-1 1.07299E-1 7.55607E-2 7.21012E-2 9.20309E-2 1.2971E-1 1.04845E-1 1.27766E-1 1.10437E-1 1.10003E-1 8.30891E-2 7.44257E-2 8.16321E-2 7.52058E-2 6.47654E-2 6.16348E-2 6.11178E-2 4.85661E-2 5.23876E-2 4.03142E-2
1.75003E-1 1.49308E-1 1.43112E-1 1.22995E-1 8.43886E-2 1.24222E-1 1.48201E-1 1.26121E-1 5.89732E-2 9.4502E-2 8.88294E-2 7.62127E-2 8.23165E-2 8.20411E-2 9.90266E-2 7.37077E-2 8.63471E-2 1.28777E-1 1.47393E-1 1.69196E-1 1.56978E-1 1.48573E-1 1.29611E-1 1.36079E-1 1.4583E-1 1.42E-1 1.51572E-1 1.57564E-1 1.57348E-1 1.34275E-1 1.56191E-1 1.759E-1 1.6348E-1 1.58956E-1 1.37716E-1 1.35937E-1 1.44313E-1 1.20761E-1 7.26499E-2 1.20819E-1 1.30203E-1 1.31162E-1 8.02503E-2 7.05625E-2 6.97938E-2 6.63077E-2 1.14037E-1 9.64012E-2 1.11076E-1 1.06778E-1 9.91341E-2 5.50829E-2 4.84776E-2 7.49496E-2 8.02382E-2 7.2232E-2 6.0094E-2 6.39817E-2 5.0943E-2 4.4126E-2 4.77472E-2
2.09633E-1 2.08118E-1 1.98071E-1 1.82115E-1 1.67132E-1 9.00941E-2 5.46304E-2 5.03562E-2 6.14732E-2 7.42359E-2 7.44327E-2 9.25132E-2 1.05507E-1 1.13119E-1 1.07716E-1 9.0731E-2 1.04822E-1 1.21837E-1 1.5461E-1 1.49018E-1 1.70295E-1 1.43736E-1 1.47807E-1 1.56352E-1 1.48E-1 2.43574E-1 1.6698E-1 1.57606E-1 1.75282E-1 2.27084E-1 1.77855E-1 1.62878E-1 1.68552E-1 1.48244E-1 1.38277E-1 1.36952E-1 1.89211E-1 1.64591E-1 1.20341E-1 1.31691E-1 1.41118E-1 9.73527E-2 7.62235E-2 8.05691E-2 7.73592E-2 7.55728E-2 7.90974E-2 1.34038E-1 1.08931E-1 1.00708E-1 8.65096E-2 7.18878E-2 6.91439E-2 9.6146E-2 8.55487E-2 8.12751E-2 7.48073E-2 6.25473E-2 5.27244E-2 4.99586E-2 6.14477E-2
2.19914E-1 2.06386E-1 2.93592E-1 2.49287E-1 2.22741E-1 1.69991E-1 1.14439E-1 5.19095E-2 3.87969E-2 5.31719E-2 7.97027E-2 9.1786E-2 9.82842E-2 1.22196E-1 1.33343E-1 1.09463E-1 1.56782E-1 1.56885E-1 1.63291E-1 1.69775E-1 2.01234E-1 1.65344E-1 1.43888E-1 1.81626E-1 2.39042E-1 2.03182E-1 2.33214E-1 1.72469E-1 1.60779E-1 2.07622E-1 1.17989E-1 1.55278E-1 1.47167E-1 1.44564E-1 1.40481E-1 1.37236E-1 1.84978E-1 1.64388E-1 1.37234E-1 1.30784E-1 8.82734E-2 8.05328E-2 8.54932E-2 9.05197E-2 8.99847E-2 8.41294E-2 9.40072E-2 8.35061E-2 6.82724E-2 6.14523E-2 5.81774E-2 5.26104E-2 7.4271E-2 7.06242E-2 7.58747E-2 7.87013E-2 8.41899E-2 6.91909E-2 5.8067E-2 5.79454E-2 5.30654E-2
3.0917E-1 2.17176E-1 3.08938E-1 2.78916E-1 2.37488E-1 2.55315E-1 1.76625E-1 1.52797E-1 8.3504E-2 7.86971E-2 1.3979E-1 1.0126E-1 1.35949E-1 1.59306E-1 1.51577E-1 1.55524E-1 1.50851E-1 1.65514E-1 1.83003E-1 1.8731E-1 1.77141E-1 1.65108E-1 1.5406E-1 1.43976E-1 1.56908E-1 1.57892E-1 1.59003E-1 2.14259E-1 1.50692E-1 1.16677E-1 1.85376E-1 1.68749E-1 1.4557E-1 1.49802E-1 1.45611E-1 1.41567E-1 1.57021E-1 1.32446E-1 1.37441E-1 8.43469E-2 9.18339E-2 9.06974E-2 9.75668E-2 9.50891E-2 9.53444E-2 9.06746E-2 8.58896E-2 7.6353E-2 6.53014E-2 6.27481E-2 5.8757E-2 5.61606E-2 5.37358E-2 9.3425E-2 7.04592E-2 7.0846E-2 7.91655E-2 7.45836E-2 7.5806E-2 7.02276E-2 5.5611E-2
3.17422E-1 3.33518E-1 2.81685E-1 3.13029E-1 2.56282E-1 2.4162E-1 2.1987E-1 1.73037E-1 1.74155E-1 1.73211E-1 1.66673E-1 1.58517E-1 1.88827E-1 1.84762E-1 1.83931E-1 1.83931E-1 1.89158E-1 1.6847E-1 1.77684E-1 1.75227E-1 1.6313E-1 1.59743E-1 1.51351E-1 1.71727E-1 1.60976E-1 1.49707E-1 1.74836E-1 1.73061E-1 1.6357E-1 1.44997E-1 1.61064E-1 1.45995E-1 1.49203E-1 1.47369E-1 1.41685E-1 1.27378E-1 1.03423E-1 8.10979E-2 8.24568E-2 8.85651E-2 9.56905E-2 9.68601E-2 9.62006E-2 1.10861E-1 1.39016E-1 9.12085E-2 9.14042E-2 7.8638E-2 7.92281E-2 6.56142E-2 6.9586E-2 6.35325E-2 9.64086E-2 1.4941E-1 1.1761E-1 1.07985E-1 9.24949E-2 8.85712E-2 6.79939E-2 6.07364E-2 6.61966E-2
