Final_Models_July82022/M_0.1_F_lqp_Set_1/Bison_stddev.asc
ncols         290
nrows         380
xllcorner     -2197417.7431653
yllcorner     -584827.01486885
cellsize      10000.0
NODATA_value  -9999
[rows 162 to 188 of 380, columns 0 to 60 of 290]
-9999 -9999 -9999 -9999 -9999 -9999 -9999 -9999 -9999 -9999 -9999 -9999 -9999 -9999 3.35617E-2 8.79677E-3 -9999 4.87215E-3 3.11447E-3 8.07033E-4 2.41335E-3 7.01785E-3 3.16657E-2 2.89609E-2 4.61174E-3 -9999 2.82235E-2 8.7089E-7 8.6027E-6 8.87095E-4 1.91968E-3 9.0848E-4 1.92639E-4 3.52414E-4 0E0 1.21217E-2 3.90738E-3 1.65498E-3 1.78034E-4 2.12381E-3 4.60872E-3 6.60217E-4 3.26522E-3 3.3055E-3 1.7027E-3 2.91124E-3 8.15489E-3 5.90868E-3 1.20409E-2 8.21633E-3 7.28608E-3 1.06261E-2 1.64873E-2 1.51947E-2 9.23535E-3 1.06315E-2 9.45771E-3 8.2948E-3 7.79943E-3 7.27127E-3 9.25169E-3
-9999 -9999 -9999 -9999 -9999 -9999 -9999 -9999 -9999 -9999 -9999 -9999 -9999 -9999 -9999 -9999 -9999 1.16543E-2 2.70341E-3 4.59922E-4 6.19646E-3 -9999 -9999 -9999 -9999 -9999 6.8907E-3 1.59423E-4 8.43914E-4 4.01935E-4 2.33532E-4 2.8658E-4 0E0 6.85839E-4 8.95415E-4 2.57791E-2 1.71742E-3 4.74923E-5 1.41637E-4 2.5925E-3 8.90838E-4 1.1966E-2 9.27423E-3 4.42918E-3 1.91631E-3 1.89015E-3 2.2841E-3 3.82687E-3 5.54203E-3 8.08E-3 7.03093E-3 7.37927E-3 8.76206E-3 1.56096E-2 9.38379E-3 4.98047E-3 8.30714E-3 9.98726E-3 1.23213E-2 9.04065E-3 5.6646E-3
-9999 -9999 -9999 -9999 -9999 -9999 -9999 -9999 -9999 -9999 -9999 -9999 -9999 -9999 -9999 9.35222E-3 -9999 2.15066E-2 6.18057E-3 6.01333E-4 8.88363E-5 7.48397E-6 -9999 -9999 -9999 6.49178E-4 1.33814E-3 1.96875E-4 5.90279E-4 2.28619E-3 1.11597E-2 1.01412E-3 6.10782E-5 3.01403E-3 0E0 7.15445E-4 5.12655E-4 3.07931E-4 3.6431E-3 1.4113E-2 3.16245E-3 2.42112E-3 1.18455E-2 4.6676E-4 2.74252E-4 5.79838E-3 1.0325E-3 4.65806E-3 5.6372E-3 6.66403E-3 2.5526E-3 8.7402E-3 1.24242E-2 1.23121E-2 4.28833E-3 1.13271E-2 8.72132E-3 8.85782E-3 1.04827E-2 9.82462E-3 9.29198E-3
-9999 -9999 -9999 -9999 -9999 -9999 -9999 -9999 -9999 -9999 -9999 -9999 -9999 -9999 -9999 5.95435E-3 -9999 4.66459E-3 -9999 7.2071E-4 1.23992E-3 -9999 -9999 -9999 2.30094E-3 1.31037E-3 -9999 1.24745E-3 3.04522E-7 1.56805E-4 -9999 3.36532E-3 5.17571E-5 3.54179E-3 0E0 4.51575E-3 8.92278E-5 1.18598E-2 2.23953E-2 2.19174E-2 2.74642E-3 4.3795E-3 1.18125E-2 8.80121E-4 4.03878E-3 1.0162E-3 6.17012E-3 4.22013E-3 8.23114E-3 5.8598E-3 1.15458E-2 7.21569E-3 8.37939E-3 8.798E-3 1.05601E-2 5.5091E-3 9.70782E-3 8.90268E-3 1.075E-2 9.61697E-3 8.45067E-3
-9999 -9999 -9999 -9999 -9999 -9999 -9999 -9999 -9999 -9999 -9999 -9999 -9999 -9999 -9999 4.36347E-3 -9999 2.61101E-2 -9999 8.12869E-4 1.44523E-4 1.21453E-2 2.42686E-2 -9999 6.55914E-3 2.4073E-2 -9999 -9999 6.24185E-4 -9999 1.2059E-4 4.97678E-5 2.23252E-4 2.74655E-3 8.53448E-3 -9999 1.67328E-4 2.98501E-3 1.69778E-2 1.90818E-3 3.95757E-4 3.65146E-4 1.09108E-2 5.15308E-3 4.40212E-3 5.20794E-4 1.70315E-3 4.06571E-3 3.90282E-3 5.99061E-3 4.04989E-3 5.20279E-3 4.11294E-3 7.86646E-3 6.02404E-3 1.49283E-2 9.96761E-3 1.11816E-2 2.36041E-2 1.16888E-2 1.2619E-2
-9999 -9999 -9999 -9999 -9999 -9999 -9999 -9999 -9999 -9999 -9999 -9999 -9999 -9999 -9999 4.80433E-3 2.97639E-2 -9999 -9999 4.3665E-3 2.90947E-3 2.13075E-2 -9999 3.67067E-2 -9999 2.14598E-2 2.05003E-2 2.60408E-3 1.07929E-2 -9999 1.231E-7 7.03867E-4 1.56128E-4 5.42249E-3 1.03983E-3 6.06983E-6 1.67252E-3 3.43597E-4 2.36191E-4 3.33423E-5 2.50223E-5 1.51166E-3 1.39697E-2 1.53466E-2 1.47326E-3 1.20383E-4 2.01272E-3 3.62E-3 4.55068E-3 1.53788E-2 2.96888E-3 3.26837E-3 6.29142E-3 7.25748E-3 6.20156E-3 4.91379E-3 1.12728E-2 7.15631E-3 9.58839E-3 1.18373E-2 1.43703E-2
-9999 -9999 -9999 -9999 -9999 -9999 -9999 -9999 -9999 -9999 -9999 -9999 -9999 -9999 -9999 1.53448E-2 -9999 -9999 -9999 6.23108E-3 1.79677E-2 2.56679E-2 -9999 -9999 4.07135E-2 2.811E-3 -9999 -9999 -9999 0E0 -9999 3.87137E-5 9.60561E-6 1.00338E-3 7.91008E-4 6.89086E-5 3.48585E-3 6.99294E-4 1.07627E-4 1.89347E-3 2.41106E-4 3.6666E-3 4.23486E-3 1.36307E-2 6.65993E-3 2.17931E-4 1.80832E-3 3.83069E-3 3.92751E-3 1.35072E-2 2.71967E-3 5.74183E-3 2.90699E-3 7.04673E-3 7.85542E-3 8.83474E-3 1.05472E-2 1.33752E-2 1.33189E-2 1.03743E-2 9.90648E-3
-9999 -9999 -9999 -9999 -9999 -9999 -9999 -9999 -9999 -9999 -9999 -9999 -9999 -9999 -9999 1.39683E-2 -9999 -9999 -9999 8.95628E-3 9.69366E-3 -9999 -9999 -9999 2.87052E-2 -9999 0E0 2.89837E-2 3.38719E-3 1.2989E-3 1.45016E-6 1.80507E-4 1.21853E-5 8.33426E-4 -9999 1.24159E-3 -9999 2.99955E-4 5.09426E-4 3.53713E-5 1.86763E-4 5.60351E-3 1.21896E-4 9.57134E-3 1.74105E-3 5.08709E-3 4.26689E-3 5.15769E-3 9.38211E-3 4.02841E-3 5.80225E-3 1.25159E-2 5.08512E-3 1.6987E-2 9.7296E-3 9.98208E-3 1.09321E-2 1.02408E-2 9.61512E-3 1.10147E-2 1.21104E-2
-9999 -9999 -9999 -9999 -9999 -9999 -9999 -9999 -9999 -9999 -9999 -9999 -9999 -9999 -9999 -9999 -9999 -9999 2.76701E-2 7.24536E-3 4.3925E-3 -9999 -9999 -9999 3.23197E-2 -9999 -9999 -9999 1.05687E-2 -9999 1.20124E-4 1.55924E-4 3.99648E-4 1.33584E-4 -9999 1.90735E-3 2.19453E-3 2.94413E-5 1.25349E-5 5.4491E-6 1.5008E-5 5.35162E-3 9.20342E-3 8.21625E-3 5.1859E-3 7.57103E-3 1.05756E-2 8.88728E-3 2.4526E-3 2.92029E-3 1.21402E-2 1.11434E-2 4.60206E-3 1.07954E-2 3.05782E-3 7.77987E-3 9.7203E-3 1.04526E-2 7.12348E-3 9.02592E-3 9.48644E-3
-9999 -9999 -9999 -9999 -9999 -9999 -9999 -9999 -9999 -9999 -9999 -9999 -9999 -9999 -9999 -9999 -9999 -9999 -9999 -9999 -9999 -9999 -9999 -9999 -9999 2.65091E-2 -9999 2.31124E-2 2.01718E-3 6.55149E-4 1.12886E-4 1.79112E-3 4.32812E-4 1.21331E-3 1.70083E-5 4.69438E-4 4.38501E-5 2.46382E-3 7.06911E-5 1.54425E-4 4.82676E-3 2.49548E-3 6.51291E-4 5.75106E-4 4.77147E-4 1.14215E-3 1.6669E-2 1.62608E-2 3.97668E-3 1.35692E-2 1.12147E-2 3.7402E-3 3.93897E-3 4.78637E-3 3.86597E-3 4.79716E-3 1.1968E-2 9.74449E-3 1.17875E-2 9.78825E-3 1.10151E-2
-9999 -9999 -9999 -9999 -9999 -9999 -9999 -9999 -9999 -9999 -9999 -9999 -9999 -9999 -9999 -9999 -9999 -9999 -9999 -9999 -9999 -9999 -9999 -9999 -9999 -9999 -9999 6.83342E-3 4.58519E-3 3.39447E-3 2.91362E-4 8.61781E-4 3.54747E-3 7.81698E-4 2.90432E-4 3.24319E-5 5.18895E-4 2.51152E-2 6.21121E-4 3.35831E-3 3.86618E-3 2.3592E-4 9.37459E-4 3.66791E-4 1.61018E-4 7.06973E-3 3.68434E-3 1.79621E-2 1.02041E-2 1.3907E-3 7.66919E-3 1.5739E-3 5.02468E-3 3.21484E-3 4.75696E-3 4.97075E-3 9.3356E-3 1.01566E-2 9.29013E-3 1.34671E-2 7.85144E-3
-9999 -9999 -9999 -9999 -9999 -9999 -9999 -9999 -9999 -9999 -9999 -9999 -9999 -9999 -9999 -9999 -9999 -9999 -9999 -9999 -9999 -9999 -9999 -9999 -9999 -9999 -9999 1.05373E-2 6.14366E-3 3.31614E-3 3.91741E-4 1.08363E-4 1.65901E-2 2.17189E-4 5.62482E-6 1.04352E-4 1.94147E-4 4.12425E-3 6.21246E-3 4.16782E-3 3.13222E-4 4.47899E-4 3.03395E-4 4.46485E-5 7.64174E-4 2.00239E-2 3.25861E-3 1.39601E-2 1.93771E-2 1.75886E-3 3.00947E-3 1.1216E-2 9.70131E-3 5.0349E-3 5.46068E-3 6.31735E-3 5.98714E-3 1.35801E-2 6.81526E-3 2.92977E-3 9.11946E-3
-9999 -9999 -9999 -9999 -9999 -9999 -9999 -9999 -9999 -9999 -9999 1.80461E-2 -9999 -9999 -9999 -9999 -9999 -9999 -9999 -9999 -9999 -9999 -9999 -9999 -9999 -9999 -9999 -9999 -9999 7.86546E-3 1.22599E-2 -9999 1.17195E-3 2.45166E-3 -9999 2.30617E-3 1.11262E-3 2.19171E-4 1.63679E-4 1.85297E-3 1.87229E-3 4.65941E-4 6.54122E-4 3.92197E-4 2.76762E-3 1.20747E-2 4.59275E-3 1.01541E-2 1.64203E-2 4.45649E-3 3.87333E-3 2.85196E-3 3.35137E-3 5.65326E-3 6.5035E-3 4.87936E-3 5.2227E-3 9.70754E-3 1.02694E-2 3.74361E-3 9.19452E-3
-9999 -9999 -9999 -9999 -9999 -9999 -9999 -9999 -9999 -9999 -9999 6.35294E-3 1.17145E-2 2.0665E-2 -9999 -9999 -9999 -9999 -9999 -9999 -9999 -9999 -9999 -9999 -9999 -9999 -9999 -9999 -9999 -9999 1.54678E-2 2.22024E-5 4.63286E-6 5.76566E-7 9.70432E-6 1.46484E-5 7.03985E-5 5.50244E-5 2.34474E-4 7.8719E-4 7.48937E-4 6.16574E-4 7.65152E-4 2.39253E-4 1.60286E-4 1.88662E-2 6.05772E-3 6.6493E-3 1.89165E-2 4.38093E-3 1.89643E-3 3.3986E-3 4.63534E-3 3.21083E-3 9.55976E-3 7.55019E-3 4.34836E-3 7.52432E-3 1.36255E-2 9.22807E-3 1.03618E-2
-9999 -9999 -9999 -9999 -9999 -9999 -9999 -9999 -9999 -9999 6.52718E-3 3.04321E-3 3.72462E-3 1.19161E-2 -9999 -9999 -9999 -9999 -9999 -9999 -9999 -9999 -9999 -9999 -9999 -9999 -9999 -9999 -9999 1.34411E-2 1.06534E-5 7.61144E-6 2.92782E-6 2.35794E-4 1.27043E-4 6.62135E-5 7.37803E-4 1.7801E-4 3.54365E-4 1.23757E-3 3.95813E-4 7.1607E-4 1.37053E-3 1.22465E-3 4.14881E-3 1.25086E-2 1.65371E-2 1.98323E-2 1.50515E-2 4.86154E-3 7.94668E-3 4.89987E-3 3.14783E-3 5.28183E-3 9.08884E-3 1.00265E-2 4.98141E-3 7.67122E-3 1.38317E-2 5.59432E-3 5.30091E-3
-9999 -9999 -9999 -9999 -9999 -9999 -9999 -9999 -9999 1.81541E-2 1.6196E-3 7.1706E-3 -9999 8.58703E-3 1.02099E-2 1.4862E-2 -9999 -9999 -9999 -9999 -9999 -9999 -9999 -9999 -9999 -9999 -9999 -9999 2.0356E-2 2.36598E-3 1.89303E-6 7.68631E-5 8.62408E-5 3.48361E-6 4.07121E-5 1.91197E-3 1.79914E-3 1.57632E-4 3.16178E-4 2.56901E-3 1.36819E-3 8.36268E-4 7.1809E-3 4.70381E-3 6.08964E-3 1.15541E-2 1.79106E-2 8.17638E-3 4.60719E-3 6.79312E-3 2.05539E-3 3.0228E-3 4.05836E-3 4.64801E-3 8.8673E-3 7.85519E-3 4.54733E-3 8.37102E-3 1.4601E-2 8.38194E-3 7.0763E-3
-9999 -9999 -9999 -9999 -9999 -9999 -9999 -9999 -9999 -9999 2.24751E-3 1.10569E-2 4.42386E-3 7.7043E-3 2.2319E-2 2.4256E-2 -9999 -9999 -9999 -9999 -9999 -9999 -9999 -9999 -9999 -9999 -9999 4.18824E-2 1.06042E-2 1.14167E-2 1.70097E-4 2.52071E-6 5.98242E-4 6.05149E-4 1.14683E-3 1.17309E-2 1.2952E-3 2.13675E-4 7.92135E-5 4.55843E-3 4.1528E-4 1.32575E-3 6.06503E-4 5.08013E-4 6.02676E-4 3.65667E-3 1.16488E-2 4.49267E-3 6.08315E-3 4.74576E-3 3.82648E-3 4.75197E-3 2.98383E-3 6.17137E-3 1.00293E-2 8.90828E-3 3.6842E-3 1.05898E-2 8.56277E-3 6.7428E-3 7.18357E-3
-9999 -9999 -9999 -9999 -9999 -9999 -9999 -9999 -9999 -9999 2.57844E-3 4.3262E-3 3.75194E-3 1.03719E-2 2.02938E-2 -9999 3.94657E-2 1.69763E-2 1.68074E-2 -9999 -9999 -9999 -9999 -9999 -9999 -9999 -9999 -9999 1.69153E-2 5.29193E-3 3.52491E-6 3.77463E-5 3.31125E-2 7.66402E-4 8.52115E-3 4.13372E-3 1.10438E-2 1.10235E-3 1.43794E-3 2.39012E-4 4.47786E-4 7.18521E-4 3.84294E-3 7.35145E-4 4.98696E-4 9.90308E-4 9.58267E-3 4.15609E-3 1.15252E-2 3.88809E-3 1.59981E-3 3.98075E-3 6.71695E-3 7.77601E-3 7.27003E-3 1.18782E-2 7.11478E-3 1.09692E-2 3.61026E-3 8.30335E-3 5.93038E-3
-9999 -9999 -9999 -9999 -9999 -9999 -9999 -9999 -9999 9.55205E-3 7.93174E-4 -9999 -9999 -9999 1.66967E-2 3.13463E-2 2.17198E-2 -9999 -9999 -9999 -9999 -9999 -9999 -9999 -9999 -9999 -9999 -9999 2.41516E-3 6.19886E-6 3.28133E-4 3.9871E-5 2.207E-3 1.98224E-4 1.33441E-2 2.67037E-3 1.04579E-3 3.25175E-5 1.70524E-4 8.91833E-4 9.11692E-4 3.46613E-3 1.40977E-3 1.81274E-3 2.85427E-3 2.09783E-3 4.1293E-3 8.96994E-3 1.52842E-2 4.43213E-3 2.38875E-3 3.03489E-3 8.97381E-3 1.20454E-2 5.7748E-3 1.23246E-2 1.04261E-2 1.06543E-2 5.61754E-3 8.90622E-3 1.01426E-2
-9999 -9999 -9999 -9999 -9999 -9999 -9999 -9999 -9999 1.45721E-3 2.82109E-3 4.35465E-3 -9999 -9999 2.10312E-2 1.68799E-2 -9999 -9999 -9999 -9999 -9999 -9999 -9999 -9999 -9999 -9999 -9999 -9999 4.17463E-3 1.58029E-3 1.42468E-4 1.37439E-4 1.75767E-4 2.1285E-4 9.72387E-4 5.37576E-4 9.86081E-5 4.37282E-5 3.22608E-3 3.64431E-3 4.4023E-3 8.14946E-4 3.00481E-3 5.79043E-3 3.20093E-4 2.58575E-3 3.73148E-3 5.87096E-4 1.2436E-2 6.68877E-3 4.05899E-3 3.25988E-3 1.04581E-2 6.45272E-3 1.16064E-2 1.26513E-2 9.23903E-3 6.49032E-3 1.10252E-2 9.03003E-3 5.98675E-3
-9999 -9999 -9999 -9999 -9999 -9999 -9999 -9999 -9999 -9999 3.31457E-3 1.83727E-3 3.13561E-3 9.38275E-3 1.51105E-2 1.40971E-2 -9999 -9999 -9999 -9999 -9999 -9999 -9999 -9999 -9999 6.06086E-2 5.78896E-3 -9999 -9999 1.09321E-2 6.15091E-5 6.26963E-5 1.17096E-3 1.90579E-3 1.30095E-3 7.9569E-4 9.07457E-5 1.24156E-3 3.88769E-3 7.2523E-3 1.18165E-3 4.5865E-4 1.50384E-3 9.46977E-3 6.093E-3 6.48189E-4 5.44173E-4 7.633E-3 1.10003E-2 1.48365E-2 4.69266E-3 6.39633E-3 1.14224E-2 7.85652E-3 7.37908E-3 1.56242E-2 9.76787E-3 7.14399E-3 3.45494E-3 1.3077E-2 8.4533E-3
-9999 -9999 -9999 -9999 -9999 -9999 -9999 -9999 -9999 -9999 -9999 8.83862E-4 4.74224E-3 9.57578E-3 1.04028E-2 -9999 -9999 -9999 -9999 -9999 -9999 -9999 -9999 -9999 -9999 -9999 8.43282E-3 4.03262E-2 2.80562E-6 4.51047E-4 4.49756E-8 1.97552E-5 1.6865E-5 7.41552E-6 2.983E-4 2.19184E-4 8.53313E-5 3.78869E-6 2.33763E-3 1.0043E-5 6.20468E-5 8.98296E-4 4.85952E-4 7.43695E-3 4.53335E-3 2.36556E-3 6.51615E-3 7.15176E-3 1.3476E-2 1.68882E-2 1.10525E-2 2.42433E-3 1.03736E-2 1.15147E-2 1.07392E-2 1.81362E-2 5.52269E-3 3.99657E-3 1.28659E-3 5.05581E-3 8.54467E-3
-9999 -9999 -9999 -9999 -9999 -9999 -9999 -9999 -9999 1.30926E-2 7.29266E-3 1.77308E-3 2.23014E-3 6.12625E-3 -9999 -9999 -9999 -9999 -9999 -9999 -9999 -9999 -9999 -9999 6.46975E-2 3.34949E-2 4.61971E-2 -9999 5.0499E-6 3.27256E-5 7.31795E-8 2.25029E-6 1.34975E-4 5.74828E-4 1.89962E-4 1.05264E-3 2.53878E-5 1.13318E-4 7.09623E-4 9.75103E-6 1.02894E-4 1.64393E-4 4.53542E-4 1.19076E-3 8.56059E-3 5.58769E-4 2.03617E-3 3.95079E-3 6.7696E-3 2.03765E-2 1.09728E-2 5.30006E-3 8.67221E-3 9.66343E-3 9.47837E-3 1.95483E-2 3.70106E-3 9.84033E-3 3.93631E-3 2.53184E-3 1.37274E-2
-9999 -9999 -9999 -9999 -9999 -9999 -9999 -9999 -9999 1.36087E-2 2.2292E-4 1.28238E-3 3.48324E-3 3.35618E-3 -9999 -9999 -9999 -9999 -9999 -9999 -9999 -9999 -9999 -9999 -9999 -9999 1.47915E-2 -9999 9.01543E-5 1.13274E-4 3.62545E-7 6.45719E-7 9.00791E-4 5.16307E-4 0E0 1.83435E-4 4.39726E-5 4.98395E-4 1.09763E-5 7.05343E-5 1.80765E-5 1.93057E-3 1.06485E-3 2.25372E-3 7.21724E-3 5.75109E-3 2.22343E-3 1.98276E-3 3.38021E-3 1.59138E-2 5.31365E-3 5.96672E-3 9.27907E-3 8.47409E-3 5.13203E-3 1.66339E-2 1.35957E-2 4.91903E-3 9.85559E-3 9.2915E-3 8.68906E-3
-9999 -9999 -9999 -9999 -9999 -9999 -9999 -9999 -9999 1.53447E-2 8.52223E-3 -9999 -9999 -9999 -9999 -9999 -9999 -9999 -9999 -9999 -9999 -9999 -9999 -9999 -9999 1.1434E-2 1.42156E-4 4.15529E-3 7.37742E-4 1.88116E-5 9.18919E-8 2.50422E-4 1.54E-2 1.56029E-3 1.45717E-3 1.85093E-4 5.09784E-4 1.25589E-4 1.12399E-5 5.81581E-5 2.62005E-4 3.11126E-4 3.1152E-4 3.90499E-3 3.15274E-3 4.74417E-3 5.37531E-3 4.05927E-3 2.92073E-3 2.13918E-2 6.67291E-3 9.59362E-3 1.26754E-2 5.98668E-3 5.44363E-3 9.29618E-3 1.28052E-2 1.62027E-2 1.2028E-2 1.69254E-2 1.65842E-2
-9999 -9999 -9999 -9999 -9999 -9999 -9999 -9999 -9999 -9999 2.62752E-3 3.6594E-3 5.13887E-4 2.88039E-3 -9999 -9999 -9999 -9999 -9999 -9999 -9999 -9999 -9999 7.65747E-2 3.3439E-2 1.63708E-2 2.0793E-2 3.41463E-5 4.80866E-3 1.69532E-5 6.71469E-7 1.05389E-6 -9999 3.40212E-4 1.86627E-5 2.74994E-4 2.2046E-3 2.63026E-6 1.27862E-5 2.94098E-5 1.48933E-4 5.23205E-4 8.28844E-4 6.85758E-3 8.22227E-3 1.14857E-2 5.16503E-3 4.4644E-3 1.03779E-2 2.11308E-2 2.4637E-2 1.64466E-2 1.63465E-2 1.12612E-2 5.60057E-3 8.89808E-3 1.62668E-2 1.384E-2 7.03743E-3 6.51664E-3 9.024E-3
-9999 -9999 -9999 -9999 -9999 -9999 -9999 -9999 -9999 -9999 -9999 1.13394E-3 6.89855E-3 5.37248E-3 -9999 -9999 -9999 -9999 -9999 -9999 -9999 -9999 -9999 -9999 2.68926E-2 -9999 -9999 8.73018E-6 2.74505E-3 2.83529E-6 2.56942E-4 1.44026E-5 7.70762E-6 1.07214E-3 7.2515E-3 -9999 2.35108E-5 1.78252E-5 3.45188E-5 7.1128E-5 8.5426E-4 1.71071E-4 8.31449E-4 3.25474E-4 4.15947E-3 7.72878E-3 1.47339E-2 1.00308E-2 1.7102E-2 6.28069E-3 7.87675E-3 6.62657E-3 1.56672E-2 1.69888E-2 1.04771E-2 9.12482E-3 1.71724E-2 7.38604E-3 1.03019E-2 9.56927E-3 1.18334E-2
