Candidate_Models_Sept202022/M_0.3_F_lqp_Set_1_cal/Bison.asc
ncols         97
nrows         127
xllcorner     -2197417.7431653
yllcorner     -584827.01486885
cellsize      30000.0
NODATA_value  -9999
[rows 0 to 26 of 127, columns 0 to 60 of 97]
-9999 -9999 -9999 -9999 -9999 -9999 -9999 -9999 -9999 -9999 -9999 -9999 -9999 -9999 -9999 -9999 -9999 -9999 -9999 -9999 -9999 -9999 -9999 -9999 -9999 -9999 -9999 -9999 -9999 -9999 -9999 -9999 -9999 -9999 -9999 -9999 -9999 -9999 -9999 -9999 -9999 -9999 -9999 -9999 -9999 -9999 -9999 -9999 -9999 -9999 -9999 -9999 -9999 -9999 -9999 -9999 -9999 -9999 -9999 -9999 -9999
-9999 -9999 -9999 -9999 -9999 -9999 -9999 -9999 -9999 -9999 -9999 -9999 -9999 -9999 -9999 -9999 -9999 -9999 -9999 -9999 -9999 -9999 -9999 -9999 -9999 -9999 -9999 -9999 -9999 -9999 -9999 -9999 -9999 -9999 -9999 -9999 -9999 -9999 -9999 -9999 -9999 -9999 -9999 -9999 -9999 -9999 -9999 -9999 -9999 -9999 -9999 -9999 -9999 -9999 -9999 -9999 -9999 -9999 -9999 -9999 -9999
-9999 -9999 -9999 -9999 -9999 -9999 -9999 -9999 -9999 -9999 -9999 -9999 -9999 -9999 -9999 -9999 -9999 -9999 -9999 -9999 -9999 -9999 -9999 -9999 -9999 -9999 -9999 -9999 -9999 -9999 -9999 -9999 -9999 -9999 -9999 -9999 -9999 -9999 -9999 -9999 -9999 -9999 -9999 -9999 -9999 -9999 -9999 -9999 -9999 -9999 -9999 -9999 -9999 -9999 -9999 -9999 -9999 -9999 -9999 -9999 -9999
-9999 -9999 -9999 -9999 -9999 -9999 -9999 -9999 -9999 -9999 -9999 -9999 -9999 -9999 -9999 -9999 -9999 -9999 -9999 2.9206E-2 3.84085E-2 2.19607E-2 2.85652E-2 -9999 -9999 -9999 -9999 -9999 -9999 -9999 -9999 -9999 -9999 -9999 -9999 -9999 -9999 -9999 -9999 -9999 -9999 -9999 -9999 -9999 -9999 -9999 -9999 -9999 -9999 -9999 -9999 -9999 -9999 -9999 -9999 -9999 -9999 -9999 -9999 -9999 -9999
-9999 -9999 -9999 -9999 -9999 -9999 -9999 -9999 -9999 -9999 -9999 -9999 -9999 -9999 -9999 -9999 -9999 -9999 2.9314E-2 2.57791E-2 2.81958E-2 3.01756E-2 3.11903E-2 2.18058E-2 1.35949E-2 -9999 -9999 -9999 -9999 -9999 -9999 -9999 -9999 -9999 -9999 -9999 -9999 -9999 -9999 -9999 -9999 -9999 -9999 -9999 -9999 -9999 -9999 -9999 -9999 -9999 -9999 -9999 -9999 -9999 -9999 -9999 -9999 -9999 -9999 -9999 -9999
-9999 -9999 -9999 -9999 -9999 -9999 -9999 -9999 -9999 -9999 -9999 -9999 -9999 -9999 -9999 -9999 -9999 -9999 1.95802E-2 1.78809E-2 1.97669E-2 2.41541E-2 2.26315E-2 1.33227E-2 1.1408E-2 -9999 -9999 -9999 -9999 -9999 -9999 -9999 -9999 -9999 -9999 -9999 -9999 -9999 -9999 -9999 -9999 -9999 -9999 -9999 -9999 -9999 -9999 -9999 -9999 -9999 -9999 -9999 -9999 -9999 -9999 -9999 -9999 -9999 -9999 -9999 -9999
-9999 -9999 -9999 -9999 -9999 -9999 -9999 -9999 -9999 -9999 -9999 -9999 -9999 -9999 -9999 -9999 -9999 1.5413E-2 1.81469E-2 6.93822E-3 7.87716E-3 1.18752E-2 1.70771E-2 1.31891E-2 1.00191E-2 9.59707E-3 -9999 1.26611E-2 1.19844E-2 1.37515E-2 -9999 -9999 -9999 -9999 -9999 -9999 -9999 -9999 1.07177E-2 -9999 -9999 -9999 -9999 -9999 -9999 -9999 -9999 -9999 -9999 -9999 -9999 -9999 -9999 -9999 -9999 -9999 -9999 -9999 -9999 -9999 -9999
-9999 -9999 -9999 -9999 -9999 -9999 -9999 -9999 -9999 -9999 -9999 -9999 -9999 -9999 -9999 -9999 3.15329E-2 2.31352E-2 6.99221E-3 4.65347E-3 4.61746E-3 5.64915E-3 9.49639E-3 1.24218E-2 1.12528E-2 9.82616E-3 1.17689E-2 1.13425E-2 1.0833E-2 1.14305E-2 1.21245E-2 1.23402E-2 1.12552E-2 1.07951E-2 1.11321E-2 1.18285E-2 1.23533E-2 -9999 9.71683E-3 9.05695E-3 -9999 -9999 -9999 -9999 -9999 -9999 -9999 -9999 -9999 -9999 -9999 -9999 -9999 -9999 -9999 -9999 -9999 -9999 -9999 -9999 -9999
-9999 -9999 -9999 -9999 -9999 -9999 -9999 -9999 -9999 -9999 -9999 -9999 -9999 -9999 -9999 3.0217E-2 3.07705E-2 1.61457E-2 5.39277E-3 3.80274E-3 3.14554E-3 3.82781E-3 7.12901E-3 1.29766E-2 1.35437E-2 1.05135E-2 1.76439E-2 1.8478E-2 1.06102E-2 9.38857E-3 1.02461E-2 1.06064E-2 1.06543E-2 1.04696E-2 1.13216E-2 1.50158E-2 1.33965E-2 1.3589E-2 1.01039E-2 9.9503E-3 -9999 -9999 -9999 -9999 -9999 -9999 -9999 -9999 -9999 -9999 -9999 -9999 -9999 -9999 -9999 -9999 -9999 -9999 -9999 -9999 -9999
-9999 -9999 -9999 -9999 -9999 -9999 -9999 -9999 -9999 -9999 -9999 -9999 -9999 -9999 -9999 3.75773E-2 2.83999E-2 1.44368E-2 4.61839E-3 4.96694E-3 6.08122E-3 7.35536E-3 8.87627E-3 1.25215E-2 1.46084E-2 1.05811E-2 1.63227E-2 1.59998E-2 9.39205E-3 9.45013E-3 1.32754E-2 1.23325E-2 1.19262E-2 1.44752E-2 1.35751E-2 1.77697E-2 1.96136E-2 1.69697E-2 1.29021E-2 -9999 -9999 -9999 9.13534E-3 -9999 -9999 -9999 -9999 -9999 -9999 -9999 -9999 -9999 -9999 -9999 -9999 -9999 -9999 -9999 -9999 -9999 -9999
-9999 -9999 -9999 -9999 -9999 -9999 -9999 -9999 -9999 -9999 -9999 -9999 -9999 -9999 2.05167E-2 2.88064E-2 2.55704E-2 1.44743E-2 1.19688E-2 7.38997E-3 8.16537E-3 8.84578E-3 1.36073E-2 1.55193E-2 1.4081E-2 1.63594E-2 1.84246E-2 1.42636E-2 1.44491E-2 1.02241E-2 1.66988E-2 1.30508E-2 1.11727E-2 1.68437E-2 2.3704E-2 2.33777E-2 2.33888E-2 1.71688E-2 1.2398E-2 -9999 -9999 9.42424E-3 -9999 -9999 -9999 -9999 -9999 -9999 -9999 -9999 -9999 -9999 -9999 -9999 -9999 -9999 -9999 -9999 -9999 -9999 -9999
-9999 -9999 -9999 -9999 -9999 -9999 -9999 -9999 -9999 -9999 -9999 -9999 -9999 1.53316E-2 3.29049E-2 3.33934E-2 2.75103E-2 1.38905E-2 1.31506E-2 1.37467E-2 1.07425E-2 1.4213E-2 1.70537E-2 1.93834E-2 1.50612E-2 1.69144E-2 1.77108E-2 1.60389E-2 9.01942E-3 8.70134E-3 9.77542E-3 1.31066E-2 1.34428E-2 1.98656E-2 2.37976E-2 2.42333E-2 2.57644E-2 1.6962E-2 1.27267E-2 9.75745E-3 8.36485E-3 8.94511E-3 -9999 1.15508E-2 1.15821E-2 -9999 -9999 -9999 -9999 -9999 -9999 -9999 -9999 -9999 -9999 -9999 -9999 -9999 -9999 -9999 -9999
-9999 -9999 -9999 -9999 -9999 -9999 -9999 -9999 -9999 -9999 -9999 -9999 -9999 3.26653E-2 3.13097E-2 2.31028E-2 1.8553E-2 1.26534E-2 2.43407E-2 5.53964E-3 8.97582E-3 8.34996E-3 1.35612E-2 1.19769E-2 1.01588E-2 1.45316E-2 1.54512E-2 9.88559E-3 9.7603E-3 9.07762E-3 1.26526E-2 1.37696E-2 1.77138E-2 1.74757E-2 2.04113E-2 2.3522E-2 1.51385E-2 1.45877E-2 1.0425E-2 7.93231E-3 7.87361E-3 1.12929E-2 1.18188E-2 1.27508E-2 1.3311E-2 1.43069E-2 -9999 -9999 -9999 -9999 -9999 -9999 -9999 -9999 -9999 -9999 -9999 -9999 -9999 -9999 -9999
-9999 -9999 -9999 -9999 -9999 -9999 -9999 -9999 -9999 -9999 -9999 -9999 4.52414E-2 4.81339E-2 3.02798E-2 2.20042E-2 1.73072E-2 1.41585E-2 1.5408E-2 1.17954E-2 1.06236E-2 1.04023E-2 1.14941E-2 1.22501E-2 1.09805E-2 7.61114E-3 1.2089E-2 6.41838E-3 1.77777E-2 2.07492E-2 1.64266E-2 1.14644E-2 1.04024E-2 1.30617E-2 1.34996E-2 1.56064E-2 1.06477E-2 1.184E-2 1.10361E-2 7.96338E-3 7.50472E-3 8.34304E-3 1.1683E-2 1.36814E-2 1.47797E-2 1.44829E-2 1.40017E-2 -9999 -9999 -9999 5.90993E-3 4.81126E-3 -9999 -9999 -9999 -9999 -9999 -9999 -9999 -9999 -9999
-9999 -9999 -9999 -9999 -9999 -9999 -9999 -9999 -9999 -9999 -9999 2.67411E-2 2.2549E-2 4.16402E-2 2.15568E-2 1.82439E-2 9.51929E-3 1.14545E-2 1.29633E-2 1.31201E-2 1.07719E-2 1.86128E-2 1.6767E-2 1.53966E-2 5.9856E-3 5.25261E-3 1.57231E-2 1.58614E-2 1.20365E-2 1.09491E-2 1.11501E-2 1.19698E-2 8.58387E-3 8.53332E-3 1.61277E-2 1.93189E-2 1.75334E-2 1.48001E-2 1.27269E-2 8.93199E-3 8.41696E-3 8.82407E-3 1.03626E-2 1.21644E-2 1.26694E-2 1.32776E-2 1.24718E-2 1.07969E-2 -9999 -9999 -9999 5.70662E-3 4.99245E-3 -9999 -9999 -9999 -9999 -9999 -9999 -9999 -9999
-9999 -9999 -9999 -9999 -9999 -9999 -9999 -9999 -9999 -9999 -9999 2.64929E-2 1.86077E-2 1.59533E-2 1.05673E-2 6.24286E-3 5.39354E-3 9.21633E-3 6.39675E-3 1.15903E-2 1.43509E-2 1.56427E-2 1.59532E-2 1.75621E-2 4.58752E-3 6.00278E-3 1.33204E-2 2.38685E-2 2.84879E-2 2.16578E-2 1.08599E-2 9.45115E-3 7.58121E-3 8.01312E-3 1.59779E-2 1.76925E-2 1.48389E-2 1.3382E-2 1.11781E-2 9.04002E-3 9.60641E-3 1.01757E-2 1.04696E-2 1.30894E-2 1.01364E-2 1.11095E-2 1.01404E-2 9.45236E-3 9.65262E-3 -9999 -9999 6.38821E-3 5.86127E-3 5.51149E-3 5.65646E-3 -9999 -9999 -9999 -9999 -9999 -9999
-9999 -9999 -9999 -9999 -9999 -9999 -9999 -9999 -9999 -9999 3.20344E-2 3.429E-2 3.42249E-2 1.06867E-2 4.86415E-3 4.55675E-3 5.59588E-3 5.26812E-3 6.69467E-3 1.1476E-2 2.83982E-2 1.65247E-2 9.73381E-3 1.9347E-2 6.53958E-3 7.84267E-3 7.41876E-3 9.19934E-3 2.25382E-2 1.0694E-2 1.26009E-2 8.7207E-3 1.54367E-2 1.17501E-2 2.07091E-2 2.32595E-2 2.16242E-2 1.88799E-2 1.92464E-2 1.1581E-2 1.0283E-2 1.05606E-2 1.08542E-2 1.14052E-2 9.82698E-3 9.13226E-3 8.70026E-3 9.47208E-3 9.57325E-3 8.6393E-3 7.86887E-3 9.59661E-3 -9999 -9999 6.03434E-3 5.84866E-3 -9999 -9999 -9999 -9999 -9999
-9999 -9999 -9999 -9999 -9999 -9999 -9999 -9999 -9999 5.93025E-2 3.35544E-2 3.17659E-2 2.00046E-2 1.04381E-2 5.7143E-3 6.2531E-3 5.50189E-3 6.72178E-3 6.36017E-3 1.07237E-2 1.95494E-2 2.08027E-2 1.57947E-2 1.25169E-2 5.59624E-3 7.1756E-3 8.84707E-3 7.41583E-3 1.012E-2 1.27971E-2 2.28872E-2 1.33502E-2 1.25988E-2 2.08445E-2 2.15271E-2 2.08285E-2 2.1654E-2 3.14572E-2 3.21163E-2 2.51392E-2 1.0915E-2 1.0745E-2 1.05408E-2 1.08576E-2 1.01315E-2 8.5514E-3 8.76997E-3 9.51418E-3 9.11186E-3 7.96777E-3 8.07853E-3 8.58074E-3 8.15323E-3 -9999 5.8096E-3 5.9148E-3 5.50593E-3 4.83052E-3 -9999 -9999 -9999
-9999 -9999 -9999 -9999 -9999 -9999 -9999 -9999 3.3512E-2 3.90408E-2 5.09237E-2 2.8911E-2 1.90386E-2 1.93682E-2 1.83618E-2 1.48388E-2 1.1391E-2 1.18797E-2 8.95225E-3 1.00265E-2 1.39082E-2 1.63162E-2 2.36229E-2 1.69952E-2 7.8842E-3 7.92123E-3 6.99495E-3 6.63113E-3 7.1925E-3 6.58941E-3 1.67136E-2 1.79151E-2 2.00888E-2 2.72121E-2 2.59557E-2 2.01106E-2 2.31321E-2 3.44265E-2 3.66E-2 4.96074E-2 1.87369E-2 1.26129E-2 1.06298E-2 1.0771E-2 9.52515E-3 8.52359E-3 9.55841E-3 1.01175E-2 9.09096E-3 8.13388E-3 8.14503E-3 8.42952E-3 8.72534E-3 8.98397E-3 6.40383E-3 6.07736E-3 5.10417E-3 4.6974E-3 4.39542E-3 3.97339E-3 3.90674E-3
-9999 -9999 -9999 -9999 -9999 -9999 -9999 -9999 1.66581E-2 1.31529E-2 2.71018E-2 3.28615E-2 2.10247E-2 2.48194E-2 2.91663E-2 3.90762E-2 1.89593E-2 1.79204E-2 1.66147E-2 1.24137E-2 1.21436E-2 1.28587E-2 1.28853E-2 1.89944E-2 1.12307E-2 1.47531E-2 9.09297E-3 7.29981E-3 1.25778E-2 1.3081E-2 2.04508E-2 2.33149E-2 2.57722E-2 3.33027E-2 2.79368E-2 2.57923E-2 2.95149E-2 3.32078E-2 3.50732E-2 4.01551E-2 2.52005E-2 1.25686E-2 1.15257E-2 1.10179E-2 1.05405E-2 1.05223E-2 1.09281E-2 1.13341E-2 1.07636E-2 8.80466E-3 8.34373E-3 9.19636E-3 9.71456E-3 9.34114E-3 -9999 6.78547E-3 5.87174E-3 5.8785E-3 4.42357E-3 4.21427E-3 3.80955E-3
-9999 -9999 -9999 -9999 -9999 -9999 -9999 3.30892E-2 3.33066E-2 3.01133E-2 4.03714E-2 3.20378E-2 3.76191E-2 2.82733E-2 3.23276E-2 3.72931E-2 2.66052E-2 3.22068E-2 2.65697E-2 2.05498E-2 1.83881E-2 2.08189E-2 1.55013E-2 1.66442E-2 9.54235E-3 1.85116E-2 2.22093E-2 1.32778E-2 2.0273E-2 2.28527E-2 2.4694E-2 2.89968E-2 3.13859E-2 4.09796E-2 4.41927E-2 5.19016E-2 2.19397E-2 3.44016E-2 2.66435E-2 4.45018E-2 2.02984E-2 1.38596E-2 1.28101E-2 1.21025E-2 1.24817E-2 1.19671E-2 1.1511E-2 1.13413E-2 1.11157E-2 1.09697E-2 1.00426E-2 1.00613E-2 -9999 -9999 -9999 -9999 -9999 -9999 -9999 -9999 -9999
-9999 -9999 -9999 -9999 -9999 -9999 4.09206E-2 5.57747E-2 4.41311E-2 3.83099E-2 5.3542E-2 4.82676E-2 3.89208E-2 4.23844E-2 4.19759E-2 2.65299E-2 3.06883E-2 4.16066E-2 3.90697E-2 3.42254E-2 2.96231E-2 1.96937E-2 1.45149E-2 2.79871E-2 1.53554E-2 1.37315E-2 2.38789E-2 2.74143E-2 1.69827E-2 1.32735E-2 1.98669E-2 2.18238E-2 3.30637E-2 6.08521E-2 5.28775E-2 2.56694E-2 4.75378E-2 3.07276E-2 5.1103E-2 4.93574E-2 1.69432E-2 2.4564E-2 1.71514E-2 1.55121E-2 1.42743E-2 1.3127E-2 1.2694E-2 1.22204E-2 1.17785E-2 1.08033E-2 1.12938E-2 1.14105E-2 9.83665E-3 9.89941E-3 -9999 -9999 -9999 -9999 -9999 -9999 -9999
-9999 -9999 -9999 -9999 -9999 -9999 4.14491E-2 4.20951E-2 3.35182E-2 3.92501E-2 3.81867E-2 3.68372E-2 4.49717E-2 2.51983E-2 2.71657E-2 3.44427E-2 3.70957E-2 4.60065E-2 3.96041E-2 3.87687E-2 2.53245E-2 3.10356E-2 2.10428E-2 2.00252E-2 2.36765E-2 2.5522E-2 1.78856E-2 1.89505E-2 2.44447E-2 1.18483E-2 3.0004E-2 2.96986E-2 4.10692E-2 2.46714E-2 2.59295E-2 3.62147E-2 4.54324E-2 4.90316E-2 3.1889E-2 3.41218E-2 2.35704E-2 2.78054E-2 1.83705E-2 1.90607E-2 2.06647E-2 1.88828E-2 1.82304E-2 1.44816E-2 1.34851E-2 1.11395E-2 1.03814E-2 8.13843E-3 7.45005E-3 7.49333E-3 7.47231E-3 7.80415E-3 6.77269E-3 5.78615E-3 5.98874E-3 6.27112E-3 4.64032E-3
-9999 -9999 -9999 -9999 -9999 3.63436E-2 3.51818E-2 3.41087E-2 2.6328E-2 6.38506E-2 6.89931E-2 5.49934E-2 3.71738E-2 3.38694E-2 2.99329E-2 3.20614E-2 4.01994E-2 4.75055E-2 3.59499E-2 3.8703E-2 4.40997E-2 4.04504E-2 3.09331E-2 2.87597E-2 3.16906E-2 2.66274E-2 1.88855E-2 1.36841E-2 2.46424E-2 1.96203E-2 1.07267E-2 3.354E-2 4.72491E-2 5.15139E-2 3.51934E-2 3.29141E-2 4.70218E-2 -9999 -9999 3.29265E-2 -9999 -9999 -9999 3.77368E-2 2.65082E-2 1.83616E-2 1.5488E-2 1.30445E-2 1.11252E-2 1.15767E-2 1.05969E-2 7.33979E-3 6.74062E-3 6.48083E-3 6.85737E-3 7.26049E-3 4.95947E-3 4.92036E-3 4.49619E-3 4.798E-3 4.97612E-3
-9999 -9999 -9999 -9999 2.52611E-2 2.39948E-2 2.36479E-2 2.7455E-2 3.51713E-2 5.15356E-2 7.68519E-2 5.44981E-2 3.88972E-2 2.5601E-2 3.53817E-2 4.63121E-2 4.19426E-2 4.35934E-2 4.18887E-2 4.83704E-2 6.2505E-2 3.96368E-2 3.15952E-2 3.64473E-2 3.06925E-2 3.31528E-2 2.00619E-2 1.89628E-2 1.63595E-2 1.3267E-2 2.65822E-2 3.57403E-2 5.39193E-2 5.52163E-2 1.81228E-2 4.37536E-2 4.58612E-2 5.52874E-2 9.25056E-2 5.01811E-2 9.2256E-2 -9999 2.96974E-2 4.0928E-2 2.26888E-2 1.63303E-2 1.75287E-2 2.02613E-2 1.45298E-2 1.6223E-2 1.22212E-2 7.15925E-3 7.36986E-3 6.7856E-3 5.95732E-3 4.68312E-3 3.93392E-3 4.20185E-3 3.57174E-3 3.86505E-3 4.90528E-3
-9999 -9999 -9999 4.06792E-2 5.41961E-2 5.03115E-2 3.80867E-2 3.45746E-2 4.06505E-2 9.51972E-2 6.46697E-2 7.2144E-2 6.00019E-2 2.9596E-2 4.37827E-2 3.47801E-2 4.04891E-2 3.9834E-2 5.63825E-2 5.4957E-2 3.56445E-2 1.85416E-2 3.17115E-2 3.10795E-2 2.12776E-2 2.04275E-2 2.08081E-2 2.19547E-2 2.12768E-2 1.27799E-2 2.16609E-2 4.68769E-2 4.5645E-2 3.6374E-2 2.91423E-2 5.30248E-2 5.88978E-2 4.7949E-2 4.97736E-2 3.58533E-2 7.0638E-2 4.50036E-2 -9999 -9999 1.76496E-2 2.04875E-2 4.97482E-2 4.27037E-2 2.08289E-2 1.34793E-2 1.83229E-2 1.0252E-2 7.49064E-3 7.31778E-3 6.00909E-3 4.37674E-3 4.14363E-3 3.95242E-3 3.85529E-3 3.66665E-3 4.96858E-3
-9999 -9999 -9999 8.92719E-3 4.27931E-2 5.76003E-2 5.43392E-2 6.18096E-2 1.04295E-1 6.66122E-2 4.62597E-2 6.08399E-2 4.37036E-2 4.20318E-2 4.89043E-2 3.3599E-2 3.57772E-2 4.19489E-2 4.25022E-2 2.66318E-2 1.89682E-2 1.42898E-2 1.19329E-2 1.68514E-2 1.54236E-2 2.35541E-2 2.7473E-2 2.99377E-2 1.88354E-2 1.58568E-2 1.98541E-2 3.15096E-2 2.83137E-2 3.08255E-2 2.6995E-2 4.33495E-2 5.80833E-2 7.27048E-2 3.49244E-2 1.99329E-2 -9999 -9999 -9999 -9999 -9999 8.38879E-2 7.69284E-2 3.81815E-2 1.81779E-2 1.44263E-2 1.3749E-2 2.32676E-2 7.83613E-3 7.73394E-3 5.17985E-3 3.89926E-3 4.24896E-3 4.41702E-3 5.05933E-3 6.01486E-3 8.47585E-3
