Candidate_Models_Sept202022/M_0.3_F_lqp_Set_1_cal/Bison.asc
ncols         97
nrows         127
xllcorner     -2197417.7431653
yllcorner     -584827.01486885
cellsize      30000.0
NODATA_value  -9999
[rows 27 to 53 of 127, columns 0 to 60 of 97]
-9999 -9999 1.4782E-2 6.71835E-3 3.19054E-2 6.01139E-2 8.18866E-2 1.04735E-1 1.86915E-1 1.00412E-1 6.94564E-2 1.2318E-1 3.89943E-2 6.67967E-2 5.03489E-2 7.55285E-2 5.87948E-2 4.26727E-2 1.98537E-2 1.96007E-2 2.0478E-2 1.67358E-2 1.20708E-2 1.08138E-2 1.26677E-2 2.49266E-2 2.98178E-2 2.31321E-2 2.31687E-2 2.26044E-2 1.95217E-2 2.7578E-2 1.73951E-2 2.64334E-2 4.34844E-2 4.32578E-2 4.18867E-2 4.41426E-2 1.64888E-2 6.14541E-2 1.41811E-1 8.93715E-2 9.07632E-2 1.72001E-1 7.65183E-2 6.22676E-2 5.24326E-2 3.3392E-2 2.22373E-2 1.76492E-2 1.5374E-2 1.82328E-2 1.06946E-2 9.48809E-3 5.27911E-3 3.79259E-3 3.75048E-3 3.3976E-3 4.26266E-3 5.30237E-3 8.30395E-3
-9999 1.13256E-3 1.44203E-2 7.07026E-3 5.99817E-3 2.94411E-2 8.51371E-2 8.84858E-2 8.53906E-2 1.22131E-1 7.67735E-2 7.91635E-2 1.15252E-1 9.55174E-2 5.64149E-2 7.2959E-2 8.7377E-2 4.93033E-2 3.90903E-2 2.7763E-2 2.57001E-2 2.07181E-2 1.31474E-2 1.46664E-2 1.52268E-2 2.81746E-2 2.94885E-2 3.00865E-2 3.14233E-2 2.77235E-2 2.23237E-2 1.96169E-2 1.76435E-2 2.27023E-2 2.30652E-2 2.94409E-2 3.30841E-2 8.432E-2 8.90185E-2 7.23978E-2 8.57649E-2 4.85189E-2 9.15985E-2 8.40811E-2 8.39977E-2 4.18176E-2 4.34233E-2 2.31751E-2 1.94207E-2 1.33424E-2 1.54677E-2 2.22745E-2 9.07423E-3 7.13494E-3 5.42064E-3 4.31674E-3 3.79953E-3 3.57081E-3 3.8E-3 4.42096E-3 4.22241E-3
-9999 1.02566E-4 4.52937E-4 5.82023E-3 1.10671E-2 2.89424E-2 4.89002E-2 8.95059E-2 1.24304E-1 1.1202E-1 6.0058E-2 8.33479E-2 1.14919E-1 9.31666E-2 8.29372E-2 4.52521E-2 7.36635E-2 6.69867E-2 5.41514E-2 3.35403E-2 2.68337E-2 1.67941E-2 2.04446E-2 1.84185E-2 3.15168E-2 2.60341E-2 3.14408E-2 3.19715E-2 2.41107E-2 2.50169E-2 2.25973E-2 2.42529E-2 3.3379E-2 2.24842E-2 2.43588E-2 2.51403E-2 2.35917E-2 4.23709E-2 3.90368E-2 7.22742E-2 7.56031E-2 7.77006E-2 7.50264E-2 6.90477E-2 3.61092E-2 4.59589E-2 2.86527E-2 2.08364E-2 1.33918E-2 1.40089E-2 1.41295E-2 1.25537E-2 8.54748E-3 6.32979E-3 5.01689E-3 4.34413E-3 3.83748E-3 3.3851E-3 3.22219E-3 4.23294E-3 4.01889E-3
5.87682E-3 8.74256E-5 2.67176E-6 8.60529E-5 6.7067E-4 1.30935E-2 5.03533E-2 1.18078E-1 8.51212E-2 9.12502E-2 7.04387E-2 8.37726E-2 1.27664E-1 1.47103E-1 7.89214E-2 6.38642E-2 1.06672E-1 7.01838E-2 5.93926E-2 4.25855E-2 2.38617E-2 1.96115E-2 3.05691E-2 3.31686E-2 2.4834E-2 2.89436E-2 2.71824E-2 3.52626E-2 2.51911E-2 2.13313E-2 1.73849E-2 1.90461E-2 3.21112E-2 1.69198E-2 3.11724E-2 3.29439E-2 2.39892E-2 3.36354E-2 5.77486E-2 7.50055E-2 7.8915E-2 6.69977E-2 4.92781E-2 6.93632E-2 4.26755E-2 3.77191E-2 3.17994E-2 2.09202E-2 1.26408E-2 8.33033E-3 7.36626E-3 8.48896E-3 8.3621E-3 7.08705E-3 5.83193E-3 4.73849E-3 3.61595E-3 3.45169E-3 3.36197E-3 4.09771E-3 3.93211E-3
1.22303E-2 6.70102E-3 1.50553E-5 2.27112E-6 1.45792E-4 2.45168E-2 5.72128E-2 1.47985E-1 1.01145E-1 9.79576E-2 9.8881E-2 1.11805E-1 1.08336E-1 1.71187E-1 1.03791E-1 1.01598E-1 6.11525E-2 1.04505E-1 4.8367E-2 2.62135E-2 1.83593E-2 2.12725E-2 2.9408E-2 2.8354E-2 2.74363E-2 2.39628E-2 2.72278E-2 3.09238E-2 2.78927E-2 2.34929E-2 2.47886E-2 2.7121E-2 2.53648E-2 1.12209E-2 4.18226E-2 3.96478E-2 4.73965E-2 4.80073E-2 5.1475E-2 4.52716E-2 6.1508E-2 5.97893E-2 5.57379E-2 4.42845E-2 3.79571E-2 3.03398E-2 2.90788E-2 2.44841E-2 1.65261E-2 8.69757E-3 7.83576E-3 8.58742E-3 7.23477E-3 7.07516E-3 6.24329E-3 4.9564E-3 3.98501E-3 3.92261E-3 3.65841E-3 3.99507E-3 4.07108E-3
1.14038E-2 4.71858E-2 4.67682E-3 5.26697E-5 6.83802E-5 1.97048E-2 8.33137E-2 1.21475E-1 1.19928E-1 1.10803E-1 1.13302E-1 1.07603E-1 1.03166E-1 1.19963E-1 1.04509E-1 7.50504E-2 6.12238E-2 7.06348E-2 6.42159E-2 4.02821E-2 2.55413E-2 2.49424E-2 2.81277E-2 2.84733E-2 4.19545E-2 3.11445E-2 2.97842E-2 5.98378E-2 3.4614E-2 2.91724E-2 2.047E-2 2.0294E-2 1.65818E-2 1.53125E-2 3.80969E-2 4.64429E-2 4.02597E-2 3.48853E-2 3.55242E-2 3.25216E-2 3.51093E-2 5.26391E-2 5.57767E-2 5.08827E-2 4.6398E-2 2.70079E-2 2.49687E-2 2.53693E-2 2.06645E-2 1.01169E-2 9.2294E-3 8.6979E-3 6.90708E-3 7.34182E-3 6.45918E-3 4.85727E-3 4.41664E-3 4.15381E-3 4.53665E-3 4.09037E-3 4.33652E-3
-9999 1.02325E-2 3.54157E-2 1.06937E-2 1.81472E-4 2.1863E-2 4.6327E-2 1.1444E-1 9.73769E-2 8.40033E-2 1.1868E-1 1.31106E-1 1.13921E-1 1.05168E-1 4.8276E-2 5.29761E-2 3.01297E-2 2.69937E-2 6.86123E-2 5.58319E-2 3.47238E-2 4.60907E-2 3.59778E-2 3.12711E-2 3.86943E-2 4.98504E-2 4.44493E-2 5.24521E-2 4.89654E-2 3.2443E-2 2.89319E-2 2.83215E-2 2.02527E-2 2.70735E-2 4.67362E-2 3.60772E-2 4.29871E-2 4.90664E-2 3.92914E-2 4.47074E-2 4.76072E-2 4.28789E-2 5.24145E-2 4.87111E-2 4.12983E-2 3.17871E-2 2.89765E-2 4.38824E-2 3.30206E-2 1.89424E-2 1.38656E-2 1.19401E-2 9.30517E-3 8.70247E-3 6.61635E-3 5.67982E-3 6.3325E-3 4.60521E-3 4.56086E-3 4.10808E-3 4.72779E-3
-9999 -9999 6.61726E-3 9.13314E-3 1.52368E-3 3.30243E-2 1.70698E-2 5.13256E-2 6.88886E-2 9.59187E-2 7.94278E-2 2.17429E-1 8.20577E-2 8.10025E-2 4.76073E-2 4.63483E-2 3.56596E-2 2.60078E-2 2.97591E-2 5.44639E-2 4.93528E-2 3.31092E-2 3.65803E-2 3.09271E-2 5.7067E-2 4.58321E-2 6.03191E-2 7.62939E-2 4.47099E-2 3.88104E-2 2.87837E-2 2.73425E-2 3.17026E-2 4.24596E-2 4.5756E-2 3.31248E-2 3.15638E-2 3.76925E-2 2.46855E-2 2.9164E-2 6.61793E-2 5.93286E-2 6.93149E-2 4.65502E-2 6.19077E-2 4.51133E-2 4.38846E-2 4.03643E-2 4.75097E-2 4.36076E-2 2.27591E-2 1.46686E-2 1.00529E-2 8.73478E-3 7.01194E-3 5.70546E-3 7.07729E-3 4.98598E-3 5.05841E-3 5.10487E-3 4.87832E-3
-9999 -9999 7.70315E-3 1.30705E-2 6.08083E-3 1.44887E-2 8.87829E-3 2.45167E-2 3.27157E-2 1.05217E-1 9.09856E-2 1.44183E-1 8.7991E-2 8.29019E-2 4.57555E-2 7.07023E-2 5.18692E-2 4.83587E-2 3.10185E-2 3.96069E-2 4.22806E-2 5.62563E-2 4.07622E-2 3.10926E-2 5.24652E-2 4.48812E-2 5.73123E-2 5.89196E-2 6.27544E-2 3.28851E-2 3.14753E-2 2.87987E-2 2.91487E-2 3.97688E-2 3.76881E-2 3.89386E-2 1.6529E-2 2.67795E-2 2.48659E-2 2.65601E-2 3.4402E-2 7.03771E-2 3.91339E-2 6.21608E-2 6.35258E-2 5.8008E-2 4.82416E-2 4.82707E-2 3.92459E-2 6.08711E-2 3.00513E-2 2.91036E-2 1.41966E-2 9.44743E-3 7.71564E-3 6.51116E-3 5.90739E-3 5.79776E-3 5.97236E-3 5.74386E-3 4.77764E-3
-9999 -9999 8.86808E-3 2.06897E-2 9.11993E-3 6.57804E-3 7.14989E-3 4.21882E-2 5.64467E-2 7.31971E-2 1.07583E-1 9.02235E-2 1.12187E-1 7.94432E-2 4.30704E-2 6.03782E-2 6.54197E-2 5.45746E-2 6.1276E-2 5.10268E-2 5.08527E-2 5.89854E-2 3.9768E-2 5.04056E-2 3.70641E-2 4.15662E-2 6.11145E-2 5.56111E-2 5.56816E-2 4.35748E-2 3.40974E-2 2.47177E-2 2.77943E-2 3.92495E-2 4.35039E-2 4.50835E-2 1.88114E-2 2.01176E-2 2.34374E-2 2.37331E-2 2.79046E-2 3.82636E-2 3.4378E-2 2.33305E-2 6.78138E-2 6.90103E-2 5.83699E-2 6.56456E-2 5.21739E-2 5.62702E-2 2.99455E-2 2.20222E-2 1.42496E-2 1.03456E-2 1.03325E-2 8.08502E-3 6.99587E-3 6.41623E-3 7.59284E-3 6.44106E-3 5.49242E-3
-9999 -9999 -9999 1.1746E-2 3.23762E-2 3.60784E-2 2.03718E-2 4.01767E-2 4.34123E-2 2.62066E-2 3.82139E-2 1.04627E-1 1.11333E-1 8.41669E-2 5.32962E-2 5.68735E-2 5.46917E-2 4.82984E-2 5.48654E-2 6.42138E-2 5.094E-2 3.63874E-2 3.20099E-2 5.70628E-2 7.39838E-2 4.5719E-2 6.51935E-2 6.24787E-2 4.38036E-2 3.24468E-2 2.52057E-2 3.09791E-2 3.41906E-2 3.29375E-2 3.86238E-2 3.84124E-2 2.72016E-2 2.02987E-2 1.66638E-2 2.37838E-2 2.18279E-2 2.89492E-2 4.53768E-2 5.0427E-2 7.70458E-2 6.13017E-2 5.9795E-2 7.03923E-2 4.03167E-2 3.05081E-2 2.46578E-2 2.29697E-2 2.01428E-2 1.40004E-2 1.33416E-2 1.06769E-2 1.03406E-2 8.27915E-3 6.36299E-3 6.45247E-3 6.0823E-3
-9999 -9999 -9999 3.86302E-3 3.06267E-2 9.35725E-2 4.62608E-2 1.04208E-1 1.04909E-1 9.038E-2 2.22938E-2 7.6672E-2 7.57657E-2 7.80007E-2 8.28919E-2 5.86638E-2 4.10261E-2 5.14929E-2 4.47713E-2 5.85106E-2 3.30734E-2 2.86389E-2 2.84507E-2 4.94216E-2 5.65017E-2 5.98207E-2 5.88956E-2 4.69078E-2 3.52217E-2 2.97123E-2 2.56535E-2 3.64253E-2 4.14488E-2 3.56013E-2 3.58805E-2 3.54965E-2 2.6537E-2 3.16622E-2 5.23832E-2 2.81219E-2 2.52794E-2 3.00344E-2 3.47342E-2 2.80072E-2 6.14747E-2 6.74324E-2 6.36207E-2 7.27724E-2 6.75165E-2 5.7128E-2 2.14381E-2 5.04159E-2 2.62633E-2 2.24923E-2 1.61338E-2 1.0785E-2 1.00679E-2 8.5396E-3 8.21311E-3 6.80444E-3 6.29425E-3
-9999 -9999 -9999 9.41496E-4 9.01502E-2 2.7816E-2 3.93879E-2 7.13778E-2 7.81534E-2 8.40121E-2 3.14362E-2 4.5042E-2 7.47387E-2 6.42716E-2 6.01104E-2 6.19869E-2 3.70511E-2 5.19892E-2 5.09631E-2 5.86699E-2 3.58015E-2 2.67751E-2 3.89997E-2 4.9036E-2 5.96055E-2 5.17505E-2 5.1873E-2 4.60244E-2 3.73453E-2 3.03203E-2 2.88035E-2 4.01425E-2 4.85841E-2 3.34437E-2 4.74226E-2 4.87215E-2 5.89213E-2 6.07499E-2 4.77152E-2 3.0168E-2 2.06166E-2 2.12487E-2 4.11837E-2 5.8231E-2 7.87628E-2 7.46563E-2 5.24996E-2 8.79705E-2 6.5022E-2 5.50585E-2 4.15592E-2 3.03561E-2 5.12158E-2 3.58677E-2 2.4873E-2 2.37372E-2 2.73094E-2 1.71475E-2 1.32277E-2 9.05757E-3 7.17616E-3
-9999 -9999 -9999 -9999 2.3437E-2 1.9514E-2 1.45688E-2 1.10446E-2 6.80125E-2 4.92344E-2 4.88271E-3 2.58341E-2 8.64943E-2 4.94799E-2 6.70153E-2 6.64687E-2 5.54817E-2 5.67371E-2 7.09442E-2 7.16201E-2 4.90832E-2 4.01316E-2 4.43083E-2 4.2993E-2 4.78578E-2 4.5178E-2 4.62791E-2 3.72021E-2 3.58455E-2 3.8899E-2 4.09538E-2 4.87093E-2 3.4457E-2 4.44837E-2 3.78588E-2 4.71535E-2 5.71927E-2 4.44175E-2 3.31134E-2 3.59061E-2 3.54138E-2 3.42111E-2 3.6141E-2 8.87929E-2 9.06487E-2 7.02008E-2 4.95542E-2 7.88758E-2 9.52099E-2 6.72313E-2 3.01466E-2 6.1063E-2 8.5805E-2 4.71118E-2 3.65552E-2 5.43097E-2 2.42068E-2 3.29019E-2 3.2113E-2 1.02187E-2 7.15777E-3
-9999 -9999 -9999 -9999 2.9735E-3 1.08735E-2 1.04471E-2 3.33829E-2 5.57832E-3 5.17597E-3 1.45241E-3 1.87077E-2 8.305E-2 5.48254E-2 7.52564E-2 4.35165E-2 5.6754E-2 7.22821E-2 6.63034E-2 6.43735E-2 7.03361E-2 8.17688E-2 5.11066E-2 4.82916E-2 4.46264E-2 3.98484E-2 4.72084E-2 3.65108E-2 3.60094E-2 2.88885E-2 3.62762E-2 5.57835E-2 4.43013E-2 5.2462E-2 4.66069E-2 5.50729E-2 5.03027E-2 7.31641E-2 5.79378E-2 7.29558E-2 6.11834E-2 7.38537E-2 5.89844E-2 9.9413E-2 7.43694E-2 9.94631E-2 1.02156E-1 3.12702E-2 6.81714E-2 1.10363E-1 8.34713E-2 8.53256E-2 9.88513E-2 3.27931E-2 3.61377E-2 5.55057E-2 4.71283E-2 4.25952E-2 3.19603E-2 1.2926E-2 8.70359E-3
-9999 -9999 -9999 -9999 1.39577E-3 4.73814E-3 4.42705E-3 2.0714E-2 1.65866E-2 3.66196E-3 3.16797E-3 1.69197E-2 5.69711E-2 4.81665E-2 5.5153E-2 4.81255E-2 5.8779E-2 7.85786E-2 4.13672E-2 6.45095E-2 6.70219E-2 5.35289E-2 6.73699E-2 6.18454E-2 5.85228E-2 5.48324E-2 4.70596E-2 4.64961E-2 3.8987E-2 2.83524E-2 4.63682E-2 5.43415E-2 6.5737E-2 6.34E-2 6.25039E-2 6.39243E-2 5.87443E-2 7.53353E-2 9.32901E-2 8.47163E-2 8.34864E-2 8.14372E-2 1.11004E-1 1.0097E-1 8.59322E-2 8.96218E-2 1.15098E-1 1.21259E-1 -9999 9.95471E-2 7.09112E-2 7.29829E-2 4.00008E-2 4.77305E-2 9.98641E-2 5.42548E-2 4.78014E-2 4.07662E-2 6.12376E-2 1.78828E-2 9.83251E-3
-9999 -9999 -9999 -9999 1.26218E-3 3.47615E-3 2.82451E-3 2.22468E-4 1.05872E-1 2.76738E-1 8.64566E-3 1.05993E-2 3.07072E-2 3.8409E-2 3.88529E-2 4.86975E-2 6.00559E-2 4.53805E-2 3.96741E-2 6.07605E-2 6.14881E-2 6.38399E-2 6.86974E-2 7.05354E-2 5.60011E-2 4.82605E-2 3.81787E-2 6.0455E-2 3.66045E-2 4.04522E-2 5.53354E-2 6.45973E-2 6.48201E-2 6.28335E-2 5.49412E-2 7.07059E-2 6.67489E-2 6.45217E-2 6.5856E-2 7.56823E-2 8.87106E-2 9.04707E-2 9.80053E-2 1.00088E-1 9.9759E-2 7.97005E-2 -9999 -9999 -9999 -9999 8.90101E-2 4.91176E-2 5.22612E-2 8.54326E-2 7.1391E-2 6.01466E-2 2.6557E-2 1.952E-2 1.12577E-2 1.57629E-2 1.50398E-2
-9999 -9999 -9999 -9999 6.73369E-4 4.42056E-3 2.49792E-3 5.55262E-4 2.46058E-4 3.9851E-1 8.00689E-3 3.11748E-2 2.43103E-2 3.18706E-2 3.30091E-2 4.34112E-2 4.85534E-2 3.93113E-2 4.99385E-2 5.19608E-2 5.29069E-2 6.51754E-2 7.48028E-2 7.08771E-2 4.29573E-2 3.01555E-2 3.77891E-2 4.23039E-2 5.094E-2 5.82196E-2 6.10203E-2 6.64667E-2 6.87922E-2 8.584E-2 4.4663E-2 6.02219E-2 7.90657E-2 6.35449E-2 6.71341E-2 7.12128E-2 9.74714E-2 8.64078E-2 6.79035E-2 4.30192E-2 9.85586E-2 -9999 -9999 -9999 -9999 2.16751E-1 8.2223E-2 7.94894E-2 6.49554E-2 7.09333E-2 7.01796E-2 5.37606E-2 4.65849E-2 3.1088E-2 3.28961E-2 4.64523E-2 1.95184E-2
-9999 -9999 -9999 -9999 2.57958E-3 6.14061E-3 3.81232E-3 5.59712E-4 6.71124E-3 3.61938E-2 1.28096E-2 2.21859E-2 1.59183E-2 3.43705E-2 3.81612E-2 4.12118E-2 5.01458E-2 5.10972E-2 3.41815E-2 3.89003E-2 5.18609E-2 6.99112E-2 5.74013E-2 4.62874E-2 4.48214E-2 3.86292E-2 4.21235E-2 5.66693E-2 6.71004E-2 6.40235E-2 6.51696E-2 6.85364E-2 6.97724E-2 7.48626E-2 7.40645E-2 5.49744E-2 6.35334E-2 5.8092E-2 8.39075E-2 7.85578E-2 8.23393E-2 8.61103E-2 1.1015E-1 1.14273E-1 1.26353E-1 -9999 -9999 -9999 2.12272E-1 1.65744E-1 1.19189E-1 8.49228E-2 7.92388E-2 6.72021E-2 6.07466E-2 4.79444E-2 4.93115E-2 2.00307E-2 2.37837E-2 3.97111E-2 1.73729E-2
-9999 -9999 -9999 5.60065E-3 9.79537E-2 3.14221E-2 9.0205E-4 1.67492E-3 1.0719E-3 5.13889E-3 3.06117E-2 1.00019E-2 1.57659E-2 3.16347E-2 4.81168E-2 3.826E-2 6.19591E-2 4.65997E-2 4.97618E-2 3.18804E-2 4.34957E-2 4.91929E-2 4.42864E-2 2.90767E-2 4.41003E-2 4.0283E-2 4.84669E-2 5.86557E-2 4.6498E-2 6.03704E-2 8.98769E-2 8.41127E-2 7.39849E-2 7.98934E-2 7.34289E-2 7.49758E-2 6.36807E-2 8.13044E-2 7.61954E-2 8.79182E-2 7.67583E-2 7.37693E-2 9.00529E-2 1.22814E-1 2.43721E-1 1.79214E-1 1.72018E-1 1.71935E-1 1.83121E-1 1.24958E-1 1.22345E-1 1.02593E-1 9.41919E-2 8.1894E-2 7.39848E-2 4.71933E-2 4.98364E-2 2.41283E-2 2.72008E-2 3.05812E-2 2.28882E-2
-9999 -9999 -9999 -9999 8.44203E-3 7.4694E-2 3.66645E-3 -9999 1.02959E-3 7.15398E-3 1.8866E-2 4.40878E-3 3.29458E-2 4.71051E-2 4.24827E-2 5.49562E-2 5.70167E-2 4.58501E-2 3.69915E-2 4.75291E-2 3.47607E-2 4.40508E-2 2.91925E-2 4.30726E-2 6.56045E-2 5.75193E-2 5.62781E-2 5.96597E-2 5.05845E-2 5.80354E-2 6.24835E-2 8.69609E-2 8.10657E-2 7.90603E-2 6.77236E-2 5.85257E-2 6.7371E-2 5.88742E-2 6.32327E-2 9.65034E-2 1.05743E-1 9.45482E-2 7.46177E-2 1.04335E-1 1.21792E-1 1.44414E-1 1.47412E-1 1.42211E-1 1.52241E-1 1.15379E-1 1.19313E-1 8.25779E-2 9.96133E-2 9.19394E-2 7.81274E-2 4.2867E-2 4.59382E-2 2.95659E-2 3.97146E-2 3.36993E-2 2.01753E-2
-9999 -9999 -9999 -9999 2.22276E-3 1.59779E-3 2.52166E-3 4.22345E-3 1.87936E-3 4.97294E-2 2.62572E-2 2.44218E-3 4.37724E-2 2.09818E-2 3.38229E-2 8.42701E-2 4.6618E-2 5.82401E-2 3.8438E-2 3.72793E-2 3.20525E-2 3.97592E-2 4.53074E-2 6.87522E-2 5.45459E-2 7.63778E-2 4.36797E-2 5.24335E-2 5.91375E-2 6.5389E-2 7.2244E-2 9.66033E-2 8.83955E-2 8.96418E-2 8.37712E-2 8.68583E-2 7.28286E-2 5.37757E-2 6.72464E-2 7.59178E-2 7.82199E-2 9.21932E-2 6.09349E-2 9.13062E-2 8.48408E-2 1.24462E-1 1.22256E-1 1.09622E-1 1.15343E-1 1.13638E-1 1.04716E-1 8.75548E-2 9.71789E-2 1.00658E-1 1.00454E-1 6.69963E-2 4.94315E-2 5.30026E-2 2.88546E-2 3.68643E-2 3.67373E-2
-9999 -9999 -9999 -9999 1.70275E-2 2.68442E-3 4.20686E-3 2.29874E-3 4.10485E-3 3.48424E-2 6.7921E-3 2.24193E-3 1.67787E-2 3.9701E-2 3.61117E-2 4.96348E-2 5.40351E-2 6.0959E-2 5.52659E-2 3.69778E-2 4.06501E-2 3.60652E-2 3.0533E-2 4.06364E-2 1.04976E-1 5.85583E-2 3.37928E-2 5.41114E-2 6.79921E-2 7.46014E-2 8.32768E-2 9.10977E-2 1.14513E-1 8.57729E-2 1.08487E-1 9.87221E-2 9.5787E-2 8.31284E-2 9.70058E-2 1.01661E-1 9.52578E-2 9.49562E-2 8.57287E-2 8.51773E-2 1.00337E-1 1.08579E-1 9.22823E-2 1.04421E-1 1.03964E-1 1.12817E-1 9.75825E-2 8.75308E-2 8.82647E-2 8.85843E-2 8.91616E-2 5.28026E-2 5.59981E-2 5.86093E-2 4.28928E-2 3.71572E-2 2.6745E-2
-9999 -9999 -9999 -9999 -9999 3.49521E-3 4.28672E-3 5.20841E-3 2.38733E-3 5.47939E-3 2.67533E-3 9.71776E-3 1.20291E-2 1.89415E-2 2.03592E-2 4.81314E-2 7.82593E-2 6.06966E-2 5.90314E-2 4.6264E-2 4.6675E-2 5.60125E-2 3.52126E-2 4.92707E-2 6.46689E-2 1.25048E-1 5.39515E-2 5.17618E-2 6.16987E-2 9.63239E-2 1.03472E-1 1.16303E-1 1.00793E-1 9.73925E-2 9.76345E-2 1.14685E-1 8.96154E-2 8.05121E-2 9.91252E-2 8.80855E-2 9.96307E-2 1.02542E-1 9.64036E-2 1.1457E-1 1.15644E-1 9.94753E-2 9.15866E-2 9.85147E-2 1.03469E-1 1.34655E-1 1.09912E-1 9.74468E-2 8.98376E-2 8.04794E-2 8.47352E-2 5.15248E-2 6.57042E-2 6.6773E-2 6.42444E-2 2.24615E-2 3.11648E-2
-9999 -9999 -9999 -9999 -9999 1.15588E-2 1.35935E-3 5.40242E-3 5.55919E-3 1.93725E-2 9.43524E-3 6.31697E-4 2.43468E-3 7.37518E-3 2.75373E-2 4.49376E-2 5.58141E-2 5.90323E-2 6.09269E-2 5.52366E-2 6.93054E-2 3.98467E-2 5.7081E-2 5.05499E-2 7.95409E-2 1.30348E-1 6.66826E-2 5.93106E-2 6.90681E-2 8.08244E-2 8.86819E-2 1.09049E-1 1.2276E-1 1.03899E-1 9.15459E-2 1.12184E-1 1.13004E-1 1.08558E-1 1.09091E-1 1.05718E-1 9.11747E-2 1.03536E-1 1.1205E-1 1.2304E-1 9.76793E-2 1.12614E-1 1.13078E-1 9.36876E-2 8.50262E-2 1.05889E-1 1.09675E-1 9.32006E-2 7.93426E-2 6.05121E-2 9.22564E-2 6.62668E-2 5.20078E-2 6.573E-2 4.73065E-2 4.55828E-2 3.83521E-2
-9999 -9999 -9999 -9999 -9999 1.5126E-2 5.40817E-3 1.19023E-3 2.91701E-3 6.8434E-4 9.22743E-3 1.20387E-3 1.15736E-3 2.19662E-3 3.25242E-2 3.59511E-2 3.99116E-2 3.92585E-2 5.80103E-2 6.99016E-2 5.30082E-2 5.7893E-2 5.65945E-2 5.21832E-2 6.91782E-2 1.0069E-1 5.1865E-2 8.14325E-2 8.44388E-2 7.79102E-2 9.24561E-2 1.03366E-1 1.23886E-1 1.21758E-1 1.2906E-1 1.36588E-1 1.26435E-1 1.44529E-1 1.36468E-1 1.35086E-1 1.2112E-1 1.08564E-1 1.15087E-1 9.45235E-2 1.18877E-1 1.12983E-1 1.05565E-1 9.62115E-2 9.37461E-2 1.1659E-1 1.18881E-1 9.21585E-2 8.15179E-2 5.1125E-2 8.49205E-2 7.0993E-2 7.89963E-2 6.65732E-2 5.42692E-2 5.79666E-2 4.87202E-2
-9999 -9999 -9999 -9999 -9999 6.10357E-3 1.63671E-3 2.70693E-3 6.04425E-3 7.97321E-4 1.77684E-3 1.7942E-3 5.4569E-3 8.1466E-3 2.0839E-2 2.9515E-2 2.93171E-2 3.03109E-2 4.37504E-2 5.35837E-2 7.18695E-2 1.02359E-1 8.86149E-2 6.07831E-2 4.42694E-2 1.50823E-1 6.80443E-2 7.39042E-2 9.35278E-2 8.37789E-2 1.08884E-1 1.14126E-1 1.199E-1 1.27808E-1 1.36369E-1 1.31737E-1 1.67163E-1 1.41746E-1 1.41958E-1 1.58098E-1 2.06013E-1 1.50082E-1 1.03489E-1 6.67633E-2 1.40049E-1 1.22855E-1 1.28296E-1 1.14116E-1 9.73201E-2 1.30066E-1 9.39434E-2 1.09463E-1 1.21399E-1 9.11155E-2 5.81274E-2 -9999 5.54058E-2 4.1086E-2 5.04731E-2 6.8901E-2 5.30134E-2
