Candidate_Models_Sept202022/M_0.3_F_lqp_Set_1_cal/Bison.asc
ncols         97
nrows         127
xllcorner     -2197417.7431653
yllcorner     -584827.01486885
cellsize      30000.0
NODATA_value  -9999
[rows 54 to 80 of 127, columns 0 to 60 of 97]
-9999 -9999 -9999 -9999 1.46342E-2 6.19815E-3 1.48584E-3 5.45995E-3 3.78693E-3 5.14387E-4 5.91117E-4 6.79181E-3 5.03494E-3 1.05381E-2 1.22014E-2 1.11042E-2 1.98379E-2 3.18307E-2 3.85332E-2 5.01717E-2 7.12992E-2 9.5116E-2 9.10354E-2 8.65168E-2 7.23834E-2 1.44853E-1 1.06814E-1 8.57402E-2 1.28102E-1 1.15101E-1 1.14657E-1 1.19611E-1 1.30612E-1 1.43912E-1 1.46436E-1 1.56228E-1 1.52722E-1 1.44767E-1 1.46232E-1 1.7404E-1 2.73507E-1 2.75472E-1 2.10085E-1 1.69833E-1 1.66256E-1 1.30036E-1 1.52025E-1 1.22464E-1 9.92525E-2 9.0979E-2 9.86963E-2 1.08297E-1 7.63197E-2 1.28677E-1 1.56009E-1 8.33209E-2 9.81541E-2 8.63337E-2 8.69364E-2 8.58624E-2 5.58159E-2
-9999 -9999 -9999 -9999 -9999 4.03988E-3 1.13474E-3 2.4711E-3 1.62137E-2 1.71669E-3 3.18119E-4 3.78243E-3 2.83551E-2 6.89287E-3 1.20945E-2 8.37009E-3 1.14709E-2 1.9024E-2 4.16548E-2 3.58307E-2 7.79084E-2 9.88644E-2 9.82952E-2 1.35027E-1 7.96875E-2 8.29868E-2 9.13012E-2 1.00752E-1 1.77775E-1 1.64943E-1 1.42476E-1 1.29116E-1 1.35031E-1 1.39903E-1 1.37605E-1 1.78896E-1 1.74522E-1 1.63694E-1 2.00553E-1 1.93471E-1 2.60164E-1 3.29543E-1 2.12433E-1 1.64172E-1 1.70307E-1 1.58521E-1 1.38311E-1 1.10093E-1 1.13807E-1 7.17322E-2 9.68535E-2 1.16134E-1 9.97541E-2 1.62331E-1 1.3546E-1 1.05888E-1 1.08294E-1 8.45356E-2 9.17434E-2 7.96302E-2 6.87682E-2
-9999 -9999 -9999 -9999 -9999 7.43575E-3 3.7759E-3 5.69907E-3 7.25229E-3 3.46966E-3 5.04609E-5 1.23619E-3 1.99587E-3 1.9038E-3 1.621E-2 8.84382E-3 1.76434E-2 2.00465E-2 3.20061E-2 5.20853E-2 9.43135E-2 7.11595E-2 7.30913E-2 9.29197E-2 7.15913E-2 5.86469E-2 8.03688E-2 1.5125E-1 2.25322E-1 1.60455E-1 1.74057E-1 1.5732E-1 1.57085E-1 1.64271E-1 1.87527E-1 2.14016E-1 1.82983E-1 1.75889E-1 1.99604E-1 2.04814E-1 3.01489E-1 2.535E-1 1.84797E-1 1.80027E-1 1.70978E-1 1.55512E-1 1.4304E-1 1.2695E-1 1.45037E-1 1.32794E-1 1.56889E-1 1.3825E-1 1.67305E-1 1.40788E-1 1.10738E-1 1.26414E-1 1.1369E-1 1.13429E-1 7.82535E-2 6.13101E-2 3.15156E-2
-9999 -9999 -9999 -9999 -9999 -9999 6.64978E-3 -9999 1.32351E-2 1.1246E-3 1.7321E-4 1.23761E-3 2.05917E-3 3.61387E-3 5.18831E-3 2.47261E-2 1.63571E-2 2.01105E-2 3.86967E-2 6.34208E-2 5.52945E-2 6.58763E-2 7.0611E-2 9.34533E-2 7.90531E-2 8.87601E-2 6.58016E-2 1.54205E-1 1.90672E-1 1.93316E-1 3.38178E-1 2.72252E-1 1.87163E-1 1.74514E-1 1.98262E-1 2.3653E-1 2.37565E-1 1.89637E-1 1.99117E-1 1.82314E-1 1.90796E-1 1.39394E-1 2.00346E-1 1.6788E-1 1.20621E-1 1.42514E-1 1.23051E-1 1.50961E-1 1.59972E-1 1.72526E-1 1.58751E-1 1.53401E-1 1.40136E-1 1.4109E-1 1.30759E-1 1.16742E-1 1.08778E-1 9.95245E-2 8.04902E-2 5.7297E-2 3.79205E-2
-9999 -9999 -9999 3.17047E-3 -9999 -9999 -9999 -9999 -9999 3.32786E-3 1.16682E-3 4.61307E-4 1.60847E-3 3.37252E-3 2.30318E-3 2.22937E-2 1.55529E-2 2.66065E-2 3.3714E-2 5.06541E-2 5.70753E-2 7.40822E-2 6.43879E-2 1.07885E-1 6.2643E-2 7.09028E-2 6.78454E-2 1.02663E-1 2.49813E-1 2.61712E-1 4.38394E-1 3.8733E-1 1.89967E-1 1.57084E-1 1.74666E-1 2.46334E-1 2.30247E-1 2.84107E-1 5.31458E-1 1.89101E-1 1.74711E-1 1.38698E-1 1.78083E-1 1.49551E-1 8.33965E-2 1.13269E-1 1.66621E-1 1.63674E-1 1.61568E-1 1.48846E-1 1.64281E-1 1.59914E-1 1.51807E-1 1.3964E-1 1.23654E-1 1.24016E-1 1.04028E-1 9.5528E-2 8.44856E-2 7.3025E-2 5.75616E-2
-9999 -9999 -9999 2.68149E-3 4.53413E-3 7.75952E-3 -9999 -9999 -9999 5.5559E-3 1.94431E-4 7.08938E-4 1.96768E-3 5.79296E-3 6.60577E-3 3.57588E-2 3.08584E-2 2.16545E-2 4.42679E-2 5.658E-2 4.88359E-2 5.35382E-2 7.42328E-2 6.28809E-2 7.38379E-2 4.82791E-2 5.35527E-2 1.00079E-1 2.95045E-1 4.05058E-1 5.19162E-1 4.62496E-1 2.14741E-1 2.15234E-1 2.18457E-1 2.24332E-1 2.35315E-1 4.74646E-1 4.25752E-1 1.95806E-1 1.98956E-1 2.07351E-1 1.76918E-1 1.66071E-1 1.4365E-1 1.55094E-1 1.55459E-1 1.34728E-1 1.40611E-1 2.22538E-1 1.91027E-1 1.58086E-1 1.3867E-1 1.46226E-1 9.42943E-2 1.33837E-1 1.06412E-1 1.16823E-1 1.10868E-1 8.20597E-2 5.61065E-2
-9999 -9999 -9999 2.26508E-3 5.91086E-3 1.13562E-2 6.87633E-3 -9999 -9999 2.67456E-2 4.49981E-4 3.40677E-3 1.88513E-3 4.15148E-3 6.57722E-3 1.8869E-2 2.88059E-2 3.46196E-2 4.91093E-2 4.97927E-2 6.31499E-2 5.30101E-2 4.20053E-2 3.65536E-2 6.2589E-2 7.22547E-3 5.77902E-3 6.34865E-2 1.87241E-1 2.01171E-1 6.17434E-1 6.39384E-1 4.19078E-1 5.08295E-1 4.55238E-1 3.18383E-1 3.59162E-1 3.94259E-1 3.42865E-1 1.9545E-1 2.18147E-1 2.05651E-1 1.97615E-1 1.76287E-1 1.54051E-1 1.44105E-1 1.42926E-1 1.45488E-1 1.43883E-1 2.75873E-1 2.39426E-1 2.3496E-1 1.29596E-1 1.25069E-1 9.02638E-2 1.36674E-1 1.13861E-1 1.31862E-1 1.10328E-1 8.15579E-2 4.74788E-2
-9999 -9999 -9999 1.72854E-3 3.6008E-3 5.39376E-3 -9999 -9999 9.97207E-3 4.0505E-4 1.03249E-4 9.7239E-4 1.69421E-3 4.77847E-3 1.00954E-2 1.94922E-2 1.14737E-1 4.38887E-2 5.73632E-2 3.54344E-2 5.88874E-2 5.58649E-2 5.48433E-2 4.55602E-2 4.82576E-2 1.04018E-2 4.35468E-3 4.66511E-2 1.17495E-1 3.68873E-1 5.59402E-1 6.95505E-1 6.14718E-1 5.11492E-1 6.05749E-1 4.93099E-1 4.50803E-1 5.46144E-1 3.78439E-1 2.6144E-1 2.54017E-1 2.36552E-1 2.04728E-1 1.73201E-1 1.73476E-1 1.84563E-1 1.61805E-1 1.70556E-1 2.07153E-1 2.61164E-1 2.72369E-1 1.61101E-1 1.53504E-1 1.15329E-1 7.18038E-2 1.50954E-1 1.25861E-1 1.00758E-1 1.08966E-1 7.92865E-2 7.26149E-2
-9999 -9999 -9999 1.73937E-3 6.85902E-3 -9999 -9999 2.38931E-2 5.41297E-3 5.88183E-4 1.74578E-4 9.9032E-4 2.32664E-3 1.0898E-3 1.34648E-2 2.53421E-2 9.71818E-2 5.74326E-2 5.2306E-2 5.40572E-2 6.29095E-2 6.32673E-2 4.8016E-2 5.27088E-2 4.83201E-2 1.63835E-2 1.651E-3 2.84406E-2 7.10817E-2 1.25053E-1 3.84104E-1 6.22567E-1 4.18971E-1 4.54401E-1 7.10142E-1 6.10032E-1 5.96262E-1 7.34652E-1 5.09322E-1 2.74945E-1 2.61579E-1 2.07495E-1 1.76313E-1 1.77888E-1 1.8757E-1 2.04225E-1 1.79121E-1 1.72464E-1 1.62937E-1 2.18745E-1 2.51998E-1 1.45063E-1 1.24721E-1 1.22545E-1 1.00296E-1 1.12847E-1 1.21613E-1 1.09538E-1 1.27698E-1 8.98497E-2 6.65274E-2
-9999 -9999 -9999 1.27031E-3 1.85237E-3 -9999 -9999 -9999 9.54642E-3 7.70647E-4 5.12413E-4 2.00797E-3 6.34232E-4 4.85143E-3 2.03761E-2 4.70131E-2 7.95555E-2 7.39651E-2 7.61241E-2 6.08396E-2 7.46506E-2 8.55343E-2 7.02294E-2 4.66416E-2 4.30065E-2 1.89185E-2 7.7266E-3 2.59042E-2 4.87505E-2 8.37015E-2 1.4653E-1 4.09251E-1 5.17072E-1 5.63257E-1 6.2878E-1 6.30669E-1 5.58954E-1 4.85594E-1 2.9161E-1 2.42199E-1 1.97423E-1 2.00111E-1 1.83141E-1 1.82161E-1 1.99928E-1 2.0471E-1 2.3706E-1 1.81104E-1 1.71934E-1 2.34012E-1 2.22099E-1 1.52797E-1 1.41148E-1 1.28759E-1 1.22941E-1 9.04105E-2 1.31085E-1 1.18587E-1 1.31951E-1 1.15039E-1 8.26233E-2
-9999 -9999 -9999 2.92419E-3 1.03936E-2 -9999 -9999 -9999 1.83176E-2 6.33941E-3 2.18806E-3 2.97501E-4 4.4602E-3 9.54373E-3 1.30806E-2 4.52588E-2 6.18344E-2 8.14608E-2 1.13371E-1 6.4585E-2 6.2483E-2 1.32335E-1 8.20701E-2 6.01381E-2 4.75295E-2 2.59253E-2 9.73296E-3 2.02112E-2 3.37816E-2 7.30939E-2 1.01171E-1 4.4089E-1 5.29969E-1 6.34428E-1 4.8168E-1 5.64698E-1 4.97239E-1 5.3845E-1 2.96594E-1 2.90518E-1 2.08324E-1 2.0407E-1 1.69068E-1 1.80083E-1 2.99073E-1 2.93683E-1 2.58251E-1 1.87779E-1 1.62397E-1 2.21627E-1 3.10243E-1 1.80004E-1 1.40521E-1 9.85046E-2 1.44614E-1 9.30835E-2 1.13353E-1 1.08902E-1 9.39348E-2 1.30908E-1 7.89425E-2
-9999 -9999 -9999 9.00723E-4 1.30157E-2 -9999 -9999 -9999 2.42123E-2 2.98199E-3 2.01182E-4 8.57141E-5 1.79436E-3 7.46453E-3 9.75696E-2 4.62591E-2 4.31791E-2 8.65438E-2 7.77364E-2 7.9895E-2 1.33968E-1 1.67712E-1 8.76986E-2 6.57732E-2 4.75761E-2 2.36936E-2 1.04984E-2 1.14307E-2 2.40537E-2 4.50499E-2 8.16672E-2 2.54328E-1 4.61216E-1 6.51855E-1 5.33587E-1 5.45908E-1 2.89508E-1 4.81981E-1 5.01786E-1 3.31964E-1 1.63259E-1 1.51209E-1 1.79844E-1 1.88643E-1 2.19506E-1 2.05017E-1 2.14689E-1 1.96983E-1 2.43461E-1 2.34442E-1 2.22625E-1 2.03358E-1 1.54555E-1 1.42963E-1 1.24132E-1 1.20697E-1 1.00601E-1 1.50429E-1 1.17045E-1 1.22629E-1 1.26451E-1
-9999 -9999 -9999 -9999 3.31626E-3 -9999 -9999 -9999 -9999 7.4904E-3 4.4571E-4 3.242E-4 1.40955E-3 2.6428E-3 1.81384E-2 3.73871E-2 3.64846E-2 8.46758E-2 1.09793E-1 1.30916E-1 1.03181E-1 3.13789E-1 1.49489E-1 9.45054E-2 9.01764E-2 3.36348E-2 1.3457E-2 8.59259E-3 1.83923E-2 2.63912E-2 6.65338E-2 9.91569E-2 1.31768E-1 2.13788E-1 1.75421E-1 2.44798E-1 4.65587E-1 3.79657E-1 1.98143E-1 1.50337E-1 2.42132E-1 1.8205E-1 2.57557E-1 2.05516E-1 2.07474E-1 2.60815E-1 2.53691E-1 2.65326E-1 1.85165E-1 1.73677E-1 3.00984E-1 1.82112E-1 1.72753E-1 1.71371E-1 1.78088E-1 1.32967E-1 1.28779E-1 1.23533E-1 1.22326E-1 1.33142E-1 1.37708E-1
-9999 -9999 -9999 -9999 5.90856E-3 -9999 -9999 -9999 -9999 2.14809E-2 3.73209E-3 1.00997E-3 1.74642E-3 2.43392E-3 1.08221E-2 3.58299E-2 6.91512E-2 8.06901E-2 9.81333E-2 8.6037E-2 9.96789E-2 1.34749E-1 1.05742E-1 1.92729E-1 2.83265E-1 4.25218E-2 1.70469E-2 5.84169E-3 1.05756E-2 2.3161E-2 4.18813E-2 5.88809E-2 1.22303E-1 2.43642E-1 1.48251E-1 1.53796E-1 2.6519E-1 1.6517E-1 1.07452E-1 8.88905E-2 1.91498E-1 1.39686E-1 1.87516E-1 2.65575E-1 2.27006E-1 2.59594E-1 4.0686E-1 2.5922E-1 2.30285E-1 2.46818E-1 2.7185E-1 2.20192E-1 2.1428E-1 1.72823E-1 1.69622E-1 1.74366E-1 1.52841E-1 1.52678E-1 1.37749E-1 1.13185E-1 1.15499E-1
-9999 -9999 -9999 -9999 -9999 -9999 -9999 -9999 -9999 1.62246E-2 1.38439E-2 1.59085E-3 2.15174E-3 3.38393E-3 4.84848E-3 2.0707E-2 6.8467E-2 7.61098E-2 8.3639E-2 1.06701E-1 9.70946E-2 1.07162E-1 1.17757E-1 8.99732E-2 7.67856E-2 1.84656E-2 9.79695E-3 1.30579E-2 7.4242E-3 2.24183E-2 4.52408E-2 6.71637E-2 8.36217E-2 1.67354E-1 8.97132E-2 1.37734E-1 2.80305E-1 2.43775E-1 1.28095E-1 1.81627E-1 2.31157E-1 1.71405E-1 2.41183E-1 2.74857E-1 4.63372E-1 5.25661E-1 5.37217E-1 3.15824E-1 2.6218E-1 2.45755E-1 2.85588E-1 2.7312E-1 2.05383E-1 1.29532E-1 1.78649E-1 1.52466E-1 1.53415E-1 1.75169E-1 1.37827E-1 1.15855E-1 1.22737E-1
-9999 -9999 -9999 -9999 -9999 -9999 -9999 -9999 -9999 -9999 1.21912E-2 3.48574E-3 2.21303E-3 2.2507E-3 9.23403E-3 1.96099E-2 6.38037E-2 6.87806E-2 7.89699E-2 9.13854E-2 9.83461E-2 9.90749E-2 1.17825E-1 1.0245E-1 6.61374E-2 2.38257E-2 1.35001E-2 1.11463E-2 1.27235E-2 1.64831E-2 4.17569E-2 7.35979E-2 1.05289E-1 9.99477E-2 1.28064E-1 1.32205E-1 2.21248E-1 2.59762E-1 1.6573E-1 2.06709E-1 2.24181E-1 4.13626E-1 4.10234E-1 5.15892E-1 5.76333E-1 6.0419E-1 4.97496E-1 6.35599E-1 2.75903E-1 2.58479E-1 3.57781E-1 2.82264E-1 1.78478E-1 1.69093E-1 1.70242E-1 1.7518E-1 2.03877E-1 2.12139E-1 1.70351E-1 1.32967E-1 1.55755E-1
-9999 -9999 -9999 -9999 -9999 -9999 -9999 -9999 -9999 -9999 1.02421E-2 2.63654E-3 1.94198E-4 8.79907E-4 7.98844E-3 1.41704E-2 6.23078E-2 9.18664E-2 7.53259E-2 9.91669E-2 1.04014E-1 1.00449E-1 1.26477E-1 1.66692E-1 6.43981E-2 3.29282E-2 2.03777E-2 1.15355E-2 2.38161E-2 2.80011E-2 4.72747E-2 7.15034E-2 8.47449E-2 1.20149E-1 1.40043E-1 2.12157E-1 1.91615E-1 1.6895E-1 1.83225E-1 4.49255E-1 4.57279E-1 6.03467E-1 5.06231E-1 5.64094E-1 5.59967E-1 5.55907E-1 3.45728E-1 5.35313E-1 4.32712E-1 5.17335E-1 5.19605E-1 3.45082E-1 2.3509E-1 1.9518E-1 1.84326E-1 1.83391E-1 1.82148E-1 1.50105E-1 1.66042E-1 1.60609E-1 1.62677E-1
-9999 -9999 -9999 -9999 -9999 -9999 -9999 -9999 -9999 -9999 9.05392E-3 1.6422E-3 3.26106E-4 8.5634E-4 4.70131E-2 2.58595E-2 4.49243E-2 1.10064E-1 9.3485E-2 1.45247E-1 1.28472E-1 1.20185E-1 1.23228E-1 1.61095E-1 7.59722E-2 2.51289E-2 1.97395E-2 1.72027E-2 2.12624E-2 4.44308E-2 6.5011E-2 1.02553E-1 1.03109E-1 1.05628E-1 1.50484E-1 1.92413E-1 2.86641E-1 3.72639E-1 4.15627E-1 3.63552E-1 4.93395E-1 5.35272E-1 6.37514E-1 6.33451E-1 6.29854E-1 6.80075E-1 6.65756E-1 6.16583E-1 5.32469E-1 6.53477E-1 6.51827E-1 5.7741E-1 4.48444E-1 3.92649E-1 3.96974E-1 2.34039E-1 2.01858E-1 1.83773E-1 1.96075E-1 1.97129E-1 1.7226E-1
-9999 -9999 -9999 -9999 -9999 -9999 -9999 -9999 -9999 -9999 7.08407E-3 1.14476E-3 1.30045E-3 7.07958E-4 6.19768E-3 1.79086E-2 6.66901E-2 1.13967E-1 1.24896E-1 1.93893E-1 2.19182E-1 1.39098E-1 1.1789E-1 1.39093E-1 8.03018E-2 4.09041E-2 2.04469E-2 1.66246E-2 4.65645E-2 3.28179E-2 6.47646E-2 1.13128E-1 1.23681E-1 1.0801E-1 2.31062E-1 1.55343E-1 2.53564E-1 3.27503E-1 2.98275E-1 3.85664E-1 5.69575E-1 6.7849E-1 7.40719E-1 7.1464E-1 7.7808E-1 7.06066E-1 7.10134E-1 6.91779E-1 7.12252E-1 7.02114E-1 4.86886E-1 3.81252E-1 3.81471E-1 4.66992E-1 4.96071E-1 4.77273E-1 2.58338E-1 1.97105E-1 1.98028E-1 2.07022E-1 1.99579E-1
-9999 -9999 -9999 -9999 -9999 -9999 -9999 -9999 -9999 -9999 3.27572E-3 1.9752E-3 1.38984E-3 2.55707E-3 8.76262E-2 7.40774E-3 7.61294E-2 7.49948E-2 1.10802E-1 2.24793E-1 3.10648E-1 1.70612E-1 1.47467E-1 1.20391E-1 1.19083E-1 6.66341E-2 4.61963E-2 2.42677E-2 3.13084E-2 7.49992E-2 6.80613E-2 4.94012E-2 1.15434E-1 2.27835E-1 2.02959E-1 2.32578E-1 2.12607E-1 2.20646E-1 2.83635E-1 4.07882E-1 6.00995E-1 7.79207E-1 7.91085E-1 7.98945E-1 8.13226E-1 7.05185E-1 6.26098E-1 6.69511E-1 5.11409E-1 7.24183E-1 6.99947E-1 4.81619E-1 3.93812E-1 5.33208E-1 4.46274E-1 3.97314E-1 2.72789E-1 3.11436E-1 2.67072E-1 2.06543E-1 2.16141E-1
-9999 -9999 -9999 -9999 -9999 -9999 -9999 -9999 1.34338E-2 6.54714E-3 3.85586E-3 2.82624E-3 1.49352E-3 1.34724E-3 3.22828E-3 6.4293E-2 8.26635E-2 8.7727E-2 9.44595E-2 1.33681E-1 1.50007E-1 2.36603E-1 2.47441E-1 1.60033E-1 1.24164E-1 7.66292E-2 3.22136E-2 1.33499E-2 1.3288E-2 2.84977E-2 3.20707E-2 4.83005E-2 1.04443E-1 1.04203E-1 1.42297E-1 1.2825E-1 1.5875E-1 2.73075E-1 2.36649E-1 4.70289E-1 6.78234E-1 7.91291E-1 7.4998E-1 7.63815E-1 7.68566E-1 6.55085E-1 6.51281E-1 6.89901E-1 6.50583E-1 5.65845E-1 6.62294E-1 6.11181E-1 5.22504E-1 4.77146E-1 4.11868E-1 3.88292E-1 4.31769E-1 4.38431E-1 3.99159E-1 2.77082E-1 2.68189E-1
-9999 -9999 -9999 -9999 -9999 -9999 -9999 -9999 7.96537E-3 2.69828E-3 3.44343E-3 4.11172E-3 3.34036E-3 7.53437E-4 1.06223E-3 7.02247E-3 1.21007E-2 1.268E-1 7.81266E-2 4.78578E-2 7.4724E-2 1.16341E-1 2.65286E-1 1.0726E-1 1.11034E-1 7.50074E-2 4.5869E-2 2.42249E-2 1.21051E-2 1.37902E-2 4.10495E-2 3.11587E-2 9.66059E-2 1.39871E-1 1.94893E-1 1.10351E-1 2.50539E-1 2.24837E-1 2.34835E-1 2.28436E-1 5.32124E-1 7.50291E-1 7.48789E-1 7.23874E-1 7.36976E-1 6.66769E-1 6.16018E-1 6.55398E-1 6.37937E-1 6.96978E-1 6.56216E-1 6.26243E-1 5.82478E-1 4.87699E-1 4.7693E-1 5.18833E-1 5.74598E-1 5.64396E-1 4.92891E-1 5.0545E-1 5.37269E-1
-9999 -9999 -9999 -9999 -9999 -9999 -9999 -9999 2.45171E-3 1.57632E-3 5.91345E-4 8.94429E-4 2.27531E-3 1.28601E-3 8.15366E-4 5.8238E-3 5.5012E-3 7.46225E-2 7.51529E-2 8.63915E-2 5.81461E-2 7.00453E-2 1.8892E-1 1.27551E-1 1.34677E-1 1.58388E-1 6.26868E-2 4.71133E-2 1.8494E-2 1.3304E-2 3.7697E-2 3.5701E-2 6.10346E-2 1.9504E-1 4.06108E-1 3.63054E-1 1.81855E-1 2.58023E-1 2.20807E-1 5.40617E-1 7.43112E-1 8.11974E-1 7.86274E-1 7.90883E-1 7.80268E-1 6.80606E-1 6.41268E-1 5.85731E-1 6.9305E-1 6.95678E-1 7.3439E-1 6.54357E-1 5.95997E-1 5.12523E-1 6.21881E-1 4.30456E-1 6.08305E-1 5.82124E-1 4.85858E-1 6.27292E-1 6.3753E-1
-9999 -9999 -9999 -9999 -9999 -9999 -9999 -9999 -9999 3.52505E-3 6.07761E-4 6.40307E-4 1.03672E-3 3.11382E-3 1.05127E-3 1.48185E-3 7.80368E-3 7.43581E-2 3.07927E-1 1.42684E-1 3.33555E-2 4.08241E-2 7.97048E-2 1.52376E-1 1.02416E-1 1.07541E-1 8.27053E-2 7.15188E-2 2.81139E-2 1.50377E-2 9.92769E-3 1.40404E-2 3.1472E-2 7.50548E-2 1.695E-1 2.2042E-1 2.55956E-1 2.02716E-1 3.01348E-1 7.58202E-1 7.60552E-1 8.64774E-1 8.4225E-1 8.03199E-1 7.61434E-1 6.48448E-1 6.88169E-1 6.9539E-1 5.28652E-1 5.7915E-1 5.79631E-1 6.39979E-1 5.43466E-1 7.35795E-1 6.98284E-1 5.27847E-1 6.08189E-1 6.58477E-1 5.58717E-1 6.09134E-1 5.19506E-1
-9999 -9999 -9999 -9999 -9999 -9999 -9999 -9999 -9999 2.11792E-3 1.63675E-3 5.04787E-4 6.27753E-4 2.46713E-3 4.61385E-3 2.32425E-3 2.68846E-3 3.92204E-3 3.33356E-2 5.27661E-2 3.32399E-2 2.7763E-2 7.10353E-2 1.33287E-1 1.05026E-1 1.01382E-1 1.11823E-1 6.6367E-2 2.48593E-2 9.37379E-3 1.14459E-2 5.0204E-3 4.33257E-2 4.47391E-2 1.43743E-1 2.42665E-1 3.67322E-1 2.49344E-1 2.3334E-1 6.35293E-1 8.05825E-1 8.02109E-1 7.48612E-1 7.42455E-1 7.21163E-1 5.78914E-1 4.88521E-1 6.95597E-1 5.84749E-1 6.17594E-1 6.98657E-1 5.75446E-1 6.58842E-1 6.37364E-1 6.96121E-1 6.25926E-1 4.81969E-1 5.52337E-1 5.18851E-1 5.58155E-1 5.63386E-1
-9999 -9999 -9999 -9999 -9999 -9999 -9999 -9999 -9999 -9999 2.39192E-3 6.89537E-4 5.05943E-4 3.59053E-3 6.06487E-3 1.92482E-3 2.26565E-3 4.47876E-3 1.94494E-2 1.75059E-2 2.57553E-2 2.03357E-2 6.89003E-2 2.36935E-1 1.78303E-1 1.38686E-1 9.90504E-2 6.84184E-2 2.12715E-2 1.17211E-2 1.53085E-2 1.16813E-2 1.01514E-2 2.29281E-2 7.71932E-2 1.7558E-1 2.23948E-1 2.26829E-1 3.34665E-1 6.77379E-1 7.89658E-1 7.6609E-1 7.42318E-1 7.15501E-1 5.3833E-1 5.73501E-1 4.71918E-1 6.20165E-1 5.3095E-1 6.08094E-1 7.26241E-1 7.06641E-1 7.15803E-1 7.17078E-1 5.93939E-1 6.4213E-1 6.56168E-1 4.969E-1 5.11669E-1 5.8281E-1 5.56581E-1
-9999 -9999 -9999 -9999 -9999 -9999 -9999 -9999 -9999 -9999 2.77439E-3 9.60925E-4 7.43166E-4 1.73186E-3 7.11713E-3 3.84465E-3 1.73128E-3 1.42634E-3 5.56333E-3 1.72737E-2 2.52162E-2 3.26392E-2 6.49916E-2 9.95155E-2 1.70644E-1 3.00886E-1 2.82648E-1 1.1238E-1 9.17004E-2 2.59972E-2 1.45733E-2 4.87537E-2 3.55512E-2 6.33941E-2 1.18558E-1 9.94622E-2 1.40518E-1 2.05277E-1 2.55121E-1 7.2338E-1 8.25872E-1 7.58669E-1 7.51829E-1 7.75713E-1 7.25296E-1 5.80962E-1 4.03416E-1 4.54694E-1 5.41651E-1 5.53517E-1 6.6736E-1 6.86967E-1 6.95444E-1 6.8898E-1 6.88324E-1 5.95524E-1 6.24361E-1 6.25041E-1 6.39754E-1 5.02367E-1 5.22237E-1
