Candidate_Models_Sept202022/M_0.3_F_lqp_Set_1_cal/Bison.asc
ncols         97
nrows         127
xllcorner     -2197417.7431653
yllcorner     -584827.01486885
cellsize      30000.0
NODATA_value  -9999
[rows 81 to 107 of 127, columns 0 to 60 of 97]
-9999 -9999 -9999 -9999 -9999 -9999 -9999 -9999 -9999 -9999 -9999 4.49839E-3 9.90952E-4 1.25477E-3 1.8713E-2 4.68886E-3 3.04345E-3 9.65583E-4 2.10651E-3 1.63174E-2 9.13374E-3 4.59591E-2 2.88309E-2 5.79723E-2 1.48001E-1 2.42824E-1 1.01139E-1 9.55213E-2 1.43067E-1 2.34643E-2 2.01837E-2 7.62342E-3 1.84922E-2 5.94998E-2 6.39937E-2 8.73758E-2 7.13173E-2 3.97823E-1 5.93625E-1 8.03134E-1 8.98892E-1 7.4354E-1 7.12692E-1 7.91296E-1 7.28315E-1 5.37673E-1 4.51239E-1 4.24818E-1 4.55892E-1 5.16041E-1 5.67164E-1 6.74676E-1 7.0052E-1 6.69831E-1 6.5902E-1 4.90605E-1 5.95546E-1 5.98902E-1 5.63734E-1 5.18496E-1 5.10506E-1
-9999 -9999 -9999 -9999 -9999 -9999 -9999 -9999 -9999 -9999 -9999 -9999 3.14297E-3 9.65526E-4 3.80022E-3 7.16863E-3 3.99309E-3 1.39986E-2 5.56592E-3 3.40462E-3 4.42276E-3 9.52652E-3 8.78402E-3 3.00914E-2 2.16434E-1 2.21537E-1 7.26626E-2 1.01559E-1 2.25446E-1 3.10127E-2 1.35547E-2 1.11226E-2 1.22678E-2 2.93073E-2 1.05184E-1 1.36394E-1 1.04993E-1 1.40347E-1 3.45913E-1 6.98153E-1 8.34944E-1 7.4308E-1 7.24946E-1 7.55719E-1 6.92412E-1 4.87512E-1 3.84823E-1 4.72601E-1 5.23115E-1 6.50717E-1 6.5424E-1 6.791E-1 7.02609E-1 6.68047E-1 6.25071E-1 6.18974E-1 5.92782E-1 5.26496E-1 5.20202E-1 4.61033E-1 5.58914E-1
-9999 -9999 -9999 -9999 -9999 -9999 -9999 -9999 -9999 -9999 -9999 -9999 -9999 2.93826E-3 4.97174E-4 2.42334E-3 1.42413E-3 8.52649E-3 1.52478E-1 1.19123E-2 4.66139E-3 7.15029E-3 4.30935E-3 2.52932E-2 6.86744E-2 5.82956E-2 4.94136E-2 1.2864E-1 4.24559E-2 3.12147E-2 1.22527E-2 1.16007E-2 6.6913E-3 1.67567E-2 6.17094E-2 2.73843E-1 1.04702E-1 1.09676E-1 1.87444E-1 6.61693E-1 8.06215E-1 7.83654E-1 7.37818E-1 6.89726E-1 6.31404E-1 4.33036E-1 4.43095E-1 4.65713E-1 5.2323E-1 6.04813E-1 6.34228E-1 6.41463E-1 7.10072E-1 6.87574E-1 6.48378E-1 6.20666E-1 6.62758E-1 6.13988E-1 4.90414E-1 5.04461E-1 5.22272E-1
-9999 -9999 -9999 -9999 -9999 -9999 -9999 -9999 -9999 -9999 -9999 -9999 -9999 3.2661E-3 1.20684E-3 2.47177E-3 5.06105E-3 -9999 1.47491E-2 7.0864E-2 1.37973E-1 4.70097E-2 1.00367E-2 1.26107E-2 1.11683E-1 6.20361E-2 1.0215E-1 9.05835E-2 4.47355E-2 2.62689E-2 2.16753E-2 1.2462E-2 9.83333E-3 1.88286E-2 4.46773E-2 1.07059E-1 8.30249E-2 9.90573E-2 1.3953E-1 5.01181E-1 6.94386E-1 7.16368E-1 7.25912E-1 5.54758E-1 5.90572E-1 6.83624E-1 6.04028E-1 6.25667E-1 4.82131E-1 5.60588E-1 6.17049E-1 5.9011E-1 6.14948E-1 5.86881E-1 6.00181E-1 4.19196E-1 6.12765E-1 6.80598E-1 5.36903E-1 5.479E-1 6.38116E-1
-9999 -9999 -9999 -9999 -9999 -9999 -9999 -9999 -9999 -9999 -9999 -9999 -9999 4.44654E-3 2.30868E-3 1.58384E-3 4.6458E-3 -9999 5.80624E-2 2.54665E-1 7.86546E-2 1.20828E-2 2.81547E-3 1.27062E-2 4.08953E-2 6.46249E-2 1.37615E-1 4.90721E-2 4.01066E-2 2.22712E-2 1.52382E-2 9.59899E-3 1.99323E-2 2.97506E-2 4.24828E-2 9.1087E-2 1.06699E-1 1.44569E-1 2.8533E-1 2.5793E-1 5.07329E-1 6.51377E-1 7.09072E-1 6.23416E-1 5.41926E-1 6.88614E-1 5.0783E-1 4.29628E-1 4.72607E-1 6.52255E-1 6.153E-1 4.6988E-1 5.92578E-1 6.94414E-1 6.34943E-1 5.78853E-1 7.01124E-1 5.18342E-1 5.27842E-1 5.1639E-1 4.98382E-1
-9999 -9999 -9999 -9999 -9999 -9999 -9999 -9999 -9999 -9999 -9999 -9999 -9999 2.49852E-3 3.63579E-3 1.82773E-3 1.63087E-3 -9999 2.37694E-3 4.09104E-2 1.77358E-2 3.1548E-3 5.37288E-3 8.78034E-3 3.88974E-2 1.08231E-1 2.11297E-1 5.24898E-2 3.43394E-2 1.73204E-2 3.28659E-2 3.99571E-2 3.5326E-2 2.14712E-2 3.28892E-2 1.8053E-1 5.1081E-2 1.34321E-1 1.42515E-1 3.09537E-1 4.37048E-1 6.19647E-1 6.57709E-1 6.36221E-1 6.32324E-1 5.63492E-1 4.24422E-1 4.80248E-1 5.27456E-1 6.63813E-1 5.76238E-1 3.56835E-1 4.9742E-1 6.88888E-1 6.60407E-1 6.4148E-1 6.57561E-1 4.19522E-1 4.66682E-1 5.17656E-1 6.11925E-1
-9999 -9999 -9999 -9999 -9999 -9999 -9999 -9999 -9999 -9999 -9999 -9999 -9999 3.81842E-3 1.6692E-3 1.43957E-3 2.13603E-2 -9999 1.24849E-2 4.81655E-2 9.71563E-3 3.33208E-3 1.72624E-2 4.77823E-2 7.25327E-2 1.73903E-1 4.6394E-1 1.9452E-1 1.30531E-1 2.72734E-2 6.42514E-2 1.28833E-2 5.65704E-3 2.82082E-2 6.71148E-2 1.19218E-1 1.09253E-1 1.06053E-1 5.64245E-1 5.14062E-1 3.78937E-1 5.92962E-1 7.38415E-1 6.37671E-1 6.02429E-1 5.90555E-1 6.47068E-1 6.94416E-1 5.98768E-1 4.85417E-1 4.08921E-1 3.20893E-1 5.02729E-1 6.23801E-1 7.1474E-1 6.93285E-1 5.90676E-1 4.85309E-1 4.54758E-1 4.70504E-1 5.5908E-1
-9999 -9999 -9999 -9999 -9999 -9999 -9999 -9999 -9999 -9999 -9999 -9999 -9999 2.11627E-3 1.31349E-3 1.11175E-3 1.86347E-3 3.16226E-3 2.39916E-3 6.0012E-2 5.18257E-3 1.54214E-3 1.39862E-2 6.50889E-2 2.12326E-1 4.09278E-1 3.02326E-1 1.14158E-1 6.04894E-2 6.4249E-2 5.07414E-2 2.18546E-2 1.21845E-2 1.50462E-1 4.10003E-2 3.36423E-2 9.74837E-2 3.78633E-2 8.58542E-2 4.25502E-1 4.41611E-1 6.5647E-1 6.37946E-1 6.43907E-1 6.35008E-1 6.17219E-1 5.59677E-1 4.57499E-1 6.31667E-1 6.09516E-1 4.93226E-1 4.65397E-1 7.01131E-1 6.96114E-1 6.97456E-1 6.79197E-1 6.40719E-1 6.03397E-1 6.4394E-1 4.5072E-1 5.07599E-1
-9999 -9999 -9999 -9999 -9999 -9999 -9999 -9999 -9999 -9999 -9999 -9999 -9999 3.29525E-3 1.771E-3 8.17614E-4 3.12717E-3 1.18353E-3 8.80969E-4 2.40074E-2 1.88107E-2 3.87512E-3 8.84318E-3 8.86988E-2 4.2703E-1 3.22644E-1 1.17155E-1 6.21823E-2 4.60772E-2 2.12656E-1 3.11848E-2 3.01912E-2 2.66727E-2 1.87794E-1 2.40219E-2 3.32616E-2 1.22774E-1 2.98326E-2 2.90905E-2 4.07761E-2 3.87785E-1 6.0768E-1 5.82386E-1 6.85648E-1 6.5349E-1 6.19123E-1 6.66091E-1 4.27127E-1 3.1376E-1 4.27198E-1 4.97553E-1 4.02889E-1 6.54219E-1 6.92209E-1 7.11201E-1 6.70978E-1 6.21119E-1 6.53633E-1 6.29689E-1 6.50707E-1 5.30669E-1
-9999 -9999 -9999 -9999 -9999 -9999 -9999 -9999 -9999 -9999 -9999 -9999 -9999 3.53545E-3 3.54951E-3 3.36273E-3 1.05174E-3 8.41518E-4 5.12898E-4 6.91823E-2 3.70382E-3 8.95009E-3 3.97912E-2 3.73603E-1 5.88211E-1 2.75337E-1 2.57732E-1 5.61277E-2 8.52032E-2 1.54218E-1 6.29573E-2 3.79357E-2 8.30526E-2 5.45769E-2 2.45512E-2 2.79922E-2 4.71303E-2 2.96132E-2 6.94452E-2 2.5858E-2 2.22432E-1 3.0827E-1 6.91894E-1 5.73371E-1 6.52354E-1 6.68486E-1 4.49112E-1 4.39606E-1 3.77273E-1 6.16333E-1 5.62285E-1 4.61703E-1 6.49231E-1 5.74424E-1 5.77674E-1 5.92541E-1 5.95167E-1 6.19426E-1 6.56353E-1 6.39521E-1 5.92861E-1
-9999 -9999 -9999 -9999 -9999 -9999 -9999 -9999 -9999 -9999 -9999 -9999 -9999 3.3675E-3 5.36261E-3 4.54314E-3 1.34595E-3 4.88601E-4 1.80543E-2 4.5419E-2 1.06078E-2 1.07135E-2 1.61861E-1 5.67012E-1 3.98362E-1 2.39991E-1 4.47484E-1 3.10978E-1 1.07097E-1 8.52059E-2 1.0155E-1 6.56285E-2 8.59636E-2 8.10047E-2 1.22524E-2 6.36878E-2 7.14367E-2 1.01011E-1 2.00057E-1 4.86527E-2 6.02504E-2 2.62297E-1 6.29092E-1 6.83855E-1 4.29194E-1 4.44712E-1 5.48561E-1 5.05169E-1 5.84115E-1 4.54643E-1 3.64957E-1 4.00828E-1 5.38759E-1 5.62671E-1 5.479E-1 3.81105E-1 3.91793E-1 4.80674E-1 5.87542E-1 5.65222E-1 4.75257E-1
-9999 -9999 -9999 -9999 -9999 -9999 -9999 -9999 -9999 -9999 -9999 -9999 -9999 3.99902E-3 2.51422E-3 1.03174E-2 7.85424E-3 9.25557E-3 2.88391E-2 8.66235E-3 2.85685E-2 6.63364E-2 1.43397E-1 2.2895E-1 2.50678E-1 2.20193E-1 3.57544E-1 3.63954E-1 4.09183E-1 2.87247E-1 1.63421E-1 1.17968E-1 3.6965E-2 1.39807E-2 1.35321E-2 4.28892E-2 1.56581E-1 2.88911E-1 5.67323E-1 3.97976E-2 8.23306E-2 4.24168E-1 5.27402E-1 6.37685E-1 4.82985E-1 5.30824E-1 5.66206E-1 5.34866E-1 5.17917E-1 4.82779E-1 3.92272E-1 4.4413E-1 5.56495E-1 5.45879E-1 5.35351E-1 4.61548E-1 3.85308E-1 5.91561E-1 5.22575E-1 5.53184E-1 5.21673E-1
-9999 -9999 -9999 -9999 -9999 -9999 -9999 -9999 -9999 -9999 -9999 -9999 3.47648E-3 3.56986E-3 5.92681E-3 1.61696E-2 1.77662E-2 1.44675E-2 1.84348E-2 2.99111E-3 1.83395E-2 2.86252E-1 2.88299E-1 3.19811E-1 1.10027E-1 2.14851E-1 2.91918E-1 3.45364E-1 3.4704E-1 2.1004E-1 3.29416E-1 8.49577E-2 2.12737E-2 1.3023E-2 2.48845E-2 2.74898E-2 1.1548E-1 3.25482E-1 8.99022E-2 4.44792E-2 2.61547E-2 3.04056E-1 5.57356E-1 6.15441E-1 5.57247E-1 5.67529E-1 4.95764E-1 4.73484E-1 4.23877E-1 6.2881E-1 4.5768E-1 4.33767E-1 4.65563E-1 4.73591E-1 4.893E-1 4.7215E-1 4.23945E-1 6.57199E-1 5.17302E-1 4.72657E-1 5.78877E-1
-9999 -9999 -9999 -9999 -9999 -9999 -9999 -9999 -9999 -9999 -9999 -9999 8.83746E-3 7.13915E-3 5.2728E-3 8.74906E-3 1.1471E-2 1.36542E-2 6.35221E-3 9.10256E-3 7.45727E-2 2.50236E-1 6.32593E-2 2.36197E-1 2.0375E-1 1.87982E-1 1.65431E-1 2.55554E-1 3.06883E-1 3.12763E-1 2.85855E-1 1.46074E-1 3.80356E-2 5.46358E-2 1.25881E-2 3.55944E-2 2.55861E-1 5.33155E-1 1.74835E-1 2.71485E-2 2.92434E-2 2.85293E-1 4.22535E-1 4.92416E-1 4.80101E-1 5.07942E-1 3.80723E-1 4.48589E-1 5.03116E-1 5.69379E-1 4.71564E-1 4.04409E-1 3.6423E-1 4.38542E-1 4.36981E-1 4.23093E-1 4.24833E-1 4.82624E-1 5.04724E-1 4.34747E-1 4.65455E-1
-9999 -9999 -9999 -9999 -9999 -9999 -9999 -9999 -9999 -9999 -9999 -9999 5.38045E-3 4.9303E-3 4.59553E-3 8.9064E-3 8.65866E-3 8.78082E-3 5.40483E-3 3.29509E-2 1.2749E-1 1.4347E-1 1.09877E-1 3.90551E-2 7.84319E-2 1.4838E-1 2.81822E-1 2.00204E-1 2.56404E-1 2.471E-1 3.51629E-1 4.8705E-2 2.49641E-2 1.29492E-2 1.21733E-2 2.86653E-2 1.85933E-1 4.99971E-1 2.11634E-1 4.46064E-2 3.50719E-2 4.11344E-1 4.16492E-1 5.32409E-1 4.35733E-1 4.36658E-1 4.05537E-1 3.92594E-1 4.8045E-1 7.16953E-1 6.67269E-1 6.79327E-1 4.55739E-1 3.51029E-1 4.38147E-1 5.70049E-1 5.99727E-1 6.69739E-1 4.69885E-1 4.62011E-1 5.71205E-1
-9999 -9999 -9999 -9999 -9999 -9999 -9999 -9999 -9999 -9999 -9999 -9999 1.73037E-2 4.44887E-3 2.20082E-2 2.02899E-2 4.57678E-2 2.6291E-3 1.33113E-2 2.03232E-2 4.87321E-2 7.86225E-2 1.16429E-1 1.27131E-1 7.46299E-2 1.00089E-1 1.69014E-1 2.01798E-1 3.28599E-1 4.13204E-1 3.49762E-1 1.08971E-1 3.04248E-2 1.71882E-2 1.15847E-2 1.33432E-2 7.54635E-2 2.95242E-1 7.18415E-2 1.09621E-1 6.04324E-2 3.21751E-1 4.17273E-1 4.775E-1 4.95321E-1 5.04434E-1 5.11537E-1 3.63849E-1 4.32477E-1 6.31592E-1 6.62186E-1 6.36576E-1 6.43429E-1 4.44179E-1 7.06539E-1 6.16105E-1 7.50157E-1 5.53789E-1 3.77171E-1 4.47228E-1 4.25328E-1
-9999 -9999 -9999 -9999 -9999 -9999 -9999 -9999 -9999 -9999 -9999 5.60561E-3 5.0998E-3 2.67494E-2 1.26632E-2 1.37965E-3 2.62625E-2 9.43193E-3 3.56496E-2 2.5883E-1 1.33251E-1 7.25642E-2 1.48011E-1 1.30542E-1 3.08898E-2 1.01729E-1 1.69822E-1 3.69097E-1 3.50534E-1 4.7804E-1 4.88069E-1 4.1982E-1 3.03057E-2 3.94501E-2 1.6125E-2 2.10255E-2 5.73001E-2 5.50048E-1 3.51382E-1 1.91333E-1 3.97632E-1 2.01964E-1 6.252E-1 5.60507E-1 5.3276E-1 6.18011E-1 4.81877E-1 3.0149E-1 4.25719E-1 5.06323E-1 4.61116E-1 3.69256E-1 5.90397E-1 7.04295E-1 4.94303E-1 4.28227E-1 3.82236E-1 4.10052E-1 4.36966E-1 4.8969E-1 4.07998E-1
-9999 -9999 -9999 -9999 -9999 -9999 -9999 -9999 -9999 -9999 -9999 3.79127E-3 1.30525E-2 5.6422E-2 3.64703E-2 2.12339E-2 2.24094E-2 1.99274E-2 1.04001E-1 2.28584E-1 2.04908E-1 4.90247E-2 5.23877E-2 6.50091E-2 1.40692E-1 1.97472E-1 2.08677E-1 3.73439E-2 2.56476E-2 6.33025E-1 5.26107E-1 6.16432E-1 2.51021E-1 3.1261E-2 2.64183E-2 1.81952E-2 4.22514E-2 6.29318E-1 9.51528E-2 5.31666E-1 4.29074E-1 2.93587E-1 7.29748E-1 5.26936E-1 5.48904E-1 1.76353E-1 1.31924E-1 4.86414E-1 4.30218E-1 6.41152E-1 5.08462E-1 3.38221E-1 5.22278E-1 5.86798E-1 3.32388E-1 3.56479E-1 3.20956E-1 3.35619E-1 4.1171E-1 4.39744E-1 4.57873E-1
-9999 -9999 -9999 -9999 -9999 -9999 -9999 -9999 -9999 -9999 1.25831E-3 1.56366E-3 1.46867E-2 4.13147E-2 1.18104E-1 8.38684E-3 4.86065E-3 1.50274E-2 8.50249E-2 6.23988E-2 8.22663E-2 1.29248E-1 1.56599E-1 1.10338E-1 1.71283E-1 3.36526E-1 1.491E-1 2.96871E-2 8.54338E-2 2.27344E-1 2.41343E-1 6.94617E-1 3.90676E-1 1.77E-2 3.68933E-2 2.89653E-2 1.36554E-1 6.28214E-1 1.51949E-1 3.56962E-1 7.02702E-1 3.91275E-1 6.19901E-1 7.0809E-1 4.66897E-1 6.0377E-1 2.77921E-1 4.73156E-1 5.41939E-1 3.13287E-1 5.15161E-1 3.04164E-1 2.82641E-1 3.10322E-1 3.35426E-1 3.28095E-1 3.30609E-1 3.93987E-1 3.39676E-1 3.38796E-1 3.74331E-1
-9999 -9999 -9999 -9999 -9999 -9999 -9999 -9999 -9999 -9999 9.05005E-4 8.69082E-4 3.1186E-2 5.82774E-2 2.45448E-2 5.83973E-3 6.33091E-3 2.61149E-2 2.84254E-2 3.79951E-2 3.79725E-2 9.35002E-2 1.07666E-1 1.33279E-1 1.46357E-1 1.37705E-1 2.0365E-1 1.96448E-1 3.14814E-1 3.6748E-1 1.58889E-1 1.70227E-1 5.08737E-2 4.03536E-2 3.28948E-2 2.80822E-2 1.59022E-1 3.69603E-1 1.87709E-1 5.04568E-1 7.69542E-1 1.55492E-1 3.31044E-1 6.33302E-1 5.48149E-1 4.00926E-1 4.39015E-1 3.40785E-1 3.10582E-1 3.90919E-1 2.82505E-1 3.55821E-1 3.08226E-1 3.09449E-1 3.86799E-1 4.73455E-1 3.73409E-1 3.63774E-1 3.84478E-1 3.96347E-1 4.02175E-1
-9999 -9999 -9999 -9999 -9999 -9999 -9999 -9999 -9999 -9999 6.94342E-4 7.88E-4 4.11976E-2 2.75096E-2 5.75564E-3 6.42481E-3 9.67182E-3 2.44053E-2 6.47324E-2 4.28247E-2 2.73865E-2 3.79184E-2 4.1445E-2 5.15306E-2 1.14151E-1 8.16108E-2 3.33542E-1 7.7845E-2 2.64742E-1 3.14823E-1 8.66251E-2 5.19084E-2 4.25919E-2 5.73907E-2 5.63478E-2 6.20548E-2 2.11788E-1 2.24768E-1 3.27662E-1 2.96071E-1 6.23195E-1 4.6701E-1 6.57739E-1 6.16814E-1 6.2519E-1 6.15553E-1 2.27703E-1 3.44453E-1 3.46085E-1 3.48433E-1 4.83029E-1 5.44351E-1 5.12186E-1 3.35178E-1 3.82478E-1 2.86321E-1 2.68512E-1 3.05411E-1 4.91729E-1 3.82515E-1 3.1688E-1
-9999 -9999 -9999 -9999 -9999 -9999 -9999 -9999 -9999 6.51136E-4 5.79699E-4 9.96796E-4 2.29767E-2 7.25055E-3 1.99252E-3 3.25215E-3 1.90199E-2 5.84038E-2 7.92426E-2 2.52294E-2 3.57148E-2 4.62162E-2 5.45019E-2 6.48552E-2 4.9297E-2 4.70073E-2 4.58029E-1 1.0885E-1 8.81998E-2 6.10517E-2 6.68264E-2 1.19933E-1 1.31003E-1 1.30397E-1 1.35144E-1 1.56429E-1 1.99063E-1 2.17957E-1 5.41577E-1 2.50233E-1 7.08927E-1 6.08322E-1 7.08923E-1 4.5853E-1 6.21078E-1 4.69248E-1 5.13672E-1 4.94841E-1 4.59555E-1 3.16563E-1 3.20724E-1 3.72865E-1 3.4123E-1 4.90827E-1 5.87601E-1 5.45935E-1 4.38278E-1 4.1241E-1 3.22971E-1 4.01367E-1 4.09229E-1
-9999 -9999 -9999 -9999 -9999 -9999 -9999 -9999 -9999 8.4167E-4 6.16083E-4 1.14479E-3 4.68451E-3 1.83021E-3 1.57947E-3 3.79209E-3 2.37283E-2 3.39313E-2 5.79812E-2 4.45171E-2 9.45906E-2 5.02435E-2 5.06152E-2 6.4806E-2 6.05335E-2 9.63483E-2 3.33322E-1 2.95335E-1 2.47703E-1 1.59292E-1 1.63733E-1 2.27628E-1 9.9774E-2 1.45776E-1 3.85822E-1 4.40638E-1 2.82533E-1 5.43628E-1 4.75235E-1 5.89338E-1 7.69604E-1 7.7189E-1 4.41528E-1 4.91022E-1 6.68606E-1 6.63361E-1 5.92356E-1 4.03039E-1 5.99632E-1 5.82236E-1 5.61752E-1 5.65062E-1 3.84739E-1 5.18925E-1 5.25948E-1 6.33006E-1 5.1427E-1 4.11567E-1 4.45072E-1 2.99532E-1 2.63185E-1
-9999 -9999 -9999 -9999 -9999 -9999 -9999 -9999 6.21525E-4 6.52691E-4 1.69038E-3 1.57559E-2 1.60067E-3 1.93361E-3 3.78565E-3 1.99772E-2 2.51008E-2 4.10168E-2 5.1177E-2 5.65636E-2 9.30979E-2 1.00227E-1 6.79302E-2 9.80427E-2 7.76896E-2 2.63166E-1 2.11724E-1 3.35453E-1 2.19031E-1 3.25146E-1 2.61883E-1 2.41384E-1 8.53224E-2 1.99114E-1 3.46298E-1 2.50494E-1 3.12435E-1 6.55314E-1 5.66838E-1 8.43977E-1 7.972E-1 7.06191E-1 5.12009E-1 3.82216E-1 1.84397E-1 4.2788E-1 1.02032E-1 3.01105E-1 4.31585E-1 6.14002E-1 4.65968E-1 4.37174E-1 2.95629E-1 3.55906E-1 3.29903E-1 6.56582E-1 6.27242E-1 6.34951E-1 4.44584E-1 2.91893E-1 3.17737E-1
-9999 -9999 -9999 -9999 -9999 -9999 -9999 1.35093E-3 1.3868E-3 7.03834E-4 5.89749E-3 1.62019E-2 1.37957E-3 2.00687E-3 7.7936E-3 4.20273E-2 4.8152E-2 5.7118E-2 7.65969E-2 8.82147E-2 1.0359E-1 8.37384E-2 8.48517E-2 1.07747E-1 9.04253E-2 1.55461E-1 1.52672E-1 4.10303E-1 4.42076E-1 4.30678E-1 2.34713E-1 1.84847E-1 1.23304E-1 1.39233E-1 2.46471E-1 3.47226E-1 7.62674E-1 7.06083E-1 7.55262E-1 8.33092E-1 7.63568E-1 6.40441E-1 3.65545E-1 2.84404E-1 1.92531E-1 4.34814E-1 3.41803E-1 8.20384E-2 3.72907E-1 7.04465E-1 5.85145E-1 5.70074E-1 7.23744E-1 4.12402E-1 6.15882E-1 6.35814E-1 6.8955E-1 6.64288E-1 6.14728E-1 3.60431E-1 3.37311E-1
-9999 -9999 -9999 -9999 -9999 -9999 -9999 4.28383E-4 3.26942E-4 3.78883E-4 2.11038E-3 2.26509E-3 1.19029E-3 4.84797E-3 3.19593E-2 4.83122E-2 5.0754E-2 1.65903E-1 8.81323E-2 7.31363E-2 9.19384E-2 1.44837E-1 2.07559E-1 1.59126E-1 1.57381E-1 1.17578E-1 1.9884E-1 3.74086E-1 1.96545E-1 4.57107E-1 1.95363E-1 1.05927E-1 1.48319E-1 3.2733E-1 3.21676E-1 6.48594E-1 6.6901E-1 7.59411E-1 8.13255E-1 8.45773E-1 8.23788E-1 6.25205E-1 5.0074E-1 3.79789E-1 2.97438E-1 2.21002E-1 3.36659E-1 3.2422E-1 5.41693E-1 3.55692E-1 4.23677E-1 4.51264E-1 5.01625E-1 6.0901E-1 4.69548E-1 6.86425E-1 5.51729E-1 6.59528E-1 6.28256E-1 3.88325E-1 3.69296E-1
-9999 -9999 -9999 -9999 -9999 -9999 -9999 9.00285E-4 7.7064E-4 5.43219E-4 2.4949E-3 3.45034E-3 3.78965E-3 5.27122E-3 4.91206E-2 4.63509E-2 6.43494E-2 1.58857E-1 8.40778E-2 7.12274E-2 9.07173E-2 1.07126E-1 3.27739E-1 1.97304E-1 1.11247E-1 9.0508E-2 9.34897E-2 3.82534E-1 1.21756E-1 2.50111E-1 3.53154E-1 1.27086E-1 4.22661E-1 4.08565E-1 4.63384E-1 6.21132E-1 7.73068E-1 7.33262E-1 7.96918E-1 7.1514E-1 6.03591E-1 5.17819E-1 4.13475E-1 2.4889E-1 1.40703E-1 2.08902E-1 2.59588E-1 1.64923E-1 4.56301E-1 6.93979E-1 6.11653E-1 5.58126E-1 6.31463E-1 3.94219E-1 5.71295E-1 5.63127E-1 4.08417E-1 6.27101E-1 5.24391E-1 3.57796E-1 4.77143E-1
