Candidate_Models_July82022/M_8_F_lqp_Set_1_all/Bison.asc
ncols         290
nrows         380
xllcorner     -2197417.7431653
yllcorner     -584827.01486885
cellsize      10000.0
NODATA_value  -9999
[rows 297 to 323 of 380, columns 61 to 121 of 290]
6.64839E-5 7.36847E-5 1.66173E-4 1.0858E-4 1.46298E-4 1.81998E-4 1.69365E-4 1.67002E-4 1.33199E-4 8.47288E-5 1.61432E-4 1.39641E-4 9.20631E-5 1.14892E-4 1.32543E-4 1.29083E-4 1.22071E-4 9.7711E-5 4.44317E-5 4.48361E-5 4.04376E-5 5.23743E-5 3.71887E-5 5.19671E-5 4.75467E-5 1.72385E-4 9.34825E-5 7.12199E-5 9.45807E-5 1.77714E-4 7.33701E-5 5.25761E-5 1.94672E-4 1.63974E-4 1.62208E-4 1.79439E-4 1.55366E-4 5.22224E-5 2.7889E-5 3.14202E-5 6.68408E-5 4.67329E-5 9.22887E-5 3.81717E-5 3.60363E-5 3.19427E-5 5.05955E-5 9.55331E-5 9.79849E-5 9.26973E-5 1.76689E-4 2.38228E-4 4.76244E-5 4.2232E-5 4.24876E-5 1.14677E-4 1.9187E-4 3.07042E-5 4.1207E-5 3.82377E-5 2.62833E-4
8.17973E-5 1.46532E-4 1.25586E-4 6.98602E-5 1.35126E-4 1.63286E-4 1.30395E-4 1.40807E-4 1.24505E-4 7.52957E-5 9.70765E-5 1.39655E-4 1.60959E-4 1.50481E-4 1.34747E-4 1.99719E-4 7.33396E-5 5.6832E-5 3.03689E-5 5.70801E-5 6.84889E-5 4.5378E-5 8.37836E-5 7.72139E-5 3.39456E-5 8.25392E-5 5.86216E-5 6.54252E-5 5.92464E-5 5.11414E-5 9.93105E-5 1.05222E-4 7.68223E-5 1.55516E-4 1.81199E-4 1.80104E-4 1.01309E-4 3.34605E-5 3.96367E-5 1.44017E-5 2.71636E-5 4.62321E-5 2.6679E-5 2.71626E-5 2.7492E-5 7.61597E-5 7.04519E-5 1.24893E-4 2.34755E-4 1.63373E-4 2.00909E-4 1.47142E-4 4.10076E-5 5.0203E-5 7.33734E-5 2.47145E-4 2.73152E-4 5.36259E-5 6.11283E-5 9.58442E-5 2.6136E-4
4.54573E-5 7.6075E-5 1.66593E-4 7.11044E-5 1.24477E-4 1.68122E-4 1.06844E-4 8.62957E-5 1.61628E-4 1.25887E-4 1.07794E-4 1.00668E-4 1.10635E-4 1.48016E-4 1.66072E-4 1.12885E-4 7.19333E-5 5.33565E-5 4.6867E-5 5.76119E-5 1.77562E-4 1.54753E-4 8.79112E-5 1.06554E-4 6.97769E-5 5.35795E-5 9.40592E-5 9.88684E-5 8.13279E-5 6.61113E-5 9.58799E-5 9.94654E-5 1.26233E-4 1.48758E-4 1.4737E-4 3.69426E-5 4.67598E-5 5.12804E-5 4.91875E-5 4.66137E-5 3.73767E-5 2.54762E-5 5.04262E-5 4.19771E-5 3.19441E-5 2.16609E-5 3.09209E-5 1.5648E-4 9.4584E-5 1.5422E-4 1.57424E-4 5.5878E-5 5.24023E-5 6.88343E-5 1.19576E-4 3.24299E-4 2.2887E-4 4.31475E-5 5.87642E-5 2.10184E-4 2.0388E-4
7.07327E-5 9.57709E-5 7.86221E-5 9.02156E-5 7.74043E-5 1.04718E-4 8.75777E-5 1.44342E-4 1.06142E-4 9.12503E-5 7.94924E-5 9.63869E-5 7.46184E-5 1.16677E-4 1.02633E-4 7.87817E-5 7.18191E-5 5.45326E-5 5.83836E-5 1.72309E-4 1.62464E-4 1.00441E-4 9.97275E-5 2.18892E-4 1.42789E-4 8.49965E-5 1.77758E-4 2.39722E-4 8.78451E-5 5.0159E-5 6.13429E-5 8.82345E-5 8.26368E-5 1.1768E-4 3.96328E-5 2.68811E-5 2.65948E-5 5.07736E-5 3.89838E-5 7.48732E-5 7.82178E-5 1.88903E-5 5.10062E-5 9.14093E-5 3.07162E-5 4.1947E-5 1.46238E-4 1.23288E-4 8.03593E-5 2.08444E-4 1.49915E-4 8.6993E-5 9.79168E-5 4.37337E-5 5.73404E-5 1.27595E-4 7.31196E-5 6.43864E-5 1.28583E-4 2.07742E-4 2.54213E-4
6.72587E-5 8.10338E-5 7.35816E-5 1.07711E-4 1.08569E-4 7.88632E-5 8.61417E-5 7.00071E-5 7.35809E-5 6.56073E-5 1.0616E-4 1.19482E-4 9.37269E-5 7.68497E-5 8.30016E-5 8.16051E-5 7.11973E-5 6.14289E-5 1.85619E-4 1.31994E-4 7.5398E-5 4.63859E-5 4.01406E-5 1.77954E-4 2.51212E-4 2.40568E-4 2.48059E-4 2.4477E-4 5.91591E-5 5.27843E-5 7.51692E-5 6.40058E-5 7.44703E-5 7.52968E-5 3.76309E-5 4.65445E-5 4.5362E-5 4.14782E-5 5.03507E-5 5.44749E-5 4.59651E-5 5.1307E-5 4.35163E-5 3.63964E-5 2.93461E-5 2.06175E-5 2.87015E-5 1.88098E-4 1.15703E-4 1.84569E-4 1.46461E-4 8.94597E-5 6.88167E-5 4.05677E-5 3.96225E-5 5.56693E-5 8.17736E-5 1.88249E-4 1.50338E-4 1.98756E-4 2.18884E-4
7.9067E-5 6.82235E-5 7.1624E-5 7.31531E-5 8.05006E-5 9.09169E-5 9.14789E-5 7.5092E-5 7.84931E-5 7.97341E-5 8.73381E-5 1.46777E-4 1.33568E-4 9.26213E-5 8.77771E-5 1.19955E-4 7.42731E-5 1.00743E-4 1.66121E-4 1.24779E-4 2.01985E-4 3.2644E-5 4.07893E-5 2.35184E-5 2.81799E-4 2.68084E-4 1.85368E-4 1.36049E-4 4.15672E-5 4.68354E-5 6.81139E-5 5.06649E-5 5.52677E-5 3.73415E-5 3.43586E-5 4.54449E-5 3.62934E-5 4.02476E-5 3.5409E-5 5.81204E-5 5.32496E-5 5.68766E-5 6.88994E-5 7.12309E-5 2.7499E-5 5.05073E-5 1.31587E-4 9.87016E-5 7.28203E-5 4.92156E-5 1.88931E-4 1.54361E-4 4.71093E-5 5.47458E-5 9.71369E-5 7.09603E-5 3.77957E-5 1.64415E-4 1.69365E-4 7.85776E-5 1.63485E-4
6.88878E-5 6.83035E-5 6.26442E-5 7.48814E-5 7.66715E-5 5.65798E-5 5.91427E-5 6.22589E-5 5.60056E-5 6.07166E-5 7.3639E-5 1.00153E-4 1.19315E-4 6.45682E-5 7.77982E-5 5.34047E-5 4.48722E-5 6.18152E-5 1.11019E-4 1.40493E-4 1.70708E-4 4.21036E-5 2.33387E-5 4.02449E-5 6.9802E-5 2.5792E-4 2.03247E-4 1.51077E-4 5.34962E-5 1.298E-4 2.39755E-5 6.1379E-5 6.4566E-5 4.22205E-5 9.43986E-5 4.32457E-5 3.16084E-5 6.63102E-5 7.53569E-5 7.61792E-5 7.58063E-5 4.30457E-5 7.71205E-5 5.96537E-5 5.95346E-5 4.21842E-5 4.0852E-5 4.91261E-5 3.31886E-5 4.88327E-5 8.81111E-5 6.80321E-5 2.05602E-4 1.41902E-4 5.47036E-5 2.41254E-4 2.54819E-4 1.02906E-4 6.3355E-5 6.20135E-5 2.43473E-4
0E0 5.63504E-5 4.12643E-5 4.2803E-5 5.13134E-5 5.89936E-5 6.47936E-5 5.13275E-5 5.38252E-5 7.64288E-5 7.11055E-5 6.59602E-5 9.92854E-5 5.8159E-5 5.35887E-5 6.12005E-5 5.38235E-5 4.48276E-5 1.32192E-4 1.62298E-4 1.28002E-4 5.35101E-5 2.35626E-5 6.96264E-5 3.69885E-5 1.03014E-4 7.29298E-5 5.38645E-5 8.94334E-5 1.83461E-5 7.51678E-5 6.81376E-5 3.58999E-5 3.49651E-5 2.8397E-5 2.0783E-5 3.68695E-5 4.04245E-5 6.12141E-5 6.08352E-5 1.98715E-5 3.01441E-5 3.22577E-5 7.81234E-5 8.46887E-5 1.13997E-4 5.1658E-5 8.54842E-5 6.51698E-5 6.5907E-5 5.98779E-5 8.03103E-5 8.09877E-5 3.91574E-4 3.21704E-4 3.1174E-4 5.77783E-5 4.34631E-5 2.40544E-4 7.14178E-5 3.10597E-4
6.02492E-5 6.61672E-5 6.58945E-5 5.37059E-5 5.4521E-5 5.45552E-5 6.7119E-5 6.3394E-5 6.22503E-5 7.43087E-5 7.69359E-5 6.56883E-5 6.95538E-5 2.98945E-5 6.36033E-5 6.28431E-5 5.69741E-5 1.02465E-4 2.13629E-4 1.58301E-4 8.59624E-5 3.92989E-5 9.56498E-5 1.21445E-4 8.74364E-5 7.1654E-5 7.04199E-5 3.19364E-5 2.84425E-5 4.83084E-5 8.14653E-5 3.57906E-5 7.34306E-5 5.27989E-5 9.5365E-5 2.18006E-4 6.34314E-5 2.75566E-5 2.80155E-5 8.94692E-5 1.43301E-4 2.59444E-4 3.69177E-5 4.86772E-5 1.08257E-4 1.36993E-4 7.80192E-5 3.9025E-5 5.09943E-5 9.52214E-5 3.81862E-5 3.53735E-5 1.10253E-4 3.36715E-4 3.58409E-4 9.71886E-5 3.82382E-5 5.82117E-5 7.9983E-5 1.35403E-4 2.46278E-4
5.80264E-5 7.47471E-5 9.38693E-5 8.67189E-5 5.24286E-5 7.46781E-5 5.29857E-5 6.368E-5 8.58362E-5 8.3199E-5 6.35286E-5 7.42245E-5 5.11845E-5 2.63603E-5 4.59465E-5 8.33752E-5 7.09391E-5 1.63529E-4 1.76603E-4 1.73671E-4 1.13434E-4 6.52092E-5 4.68594E-5 5.6145E-5 7.88896E-5 6.16911E-5 5.25767E-5 6.42568E-5 3.65296E-5 8.16241E-5 5.02856E-5 3.66957E-5 4.2329E-5 8.48543E-5 8.79665E-5 1.11633E-4 6.08071E-5 6.99584E-5 6.34553E-5 1.34832E-4 1.74675E-4 6.99411E-5 3.44821E-5 3.79022E-5 3.71266E-5 2.89505E-5 1.04075E-4 7.86773E-5 6.58713E-5 6.33032E-5 6.45711E-5 3.97338E-5 2.82851E-4 3.04309E-4 3.77677E-4 7.24376E-5 6.45994E-5 7.28696E-5 5.43017E-5 1.30741E-4 2.6939E-4
4.95189E-5 7.093E-5 8.62905E-5 5.80021E-5 4.90142E-5 9.0558E-5 5.09953E-5 1.04369E-4 1.39761E-4 7.92956E-5 6.60961E-5 6.38594E-5 1.18241E-4 6.03446E-5 4.26015E-5 5.08481E-5 3.47102E-5 9.08632E-5 1.83964E-4 2.46446E-4 1.85732E-4 1.30601E-4 6.72921E-5 4.88811E-5 6.45386E-5 8.86278E-5 3.64663E-5 5.41332E-5 8.31624E-5 5.7575E-5 5.87582E-5 5.42244E-5 1.08644E-4 1.80412E-4 1.24261E-4 7.99866E-5 1.30857E-4 4.08383E-5 8.85192E-5 7.34671E-5 1.11419E-4 9.34047E-5 1.51235E-4 1.3342E-4 6.50838E-5 9.8986E-5 7.4406E-5 4.16094E-5 4.54391E-5 1.05497E-4 1.18569E-4 1.38072E-4 1.42617E-4 3.39304E-4 4.22336E-4 8.70965E-5 7.20742E-5 7.08676E-5 1.03146E-4 1.42664E-4 2.51577E-4
9.20201E-5 9.38094E-5 6.29032E-5 6.1466E-5 6.09674E-5 6.69225E-5 6.98945E-5 8.19362E-5 7.22369E-5 7.8477E-5 4.43966E-5 3.98914E-5 5.43752E-5 7.24512E-5 7.00547E-5 6.58979E-5 8.11936E-5 6.84154E-5 2.32021E-4 2.27041E-4 1.74317E-4 2.2406E-4 1.88575E-4 1.07121E-4 1.74813E-4 1.32466E-4 5.52102E-5 8.18133E-5 9.88214E-5 6.77718E-5 7.38329E-5 1.79787E-4 7.16759E-5 1.18141E-4 2.30778E-4 3.6897E-5 1.00434E-4 6.83729E-5 1.8728E-4 6.96687E-5 7.66111E-5 1.2374E-4 2.05028E-4 1.73844E-4 1.11081E-4 6.94659E-5 1.203E-4 7.64866E-5 6.31786E-5 7.3357E-5 2.15656E-4 9.19342E-5 7.22109E-5 4.37117E-4 3.85866E-4 1.25491E-4 9.54873E-5 1.39588E-4 9.65102E-5 2.86874E-4 3.03204E-4
9.2129E-5 8.67118E-5 8.48752E-5 6.11695E-5 5.57621E-5 6.62594E-5 6.0632E-5 7.49279E-5 8.25851E-5 7.88402E-5 6.90276E-5 5.8298E-5 4.11824E-5 7.19569E-5 7.58819E-5 6.76915E-5 9.60622E-5 6.52186E-5 1.47887E-4 1.41851E-4 1.45485E-4 1.109E-4 1.29776E-4 1.98558E-4 1.57106E-4 1.07229E-4 5.47528E-5 5.18379E-5 8.64332E-5 6.74385E-5 6.56991E-5 2.12576E-4 1.07172E-4 1.40824E-4 1.05599E-4 3.94739E-5 3.57082E-5 1.6787E-4 7.00084E-5 1.01118E-4 1.11204E-4 7.21392E-5 1.54913E-4 8.26762E-5 3.627E-4 1.85742E-4 1.45033E-4 1.74171E-4 1.14705E-4 9.24571E-5 2.50609E-4 2.22261E-4 9.45519E-5 4.25183E-4 3.67315E-4 4.06871E-4 2.78212E-4 1.1137E-4 8.86295E-5 3.20865E-4 2.49485E-4
1.02249E-4 1.00993E-4 9.59324E-5 1.02899E-4 6.32787E-5 9.44869E-5 3.19732E-5 6.3371E-5 9.40059E-5 7.23344E-5 1.34904E-4 1.53813E-4 7.44134E-5 4.53232E-5 6.39238E-5 1.01876E-4 1.01823E-4 1.00336E-4 7.85641E-5 1.27148E-4 1.01874E-4 9.23717E-5 1.22706E-4 8.51991E-5 8.72097E-5 7.10583E-5 1.09689E-4 1.05053E-4 7.30118E-5 1.56748E-4 5.9761E-5 7.07751E-5 2.42048E-4 8.7856E-5 8.25172E-5 4.74275E-5 4.49835E-5 2.63321E-5 5.16322E-5 1.02212E-4 5.31861E-5 5.24628E-5 3.0129E-4 8.75194E-5 8.97781E-5 1.65893E-4 1.78453E-4 4.28216E-5 8.63754E-5 1.54089E-4 2.73489E-4 3.20308E-4 1.59668E-4 6.96237E-5 3.87161E-4 1.33059E-4 3.53996E-4 2.60552E-4 2.14614E-4 2.53998E-4 2.0828E-4
1.34914E-4 1.363E-4 1.35697E-4 9.03704E-5 5.01458E-5 7.01694E-5 5.66452E-5 5.01678E-5 5.11299E-5 3.39255E-5 5.13626E-5 1.198E-4 8.91598E-5 4.5956E-5 8.90744E-5 2.05656E-4 1.91182E-4 9.47323E-5 1.32116E-4 7.89243E-5 1.02471E-4 1.21401E-4 1.11747E-4 1.23322E-4 9.85916E-5 7.15393E-5 1.00275E-4 1.33941E-4 1.16619E-4 2.13124E-4 7.77565E-5 1.16094E-4 3.56012E-4 9.94418E-5 8.48669E-5 3.43189E-5 1.03485E-4 5.03109E-5 6.5072E-5 9.48668E-5 5.93203E-5 2.39221E-4 1.22363E-4 1.65074E-4 8.56533E-5 5.0951E-5 7.32253E-5 5.36558E-5 1.04545E-4 1.34994E-4 1.78483E-4 2.91247E-4 1.28135E-4 7.88319E-5 7.85353E-5 2.98524E-4 3.36768E-4 2.36289E-4 3.13214E-4 2.86287E-4 2.36846E-4
9.16163E-5 1.0122E-4 9.97554E-5 8.73236E-5 7.23795E-5 6.13911E-5 6.27908E-5 1.73761E-4 1.36803E-4 4.98902E-5 4.54913E-5 9.41587E-5 4.82812E-5 6.42828E-5 7.0819E-5 1.07572E-4 1.09334E-4 1.09458E-4 1.52553E-4 1.199E-4 1.97466E-4 1.01439E-4 1.16527E-4 1.01421E-4 7.25934E-5 1.02333E-4 1.00658E-4 2.15543E-4 1.39118E-4 1.74794E-4 7.25114E-5 1.02908E-4 2.94069E-4 9.19993E-5 1.19252E-4 1.01805E-4 9.37124E-5 9.52037E-5 1.54442E-4 8.14617E-5 6.67548E-5 1.17021E-4 1.5165E-4 5.77282E-5 1.26077E-4 8.6923E-5 6.10933E-5 5.81927E-5 1.00576E-4 5.81002E-5 9.25701E-5 2.75064E-4 1.63932E-4 9.10773E-5 3.10506E-4 3.17859E-4 2.87535E-4 2.25255E-4 2.85171E-4 2.1193E-4 3.13779E-4
1.05035E-4 9.55071E-5 9.88141E-5 1.0228E-4 8.53326E-5 8.36015E-5 7.58551E-5 1.09343E-4 2.66836E-4 9.6669E-5 6.54008E-5 1.07187E-4 7.98999E-5 5.6306E-5 9.61923E-5 7.91806E-5 1.78314E-4 1.56432E-4 1.06404E-4 1.06563E-4 1.90928E-4 1.8602E-4 1.4668E-4 8.48818E-5 1.15225E-4 1.26305E-4 2.29646E-4 2.52099E-4 2.55727E-4 2.34411E-4 1.05002E-4 9.75785E-5 1.58288E-4 8.74652E-5 7.06349E-5 7.54909E-5 1.06982E-4 7.41842E-5 1.65305E-4 1.01838E-4 1.05207E-4 7.34861E-5 5.36308E-5 2.86308E-4 5.20349E-5 5.21144E-5 8.01882E-5 1.4767E-4 1.00897E-4 7.18371E-5 1.29143E-4 2.16594E-4 1.22768E-4 1.19935E-4 3.35129E-4 3.00219E-4 3.41727E-4 3.18865E-4 2.95225E-4 1.60514E-4 3.15031E-4
1.06025E-4 9.90189E-5 9.98389E-5 6.59913E-5 5.62715E-5 7.60368E-5 7.88559E-5 8.00307E-5 1.40061E-4 6.62888E-5 4.24783E-5 6.53654E-5 6.83965E-5 7.62312E-5 7.59822E-5 1.06134E-4 9.93608E-5 9.63311E-5 1.55181E-4 1.39129E-4 1.36067E-4 1.226E-4 1.27577E-4 2.03568E-4 1.84829E-4 2.30654E-4 1.55327E-4 2.82992E-4 2.66808E-4 1.49918E-4 6.03309E-5 1.29864E-4 2.6596E-4 8.10973E-5 7.29266E-5 6.26404E-5 7.98273E-5 1.10865E-4 1.37536E-4 9.76849E-5 1.31576E-4 9.31821E-5 6.38273E-5 1.77422E-4 3.01577E-5 7.81008E-5 9.19233E-5 1.19626E-4 9.73108E-5 2.50886E-4 1.38905E-4 3.05089E-4 1.61663E-4 9.78949E-5 3.47263E-4 1.61038E-4 3.26617E-4 2.8083E-4 3.9888E-4 3.36899E-4 2.36951E-4
1.05766E-4 1.04153E-4 8.75872E-5 1.10332E-4 7.57101E-5 7.56095E-5 8.738E-5 7.64327E-5 1.61989E-4 7.19235E-5 9.14148E-5 6.98397E-5 7.22204E-5 8.04652E-5 8.43579E-5 1.05654E-4 1.13859E-4 1.06254E-4 1.11347E-4 9.8773E-5 2.27213E-4 2.35659E-4 1.97581E-4 2.05085E-4 2.30371E-4 2.39326E-4 1.81694E-4 1.87377E-4 2.05528E-4 1.10796E-4 7.00934E-5 1.52115E-4 2.31831E-4 5.27682E-5 8.5318E-5 6.79801E-5 1.6364E-4 1.20921E-4 7.79324E-5 5.46757E-5 6.69554E-5 9.8807E-5 7.87613E-5 5.01835E-5 1.01798E-4 7.05035E-5 1.05474E-4 1.73013E-4 1.18806E-4 2.63511E-4 8.07573E-5 2.20635E-4 3.23478E-4 1.42793E-4 1.65564E-4 1.31899E-4 3.25022E-4 2.09662E-4 3.26585E-4 2.92602E-4 3.57701E-4
1.11875E-4 9.6057E-5 9.70899E-5 1.03945E-4 8.2262E-5 9.75127E-5 9.73037E-5 8.42359E-5 9.77419E-5 8.48145E-5 1.02641E-4 1.01215E-4 1.11931E-4 9.91608E-5 1.05098E-4 9.11547E-5 1.00755E-4 1.02657E-4 1.00545E-4 1.45832E-4 2.21488E-4 1.76617E-4 2.50252E-4 2.31314E-4 1.89449E-4 2.18062E-4 2.1957E-4 2.43405E-4 1.88297E-4 1.38229E-4 9.6006E-5 1.08743E-4 1.11095E-4 4.86163E-5 1.0933E-4 8.573E-5 1.01857E-4 1.39618E-4 6.37545E-5 1.96527E-4 1.71393E-4 1.42E-4 1.14006E-4 7.19815E-5 1.67305E-4 1.12375E-4 2.08495E-4 1.67083E-4 2.9743E-4 2.53132E-4 1.07333E-4 2.01036E-4 3.86758E-4 3.596E-4 1.46331E-4 2.05097E-4 1.76121E-4 2.16691E-4 3.16576E-4 3.99403E-4 3.72832E-4
1.08414E-4 1.1188E-4 9.61991E-5 1.08229E-4 1.0101E-4 1.08972E-4 1.05248E-4 1.00782E-4 9.01003E-5 7.90298E-5 1.26271E-4 1.24341E-4 1.14988E-4 1.3112E-4 1.0091E-4 9.47178E-5 9.85064E-5 1.19355E-4 1.60464E-4 1.43621E-4 2.06578E-4 2.06261E-4 2.32916E-4 2.02096E-4 2.15555E-4 2.49412E-4 2.37863E-4 1.65394E-4 1.19326E-4 2.17398E-4 1.10803E-4 6.64863E-5 6.80451E-5 4.73461E-5 7.79724E-5 7.1593E-5 9.47987E-5 1.32498E-4 7.13116E-5 1.01996E-4 1.29453E-4 8.6257E-5 1.79213E-4 6.02555E-5 9.47792E-5 1.0236E-4 2.93083E-4 1.47864E-4 1.9528E-4 2.70989E-4 2.7102E-4 4.76958E-4 1.80724E-4 3.65642E-4 2.86323E-4 2.28393E-4 2.04012E-4 2.20899E-4 3.38832E-4 3.33069E-4 3.23375E-4
1.08474E-4 1.05051E-4 2.03688E-4 1.03969E-4 1.08919E-4 1.04345E-4 1.09067E-4 1.21763E-4 8.78167E-5 8.74411E-5 9.32693E-5 1.04929E-4 1.49391E-4 1.16803E-4 1.05034E-4 9.63926E-5 9.34194E-5 1.00395E-4 1.93074E-4 1.60431E-4 2.11401E-4 2.00967E-4 1.7991E-4 2.2918E-4 2.28167E-4 1.89358E-4 1.73568E-4 2.24236E-4 1.17339E-4 1.30033E-4 8.02165E-5 9.62864E-5 7.34422E-5 1.17744E-4 4.95091E-5 9.21082E-5 1.08777E-4 1.09396E-4 1.56332E-4 1.62371E-4 1.29204E-4 1.38809E-4 5.59541E-5 1.23058E-4 1.28079E-4 1.27831E-4 1.23039E-4 1.66506E-4 1.48869E-4 2.57247E-4 2.26051E-4 3.67414E-4 1.4655E-4 1.95164E-4 2.52675E-4 2.12463E-4 2.64765E-4 1.89956E-4 1.90458E-4 3.50718E-4 3.53972E-4
1.06039E-4 1.08658E-4 1.22801E-4 1.8112E-4 1.09163E-4 1.03065E-4 2.5999E-4 2.86783E-4 2.37893E-4 1.93579E-4 1.06868E-4 1.07164E-4 9.0363E-5 1.17338E-4 1.23123E-4 7.62585E-5 6.60036E-5 9.12202E-5 1.82227E-4 1.71055E-4 2.24898E-4 2.36207E-4 2.02962E-4 1.77451E-4 1.74774E-4 1.59496E-4 1.61259E-4 2.11223E-4 1.93789E-4 2.43449E-4 9.30553E-5 8.87664E-5 9.25957E-5 7.58943E-5 7.71983E-5 1.21323E-4 8.17188E-5 5.84255E-5 2.38602E-4 1.52423E-4 1.15566E-4 9.75733E-5 4.78769E-5 5.53071E-5 9.82567E-5 1.08283E-4 1.55042E-4 1.74139E-4 1.6393E-4 1.58715E-4 2.46342E-4 2.87588E-4 1.43351E-4 2.16962E-4 2.12337E-4 3.67933E-4 2.02143E-4 2.44821E-4 2.04735E-4 2.30667E-4 2.51251E-4
1.03563E-4 1.05415E-4 1.03269E-4 1.14368E-4 1.0489E-4 1.67922E-4 2.85714E-4 2.96413E-4 1.90099E-4 1.33102E-4 1.29586E-4 9.69876E-5 9.87602E-5 1.08794E-4 7.8227E-5 1.05524E-4 1.11868E-4 8.33294E-5 9.47257E-5 9.31568E-5 1.4041E-4 2.23203E-4 1.74018E-4 1.88515E-4 1.71669E-4 1.64719E-4 1.49835E-4 1.99485E-4 2.12383E-4 2.06156E-4 1.3286E-4 1.00522E-4 7.78373E-5 1.00848E-4 8.55684E-5 5.51089E-5 8.41539E-5 2.23639E-4 1.01179E-4 0E0 1.28594E-4 1.49299E-4 7.714E-5 1.50797E-4 1.50969E-4 1.06024E-4 1.31751E-4 1.35358E-4 1.74883E-4 1.48407E-4 2.3355E-4 1.72073E-4 1.58515E-4 3.18237E-4 1.6439E-4 2.02412E-4 2.15233E-4 9.33091E-5 1.78412E-4 2.82243E-4 1.96701E-4
1.08179E-4 1.00254E-4 1.02282E-4 1.74204E-4 1.12452E-4 1.33718E-4 1.48091E-4 2.79267E-4 1.87083E-4 1.51661E-4 1.08101E-4 1.1167E-4 1.01263E-4 9.71176E-5 1.10691E-4 1.00786E-4 8.82862E-5 1.01416E-4 1.08837E-4 1.16939E-4 9.61861E-5 1.31186E-4 1.84621E-4 1.68145E-4 1.61323E-4 1.59814E-4 1.7072E-4 1.6741E-4 2.35224E-4 2.06588E-4 1.08152E-4 1.01499E-4 9.99337E-5 1.21365E-4 1.13307E-4 1.26243E-4 3.52057E-4 1.84231E-4 2.82132E-4 4.09535E-4 1.29253E-4 1.00798E-4 3.08371E-4 1.07064E-4 1.23823E-4 1.20659E-4 1.46717E-4 1.99971E-4 2.18449E-4 2.0933E-4 1.63114E-4 1.50226E-4 1.68192E-4 3.63717E-4 1.14168E-4 1.64699E-4 2.24332E-4 1.66182E-4 1.41247E-4 1.46167E-4 1.84322E-4
1.03985E-4 1.1419E-4 9.75885E-5 1.20947E-4 1.65337E-4 1.50992E-4 1.39388E-4 1.66669E-4 1.87558E-4 2.16671E-4 1.05629E-4 1.06589E-4 1.13819E-4 9.56931E-5 1.17138E-4 1.0858E-4 9.12112E-5 9.53493E-5 8.77237E-5 1.2886E-4 8.2444E-5 1.97137E-4 1.88141E-4 1.84588E-4 1.55599E-4 2.18272E-4 1.62042E-4 1.62404E-4 2.02924E-4 2.35413E-4 1.02429E-4 1.03113E-4 7.56889E-5 8.7671E-5 9.47815E-5 1.02339E-4 2.34436E-4 2.26555E-4 4.17031E-4 5.3775E-4 1.71212E-4 2.18221E-4 1.79661E-4 1.14276E-4 1.53815E-4 1.25901E-4 2.24738E-4 2.15277E-4 2.63156E-4 2.26535E-4 2.45417E-4 1.76669E-4 1.15091E-4 2.05776E-4 3.89522E-4 1.68511E-4 2.52665E-4 1.29071E-4 1.67567E-4 1.6276E-4 2.87061E-4
1.02643E-4 1.14991E-4 9.95429E-5 9.99501E-5 1.01281E-4 1.04304E-4 1.48366E-4 1.80773E-4 1.23704E-4 1.52294E-4 9.67665E-5 9.62601E-5 8.52658E-5 1.03642E-4 1.09817E-4 9.81143E-5 9.93456E-5 9.66886E-5 9.8398E-5 9.75639E-5 1.26915E-4 1.3094E-4 2.01733E-4 1.75385E-4 2.07289E-4 2.32861E-4 2.1731E-4 2.38316E-4 1.77429E-4 2.58317E-4 8.87633E-5 1.02163E-4 1.26203E-4 1.21266E-4 9.76014E-5 6.95634E-5 1.46431E-4 7.7888E-5 2.02663E-4 4.06954E-4 9.89462E-5 1.72678E-4 3.23665E-4 3.58395E-4 1.46205E-4 1.92572E-4 1.92372E-4 1.98741E-4 3.36091E-4 2.27828E-4 3.42161E-4 1.5266E-4 1.53257E-4 2.169E-4 1.90487E-4 1.31537E-4 1.76972E-4 1.47009E-4 2.66856E-4 3.85682E-4 3.59011E-4
