Candidate_Models_July82022/M_8_F_lqp_Set_1_all/Bison.asc
ncols         290
nrows         380
xllcorner     -2197417.7431653
yllcorner     -584827.01486885
cellsize      10000.0
NODATA_value  -9999
[rows 297 to 323 of 380, columns 122 to 182 of 290]
2.79868E-4 1.84204E-4 6.20394E-5 8.54758E-5 7.21677E-5 5.08651E-5 2.76284E-4 2.13093E-4 1.60275E-4 2.6298E-4 5.01804E-5 1.57514E-4 1.89355E-4 2.20956E-4 1.68819E-4 1.99086E-4 1.91349E-4 6.27544E-5 4.64934E-5 4.48648E-5 6.46224E-5 1.41955E-4 2.36617E-4 1.77928E-4 2.33923E-4 5.0743E-5 3.18636E-5 1.38766E-4 8.89569E-5 2.46191E-4 2.9685E-4 2.07376E-4 1.8229E-4 1.83317E-4 1.86056E-4 1.83389E-4 1.89786E-4 1.9617E-4 2.09461E-4 1.88012E-4 2.0641E-4 2.1988E-4 2.01223E-4 1.88155E-4 1.82736E-4 1.96392E-4 1.94648E-4 1.90464E-4 1.95348E-4 1.9728E-4 2.35076E-4 2.09998E-4 1.95134E-4 2.00134E-4 2.03591E-4 2.00141E-4 1.97303E-4 1.88951E-4 1.9106E-4 1.97504E-4 2.05506E-4
2.18938E-4 8.9873E-5 3.80795E-5 5.94207E-5 5.55036E-5 1.16506E-4 6.5459E-5 1.42674E-4 2.54827E-4 2.48706E-4 2.10615E-4 4.70449E-5 2.37731E-4 1.84812E-4 2.88669E-4 2.23043E-4 2.8034E-4 1.99111E-4 1.59152E-4 2.24436E-4 2.38177E-4 3.0487E-4 2.40389E-4 1.88613E-4 2.70024E-4 2.22054E-4 1.29898E-4 1.03113E-4 1.43918E-4 3.17257E-4 2.30758E-4 1.8632E-4 1.8714E-4 1.83125E-4 1.88992E-4 1.91487E-4 1.87242E-4 1.81148E-4 1.8267E-4 1.86032E-4 2.14265E-4 2.43787E-4 2.10913E-4 2.29341E-4 2.14661E-4 1.94365E-4 1.927E-4 1.92356E-4 2.05175E-4 2.03393E-4 2.11436E-4 2.07139E-4 2.0185E-4 1.95639E-4 1.95702E-4 2.01192E-4 1.99039E-4 2.04169E-4 2.00531E-4 2.04703E-4 2.03835E-4
2.85173E-4 7.10016E-5 6.06779E-5 6.22619E-5 9.83796E-5 9.81221E-5 4.73324E-5 8.57126E-5 2.56834E-4 2.12947E-4 2.49071E-4 7.91111E-5 1.83383E-4 1.89279E-4 2.43738E-4 6.63848E-5 1.51011E-4 1.63404E-4 1.85877E-4 1.9963E-4 2.077E-4 1.94977E-4 1.91555E-4 1.85206E-4 1.9499E-4 2.06376E-4 2.3862E-4 2.95862E-4 2.10476E-4 1.87963E-4 1.90608E-4 1.87738E-4 1.79459E-4 1.88257E-4 1.93559E-4 1.7761E-4 1.78302E-4 1.89929E-4 1.97369E-4 1.84903E-4 1.84372E-4 2.6827E-4 2.05262E-4 2.5716E-4 2.28734E-4 2.11075E-4 1.93938E-4 2.07959E-4 2.17107E-4 2.14111E-4 2.13884E-4 1.99887E-4 1.96214E-4 2.00052E-4 2.03924E-4 2.0117E-4 2.03101E-4 2.05806E-4 2.0698E-4 2.13294E-4 2.04453E-4
1.96875E-4 5.73995E-5 4.92079E-5 4.75805E-5 2.1139E-4 8.20892E-5 6.36972E-5 1.22016E-4 1.94332E-4 2.34362E-4 2.38667E-4 1.08987E-4 1.03016E-4 2.5102E-4 2.40418E-4 2.27102E-4 2.47515E-4 2.53065E-4 1.87847E-4 1.85531E-4 1.82904E-4 1.83919E-4 1.83645E-4 1.82144E-4 1.84577E-4 1.83985E-4 1.92847E-4 2.08173E-4 1.94062E-4 1.88502E-4 1.8421E-4 1.8817E-4 1.73784E-4 1.79606E-4 1.99541E-4 1.86924E-4 1.82659E-4 1.93381E-4 1.78053E-4 1.80233E-4 1.9259E-4 2.82572E-4 2.25127E-4 2.70822E-4 2.07978E-4 2.23439E-4 2.55694E-4 2.19755E-4 2.17722E-4 2.16202E-4 1.998E-4 2.07616E-4 2.08905E-4 1.97677E-4 2.22743E-4 2.36669E-4 2.19784E-4 1.88251E-4 1.82957E-4 2.14176E-4 2.05618E-4
7.28566E-5 5.79566E-5 9.84076E-5 5.41556E-5 1.20372E-4 1.81509E-4 1.2025E-4 1.49014E-4 2.58896E-4 2.04134E-4 2.36619E-4 1.30817E-4 1.45189E-4 2.53513E-4 2.34347E-4 2.54125E-4 2.19474E-4 2.70729E-4 2.24972E-4 2.02073E-4 1.64576E-4 1.76041E-4 1.82408E-4 1.87436E-4 1.86995E-4 1.80873E-4 1.88394E-4 1.8397E-4 2.03154E-4 1.82354E-4 1.84268E-4 2.24275E-4 1.812E-4 1.96293E-4 2.63572E-4 2.36826E-4 2.10538E-4 2.27386E-4 2.48533E-4 1.92128E-4 1.85992E-4 2.14255E-4 2.07645E-4 2.08599E-4 2.23796E-4 2.17669E-4 2.05435E-4 2.18309E-4 2.04388E-4 2.10203E-4 1.93066E-4 2.01902E-4 2.16656E-4 2.3258E-4 2.38481E-4 2.14244E-4 2.03602E-4 2.05675E-4 1.97586E-4 1.92702E-4 1.94309E-4
1.80746E-4 1.02422E-4 7.9116E-5 6.8013E-5 1.43843E-4 2.5793E-4 2.34639E-4 2.64149E-4 1.80247E-4 2.02199E-4 2.4551E-4 1.46143E-4 1.34392E-4 1.95925E-4 2.40343E-4 2.74291E-4 1.45415E-4 4.27972E-5 1.19786E-4 2.36291E-4 1.89527E-4 1.90709E-4 1.90123E-4 1.88197E-4 1.81322E-4 2.11208E-4 1.76345E-4 1.82165E-4 1.84501E-4 1.72705E-4 2.25661E-4 2.27453E-4 2.22604E-4 1.77261E-4 1.6183E-4 2.72821E-4 2.20909E-4 2.65938E-4 2.01618E-4 1.7791E-4 2.05621E-4 2.04186E-4 2.16633E-4 1.88375E-4 1.92326E-4 1.92693E-4 1.82117E-4 1.93809E-4 1.96861E-4 1.89316E-4 2.1873E-4 2.30037E-4 2.28918E-4 1.93069E-4 2.30815E-4 1.89724E-4 2.00834E-4 2.04753E-4 2.00774E-4 1.95798E-4 1.922E-4
3.07814E-4 1.35854E-4 6.01123E-5 7.75901E-5 2.2002E-4 2.7421E-4 2.49665E-4 2.09557E-4 2.15839E-4 2.36627E-4 2.28976E-4 1.98985E-4 1.95648E-4 1.23323E-4 2.36793E-4 2.75765E-4 2.68431E-4 7.24114E-5 6.16291E-5 2.07604E-4 2.23085E-4 1.95572E-4 2.01787E-4 1.77934E-4 1.97011E-4 1.70745E-4 1.82689E-4 1.69685E-4 1.82492E-4 1.93584E-4 2.37285E-4 1.59488E-4 1.20475E-4 1.3276E-4 2.51953E-4 2.73668E-4 2.52161E-4 1.98341E-4 1.75828E-4 1.89138E-4 1.93253E-4 2.79708E-4 2.06252E-4 2.16486E-4 1.78185E-4 1.94174E-4 1.85742E-4 1.85457E-4 1.76982E-4 2.09216E-4 1.95826E-4 2.1016E-4 2.00598E-4 2.11825E-4 1.96564E-4 1.97396E-4 2.04778E-4 2.0808E-4 2.05503E-4 1.95257E-4 1.87601E-4
1.12647E-4 7.36213E-5 1.06167E-4 2.55761E-4 2.79423E-4 2.221E-4 2.41807E-4 2.50216E-4 2.2557E-4 1.9966E-4 2.87317E-4 2.03732E-4 6.85583E-5 1.16596E-4 2.86767E-4 2.76936E-4 2.70171E-4 6.23515E-5 4.41904E-5 3.12881E-4 1.979E-4 2.0441E-4 2.26973E-4 1.79378E-4 1.76614E-4 1.74033E-4 1.60978E-4 1.8586E-4 1.72001E-4 2.51571E-4 1.834E-4 1.8536E-4 2.4451E-4 2.75301E-4 2.14714E-4 2.02006E-4 2.16377E-4 1.83104E-4 1.84252E-4 1.91205E-4 1.91756E-4 2.31212E-4 2.3239E-4 2.37816E-4 1.90087E-4 1.88192E-4 2.06821E-4 1.74546E-4 1.88001E-4 1.91277E-4 1.98224E-4 2.15575E-4 2.5202E-4 2.01608E-4 3.03319E-4 2.42661E-4 2.1235E-4 1.90096E-4 2.03527E-4 2.10351E-4 1.97574E-4
1.05967E-4 5.14526E-5 2.24146E-4 2.0305E-4 2.20931E-4 2.05579E-4 2.42157E-4 1.96597E-4 2.18112E-4 1.75683E-4 2.26228E-4 1.81917E-4 2.14098E-4 2.55757E-4 1.7152E-4 2.67491E-4 2.68898E-4 6.25772E-5 1.21814E-4 2.81204E-4 1.91053E-4 1.9999E-4 1.93595E-4 1.82266E-4 1.70845E-4 1.83311E-4 2.19944E-4 2.22435E-4 1.9358E-4 1.87716E-4 2.06797E-4 2.34209E-4 1.89173E-4 2.10479E-4 1.84737E-4 1.86731E-4 2.54734E-4 1.93598E-4 1.87172E-4 1.95572E-4 2.40162E-4 2.47347E-4 2.16278E-4 1.95794E-4 2.18186E-4 2.55777E-4 2.67625E-4 2.27073E-4 2.36543E-4 2.32509E-4 2.25362E-4 1.87188E-4 1.95239E-4 1.89481E-4 2.26763E-4 2.97491E-4 2.017E-4 2.19067E-4 2.8824E-4 2.14801E-4 1.90212E-4
1.89147E-4 1.68713E-4 2.24756E-4 2.79387E-4 7.55026E-5 2.34713E-4 2.21159E-4 1.70885E-4 1.68556E-4 1.84245E-4 2.09014E-4 1.78653E-4 2.2044E-4 4.71579E-5 1.5359E-4 2.54062E-4 2.5374E-4 2.1663E-4 3.1268E-4 2.04399E-4 1.65247E-4 1.96547E-4 2.4857E-4 2.22019E-4 1.77673E-4 1.75176E-4 1.89813E-4 1.91595E-4 1.89308E-4 1.99126E-4 2.44835E-4 2.09501E-4 2.17038E-4 2.29309E-4 1.87812E-4 1.89755E-4 1.83101E-4 1.93946E-4 2.23674E-4 2.54337E-4 2.76682E-4 2.6644E-4 2.75988E-4 2.86388E-4 2.47284E-4 2.56827E-4 2.04667E-4 1.76988E-4 2.14103E-4 2.70985E-4 2.5459E-4 1.95158E-4 1.97174E-4 1.83815E-4 1.91573E-4 2.35448E-4 1.88836E-4 1.91186E-4 2.49527E-4 2.90544E-4 1.8045E-4
2.93425E-4 2.84925E-4 2.12556E-4 9.51385E-5 3.6489E-5 2.74973E-4 2.01029E-4 1.83736E-4 1.62959E-4 1.87024E-4 2.2049E-4 2.16124E-4 2.12086E-4 6.33024E-5 8.45945E-5 2.26615E-4 1.75422E-4 1.87994E-4 1.61482E-4 2.00316E-4 2.05394E-4 2.46924E-4 2.03808E-4 2.78649E-4 2.05266E-4 1.71659E-4 1.72135E-4 2.07915E-4 1.86058E-4 1.74577E-4 1.98665E-4 1.85983E-4 1.97462E-4 2.08778E-4 2.11207E-4 2.28959E-4 2.26656E-4 2.5262E-4 2.534E-4 2.56427E-4 2.63589E-4 2.84393E-4 2.55363E-4 2.79764E-4 2.80887E-4 1.8583E-4 2.70458E-4 1.79305E-4 1.99899E-4 2.08798E-4 2.80824E-4 2.04991E-4 1.95093E-4 1.9452E-4 1.8421E-4 1.94763E-4 1.87822E-4 1.90054E-4 1.8913E-4 1.94123E-4 1.94415E-4
2.27251E-4 2.0605E-4 3.09454E-4 6.62468E-5 8.55891E-5 7.76621E-5 2.05523E-4 1.90736E-4 1.88673E-4 1.82609E-4 2.13575E-4 2.46243E-4 2.67352E-4 9.62213E-5 2.04425E-4 2.03695E-4 1.67456E-4 1.79848E-4 1.95541E-4 2.25336E-4 1.96131E-4 2.22918E-4 2.07441E-4 2.56537E-4 2.29604E-4 2.07234E-4 1.74676E-4 1.87331E-4 1.94112E-4 2.28534E-4 1.8606E-4 1.83834E-4 2.32427E-4 1.90898E-4 1.6816E-4 1.70929E-4 2.56322E-4 2.59591E-4 2.80547E-4 2.69991E-4 2.70672E-4 2.15339E-4 2.03313E-4 2.69982E-4 2.19129E-4 2.40455E-4 2.58537E-4 1.93825E-4 2.11474E-4 2.39603E-4 2.41871E-4 1.92677E-4 2.46533E-4 2.50442E-4 1.8995E-4 1.92093E-4 1.82854E-4 1.95679E-4 1.90554E-4 1.86174E-4 1.94612E-4
2.1261E-4 2.2274E-4 1.88582E-4 1.58791E-4 9.02859E-5 1.88177E-4 1.97106E-4 1.08256E-4 2.80925E-4 3.2162E-4 2.90678E-4 7.74042E-5 2.99214E-5 8.10618E-5 1.66565E-4 1.28781E-4 1.08403E-4 1.58881E-4 2.16114E-4 1.93979E-4 1.19044E-4 8.01356E-5 1.45889E-4 2.11314E-4 1.4987E-4 1.75875E-4 2.23265E-4 2.5035E-4 2.80562E-4 2.23986E-4 2.36727E-4 1.84585E-4 2.40819E-4 2.07362E-4 1.8416E-4 1.77188E-4 1.85358E-4 2.00586E-4 2.11379E-4 2.85554E-4 2.84907E-4 2.72358E-4 2.4893E-4 2.44269E-4 2.67363E-4 2.79321E-4 2.74731E-4 2.44733E-4 2.75699E-4 2.6547E-4 1.90886E-4 2.5799E-4 2.47238E-4 2.53885E-4 1.85848E-4 2.01535E-4 1.80991E-4 1.83631E-4 1.90623E-4 1.83302E-4 1.92662E-4
2.23957E-4 3.192E-4 2.016E-4 2.5735E-4 1.2836E-4 2.60035E-4 2.36591E-4 1.57045E-4 8.2203E-5 4.28521E-5 4.49689E-5 3.56741E-5 2.09429E-5 5.26707E-5 2.40691E-4 2.23276E-4 4.38304E-5 6.41564E-5 1.73881E-4 7.43701E-5 3.60965E-5 1.44913E-4 2.99666E-4 1.89899E-4 2.76599E-4 1.73821E-4 2.54697E-4 2.67208E-4 2.53763E-4 2.52792E-4 2.25198E-4 2.41714E-4 1.77768E-4 1.77843E-4 1.68077E-4 1.80719E-4 1.81446E-4 1.92716E-4 2.35078E-4 1.73377E-4 2.54502E-4 2.63026E-4 2.86543E-4 2.66985E-4 2.12721E-4 2.82624E-4 2.53353E-4 2.16588E-4 2.87617E-4 2.22705E-4 2.62896E-4 2.09659E-4 2.49037E-4 2.19642E-4 2.97728E-4 1.9797E-4 2.10087E-4 1.9953E-4 1.90777E-4 1.88012E-4 1.87989E-4
2.85468E-4 1.41774E-4 1.61822E-4 2.13195E-4 1.32871E-4 2.83735E-4 1.91079E-4 9.6663E-5 1.98791E-4 6.94598E-5 2.26226E-5 3.41667E-5 6.67189E-5 2.03337E-4 1.70964E-4 6.58369E-5 6.06864E-5 1.1248E-4 4.2653E-5 1.44453E-4 1.34988E-4 1.62932E-4 2.6169E-4 1.69257E-4 1.86878E-4 2.51047E-4 2.20734E-4 2.40584E-4 2.34613E-4 1.93417E-4 1.78848E-4 1.7918E-4 1.85122E-4 1.80081E-4 1.96168E-4 1.9896E-4 1.81831E-4 1.91452E-4 2.24759E-4 1.91513E-4 1.92888E-4 2.02093E-4 2.57154E-4 2.67114E-4 2.59481E-4 2.29225E-4 2.6286E-4 2.21946E-4 2.65763E-4 2.84247E-4 2.99849E-4 3.06994E-4 1.97491E-4 2.33194E-4 2.16697E-4 1.96575E-4 1.88466E-4 1.91468E-4 1.83172E-4 1.85015E-4 1.92774E-4
3.31554E-4 2.74289E-4 2.74163E-4 9.58729E-5 1.25216E-4 2.6454E-4 2.08626E-4 1.50028E-4 9.61018E-5 6.52116E-5 4.5661E-5 4.75045E-5 1.10783E-4 2.36452E-4 9.06289E-5 5.27571E-5 7.87312E-5 5.52655E-5 8.69083E-5 3.11317E-5 6.31184E-5 2.03325E-4 2.43879E-4 1.98099E-4 1.73906E-4 1.98073E-4 2.27981E-4 2.19082E-4 2.06153E-4 2.64556E-4 2.14023E-4 1.908E-4 1.84089E-4 1.85797E-4 1.71645E-4 1.68539E-4 1.67091E-4 2.12953E-4 1.77178E-4 1.87074E-4 2.15526E-4 1.88644E-4 2.27283E-4 2.62145E-4 2.77138E-4 2.38352E-4 2.08142E-4 2.73043E-4 2.36314E-4 2.43555E-4 2.50711E-4 2.41511E-4 2.88092E-4 2.64782E-4 2.32388E-4 1.91971E-4 2.0845E-4 1.94871E-4 1.9357E-4 1.83084E-4 2.50509E-4
3.50869E-4 3.13766E-4 2.21627E-4 2.35086E-4 1.53239E-4 2.33114E-4 1.99115E-4 9.2103E-5 1.18999E-4 4.65459E-5 6.17201E-5 8.95643E-5 9.73986E-5 6.95973E-5 8.61329E-5 2.52084E-5 4.10802E-5 2.01315E-5 3.85586E-4 1.70777E-4 1.10411E-4 1.96245E-4 2.56526E-4 2.10328E-4 1.81134E-4 1.68652E-4 1.94953E-4 2.73473E-4 1.96189E-4 2.01525E-4 1.93415E-4 1.88732E-4 2.13562E-4 1.74064E-4 1.72128E-4 1.68355E-4 1.72607E-4 2.12492E-4 1.86598E-4 2.09844E-4 2.1822E-4 2.24182E-4 2.04413E-4 2.19388E-4 2.17379E-4 2.75812E-4 2.24884E-4 2.87779E-4 2.26875E-4 2.75416E-4 3.1334E-4 1.69507E-4 2.36264E-4 2.11493E-4 2.39051E-4 1.94967E-4 1.97607E-4 1.98022E-4 1.97023E-4 2.00284E-4 2.4758E-4
2.99923E-4 3.43507E-4 2.82122E-4 1.55276E-4 9.63984E-5 1.09861E-4 2.52374E-4 1.32171E-4 9.31392E-5 9.2332E-5 7.93536E-5 8.30324E-5 8.82398E-5 1.01023E-4 8.37309E-5 9.47912E-5 7.6116E-5 8.27618E-5 3.38777E-4 1.10673E-4 -9999 1.54751E-4 5.07642E-5 2.61968E-4 2.9424E-4 2.06263E-4 2.41565E-4 2.53271E-4 2.40437E-4 2.65153E-4 1.44932E-4 1.27736E-4 2.40476E-4 1.55783E-4 1.82965E-4 1.72202E-4 1.90719E-4 1.6669E-4 1.91663E-4 1.89638E-4 2.08734E-4 2.44504E-4 2.53151E-4 2.67066E-4 2.15253E-4 2.78578E-4 2.65018E-4 2.75451E-4 2.58354E-4 2.32257E-4 2.65362E-4 1.75927E-4 2.9758E-4 2.05513E-4 2.11777E-4 2.12756E-4 1.95716E-4 2.00012E-4 2.01086E-4 2.03138E-4 2.3315E-4
3.42268E-4 3.83739E-4 2.25645E-4 1.47922E-4 2.86551E-4 1.0497E-4 2.82746E-4 3.25484E-4 1.10114E-4 4.87776E-5 3.5057E-5 1.2111E-4 5.52384E-5 1.67609E-4 8.42666E-5 6.42075E-5 1.4247E-4 1.09593E-4 1.39406E-4 3.30749E-4 6.27661E-4 1.21483E-4 4.18124E-4 2.27607E-4 1.14353E-4 2.97E-4 2.22383E-4 2.66778E-4 2.43389E-4 2.81034E-4 1.86491E-4 1.06102E-4 2.85296E-4 2.45051E-4 1.66943E-4 2.00856E-4 1.64045E-4 1.75467E-4 2.04336E-4 1.95163E-4 2.25493E-4 2.44292E-4 2.54409E-4 2.80143E-4 2.91921E-4 1.92021E-4 2.8438E-4 1.84908E-4 2.51018E-4 2.60907E-4 1.51519E-4 2.80913E-4 2.88461E-4 2.36713E-4 2.15339E-4 1.90711E-4 2.05458E-4 1.93912E-4 1.98385E-4 2.00385E-4 2.33228E-4
2.97138E-4 2.72572E-4 1.87034E-4 1.81604E-4 2.8355E-4 9.87195E-5 1.13867E-4 2.55505E-4 4.26466E-5 2.49865E-4 8.78056E-5 1.48022E-4 1.60339E-4 9.20195E-5 1.30849E-4 1.14117E-4 1.24056E-4 1.46933E-4 4.65445E-5 7.49072E-5 2.10361E-4 5.29373E-4 4.98617E-4 3.04115E-4 9.10457E-5 2.25978E-4 2.12659E-4 2.23874E-4 1.46956E-4 1.95821E-4 1.93753E-4 1.09843E-4 2.1012E-4 1.75334E-4 1.13148E-4 1.34388E-4 2.04962E-4 1.83213E-4 2.08948E-4 2.27139E-4 1.91903E-4 2.86994E-4 2.5628E-4 3.04737E-4 2.2979E-4 2.91035E-4 2.73578E-4 2.24629E-4 3.40334E-4 2.49014E-4 2.46653E-4 3.14598E-4 2.4962E-4 2.39542E-4 2.09492E-4 2.05688E-4 1.9453E-4 2.08586E-4 2.22636E-4 2.3155E-4 2.02794E-4
2.58762E-4 3.41383E-4 2.80431E-4 2.43703E-4 1.89797E-4 1.62994E-4 1.23464E-4 1.74477E-4 6.80468E-5 8.66553E-5 1.02004E-4 2.15843E-4 1.75255E-4 1.05244E-4 1.36383E-4 1.11271E-4 1.8085E-4 1.04837E-4 3.83376E-5 1.29595E-4 6.75659E-5 1.27933E-4 5.72991E-4 7.75431E-4 2.07355E-4 1.9816E-4 2.25757E-4 1.16942E-4 1.42513E-4 1.74895E-4 1.17836E-4 1.26883E-4 1.63587E-4 1.10233E-4 1.87173E-4 9.11811E-5 2.19695E-4 2.15998E-4 2.35012E-4 2.24339E-4 2.23266E-4 2.63854E-4 2.13188E-4 2.26631E-4 2.94561E-4 2.22582E-4 2.98517E-4 3.02356E-4 3.03687E-4 1.94478E-4 2.89602E-4 2.84655E-4 2.70834E-4 2.5863E-4 2.5984E-4 2.05978E-4 2.04111E-4 1.91087E-4 2.18833E-4 2.10123E-4 2.14271E-4
2.02169E-4 3.49017E-4 3.45062E-4 2.97836E-4 3.0775E-4 3.35251E-4 1.7577E-4 2.01895E-4 1.11599E-4 1.26682E-4 1.39761E-4 1.37034E-4 2.04891E-4 1.05577E-4 1.07286E-4 9.52504E-5 8.17647E-5 1.24024E-4 1.32504E-4 5.58459E-5 7.45544E-5 6.77955E-5 8.14303E-5 1.60976E-4 9.83627E-5 1.93861E-4 2.11962E-4 1.19538E-4 1.4675E-4 2.10551E-4 1.85023E-4 1.28818E-4 1.37322E-4 1.78992E-4 2.11918E-4 2.28083E-4 1.67598E-4 2.61924E-4 2.20586E-4 2.3442E-4 2.07012E-4 2.80156E-4 2.19468E-4 3.01527E-4 3.15103E-4 3.11786E-4 2.53505E-4 3.20123E-4 2.78005E-4 2.85445E-4 2.9424E-4 2.58255E-4 2.55043E-4 2.95677E-4 2.78465E-4 2.0339E-4 2.01578E-4 2.45231E-4 2.58597E-4 2.13784E-4 2.28675E-4
2.52395E-4 1.5453E-4 1.07241E-4 1.49712E-4 1.47743E-4 1.36625E-4 1.2515E-4 1.07052E-4 9.70459E-5 8.74572E-5 1.08785E-4 7.0381E-5 8.21175E-5 9.96996E-5 1.53199E-4 8.71714E-5 8.46912E-5 2.35471E-4 1.10356E-4 1.47658E-4 6.97831E-5 9.67325E-5 7.40061E-5 4.85658E-5 1.4155E-4 1.19296E-4 1.46271E-4 1.94628E-4 1.91988E-4 2.38243E-4 3.133E-4 2.40957E-4 2.12516E-4 2.50264E-4 2.27181E-4 1.8239E-4 7.46072E-5 3.66056E-5 2.06577E-4 2.42774E-4 2.20064E-4 2.15341E-4 2.37601E-4 2.34096E-4 2.67435E-4 2.31741E-4 2.2404E-4 3.00161E-4 2.42612E-4 3.05619E-4 2.40604E-4 2.57304E-4 2.7644E-4 3.00796E-4 2.22171E-4 2.00054E-4 1.9943E-4 2.67262E-4 2.6052E-4 2.17697E-4 2.46694E-4
1.02691E-4 9.63574E-5 9.68458E-5 1.22725E-4 1.23199E-4 1.66795E-4 1.62152E-4 1.26838E-4 1.70335E-4 8.47744E-5 1.13704E-4 1.29719E-4 9.57055E-5 9.22661E-5 2.64682E-4 9.91756E-5 1.4512E-4 1.42862E-4 9.33502E-5 1.022E-4 5.36487E-5 4.60806E-5 6.03194E-5 8.91819E-5 2.67485E-4 1.75223E-4 3.24095E-4 3.5422E-4 2.68124E-4 3.02745E-4 2.95425E-4 3.07159E-4 1.73955E-4 1.94815E-4 1.74518E-4 2.98681E-4 1.08263E-4 6.25965E-5 8.70529E-5 1.68682E-4 2.09672E-4 2.07299E-4 2.12519E-4 2.30447E-4 2.57315E-4 2.03817E-4 2.0919E-4 2.35592E-4 2.50269E-4 3.16056E-4 3.06091E-4 2.71325E-4 2.96017E-4 3.23712E-4 2.79495E-4 2.03954E-4 2.07587E-4 3.0743E-4 2.20267E-4 2.16358E-4 2.96812E-4
1.53681E-4 1.31246E-4 1.91917E-4 3.37197E-4 1.50428E-4 2.02215E-4 1.28722E-4 1.15074E-4 9.05877E-5 1.79667E-4 2.56604E-4 1.03386E-4 1.12831E-4 1.14484E-4 1.0418E-4 1.33055E-4 1.48854E-4 2.13727E-4 9.74154E-5 1.05276E-4 6.10472E-5 9.71682E-5 1.07709E-4 9.88143E-5 2.17329E-4 2.79326E-4 3.06905E-4 2.41104E-4 2.76754E-4 3.2638E-4 1.42853E-4 1.56203E-4 1.48273E-4 1.90946E-4 1.38034E-4 3.16875E-4 5.2836E-4 1.38849E-4 1.61338E-4 9.5786E-5 2.53244E-4 2.20282E-4 2.85444E-4 2.03936E-4 2.23461E-4 2.01077E-4 2.09123E-4 2.30422E-4 2.20457E-4 2.79076E-4 2.90467E-4 3.10016E-4 2.78947E-4 2.71804E-4 2.37137E-4 2.11892E-4 2.02232E-4 2.36268E-4 2.12226E-4 2.36267E-4 2.91717E-4
1.47859E-4 1.37307E-4 2.15643E-4 2.65615E-4 1.41635E-4 1.10963E-4 1.00047E-4 1.18106E-4 9.32072E-5 1.08665E-4 4.47672E-4 1.1421E-4 9.54751E-5 1.23076E-4 1.42533E-4 1.45805E-4 9.74277E-5 5.56396E-5 2.57453E-5 7.6754E-5 4.76305E-5 5.74115E-5 1.17669E-4 8.25174E-5 1.31448E-4 2.10596E-4 2.64686E-4 1.3912E-4 1.25163E-4 1.55902E-4 1.9186E-4 2.60222E-4 2.72768E-4 1.56064E-4 1.64931E-4 2.29975E-4 1.58739E-4 2.14857E-4 1.57065E-4 9.69692E-5 9.37482E-5 2.27513E-4 2.0874E-4 2.06166E-4 1.84616E-4 2.03781E-4 2.02468E-4 2.08721E-4 2.04533E-4 2.29517E-4 2.69428E-4 2.30802E-4 2.28917E-4 2.2686E-4 1.94597E-4 2.10574E-4 2.70048E-4 2.37336E-4 2.25953E-4 3.10407E-4 2.40673E-4
2.31994E-4 1.48456E-4 1.77297E-4 1.7189E-4 1.34194E-4 1.15892E-4 1.04627E-4 1.20282E-4 7.63966E-5 1.0292E-4 1.28492E-4 1.12933E-4 1.05565E-4 1.27158E-4 1.17976E-4 1.232E-4 9.05012E-5 5.40219E-5 3.6708E-5 2.89235E-5 3.91195E-5 3.34247E-5 6.83539E-5 7.94505E-5 1.95052E-4 1.40098E-4 1.94436E-4 1.43126E-4 1.6431E-4 1.58724E-4 2.46597E-4 3.70463E-4 2.77231E-4 2.51085E-4 2.46701E-4 3.36474E-4 2.2627E-4 1.02889E-4 2.30535E-4 1.86084E-4 7.61605E-5 1.03385E-4 2.88391E-4 1.99695E-4 2.00537E-4 2.17087E-4 1.98957E-4 2.24291E-4 2.3928E-4 2.19154E-4 2.24179E-4 2.17445E-4 2.11024E-4 2.33185E-4 2.15204E-4 2.13451E-4 2.38769E-4 2.23563E-4 2.29512E-4 2.78516E-4 3.47693E-4
