Candidate_Models_July82022/M_8_F_lqp_Set_1_all/Bison.asc
ncols         290
nrows         380
xllcorner     -2197417.7431653
yllcorner     -584827.01486885
cellsize      10000.0
NODATA_value  -9999
[rows 351 to 377 of 380, columns 122 to 182 of 290]
0E0 9.75595E-5 9.55818E-5 1.13101E-4 2.20748E-4 5.45503E-4 1.89317E-4 1.57475E-4 1.65791E-4 1.76692E-4 1.86856E-4 2.05916E-4 2.05484E-4 2.05831E-4 2.15171E-4 2.06032E-4 2.21584E-4 2.03036E-4 2.04524E-4 2.10672E-4 1.97274E-4 2.0558E-4 2.06032E-4 2.35449E-4 2.12771E-4 1.98123E-4 1.91237E-4 1.83677E-4 1.89969E-4 1.80452E-4 1.73804E-4 1.71083E-4 1.72494E-4 1.67564E-4 1.62128E-4 1.66327E-4 1.45246E-4 1.53984E-4 1.77852E-4 1.64906E-4 2.27136E-4 1.19094E-4 1.7011E-4 1.73032E-4 1.68206E-4 1.98269E-4 2.01732E-4 2.66269E-4 3.07069E-4 2.43437E-4 3.10271E-4 2.32082E-4 1.65426E-4 1.26737E-4 2.6288E-4 1.88218E-4 1.95201E-4 1.94343E-4 1.82927E-4 1.88886E-4 1.71995E-4
-9999 -9999 1.01422E-4 1.73453E-4 3.79101E-4 3.85283E-4 1.57732E-4 1.7314E-4 1.84115E-4 1.91944E-4 1.9731E-4 2.47889E-4 2.26948E-4 2.70328E-4 2.07313E-4 2.05951E-4 1.96297E-4 2.01519E-4 1.98305E-4 2.04648E-4 2.04845E-4 1.92792E-4 1.84178E-4 2.0613E-4 1.85444E-4 1.85175E-4 1.8341E-4 1.83535E-4 1.80071E-4 1.73967E-4 1.71966E-4 1.6981E-4 1.68385E-4 1.59675E-4 1.53809E-4 1.53749E-4 1.37529E-4 1.31806E-4 1.33371E-4 1.41865E-4 1.39075E-4 1.43709E-4 1.44508E-4 1.51331E-4 1.56446E-4 1.91872E-4 3.38887E-4 2.68785E-4 2.88205E-4 3.16608E-4 3.74505E-4 3.31674E-4 3.14855E-4 1.60169E-4 2.52042E-4 1.78535E-4 1.72718E-4 2.02596E-4 2.11302E-4 1.95348E-4 2.14691E-4
-9999 -9999 1.72438E-4 1.79534E-4 2.86643E-4 3.32426E-4 1.80859E-4 1.74933E-4 1.66188E-4 2.00437E-4 2.02502E-4 2.07734E-4 2.0428E-4 2.44378E-4 2.31677E-4 2.06349E-4 1.97864E-4 2.00677E-4 1.85366E-4 2.03548E-4 1.81597E-4 1.88179E-4 1.98289E-4 1.97525E-4 1.93011E-4 1.92967E-4 1.98352E-4 1.86362E-4 1.85073E-4 1.81745E-4 1.80986E-4 1.76369E-4 1.73805E-4 1.64575E-4 1.52816E-4 1.57698E-4 1.38132E-4 1.47238E-4 1.38721E-4 1.29896E-4 1.40216E-4 1.37247E-4 1.31077E-4 1.67194E-4 1.78842E-4 1.49625E-4 2.02227E-4 2.40182E-4 2.39517E-4 3.16645E-4 3.92665E-4 3.61878E-4 3.45186E-4 1.47838E-4 1.82952E-4 1.74109E-4 1.87211E-4 1.77888E-4 2.08101E-4 1.81445E-4 2.01239E-4
-9999 1.32308E-4 1.33589E-4 1.649E-4 4.15211E-4 3.72281E-4 1.51009E-4 1.86669E-4 1.74361E-4 1.80184E-4 1.86388E-4 1.93995E-4 2.04251E-4 2.0933E-4 2.43308E-4 1.98157E-4 1.92697E-4 1.94617E-4 2.01574E-4 1.76725E-4 1.88437E-4 1.86093E-4 2.01178E-4 1.85674E-4 1.66396E-4 1.8725E-4 1.87596E-4 1.88076E-4 1.84819E-4 1.76909E-4 1.86143E-4 1.78928E-4 1.7374E-4 1.74512E-4 1.63723E-4 1.52469E-4 1.58358E-4 1.34379E-4 1.38786E-4 1.41054E-4 1.25747E-4 1.37281E-4 1.39319E-4 1.67417E-4 1.6988E-4 1.8768E-4 2.68282E-4 1.7163E-4 3.00659E-4 3.89339E-4 3.97652E-4 3.6237E-4 2.39044E-4 2.68146E-4 2.54463E-4 1.68989E-4 1.77706E-4 1.68364E-4 1.85037E-4 1.75538E-4 1.83009E-4
-9999 3.50512E-5 1.49901E-4 1.63428E-4 2.8012E-4 2.87205E-4 1.61458E-4 1.65173E-4 1.83062E-4 1.91108E-4 1.9959E-4 1.94688E-4 2.04731E-4 1.87455E-4 1.91303E-4 2.01745E-4 1.89454E-4 1.94192E-4 1.65008E-4 1.94924E-4 1.80536E-4 2.02021E-4 1.93548E-4 1.6695E-4 1.82314E-4 1.78661E-4 1.97981E-4 1.82805E-4 1.7571E-4 1.82459E-4 1.82041E-4 1.70913E-4 1.77304E-4 1.6978E-4 1.5554E-4 1.50028E-4 1.41934E-4 1.34568E-4 1.44204E-4 1.38758E-4 1.46933E-4 2.25294E-4 1.40072E-4 1.92492E-4 2.27058E-4 1.83987E-4 2.5134E-4 3.56373E-4 3.5828E-4 3.09494E-4 3.80456E-4 3.59703E-4 3.14399E-4 2.78838E-4 1.80601E-4 1.84518E-4 1.82986E-4 1.85838E-4 2.44919E-4 2.1301E-4 2.5103E-4
-9999 9.06342E-5 1.2638E-4 1.56676E-4 1.70197E-4 2.76312E-4 1.94394E-4 1.83568E-4 1.81165E-4 1.65009E-4 1.88368E-4 4.35081E-4 2.4228E-4 1.92581E-4 1.92794E-4 1.9694E-4 1.96108E-4 1.93713E-4 1.86792E-4 1.55518E-4 1.91193E-4 1.77135E-4 1.84154E-4 2.0236E-4 2.14132E-4 1.79171E-4 1.82769E-4 1.83193E-4 1.81596E-4 1.79499E-4 1.68717E-4 1.75167E-4 1.8117E-4 1.69793E-4 1.76368E-4 1.46891E-4 1.53596E-4 1.50827E-4 1.57429E-4 1.75E-4 1.61455E-4 3.29323E-4 1.44517E-4 2.86368E-4 3.76391E-4 2.74108E-4 3.80551E-4 3.22237E-4 3.30692E-4 3.75944E-4 3.78079E-4 3.98462E-4 1.74208E-4 2.35742E-4 2.7241E-4 2.0967E-4 1.84095E-4 1.87353E-4 2.09372E-4 2.06647E-4 1.7545E-4
-9999 1.30371E-4 1.20386E-4 1.38371E-4 1.75901E-4 2.04278E-4 2.02204E-4 1.84393E-4 1.83026E-4 2.23364E-4 5.1669E-4 4.07582E-4 3.59997E-4 2.08403E-4 1.98836E-4 1.92574E-4 1.94286E-4 1.85331E-4 1.73375E-4 1.58321E-4 1.66425E-4 2.53297E-4 2.00088E-4 1.99992E-4 1.91595E-4 1.67122E-4 1.7682E-4 1.83116E-4 1.82243E-4 1.78054E-4 1.6971E-4 1.70604E-4 1.75888E-4 1.6514E-4 1.77136E-4 1.60544E-4 1.91751E-4 1.37369E-4 1.35413E-4 1.36895E-4 1.95341E-4 3.47835E-4 2.563E-4 3.17135E-4 2.84099E-4 1.83944E-4 3.45462E-4 3.45642E-4 3.748E-4 2.21158E-4 3.60836E-4 2.8207E-4 3.52199E-4 2.80108E-4 2.38411E-4 1.7772E-4 1.83388E-4 1.93365E-4 1.98284E-4 1.91556E-4 1.78184E-4
-9999 1.7709E-4 9.2127E-5 1.57689E-4 1.56443E-4 1.80107E-4 3.01991E-4 2.69436E-4 1.97618E-4 2.89257E-4 5.3303E-4 2.61675E-4 1.82688E-4 1.85743E-4 1.77746E-4 1.80531E-4 1.75275E-4 1.76107E-4 1.83545E-4 1.82267E-4 2.052E-4 2.36164E-4 1.81385E-4 1.89549E-4 1.84495E-4 1.95692E-4 1.91642E-4 1.9246E-4 1.67448E-4 1.73614E-4 1.7345E-4 1.68872E-4 1.86437E-4 1.76238E-4 2.30359E-4 1.52402E-4 1.62066E-4 1.50134E-4 1.69937E-4 1.91843E-4 3.87318E-4 2.99948E-4 1.61E-4 1.52744E-4 1.09412E-4 7.00708E-5 3.21476E-4 3.07057E-4 3.74399E-4 3.79099E-4 3.59577E-4 2.97791E-4 3.87297E-4 2.25378E-4 1.99298E-4 2.05681E-4 1.9893E-4 1.94201E-4 1.88209E-4 1.81125E-4 1.86181E-4
1.25944E-4 1.76298E-4 1.27859E-4 1.13241E-4 1.50396E-4 1.83536E-4 5.22967E-4 1.84662E-4 1.68074E-4 1.639E-4 2.33121E-4 1.85967E-4 2.03643E-4 1.9536E-4 2.56731E-4 1.89514E-4 1.92082E-4 1.75111E-4 1.88218E-4 2.16265E-4 1.97424E-4 2.50388E-4 2.37689E-4 1.92281E-4 1.7103E-4 2.25613E-4 1.98643E-4 1.90494E-4 1.79109E-4 1.75921E-4 1.75989E-4 1.84804E-4 1.81136E-4 1.63393E-4 1.9772E-4 1.87048E-4 1.61575E-4 1.60403E-4 1.58098E-4 2.94488E-4 3.00898E-4 3.58086E-4 3.33595E-4 8.73071E-5 1.58717E-4 2.83236E-4 2.16766E-4 3.84487E-4 2.99691E-4 2.94162E-4 3.65043E-4 3.64197E-4 3.46415E-4 3.20503E-4 2.13353E-4 2.08532E-4 2.0364E-4 2.01158E-4 1.88955E-4 1.94117E-4 1.85429E-4
-9999 -9999 -9999 1.92009E-4 1.36909E-4 1.33429E-4 1.7288E-4 1.53779E-4 1.71263E-4 1.54643E-4 1.44591E-4 2.84257E-4 5.37858E-4 4.07637E-4 3.67523E-4 2.03595E-4 1.94909E-4 1.77274E-4 1.78248E-4 2.27662E-4 2.23786E-4 2.21238E-4 2.07645E-4 2.0992E-4 2.02904E-4 1.82031E-4 1.88448E-4 1.93438E-4 1.72573E-4 1.77844E-4 1.69275E-4 1.83905E-4 1.53823E-4 1.55587E-4 1.80622E-4 1.5826E-4 1.44631E-4 1.13266E-4 1.05128E-4 2.25639E-4 3.99956E-4 3.52073E-4 3.34454E-4 9.26772E-5 1.68335E-4 1.93741E-4 3.28258E-4 3.59311E-4 3.04991E-4 3.68576E-4 3.65294E-4 3.4809E-4 3.65983E-4 3.10736E-4 2.22564E-4 2.13615E-4 2.11708E-4 2.10811E-4 1.9964E-4 1.96669E-4 2.06595E-4
-9999 -9999 -9999 -9999 -9999 -9999 -9999 -9999 -9999 1.43584E-4 1.2288E-4 1.3901E-4 1.3711E-4 3.77496E-4 3.58667E-4 3.51825E-4 3.04742E-4 1.71696E-4 1.81296E-4 2.5486E-4 1.73168E-4 1.75366E-4 2.03374E-4 1.84495E-4 1.84241E-4 1.82313E-4 1.92029E-4 1.85793E-4 1.62988E-4 1.61869E-4 1.62146E-4 1.69582E-4 1.7623E-4 1.54702E-4 1.35611E-4 2.04382E-4 1.12586E-4 1.09917E-4 1.39694E-4 7.37529E-5 3.03316E-4 3.20549E-4 2.41583E-4 9.90541E-5 1.07335E-4 1.2612E-4 3.40848E-4 2.21618E-4 3.30344E-4 3.49023E-4 3.49958E-4 2.6586E-4 2.6212E-4 3.50965E-4 2.55234E-4 2.44917E-4 2.14491E-4 2.02466E-4 2.05299E-4 2.35364E-4 2.02777E-4
-9999 -9999 -9999 -9999 -9999 -9999 -9999 -9999 -9999 -9999 -9999 -9999 -9999 -9999 1.87172E-4 1.85262E-4 9.51879E-5 8.85118E-5 1.07253E-4 2.09248E-4 1.64581E-4 1.88387E-4 2.85636E-4 2.34517E-4 1.78661E-4 1.89907E-4 1.80092E-4 1.87062E-4 1.91181E-4 1.86381E-4 1.68622E-4 2.25555E-4 2.18276E-4 4.01043E-4 3.69871E-4 3.28686E-4 1.45756E-4 9.08697E-5 8.6712E-5 1.33366E-4 7.34751E-5 7.67753E-5 2.27207E-4 1.41306E-4 8.91274E-5 1.12202E-4 1.28369E-4 3.49557E-4 2.98127E-4 3.56406E-4 3.26335E-4 2.72169E-4 1.95139E-4 3.55203E-4 2.3661E-4 2.34786E-4 2.11559E-4 2.22878E-4 2.09592E-4 2.07626E-4 2.07968E-4
-9999 -9999 -9999 -9999 -9999 -9999 -9999 -9999 -9999 -9999 -9999 -9999 -9999 -9999 -9999 -9999 -9999 -9999 -9999 1.37639E-4 8.20128E-5 1.47108E-4 2.34787E-4 2.62345E-4 1.76532E-4 1.58313E-4 1.45852E-4 1.93443E-4 1.62424E-4 1.72391E-4 1.61233E-4 1.68922E-4 2.42865E-4 2.15712E-4 2.23151E-4 1.86816E-4 1.65445E-4 1.48226E-4 7.51697E-5 1.26192E-4 7.88593E-5 9.70322E-5 1.14332E-4 2.53852E-4 1.27055E-4 1.19187E-4 1.2364E-4 2.41763E-4 3.37624E-4 3.3134E-4 3.34458E-4 3.39237E-4 3.98685E-4 3.29523E-4 2.49121E-4 2.20948E-4 2.12155E-4 2.92847E-4 2.20165E-4 2.22643E-4 2.15729E-4
-9999 -9999 -9999 -9999 -9999 -9999 -9999 -9999 -9999 -9999 -9999 -9999 -9999 -9999 -9999 -9999 -9999 -9999 -9999 -9999 -9999 -9999 -9999 -9999 -9999 1.91563E-4 2.04865E-4 1.78999E-4 1.73647E-4 1.70645E-4 2.34322E-4 2.57858E-4 2.33117E-4 2.43753E-4 1.71893E-4 1.15305E-4 1.14531E-4 1.29259E-4 6.88961E-5 1.09769E-4 6.24746E-5 1.0295E-4 1.15779E-4 1.25119E-4 1.11175E-4 9.53462E-5 1.43725E-4 2.84612E-4 2.12951E-4 2.81818E-4 1.20256E-4 3.19409E-4 3.47178E-4 3.54701E-4 2.23742E-4 2.18165E-4 2.02617E-4 2.05773E-4 1.9834E-4 2.01315E-4 1.92143E-4
-9999 -9999 -9999 -9999 -9999 -9999 -9999 -9999 -9999 -9999 -9999 -9999 -9999 -9999 -9999 -9999 -9999 -9999 -9999 -9999 -9999 -9999 -9999 -9999 -9999 -9999 -9999 -9999 -9999 -9999 3.55298E-4 4.70791E-4 4.33836E-4 4.29628E-4 1.78534E-4 6.6374E-5 7.97559E-5 1.20983E-4 7.47349E-5 1.25245E-4 1.73175E-4 1.15175E-4 2.24905E-4 1.78661E-4 3.37957E-4 2.09301E-4 1.12215E-4 2.8475E-4 1.56999E-4 8.7146E-5 6.71945E-5 1.00142E-4 3.0224E-4 3.39581E-4 2.19602E-4 2.05842E-4 1.97769E-4 1.9927E-4 2.25035E-4 1.96371E-4 1.96381E-4
-9999 -9999 -9999 -9999 -9999 -9999 -9999 -9999 -9999 -9999 -9999 -9999 -9999 -9999 -9999 -9999 -9999 -9999 -9999 -9999 -9999 -9999 -9999 -9999 -9999 -9999 -9999 -9999 -9999 -9999 -9999 -9999 -9999 -9999 -9999 -9999 1.14848E-4 1.11414E-4 8.38955E-5 9.9384E-5 4.49167E-5 1.36238E-4 2.59505E-4 3.06984E-4 2.86723E-4 2.65932E-4 1.90178E-4 1.01035E-4 1.41352E-4 7.92113E-5 1.05661E-4 1.02736E-4 2.84629E-4 2.19418E-4 2.16245E-4 2.07153E-4 2.04864E-4 1.93642E-4 2.08457E-4 1.99646E-4 1.90096E-4
-9999 -9999 -9999 -9999 -9999 -9999 -9999 -9999 -9999 -9999 -9999 -9999 -9999 -9999 -9999 -9999 -9999 -9999 -9999 -9999 -9999 -9999 -9999 -9999 -9999 -9999 -9999 -9999 -9999 -9999 -9999 -9999 -9999 -9999 -9999 -9999 1.4223E-4 1.21861E-4 2.7125E-4 1.0117E-4 1.22173E-4 2.31235E-4 3.12885E-4 3.11912E-4 3.94226E-4 3.41238E-4 2.40392E-4 1.15971E-4 8.09527E-5 6.45273E-5 6.24468E-5 1.45412E-4 2.58485E-4 2.26286E-4 1.97383E-4 2.10414E-4 2.17933E-4 2.168E-4 1.90825E-4 1.92218E-4 2.0154E-4
-9999 -9999 -9999 -9999 -9999 -9999 -9999 -9999 -9999 -9999 -9999 -9999 -9999 -9999 -9999 -9999 -9999 -9999 -9999 -9999 -9999 -9999 -9999 -9999 -9999 -9999 -9999 -9999 -9999 -9999 -9999 -9999 -9999 -9999 -9999 -9999 3.62886E-4 1.00665E-4 1.50324E-4 1.29547E-4 8.85836E-5 1.10759E-4 3.53095E-4 3.79837E-4 4.01719E-4 2.84292E-4 1.69065E-4 1.24036E-4 5.1054E-5 1.26133E-4 6.98657E-5 4.32887E-5 6.03481E-5 1.85217E-4 2.51158E-4 2.25733E-4 2.20332E-4 2.4202E-4 2.02832E-4 1.90061E-4 1.89949E-4
-9999 -9999 -9999 -9999 -9999 -9999 -9999 -9999 -9999 -9999 -9999 -9999 -9999 -9999 -9999 -9999 -9999 -9999 -9999 -9999 -9999 -9999 -9999 -9999 -9999 -9999 -9999 -9999 -9999 -9999 -9999 -9999 -9999 -9999 -9999 -9999 3.24141E-4 1.40275E-4 1.80441E-4 1.42801E-4 1.33299E-4 1.22674E-4 1.59685E-4 3.02545E-4 2.37644E-4 2.479E-4 1.0091E-4 6.14804E-5 8.47125E-5 2.44583E-4 1.11164E-4 7.21698E-5 7.71848E-5 1.08362E-4 2.17028E-4 2.61886E-4 2.22144E-4 1.93746E-4 1.88739E-4 2.01501E-4 1.96778E-4
-9999 -9999 -9999 -9999 -9999 -9999 -9999 -9999 -9999 -9999 -9999 -9999 -9999 -9999 -9999 -9999 -9999 -9999 -9999 -9999 -9999 -9999 -9999 -9999 -9999 -9999 -9999 -9999 -9999 -9999 -9999 -9999 -9999 -9999 -9999 -9999 1.33916E-4 1.8138E-4 1.97124E-4 3.06111E-4 1.18405E-4 2.40869E-4 1.97634E-4 9.09832E-5 8.16305E-5 2.84361E-4 8.6622E-5 8.24293E-5 1.1842E-4 1.80259E-4 1.18454E-4 6.20871E-5 5.42885E-5 2.49523E-4 2.83822E-4 2.72717E-4 2.45225E-4 2.0425E-4 1.9458E-4 1.9772E-4 1.8907E-4
-9999 -9999 -9999 -9999 -9999 -9999 -9999 -9999 -9999 -9999 -9999 -9999 -9999 -9999 -9999 -9999 -9999 -9999 -9999 -9999 -9999 -9999 -9999 -9999 -9999 -9999 -9999 -9999 -9999 -9999 -9999 -9999 -9999 -9999 -9999 -9999 1.00763E-4 9.31831E-5 1.10253E-4 1.11995E-4 8.57597E-5 1.217E-4 1.33961E-4 1.26738E-4 8.74982E-5 8.16477E-5 7.51862E-5 8.04039E-5 1.42713E-4 7.97239E-5 9.09393E-5 7.34484E-5 6.17148E-5 2.41231E-4 2.42502E-4 2.66013E-4 2.52799E-4 2.2986E-4 2.45279E-4 2.0916E-4 1.97606E-4
-9999 -9999 -9999 -9999 -9999 -9999 -9999 -9999 -9999 -9999 -9999 -9999 -9999 -9999 -9999 -9999 -9999 -9999 -9999 -9999 -9999 -9999 -9999 -9999 -9999 -9999 -9999 -9999 -9999 -9999 -9999 -9999 -9999 -9999 -9999 7.92443E-5 1.02307E-4 1.09925E-4 3.01963E-4 9.51753E-5 8.12121E-5 1.05215E-4 1.69341E-4 1.4853E-4 7.78218E-5 7.53011E-5 1.1863E-4 8.59847E-5 3.94385E-5 1.84955E-4 1.11119E-4 7.04861E-5 1.23095E-4 2.53158E-4 2.44598E-4 2.12877E-4 2.23565E-4 2.16362E-4 2.09692E-4 1.95599E-4 2.05516E-4
-9999 -9999 -9999 -9999 -9999 -9999 -9999 -9999 -9999 -9999 -9999 -9999 -9999 -9999 -9999 -9999 -9999 -9999 -9999 -9999 -9999 -9999 -9999 -9999 -9999 -9999 -9999 -9999 -9999 -9999 -9999 -9999 -9999 -9999 -9999 1.0637E-4 1.38723E-4 1.97592E-4 2.87301E-4 1.88624E-4 9.24059E-5 1.37285E-4 1.67824E-4 2.74338E-4 1.86114E-4 8.21241E-5 8.88136E-5 1.48922E-4 7.02903E-5 2.56462E-4 7.18591E-5 5.40817E-5 9.95464E-5 2.44866E-4 2.8317E-4 2.31042E-4 2.12354E-4 1.88694E-4 2.21085E-4 1.96818E-4 2.1621E-4
-9999 -9999 -9999 -9999 -9999 -9999 -9999 -9999 -9999 -9999 -9999 -9999 -9999 -9999 -9999 -9999 -9999 -9999 -9999 -9999 -9999 -9999 -9999 -9999 -9999 -9999 -9999 -9999 -9999 -9999 -9999 -9999 -9999 -9999 -9999 1.17426E-4 2.86113E-4 2.84957E-4 2.0892E-4 1.88608E-4 1.24029E-4 1.24555E-4 1.53067E-4 2.06313E-4 2.9619E-4 1.38484E-4 9.90499E-5 1.29745E-4 6.11661E-5 1.2852E-4 1.10596E-4 6.62808E-5 2.08998E-4 2.23209E-4 2.58315E-4 2.66253E-4 2.14258E-4 1.96723E-4 1.84552E-4 1.99052E-4 2.20209E-4
-9999 -9999 -9999 -9999 -9999 -9999 -9999 -9999 -9999 -9999 -9999 -9999 -9999 -9999 -9999 -9999 -9999 -9999 -9999 -9999 -9999 -9999 -9999 -9999 -9999 -9999 -9999 -9999 -9999 -9999 -9999 -9999 -9999 -9999 -9999 2.64468E-4 3.82769E-4 1.91587E-4 3.07025E-4 1.94273E-4 1.11008E-4 8.83305E-5 1.39926E-4 1.75524E-4 1.5674E-4 1.12599E-4 5.86341E-5 1.50693E-4 1.1911E-4 0E0 9.15302E-5 6.36907E-5 7.49211E-5 2.22607E-4 2.36587E-4 2.55471E-4 2.43431E-4 1.84896E-4 2.09801E-4 2.20794E-4 2.56739E-4
-9999 -9999 -9999 -9999 -9999 -9999 -9999 -9999 -9999 -9999 -9999 -9999 -9999 -9999 -9999 -9999 -9999 -9999 -9999 -9999 -9999 -9999 -9999 -9999 -9999 -9999 -9999 -9999 -9999 -9999 -9999 -9999 -9999 -9999 -9999 1.33786E-4 2.02286E-4 1.46874E-4 1.18539E-4 9.96047E-5 9.32828E-5 1.06004E-4 8.09443E-5 9.26814E-5 1.36328E-4 1.18833E-4 8.35356E-5 6.1765E-5 6.47952E-5 9.08351E-5 7.21928E-5 4.80746E-5 8.69116E-5 2.27171E-4 1.59699E-4 1.91942E-4 2.33276E-4 2.33332E-4 2.58211E-4 2.56361E-4 2.38629E-4
-9999 -9999 -9999 -9999 -9999 -9999 -9999 -9999 -9999 -9999 -9999 -9999 -9999 -9999 -9999 -9999 -9999 -9999 -9999 -9999 -9999 -9999 -9999 -9999 -9999 -9999 -9999 -9999 -9999 -9999 -9999 -9999 -9999 -9999 -9999 2.68429E-4 1.53543E-4 1.0048E-4 2.01308E-4 1.92345E-4 1.466E-4 1.11097E-4 1.34729E-4 6.63966E-5 1.03903E-4 9.6194E-5 1.06972E-4 1.50237E-4 2.48409E-4 2.12007E-4 1.16059E-4 5.29477E-5 1.24726E-4 2.15628E-4 9.67513E-5 1.17556E-4 2.31402E-4 2.19227E-4 2.52742E-4 2.55259E-4 2.04132E-4
