Candidate_Models_July82022/M_8_F_lqp_Set_1_all/Bison.asc
ncols         290
nrows         380
xllcorner     -2197417.7431653
yllcorner     -584827.01486885
cellsize      10000.0
NODATA_value  -9999
[rows 189 to 215 of 380, columns 0 to 60 of 290]
-9999 -9999 -9999 -9999 -9999 -9999 -9999 -9999 -9999 -9999 8.92458E-6 8.55235E-6 8.40514E-6 -9999 -9999 -9999 -9999 -9999 -9999 -9999 -9999 -9999 -9999 -9999 2.59012E-5 1.41493E-5 2.30229E-5 1.27302E-5 9.82438E-6 1.21387E-5 1.06361E-5 1.42177E-5 -9999 -9999 -9999 9.4957E-6 1.14045E-5 1.04972E-5 1.53085E-5 1.98543E-5 2.53498E-5 3.49513E-5 3.77375E-5 3.56098E-5 5.53974E-5 4.00884E-5 3.58417E-5 3.72873E-5 4.29027E-5 4.31423E-5 4.16871E-5 4.97832E-5 5.65608E-5 4.69853E-5 5.34032E-5 4.84017E-5 3.46425E-5 3.4691E-5 3.91157E-5 3.77974E-5 5.60385E-5
-9999 -9999 -9999 -9999 -9999 -9999 -9999 -9999 -9999 -9999 1.41584E-5 1.10678E-5 1.0783E-5 9.81569E-6 -9999 -9999 -9999 -9999 -9999 -9999 -9999 -9999 -9999 -9999 -9999 2.31604E-5 -9999 1.37409E-5 8.58999E-6 1.16193E-5 1.25102E-5 1.61547E-5 7.26441E-6 1.12039E-5 5.75736E-6 1.73315E-5 7.96466E-6 7.50488E-6 9.75493E-6 4.09474E-5 4.31733E-5 3.41584E-5 2.76986E-5 2.40384E-5 5.45589E-5 4.38422E-5 3.88015E-5 2.03319E-5 3.52141E-5 5.01939E-5 3.7946E-5 3.92628E-5 3.62735E-5 3.8255E-5 5.50355E-5 4.98871E-5 4.1187E-5 4.36631E-5 3.47483E-5 3.69083E-5 3.6908E-5
-9999 -9999 -9999 -9999 -9999 -9999 -9999 -9999 -9999 -9999 1.21512E-5 1.29741E-5 1.18537E-5 -9999 -9999 -9999 -9999 -9999 -9999 -9999 -9999 -9999 -9999 -9999 -9999 2.07385E-5 -9999 1.40028E-5 1.44993E-5 8.34341E-6 1.70377E-5 1.47129E-5 -9999 -9999 -9999 1.50494E-5 1.76112E-5 1.5008E-5 2.78403E-5 2.4503E-5 3.22425E-5 4.19005E-5 3.14541E-5 2.54976E-5 4.14177E-5 4.55608E-5 3.38781E-5 3.7637E-5 4.83159E-5 5.91788E-5 4.60462E-5 3.71984E-5 4.19309E-5 4.17073E-5 4.10227E-5 4.1516E-5 5.97153E-5 4.59619E-5 4.29955E-5 3.24587E-5 3.01774E-5
-9999 -9999 -9999 -9999 -9999 -9999 -9999 -9999 -9999 -9999 9.72092E-6 7.9109E-6 -9999 -9999 -9999 -9999 -9999 -9999 -9999 -9999 -9999 -9999 -9999 -9999 -9999 3.43044E-5 -9999 2.21207E-5 -9999 -9999 -9999 9.53164E-6 -9999 6.98943E-6 1.41843E-5 1.25892E-5 1.3257E-5 9.8307E-6 1.97055E-5 2.22497E-5 3.98914E-5 3.53158E-5 3.87675E-5 2.90771E-5 3.29936E-5 4.5526E-5 4.53705E-5 3.82764E-5 3.83763E-5 3.98465E-5 3.28722E-5 4.42427E-5 4.44023E-5 4.53596E-5 3.95171E-5 3.62997E-5 3.44617E-5 3.59876E-5 4.64325E-5 3.35797E-5 4.35584E-5
-9999 -9999 -9999 -9999 -9999 -9999 -9999 -9999 -9999 -9999 -9999 9.39168E-6 1.54791E-5 1.09216E-5 -9999 -9999 -9999 -9999 -9999 -9999 -9999 -9999 -9999 -9999 -9999 -9999 -9999 -9999 -9999 -9999 -9999 -9999 9.95669E-6 9.89467E-6 1.02709E-5 1.16316E-5 1.877E-5 1.16187E-5 2.27554E-5 -9999 3.98726E-5 3.32943E-5 3.108E-5 2.85638E-5 3.58335E-5 4.41847E-5 3.97802E-5 4.27452E-5 3.83845E-5 4.74238E-5 4.01614E-5 4.41682E-5 4.33411E-5 4.43844E-5 4.86291E-5 3.95989E-5 3.83635E-5 4.57036E-5 3.78407E-5 4.04592E-5 4.0194E-5
-9999 -9999 -9999 -9999 -9999 -9999 -9999 -9999 -9999 -9999 -9999 9.23437E-6 1.67387E-5 -9999 -9999 -9999 -9999 -9999 -9999 -9999 -9999 -9999 -9999 -9999 -9999 -9999 2.16066E-5 2.4294E-5 -9999 1.54232E-5 -9999 1.2059E-5 8.70795E-6 8.80009E-6 6.23967E-6 1.16682E-5 1.10846E-5 -9999 1.00435E-5 1.22863E-5 3.06731E-5 3.80705E-5 4.7018E-5 2.34461E-5 3.57503E-5 3.63373E-5 4.16789E-5 4.87317E-5 3.49648E-5 3.78093E-5 5.71257E-5 4.908E-5 4.6862E-5 4.4854E-5 4.66588E-5 3.35488E-5 3.96153E-5 4.75435E-5 4.39546E-5 4.78363E-5 4.29981E-5
-9999 -9999 -9999 -9999 -9999 -9999 -9999 -9999 -9999 -9999 -9999 -9999 1.65314E-5 -9999 -9999 -9999 -9999 -9999 -9999 -9999 -9999 -9999 -9999 -9999 -9999 -9999 2.83181E-5 -9999 -9999 -9999 1.1977E-5 5.24994E-6 -9999 1.39482E-5 1.54876E-5 2.53276E-5 1.26997E-5 1.17975E-5 2.7181E-5 5.12249E-5 3.07152E-5 4.1786E-5 4.60757E-5 3.31479E-5 5.38444E-5 3.9241E-5 4.21796E-5 3.46611E-5 7.20556E-5 6.92945E-5 3.56579E-5 5.67665E-5 4.55187E-5 4.54981E-5 4.29093E-5 4.61708E-5 4.26936E-5 3.53685E-5 3.91532E-5 5.38464E-5 5.81009E-5
-9999 -9999 -9999 -9999 -9999 -9999 -9999 -9999 -9999 -9999 -9999 -9999 1.38515E-5 -9999 -9999 -9999 -9999 -9999 -9999 -9999 -9999 -9999 -9999 -9999 -9999 -9999 -9999 -9999 -9999 1.30033E-5 1.03621E-5 7.39595E-6 7.4656E-6 1.02504E-5 1.30509E-5 2.10983E-5 1.10149E-5 1.35665E-5 1.5468E-5 1.48809E-5 2.39664E-5 2.21168E-5 2.73041E-5 3.15828E-5 5.18123E-5 5.85871E-5 3.88517E-5 1.90433E-5 3.28653E-5 4.12292E-5 4.3842E-5 4.3512E-5 5.60204E-5 5.60663E-5 5.41933E-5 5.14639E-5 4.61752E-5 3.4622E-5 3.57356E-5 4.44786E-5 4.74677E-5
-9999 -9999 -9999 -9999 -9999 -9999 -9999 -9999 -9999 -9999 -9999 -9999 1.0713E-5 -9999 -9999 -9999 -9999 -9999 -9999 -9999 -9999 -9999 -9999 -9999 -9999 -9999 -9999 -9999 -9999 1.68841E-5 1.41185E-5 9.71959E-6 7.08356E-6 1.03114E-5 7.02054E-6 1.59922E-5 1.99246E-5 2.00727E-5 1.34555E-5 1.95626E-5 3.10751E-5 1.87225E-5 3.93777E-5 4.11583E-5 3.48447E-5 3.40491E-5 4.09045E-5 5.67875E-5 3.71666E-5 3.85175E-5 4.31924E-5 4.48257E-5 4.9831E-5 4.88107E-5 5.67113E-5 4.10369E-5 4.92752E-5 6.35224E-5 5.5575E-5 6.65821E-5 5.47612E-5
-9999 -9999 -9999 -9999 -9999 -9999 -9999 -9999 -9999 -9999 -9999 -9999 9.71099E-6 1.53157E-5 -9999 -9999 -9999 -9999 -9999 -9999 -9999 -9999 -9999 -9999 -9999 -9999 -9999 2.32153E-5 -9999 1.79696E-5 1.51576E-5 1.36416E-5 1.50168E-5 1.3507E-5 8.54423E-6 2.12901E-5 2.85071E-5 1.32056E-5 1.30228E-5 1.07688E-5 1.15702E-5 1.31003E-5 3.22737E-5 1.66582E-5 4.0702E-5 3.71611E-5 3.98209E-5 5.40198E-5 5.91757E-5 3.96925E-5 4.13777E-5 5.43904E-5 6.29848E-5 5.90075E-5 7.37757E-5 5.63746E-5 6.3759E-5 5.27217E-5 6.4465E-5 6.30967E-5 3.69308E-5
-9999 -9999 -9999 -9999 -9999 -9999 -9999 -9999 -9999 -9999 -9999 -9999 1.57466E-5 -9999 -9999 -9999 -9999 -9999 -9999 -9999 -9999 -9999 -9999 -9999 -9999 -9999 -9999 2.358E-5 -9999 1.78104E-5 1.15907E-5 8.00716E-6 -9999 1.33818E-5 9.04668E-6 1.07025E-5 2.08281E-5 9.81272E-6 2.76567E-5 1.56048E-5 1.32154E-5 1.20768E-5 2.71029E-5 3.05936E-5 3.15863E-5 3.53882E-5 4.00721E-5 3.516E-5 4.67145E-5 5.19415E-5 4.82284E-5 6.21098E-5 5.47641E-5 4.9749E-5 4.26083E-5 4.59571E-5 8.6086E-5 1.24366E-4 1.17084E-4 4.81896E-5 4.54941E-5
-9999 -9999 -9999 -9999 -9999 -9999 -9999 -9999 -9999 -9999 -9999 -9999 -9999 1.87744E-5 -9999 -9999 -9999 -9999 -9999 -9999 -9999 -9999 -9999 -9999 -9999 -9999 -9999 2.6131E-5 2.4907E-5 2.52596E-5 1.33164E-5 1.02733E-5 -9999 1.16624E-5 -9999 1.48759E-5 2.2935E-5 1.44326E-5 2.80381E-5 2.24837E-5 2.04281E-5 1.81515E-5 1.53832E-5 2.78761E-5 4.10954E-5 4.7295E-5 4.29967E-5 4.86633E-5 4.08589E-5 4.73675E-5 5.16973E-5 5.23512E-5 4.45006E-5 4.37267E-5 6.90452E-5 5.90433E-5 9.58424E-5 6.84088E-5 4.21806E-5 5.80491E-5 4.5583E-5
-9999 -9999 -9999 -9999 -9999 -9999 -9999 -9999 -9999 -9999 -9999 -9999 -9999 -9999 -9999 -9999 -9999 -9999 -9999 -9999 -9999 -9999 -9999 -9999 -9999 -9999 -9999 -9999 2.67049E-5 -9999 1.76719E-5 -9999 1.44563E-5 1.12264E-5 -9999 1.05538E-5 2.54453E-5 2.31951E-5 2.63098E-5 1.85488E-5 3.54099E-5 8.53332E-6 1.23898E-5 3.42615E-5 3.84678E-5 4.3369E-5 3.33673E-5 5.00194E-5 3.91142E-5 4.81511E-5 5.40817E-5 5.61475E-5 5.15404E-5 4.91746E-5 3.56327E-5 4.32167E-5 4.60929E-5 4.35983E-5 4.88263E-5 5.131E-5 5.48584E-5
-9999 -9999 -9999 -9999 -9999 -9999 -9999 -9999 -9999 -9999 -9999 -9999 -9999 -9999 -9999 -9999 -9999 -9999 -9999 -9999 -9999 -9999 -9999 -9999 -9999 -9999 -9999 -9999 -9999 2.49821E-5 2.01266E-5 -9999 9.19747E-6 -9999 9.62355E-6 7.96767E-6 1.21482E-5 3.82159E-5 2.32556E-5 1.70471E-5 3.26884E-5 1.11551E-5 2.1819E-5 2.09969E-5 2.31838E-5 3.09047E-5 3.79507E-5 4.48673E-5 4.83782E-5 5.50761E-5 5.33599E-5 5.99751E-5 5.09506E-5 5.10979E-5 6.02973E-5 4.26946E-5 5.41376E-5 4.89533E-5 3.47255E-5 5.43073E-5 5.5061E-5
-9999 -9999 -9999 -9999 -9999 -9999 -9999 -9999 -9999 -9999 -9999 -9999 -9999 -9999 -9999 -9999 -9999 -9999 -9999 -9999 -9999 -9999 -9999 -9999 -9999 -9999 -9999 -9999 -9999 2.13824E-5 1.3202E-5 -9999 1.65032E-5 1.28625E-5 9.68653E-6 4.56654E-6 2.17882E-5 1.73966E-5 1.87425E-5 1.57013E-5 1.15728E-5 1.68893E-5 1.73745E-5 1.00176E-5 1.85015E-5 3.38025E-5 7.22281E-5 4.22123E-5 4.68565E-5 5.11379E-5 5.25098E-5 4.88986E-5 4.3742E-5 4.76531E-5 5.81208E-5 4.14125E-5 5.40079E-5 9.18326E-5 6.81597E-5 5.09755E-5 5.38597E-5
-9999 -9999 -9999 -9999 -9999 -9999 -9999 -9999 -9999 -9999 -9999 -9999 -9999 -9999 -9999 -9999 -9999 -9999 -9999 -9999 -9999 -9999 -9999 -9999 -9999 -9999 -9999 -9999 -9999 1.87353E-5 -9999 2.22218E-5 -9999 -9999 1.76072E-5 9.11675E-6 1.1047E-5 1.61039E-5 3.37298E-5 1.45518E-5 2.54184E-5 -9999 1.14023E-5 1.88328E-5 3.90868E-5 2.53836E-5 4.80331E-5 3.62953E-5 4.77539E-5 4.87672E-5 4.85206E-5 5.27879E-5 5.03488E-5 4.16198E-5 6.5956E-5 4.14955E-5 4.59422E-5 6.62515E-5 3.63697E-5 9.38466E-5 6.65269E-5
-9999 -9999 -9999 -9999 -9999 -9999 -9999 -9999 -9999 -9999 -9999 -9999 -9999 -9999 -9999 -9999 -9999 -9999 -9999 -9999 -9999 -9999 -9999 -9999 -9999 -9999 -9999 -9999 -9999 -9999 -9999 2.06757E-5 -9999 6.47444E-6 7.57291E-6 4.73559E-6 8.63053E-6 0E0 1.33867E-5 1.26712E-5 -9999 5.75551E-6 2.63788E-5 1.3703E-5 7.27317E-6 1.61977E-5 2.06099E-5 4.31669E-5 4.60339E-5 4.9167E-5 7.53286E-5 7.81288E-5 5.17314E-5 4.86689E-5 4.98032E-5 3.57523E-5 4.92187E-5 5.00748E-5 4.49306E-5 7.56859E-5 4.69684E-5
-9999 -9999 -9999 -9999 -9999 -9999 -9999 -9999 -9999 -9999 -9999 -9999 -9999 -9999 -9999 -9999 -9999 -9999 -9999 -9999 -9999 -9999 -9999 -9999 -9999 -9999 -9999 -9999 -9999 -9999 2.26102E-5 -9999 -9999 -9999 9.95799E-6 4.31426E-6 7.15945E-6 1.53309E-5 1.25026E-5 1.19209E-5 1.82664E-5 2.24959E-5 1.92118E-5 3.74708E-5 2.54468E-5 3.38213E-5 2.85636E-5 4.36018E-5 4.58989E-5 4.44137E-5 5.36852E-5 4.79226E-5 4.36875E-5 4.478E-5 5.04755E-5 4.69414E-5 4.78263E-5 7.84024E-5 4.74863E-5 4.33915E-5 6.1008E-5
-9999 -9999 -9999 -9999 -9999 -9999 -9999 -9999 -9999 -9999 -9999 -9999 -9999 -9999 -9999 -9999 -9999 -9999 -9999 -9999 -9999 -9999 -9999 -9999 -9999 -9999 -9999 -9999 -9999 -9999 2.28115E-5 2.14315E-5 -9999 8.89176E-6 -9999 1.20857E-5 -9999 6.20539E-6 -9999 2.17127E-5 1.55283E-5 2.82045E-5 1.4444E-5 1.78476E-5 2.32235E-5 3.79218E-5 3.3564E-5 4.29694E-5 4.13738E-5 6.2924E-5 4.76909E-5 4.28529E-5 5.34697E-5 4.72157E-5 4.96473E-5 5.36571E-5 5.07785E-5 5.06852E-5 4.59614E-5 5.07874E-5 5.09865E-5
-9999 -9999 -9999 -9999 -9999 -9999 -9999 -9999 -9999 -9999 -9999 -9999 -9999 -9999 -9999 -9999 -9999 -9999 -9999 -9999 -9999 -9999 -9999 -9999 -9999 -9999 -9999 -9999 -9999 -9999 -9999 2.03098E-5 1.53128E-5 -9999 1.3436E-5 1.03942E-5 1.13157E-5 1.42408E-5 -9999 -9999 -9999 7.39847E-6 2.83242E-5 2.61902E-5 1.00163E-5 5.06059E-5 5.89872E-5 7.05175E-5 5.04029E-5 4.89134E-5 7.69418E-5 4.34764E-5 6.18652E-5 4.70599E-5 4.95388E-5 5.45936E-5 5.52892E-5 5.37636E-5 4.283E-5 5.04325E-5 4.80845E-5
-9999 -9999 -9999 -9999 -9999 -9999 -9999 -9999 -9999 -9999 -9999 -9999 -9999 -9999 -9999 -9999 -9999 -9999 -9999 -9999 -9999 -9999 -9999 -9999 -9999 -9999 -9999 -9999 -9999 -9999 -9999 1.63533E-5 1.68161E-5 1.0914E-5 2.10846E-5 6.50974E-6 1.23115E-5 8.90001E-6 1.38205E-5 7.99137E-6 1.55297E-5 5.10733E-6 0E0 1.23121E-5 1.46476E-5 6.2921E-6 5.70896E-5 4.45625E-5 5.31957E-5 5.53362E-5 5.74653E-5 5.28615E-5 4.36474E-5 4.96593E-5 4.94966E-5 5.46208E-5 5.72137E-5 4.67843E-5 4.83548E-5 4.05879E-5 4.05851E-5
-9999 -9999 -9999 -9999 -9999 -9999 -9999 -9999 -9999 -9999 -9999 -9999 -9999 -9999 -9999 -9999 -9999 -9999 -9999 -9999 -9999 -9999 -9999 -9999 -9999 -9999 -9999 -9999 -9999 -9999 1.96633E-5 1.5632E-5 -9999 1.24381E-5 -9999 1.60594E-5 8.09991E-6 5.61951E-6 2.17619E-5 8.62246E-6 2.09353E-5 3.06704E-5 2.93276E-5 1.87533E-5 4.16514E-5 1.49219E-5 -9999 8.53902E-6 4.42728E-5 6.17611E-5 5.7964E-5 6.26987E-5 5.61435E-5 5.08227E-5 4.96969E-5 5.32518E-5 5.07523E-5 5.99468E-5 5.47642E-5 4.38538E-5 5.10657E-5
-9999 -9999 -9999 -9999 -9999 -9999 -9999 -9999 -9999 -9999 -9999 -9999 -9999 -9999 -9999 -9999 -9999 -9999 -9999 -9999 -9999 -9999 -9999 -9999 -9999 -9999 -9999 -9999 -9999 -9999 -9999 -9999 1.83228E-5 1.25126E-5 9.83597E-6 1.14588E-5 3.36135E-6 7.45063E-6 2.00225E-5 2.79817E-5 -9999 1.29132E-5 2.21915E-5 1.51729E-5 6.12612E-5 1.66062E-5 6.52623E-5 1.49432E-5 3.49331E-5 4.33534E-5 5.64538E-5 6.52188E-5 6.14345E-5 5.64386E-5 4.82671E-5 4.98052E-5 4.49614E-5 8.58231E-5 7.10977E-5 5.0466E-5 4.88277E-5
-9999 -9999 -9999 -9999 -9999 -9999 -9999 -9999 -9999 -9999 -9999 -9999 -9999 -9999 -9999 -9999 -9999 -9999 -9999 -9999 -9999 -9999 -9999 -9999 -9999 -9999 -9999 -9999 -9999 -9999 -9999 -9999 1.21602E-5 6.2451E-6 6.76422E-6 1.43598E-5 9.84965E-6 -9999 1.11661E-5 0E0 1.42376E-5 1.32607E-5 1.85967E-5 5.46175E-5 4.28632E-5 2.2016E-5 1.07217E-4 5.39188E-5 7.58917E-5 3.71499E-5 5.63891E-5 6.03799E-5 6.46667E-5 6.04217E-5 5.35442E-5 4.88164E-5 4.9031E-5 5.18427E-5 5.9269E-5 5.4761E-5 6.36934E-5
-9999 -9999 -9999 -9999 -9999 -9999 -9999 -9999 -9999 -9999 -9999 -9999 -9999 -9999 -9999 -9999 -9999 -9999 -9999 -9999 -9999 -9999 -9999 -9999 -9999 -9999 -9999 -9999 -9999 -9999 1.53551E-5 -9999 1.4822E-5 8.92362E-6 1.02787E-5 4.71971E-6 6.4629E-6 7.80588E-6 3.07127E-5 1.97422E-5 8.46887E-6 2.15738E-5 -9999 7.9799E-5 4.34785E-5 1.48889E-5 3.36705E-5 1.0446E-4 1.92936E-4 1.38904E-4 6.42761E-5 7.18716E-5 6.14792E-5 5.62436E-5 4.49322E-5 5.05894E-5 5.90424E-5 4.3719E-5 7.61288E-5 6.4168E-5 4.4759E-5
-9999 -9999 -9999 -9999 -9999 -9999 -9999 -9999 -9999 -9999 -9999 -9999 -9999 -9999 -9999 -9999 -9999 -9999 -9999 -9999 -9999 -9999 -9999 -9999 -9999 -9999 -9999 -9999 -9999 -9999 1.41214E-5 -9999 -9999 1.33154E-5 -9999 1.19822E-5 1.22923E-5 9.18354E-6 1.2107E-5 9.4388E-6 1.01686E-5 5.81003E-5 2.11111E-5 9.38855E-5 9.21086E-5 3.64704E-5 8.38076E-5 5.60455E-5 1.95385E-5 4.78587E-5 7.10583E-5 8.57572E-5 6.24661E-5 5.07156E-5 5.61703E-5 5.37524E-5 5.88747E-5 5.60326E-5 7.59886E-5 8.52693E-5 6.6407E-5
-9999 -9999 -9999 -9999 -9999 -9999 -9999 -9999 -9999 -9999 -9999 -9999 -9999 -9999 -9999 -9999 -9999 -9999 -9999 -9999 -9999 -9999 -9999 -9999 -9999 -9999 -9999 -9999 -9999 -9999 1.44669E-5 -9999 1.32741E-5 9.02509E-6 9.72117E-6 5.43306E-6 9.62425E-6 8.87875E-6 2.55002E-5 1.38333E-5 6.1317E-6 1.19283E-5 6.66404E-6 1.91249E-5 8.18888E-5 7.13775E-5 1.71524E-5 5.96531E-5 4.58149E-5 4.23406E-5 6.52154E-5 6.999E-5 6.89936E-5 5.62207E-5 5.54885E-5 5.57363E-5 5.58536E-5 6.10001E-5 5.93687E-5 1.18842E-4 9.76606E-5
