Candidate_Models_Sept202022/M_8_F_lqp_Set_1_cal/Bison.asc
ncols         97
nrows         127
xllcorner     -2197417.7431653
yllcorner     -584827.01486885
cellsize      30000.0
NODATA_value  -9999
[rows 0 to 26 of 127, columns 0 to 60 of 97]
-9999 -9999 -9999 -9999 -9999 -9999 -9999 -9999 -9999 -9999 -9999 -9999 -9999 -9999 -9999 -9999 -9999 -9999 -9999 -9999 -9999 -9999 -9999 -9999 -9999 -9999 -9999 -9999 -9999 -9999 -9999 -9999 -9999 -9999 -9999 -9999 -9999 -9999 -9999 -9999 -9999 -9999 -9999 -9999 -9999 -9999 -9999 -9999 -9999 -9999 -9999 -9999 -9999 -9999 -9999 -9999 -9999 -9999 -9999 -9999 -9999
-9999 -9999 -9999 -9999 -9999 -9999 -9999 -9999 -9999 -9999 -9999 -9999 -9999 -9999 -9999 -9999 -9999 -9999 -9999 -9999 -9999 -9999 -9999 -9999 -9999 -9999 -9999 -9999 -9999 -9999 -9999 -9999 -9999 -9999 -9999 -9999 -9999 -9999 -9999 -9999 -9999 -9999 -9999 -9999 -9999 -9999 -9999 -9999 -9999 -9999 -9999 -9999 -9999 -9999 -9999 -9999 -9999 -9999 -9999 -9999 -9999
-9999 -9999 -9999 -9999 -9999 -9999 -9999 -9999 -9999 -9999 -9999 -9999 -9999 -9999 -9999 -9999 -9999 -9999 -9999 -9999 -9999 -9999 -9999 -9999 -9999 -9999 -9999 -9999 -9999 -9999 -9999 -9999 -9999 -9999 -9999 -9999 -9999 -9999 -9999 -9999 -9999 -9999 -9999 -9999 -9999 -9999 -9999 -9999 -9999 -9999 -9999 -9999 -9999 -9999 -9999 -9999 -9999 -9999 -9999 -9999 -9999
-9999 -9999 -9999 -9999 -9999 -9999 -9999 -9999 -9999 -9999 -9999 -9999 -9999 -9999 -9999 -9999 -9999 -9999 -9999 7.78563E-2 7.80752E-2 6.02409E-2 6.12596E-2 -9999 -9999 -9999 -9999 -9999 -9999 -9999 -9999 -9999 -9999 -9999 -9999 -9999 -9999 -9999 -9999 -9999 -9999 -9999 -9999 -9999 -9999 -9999 -9999 -9999 -9999 -9999 -9999 -9999 -9999 -9999 -9999 -9999 -9999 -9999 -9999 -9999 -9999
-9999 -9999 -9999 -9999 -9999 -9999 -9999 -9999 -9999 -9999 -9999 -9999 -9999 -9999 -9999 -9999 -9999 -9999 7.41284E-2 6.65939E-2 6.4363E-2 6.94669E-2 6.5736E-2 5.17582E-2 4.55785E-2 -9999 -9999 -9999 -9999 -9999 -9999 -9999 -9999 -9999 -9999 -9999 -9999 -9999 -9999 -9999 -9999 -9999 -9999 -9999 -9999 -9999 -9999 -9999 -9999 -9999 -9999 -9999 -9999 -9999 -9999 -9999 -9999 -9999 -9999 -9999 -9999
-9999 -9999 -9999 -9999 -9999 -9999 -9999 -9999 -9999 -9999 -9999 -9999 -9999 -9999 -9999 -9999 -9999 -9999 5.18909E-2 5.27224E-2 6.00003E-2 6.34378E-2 5.69704E-2 4.66293E-2 4.55135E-2 -9999 -9999 -9999 -9999 -9999 -9999 -9999 -9999 -9999 -9999 -9999 -9999 -9999 -9999 -9999 -9999 -9999 -9999 -9999 -9999 -9999 -9999 -9999 -9999 -9999 -9999 -9999 -9999 -9999 -9999 -9999 -9999 -9999 -9999 -9999 -9999
-9999 -9999 -9999 -9999 -9999 -9999 -9999 -9999 -9999 -9999 -9999 -9999 -9999 -9999 -9999 -9999 -9999 4.75659E-2 4.40507E-2 3.70318E-2 3.9013E-2 4.88361E-2 5.30229E-2 4.90665E-2 4.97641E-2 4.94915E-2 -9999 5.14947E-2 4.74743E-2 4.89435E-2 -9999 -9999 -9999 -9999 -9999 -9999 -9999 -9999 4.09337E-2 -9999 -9999 -9999 -9999 -9999 -9999 -9999 -9999 -9999 -9999 -9999 -9999 -9999 -9999 -9999 -9999 -9999 -9999 -9999 -9999 -9999 -9999
-9999 -9999 -9999 -9999 -9999 -9999 -9999 -9999 -9999 -9999 -9999 -9999 -9999 -9999 -9999 -9999 6.37791E-2 6.36182E-2 4.02779E-2 2.7756E-2 3.02384E-2 3.81583E-2 5.00968E-2 4.84162E-2 5.0191E-2 4.84145E-2 4.80597E-2 4.85199E-2 4.47417E-2 4.50754E-2 4.52148E-2 4.62996E-2 4.30864E-2 4.2449E-2 4.30643E-2 4.40981E-2 4.49076E-2 -9999 3.93905E-2 3.84192E-2 -9999 -9999 -9999 -9999 -9999 -9999 -9999 -9999 -9999 -9999 -9999 -9999 -9999 -9999 -9999 -9999 -9999 -9999 -9999 -9999 -9999
-9999 -9999 -9999 -9999 -9999 -9999 -9999 -9999 -9999 -9999 -9999 -9999 -9999 -9999 -9999 2.60597E-2 3.46404E-2 3.64908E-2 3.59157E-2 2.75273E-2 2.80036E-2 3.42932E-2 4.79585E-2 5.24449E-2 5.07183E-2 4.41192E-2 4.1468E-2 4.14797E-2 4.05298E-2 4.04673E-2 4.08913E-2 4.13284E-2 4.07526E-2 3.9578E-2 4.23423E-2 4.83124E-2 4.60937E-2 4.66463E-2 4.05445E-2 4.04934E-2 -9999 -9999 -9999 -9999 -9999 -9999 -9999 -9999 -9999 -9999 -9999 -9999 -9999 -9999 -9999 -9999 -9999 -9999 -9999 -9999 -9999
-9999 -9999 -9999 -9999 -9999 -9999 -9999 -9999 -9999 -9999 -9999 -9999 -9999 -9999 -9999 2.97538E-2 3.62019E-2 3.10955E-2 2.62693E-2 2.63755E-2 2.70635E-2 3.55898E-2 5.30509E-2 6.20994E-2 5.61749E-2 4.28352E-2 3.83389E-2 3.84315E-2 3.71028E-2 3.831E-2 3.94552E-2 4.07863E-2 3.85837E-2 3.82039E-2 4.5463E-2 5.3033E-2 5.61582E-2 5.31291E-2 4.59021E-2 -9999 -9999 -9999 4.06012E-2 -9999 -9999 -9999 -9999 -9999 -9999 -9999 -9999 -9999 -9999 -9999 -9999 -9999 -9999 -9999 -9999 -9999 -9999
-9999 -9999 -9999 -9999 -9999 -9999 -9999 -9999 -9999 -9999 -9999 -9999 -9999 -9999 4.62083E-2 3.61834E-2 4.3724E-2 4.17487E-2 4.16479E-2 3.39119E-2 3.13195E-2 3.74417E-2 5.65088E-2 5.88411E-2 6.23375E-2 3.47359E-2 3.70923E-2 3.83145E-2 3.71513E-2 3.87537E-2 3.91464E-2 3.98722E-2 3.77761E-2 3.99336E-2 4.96703E-2 5.71869E-2 5.72901E-2 5.27495E-2 4.35717E-2 -9999 -9999 4.27711E-2 -9999 -9999 -9999 -9999 -9999 -9999 -9999 -9999 -9999 -9999 -9999 -9999 -9999 -9999 -9999 -9999 -9999 -9999 -9999
-9999 -9999 -9999 -9999 -9999 -9999 -9999 -9999 -9999 -9999 -9999 -9999 -9999 3.53321E-2 3.89052E-2 2.90184E-2 4.05482E-2 4.89321E-2 5.64107E-2 8.86285E-2 4.11119E-2 4.99079E-2 4.31947E-2 6.44713E-2 4.01525E-2 3.041E-2 3.4318E-2 3.45632E-2 3.62805E-2 3.95714E-2 3.952E-2 3.74567E-2 3.78669E-2 4.30192E-2 4.79523E-2 5.23937E-2 5.65766E-2 5.55583E-2 4.4333E-2 4.19818E-2 4.11924E-2 4.27441E-2 -9999 4.72752E-2 4.77673E-2 -9999 -9999 -9999 -9999 -9999 -9999 -9999 -9999 -9999 -9999 -9999 -9999 -9999 -9999 -9999 -9999
-9999 -9999 -9999 -9999 -9999 -9999 -9999 -9999 -9999 -9999 -9999 -9999 -9999 3.54781E-2 3.19998E-2 3.57084E-2 5.48068E-2 4.22559E-2 1.2526E-1 7.26449E-2 5.67595E-2 4.18285E-2 5.45943E-2 5.8248E-2 3.49113E-2 3.21085E-2 3.29979E-2 3.50379E-2 3.69376E-2 3.7519E-2 3.56302E-2 3.52632E-2 3.51367E-2 3.71578E-2 3.91868E-2 3.83637E-2 5.11932E-2 4.70814E-2 4.09013E-2 3.9002E-2 3.9938E-2 4.73572E-2 4.61772E-2 5.03857E-2 5.25314E-2 5.27897E-2 -9999 -9999 -9999 -9999 -9999 -9999 -9999 -9999 -9999 -9999 -9999 -9999 -9999 -9999 -9999
-9999 -9999 -9999 -9999 -9999 -9999 -9999 -9999 -9999 -9999 -9999 -9999 7.28099E-2 9.57295E-2 4.80607E-2 6.56142E-2 6.26414E-2 5.57178E-2 3.10102E-2 5.7285E-2 5.47378E-2 5.26561E-2 6.33438E-2 4.00865E-2 2.91849E-2 3.18819E-2 3.28874E-2 3.53653E-2 3.51495E-2 3.26157E-2 3.32414E-2 3.40616E-2 3.46161E-2 3.41773E-2 3.45326E-2 3.73706E-2 3.95268E-2 4.16874E-2 4.14306E-2 4.01338E-2 4.05961E-2 4.2152E-2 4.58696E-2 5.13425E-2 5.356E-2 5.36687E-2 5.3103E-2 -9999 -9999 -9999 3.66388E-2 3.40743E-2 -9999 -9999 -9999 -9999 -9999 -9999 -9999 -9999 -9999
-9999 -9999 -9999 -9999 -9999 -9999 -9999 -9999 -9999 -9999 -9999 3.70895E-2 4.0484E-2 9.1969E-2 6.13519E-2 5.20102E-2 4.21089E-2 9.47319E-2 6.43384E-2 5.33088E-2 5.25028E-2 7.98581E-2 5.67425E-2 2.97971E-2 2.97186E-2 3.13548E-2 3.07752E-2 3.59249E-2 3.56027E-2 3.56063E-2 3.25447E-2 3.1472E-2 3.36522E-2 3.46321E-2 3.44712E-2 3.64154E-2 3.90204E-2 4.14292E-2 4.10833E-2 4.26859E-2 4.24947E-2 4.41256E-2 4.72658E-2 5.19494E-2 5.41609E-2 5.44292E-2 5.11153E-2 4.62161E-2 -9999 -9999 -9999 3.59881E-2 3.4676E-2 -9999 -9999 -9999 -9999 -9999 -9999 -9999 -9999
-9999 -9999 -9999 -9999 -9999 -9999 -9999 -9999 -9999 -9999 -9999 3.49632E-2 2.85544E-2 4.55802E-2 5.68924E-2 5.05344E-2 3.50792E-2 5.58288E-2 4.56963E-2 7.24166E-2 5.91873E-2 7.39658E-2 4.60205E-2 2.96221E-2 3.20907E-2 3.31104E-2 3.48064E-2 3.33414E-2 3.15782E-2 3.1546E-2 3.21851E-2 3.25728E-2 3.35095E-2 3.35653E-2 3.37941E-2 3.69422E-2 3.99832E-2 4.22519E-2 4.33529E-2 4.35758E-2 4.36219E-2 4.66393E-2 4.89019E-2 5.1286E-2 4.93581E-2 5.12049E-2 4.90924E-2 4.7221E-2 4.55414E-2 -9999 -9999 3.8254E-2 3.69076E-2 3.4854E-2 3.48786E-2 -9999 -9999 -9999 -9999 -9999 -9999
-9999 -9999 -9999 -9999 -9999 -9999 -9999 -9999 -9999 -9999 6.17864E-2 3.19959E-2 5.74065E-2 4.80678E-2 4.60799E-2 4.26212E-2 3.92858E-2 3.42185E-2 3.69491E-2 9.99321E-2 8.65928E-2 7.2489E-2 5.46993E-2 4.55588E-2 3.25809E-2 3.47999E-2 3.81146E-2 3.85097E-2 3.37307E-2 3.33251E-2 3.01875E-2 3.17323E-2 3.04273E-2 3.2952E-2 3.45651E-2 3.7947E-2 4.08542E-2 4.32508E-2 4.28732E-2 4.40531E-2 4.6774E-2 4.83704E-2 4.88805E-2 4.88934E-2 4.67153E-2 4.67803E-2 4.78395E-2 4.88677E-2 4.72772E-2 4.43702E-2 4.14922E-2 4.48145E-2 -9999 -9999 3.48865E-2 3.32736E-2 -9999 -9999 -9999 -9999 -9999
-9999 -9999 -9999 -9999 -9999 -9999 -9999 -9999 -9999 5.1932E-2 1.10407E-1 4.60587E-2 5.39591E-2 5.42397E-2 4.94892E-2 4.60778E-2 3.92532E-2 4.36029E-2 4.18286E-2 4.26781E-2 4.07435E-2 5.19014E-2 7.02817E-2 3.92347E-2 3.52766E-2 3.64921E-2 3.92495E-2 4.12622E-2 3.89665E-2 3.31308E-2 3.1332E-2 3.06568E-2 3.16235E-2 3.07677E-2 3.45492E-2 3.98524E-2 4.00227E-2 4.22306E-2 4.34936E-2 4.47159E-2 4.81233E-2 4.97882E-2 5.08556E-2 4.8591E-2 4.83951E-2 4.73297E-2 4.86003E-2 4.90021E-2 4.70677E-2 4.44035E-2 4.36044E-2 4.45716E-2 4.40532E-2 -9999 3.389E-2 3.35928E-2 3.23941E-2 3.06207E-2 -9999 -9999 -9999
-9999 -9999 -9999 -9999 -9999 -9999 -9999 -9999 8.50666E-2 6.23271E-2 5.94729E-2 3.28467E-2 1.96517E-2 4.86022E-2 7.49661E-2 6.59858E-2 6.23805E-2 4.9718E-2 5.15749E-2 3.81878E-2 3.565E-2 4.9404E-2 6.05576E-2 2.86417E-2 3.73112E-2 3.81726E-2 4.23905E-2 4.17881E-2 3.74376E-2 3.50207E-2 3.02711E-2 3.13085E-2 3.28189E-2 3.4875E-2 3.6446E-2 4.14883E-2 4.2358E-2 4.12314E-2 4.4086E-2 4.50947E-2 5.06584E-2 5.27337E-2 5.13561E-2 5.02194E-2 4.7962E-2 4.82026E-2 5.01643E-2 4.92773E-2 4.70192E-2 4.56164E-2 4.51748E-2 4.57875E-2 4.53075E-2 4.50717E-2 3.54823E-2 3.45033E-2 3.22155E-2 3.07441E-2 2.88461E-2 2.78196E-2 2.71808E-2
-9999 -9999 -9999 -9999 -9999 -9999 -9999 -9999 3.97455E-2 4.16277E-2 2.36996E-2 1.64556E-2 2.47526E-2 5.72491E-2 8.1693E-2 9.76178E-2 7.0443E-2 7.19818E-2 7.45442E-2 5.2077E-2 4.73266E-2 4.42492E-2 4.264E-2 4.03338E-2 3.98455E-2 3.6488E-2 4.18359E-2 3.97532E-2 3.77802E-2 3.63865E-2 3.07165E-2 3.08775E-2 3.40076E-2 3.86403E-2 4.14378E-2 4.18593E-2 4.59412E-2 4.14239E-2 4.68969E-2 4.63395E-2 5.51895E-2 5.44852E-2 5.31039E-2 5.17046E-2 5.10919E-2 5.1857E-2 5.16272E-2 5.05458E-2 4.91269E-2 4.74155E-2 4.74044E-2 4.76618E-2 4.76176E-2 4.5306E-2 -9999 3.58709E-2 3.39083E-2 3.24903E-2 2.78628E-2 2.83666E-2 2.65631E-2
-9999 -9999 -9999 -9999 -9999 -9999 -9999 2.88693E-2 3.10873E-2 6.09518E-2 5.589E-2 2.2583E-2 2.71936E-2 3.65892E-2 6.50406E-2 9.78563E-2 7.88838E-2 7.82642E-2 8.41554E-2 7.29484E-2 6.20153E-2 5.29798E-2 6.78517E-2 5.47936E-2 4.89413E-2 4.16159E-2 3.94162E-2 4.61983E-2 5.06586E-2 3.98622E-2 3.95678E-2 3.70807E-2 3.95791E-2 3.89662E-2 4.23216E-2 5.68775E-2 4.8268E-2 4.6093E-2 4.84605E-2 4.85266E-2 5.4707E-2 5.52314E-2 5.49979E-2 5.40902E-2 5.50879E-2 5.51095E-2 5.39235E-2 5.19439E-2 5.03657E-2 4.90302E-2 4.87449E-2 4.97773E-2 -9999 -9999 -9999 -9999 -9999 -9999 -9999 -9999 -9999
-9999 -9999 -9999 -9999 -9999 -9999 7.00085E-2 6.235E-2 4.80764E-2 3.05497E-2 6.43369E-2 1.33167E-1 3.52368E-2 7.30166E-2 2.77764E-2 6.43263E-2 9.07886E-2 1.01979E-1 8.98712E-2 1.01768E-1 8.51141E-2 6.24082E-2 7.40173E-2 9.67124E-2 7.11815E-2 7.17253E-2 5.44661E-2 4.8557E-2 4.87478E-2 3.44095E-2 5.47409E-2 6.98844E-2 3.97509E-2 4.2731E-2 4.2542E-2 5.73199E-2 4.98696E-2 4.99458E-2 5.0285E-2 5.05522E-2 5.55516E-2 5.6257E-2 5.66201E-2 5.89379E-2 5.86841E-2 5.69427E-2 5.58205E-2 5.30849E-2 5.19811E-2 4.99985E-2 5.136E-2 5.20806E-2 4.72919E-2 4.35351E-2 -9999 -9999 -9999 -9999 -9999 -9999 -9999
-9999 -9999 -9999 -9999 -9999 -9999 5.94047E-2 5.83783E-2 3.5404E-2 2.99482E-2 2.69772E-2 1.48316E-1 5.50798E-2 5.81774E-2 4.62346E-2 6.93056E-2 6.81138E-2 8.40489E-2 6.22767E-2 9.1133E-2 1.09674E-1 8.78162E-2 8.53215E-2 9.89992E-2 9.0747E-2 8.20482E-2 6.96811E-2 5.36486E-2 4.04872E-2 3.70053E-2 3.58928E-2 5.98456E-2 4.33876E-2 5.2823E-2 5.49714E-2 5.86852E-2 5.16741E-2 5.72587E-2 5.71509E-2 5.51103E-2 5.59187E-2 6.16401E-2 6.20954E-2 6.5427E-2 6.32687E-2 5.60525E-2 5.59489E-2 5.59328E-2 5.3008E-2 5.19742E-2 4.97806E-2 4.8478E-2 4.44174E-2 4.19607E-2 4.05251E-2 3.73897E-2 3.40176E-2 3.1835E-2 3.24638E-2 3.23779E-2 2.82061E-2
-9999 -9999 -9999 -9999 -9999 5.13517E-2 3.68475E-2 3.67699E-2 3.79698E-2 9.23636E-2 8.20802E-2 5.34549E-2 3.26079E-2 4.80689E-2 3.54118E-2 3.17383E-2 3.11462E-2 7.23499E-2 4.71567E-2 5.82704E-2 9.73169E-2 9.72821E-2 1.03245E-1 1.15381E-1 9.81665E-2 8.81496E-2 9.48479E-2 6.12552E-2 3.37075E-2 3.59284E-2 4.07149E-2 5.01226E-2 6.17889E-2 6.20966E-2 7.79678E-2 6.4789E-2 5.89828E-2 -9999 -9999 6.78415E-2 -9999 -9999 -9999 6.40932E-2 5.81927E-2 5.50795E-2 5.79408E-2 5.63722E-2 5.23627E-2 5.12492E-2 4.9031E-2 4.57626E-2 4.30138E-2 4.08408E-2 3.90387E-2 3.59599E-2 3.40501E-2 3.23846E-2 3.23633E-2 3.09419E-2 2.99576E-2
-9999 -9999 -9999 -9999 1.1754E-1 4.41605E-2 4.97308E-2 4.39389E-2 4.73017E-2 4.55224E-2 2.3899E-2 3.46611E-2 6.95215E-2 5.04405E-2 3.46616E-2 3.8421E-2 4.86142E-2 4.34706E-2 3.77324E-2 4.72909E-2 7.20647E-2 7.08667E-2 7.58971E-2 1.24766E-1 9.26966E-2 1.24898E-1 9.81333E-2 9.12377E-2 7.64602E-2 4.07278E-2 4.01111E-2 6.30807E-2 6.83745E-2 5.02357E-2 6.3798E-2 5.43019E-2 5.22652E-2 6.17625E-2 6.11628E-2 6.0559E-2 7.69577E-2 -9999 7.60228E-2 6.91859E-2 5.99467E-2 5.73E-2 5.81241E-2 5.23119E-2 5.12927E-2 5.41098E-2 5.18488E-2 4.71834E-2 4.50041E-2 4.19745E-2 3.74133E-2 3.44042E-2 3.20051E-2 3.17964E-2 3.01756E-2 2.96174E-2 2.91184E-2
-9999 -9999 -9999 9.12721E-2 1.2339E-1 7.88814E-2 3.96486E-2 5.53257E-2 4.93551E-2 3.27502E-2 3.71716E-2 3.86889E-2 8.82364E-2 5.67431E-2 6.52898E-2 3.02334E-2 4.68688E-2 5.99131E-2 5.3743E-2 6.37683E-2 5.5174E-2 3.6956E-2 8.70849E-2 1.04364E-1 1.20569E-1 1.1593E-1 1.03985E-1 8.47306E-2 8.50307E-2 7.67057E-2 4.95001E-2 5.72968E-2 6.10521E-2 4.32901E-2 5.53414E-2 6.79671E-2 5.73967E-2 5.92285E-2 5.67356E-2 5.7381E-2 6.92453E-2 7.18701E-2 -9999 -9999 6.0675E-2 6.25855E-2 5.83454E-2 5.09E-2 5.28399E-2 5.22804E-2 5.97469E-2 4.88205E-2 4.60632E-2 4.39466E-2 4.00787E-2 3.50307E-2 3.35183E-2 3.19756E-2 3.158E-2 3.08468E-2 3.11958E-2
-9999 -9999 -9999 2.09557E-1 1.24495E-1 7.78955E-2 3.85971E-2 8.56912E-2 1.91112E-1 5.94609E-2 7.81548E-2 5.96229E-2 4.67887E-2 4.38045E-2 1.33272E-1 5.03745E-2 6.49121E-2 1.02472E-1 8.10958E-2 5.02383E-2 5.70967E-2 4.54598E-2 5.26325E-2 8.2554E-2 1.0738E-1 1.11042E-1 1.06112E-1 1.0424E-1 1.02089E-1 8.9389E-2 7.95224E-2 4.99627E-2 7.558E-2 5.75181E-2 6.10644E-2 6.60954E-2 6.30808E-2 6.39442E-2 5.74988E-2 6.13046E-2 -9999 -9999 -9999 -9999 -9999 5.75392E-2 5.52351E-2 5.02939E-2 5.0461E-2 4.79259E-2 5.3284E-2 6.26557E-2 4.5505E-2 4.46642E-2 3.7362E-2 3.32792E-2 3.47219E-2 3.63466E-2 3.91054E-2 3.82221E-2 4.05929E-2
