Candidate_Models_Sept202022/M_8_F_lqp_Set_1_cal/Bison.asc
ncols         97
nrows         127
xllcorner     -2197417.7431653
yllcorner     -584827.01486885
cellsize      30000.0
NODATA_value  -9999
[rows 54 to 80 of 127, columns 0 to 60 of 97]
-9999 -9999 -9999 -9999 3.64002E-2 2.77135E-2 1.86377E-2 2.9504E-2 2.57091E-2 1.59944E-2 2.26823E-2 5.71301E-2 9.34632E-2 1.60796E-1 9.69493E-2 4.25679E-2 5.75162E-2 9.84978E-2 9.44205E-2 1.0409E-1 1.29594E-1 1.13669E-1 9.45248E-2 7.85075E-2 1.02571E-1 1.61748E-1 1.31344E-1 1.00288E-1 1.39124E-1 1.22242E-1 1.35564E-1 1.54671E-1 1.76678E-1 1.81201E-1 1.56738E-1 1.53337E-1 1.59115E-1 1.53345E-1 1.75325E-1 2.03998E-1 2.78452E-1 3.83043E-1 2.53323E-1 1.5712E-1 1.36349E-1 1.3497E-1 1.34764E-1 1.24711E-1 1.27948E-1 1.24476E-1 1.23119E-1 1.15935E-1 1.07798E-1 1.41688E-1 1.50042E-1 1.25998E-1 1.30159E-1 1.23433E-1 1.25365E-1 8.3846E-2 7.51018E-2
-9999 -9999 -9999 -9999 -9999 1.81295E-2 1.35468E-2 2.45096E-2 2.1133E-2 1.81685E-2 1.81645E-2 4.97828E-2 1.05438E-1 1.3209E-1 9.50921E-2 5.37146E-2 4.11653E-2 4.41591E-2 1.15262E-1 5.50278E-2 1.38545E-1 1.22435E-1 9.83952E-2 1.20745E-1 9.24372E-2 9.94792E-2 1.14695E-1 1.3492E-1 1.71278E-1 1.63506E-1 1.8017E-1 1.69713E-1 1.83286E-1 1.60237E-1 1.55664E-1 1.71304E-1 1.83561E-1 1.59748E-1 1.97343E-1 1.81692E-1 2.79877E-1 5.52342E-1 2.05616E-1 1.50763E-1 1.55332E-1 1.52003E-1 1.31874E-1 1.2972E-1 1.35905E-1 1.34224E-1 1.44578E-1 1.55763E-1 1.42346E-1 1.49051E-1 1.47991E-1 1.23045E-1 1.14872E-1 1.06356E-1 1.05046E-1 8.65675E-2 9.95129E-2
-9999 -9999 -9999 -9999 -9999 2.96736E-2 2.25003E-2 2.82095E-2 2.98354E-2 2.32984E-2 9.31437E-3 2.9296E-2 4.20396E-2 6.8913E-2 1.14554E-1 6.6029E-2 7.83598E-2 9.22637E-2 9.34038E-2 9.95596E-2 1.16231E-1 9.40325E-2 8.12167E-2 1.02644E-1 9.67925E-2 1.30189E-1 1.31308E-1 1.52837E-1 2.20226E-1 1.68472E-1 2.02253E-1 2.1384E-1 2.19838E-1 1.96449E-1 2.08014E-1 2.41988E-1 1.70606E-1 1.52244E-1 1.86974E-1 1.56379E-1 2.55399E-1 1.88226E-1 1.48175E-1 1.54884E-1 1.54177E-1 1.46218E-1 1.34389E-1 1.27224E-1 1.22083E-1 1.45397E-1 1.48292E-1 1.49543E-1 1.47464E-1 1.71628E-1 1.29046E-1 1.16196E-1 1.26763E-1 1.18477E-1 1.0631E-1 1.0228E-1 9.82065E-2
-9999 -9999 -9999 -9999 -9999 -9999 3.67218E-2 -9999 4.61157E-2 1.09016E-2 8.78058E-3 2.3985E-2 6.60826E-2 6.39902E-2 4.62818E-2 1.04609E-1 5.83175E-2 9.2252E-2 9.82412E-2 1.19076E-1 9.20651E-2 9.13894E-2 8.88267E-2 1.38204E-1 1.04706E-1 1.20169E-1 7.37569E-2 1.51622E-1 1.68379E-1 1.89581E-1 3.33294E-1 3.50577E-1 2.65576E-1 2.309E-1 2.26202E-1 2.36273E-1 2.28622E-1 1.68995E-1 1.84448E-1 1.4634E-1 1.64645E-1 1.73682E-1 1.79474E-1 1.66562E-1 1.51367E-1 1.52076E-1 1.52496E-1 1.77722E-1 1.98022E-1 1.49203E-1 1.50555E-1 2.20326E-1 1.45969E-1 1.2516E-1 1.24477E-1 1.35621E-1 1.30725E-1 1.3043E-1 1.24283E-1 1.12082E-1 9.75414E-2
-9999 -9999 -9999 4.59823E-2 -9999 -9999 -9999 -9999 -9999 2.24959E-2 2.42169E-2 2.55121E-2 2.9559E-2 5.00394E-2 6.70628E-2 7.32651E-2 6.3442E-2 9.04941E-2 9.56977E-2 1.30638E-1 8.81447E-2 1.05259E-1 7.33825E-2 1.42439E-1 7.76626E-2 7.9801E-2 8.1159E-2 1.21064E-1 2.56612E-1 1.9366E-1 4.66988E-1 4.13828E-1 2.51437E-1 2.07411E-1 1.81162E-1 2.43527E-1 2.24015E-1 2.71004E-1 4.81913E-1 1.73992E-1 1.79836E-1 1.72983E-1 1.80095E-1 1.68909E-1 1.61183E-1 1.68009E-1 1.79971E-1 1.64292E-1 1.65732E-1 1.51795E-1 1.5247E-1 1.54242E-1 1.63887E-1 1.30938E-1 1.3614E-1 1.56039E-1 1.31714E-1 1.75382E-1 1.48758E-1 1.17943E-1 1.11016E-1
-9999 -9999 -9999 3.56363E-2 6.31812E-2 6.93342E-2 -9999 -9999 -9999 3.12208E-2 1.94875E-2 5.28084E-2 4.58502E-2 5.72291E-2 5.3706E-2 7.95227E-2 5.29585E-2 7.81386E-2 1.23869E-1 1.11589E-1 9.55247E-2 9.62414E-2 9.25569E-2 1.42523E-1 1.0354E-1 8.48182E-2 8.81501E-2 1.36068E-1 3.29714E-1 2.93783E-1 5.5245E-1 4.72497E-1 2.611E-1 2.40831E-1 2.36859E-1 1.99723E-1 2.16704E-1 4.96384E-1 3.41188E-1 1.78243E-1 1.89598E-1 2.19349E-1 1.79303E-1 1.67448E-1 1.74922E-1 1.59402E-1 1.73273E-1 1.65139E-1 1.65483E-1 1.90411E-1 1.80132E-1 1.70031E-1 1.31678E-1 1.34589E-1 1.32135E-1 1.5633E-1 2.24728E-1 2.08749E-1 1.55385E-1 1.45317E-1 1.35497E-1
-9999 -9999 -9999 3.40106E-2 6.48266E-2 8.70956E-2 6.0519E-2 -9999 -9999 3.44065E-2 2.57179E-2 5.79461E-2 5.00159E-2 5.6002E-2 5.00646E-2 6.89203E-2 8.32292E-2 1.14584E-1 1.26032E-1 1.01696E-1 1.26755E-1 1.35619E-1 1.26696E-1 1.07561E-1 1.44521E-1 8.40552E-2 1.49191E-1 1.30049E-1 2.22E-1 2.06885E-1 4.804E-1 6.55332E-1 4.81838E-1 4.79583E-1 5.48442E-1 2.90031E-1 3.43573E-1 3.79053E-1 2.26872E-1 2.08262E-1 2.20926E-1 2.09918E-1 1.89862E-1 1.76592E-1 1.69448E-1 1.71448E-1 1.70605E-1 1.8709E-1 1.82239E-1 2.6512E-1 3.03515E-1 2.40626E-1 1.87742E-1 2.4869E-1 1.43651E-1 1.45909E-1 1.63832E-1 1.81482E-1 1.69717E-1 1.60257E-1 1.29958E-1
-9999 -9999 -9999 1.96323E-2 5.72341E-2 6.88707E-2 -9999 -9999 6.06062E-2 2.67062E-2 1.38564E-2 2.65673E-2 3.83253E-2 4.91895E-2 5.80142E-2 8.49631E-2 1.5648E-1 1.34938E-1 1.36201E-1 9.51876E-2 1.15547E-1 1.29113E-1 1.50149E-1 1.35531E-1 1.42836E-1 8.60184E-2 1.09582E-1 1.12467E-1 1.66739E-1 3.47299E-1 6.11404E-1 6.95213E-1 6.47783E-1 5.84184E-1 5.86181E-1 5.19198E-1 4.59549E-1 4.81543E-1 3.25612E-1 2.52199E-1 2.55292E-1 2.52286E-1 2.09112E-1 1.91674E-1 1.75135E-1 2.1703E-1 2.00946E-1 1.99008E-1 2.38204E-1 2.89546E-1 2.64722E-1 1.86637E-1 1.66852E-1 1.40125E-1 1.52724E-1 1.55361E-1 1.66572E-1 1.49352E-1 1.7272E-1 1.40822E-1 1.39982E-1
-9999 -9999 -9999 1.98055E-2 5.56053E-2 -9999 -9999 8.21521E-2 4.67338E-2 2.41089E-2 2.32117E-2 2.58006E-2 3.92105E-2 5.41203E-2 5.99938E-2 1.10498E-1 1.28431E-1 1.21742E-1 1.37343E-1 1.22065E-1 1.23185E-1 1.50844E-1 1.54435E-1 1.60723E-1 1.50189E-1 9.5868E-2 1.70056E-1 1.51759E-1 1.44888E-1 1.54938E-1 3.81987E-1 6.35259E-1 4.31699E-1 5.61526E-1 6.8962E-1 6.49071E-1 6.07373E-1 7.10095E-1 4.86663E-1 2.66326E-1 2.52632E-1 2.16768E-1 1.99879E-1 1.82842E-1 1.98689E-1 2.45332E-1 2.14664E-1 1.79989E-1 1.78348E-1 2.25063E-1 2.38729E-1 1.54422E-1 1.29069E-1 1.45066E-1 1.46076E-1 1.48985E-1 1.59102E-1 1.50147E-1 1.39385E-1 1.38991E-1 1.54194E-1
-9999 -9999 -9999 1.81251E-2 2.59313E-2 -9999 -9999 -9999 4.87634E-2 2.21812E-2 2.05706E-2 3.15204E-2 2.21E-2 1.1553E-1 1.10302E-1 1.09161E-1 1.29455E-1 1.50047E-1 1.62088E-1 1.15355E-1 1.3747E-1 1.52456E-1 1.6254E-1 1.57261E-1 1.47849E-1 9.30675E-2 8.72399E-2 8.89332E-2 1.34077E-1 1.36271E-1 1.75881E-1 4.46593E-1 5.54567E-1 5.67893E-1 7.24398E-1 7.19822E-1 6.23868E-1 6.28997E-1 3.07958E-1 2.68444E-1 2.42755E-1 2.4019E-1 2.21473E-1 2.03917E-1 2.22272E-1 2.34918E-1 2.6407E-1 2.01577E-1 2.07539E-1 2.45479E-1 2.39949E-1 1.81211E-1 1.91031E-1 1.74505E-1 1.6899E-1 1.57933E-1 1.55768E-1 1.5725E-1 1.57705E-1 1.78677E-1 1.63006E-1
-9999 -9999 -9999 2.17812E-2 3.80505E-2 -9999 -9999 -9999 6.12187E-2 3.14597E-2 2.82629E-2 2.17805E-2 5.88205E-2 9.87453E-2 9.57897E-2 1.3596E-1 1.36191E-1 1.51685E-1 1.60629E-1 1.3391E-1 1.34353E-1 1.71743E-1 1.8086E-1 1.82659E-1 1.69804E-1 1.54775E-1 8.06361E-2 1.25222E-1 1.22419E-1 1.76269E-1 2.08225E-1 5.1443E-1 6.22579E-1 6.36911E-1 5.794E-1 5.7025E-1 5.02359E-1 6.56783E-1 3.67868E-1 4.08468E-1 2.80492E-1 2.68331E-1 2.37866E-1 2.14449E-1 2.88471E-1 2.94905E-1 2.85377E-1 2.2125E-1 2.28418E-1 2.71875E-1 2.72398E-1 1.90099E-1 1.81721E-1 1.69848E-1 1.73769E-1 1.69832E-1 1.57681E-1 1.51478E-1 1.46623E-1 1.41899E-1 1.55577E-1
-9999 -9999 -9999 1.66332E-2 4.57061E-2 -9999 -9999 -9999 6.1455E-2 4.32836E-2 1.24909E-2 2.79266E-2 4.11956E-2 9.12795E-2 1.44716E-1 1.17036E-1 1.37228E-1 1.66638E-1 1.44393E-1 1.45256E-1 2.15334E-1 2.83842E-1 1.94092E-1 1.93221E-1 1.72333E-1 1.57235E-1 1.22229E-1 1.40476E-1 1.26209E-1 1.67641E-1 2.05263E-1 3.43731E-1 5.10033E-1 6.29091E-1 5.06024E-1 6.04362E-1 3.86775E-1 5.66656E-1 5.7908E-1 3.71616E-1 2.39696E-1 2.31718E-1 2.31366E-1 2.39977E-1 2.16349E-1 2.22755E-1 2.36169E-1 2.48438E-1 2.79906E-1 2.48786E-1 2.14333E-1 2.04143E-1 1.88382E-1 1.79457E-1 1.79551E-1 1.75501E-1 1.60598E-1 1.80765E-1 1.65544E-1 1.60817E-1 2.57066E-1
-9999 -9999 -9999 -9999 2.18037E-2 -9999 -9999 -9999 -9999 4.69391E-2 2.0074E-2 2.22242E-2 5.20698E-2 3.6766E-2 9.75955E-2 1.3264E-1 1.53696E-1 1.70233E-1 1.70823E-1 2.06901E-1 1.78529E-1 3.74274E-1 2.64936E-1 2.11068E-1 2.37554E-1 1.65374E-1 1.16615E-1 1.01075E-1 1.67425E-1 1.31796E-1 1.46138E-1 1.98892E-1 2.31844E-1 2.43421E-1 2.38317E-1 2.67344E-1 5.71836E-1 4.74053E-1 2.85846E-1 2.23892E-1 3.02867E-1 2.20245E-1 2.79451E-1 2.41804E-1 2.27667E-1 2.78815E-1 2.43412E-1 2.58301E-1 2.52761E-1 2.46098E-1 3.03126E-1 2.06948E-1 1.95799E-1 1.87014E-1 1.85596E-1 1.89251E-1 1.80249E-1 1.67928E-1 1.61674E-1 1.52134E-1 1.55787E-1
-9999 -9999 -9999 -9999 4.65562E-2 -9999 -9999 -9999 -9999 6.47556E-2 2.82685E-2 1.99238E-2 8.67179E-2 5.59577E-2 7.85637E-2 1.28078E-1 1.62312E-1 1.61692E-1 1.74332E-1 1.66668E-1 1.98853E-1 2.45503E-1 2.09165E-1 3.02687E-1 3.76309E-1 2.00729E-1 1.50522E-1 1.29782E-1 1.34049E-1 1.34672E-1 1.05664E-1 1.61979E-1 2.2392E-1 2.55813E-1 2.21983E-1 2.30654E-1 3.74216E-1 2.42176E-1 2.17597E-1 2.05218E-1 2.56515E-1 2.5547E-1 2.63364E-1 3.04486E-1 2.39958E-1 2.64234E-1 3.6686E-1 2.6389E-1 2.56058E-1 2.62137E-1 2.72143E-1 2.26209E-1 2.12614E-1 2.02408E-1 1.98588E-1 2.08445E-1 1.92981E-1 1.79068E-1 1.71923E-1 1.60669E-1 1.56161E-1
-9999 -9999 -9999 -9999 -9999 -9999 -9999 -9999 -9999 5.15612E-2 4.2494E-2 1.49998E-2 4.57315E-2 3.98431E-2 4.25913E-2 1.01922E-1 1.75946E-1 1.7667E-1 1.68011E-1 1.99103E-1 1.82351E-1 1.92859E-1 2.15356E-1 2.04654E-1 1.67442E-1 1.174E-1 9.27094E-2 1.42657E-1 1.10102E-1 1.29167E-1 1.59909E-1 1.30686E-1 1.33267E-1 1.98279E-1 1.99985E-1 2.37989E-1 3.15774E-1 3.01105E-1 2.35896E-1 2.74826E-1 3.20179E-1 2.59759E-1 2.95071E-1 3.21016E-1 4.7477E-1 5.22059E-1 5.05005E-1 3.08325E-1 2.48404E-1 2.43942E-1 2.62312E-1 2.66445E-1 2.27101E-1 2.02051E-1 2.04133E-1 1.94095E-1 1.96896E-1 1.9627E-1 1.79072E-1 1.80901E-1 1.71742E-1
-9999 -9999 -9999 -9999 -9999 -9999 -9999 -9999 -9999 -9999 4.96004E-2 1.97761E-2 2.18713E-2 4.83061E-2 7.18765E-2 1.49501E-1 1.77995E-1 1.61653E-1 1.90717E-1 1.86113E-1 1.66853E-1 1.6903E-1 2.04461E-1 2.05208E-1 1.78011E-1 1.06262E-1 1.0998E-1 1.04429E-1 1.15993E-1 1.26501E-1 1.66439E-1 1.05356E-1 1.89855E-1 2.36364E-1 2.51011E-1 2.52282E-1 2.97424E-1 3.11166E-1 2.56498E-1 3.10415E-1 3.20794E-1 4.55479E-1 4.8791E-1 5.51974E-1 6.29576E-1 6.24838E-1 5.21186E-1 5.77216E-1 2.6458E-1 2.3917E-1 3.10964E-1 2.63435E-1 2.30016E-1 2.21705E-1 2.08806E-1 1.90573E-1 2.19814E-1 2.32355E-1 2.10636E-1 1.94045E-1 1.95457E-1
-9999 -9999 -9999 -9999 -9999 -9999 -9999 -9999 -9999 -9999 4.23465E-2 2.37635E-2 1.88539E-2 3.60568E-2 7.33792E-2 5.26371E-2 1.92807E-1 2.13254E-1 1.84725E-1 1.93597E-1 1.62212E-1 1.63433E-1 2.10877E-1 2.42207E-1 1.59271E-1 9.71618E-2 8.1804E-2 5.60078E-2 8.67592E-2 1.76732E-1 1.575E-1 1.53681E-1 1.58166E-1 2.1255E-1 2.43079E-1 2.65749E-1 2.33267E-1 2.47551E-1 2.59236E-1 4.41868E-1 5.34902E-1 6.07305E-1 6.07214E-1 6.27712E-1 6.10817E-1 5.73089E-1 3.49723E-1 4.87811E-1 4.14397E-1 4.94364E-1 4.6565E-1 3.24636E-1 2.26058E-1 2.23108E-1 2.08528E-1 2.09085E-1 2.09341E-1 2.00765E-1 2.01899E-1 1.97112E-1 2.06047E-1
-9999 -9999 -9999 -9999 -9999 -9999 -9999 -9999 -9999 -9999 3.48978E-2 1.66323E-2 2.25057E-2 3.48286E-2 2.23086E-1 2.32563E-1 2.43976E-1 2.3848E-1 1.99484E-1 2.03003E-1 1.83515E-1 1.90535E-1 2.12639E-1 2.23533E-1 1.87192E-1 1.07294E-1 8.06461E-2 9.62323E-2 1.21042E-1 9.94876E-2 1.62877E-1 2.14114E-1 1.84952E-1 1.54535E-1 2.33051E-1 2.48075E-1 3.18658E-1 4.33463E-1 4.99908E-1 4.92804E-1 6.12324E-1 6.23123E-1 6.71803E-1 6.63842E-1 6.72976E-1 6.69818E-1 6.08608E-1 5.81017E-1 5.95084E-1 6.06986E-1 6.62631E-1 5.23069E-1 4.42197E-1 3.99876E-1 3.74942E-1 2.26705E-1 2.11746E-1 2.06165E-1 2.14499E-1 2.08559E-1 2.23658E-1
-9999 -9999 -9999 -9999 -9999 -9999 -9999 -9999 -9999 -9999 3.77077E-2 1.21983E-2 2.38945E-2 3.47657E-2 1.26898E-1 1.01691E-1 1.99986E-1 2.08445E-1 1.93395E-1 2.17218E-1 2.39339E-1 2.15631E-1 2.05212E-1 2.20204E-1 1.69879E-1 9.68938E-2 8.60309E-2 9.32344E-2 2.15155E-1 1.22844E-1 1.0993E-1 2.41717E-1 2.01669E-1 1.29846E-1 2.3194E-1 2.46246E-1 3.07777E-1 3.69686E-1 3.9417E-1 4.94305E-1 6.04568E-1 6.3411E-1 7.25585E-1 6.83458E-1 7.40677E-1 7.06194E-1 6.72749E-1 6.53282E-1 6.86104E-1 6.34617E-1 4.15784E-1 3.33246E-1 3.37529E-1 4.92048E-1 5.61051E-1 4.98727E-1 2.52454E-1 2.25686E-1 2.21536E-1 2.05931E-1 2.25375E-1
-9999 -9999 -9999 -9999 -9999 -9999 -9999 -9999 -9999 -9999 2.73944E-2 1.62306E-2 3.21498E-2 1.29917E-1 2.47576E-1 6.81789E-2 2.15673E-1 1.6526E-1 1.97756E-1 2.57503E-1 2.81598E-1 2.34208E-1 2.30082E-1 1.84264E-1 2.23728E-1 1.63026E-1 1.02215E-1 9.88281E-2 1.47533E-1 2.27931E-1 1.15952E-1 1.27367E-1 1.63244E-1 1.77572E-1 2.40662E-1 3.21954E-1 2.90714E-1 3.02941E-1 3.31412E-1 4.57374E-1 6.52609E-1 7.1982E-1 7.35452E-1 7.18835E-1 7.6181E-1 6.44608E-1 6.41877E-1 6.4529E-1 5.75318E-1 6.95943E-1 6.25998E-1 4.22408E-1 3.4153E-1 5.91409E-1 3.95285E-1 3.60541E-1 2.36808E-1 2.88466E-1 2.41203E-1 2.14087E-1 2.32584E-1
-9999 -9999 -9999 -9999 -9999 -9999 -9999 -9999 7.57933E-2 5.451E-2 4.56001E-2 2.64824E-2 1.72235E-2 4.05795E-2 1.00573E-1 2.2633E-1 2.19446E-1 1.88846E-1 1.66305E-1 2.26432E-1 2.48617E-1 2.66839E-1 2.6096E-1 2.15753E-1 2.36213E-1 2.06184E-1 1.01372E-1 7.65118E-2 8.54881E-2 1.30377E-1 8.09754E-2 1.01184E-1 1.99552E-1 1.5133E-1 2.22487E-1 1.89373E-1 2.41905E-1 3.18239E-1 2.97062E-1 4.80617E-1 6.58788E-1 7.41514E-1 7.18947E-1 6.848E-1 7.01231E-1 6.35751E-1 6.39487E-1 6.49104E-1 6.58307E-1 6.01556E-1 6.93041E-1 6.19352E-1 5.87376E-1 5.39412E-1 3.63786E-1 3.21124E-1 4.07366E-1 3.66466E-1 3.84612E-1 2.31722E-1 2.62061E-1
-9999 -9999 -9999 -9999 -9999 -9999 -9999 -9999 3.35863E-2 3.13922E-2 5.85492E-2 4.52454E-2 3.38815E-2 1.7628E-2 2.3794E-2 1.17619E-1 1.21895E-1 2.504E-1 1.6296E-1 1.84295E-1 2.34265E-1 2.45778E-1 2.84115E-1 2.30163E-1 2.30193E-1 1.68951E-1 1.12946E-1 9.90082E-2 9.71791E-2 9.07457E-2 2.0358E-1 7.87855E-2 1.71274E-1 2.18857E-1 2.99762E-1 1.71489E-1 2.1927E-1 2.81537E-1 2.91792E-1 3.12432E-1 5.86388E-1 6.84531E-1 6.67187E-1 6.94784E-1 6.74599E-1 6.6808E-1 6.29894E-1 6.49206E-1 6.42607E-1 6.89705E-1 6.89776E-1 6.7101E-1 6.32951E-1 5.94922E-1 5.78264E-1 5.36633E-1 6.08281E-1 5.44415E-1 5.82318E-1 5.5701E-1 6.02836E-1
-9999 -9999 -9999 -9999 -9999 -9999 -9999 -9999 1.65513E-2 1.22747E-2 1.91104E-2 1.78899E-2 2.73738E-2 1.995E-2 2.1911E-2 8.61942E-2 1.34268E-1 2.72484E-1 1.92735E-1 1.99372E-1 2.34763E-1 1.94333E-1 2.09896E-1 2.3762E-1 2.5099E-1 2.40202E-1 1.33319E-1 1.37428E-1 1.26719E-1 1.07979E-1 1.56349E-1 1.4717E-1 1.50514E-1 2.64759E-1 3.7929E-1 3.40387E-1 1.66325E-1 2.28904E-1 2.80986E-1 5.38011E-1 6.96147E-1 6.73502E-1 7.09641E-1 7.2352E-1 7.333E-1 6.89829E-1 6.5018E-1 6.12183E-1 6.98613E-1 6.89424E-1 7.46458E-1 7.00487E-1 6.46758E-1 5.79157E-1 6.08248E-1 5.81423E-1 6.14087E-1 5.69385E-1 5.92333E-1 6.48509E-1 6.9427E-1
-9999 -9999 -9999 -9999 -9999 -9999 -9999 -9999 -9999 1.60304E-2 1.40652E-2 1.68706E-2 2.50191E-2 3.56201E-2 2.18861E-2 2.23574E-2 1.01031E-1 2.76279E-1 4.06278E-1 2.98165E-1 1.42233E-1 1.41706E-1 1.29014E-1 2.2634E-1 1.95432E-1 2.07205E-1 1.53864E-1 8.91983E-2 1.00107E-1 8.87469E-2 7.1781E-2 1.15225E-1 1.41611E-1 1.28893E-1 2.52563E-1 2.28715E-1 2.32983E-1 2.34446E-1 3.22879E-1 7.18596E-1 6.91941E-1 7.0153E-1 7.45657E-1 7.26912E-1 6.67632E-1 6.36476E-1 7.12365E-1 7.11606E-1 6.02435E-1 6.41431E-1 6.2534E-1 5.96206E-1 6.1185E-1 7.39096E-1 6.96644E-1 6.19609E-1 6.51616E-1 6.25118E-1 6.40126E-1 5.93938E-1 6.63754E-1
-9999 -9999 -9999 -9999 -9999 -9999 -9999 -9999 -9999 1.58295E-2 1.84332E-2 1.73114E-2 1.42867E-2 3.97984E-2 4.51473E-2 2.84567E-2 3.49669E-2 9.1994E-2 2.17546E-1 1.94491E-1 1.0865E-1 9.40505E-2 1.20248E-1 1.49127E-1 1.72079E-1 1.85435E-1 1.98074E-1 1.28268E-1 8.03356E-2 6.84347E-2 1.23993E-1 5.50937E-2 2.22061E-1 1.03942E-1 2.22804E-1 3.0058E-1 3.89615E-1 2.45978E-1 2.70317E-1 6.17856E-1 7.1898E-1 7.05292E-1 6.8365E-1 6.96053E-1 6.73124E-1 5.76542E-1 5.85259E-1 7.00531E-1 6.18721E-1 6.64062E-1 6.93526E-1 6.09808E-1 6.61291E-1 6.86136E-1 7.07191E-1 6.64996E-1 5.89083E-1 5.83614E-1 6.47959E-1 6.1972E-1 6.65793E-1
-9999 -9999 -9999 -9999 -9999 -9999 -9999 -9999 -9999 -9999 1.72918E-2 9.87617E-3 1.0211E-2 5.44411E-2 9.71997E-2 2.64417E-2 3.06991E-2 5.70984E-2 1.7382E-1 1.33501E-1 1.09978E-1 6.62567E-2 9.8653E-2 2.75221E-1 2.10172E-1 2.05132E-1 1.52838E-1 9.07261E-2 7.93294E-2 7.29225E-2 8.97488E-2 8.10955E-2 1.02229E-1 1.18224E-1 1.32751E-1 2.41159E-1 3.14246E-1 2.89066E-1 4.29927E-1 6.33889E-1 6.65515E-1 6.90782E-1 6.97139E-1 6.70075E-1 5.29415E-1 4.79228E-1 5.08503E-1 6.18662E-1 5.92774E-1 6.04919E-1 7.20332E-1 7.04567E-1 6.73128E-1 7.22875E-1 6.26546E-1 6.69195E-1 7.03275E-1 6.03786E-1 6.42728E-1 6.79907E-1 6.42909E-1
-9999 -9999 -9999 -9999 -9999 -9999 -9999 -9999 -9999 -9999 2.09012E-2 1.11793E-2 1.61354E-2 3.17912E-2 1.2064E-1 5.44593E-2 2.13876E-2 2.75936E-2 1.00595E-1 8.96394E-2 9.13949E-2 1.07163E-1 9.63327E-2 1.33066E-1 2.71397E-1 3.67465E-1 3.06206E-1 1.58264E-1 1.45962E-1 9.82337E-2 5.21492E-2 8.6657E-2 1.59133E-1 1.61339E-1 9.80769E-2 1.90395E-1 2.38552E-1 2.70052E-1 2.89548E-1 6.84444E-1 6.89913E-1 7.14377E-1 7.2606E-1 7.49474E-1 6.87992E-1 5.52974E-1 4.83305E-1 4.89676E-1 5.78466E-1 5.6056E-1 6.28372E-1 6.57847E-1 6.72122E-1 6.84363E-1 6.63398E-1 6.2282E-1 6.83248E-1 6.8842E-1 6.82208E-1 6.34116E-1 6.3101E-1
