Candidate_Models_Sept202022/M_8_F_lqp_Set_1_cal/Bison.asc
ncols         97
nrows         127
xllcorner     -2197417.7431653
yllcorner     -584827.01486885
cellsize      30000.0
NODATA_value  -9999
[rows 27 to 53 of 127, columns 0 to 60 of 97]
-9999 -9999 2.52725E-1 2.58485E-1 1.9725E-1 9.82352E-2 4.86629E-2 8.02488E-2 2.06622E-1 7.47815E-2 1.03308E-1 1.10264E-1 6.70171E-2 5.29067E-2 5.13487E-2 6.65411E-2 4.13469E-2 5.31113E-2 6.79307E-2 5.28193E-2 3.61227E-2 5.31403E-2 6.15452E-2 7.65119E-2 1.01746E-1 7.79071E-2 9.57613E-2 9.13345E-2 1.08661E-1 9.85174E-2 7.72137E-2 5.37575E-2 6.19271E-2 5.48573E-2 5.1378E-2 5.14176E-2 8.75521E-2 5.84246E-2 6.73224E-2 5.92546E-2 6.28344E-2 9.57668E-2 7.05286E-2 1.19508E-1 7.72299E-2 6.15286E-2 4.65986E-2 4.94167E-2 4.53791E-2 4.4858E-2 4.64333E-2 5.05012E-2 4.67897E-2 4.66546E-2 3.94803E-2 3.4887E-2 3.47088E-2 3.28879E-2 3.44702E-2 3.48832E-2 4.55217E-2
-9999 3.06899E-1 2.18384E-1 2.49498E-1 2.01017E-1 1.60823E-1 7.00118E-2 8.24148E-2 8.62902E-2 7.00736E-2 9.19816E-2 8.1841E-2 4.98591E-2 5.39897E-2 7.2569E-2 5.27764E-2 8.2351E-2 6.86831E-2 6.36615E-2 7.14004E-2 1.58255E-1 8.61389E-2 4.53461E-2 6.66379E-2 9.24584E-2 8.63979E-2 8.64494E-2 7.95366E-2 8.11957E-2 8.55468E-2 7.63569E-2 4.22036E-2 7.95416E-2 5.34452E-2 5.37561E-2 6.72285E-2 8.57898E-2 9.30009E-2 7.114E-2 5.84679E-2 6.18564E-2 6.32459E-2 5.96576E-2 6.12419E-2 6.29866E-2 5.37896E-2 4.95844E-2 4.91974E-2 4.62212E-2 4.52548E-2 4.45528E-2 5.76419E-2 4.49186E-2 4.36725E-2 3.99479E-2 3.61459E-2 3.48667E-2 3.35659E-2 3.47459E-2 3.65926E-2 3.39397E-2
-9999 2.70087E-1 2.88581E-1 2.97769E-1 2.97659E-1 1.76667E-1 9.93779E-2 9.08502E-2 1.49388E-1 1.07365E-1 1.01417E-1 1.01056E-1 5.81107E-2 5.96066E-2 5.9182E-2 6.34942E-2 4.08176E-2 6.36814E-2 1.12482E-1 1.38845E-1 4.76244E-2 3.80072E-2 5.35276E-2 5.27393E-2 1.0426E-1 1.03582E-1 1.07074E-1 9.50432E-2 9.22097E-2 1.08901E-1 6.89701E-2 3.88126E-2 5.15004E-2 5.70887E-2 5.33781E-2 5.62121E-2 8.37306E-2 1.03989E-1 8.63962E-2 6.79518E-2 8.0874E-2 6.87485E-2 8.95982E-2 5.68303E-2 5.23572E-2 4.92518E-2 5.04164E-2 4.8031E-2 4.65537E-2 4.2925E-2 4.00527E-2 4.33456E-2 4.28337E-2 4.3413E-2 3.91151E-2 3.76768E-2 3.60834E-2 3.50427E-2 3.41249E-2 3.58964E-2 3.45869E-2
2.34115E-1 3.01276E-1 2.59128E-1 2.72324E-1 2.49493E-1 2.23408E-1 1.72279E-1 9.44266E-2 1.30207E-1 9.58359E-2 1.16072E-1 1.02863E-1 7.15595E-2 8.69319E-2 6.5549E-2 5.20046E-2 6.29403E-2 7.3758E-2 7.37563E-2 6.77471E-2 7.02312E-2 4.27217E-2 5.13015E-2 9.44469E-2 9.9843E-2 8.11889E-2 8.17754E-2 8.71813E-2 1.0116E-1 8.78621E-2 7.15182E-2 7.08227E-2 3.84471E-2 6.04616E-2 7.19564E-2 6.83975E-2 9.71183E-2 8.37415E-2 8.59814E-2 6.74445E-2 6.47729E-2 5.60862E-2 8.06602E-2 7.08819E-2 5.28358E-2 4.61555E-2 4.54733E-2 4.58711E-2 4.69686E-2 4.53801E-2 4.26306E-2 4.5327E-2 4.52161E-2 4.54668E-2 4.2369E-2 4.0536E-2 3.70691E-2 3.59199E-2 3.50221E-2 3.62525E-2 3.6042E-2
1.23762E-1 2.03378E-1 2.77455E-1 2.83491E-1 2.55919E-1 2.56963E-1 1.42353E-1 1.07761E-1 9.67166E-2 1.02222E-1 1.28493E-1 8.7461E-2 8.22614E-2 1.05974E-1 6.56416E-2 9.4921E-2 5.75899E-2 6.3781E-2 6.68093E-2 6.32926E-2 6.49267E-2 8.15352E-2 4.89782E-2 7.22252E-2 8.08607E-2 1.00944E-1 9.11034E-2 1.15886E-1 1.11091E-1 9.95065E-2 5.70634E-2 3.70105E-2 6.39198E-2 5.79458E-2 4.78882E-2 7.84318E-2 6.71152E-2 8.17184E-2 7.66596E-2 6.90309E-2 6.68966E-2 6.67054E-2 6.59794E-2 6.24059E-2 5.21994E-2 4.57002E-2 4.25514E-2 4.50053E-2 4.54488E-2 4.44228E-2 4.3226E-2 4.58048E-2 4.53297E-2 4.59336E-2 4.39595E-2 4.12996E-2 3.88078E-2 3.83907E-2 3.64668E-2 3.72558E-2 3.61366E-2
9.19228E-2 1.46811E-1 2.52471E-1 3.91334E-1 2.86276E-1 2.81758E-1 1.71964E-1 9.09579E-2 8.05344E-2 9.54356E-2 9.9148E-2 9.38971E-2 9.06078E-2 6.29986E-2 5.26186E-2 5.44874E-2 9.15603E-2 3.69258E-2 5.1205E-2 6.04033E-2 6.92567E-2 5.93041E-2 4.97109E-2 8.06682E-2 9.23095E-2 8.24447E-2 8.73151E-2 1.46221E-1 9.31469E-2 6.31317E-2 6.14166E-2 5.8644E-2 7.54051E-2 6.5554E-2 3.7481E-2 5.19405E-2 1.06519E-1 6.98235E-2 6.2026E-2 7.16714E-2 5.48776E-2 8.47376E-2 6.51391E-2 9.40778E-2 7.24784E-2 4.76209E-2 4.43835E-2 4.08221E-2 4.795E-2 4.50812E-2 4.50866E-2 4.46479E-2 4.58141E-2 4.56731E-2 4.48133E-2 4.04565E-2 4.02687E-2 3.96723E-2 3.9686E-2 3.74465E-2 3.6765E-2
-9999 1.18194E-1 1.39347E-1 2.11585E-1 2.59892E-1 2.35909E-1 1.66877E-1 9.62006E-2 7.62431E-2 5.85867E-2 9.12945E-2 9.64697E-2 7.5546E-2 6.79595E-2 7.00565E-2 3.97353E-2 5.4456E-2 4.74685E-2 4.532E-2 5.56212E-2 6.93445E-2 8.72025E-2 4.61138E-2 6.48924E-2 6.37444E-2 1.01107E-1 8.79635E-2 1.51991E-1 1.19273E-1 1.07911E-1 8.32096E-2 4.74949E-2 7.18175E-2 6.36706E-2 3.98798E-2 7.89225E-2 8.94569E-2 7.28263E-2 6.66711E-2 9.4986E-2 6.48366E-2 5.45772E-2 7.12754E-2 6.86718E-2 6.83693E-2 4.43884E-2 4.70401E-2 4.51555E-2 4.31898E-2 4.59611E-2 4.70677E-2 4.57116E-2 4.62888E-2 4.77968E-2 4.5383E-2 4.44391E-2 4.93598E-2 4.07925E-2 3.99241E-2 3.74624E-2 3.83977E-2
-9999 -9999 7.6518E-2 1.53268E-1 1.95916E-1 1.6697E-1 1.04051E-1 6.68742E-2 1.00506E-1 1.0679E-1 1.0371E-1 1.268E-1 6.64082E-2 6.06419E-2 7.58143E-2 4.12931E-2 4.66637E-2 4.73156E-2 5.53417E-2 5.93045E-2 7.296E-2 4.99613E-2 4.57621E-2 7.43983E-2 1.17429E-1 7.76908E-2 5.84372E-2 1.6388E-1 1.13271E-1 1.20302E-1 6.68323E-2 4.44095E-2 8.27872E-2 5.79511E-2 6.83352E-2 6.59805E-2 8.10721E-2 6.43505E-2 7.66985E-2 9.64475E-2 6.18882E-2 6.44205E-2 7.40685E-2 7.01076E-2 5.70263E-2 4.5971E-2 4.46221E-2 4.47957E-2 4.37992E-2 5.2405E-2 4.57553E-2 4.82926E-2 4.81553E-2 4.81009E-2 4.76309E-2 4.44671E-2 5.26044E-2 4.17332E-2 4.13449E-2 4.06758E-2 3.96518E-2
-9999 -9999 8.84757E-2 1.19999E-1 1.80912E-1 1.23611E-1 9.83758E-2 1.01532E-1 1.43686E-1 1.21163E-1 1.25454E-1 8.53945E-2 5.61256E-2 4.58804E-2 5.43381E-2 5.85465E-2 5.88668E-2 6.3572E-2 5.83733E-2 7.96509E-2 8.54705E-2 6.46133E-2 4.25523E-2 6.36561E-2 9.38544E-2 1.3098E-1 8.31952E-2 1.50059E-1 1.68978E-1 1.12019E-1 9.23601E-2 5.67904E-2 5.74633E-2 4.09749E-2 4.03868E-2 6.71552E-2 8.24502E-2 7.19127E-2 8.8477E-2 8.56954E-2 6.84054E-2 7.0818E-2 5.86307E-2 5.48294E-2 5.0294E-2 4.57661E-2 3.94505E-2 4.73216E-2 5.34805E-2 6.29748E-2 4.8671E-2 4.78692E-2 4.95413E-2 5.08686E-2 4.80678E-2 4.6592E-2 4.53374E-2 4.45776E-2 4.4692E-2 4.32921E-2 4.05257E-2
-9999 -9999 8.06196E-2 8.64532E-2 1.57294E-1 1.11977E-1 9.31189E-2 1.34324E-1 1.68537E-1 1.29704E-1 1.01897E-1 4.90326E-2 6.89114E-2 6.01512E-2 6.52851E-2 6.01821E-2 6.80575E-2 6.92666E-2 6.58954E-2 6.07736E-2 9.30802E-2 7.32166E-2 4.83848E-2 6.56102E-2 5.86882E-2 6.102E-2 5.65348E-2 5.91734E-2 1.16369E-1 1.21924E-1 7.58394E-2 5.3457E-2 4.17632E-2 4.49355E-2 5.49821E-2 6.16641E-2 7.27373E-2 7.66889E-2 7.46186E-2 6.50093E-2 6.80955E-2 5.95069E-2 5.81144E-2 5.61955E-2 5.07829E-2 4.73021E-2 4.18452E-2 5.29027E-2 5.02937E-2 5.86222E-2 5.05976E-2 5.08704E-2 5.18002E-2 5.04642E-2 4.84916E-2 4.72784E-2 4.65748E-2 4.56554E-2 4.83034E-2 4.53548E-2 4.32546E-2
-9999 -9999 -9999 8.06069E-2 2.33272E-1 1.97546E-1 1.51801E-1 9.24991E-2 9.53965E-2 1.16148E-1 7.32934E-2 6.07899E-2 8.03811E-2 7.24431E-2 5.84745E-2 5.54458E-2 6.76248E-2 6.19918E-2 7.25368E-2 5.76665E-2 8.29637E-2 1.57313E-1 5.38869E-2 7.04926E-2 9.0243E-2 6.28442E-2 9.95129E-2 6.14674E-2 6.32501E-2 7.44669E-2 8.62123E-2 6.9792E-2 3.72473E-2 5.64436E-2 6.198E-2 6.1929E-2 7.65723E-2 7.34139E-2 6.31064E-2 6.5908E-2 6.3116E-2 6.46889E-2 6.70242E-2 6.41168E-2 5.19316E-2 4.9469E-2 4.70468E-2 4.73736E-2 5.38061E-2 5.39565E-2 5.52536E-2 5.46759E-2 5.53958E-2 5.39372E-2 5.21736E-2 5.28451E-2 4.74901E-2 4.6467E-2 4.57806E-2 4.65516E-2 4.55792E-2
-9999 -9999 -9999 6.41114E-2 3.74658E-1 1.92548E-1 1.41153E-1 6.80329E-2 1.07952E-1 9.96116E-2 8.10181E-2 7.52461E-2 6.4321E-2 6.703E-2 7.75965E-2 6.93368E-2 5.41251E-2 9.16404E-2 6.81174E-2 5.50917E-2 5.72208E-2 7.63695E-2 5.81021E-2 5.19089E-2 6.73863E-2 7.45838E-2 6.82971E-2 4.19761E-2 2.66104E-2 5.28908E-2 8.27931E-2 5.0593E-2 4.36259E-2 6.21952E-2 6.20872E-2 6.27844E-2 8.27896E-2 9.67004E-2 7.66007E-2 8.03303E-2 6.58736E-2 6.88572E-2 7.5155E-2 6.44412E-2 6.45108E-2 5.52138E-2 5.52146E-2 5.44809E-2 5.4942E-2 5.13273E-2 5.84735E-2 5.38159E-2 5.75876E-2 5.51973E-2 5.304E-2 5.17286E-2 5.06606E-2 4.85836E-2 4.78525E-2 4.72998E-2 4.63132E-2
-9999 -9999 -9999 3.17734E-2 3.35699E-1 1.11241E-1 1.23507E-1 1.4823E-1 6.31478E-2 1.46968E-1 1.05854E-1 7.99317E-2 8.02586E-2 8.68857E-2 6.28278E-2 6.6867E-2 4.91909E-2 7.91278E-2 5.13841E-2 6.98457E-2 9.30663E-2 6.55411E-2 9.0834E-2 6.09433E-2 6.85128E-2 7.82573E-2 7.01827E-2 6.18423E-2 4.31921E-2 4.68174E-2 1.00132E-1 6.601E-2 6.30262E-2 6.54261E-2 6.15938E-2 6.53833E-2 7.2053E-2 7.49115E-2 9.49257E-2 8.75462E-2 7.38497E-2 6.50077E-2 7.21241E-2 8.2312E-2 5.77481E-2 6.01295E-2 5.93719E-2 5.78233E-2 5.8565E-2 5.4873E-2 6.10064E-2 6.18385E-2 5.79266E-2 5.73847E-2 5.68287E-2 5.44762E-2 5.04051E-2 4.92162E-2 4.94858E-2 4.90481E-2 4.95759E-2
-9999 -9999 -9999 -9999 1.28056E-1 1.0908E-1 7.08453E-2 5.72496E-2 7.60835E-2 1.70595E-1 1.16486E-1 8.35595E-2 1.01941E-1 7.11949E-2 6.47463E-2 1.2347E-1 1.36987E-1 7.08423E-2 6.67581E-2 6.85155E-2 6.54573E-2 6.27145E-2 6.3736E-2 5.00689E-2 6.66375E-2 8.96975E-2 7.47424E-2 7.07802E-2 5.89184E-2 5.99817E-2 4.87242E-2 5.59676E-2 8.07764E-2 7.46231E-2 7.02598E-2 6.93938E-2 6.89918E-2 7.78554E-2 8.5359E-2 8.55977E-2 8.15486E-2 7.14063E-2 6.52687E-2 6.40282E-2 6.3498E-2 6.48654E-2 6.85115E-2 6.75273E-2 8.07071E-2 6.17692E-2 6.30591E-2 5.95783E-2 5.97183E-2 6.47576E-2 7.14811E-2 5.58984E-2 5.54356E-2 4.81317E-2 4.89833E-2 5.01089E-2 5.00627E-2
-9999 -9999 -9999 -9999 2.20865E-2 6.00536E-2 7.38055E-2 7.16439E-2 4.61478E-2 1.68474E-1 1.38913E-1 6.4152E-2 6.78439E-2 9.16546E-2 8.07606E-2 8.20032E-2 9.3353E-2 9.23119E-2 6.5977E-2 8.01578E-2 7.53236E-2 7.63075E-2 6.11586E-2 5.46323E-2 5.35826E-2 6.10126E-2 1.24753E-1 8.79221E-2 9.81073E-2 1.08189E-1 5.64223E-2 6.41657E-2 8.32471E-2 7.82186E-2 7.63399E-2 7.07584E-2 7.03774E-2 7.39086E-2 9.05951E-2 9.7787E-2 1.1165E-1 9.99829E-2 6.84716E-2 6.63106E-2 6.85816E-2 7.50071E-2 7.85733E-2 8.41422E-2 8.26061E-2 7.12339E-2 6.45963E-2 6.08281E-2 5.92773E-2 6.17268E-2 6.10066E-2 4.20739E-2 4.29756E-2 5.14282E-2 5.4893E-2 5.48681E-2 5.3579E-2
-9999 -9999 -9999 -9999 3.24893E-2 3.11881E-2 3.1391E-2 7.27457E-2 1.05865E-1 1.46482E-1 1.40483E-1 3.34664E-2 6.08083E-2 8.49447E-2 9.03305E-2 8.65522E-2 1.19261E-1 1.2378E-1 6.02177E-2 7.24246E-2 8.14279E-2 6.86942E-2 7.12855E-2 7.78653E-2 1.04816E-1 9.89007E-2 1.20956E-1 5.82058E-2 8.65485E-2 7.81541E-2 7.6969E-2 9.19263E-2 8.0436E-2 7.41135E-2 7.63942E-2 7.39905E-2 7.26184E-2 7.32092E-2 1.08837E-1 1.36419E-1 8.14563E-2 8.00726E-2 7.03645E-2 7.25801E-2 7.34489E-2 9.28122E-2 9.90132E-2 1.03243E-1 -9999 7.50534E-2 6.96192E-2 6.43795E-2 7.16122E-2 5.7862E-2 8.15639E-2 5.20668E-2 6.21673E-2 6.53213E-2 6.41247E-2 5.31045E-2 5.4545E-2
-9999 -9999 -9999 -9999 2.72679E-2 3.3953E-2 2.45753E-2 1.88515E-2 5.59972E-2 9.60088E-2 1.17035E-1 5.36009E-2 4.83486E-2 5.71803E-2 1.00348E-1 1.28729E-1 1.22898E-1 8.49456E-2 7.30198E-2 7.25224E-2 1.08725E-1 8.72721E-2 8.36569E-2 1.69703E-1 9.87156E-2 8.32836E-2 9.9826E-2 6.67463E-2 6.917E-2 6.7212E-2 7.4996E-2 9.053E-2 8.25032E-2 8.6812E-2 8.49168E-2 7.90763E-2 7.64225E-2 7.74072E-2 7.59208E-2 8.8717E-2 1.2308E-1 7.91132E-2 7.88898E-2 7.62196E-2 8.13543E-2 8.92042E-2 -9999 -9999 -9999 -9999 9.12597E-2 7.39704E-2 6.78817E-2 6.13753E-2 6.93523E-2 6.73725E-2 6.03907E-2 5.48017E-2 5.44179E-2 5.42261E-2 5.41054E-2
-9999 -9999 -9999 -9999 1.86382E-2 2.29173E-2 2.72333E-2 2.45533E-2 4.88443E-2 8.94196E-2 1.19991E-1 1.35452E-1 5.97796E-2 1.02424E-1 1.07619E-1 1.1064E-1 8.87961E-2 6.87174E-2 5.55629E-2 7.10325E-2 6.6543E-2 7.19396E-2 7.83183E-2 8.55946E-2 5.93256E-2 7.65052E-2 1.17027E-1 5.91776E-2 8.10506E-2 7.63927E-2 8.06584E-2 8.09502E-2 8.46695E-2 9.19288E-2 8.54516E-2 1.02819E-1 8.1724E-2 7.84782E-2 7.99757E-2 8.23426E-2 8.76873E-2 7.69845E-2 8.10438E-2 8.63321E-2 9.85789E-2 -9999 -9999 -9999 -9999 1.14187E-1 1.0088E-1 8.60058E-2 7.11519E-2 6.5972E-2 7.22657E-2 6.75335E-2 6.03622E-2 5.26555E-2 5.3244E-2 5.42528E-2 5.30626E-2
-9999 -9999 -9999 -9999 2.83826E-2 2.39115E-2 3.43098E-2 1.73895E-2 3.86655E-2 1.06637E-1 2.24834E-1 1.64974E-1 6.16286E-2 1.31629E-1 1.28066E-1 1.17744E-1 9.00257E-2 9.51387E-2 5.82012E-2 6.62946E-2 6.09568E-2 7.93967E-2 7.47226E-2 6.21876E-2 5.40144E-2 6.10209E-2 8.98226E-2 7.92372E-2 9.51356E-2 1.06626E-1 9.98983E-2 8.27686E-2 8.82944E-2 8.62585E-2 8.67633E-2 9.13179E-2 9.94249E-2 8.77535E-2 8.52854E-2 8.81348E-2 8.49501E-2 8.735E-2 1.06853E-1 1.28242E-1 1.19935E-1 -9999 -9999 -9999 1.25311E-1 1.02797E-1 1.31874E-1 1.00497E-1 8.40103E-2 9.45532E-2 6.78375E-2 7.62032E-2 6.03269E-2 5.83614E-2 5.88026E-2 7.51438E-2 5.85916E-2
-9999 -9999 -9999 4.52874E-2 2.65329E-2 4.5876E-2 1.65952E-2 2.26196E-2 3.05606E-2 1.16266E-1 2.80963E-1 1.5176E-1 7.65435E-2 7.57966E-2 9.16962E-2 8.23076E-2 1.06314E-1 1.07838E-1 9.87634E-2 6.3823E-2 5.61667E-2 6.34521E-2 6.03037E-2 5.70996E-2 8.19812E-2 5.29184E-2 5.60982E-2 8.78643E-2 9.23908E-2 1.15793E-1 1.29754E-1 1.12654E-1 9.14378E-2 9.26888E-2 9.31673E-2 8.99865E-2 8.94103E-2 8.98668E-2 8.36839E-2 8.77565E-2 9.51797E-2 9.162E-2 9.58762E-2 1.28516E-1 1.97955E-1 1.55359E-1 1.10618E-1 1.09174E-1 1.03703E-1 9.55923E-2 1.15647E-1 1.1519E-1 8.93675E-2 8.33003E-2 8.6334E-2 8.24059E-2 6.19149E-2 5.7955E-2 6.6264E-2 6.78313E-2 6.11448E-2
-9999 -9999 -9999 -9999 2.44987E-2 6.23438E-2 2.88832E-2 -9999 3.7076E-2 1.44167E-1 2.77824E-1 1.66742E-1 8.99447E-2 7.40993E-2 8.3479E-2 9.59663E-2 1.36534E-1 1.16183E-1 1.10212E-1 9.7547E-2 5.87745E-2 8.41551E-2 5.67827E-2 1.0746E-1 1.23875E-1 8.04501E-2 5.28552E-2 1.00025E-1 9.4578E-2 1.04072E-1 1.13455E-1 1.2142E-1 1.09582E-1 9.84242E-2 1.02142E-1 1.00572E-1 1.15953E-1 1.11314E-1 9.9908E-2 9.45391E-2 8.97634E-2 8.7295E-2 9.39425E-2 1.23465E-1 1.67816E-1 1.28397E-1 1.11073E-1 1.00299E-1 1.09162E-1 9.77287E-2 1.13188E-1 1.13456E-1 9.63222E-2 8.1831E-2 8.59172E-2 8.58608E-2 6.28119E-2 6.12753E-2 7.2908E-2 6.91623E-2 6.13352E-2
-9999 -9999 -9999 -9999 2.27944E-2 2.00454E-2 2.33394E-2 4.20104E-2 3.89411E-2 1.97089E-1 2.43738E-1 1.22139E-1 1.6126E-1 1.12957E-1 1.0275E-1 1.1055E-1 7.95812E-2 1.41642E-1 1.10349E-1 9.05351E-2 8.28574E-2 6.47853E-2 6.84967E-2 1.54494E-1 8.48627E-2 7.23004E-2 6.39697E-2 8.28412E-2 7.72999E-2 1.0423E-1 1.25281E-1 1.40853E-1 1.30861E-1 1.21122E-1 1.18435E-1 1.06499E-1 1.14187E-1 1.20208E-1 1.0617E-1 1.07748E-1 1.05894E-1 9.82919E-2 1.02237E-1 1.18876E-1 1.12222E-1 1.13031E-1 1.30504E-1 1.41669E-1 1.10272E-1 1.03862E-1 1.13523E-1 9.54371E-2 8.26563E-2 7.56415E-2 7.55339E-2 7.23544E-2 6.79367E-2 6.10173E-2 6.96859E-2 7.03758E-2 6.34149E-2
-9999 -9999 -9999 -9999 2.4965E-2 2.43283E-2 3.12562E-2 2.75361E-2 3.35545E-2 1.29412E-1 1.82992E-1 9.35651E-2 1.49389E-1 1.39182E-1 1.11849E-1 1.21032E-1 1.11071E-1 1.45338E-1 1.16802E-1 9.44418E-2 8.50788E-2 8.4005E-2 5.10702E-2 1.00509E-1 1.9577E-1 1.33051E-1 7.65264E-2 9.89812E-2 1.10981E-1 1.25751E-1 1.23021E-1 1.25262E-1 1.52504E-1 1.41111E-1 1.41107E-1 1.14689E-1 1.12168E-1 1.12666E-1 1.3409E-1 1.24859E-1 1.09727E-1 1.10352E-1 1.27823E-1 1.14151E-1 1.06746E-1 1.06831E-1 1.43136E-1 1.52169E-1 1.04138E-1 1.14559E-1 1.0238E-1 9.41956E-2 8.20993E-2 7.86879E-2 7.54472E-2 7.35856E-2 6.81979E-2 8.0392E-2 7.7031E-2 6.91118E-2 6.48173E-2
-9999 -9999 -9999 -9999 -9999 2.69221E-2 3.48885E-2 3.79274E-2 2.36589E-2 4.47413E-2 8.80074E-2 1.16722E-1 1.40827E-1 1.27302E-1 1.7524E-1 1.30701E-1 1.87005E-1 1.29966E-1 1.43498E-1 1.08608E-1 9.82659E-2 1.1912E-1 8.05199E-2 1.12682E-1 1.68218E-1 2.41109E-1 1.11736E-1 7.66083E-2 8.6978E-2 1.28195E-1 1.34999E-1 1.52597E-1 1.45723E-1 1.49365E-1 1.36191E-1 1.2642E-1 1.20966E-1 1.26326E-1 1.16511E-1 1.21245E-1 1.1925E-1 1.12884E-1 1.29772E-1 1.09813E-1 1.07072E-1 9.93843E-2 1.57133E-1 1.10987E-1 1.1846E-1 1.03055E-1 9.60742E-2 9.78751E-2 8.55486E-2 8.51755E-2 8.06202E-2 8.08942E-2 8.5665E-2 6.20083E-2 7.28423E-2 7.51995E-2 6.73368E-2
-9999 -9999 -9999 -9999 -9999 7.06754E-2 1.67521E-2 3.85443E-2 2.67805E-2 3.90677E-2 6.81726E-2 6.99452E-2 6.51222E-2 8.62519E-2 1.4308E-1 1.4267E-1 1.83614E-1 1.68684E-1 1.61834E-1 1.38004E-1 1.37831E-1 5.42376E-2 8.96203E-2 8.42792E-2 1.7972E-1 2.14626E-1 1.01997E-1 9.51866E-2 1.01949E-1 1.36781E-1 1.28989E-1 1.43861E-1 1.40655E-1 1.261E-1 1.23347E-1 1.22603E-1 1.38305E-1 1.45832E-1 1.27979E-1 1.28054E-1 1.33321E-1 1.24907E-1 1.14891E-1 1.35065E-1 1.66581E-1 1.33979E-1 1.15844E-1 1.29678E-1 1.26436E-1 1.37057E-1 1.09082E-1 1.01907E-1 1.18978E-1 9.08325E-2 8.43318E-2 1.11784E-1 7.8494E-2 6.70715E-2 7.10388E-2 7.42343E-2 7.29562E-2
-9999 -9999 -9999 -9999 -9999 6.19465E-2 4.49638E-2 1.22671E-2 2.07603E-2 2.05831E-2 4.97309E-2 1.06665E-1 8.2296E-2 1.04878E-1 1.18005E-1 1.14255E-1 1.20039E-1 1.43491E-1 1.53682E-1 1.57229E-1 8.07808E-2 8.39374E-2 7.68327E-2 6.98443E-2 1.13389E-1 1.74381E-1 7.97819E-2 1.33926E-1 1.37215E-1 1.0553E-1 1.29425E-1 1.29892E-1 1.40368E-1 1.32994E-1 1.42203E-1 1.41294E-1 1.34694E-1 1.61308E-1 1.5086E-1 1.44885E-1 1.42007E-1 1.36381E-1 1.55057E-1 1.48548E-1 1.5213E-1 1.89362E-1 1.24193E-1 1.19328E-1 1.15024E-1 1.16385E-1 1.15106E-1 1.2103E-1 1.34802E-1 9.74631E-2 9.90538E-2 8.00075E-2 7.31033E-2 7.07227E-2 6.85059E-2 6.75791E-2 6.37303E-2
-9999 -9999 -9999 -9999 -9999 4.77266E-2 1.79928E-2 2.81202E-2 3.26498E-2 2.61392E-2 3.84529E-2 4.99867E-2 1.41041E-1 1.13498E-1 1.13193E-1 8.33996E-2 8.45545E-2 7.18988E-2 1.28872E-1 1.2765E-1 1.01411E-1 1.30013E-1 1.06926E-1 6.04752E-2 7.26664E-2 1.93474E-1 9.34937E-2 9.26576E-2 1.31997E-1 9.15526E-2 1.25327E-1 1.43828E-1 1.52475E-1 1.56674E-1 1.54334E-1 1.47892E-1 1.59243E-1 1.40558E-1 1.47556E-1 1.58809E-1 2.39126E-1 1.80965E-1 1.4599E-1 1.3743E-1 1.35516E-1 1.27378E-1 1.22122E-1 1.23638E-1 1.23489E-1 1.42282E-1 1.30877E-1 1.13162E-1 1.45444E-1 1.40368E-1 1.0294E-1 -9999 9.37037E-2 8.08885E-2 7.70196E-2 7.34156E-2 7.16342E-2
