Candidate_Models_Sept202022/M_8_F_lqp_Set_1_cal/Bison.asc
ncols         97
nrows         127
xllcorner     -2197417.7431653
yllcorner     -584827.01486885
cellsize      30000.0
NODATA_value  -9999
[rows 81 to 107 of 127, columns 0 to 60 of 97]
-9999 -9999 -9999 -9999 -9999 -9999 -9999 -9999 -9999 -9999 -9999 2.92023E-2 1.55734E-2 2.94219E-2 9.16791E-2 5.94236E-2 3.81558E-2 2.15563E-2 5.17954E-2 1.50381E-1 8.19892E-2 1.37138E-1 5.85785E-2 1.17688E-1 2.41132E-1 3.42843E-1 1.92114E-1 1.6386E-1 2.41789E-1 7.92942E-2 7.23545E-2 6.27654E-2 9.81921E-2 1.5611E-1 1.261E-1 1.57263E-1 2.20976E-1 2.04782E-1 3.98388E-1 7.30524E-1 7.34085E-1 6.90998E-1 6.93497E-1 7.4598E-1 6.66593E-1 5.2063E-1 4.91395E-1 4.73828E-1 5.0552E-1 5.38402E-1 5.69171E-1 6.70386E-1 6.92178E-1 6.78189E-1 7.09734E-1 5.67577E-1 6.38249E-1 6.37815E-1 6.19499E-1 6.08874E-1 6.41246E-1
-9999 -9999 -9999 -9999 -9999 -9999 -9999 -9999 -9999 -9999 -9999 -9999 2.29034E-2 1.89212E-2 4.4582E-2 1.11601E-1 5.88834E-2 4.96867E-2 2.56104E-2 7.73965E-2 5.1501E-2 4.51515E-2 5.03223E-2 1.07447E-1 3.40314E-1 3.9146E-1 2.24189E-1 1.71809E-1 2.7475E-1 7.42341E-2 4.26397E-2 6.38472E-2 6.57903E-2 1.20718E-1 1.76679E-1 1.14734E-1 1.58524E-1 1.66098E-1 2.30809E-1 6.66316E-1 7.26716E-1 7.05246E-1 6.80832E-1 7.06207E-1 6.54461E-1 5.35792E-1 4.51937E-1 4.83725E-1 5.13182E-1 6.08264E-1 6.09184E-1 6.52963E-1 7.27456E-1 6.48244E-1 6.38545E-1 6.99398E-1 6.43185E-1 5.55109E-1 6.16616E-1 5.84231E-1 6.55427E-1
-9999 -9999 -9999 -9999 -9999 -9999 -9999 -9999 -9999 -9999 -9999 -9999 -9999 2.97322E-2 1.41253E-2 4.66082E-2 1.5552E-1 1.01856E-1 1.43453E-1 3.27256E-2 2.98436E-2 3.25538E-2 2.26771E-2 9.83003E-2 1.98739E-1 1.92791E-1 1.36136E-1 2.56342E-1 1.55088E-1 9.07252E-2 5.26198E-2 4.2995E-2 4.17302E-2 6.12549E-2 1.17603E-1 1.95979E-1 1.07638E-1 1.98323E-1 2.0737E-1 6.7577E-1 7.3291E-1 7.23628E-1 6.81476E-1 6.56482E-1 6.11065E-1 5.07765E-1 4.90331E-1 4.95714E-1 5.31333E-1 5.76084E-1 6.13564E-1 6.53199E-1 7.29367E-1 7.00898E-1 6.71513E-1 6.68261E-1 6.7006E-1 6.39642E-1 6.01377E-1 6.14162E-1 5.89836E-1
-9999 -9999 -9999 -9999 -9999 -9999 -9999 -9999 -9999 -9999 -9999 -9999 -9999 3.85329E-2 2.16343E-2 4.15859E-2 9.58918E-2 -9999 2.7179E-1 3.11793E-1 1.90895E-1 6.35535E-2 2.37287E-2 8.07583E-2 1.96517E-1 1.78937E-1 1.973E-1 1.89381E-1 1.14899E-1 1.22477E-1 7.62564E-2 4.74993E-2 4.48355E-2 6.33383E-2 1.06329E-1 1.28041E-1 1.02934E-1 1.89669E-1 1.87351E-1 6.95554E-1 6.36787E-1 6.81393E-1 6.97479E-1 5.88837E-1 5.76329E-1 6.62843E-1 5.59557E-1 5.62593E-1 5.06847E-1 5.45969E-1 6.04316E-1 6.1603E-1 6.09859E-1 5.76703E-1 6.30255E-1 5.152E-1 6.11718E-1 5.75892E-1 5.78698E-1 6.62289E-1 6.42324E-1
-9999 -9999 -9999 -9999 -9999 -9999 -9999 -9999 -9999 -9999 -9999 -9999 -9999 3.92497E-2 2.60668E-2 4.16627E-2 9.60578E-2 -9999 2.10859E-1 3.87076E-1 8.64723E-2 2.91231E-2 2.28892E-2 7.99419E-2 1.31735E-1 9.44286E-2 2.17318E-1 1.04746E-1 1.09264E-1 6.93984E-2 6.53127E-2 3.34374E-2 7.49389E-2 6.79682E-2 8.75485E-2 1.61043E-1 1.44793E-1 1.35153E-1 2.23928E-1 4.20588E-1 6.74227E-1 6.49182E-1 6.91488E-1 6.36568E-1 5.42097E-1 6.12021E-1 4.79164E-1 4.83431E-1 5.16883E-1 6.42785E-1 6.71097E-1 5.36506E-1 6.30529E-1 7.05718E-1 6.09528E-1 5.49331E-1 6.07482E-1 5.86731E-1 6.27618E-1 6.2476E-1 6.08914E-1
-9999 -9999 -9999 -9999 -9999 -9999 -9999 -9999 -9999 -9999 -9999 -9999 -9999 3.70417E-2 4.11044E-2 5.97345E-2 1.13931E-1 -9999 7.80432E-2 1.3053E-1 6.51399E-2 8.74048E-2 4.66894E-2 6.50196E-2 1.81383E-1 2.44069E-1 3.04906E-1 1.12834E-1 8.30775E-2 7.90576E-2 8.81255E-2 4.84415E-2 1.02618E-1 6.82472E-2 5.75639E-2 2.73815E-1 9.7769E-2 1.39118E-1 1.87161E-1 6.35492E-1 6.26465E-1 6.60601E-1 6.86191E-1 6.89752E-1 6.6877E-1 5.80225E-1 4.99162E-1 5.25574E-1 5.59854E-1 6.45939E-1 6.06272E-1 4.59791E-1 5.593E-1 6.96967E-1 6.92203E-1 6.6862E-1 6.38618E-1 4.9383E-1 5.72507E-1 6.49368E-1 7.03106E-1
-9999 -9999 -9999 -9999 -9999 -9999 -9999 -9999 -9999 -9999 -9999 -9999 -9999 4.70414E-2 1.73233E-2 1.9203E-2 2.44094E-1 -9999 2.03876E-1 1.24613E-1 4.44949E-2 2.41195E-2 1.26465E-1 1.4864E-1 1.37347E-1 2.30898E-1 4.12563E-1 2.27169E-1 1.74836E-1 7.40834E-2 1.17372E-1 5.89957E-2 6.24914E-2 9.58117E-2 1.58845E-1 1.85133E-1 1.47033E-1 1.46236E-1 3.5599E-1 6.58985E-1 5.54334E-1 6.23199E-1 7.38355E-1 6.97052E-1 6.44818E-1 6.0595E-1 6.52479E-1 6.63209E-1 6.21217E-1 4.9798E-1 5.12211E-1 4.58921E-1 5.73298E-1 6.34922E-1 6.99155E-1 7.06398E-1 6.42803E-1 5.5148E-1 5.13781E-1 5.51774E-1 6.848E-1
-9999 -9999 -9999 -9999 -9999 -9999 -9999 -9999 -9999 -9999 -9999 -9999 -9999 3.71865E-2 1.59761E-2 2.48042E-2 2.96292E-2 9.78392E-2 1.42659E-1 1.50203E-1 2.34506E-2 3.48836E-2 1.52226E-1 1.78829E-1 2.95519E-1 3.80381E-1 3.2886E-1 1.90339E-1 1.10944E-1 1.40057E-1 1.02263E-1 5.04081E-2 5.11625E-2 2.47344E-1 8.3408E-2 1.09827E-1 1.72753E-1 1.28348E-1 1.83781E-1 7.49706E-1 6.11494E-1 6.6961E-1 6.58458E-1 7.14176E-1 6.68923E-1 6.83899E-1 5.88024E-1 5.47922E-1 6.92378E-1 7.00067E-1 6.39393E-1 6.44724E-1 7.21715E-1 6.97299E-1 6.89521E-1 7.28826E-1 6.94644E-1 6.94038E-1 6.50476E-1 5.46285E-1 6.3151E-1
-9999 -9999 -9999 -9999 -9999 -9999 -9999 -9999 -9999 -9999 -9999 -9999 -9999 5.71907E-2 2.08528E-2 1.76511E-2 2.5995E-2 9.54817E-2 2.01508E-1 1.47411E-1 2.13429E-2 7.00803E-2 1.09444E-1 2.19952E-1 4.03578E-1 3.2911E-1 2.22066E-1 1.31159E-1 1.09607E-1 3.04778E-1 1.05049E-1 9.57909E-2 1.04362E-1 2.95158E-1 8.32378E-2 1.08451E-1 2.03183E-1 1.18189E-1 1.72525E-1 3.7233E-1 7.3288E-1 6.48762E-1 5.98691E-1 6.42933E-1 6.93929E-1 6.8259E-1 5.91403E-1 5.13148E-1 5.14759E-1 5.55703E-1 5.58448E-1 6.07383E-1 6.84969E-1 7.02142E-1 6.80132E-1 6.91422E-1 6.6379E-1 7.07889E-1 7.13356E-1 6.79191E-1 5.78613E-1
-9999 -9999 -9999 -9999 -9999 -9999 -9999 -9999 -9999 -9999 -9999 -9999 -9999 6.66205E-2 5.30673E-2 5.26533E-2 9.80524E-2 1.22942E-1 1.90879E-1 8.96516E-2 2.19353E-2 6.52587E-2 1.42855E-1 4.50784E-1 5.13646E-1 3.38075E-1 2.96307E-1 1.3947E-1 1.96649E-1 2.7544E-1 1.7167E-1 1.13249E-1 1.70227E-1 1.17561E-1 7.31418E-2 9.93906E-2 1.25633E-1 1.07584E-1 1.78576E-1 3.40551E-1 5.9289E-1 5.5915E-1 6.12535E-1 5.47984E-1 6.05385E-1 6.40817E-1 5.05442E-1 5.01781E-1 4.68652E-1 4.93594E-1 5.41558E-1 5.36154E-1 6.73426E-1 6.03442E-1 5.66264E-1 6.12954E-1 6.39019E-1 6.54993E-1 6.54484E-1 6.20521E-1 6.18878E-1
-9999 -9999 -9999 -9999 -9999 -9999 -9999 -9999 -9999 -9999 -9999 -9999 -9999 7.68569E-2 8.80494E-2 9.04782E-2 1.31552E-1 1.9067E-1 2.25916E-1 5.66686E-2 7.90596E-2 1.35725E-1 3.03544E-1 5.55606E-1 4.5051E-1 3.12455E-1 4.04133E-1 3.49824E-1 2.62485E-1 2.76734E-1 3.05029E-1 2.03656E-1 2.01712E-1 1.01475E-1 5.74153E-2 1.28732E-1 1.55935E-1 1.9956E-1 2.46826E-1 1.52556E-1 5.83611E-1 5.1355E-1 5.76434E-1 5.91364E-1 4.35491E-1 5.01397E-1 5.38756E-1 4.89289E-1 5.01833E-1 4.6167E-1 4.55053E-1 5.13373E-1 5.54257E-1 5.74692E-1 5.49606E-1 5.13993E-1 5.2938E-1 5.46256E-1 5.97753E-1 6.08067E-1 5.83495E-1
-9999 -9999 -9999 -9999 -9999 -9999 -9999 -9999 -9999 -9999 -9999 -9999 -9999 6.5072E-2 6.10038E-2 1.74187E-1 1.64329E-1 1.5768E-1 8.13762E-2 6.70546E-2 1.37569E-1 2.64907E-1 3.32192E-1 4.09018E-1 4.42415E-1 3.2838E-1 3.77994E-1 3.40058E-1 4.467E-1 4.25371E-1 4.41193E-1 3.25211E-1 1.03539E-1 6.92784E-2 6.10907E-2 1.19632E-1 2.66658E-1 3.47601E-1 5.76558E-1 1.17873E-1 2.95864E-1 6.71277E-1 5.21207E-1 5.81523E-1 4.77227E-1 5.1987E-1 5.3072E-1 5.04837E-1 4.9213E-1 5.12494E-1 4.58457E-1 5.00705E-1 5.64378E-1 5.57123E-1 5.34106E-1 5.33528E-1 4.69903E-1 5.78852E-1 5.51852E-1 6.20954E-1 6.10426E-1
-9999 -9999 -9999 -9999 -9999 -9999 -9999 -9999 -9999 -9999 -9999 -9999 5.74335E-2 5.16061E-2 6.21724E-2 1.97442E-1 1.26276E-1 7.69774E-2 9.72891E-2 6.24562E-2 1.48112E-1 4.17441E-1 4.27064E-1 4.65433E-1 4.22978E-1 3.65359E-1 3.44762E-1 4.37798E-1 3.69819E-1 4.33278E-1 5.96714E-1 2.44553E-1 9.48254E-2 7.45608E-2 8.6886E-2 1.00068E-1 2.14395E-1 3.65665E-1 2.14255E-1 1.09903E-1 1.33097E-1 5.86885E-1 5.79624E-1 5.93909E-1 5.55161E-1 4.77123E-1 4.87056E-1 4.87744E-1 4.80048E-1 6.52225E-1 5.36852E-1 4.84446E-1 4.90782E-1 5.2184E-1 4.92773E-1 5.07827E-1 4.80636E-1 6.0002E-1 5.22635E-1 5.20482E-1 5.98405E-1
-9999 -9999 -9999 -9999 -9999 -9999 -9999 -9999 -9999 -9999 -9999 -9999 1.10351E-1 7.37519E-2 8.50355E-2 1.346E-1 8.15988E-2 9.68944E-2 4.70358E-2 9.17487E-2 2.98746E-1 5.20419E-1 3.26389E-1 3.86975E-1 3.70842E-1 4.39169E-1 4.62919E-1 3.64785E-1 3.29309E-1 5.00185E-1 5.65082E-1 3.13297E-1 1.0773E-1 9.75309E-2 6.11733E-2 9.53919E-2 4.16942E-1 5.3638E-1 3.46276E-1 9.83954E-2 2.2232E-1 5.04209E-1 4.6796E-1 5.11549E-1 5.18763E-1 5.45145E-1 4.68554E-1 5.22349E-1 5.63465E-1 6.77343E-1 6.1025E-1 4.98352E-1 4.28537E-1 4.96907E-1 4.70292E-1 4.96415E-1 4.71653E-1 5.08123E-1 5.28606E-1 4.96046E-1 5.21282E-1
-9999 -9999 -9999 -9999 -9999 -9999 -9999 -9999 -9999 -9999 -9999 -9999 5.4248E-2 6.53278E-2 1.08772E-1 1.12155E-1 6.0325E-2 1.10145E-1 1.4308E-1 2.33902E-1 3.78931E-1 5.04509E-1 4.06344E-1 2.95699E-1 3.36002E-1 4.32153E-1 3.2892E-1 2.70709E-1 3.4708E-1 5.66004E-1 5.7127E-1 2.11537E-1 1.38885E-1 8.81505E-2 7.69946E-2 7.23049E-2 3.72716E-1 5.85575E-1 3.80865E-1 1.90052E-1 2.44093E-1 5.99802E-1 4.80693E-1 5.22812E-1 4.99158E-1 5.27655E-1 5.12176E-1 5.05807E-1 5.45524E-1 5.29636E-1 4.36734E-1 5.78013E-1 5.49126E-1 4.17257E-1 4.42493E-1 4.34397E-1 4.51699E-1 5.55984E-1 4.89164E-1 5.02855E-1 5.84261E-1
-9999 -9999 -9999 -9999 -9999 -9999 -9999 -9999 -9999 -9999 -9999 -9999 7.64938E-2 6.67856E-2 2.14389E-1 2.24325E-1 9.69326E-2 8.20908E-2 1.9141E-1 2.39013E-1 3.29053E-1 3.77699E-1 4.41444E-1 3.5611E-1 3.71732E-1 3.38646E-1 3.41911E-1 2.85726E-1 4.37404E-1 6.64154E-1 5.83506E-1 3.41572E-1 1.44358E-1 8.3642E-2 8.47529E-2 9.76941E-2 1.68422E-1 4.24638E-1 1.9812E-1 2.13501E-1 2.15746E-1 5.9631E-1 5.45E-1 5.73765E-1 5.27658E-1 5.60692E-1 6.80715E-1 5.5145E-1 5.25625E-1 5.26241E-1 4.68622E-1 4.08796E-1 4.39742E-1 4.3867E-1 5.12201E-1 4.82894E-1 4.35224E-1 4.51412E-1 4.64374E-1 5.06829E-1 4.98032E-1
-9999 -9999 -9999 -9999 -9999 -9999 -9999 -9999 -9999 -9999 -9999 6.5862E-2 6.38764E-2 2.48947E-1 2.88624E-1 2.73222E-1 1.43551E-1 6.92856E-2 2.718E-1 4.4887E-1 3.8392E-1 3.57794E-1 3.60223E-1 4.36104E-1 4.49833E-1 3.44157E-1 3.71771E-1 5.96339E-1 5.49164E-1 5.45913E-1 7.01932E-1 5.45059E-1 1.39371E-1 1.89309E-1 7.71624E-2 1.45446E-1 1.46087E-1 5.46104E-1 2.79867E-1 3.02354E-1 4.71615E-1 2.92393E-1 6.55296E-1 5.48397E-1 6.62109E-1 7.61385E-1 6.94946E-1 4.37298E-1 4.92738E-1 5.84476E-1 5.2401E-1 4.10911E-1 4.39692E-1 4.72193E-1 4.62162E-1 4.66335E-1 4.6483E-1 4.66439E-1 4.9547E-1 5.21284E-1 4.7673E-1
-9999 -9999 -9999 -9999 -9999 -9999 -9999 -9999 -9999 -9999 -9999 5.5618E-2 1.77465E-1 2.93813E-1 2.41729E-1 2.89324E-1 1.06638E-1 1.26899E-1 3.70558E-1 4.06346E-1 3.73597E-1 2.79212E-1 3.03873E-1 3.57884E-1 3.64234E-1 3.8184E-1 5.63628E-1 2.23434E-1 1.74949E-1 6.36227E-1 5.60793E-1 6.42483E-1 3.87268E-1 1.80428E-1 1.38124E-1 1.36341E-1 1.98087E-1 6.97574E-1 1.50802E-1 5.13258E-1 4.49389E-1 4.2891E-1 5.64218E-1 4.72535E-1 6.05771E-1 2.85008E-1 1.97396E-1 6.1984E-1 5.04113E-1 6.24087E-1 5.53413E-1 4.30946E-1 4.47461E-1 4.49588E-1 4.57169E-1 4.56611E-1 4.31675E-1 4.36339E-1 4.90464E-1 5.11029E-1 5.1333E-1
-9999 -9999 -9999 -9999 -9999 -9999 -9999 -9999 -9999 -9999 8.56959E-2 6.03831E-2 2.09766E-1 2.97105E-1 3.64124E-1 7.06918E-2 7.92225E-2 1.93572E-1 3.00285E-1 2.78738E-1 2.86572E-1 3.81955E-1 3.67418E-1 3.79456E-1 3.31917E-1 5.32709E-1 3.58014E-1 1.9862E-1 2.72104E-1 3.61324E-1 3.8023E-1 6.36356E-1 5.05768E-1 8.68281E-2 1.54313E-1 1.6418E-1 5.08025E-1 7.22597E-1 2.8047E-1 4.85977E-1 6.88111E-1 4.35E-1 5.97598E-1 5.33685E-1 6.28781E-1 5.89187E-1 4.31751E-1 6.81743E-1 5.99278E-1 4.49788E-1 5.63717E-1 4.34226E-1 4.21092E-1 4.17869E-1 4.20163E-1 4.40956E-1 4.33016E-1 4.63328E-1 4.64114E-1 4.63817E-1 4.78542E-1
-9999 -9999 -9999 -9999 -9999 -9999 -9999 -9999 -9999 -9999 4.23679E-2 4.41517E-2 3.06927E-1 3.00756E-1 1.57833E-1 5.16622E-2 1.11347E-1 2.31256E-1 2.42429E-1 2.65793E-1 2.49737E-1 3.35955E-1 3.47774E-1 3.62187E-1 3.50635E-1 3.51764E-1 4.37431E-1 3.91703E-1 4.37117E-1 4.08287E-1 3.07335E-1 3.42579E-1 1.54509E-1 2.06396E-1 1.5348E-1 1.23682E-1 6.30292E-1 4.17138E-1 3.49014E-1 4.72001E-1 6.25617E-1 2.6239E-1 4.14706E-1 5.8472E-1 5.35685E-1 6.04262E-1 6.51093E-1 4.63075E-1 4.08256E-1 4.29317E-1 3.96802E-1 4.45293E-1 3.91772E-1 4.39302E-1 4.08273E-1 4.03324E-1 4.34356E-1 4.53989E-1 4.75419E-1 4.62803E-1 4.87303E-1
-9999 -9999 -9999 -9999 -9999 -9999 -9999 -9999 -9999 -9999 4.26458E-2 4.90522E-2 2.83477E-1 2.36677E-1 8.6367E-2 1.03847E-1 1.9004E-1 2.64948E-1 3.36209E-1 2.75227E-1 2.60145E-1 2.48897E-1 2.80229E-1 2.85732E-1 3.3957E-1 2.77235E-1 5.10489E-1 3.22813E-1 5.80812E-1 4.34284E-1 2.43301E-1 1.62043E-1 1.45091E-1 2.13446E-1 2.05718E-1 2.39052E-1 2.77931E-1 4.15929E-1 6.30949E-1 4.18406E-1 5.91495E-1 4.75098E-1 5.26036E-1 4.68672E-1 5.76614E-1 5.17513E-1 4.72474E-1 5.55132E-1 4.58877E-1 4.36853E-1 4.09114E-1 4.56912E-1 4.56108E-1 4.52354E-1 4.15417E-1 4.02755E-1 4.24038E-1 4.18177E-1 5.14725E-1 4.86061E-1 4.55334E-1
-9999 -9999 -9999 -9999 -9999 -9999 -9999 -9999 -9999 6.76382E-2 4.40605E-2 7.63742E-2 3.42879E-1 1.38721E-1 4.50927E-2 7.8599E-2 2.6746E-1 3.57203E-1 3.7438E-1 2.19173E-1 2.58117E-1 2.68869E-1 2.76173E-1 3.08896E-1 2.3865E-1 2.27618E-1 5.57201E-1 3.45926E-1 3.22416E-1 1.89843E-1 2.22835E-1 3.78583E-1 3.03229E-1 3.80432E-1 3.28334E-1 3.04097E-1 2.62528E-1 3.671E-1 7.22797E-1 3.01488E-1 5.95508E-1 6.65453E-1 7.10794E-1 4.79788E-1 6.7072E-1 5.38935E-1 6.44216E-1 4.9073E-1 4.50726E-1 4.40665E-1 4.04636E-1 4.33986E-1 4.44088E-1 4.6352E-1 4.72978E-1 4.90096E-1 4.86177E-1 4.50162E-1 4.76907E-1 4.70822E-1 4.62025E-1
-9999 -9999 -9999 -9999 -9999 -9999 -9999 -9999 -9999 6.26235E-2 5.76135E-2 7.58023E-2 1.15765E-1 6.7223E-2 4.64012E-2 1.68467E-1 3.14137E-1 3.9839E-1 3.62543E-1 3.02079E-1 3.85792E-1 2.93154E-1 2.61635E-1 3.11531E-1 2.73943E-1 3.24776E-1 4.98978E-1 4.19113E-1 3.84967E-1 3.23889E-1 3.54806E-1 5.09849E-1 2.22576E-1 3.98824E-1 5.51908E-1 6.24543E-1 3.79024E-1 7.09616E-1 7.34133E-1 5.91355E-1 5.92859E-1 7.18535E-1 6.59893E-1 7.34337E-1 6.99234E-1 6.32713E-1 7.32323E-1 5.04223E-1 4.51504E-1 4.60954E-1 5.35497E-1 5.54064E-1 4.95065E-1 4.75656E-1 4.57337E-1 5.01167E-1 4.77543E-1 4.54276E-1 4.52916E-1 4.63546E-1 4.32081E-1
-9999 -9999 -9999 -9999 -9999 -9999 -9999 -9999 1.05776E-1 5.46475E-2 8.16519E-2 2.13083E-1 4.92293E-2 5.72852E-2 9.3029E-2 2.88267E-1 3.60302E-1 3.42334E-1 3.5017E-1 3.29328E-1 3.50935E-1 3.43889E-1 3.18792E-1 3.24335E-1 3.08574E-1 4.39205E-1 3.82198E-1 4.80769E-1 4.04409E-1 4.33043E-1 4.77154E-1 5.63015E-1 3.25828E-1 4.4166E-1 5.60569E-1 3.13511E-1 3.76411E-1 6.22435E-1 6.21012E-1 6.12187E-1 6.5824E-1 6.33413E-1 6.58533E-1 4.35882E-1 2.53015E-1 6.00618E-1 3.36136E-1 5.45269E-1 6.06013E-1 5.20771E-1 5.26353E-1 5.66942E-1 4.56153E-1 4.92807E-1 5.02133E-1 5.43795E-1 5.60271E-1 5.07705E-1 4.85859E-1 4.66008E-1 4.59769E-1
-9999 -9999 -9999 -9999 -9999 -9999 -9999 7.24343E-2 7.81771E-2 5.09321E-2 1.63327E-1 2.05064E-1 5.25642E-2 6.53042E-2 1.77455E-1 3.51273E-1 3.6863E-1 3.54822E-1 3.87269E-1 3.77604E-1 3.91039E-1 3.54527E-1 3.38004E-1 3.39611E-1 3.22864E-1 3.88649E-1 3.92305E-1 4.59395E-1 5.50704E-1 5.0798E-1 4.35426E-1 4.43158E-1 4.16983E-1 4.45537E-1 4.4128E-1 4.1388E-1 6.46033E-1 6.29479E-1 6.3183E-1 6.71334E-1 6.64027E-1 7.28454E-1 6.36366E-1 5.25176E-1 3.62154E-1 4.29141E-1 4.80339E-1 7.83574E-1 8.05085E-1 5.74754E-1 4.96424E-1 6.20335E-1 7.57882E-1 5.74823E-1 6.47261E-1 5.37797E-1 5.11774E-1 4.90476E-1 5.04537E-1 4.98571E-1 4.6744E-1
-9999 -9999 -9999 -9999 -9999 -9999 -9999 2.8041E-2 2.45248E-2 2.69582E-2 8.7777E-2 9.15167E-2 6.52685E-2 1.43612E-1 3.69663E-1 3.96207E-1 3.72908E-1 3.70436E-1 3.6166E-1 3.72313E-1 3.70886E-1 3.82675E-1 4.02635E-1 3.84923E-1 3.71498E-1 3.54891E-1 3.82103E-1 4.87379E-1 5.76179E-1 5.38612E-1 4.48735E-1 3.1125E-1 3.96742E-1 5.47238E-1 3.85125E-1 5.52324E-1 5.7461E-1 7.27307E-1 6.80352E-1 6.56821E-1 6.46084E-1 6.09376E-1 5.37421E-1 4.40451E-1 4.64383E-1 4.15593E-1 4.29253E-1 3.8266E-1 6.24548E-1 4.09051E-1 4.56178E-1 4.29297E-1 6.14776E-1 7.66364E-1 6.21646E-1 5.73074E-1 5.01979E-1 4.81903E-1 5.24493E-1 5.05125E-1 4.6153E-1
-9999 -9999 -9999 -9999 -9999 -9999 -9999 3.80058E-2 2.94453E-2 4.12873E-2 1.38425E-1 1.29839E-1 1.2489E-1 1.68575E-1 4.22638E-1 3.86218E-1 3.92106E-1 4.13542E-1 3.81691E-1 3.63633E-1 3.89591E-1 3.44774E-1 3.83464E-1 3.87599E-1 3.5559E-1 3.72674E-1 3.61005E-1 5.02653E-1 5.93566E-1 5.76716E-1 5.68495E-1 3.88104E-1 6.24003E-1 7.90258E-1 6.09509E-1 5.66271E-1 6.63021E-1 6.16053E-1 6.76181E-1 5.94758E-1 5.3083E-1 5.08881E-1 4.8438E-1 4.62948E-1 4.85241E-1 4.82753E-1 4.00579E-1 2.90224E-1 5.28423E-1 5.56174E-1 4.98697E-1 4.94622E-1 6.30918E-1 5.19057E-1 7.39243E-1 6.80296E-1 5.7053E-1 5.03102E-1 5.09691E-1 4.81399E-1 4.47692E-1
