Candidate_Models_July82022/M_3_F_lqp_Set_1_cal/Bison.asc
ncols         290
nrows         380
xllcorner     -2197417.7431653
yllcorner     -584827.01486885
cellsize      10000.0
NODATA_value  -9999
[rows 135 to 161 of 380, columns 122 to 182 of 290]
9.42931E-2 9.99759E-2 9.93295E-2 1.04211E-1 1.48231E-1 1.26193E-1 9.81405E-2 1.27275E-1 2.80957E-1 1.24787E-1 1.14225E-1 1.22258E-1 1.29028E-1 1.28964E-1 1.26822E-1 1.23089E-1 1.18932E-1 1.22246E-1 1.22248E-1 1.20561E-1 1.20548E-1 1.18867E-1 1.13827E-1 1.18982E-1 1.22105E-1 1.19735E-1 1.14617E-1 1.05935E-1 9.81273E-2 9.54184E-2 2.4166E-1 2.02001E-1 8.37292E-2 6.6683E-2 1.5284E-1 8.82459E-2 1.16557E-1 2.12546E-1 6.74219E-2 6.59E-2 6.51329E-2 6.62013E-2 5.70869E-2 5.73605E-2 5.71854E-2 1.48354E-1 6.79049E-2 4.92271E-2 5.00846E-2 5.44177E-2 4.2369E-2 3.93029E-2 3.89965E-2 4.59683E-2 5.73394E-2 1.03759E-1 5.53962E-2 6.1718E-2 5.55711E-2 5.31652E-2 4.29771E-2
9.53525E-2 9.07226E-2 8.99612E-2 1.24522E-1 1.95396E-1 1.87619E-1 1.35321E-1 1.18246E-1 2.48589E-1 2.27996E-1 1.26015E-1 1.29345E-1 1.34145E-1 1.3085E-1 1.23954E-1 1.22274E-1 1.22275E-1 1.19745E-1 1.18781E-1 1.17483E-1 1.26737E-1 1.17361E-1 1.10886E-1 1.17979E-1 1.22498E-1 9.53992E-2 1.11033E-1 1.04931E-1 9.50096E-2 1.30335E-1 2.54633E-1 1.67306E-1 2.03707E-1 7.92367E-2 7.87726E-2 7.57763E-2 9.87842E-2 9.78551E-2 1.09305E-1 6.77496E-2 6.3934E-2 6.26817E-2 5.89931E-2 5.80113E-2 6.03651E-2 1.13059E-1 7.14153E-2 4.81111E-2 4.97556E-2 4.79678E-2 4.3263E-2 4.002E-2 4.10534E-2 5.00911E-2 4.27152E-2 1.43986E-1 1.04087E-1 6.11E-2 4.98587E-2 4.95185E-2 4.35713E-2
8.8553E-2 8.46202E-2 8.67021E-2 9.49564E-2 1.21833E-1 1.3466E-1 1.5379E-1 1.07032E-1 2.25804E-1 3.39753E-1 2.05425E-1 1.47712E-1 1.65798E-1 1.36302E-1 1.30466E-1 1.25156E-1 1.32201E-1 1.25986E-1 1.22815E-1 1.25186E-1 1.28735E-1 1.24846E-1 1.16001E-1 1.15797E-1 1.06012E-1 1.1067E-1 1.04802E-1 9.74142E-2 1.13888E-1 1.37291E-1 2.58138E-1 2.59441E-1 2.08755E-1 1.06819E-1 7.84405E-2 7.63031E-2 9.10708E-2 1.49116E-1 7.57624E-2 7.24919E-2 6.84509E-2 6.55124E-2 6.35762E-2 6.08981E-2 6.04992E-2 5.24745E-2 5.21914E-2 8.66243E-2 4.86551E-2 4.66809E-2 4.48415E-2 4.65464E-2 5.37253E-2 7.92726E-2 6.526E-2 5.08388E-2 5.23008E-2 4.25094E-2 4.21299E-2 3.73108E-2 3.28548E-2
9.57515E-2 9.15303E-2 9.04051E-2 9.93986E-2 9.4763E-2 9.70163E-2 1.01947E-1 1.00249E-1 1.05224E-1 1.45023E-1 1.49459E-1 1.62546E-1 1.61994E-1 1.41266E-1 1.68847E-1 1.30048E-1 1.2866E-1 1.21801E-1 1.21471E-1 1.20771E-1 1.28288E-1 1.20845E-1 1.15406E-1 1.11813E-1 1.15858E-1 1.0045E-1 9.68938E-2 9.6152E-2 1.09587E-1 9.90486E-2 1.12667E-1 9.49708E-2 1.26414E-1 1.05612E-1 1.24181E-1 9.11536E-2 8.16989E-2 9.70597E-2 7.66282E-2 7.18987E-2 7.09807E-2 1.05087E-1 6.60971E-2 7.52151E-2 1.88814E-1 5.73662E-2 5.59119E-2 5.60278E-2 6.05918E-2 5.12933E-2 4.06511E-2 3.95505E-2 6.88936E-2 7.89717E-2 4.69255E-2 4.514E-2 1.15135E-1 1.16218E-1 4.54576E-2 4.59456E-2 4.51191E-2
1.30564E-1 1.07358E-1 9.36562E-2 1.12969E-1 9.65503E-2 9.77017E-2 1.01173E-1 1.05802E-1 9.41267E-2 2.1968E-1 3.3543E-1 1.66498E-1 1.64079E-1 2.80048E-1 2.97014E-1 1.98091E-1 1.19603E-1 1.29982E-1 1.11755E-1 1.12142E-1 1.0968E-1 1.15827E-1 1.23346E-1 1.12726E-1 1.21695E-1 1.12503E-1 1.17209E-1 1.24781E-1 1.35185E-1 1.01425E-1 1.0143E-1 1.32157E-1 9.89358E-2 9.08013E-2 1.37075E-1 1.44713E-1 9.00076E-2 7.93967E-2 7.45189E-2 7.60888E-2 7.0229E-2 2.04612E-1 1.07614E-1 1.29036E-1 1.14779E-1 5.77446E-2 5.43584E-2 5.41037E-2 4.75416E-2 4.75484E-2 4.74593E-2 4.68577E-2 5.43869E-2 6.26352E-2 6.2613E-2 6.18441E-2 4.82845E-2 4.82684E-2 7.31247E-2 1.07717E-1 4.09411E-2
1.11101E-1 8.92664E-2 8.95423E-2 1.1582E-1 9.5985E-2 1.0151E-1 9.88352E-2 1.09551E-1 1.55916E-1 1.7618E-1 2.63638E-1 1.61131E-1 2.22688E-1 1.67994E-1 1.40604E-1 2.63019E-1 2.44838E-1 1.42808E-1 1.12976E-1 1.13434E-1 1.10739E-1 1.06783E-1 1.16118E-1 1.24438E-1 1.19941E-1 1.14419E-1 1.01938E-1 1.16804E-1 1.21807E-1 1.23373E-1 9.90693E-2 9.38186E-2 1.49072E-1 9.85994E-2 1.0802E-1 1.21262E-1 8.83528E-2 7.89977E-2 9.93573E-2 1.17149E-1 6.96617E-2 9.98451E-2 1.00012E-1 7.17985E-2 9.38661E-2 7.55987E-2 5.97022E-2 5.27223E-2 5.13305E-2 4.7539E-2 4.67018E-2 4.63901E-2 6.78593E-2 6.43052E-2 6.38414E-2 4.66713E-2 4.67766E-2 4.36026E-2 3.98179E-2 4.58754E-2 4.03012E-2
9.69402E-2 9.31699E-2 1.0333E-1 9.92805E-2 9.99557E-2 1.01848E-1 1.0544E-1 1.09504E-1 1.4164E-1 1.22087E-1 1.9518E-1 1.84353E-1 2.80806E-1 1.51641E-1 1.49207E-1 1.47338E-1 1.14728E-1 1.1179E-1 1.09144E-1 1.10907E-1 1.10428E-1 1.22604E-1 1.32288E-1 1.38908E-1 1.55894E-1 1.06625E-1 1.17497E-1 1.22244E-1 1.23244E-1 1.53981E-1 1.11812E-1 2.11484E-1 2.01877E-1 8.68265E-2 1.10096E-1 1.134E-1 9.0963E-2 7.82033E-2 8.51733E-2 7.63719E-2 7.11542E-2 7.76521E-2 1.73226E-1 2.16235E-1 6.22103E-2 6.04526E-2 6.1581E-2 5.99776E-2 4.93335E-2 4.05499E-2 4.73228E-2 5.05805E-2 5.10985E-2 6.27038E-2 8.76244E-2 6.68501E-2 4.84889E-2 5.15034E-2 5.87352E-2 4.49802E-2 3.90513E-2
9.23705E-2 9.15884E-2 9.93248E-2 9.98006E-2 1.0904E-1 1.10475E-1 1.10105E-1 1.20151E-1 1.78339E-1 2.42573E-1 2.72382E-1 2.14885E-1 2.23281E-1 1.36596E-1 1.52564E-1 1.22789E-1 1.11103E-1 1.12641E-1 1.11933E-1 1.35985E-1 1.07797E-1 1.10161E-1 1.12441E-1 1.41973E-1 1.25319E-1 1.20983E-1 1.1253E-1 1.03556E-1 1.3443E-1 1.64142E-1 2.2025E-1 2.69204E-1 1.09573E-1 8.83434E-2 1.23883E-1 1.04544E-1 1.46962E-1 8.36446E-2 8.09817E-2 7.79692E-2 7.33263E-2 7.39135E-2 8.36499E-2 1.09626E-1 6.14487E-2 6.25604E-2 5.99093E-2 5.65036E-2 5.01389E-2 5.20997E-2 5.82457E-2 5.64709E-2 6.3073E-2 8.01666E-2 9.40973E-2 1.30007E-1 8.21284E-2 4.82409E-2 5.80343E-2 5.92327E-2 5.44882E-2
9.92842E-2 1.00295E-1 9.48048E-2 1.10083E-1 1.12043E-1 1.09549E-1 1.0348E-1 1.33096E-1 1.52142E-1 1.71673E-1 1.13455E-1 1.34469E-1 1.34655E-1 1.07913E-1 1.40351E-1 1.22088E-1 1.11361E-1 1.12358E-1 1.15343E-1 1.1479E-1 1.05643E-1 1.079E-1 1.27312E-1 1.47793E-1 1.14934E-1 1.13662E-1 1.17923E-1 1.16887E-1 1.35616E-1 1.70645E-1 1.14368E-1 1.10529E-1 1.11217E-1 1.6215E-1 9.00126E-2 9.90396E-2 9.60233E-2 9.24423E-2 8.34391E-2 7.76698E-2 7.34677E-2 7.52055E-2 7.45655E-2 7.32244E-2 6.51675E-2 6.39461E-2 5.79343E-2 5.51385E-2 5.30649E-2 5.68267E-2 5.15833E-2 5.34858E-2 5.29925E-2 6.00692E-2 8.01962E-2 8.77828E-2 6.57149E-2 6.29201E-2 6.23544E-2 5.09144E-2 4.11096E-2
1.05377E-1 1.04923E-1 1.16169E-1 1.10166E-1 1.15944E-1 1.0922E-1 1.099E-1 1.40928E-1 1.6814E-1 1.33927E-1 1.30236E-1 1.0666E-1 1.02299E-1 1.39744E-1 1.67282E-1 1.15101E-1 1.09451E-1 1.24718E-1 2.43574E-1 2.92342E-1 1.24606E-1 1.14508E-1 1.25446E-1 1.20596E-1 1.8474E-1 1.17418E-1 1.31628E-1 1.2727E-1 1.13683E-1 2.53792E-1 1.41563E-1 9.20924E-2 1.09942E-1 1.03948E-1 9.42467E-2 8.67051E-2 9.94756E-2 8.78396E-2 8.40018E-2 7.73401E-2 8.84819E-2 8.35685E-2 7.52641E-2 7.20445E-2 7.30137E-2 6.79966E-2 6.383E-2 6.63495E-2 6.00572E-2 5.88302E-2 5.85141E-2 5.18131E-2 5.87014E-2 1.15605E-1 5.47589E-2 4.90955E-2 5.76472E-2 5.42574E-2 5.04319E-2 4.70818E-2 4.18536E-2
1.0317E-1 1.22973E-1 1.25051E-1 1.23778E-1 1.18283E-1 1.13079E-1 1.20849E-1 1.19958E-1 1.37708E-1 2.31122E-1 1.68356E-1 1.3618E-1 1.23601E-1 1.18647E-1 1.27832E-1 1.6647E-1 1.22585E-1 1.88885E-1 3.23249E-1 2.90593E-1 3.16472E-1 1.13629E-1 1.14365E-1 1.09636E-1 1.51578E-1 1.17855E-1 1.54675E-1 1.23165E-1 1.1412E-1 1.4069E-1 1.07435E-1 1.35893E-1 9.69486E-2 9.27311E-2 9.35149E-2 9.1567E-2 8.60524E-2 8.61604E-2 8.271E-2 8.19017E-2 7.6006E-2 7.73568E-2 1.03292E-1 7.20254E-2 6.97101E-2 7.08359E-2 6.77641E-2 6.44051E-2 6.30367E-2 6.02434E-2 5.76593E-2 5.19078E-2 5.38716E-2 5.20258E-2 6.72762E-2 7.37124E-2 5.35157E-2 5.04489E-2 5.21344E-2 6.15442E-2 4.29845E-2
1.18953E-1 1.22773E-1 1.31034E-1 1.21072E-1 1.63416E-1 1.55755E-1 1.38517E-1 1.64889E-1 1.7777E-1 1.90799E-1 1.62287E-1 1.36177E-1 1.36379E-1 1.61821E-1 1.49408E-1 1.38019E-1 1.46636E-1 1.70107E-1 2.69403E-1 2.37728E-1 2.99993E-1 2.09596E-1 1.13702E-1 1.07091E-1 1.59944E-1 1.15678E-1 1.6587E-1 1.29962E-1 1.40448E-1 1.07655E-1 1.01226E-1 1.23292E-1 1.12959E-1 9.76459E-2 9.63691E-2 9.07011E-2 8.87245E-2 9.03702E-2 8.40077E-2 8.31888E-2 8.2186E-2 7.6891E-2 7.81676E-2 6.97833E-2 6.53526E-2 6.69563E-2 6.18151E-2 6.41733E-2 6.20793E-2 5.51967E-2 5.6996E-2 7.13948E-2 5.3906E-2 7.16492E-2 9.82107E-2 7.30857E-2 5.78887E-2 5.19919E-2 5.66173E-2 4.74358E-2 4.63668E-2
1.27665E-1 1.29065E-1 1.33928E-1 1.38225E-1 1.79279E-1 2.14073E-1 1.58174E-1 1.33825E-1 1.16979E-1 1.18908E-1 1.17579E-1 1.1519E-1 1.15811E-1 1.10963E-1 1.15271E-1 1.19122E-1 1.18304E-1 2.608E-1 2.40527E-1 1.61695E-1 1.21123E-1 1.20712E-1 1.1843E-1 1.1142E-1 1.1993E-1 1.11835E-1 1.20163E-1 2.35162E-1 1.21044E-1 1.51058E-1 1.07984E-1 1.22166E-1 1.00227E-1 9.65107E-2 9.4288E-2 9.30983E-2 8.5171E-2 8.58866E-2 8.66225E-2 8.42749E-2 8.39135E-2 8.22953E-2 7.78225E-2 7.44659E-2 7.15201E-2 6.92265E-2 5.74837E-2 6.11638E-2 6.34375E-2 6.0397E-2 7.43863E-2 1.49485E-1 5.70545E-2 6.95048E-2 8.10562E-2 6.42225E-2 5.36727E-2 5.06992E-2 5.14337E-2 4.6966E-2 4.3699E-2
1.34054E-1 1.35258E-1 1.32246E-1 1.32498E-1 1.36287E-1 2.88306E-1 1.51322E-1 1.21627E-1 1.23032E-1 1.2021E-1 1.20686E-1 1.20789E-1 1.2023E-1 1.2103E-1 1.16718E-1 1.13781E-1 1.8813E-1 2.97455E-1 3.09486E-1 2.80962E-1 2.06736E-1 2.29746E-1 1.14704E-1 1.16687E-1 1.27892E-1 1.15418E-1 1.18544E-1 1.93061E-1 1.53274E-1 1.27534E-1 1.12883E-1 1.15086E-1 1.11731E-1 1.00316E-1 9.69544E-2 9.64611E-2 8.73303E-2 8.79482E-2 8.57108E-2 8.50281E-2 8.30566E-2 8.07158E-2 7.99676E-2 7.10177E-2 7.19648E-2 6.99169E-2 6.91524E-2 6.73271E-2 8.42779E-2 5.98317E-2 1.1716E-1 1.10349E-1 5.96202E-2 1.15421E-1 6.03966E-2 5.60958E-2 5.07053E-2 4.93007E-2 4.90198E-2 4.82169E-2 4.60538E-2
1.37244E-1 1.34069E-1 1.3291E-1 1.30162E-1 1.28458E-1 1.46509E-1 1.28074E-1 1.24739E-1 1.25758E-1 1.21074E-1 1.16383E-1 1.04281E-1 1.11325E-1 1.14018E-1 1.15119E-1 1.29524E-1 3.16445E-1 3.2711E-1 3.27242E-1 1.64385E-1 1.44767E-1 1.60365E-1 1.17722E-1 1.34259E-1 2.76246E-1 1.19016E-1 1.20242E-1 1.19645E-1 1.13992E-1 1.14117E-1 1.08971E-1 1.0064E-1 1.05009E-1 1.06564E-1 1.01042E-1 9.84105E-2 8.7617E-2 9.12265E-2 8.8983E-2 8.48842E-2 8.63047E-2 7.83697E-2 7.60307E-2 7.07206E-2 6.83991E-2 6.81876E-2 6.68505E-2 8.00154E-2 1.05254E-1 6.85742E-2 6.23479E-2 5.76175E-2 6.06269E-2 8.46662E-2 6.19091E-2 5.61222E-2 5.23207E-2 5.10665E-2 4.82649E-2 4.86847E-2 5.33152E-2
1.63748E-1 1.37883E-1 1.3035E-1 1.30719E-1 1.68127E-1 2.29029E-1 1.29152E-1 1.24705E-1 1.17244E-1 1.14202E-1 1.34799E-1 1.15078E-1 1.01735E-1 1.00039E-1 1.1512E-1 1.22058E-1 1.86859E-1 2.87292E-1 3.07512E-1 1.22462E-1 1.19998E-1 1.13861E-1 1.24086E-1 1.24383E-1 1.2702E-1 1.26121E-1 1.31148E-1 1.18004E-1 1.15959E-1 1.18858E-1 1.18841E-1 1.13726E-1 9.91362E-2 1.10144E-1 1.11523E-1 9.64109E-2 9.72112E-2 9.79736E-2 8.89052E-2 8.63886E-2 8.51755E-2 8.43167E-2 8.36956E-2 7.82196E-2 7.51527E-2 7.31411E-2 8.54019E-2 6.98727E-2 9.03062E-2 6.42085E-2 6.08447E-2 5.98837E-2 6.30138E-2 6.1027E-2 7.72669E-2 6.75053E-2 4.95935E-2 5.31353E-2 5.13217E-2 5.58634E-2 5.50168E-2
1.41371E-1 1.44821E-1 1.52869E-1 1.38024E-1 1.48141E-1 2.89389E-1 1.27733E-1 1.23384E-1 1.30405E-1 1.2237E-1 1.07787E-1 1.51001E-1 1.17287E-1 1.0577E-1 1.12149E-1 1.14915E-1 1.21303E-1 1.42344E-1 1.44875E-1 1.25437E-1 1.20074E-1 1.16509E-1 1.23295E-1 1.62042E-1 1.27044E-1 1.21572E-1 1.24862E-1 1.2389E-1 1.18171E-1 1.1713E-1 1.23277E-1 1.26937E-1 1.20935E-1 1.0463E-1 1.03719E-1 9.9048E-2 9.05349E-2 9.33041E-2 9.21841E-2 9.27879E-2 8.61023E-2 1.03812E-1 1.07289E-1 8.80328E-2 9.10875E-2 8.56681E-2 9.69061E-2 1.38466E-1 7.99987E-2 6.8264E-2 6.49027E-2 6.40071E-2 6.23575E-2 6.38039E-2 9.1984E-2 1.50576E-1 5.81199E-2 5.2086E-2 5.23231E-2 4.96877E-2 8.03804E-2
1.46898E-1 1.47997E-1 1.50154E-1 1.3816E-1 1.29307E-1 1.23419E-1 1.19698E-1 1.17138E-1 1.10081E-1 1.21309E-1 1.16765E-1 1.99519E-1 1.39094E-1 1.09084E-1 1.16326E-1 1.13808E-1 1.20832E-1 1.40644E-1 1.28734E-1 2.16587E-1 1.51077E-1 2.50065E-1 1.30395E-1 1.57823E-1 1.94434E-1 1.60236E-1 1.21933E-1 1.3029E-1 1.23712E-1 1.19938E-1 1.23556E-1 1.20362E-1 1.20629E-1 1.10833E-1 1.11751E-1 9.56936E-2 9.96967E-2 9.81841E-2 9.61853E-2 9.40518E-2 8.82211E-2 9.33818E-2 1.03412E-1 2.18402E-1 1.41516E-1 9.06872E-2 8.15857E-2 6.97053E-2 7.54334E-2 7.12969E-2 6.9579E-2 6.81808E-2 6.21001E-2 6.28022E-2 6.81245E-2 8.27708E-2 7.48691E-2 5.79309E-2 5.88099E-2 5.41738E-2 8.45491E-2
1.60368E-1 1.72871E-1 1.45797E-1 1.44933E-1 1.25808E-1 1.25472E-1 1.17472E-1 1.3903E-1 2.23293E-1 1.53851E-1 1.19043E-1 3.43039E-1 2.06519E-1 1.17266E-1 1.64623E-1 1.1603E-1 1.7717E-1 1.25288E-1 1.68751E-1 1.43516E-1 1.83371E-1 2.33297E-1 2.1608E-1 1.47384E-1 2.7676E-1 2.99395E-1 2.4769E-1 1.37273E-1 1.3247E-1 1.2813E-1 1.56133E-1 1.28691E-1 1.20978E-1 1.09613E-1 1.46161E-1 1.74787E-1 1.28363E-1 1.00262E-1 9.14561E-2 9.45049E-2 9.47266E-2 9.17353E-2 1.00078E-1 2.33153E-1 1.91093E-1 1.09033E-1 8.29549E-2 8.1555E-2 8.27671E-2 7.09036E-2 6.94047E-2 5.85791E-2 6.38505E-2 6.45898E-2 6.65383E-2 6.60343E-2 6.33147E-2 5.60023E-2 5.4672E-2 5.48826E-2 6.23486E-2
1.87048E-1 1.68299E-1 1.70041E-1 1.41014E-1 1.35164E-1 1.35049E-1 1.41738E-1 1.52012E-1 1.63254E-1 1.36393E-1 1.96512E-1 2.84906E-1 1.49264E-1 2.16807E-1 1.96873E-1 1.65807E-1 1.33456E-1 1.33483E-1 1.29568E-1 1.34964E-1 1.30149E-1 1.71086E-1 1.27383E-1 1.23048E-1 1.91921E-1 2.63227E-1 1.71067E-1 1.1785E-1 1.29926E-1 1.28865E-1 1.29188E-1 1.28257E-1 1.22629E-1 1.35142E-1 2.58606E-1 2.67709E-1 1.57166E-1 9.99044E-2 9.02534E-2 8.7112E-2 9.13977E-2 9.40264E-2 8.88079E-2 8.84512E-2 7.86868E-2 7.30225E-2 7.68568E-2 7.39481E-2 6.79964E-2 6.59257E-2 7.11155E-2 7.47035E-2 7.41087E-2 7.45605E-2 6.19758E-2 6.37254E-2 6.23135E-2 5.84537E-2 5.69411E-2 5.85074E-2 6.02974E-2
1.58842E-1 1.54352E-1 1.50898E-1 1.4226E-1 1.39092E-1 1.48727E-1 2.72084E-1 1.64029E-1 1.25826E-1 1.45166E-1 2.33867E-1 1.33071E-1 1.93401E-1 3.63378E-1 3.58316E-1 3.11266E-1 1.29528E-1 1.6127E-1 1.48472E-1 1.3257E-1 1.37511E-1 1.42134E-1 2.13661E-1 1.43033E-1 1.32416E-1 1.27503E-1 1.28033E-1 1.30181E-1 1.29209E-1 1.23412E-1 1.35921E-1 1.66614E-1 1.36292E-1 1.83431E-1 2.92074E-1 2.71562E-1 1.89123E-1 1.07972E-1 9.41208E-2 8.8824E-2 9.89662E-2 2.21292E-1 9.24688E-2 8.69832E-2 8.83775E-2 8.3023E-2 8.59513E-2 8.40315E-2 7.4268E-2 6.83196E-2 7.53276E-2 7.11731E-2 7.0141E-2 6.70786E-2 6.68942E-2 6.62002E-2 6.46537E-2 6.22704E-2 6.05221E-2 5.79468E-2 5.47675E-2
1.61408E-1 1.54136E-1 1.59205E-1 1.76705E-1 1.8052E-1 1.4811E-1 2.09014E-1 2.20275E-1 1.30795E-1 1.29432E-1 1.41928E-1 1.23588E-1 1.67715E-1 3.0939E-1 1.44262E-1 1.26192E-1 1.16122E-1 1.31045E-1 1.39921E-1 1.6919E-1 1.41812E-1 1.63554E-1 1.33901E-1 1.33442E-1 1.28857E-1 1.35198E-1 1.33411E-1 2.14136E-1 1.38733E-1 1.26756E-1 2.03993E-1 2.09207E-1 1.31338E-1 1.17486E-1 1.74063E-1 2.56026E-1 2.13958E-1 1.21479E-1 9.7468E-2 9.97725E-2 9.7071E-2 1.31995E-1 9.45657E-2 8.55578E-2 8.34849E-2 8.14388E-2 8.44487E-2 7.83112E-2 8.69386E-2 7.40507E-2 8.23208E-2 6.52345E-2 6.71292E-2 7.05072E-2 6.97292E-2 6.63317E-2 6.41639E-2 6.2404E-2 5.97769E-2 5.68203E-2 5.7717E-2
1.84578E-1 1.70176E-1 1.69486E-1 1.5959E-1 1.3738E-1 1.66199E-1 2.79786E-1 2.92491E-1 1.22482E-1 1.74815E-1 1.65239E-1 1.37238E-1 1.34178E-1 1.42859E-1 1.26463E-1 1.22116E-1 1.28203E-1 1.39594E-1 1.44674E-1 1.56607E-1 1.52274E-1 1.56705E-1 1.30898E-1 1.31721E-1 1.27754E-1 1.31531E-1 1.37437E-1 1.4153E-1 1.38754E-1 1.29175E-1 1.39895E-1 1.6629E-1 1.70269E-1 1.53592E-1 1.15079E-1 1.16045E-1 1.37194E-1 1.50643E-1 9.75875E-2 1.01657E-1 1.05833E-1 1.04824E-1 9.80471E-2 9.4501E-2 9.30782E-2 8.76311E-2 8.92178E-2 8.28611E-2 8.1235E-2 8.24386E-2 7.41255E-2 7.63984E-2 6.3937E-2 6.30409E-2 6.99712E-2 6.78351E-2 6.3308E-2 6.57566E-2 6.34096E-2 5.42891E-2 5.69138E-2
2.34068E-1 2.28217E-1 2.09655E-1 1.98725E-1 1.86746E-1 1.4212E-1 1.40705E-1 1.44315E-1 1.35117E-1 1.34563E-1 1.34902E-1 1.3003E-1 1.3988E-1 1.37389E-1 1.31826E-1 1.37251E-1 1.57386E-1 1.50625E-1 1.34808E-1 1.43776E-1 1.59466E-1 1.40261E-1 1.38835E-1 1.4182E-1 1.51141E-1 2.99303E-1 1.52394E-1 1.3668E-1 1.68869E-1 2.65595E-1 1.88823E-1 1.70087E-1 1.65802E-1 1.20327E-1 1.2028E-1 1.16215E-1 2.40971E-1 2.88009E-1 1.21933E-1 1.11961E-1 1.15412E-1 1.04836E-1 1.01947E-1 1.04786E-1 1.01105E-1 9.75023E-2 9.24592E-2 9.22418E-2 8.42813E-2 8.27192E-2 7.95963E-2 8.64602E-2 9.76311E-2 7.22079E-2 7.69861E-2 7.42061E-2 7.77462E-2 6.46307E-2 6.07621E-2 6.32357E-2 9.1484E-2
2.28381E-1 2.19146E-1 3.28679E-1 2.64614E-1 2.34878E-1 1.70896E-1 1.36296E-1 1.37782E-1 1.34E-1 1.34956E-1 1.42012E-1 1.48634E-1 1.45157E-1 1.41805E-1 1.40518E-1 1.37419E-1 1.46308E-1 1.36795E-1 1.50837E-1 1.53232E-1 1.82966E-1 1.54785E-1 1.44234E-1 1.86164E-1 2.40787E-1 1.95729E-1 2.58186E-1 1.5816E-1 1.48893E-1 2.23101E-1 1.44851E-1 1.45237E-1 1.35246E-1 1.24024E-1 1.20644E-1 1.17137E-1 3.05307E-1 2.93873E-1 1.18661E-1 1.10851E-1 1.04397E-1 1.07852E-1 1.11652E-1 1.1555E-1 1.1393E-1 1.07712E-1 9.97583E-2 9.39321E-2 8.68487E-2 8.1723E-2 8.04464E-2 7.57486E-2 1.11388E-1 7.73979E-2 7.41216E-2 7.17651E-2 7.70724E-2 7.10555E-2 6.43362E-2 6.85324E-2 6.25468E-2
3.59282E-1 2.20648E-1 3.41275E-1 2.98964E-1 2.53408E-1 2.85112E-1 1.98118E-1 1.58991E-1 1.22998E-1 1.5516E-1 1.74447E-1 1.49694E-1 1.53191E-1 1.62806E-1 1.50974E-1 1.51574E-1 1.46254E-1 1.53207E-1 1.69925E-1 1.75874E-1 1.60895E-1 1.60195E-1 1.49623E-1 1.4374E-1 1.49593E-1 1.42672E-1 1.42817E-1 2.22627E-1 1.41832E-1 1.23866E-1 2.05537E-1 1.61051E-1 1.30464E-1 1.23869E-1 1.22354E-1 1.20425E-1 3.33374E-1 3.09542E-1 1.39306E-1 1.14324E-1 1.15013E-1 1.20455E-1 1.2377E-1 1.21256E-1 1.20453E-1 1.14309E-1 1.0622E-1 9.80706E-2 8.8117E-2 8.48722E-2 8.17462E-2 8.04473E-2 7.92985E-2 9.70383E-2 8.67457E-2 7.89968E-2 7.82887E-2 7.68487E-2 8.27508E-2 6.55904E-2 6.61841E-2
4.47471E-1 4.2062E-1 4.34593E-1 4.08532E-1 2.79139E-1 2.5273E-1 2.32276E-1 1.82172E-1 1.75542E-1 1.69842E-1 1.52427E-1 1.61751E-1 1.58849E-1 1.8406E-1 1.72504E-1 1.7255E-1 1.7693E-1 1.56917E-1 1.61629E-1 1.64031E-1 1.5175E-1 1.55033E-1 1.47448E-1 1.72777E-1 1.67513E-1 1.48779E-1 1.62394E-1 1.68501E-1 1.54147E-1 1.38859E-1 1.51691E-1 1.38347E-1 1.38434E-1 1.27497E-1 1.20677E-1 1.17301E-1 1.02057E-1 1.16025E-1 1.18012E-1 1.22894E-1 1.22353E-1 1.27125E-1 1.25517E-1 1.2625E-1 1.29569E-1 1.15535E-1 1.08167E-1 1.00792E-1 9.47872E-2 8.56363E-2 8.57209E-2 8.49038E-2 9.11683E-2 1.86093E-1 2.31743E-1 9.85527E-2 8.71787E-2 8.20115E-2 7.18349E-2 7.20324E-2 7.07691E-2
