Candidate_Models_July82022/M_3_F_lqp_Set_1_cal/Bison.asc
ncols         290
nrows         380
xllcorner     -2197417.7431653
yllcorner     -584827.01486885
cellsize      10000.0
NODATA_value  -9999
[rows 297 to 323 of 380, columns 0 to 60 of 290]
-9999 -9999 -9999 -9999 -9999 -9999 -9999 -9999 -9999 -9999 -9999 -9999 -9999 -9999 -9999 -9999 -9999 -9999 -9999 -9999 -9999 -9999 -9999 -9999 -9999 -9999 -9999 -9999 -9999 -9999 -9999 -9999 4.44317E-2 5.01452E-2 4.99136E-2 4.62139E-2 5.26049E-2 9.78419E-2 2.26133E-1 2.46538E-1 2.45055E-1 2.47695E-1 1.77786E-1 1.92839E-1 5.95845E-2 5.02582E-2 5.70606E-2 5.43934E-2 6.69933E-2 9.06413E-2 7.79352E-2 8.43077E-2 1.49557E-1 1.82203E-1 4.50662E-1 4.06653E-1 2.36716E-1 1.63884E-1 2.41747E-1 4.40191E-1 1.9741E-1
-9999 -9999 -9999 -9999 -9999 -9999 -9999 -9999 -9999 -9999 -9999 -9999 -9999 -9999 -9999 -9999 -9999 -9999 -9999 -9999 -9999 -9999 -9999 -9999 -9999 -9999 -9999 -9999 -9999 -9999 -9999 -9999 4.76104E-2 4.56703E-2 4.49003E-2 5.07797E-2 6.40082E-2 8.69508E-2 2.28672E-1 2.19668E-1 2.2274E-1 1.75406E-1 2.27916E-1 1.18357E-1 8.41965E-2 7.57407E-2 6.39275E-2 4.94005E-2 6.38094E-2 7.74184E-2 8.83944E-2 1.71682E-1 1.57273E-1 1.96098E-1 3.67388E-1 2.49704E-1 1.84029E-1 2.01533E-1 2.40353E-1 3.74078E-1 1.15319E-1
-9999 -9999 -9999 -9999 -9999 -9999 -9999 -9999 -9999 -9999 -9999 -9999 -9999 -9999 -9999 -9999 -9999 -9999 -9999 -9999 -9999 -9999 -9999 -9999 -9999 -9999 -9999 -9999 -9999 -9999 -9999 -9999 3.85471E-2 3.53008E-2 3.8533E-2 4.86574E-2 7.47464E-2 8.84458E-2 2.52868E-1 2.5471E-1 2.11531E-1 2.00809E-1 2.32188E-1 1.14319E-1 7.13043E-2 5.90825E-2 3.88878E-2 3.49127E-2 5.23817E-2 6.72517E-2 7.38955E-2 1.71099E-1 2.21555E-1 1.92108E-1 2.22285E-1 1.4401E-1 1.84049E-1 1.80883E-1 2.28039E-1 3.0508E-1 1.38361E-1
-9999 -9999 -9999 -9999 -9999 -9999 -9999 -9999 -9999 -9999 -9999 -9999 -9999 -9999 -9999 -9999 -9999 -9999 -9999 -9999 -9999 -9999 -9999 -9999 -9999 -9999 -9999 -9999 -9999 -9999 -9999 4.06535E-2 3.80709E-2 3.24235E-2 3.9167E-2 5.03391E-2 9.89794E-2 2.34881E-1 2.37688E-1 2.17098E-1 1.80532E-1 1.91116E-1 1.51075E-1 5.93336E-2 5.23013E-2 5.67933E-2 4.53345E-2 4.97647E-2 8.48735E-2 3.64553E-2 5.98051E-2 1.56191E-1 2.50402E-1 1.6018E-1 2.064E-1 1.47378E-1 1.80668E-1 1.94186E-1 2.09963E-1 1.70451E-1 1.08974E-1
-9999 -9999 -9999 -9999 -9999 -9999 -9999 -9999 -9999 -9999 -9999 -9999 -9999 -9999 -9999 -9999 -9999 -9999 -9999 -9999 -9999 -9999 -9999 -9999 -9999 -9999 -9999 -9999 -9999 -9999 -9999 3.47744E-2 3.80975E-2 3.52714E-2 7.12475E-2 5.29505E-2 9.75465E-2 1.89537E-1 1.8067E-1 1.68733E-1 2.39787E-1 2.31593E-1 9.49197E-2 7.09406E-2 5.79503E-2 5.37501E-2 4.35674E-2 6.79438E-2 6.59313E-2 2.06608E-2 9.47688E-2 1.52245E-1 2.04246E-1 1.7703E-1 1.57552E-1 1.21399E-1 1.9535E-1 1.95698E-1 2.31519E-1 2.2396E-1 1.30518E-1
-9999 -9999 -9999 -9999 -9999 -9999 -9999 -9999 -9999 -9999 -9999 -9999 -9999 -9999 -9999 -9999 -9999 -9999 -9999 -9999 -9999 -9999 -9999 -9999 -9999 -9999 -9999 -9999 -9999 -9999 3.13065E-2 3.9225E-2 4.02042E-2 3.86052E-2 3.54909E-2 4.42391E-2 2.33087E-1 1.84333E-1 1.74774E-1 2.19042E-1 1.13407E-1 2.10605E-1 8.03078E-2 6.14479E-2 5.52535E-2 4.39707E-2 7.12149E-2 7.41113E-2 4.15023E-2 5.4635E-2 1.16561E-1 1.10815E-1 1.76856E-1 1.56737E-1 4.43954E-1 2.19437E-1 1.79777E-1 2.37488E-1 2.03258E-1 3.0713E-1 1.43386E-1
-9999 -9999 -9999 -9999 -9999 -9999 -9999 -9999 -9999 -9999 -9999 -9999 -9999 -9999 -9999 -9999 -9999 -9999 -9999 -9999 -9999 -9999 -9999 -9999 -9999 -9999 -9999 -9999 -9999 -9999 4.05737E-2 3.61961E-2 4.0541E-2 4.3422E-2 5.83249E-2 5.35358E-2 2.34907E-1 2.0238E-1 1.70258E-1 1.91865E-1 1.64032E-1 2.06514E-1 7.42674E-2 6.96715E-2 5.38616E-2 6.69783E-2 6.40563E-2 7.8088E-2 3.01199E-2 9.84193E-2 1.29329E-1 1.45358E-1 1.67791E-1 1.64699E-1 5.15339E-1 2.69001E-1 1.73909E-1 1.991E-1 2.24687E-1 1.63926E-1 0E0
-9999 -9999 -9999 -9999 -9999 -9999 -9999 -9999 -9999 -9999 -9999 -9999 -9999 -9999 -9999 -9999 -9999 -9999 -9999 -9999 -9999 -9999 -9999 -9999 -9999 -9999 -9999 -9999 -9999 4.53247E-2 4.75282E-2 3.19333E-2 3.4019E-2 3.6206E-2 5.83992E-2 6.6457E-2 2.4693E-1 2.06904E-1 2.2143E-1 7.39594E-2 5.96363E-2 5.08877E-2 5.88335E-2 5.97798E-2 5.5987E-2 6.83531E-2 5.02376E-2 6.88081E-2 5.7137E-2 1.46998E-1 1.40526E-1 1.65057E-1 1.88894E-1 4.65736E-1 3.58658E-1 2.06134E-1 1.9382E-1 1.77929E-1 2.28251E-1 1.45361E-1 1.27206E-1
-9999 -9999 -9999 -9999 -9999 -9999 -9999 -9999 -9999 -9999 -9999 -9999 -9999 -9999 -9999 -9999 -9999 -9999 -9999 -9999 -9999 -9999 -9999 -9999 -9999 -9999 -9999 -9999 -9999 3.89266E-2 3.52325E-2 3.83055E-2 4.28172E-2 4.76913E-2 5.18755E-2 1.33559E-1 2.10592E-1 2.07183E-1 1.71749E-1 1.38298E-1 6.5075E-2 6.35378E-2 5.45534E-2 6.13274E-2 4.14294E-2 5.41732E-2 6.01985E-2 7.22166E-2 5.3053E-2 1.64649E-1 1.88536E-1 1.95359E-1 2.54695E-1 4.0686E-1 2.0697E-1 2.22557E-1 2.29683E-1 1.78012E-1 1.78564E-1 1.59624E-1 1.46358E-1
-9999 -9999 -9999 -9999 -9999 -9999 -9999 -9999 -9999 -9999 -9999 -9999 -9999 -9999 -9999 -9999 -9999 -9999 -9999 -9999 -9999 -9999 -9999 -9999 -9999 -9999 -9999 -9999 -9999 3.52716E-2 4.16517E-2 4.11062E-2 4.79332E-2 4.41066E-2 5.30703E-2 1.04471E-1 1.9163E-1 9.1419E-2 1.81745E-1 1.71311E-1 8.66911E-2 5.82666E-2 4.67296E-2 5.01443E-2 5.84047E-2 4.29081E-2 6.46707E-2 3.74142E-2 5.23621E-2 1.75367E-1 2.14151E-1 2.16072E-1 2.8661E-1 3.50156E-1 2.23328E-1 1.93837E-1 1.73646E-1 1.73739E-1 2.44645E-1 1.79509E-1 1.73656E-1
-9999 -9999 -9999 -9999 -9999 -9999 -9999 -9999 -9999 -9999 -9999 -9999 -9999 -9999 -9999 -9999 -9999 -9999 -9999 -9999 -9999 -9999 -9999 -9999 -9999 -9999 -9999 -9999 4.40727E-2 4.28238E-2 3.50524E-2 3.83514E-2 4.7278E-2 4.85058E-2 5.45995E-2 7.3163E-2 7.40516E-2 2.27084E-1 2.15429E-1 1.52401E-1 6.29071E-2 5.54583E-2 4.22696E-2 4.52594E-2 4.55976E-2 3.36562E-2 6.25267E-2 1.99828E-2 5.92032E-2 1.6033E-1 2.59447E-1 2.30706E-1 3.02442E-1 4.70357E-1 4.40359E-1 5.42798E-1 2.14187E-1 1.68778E-1 1.9515E-1 1.99118E-1 2.11011E-1
-9999 -9999 -9999 -9999 -9999 -9999 -9999 -9999 -9999 -9999 -9999 -9999 -9999 -9999 -9999 -9999 -9999 -9999 -9999 -9999 -9999 -9999 -9999 -9999 -9999 -9999 -9999 -9999 3.42013E-2 3.70685E-2 3.04692E-2 4.42359E-2 4.53302E-2 4.21207E-2 5.588E-2 7.18528E-2 7.61523E-2 1.72827E-1 6.02671E-2 1.0142E-1 5.78747E-2 5.44926E-2 4.94603E-2 5.46486E-2 5.17004E-2 4.54059E-2 6.33522E-2 2.34045E-2 1.02987E-1 9.33151E-2 2.12659E-1 3.86801E-1 2.97731E-1 3.37777E-1 4.99988E-1 2.65148E-1 3.05003E-1 2.12599E-1 2.02634E-1 1.92511E-1 4.02175E-1
-9999 -9999 -9999 -9999 -9999 -9999 -9999 -9999 -9999 -9999 -9999 -9999 -9999 -9999 -9999 -9999 -9999 -9999 -9999 -9999 -9999 -9999 -9999 -9999 -9999 -9999 -9999 5.29756E-2 3.71428E-2 4.04855E-2 4.46164E-2 4.54948E-2 1.06968E-1 4.60606E-2 6.95625E-2 5.36665E-2 7.8817E-2 1.33482E-1 5.76805E-2 6.1093E-2 5.27947E-2 5.5917E-2 5.50869E-2 6.04756E-2 5.07508E-2 6.33882E-2 4.58074E-2 5.38631E-2 3.50667E-2 1.43715E-1 2.12193E-1 2.30503E-1 2.83615E-1 2.96294E-1 2.31978E-1 1.9137E-1 2.25878E-1 2.38795E-1 2.449E-1 2.45116E-1 3.59939E-1
-9999 -9999 -9999 -9999 -9999 -9999 -9999 -9999 -9999 -9999 -9999 -9999 -9999 -9999 -9999 -9999 -9999 -9999 -9999 -9999 -9999 -9999 -9999 -9999 -9999 -9999 0E0 4.19209E-2 2.96892E-2 3.82242E-2 4.98592E-2 4.61714E-2 7.33865E-2 5.10432E-2 1.31838E-1 1.09547E-1 6.1607E-2 5.39661E-2 5.94505E-2 5.12755E-2 6.38338E-2 6.60395E-2 5.36729E-2 8.30095E-2 5.04398E-2 3.70802E-2 7.64876E-2 1.26196E-1 1.41456E-1 1.47543E-1 2.19698E-1 2.64374E-1 2.96193E-1 4.05069E-1 2.34815E-1 1.94353E-1 2.06206E-1 1.8221E-1 2.34554E-1 2.50777E-1 2.59302E-1
-9999 -9999 -9999 -9999 -9999 -9999 -9999 -9999 -9999 -9999 -9999 -9999 -9999 -9999 -9999 -9999 -9999 -9999 -9999 -9999 -9999 -9999 -9999 -9999 -9999 3.34621E-2 3.78408E-2 5.95783E-2 4.11132E-2 3.34989E-2 3.64268E-2 4.83232E-2 4.21663E-2 8.05209E-2 1.53231E-1 5.5999E-2 5.30469E-2 4.5805E-2 5.50703E-2 4.65629E-2 5.56376E-2 5.72824E-2 5.27718E-2 6.89395E-2 5.79616E-2 6.7858E-2 1.40206E-1 1.54205E-1 1.90442E-1 2.28827E-1 2.035E-1 2.20519E-1 2.32518E-1 2.09399E-1 2.16508E-1 2.4776E-1 2.34502E-1 1.96386E-1 2.07908E-1 2.40564E-1 3.61293E-1
-9999 -9999 -9999 -9999 -9999 -9999 -9999 -9999 -9999 -9999 -9999 -9999 -9999 -9999 -9999 -9999 -9999 -9999 -9999 -9999 -9999 -9999 -9999 -9999 -9999 0E0 5.65369E-2 3.86395E-2 3.25499E-2 4.19519E-2 3.5212E-2 4.17931E-2 1.28015E-1 1.91836E-1 2.18677E-1 1.21536E-1 4.42561E-2 5.46375E-2 4.90217E-2 5.26165E-2 7.24181E-2 5.64026E-2 5.81335E-2 5.35739E-2 2.8603E-2 6.68893E-2 1.9913E-1 2.4157E-1 2.29874E-1 2.32278E-1 1.71656E-1 2.42789E-1 2.53462E-1 2.48448E-1 2.59327E-1 2.52917E-1 2.53832E-1 2.46368E-1 2.70679E-1 2.57438E-1 2.30586E-1
-9999 -9999 -9999 -9999 -9999 -9999 -9999 -9999 -9999 -9999 -9999 -9999 -9999 -9999 -9999 -9999 -9999 -9999 -9999 -9999 -9999 -9999 -9999 -9999 0E0 4.45908E-2 0E0 5.58342E-2 3.477E-2 3.59904E-2 3.96241E-2 5.8533E-2 1.97776E-1 2.00118E-1 1.76075E-1 1.405E-1 5.84672E-2 4.79229E-2 4.92979E-2 5.9887E-2 5.72962E-2 7.52969E-2 7.03564E-2 2.04462E-2 9.87899E-2 1.32545E-1 1.77146E-1 2.4868E-1 2.70224E-1 2.3414E-1 1.88931E-1 2.31316E-1 2.65081E-1 2.56115E-1 2.60237E-1 2.85186E-1 2.88444E-1 3.04814E-1 2.68627E-1 2.47778E-1 2.71557E-1
-9999 -9999 -9999 -9999 -9999 -9999 -9999 -9999 -9999 -9999 -9999 -9999 -9999 -9999 -9999 -9999 -9999 -9999 -9999 -9999 -9999 -9999 -9999 -9999 9.15768E-2 3.36907E-2 8.57677E-2 3.35244E-2 3.52347E-2 3.85269E-2 4.81851E-2 1.33648E-1 1.92551E-1 1.71393E-1 2.47719E-1 1.47149E-1 4.61392E-2 5.09058E-2 4.75395E-2 5.64763E-2 6.83518E-2 5.4335E-2 4.22187E-2 4.27809E-2 1.45769E-1 1.35641E-1 2.08871E-1 2.78046E-1 2.94736E-1 2.36734E-1 2.4777E-1 2.91019E-1 2.38692E-1 2.91902E-1 3.07436E-1 3.67841E-1 3.17282E-1 3.1625E-1 2.81435E-1 2.86964E-1 3.38407E-1
-9999 -9999 -9999 -9999 -9999 -9999 -9999 -9999 -9999 -9999 -9999 -9999 -9999 -9999 -9999 -9999 -9999 -9999 -9999 -9999 -9999 -9999 -9999 0E0 4.6694E-2 3.95456E-2 6.59761E-2 3.28676E-2 2.98161E-2 7.35401E-2 7.34869E-2 1.19267E-1 1.92966E-1 2.05736E-1 1.01684E-1 5.7134E-2 5.5306E-2 5.57708E-2 5.08686E-2 5.5093E-2 7.1519E-2 8.62673E-2 6.80724E-2 3.69662E-2 1.23295E-1 2.32451E-1 2.625E-1 2.77758E-1 2.69275E-1 2.61281E-1 2.56215E-1 2.69995E-1 2.75807E-1 2.52303E-1 2.9219E-1 3.15849E-1 3.00835E-1 3.57153E-1 3.89257E-1 2.87974E-1 4.07974E-1
-9999 -9999 -9999 -9999 -9999 -9999 -9999 -9999 -9999 -9999 -9999 -9999 -9999 -9999 -9999 -9999 -9999 -9999 -9999 -9999 -9999 -9999 -9999 3.84243E-2 2.76794E-2 3.35142E-2 5.50902E-2 4.2861E-2 5.61993E-2 4.41971E-2 3.97307E-2 4.71204E-2 1.25287E-1 1.16668E-1 6.52279E-2 5.58373E-2 7.46811E-2 5.6358E-2 7.40463E-2 6.01115E-2 7.33483E-2 8.02588E-2 9.49852E-2 4.91161E-2 3.756E-2 2.42372E-1 1.61573E-1 1.88142E-1 2.09923E-1 2.55813E-1 3.00905E-1 2.74913E-1 2.84134E-1 2.75903E-1 2.94643E-1 3.09564E-1 3.17116E-1 2.91128E-1 3.46976E-1 2.86995E-1 2.88625E-1
-9999 -9999 -9999 -9999 -9999 -9999 -9999 -9999 -9999 -9999 -9999 -9999 -9999 -9999 -9999 -9999 -9999 -9999 -9999 -9999 -9999 -9999 -9999 2.43022E-2 2.10306E-2 3.32375E-2 3.15017E-2 4.17331E-2 3.76784E-2 4.57379E-2 4.99338E-2 7.11492E-2 1.59596E-1 1.43502E-1 7.55424E-2 5.45037E-2 6.44847E-2 5.79311E-2 5.75531E-2 5.40286E-2 5.97109E-2 4.40093E-2 9.93617E-2 7.25245E-2 1.78752E-1 2.05117E-1 2.67251E-1 2.61635E-1 2.2096E-1 2.41539E-1 2.99307E-1 3.76024E-1 2.9299E-1 2.88322E-1 2.85751E-1 2.97074E-1 3.13756E-1 3.16824E-1 2.89986E-1 2.74041E-1 2.8744E-1
-9999 -9999 -9999 -9999 -9999 -9999 -9999 -9999 -9999 -9999 -9999 -9999 -9999 -9999 -9999 -9999 -9999 -9999 -9999 -9999 -9999 -9999 -9999 0E0 2.57273E-2 4.09997E-2 3.68082E-2 2.20614E-2 3.27558E-2 4.03092E-2 5.06487E-2 3.99755E-2 4.99825E-2 4.79875E-2 6.65442E-2 6.05471E-2 6.51208E-2 6.87516E-2 6.15453E-2 6.76874E-2 1.00439E-1 7.85193E-2 8.36153E-2 1.90295E-1 2.98738E-1 2.71958E-1 2.44324E-1 2.2637E-1 2.29621E-1 2.82912E-1 2.8017E-1 4.71657E-1 5.25475E-1 3.31584E-1 3.39892E-1 5.01009E-1 3.09521E-1 2.96725E-1 2.99478E-1 3.13913E-1 3.1417E-1
-9999 -9999 -9999 -9999 -9999 -9999 -9999 -9999 -9999 -9999 -9999 -9999 -9999 -9999 -9999 -9999 -9999 -9999 -9999 -9999 -9999 -9999 -9999 2.3849E-2 2.63413E-2 2.7636E-2 2.57308E-2 3.70717E-2 3.01366E-2 3.8338E-2 4.92576E-2 7.24859E-2 8.02936E-2 6.36732E-2 6.85882E-2 6.87052E-2 6.86398E-2 7.76598E-2 8.87163E-2 8.65894E-2 9.28799E-2 6.7394E-2 1.2184E-1 2.19773E-1 3.00523E-1 2.8806E-1 1.99473E-1 2.2391E-1 2.57152E-1 2.99021E-1 3.21668E-1 5.14463E-1 6.07033E-1 5.00206E-1 4.30314E-1 4.01571E-1 2.82444E-1 2.92542E-1 3.18012E-1 3.02542E-1 3.16026E-1
-9999 -9999 -9999 -9999 -9999 -9999 -9999 -9999 -9999 -9999 -9999 -9999 -9999 -9999 -9999 -9999 -9999 -9999 -9999 -9999 -9999 -9999 0E0 3.44954E-2 2.48924E-2 2.41432E-2 3.20622E-2 3.78843E-2 4.19934E-2 3.81537E-2 5.79698E-2 7.50459E-2 7.52784E-2 7.2253E-2 8.33718E-2 7.71259E-2 7.39349E-2 7.64599E-2 8.90029E-2 8.93295E-2 6.08988E-2 5.31417E-2 1.37987E-1 1.97569E-1 3.63971E-1 3.76151E-1 2.97034E-1 2.01296E-1 2.645E-1 2.83189E-1 5.48314E-1 6.23258E-1 4.72346E-1 4.56811E-1 3.75896E-1 4.79117E-1 2.7474E-1 3.10341E-1 2.93284E-1 3.18027E-1 3.85368E-1
-9999 -9999 -9999 -9999 -9999 -9999 -9999 -9999 -9999 -9999 -9999 -9999 -9999 -9999 -9999 -9999 -9999 -9999 -9999 -9999 -9999 -9999 2.59855E-2 2.9983E-2 4.80476E-2 2.79398E-2 3.03416E-2 3.5476E-2 5.03667E-2 4.9635E-2 9.2594E-2 5.61361E-2 6.66288E-2 6.39752E-2 7.13644E-2 8.30376E-2 7.21879E-2 9.29008E-2 1.08753E-1 9.44778E-2 5.35278E-2 7.08098E-2 1.15347E-1 2.36875E-1 6.35176E-1 3.24036E-1 3.41837E-1 1.50067E-1 1.3994E-1 2.52364E-1 2.3165E-1 4.51346E-1 3.82518E-1 2.99187E-1 2.9144E-1 2.67944E-1 2.89455E-1 2.99517E-1 2.81186E-1 3.57781E-1 3.25819E-1
-9999 -9999 -9999 -9999 -9999 -9999 -9999 -9999 -9999 -9999 -9999 -9999 -9999 -9999 -9999 -9999 -9999 -9999 -9999 -9999 -9999 -9999 3.53878E-2 3.11113E-2 3.23278E-2 3.38042E-2 3.36474E-2 3.79698E-2 5.37561E-2 7.53831E-2 1.69438E-1 7.20424E-2 8.7087E-2 8.52947E-2 1.43419E-1 1.18998E-1 9.90138E-2 1.18635E-1 1.102E-1 1.23354E-1 4.53745E-2 2.55212E-1 2.42932E-1 2.78619E-1 3.26005E-1 2.27654E-1 2.48838E-1 2.8442E-1 2.73865E-1 2.79824E-1 2.88538E-1 3.26504E-1 2.36759E-1 2.72586E-1 2.79649E-1 2.71651E-1 2.97552E-1 2.93527E-1 2.78886E-1 2.78082E-1 2.87008E-1
-9999 -9999 -9999 -9999 -9999 -9999 -9999 -9999 -9999 -9999 -9999 -9999 -9999 -9999 -9999 -9999 -9999 -9999 -9999 -9999 -9999 -9999 2.85924E-2 3.27206E-2 2.80953E-2 3.25159E-2 5.17005E-2 4.19082E-2 6.50878E-2 6.74681E-2 1.43287E-1 5.18228E-2 1.12274E-1 1.9176E-1 2.80758E-1 3.01435E-1 1.26994E-1 1.18997E-1 1.32583E-1 9.10555E-2 5.71168E-2 5.80903E-1 4.40675E-1 2.24703E-1 1.94579E-1 2.26869E-1 2.70236E-1 3.10972E-1 2.78051E-1 3.99314E-1 2.89118E-1 3.30246E-1 3.24267E-1 2.35903E-1 2.37442E-1 2.88583E-1 2.86645E-1 2.64897E-1 2.61533E-1 2.78395E-1 3.12735E-1
