Candidate_Models_July82022/M_3_F_lqp_Set_1_cal/Bison.asc
ncols         290
nrows         380
xllcorner     -2197417.7431653
yllcorner     -584827.01486885
cellsize      10000.0
NODATA_value  -9999
[rows 189 to 215 of 380, columns 61 to 121 of 290]
1.39773E-1 2.07474E-1 1.96398E-1 1.76424E-1 1.91247E-1 1.49139E-1 1.48581E-1 1.25489E-1 1.11582E-1 1.07421E-1 8.73774E-2 1.10924E-1 1.14135E-1 1.42663E-1 9.59019E-2 8.05446E-2 2.82582E-2 1.65167E-2 4.31659E-2 6.96671E-2 9.8625E-2 8.09746E-2 9.6018E-2 2.02858E-1 1.3602E-1 9.01605E-2 1.54703E-1 1.46536E-1 2.02169E-1 2.08096E-1 2.2589E-1 2.50644E-1 4.60883E-1 3.8869E-1 4.57224E-1 3.01407E-1 5.45381E-1 6.20246E-1 4.47785E-1 5.72619E-1 6.06335E-1 5.98659E-1 6.02278E-1 6.4239E-1 6.31141E-1 6.22967E-1 5.07175E-1 6.07652E-1 5.72971E-1 5.59689E-1 5.00278E-1 5.03451E-1 5.89263E-1 3.48707E-1 2.90904E-1 3.14535E-1 3.04121E-1 3.3148E-1 3.37996E-1 2.94031E-1 3.02472E-1
1.18784E-1 1.77588E-1 2.39273E-1 1.98354E-1 1.71167E-1 1.67643E-1 1.67678E-1 1.46421E-1 1.33509E-1 1.4196E-1 1.59698E-1 1.07812E-1 1.67029E-1 1.14701E-1 9.1921E-2 8.51619E-2 3.79209E-2 2.63028E-2 7.34057E-2 6.99351E-2 7.18314E-2 7.05381E-2 5.72229E-2 9.16211E-2 1.08213E-1 1.68562E-1 1.65405E-1 1.80433E-1 1.72601E-1 2.08768E-1 2.30564E-1 2.25851E-1 2.76065E-1 4.43343E-1 6.30279E-1 6.31437E-1 5.70524E-1 5.56664E-1 6.2237E-1 4.02763E-1 2.94535E-1 4.2997E-1 4.50487E-1 5.91228E-1 5.12502E-1 5.93398E-1 5.4392E-1 5.23866E-1 3.67957E-1 6.12566E-1 4.91412E-1 4.8931E-1 5.86356E-1 3.4563E-1 3.03585E-1 3.51559E-1 3.54686E-1 3.42778E-1 3.36613E-1 3.5259E-1 3.53298E-1
1.19234E-1 1.97574E-1 1.74476E-1 1.90987E-1 1.54682E-1 1.89611E-1 1.84068E-1 1.69811E-1 1.45241E-1 1.4665E-1 1.22344E-1 1.21564E-1 1.51158E-1 8.15635E-2 8.53051E-2 8.45894E-2 1.05806E-1 3.94605E-2 2.98409E-2 3.75988E-2 6.73342E-2 9.22681E-2 1.53618E-1 1.59099E-1 1.14927E-1 1.15273E-1 1.99347E-1 1.84665E-1 1.76558E-1 1.96534E-1 2.35547E-1 2.47049E-1 2.88143E-1 5.94383E-1 6.04326E-1 5.6367E-1 5.74988E-1 6.16371E-1 5.46073E-1 5.96654E-1 6.40151E-1 6.32406E-1 5.84521E-1 6.35533E-1 5.77471E-1 5.8246E-1 4.61437E-1 2.32842E-1 2.88574E-1 5.21109E-1 5.22119E-1 5.23863E-1 5.52434E-1 4.34809E-1 3.29838E-1 3.56024E-1 5.81627E-1 4.15705E-1 3.88234E-1 3.56782E-1 3.83888E-1
1.20076E-1 1.61214E-1 1.56632E-1 2.46007E-1 2.05885E-1 1.85085E-1 1.75778E-1 1.74435E-1 1.57729E-1 1.54476E-1 1.43265E-1 1.75657E-1 2.05265E-1 1.10412E-1 9.85844E-2 8.57035E-2 9.2947E-2 3.79009E-2 4.46761E-2 6.68354E-2 8.59137E-2 8.30312E-2 6.89073E-2 7.58913E-2 1.28082E-1 1.91043E-1 1.7793E-1 1.42132E-1 1.83159E-1 1.92396E-1 2.25609E-1 2.61799E-1 3.05927E-1 4.48843E-1 5.16566E-1 6.19478E-1 6.28627E-1 6.17797E-1 6.00654E-1 5.51159E-1 5.50213E-1 5.52463E-1 5.05527E-1 6.03894E-1 4.60669E-1 6.20902E-1 5.82227E-1 2.87962E-1 6.1677E-1 5.96758E-1 5.83024E-1 5.68328E-1 6.02963E-1 5.50358E-1 4.85827E-1 6.20001E-1 6.19506E-1 4.38288E-1 4.53734E-1 4.87402E-1 3.91708E-1
1.46825E-1 1.416E-1 1.85152E-1 2.45285E-1 2.11604E-1 1.75516E-1 1.94037E-1 2.01154E-1 1.83696E-1 2.39552E-1 1.6503E-1 1.76943E-1 1.46262E-1 1.27697E-1 1.29119E-1 8.56548E-2 1.52401E-1 6.58675E-2 4.91459E-2 2.63499E-2 5.72713E-2 8.09518E-2 9.99148E-2 7.538E-2 8.86809E-2 9.98308E-2 1.03272E-1 1.3858E-1 1.56817E-1 2.17251E-1 2.4001E-1 2.51873E-1 2.96613E-1 6.1177E-1 6.31049E-1 5.66835E-1 5.54195E-1 6.26064E-1 6.25562E-1 6.01766E-1 5.91217E-1 5.25894E-1 5.65642E-1 5.68266E-1 6.18408E-1 6.181E-1 3.05389E-1 3.00355E-1 4.49645E-1 5.15574E-1 6.05813E-1 5.54173E-1 6.10779E-1 5.8559E-1 4.1826E-1 5.53494E-1 6.18074E-1 4.64211E-1 3.38917E-1 3.00867E-1 3.19316E-1
1.59661E-1 2.2925E-1 2.08968E-1 2.00585E-1 2.84227E-1 1.89757E-1 1.74841E-1 1.68216E-1 1.84377E-1 1.97805E-1 1.80421E-1 1.77162E-1 1.1097E-1 1.34557E-1 9.22611E-2 7.50274E-2 6.15396E-2 1.8154E-1 7.60965E-2 3.70472E-2 5.12116E-2 1.02633E-1 8.50893E-2 9.51995E-2 9.88738E-2 1.56952E-1 1.33996E-1 1.54725E-1 1.67786E-1 1.73735E-1 2.09319E-1 2.76271E-1 3.0036E-1 5.90901E-1 6.321E-1 6.20854E-1 6.097E-1 6.11188E-1 6.02255E-1 6.24468E-1 6.34035E-1 6.02661E-1 5.65315E-1 5.57699E-1 5.69835E-1 5.60677E-1 2.95866E-1 2.84342E-1 3.82078E-1 5.93838E-1 6.23507E-1 6.1511E-1 5.23823E-1 5.84693E-1 6.2234E-1 6.0639E-1 6.19751E-1 3.67813E-1 2.72627E-1 3.03922E-1 3.5488E-1
2.38426E-1 3.07925E-1 3.65923E-1 2.428E-1 1.67176E-1 2.01961E-1 1.90597E-1 1.68009E-1 1.93786E-1 1.87835E-1 2.08829E-1 1.59781E-1 1.26295E-1 1.55153E-1 1.0315E-1 7.3626E-2 9.40008E-2 1.41155E-1 9.24632E-2 5.7956E-2 3.30237E-2 8.08067E-2 6.69126E-2 1.01752E-1 9.27057E-2 8.0238E-2 8.65505E-2 1.34286E-1 1.61144E-1 1.58659E-1 2.04909E-1 2.77212E-1 3.24702E-1 3.40703E-1 3.44941E-1 2.72563E-1 3.43386E-1 4.64145E-1 5.87352E-1 4.43708E-1 2.70173E-1 2.60885E-1 2.89456E-1 4.0248E-1 6.03696E-1 6.16949E-1 3.00642E-1 2.94523E-1 3.58901E-1 6.05982E-1 6.12914E-1 4.5257E-1 5.61015E-1 6.15253E-1 6.03812E-1 5.91266E-1 4.49243E-1 3.54868E-1 3.03312E-1 2.98767E-1 3.06428E-1
2.9662E-1 4.39581E-1 4.96975E-1 5.74603E-1 2.9934E-1 2.10695E-1 2.36843E-1 2.29827E-1 1.73711E-1 1.74127E-1 2.10336E-1 1.83306E-1 2.13914E-1 1.63025E-1 1.28971E-1 8.72801E-2 1.09211E-1 5.73247E-2 2.92467E-2 9.19478E-2 5.65523E-2 7.44605E-2 1.36084E-1 9.40877E-2 1.06744E-1 9.99873E-2 6.19977E-2 1.12151E-1 1.28759E-1 1.52625E-1 2.02219E-1 2.6286E-1 2.58633E-1 3.39368E-1 2.45763E-1 2.8853E-1 2.95714E-1 3.38998E-1 4.83471E-1 3.30203E-1 2.90509E-1 2.74046E-1 2.75887E-1 2.88758E-1 4.26629E-1 6.12336E-1 5.9749E-1 3.5127E-1 4.73846E-1 5.96221E-1 5.39741E-1 6.23102E-1 4.41361E-1 4.72927E-1 4.56645E-1 4.24335E-1 2.90652E-1 3.69748E-1 3.90196E-1 3.67847E-1 3.60231E-1
2.73773E-1 3.28878E-1 3.77505E-1 4.41574E-1 5.10146E-1 4.17518E-1 2.48761E-1 1.93855E-1 1.82511E-1 1.74132E-1 1.7612E-1 1.74234E-1 1.60428E-1 1.72874E-1 1.28153E-1 1.04318E-1 1.28503E-1 1.04923E-1 6.23323E-2 3.46456E-2 4.59091E-2 3.71583E-2 7.07557E-2 1.08526E-1 5.9836E-2 8.05482E-2 7.55719E-2 8.58119E-2 1.38457E-1 1.60129E-1 1.46892E-1 2.29571E-1 2.64636E-1 2.81221E-1 2.92843E-1 2.86588E-1 2.58207E-1 2.89295E-1 3.08115E-1 2.81833E-1 2.72301E-1 2.77914E-1 2.93654E-1 2.83791E-1 3.09015E-1 3.27701E-1 2.9331E-1 3.84432E-1 5.83756E-1 6.19391E-1 5.05634E-1 6.18792E-1 3.72889E-1 3.71269E-1 5.65425E-1 3.87661E-1 2.88338E-1 2.81139E-1 2.79238E-1 2.83296E-1 4.25034E-1
1.89712E-1 2.21845E-1 2.29692E-1 2.83576E-1 3.49103E-1 2.99989E-1 2.37577E-1 2.12774E-1 1.93629E-1 2.16401E-1 3.01311E-1 2.33736E-1 2.38473E-1 2.54022E-1 1.77128E-1 1.18252E-1 1.57213E-1 1.20561E-1 8.05609E-2 4.06572E-2 4.34837E-2 8.93754E-2 4.44453E-2 9.55137E-2 1.83857E-1 6.90839E-2 9.54626E-2 7.14264E-2 9.33647E-2 1.27066E-1 1.69718E-1 2.12313E-1 2.45196E-1 2.36214E-1 2.69767E-1 2.46553E-1 2.36833E-1 2.90069E-1 2.57948E-1 2.96534E-1 2.61024E-1 2.78283E-1 2.81965E-1 2.61973E-1 2.92163E-1 2.75774E-1 2.84353E-1 5.81448E-1 6.22974E-1 5.75816E-1 5.09723E-1 5.72643E-1 3.67097E-1 2.78398E-1 2.83915E-1 2.8759E-1 2.80401E-1 2.96456E-1 2.7784E-1 2.83633E-1 2.86262E-1
1.67852E-1 1.75767E-1 1.91266E-1 1.52404E-1 3.29455E-1 3.107E-1 2.5179E-1 1.8849E-1 1.80253E-1 2.70172E-1 3.13812E-1 3.63774E-1 2.39078E-1 1.84716E-1 1.69859E-1 1.50302E-1 2.30229E-1 2.23393E-1 1.6718E-1 4.94464E-2 7.68048E-2 7.07123E-2 7.00777E-2 5.74525E-2 7.02897E-2 6.32511E-2 8.85025E-2 9.2677E-2 1.13025E-1 1.10353E-1 1.30528E-1 1.66375E-1 2.12305E-1 1.54421E-1 2.26095E-1 2.57427E-1 2.90323E-1 3.26603E-1 2.75214E-1 2.82553E-1 2.36515E-1 3.03234E-1 2.67643E-1 2.68164E-1 2.65843E-1 2.58477E-1 2.88983E-1 5.26412E-1 6.21792E-1 5.13407E-1 5.74844E-1 4.97058E-1 2.86821E-1 2.69537E-1 2.76359E-1 2.71457E-1 3.10556E-1 2.86625E-1 3.00064E-1 3.04863E-1 3.12563E-1
2.03571E-1 1.62769E-1 2.59348E-1 1.95105E-1 2.4669E-1 2.28228E-1 1.97981E-1 2.00094E-1 2.31194E-1 2.90415E-1 2.66426E-1 3.46274E-1 2.67137E-1 2.04523E-1 1.67078E-1 1.84555E-1 1.84362E-1 1.80245E-1 1.43587E-1 5.38353E-2 3.85192E-2 7.05028E-2 6.27463E-2 6.99292E-2 4.64752E-2 1.04225E-1 7.05502E-2 5.3964E-2 9.76425E-2 1.24057E-1 1.50289E-1 1.77831E-1 1.6411E-1 1.3743E-1 2.30388E-1 2.73492E-1 2.89831E-1 2.48309E-1 2.27123E-1 2.73239E-1 2.36026E-1 2.61269E-1 2.51689E-1 2.52742E-1 2.59771E-1 2.84426E-1 2.76381E-1 5.14764E-1 5.71129E-1 5.2888E-1 2.96074E-1 2.90818E-1 2.70193E-1 2.74317E-1 2.73142E-1 2.73827E-1 2.82514E-1 2.435E-1 2.39466E-1 2.60169E-1 3.01423E-1
3.25697E-1 3.95933E-1 2.59357E-1 2.60217E-1 3.58792E-1 2.38251E-1 1.91604E-1 1.97991E-1 3.07082E-1 3.03647E-1 3.47613E-1 4.21738E-1 2.69115E-1 8.44528E-2 1.84876E-1 1.99935E-1 1.57417E-1 1.8962E-1 1.82822E-1 2.72735E-2 7.55735E-2 7.57184E-2 8.11852E-2 4.66563E-2 6.53869E-2 8.38863E-2 1.53769E-1 9.16344E-2 8.29681E-2 1.18236E-1 1.14735E-1 1.34815E-1 1.54686E-1 1.64213E-1 2.37995E-1 2.65705E-1 2.01762E-1 2.84955E-1 2.96481E-1 3.03799E-1 2.39946E-1 2.40596E-1 2.33446E-1 2.46153E-1 2.48959E-1 2.62401E-1 2.68895E-1 2.95045E-1 3.99545E-1 4.98012E-1 2.9593E-1 2.88099E-1 2.97402E-1 2.79517E-1 2.91793E-1 2.86567E-1 2.64797E-1 2.34738E-1 2.59052E-1 2.41019E-1 2.9509E-1
2.73686E-1 2.25455E-1 5.14844E-1 5.32294E-1 2.46205E-1 2.699E-1 2.49913E-1 2.94833E-1 1.92779E-1 2.47679E-1 2.52237E-1 3.27958E-1 1.64498E-1 1.03127E-1 1.64392E-1 1.57513E-1 1.31222E-1 1.24602E-1 1.21383E-1 8.31642E-2 8.19676E-2 2.9569E-2 1.24622E-1 1.09252E-1 4.49989E-2 6.27695E-2 8.44998E-2 8.26671E-2 9.09994E-2 1.35186E-1 1.1717E-1 1.66407E-1 1.55378E-1 2.00168E-1 1.94495E-1 2.2994E-1 3.12143E-1 3.32426E-1 3.90616E-1 2.389E-1 2.19236E-1 2.30169E-1 2.49197E-1 2.45173E-1 2.5548E-1 3.28059E-1 2.64702E-1 2.6092E-1 3.11457E-1 4.71703E-1 2.93202E-1 2.86801E-1 2.86305E-1 2.84997E-1 2.60869E-1 3.64668E-1 2.44242E-1 2.81979E-1 2.83977E-1 3.30923E-1 3.41382E-1
2.32501E-1 2.50123E-1 2.67355E-1 2.63162E-1 1.85719E-1 2.26833E-1 2.51339E-1 2.83432E-1 2.20754E-1 2.40247E-1 2.40824E-1 2.39284E-1 1.28418E-1 1.24889E-1 1.2874E-1 3.52344E-2 1.26967E-1 9.29037E-2 5.07363E-2 1.6705E-1 5.86519E-2 7.23724E-2 6.38721E-2 7.92141E-2 1.02685E-1 7.12127E-2 5.73333E-2 8.54741E-2 1.56276E-1 1.91339E-1 1.87892E-1 1.64977E-1 1.6598E-1 1.94876E-1 1.81775E-1 1.66948E-1 2.21631E-1 2.33994E-1 2.83982E-1 2.04934E-1 2.1196E-1 2.51407E-1 2.46429E-1 2.2898E-1 2.47099E-1 2.74607E-1 2.95206E-1 2.96048E-1 2.9418E-1 3.12429E-1 3.21079E-1 2.86766E-1 3.00132E-1 3.0709E-1 2.96223E-1 2.74388E-1 3.00406E-1 3.60959E-1 3.27241E-1 4.48381E-1 3.45471E-1
1.85935E-1 2.00492E-1 2.2898E-1 2.31751E-1 2.40214E-1 2.97915E-1 2.87713E-1 2.98397E-1 3.2335E-1 2.42061E-1 2.46313E-1 1.60058E-1 7.00496E-2 9.62189E-2 1.36192E-1 5.88395E-2 1.06184E-1 7.40034E-2 3.13324E-2 8.96844E-2 1.41982E-1 4.77373E-2 6.79282E-2 4.5274E-2 5.68109E-2 4.18759E-2 1.66392E-1 8.0691E-2 4.82617E-2 1.18936E-1 1.50628E-1 1.73609E-1 1.45313E-1 1.5273E-1 2.02824E-1 2.08523E-1 2.27776E-1 2.08099E-1 2.5672E-1 2.02292E-1 2.25238E-1 2.3259E-1 2.1194E-1 2.1499E-1 2.27416E-1 2.45125E-1 2.73574E-1 2.94197E-1 2.85915E-1 3.08126E-1 3.22027E-1 2.99981E-1 2.83007E-1 2.93904E-1 3.324E-1 3.44921E-1 3.44618E-1 2.77826E-1 2.77061E-1 3.5133E-1 3.8308E-1
2.14522E-1 2.00685E-1 2.21001E-1 2.01993E-1 2.69054E-1 3.76317E-1 4.40476E-1 3.01364E-1 3.12225E-1 2.57679E-1 2.29719E-1 1.75312E-1 6.72801E-2 9.70543E-2 1.22803E-1 5.98848E-2 7.10272E-2 5.05744E-2 7.62577E-2 4.51242E-2 4.77848E-2 1.69572E-1 2.01719E-1 3.14845E-2 4.83784E-2 8.79879E-2 8.22321E-2 6.79125E-2 1.27615E-1 1.45315E-1 9.59109E-2 1.86281E-1 1.91522E-1 2.13038E-1 1.9887E-1 2.08648E-1 2.07405E-1 1.80012E-1 2.06541E-1 2.28722E-1 2.38908E-1 2.97285E-1 2.02025E-1 2.39025E-1 2.37004E-1 2.45286E-1 2.67476E-1 2.96746E-1 2.82225E-1 3.01063E-1 3.02867E-1 3.12455E-1 2.96845E-1 3.11858E-1 2.95862E-1 3.26042E-1 4.07719E-1 3.13327E-1 3.60997E-1 3.21667E-1 3.36559E-1
1.97985E-1 1.91532E-1 1.93376E-1 2.15074E-1 1.83975E-1 2.08697E-1 4.13533E-1 3.09098E-1 3.11194E-1 2.41367E-1 2.99459E-1 2.24335E-1 1.12382E-1 1.45467E-1 1.01652E-1 6.89791E-2 5.65402E-2 9.26564E-2 6.72396E-2 5.27933E-2 2.56522E-2 1.3663E-1 2.01746E-1 4.05249E-2 8.45334E-2 8.05267E-2 5.12287E-2 6.44937E-2 1.56354E-1 1.21116E-1 1.28176E-1 1.48237E-1 1.74614E-1 1.54402E-1 1.37524E-1 1.89419E-1 2.35979E-1 2.52903E-1 2.75517E-1 2.54022E-1 2.99308E-1 2.75373E-1 2.42715E-1 2.17577E-1 2.45192E-1 2.95094E-1 2.65912E-1 3.00076E-1 2.7414E-1 3.227E-1 3.06366E-1 3.50885E-1 3.64567E-1 3.11548E-1 3.07964E-1 2.98077E-1 3.62256E-1 4.12973E-1 4.56607E-1 4.00613E-1 3.48343E-1
1.73697E-1 2.01586E-1 2.86127E-1 2.05983E-1 2.09049E-1 2.83088E-1 2.91706E-1 2.4679E-1 2.05226E-1 2.65272E-1 3.51743E-1 2.11704E-1 1.84337E-1 1.60953E-1 1.36939E-1 1.07165E-1 7.37506E-2 1.23811E-1 7.07618E-2 5.77952E-2 2.80215E-2 3.51956E-2 1.73424E-1 1.50471E-1 6.27397E-2 8.00246E-2 5.75779E-2 7.85019E-2 1.07798E-1 1.13118E-1 1.47892E-1 1.28428E-1 2.09443E-1 2.28921E-1 2.47827E-1 2.0252E-1 2.69659E-1 2.51819E-1 3.31608E-1 3.05835E-1 2.3808E-1 2.44371E-1 2.52266E-1 2.42484E-1 2.73879E-1 2.45493E-1 2.81133E-1 2.90395E-1 3.0838E-1 3.07225E-1 3.01706E-1 3.21734E-1 3.14285E-1 3.44739E-1 3.05656E-1 3.38608E-1 3.785E-1 4.27397E-1 4.58595E-1 3.20812E-1 3.74212E-1
2.19639E-1 1.94571E-1 2.80836E-1 2.12065E-1 2.12244E-1 2.54258E-1 3.38993E-1 3.28313E-1 2.51833E-1 2.23776E-1 2.86464E-1 2.31694E-1 2.04291E-1 1.56343E-1 9.52627E-2 1.18567E-1 8.7383E-2 1.19205E-1 7.49189E-2 7.16815E-2 4.03888E-2 4.77565E-2 7.28894E-2 1.91296E-1 7.81911E-2 5.96424E-2 7.67181E-2 9.02514E-2 8.53459E-2 1.46428E-1 1.88845E-1 1.88122E-1 1.39935E-1 1.37329E-1 1.71568E-1 2.13366E-1 2.02686E-1 2.56885E-1 2.46074E-1 2.43573E-1 2.42372E-1 2.51383E-1 3.59277E-1 3.37659E-1 3.2948E-1 3.0418E-1 3.07505E-1 3.22374E-1 3.32824E-1 3.27281E-1 3.36913E-1 3.32283E-1 3.32099E-1 3.06576E-1 3.40806E-1 3.57884E-1 3.16329E-1 3.22771E-1 3.53136E-1 3.91682E-1 4.75712E-1
1.93878E-1 1.97288E-1 2.67966E-1 2.33303E-1 2.34413E-1 2.36402E-1 3.11435E-1 3.06421E-1 2.44048E-1 2.5505E-1 2.25437E-1 2.3006E-1 1.78375E-1 9.67846E-2 1.32254E-1 9.36464E-2 8.31712E-2 1.15179E-1 1.88551E-1 4.53429E-2 3.72193E-2 5.83894E-2 5.00504E-2 1.07379E-1 1.79855E-1 5.0156E-2 8.98087E-2 1.24591E-1 7.1835E-2 1.69005E-1 1.07802E-1 1.45116E-1 1.84158E-1 1.82534E-1 1.36109E-1 2.05138E-1 1.62258E-1 2.21816E-1 2.24482E-1 2.37968E-1 2.27738E-1 2.72153E-1 3.278E-1 2.88672E-1 2.7359E-1 2.78636E-1 2.71345E-1 2.6848E-1 2.64018E-1 3.01201E-1 3.09491E-1 3.14903E-1 3.2787E-1 2.901E-1 3.0989E-1 3.74992E-1 4.13517E-1 3.8284E-1 3.15443E-1 3.62068E-1 4.30209E-1
1.92288E-1 2.02817E-1 2.1281E-1 2.08834E-1 1.83656E-1 2.3516E-1 3.3376E-1 2.86861E-1 2.36681E-1 3.20531E-1 2.93572E-1 1.86889E-1 2.07644E-1 1.0623E-1 1.38025E-1 6.30608E-2 6.80797E-2 1.30334E-1 1.39955E-1 4.30133E-2 4.33727E-2 3.29855E-2 4.0689E-2 6.59192E-2 1.55963E-1 1.17659E-1 5.69892E-2 2.08694E-1 1.14203E-1 7.11724E-2 9.62083E-2 1.18642E-1 1.17468E-1 2.05209E-1 1.46409E-1 1.93834E-1 1.71435E-1 1.85005E-1 2.12306E-1 2.1795E-1 2.45554E-1 2.46142E-1 2.77046E-1 2.43984E-1 2.62841E-1 3.19947E-1 3.12637E-1 2.62502E-1 2.77684E-1 2.88858E-1 2.51056E-1 3.28936E-1 2.82415E-1 3.07632E-1 2.92922E-1 3.34829E-1 4.01862E-1 4.50621E-1 5.66563E-1 4.99576E-1 6.0624E-1
2.02442E-1 1.99323E-1 1.83775E-1 2.0536E-1 2.31118E-1 2.54714E-1 2.75656E-1 3.10536E-1 2.17441E-1 2.53523E-1 2.59642E-1 1.92055E-1 2.12646E-1 1.39337E-1 1.08478E-1 6.95726E-2 9.76437E-2 1.16252E-1 1.32965E-1 5.24325E-2 1.155E-1 7.72875E-2 7.64451E-2 5.85094E-2 6.36178E-2 2.50516E-1 1.16445E-1 1.88826E-1 1.31645E-1 1.51477E-1 2.58907E-1 1.89086E-1 1.30436E-1 2.40925E-1 1.74838E-1 2.31211E-1 2.29298E-1 2.09694E-1 1.63875E-1 2.47665E-1 2.9541E-1 2.47359E-1 2.50059E-1 4.68627E-1 3.0739E-1 2.94115E-1 2.55448E-1 2.61973E-1 3.0914E-1 3.64493E-1 2.84691E-1 3.2042E-1 2.76648E-1 2.92994E-1 3.95256E-1 2.95672E-1 3.08331E-1 3.05527E-1 6.31218E-1 6.55898E-1 6.37651E-1
2.02784E-1 1.84481E-1 2.45925E-1 2.09933E-1 2.28065E-1 2.9671E-1 2.89178E-1 2.22913E-1 2.37685E-1 3.34389E-1 2.19438E-1 1.78949E-1 2.26469E-1 1.85809E-1 1.19163E-1 7.67662E-2 4.58028E-2 5.19713E-2 1.22843E-1 3.90841E-2 4.21801E-2 7.80784E-2 5.48106E-2 7.76787E-2 3.6452E-2 1.45917E-1 2.17867E-1 1.00451E-1 8.20076E-2 1.15927E-1 1.55222E-1 1.35971E-1 8.98131E-2 2.19616E-1 2.55093E-1 2.59635E-1 2.90943E-1 1.6014E-1 1.91254E-1 1.95401E-1 3.19108E-1 3.05188E-1 2.56899E-1 2.81104E-1 3.07783E-1 2.89356E-1 2.83053E-1 2.91222E-1 3.27214E-1 2.85708E-1 2.97816E-1 3.59891E-1 3.64992E-1 5.65893E-1 6.26241E-1 4.05841E-1 3.51994E-1 6.19189E-1 6.41347E-1 5.72425E-1 5.68845E-1
2.72785E-1 2.53291E-1 2.7891E-1 2.08095E-1 2.2114E-1 2.69354E-1 3.08524E-1 2.53733E-1 2.00604E-1 3.16765E-1 2.41808E-1 2.19104E-1 2.34711E-1 1.83814E-1 1.2168E-1 6.05634E-2 5.6213E-2 8.01221E-2 1.16301E-1 6.6201E-2 6.90562E-2 9.93548E-2 4.16137E-2 1.18059E-1 9.21589E-2 8.50525E-2 1.25353E-1 9.71482E-2 1.37355E-1 6.77194E-2 9.47982E-2 9.18514E-2 1.49283E-1 2.1965E-1 2.24821E-1 2.07149E-1 2.49156E-1 1.89924E-1 1.68191E-1 1.679E-1 2.39275E-1 2.49052E-1 2.89289E-1 3.80068E-1 2.74377E-1 2.6986E-1 2.94341E-1 3.19462E-1 2.9481E-1 3.43956E-1 4.28509E-1 4.56644E-1 5.11321E-1 6.50364E-1 5.07277E-1 5.76801E-1 4.30241E-1 4.79909E-1 6.21857E-1 5.93873E-1 5.9128E-1
2.68467E-1 2.97105E-1 2.49765E-1 2.40537E-1 2.27397E-1 2.76695E-1 2.54856E-1 2.45847E-1 2.36899E-1 2.56475E-1 2.70781E-1 2.26575E-1 2.7376E-1 3.61096E-1 1.30318E-1 9.22212E-2 5.01386E-2 4.91353E-2 7.59582E-2 1.8245E-1 7.61366E-2 8.60291E-2 1.51781E-1 1.13753E-1 3.32321E-2 6.98654E-2 6.94807E-2 1.60017E-1 1.09289E-1 1.10785E-1 1.47584E-1 1.08819E-1 2.00019E-1 1.85286E-1 1.13988E-1 1.86331E-1 1.931E-1 1.67233E-1 1.53602E-1 1.58329E-1 2.45478E-1 2.26769E-1 2.83928E-1 2.7798E-1 2.70824E-1 3.0519E-1 3.11822E-1 3.09122E-1 3.60707E-1 4.37163E-1 5.66865E-1 5.46735E-1 6.27663E-1 5.86736E-1 4.17643E-1 5.3796E-1 6.12034E-1 5.1274E-1 6.17202E-1 6.50329E-1 6.08373E-1
2.73854E-1 2.68439E-1 2.72498E-1 2.53984E-1 2.20838E-1 2.44935E-1 2.99055E-1 2.41502E-1 2.96042E-1 2.67515E-1 2.68934E-1 1.87732E-1 1.95798E-1 1.93289E-1 1.62206E-1 1.15959E-1 1.34372E-1 7.32987E-2 7.19572E-2 4.95518E-2 8.58854E-2 8.91788E-2 6.98476E-2 5.85937E-2 6.73485E-2 1.00933E-1 9.29087E-2 5.41662E-2 1.9749E-1 6.22395E-2 1.34083E-1 1.24971E-1 2.36391E-1 1.44132E-1 1.92604E-1 1.54936E-1 2.03174E-1 2.07632E-1 1.78942E-1 1.56106E-1 2.35712E-1 2.95483E-1 2.80618E-1 2.8247E-1 2.9154E-1 2.70679E-1 2.87746E-1 2.9435E-1 3.2889E-1 3.25982E-1 3.70248E-1 3.60937E-1 5.5941E-1 5.75115E-1 6.16036E-1 5.88816E-1 6.38253E-1 4.7843E-1 6.58147E-1 6.60211E-1 6.47928E-1
