Candidate_Models_July82022/M_3_F_lqp_Set_1_cal/Bison.asc
ncols         290
nrows         380
xllcorner     -2197417.7431653
yllcorner     -584827.01486885
cellsize      10000.0
NODATA_value  -9999
[rows 324 to 350 of 380, columns 122 to 182 of 290]
7.6408E-1 6.32398E-1 4.9276E-1 4.46954E-1 4.70899E-1 4.58165E-1 3.42634E-1 2.82797E-1 2.79859E-1 2.07091E-1 1.34925E-1 1.98807E-1 6.87173E-1 6.33225E-1 3.44007E-1 4.77576E-1 3.45678E-1 5.15024E-1 2.55797E-1 2.2939E-1 1.7526E-1 5.10226E-1 4.29488E-1 4.97172E-1 6.237E-1 6.45093E-1 5.5017E-1 5.9373E-1 5.97903E-1 6.3457E-1 7.06201E-1 7.40017E-1 6.89086E-1 7.28882E-1 6.34005E-1 5.74144E-1 5.87873E-1 6.39575E-1 5.33756E-1 7.4949E-1 2.41512E-1 3.90932E-1 4.39956E-1 5.35114E-1 4.87609E-1 5.13769E-1 5.09324E-1 5.04101E-1 5.54262E-1 5.32561E-1 5.8943E-1 5.43639E-1 5.37529E-1 5.37681E-1 5.67032E-1 5.32259E-1 5.74808E-1 5.13849E-1 5.37879E-1 6.62692E-1 6.41226E-1
7.34486E-1 7.60306E-1 6.1358E-1 5.80101E-1 5.51902E-1 7.2944E-1 7.3203E-1 7.18815E-1 3.03707E-1 1.62931E-1 1.17915E-1 9.84825E-2 1.92491E-1 2.60383E-1 3.45534E-1 4.11482E-1 5.10634E-1 3.32841E-1 2.81588E-1 3.5476E-1 4.31407E-1 3.2411E-1 2.91979E-1 5.02579E-1 6.59593E-1 5.90102E-1 6.37531E-1 6.81611E-1 7.07125E-1 4.32225E-1 5.65802E-1 7.30649E-1 7.52541E-1 7.46123E-1 6.20815E-1 5.84874E-1 6.17328E-1 7.39442E-1 4.45403E-1 7.89714E-1 8.26368E-1 4.56174E-1 5.50151E-1 5.22403E-1 5.89006E-1 5.04891E-1 5.23403E-1 5.36833E-1 5.58251E-1 6.52297E-1 6.08124E-1 5.52897E-1 5.21108E-1 5.47547E-1 5.82502E-1 5.36394E-1 5.8695E-1 6.00831E-1 6.25706E-1 6.90137E-1 6.57918E-1
7.6161E-1 7.58833E-1 7.57591E-1 7.26659E-1 7.42876E-1 7.37812E-1 6.89871E-1 6.96999E-1 5.95982E-1 1.74955E-1 6.15215E-2 9.48615E-2 1.93624E-1 4.55576E-1 4.12827E-1 4.2436E-1 3.83525E-1 5.18195E-1 3.9167E-1 4.69295E-1 5.65162E-1 1.95698E-1 0E0 7.52623E-1 7.89708E-1 7.32623E-1 6.59905E-1 6.04216E-1 6.80838E-1 6.44014E-1 7.33072E-1 7.20779E-1 7.15291E-1 7.44158E-1 7.24167E-1 6.78367E-1 5.58622E-1 5.98609E-1 4.9964E-1 5.82986E-1 7.96398E-1 7.09477E-1 5.22624E-1 6.07624E-1 5.42618E-1 5.57941E-1 5.77573E-1 5.57433E-1 5.89059E-1 6.66774E-1 6.63079E-1 5.82732E-1 5.15218E-1 6.40544E-1 6.79401E-1 6.12739E-1 5.25856E-1 5.7801E-1 6.81401E-1 6.61035E-1 5.9533E-1
7.55767E-1 7.04671E-1 7.49837E-1 6.64033E-1 6.11964E-1 6.42835E-1 7.19326E-1 7.2597E-1 7.26708E-1 2.03524E-1 2.02422E-1 3.44104E-1 3.29363E-1 1.46074E-1 3.54076E-1 3.38887E-1 3.85772E-1 3.53844E-1 5.51037E-1 3.95538E-1 3.17666E-1 6.16378E-1 5.34532E-1 5.81128E-1 7.53328E-1 7.0048E-1 7.16607E-1 6.95953E-1 6.24264E-1 6.46266E-1 6.74306E-1 7.25998E-1 7.34405E-1 7.24317E-1 7.5399E-1 6.33663E-1 6.35224E-1 6.35201E-1 5.10336E-1 4.78736E-1 6.83374E-1 7.23279E-1 3.8499E-1 6.81723E-1 5.04282E-1 5.31865E-1 5.91943E-1 6.3601E-1 6.21313E-1 6.22966E-1 6.35063E-1 5.44136E-1 5.23942E-1 5.9931E-1 5.58664E-1 5.55614E-1 5.3344E-1 5.37995E-1 6.52407E-1 6.33931E-1 5.86611E-1
7.15536E-1 7.41152E-1 6.64603E-1 6.34482E-1 6.61395E-1 7.47735E-1 5.98727E-1 7.3831E-1 7.70068E-1 2.98327E-1 3.38073E-1 3.47077E-1 4.20505E-1 3.20109E-1 2.10544E-1 2.49029E-1 2.81553E-1 5.00036E-1 7.12461E-1 4.58053E-1 3.95595E-1 6.2169E-1 4.68246E-1 4.15191E-1 5.43608E-1 7.30811E-1 6.71406E-1 6.80594E-1 7.20895E-1 6.73287E-1 6.65236E-1 6.94705E-1 7.04383E-1 6.61017E-1 7.48415E-1 5.33907E-1 5.79405E-1 6.9342E-1 4.867E-1 5.06514E-1 4.55627E-1 5.21615E-1 4.89053E-1 6.30891E-1 5.29242E-1 5.43459E-1 6.07968E-1 6.11268E-1 6.70328E-1 6.80058E-1 6.39216E-1 5.32451E-1 5.4046E-1 6.06398E-1 5.71538E-1 5.34693E-1 5.50699E-1 5.74966E-1 5.75466E-1 6.89945E-1 7.05661E-1
6.49043E-1 6.24119E-1 6.45044E-1 6.76726E-1 6.12556E-1 4.23791E-1 2.22862E-1 7.22698E-1 7.65345E-1 3.05001E-1 5.44633E-1 3.13726E-1 4.55801E-1 4.74656E-1 3.53671E-1 1.57529E-1 2.19947E-1 2.42018E-1 5.20832E-1 2.3251E-1 3.70747E-1 4.78918E-1 8.69441E-1 6.53203E-1 3.00477E-1 6.74042E-1 7.1191E-1 6.5718E-1 6.72997E-1 6.61588E-1 6.55999E-1 6.5111E-1 6.23865E-1 6.70614E-1 7.55625E-1 5.42882E-1 4.83733E-1 5.58996E-1 5.95762E-1 4.22538E-1 5.0147E-1 4.44814E-1 6.14106E-1 6.01417E-1 5.77683E-1 5.89217E-1 5.97093E-1 6.10435E-1 6.83667E-1 6.91651E-1 5.60667E-1 5.54328E-1 5.3666E-1 5.27529E-1 5.93005E-1 6.59243E-1 5.60555E-1 5.37373E-1 5.98034E-1 6.38911E-1 5.84095E-1
6.27801E-1 6.23065E-1 6.44427E-1 6.42994E-1 6.34273E-1 3.07914E-1 2.34401E-1 5.28263E-1 7.37842E-1 2.04985E-1 5.37869E-1 4.54155E-1 4.26151E-1 2.19099E-1 1.89592E-1 2.51699E-1 3.74025E-1 2.15084E-1 3.33111E-1 3.71907E-1 1.88532E-1 4.10245E-1 7.96591E-1 6.59726E-1 3.96756E-1 4.00717E-1 5.76273E-1 6.60004E-1 6.32975E-1 5.95055E-1 5.76413E-1 4.673E-1 6.33155E-1 7.4951E-1 6.1796E-1 5.80602E-1 4.81614E-1 4.47141E-1 5.36436E-1 5.10315E-1 5.00086E-1 5.83517E-1 5.91982E-1 6.40719E-1 5.66795E-1 5.87398E-1 5.79433E-1 6.54416E-1 6.72777E-1 6.81666E-1 5.41713E-1 5.38132E-1 5.46733E-1 5.223E-1 6.92789E-1 6.27811E-1 5.64615E-1 5.33792E-1 5.35569E-1 5.73927E-1 6.93181E-1
7.424E-1 6.98382E-1 7.30255E-1 6.87291E-1 6.83014E-1 7.02858E-1 3.30103E-1 2.81249E-1 3.42301E-1 4.51409E-1 7.04702E-1 6.48902E-1 4.53635E-1 2.74462E-1 4.01566E-1 3.08488E-1 2.95754E-1 3.44453E-1 5.51055E-1 3.65261E-1 3.85092E-1 3.94974E-1 5.24563E-1 8.02818E-1 7.89098E-1 5.62591E-1 6.03824E-1 5.54087E-1 6.13974E-1 5.44006E-1 4.62243E-1 4.95307E-1 5.02163E-1 5.26097E-1 6.71142E-1 6.28257E-1 4.94786E-1 5.4838E-1 5.48699E-1 5.14902E-1 5.22925E-1 5.56248E-1 5.32074E-1 5.70566E-1 5.15408E-1 5.47398E-1 5.48975E-1 6.70257E-1 6.76941E-1 5.72804E-1 5.14033E-1 5.39454E-1 5.48348E-1 5.43031E-1 6.34883E-1 6.2802E-1 6.19138E-1 5.74068E-1 5.40891E-1 5.55106E-1 5.8933E-1
6.62175E-1 6.92722E-1 7.07406E-1 6.17031E-1 3.54992E-1 4.18029E-1 7.26888E-1 2.59478E-1 1.89223E-1 2.50047E-1 6.28972E-1 6.01458E-1 3.56632E-1 6.82859E-1 3.6035E-1 4.35896E-1 3.07086E-1 3.84338E-1 4.12757E-1 5.40247E-1 5.6994E-1 4.7165E-1 4.43806E-1 7.64721E-1 6.75155E-1 6.84233E-1 6.4712E-1 6.72186E-1 6.79163E-1 7.37405E-1 7.37423E-1 6.89844E-1 7.32667E-1 6.95058E-1 6.46282E-1 6.40642E-1 5.9032E-1 5.87374E-1 6.22551E-1 4.95267E-1 5.8374E-1 4.56451E-1 5.7476E-1 6.55597E-1 5.3135E-1 5.41386E-1 5.65313E-1 5.94363E-1 6.69209E-1 6.14426E-1 5.30337E-1 5.5354E-1 5.32485E-1 5.19833E-1 5.2439E-1 5.53936E-1 7.09324E-1 6.61914E-1 5.44228E-1 5.68738E-1 5.4402E-1
6.93228E-1 3.06572E-1 5.38263E-1 4.53482E-1 3.93194E-1 2.60256E-1 3.13544E-1 3.70304E-1 3.48658E-1 1.87064E-1 6.1859E-1 2.87375E-1 4.91201E-1 5.9469E-1 6.01585E-1 3.4305E-1 4.18135E-1 5.5418E-1 4.53233E-1 3.21206E-1 5.42268E-1 5.21741E-1 4.19885E-1 6.36136E-1 7.04921E-1 6.29583E-1 6.77929E-1 6.91005E-1 6.95598E-1 6.72956E-1 6.57599E-1 5.96533E-1 5.88683E-1 6.6287E-1 6.54122E-1 6.36961E-1 5.51691E-1 6.67262E-1 5.63121E-1 5.62879E-1 6.76255E-1 6.48273E-1 5.78682E-1 6.73919E-1 6.52425E-1 5.89659E-1 5.71988E-1 5.46719E-1 6.23654E-1 5.32992E-1 5.40619E-1 5.47314E-1 5.35751E-1 5.34502E-1 5.28857E-1 5.3269E-1 6.12219E-1 5.58511E-1 5.33743E-1 5.28252E-1 5.37392E-1
4.69549E-1 3.50957E-1 4.46014E-1 4.31151E-1 4.22541E-1 3.10503E-1 2.72974E-1 3.04436E-1 3.70466E-1 2.57414E-1 3.83584E-1 4.50385E-1 4.27217E-1 5.17191E-1 7.65979E-1 4.22007E-1 6.62765E-1 5.56907E-1 7.5958E-1 5.24048E-1 3.9753E-1 4.79543E-1 4.65469E-1 5.42641E-1 4.64287E-1 4.48205E-1 4.41861E-1 5.41983E-1 6.47161E-1 5.73604E-1 6.64955E-1 5.77885E-1 6.90081E-1 7.00278E-1 6.31302E-1 6.4678E-1 6.68475E-1 6.82765E-1 6.2207E-1 6.84387E-1 6.16278E-1 6.43707E-1 5.82309E-1 6.81636E-1 6.83392E-1 6.89002E-1 6.1512E-1 5.9347E-1 5.53312E-1 5.78185E-1 5.50205E-1 5.42613E-1 5.46314E-1 5.59476E-1 6.52238E-1 7.02323E-1 6.39978E-1 5.33885E-1 5.68909E-1 5.13867E-1 5.3021E-1
4.69662E-1 4.50689E-1 4.6783E-1 5.77796E-1 6.36741E-1 3.64422E-1 4.6549E-1 2.89784E-1 4.22406E-1 3.61336E-1 2.93542E-1 3.06493E-1 3.00587E-1 4.50502E-1 5.17715E-1 5.88091E-1 4.36567E-1 3.07612E-1 4.06545E-1 7.70906E-1 7.71201E-1 3.85567E-1 7.41783E-1 6.45797E-1 4.72119E-1 4.4933E-1 4.86733E-1 5.49987E-1 4.96977E-1 6.66108E-1 7.35953E-1 7.15343E-1 6.44521E-1 7.44917E-1 6.86017E-1 6.82314E-1 7.19675E-1 7.00245E-1 5.25281E-1 5.88698E-1 6.37873E-1 6.62489E-1 4.91129E-1 6.86939E-1 6.45515E-1 6.94032E-1 6.51346E-1 5.4218E-1 5.14092E-1 5.56794E-1 5.53702E-1 5.46672E-1 5.39517E-1 5.36193E-1 6.00994E-1 6.61492E-1 5.38918E-1 5.40151E-1 5.19495E-1 5.17688E-1 5.04989E-1
4.56021E-1 5.0438E-1 5.26061E-1 5.9701E-1 4.6902E-1 4.34281E-1 2.6695E-1 3.36158E-1 4.05177E-1 2.13013E-1 3.58567E-1 2.29646E-1 3.90523E-1 5.58789E-1 4.31952E-1 3.3369E-1 4.61658E-1 5.54152E-1 5.77138E-1 7.9749E-1 7.08744E-1 3.67209E-1 7.13358E-1 7.57269E-1 5.4129E-1 5.62082E-1 5.22058E-1 6.15917E-1 7.09528E-1 5.99229E-1 6.4293E-1 4.87673E-1 4.57237E-1 4.57179E-1 5.35872E-1 5.04548E-1 5.81802E-1 5.43205E-1 5.5559E-1 6.96677E-1 7.83454E-1 6.90025E-1 6.36333E-1 6.84382E-1 6.51293E-1 6.47254E-1 6.75049E-1 6.58099E-1 6.72221E-1 5.36173E-1 5.52341E-1 5.40199E-1 5.22363E-1 5.2672E-1 6.85796E-1 6.87397E-1 6.05848E-1 5.61358E-1 5.64871E-1 5.25104E-1 5.17565E-1
5.34629E-1 3.64189E-1 6.9201E-1 5.39882E-1 5.22795E-1 6.30313E-1 3.1137E-1 4.13219E-1 5.60763E-1 3.35607E-1 2.65174E-1 4.27203E-1 3.58098E-1 4.80585E-1 5.05768E-1 6.91307E-1 5.31754E-1 4.22107E-1 7.7886E-1 6.49085E-1 7.42699E-1 6.70423E-1 6.13838E-1 6.19417E-1 6.13539E-1 6.0631E-1 7.30779E-1 7.62526E-1 7.69049E-1 5.7199E-1 5.6377E-1 5.07806E-1 5.00287E-1 5.19243E-1 5.74586E-1 5.76608E-1 5.11518E-1 4.66407E-1 6.20902E-1 7.28732E-1 5.72147E-1 6.34381E-1 5.69789E-1 6.85953E-1 6.45677E-1 6.77696E-1 5.94616E-1 5.69989E-1 6.75393E-1 5.47968E-1 5.40389E-1 5.06324E-1 5.01843E-1 5.44424E-1 6.60412E-1 6.15995E-1 6.07343E-1 5.47418E-1 5.66384E-1 5.73757E-1 5.47747E-1
7.35635E-1 5.36984E-1 7.05947E-1 5.91369E-1 5.0188E-1 3.99798E-1 2.61442E-1 3.22233E-1 6.72841E-1 4.35612E-1 2.8014E-1 5.28012E-1 3.42835E-1 6.82338E-1 6.71251E-1 6.18131E-1 5.92187E-1 5.33732E-1 4.37685E-1 8.18417E-1 8.04435E-1 3.63734E-1 5.00215E-1 6.72063E-1 7.69079E-1 5.85615E-1 6.42852E-1 7.68974E-1 7.65007E-1 7.84594E-1 7.40056E-1 6.38268E-1 4.90198E-1 5.68538E-1 5.11241E-1 4.7667E-1 4.90199E-1 5.11551E-1 5.11973E-1 4.92738E-1 5.29376E-1 5.71462E-1 5.13157E-1 4.6832E-1 5.94804E-1 6.35902E-1 5.8402E-1 6.43075E-1 6.66607E-1 6.05242E-1 5.35433E-1 5.23026E-1 5.09328E-1 5.38954E-1 6.39271E-1 5.7687E-1 5.88116E-1 5.9691E-1 5.31712E-1 5.55888E-1 5.08784E-1
7.23879E-1 6.60183E-1 8.01353E-1 7.75911E-1 5.58249E-1 5.34037E-1 2.24183E-1 4.64155E-1 5.67883E-1 2.20381E-1 3.03698E-1 3.17253E-1 3.97692E-1 7.65734E-1 7.12481E-1 8.32661E-1 8.27267E-1 5.65753E-1 5.11712E-1 5.67803E-1 8.25915E-1 8.30294E-1 6.71627E-1 5.54268E-1 7.61651E-1 7.58265E-1 7.2429E-1 6.36976E-1 7.69866E-1 7.92361E-1 7.12507E-1 5.37741E-1 4.94108E-1 5.1223E-1 5.20204E-1 5.77834E-1 5.5856E-1 5.61861E-1 5.57849E-1 4.98526E-1 5.33079E-1 5.65551E-1 4.59252E-1 5.61677E-1 6.68382E-1 6.71935E-1 6.59367E-1 6.72407E-1 6.72249E-1 5.98681E-1 5.67956E-1 5.2687E-1 5.22169E-1 5.49358E-1 5.39561E-1 5.25606E-1 5.2403E-1 5.76521E-1 4.95928E-1 5.29581E-1 5.32075E-1
5.93688E-1 7.69091E-1 6.4536E-1 6.78619E-1 4.70754E-1 3.85932E-1 2.33409E-1 5.97977E-1 6.87039E-1 4.70958E-1 2.49957E-1 2.2272E-1 4.99488E-1 7.39881E-1 6.8627E-1 7.9697E-1 8.36398E-1 8.49661E-1 6.09868E-1 5.53669E-1 6.48642E-1 8.07079E-1 8.41879E-1 3.75798E-1 6.88802E-1 7.74308E-1 7.87597E-1 7.28862E-1 7.9953E-1 7.48019E-1 5.20839E-1 5.10772E-1 5.04248E-1 5.0308E-1 4.97449E-1 5.81933E-1 6.90075E-1 7.42745E-1 5.96301E-1 5.17767E-1 6.06749E-1 6.57113E-1 5.99907E-1 5.37033E-1 4.93035E-1 6.86244E-1 6.85295E-1 6.59422E-1 6.99915E-1 6.09579E-1 5.86383E-1 5.57498E-1 5.34209E-1 5.64496E-1 5.1752E-1 5.15246E-1 6.3345E-1 5.58002E-1 5.60791E-1 5.92783E-1 5.04517E-1
4.68515E-1 7.37794E-1 3.72954E-1 6.94281E-1 3.2539E-1 3.03769E-1 3.28401E-1 5.2607E-1 6.34772E-1 4.43698E-1 2.8601E-1 3.41893E-1 5.19959E-1 5.98426E-1 6.17661E-1 7.68834E-1 7.29654E-1 7.66196E-1 7.61513E-1 6.04128E-1 4.33464E-1 8.08334E-1 7.67533E-1 6.37546E-1 3.45949E-1 7.45353E-1 7.88421E-1 7.38052E-1 5.77113E-1 5.21482E-1 5.10604E-1 4.87357E-1 5.29105E-1 5.67046E-1 5.03874E-1 5.27731E-1 6.62561E-1 7.38775E-1 5.2518E-1 5.1266E-1 4.62168E-1 6.60842E-1 5.89418E-1 6.18745E-1 6.76703E-1 6.96101E-1 6.83112E-1 6.08517E-1 6.31246E-1 7.01621E-1 5.88893E-1 5.55536E-1 5.65667E-1 5.63037E-1 4.93247E-1 5.54371E-1 5.45436E-1 5.48121E-1 5.24588E-1 4.91782E-1 4.7565E-1
4.05978E-1 6.69744E-1 4.15438E-1 3.982E-1 4.81024E-1 1.78949E-1 3.73143E-1 3.61465E-1 3.66379E-1 4.42895E-1 4.02288E-1 2.76219E-1 4.69148E-1 6.67188E-1 6.94233E-1 7.47235E-1 7.669E-1 7.67652E-1 8.09456E-1 7.69685E-1 6.0284E-1 4.23449E-1 7.86809E-1 4.98778E-1 4.21622E-1 6.49129E-1 7.30889E-1 6.25294E-1 4.837E-1 4.9885E-1 4.58414E-1 4.33304E-1 4.92595E-1 5.01031E-1 5.08418E-1 4.82092E-1 6.51365E-1 5.72819E-1 5.49283E-1 4.78443E-1 5.36451E-1 5.8505E-1 5.44108E-1 4.88884E-1 6.86132E-1 6.75321E-1 6.66167E-1 5.90013E-1 6.74228E-1 6.52024E-1 6.44337E-1 5.42983E-1 5.53562E-1 5.2034E-1 5.02168E-1 4.98996E-1 5.41684E-1 5.77251E-1 5.52512E-1 5.3666E-1 5.58061E-1
4.10021E-1 7.0026E-1 2.68777E-1 4.13947E-1 6.8059E-1 2.9318E-1 4.2486E-1 4.65857E-1 3.62562E-1 2.17667E-1 3.3637E-1 3.17264E-1 6.11208E-1 7.27965E-1 8.83423E-1 6.99685E-1 7.42307E-1 6.11917E-1 6.13052E-1 6.82991E-1 7.04437E-1 4.26028E-1 4.60598E-1 6.80557E-1 4.88353E-1 4.46043E-1 6.56964E-1 6.0335E-1 5.19254E-1 5.51284E-1 4.47249E-1 5.53429E-1 5.53909E-1 5.13049E-1 4.58459E-1 4.67861E-1 5.10176E-1 6.0323E-1 6.20538E-1 7.11006E-1 6.90717E-1 6.99165E-1 5.51225E-1 6.42078E-1 6.78982E-1 6.16392E-1 5.71649E-1 5.92967E-1 6.38327E-1 6.02812E-1 6.04849E-1 5.51062E-1 5.15788E-1 5.58261E-1 5.25472E-1 4.95656E-1 5.98668E-1 5.3274E-1 5.29672E-1 5.049E-1 5.12987E-1
5.05874E-1 4.05362E-1 1.87318E-1 5.29184E-1 7.39064E-1 4.66985E-1 5.6621E-1 4.28024E-1 4.47089E-1 3.62495E-1 2.61739E-1 3.58147E-1 4.79421E-1 7.09566E-1 8.25857E-1 7.64307E-1 5.85985E-1 5.80672E-1 6.18692E-1 6.26914E-1 6.00549E-1 5.96983E-1 6.22226E-1 6.25344E-1 5.11583E-1 4.35371E-1 6.46325E-1 6.89295E-1 4.90033E-1 4.83603E-1 5.02723E-1 5.65751E-1 5.13274E-1 5.23673E-1 5.1436E-1 4.83942E-1 4.70587E-1 4.73328E-1 5.46474E-1 7.19687E-1 7.53124E-1 6.77719E-1 6.14587E-1 5.61547E-1 5.41905E-1 5.80288E-1 6.59537E-1 6.2129E-1 6.38115E-1 6.33652E-1 6.07872E-1 5.40418E-1 5.24085E-1 5.34498E-1 5.2658E-1 5.39975E-1 6.58361E-1 5.62211E-1 5.198E-1 5.76438E-1 5.73504E-1
7.11568E-1 5.10484E-1 2.55722E-1 6.2248E-1 8.07009E-1 6.54107E-1 6.71101E-1 4.06599E-1 4.3492E-1 3.07342E-1 2.68043E-1 4.29547E-1 4.93776E-1 4.92492E-1 7.2664E-1 6.15512E-1 6.08422E-1 6.16783E-1 6.12336E-1 6.23501E-1 6.06843E-1 6.43938E-1 6.13138E-1 6.02442E-1 6.10003E-1 6.13604E-1 5.97556E-1 5.91458E-1 5.10418E-1 5.21592E-1 6.18999E-1 5.87716E-1 5.17126E-1 4.63242E-1 4.66664E-1 4.697E-1 4.1934E-1 4.40196E-1 4.48685E-1 4.61117E-1 4.77746E-1 5.23886E-1 4.342E-1 5.50801E-1 5.93997E-1 4.89181E-1 5.92663E-1 6.57609E-1 6.01319E-1 7.39094E-1 6.64679E-1 6.08939E-1 5.77712E-1 5.38648E-1 6.08503E-1 6.08555E-1 5.66585E-1 4.99395E-1 5.41067E-1 5.31528E-1 5.28119E-1
6.83958E-1 3.86608E-1 2.12413E-1 5.6272E-1 7.29761E-1 6.35148E-1 7.23802E-1 4.7512E-1 4.58448E-1 3.52767E-1 3.68116E-1 4.69644E-1 6.78064E-1 6.23367E-1 5.93327E-1 6.30144E-1 6.08866E-1 6.20559E-1 6.15224E-1 6.11322E-1 6.23535E-1 5.96833E-1 5.83232E-1 6.12418E-1 6.1097E-1 6.20023E-1 6.03748E-1 5.8497E-1 5.89693E-1 5.83215E-1 5.249E-1 4.97174E-1 5.27268E-1 6.20918E-1 5.29239E-1 5.12635E-1 5.06829E-1 4.29869E-1 4.35764E-1 4.69423E-1 5.2967E-1 4.50171E-1 3.57824E-1 4.68348E-1 4.04868E-1 4.627E-1 5.28868E-1 5.72206E-1 5.21946E-1 6.67714E-1 7.17313E-1 6.82366E-1 6.01033E-1 5.78763E-1 5.6156E-1 5.17125E-1 4.85016E-1 5.25421E-1 5.34988E-1 5.33998E-1 6.0841E-1
6.76199E-1 1.98013E-1 2.11246E-1 5.94501E-1 5.36871E-1 5.86936E-1 5.19178E-1 7.23375E-1 4.52082E-1 4.91318E-1 4.08247E-1 5.25944E-1 6.69275E-1 8.25663E-1 6.16905E-1 6.08211E-1 6.01358E-1 6.08013E-1 6.05678E-1 6.02415E-1 6.33047E-1 6.32883E-1 6.38624E-1 6.16044E-1 5.84932E-1 5.62889E-1 5.70611E-1 5.87008E-1 5.70709E-1 5.81296E-1 5.57536E-1 5.79273E-1 6.10379E-1 4.58453E-1 5.13122E-1 4.66155E-1 4.79977E-1 5.33054E-1 5.50946E-1 4.7663E-1 4.22729E-1 3.74799E-1 3.96216E-1 5.25265E-1 5.19425E-1 5.09903E-1 5.53187E-1 5.76722E-1 4.34687E-1 3.24598E-1 7.10142E-1 5.18079E-1 5.67326E-1 6.40797E-1 6.03355E-1 5.74841E-1 6.2796E-1 4.99259E-1 5.13962E-1 5.45268E-1 6.04473E-1
6.09568E-1 3.01025E-1 2.64472E-1 5.40956E-1 4.61675E-1 5.47175E-1 5.34929E-1 7.89267E-1 5.79704E-1 5.87268E-1 5.56523E-1 4.61954E-1 6.61065E-1 6.95477E-1 6.12768E-1 6.26043E-1 5.74893E-1 6.1351E-1 6.1482E-1 7.80563E-1 8.04916E-1 6.17882E-1 5.95324E-1 5.93905E-1 5.69441E-1 5.84296E-1 5.60282E-1 5.58941E-1 5.50262E-1 5.4818E-1 5.54976E-1 5.20669E-1 5.19631E-1 5.42434E-1 5.54351E-1 5.84517E-1 4.379E-1 6.14569E-1 4.70916E-1 5.02751E-1 5.19608E-1 4.43419E-1 5.65001E-1 6.23811E-1 4.43028E-1 5.47263E-1 5.89128E-1 6.39368E-1 6.08007E-1 4.93286E-1 5.74899E-1 4.37001E-1 5.89116E-1 6.22019E-1 5.90698E-1 6.3341E-1 6.14111E-1 6.46715E-1 5.87994E-1 5.3336E-1 4.92856E-1
5.0182E-1 3.44857E-1 2.4658E-1 5.55956E-1 4.52771E-1 5.45699E-1 7.20818E-1 7.27618E-1 5.27461E-1 5.23038E-1 5.14631E-1 5.27152E-1 5.85847E-1 6.02975E-1 6.00778E-1 6.14999E-1 6.00341E-1 6.10393E-1 6.09495E-1 8.48172E-1 8.1808E-1 5.96164E-1 5.47945E-1 5.84372E-1 6.07514E-1 5.72242E-1 5.53133E-1 5.47735E-1 5.48849E-1 5.51218E-1 5.35041E-1 5.14505E-1 5.34225E-1 5.23906E-1 5.36944E-1 4.72532E-1 4.41301E-1 6.2573E-1 5.95636E-1 5.93096E-1 4.55075E-1 5.61091E-1 6.62266E-1 6.27152E-1 6.31817E-1 6.83869E-1 6.61445E-1 7.37922E-1 6.90903E-1 5.19042E-1 4.58978E-1 4.05831E-1 5.44247E-1 5.02196E-1 5.86152E-1 6.61169E-1 5.44944E-1 6.11338E-1 6.29376E-1 6.38906E-1 4.72272E-1
3.4015E-1 1.8366E-1 3.10668E-1 6.85964E-1 5.23005E-1 5.77451E-1 8.36164E-1 5.42319E-1 5.80665E-1 5.35769E-1 5.24524E-1 5.27942E-1 5.72942E-1 6.06101E-1 5.92759E-1 5.94635E-1 5.94642E-1 5.92398E-1 5.97805E-1 7.64154E-1 6.18746E-1 6.01959E-1 5.90965E-1 5.59018E-1 5.58386E-1 5.58039E-1 5.55242E-1 5.62353E-1 5.27432E-1 5.31875E-1 5.14996E-1 5.09912E-1 5.18137E-1 5.11985E-1 5.33822E-1 4.56385E-1 4.42298E-1 5.2175E-1 7.1311E-1 5.58064E-1 4.6959E-1 4.37141E-1 4.95471E-1 6.07063E-1 5.67777E-1 5.89456E-1 7.47015E-1 7.70206E-1 6.41431E-1 6.17097E-1 5.8448E-1 4.27793E-1 3.7902E-1 4.60155E-1 6.5262E-1 5.87374E-1 5.3164E-1 5.07515E-1 6.0603E-1 5.73591E-1 4.71781E-1
