Candidate_Models_Sept202022/M_0.1_F_lqp_Set_1_cal/Bison.asc
ncols         97
nrows         127
xllcorner     -2197417.7431653
yllcorner     -584827.01486885
cellsize      30000.0
NODATA_value  -9999
[rows 0 to 26 of 127, columns 0 to 60 of 97]
-9999 -9999 -9999 -9999 -9999 -9999 -9999 -9999 -9999 -9999 -9999 -9999 -9999 -9999 -9999 -9999 -9999 -9999 -9999 -9999 -9999 -9999 -9999 -9999 -9999 -9999 -9999 -9999 -9999 -9999 -9999 -9999 -9999 -9999 -9999 -9999 -9999 -9999 -9999 -9999 -9999 -9999 -9999 -9999 -9999 -9999 -9999 -9999 -9999 -9999 -9999 -9999 -9999 -9999 -9999 -9999 -9999 -9999 -9999 -9999 -9999
-9999 -9999 -9999 -9999 -9999 -9999 -9999 -9999 -9999 -9999 -9999 -9999 -9999 -9999 -9999 -9999 -9999 -9999 -9999 -9999 -9999 -9999 -9999 -9999 -9999 -9999 -9999 -9999 -9999 -9999 -9999 -9999 -9999 -9999 -9999 -9999 -9999 -9999 -9999 -9999 -9999 -9999 -9999 -9999 -9999 -9999 -9999 -9999 -9999 -9999 -9999 -9999 -9999 -9999 -9999 -9999 -9999 -9999 -9999 -9999 -9999
-9999 -9999 -9999 -9999 -9999 -9999 -9999 -9999 -9999 -9999 -9999 -9999 -9999 -9999 -9999 -9999 -9999 -9999 -9999 -9999 -9999 -9999 -9999 -9999 -9999 -9999 -9999 -9999 -9999 -9999 -9999 -9999 -9999 -9999 -9999 -9999 -9999 -9999 -9999 -9999 -9999 -9999 -9999 -9999 -9999 -9999 -9999 -9999 -9999 -9999 -9999 -9999 -9999 -9999 -9999 -9999 -9999 -9999 -9999 -9999 -9999
-9999 -9999 -9999 -9999 -9999 -9999 -9999 -9999 -9999 -9999 -9999 -9999 -9999 -9999 -9999 -9999 -9999 -9999 -9999 2.46445E-2 1.76812E-2 1.01503E-2 2.59014E-2 -9999 -9999 -9999 -9999 -9999 -9999 -9999 -9999 -9999 -9999 -9999 -9999 -9999 -9999 -9999 -9999 -9999 -9999 -9999 -9999 -9999 -9999 -9999 -9999 -9999 -9999 -9999 -9999 -9999 -9999 -9999 -9999 -9999 -9999 -9999 -9999 -9999 -9999
-9999 -9999 -9999 -9999 -9999 -9999 -9999 -9999 -9999 -9999 -9999 -9999 -9999 -9999 -9999 -9999 -9999 -9999 2.58609E-2 2.32178E-2 2.46464E-2 2.92064E-2 2.44424E-2 2.36193E-2 1.22605E-2 -9999 -9999 -9999 -9999 -9999 -9999 -9999 -9999 -9999 -9999 -9999 -9999 -9999 -9999 -9999 -9999 -9999 -9999 -9999 -9999 -9999 -9999 -9999 -9999 -9999 -9999 -9999 -9999 -9999 -9999 -9999 -9999 -9999 -9999 -9999 -9999
-9999 -9999 -9999 -9999 -9999 -9999 -9999 -9999 -9999 -9999 -9999 -9999 -9999 -9999 -9999 -9999 -9999 -9999 1.91733E-2 1.69363E-2 1.83305E-2 2.33868E-2 2.17509E-2 1.24193E-2 9.17993E-3 -9999 -9999 -9999 -9999 -9999 -9999 -9999 -9999 -9999 -9999 -9999 -9999 -9999 -9999 -9999 -9999 -9999 -9999 -9999 -9999 -9999 -9999 -9999 -9999 -9999 -9999 -9999 -9999 -9999 -9999 -9999 -9999 -9999 -9999 -9999 -9999
-9999 -9999 -9999 -9999 -9999 -9999 -9999 -9999 -9999 -9999 -9999 -9999 -9999 -9999 -9999 -9999 -9999 1.3767E-2 1.9587E-2 5.61383E-3 6.65074E-3 1.06405E-2 1.65388E-2 1.23348E-2 7.38445E-3 6.77857E-3 -9999 9.71441E-3 9.85824E-3 1.21477E-2 -9999 -9999 -9999 -9999 -9999 -9999 -9999 -9999 1.03241E-2 -9999 -9999 -9999 -9999 -9999 -9999 -9999 -9999 -9999 -9999 -9999 -9999 -9999 -9999 -9999 -9999 -9999 -9999 -9999 -9999 -9999 -9999
-9999 -9999 -9999 -9999 -9999 -9999 -9999 -9999 -9999 -9999 -9999 -9999 -9999 -9999 -9999 -9999 1.92571E-2 1.91962E-2 5.83932E-3 4.21929E-3 3.74029E-3 4.36561E-3 7.9112E-3 1.15089E-2 9.56255E-3 7.24966E-3 9.86113E-3 8.82676E-3 8.89435E-3 9.85782E-3 1.07014E-2 1.16547E-2 1.01095E-2 9.78653E-3 9.94817E-3 1.06626E-2 1.112E-2 -9999 9.24999E-3 8.66615E-3 -9999 -9999 -9999 -9999 -9999 -9999 -9999 -9999 -9999 -9999 -9999 -9999 -9999 -9999 -9999 -9999 -9999 -9999 -9999 -9999 -9999
-9999 -9999 -9999 -9999 -9999 -9999 -9999 -9999 -9999 -9999 -9999 -9999 -9999 -9999 -9999 3.63731E-2 3.81647E-2 1.8529E-2 4.38814E-3 3.27082E-3 2.35399E-3 2.60858E-3 5.20212E-3 1.11909E-2 1.22526E-2 9.26452E-3 1.7417E-2 1.87974E-2 9.54366E-3 7.96201E-3 9.05078E-3 9.60551E-3 9.91887E-3 1.0039E-2 1.04472E-2 1.43961E-2 1.23728E-2 1.30747E-2 9.58536E-3 9.57982E-3 -9999 -9999 -9999 -9999 -9999 -9999 -9999 -9999 -9999 -9999 -9999 -9999 -9999 -9999 -9999 -9999 -9999 -9999 -9999 -9999 -9999
-9999 -9999 -9999 -9999 -9999 -9999 -9999 -9999 -9999 -9999 -9999 -9999 -9999 -9999 -9999 5.00451E-2 3.64994E-2 1.71139E-2 4.28178E-3 4.76327E-3 5.9787E-3 6.7383E-3 6.88576E-3 9.3685E-3 1.23829E-2 9.76229E-3 1.65638E-2 1.60847E-2 8.60269E-3 8.45537E-3 1.36305E-2 1.20704E-2 1.18507E-2 1.58736E-2 1.28748E-2 1.72988E-2 1.966E-2 1.64724E-2 1.27604E-2 -9999 -9999 -9999 8.82318E-3 -9999 -9999 -9999 -9999 -9999 -9999 -9999 -9999 -9999 -9999 -9999 -9999 -9999 -9999 -9999 -9999 -9999 -9999
-9999 -9999 -9999 -9999 -9999 -9999 -9999 -9999 -9999 -9999 -9999 -9999 -9999 -9999 1.99589E-2 3.65253E-2 2.75741E-2 1.49836E-2 1.17689E-2 6.89811E-3 8.39956E-3 8.35968E-3 1.03376E-2 1.10471E-2 1.03E-2 2.00225E-2 1.92887E-2 1.40742E-2 1.57141E-2 9.41637E-3 1.89653E-2 1.3461E-2 1.10025E-2 1.87347E-2 2.81027E-2 2.57886E-2 2.56964E-2 1.76702E-2 1.31817E-2 -9999 -9999 8.63793E-3 -9999 -9999 -9999 -9999 -9999 -9999 -9999 -9999 -9999 -9999 -9999 -9999 -9999 -9999 -9999 -9999 -9999 -9999 -9999
-9999 -9999 -9999 -9999 -9999 -9999 -9999 -9999 -9999 -9999 -9999 -9999 -9999 1.46321E-2 3.91182E-2 4.5084E-2 3.25422E-2 1.29197E-2 1.0467E-2 7.6284E-3 9.42422E-3 1.18037E-2 1.77442E-2 1.50538E-2 1.62173E-2 1.91491E-2 1.85922E-2 1.702E-2 8.24313E-3 7.55501E-3 9.02541E-3 1.43516E-2 1.45819E-2 2.32726E-2 2.87732E-2 2.89902E-2 3.07161E-2 1.70497E-2 1.37198E-2 9.58032E-3 7.09146E-3 7.84547E-3 -9999 1.03498E-2 1.00225E-2 -9999 -9999 -9999 -9999 -9999 -9999 -9999 -9999 -9999 -9999 -9999 -9999 -9999 -9999 -9999 -9999
-9999 -9999 -9999 -9999 -9999 -9999 -9999 -9999 -9999 -9999 -9999 -9999 -9999 4.18148E-2 3.97917E-2 2.63234E-2 1.6376E-2 1.2638E-2 1.57083E-2 2.57077E-3 5.58851E-3 6.4375E-3 1.21763E-2 9.62424E-3 1.00354E-2 1.49353E-2 1.58785E-2 9.178E-3 9.13588E-3 8.34977E-3 1.42446E-2 1.58774E-2 2.08783E-2 2.00985E-2 2.46351E-2 3.23255E-2 1.5028E-2 1.51649E-2 1.04783E-2 7.31847E-3 6.9367E-3 1.15718E-2 1.12838E-2 1.17255E-2 1.2382E-2 1.30357E-2 -9999 -9999 -9999 -9999 -9999 -9999 -9999 -9999 -9999 -9999 -9999 -9999 -9999 -9999 -9999
-9999 -9999 -9999 -9999 -9999 -9999 -9999 -9999 -9999 -9999 -9999 -9999 4.22299E-2 3.98113E-2 3.38881E-2 1.84046E-2 1.2745E-2 1.10791E-2 1.75898E-2 7.79101E-3 6.38871E-3 7.66564E-3 8.59572E-3 1.25157E-2 1.19943E-2 6.78173E-3 1.21463E-2 5.10933E-3 2.08567E-2 2.65638E-2 2.03952E-2 1.29429E-2 1.11636E-2 1.45487E-2 1.57099E-2 1.80783E-2 1.06548E-2 1.18468E-2 1.06884E-2 7.03581E-3 6.36968E-3 7.3809E-3 1.16234E-2 1.37923E-2 1.51309E-2 1.39046E-2 1.21602E-2 -9999 -9999 -9999 5.0924E-3 4.07129E-3 -9999 -9999 -9999 -9999 -9999 -9999 -9999 -9999 -9999
-9999 -9999 -9999 -9999 -9999 -9999 -9999 -9999 -9999 -9999 -9999 2.92837E-2 2.4943E-2 2.99841E-2 1.63429E-2 1.45329E-2 7.90938E-3 5.52608E-3 9.18953E-3 1.00329E-2 7.62434E-3 1.3716E-2 1.57133E-2 1.81036E-2 5.31596E-3 4.13306E-3 1.75207E-2 1.70686E-2 1.25188E-2 1.11874E-2 1.24367E-2 1.43894E-2 8.68026E-3 8.35711E-3 1.93467E-2 2.33356E-2 2.00214E-2 1.56042E-2 1.29485E-2 7.8734E-3 7.36934E-3 7.68655E-3 9.36201E-3 1.13431E-2 1.17129E-2 1.22925E-2 1.1436E-2 9.79331E-3 -9999 -9999 -9999 5.0588E-3 4.38199E-3 -9999 -9999 -9999 -9999 -9999 -9999 -9999 -9999
-9999 -9999 -9999 -9999 -9999 -9999 -9999 -9999 -9999 -9999 -9999 3.01943E-2 1.52631E-2 1.07462E-2 7.22592E-3 3.71044E-3 4.24217E-3 6.36064E-3 4.37294E-3 6.97062E-3 1.11327E-2 1.1939E-2 1.64386E-2 2.08974E-2 3.42799E-3 4.80761E-3 1.3565E-2 2.79434E-2 3.48286E-2 2.65867E-2 1.1975E-2 9.92335E-3 7.06174E-3 7.7287E-3 1.91935E-2 2.10209E-2 1.61759E-2 1.35318E-2 1.0493E-2 7.8118E-3 9.0185E-3 9.42071E-3 9.13378E-3 1.30256E-2 8.691E-3 9.71028E-3 8.9802E-3 8.11225E-3 8.27428E-3 -9999 -9999 5.55637E-3 5.00011E-3 4.85591E-3 4.91726E-3 -9999 -9999 -9999 -9999 -9999 -9999
-9999 -9999 -9999 -9999 -9999 -9999 -9999 -9999 -9999 -9999 2.54498E-2 3.68871E-2 2.83135E-2 8.43272E-3 3.26721E-3 3.29122E-3 4.56577E-3 4.41883E-3 5.826E-3 6.31096E-3 2.34165E-2 1.31313E-2 7.18493E-3 1.98596E-2 5.79742E-3 6.83422E-3 5.95029E-3 8.13242E-3 2.681E-2 1.16265E-2 1.49841E-2 9.302E-3 1.87163E-2 1.27589E-2 2.54865E-2 2.81071E-2 2.51638E-2 2.03855E-2 2.14746E-2 1.09492E-2 9.3964E-3 9.58125E-3 9.61744E-3 1.071E-2 8.76855E-3 7.91962E-3 7.25953E-3 8.11638E-3 8.0447E-3 7.35051E-3 6.80708E-3 8.7877E-3 -9999 -9999 5.41101E-3 5.53297E-3 -9999 -9999 -9999 -9999 -9999
-9999 -9999 -9999 -9999 -9999 -9999 -9999 -9999 -9999 5.79452E-2 2.28871E-2 3.14983E-2 1.20733E-2 6.53979E-3 3.95143E-3 4.5508E-3 4.34718E-3 4.40235E-3 4.73536E-3 9.79959E-3 2.21066E-2 2.11256E-2 1.10447E-2 1.25669E-2 4.40637E-3 6.05587E-3 7.46419E-3 5.61868E-3 9.19361E-3 1.44122E-2 2.84285E-2 1.59701E-2 1.39477E-2 2.61282E-2 2.67863E-2 2.38387E-2 2.52133E-2 3.69483E-2 3.74605E-2 2.83435E-2 9.85714E-3 9.3588E-3 8.5417E-3 9.53969E-3 8.81873E-3 7.01563E-3 7.3356E-3 8.1052E-3 7.47928E-3 6.50052E-3 6.72539E-3 7.1931E-3 6.60644E-3 -9999 5.13469E-3 5.59589E-3 5.31936E-3 4.63183E-3 -9999 -9999 -9999
-9999 -9999 -9999 -9999 -9999 -9999 -9999 -9999 2.41507E-2 3.40195E-2 4.23229E-2 2.70174E-2 1.23896E-2 1.08929E-2 1.33909E-2 1.05579E-2 6.96541E-3 9.00202E-3 7.20217E-3 9.83944E-3 1.53014E-2 1.46407E-2 2.2335E-2 2.04992E-2 6.81319E-3 6.94654E-3 5.06079E-3 4.69613E-3 5.89174E-3 5.6613E-3 2.0127E-2 2.12584E-2 2.30583E-2 3.14541E-2 3.11131E-2 2.22813E-2 2.59781E-2 4.10157E-2 4.35216E-2 5.74455E-2 1.90395E-2 1.11868E-2 8.44809E-3 9.01164E-3 7.88708E-3 6.73875E-3 7.88952E-3 8.39917E-3 7.47276E-3 6.5786E-3 6.65467E-3 6.74674E-3 7.19333E-3 7.69727E-3 5.73315E-3 5.68063E-3 4.76232E-3 4.44441E-3 4.31184E-3 3.77372E-3 3.79737E-3
-9999 -9999 -9999 -9999 -9999 -9999 -9999 -9999 1.85187E-2 1.29709E-2 3.58609E-2 3.97282E-2 2.49111E-2 1.56654E-2 1.76883E-2 3.16472E-2 1.59176E-2 1.22705E-2 1.0954E-2 9.82706E-3 1.12475E-2 1.26757E-2 1.25753E-2 2.00552E-2 1.06118E-2 1.61537E-2 7.72596E-3 5.70283E-3 1.19329E-2 1.27735E-2 2.29811E-2 2.63793E-2 2.94985E-2 3.71302E-2 3.10932E-2 3.09789E-2 3.19632E-2 3.95489E-2 3.89277E-2 4.69241E-2 2.70972E-2 1.03599E-2 9.28651E-3 8.99873E-3 8.61404E-3 8.6187E-3 8.83099E-3 9.53272E-3 9.14941E-3 7.03539E-3 6.55551E-3 7.54322E-3 8.08263E-3 7.84789E-3 -9999 6.27279E-3 5.51696E-3 5.99908E-3 4.6026E-3 3.94952E-3 3.66496E-3
-9999 -9999 -9999 -9999 -9999 -9999 -9999 4.41613E-2 4.50308E-2 2.83424E-2 4.28313E-2 4.1802E-2 4.87694E-2 2.99051E-2 1.97667E-2 2.62812E-2 1.98556E-2 1.78339E-2 1.29482E-2 9.09024E-3 1.14927E-2 1.67376E-2 1.04013E-2 1.36278E-2 8.20622E-3 2.01824E-2 2.59145E-2 1.12323E-2 1.8862E-2 2.27957E-2 2.7015E-2 3.1702E-2 3.55292E-2 4.79468E-2 5.14474E-2 5.524E-2 2.26126E-2 3.90373E-2 2.86521E-2 5.06562E-2 2.06225E-2 1.20408E-2 1.08566E-2 9.84115E-3 1.01066E-2 9.55507E-3 9.29677E-3 9.71864E-3 9.57998E-3 9.44094E-3 8.47534E-3 8.23944E-3 -9999 -9999 -9999 -9999 -9999 -9999 -9999 -9999 -9999
-9999 -9999 -9999 -9999 -9999 -9999 3.99146E-2 6.45757E-2 5.03189E-2 4.9927E-2 5.87168E-2 3.83127E-2 4.8361E-2 4.4369E-2 5.10182E-2 1.78067E-2 2.33178E-2 2.25142E-2 2.64406E-2 9.72023E-3 1.05016E-2 9.29178E-3 4.84343E-3 8.08741E-3 8.4529E-3 1.06734E-2 2.41424E-2 2.8581E-2 1.54208E-2 1.31032E-2 1.81386E-2 1.8733E-2 3.77815E-2 6.85135E-2 6.11596E-2 2.4043E-2 5.18606E-2 3.24513E-2 5.89823E-2 5.98065E-2 1.59257E-2 2.51016E-2 1.53109E-2 1.3121E-2 1.15954E-2 1.07904E-2 1.06883E-2 1.08174E-2 1.07944E-2 9.36661E-3 9.46166E-3 9.69736E-3 8.6018E-3 9.27499E-3 -9999 -9999 -9999 -9999 -9999 -9999 -9999
-9999 -9999 -9999 -9999 -9999 -9999 4.51216E-2 4.79365E-2 4.05758E-2 4.81445E-2 5.06402E-2 2.61218E-2 4.98117E-2 2.49332E-2 2.81056E-2 3.50973E-2 3.93025E-2 4.11766E-2 3.41676E-2 2.29856E-2 8.18668E-3 9.42879E-3 5.405E-3 6.57799E-3 7.03956E-3 1.61039E-2 1.49798E-2 1.82439E-2 2.56114E-2 1.12248E-2 3.42751E-2 3.08274E-2 5.1319E-2 2.48461E-2 2.60788E-2 3.64975E-2 5.27461E-2 5.60054E-2 3.51795E-2 4.01076E-2 2.52129E-2 2.88701E-2 1.55824E-2 1.58422E-2 1.89804E-2 1.82507E-2 1.76716E-2 1.28744E-2 1.30881E-2 9.86631E-3 9.02493E-3 6.37323E-3 6.07416E-3 6.68814E-3 7.08177E-3 8.2147E-3 7.26157E-3 6.12276E-3 6.33242E-3 6.97434E-3 4.92649E-3
-9999 -9999 -9999 -9999 -9999 3.81086E-2 4.36878E-2 4.18186E-2 3.18408E-2 5.59769E-2 6.46057E-2 6.23527E-2 4.52399E-2 3.56252E-2 3.16692E-2 3.3571E-2 4.75961E-2 5.29253E-2 3.75053E-2 3.27058E-2 2.60419E-2 2.10958E-2 1.10591E-2 1.04419E-2 1.6007E-2 1.10827E-2 7.64536E-3 7.74764E-3 2.8495E-2 2.20634E-2 9.76764E-3 3.77472E-2 5.07053E-2 5.61193E-2 3.08185E-2 3.16523E-2 5.04303E-2 -9999 -9999 2.5046E-2 -9999 -9999 -9999 4.34911E-2 2.85135E-2 1.78357E-2 1.39286E-2 1.16306E-2 9.91869E-3 1.05673E-2 9.74672E-3 6.02247E-3 5.64516E-3 5.63742E-3 6.65626E-3 7.86455E-3 4.63107E-3 4.8419E-3 4.17706E-3 4.80065E-3 5.12016E-3
-9999 -9999 -9999 -9999 6.79469E-3 1.93409E-2 2.32266E-2 2.92697E-2 3.89533E-2 6.17033E-2 9.79656E-2 7.37082E-2 4.04013E-2 2.8338E-2 4.43516E-2 5.88893E-2 5.16956E-2 4.91874E-2 4.64013E-2 5.3716E-2 5.77157E-2 3.23665E-2 2.2431E-2 1.80075E-2 1.41348E-2 9.92996E-3 9.76527E-3 7.78936E-3 8.72131E-3 1.22714E-2 2.97413E-2 3.70468E-2 6.01367E-2 6.39961E-2 1.18561E-2 4.39703E-2 4.85829E-2 5.93306E-2 1.0475E-1 5.81647E-2 1.06469E-1 -9999 2.73941E-2 4.54559E-2 2.2587E-2 1.48137E-2 1.62332E-2 2.27501E-2 1.44969E-2 1.67301E-2 1.16211E-2 5.57779E-3 6.28309E-3 5.97114E-3 5.5425E-3 4.27372E-3 3.5057E-3 3.92904E-3 3.20345E-3 3.68012E-3 5.20708E-3
-9999 -9999 -9999 2.57886E-2 4.82373E-2 5.01996E-2 4.48776E-2 3.28651E-2 4.6816E-2 1.33348E-1 8.76535E-2 9.84765E-2 6.3313E-2 3.28801E-2 4.69135E-2 4.11196E-2 4.4112E-2 4.53485E-2 6.95152E-2 6.56593E-2 4.00154E-2 1.6083E-2 1.49131E-2 2.01393E-2 7.69305E-3 6.2895E-3 8.48224E-3 1.07932E-2 1.0978E-2 6.51087E-3 2.3267E-2 4.85296E-2 5.02745E-2 4.31316E-2 2.97319E-2 4.93932E-2 6.01247E-2 5.0726E-2 5.54817E-2 4.06976E-2 8.30586E-2 4.56127E-2 -9999 -9999 1.50081E-2 1.88682E-2 6.81097E-2 5.72777E-2 2.31653E-2 1.26708E-2 1.85614E-2 9.44211E-3 6.38626E-3 6.56202E-3 5.4209E-3 3.80022E-3 3.69933E-3 3.62303E-3 3.56591E-3 3.34414E-3 5.16511E-3
-9999 -9999 -9999 9.97389E-4 3.48146E-2 6.66089E-2 6.79964E-2 6.43742E-2 6.94199E-2 8.31847E-2 4.64419E-2 7.97283E-2 5.88214E-2 5.2347E-2 4.00686E-2 3.11435E-2 3.84655E-2 3.86283E-2 4.49378E-2 2.76942E-2 1.75855E-2 1.15624E-2 6.43518E-3 9.02382E-3 9.05113E-3 9.46076E-3 1.04212E-2 1.93496E-2 9.37582E-3 1.06652E-2 1.56828E-2 3.59403E-2 2.37316E-2 3.23908E-2 2.54157E-2 4.09084E-2 5.68484E-2 7.56587E-2 3.78773E-2 1.80693E-2 -9999 -9999 -9999 -9999 -9999 1.28563E-1 1.16676E-1 5.01477E-2 1.9464E-2 1.45852E-2 1.29377E-2 2.60442E-2 6.93709E-3 7.11796E-3 4.64447E-3 3.37772E-3 3.75935E-3 3.86723E-3 4.49155E-3 5.9982E-3 9.68571E-3
