Candidate_Models_Sept202022/M_0.1_F_lqp_Set_1_cal/Bison.asc
ncols         97
nrows         127
xllcorner     -2197417.7431653
yllcorner     -584827.01486885
cellsize      30000.0
NODATA_value  -9999
[rows 54 to 80 of 127, columns 0 to 60 of 97]
-9999 -9999 -9999 -9999 6.44827E-2 1.97257E-2 3.59935E-3 1.66192E-2 1.53339E-2 8.53927E-4 6.29451E-4 1.21009E-3 1.61505E-3 5.22919E-3 1.12974E-2 9.58591E-3 1.74722E-2 2.55544E-2 3.31796E-2 4.8504E-2 7.40508E-2 8.75909E-2 8.3761E-2 1.0016E-1 5.24123E-2 7.87883E-2 1.0985E-1 9.81423E-2 1.3215E-1 1.22212E-1 1.10015E-1 1.02868E-1 1.14947E-1 1.24387E-1 1.26189E-1 1.38775E-1 1.38706E-1 1.32408E-1 1.29798E-1 1.54994E-1 2.56684E-1 2.56644E-1 1.96682E-1 1.60809E-1 1.64666E-1 1.25727E-1 1.45002E-1 1.16365E-1 9.39099E-2 8.57513E-2 9.4313E-2 1.08423E-1 7.87746E-2 1.30994E-1 1.52453E-1 7.71418E-2 9.52643E-2 8.20091E-2 7.91491E-2 8.48729E-2 5.46375E-2
-9999 -9999 -9999 -9999 -9999 1.22967E-2 2.60147E-3 8.01122E-3 9.77675E-2 7.83846E-3 3.48761E-4 4.09269E-4 1.016E-2 5.25371E-3 1.10157E-2 5.85453E-3 6.66004E-3 1.61306E-2 4.16838E-2 3.0125E-2 7.68919E-2 9.43223E-2 1.12077E-1 1.61097E-1 4.82499E-2 5.87918E-2 9.66104E-2 1.07153E-1 1.86566E-1 1.71025E-1 1.24693E-1 1.06719E-1 1.1342E-1 1.2442E-1 1.21921E-1 1.56708E-1 1.58671E-1 1.44378E-1 1.79116E-1 1.82888E-1 2.51368E-1 3.04628E-1 1.97798E-1 1.54309E-1 1.60599E-1 1.51999E-1 1.29133E-1 1.05247E-1 1.07392E-1 5.90483E-2 8.79386E-2 1.12156E-1 9.35576E-2 1.61596E-1 1.27906E-1 1.02459E-1 1.04662E-1 8.1462E-2 8.64942E-2 7.70582E-2 6.22093E-2
-9999 -9999 -9999 -9999 -9999 2.00092E-2 1.19997E-2 1.88777E-2 2.85092E-2 1.38523E-2 6.42081E-5 3.4892E-4 6.68804E-4 1.31508E-3 1.3835E-2 6.87086E-3 1.70202E-2 1.24727E-2 3.10242E-2 4.87149E-2 7.00943E-2 7.20386E-2 7.50882E-2 9.74522E-2 5.83797E-2 4.64285E-2 7.44776E-2 1.68581E-1 2.25536E-1 1.59494E-1 1.62291E-1 1.27598E-1 1.28492E-1 1.38445E-1 1.59361E-1 1.89095E-1 1.62659E-1 1.63676E-1 1.886E-1 2.10509E-1 2.89917E-1 2.58035E-1 1.8606E-1 1.65321E-1 1.54881E-1 1.44935E-1 1.34818E-1 1.24853E-1 1.43167E-1 1.28457E-1 1.50217E-1 1.31531E-1 1.62126E-1 1.31402E-1 1.08863E-1 1.21801E-1 1.05968E-1 1.06333E-1 7.5848E-2 5.78678E-2 2.49157E-2
-9999 -9999 -9999 -9999 -9999 -9999 1.88161E-2 -9999 3.58134E-2 3.91867E-3 2.53946E-4 1.06979E-3 8.70334E-4 3.02626E-3 4.10265E-3 2.40409E-2 1.56823E-2 1.66504E-2 3.73792E-2 6.50134E-2 3.83122E-2 6.36599E-2 7.40255E-2 9.96249E-2 8.04266E-2 8.07751E-2 7.04937E-2 1.73292E-1 2.09646E-1 1.9188E-1 3.28456E-1 2.35177E-1 1.50522E-1 1.4124E-1 1.66622E-1 2.17334E-1 2.18803E-1 1.75564E-1 1.86484E-1 1.95846E-1 1.74574E-1 1.30129E-1 2.01501E-1 1.54586E-1 1.11301E-1 1.29728E-1 1.11417E-1 1.2348E-1 1.29134E-1 1.72744E-1 1.48933E-1 1.34408E-1 1.33222E-1 1.35547E-1 1.25553E-1 1.07699E-1 9.7023E-2 9.19773E-2 7.42926E-2 5.09424E-2 3.34343E-2
-9999 -9999 -9999 4.15669E-3 -9999 -9999 -9999 -9999 -9999 1.1504E-2 2.73048E-3 2.13614E-4 9.34902E-4 2.38266E-3 8.27999E-4 2.31874E-2 1.39996E-2 2.44658E-2 3.31616E-2 4.51173E-2 6.09683E-2 7.70165E-2 5.99594E-2 1.24698E-1 5.09075E-2 4.99799E-2 7.22417E-2 1.12838E-1 2.43843E-1 2.94737E-1 4.1935E-1 3.67626E-1 1.55442E-1 1.31609E-1 1.56024E-1 2.25317E-1 2.08068E-1 2.70774E-1 5.49946E-1 1.76239E-1 1.59183E-1 1.3205E-1 1.69641E-1 1.35277E-1 6.72425E-2 1.00128E-1 1.41528E-1 1.35583E-1 1.36816E-1 1.39903E-1 1.53178E-1 1.48779E-1 1.38935E-1 1.3105E-1 1.15638E-1 1.08073E-1 9.64898E-2 7.72488E-2 7.18457E-2 6.74514E-2 5.08629E-2
-9999 -9999 -9999 5.15448E-3 4.90263E-3 7.65463E-3 -9999 -9999 -9999 2.26613E-2 1.6419E-4 1.22007E-4 7.34561E-4 4.45277E-3 4.76817E-3 3.96912E-2 2.99406E-2 1.96184E-2 4.12133E-2 5.8288E-2 4.72673E-2 5.20938E-2 7.82521E-2 5.99448E-2 8.38277E-2 3.61366E-2 5.32696E-2 1.10356E-1 2.83152E-1 4.53899E-1 5.12684E-1 4.605E-1 1.85274E-1 2.00546E-1 1.9684E-1 2.08626E-1 2.18503E-1 4.57392E-1 4.42642E-1 1.78188E-1 1.79185E-1 1.79606E-1 1.65203E-1 1.56643E-1 1.30784E-1 1.33143E-1 1.30071E-1 1.18023E-1 1.30818E-1 2.19971E-1 1.83651E-1 1.55315E-1 1.33544E-1 1.37045E-1 8.94967E-2 1.18189E-1 8.20704E-2 9.5134E-2 9.50891E-2 6.91318E-2 4.17327E-2
-9999 -9999 -9999 4.06945E-3 7.0519E-3 1.03786E-2 7.64892E-3 -9999 -9999 1.17642E-1 4.05199E-4 5.47452E-4 6.03239E-4 1.97584E-3 3.18803E-3 1.69773E-2 2.86899E-2 3.17677E-2 4.72891E-2 5.43729E-2 6.41444E-2 4.37459E-2 3.33369E-2 3.23195E-2 6.22754E-2 3.53085E-3 3.16375E-3 6.1178E-2 1.93203E-1 2.00404E-1 6.56414E-1 6.4271E-1 4.06261E-1 5.22152E-1 4.30487E-1 3.0653E-1 3.38293E-1 3.73444E-1 3.76634E-1 1.77831E-1 1.9563E-1 1.79466E-1 1.72499E-1 1.70171E-1 1.38482E-1 1.2971E-1 1.29369E-1 1.25311E-1 1.29495E-1 2.85753E-1 2.41565E-1 2.32424E-1 1.11468E-1 9.63036E-2 8.28155E-2 1.26422E-1 1.0223E-1 1.13245E-1 9.30241E-2 6.38071E-2 3.56729E-2
-9999 -9999 -9999 3.15868E-3 4.0125E-3 4.48067E-3 -9999 -9999 2.47406E-2 5.53711E-4 4.68352E-5 4.96939E-4 1.4057E-3 2.71428E-3 4.86327E-3 1.64615E-2 1.11366E-1 3.88428E-2 5.634E-2 3.41674E-2 6.1371E-2 5.04114E-2 4.48877E-2 3.79041E-2 4.03268E-2 5.90852E-3 2.30059E-3 4.18619E-2 1.25106E-1 3.79965E-1 5.44061E-1 6.95884E-1 6.07616E-1 4.86569E-1 6.1002E-1 4.68382E-1 4.25023E-1 5.49962E-1 3.77253E-1 2.46168E-1 2.33489E-1 2.139E-1 1.8284E-1 1.51373E-1 1.55208E-1 1.64263E-1 1.40743E-1 1.43653E-1 1.90156E-1 2.69468E-1 2.77029E-1 1.4619E-1 1.37827E-1 1.10708E-1 5.64304E-2 1.37923E-1 1.14448E-1 9.06542E-2 9.18405E-2 6.94951E-2 6.19059E-2
-9999 -9999 -9999 4.13889E-3 1.03942E-2 -9999 -9999 2.7764E-2 1.37708E-2 1.08741E-3 7.84129E-5 2.23059E-4 1.96358E-3 4.05262E-4 1.06877E-2 2.30303E-2 1.01427E-1 5.36336E-2 4.40784E-2 5.22557E-2 6.47166E-2 5.40393E-2 3.50164E-2 4.10173E-2 3.83388E-2 1.14288E-2 8.89972E-4 2.18649E-2 7.04691E-2 1.32312E-1 3.87495E-1 6.1602E-1 3.85304E-1 4.19852E-1 7.13036E-1 6.01885E-1 5.91807E-1 7.44364E-1 4.89292E-1 2.40494E-1 2.34328E-1 1.79948E-1 1.52442E-1 1.50773E-1 1.59678E-1 1.76403E-1 1.54794E-1 1.68264E-1 1.60769E-1 2.2315E-1 2.65745E-1 1.41554E-1 1.19207E-1 1.2288E-1 9.66689E-2 1.04517E-1 1.10947E-1 9.97272E-2 1.12066E-1 8.01236E-2 5.01598E-2
-9999 -9999 -9999 3.82458E-3 3.67658E-3 -9999 -9999 -9999 2.5991E-2 2.81375E-3 7.2844E-4 1.60544E-3 2.92106E-4 2.1734E-3 1.79452E-2 4.80171E-2 8.33376E-2 7.05281E-2 6.77635E-2 6.56664E-2 7.76521E-2 8.59503E-2 5.53647E-2 3.39998E-2 3.39036E-2 1.49289E-2 4.64192E-3 2.1132E-2 4.46845E-2 8.43975E-2 1.47508E-1 3.80905E-1 4.89561E-1 5.48887E-1 6.08996E-1 6.17579E-1 5.45966E-1 4.61076E-1 2.55953E-1 2.04589E-1 1.64498E-1 1.72608E-1 1.55378E-1 1.55753E-1 1.6887E-1 1.77297E-1 2.06326E-1 1.6775E-1 1.48865E-1 2.20517E-1 2.22429E-1 1.43622E-1 1.2308E-1 1.13848E-1 1.10166E-1 7.69653E-2 1.19385E-1 1.08637E-1 1.18285E-1 9.73493E-2 6.6041E-2
-9999 -9999 -9999 1.32803E-2 3.56066E-2 -9999 -9999 -9999 4.36709E-2 3.65487E-2 1.08699E-2 2.1491E-4 5.01454E-4 5.77557E-3 1.02995E-2 3.97491E-2 6.00267E-2 7.93506E-2 1.14743E-1 6.29833E-2 5.80653E-2 1.3879E-1 6.65956E-2 4.48054E-2 3.72985E-2 1.81512E-2 5.90574E-3 1.35898E-2 2.99377E-2 6.00259E-2 7.76493E-2 4.02143E-1 5.06326E-1 6.25645E-1 4.44654E-1 5.53963E-1 4.85328E-1 5.11291E-1 2.53194E-1 2.35255E-1 1.66477E-1 1.6601E-1 1.36427E-1 1.50336E-1 2.82394E-1 2.73543E-1 2.31256E-1 1.74463E-1 1.42317E-1 1.87384E-1 2.99077E-1 1.67203E-1 1.25661E-1 8.36558E-2 1.29399E-1 7.42842E-2 1.02658E-1 1.01307E-1 8.76209E-2 1.19274E-1 6.79638E-2
-9999 -9999 -9999 3.54347E-3 4.74318E-2 -9999 -9999 -9999 5.36712E-2 1.28116E-2 7.59602E-4 3.27804E-5 2.83906E-4 3.95003E-3 8.74634E-2 4.75315E-2 4.11621E-2 8.25878E-2 8.20453E-2 8.32377E-2 1.3225E-1 1.49741E-1 6.69705E-2 4.90106E-2 3.7268E-2 1.62174E-2 8.11501E-3 7.84839E-3 2.10546E-2 3.46374E-2 6.31761E-2 2.29788E-1 4.25628E-1 6.46091E-1 5.38449E-1 5.1616E-1 2.4948E-1 4.42012E-1 4.61057E-1 3.03227E-1 1.38672E-1 1.34129E-1 1.4985E-1 1.56126E-1 1.83052E-1 1.79482E-1 2.03788E-1 1.77245E-1 2.18449E-1 2.1085E-1 2.06413E-1 1.93031E-1 1.39054E-1 1.3181E-1 1.10139E-1 1.06016E-1 9.00001E-2 1.34379E-1 1.09113E-1 1.12951E-1 9.768E-2
-9999 -9999 -9999 -9999 1.09265E-2 -9999 -9999 -9999 -9999 2.20705E-2 1.90671E-3 3.63306E-4 5.08132E-4 9.01069E-4 1.32284E-2 3.41821E-2 2.84091E-2 8.19331E-2 1.22487E-1 1.37206E-1 1.00796E-1 2.86892E-1 1.22734E-1 8.18163E-2 7.06425E-2 2.62336E-2 1.12834E-2 5.73494E-3 1.10418E-2 2.26088E-2 6.62339E-2 9.21529E-2 1.14108E-1 1.97215E-1 1.42627E-1 2.11452E-1 4.20433E-1 3.28254E-1 1.59247E-1 1.23161E-1 2.11335E-1 1.80342E-1 2.44018E-1 1.71639E-1 1.75913E-1 2.19427E-1 2.42919E-1 2.41775E-1 1.5228E-1 1.5406E-1 2.90001E-1 1.63064E-1 1.54197E-1 1.56318E-1 1.6164E-1 1.18352E-1 1.13877E-1 1.1037E-1 1.144E-1 1.25445E-1 1.28861E-1
-9999 -9999 -9999 -9999 1.1103E-2 -9999 -9999 -9999 -9999 3.95716E-2 1.91588E-2 2.22479E-3 6.87917E-4 5.28428E-4 3.85351E-3 3.62945E-2 6.77045E-2 7.80241E-2 1.0134E-1 8.58605E-2 9.19426E-2 1.2824E-1 9.27358E-2 1.67626E-1 2.25546E-1 3.27793E-2 1.36761E-2 4.13034E-3 6.66247E-3 1.82478E-2 4.32061E-2 5.49472E-2 1.16277E-1 2.51054E-1 1.2724E-1 1.31806E-1 2.2076E-1 1.34334E-1 9.01196E-2 7.77323E-2 1.82529E-1 1.21404E-1 1.66644E-1 2.40004E-1 2.01157E-1 2.31259E-1 4.00897E-1 2.32119E-1 2.10801E-1 2.26563E-1 2.62504E-1 1.89973E-1 1.82802E-1 1.55063E-1 1.54844E-1 1.54575E-1 1.36948E-1 1.36946E-1 1.22842E-1 1.05698E-1 1.10371E-1
-9999 -9999 -9999 -9999 -9999 -9999 -9999 -9999 -9999 4.17458E-2 6.18896E-2 5.37974E-3 1.00626E-3 4.61868E-4 1.07919E-3 1.90028E-2 5.98823E-2 6.73809E-2 8.43888E-2 1.05519E-1 8.96368E-2 1.00856E-1 1.17026E-1 8.2203E-2 6.39124E-2 1.53541E-2 8.2025E-3 1.0348E-2 4.57457E-3 1.51568E-2 4.00135E-2 7.20142E-2 9.76283E-2 1.90904E-1 7.94864E-2 1.19282E-1 2.58598E-1 2.20878E-1 1.18798E-1 1.76376E-1 2.11498E-1 1.38147E-1 2.13832E-1 2.34853E-1 4.36016E-1 4.96435E-1 5.18743E-1 2.9686E-1 2.44595E-1 2.20893E-1 2.54039E-1 2.35381E-1 1.77663E-1 1.11053E-1 1.61192E-1 1.36801E-1 1.36831E-1 1.55505E-1 1.23861E-1 9.92432E-2 1.10697E-1
-9999 -9999 -9999 -9999 -9999 -9999 -9999 -9999 -9999 -9999 3.06694E-2 1.69045E-2 3.02891E-3 5.59758E-4 1.47561E-3 1.4771E-2 6.17725E-2 6.78891E-2 6.39965E-2 8.00788E-2 9.57327E-2 1.02197E-1 1.2079E-1 1.0375E-1 5.99798E-2 2.13473E-2 1.09385E-2 8.76305E-3 1.02539E-2 1.39348E-2 3.7181E-2 9.00506E-2 1.05428E-1 7.74441E-2 1.02759E-1 1.06981E-1 2.02906E-1 2.46946E-1 1.44594E-1 1.82634E-1 1.8711E-1 3.7605E-1 3.56452E-1 4.70916E-1 5.40198E-1 5.71326E-1 4.55542E-1 6.35066E-1 2.67925E-1 2.42228E-1 3.37963E-1 2.60676E-1 1.56106E-1 1.46581E-1 1.55391E-1 1.67034E-1 1.84139E-1 1.99327E-1 1.50706E-1 1.1612E-1 1.34571E-1
-9999 -9999 -9999 -9999 -9999 -9999 -9999 -9999 -9999 -9999 3.29475E-2 9.31158E-3 5.1303E-5 1.21893E-4 7.89805E-4 6.00681E-3 4.95674E-2 7.37802E-2 6.72798E-2 9.52601E-2 1.05315E-1 1.08425E-1 1.30253E-1 1.72233E-1 6.21188E-2 3.20013E-2 2.08672E-2 6.20567E-3 2.08261E-2 2.13932E-2 3.53754E-2 6.38305E-2 9.1576E-2 1.06313E-1 1.2636E-1 2.05061E-1 1.99281E-1 1.57564E-1 1.64248E-1 4.41008E-1 4.02817E-1 5.63359E-1 4.67638E-1 5.24291E-1 5.15611E-1 5.20627E-1 3.16275E-1 5.20736E-1 4.09433E-1 4.96231E-1 5.15616E-1 3.48833E-1 2.13048E-1 1.77393E-1 1.73833E-1 1.69134E-1 1.69043E-1 1.3805E-1 1.52985E-1 1.44444E-1 1.42246E-1
-9999 -9999 -9999 -9999 -9999 -9999 -9999 -9999 -9999 -9999 4.28363E-2 3.64107E-3 1.27023E-4 3.09374E-4 1.78808E-2 1.31493E-2 4.28113E-2 9.12284E-2 8.16477E-2 1.5677E-1 1.4089E-1 1.22978E-1 1.23371E-1 1.78412E-1 7.38489E-2 2.15222E-2 1.66376E-2 9.55677E-3 7.58082E-3 3.75858E-2 3.68298E-2 8.23752E-2 1.01788E-1 1.1384E-1 1.3941E-1 1.8225E-1 2.7073E-1 3.30711E-1 3.62921E-1 2.99518E-1 4.22102E-1 4.84151E-1 6.08104E-1 6.13869E-1 5.96014E-1 6.63074E-1 6.41109E-1 5.87678E-1 4.7812E-1 6.36407E-1 6.32334E-1 5.70082E-1 4.21853E-1 3.59459E-1 3.79871E-1 2.17222E-1 1.90932E-1 1.78759E-1 1.82232E-1 1.74783E-1 1.48608E-1
-9999 -9999 -9999 -9999 -9999 -9999 -9999 -9999 -9999 -9999 2.3205E-2 2.57125E-3 7.63281E-4 4.42587E-4 1.31512E-3 6.1408E-3 5.96578E-2 1.13869E-1 1.33451E-1 1.92068E-1 2.13762E-1 1.36021E-1 1.16466E-1 1.49639E-1 8.65894E-2 4.35263E-2 1.73421E-2 1.07583E-2 2.19179E-2 1.26173E-2 4.59852E-2 7.96937E-2 7.55853E-2 1.30403E-1 2.44481E-1 1.34302E-1 2.29624E-1 2.92962E-1 2.48551E-1 3.24763E-1 5.25053E-1 6.6268E-1 7.28184E-1 7.03406E-1 7.73626E-1 6.90961E-1 6.95443E-1 6.67791E-1 6.99673E-1 6.99666E-1 4.80585E-1 3.62943E-1 3.67106E-1 4.22335E-1 4.50514E-1 4.49236E-1 2.41991E-1 1.81754E-1 1.79163E-1 1.92128E-1 1.84157E-1
-9999 -9999 -9999 -9999 -9999 -9999 -9999 -9999 -9999 -9999 8.98634E-3 5.43946E-3 1.13358E-3 1.42432E-3 8.00671E-2 1.32398E-3 3.82882E-2 7.76206E-2 1.14828E-1 2.29721E-1 3.1262E-1 1.76832E-1 1.53827E-1 1.34884E-1 1.16493E-1 6.6397E-2 5.18161E-2 1.70367E-2 1.40777E-2 3.54867E-2 5.88362E-2 3.27452E-2 1.12477E-1 2.31065E-1 2.17467E-1 2.19902E-1 1.88987E-1 1.9527E-1 2.57163E-1 3.74841E-1 5.55632E-1 7.76115E-1 7.88406E-1 8.14812E-1 8.10483E-1 6.81111E-1 6.05972E-1 6.46201E-1 4.51115E-1 7.15284E-1 6.90306E-1 4.65758E-1 3.69302E-1 4.86355E-1 4.08568E-1 3.64988E-1 2.77743E-1 3.01226E-1 2.52329E-1 1.97803E-1 1.99058E-1
-9999 -9999 -9999 -9999 -9999 -9999 -9999 -9999 2.87573E-2 1.2946E-2 6.00536E-3 6.53183E-3 1.86309E-3 4.00173E-4 1.76328E-3 2.54838E-2 3.40465E-2 6.60726E-2 1.08471E-1 1.37398E-1 1.47425E-1 2.56416E-1 2.79187E-1 1.7806E-1 1.17674E-1 6.95889E-2 3.07418E-2 9.95628E-3 6.94001E-3 1.07212E-2 1.59772E-2 2.66767E-2 6.82452E-2 1.02576E-1 7.16084E-2 1.26985E-1 1.46172E-1 2.52704E-1 2.20024E-1 4.52646E-1 6.47753E-1 7.85247E-1 7.41446E-1 7.5687E-1 7.56551E-1 6.34368E-1 6.31317E-1 6.72914E-1 6.304E-1 5.33351E-1 6.51817E-1 5.82039E-1 4.74216E-1 4.17011E-1 3.89317E-1 3.57119E-1 4.06088E-1 4.28359E-1 3.72236E-1 2.49853E-1 2.56132E-1
-9999 -9999 -9999 -9999 -9999 -9999 -9999 -9999 3.35333E-2 6.2404E-3 3.88358E-3 6.2044E-3 5.11195E-3 3.99729E-4 1.51332E-4 2.09487E-3 4.63782E-3 5.82207E-2 7.55005E-2 3.64246E-2 5.59915E-2 1.1077E-1 3.02028E-1 9.4333E-2 9.95588E-2 7.57184E-2 4.93874E-2 2.33179E-2 9.90443E-3 8.61084E-3 1.54653E-2 1.41119E-2 4.27438E-2 7.36496E-2 1.37268E-1 9.29899E-2 2.7458E-1 2.0755E-1 2.16839E-1 2.00153E-1 4.82726E-1 7.36826E-1 7.35293E-1 7.13933E-1 7.298E-1 6.53036E-1 5.89799E-1 6.34992E-1 6.1551E-1 6.87894E-1 6.49449E-1 6.17176E-1 5.56373E-1 4.48667E-1 4.33514E-1 4.75829E-1 5.47468E-1 5.47521E-1 4.61631E-1 4.76335E-1 5.13419E-1
-9999 -9999 -9999 -9999 -9999 -9999 -9999 -9999 1.05607E-2 4.4182E-3 1.04476E-3 1.09561E-3 3.63673E-3 1.37577E-3 3.4194E-4 1.65549E-3 1.31525E-3 2.29637E-2 4.76261E-2 6.06957E-2 4.57005E-2 5.86326E-2 2.25944E-1 1.2001E-1 1.2545E-1 1.54623E-1 6.61452E-2 4.43518E-2 1.40967E-2 9.4333E-3 9.51407E-3 2.19426E-2 3.62427E-2 7.38327E-2 2.44991E-1 2.41468E-1 2.17144E-1 2.88432E-1 2.03811E-1 5.19149E-1 7.18318E-1 8.04569E-1 7.79558E-1 7.87789E-1 7.78361E-1 6.6986E-1 6.24332E-1 5.55125E-1 6.80601E-1 6.83798E-1 7.3513E-1 6.46792E-1 5.76597E-1 4.82866E-1 6.08833E-1 3.79026E-1 5.80161E-1 5.63692E-1 4.58728E-1 6.16461E-1 6.30513E-1
-9999 -9999 -9999 -9999 -9999 -9999 -9999 -9999 -9999 1.54529E-2 1.1879E-3 4.52411E-4 6.75E-4 4.72688E-3 9.07295E-4 2.08511E-4 6.15179E-4 1.46394E-2 2.75343E-1 9.474E-2 2.22892E-2 3.25923E-2 9.17042E-2 1.70858E-1 1.03381E-1 1.01577E-1 8.89213E-2 6.792E-2 2.8578E-2 1.14133E-2 5.53681E-3 3.51428E-3 1.23187E-2 2.27446E-2 7.20223E-2 1.31206E-1 2.58995E-1 2.07091E-1 2.88833E-1 7.38629E-1 7.46763E-1 8.68407E-1 8.44077E-1 8.00888E-1 7.55338E-1 6.24598E-1 6.84022E-1 6.89895E-1 4.91494E-1 5.5067E-1 5.58515E-1 6.23661E-1 5.25641E-1 7.40057E-1 7.02239E-1 5.11398E-1 5.9164E-1 6.51505E-1 5.46666E-1 5.98498E-1 5.07946E-1
-9999 -9999 -9999 -9999 -9999 -9999 -9999 -9999 -9999 5.56453E-3 4.68115E-3 3.76163E-4 3.42345E-4 2.94765E-3 7.66429E-3 1.9832E-3 5.88934E-4 1.02683E-3 2.09028E-2 2.02415E-2 1.82433E-2 1.31821E-2 6.84338E-2 1.59702E-1 1.15122E-1 1.04221E-1 1.2562E-1 7.14148E-2 2.45061E-2 7.0441E-3 7.006E-3 1.67394E-3 1.8518E-2 3.37875E-2 7.24765E-2 1.24487E-1 2.29829E-1 2.72192E-1 2.41885E-1 5.98494E-1 7.98094E-1 8.00662E-1 7.34648E-1 7.31677E-1 7.12787E-1 5.49407E-1 4.55841E-1 6.91291E-1 5.6948E-1 6.067E-1 6.98911E-1 5.59217E-1 6.59133E-1 6.37889E-1 6.97669E-1 6.24668E-1 4.67576E-1 5.40795E-1 5.10026E-1 5.4937E-1 5.57048E-1
-9999 -9999 -9999 -9999 -9999 -9999 -9999 -9999 -9999 -9999 8.54714E-3 8.86419E-4 1.68982E-4 3.90172E-3 5.75064E-3 2.52034E-3 1.48873E-3 8.90928E-4 1.24716E-2 7.86707E-3 9.74005E-3 7.65506E-3 3.982E-2 2.65682E-1 2.08115E-1 1.63262E-1 1.18751E-1 6.83796E-2 1.94718E-2 1.0673E-2 4.93302E-3 4.59777E-3 2.6942E-3 1.51499E-2 5.23014E-2 1.21217E-1 1.62474E-1 2.13311E-1 3.2008E-1 6.51234E-1 7.76555E-1 7.62392E-1 7.39485E-1 7.02052E-1 4.94818E-1 5.31716E-1 4.33659E-1 6.11833E-1 5.14249E-1 5.94258E-1 7.29997E-1 7.111E-1 7.20295E-1 7.22697E-1 5.88208E-1 6.36415E-1 6.60917E-1 4.89987E-1 5.0516E-1 5.79056E-1 5.51529E-1
-9999 -9999 -9999 -9999 -9999 -9999 -9999 -9999 -9999 -9999 1.07368E-2 2.0763E-3 3.33297E-4 1.23904E-3 5.31309E-3 5.05115E-3 2.23429E-3 4.46313E-4 2.71877E-3 1.0205E-2 1.12079E-2 1.31081E-2 3.44413E-2 1.06154E-1 1.75676E-1 3.09761E-1 3.0683E-1 1.28498E-1 1.04022E-1 2.37059E-2 7.50127E-3 2.49222E-2 8.30613E-3 2.86203E-2 1.12371E-1 3.45504E-2 9.88075E-2 1.6888E-1 2.77575E-1 7.06552E-1 8.23246E-1 7.5611E-1 7.50918E-1 7.76329E-1 7.23521E-1 5.60064E-1 3.65637E-1 4.24385E-1 5.31253E-1 5.39124E-1 6.63464E-1 6.89887E-1 6.98518E-1 6.95277E-1 6.92323E-1 5.9485E-1 6.27033E-1 6.25287E-1 6.36598E-1 4.97111E-1 5.16842E-1
