Candidate_Models_Sept202022/M_0.1_F_lqp_Set_1_cal/Bison.asc
ncols         97
nrows         127
xllcorner     -2197417.7431653
yllcorner     -584827.01486885
cellsize      30000.0
NODATA_value  -9999
[rows 27 to 53 of 127, columns 0 to 60 of 97]
-9999 -9999 1.79334E-3 3.58589E-4 1.12723E-2 6.26655E-2 1.05958E-1 1.16115E-1 1.37813E-1 1.36316E-1 7.44705E-2 1.23656E-1 4.48716E-2 8.84333E-2 6.29274E-2 9.23069E-2 7.04033E-2 4.78321E-2 1.80377E-2 1.8886E-2 1.96909E-2 1.33806E-2 7.02411E-3 5.11682E-3 6.4063E-3 1.37604E-2 1.55354E-2 1.63907E-2 1.18127E-2 1.22527E-2 1.28127E-2 3.04159E-2 1.43787E-2 2.62064E-2 4.58728E-2 4.44406E-2 3.70147E-2 4.8524E-2 1.23392E-2 7.52118E-2 1.73822E-1 1.00633E-1 1.09977E-1 1.94487E-1 9.43267E-2 8.71206E-2 7.12075E-2 4.26133E-2 2.65255E-2 1.92441E-2 1.61246E-2 2.07082E-2 1.04397E-2 9.378E-3 4.52984E-3 3.0959E-3 3.14155E-3 2.86178E-3 3.93135E-3 5.40192E-3 8.62076E-3
-9999 4.36414E-5 3.76006E-3 6.31784E-4 4.4565E-4 1.13226E-2 1.09756E-1 8.58495E-2 9.39073E-2 1.59883E-1 9.13743E-2 9.87021E-2 1.62299E-1 1.28819E-1 6.64028E-2 9.56084E-2 1.05139E-1 5.76706E-2 4.17858E-2 2.72248E-2 1.71568E-2 1.56999E-2 7.75189E-3 7.04623E-3 1.03627E-2 1.42652E-2 1.11301E-2 1.78353E-2 1.58402E-2 2.07948E-2 1.4618E-2 2.16767E-2 1.35512E-2 2.17027E-2 2.34211E-2 2.67006E-2 2.69111E-2 8.23598E-2 9.42573E-2 8.20906E-2 1.05138E-1 5.91013E-2 1.06745E-1 1.05587E-1 1.04576E-1 5.21934E-2 5.79329E-2 2.65279E-2 2.13642E-2 1.3447E-2 1.64313E-2 2.53731E-2 8.55491E-3 6.40156E-3 4.62099E-3 3.65633E-3 3.23869E-3 3.1076E-3 3.30138E-3 3.86724E-3 3.93176E-3
-9999 8.42409E-7 6.90316E-6 5.6277E-4 7.16612E-4 9.32261E-3 3.97069E-2 1.07574E-1 7.54327E-2 1.32961E-1 6.09479E-2 9.77964E-2 1.53181E-1 1.29239E-1 1.09929E-1 4.8567E-2 9.13265E-2 8.46611E-2 5.22244E-2 2.59695E-2 2.6456E-2 1.27505E-2 1.71505E-2 1.21157E-2 2.40123E-2 1.72373E-2 1.37401E-2 1.15107E-2 1.50641E-2 1.242E-2 1.81155E-2 2.82942E-2 3.55336E-2 2.12257E-2 2.59756E-2 2.38177E-2 1.72908E-2 3.55694E-2 3.38126E-2 7.42291E-2 7.89205E-2 8.66278E-2 7.78491E-2 8.23555E-2 4.39805E-2 5.96424E-2 3.47438E-2 2.35162E-2 1.31025E-2 1.42154E-2 1.52937E-2 1.31408E-2 8.23759E-3 5.34738E-3 4.20536E-3 3.57585E-3 3.21377E-3 2.79976E-3 2.63458E-3 3.74706E-3 3.5242E-3
1.48152E-3 8.46275E-7 1.68099E-9 5.54499E-7 1.44696E-5 2.6924E-3 2.27353E-2 1.49442E-1 7.34699E-2 1.12435E-1 7.06597E-2 9.75873E-2 1.73007E-1 1.86183E-1 1.05012E-1 7.23851E-2 1.37243E-1 7.81904E-2 6.68013E-2 4.24875E-2 2.14173E-2 1.6931E-2 2.84519E-2 2.24734E-2 1.89526E-2 2.16643E-2 1.56242E-2 1.26779E-2 1.59521E-2 1.66162E-2 1.51035E-2 1.60526E-2 3.84119E-2 1.36898E-2 2.96884E-2 3.32156E-2 1.76687E-2 2.82842E-2 5.50911E-2 7.64747E-2 8.4811E-2 7.39701E-2 4.87862E-2 7.69378E-2 5.26762E-2 4.84509E-2 4.04178E-2 2.42571E-2 1.19822E-2 6.9625E-3 6.26632E-3 7.49935E-3 7.54605E-3 5.95969E-3 4.89718E-3 3.84251E-3 2.78914E-3 2.78172E-3 2.72038E-3 3.50895E-3 3.28773E-3
1.20707E-2 2.29104E-3 2.76607E-7 8.62139E-10 2.70594E-6 6.53056E-3 3.11121E-2 1.91755E-1 1.07398E-1 1.24163E-1 1.09201E-1 1.49074E-1 1.42748E-1 2.09809E-1 1.34478E-1 1.03219E-1 6.70016E-2 1.42915E-1 5.71419E-2 2.51486E-2 1.61414E-2 1.72812E-2 2.62927E-2 2.06693E-2 2.39263E-2 1.68639E-2 1.77962E-2 1.37881E-2 1.28718E-2 1.76972E-2 2.52249E-2 2.95701E-2 2.5025E-2 8.15181E-3 4.84047E-2 3.69088E-2 4.65779E-2 4.46826E-2 4.98749E-2 4.58604E-2 6.84E-2 6.4726E-2 6.01619E-2 4.90736E-2 4.54143E-2 3.7214E-2 3.66286E-2 2.91164E-2 1.79629E-2 7.52297E-3 6.66786E-3 7.48936E-3 5.96571E-3 5.84267E-3 5.23724E-3 4.02436E-3 3.13363E-3 3.13138E-3 2.95129E-3 3.2939E-3 3.45066E-3
7.57029E-3 1.53242E-2 2.11356E-3 8.43116E-7 6.8835E-7 4.38986E-3 5.39038E-2 1.40432E-1 1.61009E-1 1.48845E-1 1.49674E-1 1.4028E-1 1.33832E-1 1.59322E-1 1.30599E-1 6.0327E-2 3.65425E-2 7.74456E-2 8.38517E-2 4.62673E-2 2.42158E-2 2.29589E-2 2.62332E-2 2.456E-2 3.91424E-2 1.95797E-2 2.11616E-2 1.88128E-2 1.77041E-2 2.21067E-2 1.88772E-2 1.98704E-2 1.17137E-2 9.95625E-3 4.94773E-2 5.44801E-2 3.42917E-2 3.24021E-2 3.54371E-2 2.86878E-2 3.86055E-2 5.34708E-2 6.06742E-2 4.93539E-2 4.91889E-2 3.08836E-2 2.93245E-2 3.21038E-2 2.26492E-2 9.20575E-3 8.13046E-3 7.66784E-3 5.54002E-3 6.24236E-3 5.38906E-3 3.94575E-3 3.53968E-3 3.25615E-3 3.75853E-3 3.34815E-3 3.67557E-3
-9999 4.78399E-3 2.33234E-2 1.27052E-2 8.7462E-6 1.02748E-2 3.58861E-2 9.56725E-2 1.31813E-1 1.16178E-1 1.57268E-1 1.75973E-1 1.55303E-1 1.32954E-1 4.63652E-2 5.52641E-2 1.94897E-2 1.75867E-2 8.8525E-2 6.7189E-2 3.55694E-2 4.59196E-2 3.65902E-2 2.61357E-2 2.88849E-2 3.33171E-2 3.04775E-2 2.14587E-2 3.43408E-2 2.01902E-2 2.33908E-2 2.92539E-2 1.71103E-2 2.65088E-2 5.81891E-2 3.31994E-2 3.9403E-2 4.82319E-2 3.96575E-2 4.05219E-2 5.19129E-2 4.81577E-2 5.51567E-2 5.1848E-2 4.35913E-2 3.94055E-2 3.33983E-2 5.47788E-2 4.25538E-2 2.13661E-2 1.38659E-2 1.18057E-2 8.53769E-3 7.66773E-3 5.51147E-3 4.63371E-3 5.72665E-3 3.67023E-3 3.68748E-3 3.30918E-3 4.04747E-3
-9999 -9999 6.13281E-3 1.21701E-2 4.39474E-4 2.40067E-2 1.21328E-2 5.74425E-2 8.10583E-2 1.1134E-1 8.52152E-2 2.97371E-1 1.08825E-1 1.03813E-1 4.34482E-2 4.97692E-2 3.35986E-2 1.99751E-2 2.82168E-2 6.23914E-2 5.48921E-2 3.4386E-2 3.70215E-2 2.34574E-2 5.02809E-2 1.59299E-2 4.14395E-2 2.84164E-2 2.70452E-2 1.90853E-2 2.05643E-2 2.85644E-2 2.95352E-2 4.78274E-2 4.87066E-2 3.13346E-2 2.69187E-2 3.75308E-2 1.80885E-2 2.29883E-2 7.58811E-2 6.42311E-2 7.48209E-2 4.88249E-2 7.32473E-2 5.5559E-2 5.40094E-2 5.12154E-2 6.21279E-2 5.24502E-2 2.61633E-2 1.50329E-2 9.21343E-3 7.55088E-3 5.65649E-3 4.47206E-3 6.50618E-3 4.00976E-3 4.11597E-3 4.24821E-3 4.05874E-3
-9999 -9999 5.05703E-3 2.67257E-2 5.16212E-3 1.0386E-2 6.26419E-3 2.36118E-2 2.57307E-2 8.969E-2 9.20886E-2 1.97481E-1 1.17704E-1 1.06433E-1 4.6487E-2 8.73222E-2 5.74231E-2 5.12523E-2 2.66535E-2 3.3923E-2 4.3279E-2 6.25291E-2 4.61809E-2 1.20386E-2 3.80479E-2 1.80122E-2 4.05724E-2 2.93941E-2 3.06288E-2 2.19579E-2 1.7451E-2 2.6781E-2 3.03656E-2 4.9486E-2 4.47637E-2 3.76668E-2 1.01446E-2 2.22938E-2 1.81731E-2 1.97408E-2 3.30825E-2 7.48443E-2 4.24234E-2 7.08298E-2 7.64579E-2 7.18244E-2 6.38291E-2 5.92847E-2 4.79207E-2 7.12463E-2 3.49501E-2 3.43952E-2 1.42423E-2 8.05027E-3 6.37198E-3 5.16921E-3 4.62029E-3 4.62847E-3 4.84162E-3 4.7208E-3 3.84179E-3
-9999 -9999 7.18447E-3 5.59695E-2 9.7065E-3 5.39613E-3 4.06044E-3 3.41715E-2 3.81326E-2 4.10476E-2 8.53194E-2 1.20518E-1 1.50371E-1 1.00692E-1 4.47602E-2 6.58155E-2 6.66786E-2 5.79037E-2 7.27293E-2 3.79296E-2 4.94643E-2 6.77381E-2 4.49361E-2 3.59489E-2 3.0492E-2 1.27023E-2 4.92043E-2 2.80289E-2 2.66189E-2 2.47449E-2 2.4437E-2 2.45027E-2 3.12454E-2 4.81856E-2 4.45168E-2 4.58955E-2 1.15685E-2 1.32167E-2 1.62538E-2 1.68154E-2 2.19718E-2 4.07612E-2 3.667E-2 2.31141E-2 8.19794E-2 8.40148E-2 7.48113E-2 7.74798E-2 6.48186E-2 6.74464E-2 3.52558E-2 2.46934E-2 1.39147E-2 9.06485E-3 9.46223E-3 6.94761E-3 5.67316E-3 5.20951E-3 6.46697E-3 5.35103E-3 4.40098E-3
-9999 -9999 -9999 2.22542E-2 1.54069E-2 2.40509E-2 7.54931E-3 2.67514E-2 2.08201E-2 1.12071E-2 2.65196E-2 1.2809E-1 1.46419E-1 9.94066E-2 6.16911E-2 6.41331E-2 5.76459E-2 5.39669E-2 6.40386E-2 7.21359E-2 4.77269E-2 2.78579E-2 3.29392E-2 5.31107E-2 5.82577E-2 3.28098E-2 4.27199E-2 5.57382E-2 4.26818E-2 2.59926E-2 1.94935E-2 2.77382E-2 4.07403E-2 3.28007E-2 3.66966E-2 3.8624E-2 2.08103E-2 1.27677E-2 1.17801E-2 1.81168E-2 1.67746E-2 2.68325E-2 4.84403E-2 5.66535E-2 9.18959E-2 7.49513E-2 7.82531E-2 8.90009E-2 4.81945E-2 3.58546E-2 2.73588E-2 2.5109E-2 2.10083E-2 1.32478E-2 1.26982E-2 9.68927E-3 9.63873E-3 7.28159E-3 5.07787E-3 5.17972E-3 4.84517E-3
-9999 -9999 -9999 8.13929E-3 2.64757E-3 4.76273E-2 3.52424E-2 6.10323E-2 5.1277E-2 4.68386E-2 1.79334E-2 9.65071E-2 9.87855E-2 9.18463E-2 9.1888E-2 5.80142E-2 4.5838E-2 5.20692E-2 4.54178E-2 6.63601E-2 3.23151E-2 2.37232E-2 2.53536E-2 4.79451E-2 5.20454E-2 6.13969E-2 6.66427E-2 4.75329E-2 3.28387E-2 2.33755E-2 2.09285E-2 3.74859E-2 5.28584E-2 3.38285E-2 3.42102E-2 3.44614E-2 1.89994E-2 2.4767E-2 5.38716E-2 2.0898E-2 1.83183E-2 2.36948E-2 2.93636E-2 2.54565E-2 6.95202E-2 8.37879E-2 7.66427E-2 8.938E-2 8.11176E-2 7.24918E-2 2.11971E-2 6.34516E-2 2.87308E-2 2.40062E-2 1.60762E-2 9.54283E-3 8.86484E-3 7.29122E-3 7.02537E-3 5.46106E-3 5.01825E-3
-9999 -9999 -9999 3.56365E-3 1.79101E-1 6.21438E-2 4.11578E-2 4.88644E-2 4.51039E-2 4.88716E-2 2.04192E-2 4.92425E-2 9.06502E-2 7.51201E-2 7.25927E-2 6.63668E-2 3.19908E-2 5.60776E-2 5.82043E-2 5.58294E-2 2.9896E-2 2.45973E-2 3.64989E-2 5.17229E-2 6.4454E-2 5.5742E-2 5.6511E-2 4.9473E-2 3.76851E-2 2.09466E-2 1.95147E-2 4.24315E-2 5.67984E-2 3.11849E-2 4.55714E-2 4.73727E-2 5.80962E-2 6.08347E-2 4.42102E-2 2.31665E-2 1.53704E-2 1.66681E-2 4.06454E-2 6.08269E-2 8.8838E-2 9.09056E-2 6.16976E-2 1.03493E-1 7.95001E-2 6.75581E-2 4.76172E-2 3.33649E-2 6.31357E-2 4.2299E-2 2.73933E-2 2.71107E-2 3.30182E-2 1.87323E-2 1.31723E-2 7.92769E-3 5.66941E-3
-9999 -9999 -9999 -9999 5.65717E-2 5.43442E-2 5.07089E-3 7.9973E-3 4.76704E-2 2.72444E-2 2.09959E-3 2.29062E-2 1.0337E-1 5.52007E-2 8.28218E-2 6.71884E-2 5.41021E-2 6.39592E-2 8.28524E-2 7.14052E-2 4.35318E-2 4.03358E-2 4.51115E-2 4.50292E-2 4.74313E-2 4.24734E-2 4.73612E-2 3.72804E-2 3.59163E-2 3.50679E-2 4.51116E-2 5.83429E-2 3.19366E-2 3.96242E-2 3.53184E-2 4.65157E-2 5.80207E-2 4.3061E-2 2.41986E-2 2.99383E-2 3.26793E-2 3.32613E-2 3.74685E-2 9.95537E-2 1.01776E-1 8.10998E-2 5.66266E-2 9.17651E-2 1.15426E-1 8.2918E-2 3.18344E-2 7.39739E-2 1.05238E-1 5.86179E-2 3.80893E-2 7.55555E-2 2.62068E-2 4.10669E-2 3.92248E-2 9.23106E-3 5.63662E-3
-9999 -9999 -9999 -9999 7.24011E-3 2.38947E-2 1.32867E-2 2.9599E-2 7.0662E-3 1.69684E-3 5.17991E-4 1.48366E-2 1.1022E-1 5.78724E-2 8.38918E-2 4.67272E-2 5.49889E-2 7.22115E-2 7.78575E-2 6.0198E-2 6.71318E-2 8.5001E-2 5.58477E-2 5.26389E-2 4.6814E-2 4.04264E-2 4.13242E-2 3.19514E-2 3.21181E-2 2.29158E-2 3.5006E-2 6.65977E-2 3.94514E-2 4.97095E-2 4.42203E-2 5.43206E-2 4.95346E-2 7.34989E-2 5.61126E-2 7.24341E-2 5.73367E-2 7.59701E-2 6.60246E-2 1.10651E-1 8.37642E-2 1.11316E-1 1.18118E-1 2.60468E-2 7.76918E-2 1.30433E-1 1.00464E-1 1.03166E-1 1.26168E-1 3.79406E-2 4.51331E-2 7.6199E-2 6.20492E-2 5.35572E-2 3.77872E-2 1.19553E-2 7.11753E-3
-9999 -9999 -9999 -9999 5.86287E-3 1.18054E-2 7.04378E-3 2.51118E-2 1.68722E-2 1.5815E-3 1.15968E-3 8.31837E-3 5.23219E-2 4.85503E-2 5.43003E-2 5.08812E-2 5.78076E-2 7.05822E-2 4.55655E-2 6.65415E-2 6.14773E-2 5.01019E-2 7.13773E-2 6.897E-2 5.68192E-2 5.3986E-2 4.22953E-2 4.81603E-2 3.48226E-2 2.65648E-2 4.80081E-2 4.72239E-2 5.80677E-2 5.70026E-2 5.65383E-2 6.02236E-2 5.85455E-2 7.52804E-2 9.03379E-2 7.98015E-2 9.02501E-2 9.01324E-2 1.22064E-1 1.12031E-1 9.46715E-2 9.72338E-2 1.31133E-1 1.43391E-1 -9999 1.18419E-1 8.53108E-2 9.29747E-2 4.32773E-2 5.97981E-2 1.2357E-1 6.82001E-2 5.61278E-2 4.57299E-2 7.2967E-2 1.85494E-2 8.23423E-3
-9999 -9999 -9999 -9999 5.7031E-3 1.02319E-2 3.57482E-3 2.40915E-4 2.24921E-1 2.76648E-1 2.8524E-3 4.87993E-3 2.59758E-2 4.37059E-2 3.0776E-2 3.99693E-2 5.96279E-2 3.70894E-2 3.68937E-2 6.9706E-2 5.84599E-2 5.7012E-2 6.95155E-2 6.71191E-2 5.34226E-2 4.18495E-2 2.71354E-2 6.51886E-2 3.6051E-2 4.19107E-2 5.96705E-2 5.38279E-2 5.59165E-2 5.37617E-2 4.867E-2 6.44302E-2 6.47517E-2 6.56529E-2 6.90568E-2 7.85478E-2 8.81707E-2 1.00403E-1 1.08016E-1 1.09386E-1 1.09929E-1 8.94429E-2 -9999 -9999 -9999 -9999 1.06489E-1 5.64234E-2 5.98893E-2 9.82495E-2 8.1576E-2 6.93949E-2 2.77211E-2 1.99671E-2 9.66158E-3 1.55054E-2 1.44503E-2
-9999 -9999 -9999 -9999 2.47973E-3 8.91686E-3 3.08013E-3 6.94067E-4 1.41519E-4 4.22818E-1 2.10219E-3 1.09361E-2 2.18077E-2 2.70404E-2 2.37938E-2 3.69276E-2 5.08446E-2 3.76716E-2 5.22616E-2 5.87974E-2 5.93926E-2 6.92425E-2 8.30266E-2 7.48394E-2 4.40393E-2 2.49045E-2 3.18326E-2 4.64025E-2 5.08435E-2 6.18996E-2 5.92299E-2 5.97214E-2 5.6889E-2 7.42452E-2 4.06391E-2 5.35239E-2 7.49049E-2 6.43067E-2 6.73452E-2 7.37233E-2 1.0336E-1 9.53636E-2 7.2559E-2 3.86142E-2 1.09174E-1 -9999 -9999 -9999 -9999 2.42006E-1 8.87999E-2 9.0064E-2 7.57916E-2 8.2201E-2 7.87769E-2 6.17411E-2 5.40899E-2 3.73124E-2 3.8044E-2 5.34026E-2 2.02219E-2
-9999 -9999 -9999 -9999 8.14725E-3 1.33213E-2 6.05638E-3 6.72143E-4 1.29065E-2 3.4448E-2 3.40763E-3 7.68287E-3 1.26941E-2 2.59838E-2 3.0223E-2 3.51004E-2 5.18408E-2 5.50191E-2 3.00501E-2 3.49551E-2 5.91909E-2 8.03476E-2 6.1012E-2 4.94831E-2 4.79922E-2 3.9486E-2 3.98603E-2 5.99141E-2 6.6358E-2 5.50732E-2 5.52599E-2 6.24593E-2 6.01744E-2 6.47314E-2 6.56494E-2 5.01048E-2 5.78545E-2 5.65648E-2 8.3268E-2 7.97087E-2 8.58741E-2 9.11712E-2 1.12974E-1 1.17215E-1 1.36807E-1 -9999 -9999 -9999 2.3967E-1 1.8382E-1 1.22977E-1 9.05088E-2 8.90659E-2 6.89354E-2 6.85608E-2 5.10584E-2 5.71686E-2 1.98509E-2 2.45424E-2 3.99456E-2 1.60131E-2
-9999 -9999 -9999 1.49466E-2 4.44626E-1 5.13071E-2 1.10957E-3 2.65586E-3 1.56402E-3 4.30961E-3 1.09403E-2 4.0769E-3 1.31381E-2 3.22487E-2 4.86519E-2 3.78886E-2 6.33032E-2 4.74015E-2 4.96075E-2 2.24628E-2 4.28616E-2 5.66664E-2 4.71938E-2 2.9068E-2 3.64067E-2 4.05642E-2 5.4067E-2 5.60513E-2 4.00477E-2 4.57556E-2 7.35756E-2 6.81386E-2 6.31376E-2 6.71168E-2 6.43682E-2 6.70938E-2 5.94929E-2 7.67639E-2 7.52359E-2 8.77789E-2 7.74689E-2 7.45776E-2 9.07083E-2 1.23467E-1 2.49486E-1 1.82107E-1 1.82421E-1 1.88543E-1 1.96778E-1 1.34808E-1 1.26379E-1 1.07659E-1 1.03378E-1 8.88663E-2 8.00154E-2 4.7957E-2 5.73182E-2 2.56953E-2 2.66086E-2 3.01252E-2 2.16061E-2
-9999 -9999 -9999 -9999 5.24804E-2 2.24652E-1 5.24741E-3 -9999 1.59537E-3 5.94464E-3 7.44363E-3 1.05652E-3 3.16161E-2 5.02307E-2 4.58925E-2 5.73963E-2 5.56145E-2 4.66174E-2 3.58361E-2 3.21271E-2 2.79703E-2 4.51972E-2 2.8193E-2 3.54601E-2 5.70761E-2 6.13204E-2 6.34184E-2 5.104E-2 4.24134E-2 4.75675E-2 4.91642E-2 6.59355E-2 6.37357E-2 6.8847E-2 5.95299E-2 5.22236E-2 5.85274E-2 5.07475E-2 5.77992E-2 9.30042E-2 1.15098E-1 9.70534E-2 7.41299E-2 1.01028E-1 1.11388E-1 1.44521E-1 1.48566E-1 1.50033E-1 1.59856E-1 1.23811E-1 1.2137E-1 8.18721E-2 1.03131E-1 9.89037E-2 8.72881E-2 4.03614E-2 5.22695E-2 3.18191E-2 4.01764E-2 3.25202E-2 1.84271E-2
-9999 -9999 -9999 -9999 1.77742E-2 4.04408E-3 5.44913E-3 5.61216E-3 3.68296E-3 4.69861E-2 1.19001E-2 8.21736E-4 1.21092E-2 1.8381E-2 3.31612E-2 9.08984E-2 5.14733E-2 5.71725E-2 3.6589E-2 3.04454E-2 2.43855E-2 3.50136E-2 4.48076E-2 3.92702E-2 3.88268E-2 7.55609E-2 4.6607E-2 5.3251E-2 5.9553E-2 5.86569E-2 6.05046E-2 8.05501E-2 6.83717E-2 7.32706E-2 7.37861E-2 7.77673E-2 6.55824E-2 4.00441E-2 6.26539E-2 7.1254E-2 7.62574E-2 9.19586E-2 5.68904E-2 8.58199E-2 8.06933E-2 1.22593E-1 1.21474E-1 1.05349E-1 1.20679E-1 1.18824E-1 1.05571E-1 9.16629E-2 1.04628E-1 1.09738E-1 1.1418E-1 7.51074E-2 5.55161E-2 5.99562E-2 2.78589E-2 3.6734E-2 3.6523E-2
-9999 -9999 -9999 -9999 2.31952E-1 8.21845E-3 9.01328E-3 3.90714E-3 9.49034E-3 4.72469E-2 4.35786E-3 8.84186E-4 5.50922E-3 3.18796E-2 3.5703E-2 4.2616E-2 4.81589E-2 6.09145E-2 5.27217E-2 3.57937E-2 2.18291E-2 3.0853E-2 2.53607E-2 2.81977E-2 3.78674E-2 3.32046E-2 3.08065E-2 5.0658E-2 6.09882E-2 6.41769E-2 7.24841E-2 7.52683E-2 9.55899E-2 7.27327E-2 9.63721E-2 8.85893E-2 8.54918E-2 7.50474E-2 8.58395E-2 9.40836E-2 9.27759E-2 9.1923E-2 7.74832E-2 8.11384E-2 9.70932E-2 1.06281E-1 8.1965E-2 9.58996E-2 1.07397E-1 1.14857E-1 9.88884E-2 8.91894E-2 9.56647E-2 9.63632E-2 9.80369E-2 5.78773E-2 6.27368E-2 6.09745E-2 4.277E-2 3.64616E-2 2.54528E-2
-9999 -9999 -9999 -9999 -9999 1.18455E-2 9.12401E-3 1.03797E-2 5.33265E-3 6.26119E-3 1.6175E-3 6.26424E-3 8.53459E-3 1.05893E-2 1.55646E-2 3.91494E-2 5.26713E-2 5.53338E-2 5.80672E-2 4.70072E-2 3.89672E-2 4.1501E-2 3.18891E-2 4.2671E-2 2.32257E-2 2.52917E-2 4.18102E-2 5.39012E-2 6.07215E-2 8.86796E-2 9.39685E-2 1.01244E-1 8.68006E-2 8.16404E-2 8.49069E-2 1.04662E-1 8.18669E-2 7.39547E-2 9.28539E-2 8.22932E-2 9.54228E-2 9.73247E-2 8.91725E-2 1.10474E-1 1.10658E-1 9.97338E-2 7.71905E-2 9.86058E-2 1.03008E-1 1.33235E-1 1.13052E-1 1.0253E-1 9.85939E-2 8.50309E-2 9.41733E-2 5.53065E-2 7.16018E-2 7.49339E-2 6.538E-2 1.90216E-2 2.95625E-2
-9999 -9999 -9999 -9999 -9999 1.74675E-2 3.43076E-3 1.3469E-2 1.74246E-2 2.39977E-2 2.57173E-3 3.13593E-4 1.39364E-3 5.3161E-3 1.81354E-2 2.79844E-2 4.85351E-2 4.69455E-2 5.70089E-2 5.43568E-2 4.70007E-2 3.69102E-2 5.9195E-2 4.71332E-2 3.16937E-2 4.86426E-2 5.75498E-2 6.08961E-2 7.11901E-2 6.52466E-2 8.04993E-2 9.27515E-2 1.04491E-1 9.00152E-2 8.23903E-2 1.02698E-1 1.04527E-1 1.03035E-1 1.02973E-1 1.01332E-1 8.25592E-2 9.64529E-2 1.02229E-1 1.06593E-1 8.1617E-2 1.03621E-1 1.12649E-1 8.73707E-2 7.71902E-2 9.89373E-2 1.07518E-1 9.58691E-2 7.56086E-2 6.15989E-2 1.00146E-1 6.30964E-2 5.70505E-2 7.59288E-2 4.97813E-2 4.46361E-2 3.52453E-2
-9999 -9999 -9999 -9999 -9999 3.58557E-2 1.00105E-2 2.88366E-3 1.0002E-2 9.82331E-4 2.3843E-3 1.64347E-4 5.58224E-4 9.7066E-4 2.11894E-2 2.72877E-2 3.72639E-2 3.46081E-2 4.0117E-2 6.6408E-2 4.78067E-2 5.02511E-2 5.72375E-2 5.22039E-2 4.09728E-2 5.59805E-2 3.83911E-2 7.70291E-2 7.60544E-2 7.69375E-2 8.53405E-2 9.86965E-2 1.09816E-1 1.07706E-1 1.19596E-1 1.28232E-1 1.23248E-1 1.3949E-1 1.24487E-1 1.24457E-1 1.11668E-1 9.98456E-2 1.05938E-1 8.48074E-2 1.04803E-1 9.49041E-2 1.05385E-1 9.34723E-2 9.23145E-2 1.12484E-1 1.1427E-1 8.85775E-2 7.20505E-2 4.75088E-2 8.99361E-2 8.31151E-2 9.49326E-2 7.95743E-2 6.04232E-2 5.96632E-2 4.89932E-2
-9999 -9999 -9999 -9999 -9999 1.16289E-2 3.82691E-3 6.99588E-3 2.1493E-2 1.7394E-3 1.21273E-3 6.08232E-4 2.26889E-3 4.95161E-3 1.68688E-2 2.25587E-2 2.69612E-2 2.83986E-2 2.93695E-2 5.27516E-2 7.66763E-2 7.37535E-2 9.65668E-2 5.7858E-2 3.5871E-2 7.82717E-2 6.65155E-2 8.18951E-2 8.50221E-2 9.11105E-2 1.06475E-1 1.08601E-1 1.01853E-1 1.08605E-1 1.19587E-1 1.26621E-1 1.55531E-1 1.32235E-1 1.25939E-1 1.4568E-1 1.88982E-1 1.37145E-1 9.72784E-2 5.83033E-2 1.32751E-1 1.20536E-1 1.25399E-1 1.11366E-1 9.38237E-2 1.25105E-1 8.70655E-2 1.08123E-1 1.15258E-1 8.3215E-2 5.43922E-2 -9999 5.67925E-2 4.06685E-2 5.34436E-2 7.08534E-2 5.41788E-2
