Candidate_Models_Sept202022/M_0.1_F_lqp_Set_1_cal/Bison.asc
ncols         97
nrows         127
xllcorner     -2197417.7431653
yllcorner     -584827.01486885
cellsize      30000.0
NODATA_value  -9999
[rows 81 to 107 of 127, columns 0 to 60 of 97]
-9999 -9999 -9999 -9999 -9999 -9999 -9999 -9999 -9999 -9999 -9999 1.56207E-2 1.75918E-3 1.19966E-3 1.5363E-2 5.75707E-3 4.13736E-3 4.94305E-4 1.34593E-3 7.87922E-3 3.3136E-3 1.40589E-2 1.26456E-2 5.50585E-2 1.60028E-1 2.58736E-1 1.12553E-1 1.05644E-1 1.44496E-1 2.40742E-2 1.39612E-2 3.91476E-3 5.9863E-3 2.29506E-2 5.49521E-2 8.11116E-2 4.7809E-2 3.93034E-1 6.62139E-1 7.956E-1 9.03712E-1 7.39139E-1 7.10647E-1 7.91554E-1 7.2095E-1 5.10944E-1 4.20995E-1 3.90613E-1 4.32052E-1 5.0254E-1 5.6278E-1 6.83378E-1 7.07985E-1 6.78387E-1 6.66086E-1 4.83752E-1 5.99028E-1 6.03717E-1 5.65136E-1 5.16179E-1 5.07883E-1
-9999 -9999 -9999 -9999 -9999 -9999 -9999 -9999 -9999 -9999 -9999 -9999 1.1936E-2 1.55438E-3 3.92381E-3 5.8269E-3 4.51767E-3 2.25271E-2 4.7089E-3 2.4858E-3 2.53533E-3 2.1792E-3 3.26136E-3 2.25816E-2 2.2635E-1 2.30826E-1 6.67845E-2 1.0978E-1 2.23168E-1 3.56299E-2 1.02241E-2 7.92749E-3 4.01642E-3 1.10038E-2 4.86459E-2 1.48561E-1 7.22406E-2 9.59189E-2 4.00799E-1 6.90816E-1 8.34974E-1 7.36649E-1 7.24146E-1 7.56037E-1 6.92247E-1 4.74353E-1 3.60671E-1 4.5287E-1 5.11141E-1 6.5819E-1 6.63269E-1 6.92719E-1 7.12269E-1 6.82819E-1 6.35637E-1 6.2296E-1 5.97827E-1 5.27973E-1 5.19479E-1 4.51127E-1 5.59373E-1
-9999 -9999 -9999 -9999 -9999 -9999 -9999 -9999 -9999 -9999 -9999 -9999 -9999 6.81992E-3 3.89978E-4 1.93923E-3 6.0894E-4 1.01316E-2 2.95368E-1 2.17908E-2 2.66743E-3 6.13824E-3 1.16801E-3 1.50349E-2 6.45942E-2 5.0157E-2 4.80443E-2 1.2855E-1 3.48293E-2 2.98786E-2 1.18435E-2 9.73503E-3 1.17937E-3 9.3365E-3 1.61825E-2 3.10802E-1 9.32579E-2 6.95053E-2 1.72872E-1 6.60352E-1 8.07077E-1 7.79436E-1 7.36304E-1 6.89948E-1 6.34468E-1 4.23037E-1 4.34028E-1 4.5303E-1 5.13136E-1 6.14911E-1 6.46561E-1 6.55021E-1 7.19344E-1 7.00461E-1 6.57974E-1 6.23801E-1 6.67339E-1 6.21798E-1 4.9176E-1 5.03551E-1 5.20575E-1
-9999 -9999 -9999 -9999 -9999 -9999 -9999 -9999 -9999 -9999 -9999 -9999 -9999 7.09707E-3 1.48326E-3 2.33131E-3 4.05147E-3 -9999 8.5441E-3 7.63293E-2 2.17778E-1 4.23822E-2 2.75025E-3 8.77464E-3 1.21708E-1 5.66672E-2 1.05823E-1 9.05405E-2 4.56621E-2 2.15332E-2 2.2166E-2 5.72273E-3 4.01458E-3 9.85265E-3 2.11439E-2 1.19622E-1 7.38496E-2 7.0683E-2 1.44834E-1 4.70741E-1 6.88154E-1 7.08166E-1 7.20677E-1 5.47946E-1 5.92782E-1 6.91843E-1 6.11395E-1 6.39928E-1 4.80086E-1 5.62051E-1 6.30394E-1 6.04092E-1 6.29888E-1 5.99174E-1 6.10125E-1 4.0648E-1 6.21323E-1 6.89859E-1 5.39002E-1 5.50817E-1 6.38914E-1
-9999 -9999 -9999 -9999 -9999 -9999 -9999 -9999 -9999 -9999 -9999 -9999 -9999 9.06261E-3 3.72686E-3 1.45242E-3 3.63663E-3 -9999 3.79864E-2 2.77881E-1 9.00813E-2 3.38876E-3 4.89613E-4 9.34739E-3 3.85966E-2 6.43358E-2 1.48666E-1 5.28504E-2 3.94054E-2 2.15138E-2 9.67323E-3 4.32975E-3 1.05443E-2 1.97008E-2 1.8639E-2 9.80389E-2 8.37164E-2 1.16449E-1 2.7292E-1 2.55312E-1 4.75058E-1 6.43625E-1 7.07052E-1 6.23462E-1 5.44342E-1 6.96826E-1 5.14493E-1 4.29046E-1 4.67889E-1 6.64832E-1 6.24301E-1 4.80209E-1 6.0709E-1 7.03857E-1 6.44386E-1 5.74034E-1 7.08838E-1 5.215E-1 5.32197E-1 5.20678E-1 4.97995E-1
-9999 -9999 -9999 -9999 -9999 -9999 -9999 -9999 -9999 -9999 -9999 -9999 -9999 4.40002E-3 6.10373E-3 1.53676E-3 8.9384E-4 -9999 1.65534E-3 6.5563E-2 1.85746E-2 3.64386E-4 1.01359E-3 3.19191E-3 3.0105E-2 9.90395E-2 2.22166E-1 6.08295E-2 3.61458E-2 1.5208E-2 3.23415E-2 2.53743E-2 1.98936E-2 1.32915E-2 2.51305E-2 1.89235E-1 3.22689E-2 1.28252E-1 1.48537E-1 3.00619E-1 4.11073E-1 6.06309E-1 6.4721E-1 6.35002E-1 6.33482E-1 5.76561E-1 4.36634E-1 4.94367E-1 5.35262E-1 6.7522E-1 5.9228E-1 3.57466E-1 5.07505E-1 6.97993E-1 6.68615E-1 6.54264E-1 6.67244E-1 4.03037E-1 4.68568E-1 5.22159E-1 6.12321E-1
-9999 -9999 -9999 -9999 -9999 -9999 -9999 -9999 -9999 -9999 -9999 -9999 -9999 6.70885E-3 2.52041E-3 9.77489E-4 1.42788E-2 -9999 6.50022E-3 9.24512E-2 1.42104E-2 1.2672E-3 1.36542E-3 1.14062E-2 5.22294E-2 1.66116E-1 4.58283E-1 2.15042E-1 1.40805E-1 2.6933E-2 6.29538E-2 1.13149E-2 2.63993E-3 2.5151E-2 5.75927E-2 1.32964E-1 1.26214E-1 9.0446E-2 6.15591E-1 5.11166E-1 3.56351E-1 5.86863E-1 7.28504E-1 6.30782E-1 6.08943E-1 6.02544E-1 6.58036E-1 7.04691E-1 6.16316E-1 4.92395E-1 4.20368E-1 3.18521E-1 5.09465E-1 6.35384E-1 7.27036E-1 7.03133E-1 6.01397E-1 4.8689E-1 4.40179E-1 4.65716E-1 5.55514E-1
-9999 -9999 -9999 -9999 -9999 -9999 -9999 -9999 -9999 -9999 -9999 -9999 -9999 3.61713E-3 2.72252E-3 4.26544E-4 9.59512E-4 2.45833E-3 1.3532E-3 1.0661E-1 6.45864E-3 2.71965E-4 1.5847E-3 2.9777E-2 2.1486E-1 3.59405E-1 3.19168E-1 1.31777E-1 6.3174E-2 7.04424E-2 5.701E-2 1.64815E-2 8.38107E-3 1.38382E-1 3.68038E-2 3.15774E-2 1.11525E-1 2.29108E-2 7.17496E-2 4.36778E-1 4.3975E-1 6.53737E-1 6.34095E-1 6.26073E-1 6.36718E-1 6.14091E-1 5.74316E-1 4.56567E-1 6.37491E-1 6.18851E-1 4.97831E-1 4.63048E-1 7.14793E-1 7.10037E-1 7.10826E-1 6.87817E-1 6.5182E-1 6.12253E-1 6.53074E-1 4.4383E-1 5.0893E-1
-9999 -9999 -9999 -9999 -9999 -9999 -9999 -9999 -9999 -9999 -9999 -9999 -9999 4.21106E-3 4.3032E-3 3.69649E-4 2.79757E-3 6.83159E-4 3.42101E-4 3.26096E-2 8.15326E-3 8.80056E-4 2.13723E-3 4.64155E-2 3.82476E-1 2.67974E-1 1.26103E-1 7.12841E-2 4.93561E-2 2.11133E-1 3.21072E-2 2.71372E-2 2.39817E-2 1.8683E-1 2.15752E-2 3.14873E-2 1.40601E-1 1.70995E-2 2.27405E-2 2.18574E-2 3.7974E-1 6.07141E-1 5.69441E-1 6.82251E-1 6.3824E-1 6.12656E-1 6.73407E-1 4.3281E-1 3.05494E-1 4.2493E-1 4.98197E-1 3.91779E-1 6.712E-1 7.08162E-1 7.25907E-1 6.86095E-1 6.34668E-1 6.60901E-1 6.31219E-1 6.59528E-1 5.28559E-1
-9999 -9999 -9999 -9999 -9999 -9999 -9999 -9999 -9999 -9999 -9999 -9999 -9999 3.79595E-3 5.60905E-3 4.90384E-3 5.9518E-4 4.097E-4 2.09748E-4 1.43891E-1 1.3304E-3 2.19214E-3 2.59957E-2 2.72761E-1 5.37108E-1 2.14549E-1 2.1419E-1 5.84694E-2 8.40769E-2 1.49483E-1 6.61811E-2 3.85242E-2 8.24519E-2 4.79827E-2 2.24975E-2 2.58036E-2 5.10116E-2 2.32239E-2 7.38453E-2 5.32446E-3 2.34079E-1 2.76611E-1 6.82031E-1 5.45915E-1 6.46513E-1 6.64255E-1 4.40176E-1 4.44033E-1 3.93337E-1 6.3904E-1 5.78907E-1 4.7046E-1 6.64869E-1 5.87749E-1 5.89214E-1 6.02037E-1 6.07901E-1 6.28316E-1 6.64728E-1 6.47107E-1 5.97084E-1
-9999 -9999 -9999 -9999 -9999 -9999 -9999 -9999 -9999 -9999 -9999 -9999 -9999 3.63975E-3 6.31927E-3 4.74237E-3 6.11429E-4 1.58496E-4 1.56349E-2 7.24793E-2 4.39778E-3 2.28663E-3 9.71375E-2 4.80554E-1 3.21632E-1 1.80805E-1 4.01338E-1 2.89696E-1 9.25139E-2 6.85772E-2 8.18411E-2 6.00355E-2 8.5758E-2 4.64661E-2 6.73727E-3 7.14847E-2 8.25636E-2 1.07641E-1 2.25223E-1 2.01621E-2 3.78661E-2 2.49086E-1 6.20833E-1 6.79111E-1 4.15546E-1 4.11389E-1 5.34685E-1 5.15982E-1 6.00035E-1 4.67491E-1 3.69391E-1 3.97771E-1 5.47935E-1 5.75799E-1 5.55942E-1 3.66709E-1 3.84831E-1 4.64032E-1 5.8393E-1 5.65476E-1 4.6718E-1
-9999 -9999 -9999 -9999 -9999 -9999 -9999 -9999 -9999 -9999 -9999 -9999 -9999 4.92663E-3 2.75762E-3 7.39533E-3 5.773E-3 7.61907E-3 4.28811E-2 5.15004E-3 1.84618E-2 5.34299E-2 1.14698E-1 1.5151E-1 1.59599E-1 1.51764E-1 2.94502E-1 3.13923E-1 3.96923E-1 2.12755E-1 1.10294E-1 9.8927E-2 3.59353E-2 1.10331E-2 7.40364E-3 4.32356E-2 1.76837E-1 3.14952E-1 5.78817E-1 2.4491E-2 5.85806E-2 4.04471E-1 5.0729E-1 6.38101E-1 4.91358E-1 5.43147E-1 5.78214E-1 5.47858E-1 5.3243E-1 5.00154E-1 3.97524E-1 4.40361E-1 5.63819E-1 5.49647E-1 5.40367E-1 4.48958E-1 3.66844E-1 5.75313E-1 5.08696E-1 5.60196E-1 5.24926E-1
-9999 -9999 -9999 -9999 -9999 -9999 -9999 -9999 -9999 -9999 -9999 -9999 3.41823E-3 5.77055E-3 9.06793E-3 1.19241E-2 2.15644E-2 1.95234E-2 1.04838E-2 8.74488E-4 1.2345E-2 2.40593E-1 2.21435E-1 2.29231E-1 5.00331E-2 1.41064E-1 2.2443E-1 2.88343E-1 3.38785E-1 1.30973E-1 2.26052E-1 7.63715E-2 2.17799E-2 1.12358E-2 2.13531E-2 1.99666E-2 1.27556E-1 3.47886E-1 9.96469E-2 2.9733E-2 1.71366E-2 2.98241E-1 5.41162E-1 6.12685E-1 5.62242E-1 5.82297E-1 5.21484E-1 4.90842E-1 4.36688E-1 6.20664E-1 4.46907E-1 4.41348E-1 4.76281E-1 4.75727E-1 4.92282E-1 4.75275E-1 4.05054E-1 6.58754E-1 5.06198E-1 4.67913E-1 5.79201E-1
-9999 -9999 -9999 -9999 -9999 -9999 -9999 -9999 -9999 -9999 -9999 -9999 1.1776E-2 1.04492E-2 5.68606E-3 8.21495E-3 1.73197E-2 1.39123E-2 3.36897E-3 3.7375E-3 5.79981E-2 1.49674E-1 3.68967E-2 1.56662E-1 1.31184E-1 1.25173E-1 8.60777E-2 1.85024E-1 2.72853E-1 2.67651E-1 2.43296E-1 1.35335E-1 3.42385E-2 4.1515E-2 8.22563E-3 2.86632E-2 2.67883E-1 5.09591E-1 1.75362E-1 1.42172E-2 1.78933E-2 2.98054E-1 3.97651E-1 4.90104E-1 4.81532E-1 5.14839E-1 3.90819E-1 4.62694E-1 5.0013E-1 5.46179E-1 4.15668E-1 3.98813E-1 3.64945E-1 4.49571E-1 4.38423E-1 4.1809E-1 4.34452E-1 4.87759E-1 4.98801E-1 4.21079E-1 4.56309E-1
-9999 -9999 -9999 -9999 -9999 -9999 -9999 -9999 -9999 -9999 -9999 -9999 1.01579E-2 6.81244E-3 3.6541E-3 9.81782E-3 1.34366E-2 9.00595E-3 2.97692E-3 2.39899E-2 8.38202E-2 7.36438E-2 6.08245E-2 1.60907E-2 3.62552E-2 8.51854E-2 2.33246E-1 1.49437E-1 2.31101E-1 2.06443E-1 3.18097E-1 4.75416E-2 2.36289E-2 1.02552E-2 8.2549E-3 1.96666E-2 1.67167E-1 4.8469E-1 2.0418E-1 3.29574E-2 2.58504E-2 4.12956E-1 3.95666E-1 5.26569E-1 4.34149E-1 4.39487E-1 4.07963E-1 3.93742E-1 4.8546E-1 7.19045E-1 6.69533E-1 6.871E-1 4.50813E-1 3.51E-1 4.39231E-1 5.70868E-1 6.09676E-1 6.80829E-1 4.722E-1 4.63232E-1 5.72472E-1
-9999 -9999 -9999 -9999 -9999 -9999 -9999 -9999 -9999 -9999 -9999 -9999 3.28913E-2 5.16103E-3 1.56307E-2 1.09986E-2 8.39378E-2 2.07504E-3 9.78879E-3 1.43486E-2 3.44505E-2 4.0787E-2 5.82526E-2 7.20694E-2 3.38057E-2 5.15276E-2 1.07914E-1 1.53337E-1 2.64722E-1 3.29487E-1 3.18385E-1 1.04076E-1 3.05272E-2 1.33502E-2 6.84363E-3 7.82627E-3 7.47546E-2 3.04749E-1 5.8256E-2 1.13093E-1 4.16272E-2 2.84822E-1 3.93061E-1 4.52194E-1 4.8992E-1 4.99736E-1 5.00178E-1 3.37462E-1 4.23105E-1 6.2918E-1 6.61298E-1 6.35527E-1 6.46518E-1 4.44838E-1 7.0836E-1 6.18065E-1 7.53186E-1 5.55486E-1 3.7084E-1 4.46156E-1 4.18841E-1
-9999 -9999 -9999 -9999 -9999 -9999 -9999 -9999 -9999 -9999 -9999 8.73203E-3 7.13449E-3 2.17552E-2 5.11513E-3 4.28548E-4 3.81383E-2 7.59861E-3 2.27429E-2 2.12145E-1 9.26501E-2 4.24479E-2 8.95742E-2 7.51747E-2 8.68302E-3 5.61737E-2 1.39613E-1 3.06081E-1 3.065E-1 3.99249E-1 3.92933E-1 3.90474E-1 3.0891E-2 4.082E-2 9.9945E-3 1.57854E-2 5.4568E-2 5.49525E-1 3.45523E-1 2.15364E-1 4.28222E-1 2.15356E-1 6.14598E-1 5.90256E-1 4.93683E-1 5.87455E-1 4.37885E-1 2.69478E-1 4.05866E-1 4.94908E-1 4.45117E-1 3.69678E-1 5.96204E-1 7.12729E-1 4.95173E-1 4.30827E-1 3.77493E-1 4.08062E-1 4.39546E-1 4.93982E-1 3.96452E-1
-9999 -9999 -9999 -9999 -9999 -9999 -9999 -9999 -9999 -9999 -9999 6.08436E-3 1.1389E-2 3.40061E-2 1.98391E-2 1.54289E-2 3.05073E-2 1.32221E-2 7.48402E-2 1.50769E-1 1.39921E-1 2.4174E-2 2.2551E-2 2.98189E-2 8.67284E-2 1.51432E-1 1.51991E-1 2.62677E-2 1.92367E-2 5.5147E-1 4.96973E-1 5.94883E-1 2.51002E-1 2.70028E-2 2.17253E-2 1.33473E-2 2.67258E-2 6.26079E-1 7.82438E-2 5.50704E-1 4.62896E-1 3.19658E-1 7.38174E-1 5.40457E-1 5.55383E-1 1.95351E-1 1.29449E-1 4.33272E-1 4.16059E-1 6.4122E-1 4.92322E-1 3.36953E-1 5.31223E-1 5.92498E-1 3.30249E-1 3.61803E-1 3.23837E-1 3.38988E-1 4.19547E-1 4.43588E-1 4.61058E-1
-9999 -9999 -9999 -9999 -9999 -9999 -9999 -9999 -9999 -9999 9.86851E-4 1.64531E-3 1.11825E-2 2.05826E-2 1.04539E-1 1.00066E-2 4.18826E-3 1.16605E-2 5.21364E-2 3.76115E-2 4.91077E-2 7.34826E-2 9.597E-2 5.91531E-2 1.14696E-1 2.63547E-1 1.22355E-1 2.60659E-2 7.62479E-2 1.74734E-1 1.90075E-1 6.73441E-1 3.93491E-1 1.5827E-2 2.90996E-2 1.90863E-2 6.22622E-2 6.28685E-1 1.57431E-1 3.75161E-1 7.19078E-1 4.33015E-1 6.36017E-1 7.12853E-1 4.76105E-1 6.1237E-1 2.98999E-1 4.70248E-1 5.22657E-1 3.54198E-1 5.16239E-1 2.9116E-1 2.87744E-1 3.16547E-1 3.38465E-1 3.3257E-1 3.37724E-1 4.08046E-1 3.49412E-1 3.36159E-1 3.81651E-1
-9999 -9999 -9999 -9999 -9999 -9999 -9999 -9999 -9999 -9999 9.3208E-4 8.16456E-4 1.98486E-2 3.63181E-2 3.09635E-2 5.31694E-3 4.26748E-3 1.80029E-2 1.66541E-2 2.2773E-2 2.22589E-2 6.39037E-2 7.55281E-2 1.10556E-1 1.20454E-1 1.2624E-1 1.87984E-1 1.94225E-1 3.08615E-1 3.50382E-1 1.07413E-1 1.85356E-1 4.75048E-2 3.43579E-2 2.44776E-2 1.41443E-2 1.04503E-1 3.92972E-1 1.87266E-1 5.20388E-1 7.78629E-1 1.57633E-1 3.68204E-1 6.4695E-1 5.72666E-1 3.94676E-1 4.14634E-1 2.99724E-1 2.8574E-1 3.73309E-1 2.70603E-1 3.54833E-1 3.10292E-1 3.13687E-1 3.96702E-1 4.85635E-1 3.85297E-1 3.81592E-1 4.01685E-1 4.11943E-1 4.14366E-1
-9999 -9999 -9999 -9999 -9999 -9999 -9999 -9999 -9999 -9999 6.69845E-4 6.18585E-4 2.61483E-2 2.29854E-2 6.98384E-3 5.98932E-3 6.41964E-3 1.43495E-2 3.46706E-2 2.68391E-2 1.55631E-2 2.57511E-2 3.15273E-2 4.10209E-2 1.02408E-1 7.85166E-2 3.02144E-1 6.51786E-2 2.2211E-1 2.53661E-1 4.70879E-2 4.01846E-2 2.00848E-2 4.73321E-2 4.42339E-2 4.75628E-2 1.6106E-1 2.19162E-1 3.33669E-1 3.2404E-1 6.59622E-1 5.0638E-1 6.53038E-1 6.07788E-1 6.26178E-1 6.13273E-1 2.24137E-1 2.93469E-1 3.1558E-1 3.38373E-1 4.78454E-1 5.42812E-1 5.19632E-1 3.4906E-1 3.99955E-1 3.03368E-1 2.83086E-1 3.2438E-1 5.12863E-1 3.96084E-1 3.22247E-1
-9999 -9999 -9999 -9999 -9999 -9999 -9999 -9999 -9999 4.83861E-4 5.27462E-4 6.74299E-4 1.1539E-2 6.29757E-3 1.86213E-3 2.70336E-3 1.21355E-2 3.06819E-2 5.09456E-2 2.0567E-2 2.73959E-2 3.33831E-2 4.06248E-2 5.03308E-2 4.4409E-2 3.52445E-2 4.42675E-1 1.00897E-1 6.312E-2 4.25664E-2 4.59386E-2 1.02874E-1 1.23756E-1 1.04768E-1 1.08421E-1 1.17053E-1 1.59653E-1 2.07713E-1 5.59954E-1 2.32718E-1 7.23013E-1 6.17446E-1 7.12934E-1 4.49644E-1 6.29105E-1 4.93539E-1 5.05516E-1 4.66806E-1 4.24796E-1 3.01316E-1 3.17772E-1 3.84021E-1 3.60403E-1 5.09341E-1 5.99191E-1 5.61081E-1 4.59601E-1 4.34467E-1 3.46105E-1 4.1578E-1 4.14876E-1
-9999 -9999 -9999 -9999 -9999 -9999 -9999 -9999 -9999 7.08378E-4 4.40588E-4 7.94551E-4 3.8726E-3 1.63008E-3 1.22426E-3 2.10757E-3 1.39781E-2 1.43111E-2 3.40212E-2 3.49842E-2 7.09601E-2 4.11755E-2 4.07284E-2 5.45714E-2 5.44743E-2 8.61393E-2 3.07358E-1 2.54983E-1 2.04603E-1 1.40979E-1 1.64439E-1 2.17267E-1 6.49224E-2 7.89004E-2 2.41403E-1 2.90152E-1 2.92076E-1 5.42082E-1 4.96773E-1 6.25483E-1 7.64046E-1 7.79501E-1 4.56459E-1 4.73859E-1 6.70857E-1 6.87836E-1 5.63292E-1 4.2645E-1 5.86271E-1 5.77028E-1 5.54903E-1 5.48584E-1 3.97457E-1 5.34716E-1 5.39589E-1 6.4006E-1 5.31111E-1 4.34546E-1 4.65017E-1 3.1344E-1 2.70188E-1
-9999 -9999 -9999 -9999 -9999 -9999 -9999 -9999 3.27304E-4 5.18258E-4 1.16114E-3 1.05972E-2 1.39378E-3 1.49696E-3 2.57503E-3 1.35706E-2 1.353E-2 2.81891E-2 3.14917E-2 4.4185E-2 6.20348E-2 7.86905E-2 6.06944E-2 8.84258E-2 6.87501E-2 2.47457E-1 1.76522E-1 2.79543E-1 1.76252E-1 2.99867E-1 2.61199E-1 2.1875E-1 6.54364E-2 1.15079E-1 1.98145E-1 2.00887E-1 3.23282E-1 6.61932E-1 6.00482E-1 8.4524E-1 7.96309E-1 7.21632E-1 5.19466E-1 3.61876E-1 1.79608E-1 3.85986E-1 5.82361E-2 2.55462E-1 4.10193E-1 6.1191E-1 4.72706E-1 4.41859E-1 3.07831E-1 3.76921E-1 3.46074E-1 6.65994E-1 6.42975E-1 6.48991E-1 4.6193E-1 3.07297E-1 3.25696E-1
-9999 -9999 -9999 -9999 -9999 -9999 -9999 1.28359E-3 1.13192E-3 5.36395E-4 3.42848E-3 1.12868E-2 9.36239E-4 1.35387E-3 4.18447E-3 2.94125E-2 3.124E-2 4.18793E-2 4.64972E-2 5.80903E-2 7.18884E-2 7.35771E-2 7.64211E-2 9.90129E-2 8.08059E-2 1.22787E-1 1.09147E-1 3.62026E-1 3.96706E-1 4.13502E-1 2.23382E-1 1.67853E-1 1.03273E-1 9.68612E-2 1.35205E-1 3.49747E-1 7.53635E-1 7.21191E-1 7.79564E-1 8.36533E-1 7.6728E-1 6.5643E-1 3.81574E-1 2.48327E-1 1.92133E-1 4.75758E-1 3.43276E-1 4.85611E-2 2.71973E-1 7.06743E-1 5.86375E-1 5.78599E-1 6.78539E-1 4.19267E-1 6.26958E-1 6.44879E-1 6.98362E-1 6.72178E-1 6.25537E-1 3.77884E-1 3.40881E-1
-9999 -9999 -9999 -9999 -9999 -9999 -9999 4.90992E-4 3.02937E-4 1.86522E-4 1.13361E-3 1.40689E-3 7.78436E-4 2.75953E-3 1.90618E-2 3.09533E-2 3.52856E-2 1.15891E-1 5.18375E-2 4.53752E-2 6.02681E-2 1.09366E-1 1.61253E-1 1.39584E-1 1.17387E-1 7.99344E-2 1.41445E-1 3.56254E-1 1.33804E-1 4.25892E-1 1.74562E-1 8.50764E-2 1.18549E-1 3.0553E-1 2.86522E-1 6.55775E-1 6.92961E-1 7.75231E-1 8.35654E-1 8.60516E-1 8.40367E-1 6.60272E-1 5.46034E-1 4.13351E-1 3.22705E-1 2.25401E-1 3.72351E-1 3.18653E-1 5.50439E-1 2.97141E-1 3.54048E-1 4.11174E-1 5.14487E-1 5.95715E-1 4.68091E-1 6.9854E-1 5.66683E-1 6.62583E-1 6.37614E-1 3.94712E-1 3.67276E-1
-9999 -9999 -9999 -9999 -9999 -9999 -9999 1.23202E-3 6.58676E-4 2.92723E-4 1.17177E-3 2.00288E-3 2.66598E-3 2.94289E-3 3.44695E-2 3.17369E-2 4.92325E-2 1.19881E-1 5.50369E-2 4.34133E-2 5.94933E-2 6.78965E-2 2.64918E-1 1.42205E-1 7.80464E-2 5.80076E-2 6.02751E-2 2.99249E-1 7.73719E-2 2.09083E-1 3.03551E-1 1.12428E-1 3.47557E-1 3.3819E-1 3.96176E-1 6.20895E-1 7.84288E-1 7.55781E-1 8.28277E-1 7.40326E-1 6.32201E-1 5.31113E-1 4.17032E-1 1.92353E-1 1.24957E-1 1.68541E-1 2.71424E-1 1.24342E-1 4.7036E-1 6.65657E-1 5.59698E-1 5.12603E-1 6.64567E-1 3.95932E-1 5.78827E-1 5.66848E-1 4.2469E-1 6.41186E-1 5.34048E-1 3.63633E-1 4.77357E-1
