Candidate_Models_Sept202022/M_0.7_F_lqp_Set_1_cal/Bison.asc
ncols         97
nrows         127
xllcorner     -2197417.7431653
yllcorner     -584827.01486885
cellsize      30000.0
NODATA_value  -9999
[rows 27 to 53 of 127, columns 0 to 60 of 97]
-9999 -9999 1.39908E-2 5.18955E-3 3.33905E-2 5.84658E-2 5.22421E-2 9.06217E-2 2.22339E-1 8.38886E-2 7.64671E-2 1.25029E-1 3.92764E-2 5.00955E-2 4.12977E-2 6.17869E-2 3.73386E-2 3.63621E-2 2.11093E-2 1.87555E-2 1.52887E-2 1.47293E-2 1.11778E-2 1.27147E-2 1.62467E-2 3.00959E-2 3.76401E-2 2.80738E-2 3.14461E-2 3.06851E-2 2.50546E-2 2.56976E-2 2.14436E-2 2.62774E-2 3.6507E-2 3.7716E-2 5.0672E-2 4.12293E-2 2.01413E-2 5.32358E-2 1.01682E-1 9.41587E-2 8.06154E-2 1.69121E-1 7.79971E-2 5.54514E-2 4.3989E-2 3.17614E-2 2.24829E-2 1.88846E-2 1.71642E-2 2.00786E-2 1.31546E-2 1.20168E-2 7.138E-3 5.25465E-3 5.14E-3 4.65407E-3 5.66056E-3 6.83698E-3 1.0185E-2
-9999 3.39262E-4 1.36189E-2 5.9854E-3 5.77834E-3 3.14039E-2 6.8233E-2 8.18125E-2 8.43028E-2 9.43228E-2 8.0709E-2 7.54578E-2 7.02136E-2 6.54664E-2 5.549E-2 5.31765E-2 7.56939E-2 4.68694E-2 3.4973E-2 2.79642E-2 3.60502E-2 2.17224E-2 1.12926E-2 1.57252E-2 1.87178E-2 3.57097E-2 4.27803E-2 3.37878E-2 3.86733E-2 3.31617E-2 2.78355E-2 1.74278E-2 2.29603E-2 2.35726E-2 2.35881E-2 3.33577E-2 4.38477E-2 8.37462E-2 7.74079E-2 6.1219E-2 7.0094E-2 4.59685E-2 7.5823E-2 7.1159E-2 7.36816E-2 4.06424E-2 3.85745E-2 2.39884E-2 2.04185E-2 1.5125E-2 1.68543E-2 2.4125E-2 1.12719E-2 9.26417E-3 7.24168E-3 5.85559E-3 5.15159E-3 4.83293E-3 5.07149E-3 5.7787E-3 5.51735E-3
-9999 1.94433E-5 1.07422E-4 2.99119E-3 6.76393E-3 3.49423E-2 4.96317E-2 8.64246E-2 1.60788E-1 1.16249E-1 6.95995E-2 8.77967E-2 7.7353E-2 6.79181E-2 6.3182E-2 4.06487E-2 4.56626E-2 5.63453E-2 6.21355E-2 4.47495E-2 2.17548E-2 1.30629E-2 1.80754E-2 1.98003E-2 3.87872E-2 3.26959E-2 4.4277E-2 4.35796E-2 3.08011E-2 3.41938E-2 2.47878E-2 1.90924E-2 2.83319E-2 2.41426E-2 2.40864E-2 2.60687E-2 3.51859E-2 5.57909E-2 5.08624E-2 6.6349E-2 7.55358E-2 7.112E-2 8.00353E-2 6.0422E-2 3.49713E-2 4.07961E-2 2.82286E-2 2.16015E-2 1.52468E-2 1.54018E-2 1.4976E-2 1.41301E-2 1.0538E-2 8.29541E-3 6.70281E-3 5.83597E-3 5.15087E-3 4.56542E-3 4.34206E-3 5.5375E-3 5.27386E-3
2.03659E-3 1.261E-5 2.42542E-7 2.17184E-5 2.30136E-4 1.09131E-2 5.83392E-2 1.11458E-1 1.03842E-1 9.269E-2 8.21137E-2 8.88743E-2 9.63163E-2 1.15722E-1 6.52237E-2 4.57181E-2 7.7725E-2 6.30206E-2 5.44935E-2 4.19168E-2 2.55645E-2 1.57439E-2 2.56826E-2 4.04659E-2 3.10671E-2 3.34074E-2 3.19558E-2 4.71551E-2 3.06655E-2 2.55648E-2 2.00382E-2 2.24271E-2 2.32308E-2 2.05026E-2 3.48392E-2 3.47533E-2 3.72012E-2 4.35724E-2 6.25442E-2 6.82214E-2 6.95415E-2 5.75258E-2 5.63619E-2 6.78786E-2 3.95702E-2 3.35215E-2 2.88892E-2 2.10294E-2 1.45098E-2 1.03284E-2 9.257E-3 1.05758E-2 1.04248E-2 9.12982E-3 7.6141E-3 6.26407E-3 4.85978E-3 4.61822E-3 4.50202E-3 5.36767E-3 5.15752E-3
1.01356E-2 1.55798E-3 1.57575E-6 1.80043E-7 4.60766E-5 1.76884E-2 6.4213E-2 1.31257E-1 9.88898E-2 9.92146E-2 1.10481E-1 1.01498E-1 9.83278E-2 1.45897E-1 8.26994E-2 9.05943E-2 5.15265E-2 7.77368E-2 4.58159E-2 2.68569E-2 1.96138E-2 2.32984E-2 2.40208E-2 2.89277E-2 3.15348E-2 2.97569E-2 3.33425E-2 4.3836E-2 3.89238E-2 2.81556E-2 2.33076E-2 1.96263E-2 2.62724E-2 1.40238E-2 3.27259E-2 4.5547E-2 4.5877E-2 5.27625E-2 5.51742E-2 4.78016E-2 5.7815E-2 5.71866E-2 5.5223E-2 4.54487E-2 3.63763E-2 2.81524E-2 2.60303E-2 2.33249E-2 1.73013E-2 1.05423E-2 9.68046E-3 1.05688E-2 9.20656E-3 9.07532E-3 8.0543E-3 6.496E-3 5.28065E-3 5.16801E-3 4.84608E-3 5.21014E-3 5.3122E-3
1.03296E-2 1.04845E-2 6.74462E-4 3.08342E-6 1.08371E-5 1.21164E-2 8.87693E-2 1.05255E-1 1.04509E-1 1.03076E-1 1.06057E-1 1.02175E-1 9.80126E-2 8.78102E-2 6.70119E-2 5.81428E-2 7.29705E-2 4.15625E-2 4.91496E-2 3.81196E-2 2.85437E-2 2.53938E-2 2.56122E-2 3.17629E-2 4.49583E-2 3.53373E-2 3.55577E-2 7.90681E-2 4.05476E-2 3.04926E-2 2.09618E-2 2.0405E-2 2.27478E-2 2.13472E-2 2.55979E-2 3.61755E-2 5.16902E-2 3.92268E-2 3.71351E-2 4.02165E-2 3.41868E-2 5.98698E-2 5.4571E-2 6.36596E-2 5.31781E-2 2.66326E-2 2.4006E-2 2.24989E-2 2.13413E-2 1.18353E-2 1.10147E-2 1.05247E-2 8.83722E-3 9.278E-3 8.27352E-3 6.35212E-3 5.78143E-3 5.4435E-3 5.87274E-3 5.34142E-3 5.61408E-3
-9999 1.09789E-2 2.5531E-2 3.24734E-3 4.51927E-5 1.60787E-2 4.93611E-2 1.06642E-1 8.79333E-2 6.81583E-2 1.13043E-1 1.18037E-1 9.53133E-2 8.28037E-2 4.61956E-2 3.70362E-2 3.11085E-2 2.53866E-2 4.67236E-2 4.60684E-2 3.79479E-2 4.89771E-2 3.05409E-2 3.15822E-2 3.67864E-2 5.54872E-2 4.76026E-2 6.76271E-2 5.42502E-2 4.11556E-2 3.22206E-2 2.24431E-2 2.37147E-2 2.79283E-2 2.95716E-2 3.98233E-2 4.96427E-2 4.96139E-2 4.14431E-2 5.72254E-2 4.72453E-2 3.99166E-2 5.49767E-2 5.14289E-2 4.69847E-2 2.79404E-2 2.75924E-2 3.58033E-2 2.77743E-2 1.90337E-2 1.5263E-2 1.34745E-2 1.11906E-2 1.06322E-2 8.41603E-3 7.21479E-3 7.32156E-3 5.98179E-3 5.90744E-3 5.36812E-3 6.05672E-3
-9999 -9999 9.51739E-3 3.21875E-3 6.1689E-4 3.482E-2 1.94434E-2 4.65981E-2 7.12088E-2 1.00725E-1 8.50736E-2 1.83713E-1 7.16283E-2 6.48886E-2 4.97681E-2 3.43784E-2 2.97932E-2 2.36034E-2 2.61939E-2 4.75726E-2 5.08852E-2 3.04262E-2 3.07059E-2 3.52293E-2 6.11791E-2 5.13146E-2 5.23499E-2 1.00315E-1 5.39593E-2 5.16557E-2 2.96685E-2 2.11667E-2 3.41203E-2 3.45187E-2 4.02405E-2 3.45292E-2 3.94027E-2 3.84132E-2 3.65714E-2 4.49625E-2 5.6999E-2 5.49048E-2 6.67395E-2 5.05982E-2 5.37926E-2 3.73576E-2 3.56574E-2 3.31488E-2 3.67508E-2 3.88302E-2 2.2089E-2 1.60629E-2 1.19847E-2 1.06378E-2 8.87381E-3 7.34067E-3 7.9228E-3 6.42272E-3 6.48062E-3 6.51445E-3 6.22891E-3
-9999 -9999 1.07372E-2 5.63252E-3 3.37692E-3 2.06021E-2 1.33063E-2 2.6965E-2 3.25891E-2 1.19332E-1 1.07047E-1 1.17675E-1 7.11926E-2 5.74226E-2 3.86155E-2 6.00912E-2 4.69646E-2 4.7603E-2 3.0825E-2 4.39824E-2 4.7E-2 5.14438E-2 3.31042E-2 3.72956E-2 5.74281E-2 5.78495E-2 5.5005E-2 7.26869E-2 7.90758E-2 4.00253E-2 3.75819E-2 2.44052E-2 2.63072E-2 2.7212E-2 2.75121E-2 3.86506E-2 2.86807E-2 3.30363E-2 3.92226E-2 4.10428E-2 3.91296E-2 6.66181E-2 3.87064E-2 5.32267E-2 5.07508E-2 4.46393E-2 3.47977E-2 3.90105E-2 3.56597E-2 5.47249E-2 2.80499E-2 2.7044E-2 1.5714E-2 1.14835E-2 9.60606E-3 8.23779E-3 7.5363E-3 7.3628E-3 7.53389E-3 7.24413E-3 6.12278E-3
-9999 -9999 1.10648E-2 1.15233E-2 5.60796E-3 1.21332E-2 1.38378E-2 5.34534E-2 6.19585E-2 9.77008E-2 1.18106E-1 6.92514E-2 1.0055E-1 6.80175E-2 4.35242E-2 5.74811E-2 6.95527E-2 6.0822E-2 6.1343E-2 4.81551E-2 5.74692E-2 5.67119E-2 3.52615E-2 5.13312E-2 3.69617E-2 4.90363E-2 4.9037E-2 5.07978E-2 7.05443E-2 5.34308E-2 3.49845E-2 2.14764E-2 2.08286E-2 2.89776E-2 3.7443E-2 4.11501E-2 3.02294E-2 3.26794E-2 3.61607E-2 3.27327E-2 3.6611E-2 3.80668E-2 3.44823E-2 2.47854E-2 5.31438E-2 5.14989E-2 4.1289E-2 5.22249E-2 4.25671E-2 4.9157E-2 2.81326E-2 2.22348E-2 1.59786E-2 1.23233E-2 1.20812E-2 9.81731E-3 8.6742E-3 8.06003E-3 9.33845E-3 8.03096E-3 6.94313E-3
-9999 -9999 -9999 8.54234E-3 6.2569E-3 3.89351E-2 2.89507E-2 5.57864E-2 6.03197E-2 4.1183E-2 4.59361E-2 8.94647E-2 1.06413E-1 7.71213E-2 4.7927E-2 5.35125E-2 6.05302E-2 5.45672E-2 6.05922E-2 5.4958E-2 5.29872E-2 4.80173E-2 3.11271E-2 5.67564E-2 7.73134E-2 4.65532E-2 7.15912E-2 4.84076E-2 3.82405E-2 3.18317E-2 2.79633E-2 2.82265E-2 2.21004E-2 3.12512E-2 3.70455E-2 3.66275E-2 3.54065E-2 3.3132E-2 2.08277E-2 2.98028E-2 2.70637E-2 3.29291E-2 4.65292E-2 4.87214E-2 5.90855E-2 4.80394E-2 4.44814E-2 5.1235E-2 3.65301E-2 2.92117E-2 2.48834E-2 2.36045E-2 2.14137E-2 1.59288E-2 1.49481E-2 1.21124E-2 1.18575E-2 9.88038E-3 7.97519E-3 8.06627E-3 7.62901E-3
-9999 -9999 -9999 3.64561E-3 2.05416E-3 9.53091E-2 4.5344E-2 1.01843E-1 1.16864E-1 1.03933E-1 3.44541E-2 7.75881E-2 7.2896E-2 7.26541E-2 9.04202E-2 6.64979E-2 4.14631E-2 6.24164E-2 5.11195E-2 5.40273E-2 3.31505E-2 3.5104E-2 2.79905E-2 4.05667E-2 5.28255E-2 5.49042E-2 5.37529E-2 3.2857E-2 2.07146E-2 2.59988E-2 2.64924E-2 2.65336E-2 2.86008E-2 3.49256E-2 3.54972E-2 3.55019E-2 3.75605E-2 4.51816E-2 5.24623E-2 3.9529E-2 3.3662E-2 3.77785E-2 4.69321E-2 3.28433E-2 5.65987E-2 5.23925E-2 5.06084E-2 5.69487E-2 5.46269E-2 4.60441E-2 2.36258E-2 4.28452E-2 2.67047E-2 2.32227E-2 1.75527E-2 1.26668E-2 1.18456E-2 1.02239E-2 9.8734E-3 8.44919E-3 7.85592E-3
-9999 -9999 -9999 1.1952E-3 7.07823E-4 1.59483E-2 4.07899E-2 5.59914E-2 8.36852E-2 1.02069E-1 5.20385E-2 6.10921E-2 7.95157E-2 7.18825E-2 6.09976E-2 6.62565E-2 3.73948E-2 5.82273E-2 4.84029E-2 6.67933E-2 4.67474E-2 3.01278E-2 4.47886E-2 4.48921E-2 5.65953E-2 5.19951E-2 4.8545E-2 4.0044E-2 2.6716E-2 2.36161E-2 3.21712E-2 3.31813E-2 3.88853E-2 3.3834E-2 4.28201E-2 4.59911E-2 5.34259E-2 5.80874E-2 5.42653E-2 3.91853E-2 2.54882E-2 2.56506E-2 4.63034E-2 6.39402E-2 6.4454E-2 6.07466E-2 4.61256E-2 6.8956E-2 5.46804E-2 4.67659E-2 4.02366E-2 3.11756E-2 4.4631E-2 3.35887E-2 2.50773E-2 2.35419E-2 2.5309E-2 1.76547E-2 1.43913E-2 1.06805E-2 8.84456E-3
-9999 -9999 -9999 -9999 5.34425E-3 8.25851E-3 2.27954E-2 1.45967E-2 6.85711E-2 3.47937E-2 9.64117E-3 4.85109E-2 1.00788E-1 5.29324E-2 6.52807E-2 8.47149E-2 7.58969E-2 6.04296E-2 7.09627E-2 7.46784E-2 5.29993E-2 4.02424E-2 4.43374E-2 3.85588E-2 4.82888E-2 5.13358E-2 4.87515E-2 3.86044E-2 3.25105E-2 3.01708E-2 2.77971E-2 3.61239E-2 3.688E-2 4.54011E-2 3.90543E-2 4.58473E-2 5.36239E-2 4.73897E-2 4.41961E-2 4.55656E-2 4.03299E-2 3.81093E-2 3.76005E-2 7.50023E-2 7.52518E-2 6.15255E-2 4.70054E-2 6.86237E-2 6.75424E-2 5.75717E-2 3.13939E-2 5.27072E-2 6.74732E-2 4.33248E-2 4.01486E-2 4.48442E-2 2.53576E-2 2.86888E-2 2.80582E-2 1.1769E-2 8.82982E-3
-9999 -9999 -9999 -9999 2.86879E-3 8.63157E-3 1.48427E-2 3.36262E-2 6.44855E-3 6.84263E-4 1.79504E-3 3.18038E-2 8.13013E-2 6.60868E-2 8.32153E-2 5.04871E-2 6.68046E-2 8.42783E-2 7.04607E-2 7.97964E-2 6.84563E-2 7.59952E-2 4.95219E-2 4.39495E-2 4.13E-2 4.06937E-2 6.02155E-2 4.33214E-2 4.05245E-2 2.93786E-2 2.5533E-2 4.26281E-2 4.73015E-2 5.1348E-2 4.70252E-2 5.20885E-2 4.93068E-2 6.81067E-2 6.43405E-2 7.99281E-2 7.95391E-2 8.51241E-2 5.64967E-2 8.32992E-2 6.68921E-2 8.71089E-2 8.94668E-2 3.46813E-2 6.52701E-2 9.14397E-2 7.04085E-2 6.88898E-2 7.35979E-2 3.22539E-2 3.11636E-2 3.92929E-2 3.55863E-2 3.59954E-2 2.97546E-2 1.47565E-2 1.04748E-2
-9999 -9999 -9999 -9999 1.75653E-3 5.25277E-3 7.01717E-3 2.17236E-2 8.7551E-3 1.48038E-3 6.36392E-3 1.81283E-2 5.94227E-2 5.53812E-2 6.86486E-2 5.22772E-2 7.29256E-2 9.87072E-2 4.68723E-2 7.1932E-2 7.69401E-2 5.63748E-2 6.66722E-2 5.98656E-2 6.74536E-2 6.18656E-2 5.22877E-2 4.17622E-2 4.14313E-2 2.75708E-2 3.99372E-2 5.78712E-2 6.20806E-2 5.83356E-2 5.94708E-2 6.01745E-2 5.58926E-2 6.91194E-2 9.86903E-2 1.03634E-1 8.04441E-2 7.91991E-2 9.44072E-2 8.65736E-2 7.72998E-2 9.02907E-2 1.09225E-1 1.11194E-1 -9999 8.66577E-2 6.37957E-2 6.14749E-2 4.07381E-2 4.18235E-2 8.51887E-2 4.35954E-2 4.372E-2 4.09852E-2 5.21766E-2 1.84304E-2 1.15982E-2
-9999 -9999 -9999 -9999 1.66303E-3 4.56396E-3 4.11071E-3 6.41321E-4 8.36892E-2 1.66469E-1 1.13907E-2 2.18591E-2 3.46223E-2 3.74064E-2 5.81829E-2 6.182E-2 7.37362E-2 5.6355E-2 4.73553E-2 6.57321E-2 8.15321E-2 7.82613E-2 7.53383E-2 8.70013E-2 6.6228E-2 6.0511E-2 5.02125E-2 5.16867E-2 3.33559E-2 3.17901E-2 4.73956E-2 6.59016E-2 6.15694E-2 6.20042E-2 5.57687E-2 6.69365E-2 6.32669E-2 6.18464E-2 6.28375E-2 7.74959E-2 1.05348E-1 8.4693E-2 8.94242E-2 8.94766E-2 9.0987E-2 7.69993E-2 -9999 -9999 -9999 -9999 8.32939E-2 4.80453E-2 4.95301E-2 6.86182E-2 6.29349E-2 5.41503E-2 2.79655E-2 2.05701E-2 1.31302E-2 1.68267E-2 1.61042E-2
-9999 -9999 -9999 -9999 9.77276E-4 5.83206E-3 3.83412E-3 1.15482E-3 7.29406E-4 1.94749E-1 1.11347E-2 6.92298E-2 3.44646E-2 4.72484E-2 5.23304E-2 6.22072E-2 6.17286E-2 4.57239E-2 4.61689E-2 5.51402E-2 5.45511E-2 6.74569E-2 7.20184E-2 7.38396E-2 4.18649E-2 3.95683E-2 4.34887E-2 3.30363E-2 4.81824E-2 5.13757E-2 5.76839E-2 6.20477E-2 6.66161E-2 8.00008E-2 4.65291E-2 6.54463E-2 7.35035E-2 6.12473E-2 6.56718E-2 7.00374E-2 9.23342E-2 8.00465E-2 6.83208E-2 4.79942E-2 9.50751E-2 -9999 -9999 -9999 -9999 1.92725E-1 8.47317E-2 7.73126E-2 5.97357E-2 6.08218E-2 6.31756E-2 4.93731E-2 4.15096E-2 2.80442E-2 2.97529E-2 3.89177E-2 1.94552E-2
-9999 -9999 -9999 -9999 2.35744E-3 6.62732E-3 5.81103E-3 1.16518E-3 7.70563E-3 2.07407E-2 1.36146E-2 4.19827E-2 2.90078E-2 4.78316E-2 5.41173E-2 6.54647E-2 6.40505E-2 6.43758E-2 3.73738E-2 4.31504E-2 4.68807E-2 6.63549E-2 5.60358E-2 4.13462E-2 3.32078E-2 3.21098E-2 4.17211E-2 5.16992E-2 6.34121E-2 7.1368E-2 6.79428E-2 6.33051E-2 6.76152E-2 7.09371E-2 7.07036E-2 5.7015E-2 6.68625E-2 5.98744E-2 8.06612E-2 7.78878E-2 7.99091E-2 8.40822E-2 1.11806E-1 1.23793E-1 1.22625E-1 -9999 -9999 -9999 1.96737E-1 1.51506E-1 1.33437E-1 8.92289E-2 7.55142E-2 7.19669E-2 5.43105E-2 4.90653E-2 4.37342E-2 2.14333E-2 2.50151E-2 4.21282E-2 1.94563E-2
-9999 -9999 -9999 4.49684E-3 6.868E-2 2.44999E-2 1.78147E-3 2.48903E-3 1.85586E-3 3.93849E-3 1.18357E-2 2.22724E-2 3.23172E-2 4.26939E-2 6.55727E-2 5.3652E-2 7.93717E-2 6.04558E-2 5.96993E-2 3.63936E-2 3.87083E-2 4.55587E-2 4.14386E-2 2.77223E-2 4.13209E-2 2.56E-2 3.36624E-2 5.59371E-2 4.99127E-2 7.16449E-2 9.16794E-2 8.48828E-2 7.29031E-2 7.83644E-2 7.2471E-2 7.28818E-2 6.45486E-2 7.92683E-2 7.35082E-2 8.52243E-2 7.94578E-2 7.55542E-2 9.07888E-2 1.28197E-1 2.20831E-1 1.87965E-1 1.58502E-1 1.58042E-1 1.62774E-1 1.18018E-1 1.25706E-1 1.08326E-1 8.77115E-2 7.60688E-2 7.16151E-2 5.09533E-2 4.41529E-2 2.44333E-2 3.01991E-2 3.28892E-2 2.46372E-2
-9999 -9999 -9999 -9999 7.85844E-3 4.31005E-2 5.29056E-3 -9999 1.3471E-3 3.66278E-3 9.36564E-3 1.14869E-2 4.58687E-2 5.58392E-2 5.56381E-2 7.30826E-2 7.33031E-2 6.19145E-2 5.01977E-2 5.59662E-2 3.62982E-2 4.74398E-2 2.71427E-2 4.70261E-2 6.76544E-2 4.76388E-2 3.65847E-2 6.24028E-2 5.40575E-2 6.48447E-2 7.36453E-2 9.68205E-2 8.94439E-2 8.06634E-2 7.23881E-2 6.33955E-2 7.60066E-2 6.71048E-2 6.77315E-2 9.20546E-2 9.1102E-2 8.56714E-2 7.62109E-2 1.08771E-1 1.45719E-1 1.46741E-1 1.42835E-1 1.33583E-1 1.46023E-1 1.11292E-1 1.21565E-1 9.29188E-2 9.54641E-2 8.2147E-2 7.29556E-2 4.81071E-2 4.13792E-2 2.89574E-2 4.10275E-2 3.50348E-2 2.19308E-2
-9999 -9999 -9999 -9999 2.27347E-3 2.08583E-3 4.02899E-3 8.27868E-3 2.50527E-3 1.06694E-2 1.28774E-2 6.76982E-3 8.67983E-2 3.65956E-2 4.93343E-2 8.90826E-2 5.08604E-2 7.19343E-2 5.34908E-2 4.29391E-2 3.69018E-2 3.69183E-2 3.8984E-2 7.75589E-2 5.09088E-2 5.73794E-2 3.20843E-2 4.69683E-2 5.0742E-2 6.81751E-2 8.2128E-2 1.05762E-1 1.06109E-1 1.0142E-1 8.70578E-2 8.91814E-2 7.8379E-2 6.56104E-2 6.98842E-2 7.85307E-2 7.91743E-2 9.05719E-2 6.57571E-2 1.00358E-1 9.2972E-2 1.25725E-1 1.32027E-1 1.29425E-1 1.17078E-1 1.11787E-1 1.10099E-1 8.63409E-2 8.59566E-2 8.39778E-2 8.23628E-2 5.92895E-2 4.51449E-2 4.53099E-2 3.13903E-2 3.7039E-2 3.44977E-2
-9999 -9999 -9999 -9999 1.39717E-2 3.38853E-3 4.92285E-3 3.45046E-3 5.5605E-3 1.15964E-2 5.85287E-3 6.07157E-3 3.79017E-2 6.09426E-2 5.52375E-2 6.82593E-2 6.32052E-2 8.15483E-2 7.78461E-2 4.47788E-2 4.78849E-2 3.96303E-2 2.71827E-2 4.36118E-2 1.26321E-1 7.01071E-2 2.69584E-2 4.68426E-2 7.1037E-2 8.22225E-2 8.93362E-2 1.05353E-1 1.32662E-1 9.96433E-2 1.11112E-1 1.00805E-1 9.62571E-2 8.65511E-2 1.05135E-1 1.05046E-1 9.68316E-2 9.75514E-2 9.72623E-2 9.11308E-2 1.02644E-1 1.09787E-1 1.14566E-1 1.27854E-1 1.03562E-1 1.1531E-1 9.77129E-2 8.5449E-2 7.87954E-2 7.74176E-2 7.57746E-2 4.96214E-2 4.99454E-2 5.68102E-2 4.38277E-2 3.63492E-2 2.6861E-2
-9999 -9999 -9999 -9999 -9999 4.07061E-3 6.18527E-3 7.32599E-3 2.45155E-3 6.6838E-3 6.20832E-3 1.76045E-2 2.29535E-2 3.32072E-2 3.87595E-2 6.81249E-2 1.06761E-1 7.90756E-2 7.92962E-2 5.65352E-2 5.22937E-2 6.16321E-2 3.67315E-2 5.24475E-2 8.00206E-2 1.63605E-1 4.74152E-2 4.00268E-2 5.45564E-2 9.52289E-2 1.05303E-1 1.28858E-1 1.19683E-1 1.15051E-1 1.08246E-1 1.14273E-1 9.45515E-2 8.39465E-2 1.01279E-1 9.46092E-2 1.04437E-1 1.04979E-1 1.04924E-1 1.09336E-1 1.08448E-1 9.60272E-2 1.18387E-1 1.01435E-1 1.08212E-1 1.25355E-1 1.01449E-1 8.90639E-2 8.038E-2 7.45413E-2 7.42777E-2 5.00832E-2 6.28083E-2 5.43917E-2 5.74333E-2 2.54389E-2 3.09186E-2
-9999 -9999 -9999 -9999 -9999 1.28286E-2 1.58444E-3 6.73227E-3 6.0847E-3 2.10716E-2 1.71698E-2 2.38181E-3 6.57322E-3 1.50944E-2 4.62542E-2 6.80367E-2 7.52434E-2 7.93253E-2 7.61825E-2 6.82703E-2 7.78932E-2 3.63335E-2 5.78141E-2 4.83518E-2 9.581E-2 1.47569E-1 5.44204E-2 5.05081E-2 6.18545E-2 9.60284E-2 9.77685E-2 1.25383E-1 1.34831E-1 1.13491E-1 9.89817E-2 1.15151E-1 1.19664E-1 1.09471E-1 1.1356E-1 1.10713E-1 1.01003E-1 1.08539E-1 1.09004E-1 1.2315E-1 1.13187E-1 1.14564E-1 1.11838E-1 1.04837E-1 9.60813E-2 1.1759E-1 1.07666E-1 9.06008E-2 8.82558E-2 6.06787E-2 8.11628E-2 7.57263E-2 4.98383E-2 5.49566E-2 4.4182E-2 4.36053E-2 3.7722E-2
-9999 -9999 -9999 -9999 -9999 1.27004E-2 7.5992E-3 1.23695E-3 2.74484E-3 1.14035E-3 1.65059E-2 4.54387E-3 3.77517E-3 6.5631E-3 4.42965E-2 5.02848E-2 4.97443E-2 5.16983E-2 7.20259E-2 8.32713E-2 5.25669E-2 5.60461E-2 5.13211E-2 4.39758E-2 6.49791E-2 1.06423E-1 4.28555E-2 7.93061E-2 8.95774E-2 7.48588E-2 1.01218E-1 1.1131E-1 1.35467E-1 1.29057E-1 1.29511E-1 1.33982E-1 1.25071E-1 1.38584E-1 1.44955E-1 1.40844E-1 1.28255E-1 1.14291E-1 1.20314E-1 1.00579E-1 1.23164E-1 1.31834E-1 1.03581E-1 1.01235E-1 9.6756E-2 1.16176E-1 1.17276E-1 9.84999E-2 9.75488E-2 5.50984E-2 8.23821E-2 6.26844E-2 6.53785E-2 5.58011E-2 4.7287E-2 4.96222E-2 4.16096E-2
-9999 -9999 -9999 -9999 -9999 8.65581E-3 2.19818E-3 3.87163E-3 6.40642E-3 1.13845E-3 3.26024E-3 5.4528E-3 1.15777E-2 1.66543E-2 2.82206E-2 3.48226E-2 3.22852E-2 3.17085E-2 5.27512E-2 6.6397E-2 7.26647E-2 1.02789E-1 8.45475E-2 4.54761E-2 3.93856E-2 1.64897E-1 5.8805E-2 5.67655E-2 9.54162E-2 6.98624E-2 1.08808E-1 1.2253E-1 1.39145E-1 1.4511E-1 1.46154E-1 1.30886E-1 1.58367E-1 1.41249E-1 1.48283E-1 1.60055E-1 2.1279E-1 1.65672E-1 1.09896E-1 7.10978E-2 1.31488E-1 1.18474E-1 1.24421E-1 1.16717E-1 1.02559E-1 1.35589E-1 1.02874E-1 1.08079E-1 1.29766E-1 1.06282E-1 6.14964E-2 -9999 5.50733E-2 4.26618E-2 4.81185E-2 5.75583E-2 4.58857E-2
