Candidate_Models_Sept202022/M_0.7_F_lqp_Set_1_cal/Bison.asc
ncols         97
nrows         127
xllcorner     -2197417.7431653
yllcorner     -584827.01486885
cellsize      30000.0
NODATA_value  -9999
[rows 54 to 80 of 127, columns 0 to 60 of 97]
-9999 -9999 -9999 -9999 1.15061E-2 5.76266E-3 1.73171E-3 4.40162E-3 3.44706E-3 9.11122E-4 1.00122E-3 1.44986E-2 1.12146E-2 2.00341E-2 1.92018E-2 1.29085E-2 1.92851E-2 3.40131E-2 4.19786E-2 5.57736E-2 7.72935E-2 9.31666E-2 8.52397E-2 7.23328E-2 6.67447E-2 1.40775E-1 8.96127E-2 6.86347E-2 1.20286E-1 1.02916E-1 1.15789E-1 1.3558E-1 1.50764E-1 1.63027E-1 1.54749E-1 1.57356E-1 1.55461E-1 1.47386E-1 1.60125E-1 1.9213E-1 2.58419E-1 2.70124E-1 2.12576E-1 1.61531E-1 1.53486E-1 1.31625E-1 1.46577E-1 1.24241E-1 1.04968E-1 9.65706E-2 1.02293E-1 1.06811E-1 7.57932E-2 1.28096E-1 1.58743E-1 9.08903E-2 1.05368E-1 9.41714E-2 9.31237E-2 7.49172E-2 5.07876E-2
-9999 -9999 -9999 -9999 -9999 3.05939E-3 1.19183E-3 2.80561E-3 1.51369E-2 2.27601E-3 5.86303E-4 7.8958E-3 3.89649E-2 1.54969E-2 2.06778E-2 1.17949E-2 1.13916E-2 1.70708E-2 5.0692E-2 3.15235E-2 8.34372E-2 1.00084E-1 9.03432E-2 1.25867E-1 7.02282E-2 7.41605E-2 7.91586E-2 9.2562E-2 1.70215E-1 1.58789E-1 1.57405E-1 1.51148E-1 1.62022E-1 1.50576E-1 1.44029E-1 1.81929E-1 1.8131E-1 1.66987E-1 1.97156E-1 1.92114E-1 2.52728E-1 2.96896E-1 2.05163E-1 1.63258E-1 1.66089E-1 1.52331E-1 1.39858E-1 1.13966E-1 1.19693E-1 7.9464E-2 1.02865E-1 1.16126E-1 1.04275E-1 1.60111E-1 1.42114E-1 1.08149E-1 1.06532E-1 8.43289E-2 8.74821E-2 7.0554E-2 6.65966E-2
-9999 -9999 -9999 -9999 -9999 6.53734E-3 3.27649E-3 4.79617E-3 6.10324E-3 3.8855E-3 1.31486E-4 2.5789E-3 4.37493E-3 5.46507E-3 3.19177E-2 1.32063E-2 2.21074E-2 2.59433E-2 3.78509E-2 5.62762E-2 9.61188E-2 7.29501E-2 7.11214E-2 8.64586E-2 6.3877E-2 6.40071E-2 7.59949E-2 1.34405E-1 2.27513E-1 1.61229E-1 1.88249E-1 1.9227E-1 1.92871E-1 1.88785E-1 2.06035E-1 2.29932E-1 1.83517E-1 1.66282E-1 1.9511E-1 1.806E-1 2.69253E-1 2.106E-1 1.65772E-1 1.77511E-1 1.7145E-1 1.55699E-1 1.41872E-1 1.22742E-1 1.32508E-1 1.35528E-1 1.56871E-1 1.43168E-1 1.62807E-1 1.54029E-1 1.11448E-1 1.19476E-1 1.14095E-1 1.08306E-1 7.59681E-2 6.12157E-2 3.56219E-2
-9999 -9999 -9999 -9999 -9999 -9999 6.61601E-3 -9999 1.43434E-2 8.88732E-4 2.95761E-4 2.04425E-3 5.32079E-3 9.04048E-3 8.87428E-3 3.75281E-2 1.81385E-2 2.80261E-2 5.03149E-2 7.64611E-2 6.18973E-2 6.8996E-2 7.0413E-2 1.02332E-1 7.22402E-2 8.59052E-2 4.94151E-2 1.32994E-1 1.74695E-1 1.95534E-1 3.44802E-1 3.10813E-1 2.34153E-1 2.14418E-1 2.23854E-1 2.38324E-1 2.38001E-1 1.86008E-1 1.98725E-1 1.64179E-1 1.88777E-1 1.44279E-1 1.86386E-1 1.71508E-1 1.26593E-1 1.45675E-1 1.27908E-1 1.5911E-1 1.72243E-1 1.55451E-1 1.58653E-1 1.79925E-1 1.41048E-1 1.33241E-1 1.2484E-1 1.1863E-1 1.1152E-1 1.01214E-1 8.29943E-2 6.01177E-2 3.99992E-2
-9999 -9999 -9999 5.48843E-3 -9999 -9999 -9999 -9999 -9999 2.86579E-3 1.63646E-3 1.13552E-3 3.04365E-3 6.41648E-3 5.66839E-3 2.60407E-2 1.9444E-2 4.17192E-2 4.58901E-2 7.59473E-2 5.93664E-2 8.03373E-2 5.86625E-2 1.22375E-1 5.34273E-2 6.35445E-2 5.6906E-2 9.0082E-2 2.63023E-1 2.31373E-1 4.5391E-1 4.04024E-1 2.34888E-1 1.89769E-1 1.87714E-1 2.57245E-1 2.43388E-1 2.85729E-1 4.9043E-1 1.93885E-1 1.83396E-1 1.4061E-1 1.78054E-1 1.55638E-1 9.1032E-2 1.19669E-1 1.70065E-1 1.63717E-1 1.60311E-1 1.41112E-1 1.62586E-1 1.59052E-1 1.56857E-1 1.32241E-1 1.20407E-1 1.31378E-1 1.04462E-1 1.13081E-1 9.33143E-2 7.36851E-2 6.05479E-2
-9999 -9999 -9999 3.13409E-3 8.39299E-3 1.23249E-2 -9999 -9999 -9999 5.02567E-3 4.37574E-4 2.04388E-3 4.63143E-3 1.0503E-2 1.0289E-2 4.16167E-2 3.08567E-2 3.07202E-2 6.95719E-2 7.58469E-2 5.97097E-2 6.66549E-2 7.54508E-2 8.84221E-2 7.84824E-2 5.08375E-2 5.38403E-2 1.003E-1 3.21682E-1 3.65438E-1 5.31686E-1 4.67323E-1 2.55469E-1 2.38239E-1 2.38689E-1 2.29947E-1 2.47029E-1 4.67781E-1 3.83119E-1 2.00256E-1 2.02534E-1 2.17586E-1 1.78093E-1 1.62019E-1 1.43746E-1 1.50859E-1 1.57255E-1 1.35194E-1 1.36146E-1 1.93694E-1 1.77339E-1 1.49023E-1 1.29604E-1 1.34863E-1 9.51242E-2 1.37696E-1 1.35705E-1 1.3745E-1 1.15635E-1 9.01803E-2 6.5157E-2
-9999 -9999 -9999 2.63099E-3 9.153E-3 1.6716E-2 1.04029E-2 -9999 -9999 2.14638E-2 8.92982E-4 6.5012E-3 4.48412E-3 6.60257E-3 1.05339E-2 2.95291E-2 4.20424E-2 6.11797E-2 7.72806E-2 6.33046E-2 8.62767E-2 8.51227E-2 7.08735E-2 5.47955E-2 9.03962E-2 1.69468E-2 1.64253E-2 7.84721E-2 2.00134E-1 2.14942E-1 5.86602E-1 6.40335E-1 4.38942E-1 5.01434E-1 4.76174E-1 3.26795E-1 3.71822E-1 4.06121E-1 2.92288E-1 2.08954E-1 2.25218E-1 2.1432E-1 2.01917E-1 1.65801E-1 1.53264E-1 1.44569E-1 1.436E-1 1.54893E-1 1.50291E-1 2.31828E-1 1.98422E-1 1.95933E-1 1.43476E-1 1.5731E-1 9.34134E-2 1.33983E-1 1.20137E-1 1.40609E-1 1.18941E-1 9.35661E-2 5.39812E-2
-9999 -9999 -9999 1.60837E-3 6.6406E-3 1.05967E-2 -9999 -9999 7.98965E-3 8.1869E-4 3.02958E-4 1.93501E-3 3.52976E-3 7.85753E-3 1.59429E-2 3.46652E-2 1.37633E-1 7.66129E-2 8.84716E-2 5.59206E-2 8.40059E-2 8.89691E-2 9.55684E-2 8.029E-2 8.63082E-2 2.19563E-2 1.17402E-2 5.9244E-2 1.27028E-1 3.70454E-1 5.61724E-1 6.88095E-1 6.09088E-1 5.13232E-1 5.99838E-1 5.01433E-1 4.64131E-1 5.30822E-1 3.68216E-1 2.66693E-1 2.59975E-1 2.4295E-1 2.03048E-1 1.72091E-1 1.66089E-1 1.89751E-1 1.71192E-1 1.82414E-1 2.06475E-1 2.25968E-1 2.26047E-1 1.57739E-1 1.53078E-1 1.12937E-1 7.84731E-2 1.47646E-1 1.30319E-1 1.04104E-1 1.18471E-1 8.33739E-2 7.79356E-2
-9999 -9999 -9999 1.67537E-3 9.85826E-3 -9999 -9999 1.92353E-2 5.39032E-3 1.03901E-3 6.23156E-4 1.85452E-3 4.4683E-3 3.21069E-3 2.14193E-2 4.45574E-2 1.10751E-1 8.59539E-2 9.27003E-2 8.41152E-2 9.00865E-2 1.05961E-1 9.37601E-2 9.73913E-2 8.62197E-2 3.1784E-2 5.76995E-3 4.48618E-2 8.09064E-2 1.30776E-1 3.85944E-1 6.20158E-1 4.33328E-1 4.75952E-1 7.10153E-1 6.08399E-1 5.92423E-1 7.25221E-1 4.93447E-1 2.86608E-1 2.68794E-1 2.17249E-1 1.82276E-1 1.75343E-1 1.87968E-1 2.13163E-1 1.89122E-1 1.66538E-1 1.58173E-1 2.0603E-1 2.20521E-1 1.3996E-1 1.17799E-1 1.18288E-1 1.01069E-1 1.15081E-1 1.24966E-1 1.11698E-1 1.239E-1 9.22257E-2 7.46486E-2
-9999 -9999 -9999 1.0074E-3 2.1146E-3 -9999 -9999 -9999 8.65337E-3 1.017E-3 8.44898E-4 2.97846E-3 1.23212E-3 1.11482E-2 3.76622E-2 6.73823E-2 9.9849E-2 1.07301E-1 1.1905E-1 8.35117E-2 1.04373E-1 1.20158E-1 1.22791E-1 9.74447E-2 8.42049E-2 3.59365E-2 1.46269E-2 3.01209E-2 6.0494E-2 9.30746E-2 1.54912E-1 4.27455E-1 5.26014E-1 5.71497E-1 6.17674E-1 6.2084E-1 5.63564E-1 4.64603E-1 3.10235E-1 2.6248E-1 2.19777E-1 2.13457E-1 1.94182E-1 1.85678E-1 2.06114E-1 2.09656E-1 2.43011E-1 1.83548E-1 1.83462E-1 2.29468E-1 2.10266E-1 1.55637E-1 1.51876E-1 1.3701E-1 1.29315E-1 9.70766E-2 1.32145E-1 1.20643E-1 1.3081E-1 1.23444E-1 9.21248E-2
-9999 -9999 -9999 1.85079E-3 8.47907E-3 -9999 -9999 -9999 1.44528E-2 4.35593E-3 2.35803E-3 8.30773E-4 7.40025E-3 1.72544E-2 2.6271E-2 8.12667E-2 9.38852E-2 1.16737E-1 1.38242E-1 9.2844E-2 9.23772E-2 1.55211E-1 1.38524E-1 1.16865E-1 9.08641E-2 5.80274E-2 1.61679E-2 2.78798E-2 4.30626E-2 1.06708E-1 1.45429E-1 4.69238E-1 5.04335E-1 6.04931E-1 4.87E-1 5.6508E-1 4.98808E-1 5.35575E-1 3.27571E-1 3.26494E-1 2.36319E-1 2.27839E-1 1.88588E-1 1.88842E-1 2.7548E-1 2.82899E-1 2.64234E-1 1.9216E-1 1.67908E-1 2.33225E-1 2.82801E-1 1.80713E-1 1.48603E-1 1.0579E-1 1.49945E-1 1.00994E-1 1.17419E-1 1.10523E-1 9.5439E-2 1.24094E-1 8.34661E-2
-9999 -9999 -9999 6.02903E-4 8.8595E-3 -9999 -9999 -9999 1.69531E-2 2.92125E-3 2.73446E-4 3.89124E-4 3.79297E-3 1.47444E-2 1.09771E-1 7.10566E-2 7.39432E-2 1.27136E-1 1.06015E-1 1.05156E-1 1.72538E-1 2.22398E-1 1.50327E-1 1.23446E-1 8.86032E-2 5.20442E-2 1.88251E-2 1.91316E-2 3.42217E-2 7.2453E-2 1.18857E-1 2.85959E-1 4.79592E-1 6.47918E-1 5.2424E-1 5.53814E-1 3.27671E-1 4.96907E-1 5.13331E-1 3.51315E-1 1.85199E-1 1.65273E-1 1.87256E-1 1.96658E-1 2.1621E-1 2.10534E-1 2.16656E-1 2.0146E-1 2.47778E-1 2.36298E-1 2.1856E-1 2.00787E-1 1.61952E-1 1.46435E-1 1.30668E-1 1.27577E-1 1.04993E-1 1.55773E-1 1.19775E-1 1.23937E-1 1.51231E-1
-9999 -9999 -9999 -9999 2.51509E-3 -9999 -9999 -9999 -9999 7.39299E-3 6.0057E-4 6.6086E-4 3.11371E-3 4.5275E-3 2.8792E-2 6.96237E-2 7.7426E-2 1.23769E-1 1.3571E-1 1.65358E-1 1.38818E-1 3.357E-1 2.0284E-1 1.39931E-1 1.39143E-1 6.48806E-2 2.46209E-2 1.29689E-2 2.58982E-2 3.54931E-2 7.67389E-2 1.19088E-1 1.61784E-1 2.32125E-1 2.09653E-1 2.66958E-1 4.83764E-1 4.0981E-1 2.30265E-1 1.71473E-1 2.6388E-1 1.80888E-1 2.61326E-1 2.18465E-1 2.14731E-1 2.74935E-1 2.48388E-1 2.64502E-1 1.88946E-1 1.7654E-1 2.92265E-1 1.89258E-1 1.79501E-1 1.74167E-1 1.81322E-1 1.38152E-1 1.35861E-1 1.29802E-1 1.24621E-1 1.29015E-1 1.31183E-1
-9999 -9999 -9999 -9999 6.61507E-3 -9999 -9999 -9999 -9999 1.86062E-2 3.10625E-3 1.10443E-3 3.34179E-3 4.98416E-3 1.77164E-2 6.34159E-2 1.10162E-1 1.17537E-1 1.29693E-1 1.21502E-1 1.44027E-1 1.81589E-1 1.54992E-1 2.30662E-1 2.92653E-1 7.71906E-2 3.24235E-2 1.0989E-2 1.56737E-2 2.86575E-2 4.10803E-2 7.14809E-2 1.42435E-1 2.58701E-1 1.77652E-1 1.79023E-1 2.95534E-1 1.9226E-1 1.2553E-1 9.90793E-2 2.07552E-1 1.48441E-1 1.97652E-1 2.76187E-1 2.33797E-1 2.68507E-1 3.99403E-1 2.68911E-1 2.3785E-1 2.49199E-1 2.63029E-1 2.26235E-1 2.19286E-1 1.79833E-1 1.7633E-1 1.85202E-1 1.60064E-1 1.56876E-1 1.43203E-1 1.16138E-1 1.14954E-1
-9999 -9999 -9999 -9999 -9999 -9999 -9999 -9999 -9999 1.2256E-2 9.69097E-3 1.08486E-3 3.30666E-3 4.8768E-3 7.29727E-3 3.65352E-2 1.21706E-1 1.26246E-1 1.1767E-1 1.47716E-1 1.42003E-1 1.52012E-1 1.55702E-1 1.30997E-1 1.08655E-1 3.30994E-2 1.63718E-2 2.40108E-2 1.11372E-2 2.47942E-2 4.62742E-2 6.41384E-2 7.88851E-2 1.73553E-1 1.09098E-1 1.68695E-1 3.15129E-1 2.79249E-1 1.37345E-1 1.91644E-1 2.60424E-1 1.99996E-1 2.57892E-1 2.98995E-1 4.7077E-1 5.32092E-1 5.37307E-1 3.23003E-1 2.62588E-1 2.49755E-1 2.83249E-1 2.78074E-1 2.17146E-1 1.36881E-1 1.86323E-1 1.61148E-1 1.62302E-1 1.81416E-1 1.44323E-1 1.25825E-1 1.27869E-1
-9999 -9999 -9999 -9999 -9999 -9999 -9999 -9999 -9999 -9999 1.06651E-2 1.89576E-3 1.59586E-3 4.14945E-3 1.39527E-2 4.70898E-2 1.05389E-1 9.93963E-2 1.35966E-1 1.44313E-1 1.35123E-1 1.29857E-1 1.46624E-1 1.3282E-1 9.52949E-2 3.42078E-2 2.10588E-2 1.76195E-2 1.68115E-2 2.1506E-2 4.15678E-2 6.0789E-2 1.14377E-1 1.29091E-1 1.63938E-1 1.64874E-1 2.58692E-1 2.90615E-1 1.87445E-1 2.30638E-1 2.54625E-1 4.3362E-1 4.34871E-1 5.32667E-1 5.87306E-1 6.06453E-1 5.14978E-1 6.31874E-1 2.75081E-1 2.56613E-1 3.42037E-1 2.78899E-1 1.88937E-1 1.80582E-1 1.76164E-1 1.76264E-1 2.11494E-1 2.12203E-1 1.80797E-1 1.42348E-1 1.65071E-1
-9999 -9999 -9999 -9999 -9999 -9999 -9999 -9999 -9999 -9999 8.56617E-3 1.60765E-3 4.02867E-4 2.16472E-3 1.42759E-2 1.79277E-2 1.28555E-1 1.62741E-1 1.21074E-1 1.49204E-1 1.36667E-1 1.26015E-1 1.55598E-1 1.92483E-1 8.78668E-2 3.97233E-2 2.50462E-2 1.24371E-2 2.51316E-2 3.17516E-2 4.5589E-2 5.86752E-2 7.40116E-2 1.4219E-1 1.64235E-1 2.38665E-1 1.92302E-1 1.84075E-1 2.01651E-1 4.7133E-1 4.73949E-1 6.02323E-1 4.92963E-1 5.53951E-1 5.7206E-1 5.68074E-1 3.64232E-1 5.36787E-1 4.43009E-1 5.23562E-1 4.98617E-1 3.30074E-1 2.39536E-1 2.0223E-1 1.85048E-1 1.90185E-1 1.89171E-1 1.54801E-1 1.72114E-1 1.68488E-1 1.73081E-1
-9999 -9999 -9999 -9999 -9999 -9999 -9999 -9999 -9999 -9999 5.7996E-3 8.77269E-4 6.76043E-4 1.89115E-3 6.92329E-2 4.93966E-2 8.78405E-2 1.82977E-1 1.53298E-1 1.81818E-1 1.59947E-1 1.57453E-1 1.56695E-1 1.8005E-1 1.05443E-1 3.64398E-2 2.27476E-2 2.26283E-2 2.88224E-2 4.29665E-2 6.46963E-2 9.14791E-2 7.80428E-2 8.80369E-2 1.68532E-1 2.10519E-1 3.1755E-1 4.06276E-1 4.42825E-1 3.81876E-1 4.89299E-1 5.28607E-1 6.31324E-1 6.25626E-1 6.27653E-1 6.75676E-1 6.68182E-1 6.21687E-1 5.3449E-1 6.53336E-1 6.53805E-1 5.66258E-1 4.59683E-1 4.08633E-1 3.92437E-1 2.35377E-1 2.05535E-1 1.85137E-1 2.01178E-1 2.01077E-1 1.83717E-1
-9999 -9999 -9999 -9999 -9999 -9999 -9999 -9999 -9999 -9999 5.36935E-3 6.70379E-4 1.24168E-3 1.47309E-3 1.44734E-2 3.46766E-2 1.05865E-1 1.62178E-1 1.62434E-1 2.28729E-1 2.51353E-1 1.83255E-1 1.54865E-1 1.65527E-1 1.01264E-1 4.52514E-2 2.52582E-2 2.13005E-2 6.04878E-2 4.10363E-2 6.10472E-2 1.06693E-1 9.49727E-2 8.01234E-2 2.21955E-1 1.7827E-1 2.95298E-1 3.73327E-1 3.32311E-1 4.11398E-1 5.76285E-1 6.8119E-1 7.40698E-1 7.13602E-1 7.85246E-1 7.10063E-1 7.13348E-1 6.94944E-1 7.06989E-1 7.0135E-1 4.78104E-1 3.77153E-1 3.78003E-1 4.90133E-1 5.082E-1 4.80192E-1 2.64928E-1 2.06649E-1 2.09156E-1 2.07096E-1 2.01932E-1
-9999 -9999 -9999 -9999 -9999 -9999 -9999 -9999 -9999 -9999 2.32357E-3 9.71672E-4 1.83582E-3 4.26844E-3 5.95803E-2 1.6006E-2 1.19641E-1 1.03203E-1 1.4942E-1 2.63666E-1 3.40678E-1 2.03144E-1 1.84054E-1 1.37028E-1 1.5502E-1 9.1214E-2 4.56002E-2 2.70775E-2 4.25135E-2 9.18885E-2 7.16476E-2 4.59236E-2 8.75637E-2 1.8215E-1 1.59051E-1 2.34018E-1 2.40871E-1 2.48639E-1 3.23811E-1 4.37947E-1 6.05505E-1 7.83169E-1 7.98351E-1 8.42662E-1 8.25773E-1 6.96935E-1 6.22549E-1 6.68861E-1 5.38287E-1 7.27283E-1 7.0063E-1 4.79728E-1 3.93775E-1 5.56504E-1 4.40776E-1 3.95219E-1 2.56173E-1 3.09203E-1 2.66099E-1 2.08778E-1 2.23241E-1
-9999 -9999 -9999 -9999 -9999 -9999 -9999 -9999 8.85928E-3 6.69414E-3 4.98931E-3 2.10886E-3 1.11534E-3 2.12285E-3 6.27407E-3 8.78755E-2 1.23268E-1 1.09886E-1 1.15637E-1 1.78626E-1 2.04497E-1 2.63984E-1 2.65081E-1 1.76422E-1 1.64859E-1 1.11532E-1 3.85483E-2 1.83826E-2 1.85192E-2 3.78666E-2 3.44655E-2 4.92922E-2 9.25443E-2 9.4368E-2 1.21865E-1 1.19693E-1 1.66325E-1 3.04626E-1 2.65813E-1 4.98195E-1 6.80003E-1 7.95747E-1 7.5044E-1 7.58178E-1 7.66029E-1 6.42791E-1 6.46506E-1 6.83315E-1 6.52683E-1 5.70288E-1 6.66747E-1 6.20184E-1 5.43229E-1 5.00838E-1 4.11928E-1 3.84959E-1 4.40849E-1 4.22755E-1 4.15412E-1 2.80148E-1 2.66763E-1
-9999 -9999 -9999 -9999 -9999 -9999 -9999 -9999 5.81563E-3 2.74598E-3 6.00052E-3 5.12226E-3 2.94093E-3 9.72174E-4 1.55175E-3 1.33658E-2 2.2788E-2 1.84599E-1 1.08837E-1 1.05487E-1 1.52202E-1 1.75374E-1 2.75417E-1 1.60267E-1 1.58699E-1 1.00471E-1 5.68871E-2 3.69785E-2 2.29966E-2 1.90284E-2 5.40582E-2 3.62448E-2 1.19059E-1 1.26525E-1 1.56656E-1 9.10882E-2 2.17087E-1 2.34662E-1 2.58953E-1 2.52178E-1 5.53702E-1 7.5088E-1 7.31588E-1 7.15201E-1 7.2399E-1 6.56798E-1 6.0845E-1 6.48587E-1 6.36439E-1 7.00098E-1 6.50255E-1 6.21532E-1 6.00951E-1 5.11718E-1 4.91237E-1 5.42673E-1 5.776E-1 5.72202E-1 5.01414E-1 5.26547E-1 5.37159E-1
-9999 -9999 -9999 -9999 -9999 -9999 -9999 -9999 1.38682E-3 1.00799E-3 8.71136E-4 1.26957E-3 2.41048E-3 1.20282E-3 1.11726E-3 8.30243E-3 1.45883E-2 1.22719E-1 1.19424E-1 1.35639E-1 1.25815E-1 1.23625E-1 1.93697E-1 1.74027E-1 1.80717E-1 1.96135E-1 7.62561E-2 6.51252E-2 3.21158E-2 2.14187E-2 5.05254E-2 5.15848E-2 7.8875E-2 2.22903E-1 4.06009E-1 3.03437E-1 1.44239E-1 2.15887E-1 2.31466E-1 5.69065E-1 7.37571E-1 7.99982E-1 7.8196E-1 7.88765E-1 7.80489E-1 6.75548E-1 6.3169E-1 5.82015E-1 6.99629E-1 7.05048E-1 7.41503E-1 6.62525E-1 6.1463E-1 5.4106E-1 6.23049E-1 4.7145E-1 6.24887E-1 5.97837E-1 4.98144E-1 6.24893E-1 6.26338E-1
-9999 -9999 -9999 -9999 -9999 -9999 -9999 -9999 -9999 1.75286E-3 5.99457E-4 8.48299E-4 1.3387E-3 3.18394E-3 1.13436E-3 1.59695E-3 1.34998E-2 1.02488E-1 3.30147E-1 2.0002E-1 5.52717E-2 7.19905E-2 8.42676E-2 1.80515E-1 1.35806E-1 1.46974E-1 1.00618E-1 6.10205E-2 3.42689E-2 2.27954E-2 1.55427E-2 2.47892E-2 4.56876E-2 8.90905E-2 1.89421E-1 2.00342E-1 2.15377E-1 1.80477E-1 2.94896E-1 7.67165E-1 7.45182E-1 8.59473E-1 8.48395E-1 8.01491E-1 7.46277E-1 6.43881E-1 6.83887E-1 6.95478E-1 5.44665E-1 6.03051E-1 5.93179E-1 6.42789E-1 5.55837E-1 7.40878E-1 7.02613E-1 5.4706E-1 6.17429E-1 6.65057E-1 5.62793E-1 6.20925E-1 5.22014E-1
-9999 -9999 -9999 -9999 -9999 -9999 -9999 -9999 -9999 9.95603E-4 1.09736E-3 6.8168E-4 7.38076E-4 3.32596E-3 5.34271E-3 2.04057E-3 2.89138E-3 7.81955E-3 5.42316E-2 8.23998E-2 4.69118E-2 3.41448E-2 6.58334E-2 1.22277E-1 1.26068E-1 1.3382E-1 1.34205E-1 6.78968E-2 2.89958E-2 1.51474E-2 2.31308E-2 7.82183E-3 5.7327E-2 5.05053E-2 1.5631E-1 2.31929E-1 3.15713E-1 1.86024E-1 2.04408E-1 6.51015E-1 8.01849E-1 7.96933E-1 7.34628E-1 7.35141E-1 7.06432E-1 5.62732E-1 4.88688E-1 6.91024E-1 5.84429E-1 6.27809E-1 6.98249E-1 5.9297E-1 6.57875E-1 6.37061E-1 7.02075E-1 6.38191E-1 4.97688E-1 5.60632E-1 5.17697E-1 5.57542E-1 5.602E-1
-9999 -9999 -9999 -9999 -9999 -9999 -9999 -9999 -9999 -9999 1.44936E-3 5.30794E-4 6.50472E-4 6.20083E-3 1.46859E-2 1.71924E-3 2.01508E-3 6.20891E-3 3.14696E-2 2.99169E-2 3.61449E-2 2.28934E-2 6.37223E-2 2.52763E-1 1.79276E-1 1.53363E-1 1.00644E-1 5.78725E-2 2.443E-2 1.70723E-2 2.23033E-2 1.66876E-2 1.81911E-2 3.91595E-2 7.72131E-2 1.49788E-1 1.70384E-1 1.76173E-1 3.37149E-1 6.90606E-1 7.69477E-1 7.54438E-1 7.34217E-1 7.19924E-1 5.35635E-1 5.54414E-1 4.69923E-1 6.12471E-1 5.50431E-1 6.2349E-1 7.29031E-1 7.04756E-1 7.125E-1 7.18027E-1 6.00669E-1 6.61957E-1 6.63878E-1 5.09514E-1 5.10178E-1 5.80773E-1 5.53835E-1
-9999 -9999 -9999 -9999 -9999 -9999 -9999 -9999 -9999 -9999 1.66944E-3 6.1532E-4 9.10244E-4 2.66934E-3 1.50768E-2 5.17563E-3 1.56051E-3 1.81689E-3 9.16475E-3 2.50836E-2 3.06849E-2 4.58939E-2 5.92937E-2 9.08725E-2 2.13786E-1 3.37493E-1 3.0165E-1 1.10732E-1 9.19438E-2 3.44402E-2 1.60003E-2 4.86602E-2 5.6094E-2 9.31573E-2 1.00467E-1 1.00632E-1 1.06226E-1 1.55237E-1 2.32021E-1 7.2947E-1 8.16466E-1 7.57197E-1 7.53729E-1 7.86082E-1 7.20556E-1 5.72551E-1 4.25815E-1 4.82832E-1 5.56599E-1 5.73675E-1 6.78162E-1 6.87016E-1 6.98174E-1 6.94672E-1 6.91785E-1 6.07905E-1 6.25504E-1 6.20556E-1 6.30664E-1 5.06276E-1 5.26886E-1
