Candidate_Models_Sept202022/M_0.7_F_lqp_Set_1_cal/Bison.asc
ncols         97
nrows         127
xllcorner     -2197417.7431653
yllcorner     -584827.01486885
cellsize      30000.0
NODATA_value  -9999
[rows 0 to 26 of 127, columns 0 to 60 of 97]
-9999 -9999 -9999 -9999 -9999 -9999 -9999 -9999 -9999 -9999 -9999 -9999 -9999 -9999 -9999 -9999 -9999 -9999 -9999 -9999 -9999 -9999 -9999 -9999 -9999 -9999 -9999 -9999 -9999 -9999 -9999 -9999 -9999 -9999 -9999 -9999 -9999 -9999 -9999 -9999 -9999 -9999 -9999 -9999 -9999 -9999 -9999 -9999 -9999 -9999 -9999 -9999 -9999 -9999 -9999 -9999 -9999 -9999 -9999 -9999 -9999
-9999 -9999 -9999 -9999 -9999 -9999 -9999 -9999 -9999 -9999 -9999 -9999 -9999 -9999 -9999 -9999 -9999 -9999 -9999 -9999 -9999 -9999 -9999 -9999 -9999 -9999 -9999 -9999 -9999 -9999 -9999 -9999 -9999 -9999 -9999 -9999 -9999 -9999 -9999 -9999 -9999 -9999 -9999 -9999 -9999 -9999 -9999 -9999 -9999 -9999 -9999 -9999 -9999 -9999 -9999 -9999 -9999 -9999 -9999 -9999 -9999
-9999 -9999 -9999 -9999 -9999 -9999 -9999 -9999 -9999 -9999 -9999 -9999 -9999 -9999 -9999 -9999 -9999 -9999 -9999 -9999 -9999 -9999 -9999 -9999 -9999 -9999 -9999 -9999 -9999 -9999 -9999 -9999 -9999 -9999 -9999 -9999 -9999 -9999 -9999 -9999 -9999 -9999 -9999 -9999 -9999 -9999 -9999 -9999 -9999 -9999 -9999 -9999 -9999 -9999 -9999 -9999 -9999 -9999 -9999 -9999 -9999
-9999 -9999 -9999 -9999 -9999 -9999 -9999 -9999 -9999 -9999 -9999 -9999 -9999 -9999 -9999 -9999 -9999 -9999 -9999 3.84184E-2 6.15367E-2 3.95854E-2 4.2065E-2 -9999 -9999 -9999 -9999 -9999 -9999 -9999 -9999 -9999 -9999 -9999 -9999 -9999 -9999 -9999 -9999 -9999 -9999 -9999 -9999 -9999 -9999 -9999 -9999 -9999 -9999 -9999 -9999 -9999 -9999 -9999 -9999 -9999 -9999 -9999 -9999 -9999 -9999
-9999 -9999 -9999 -9999 -9999 -9999 -9999 -9999 -9999 -9999 -9999 -9999 -9999 -9999 -9999 -9999 -9999 -9999 3.78982E-2 3.30573E-2 3.64038E-2 3.81887E-2 4.68402E-2 3.06392E-2 1.92549E-2 -9999 -9999 -9999 -9999 -9999 -9999 -9999 -9999 -9999 -9999 -9999 -9999 -9999 -9999 -9999 -9999 -9999 -9999 -9999 -9999 -9999 -9999 -9999 -9999 -9999 -9999 -9999 -9999 -9999 -9999 -9999 -9999 -9999 -9999 -9999 -9999
-9999 -9999 -9999 -9999 -9999 -9999 -9999 -9999 -9999 -9999 -9999 -9999 -9999 -9999 -9999 -9999 -9999 -9999 2.34041E-2 2.17586E-2 2.46542E-2 2.99428E-2 3.00341E-2 1.82977E-2 1.59759E-2 -9999 -9999 -9999 -9999 -9999 -9999 -9999 -9999 -9999 -9999 -9999 -9999 -9999 -9999 -9999 -9999 -9999 -9999 -9999 -9999 -9999 -9999 -9999 -9999 -9999 -9999 -9999 -9999 -9999 -9999 -9999 -9999 -9999 -9999 -9999 -9999
-9999 -9999 -9999 -9999 -9999 -9999 -9999 -9999 -9999 -9999 -9999 -9999 -9999 -9999 -9999 -9999 -9999 1.91735E-2 1.99379E-2 8.66579E-3 9.75267E-3 1.50739E-2 2.19685E-2 1.77901E-2 1.40775E-2 1.34999E-2 -9999 1.71309E-2 1.61685E-2 1.82028E-2 -9999 -9999 -9999 -9999 -9999 -9999 -9999 -9999 1.51765E-2 -9999 -9999 -9999 -9999 -9999 -9999 -9999 -9999 -9999 -9999 -9999 -9999 -9999 -9999 -9999 -9999 -9999 -9999 -9999 -9999 -9999 -9999
-9999 -9999 -9999 -9999 -9999 -9999 -9999 -9999 -9999 -9999 -9999 -9999 -9999 -9999 -9999 -9999 5.08206E-2 3.07414E-2 9.18606E-3 5.4102E-3 5.66379E-3 7.43512E-3 1.25542E-2 1.65604E-2 1.53854E-2 1.37539E-2 1.56457E-2 1.51856E-2 1.45356E-2 1.52061E-2 1.61525E-2 1.60778E-2 1.51922E-2 1.46277E-2 1.52117E-2 1.62306E-2 1.71029E-2 -9999 1.38611E-2 1.29842E-2 -9999 -9999 -9999 -9999 -9999 -9999 -9999 -9999 -9999 -9999 -9999 -9999 -9999 -9999 -9999 -9999 -9999 -9999 -9999 -9999 -9999
-9999 -9999 -9999 -9999 -9999 -9999 -9999 -9999 -9999 -9999 -9999 -9999 -9999 -9999 -9999 2.04666E-2 2.53625E-2 1.60055E-2 7.05764E-3 4.69537E-3 4.03898E-3 5.20376E-3 9.68965E-3 1.76039E-2 1.7998E-2 1.3836E-2 2.06606E-2 2.10668E-2 1.35567E-2 1.25809E-2 1.37628E-2 1.42451E-2 1.43211E-2 1.41315E-2 1.53455E-2 2.00881E-2 1.83714E-2 1.8641E-2 1.42846E-2 1.41152E-2 -9999 -9999 -9999 -9999 -9999 -9999 -9999 -9999 -9999 -9999 -9999 -9999 -9999 -9999 -9999 -9999 -9999 -9999 -9999 -9999 -9999
-9999 -9999 -9999 -9999 -9999 -9999 -9999 -9999 -9999 -9999 -9999 -9999 -9999 -9999 -9999 2.58177E-2 2.45202E-2 1.31826E-2 5.31035E-3 5.49231E-3 6.53489E-3 8.6854E-3 1.19108E-2 1.74784E-2 1.96053E-2 1.38676E-2 1.83557E-2 1.81563E-2 1.18825E-2 1.22609E-2 1.61217E-2 1.56078E-2 1.49655E-2 1.73612E-2 1.77543E-2 2.32262E-2 2.55153E-2 2.25791E-2 1.76896E-2 -9999 -9999 -9999 1.36074E-2 -9999 -9999 -9999 -9999 -9999 -9999 -9999 -9999 -9999 -9999 -9999 -9999 -9999 -9999 -9999 -9999 -9999 -9999
-9999 -9999 -9999 -9999 -9999 -9999 -9999 -9999 -9999 -9999 -9999 -9999 -9999 -9999 2.27221E-2 2.41321E-2 2.56269E-2 1.59518E-2 1.36062E-2 8.59184E-3 8.82728E-3 1.02173E-2 1.80901E-2 2.09884E-2 1.9795E-2 1.68451E-2 1.96347E-2 1.58929E-2 1.51895E-2 1.28235E-2 1.86228E-2 1.58172E-2 1.3918E-2 1.93991E-2 2.73081E-2 2.91339E-2 2.91086E-2 2.257E-2 1.7015E-2 -9999 -9999 1.38564E-2 -9999 -9999 -9999 -9999 -9999 -9999 -9999 -9999 -9999 -9999 -9999 -9999 -9999 -9999 -9999 -9999 -9999 -9999 -9999
-9999 -9999 -9999 -9999 -9999 -9999 -9999 -9999 -9999 -9999 -9999 -9999 -9999 1.67009E-2 2.65182E-2 2.31461E-2 2.42888E-2 1.67E-2 1.71292E-2 2.40362E-2 1.31295E-2 1.86081E-2 1.79245E-2 2.48787E-2 1.6923E-2 1.65027E-2 1.80733E-2 1.68337E-2 1.10219E-2 1.12614E-2 1.24021E-2 1.52227E-2 1.56696E-2 2.2047E-2 2.64877E-2 2.81439E-2 3.05889E-2 2.21428E-2 1.72093E-2 1.38046E-2 1.23067E-2 1.30789E-2 -9999 1.66913E-2 1.6805E-2 -9999 -9999 -9999 -9999 -9999 -9999 -9999 -9999 -9999 -9999 -9999 -9999 -9999 -9999 -9999 -9999
-9999 -9999 -9999 -9999 -9999 -9999 -9999 -9999 -9999 -9999 -9999 -9999 -9999 2.67267E-2 2.311E-2 2.01238E-2 2.27659E-2 1.39267E-2 3.77032E-2 1.27106E-2 1.52281E-2 1.08401E-2 1.63515E-2 1.59292E-2 1.15497E-2 1.50037E-2 1.6E-2 1.16015E-2 1.17056E-2 1.12722E-2 1.42057E-2 1.51682E-2 1.84868E-2 1.87835E-2 2.16204E-2 2.37816E-2 1.94229E-2 1.86155E-2 1.41717E-2 1.15039E-2 1.15622E-2 1.54611E-2 1.69049E-2 1.81623E-2 1.89703E-2 2.04648E-2 -9999 -9999 -9999 -9999 -9999 -9999 -9999 -9999 -9999 -9999 -9999 -9999 -9999 -9999 -9999
-9999 -9999 -9999 -9999 -9999 -9999 -9999 -9999 -9999 -9999 -9999 -9999 5.35505E-2 6.21674E-2 2.80226E-2 2.67711E-2 2.2531E-2 1.85372E-2 1.37222E-2 1.78642E-2 1.69839E-2 1.39602E-2 1.56352E-2 1.34342E-2 1.10976E-2 9.13347E-3 1.30525E-2 8.27685E-3 1.76482E-2 1.91191E-2 1.63461E-2 1.28377E-2 1.21157E-2 1.4365E-2 1.48587E-2 1.72532E-2 1.35164E-2 1.51173E-2 1.44984E-2 1.14504E-2 1.10309E-2 1.22305E-2 1.67521E-2 1.93633E-2 2.09277E-2 2.06609E-2 2.00768E-2 -9999 -9999 -9999 8.53757E-3 7.09323E-3 -9999 -9999 -9999 -9999 -9999 -9999 -9999 -9999 -9999
-9999 -9999 -9999 -9999 -9999 -9999 -9999 -9999 -9999 -9999 -9999 2.38723E-2 2.21997E-2 4.82893E-2 2.70051E-2 2.09713E-2 1.16936E-2 2.2061E-2 1.83704E-2 1.74553E-2 1.48344E-2 2.47227E-2 1.9442E-2 1.38013E-2 7.16273E-3 6.72785E-3 1.52009E-2 1.65515E-2 1.32993E-2 1.24102E-2 1.20962E-2 1.25677E-2 1.02387E-2 1.03591E-2 1.65676E-2 1.96256E-2 1.9167E-2 1.76057E-2 1.59598E-2 1.2607E-2 1.21732E-2 1.27963E-2 1.4891E-2 1.72627E-2 1.79806E-2 1.88409E-2 1.77408E-2 1.53202E-2 -9999 -9999 -9999 8.32486E-3 7.36661E-3 -9999 -9999 -9999 -9999 -9999 -9999 -9999 -9999
-9999 -9999 -9999 -9999 -9999 -9999 -9999 -9999 -9999 -9999 -9999 2.32758E-2 1.67637E-2 1.97407E-2 1.51547E-2 9.49865E-3 6.90047E-3 1.29291E-2 8.82361E-3 1.74522E-2 1.90891E-2 2.09778E-2 1.7095E-2 1.4875E-2 6.02346E-3 7.55574E-3 1.42776E-2 2.13752E-2 2.34034E-2 1.91792E-2 1.16052E-2 1.05411E-2 9.10617E-3 9.56429E-3 1.59955E-2 1.82239E-2 1.6922E-2 1.62651E-2 1.4559E-2 1.25858E-2 1.36566E-2 1.4485E-2 1.49444E-2 1.85167E-2 1.46895E-2 1.59332E-2 1.45173E-2 1.34412E-2 1.35889E-2 -9999 -9999 9.2444E-3 8.55993E-3 8.11228E-3 8.32272E-3 -9999 -9999 -9999 -9999 -9999 -9999
-9999 -9999 -9999 -9999 -9999 -9999 -9999 -9999 -9999 -9999 3.64178E-2 2.35706E-2 3.54164E-2 1.40108E-2 6.87844E-3 6.42348E-3 7.06438E-3 6.33549E-3 7.69015E-3 2.00042E-2 3.48375E-2 2.15376E-2 1.29323E-2 1.9503E-2 7.80948E-3 9.36325E-3 9.28552E-3 1.10197E-2 2.01872E-2 1.14756E-2 1.23343E-2 9.59492E-3 1.42318E-2 1.23409E-2 1.92083E-2 2.23287E-2 2.23002E-2 2.1091E-2 2.1567E-2 1.50733E-2 1.44033E-2 1.48726E-2 1.54008E-2 1.62705E-2 1.42677E-2 1.32571E-2 1.24975E-2 1.33431E-2 1.34269E-2 1.22189E-2 1.13028E-2 1.34293E-2 -9999 -9999 8.84424E-3 8.56763E-3 -9999 -9999 -9999 -9999 -9999
-9999 -9999 -9999 -9999 -9999 -9999 -9999 -9999 -9999 4.54969E-2 4.80286E-2 2.82779E-2 2.52323E-2 1.56361E-2 8.2326E-3 8.77649E-3 7.23118E-3 9.53395E-3 8.16761E-3 1.23236E-2 1.81234E-2 2.15144E-2 2.28864E-2 1.34765E-2 7.13385E-3 8.73263E-3 1.06583E-2 9.45263E-3 1.2005E-2 1.28688E-2 1.89932E-2 1.24978E-2 1.23623E-2 1.76558E-2 1.94633E-2 2.0901E-2 2.18387E-2 3.04543E-2 3.16682E-2 2.69615E-2 1.49913E-2 1.5021E-2 1.48945E-2 1.54365E-2 1.45122E-2 1.23456E-2 1.24735E-2 1.33349E-2 1.28204E-2 1.13627E-2 1.15355E-2 1.21116E-2 1.15848E-2 -9999 8.57454E-3 8.65336E-3 7.97384E-3 6.92944E-3 -9999 -9999 -9999
-9999 -9999 -9999 -9999 -9999 -9999 -9999 -9999 4.76677E-2 4.12057E-2 4.58121E-2 2.26852E-2 1.35575E-2 2.52374E-2 2.61989E-2 2.12738E-2 1.68321E-2 1.51295E-2 1.15667E-2 1.07841E-2 1.31314E-2 1.88832E-2 2.62246E-2 1.39874E-2 9.3379E-3 9.40016E-3 8.98589E-3 8.62178E-3 8.83746E-3 7.97953E-3 1.45354E-2 1.53974E-2 1.74752E-2 2.29853E-2 2.29046E-2 2.05231E-2 2.35078E-2 3.14857E-2 3.44584E-2 4.48024E-2 2.2356E-2 1.71471E-2 1.48884E-2 1.51598E-2 1.35982E-2 1.22209E-2 1.34173E-2 1.40952E-2 1.27662E-2 1.15394E-2 1.15383E-2 1.1892E-2 1.22642E-2 1.25139E-2 9.38209E-3 8.85579E-3 7.40182E-3 6.71671E-3 6.21125E-3 5.56845E-3 5.38361E-3
-9999 -9999 -9999 -9999 -9999 -9999 -9999 -9999 1.68467E-2 1.46044E-2 1.74167E-2 1.66628E-2 1.56598E-2 3.12227E-2 4.38743E-2 5.06226E-2 2.42591E-2 2.4488E-2 2.33239E-2 1.55462E-2 1.39834E-2 1.39162E-2 1.37621E-2 1.76396E-2 1.20516E-2 1.40385E-2 1.09373E-2 9.12078E-3 1.38376E-2 1.38473E-2 1.69904E-2 1.84918E-2 2.11592E-2 2.81329E-2 2.5926E-2 2.41697E-2 2.91626E-2 3.02968E-2 3.44302E-2 3.79237E-2 2.85067E-2 1.69171E-2 1.5864E-2 1.53194E-2 1.47204E-2 1.4618E-2 1.50918E-2 1.5522E-2 1.47712E-2 1.23289E-2 1.16876E-2 1.27677E-2 1.34156E-2 1.30405E-2 -9999 9.75864E-3 8.38259E-3 8.2096E-3 6.17077E-3 5.84434E-3 5.24297E-3
-9999 -9999 -9999 -9999 -9999 -9999 -9999 2.17789E-2 2.32354E-2 3.24947E-2 3.98128E-2 1.89007E-2 2.24158E-2 2.34079E-2 4.05341E-2 4.92838E-2 3.55521E-2 4.47035E-2 3.98384E-2 3.18184E-2 2.47465E-2 2.23255E-2 2.05163E-2 1.95205E-2 1.14261E-2 1.71711E-2 2.03169E-2 1.68932E-2 2.338E-2 2.1736E-2 2.15662E-2 2.27041E-2 2.63557E-2 3.21699E-2 3.60175E-2 4.82337E-2 2.36344E-2 3.24427E-2 2.77583E-2 4.16287E-2 2.39503E-2 1.81454E-2 1.72202E-2 1.64865E-2 1.69476E-2 1.62795E-2 1.56683E-2 1.53971E-2 1.50881E-2 1.48801E-2 1.37267E-2 1.37511E-2 -9999 -9999 -9999 -9999 -9999 -9999 -9999 -9999 -9999
-9999 -9999 -9999 -9999 -9999 -9999 4.14147E-2 4.87172E-2 3.66573E-2 2.49009E-2 4.91463E-2 6.20668E-2 2.69877E-2 4.5512E-2 2.65156E-2 3.09721E-2 3.98818E-2 5.72334E-2 5.13159E-2 5.72776E-2 4.48975E-2 2.53242E-2 2.23112E-2 4.42716E-2 2.25985E-2 1.727E-2 2.46275E-2 2.52165E-2 1.98947E-2 1.32506E-2 2.24759E-2 2.78639E-2 2.72875E-2 4.49238E-2 4.0567E-2 2.94872E-2 4.21957E-2 3.09591E-2 4.52964E-2 4.42934E-2 2.06735E-2 2.81574E-2 2.15971E-2 2.02799E-2 1.89236E-2 1.75097E-2 1.69356E-2 1.63007E-2 1.57395E-2 1.45417E-2 1.51302E-2 1.50894E-2 1.3156E-2 1.34644E-2 -9999 -9999 -9999 -9999 -9999 -9999 -9999
-9999 -9999 -9999 -9999 -9999 -9999 4.05203E-2 3.793E-2 2.31926E-2 2.39034E-2 2.28438E-2 5.39257E-2 3.64096E-2 2.7093E-2 2.36799E-2 3.59915E-2 3.84479E-2 4.95959E-2 3.82214E-2 4.88136E-2 3.88622E-2 4.5836E-2 3.34446E-2 3.17583E-2 3.94312E-2 3.40106E-2 2.17635E-2 1.99185E-2 2.19639E-2 1.26318E-2 2.29153E-2 3.11176E-2 3.17624E-2 2.63095E-2 2.82988E-2 3.72462E-2 4.01421E-2 4.51361E-2 3.27339E-2 3.41268E-2 2.63667E-2 3.13854E-2 2.31557E-2 2.42431E-2 2.56467E-2 2.31675E-2 2.25116E-2 1.87329E-2 1.75989E-2 1.47631E-2 1.38447E-2 1.11828E-2 1.03636E-2 1.04119E-2 1.03469E-2 1.06596E-2 9.22132E-3 7.85992E-3 7.96697E-3 8.23485E-3 6.04588E-3
-9999 -9999 -9999 -9999 -9999 3.11394E-2 2.50087E-2 2.34349E-2 2.08522E-2 6.38634E-2 6.11045E-2 4.17688E-2 2.36979E-2 2.99841E-2 2.08282E-2 2.19365E-2 2.58482E-2 4.69776E-2 2.95826E-2 3.58202E-2 5.12849E-2 4.87766E-2 4.64137E-2 4.23627E-2 4.19856E-2 4.03045E-2 2.88367E-2 1.87322E-2 1.75555E-2 1.6969E-2 1.20188E-2 3.01697E-2 4.373E-2 4.64189E-2 4.26464E-2 3.63668E-2 4.43046E-2 -9999 -9999 4.42175E-2 -9999 -9999 -9999 4.00908E-2 2.99493E-2 2.23529E-2 1.97671E-2 1.70048E-2 1.46824E-2 1.50537E-2 1.3943E-2 1.00939E-2 9.37192E-3 9.04869E-3 9.4918E-3 9.96416E-3 6.89045E-3 6.7398E-3 6.11619E-3 6.38853E-3 6.53289E-3
-9999 -9999 -9999 -9999 3.87419E-2 1.95407E-2 2.10973E-2 2.20986E-2 2.93589E-2 3.78729E-2 3.44803E-2 3.36641E-2 3.76294E-2 2.38476E-2 2.46219E-2 3.15035E-2 3.42533E-2 3.33349E-2 2.93421E-2 3.58606E-2 5.37093E-2 3.93372E-2 3.67937E-2 4.99319E-2 4.00176E-2 5.13343E-2 2.84971E-2 2.77488E-2 2.25495E-2 1.28156E-2 2.25559E-2 3.67595E-2 4.83342E-2 4.28906E-2 2.60392E-2 4.02658E-2 4.09215E-2 5.12987E-2 7.52139E-2 4.77591E-2 8.5192E-2 -9999 3.4965E-2 4.37834E-2 2.66055E-2 2.05036E-2 2.18394E-2 2.34198E-2 1.78522E-2 1.94947E-2 1.53705E-2 9.77688E-3 1.00315E-2 9.32347E-3 8.25187E-3 6.57186E-3 5.53504E-3 5.78758E-3 4.93331E-3 5.23692E-3 6.42063E-3
-9999 -9999 -9999 4.4093E-2 5.98236E-2 4.61122E-2 2.63063E-2 3.05096E-2 3.30442E-2 4.9185E-2 4.22399E-2 4.28233E-2 6.15097E-2 2.86835E-2 3.97393E-2 2.26128E-2 3.39538E-2 3.68604E-2 4.65079E-2 5.03201E-2 3.06785E-2 1.4638E-2 3.83749E-2 3.75565E-2 3.00004E-2 3.17928E-2 3.05039E-2 3.02579E-2 2.81371E-2 1.84851E-2 2.00396E-2 4.18799E-2 4.08662E-2 2.90395E-2 2.90596E-2 5.13736E-2 5.1675E-2 4.53471E-2 4.53287E-2 3.53801E-2 6.624E-2 5.12497E-2 -9999 -9999 2.19505E-2 2.49028E-2 4.69774E-2 3.96396E-2 2.32509E-2 1.64659E-2 2.15967E-2 1.30891E-2 1.00636E-2 9.84524E-3 8.19737E-3 6.09802E-3 5.73796E-3 5.43198E-3 5.2473E-3 4.96545E-3 6.47316E-3
-9999 -9999 -9999 9.0039E-3 4.61308E-2 5.01737E-2 3.32839E-2 5.72469E-2 1.50736E-1 5.71798E-2 5.09119E-2 5.0954E-2 3.37603E-2 3.15053E-2 6.22949E-2 2.76069E-2 3.65971E-2 5.09915E-2 4.4749E-2 2.38965E-2 1.91175E-2 1.30849E-2 1.23434E-2 2.13125E-2 1.91776E-2 3.20449E-2 3.92741E-2 3.62571E-2 2.60203E-2 2.05195E-2 2.35406E-2 2.82282E-2 3.51963E-2 3.00832E-2 2.95834E-2 4.35323E-2 5.35581E-2 6.28006E-2 3.47814E-2 2.30527E-2 -9999 -9999 -9999 -9999 -9999 6.72255E-2 6.19826E-2 3.57338E-2 2.0408E-2 1.66914E-2 1.65559E-2 2.6277E-2 1.03725E-2 1.0236E-2 7.08735E-3 5.44334E-3 5.80938E-3 5.93379E-3 6.61789E-3 7.70944E-3 1.0478E-2
