Candidate_Models_Sept202022/M_0.7_F_lqp_Set_1_cal/Bison.asc
ncols         97
nrows         127
xllcorner     -2197417.7431653
yllcorner     -584827.01486885
cellsize      30000.0
NODATA_value  -9999
[rows 81 to 107 of 127, columns 0 to 60 of 97]
-9999 -9999 -9999 -9999 -9999 -9999 -9999 -9999 -9999 -9999 -9999 3.14287E-3 6.89616E-4 1.64747E-3 2.2816E-2 7.12724E-3 3.65876E-3 1.1012E-3 3.26502E-3 2.44876E-2 1.43474E-2 5.81689E-2 2.45444E-2 5.97285E-2 1.7785E-1 2.8735E-1 1.22741E-1 1.01613E-1 1.55987E-1 2.6749E-2 2.44953E-2 1.19392E-2 2.72968E-2 8.26356E-2 7.411E-2 8.43845E-2 5.17774E-2 3.12862E-1 5.39153E-1 7.98424E-1 9.02425E-1 7.37742E-1 7.06049E-1 8.02078E-1 7.31303E-1 5.33974E-1 4.80261E-1 4.73881E-1 4.90228E-1 5.5042E-1 5.92079E-1 6.77969E-1 6.9679E-1 6.75876E-1 6.64213E-1 5.19866E-1 5.97668E-1 6.13821E-1 5.71503E-1 5.21478E-1 5.18079E-1
-9999 -9999 -9999 -9999 -9999 -9999 -9999 -9999 -9999 -9999 -9999 -9999 1.87811E-3 1.01382E-3 5.13023E-3 1.36445E-2 6.93533E-3 1.32807E-2 4.71324E-3 4.85873E-3 5.57129E-3 1.08823E-2 1.04779E-2 4.18128E-2 2.59465E-1 2.76505E-1 1.13234E-1 1.03116E-1 2.29317E-1 3.16558E-2 1.38396E-2 1.39079E-2 1.69975E-2 3.70284E-2 1.15227E-1 1.03189E-1 7.57151E-2 1.14325E-1 2.80328E-1 7.21463E-1 8.71949E-1 7.43657E-1 7.14039E-1 7.52212E-1 6.89431E-1 5.19756E-1 4.39316E-1 5.14032E-1 5.48892E-1 6.5792E-1 6.65816E-1 6.81826E-1 7.0317E-1 6.77151E-1 6.36203E-1 6.21491E-1 5.98075E-1 5.46944E-1 5.2848E-1 4.86439E-1 5.63964E-1
-9999 -9999 -9999 -9999 -9999 -9999 -9999 -9999 -9999 -9999 -9999 -9999 -9999 2.35246E-3 5.7205E-4 3.77546E-3 5.72683E-3 1.80272E-2 2.91441E-1 8.95383E-3 3.80971E-3 6.40344E-3 4.16077E-3 3.71478E-2 1.04192E-1 9.66249E-2 5.74157E-2 1.50375E-1 6.90227E-2 3.75758E-2 1.32519E-2 1.14377E-2 1.00432E-2 1.80849E-2 7.3544E-2 2.35819E-1 7.28018E-2 8.67525E-2 1.50632E-1 6.71033E-1 8.03612E-1 7.90128E-1 7.32311E-1 6.81183E-1 6.24203E-1 4.87323E-1 5.01812E-1 5.33805E-1 5.66465E-1 6.23524E-1 6.44249E-1 6.46652E-1 7.14853E-1 6.89562E-1 6.51509E-1 6.21525E-1 6.68871E-1 6.15193E-1 4.99931E-1 5.16058E-1 5.35886E-1
-9999 -9999 -9999 -9999 -9999 -9999 -9999 -9999 -9999 -9999 -9999 -9999 -9999 2.91752E-3 1.33962E-3 3.50853E-3 9.74522E-3 -9999 6.03444E-2 1.68544E-1 1.51211E-1 3.62889E-2 8.29985E-3 2.25634E-2 1.24282E-1 9.29046E-2 1.1163E-1 1.10306E-1 5.5814E-2 4.46829E-2 2.22091E-2 1.34725E-2 1.07847E-2 2.0996E-2 5.51276E-2 9.66838E-2 6.23113E-2 8.54107E-2 1.29202E-1 5.28848E-1 6.66529E-1 7.11633E-1 7.18556E-1 5.45287E-1 5.99376E-1 6.80046E-1 6.34193E-1 6.4955E-1 5.42828E-1 6.04549E-1 6.23723E-1 5.9984E-1 6.36629E-1 6.11151E-1 6.11788E-1 4.61997E-1 6.19417E-1 6.77906E-1 5.7263E-1 5.53434E-1 6.27977E-1
-9999 -9999 -9999 -9999 -9999 -9999 -9999 -9999 -9999 -9999 -9999 -9999 -9999 6.14019E-3 2.58235E-3 2.69697E-3 9.39942E-3 -9999 9.17309E-2 3.66725E-1 7.30561E-2 1.00361E-2 3.71791E-3 2.17564E-2 5.81255E-2 5.79618E-2 1.48907E-1 5.4347E-2 4.87042E-2 2.33446E-2 1.86971E-2 8.83944E-3 2.40407E-2 2.92198E-2 4.48445E-2 9.62177E-2 9.53935E-2 1.19269E-1 2.42841E-1 2.81241E-1 5.18854E-1 6.33707E-1 7.00352E-1 6.08336E-1 5.5133E-1 6.78323E-1 5.32083E-1 4.89809E-1 5.40629E-1 6.56691E-1 6.14672E-1 4.94949E-1 6.00187E-1 6.98988E-1 6.53135E-1 6.14426E-1 7.10082E-1 5.37361E-1 5.34671E-1 5.29836E-1 5.15657E-1
-9999 -9999 -9999 -9999 -9999 -9999 -9999 -9999 -9999 -9999 -9999 -9999 -9999 3.068E-3 4.63404E-3 4.03489E-3 5.47346E-3 -9999 5.17078E-3 6.00283E-2 1.65541E-2 5.67298E-3 6.7298E-3 1.45212E-2 5.64528E-2 1.21437E-1 2.28547E-1 5.67897E-2 3.50341E-2 2.28779E-2 3.44144E-2 2.92782E-2 4.12447E-2 2.46145E-2 2.8888E-2 2.00927E-1 4.44576E-2 1.16604E-1 1.37752E-1 3.67746E-1 4.44435E-1 6.07241E-1 6.48361E-1 6.33544E-1 6.27989E-1 5.70766E-1 4.66599E-1 5.13218E-1 5.68308E-1 6.62392E-1 5.80067E-1 4.13119E-1 5.23058E-1 6.90568E-1 6.61408E-1 6.51706E-1 6.54998E-1 4.52418E-1 4.89665E-1 5.14084E-1 6.15796E-1
-9999 -9999 -9999 -9999 -9999 -9999 -9999 -9999 -9999 -9999 -9999 -9999 -9999 5.84342E-3 1.45621E-3 1.57688E-3 4.34406E-2 -9999 3.53923E-2 7.11483E-2 9.00166E-3 3.23086E-3 3.04472E-2 6.36332E-2 7.32567E-2 1.70016E-1 4.77521E-1 1.91636E-1 1.23439E-1 2.44356E-2 5.99594E-2 1.40856E-2 9.61581E-3 3.0075E-2 7.42802E-2 1.25173E-1 9.88945E-2 1.03634E-1 5.09325E-1 4.93804E-1 3.61854E-1 5.69709E-1 7.51322E-1 6.35355E-1 5.9371E-1 5.89566E-1 6.49188E-1 6.96455E-1 6.07682E-1 5.17443E-1 4.29558E-1 3.70144E-1 5.24376E-1 6.30649E-1 7.17206E-1 6.94852E-1 5.98738E-1 5.05712E-1 4.91337E-1 4.94702E-1 5.56386E-1
-9999 -9999 -9999 -9999 -9999 -9999 -9999 -9999 -9999 -9999 -9999 -9999 -9999 3.00199E-3 9.05159E-4 1.47298E-3 2.20844E-3 7.03652E-3 8.49396E-3 1.17092E-1 4.34768E-3 2.3017E-3 2.5826E-2 8.00291E-2 2.22691E-1 4.21547E-1 3.14846E-1 1.20175E-1 5.57599E-2 6.31654E-2 4.81871E-2 1.94478E-2 1.2577E-2 1.4512E-1 4.00787E-2 4.2134E-2 1.01448E-1 4.19384E-2 8.70742E-2 4.31194E-1 3.9336E-1 6.33873E-1 6.22054E-1 6.48357E-1 6.29016E-1 6.11442E-1 5.62066E-1 4.85547E-1 6.52328E-1 6.39019E-1 5.34726E-1 5.08464E-1 7.03E-1 6.97099E-1 7.03869E-1 6.83046E-1 6.4136E-1 6.02386E-1 6.36997E-1 4.84778E-1 5.16936E-1
-9999 -9999 -9999 -9999 -9999 -9999 -9999 -9999 -9999 -9999 -9999 -9999 -9999 5.74422E-3 1.31708E-3 6.5011E-4 2.9236E-3 4.13738E-3 6.52804E-3 4.91699E-2 1.26315E-2 7.05306E-3 1.59421E-2 1.03755E-1 4.45601E-1 3.33203E-1 1.25881E-1 5.94902E-2 4.39014E-2 2.23305E-1 3.72896E-2 3.40523E-2 3.0297E-2 1.855E-1 2.56474E-2 3.9585E-2 1.26648E-1 3.84236E-2 3.94488E-2 4.98121E-2 3.83078E-1 5.69257E-1 5.57638E-1 6.74035E-1 6.60229E-1 6.18917E-1 6.51779E-1 4.53449E-1 3.66799E-1 4.84506E-1 5.30155E-1 4.50752E-1 6.52986E-1 6.94593E-1 7.1872E-1 6.73408E-1 6.22371E-1 6.52349E-1 6.26798E-1 6.49783E-1 5.45342E-1
-9999 -9999 -9999 -9999 -9999 -9999 -9999 -9999 -9999 -9999 -9999 -9999 -9999 7.3942E-3 4.98792E-3 4.92E-3 3.59694E-3 3.62395E-3 4.69763E-3 7.83642E-2 3.06463E-3 1.23099E-2 4.50684E-2 4.11421E-1 6.11972E-1 2.91756E-1 2.69436E-1 5.49526E-2 9.02551E-2 1.64639E-1 6.9628E-2 4.04658E-2 8.31884E-2 5.28596E-2 2.26925E-2 3.26268E-2 5.39674E-2 3.64943E-2 7.84922E-2 3.92459E-2 2.46277E-1 2.99176E-1 6.732E-1 5.5898E-1 6.46292E-1 6.725E-1 4.68922E-1 4.87391E-1 4.34106E-1 6.39435E-1 5.93158E-1 4.85778E-1 6.47048E-1 5.99415E-1 6.1383E-1 6.19956E-1 6.07633E-1 6.36867E-1 6.68761E-1 6.52984E-1 5.94935E-1
-9999 -9999 -9999 -9999 -9999 -9999 -9999 -9999 -9999 -9999 -9999 -9999 -9999 9.01926E-3 1.19331E-2 1.02554E-2 4.99495E-3 3.67662E-3 6.06382E-2 3.79239E-2 1.26877E-2 2.01585E-2 1.761E-1 6.0805E-1 4.13226E-1 2.58749E-1 4.49912E-1 3.27743E-1 1.22293E-1 1.0619E-1 1.24368E-1 7.74155E-2 9.49956E-2 6.6466E-2 1.2574E-2 6.11235E-2 7.55555E-2 1.13005E-1 1.85532E-1 4.68884E-2 8.88238E-2 2.59909E-1 6.12408E-1 6.78568E-1 4.34542E-1 4.55946E-1 5.52221E-1 5.24743E-1 6.01923E-1 4.94611E-1 4.19035E-1 4.43436E-1 5.52157E-1 5.81207E-1 5.91931E-1 4.6505E-1 4.6108E-1 5.22465E-1 6.09901E-1 5.70215E-1 5.0821E-1
-9999 -9999 -9999 -9999 -9999 -9999 -9999 -9999 -9999 -9999 -9999 -9999 -9999 6.11144E-3 4.21901E-3 2.13749E-2 1.8453E-2 2.12326E-2 2.82207E-2 1.0283E-2 3.70983E-2 8.59257E-2 1.64754E-1 2.67484E-1 2.90923E-1 2.42024E-1 3.67707E-1 3.69591E-1 4.07992E-1 3.10528E-1 2.03212E-1 1.43183E-1 3.74915E-2 1.44491E-2 1.21706E-2 4.34814E-2 1.64781E-1 2.96087E-1 5.60917E-1 3.61449E-2 9.42983E-2 4.52433E-1 5.22591E-1 6.37728E-1 4.99786E-1 5.33567E-1 5.70889E-1 5.46085E-1 5.31195E-1 5.03629E-1 4.27438E-1 4.81004E-1 5.76467E-1 5.88869E-1 5.84838E-1 5.36096E-1 4.58191E-1 6.29277E-1 5.63033E-1 5.67857E-1 5.47941E-1
-9999 -9999 -9999 -9999 -9999 -9999 -9999 -9999 -9999 -9999 -9999 -9999 8.35076E-3 4.73562E-3 7.52294E-3 2.97175E-2 2.65727E-2 1.49182E-2 1.98452E-2 5.57073E-3 2.85198E-2 3.1269E-1 3.25584E-1 3.51804E-1 1.36595E-1 2.34918E-1 3.10363E-1 3.53208E-1 3.44267E-1 2.36234E-1 3.98509E-1 1.01268E-1 2.14604E-2 1.36605E-2 2.36514E-2 2.7774E-2 1.12408E-1 3.27168E-1 1.01883E-1 3.85143E-2 3.24987E-2 3.16342E-1 5.41804E-1 6.08304E-1 5.52203E-1 5.69696E-1 5.24174E-1 4.86296E-1 4.39595E-1 6.43231E-1 4.69744E-1 4.57215E-1 5.00695E-1 5.2199E-1 5.46312E-1 5.29667E-1 4.95279E-1 6.81425E-1 5.59123E-1 5.13698E-1 5.99555E-1
-9999 -9999 -9999 -9999 -9999 -9999 -9999 -9999 -9999 -9999 -9999 -9999 2.42737E-2 1.18723E-2 9.05321E-3 1.89168E-2 1.30218E-2 1.40162E-2 6.0735E-3 1.5174E-2 9.60956E-2 3.32915E-1 8.64504E-2 2.68108E-1 2.32783E-1 2.09733E-1 2.04838E-1 2.71267E-1 3.05028E-1 3.15874E-1 2.87665E-1 1.6629E-1 3.58531E-2 4.61967E-2 1.24332E-2 2.92437E-2 2.79505E-1 5.35636E-1 1.89719E-1 2.77217E-2 4.05209E-2 2.90357E-1 4.05526E-1 4.78444E-1 4.704E-1 5.08501E-1 4.03019E-1 4.54506E-1 5.1995E-1 5.79867E-1 4.825E-1 4.15889E-1 3.8938E-1 4.63151E-1 4.8304E-1 4.78331E-1 4.78485E-1 5.31368E-1 5.52967E-1 4.84018E-1 5.04203E-1
-9999 -9999 -9999 -9999 -9999 -9999 -9999 -9999 -9999 -9999 -9999 -9999 6.59556E-3 6.52888E-3 9.40987E-3 1.80715E-2 8.23222E-3 1.10248E-2 1.33484E-2 5.54098E-2 1.6331E-1 1.85766E-1 1.5102E-1 5.59893E-2 1.02471E-1 1.76152E-1 2.94241E-1 2.11806E-1 2.56049E-1 2.60978E-1 3.58789E-1 6.30782E-2 3.41925E-2 1.62629E-2 1.40841E-2 2.17888E-2 1.84197E-1 5.12768E-1 2.06319E-1 5.42304E-2 5.16275E-2 4.33413E-1 4.02473E-1 5.15684E-1 4.21513E-1 4.29082E-1 3.98525E-1 3.83528E-1 4.97098E-1 7.04185E-1 6.31174E-1 6.69908E-1 4.78049E-1 3.82618E-1 4.7446E-1 5.85467E-1 6.19303E-1 6.72154E-1 5.09639E-1 4.91471E-1 5.87116E-1
-9999 -9999 -9999 -9999 -9999 -9999 -9999 -9999 -9999 -9999 -9999 -9999 1.87967E-2 5.62034E-3 3.71577E-2 4.2129E-2 4.49653E-2 4.94645E-3 2.46158E-2 3.51609E-2 7.33116E-2 1.11711E-1 1.50219E-1 1.59391E-1 9.76265E-2 1.23624E-1 1.92931E-1 2.10595E-1 3.47351E-1 4.71355E-1 3.57641E-1 1.33221E-1 3.6738E-2 1.58461E-2 1.37924E-2 1.78049E-2 6.63982E-2 3.01276E-1 8.10986E-2 1.15008E-1 7.19961E-2 3.61023E-1 4.15893E-1 4.88671E-1 4.77159E-1 4.90391E-1 5.19162E-1 3.69171E-1 4.38249E-1 6.21202E-1 6.33375E-1 6.00247E-1 6.26239E-1 4.68306E-1 7.04174E-1 6.27169E-1 7.28788E-1 5.75539E-1 4.30036E-1 4.73929E-1 4.63311E-1
-9999 -9999 -9999 -9999 -9999 -9999 -9999 -9999 -9999 -9999 -9999 7.42848E-3 6.78439E-3 4.0083E-2 3.42241E-2 9.41665E-3 3.35273E-2 9.50007E-3 5.3675E-2 3.07875E-1 1.67976E-1 9.83913E-2 1.79826E-1 1.6103E-1 5.50122E-2 1.2132E-1 1.7729E-1 4.09577E-1 3.90869E-1 5.13469E-1 5.58722E-1 4.42518E-1 3.09751E-2 4.75887E-2 1.63135E-2 2.98097E-2 5.9789E-2 5.60866E-1 3.11414E-1 2.02439E-1 4.1497E-1 2.05161E-1 6.35902E-1 5.50876E-1 5.52625E-1 6.42049E-1 4.92846E-1 2.79465E-1 4.07586E-1 5.01685E-1 4.59276E-1 3.73474E-1 5.77053E-1 6.87217E-1 4.99033E-1 4.4836E-1 4.18845E-1 4.56474E-1 4.69225E-1 5.14837E-1 4.4528E-1
-9999 -9999 -9999 -9999 -9999 -9999 -9999 -9999 -9999 -9999 -9999 4.69154E-3 2.11681E-2 7.0633E-2 4.65799E-2 5.34874E-2 2.409E-2 2.6732E-2 1.42322E-1 2.73271E-1 2.39496E-1 6.58016E-2 7.12322E-2 8.39896E-2 1.63071E-1 2.09755E-1 2.431E-1 4.24415E-2 2.71836E-2 6.7014E-1 5.43939E-1 6.21931E-1 2.64168E-1 4.4485E-2 2.93207E-2 2.57389E-2 5.39317E-2 6.45377E-1 7.60671E-2 5.365E-1 4.29016E-1 3.0702E-1 7.23585E-1 4.9768E-1 5.52121E-1 1.69312E-1 1.14288E-1 4.74601E-1 3.98848E-1 6.25536E-1 4.91389E-1 3.41284E-1 5.18671E-1 5.80308E-1 3.48282E-1 3.79736E-1 3.56701E-1 3.77394E-1 4.40311E-1 4.64095E-1 4.78378E-1
-9999 -9999 -9999 -9999 -9999 -9999 -9999 -9999 -9999 -9999 3.51531E-3 2.51379E-3 2.44352E-2 6.59721E-2 1.74561E-1 7.63788E-3 6.42582E-3 2.66971E-2 1.11312E-1 7.96996E-2 1.02039E-1 1.69175E-1 1.89508E-1 1.51867E-1 1.92129E-1 3.74392E-1 1.63673E-1 3.74838E-2 9.10826E-2 2.3069E-1 2.35436E-1 7.00766E-1 4.11707E-1 1.44992E-2 3.3699E-2 3.12888E-2 1.67595E-1 6.61306E-1 1.53455E-1 3.69613E-1 7.16887E-1 3.87458E-1 6.45129E-1 6.97526E-1 4.885E-1 6.11132E-1 2.85844E-1 4.90301E-1 5.23657E-1 2.8338E-1 5.09028E-1 3.01083E-1 2.9643E-1 3.27247E-1 3.48411E-1 3.55185E-1 3.56892E-1 4.20733E-1 3.82757E-1 3.78874E-1 4.05774E-1
-9999 -9999 -9999 -9999 -9999 -9999 -9999 -9999 -9999 -9999 1.51041E-3 1.11222E-3 4.75018E-2 7.11727E-2 3.24886E-2 5.27774E-3 9.9368E-3 3.87956E-2 3.80481E-2 5.06669E-2 4.94022E-2 1.16982E-1 1.36257E-1 1.5957E-1 1.66787E-1 1.55801E-1 2.36016E-1 2.15872E-1 3.35589E-1 3.60319E-1 1.52135E-1 1.58658E-1 5.01456E-2 5.35637E-2 3.40892E-2 2.49323E-2 2.04512E-1 3.61682E-1 1.99523E-1 4.6931E-1 7.73137E-1 1.57292E-1 3.27707E-1 6.33289E-1 5.39526E-1 4.25993E-1 4.55738E-1 3.22841E-1 2.89011E-1 3.69697E-1 2.76103E-1 3.47284E-1 3.08086E-1 3.18139E-1 3.96421E-1 4.73316E-1 3.96541E-1 3.94507E-1 4.22113E-1 4.35518E-1 4.40608E-1
-9999 -9999 -9999 -9999 -9999 -9999 -9999 -9999 -9999 -9999 1.07072E-3 1.23419E-3 4.71162E-2 4.12539E-2 6.32433E-3 7.68131E-3 1.82966E-2 3.86753E-2 9.51497E-2 5.55161E-2 3.69694E-2 4.68032E-2 5.41047E-2 6.52583E-2 1.40177E-1 1.01329E-1 3.74689E-1 9.36432E-2 3.04758E-1 3.21745E-1 7.80054E-2 4.25595E-2 4.12076E-2 7.61729E-2 5.71261E-2 7.58449E-2 1.89647E-1 2.43173E-1 3.76032E-1 3.00504E-1 6.22149E-1 4.6969E-1 6.46763E-1 5.95261E-1 6.14654E-1 5.8426E-1 2.2626E-1 3.27155E-1 3.26303E-1 3.34154E-1 4.59018E-1 5.33524E-1 5.01821E-1 3.45071E-1 3.91741E-1 3.0891E-1 3.02766E-1 3.37778E-1 5.00639E-1 4.20675E-1 3.49012E-1
-9999 -9999 -9999 -9999 -9999 -9999 -9999 -9999 -9999 1.51302E-3 8.90955E-4 1.84976E-3 5.13671E-2 1.20045E-2 1.92422E-3 4.61394E-3 3.74523E-2 9.20141E-2 1.17159E-1 3.47111E-2 4.61287E-2 5.62271E-2 6.5498E-2 8.22516E-2 6.45307E-2 6.61883E-2 4.95931E-1 1.27873E-1 1.15911E-1 5.79727E-2 7.17371E-2 1.4092E-1 1.47698E-1 1.4714E-1 1.34148E-1 1.50092E-1 1.73092E-1 2.30158E-1 6.19625E-1 2.28091E-1 6.97468E-1 6.29746E-1 7.21699E-1 4.48526E-1 6.1583E-1 4.58919E-1 5.08417E-1 4.58569E-1 4.14526E-1 3.03265E-1 3.05643E-1 3.65656E-1 3.5376E-1 4.88787E-1 5.72629E-1 5.41785E-1 4.49873E-1 4.32451E-1 3.56009E-1 4.27344E-1 4.25823E-1
-9999 -9999 -9999 -9999 -9999 -9999 -9999 -9999 -9999 1.72245E-3 1.03085E-3 1.95623E-3 7.79709E-3 2.40491E-3 1.60548E-3 1.04103E-2 5.39737E-2 6.3043E-2 8.89323E-2 6.19173E-2 1.25851E-1 6.67789E-2 6.05971E-2 8.47517E-2 7.98584E-2 1.27672E-1 3.67368E-1 3.06565E-1 2.54305E-1 1.57603E-1 1.81056E-1 2.49383E-1 1.00164E-1 1.70619E-1 3.95976E-1 4.74065E-1 2.65241E-1 5.79657E-1 5.59312E-1 5.92101E-1 7.64217E-1 7.81799E-1 4.64965E-1 5.23834E-1 6.72067E-1 6.59421E-1 6.1147E-1 3.96052E-1 5.57766E-1 5.49596E-1 5.48437E-1 5.59468E-1 3.8367E-1 5.11739E-1 5.16609E-1 6.11976E-1 5.09013E-1 4.28096E-1 4.54498E-1 3.30386E-1 2.91134E-1
-9999 -9999 -9999 -9999 -9999 -9999 -9999 -9999 2.02294E-3 1.1247E-3 2.45804E-3 2.41755E-2 1.74176E-3 2.11596E-3 5.68137E-3 4.44688E-2 5.49325E-2 6.64882E-2 7.19925E-2 7.72425E-2 1.16805E-1 1.20466E-1 9.61113E-2 1.24755E-1 1.09424E-1 2.89613E-1 2.31642E-1 3.48254E-1 2.17264E-1 3.30433E-1 2.74395E-1 3.01808E-1 1.27842E-1 2.28362E-1 3.72997E-1 2.27928E-1 2.86545E-1 6.57731E-1 5.95557E-1 8.37409E-1 7.90098E-1 6.98361E-1 5.34591E-1 3.50842E-1 1.63609E-1 4.46835E-1 1.17977E-1 2.97485E-1 4.1927E-1 5.91998E-1 4.58328E-1 4.37687E-1 2.93268E-1 3.62644E-1 3.53447E-1 6.4318E-1 6.23017E-1 6.23312E-1 4.58341E-1 3.23792E-1 3.45468E-1
-9999 -9999 -9999 -9999 -9999 -9999 -9999 3.2163E-3 2.3073E-3 1.08829E-3 1.03222E-2 2.34285E-2 1.57315E-3 2.46297E-3 1.81486E-2 7.26095E-2 8.00619E-2 8.61794E-2 1.05767E-1 1.14593E-1 1.31547E-1 1.2258E-1 1.17741E-1 1.43878E-1 1.18584E-1 1.74E-1 1.73625E-1 4.29995E-1 4.72017E-1 4.40525E-1 2.4339E-1 2.24732E-1 1.99086E-1 1.84729E-1 2.66297E-1 3.41516E-1 7.48296E-1 6.99456E-1 7.32352E-1 8.25067E-1 7.52396E-1 6.5845E-1 4.03134E-1 3.14078E-1 2.07795E-1 4.04052E-1 3.41405E-1 1.50403E-1 4.4223E-1 6.913E-1 5.64938E-1 5.7238E-1 7.43534E-1 4.24124E-1 6.16748E-1 6.15938E-1 6.66909E-1 6.42265E-1 6.08586E-1 3.85785E-1 3.5742E-1
-9999 -9999 -9999 -9999 -9999 -9999 -9999 4.93691E-4 3.17211E-4 3.86666E-4 3.29719E-3 3.40867E-3 1.62394E-3 9.89204E-3 7.33258E-2 8.54146E-2 8.42829E-2 2.00991E-1 1.17363E-1 9.81736E-2 1.16771E-1 1.77472E-1 2.43118E-1 1.96449E-1 1.78206E-1 1.342E-1 2.187E-1 4.08746E-1 2.3529E-1 4.85461E-1 2.12691E-1 1.11892E-1 1.79916E-1 3.78805E-1 2.9355E-1 6.30606E-1 6.50859E-1 7.50996E-1 7.92549E-1 8.2758E-1 8.06695E-1 6.06595E-1 4.89681E-1 3.84498E-1 3.27058E-1 2.94836E-1 3.39593E-1 3.10094E-1 5.34419E-1 3.62844E-1 4.38287E-1 4.49959E-1 4.98906E-1 6.48667E-1 4.87682E-1 6.7848E-1 5.41484E-1 6.30873E-1 6.21556E-1 4.09456E-1 3.72215E-1
-9999 -9999 -9999 -9999 -9999 -9999 -9999 1.11465E-3 6.24773E-4 6.4272E-4 4.84571E-3 5.54882E-3 5.73001E-3 1.1836E-2 9.65729E-2 8.48496E-2 1.04123E-1 1.94792E-1 1.09826E-1 9.46992E-2 1.16329E-1 1.32494E-1 3.55265E-1 2.27299E-1 1.28425E-1 1.11028E-1 1.10903E-1 4.23251E-1 1.58948E-1 2.94981E-1 3.7681E-1 1.46082E-1 4.40264E-1 5.12006E-1 4.90009E-1 5.89025E-1 7.54631E-1 7.03249E-1 7.63279E-1 6.66548E-1 5.69668E-1 5.02973E-1 4.19292E-1 3.23063E-1 2.34624E-1 3.54479E-1 2.82201E-1 1.64582E-1 4.43198E-1 7.00684E-1 6.17483E-1 5.59816E-1 6.13985E-1 4.14508E-1 6.1007E-1 5.95144E-1 4.40027E-1 6.15388E-1 5.17508E-1 3.68932E-1 4.58791E-1
