Candidate_Models_July82022/M_6_F_lqp_Set_1_all/Bison.asc
ncols         290
nrows         380
xllcorner     -2197417.7431653
yllcorner     -584827.01486885
cellsize      10000.0
NODATA_value  -9999
[rows 108 to 134 of 380, columns 0 to 60 of 290]
-9999 -9999 -9999 -9999 -9999 -9999 -9999 -9999 -9999 2.77324E-5 2.4322E-5 2.19008E-5 1.74599E-5 2.32147E-5 3.3583E-5 2.75002E-5 3.85277E-5 2.55025E-5 2.6958E-5 3.14375E-5 2.03279E-5 3.33563E-5 3.81651E-5 3.11157E-5 4.3114E-5 3.73439E-5 3.44733E-5 1.45827E-5 3.21039E-5 2.42547E-5 2.08287E-5 3.53281E-5 2.52328E-5 1.45851E-5 8.81019E-6 2.0759E-5 1.99439E-5 2.70445E-5 1.73563E-5 1.67272E-5 2.1067E-5 1.29626E-5 2.09554E-5 1.84848E-5 1.85424E-5 2.29907E-5 1.28883E-5 1.51618E-5 1.48217E-5 2.09565E-5 1.99379E-5 1.59854E-5 1.52346E-5 1.93931E-5 2.19457E-5 2.20053E-5 1.52857E-5 1.01281E-5 1.37104E-5 1.19171E-5 1.99698E-5
-9999 -9999 -9999 -9999 -9999 -9999 -9999 -9999 -9999 -9999 3.25654E-5 1.93614E-5 3.5832E-5 4.9759E-5 4.02334E-5 3.14731E-5 3.64209E-5 1.84035E-5 2.27878E-5 2.00654E-5 2.65035E-5 3.71905E-5 4.19328E-5 2.97216E-5 4.68837E-5 3.71107E-5 3.93718E-5 2.7053E-5 2.35856E-5 3.88129E-5 1.48323E-5 2.59235E-5 1.81893E-5 1.45059E-5 1.23751E-5 2.06133E-5 2.8701E-5 2.03193E-5 2.10067E-5 1.8352E-5 2.00248E-5 1.80352E-5 2.03659E-5 1.78441E-5 1.80734E-5 2.17598E-5 1.95189E-5 1.69121E-5 1.67341E-5 2.26504E-5 2.05197E-5 1.99967E-5 1.2808E-5 2.02058E-5 2.11365E-5 2.1234E-5 1.91253E-5 1.6872E-5 1.20275E-5 3.43787E-5 1.97363E-5
-9999 -9999 -9999 -9999 -9999 -9999 -9999 -9999 -9999 -9999 2.26873E-5 2.71583E-5 3.06088E-5 5.47292E-5 3.36524E-5 2.55819E-5 4.14E-5 3.71716E-5 2.71392E-5 1.84405E-5 2.91571E-5 3.18803E-5 3.40205E-5 2.31407E-5 2.29916E-5 4.81167E-5 4.58644E-5 3.48424E-5 2.12508E-5 1.35188E-5 1.94495E-5 1.21953E-5 1.73757E-5 2.58064E-5 2.28808E-5 1.98314E-5 2.07104E-5 1.88028E-5 2.67273E-5 2.72463E-5 1.59266E-5 2.82368E-5 2.15782E-5 1.56798E-5 1.80091E-5 2.07737E-5 1.45896E-5 1.45248E-5 2.0201E-5 2.16718E-5 1.47279E-5 1.83473E-5 1.93643E-5 1.77055E-5 1.5874E-5 2.15487E-5 2.82558E-5 1.15144E-5 1.96378E-5 3.45842E-5 2.81303E-5
-9999 -9999 -9999 -9999 -9999 -9999 -9999 -9999 -9999 -9999 2.10749E-5 3.49448E-5 4.32814E-5 6.46543E-5 4.29677E-5 5.13741E-5 4.01696E-5 5.5767E-5 2.78441E-5 2.63567E-5 3.14341E-5 2.75379E-5 4.37808E-5 1.8863E-5 1.27096E-5 1.11576E-5 1.87941E-5 4.04313E-5 2.46626E-5 2.37439E-5 1.91033E-5 1.2542E-5 3.1996E-5 1.28778E-5 1.36505E-5 1.93454E-5 1.95169E-5 2.40487E-5 3.40131E-5 1.44703E-5 1.67761E-5 2.1044E-5 1.54356E-5 1.39792E-5 1.70591E-5 2.16917E-5 1.73433E-5 1.94277E-5 2.03318E-5 1.63952E-5 1.9076E-5 2.05184E-5 1.72412E-5 1.85821E-5 2.18135E-5 1.96273E-5 1.89162E-5 1.40169E-5 1.06709E-5 9.81378E-6 1.37159E-5
-9999 -9999 -9999 -9999 -9999 -9999 -9999 -9999 -9999 -9999 -9999 2.11174E-5 4.46189E-5 3.94212E-5 5.16328E-5 4.63512E-5 3.83569E-5 5.25482E-5 4.41355E-5 2.69684E-5 3.68152E-5 1.22436E-5 1.5961E-5 1.72049E-5 1.10883E-5 2.62445E-5 2.44076E-5 2.65096E-5 3.37899E-5 1.79206E-5 2.64051E-5 2.48514E-5 2.2724E-5 2.42491E-5 1.10533E-5 1.86581E-5 2.71825E-5 2.75679E-5 3.08779E-5 2.69494E-5 1.90759E-5 2.43461E-5 2.6337E-5 1.073E-5 2.23163E-5 1.95356E-5 1.79036E-5 9.55355E-6 1.4721E-5 2.42236E-5 2.24124E-5 2.34752E-5 1.29071E-5 1.71231E-5 1.85749E-5 1.81787E-5 2.3691E-5 3.06703E-5 2.35784E-5 1.06618E-5 9.46634E-6
-9999 -9999 -9999 -9999 -9999 -9999 -9999 -9999 -9999 -9999 -9999 1.4378E-5 4.33703E-5 3.95765E-5 4.69407E-5 5.12372E-5 3.82248E-5 5.14938E-5 3.99296E-5 3.80946E-5 2.33268E-5 2.12062E-5 1.23039E-5 1.71141E-5 2.83435E-5 3.27017E-5 2.73174E-5 1.29588E-5 3.03037E-5 2.84311E-5 3.23775E-5 1.97432E-5 2.089E-5 3.0439E-5 2.41596E-5 2.0459E-5 1.90976E-5 2.14613E-5 2.94257E-5 1.90046E-5 1.90042E-5 2.67807E-5 2.32131E-5 1.83709E-5 1.79283E-5 2.26704E-5 1.94801E-5 1.90998E-5 1.84349E-5 1.57313E-5 2.21583E-5 2.24614E-5 1.76728E-5 1.8506E-5 2.43456E-5 2.19428E-5 1.65741E-5 1.98177E-5 1.5753E-5 1.54841E-5 1.8151E-5
-9999 -9999 -9999 -9999 -9999 -9999 -9999 -9999 -9999 -9999 2.25594E-5 2.25539E-5 3.63261E-5 1.00517E-4 2.79024E-5 0E0 2.09294E-5 3.55603E-5 3.50353E-5 3.62055E-5 3.12614E-5 2.77637E-5 1.64211E-5 1.51051E-5 2.6828E-5 1.8531E-5 1.53358E-5 9.98916E-6 1.83308E-5 3.09884E-5 2.20142E-5 1.99217E-5 1.75619E-5 1.84476E-5 2.89782E-5 2.15634E-5 2.9526E-5 8.33115E-6 2.96425E-5 2.48006E-5 1.6082E-5 2.02461E-5 2.37334E-5 2.55746E-5 2.4579E-5 2.18143E-5 2.15379E-5 1.83412E-5 1.28323E-5 1.26803E-5 1.41697E-5 2.55808E-5 2.84311E-5 1.73934E-5 2.25923E-5 1.75098E-5 1.30439E-5 1.62546E-5 1.42243E-5 1.36367E-5 2.021E-5
-9999 -9999 -9999 -9999 -9999 -9999 -9999 -9999 -9999 -9999 -9999 1.68066E-5 0E0 0E0 3.66361E-5 4.59089E-5 2.49617E-5 3.07632E-5 3.7852E-5 3.52363E-5 3.8528E-5 2.78256E-5 1.71756E-5 9.51389E-6 3.17158E-5 1.43379E-5 -9999 1.65275E-5 2.40332E-5 2.43597E-5 1.52376E-5 2.754E-5 3.24552E-5 2.59101E-5 1.76054E-5 3.02609E-5 3.20068E-5 2.29652E-5 1.75822E-5 2.72085E-5 1.45842E-5 1.90242E-5 2.02768E-5 2.40189E-5 2.43358E-5 1.84662E-5 2.04407E-5 1.43985E-5 1.58623E-5 1.45016E-5 1.49192E-5 3.74859E-5 2.49039E-5 1.53411E-5 1.69947E-5 2.25182E-5 1.50078E-5 1.90233E-5 1.54903E-5 1.28836E-5 1.67212E-5
-9999 -9999 -9999 -9999 -9999 -9999 -9999 -9999 -9999 -9999 -9999 8.07595E-6 6.17426E-5 3.54876E-5 2.58558E-5 1.76593E-5 1.81837E-5 2.53777E-5 2.83192E-5 3.43841E-5 3.07183E-5 4.16061E-5 2.77342E-5 9.04023E-6 1.36955E-5 -9999 2.40548E-5 2.92337E-5 4.30186E-5 2.54354E-5 3.34426E-5 2.98949E-5 3.10518E-5 3.34706E-5 2.62154E-5 2.87863E-5 3.10448E-5 1.10434E-5 2.47382E-5 2.30788E-5 2.52843E-5 1.90823E-5 2.1632E-5 1.62219E-5 1.80527E-5 1.67639E-5 1.3591E-5 1.87715E-5 1.14252E-5 1.34554E-5 1.45209E-5 2.4232E-5 2.33565E-5 1.63379E-5 1.36924E-5 1.37467E-5 2.04739E-5 2.20143E-5 1.67872E-5 1.63419E-5 1.73303E-5
-9999 -9999 -9999 -9999 -9999 -9999 -9999 -9999 -9999 -9999 -9999 1.17194E-5 6.70497E-5 0E0 0E0 4.79428E-5 2.12955E-5 -9999 3.74535E-5 4.10148E-5 -9999 4.07364E-5 4.68109E-5 2.42758E-5 1.54274E-5 -9999 1.52373E-5 1.97498E-5 3.49427E-5 3.00398E-5 2.3076E-5 4.66042E-5 2.67667E-5 2.80683E-5 1.10293E-5 3.52198E-5 2.99761E-5 3.12535E-5 2.40827E-5 2.8987E-5 2.68217E-5 2.39654E-5 1.91245E-5 1.91305E-5 1.9119E-5 2.3251E-5 1.85947E-5 2.56938E-5 1.16743E-5 9.31703E-6 1.0311E-5 1.72991E-5 2.28422E-5 1.92813E-5 1.62594E-5 1.45733E-5 1.59685E-5 1.89879E-5 1.71591E-5 1.80945E-5 1.66328E-5
-9999 -9999 -9999 -9999 -9999 -9999 -9999 -9999 -9999 -9999 -9999 1.31658E-5 0E0 0E0 0E0 5.13808E-5 3.65345E-5 -9999 2.99125E-5 1.9613E-5 3.56028E-5 2.56066E-5 3.73145E-5 4.6884E-5 -9999 -9999 2.26951E-5 2.95768E-5 2.58746E-5 4.21647E-5 2.24946E-5 1.97127E-5 1.48096E-5 2.44235E-5 1.68756E-5 3.51825E-5 2.35679E-5 2.29775E-5 2.49222E-5 3.5459E-5 2.76138E-5 2.30743E-5 2.30484E-5 1.77848E-5 2.3677E-5 2.01121E-5 2.42399E-5 1.72586E-5 1.57719E-5 2.00142E-5 2.39535E-5 2.21529E-5 2.03225E-5 2.64318E-5 1.68336E-5 1.60893E-5 1.82257E-5 2.25283E-5 1.94305E-5 1.85124E-5 1.57633E-5
-9999 -9999 -9999 -9999 -9999 -9999 -9999 -9999 -9999 -9999 -9999 -9999 3.12325E-5 5.22375E-5 5.5603E-5 5.58817E-5 3.56654E-5 -9999 -9999 -9999 9.9956E-6 -9999 3.13827E-5 2.13395E-5 -9999 2.1998E-5 2.98998E-5 3.63651E-5 3.27515E-5 4.64651E-5 4.04001E-5 1.51087E-5 1.82621E-5 1.84591E-5 2.95744E-5 3.43434E-5 2.54305E-5 3.42097E-5 2.93217E-5 1.80177E-5 1.5521E-5 2.38197E-5 1.42381E-5 2.18129E-5 2.06224E-5 1.81635E-5 3.3597E-5 5.54527E-5 2.66737E-5 2.07183E-5 1.55874E-5 1.60379E-5 1.75171E-5 2.51688E-5 2.66398E-5 1.46659E-5 1.80798E-5 1.79882E-5 1.80023E-5 1.76404E-5 1.8168E-5
-9999 -9999 -9999 -9999 -9999 -9999 -9999 -9999 -9999 -9999 -9999 -9999 1.25625E-5 2.26764E-5 5.12029E-5 4.13771E-5 -9999 1.66947E-5 -9999 -9999 2.88456E-5 1.36942E-5 2.31736E-5 8.94992E-6 -9999 1.31532E-5 1.32209E-5 2.83016E-5 4.15664E-5 3.86471E-5 2.85469E-5 1.83564E-5 3.38575E-5 3.86861E-5 2.89322E-5 1.95817E-5 2.18257E-5 2.67469E-5 3.73177E-5 1.72009E-5 1.02464E-5 2.24692E-5 1.7217E-5 2.29971E-5 1.94655E-5 2.30812E-5 3.1406E-5 8.57575E-5 1.26654E-4 4.24845E-5 2.15818E-5 2.05566E-5 2.37246E-5 1.91423E-5 1.60302E-5 2.39484E-5 1.92154E-5 1.71811E-5 1.82413E-5 1.94449E-5 1.85485E-5
-9999 -9999 -9999 -9999 -9999 -9999 -9999 -9999 -9999 -9999 -9999 -9999 -9999 1.13022E-5 3.65167E-5 2.24184E-5 1.90854E-5 1.18889E-5 -9999 1.52844E-5 1.57845E-5 1.25997E-5 8.70178E-6 1.54303E-5 -9999 1.13897E-5 1.57084E-5 2.72832E-5 3.64082E-5 4.10509E-5 3.50888E-5 2.10326E-5 2.85914E-5 1.88168E-5 2.06876E-5 1.8654E-5 2.61E-5 3.89195E-5 2.27459E-5 3.01716E-5 2.73948E-5 2.88024E-5 2.87158E-5 2.43951E-5 2.45211E-5 2.09699E-5 3.41251E-5 1.26455E-4 1.11668E-4 3.77083E-5 2.45064E-5 1.40605E-5 2.5208E-5 2.37997E-5 2.7765E-5 1.78494E-5 1.97648E-5 1.90631E-5 2.09237E-5 2.03499E-5 1.81796E-5
-9999 -9999 -9999 -9999 -9999 -9999 -9999 -9999 -9999 -9999 -9999 -9999 -9999 4.09928E-6 1.50784E-5 2.18851E-5 1.40271E-5 1.23876E-5 -9999 3.28824E-5 1.4961E-5 1.61137E-5 2.02625E-5 -9999 2.81399E-5 9.0416E-6 1.02355E-5 2.04772E-5 3.77918E-5 4.25166E-5 3.7608E-5 3.10746E-5 1.29726E-5 2.90595E-5 1.42993E-5 2.17333E-5 2.57333E-5 2.25698E-5 3.47703E-5 3.55121E-5 2.71224E-5 3.68147E-5 2.96362E-5 2.34118E-5 2.48727E-5 2.0577E-5 3.46224E-5 3.30773E-5 2.72349E-5 2.46963E-5 3.2407E-5 5.07402E-5 2.03408E-5 1.3885E-5 2.07647E-5 1.96948E-5 1.86644E-5 2.00421E-5 2.34294E-5 2.2141E-5 1.87715E-5
-9999 -9999 -9999 -9999 -9999 -9999 -9999 -9999 -9999 -9999 -9999 -9999 -9999 4.82192E-6 -9999 -9999 1.27019E-5 -9999 -9999 3.10312E-5 1.74971E-5 2.20122E-5 1.68773E-5 -9999 -9999 1.10994E-5 1.46353E-5 2.94755E-5 4.27579E-5 4.64786E-5 4.24272E-5 4.66266E-5 3.38265E-5 2.62679E-5 1.53311E-5 2.71034E-5 1.75717E-5 2.37553E-5 2.61502E-5 2.41171E-5 1.89886E-5 2.96219E-5 2.49654E-5 2.45802E-5 1.36501E-5 2.64897E-5 2.66893E-5 2.4911E-5 2.32815E-5 2.17314E-5 2.31577E-5 3.46106E-5 2.76358E-5 3.04865E-5 2.72633E-5 1.75159E-5 2.22828E-5 1.9029E-5 2.23367E-5 2.38841E-5 2.06513E-5
-9999 -9999 -9999 -9999 -9999 -9999 -9999 -9999 -9999 -9999 -9999 -9999 -9999 -9999 -9999 -9999 1.42982E-5 -9999 -9999 3.08096E-5 -9999 2.17379E-5 1.46601E-5 -9999 1.13862E-5 2.08043E-5 1.98772E-5 1.39466E-5 2.67955E-5 4.49228E-5 3.6314E-5 2.62652E-5 3.89743E-5 1.5323E-5 1.78315E-5 1.99919E-5 1.62253E-5 1.3348E-5 2.40592E-5 2.65833E-5 2.42286E-5 2.92415E-5 2.91188E-5 2.82785E-5 3.08945E-5 2.43916E-5 2.46129E-5 2.22081E-5 3.05476E-5 2.66722E-5 2.65963E-5 2.99203E-5 1.8432E-5 1.47633E-5 1.92278E-5 1.48674E-5 2.48372E-5 2.47225E-5 2.50482E-5 2.77337E-5 2.5087E-5
-9999 -9999 -9999 -9999 -9999 -9999 -9999 -9999 -9999 -9999 -9999 -9999 -9999 0E0 -9999 8.34169E-6 -9999 -9999 -9999 3.89108E-5 -9999 2.2315E-5 -9999 -9999 1.56538E-5 1.86445E-5 4.21233E-5 3.9372E-5 3.72993E-5 4.73493E-5 2.8734E-5 2.11336E-5 4.34938E-5 1.3509E-5 1.36449E-5 1.059E-5 2.8557E-5 2.109E-5 1.67026E-5 2.64675E-5 3.27689E-5 3.09209E-5 2.88958E-5 2.80681E-5 2.90841E-5 2.22506E-5 2.64587E-5 2.3536E-5 3.09592E-5 3.29918E-5 3.80746E-5 3.82939E-5 3.58073E-5 2.69602E-5 1.40168E-5 1.42294E-5 2.51725E-5 1.76179E-5 2.98574E-5 2.71002E-5 2.29778E-5
-9999 -9999 -9999 -9999 -9999 -9999 -9999 -9999 -9999 -9999 -9999 -9999 2.24834E-5 1.05591E-5 7.41817E-6 1.17238E-5 6.82456E-6 8.47134E-6 -9999 -9999 1.2413E-5 1.32647E-5 -9999 -9999 1.25495E-5 2.37914E-5 3.21887E-5 3.42591E-5 3.67423E-5 4.26664E-5 4.0108E-5 3.01533E-5 2.91043E-5 1.54831E-5 1.3216E-5 7.6746E-6 7.07955E-6 2.8577E-5 2.44682E-5 2.10842E-5 2.61937E-5 3.26433E-5 2.76214E-5 2.83131E-5 3.54798E-5 2.5717E-5 3.05033E-5 2.49913E-5 2.72884E-5 3.74979E-5 3.75754E-5 2.88386E-5 2.90525E-5 2.25464E-5 2.98033E-5 2.33522E-5 1.89434E-5 1.6863E-5 2.24845E-5 2.15951E-5 2.62574E-5
-9999 -9999 -9999 -9999 -9999 -9999 -9999 -9999 -9999 -9999 -9999 -9999 1.89196E-5 6.41629E-6 1.10069E-5 1.49285E-5 8.73026E-6 1.06276E-5 1.25794E-5 -9999 -9999 -9999 -9999 -9999 -9999 1.16328E-5 3.19454E-5 2.99383E-5 2.40203E-5 2.92473E-5 2.35876E-5 4.70908E-5 1.23823E-5 1.58349E-5 1.4711E-5 7.10527E-6 1.1495E-5 1.20319E-5 2.32684E-5 1.94267E-5 2.57492E-5 3.10355E-5 2.3357E-5 3.04231E-5 2.48642E-5 3.20097E-5 2.99999E-5 2.40051E-5 3.69635E-5 4.43524E-5 2.47079E-5 3.20986E-5 3.79962E-5 1.62934E-5 1.74291E-5 2.10385E-5 1.7682E-5 1.66698E-5 2.52116E-5 2.24083E-5 2.06773E-5
-9999 -9999 -9999 -9999 -9999 -9999 -9999 -9999 -9999 -9999 -9999 -9999 -9999 9.54458E-6 1.35965E-5 9.79932E-6 1.02026E-5 -9999 1.41958E-5 -9999 -9999 -9999 1.10842E-5 -9999 8.65823E-6 1.0392E-5 2.58167E-5 2.72676E-5 -9999 9.65673E-6 1.3418E-5 2.309E-5 1.38237E-5 1.80431E-5 2.60098E-5 1.57681E-5 1.87489E-5 1.55611E-5 1.56776E-5 1.80591E-5 2.53405E-5 2.61693E-5 2.89923E-5 3.00138E-5 2.82746E-5 3.28511E-5 3.17059E-5 4.02692E-5 4.08055E-5 3.81013E-5 3.61904E-5 3.52457E-5 2.28184E-5 8.79635E-6 1.82085E-5 3.26434E-5 1.8368E-5 1.87173E-5 1.98641E-5 2.95009E-5 2.84548E-5
-9999 -9999 -9999 -9999 -9999 -9999 -9999 -9999 -9999 -9999 -9999 -9999 -9999 6.88739E-6 8.53742E-6 1.57019E-5 9.48421E-6 6.86502E-6 7.81536E-6 1.056E-5 -9999 -9999 1.43244E-5 -9999 1.85554E-5 1.57982E-5 1.51352E-5 -9999 1.66927E-5 2.35254E-5 2.21509E-5 1.07546E-5 4.66449E-5 2.71437E-5 1.23854E-5 7.80079E-6 8.96222E-6 1.85503E-5 1.59461E-5 1.64459E-5 2.72498E-5 2.03012E-5 2.49098E-5 3.19824E-5 3.83525E-5 3.39463E-5 4.31113E-5 4.28967E-5 4.35373E-5 3.92185E-5 3.36811E-5 3.54811E-5 2.10384E-5 2.42104E-5 3.0129E-5 1.94868E-5 1.79959E-5 2.14043E-5 2.3202E-5 2.39427E-5 3.02549E-5
-9999 -9999 -9999 -9999 -9999 -9999 -9999 -9999 -9999 -9999 -9999 -9999 3.14361E-5 9.41377E-6 8.614E-6 1.36244E-5 1.15651E-5 -9999 7.82029E-6 1.45681E-5 6.73255E-6 -9999 6.0155E-6 5.35963E-6 -9999 -9999 -9999 1.31739E-5 1.28752E-5 3.8556E-5 3.22583E-5 4.15833E-5 2.55549E-5 1.07931E-5 1.65599E-5 2.07816E-5 1.64473E-5 2.10472E-5 1.30816E-5 1.15805E-5 1.39193E-5 2.48681E-5 2.63543E-5 2.643E-5 3.83003E-5 3.94777E-5 4.1856E-5 3.49975E-5 2.94932E-5 3.2559E-5 2.32319E-5 2.81967E-5 2.91655E-5 1.61282E-5 2.39174E-5 1.33999E-5 2.17145E-5 1.40841E-5 2.54123E-5 3.3621E-5 2.88551E-5
-9999 -9999 -9999 -9999 -9999 -9999 -9999 -9999 -9999 -9999 -9999 -9999 -9999 5.0192E-6 8.85689E-6 -9999 6.44754E-6 -9999 7.60867E-6 -9999 -9999 -9999 6.16514E-6 1.15029E-5 -9999 -9999 1.02228E-5 2.08804E-5 1.36325E-5 1.45529E-5 1.89865E-5 6.51401E-5 2.0185E-5 3.92134E-5 3.84562E-5 1.84679E-5 1.09515E-5 1.93328E-5 1.20119E-5 3.51798E-5 2.8654E-5 2.62392E-5 3.04169E-5 2.54885E-5 2.82277E-5 4.39808E-5 3.26016E-5 3.16233E-5 2.92482E-5 3.8628E-5 3.32652E-5 2.18774E-5 2.18201E-5 1.41266E-5 2.90742E-5 1.11094E-5 1.01187E-5 2.28649E-5 2.36503E-5 3.79294E-5 2.71359E-5
-9999 -9999 -9999 -9999 -9999 -9999 -9999 -9999 -9999 -9999 -9999 -9999 -9999 4.77955E-6 9.29511E-6 -9999 5.82545E-6 6.44371E-6 -9999 -9999 -9999 1.4279E-5 9.16821E-6 7.56401E-6 -9999 -9999 1.12108E-5 1.93387E-5 8.25792E-6 1.70151E-5 1.71566E-5 1.86915E-5 3.27392E-5 1.68005E-5 3.94842E-5 4.16004E-5 1.51063E-5 1.59534E-5 3.20439E-5 4.30389E-5 2.80245E-5 2.95061E-5 4.13955E-5 2.64E-5 2.66389E-5 3.47999E-5 3.10524E-5 2.89737E-5 2.79172E-5 2.04543E-5 2.80992E-5 3.75852E-5 2.84164E-5 1.21931E-5 1.8645E-5 1.67385E-5 1.4822E-5 1.93751E-5 2.22142E-5 3.12566E-5 1.95256E-5
-9999 -9999 -9999 -9999 -9999 -9999 -9999 -9999 -9999 -9999 -9999 -9999 -9999 6.13264E-6 9.82412E-6 -9999 1.01497E-5 5.9657E-6 7.90713E-6 -9999 -9999 1.09119E-5 4.83648E-6 1.05402E-5 -9999 -9999 -9999 1.26286E-5 2.3526E-5 1.84215E-5 1.6413E-5 1.35324E-5 1.34698E-5 1.56524E-5 2.46522E-5 3.65595E-5 1.59118E-5 3.26105E-5 2.47071E-5 2.72016E-5 3.03489E-5 3.82671E-5 4.75784E-5 3.27517E-5 2.72083E-5 3.31247E-5 2.88336E-5 3.11764E-5 2.81082E-5 1.78062E-5 2.30805E-5 1.79188E-5 1.92152E-5 1.53568E-5 2.85328E-5 1.70695E-5 2.13855E-5 1.19657E-5 2.30981E-5 1.73791E-5 2.72747E-5
-9999 -9999 -9999 -9999 -9999 -9999 -9999 -9999 -9999 -9999 -9999 -9999 -9999 1.31677E-5 -9999 7.00741E-6 -9999 9.54454E-6 9.53282E-6 -9999 1.31315E-5 4.50418E-6 7.52791E-6 6.89071E-6 1.42505E-5 -9999 1.03571E-5 1.13549E-5 1.7946E-5 2.85805E-5 3.12371E-5 5.21168E-5 2.23303E-5 1.85258E-5 2.56261E-5 3.45402E-5 1.71197E-5 1.10663E-5 1.27029E-5 2.80914E-5 3.79193E-5 3.74885E-5 4.54431E-5 4.25074E-5 3.33518E-5 2.30642E-5 3.79528E-5 4.76354E-5 3.04556E-5 2.91001E-5 2.04261E-5 3.27273E-5 2.68492E-5 2.86816E-5 3.01461E-5 1.68492E-5 1.47039E-5 2.18423E-5 1.75156E-5 1.68254E-5 9.00649E-6
