Candidate_Models_July82022/M_6_F_lqp_Set_1_all/Bison.asc
ncols         290
nrows         380
xllcorner     -2197417.7431653
yllcorner     -584827.01486885
cellsize      10000.0
NODATA_value  -9999
[rows 189 to 215 of 380, columns 61 to 121 of 290]
2.97393E-5 5.06192E-5 4.96038E-5 4.06392E-5 5.03826E-5 4.40234E-5 4.89057E-5 4.18668E-5 4.45543E-5 4.3208E-5 4.02233E-5 4.20695E-5 4.62243E-5 4.37885E-5 3.59116E-5 3.30179E-5 1.29665E-5 1.25232E-5 3.08773E-5 2.72858E-5 2.56462E-5 1.93879E-5 3.51671E-5 6.54334E-5 3.42508E-5 2.74943E-5 3.54223E-5 2.9263E-5 4.56366E-5 4.08767E-5 5.0109E-5 4.75804E-5 1.39674E-4 1.03527E-4 1.36509E-4 7.1369E-5 1.83905E-4 2.48293E-4 1.26337E-4 2.11033E-4 2.59845E-4 2.44573E-4 2.43234E-4 2.76113E-4 2.67006E-4 2.57008E-4 1.81111E-4 2.47865E-4 2.05178E-4 2.01066E-4 1.73583E-4 1.74106E-4 2.35102E-4 7.92378E-5 5.94486E-5 6.65339E-5 6.41081E-5 7.234E-5 7.38213E-5 6.10967E-5 6.34878E-5
3.31106E-5 5.04984E-5 5.55246E-5 4.54656E-5 4.5359E-5 4.75923E-5 5.00806E-5 4.34243E-5 4.7003E-5 5.14375E-5 4.68825E-5 4.18964E-5 5.39481E-5 4.08401E-5 4.88767E-5 2.83491E-5 2.10114E-5 2.43789E-5 2.8299E-5 2.88238E-5 2.62506E-5 2.11585E-5 1.6459E-5 3.15196E-5 3.61006E-5 4.21387E-5 2.90696E-5 5.79121E-5 4.20852E-5 4.60134E-5 5.49241E-5 4.61326E-5 6.52263E-5 1.31286E-4 2.61473E-4 2.60573E-4 2.14532E-4 2.01587E-4 2.52802E-4 1.04505E-4 6.19642E-5 1.1636E-4 1.24759E-4 2.42813E-4 1.75475E-4 2.42334E-4 1.75907E-4 1.61401E-4 7.04816E-5 2.54233E-4 1.67355E-4 1.66359E-4 2.27221E-4 7.89858E-5 6.38932E-5 7.95182E-5 7.98583E-5 7.45276E-5 7.30661E-5 8.08135E-5 8.05263E-5
3.31654E-5 5.50772E-5 3.57046E-5 4.13783E-5 3.20772E-5 5.29433E-5 5.25315E-5 5.58619E-5 4.93606E-5 4.86314E-5 4.73776E-5 4.59038E-5 5.61896E-5 2.82167E-5 3.84045E-5 3.4568E-5 4.66178E-5 2.68114E-5 1.66305E-5 1.2574E-5 2.43927E-5 2.72373E-5 5.17511E-5 4.13732E-5 3.07603E-5 3.61632E-5 4.44695E-5 5.54021E-5 4.29358E-5 4.86305E-5 5.90788E-5 5.9364E-5 6.6867E-5 2.37469E-4 2.49883E-4 2.08087E-4 2.13921E-4 2.48763E-4 1.94785E-4 2.28157E-4 2.67408E-4 2.55743E-4 2.08744E-4 2.6096E-4 1.98588E-4 2.0783E-4 1.17594E-4 3.72765E-5 5.5017E-5 1.44513E-4 1.90657E-4 1.9335E-4 2.10323E-4 1.15188E-4 7.27717E-5 8.28709E-5 2.09531E-4 1.0357E-4 9.3675E-5 8.04956E-5 9.07092E-5
2.71776E-5 4.49201E-5 3.75922E-5 6.33524E-5 5.35183E-5 5.31861E-5 4.78434E-5 5.18321E-5 5.10711E-5 5.29613E-5 4.74137E-5 6.13115E-5 7.07267E-5 4.05501E-5 4.80927E-5 3.77877E-5 3.84671E-5 2.72193E-5 2.3109E-5 2.22118E-5 3.30302E-5 3.19748E-5 2.91695E-5 3.12074E-5 2.69504E-5 3.95706E-5 5.5711E-5 3.97399E-5 5.62602E-5 5.12492E-5 5.55232E-5 6.40954E-5 7.14826E-5 1.25433E-4 1.71067E-4 2.60381E-4 2.54903E-4 2.60788E-4 2.28489E-4 1.97556E-4 1.98177E-4 2.009E-4 1.75392E-4 2.49641E-4 1.18166E-4 2.57471E-4 2.1352E-4 5.92533E-5 2.51478E-4 2.37876E-4 2.16452E-4 2.18978E-4 2.35913E-4 1.83592E-4 1.37023E-4 2.53022E-4 2.62262E-4 1.13328E-4 1.21814E-4 1.42824E-4 9.46103E-5
4.15843E-5 3.82983E-5 5.41279E-5 6.82194E-5 5.30425E-5 4.66482E-5 5.78621E-5 5.68946E-5 5.69665E-5 8.01329E-5 5.64422E-5 6.14062E-5 5.3597E-5 4.67523E-5 5.37779E-5 4.54288E-5 7.03616E-5 3.79402E-5 3.47154E-5 1.20045E-5 1.74623E-5 2.91202E-5 4.12655E-5 3.33241E-5 2.07953E-5 4.59442E-5 3.95805E-5 4.02322E-5 4.86228E-5 5.70716E-5 6.30163E-5 5.62095E-5 6.53017E-5 2.32907E-4 2.61156E-4 2.1283E-4 2.0015E-4 2.544E-4 2.48166E-4 2.31806E-4 2.22627E-4 1.8285E-4 2.13815E-4 1.91029E-4 2.60712E-4 2.51819E-4 6.62017E-5 6.45937E-5 1.19564E-4 1.878E-4 2.35825E-4 2.14916E-4 2.5694E-4 2.17089E-4 1.05947E-4 1.85819E-4 2.5891E-4 1.26832E-4 7.36011E-5 6.28315E-5 6.80919E-5
3.45062E-5 5.90088E-5 5.84394E-5 5.57173E-5 7.61224E-5 5.05817E-5 5.15439E-5 5.17137E-5 5.57736E-5 6.47175E-5 5.99942E-5 5.75618E-5 4.76824E-5 4.50918E-5 3.58875E-5 3.90329E-5 3.57239E-5 7.01561E-5 2.96807E-5 1.72504E-5 3.61709E-5 6.67789E-5 2.61218E-5 2.64601E-5 2.73329E-5 4.51103E-5 3.67085E-5 5.32265E-5 5.29292E-5 5.00028E-5 5.34149E-5 6.6336E-5 6.98864E-5 2.23351E-4 2.75309E-4 2.55573E-4 2.49637E-4 2.53735E-4 2.51354E-4 2.59771E-4 2.7047E-4 2.56728E-4 2.29565E-4 2.08199E-4 2.22676E-4 1.96437E-4 6.50566E-5 6.1245E-5 9.15028E-5 2.28973E-4 2.7402E-4 2.50237E-4 1.65532E-4 2.14866E-4 2.57277E-4 2.52471E-4 2.64366E-4 8.7254E-5 5.75355E-5 6.46768E-5 7.87379E-5
5.55018E-5 8.36189E-5 1.04303E-4 6.51948E-5 3.85478E-5 5.5824E-5 5.35121E-5 4.91325E-5 5.75372E-5 5.96558E-5 6.79186E-5 5.33985E-5 4.19819E-5 5.17713E-5 4.56108E-5 4.44673E-5 5.125E-5 6.00869E-5 2.65654E-5 3.24325E-5 2.37501E-5 3.27036E-5 4.06124E-5 3.06011E-5 4.13974E-5 2.50993E-5 3.58738E-5 5.26555E-5 5.54332E-5 5.14953E-5 5.95922E-5 6.85226E-5 7.9632E-5 7.60685E-5 8.31078E-5 6.0464E-5 8.44484E-5 1.34942E-4 2.15189E-4 1.07829E-4 4.56281E-5 4.64842E-5 5.30269E-5 8.87056E-5 2.44755E-4 2.59595E-4 6.66273E-5 6.50543E-5 8.05071E-5 2.51565E-4 2.50231E-4 1.23252E-4 2.02048E-4 2.62565E-4 2.46494E-4 2.33846E-4 1.24189E-4 8.14154E-5 6.91837E-5 6.81649E-5 7.04775E-5
7.35233E-5 1.37005E-4 1.73169E-4 2.17516E-4 7.77044E-5 5.62833E-5 6.90787E-5 6.59159E-5 4.93797E-5 5.47861E-5 6.59901E-5 5.63202E-5 6.98911E-5 5.23402E-5 5.06191E-5 4.09594E-5 5.64363E-5 3.42906E-5 2.33615E-5 3.27665E-5 2.29754E-5 2.82223E-5 4.73444E-5 4.8558E-5 3.82267E-5 4.26518E-5 3.8637E-5 3.55113E-5 4.0736E-5 3.72494E-5 6.14947E-5 6.43737E-5 4.67463E-5 8.14076E-5 4.98734E-5 6.58415E-5 7.18461E-5 8.51692E-5 1.34972E-4 7.3033E-5 5.64667E-5 5.00741E-5 5.08991E-5 6.00271E-5 1.05609E-4 2.6008E-4 2.32249E-4 8.37689E-5 1.37134E-4 2.35135E-4 1.80309E-4 2.64334E-4 1.2337E-4 1.3796E-4 1.31028E-4 1.14962E-4 6.07237E-5 8.85177E-5 9.30419E-5 8.57277E-5 8.68213E-5
6.73537E-5 9.15954E-5 1.07455E-4 1.44265E-4 1.82325E-4 1.28951E-4 6.88036E-5 5.63907E-5 5.57849E-5 4.99817E-5 5.1513E-5 5.39931E-5 4.68981E-5 5.63776E-5 4.44984E-5 3.86297E-5 5.60939E-5 4.16898E-5 2.29161E-5 2.62323E-5 2.99778E-5 1.18424E-5 2.11867E-5 6.77207E-5 2.78351E-5 3.54425E-5 3.87086E-5 3.72085E-5 3.51714E-5 4.89405E-5 2.7499E-5 4.8817E-5 7.09141E-5 6.25439E-5 6.54099E-5 6.73545E-5 5.92947E-5 6.54486E-5 6.91714E-5 5.79781E-5 5.35073E-5 5.90931E-5 6.68978E-5 6.07069E-5 6.88399E-5 7.63394E-5 6.38952E-5 9.52661E-5 2.15432E-4 2.5598E-4 1.57157E-4 2.68539E-4 9.2629E-5 9.25851E-5 2.07751E-4 9.72384E-5 5.92438E-5 5.68177E-5 5.39574E-5 5.61877E-5 1.07688E-4
4.10054E-5 5.42254E-5 5.8452E-5 7.36616E-5 9.98675E-5 8.3347E-5 6.37903E-5 5.99112E-5 5.49231E-5 5.61307E-5 9.14991E-5 7.00518E-5 7.51244E-5 8.42641E-5 5.89804E-5 3.63681E-5 5.4293E-5 4.66409E-5 3.06591E-5 1.88942E-5 2.36288E-5 2.80599E-5 2.07944E-5 4.01087E-5 5.86434E-5 3.26368E-5 2.42531E-5 3.31384E-5 3.53269E-5 3.29143E-5 5.3174E-5 4.09927E-5 5.24828E-5 5.02854E-5 6.1868E-5 5.39503E-5 5.51962E-5 6.74586E-5 5.33461E-5 6.74221E-5 5.39589E-5 6.22006E-5 6.40799E-5 5.38927E-5 6.21755E-5 5.73518E-5 6.28013E-5 2.19535E-4 2.66851E-4 2.12498E-4 1.5872E-4 2.1356E-4 8.99798E-5 6.00892E-5 5.89344E-5 6.11815E-5 5.91094E-5 6.26362E-5 5.45736E-5 5.66107E-5 5.53806E-5
4.39145E-5 4.64171E-5 4.75483E-5 3.58691E-5 9.31867E-5 8.70294E-5 6.8126E-5 4.98774E-5 4.3815E-5 7.96906E-5 9.26491E-5 1.25358E-4 7.58151E-5 5.83362E-5 5.19875E-5 5.31963E-5 8.86052E-5 8.83505E-5 6.56193E-5 2.05933E-5 4.92943E-5 4.86231E-5 3.9036E-5 4.29044E-5 2.33691E-5 2.43438E-5 3.23736E-5 4.51151E-5 3.76418E-5 2.94108E-5 4.19764E-5 4.18913E-5 4.55844E-5 4.67325E-5 5.72368E-5 6.39695E-5 6.99519E-5 8.32227E-5 6.26116E-5 6.26267E-5 4.36448E-5 7.03902E-5 5.8471E-5 5.93973E-5 5.51495E-5 5.18669E-5 6.49413E-5 1.72608E-4 2.72627E-4 1.63537E-4 2.13812E-4 1.57516E-4 6.3206E-5 5.65575E-5 5.86045E-5 5.67012E-5 6.74462E-5 6.17327E-5 6.68912E-5 6.89952E-5 6.72596E-5
5.57891E-5 4.63338E-5 6.94049E-5 5.33134E-5 6.39569E-5 6.18608E-5 5.63882E-5 5.61175E-5 6.28076E-5 8.39568E-5 7.52843E-5 9.76354E-5 8.52315E-5 7.11948E-5 5.61439E-5 6.37513E-5 7.63731E-5 6.99472E-5 6.48092E-5 3.14344E-5 3.30343E-5 4.08371E-5 3.48647E-5 3.598E-5 2.59405E-5 4.05447E-5 2.53366E-5 2.82701E-5 4.27769E-5 5.12383E-5 4.11025E-5 3.33547E-5 4.53004E-5 3.42111E-5 5.0899E-5 6.1357E-5 6.78275E-5 5.2702E-5 4.47654E-5 5.97382E-5 4.28632E-5 6.07462E-5 5.45797E-5 5.48881E-5 5.49315E-5 6.08407E-5 6.12581E-5 1.66177E-4 2.09713E-4 1.73515E-4 5.98573E-5 6.30027E-5 5.64058E-5 5.90331E-5 5.88638E-5 5.67989E-5 5.98027E-5 5.15126E-5 5.1075E-5 5.3456E-5 6.2967E-5
8.29486E-5 1.085E-4 6.39492E-5 6.72674E-5 9.5884E-5 6.46227E-5 5.38487E-5 5.26785E-5 8.49105E-5 8.35199E-5 1.07781E-4 1.36867E-4 8.5452E-5 4.30609E-5 6.17653E-5 7.50109E-5 6.44753E-5 7.41166E-5 6.99645E-5 1.4271E-5 3.36738E-5 3.1476E-5 4.09148E-5 2.10732E-5 2.28961E-5 3.71098E-5 5.76048E-5 3.49372E-5 2.4758E-5 2.72083E-5 2.70639E-5 2.63286E-5 4.21428E-5 4.26033E-5 6.86134E-5 6.29553E-5 4.05353E-5 6.70673E-5 7.30051E-5 6.94541E-5 4.5536E-5 5.00622E-5 4.91313E-5 5.69299E-5 5.32524E-5 5.86365E-5 5.8857E-5 6.44399E-5 9.77376E-5 1.51176E-4 6.45387E-5 6.1176E-5 6.59267E-5 5.97934E-5 6.4339E-5 6.44449E-5 5.88462E-5 5.43331E-5 5.71311E-5 4.82818E-5 6.21664E-5
6.77674E-5 5.50164E-5 1.65695E-4 1.78855E-4 6.23273E-5 7.2527E-5 5.91406E-5 8.04287E-5 4.82007E-5 6.66344E-5 6.73868E-5 9.97395E-5 5.83502E-5 4.50158E-5 5.49159E-5 6.41415E-5 4.55584E-5 4.58598E-5 3.94906E-5 3.81899E-5 2.81035E-5 2.56125E-5 4.59598E-5 4.95086E-5 3.43374E-5 3.05629E-5 3.60113E-5 3.04558E-5 3.07273E-5 2.81364E-5 1.76089E-5 4.27584E-5 3.63517E-5 4.88777E-5 4.79774E-5 5.43052E-5 8.98424E-5 8.64155E-5 1.13221E-4 4.76391E-5 4.07015E-5 4.92379E-5 5.60522E-5 5.6916E-5 5.51329E-5 8.32004E-5 5.63749E-5 5.2023E-5 6.86062E-5 1.37661E-4 6.33831E-5 6.13163E-5 6.13413E-5 6.26138E-5 5.44646E-5 9.43168E-5 5.48193E-5 7.61371E-5 6.70561E-5 8.16603E-5 7.79115E-5
5.32571E-5 6.17299E-5 6.89465E-5 6.2328E-5 4.38489E-5 5.69615E-5 6.29542E-5 7.39223E-5 5.3166E-5 6.34245E-5 6.57301E-5 7.19756E-5 4.42311E-5 4.38901E-5 4.57372E-5 2.15758E-5 4.95772E-5 3.32907E-5 3.05338E-5 5.99106E-5 4.07771E-5 3.0238E-5 3.92516E-5 4.81185E-5 3.82355E-5 4.40414E-5 2.21373E-5 2.82474E-5 4.60495E-5 6.34131E-5 5.03779E-5 3.66542E-5 3.53996E-5 4.21993E-5 3.76992E-5 2.98875E-5 4.13995E-5 4.34082E-5 6.12339E-5 3.30669E-5 4.53046E-5 5.84117E-5 5.72657E-5 5.38894E-5 5.89649E-5 6.69116E-5 6.76754E-5 6.70478E-5 6.42959E-5 7.08441E-5 7.20125E-5 6.17918E-5 6.72226E-5 6.80244E-5 6.60748E-5 6.21357E-5 7.20591E-5 9.24976E-5 8.2026E-5 1.32695E-4 8.41042E-5
4.68226E-5 5.14234E-5 5.84334E-5 5.75541E-5 5.99754E-5 7.47068E-5 7.07161E-5 7.86571E-5 8.82008E-5 6.69858E-5 6.39015E-5 4.82608E-5 2.82027E-5 3.35271E-5 4.48064E-5 2.69052E-5 3.68749E-5 2.9591E-5 1.93531E-5 2.81285E-5 4.9162E-5 2.6022E-5 4.37408E-5 2.45361E-5 3.225E-5 1.53588E-5 5.73045E-5 3.27483E-5 2.8691E-5 3.89987E-5 3.38876E-5 4.01739E-5 2.76345E-5 2.60688E-5 4.89364E-5 4.17654E-5 4.46793E-5 3.61267E-5 5.1632E-5 3.99454E-5 4.95276E-5 5.135E-5 4.93156E-5 4.49367E-5 5.37635E-5 5.86572E-5 6.03956E-5 6.80842E-5 6.35205E-5 6.88126E-5 7.33009E-5 6.71327E-5 6.12866E-5 6.57244E-5 7.96586E-5 8.50399E-5 8.51258E-5 6.28117E-5 6.43099E-5 8.89819E-5 1.00643E-4
5.25151E-5 5.06744E-5 5.69436E-5 4.99932E-5 7.0939E-5 1.02105E-4 1.25966E-4 8.10762E-5 8.16763E-5 7.26465E-5 5.52597E-5 4.54613E-5 2.82613E-5 3.94619E-5 3.76108E-5 2.70938E-5 3.04573E-5 1.819E-5 2.49828E-5 2.18859E-5 2.40897E-5 5.71292E-5 6.31456E-5 1.9894E-5 1.92166E-5 2.42023E-5 1.8316E-5 2.05312E-5 4.02887E-5 5.48366E-5 2.55003E-5 4.46923E-5 4.4473E-5 4.33302E-5 3.39254E-5 3.78834E-5 3.91761E-5 3.06662E-5 3.81372E-5 5.36087E-5 5.44633E-5 8.52395E-5 4.601E-5 6.00425E-5 5.94571E-5 5.69735E-5 6.11342E-5 6.85793E-5 5.88396E-5 6.54499E-5 6.64122E-5 6.91443E-5 6.52681E-5 7.45932E-5 6.45939E-5 7.64255E-5 1.09338E-4 7.24997E-5 8.9144E-5 7.23932E-5 7.79899E-5
4.77914E-5 4.19451E-5 4.54232E-5 5.38223E-5 3.90023E-5 4.64307E-5 1.14922E-4 7.77617E-5 8.08827E-5 5.65412E-5 8.05462E-5 6.06655E-5 3.53547E-5 4.82427E-5 3.73768E-5 2.39717E-5 1.69766E-5 2.85823E-5 3.07248E-5 2.64018E-5 2.30477E-5 5.15066E-5 6.37677E-5 2.52901E-5 4.21617E-5 4.50068E-5 2.14919E-5 2.72344E-5 5.38441E-5 5.70513E-5 4.26017E-5 3.5941E-5 3.24245E-5 3.09503E-5 2.01916E-5 3.44614E-5 4.95467E-5 5.62064E-5 6.78877E-5 5.99676E-5 7.74515E-5 7.1578E-5 6.17432E-5 5.09591E-5 6.03778E-5 7.43382E-5 6.23166E-5 6.99927E-5 6.02744E-5 7.34498E-5 6.88649E-5 8.26815E-5 9.01983E-5 7.08218E-5 6.70786E-5 6.51707E-5 8.95601E-5 1.09757E-4 1.29319E-4 1.01205E-4 8.08546E-5
3.55944E-5 4.55453E-5 7.17875E-5 4.70544E-5 4.83718E-5 7.00268E-5 7.31174E-5 5.83329E-5 4.58567E-5 6.47811E-5 9.52996E-5 5.4712E-5 4.71492E-5 5.17403E-5 4.45176E-5 2.85928E-5 2.82864E-5 3.72646E-5 2.39391E-5 3.23982E-5 1.9777E-5 1.88755E-5 6.03872E-5 4.62761E-5 1.97516E-5 1.95569E-5 3.95437E-5 3.4468E-5 4.39086E-5 4.57719E-5 3.57392E-5 2.95657E-5 4.49897E-5 4.43272E-5 5.54479E-5 3.73453E-5 6.30624E-5 6.43103E-5 8.86452E-5 7.59288E-5 5.75327E-5 6.08995E-5 6.31097E-5 5.68808E-5 6.81874E-5 5.52453E-5 6.99893E-5 6.83847E-5 7.16046E-5 6.87998E-5 6.60168E-5 7.23585E-5 6.32657E-5 7.6907E-5 6.69877E-5 7.61557E-5 8.98944E-5 1.13459E-4 1.30646E-4 6.99796E-5 8.97496E-5
4.74409E-5 4.51899E-5 6.30332E-5 5.09061E-5 4.69595E-5 5.84075E-5 8.72713E-5 8.52954E-5 6.10807E-5 5.59655E-5 7.22128E-5 6.19635E-5 6.07643E-5 4.21246E-5 4.24634E-5 4.20051E-5 2.32887E-5 2.99569E-5 3.49296E-5 3.59006E-5 1.65998E-5 2.46222E-5 1.9314E-5 5.24624E-5 2.17626E-5 2.96028E-5 3.55231E-5 2.11897E-5 2.62184E-5 5.91578E-5 4.96436E-5 3.2627E-5 2.24644E-5 2.13431E-5 2.79716E-5 5.37995E-5 4.28602E-5 6.04008E-5 6.14385E-5 6.28478E-5 5.61836E-5 5.91585E-5 9.90427E-5 8.16885E-5 8.03383E-5 7.21716E-5 6.94965E-5 7.62266E-5 7.99262E-5 7.48915E-5 7.54186E-5 7.43437E-5 7.64256E-5 6.47198E-5 7.0827E-5 8.37844E-5 6.70615E-5 7.14466E-5 8.02654E-5 9.41649E-5 1.3276E-4
4.1335E-5 4.43782E-5 6.05768E-5 5.35213E-5 5.32063E-5 5.54017E-5 7.75191E-5 7.19273E-5 5.97768E-5 6.30059E-5 5.16673E-5 5.67844E-5 4.8109E-5 3.76306E-5 3.59817E-5 2.96517E-5 2.39627E-5 2.66582E-5 5.66119E-5 1.63055E-5 1.79097E-5 1.45776E-5 1.3411E-5 3.03857E-5 4.38544E-5 8.85051E-6 4.73776E-5 5.28741E-5 2.82583E-5 7.02344E-5 2.51072E-5 2.87636E-5 5.9223E-5 3.82156E-5 2.62732E-5 4.60103E-5 3.66419E-5 5.54871E-5 5.39876E-5 5.81444E-5 5.42837E-5 6.17164E-5 8.39673E-5 6.88157E-5 6.13417E-5 6.11228E-5 5.85591E-5 5.07537E-5 5.12675E-5 6.33042E-5 6.74456E-5 7.09419E-5 7.13394E-5 6.0412E-5 6.47318E-5 8.95016E-5 1.05468E-4 9.05074E-5 6.79904E-5 8.13141E-5 1.03512E-4
4.27024E-5 4.30358E-5 4.40841E-5 4.93026E-5 4.09348E-5 5.539E-5 8.64944E-5 6.84841E-5 5.39617E-5 8.57597E-5 7.59576E-5 4.31257E-5 5.53011E-5 3.38746E-5 3.41974E-5 1.8716E-5 2.5189E-5 3.17597E-5 3.88595E-5 1.61646E-5 2.13772E-5 1.05017E-5 8.89852E-6 1.52153E-5 3.84734E-5 2.46303E-5 1.64534E-5 7.08169E-5 4.24094E-5 2.55012E-5 3.00449E-5 2.62463E-5 2.75724E-5 5.06371E-5 2.88549E-5 4.07386E-5 2.93105E-5 3.94035E-5 4.6462E-5 4.90983E-5 6.30508E-5 5.69336E-5 6.05302E-5 5.05408E-5 5.62486E-5 7.53817E-5 6.97835E-5 5.01657E-5 5.47911E-5 5.78575E-5 4.98017E-5 7.90119E-5 5.90328E-5 6.70863E-5 6.17163E-5 7.18843E-5 9.70907E-5 1.21577E-4 1.94572E-4 1.43046E-4 2.26562E-4
4.52991E-5 4.59593E-5 3.68232E-5 4.85608E-5 5.63433E-5 6.11961E-5 6.73622E-5 7.66951E-5 5.10617E-5 5.73582E-5 6.00584E-5 4.94429E-5 5.59939E-5 2.99241E-5 3.02678E-5 1.98139E-5 3.30601E-5 3.07531E-5 3.237E-5 1.18848E-5 2.46187E-5 2.09139E-5 1.98174E-5 2.33809E-5 2.20451E-5 6.41776E-5 4.30709E-5 3.63485E-5 4.64592E-5 3.76388E-5 7.58475E-5 5.301E-5 3.5522E-5 5.95591E-5 3.55004E-5 5.64121E-5 5.08896E-5 4.46469E-5 3.1902E-5 5.91942E-5 7.78172E-5 5.48608E-5 5.24712E-5 1.40764E-4 6.95685E-5 6.27684E-5 4.68501E-5 5.15721E-5 6.7351E-5 8.6138E-5 5.82761E-5 7.13438E-5 5.8433E-5 6.00654E-5 9.32781E-5 5.95045E-5 6.09369E-5 5.95878E-5 2.61163E-4 2.95978E-4 2.83572E-4
4.52628E-5 3.77972E-5 5.72212E-5 4.67033E-5 5.62306E-5 7.33525E-5 6.96353E-5 5.23378E-5 5.59262E-5 8.36393E-5 4.82903E-5 4.12397E-5 6.14666E-5 5.33993E-5 4.00113E-5 2.92211E-5 2.64056E-5 2.2685E-5 2.95366E-5 2.33238E-5 2.12915E-5 3.81173E-5 1.61678E-5 2.39582E-5 1.12187E-5 3.8265E-5 4.5697E-5 3.39062E-5 3.02253E-5 4.21642E-5 4.35928E-5 3.76552E-5 2.47842E-5 5.59881E-5 6.62515E-5 6.33223E-5 7.35252E-5 3.22369E-5 4.00437E-5 4.32849E-5 8.4045E-5 7.22692E-5 5.13884E-5 6.70993E-5 7.13716E-5 6.01119E-5 5.67958E-5 5.90697E-5 7.33031E-5 5.80186E-5 6.07232E-5 8.32078E-5 8.50396E-5 1.93692E-4 2.56054E-4 9.96491E-5 7.58494E-5 2.38671E-4 2.94799E-4 2.35043E-4 2.32648E-4
6.42459E-5 5.56208E-5 6.43898E-5 4.49231E-5 5.11323E-5 6.60259E-5 8.1258E-5 6.504E-5 3.92655E-5 7.25787E-5 5.89609E-5 5.12834E-5 5.85544E-5 5.0209E-5 2.97087E-5 2.54791E-5 2.07499E-5 1.85509E-5 2.28531E-5 1.81848E-5 2.09469E-5 1.78764E-5 1.10451E-5 4.23008E-5 3.13118E-5 1.42662E-5 2.17312E-5 2.52927E-5 4.73478E-5 2.59823E-5 2.39444E-5 2.51432E-5 4.00456E-5 5.56846E-5 5.59504E-5 4.85758E-5 5.4205E-5 3.36302E-5 3.34951E-5 2.91054E-5 5.04785E-5 5.01784E-5 7.48003E-5 1.11224E-4 5.33663E-5 5.27201E-5 6.47384E-5 7.15671E-5 6.10732E-5 7.73023E-5 1.1055E-4 1.22111E-4 1.56092E-4 2.84179E-4 1.50899E-4 2.08595E-4 1.05187E-4 1.32513E-4 2.79092E-4 2.54824E-4 2.50865E-4
5.80696E-5 6.28163E-5 5.53792E-5 5.51499E-5 5.31033E-5 6.42501E-5 6.05682E-5 5.85462E-5 5.31815E-5 5.6597E-5 6.7029E-5 4.90015E-5 7.10896E-5 1.01827E-4 3.18766E-5 3.41347E-5 2.86891E-5 2.2013E-5 1.91747E-5 3.75412E-5 3.1635E-5 2.71599E-5 4.80084E-5 3.45648E-5 1.70485E-5 3.57139E-5 1.24551E-5 3.59883E-5 1.57813E-5 4.44089E-5 3.81154E-5 3.09318E-5 5.59803E-5 5.16026E-5 2.45969E-5 4.20095E-5 4.52295E-5 3.29624E-5 3.20303E-5 2.9195E-5 4.46141E-5 4.17322E-5 5.90015E-5 5.41917E-5 5.71224E-5 6.53175E-5 6.81703E-5 6.55165E-5 8.29443E-5 1.10112E-4 1.89937E-4 1.78852E-4 2.6093E-4 2.17507E-4 1.05928E-4 1.76306E-4 2.40928E-4 1.52664E-4 2.44584E-4 3.10125E-4 2.62898E-4
6.06255E-5 6.06552E-5 6.40412E-5 5.93837E-5 4.89818E-5 6.09694E-5 7.19525E-5 5.55155E-5 6.95697E-5 6.61231E-5 6.3498E-5 3.66684E-5 4.06291E-5 4.65367E-5 4.28383E-5 3.75227E-5 2.58705E-5 2.012E-5 1.96205E-5 2.93569E-5 4.42714E-5 3.04952E-5 2.6509E-5 2.70829E-5 2.59897E-5 3.03353E-5 3.78714E-5 1.66748E-5 4.39951E-5 1.57391E-5 2.94591E-5 3.02699E-5 6.20907E-5 3.88431E-5 5.00448E-5 3.36519E-5 4.82381E-5 4.40613E-5 4.48064E-5 2.46638E-5 3.92988E-5 6.07788E-5 5.62782E-5 6.374E-5 6.55568E-5 5.53394E-5 6.09204E-5 6.32828E-5 7.27252E-5 6.89429E-5 8.21245E-5 8.24644E-5 1.95018E-4 2.05738E-4 2.51949E-4 2.17676E-4 2.78264E-4 1.36261E-4 3.079E-4 3.19523E-4 2.98225E-4
