Candidate_Models_July82022/M_6_F_lqp_Set_1_all/Bison.asc
ncols         290
nrows         380
xllcorner     -2197417.7431653
yllcorner     -584827.01486885
cellsize      10000.0
NODATA_value  -9999
[rows 108 to 134 of 380, columns 183 to 243 of 290]
7.77202E-6 7.67338E-6 7.73635E-6 7.57111E-6 7.48649E-6 7.54093E-6 7.67135E-6 7.26498E-6 7.21802E-6 6.94196E-6 6.8474E-6 6.86377E-6 6.65555E-6 6.96979E-6 6.89395E-6 7.17087E-6 6.79715E-6 7.27424E-6 7.50026E-6 7.6192E-6 8.5057E-6 7.07106E-6 6.93112E-6 6.64233E-6 6.65224E-6 6.43287E-6 6.24219E-6 6.25987E-6 5.62374E-6 5.4827E-6 6.53255E-6 9.31193E-6 6.43834E-6 6.15459E-6 5.75189E-6 5.74412E-6 5.69221E-6 5.58491E-6 5.71013E-6 5.5398E-6 5.26619E-6 5.04979E-6 5.02563E-6 5.08449E-6 4.98188E-6 5.05306E-6 4.95028E-6 4.86683E-6 4.80379E-6 4.97021E-6 4.9454E-6 5.07692E-6 5.01297E-6 4.80621E-6 5.05226E-6 4.98082E-6 5.00326E-6 5.09264E-6 5.13345E-6 5.26626E-6 5.35713E-6
7.70208E-6 7.73853E-6 7.7663E-6 7.94226E-6 7.49212E-6 7.54673E-6 7.50086E-6 7.26941E-6 7.34075E-6 7.08085E-6 7.36176E-6 6.84953E-6 6.93293E-6 7.40927E-6 6.68224E-6 7.2511E-6 7.35787E-6 7.14312E-6 7.6933E-6 7.42259E-6 7.18589E-6 7.24045E-6 6.85972E-6 6.63772E-6 6.7025E-6 6.46289E-6 6.29023E-6 5.89105E-6 5.56682E-6 5.4164E-6 5.39861E-6 5.72365E-6 6.99297E-6 6.06746E-6 5.69687E-6 5.71792E-6 5.84559E-6 5.72818E-6 5.54795E-6 5.61916E-6 5.58961E-6 5.35072E-6 5.26556E-6 5.08871E-6 5.08565E-6 5.07409E-6 4.95236E-6 4.97464E-6 5.03244E-6 4.7661E-6 4.9978E-6 4.6535E-6 4.83172E-6 4.86516E-6 4.98532E-6 5.30241E-6 5.81038E-6 5.16965E-6 5.18053E-6 5.26542E-6 5.42773E-6
7.9182E-6 7.765E-6 7.77973E-6 7.97355E-6 7.80594E-6 7.5843E-6 7.40009E-6 7.39245E-6 7.60735E-6 7.54963E-6 7.37262E-6 7.30921E-6 7.24396E-6 7.27918E-6 7.35331E-6 7.20634E-6 7.2013E-6 6.78987E-6 7.51924E-6 7.18469E-6 7.28409E-6 7.07555E-6 7.01019E-6 6.6955E-6 6.48295E-6 6.45296E-6 6.15239E-6 5.98215E-6 5.46288E-6 5.60717E-6 5.47762E-6 5.99268E-6 6.5359E-6 5.88005E-6 6.02215E-6 6.04496E-6 5.78768E-6 5.8537E-6 5.81072E-6 5.68675E-6 5.61219E-6 5.49897E-6 5.35671E-6 5.28257E-6 5.32744E-6 5.40681E-6 5.20453E-6 4.94365E-6 4.97368E-6 5.03387E-6 4.89084E-6 5.04949E-6 5.03083E-6 5.05884E-6 5.24589E-6 5.38141E-6 5.03936E-6 4.94095E-6 6.19791E-6 6.05874E-6 5.65024E-6
8.05149E-6 8.22916E-6 8.25495E-6 7.80209E-6 8.02892E-6 7.96086E-6 7.46974E-6 7.55916E-6 7.63588E-6 7.51278E-6 7.2421E-6 7.36599E-6 7.32164E-6 7.29366E-6 7.54736E-6 7.40814E-6 7.67334E-6 7.1836E-6 7.33302E-6 7.19212E-6 7.11938E-6 7.28899E-6 7.04508E-6 6.98681E-6 7.49389E-6 6.46358E-6 6.01519E-6 5.83937E-6 5.74395E-6 5.58703E-6 5.60035E-6 6.38016E-6 6.23952E-6 6.47628E-6 6.35245E-6 6.42347E-6 6.11663E-6 6.0282E-6 6.06318E-6 5.65258E-6 5.8549E-6 5.44158E-6 5.65418E-6 5.42566E-6 5.56975E-6 5.42705E-6 5.42291E-6 5.09051E-6 5.37589E-6 5.17683E-6 5.07495E-6 5.18112E-6 4.98108E-6 5.1307E-6 5.04359E-6 5.49967E-6 5.20611E-6 5.34089E-6 5.47286E-6 5.39043E-6 5.7193E-6
8.01231E-6 8.26602E-6 8.10784E-6 8.13255E-6 7.8842E-6 7.98109E-6 7.76757E-6 7.80325E-6 7.73736E-6 7.57846E-6 7.6701E-6 7.5405E-6 7.52181E-6 7.10313E-6 7.78213E-6 7.372E-6 8.04169E-6 7.52717E-6 7.52972E-6 7.43791E-6 7.30654E-6 7.07909E-6 7.41804E-6 7.04243E-6 6.95835E-6 6.96476E-6 5.79856E-6 5.50997E-6 5.6678E-6 5.71264E-6 5.69821E-6 6.12762E-6 6.83081E-6 6.39852E-6 6.41901E-6 6.4068E-6 6.20237E-6 6.19343E-6 6.0124E-6 6.20241E-6 5.78793E-6 5.86429E-6 5.6967E-6 5.60264E-6 5.63157E-6 5.49045E-6 5.61968E-6 5.49751E-6 5.38673E-6 5.25866E-6 5.1799E-6 5.15212E-6 5.10347E-6 5.27988E-6 5.24743E-6 5.14248E-6 5.14313E-6 5.43499E-6 5.52879E-6 5.51509E-6 5.8465E-6
8.21858E-6 8.13156E-6 9.17147E-6 8.27416E-6 8.21079E-6 8.00579E-6 7.97895E-6 7.95597E-6 7.82986E-6 7.81057E-6 7.8105E-6 7.7246E-6 7.69091E-6 7.70945E-6 7.14139E-6 7.75351E-6 7.29373E-6 7.56888E-6 7.36198E-6 7.34445E-6 7.72721E-6 7.20598E-6 6.81109E-6 6.78575E-6 6.76636E-6 7.03164E-6 6.14754E-6 5.91966E-6 5.78716E-6 5.88566E-6 5.87922E-6 6.16385E-6 6.35288E-6 6.15385E-6 6.7379E-6 6.26106E-6 6.40801E-6 6.81195E-6 8.44225E-6 6.08584E-6 5.96504E-6 5.82426E-6 5.75716E-6 5.65896E-6 5.70161E-6 5.572E-6 5.75694E-6 5.57403E-6 5.65074E-6 5.32956E-6 5.24988E-6 5.45539E-6 5.47935E-6 5.78512E-6 5.43687E-6 5.45748E-6 5.18097E-6 5.53188E-6 5.54069E-6 5.39206E-6 5.57581E-6
8.59259E-6 8.6082E-6 8.43775E-6 8.33956E-6 8.57179E-6 8.37925E-6 8.2306E-6 8.38312E-6 8.052E-6 8.18064E-6 7.91163E-6 8.53838E-6 7.68803E-6 7.72695E-6 8.05416E-6 7.78987E-6 7.81352E-6 7.3984E-6 7.5117E-6 6.99246E-6 7.30276E-6 7.29033E-6 7.05897E-6 6.65626E-6 6.24003E-6 6.71748E-6 6.2734E-6 5.96955E-6 5.92801E-6 6.13835E-6 6.37468E-6 6.42024E-6 6.50212E-6 6.27503E-6 6.41303E-6 6.42606E-6 6.57225E-6 6.99797E-6 6.50511E-6 5.96286E-6 5.98624E-6 5.88E-6 5.86733E-6 6.41194E-6 5.68593E-6 5.77736E-6 5.66971E-6 7.21873E-6 5.54267E-6 5.67912E-6 5.51973E-6 5.69574E-6 5.708E-6 5.48875E-6 5.44465E-6 5.41758E-6 5.4716E-6 5.5366E-6 5.39427E-6 5.48492E-6 5.55609E-6
8.59271E-6 8.68301E-6 8.60984E-6 8.50729E-6 8.58865E-6 8.56231E-6 8.14196E-6 8.05266E-6 8.07465E-6 8.26541E-6 7.9692E-6 7.9327E-6 8.24527E-6 8.22067E-6 8.12279E-6 7.99176E-6 7.42538E-6 7.68436E-6 1.56796E-5 7.83261E-6 7.56937E-6 7.29355E-6 7.16115E-6 6.797E-6 6.61392E-6 6.37653E-6 6.25397E-6 6.34518E-6 5.96113E-6 6.19109E-6 6.39573E-6 6.54677E-6 6.33459E-6 6.54032E-6 6.2658E-6 6.60715E-6 6.31201E-6 6.75387E-6 6.18451E-6 6.12706E-6 6.41419E-6 6.20761E-6 5.90531E-6 5.82187E-6 5.87219E-6 5.64283E-6 7.72254E-6 7.91048E-6 5.50749E-6 5.68192E-6 5.81803E-6 5.82917E-6 5.92562E-6 5.35134E-6 5.63679E-6 5.58616E-6 5.7244E-6 5.45867E-6 5.39236E-6 5.50464E-6 5.61564E-6
8.93715E-6 8.71228E-6 8.62675E-6 8.62806E-6 8.41696E-6 8.32198E-6 8.08984E-6 8.02129E-6 8.1431E-6 8.0989E-6 8.45216E-6 7.98932E-6 8.29077E-6 8.25746E-6 8.08224E-6 7.94205E-6 7.59736E-6 7.46739E-6 8.73338E-6 7.75559E-6 8.35404E-6 7.59791E-6 9.62238E-6 7.03264E-6 6.65538E-6 6.84869E-6 6.56489E-6 6.33013E-6 6.01545E-6 6.29425E-6 6.52575E-6 6.5382E-6 6.80538E-6 6.39529E-6 6.55644E-6 6.40145E-6 6.31895E-6 6.30872E-6 6.19813E-6 6.04117E-6 6.32123E-6 5.93446E-6 6.26203E-6 5.80855E-6 5.83771E-6 6.0602E-6 6.31965E-6 6.06609E-6 5.91116E-6 5.67208E-6 5.88144E-6 5.49004E-6 5.54927E-6 5.55559E-6 5.40292E-6 5.52308E-6 5.63461E-6 5.44232E-6 5.47048E-6 5.7117E-6 5.8029E-6
9.61405E-6 8.72243E-6 8.95477E-6 8.95503E-6 8.57337E-6 8.58443E-6 8.55599E-6 8.6052E-6 8.2975E-6 8.32749E-6 8.50728E-6 8.12836E-6 8.18522E-6 8.26502E-6 8.26128E-6 7.99851E-6 7.80841E-6 7.66002E-6 7.67039E-6 8.28115E-6 8.19194E-6 7.48753E-6 7.41782E-6 7.16055E-6 7.15427E-6 7.08105E-6 6.67743E-6 6.38682E-6 6.59885E-6 6.8245E-6 6.73106E-6 6.94635E-6 6.82517E-6 6.66481E-6 6.68698E-6 6.57023E-6 6.28817E-6 6.19917E-6 6.29139E-6 6.23931E-6 6.20233E-6 6.33427E-6 6.1881E-6 6.16713E-6 5.9313E-6 6.10048E-6 7.82337E-6 8.52022E-6 5.98415E-6 5.81138E-6 5.87015E-6 5.94178E-6 5.65009E-6 5.59679E-6 5.572E-6 5.73548E-6 5.73424E-6 5.74285E-6 5.80212E-6 5.7458E-6 5.78177E-6
9.04925E-6 9.27898E-6 9.12785E-6 9.09185E-6 8.52442E-6 8.34753E-6 8.66409E-6 8.78137E-6 8.64657E-6 8.64044E-6 8.66109E-6 8.81115E-6 8.43981E-6 8.42328E-6 8.34667E-6 8.44727E-6 8.15059E-6 7.84305E-6 7.59003E-6 7.51577E-6 6.56496E-6 7.36246E-6 7.67014E-6 7.43998E-6 7.61351E-6 7.29061E-6 7.22726E-6 6.82987E-6 7.2284E-6 7.26348E-6 7.04882E-6 7.24465E-6 7.0691E-6 6.68226E-6 6.6924E-6 6.72667E-6 6.46377E-6 6.45133E-6 6.28111E-6 6.34733E-6 6.2844E-6 6.19872E-6 6.50141E-6 6.23424E-6 6.21578E-6 6.34422E-6 6.70973E-6 6.31102E-6 6.05837E-6 6.01087E-6 6.1016E-6 5.93445E-6 5.72573E-6 5.70873E-6 5.72655E-6 5.65E-6 5.64084E-6 5.5816E-6 5.72467E-6 5.7922E-6 6.08743E-6
9.21144E-6 8.98264E-6 9.16826E-6 8.73938E-6 8.85768E-6 8.57237E-6 8.58352E-6 8.53618E-6 8.86915E-6 8.79179E-6 8.66754E-6 8.13953E-6 8.63971E-6 8.49333E-6 8.17182E-6 8.35524E-6 7.88462E-6 7.87324E-6 8.09777E-6 7.85078E-6 8.19913E-6 7.76312E-6 7.60929E-6 7.48275E-6 7.63738E-6 7.57901E-6 7.64925E-6 7.72536E-6 7.75963E-6 7.62015E-6 7.54891E-6 7.33134E-6 7.13625E-6 6.93718E-6 6.75425E-6 6.65118E-6 6.55962E-6 6.58732E-6 6.50464E-6 6.30652E-6 6.30014E-6 6.22678E-6 6.38004E-6 6.34959E-6 6.7789E-6 6.52084E-6 6.15475E-6 6.31071E-6 5.997E-6 6.2823E-6 6.11949E-6 6.02118E-6 5.95901E-6 5.84768E-6 5.79375E-6 5.77749E-6 6.0667E-6 6.02614E-6 5.88492E-6 5.95251E-6 6.331E-6
9.2197E-6 9.35668E-6 9.19566E-6 9.15125E-6 9.81035E-6 8.6313E-6 8.60024E-6 8.57498E-6 8.57343E-6 8.81958E-6 8.80104E-6 8.65772E-6 8.5653E-6 8.65538E-6 8.2262E-6 8.30143E-6 8.20852E-6 7.9501E-6 8.28945E-6 8.40198E-6 9.32274E-6 7.9032E-6 7.73608E-6 7.57212E-6 7.93357E-6 7.96282E-6 8.21043E-6 8.25117E-6 8.10809E-6 8.09658E-6 7.95413E-6 7.28943E-6 7.36405E-6 7.15552E-6 6.92343E-6 6.77307E-6 6.58066E-6 6.46813E-6 6.48443E-6 6.48676E-6 6.59084E-6 6.48118E-6 6.56828E-6 6.42688E-6 6.71574E-6 6.41615E-6 6.38411E-6 6.28415E-6 6.2619E-6 6.27496E-6 6.34744E-6 6.25103E-6 5.88744E-6 5.99613E-6 6.00414E-6 5.85301E-6 5.91754E-6 5.96256E-6 6.07424E-6 6.33155E-6 6.44714E-6
9.21337E-6 9.34402E-6 9.36626E-6 9.86908E-6 9.06639E-6 8.79382E-6 8.76761E-6 8.62563E-6 8.56296E-6 8.54221E-6 8.84189E-6 8.48087E-6 9.50829E-6 8.84503E-6 8.63419E-6 8.49311E-6 8.45302E-6 8.36993E-6 8.53206E-6 8.56189E-6 7.73492E-6 7.87789E-6 7.96653E-6 7.718E-6 8.72861E-6 8.50649E-6 8.33516E-6 8.402E-6 8.59121E-6 8.11193E-6 7.99723E-6 7.65383E-6 7.42205E-6 7.05923E-6 6.7821E-6 6.73274E-6 6.72838E-6 6.7438E-6 6.67985E-6 6.7617E-6 6.75431E-6 6.65441E-6 6.72314E-6 6.60775E-6 7.76107E-6 6.79085E-6 6.81391E-6 6.69061E-6 6.59242E-6 6.57003E-6 6.53148E-6 6.54955E-6 6.49547E-6 6.34889E-6 6.01931E-6 6.07055E-6 6.28545E-6 6.33465E-6 6.36534E-6 6.46724E-6 6.29725E-6
9.25266E-6 9.31159E-6 9.35366E-6 9.25778E-6 9.04138E-6 8.85961E-6 9.12673E-6 8.66995E-6 8.67452E-6 8.76858E-6 9.81748E-6 8.7419E-6 9.11145E-6 8.73495E-6 8.64603E-6 8.47624E-6 8.6867E-6 8.73954E-6 8.15562E-6 8.42985E-6 7.91429E-6 8.04524E-6 7.89084E-6 7.76687E-6 8.23864E-6 8.66922E-6 8.51959E-6 8.58893E-6 8.33713E-6 8.16332E-6 7.99733E-6 7.97362E-6 7.63104E-6 7.17691E-6 7.36871E-6 6.94638E-6 6.6198E-6 6.78825E-6 6.72327E-6 6.8379E-6 6.79451E-6 6.8915E-6 6.72238E-6 6.71092E-6 6.94326E-6 7.06871E-6 6.92762E-6 7.32173E-6 6.78692E-6 6.65334E-6 6.6551E-6 6.55551E-6 6.54678E-6 6.44471E-6 6.43092E-6 6.55555E-6 6.54977E-6 6.54071E-6 6.37532E-6 6.62219E-6 6.5658E-6
9.43835E-6 9.44252E-6 1.0525E-5 9.48197E-6 9.39738E-6 9.39484E-6 9.07287E-6 8.93969E-6 9.13205E-6 9.13363E-6 9.66958E-6 8.87383E-6 8.93889E-6 8.78127E-6 8.87863E-6 8.64151E-6 8.75556E-6 8.66203E-6 8.38183E-6 8.46569E-6 8.23613E-6 8.16184E-6 7.91676E-6 7.98145E-6 8.17483E-6 8.21439E-6 8.37577E-6 8.45076E-6 8.41646E-6 8.03931E-6 7.92608E-6 7.84081E-6 7.74336E-6 7.21918E-6 7.19517E-6 7.1177E-6 7.01748E-6 6.99876E-6 6.96612E-6 7.24205E-6 7.21166E-6 7.20313E-6 6.89156E-6 7.06726E-6 7.2147E-6 6.84484E-6 7.31505E-6 7.15139E-6 6.92551E-6 6.77462E-6 6.94379E-6 7.04351E-6 6.60047E-6 6.51827E-6 6.78445E-6 6.92359E-6 6.75682E-6 6.61917E-6 6.72068E-6 6.73094E-6 6.86033E-6
9.78741E-6 9.48785E-6 9.78054E-6 9.6429E-6 9.42854E-6 9.08532E-6 9.14809E-6 8.8413E-6 9.24703E-6 9.22413E-6 1.22643E-5 9.01617E-6 9.01554E-6 9.03613E-6 8.93632E-6 8.61565E-6 8.95133E-6 8.57179E-6 8.54626E-6 8.39144E-6 8.54382E-6 8.5099E-6 7.98173E-6 7.96562E-6 7.86422E-6 8.14733E-6 8.06496E-6 8.33417E-6 8.06702E-6 7.94945E-6 7.89305E-6 7.69985E-6 7.4748E-6 7.33652E-6 7.49967E-6 7.22523E-6 7.14612E-6 7.07859E-6 7.34611E-6 7.34131E-6 7.19922E-6 7.28617E-6 7.19352E-6 7.51413E-6 7.46771E-6 7.56714E-6 7.57529E-6 7.56864E-6 7.46446E-6 7.15788E-6 6.97069E-6 6.97117E-6 7.1838E-6 7.0191E-6 7.03517E-6 6.90619E-6 6.71293E-6 6.88389E-6 6.75618E-6 6.81939E-6 6.9887E-6
9.85096E-6 9.50734E-6 9.75719E-6 9.63819E-6 9.60065E-6 9.20811E-6 9.37407E-6 9.35134E-6 9.30594E-6 9.76788E-6 9.04872E-6 9.23263E-6 9.08267E-6 9.4739E-6 1.01371E-5 8.97243E-6 8.8273E-6 8.68179E-6 8.63416E-6 8.60994E-6 8.7352E-6 8.42852E-6 8.08597E-6 7.99041E-6 7.72357E-6 7.76531E-6 8.00577E-6 8.15761E-6 8.04336E-6 7.99004E-6 8.11561E-6 7.6974E-6 7.53921E-6 7.39444E-6 7.59813E-6 7.57108E-6 7.62195E-6 7.26802E-6 7.41254E-6 7.3371E-6 7.31106E-6 7.324E-6 7.88377E-6 7.43008E-6 7.66397E-6 8.03251E-6 7.84042E-6 8.26542E-6 7.55447E-6 7.21163E-6 8.39224E-6 6.84093E-6 7.05692E-6 7.11775E-6 7.03723E-6 7.02778E-6 7.07877E-6 6.9766E-6 6.9807E-6 7.0517E-6 7.33899E-6
1.02508E-5 1.01283E-5 9.5636E-6 9.67699E-6 9.74464E-6 9.19836E-6 9.55867E-6 9.40905E-6 9.45894E-6 9.69465E-6 9.9134E-6 9.32276E-6 9.31656E-6 9.13307E-6 9.09008E-6 8.74809E-6 8.89731E-6 8.88495E-6 8.80632E-6 9.14588E-6 8.4357E-6 8.5172E-6 8.59136E-6 8.17575E-6 7.90198E-6 7.69132E-6 7.74732E-6 7.86365E-6 7.98518E-6 7.96776E-6 7.53862E-6 7.76136E-6 7.71975E-6 7.61164E-6 7.90021E-6 7.86126E-6 7.78764E-6 7.77091E-6 7.64928E-6 7.62286E-6 7.4747E-6 7.4906E-6 7.69883E-6 7.5147E-6 7.62091E-6 7.79167E-6 7.64976E-6 8.16591E-6 7.55242E-6 7.63146E-6 7.64493E-6 7.0688E-6 8.3367E-6 7.12946E-6 7.87574E-6 7.15269E-6 7.29665E-6 7.40523E-6 7.16915E-6 7.18643E-6 7.21051E-6
1.01176E-5 1.07537E-5 1.0149E-5 9.99697E-6 1.0275E-5 9.83492E-6 9.60826E-6 9.53542E-6 9.96708E-6 9.43333E-6 9.42764E-6 9.55528E-6 9.48634E-6 9.71309E-6 9.32639E-6 9.30497E-6 9.17439E-6 9.36399E-6 9.13987E-6 8.83203E-6 8.75738E-6 8.78812E-6 8.40546E-6 8.27385E-6 8.18804E-6 7.82251E-6 7.64604E-6 7.81172E-6 7.80223E-6 7.7044E-6 7.54114E-6 7.78499E-6 7.56465E-6 7.67534E-6 8.04043E-6 7.87065E-6 7.69121E-6 7.96067E-6 7.52119E-6 7.43132E-6 7.55236E-6 7.643E-6 7.5216E-6 7.49232E-6 7.66737E-6 7.71443E-6 7.67192E-6 7.9574E-6 7.64939E-6 7.80702E-6 7.53939E-6 7.41145E-6 7.84021E-6 7.40512E-6 7.07148E-6 7.43308E-6 7.41926E-6 7.45269E-6 7.33843E-6 7.53417E-6 7.36847E-6
1.04273E-5 1.08331E-5 9.61912E-6 9.95102E-6 1.00669E-5 9.98248E-6 9.9288E-6 9.81637E-6 1.044E-5 9.45834E-6 9.7621E-6 1.10434E-5 9.28957E-6 9.33149E-6 9.49323E-6 9.11844E-6 9.30074E-6 9.25827E-6 9.35111E-6 9.01952E-6 9.28582E-6 8.76646E-6 8.8467E-6 8.55239E-6 7.89272E-6 7.9698E-6 7.93128E-6 7.88057E-6 7.36878E-6 7.60117E-6 7.65465E-6 7.74517E-6 7.81335E-6 8.20845E-6 8.03339E-6 7.88351E-6 7.72261E-6 7.87768E-6 7.74608E-6 7.61106E-6 7.60903E-6 7.62647E-6 7.43863E-6 7.56937E-6 7.56446E-6 7.82382E-6 8.01485E-6 7.75487E-6 7.67933E-6 7.70935E-6 7.65654E-6 7.57206E-6 7.56924E-6 7.57089E-6 7.53824E-6 7.54193E-6 7.51566E-6 7.50291E-6 7.54895E-6 7.68494E-6 7.78712E-6
1.07313E-5 1.01821E-5 1.00194E-5 1.00577E-5 9.7969E-6 1.00694E-5 9.80945E-6 1.00249E-5 9.79236E-6 9.42975E-6 9.9409E-6 9.96485E-6 9.69488E-6 9.5433E-6 9.28115E-6 9.38326E-6 9.21686E-6 9.43775E-6 1.04997E-5 9.31208E-6 9.22321E-6 8.94993E-6 9.14757E-6 8.28796E-6 8.43188E-6 8.15611E-6 7.77351E-6 8.01803E-6 7.88573E-6 7.44558E-6 7.8721E-6 7.80044E-6 8.01441E-6 8.08649E-6 8.25267E-6 8.20021E-6 8.07463E-6 8.08272E-6 8.02833E-6 7.87808E-6 7.7127E-6 7.84861E-6 7.89108E-6 7.8469E-6 8.09689E-6 7.89672E-6 7.93157E-6 7.77503E-6 7.90962E-6 8.19466E-6 8.06233E-6 7.75497E-6 7.6677E-6 7.40898E-6 7.52625E-6 7.72731E-6 7.6766E-6 7.7244E-6 7.63635E-6 7.5413E-6 7.98706E-6
1.02931E-5 1.02551E-5 1.00753E-5 1.01219E-5 9.74002E-6 1.02089E-5 9.55665E-6 9.82212E-6 1.00413E-5 9.72553E-6 9.55018E-6 9.45309E-6 9.50585E-6 9.53504E-6 9.43147E-6 9.48643E-6 9.72377E-6 9.56891E-6 9.41645E-6 9.43908E-6 9.73432E-6 9.15164E-6 9.1132E-6 9.0391E-6 8.81712E-6 8.2266E-6 8.24658E-6 7.97094E-6 7.86677E-6 7.76037E-6 7.70378E-6 8.09308E-6 7.97746E-6 7.99555E-6 8.32113E-6 8.3593E-6 8.23937E-6 8.25251E-6 8.35081E-6 8.02065E-6 8.02785E-6 8.11275E-6 8.44826E-6 8.15599E-6 8.63181E-6 8.04076E-6 8.23748E-6 1.26278E-5 8.44835E-6 8.28236E-6 8.58531E-6 8.138E-6 7.75278E-6 7.72513E-6 7.82506E-6 8.01748E-6 8.14423E-6 8.00566E-6 8.02819E-6 8.36936E-6 8.75552E-6
1.00507E-5 1.01219E-5 9.84552E-6 1.00302E-5 9.89636E-6 9.75818E-6 9.66262E-6 9.79996E-6 9.73601E-6 1.02021E-5 9.75718E-6 9.87129E-6 1.04233E-5 9.55386E-6 9.43556E-6 9.77324E-6 9.81861E-6 9.48942E-6 9.56808E-6 9.28207E-6 9.71157E-6 9.73277E-6 9.1756E-6 9.50637E-6 9.09331E-6 8.94658E-6 8.45467E-6 8.51159E-6 7.86741E-6 8.2222E-6 8.06633E-6 8.33681E-6 8.48726E-6 8.47874E-6 8.39089E-6 8.29861E-6 8.68125E-6 8.2653E-6 8.17132E-6 8.3912E-6 8.45688E-6 8.57527E-6 8.40066E-6 8.19002E-6 8.17904E-6 8.13212E-6 8.31334E-6 8.45138E-6 8.52593E-6 8.48713E-6 1.3296E-5 1.06589E-5 8.10998E-6 8.19167E-6 8.08095E-6 8.16896E-6 8.14082E-6 8.20809E-6 8.25696E-6 8.2992E-6 8.86837E-6
9.76534E-6 1.03895E-5 1.00426E-5 1.0205E-5 9.76954E-6 9.696E-6 9.8975E-6 9.81072E-6 9.95632E-6 1.00433E-5 1.03736E-5 1.01234E-5 1.05345E-5 9.71194E-6 9.47801E-6 9.99223E-6 9.70846E-6 9.61723E-6 1.03076E-5 1.0252E-5 9.99923E-6 9.82805E-6 9.6699E-6 9.57341E-6 9.37065E-6 8.75606E-6 8.69929E-6 8.55566E-6 8.77132E-6 8.02024E-6 8.63032E-6 8.51206E-6 8.65431E-6 8.98871E-6 8.87672E-6 8.7249E-6 8.41689E-6 8.37898E-6 8.11815E-6 8.42389E-6 8.39148E-6 8.37719E-6 8.36202E-6 8.03681E-6 7.90071E-6 8.08955E-6 8.60945E-6 8.32146E-6 8.71096E-6 8.68961E-6 8.6158E-6 9.00185E-6 8.64657E-6 8.13619E-6 8.13178E-6 8.17968E-6 8.687E-6 8.40275E-6 8.58299E-6 8.77143E-6 9.23339E-6
1.01184E-5 9.88823E-6 1.03382E-5 9.85332E-6 1.01911E-5 1.02114E-5 9.6669E-6 1.00402E-5 1.00932E-5 1.07074E-5 9.85E-6 9.7751E-6 9.742E-6 9.83067E-6 9.62613E-6 9.27303E-6 9.6676E-6 9.97189E-6 9.77031E-6 9.24373E-6 1.01297E-5 9.90422E-6 9.81234E-6 9.46494E-6 9.57446E-6 9.00073E-6 9.27778E-6 9.13704E-6 8.62606E-6 8.44097E-6 8.61734E-6 8.82145E-6 9.26234E-6 9.29582E-6 8.81293E-6 8.72636E-6 8.75379E-6 8.5015E-6 8.62516E-6 8.2218E-6 8.45415E-6 8.22892E-6 8.47904E-6 8.53472E-6 8.52201E-6 8.47335E-6 8.4154E-6 8.28566E-6 8.52031E-6 8.71504E-6 8.68308E-6 8.6935E-6 8.54528E-6 8.56438E-6 8.24228E-6 8.4065E-6 8.58837E-6 8.93748E-6 8.88623E-6 8.89751E-6 9.05054E-6
1.01409E-5 1.00965E-5 1.02E-5 1.14609E-5 1.01662E-5 1.0134E-5 1.00254E-5 9.83179E-6 1.02413E-5 1.01206E-5 9.91149E-6 9.83343E-6 9.75574E-6 1.02423E-5 1.01253E-5 9.52568E-6 9.6251E-6 9.9198E-6 9.95988E-6 9.71483E-6 9.59766E-6 9.57513E-6 1.12937E-5 9.79798E-6 9.89014E-6 9.47142E-6 9.19691E-6 9.00158E-6 9.04088E-6 8.79382E-6 9.307E-6 9.24651E-6 9.23867E-6 9.47952E-6 9.35236E-6 8.89928E-6 8.90126E-6 8.86957E-6 9.06983E-6 8.71813E-6 8.62307E-6 8.70475E-6 9.03969E-6 8.73237E-6 8.83098E-6 8.71302E-6 9.15105E-6 8.82227E-6 8.57159E-6 8.64436E-6 9.9949E-6 9.16699E-6 9.17898E-6 8.73101E-6 8.69969E-6 8.93592E-6 9.16207E-6 9.51901E-6 9.24902E-6 8.77207E-6 9.07272E-6
