Candidate_Models_July82022/M_6_F_lqp_Set_1_all/Bison.asc
ncols         290
nrows         380
xllcorner     -2197417.7431653
yllcorner     -584827.01486885
cellsize      10000.0
NODATA_value  -9999
[rows 324 to 350 of 380, columns 122 to 182 of 290]
4.27667E-4 2.50248E-4 1.52803E-4 1.31842E-4 1.4319E-4 1.3853E-4 1.05008E-4 7.41175E-5 9.03819E-5 9.3402E-5 8.14204E-5 1.5749E-4 4.67109E-4 3.07012E-4 1.08423E-4 1.47237E-4 1.10333E-4 1.89319E-4 7.74706E-5 7.32554E-5 3.41203E-5 1.88083E-4 1.29971E-4 1.69559E-4 2.58346E-4 2.90648E-4 2.05363E-4 2.37958E-4 2.37839E-4 2.71591E-4 3.50746E-4 3.96952E-4 3.20881E-4 3.76415E-4 2.70434E-4 2.19866E-4 2.46478E-4 2.96002E-4 2.12412E-4 5.09269E-4 6.6547E-5 1.17479E-4 1.2278E-4 2.14719E-4 1.80032E-4 1.97121E-4 1.89718E-4 1.91971E-4 2.27961E-4 2.04653E-4 2.60768E-4 2.2156E-4 2.18855E-4 2.14838E-4 2.38216E-4 2.07164E-4 2.40786E-4 2.00193E-4 2.1344E-4 3.17775E-4 2.88045E-4
3.71789E-4 4.20646E-4 2.39275E-4 2.09035E-4 1.88397E-4 3.67133E-4 3.75378E-4 3.68728E-4 9.12745E-5 7.35137E-5 7.05027E-5 7.82871E-5 8.70204E-5 8.90985E-5 1.28755E-4 1.49337E-4 2.41751E-4 1.01209E-4 8.88468E-5 1.15003E-4 1.19134E-4 7.50143E-5 6.82507E-5 1.60225E-4 2.87912E-4 2.40253E-4 2.83671E-4 3.33801E-4 3.63035E-4 1.38625E-4 2.16932E-4 3.82064E-4 4.19797E-4 4.07374E-4 2.55147E-4 2.2863E-4 2.78E-4 4.59661E-4 1.4052E-4 6.89574E-4 6.54316E-4 1.93828E-4 1.55734E-4 2.04871E-4 2.51829E-4 1.91922E-4 2.04781E-4 2.10992E-4 2.25464E-4 3.13649E-4 2.77365E-4 2.29621E-4 2.05852E-4 2.2305E-4 2.51945E-4 2.13636E-4 2.50513E-4 2.67448E-4 2.85682E-4 3.62452E-4 3.09655E-4
4.18948E-4 4.15193E-4 4.12851E-4 3.60022E-4 3.87746E-4 3.83218E-4 3.17944E-4 3.29067E-4 2.62612E-4 7.57464E-5 5.26511E-5 5.89572E-5 8.8261E-5 1.61306E-4 1.46229E-4 1.5439E-4 1.35622E-4 2.03463E-4 1.2859E-4 1.69076E-4 2.03563E-4 3.26618E-5 0E0 4.4868E-4 5.41929E-4 4.14476E-4 3.10244E-4 2.54517E-4 3.23834E-4 2.81799E-4 3.98234E-4 3.74592E-4 3.6449E-4 4.03557E-4 3.68436E-4 3.09326E-4 2.16318E-4 2.57867E-4 1.73733E-4 2.79049E-4 5.76153E-4 3.90196E-4 1.63866E-4 2.74182E-4 2.12279E-4 2.26904E-4 2.39028E-4 2.30191E-4 2.51711E-4 3.29502E-4 3.22313E-4 2.50313E-4 2.02868E-4 3.03552E-4 3.48854E-4 2.78014E-4 2.04847E-4 2.44611E-4 3.47452E-4 3.12505E-4 2.38893E-4
4.09279E-4 3.29452E-4 3.97097E-4 2.79176E-4 2.33466E-4 2.67706E-4 3.61475E-4 3.75059E-4 3.88679E-4 9.16023E-5 8.50726E-5 1.95741E-4 1.09774E-4 6.66734E-5 1.20481E-4 1.11891E-4 1.53504E-4 1.15947E-4 2.29321E-4 1.20238E-4 6.77221E-5 2.56188E-4 1.75668E-4 2.0869E-4 4.38024E-4 3.56304E-4 3.88401E-4 3.66488E-4 2.65026E-4 2.86628E-4 3.10537E-4 3.8037E-4 3.95053E-4 3.7451E-4 4.19463E-4 2.6795E-4 2.73678E-4 2.87529E-4 1.86271E-4 1.57327E-4 4.30619E-4 4.13056E-4 1.05634E-4 3.54218E-4 1.91596E-4 2.05976E-4 2.51132E-4 2.98873E-4 2.79216E-4 2.76383E-4 2.94631E-4 2.17707E-4 2.07787E-4 2.65538E-4 2.31962E-4 2.32249E-4 2.10059E-4 2.12652E-4 3.10105E-4 2.71797E-4 2.29297E-4
3.4396E-4 3.86348E-4 2.84091E-4 2.58187E-4 2.85938E-4 4.24671E-4 2.88788E-4 3.90502E-4 4.39525E-4 9.28745E-5 1.49583E-4 1.04634E-4 1.38157E-4 1.02205E-4 7.83187E-5 1.06807E-4 1.07841E-4 2.06131E-4 3.71825E-4 1.29816E-4 1.14231E-4 2.58043E-4 1.3291E-4 1.10908E-4 1.69945E-4 4.10414E-4 3.3261E-4 3.42473E-4 3.98092E-4 3.25834E-4 3.08256E-4 3.34188E-4 3.43164E-4 2.90079E-4 4.12108E-4 1.86828E-4 2.19687E-4 3.41967E-4 1.79889E-4 1.76262E-4 1.68626E-4 1.87534E-4 1.56361E-4 3.01496E-4 2.07377E-4 2.13166E-4 2.66924E-4 2.72802E-4 3.25984E-4 3.3939E-4 2.99455E-4 2.09011E-4 2.18329E-4 2.73099E-4 2.45122E-4 2.14288E-4 2.12771E-4 2.39977E-4 2.39736E-4 3.54332E-4 3.68925E-4
2.68386E-4 2.44924E-4 2.66538E-4 3.0617E-4 2.70961E-4 1.46121E-4 6.52234E-5 3.87758E-4 4.33105E-4 1.04559E-4 2.79856E-4 8.89294E-5 1.42184E-4 1.71153E-4 1.34955E-4 7.09882E-5 7.03959E-5 1.02602E-4 1.91705E-4 5.72369E-5 1.0611E-4 1.43233E-4 8.49924E-4 2.72128E-4 5.20265E-5 3.11295E-4 3.99822E-4 3.30334E-4 3.25631E-4 3.09218E-4 3.02345E-4 2.88893E-4 2.54026E-4 3.01498E-4 4.2637E-4 1.93695E-4 1.61655E-4 2.11036E-4 2.44908E-4 1.30456E-4 1.70854E-4 1.34744E-4 2.41012E-4 2.63014E-4 2.42049E-4 2.48127E-4 2.57038E-4 2.70306E-4 3.40855E-4 3.55437E-4 2.25316E-4 2.29274E-4 2.15696E-4 2.10865E-4 2.61249E-4 3.26861E-4 2.2857E-4 2.10974E-4 2.58334E-4 2.96495E-4 2.23473E-4
2.49745E-4 2.47662E-4 2.69287E-4 2.68667E-4 2.60969E-4 5.95163E-5 6.40794E-5 2.12681E-4 4.19837E-4 9.82944E-5 2.63355E-4 1.55674E-4 1.43054E-4 9.99135E-5 7.79403E-5 9.33059E-5 1.75448E-4 7.65391E-5 9.876E-5 1.40791E-4 5.1664E-5 9.69813E-5 5.75544E-4 2.78169E-4 1.04046E-4 9.37245E-5 2.3125E-4 3.33435E-4 2.94353E-4 2.42416E-4 2.24951E-4 1.52942E-4 2.6276E-4 4.20648E-4 2.47148E-4 2.17233E-4 1.60462E-4 1.48258E-4 1.93731E-4 1.88249E-4 1.70587E-4 2.25217E-4 2.23164E-4 3.08618E-4 2.30887E-4 2.47945E-4 2.41048E-4 3.13128E-4 3.26925E-4 3.39308E-4 2.14348E-4 2.19484E-4 2.22039E-4 2.03419E-4 3.5999E-4 2.89916E-4 2.30446E-4 2.10021E-4 2.11359E-4 2.39629E-4 3.44688E-4
4.0158E-4 3.33713E-4 3.84227E-4 3.28355E-4 3.37088E-4 3.51854E-4 8.08658E-5 9.01811E-5 1.11463E-4 1.89005E-4 3.59345E-4 2.61872E-4 1.59935E-4 8.2912E-5 1.38738E-4 1.00266E-4 1.00082E-4 1.08275E-4 1.93918E-4 1.30937E-4 1.10115E-4 1.09337E-4 1.83351E-4 5.5998E-4 5.13648E-4 2.13591E-4 2.65243E-4 2.15041E-4 2.62153E-4 2.01382E-4 1.51351E-4 1.68531E-4 1.82957E-4 1.8775E-4 3.07558E-4 2.65764E-4 1.65922E-4 2.06637E-4 2.01367E-4 1.94896E-4 1.83742E-4 2.04165E-4 1.94092E-4 2.42972E-4 2.02155E-4 2.17628E-4 2.1803E-4 3.30319E-4 3.34024E-4 2.36543E-4 1.9453E-4 2.1609E-4 2.20108E-4 2.17629E-4 2.93328E-4 2.86724E-4 2.76561E-4 2.37517E-4 2.10754E-4 2.21053E-4 2.4701E-4
2.93498E-4 3.34736E-4 3.50155E-4 2.44928E-4 1.01757E-4 1.13947E-4 3.94508E-4 7.06699E-5 5.38843E-5 1.0767E-4 2.50595E-4 2.22684E-4 1.30515E-4 3.33027E-4 1.03243E-4 1.27219E-4 9.0153E-5 1.3203E-4 1.13881E-4 1.83051E-4 2.11219E-4 1.54722E-4 1.28912E-4 4.5181E-4 3.15506E-4 3.26555E-4 3.01544E-4 3.30307E-4 3.42594E-4 4.18263E-4 4.21184E-4 3.4478E-4 4.1003E-4 3.44529E-4 2.85743E-4 2.77572E-4 2.39328E-4 2.3234E-4 2.6237E-4 1.77574E-4 2.26749E-4 1.50907E-4 2.21178E-4 3.20261E-4 2.10599E-4 2.13789E-4 2.29243E-4 2.53854E-4 3.28365E-4 2.71267E-4 2.06323E-4 2.23168E-4 2.06379E-4 1.96906E-4 2.01495E-4 2.20077E-4 3.83676E-4 3.21362E-4 2.15135E-4 2.31836E-4 2.14187E-4
3.41712E-4 7.83746E-5 1.89079E-4 1.44259E-4 1.16039E-4 6.28295E-5 8.11348E-5 1.00402E-4 9.90778E-5 6.70525E-5 2.37924E-4 7.40252E-5 1.99348E-4 2.80606E-4 2.74727E-4 7.68157E-5 1.35165E-4 2.00298E-4 1.61609E-4 8.37439E-5 1.89329E-4 1.81283E-4 1.32368E-4 2.78656E-4 3.69249E-4 2.85467E-4 3.51828E-4 3.61039E-4 3.80148E-4 3.49684E-4 3.26161E-4 2.4418E-4 2.49208E-4 3.26584E-4 2.95131E-4 2.94375E-4 2.08563E-4 3.22053E-4 2.16887E-4 2.2213E-4 3.34913E-4 2.97893E-4 2.40466E-4 3.39329E-4 3.13347E-4 2.5274E-4 2.36904E-4 2.16028E-4 2.83392E-4 2.06955E-4 2.14724E-4 2.15084E-4 2.06945E-4 2.07438E-4 2.05049E-4 2.06059E-4 2.68278E-4 2.246E-4 2.06684E-4 2.03251E-4 2.10339E-4
1.56868E-4 1.01383E-4 1.41207E-4 1.30944E-4 1.30192E-4 8.34678E-5 6.15541E-5 7.23129E-5 1.023E-4 7.20344E-5 9.87606E-5 1.28534E-4 1.39155E-4 1.82121E-4 4.87839E-4 1.29509E-4 2.83651E-4 2.06056E-4 4.90774E-4 2.17356E-4 9.07484E-5 1.60889E-4 1.55324E-4 2.06269E-4 1.55707E-4 1.48353E-4 1.47081E-4 2.05662E-4 3.11305E-4 2.37299E-4 3.25586E-4 2.49277E-4 3.71928E-4 3.75766E-4 2.95036E-4 3.11467E-4 3.3614E-4 3.60246E-4 2.80033E-4 3.41166E-4 2.76667E-4 2.99258E-4 2.363E-4 3.41874E-4 3.44459E-4 3.53168E-4 2.72415E-4 2.54044E-4 2.22308E-4 2.41585E-4 2.22819E-4 2.11905E-4 2.12946E-4 2.22574E-4 3.07616E-4 3.69726E-4 2.99581E-4 2.06735E-4 2.30905E-4 1.93456E-4 2.04598E-4
1.568E-4 1.44578E-4 1.52632E-4 2.16431E-4 2.60137E-4 1.10103E-4 1.49543E-4 6.7265E-5 1.18353E-4 8.31641E-5 6.17398E-5 6.69882E-5 6.85696E-5 1.37423E-4 1.88142E-4 2.28358E-4 1.32459E-4 8.24996E-5 1.03626E-4 4.72818E-4 4.87901E-4 9.95983E-5 4.12184E-4 2.92977E-4 1.60009E-4 1.48712E-4 1.67736E-4 2.024E-4 1.69327E-4 3.07617E-4 4.35809E-4 4.35368E-4 3.06433E-4 4.3685E-4 3.49677E-4 3.44967E-4 3.95079E-4 3.66499E-4 1.93307E-4 2.34426E-4 2.7849E-4 3.19996E-4 1.79822E-4 3.54746E-4 3.0083E-4 3.59709E-4 3.09819E-4 2.14519E-4 1.98613E-4 2.27677E-4 2.19818E-4 2.15424E-4 2.09692E-4 2.06269E-4 2.58984E-4 3.17151E-4 2.07051E-4 2.10966E-4 1.98691E-4 1.96685E-4 1.88312E-4
1.42762E-4 1.69298E-4 1.8051E-4 2.28961E-4 1.46052E-4 1.29872E-4 7.43848E-5 8.7881E-5 1.19735E-4 4.28404E-5 9.34605E-5 5.34427E-5 9.22432E-5 1.85413E-4 1.24653E-4 1.06674E-4 1.40141E-4 2.35388E-4 1.87898E-4 5.50414E-4 3.75042E-4 8.47394E-5 3.61699E-4 4.51547E-4 2.00694E-4 2.14842E-4 1.89023E-4 2.57332E-4 3.58845E-4 2.35192E-4 2.74836E-4 1.59778E-4 1.47539E-4 1.55384E-4 1.98106E-4 1.69141E-4 2.27527E-4 2.0015E-4 2.02307E-4 3.44908E-4 5.3586E-4 3.53597E-4 2.90815E-4 3.44535E-4 3.08111E-4 3.03498E-4 3.38111E-4 3.14006E-4 3.47554E-4 2.08234E-4 2.18143E-4 2.09502E-4 1.99171E-4 2.0191E-4 3.5024E-4 3.53537E-4 2.69138E-4 2.26663E-4 2.28743E-4 2.0204E-4 2.00119E-4
1.93365E-4 1.0437E-4 3.17556E-4 1.92438E-4 1.8043E-4 2.84204E-4 9.25393E-5 1.16598E-4 1.977E-4 8.93126E-5 6.80091E-5 1.38379E-4 8.14791E-5 1.39588E-4 1.62967E-4 3.01343E-4 1.67501E-4 9.62301E-5 5.83115E-4 2.88592E-4 4.26314E-4 3.50359E-4 2.21956E-4 2.68097E-4 2.61029E-4 2.49887E-4 4.00382E-4 4.50221E-4 4.64838E-4 2.13471E-4 2.08194E-4 1.7144E-4 1.66789E-4 1.77239E-4 2.13142E-4 2.13821E-4 1.71353E-4 1.53446E-4 2.6114E-4 4.03716E-4 2.24519E-4 2.81461E-4 2.26461E-4 3.43372E-4 2.93712E-4 3.34948E-4 2.49545E-4 2.30176E-4 3.46366E-4 2.12499E-4 2.09317E-4 1.83411E-4 1.85486E-4 2.13528E-4 3.15935E-4 2.76068E-4 2.67795E-4 2.17978E-4 2.31156E-4 2.39886E-4 2.23761E-4
3.95182E-4 1.98164E-4 3.45802E-4 2.18847E-4 1.66106E-4 1.33598E-4 9.16959E-5 8.91055E-5 2.98684E-4 1.59379E-4 6.62295E-5 2.15826E-4 1.20556E-4 2.97833E-4 2.74112E-4 2.21825E-4 2.03372E-4 1.60062E-4 1.19465E-4 6.75128E-4 6.0496E-4 9.75002E-5 1.90552E-4 3.15566E-4 4.81548E-4 2.358E-4 2.84242E-4 4.71977E-4 4.53221E-4 4.98728E-4 4.00647E-4 2.67545E-4 1.63199E-4 2.10306E-4 1.75733E-4 1.5273E-4 1.58613E-4 1.71408E-4 1.71894E-4 1.7181E-4 1.90507E-4 2.22898E-4 1.85906E-4 1.57912E-4 2.47837E-4 2.87863E-4 2.38291E-4 2.97888E-4 3.2531E-4 2.58596E-4 2.06282E-4 1.98023E-4 1.88699E-4 2.07202E-4 2.9726E-4 2.41238E-4 2.50974E-4 2.60685E-4 2.08531E-4 2.27449E-4 1.97029E-4
3.91107E-4 2.95187E-4 5.44345E-4 4.80695E-4 2.00082E-4 1.91868E-4 7.22476E-5 1.43997E-4 2.02322E-4 6.1725E-5 8.14393E-5 1.12177E-4 1.12847E-4 4.08066E-4 3.18356E-4 5.6538E-4 5.44734E-4 1.8658E-4 1.6111E-4 2.74105E-4 6.93448E-4 7.28161E-4 3.34535E-4 1.90664E-4 4.72389E-4 4.52819E-4 3.85321E-4 2.72558E-4 4.7055E-4 5.19767E-4 3.49967E-4 1.9314E-4 1.63808E-4 1.7417E-4 1.78919E-4 2.15575E-4 2.02055E-4 2.05266E-4 2.03537E-4 1.66789E-4 1.9443E-4 2.18213E-4 1.53752E-4 2.19541E-4 3.22933E-4 3.27123E-4 3.16252E-4 3.30009E-4 3.33329E-4 2.51157E-4 2.28616E-4 1.98363E-4 1.96944E-4 2.13376E-4 2.10462E-4 2.04366E-4 2.04891E-4 2.45272E-4 1.8671E-4 2.08534E-4 2.12472E-4
2.58432E-4 4.62141E-4 2.89991E-4 3.13656E-4 1.55157E-4 1.19772E-4 7.74562E-5 2.32487E-4 3.15286E-4 1.77406E-4 6.91855E-5 9.08065E-5 1.67602E-4 3.60957E-4 2.84234E-4 4.65648E-4 5.77337E-4 6.26358E-4 2.19453E-4 1.92573E-4 3.70151E-4 6.2289E-4 8.37044E-4 1.16993E-4 3.37513E-4 4.94846E-4 5.22729E-4 3.93971E-4 5.39185E-4 4.13442E-4 1.759E-4 1.74978E-4 1.69531E-4 1.69937E-4 1.66963E-4 2.22191E-4 3.3239E-4 4.20041E-4 2.4135E-4 1.84415E-4 2.5169E-4 3.05189E-4 2.48156E-4 2.01161E-4 1.7495E-4 3.51551E-4 3.44781E-4 3.13308E-4 3.67444E-4 2.56092E-4 2.35469E-4 2.14948E-4 2.03604E-4 2.2791E-4 1.94879E-4 1.96225E-4 2.93806E-4 2.28857E-4 2.30677E-4 2.59192E-4 1.94055E-4
1.59882E-4 4.04588E-4 1.0828E-4 3.3047E-4 1.09481E-4 9.04942E-5 1.04492E-4 1.84273E-4 2.63971E-4 1.92433E-4 8.45215E-5 1.54278E-4 1.85938E-4 2.16161E-4 2.23931E-4 4.01677E-4 3.36935E-4 3.99784E-4 3.88647E-4 2.07839E-4 1.94916E-4 6.52732E-4 5.02724E-4 3.31905E-4 7.80944E-5 4.53246E-4 5.29103E-4 4.10553E-4 2.22503E-4 1.80268E-4 1.73662E-4 1.64637E-4 1.87454E-4 2.14802E-4 1.72045E-4 1.86332E-4 3.03185E-4 4.3354E-4 1.92355E-4 1.8288E-4 1.5432E-4 3.07343E-4 2.37743E-4 2.67695E-4 3.37813E-4 3.63073E-4 3.52041E-4 2.63066E-4 2.84829E-4 3.65925E-4 2.39197E-4 2.13238E-4 2.24775E-4 2.28519E-4 1.80106E-4 2.23711E-4 2.20769E-4 2.2334E-4 2.07969E-4 1.93358E-4 1.81159E-4
1.40099E-4 3.10074E-4 1.38257E-4 1.18204E-4 1.56721E-4 4.70602E-5 1.11744E-4 1.07334E-4 1.00613E-4 1.76204E-4 1.49704E-4 9.80237E-5 1.54095E-4 2.69821E-4 2.9372E-4 3.6054E-4 3.9977E-4 3.97909E-4 4.93568E-4 4.02722E-4 2.2854E-4 1.63647E-4 6.13882E-4 1.93357E-4 1.74774E-4 2.90887E-4 4.29032E-4 2.68602E-4 1.66999E-4 1.69142E-4 1.50467E-4 1.41709E-4 1.67926E-4 1.72754E-4 1.76139E-4 1.61049E-4 2.92688E-4 2.30578E-4 2.09989E-4 1.65539E-4 1.98841E-4 2.35397E-4 2.04786E-4 1.71022E-4 3.52451E-4 3.4158E-4 3.30016E-4 2.49817E-4 3.34231E-4 3.01862E-4 2.99892E-4 2.08277E-4 2.1929E-4 1.94899E-4 1.85568E-4 1.85489E-4 2.15906E-4 2.4625E-4 2.32148E-4 2.22617E-4 2.36267E-4
1.43415E-4 3.50797E-4 9.45209E-5 1.38008E-4 3.09733E-4 9.3092E-5 1.35351E-4 1.55107E-4 1.16143E-4 6.16691E-5 1.49405E-4 9.44604E-5 2.35958E-4 3.44826E-4 7.83471E-4 2.9779E-4 3.61766E-4 2.13737E-4 2.15307E-4 2.77898E-4 3.08837E-4 1.43736E-4 1.81823E-4 3.65994E-4 2.04513E-4 1.46826E-4 3.17713E-4 2.41578E-4 1.87421E-4 2.02722E-4 1.45261E-4 2.13131E-4 2.06163E-4 1.79455E-4 1.48538E-4 1.54283E-4 1.75717E-4 2.43804E-4 2.68045E-4 3.79021E-4 3.4119E-4 3.56201E-4 2.08332E-4 2.9407E-4 3.4299E-4 2.72205E-4 2.32671E-4 2.57383E-4 3.02552E-4 2.67986E-4 2.63643E-4 2.21015E-4 1.95217E-4 2.25833E-4 2.01292E-4 1.82934E-4 2.61784E-4 2.12287E-4 2.12219E-4 1.9682E-4 2.03099E-4
1.88458E-4 1.18773E-4 6.02798E-5 1.8769E-4 3.88912E-4 1.56744E-4 2.11918E-4 1.32958E-4 1.43759E-4 1.07923E-4 9.2826E-5 1.42858E-4 1.57371E-4 3.22115E-4 5.44036E-4 3.96357E-4 1.98067E-4 1.91946E-4 2.21318E-4 2.2732E-4 2.07831E-4 2.17525E-4 2.4559E-4 2.59228E-4 2.4958E-4 1.55591E-4 2.95385E-4 3.42069E-4 1.8001E-4 1.65853E-4 1.78773E-4 2.14582E-4 1.79587E-4 1.83887E-4 1.79298E-4 1.64489E-4 1.59027E-4 1.58405E-4 2.07395E-4 3.83431E-4 4.44809E-4 3.22193E-4 2.60657E-4 2.22086E-4 2.06594E-4 2.31446E-4 3.26997E-4 2.81548E-4 2.96406E-4 2.95729E-4 2.67569E-4 2.09947E-4 2.02666E-4 2.06485E-4 2.0255E-4 2.12468E-4 3.19457E-4 2.36639E-4 2.04044E-4 2.5132E-4 2.46629E-4
4.01027E-4 1.78781E-4 1.04324E-4 2.67865E-4 5.36556E-4 2.8871E-4 2.96063E-4 1.25686E-4 1.35566E-4 1.17273E-4 9.61712E-5 1.36841E-4 1.67629E-4 1.56893E-4 3.41667E-4 2.22706E-4 2.14326E-4 2.19924E-4 2.16185E-4 2.24312E-4 2.14468E-4 2.4623E-4 2.34451E-4 2.1979E-4 2.39152E-4 2.32871E-4 2.25768E-4 2.29766E-4 1.78739E-4 1.8949E-4 2.59023E-4 2.29343E-4 1.79568E-4 1.51111E-4 1.52626E-4 1.55892E-4 1.31876E-4 1.44324E-4 1.48825E-4 1.53218E-4 1.61485E-4 1.88419E-4 1.42375E-4 2.14971E-4 2.44472E-4 1.73563E-4 2.49013E-4 3.18429E-4 2.48562E-4 4.46797E-4 3.28555E-4 2.76105E-4 2.47658E-4 2.12665E-4 2.69739E-4 2.7105E-4 2.37815E-4 1.90567E-4 2.17665E-4 2.12498E-4 2.10278E-4
3.64206E-4 1.07181E-4 8.61944E-5 2.13789E-4 3.73104E-4 2.7408E-4 3.61314E-4 1.6054E-4 1.448E-4 1.20186E-4 1.29474E-4 1.57106E-4 3.09516E-4 2.33655E-4 2.12431E-4 2.37245E-4 2.16595E-4 2.22688E-4 2.18695E-4 2.16925E-4 2.26958E-4 2.0964E-4 2.02108E-4 2.25688E-4 2.28461E-4 2.35104E-4 2.22868E-4 2.15971E-4 2.29975E-4 2.18373E-4 1.83085E-4 1.65888E-4 1.84291E-4 2.55702E-4 1.8709E-4 1.81492E-4 1.8376E-4 1.41168E-4 1.41891E-4 1.56581E-4 1.94217E-4 1.47202E-4 1.09029E-4 1.58464E-4 1.26035E-4 1.55933E-4 1.88977E-4 2.30346E-4 1.9304E-4 3.24259E-4 3.96939E-4 3.5835E-4 2.63217E-4 2.43603E-4 2.27047E-4 1.98754E-4 1.8011E-4 2.09699E-4 2.13238E-4 2.13282E-4 2.75287E-4
3.44955E-4 5.4555E-5 1.15224E-4 2.35875E-4 1.82581E-4 2.25083E-4 1.8452E-4 3.70618E-4 1.38808E-4 1.68155E-4 1.19294E-4 1.84541E-4 2.83393E-4 5.72064E-4 2.31701E-4 2.20109E-4 2.13918E-4 2.16699E-4 2.14866E-4 2.12851E-4 2.36695E-4 2.37625E-4 2.43124E-4 2.26067E-4 2.09996E-4 1.94521E-4 2.00309E-4 2.15939E-4 2.05429E-4 2.15377E-4 2.03069E-4 2.23287E-4 2.58737E-4 1.48186E-4 1.7503E-4 1.53945E-4 1.63016E-4 1.94128E-4 2.06693E-4 1.63471E-4 1.36256E-4 1.14474E-4 1.1843E-4 1.89396E-4 1.84646E-4 1.7639E-4 1.98384E-4 2.13175E-4 1.33747E-4 9.52238E-5 3.74099E-4 1.81598E-4 2.39592E-4 3.00647E-4 2.68322E-4 2.43781E-4 2.91518E-4 1.91064E-4 1.9999E-4 2.21307E-4 2.68983E-4
2.71561E-4 1.42591E-4 8.20068E-5 1.8933E-4 1.45279E-4 1.95221E-4 1.9684E-4 4.79326E-4 2.33384E-4 2.22293E-4 2.14094E-4 1.48559E-4 2.79281E-4 3.16794E-4 2.30516E-4 2.37919E-4 2.00484E-4 2.25289E-4 2.23281E-4 4.35852E-4 4.95356E-4 2.26937E-4 2.10785E-4 2.15709E-4 2.01939E-4 2.11541E-4 2.00249E-4 1.97526E-4 1.92548E-4 1.90639E-4 1.99372E-4 1.80168E-4 1.78659E-4 1.9166E-4 2.02998E-4 2.34555E-4 1.41636E-4 2.52428E-4 1.55732E-4 1.74899E-4 1.88715E-4 1.44816E-4 2.10176E-4 2.60479E-4 1.3971E-4 1.96287E-4 2.18673E-4 2.57858E-4 2.35118E-4 1.77264E-4 2.29855E-4 1.22747E-4 2.40096E-4 2.83787E-4 2.61998E-4 3.01702E-4 2.81738E-4 3.1239E-4 2.58708E-4 2.13814E-4 1.86877E-4
1.94051E-4 1.40184E-4 9.72627E-5 2.0125E-4 1.49123E-4 1.95996E-4 3.61419E-4 3.60157E-4 1.93415E-4 1.79003E-4 1.78732E-4 1.87347E-4 2.14826E-4 2.2487E-4 2.2057E-4 2.28975E-4 2.19407E-4 2.25021E-4 2.22967E-4 6.47176E-4 5.40399E-4 2.15242E-4 1.85862E-4 2.09437E-4 2.31986E-4 2.04458E-4 1.93791E-4 1.91083E-4 1.93095E-4 1.95855E-4 1.87428E-4 1.76175E-4 1.86336E-4 1.78139E-4 1.90566E-4 1.55771E-4 1.4036E-4 2.68943E-4 2.34556E-4 2.39821E-4 1.49509E-4 2.22961E-4 2.99074E-4 2.58396E-4 2.62362E-4 3.14024E-4 2.81133E-4 3.82932E-4 3.15407E-4 1.73219E-4 1.43365E-4 1.2077E-4 2.03216E-4 1.65437E-4 2.56863E-4 3.25517E-4 2.2241E-4 2.7993E-4 2.90349E-4 3.05112E-4 1.74579E-4
8.45879E-5 3.24067E-5 1.07677E-4 3.14427E-4 1.89982E-4 2.11777E-4 6.18582E-4 1.93115E-4 2.31586E-4 1.89929E-4 1.79452E-4 1.88438E-4 2.06678E-4 2.25265E-4 2.16602E-4 2.17408E-4 2.18314E-4 2.16047E-4 2.18542E-4 4.18597E-4 2.34466E-4 2.25295E-4 2.15489E-4 1.96359E-4 1.96748E-4 1.97313E-4 1.96781E-4 2.02632E-4 1.82E-4 1.84805E-4 1.76756E-4 1.74508E-4 1.79398E-4 1.74061E-4 1.89311E-4 1.50098E-4 1.39971E-4 1.83175E-4 3.62596E-4 2.14683E-4 1.61324E-4 1.38688E-4 1.65551E-4 2.58502E-4 2.00553E-4 2.19413E-4 4.0454E-4 4.48016E-4 2.61966E-4 2.42061E-4 2.20041E-4 1.31303E-4 9.07353E-5 1.38881E-4 3.2209E-4 2.58681E-4 2.14679E-4 1.97007E-4 2.8216E-4 2.51036E-4 1.79172E-4
