Candidate_Models_Sept202022/M_0.5_F_lqp_Set_1_cal/Bison.asc
ncols         97
nrows         127
xllcorner     -2197417.7431653
yllcorner     -584827.01486885
cellsize      30000.0
NODATA_value  -9999
[rows 0 to 26 of 127, columns 0 to 60 of 97]
-9999 -9999 -9999 -9999 -9999 -9999 -9999 -9999 -9999 -9999 -9999 -9999 -9999 -9999 -9999 -9999 -9999 -9999 -9999 -9999 -9999 -9999 -9999 -9999 -9999 -9999 -9999 -9999 -9999 -9999 -9999 -9999 -9999 -9999 -9999 -9999 -9999 -9999 -9999 -9999 -9999 -9999 -9999 -9999 -9999 -9999 -9999 -9999 -9999 -9999 -9999 -9999 -9999 -9999 -9999 -9999 -9999 -9999 -9999 -9999 -9999
-9999 -9999 -9999 -9999 -9999 -9999 -9999 -9999 -9999 -9999 -9999 -9999 -9999 -9999 -9999 -9999 -9999 -9999 -9999 -9999 -9999 -9999 -9999 -9999 -9999 -9999 -9999 -9999 -9999 -9999 -9999 -9999 -9999 -9999 -9999 -9999 -9999 -9999 -9999 -9999 -9999 -9999 -9999 -9999 -9999 -9999 -9999 -9999 -9999 -9999 -9999 -9999 -9999 -9999 -9999 -9999 -9999 -9999 -9999 -9999 -9999
-9999 -9999 -9999 -9999 -9999 -9999 -9999 -9999 -9999 -9999 -9999 -9999 -9999 -9999 -9999 -9999 -9999 -9999 -9999 -9999 -9999 -9999 -9999 -9999 -9999 -9999 -9999 -9999 -9999 -9999 -9999 -9999 -9999 -9999 -9999 -9999 -9999 -9999 -9999 -9999 -9999 -9999 -9999 -9999 -9999 -9999 -9999 -9999 -9999 -9999 -9999 -9999 -9999 -9999 -9999 -9999 -9999 -9999 -9999 -9999 -9999
-9999 -9999 -9999 -9999 -9999 -9999 -9999 -9999 -9999 -9999 -9999 -9999 -9999 -9999 -9999 -9999 -9999 -9999 -9999 3.62979E-2 6.56274E-2 3.95119E-2 3.67862E-2 -9999 -9999 -9999 -9999 -9999 -9999 -9999 -9999 -9999 -9999 -9999 -9999 -9999 -9999 -9999 -9999 -9999 -9999 -9999 -9999 -9999 -9999 -9999 -9999 -9999 -9999 -9999 -9999 -9999 -9999 -9999 -9999 -9999 -9999 -9999 -9999 -9999 -9999
-9999 -9999 -9999 -9999 -9999 -9999 -9999 -9999 -9999 -9999 -9999 -9999 -9999 -9999 -9999 -9999 -9999 -9999 3.54219E-2 3.04089E-2 3.43594E-2 3.41941E-2 4.33555E-2 2.38435E-2 1.26566E-2 -9999 -9999 -9999 -9999 -9999 -9999 -9999 -9999 -9999 -9999 -9999 -9999 -9999 -9999 -9999 -9999 -9999 -9999 -9999 -9999 -9999 -9999 -9999 -9999 -9999 -9999 -9999 -9999 -9999 -9999 -9999 -9999 -9999 -9999 -9999 -9999
-9999 -9999 -9999 -9999 -9999 -9999 -9999 -9999 -9999 -9999 -9999 -9999 -9999 -9999 -9999 -9999 -9999 -9999 2.05282E-2 1.85781E-2 2.14849E-2 2.62222E-2 2.60168E-2 1.31014E-2 1.08821E-2 -9999 -9999 -9999 -9999 -9999 -9999 -9999 -9999 -9999 -9999 -9999 -9999 -9999 -9999 -9999 -9999 -9999 -9999 -9999 -9999 -9999 -9999 -9999 -9999 -9999 -9999 -9999 -9999 -9999 -9999 -9999 -9999 -9999 -9999 -9999 -9999
-9999 -9999 -9999 -9999 -9999 -9999 -9999 -9999 -9999 -9999 -9999 -9999 -9999 -9999 -9999 -9999 -9999 1.59212E-2 1.85575E-2 6.39173E-3 7.34659E-3 1.22522E-2 1.83539E-2 1.37983E-2 1.00077E-2 9.52955E-3 -9999 1.18863E-2 1.11517E-2 1.25509E-2 -9999 -9999 -9999 -9999 -9999 -9999 -9999 -9999 9.47676E-3 -9999 -9999 -9999 -9999 -9999 -9999 -9999 -9999 -9999 -9999 -9999 -9999 -9999 -9999 -9999 -9999 -9999 -9999 -9999 -9999 -9999 -9999
-9999 -9999 -9999 -9999 -9999 -9999 -9999 -9999 -9999 -9999 -9999 -9999 -9999 -9999 -9999 -9999 2.55106E-2 2.53366E-2 7.36887E-3 4.0077E-3 4.01727E-3 5.43365E-3 9.88359E-3 1.32513E-2 1.16727E-2 9.73883E-3 1.15275E-2 1.07091E-2 1.00424E-2 1.04969E-2 1.09437E-2 1.12046E-2 9.91374E-3 9.53357E-3 9.7334E-3 1.0363E-2 1.08263E-2 -9999 8.63321E-3 8.07638E-3 -9999 -9999 -9999 -9999 -9999 -9999 -9999 -9999 -9999 -9999 -9999 -9999 -9999 -9999 -9999 -9999 -9999 -9999 -9999 -9999 -9999
-9999 -9999 -9999 -9999 -9999 -9999 -9999 -9999 -9999 -9999 -9999 -9999 -9999 -9999 -9999 2.29519E-2 2.60384E-2 1.53693E-2 5.43298E-3 3.44015E-3 2.72581E-3 3.59925E-3 7.38813E-3 1.51635E-2 1.53464E-2 1.04566E-2 1.55732E-2 1.60801E-2 9.74957E-3 8.59482E-3 9.25724E-3 9.49244E-3 9.54122E-3 9.3863E-3 1.00667E-2 1.3325E-2 1.19348E-2 1.20199E-2 9.01635E-3 8.86626E-3 -9999 -9999 -9999 -9999 -9999 -9999 -9999 -9999 -9999 -9999 -9999 -9999 -9999 -9999 -9999 -9999 -9999 -9999 -9999 -9999 -9999
-9999 -9999 -9999 -9999 -9999 -9999 -9999 -9999 -9999 -9999 -9999 -9999 -9999 -9999 -9999 3.59987E-2 2.74171E-2 1.34091E-2 4.00291E-3 4.19832E-3 5.0827E-3 7.00644E-3 9.81704E-3 1.592E-2 1.73447E-2 1.07014E-2 1.42169E-2 1.39156E-2 8.5721E-3 8.6129E-3 1.1669E-2 1.08496E-2 1.03501E-2 1.24182E-2 1.18842E-2 1.56402E-2 1.73609E-2 1.48716E-2 1.14906E-2 -9999 -9999 -9999 8.23983E-3 -9999 -9999 -9999 -9999 -9999 -9999 -9999 -9999 -9999 -9999 -9999 -9999 -9999 -9999 -9999 -9999 -9999 -9999
-9999 -9999 -9999 -9999 -9999 -9999 -9999 -9999 -9999 -9999 -9999 -9999 -9999 -9999 1.87161E-2 3.09502E-2 3.00748E-2 1.58054E-2 1.33386E-2 7.34287E-3 7.70661E-3 8.63225E-3 1.77995E-2 2.1062E-2 1.84944E-2 1.49062E-2 1.56247E-2 1.24924E-2 1.26745E-2 9.16841E-3 1.42077E-2 1.13141E-2 9.68609E-3 1.41356E-2 2.0161E-2 2.0343E-2 2.04267E-2 1.51748E-2 1.13385E-2 -9999 -9999 8.41134E-3 -9999 -9999 -9999 -9999 -9999 -9999 -9999 -9999 -9999 -9999 -9999 -9999 -9999 -9999 -9999 -9999 -9999 -9999 -9999
-9999 -9999 -9999 -9999 -9999 -9999 -9999 -9999 -9999 -9999 -9999 -9999 -9999 1.52116E-2 3.06681E-2 3.27788E-2 3.05602E-2 1.6613E-2 1.48613E-2 1.40219E-2 9.95801E-3 1.28508E-2 1.7999E-2 2.49609E-2 1.52489E-2 1.38881E-2 1.47279E-2 1.35343E-2 8.11267E-3 7.82264E-3 8.62858E-3 1.12225E-2 1.14006E-2 1.64732E-2 1.98046E-2 2.07288E-2 2.23021E-2 1.46895E-2 1.15945E-2 8.83639E-3 7.51421E-3 8.08939E-3 -9999 1.06857E-2 1.07738E-2 -9999 -9999 -9999 -9999 -9999 -9999 -9999 -9999 -9999 -9999 -9999 -9999 -9999 -9999 -9999 -9999
-9999 -9999 -9999 -9999 -9999 -9999 -9999 -9999 -9999 -9999 -9999 -9999 -9999 3.25545E-2 3.20269E-2 2.69625E-2 2.34914E-2 1.38867E-2 2.55786E-2 5.35337E-3 7.79611E-3 8.18984E-3 1.55357E-2 1.41407E-2 9.32656E-3 1.2084E-2 1.28584E-2 8.68326E-3 8.57124E-3 7.97268E-3 1.08816E-2 1.15864E-2 1.42441E-2 1.4186E-2 1.64939E-2 1.95982E-2 1.3147E-2 1.27457E-2 9.46008E-3 7.27436E-3 7.17856E-3 1.11328E-2 1.11323E-2 1.17268E-2 1.21572E-2 1.35127E-2 -9999 -9999 -9999 -9999 -9999 -9999 -9999 -9999 -9999 -9999 -9999 -9999 -9999 -9999 -9999
-9999 -9999 -9999 -9999 -9999 -9999 -9999 -9999 -9999 -9999 -9999 -9999 5.13498E-2 5.24694E-2 3.36366E-2 2.86051E-2 2.33109E-2 1.41354E-2 1.49341E-2 1.1043E-2 9.50488E-3 1.1114E-2 1.3752E-2 1.27308E-2 9.57822E-3 6.75875E-3 1.04138E-2 5.87076E-3 1.46882E-2 1.67301E-2 1.35129E-2 9.79298E-3 8.90156E-3 1.08397E-2 1.13516E-2 1.2944E-2 9.31288E-3 1.03412E-2 9.66609E-3 7.26306E-3 6.80421E-3 7.62824E-3 1.11126E-2 1.27772E-2 1.387E-2 1.36672E-2 1.32965E-2 -9999 -9999 -9999 5.07695E-3 4.12727E-3 -9999 -9999 -9999 -9999 -9999 -9999 -9999 -9999 -9999
-9999 -9999 -9999 -9999 -9999 -9999 -9999 -9999 -9999 -9999 -9999 3.03338E-2 2.50754E-2 5.19762E-2 2.929E-2 2.38711E-2 1.15497E-2 1.20965E-2 1.31535E-2 1.41752E-2 1.12692E-2 2.18025E-2 1.90498E-2 1.35691E-2 5.4903E-3 4.88496E-3 1.30339E-2 1.32839E-2 1.03459E-2 9.40256E-3 9.46899E-3 1.0181E-2 7.44933E-3 7.36954E-3 1.31568E-2 1.56286E-2 1.45287E-2 1.26477E-2 1.10747E-2 8.16392E-3 7.75892E-3 8.09826E-3 9.56662E-3 1.10834E-2 1.14398E-2 1.21507E-2 1.16961E-2 1.01118E-2 -9999 -9999 -9999 4.96706E-3 4.322E-3 -9999 -9999 -9999 -9999 -9999 -9999 -9999 -9999
-9999 -9999 -9999 -9999 -9999 -9999 -9999 -9999 -9999 -9999 -9999 2.76011E-2 2.45739E-2 2.36564E-2 1.47293E-2 9.09131E-3 6.57311E-3 9.22766E-3 7.1634E-3 1.2672E-2 1.56442E-2 1.9399E-2 1.67112E-2 1.52471E-2 4.3912E-3 5.53739E-3 1.14001E-2 1.91471E-2 2.19611E-2 1.70373E-2 9.13487E-3 7.95054E-3 6.44644E-3 6.83794E-3 1.29188E-2 1.44444E-2 1.2568E-2 1.15839E-2 9.89732E-3 8.18337E-3 9.0984E-3 9.46325E-3 9.60352E-3 1.24193E-2 9.27462E-3 1.01868E-2 9.31704E-3 8.57792E-3 8.71168E-3 -9999 -9999 5.57582E-3 5.12598E-3 4.82376E-3 4.82621E-3 -9999 -9999 -9999 -9999 -9999 -9999
-9999 -9999 -9999 -9999 -9999 -9999 -9999 -9999 -9999 -9999 4.00937E-2 3.42983E-2 4.07081E-2 1.37962E-2 5.42454E-3 5.34976E-3 6.30588E-3 5.65989E-3 7.31311E-3 1.22374E-2 3.08818E-2 2.02846E-2 1.07564E-2 1.77863E-2 6.13515E-3 7.07181E-3 6.80253E-3 8.20797E-3 1.77968E-2 9.12264E-3 1.03856E-2 7.40123E-3 1.20394E-2 9.58266E-3 1.62469E-2 1.85278E-2 1.77862E-2 1.59075E-2 1.63421E-2 1.0327E-2 9.65923E-3 9.82883E-3 1.01644E-2 1.08514E-2 9.27976E-3 8.49031E-3 7.89171E-3 8.49011E-3 8.52409E-3 7.67567E-3 7.06423E-3 8.64465E-3 -9999 -9999 5.12129E-3 4.89583E-3 -9999 -9999 -9999 -9999 -9999
-9999 -9999 -9999 -9999 -9999 -9999 -9999 -9999 -9999 5.77339E-2 3.7679E-2 3.28939E-2 2.91886E-2 1.53005E-2 6.65627E-3 7.82054E-3 6.40992E-3 9.21488E-3 7.99631E-3 1.09064E-2 1.96077E-2 2.11714E-2 1.51718E-2 1.18661E-2 5.38748E-3 6.65138E-3 7.98329E-3 6.78845E-3 8.70266E-3 1.06945E-2 1.74151E-2 1.05983E-2 9.96821E-3 1.59647E-2 1.70364E-2 1.70247E-2 1.78185E-2 2.52227E-2 2.59697E-2 2.08672E-2 1.02151E-2 1.00014E-2 9.72826E-3 1.0311E-2 9.47188E-3 7.83051E-3 7.9489E-3 8.55033E-3 8.11711E-3 7.04241E-3 7.19748E-3 7.69304E-3 7.25311E-3 -9999 4.92387E-3 4.91545E-3 4.49924E-3 3.89196E-3 -9999 -9999 -9999
-9999 -9999 -9999 -9999 -9999 -9999 -9999 -9999 3.42679E-2 4.067E-2 5.25949E-2 3.06614E-2 2.49885E-2 3.08023E-2 2.4681E-2 2.03127E-2 1.65919E-2 1.51688E-2 1.04944E-2 1.04625E-2 1.35175E-2 1.46463E-2 2.12082E-2 1.47861E-2 7.51366E-3 7.44734E-3 6.53247E-3 6.15291E-3 6.47667E-3 5.866E-3 1.30068E-2 1.3594E-2 1.52566E-2 2.05908E-2 2.03593E-2 1.67402E-2 1.91989E-2 2.74528E-2 2.95397E-2 3.88206E-2 1.64295E-2 1.17913E-2 9.829E-3 1.00659E-2 8.87042E-3 7.77263E-3 8.67179E-3 9.15911E-3 8.1546E-3 7.2274E-3 7.29244E-3 7.59251E-3 7.84029E-3 8.01199E-3 5.41816E-3 5.02569E-3 4.1449E-3 3.76569E-3 3.53458E-3 3.14066E-3 3.06103E-3
-9999 -9999 -9999 -9999 -9999 -9999 -9999 -9999 1.74689E-2 1.48769E-2 2.54246E-2 3.13547E-2 2.19067E-2 3.70296E-2 4.47225E-2 4.98635E-2 2.24274E-2 2.47067E-2 2.33007E-2 1.56092E-2 1.25196E-2 1.3173E-2 1.30014E-2 1.73501E-2 1.08066E-2 1.34578E-2 8.39804E-3 6.68474E-3 1.05756E-2 1.06307E-2 1.54314E-2 1.70623E-2 1.94368E-2 2.55291E-2 2.24548E-2 2.13413E-2 2.41471E-2 2.66549E-2 2.85594E-2 3.23477E-2 2.18493E-2 1.15885E-2 1.0672E-2 1.02267E-2 9.73101E-3 9.63298E-3 9.96211E-3 1.03265E-2 9.7555E-3 7.88242E-3 7.50267E-3 8.40715E-3 8.81992E-3 8.21895E-3 -9999 5.61539E-3 4.79712E-3 4.81774E-3 3.71824E-3 3.34151E-3 3.00475E-3
-9999 -9999 -9999 -9999 -9999 -9999 -9999 3.18395E-2 3.18081E-2 3.17325E-2 3.88486E-2 2.90304E-2 3.34506E-2 3.15062E-2 4.85619E-2 5.11673E-2 3.57861E-2 5.01305E-2 4.3587E-2 3.51765E-2 2.6805E-2 2.68485E-2 2.16965E-2 2.09963E-2 1.08156E-2 1.7813E-2 1.88856E-2 1.08283E-2 1.56873E-2 1.73962E-2 1.78871E-2 2.08544E-2 2.37222E-2 3.15617E-2 3.43834E-2 4.01747E-2 1.8616E-2 2.81358E-2 2.24436E-2 3.57488E-2 1.80161E-2 1.26861E-2 1.18346E-2 1.11926E-2 1.1468E-2 1.08851E-2 1.04091E-2 1.02939E-2 1.01013E-2 1.00265E-2 9.23905E-3 9.30676E-3 -9999 -9999 -9999 -9999 -9999 -9999 -9999 -9999 -9999
-9999 -9999 -9999 -9999 -9999 -9999 4.07232E-2 5.56256E-2 4.43168E-2 3.56824E-2 4.84862E-2 5.06701E-2 3.62735E-2 4.01395E-2 4.17894E-2 3.75233E-2 4.06356E-2 6.42735E-2 5.58113E-2 6.79129E-2 5.40716E-2 3.23338E-2 2.76251E-2 5.48362E-2 2.38365E-2 1.48216E-2 2.14797E-2 2.25514E-2 1.33961E-2 1.08174E-2 1.46233E-2 1.61966E-2 2.59971E-2 4.67201E-2 4.10512E-2 2.1192E-2 3.77473E-2 2.56505E-2 4.07644E-2 3.97658E-2 1.5108E-2 2.15722E-2 1.55347E-2 1.42716E-2 1.30239E-2 1.19291E-2 1.1476E-2 1.1108E-2 1.07891E-2 9.90762E-3 1.04308E-2 1.07848E-2 9.20923E-3 8.98067E-3 -9999 -9999 -9999 -9999 -9999 -9999 -9999
-9999 -9999 -9999 -9999 -9999 -9999 4.22324E-2 4.29081E-2 3.36477E-2 3.708E-2 3.3355E-2 4.05189E-2 4.29409E-2 2.51416E-2 2.95514E-2 3.94306E-2 4.2606E-2 5.7408E-2 5.0077E-2 5.7592E-2 4.67666E-2 5.91437E-2 4.31973E-2 3.73319E-2 4.67829E-2 3.62252E-2 1.93367E-2 1.74154E-2 1.96133E-2 9.89429E-3 2.27467E-2 2.33801E-2 3.27746E-2 2.11496E-2 2.19636E-2 2.97136E-2 3.72145E-2 4.03267E-2 2.72793E-2 2.89639E-2 2.08514E-2 2.45177E-2 1.67724E-2 1.73822E-2 1.86981E-2 1.69488E-2 1.63244E-2 1.30594E-2 1.25523E-2 1.02061E-2 9.65712E-3 7.45055E-3 6.69451E-3 6.56091E-3 6.36006E-3 6.73646E-3 5.82759E-3 4.89989E-3 4.93867E-3 5.23444E-3 3.88025E-3
-9999 -9999 -9999 -9999 -9999 3.65796E-2 3.33367E-2 3.31104E-2 2.69161E-2 6.46181E-2 6.70862E-2 5.01133E-2 3.37674E-2 3.1757E-2 2.97274E-2 3.42317E-2 4.00077E-2 5.10868E-2 4.0853E-2 4.91203E-2 6.35878E-2 6.14233E-2 5.55881E-2 5.00316E-2 4.90675E-2 4.59688E-2 3.22991E-2 2.0206E-2 2.24319E-2 1.62735E-2 9.66375E-3 2.74002E-2 3.84094E-2 4.15783E-2 2.84486E-2 2.72126E-2 3.85588E-2 -9999 -9999 2.55943E-2 -9999 -9999 -9999 3.27715E-2 2.3336E-2 1.64434E-2 1.40462E-2 1.1818E-2 1.01781E-2 1.0658E-2 9.95812E-3 6.72597E-3 6.023E-3 5.61848E-3 5.90412E-3 6.43594E-3 4.07462E-3 4.05895E-3 3.59117E-3 3.87938E-3 4.04276E-3
-9999 -9999 -9999 -9999 4.76251E-2 3.07994E-2 2.33501E-2 2.61165E-2 3.64907E-2 5.09605E-2 6.72278E-2 4.84094E-2 3.83265E-2 2.60778E-2 3.27295E-2 4.15907E-2 4.07601E-2 4.79633E-2 4.38459E-2 5.07974E-2 7.22659E-2 5.04416E-2 4.3491E-2 5.56151E-2 4.89758E-2 6.18089E-2 3.12366E-2 3.20399E-2 2.46959E-2 1.49612E-2 2.26457E-2 3.05988E-2 4.60186E-2 4.49641E-2 1.46795E-2 3.59944E-2 3.74785E-2 4.49711E-2 7.27735E-2 4.07367E-2 7.14812E-2 -9999 2.65805E-2 3.53013E-2 2.01062E-2 1.48501E-2 1.58594E-2 1.84004E-2 1.31601E-2 1.46806E-2 1.10932E-2 6.37582E-3 6.49203E-3 5.85649E-3 5.11139E-3 3.9259E-3 3.23699E-3 3.44035E-3 2.8689E-3 3.12007E-3 4.07227E-3
-9999 -9999 -9999 5.56699E-2 6.32321E-2 5.92467E-2 3.59888E-2 3.14623E-2 3.62245E-2 8.32361E-2 6.27099E-2 6.40477E-2 5.56204E-2 3.03432E-2 4.17368E-2 3.33291E-2 3.7944E-2 4.17557E-2 6.00021E-2 5.39891E-2 3.70683E-2 2.10583E-2 4.98881E-2 4.18108E-2 3.50308E-2 3.7495E-2 3.47965E-2 3.45965E-2 3.24585E-2 1.97603E-2 2.2446E-2 4.13519E-2 3.87686E-2 3.08657E-2 2.50737E-2 4.2444E-2 4.73105E-2 3.89237E-2 4.04379E-2 3.04783E-2 5.61688E-2 3.68956E-2 -9999 -9999 1.59727E-2 1.84445E-2 4.20513E-2 3.52233E-2 1.82451E-2 1.19393E-2 1.61993E-2 9.09606E-3 6.51595E-3 6.28433E-3 5.06141E-3 3.62431E-3 3.41096E-3 3.23201E-3 3.11736E-3 2.92433E-3 4.07403E-3
-9999 -9999 -9999 1.08884E-2 4.75025E-2 6.1712E-2 5.33528E-2 6.23414E-2 1.04555E-1 7.11371E-2 5.48013E-2 6.12776E-2 3.88833E-2 3.61912E-2 4.95486E-2 3.76815E-2 3.82989E-2 4.50063E-2 4.45751E-2 2.87637E-2 2.1655E-2 1.66614E-2 1.72432E-2 2.50645E-2 1.96777E-2 3.83431E-2 4.72552E-2 4.02293E-2 2.84236E-2 2.02811E-2 2.41278E-2 2.88823E-2 2.50842E-2 2.68483E-2 2.31086E-2 3.53231E-2 4.6708E-2 5.64108E-2 2.96562E-2 1.81029E-2 -9999 -9999 -9999 -9999 -9999 7.49137E-2 6.21592E-2 3.15779E-2 1.57624E-2 1.24318E-2 1.19453E-2 1.99895E-2 6.84356E-3 6.63837E-3 4.39809E-3 3.26777E-3 3.4786E-3 3.53034E-3 3.98529E-3 4.80537E-3 6.95008E-3
