Candidate_Models_Sept202022/M_0.5_F_lqp_Set_1_cal/Bison.asc
ncols         97
nrows         127
xllcorner     -2197417.7431653
yllcorner     -584827.01486885
cellsize      30000.0
NODATA_value  -9999
[rows 54 to 80 of 127, columns 0 to 60 of 97]
-9999 -9999 -9999 -9999 7.77745E-3 4.05171E-3 9.34168E-4 3.32474E-3 2.22881E-3 3.2603E-4 4.89105E-4 9.63419E-3 7.02633E-3 1.33671E-2 1.36641E-2 1.24532E-2 2.1471E-2 3.61014E-2 4.3549E-2 5.12697E-2 7.13629E-2 1.05985E-1 1.02851E-1 9.12052E-2 8.40196E-2 1.69299E-1 1.02234E-1 8.24157E-2 1.28355E-1 1.1859E-1 1.22157E-1 1.32273E-1 1.43637E-1 1.54364E-1 1.50632E-1 1.55935E-1 1.52611E-1 1.45359E-1 1.48398E-1 1.75692E-1 2.72007E-1 2.64503E-1 2.03638E-1 1.68645E-1 1.61788E-1 1.30133E-1 1.50472E-1 1.21944E-1 9.88755E-2 9.07531E-2 9.81906E-2 1.04561E-1 7.50161E-2 1.22825E-1 1.43301E-1 7.66608E-2 8.88017E-2 7.67283E-2 7.63237E-2 7.58771E-2 5.01418E-2
-9999 -9999 -9999 -9999 -9999 2.46532E-3 6.26398E-4 1.48304E-3 8.30515E-3 8.91393E-4 2.63951E-4 5.81307E-3 2.81563E-2 7.78775E-3 1.34477E-2 9.72687E-3 1.32105E-2 2.04998E-2 4.37998E-2 4.01404E-2 7.93425E-2 1.06902E-1 1.05337E-1 1.41331E-1 9.73272E-2 9.4626E-2 9.23166E-2 1.00199E-1 1.81204E-1 1.71703E-1 1.53968E-1 1.42819E-1 1.50494E-1 1.48788E-1 1.42357E-1 1.79157E-1 1.74783E-1 1.67247E-1 2.04223E-1 1.96452E-1 2.5807E-1 3.17137E-1 2.11186E-1 1.64715E-1 1.70267E-1 1.59625E-1 1.38962E-1 1.11511E-1 1.13952E-1 7.38468E-2 9.67899E-2 1.15399E-1 9.80706E-2 1.52769E-1 1.25613E-1 9.92256E-2 1.00483E-1 7.84275E-2 8.23095E-2 7.17528E-2 6.09191E-2
-9999 -9999 -9999 -9999 -9999 4.90359E-3 2.27863E-3 3.65776E-3 4.42549E-3 2.30729E-3 3.80489E-5 1.57161E-3 2.64363E-3 2.42137E-3 1.96986E-2 9.62689E-3 1.90887E-2 2.34404E-2 3.60207E-2 5.58366E-2 1.10679E-1 7.74141E-2 7.71168E-2 9.9889E-2 7.97932E-2 6.78136E-2 8.36222E-2 1.49186E-1 2.3301E-1 1.68933E-1 1.87883E-1 1.74066E-1 1.7306E-1 1.78176E-1 1.95893E-1 2.14933E-1 1.84034E-1 1.74872E-1 1.9952E-1 2.06132E-1 2.98731E-1 2.45989E-1 1.83509E-1 1.81683E-1 1.71697E-1 1.56593E-1 1.43744E-1 1.25985E-1 1.40855E-1 1.31741E-1 1.54032E-1 1.34996E-1 1.59628E-1 1.31895E-1 1.05894E-1 1.19429E-1 1.06507E-1 1.03881E-1 7.28005E-2 5.74292E-2 3.08844E-2
-9999 -9999 -9999 -9999 -9999 -9999 4.3514E-3 -9999 9.32952E-3 6.60977E-4 1.47658E-4 1.14567E-3 2.39416E-3 4.45437E-3 6.22792E-3 2.82375E-2 1.77475E-2 2.1528E-2 4.10125E-2 6.75713E-2 6.63389E-2 7.21886E-2 7.44671E-2 1.00209E-1 8.53774E-2 9.34325E-2 6.35591E-2 1.50702E-1 1.95753E-1 2.04601E-1 3.52199E-1 2.88861E-1 2.07338E-1 1.91984E-1 2.08571E-1 2.35183E-1 2.3837E-1 1.91767E-1 2.01069E-1 1.83551E-1 1.94299E-1 1.41393E-1 1.95058E-1 1.7086E-1 1.24735E-1 1.44355E-1 1.23148E-1 1.46082E-1 1.53372E-1 1.63075E-1 1.56657E-1 1.45776E-1 1.35791E-1 1.36357E-1 1.25218E-1 1.11105E-1 1.03757E-1 9.36226E-2 7.58695E-2 5.51228E-2 3.81456E-2
-9999 -9999 -9999 2.78184E-3 -9999 -9999 -9999 -9999 -9999 2.03514E-3 7.34182E-4 5.23921E-4 1.95457E-3 4.23736E-3 3.54406E-3 2.46098E-2 1.68824E-2 2.97207E-2 3.58102E-2 5.61389E-2 6.02665E-2 7.7084E-2 6.81999E-2 1.15316E-1 6.85424E-2 8.20276E-2 6.74237E-2 9.97662E-2 2.64964E-1 2.67607E-1 4.50455E-1 4.0039E-1 2.10438E-1 1.70922E-1 1.82991E-1 2.51395E-1 2.35201E-1 2.86842E-1 5.28763E-1 1.95914E-1 1.80389E-1 1.42618E-1 1.7895E-1 1.53732E-1 8.79127E-2 1.14409E-1 1.62751E-1 1.59441E-1 1.56588E-1 1.44056E-1 1.63514E-1 1.57194E-1 1.47726E-1 1.34079E-1 1.17715E-1 1.18366E-1 9.99381E-2 8.90051E-2 8.04166E-2 7.12402E-2 5.75986E-2
-9999 -9999 -9999 1.95381E-3 4.62166E-3 8.12147E-3 -9999 -9999 -9999 2.9664E-3 1.54047E-4 1.1291E-3 2.67873E-3 6.66343E-3 8.37715E-3 3.88357E-2 3.14346E-2 2.36862E-2 5.05417E-2 6.22453E-2 5.10805E-2 5.57649E-2 7.65719E-2 6.82009E-2 7.94037E-2 5.37044E-2 5.36672E-2 1.02386E-1 3.1127E-1 4.11921E-1 5.36042E-1 4.74549E-1 2.33711E-1 2.27457E-1 2.28426E-1 2.31412E-1 2.44288E-1 4.71376E-1 4.24439E-1 2.01983E-1 2.0144E-1 2.07345E-1 1.81075E-1 1.67539E-1 1.46443E-1 1.52916E-1 1.53627E-1 1.33381E-1 1.39626E-1 2.22469E-1 1.93101E-1 1.61265E-1 1.36084E-1 1.39876E-1 9.35267E-2 1.29549E-1 9.99326E-2 1.10106E-1 1.06663E-1 8.05173E-2 5.58208E-2
-9999 -9999 -9999 1.58859E-3 5.74098E-3 1.1794E-2 6.78983E-3 -9999 -9999 1.13274E-2 3.51325E-4 4.49988E-3 2.49459E-3 5.36622E-3 9.03976E-3 2.10113E-2 3.1901E-2 4.11888E-2 5.78909E-2 5.34457E-2 6.70037E-2 5.60696E-2 4.51462E-2 4.06711E-2 7.10279E-2 8.49453E-3 7.52265E-3 6.72943E-2 1.9833E-1 2.15556E-1 6.27984E-1 6.59521E-1 4.35197E-1 5.1931E-1 4.64889E-1 3.27249E-1 3.66622E-1 3.96554E-1 3.40993E-1 2.02035E-1 2.22026E-1 2.09434E-1 2.0423E-1 1.79135E-1 1.56593E-1 1.45778E-1 1.45018E-1 1.47892E-1 1.46451E-1 2.9284E-1 2.72334E-1 2.48999E-1 1.27367E-1 1.20849E-1 9.18648E-2 1.34281E-1 1.10674E-1 1.2711E-1 1.07898E-1 8.03869E-2 5.07294E-2
-9999 -9999 -9999 1.18215E-3 3.69073E-3 6.22012E-3 -9999 -9999 5.66614E-3 2.61052E-4 1.01368E-4 1.09252E-3 1.75607E-3 5.16443E-3 1.4164E-2 2.20018E-2 1.19213E-1 5.20553E-2 6.63193E-2 3.97451E-2 6.73529E-2 6.21551E-2 6.28047E-2 5.26634E-2 5.71459E-2 1.153E-2 5.88112E-3 4.90381E-2 1.24667E-1 3.80365E-1 5.69877E-1 7.10107E-1 6.26795E-1 5.18451E-1 6.12118E-1 4.97096E-1 4.54802E-1 5.45449E-1 3.78685E-1 2.68218E-1 2.61544E-1 2.44618E-1 2.11913E-1 1.76482E-1 1.73226E-1 1.8715E-1 1.65357E-1 1.75204E-1 2.13586E-1 2.91952E-1 2.94422E-1 1.659E-1 1.52425E-1 1.16444E-1 7.44557E-2 1.49021E-1 1.23989E-1 1.01822E-1 1.08048E-1 8.22353E-2 7.61042E-2
-9999 -9999 -9999 1.08551E-3 5.77047E-3 -9999 -9999 1.62802E-2 3.08391E-3 3.98493E-4 1.83871E-4 1.15784E-3 2.0978E-3 1.73286E-3 1.65042E-2 2.95479E-2 1.00762E-1 6.60171E-2 6.29751E-2 6.36993E-2 7.27509E-2 7.37491E-2 5.5618E-2 6.1363E-2 5.5152E-2 1.81088E-2 2.89396E-3 3.17864E-2 7.41879E-2 1.30058E-1 3.91816E-1 6.31497E-1 4.31895E-1 4.68641E-1 7.24959E-1 6.18427E-1 5.99199E-1 7.42265E-1 5.10543E-1 2.84932E-1 2.70882E-1 2.1628E-1 1.82697E-1 1.7997E-1 1.89872E-1 2.07431E-1 1.83566E-1 1.75136E-1 1.6659E-1 2.26747E-1 2.69601E-1 1.48228E-1 1.26737E-1 1.24115E-1 1.03378E-1 1.15995E-1 1.22523E-1 1.1121E-1 1.28883E-1 9.30972E-2 6.89352E-2
-9999 -9999 -9999 5.85175E-4 1.25734E-3 -9999 -9999 -9999 5.3948E-3 3.93924E-4 3.23426E-4 1.61438E-3 6.29765E-4 6.37348E-3 2.42003E-2 5.35727E-2 8.72308E-2 8.32442E-2 8.91491E-2 6.93536E-2 8.62879E-2 9.80899E-2 8.38054E-2 5.72649E-2 5.25397E-2 2.16139E-2 9.21214E-3 2.75979E-2 5.01217E-2 8.48965E-2 1.51159E-1 4.20922E-1 5.25182E-1 5.71514E-1 6.3164E-1 6.36816E-1 5.66291E-1 4.83997E-1 3.07559E-1 2.57959E-1 2.11701E-1 2.12653E-1 1.92256E-1 1.87607E-1 2.04372E-1 2.12137E-1 2.43853E-1 1.86063E-1 1.79869E-1 2.42275E-1 2.36784E-1 1.58618E-1 1.45088E-1 1.33064E-1 1.25752E-1 9.50898E-2 1.33543E-1 1.2041E-1 1.3247E-1 1.15958E-1 8.57534E-2
-9999 -9999 -9999 1.06322E-3 5.51092E-3 -9999 -9999 -9999 8.67836E-3 2.75361E-3 1.15961E-3 2.99668E-4 5.34555E-3 1.07515E-2 1.55193E-2 5.42578E-2 7.30645E-2 9.28468E-2 1.2244E-1 7.28174E-2 7.00397E-2 1.4283E-1 9.9285E-2 7.5083E-2 5.83593E-2 3.24398E-2 1.06006E-2 2.31484E-2 3.58247E-2 7.75676E-2 1.13628E-1 4.54808E-1 5.35813E-1 6.34418E-1 4.96995E-1 5.73026E-1 5.07601E-1 5.45018E-1 3.08276E-1 3.02582E-1 2.23372E-1 2.20786E-1 1.81539E-1 1.89144E-1 3.16954E-1 3.0895E-1 2.66369E-1 1.92986E-1 1.72426E-1 2.24549E-1 3.21033E-1 1.886E-1 1.47878E-1 1.05646E-1 1.50465E-1 9.70771E-2 1.1887E-1 1.13175E-1 9.88082E-2 1.32917E-1 8.46301E-2
-9999 -9999 -9999 2.73093E-4 5.92607E-3 -9999 -9999 -9999 1.07261E-2 8.79027E-4 1.0249E-4 7.12162E-5 2.43074E-3 8.83036E-3 9.15418E-2 5.30252E-2 5.05901E-2 1.02068E-1 8.87895E-2 8.75366E-2 1.50142E-1 1.90311E-1 1.07668E-1 8.29561E-2 5.8519E-2 2.82355E-2 1.26137E-2 1.30447E-2 2.54995E-2 4.52164E-2 8.83357E-2 2.69035E-1 4.74345E-1 6.61956E-1 5.43554E-1 5.5517E-1 3.06961E-1 4.93059E-1 5.11724E-1 3.52851E-1 1.77781E-1 1.66478E-1 1.86944E-1 1.95824E-1 2.22813E-1 2.13985E-1 2.19285E-1 2.06483E-1 2.53339E-1 2.44842E-1 2.32044E-1 2.10382E-1 1.6208E-1 1.49352E-1 1.32237E-1 1.26571E-1 1.06458E-1 1.53321E-1 1.20083E-1 1.26806E-1 1.26966E-1
-9999 -9999 -9999 -9999 1.84987E-3 -9999 -9999 -9999 -9999 4.05144E-3 2.03241E-4 2.21029E-4 1.55321E-3 3.44411E-3 2.19243E-2 4.4099E-2 4.29988E-2 9.89143E-2 1.21916E-1 1.45946E-1 1.16379E-1 3.20046E-1 1.69497E-1 1.10146E-1 1.05343E-1 4.20186E-2 1.57704E-2 9.45642E-3 1.90605E-2 2.50294E-2 6.38174E-2 1.02695E-1 1.41239E-1 2.30333E-1 1.93313E-1 2.63249E-1 4.77463E-1 3.94493E-1 2.13389E-1 1.63309E-1 2.58037E-1 1.88014E-1 2.74835E-1 2.18583E-1 2.18346E-1 2.70313E-1 2.63213E-1 2.75827E-1 1.90453E-1 1.87247E-1 3.20064E-1 1.9059E-1 1.81318E-1 1.77648E-1 1.85077E-1 1.41642E-1 1.34182E-1 1.31718E-1 1.28791E-1 1.38792E-1 1.40234E-1
-9999 -9999 -9999 -9999 4.12029E-3 -9999 -9999 -9999 -9999 1.17895E-2 1.69561E-3 5.56501E-4 1.56685E-3 2.93485E-3 1.51366E-2 4.22792E-2 8.10516E-2 9.49042E-2 1.09838E-1 9.75222E-2 1.1395E-1 1.53543E-1 1.23007E-1 2.0564E-1 2.65422E-1 5.1722E-2 2.02974E-2 6.91802E-3 1.08729E-2 2.13454E-2 3.8103E-2 5.67533E-2 1.2454E-1 2.51781E-1 1.58473E-1 1.6501E-1 2.80256E-1 1.79377E-1 1.12859E-1 8.61096E-2 1.94227E-1 1.39195E-1 1.9782E-1 2.78326E-1 2.39185E-1 2.74137E-1 4.16394E-1 2.74513E-1 2.44863E-1 2.62658E-1 2.90733E-1 2.27157E-1 2.20808E-1 1.80322E-1 1.76679E-1 1.79498E-1 1.60785E-1 1.60233E-1 1.46138E-1 1.20856E-1 1.22111E-1
-9999 -9999 -9999 -9999 -9999 -9999 -9999 -9999 -9999 7.97078E-3 6.17189E-3 7.70232E-4 1.84085E-3 4.21325E-3 6.41427E-3 2.43786E-2 8.36474E-2 9.09878E-2 9.20637E-2 1.20169E-1 1.12181E-1 1.23666E-1 1.34515E-1 1.05779E-1 7.8177E-2 2.07895E-2 1.11532E-2 1.45506E-2 7.80465E-3 2.01411E-2 3.88331E-2 6.02107E-2 7.89083E-2 1.60093E-1 9.01448E-2 1.43999E-1 3.00591E-1 2.64821E-1 1.2699E-1 1.75578E-1 2.34664E-1 1.8584E-1 2.556E-1 2.92286E-1 4.69488E-1 5.30482E-1 5.454E-1 3.31962E-1 2.76768E-1 2.58141E-1 2.9839E-1 2.83123E-1 2.14317E-1 1.38314E-1 1.87774E-1 1.62452E-1 1.63024E-1 1.83588E-1 1.46705E-1 1.25371E-1 1.3143E-1
-9999 -9999 -9999 -9999 -9999 -9999 -9999 -9999 -9999 -9999 6.58621E-3 1.44419E-3 1.22671E-3 2.44322E-3 1.15906E-2 2.16385E-2 7.05646E-2 7.17583E-2 9.24372E-2 1.06143E-1 1.10678E-1 1.11698E-1 1.30553E-1 1.15275E-1 7.17684E-2 2.41088E-2 1.41504E-2 1.17502E-2 1.2666E-2 1.50099E-2 3.46982E-2 6.71924E-2 9.88452E-2 1.00505E-1 1.308E-1 1.3658E-1 2.3089E-1 2.74082E-1 1.74938E-1 2.12935E-1 2.37414E-1 4.26769E-1 4.17377E-1 5.22027E-1 5.8176E-1 6.05026E-1 5.01777E-1 6.50714E-1 2.93231E-1 2.7216E-1 3.77286E-1 2.96875E-1 1.86766E-1 1.78535E-1 1.78504E-1 1.84627E-1 2.14036E-1 2.21367E-1 1.77364E-1 1.4133E-1 1.66096E-1
-9999 -9999 -9999 -9999 -9999 -9999 -9999 -9999 -9999 -9999 5.27263E-3 1.02668E-3 1.67529E-4 1.04594E-3 1.16966E-2 1.60646E-2 7.51448E-2 1.08161E-1 8.27469E-2 1.13702E-1 1.14429E-1 1.10869E-1 1.37148E-1 1.78857E-1 6.8437E-2 3.1133E-2 2.05398E-2 1.22423E-2 2.41286E-2 2.66657E-2 4.1643E-2 6.02072E-2 7.14289E-2 1.1542E-1 1.411E-1 2.1629E-1 1.87546E-1 1.68953E-1 1.90103E-1 4.65371E-1 4.63048E-1 6.01868E-1 5.12593E-1 5.64823E-1 5.63228E-1 5.60763E-1 3.67422E-1 5.44839E-1 4.38416E-1 5.18861E-1 5.46414E-1 3.77954E-1 2.46533E-1 2.05799E-1 1.92831E-1 1.95229E-1 1.92062E-1 1.5752E-1 1.75444E-1 1.7014E-1 1.71064E-1
-9999 -9999 -9999 -9999 -9999 -9999 -9999 -9999 -9999 -9999 3.61682E-3 6.45017E-4 2.4756E-4 8.55295E-4 4.58002E-2 3.62537E-2 5.63525E-2 1.28265E-1 1.08711E-1 1.61226E-1 1.4182E-1 1.33205E-1 1.33856E-1 1.70941E-1 8.54615E-2 2.35646E-2 1.84394E-2 1.84927E-2 2.7411E-2 4.44165E-2 6.19857E-2 8.82491E-2 8.08116E-2 8.89994E-2 1.50228E-1 1.95326E-1 2.95033E-1 3.82573E-1 4.22462E-1 3.64868E-1 5.04312E-1 5.41466E-1 6.40044E-1 6.35453E-1 6.29313E-1 6.81304E-1 6.61277E-1 6.14678E-1 5.31568E-1 6.48479E-1 6.49622E-1 5.86512E-1 4.49511E-1 3.94222E-1 4.12677E-1 2.50794E-1 2.13402E-1 1.91603E-1 2.04667E-1 2.04094E-1 1.79184E-1
-9999 -9999 -9999 -9999 -9999 -9999 -9999 -9999 -9999 -9999 3.26518E-3 4.68634E-4 7.53996E-4 5.72681E-4 7.02279E-3 2.3078E-2 6.90682E-2 1.28817E-1 1.4093E-1 2.12402E-1 2.34317E-1 1.55823E-1 1.32938E-1 1.53257E-1 8.76115E-2 3.83134E-2 1.89831E-2 1.71178E-2 4.51095E-2 3.45984E-2 6.54127E-2 1.07798E-1 1.08865E-1 9.71259E-2 2.11786E-1 1.56304E-1 2.69749E-1 3.43094E-1 3.05327E-1 3.90021E-1 5.70834E-1 6.7941E-1 7.41065E-1 7.16433E-1 7.7926E-1 7.05991E-1 7.08783E-1 6.90514E-1 7.09747E-1 7.00794E-1 5.00917E-1 4.0111E-1 3.97634E-1 4.63213E-1 4.91709E-1 4.80265E-1 2.68025E-1 2.07164E-1 2.09074E-1 2.15063E-1 2.08783E-1
-9999 -9999 -9999 -9999 -9999 -9999 -9999 -9999 -9999 -9999 1.68623E-3 7.42538E-4 8.31114E-4 1.30041E-3 5.25892E-2 1.16334E-2 9.82737E-2 7.68502E-2 1.2198E-1 2.41826E-1 3.2477E-1 1.84571E-1 1.62859E-1 1.31006E-1 1.32464E-1 7.44316E-2 4.27927E-2 2.2245E-2 3.27134E-2 7.08787E-2 6.38958E-2 4.6876E-2 9.27712E-2 2.17105E-1 1.66041E-1 2.11158E-1 2.12566E-1 2.23286E-1 2.97701E-1 4.17113E-1 6.02875E-1 7.79869E-1 7.94068E-1 8.37082E-1 8.16797E-1 6.97047E-1 6.23503E-1 6.66056E-1 5.1277E-1 7.25981E-1 6.94757E-1 4.93733E-1 4.08991E-1 5.31209E-1 4.55974E-1 4.07061E-1 2.85726E-1 3.24389E-1 2.77876E-1 2.16791E-1 2.27089E-1
-9999 -9999 -9999 -9999 -9999 -9999 -9999 -9999 6.76909E-3 4.22913E-3 3.15189E-3 1.63137E-3 8.88746E-4 9.757E-4 2.76029E-3 6.052E-2 9.77501E-2 8.79955E-2 9.77544E-2 1.49021E-1 1.69516E-1 2.52325E-1 2.59677E-1 1.73725E-1 1.3918E-1 7.94452E-2 2.98662E-2 1.32375E-2 1.41995E-2 2.9483E-2 3.47061E-2 5.31741E-2 9.26146E-2 9.80846E-2 1.37672E-1 1.04528E-1 1.48694E-1 2.74855E-1 2.48005E-1 4.7902E-1 6.72307E-1 7.88975E-1 7.49373E-1 7.61028E-1 7.63704E-1 6.51066E-1 6.4689E-1 6.84974E-1 6.51859E-1 5.67548E-1 6.68008E-1 6.08956E-1 5.22846E-1 4.68481E-1 4.16806E-1 3.95618E-1 4.27854E-1 4.46185E-1 4.03656E-1 2.88353E-1 2.8065E-1
-9999 -9999 -9999 -9999 -9999 -9999 -9999 -9999 3.42386E-3 1.6681E-3 3.35289E-3 3.58361E-3 2.09796E-3 5.05481E-4 1.15649E-3 7.92535E-3 1.30868E-2 1.49103E-1 8.70578E-2 5.55738E-2 8.73303E-2 1.32737E-1 2.77448E-1 1.28016E-1 1.30031E-1 8.15521E-2 4.73948E-2 2.60227E-2 1.2175E-2 1.39833E-2 4.41624E-2 3.67848E-2 1.16246E-1 1.33654E-1 1.63675E-1 9.41065E-2 2.16712E-1 2.17791E-1 2.41353E-1 2.35745E-1 5.26936E-1 7.43639E-1 7.43032E-1 7.24822E-1 7.34455E-1 6.65211E-1 6.13641E-1 6.52467E-1 6.38595E-1 7.00911E-1 6.57068E-1 6.28292E-1 5.878E-1 4.91438E-1 4.69469E-1 5.04343E-1 5.62637E-1 5.59339E-1 4.86464E-1 5.00911E-1 5.29356E-1
-9999 -9999 -9999 -9999 -9999 -9999 -9999 -9999 1.01849E-3 7.07165E-4 3.72872E-4 7.71181E-4 1.80754E-3 8.2177E-4 5.90445E-4 4.50087E-3 5.69591E-3 8.996E-2 9.10104E-2 9.20505E-2 6.14402E-2 7.57414E-2 1.99048E-1 1.46699E-1 1.5227E-1 1.67623E-1 6.39117E-2 4.72065E-2 1.75805E-2 1.28983E-2 4.3448E-2 3.73489E-2 6.94829E-2 2.35015E-1 4.24174E-1 3.28729E-1 1.6094E-1 2.29734E-1 2.18895E-1 5.43604E-1 7.3481E-1 8.03773E-1 7.84388E-1 7.89613E-1 7.83199E-1 6.81139E-1 6.38566E-1 5.86857E-1 6.98457E-1 7.03625E-1 7.42451E-1 6.62361E-1 5.96255E-1 5.08331E-1 6.09287E-1 4.28425E-1 5.97361E-1 5.75619E-1 4.82049E-1 6.22478E-1 6.32901E-1
-9999 -9999 -9999 -9999 -9999 -9999 -9999 -9999 -9999 1.3361E-3 2.99901E-4 4.82162E-4 8.16055E-4 2.15771E-3 6.27723E-4 1.30995E-3 8.22232E-3 7.81898E-2 2.97762E-1 1.58455E-1 3.57758E-2 4.25831E-2 8.38485E-2 1.62833E-1 1.18663E-1 1.19351E-1 8.53427E-2 6.84053E-2 2.83801E-2 1.48482E-2 1.12439E-2 1.68679E-2 3.84076E-2 1.01569E-1 1.98357E-1 2.18197E-1 2.29075E-1 1.76618E-1 2.84178E-1 7.50442E-1 7.54607E-1 8.59983E-1 8.4271E-1 8.03006E-1 7.54194E-1 6.48859E-1 6.9143E-1 7.02146E-1 5.33631E-1 5.82387E-1 5.82374E-1 6.31592E-1 5.43699E-1 7.32763E-1 6.94592E-1 5.25259E-1 5.9919E-1 6.47819E-1 5.55718E-1 6.08585E-1 5.18701E-1
-9999 -9999 -9999 -9999 -9999 -9999 -9999 -9999 -9999 6.6746E-4 6.34173E-4 3.28275E-4 5.36736E-4 2.24062E-3 3.81917E-3 1.37868E-3 2.04439E-3 3.57502E-3 3.24367E-2 6.33546E-2 3.67325E-2 3.10057E-2 7.24132E-2 1.35671E-1 1.14358E-1 1.12425E-1 1.20555E-1 6.72648E-2 2.56267E-2 9.95465E-3 1.17477E-2 5.86927E-3 4.05373E-2 4.77904E-2 1.58692E-1 2.37997E-1 3.46402E-1 1.99261E-1 2.05217E-1 6.2216E-1 7.97575E-1 7.9949E-1 7.47811E-1 7.42544E-1 7.16606E-1 5.79502E-1 5.02233E-1 7.02089E-1 5.89666E-1 6.21575E-1 6.99471E-1 5.76981E-1 6.53669E-1 6.33821E-1 6.91739E-1 6.20536E-1 4.75188E-1 5.4416E-1 5.1578E-1 5.53653E-1 5.61059E-1
-9999 -9999 -9999 -9999 -9999 -9999 -9999 -9999 -9999 -9999 1.05644E-3 4.11865E-4 4.36458E-4 3.63455E-3 7.19818E-3 1.47806E-3 1.32582E-3 4.00403E-3 1.77221E-2 1.81672E-2 2.79351E-2 2.33692E-2 7.51621E-2 2.53169E-1 1.88174E-1 1.47297E-1 1.03811E-1 6.53273E-2 2.14512E-2 1.2166E-2 1.79362E-2 1.29292E-2 1.22441E-2 2.38545E-2 7.75928E-2 1.45838E-1 1.71678E-1 1.89791E-1 3.16387E-1 6.6385E-1 7.8079E-1 7.62234E-1 7.4477E-1 7.27203E-1 5.38905E-1 5.60757E-1 4.75645E-1 6.21649E-1 5.44378E-1 6.07616E-1 7.26414E-1 7.04491E-1 7.08187E-1 7.14426E-1 5.88286E-1 6.36577E-1 6.51413E-1 4.91687E-1 5.05865E-1 5.79525E-1 5.51061E-1
-9999 -9999 -9999 -9999 -9999 -9999 -9999 -9999 -9999 -9999 1.11295E-3 4.83076E-4 5.76846E-4 1.40888E-3 8.41891E-3 3.4008E-3 1.14226E-3 1.09529E-3 4.75764E-3 1.43476E-2 2.57105E-2 4.00488E-2 7.21537E-2 1.04402E-1 1.88908E-1 3.2285E-1 3.00668E-1 1.16441E-1 9.15243E-2 2.36301E-2 1.39798E-2 4.33049E-2 4.28824E-2 6.9886E-2 1.13592E-1 1.12428E-1 1.06271E-1 1.71373E-1 2.31442E-1 7.1239E-1 8.19187E-1 7.56926E-1 7.55581E-1 7.82987E-1 7.27004E-1 5.82413E-1 4.14086E-1 4.58072E-1 5.50359E-1 5.55369E-1 6.63198E-1 6.80462E-1 6.88435E-1 6.87794E-1 6.78955E-1 5.89678E-1 6.15375E-1 6.15026E-1 6.32301E-1 4.99219E-1 5.16257E-1
