Candidate_Models_Sept202022/M_0.5_F_lqp_Set_1_cal/Bison.asc
ncols         97
nrows         127
xllcorner     -2197417.7431653
yllcorner     -584827.01486885
cellsize      30000.0
NODATA_value  -9999
[rows 81 to 107 of 127, columns 0 to 60 of 97]
-9999 -9999 -9999 -9999 -9999 -9999 -9999 -9999 -9999 -9999 -9999 2.16202E-3 4.10997E-4 9.74923E-4 1.35982E-2 4.64378E-3 2.75677E-3 6.74497E-4 1.49861E-3 1.27814E-2 7.82021E-3 4.82245E-2 3.04614E-2 6.19094E-2 1.62497E-1 2.66807E-1 1.08599E-1 9.88966E-2 1.49164E-1 2.21958E-2 1.84561E-2 7.96768E-3 2.08073E-2 6.97989E-2 6.33413E-2 7.96131E-2 5.36478E-2 3.82584E-1 5.71633E-1 7.9967E-1 8.94827E-1 7.4029E-1 7.15571E-1 7.97094E-1 7.36645E-1 5.41575E-1 4.57968E-1 4.31077E-1 4.6749E-1 5.23813E-1 5.69315E-1 6.71403E-1 6.93413E-1 6.67468E-1 6.57557E-1 4.89418E-1 5.85106E-1 5.91229E-1 5.56498E-1 5.10271E-1 5.04776E-1
-9999 -9999 -9999 -9999 -9999 -9999 -9999 -9999 -9999 -9999 -9999 -9999 1.27212E-3 5.44635E-4 3.30554E-3 8.11392E-3 4.32521E-3 8.75244E-3 2.69198E-3 1.54604E-3 2.55435E-3 7.45053E-3 7.89158E-3 3.20331E-2 2.42611E-1 2.60045E-1 8.14686E-2 1.04431E-1 2.16763E-1 3.00722E-2 1.31155E-2 1.08449E-2 1.27798E-2 3.36988E-2 1.06839E-1 1.2775E-1 8.66583E-2 1.37247E-1 3.14058E-1 6.94423E-1 8.497E-1 7.39315E-1 7.25983E-1 7.55961E-1 6.97159E-1 5.02152E-1 3.98805E-1 4.81896E-1 5.29104E-1 6.48295E-1 6.50781E-1 6.74207E-1 6.99326E-1 6.67266E-1 6.20044E-1 6.13319E-1 5.87431E-1 5.19787E-1 5.18389E-1 4.65143E-1 5.53E-1
-9999 -9999 -9999 -9999 -9999 -9999 -9999 -9999 -9999 -9999 -9999 -9999 -9999 1.58132E-3 3.55056E-4 2.14768E-3 2.03926E-3 8.86906E-3 1.27453E-1 5.94876E-3 2.387E-3 4.88316E-3 3.38938E-3 2.31497E-2 7.80609E-2 6.51035E-2 5.14403E-2 1.35758E-1 4.23628E-2 2.96913E-2 1.18873E-2 1.11286E-2 9.19766E-3 1.71917E-2 7.78283E-2 2.54263E-1 9.29125E-2 9.27093E-2 1.65964E-1 6.60534E-1 8.05445E-1 7.82169E-1 7.3783E-1 6.91861E-1 6.29509E-1 4.51362E-1 4.56717E-1 4.82204E-1 5.37814E-1 6.0717E-1 6.3352E-1 6.408E-1 7.07178E-1 6.84302E-1 6.48215E-1 6.15619E-1 6.6344E-1 6.07927E-1 4.88574E-1 5.03423E-1 5.16117E-1
-9999 -9999 -9999 -9999 -9999 -9999 -9999 -9999 -9999 -9999 -9999 -9999 -9999 1.84295E-3 7.66091E-4 2.21032E-3 5.60483E-3 -9999 1.80583E-2 6.86458E-2 9.97208E-2 2.97879E-2 7.68057E-3 1.28903E-2 1.20235E-1 6.75252E-2 1.07929E-1 9.09425E-2 4.46945E-2 2.60655E-2 2.09468E-2 1.25785E-2 9.54956E-3 1.93798E-2 5.11121E-2 1.06939E-1 7.6091E-2 9.56923E-2 1.2619E-1 5.21344E-1 6.94648E-1 7.11912E-1 7.22931E-1 5.68634E-1 5.98385E-1 6.81556E-1 6.11077E-1 6.29421E-1 4.9846E-1 5.72285E-1 6.19013E-1 5.95413E-1 6.18243E-1 5.86921E-1 6.04522E-1 4.38507E-1 6.09105E-1 6.64649E-1 5.34726E-1 5.46636E-1 6.25842E-1
-9999 -9999 -9999 -9999 -9999 -9999 -9999 -9999 -9999 -9999 -9999 -9999 -9999 3.38949E-3 1.59834E-3 1.3784E-3 5.25668E-3 -9999 5.59529E-2 2.32963E-1 5.33747E-2 8.05113E-3 2.80169E-3 1.3944E-2 4.38938E-2 6.53468E-2 1.44352E-1 4.94863E-2 3.97796E-2 2.22403E-2 1.48534E-2 9.13149E-3 1.84414E-2 2.83997E-2 4.61084E-2 9.07229E-2 1.06967E-1 1.35122E-1 2.52872E-1 2.58921E-1 5.50453E-1 6.4927E-1 7.10853E-1 6.23635E-1 5.48241E-1 6.81163E-1 5.14483E-1 4.54371E-1 4.96342E-1 6.55178E-1 6.17466E-1 4.83017E-1 5.96898E-1 6.942E-1 6.37175E-1 5.82634E-1 6.95779E-1 5.23657E-1 5.27311E-1 5.19897E-1 5.00424E-1
-9999 -9999 -9999 -9999 -9999 -9999 -9999 -9999 -9999 -9999 -9999 -9999 -9999 1.90877E-3 2.93762E-3 2.10376E-3 2.22891E-3 -9999 2.90674E-3 3.4033E-2 9.05688E-3 3.52387E-3 5.81654E-3 1.10525E-2 4.48616E-2 1.20126E-1 2.24971E-1 5.55007E-2 3.46889E-2 1.74251E-2 3.07191E-2 3.19516E-2 2.97052E-2 2.09224E-2 3.25161E-2 1.9733E-1 4.78564E-2 1.2855E-1 1.35069E-1 3.47539E-1 4.85347E-1 6.16488E-1 6.55807E-1 6.42527E-1 6.33326E-1 5.71823E-1 4.4973E-1 4.99373E-1 5.51111E-1 6.66275E-1 5.83479E-1 3.81084E-1 5.11791E-1 6.89309E-1 6.61316E-1 6.50672E-1 6.56634E-1 4.29881E-1 4.7539E-1 5.16738E-1 6.13977E-1
-9999 -9999 -9999 -9999 -9999 -9999 -9999 -9999 -9999 -9999 -9999 -9999 -9999 3.1063E-3 1.10179E-3 1.2182E-3 2.39649E-2 -9999 1.47321E-2 3.66861E-2 5.90775E-3 2.57462E-3 2.56734E-2 6.46569E-2 7.73397E-2 1.80362E-1 4.76581E-1 2.0176E-1 1.32309E-1 2.57345E-2 5.79528E-2 1.1563E-2 4.72134E-3 2.78169E-2 6.62242E-2 1.19818E-1 1.03726E-1 8.89701E-2 5.4122E-1 5.45879E-1 4.18515E-1 5.97312E-1 7.43399E-1 6.4255E-1 6.09643E-1 5.96658E-1 6.52535E-1 6.97044E-1 6.11552E-1 5.03796E-1 4.32562E-1 3.50549E-1 5.22E-1 6.32821E-1 7.19481E-1 6.98505E-1 5.99348E-1 4.941E-1 4.631E-1 4.78779E-1 5.56828E-1
-9999 -9999 -9999 -9999 -9999 -9999 -9999 -9999 -9999 -9999 -9999 -9999 -9999 1.67831E-3 6.94239E-4 8.09434E-4 1.66844E-3 3.74596E-3 3.29129E-3 4.90437E-2 2.87103E-3 1.49182E-3 2.18971E-2 7.6499E-2 2.23775E-1 4.14685E-1 3.12557E-1 1.20579E-1 5.92622E-2 6.40814E-2 4.58956E-2 1.83128E-2 1.02208E-2 1.50363E-1 3.79504E-2 3.47063E-2 9.73497E-2 3.47594E-2 8.01376E-2 4.60711E-1 4.65902E-1 6.57217E-1 6.4102E-1 6.4467E-1 6.41758E-1 6.20714E-1 5.71639E-1 4.93001E-1 6.57949E-1 6.41566E-1 5.30897E-1 5.0661E-1 7.16104E-1 7.0402E-1 7.02822E-1 6.83283E-1 6.44801E-1 6.07327E-1 6.40424E-1 4.63835E-1 5.18274E-1
-9999 -9999 -9999 -9999 -9999 -9999 -9999 -9999 -9999 -9999 -9999 -9999 -9999 2.96268E-3 9.35697E-4 4.54013E-4 2.41708E-3 1.66407E-3 1.55053E-3 2.08862E-2 9.53545E-3 4.08324E-3 1.22219E-2 1.02353E-1 4.30516E-1 3.23906E-1 1.24335E-1 6.35263E-2 4.64138E-2 2.18466E-1 3.08646E-2 2.8E-2 2.28178E-2 1.79823E-1 2.23365E-2 3.22158E-2 1.2478E-1 2.45627E-2 2.59092E-2 4.4351E-2 4.2426E-1 6.1899E-1 5.98705E-1 6.86372E-1 6.53402E-1 6.23253E-1 6.61174E-1 4.59599E-1 3.69692E-1 4.74346E-1 5.30807E-1 4.57055E-1 6.67695E-1 7.0251E-1 7.14603E-1 6.75082E-1 6.25998E-1 6.5601E-1 6.29565E-1 6.50122E-1 5.34381E-1
-9999 -9999 -9999 -9999 -9999 -9999 -9999 -9999 -9999 -9999 -9999 -9999 -9999 3.51572E-3 2.86895E-3 2.89915E-3 1.40375E-3 1.22761E-3 9.59E-4 4.32282E-2 2.30048E-3 8.36612E-3 4.13362E-2 3.93457E-1 5.96107E-1 2.85574E-1 2.59725E-1 5.79854E-2 8.88798E-2 1.60554E-1 6.33001E-2 3.65586E-2 7.53555E-2 4.32115E-2 2.24395E-2 2.79695E-2 4.7154E-2 2.55013E-2 6.5591E-2 3.53446E-2 2.40257E-1 3.582E-1 6.94892E-1 5.85215E-1 6.51999E-1 6.83715E-1 4.754E-1 4.72453E-1 4.11668E-1 6.15207E-1 5.75555E-1 4.8643E-1 6.57474E-1 5.93123E-1 5.91362E-1 6.07985E-1 6.04334E-1 6.29161E-1 6.60557E-1 6.41197E-1 5.91434E-1
-9999 -9999 -9999 -9999 -9999 -9999 -9999 -9999 -9999 -9999 -9999 -9999 -9999 3.61174E-3 5.38513E-3 4.70283E-3 1.9535E-3 9.10639E-4 2.05163E-2 2.64703E-2 8.10933E-3 1.47947E-2 1.68884E-1 5.86247E-1 4.10236E-1 2.52321E-1 4.48558E-1 3.10525E-1 1.14922E-1 9.63675E-2 1.11674E-1 6.8013E-2 8.37767E-2 5.41931E-2 1.09447E-2 6.35083E-2 7.09152E-2 1.02679E-1 1.78608E-1 4.45129E-2 9.41386E-2 3.13281E-1 6.35404E-1 6.8739E-1 4.44867E-1 4.69489E-1 5.62904E-1 5.17266E-1 5.86537E-1 4.71625E-1 3.92516E-1 4.31203E-1 5.49515E-1 5.72148E-1 5.59975E-1 4.12893E-1 4.21742E-1 4.96498E-1 5.96369E-1 5.73072E-1 4.94782E-1
-9999 -9999 -9999 -9999 -9999 -9999 -9999 -9999 -9999 -9999 -9999 -9999 -9999 3.56005E-3 2.46827E-3 1.12628E-2 8.78396E-3 1.0185E-2 1.83285E-2 7.18438E-3 2.41613E-2 7.30675E-2 1.53269E-1 2.47691E-1 2.7363E-1 2.31572E-1 3.63783E-1 3.69051E-1 4.27242E-1 2.95861E-1 1.78686E-1 1.22925E-1 3.03561E-2 1.19315E-2 1.15142E-2 4.05041E-2 1.56633E-1 2.91842E-1 5.53373E-1 3.46127E-2 8.36698E-2 4.82784E-1 5.4472E-1 6.44241E-1 5.00759E-1 5.39433E-1 5.71782E-1 5.40655E-1 5.23272E-1 4.96427E-1 4.12033E-1 4.64821E-1 5.65767E-1 5.60663E-1 5.45617E-1 4.83633E-1 4.04448E-1 5.96953E-1 5.32099E-1 5.61506E-1 5.36343E-1
-9999 -9999 -9999 -9999 -9999 -9999 -9999 -9999 -9999 -9999 -9999 -9999 3.96546E-3 2.76251E-3 4.62961E-3 1.70963E-2 1.60575E-2 1.04114E-2 1.20446E-2 3.09056E-3 1.93224E-2 3.00885E-1 3.0932E-1 3.29323E-1 1.21192E-1 2.24649E-1 3.00638E-1 3.55201E-1 3.6472E-1 2.21125E-1 3.45339E-1 8.69788E-2 1.87427E-2 1.14428E-2 2.20357E-2 2.29846E-2 1.12977E-1 3.21361E-1 9.18552E-2 3.44923E-2 2.32658E-2 3.17526E-1 5.77066E-1 6.20178E-1 5.62794E-1 5.697E-1 5.13995E-1 4.83775E-1 4.39516E-1 6.52512E-1 4.79083E-1 4.49072E-1 4.78724E-1 4.92049E-1 5.00432E-1 4.86508E-1 4.38855E-1 6.53567E-1 5.21037E-1 4.80041E-1 5.80173E-1
-9999 -9999 -9999 -9999 -9999 -9999 -9999 -9999 -9999 -9999 -9999 -9999 8.5107E-3 5.91727E-3 5.17011E-3 9.25216E-3 8.62095E-3 9.7786E-3 4.9739E-3 9.33577E-3 8.20967E-2 2.88248E-1 7.80424E-2 2.43925E-1 2.14334E-1 1.97142E-1 1.7994E-1 2.64297E-1 3.11499E-1 3.25467E-1 3.00194E-1 1.46376E-1 3.16889E-2 4.33963E-2 1.11407E-2 3.20166E-2 2.64911E-1 5.46966E-1 1.66384E-1 2.30121E-2 2.98253E-2 2.81948E-1 4.40607E-1 5.02236E-1 4.87171E-1 5.19602E-1 4.08445E-1 4.62272E-1 5.24834E-1 5.84349E-1 4.96646E-1 4.23331E-1 3.80365E-1 4.4998E-1 4.49074E-1 4.40792E-1 4.35784E-1 4.90371E-1 5.1139E-1 4.43552E-1 4.71093E-1
-9999 -9999 -9999 -9999 -9999 -9999 -9999 -9999 -9999 -9999 -9999 -9999 3.45857E-3 3.99911E-3 5.19435E-3 9.00036E-3 5.4611E-3 5.97973E-3 4.76576E-3 3.72516E-2 1.43047E-1 1.55346E-1 1.31215E-1 4.75604E-2 8.75758E-2 1.56459E-1 2.86537E-1 2.02691E-1 2.67125E-1 2.71263E-1 3.67114E-1 4.91008E-2 2.42795E-2 1.19202E-2 1.09108E-2 2.50615E-2 1.84863E-1 5.25623E-1 1.99339E-1 4.28655E-2 3.7008E-2 4.25585E-1 4.37624E-1 5.33963E-1 4.44314E-1 4.47744E-1 4.21157E-1 4.07561E-1 5.02481E-1 6.99062E-1 6.28866E-1 6.62147E-1 4.71542E-1 3.66377E-1 4.45783E-1 5.55354E-1 5.83856E-1 6.54555E-1 4.71827E-1 4.63029E-1 5.66014E-1
-9999 -9999 -9999 -9999 -9999 -9999 -9999 -9999 -9999 -9999 -9999 -9999 1.09727E-2 3.61835E-3 2.29E-2 2.09891E-2 2.62019E-2 2.2781E-3 1.5445E-2 2.56159E-2 5.94125E-2 9.44188E-2 1.2673E-1 1.37949E-1 8.11115E-2 1.06249E-1 1.70706E-1 1.92381E-1 3.28854E-1 4.40101E-1 3.65474E-1 1.13638E-1 2.88468E-2 1.48498E-2 1.00147E-2 1.13462E-2 6.88856E-2 2.95759E-1 6.17784E-2 1.03189E-1 6.38011E-2 3.60223E-1 4.49135E-1 5.08804E-1 4.98474E-1 5.1095E-1 5.26002E-1 3.94406E-1 4.52323E-1 6.19307E-1 6.35386E-1 5.99567E-1 6.14735E-1 4.47654E-1 6.82545E-1 6.01013E-1 7.14335E-1 5.43236E-1 3.93651E-1 4.55055E-1 4.35428E-1
-9999 -9999 -9999 -9999 -9999 -9999 -9999 -9999 -9999 -9999 -9999 3.98243E-3 3.84373E-3 2.67055E-2 1.39517E-2 2.203E-3 1.87765E-2 7.4175E-3 4.09776E-2 2.77201E-1 1.4636E-1 8.62454E-2 1.60286E-1 1.40874E-1 3.83764E-2 1.04568E-1 1.77159E-1 3.90705E-1 3.58209E-1 4.76586E-1 5.13446E-1 4.18443E-1 2.81404E-2 3.57103E-2 1.40989E-2 1.78149E-2 5.26322E-2 5.54161E-1 3.32884E-1 1.94314E-1 4.1177E-1 1.93843E-1 6.28679E-1 5.41859E-1 5.60673E-1 6.37827E-1 5.12055E-1 3.17491E-1 4.37271E-1 5.17815E-1 4.69056E-1 3.78641E-1 5.67204E-1 6.72057E-1 4.89873E-1 4.38249E-1 3.99103E-1 4.23614E-1 4.51185E-1 4.9675E-1 4.20726E-1
-9999 -9999 -9999 -9999 -9999 -9999 -9999 -9999 -9999 -9999 -9999 2.57989E-3 1.25365E-2 5.31248E-2 3.25245E-2 2.17748E-2 1.43965E-2 1.31791E-2 1.17862E-1 2.36865E-1 2.09603E-1 5.51079E-2 6.00928E-2 7.04121E-2 1.43791E-1 1.97978E-1 2.18754E-1 3.56641E-2 2.4031E-2 6.26922E-1 5.13775E-1 6.2452E-1 2.38161E-1 2.73605E-2 2.0994E-2 1.5709E-2 3.96605E-2 6.5108E-1 8.42882E-2 5.30025E-1 4.25046E-1 2.93023E-1 7.16464E-1 5.04718E-1 5.45654E-1 1.62319E-1 1.1569E-1 5.04037E-1 4.35056E-1 6.2804E-1 5.07867E-1 3.55011E-1 5.13297E-1 5.68073E-1 3.54054E-1 3.76343E-1 3.43098E-1 3.56035E-1 4.28656E-1 4.55958E-1 4.69255E-1
-9999 -9999 -9999 -9999 -9999 -9999 -9999 -9999 -9999 -9999 1.29531E-3 1.37414E-3 1.46667E-2 3.82197E-2 1.03803E-1 5.24224E-3 4.16569E-3 1.73587E-2 9.32922E-2 6.71741E-2 8.40744E-2 1.41132E-1 1.64948E-1 1.21849E-1 1.7007E-1 3.4195E-1 1.46637E-1 3.02144E-2 8.02105E-2 2.07229E-1 2.07989E-1 6.8823E-1 3.73638E-1 1.40817E-2 2.88339E-2 2.44763E-2 1.63632E-1 6.53546E-1 1.46446E-1 3.58901E-1 7.14379E-1 3.77932E-1 6.29378E-1 6.91851E-1 4.80715E-1 6.05058E-1 2.69315E-1 4.77968E-1 5.48186E-1 2.71098E-1 4.95087E-1 3.22106E-1 3.05834E-1 3.29095E-1 3.5195E-1 3.50795E-1 3.5166E-1 4.10092E-1 3.68528E-1 3.63966E-1 3.92968E-1
-9999 -9999 -9999 -9999 -9999 -9999 -9999 -9999 -9999 -9999 7.82055E-4 7.04082E-4 3.25337E-2 5.38583E-2 1.90676E-2 3.98137E-3 5.4166E-3 3.08627E-2 3.08304E-2 4.25059E-2 3.98223E-2 9.86044E-2 1.15635E-1 1.3812E-1 1.47142E-1 1.36605E-1 2.09725E-1 1.92533E-1 3.11194E-1 3.35848E-1 1.36169E-1 1.47571E-1 4.11023E-2 3.47544E-2 2.5434E-2 2.55411E-2 1.98727E-1 3.57904E-1 1.79222E-1 4.66844E-1 7.64439E-1 1.42805E-1 3.18498E-1 6.25738E-1 5.36833E-1 4.39974E-1 4.69737E-1 3.64854E-1 3.27119E-1 4.01497E-1 3.02737E-1 3.69737E-1 3.21388E-1 3.27937E-1 3.95278E-1 4.67623E-1 3.89315E-1 3.84472E-1 4.05343E-1 4.11466E-1 4.18795E-1
-9999 -9999 -9999 -9999 -9999 -9999 -9999 -9999 -9999 -9999 5.93515E-4 7.6269E-4 4.13014E-2 2.51699E-2 4.12389E-3 4.60729E-3 9.2719E-3 2.96389E-2 7.52202E-2 4.51426E-2 2.88108E-2 3.86246E-2 4.51141E-2 5.50568E-2 1.20823E-1 8.56729E-2 3.4425E-1 7.83377E-2 2.96507E-1 3.01553E-1 7.82449E-2 4.44795E-2 4.16622E-2 5.13756E-2 4.75877E-2 6.12686E-2 1.98068E-1 2.22989E-1 3.51371E-1 2.86477E-1 6.10603E-1 4.63665E-1 6.39503E-1 6.06053E-1 6.08757E-1 5.86085E-1 2.18961E-1 3.68843E-1 3.63147E-1 3.63771E-1 4.69769E-1 5.22935E-1 5.04218E-1 3.55582E-1 3.92714E-1 3.08518E-1 2.96799E-1 3.26926E-1 4.93611E-1 4.02684E-1 3.38388E-1
-9999 -9999 -9999 -9999 -9999 -9999 -9999 -9999 -9999 6.71075E-4 5.1087E-4 1.1035E-3 2.42693E-2 6.7697E-3 1.45307E-3 2.48157E-3 2.25572E-2 7.16921E-2 9.26289E-2 2.84608E-2 3.77121E-2 4.70707E-2 5.54347E-2 6.99618E-2 5.23334E-2 4.96393E-2 4.75506E-1 1.09763E-1 8.63279E-2 5.63589E-2 6.40773E-2 1.09805E-1 1.25629E-1 1.29179E-1 1.23666E-1 1.52355E-1 1.88335E-1 2.20096E-1 5.96102E-1 2.25984E-1 6.88663E-1 6.17171E-1 7.16199E-1 4.7585E-1 6.31881E-1 4.50878E-1 5.15571E-1 4.85E-1 4.4542E-1 3.34504E-1 3.33669E-1 3.83815E-1 3.62339E-1 4.89854E-1 5.72276E-1 5.40706E-1 4.48503E-1 4.23425E-1 3.48493E-1 4.14996E-1 4.17673E-1
-9999 -9999 -9999 -9999 -9999 -9999 -9999 -9999 -9999 8.01242E-4 6.28593E-4 1.22001E-3 4.54175E-3 1.60132E-3 1.22702E-3 3.7363E-3 2.89891E-2 4.75256E-2 7.01777E-2 5.09019E-2 1.08578E-1 5.53267E-2 5.15325E-2 7.07321E-2 6.58134E-2 1.08837E-1 3.45833E-1 2.90447E-1 2.40411E-1 1.51293E-1 1.66355E-1 2.17269E-1 1.00761E-1 1.59601E-1 3.95446E-1 4.78634E-1 2.6551E-1 5.80257E-1 5.24865E-1 5.82958E-1 7.61691E-1 7.75003E-1 4.53776E-1 5.16832E-1 6.75261E-1 6.53968E-1 6.08811E-1 3.81322E-1 5.55969E-1 5.55953E-1 5.51544E-1 5.55203E-1 3.98962E-1 5.13918E-1 5.1736E-1 6.10004E-1 5.10698E-1 4.2441E-1 4.50983E-1 3.26522E-1 2.87439E-1
-9999 -9999 -9999 -9999 -9999 -9999 -9999 -9999 7.12583E-4 5.92993E-4 1.5849E-3 1.56421E-2 1.27107E-3 1.55723E-3 3.18626E-3 2.4396E-2 3.55969E-2 5.22914E-2 6.13182E-2 6.49481E-2 1.03786E-1 1.06721E-1 7.85616E-2 1.09009E-1 8.59284E-2 2.73696E-1 2.19488E-1 3.27267E-1 2.08554E-1 3.27073E-1 2.60062E-1 2.4665E-1 9.01513E-2 2.20682E-1 3.69936E-1 2.48646E-1 2.95915E-1 6.5285E-1 5.79246E-1 8.28782E-1 7.88685E-1 6.90313E-1 5.37071E-1 3.58427E-1 1.69432E-1 4.58096E-1 1.13865E-1 3.03222E-1 4.41179E-1 5.96965E-1 4.73213E-1 4.54673E-1 3.13248E-1 3.74905E-1 3.61444E-1 6.41268E-1 6.12712E-1 6.1216E-1 4.56157E-1 3.21183E-1 3.40359E-1
-9999 -9999 -9999 -9999 -9999 -9999 -9999 1.16842E-3 1.2383E-3 6.48451E-4 6.1956E-3 1.53858E-2 1.16949E-3 1.76733E-3 8.01294E-3 5.20637E-2 6.21976E-2 7.0726E-2 9.32673E-2 1.01623E-1 1.18008E-1 9.9466E-2 9.94815E-2 1.24635E-1 1.02922E-1 1.66823E-1 1.65469E-1 4.08583E-1 4.54094E-1 4.32456E-1 2.30065E-1 1.90141E-1 1.27169E-1 1.50417E-1 2.67866E-1 3.45586E-1 7.48667E-1 6.9471E-1 7.35149E-1 8.2011E-1 7.52291E-1 6.56467E-1 3.94049E-1 2.97925E-1 1.80786E-1 4.11619E-1 3.30161E-1 1.46621E-1 4.33392E-1 6.87195E-1 5.5605E-1 5.55498E-1 7.26987E-1 4.40354E-1 6.15062E-1 6.13085E-1 6.58893E-1 6.33622E-1 6.0181E-1 3.86374E-1 3.57402E-1
-9999 -9999 -9999 -9999 -9999 -9999 -9999 2.80173E-4 2.16065E-4 3.10813E-4 2.17243E-3 2.26301E-3 1.15643E-3 4.96656E-3 4.00668E-2 6.13791E-2 6.48611E-2 1.80659E-1 1.04213E-1 8.74883E-2 1.06354E-1 1.61764E-1 2.2832E-1 1.77029E-1 1.68092E-1 1.24902E-1 2.04007E-1 3.91829E-1 2.12987E-1 4.60631E-1 1.92709E-1 1.02314E-1 1.48306E-1 3.37322E-1 3.01656E-1 6.44073E-1 6.552E-1 7.48703E-1 7.9421E-1 8.30115E-1 8.10249E-1 6.11722E-1 4.90825E-1 3.6934E-1 2.94608E-1 2.26494E-1 3.23502E-1 3.01516E-1 5.3064E-1 3.62527E-1 4.41771E-1 4.48129E-1 4.86244E-1 6.38271E-1 4.98095E-1 6.75681E-1 5.39431E-1 6.23981E-1 6.11489E-1 4.08498E-1 3.80273E-1
-9999 -9999 -9999 -9999 -9999 -9999 -9999 5.99686E-4 4.64135E-4 4.85485E-4 2.9259E-3 3.74643E-3 3.94845E-3 6.00429E-3 6.48179E-2 6.03594E-2 7.96016E-2 1.70218E-1 9.58654E-2 8.45218E-2 1.05926E-1 1.21163E-1 3.39324E-1 2.14155E-1 1.20046E-1 1.04549E-1 1.01949E-1 3.86949E-1 1.37704E-1 2.78078E-1 3.49946E-1 1.25607E-1 4.31793E-1 4.92102E-1 4.83374E-1 5.98959E-1 7.62801E-1 7.18005E-1 7.75196E-1 6.81813E-1 5.82322E-1 5.08467E-1 4.04385E-1 2.4418E-1 1.55819E-1 2.31016E-1 2.6164E-1 1.59969E-1 4.39138E-1 6.84264E-1 6.13703E-1 5.67409E-1 6.10051E-1 3.67861E-1 6.07958E-1 5.93982E-1 4.36829E-1 6.06712E-1 5.16309E-1 3.73599E-1 4.66788E-1
