Candidate_Models_Sept202022/M_0.5_F_lqp_Set_1_cal/Bison.asc
ncols         97
nrows         127
xllcorner     -2197417.7431653
yllcorner     -584827.01486885
cellsize      30000.0
NODATA_value  -9999
[rows 27 to 53 of 127, columns 0 to 60 of 97]
-9999 -9999 1.82652E-2 6.71013E-3 3.67873E-2 6.52168E-2 8.11491E-2 1.13608E-1 2.1181E-1 9.99206E-2 7.76934E-2 1.30598E-1 3.88743E-2 6.11082E-2 4.58672E-2 6.80317E-2 5.64631E-2 4.34025E-2 2.31251E-2 2.2884E-2 2.20427E-2 1.91558E-2 1.54693E-2 1.63116E-2 1.79176E-2 3.71026E-2 4.48579E-2 2.97602E-2 3.4633E-2 3.35595E-2 2.69569E-2 2.7299E-2 1.66507E-2 2.36441E-2 3.58942E-2 3.5739E-2 3.34828E-2 3.65157E-2 1.51586E-2 5.03923E-2 1.06618E-1 6.96147E-2 7.32895E-2 1.31576E-1 6.0297E-2 5.16696E-2 4.16935E-2 2.76355E-2 1.85566E-2 1.46238E-2 1.29522E-2 1.55657E-2 9.14355E-3 8.11227E-3 4.4129E-3 3.12222E-3 3.04286E-3 2.73852E-3 3.44312E-3 4.34437E-3 6.57284E-3
-9999 4.59219E-4 1.64043E-2 8.08572E-3 6.77336E-3 3.54128E-2 8.67849E-2 1.07069E-1 9.97417E-2 1.28657E-1 8.29095E-2 8.15424E-2 1.01347E-1 8.64428E-2 5.59069E-2 7.011E-2 8.76293E-2 5.25128E-2 4.1559E-2 3.16901E-2 3.20025E-2 2.41077E-2 1.72118E-2 2.18637E-2 1.84944E-2 4.34118E-2 5.22592E-2 4.28334E-2 4.86627E-2 3.53632E-2 3.09363E-2 1.99872E-2 1.79642E-2 2.05799E-2 2.04804E-2 2.45532E-2 2.63379E-2 6.6172E-2 7.00975E-2 5.77677E-2 6.77868E-2 4.09489E-2 7.06026E-2 6.41293E-2 6.42689E-2 3.40176E-2 3.52067E-2 1.94322E-2 1.60922E-2 1.1261E-2 1.27804E-2 1.85655E-2 7.71936E-3 6.06637E-3 4.55244E-3 3.59285E-3 3.11642E-3 2.90626E-3 3.0298E-3 3.50251E-3 3.38568E-3
-9999 2.60253E-5 1.3778E-4 3.91719E-3 8.36447E-3 3.9097E-2 5.75467E-2 9.94402E-2 1.76496E-1 1.24377E-1 6.46218E-2 8.85972E-2 1.02663E-1 8.69207E-2 8.15588E-2 5.05051E-2 7.34867E-2 7.04173E-2 5.95623E-2 4.06962E-2 2.98166E-2 1.99615E-2 2.24646E-2 2.51905E-2 3.88326E-2 3.41867E-2 5.14708E-2 5.6025E-2 3.38254E-2 3.83277E-2 2.84357E-2 2.3974E-2 2.94444E-2 2.04771E-2 2.15795E-2 2.18424E-2 1.8688E-2 3.34262E-2 3.06043E-2 5.65148E-2 5.8386E-2 6.01961E-2 5.68581E-2 5.40856E-2 3.01299E-2 3.66195E-2 2.39317E-2 1.74546E-2 1.13654E-2 1.15016E-2 1.14794E-2 1.04192E-2 7.30825E-3 5.33932E-3 4.20892E-3 3.58446E-3 3.13201E-3 2.72841E-3 2.56577E-3 3.38285E-3 3.20861E-3
2.38341E-3 1.93034E-5 3.74087E-7 3.37818E-5 2.5423E-4 1.24749E-2 6.58998E-2 1.28497E-1 1.06417E-1 9.83061E-2 7.68811E-2 8.92433E-2 1.19945E-1 1.42827E-1 7.73677E-2 6.48514E-2 1.01738E-1 7.8589E-2 6.30196E-2 4.45751E-2 2.62699E-2 2.12109E-2 3.17815E-2 4.4842E-2 2.94971E-2 3.74659E-2 3.9147E-2 6.20789E-2 3.37671E-2 2.59452E-2 1.91279E-2 2.12798E-2 2.81872E-2 1.56598E-2 2.77724E-2 2.76128E-2 1.9195E-2 2.68922E-2 4.60091E-2 5.86851E-2 6.14104E-2 5.19494E-2 3.77841E-2 5.31604E-2 3.50335E-2 3.04039E-2 2.56761E-2 1.73858E-2 1.07519E-2 7.19406E-3 6.3449E-3 7.31069E-3 7.09168E-3 5.97622E-3 4.86286E-3 3.87639E-3 2.92007E-3 2.78102E-3 2.68797E-3 3.28281E-3 3.11192E-3
5.72692E-3 1.65389E-3 2.86813E-6 2.7975E-7 6.21225E-5 2.04249E-2 7.52005E-2 1.51982E-1 1.17194E-1 1.07064E-1 1.08528E-1 1.14151E-1 1.10516E-1 1.63902E-1 9.88324E-2 1.11956E-1 6.99684E-2 1.02593E-1 5.05368E-2 2.98185E-2 2.07784E-2 2.42086E-2 3.15668E-2 3.51271E-2 3.17296E-2 3.03912E-2 3.73525E-2 4.98319E-2 4.42112E-2 2.85305E-2 2.71204E-2 2.58839E-2 2.40532E-2 1.10222E-2 3.47115E-2 3.55436E-2 3.83521E-2 3.83128E-2 4.11898E-2 3.67289E-2 4.8081E-2 4.63459E-2 4.35529E-2 3.50441E-2 3.07266E-2 2.47175E-2 2.32435E-2 1.97314E-2 1.37299E-2 7.46746E-3 6.62109E-3 7.29564E-3 6.10553E-3 5.95833E-3 5.2047E-3 4.06947E-3 3.2349E-3 3.15888E-3 2.94384E-3 3.20579E-3 3.26044E-3
5.77256E-3 9.8163E-3 8.10843E-4 6.22129E-6 1.63308E-5 1.46679E-2 9.86151E-2 1.31497E-1 1.22625E-1 1.17412E-1 1.19763E-1 1.12784E-1 1.07397E-1 1.14828E-1 1.01343E-1 9.23387E-2 8.91773E-2 7.14836E-2 5.59062E-2 3.96848E-2 2.75801E-2 2.67983E-2 2.99136E-2 3.15122E-2 4.53128E-2 4.31382E-2 3.97718E-2 1.02166E-1 5.16738E-2 3.84763E-2 2.36655E-2 2.11106E-2 1.63801E-2 1.36862E-2 3.1787E-2 3.74684E-2 3.22623E-2 2.88526E-2 2.99466E-2 2.61601E-2 2.93366E-2 4.06842E-2 4.36667E-2 3.83364E-2 3.48603E-2 2.19416E-2 1.98308E-2 2.00494E-2 1.64901E-2 8.59968E-3 7.77832E-3 7.31776E-3 5.86976E-3 6.20056E-3 5.41677E-3 4.04661E-3 3.59999E-3 3.34731E-3 3.66943E-3 3.29485E-3 3.50007E-3
-9999 4.14954E-3 1.10688E-2 3.17514E-3 6.64156E-5 1.83935E-2 5.04724E-2 1.37966E-1 1.03639E-1 8.90297E-2 1.24449E-1 1.36193E-1 1.159E-1 1.03462E-1 5.76952E-2 5.8735E-2 4.25583E-2 3.6732E-2 5.89528E-2 5.36444E-2 3.59832E-2 4.90314E-2 3.67018E-2 3.77727E-2 4.94071E-2 6.72243E-2 5.93081E-2 8.12404E-2 6.28429E-2 4.54648E-2 3.61381E-2 2.84566E-2 1.97554E-2 2.42492E-2 3.83546E-2 2.95611E-2 3.48431E-2 3.98554E-2 3.22909E-2 3.51874E-2 3.81018E-2 3.51311E-2 4.06673E-2 3.74767E-2 3.11227E-2 2.52594E-2 2.23491E-2 3.24492E-2 2.53679E-2 1.54195E-2 1.14603E-2 9.92128E-3 7.86483E-3 7.27928E-3 5.57555E-3 4.75625E-3 5.55321E-3 3.75857E-3 3.71256E-3 3.33466E-3 3.83791E-3
-9999 -9999 3.38247E-3 2.83444E-3 7.80447E-4 3.61854E-2 1.99499E-2 5.67428E-2 7.48375E-2 1.08515E-1 9.23284E-2 2.34051E-1 8.61919E-2 8.29834E-2 5.86596E-2 5.05904E-2 4.00641E-2 3.20354E-2 3.17081E-2 5.24352E-2 5.08155E-2 3.54154E-2 3.95325E-2 4.05934E-2 6.65138E-2 7.64312E-2 7.94131E-2 1.22449E-1 6.30403E-2 5.9869E-2 3.86459E-2 2.90461E-2 3.09116E-2 3.65281E-2 3.77652E-2 2.81921E-2 2.61805E-2 3.21777E-2 1.94715E-2 2.29663E-2 5.17548E-2 4.62788E-2 5.28668E-2 3.5923E-2 4.71185E-2 3.43051E-2 3.2562E-2 2.98076E-2 3.50102E-2 3.246E-2 1.80215E-2 1.21306E-2 8.50734E-3 7.30035E-3 5.8948E-3 4.76947E-3 6.36627E-3 4.11992E-3 4.15093E-3 4.17757E-3 3.96911E-3
-9999 -9999 3.9328E-3 3.94889E-3 3.33782E-3 1.74388E-2 1.17899E-2 2.68847E-2 3.46231E-2 1.30834E-1 1.06511E-1 1.50863E-1 8.92404E-2 8.35593E-2 5.06614E-2 7.03905E-2 5.3189E-2 4.93624E-2 3.68921E-2 4.94728E-2 4.55471E-2 5.63554E-2 4.15241E-2 5.22566E-2 6.98208E-2 7.00107E-2 7.3553E-2 8.46598E-2 9.04488E-2 4.40241E-2 4.67436E-2 3.19509E-2 2.90473E-2 3.41883E-2 3.19947E-2 3.36451E-2 1.33987E-2 2.26199E-2 1.97346E-2 2.07521E-2 2.84294E-2 5.54019E-2 3.24449E-2 4.84443E-2 4.7978E-2 4.30758E-2 3.48726E-2 3.49746E-2 2.97715E-2 4.39341E-2 2.35212E-2 2.26495E-2 1.17206E-2 7.96391E-3 6.51372E-3 5.45145E-3 4.91434E-3 4.79919E-3 4.91395E-3 4.70336E-3 3.89661E-3
-9999 -9999 4.52417E-3 6.01105E-3 3.9954E-3 8.14998E-3 1.05637E-2 4.91986E-2 6.38442E-2 1.02987E-1 1.38841E-1 9.57665E-2 1.14001E-1 8.05956E-2 4.56063E-2 6.0911E-2 6.58766E-2 5.51607E-2 6.2839E-2 6.6003E-2 5.98477E-2 5.9918E-2 4.24131E-2 6.80034E-2 4.71284E-2 7.43351E-2 7.41051E-2 8.10249E-2 8.63466E-2 6.27213E-2 4.54839E-2 2.66973E-2 2.73444E-2 3.46458E-2 3.82938E-2 3.90881E-2 1.51857E-2 1.61019E-2 1.849E-2 1.89749E-2 2.23322E-2 3.2383E-2 2.90585E-2 2.00615E-2 5.15326E-2 5.0831E-2 4.18862E-2 4.72897E-2 3.89887E-2 4.23087E-2 2.3924E-2 1.79914E-2 1.19113E-2 8.70743E-3 8.59018E-3 6.7517E-3 5.80442E-3 5.37006E-3 6.31209E-3 5.3262E-3 4.5015E-3
-9999 -9999 -9999 4.37739E-3 6.67109E-3 3.47995E-2 2.78817E-2 5.34551E-2 6.1765E-2 3.90246E-2 5.2142E-2 1.17325E-1 1.15338E-1 8.60849E-2 5.60962E-2 5.77838E-2 5.66401E-2 5.0658E-2 5.92374E-2 6.72673E-2 6.05629E-2 4.5341E-2 3.47989E-2 6.96872E-2 9.56596E-2 6.13822E-2 8.9488E-2 7.19033E-2 5.05219E-2 4.05215E-2 3.21523E-2 3.16255E-2 3.28074E-2 3.11689E-2 3.53417E-2 3.46304E-2 2.34958E-2 1.61926E-2 1.53309E-2 2.03271E-2 1.87134E-2 2.45736E-2 3.70303E-2 4.02602E-2 5.83403E-2 4.6383E-2 4.43229E-2 5.18584E-2 3.13883E-2 2.47425E-2 2.05378E-2 1.8993E-2 1.65959E-2 1.1717E-2 1.10387E-2 9.03547E-3 8.47728E-3 6.85571E-3 5.32751E-3 5.3586E-3 5.02679E-3
-9999 -9999 -9999 1.41053E-3 2.83607E-3 9.20865E-2 4.3158E-2 1.07104E-1 1.27495E-1 1.12958E-1 2.92252E-2 8.42035E-2 8.08659E-2 8.02097E-2 8.67223E-2 6.08288E-2 4.45754E-2 6.09615E-2 5.45957E-2 5.87652E-2 3.55503E-2 2.99494E-2 3.18152E-2 5.57975E-2 6.67415E-2 6.63278E-2 6.06015E-2 5.10776E-2 3.88572E-2 3.79015E-2 3.15752E-2 3.59758E-2 3.88576E-2 3.41109E-2 3.39538E-2 3.32468E-2 2.24159E-2 2.63319E-2 4.39546E-2 2.26293E-2 2.04737E-2 2.4276E-2 2.64685E-2 2.27771E-2 4.76748E-2 5.22349E-2 4.92424E-2 5.52252E-2 5.11471E-2 4.40334E-2 1.81001E-2 3.93528E-2 2.15103E-2 1.82912E-2 1.32457E-2 9.08777E-3 8.39468E-3 7.08709E-3 6.84886E-3 5.68552E-3 5.24814E-3
-9999 -9999 -9999 4.34982E-4 9.18569E-4 1.33509E-2 3.2803E-2 5.38083E-2 8.5085E-2 1.04862E-1 4.42914E-2 5.37098E-2 8.45901E-2 7.09516E-2 6.38431E-2 6.44972E-2 4.67836E-2 5.89512E-2 5.50604E-2 6.01285E-2 3.852E-2 2.96108E-2 4.29946E-2 5.08563E-2 6.08425E-2 5.58584E-2 5.48494E-2 5.12727E-2 3.92468E-2 3.89724E-2 3.86866E-2 4.05251E-2 4.6142E-2 3.25259E-2 4.32807E-2 4.50604E-2 5.28827E-2 5.21042E-2 3.98321E-2 2.49772E-2 1.80048E-2 1.87276E-2 3.36401E-2 4.54799E-2 6.15587E-2 5.91538E-2 4.25557E-2 6.78318E-2 5.08083E-2 4.34425E-2 3.36511E-2 2.53737E-2 4.03124E-2 2.87304E-2 2.02559E-2 1.93823E-2 2.15273E-2 1.39243E-2 1.07928E-2 7.54181E-3 6.00674E-3
-9999 -9999 -9999 -9999 2.75752E-3 5.0878E-3 1.78382E-2 1.09061E-2 6.55682E-2 3.58661E-2 6.35456E-3 3.19113E-2 9.76082E-2 5.70781E-2 7.10546E-2 7.58729E-2 6.60419E-2 6.31119E-2 7.54237E-2 7.14215E-2 4.95637E-2 4.35533E-2 4.69159E-2 4.43506E-2 5.00317E-2 4.96517E-2 4.92311E-2 4.01061E-2 3.77514E-2 4.53622E-2 4.29926E-2 4.68385E-2 3.40461E-2 4.29263E-2 3.65528E-2 4.4355E-2 5.19813E-2 4.00856E-2 2.74007E-2 3.00265E-2 3.04976E-2 2.92933E-2 3.14233E-2 7.13628E-2 7.22551E-2 5.72778E-2 4.19102E-2 6.36417E-2 7.78052E-2 5.41197E-2 2.59483E-2 4.87337E-2 6.57269E-2 3.82237E-2 2.93529E-2 4.29182E-2 1.96069E-2 2.55089E-2 2.46061E-2 8.53393E-3 6.06087E-3
-9999 -9999 -9999 -9999 2.04162E-3 5.41316E-3 7.88751E-3 2.42487E-2 4.54603E-3 9.6276E-4 1.32876E-3 2.55977E-2 9.02728E-2 6.02829E-2 8.11492E-2 4.85619E-2 6.92227E-2 8.94636E-2 7.07471E-2 6.9535E-2 7.01818E-2 8.37147E-2 5.37917E-2 5.02688E-2 4.64711E-2 4.23228E-2 5.3356E-2 4.01931E-2 3.91095E-2 3.34186E-2 3.9367E-2 5.4427E-2 4.48701E-2 5.07569E-2 4.53181E-2 5.14762E-2 4.70126E-2 6.50917E-2 5.03271E-2 6.1287E-2 4.9563E-2 5.96151E-2 5.03423E-2 8.08401E-2 6.21193E-2 8.12748E-2 8.46373E-2 2.81158E-2 5.79791E-2 8.87661E-2 6.73679E-2 6.72965E-2 7.62263E-2 2.80129E-2 3.13197E-2 4.21362E-2 3.56264E-2 3.25648E-2 2.47739E-2 1.08274E-2 7.42147E-3
-9999 -9999 -9999 -9999 4.97243E-4 2.46398E-3 4.85854E-3 1.39269E-2 6.01837E-3 1.45601E-3 5.59787E-3 2.35572E-2 6.95594E-2 5.27196E-2 6.10798E-2 5.43376E-2 6.5117E-2 9.61967E-2 4.64309E-2 6.86653E-2 7.11144E-2 5.39749E-2 6.96113E-2 6.61177E-2 6.42245E-2 6.01486E-2 5.38236E-2 4.83903E-2 4.14518E-2 3.15565E-2 4.89226E-2 5.64544E-2 6.42562E-2 6.01585E-2 5.87147E-2 5.92071E-2 5.43548E-2 6.76686E-2 7.99651E-2 7.10746E-2 7.10836E-2 6.88412E-2 9.17188E-2 8.43319E-2 7.27386E-2 7.47009E-2 9.69542E-2 1.04322E-1 -9999 8.22723E-2 5.95912E-2 5.95734E-2 3.46034E-2 3.95289E-2 7.73366E-2 4.21156E-2 3.72728E-2 3.11161E-2 4.55542E-2 1.46773E-2 8.42336E-3
-9999 -9999 -9999 -9999 5.55652E-4 1.60395E-3 2.7214E-3 2.14214E-4 6.40488E-2 1.70657E-1 9.59198E-3 1.70506E-2 3.77465E-2 4.22989E-2 4.52681E-2 5.28045E-2 6.69627E-2 5.77432E-2 4.74677E-2 6.54738E-2 7.00635E-2 6.99167E-2 7.34312E-2 8.29068E-2 6.14395E-2 5.30969E-2 4.29541E-2 6.23922E-2 3.85409E-2 4.31177E-2 5.75174E-2 6.64982E-2 6.28817E-2 6.01383E-2 5.28297E-2 6.52952E-2 6.15845E-2 5.95762E-2 6.01752E-2 6.65316E-2 7.42076E-2 7.73869E-2 8.36928E-2 8.58254E-2 8.63583E-2 7.1097E-2 -9999 -9999 -9999 -9999 7.66828E-2 4.30532E-2 4.434E-2 6.7605E-2 5.66776E-2 4.73684E-2 2.19757E-2 1.64379E-2 9.82953E-3 1.32203E-2 1.2482E-2
-9999 -9999 -9999 -9999 3.46585E-4 2.96334E-3 2.09066E-3 4.97088E-4 1.31304E-4 1.78308E-1 1.08428E-2 5.69892E-2 3.10349E-2 3.65197E-2 3.79676E-2 4.87042E-2 5.38703E-2 4.65516E-2 5.53936E-2 5.66393E-2 5.66279E-2 6.93349E-2 7.82342E-2 7.49653E-2 4.57528E-2 3.34336E-2 4.17196E-2 4.37377E-2 5.50277E-2 6.21393E-2 6.43578E-2 6.72856E-2 6.75014E-2 8.06044E-2 4.38905E-2 5.62196E-2 7.19676E-2 5.89688E-2 6.19249E-2 6.43716E-2 8.46827E-2 7.64263E-2 6.08255E-2 4.01602E-2 8.89283E-2 -9999 -9999 -9999 -9999 1.84585E-1 7.06417E-2 6.6878E-2 5.4354E-2 5.81861E-2 5.67424E-2 4.34316E-2 3.78276E-2 2.56375E-2 2.61318E-2 3.50616E-2 1.60166E-2
-9999 -9999 -9999 -9999 1.02565E-3 3.71741E-3 3.53846E-3 5.0669E-4 5.71398E-3 1.70303E-2 1.27256E-2 3.4477E-2 2.23202E-2 3.61118E-2 4.16156E-2 4.7369E-2 5.5416E-2 5.63617E-2 4.13843E-2 4.65368E-2 5.65702E-2 7.43988E-2 6.1073E-2 4.92235E-2 4.85877E-2 4.04706E-2 4.53822E-2 6.08364E-2 7.33194E-2 7.26927E-2 7.02718E-2 6.90267E-2 6.90291E-2 7.15266E-2 6.97747E-2 5.26E-2 5.88524E-2 5.47598E-2 7.73228E-2 7.21921E-2 7.50346E-2 7.79151E-2 9.66158E-2 1.00467E-1 1.17188E-1 -9999 -9999 -9999 1.83738E-1 1.42242E-1 9.90305E-2 7.09344E-2 6.57623E-2 5.49998E-2 5.06892E-2 3.91778E-2 3.95934E-2 1.72926E-2 1.96665E-2 3.02243E-2 1.42963E-2
-9999 -9999 -9999 2.04967E-3 3.58814E-2 1.57663E-2 8.49226E-4 1.42772E-3 7.05427E-4 2.32252E-3 1.25137E-2 1.50892E-2 2.07333E-2 3.64812E-2 5.49139E-2 4.3587E-2 6.9186E-2 5.21094E-2 5.66931E-2 4.176E-2 4.90121E-2 5.35061E-2 4.67113E-2 3.07641E-2 5.32641E-2 4.24606E-2 4.96718E-2 6.32894E-2 5.26422E-2 6.93444E-2 9.84111E-2 8.79352E-2 7.44354E-2 7.78559E-2 6.98568E-2 7.03397E-2 6.09518E-2 7.54507E-2 7.07089E-2 8.14043E-2 7.14222E-2 6.90593E-2 8.26726E-2 1.09495E-1 2.18823E-1 1.60827E-1 1.53359E-1 1.52536E-1 1.59331E-1 1.1001E-1 1.0457E-1 8.61733E-2 7.89696E-2 6.89997E-2 6.08929E-2 3.90282E-2 4.07354E-2 2.08269E-2 2.20712E-2 2.40846E-2 1.83625E-2
-9999 -9999 -9999 -9999 3.40261E-3 2.90562E-2 3.02112E-3 -9999 4.95835E-4 2.14048E-3 9.03271E-3 8.63867E-3 4.10382E-2 5.31318E-2 4.84065E-2 6.24961E-2 6.49624E-2 5.1961E-2 4.35893E-2 5.83767E-2 4.32344E-2 4.98457E-2 3.18341E-2 4.85129E-2 7.2394E-2 6.14312E-2 5.68431E-2 6.53636E-2 5.66777E-2 6.50655E-2 7.00316E-2 9.39966E-2 8.5984E-2 8.09432E-2 6.96333E-2 5.91455E-2 6.38935E-2 5.56462E-2 5.98751E-2 8.8681E-2 9.42308E-2 8.48191E-2 7.14681E-2 9.61634E-2 1.10901E-1 1.31105E-1 1.32171E-1 1.2753E-1 1.34196E-1 1.0298E-1 1.03882E-1 7.07145E-2 8.43974E-2 7.78301E-2 6.56904E-2 3.62012E-2 3.87358E-2 2.54833E-2 3.17571E-2 2.69993E-2 1.67109E-2
-9999 -9999 -9999 -9999 7.89279E-4 1.19433E-3 2.06533E-3 4.25585E-3 1.06303E-3 8.2815E-3 1.29477E-2 4.58773E-3 7.48139E-2 2.52348E-2 3.92233E-2 9.33166E-2 5.03646E-2 6.84408E-2 4.26492E-2 4.10142E-2 3.7002E-2 4.656E-2 5.02797E-2 8.47647E-2 6.6679E-2 8.55766E-2 4.53577E-2 5.61582E-2 6.18171E-2 7.08372E-2 7.91466E-2 1.06919E-1 9.7533E-2 9.67011E-2 8.86702E-2 8.57416E-2 7.04793E-2 5.03312E-2 6.57538E-2 7.26576E-2 7.43368E-2 8.78322E-2 6.06875E-2 8.58759E-2 8.04842E-2 1.15023E-1 1.10994E-1 9.72802E-2 1.04904E-1 1.02795E-1 9.32446E-2 7.82891E-2 8.47118E-2 8.56672E-2 8.44691E-2 5.72697E-2 4.23317E-2 4.36428E-2 2.42403E-2 3.01512E-2 2.97922E-2
-9999 -9999 -9999 -9999 6.38208E-3 1.74832E-3 2.99766E-3 1.98231E-3 2.53809E-3 9.37121E-3 4.70648E-3 3.71351E-3 2.8252E-2 4.99211E-2 4.39742E-2 5.80802E-2 6.25339E-2 6.46864E-2 6.11337E-2 4.34815E-2 5.49899E-2 4.0863E-2 3.56768E-2 4.79073E-2 1.40131E-1 7.71423E-2 3.51414E-2 5.59318E-2 7.37122E-2 8.18831E-2 8.9498E-2 9.997E-2 1.26878E-1 9.55038E-2 1.1326E-1 9.70475E-2 9.22757E-2 8.08769E-2 9.18756E-2 9.62071E-2 9.32116E-2 9.38161E-2 8.1929E-2 8.24342E-2 9.6064E-2 1.02732E-1 8.32341E-2 9.37486E-2 9.71582E-2 1.02959E-1 8.98889E-2 8.04873E-2 7.91459E-2 7.76988E-2 7.67022E-2 4.685E-2 4.77275E-2 4.8158E-2 3.57789E-2 3.11385E-2 2.28341E-2
-9999 -9999 -9999 -9999 -9999 1.92257E-3 3.54987E-3 4.63423E-3 1.3312E-3 4.26833E-3 3.76688E-3 1.16031E-2 1.59332E-2 2.99154E-2 3.16711E-2 6.16358E-2 1.02931E-1 7.0413E-2 6.4434E-2 4.87155E-2 5.33618E-2 6.37465E-2 3.86741E-2 5.58676E-2 8.6544E-2 1.82674E-1 5.78171E-2 5.27136E-2 6.48132E-2 1.04161E-1 1.10804E-1 1.2639E-1 1.11862E-1 1.04587E-1 9.97023E-2 1.13748E-1 8.9299E-2 8.15534E-2 9.8105E-2 8.84738E-2 9.97211E-2 1.02198E-1 9.38052E-2 1.08495E-1 1.06431E-1 9.40243E-2 8.26842E-2 9.36804E-2 9.70293E-2 1.24566E-1 1.02038E-1 9.0694E-2 8.15072E-2 7.27669E-2 7.41604E-2 4.66193E-2 5.60796E-2 5.54895E-2 5.29552E-2 1.97983E-2 2.63563E-2
-9999 -9999 -9999 -9999 -9999 7.18052E-3 9.20924E-4 4.05137E-3 2.88957E-3 1.41105E-2 1.23503E-2 1.23751E-3 3.60824E-3 1.06243E-2 3.94949E-2 6.28542E-2 6.6245E-2 7.26763E-2 6.49484E-2 5.70128E-2 7.94748E-2 4.44548E-2 6.08059E-2 5.64766E-2 1.0628E-1 1.63983E-1 6.99415E-2 6.0573E-2 7.24938E-2 9.09911E-2 9.62136E-2 1.19793E-1 1.32761E-1 1.10506E-1 9.53911E-2 1.13445E-1 1.13428E-1 1.116E-1 1.10458E-1 1.06771E-1 9.25856E-2 1.03702E-1 1.07088E-1 1.13993E-1 9.10414E-2 1.04102E-1 1.06362E-1 8.81583E-2 7.99303E-2 9.81588E-2 1.03376E-1 8.7521E-2 7.13727E-2 5.70052E-2 8.16712E-2 5.71347E-2 4.67119E-2 5.62438E-2 4.10431E-2 3.9084E-2 3.26058E-2
-9999 -9999 -9999 -9999 -9999 8.09227E-3 4.06109E-3 8.51073E-4 1.71037E-3 4.62837E-4 1.08187E-2 2.93558E-3 1.93031E-3 3.78578E-3 4.3605E-2 4.54574E-2 4.4861E-2 4.46624E-2 7.09433E-2 6.93498E-2 5.82047E-2 6.40636E-2 6.09911E-2 5.58693E-2 8.39636E-2 1.17276E-1 5.92255E-2 8.45745E-2 9.11635E-2 8.31168E-2 1.01709E-1 1.11919E-1 1.3305E-1 1.27943E-1 1.31924E-1 1.37497E-1 1.27419E-1 1.46873E-1 1.36578E-1 1.36218E-1 1.24184E-1 1.09756E-1 1.09587E-1 9.01198E-2 1.11345E-1 1.05098E-1 9.98134E-2 9.37686E-2 9.10419E-2 1.1137E-1 1.12643E-1 8.6414E-2 7.31759E-2 4.92199E-2 7.71362E-2 6.4394E-2 6.94848E-2 5.83238E-2 4.76121E-2 4.94367E-2 4.11536E-2
-9999 -9999 -9999 -9999 -9999 4.48046E-3 1.0444E-3 2.17585E-3 3.16443E-3 4.04716E-4 1.36459E-3 2.35921E-3 8.64506E-3 1.19391E-2 2.67531E-2 3.60198E-2 3.30177E-2 3.35906E-2 5.17597E-2 5.54032E-2 7.33413E-2 1.13721E-1 9.37436E-2 6.31633E-2 4.95255E-2 1.82963E-1 6.95591E-2 7.25862E-2 9.96415E-2 8.63314E-2 1.16698E-1 1.23384E-1 1.32548E-1 1.37379E-1 1.39833E-1 1.33833E-1 1.67757E-1 1.4277E-1 1.44107E-1 1.59401E-1 2.05657E-1 1.48398E-1 1.02667E-1 6.7541E-2 1.31338E-1 1.17956E-1 1.23256E-1 1.11785E-1 9.52016E-2 1.22836E-1 8.96049E-2 1.04053E-1 1.10807E-1 8.19486E-2 5.6631E-2 -9999 5.29551E-2 3.87553E-2 4.57286E-2 5.97396E-2 4.58322E-2
