Candidate_Models_July82022/M_5_F_lqp_Set_1_all/Bison.asc
ncols         290
nrows         380
xllcorner     -2197417.7431653
yllcorner     -584827.01486885
cellsize      10000.0
NODATA_value  -9999
[rows 270 to 296 of 380, columns 61 to 121 of 290]
3.53602E-6 5.87124E-6 5.71173E-6 7.39186E-6 3.49334E-5 2.77757E-5 2.79701E-5 8.10585E-5 8.34751E-5 6.96764E-5 1.83971E-4 1.5541E-4 1.93017E-4 2.47106E-4 1.79417E-4 1.4557E-4 1.4512E-4 1.02788E-4 8.81785E-5 1.16931E-4 5.97053E-5 3.20655E-5 3.20478E-5 3.11075E-5 5.88922E-5 5.82924E-5 4.00487E-5 5.75157E-5 1.27528E-4 2.46524E-5 4.01986E-5 1.22025E-4 2.64263E-5 3.65438E-5 3.75937E-5 2.40674E-5 2.54071E-5 3.13082E-5 3.22781E-5 2.33874E-5 1.81047E-5 2.34054E-5 2.83522E-5 2.07267E-5 2.07297E-5 3.34344E-5 3.65434E-5 2.99092E-5 4.52364E-5 5.08621E-5 4.16116E-5 1.21596E-5 2.28666E-5 1.49973E-5 7.29098E-5 4.7873E-5 4.24893E-5 1.13934E-4 5.17823E-5 8.17102E-5 9.05584E-5
8.12488E-6 4.69568E-6 9.5531E-6 2.01698E-5 1.78142E-5 3.14402E-5 3.41294E-5 5.64276E-5 1.29178E-4 1.79455E-4 1.49889E-4 1.43762E-4 2.64561E-4 2.25157E-4 2.20847E-4 8.59137E-5 1.26041E-4 1.4907E-4 7.23493E-5 1.14634E-4 5.1102E-5 4.28716E-5 3.87653E-5 4.44951E-5 7.14785E-5 9.31953E-5 4.75624E-5 5.60448E-5 1.31215E-4 3.45168E-5 3.09941E-5 6.87607E-5 4.82079E-5 2.5585E-5 3.01028E-5 3.00361E-5 3.237E-5 9.87345E-5 3.44508E-5 2.17809E-5 1.21375E-5 1.77343E-5 3.17184E-5 2.02338E-5 3.40914E-5 3.20131E-5 2.86343E-5 1.71615E-5 3.97876E-5 3.31588E-5 2.95038E-5 4.88171E-5 3.1106E-5 1.81392E-5 3.96326E-5 8.78801E-5 6.60713E-5 3.30203E-5 7.31484E-5 4.8827E-5 7.81479E-5
1.81142E-5 2.61996E-5 1.73667E-5 1.109E-5 4.60177E-5 3.75272E-5 3.70443E-5 3.49705E-5 1.1703E-4 1.89666E-4 2.57019E-4 2.73912E-4 2.67467E-4 2.47777E-4 2.08594E-4 1.07644E-4 7.50272E-5 5.36488E-5 1.08609E-4 1.03352E-4 7.93115E-5 6.47251E-5 4.32004E-5 7.36928E-5 9.17186E-5 4.30034E-5 5.36606E-5 9.00135E-5 4.74417E-5 3.71898E-5 4.51352E-5 4.23971E-5 4.53245E-5 4.2895E-5 4.60497E-5 4.33159E-5 5.55254E-5 7.29115E-5 2.09038E-5 1.11796E-5 1.54585E-5 1.32556E-5 3.04898E-5 1.37636E-5 5.19311E-5 2.5865E-5 2.54062E-5 2.66686E-5 3.8244E-5 3.33492E-5 3.92914E-5 5.55519E-5 5.79671E-5 2.6346E-5 3.45417E-5 4.26995E-5 5.18339E-5 2.34325E-5 3.78548E-5 1.07054E-5 2.87012E-5
8.83442E-6 7.99493E-6 1.06584E-5 3.31934E-5 6.50755E-5 7.21568E-5 1.13027E-4 7.16031E-5 6.46692E-5 2.54558E-4 2.24297E-4 2.28258E-4 1.82559E-4 8.94433E-5 1.124E-4 1.90513E-4 1.13605E-4 2.5509E-4 1.7867E-4 2.02988E-4 2.42932E-4 7.83825E-5 5.65523E-5 7.25478E-5 5.85414E-5 5.85782E-5 7.96332E-5 6.25715E-5 5.66221E-5 1.2885E-4 7.84876E-5 4.11141E-5 4.48024E-5 3.68987E-5 4.31159E-5 3.91282E-5 4.6992E-5 3.21738E-5 5.07833E-5 1.84873E-5 1.42049E-5 1.36242E-5 1.94565E-5 9.31844E-6 4.96379E-5 3.49851E-5 2.81756E-5 5.80411E-5 5.36588E-5 3.02155E-5 4.68153E-5 3.96105E-5 5.8543E-5 5.00857E-5 4.10989E-5 4.09609E-5 2.31809E-5 1.98069E-5 4.66837E-5 3.26957E-5 5.80798E-5
2.02871E-5 1.86436E-5 1.50336E-5 2.79266E-5 2.53915E-5 3.41205E-5 1.11556E-4 1.41037E-4 1.37244E-4 1.52599E-4 2.42127E-4 2.59505E-4 1.48122E-4 2.3137E-4 1.75306E-4 1.13479E-4 2.48926E-4 1.79811E-4 2.1893E-4 2.37788E-4 1.98678E-4 2.45635E-4 6.23014E-5 1.62417E-4 8.02679E-5 7.06657E-5 6.17575E-5 7.79957E-5 1.79216E-4 2.09674E-4 6.88414E-5 5.91708E-5 4.09586E-5 4.49373E-5 5.20445E-5 3.09088E-5 2.71071E-5 3.32556E-5 1.47585E-5 2.6387E-5 1.78282E-5 1.48698E-5 8.83586E-6 2.12009E-5 2.5767E-5 3.9654E-5 5.61498E-5 5.19629E-5 4.4383E-5 5.3885E-5 3.15101E-5 3.46486E-5 8.08262E-5 1.89834E-4 5.34423E-5 4.67306E-5 2.1836E-5 3.50258E-5 2.99669E-5 4.72557E-5 7.73021E-5
2.53147E-5 3.961E-5 5.31805E-5 3.30338E-5 2.9552E-5 3.17754E-5 8.22134E-5 1.16872E-4 2.17963E-4 1.19029E-4 1.09573E-4 1.25145E-4 1.77702E-4 2.23097E-4 7.59704E-5 1.00122E-4 2.28506E-4 2.2103E-4 2.05327E-4 2.37742E-4 2.15759E-4 2.4546E-4 1.61549E-4 2.27494E-4 1.47785E-4 1.4319E-4 1.23459E-4 1.09232E-4 1.29523E-4 1.78339E-4 9.85286E-5 5.295E-5 2.51244E-5 3.39229E-5 6.16816E-5 5.26505E-5 3.25471E-5 1.62518E-5 2.30525E-5 9.90908E-6 4.88879E-5 1.46238E-5 1.16022E-5 1.1269E-5 1.91067E-5 3.9358E-5 3.42935E-5 7.07816E-5 8.91852E-5 4.67152E-5 4.42108E-5 4.1451E-5 2.44211E-4 2.36943E-4 8.398E-5 2.9022E-5 2.01088E-5 2.8382E-5 1.5889E-5 4.07335E-5 8.34884E-5
8.83923E-6 4.39028E-5 9.16591E-5 6.83058E-5 2.97055E-5 3.96528E-5 3.73568E-5 8.39374E-5 1.32745E-4 1.26439E-4 1.15114E-4 1.59865E-4 2.30597E-4 1.10961E-4 1.58272E-4 1.33382E-4 2.22342E-4 1.85986E-4 2.3645E-4 2.38717E-4 1.51564E-4 1.24579E-4 2.1977E-4 1.6578E-4 1.61187E-4 1.55684E-4 1.41748E-4 1.82088E-4 6.44085E-5 9.3438E-5 1.74041E-4 5.01342E-5 3.91338E-5 3.26436E-5 5.9444E-5 2.88736E-5 1.30076E-5 1.92496E-5 1.92048E-5 2.06858E-5 1.02615E-5 1.51927E-5 2.69391E-5 1.80524E-5 2.31397E-5 4.76064E-5 6.14412E-5 5.97361E-5 1.24023E-4 6.9953E-5 4.84018E-5 6.99911E-5 2.09355E-4 2.33739E-4 1.66788E-4 1.64529E-5 5.48772E-5 3.14922E-5 2.99072E-5 3.14214E-5 4.78845E-5
2.02977E-5 1.99391E-5 4.98814E-5 1.00186E-4 8.56908E-5 6.06526E-5 8.83045E-5 7.21627E-5 7.16813E-5 1.29159E-4 1.21164E-4 2.37387E-4 1.53568E-4 1.59397E-4 1.76635E-4 1.30864E-4 1.29954E-4 1.67606E-4 2.16616E-4 2.2001E-4 1.62049E-4 2.11269E-4 2.04236E-4 2.15893E-4 1.40344E-4 1.41004E-4 1.52294E-4 2.09186E-4 1.06266E-4 7.88855E-5 1.94907E-4 1.1502E-4 1.58128E-4 1.88219E-4 5.60421E-5 1.86778E-5 1.96742E-5 2.38361E-5 1.74036E-5 1.72244E-5 1.82741E-5 1.56087E-5 2.2435E-5 1.74173E-5 1.04115E-5 4.15808E-5 3.5322E-5 6.66672E-5 7.24405E-5 6.91621E-5 3.52014E-5 6.92978E-5 6.20429E-5 2.10358E-4 1.45976E-4 3.7648E-5 1.71708E-5 3.64771E-5 2.36555E-5 2.93735E-5 3.48007E-5
2.89764E-5 3.52677E-5 6.89487E-5 2.1417E-4 2.46834E-4 1.68048E-4 8.93889E-5 7.59605E-5 7.84138E-5 1.94136E-4 1.42821E-4 1.83558E-4 1.22488E-4 8.71052E-5 2.02612E-4 7.28251E-5 1.85373E-4 1.20206E-4 9.58466E-5 1.81689E-4 2.23972E-4 2.2159E-4 1.83725E-4 1.92781E-4 1.71176E-4 1.89079E-4 2.08716E-4 2.08199E-4 1.2026E-4 8.1561E-5 8.46457E-5 1.2539E-4 3.95672E-5 8.11856E-5 3.79251E-5 2.13901E-5 1.15035E-5 1.91035E-5 2.21363E-5 2.41889E-5 1.82689E-5 1.43338E-5 3.37027E-5 2.23107E-5 1.62733E-5 2.28764E-5 4.51529E-5 4.13192E-5 4.54257E-5 6.13823E-5 7.07643E-5 4.14761E-5 3.02342E-5 7.0897E-5 7.58111E-5 4.17249E-5 1.45611E-5 3.88305E-5 3.43675E-5 1.42766E-5 3.19659E-5
3.0806E-5 5.62508E-5 7.10796E-5 1.45909E-4 1.9775E-4 1.53465E-4 8.77936E-5 7.06109E-5 7.91529E-5 2.05685E-4 1.14256E-4 1.23153E-4 1.73093E-4 1.18622E-4 1.88375E-4 1.79131E-4 2.14736E-4 2.17358E-4 1.71963E-4 1.96981E-4 2.20072E-4 2.06081E-4 1.7929E-4 2.00876E-4 1.7499E-4 2.23467E-4 1.72593E-4 2.17156E-4 1.37946E-4 1.81327E-4 1.93882E-4 5.87818E-5 4.06386E-5 4.47552E-5 2.82457E-5 3.03495E-5 2.74571E-5 1.965E-5 2.73618E-5 2.29225E-5 2.71954E-5 1.45685E-5 1.31753E-5 5.32541E-5 1.89194E-5 1.32617E-5 3.77178E-5 3.80351E-5 3.26686E-5 8.28547E-5 1.69345E-4 6.50452E-5 9.15274E-5 5.68108E-5 4.24487E-5 3.83676E-5 1.73415E-5 3.94207E-5 3.32347E-5 3.40782E-5 1.82716E-5
3.29696E-5 6.41218E-5 6.47357E-5 6.42172E-5 1.43664E-4 1.91187E-4 1.0155E-4 7.10996E-5 7.33463E-5 1.62815E-4 1.74807E-4 2.12358E-4 1.99958E-4 1.68142E-4 2.00352E-4 1.41304E-4 2.07774E-4 2.13537E-4 2.14787E-4 2.18297E-4 2.28695E-4 1.97485E-4 2.13865E-4 1.73538E-4 2.17452E-4 1.73352E-4 1.70108E-4 1.0975E-4 2.07347E-4 1.577E-4 1.26689E-4 1.76163E-4 9.0511E-5 4.79035E-5 3.06134E-5 2.72906E-5 5.3192E-5 3.34298E-5 1.94222E-5 1.35593E-5 2.18905E-5 1.67517E-5 1.7576E-5 4.10817E-5 1.43075E-5 1.70831E-5 3.23574E-5 3.34175E-5 3.1392E-5 1.66285E-4 1.84668E-4 1.2792E-4 1.45651E-4 6.32291E-5 3.93527E-5 4.08148E-5 1.79759E-5 2.16349E-5 2.76061E-5 2.42881E-5 3.51355E-5
4.65375E-5 5.67673E-5 8.15533E-5 9.04547E-5 5.60005E-5 1.52829E-4 7.16747E-5 7.02439E-5 7.874E-5 1.41946E-4 1.77147E-4 1.92403E-4 1.20304E-4 1.23407E-4 1.30625E-4 1.1858E-4 1.83559E-4 2.03738E-4 1.9674E-4 2.22731E-4 2.12629E-4 2.27126E-4 2.11225E-4 1.45426E-4 1.89428E-4 1.94166E-4 2.03545E-4 1.97104E-4 1.28921E-4 1.21085E-4 1.17461E-4 1.32518E-4 1.99855E-4 7.2054E-5 3.85322E-5 1.53594E-5 1.86608E-5 2.21145E-5 2.66577E-5 2.27237E-5 1.58068E-5 1.35319E-5 2.85481E-5 1.7577E-5 5.20985E-5 1.02223E-5 2.43819E-5 3.94619E-5 5.42334E-5 1.71895E-4 2.24417E-4 1.97146E-4 1.74489E-4 6.3902E-5 3.33644E-5 4.09596E-5 1.60226E-5 1.84126E-5 4.08309E-5 3.2966E-5 1.83658E-5
4.55437E-5 7.38846E-5 2.22369E-4 2.0569E-4 5.15037E-5 6.87902E-5 7.71216E-5 6.57658E-5 6.17217E-5 1.22758E-4 1.85061E-4 1.56909E-4 1.41612E-4 1.35992E-4 1.89986E-4 1.53289E-4 1.75059E-4 2.01558E-4 1.72614E-4 2.12356E-4 2.18317E-4 2.11739E-4 2.07128E-4 1.90163E-4 1.39258E-4 1.37227E-4 1.84915E-4 1.25637E-4 1.15553E-4 1.1761E-4 1.6082E-4 2.07762E-4 8.36579E-5 3.45335E-5 6.30637E-5 3.03366E-5 1.91988E-5 2.26041E-5 2.44646E-5 1.60093E-5 1.92605E-5 9.8979E-6 1.32948E-5 1.32824E-5 1.73437E-5 2.40905E-5 2.95144E-5 5.95858E-5 4.47018E-5 1.43274E-4 1.67827E-4 1.30932E-4 1.55697E-4 1.56995E-4 3.10851E-5 4.98064E-5 1.87034E-5 2.80329E-5 1.52339E-5 3.11399E-5 2.55798E-5
5.85012E-5 1.17386E-4 2.12546E-4 1.59531E-4 8.48288E-5 6.97478E-5 6.89151E-5 6.41306E-5 1.49807E-4 1.86973E-4 1.69798E-4 1.6226E-4 1.54877E-4 1.45053E-4 1.72933E-4 1.84367E-4 2.02601E-4 1.79741E-4 1.49584E-4 1.64735E-4 2.12899E-4 1.69403E-4 1.683E-4 1.54964E-4 1.76071E-4 1.5919E-4 1.02817E-4 1.07382E-4 1.16555E-4 1.16879E-4 1.18518E-4 1.58203E-4 4.97966E-5 4.20941E-5 2.42216E-5 4.69075E-5 3.06388E-5 3.46218E-5 3.05337E-5 2.63647E-5 1.65963E-5 2.39442E-5 1.28083E-5 3.90295E-5 3.02587E-5 2.72616E-5 4.41526E-5 1.45887E-4 8.62699E-5 1.30254E-4 1.33132E-4 1.74105E-4 1.48807E-4 2.29056E-4 3.49396E-5 5.91378E-5 2.25427E-5 1.26856E-5 2.96022E-5 5.71687E-5 6.30567E-5
6.69505E-5 1.2578E-4 2.04352E-4 1.19084E-4 1.84693E-4 1.05905E-4 6.76173E-5 7.6834E-5 0E0 1.73821E-4 8.80382E-5 5.33127E-5 8.66819E-5 1.65778E-4 1.17443E-4 1.12243E-4 1.90381E-4 1.92694E-4 2.14985E-4 2.06345E-4 2.03022E-4 1.20913E-4 1.71611E-4 1.45908E-4 1.69618E-4 1.20775E-4 1.04172E-4 1.09522E-4 1.18246E-4 1.20817E-4 1.51645E-4 1.687E-4 8.69598E-5 5.19719E-5 4.73957E-5 3.99935E-5 3.25051E-5 2.49057E-5 2.46307E-5 2.29293E-5 1.74369E-5 2.1613E-5 1.82496E-5 1.79049E-5 2.07671E-5 2.56161E-5 2.74192E-5 5.0404E-5 1.59024E-4 1.76343E-4 1.78543E-4 1.55309E-4 1.38866E-4 1.71343E-4 3.36227E-5 6.45685E-5 5.60044E-5 3.80781E-5 2.16533E-5 4.00128E-5 1.01893E-4
9.60781E-5 1.81084E-4 1.205E-4 1.67985E-4 1.88359E-4 1.61227E-4 8.83163E-5 7.73828E-5 1.07255E-4 5.61735E-5 5.37182E-5 4.80877E-5 1.53372E-4 1.55534E-4 1.75274E-4 1.28488E-4 1.75332E-4 1.66252E-4 1.99576E-4 1.69094E-4 1.81542E-4 1.58268E-4 1.65997E-4 1.57933E-4 1.37791E-4 1.03329E-4 9.72465E-5 1.02008E-4 1.20867E-4 1.18997E-4 1.90429E-4 7.86874E-5 5.20336E-5 4.67792E-5 3.38712E-5 5.36209E-5 2.98421E-5 2.40984E-5 1.82413E-5 2.88806E-5 1.60472E-5 1.46575E-5 2.25445E-5 2.23814E-5 1.18536E-5 2.26478E-5 2.51335E-5 2.44097E-5 3.41903E-5 1.58838E-4 1.78694E-4 1.4376E-4 1.42534E-4 1.49545E-4 4.3754E-5 7.54893E-5 5.79049E-5 4.98293E-5 2.77385E-5 3.81965E-5 4.44231E-5
6.72854E-5 1.4912E-4 1.30137E-4 1.2074E-4 1.50999E-4 1.85061E-4 1.62E-4 8.78754E-5 8.34773E-5 5.44803E-5 5.57667E-5 5.1675E-5 1.51341E-4 1.15103E-4 1.71808E-4 1.50545E-4 1.52659E-4 1.67001E-4 1.43449E-4 1.24067E-4 1.01255E-4 1.33975E-4 1.45241E-4 1.73598E-4 1.25587E-4 9.45126E-5 9.73475E-5 1.0517E-4 1.16003E-4 1.2138E-4 1.25115E-4 2.13155E-4 6.3605E-5 4.7371E-5 3.74245E-5 3.64713E-5 4.64681E-5 2.06955E-5 1.92818E-5 2.93479E-5 3.08471E-5 2.92106E-5 1.43231E-5 2.34098E-5 1.96015E-5 9.18933E-6 4.20259E-5 2.63146E-5 5.76803E-5 3.45397E-5 1.20997E-4 1.88358E-4 1.35992E-4 1.42779E-4 1.07339E-4 2.01849E-5 5.48117E-5 3.76553E-5 3.11728E-5 5.07674E-5 5.27525E-5
8.33586E-5 7.33405E-5 8.21116E-5 1.44376E-4 1.82074E-4 1.17132E-4 1.37619E-4 1.50214E-4 1.46767E-4 1.055E-4 5.45341E-5 5.2079E-5 1.18773E-4 9.48567E-5 1.48806E-4 1.706E-4 1.7233E-4 1.60443E-4 9.93279E-5 1.19112E-4 6.34157E-5 1.63566E-4 1.36778E-4 1.38275E-4 1.11255E-4 9.908E-5 9.08283E-5 1.04457E-4 1.13619E-4 1.22574E-4 1.65142E-4 1.39631E-4 9.59551E-5 3.28383E-5 4.62662E-5 4.71793E-5 3.82366E-5 3.10584E-5 2.35798E-5 2.5992E-5 1.22952E-5 1.75032E-5 1.6373E-5 1.81871E-5 2.57582E-5 1.32594E-5 1.90628E-5 3.6334E-5 3.48098E-5 5.10381E-5 3.03534E-5 1.77512E-4 2.22966E-4 4.75699E-5 7.89109E-5 3.09408E-5 6.04365E-5 2.96091E-5 1.98336E-5 6.97844E-5 3.09038E-5
7.8615E-5 7.04754E-5 6.30916E-5 7.01359E-5 8.81824E-5 1.38438E-4 1.31848E-4 1.9223E-4 1.85066E-4 1.83918E-4 8.93819E-5 9.11561E-5 1.57689E-4 1.03117E-4 1.42687E-4 1.16088E-4 1.52249E-4 7.18277E-5 1.4534E-4 1.45562E-4 6.01446E-5 1.00244E-4 1.25939E-4 1.01056E-4 1.14952E-4 9.36607E-5 9.90871E-5 9.90543E-5 1.45472E-4 1.39998E-4 2.10556E-4 1.41231E-4 1.68751E-4 1.07486E-4 5.66237E-5 3.18534E-5 2.23951E-5 4.16184E-5 4.37537E-5 1.98067E-5 2.17012E-5 1.78443E-5 2.33116E-5 1.93365E-5 2.36191E-5 1.82941E-5 1.5235E-5 5.16127E-5 4.53329E-5 4.50454E-5 6.44194E-5 5.20874E-5 1.65252E-4 2.31077E-5 8.38444E-6 3.56816E-5 6.11757E-5 6.21622E-5 3.86436E-5 6.3714E-5 3.60132E-5
4.9146E-5 5.61642E-5 7.97335E-5 6.76124E-5 7.12037E-5 1.30331E-4 1.66483E-4 1.58688E-4 1.30008E-4 1.30951E-4 1.1734E-4 0E0 0E0 8.36889E-5 1.33878E-4 1.07513E-4 1.10032E-4 1.0584E-4 1.57157E-4 1.45213E-4 1.61755E-4 8.73985E-5 1.28307E-4 1.45368E-4 1.23626E-4 1.25951E-4 1.40521E-4 1.32381E-4 1.19619E-4 1.23869E-4 1.41375E-4 1.579E-4 1.7805E-4 1.4028E-4 4.85102E-5 5.06968E-5 3.07263E-5 4.13884E-5 3.04007E-5 2.73915E-5 1.45558E-5 2.85729E-5 1.93169E-5 2.13975E-5 2.42353E-5 3.90519E-5 1.73186E-5 3.96038E-5 3.87751E-5 4.39354E-5 1.04796E-4 1.01955E-4 4.0589E-5 5.27291E-5 4.937E-5 5.38682E-5 6.40869E-5 5.93833E-5 6.25128E-5 1.77507E-5 4.50672E-5
7.49142E-5 7.13973E-5 8.81524E-5 1.27983E-4 2.10947E-4 1.47104E-4 1.34086E-4 1.96686E-4 1.99926E-4 2.03896E-4 1.8737E-4 1.1331E-4 0E0 0E0 1.33726E-4 1.27901E-4 1.47422E-4 1.39441E-4 1.40254E-4 1.36905E-4 1.06197E-4 1.3422E-4 1.46671E-4 1.41632E-4 1.28558E-4 1.45191E-4 1.1238E-4 1.08368E-4 1.11124E-4 1.23869E-4 1.17131E-4 1.1314E-4 1.35167E-4 1.74573E-4 5.5766E-5 2.20264E-5 6.04685E-5 2.82379E-5 5.54513E-5 5.09378E-5 4.2527E-5 1.52998E-5 2.24446E-5 1.46109E-5 2.78518E-5 2.45903E-5 1.86795E-5 3.17774E-5 5.12163E-5 2.41338E-5 4.47247E-5 2.29706E-4 2.03322E-4 2.72254E-5 4.25011E-5 8.37039E-5 8.28837E-5 1.64793E-4 2.69382E-4 1.81399E-4 6.96007E-5
1.59566E-4 7.13389E-5 7.51522E-5 9.78482E-5 9.69561E-5 1.23927E-4 1.85347E-4 1.62703E-4 1.69744E-4 1.3166E-4 1.83129E-4 1.8698E-4 1.38154E-4 0E0 9.80997E-5 1.37786E-4 1.18825E-4 1.28686E-4 8.40923E-5 8.2471E-5 8.72766E-5 7.79835E-5 9.91902E-5 1.69774E-4 1.53211E-4 1.86823E-4 1.53582E-4 1.05927E-4 1.72436E-4 8.5782E-5 9.03642E-5 9.2262E-5 1.16858E-4 1.78028E-4 9.70047E-5 2.89724E-5 2.85033E-5 2.81709E-5 4.71373E-5 5.48996E-5 2.41869E-5 3.64494E-5 2.53379E-5 1.58457E-5 2.53078E-5 3.91926E-5 4.56848E-5 1.63466E-5 6.06182E-5 5.52897E-5 2.98018E-5 1.33715E-4 2.17403E-4 5.68114E-5 4.43462E-5 6.39455E-5 8.2019E-5 1.26006E-4 5.95822E-5 2.91441E-4 2.73604E-4
1.5775E-4 5.05765E-5 7.05628E-5 6.90327E-5 7.90948E-5 1.16075E-4 1.48625E-4 1.31173E-4 1.18288E-4 1.2158E-4 1.2201E-4 1.48614E-4 1.86367E-4 1.08206E-4 1.22923E-4 1.39162E-4 9.29079E-5 1.21874E-4 7.55451E-5 7.54485E-5 8.15083E-5 1.12534E-4 1.43365E-4 4.84362E-5 5.3636E-5 1.87745E-4 1.53384E-4 1.22355E-4 1.19611E-4 1.29804E-4 8.46362E-5 9.49756E-5 1.82707E-4 1.35271E-4 8.67307E-5 4.78374E-5 4.62586E-5 5.51387E-5 5.58252E-5 4.36595E-5 3.41758E-5 1.7864E-5 2.65195E-5 1.34814E-5 2.66937E-5 1.71552E-5 5.10371E-5 2.81001E-5 3.79304E-5 2.63064E-5 5.08997E-5 1.55437E-4 1.53373E-4 3.27776E-5 5.61812E-5 7.89765E-5 6.21986E-5 3.45706E-5 4.27623E-5 2.55313E-4 3.35002E-4
1.14253E-4 8.23648E-5 9.23754E-5 7.36854E-5 5.9296E-5 1.01685E-4 1.12556E-4 1.22504E-4 0E0 1.45074E-4 1.23743E-4 1.33494E-4 1.30028E-4 1.01561E-4 1.06943E-4 1.12147E-4 9.8578E-5 8.59727E-5 1.29131E-4 7.33897E-5 1.61405E-4 4.32186E-5 2.05245E-5 2.38708E-5 2.62875E-5 6.60479E-5 1.26849E-4 1.34245E-4 1.50024E-4 1.0344E-4 1.04938E-4 1.53631E-4 2.24117E-4 1.87458E-4 1.87504E-4 5.28785E-5 6.65005E-5 6.66098E-5 3.96593E-5 2.91559E-5 2.34343E-5 2.61332E-5 4.29545E-5 4.36188E-5 2.64932E-5 2.78271E-5 4.10398E-5 5.8049E-5 3.90107E-5 3.30438E-5 3.45872E-5 2.15765E-4 2.02675E-4 5.81371E-5 3.99733E-5 7.43376E-5 8.06515E-5 5.8028E-5 8.53834E-5 1.91168E-4 2.11849E-4
1.77131E-4 1.33513E-4 1.66922E-4 6.96497E-5 1.15717E-4 1.03351E-4 1.58402E-4 1.03289E-4 1.18891E-4 1.20716E-4 1.45586E-4 1.1704E-4 1.35918E-4 1.3567E-4 1.30142E-4 1.52079E-4 8.05465E-5 7.78234E-5 8.29609E-5 1.3958E-4 5.81523E-5 2.20368E-5 3.29647E-5 2.41519E-5 2.62026E-5 4.19832E-5 1.32591E-4 1.85169E-4 1.49517E-4 1.5724E-4 1.17052E-4 2.39255E-4 2.0687E-4 1.78334E-4 1.63378E-4 8.49897E-5 1.10932E-4 9.66368E-5 5.69514E-5 2.89945E-5 3.89678E-5 2.43911E-5 3.38455E-5 2.99032E-5 1.9934E-5 2.40716E-5 1.96038E-5 2.70009E-5 3.3072E-5 5.0555E-5 7.14627E-5 2.38068E-4 2.83146E-4 3.64347E-5 2.38862E-5 3.20769E-5 5.23186E-5 1.9495E-4 2.623E-4 1.2172E-4 5.73206E-5
1.59127E-4 9.00879E-5 1.29454E-4 1.28848E-4 9.14197E-5 1.48192E-4 7.39707E-5 9.71573E-5 1.44728E-4 1.25008E-4 1.07197E-4 1.08948E-4 1.18592E-4 1.19695E-4 1.29455E-4 1.10553E-4 1.09009E-4 8.72666E-5 9.58074E-5 9.50453E-5 2.3619E-5 2.12379E-5 2.63465E-5 3.24699E-5 6.84948E-5 6.0551E-5 6.18472E-5 2.45952E-4 1.58451E-4 5.71084E-5 7.4432E-5 2.24859E-4 1.8961E-4 1.51552E-4 1.38141E-4 1.69751E-4 1.09016E-4 6.89273E-5 4.11761E-5 4.49307E-5 3.56821E-5 2.33498E-5 2.34892E-5 2.48388E-5 3.33664E-5 2.3565E-5 4.80191E-5 1.66869E-5 4.3478E-5 4.88269E-5 1.42591E-4 1.71681E-4 2.23435E-4 2.88656E-5 1.60554E-5 3.20443E-5 1.61978E-4 2.61532E-4 2.21036E-4 3.35752E-4 1.32828E-4
5.33248E-5 6.99109E-5 1.54846E-4 1.62315E-4 1.67148E-4 1.60925E-4 1.65928E-4 1.55258E-4 1.56706E-4 1.11389E-4 1.41349E-4 1.36092E-4 1.28361E-4 1.06279E-4 1.2671E-4 1.05706E-4 8.83874E-5 1.4405E-4 1.22923E-4 2.09101E-5 2.9292E-5 4.26992E-5 3.76372E-5 4.91145E-5 7.67246E-5 1.11787E-4 1.3541E-4 9.24082E-5 1.23767E-4 1.10858E-4 1.10293E-4 1.02839E-4 2.31154E-4 1.49841E-4 1.62352E-4 1.79222E-4 1.14266E-4 7.48977E-5 3.68973E-5 1.74193E-5 1.5872E-5 2.01805E-5 4.88478E-5 2.88985E-5 2.64389E-5 2.85729E-5 3.10772E-5 3.14854E-5 7.78877E-5 3.30183E-5 2.48235E-4 1.88339E-4 7.24776E-5 2.35998E-5 2.6478E-5 7.28294E-5 6.58074E-5 2.97414E-4 1.65343E-4 2.36782E-4 2.49597E-4
