Candidate_Models_July82022/M_5_F_lqp_Set_1_all/Bison.asc
ncols         290
nrows         380
xllcorner     -2197417.7431653
yllcorner     -584827.01486885
cellsize      10000.0
NODATA_value  -9999
[rows 81 to 107 of 380, columns 183 to 243 of 290]
4.6002E-6 4.93773E-6 4.44603E-6 5.10352E-6 4.62742E-6 4.5061E-6 4.31849E-6 4.34879E-6 4.32203E-6 4.22668E-6 4.11012E-6 4.07241E-6 4.174E-6 4.03731E-6 4.25056E-6 4.2239E-6 4.22706E-6 4.07969E-6 4.121E-6 4.10411E-6 4.14817E-6 3.96935E-6 4.01039E-6 4.04804E-6 3.68265E-6 3.72128E-6 3.63538E-6 3.51831E-6 3.60287E-6 3.48766E-6 3.40685E-6 3.42782E-6 3.46706E-6 3.53219E-6 3.44086E-6 3.31831E-6 3.31208E-6 3.1039E-6 3.05285E-6 2.96569E-6 2.99186E-6 2.80785E-6 2.79038E-6 2.71749E-6 2.65367E-6 2.57994E-6 2.45153E-6 2.50089E-6 2.45854E-6 2.37623E-6 2.46084E-6 2.48775E-6 2.57889E-6 2.55374E-6 2.54149E-6 2.54393E-6 2.51265E-6 2.54753E-6 2.53556E-6 2.39528E-6 2.38476E-6
4.68877E-6 4.76715E-6 5.08493E-6 -9999 4.31605E-6 4.48106E-6 4.38189E-6 4.2924E-6 4.29865E-6 4.14953E-6 4.26389E-6 4.17683E-6 4.14269E-6 4.07912E-6 4.23492E-6 4.02974E-6 4.06488E-6 4.22887E-6 4.10046E-6 4.14955E-6 4.14293E-6 3.99152E-6 3.91079E-6 3.86041E-6 3.7594E-6 3.75856E-6 3.7617E-6 3.60315E-6 3.43054E-6 3.3893E-6 3.36985E-6 3.65188E-6 3.45309E-6 3.37562E-6 3.35875E-6 3.32193E-6 3.26305E-6 3.24206E-6 3.11735E-6 2.93206E-6 2.96876E-6 2.90073E-6 2.79212E-6 2.80128E-6 2.64726E-6 2.5979E-6 2.61409E-6 2.51959E-6 2.53329E-6 2.4605E-6 2.49874E-6 2.52257E-6 2.57479E-6 2.54638E-6 2.59602E-6 2.45183E-6 2.68451E-6 2.59093E-6 2.63494E-6 2.45515E-6 2.44131E-6
4.32845E-6 4.59118E-6 4.89108E-6 4.51052E-6 4.19583E-6 4.61875E-6 4.20755E-6 4.29657E-6 4.29474E-6 4.28206E-6 4.08296E-6 4.04139E-6 4.01343E-6 4.0856E-6 4.06021E-6 4.01458E-6 4.13563E-6 4.0501E-6 4.22287E-6 4.069E-6 4.03667E-6 3.92062E-6 3.98831E-6 3.90777E-6 3.79541E-6 3.74844E-6 3.7006E-6 3.64751E-6 3.40357E-6 3.36955E-6 3.66533E-6 3.46333E-6 3.47471E-6 3.36668E-6 3.32203E-6 3.17646E-6 3.2656E-6 3.20031E-6 3.11773E-6 2.96863E-6 3.04049E-6 2.91765E-6 2.8605E-6 2.90381E-6 2.75037E-6 2.66454E-6 2.66397E-6 2.61799E-6 2.55186E-6 2.63668E-6 2.58014E-6 2.58899E-6 2.55089E-6 2.53172E-6 2.6335E-6 2.37549E-6 2.59804E-6 2.69379E-6 2.53283E-6 2.58441E-6 2.4354E-6
4.42683E-6 4.40302E-6 4.85431E-6 4.84169E-6 4.00839E-6 4.60944E-6 4.44927E-6 4.37338E-6 4.34932E-6 4.16815E-6 4.26225E-6 4.12184E-6 4.12889E-6 4.2516E-6 4.13802E-6 4.07661E-6 3.96048E-6 4.10802E-6 4.13996E-6 3.96191E-6 4.07902E-6 3.9895E-6 3.97988E-6 4.31146E-6 3.79163E-6 3.78916E-6 3.54382E-6 3.69897E-6 3.47942E-6 3.39515E-6 3.84822E-6 3.54441E-6 3.49202E-6 3.5084E-6 3.40243E-6 3.32865E-6 3.19135E-6 3.17351E-6 3.19993E-6 3.12784E-6 3.03377E-6 3.07432E-6 3.00159E-6 2.9074E-6 2.77666E-6 2.76729E-6 2.68189E-6 2.68435E-6 2.7081E-6 2.65131E-6 2.61728E-6 2.59226E-6 2.59931E-6 2.69204E-6 2.5918E-6 2.46881E-6 2.6801E-6 2.55146E-6 2.59435E-6 2.72461E-6 2.50356E-6
4.49551E-6 4.43675E-6 4.33422E-6 4.63612E-6 4.60262E-6 4.4386E-6 4.56848E-6 4.73638E-6 4.25383E-6 3.8249E-6 4.27758E-6 4.00811E-6 4.35738E-6 3.75146E-6 4.18306E-6 4.18516E-6 4.00002E-6 4.10661E-6 4.13173E-6 4.05105E-6 4.05969E-6 4.07186E-6 4.05887E-6 4.03952E-6 3.99874E-6 3.79383E-6 3.77606E-6 3.71453E-6 3.77455E-6 3.48091E-6 4.00724E-6 3.7163E-6 3.63629E-6 3.35848E-6 3.43261E-6 3.33992E-6 3.18192E-6 3.19659E-6 3.16616E-6 3.21425E-6 3.05926E-6 3.05695E-6 3.02668E-6 2.91673E-6 2.83945E-6 2.83276E-6 2.74196E-6 2.79513E-6 2.68641E-6 2.73861E-6 2.75797E-6 2.69776E-6 2.64582E-6 2.64094E-6 2.49075E-6 2.65911E-6 2.77839E-6 2.63015E-6 2.62826E-6 2.72472E-6 2.46771E-6
4.59638E-6 4.85192E-6 4.78986E-6 4.59601E-6 4.83536E-6 4.64436E-6 4.3325E-6 4.41416E-6 -9999 -9999 4.34967E-6 4.25618E-6 4.12715E-6 4.27552E-6 4.24083E-6 4.13078E-6 4.16776E-6 4.27277E-6 4.25608E-6 4.2568E-6 4.35553E-6 4.14267E-6 4.04201E-6 4.15101E-6 4.42266E-6 4.20515E-6 3.7913E-6 3.79673E-6 3.8566E-6 3.63597E-6 3.70888E-6 3.88609E-6 3.65795E-6 3.58456E-6 3.40505E-6 3.39607E-6 3.35483E-6 3.27756E-6 3.18999E-6 3.2155E-6 3.15575E-6 3.06308E-6 3.14652E-6 2.93506E-6 2.96854E-6 2.88635E-6 2.911E-6 2.85806E-6 2.70488E-6 2.743E-6 2.72615E-6 2.71467E-6 2.64517E-6 2.62914E-6 2.68984E-6 2.53298E-6 2.62128E-6 2.55547E-6 2.72068E-6 2.55933E-6 2.48476E-6
4.76203E-6 4.53197E-6 4.49405E-6 5.06505E-6 5.37732E-6 4.22756E-6 4.32945E-6 4.54108E-6 4.41832E-6 4.09954E-6 4.47891E-6 4.40817E-6 -9999 4.28726E-6 4.18875E-6 4.36767E-6 4.23753E-6 4.22556E-6 4.16095E-6 4.25067E-6 4.26078E-6 4.27398E-6 4.22194E-6 4.05554E-6 4.22325E-6 4.40294E-6 3.99327E-6 3.87019E-6 3.93293E-6 4.2833E-6 3.7483E-6 4.89277E-6 3.81748E-6 3.50611E-6 3.4778E-6 3.6015E-6 3.54506E-6 3.39528E-6 3.34666E-6 3.36414E-6 3.15282E-6 3.20712E-6 2.98282E-6 3.00108E-6 2.98367E-6 3.0126E-6 2.88125E-6 2.96631E-6 2.80926E-6 2.73717E-6 2.73024E-6 2.46277E-6 2.70918E-6 2.62693E-6 2.70614E-6 2.60637E-6 2.50577E-6 2.85073E-6 2.62541E-6 2.3477E-6 2.57567E-6
4.70181E-6 4.83971E-6 4.69858E-6 4.82786E-6 4.68643E-6 4.8738E-6 4.66037E-6 4.79584E-6 4.46047E-6 4.37676E-6 4.45765E-6 4.37594E-6 4.70087E-6 4.41055E-6 4.29792E-6 4.3535E-6 4.56975E-6 4.3995E-6 4.32301E-6 4.51346E-6 4.35125E-6 4.26689E-6 4.195E-6 4.41708E-6 4.16829E-6 4.14137E-6 4.13474E-6 3.84371E-6 3.82434E-6 3.55125E-6 3.76707E-6 3.84737E-6 3.64675E-6 3.66682E-6 3.69759E-6 3.68327E-6 3.62514E-6 3.44115E-6 3.38176E-6 3.37536E-6 3.2919E-6 3.23671E-6 3.23849E-6 3.09633E-6 3.08181E-6 2.98158E-6 2.98409E-6 2.91315E-6 2.80183E-6 2.85106E-6 2.83954E-6 2.81723E-6 2.74169E-6 2.72322E-6 2.96208E-6 2.63904E-6 2.84439E-6 2.57429E-6 2.56731E-6 2.71893E-6 2.53794E-6
4.84133E-6 4.94039E-6 4.97359E-6 4.79561E-6 4.63592E-6 4.79228E-6 4.40842E-6 4.90944E-6 4.60275E-6 4.57478E-6 4.63517E-6 4.75861E-6 4.47772E-6 4.46145E-6 4.4781E-6 4.47848E-6 4.3539E-6 4.37724E-6 4.55369E-6 4.52305E-6 4.54183E-6 4.46111E-6 4.29364E-6 4.26288E-6 4.06944E-6 4.14131E-6 4.14171E-6 4.12948E-6 3.88608E-6 3.69812E-6 3.77986E-6 3.73101E-6 3.73215E-6 3.7581E-6 3.77818E-6 3.87878E-6 3.55178E-6 3.45153E-6 3.40593E-6 3.40478E-6 3.30681E-6 3.23728E-6 3.20216E-6 3.1082E-6 3.06202E-6 3.07277E-6 3.01136E-6 2.90151E-6 2.8031E-6 2.84388E-6 2.85937E-6 2.84801E-6 2.77908E-6 2.66054E-6 2.8158E-6 2.79554E-6 3.45268E-6 2.75823E-6 2.56756E-6 2.60077E-6 2.75224E-6
5.0499E-6 5.20805E-6 5.25737E-6 4.9929E-6 4.88392E-6 5.2535E-6 5.17923E-6 4.84092E-6 4.97064E-6 4.64495E-6 4.76251E-6 4.49837E-6 4.73183E-6 4.26112E-6 4.47499E-6 4.71351E-6 4.45094E-6 4.52481E-6 4.59993E-6 4.76761E-6 4.56246E-6 4.48154E-6 4.57608E-6 4.22203E-6 4.18987E-6 4.26751E-6 4.42799E-6 4.33674E-6 4.55614E-6 3.89956E-6 3.7859E-6 3.75143E-6 3.67986E-6 3.88097E-6 3.93326E-6 3.88906E-6 3.72511E-6 3.70322E-6 3.48165E-6 3.46109E-6 3.2783E-6 3.28046E-6 3.21885E-6 3.27015E-6 3.18242E-6 3.12698E-6 3.09196E-6 2.98465E-6 2.97946E-6 2.98677E-6 2.86447E-6 2.7671E-6 2.79686E-6 2.65208E-6 2.9166E-6 2.83352E-6 3.47834E-6 2.74928E-6 2.72556E-6 2.69762E-6 2.73524E-6
5.16732E-6 5.20157E-6 4.86216E-6 5.20204E-6 5.21794E-6 5.10273E-6 5.24129E-6 4.90108E-6 4.8393E-6 4.849E-6 4.77958E-6 4.58495E-6 4.81063E-6 4.82613E-6 4.71396E-6 4.70126E-6 4.67875E-6 4.58205E-6 4.48574E-6 4.59348E-6 4.81334E-6 4.55328E-6 4.80919E-6 4.76658E-6 4.73619E-6 4.35866E-6 4.31508E-6 4.36987E-6 4.2564E-6 4.35236E-6 4.21031E-6 3.86322E-6 3.87089E-6 4.08231E-6 3.9504E-6 4.06326E-6 3.75179E-6 3.72333E-6 3.44004E-6 3.61857E-6 3.4459E-6 3.33017E-6 3.24616E-6 3.17435E-6 3.18411E-6 3.08019E-6 3.1255E-6 2.95764E-6 2.99021E-6 3.17164E-6 2.85094E-6 2.96344E-6 2.94199E-6 2.76804E-6 2.94271E-6 2.79726E-6 2.85645E-6 2.85385E-6 2.72192E-6 2.83301E-6 2.75406E-6
5.1784E-6 5.30816E-6 5.77213E-6 4.28712E-6 5.27097E-6 5.18839E-6 4.84505E-6 5.06696E-6 5.11663E-6 4.68564E-6 5.51473E-6 4.8072E-6 4.55643E-6 4.95777E-6 4.71973E-6 4.69573E-6 4.56705E-6 4.59866E-6 4.56383E-6 4.74304E-6 4.68729E-6 4.7758E-6 4.66408E-6 4.50591E-6 4.57447E-6 4.46768E-6 4.44207E-6 4.41634E-6 4.21298E-6 4.13608E-6 4.0293E-6 3.92154E-6 4.32263E-6 4.00014E-6 3.75063E-6 3.82974E-6 3.76963E-6 3.73117E-6 3.73416E-6 3.65824E-6 3.47414E-6 3.57316E-6 3.3169E-6 3.24537E-6 3.17773E-6 3.26808E-6 3.22135E-6 3.13063E-6 3.06969E-6 2.89396E-6 3.0108E-6 2.76803E-6 2.863E-6 2.86734E-6 2.87124E-6 2.88065E-6 3.25247E-6 2.94821E-6 2.88712E-6 2.77809E-6 2.96785E-6
5.28409E-6 5.28328E-6 5.16639E-6 5.88852E-6 5.20904E-6 5.00261E-6 5.32662E-6 5.48142E-6 4.75333E-6 5.35678E-6 5.25042E-6 5.13843E-6 4.49951E-6 4.71962E-6 4.8025E-6 4.90458E-6 4.7409E-6 4.67628E-6 4.78671E-6 4.88449E-6 4.87482E-6 4.66519E-6 4.62753E-6 4.75138E-6 4.66276E-6 4.53859E-6 4.69459E-6 4.70445E-6 4.40012E-6 4.33629E-6 4.09549E-6 4.07267E-6 4.2598E-6 4.48973E-6 3.87204E-6 3.99142E-6 3.7885E-6 3.70494E-6 3.68435E-6 3.661E-6 3.55693E-6 3.58258E-6 3.26809E-6 3.27789E-6 3.36738E-6 3.30129E-6 3.22537E-6 3.10479E-6 3.10273E-6 3.06285E-6 2.95216E-6 3.03022E-6 3.04884E-6 3.13482E-6 2.81754E-6 2.9015E-6 3.03443E-6 2.88028E-6 2.82865E-6 2.93774E-6 2.9229E-6
5.32183E-6 5.85426E-6 5.27335E-6 5.27301E-6 5.17615E-6 4.83425E-6 5.27204E-6 5.13058E-6 5.265E-6 5.08645E-6 4.88616E-6 4.78962E-6 4.98762E-6 4.86635E-6 4.91643E-6 4.96879E-6 4.8784E-6 4.79964E-6 4.58511E-6 4.71765E-6 4.8712E-6 4.75783E-6 4.83174E-6 4.80223E-6 4.75537E-6 4.74864E-6 4.51695E-6 4.81873E-6 4.48268E-6 4.39737E-6 4.3356E-6 4.30986E-6 4.31479E-6 4.18417E-6 4.05042E-6 4.43467E-6 3.80869E-6 3.76629E-6 3.69894E-6 3.64757E-6 3.49519E-6 3.5196E-6 3.51137E-6 3.40508E-6 3.30204E-6 3.2166E-6 3.21503E-6 3.15504E-6 3.19523E-6 3.00446E-6 3.00575E-6 3.00451E-6 -9999 3.04666E-6 3.01973E-6 2.9873E-6 2.90834E-6 3.02268E-6 2.97886E-6 2.99843E-6 3.14246E-6
5.27403E-6 5.33236E-6 5.70605E-6 5.87482E-6 5.46991E-6 5.10501E-6 5.35861E-6 5.40032E-6 5.15341E-6 5.15859E-6 4.96622E-6 4.95542E-6 4.89718E-6 5.08565E-6 4.8679E-6 4.81802E-6 4.80583E-6 4.92162E-6 4.98042E-6 4.97197E-6 4.78922E-6 5.04695E-6 4.81898E-6 4.81992E-6 4.78463E-6 4.67106E-6 5.09927E-6 4.60594E-6 4.8207E-6 4.45067E-6 4.38842E-6 4.19323E-6 4.33178E-6 4.09794E-6 4.14073E-6 4.0784E-6 4.04485E-6 3.95733E-6 3.69163E-6 3.56143E-6 3.56318E-6 3.77242E-6 3.50953E-6 3.42967E-6 3.35323E-6 3.1741E-6 4.22133E-6 3.29675E-6 3.1809E-6 3.59293E-6 3.08527E-6 2.92595E-6 3.19798E-6 2.88263E-6 3.08369E-6 2.88314E-6 3.05848E-6 3.07713E-6 3.01403E-6 3.11669E-6 3.27407E-6
5.75077E-6 5.47717E-6 5.85264E-6 5.97384E-6 5.44787E-6 5.47105E-6 5.32438E-6 5.00388E-6 5.15939E-6 5.3268E-6 5.05575E-6 5.129E-6 5.05037E-6 5.11951E-6 4.9512E-6 5.01922E-6 5.0404E-6 4.58634E-6 4.85677E-6 5.00261E-6 5.18025E-6 6.17486E-6 4.83882E-6 4.89988E-6 4.79259E-6 4.85029E-6 4.83293E-6 4.6182E-6 4.83114E-6 4.51644E-6 4.33829E-6 4.77252E-6 4.33494E-6 4.13872E-6 4.75284E-6 4.1689E-6 4.19828E-6 4.00205E-6 3.82647E-6 3.65504E-6 3.56306E-6 3.49989E-6 3.66896E-6 3.40323E-6 3.43762E-6 3.34516E-6 3.32849E-6 3.20842E-6 3.16168E-6 3.27679E-6 3.24652E-6 3.18775E-6 3.27731E-6 3.04202E-6 2.99823E-6 3.0961E-6 3.12038E-6 3.17456E-6 3.08288E-6 3.18099E-6 3.13533E-6
5.6195E-6 6.02E-6 5.6305E-6 5.5923E-6 5.97722E-6 5.31107E-6 5.72923E-6 5.38976E-6 5.45251E-6 5.18959E-6 5.06967E-6 5.24094E-6 5.36489E-6 5.42702E-6 5.32205E-6 5.13163E-6 4.94272E-6 4.83894E-6 5.10225E-6 5.34013E-6 5.13284E-6 5.22641E-6 4.8826E-6 4.72358E-6 5.38199E-6 4.80488E-6 4.68912E-6 4.62492E-6 4.86135E-6 4.52117E-6 4.453E-6 4.80129E-6 4.33222E-6 4.17785E-6 4.46841E-6 4.50295E-6 4.36295E-6 4.01523E-6 3.78689E-6 3.69568E-6 3.60472E-6 3.52686E-6 3.62843E-6 3.44273E-6 3.62331E-6 3.5573E-6 3.41565E-6 3.39903E-6 3.36325E-6 3.29041E-6 3.23499E-6 3.53929E-6 3.1342E-6 3.16909E-6 3.18252E-6 3.15143E-6 3.20394E-6 3.29154E-6 3.17645E-6 3.18605E-6 3.2211E-6
5.78613E-6 6.02572E-6 5.46127E-6 5.67944E-6 5.34004E-6 6.49349E-6 5.59176E-6 5.37888E-6 5.55083E-6 5.99581E-6 5.49577E-6 5.07712E-6 5.01754E-6 5.2062E-6 5.46552E-6 5.33257E-6 5.39855E-6 5.18029E-6 5.15134E-6 5.13106E-6 5.25363E-6 5.05871E-6 5.12629E-6 4.89967E-6 4.82233E-6 4.75872E-6 4.73145E-6 4.89352E-6 5.30209E-6 4.51649E-6 4.5532E-6 4.63745E-6 4.74777E-6 4.46045E-6 4.62526E-6 4.08147E-6 4.19492E-6 4.00069E-6 3.92009E-6 3.92274E-6 3.72912E-6 3.82503E-6 3.63542E-6 3.57096E-6 3.63131E-6 3.72111E-6 3.46316E-6 3.52832E-6 3.42925E-6 3.42931E-6 3.44942E-6 3.38223E-6 3.31956E-6 3.26969E-6 3.26537E-6 3.11038E-6 3.28093E-6 3.25686E-6 3.28925E-6 3.40513E-6 3.31066E-6
6.08284E-6 6.01119E-6 6.11199E-6 6.00722E-6 6.01688E-6 6.18055E-6 6.40817E-6 5.63089E-6 5.47835E-6 5.41349E-6 4.94767E-6 5.56884E-6 5.91066E-6 5.56149E-6 5.21929E-6 5.27927E-6 5.23242E-6 5.39781E-6 5.20637E-6 5.25185E-6 5.55958E-6 5.41217E-6 5.03349E-6 4.98291E-6 4.84979E-6 4.58401E-6 4.72395E-6 4.53019E-6 4.34169E-6 4.69975E-6 4.29509E-6 4.44519E-6 4.41096E-6 4.35442E-6 4.37316E-6 4.07086E-6 4.0015E-6 4.03727E-6 4.15764E-6 3.93487E-6 3.82518E-6 3.86584E-6 3.66411E-6 3.60198E-6 3.64292E-6 3.4892E-6 3.45835E-6 3.45113E-6 3.52222E-6 3.45776E-6 3.33687E-6 3.38909E-6 3.52823E-6 3.20504E-6 3.24006E-6 3.35771E-6 3.16881E-6 3.24424E-6 3.20077E-6 3.36163E-6 3.53312E-6
6.64005E-6 5.87242E-6 6.05703E-6 5.82819E-6 5.7173E-6 5.69429E-6 6.0214E-6 5.87267E-6 5.41696E-6 5.59142E-6 5.26834E-6 4.96555E-6 5.11036E-6 5.3436E-6 5.27121E-6 5.38391E-6 5.39288E-6 5.29694E-6 5.07237E-6 5.1899E-6 5.42412E-6 5.23209E-6 5.14473E-6 5.8293E-6 4.83131E-6 4.68812E-6 4.48157E-6 4.68166E-6 4.99323E-6 4.76749E-6 4.57736E-6 4.42045E-6 4.40717E-6 4.62274E-6 4.21263E-6 4.2435E-6 4.08289E-6 4.24218E-6 4.06403E-6 4.04681E-6 3.91124E-6 3.86523E-6 3.92247E-6 4.03423E-6 4.22465E-6 3.76991E-6 3.52274E-6 3.55304E-6 3.56184E-6 3.62434E-6 3.43557E-6 3.46083E-6 3.46481E-6 3.32146E-6 3.10311E-6 3.31745E-6 3.29294E-6 3.30976E-6 3.2883E-6 3.44686E-6 3.44663E-6
5.8807E-6 5.78804E-6 6.34455E-6 6.09653E-6 6.54802E-6 6.2311E-6 5.79289E-6 5.89364E-6 5.65731E-6 5.79486E-6 5.71817E-6 5.56498E-6 5.59266E-6 5.44592E-6 5.42613E-6 5.53791E-6 5.04217E-6 5.402E-6 5.17564E-6 5.23212E-6 5.4704E-6 5.05418E-6 5.31466E-6 5.00439E-6 4.71486E-6 4.6061E-6 4.68453E-6 4.54092E-6 4.5205E-6 4.66978E-6 4.62641E-6 4.51467E-6 4.44461E-6 4.58918E-6 4.21379E-6 4.22765E-6 4.28926E-6 4.67787E-6 4.22912E-6 4.00177E-6 4.00815E-6 4.01489E-6 3.86191E-6 3.85025E-6 3.62414E-6 3.63673E-6 3.62036E-6 3.66507E-6 3.8011E-6 3.58163E-6 3.56448E-6 3.61462E-6 3.47554E-6 3.41607E-6 3.46694E-6 3.222E-6 3.33186E-6 3.26873E-6 3.26905E-6 3.47793E-6 3.44213E-6
6.0759E-6 5.89596E-6 6.11408E-6 5.88684E-6 5.72205E-6 5.62142E-6 6.50446E-6 5.71068E-6 5.7724E-6 5.76448E-6 6.12104E-6 5.72024E-6 5.22512E-6 5.5329E-6 5.01844E-6 5.55011E-6 4.33012E-6 4.97021E-6 5.52796E-6 5.17492E-6 5.1807E-6 5.18501E-6 5.61007E-6 5.05041E-6 4.8961E-6 4.68766E-6 4.41975E-6 4.56591E-6 4.33642E-6 4.54694E-6 4.6747E-6 4.58512E-6 4.65193E-6 4.79981E-6 5.18106E-6 4.17223E-6 4.36234E-6 4.04934E-6 4.1112E-6 4.21791E-6 4.30909E-6 4.01542E-6 3.8587E-6 3.90462E-6 3.95629E-6 3.79221E-6 3.79417E-6 3.62478E-6 3.71854E-6 3.78877E-6 3.60957E-6 3.93628E-6 3.4971E-6 3.52625E-6 3.45619E-6 3.48416E-6 3.32992E-6 3.42684E-6 3.29271E-6 3.42965E-6 3.66396E-6
6.29771E-6 6.44851E-6 5.84716E-6 5.7252E-6 5.72854E-6 5.71963E-6 6.077E-6 6.00532E-6 5.51265E-6 5.93812E-6 7.42163E-6 5.74115E-6 5.55219E-6 5.7621E-6 5.50942E-6 5.62715E-6 5.45505E-6 5.4338E-6 5.54714E-6 5.32161E-6 5.30889E-6 5.28232E-6 5.49872E-6 5.27296E-6 5.10528E-6 4.75054E-6 4.63828E-6 5.90773E-6 4.60516E-6 5.59014E-6 4.74143E-6 4.61479E-6 4.89039E-6 4.64747E-6 4.60426E-6 4.52138E-6 4.48087E-6 4.33687E-6 4.25746E-6 4.4454E-6 4.24054E-6 3.98321E-6 3.97785E-6 3.87177E-6 3.88134E-6 3.86078E-6 3.86421E-6 3.61749E-6 3.74057E-6 3.49839E-6 3.40881E-6 3.59698E-6 3.52108E-6 3.52292E-6 3.42137E-6 3.38546E-6 3.45549E-6 3.38545E-6 3.43797E-6 3.45087E-6 3.52548E-6
6.25154E-6 6.27728E-6 5.91379E-6 6.02493E-6 5.91503E-6 6.00202E-6 6.03761E-6 6.17211E-6 5.72832E-6 5.86037E-6 5.60228E-6 5.95494E-6 5.55332E-6 5.63332E-6 5.60479E-6 5.5255E-6 5.56585E-6 5.57856E-6 5.62812E-6 5.31673E-6 5.48494E-6 5.79017E-6 6.21266E-6 6.01949E-6 5.64048E-6 6.17831E-6 4.84033E-6 5.87793E-6 3.85133E-6 4.51152E-6 4.54726E-6 4.34183E-6 4.60111E-6 4.63071E-6 4.7725E-6 4.62991E-6 4.63085E-6 4.72459E-6 4.48952E-6 4.4555E-6 4.35815E-6 4.12467E-6 4.00968E-6 4.07632E-6 3.92824E-6 3.6732E-6 3.7419E-6 3.73956E-6 3.69468E-6 3.6303E-6 3.51852E-6 3.44623E-6 3.664E-6 3.84894E-6 3.6046E-6 3.51419E-6 3.55644E-6 3.62582E-6 3.44459E-6 3.66738E-6 3.78877E-6
6.07865E-6 6.2824E-6 6.31184E-6 5.98058E-6 6.12774E-6 5.97598E-6 6.39758E-6 6.22481E-6 5.95452E-6 5.58675E-6 5.87775E-6 5.7125E-6 5.87692E-6 5.7379E-6 5.5729E-6 5.47553E-6 5.63168E-6 5.59633E-6 5.73752E-6 5.82014E-6 5.6624E-6 5.47424E-6 6.3879E-6 5.6212E-6 5.23602E-6 5.18474E-6 4.65752E-6 3.90394E-6 4.55654E-6 4.67011E-6 4.55475E-6 4.412E-6 4.76767E-6 4.86464E-6 4.63795E-6 4.83621E-6 4.77701E-6 4.70758E-6 4.39055E-6 4.3323E-6 4.31097E-6 4.27613E-6 4.29116E-6 4.23084E-6 4.11207E-6 3.73847E-6 3.8564E-6 3.83972E-6 4.48236E-6 3.75753E-6 3.72733E-6 3.47748E-6 3.76321E-6 3.87098E-6 3.72625E-6 3.65917E-6 3.73774E-6 3.77029E-6 3.62569E-6 3.69945E-6 3.83578E-6
6.44359E-6 6.52108E-6 6.36632E-6 6.20976E-6 6.05644E-6 6.16652E-6 6.28902E-6 6.16797E-6 5.79791E-6 5.76225E-6 5.93498E-6 5.90138E-6 5.81016E-6 5.71876E-6 5.37442E-6 5.58674E-6 8.02881E-6 5.81949E-6 5.96377E-6 5.88447E-6 5.98275E-6 5.85754E-6 5.68149E-6 5.48189E-6 5.4322E-6 5.46728E-6 5.19825E-6 4.89122E-6 4.63822E-6 4.62193E-6 4.73657E-6 4.93571E-6 4.87473E-6 4.96597E-6 4.722E-6 4.72608E-6 4.48538E-6 4.61081E-6 4.32471E-6 4.49906E-6 4.44329E-6 4.12891E-6 4.09702E-6 4.23244E-6 4.28622E-6 3.97115E-6 3.87219E-6 3.82155E-6 3.84502E-6 3.90274E-6 3.77901E-6 3.76676E-6 3.74768E-6 3.75695E-6 3.59204E-6 3.52941E-6 3.63008E-6 3.84074E-6 3.86021E-6 4.05479E-6 3.82159E-6
6.86509E-6 6.26679E-6 6.52089E-6 7.15413E-6 6.36947E-6 6.33633E-6 6.8962E-6 6.38149E-6 5.93981E-6 5.9397E-6 5.76746E-6 6.02536E-6 5.81404E-6 5.86375E-6 5.75298E-6 5.80359E-6 6.02117E-6 5.89794E-6 6.1174E-6 5.98117E-6 5.88558E-6 5.71927E-6 5.6166E-6 5.65302E-6 5.68993E-6 5.58905E-6 5.23119E-6 4.79705E-6 4.85071E-6 5.05292E-6 4.52498E-6 4.48554E-6 6.30172E-6 4.80207E-6 4.82883E-6 4.71043E-6 4.71645E-6 4.42383E-6 4.18831E-6 4.36476E-6 4.54039E-6 4.22693E-6 4.31218E-6 4.11606E-6 4.23776E-6 4.13628E-6 4.05085E-6 4.00223E-6 3.9232E-6 3.81842E-6 3.88025E-6 4.17091E-6 4.07122E-6 3.96407E-6 3.99869E-6 3.97766E-6 4.06397E-6 4.01238E-6 4.16774E-6 4.28226E-6 4.19242E-6
