Candidate_Models_July82022/M_5_F_lqp_Set_1_all/Bison.asc
ncols         290
nrows         380
xllcorner     -2197417.7431653
yllcorner     -584827.01486885
cellsize      10000.0
NODATA_value  -9999
[rows 189 to 215 of 380, columns 122 to 182 of 290]
7.59848E-5 6.14795E-5 8.85047E-5 5.76602E-5 8.27746E-5 5.53081E-5 5.3549E-5 5.03408E-5 4.92744E-5 4.82586E-5 4.9649E-5 6.33245E-5 5.70286E-5 5.54662E-5 5.63393E-5 7.4016E-5 7.98616E-5 1.08102E-4 7.11445E-5 3.94322E-5 6.40763E-5 6.96334E-5 5.1696E-5 5.91591E-5 5.11931E-5 5.84154E-5 5.52746E-5 5.40913E-5 5.20264E-5 6.49074E-5 5.57025E-5 4.17058E-5 5.51775E-5 5.19061E-5 6.07798E-5 5.53907E-5 5.51081E-5 3.95935E-5 4.15953E-5 6.55539E-5 4.68681E-5 3.9079E-5 4.34056E-5 4.51022E-5 4.25289E-5 4.03262E-5 3.72248E-5 3.71978E-5 3.63011E-5 4.74351E-5 4.86497E-5 3.66774E-5 3.5633E-5 7.28127E-5 3.15262E-5 3.12678E-5 4.3086E-5 6.9821E-5 4.57139E-5 4.16315E-5 3.76331E-5
8.03119E-5 8.07236E-5 7.49766E-5 6.39881E-5 1.02367E-4 5.5649E-5 5.8725E-5 5.98769E-5 5.6054E-5 5.13642E-5 6.58681E-5 5.65899E-5 6.25254E-5 5.59922E-5 5.2887E-5 7.19794E-5 6.13388E-5 5.07679E-5 6.30928E-5 6.32517E-5 8.093E-5 8.95204E-5 1.05962E-4 5.9276E-5 5.43729E-5 5.82062E-5 4.92626E-5 5.02911E-5 3.61131E-5 5.51687E-5 6.12807E-5 4.5353E-5 4.8177E-5 6.83158E-5 5.18956E-5 5.46675E-5 8.03499E-5 4.32042E-5 4.37911E-5 4.77118E-5 4.17135E-5 4.27523E-5 6.58268E-5 5.10935E-5 4.4062E-5 4.00323E-5 3.84288E-5 3.67757E-5 3.81434E-5 3.48581E-5 4.88661E-5 4.09614E-5 4.50799E-5 3.58222E-5 3.45476E-5 3.35551E-5 3.37259E-5 4.37224E-5 3.88445E-5 4.05873E-5 4.3691E-5
8.84599E-5 6.83364E-5 6.79664E-5 8.59263E-5 7.05472E-5 6.79154E-5 6.04526E-5 7.02468E-5 5.26164E-5 4.94791E-5 4.87201E-5 5.24723E-5 4.8651E-5 5.3372E-5 8.05846E-5 7.31149E-5 6.36237E-5 6.56739E-5 6.0045E-5 5.0595E-5 4.82022E-5 7.91874E-5 7.88833E-5 5.73427E-5 5.38745E-5 6.13333E-5 7.07855E-5 7.26663E-5 6.73901E-5 4.42752E-5 5.38045E-5 4.7948E-5 4.32745E-5 5.63119E-5 4.34318E-5 4.77464E-5 4.69719E-5 4.81044E-5 4.44355E-5 4.54396E-5 4.30709E-5 4.80286E-5 4.99739E-5 5.61819E-5 4.48551E-5 4.33645E-5 3.94468E-5 3.83104E-5 3.75862E-5 3.49821E-5 3.9962E-5 3.97634E-5 3.72903E-5 3.79411E-5 3.60659E-5 3.48143E-5 3.71015E-5 3.80616E-5 4.592E-5 4.27742E-5 4.22482E-5
7.30025E-5 6.88471E-5 8.34856E-5 9.94677E-5 7.50326E-5 6.13713E-5 5.94372E-5 5.62576E-5 5.60414E-5 5.01069E-5 5.21863E-5 7.17604E-5 6.11149E-5 5.68261E-5 7.03455E-5 7.49157E-5 1.09451E-4 1.36816E-4 5.5581E-5 6.50399E-5 7.30225E-5 1.02083E-4 6.16864E-5 5.49653E-5 5.89489E-5 7.99563E-5 8.61189E-5 1.09751E-4 7.82429E-5 5.2604E-5 4.75836E-5 5.00825E-5 4.7158E-5 5.02002E-5 4.85956E-5 5.50172E-5 5.01862E-5 5.02745E-5 4.68751E-5 4.48453E-5 4.43285E-5 4.23768E-5 4.52092E-5 5.88014E-5 4.68344E-5 4.39041E-5 4.27444E-5 4.46657E-5 3.87217E-5 3.86414E-5 3.7981E-5 4.07424E-5 4.04086E-5 3.83609E-5 3.84239E-5 3.80762E-5 4.29776E-5 3.59721E-5 4.19042E-5 4.11897E-5 3.44973E-5
7.04418E-5 6.37585E-5 6.29784E-5 7.61184E-5 1.03804E-4 7.95597E-5 6.26148E-5 5.78774E-5 5.67918E-5 5.40486E-5 5.1086E-5 6.04106E-5 5.1386E-5 6.13644E-5 6.44897E-5 6.42919E-5 1.18734E-4 1.43142E-4 4.63066E-5 8.1845E-5 6.10514E-5 6.22258E-5 5.84774E-5 6.06151E-5 6.03773E-5 7.43768E-5 1.28017E-4 7.04994E-5 6.52521E-5 5.02576E-5 5.92163E-5 5.71679E-5 4.88242E-5 5.55029E-5 4.8526E-5 6.27158E-5 6.02087E-5 4.80957E-5 4.70261E-5 4.49341E-5 4.44526E-5 4.50483E-5 5.02316E-5 6.12523E-5 4.74877E-5 4.50347E-5 4.27058E-5 4.39861E-5 4.17181E-5 5.33269E-5 4.15722E-5 4.14606E-5 3.83019E-5 4.0239E-5 4.02321E-5 3.54411E-5 3.51901E-5 3.1207E-5 3.69244E-5 4.00546E-5 3.63639E-5
6.84755E-5 6.57121E-5 6.56746E-5 6.26348E-5 6.17254E-5 8.24115E-5 6.27042E-5 5.75558E-5 5.63247E-5 5.51911E-5 4.74445E-5 5.2288E-5 5.72501E-5 6.21854E-5 6.23379E-5 6.09467E-5 1.04948E-4 9.63664E-5 4.90563E-5 1.74628E-4 6.40044E-5 6.22333E-5 7.07723E-5 7.60728E-5 7.54564E-5 6.07396E-5 7.433E-5 5.72299E-5 5.10053E-5 5.41041E-5 6.73611E-5 5.33943E-5 7.93237E-5 5.47559E-5 6.54174E-5 4.73293E-5 5.04546E-5 4.64984E-5 4.92047E-5 4.92566E-5 4.72207E-5 4.79943E-5 4.60808E-5 4.92356E-5 4.63479E-5 4.23591E-5 4.4045E-5 4.34009E-5 4.02262E-5 3.90197E-5 3.83396E-5 7.10071E-5 1.23903E-4 4.73188E-5 3.70578E-5 3.63876E-5 6.0971E-5 3.88187E-5 3.48871E-5 3.62564E-5 3.46753E-5
7.29327E-5 7.08632E-5 7.09857E-5 6.37871E-5 5.51522E-5 4.97064E-5 6.73258E-5 6.97432E-5 8.98885E-5 7.34535E-5 5.20089E-5 4.49815E-5 4.66252E-5 4.99916E-5 5.67073E-5 7.76189E-5 7.76586E-5 1.06352E-4 5.64151E-5 7.79414E-5 5.88868E-5 6.37182E-5 6.32882E-5 1.05797E-4 6.9013E-5 6.75592E-5 5.86767E-5 5.77624E-5 5.64731E-5 5.16498E-5 5.45422E-5 5.34666E-5 4.96807E-5 6.67659E-5 5.69302E-5 5.42581E-5 4.97494E-5 4.68315E-5 4.52624E-5 5.2782E-5 5.26122E-5 4.97135E-5 4.88386E-5 6.52589E-5 4.82469E-5 4.59388E-5 4.57326E-5 4.56016E-5 4.03939E-5 4.1162E-5 3.86995E-5 1.42596E-4 7.26042E-5 3.73972E-5 3.74641E-5 3.44558E-5 7.81219E-5 3.98873E-5 3.82995E-5 1.29994E-4 1.09548E-4
1.43218E-4 7.01919E-5 7.16499E-5 7.23222E-5 5.44058E-5 6.89048E-5 7.89774E-5 5.86494E-5 6.20419E-5 6.08637E-5 5.50333E-5 6.30795E-5 5.19897E-5 5.44127E-5 5.51947E-5 5.49358E-5 9.98328E-5 6.36392E-5 5.28719E-5 5.6459E-5 5.79706E-5 6.52994E-5 8.30952E-5 9.55809E-5 6.65946E-5 6.52139E-5 5.74267E-5 5.56792E-5 6.06076E-5 4.68168E-5 5.61087E-5 5.17193E-5 5.35642E-5 5.21688E-5 5.37979E-5 5.78786E-5 4.65673E-5 4.41845E-5 4.61261E-5 5.08696E-5 4.65662E-5 4.9632E-5 4.87983E-5 4.72993E-5 4.63567E-5 4.70389E-5 4.4079E-5 4.36191E-5 4.3319E-5 4.33535E-5 4.31894E-5 3.88435E-5 3.94225E-5 3.84873E-5 3.56578E-5 3.99007E-5 4.43239E-5 4.00903E-5 6.12926E-5 1.20587E-4 1.54888E-4
2.01641E-4 6.77765E-5 6.31522E-5 7.35131E-5 7.86772E-5 6.02082E-5 5.8046E-5 5.74063E-5 5.82081E-5 6.05809E-5 6.04814E-5 5.30389E-5 5.58383E-5 7.77558E-5 6.48231E-5 5.93009E-5 9.51016E-5 5.31722E-5 6.30481E-5 6.96592E-5 5.88277E-5 7.93598E-5 8.24999E-5 6.6007E-5 7.42822E-5 6.26208E-5 6.51145E-5 6.88805E-5 7.14851E-5 6.32906E-5 8.78777E-5 6.20097E-5 5.65876E-5 5.18965E-5 5.23096E-5 5.2018E-5 4.80547E-5 4.67406E-5 4.61201E-5 5.23315E-5 4.64375E-5 5.88827E-5 5.2026E-5 4.75893E-5 4.90676E-5 4.76858E-5 4.7782E-5 4.33762E-5 4.66218E-5 4.77563E-5 4.42118E-5 4.81536E-5 4.70496E-5 4.01392E-5 4.04553E-5 3.81158E-5 4.0547E-5 3.83482E-5 3.5476E-5 8.23298E-5 4.81385E-5
1.16222E-4 5.75768E-5 5.41094E-5 6.6614E-5 9.27503E-5 9.61275E-5 6.88275E-5 6.70173E-5 6.41317E-5 6.3529E-5 5.9381E-5 6.09325E-5 5.87791E-5 1.00574E-4 8.29981E-5 5.60203E-5 6.4224E-5 6.95583E-5 6.42092E-5 6.42014E-5 6.03878E-5 6.05346E-5 6.94379E-5 6.9695E-5 9.89335E-5 6.49553E-5 6.5975E-5 6.80346E-5 9.56751E-5 8.3394E-5 6.52752E-5 6.2751E-5 6.66306E-5 5.85191E-5 6.13414E-5 4.84689E-5 6.22754E-5 5.18931E-5 4.82638E-5 4.72757E-5 4.69939E-5 4.7235E-5 5.07049E-5 4.88181E-5 5.90235E-5 4.73315E-5 6.12234E-5 4.94416E-5 5.86754E-5 5.03472E-5 4.44764E-5 4.36425E-5 4.88696E-5 5.48313E-5 4.25665E-5 4.18296E-5 3.57082E-5 3.7208E-5 3.77273E-5 3.45203E-5 3.74259E-5
5.44068E-5 5.62862E-5 5.29503E-5 6.00581E-5 6.16911E-5 7.61938E-5 7.39367E-5 6.65145E-5 7.91097E-5 6.73058E-5 6.0821E-5 6.09691E-5 6.44806E-5 8.31358E-5 1.30647E-4 7.63308E-5 6.92101E-5 5.78078E-5 7.20439E-5 7.25221E-5 6.55125E-5 6.06313E-5 7.26381E-5 1.21798E-4 8.7571E-5 6.99155E-5 6.13848E-5 6.18264E-5 6.37665E-5 7.60569E-5 5.63446E-5 5.65151E-5 5.17724E-5 5.32755E-5 5.68591E-5 5.13608E-5 4.97543E-5 5.36196E-5 5.31966E-5 6.70457E-5 4.85571E-5 5.63609E-5 5.18017E-5 5.00956E-5 4.94201E-5 4.92112E-5 5.62081E-5 5.4097E-5 5.19465E-5 4.46601E-5 4.31097E-5 4.23891E-5 4.34799E-5 4.75633E-5 4.28646E-5 4.37691E-5 4.5652E-5 3.97171E-5 3.84539E-5 3.67331E-5 3.71097E-5
5.94527E-5 6.16176E-5 1.07563E-4 8.2396E-5 6.41593E-5 8.84187E-5 7.98215E-5 8.88525E-5 8.52205E-5 9.67656E-5 7.82339E-5 6.0241E-5 6.15778E-5 7.75809E-5 7.1076E-5 6.71623E-5 7.30257E-5 5.96074E-5 1.01616E-4 7.85596E-5 6.3482E-5 6.62078E-5 6.09737E-5 9.50219E-5 7.60668E-5 7.0577E-5 6.34591E-5 6.19907E-5 6.28156E-5 5.9167E-5 5.82784E-5 7.4765E-5 7.7544E-5 5.09239E-5 5.69143E-5 5.05555E-5 5.33228E-5 5.185E-5 7.14539E-5 5.29012E-5 4.59508E-5 5.12315E-5 5.53526E-5 5.01452E-5 6.34891E-5 6.47782E-5 4.90814E-5 5.80489E-5 5.80551E-5 4.60848E-5 4.46399E-5 4.30531E-5 4.37684E-5 4.40791E-5 5.21248E-5 4.48019E-5 4.46725E-5 4.13996E-5 4.20821E-5 4.31969E-5 4.1578E-5
7.46234E-5 6.95807E-5 7.81998E-5 9.56666E-5 9.73509E-5 9.82375E-5 8.72212E-5 9.55585E-5 9.0237E-5 8.52367E-5 6.45768E-5 5.23201E-5 6.57747E-5 7.22173E-5 7.85956E-5 9.52075E-5 6.16616E-5 1.14942E-4 9.63468E-5 9.41308E-5 6.71562E-5 9.51456E-5 6.84909E-5 6.50785E-5 6.60475E-5 6.48187E-5 6.21756E-5 6.09025E-5 5.4899E-5 5.63204E-5 5.58273E-5 6.28695E-5 6.57879E-5 4.89286E-5 5.08141E-5 5.95317E-5 6.39999E-5 5.73781E-5 6.5183E-5 5.51569E-5 5.55452E-5 5.70246E-5 5.25613E-5 7.30976E-5 6.42445E-5 6.5125E-5 5.27155E-5 5.39043E-5 5.50181E-5 5.18894E-5 4.72491E-5 4.58025E-5 4.53215E-5 4.17765E-5 4.38277E-5 4.3452E-5 4.81784E-5 4.44322E-5 4.40532E-5 4.29629E-5 4.15458E-5
6.99476E-5 1.30325E-4 7.62687E-5 5.99478E-5 7.03422E-5 6.91064E-5 1.04688E-4 8.91338E-5 1.6263E-4 7.83991E-5 6.47448E-5 5.78472E-5 8.69702E-5 6.92523E-5 6.5458E-5 5.80491E-5 1.06368E-4 1.71105E-4 2.50755E-4 6.40886E-5 6.10024E-5 6.52749E-5 6.14984E-5 6.1331E-5 7.13708E-5 6.98612E-5 5.9514E-5 6.24566E-5 6.80493E-5 6.01127E-5 8.26423E-5 6.46469E-5 6.91059E-5 6.22547E-5 5.30951E-5 5.72735E-5 6.62163E-5 5.08658E-5 5.77159E-5 5.33262E-5 7.1414E-5 6.35016E-5 6.18448E-5 7.03018E-5 6.93323E-5 6.89041E-5 5.79693E-5 5.94285E-5 5.35206E-5 6.09074E-5 4.55909E-5 4.89812E-5 5.30099E-5 4.52665E-5 5.04967E-5 4.70276E-5 5.26215E-5 4.23886E-5 4.32542E-5 4.09122E-5 3.9894E-5
7.28153E-5 7.2858E-5 7.21998E-5 6.9236E-5 5.99495E-5 6.7622E-5 1.13207E-4 7.02541E-5 7.82667E-5 6.83725E-5 6.74682E-5 8.19105E-5 1.81051E-4 1.16901E-4 1.33581E-4 7.37602E-5 7.4993E-5 1.01209E-4 1.37446E-4 9.22529E-5 6.36067E-5 6.06435E-5 6.18009E-5 6.37003E-5 6.51895E-5 6.88221E-5 6.20468E-5 7.39232E-5 5.90285E-5 6.16796E-5 7.39613E-5 7.15822E-5 5.71987E-5 7.42489E-5 5.40127E-5 5.31188E-5 6.13291E-5 5.29351E-5 5.31908E-5 5.27631E-5 6.47434E-5 6.03484E-5 5.39653E-5 5.3461E-5 5.26418E-5 5.40985E-5 5.13378E-5 5.84602E-5 5.40782E-5 5.9856E-5 5.07282E-5 5.28126E-5 5.02345E-5 4.4099E-5 4.50012E-5 5.31489E-5 5.14188E-5 4.57281E-5 4.37302E-5 4.33904E-5 4.17578E-5
7.91019E-5 7.63088E-5 7.34534E-5 7.75502E-5 7.45268E-5 1.10606E-4 9.61258E-5 1.29809E-4 9.92837E-5 7.0686E-5 1.47762E-4 1.83981E-4 2.71704E-4 2.65549E-4 1.90075E-4 1.77387E-4 1.15061E-4 1.04268E-4 1.04006E-4 1.02464E-4 7.08508E-5 6.87949E-5 6.6614E-5 6.3457E-5 5.60657E-5 6.39271E-5 6.90357E-5 6.39856E-5 5.99115E-5 6.16293E-5 6.44626E-5 6.5107E-5 6.56892E-5 7.38021E-5 6.14008E-5 5.66191E-5 6.22689E-5 5.81256E-5 5.57631E-5 5.08826E-5 6.14049E-5 6.25833E-5 5.62357E-5 5.88245E-5 5.7373E-5 5.39672E-5 5.2552E-5 5.61419E-5 6.03409E-5 5.3148E-5 4.82623E-5 5.27629E-5 4.85537E-5 4.69481E-5 4.63893E-5 5.25658E-5 5.2916E-5 4.82656E-5 4.58273E-5 4.78974E-5 4.54673E-5
9.28354E-5 7.32488E-5 7.34863E-5 7.28947E-5 6.36229E-5 7.41949E-5 2.20708E-4 2.39331E-4 7.76582E-5 7.41315E-5 1.59193E-4 2.16595E-4 2.50716E-4 2.23251E-4 1.63775E-4 2.64547E-4 2.85841E-4 2.94093E-4 2.67611E-4 8.4736E-5 1.50056E-4 1.38516E-4 7.02192E-5 7.20479E-5 7.52612E-5 5.84587E-5 6.24025E-5 5.84561E-5 6.13045E-5 6.60866E-5 6.89258E-5 5.91243E-5 5.99E-5 9.72718E-5 8.13934E-5 6.52156E-5 9.80041E-5 6.11813E-5 6.08936E-5 5.59636E-5 5.76205E-5 5.35689E-5 5.84028E-5 6.10687E-5 5.32614E-5 6.2615E-5 8.13619E-5 5.18045E-5 5.73004E-5 6.97898E-5 5.20636E-5 5.72671E-5 6.2944E-5 5.70551E-5 4.93488E-5 6.69267E-5 5.04668E-5 5.31046E-5 4.805E-5 5.47068E-5 4.82489E-5
6.74685E-5 7.26347E-5 7.48423E-5 7.93937E-5 9.16011E-5 8.69225E-5 2.23573E-4 2.56642E-4 1.08827E-4 8.0057E-5 2.68415E-4 2.93111E-4 2.46829E-4 2.42653E-4 2.80399E-4 2.92038E-4 2.94476E-4 2.95987E-4 2.91483E-4 1.91412E-4 8.63652E-5 1.12999E-4 8.14687E-5 7.03646E-5 5.82917E-5 6.33105E-5 5.6151E-5 6.21933E-5 6.67193E-5 7.13737E-5 6.08454E-5 6.34954E-5 6.5024E-5 6.21917E-5 7.27534E-5 6.66618E-5 6.07427E-5 6.36896E-5 6.77689E-5 5.96484E-5 5.68785E-5 6.0308E-5 6.21545E-5 5.31245E-5 5.62329E-5 6.87792E-5 7.032E-5 5.82615E-5 6.87214E-5 7.72326E-5 5.68152E-5 5.00531E-5 7.44296E-5 5.58304E-5 5.07565E-5 4.96298E-5 5.12461E-5 5.9949E-5 5.72578E-5 5.18433E-5 5.05001E-5
8.04553E-5 1.19812E-4 2.35707E-4 1.72675E-4 7.13577E-5 1.31206E-4 2.89358E-4 2.95308E-4 2.99628E-4 1.76941E-4 2.94076E-4 2.95361E-4 2.6737E-4 2.58407E-4 2.92087E-4 2.44555E-4 1.21497E-4 1.15632E-4 2.74564E-4 2.11469E-4 2.13056E-4 1.00758E-4 7.30254E-5 7.06546E-5 6.11043E-5 6.67795E-5 5.81179E-5 6.69182E-5 6.44449E-5 6.8402E-5 6.16311E-5 6.18334E-5 5.87255E-5 7.64797E-5 6.75347E-5 6.5766E-5 6.503E-5 6.62689E-5 7.40959E-5 6.26725E-5 6.41205E-5 5.92927E-5 6.74499E-5 4.68129E-5 5.361E-5 5.30158E-5 6.88923E-5 8.24237E-5 6.37475E-5 5.37309E-5 5.76077E-5 5.31693E-5 7.18796E-5 6.32901E-5 5.18449E-5 5.9593E-5 6.33707E-5 5.52697E-5 5.39609E-5 4.7981E-5 4.89184E-5
2.09963E-4 2.74469E-4 2.45393E-4 1.55126E-4 2.77011E-4 2.18339E-4 2.59178E-4 2.3344E-4 1.81814E-4 2.03891E-4 2.39367E-4 1.87186E-4 2.75123E-4 2.97826E-4 2.52412E-4 1.31461E-4 9.32317E-5 1.8678E-4 2.17984E-4 2.95779E-4 2.56336E-4 8.61142E-5 7.1384E-5 6.87539E-5 6.87345E-5 6.0467E-5 6.24963E-5 6.93437E-5 7.5222E-5 7.89477E-5 6.32884E-5 6.08972E-5 6.61237E-5 7.00598E-5 6.94292E-5 7.10887E-5 1.13139E-4 6.86145E-5 6.71932E-5 6.1315E-5 5.94038E-5 5.74732E-5 5.3436E-5 5.59928E-5 6.59675E-5 5.3141E-5 6.02823E-5 5.4588E-5 6.04344E-5 6.95194E-5 7.22199E-5 6.60069E-5 7.55149E-5 5.375E-5 8.753E-5 5.22202E-5 5.36731E-5 8.61866E-5 6.41237E-5 5.72177E-5 4.9594E-5
1.86458E-4 1.19555E-4 2.40036E-4 3.1094E-4 2.32369E-4 1.96385E-4 2.00245E-4 2.01765E-4 3.08525E-4 2.90151E-4 2.6883E-4 1.50337E-4 1.52504E-4 2.88937E-4 1.7409E-4 6.24205E-5 1.04695E-4 1.14532E-4 1.00623E-4 1.3464E-4 2.85094E-4 2.40849E-4 1.55164E-4 7.78403E-5 6.54499E-5 5.61481E-5 5.8149E-5 1.01844E-4 7.53923E-5 7.91202E-5 6.51163E-5 6.84092E-5 6.67535E-5 5.75598E-5 6.13268E-5 6.45895E-5 7.33648E-5 6.02407E-5 6.2587E-5 6.15009E-5 6.03431E-5 5.67274E-5 4.99968E-5 4.96919E-5 5.93833E-5 5.53117E-5 5.65674E-5 5.22764E-5 5.82842E-5 6.34658E-5 5.51916E-5 5.68364E-5 5.16172E-5 6.24074E-5 5.14844E-5 4.76937E-5 5.63218E-5 6.29204E-5 6.24436E-5 5.43055E-5 4.96608E-5
3.01265E-4 2.75466E-4 3.02311E-4 2.6549E-4 2.12374E-4 1.86427E-4 1.82885E-4 1.94369E-4 2.3317E-4 2.1014E-4 2.8881E-4 2.53411E-4 3.03435E-4 1.70705E-4 2.09042E-4 2.00578E-4 8.70879E-5 7.91901E-5 8.75485E-5 1.27708E-4 1.14034E-4 2.28816E-4 2.25793E-4 1.86806E-4 7.90573E-5 9.68172E-5 2.67287E-4 2.5712E-4 1.05427E-4 8.98417E-5 9.6965E-5 6.77533E-5 7.00336E-5 6.49649E-5 7.02342E-5 5.77066E-5 5.95744E-5 6.1628E-5 6.17603E-5 5.97175E-5 6.19044E-5 6.10113E-5 4.86475E-5 5.12881E-5 6.25446E-5 8.13852E-5 5.9623E-5 6.02911E-5 9.59055E-5 6.97823E-5 5.69222E-5 5.77757E-5 6.39065E-5 5.8864E-5 5.68847E-5 5.13939E-5 5.19938E-5 5.90094E-5 5.50489E-5 6.01833E-5 6.3279E-5
2.81647E-4 2.90088E-4 2.587E-4 2.39204E-4 1.98781E-4 1.99697E-4 1.91788E-4 1.99957E-4 2.11246E-4 3.10941E-4 3.14946E-4 3.15458E-4 2.20997E-4 2.39505E-4 3.05117E-4 1.51917E-4 1.14235E-4 8.28039E-5 1.02067E-4 1.03779E-4 1.20647E-4 1.38516E-4 1.9026E-4 2.27054E-4 2.40213E-4 1.85434E-4 2.78473E-4 2.64335E-4 2.49086E-4 1.34106E-4 1.20051E-4 7.24299E-5 7.39685E-5 5.93883E-5 5.96941E-5 6.15837E-5 6.37997E-5 5.78222E-5 6.20811E-5 6.10771E-5 5.77655E-5 5.43494E-5 5.49833E-5 6.73645E-5 6.50455E-5 6.01747E-5 5.90167E-5 5.99912E-5 8.17968E-5 5.56691E-5 5.57925E-5 5.83946E-5 6.24046E-5 5.93396E-5 5.39851E-5 5.99689E-5 5.55215E-5 5.28339E-5 5.70372E-5 5.83862E-5 7.27442E-5
2.55371E-4 2.77321E-4 2.3121E-4 2.30858E-4 2.35085E-4 2.05628E-4 1.94304E-4 1.96573E-4 2.03813E-4 2.95642E-4 3.16811E-4 2.16812E-4 1.96645E-4 2.23101E-4 2.37248E-4 3.1187E-4 2.58717E-4 1.45238E-4 1.3156E-4 7.7151E-5 1.8448E-4 2.25877E-4 2.75955E-4 2.85541E-4 2.60351E-4 2.27379E-4 1.68764E-4 2.38234E-4 2.66619E-4 2.83427E-4 2.12649E-4 2.52601E-4 9.34966E-5 7.19377E-5 1.37362E-4 6.73158E-5 6.88377E-5 5.41553E-5 6.10255E-5 6.32498E-5 5.84097E-5 6.35886E-5 5.81282E-5 5.83918E-5 5.7741E-5 6.41132E-5 6.27876E-5 5.60239E-5 5.78687E-5 5.95018E-5 5.62048E-5 5.26484E-5 5.69823E-5 5.9954E-5 5.61198E-5 4.94699E-5 5.31771E-5 5.4892E-5 5.855E-5 6.97371E-5 5.07175E-5
2.30768E-4 2.3054E-4 2.74266E-4 2.3228E-4 3.00153E-4 3.19333E-4 2.56189E-4 1.9974E-4 1.96611E-4 2.41768E-4 3.08652E-4 3.1699E-4 1.96725E-4 1.97533E-4 2.08219E-4 2.80004E-4 2.78147E-4 3.06076E-4 2.6893E-4 2.43155E-4 2.19992E-4 2.82036E-4 3.04781E-4 2.55039E-4 2.09938E-4 2.71877E-4 1.51826E-4 2.54679E-4 1.97614E-4 2.13272E-4 2.78661E-4 2.4725E-4 1.46065E-4 2.31635E-4 2.73515E-4 2.62957E-4 1.79783E-4 2.68963E-4 8.97857E-5 6.13645E-5 6.89026E-5 6.32214E-5 6.53516E-5 7.11695E-5 5.44509E-5 6.24792E-5 5.30452E-5 5.91126E-5 6.15459E-5 6.37989E-5 6.11681E-5 6.55292E-5 5.67775E-5 5.4473E-5 5.78778E-5 5.2612E-5 5.88788E-5 5.81875E-5 6.52615E-5 6.17127E-5 7.06819E-5
3.18732E-4 2.79251E-4 3.1197E-4 2.69114E-4 3.18774E-4 3.20945E-4 2.1159E-4 2.25723E-4 2.21241E-4 2.16302E-4 3.2937E-4 2.55515E-4 2.07518E-4 2.23961E-4 2.18764E-4 2.11362E-4 2.43549E-4 3.0923E-4 3.13796E-4 2.90266E-4 3.17398E-4 2.84198E-4 3.19183E-4 2.44252E-4 2.04225E-4 2.78377E-4 3.06019E-4 3.2106E-4 2.9914E-4 2.54214E-4 2.63364E-4 1.81553E-4 1.29429E-4 1.78948E-4 1.80883E-4 1.37351E-4 2.14977E-4 2.40313E-4 2.61746E-4 1.63637E-4 1.93109E-4 2.54882E-4 1.44165E-4 6.62869E-5 6.24661E-5 5.95461E-5 6.61589E-5 6.64091E-5 7.31469E-5 6.35151E-5 7.43592E-5 8.18391E-5 7.43335E-5 7.83622E-5 6.09461E-5 5.8883E-5 5.67645E-5 5.20878E-5 6.06245E-5 7.20668E-5 7.07111E-5
2.09439E-4 2.54456E-4 2.18099E-4 3.27447E-4 3.01524E-4 3.28021E-4 2.22438E-4 2.21361E-4 2.19435E-4 2.19752E-4 2.99087E-4 2.81767E-4 3.18569E-4 2.47768E-4 3.0849E-4 3.32795E-4 3.11959E-4 2.11069E-4 2.66312E-4 2.59042E-4 3.12501E-4 3.19801E-4 2.30982E-4 2.97E-4 2.27342E-4 3.16888E-4 2.86103E-4 2.14238E-4 1.26899E-4 1.25647E-4 1.46883E-4 8.40326E-5 7.32275E-5 1.6113E-4 1.30251E-4 7.19138E-5 7.7465E-5 1.37937E-4 1.8071E-4 1.35444E-4 1.24315E-4 2.59356E-4 2.18643E-4 1.16538E-4 1.19766E-4 1.06534E-4 9.48075E-5 7.24289E-5 1.18347E-4 6.7296E-5 5.80219E-5 6.59429E-5 8.08455E-5 5.61609E-5 5.669E-5 5.68049E-5 5.10689E-5 5.56441E-5 5.6471E-5 5.61905E-5 5.76032E-5
