Candidate_Models_July82022/M_5_F_lqp_Set_1_all/Bison.asc
ncols         290
nrows         380
xllcorner     -2197417.7431653
yllcorner     -584827.01486885
cellsize      10000.0
NODATA_value  -9999
[rows 216 to 242 of 380, columns 122 to 182 of 290]
1.74241E-4 3.00824E-4 3.1291E-4 3.20319E-4 2.99725E-4 3.24301E-4 2.04079E-4 2.10539E-4 2.18745E-4 2.25136E-4 2.39984E-4 2.62763E-4 3.41497E-4 2.2077E-4 2.13226E-4 2.26292E-4 2.22455E-4 2.56487E-4 2.46421E-4 2.74614E-4 2.76759E-4 2.78781E-4 2.3452E-4 3.18548E-4 2.30109E-4 3.2006E-4 1.5412E-4 8.59152E-5 7.37349E-5 1.09574E-4 8.50022E-5 8.15225E-5 7.23418E-5 8.12249E-5 8.15295E-5 8.86207E-5 6.98206E-5 8.17634E-5 2.85794E-4 2.53885E-4 2.73094E-4 1.62727E-4 2.1996E-4 2.42486E-4 2.16568E-4 2.44136E-4 1.1863E-4 7.21967E-5 6.65261E-5 6.72796E-5 7.46181E-5 8.04609E-5 8.12381E-5 6.7654E-5 5.5594E-5 5.28115E-5 5.27803E-5 5.27473E-5 5.91722E-5 6.01887E-5 6.09663E-5
2.84486E-4 2.4167E-4 2.7962E-4 3.39412E-4 3.30205E-4 3.37837E-4 2.40048E-4 2.89695E-4 2.92463E-4 2.09724E-4 2.77296E-4 2.41689E-4 2.79651E-4 2.85251E-4 2.03303E-4 2.12346E-4 2.13117E-4 2.55603E-4 2.10143E-4 2.26253E-4 2.35049E-4 2.84876E-4 2.90933E-4 2.98655E-4 3.31928E-4 2.68723E-4 3.23119E-4 3.00884E-4 2.45141E-4 1.24442E-4 8.05995E-5 7.55361E-5 7.63259E-5 8.17351E-5 8.18034E-5 1.89394E-4 9.39351E-5 1.01273E-4 2.46757E-4 2.7845E-4 2.68782E-4 2.43806E-4 2.37961E-4 2.45505E-4 2.37809E-4 1.09752E-4 5.56081E-5 5.53376E-5 7.37949E-5 7.85581E-5 6.69168E-5 7.08557E-5 6.36195E-5 5.98834E-5 5.9964E-5 5.64109E-5 5.39116E-5 5.50238E-5 5.68829E-5 6.00717E-5 6.24819E-5
3.18736E-4 2.93703E-4 2.58345E-4 3.37459E-4 2.68908E-4 3.0528E-4 3.16142E-4 2.97038E-4 1.47238E-4 3.00898E-4 2.41379E-4 2.58879E-4 3.03418E-4 2.34582E-4 2.0641E-4 2.1665E-4 2.17102E-4 2.04007E-4 2.04E-4 2.25747E-4 2.32642E-4 3.22977E-4 2.69689E-4 3.2939E-4 3.19365E-4 2.5796E-4 2.835E-4 2.88405E-4 2.93724E-4 2.62693E-4 9.02938E-5 7.53781E-5 7.41745E-5 7.81386E-5 7.36237E-5 9.70345E-5 7.36703E-5 2.19933E-4 1.97074E-4 1.95017E-4 2.7321E-4 9.44408E-5 2.16466E-4 1.84225E-4 2.04341E-4 9.1858E-5 5.37357E-5 5.20322E-5 7.18619E-5 7.77394E-5 6.67351E-5 8.74534E-5 7.04835E-5 5.83061E-5 5.70995E-5 5.74828E-5 5.79547E-5 6.11273E-5 5.47552E-5 6.23865E-5 6.29915E-5
2.96311E-4 3.28342E-4 3.12627E-4 2.88343E-4 2.33789E-4 2.50095E-4 3.02068E-4 2.32942E-4 1.20509E-4 2.57739E-4 3.44281E-4 3.68728E-4 1.95297E-4 3.53806E-4 2.14693E-4 2.11685E-4 2.14558E-4 2.10298E-4 2.09203E-4 2.38196E-4 2.47253E-4 3.16984E-4 3.2694E-4 2.92552E-4 2.68555E-4 2.70857E-4 2.33052E-4 2.96565E-4 2.73114E-4 2.92126E-4 1.85182E-4 1.3377E-4 7.58625E-5 7.3881E-5 7.39804E-5 7.57545E-5 7.74909E-5 2.6366E-4 2.50459E-4 2.74558E-4 6.62697E-5 7.05344E-5 6.25841E-5 6.64952E-5 9.06129E-5 1.21943E-4 6.19237E-5 4.96143E-5 6.88502E-5 6.81582E-5 6.80678E-5 6.35105E-5 7.97045E-5 6.58672E-5 5.51352E-5 5.64257E-5 5.67886E-5 5.98711E-5 5.85773E-5 6.33105E-5 7.57018E-5
2.78153E-4 2.57469E-4 3.3612E-4 2.9244E-4 2.80588E-4 2.4825E-4 3.08379E-4 2.90638E-4 3.52146E-4 3.26705E-4 3.65041E-4 2.86693E-4 2.61812E-4 3.58054E-4 3.50068E-4 2.68517E-4 2.10505E-4 2.14746E-4 2.03995E-4 2.27394E-4 2.53712E-4 3.3718E-4 2.32761E-4 2.2318E-4 2.5185E-4 2.30335E-4 2.72311E-4 2.25411E-4 2.40753E-4 2.74087E-4 2.33795E-4 3.29313E-4 2.31127E-4 1.16588E-4 1.71998E-4 1.51205E-4 7.87342E-5 1.06788E-4 1.51197E-4 7.14937E-5 7.49546E-5 7.10343E-5 6.75479E-5 6.84269E-5 6.75609E-5 6.46805E-5 6.77218E-5 6.53676E-5 5.8416E-5 5.87244E-5 1.18468E-4 1.65258E-4 7.60918E-5 6.13088E-5 6.26356E-5 5.80609E-5 5.4418E-5 6.14384E-5 6.39102E-5 6.05398E-5 7.02589E-5
2.98373E-4 3.44272E-4 2.70168E-4 2.65308E-4 2.56923E-4 2.26378E-4 2.14364E-4 3.41176E-4 2.65473E-4 2.92893E-4 3.69012E-4 2.29544E-4 3.21933E-4 2.86945E-4 1.78951E-4 2.87586E-4 2.17445E-4 2.33185E-4 2.25333E-4 2.7099E-4 3.359E-4 2.67095E-4 2.63631E-4 2.75168E-4 2.39062E-4 2.19684E-4 2.35704E-4 2.21311E-4 2.02365E-4 2.26029E-4 2.44846E-4 2.71527E-4 3.2814E-4 3.04391E-4 3.2033E-4 3.05824E-4 3.07779E-4 2.81182E-4 2.94652E-4 1.47111E-4 7.63325E-5 7.53682E-5 7.13063E-5 7.105E-5 7.11224E-5 6.40518E-5 7.56259E-5 7.28253E-5 6.22234E-5 6.02425E-5 1.10207E-4 2.01495E-4 1.52568E-4 6.29439E-5 6.29256E-5 6.15533E-5 5.83534E-5 5.75134E-5 6.22166E-5 5.88311E-5 7.29342E-5
3.23718E-4 3.37715E-4 2.89343E-4 2.93408E-4 2.67255E-4 2.17012E-4 2.12306E-4 2.73808E-4 2.45909E-4 2.76288E-4 2.97934E-4 2.35934E-4 3.66922E-4 2.21593E-4 2.46485E-4 2.27441E-4 2.23841E-4 2.15671E-4 2.26399E-4 2.19004E-4 2.70232E-4 2.53578E-4 2.42868E-4 2.21223E-4 2.14088E-4 2.27376E-4 2.37905E-4 2.13237E-4 2.06887E-4 2.09706E-4 2.32608E-4 2.38312E-4 2.87721E-4 2.65928E-4 1.98298E-4 2.32594E-4 2.16995E-4 2.27326E-4 2.98874E-4 2.72136E-4 1.29276E-4 7.30616E-5 6.86422E-5 6.78123E-5 6.38551E-5 1.40073E-4 1.63694E-4 1.18034E-4 1.82497E-4 6.08705E-5 9.00602E-5 1.63047E-4 2.72463E-4 7.85712E-5 6.16292E-5 6.20796E-5 5.95952E-5 6.11076E-5 6.07474E-5 6.33771E-5 6.37935E-5
3.10879E-4 3.1692E-4 3.49404E-4 2.64873E-4 3.36584E-4 2.88995E-4 2.42225E-4 2.30977E-4 2.54561E-4 2.77119E-4 2.30825E-4 2.80521E-4 3.09443E-4 2.26892E-4 2.207E-4 2.22266E-4 2.21494E-4 2.12911E-4 2.16475E-4 2.27168E-4 3.43531E-4 2.86673E-4 2.24516E-4 2.24889E-4 2.24443E-4 2.4677E-4 2.20838E-4 2.31832E-4 2.05562E-4 2.17902E-4 2.25495E-4 2.35826E-4 2.56464E-4 2.44599E-4 2.5966E-4 2.24254E-4 2.58519E-4 2.27686E-4 2.93963E-4 2.95104E-4 2.05182E-4 2.60827E-4 7.65608E-5 7.36422E-5 6.62547E-5 1.84413E-4 2.32238E-4 2.42626E-4 1.8872E-4 5.7721E-5 7.88905E-5 1.51534E-4 2.6531E-4 1.78802E-4 6.44065E-5 6.35655E-5 6.27428E-5 6.36343E-5 6.16503E-5 6.61426E-5 1.1017E-4
3.143E-4 1.99959E-4 1.76909E-4 2.8875E-4 3.04621E-4 2.83541E-4 2.59916E-4 2.6013E-4 2.76221E-4 2.57765E-4 2.9374E-4 2.36962E-4 2.67948E-4 2.3374E-4 2.47592E-4 2.25971E-4 2.20012E-4 2.15576E-4 2.12418E-4 2.48007E-4 2.43064E-4 2.61825E-4 2.28206E-4 2.34264E-4 2.54995E-4 2.45519E-4 2.24151E-4 2.60474E-4 2.34728E-4 2.26662E-4 2.22135E-4 2.13995E-4 2.26401E-4 2.40939E-4 2.58328E-4 2.17265E-4 2.27329E-4 2.05158E-4 2.13673E-4 2.70685E-4 2.68102E-4 2.67611E-4 2.93022E-4 9.67163E-5 7.96154E-5 6.75557E-5 2.82615E-4 2.11697E-4 2.25119E-4 6.75663E-5 9.4904E-5 2.43834E-4 2.74742E-4 2.79194E-4 1.81165E-4 1.80827E-4 1.38499E-4 7.32485E-5 7.03537E-5 1.10773E-4 2.5177E-4
2.72555E-4 3.50129E-4 2.94391E-4 3.46448E-4 2.49572E-4 2.36849E-4 2.87218E-4 2.4291E-4 2.69003E-4 2.39518E-4 3.10875E-4 3.03909E-4 2.49154E-4 2.26212E-4 2.3456E-4 2.27835E-4 2.25383E-4 2.19705E-4 2.36226E-4 2.5648E-4 2.35041E-4 2.44005E-4 2.89695E-4 2.25515E-4 2.87351E-4 2.26898E-4 2.39035E-4 2.46714E-4 2.37318E-4 2.29561E-4 2.59089E-4 2.51679E-4 2.31488E-4 2.48926E-4 2.211E-4 2.18545E-4 2.44242E-4 2.05095E-4 1.88917E-4 1.90933E-4 1.96312E-4 2.01882E-4 2.67898E-4 3.00251E-4 2.96213E-4 1.74551E-4 2.84313E-4 2.64503E-4 2.86956E-4 7.19598E-5 2.60527E-4 2.71594E-4 2.17958E-4 2.20083E-4 2.28581E-4 2.28237E-4 2.61715E-4 2.76682E-4 2.4323E-4 2.5763E-4 1.83758E-4
3.50097E-4 2.54213E-4 3.3999E-4 3.12354E-4 2.67243E-4 2.39396E-4 2.57682E-4 2.33418E-4 2.24712E-4 2.68433E-4 2.31804E-4 2.75507E-4 2.21784E-4 2.21289E-4 2.25907E-4 2.25609E-4 2.25732E-4 2.16984E-4 2.22906E-4 2.37911E-4 2.47721E-4 2.71256E-4 2.53566E-4 2.31078E-4 2.38412E-4 2.49345E-4 2.07471E-4 2.55668E-4 2.56309E-4 2.35134E-4 2.19173E-4 2.23309E-4 2.26452E-4 2.16905E-4 2.43647E-4 2.19698E-4 2.13964E-4 2.63939E-4 1.98495E-4 1.99546E-4 2.09154E-4 2.30111E-4 2.74727E-4 2.28111E-4 2.28354E-4 2.91997E-4 2.7232E-4 2.39812E-4 2.70144E-4 1.94185E-4 2.76907E-4 2.31989E-4 2.8403E-4 1.93022E-4 1.97598E-4 2.30547E-4 1.98235E-4 1.95758E-4 2.59136E-4 2.04813E-4 1.67642E-4
3.49437E-4 2.64288E-4 3.53547E-4 2.57176E-4 2.40771E-4 2.51719E-4 2.3419E-4 3.38964E-4 2.43024E-4 2.63585E-4 2.43971E-4 2.59171E-4 2.83077E-4 2.39161E-4 2.29126E-4 2.31034E-4 2.63731E-4 2.18456E-4 2.30365E-4 2.63295E-4 2.78843E-4 2.58983E-4 2.33309E-4 2.22542E-4 2.39138E-4 2.46727E-4 2.55122E-4 2.2213E-4 2.44758E-4 2.38065E-4 2.17997E-4 2.25816E-4 2.1534E-4 2.25923E-4 2.28959E-4 2.06143E-4 2.9654E-4 2.9779E-4 1.99827E-4 2.08055E-4 2.09837E-4 2.06547E-4 2.76185E-4 2.72761E-4 2.03991E-4 3.04141E-4 2.70362E-4 2.70944E-4 2.76247E-4 2.27932E-4 2.80202E-4 2.84339E-4 2.66277E-4 2.7913E-4 2.82857E-4 2.1941E-4 2.29096E-4 2.94204E-4 2.77841E-4 2.19894E-4 1.71349E-4
2.88579E-4 2.55833E-4 3.60659E-4 3.17654E-4 2.42036E-4 2.70894E-4 2.75996E-4 2.81352E-4 2.97631E-4 3.48109E-4 2.50035E-4 2.67371E-4 2.44976E-4 2.19888E-4 2.32334E-4 2.25282E-4 2.87209E-4 2.2531E-4 2.15475E-4 2.33842E-4 2.3652E-4 2.46786E-4 2.3934E-4 2.47157E-4 2.54515E-4 2.87354E-4 2.46694E-4 2.12593E-4 2.52247E-4 2.28252E-4 2.18419E-4 2.35618E-4 2.28865E-4 2.32567E-4 2.20866E-4 2.35515E-4 3.19613E-4 2.59355E-4 2.53122E-4 2.28728E-4 2.18687E-4 3.03486E-4 3.0841E-4 2.86147E-4 2.26885E-4 2.10426E-4 3.0909E-4 2.06564E-4 9.64448E-5 1.50258E-4 2.97105E-4 2.05436E-4 2.23376E-4 2.19219E-4 2.46387E-4 2.38243E-4 3.00537E-4 2.88983E-4 2.68576E-4 2.67936E-4 2.01744E-4
2.76531E-4 3.18565E-4 3.06696E-4 3.8107E-4 2.6186E-4 3.37368E-4 2.6548E-4 2.62416E-4 2.6944E-4 2.44021E-4 2.86056E-4 2.40827E-4 2.22514E-4 2.55871E-4 2.39093E-4 2.27889E-4 2.25015E-4 2.3032E-4 2.47662E-4 2.31775E-4 2.16001E-4 2.46679E-4 2.67654E-4 3.78559E-4 3.22816E-4 2.66647E-4 2.74116E-4 2.66337E-4 2.49661E-4 2.30386E-4 2.34037E-4 2.27048E-4 2.39083E-4 2.70705E-4 2.40153E-4 3.15559E-4 3.27924E-4 2.31873E-4 2.66545E-4 2.72733E-4 2.21539E-4 3.23679E-4 2.46006E-4 2.12846E-4 2.19742E-4 2.32799E-4 2.55788E-4 2.81772E-4 2.82219E-4 8.02166E-5 2.88449E-4 2.90138E-4 2.34682E-4 2.34504E-4 2.23058E-4 1.48703E-4 2.91189E-4 2.96014E-4 2.59418E-4 2.80561E-4 1.57936E-4
2.50088E-4 3.33384E-4 2.27277E-4 3.35368E-4 2.77757E-4 2.46576E-4 2.30197E-4 2.66816E-4 3.06941E-4 2.92975E-4 3.36361E-4 3.56896E-4 2.48508E-4 2.36681E-4 2.29741E-4 2.31843E-4 2.34169E-4 2.47775E-4 2.29403E-4 2.41455E-4 2.34063E-4 2.54441E-4 3.32125E-4 2.60417E-4 3.0498E-4 3.23734E-4 3.21239E-4 2.99354E-4 2.3609E-4 2.66919E-4 2.4351E-4 2.44042E-4 2.35656E-4 2.83168E-4 2.34965E-4 2.65372E-4 2.45775E-4 2.59077E-4 3.28594E-4 2.85355E-4 2.38351E-4 1.9638E-4 2.63032E-4 2.71823E-4 1.90031E-4 1.89281E-4 2.60224E-4 3.28327E-4 3.27123E-4 2.07195E-4 2.18958E-4 2.84199E-4 1.99759E-4 2.78465E-4 2.36728E-4 2.12934E-4 1.39006E-4 2.40417E-4 2.08025E-4 1.75066E-4 2.08047E-4
2.31614E-4 3.79432E-4 3.06254E-4 2.73717E-4 3.09551E-4 2.38983E-4 2.31028E-4 2.76995E-4 2.68612E-4 3.79141E-4 2.8541E-4 3.81264E-4 2.50787E-4 2.73342E-4 3.17823E-4 2.34328E-4 2.32225E-4 2.36228E-4 2.24178E-4 2.64153E-4 2.40984E-4 2.6874E-4 3.03603E-4 3.54094E-4 3.86873E-4 3.95397E-4 3.66128E-4 3.87237E-4 2.56661E-4 2.43706E-4 2.5418E-4 3.63004E-4 3.36318E-4 3.20974E-4 2.60787E-4 2.24935E-4 2.16258E-4 2.79011E-4 2.86405E-4 2.72469E-4 2.23993E-4 2.5562E-4 2.09055E-4 2.10394E-4 2.39661E-4 2.03867E-4 2.44222E-4 2.96532E-4 3.2762E-4 1.98468E-4 2.98118E-4 2.81129E-4 1.94575E-4 2.93626E-4 2.70473E-4 2.80949E-4 1.59543E-4 3.26111E-4 2.3469E-4 2.16107E-4 1.94672E-4
2.33569E-4 2.39222E-4 3.20337E-4 3.70266E-4 3.36691E-4 2.34303E-4 2.40153E-4 2.71105E-4 2.6005E-4 2.76846E-4 2.33106E-4 2.48692E-4 2.47499E-4 2.37796E-4 2.51037E-4 2.53756E-4 2.24791E-4 2.38761E-4 2.48174E-4 2.42242E-4 2.54137E-4 2.44123E-4 2.36442E-4 2.57514E-4 2.72157E-4 3.98616E-4 2.50588E-4 2.57251E-4 2.32843E-4 2.7064E-4 3.64991E-4 2.97264E-4 3.15183E-4 2.28661E-4 2.43709E-4 2.28689E-4 2.24681E-4 2.21555E-4 2.83451E-4 3.26528E-4 2.17581E-4 3.03919E-4 2.18934E-4 1.96861E-4 2.21085E-4 2.03978E-4 2.04594E-4 2.10199E-4 2.57968E-4 3.1652E-4 2.45522E-4 2.56679E-4 1.9222E-4 2.44398E-4 2.61184E-4 3.21219E-4 2.23751E-4 3.0486E-4 2.22107E-4 1.9058E-4 1.84585E-4
2.39617E-4 2.31844E-4 2.30073E-4 2.89135E-4 2.38846E-4 2.88771E-4 2.83169E-4 2.85122E-4 2.85245E-4 2.7432E-4 2.58572E-4 2.54997E-4 2.31869E-4 2.33943E-4 2.31918E-4 2.37777E-4 2.14765E-4 2.24734E-4 2.43383E-4 2.6097E-4 2.75383E-4 3.51036E-4 2.35678E-4 2.54405E-4 2.74727E-4 3.97376E-4 2.63245E-4 2.22638E-4 2.31133E-4 3.04434E-4 3.02287E-4 2.40379E-4 2.85027E-4 2.75645E-4 2.59543E-4 2.29439E-4 2.19723E-4 2.1849E-4 2.14543E-4 2.42791E-4 2.1563E-4 2.3828E-4 2.33912E-4 2.04817E-4 2.27061E-4 2.38184E-4 2.0401E-4 1.97353E-4 2.42163E-4 2.80534E-4 2.47812E-4 1.99328E-4 2.2509E-4 1.93993E-4 2.13443E-4 2.8786E-4 2.42289E-4 2.15867E-4 1.78358E-4 1.97776E-4 2.38251E-4
3.23047E-4 2.62719E-4 2.49007E-4 2.53751E-4 2.42802E-4 3.68722E-4 3.04337E-4 2.82116E-4 3.21896E-4 3.16001E-4 3.26551E-4 2.78783E-4 3.34791E-4 2.47234E-4 2.47175E-4 2.50761E-4 2.34476E-4 2.28514E-4 2.29421E-4 2.41185E-4 2.36846E-4 2.45695E-4 2.43855E-4 2.75766E-4 3.40946E-4 3.64607E-4 2.72775E-4 2.55122E-4 2.61401E-4 2.51266E-4 2.63585E-4 2.24003E-4 2.26244E-4 2.45662E-4 2.35712E-4 2.52547E-4 2.25246E-4 2.19784E-4 2.37033E-4 2.22243E-4 2.43964E-4 2.46663E-4 2.92917E-4 2.37605E-4 2.12914E-4 2.03794E-4 2.02703E-4 2.07688E-4 2.3295E-4 2.93761E-4 2.12859E-4 2.24989E-4 2.01138E-4 1.87899E-4 2.09902E-4 2.26885E-4 2.62572E-4 2.08896E-4 2.106E-4 2.05373E-4 2.21847E-4
3.75173E-4 2.53434E-4 2.7385E-4 2.36958E-4 2.31173E-4 2.86776E-4 2.81943E-4 3.33898E-4 2.97928E-4 3.00413E-4 2.99837E-4 2.89652E-4 3.07145E-4 3.42377E-4 2.41756E-4 2.68126E-4 2.50127E-4 2.32713E-4 2.37193E-4 3.19834E-4 2.28195E-4 2.33094E-4 2.26446E-4 2.29351E-4 2.89703E-4 3.93391E-4 2.68907E-4 2.60838E-4 2.54483E-4 2.41458E-4 2.47392E-4 2.37422E-4 2.58712E-4 2.72928E-4 2.4401E-4 3.0619E-4 2.35736E-4 2.40716E-4 2.40327E-4 2.34802E-4 2.29258E-4 2.99886E-4 3.57907E-4 3.07289E-4 2.31211E-4 2.07229E-4 1.97769E-4 2.0696E-4 2.02599E-4 2.09655E-4 2.10419E-4 2.1243E-4 1.89478E-4 1.91948E-4 2.00425E-4 2.27371E-4 2.24788E-4 2.53433E-4 2.38483E-4 2.38854E-4 2.21852E-4
2.41025E-4 2.63195E-4 2.44034E-4 2.43621E-4 2.37033E-4 2.34177E-4 2.31721E-4 2.75229E-4 3.01049E-4 2.37354E-4 3.00001E-4 2.91828E-4 4.00429E-4 2.93785E-4 2.36319E-4 3.80937E-4 2.78337E-4 2.40906E-4 2.42066E-4 2.39578E-4 2.2647E-4 2.3592E-4 2.95069E-4 2.98008E-4 3.48446E-4 3.9507E-4 3.40605E-4 2.49099E-4 2.48042E-4 2.37082E-4 2.61312E-4 2.38527E-4 2.69617E-4 2.47762E-4 2.73091E-4 3.40198E-4 2.35353E-4 2.32531E-4 3.006E-4 2.51808E-4 2.56441E-4 2.31083E-4 3.09183E-4 3.20883E-4 2.53529E-4 2.51007E-4 2.31281E-4 2.36256E-4 1.96673E-4 1.9966E-4 2.13015E-4 1.92465E-4 1.93326E-4 1.92776E-4 2.05513E-4 2.03858E-4 1.98331E-4 2.21974E-4 2.09483E-4 2.1448E-4 2.40952E-4
2.73428E-4 2.39653E-4 2.33425E-4 2.30679E-4 2.38826E-4 2.4217E-4 2.307E-4 2.3302E-4 1.8081E-4 2.42797E-4 3.12462E-4 2.73703E-4 2.82982E-4 2.49458E-4 2.44413E-4 3.72093E-4 3.67184E-4 2.47774E-4 2.45531E-4 2.55008E-4 2.53332E-4 2.39349E-4 2.55811E-4 2.61365E-4 2.6222E-4 3.40448E-4 3.87602E-4 2.65399E-4 2.3724E-4 2.72794E-4 2.60656E-4 2.67553E-4 2.5135E-4 2.77638E-4 2.97966E-4 2.57281E-4 2.38207E-4 2.37423E-4 2.38026E-4 2.68343E-4 2.36787E-4 2.5282E-4 2.25085E-4 2.5435E-4 2.91174E-4 2.65053E-4 2.32934E-4 2.59032E-4 2.37747E-4 2.20851E-4 2.22782E-4 1.91518E-4 2.08927E-4 1.93043E-4 1.96916E-4 1.91083E-4 2.30926E-4 2.17989E-4 2.06193E-4 2.29099E-4 2.15833E-4
2.51513E-4 2.34113E-4 2.44763E-4 2.44984E-4 2.43549E-4 2.25009E-4 2.38452E-4 2.21791E-4 1.7828E-4 2.92057E-4 2.56328E-4 2.39509E-4 2.71081E-4 2.9719E-4 2.37638E-4 3.98067E-4 2.4448E-4 2.4943E-4 2.81897E-4 2.60043E-4 3.42214E-4 2.51003E-4 2.41492E-4 2.43968E-4 2.43444E-4 2.27242E-4 3.01776E-4 2.41214E-4 2.73354E-4 2.3591E-4 2.67463E-4 2.52513E-4 2.76831E-4 2.55807E-4 2.71726E-4 2.74051E-4 2.3313E-4 2.58832E-4 2.40146E-4 2.59825E-4 2.31386E-4 2.70597E-4 2.34539E-4 2.28767E-4 3.53136E-4 2.12005E-4 2.19044E-4 2.04222E-4 2.92586E-4 2.00811E-4 2.04221E-4 2.04935E-4 2.21971E-4 2.06192E-4 1.95812E-4 1.95165E-4 3.02018E-4 2.16064E-4 2.83106E-4 2.06812E-4 1.86167E-4
2.4578E-4 2.36816E-4 2.3874E-4 2.41525E-4 2.41181E-4 2.29233E-4 2.45751E-4 2.26512E-4 1.99201E-4 2.42241E-4 2.4722E-4 2.38303E-4 2.43079E-4 2.67445E-4 2.82401E-4 2.56878E-4 2.38874E-4 2.42115E-4 2.52255E-4 3.14783E-4 3.00922E-4 2.56734E-4 2.3898E-4 2.39175E-4 2.26759E-4 2.3313E-4 2.62016E-4 2.7799E-4 2.43843E-4 2.57211E-4 2.51387E-4 2.82056E-4 2.71257E-4 2.41728E-4 2.75109E-4 2.39879E-4 2.45901E-4 2.70408E-4 2.56777E-4 2.49249E-4 3.34067E-4 3.05108E-4 2.32949E-4 2.21914E-4 2.13343E-4 2.594E-4 2.15369E-4 2.51245E-4 3.46415E-4 3.17403E-4 2.53766E-4 1.99982E-4 2.42794E-4 2.00562E-4 2.08406E-4 2.02222E-4 2.05795E-4 2.06473E-4 2.61845E-4 2.32095E-4 2.26879E-4
2.47268E-4 2.28088E-4 2.38955E-4 2.30852E-4 2.18888E-4 2.37462E-4 2.20647E-4 2.31021E-4 2.26364E-4 2.37631E-4 2.35584E-4 2.37259E-4 2.41316E-4 2.28201E-4 3.44487E-4 3.01002E-4 2.46479E-4 2.4005E-4 2.48976E-4 2.56339E-4 2.43305E-4 2.60352E-4 2.57064E-4 2.33478E-4 2.36384E-4 2.43562E-4 2.94709E-4 2.54861E-4 2.4418E-4 3.61487E-4 2.67354E-4 2.54547E-4 2.58267E-4 2.91123E-4 2.53594E-4 2.57828E-4 2.49177E-4 2.69567E-4 2.41271E-4 2.71442E-4 2.62365E-4 2.69778E-4 2.57469E-4 2.40266E-4 2.19071E-4 2.59628E-4 2.28414E-4 2.27063E-4 2.66231E-4 2.66077E-4 2.28913E-4 3.53576E-4 2.76946E-4 2.16681E-4 2.47873E-4 2.03856E-4 2.02176E-4 2.28371E-4 2.12582E-4 2.06402E-4 1.85832E-4
2.45556E-4 2.32648E-4 2.34292E-4 2.31992E-4 2.33642E-4 2.19935E-4 2.21297E-4 2.34419E-4 1.99215E-4 2.35696E-4 2.3389E-4 2.3015E-4 2.45479E-4 2.38938E-4 2.41329E-4 2.56631E-4 2.40386E-4 2.82477E-4 2.45623E-4 2.99188E-4 2.57145E-4 2.40429E-4 2.47871E-4 2.91911E-4 2.40665E-4 2.31439E-4 3.31044E-4 2.38991E-4 2.45581E-4 2.48206E-4 2.41558E-4 2.5457E-4 2.48631E-4 2.61626E-4 2.65841E-4 2.78443E-4 2.37031E-4 2.40919E-4 2.37113E-4 2.40302E-4 2.36652E-4 3.63402E-4 3.08325E-4 2.34666E-4 2.32966E-4 2.20118E-4 2.07371E-4 2.07592E-4 2.53262E-4 2.15994E-4 2.22398E-4 2.30266E-4 2.27409E-4 2.11934E-4 2.45037E-4 2.02512E-4 1.94907E-4 2.08355E-4 2.34553E-4 1.91868E-4 1.91955E-4
2.5397E-4 2.42791E-4 2.31535E-4 2.31486E-4 2.32856E-4 2.40185E-4 2.26711E-4 2.35892E-4 2.25475E-4 2.28635E-4 2.20358E-4 2.37828E-4 2.66E-4 2.62896E-4 2.42595E-4 2.4409E-4 2.43847E-4 2.41366E-4 2.48902E-4 2.46839E-4 2.54677E-4 2.49892E-4 2.43584E-4 2.38259E-4 2.41789E-4 2.4085E-4 2.30708E-4 2.47744E-4 2.54394E-4 2.37194E-4 2.48213E-4 2.45187E-4 2.51056E-4 2.58431E-4 2.67129E-4 2.73065E-4 2.48414E-4 2.45154E-4 2.98183E-4 2.39122E-4 2.42164E-4 2.35577E-4 2.32004E-4 2.44325E-4 2.32844E-4 2.31505E-4 2.12386E-4 2.10694E-4 2.18505E-4 2.38087E-4 2.78177E-4 2.83268E-4 2.35263E-4 2.19451E-4 2.037E-4 2.44468E-4 2.10886E-4 1.97571E-4 1.96373E-4 2.26707E-4 1.94064E-4
