Candidate_Models_July82022/M_0.4_F_lqp_Set_1_all/Bison.asc
ncols         290
nrows         380
xllcorner     -2197417.7431653
yllcorner     -584827.01486885
cellsize      10000.0
NODATA_value  -9999
[rows 27 to 53 of 380, columns 61 to 121 of 290]
3.97755E-6 3.69041E-6 4.81696E-6 3.89659E-6 3.70928E-6 5.18053E-6 4.42706E-6 3.05602E-6 3.2131E-6 3.46266E-6 3.26902E-6 4.262E-6 4.293E-6 5.19778E-6 5.13282E-6 5.20896E-6 7.43532E-6 9.42565E-6 9.45588E-6 9.71966E-6 9.48764E-6 1.17179E-5 9.13702E-6 7.63106E-6 5.23956E-6 5.51302E-6 5.81187E-6 6.84383E-6 6.00526E-6 7.37316E-6 7.35946E-6 8.63887E-6 7.27886E-6 7.2997E-6 7.53266E-6 7.33736E-6 6.21584E-6 6.64011E-6 7.1605E-6 9.27097E-6 6.73007E-6 6.61798E-6 7.82283E-6 8.09557E-6 8.33198E-6 9.53776E-6 9.8585E-6 9.51739E-6 8.76541E-6 8.37447E-6 8.59321E-6 7.61987E-6 6.92711E-6 6.19746E-6 5.80543E-6 4.76995E-6 -9999 -9999 -9999 -9999 -9999
2.58488E-6 4.01838E-6 3.27952E-6 4.55979E-6 4.5406E-6 4.84227E-6 4.00023E-6 4.75383E-6 4.16905E-6 3.98802E-6 2.77532E-6 4.58047E-6 4.15204E-6 5.15154E-6 5.53385E-6 5.5626E-6 7.18552E-6 9.77866E-6 9.77663E-6 1.03363E-5 9.15451E-6 9.44775E-6 1.06268E-5 8.80103E-6 5.20346E-6 5.47729E-6 5.88056E-6 7.32811E-6 8.25769E-6 7.84888E-6 9.98157E-6 1.00127E-5 9.70317E-6 7.24747E-6 6.41323E-6 6.84253E-6 7.58563E-6 -9999 1.07614E-5 1.10234E-5 7.80796E-6 8.12877E-6 8.05936E-6 8.73399E-6 8.327E-6 9.82105E-6 9.47423E-6 9.47132E-6 9.19635E-6 8.62148E-6 8.14915E-6 7.64958E-6 6.77772E-6 6.19014E-6 5.2779E-6 4.78536E-6 -9999 -9999 -9999 -9999 -9999
3.97034E-6 4.32956E-6 4.21283E-6 6.0772E-6 5.40837E-6 5.08563E-6 4.73151E-6 3.27903E-6 3.28558E-6 3.69276E-6 2.37078E-6 1.93304E-6 2.64061E-6 4.18974E-6 6.83415E-6 9.80151E-6 8.44131E-6 1.10052E-5 1.05226E-5 9.97653E-6 8.40712E-6 9.55353E-6 8.70931E-6 1.19038E-5 7.64237E-6 5.738E-6 6.71876E-6 7.62332E-6 8.78104E-6 1.05288E-5 1.01177E-5 1.59963E-5 9.3754E-6 6.10123E-6 7.24027E-6 7.23662E-6 6.87361E-6 7.09762E-6 9.23675E-6 8.85057E-6 9.77353E-6 8.49788E-6 8.94734E-6 8.09942E-6 8.57038E-6 1.09938E-5 9.44377E-6 1.04889E-5 1.00131E-5 8.67015E-6 8.34557E-6 7.13432E-6 6.24031E-6 5.4256E-6 5.14882E-6 4.5148E-6 -9999 -9999 -9999 -9999 -9999
4.9666E-6 3.88349E-6 4.73145E-6 3.8553E-6 4.9901E-6 4.77518E-6 3.27624E-6 2.55101E-6 5.377E-6 3.17252E-6 4.70328E-6 3.05775E-6 3.60488E-6 3.22919E-6 6.51717E-6 9.21086E-6 8.33339E-6 9.48945E-6 1.0473E-5 9.63558E-6 8.8959E-6 8.90855E-6 7.03153E-6 1.08572E-5 8.3833E-6 5.43584E-6 5.35554E-6 6.41023E-6 7.3804E-6 1.15939E-5 7.35611E-6 1.00799E-5 6.10133E-6 6.8806E-6 7.93244E-6 6.77986E-6 6.39851E-6 5.58253E-6 5.96932E-6 9.76073E-6 1.05323E-5 9.38936E-6 1.28455E-5 9.5963E-6 8.86141E-6 8.82103E-6 9.18509E-6 9.16162E-6 1.02418E-5 8.80962E-6 7.91392E-6 6.65664E-6 5.96481E-6 5.28976E-6 4.4604E-6 3.96561E-6 -9999 -9999 -9999 -9999 -9999
4.16306E-6 5.11784E-6 4.65057E-6 5.9157E-6 4.30464E-6 4.21789E-6 5.73135E-6 6.44138E-6 5.11535E-6 5.37043E-6 5.94958E-6 5.84237E-6 3.72627E-6 4.71036E-6 6.24991E-6 8.48494E-6 9.01747E-6 1.08175E-5 1.02119E-5 9.97365E-6 7.91509E-6 7.85268E-6 8.59267E-6 1.01156E-5 6.17134E-6 5.14126E-6 6.04823E-6 6.17561E-6 6.30892E-6 8.04387E-6 5.8097E-6 6.81019E-6 7.83422E-6 7.83083E-6 7.66395E-6 6.78387E-6 6.85313E-6 7.05138E-6 7.82553E-6 1.07608E-5 1.14876E-5 2.38835E-5 1.47265E-5 8.25619E-6 8.35719E-6 9.43848E-6 1.10032E-5 1.25259E-5 1.00578E-5 7.76723E-6 7.83369E-6 6.54546E-6 5.86903E-6 5.03729E-6 4.00541E-6 3.95987E-6 -9999 -9999 -9999 -9999 -9999
3.27825E-6 5.03415E-6 5.79466E-6 6.62699E-6 7.36585E-6 9.01592E-6 7.413E-6 5.80463E-6 6.56421E-6 5.85045E-6 7.57501E-6 6.12901E-6 4.45642E-6 7.81564E-6 7.57543E-6 8.72047E-6 8.10564E-6 9.30956E-6 7.95355E-6 8.64191E-6 8.95435E-6 8.41895E-6 8.17286E-6 7.15434E-6 6.57291E-6 5.34202E-6 6.83862E-6 6.30173E-6 6.55264E-6 5.97613E-6 6.49844E-6 7.25303E-6 7.95098E-6 9.481E-6 6.54756E-6 6.10128E-6 5.98806E-6 5.93964E-6 6.33042E-6 6.98748E-6 1.69664E-5 1.20309E-5 1.91634E-5 1.00133E-5 9.97084E-6 8.79236E-6 1.61462E-5 1.76069E-5 1.11924E-5 7.56174E-6 6.42845E-6 6.0628E-6 4.90833E-6 6.08313E-6 4.43232E-6 3.55537E-6 3.99626E-6 -9999 -9999 -9999 -9999
5.97895E-6 4.00961E-6 6.60439E-6 7.14463E-6 6.83728E-6 1.16533E-5 7.13856E-6 7.3282E-6 4.49403E-6 5.49244E-6 8.05805E-6 6.07407E-6 6.27912E-6 7.23209E-6 7.61314E-6 7.41481E-6 7.68105E-6 8.95877E-6 7.47278E-6 9.19849E-6 8.73447E-6 8.65585E-6 7.16584E-6 5.60326E-6 6.16179E-6 5.95424E-6 5.55135E-6 5.39486E-6 4.8866E-6 5.20896E-6 5.29112E-6 6.40011E-6 7.45215E-6 6.65236E-6 5.90897E-6 7.97155E-6 7.48303E-6 7.67276E-6 7.38663E-6 7.87953E-6 1.1629E-5 1.12276E-5 8.61088E-6 7.78422E-6 7.86033E-6 8.12425E-6 1.14082E-5 1.19389E-5 1.03449E-5 9.50104E-6 7.98904E-6 5.70395E-6 5.51575E-6 5.72932E-6 3.87404E-6 3.46876E-6 3.1699E-6 -9999 -9999 0E0 -9999
6.214E-6 4.43826E-6 6.00625E-6 4.75675E-6 5.03334E-6 6.57066E-6 6.49768E-6 4.71325E-6 3.20992E-6 4.56833E-6 6.00453E-6 6.97287E-6 7.329E-6 9.68096E-6 8.82021E-6 8.34005E-6 7.34783E-6 7.84176E-6 6.76169E-6 8.56204E-6 9.10386E-6 7.65727E-6 6.45256E-6 5.72282E-6 6.22156E-6 5.25544E-6 5.05734E-6 4.97367E-6 4.88964E-6 5.17931E-6 5.04837E-6 5.57927E-6 5.47785E-6 6.45533E-6 7.41593E-6 6.86733E-6 9.4212E-6 8.09742E-6 7.78891E-6 9.0033E-6 1.94724E-5 1.31279E-5 8.18416E-6 8.06352E-6 1.20933E-5 9.32052E-6 7.75331E-6 7.03167E-6 7.62297E-6 7.14936E-6 6.4717E-6 6.01134E-6 5.881E-6 6.37503E-6 4.07346E-6 3.27558E-6 2.96022E-6 4.13873E-6 -9999 -9999 3.68172E-6
5.91332E-6 4.43669E-6 5.57284E-6 4.57899E-6 5.68027E-6 8.42357E-6 6.53644E-6 1.02022E-5 5.86552E-6 4.80261E-6 6.43292E-6 5.02401E-6 5.19312E-6 8.28504E-6 8.24309E-6 7.51616E-6 7.04297E-6 6.59141E-6 5.9018E-6 7.81384E-6 7.26723E-6 7.09473E-6 6.46739E-6 5.27826E-6 6.23957E-6 4.75067E-6 5.20145E-6 5.00184E-6 4.86261E-6 4.61128E-6 5.21771E-6 5.65467E-6 5.6256E-6 5.8433E-6 7.06776E-6 8.28368E-6 1.22871E-5 9.63037E-6 6.39176E-6 7.81097E-6 1.06552E-5 8.6142E-6 1.20681E-5 9.10497E-6 1.49694E-5 1.1858E-5 1.14342E-5 7.04485E-6 6.53602E-6 6.67343E-6 6.53023E-6 6.21557E-6 4.72608E-6 4.79486E-6 3.86688E-6 3.263E-6 3.0954E-6 2.97027E-6 3.30036E-6 3.44763E-6 3.39544E-6
5.86982E-6 6.46728E-6 7.04469E-6 4.47395E-6 6.38505E-6 7.40775E-6 6.29601E-6 4.73098E-6 6.50188E-6 4.30443E-6 5.28939E-6 4.61302E-6 5.38154E-6 7.07645E-6 7.08114E-6 7.08013E-6 6.7609E-6 5.55345E-6 7.37683E-6 8.85777E-6 7.06613E-6 5.56024E-6 5.74058E-6 5.91697E-6 5.27832E-6 5.59662E-6 5.63221E-6 4.74998E-6 4.97179E-6 5.0281E-6 6.54462E-6 7.61249E-6 5.99508E-6 5.31948E-6 7.48781E-6 1.31596E-5 8.5313E-6 7.80505E-6 8.26177E-6 5.98718E-6 1.21106E-5 1.01766E-5 9.89698E-6 1.24081E-5 1.26981E-5 1.32939E-5 9.01616E-6 6.03802E-6 5.92149E-6 5.66244E-6 5.4824E-6 5.13763E-6 5.29746E-6 4.54121E-6 4.79371E-6 3.57466E-6 3.26418E-6 3.14468E-6 2.76644E-6 3.20207E-6 3.46149E-6
3.88822E-6 8.26693E-6 6.17811E-6 4.76684E-6 5.05334E-6 5.97766E-6 5.76918E-6 3.39279E-6 3.9304E-6 4.8392E-6 4.5086E-6 4.71471E-6 5.09766E-6 6.34592E-6 5.99982E-6 6.03712E-6 5.20355E-6 5.38975E-6 8.05146E-6 5.90985E-6 4.73466E-6 4.56597E-6 5.94412E-6 6.22021E-6 7.49951E-6 5.83694E-6 5.78632E-6 5.77344E-6 7.28786E-6 6.69652E-6 9.31918E-6 9.70374E-6 7.5591E-6 1.06032E-5 8.78023E-6 8.25621E-6 8.48364E-6 5.17659E-6 7.97552E-6 1.16143E-5 9.73582E-6 7.13928E-6 8.61144E-6 8.2291E-6 7.43442E-6 8.26432E-6 5.47901E-6 6.68864E-6 5.81397E-6 5.38786E-6 5.27943E-6 5.82157E-6 9.17397E-6 5.9415E-6 4.02764E-6 3.7215E-6 3.51358E-6 3.17509E-6 2.93393E-6 2.66893E-6 2.62428E-6
5.79302E-6 6.23482E-6 4.71128E-6 5.53553E-6 5.7169E-6 5.93466E-6 4.64478E-6 5.08819E-6 4.16027E-6 4.61191E-6 4.18871E-6 5.0521E-6 6.00087E-6 5.49076E-6 5.24002E-6 5.61315E-6 4.56599E-6 5.21643E-6 5.96653E-6 4.541E-6 4.80082E-6 4.57761E-6 5.84916E-6 7.75611E-6 9.31649E-6 8.95842E-6 7.36569E-6 8.60605E-6 9.48055E-6 9.20783E-6 8.81757E-6 8.7474E-6 5.83711E-6 5.59416E-6 5.77602E-6 5.85236E-6 4.45937E-6 4.48009E-6 6.71324E-6 5.86132E-6 8.28432E-6 7.46743E-6 8.3645E-6 6.4805E-6 6.30416E-6 6.1571E-6 6.07218E-6 5.99066E-6 4.24386E-6 5.0789E-6 5.14271E-6 4.77488E-6 5.76927E-6 5.11854E-6 3.56565E-6 3.29635E-6 3.18377E-6 3.70636E-6 2.89099E-6 2.91786E-6 2.80617E-6
8.39737E-6 4.59544E-6 6.04247E-6 5.87471E-6 8.35775E-6 6.26228E-6 7.03498E-6 5.26506E-6 6.05235E-6 5.45289E-6 6.82293E-6 4.58796E-6 6.35362E-6 5.04565E-6 4.63989E-6 4.71821E-6 5.4481E-6 5.15524E-6 5.8962E-6 5.84677E-6 4.83876E-6 4.46586E-6 4.51731E-6 5.66987E-6 1.02474E-5 9.17711E-6 1.09296E-5 8.37329E-6 9.59201E-6 6.27583E-6 7.21461E-6 6.46107E-6 6.7602E-6 5.91721E-6 6.2106E-6 7.52085E-6 4.71359E-6 5.53072E-6 9.01893E-6 7.57388E-6 8.21284E-6 7.08941E-6 5.59925E-6 7.11385E-6 8.76505E-6 1.0883E-5 7.30711E-6 5.73084E-6 5.44336E-6 5.62027E-6 5.06649E-6 4.56626E-6 6.29098E-6 7.18674E-6 4.60022E-6 4.708E-6 3.29399E-6 3.21956E-6 2.98556E-6 2.87038E-6 3.04395E-6
7.28023E-6 4.60369E-6 6.74714E-6 1.09871E-5 7.68575E-6 7.39166E-6 5.92493E-6 7.02659E-6 6.28162E-6 6.14307E-6 4.67701E-6 5.39275E-6 4.37507E-6 4.01908E-6 3.53846E-6 3.68572E-6 4.97875E-6 5.94949E-6 6.80946E-6 7.41875E-6 5.21048E-6 4.7396E-6 4.91907E-6 4.54626E-6 8.31981E-6 1.27202E-5 1.03921E-5 1.074E-5 9.72532E-6 8.7027E-6 9.07413E-6 6.1414E-6 4.93756E-6 4.70233E-6 6.22387E-6 5.71342E-6 5.75647E-6 5.26018E-6 5.43385E-6 5.33785E-6 7.92257E-6 6.56393E-6 6.42017E-6 6.7256E-6 7.44444E-6 9.00305E-6 5.04842E-6 4.38965E-6 4.03329E-6 4.55255E-6 4.2681E-6 5.68953E-6 6.07341E-6 4.41302E-6 6.72877E-6 4.14455E-6 3.45948E-6 3.67667E-6 3.25734E-6 3.05295E-6 2.9648E-6
7.71728E-6 8.84701E-6 1.32735E-5 7.70855E-6 8.35091E-6 7.9417E-6 7.41365E-6 6.24362E-6 5.18417E-6 6.34192E-6 4.29714E-6 5.03672E-6 3.7088E-6 3.73199E-6 3.15423E-6 3.49094E-6 4.88926E-6 6.63045E-6 6.33863E-6 7.03255E-6 5.6959E-6 4.73927E-6 5.71853E-6 5.67521E-6 8.80282E-6 1.04988E-5 5.87345E-6 7.29011E-6 1.14293E-5 8.04962E-6 7.42995E-6 6.38368E-6 6.90891E-6 5.27319E-6 5.75523E-6 4.45842E-6 5.32442E-6 6.19327E-6 5.27068E-6 4.07429E-6 4.32156E-6 5.74973E-6 1.16855E-5 1.17254E-5 9.24491E-6 6.18593E-6 6.7292E-6 5.81705E-6 6.49375E-6 4.97493E-6 6.1036E-6 7.58468E-6 5.50644E-6 5.63458E-6 7.67039E-6 5.24543E-6 4.31251E-6 3.7062E-6 3.38014E-6 3.17026E-6 3.25784E-6
4.8475E-6 7.26291E-6 7.61144E-6 8.15586E-6 9.94098E-6 9.21726E-6 6.96596E-6 7.11479E-6 6.55641E-6 6.60258E-6 4.88336E-6 4.62564E-6 4.19447E-6 3.36047E-6 3.10483E-6 3.66926E-6 4.3495E-6 5.59428E-6 6.99689E-6 7.53727E-6 6.83385E-6 7.59067E-6 1.17079E-5 8.14117E-6 6.08397E-6 5.5697E-6 4.69E-6 4.64829E-6 5.52539E-6 6.22933E-6 5.9426E-6 4.34237E-6 8.06515E-6 7.0681E-6 4.97905E-6 5.02583E-6 5.82282E-6 4.63314E-6 3.85141E-6 4.00096E-6 5.18377E-6 6.71514E-6 7.01101E-6 9.95123E-6 1.21384E-5 1.2167E-5 1.03522E-5 9.46945E-6 9.47711E-6 9.4189E-6 7.82122E-6 6.07187E-6 4.99578E-6 5.75559E-6 7.3852E-6 4.69196E-6 4.01998E-6 3.71341E-6 3.6311E-6 3.38979E-6 3.20077E-6
6.51604E-6 6.29826E-6 8.86329E-6 7.86427E-6 8.98899E-6 7.30486E-6 7.60007E-6 8.43614E-6 8.6141E-6 6.48313E-6 4.82473E-6 4.01254E-6 3.60518E-6 3.40889E-6 3.34899E-6 3.96063E-6 5.03888E-6 6.15835E-6 6.72199E-6 7.28615E-6 1.0688E-5 9.83138E-6 1.04624E-5 6.70823E-6 5.491E-6 5.32175E-6 5.26711E-6 6.92526E-6 7.62104E-6 5.4725E-6 6.52195E-6 5.00166E-6 4.88504E-6 5.54505E-6 4.83165E-6 4.47542E-6 4.03216E-6 3.97831E-6 5.38834E-6 4.71605E-6 7.59832E-6 6.65686E-6 4.9706E-6 7.75695E-6 7.42602E-6 7.09913E-6 8.88922E-6 1.09453E-5 8.29517E-6 8.11039E-6 9.07496E-6 7.64193E-6 6.4242E-6 5.51376E-6 4.6653E-6 3.92896E-6 3.80173E-6 3.5154E-6 3.618E-6 3.45849E-6 3.08578E-6
7.17604E-6 6.54614E-6 7.15847E-6 8.3839E-6 8.32476E-6 8.56942E-6 7.56609E-6 1.42238E-5 7.0501E-6 7.1493E-6 4.57207E-6 3.59126E-6 3.68654E-6 3.4155E-6 3.63874E-6 3.87276E-6 4.70482E-6 6.85255E-6 7.51129E-6 8.53742E-6 8.60018E-6 8.82017E-6 8.73599E-6 8.90128E-6 7.92103E-6 7.52245E-6 9.89132E-6 8.2959E-6 8.163E-6 4.05715E-6 6.90852E-6 8.73552E-6 5.74505E-6 4.17441E-6 5.11601E-6 4.49882E-6 4.09555E-6 4.23683E-6 5.03274E-6 4.26676E-6 4.66651E-6 4.90895E-6 7.21113E-6 1.20591E-5 5.29558E-6 8.74268E-6 9.236E-6 7.62793E-6 6.83875E-6 7.50328E-6 9.78679E-6 7.71349E-6 5.83268E-6 4.90675E-6 5.00175E-6 4.80294E-6 3.86368E-6 3.46642E-6 3.38627E-6 3.3072E-6 3.30817E-6
6.56653E-6 6.21119E-6 5.95915E-6 8.18062E-6 7.91348E-6 6.90659E-6 6.30353E-6 6.53446E-6 5.66552E-6 7.43427E-6 4.409E-6 3.84974E-6 3.41941E-6 3.51807E-6 3.93564E-6 3.97697E-6 4.58584E-6 7.00197E-6 7.19091E-6 7.35902E-6 7.17177E-6 1.06541E-5 1.05833E-5 1.11118E-5 1.11373E-5 1.25142E-5 1.08142E-5 1.21576E-5 1.11237E-5 4.18548E-6 5.88389E-6 7.2243E-6 7.31131E-6 4.05165E-6 3.94612E-6 3.82674E-6 4.70052E-6 3.62677E-6 3.66676E-6 5.21786E-6 4.58542E-6 4.63986E-6 8.25297E-6 7.67504E-6 7.3236E-6 8.40754E-6 8.88813E-6 5.93388E-6 5.77186E-6 6.65028E-6 7.09073E-6 5.88439E-6 5.74982E-6 4.79201E-6 4.81434E-6 4.65854E-6 5.32926E-6 3.33696E-6 3.41999E-6 3.4925E-6 3.32658E-6
8.93895E-6 7.24472E-6 7.78897E-6 7.50039E-6 8.41322E-6 7.01217E-6 5.6201E-6 9.04313E-6 6.78132E-6 7.55176E-6 6.25509E-6 4.54333E-6 4.04555E-6 3.77038E-6 4.1035E-6 4.92431E-6 5.50931E-6 5.80536E-6 5.20664E-6 5.16151E-6 8.11649E-6 1.01916E-5 1.08909E-5 1.08931E-5 1.16088E-5 1.1806E-5 7.2804E-6 6.45031E-6 8.66897E-6 4.48569E-6 6.78922E-6 4.9075E-6 5.63549E-6 5.19791E-6 4.67503E-6 6.15144E-6 5.21627E-6 4.21149E-6 4.17374E-6 4.39391E-6 4.77951E-6 5.79858E-6 8.78878E-6 8.03979E-6 6.39212E-6 7.25841E-6 7.63271E-6 6.93993E-6 6.48578E-6 5.47192E-6 5.00674E-6 4.18222E-6 4.37227E-6 4.81026E-6 5.22825E-6 4.13658E-6 4.76824E-6 3.30457E-6 3.1785E-6 3.25812E-6 3.55518E-6
1.19857E-5 1.1308E-5 6.00435E-6 7.36078E-6 7.76808E-6 6.14615E-6 5.27617E-6 6.16409E-6 6.82834E-6 6.02068E-6 5.81075E-6 5.24998E-6 4.52474E-6 3.68666E-6 4.02119E-6 5.15226E-6 6.6384E-6 5.45726E-6 5.88416E-6 5.55653E-6 5.78004E-6 7.70663E-6 6.44439E-6 5.48227E-6 9.7334E-6 9.96829E-6 4.55039E-6 4.00783E-6 7.08025E-6 7.09317E-6 5.80847E-6 5.23553E-6 5.19516E-6 3.69375E-6 6.05232E-6 8.25267E-6 5.5924E-6 4.72348E-6 6.37185E-6 5.35714E-6 4.4755E-6 9.01979E-6 1.04936E-5 8.0356E-6 7.9926E-6 7.3406E-6 9.35105E-6 6.70827E-6 6.90624E-6 7.36157E-6 6.14399E-6 7.22355E-6 5.90852E-6 5.80383E-6 5.72445E-6 5.15927E-6 4.25893E-6 3.26376E-6 3.30779E-6 3.46659E-6 3.64057E-6
1.18967E-5 1.50409E-5 8.1141E-6 7.68502E-6 7.73264E-6 6.08675E-6 5.17772E-6 4.91596E-6 5.47444E-6 6.25054E-6 5.73047E-6 5.59162E-6 3.89273E-6 3.68568E-6 4.19116E-6 6.71962E-6 6.54348E-6 5.02102E-6 5.69525E-6 5.94116E-6 6.61321E-6 5.7292E-6 5.96925E-6 1.04757E-5 8.85918E-6 7.25004E-6 4.55864E-6 6.74023E-6 5.37211E-6 5.25092E-6 6.13525E-6 6.17473E-6 5.22883E-6 3.26191E-6 4.07687E-6 1.10491E-5 7.24099E-6 5.39331E-6 9.35077E-6 4.73195E-6 4.49551E-6 6.97088E-6 1.01085E-5 8.35363E-6 1.20192E-5 8.60169E-6 6.45135E-6 1.20503E-5 7.16843E-6 1.23278E-5 1.17393E-5 9.24828E-6 5.93872E-6 5.29016E-6 1.26318E-5 8.00326E-6 6.50994E-6 4.0786E-6 3.54992E-6 3.3436E-6 3.95269E-6
9.48257E-6 8.09313E-6 1.02964E-5 7.38959E-6 6.02854E-6 -9999 5.80426E-6 7.53089E-6 3.29801E-6 7.01097E-6 7.30883E-6 5.92989E-6 3.79884E-6 3.8877E-6 4.50929E-6 5.19494E-6 6.59442E-6 5.4039E-6 5.76549E-6 5.6461E-6 5.2244E-6 5.31932E-6 5.53453E-6 -9999 1.05314E-5 7.08402E-6 7.90477E-6 6.25313E-6 4.27556E-6 4.89419E-6 8.10858E-6 8.20942E-6 4.896E-6 4.66623E-6 4.01549E-6 5.19507E-6 6.64171E-6 5.84877E-6 6.72429E-6 5.20899E-6 6.07139E-6 5.30674E-6 5.87808E-6 1.15398E-5 1.05407E-5 1.32813E-5 8.36713E-6 1.08915E-5 9.73402E-6 8.97091E-6 6.94321E-6 1.25579E-5 9.70812E-6 1.11002E-5 1.11567E-5 9.32695E-6 1.53541E-5 4.75521E-6 3.41917E-6 3.40899E-6 3.74787E-6
8.70002E-6 8.6333E-6 5.65493E-6 9.93166E-6 8.13978E-6 6.02512E-6 5.93652E-6 6.50111E-6 6.27914E-6 5.53615E-6 5.8963E-6 5.75731E-6 3.83216E-6 4.02365E-6 4.61494E-6 5.58376E-6 6.4251E-6 5.6709E-6 6.58165E-6 7.13363E-6 6.58368E-6 5.46223E-6 6.64274E-6 1.03039E-5 6.84638E-6 9.87586E-6 1.29876E-5 6.99676E-6 5.05035E-6 6.39844E-6 7.9313E-6 1.09938E-5 5.2653E-6 3.96419E-6 5.79369E-6 5.58771E-6 5.24465E-6 3.7366E-6 8.12858E-6 8.89237E-6 6.62274E-6 8.01316E-6 9.0978E-6 9.72963E-6 5.61122E-6 9.25092E-6 1.13798E-5 7.37746E-6 8.34669E-6 9.8264E-6 1.17331E-5 1.14455E-5 8.6547E-6 8.70506E-6 1.01455E-5 1.36859E-5 1.60943E-5 6.20965E-6 3.88379E-6 3.73474E-6 3.48712E-6
6.64582E-6 8.18882E-6 9.33983E-6 1.03539E-5 9.31802E-6 6.71496E-6 6.18588E-6 6.39659E-6 4.91186E-6 7.39585E-6 5.70331E-6 5.48824E-6 4.00253E-6 4.37418E-6 4.53326E-6 6.40414E-6 5.09575E-6 5.83704E-6 5.96979E-6 7.44893E-6 5.53737E-6 5.31833E-6 5.22661E-6 5.11433E-6 4.61167E-6 5.08354E-6 -9999 6.77088E-6 1.05057E-5 7.87859E-6 8.47116E-6 8.79973E-6 5.69099E-6 5.30971E-6 5.69897E-6 7.53327E-6 5.67379E-6 4.88447E-6 8.25605E-6 1.02371E-5 9.19489E-6 1.01789E-5 8.83031E-6 6.88425E-6 8.70564E-6 9.89715E-6 6.62297E-6 8.99681E-6 -9999 8.94357E-6 1.23033E-5 1.25461E-5 1.15537E-5 8.5793E-6 1.09006E-5 1.42168E-5 1.28341E-5 1.23571E-5 4.57332E-6 4.09956E-6 4.10842E-6
8.58614E-6 6.89841E-6 8.35296E-6 6.09986E-6 8.60391E-6 4.09484E-6 8.14715E-6 6.22526E-6 6.38841E-6 5.67916E-6 4.1511E-6 4.04943E-6 3.92782E-6 4.40875E-6 4.74949E-6 5.55059E-6 7.09185E-6 5.12095E-6 6.11723E-6 5.60155E-6 5.94246E-6 5.63919E-6 5.57417E-6 5.12355E-6 5.04725E-6 4.26083E-6 3.93843E-6 4.63959E-6 5.24291E-6 9.34558E-6 9.13484E-6 9.52538E-6 6.97046E-6 5.52729E-6 6.56529E-6 6.248E-6 5.95364E-6 5.43294E-6 4.48926E-6 6.52357E-6 1.04851E-5 6.79991E-6 7.87168E-6 8.28368E-6 1.00987E-5 9.75118E-6 5.7465E-6 9.69668E-6 1.01843E-5 8.73537E-6 1.05553E-5 1.46913E-5 1.43569E-5 1.56952E-5 1.40966E-5 1.47761E-5 1.35088E-5 1.40334E-5 1.06265E-5 4.7331E-6 4.58136E-6
6.38223E-6 7.96411E-6 7.67843E-6 7.64054E-6 6.07302E-6 1.63687E-6 6.92861E-6 8.66072E-6 8.34734E-6 5.74429E-6 4.06263E-6 4.16833E-6 4.71725E-6 4.88901E-6 4.85286E-6 5.57059E-6 7.063E-6 5.5353E-6 5.20065E-6 5.89276E-6 5.96102E-6 5.65709E-6 4.95906E-6 5.12091E-6 5.62662E-6 5.00558E-6 4.18955E-6 4.1393E-6 4.62113E-6 9.22741E-6 7.99762E-6 8.5517E-6 6.55709E-6 6.86209E-6 6.16948E-6 8.05727E-6 5.56932E-6 6.31858E-6 8.61698E-6 8.57197E-6 9.58774E-6 7.65831E-6 8.43104E-6 9.72478E-6 1.26622E-5 9.02001E-6 5.80045E-6 7.374E-6 1.09248E-5 1.32857E-5 9.49704E-6 1.39056E-5 1.41718E-5 1.51736E-5 1.79049E-5 2.06724E-5 1.79684E-5 1.73202E-5 1.35357E-5 1.28541E-5 5.02842E-6
