Candidate_Models_July82022/M_0.4_F_lqp_Set_1_all/Bison.asc
ncols         290
nrows         380
xllcorner     -2197417.7431653
yllcorner     -584827.01486885
cellsize      10000.0
NODATA_value  -9999
[rows 216 to 242 of 380, columns 122 to 182 of 290]
1.68771E-4 3.16057E-4 3.18148E-4 3.3893E-4 2.97351E-4 3.68559E-4 1.71531E-4 1.90074E-4 2.06508E-4 2.23287E-4 2.49439E-4 2.74612E-4 4.33615E-4 1.99277E-4 1.97977E-4 2.20449E-4 2.13584E-4 2.63141E-4 2.48757E-4 3.22516E-4 4.41997E-4 2.8668E-4 1.96541E-4 3.36604E-4 2.08323E-4 4.5834E-4 2.89274E-4 1.48336E-4 1.45564E-4 1.66399E-4 1.28289E-4 1.26733E-4 1.03315E-4 1.28714E-4 1.26174E-4 1.4657E-4 1.03215E-4 1.25646E-4 3.09474E-4 2.01877E-4 3.15798E-4 8.99017E-5 1.37077E-4 2.20141E-4 2.25835E-4 1.97504E-4 1.57479E-4 1.08146E-4 9.45395E-5 9.39139E-5 9.45623E-5 9.29888E-5 9.82791E-5 8.16058E-5 7.11298E-5 7.38541E-5 6.92739E-5 6.91403E-5 8.16493E-5 7.46732E-5 5.88474E-5
2.98619E-4 2.53932E-4 3.07993E-4 3.81237E-4 3.64335E-4 3.95103E-4 2.25405E-4 2.89724E-4 3.19936E-4 1.99976E-4 3.17472E-4 2.52899E-4 3.467E-4 3.63721E-4 1.97594E-4 2.14573E-4 2.08937E-4 2.55415E-4 1.94651E-4 2.21986E-4 2.55649E-4 2.91295E-4 3.14891E-4 4.43618E-4 4.25179E-4 2.86174E-4 4.06753E-4 4.30161E-4 3.78703E-4 1.88639E-4 1.29423E-4 1.11896E-4 1.08367E-4 1.14982E-4 1.23568E-4 2.88987E-4 1.40899E-4 1.55272E-4 2.00344E-4 2.68779E-4 2.38776E-4 2.06082E-4 1.57626E-4 2.05373E-4 2.18158E-4 1.62129E-4 8.74721E-5 1.00685E-4 1.00169E-4 1.01891E-4 8.75121E-5 8.98011E-5 8.69884E-5 8.05331E-5 8.02224E-5 7.24322E-5 7.84409E-5 7.31692E-5 7.21529E-5 6.63599E-5 6.19656E-5
3.58851E-4 3.34958E-4 2.7924E-4 3.66407E-4 2.57594E-4 2.93528E-4 3.28549E-4 3.47993E-4 1.69084E-4 3.57996E-4 2.48226E-4 3.10339E-4 4.74814E-4 3.69571E-4 2.13013E-4 2.30087E-4 2.21703E-4 1.85436E-4 1.82995E-4 2.04569E-4 2.3664E-4 4.3555E-4 4.0392E-4 4.98964E-4 4.21297E-4 2.82166E-4 3.14017E-4 3.56562E-4 4.02054E-4 3.74078E-4 1.47505E-4 1.14607E-4 1.09719E-4 1.16162E-4 1.09677E-4 1.60896E-4 1.25471E-4 3.20813E-4 1.30056E-4 1.28156E-4 3.26139E-4 1.45271E-4 2.72899E-4 2.30231E-4 2.57432E-4 1.32302E-4 8.44503E-5 9.52288E-5 9.12996E-5 1.13186E-4 9.67461E-5 1.14878E-4 9.96476E-5 8.20591E-5 8.11437E-5 7.27819E-5 8.41675E-5 7.33224E-5 7.86505E-5 7.36534E-5 6.87781E-5
3.17002E-4 3.75679E-4 3.48959E-4 3.07312E-4 2.25621E-4 2.40537E-4 3.22623E-4 2.857E-4 1.35658E-4 3.19206E-4 4.6461E-4 5.60139E-4 2.76306E-4 5.4574E-4 2.33395E-4 2.26422E-4 2.2252E-4 2.00049E-4 1.87254E-4 2.24657E-4 2.43826E-4 4.05448E-4 3.85832E-4 3.09485E-4 3.04419E-4 2.70181E-4 2.05417E-4 3.35373E-4 3.15367E-4 4.6667E-4 2.90087E-4 2.05693E-4 1.18999E-4 1.13613E-4 1.16242E-4 1.17907E-4 1.22556E-4 3.50263E-4 2.23103E-4 2.85647E-4 1.03524E-4 1.0641E-4 9.30566E-5 9.95765E-5 1.34315E-4 1.73808E-4 9.48402E-5 9.55553E-5 9.52303E-5 1.00759E-4 1.01016E-4 9.05864E-5 1.19946E-4 1.0101E-4 8.51837E-5 8.33599E-5 8.00778E-5 7.85648E-5 8.34477E-5 8.07964E-5 8.33919E-5
3.07331E-4 2.87546E-4 3.75344E-4 3.13517E-4 3.10489E-4 2.45846E-4 3.80091E-4 3.278E-4 4.28987E-4 4.01676E-4 5.08188E-4 3.83552E-4 3.83586E-4 5.42358E-4 4.58623E-4 3.1312E-4 2.19131E-4 2.17334E-4 1.95716E-4 2.26884E-4 2.63516E-4 4.37124E-4 2.17792E-4 1.99509E-4 2.32272E-4 2.06705E-4 2.68055E-4 1.92705E-4 2.10752E-4 2.80563E-4 2.00291E-4 4.08032E-4 3.50222E-4 1.89912E-4 2.64936E-4 2.24518E-4 1.19741E-4 1.60504E-4 2.26089E-4 1.13203E-4 1.1476E-4 1.09519E-4 9.946E-5 1.07411E-4 1.04571E-4 1.04723E-4 1.04565E-4 1.06031E-4 9.97428E-5 1.04063E-4 1.84273E-4 2.03198E-4 1.13605E-4 9.85216E-5 9.20088E-5 8.16783E-5 7.80244E-5 8.02385E-5 9.08965E-5 7.88053E-5 7.76749E-5
3.41666E-4 3.87594E-4 2.83988E-4 2.80755E-4 2.64182E-4 2.18669E-4 2.08813E-4 4.06324E-4 2.88053E-4 3.50457E-4 4.85951E-4 3.09312E-4 4.90082E-4 3.32061E-4 2.26698E-4 3.36659E-4 2.33416E-4 2.51758E-4 2.45576E-4 2.99477E-4 4.60374E-4 2.92718E-4 2.82787E-4 2.93289E-4 2.2442E-4 1.90611E-4 2.1007E-4 1.87296E-4 1.59366E-4 1.8535E-4 2.17141E-4 2.64127E-4 4.08651E-4 3.09886E-4 3.5399E-4 3.08533E-4 2.85535E-4 2.43813E-4 2.6207E-4 2.12373E-4 1.1748E-4 1.18526E-4 1.17738E-4 1.12347E-4 1.14961E-4 1.04809E-4 1.04586E-4 9.40883E-5 1.05918E-4 1.08051E-4 1.77389E-4 2.52496E-4 2.16601E-4 1.00736E-4 9.75974E-5 9.05404E-5 8.75368E-5 9.46309E-5 9.3617E-5 8.32607E-5 7.68182E-5
3.72804E-4 4.02193E-4 3.38811E-4 3.39018E-4 3.1136E-4 2.21079E-4 2.15114E-4 3.0224E-4 2.69408E-4 3.09713E-4 3.4379E-4 3.0681E-4 5.50466E-4 2.28438E-4 2.58029E-4 2.37464E-4 2.37932E-4 2.22573E-4 2.47349E-4 2.1884E-4 2.83689E-4 2.73387E-4 2.37727E-4 2.04505E-4 1.87353E-4 2.00369E-4 2.09785E-4 1.76133E-4 1.70872E-4 1.6267E-4 1.88051E-4 1.94687E-4 2.87668E-4 2.31053E-4 1.42207E-4 1.82527E-4 1.5504E-4 1.62714E-4 2.73325E-4 3.24258E-4 1.71987E-4 1.23089E-4 1.19544E-4 1.15515E-4 1.17037E-4 2.10511E-4 2.13737E-4 1.70494E-4 2.43572E-4 1.11398E-4 1.49088E-4 2.52976E-4 2.45889E-4 1.28012E-4 9.97361E-5 9.2801E-5 9.26294E-5 9.38449E-5 9.36793E-5 9.21954E-5 7.62236E-5
3.50452E-4 3.89831E-4 4.3359E-4 2.94218E-4 4.29479E-4 3.37072E-4 2.58859E-4 2.44194E-4 2.75523E-4 3.04838E-4 2.4497E-4 3.16995E-4 3.6423E-4 2.29348E-4 2.25358E-4 2.28921E-4 2.27882E-4 2.12415E-4 2.22212E-4 2.22567E-4 3.97953E-4 3.10036E-4 2.05777E-4 2.15804E-4 2.12843E-4 2.38617E-4 1.97498E-4 2.01324E-4 1.6332E-4 1.70897E-4 1.82231E-4 1.94662E-4 2.19775E-4 2.08628E-4 2.40614E-4 1.69914E-4 2.09562E-4 1.62303E-4 2.58322E-4 2.81509E-4 2.5436E-4 3.04875E-4 1.26286E-4 1.19549E-4 1.23404E-4 2.79705E-4 2.93749E-4 1.66958E-4 2.83387E-4 1.24701E-4 1.37619E-4 2.38973E-4 3.02819E-4 2.56E-4 1.11934E-4 1.08446E-4 1.00369E-4 1.00789E-4 1.01852E-4 1.00969E-4 1.3782E-4
3.78283E-4 1.93937E-4 1.89748E-4 3.54291E-4 3.81439E-4 3.26421E-4 2.82789E-4 2.82808E-4 2.92168E-4 2.76678E-4 3.1889E-4 2.41846E-4 2.88407E-4 2.47466E-4 2.64797E-4 2.34627E-4 2.23605E-4 2.14043E-4 2.05914E-4 2.55693E-4 2.36761E-4 2.80969E-4 2.32076E-4 2.30442E-4 2.67603E-4 2.35223E-4 1.98905E-4 2.41296E-4 2.04366E-4 1.92755E-4 1.83561E-4 1.66136E-4 1.78146E-4 1.98007E-4 2.47305E-4 1.81155E-4 1.75553E-4 1.42862E-4 1.43712E-4 2.28178E-4 2.03356E-4 1.8187E-4 2.54963E-4 1.31637E-4 1.36016E-4 1.28091E-4 2.5699E-4 1.20397E-4 3.09866E-4 1.26728E-4 1.72045E-4 1.71964E-4 2.26031E-4 2.56234E-4 2.63189E-4 2.53076E-4 2.03853E-4 1.30842E-4 1.03252E-4 1.61925E-4 1.83478E-4
2.81143E-4 4.38008E-4 3.61332E-4 4.8703E-4 3.02281E-4 2.69234E-4 3.20652E-4 2.5078E-4 2.62369E-4 2.52424E-4 3.51242E-4 3.36866E-4 2.59634E-4 2.27167E-4 2.41153E-4 2.40723E-4 2.30181E-4 2.21057E-4 2.35578E-4 2.6234E-4 2.45337E-4 2.64394E-4 3.3165E-4 2.20886E-4 3.12169E-4 2.07769E-4 2.24549E-4 2.33193E-4 2.181E-4 1.98558E-4 2.33364E-4 2.19556E-4 1.9574E-4 2.22478E-4 1.74962E-4 1.64609E-4 2.26621E-4 1.48702E-4 1.23272E-4 1.15202E-4 1.14966E-4 1.13354E-4 1.887E-4 2.70639E-4 2.52217E-4 2.72022E-4 2.78282E-4 2.62107E-4 3.02322E-4 1.41667E-4 3.17736E-4 2.41803E-4 1.46554E-4 1.42232E-4 1.56457E-4 1.71174E-4 2.07068E-4 2.61113E-4 2.67649E-4 2.22491E-4 8.10048E-5
4.43032E-4 3.29855E-4 4.84952E-4 4.63757E-4 3.40878E-4 2.8007E-4 2.96616E-4 2.46575E-4 2.23509E-4 2.93795E-4 2.35634E-4 3.01451E-4 2.18989E-4 2.18357E-4 2.30006E-4 2.33283E-4 2.29891E-4 2.11187E-4 2.21012E-4 2.53218E-4 2.59894E-4 2.97254E-4 2.59688E-4 2.1748E-4 2.34375E-4 2.41199E-4 1.77257E-4 2.45818E-4 2.3456E-4 2.15089E-4 1.79107E-4 1.85305E-4 1.8218E-4 1.71163E-4 2.00585E-4 1.72275E-4 1.68163E-4 2.57398E-4 1.40716E-4 1.32026E-4 1.35457E-4 1.48263E-4 2.06864E-4 1.38058E-4 1.44628E-4 2.72501E-4 2.55847E-4 1.69526E-4 2.2124E-4 3.04534E-4 3.17492E-4 3.29848E-4 2.70257E-4 1.17696E-4 1.2593E-4 1.61103E-4 1.28789E-4 1.24952E-4 2.02224E-4 1.13146E-4 6.89655E-5
4.71864E-4 3.60904E-4 4.99736E-4 3.51399E-4 3.0575E-4 3.14004E-4 2.68977E-4 4.24411E-4 2.61383E-4 3.05071E-4 2.70014E-4 2.87526E-4 3.08423E-4 2.43967E-4 2.30735E-4 2.41934E-4 2.77544E-4 2.10395E-4 2.3196E-4 3.01017E-4 3.05273E-4 2.76839E-4 2.29439E-4 2.10132E-4 2.40119E-4 2.6086E-4 2.60279E-4 1.97832E-4 2.15808E-4 2.1497E-4 1.80144E-4 1.90047E-4 1.70082E-4 1.8012E-4 1.71297E-4 1.57731E-4 3.0967E-4 3.45471E-4 1.41507E-4 1.47869E-4 1.38337E-4 1.31462E-4 2.28769E-4 2.39343E-4 1.15774E-4 2.9942E-4 3.74892E-4 2.3568E-4 3.88139E-4 3.74203E-4 2.63802E-4 3.50173E-4 2.36754E-4 2.69488E-4 3.85643E-4 1.58933E-4 1.71974E-4 3.2185E-4 2.99105E-4 1.33581E-4 7.49286E-5
3.96783E-4 3.5413E-4 5.06906E-4 4.52268E-4 3.0919E-4 3.54535E-4 3.52375E-4 3.55188E-4 3.47481E-4 4.19371E-4 2.78025E-4 3.0986E-4 2.7684E-4 2.19464E-4 2.38553E-4 2.312E-4 3.08354E-4 2.15722E-4 1.98091E-4 2.35819E-4 2.29296E-4 2.48719E-4 2.42488E-4 2.56608E-4 2.85246E-4 3.04875E-4 2.46792E-4 1.81826E-4 2.27793E-4 1.98672E-4 1.81974E-4 2.14141E-4 1.98949E-4 2.09217E-4 1.86589E-4 1.97935E-4 3.75358E-4 2.35841E-4 2.37012E-4 1.88618E-4 1.58876E-4 3.23057E-4 3.7911E-4 2.68088E-4 1.53777E-4 1.26179E-4 2.67228E-4 3.56332E-4 2.04169E-4 2.87809E-4 3.3454E-4 3.56058E-4 1.65862E-4 1.57253E-4 1.96518E-4 1.91866E-4 3.25777E-4 2.95152E-4 3.75773E-4 2.87015E-4 2.75298E-4
3.68519E-4 4.49412E-4 4.05648E-4 5.24408E-4 3.78184E-4 5.16094E-4 3.7072E-4 3.41946E-4 3.4483E-4 2.80343E-4 3.51033E-4 2.76948E-4 2.4278E-4 2.88011E-4 2.66654E-4 2.41574E-4 2.24727E-4 2.23601E-4 2.44515E-4 2.20161E-4 1.95881E-4 2.50217E-4 2.88243E-4 5.56877E-4 3.86559E-4 2.72161E-4 2.87314E-4 2.78726E-4 2.25762E-4 2.18832E-4 2.22907E-4 2.07477E-4 2.09617E-4 2.59244E-4 2.12565E-4 4.18013E-4 4.29893E-4 2.0055E-4 2.53134E-4 2.85084E-4 1.70794E-4 3.64077E-4 1.93435E-4 1.42187E-4 1.53099E-4 1.65241E-4 1.87484E-4 4.10113E-4 3.88079E-4 1.67887E-4 4.10852E-4 2.82989E-4 1.81054E-4 1.87038E-4 1.75995E-4 2.73386E-4 4.24923E-4 3.49914E-4 2.1839E-4 2.3773E-4 6.91302E-5
3.15676E-4 4.3179E-4 2.76829E-4 4.86045E-4 4.14363E-4 3.61418E-4 2.95391E-4 3.4827E-4 4.08796E-4 3.58642E-4 4.20642E-4 4.859E-4 2.91295E-4 2.7049E-4 2.65499E-4 2.55185E-4 2.47661E-4 2.44817E-4 2.22225E-4 2.35026E-4 2.18925E-4 2.44381E-4 4.18094E-4 2.66897E-4 3.39282E-4 3.82915E-4 3.92169E-4 3.32433E-4 2.11904E-4 2.60727E-4 2.21922E-4 2.1655E-4 2.08288E-4 2.88954E-4 2.07233E-4 2.46817E-4 2.23807E-4 2.80585E-4 4.48339E-4 3.13273E-4 2.23512E-4 1.37993E-4 2.19906E-4 2.54373E-4 1.2084E-4 1.16176E-4 2.07031E-4 3.96357E-4 3.7337E-4 3.90109E-4 4.34946E-4 2.7294E-4 1.37212E-4 2.78647E-4 1.98204E-4 3.73547E-4 2.4472E-4 2.12709E-4 1.5103E-4 9.60576E-5 1.24856E-4
2.85652E-4 4.8103E-4 4.14791E-4 4.15766E-4 4.52749E-4 3.37233E-4 2.96492E-4 3.78427E-4 3.23924E-4 5.04795E-4 3.95565E-4 5.47099E-4 2.89316E-4 3.33523E-4 4.80818E-4 2.88961E-4 2.49331E-4 2.22586E-4 1.95125E-4 2.54084E-4 2.30076E-4 2.81425E-4 3.33471E-4 4.67986E-4 5.45052E-4 5.85162E-4 5.00211E-4 5.66431E-4 2.44894E-4 2.23349E-4 2.36879E-4 4.54767E-4 5.04717E-4 3.57891E-4 2.4771E-4 1.91815E-4 1.84675E-4 3.15774E-4 3.14226E-4 3.03846E-4 1.93612E-4 2.54913E-4 1.54339E-4 1.5239E-4 1.93296E-4 1.36365E-4 1.8741E-4 2.66813E-4 3.75188E-4 4.01138E-4 3.09958E-4 2.52842E-4 1.35649E-4 3.0729E-4 2.8506E-4 4.57253E-4 2.92471E-4 4.16672E-4 1.90804E-4 1.44598E-4 1.10712E-4
2.87953E-4 3.21705E-4 4.50149E-4 5.32741E-4 5.14391E-4 3.14781E-4 3.02777E-4 3.35311E-4 3.29999E-4 3.47564E-4 2.63013E-4 2.79823E-4 2.78113E-4 2.74691E-4 3.16422E-4 3.35325E-4 2.41457E-4 2.05246E-4 2.26452E-4 2.39909E-4 2.50172E-4 2.50332E-4 2.34602E-4 2.66208E-4 2.80115E-4 5.64621E-4 2.45097E-4 2.43084E-4 2.08605E-4 2.56357E-4 4.85399E-4 3.24104E-4 3.51828E-4 2.10832E-4 2.25183E-4 2.03457E-4 1.97245E-4 1.93228E-4 2.96448E-4 4.30028E-4 1.90016E-4 3.51882E-4 1.72907E-4 1.42203E-4 1.73794E-4 1.46424E-4 1.41409E-4 1.45313E-4 2.13079E-4 3.6741E-4 2.01915E-4 2.16822E-4 1.34042E-4 2.2272E-4 2.42871E-4 3.88048E-4 3.82863E-4 3.40911E-4 1.68992E-4 1.17199E-4 1.01356E-4
3.1292E-4 3.14247E-4 3.24177E-4 4.02821E-4 3.2557E-4 3.81518E-4 3.53716E-4 3.69046E-4 3.8616E-4 3.40323E-4 3.01892E-4 2.83923E-4 2.58142E-4 2.68649E-4 2.80051E-4 2.92843E-4 2.10787E-4 1.89673E-4 2.17007E-4 2.63476E-4 2.98514E-4 4.42937E-4 2.35591E-4 2.49316E-4 2.85191E-4 6.07434E-4 2.60768E-4 1.95916E-4 2.05914E-4 3.33331E-4 3.2476E-4 2.18971E-4 2.9859E-4 2.98736E-4 2.70115E-4 2.1236E-4 1.96946E-4 1.90814E-4 1.80128E-4 2.16305E-4 1.86712E-4 2.19455E-4 2.24108E-4 1.55565E-4 1.81539E-4 1.9747E-4 1.48428E-4 1.37197E-4 1.94691E-4 2.60877E-4 2.07916E-4 1.42589E-4 1.92839E-4 1.39601E-4 1.67331E-4 2.84619E-4 2.27549E-4 1.72262E-4 1.1975E-4 1.25607E-4 1.58276E-4
4.64686E-4 3.48745E-4 3.39665E-4 3.50694E-4 3.34314E-4 5.27517E-4 4.15227E-4 3.83982E-4 4.6876E-4 4.63735E-4 4.48798E-4 3.43702E-4 4.41898E-4 3.01864E-4 3.07196E-4 3.18673E-4 2.69874E-4 2.28795E-4 2.15792E-4 2.2368E-4 2.30454E-4 2.4874E-4 2.48848E-4 2.80307E-4 3.94702E-4 4.66355E-4 2.60714E-4 2.50597E-4 2.48275E-4 2.31109E-4 2.44939E-4 2.00159E-4 2.10648E-4 2.5061E-4 2.3091E-4 2.49013E-4 2.09973E-4 1.97681E-4 2.13831E-4 1.88918E-4 2.0985E-4 2.16826E-4 3.25784E-4 2.39843E-4 1.71619E-4 1.54819E-4 1.53765E-4 1.55251E-4 1.92891E-4 3.09736E-4 1.59937E-4 1.92847E-4 1.47478E-4 1.33891E-4 1.64881E-4 1.90828E-4 2.69082E-4 1.63485E-4 1.54115E-4 1.36287E-4 1.50327E-4
5.48903E-4 3.35427E-4 3.69252E-4 3.35951E-4 3.12854E-4 4.07471E-4 4.01674E-4 5.29182E-4 4.31168E-4 4.53119E-4 4.32725E-4 3.94536E-4 4.0077E-4 4.70951E-4 3.00161E-4 3.51053E-4 3.26127E-4 2.70193E-4 2.46897E-4 3.59864E-4 2.3012E-4 2.41199E-4 2.24496E-4 2.31533E-4 3.11319E-4 5.56511E-4 2.5966E-4 2.48972E-4 2.3852E-4 2.08034E-4 2.24608E-4 2.18699E-4 2.49253E-4 2.98511E-4 2.51251E-4 3.59678E-4 2.36563E-4 2.33231E-4 2.24897E-4 2.07447E-4 1.92447E-4 3.00278E-4 6.72934E-4 3.82703E-4 2.13018E-4 1.67566E-4 1.50226E-4 1.6226E-4 1.51566E-4 1.56122E-4 1.5707E-4 1.61309E-4 1.32589E-4 1.3843E-4 1.52752E-4 1.92811E-4 1.87028E-4 2.26929E-4 1.93129E-4 1.73856E-4 1.42387E-4
3.64631E-4 3.8375E-4 3.50893E-4 3.37462E-4 3.31171E-4 3.05991E-4 3.02198E-4 3.91476E-4 4.54704E-4 3.29661E-4 4.49767E-4 4.07943E-4 6.10196E-4 3.87406E-4 2.93076E-4 5.4128E-4 3.66158E-4 2.94029E-4 2.77966E-4 2.66538E-4 2.37258E-4 2.70984E-4 3.79072E-4 3.90928E-4 4.57476E-4 5.75246E-4 4.30156E-4 2.48079E-4 2.45659E-4 2.08381E-4 2.48102E-4 2.26885E-4 2.5658E-4 2.53929E-4 2.94391E-4 4.79759E-4 2.3815E-4 2.30414E-4 3.30668E-4 2.40364E-4 2.34455E-4 1.95506E-4 3.18662E-4 3.56848E-4 2.61853E-4 2.40331E-4 2.21222E-4 2.05567E-4 1.50088E-4 1.4632E-4 1.74804E-4 1.35948E-4 1.39791E-4 1.39414E-4 1.575E-4 1.59784E-4 1.50237E-4 1.77948E-4 1.52569E-4 1.44844E-4 1.67184E-4
4.28796E-4 3.57363E-4 3.37506E-4 3.18515E-4 3.42676E-4 3.10917E-4 2.96709E-4 3.01876E-4 2.15269E-4 3.33619E-4 4.84506E-4 3.84933E-4 3.80496E-4 3.16017E-4 3.12981E-4 5.68335E-4 5.08162E-4 2.97711E-4 2.9207E-4 3.01604E-4 2.96134E-4 2.6648E-4 2.84718E-4 2.84562E-4 2.93935E-4 4.17039E-4 5.44939E-4 2.87768E-4 2.40551E-4 2.88515E-4 2.86031E-4 2.83165E-4 2.49728E-4 2.96514E-4 3.39286E-4 2.81801E-4 2.44074E-4 2.4119E-4 2.31122E-4 2.73389E-4 2.17231E-4 2.37391E-4 1.91907E-4 2.2346E-4 6.58294E-4 2.80752E-4 2.1566E-4 2.76682E-4 2.204E-4 1.96391E-4 1.83747E-4 1.36785E-4 1.61662E-4 1.42656E-4 1.5482E-4 1.40475E-4 1.91186E-4 1.71286E-4 1.45972E-4 1.65446E-4 1.41511E-4
4.01442E-4 3.50856E-4 3.54295E-4 3.48759E-4 3.57812E-4 3.06914E-4 3.2115E-4 2.70695E-4 1.98462E-4 4.11137E-4 3.51183E-4 3.25316E-4 3.60495E-4 4.0382E-4 3.03892E-4 6.27323E-4 3.01675E-4 2.98324E-4 3.53492E-4 3.15127E-4 4.6457E-4 2.90215E-4 2.63582E-4 2.54951E-4 2.50723E-4 2.34738E-4 4.12391E-4 2.90368E-4 3.53712E-4 2.87916E-4 3.20125E-4 2.73812E-4 3.10562E-4 2.78842E-4 3.08956E-4 3.09256E-4 2.36976E-4 2.83903E-4 2.39914E-4 2.63283E-4 2.13808E-4 2.73132E-4 2.19425E-4 2.05511E-4 4.41819E-4 1.77496E-4 1.91237E-4 1.76646E-4 3.4287E-4 1.59633E-4 1.62853E-4 1.62755E-4 1.84826E-4 1.66811E-4 1.46761E-4 1.44793E-4 3.15831E-4 1.66304E-4 2.55759E-4 1.42029E-4 1.08951E-4
4.07134E-4 3.61587E-4 3.52927E-4 3.39095E-4 3.48905E-4 3.3833E-4 3.60869E-4 2.89516E-4 2.39489E-4 3.25877E-4 3.49033E-4 3.29972E-4 3.26383E-4 3.60511E-4 3.81824E-4 3.22531E-4 2.94586E-4 2.945E-4 3.1012E-4 4.17394E-4 3.91284E-4 3.06678E-4 2.63428E-4 2.64677E-4 2.42504E-4 2.46454E-4 3.29119E-4 3.78405E-4 3.16757E-4 3.74799E-4 3.39426E-4 3.64447E-4 3.19828E-4 2.65111E-4 3.2869E-4 2.69061E-4 2.74679E-4 3.06508E-4 2.64542E-4 2.48814E-4 4.00863E-4 3.48061E-4 2.28189E-4 2.09081E-4 1.8198E-4 2.63339E-4 1.91398E-4 2.60838E-4 5.08888E-4 4.09437E-4 2.49628E-4 1.58912E-4 2.21489E-4 1.58305E-4 1.63915E-4 1.54186E-4 1.52874E-4 1.54096E-4 2.22803E-4 1.71584E-4 1.58022E-4
4.11579E-4 3.53159E-4 3.62582E-4 3.17611E-4 2.763E-4 3.26974E-4 2.97843E-4 3.04777E-4 2.93701E-4 3.24367E-4 3.27646E-4 3.32681E-4 3.37705E-4 2.93047E-4 5.04056E-4 4.15156E-4 3.09775E-4 2.96322E-4 3.14443E-4 3.25039E-4 2.99921E-4 3.19085E-4 3.05752E-4 2.67582E-4 2.86743E-4 2.78221E-4 3.78701E-4 3.18718E-4 3.13533E-4 6.47207E-4 3.63538E-4 3.19034E-4 3.10998E-4 3.59165E-4 3.02667E-4 3.06495E-4 2.85444E-4 3.04169E-4 2.41167E-4 2.8479E-4 2.74335E-4 3.16532E-4 2.6788E-4 2.43522E-4 1.99872E-4 2.6213E-4 2.13555E-4 2.07554E-4 2.69369E-4 2.74078E-4 2.0758E-4 4.96072E-4 5.10538E-4 1.79776E-4 2.25807E-4 1.55806E-4 1.52747E-4 1.81126E-4 1.55787E-4 1.42698E-4 1.16724E-4
4.2212E-4 3.64685E-4 3.41264E-4 3.16809E-4 2.8774E-4 2.64464E-4 3.02446E-4 3.10842E-4 2.51623E-4 3.29665E-4 3.29259E-4 3.31269E-4 3.8048E-4 3.27007E-4 3.14219E-4 3.19828E-4 2.92422E-4 3.81906E-4 3.28953E-4 4.27913E-4 3.21604E-4 2.88976E-4 3.05289E-4 3.94357E-4 3.33786E-4 3.00454E-4 4.6736E-4 2.93713E-4 3.0415E-4 3.2152E-4 3.01934E-4 3.15517E-4 2.99293E-4 3.14192E-4 3.28874E-4 3.39566E-4 2.66512E-4 2.57723E-4 2.4299E-4 2.41955E-4 2.40973E-4 7.94068E-4 3.75542E-4 2.33422E-4 2.23639E-4 2.00409E-4 1.83774E-4 1.81384E-4 2.52034E-4 1.97093E-4 2.04502E-4 2.15318E-4 2.03845E-4 1.8087E-4 2.26964E-4 1.58051E-4 1.45026E-4 1.58799E-4 1.89568E-4 1.31074E-4 1.26707E-4
4.60916E-4 3.9101E-4 3.40878E-4 3.11865E-4 3.08065E-4 3.33824E-4 3.10554E-4 3.27573E-4 3.11966E-4 3.28118E-4 3.1102E-4 3.56136E-4 4.65135E-4 4.02669E-4 3.33996E-4 2.83286E-4 3.02292E-4 3.07703E-4 3.5237E-4 3.41683E-4 3.27027E-4 3.1591E-4 3.1228E-4 3.2117E-4 3.41424E-4 3.24107E-4 2.80693E-4 3.08148E-4 3.2609E-4 2.88256E-4 3.10013E-4 2.97762E-4 3.00619E-4 3.20954E-4 3.26558E-4 3.32219E-4 2.80637E-4 2.63957E-4 3.52149E-4 2.49647E-4 2.59154E-4 2.46306E-4 2.3811E-4 2.44164E-4 2.33338E-4 2.25975E-4 1.95612E-4 1.88538E-4 1.99947E-4 2.368E-4 3.09393E-4 3.24164E-4 2.26454E-4 1.91057E-4 1.66877E-4 2.22181E-4 1.72357E-4 1.48819E-4 1.43532E-4 1.77684E-4 1.34916E-4
