Candidate_Models_July82022/M_0.4_F_lqp_Set_1_all/Bison.asc
ncols         290
nrows         380
xllcorner     -2197417.7431653
yllcorner     -584827.01486885
cellsize      10000.0
NODATA_value  -9999
[rows 297 to 323 of 380, columns 183 to 243 of 290]
2.60054E-4 3.34402E-4 1.88629E-4 1.82953E-4 1.96519E-4 1.89181E-4 1.88481E-4 1.87856E-4 1.87638E-4 2.03079E-4 1.94324E-4 2.15647E-4 2.1053E-4 2.00646E-4 1.74188E-4 1.58921E-4 1.71569E-4 1.68627E-4 1.52503E-4 1.6366E-4 1.71039E-4 1.48301E-4 1.53059E-4 1.65422E-4 1.54858E-4 1.68875E-4 1.61223E-4 1.61953E-4 1.65179E-4 1.96993E-4 1.74252E-4 1.71149E-4 1.64398E-4 1.78028E-4 1.50027E-4 2.68965E-4 2.36882E-4 1.85725E-4 1.91263E-4 2.29692E-4 1.67036E-4 2.08934E-4 2.06455E-4 1.41168E-4 1.15332E-4 1.35499E-4 1.27283E-4 1.18485E-4 1.13886E-4 1.40123E-4 1.11184E-4 1.24847E-4 1.13946E-4 9.69486E-5 9.07948E-5 9.35452E-5 9.20743E-5 8.66062E-5 8.41497E-5 7.57805E-5 8.05126E-5
2.95916E-4 2.85039E-4 2.05159E-4 1.88037E-4 1.97831E-4 2.02492E-4 1.95607E-4 1.99637E-4 1.9296E-4 1.95245E-4 1.791E-4 1.90747E-4 1.94425E-4 1.87125E-4 1.9102E-4 1.86748E-4 1.69404E-4 1.5807E-4 1.55258E-4 1.69359E-4 1.82931E-4 1.73295E-4 1.62539E-4 1.64241E-4 1.59108E-4 1.72339E-4 1.67885E-4 1.96778E-4 1.82833E-4 2.51809E-4 1.66399E-4 1.80984E-4 1.71245E-4 1.53037E-4 1.58506E-4 2.94645E-4 1.6759E-4 1.71611E-4 3.46398E-4 3.04136E-4 2.47845E-4 2.08728E-4 1.92306E-4 2.16844E-4 1.23147E-4 1.19319E-4 1.32232E-4 1.71271E-4 1.13302E-4 1.16466E-4 1.10011E-4 1.41924E-4 1.11971E-4 9.39749E-5 9.34602E-5 9.46886E-5 9.28174E-5 8.71341E-5 8.51802E-5 8.17851E-5 7.98466E-5
2.23269E-4 2.28415E-4 1.93336E-4 1.94168E-4 1.98314E-4 2.06574E-4 1.90675E-4 1.90008E-4 1.9984E-4 1.5892E-4 1.79335E-4 1.96557E-4 1.93751E-4 1.86453E-4 1.84516E-4 1.79257E-4 1.7299E-4 1.55251E-4 1.56925E-4 1.63865E-4 1.76661E-4 2.01056E-4 1.82089E-4 1.77333E-4 1.6645E-4 1.63307E-4 1.66896E-4 1.77517E-4 1.67699E-4 2.14176E-4 1.81142E-4 1.7883E-4 1.75038E-4 1.72931E-4 1.48554E-4 1.61424E-4 1.45991E-4 1.43601E-4 3.79241E-4 2.39594E-4 2.72122E-4 2.07853E-4 2.12718E-4 1.77324E-4 1.24383E-4 1.37353E-4 1.69204E-4 1.20298E-4 1.17657E-4 1.53013E-4 1.23243E-4 1.14824E-4 1.57071E-4 1.01499E-4 9.82193E-5 9.58085E-5 9.06184E-5 8.65088E-5 8.50499E-5 8.18077E-5 1.09925E-4
1.74376E-4 4.00067E-4 2.12147E-4 1.72836E-4 1.85739E-4 1.90627E-4 1.99785E-4 1.93328E-4 1.93177E-4 1.59584E-4 1.75256E-4 2.03588E-4 1.73344E-4 1.76765E-4 2.03439E-4 2.31773E-4 1.6923E-4 1.67297E-4 1.66967E-4 1.74876E-4 1.81561E-4 1.77365E-4 1.70342E-4 1.69085E-4 1.69782E-4 1.58671E-4 1.72143E-4 1.73262E-4 1.79105E-4 2.10576E-4 1.74804E-4 1.76088E-4 1.59608E-4 1.57628E-4 1.67046E-4 1.92954E-4 1.62941E-4 1.45217E-4 2.88964E-4 1.90415E-4 1.83205E-4 2.54458E-4 1.80411E-4 1.93864E-4 1.31672E-4 1.24821E-4 1.90128E-4 1.29265E-4 1.23324E-4 1.36673E-4 1.66959E-4 1.46774E-4 1.16791E-4 1.0687E-4 1.00065E-4 9.67701E-5 9.41551E-5 9.27196E-5 8.5952E-5 8.31379E-5 2.99603E-4
1.59379E-4 2.80052E-4 3.28367E-4 1.76449E-4 1.84344E-4 1.83444E-4 1.9063E-4 1.9393E-4 2.08266E-4 1.90338E-4 1.88049E-4 2.02566E-4 1.90949E-4 2.18464E-4 1.80782E-4 1.77195E-4 1.81529E-4 1.78029E-4 1.69181E-4 1.85756E-4 1.91363E-4 1.92022E-4 1.70357E-4 1.68284E-4 1.73736E-4 1.58542E-4 1.71409E-4 1.79095E-4 1.58658E-4 1.90483E-4 5.30246E-4 1.64024E-4 1.61402E-4 1.74289E-4 1.56652E-4 1.61764E-4 1.63217E-4 2.01667E-4 2.93793E-4 1.68659E-4 1.74677E-4 2.32614E-4 2.10882E-4 2.12082E-4 1.3697E-4 1.27659E-4 1.2608E-4 1.13423E-4 1.18979E-4 1.31531E-4 1.21616E-4 1.20109E-4 1.24424E-4 1.14978E-4 1.0486E-4 1.32441E-4 9.5262E-5 9.34412E-5 8.98104E-5 8.68682E-5 1.00195E-4
1.62883E-4 1.57399E-4 1.66659E-4 1.88795E-4 1.79633E-4 1.88212E-4 1.90538E-4 1.95711E-4 1.77724E-4 1.82851E-4 1.9257E-4 2.02017E-4 1.89279E-4 1.92422E-4 1.87045E-4 1.7819E-4 1.8627E-4 1.74041E-4 1.65971E-4 1.7E-4 1.88825E-4 1.85163E-4 1.75884E-4 1.82043E-4 1.71396E-4 1.63329E-4 1.80764E-4 1.26045E-4 1.85969E-4 1.88653E-4 3.5269E-4 1.70269E-4 1.60165E-4 1.57242E-4 1.88353E-4 3.27205E-4 4.13891E-4 1.84004E-4 1.45186E-4 1.81377E-4 2.48057E-4 1.73809E-4 2.06951E-4 1.66947E-4 1.35399E-4 1.24307E-4 1.29755E-4 1.16681E-4 1.19268E-4 1.30658E-4 1.23233E-4 1.2011E-4 1.24223E-4 1.18428E-4 1.09134E-4 1.16944E-4 9.74963E-5 9.15032E-5 8.9119E-5 8.67811E-5 8.326E-5
1.63429E-4 1.58419E-4 1.73017E-4 1.6843E-4 1.81612E-4 1.94275E-4 1.91133E-4 1.88108E-4 1.88393E-4 2.80774E-4 2.1244E-4 1.99755E-4 1.94535E-4 1.86391E-4 1.94987E-4 1.92678E-4 1.88827E-4 1.84731E-4 1.97442E-4 1.81747E-4 1.83814E-4 2.03919E-4 2.90656E-4 1.77647E-4 1.87747E-4 1.68491E-4 1.6189E-4 1.61877E-4 1.67656E-4 1.58876E-4 1.94694E-4 2.53398E-4 1.83502E-4 1.79795E-4 2.21199E-4 2.16019E-4 1.56605E-4 1.72411E-4 1.66587E-4 2.38081E-4 3.01106E-4 2.03309E-4 1.82966E-4 2.45145E-4 1.73546E-4 1.36988E-4 1.28154E-4 1.16481E-4 1.26078E-4 1.2187E-4 1.25465E-4 1.24919E-4 1.32001E-4 1.19687E-4 1.12443E-4 1.04541E-4 1.0698E-4 9.94603E-5 1.00822E-4 9.25888E-5 8.41886E-5
1.54279E-4 1.62814E-4 1.68908E-4 1.85079E-4 1.94908E-4 1.79666E-4 1.88247E-4 1.92501E-4 1.94165E-4 1.9134E-4 2.0108E-4 2.10398E-4 1.97777E-4 1.6551E-4 1.81756E-4 1.84293E-4 1.8693E-4 1.89071E-4 1.91654E-4 1.9606E-4 1.85939E-4 1.8579E-4 1.78257E-4 1.69057E-4 1.80334E-4 1.82866E-4 1.7246E-4 1.79684E-4 1.82636E-4 1.74641E-4 1.77295E-4 1.70112E-4 1.99477E-4 1.5645E-4 1.71829E-4 1.726E-4 2.29245E-4 1.69241E-4 2.46596E-4 1.53247E-4 1.82134E-4 1.54691E-4 1.82671E-4 2.34361E-4 1.90683E-4 1.36308E-4 1.32116E-4 1.28965E-4 1.20356E-4 1.28074E-4 1.21269E-4 1.21413E-4 1.20959E-4 1.18603E-4 1.19117E-4 1.11563E-4 1.10396E-4 1.30807E-4 1.22894E-4 9.14786E-5 8.54566E-5
1.6386E-4 1.70524E-4 1.76896E-4 2.04113E-4 1.81683E-4 1.85713E-4 1.7154E-4 1.9637E-4 2.02315E-4 1.95982E-4 1.87611E-4 1.9163E-4 1.89822E-4 1.93185E-4 1.855E-4 1.84004E-4 1.77102E-4 1.89135E-4 1.98262E-4 1.93189E-4 1.95538E-4 1.90263E-4 1.82832E-4 1.76795E-4 1.93738E-4 1.80753E-4 1.7163E-4 1.67303E-4 1.88981E-4 1.85347E-4 1.70283E-4 1.62111E-4 1.94859E-4 1.83668E-4 1.88404E-4 1.76043E-4 1.67185E-4 1.69456E-4 2.61613E-4 1.74678E-4 1.71785E-4 2.33942E-4 2.0745E-4 1.92411E-4 1.92284E-4 1.47433E-4 1.41002E-4 1.34886E-4 1.30853E-4 1.30827E-4 1.36877E-4 1.2593E-4 1.50214E-4 1.28596E-4 1.15558E-4 1.1147E-4 1.46744E-4 1.22084E-4 1.04741E-4 9.08764E-5 8.51201E-5
1.97084E-4 1.68394E-4 1.63037E-4 1.72444E-4 2.46125E-4 1.89931E-4 1.75633E-4 1.84463E-4 1.94503E-4 1.93005E-4 1.85548E-4 1.91011E-4 1.91795E-4 1.91464E-4 1.88122E-4 1.83665E-4 1.79289E-4 1.84936E-4 1.89788E-4 1.76825E-4 1.86411E-4 1.74767E-4 1.75635E-4 1.8837E-4 1.94344E-4 1.89641E-4 1.70285E-4 1.70015E-4 1.63833E-4 1.5446E-4 1.6924E-4 1.56864E-4 1.8072E-4 1.67894E-4 1.84642E-4 1.90505E-4 1.88324E-4 1.76555E-4 1.6534E-4 2.1077E-4 2.21263E-4 2.17784E-4 1.97728E-4 1.86289E-4 2.31014E-4 1.59377E-4 1.39913E-4 1.33472E-4 1.2213E-4 1.30193E-4 1.27836E-4 1.35019E-4 1.36445E-4 1.27523E-4 1.18042E-4 1.16314E-4 1.40891E-4 1.83788E-4 1.60966E-4 9.05262E-5 8.38554E-5
1.53154E-4 1.68947E-4 1.70139E-4 1.75542E-4 2.37502E-4 2.15426E-4 1.81034E-4 1.83675E-4 1.94476E-4 1.91743E-4 1.92139E-4 1.92826E-4 1.9099E-4 1.79373E-4 1.8273E-4 1.79932E-4 1.85544E-4 1.91133E-4 1.83904E-4 1.92633E-4 1.89901E-4 1.86273E-4 1.9081E-4 1.76576E-4 1.93414E-4 1.80806E-4 1.84044E-4 1.72104E-4 1.67398E-4 1.61659E-4 1.68258E-4 1.81994E-4 1.82315E-4 1.44456E-4 1.65793E-4 1.62451E-4 1.79012E-4 1.61542E-4 1.80482E-4 1.81081E-4 1.9074E-4 2.17108E-4 2.45132E-4 2.04286E-4 2.03453E-4 1.70696E-4 1.38074E-4 1.36169E-4 1.28272E-4 1.38527E-4 1.16572E-4 1.29415E-4 1.65058E-4 1.24852E-4 1.25759E-4 1.163E-4 1.31128E-4 1.11009E-4 9.77401E-5 9.12458E-5 8.49752E-5
1.63372E-4 1.61759E-4 1.77024E-4 1.76169E-4 1.74259E-4 2.11843E-4 1.81859E-4 1.86797E-4 1.8838E-4 1.95622E-4 1.94969E-4 1.98838E-4 1.87624E-4 2.03618E-4 1.9653E-4 1.88863E-4 1.83319E-4 1.80712E-4 1.85864E-4 1.80612E-4 1.79998E-4 1.91703E-4 1.80336E-4 1.78644E-4 1.69523E-4 1.63963E-4 1.74354E-4 1.59062E-4 1.57489E-4 1.43882E-4 1.64834E-4 1.58441E-4 1.88596E-4 1.50538E-4 1.80283E-4 1.95538E-4 1.77545E-4 1.79613E-4 1.92021E-4 1.91807E-4 2.39344E-4 2.32066E-4 1.89573E-4 2.52321E-4 2.27939E-4 1.74437E-4 1.33408E-4 1.34169E-4 1.23803E-4 1.33542E-4 1.32187E-4 1.23787E-4 1.86654E-4 1.51392E-4 1.23779E-4 1.20975E-4 1.42345E-4 1.06821E-4 1.20626E-4 1.04623E-4 8.63461E-5
1.54343E-4 1.7282E-4 1.66932E-4 1.73043E-4 1.85149E-4 1.91533E-4 1.84737E-4 1.87632E-4 1.92252E-4 1.88507E-4 1.86809E-4 1.98637E-4 1.88117E-4 1.90016E-4 1.90982E-4 1.92428E-4 1.84396E-4 1.87053E-4 1.7336E-4 1.69716E-4 1.69333E-4 1.79446E-4 1.8186E-4 1.93148E-4 1.80258E-4 1.74781E-4 1.60494E-4 1.64599E-4 1.72538E-4 1.81832E-4 1.77883E-4 2.2774E-4 1.79279E-4 1.56131E-4 1.84233E-4 1.90131E-4 2.01182E-4 1.82758E-4 1.78871E-4 2.17221E-4 2.51172E-4 4.11773E-4 2.11493E-4 2.12821E-4 2.33147E-4 1.72168E-4 1.33108E-4 1.35622E-4 1.27483E-4 1.23563E-4 1.2259E-4 1.25505E-4 1.72291E-4 1.37108E-4 1.32426E-4 1.37078E-4 1.20743E-4 1.20298E-4 1.62452E-4 1.91273E-4 1.7819E-4
1.64164E-4 1.87278E-4 2.49287E-4 1.72871E-4 1.90762E-4 1.73007E-4 1.78592E-4 1.85144E-4 1.81932E-4 1.85094E-4 1.93289E-4 2.41483E-4 1.84751E-4 1.79703E-4 1.76561E-4 1.80907E-4 1.91422E-4 1.81354E-4 1.72257E-4 1.71623E-4 1.59172E-4 1.73885E-4 1.65633E-4 1.62241E-4 1.63196E-4 1.6877E-4 1.58118E-4 1.71042E-4 1.63246E-4 1.72142E-4 1.55618E-4 1.77028E-4 3.40706E-4 1.53265E-4 1.59435E-4 1.69054E-4 2.08628E-4 1.80906E-4 2.0338E-4 1.97381E-4 2.54327E-4 2.23332E-4 2.63226E-4 2.21159E-4 2.15276E-4 1.36167E-4 1.34608E-4 1.31666E-4 1.3054E-4 1.24646E-4 1.25334E-4 1.98178E-4 2.57207E-4 1.82569E-4 1.20562E-4 1.20312E-4 1.36202E-4 1.43738E-4 1.56663E-4 1.08919E-4 1.17009E-4
1.70244E-4 3.6681E-4 3.44064E-4 2.02478E-4 2.06447E-4 1.743E-4 1.69949E-4 1.89186E-4 1.84412E-4 2.5584E-4 1.73612E-4 1.87172E-4 1.86422E-4 1.85929E-4 1.73576E-4 1.6587E-4 1.7338E-4 1.88328E-4 1.6731E-4 1.70788E-4 1.71193E-4 1.73978E-4 1.76781E-4 1.77946E-4 1.8297E-4 1.78615E-4 1.85351E-4 1.70755E-4 1.67052E-4 1.65551E-4 1.62856E-4 1.671E-4 3.06096E-4 4.08276E-4 2.00849E-4 1.64463E-4 1.85868E-4 1.887E-4 1.6969E-4 1.70931E-4 1.91311E-4 1.76897E-4 2.1771E-4 2.23952E-4 1.74058E-4 1.37906E-4 1.3921E-4 1.33324E-4 1.25992E-4 1.31824E-4 1.40478E-4 2.39147E-4 1.68969E-4 2.63657E-4 1.26162E-4 1.12667E-4 1.47091E-4 1.0671E-4 1.25038E-4 1.16881E-4 1.12239E-4
2.54522E-4 2.14484E-4 1.69317E-4 2.63709E-4 2.24038E-4 1.85453E-4 1.62947E-4 1.79727E-4 1.83363E-4 1.68058E-4 1.89137E-4 1.79809E-4 1.83261E-4 1.8514E-4 1.88748E-4 1.7478E-4 1.69258E-4 1.56052E-4 1.69174E-4 1.736E-4 1.58432E-4 1.70965E-4 1.66466E-4 1.72115E-4 1.73383E-4 1.67711E-4 1.70945E-4 1.6079E-4 1.63822E-4 1.55793E-4 1.52138E-4 1.59369E-4 1.68452E-4 3.51633E-4 1.61721E-4 1.56769E-4 1.63589E-4 1.7596E-4 1.80382E-4 1.60935E-4 1.75739E-4 1.88157E-4 2.1533E-4 1.74916E-4 1.59984E-4 1.38853E-4 1.44599E-4 1.30965E-4 1.39918E-4 1.36118E-4 2.44007E-4 2.12145E-4 2.35251E-4 1.81123E-4 1.28942E-4 1.20909E-4 2.10122E-4 1.47707E-4 1.14115E-4 1.05294E-4 1.1086E-4
3.18937E-4 4.61245E-4 1.90364E-4 2.83553E-4 2.06643E-4 1.80998E-4 1.72411E-4 1.79112E-4 1.78333E-4 1.7851E-4 1.80568E-4 1.77278E-4 1.7847E-4 1.73956E-4 1.59627E-4 1.58647E-4 1.73E-4 1.6501E-4 1.80945E-4 2.31396E-4 1.42011E-4 1.39764E-4 1.60106E-4 1.63704E-4 1.68299E-4 1.58645E-4 1.72477E-4 1.39505E-4 1.65915E-4 1.61265E-4 1.6233E-4 1.51456E-4 1.57191E-4 2.15544E-4 3.36881E-4 1.65103E-4 1.55275E-4 1.68058E-4 1.70909E-4 1.77189E-4 1.78139E-4 1.79976E-4 1.79142E-4 1.80974E-4 1.50232E-4 1.40411E-4 1.38823E-4 1.39926E-4 1.43243E-4 1.61372E-4 2.37946E-4 2.70102E-4 1.53927E-4 1.3344E-4 1.19587E-4 2.14563E-4 3.51733E-4 2.32385E-4 1.51105E-4 1.10412E-4 1.03067E-4
3.75422E-4 3.90381E-4 2.38758E-4 2.77735E-4 2.36491E-4 1.77743E-4 1.79289E-4 1.79561E-4 1.82927E-4 1.85193E-4 1.78103E-4 1.69169E-4 1.5884E-4 1.62532E-4 1.60872E-4 1.60684E-4 1.54872E-4 1.47323E-4 1.49975E-4 1.59999E-4 1.43006E-4 1.53242E-4 1.59469E-4 1.50626E-4 1.66109E-4 1.46491E-4 1.48616E-4 1.56834E-4 1.46944E-4 1.19083E-4 1.3842E-4 1.46552E-4 2.1125E-4 3.51954E-4 2.48565E-4 1.70661E-4 1.70893E-4 1.79859E-4 1.79719E-4 1.64875E-4 1.5998E-4 1.65922E-4 1.70674E-4 1.74413E-4 1.49663E-4 1.46409E-4 1.43398E-4 1.34373E-4 1.31788E-4 1.68068E-4 1.63899E-4 1.6563E-4 1.84361E-4 1.24797E-4 1.25155E-4 2.23996E-4 3.6414E-4 3.27048E-4 2.25663E-4 1.03524E-4 1.16368E-4
2.11551E-4 2.18003E-4 2.07075E-4 2.54856E-4 1.79404E-4 1.68757E-4 1.59414E-4 1.67871E-4 1.74678E-4 1.77852E-4 1.79127E-4 1.94882E-4 1.7472E-4 1.68256E-4 1.7408E-4 1.70468E-4 1.57448E-4 1.61597E-4 1.52961E-4 1.62985E-4 1.57363E-4 1.51848E-4 1.49193E-4 1.52008E-4 1.45209E-4 1.56325E-4 1.42775E-4 1.50852E-4 1.51025E-4 1.5831E-4 1.43149E-4 1.44592E-4 3.26151E-4 3.76581E-4 1.49541E-4 1.52836E-4 1.60489E-4 1.6954E-4 1.61873E-4 1.63649E-4 1.58936E-4 1.63546E-4 1.64324E-4 1.72704E-4 1.47964E-4 1.50666E-4 1.42028E-4 1.47159E-4 1.42053E-4 1.36188E-4 2.10449E-4 1.33042E-4 1.41595E-4 1.30236E-4 1.31407E-4 2.92788E-4 2.83824E-4 1.78957E-4 1.81453E-4 1.22578E-4 1.05239E-4
1.88308E-4 1.89439E-4 1.83991E-4 2.09388E-4 2.10461E-4 1.89305E-4 2.01282E-4 2.04069E-4 1.68574E-4 1.77378E-4 1.76589E-4 1.73815E-4 1.70997E-4 1.61016E-4 1.53791E-4 1.60007E-4 1.62353E-4 1.50827E-4 1.58845E-4 1.64554E-4 1.61363E-4 1.56539E-4 1.5389E-4 1.59773E-4 1.51349E-4 1.45978E-4 1.48288E-4 1.46302E-4 1.42962E-4 1.50054E-4 1.5514E-4 1.60412E-4 1.6168E-4 2.91656E-4 2.84121E-4 1.70571E-4 1.68726E-4 1.8066E-4 1.84003E-4 1.67962E-4 1.65384E-4 1.55422E-4 1.70054E-4 1.54979E-4 1.56058E-4 1.49453E-4 1.50345E-4 1.39749E-4 2.48972E-4 1.3808E-4 2.18352E-4 1.36261E-4 1.36568E-4 1.32554E-4 1.97695E-4 2.74851E-4 3.54324E-4 3.85654E-4 2.17361E-4 1.46418E-4 1.04832E-4
2.53746E-4 2.07517E-4 2.05598E-4 4.03193E-4 2.72419E-4 1.74726E-4 2.00866E-4 1.78199E-4 1.68626E-4 1.70984E-4 1.69393E-4 1.71005E-4 2.03657E-4 1.62202E-4 1.64506E-4 1.61135E-4 1.58537E-4 1.62105E-4 1.68115E-4 1.57347E-4 1.55898E-4 1.55904E-4 1.53107E-4 1.54673E-4 1.57579E-4 1.53728E-4 1.47495E-4 1.47374E-4 1.49883E-4 1.50152E-4 1.51916E-4 1.53954E-4 1.49794E-4 3.49152E-4 3.73255E-4 1.58208E-4 1.68174E-4 1.65305E-4 1.58569E-4 1.6281E-4 1.70857E-4 1.62426E-4 1.60441E-4 1.62483E-4 1.51479E-4 1.49386E-4 1.43988E-4 1.43665E-4 1.34387E-4 1.87795E-4 1.40209E-4 1.30417E-4 1.38302E-4 1.43498E-4 1.5953E-4 2.08021E-4 2.50457E-4 3.7761E-4 1.37182E-4 1.46636E-4 1.20036E-4
2.37751E-4 2.18152E-4 1.88662E-4 2.21859E-4 2.2869E-4 1.86359E-4 3.93792E-4 2.05111E-4 1.6544E-4 1.58345E-4 1.64749E-4 1.51185E-4 1.54424E-4 1.58053E-4 1.68698E-4 1.67561E-4 1.68264E-4 1.66805E-4 1.56366E-4 1.61714E-4 1.47247E-4 1.46537E-4 1.48152E-4 1.53918E-4 1.47232E-4 1.45298E-4 1.48461E-4 1.4908E-4 1.38598E-4 1.32916E-4 1.32965E-4 1.44635E-4 1.47888E-4 1.74013E-4 3.81897E-4 1.46694E-4 1.48012E-4 2.18618E-4 1.60194E-4 1.82163E-4 1.68019E-4 1.71475E-4 1.61715E-4 1.58106E-4 1.47318E-4 1.5318E-4 1.7159E-4 1.38613E-4 1.3324E-4 1.64992E-4 1.34837E-4 1.27838E-4 1.22647E-4 1.41342E-4 1.56362E-4 2.07365E-4 2.4999E-4 3.97882E-4 1.52127E-4 1.33084E-4 1.52592E-4
2.90759E-4 1.81485E-4 1.88722E-4 1.87472E-4 1.79975E-4 1.68738E-4 2.6913E-4 2.83967E-4 2.74157E-4 1.59433E-4 1.56367E-4 1.55041E-4 1.54841E-4 1.53594E-4 1.52209E-4 1.52732E-4 1.47575E-4 1.47253E-4 1.48076E-4 1.48661E-4 1.31403E-4 1.39931E-4 1.38828E-4 1.3867E-4 1.34163E-4 1.17917E-4 1.30078E-4 1.03159E-4 1.20003E-4 1.31932E-4 1.24636E-4 1.44242E-4 1.3857E-4 1.40253E-4 3.55291E-4 1.50846E-4 1.54665E-4 1.4572E-4 1.48781E-4 1.66234E-4 1.71194E-4 1.66931E-4 1.6551E-4 1.5842E-4 1.45268E-4 1.43934E-4 1.5866E-4 1.35658E-4 1.37536E-4 1.35981E-4 1.32968E-4 1.33395E-4 1.29459E-4 1.80666E-4 2.41948E-4 2.61827E-4 1.56246E-4 1.4367E-4 1.39176E-4 1.35653E-4 1.59864E-4
3.8954E-4 3.55487E-4 1.7444E-4 1.97242E-4 1.80046E-4 2.15147E-4 1.98003E-4 2.86914E-4 1.76709E-4 1.64064E-4 1.45495E-4 1.41056E-4 1.47454E-4 1.49692E-4 1.47971E-4 1.45078E-4 1.51056E-4 1.39328E-4 1.40991E-4 1.40971E-4 1.3044E-4 1.30133E-4 1.39903E-4 1.46208E-4 1.41904E-4 1.36121E-4 1.4276E-4 1.42856E-4 1.34918E-4 1.45896E-4 1.506E-4 1.38106E-4 1.37765E-4 1.40468E-4 3.35455E-4 1.41077E-4 1.43444E-4 1.54951E-4 1.48653E-4 1.60271E-4 1.65169E-4 1.65601E-4 1.60417E-4 1.53946E-4 1.4775E-4 1.43781E-4 1.38928E-4 1.36365E-4 1.35531E-4 1.36627E-4 1.30171E-4 1.33095E-4 1.30772E-4 1.71375E-4 1.75819E-4 1.86304E-4 2.22759E-4 2.55101E-4 1.73491E-4 1.32692E-4 1.40342E-4
3.80224E-4 3.57109E-4 2.89362E-4 2.21633E-4 1.82084E-4 1.87685E-4 1.71473E-4 1.80724E-4 2.24825E-4 1.71735E-4 1.45082E-4 1.43834E-4 1.5438E-4 1.50387E-4 1.52201E-4 1.55286E-4 1.52268E-4 1.46773E-4 1.39665E-4 1.34865E-4 1.34517E-4 1.35002E-4 1.35517E-4 1.38702E-4 1.41291E-4 1.45416E-4 1.41769E-4 1.40477E-4 1.49499E-4 1.49969E-4 1.30657E-4 1.40829E-4 1.3193E-4 3.5425E-4 3.08699E-4 1.51003E-4 1.54561E-4 1.53117E-4 1.4825E-4 1.53047E-4 1.55662E-4 1.53661E-4 1.60721E-4 1.54276E-4 1.46281E-4 1.46781E-4 1.45429E-4 1.3596E-4 1.33474E-4 1.33764E-4 1.32237E-4 1.31452E-4 1.34303E-4 1.4053E-4 2.05739E-4 1.73079E-4 1.77247E-4 3.11004E-4 1.90391E-4 1.36882E-4 1.35513E-4
3.77229E-4 3.74018E-4 3.37886E-4 3.80326E-4 1.80379E-4 1.44924E-4 1.95424E-4 1.35758E-4 1.37787E-4 1.75209E-4 1.49209E-4 1.31346E-4 1.40045E-4 1.36114E-4 1.44974E-4 1.44673E-4 1.46199E-4 1.44127E-4 1.41719E-4 1.39373E-4 1.33695E-4 1.36993E-4 1.38724E-4 1.40367E-4 1.42534E-4 1.48071E-4 1.46072E-4 1.30978E-4 1.22279E-4 1.2886E-4 1.14693E-4 1.23411E-4 1.22918E-4 3.17796E-4 1.41724E-4 1.42507E-4 1.45672E-4 1.48755E-4 1.59384E-4 1.48389E-4 1.61234E-4 1.55111E-4 1.59705E-4 1.52544E-4 1.43305E-4 1.44542E-4 1.4492E-4 1.35111E-4 1.40597E-4 1.31186E-4 1.29389E-4 1.29542E-4 1.31778E-4 1.33276E-4 2.156E-4 1.83276E-4 1.67727E-4 1.9175E-4 3.26277E-4 2.64095E-4 1.38095E-4
3.73575E-4 3.27368E-4 2.2113E-4 3.21674E-4 2.42229E-4 1.62407E-4 1.14811E-4 1.86603E-4 1.25246E-4 1.38886E-4 1.29691E-4 1.34287E-4 1.4437E-4 1.43265E-4 1.30142E-4 1.37818E-4 1.35131E-4 1.46032E-4 1.42354E-4 1.39762E-4 1.30447E-4 1.31769E-4 1.33931E-4 1.39967E-4 1.32848E-4 1.33871E-4 1.28908E-4 1.31189E-4 1.19181E-4 1.55779E-4 2.38481E-4 4.43623E-4 3.01249E-4 2.9563E-4 1.38671E-4 1.37153E-4 1.35639E-4 1.53435E-4 1.83044E-4 1.50225E-4 1.49674E-4 1.53895E-4 1.59754E-4 1.53248E-4 1.45955E-4 1.41951E-4 1.44803E-4 1.62536E-4 1.57669E-4 1.29916E-4 1.25988E-4 1.28485E-4 1.31908E-4 1.28646E-4 1.98689E-4 2.07104E-4 1.5898E-4 1.50078E-4 1.81795E-4 2.00284E-4 1.36875E-4
