Candidate_Models_July82022/M_0.4_F_lqp_Set_1_all/Bison.asc
ncols         290
nrows         380
xllcorner     -2197417.7431653
yllcorner     -584827.01486885
cellsize      10000.0
NODATA_value  -9999
[rows 81 to 107 of 380, columns 122 to 182 of 290]
3.76741E-5 3.91636E-5 6.06874E-5 2.49016E-5 1.81765E-5 2.65963E-5 4.35179E-5 5.25082E-5 4.62127E-5 4.30677E-5 4.84532E-5 1.7605E-5 2.2071E-5 2.58843E-5 2.19468E-5 2.79808E-5 2.87286E-5 2.41556E-5 2.17165E-5 1.61367E-5 1.41206E-5 1.06519E-5 7.90095E-6 8.90132E-6 9.30317E-6 6.86313E-6 7.2128E-6 6.49612E-6 5.47964E-6 4.67864E-6 4.79608E-6 5.12034E-6 5.76168E-6 4.13599E-6 4.13344E-6 4.64402E-6 3.66969E-6 3.14666E-6 2.62076E-6 2.21005E-6 1.96096E-6 1.44426E-6 1.1354E-6 1.17027E-6 1.08414E-6 1.02062E-6 1.14751E-6 1.01875E-6 9.59899E-7 9.53141E-7 1.07484E-6 7.87329E-7 1.12442E-6 1.25411E-6 1.24415E-6 1.32933E-6 1.53824E-6 1.50203E-6 1.20911E-6 1.82312E-6 1.60021E-6
3.59438E-5 3.10457E-5 4.61838E-5 1.56362E-5 1.41317E-5 1.49087E-5 2.83841E-5 3.65146E-5 6.48157E-5 4.97759E-4 3.23637E-5 1.98835E-5 3.33603E-5 2.82327E-5 2.08038E-5 2.14069E-5 1.14295E-5 -9999 1.88942E-5 1.42427E-5 1.05785E-5 9.87234E-6 8.62369E-6 8.40782E-6 8.25616E-6 6.98142E-6 6.00702E-6 6.30238E-6 8.05973E-6 7.38831E-6 6.69366E-6 7.98298E-6 6.5557E-6 4.1627E-6 3.78631E-6 3.56183E-6 3.19974E-6 3.66769E-6 3.12028E-6 2.39487E-6 1.95998E-6 1.5329E-6 1.32325E-6 1.0617E-6 1.14897E-6 1.12899E-6 1.09408E-6 1.01166E-6 1.02195E-6 1.07374E-6 8.77595E-7 7.50041E-7 9.85198E-7 1.08683E-6 1.23918E-6 1.41187E-6 1.22861E-6 1.35926E-6 1.17935E-6 1.75329E-6 1.22278E-6
3.62289E-5 2.69011E-5 1.48026E-5 1.27992E-5 1.33234E-5 1.29701E-5 1.51057E-5 3.00058E-5 2.76279E-5 2.96748E-5 4.43024E-5 3.34314E-5 3.07591E-5 3.05151E-5 1.66203E-5 1.97252E-5 1.8435E-5 2.07812E-5 1.63465E-5 1.08189E-5 8.84102E-6 9.75606E-6 8.65381E-6 9.33048E-6 9.2688E-6 6.63089E-6 4.75269E-6 5.04981E-6 3.9392E-6 4.77579E-6 4.89453E-6 7.35107E-6 1.65701E-5 3.50382E-6 3.41382E-6 3.28821E-6 2.98125E-6 2.91255E-6 2.6245E-6 2.38513E-6 1.87727E-6 1.64974E-6 2.01375E-6 1.33318E-6 1.12387E-6 1.3788E-6 1.2389E-6 1.01857E-6 1.08514E-6 1.0007E-6 8.03708E-7 -9999 9.19972E-7 1.11264E-6 1.27781E-6 1.25982E-6 1.18256E-6 1.49994E-6 1.55092E-6 1.65346E-6 9.43839E-7
1.95786E-5 1.28725E-5 1.24568E-5 1.221E-5 2.49495E-5 3.07372E-5 2.30396E-5 3.37212E-5 2.58199E-5 2.84168E-5 2.84797E-5 2.06241E-5 2.39807E-5 1.15056E-5 1.72815E-5 1.76903E-5 1.36408E-5 1.56708E-5 1.79974E-5 1.06894E-5 9.0762E-6 8.61628E-6 7.3437E-6 8.75631E-6 7.34529E-6 5.66539E-6 4.75131E-6 4.14959E-6 5.22213E-6 5.67303E-6 7.23136E-6 2.93906E-5 6.21238E-6 3.25794E-6 3.04993E-6 3.07002E-6 2.68901E-6 2.32839E-6 2.21102E-6 2.18247E-6 1.971E-6 1.60342E-6 1.44841E-6 1.42561E-6 1.28182E-6 1.26512E-6 1.28002E-6 9.98594E-7 9.46917E-7 9.55089E-7 1.00781E-6 9.73356E-7 9.15335E-7 9.76469E-7 1.40906E-6 1.24163E-6 1.161E-6 1.32842E-6 1.13199E-6 1.12273E-6 1.03772E-6
1.16992E-5 1.30442E-5 2.05563E-5 2.61152E-5 3.35686E-5 2.91277E-5 2.52573E-5 2.77599E-5 2.55677E-5 3.18727E-5 3.23213E-5 3.01633E-5 1.59141E-5 1.75159E-5 1.24684E-5 2.24228E-5 2.08017E-5 1.39952E-5 1.66804E-5 1.28756E-5 8.40731E-6 7.69481E-6 5.99497E-6 6.11546E-6 5.90212E-6 5.97375E-6 4.31305E-6 5.52292E-6 5.2195E-6 6.7172E-6 7.41468E-6 6.34256E-6 6.258E-6 4.24776E-6 4.39451E-6 3.03084E-6 2.14329E-6 1.90711E-6 1.85099E-6 1.86072E-6 1.83281E-6 1.68028E-6 1.33713E-6 1.47658E-6 1.23632E-6 1.39184E-6 1.02742E-6 8.79202E-7 9.31064E-7 9.13198E-7 8.95758E-7 8.6668E-7 7.10485E-7 8.56608E-7 1.09342E-6 1.17903E-6 1.47999E-6 1.31858E-6 1.34944E-6 1.03099E-6 1.10881E-6
1.72438E-5 2.89459E-5 2.25055E-5 2.46383E-5 2.92329E-5 2.28309E-5 2.29494E-5 2.79113E-5 2.26395E-5 1.74361E-5 1.38236E-5 1.64751E-5 1.40291E-5 1.62932E-5 1.97227E-5 2.14196E-5 1.6402E-5 1.06985E-5 1.18336E-5 1.03515E-5 8.22996E-6 8.35515E-6 6.73439E-6 7.18015E-6 6.02431E-6 5.90211E-6 7.19412E-6 6.35164E-6 7.22849E-6 6.41097E-6 7.33145E-6 7.41796E-6 5.56967E-6 4.25867E-6 3.4282E-6 2.94142E-6 2.27167E-6 1.98649E-6 1.88087E-6 1.95165E-6 1.83038E-6 1.78674E-6 1.21954E-6 1.24161E-6 1.30423E-6 1.30732E-6 1.20589E-6 9.27435E-7 8.42782E-7 8.49639E-7 8.54933E-7 8.0144E-7 7.78177E-7 7.96335E-7 1.0143E-6 9.34346E-7 1.15294E-6 1.34583E-6 1.67046E-6 1.12338E-6 1.05459E-6
2.45735E-5 2.44262E-5 2.41874E-5 2.82508E-5 3.61916E-5 3.08846E-5 2.43491E-5 2.34818E-5 2.90572E-5 2.23925E-5 1.07684E-5 1.34615E-5 1.51994E-5 1.99298E-5 1.61006E-5 1.5111E-5 9.54295E-6 1.4301E-5 1.02872E-5 8.54886E-6 9.32E-6 8.12674E-6 6.67122E-6 5.37532E-6 4.99384E-6 7.09535E-6 8.03636E-6 2.86217E-6 4.71215E-6 -9999 6.15466E-6 4.80251E-6 3.94852E-6 4.80523E-6 4.48945E-6 3.1087E-6 2.31657E-6 1.96399E-6 2.03059E-6 2.09643E-6 1.7451E-6 1.65234E-6 1.48387E-6 1.24629E-6 1.41944E-6 1.32104E-6 1.33266E-6 1.03634E-6 9.72304E-7 9.0862E-7 8.05395E-7 7.55979E-7 7.14771E-7 8.47225E-7 9.82326E-7 1.05092E-6 1.05957E-6 1.44046E-6 1.64933E-6 1.37957E-6 1.01196E-6
2.91137E-5 2.56098E-5 2.05613E-5 2.49789E-5 2.62607E-5 2.46369E-5 2.37552E-5 2.89744E-5 2.84921E-5 2.27767E-5 1.20686E-5 1.94564E-5 2.14105E-5 1.71263E-5 1.99304E-5 1.81531E-5 1.41456E-5 1.42201E-5 1.2661E-5 8.72074E-6 1.01223E-5 7.83781E-6 6.24911E-6 5.43585E-6 5.24134E-6 5.62303E-6 3.9507E-6 3.67891E-6 2.77974E-6 3.3892E-6 3.35739E-6 3.84309E-6 4.03943E-6 3.3663E-6 2.92962E-6 2.73638E-6 2.36014E-6 2.26444E-6 2.3857E-6 2.17539E-6 1.76875E-6 1.67231E-6 1.42976E-6 1.3201E-6 1.35404E-6 1.24254E-6 1.29839E-6 1.16122E-6 1.02331E-6 9.36308E-7 9.17976E-7 7.8851E-7 7.65843E-7 8.40041E-7 9.58461E-7 1.28356E-6 1.36828E-6 1.16879E-6 1.12182E-6 1.15098E-6 9.99722E-7
4.16951E-5 1.95164E-5 1.75016E-5 1.74477E-5 2.0075E-5 2.07517E-5 2.06534E-5 3.16658E-5 3.1139E-5 1.63766E-5 1.57268E-5 1.99336E-5 2.26759E-5 1.60271E-5 1.99547E-5 2.02118E-5 2.00511E-5 1.06675E-5 1.32265E-5 1.03417E-5 8.48171E-6 8.65826E-6 7.25327E-6 5.50982E-6 5.52218E-6 4.1378E-6 3.80597E-6 3.22033E-6 2.89586E-6 -9999 3.23767E-6 3.41117E-6 3.60754E-6 3.07566E-6 2.97976E-6 2.79735E-6 2.62207E-6 2.77112E-6 2.57493E-6 2.36634E-6 2.0145E-6 1.62164E-6 1.62701E-6 1.58015E-6 1.3472E-6 1.16315E-6 1.24602E-6 1.07124E-6 1.02673E-6 9.0687E-7 8.98525E-7 8.74297E-7 8.3605E-7 8.85519E-7 9.69563E-7 1.11472E-6 1.18919E-6 1.20448E-6 1.19356E-6 1.2378E-6 1.07853E-6
2.10179E-5 2.46175E-5 1.84463E-5 1.96381E-5 1.43598E-5 1.51184E-5 1.14036E-5 2.38858E-5 2.67072E-5 1.79254E-5 1.52811E-5 2.07982E-5 1.81694E-5 1.84419E-5 1.35109E-5 1.29107E-5 1.54398E-5 1.27052E-5 9.8006E-6 1.11601E-5 9.09425E-6 6.72525E-6 7.49704E-6 5.60759E-6 4.60555E-6 4.16075E-6 3.88077E-6 3.70426E-6 3.95997E-6 2.29556E-6 2.8793E-6 3.5678E-6 3.67067E-6 3.68026E-6 3.23624E-6 2.96471E-6 3.03165E-6 2.85992E-6 2.44914E-6 2.28279E-6 2.08311E-6 1.92653E-6 1.6709E-6 1.56394E-6 1.32894E-6 1.2319E-6 1.1022E-6 1.03697E-6 9.79886E-7 1.02119E-6 8.76386E-7 9.075E-7 8.5124E-7 9.66559E-7 1.02475E-6 1.08757E-6 1.30116E-6 1.2005E-6 1.16134E-6 1.23887E-6 1.10917E-6
1.95987E-5 1.86332E-5 1.85623E-5 2.04907E-5 1.45398E-5 1.81337E-5 2.05529E-5 2.19174E-5 2.39192E-5 2.59847E-5 1.74522E-5 1.78116E-5 2.01554E-5 1.56579E-5 1.2854E-5 1.32761E-5 1.23008E-5 1.39084E-5 1.07796E-5 1.08851E-5 7.58537E-6 9.19602E-6 7.36509E-6 5.9442E-6 5.67214E-6 4.76858E-6 4.24325E-6 3.61795E-6 -9999 -9999 3.02783E-6 3.31244E-6 3.46165E-6 3.5851E-6 3.92332E-6 -9999 2.93013E-6 2.90184E-6 2.38476E-6 2.30423E-6 2.42495E-6 2.16085E-6 1.59998E-6 1.58733E-6 1.39546E-6 1.27228E-6 1.08654E-6 1.05085E-6 9.45728E-7 9.95622E-7 9.70913E-7 9.23889E-7 7.7279E-7 9.9252E-7 1.03115E-6 1.16226E-6 1.20393E-6 1.2926E-6 1.13147E-6 1.27054E-6 1.17676E-6
2.52085E-5 2.14978E-5 1.55122E-5 1.34306E-5 1.45107E-5 2.07772E-5 2.03545E-5 1.8747E-5 2.41115E-5 2.93108E-5 1.98348E-5 1.54425E-5 1.75707E-5 1.56206E-5 1.56186E-5 1.48646E-5 1.19246E-5 1.20935E-5 1.19414E-5 1.24329E-5 9.99851E-6 8.12982E-6 8.24103E-6 7.57965E-6 5.11093E-6 4.98942E-6 4.31595E-6 2.98282E-6 2.76281E-6 3.66369E-6 2.76431E-6 3.40316E-6 4.17317E-6 3.69245E-6 3.52113E-6 3.1523E-6 3.38102E-6 2.67782E-6 2.61962E-6 2.48499E-6 2.26137E-6 2.12171E-6 -9999 1.60943E-6 1.38552E-6 1.3242E-6 1.17704E-6 1.13616E-6 1.102E-6 1.00762E-6 1.00959E-6 1.01872E-6 9.12798E-7 9.49878E-7 1.08333E-6 1.23432E-6 1.50488E-6 1.15082E-6 1.08993E-6 1.22571E-6 1.35468E-6
2.73349E-5 2.03698E-5 1.94573E-5 1.5187E-5 2.0382E-5 2.13916E-5 1.86909E-5 1.48877E-5 1.88107E-5 1.42308E-5 1.95304E-5 1.65833E-5 1.61734E-5 1.57727E-5 1.6737E-5 1.19255E-5 1.20597E-5 1.35528E-5 1.24811E-5 9.77597E-6 1.18916E-5 7.16303E-6 7.54856E-6 6.6873E-6 5.84761E-6 4.74073E-6 3.72847E-6 3.65254E-6 3.59732E-6 3.36575E-6 3.57825E-6 3.37054E-6 3.31791E-6 3.86118E-6 3.33177E-6 2.15253E-6 2.43594E-6 2.64707E-6 2.7795E-6 2.45981E-6 2.30233E-6 2.08416E-6 1.88252E-6 1.74998E-6 1.62374E-6 1.32265E-6 1.21398E-6 1.15497E-6 1.09506E-6 1.30815E-6 1.11054E-6 1.10538E-6 1.04227E-6 1.04577E-6 1.03082E-6 1.1956E-6 1.14576E-6 1.08755E-6 1.08742E-6 1.18345E-6 1.29951E-6
2.10565E-5 2.34658E-5 2.5342E-5 2.12245E-5 1.97402E-5 2.09473E-5 1.91917E-5 1.94432E-5 1.17919E-5 1.20836E-5 1.4806E-5 2.03359E-5 1.36911E-5 1.40286E-5 1.19598E-5 9.0024E-6 8.94709E-6 1.49295E-5 1.03612E-5 1.26215E-5 9.60171E-6 1.06373E-5 8.38518E-6 7.89447E-6 8.25236E-6 5.25697E-6 4.31827E-6 4.0736E-6 3.68048E-6 3.87938E-6 4.05385E-6 3.24581E-6 3.65714E-6 3.07255E-6 3.0043E-6 2.73319E-6 2.57366E-6 2.51662E-6 2.73793E-6 2.55954E-6 2.12502E-6 2.00254E-6 1.86825E-6 1.45051E-6 1.68722E-6 1.37172E-6 1.22249E-6 1.10247E-6 1.10022E-6 1.03321E-6 1.14504E-6 1.15629E-6 1.15223E-6 1.14477E-6 1.07125E-6 1.16851E-6 1.20146E-6 9.41653E-7 1.22338E-6 1.42771E-6 1.41733E-6
1.74512E-5 2.11905E-5 2.19577E-5 1.80009E-5 1.51885E-5 1.89272E-5 2.2962E-5 2.13392E-5 2.05048E-5 8.50518E-6 2.19759E-5 1.68364E-5 1.30194E-5 1.43732E-5 1.142E-5 1.25839E-5 9.37483E-6 1.43732E-5 8.83932E-6 9.61055E-6 8.70373E-6 9.22908E-6 5.57907E-6 9.22538E-6 6.84609E-6 5.45177E-6 4.51073E-6 3.73762E-6 3.91485E-6 3.48139E-6 3.87528E-6 3.59032E-6 3.23316E-6 2.9318E-6 2.75524E-6 2.82622E-6 2.8536E-6 2.69207E-6 2.62468E-6 2.48461E-6 2.28132E-6 2.15032E-6 2.09034E-6 1.8505E-6 1.21576E-6 1.32913E-6 1.41253E-6 1.15661E-6 1.09913E-6 1.17133E-6 1.17023E-6 1.21561E-6 1.21125E-6 1.2293E-6 1.18533E-6 1.12108E-6 1.13424E-6 1.20349E-6 1.40129E-6 1.3998E-6 1.5141E-6
1.75441E-5 2.34786E-5 1.70953E-5 1.74439E-5 2.22619E-5 1.72426E-5 2.10274E-5 1.97132E-5 2.01412E-5 1.89544E-5 2.72259E-5 1.59028E-5 1.37042E-5 1.37135E-5 1.21578E-5 1.10587E-5 9.96289E-6 1.22468E-5 1.03229E-5 1.03257E-5 1.23837E-5 1.02699E-5 1.06351E-5 7.5875E-6 6.15598E-6 5.54408E-6 4.6432E-6 4.40878E-6 4.14709E-6 4.02469E-6 3.61307E-6 3.94436E-6 3.26813E-6 3.42083E-6 2.85549E-6 2.53894E-6 2.8562E-6 2.83213E-6 2.61561E-6 2.57943E-6 2.35119E-6 2.17077E-6 2.02562E-6 1.86081E-6 1.78853E-6 1.53244E-6 1.38952E-6 1.42082E-6 1.22229E-6 1.11126E-6 1.19995E-6 1.33956E-6 1.56259E-6 1.37314E-6 1.36015E-6 1.31997E-6 1.27883E-6 1.31174E-6 1.25082E-6 1.47974E-6 1.59093E-6
1.3566E-5 1.78029E-5 2.0056E-5 2.26336E-5 2.54113E-5 1.75059E-5 2.14984E-5 2.0238E-5 2.26749E-5 1.96408E-5 1.21307E-5 2.06761E-5 1.70351E-5 1.47315E-5 1.39399E-5 1.26489E-5 1.21452E-5 9.66461E-6 1.02736E-5 1.05018E-5 9.68295E-6 1.2607E-5 1.31528E-5 1.04792E-5 9.18918E-6 6.7912E-6 5.11288E-6 4.56721E-6 4.23099E-6 4.50872E-6 4.40705E-6 4.2313E-6 3.70527E-6 3.6894E-6 2.99838E-6 2.80443E-6 2.70438E-6 2.93463E-6 3.30622E-6 2.54379E-6 2.42162E-6 2.29506E-6 2.12116E-6 1.97112E-6 1.25705E-6 1.55578E-6 1.44159E-6 1.27171E-6 1.15801E-6 1.23603E-6 1.36836E-6 1.41433E-6 1.37894E-6 1.36089E-6 1.38208E-6 1.46113E-6 1.36247E-6 1.27739E-6 1.29481E-6 1.43202E-6 1.54981E-6
9.60955E-6 1.35548E-5 1.58946E-5 1.45827E-5 1.72609E-5 2.3238E-5 2.16492E-5 2.2476E-5 1.73677E-5 1.97694E-5 2.06217E-5 2.40778E-5 1.48154E-5 1.31367E-5 1.27896E-5 1.19146E-5 8.39274E-6 1.03532E-5 1.10744E-5 1.03091E-5 1.43018E-5 1.36356E-5 1.04253E-5 1.06509E-5 1.88167E-5 1.02768E-5 5.61793E-6 5.31845E-6 4.86482E-6 4.58359E-6 4.90586E-6 4.89294E-6 4.4711E-6 4.32363E-6 3.88528E-6 3.13617E-6 -9999 3.39179E-6 3.19633E-6 2.88757E-6 2.51674E-6 2.30521E-6 2.13837E-6 1.89209E-6 1.80132E-6 1.62902E-6 1.3543E-6 1.39709E-6 1.36923E-6 1.30502E-6 1.44957E-6 1.5222E-6 1.5831E-6 1.41905E-6 1.37497E-6 1.44176E-6 1.24723E-6 1.26023E-6 1.35598E-6 1.50275E-6 1.49313E-6
1.0907E-5 1.48692E-5 2.03647E-5 1.26674E-5 9.68689E-6 1.88172E-5 2.51426E-5 1.83364E-5 2.32958E-5 1.48194E-5 1.21513E-5 1.58187E-5 1.48647E-5 1.29668E-5 1.23063E-5 1.25903E-5 1.28106E-5 1.36107E-5 1.09998E-5 1.13552E-5 2.18598E-5 1.63376E-5 1.05497E-5 9.22826E-6 1.48373E-5 8.04254E-6 6.32317E-6 6.99932E-6 5.65112E-6 5.69979E-6 4.96173E-6 5.43163E-6 -9999 4.56703E-6 -9999 3.4609E-6 3.49019E-6 3.25941E-6 3.53794E-6 3.08011E-6 2.47959E-6 2.24461E-6 2.16453E-6 2.00584E-6 1.64143E-6 1.64102E-6 1.56701E-6 1.49562E-6 1.39414E-6 1.43548E-6 1.47674E-6 1.44013E-6 1.48876E-6 1.46979E-6 1.3102E-6 1.42508E-6 1.38572E-6 1.47403E-6 1.4044E-6 1.61187E-6 1.61459E-6
2.00475E-5 1.74962E-5 1.66005E-5 1.42568E-5 1.67448E-5 1.55571E-5 1.75823E-5 2.16401E-5 1.79458E-5 1.21165E-5 1.35832E-5 2.4421E-5 1.3307E-5 1.67445E-5 1.48411E-5 1.29329E-5 1.37564E-5 1.37433E-5 1.1611E-5 1.41559E-5 1.31798E-5 1.55918E-5 1.0905E-5 1.04521E-5 1.09963E-5 9.59759E-6 1.0966E-5 9.19126E-6 8.44742E-6 6.74211E-6 6.44577E-6 4.44648E-6 4.64851E-6 4.39444E-6 4.31509E-6 3.61749E-6 3.61043E-6 3.04176E-6 3.16192E-6 2.79161E-6 2.3843E-6 2.5281E-6 2.25523E-6 2.01783E-6 1.9384E-6 1.64457E-6 1.74642E-6 1.59022E-6 1.56663E-6 1.40219E-6 1.45491E-6 1.45357E-6 1.48043E-6 1.468E-6 1.4727E-6 1.33968E-6 1.4607E-6 1.31428E-6 1.50509E-6 1.63282E-6 1.73149E-6
2.14783E-5 2.1693E-5 1.5038E-5 8.72378E-6 1.20339E-5 2.04217E-5 2.09918E-5 2.03256E-5 1.12537E-5 1.27156E-5 2.03449E-5 1.67692E-5 9.79083E-6 1.1016E-5 1.65222E-5 1.4164E-5 1.43156E-5 1.2589E-5 1.49274E-5 1.19874E-5 1.82836E-5 1.61935E-5 1.35152E-5 1.32141E-5 1.41874E-5 9.79732E-6 7.64253E-6 1.30176E-5 1.12293E-5 8.69477E-6 5.61383E-6 7.05186E-6 5.6056E-6 4.35959E-6 4.3321E-6 4.37711E-6 3.31438E-6 3.62349E-6 3.42089E-6 2.65328E-6 2.76229E-6 2.40906E-6 2.33437E-6 2.22773E-6 1.99358E-6 1.65853E-6 1.68814E-6 -9999 1.36043E-6 1.46106E-6 1.44859E-6 1.40887E-6 1.52499E-6 1.64731E-6 1.61216E-6 1.53113E-6 1.63589E-6 1.6369E-6 1.73222E-6 1.76354E-6 1.57285E-6
1.90996E-5 1.82769E-5 1.88596E-5 1.45192E-5 2.04822E-5 2.00019E-5 2.19552E-5 2.70885E-5 1.46858E-5 2.00519E-5 2.17446E-5 1.76248E-5 1.03409E-5 1.29491E-5 1.63964E-5 1.562E-5 1.34837E-5 1.88696E-5 1.42668E-5 1.13165E-5 1.62924E-5 1.61141E-5 1.59867E-5 1.39598E-5 1.7727E-5 2.06866E-5 1.70168E-5 1.20965E-5 9.66331E-6 6.14309E-6 5.2287E-6 6.19443E-6 4.61532E-6 4.75317E-6 4.31215E-6 3.99764E-6 3.4421E-6 3.59071E-6 3.72338E-6 2.80966E-6 2.77017E-6 2.50019E-6 2.38562E-6 2.16602E-6 2.08555E-6 1.82808E-6 1.73007E-6 1.71856E-6 1.72557E-6 1.6432E-6 1.71585E-6 1.57659E-6 1.68243E-6 1.8302E-6 1.56681E-6 1.67927E-6 1.79217E-6 1.92003E-6 1.64695E-6 1.83083E-6 1.69081E-6
1.93697E-5 1.81047E-5 2.7078E-5 2.38013E-5 2.5595E-5 2.29713E-5 2.22121E-5 2.59065E-5 2.77682E-5 2.07238E-5 2.16712E-5 2.29605E-5 2.27265E-5 1.82523E-5 1.97206E-5 1.81409E-5 1.60922E-5 1.53977E-5 1.33257E-5 1.08502E-5 1.50117E-5 8.85767E-6 1.47092E-5 1.45627E-5 1.66746E-5 1.88095E-5 1.4545E-5 1.64836E-5 1.14134E-5 6.46507E-6 8.04028E-6 7.82658E-6 6.68275E-6 5.17338E-6 4.95511E-6 3.63744E-6 3.39369E-6 3.11814E-6 3.36665E-6 2.89315E-6 2.88888E-6 2.76784E-6 2.52808E-6 2.36006E-6 2.13448E-6 2.02376E-6 2.00337E-6 1.81269E-6 1.86512E-6 1.72811E-6 1.84436E-6 1.7568E-6 1.82924E-6 1.94433E-6 1.78597E-6 1.61233E-6 2.01005E-6 1.77207E-6 1.60805E-6 1.58685E-6 1.58439E-6
1.73216E-5 2.15936E-5 2.37788E-5 2.72086E-5 2.04938E-5 2.22506E-5 2.01516E-5 1.82222E-5 2.04688E-5 2.10428E-5 1.86413E-5 2.33912E-5 1.44358E-5 1.68388E-5 2.05081E-5 1.84786E-5 1.63909E-5 1.67109E-5 1.5263E-5 1.4065E-5 1.41881E-5 1.11432E-5 1.69567E-5 1.72758E-5 1.86933E-5 1.84826E-5 1.96904E-5 1.81838E-5 1.25959E-5 8.91631E-6 9.65072E-6 9.63447E-6 9.06333E-6 8.39953E-6 5.33589E-6 4.95739E-6 4.02881E-6 3.02552E-6 3.20982E-6 3.15708E-6 2.94832E-6 2.72742E-6 2.66705E-6 2.39784E-6 2.10429E-6 2.0988E-6 2.01057E-6 2.00801E-6 2.01291E-6 1.97728E-6 1.94553E-6 1.9957E-6 1.91261E-6 1.91834E-6 1.81872E-6 1.95739E-6 2.08973E-6 1.91292E-6 1.82356E-6 1.56601E-6 1.50272E-6
2.04423E-5 2.29459E-5 2.91762E-5 2.53518E-5 1.93519E-5 1.43441E-5 1.01394E-5 9.74255E-6 2.03194E-5 2.10674E-5 1.99972E-5 2.09414E-5 1.86907E-5 2.14934E-5 2.01566E-5 1.64505E-5 1.65158E-5 1.64819E-5 1.02205E-5 1.30027E-5 1.65532E-5 1.46583E-5 8.28728E-6 7.46673E-6 1.57277E-5 1.94308E-5 1.62502E-5 1.61536E-5 1.22005E-5 9.4635E-6 9.55597E-6 1.02254E-5 1.01613E-5 7.02157E-6 7.09541E-6 5.77136E-6 3.89052E-6 3.34349E-6 4.02045E-6 3.76389E-6 2.96893E-6 2.95192E-6 2.91203E-6 2.83771E-6 2.43614E-6 2.23883E-6 2.13003E-6 2.22299E-6 2.15613E-6 2.10977E-6 1.93475E-6 1.99799E-6 2.16137E-6 1.95459E-6 2.08538E-6 1.86141E-6 2.01977E-6 2.28497E-6 1.85498E-6 1.53654E-6 1.5148E-6
1.92968E-5 2.31297E-5 2.10132E-5 1.78384E-5 1.4179E-5 9.83087E-6 1.0048E-5 9.88842E-6 1.82691E-5 2.08385E-5 2.1976E-5 1.80889E-5 2.30644E-5 2.06591E-5 2.08906E-5 1.54596E-5 1.63155E-5 1.51353E-5 1.51334E-5 1.63468E-5 1.6743E-5 1.85044E-5 1.03359E-5 1.30553E-5 3.11397E-5 2.37524E-5 1.80269E-5 1.47155E-5 1.07646E-5 1.00211E-5 9.29874E-6 9.53112E-6 1.11221E-5 9.18911E-6 7.64014E-6 5.41832E-6 4.22496E-6 4.80709E-6 3.9955E-6 3.86569E-6 3.12736E-6 3.08482E-6 3.30703E-6 3.04103E-6 2.59424E-6 2.39137E-6 2.39651E-6 2.32604E-6 2.76196E-6 2.15982E-6 2.21294E-6 2.19931E-6 2.76662E-6 2.11512E-6 2.44404E-6 2.03313E-6 2.02313E-6 2.1543E-6 1.83377E-6 1.55259E-6 1.70544E-6
1.34337E-5 1.934E-5 1.2692E-5 1.48262E-5 1.8786E-5 1.67877E-5 1.11289E-5 1.07466E-5 1.17983E-5 1.55334E-5 2.02165E-5 2.00647E-5 2.34197E-5 1.87487E-5 2.2393E-5 1.86673E-5 1.90428E-5 1.67786E-5 1.36233E-5 1.64563E-5 1.72531E-5 1.85675E-5 2.11087E-5 1.74974E-5 1.74826E-5 2.35353E-5 2.04342E-5 1.23066E-5 1.1777E-5 1.05264E-5 1.29643E-5 1.06288E-5 9.3417E-6 6.55146E-6 6.35981E-6 5.09112E-6 4.07157E-6 4.06051E-6 3.73665E-6 3.54772E-6 3.62437E-6 3.52623E-6 3.23116E-6 2.84334E-6 2.69069E-6 2.57304E-6 2.55234E-6 2.39904E-6 2.17494E-6 2.36302E-6 2.44372E-6 2.40078E-6 2.38249E-6 2.27186E-6 2.26991E-6 2.20571E-6 2.18735E-6 2.07515E-6 1.9684E-6 1.8163E-6 1.87984E-6
