Candidate_Models_July82022/M_0.8_F_lqp_Set_1_all/Bison.asc
ncols         290
nrows         380
xllcorner     -2197417.7431653
yllcorner     -584827.01486885
cellsize      10000.0
NODATA_value  -9999
[rows 189 to 215 of 380, columns 61 to 121 of 290]
2.40095E-5 3.98593E-5 3.48808E-5 3.14713E-5 3.17526E-5 1.91095E-5 1.72415E-5 1.32415E-5 9.66201E-6 8.83338E-6 6.08243E-6 9.71067E-6 9.19902E-6 1.73829E-5 7.62431E-6 5.72377E-6 1.32743E-6 3.77261E-7 9.77968E-7 4.26017E-6 9.99853E-6 7.92912E-6 5.57776E-6 1.49214E-5 1.6416E-5 7.26133E-6 2.02145E-5 2.20026E-5 3.24476E-5 3.75066E-5 3.84048E-5 5.34416E-5 1.25246E-4 9.14135E-5 1.24327E-4 6.21982E-5 1.95444E-4 2.6325E-4 1.26565E-4 2.21706E-4 2.38489E-4 2.26464E-4 2.22804E-4 2.86593E-4 2.83846E-4 2.75575E-4 1.46527E-4 2.45576E-4 2.59253E-4 2.36916E-4 1.37558E-4 1.36961E-4 2.1439E-4 9.45916E-5 7.30964E-5 7.94479E-5 7.30737E-5 8.4169E-5 8.75627E-5 6.82109E-5 7.13791E-5
1.44916E-5 2.49204E-5 5.37386E-5 3.90128E-5 2.68125E-5 2.37786E-5 2.23957E-5 1.82316E-5 1.38838E-5 1.43905E-5 2.18696E-5 9.15602E-6 1.90381E-5 1.05317E-5 5.13014E-6 7.68408E-6 1.56238E-6 5.26285E-7 4.92236E-6 3.73539E-6 4.53836E-6 5.06678E-6 4.12681E-6 5.98521E-6 8.00213E-6 2.13894E-5 3.16838E-5 1.78016E-5 2.19935E-5 3.33239E-5 3.68469E-5 4.20088E-5 5.22225E-5 1.17586E-4 2.48909E-4 2.5128E-4 1.86194E-4 1.80223E-4 2.58447E-4 1.0528E-4 6.39357E-5 1.22755E-4 1.35512E-4 2.13895E-4 1.76985E-4 2.17124E-4 2.2287E-4 2.09762E-4 1.45244E-4 2.68142E-4 1.29171E-4 1.28405E-4 2.10283E-4 9.32045E-5 7.44954E-5 9.06493E-5 9.55227E-5 9.08764E-5 8.42307E-5 8.86409E-5 8.91396E-5
1.4001E-5 2.92065E-5 4.04489E-5 4.50894E-5 2.72225E-5 2.85743E-5 2.67023E-5 2.03052E-5 1.54426E-5 1.64423E-5 1.08385E-5 1.08463E-5 1.44954E-5 6.88325E-6 5.44214E-6 5.84679E-6 6.73921E-6 1.21942E-6 1.02378E-6 2.7905E-6 3.92538E-6 8.17086E-6 1.08758E-5 1.76365E-5 1.21678E-5 9.66351E-6 3.36765E-5 2.09265E-5 2.433E-5 2.73199E-5 3.64555E-5 4.08004E-5 5.73288E-5 2.17951E-4 2.02946E-4 1.80245E-4 2.00621E-4 2.50175E-4 1.77328E-4 2.32825E-4 2.91661E-4 2.94537E-4 2.39814E-4 2.98599E-4 2.59699E-4 2.48223E-4 1.7849E-4 6.87454E-5 8.15338E-5 2.44611E-4 1.61365E-4 1.55556E-4 1.76707E-4 1.33642E-4 8.45927E-5 9.36288E-5 2.33909E-4 1.1844E-4 1.00901E-4 8.97386E-5 1.00562E-4
1.73606E-5 2.14912E-5 2.44902E-5 4.73231E-5 3.39529E-5 2.63385E-5 2.60837E-5 2.38398E-5 1.86245E-5 1.64779E-5 1.50462E-5 1.90109E-5 2.22045E-5 9.3875E-6 6.02128E-6 5.24013E-6 6.18789E-6 1.05751E-6 1.67739E-6 4.74017E-6 5.57008E-6 5.14756E-6 3.26556E-6 3.80327E-6 1.65988E-5 3.31849E-5 1.94967E-5 1.47044E-5 1.9702E-5 2.40029E-5 3.39546E-5 4.37163E-5 6.31551E-5 1.32512E-4 1.6924E-4 2.54354E-4 2.87503E-4 2.65049E-4 2.41095E-4 1.83159E-4 1.81262E-4 1.75827E-4 1.36196E-4 2.37451E-4 1.66441E-4 2.7159E-4 2.41436E-4 6.94284E-5 2.69798E-4 2.31248E-4 2.619E-4 1.91877E-4 2.54482E-4 2.09346E-4 1.68367E-4 2.67113E-4 2.57592E-4 1.28753E-4 1.35947E-4 1.50127E-4 9.86224E-5
1.72442E-5 1.72588E-5 2.50621E-5 4.14708E-5 3.7508E-5 2.58635E-5 2.71151E-5 3.05916E-5 2.36183E-5 3.04422E-5 1.78392E-5 1.88164E-5 1.38136E-5 1.13658E-5 9.28541E-6 4.04926E-6 9.3797E-6 2.3405E-6 1.27032E-6 1.02737E-6 4.55706E-6 5.90364E-6 5.50892E-6 3.57419E-6 9.36056E-6 4.42869E-6 6.68834E-6 1.33182E-5 1.45252E-5 2.9104E-5 3.44514E-5 4.50391E-5 6.29707E-5 3.00103E-4 3.05668E-4 2.0168E-4 1.91017E-4 2.7462E-4 2.75021E-4 2.46018E-4 2.21219E-4 1.6067E-4 1.85104E-4 2.7463E-4 2.3855E-4 2.66503E-4 7.06876E-5 6.72238E-5 1.36939E-4 1.50826E-4 2.71931E-4 1.95748E-4 2.48078E-4 2.41912E-4 1.23783E-4 2.15934E-4 2.65844E-4 1.49203E-4 8.27462E-5 6.45572E-5 7.06468E-5
2.68772E-5 3.90884E-5 3.11434E-5 3.00869E-5 5.59964E-5 2.98896E-5 2.37974E-5 2.14197E-5 2.41204E-5 2.41034E-5 2.06618E-5 2.03064E-5 7.66881E-6 1.36294E-5 6.91713E-6 3.74774E-6 2.40379E-6 1.47429E-5 4.00483E-6 1.56384E-6 1.24251E-6 2.96946E-6 6.29185E-6 8.36073E-6 9.48468E-6 1.51633E-5 1.34331E-5 1.35472E-5 1.61459E-5 1.86731E-5 2.74034E-5 4.84808E-5 5.95705E-5 2.47809E-4 2.98393E-4 2.79588E-4 2.67264E-4 2.64051E-4 2.44461E-4 2.83135E-4 3.00483E-4 2.39847E-4 1.85187E-4 2.15101E-4 1.82172E-4 2.08752E-4 6.32447E-5 6.08692E-5 1.01385E-4 2.41201E-4 2.53703E-4 2.69383E-4 1.93006E-4 2.39793E-4 2.6743E-4 2.41751E-4 2.66033E-4 9.46734E-5 5.92805E-5 6.7454E-5 8.73897E-5
4.89872E-5 6.28266E-5 8.34383E-5 4.25142E-5 2.76057E-5 3.11496E-5 2.81581E-5 2.21511E-5 2.6157E-5 2.29744E-5 2.56111E-5 1.66597E-5 1.1982E-5 1.57606E-5 6.36932E-6 2.886E-6 3.98091E-6 7.7352E-6 8.05953E-6 2.0551E-6 7.50047E-7 4.88633E-6 1.923E-6 9.54723E-6 4.81102E-6 6.11255E-6 4.76341E-6 9.06986E-6 1.37152E-5 1.41129E-5 2.30998E-5 4.59205E-5 6.54295E-5 8.39126E-5 7.95414E-5 5.47069E-5 7.64206E-5 1.37677E-4 2.48234E-4 1.53719E-4 7.58856E-5 6.75334E-5 7.70743E-5 1.3192E-4 2.5715E-4 2.32622E-4 6.53865E-5 6.29614E-5 9.16071E-5 2.31775E-4 2.5416E-4 1.43692E-4 2.0719E-4 2.48476E-4 2.44987E-4 2.28008E-4 1.28234E-4 8.81444E-5 6.54258E-5 6.31269E-5 6.54766E-5
6.44476E-5 1.1402E-4 1.39673E-4 1.96275E-4 6.4277E-5 3.44678E-5 3.69626E-5 3.5733E-5 2.3234E-5 2.115E-5 2.6826E-5 2.19943E-5 2.48795E-5 1.72605E-5 9.5119E-6 4.7822E-6 5.2537E-6 1.90908E-6 5.5884E-7 5.43578E-6 2.84143E-6 5.31989E-6 1.10421E-5 3.45655E-6 7.5283E-6 5.73843E-6 2.07932E-6 9.3334E-6 1.07047E-5 1.75141E-5 2.14712E-5 4.17219E-5 5.34591E-5 7.35547E-5 4.51512E-5 5.586E-5 5.44987E-5 7.12697E-5 1.64796E-4 8.23346E-5 7.40695E-5 7.04454E-5 7.04787E-5 6.61043E-5 1.32461E-4 2.42848E-4 2.38283E-4 8.72848E-5 1.50931E-4 2.43603E-4 2.00532E-4 2.5632E-4 1.18132E-4 1.40877E-4 1.2882E-4 1.08024E-4 5.81757E-5 8.53189E-5 9.96366E-5 9.13045E-5 8.50722E-5
5.69132E-5 6.87448E-5 8.98781E-5 1.10171E-4 1.47322E-4 1.01583E-4 4.27445E-5 2.69706E-5 2.34286E-5 2.27176E-5 2.23833E-5 2.04522E-5 1.87023E-5 1.85516E-5 1.11465E-5 7.59895E-6 7.64346E-6 6.92201E-6 3.89493E-6 6.37101E-7 1.19478E-6 2.41586E-6 7.5027E-6 2.66317E-6 3.0063E-6 4.44139E-6 3.71422E-6 4.64821E-6 1.54298E-5 1.51071E-5 2.11646E-5 3.81216E-5 3.76729E-5 5.28069E-5 5.50588E-5 5.15614E-5 4.32502E-5 5.65399E-5 6.5704E-5 6.33026E-5 6.28448E-5 5.87877E-5 6.1519E-5 5.93378E-5 6.89711E-5 7.38915E-5 6.26992E-5 1.01666E-4 2.37437E-4 2.65075E-4 1.72139E-4 2.48573E-4 8.43372E-5 8.37164E-5 1.98965E-4 9.17715E-5 5.85139E-5 5.34507E-5 5.82776E-5 5.84703E-5 1.16588E-4
3.58699E-5 4.04009E-5 4.07527E-5 5.63951E-5 7.51843E-5 5.82937E-5 4.02093E-5 3.20289E-5 2.71122E-5 3.47089E-5 4.96612E-5 3.27095E-5 3.13123E-5 3.19061E-5 1.85381E-5 1.13344E-5 1.42321E-5 8.65908E-6 4.928E-6 1.77444E-6 1.40142E-6 6.58836E-6 1.62344E-6 5.26434E-6 2.42427E-5 3.18163E-6 1.14167E-5 3.13484E-6 5.72392E-6 1.25789E-5 1.56434E-5 3.75152E-5 4.40555E-5 3.9632E-5 4.59602E-5 4.10504E-5 3.66365E-5 5.28994E-5 4.95468E-5 5.89307E-5 5.44755E-5 5.19037E-5 5.45046E-5 5.35735E-5 6.53431E-5 5.94991E-5 5.76245E-5 2.2309E-4 2.56417E-4 2.25227E-4 1.70828E-4 2.06744E-4 7.79508E-5 5.008E-5 5.44314E-5 5.40802E-5 5.41986E-5 5.67325E-5 5.19488E-5 5.21156E-5 5.89016E-5
2.33911E-5 2.36733E-5 2.89468E-5 2.14765E-5 6.65798E-5 6.10936E-5 4.40612E-5 2.81589E-5 2.79531E-5 4.28316E-5 5.47484E-5 5.9617E-5 3.12817E-5 2.14276E-5 1.90037E-5 1.3722E-5 2.13671E-5 1.91739E-5 1.27254E-5 2.41974E-6 2.48513E-6 1.56063E-6 2.95067E-6 1.33498E-6 4.78186E-6 4.1134E-6 6.13104E-6 3.55764E-6 7.51946E-6 9.90525E-6 1.0026E-5 1.87831E-5 3.52122E-5 1.3132E-5 2.9611E-5 3.75096E-5 5.00889E-5 6.02056E-5 4.78176E-5 5.25722E-5 4.98794E-5 5.87601E-5 4.96577E-5 4.91202E-5 5.34259E-5 5.26581E-5 5.52469E-5 1.70815E-4 2.48819E-4 1.69518E-4 2.06977E-4 1.39555E-4 4.81914E-5 4.64716E-5 4.95461E-5 4.64301E-5 6.29906E-5 5.10178E-5 5.36695E-5 5.45699E-5 6.19113E-5
2.92951E-5 1.88084E-5 4.29723E-5 2.75197E-5 4.43849E-5 3.75446E-5 2.84782E-5 2.894E-5 3.74006E-5 5.0209E-5 4.32339E-5 7.19791E-5 3.70135E-5 2.16124E-5 1.63842E-5 1.75813E-5 1.40881E-5 1.49158E-5 8.53914E-6 1.52448E-6 6.72044E-7 2.49306E-6 2.27965E-6 2.93971E-6 1.51868E-6 6.46088E-6 5.40875E-6 1.95227E-6 4.75476E-6 6.21429E-6 1.52942E-5 3.01967E-5 1.67457E-5 1.45796E-5 3.69527E-5 5.09086E-5 5.28104E-5 4.31245E-5 4.1334E-5 4.94326E-5 4.63277E-5 4.27672E-5 4.40178E-5 4.2217E-5 4.68167E-5 5.51846E-5 4.97813E-5 1.60055E-4 2.09343E-4 1.73738E-4 6.19231E-5 5.22932E-5 4.65457E-5 4.56424E-5 4.48986E-5 4.73929E-5 5.14974E-5 3.74514E-5 3.37741E-5 4.34767E-5 5.83204E-5
7.53706E-5 1.0176E-4 5.18808E-5 4.91997E-5 8.62303E-5 4.02979E-5 2.67189E-5 3.02528E-5 5.85572E-5 5.77786E-5 6.35033E-5 8.96582E-5 3.67945E-5 4.50958E-6 1.93658E-5 1.7289E-5 1.14252E-5 1.52038E-5 1.45643E-5 8.94834E-7 3.26733E-6 3.34027E-6 2.85747E-6 2.21945E-6 4.22456E-6 5.0113E-6 1.10036E-5 6.42267E-6 6.50791E-6 1.30753E-5 1.15682E-5 1.74128E-5 1.47707E-5 1.75614E-5 2.73408E-5 4.38731E-5 3.12352E-5 4.94056E-5 5.04626E-5 5.67857E-5 4.48468E-5 3.97919E-5 3.80023E-5 3.63849E-5 4.12234E-5 4.302E-5 4.5298E-5 5.61895E-5 1.0113E-4 1.50852E-4 5.55911E-5 5.34112E-5 5.27617E-5 4.77579E-5 5.09237E-5 4.76536E-5 4.15707E-5 2.86988E-5 3.60416E-5 3.44157E-5 5.18316E-5
5.66788E-5 4.1619E-5 1.663E-4 1.77065E-4 4.61351E-5 4.98032E-5 5.07907E-5 5.65676E-5 3.0522E-5 4.09503E-5 4.20617E-5 5.74566E-5 1.53704E-5 6.91417E-6 1.66854E-5 1.10243E-5 9.96767E-6 9.03732E-6 9.96079E-6 3.63277E-6 5.44147E-6 4.77101E-7 7.85408E-6 4.9127E-6 9.72461E-7 3.27942E-6 4.56595E-6 5.90979E-6 6.29789E-6 1.66396E-5 1.99221E-5 1.83428E-5 1.72064E-5 2.57708E-5 2.38943E-5 3.17841E-5 4.73872E-5 6.15017E-5 8.07821E-5 4.11795E-5 3.77477E-5 3.48108E-5 3.78601E-5 3.61381E-5 4.13704E-5 5.9033E-5 4.7052E-5 4.79469E-5 6.08223E-5 1.29505E-4 5.50246E-5 5.11401E-5 5.13668E-5 5.06378E-5 4.27967E-5 7.25832E-5 3.56404E-5 3.42481E-5 4.19879E-5 5.89445E-5 7.06169E-5
4.71873E-5 4.90184E-5 5.08672E-5 5.37719E-5 3.26504E-5 4.1953E-5 4.93949E-5 5.63818E-5 3.97097E-5 3.94594E-5 3.78233E-5 3.32855E-5 1.1618E-5 1.06662E-5 1.07715E-5 1.2295E-6 8.96038E-6 6.29206E-6 1.53186E-6 1.41676E-5 1.22951E-6 3.74937E-6 1.82098E-6 2.09807E-6 7.1639E-6 2.18988E-6 4.47714E-6 7.58178E-6 1.50893E-5 1.72448E-5 1.81184E-5 2.04491E-5 2.17985E-5 2.82831E-5 2.5881E-5 2.4935E-5 3.81452E-5 4.36833E-5 5.2786E-5 3.83541E-5 2.81308E-5 3.74171E-5 3.51436E-5 3.09484E-5 3.54126E-5 4.18173E-5 5.27713E-5 5.24391E-5 5.43356E-5 5.87594E-5 6.32909E-5 5.11085E-5 5.49384E-5 5.75702E-5 5.4792E-5 4.49016E-5 4.95392E-5 7.08526E-5 5.49599E-5 1.05238E-4 6.46676E-5
2.89382E-5 3.21743E-5 4.03319E-5 4.18666E-5 4.59698E-5 6.64598E-5 6.37055E-5 6.08896E-5 6.64038E-5 3.81308E-5 4.16105E-5 1.80464E-5 4.34687E-6 7.14292E-6 1.23357E-5 2.90225E-6 7.33917E-6 4.28474E-6 9.08998E-7 6.2849E-6 1.20112E-5 1.69756E-6 2.06746E-6 1.23082E-6 1.7367E-6 2.65398E-6 1.15875E-5 5.0044E-6 1.31651E-6 7.41079E-6 1.75038E-5 2.01798E-5 1.89981E-5 2.43307E-5 2.57696E-5 3.32453E-5 3.83506E-5 3.60668E-5 4.13667E-5 2.84006E-5 3.0932E-5 3.36117E-5 2.71487E-5 3.24351E-5 3.07386E-5 3.37342E-5 4.49483E-5 5.02714E-5 4.96823E-5 5.77393E-5 6.21963E-5 5.40043E-5 4.85119E-5 5.07872E-5 6.43415E-5 7.08688E-5 7.01698E-5 5.01783E-5 4.43439E-5 6.68239E-5 7.86159E-5
3.81154E-5 3.28236E-5 3.73831E-5 3.506E-5 5.08505E-5 9.352E-5 1.28859E-4 5.95096E-5 6.58674E-5 4.06048E-5 3.91706E-5 2.3297E-5 3.61227E-6 6.28585E-6 1.16345E-5 3.04907E-6 3.74923E-6 2.94928E-6 5.13978E-6 1.66691E-6 1.77169E-6 1.55517E-5 2.11787E-5 7.8932E-7 2.37506E-6 8.23593E-6 1.29367E-5 6.30635E-6 1.05673E-5 7.76703E-6 7.7901E-6 2.20905E-5 2.2296E-5 3.39935E-5 3.62699E-5 3.8367E-5 3.37098E-5 3.01617E-5 3.34236E-5 2.86627E-5 3.20175E-5 3.98181E-5 2.52117E-5 3.03751E-5 3.01617E-5 3.46771E-5 4.07322E-5 5.10197E-5 5.09698E-5 5.56404E-5 5.57471E-5 5.90276E-5 5.06419E-5 5.22301E-5 5.36567E-5 6.3345E-5 9.5087E-5 6.02478E-5 7.62287E-5 6.38477E-5 6.67749E-5
3.38256E-5 3.49611E-5 3.29104E-5 3.7109E-5 3.66322E-5 4.23777E-5 1.17238E-4 6.95598E-5 6.40859E-5 4.55697E-5 5.60053E-5 3.30827E-5 9.12351E-6 1.30371E-5 7.27881E-6 4.78021E-6 4.03022E-6 7.47619E-6 3.21137E-6 2.02869E-6 4.96731E-7 9.99601E-6 2.12929E-5 1.00005E-6 2.60756E-6 2.29695E-6 2.35444E-6 3.10977E-6 9.91896E-6 5.49311E-6 7.92026E-6 1.4395E-5 3.01125E-5 2.13751E-5 2.53273E-5 3.11015E-5 3.86138E-5 4.16392E-5 4.13087E-5 3.5863E-5 4.6868E-5 3.92823E-5 3.15823E-5 2.82983E-5 3.27797E-5 4.56195E-5 3.98563E-5 5.05843E-5 4.42605E-5 6.04802E-5 5.39622E-5 7.2417E-5 7.28157E-5 5.48466E-5 5.62951E-5 5.52876E-5 7.65121E-5 1.01752E-4 1.25359E-4 9.34619E-5 7.2903E-5
3.18409E-5 3.62409E-5 5.97453E-5 3.86519E-5 3.92811E-5 5.80458E-5 6.14998E-5 4.85734E-5 3.61409E-5 4.96877E-5 7.92846E-5 3.13824E-5 2.52407E-5 1.49041E-5 1.23065E-5 1.12515E-5 4.01718E-6 1.09876E-5 4.43508E-6 1.7762E-6 6.59516E-7 1.23243E-6 1.57148E-5 1.43727E-5 3.9645E-6 8.0147E-6 1.34327E-6 3.96359E-6 5.13812E-6 5.85777E-6 1.74645E-5 1.39355E-5 4.54307E-5 4.13554E-5 4.27265E-5 3.52498E-5 4.67864E-5 3.47282E-5 5.78017E-5 5.38277E-5 3.30068E-5 3.32433E-5 3.46678E-5 3.32724E-5 3.92033E-5 3.48129E-5 4.09265E-5 4.67235E-5 5.35149E-5 5.43782E-5 5.22969E-5 6.00967E-5 6.46587E-5 7.20419E-5 5.64398E-5 7.02137E-5 8.68491E-5 1.06901E-4 1.21718E-4 6.3417E-5 8.33841E-5
4.41357E-5 3.39047E-5 6.95977E-5 3.71431E-5 4.06656E-5 5.32739E-5 7.89936E-5 7.28802E-5 4.67371E-5 3.65828E-5 5.77515E-5 3.47106E-5 2.48355E-5 1.86051E-5 5.06571E-6 9.28956E-6 7.73721E-6 1.23252E-5 3.32017E-6 2.86514E-6 2.09011E-6 2.28471E-6 6.14461E-6 2.34241E-5 6.39173E-6 2.48666E-6 3.37584E-6 1.09167E-5 6.64243E-6 7.9425E-6 2.89671E-5 3.87422E-5 2.69265E-5 2.54196E-5 3.11E-5 2.51385E-5 2.88374E-5 4.17042E-5 3.52636E-5 3.17477E-5 3.53874E-5 3.70295E-5 6.64396E-5 6.81551E-5 6.09621E-5 5.15616E-5 5.55632E-5 5.84824E-5 6.08283E-5 6.14252E-5 7.2376E-5 6.61414E-5 6.45752E-5 5.93357E-5 7.76692E-5 7.69938E-5 6.51858E-5 6.44349E-5 7.74556E-5 9.483E-5 1.41915E-4
3.72136E-5 3.5458E-5 6.44609E-5 4.68278E-5 4.66595E-5 4.32812E-5 6.9284E-5 7.65713E-5 4.26978E-5 4.65736E-5 4.13164E-5 3.89005E-5 2.25396E-5 6.19991E-6 1.42795E-5 7.38376E-6 7.064E-6 1.31588E-5 2.06053E-5 2.62254E-6 1.62714E-6 5.71498E-6 5.17684E-6 9.37483E-6 2.50122E-5 7.08093E-6 3.10354E-6 6.32759E-6 3.95101E-6 7.73346E-6 1.23425E-5 2.06147E-5 1.38701E-5 2.86965E-5 1.82345E-5 2.83747E-5 2.02189E-5 2.90594E-5 2.99917E-5 3.24984E-5 3.15487E-5 4.61153E-5 5.86602E-5 4.71103E-5 4.43215E-5 4.62498E-5 4.40572E-5 4.84103E-5 4.63664E-5 5.66968E-5 5.70647E-5 5.80586E-5 6.65925E-5 5.25089E-5 5.95955E-5 8.47599E-5 1.09176E-4 9.32083E-5 6.58906E-5 8.44342E-5 1.25876E-4
3.37246E-5 3.76865E-5 4.99076E-5 3.68356E-5 3.07939E-5 4.25618E-5 7.56274E-5 6.34732E-5 4.52291E-5 6.61252E-5 5.76195E-5 2.92034E-5 2.93322E-5 8.08639E-6 1.602E-5 4.79678E-6 4.07966E-6 1.55168E-5 1.51649E-5 2.73887E-6 1.88514E-6 2.14211E-6 3.70702E-6 6.14902E-6 1.95551E-5 1.57358E-5 4.49298E-6 1.74889E-5 6.90371E-6 4.56969E-6 8.52729E-6 2.35636E-5 1.36542E-5 4.0914E-5 2.38085E-5 2.84724E-5 3.07747E-5 2.6204E-5 3.00863E-5 3.10597E-5 3.30239E-5 3.69712E-5 5.04755E-5 3.99737E-5 4.27938E-5 5.81222E-5 5.60841E-5 4.66244E-5 4.9931E-5 5.5944E-5 3.92816E-5 5.78125E-5 4.99585E-5 5.63683E-5 5.30544E-5 7.28619E-5 9.60878E-5 1.22635E-4 2.12096E-4 1.62052E-4 2.64867E-4
3.70614E-5 3.51281E-5 3.83899E-5 3.63452E-5 4.01599E-5 4.98205E-5 5.64062E-5 7.0662E-5 3.81615E-5 5.2387E-5 5.30215E-5 2.67959E-5 3.20347E-5 1.9678E-5 1.01896E-5 5.81741E-6 7.33324E-6 1.15215E-5 1.56387E-5 5.54753E-6 1.5783E-5 7.5474E-6 8.53489E-6 3.952E-6 3.66508E-6 4.33619E-5 6.96464E-6 4.30114E-5 9.78015E-6 2.09264E-5 4.83425E-5 2.51947E-5 1.42278E-5 5.61559E-5 2.91008E-5 3.05266E-5 3.52502E-5 3.99932E-5 2.2793E-5 3.56554E-5 4.51995E-5 4.00232E-5 4.2711E-5 1.26869E-4 5.89403E-5 5.36498E-5 4.7383E-5 4.4732E-5 5.32268E-5 7.44539E-5 5.06674E-5 6.21585E-5 4.85603E-5 5.41418E-5 9.58355E-5 5.80551E-5 6.00012E-5 6.05572E-5 2.9244E-4 3.20683E-4 2.98785E-4
3.78088E-5 3.69008E-5 5.04998E-5 4.12565E-5 3.9278E-5 6.4593E-5 6.49322E-5 3.99365E-5 4.44646E-5 8.22585E-5 3.83419E-5 2.67853E-5 3.33902E-5 2.15899E-5 9.11272E-6 4.92184E-6 1.70526E-6 2.53902E-6 1.42233E-5 1.62946E-6 2.01755E-6 4.64807E-6 5.34829E-6 8.48507E-6 2.94169E-6 1.72239E-5 4.15858E-5 7.21916E-6 5.40269E-6 8.39639E-6 2.0871E-5 1.94168E-5 9.1377E-6 3.75434E-5 4.06065E-5 5.12982E-5 4.71461E-5 2.02645E-5 2.80207E-5 2.41825E-5 5.42759E-5 5.68298E-5 4.92193E-5 4.46993E-5 5.38048E-5 5.45958E-5 5.34423E-5 5.4427E-5 6.22639E-5 5.14631E-5 5.51141E-5 7.70361E-5 7.96806E-5 2.19228E-4 2.96706E-4 1.00425E-4 7.50012E-5 2.84382E-4 3.16939E-4 2.22127E-4 2.1351E-4
6.07277E-5 6.08793E-5 6.66378E-5 4.26283E-5 4.20706E-5 5.46207E-5 6.20818E-5 4.40952E-5 3.93948E-5 8.09874E-5 4.14689E-5 3.86631E-5 3.77828E-5 2.30515E-5 1.36464E-5 3.38468E-6 3.45861E-6 7.98104E-6 1.54053E-5 6.83588E-6 6.83328E-6 1.41685E-5 4.77407E-6 1.08519E-5 1.06995E-5 1.72571E-5 2.19157E-5 9.20499E-6 1.25911E-5 4.19611E-6 1.11854E-5 1.10303E-5 2.29352E-5 3.42932E-5 3.89475E-5 3.31312E-5 4.01727E-5 3.00308E-5 2.22039E-5 2.55137E-5 3.8432E-5 4.72954E-5 4.18083E-5 6.20391E-5 5.00547E-5 5.17435E-5 5.14709E-5 5.89701E-5 5.31541E-5 6.86204E-5 1.07438E-4 1.25514E-4 1.61276E-4 3.35822E-4 1.65092E-4 2.14471E-4 1.1552E-4 1.42009E-4 2.92715E-4 2.49226E-4 2.40553E-4
6.97449E-5 8.79616E-5 5.55827E-5 5.09667E-5 4.34141E-5 6.35325E-5 4.95087E-5 4.51226E-5 4.55213E-5 5.78599E-5 5.15264E-5 4.66844E-5 5.03474E-5 7.79314E-5 1.55285E-5 6.22642E-6 1.99806E-6 2.24696E-6 6.99639E-6 2.82353E-5 5.27882E-6 8.16097E-6 1.88022E-5 1.37882E-5 1.54787E-6 3.0464E-6 1.11871E-5 2.5681E-5 2.54006E-5 8.11426E-6 3.3579E-5 1.42294E-5 2.81549E-5 2.15576E-5 1.79029E-5 2.42522E-5 2.65919E-5 2.30822E-5 1.74E-5 2.0781E-5 4.48319E-5 3.97308E-5 5.56035E-5 6.1774E-5 4.98491E-5 5.78454E-5 5.87759E-5 5.8625E-5 7.65557E-5 1.16116E-4 2.14831E-4 1.93976E-4 2.82615E-4 2.28258E-4 1.01213E-4 1.75956E-4 2.55224E-4 1.65624E-4 2.68038E-4 3.31934E-4 2.80871E-4
7.17452E-5 6.44213E-5 6.08034E-5 5.43197E-5 4.31744E-5 4.47493E-5 6.81471E-5 4.66759E-5 6.90379E-5 5.25253E-5 5.4211E-5 3.73965E-5 3.71777E-5 3.08831E-5 1.98689E-5 9.60902E-6 2.04317E-5 6.3964E-6 5.63306E-6 1.77996E-6 4.23913E-6 9.1769E-6 5.52793E-6 3.59187E-6 7.02324E-6 1.81553E-5 7.15442E-6 4.20572E-6 3.51012E-5 7.93092E-6 3.29307E-5 3.50593E-5 4.51453E-5 1.85558E-5 2.44746E-5 3.04398E-5 5.52244E-5 3.31317E-5 1.74299E-5 2.93136E-5 5.69691E-5 6.00439E-5 5.6757E-5 4.66346E-5 4.92875E-5 4.74775E-5 5.06016E-5 5.22666E-5 6.42658E-5 6.5184E-5 8.35748E-5 7.59299E-5 1.95178E-4 2.14487E-4 2.62823E-4 2.2664E-4 2.9789E-4 1.36884E-4 3.42345E-4 3.47611E-4 3.26155E-4
