Candidate_Models_July82022/M_0.8_F_lqp_Set_1_all/Bison.asc
ncols         290
nrows         380
xllcorner     -2197417.7431653
yllcorner     -584827.01486885
cellsize      10000.0
NODATA_value  -9999
[rows 54 to 80 of 380, columns 0 to 60 of 290]
-9999 -9999 -9999 -9999 -9999 -9999 -9999 -9999 -9999 -9999 -9999 -9999 -9999 -9999 -9999 -9999 -9999 -9999 -9999 -9999 -9999 -9999 -9999 -9999 -9999 -9999 -9999 2.60164E-5 8.17904E-6 9.65153E-6 1.27691E-5 2.32754E-5 1.30401E-5 1.60621E-5 8.97514E-6 7.36972E-6 8.75297E-6 6.7131E-6 7.82358E-6 7.33293E-6 1.09912E-5 6.48144E-6 8.32168E-6 9.3341E-6 9.48801E-6 7.33777E-6 5.2399E-6 5.01018E-6 4.04753E-6 3.9823E-6 3.56066E-6 4.02726E-6 3.74513E-6 5.04079E-6 5.1503E-6 4.0012E-6 4.39207E-6 5.19661E-6 6.04246E-6 6.32148E-6 6.79888E-6
-9999 -9999 -9999 -9999 -9999 -9999 -9999 -9999 -9999 -9999 -9999 -9999 -9999 -9999 -9999 -9999 -9999 -9999 -9999 -9999 -9999 -9999 -9999 -9999 -9999 -9999 1.655E-5 1.6415E-5 1.14824E-5 8.18392E-6 1.95378E-5 2.79896E-5 1.41414E-5 1.21519E-5 1.31845E-5 9.79305E-6 7.46846E-6 1.01361E-5 8.29925E-6 6.19972E-6 7.84191E-6 8.22525E-6 8.97635E-6 9.41996E-6 1.22958E-5 7.70274E-6 9.09719E-6 8.3371E-6 8.70478E-6 6.08646E-6 4.4467E-6 4.32496E-6 4.35603E-6 4.66849E-6 7.06511E-6 5.36967E-6 4.39906E-6 5.30185E-6 6.69126E-6 5.7148E-6 6.77616E-6
-9999 -9999 -9999 -9999 -9999 -9999 -9999 -9999 -9999 -9999 -9999 -9999 -9999 -9999 -9999 -9999 -9999 -9999 -9999 -9999 -9999 -9999 -9999 -9999 -9999 -9999 8.40009E-6 7.37796E-6 5.7541E-6 5.06574E-6 8.34448E-6 1.04908E-5 9.70678E-6 7.80167E-6 8.55959E-6 6.94032E-6 9.42837E-6 8.48174E-6 8.38571E-6 6.35657E-6 7.48325E-6 8.3292E-6 1.12882E-5 1.00825E-5 1.06613E-5 1.48897E-5 1.33536E-5 1.10672E-5 8.08003E-6 6.65611E-6 6.95624E-6 4.08952E-6 3.97632E-6 7.28132E-6 7.32584E-6 4.86222E-6 5.38821E-6 3.4417E-6 5.13927E-6 6.1534E-6 9.7257E-6
-9999 -9999 -9999 -9999 -9999 -9999 -9999 -9999 -9999 -9999 -9999 -9999 -9999 -9999 -9999 -9999 -9999 -9999 -9999 -9999 -9999 -9999 -9999 -9999 -9999 9.5377E-6 5.01437E-6 5.69823E-6 7.24078E-6 6.58925E-6 8.84959E-6 9.51469E-6 1.30879E-5 1.1125E-5 1.29684E-5 1.07454E-5 5.50804E-6 9.07794E-6 7.71507E-6 7.2451E-6 1.04245E-5 6.19849E-6 6.19473E-6 1.2104E-5 8.0635E-6 1.62559E-5 1.17888E-5 1.21498E-5 7.39371E-6 7.80473E-6 7.73322E-6 6.37853E-6 7.38958E-6 9.02489E-6 8.39117E-6 6.11052E-6 4.17208E-6 5.68252E-6 5.35584E-6 6.46107E-6 5.12454E-6
-9999 -9999 -9999 -9999 -9999 -9999 -9999 -9999 -9999 -9999 -9999 -9999 -9999 -9999 -9999 -9999 -9999 -9999 -9999 -9999 -9999 -9999 -9999 -9999 1.21797E-5 1.01616E-5 8.25265E-6 8.21111E-6 4.6794E-6 8.53588E-6 8.76877E-6 1.18794E-5 1.1241E-5 1.16013E-5 1.87635E-5 1.47535E-5 8.22577E-6 1.02536E-5 7.03799E-6 8.71212E-6 5.43908E-6 9.9315E-6 6.0257E-6 1.14577E-5 8.31559E-6 1.32608E-5 1.27539E-5 1.07562E-5 8.92484E-6 9.24451E-6 7.24393E-6 9.09685E-6 5.9745E-6 7.67541E-6 1.00264E-5 6.26281E-6 6.69936E-6 5.76929E-6 5.91153E-6 5.54087E-6 6.87829E-6
-9999 -9999 -9999 -9999 -9999 -9999 -9999 -9999 -9999 -9999 -9999 -9999 -9999 -9999 -9999 -9999 -9999 -9999 -9999 -9999 -9999 -9999 -9999 1.40852E-5 1.31889E-5 1.36822E-5 1.20872E-5 2.13961E-5 1.9925E-5 6.46281E-6 1.1619E-5 1.05764E-5 1.23615E-5 1.41129E-5 1.77908E-5 1.08702E-5 7.94544E-6 1.18039E-5 1.20499E-5 8.33192E-6 7.8722E-6 9.48142E-6 9.82661E-6 8.89141E-6 8.70616E-6 1.01545E-5 9.86999E-6 1.548E-5 7.67374E-6 7.39289E-6 1.04962E-5 7.43334E-6 9.02162E-6 8.13729E-6 1.10622E-5 9.76789E-6 5.29953E-6 4.75628E-6 5.76272E-6 5.66823E-6 5.56647E-6
-9999 -9999 -9999 -9999 -9999 -9999 -9999 -9999 -9999 -9999 -9999 -9999 -9999 -9999 -9999 -9999 -9999 -9999 -9999 -9999 -9999 -9999 -9999 1.96363E-5 1.33798E-5 1.37196E-5 1.37317E-5 1.4705E-5 5.30009E-6 1.35238E-5 1.92619E-5 1.47596E-5 9.02966E-6 5.59796E-6 8.46721E-6 9.36187E-6 9.97556E-6 1.61236E-5 1.13236E-5 1.0247E-5 9.88172E-6 4.703E-6 5.45166E-6 9.62565E-6 7.38602E-6 6.57139E-6 1.41048E-5 1.62502E-5 1.03904E-5 7.74083E-6 7.84775E-6 1.21932E-5 1.0781E-5 8.033E-6 7.49252E-6 8.957E-6 5.10441E-6 4.22166E-6 7.84962E-6 7.02732E-6 6.4519E-6
-9999 -9999 -9999 -9999 -9999 -9999 -9999 -9999 -9999 -9999 -9999 -9999 -9999 -9999 -9999 -9999 -9999 -9999 -9999 -9999 -9999 -9999 1.80053E-5 1.10933E-5 1.06446E-5 1.46855E-5 1.89942E-5 1.16713E-5 1.0366E-5 2.25406E-5 2.45541E-5 1.01308E-5 9.51112E-6 8.48165E-6 1.26834E-5 1.23657E-5 1.1693E-5 9.84148E-6 1.26642E-5 1.34448E-5 1.19794E-5 8.70107E-6 9.10738E-6 6.3406E-6 1.4667E-5 1.0267E-5 8.10653E-6 1.06973E-5 1.15046E-5 8.69613E-6 1.25893E-5 8.40907E-6 9.3771E-6 1.53129E-5 8.12624E-6 7.7944E-6 1.02741E-5 6.09167E-6 7.65545E-6 8.51956E-6 6.40186E-6
-9999 -9999 -9999 -9999 -9999 -9999 -9999 -9999 -9999 -9999 -9999 -9999 -9999 -9999 -9999 -9999 -9999 -9999 -9999 -9999 -9999 2.14623E-5 1.33579E-5 2.70763E-5 1.25417E-5 1.26168E-5 1.74083E-5 1.4834E-5 1.24417E-5 1.75469E-5 2.53464E-5 1.36385E-5 1.28793E-5 1.71032E-5 1.66753E-5 1.17464E-5 1.26451E-5 1.38282E-5 1.17408E-5 1.9157E-5 3.21944E-5 1.00847E-5 9.41036E-6 9.61342E-6 1.34292E-5 9.41227E-6 5.15408E-6 1.06211E-5 1.12101E-5 8.47286E-6 1.00288E-5 1.12635E-5 1.19805E-5 8.9565E-6 9.16255E-6 6.18492E-6 1.04721E-5 6.85744E-6 7.99464E-6 6.82708E-6 1.07883E-5
-9999 -9999 -9999 -9999 -9999 -9999 -9999 -9999 -9999 -9999 -9999 -9999 -9999 -9999 -9999 -9999 -9999 -9999 -9999 -9999 -9999 2.03496E-5 1.67415E-5 2.32126E-5 2.32087E-5 1.93382E-5 2.46463E-5 9.35396E-6 1.4325E-5 1.90996E-5 2.78106E-5 1.79206E-5 2.42109E-5 2.31091E-5 2.02318E-5 1.24929E-5 1.1572E-5 1.20424E-5 1.45949E-5 1.62895E-5 2.55233E-5 1.68319E-5 1.04363E-5 1.42727E-5 1.35898E-5 7.24061E-6 6.11184E-6 7.00326E-6 1.09231E-5 1.6595E-5 1.18955E-5 1.34041E-5 1.01684E-5 1.06736E-5 1.5159E-5 1.86431E-5 1.18627E-5 1.0627E-5 1.11779E-5 1.06786E-5 8.44617E-6
-9999 -9999 -9999 -9999 -9999 -9999 -9999 -9999 -9999 -9999 -9999 -9999 -9999 -9999 -9999 -9999 -9999 -9999 -9999 -9999 3.78099E-5 4.5792E-5 2.88549E-5 1.78281E-5 1.77367E-5 2.09484E-5 1.86316E-5 9.46233E-6 7.53221E-6 1.38826E-5 1.95132E-5 1.16819E-5 2.11414E-5 2.19714E-5 1.46274E-5 2.05739E-5 1.0871E-5 1.42894E-5 2.44873E-5 2.7329E-5 1.36512E-5 1.09027E-5 1.37222E-5 1.17555E-5 1.21934E-5 1.00109E-5 7.66856E-6 1.09837E-5 8.14768E-6 1.40518E-5 1.4262E-5 2.144E-5 1.9563E-5 1.27851E-5 1.99598E-5 1.55148E-5 1.62733E-5 8.6585E-6 1.37099E-5 5.87738E-6 1.17582E-5
-9999 -9999 -9999 -9999 -9999 -9999 -9999 -9999 -9999 -9999 -9999 -9999 -9999 -9999 -9999 -9999 -9999 -9999 -9999 2.3137E-5 2.73245E-5 4.42052E-5 4.4563E-5 1.33391E-5 1.70519E-5 2.76925E-5 1.5174E-5 1.27103E-5 1.31901E-5 1.32909E-5 1.11555E-5 1.09751E-5 1.31319E-5 2.22992E-5 2.58092E-5 2.55956E-5 1.48416E-5 1.77908E-5 3.0819E-5 2.29187E-5 9.65734E-6 1.14956E-5 8.40625E-6 1.05298E-5 1.25448E-5 9.942E-6 1.05065E-5 1.33629E-5 1.21105E-5 1.30503E-5 1.04096E-5 1.87408E-5 1.66393E-5 1.29927E-5 1.92214E-5 1.18999E-5 1.47243E-5 1.55909E-5 7.80334E-6 9.89581E-6 7.29752E-6
-9999 -9999 -9999 -9999 -9999 -9999 -9999 -9999 -9999 -9999 -9999 -9999 -9999 -9999 -9999 -9999 -9999 -9999 2.01349E-5 2.42019E-5 4.39266E-5 3.20538E-5 2.1135E-5 1.74229E-5 8.79505E-6 1.58818E-5 1.79095E-5 1.14652E-5 9.42336E-6 1.67964E-5 1.35667E-5 1.07123E-5 1.74368E-5 2.52661E-5 3.20998E-5 2.2138E-5 1.28576E-5 1.51698E-5 1.19585E-5 1.44249E-5 8.47676E-6 9.8974E-6 8.96402E-6 8.54053E-6 1.42827E-5 1.16383E-5 1.56397E-5 1.19644E-5 1.73285E-5 1.60251E-5 1.75667E-5 1.53208E-5 1.15817E-5 1.62635E-5 1.23983E-5 1.84169E-5 8.72448E-6 1.39683E-5 1.5483E-5 1.51164E-5 6.9143E-6
-9999 -9999 -9999 -9999 -9999 -9999 -9999 -9999 -9999 -9999 -9999 -9999 -9999 -9999 -9999 -9999 -9999 -9999 2.67027E-5 2.77639E-5 2.67038E-5 1.97831E-5 1.74187E-5 1.76604E-5 1.32165E-5 1.24055E-5 1.03983E-5 1.73779E-5 1.23657E-5 1.95483E-5 1.56859E-5 1.03138E-5 1.66407E-5 2.49816E-5 2.40848E-5 1.2303E-5 1.30313E-5 1.43031E-5 8.3452E-6 1.19434E-5 9.0895E-6 1.18503E-5 1.16165E-5 9.77342E-6 1.07604E-5 1.98503E-5 1.04238E-5 1.53912E-5 1.18894E-5 1.55813E-5 1.55637E-5 2.223E-5 1.44254E-5 1.80881E-5 1.54531E-5 1.38747E-5 1.52526E-5 1.06172E-5 1.48416E-5 1.23818E-5 7.51899E-6
-9999 -9999 -9999 -9999 -9999 -9999 -9999 -9999 -9999 -9999 -9999 -9999 -9999 -9999 -9999 -9999 -9999 2.99109E-5 1.925E-5 3.11841E-5 2.92517E-5 2.81918E-5 1.71986E-5 2.07395E-5 2.23132E-5 1.46492E-5 8.3363E-6 1.83655E-5 2.01913E-5 1.69954E-5 2.40233E-5 2.48892E-5 1.56159E-5 2.82229E-5 2.45997E-5 1.43517E-5 1.63108E-5 1.51566E-5 1.08853E-5 1.44507E-5 1.06324E-5 1.17318E-5 9.50376E-6 6.27517E-6 6.41078E-6 7.22605E-6 1.54425E-5 1.88445E-5 1.36449E-5 1.00939E-5 1.43371E-5 1.16055E-5 2.09625E-5 1.133E-5 1.47035E-5 1.12493E-5 1.19237E-5 1.20929E-5 1.2774E-5 1.11068E-5 1.90266E-5
-9999 -9999 -9999 -9999 -9999 -9999 -9999 -9999 -9999 -9999 -9999 -9999 -9999 -9999 -9999 -9999 2.19106E-5 2.11746E-5 1.46367E-5 1.39998E-5 1.93321E-5 1.75059E-5 1.356E-5 1.30821E-5 1.75328E-5 9.17952E-6 9.01825E-6 3.62917E-5 3.1338E-5 1.62841E-5 3.1637E-5 2.15076E-5 1.4174E-5 2.29915E-5 1.19169E-5 1.55874E-5 1.01594E-5 1.157E-5 1.24498E-5 1.17678E-5 1.32377E-5 1.06813E-5 7.71801E-6 1.93041E-5 8.54804E-6 6.70644E-6 1.69758E-5 1.45365E-5 2.18269E-5 1.45226E-5 2.26657E-5 4.45687E-5 2.15619E-5 1.33985E-5 1.85772E-5 1.46182E-5 1.8234E-5 2.13806E-5 1.4417E-5 7.27035E-6 1.18937E-5
-9999 -9999 -9999 -9999 -9999 -9999 -9999 -9999 -9999 -9999 -9999 -9999 -9999 -9999 -9999 -9999 2.09418E-5 1.22006E-5 1.53269E-5 1.1797E-5 1.34329E-5 1.06499E-5 1.1919E-5 1.03684E-5 1.98818E-5 8.66244E-6 9.27726E-6 2.24515E-5 4.08968E-5 1.97506E-5 1.49634E-5 2.56588E-5 1.50762E-5 2.81082E-5 2.19332E-5 1.22898E-5 1.21278E-5 1.16774E-5 1.31347E-5 1.40624E-5 1.83602E-5 1.02987E-5 1.3591E-5 7.12952E-6 2.01773E-5 1.09652E-5 6.84858E-6 8.43998E-6 1.20702E-5 9.30795E-6 2.04032E-5 4.44039E-5 1.93009E-5 1.40064E-5 9.18275E-6 9.06662E-6 1.08035E-5 1.66534E-5 1.5133E-5 1.28935E-5 1.86702E-5
-9999 -9999 -9999 -9999 -9999 -9999 -9999 -9999 -9999 -9999 -9999 -9999 -9999 -9999 -9999 1.35236E-5 1.97229E-5 1.52886E-5 8.7765E-6 6.82874E-6 1.12292E-5 9.48633E-6 1.01306E-5 1.24632E-5 1.01181E-5 8.03655E-6 1.5363E-5 9.53278E-6 1.54403E-5 2.77373E-5 2.07439E-5 1.51121E-5 1.86857E-5 1.69085E-5 1.58417E-5 1.40347E-5 1.4031E-5 1.08678E-5 1.03648E-5 1.11658E-5 1.37694E-5 1.06584E-5 1.29608E-5 1.39506E-5 7.62717E-6 1.13619E-5 1.88257E-5 1.3412E-5 1.23556E-5 1.48987E-5 1.41206E-5 1.32512E-5 1.00307E-5 1.45689E-5 1.27936E-5 9.22292E-6 1.36316E-5 2.39718E-5 9.70427E-6 1.72746E-5 1.29539E-5
-9999 -9999 -9999 -9999 -9999 -9999 -9999 -9999 -9999 -9999 -9999 -9999 -9999 -9999 5.65777E-6 6.42231E-6 1.2806E-5 1.50542E-5 7.59433E-6 1.01519E-5 7.70122E-6 1.03338E-5 1.01624E-5 1.45661E-5 1.04531E-5 1.34073E-5 1.22789E-5 1.24269E-5 1.58538E-5 2.26363E-5 2.14087E-5 2.8526E-5 1.71596E-5 1.34025E-5 1.38797E-5 1.52652E-5 1.61592E-5 1.18808E-5 1.05033E-5 9.01589E-6 1.05398E-5 1.46027E-5 1.3136E-5 1.63939E-5 1.65778E-5 2.29364E-5 1.40977E-5 1.32394E-5 1.30726E-5 1.10084E-5 1.44045E-5 2.00672E-5 8.65535E-6 8.77299E-6 1.27493E-5 1.24835E-5 1.79943E-5 1.07535E-5 1.42442E-5 1.00227E-5 8.04643E-6
-9999 -9999 -9999 -9999 -9999 -9999 -9999 -9999 -9999 -9999 -9999 -9999 -9999 -9999 1.25171E-5 9.61739E-6 1.02932E-5 1.53672E-5 1.72942E-5 1.66716E-5 9.05374E-6 8.56745E-6 1.12317E-5 1.45811E-5 2.43806E-5 1.28168E-5 2.01026E-5 2.14675E-5 2.42397E-5 9.04487E-6 1.84917E-5 2.36201E-5 1.76389E-5 1.90481E-5 1.95586E-5 1.75755E-5 3.02695E-5 1.42331E-5 2.32667E-5 9.67733E-6 9.79978E-6 9.40729E-6 1.26739E-5 1.32422E-5 1.22049E-5 1.02555E-5 1.24916E-5 1.48657E-5 1.32407E-5 1.71929E-5 1.87937E-5 1.10775E-5 1.13253E-5 1.6654E-5 2.0013E-5 1.87151E-5 2.2278E-5 2.73722E-5 1.78394E-5 3.09253E-5 3.96156E-5
-9999 -9999 -9999 -9999 -9999 -9999 -9999 -9999 -9999 -9999 -9999 -9999 -9999 1.97178E-5 3.15203E-5 2.30121E-5 2.58033E-5 2.31865E-5 1.95777E-5 1.67675E-5 8.3702E-6 1.0017E-5 1.53854E-5 2.6634E-5 1.40238E-5 1.70983E-5 1.12802E-5 2.3718E-5 2.70495E-5 2.09126E-5 1.67684E-5 1.58324E-5 2.04968E-5 2.86462E-5 2.15125E-5 2.85008E-5 3.74349E-5 3.22356E-5 3.88183E-5 1.35054E-5 1.25491E-5 9.63107E-6 1.06854E-5 1.37245E-5 9.24325E-6 1.0295E-5 7.2588E-6 1.86156E-5 6.81016E-6 9.24687E-6 1.78604E-5 1.53115E-5 1.01342E-5 8.07459E-6 2.2001E-5 1.99078E-5 3.02616E-5 2.58177E-5 1.78982E-5 2.51641E-5 1.10586E-5
-9999 -9999 -9999 -9999 -9999 -9999 -9999 -9999 -9999 -9999 -9999 -9999 2.13657E-5 1.31074E-5 1.14946E-5 2.09532E-5 1.77516E-5 1.76572E-5 1.9948E-5 1.27692E-5 1.29492E-5 1.19649E-5 9.49865E-6 6.95932E-6 1.24532E-5 9.45086E-6 2.09007E-5 2.70611E-5 2.9768E-5 2.87481E-5 1.71909E-5 1.55675E-5 2.3723E-5 1.7015E-5 2.35151E-5 1.85973E-5 2.65449E-5 2.4231E-5 1.54448E-5 1.0832E-5 1.29179E-5 1.0457E-5 1.52852E-5 1.78512E-5 1.67071E-5 9.60347E-6 1.42766E-5 8.40991E-6 1.43651E-5 7.31232E-6 1.48526E-5 9.89902E-6 2.16244E-5 2.38139E-5 1.95199E-5 8.89133E-6 2.61631E-5 2.27754E-5 1.81541E-5 1.69513E-5 1.45118E-5
-9999 -9999 -9999 -9999 -9999 -9999 -9999 -9999 -9999 -9999 -9999 1.36837E-5 3.78086E-5 3.35108E-5 2.16287E-5 2.02353E-5 2.08288E-5 1.56498E-5 1.42753E-5 1.36657E-5 1.66649E-5 1.71767E-5 1.17814E-5 1.23207E-5 1.20272E-5 1.55681E-5 2.15076E-5 2.49754E-5 1.91815E-5 3.62476E-5 1.36091E-5 1.64035E-5 2.59373E-5 1.80975E-5 1.38886E-5 1.803E-5 1.23336E-5 1.92688E-5 1.73937E-5 1.34046E-5 1.31437E-5 1.23648E-5 1.4745E-5 3.32876E-5 3.37584E-5 8.72348E-6 1.22646E-5 1.83866E-5 1.91154E-5 2.64503E-5 1.37378E-5 1.11856E-5 1.68034E-5 2.08488E-5 1.63297E-5 1.72759E-5 2.08039E-5 1.78668E-5 1.8277E-5 1.50953E-5 1.31989E-5
-9999 -9999 -9999 -9999 -9999 -9999 -9999 -9999 -9999 -9999 -9999 2.7513E-6 3.16195E-5 3.11184E-5 2.9868E-5 2.64341E-5 2.53171E-5 1.92977E-5 2.14778E-5 1.6974E-5 1.25889E-5 1.93872E-5 3.96421E-5 2.04907E-5 4.8041E-5 4.85208E-5 3.81692E-5 2.51039E-5 1.86681E-5 1.805E-5 1.12481E-5 1.4487E-5 2.07813E-5 1.9681E-5 2.30707E-5 2.11796E-5 1.61475E-5 1.71204E-5 1.07805E-5 1.09359E-5 1.31099E-5 1.59515E-5 1.59807E-5 3.2437E-5 2.87102E-5 7.92821E-6 9.47834E-6 6.37604E-6 8.14371E-6 1.45568E-5 1.0145E-5 8.85135E-6 1.81599E-5 2.00205E-5 1.66455E-5 1.8653E-5 1.79049E-5 1.7364E-5 1.55808E-5 1.50214E-5 1.2096E-5
-9999 -9999 -9999 -9999 -9999 -9999 -9999 -9999 -9999 -9999 1.78711E-6 2.85776E-6 4.72407E-6 2.60526E-5 3.2112E-5 2.77646E-5 2.35835E-5 2.36456E-5 2.40226E-5 2.02094E-5 1.94531E-5 1.85488E-5 1.91336E-5 2.36002E-5 2.8456E-5 4.97472E-5 4.74731E-5 1.83791E-5 1.76814E-5 2.14415E-5 1.61095E-5 8.30943E-6 1.96607E-5 2.0379E-5 2.05976E-5 1.52632E-5 1.1741E-5 1.34088E-5 1.99979E-5 1.53329E-5 1.31233E-5 1.29331E-5 2.09903E-5 2.17024E-5 3.84223E-5 8.06318E-6 7.12388E-6 1.19583E-5 1.68313E-5 2.06558E-5 1.29569E-5 1.90966E-5 3.77522E-5 4.34152E-5 2.80418E-5 1.7606E-5 1.54347E-5 1.36207E-5 5.68987E-6 1.14952E-5 1.0633E-5
-9999 -9999 -9999 -9999 -9999 -9999 -9999 -9999 -9999 1.83782E-6 1.21674E-6 2.70851E-6 2.16541E-6 1.38456E-5 3.57966E-5 3.25592E-5 1.77823E-5 2.40959E-5 2.61417E-5 3.30915E-5 2.29855E-5 2.39923E-5 2.09114E-5 4.72265E-5 8.17974E-5 6.87358E-5 6.87046E-5 2.10329E-5 2.17276E-5 2.05898E-5 2.06885E-5 8.71262E-6 1.55986E-5 2.56489E-5 1.85963E-5 1.60172E-5 1.07996E-5 1.16845E-5 1.32784E-5 1.49737E-5 8.8944E-6 9.59851E-6 1.37767E-5 4.04407E-5 2.03751E-5 1.62266E-5 1.06006E-5 1.76348E-5 1.54234E-5 1.31798E-5 1.61125E-5 2.9099E-5 2.62376E-5 1.60216E-5 1.35448E-5 1.56726E-5 1.97357E-5 6.60897E-6 1.23164E-5 5.21522E-6 9.08102E-6
-9999 -9999 -9999 -9999 -9999 -9999 -9999 -9999 -9999 2.72135E-6 1.61295E-6 1.01519E-6 6.57174E-6 9.06323E-6 3.09875E-5 3.05142E-5 2.24053E-5 1.81535E-5 2.60062E-5 2.35911E-5 3.262E-5 3.43691E-5 3.89152E-5 6.36853E-5 8.74708E-5 4.55462E-5 9.72777E-5 3.52479E-5 2.39722E-5 2.603E-5 1.97456E-5 1.49047E-5 2.20305E-5 1.99569E-5 1.77279E-5 2.13311E-5 1.37919E-5 1.02799E-5 9.51813E-6 2.19631E-5 1.70122E-5 1.86049E-5 1.69559E-5 2.08591E-5 1.43089E-5 2.17195E-5 3.27352E-5 3.19811E-5 1.89406E-5 1.40455E-5 1.5916E-5 1.49434E-5 1.4249E-5 1.74459E-5 1.74596E-5 1.53832E-5 1.09128E-5 8.57937E-6 1.05934E-5 1.09571E-5 8.601E-6
