Candidate_Models_July82022/M_0.8_F_lqp_Set_1_all/Bison.asc
ncols         290
nrows         380
xllcorner     -2197417.7431653
yllcorner     -584827.01486885
cellsize      10000.0
NODATA_value  -9999
[rows 189 to 215 of 380, columns 183 to 243 of 290]
3.48395E-5 3.64945E-5 3.50433E-5 3.26934E-5 2.8392E-5 2.92589E-5 3.16785E-5 3.31515E-5 2.48482E-5 2.464E-5 2.53538E-5 2.35556E-5 2.6166E-5 2.20112E-5 2.20984E-5 2.10567E-5 2.30076E-5 1.9515E-5 1.91697E-5 1.96317E-5 2.51217E-5 1.90153E-5 1.66809E-5 1.94873E-5 2.00468E-5 1.75249E-5 1.93921E-5 1.95267E-5 1.72157E-5 1.81356E-5 1.78216E-5 1.73558E-5 1.7966E-5 2.00602E-5 1.62734E-5 1.43831E-5 1.82831E-5 1.80178E-5 1.80251E-5 1.77866E-5 1.50412E-5 1.35213E-5 1.33587E-5 1.32599E-5 1.34349E-5 1.30756E-5 1.54249E-5 1.39108E-5 1.73894E-5 1.21107E-5 1.24628E-5 1.05769E-5 1.21062E-5 1.10045E-5 1.16916E-5 1.14105E-5 1.24255E-5 1.11724E-5 1.21617E-5 -9999 -9999
3.20873E-5 3.92162E-5 3.58865E-5 3.35706E-5 3.61883E-5 3.21357E-5 2.95921E-5 2.81252E-5 2.24187E-5 2.57016E-5 3.14492E-5 2.66242E-5 2.39331E-5 2.60976E-5 2.11911E-5 2.14587E-5 2.1014E-5 2.01914E-5 2.00598E-5 1.94145E-5 2.14036E-5 1.80585E-5 1.79299E-5 1.89353E-5 1.96426E-5 1.83879E-5 1.80076E-5 1.7602E-5 1.89151E-5 1.86611E-5 1.63369E-5 1.59799E-5 1.77783E-5 1.74957E-5 1.89399E-5 1.99462E-5 2.21814E-5 2.05422E-5 1.76374E-5 1.63552E-5 1.34562E-5 1.44028E-5 1.6177E-5 1.53041E-5 1.33506E-5 1.33119E-5 1.36907E-5 1.66312E-5 2.81992E-5 1.38742E-5 1.15085E-5 1.07692E-5 1.34401E-5 1.17283E-5 1.04662E-5 1.14966E-5 1.28602E-5 1.31621E-5 1.19011E-5 -9999 -9999
3.3845E-5 3.58212E-5 3.5215E-5 3.45757E-5 4.06046E-5 3.19941E-5 2.68719E-5 2.35376E-5 2.40766E-5 3.28273E-5 2.95969E-5 2.83741E-5 2.41796E-5 3.79975E-5 2.35759E-5 2.13209E-5 2.23308E-5 2.10839E-5 2.09807E-5 2.05699E-5 1.85583E-5 1.75397E-5 1.87113E-5 1.70191E-5 1.79852E-5 1.97878E-5 1.74811E-5 1.68063E-5 1.60795E-5 2.0171E-5 1.79042E-5 1.85184E-5 1.92408E-5 1.79749E-5 2.01123E-5 1.77612E-5 1.7444E-5 1.99653E-5 1.6618E-5 1.85051E-5 1.79689E-5 1.69618E-5 1.56309E-5 1.48852E-5 1.51067E-5 1.44836E-5 1.30759E-5 1.34203E-5 1.27218E-5 1.27756E-5 1.20657E-5 2.08835E-5 1.45492E-5 1.08772E-5 1.08854E-5 1.26232E-5 1.29968E-5 1.35856E-5 -9999 -9999 -9999
4.8972E-5 4.12833E-5 3.52573E-5 3.34427E-5 3.27848E-5 3.10431E-5 4.48116E-5 4.8202E-5 3.08479E-5 2.93294E-5 2.58566E-5 2.72609E-5 2.59744E-5 2.38971E-5 2.40385E-5 2.34152E-5 2.25785E-5 2.01074E-5 2.01576E-5 1.84201E-5 1.77551E-5 1.88115E-5 3.004E-5 2.18886E-5 1.76664E-5 1.99961E-5 1.90429E-5 1.99815E-5 1.88227E-5 1.58538E-5 1.71982E-5 1.7361E-5 1.69483E-5 1.89414E-5 1.88949E-5 1.62611E-5 1.41708E-5 1.80225E-5 1.8562E-5 3.98024E-5 2.04555E-5 1.7422E-5 1.80675E-5 1.69366E-5 1.53629E-5 1.42048E-5 1.48405E-5 1.37518E-5 1.32266E-5 1.28535E-5 1.59399E-5 1.26297E-5 1.13217E-5 1.12873E-5 1.21752E-5 1.3647E-5 1.44415E-5 1.36895E-5 -9999 -9999 -9999
3.64394E-5 3.58606E-5 3.55437E-5 3.40677E-5 3.48952E-5 3.93735E-5 3.70925E-5 6.90121E-5 3.11299E-5 3.10585E-5 2.65868E-5 2.73419E-5 2.46037E-5 2.51948E-5 2.4762E-5 2.38787E-5 2.33638E-5 2.08129E-5 1.98666E-5 1.86185E-5 1.97689E-5 2.87943E-5 3.0863E-5 4.1089E-5 1.93429E-5 1.8335E-5 1.77089E-5 1.85368E-5 1.64447E-5 1.55519E-5 1.98728E-5 2.22878E-5 1.88776E-5 1.9562E-5 1.92043E-5 1.84045E-5 2.05534E-5 1.99275E-5 2.12542E-5 4.3483E-5 2.02344E-5 1.84596E-5 1.74906E-5 1.67955E-5 1.70451E-5 1.51808E-5 1.35303E-5 1.29242E-5 1.28986E-5 1.23459E-5 1.63278E-5 1.43764E-5 1.55593E-5 1.42974E-5 1.14842E-5 1.27154E-5 1.30144E-5 1.273E-5 -9999 -9999 -9999
4.03157E-5 4.00275E-5 5.80355E-5 3.43047E-5 3.34114E-5 3.93285E-5 3.18246E-5 3.14199E-5 3.20403E-5 2.92564E-5 2.73937E-5 2.51355E-5 2.56423E-5 2.62547E-5 2.46453E-5 2.3615E-5 2.30001E-5 2.36725E-5 2.05088E-5 2.32153E-5 2.11357E-5 1.95194E-5 3.24985E-5 2.16895E-5 2.33882E-5 2.00366E-5 1.94362E-5 1.78182E-5 2.38181E-5 1.96149E-5 1.98694E-5 1.8497E-5 1.8021E-5 2.02549E-5 1.60623E-5 1.60424E-5 1.78175E-5 1.71174E-5 2.27535E-5 2.16355E-5 1.90454E-5 1.96413E-5 1.83669E-5 1.66541E-5 1.61046E-5 1.53211E-5 1.33476E-5 1.37593E-5 1.37952E-5 1.30303E-5 1.36944E-5 1.33847E-5 1.23719E-5 1.40701E-5 1.25388E-5 1.20097E-5 1.25027E-5 -9999 -9999 -9999 -9999
6.37294E-5 3.8195E-5 4.0374E-5 6.83152E-5 4.86034E-5 3.51938E-5 4.00307E-5 5.78892E-5 5.71075E-5 3.99509E-5 2.76104E-5 2.46706E-5 2.69172E-5 2.72221E-5 2.48625E-5 2.47005E-5 2.33977E-5 2.34558E-5 2.55515E-5 2.30496E-5 2.26556E-5 2.15258E-5 2.23663E-5 4.58848E-5 2.39444E-5 2.06268E-5 1.92988E-5 1.66148E-5 1.87968E-5 1.81603E-5 1.92135E-5 1.66036E-5 1.74019E-5 1.95293E-5 1.85622E-5 1.95739E-5 1.70494E-5 1.6091E-5 2.29428E-5 2.0037E-5 2.08777E-5 2.29571E-5 2.08739E-5 1.80989E-5 1.74321E-5 1.55495E-5 1.46287E-5 1.51073E-5 1.38082E-5 1.39576E-5 1.38341E-5 1.458E-5 1.51247E-5 1.53466E-5 1.41587E-5 1.29513E-5 1.45298E-5 -9999 -9999 -9999 -9999
9.25705E-5 3.98465E-5 4.03648E-5 5.44019E-5 3.3439E-5 4.78835E-5 4.0814E-5 7.13709E-5 7.68185E-5 2.80949E-5 5.20536E-5 6.77116E-5 2.47079E-5 2.90365E-5 2.66828E-5 2.60713E-5 2.48933E-5 2.25211E-5 2.30084E-5 2.25392E-5 2.33172E-5 2.72176E-5 2.1259E-5 2.16866E-5 1.97919E-5 2.36314E-5 2.31128E-5 1.89236E-5 2.13874E-5 1.9475E-5 2.05367E-5 1.96063E-5 1.72588E-5 1.64667E-5 1.97825E-5 1.9903E-5 1.97241E-5 1.99056E-5 2.15215E-5 1.85868E-5 2.05753E-5 1.99546E-5 1.70883E-5 1.84074E-5 1.62942E-5 1.59338E-5 1.49967E-5 1.54829E-5 1.45523E-5 1.45207E-5 1.48407E-5 1.5273E-5 1.5407E-5 1.39316E-5 1.37433E-5 1.31747E-5 1.52446E-5 -9999 -9999 -9999 -9999
4.36983E-5 3.82802E-5 4.12641E-5 4.05256E-5 3.83762E-5 4.08278E-5 8.40628E-5 8.94434E-5 6.50778E-5 2.77299E-5 7.23183E-5 4.35446E-5 2.67551E-5 2.89051E-5 2.75929E-5 2.71571E-5 2.55512E-5 2.37182E-5 2.40355E-5 2.44379E-5 2.27209E-5 2.2347E-5 2.12453E-5 2.33062E-5 3.59051E-5 2.62547E-5 2.23285E-5 2.01056E-5 1.85345E-5 2.0381E-5 2.05539E-5 1.999E-5 1.92864E-5 1.91637E-5 2.25264E-5 2.05238E-5 2.08901E-5 1.86204E-5 1.92587E-5 1.74607E-5 2.16191E-5 2.05018E-5 1.88993E-5 1.78885E-5 1.70148E-5 1.72283E-5 1.76195E-5 1.65704E-5 1.48633E-5 1.55108E-5 1.58802E-5 1.43844E-5 1.49664E-5 1.40859E-5 1.38636E-5 1.44595E-5 -9999 -9999 -9999 -9999 -9999
3.56833E-5 3.62786E-5 3.78497E-5 3.87539E-5 3.73351E-5 3.87468E-5 4.28369E-5 3.64096E-5 3.31427E-5 2.82743E-5 3.37806E-5 2.73713E-5 3.03723E-5 2.97545E-5 2.88706E-5 2.87614E-5 2.88934E-5 2.7691E-5 2.48198E-5 2.59398E-5 2.58849E-5 2.15314E-5 2.46199E-5 2.48202E-5 2.29897E-5 2.35399E-5 2.49481E-5 2.37788E-5 1.97219E-5 1.87647E-5 2.06557E-5 2.13743E-5 1.88432E-5 2.11763E-5 2.10899E-5 2.24937E-5 2.11825E-5 1.88914E-5 1.89383E-5 2.12568E-5 2.05214E-5 2.24041E-5 1.88532E-5 1.86731E-5 1.88376E-5 1.86852E-5 1.91023E-5 1.79431E-5 1.6368E-5 1.75889E-5 1.56289E-5 1.44786E-5 1.4552E-5 1.43014E-5 1.60199E-5 1.50235E-5 -9999 -9999 -9999 -9999 -9999
3.53852E-5 4.20696E-5 4.48225E-5 3.74804E-5 3.89922E-5 3.70189E-5 3.5775E-5 3.67862E-5 3.52657E-5 3.02047E-5 3.25014E-5 3.14034E-5 2.85567E-5 3.0304E-5 3.20781E-5 3.03037E-5 2.80803E-5 2.81208E-5 2.72458E-5 3.42779E-5 5.06368E-5 2.22168E-5 2.63639E-5 3.15168E-5 2.51105E-5 2.68325E-5 2.63345E-5 2.59677E-5 2.21688E-5 2.21663E-5 2.39669E-5 2.35465E-5 2.27493E-5 2.34806E-5 2.27361E-5 2.12265E-5 1.76538E-5 1.94886E-5 2.0193E-5 2.24813E-5 1.99092E-5 2.09563E-5 1.74867E-5 1.99985E-5 2.04422E-5 1.98749E-5 1.99138E-5 1.83641E-5 1.66038E-5 1.47396E-5 1.54381E-5 1.42633E-5 1.44533E-5 1.45226E-5 1.56856E-5 1.64628E-5 -9999 -9999 -9999 -9999 -9999
4.20972E-5 4.29283E-5 4.32044E-5 4.12038E-5 3.63614E-5 3.79314E-5 3.6912E-5 3.90147E-5 3.54179E-5 3.35222E-5 3.15022E-5 3.06409E-5 3.21807E-5 2.98031E-5 3.17783E-5 3.05631E-5 2.84344E-5 3.12775E-5 2.87404E-5 5.47203E-5 4.2679E-5 2.51248E-5 3.32281E-5 3.00618E-5 2.6331E-5 2.65712E-5 2.87932E-5 3.08658E-5 3.0008E-5 2.57511E-5 2.5048E-5 2.61402E-5 2.66199E-5 2.31841E-5 2.50969E-5 2.18491E-5 1.91944E-5 1.94986E-5 2.15332E-5 2.4885E-5 2.09681E-5 2.11577E-5 2.06438E-5 2.11223E-5 1.93493E-5 1.92523E-5 1.93855E-5 1.71498E-5 1.81278E-5 1.76834E-5 1.75071E-5 1.71195E-5 1.64029E-5 1.76885E-5 1.87877E-5 1.79355E-5 -9999 -9999 -9999 -9999 -9999
4.5972E-5 4.48137E-5 4.39877E-5 4.15456E-5 4.019E-5 4.04466E-5 4.02311E-5 3.83491E-5 3.81782E-5 3.63417E-5 3.47985E-5 3.07134E-5 3.03016E-5 2.98968E-5 2.94452E-5 2.94722E-5 2.97281E-5 3.16281E-5 3.18132E-5 6.20318E-5 4.4621E-5 2.78322E-5 2.98488E-5 3.07898E-5 2.96888E-5 2.65031E-5 2.92981E-5 3.05856E-5 2.63164E-5 2.82118E-5 2.39665E-5 2.56516E-5 2.48808E-5 2.10689E-5 2.42102E-5 2.24856E-5 2.45903E-5 2.3317E-5 2.41961E-5 2.58093E-5 2.32459E-5 2.16907E-5 2.27359E-5 2.07069E-5 2.10901E-5 1.97518E-5 1.86947E-5 1.82481E-5 1.71324E-5 1.76256E-5 1.71401E-5 1.86445E-5 1.87039E-5 1.88714E-5 1.77097E-5 -9999 -9999 -9999 -9999 -9999 -9999
4.56644E-5 4.62365E-5 4.17983E-5 4.33123E-5 4.14209E-5 4.06649E-5 4.00898E-5 3.89053E-5 3.68068E-5 3.49192E-5 3.13031E-5 3.12401E-5 3.36417E-5 3.1069E-5 3.21127E-5 3.01729E-5 3.56049E-5 3.34668E-5 4.77462E-5 3.66847E-5 2.89962E-5 2.89027E-5 3.13839E-5 2.95993E-5 2.57237E-5 2.62566E-5 2.97599E-5 3.01314E-5 2.77391E-5 2.84139E-5 2.76383E-5 2.62215E-5 2.59435E-5 2.50767E-5 2.85234E-5 2.7265E-5 2.34232E-5 2.32408E-5 2.21796E-5 2.49354E-5 2.64437E-5 2.54965E-5 2.20627E-5 2.01135E-5 2.04307E-5 2.22591E-5 2.12982E-5 2.03802E-5 1.96313E-5 1.9414E-5 1.85866E-5 1.99627E-5 2.00552E-5 1.92271E-5 2.02426E-5 -9999 -9999 -9999 -9999 -9999 -9999
4.94565E-5 4.7183E-5 4.4368E-5 4.53736E-5 4.37147E-5 4.41079E-5 4.24639E-5 3.95781E-5 4.01612E-5 3.96106E-5 3.42409E-5 3.51314E-5 3.53061E-5 3.66339E-5 3.40185E-5 3.34715E-5 5.26824E-5 4.49358E-5 3.10495E-5 2.86514E-5 3.04227E-5 3.57544E-5 3.34866E-5 3.15536E-5 2.86293E-5 3.12842E-5 2.7426E-5 2.82545E-5 2.67315E-5 2.69668E-5 3.26809E-5 2.81061E-5 3.15341E-5 2.8203E-5 2.8596E-5 2.76407E-5 2.59127E-5 2.0621E-5 2.61298E-5 2.49693E-5 2.68862E-5 2.3998E-5 2.50097E-5 2.40132E-5 2.34552E-5 1.75901E-5 2.05684E-5 2.3023E-5 2.191E-5 2.15641E-5 2.13622E-5 2.55457E-5 2.32546E-5 2.09301E-5 2.19731E-5 -9999 -9999 -9999 -9999 -9999 -9999
4.98164E-5 5.0563E-5 4.57936E-5 4.97881E-5 4.82869E-5 4.50376E-5 4.48939E-5 4.25265E-5 4.35125E-5 4.04517E-5 4.07312E-5 3.92311E-5 3.96174E-5 4.205E-5 5.12514E-5 4.79481E-5 3.52455E-5 3.68105E-5 3.71093E-5 3.62855E-5 3.15543E-5 3.08183E-5 3.15756E-5 3.21587E-5 3.21247E-5 3.14881E-5 3.61856E-5 3.06957E-5 3.16184E-5 3.25704E-5 3.06624E-5 3.10931E-5 3.15509E-5 3.17613E-5 2.80879E-5 2.36116E-5 2.74221E-5 2.4675E-5 2.82503E-5 2.62969E-5 2.54026E-5 2.22143E-5 2.59219E-5 2.72977E-5 2.46587E-5 2.14016E-5 2.22651E-5 2.19905E-5 2.2214E-5 2.12965E-5 2.18853E-5 2.16017E-5 2.22166E-5 2.18404E-5 -9999 -9999 -9999 -9999 -9999 -9999 -9999
5.13594E-5 5.4853E-5 5.05755E-5 5.08024E-5 5.50165E-5 5.18707E-5 4.95604E-5 5.22795E-5 4.20044E-5 3.90192E-5 4.43856E-5 4.31442E-5 3.61232E-5 3.91095E-5 4.98107E-5 3.73558E-5 3.3848E-5 3.48015E-5 4.60544E-5 3.41594E-5 3.2221E-5 2.85041E-5 3.43705E-5 3.27804E-5 3.57341E-5 3.60964E-5 3.754E-5 3.40264E-5 3.44782E-5 3.32999E-5 3.35858E-5 3.28444E-5 3.07922E-5 3.01178E-5 2.79224E-5 2.47593E-5 2.97386E-5 2.87808E-5 2.94365E-5 2.78124E-5 2.7997E-5 2.66195E-5 2.58397E-5 2.69133E-5 2.6502E-5 2.59443E-5 2.50308E-5 2.26334E-5 2.2831E-5 2.21199E-5 2.32178E-5 2.17718E-5 2.40368E-5 2.31401E-5 -9999 -9999 -9999 -9999 -9999 -9999 -9999
5.9277E-5 5.3415E-5 6.0669E-5 5.76278E-5 5.75605E-5 5.15284E-5 4.93893E-5 4.76373E-5 4.35239E-5 3.77024E-5 4.25308E-5 4.63475E-5 5.5352E-5 5.11207E-5 4.29572E-5 4.55545E-5 5.36448E-5 4.5144E-5 3.76452E-5 3.73211E-5 3.41044E-5 5.39102E-5 3.71481E-5 3.51802E-5 3.33844E-5 3.93227E-5 4.0053E-5 3.64547E-5 3.26187E-5 3.42465E-5 3.72734E-5 3.25066E-5 3.37582E-5 3.21437E-5 2.95752E-5 2.8839E-5 2.87196E-5 2.86643E-5 2.7146E-5 2.46798E-5 2.56494E-5 2.93901E-5 2.74882E-5 2.737E-5 2.60795E-5 2.72304E-5 2.68107E-5 2.58856E-5 2.51092E-5 2.52283E-5 2.48287E-5 2.29371E-5 2.47896E-5 2.28506E-5 -9999 -9999 -9999 -9999 -9999 -9999 -9999
5.90067E-5 5.76401E-5 6.69587E-5 5.88955E-5 5.62983E-5 5.28417E-5 5.26181E-5 4.7374E-5 4.68878E-5 4.32378E-5 4.04113E-5 4.42074E-5 4.56499E-5 4.412E-5 4.93101E-5 6.47503E-5 8.53147E-5 4.18419E-5 3.98291E-5 3.91884E-5 3.89191E-5 3.75367E-5 4.02613E-5 4.14373E-5 3.64297E-5 3.93061E-5 4.14519E-5 3.91152E-5 3.62452E-5 3.94617E-5 3.46461E-5 3.9569E-5 3.21278E-5 3.17498E-5 3.3566E-5 3.41744E-5 2.87461E-5 2.7335E-5 3.00597E-5 2.79103E-5 2.88871E-5 2.92473E-5 2.8478E-5 2.86077E-5 2.77181E-5 2.76902E-5 2.69319E-5 2.62047E-5 2.69578E-5 2.68685E-5 2.68591E-5 2.72805E-5 2.63687E-5 -9999 -9999 -9999 -9999 -9999 -9999 -9999 -9999
5.90001E-5 5.20547E-5 6.6687E-5 5.57872E-5 5.88197E-5 5.70033E-5 6.63887E-5 6.0763E-5 5.7139E-5 4.75558E-5 4.7368E-5 4.417E-5 4.30254E-5 4.67673E-5 5.07713E-5 8.72724E-5 8.92468E-5 5.44125E-5 3.96987E-5 3.66995E-5 3.92465E-5 4.19627E-5 4.33271E-5 3.99901E-5 4.3808E-5 4.30502E-5 4.07748E-5 3.68496E-5 3.54703E-5 3.95275E-5 3.70221E-5 3.70251E-5 3.45896E-5 3.63681E-5 3.50902E-5 3.64867E-5 3.52685E-5 3.15731E-5 3.10941E-5 3.26546E-5 3.14492E-5 3.01821E-5 3.13257E-5 2.99724E-5 2.94636E-5 2.54614E-5 2.97517E-5 2.98028E-5 2.85108E-5 2.85469E-5 3.7132E-5 2.65911E-5 2.28568E-5 -9999 -9999 -9999 -9999 -9999 -9999 -9999 -9999
7.14569E-5 6.9672E-5 6.3938E-5 5.5736E-5 6.04068E-5 6.70057E-5 7.47936E-5 6.81839E-5 1.29267E-4 6.33893E-5 5.04254E-5 4.76509E-5 4.52106E-5 4.74498E-5 5.20227E-5 6.32147E-5 5.32121E-5 4.46412E-5 4.47258E-5 3.97434E-5 4.79458E-5 4.46374E-5 4.54463E-5 4.44583E-5 4.71647E-5 4.69673E-5 4.57524E-5 4.38779E-5 4.48433E-5 4.22317E-5 3.71904E-5 3.64739E-5 3.93499E-5 3.50427E-5 3.66119E-5 3.61439E-5 3.47972E-5 3.1091E-5 3.20182E-5 3.44129E-5 3.09431E-5 3.30359E-5 3.30495E-5 3.30534E-5 3.20709E-5 2.81848E-5 2.89566E-5 3.01477E-5 3.04465E-5 3.16142E-5 3.61979E-5 2.39468E-5 2.41558E-5 -9999 -9999 -9999 -9999 -9999 -9999 -9999 -9999
6.52802E-5 6.81173E-5 6.57162E-5 6.76438E-5 7.51438E-5 7.7716E-5 5.7997E-5 5.32569E-5 9.109E-5 9.10579E-5 5.25455E-5 5.0828E-5 4.92983E-5 5.1388E-5 4.73268E-5 4.50274E-5 4.78458E-5 4.39272E-5 4.54825E-5 4.73277E-5 4.89484E-5 4.54752E-5 4.8262E-5 4.23673E-5 4.77759E-5 4.55574E-5 5.43551E-5 5.61153E-5 4.60329E-5 4.50673E-5 4.00927E-5 3.76085E-5 3.71985E-5 3.91421E-5 3.8371E-5 3.69469E-5 3.57118E-5 3.61882E-5 3.63492E-5 3.64726E-5 3.38886E-5 3.11744E-5 3.62466E-5 3.34351E-5 3.44231E-5 2.87218E-5 3.2908E-5 3.37022E-5 3.14487E-5 3.26324E-5 2.60646E-5 2.91681E-5 3.03345E-5 -9999 -9999 -9999 -9999 -9999 -9999 -9999 -9999
7.59344E-5 5.90346E-5 5.81593E-5 6.76463E-5 7.29764E-5 7.44008E-5 7.04307E-5 6.39523E-5 6.45673E-5 6.87907E-5 7.67754E-5 5.61464E-5 5.57911E-5 5.28451E-5 4.56634E-5 4.51948E-5 4.59315E-5 4.83927E-5 5.51008E-5 5.22001E-5 5.32435E-5 5.4571E-5 4.70969E-5 4.80344E-5 5.01785E-5 5.03893E-5 5.12822E-5 5.71173E-5 6.08116E-5 4.77077E-5 4.57293E-5 4.065E-5 3.74765E-5 4.04642E-5 3.46602E-5 3.85577E-5 3.7656E-5 3.69157E-5 3.92735E-5 3.89267E-5 3.65576E-5 3.23727E-5 3.38417E-5 3.06519E-5 2.94889E-5 2.77776E-5 3.47478E-5 3.28968E-5 3.03934E-5 3.47883E-5 3.42947E-5 3.32059E-5 -9999 -9999 -9999 -9999 -9999 -9999 -9999 -9999 -9999
7.68642E-5 6.82201E-5 6.75071E-5 6.82093E-5 7.10869E-5 7.82666E-5 6.58213E-5 6.24923E-5 6.19641E-5 5.53772E-5 5.9474E-5 6.19613E-5 6.1296E-5 5.16157E-5 5.08175E-5 5.32871E-5 5.19222E-5 5.03272E-5 5.54508E-5 5.63927E-5 5.89699E-5 5.67981E-5 5.41644E-5 6.62655E-5 8.77506E-5 5.30336E-5 5.27569E-5 5.21354E-5 6.20595E-5 4.99695E-5 4.43868E-5 4.10126E-5 4.10608E-5 4.22496E-5 4.00392E-5 3.86652E-5 3.98302E-5 3.25885E-5 4.22801E-5 3.9691E-5 3.98464E-5 3.571E-5 4.00156E-5 3.19569E-5 3.19996E-5 3.35203E-5 3.69964E-5 3.74997E-5 3.452E-5 3.60475E-5 3.51631E-5 3.22033E-5 -9999 -9999 -9999 -9999 -9999 -9999 -9999 -9999 -9999
8.63997E-5 6.9725E-5 8.56742E-5 6.39454E-5 6.08545E-5 6.74087E-5 7.13599E-5 6.04688E-5 5.78492E-5 6.02452E-5 5.88185E-5 6.91503E-5 6.03527E-5 4.47434E-5 5.71625E-5 6.72737E-5 5.485E-5 5.31509E-5 4.93105E-5 5.81194E-5 5.93579E-5 5.33644E-5 5.49976E-5 5.7421E-5 1.01252E-4 5.7027E-5 5.6198E-5 5.60576E-5 5.39769E-5 4.98366E-5 5.06941E-5 4.68821E-5 4.77536E-5 4.36564E-5 4.34811E-5 4.22267E-5 3.95621E-5 3.44937E-5 4.26849E-5 4.21065E-5 4.10466E-5 3.82548E-5 3.92974E-5 3.53398E-5 3.23113E-5 3.44636E-5 3.79942E-5 3.87174E-5 4.70844E-5 3.63664E-5 3.23167E-5 3.23075E-5 -9999 -9999 -9999 -9999 -9999 -9999 -9999 -9999 -9999
1.05911E-4 7.10521E-5 9.02929E-5 6.13414E-5 7.47338E-5 6.82646E-5 5.74558E-5 5.65207E-5 6.18503E-5 5.7922E-5 6.10963E-5 6.20904E-5 6.43563E-5 4.97379E-5 6.71138E-5 6.07917E-5 5.47931E-5 6.26275E-5 7.34931E-5 5.86943E-5 6.11421E-5 5.17805E-5 4.56222E-5 5.77018E-5 6.09444E-5 5.76719E-5 5.41047E-5 5.57272E-5 5.14106E-5 4.93982E-5 5.36281E-5 4.97061E-5 4.59445E-5 3.75639E-5 4.01365E-5 4.35392E-5 3.97961E-5 3.72258E-5 4.37118E-5 4.0026E-5 4.02586E-5 3.99503E-5 3.89273E-5 3.6618E-5 3.64112E-5 3.57656E-5 3.60427E-5 3.79193E-5 4.35415E-5 3.90741E-5 3.78309E-5 -9999 -9999 -9999 -9999 -9999 -9999 -9999 -9999 -9999 -9999
7.58142E-5 7.27883E-5 6.16519E-5 7.26326E-5 6.58757E-5 5.31924E-5 5.41213E-5 5.4443E-5 6.05917E-5 5.79715E-5 6.50956E-5 6.20548E-5 7.43753E-5 7.09334E-5 6.7173E-5 6.36133E-5 7.07497E-5 5.67405E-5 5.9076E-5 6.62716E-5 5.90442E-5 4.80653E-5 4.53641E-5 6.08901E-5 6.0375E-5 4.99573E-5 5.0294E-5 5.70667E-5 5.37022E-5 4.75252E-5 5.12512E-5 5.05829E-5 5.00008E-5 4.92195E-5 4.50767E-5 4.54356E-5 4.50069E-5 3.86544E-5 3.94138E-5 3.95886E-5 3.92806E-5 4.13492E-5 3.85947E-5 3.955E-5 3.84842E-5 3.73598E-5 3.86535E-5 4.16679E-5 4.25518E-5 3.98109E-5 4.23692E-5 -9999 -9999 -9999 -9999 -9999 -9999 -9999 -9999 -9999 -9999
