Candidate_Models_July82022/M_0.8_F_lqp_Set_1_all/Bison.asc
ncols         290
nrows         380
xllcorner     -2197417.7431653
yllcorner     -584827.01486885
cellsize      10000.0
NODATA_value  -9999
[rows 243 to 269 of 380, columns 61 to 121 of 290]
1.38726E-6 1.88672E-6 4.93588E-6 1.26815E-5 2.26704E-5 1.14362E-5 1.97308E-5 1.32884E-5 1.86102E-5 3.06596E-5 3.38582E-5 5.17058E-5 5.21968E-5 5.44816E-5 7.19794E-5 2.38182E-4 1.30488E-4 2.98559E-5 7.26965E-5 6.2332E-5 7.12112E-5 3.67293E-5 5.09555E-5 6.77709E-5 6.32355E-5 2.48127E-5 2.8435E-5 2.37894E-5 2.56462E-6 1.82244E-6 2.87292E-6 1.00001E-5 1.82805E-6 5.41137E-7 9.74536E-6 1.94888E-6 5.75902E-6 7.05856E-6 2.69377E-6 1.54513E-5 3.3247E-6 1.51912E-5 7.49758E-6 2.47617E-5 2.03447E-5 1.66206E-5 1.09293E-5 5.4328E-5 9.73401E-6 1.77313E-5 3.81628E-5 3.94804E-5 6.92031E-5 1.00284E-4 2.3752E-4 3.5346E-4 3.99207E-4 5.40597E-4 5.09194E-4 4.58802E-4 3.63811E-4
1.39982E-6 9.24557E-7 3.9829E-6 2.84577E-6 5.98454E-6 8.40716E-6 1.26315E-5 7.62032E-6 1.19353E-5 2.01837E-5 4.27464E-5 7.56374E-5 8.79479E-5 1.04245E-4 2.24623E-4 3.41836E-4 4.76858E-5 5.27181E-5 4.36605E-5 2.16143E-5 1.31265E-5 2.39048E-5 5.71621E-5 1.17837E-4 4.0414E-5 2.09068E-5 8.3507E-6 1.7077E-5 9.99053E-7 5.98533E-6 1.16918E-6 1.0569E-5 1.41828E-6 1.94819E-5 7.11102E-7 2.34773E-6 2.65453E-6 4.45128E-6 5.03046E-6 2.07501E-5 5.13389E-5 1.4751E-5 6.05164E-6 2.95108E-5 4.966E-5 1.34429E-5 4.11584E-5 4.35684E-6 5.16576E-6 2.18307E-5 3.32585E-5 3.52893E-5 3.85574E-5 5.37194E-5 4.12035E-5 8.25766E-5 3.29814E-4 4.19268E-4 4.24784E-4 6.22103E-4 5.97896E-4
4.42046E-6 2.75874E-7 1.16618E-6 3.16607E-7 1.01907E-7 2.53471E-7 1.18691E-5 5.992E-6 3.95948E-6 1.56864E-5 2.58826E-5 7.04552E-5 2.09952E-4 1.13751E-4 3.42759E-4 3.83626E-4 3.43266E-4 1.0304E-4 2.57416E-5 7.64191E-6 8.79085E-6 3.34114E-5 7.07884E-5 7.34212E-5 5.08165E-6 2.01842E-5 2.04097E-5 4.61351E-6 7.65527E-6 1.62411E-6 4.90533E-6 1.00781E-5 9.47753E-6 1.64156E-6 2.04777E-6 7.77992E-7 2.26043E-6 2.0533E-6 9.58564E-6 2.16811E-6 3.62134E-5 1.20216E-5 2.04562E-5 5.43333E-6 3.11262E-5 4.61068E-5 2.22874E-5 8.82344E-6 3.0371E-5 3.15E-5 2.06608E-5 2.68977E-5 5.10245E-5 5.36597E-5 2.65689E-5 6.83221E-5 8.28834E-5 3.80896E-4 4.34083E-4 5.33841E-4 1.46364E-4
2.1451E-6 6.27648E-6 3.05558E-6 2.96789E-6 2.20745E-7 1.28132E-7 4.11403E-6 2.57802E-6 2.81602E-6 1.28384E-5 3.33625E-5 1.15921E-5 5.79003E-5 3.00952E-4 3.77147E-4 1.59375E-4 1.06112E-4 4.3609E-5 2.38001E-5 1.2999E-5 1.62114E-5 3.0077E-5 1.20935E-4 6.08657E-5 2.06266E-5 3.294E-5 1.46825E-5 6.05622E-6 1.42564E-5 1.04995E-5 6.25184E-6 3.81416E-6 1.4982E-5 5.75102E-6 1.66643E-6 5.65955E-6 4.18353E-6 1.968E-6 4.49008E-5 9.92168E-6 1.11589E-5 1.73014E-5 3.34421E-5 6.43989E-6 4.08204E-5 5.28458E-5 1.89882E-5 2.90343E-5 1.95856E-5 2.2428E-5 2.01186E-5 2.75925E-5 4.71575E-5 4.64685E-5 3.89146E-5 6.97401E-5 6.73151E-5 1.03595E-4 4.60451E-4 5.63085E-4 1.65523E-4
5.77297E-8 1.52874E-7 4.4977E-6 4.76661E-6 9.9474E-8 3.16608E-7 7.28517E-6 3.47261E-6 1.51603E-6 5.39546E-6 1.45124E-5 2.24904E-5 3.6007E-5 2.02773E-4 5.58658E-5 1.97272E-5 1.58442E-5 2.36336E-5 8.49871E-6 1.10054E-5 2.59767E-5 4.90261E-5 3.03869E-5 4.6699E-5 5.44276E-5 3.33516E-5 2.02105E-5 2.53176E-5 9.66734E-6 6.47046E-6 2.23666E-6 1.09949E-5 1.40095E-5 5.16653E-7 7.32172E-7 2.39021E-6 1.54028E-6 3.65239E-6 3.54213E-6 1.25973E-5 1.36925E-6 1.33605E-5 1.0528E-5 1.74577E-5 1.70749E-5 6.99365E-5 3.46555E-5 5.60162E-5 1.96782E-5 1.36757E-5 1.28334E-5 3.44992E-5 6.3754E-5 8.33851E-5 4.21848E-5 5.72591E-5 6.01709E-5 1.13576E-4 4.68817E-4 4.47696E-4 5.78109E-4
1.63391E-6 1.74833E-7 6.95189E-6 3.43256E-6 1.87417E-7 1.07712E-6 5.36659E-6 1.29265E-6 5.30571E-7 3.66144E-6 6.41241E-6 2.33111E-5 4.44798E-5 4.76084E-5 1.65756E-5 9.31278E-6 1.59469E-5 1.18766E-5 7.36721E-6 1.94622E-5 2.66745E-5 6.86825E-5 1.69893E-5 1.35753E-5 1.27908E-5 1.11012E-5 9.29361E-6 1.63296E-5 1.07933E-5 5.19249E-6 1.22994E-6 8.41516E-6 1.72825E-5 4.35113E-6 2.45532E-6 2.17585E-6 8.91942E-6 1.7819E-6 5.5471E-6 7.1679E-6 2.62984E-5 3.46239E-5 1.17959E-5 3.519E-5 5.09753E-6 7.02707E-5 4.15045E-5 3.16948E-5 2.58263E-5 4.56015E-5 2.05666E-5 3.34196E-5 4.89516E-5 4.05333E-5 4.16634E-5 2.8928E-5 6.09528E-5 2.66126E-4 4.44475E-4 4.39595E-4 3.64207E-4
6.48003E-7 9.08438E-7 4.91928E-6 6.62778E-6 5.49217E-7 2.95443E-7 1.06589E-6 3.29233E-7 1.08644E-7 1.06549E-6 1.49381E-5 1.72774E-5 2.24611E-5 2.0629E-5 1.96035E-5 1.41429E-5 1.2573E-5 2.07206E-5 1.20447E-5 2.36115E-5 3.2868E-5 6.44899E-5 1.19984E-5 1.45719E-5 4.76745E-6 4.45893E-6 5.95778E-6 7.83821E-6 5.29384E-6 2.33767E-6 7.77393E-6 1.13381E-5 1.38742E-5 7.48513E-6 3.19762E-6 2.35489E-6 1.27174E-5 8.42024E-7 9.73266E-6 8.0375E-6 1.06595E-5 8.84707E-6 9.07317E-6 2.44796E-5 6.69876E-6 4.81421E-5 6.31656E-5 1.30605E-5 5.10817E-5 1.80977E-5 8.598E-6 1.07111E-5 2.71762E-5 3.86276E-5 5.43725E-5 3.35029E-5 4.81305E-5 2.23596E-4 3.66675E-4 3.51116E-4 3.47792E-4
5.35973E-7 2.94061E-7 4.96555E-6 2.36947E-6 6.18018E-8 3.58539E-6 1.06847E-7 2.38208E-7 1.02532E-6 4.04472E-6 1.28004E-5 1.15215E-5 2.93924E-5 2.62522E-5 2.63954E-5 2.08815E-5 1.42662E-5 2.48448E-5 3.07901E-5 3.84404E-5 6.48211E-5 8.9266E-5 1.8086E-5 1.60394E-5 3.41092E-6 4.67458E-6 1.04412E-5 3.94024E-6 7.2736E-6 6.83278E-6 1.45507E-5 2.39551E-5 4.24361E-6 3.139E-6 5.346E-6 1.67348E-6 4.60566E-6 2.99599E-6 9.59441E-6 -9999 7.02035E-6 1.1972E-5 7.28877E-6 1.0809E-5 2.3807E-5 5.31961E-5 6.22716E-5 4.0604E-5 5.94437E-5 1.24088E-5 8.47448E-6 6.827E-5 1.67499E-5 1.41293E-5 3.31003E-5 4.30308E-5 4.39511E-5 3.22599E-4 3.24542E-4 3.10466E-4 3.39138E-4
6.99178E-7 3.42564E-6 7.35107E-6 1.88867E-6 1.50714E-6 6.76041E-6 1.46337E-6 7.61961E-7 4.5955E-7 2.77279E-6 1.1869E-5 1.14047E-5 4.27875E-5 4.4696E-5 1.61161E-5 1.26593E-5 2.47457E-5 3.81057E-5 1.14674E-4 2.08125E-4 8.79093E-5 5.03536E-5 1.74854E-5 1.12749E-5 6.71902E-6 1.06426E-5 6.50289E-6 4.43073E-6 5.028E-6 1.233E-5 1.85258E-5 5.37119E-5 6.05032E-6 2.0753E-6 6.12142E-6 3.89951E-6 5.36657E-6 1.53516E-6 1.22167E-5 1.15581E-6 8.38828E-6 1.61071E-5 1.11454E-5 9.88627E-6 2.51583E-5 2.58245E-5 7.13086E-5 4.0234E-5 3.21024E-5 1.12061E-5 3.94659E-5 7.7798E-5 2.38504E-5 2.22361E-5 2.7366E-5 3.44711E-5 1.02705E-4 4.16791E-4 2.98633E-4 2.92828E-4 3.72447E-4
3.02162E-6 9.6605E-6 2.22274E-5 6.01864E-6 4.11151E-7 1.57358E-6 7.05974E-7 3.3389E-7 7.83054E-7 1.30824E-6 7.90208E-6 5.07388E-5 2.44145E-4 4.43524E-5 1.60545E-5 1.75143E-5 2.43925E-5 4.4012E-5 4.95254E-5 3.28763E-5 8.59221E-6 1.64926E-5 2.16244E-5 7.55582E-6 1.3828E-5 1.8777E-5 3.56169E-6 3.99582E-6 6.24591E-6 1.79274E-5 8.99877E-6 9.76205E-6 2.53138E-6 5.4836E-6 2.05591E-6 9.7998E-6 1.57123E-6 2.87897E-6 7.53429E-6 9.53167E-6 5.09899E-6 1.05745E-5 5.13474E-6 1.98821E-5 2.799E-5 3.28037E-5 7.90282E-5 4.4359E-5 1.71319E-5 2.67817E-5 3.68502E-5 1.03057E-5 2.23875E-5 1.16528E-5 2.78938E-5 3.16485E-5 8.3106E-5 3.56768E-4 2.82194E-4 2.93995E-4 2.91873E-4
5.78382E-5 6.58816E-5 1.88699E-5 1.06138E-6 4.56833E-7 4.58431E-7 1.45116E-6 6.2265E-7 9.43624E-7 2.57478E-6 9.41713E-6 4.63734E-5 3.47192E-5 4.32412E-5 2.84485E-5 2.35968E-5 2.32111E-5 5.6285E-5 3.51441E-5 1.73711E-5 1.23373E-5 1.84722E-5 1.97696E-5 1.80851E-5 2.84755E-5 1.06717E-5 2.91778E-6 3.37393E-6 8.76746E-6 1.93708E-5 3.71952E-6 3.61474E-6 2.13091E-5 7.85239E-6 1.28007E-5 1.25197E-6 1.67002E-6 1.44934E-6 1.11515E-5 5.0048E-6 2.56528E-5 2.33346E-5 1.14893E-5 1.34554E-5 1.42265E-5 4.12879E-5 6.20138E-5 5.73347E-5 2.83345E-5 2.222E-5 3.40187E-5 1.95788E-5 3.64356E-5 3.32086E-5 1.97079E-5 2.47285E-5 3.39171E-5 1.75195E-4 3.31826E-4 2.83885E-4 2.84151E-4
6.58408E-6 5.62631E-6 2.84816E-6 1.99353E-6 6.23745E-7 2.24374E-6 1.21258E-6 2.15198E-6 1.49403E-6 2.6461E-6 2.28337E-5 4.23685E-5 3.00613E-5 2.52704E-5 3.62516E-5 2.25264E-5 2.04153E-5 3.92881E-5 5.98409E-5 2.00022E-5 2.94065E-5 2.28054E-5 1.76833E-5 2.05541E-5 2.65374E-5 5.98986E-6 -9999 1.18142E-5 1.48214E-5 1.31617E-5 4.98834E-6 2.85285E-6 8.02263E-6 4.66286E-6 1.89932E-6 2.54095E-6 3.20456E-6 1.85117E-6 1.31769E-5 5.3757E-6 2.13048E-5 1.48983E-5 2.60426E-5 1.94227E-5 9.18459E-6 3.82247E-5 5.31442E-5 3.50162E-5 9.89938E-5 3.85029E-5 1.65005E-5 2.09256E-5 3.99689E-5 1.77662E-5 2.46177E-5 2.11036E-5 3.17237E-5 8.4022E-5 3.05223E-4 3.5388E-4 3.01756E-4
4.04984E-6 1.03044E-6 5.86602E-7 2.52781E-7 4.1823E-6 2.24166E-7 6.59499E-6 1.79351E-6 1.79508E-6 2.12773E-6 1.26405E-5 1.03856E-5 9.42757E-6 2.06682E-5 3.88167E-5 1.30657E-5 2.5884E-5 1.04522E-4 4.19361E-5 1.42877E-5 1.10607E-5 2.6583E-5 1.68034E-5 3.27262E-5 4.16997E-6 1.05693E-5 7.11782E-6 1.54148E-5 2.01682E-5 4.77136E-6 2.72733E-6 2.27731E-6 6.11726E-6 1.29077E-5 -9999 4.83807E-6 7.53999E-6 2.75407E-6 1.11259E-5 1.11126E-5 4.23399E-6 9.73545E-6 1.20638E-5 4.98849E-6 4.71903E-6 3.48164E-5 6.07045E-5 1.59728E-5 2.88463E-5 2.80519E-5 1.975E-5 1.70832E-5 2.9799E-5 1.99775E-5 2.6791E-5 1.21446E-5 2.46183E-5 1.16573E-4 3.21156E-4 3.78811E-4 2.8399E-4
4.49718E-6 5.05922E-6 1.12612E-6 8.56041E-7 7.80278E-7 1.02369E-8 3.20078E-6 2.10616E-6 3.2453E-6 2.88583E-6 9.31595E-6 4.82728E-6 8.50614E-6 1.24568E-5 3.69951E-5 3.0106E-5 5.41558E-5 9.90993E-5 5.70008E-5 2.55134E-5 1.02598E-5 2.65012E-5 1.76637E-5 2.06402E-5 4.05622E-6 1.0761E-5 1.95952E-5 4.75834E-6 1.65751E-5 5.35081E-6 4.69523E-6 5.1199E-6 8.13671E-6 2.47032E-6 8.3526E-7 2.00364E-6 1.91433E-6 1.18835E-5 9.72175E-6 5.38265E-6 3.77672E-6 1.34726E-5 7.49767E-6 8.72768E-6 9.16919E-6 4.11305E-5 8.77972E-5 1.72847E-5 9.75993E-6 3.82317E-5 1.67111E-5 1.35867E-5 3.56105E-5 2.26402E-5 4.4794E-5 3.13944E-5 2.36542E-5 6.10922E-5 5.43796E-5 4.06715E-4 3.067E-4
2.51459E-7 4.40721E-6 1.86505E-6 4.66858E-6 3.57955E-6 7.52001E-6 9.5088E-6 6.6572E-6 5.78315E-6 1.46164E-6 7.92312E-6 5.78074E-6 7.74313E-6 1.17965E-5 2.33286E-5 1.97416E-5 1.13569E-4 1.32544E-4 1.04382E-4 1.80738E-5 1.82703E-5 2.52939E-5 2.85638E-5 1.42559E-5 1.00332E-5 2.01187E-5 1.07559E-5 2.43726E-6 1.15747E-5 1.09444E-5 3.88634E-6 4.19279E-6 1.41564E-5 5.58768E-6 4.74548E-6 3.76212E-6 4.58486E-6 1.04604E-5 1.19685E-5 8.06042E-7 4.87361E-6 1.45032E-5 1.22768E-5 8.76754E-6 4.32156E-5 6.16051E-5 6.03139E-5 1.35891E-5 2.00568E-5 1.34222E-5 3.08143E-5 2.58077E-5 5.25492E-5 2.17023E-5 4.04845E-5 5.30366E-5 5.73453E-5 2.65011E-4 1.61529E-4 3.16958E-4 2.86415E-4
7.21053E-7 3.47104E-6 4.37017E-6 5.74549E-6 2.3936E-6 2.15109E-6 8.72303E-6 2.82113E-6 3.0406E-6 3.96334E-6 5.31736E-6 9.78835E-6 2.11666E-5 2.6121E-5 1.40391E-5 3.50409E-5 7.07734E-5 1.44831E-4 5.08894E-5 2.40768E-5 2.65744E-5 2.89229E-5 3.34956E-5 1.78945E-5 1.29159E-5 2.09829E-5 1.22355E-5 5.12507E-6 5.73973E-6 1.05792E-5 1.57745E-5 1.33332E-5 1.16223E-5 1.50209E-6 2.17651E-6 1.0442E-6 3.85823E-6 3.00181E-6 5.14326E-6 2.84866E-6 1.07544E-5 8.06984E-6 2.00645E-5 1.62847E-5 1.36281E-4 1.07853E-4 6.56851E-5 9.82223E-6 5.67321E-6 1.40263E-5 1.08658E-5 1.21791E-5 4.4495E-5 2.15481E-5 3.30632E-5 4.42894E-5 1.71891E-4 3.12329E-4 7.55676E-5 2.91168E-4 2.54509E-4
6.41848E-6 1.08233E-6 4.23264E-8 5.01025E-6 2.80174E-6 1.15332E-6 1.41136E-6 1.89235E-6 1.48298E-6 4.30273E-6 1.45769E-5 3.54511E-5 6.95969E-5 1.96931E-5 2.59582E-5 1.3826E-5 1.39012E-4 2.02868E-4 1.16974E-4 6.85515E-5 4.41656E-5 4.64014E-5 3.71181E-5 3.05647E-5 2.44917E-5 2.68262E-5 1.1888E-5 2.30079E-6 8.14138E-6 1.03599E-5 7.67288E-6 2.10902E-5 5.04747E-6 2.98544E-6 2.00522E-6 9.69477E-8 1.86493E-7 4.84511E-6 9.49072E-6 7.59203E-6 5.5538E-6 1.47298E-5 9.13764E-6 1.61956E-5 4.42612E-5 8.91789E-5 9.31339E-5 1.68336E-5 7.32457E-6 1.28353E-5 1.64738E-5 2.60764E-5 2.99231E-5 1.76825E-5 2.49801E-5 2.60263E-5 2.19746E-4 2.0786E-4 1.88399E-4 3.27487E-4 2.43282E-4
9.51627E-6 1.9468E-6 2.18252E-7 3.85654E-6 2.77336E-6 3.55449E-6 6.26739E-7 1.62896E-6 6.98063E-6 2.15204E-5 2.79836E-5 5.53763E-5 6.20578E-5 3.94779E-5 2.42469E-5 5.76467E-5 9.95068E-5 1.23447E-4 1.26991E-4 3.2993E-4 2.47138E-4 1.04663E-4 1.37241E-4 4.52697E-5 2.49446E-5 3.04578E-5 1.99973E-5 1.46744E-5 5.89601E-6 6.29964E-6 1.50972E-5 1.62227E-5 7.81071E-6 3.01608E-6 5.16064E-6 2.17652E-7 2.47503E-7 3.44393E-6 1.31814E-5 7.73064E-6 9.24359E-6 1.40751E-5 1.55431E-5 2.13181E-5 5.32944E-5 5.76751E-5 6.56129E-5 7.35123E-5 1.71651E-5 7.30783E-6 1.37558E-5 7.24425E-6 1.7839E-5 3.25712E-5 5.90754E-5 1.12866E-4 2.48844E-4 2.09969E-4 3.16154E-4 2.50961E-4 2.62645E-4
2.42123E-6 5.72816E-6 3.65951E-6 2.55983E-6 6.42472E-6 1.42988E-6 6.1001E-6 5.51721E-6 2.60448E-5 4.16468E-5 2.55262E-5 2.75377E-5 3.33967E-5 1.61285E-5 2.01102E-5 4.65368E-5 1.68019E-4 1.72708E-4 8.09932E-5 2.54996E-4 2.02712E-4 5.12543E-5 7.42399E-5 3.05586E-5 7.23377E-5 6.56665E-5 4.0468E-5 1.42801E-5 9.54119E-6 6.28949E-6 1.89765E-5 1.6218E-5 4.84889E-6 5.71286E-6 1.20998E-6 1.9014E-7 2.0275E-7 3.34794E-7 2.60875E-5 4.22831E-6 1.241E-5 1.64442E-5 1.3407E-5 9.18651E-5 7.8587E-5 1.24182E-5 1.79523E-5 5.69961E-5 5.0236E-5 1.14867E-5 5.75899E-6 4.19264E-6 8.28785E-6 4.77425E-5 1.26861E-4 1.15524E-4 2.5883E-4 2.60667E-4 2.9514E-4 2.21625E-4 2.23849E-4
3.43888E-7 4.88027E-6 4.31681E-7 1.90017E-7 2.32627E-6 1.37486E-5 4.50833E-5 1.03757E-5 9.58263E-6 1.34245E-5 4.64795E-5 3.83484E-5 2.95228E-5 2.03904E-5 2.35503E-5 7.24632E-5 1.20596E-4 1.61183E-4 1.33038E-4 4.6041E-5 4.97137E-5 5.59239E-5 3.46546E-5 1.10901E-4 3.13374E-5 1.79221E-5 3.04619E-5 1.42929E-5 1.50895E-5 1.59719E-5 1.81333E-5 2.0574E-5 1.06613E-5 1.31941E-5 9.64035E-7 1.90698E-7 3.25001E-7 3.98927E-6 3.55448E-5 5.45659E-6 1.62284E-5 1.14461E-5 7.40332E-6 2.14669E-5 2.0798E-5 1.6978E-5 1.97135E-5 3.42296E-5 5.81832E-5 6.38367E-6 1.10137E-5 3.43647E-6 7.10464E-6 3.9116E-5 8.84645E-5 4.55519E-5 2.78765E-4 2.07877E-4 2.51472E-4 2.06059E-4 2.21694E-4
4.91393E-6 4.08519E-6 4.17903E-7 1.15205E-6 1.99216E-6 2.87873E-5 8.45577E-6 5.35613E-6 1.99114E-5 3.64046E-5 3.1396E-5 1.37571E-4 2.52505E-5 3.14044E-5 5.21188E-5 2.38578E-4 1.65532E-4 1.11835E-4 3.11185E-4 1.41625E-4 1.10088E-4 4.61967E-5 6.21426E-5 7.59612E-5 2.09517E-5 1.57684E-5 2.88678E-5 1.80928E-5 3.00521E-5 3.32506E-5 1.93854E-5 1.44292E-5 5.42278E-6 5.97131E-6 2.13928E-6 4.25959E-7 5.29308E-7 4.52509E-6 8.15002E-5 3.65278E-5 5.48107E-6 1.67274E-5 1.20863E-5 8.98664E-6 1.21639E-5 1.87289E-5 3.76794E-5 2.70553E-5 5.47242E-5 5.06122E-5 9.38016E-6 3.96111E-6 3.50749E-6 1.64332E-5 1.26445E-5 1.57715E-5 9.1315E-5 2.41793E-4 2.05553E-4 2.02998E-4 2.0771E-4
1.1959E-7 7.16003E-7 3.91461E-7 9.18834E-7 8.09311E-6 4.29774E-6 8.89891E-6 2.46256E-5 1.41612E-5 3.83785E-5 5.31566E-5 1.96623E-4 6.64184E-5 1.55091E-5 1.19987E-4 1.64835E-4 9.13399E-5 1.34204E-4 6.76907E-5 1.55316E-4 4.63663E-5 4.97713E-5 6.54816E-5 3.7614E-5 1.54741E-5 1.82092E-5 3.95246E-5 5.98043E-5 2.20929E-5 1.62434E-5 2.71831E-5 9.66358E-7 2.06794E-5 2.99672E-6 1.24896E-6 6.71672E-6 2.32162E-6 5.97498E-6 6.39223E-5 6.48212E-5 3.7334E-6 2.10638E-5 1.43423E-5 6.18895E-6 1.03638E-5 1.22973E-5 1.59423E-5 2.60828E-5 4.4463E-5 1.49678E-5 3.87945E-6 4.16183E-6 1.13889E-5 2.02992E-5 2.26913E-5 2.00458E-5 1.85378E-5 1.07846E-4 1.76649E-4 1.84944E-4 1.98784E-4
3.57613E-7 1.58145E-6 4.78921E-7 2.00733E-7 6.29309E-7 2.95937E-6 3.53928E-5 2.17107E-5 1.56698E-5 7.13713E-6 3.79953E-5 1.47437E-4 1.16058E-4 4.84733E-5 7.64339E-5 1.93651E-4 1.07846E-4 8.97113E-5 5.9998E-5 5.1747E-5 9.85592E-5 4.03847E-5 4.31385E-5 3.6856E-5 2.37374E-5 2.32296E-5 4.15206E-5 5.21977E-5 2.22684E-5 6.30517E-6 1.29651E-5 2.16849E-5 5.59143E-6 4.08639E-6 2.38654E-6 9.55056E-6 6.63392E-6 1.61804E-6 7.97047E-6 1.06548E-4 2.54287E-5 1.2829E-5 3.4617E-6 6.96661E-6 7.39803E-6 1.06366E-5 7.63443E-6 1.64247E-5 4.95029E-5 1.9459E-5 7.19824E-6 2.49627E-6 1.91779E-5 1.20985E-5 5.7638E-6 1.06116E-5 9.73895E-6 7.55582E-5 1.48006E-4 2.30417E-4 1.91996E-4
1.01602E-7 5.48009E-7 1.16109E-7 6.35852E-6 2.4832E-6 9.38305E-6 9.45381E-6 1.59974E-5 5.25998E-5 3.14838E-5 4.37968E-5 1.44156E-4 5.77067E-5 7.72533E-5 1.92378E-4 1.48067E-4 1.17413E-4 1.41207E-4 6.49593E-5 4.59905E-5 4.00826E-5 4.12776E-5 4.05557E-5 3.75146E-5 1.7577E-5 3.22923E-5 3.98045E-5 1.25744E-4 3.72553E-5 1.18554E-5 7.2095E-6 2.22878E-5 2.14185E-6 2.55717E-6 6.05494E-6 7.45511E-6 1.11976E-6 6.84142E-7 7.15707E-6 8.97695E-5 8.80793E-6 1.40398E-5 6.48088E-6 1.21881E-5 1.82986E-5 1.45838E-5 8.21768E-6 1.67226E-5 6.48031E-5 6.01771E-5 8.68491E-7 4.4479E-6 2.91373E-6 1.70763E-5 1.55096E-6 5.83884E-7 3.19723E-6 2.01349E-5 1.58185E-4 1.72014E-4 1.76384E-4
1.37977E-6 7.37892E-7 4.67448E-8 1.85935E-6 2.22998E-5 8.14472E-6 5.95521E-6 8.78032E-6 3.78697E-5 8.47789E-5 3.99628E-5 1.2921E-4 7.99759E-5 2.09086E-4 1.29041E-4 1.0991E-4 7.49734E-5 7.15628E-5 5.24425E-5 5.00032E-5 4.35654E-5 4.65336E-5 4.36822E-5 3.0195E-5 2.75127E-5 4.51744E-5 3.5471E-5 9.51775E-5 7.25834E-5 1.4769E-5 1.0679E-5 1.23044E-5 1.47842E-5 1.21448E-5 1.17512E-5 1.65072E-5 9.01473E-6 5.50175E-6 8.933E-6 1.40118E-4 1.96028E-5 7.84713E-6 6.81183E-6 9.4651E-6 1.24518E-5 9.63785E-6 7.36204E-6 1.34632E-5 1.43967E-4 1.50075E-4 1.51624E-6 1.99715E-6 1.46864E-6 1.7517E-5 1.74526E-5 1.75107E-6 2.0299E-6 2.61859E-5 3.56065E-5 1.37709E-4 1.7847E-4
8.83503E-7 6.96027E-7 1.93365E-7 1.04531E-6 7.81141E-6 3.70533E-6 1.93597E-6 4.90548E-6 4.98447E-5 8.99636E-5 4.79848E-5 1.21693E-4 2.27584E-4 1.48123E-4 1.18102E-4 1.75176E-4 9.82286E-5 8.87886E-5 6.43632E-5 4.78584E-5 4.72017E-5 5.3264E-5 4.81972E-5 3.19793E-5 3.10174E-5 5.08483E-5 4.3797E-5 8.87195E-5 5.03123E-5 2.00976E-5 5.55759E-6 1.49167E-5 1.60654E-5 1.25651E-5 1.67232E-5 2.1728E-5 2.40447E-6 2.16003E-5 2.56845E-5 1.06262E-4 2.60018E-5 2.1136E-5 9.37982E-6 6.64739E-6 8.27748E-6 1.49195E-5 2.17577E-5 3.65141E-5 3.50585E-5 6.84017E-5 2.28265E-6 9.75559E-7 2.04308E-6 3.30339E-5 1.40513E-5 1.43226E-6 2.20006E-6 2.67429E-5 1.76274E-5 2.08932E-5 2.09442E-4
1.71372E-6 2.48146E-6 5.19435E-7 1.01262E-6 7.03603E-6 1.0126E-5 2.04923E-6 1.73427E-5 3.88778E-5 6.62278E-5 1.18941E-4 9.8411E-5 1.81855E-4 1.94623E-4 2.27915E-4 9.22377E-5 1.1622E-4 1.04487E-4 1.0656E-4 2.24933E-4 8.60534E-5 3.55068E-5 4.61535E-5 3.32126E-5 6.22388E-5 5.87599E-5 5.77576E-5 7.94028E-5 3.67484E-5 1.75557E-5 1.44241E-5 2.54541E-5 1.54021E-5 1.08093E-5 1.26146E-5 2.04817E-5 3.38155E-5 1.34738E-5 2.58772E-5 8.99117E-6 4.63865E-6 1.68459E-5 1.28103E-5 1.11551E-5 4.72626E-6 7.65644E-6 1.57763E-5 7.10584E-6 1.58797E-5 3.95997E-5 4.41878E-6 8.69871E-7 9.12918E-7 2.02545E-5 3.98266E-5 9.99359E-6 2.46152E-6 6.25552E-6 6.71661E-6 2.23534E-5 1.16022E-4
