Env_Vars/Set_1/100kmsq_propgrass_final.asc.asc
ncols         290
nrows         380
xllcorner     -2197417.7431653
yllcorner     -584827.01486885
cellsize      10000
NODATA_value  -9999
[rows 198 to 230 of 380, columns 74 to 147 of 290]
0.121875 0.055625 0.02 0.066875 0.04375 0.03125 0.02125 0.064375 0.078125 0.075625 0.08 0.07625 0.055625 0.048125 0.060625 0.025 0.015 0.003125 0.039375 0.035 0.055625 0.06875 0.029375 0.029375 0.0575 0.016875 0.03125 0.01375 0.003125 0.01125 0.005 0.035 0.01125 0.005 0.39 0.675625 0.3975 0.26875 0.385625 0.091875 0.00375 0.00875 0.0075 0.010625 0.015625 0.01 0.004375 0.01625 0.175 0.004375 0.00125 0.016875 0.090625 0.095 0.011875 0.0225 0.011875 0.010625 0.00375 0.01125 0.003125 0.12625 0.0725 0 0.01125 0.054375 0.013125 0.021875 0.02625 0.008125 0.02 0.009375 0.10625 0.005
0.040625 0.056875 0.02875 0.139375 0.151875 0.09375 0.026875 0.058125 0.125625 0.02375 0.061875 0.069375 0.05625 0.040625 0.108125 0.085 0.0325 0 0.000625 0.04 0.031875 0.05125 0.058125 0.081875 0.10875 0.031875 0.021875 0.0125 0.039375 0.001875 0.00625 0.00875 0.008125 0.00375 0.273125 0.62375 0.26875 0.3525 0.253125 0.003125 0 0.005 0 0.045 0.01375 0.035625 0.04375 0.02625 0.003125 0.00375 0 0.026875 0.005625 0.0375 0.029375 0.01375 0.055625 0.008125 0.003125 0.003125 0.016875 0.06875 0.1825 0.044375 0.031875 0.02 0.033125 0.04 0.023125 0.005625 0.066875 0.15375 0.07125 0.014375
0.07625 0.06125 0.093125 0.115 0.085 0.088125 0.09 0.085 0.0675 0.045625 0.0525 0.064375 0.105 0.04875 0.048125 0.0625 0.090625 0 0.00625 0.044375 0.009375 0.09125 0.070625 0.079375 0.02125 0.0175 0.025625 0.028125 0.0025 0 0.003125 0 0.034375 0.01375 0.290625 0.408125 0.285625 0.0275 0.00625 0 0.00125 0.005625 0 0.02 0.00375 0 0.013125 0.035 0.015625 0.033125 0.08 0.045625 0.0075 0.051875 0.035625 0.05875 0.101875 0.136875 0.06125 0 0 0.02625 0.029375 0.0125 0.035625 0.041875 0.105625 0.04625 0.005625 0.014375 0.011875 0.085 0.041875 0.029375
0.010625 0.06375 0.14 0.081875 0.115 0.100625 0.038125 0.11375 0.155 0.085625 0.03625 0.074375 0.014375 0.09125 0.0275 0.025 0.04625 0.006875 0.008125 0.019375 0.024375 0.0575 0.093125 0.021875 0.06375 0.07 0.06375 0.0275 0.011875 0 0 0.001875 0.006875 0.003125 0.016875 0.140625 0.2425 0.005625 0.0075 0.009375 0.004375 0.003125 0.030625 0.02 0.01625 0.019375 0.010625 0.018125 0.051875 0.04 0.018125 0.069375 0.091875 0.085 0.04625 0.07125 0.081875 0.07 0.005 0.0025 0.006875 0.03 0.05 0.08125 0.046875 0.12875 0.0925 0.095 0.008125 0.093125 0.0125 0.00375 0.0125 0.015625
0.005 0.033125 0.123125 0.115 0.0575 0.058125 0.0925 0.075625 0.1025 0.150625 0.10875 0.06375 0.015625 0.055625 0.009375 0.038125 0.085625 0.025625 0 0 0.033125 0.011875 0.046875 0.104375 0.1275 0.175 0.03 0.004375 0 0.006875 0.014375 0.02375 0.071875 0.00625 0.003125 0.030625 0.204375 0.011875 0 0.003125 0.003125 0.000625 0.114375 0.01125 0.0575 0.060625 0.08625 0.091875 0.041875 0.173125 0.02625 0.02375 0.029375 0.008125 0.090625 0.053125 0.2375 0.045 0.00125 0.004375 0.06875 0.011875 0.005625 0.019375 0.108125 0.25375 0.4825 0 0 0.014375 0.003125 0 0.02625 0.025
0.02375 0.03875 0.02125 0.0675 0.0425 0.093125 0.085 0.121875 0.060625 0.115625 0.1125 0.04875 0.030625 0.011875 0.014375 0.04875 0.045625 0.093125 0.043125 0.0125 0.045 0.0075 0.004375 0.038125 0.041875 0.060625 0.0125 0.006875 0.04 0.025625 0.006875 0.0175 0.024375 0.02875 0.028125 0.018125 0.0275 0.040625 0.004375 0.00875 0.034375 0.02625 0.02 0.0125 0.0725 0.07625 0.169375 0.08875 0.033125 0.014375 0.01625 0.013125 0 0.0025 0.11 0.005625 0.034375 0.008125 0.023125 0.0575 0.2825 0.1325 0.176875 0.025625 0.041875 0.118125 0.18875 0.0775 0 0.005625 0.00875 0.0025 0.00875 0.02125
0.020625 0.058125 0.03 0.108125 0.045625 0.04875 0.1 0.05625 0.025 0.059375 0.1325 0.07875 0.05 0.021875 0.00625 0.041875 0.07125 0.015 0.020625 0.0025 0.010625 0.006875 0.02 0.019375 0.015625 0.035 0.003125 0.005625 0.031875 0.018125 0.006875 0.015625 0.014375 0.039375 0.02875 0.011875 0.03125 0.03375 0.020625 0.015625 0.016875 0.044375 0.06125 0.04375 0.000625 0.009375 0.081875 0.104375 0.043125 0.026875 0.0175 0.025 0.021875 0.126875 0.084375 0.155 0.08875 0.010625 0.220625 0.320625 0.521875 0.586875 0.336875 0.269375 0.130625 0.101875 0.10625 0.105625 0.015 0.019375 0.019375 0.015 0.000625 0.009375
0.010625 0.04125 0.033125 0.044375 0.040625 0.0725 0.1025 0.070625 0.069375 0.1225 0.063125 0.08375 0.05125 0.02 0.029375 0.05125 0.11625 0.021875 0.05375 0.045625 0.0175 0.00875 0.060625 0.01375 0.006875 0.029375 0.00875 0.02875 0.075625 0.00375 0.010625 0.005 0.02125 0.02375 0.05 0.026875 0.021875 0.025625 0.04375 0.025625 0.04875 0.019375 0.04375 0.118125 0.04125 0.09625 0.04875 0.036875 0.068125 0.0175 0.0125 0.010625 0.0025 0.04 0.388125 0.385 0.018125 0.00625 0.248125 0.409375 0.590625 0.346875 0.220625 0.8225 0.623125 0.674375 0.5375 0.0325 0.20375 0.185 0.016875 0.025 0.024375 0
0.046875 0.014375 0.00875 0.04 0.026875 0.05875 0.06125 0.0475 0.07 0.108125 0.078125 0.17 0.1025 0.01625 0.04125 0.080625 0.08625 0.074375 0.005625 0.015625 0.01125 0.0075 0.0125 0.03375 0.046875 0.05125 0.024375 0.061875 0.03375 0.0075 0.00375 0.015 0.058125 0.020625 0.044375 0.011875 0.065625 0.03 0.085 0.08125 0.03875 0.035625 0.01875 0.073125 0.146875 0.171875 0.115625 0.040625 0.015625 0.011875 0.01625 0.04125 0.0675 0.066875 0.388125 0.41375 0.109375 0.025 0.47375 0.715625 0.465625 0.380625 0.545625 0.606875 0.690625 0.574375 0.5525 0.28875 0.038125 0.11875 0.049375 0.018125 0.003125 0
0.068125 0.058125 0.025625 0.0525 0.054375 0.063125 0.12125 0.06125 0.04875 0.0525 0.0325 0.085 0.063125 0.030625 0.016875 0.10875 0.076875 0.01375 0.053125 0.079375 0.095625 0.03625 0.02875 0.056875 0.035 0.0925 0.075625 0.000625 0.001875 0.006875 0.0075 0.01375 0.00375 0.016875 0.02375 0.02625 0.035625 0.01 0.036875 0.0325 0.054375 0.015625 0.046875 0.1075 0.155 0.17 0.01875 0.06375 0.033125 0.1225 0.3725 0.244375 0.041875 0.166875 0.583125 0.64 0.60125 0.2375 0.719375 0.5725 0.60375 0.81875 0.52625 0.395 0.126875 0.12125 0.46 0.305625 0.33 0.0925 0.020625 0 0 0.008125
0.036875 0.0525 0.03 0.02 0.054375 0.056875 0.09 0.055 0.02375 0.088125 0.07375 0.05125 0.019375 0.02625 0.035625 0.073125 0.064375 0.0275 0.01625 0.015625 0.03375 0.008125 0.024375 0.005 0.040625 0.02 0.0025 0.009375 0.01 0.113125 0.105625 0.076875 0.0425 0.064375 0.05875 0.051875 0.045625 0.1025 0.060625 0.051875 0.020625 0.05625 0.050625 0.04125 0.025 0.05 0.08125 0.166875 0.3175 0.563125 0.41 0.2575 0.806875 0.3175 0.835625 0.8775 0.24625 0.2825 0.361875 0.34125 0.4625 0.706875 0.82625 0.154375 0.069375 0.27 0.325625 0.573125 0.43375 0.046875 0.01125 0.0025 0 0
0.006875 0.043125 0.031875 0.034375 0.02125 0.0825 0.04125 0.0375 0.02375 0.011875 0.046875 0.04125 0.038125 0.03875 0.059375 0.04625 0.1475 0.031875 0.01 0.076875 0.0425 0.020625 0.01125 0.0075 0.0025 0 0 0.0025 0.03875 0.07375 0.045625 0.0175 0.01875 0.00625 0.0075 0.0025 0.04125 0.049375 0.055625 0.049375 0.01375 0.016875 0.074375 0.14375 0.093125 0.015625 0.05125 0.141875 0.305625 0.125 0.38125 0.640625 0.906875 0.970625 0.958125 0.95375 0.703125 0.475625 0.511875 0.179375 0.18625 0.47625 0.226875 0 0.090625 0.105625 0.085 0.14875 0.4875 0.373125 0.195625 0.030625 0 0
0.025 0.024375 0.0125 0.036875 0.0225 0.02 0.005625 0.035625 0.0325 0.046875 0.05625 0.065625 0.10625 0.0275 0.17375 0.07375 0.025 0.014375 0.01375 0.0025 0.029375 0.020625 0.075 0.01625 0.01125 0 0 0 0 0.06875 0.0075 0.006875 0.05125 0.03 0.01125 0.02625 0.055 0.008125 0.045625 0.01875 0.04125 0.009375 0.05375 0.116875 0.168125 0.305625 0.2075 0.36625 0.738125 0.80375 0.701875 0.835625 0.955625 0.990625 0.99375 0.97625 0.901875 0.95375 0.5275 0.375625 0.523125 0.218125 0.290625 0.296875 0.035625 0.006875 0.05 0.145625 0.11875 0.374375 0.356875 0.278125 0.03125 0.0975
0.029375 0.014375 0.004375 0.025 0.026875 0.01625 0.035625 0.043125 0.028125 0.079375 0.029375 0.034375 0.108125 0.108125 0.111875 0.060625 0.031875 0.0025 0.008125 0 0.025 0.02125 0.044375 0.064375 0.008125 0.01125 0.02 0.040625 0.005625 0.011875 0.206875 0.055 0.031875 0.01375 0.02 0.049375 0.10375 0.0225 0.039375 0.005625 0.006875 0.095 0.010625 0.003125 0.01 0.451875 0.531875 0.68875 0.7675 0.494375 0.845625 0.890625 0.980625 0.96375 0.99 0.9725 0.94875 0.664375 0.638125 0.71375 0.930625 0.91375 0.75375 0.225625 0.094375 0.013125 0.070625 0.088125 0.1175 0.161875 0.278125 0.409375 0.393125 0.30375
0.053125 0.039375 0.005625 0.008125 0.0225 0.013125 0.02 0.031875 0.029375 0.03625 0.068125 0.075625 0.10125 0.133125 0.045 0.035 0.0175 0.013125 0.02625 0.00125 0.013125 0.0275 0.026875 0.0625 0.018125 0.021875 0.0025 0.06875 0.051875 0.025625 0.03 0.039375 0.020625 0.023125 0.024375 0.05375 0.009375 0.011875 0.056875 0.063125 0.325625 0.47375 0.10875 0.036875 0.37625 0.745625 0.891875 0.8875 0.849375 0.791875 0.918125 0.918125 0.895 0.97625 0.9875 0.995625 0.979375 0.774375 0.565 0.954375 0.98875 0.941875 0.914375 0.563125 0.395625 0.175 0.1275 0.00375 0.244375 0.34375 0.42375 0.773125 0.83625 0.361875
0.029375 0.0325 0.00375 0.00625 0.015 0.02125 0.00875 0.028125 0.0175 0.02625 0.06625 0.025625 0.049375 0.045 0.0675 0.02875 0.016875 0.02375 0.0125 0.015625 0.0125 0.0075 0.018125 0.039375 0.010625 0.013125 0.011875 0.0325 0.01875 0.045625 0.12875 0.0125 0.006875 0.00625 0.0275 0.00625 0.038125 0.123125 0.143125 0.21375 0.509375 0.2275 0.305 0.13 0.183125 0.69125 0.855625 0.85375 0.904375 0.916875 0.814375 0.335 0.50125 0.624375 0.875 0.988125 0.993125 0.916875 0.531875 0.745625 1 0.9975 0.98 0.834375 0.8 0.69875 0.37625 0.321875 0.298125 0.565625 0.544375 0.86125 0.94375 0.7775
0.160625 0.0025 0.001875 0.00125 0.006875 0.025 0.069375 0.07125 0.0475 0.005 0.07625 0.0475 0.053125 0.0025 0.05375 0.038125 0.026875 0.0275 0.00625 0.01125 0.019375 0.026875 0.015 0.0025 0.005 0.00625 0.013125 0.00125 0 0.006875 0.02125 0.01625 0.029375 0.019375 0.019375 0.0575 0.135 0.285 0.270625 0.41875 0.34125 0.10125 0.24 0.37 0.210625 0.389375 0.740625 0.79375 0.666875 0.825 0.561875 0.850625 0.56 0.651875 0.974375 0.956875 0.960625 0.975625 0.555 0.8875 0.980625 0.936875 0.95 0.979375 0.906875 0.650625 0.70375 0.799375 0.69 0.805 0.576875 0.895 0.96625 0.72
0.009375 0 0.001875 0.003125 0.005 0.04125 0.010625 0.033125 0.005625 0.04 0.058125 0.005625 0.013125 0.02125 0.03 0.031875 0.0225 0 0.0075 0.010625 0.01125 0.006875 0.00125 0.010625 0.02375 0.003125 0.00375 0.00875 0.0275 0.01375 0.0125 0.020625 0.000625 0.00375 0.0025 0.0225 0.023125 0.06125 0.038125 0.2825 0.32 0.421875 0.325 0.4875 0.155625 0.624375 0.73 0.7125 0.3 0.363125 0.2925 0.581875 0.7875 0.55 0.955625 0.970625 0.973125 0.9725 0.805625 0.851875 0.53125 0.890625 0.76125 0.62625 0.738125 0.958125 0.8575 0.8875 0.706875 0.696875 0.93375 0.7825 0.930625 0.553125
0.00875 0.00875 0.003125 0.0025 0.004375 0.00875 0.05625 0.053125 0.060625 0.04875 0.026875 0 0.044375 0.0125 0.02 0.014375 0.02 0.01125 0.015625 0.011875 0.01125 0.018125 0.011875 0.006875 0.00875 0.0025 0.02625 0.01125 0.015 0.0075 0.013125 0 0 0.0175 0.008125 0.021875 0.004375 0.004375 0.01375 0.0425 0.00625 0.06 0.05 0.19875 0.366875 0.626875 0.58 0.494375 0.23625 0.479375 0.504375 0.555625 0.7975 0.56125 0.990625 0.98875 0.97 0.953125 0.94375 0.871875 0.629375 0.961875 0.97875 0.9525 0.960625 0.895625 0.891875 0.744375 0.5275 0.82875 0.925625 0.71875 0.943125 0.551875
0.0225 0.00625 0.004375 0 0.000625 0.03 0.028125 0.01125 0.014375 0.025625 0.03375 0.0225 0.020625 0.01375 0.04 0.01125 0.020625 0.00125 0.005625 0.010625 0.1675 0.02375 0.014375 0.003125 0.005 0.013125 0.054375 0.0125 0.01125 0.00375 0.0025 0.02 0.0125 0.0575 0.04125 0 0.00375 0.013125 0.00875 0.013125 0.015 0 0.005625 0.01625 0.045 0.261875 0.5825 0.55125 0.476875 0.34625 0.40875 0.55125 0.606875 0.58625 0.93625 0.835625 0.841875 0.9975 0.848125 0.926875 0.88125 0.851875 1 0.99 0.981875 0.898125 0.980625 0.955625 0.8875 0.829375 0.818125 0.433125 0.6825 0.818125
0.0075 0.01 0.0075 0.021875 0.025625 0.0275 0.025625 0.04875 0.0075 0.018125 0.034375 0.015 0.000625 0.016875 0 0.006875 0.018125 0.02375 0.03 0.005 0.07375 0.013125 0.01125 0.026875 0.000625 0.0275 0.008125 0.1125 0.01125 0.030625 0.005625 0.0025 0.0625 0.00875 0.045 0.0375 0.00125 0.021875 0.095 0.0875 0.033125 0.00875 0.013125 0.020625 0.021875 0.095 0.555625 0.519375 0.529375 0.456875 0.36375 0.6425 0.87125 0.781875 0.77375 0.4075 0.11875 0.4675 0.9275 0.918125 0.4025 0.288125 0.999375 0.99125 0.98625 0.995 0.995 0.9475 0.9375 0.689375 0.569375 0.561875 0.6125 0.84
0.03625 0.019375 0.00625 0.00375 0.00625 0.015 0.003125 0.006875 0.0275 0.019375 0.015625 0.045625 0.0225 0.020625 0.00875 0.03875 0.005625 0.008125 0.021875 0.02875 0.016875 0.004375 0 0.004375 0.008125 0 0 0.0825 0.060625 0.016875 0.021875 0.005625 0.315625 0.150625 0.01375 0.0275 0.016875 0.01 0.03125 0.06125 0.046875 0.01875 0.01375 0.058125 0.0525 0.376875 0.77125 0.643125 0.75875 0.698125 0.64875 0.819375 0.949375 0.920625 0.82375 0.300625 0.065625 0.31375 0.738125 0.606875 0.215 0.6975 0.995 1 0.99375 0.99625 0.986875 0.925 0.92625 0.693125 0.75 0.825625 0.828125 0.8775
0.0575 0.041875 0.003125 0.018125 0.005 0.005625 0.0025 0.044375 0.030625 0.040625 0.01875 0.01125 0.01875 0.013125 0.0225 0.044375 0.01375 0.015 0.01125 0.049375 0.020625 0.00625 0.00125 0.006875 0.03125 0.0075 0 0.005625 0.113125 0.029375 0.02875 0.0075 0.03 0.259375 0.038125 0.073125 0.050625 0.004375 0.036875 0.02375 0.005 0.019375 0.01375 0.273125 0.125 0.539375 0.559375 0.674375 0.44875 0.395 0.676875 0.825625 0.73875 0.908125 0.54875 0.831875 0.57 0.78 0.575 0.364375 0.32 0.59625 0.553125 0.900625 1 0.988125 1 0.961875 0.915625 0.755 0.939375 0.965625 0.913125 0.94375
0.10625 0.025625 0.014375 0.011875 0.019375 0.015 0.013125 0.0525 0.05125 0.030625 0.03625 0.045 0.035625 0.031875 0.01125 0.035 0.04875 0.006875 0.005625 0.0175 0.010625 0.00125 0.01125 0.00625 0.0025 0.00125 0.005625 0.004375 0.00375 0 0.01625 0.0125 0 0 0.014375 0.025 0.010625 0.005 0.01375 0.016875 0.0025 0.0025 0.003125 0.06875 0.213125 0.5925 0.47125 0.485 0.48625 0.638125 0.88 0.889375 0.904375 0.960625 0.99375 0.7275 0.900625 0.870625 0.664375 0.26 0.415625 0.863125 0.17375 0.875625 0.9975 0.955625 0.98125 0.885 0.75375 0.891875 0.843125 0.896875 0.954375 0.971875
0.0675 0.03875 0.015 0.075625 0.01375 0.005 0.006875 0.026875 0.0075 0.001875 0.001875 0.0375 0.023125 0.021875 0 0.049375 0.055 0.033125 0.01875 0.015625 0.031875 0.01125 0.006875 0.00375 0.00625 0.005 0.005 0.001875 0.00375 0 0 0.010625 0.0025 0 0.0025 0.008125 0.054375 0.03 0.005 0.01375 0.01 0.00375 0 0 0 0.1475 0.55875 0.80375 0.5275 0.64625 0.84625 0.83625 0.9025 0.990625 0.999375 0.888125 0.94375 0.9 0.863125 0.27125 0.534375 0.9925 0.9475 0.980625 0.985 0.9975 0.981875 0.991875 0.896875 0.928125 0.939375 0.98375 0.989375 0.9675
0.030625 0.0175 0.06875 0.00875 0.024375 0.00875 0.0025 0 0 0 0.005625 0.0175 0.023125 0.03125 0.0275 0.0425 0.06 0.016875 0.04125 0.045625 0.020625 0.046875 0.01375 0.0075 0.008125 0.004375 0.00625 0.003125 0 0.006875 0.016875 0.00875 0 0.00625 0 0.018125 0.010625 0.004375 0.010625 0.0125 0 0.0025 0.005 0 0 0.4925 0.620625 0.52375 0.465625 0.535 0.546875 0.336875 0.520625 0.861875 0.96 0.978125 0.935 0.9 0.97625 0.891875 0.8375 0.98125 0.9925 0.988125 0.988125 1 0.996875 0.975625 0.72 0.870625 0.965625 0.968125 0.963125 0.90375
0.05875 0.066875 0.025 0.0075 0 0.0025 0.000625 0.021875 0 0 0.000625 0.009375 0.00875 0.021875 0.019375 0.034375 0.045625 0.025 0.044375 0.030625 0.013125 0.005 0.015 0.0025 0.006875 0.0175 0.00625 0.00375 0.0025 0 0.0025 0.014375 0 0 0 0 0.000625 0.029375 0.01375 0 0.014375 0 0.0025 0.0025 0.004375 0.430625 0.595625 0.515 0.4775 0.23875 0.221875 0.393125 0.408125 0.888125 0.94125 0.935625 0.89125 0.93625 0.868125 0.965625 0.925625 0.980625 0.95875 0.9925 1 1 0.999375 0.94875 0.94375 0.92625 0.97125 0.969375 0.916875 0.93875
0.003125 0.03875 0.008125 0.003125 0.0025 0.00875 0.006875 0.00125 0.001875 0.003125 0.0025 0 0.0075 0.021875 0.050625 0.066875 0.04375 0.056875 0.0475 0.011875 0.029375 0.034375 0.009375 0.005625 0.026875 0.005 0.00375 0 0.010625 0 0.009375 0.010625 0.001875 0.00625 0 0 0 0.00875 0 0.009375 0.008125 0 0 0 0.005625 0.01 0.008125 0.035 0.35 0.54 0.41125 0.665625 0.9375 0.9825 0.88 0.966875 0.91375 0.934375 0.8325 0.859375 0.95625 0.99375 0.97875 0.98875 0.989375 0.996875 0.965625 0.93125 0.97 0.96625 0.8825 0.991875 0.88125 0.969375
0.035 0 0.009375 0.013125 0 0.00625 0.003125 0 0 0 0.003125 0.0025 0.00375 0.020625 0.05875 0.03875 0.048125 0.045 0.029375 0.021875 0.016875 0.016875 0.01 0.00875 0.0025 0.005625 0.0175 0.0025 0 0.01 0.0025 0.00375 0 0.030625 0.00375 0.009375 0.041875 0.05875 0.038125 0 0.005625 0 0.01 0.006875 0.016875 0.07 0.139375 0.1625 0.73625 0.93125 0.7375 0.763125 0.910625 0.97625 0.93625 0.983125 0.995 0.92125 0.981875 0.9025 1 0.999375 1 0.995625 0.99875 1 0.99 0.96625 0.95125 0.924375 0.939375 0.956875 0.96125 0.94625
0.04375 0.03125 0.00625 0.015625 0.0025 0.00375 0.008125 0.015625 0.010625 0.003125 0.0125 0.024375 0.018125 0.0325 0.08125 0.045 0.07625 0.0175 0.044375 0.029375 0.015625 0.053125 0.058125 0.003125 0 0.008125 0.005625 0 0 0.00375 0.003125 0 0 0.008125 0.005 0.0025 0 0.00625 0.011875 0.00875 0.014375 0.009375 0.01375 0.0075 0.03 0.039375 0.145 0.581875 0.760625 0.921875 0.7425 0.925 0.959375 0.953125 0.9825 0.7975 0.97 0.91375 0.97 0.955625 0.8975 0.978125 0.995 0.993125 0.935625 0.9975 0.9875 0.936875 0.895625 0.94625 0.980625 0.995625 0.933125 0.858125
0.003125 0.005 0.0125 0 0.01625 0.02125 0.003125 0.015625 0.00375 0.01 0.00625 0.03125 0.025 0.024375 0.07875 0.05375 0.03 0.029375 0.04 0.036875 0.010625 0.034375 0.019375 0.0075 0 0 0.006875 0 0 0.003125 0.0075 0 0 0 0.0025 0.00125 0.004375 0.014375 0.020625 0.009375 0 0.019375 0.010625 0.0025 0.289375 0.396875 0.448125 0.67125 0.88875 0.931875 0.736875 0.8425 0.9625 0.904375 0.913125 0.90875 0.869375 0.751875 0.94375 0.943125 0.965 1 0.988125 1 0.894375 0.995625 0.99875 0.981875 0.97125 0.9575 0.958125 0.965625 0.896875 0.8825
0.004375 0.001875 0.014375 0.00375 0.0025 0.005625 0 0.016875 0.01125 0.01375 0.04 0.025625 0.0325 0.01625 0.03125 0.035 0.024375 0.01625 0.020625 0.023125 0.0275 0.03375 0.030625 0.044375 0.00625 0.02125 0.025625 0.0175 0 0 0 0 0.02125 0.005625 0 0.003125 0 0.025 0.00625 0.018125 0.01875 0.000625 0.044375 0.07125 0.345625 0.720625 0.749375 0.681875 0.9025 0.824375 0.82875 0.563125 0.950625 0.774375 0.950625 0.938125 0.929375 0.961875 0.9075 0.9875 0.979375 0.94125 0.971875 0.994375 0.996875 0.9875 0.958125 0.980625 0.995 0.975625 0.9225 0.665625 0.8375 0.930625
0.006875 0 0.026875 0.015625 0.009375 0.00125 0.01125 0.023125 0.02375 0.04125 0.043125 0.090625 0.044375 0.04 0.045 0.03 0.0075 0.02125 0.06375 0.04125 0.025625 0.02375 0.02125 0.041875 0.05375 0.021875 0.00375 0.0275 0.008125 0.02625 0.01125 0.005 0.006875 0.0025 0 0.00375 0.0625 0.010625 0.005625 0.03125 0.041875 0.021875 0.0875 0.299375 0.665 0.818125 0.8775 0.8525 0.94625 0.795 0.979375 0.821875 0.91 0.9675 0.986875 0.911875 0.866875 0.886875 0.828125 0.789375 0.9725 0.98625 0.978125 0.984375 0.98125 0.956875 1 0.975 0.950625 0.914375 0.7975 0.9375 0.871875 0.834375
