Env_Vars/Set_1/100kmsq_mar_final.asc
ncols         290
nrows         380
xllcorner     -2197417.7431653
yllcorner     -584827.01486885
cellsize      10000
NODATA_value  -9999
[rows 210 to 244 of 380, columns 158 to 236 of 290]
11.975 11.9 12 11.95 12 12.05 11.875 11.8 11.75 11.8 11.7 11.675 11.7 11.7 11.7 11.775 11.8 11.775 11.8 11.75 11.65 11.7 11.7 11.7 11.65 11.7 11.9 11.975 12.1 12.325 12.5 12.4 12.025 11.975 11.825 11.8 11.7 11.7 11.7 11.7 11.7 11.7 11.7 11.725 11.7 11.7 11.725 11.7 11.6 11.575 11.525 11.6 11.6 11.6 11.6 11.5 11.5 11.4 11.375 11.35 11.35 11.35 11.4 11.4 11.35 11.3 11.3 11.3 11.3 11.3 11.3 11.3 11.3 11.2 11.15 11.1 11.1 11.1 -9999
12.1 12.1 12.1 12.075 12.1 11.95 11.75 11.9 11.8 11.8 11.8 11.7 11.7 11.65 11.6 11.7 11.75 11.8 11.75 11.8 11.7 11.7 11.75 11.7 11.8 11.9 11.9 11.825 12.05 12.2 12.3 12.3 12.1 12.35 12.325 11.8 11.8 11.8 11.8 11.7 11.7 11.725 11.8 11.8 11.8 11.7 11.75 11.75 11.7 11.6 11.6 11.525 11.6 11.6 11.6 11.6 11.5 11.4 11.4 11.4 11.4 11.4 11.375 11.4 11.4 11.3 11.3 11.3 11.3 11.3 11.3 11.3 11.3 11.2 11.2 11.1 11.1 -9999 -9999
12.1 11.9 11.95 12 12 11.8 11.8 11.9 11.8 11.8 11.8 11.775 11.775 11.7 11.8 11.875 11.8 11.8 11.825 11.8 11.8 11.8 11.85 11.725 11.8 11.9 11.775 11.9 12 12.05 12.2 12.175 12.4 12.5 12.2 11.9 11.9 11.8 11.8 11.8 11.8 11.8 11.8 11.8 11.8 11.8 11.8 11.7 11.7 11.6 11.525 11.5 11.6 11.6 11.6 11.5 11.5 11.5 11.5 11.4 11.4 11.425 11.4 11.5 11.425 11.425 11.4 11.4 11.3 11.3 11.3 11.3 11.3 11.3 11.2 11.2 11.1 -9999 -9999
12 12.1 12 12 12 11.925 11.9 11.825 11.8 11.8 11.8 11.8 11.8 11.8 11.7 11.55 11.85 12 11.8 11.85 12.025 11.9 11.9 12.025 11.8 11.9 11.9 11.9 11.9 12 12.125 12.2 12.25 12.175 12.1 11.95 12 11.9 11.9 11.9 11.9 11.875 11.825 11.8 11.8 11.8 11.65 11.7 11.7 11.675 11.6 11.6 11.6 11.6 11.6 11.55 11.5 11.5 11.5 11.5 11.5 11.475 11.5 11.5 11.5 11.5 11.45 11.4 11.4 11.3 11.3 11.3 11.3 11.3 11.2 11.2 11.2 -9999 -9999
12.125 12.15 12.45 12.1 12 12 12 12 11.9 11.9 11.825 11.9 11.8 11.8 11.725 11.8 11.8 11.8 11.875 11.9 11.9 12 11.9 11.875 11.875 11.9 11.9 11.9 11.9 12 12 12 12 11.85 11.9 12 11.9 12 11.9 11.975 11.9 11.9 11.9 11.9 11.9 11.8 11.7 11.7 11.7 11.7 11.7 11.6 11.6 11.6 11.6 11.6 11.6 11.55 11.55 11.6 11.5 11.5 11.5 11.5 11.5 11.5 11.5 11.5 11.425 11.4 11.325 11.325 11.3 11.3 11.3 11.3 -9999 -9999 -9999
12.2 12.075 12.1 12.05 12 12 11.95 11.9 11.925 11.9 11.9 11.9 11.8 11.9 11.85 11.8 11.8 11.8 11.8 11.8 11.9 12 12 11.95 11.9 11.95 11.9 11.9 12 11.975 12 11.9 11.9 12.05 11.85 12 12.1 12 12 12.025 11.9 12 11.9 11.9 11.9 11.8 11.7 11.7 11.725 11.7 11.7 11.575 11.625 11.6 11.6 11.6 11.6 11.6 11.6 11.6 11.6 11.575 11.5 11.5 11.5 11.55 11.525 11.5 11.5 11.4 11.4 11.4 11.4 11.325 11.325 11.35 -9999 -9999 -9999
12.2 12.2 12.2 12.15 12.2 12 12 11.95 11.925 11.925 11.975 12 11.9 11.9 11.9 11.9 11.9 11.8 11.9 11.95 11.95 12 12.125 12 12 12 11.975 11.95 11.95 11.9 12.05 12.1 12.3 12.2 11.825 12 12 12 12 12 12 11.975 12 11.9 11.9 11.825 11.8 11.725 11.7 11.7 11.7 11.65 11.65 11.7 11.675 11.675 11.7 11.7 11.6 11.6 11.6 11.6 11.6 11.6 11.5 11.6 11.6 11.6 11.5 11.5 11.5 11.4 11.4 11.4 11.4 11.4 -9999 -9999 -9999
12.2 12.225 12.25 12.15 12.1 12 12 11.925 11.9 12 11.85 12.025 11.95 11.9 11.9 11.9 11.9 11.9 12.025 12 12.1 12 12 12 12 12 12 12.1 12.1 12 12.1 12.075 12.275 11.825 11.9 11.95 12 12 12 12 12 12 12 11.9 11.9 11.9 11.8 11.8 11.775 11.7 11.7 11.7 11.7 11.7 11.7 11.625 11.65 11.7 11.7 11.7 11.7 11.7 11.625 11.65 11.6 11.6 11.6 11.6 11.55 11.5 11.5 11.5 11.5 11.475 11.425 -9999 -9999 -9999 -9999
12.175 12.2 12.2 12.2 12.1 12.1 12 12 12.075 12 11.825 11.925 12 11.95 12 12 11.975 12 12 11.9 12.2 12.025 12.025 12.1 12.05 12.1 12 12.1 12.1 12.125 12 11.95 12.2 11.9 11.9 11.925 11.9 12 12 12 12 12 12 11.925 11.9 11.9 11.9 11.8 11.725 11.7 11.7 11.7 11.7 11.7 11.7 11.7 11.7 11.7 11.7 11.7 11.7 11.7 11.7 11.7 11.7 11.6 11.6 11.6 11.6 11.6 11.6 11.6 11.525 11.5 11.5 -9999 -9999 -9999 -9999
12.5 12.3 12.2 12.125 12.275 12.225 12.1 12.1 12.1 12.1 12 11.875 11.975 12 12 12.05 12.05 12.2 12 12 12 12.025 12.1 12.1 12.1 12.1 12.025 12.1 12.1 12.2 12.1 12.2 12 12 12 11.9 11.9 11.9 12 12 11.925 11.9 11.9 11.9 11.9 11.9 11.9 11.8 11.8 11.725 11.7 11.7 11.7 11.8 11.75 11.8 11.8 11.8 11.8 11.775 11.8 11.8 11.8 11.8 11.8 11.675 11.65 11.6 11.65 11.6 11.6 11.6 11.6 11.6 11.5 -9999 -9999 -9999 -9999
12.6 12.55 12.5 12.4 12.3 12.3 12.2 12.2 12.2 12.125 12.1 12.1 12 12.1 12.1 12.1 12.15 12.2 12.275 12.1 11.9 12.05 12.1 12.1 12.1 12.1 12.025 12.2 12.1 12.15 12.2 12.1 12.1 12.1 12.025 12 12 12 11.975 12 11.9 11.9 11.9 11.9 11.9 11.9 11.9 11.8 11.8 11.7 11.725 11.8 11.8 11.8 11.8 11.8 11.9 11.9 11.9 11.9 11.8 11.8 11.8 11.8 11.8 11.85 11.8 11.7 11.7 11.7 11.7 11.7 11.7 11.6 -9999 -9999 -9999 -9999 -9999
12.575 12.475 12.4 12.3 12.3 12.25 12.3 12.3 12.2 12.2 12.2 12.2 12.25 12.1 12.2 12.1 12.2 12.125 12.3 12.3 12.125 12.125 12.2 12.1 12.1 12.15 12.1 12.1 12.2 12.175 12.075 12.1 12.15 12.1 12.1 12 12 12 12 12 11.975 11.9 11.9 11.9 11.9 11.9 11.9 11.8 11.8 11.8 11.8 11.7 11.8 11.8 11.8 11.9 11.975 12 12.075 12 11.925 11.9 11.85 11.8 11.85 11.9 11.9 11.9 11.85 11.8 11.7 11.7 11.7 11.7 -9999 -9999 -9999 -9999 -9999
12.575 12.5 12.45 12.4 12.375 12.35 12.5 12.5 12.4 12.25 12.25 12.25 12.3 12.15 12.2 12.2 12.225 12.125 12.2 12.225 12.1 12.1 12.15 12.2 12.1 12.1 12.1 12.15 12.1 12.1 12.125 12.15 12.175 12.1 12.1 12.025 12 12 12 12 11.9 11.9 11.9 11.9 11.9 11.9 11.8 11.8 11.8 11.8 11.8 11.8 11.8 11.8 11.8 11.9 12 12.125 12.2 12.2 12.1 12 11.9 11.9 11.9 11.9 11.95 12.1 12 11.9 11.8 11.8 11.8 11.8 -9999 -9999 -9999 -9999 -9999
12.6 12.6 12.525 12.5 12.475 12.5 12.5 12.5 12.55 12.3 12.3 12.3 12.3 12.25 12.2 12.3 12.3 12.175 12.25 12.3 12.175 12.2 12.2 12.2 12.175 12.3 12.2 12.2 12.1 12.1 12.1 12.2 12.1 12.2 12.1 12.1 12.1 12.1 12 12 11.9 11.9 11.8 11.875 11.9 11.85 11.8 11.8 11.825 11.8 11.8 11.9 11.8 11.8 11.8 11.9 12.05 12.2 12.4 12.35 12.3 12.1 12 11.9 11.925 12 12.1 12.2 12.2 12.1 11.95 11.9 11.9 12 -9999 -9999 -9999 -9999 -9999
12.625 12.65 12.575 12.45 12.5 12.5 12.5 12.5 12.5 12.45 12.4 12.3 12.4 12.4 12.3 12.325 12.3 12.3 12.1 12.2 12.225 12.15 12.1 12.2 12.2 12.2 12.3 12.2 12.2 12.2 12.175 12.2 12.1 12.1 12.2 12.1 12.1 12.1 12 12 12 11.9 11.9 11.875 11.9 11.9 11.9 11.9 11.8 11.8 11.8 11.8 11.825 11.8 11.9 11.9 12.075 12.3 12.5 12.525 12.5 12.3 12.2 12.075 12 12.1 12.2 12.325 12.4 12.3 12.2 12 12 -9999 -9999 -9999 -9999 -9999 -9999
12.475 12.7 12.6 12.525 12.5 12.55 12.6 12.6 12.6 12.5 12.4 12.4 12.4 12.525 12.275 12.35 12.4 12.325 12.3 12.2 12.3 12.3 12.175 12.2 12.2 12.2 12.3 12.25 12.3 12.2 12.2 12.2 12.2 12.15 12.1 12.075 12.1 12.1 12.1 12.1 12 11.9 11.9 11.9 11.85 11.8 11.8 11.7 11.775 11.8 11.85 11.9 11.8 11.8 11.9 11.925 12.1 12.325 12.525 12.7 12.625 12.5 12.35 12.2 12.1 12.125 12.2 12.4 12.5 12.5 12.4 12.275 12.2 -9999 -9999 -9999 -9999 -9999 -9999
12.8 12.7 12.7 12.6 12.6 12.7 12.7 12.6 12.6 12.6 12.45 12.4 12.5 12.5 12.3 12.3 12.4 12.4 12.4 12.375 12.275 12.2 12.3 12.2 12.2 12.2 12.2 12.2 12.3 12.3 12.3 12.25 12.25 12.2 12.1 12.15 12 12.1 12.1 12.1 12 11.9 11.9 11.9 11.8 11.575 12.375 11.9 11.7 11.8 11.8 11.825 11.9 11.9 11.9 12 12.175 12.4 12.6 12.7 12.75 12.7 12.525 12.3 12.2 12.2 12.3 12.45 12.6 12.6 12.6 12.5 12.4 -9999 -9999 -9999 -9999 -9999 -9999
12.8 12.725 12.8 12.7 12.6 12.6 12.8 12.6 12.6 12.625 12.625 12.525 12.45 12.6 12.4 12.4 12.3 12.325 12.4 12.4 12.35 12.4 12.3 12.3 12.3 12.25 12.275 12.2 12.3 12.4 12.35 12.35 12.3 12.3 12.15 12.15 12.2 12.1 12.1 12.1 12 11.975 11.9 11.85 11.8 12.6 12.45 11.8 11.7 11.8 11.8 11.9 11.9 11.9 11.9 12 12.2 12.4 12.6 12.8 12.8 12.75 12.6 12.4 12.2 12.2 12.375 12.5 12.65 12.7 12.7 12.7 12.6 -9999 -9999 -9999 -9999 -9999 -9999
12.9 12.9 12.8 12.8 12.725 12.6 12.7 12.625 12.675 12.7 12.75 12.7 12.6 12.525 12.5 12.5 12.4 12.4 12.3 12.4 12.45 12.4 12.45 12.4 12.3 12.15 12.25 12.2 12.4 12.4 12.4 12.375 12.15 12.3 12.125 12.2 12.2 12.1 12.2 12.1 12.025 12 11.925 11.8 12.1 12.3 12.1 11.8 11.8 11.9 11.8 11.85 11.8 11.8 11.975 12.1 12.225 12.45 12.7 12.8 12.875 12.8 12.7 12.5 12.325 12.3 12.4 12.5 12.7 12.8 12.8 12.8 12.725 12.8 -9999 -9999 -9999 -9999 -9999
13.35 12.9 12.975 12.9 12.8 12.8 12.7 12.8 12.725 12.8 12.7 12.8 12.775 12.7 12.5 12.5 12.5 12.4 12.5 12.5 12.475 12.375 12.5 12.525 12.4 12.3 12.4 12.35 12.35 12.1 12.4 12.4 12.475 12.4 12.3 12.3 12.2 12.1 12.1 12.1 12.05 12 11.8 12.2 12 12.3 12.025 11.8 11.9 11.9 11.8 11.8 11.9 11.9 11.975 12.1 12.3 12.5 12.725 12.85 12.9 12.8 12.7 12.6 12.4 12.4 12.4 12.6 12.75 12.8 12.9 12.85 12.8 12.9 -9999 -9999 -9999 -9999 -9999
13.1 12.7 12.925 12.9 12.75 12.8 12.8 12.8 12.7 12.625 12.75 12.8 12.85 12.825 12.65 12.6 12.6 12.575 12.525 12.5 12.5 12.5 12.625 12.6 12.4 12.5 12.4 12.4 12.4 12.35 12.4 12.425 12.5 12.325 12.3 12.3 12.225 12.2 12.1 12 12.075 12.05 12.1 12.2 12.1 12.3 11.9 11.9 11.9 11.9 11.9 11.9 11.9 11.9 12 12.1 12.3 12.5 12.7 12.9 12.9 12.9 12.8 12.7 12.5 12.4 12.475 12.6 12.8 12.8 12.9 12.9 12.9 12.9 12.9 -9999 -9999 -9999 -9999
13 13.025 13.1 12.775 12.8 12.875 12.9 12.825 12.725 12.8 12.825 12.8 12.8 12.85 12.7 12.7 12.7 12.625 12.55 12.6 12.6 12.6 12.55 12.6 12.55 12.5 12.5 12.45 12.4 12.4 12.4 12.4 12.475 12.4 12.4 12.3 12.3 12.2 12.175 12.075 12.325 12.2 12.1 12.1 12.2 12.1 12 11.9 12 12 11.9 11.9 11.9 11.9 12 12.1 12.3 12.5 12.7 12.9 13 12.9 12.9 12.8 12.6 12.5 12.5 12.6 12.7 12.9 12.9 12.9 13 13 13 13 -9999 -9999 -9999
13.1 13.1 13.1 13.05 12.9 12.8 13 12.9 12.95 12.8 12.8 12.8 12.8 12.8 12.7 12.775 12.7 12.55 12.7 12.6 12.525 12.6 12.55 12.725 12.8 12.675 12.6 12.5 12.5 12.4 12.4 12.5 12.5 12.5 12.4 12.4 12.45 12.4 12.4 12.225 12.275 12.1 12.125 12.1 11.95 11.95 12 12 12 12 11.9 11.9 11.9 12 12 12.1 12.3 12.525 12.7 12.9 12.9 13 13 12.9 12.8 12.6 12.5 12.6 12.65 12.8 12.9 13.1 13 13 13 13 -9999 -9999 -9999
13.1 13.1 13 13.1 12.85 12.725 12.6 12.975 13 12.9 12.875 12.8 12.7 12.7 12.825 12.7 12.65 12.7 12.7 12.7 12.55 12.8 12.6 12.6 12.7 12.6 12.55 12.5 12.5 12.5 12.5 12.525 12.5 12.5 12.4 12.475 12.425 12.4 12.3 12.3 12.2 12.1 12.1 12.1 12 12 12 12 12.075 12.1 12 11.95 12 11.95 12 12.1 12.3 12.525 12.7 12.9 12.9 12.925 12.9 12.9 12.9 12.7 12.6 12.575 12.6 12.625 12.85 13 13 13 13 13 13 -9999 -9999
13.175 13.1 13.1 13.1 13.125 13.15 13.05 12.575 12.975 13 12.9 12.9 12.75 12.6 12.7 12.675 12.8 12.7 12.7 12.7 12.7 12.7 12.7 12.8 12.65 12.625 12.625 12.7 12.55 12.55 12.6 12.6 12.5 12.5 12.5 12.5 12.5 12.4 12.4 12.325 12.2 12.2 12.1 12.025 12 12 12 12.1 12.1 12.1 12 11.8 11.65 11.825 12 12 12.2 12.425 12.6 12.8 12.9 12.9 12.9 12.8 12.75 12.7 12.5 12.4 12.475 12.55 12.7 12.9 13 13.05 13 13.025 13 13 -9999
13.2 13.2 13.2 13.25 13.2 13.2 13.25 12.975 12.95 12.775 12.925 12.9 12.9 12.9 12.775 12.8 12.7 12.7 12.7 12.8 12.8 12.725 12.675 12.7 12.8 12.7 12.7 12.7 12.65 12.6 12.6 12.6 12.6 12.5 12.475 12.5 12.6 12.45 12.425 12.4 12.3 12.2 12.2 12.1 12.05 12 12 12 12 12 12 12.525 12.75 11.9 11.9 12.075 12.1 12.3 12.5 12.725 12.875 12.85 12.8 12.7 12.6 12.6 12.5 12.4 12.4 12.4 12.6 12.8 12.9 13.025 13.1 13.1 13.1 13 -9999
13.2 13.2 13.2 13.2 13.2 13.2 13.2 13.25 13.05 13.075 12.85 12.975 12.9 12.9 12.725 12.8 12.8 12.8 12.7 12.75 12.75 12.875 12.8 12.8 12.7 12.7 12.7 12.675 12.7 12.7 12.7 12.65 12.625 12.475 12.4 12.5 12.5 12.6 12.5 12.5 12.4 12.3 12.2 12.15 12.1 12.1 12 12 12.125 12.7 12.35 12.5 12.475 12.5 11.9 12 12 12.2 12.3 12.5 12.7 12.775 12.7 12.6 12.5 12.5 12.4 12.4 12.3 12.3 12.425 12.625 12.825 13 13.1 13.1 13.1 13.1 13
13.3 13.15 13.3 13.2 13.3 13.2 13.2 13.2 13.325 13 12.95 13.05 12.875 12.6 12.8 12.8 12.8 12.8 12.675 12.8 12.9 12.8 12.85 12.8 12.6 12.825 12.7 12.775 12.7 12.7 12.7 12.7 12.6 12.6 12.55 12.5 12.5 12.5 12.5 12.525 12.525 12.35 12.35 12.175 12.1 12 11.975 12.15 12.475 12.4 12.275 12.3 12.4 12.45 11.9 12 12 12.1 12.2 12.325 12.5 12.6 12.6 12.5 12.4 12.4 12.4 12.3 12.3 12.3 12.35 12.5 12.7 12.9 13 13 13.1 13.1 13.1
13.3 13.3 13.4 13.275 13.3 13.25 13.2 13.175 13.2 13 13.1 12.975 13 12.9 12.9 12.9 12.8 12.75 12.8 12.8 12.85 12.9 12.8 12.9 12.8 12.8 12.8 12.8 12.7 12.7 12.7 12.65 12.7 12.6 12.6 12.525 12.5 12.7 12.65 12.6 12.575 12.575 12.275 12.05 12.025 11.9 12.175 12.175 12.3 12.275 12.4 12.4 12.4 12.425 12 12.1 12 12.1 12.125 12.2 12.4 12.475 12.5 12.4 12.4 12.325 12.3 12.3 12.3 12.3 12.3 12.4 12.575 12.725 12.9 13.075 13.1 13.125 13.1
13.4 13.375 13.35 13.4 13.275 13.2 13.3 13.25 13.05 13.075 13.1 13 13 13 12.95 12.9 12.8 12.775 12.75 12.95 12.95 13 12.9 12.9 12.8 12.8 12.8 12.8 12.8 12.8 12.8 12.8 12.7 12.7 12.6 12.6 12.5 12.55 12.7 12.7 12.6 12.65 12.425 12.4 12.4 12.4 12.15 12.3 12.3 12.4 12.325 12.4 12.5 12.225 12.1 12.125 12.15 12.1 12.2 12.2 12.3 12.4 12.4 12.4 12.4 12.3 12.3 12.3 12.3 12.2 12.3 12.3 12.4 12.6 12.8 13.025 13.05 13.1 13.1
13.325 13.225 13.3 13.4 13.375 13.3 13.2 13.225 13.2 13.1 13.1 13.05 13.1 13 13 13 12.975 13 12.9 12.9 12.9 12.9 12.9 13 12.8 12.825 12.8 12.8 12.8 12.8 12.8 12.8 12.7 12.7 12.7 12.6 12.6 12.6 12.525 12.6 12.525 12.6 12.5 12.425 12.4 12.4 12.3 12.325 12.4 12.425 12.45 12.6 12.05 12.225 12.275 12.2 12.2 12.2 12.225 12.3 12.4 12.4 12.4 12.4 12.4 12.375 12.3 12.3 12.3 12.3 12.3 12.3 12.375 12.5 12.625 12.8 13 13.1 13.1
13.4 13.475 13.475 13.4 13.4 13.4 13.3 13.3 13.1 13.1 13.1 13.1 13 13.1 13.1 13 13 13 12.9 12.9 12.9 12.9 12.9 12.9 12.9 12.9 12.8 12.85 12.8 12.8 12.8 12.7 12.7 12.7 12.7 12.7 12.7 12.7 12.575 12.5 12.5 12.4 12.5 12.4 12.5 12.4 12.4 12.4 12.5 12.4 12.3 12.3 12.3 12.4 12.3 12.325 12.4 12.3 12.35 12.425 12.5 12.6 12.6 12.625 12.5 12.4 12.4 12.3 12.3 12.3 12.3 12.375 12.4 12.4 12.5 12.7 12.825 13 13.1
13.4 13.4 13.4 13.4 13.5 13.4 13.4 13.2 13.3 13.2 13.2 13.1 13.1 13.1 13.1 13 13.025 13 13 12.9 12.9 12.9 12.9 13 12.9 12.9 12.9 12.85 12.8 12.8 12.8 12.75 12.7 12.7 12.7 12.7 12.7 12.7 12.6 12.6 12.55 12.4 12.4 12.45 12.5 12.5 12.525 12.5 12.55 12.4 12.35 12.4 12.5 12.425 12.4 12.225 12.3 12.4 12.5 12.6 12.7 12.8 12.8 12.8 12.7 12.6 12.5 12.4 12.3 12.3 12.3 12.35 12.4 12.4 12.4 12.5 12.7 12.875 13
13.575 13.35 13.325 13.4 13.4 13.4 13.4 13.3 13.3 13.3 13.2 13.1 13.1 13.1 13.1 13 13.1 13.1 13 13 13 12.95 13 13 13 12.9 12.9 12.9 12.8 12.8 12.8 12.7 12.7 12.8 12.7 12.8 12.7 12.7 12.7 12.6 12.6 12.5 12.35 12.4 12.475 12.5 12.5 12.25 12.5 12.45 12.525 12.5 12.525 12.5 12.45 12.775 12.375 12.4 12.5 12.6 12.7 12.875 13 13 12.9 12.8 12.6 12.5 12.4 12.3 12.3 12.4 12.4 12.4 12.4 12.4 12.5 12.725 12.9
13.5 13.6 13.625 13.225 13.4 13.475 13.35 13.3 13.2 13.3 13.2 13.2 13.15 13.1 13.1 13.1 13 13.075 13.025 13 12.9 13 13 13 13 12.9 12.9 12.9 12.9 12.8 12.8 12.8 12.8 12.8 12.8 12.8 12.8 12.8 12.7 12.625 12.6 12.5 12.5 12.4 12.375 12.5 12.5 12.5 12.55 12.5 12.45 12.5 12.5 12.7 12.875 13 12.725 12.4 12.5 12.6 12.725 12.85 13 13.1 13.075 12.925 12.775 12.6 12.5 12.4 12.4 12.4 12.4 12.425 12.4 12.4 12.4 12.7 12.8
