Env_Vars/Set_1/100kmsq_propgrass_final.asc.asc
ncols         290
nrows         380
xllcorner     -2197417.7431653
yllcorner     -584827.01486885
cellsize      10000
NODATA_value  -9999
[rows 165 to 197 of 380, columns 148 to 221 of 290]
0.015 0 0.0025 0.03 0.009375 0.04 0.08 0.084375 0.029375 0 0.005 0.06125 0.06 0.024375 0.00875 0.021875 0.111875 0.120625 0.00875 0.00875 0.03 0.03625 0.005625 0 0.02875 0.01875 0 0 0.075625 0.00875 0 0 0.02625 0.026875 0.026875 0 0 0 0 0 0 0 0 0 0 0 0 0.000625 0 0 0.309375 0.005625 0.080625 0 0 0.000625 0 0 0 0 0.0925 0.026875 0.02 0.023125 0.190625 0.19125 0.00625 0.064375 0.008125 0.018125 0 0 0.000625 0.004375
0.00375 0 0.008125 0.01 0.104375 0.05125 0.1025 0.108125 0.09625 0.038125 0.0175 0.1325 0.063125 0.02875 0.058125 0.054375 0.00875 0.00625 0.021875 0.105 0.0525 0.08625 0.05625 0.138125 0.073125 0.05375 0.001875 0.155 0.13375 0.03375 0.009375 0 0 0.1975 0.384375 0.075 0.000625 0 0 0 0 0 0 0 0 0 0 0.00375 0 0 0.14375 0.00375 0.116875 0 0 0.0025 0.00625 0.0125 0 0 0 0.000625 0.0025 0 0.0125 0.0525 0.01 0.009375 0.03875 0.0275 0.0025 0.01 0 0.00375
0.035 0 0.03125 0.014375 0.06125 0.075 0.096875 0.036875 0.1 0.043125 0.05625 0.248125 0.164375 0.039375 0.01625 0.0575 0.23375 0.008125 0.005625 0.035625 0.07125 0.183125 0.06375 0.121875 0.00625 0.164375 0.0825 0.143125 0.005625 0.135625 0.025625 0.01125 0.000625 0.0725 0.250625 0.038125 0.003125 0.07125 0.060625 0.01875 0 0 0 0 0 0 0.00375 0.004375 0 0 0 0.0025 0.00375 0.055 0.0075 0.185625 0.05375 0 0 0.0175 0.0025 0.04 0.024375 0.023125 0.083125 0.09 0.108125 0.015 0.015 0 0.0025 0.044375 0.004375 0.01875
0.08 0.0125 0.015 0.04 0.031875 0 0 0.004375 0.02 0.006875 0.061875 0.23125 0.15875 0.104375 0.015625 0.04625 0.01 0.000625 0.005625 0 0.015625 0.01625 0.028125 0.009375 0.035625 0.1475 0.0025 0.0425 0.0075 0.16375 0.051875 0 0.001875 0.001875 0.024375 0.025625 0.021875 0.11375 0.02 0 0 0 0.003125 0.00125 0.031875 0.00125 0.0025 0 0 0 0 0.06875 0.00375 0 0.001875 0.12125 0 0.0025 0.03375 0.03375 0 0.064375 0.085625 0.0875 0.01625 0.05625 0.09875 0.04375 0.01125 0.005 0.02 0.0425 0 0.035625
0.07125 0.02125 0.06 0.043125 0.0175 0.205625 0.0875 0.0425 0.016875 0.0025 0.135 0.3825 0.055625 0.040625 0.0475 0.011875 0.01125 0.0025 0.028125 0.009375 0.0125 0.0225 0.0325 0.03125 0.01625 0.00625 0.00375 0.056875 0.085 0.04 0.000625 0 0 0.008125 0 0 0.015 0.04875 0.039375 0.048125 0.143125 0.10125 0.009375 0.02875 0.06375 0.06125 0 0 0 0 0.009375 0 0 0.003125 0.00875 0 0 0.004375 0.03125 0.005 0.055625 0.021875 0.0525 0.014375 0.0175 0.03625 0.029375 0.028125 0.0075 0.0325 0.02875 0.018125 0 0
0.005 0.04125 0.029375 0.010625 0.025 0.169375 0.594375 0.171875 0.003125 0 0.21625 0 0.00625 0.00875 0.009375 0 0.01875 0.025625 0.060625 0.0175 0.09875 0.03125 0 0.07 0.046875 0.040625 0.024375 0.023125 0.08625 0.0425 0 0 0 0 0.005625 0.01375 0.10875 0.176875 0.01875 0.08125 0.035 0.18375 0.18625 0.12125 0.23 0.035 0 0 0 0.00875 0 0 0 0.01625 0.00375 0.010625 0 0.001875 0.02625 0.015 0.018125 0 0.013125 0.001875 0.014375 0.0025 0.07 0.15375 0.041875 0.101875 0.259375 0.045625 0.019375 0.00375
0.014375 0.1075 0.019375 0.05375 0.09 0.10125 0.475 0.221875 0 0.019375 0.2675 0.028125 0.025 0.0275 0.01125 0 0.02625 0.03625 0.046875 0.04 0.1125 0.025 0.02875 0.008125 0.104375 0.00375 0.08625 0.05625 0.003125 0.1275 0.085625 0.015 0.003125 0.003125 0 0.014375 0.009375 0.01625 0 0 0 0.014375 0.0525 0.080625 0.055625 0 0 0 0 0 0.0025 0.03375 0.0375 0.053125 0.0125 0 0.00375 0.0125 0.045 0 0 0.054375 0.0025 0 0.006875 0.019375 0.111875 0.070625 0.038125 0.131875 0.199375 0.08125 0.051875 0.01125
0.04 0.02625 0.020625 0.0825 0.063125 0.173125 0.333125 0.03125 0.030625 0.011875 0.003125 0 0.008125 0.01 0.005 0.10375 0.045625 0.0475 0.17 0.055625 0.02375 0.029375 0.04625 0.100625 0.144375 0.139375 0.271875 0.126875 0.07125 0.155625 0.0375 0.015 0 0 0.014375 0.021875 0.0575 0.04125 0.016875 0.053125 0 0.0025 0.066875 0.015 0 0.02375 0 0 0 0 0.001875 0.01 0.0075 0 0 0.015625 0 0.003125 0.003125 0.0025 0.001875 0.064375 0.068125 0.003125 0.05125 0.003125 0.11375 0.198125 0.036875 0.06375 0.01375 0.01375 0.05625 0.050625
0 0.00125 0.038125 0.023125 0.053125 0.035 0.0625 0.04625 0.03 0.03875 0.21875 0.131875 0.003125 0 0.011875 0.23125 0.031875 0.224375 0.305 0.02625 0.000625 0.01625 0.0675 0.031875 0.3425 0.524375 0.511875 0.145 0 0.003125 0 0 0 0.000625 0.02125 0.0225 0.08875 0.053125 0.07875 0.015625 0.0075 0.000625 0.105625 0.0225 0 0 0 0 0.009375 0.003125 0 0 0 0 0 0 0 0 0 0.011875 0.014375 0 0.006875 0.019375 0.041875 0 0.150625 0.0425 0.019375 0 0.0125 0.00875 0.005 0
0.01375 0.005 0.03125 0.050625 0.02375 0.021875 0.06375 0.113125 0.16875 0.13375 0.09375 0.053125 0.025 0 0.0075 0.136875 0.0125 0.0075 0.0325 0.029375 0 0 0.04625 0.051875 0.283125 0.31875 0.273125 0.0525 0.0175 0.005 0.038125 0.133125 0.004375 0.066875 0.065 0.006875 0.076875 0.0975 0.010625 0.0025 0.03375 0.014375 0 0.013125 0.003125 0.005 0 0 0.015 0.006875 0.01125 0 0 0 0 0 0 0.0075 0 0.010625 0.005 0.015 0.008125 0.06625 0.003125 0.009375 0.000625 0.035625 0.09875 0.0175 0.010625 0.01875 0 0.005
0.010625 0.031875 0.015625 0.053125 0.019375 0.070625 0.01625 0.068125 0.0225 0.028125 0.03875 0.088125 0.02 0.009375 0.086875 0 0.014375 0.03375 0.151875 0.00625 0.0375 0.0425 0.205 0.15375 0.125 0.0575 0.0325 0.063125 0.016875 0.04375 0.07 0.07 0.021875 0.064375 0.010625 0.05 0.210625 0.0225 0.054375 0.02125 0.010625 0.00625 0.00125 0.055 0 0 0.0025 0 0.004375 0.028125 0 0.03 0 0 0.02625 0 0 0.02875 0.009375 0 0.011875 0.1625 0.00875 0.011875 0 0.031875 0.0275 0.035625 0.04 0.030625 0.0275 0.03 0.043125 0.013125
0.00625 0.0175 0.059375 0.044375 0.011875 0.000625 0.121875 0.078125 0.0125 0.02125 0.0725 0.01125 0.029375 0.0175 0.050625 0.01 0.0575 0.08375 0.0475 0.02125 0.51125 0.105 0.34375 0.520625 0.074375 0.09625 0.000625 0.030625 0.03 0 0.008125 0.005 0.00375 0.045 0.17625 0.11375 0.124375 0.103125 0.03625 0.006875 0 0 0.008125 0.0725 0.010625 0 0 0.005 0.018125 0 0.004375 0 0 0.003125 0 0.0025 0 0.13875 0.095625 0.006875 0.034375 0.156875 0.056875 0.026875 0.04 0.028125 0.003125 0.06625 0.138125 0.080625 0.166875 0.02 0.036875 0.0525
0.02 0.015 0.03125 0.029375 0.0025 0.02375 0.02875 0.023125 0.019375 0.013125 0 0.073125 0.020625 0.035 0.003125 0.005625 0.03 0.07875 0.054375 0.0225 0.178125 0.3425 0.124375 0.348125 0.204375 0.03625 0.063125 0.351875 0.105 0.014375 0.003125 0.020625 0.05 0.063125 0.3425 0.21875 0.20875 0.0575 0.020625 0 0.07375 0.054375 0 0 0.004375 0 0.315 0.1625 0.049375 0 0 0 0.001875 0 0.051875 0.000625 0.0275 0.02375 0.14875 0 0.169375 0.055 0.006875 0.00125 0.00375 0.005625 0.046875 0.02875 0.033125 0.04375 0.013125 0.04375 0.06 0.055625
0.0725 0.034375 0.04875 0.09375 0.0675 0.003125 0.031875 0.0575 0.0025 0.006875 0.0025 0.004375 0.00375 0.1525 0.0625 0.00375 0 0.016875 0.081875 0.15 0.363125 0.4675 0.4475 0.45375 0.405 0.006875 0.025 0.133125 0.12625 0.49375 0.2475 0.064375 0.124375 0.08625 0.055625 0.01 0.05125 0.034375 0.023125 0.04375 0.15375 0 0.00375 0 0 0.178125 0.761875 0.090625 0.0325 0 0.015 0 0.000625 0.003125 0.01625 0.0275 0.073125 0.0475 0.01625 0.003125 0.0775 0.003125 0.005625 0.005 0.011875 0 0.02875 0.0175 0.025 0.0525 0.005625 0.0175 0.043125 0.088125
0.150625 0.044375 0.05875 0.01375 0.01375 0.0125 0.008125 0.003125 0.013125 0.010625 0.375 0.6425 0.2775 0.0575 0.04 0.026875 0.02 0.005 0.00125 0.035 0.07125 0.406875 0.13875 0.35125 0.20375 0.16625 0.2175 0.07 0.153125 0.504375 0.425 0.0275 0.01375 0.0375 0 0.01 0 0.035625 0.105625 0.09875 0.1025 0 0 0.019375 0.034375 0.015625 0.235 0.001875 0.02125 0 0 0.026875 0.00625 0.009375 0.066875 0.1075 0.101875 0.018125 0 0 0 0 0 0.01375 0.0775 0 0.006875 0.053125 0.060625 0.044375 0.013125 0.0675 0.299375 0.035625
0.026875 0.048125 0.06875 0.063125 0.019375 0.02 0.008125 0.009375 0.035625 0.040625 0.5 0.865 0.3175 0.08 0.000625 0.0075 0.00125 0.0525 0.03375 0.0475 0.011875 0.0275 0.0975 0.090625 0.086875 0.05375 0.154375 0.1075 0.046875 0.14875 0.10125 0.0025 0.003125 0 0 0.003125 0 0 0.028125 0.224375 0.235625 0.0025 0.005 0.0025 0.008125 0.068125 0.015625 0 0.01625 0 0.0175 0.0125 0.005625 0.0375 0.00375 0.094375 0.029375 0 0 0 0 0.013125 0.00375 0.018125 0 0 0.023125 0.04 0.12 0.04 0.02875 0.03 0.098125 0.006875
0.01875 0.065 0.011875 0.016875 0.01625 0.04625 0.09375 0.005625 0.0025 0.044375 0.27625 0.505 0.04125 0 0.0025 0.014375 0.024375 0.009375 0.015625 0.0025 0.004375 0.011875 0.05375 0.05125 0.03 0.085625 0.08125 0.03625 0.086875 0.04875 0.003125 0 0 0 0.005 0.001875 0 0 0 0.13875 0.04625 0.005 0.031875 0.253125 0.036875 0.085625 0.063125 0.038125 0.009375 0.01125 0.0275 0.005625 0 0.008125 0.0025 0 0 0 0 0 0 0.009375 0.001875 0.029375 0.018125 0 0.071875 0.031875 0.06125 0.058125 0.004375 0.024375 0.041875 0
0.05125 0.0475 0.003125 0 0.008125 0.0525 0.0225 0.028125 0.053125 0.094375 0.004375 0 0.01 0.01375 0.13375 0.015625 0.0075 0.011875 0.051875 0.0075 0.01125 0.02625 0.07 0.04375 0.069375 0.030625 0.0325 0.01875 0.005625 0 0 0.025625 0.008125 0 0 0 0 0 0.0025 0.00375 0.0225 0.011875 0.21 0.5275 0.1175 0.063125 0.058125 0.014375 0.015 0.013125 0.016875 0.005625 0.02375 0.004375 0.000625 0.000625 0 0 0 0 0 0.0025 0 0.013125 0.219375 0.010625 0.098125 0.11125 0.0925 0.033125 0.0225 0.000625 0.013125 0.004375
0.019375 0.055625 0.034375 0 0.0075 0.0025 0.01375 0.0225 0.179375 0.036875 0.01625 0.008125 0.01375 0.0275 0.00625 0.01 0.0075 0.01625 0.035 0.011875 0.026875 0.269375 0.13125 0.0825 0.029375 0.020625 0.111875 0.059375 0.0925 0.030625 0.001875 0.0825 0.011875 0 0.023125 0.0275 0 0.19 0.095625 0.01 0.014375 0.0025 0.199375 0.100625 0.045625 0.08 0.026875 0.00625 0.041875 0.023125 0.034375 0 0.005625 0.015 0.000625 0.021875 0.003125 0 0 0 0.0025 0 0.039375 0.015625 0.01625 0 0.0175 0.068125 0.02125 0.00625 0.004375 0.005 0.00625 0
0.00875 0.014375 0.119375 0.0025 0.005 0.02875 0.04 0.055 0.13 0.025 0.019375 0.003125 0 0 0.00625 0.023125 0.015625 0.0275 0.033125 0.05875 0.04375 0.046875 0.036875 0.020625 0.005 0.006875 0.08125 0.32375 0.263125 0.055625 0 0.0075 0.030625 0.02125 0.058125 0.024375 0.0525 0.178125 0.005 0.003125 0.000625 0.015625 0.005 0.068125 0.005625 0.005 0.045 0.004375 0.04875 0.084375 0.010625 0.004375 0.0025 0.01125 0 0.018125 0.015 0 0 0.005625 0 0 0.030625 0.005625 0 0 0.000625 0.09125 0.099375 0.00875 0.01 0 0.004375 0
0.148125 0.08 0.00875 0.005 0 0.02875 0.045 0.04625 0.01125 0.01375 0.04125 0.059375 0.045625 0.005 0.00625 0 0 0.019375 0.01125 0.02 0.036875 0 0.02375 0.0125 0.039375 0.00625 0.011875 0.03875 0.01 0.00875 0 0 0 0 0.03625 0.100625 0.021875 0 0.0025 0.015625 0.0125 0 0.003125 0.01125 0.0025 0.005 0.016875 0.005625 0.03 0.03125 0.019375 0.013125 0 0.0075 0 0 0 0 0 0 0 0.004375 0.005625 0.0025 0 0 0.01125 0.140625 0.12875 0 0.01 0.00875 0.030625 0
0.13 0.08 0.0325 0.035 0.03125 0.005 0.010625 0.0175 0.031875 0.04375 0.0275 0.02375 0.03375 0.00375 0.0625 0.008125 0.011875 0.006875 0 0.0025 0.10875 0.064375 0.006875 0.0025 0.00875 0.078125 0.02875 0.00875 0.004375 0 0 0.0075 0.025 0.08125 0.004375 0.14125 0.2475 0 0.021875 0 0.005625 0 0 0.008125 0.01 0.01625 0.018125 0.001875 0.00125 0.048125 0.014375 0 0 0.015625 0.07875 0.008125 0 0 0 0 0.0025 0.00625 0.01375 0.12625 0.07625 0.0225 0.0075 0.065625 0.0125 0.005625 0.013125 0.009375 0.005625 0
0.045625 0.105 0.098125 0.07625 0.00125 0.02625 0.03125 0.03 0.0075 0.013125 0.000625 0.010625 0.021875 0.001875 0.004375 0.009375 0.004375 0.006875 0.004375 0.02125 0.025 0.073125 0.02875 0.0075 0 0.149375 0.010625 0.013125 0.00375 0 0.003125 0.130625 0.243125 0.19625 0.015 0 0 0 0 0 0.006875 0.1 0.00625 0.0125 0.014375 0 0 0 0.008125 0.005 0.00875 0.03875 0.010625 0.01375 0.03375 0.0225 0.000625 0 0.01625 0 0 0 0 0.1525 0.063125 0.08 0.03125 0.01 0.00625 0.021875 0.109375 0.028125 0.01375 0
0.1375 0.2125 0.086875 0.069375 0.021875 0 0.01375 0.054375 0.05125 0.05875 0.0875 0.02 0.021875 0.1375 0.135 0.005 0.0725 0.03875 0.0075 0.0025 0.021875 0.1275 0.051875 0.09125 0.016875 0.049375 0 0.12375 0.105 0.006875 0.570625 0.138125 0.07125 0.41 0.039375 0 0 0.00875 0.026875 0.005625 0.159375 0.05625 0.004375 0.01875 0.014375 0.0125 0.016875 0.0075 0.0025 0 0 0.04375 0.130625 0 0.005 0.0325 0 0 0.005 0.004375 0 0 0.00875 0.008125 0.015625 0.011875 0.015625 0.056875 0.030625 0 0.129375 0.043125 0.0075 0.0025
0.03375 0.066875 0.028125 0.07125 0.036875 0.005 0.044375 0.020625 0.084375 0.056875 0.055 0 0.000625 0.11625 0.04375 0.003125 0.015625 0.029375 0.011875 0 0 0 0 0.065625 0.068125 0.010625 0.01625 0.198125 0.000625 0 0.0525 0.155625 0.0625 0.035625 0.00875 0 0.0025 0 0.0025 0 0.004375 0.03125 0.065625 0.01125 0.014375 0.02875 0.016875 0.00625 0.000625 0 0 0 0 0 0 0.0525 0.004375 0 0.03125 0.076875 0.045 0.013125 0.03 0.015 0.014375 0.00875 0.000625 0.00375 0.026875 0 0 0.010625 0 0
0.01375 0.04 0.005 0.05125 0.07375 0.02 0.0225 0.084375 0.04 0.050625 0.148125 0.01375 0 0.028125 0.01 0.016875 0.109375 0.039375 0.009375 0 0 0 0 0 0.0725 0.025 0.058125 0.011875 0.013125 0 0.003125 0.050625 0.010625 0.011875 0.01625 0 0.00625 0.0025 0 0.025625 0.009375 0.033125 0.054375 0.0025 0.036875 0.085 0.039375 0.013125 0.041875 0.00375 0 0 0 0 0.00625 0.03375 0.008125 0 0.001875 0.045 0.009375 0.00375 0.008125 0.035 0.01 0 0.015 0.00625 0 0 0.01375 0.044375 0.039375 0
0.083125 0.086875 0.07625 0.020625 0.050625 0.0025 0.003125 0.04625 0.0025 0.00875 0.00875 0.02375 0 0.008125 0.003125 0.036875 0.036875 0.061875 0.00625 0.00375 0 0 0.003125 0 0.01625 0.00625 0.00625 0.015625 0 0 0.019375 0.018125 0.023125 0.005625 0.010625 0 0 0 0 0.049375 0.015 0.00375 0.003125 0.009375 0.084375 0.03375 0.010625 0 0.11875 0.005625 0 0 0 0 0 0 0 0 0 0.00625 0.005625 0.003125 0.01375 0.008125 0.0275 0.009375 0.01625 0.040625 0 0 0 0 0 0
0.12125 0.195625 0.106875 0.0425 0.0025 0.005625 0.009375 0.01625 0.02375 0.04625 0.025 0.020625 0 0.006875 0.005 0.008125 0.014375 0.068125 0.01125 0.008125 0 0.018125 0 0.003125 0.01 0.0075 0 0 0.008125 0.021875 0.04875 0 0.005 0 0.0025 0.058125 0.0425 0 0 0 0 0.1325 0.205 0.02 0 0 0.0025 0.009375 0 0 0 0.0125 0 0 0 0 0.003125 0.155625 0.071875 0 0.034375 0.006875 0.03125 0.01625 0.00125 0.001875 0.010625 0 0.003125 0 0.004375 0 0.0025 0
0.22 0.075625 0.054375 0.006875 0.045 0.03375 0.0025 0.035 0.006875 0.0675 0.06375 0.015625 0 0.0025 0.00625 0.005 0.036875 0.09 0.01375 0.014375 0.003125 0.006875 0 0.078125 0.02 0.009375 0 0.00375 0.019375 0 0.009375 0.004375 0 0 0 0 0 0 0 0.015 0.100625 0.068125 0.276875 0.00625 0 0.000625 0 0 0.004375 0 0 0 0 0 0 0.00125 0.095 0.75875 0.34375 0 0.006875 0.020625 0 0.00875 0 0.019375 0.045 0.006875 0 0 0.00125 0.005 0.000625 0
0.070625 0.019375 0.00375 0.035 0.061875 0.02 0.11125 0.039375 0.081875 0.013125 0.0325 0.0175 0.01875 0.00625 0 0.006875 0.0125 0.036875 0.021875 0.009375 0.006875 0.00625 0 0.00125 0.009375 0.149375 0.35 0.04 0.00625 0.013125 0.113125 0.005 0 0 0 0.0025 0 0.135625 0 0.019375 0.1 0.02 0 0 0 0.006875 0 0 0 0 0 0.0025 0.005625 0 0 0 0 0.18 0.050625 0.03875 0 0.021875 0.005625 0.06625 0.0025 0 0.039375 0.0025 0 0 0 0 0 0.00375
0.02125 0.01375 0.0025 0 0.015625 0.01125 0.015 0.086875 0.048125 0.034375 0.011875 0.009375 0 0.0275 0.01875 0 0.003125 0.090625 0.018125 0.0025 0 0 0 0.013125 0 0.438125 0.150625 0 0 0 0.18 0.001875 0 0.4075 0.30875 0.140625 0 0.018125 0.185625 0.146875 0.063125 0.071875 0.204375 0.221875 0.120625 0 0 0.0025 0.0025 0 0 0.0025 0.01125 0.025625 0 0.0175 0.003125 0.005 0.330625 0.0725 0 0.03625 0.000625 0 0 0 0.003125 0 0 0 0 0 0 0
0.008125 0.0075 0.023125 0.015 0.02125 0.016875 0.02 0.025 0.01 0.0325 0.00125 0.001875 0 0.010625 0.005625 0 0 0.00375 0 0 0 0.003125 0 0.000625 0.005 0.000625 0 0 0 0.013125 0.01375 0.01125 0.114375 0.878125 0.756875 0.26875 0 0 0.116875 0.03 0.105625 0.05875 0.615 0.461875 0.03125 0.223125 0.378125 0.004375 0.005625 0 0 0 0 0 0 0 0.04125 0 0 0.004375 0.034375 0.0275 0.016875 0.016875 0 0.01625 0.004375 0 0 0 0 0 0 0
0.0275 0.034375 0.06125 0.019375 0.099375 0.03375 0.029375 0.00875 0.008125 0.008125 0.006875 0.001875 0 0.0275 0.003125 0.058125 0.031875 0 0.014375 0 0.016875 0.000625 0.0025 0.01125 0.00375 0.016875 0.030625 0.020625 0.004375 0 0.013125 0 0 0.231875 0.06875 0.0025 0 0 0.004375 0.015625 0.02625 0.58 0.496875 0.235625 0.010625 0.509375 0.169375 0.003125 0 0 0 0 0.005625 0.00625 0 0 0.01125 0.008125 0.00875 0.1325 0.05625 0 0.006875 0 0 0.0025 0.0075 0.0025 0 0 0 0.00375 0 0
