Env_Vars/Set_1/100kmsq_mwmt_final.asc
ncols         290
nrows         380
xllcorner     -2197417.7431653
yllcorner     -584827.01486885
cellsize      10000
NODATA_value  -9999
[rows 280 to 314 of 380, columns 156 to 233 of 290]
21.325 21.3 21.3 20.95 20.75 20.875 21.125 21.225 21.05 21.1 21.075 21.15 21.05 20.575 20.175 20.3 20 19.85 19.95 20.075 20.45 20.55 20.7 20.9 20.725 20.6 20.5 20.475 20.65 20.55 20.85 20.6 20.75 20.9 20.775 20.4 20.475 20.4 20.05 19.9 19.9 19.8 19.725 19.65 19.7 19.6 19.7 19.9 20.1 20.1 20.1 20.1 20.1 20.2 20.2 20.25 20.2 20.2 20.2 20.175 20.1 19.9 19.9 19.85 19.775 19.65 19.55 19.525 19.7 19.7 19.675 19.5 19.4 19.4 19.325 19.2 19.1 19.2
21.125 21.275 21.2 21.3 21.6 21.425 21.425 21.4 20.95 21.15 21.15 21.55 21.575 21.3 20.95 20.6 20.65 20.2 20.35 20.2 20.3 20.3 20.3 20.675 21.075 20.7 20.65 20.625 20.7 21 21.2 21 21 20.825 20.575 20.4 20.8 20.5 20.15 19.875 19.8 19.8 19.9 19.9 19.8 19.7 19.7 19.75 20 20.1 20.1 20.225 20.3 20.35 20.4 20.375 20.3 20.3 20.3 20.3 20.175 20.1 20.1 20 19.9 19.85 19.8 19.8 19.9 19.9 19.8 19.7 19.6 19.6 19.6 19.475 19.3 19.35
21.175 21.3 21.35 21.4 21.425 21.275 21.2 21.5 21.05 21.2 21.25 21.3 21.475 21.775 21.475 21.15 21.25 20.575 20.575 20.4 20.625 20.5 20.5 20.625 20.9 21.175 20.85 20.95 20.95 21.075 21.1 21.075 20.9 20.575 20.35 20.4 20.8 20.575 20.1 20.1 19.8 19.8 19.9 19.9 19.9 19.8 19.85 19.9 19.875 20.1 20.3 20.3 20.4 20.475 20.5 20.5 20.5 20.4 20.4 20.425 20.4 20.3 20.3 20.3 20.1 19.9 19.95 20 20.1 20 19.9 19.8 19.8 19.8 19.8 19.75 19.6 19.55
20.7 21.225 21.5 21.5 21.6 21.5 21.375 21.55 21.275 21.225 21.15 21.4 21.675 22.075 21.95 21.5 21.5 20.95 21.175 20.675 21.2 20.825 21.15 20.975 20.95 21.125 21.225 21.2 21.225 21.2 21.1 21 20.875 20.6 20.5 20.625 21.05 21.075 20.325 19.9 20 19.9 20.025 20.075 19.8 19.9 19.875 20 20 20 20.3 20.4 20.5 20.5 20.6 20.6 20.6 20.6 20.6 20.6 20.6 20.6 20.6 20.6 20.5 20.15 20.1 20.2 20.25 20.2 20.1 20 20 20 20 19.925 19.8 19.8
20.45 21.175 21.2 21.4 21.6 21.625 21.5 21.7 21.375 21.4 21.325 21.525 21.625 21.875 22.075 22.05 21.725 21.575 21.55 21.35 21.375 21.525 21.525 21.55 21.55 21.725 21.525 21.4 21.4 21.275 21.2 21.225 21.15 20.85 20.675 20.95 21.175 21.075 20.725 20.175 20.325 20.125 20 20.325 19.825 19.85 20 20.1 20.2 20.2 20.2 20.4 20.6 20.6 20.7 20.7 20.7 20.8 20.8 20.7 20.7 20.7 20.7 20.7 20.6 20.4 20.3 20.4 20.4 20.4 20.3 20.275 20.25 20.2 20.1 20.1 20.1 20.025
19.65 21.025 21.325 21.5 21.675 21.6 21.675 21.55 21.4 21.4 21.45 21.6 21.825 21.9 21.625 21.825 22 22 21.925 21.825 22.05 22.025 22 21.875 21.9 21.7 21.65 21.6 21.5 21.35 21.4 21.375 21.35 21.275 21.225 21.375 21.4 21.175 20.625 20.525 20.9 20.75 20.6 20.325 20 20 20 20.25 20.3 20.3 20.2 20.3 20.5 20.7 20.7 20.7 20.8 20.875 20.9 20.8 20.8 20.725 20.725 20.7 20.6 20.4 20.4 20.4 20.45 20.5 20.5 20.5 20.5 20.4 20.3 20.25 20.2 20.175
20.775 21.2 21.5 21.55 21.6 21.7 21.7 21.55 21.5 21.7 21.475 21.65 21.725 21.7 21.5 21.7 21.575 21.725 22 22 22 21.925 21.6 21.625 21.7 21.6 21.65 21.5 21.4 21.4 21.4 21.425 21.4 21.5 21.5 21.5 21.5 21.2 20.875 21.275 21.15 21.05 20.825 20.875 20.425 20.25 20.2 20.4 20.4 20.4 20.4 20.4 20.5 20.7 20.7 20.8 20.9 20.9 20.9 20.875 20.8 20.8 20.8 20.8 20.8 20.7 20.5 20.4 20.4 20.575 20.6 20.6 20.6 20.5 20.4 20.35 20.3 20.3
21.55 21.5 21.7 21.6 21.7 21.825 21.725 22.05 21.675 22.2 21.775 21.85 21.7 21.6 21.7 21.6 21.475 21.575 21.625 21.875 21.575 21.875 21.325 21.5 21.65 21.475 21.375 21.4 21.45 21.4 21.4 21.5 21.5 21.575 21.7 21.475 21.25 21.5 21.25 21.05 21.05 20.8 20.7 20.8 20.875 20.525 20.525 20.7 20.5 20.5 20.525 20.6 20.5 20.6 20.775 20.9 20.925 21 21 20.9 20.9 20.8 20.8 20.875 20.875 20.8 20.6 20.425 20.4 20.6 20.6 20.7 20.7 20.6 20.5 20.4 20.4 20.4
22.2 22.15 22.175 22.025 21.85 21.95 21.9 22.175 21.85 22.3 21.8 21.875 21.8 21.9 21.775 21.6 21.8 21.575 21.7 21.9 21.7 21.7 21.325 21.425 21.575 21.45 21.4 21.4 21.4 21.4 21.4 21.4 21.575 21.8 21.55 21.425 21.4 21.225 21 21.125 20.9 20.8 20.725 20.825 20.925 20.95 20.9 20.775 20.6 20.6 20.6 20.6 20.6 20.7 20.7 20.825 21 21 21.1 20.975 20.8 20.8 20.9 21 21 21 20.8 20.65 20.55 20.575 20.7 20.575 20.7 20.7 20.6 20.65 20.6 20.6
22.425 22.325 22.4 22.375 22.1 22.1 22.025 22.2 22.175 21.975 21.9 21.9 21.8 21.775 21.8 21.7 21.9 21.725 21.475 21.7 21.55 21.4 21.375 21.4 21.6 21.45 21.45 21.375 21.3 21.4 21.4 21.4 21.6 21.9 21.475 21.45 21.3 21.125 21 21.1 20.825 20.775 20.725 20.8 20.8 20.9 20.9 20.6 20.625 20.6 20.575 20.6 20.7 20.7 20.7 20.8 20.9 21.075 21.1 21.1 20.9 20.8 20.95 21.15 21.2 21.1 21 20.875 20.85 20.95 20.9 20.825 20.6 20.8 20.7 20.7 20.775 20.8
22.3 22.35 22.6 22.675 22.2 22.325 22.45 22.5 22.475 22.1 22.025 21.925 21.85 21.7 21.7 21.8 22 21.875 21.625 21.6 21.4 21.325 21.4 21.45 21.5 21.35 21.4 21.4 21.4 21.475 21.5 21.5 21.7 21.675 21.475 21.375 21.25 21.2 21.2 21.1 20.95 20.7 20.7 20.8 20.8 21 21 20.85 20.8 20.7 20.6 20.6 20.7 20.7 20.7 20.825 20.9 21 21.1 21.2 21.1 21 21.075 21.3 21.3 21.2 21.1 21 20.9 21 20.95 20.9 20.8 20.775 20.75 20.8 20.8 20.8
21.9 22.075 22.4 22.475 22.3 22.3 22.075 22.325 22.05 22.025 22.1 22 21.85 21.7 21.8 21.9 22.075 21.875 21.625 21.6 21.4 21.4 21.4 21.6 21.425 21.375 21.3 21.25 21.425 21.425 21.6 21.725 21.7 21.7 21.4 21.3 21.325 21.4 21.5 21.2 21.1 21.025 20.8 20.8 20.8 20.8 20.975 20.9 20.8 20.8 20.725 20.7 20.7 20.7 20.8 20.9 21 21 21.1 21.1 21.1 21.1 21.1 21.25 21.3 21.1 21 21 20.9 20.95 21 20.9 20.8 20.65 20.6 20.6 20.8 20.9
22 22.15 22.225 22.475 22.55 22.375 22.1 21.9 21.7 21.8 21.85 21.8 21.8 21.9 21.825 22 21.875 21.8 21.725 21.525 21.5 21.5 21.6 21.475 21.325 21.225 21.075 21.175 21.35 21.65 21.775 22.2 21.75 21.575 21.475 21.425 21.45 21.375 21.275 21.375 21.475 21 21 20.975 20.9 20.9 21 21.1 20.925 20.85 20.9 20.825 20.8 20.8 20.9 21 21.1 21.1 21.1 21.1 21.2 21.2 21.2 21.1 21.2 21.1 21.025 21 20.9 20.8 20.8 20.9 20.8 20.65 20.6 20.575 20.8 20.9
22.15 22.325 22.375 22.35 22.3 22.15 21.975 21.725 21.75 21.875 21.9 21.85 21.875 21.925 22 22.1 21.975 21.925 21.7 21.6 21.625 21.7 21.6 21.45 21.225 21 21.15 21.375 21.35 21.775 22 22.025 21.675 21.5 21.325 21.4 21.55 21.275 21.25 21.025 21.325 20.925 21 21 20.975 21 21 21 21 21 21 20.85 20.8 20.825 20.925 21 21.1 21.15 21.1 21.2 21.2 21.2 21.15 21.1 21.1 21.1 21 21 20.9 20.8 20.8 20.8 20.8 20.7 20.7 20.8 20.875 20.9
22.1 22.05 22.275 22.475 22.4 22.025 21.9 21.725 21.8 21.9 21.925 21.85 21.8 21.9 21.95 22.1 22.025 21.875 21.65 21.675 21.7 21.575 21.475 21.25 21.125 21.325 21.3 21.325 21.7 21.85 22.175 21.85 21.85 21.625 21.35 21.375 21.675 21.325 21.2 20.975 21.025 21 21 21 21 21 21 20.975 21.05 21.1 21.075 20.9 20.9 21.25 21.05 21.1 21.225 21.2 21.2 21.15 21.2 21.125 21.1 21.1 21.1 21 20.9 20.9 20.85 20.8 20.8 20.9 20.95 20.9 20.9 20.9 20.95 21
21.825 22.025 22.175 22.5 22.5 22.15 21.9 21.775 21.75 21.9 22.025 21.9 21.9 21.9 21.95 22 22.1 21.85 21.7 21.7 21.675 21.575 21.175 21.075 21.4 21.475 21.9 21.725 22.525 22.3 22 21.7 21.65 21.5 21.45 21.575 21.525 21.3 21.075 20.85 21 21 21 21 21 21 21 21.05 21.125 21.2 21.2 21.175 21.225 21.375 21.1 21.375 21.275 21.3 21.2 21.2 21.1 21.1 21.025 21.025 21 21 21 20.95 20.9 20.8 20.95 21.1 21.275 21.125 21.05 21 21 21
21.875 22.025 22.3 22.575 22.65 22.175 21.975 21.675 21.675 21.95 22.05 21.9 21.85 22 22 22.075 22.1 21.9 21.8 21.775 21.55 20.875 20.95 21.125 21.45 21.675 21.925 22.4 22.825 22.1 21.9 21.675 21.475 21.525 21.55 21.425 21.6 21.225 20.9 20.825 20.875 21 21.1 21.075 21.05 21 21.1 21.1 21.2 21.2 21.2 21.2 21.1 21.15 21.55 21.45 21.65 21.15 21.1 21.2 21.05 21 21 20.9 21 21.1 21.2 21.1 21 20.9 21.05 21.2 21.375 21.3 21.2 21.2 21.1 21.1
21.775 21.75 22.1 22.625 22.4 22.1 21.975 21.85 21.9 21.95 22.05 22.075 22.05 21.975 22 22 22.025 22.025 21.925 21.825 21.375 21.5 21.4 21.625 21.675 21.95 22.125 22.975 22.875 22.275 21.675 21.375 21.5 21.35 21.375 21.4 21.525 21.225 20.95 20.9 20.9 21.025 21.1 21.1 21.1 21.2 21.1 21.1 21.15 21.2 21.225 21.2 21.1 21 21 21.1 21.625 20.8 20.825 21 20.925 21.1 21 21 21 21.125 21.3 21.25 21.1 21 21.1 21.3 21.3 21.225 21.2 21.2 21.15 21.1
21.5 21.9 22.3 22.5 22.5 22.325 22.1 22.2 22.2 22.225 22.1 22.1 22.05 21.975 22.025 21.875 22.125 22.25 22.1 21.725 22 21.95 22.075 21.95 21.875 22.275 22.65 22.95 22.475 22.475 21.775 21.275 21.3 21.35 21.2 21.45 21.55 21.475 21.15 21 21.1 21.025 21.1 21.175 21.2 21.2 21.1 21 21.1 21.1 21.3 21.3 21.2 21 21.05 21.05 21.25 21.05 20.725 20.975 21.075 21 21 21.1 21.1 21.1 21.3 21.3 21.2 21.1 21.1 21.2 21.3 21.2 21.2 21.2 21.2 21.2
21.5 21.825 22.325 22.325 22.375 21.925 21.8 22.3 22.3 22.275 22.225 22.2 22.2 21.9 21.85 21.875 21.95 22.075 22.025 22.1 22.1 22.275 22.475 22.525 22.825 22.9 22.725 22.7 22.7 22.2 21.85 21.3 21.2 21.3 21.325 21.475 21.725 21.625 21.025 21 21.1 21.1 21.1 21.15 21.2 21.2 21.1 21 21 21.1 21.3 21.3 21.3 21.175 21.1 21.2 21.575 20.975 20.975 21.075 21.1 21.2 21 21.1 21.2 21.2 21.15 21.2 21.1 21.1 21.1 21.2 21.3 21.3 21.3 21.3 21.3 21.3
21.675 22.025 22.3 22.325 22.45 22 21.85 22.375 22.375 22.35 22.4 22.25 22.45 22.025 22.05 22 22.2 22.2 22.25 22.35 22.7 22.775 22.95 22.85 22.95 22.5 22.6 22.725 22.6 22.375 21.55 21.4 21.275 21.225 21.325 21.45 21.75 21.475 21.025 21.025 21.1 21.1 21.2 21.2 21.2 21.3 21.2 21 21 21.2 21.4 21.4 21.4 21.325 21.3 21.3 21.4 21.375 21.125 21.525 21.5 21.1 21.3 21.2 21.2 21.3 21.1 21 21.1 21 21.1 21.25 21.3 21.4 21.4 21.3 21.4 21.3
22.05 22.2 22.025 22.25 22 21.975 22.35 22.25 22.5 22.6 22.5 22.55 22.5 22.2 22.15 22.325 22.425 22.4 22.625 22.9 22.825 23.225 22.8 22.65 22.675 22.675 22.35 22.6 22.6 22.2 21.5 21.375 21.3 21.5 21.475 21.525 21.5 21.3 21.05 21.1 21.1 21.2 21.25 21.225 21.2 21.2 21.15 21.1 21.1 21.3 21.5 21.5 21.5 21.4 21.4 21.5 21.45 21.6 21.5 21.5 21.6 21.525 21.3 21.35 21.4 21.35 21.1 20.675 20.875 21.1 21.2 21.3 21.4 21.4 21.5 21.425 21.475 21.5
21.725 21.75 21.9 21.975 22.225 22 22.3 22.5 22.45 22.525 22.8 22.625 22.8 22.375 22.275 22.525 22.675 22.925 23 23.475 23.5 23.25 22.925 22.75 22.5 22.675 22.5 22.375 22.25 22.075 21.675 21.425 21.3 21.4 21.4 21.5 21.45 21.3 21.125 21.2 21.25 21.3 21.3 21.3 21.3 21.2 21.2 21.2 21.3 21.35 21.6 21.65 21.575 21.5 21.5 21.4 21.4 21.6 21.525 21.6 21.45 21.775 21.8 21.6 21.4 21.125 20.8 20.9 20.825 21.2 21.375 21.45 21.5 21.5 21.525 21.5 21.5 21.5
20.75 21.35 21.8 21.975 22.275 22.325 22.475 22.55 22.65 22.75 22.95 22.6 22.95 22.725 22.725 22.575 22.875 23.2 23.375 23.7 23.075 22.95 22.975 22.675 22.525 22.525 22.475 22.375 22.35 21.975 21.775 21.45 21.5 21.5 21.5 21.45 21.5 21.375 21.3 21.3 21.3 21.4 21.425 21.4 21.3 21.3 21.3 21.4 21.4 21.425 21.5 21.5 21.5 21.5 21.5 21.575 21.6 21.25 21.4 21.85 21.4 21.65 21.5 21.375 21.175 21 21.1 21.025 21.1 21.3 21.4 21.5 21.5 21.6 21.6 21.5 21.6 21.6
21.3 21.675 22 22.325 22.25 22.325 22.6 22.7 22.8 22.9 22.875 22.95 23.05 23.2 22.95 23.05 23.275 23.55 23.7 23.225 22.625 22.5 23.05 22.75 22.575 22.375 22.425 22.425 22.3 21.925 21.825 21.45 21.55 21.6 21.5 21.4 21.4 21.3 21.3 21.3 21.375 21.5 21.575 21.5 21.4 21.4 21.4 21.4 21.4 21.4 21.5 21.5 21.5 21.6 21.6 21.5 21.5 21.55 21.5 21.975 21.45 21.2 21.25 21.375 21.175 21.125 20.975 21.125 21.1 21.25 21.4 21.325 21.5 21.55 21.6 21.65 21.7 21.7
21.625 22.05 22.1 22.4 22.5 22.475 22.875 22.3 22.475 22.45 22.825 22.875 23 23.15 23.125 23.425 23.25 23.275 23.275 23.575 23.05 22.625 22.9 22.85 22.475 22.375 22.4 22.3 22.05 22 21.875 21.675 21.525 21.7 21.5 21.4 21.4 21.4 21.4 21.4 21.475 21.5 21.5 21.6 21.5 21.525 21.5 21.5 21.5 21.5 21.5 21.4 21.425 21.55 21.8 21.775 21.925 21.925 22 21.775 21.325 20.925 21.1 21.175 21 20.975 20.95 20.9 21.1 21.1 21.275 21.3 21.4 21.5 21.6 21.7 21.8 21.8
22.125 22.25 22.5 22.55 22.775 22.675 22.6 22.125 22.3 22 22.2 22.5 22.4 23.025 22.575 22.8 22.825 22.725 23.075 23.35 23.25 22.925 22.975 23.1 22.6 22.4 22.425 22.275 22.075 22 21.775 21.7 21.7 21.7 21.5 21.4 21.475 21.5 21.5 21.5 21.5 21.5 21.6 21.6 21.6 21.6 21.6 21.6 21.65 21.675 21.6 21.475 21.4 21.6 21.75 21.975 22.025 21.9 21.95 22.2 21.575 21.475 21.225 21.125 21.125 21.1 20.85 20.8 20.9 20.95 21.1 21.2 21.3 21.55 21.7 21.8 21.9 21.85
22.4 22.6 22.55 22.4 22.375 22.75 22.425 22.175 22.175 21.85 21.9 22.5 22.225 22.85 22.725 22.525 22.45 22.825 23.175 22.975 22.95 22.75 22.975 22.775 22.875 22.55 22.325 22.35 22.075 21.9 21.8 21.875 21.8 21.8 21.6 21.5 21.5 21.5 21.525 21.5 21.6 21.6 21.7 21.7 21.625 21.65 21.7 21.7 21.7 21.7 21.7 21.7 21.75 21.7 21.875 22 22.075 22.1 22.025 22.2 22.175 22.1 21.8 21.475 21.5 20.925 20.75 20.7 20.8 20.9 21.05 21.2 21.2 21.6 21.8 21.9 21.9 21.9
22.05 22.325 22.325 22.15 22.7 22.525 22.125 22.075 22.1 21.575 22.225 22.1 22.325 22.6 22.65 22.275 22.75 22.975 22.75 22.825 22.925 22.725 22.9 22.875 23.1 22.65 22.4 22.25 22.1 21.9 21.9 21.8 21.8 21.8 21.625 21.45 21.55 21.575 21.6 21.7 21.625 21.6 21.625 21.7 21.8 21.8 21.8 21.8 21.8 21.8 21.8 21.9 21.925 21.95 22 22 22.025 22.15 22.425 22.175 22.1 21.9 21.85 21.625 21.375 21.05 20.7 20.85 20.8 21 21.2 21.2 21.3 21.825 21.925 22 22 22.1
22 22.2 22.375 22.425 22.95 22.475 22.25 21.8 21.85 21.4 21.425 21.85 22 22.425 22.625 22.65 22.875 22.65 22.625 22.45 22.65 22.7 22.775 22.725 23.1 22.875 22.35 22.2 22.025 21.975 21.9 21.8 21.85 21.825 21.65 21.65 21.6 21.65 21.7 21.8 21.8 21.775 21.7 21.675 21.8 21.9 22 22 21.9 22 21.975 22.075 22.125 22.2 22.1 21.925 22.025 22.05 22.475 22.25 22.075 21.8 21.95 21.8 21.425 21.2 20.9 21.05 21.1 21.1 21.2 21.3 21.525 22.025 22.1 22.1 22.1 22.1
21.825 22.325 22.5 22.65 23 22.65 22.2 21.925 21.55 21.325 21.4 21.8 22.175 22.55 22.4 22.725 22.5 22.475 22.45 22.575 22.375 22.625 22.675 22.45 23.025 23.05 22.225 21.925 21.85 21.9 21.95 21.975 22 21.975 21.75 21.7 21.75 21.8 21.8 21.9 21.9 21.975 21.8 21.8 21.9 22 22 22.025 22 22.1 22.1 22.175 22.2 22.2 22.2 22.2 22.175 22.1 22.125 22.7 22.05 22.125 22.025 22.1 21.7 21.575 21.275 21.1 21.1 21.375 21.4 21.3 21.75 22.1 22.2 22.2 22.175 22.125
22.175 22.4 22.5 22.775 22.725 22.875 22.375 22.025 21.6 20.85 21.425 21.95 21.9 21.975 22.525 22.275 22.3 21.6 22.3 22.4 22.225 22.625 22.5 22.7 23.125 22.85 22.6 21.9 21.625 21.9 22.1 22.025 22 22 21.9 21.8 21.65 21.8 21.8 21.8 21.8 21.95 22 22.2 22.075 22.175 22.15 22.225 22.1 22.1 22.2 22.2 22.3 22.3 22.375 22.3 22.2 22.175 22.075 22.35 22.55 22.55 22.275 22.15 21.775 21.9 21.725 21.55 21.35 21.475 21.5 21.4 22.025 22.2 22.2 22.3 22.3 22.3
22.3 22.6 22.825 22.925 22.55 22.75 22.45 21.625 21.375 21.45 21.875 21.625 21.925 21.975 22.425 22.175 21.65 21.425 21.925 22.05 22.175 22.575 22.475 22.8 22.825 22.525 22.225 21.95 22 22.1 21.8 21.9 22.05 22.1 21.9 21.9 21.9 21.9 21.9 21.8 21.95 21.9 22 22.1 22.4 22.6 22.7 22.675 22.55 22.525 22.4 22.475 22.5 22.5 22.5 22.425 22.3 22.3 22.3 22.2 22.575 22.125 22.475 22.325 22.1 22.125 22 21.8 21.7 21.55 21.525 21.75 22.1 22.2 22.3 22.3 22.3 22.4
22.175 22.7 23.075 22.9 21.95 22.275 22.45 21.4 21.275 21.475 21.275 21.55 21.8 21.975 22.625 22.475 22.15 21.45 22 21.9 22.1 22.275 22.625 22.375 22.5 22.45 21.925 21.9 22 22 21.775 21.825 22.1 22.1 22 21.925 22 21.925 22.05 21.975 22.125 22.3 22.425 22.35 22.4 22.6 22.625 22.8 23 22.725 22.7 22.625 22.6 22.6 22.6 22.55 22.5 22.425 22.5 22.65 22.5 22.725 22.4 22.6 22.35 22.3 22.2 21.9 21.775 21.6 21.7 22 22.2 22.3 22.3 22.3 22.4 22.4
21.75 22.75 23.3 22.375 21.55 21.975 21.825 21.35 20.725 20.625 20.95 21.4 21.65 22.45 22.025 22.475 21.675 21.225 21.375 22.075 22.05 22.25 22.375 22.225 22.375 22.225 22.1 21.8 21.875 21.9 21.525 21.825 22.1 22.05 22.1 22.1 22.075 22 22 22 22.125 22.15 22.25 22.55 22.675 22.675 22.6 22.575 22.7 22.75 22.7 22.8 22.8 22.8 22.7 22.7 22.7 22.725 22.8 22.9 23 22.6 22.525 22.6 22.5 22.4 22.3 22.175 21.95 21.825 21.9 22.15 22.3 22.4 22.45 22.5 22.425 22.4
