Env_Vars/Set_1/100kmsq_proptree_final.asc.asc.asc
ncols         290
nrows         380
xllcorner     -2197417.7431653
yllcorner     -584827.01486885
cellsize      10000
NODATA_value  -9999
[rows 180 to 209 of 380, columns 0 to 67 of 290]
-9999 -9999 -9999 -9999 -9999 -9999 -9999 -9999 0.0925 0.654375 0.750625 0.739375 0.581875 0.45875 0.67625 0.65125 0.8325 0.45 -9999 -9999 -9999 -9999 -9999 -9999 0.434375 0.200625 0.000625 0.458125 0.84625 0.865 0.454375 0.568125 0.27375 0.48875 0.12875 0.360625 0.32875 0.4825 0.97625 0.79125 0.6175 0.80625 0.83625 0.53125 0.940625 0.935 0.953125 0.938125 0.92625 0.97625 0.866875 0.87375 0.903125 0.815 0.925625 0.87625 0.881875 0.724375 0.738125 0.77125 0.475 0.87375 0.874375 0.895 0.978125 0.97625 0.94 0.881875
-9999 -9999 -9999 -9999 -9999 -9999 -9999 -9999 0.078125 0.801875 0.86125 0.884375 0.558125 -9999 0.63625 0.885625 0.385 0 -9999 -9999 -9999 -9999 -9999 -9999 -9999 0.284375 -9999 0.336875 0.830625 0.86 0.676875 0.650625 0.45125 0.42 0.460625 0.620625 0.528125 0.7225 0.859375 0.769375 0.81625 0.878125 0.576875 0.725 0.655 0.861875 0.9525 0.685 0.78 0.9475 0.67875 0.613125 0.895 0.96 0.803125 0.723125 0.861875 0.8275 0.63125 0.878125 0.738125 0.799375 0.845625 0.865 0.955 0.846875 0.80625 0.91375
-9999 -9999 -9999 -9999 -9999 -9999 -9999 -9999 -9999 -9999 0.89875 0.92875 0.97875 0.930625 0.858125 0.6525 -9999 -9999 -9999 -9999 -9999 -9999 -9999 0.0175 0.345 0.603125 0.72375 0.24625 0.456875 0.54625 0.665625 0.6075 0.525625 0.755 0.730625 0.68625 0.895625 0.91375 0.901875 0.675625 0.888125 0.9575 0.859375 0.8075 0.2225 0.746875 0.708125 0.896875 0.744375 0.87625 0.77625 0.68125 0.899375 0.87625 0.758125 0.62875 0.845625 0.93 0.985 0.736875 0.935625 0.860625 0.70125 0.6875 0.831875 0.8975 0.825625 0.89625
-9999 -9999 -9999 -9999 -9999 -9999 -9999 -9999 -9999 0.375625 0.480625 0.954375 0.956875 0.91875 0.875 -9999 -9999 -9999 -9999 -9999 -9999 -9999 -9999 0.1375 0.279375 0.65125 0.863125 0.403125 0.73875 0.640625 0.78 0.8875 0.630625 0.576875 0.736875 0.40125 0.57125 0.760625 0.858125 0.905 0.73625 0.930625 0.90125 0.800625 0.45125 0.9025 0.9575 0.96125 0.891875 0.83625 0.979375 0.96875 0.863125 0.8225 0.875 0.421875 0.775 0.88625 0.861875 0.89625 0.86875 0.754375 0.6675 0.995 0.931875 0.70375 0.78 0.968125
-9999 -9999 -9999 -9999 -9999 -9999 -9999 -9999 -9999 0.51375 0.68375 0.950625 0.985 0.97 0.581875 -9999 -9999 -9999 -9999 -9999 -9999 -9999 -9999 0.0225 0.29625 0.61125 0.5775 0.42125 0.83 0.548125 0.789375 0.715 0.469375 0.5075 0.446875 0.260625 0.76375 0.916875 0.95625 0.891875 0.7375 0.8725 0.9125 0.5775 0.4225 0.56375 0.9725 0.944375 0.969375 0.853125 0.939375 0.9725 0.95125 0.968125 0.936875 0.375625 0.924375 0.76 0.788125 0.901875 0.94 0.846875 0.74625 0.98125 0.933125 0.8575 0.840625 0.96
-9999 -9999 -9999 -9999 -9999 -9999 -9999 -9999 -9999 0.43625 0.7075 0.889375 0.97125 0.92125 0.154375 -9999 -9999 -9999 -9999 -9999 -9999 -9999 -9999 -9999 0.114375 0.42 0.76625 0.68 0.63625 0.4525 0.785 0.54875 0.1825 0.458125 0.2225 0.50625 0.884375 0.99 0.9375 0.838125 0.726875 0.505 0.716875 0.5425 0.64375 0.636875 0.929375 0.346875 0.839375 0.93 0.911875 0.983125 0.94875 0.978125 0.976875 0.505 0.815625 0.94125 0.863125 0.76125 0.864375 0.90375 0.79875 0.975625 0.74375 0.93375 0.9725 0.95875
-9999 -9999 -9999 -9999 -9999 -9999 -9999 -9999 -9999 0.63125 0.80375 0.689375 0.49625 0.2575 -9999 -9999 -9999 -9999 -9999 -9999 -9999 -9999 -9999 0.10625 0.34 0.8525 0.796875 0.72375 0.648125 0.5275 0.814375 0.4425 0.14625 0.46 0.4025 0.6775 0.803125 0.963125 0.744375 0.71875 0.705625 0.496875 0.711875 0.93375 0.920625 0.943125 0.89375 0.440625 0.8775 0.903125 0.95875 0.975 0.968125 0.9875 0.970625 0.82 0.8925 0.883125 0.885625 0.74875 0.62375 0.523125 0.80375 0.914375 0.865625 0.779375 0.915 0.9575
-9999 -9999 -9999 -9999 -9999 -9999 -9999 -9999 -9999 0.634375 0.946875 0.91375 0.799375 0.911875 -9999 -9999 -9999 -9999 -9999 -9999 -9999 -9999 0.05625 0.324375 0.665 0.78375 0.66375 0.73625 0.673125 0.561875 0.745625 0.71625 0.2 0.46625 0.705625 0.834375 0.664375 0.949375 0.80375 0.755 0.42875 0.44125 0.895 0.82 0.935 0.943125 0.90125 0.88 0.931875 0.81 0.77625 0.955625 0.91 0.944375 1 0.97125 0.786875 0.8625 0.94625 0.9425 0.77875 0.919375 0.894375 0.9275 0.968125 0.87875 0.978125 0.941875
-9999 -9999 -9999 -9999 -9999 -9999 -9999 -9999 -9999 -9999 0.63375 0.8575 0.765 0.92125 -9999 -9999 -9999 -9999 -9999 -9999 -9999 -9999 0 0.156875 0.593125 0.565 0.405 0.755625 0.68 0.643125 0.600625 0.884375 0.575 0.58 0.41375 0.3725 0.9225 0.888125 0.6475 0.5075 0.225 0.75625 0.62625 0.550625 0.875625 0.96375 0.92625 0.8625 0.83 0.9525 0.965 0.95375 0.865625 0.811875 0.876875 0.975 0.69625 0.894375 0.7925 0.818125 0.78125 0.69375 0.65375 0.904375 0.565 0.875625 0.94875 0.9575
-9999 -9999 -9999 -9999 -9999 -9999 -9999 -9999 -9999 0.300625 0.819375 0.886875 0.829375 0.56625 0.33375 -9999 -9999 -9999 -9999 -9999 -9999 -9999 -9999 0.004375 0.383125 0.77375 0.513125 0.875625 0.788125 0.653125 0.65875 0.655625 0.56625 0.610625 0.511875 0.88375 0.819375 0.829375 0.52375 0.24375 0.54 0.568125 0.57 0.553125 0.780625 0.874375 0.925625 0.9525 0.87125 0.89 0.929375 0.829375 0.879375 0.833125 0.786875 0.94375 0.85875 0.595625 0.615 0.671875 0.524375 0.885 0.566875 0.724375 0.723125 0.67375 0.9375 0.916875
-9999 -9999 -9999 -9999 -9999 -9999 -9999 -9999 -9999 -9999 0.8875 0.869375 0.733125 0.920625 -9999 -9999 -9999 -9999 -9999 -9999 -9999 -9999 -9999 -9999 0.38375 0.75125 0.450625 0.87375 0.8175 0.67625 0.674375 0.431875 0.754375 0.709375 0.85375 0.6625 0.699375 0.766875 0.55875 0.303125 0.298125 0.38375 0.289375 0.73375 0.81625 0.92125 0.88625 0.891875 0.908125 0.816875 0.93 0.89875 0.943125 0.920625 0.736875 0.87 0.900625 0.895 0.9825 0.99 0.955625 0.8325 0.83625 0.25625 0.66875 0.76625 0.895 0.860625
-9999 -9999 -9999 -9999 -9999 -9999 -9999 -9999 -9999 -9999 0.57125 0.868125 0.5425 0.17 -9999 -9999 -9999 -9999 -9999 -9999 -9999 -9999 -9999 -9999 -9999 0.785625 0.254375 0.68125 0.843125 0.785 0.648125 0.47125 0.501875 0.46125 0.78125 0.609375 0.35875 0.285 0.2 0.494375 0.2125 0.511875 0.64375 0.811875 0.956875 0.863125 0.855 0.958125 0.905 0.86375 0.856875 0.955625 0.98375 0.96 0.8725 0.8475 0.918125 0.901875 0.806875 0.933125 0.98 0.984375 0.875625 0.538125 0.408125 0.86875 0.848125 0.82125
-9999 -9999 -9999 -9999 -9999 -9999 -9999 -9999 -9999 -9999 0.596875 0.79375 0.450625 0.09125 -9999 -9999 -9999 -9999 -9999 -9999 -9999 -9999 -9999 -9999 -9999 0.696875 0.403125 0.546875 0.54 0.461875 0.3025 0.649375 0.593125 0.87125 0.58375 0.563125 0.310625 0.446875 0.329375 0.551875 0.34875 0.6675 0.483125 0.24375 0.583125 0.83875 0.864375 0.96875 0.9475 0.92625 0.780625 0.705 0.75125 0.85375 0.894375 0.830625 0.9225 0.976875 0.92125 0.9325 0.955625 0.999375 0.96375 0.916875 0.645625 0.8575 0.90375 0.8775
-9999 -9999 -9999 -9999 -9999 -9999 -9999 -9999 -9999 -9999 0.33125 0.8075 0.596875 0.58625 -9999 -9999 -9999 -9999 -9999 -9999 -9999 -9999 -9999 -9999 -9999 0.00875 0.230625 0.310625 0.09 0.621875 0.388125 0.6025 0.619375 0.874375 0.711875 0.575625 0.329375 0.555 0.460625 0.665625 0.3775 0.520625 0.63625 0.65375 0.763125 0.96875 0.9025 0.955625 0.875625 0.84 0.894375 0.865625 0.724375 0.69 0.608125 0.653125 0.933125 0.92 0.93875 0.916875 0.923125 0.98 0.9525 0.95125 0.893125 0.831875 0.8825 0.889375
-9999 -9999 -9999 -9999 -9999 -9999 -9999 -9999 -9999 -9999 0.07375 0.82375 0.25375 0.288125 -9999 -9999 -9999 -9999 -9999 -9999 -9999 -9999 -9999 -9999 -9999 -9999 0.599375 0.363125 0.34125 0.908125 0.408125 0.785 0.72125 0.899375 0.834375 0.46 0.39 0.35125 0.373125 0.768125 0.505 0.230625 0.386875 0.686875 0.7425 0.823125 0.785625 0.453125 0.4925 0.633125 0.380625 0.890625 0.839375 0.79125 0.87 0.75375 0.614375 0.8675 0.7625 0.824375 0.8075 0.863125 0.866875 0.933125 0.959375 0.67625 0.84 0.95875
-9999 -9999 -9999 -9999 -9999 -9999 -9999 -9999 -9999 -9999 -9999 0.55125 0.4975 0.14375 -9999 -9999 -9999 -9999 -9999 -9999 -9999 -9999 -9999 -9999 -9999 -9999 0.494375 0.108125 0.168125 0.491875 0.76125 0.825625 0.674375 0.78375 0.618125 0.336875 0.515 0.47875 0.27375 0.205625 0.36875 0.328125 0.58 0.801875 0.57125 0.83375 0.665625 0.881875 0.25875 0.866875 0.74375 0.285625 0.664375 0.688125 0.713125 0.726875 0.864375 0.778125 0.688125 0.88 0.684375 0.6725 0.754375 0.68 0.756875 0.974375 0.953125 0.910625
-9999 -9999 -9999 -9999 -9999 -9999 -9999 -9999 -9999 -9999 -9999 0.376875 0.68 0.259375 -9999 -9999 -9999 -9999 -9999 -9999 -9999 -9999 -9999 -9999 -9999 -9999 0 0.060625 0.194375 0.915625 0.895 0.628125 0.833125 0.71 0.66625 0.40875 0.455625 0.346875 0.641875 0.5375 0.355625 0.575625 0.523125 0.60625 0.490625 0.5225 0.86875 0.889375 0.725625 0.91875 0.976875 0.725 0.484375 0.48625 0.615625 0.7 0.824375 0.9725 0.7875 0.805 0.850625 0.74 0.563125 0.60375 0.40125 0.56375 0.8525 0.9125
-9999 -9999 -9999 -9999 -9999 -9999 -9999 -9999 -9999 -9999 -9999 0.364375 0.799375 0.35375 -9999 -9999 -9999 -9999 -9999 -9999 -9999 -9999 -9999 -9999 -9999 -9999 -9999 -9999 -9999 0.781875 0.911875 0.9125 0.895 0.666875 0.66375 0.28 0.4075 0.294375 0.673125 0.39375 0.39125 0.55625 0.444375 0.48375 0.4775 0.919375 0.941875 0.651875 0.81625 0.95375 0.885625 0.7825 0.523125 0.75 0.52625 0.41625 0.594375 0.676875 0.61375 0.58 0.68875 0.650625 0.709375 0.609375 0.70125 0.6025 0.560625 0.756875
-9999 -9999 -9999 -9999 -9999 -9999 -9999 -9999 -9999 -9999 -9999 0.203125 0.796875 0.475625 -9999 -9999 -9999 -9999 -9999 -9999 -9999 -9999 -9999 -9999 -9999 -9999 -9999 0.3625 0.329375 0.86375 0.89375 0.699375 0.80625 0.81375 0.855 0.195625 0.17875 0.38875 0.664375 0.69625 0.619375 0.72375 0.42625 0.48375 0.784375 0.669375 0.90375 0.446875 0.485 0.87625 0.888125 0.63375 0.47625 0.42125 0.494375 0.795 0.4575 0.605 0.458125 0.57625 0.793125 0.78 0.674375 0.789375 0.780625 0.649375 0.734375 0.826875
-9999 -9999 -9999 -9999 -9999 -9999 -9999 -9999 -9999 -9999 -9999 -9999 0.628125 0.793125 -9999 -9999 -9999 -9999 -9999 -9999 -9999 -9999 -9999 -9999 -9999 -9999 -9999 0.409375 0.639375 0.883125 0.774375 0.875625 0.7175 0.84625 0.759375 0.590625 0.23125 0.4775 0.293125 0.73875 0.4375 0.7475 0.62 0.5775 0.705625 0.43 0.665 0.868125 0.791875 0.8 0.818125 0.555 0.51375 0.553125 0.63 0.820625 0.340625 0.21 0.27875 0.7475 0.87 0.945625 0.87 0.809375 0.9175 0.725625 0.669375 0.71
-9999 -9999 -9999 -9999 -9999 -9999 -9999 -9999 -9999 -9999 -9999 -9999 0.144375 0.594375 -9999 -9999 -9999 -9999 -9999 -9999 -9999 -9999 -9999 -9999 -9999 -9999 -9999 0.4 0.57 0.566875 0.7725 0.784375 0.568125 0.725625 0.64 0.686875 0.4175 0.534375 0.41125 0.63875 0.435 0.489375 0.57875 0.378125 0.58625 0.526875 0.44 0.4525 0.533125 0.56 0.61625 0.61125 0.835625 0.575625 0.31625 0.25125 0.26 0.314375 0.675 0.59375 0.860625 0.809375 0.96875 0.708125 0.8475 0.7175 0.821875 0.92125
-9999 -9999 -9999 -9999 -9999 -9999 -9999 -9999 -9999 -9999 -9999 -9999 -9999 0.528125 -9999 -9999 -9999 -9999 -9999 -9999 -9999 -9999 -9999 -9999 -9999 -9999 -9999 0.26875 0.255 0.04125 0.864375 0.586875 0.604375 0.909375 0.590625 0.5 0.424375 0.194375 0.226875 0.469375 0.165625 0.83125 0.60625 0.51 0.669375 0.4925 0.829375 0.49125 0.915625 0.726875 0.4975 0.314375 0.475625 0.39 0.431875 0.67 0.6225 0.82375 0.851875 0.811875 0.689375 0.364375 0.335625 0.505 0.63375 0.399375 0.7625 0.935625
-9999 -9999 -9999 -9999 -9999 -9999 -9999 -9999 -9999 -9999 -9999 -9999 -9999 0.09625 -9999 -9999 -9999 -9999 -9999 -9999 -9999 -9999 -9999 -9999 -9999 -9999 -9999 0.04375 0.15125 0.364375 0.87125 0.526875 0.82625 0.570625 0.85875 0.496875 0.553125 0.03875 0.160625 0.51625 0.250625 0.77 0.23625 0.48875 0.47375 0.345 0.873125 0.785625 0.68 0.520625 0.53875 0.34 0.428125 0.420625 0.43625 0.84125 0.73625 0.716875 0.890625 0.85875 0.666875 0.516875 0.69875 0.301875 0.346875 0.766875 0.7025 0.636875
-9999 -9999 -9999 -9999 -9999 -9999 -9999 -9999 -9999 -9999 -9999 -9999 -9999 -9999 -9999 -9999 -9999 -9999 -9999 -9999 -9999 -9999 -9999 -9999 -9999 -9999 -9999 -9999 -9999 0.549375 0.638125 0.485625 0.554375 0.85625 0.84 0.64125 0.425 0.27 0.249375 0.315625 0.525 0.334375 0.576875 0.92125 0.699375 0.664375 0.690625 0.80625 0.665625 0.638125 0.625 0.716875 0.79 0.705625 0.655625 0.85 0.57375 0.38875 0.503125 0.706875 0.63625 0.681875 0.614375 0.685625 0.6575 0.825 0.63875 0.585625
-9999 -9999 -9999 -9999 -9999 -9999 -9999 -9999 -9999 -9999 -9999 -9999 -9999 -9999 -9999 -9999 -9999 -9999 -9999 -9999 -9999 -9999 -9999 -9999 -9999 -9999 -9999 -9999 -9999 0.596875 0.014375 0.13875 0.473125 0.570625 0.68375 0.6275 0.60625 0.47375 0.174375 0.611875 0.41375 0.59875 0.524375 0.55375 0.54875 0.9125 0.894375 0.945625 0.899375 0.860625 0.796875 0.72 0.88625 0.82625 0.625625 0.78875 0.935625 0.600625 0.826875 0.429375 0.65625 0.97125 0.925 0.83875 0.84375 0.685 0.524375 0.549375
-9999 -9999 -9999 -9999 -9999 -9999 -9999 -9999 -9999 -9999 -9999 -9999 -9999 -9999 -9999 -9999 -9999 -9999 -9999 -9999 -9999 -9999 -9999 -9999 -9999 -9999 -9999 -9999 -9999 0.038125 0.075 0.69625 0.64375 0.814375 0.71375 0.701875 0.53625 0.405 0.59875 0.566875 0.711875 0.735 0.471875 0.47875 0.686875 0.934375 0.979375 0.899375 0.890625 0.82375 0.6875 0.545625 0.908125 0.86625 0.880625 0.951875 0.825 0.85 0.78625 0.733125 0.784375 0.750625 0.918125 0.883125 0.8225 0.768125 0.483125 0.239375
-9999 -9999 -9999 -9999 -9999 -9999 -9999 -9999 -9999 -9999 -9999 -9999 -9999 -9999 -9999 -9999 -9999 -9999 -9999 -9999 -9999 -9999 -9999 -9999 -9999 -9999 -9999 -9999 -9999 -9999 0.505 0.288125 0.639375 0.608125 0.8075 0.755625 0.815625 0.500625 0.48 0.714375 0.49375 0.474375 0.5075 0.27125 0.50125 0.871875 0.9675 0.951875 0.680625 0.768125 0.719375 0.798125 0.969375 0.945 0.858125 0.8425 0.92375 0.78 0.858125 0.880625 0.664375 0.785625 0.868125 0.940625 0.861875 0.67125 0.555625 0.400625
-9999 -9999 -9999 -9999 -9999 -9999 -9999 -9999 -9999 -9999 -9999 -9999 -9999 -9999 -9999 -9999 -9999 -9999 -9999 -9999 -9999 -9999 -9999 -9999 -9999 -9999 -9999 -9999 -9999 -9999 0.34 0.516875 0.4575 0.730625 0.568125 0.62875 0.64375 0.759375 0.601875 0.495 0.45125 0.3325 0.611875 0.645625 0.5475 0.796875 0.60375 0.5475 0.370625 0.528125 0.6675 0.706875 0.23375 0.869375 0.925 0.780625 0.97125 0.96625 0.8225 0.865 0.92 0.908125 0.906875 0.67875 0.729375 0.620625 0.573125 0.448125
-9999 -9999 -9999 -9999 -9999 -9999 -9999 -9999 -9999 -9999 -9999 -9999 -9999 -9999 -9999 -9999 -9999 -9999 -9999 -9999 -9999 -9999 -9999 -9999 -9999 -9999 -9999 -9999 -9999 -9999 0.244375 0.625625 0.735 0.554375 0.840625 0.879375 0.6825 0.60125 0.555625 0.508125 0.655625 0.76 0.63375 0.718125 0.64625 0.7225 0.399375 0.56125 0.3825 0.72125 0.524375 0.843125 0.236875 0.845 0.67125 0.57375 0.7225 0.848125 0.915 0.8025 0.8675 0.7575 0.893125 0.536875 0.8625 0.74 0.564375 0.384375
-9999 -9999 -9999 -9999 -9999 -9999 -9999 -9999 -9999 -9999 -9999 -9999 -9999 -9999 -9999 -9999 -9999 -9999 -9999 -9999 -9999 -9999 -9999 -9999 -9999 -9999 -9999 -9999 -9999 0.143125 0.264375 0.82875 0.636875 0.718125 0.70625 0.499375 0.646875 0.805 0.660625 0.584375 0.745625 0.73375 0.71 0.75 0.70625 0.749375 0.3725 0.79375 0.75375 0.835 0.71125 0.840625 0.896875 0.895 0.3775 0.530625 0.638125 0.753125 0.9425 0.92125 0.894375 0.8175 0.82 0.48625 0.694375 0.693125 0.72875 0.499375
