Env_Vars/Set_1/100kmsq_propgrass_final.asc.asc
ncols         290
nrows         380
xllcorner     -2197417.7431653
yllcorner     -584827.01486885
cellsize      10000
NODATA_value  -9999
[rows 99 to 131 of 380, columns 0 to 73 of 290]
-9999 -9999 -9999 -9999 -9999 -9999 0 0 0 0 0 0 0 0 0 0 0 0 0 0.021875 0.019375 0.01875 0.015625 0 0.008125 0 0 0 0 0 0 0.01 0.00875 0.0025 0.010625 0.016875 0.009375 0.0025 0.0075 0.00375 0.004375 0.02625 0.029375 0.02375 0.00875 0 0.00875 0.013125 0.02625 0.020625 0.02125 0.031875 0.044375 0.01875 0.020625 0.025625 0 0 0.000625 0 0.000625 0.014375 0.008125 0.0175 0.023125 0.0075 0.015 0 0.05 0.063125 0.076875 0.050625 0.086875 0.046875
-9999 -9999 -9999 -9999 -9999 -9999 -9999 -9999 0 0 0 0 0 0 0 0 0 0.018125 0.008125 0.028125 0.005 0 0.00625 0.01625 0.015625 0.011875 0 0 0 0.00375 0 0.00625 0 0 0.05125 0.04125 0.0675 0 0.015 0.02 0.01875 0.039375 0.0025 0.001875 0.025625 0 0.0125 0.006875 0.0075 0.01 0.00625 0.02875 0.040625 0.041875 0.015 0.000625 0.008125 0.0325 0.005 0.011875 0 0 0.0325 0.47125 0.381875 0.015 0.005 0.01875 0.063125 0.055625 0.083125 0.071875 0.019375 0.094375
-9999 -9999 -9999 -9999 -9999 -9999 -9999 0 0 0 0 0 0 0 0 0 0.0025 0.000625 0.03 0.004375 0.01 0.00625 0.016875 0.018125 0.0075 0.00625 0 0 0.0025 0.008125 0.003125 0.011875 0.01 0.014375 0.015625 0.02875 0.004375 0.02375 0.000625 0.02625 0.025625 0.024375 0.0125 0.023125 0.015625 0.023125 0.003125 0.01875 0.010625 0.025625 0.0625 0.03375 0.025 0.016875 0.04875 0.013125 0 0.00625 0 0 0 0 0 0 0.041875 0.014375 0.011875 0.045 0.02125 0.03 0.0325 0.0225 0.040625 0.0525
-9999 -9999 -9999 -9999 -9999 -9999 0 0 0 0 0 0 0 0 0 0.004375 0.005 0.049375 0.00625 0.036875 0.02 0.018125 0.016875 0.054375 0.00375 0.00375 0.001875 0.003125 0 0.003125 0 0.000625 0.005 0 0 0.0075 0.009375 0.015 0 0 0 0.011875 0.015625 0.021875 0 0.01375 0.005 0.009375 0 0.03 0.038125 0.0075 0.03375 0.093125 0.096875 0.015625 0 0.004375 0 0 0.005 0 0 0.01125 0.035625 0.04125 0.009375 0.01875 0.04 0.02875 0.008125 0.00875 0.02625 0.045625
-9999 -9999 -9999 -9999 -9999 -9999 0 0 0 0 0 0 0 0 0 0.015625 0.010625 0.02375 0.015 0.028125 0.00375 0.02125 0.031875 0.033125 0.003125 0.008125 0.00375 0.01 0.000625 0.0125 0 0 0.003125 0.01125 0 0.001875 0.005 0.01125 0.000625 0.0225 0.005625 0.01375 0.034375 0.023125 0.01125 0.009375 0.0025 0 0.023125 0.015625 0.016875 0.05 0.058125 0.11125 0.10375 0.029375 0.0075 0.0275 0.02125 0 0 0 0 0.0025 0.01375 0.00375 0 0.046875 0.015625 0.010625 0.028125 0.065 0.074375 0.068125
-9999 -9999 -9999 -9999 -9999 -9999 0 0 0 0 0 0 0 0 0.0125 0.0125 0.025625 0.018125 0.0675 0.024375 0.0225 0.03125 0.0625 0.00625 0 0 0.006875 0.005625 0 0.025625 0 0 0 0.001875 0.003125 0.0125 0 0.000625 0.0025 0.006875 0.039375 0.04 0.05375 0.033125 0.016875 0.001875 0.003125 0 0.044375 0.015625 0.03 0.064375 0.030625 0.084375 0.03875 0.039375 0.016875 0.020625 0.00375 0.015625 0 0 0.009375 0.02375 0.03 0.03 0 0.005 0.00875 0.016875 0.011875 0.0325 0.000625 0.039375
-9999 -9999 -9999 -9999 -9999 -9999 0 0 0 0 0 0 0 0.0025 0.024375 0.055 0.015 0 0 0.091875 0.045 0.005 0.04125 0.004375 0 0 0.006875 0 0.00125 0.001875 0.000625 0 0.005625 0 0 0 0 0.01 0.0025 0 0.023125 0.031875 0.02125 0.008125 0.01625 0.006875 0 0.008125 0.015625 0.03125 0.03 0.008125 0.025625 0.059375 0.085 0.06875 0.044375 0.013125 0.000625 0 0 0 0.005 0.0225 0.02875 0.0025 0.006875 0.0025 0.003125 0.006875 0.00375 0.008125 0.011875 0.01875
-9999 -9999 -9999 -9999 -9999 -9999 -9999 0 0.005 0 0 0 0 0 0.078125 0.068125 0.004375 0 0.010625 0.180625 0.05125 0.0025 0.025625 0.016875 0.000625 0 0.003125 0.020625 0.0075 0 0.00875 0.01 0.02875 0.0375 0 0.00625 0 0.00625 0.005625 0.00375 0.003125 0.00625 0.061875 0.01625 0.028125 0.0275 0 0.015 0 0.0025 0.030625 0.0075 0.04875 0.058125 0.11875 0.043125 0.056875 0.021875 0.00625 0.004375 0.005 0 0.006875 0.00625 0.128125 0.020625 0.01 0 0.005 0.0025 0.0025 0.01375 0.044375 0.0175
-9999 -9999 -9999 -9999 -9999 -9999 -9999 -9999 0 0 0 0 0 0.01375 0.085 0.073125 0.021875 0.020625 0.009375 0.13625 0.036875 0.005625 0.021875 0.0025 0.005625 0.0175 0 0.005 0.0025 0 0.01875 0.01 0.01125 0.00875 0.00375 0 0 0 0.018125 0.0075 0.030625 0.009375 0.019375 0.018125 0.00625 0.0025 0.0025 0.000625 0 0 0.0025 0 0.0075 0.0525 0.059375 0.029375 0.043125 0.095625 0.00875 0.011875 0 0 0.0025 0.00625 0.10375 0.045 0 0 0.003125 0.00375 0.0025 0.0025 0.02625 0.023125
-9999 -9999 -9999 -9999 -9999 -9999 -9999 -9999 0 0 0.00375 0 0 0.00125 0.065 0.05125 0.019375 0.0375 0.0575 0.096875 0.000625 0 0.04625 0.010625 0 0 0.008125 0.00875 0.0025 0.00375 0.005 0.008125 0.0075 0.023125 0.0025 0 0 0 0 0.005625 0 0.0075 0.003125 0.0275 0.01 0.0025 0.01125 0.00625 0 0 0 0.02 0.00125 0.0075 0.018125 0.01125 0.0475 0.0625 0.01875 0.028125 0.00625 0.00875 0 0 0.015 0.004375 0.0025 0.003125 0.013125 0.0125 0.008125 0.005 0.00625 0.005
-9999 -9999 -9999 -9999 -9999 -9999 -9999 -9999 -9999 0 0 0 0 0 0.02125 0.074375 0.10125 0.100625 0.055625 0.015 0.003125 0.005625 0.026875 0.026875 0 0 0 0.00875 0.004375 0.003125 0.003125 0 0.010625 0.030625 0.01625 0.0075 0 0 0.01375 0.018125 0 0 0 0.025 0.0225 0.0025 0.00875 0.016875 0.005 0 0 0.006875 0 0.003125 0 0.0025 0.05875 0.063125 0.04 0.276875 0.005625 0.004375 0 0 0.058125 0.014375 0.004375 0.0025 0.00625 0.006875 0.003125 0.01125 0.038125 0.02375
-9999 -9999 -9999 -9999 -9999 -9999 -9999 -9999 -9999 -9999 0 0 0 0 0 0.078125 0.043125 0 0.031875 0.016875 0.02125 0 0.031875 0.009375 0.009375 0 0 0 0.00375 0.02625 0.014375 0.035 0.04875 0.01375 0.033125 0.009375 0.010625 0.015625 0.04 0.045625 0.0125 0.046875 0 0.006875 0.024375 0 0.001875 0.023125 0.033125 0 0 0.003125 0 0.008125 0.020625 0.009375 0.06375 0.01875 0.0675 0.27875 0.13 0.000625 0.00375 0.01375 0.36375 0.175625 0 0.00375 0.005 0 0 0.054375 0.09625 0.0375
-9999 -9999 -9999 -9999 -9999 -9999 -9999 -9999 -9999 -9999 0 0 0 0 0 0.004375 0 0 0.01875 0.0025 0 0.050625 0.003125 0 0.009375 0.014375 0.00875 0 0.024375 0.01375 0.023125 0.025625 0.0675 0.0475 0.013125 0 0.019375 0 0.064375 0.0125 0.013125 0.023125 0.01375 0.0325 0.014375 0 0.019375 0.03875 0.03375 0.0025 0 0 0 0.019375 0.02 0.005625 0.019375 0.01375 0.025 0.025625 0.004375 0.009375 0.005625 0.025 0.526875 0.18625 0 0.019375 0.008125 0.008125 0.0025 0.025625 0.086875 0.043125
-9999 -9999 -9999 -9999 -9999 -9999 -9999 -9999 -9999 -9999 0 0 0 0 0 0 0 0 0 0 0 0.08 0.010625 0 0.0025 0.01 0 0 0.006875 0.02 0.001875 0.0275 0.01625 0.016875 0.013125 0 0.029375 0 0.061875 0.035 0.038125 0.058125 0.04 0.0125 0.031875 0.006875 0.006875 0.01 0.02375 0.00125 0 0 0.00875 0.006875 0 0 0.0425 0.155 0 0.0075 0.0125 0.041875 0.368125 0 0.295625 0.554375 0 0.000625 0.004375 0.011875 0.063125 0.0325 0.006875 0.020625
-9999 -9999 -9999 -9999 -9999 -9999 -9999 -9999 -9999 -9999 0 0 0 0 0 0 0 0 0 0 0 0 0 0 0 0 0 0 0 0.019375 0.009375 0.01625 0.003125 0.014375 0.003125 0.005 0 0.003125 0.046875 0.070625 0.035625 0.071875 0.00375 0.0025 0.010625 0.011875 0.02125 0.020625 0.043125 0.020625 0 0.02 0.021875 0.006875 0.000625 0.004375 0.00375 0.021875 0 0 0.005 0.04875 0.41625 0 0.260625 0.27125 0.003125 0.018125 0.014375 0.008125 0.086875 0.04625 0.0075 0.00625
-9999 -9999 -9999 -9999 -9999 -9999 -9999 -9999 -9999 -9999 0 0 0 0 0 0 0 0 0 0 0 0 0.003125 0.005 0 0 0 0 0 0 0.00875 0.02125 0.07125 0.013125 0.021875 0.03 0.0025 0.018125 0.034375 0.040625 0.035625 0.003125 0 0 0 0.003125 0 0.015 0.01375 0.03625 0.005 0.0075 0.003125 0 0.005625 0.00375 0.00625 0.004375 0 0 0 0.00875 0.01125 0 0.079375 0.01875 0.0025 0.03 0.013125 0.001875 0.0125 0 0 0.0025
-9999 -9999 -9999 -9999 -9999 -9999 -9999 -9999 -9999 -9999 0 0 0 0 0 0 0 0 0 0 0 0 0.001875 0 0 0 0.000625 0.0025 0 0.005625 0.034375 0.048125 0.045 0.013125 0.03375 0.009375 0 0.025 0.000625 0 0.00625 0.011875 0 0 0 0.004375 0 0 0.00125 0.00375 0.008125 0.001875 0 0 0.0075 0.006875 0.004375 0.003125 0 0 0 0 0.0075 0 0 0.05625 0.03125 0.00625 0 0.008125 0.01625 0.003125 0.000625 0.005625
-9999 -9999 -9999 -9999 -9999 -9999 -9999 -9999 -9999 -9999 0 0 0 0 0 0 0 0 0 0.0125 0 0 0 0.000625 0 0 0 0 0 0.01125 0.00625 0.025625 0.03625 0.02 0.064375 0.0025 0.0075 0.016875 0.006875 0 0.011875 0 0 0.03375 0.004375 0.00625 0.005625 0.006875 0.021875 0.011875 0.0075 0 0.003125 0.0025 0.004375 0.0075 0.0175 0.008125 0.00125 0 0.0025 0 0 0 0 0.03125 0.1075 0.15875 0.081875 0.00375 0 0.009375 0.001875 0.00125
-9999 -9999 -9999 -9999 -9999 -9999 -9999 -9999 -9999 -9999 0 0 0 0 0 0 0 0.00625 0.005 0.003125 0.0025 0 0 0 0 0 0 0 0 0.01125 0.03375 0.005625 0.03875 0.025625 0.005625 0.031875 0.014375 0.00375 0.001875 0 0 0 0 0.006875 0.016875 0 0.004375 0.01375 0.0025 0.00375 0.011875 0.03125 0 0.006875 0.025 0 0.003125 0 0 0.00375 0 0.055625 0.37 0.046875 0.293125 0 0.010625 0.44875 0.061875 0.0025 0.003125 0 0 0
-9999 -9999 -9999 -9999 -9999 -9999 -9999 -9999 -9999 -9999 -9999 0 0 0 0 0 0.0025 0 0 0 0 0 0 0 0 0.0025 0.000625 0 0 0.03125 0.01 0.0025 0.035 0.024375 0.003125 0.0175 0.015625 0.010625 0.0025 0 0.0175 0.008125 0.01625 0 0.01625 0 0.021875 0.0075 0.008125 0.005625 0.0225 0.039375 0 0.0175 0.01 0.003125 0 0 0 0 0 0.2675 0.355 0.0075 0.258125 0.00875 0 0.011875 0.006875 0.005 0 0 0.0025 0.004375
-9999 -9999 -9999 -9999 -9999 -9999 -9999 -9999 -9999 -9999 -9999 0 0 0 0 0 0.01625 0 0.0025 0 0 0 0 0 0 0 0 0 0 0 0.006875 0.045625 0.031875 0.004375 0.01875 0.006875 0.02 0 0.011875 0.003125 0 0.0175 0.008125 0 0.009375 0.0025 0.095 0.19375 0.02 0.01625 0.00625 0.02375 0.001875 0 0.02875 0.010625 0 0 0 0 0 0.015625 0.01125 0.0025 0.00375 0.0125 0.004375 0 0 0 0.008125 0 0.034375 0.015625
-9999 -9999 -9999 -9999 -9999 -9999 -9999 -9999 -9999 -9999 -9999 0 0 0 0 0 0 0.019375 -9999 0 0 0 0 0 0 0 0 0 0 0 0.030625 0.026875 0.003125 0.005 0 0.00875 0.03 0.01 0.0175 0.004375 0.0075 0.018125 0.01875 0.008125 0.004375 0 0.045 0.29875 0.5925 0.1275 0.004375 0.00625 0.000625 0.01875 0.0375 0.05375 0.01 0.004375 0 0 0 0 0 0 0.00625 0.4225 0.289375 0.008125 0 0 0.009375 0.004375 0 0
-9999 -9999 -9999 -9999 -9999 -9999 -9999 -9999 -9999 -9999 -9999 -9999 0 0 0 0 0 0 -9999 0 0 0 0 0 0 0 0.01125 0 0 0 0.0025 0.018125 0 0.0475 0.00625 0 0.013125 0.011875 0.024375 0.008125 0.010625 0.0125 0.023125 0.001875 0.00375 0 0.09125 0.458125 0.461875 0.054375 0.016875 0.010625 0.00875 0.00875 0.0175 0 0 0 0 0 0 0 0 0 0 0 0.005 0 0 0 0 0 0.01375 0.014375
-9999 -9999 -9999 -9999 -9999 -9999 -9999 -9999 -9999 -9999 -9999 -9999 -9999 0 0 0 0 0 0 0 0 0 0 0 0 0 0 0 0 0 0 0.034375 0.02375 0.013125 0.033125 0.025625 0.029375 0.004375 0.00375 0.009375 0.02125 0.015625 0.013125 0.0025 0 0.02625 0.03 0.056875 0.03125 0 0.091875 0.171875 0.00625 0.010625 0.03375 0.00375 0 0 0 0 0.0025 0 0 0 0 0 0 0 0.0025 0.00625 0 0 0.000625 0
-9999 -9999 -9999 -9999 -9999 -9999 -9999 -9999 -9999 -9999 -9999 -9999 -9999 0 0 0 0 0 0 0 0 0 0 0 0.00125 0 0 0.00375 0 0 0 0.04125 0.0475 0.021875 0.015625 0.053125 0.010625 0.014375 0 0.014375 0.009375 0.015625 0 0.0025 0.01 0.006875 0.019375 0.01125 0.023125 0.008125 0.015 0.13 0.000625 0.030625 0.0025 0.0025 0 0 0 0 0 0 0.0025 0 0 0 0 0.003125 0.018125 0 0 0 0 0.006875
-9999 -9999 -9999 -9999 -9999 -9999 -9999 -9999 -9999 -9999 -9999 -9999 -9999 -9999 0 -9999 0 0 0 0 0 0 0 -9999 0.0025 0 0 0 0 0 0 0 0.018125 0.0925 0.05625 0.026875 0.021875 0.020625 0.0175 0.039375 0 0.019375 0.00375 0.01 0.048125 0.003125 0.01375 0.03375 0.0175 0.025 0.006875 0.01875 0.013125 0.01125 0.005 0.001875 0 0 0 0 0 0 0.006875 0 0 0 0 0 0.003125 0.0125 0.005 0 0 0
-9999 -9999 -9999 -9999 -9999 -9999 -9999 -9999 -9999 -9999 -9999 -9999 -9999 0 0 0 0 0 0 0 0 0 0 0 0 0 0 0 0 0 0.015 0.025625 0.044375 0.0525 0.05875 0.050625 0.03 0.021875 0.019375 0.055 0.07875 0.005 0.010625 0 0.030625 0.015625 0 0.0025 0.013125 0.015 0.023125 0.015625 0 0.00125 0 0.0025 0 0 0 0.0025 0 0 0 0.00375 0 0 0.004375 0 0.003125 0.019375 0.035625 0 0.00125 0.02625
-9999 -9999 -9999 -9999 -9999 -9999 -9999 -9999 -9999 -9999 -9999 -9999 0 0 0 0 0 0 0 -9999 0 0 0 0 0 0 0 0 0 0 0.005 0.17 0.091875 0.058125 0.053125 0.083125 0.0075 0.038125 0.015625 0.0775 0.02375 0.0175 0.000625 0.00125 0.01875 0.01375 0.040625 0.008125 0.010625 0.01375 0.01625 0.0075 0.006875 0.0025 0.008125 0.005625 0.0025 0 0 0 0.0025 0 0 0 0.005625 0 0 0.004375 0 0.004375 0.036875 0.00875 0.006875 0.069375
-9999 -9999 -9999 -9999 -9999 -9999 -9999 -9999 -9999 -9999 -9999 -9999 0 0 0 0 0 0 0 0 0 0 0 0 0 0 0 0 0 0 0.0625 0.218125 0.10375 0.049375 0.01375 0.055625 0.03625 0.020625 0.0125 0.044375 0.02625 0.00625 0.0025 0.009375 0.005625 0.020625 0.009375 0.00625 0.0025 0.00875 0.018125 0.0125 0.0025 0.01 0.0125 0.003125 0.000625 0 0.00375 0 0 0 0 0 0 0.005625 0.00625 0.020625 0.009375 0.26625 0.175 0.016875 0.11875 0.188125
-9999 -9999 -9999 -9999 -9999 -9999 -9999 -9999 -9999 -9999 -9999 -9999 0 0 0 0 0 0 0 0 -9999 -9999 0 0 0 0 0 0 0 0 0.040625 0.073125 0.031875 0.0425 0.05125 0.0325 0.028125 0.019375 0.03 0.009375 0.034375 0 0 0 0.0025 0.035625 0.015625 0.005625 0.01875 0.01 0 0.03 0.00375 0.009375 0.015625 0.011875 0 0 0 0.0025 0.02125 0.001875 0 0 0 0.001875 0.009375 0.011875 0.054375 0.21 0.685 0.579375 0.4625 0.03375
-9999 -9999 -9999 -9999 -9999 -9999 -9999 -9999 -9999 -9999 -9999 -9999 0 0 0 0 0 0 0 0 0 -9999 0 0 0 0 0 0 0 0 0 0.02 0.011875 0.056875 0.04625 0.02375 0.009375 0.016875 0.040625 0.061875 0.02375 0.01625 0 0.0025 0.006875 0.039375 0.00625 0.004375 0.015 0.04875 0.0375 0.056875 0.01 0.011875 0.01875 0.02 0.011875 0 0.0025 0.010625 0.00125 0.29 0.259375 0 0 0.01 0.00375 0.025 0.015625 0.02625 0.330625 0.27125 0 0
-9999 -9999 -9999 -9999 -9999 -9999 -9999 -9999 -9999 -9999 -9999 -9999 0 0 0 0 0 0 0 0 0 0 0 0 0 0 0 0 0 0 0 0 0.006875 0.029375 0.03375 0.004375 0.0225 0.03625 0.05375 0.0375 0.005625 0.000625 0 0.005 0.02125 0.003125 0.01125 0.01 0.026875 0.011875 0.034375 0.039375 0.045 0.011875 0.016875 0.024375 0.026875 0.013125 0.00625 0.005625 0.00375 0 0 0 0 0 0 0.029375 0.016875 0.01125 0 0 0 0
-9999 -9999 -9999 -9999 -9999 -9999 -9999 -9999 -9999 -9999 -9999 -9999 -9999 0 0 0 0 0 0 0 0 0 0 0 0 0 0 0 0 0 0 0 0.011875 0.01625 0.0175 0.0275 0.04 0.070625 0.065 0.029375 0.056875 0 0.00125 0 0.010625 0.0325 0.009375 0.00625 0.00625 0.03625 0.051875 0.044375 0.000625 0.015 0.018125 0.018125 0.01 0.016875 0.006875 0.001875 0.005625 0 0.01375 0 0 0.0025 0.004375 0.036875 0.06125 0.04875 0 0 0 0
