Env_Vars/Set_1/100kmsq_mwmt_final.asc
ncols         290
nrows         380
xllcorner     -2197417.7431653
yllcorner     -584827.01486885
cellsize      10000
NODATA_value  -9999
[rows 210 to 244 of 380, columns 156 to 233 of 290]
16.025 16 15.95 15.925 15.7 15.6 15.5 15.4 15.85 16.325 16.825 16.825 16.8 16.95 17 16.9 16.975 16.875 16.725 16.8 16.775 16.8 16.8 16.75 16.8 16.8 16.8 16.8 16.9 17 17.1 17 17 17.1 17.1 17 16.9 17 17 17.05 17.075 17.275 17.35 17.275 17.45 17.4 17.55 17.55 17.55 17.575 17.8 17.75 17.65 17.7 17.5 17.4 17.3 17.1 17.1 17.125 17.175 17 16.975 17 16.9 16.9 17.025 17 17 17 17.1 17 17 16.9 17.1 17.2 17.2 17.2
16.325 16.1 16 15.8 15.7 15.6 15.625 15.875 16.675 16.55 16.825 16.9 16.975 17.05 17 16.9 17 16.975 16.85 16.8 16.8 16.7 16.7 16.65 16.6 16.7 16.7 16.7 16.7 16.9 16.9 16.9 16.9 16.925 16.7 15.975 15.7 17 17.1 17.2 17.2 17.375 17.4 17.4 17.55 17.6 17.55 17.75 17.675 17.775 17.8 17.975 17.9 17.8 17.6 17.5 17.3 17.2 17.2 17.125 17.15 17.2 17.1 17.1 17.1 17.125 17 17.1 17.1 17.1 17.1 17.1 17.075 17.15 17.375 17.325 17.35 17.3
16.625 16.625 16.4 16.225 16.075 16.075 16.15 16.6 16.85 16.7 16.9 17 17 17 16.85 16.9 16.8 16.8 16.7 16.85 16.7 16.475 16.2 16.275 16.225 16.5 16.5 16.55 16.625 16.7 16.7 16.8 16.75 16.65 16 15.275 15.8 16.975 17.1 17.3 17.4 17.4 17.35 17.5 17.475 17.55 17.675 17.7 17.775 17.8 17.9 18.025 18.05 17.9 17.7 17.55 17.45 17.4 17.375 17.2 17.2 17.2 17.175 17.1 17.3 17.2 17.175 17.2 17.2 17.2 17.2 17.2 17.175 17.375 17.45 17.5 17.5 17.425
16.7 16.575 16.625 16.475 16.45 16.575 16.8 16.825 17 17.1 16.975 17.1 17.025 16.9 16.85 17 16.9 16.95 16.75 16.4 16.6 16.25 15.9 15.925 16.1 16 16.6 16.6 16.6 16.5 16.6 16.6 16.425 16.3 16.075 16.15 16.475 16.95 17.125 17.4 17.5 17.5 17.4 17.6 17.6 17.8 17.8 17.8 17.925 18.05 18.1 18.125 18.2 18.075 17.8 17.7 17.6 17.5 17.4 17.4 17.375 17.3 17.275 17.3 17.375 17.3 17.275 17.3 17.2 17.3 17.3 17.3 17.3 17.5 17.5 17.6 17.6 17.6
16.7 16.625 16.425 16.575 16.5 16.5 16.775 16.9 17.05 17.1 17.2 17.1 17.1 17 16.975 17.1 16.925 16.775 16.7 16.7 16.575 16.3 16.1 15.925 16.3 16.175 16.625 16.675 16.6 16.6 16.55 16.5 16.4 16.3 16.425 16.825 17 17.1 17.3 17.4 17.5 17.5 17.5 17.6 17.625 17.7 17.8 18 18.075 18.2 18.2 18.2 18.3 18.15 18 17.825 17.75 17.6 17.6 17.5 17.475 17.425 17.4 17.4 17.4 17.4 17.375 17.3 17.3 17.3 17.4 17.4 17.5 17.6 17.7 17.65 17.8 17.7
16.7 16.6 16.5 16.5 16.575 16.675 16.8 17 17.2 17.3 17.3 17.15 17.2 17.1 17.1 16.9 16.85 16.7 16.7 16.7 16.6 16.525 16.25 16.15 16.1 16.2 16.675 16.7 16.6 16.6 16.6 16.5 16.4 16.425 16.4 16.525 17.05 17.2 17.15 17.3 17.5 17.35 17.525 17.7 17.8 17.875 17.9 18 18.2 18.3 18.225 18.225 18.4 18.175 18.05 17.85 17.8 17.6 17.6 17.5 17.5 17.5 17.5 17.325 17.4 17.4 17.4 17.4 17.4 17.4 17.5 17.575 17.5 17.65 17.75 17.8 17.9 17.875
16.6 16.5 16.5 16.45 16.5 16.575 16.6 16.925 17.3 17.4 17.2 17.175 17.1 17 17 16.9 16.8 16.7 16.7 16.7 16.575 16.475 16.35 16.3 16.15 16.3 16.8 16.775 16.6 16.5 16.6 16.575 16.125 15.95 15.8 15.8 17 17.2 17.175 17.3 17.4 17.4 17.55 17.7 17.8 18 18 18.1 18.2 18.225 18.3 18.3 18.3 18.25 18.2 17.925 17.8 17.7 17.6 17.6 17.6 17.6 17.5 17.5 17.5 17.5 17.5 17.475 17.5 17.5 17.6 17.7 17.7 17.7 17.775 17.9 18 17.9
16.6 16.5 16.575 16.5 16.425 16.6 16.7 17 17.3 17.4 17.225 17.05 17.125 17 16.95 17 17 16.8 16.6 16.7 16.6 16.3 16.2 16.55 16.625 16.75 16.8 16.6 16.5 16.3 16.35 16.4 16.1 15.925 15.55 16.4 17.175 17.175 17.2 17.3 17.375 17.425 17.55 17.8 17.925 18.1 18.1 18.2 18.225 18.3 18.325 18.325 18.3 18.3 18.175 18 18 17.875 17.8 17.7 17.575 17.6 17.5 17.6 17.6 17.5 17.5 17.575 17.6 17.6 17.7 17.8 17.8 17.8 17.9 17.95 17.975 -9999
16.375 16.35 16.4 16.4 16.4 16.5 16.575 16.6 16.925 16.925 16.9 17 16.825 16.975 16.9 17 17 16.9 16.675 16.475 16.5 16.7 16.35 16.75 16.775 16.8 16.8 16.5 16.45 16.2 16.1 16.175 16.275 16.075 16 16.8 17.1 17.3 17.3 17.4 17.4 17.525 17.7 17.9 18.05 18.1 18.2 18.3 18.3 18.4 18.5 18.475 18.4 18.2 18.1 18.1 18 18 17.95 17.8 17.7 17.7 17.625 17.6 17.6 17.6 17.6 17.6 17.65 17.7 17.8 17.8 17.9 17.9 17.9 18 18.025 -9999
16.4 16.3 16.2 16.375 16.325 16.4 16.05 15.95 16.4 16.8 16.8 16.75 16.725 16.775 16.9 16.9 16.925 17 16.8 16.5 16.55 16.65 16.65 16.7 16.7 16.8 16.75 16.575 16.475 16.2 16.1 16.2 16.375 16.25 16.725 17.1 17.15 17.3 17.4 17.4 17.5 17.6 17.8 18 18.1 18.2 18.2 18.3 18.4 18.45 18.5 18.425 18.3 18.375 18.25 17.95 18 18 18 17.85 17.85 17.9 17.8 17.8 17.7 17.6 17.6 17.75 17.8 17.8 17.8 17.825 17.9 18 17.975 18 18.1 -9999
16.4 16.3 16.2 16.1 16.1 16 15.8 15.7 16.025 16.5 16.6 16.6 16.7 16.625 16.775 16.8 17.025 17 16.875 16.625 16.1 16.15 16.5 16.75 16.8 16.8 16.8 16.725 16.675 16.275 16.3 16.3 16.5 16.775 17 17.05 17.2 17.275 17.35 17.5 17.6 17.7 17.85 18 18.2 18.3 18.3 18.4 18.5 18.5 18.5 18.4 18.3 18.375 18.2 18.1 18.1 18.075 17.975 18 17.9 17.9 17.9 17.8 17.8 17.675 17.7 17.7 17.75 17.825 17.9 17.9 17.9 18 18.1 18.1 -9999 -9999
16.4 16.35 16.325 16.3 16.2 16.05 16 16.075 16.1 16.15 16.475 16.575 16.7 16.55 16.5 16.8 17 17.1 17.1 16.75 16.175 15.9 16.325 16.625 16.6 16.8 16.7 16.75 16.9 16.6 16.5 16.5 16.7 16.85 16.85 17.1 17.3 17.425 17.5 17.6 17.7 17.9 17.9 18.1 18.2 18.2 18.4 18.4 18.5 18.45 18.4 18.275 18.325 18.35 18.3 18.1 18.05 18.1 18 18 18 17.9 17.9 17.8 17.875 17.8 17.8 17.775 17.7 17.9 17.9 17.95 18 18 18.1 18.1 -9999 -9999
16.7 16.725 16.4 16.375 16.3 16.025 16 16 15.7 15.7 16.1 16.575 16.7 16.525 16.5 16.75 16.875 17 17.1 17.05 16.475 16.175 16.525 16.85 16.85 16.9 16.8 16.9 16.95 16.675 16.75 16.775 16.825 16.9 17.075 17.225 17.4 17.5 17.6 17.6 17.75 18 18.1 18.125 18.2 18.3 18.35 18.4 18.5 18.5 18.5 18.4 18.4 18.35 18.3 18.1 18.1 18.075 18.1 18.05 18 17.95 18 17.9 17.875 17.9 17.8 17.8 17.8 17.9 18 18.1 18.075 18 18.1 18.15 -9999 -9999
16.8 16.625 16.7 16.5 16.375 16.05 16.1 15.9 15.8 15.9 15.75 16.55 16.5 16.5 16.5 16.725 17 17.025 17.1 17.15 16.875 16.475 16.7 16.8 16.9 16.9 16.9 16.625 16.925 16.9 16.9 16.9 16.975 16.9 17.2 17.225 17.4 17.55 17.6 17.7 17.8 17.95 18.1 18.1 18.2 18.275 18.3 18.4 18.5 18.5 18.475 18.4 18.4 18.4 18.3 18.2 18.2 18.1 18.1 18.1 18 18 18 17.9 17.925 17.95 17.8 17.85 17.8 17.9 18.1 18.15 18.15 18.1 18.1 18.1 -9999 -9999
16.95 16.925 16.8 16.55 16.5 16.3 16.1 16 15.9 15.9 15.75 16.15 16.6 16.6 16.5 16.4 17.025 17.1 17.1 17.1 17.225 17 16.975 17 17 16.925 17 16.8 16.725 16.95 16.875 16.9 17 17.1 17.2 17.3 17.3 17.5 17.675 17.8 17.9 17.9 18 18.1 18.2 18.2 18.3 18.4 18.375 18.375 18.4 18.4 18.4 18.35 18.3 18.25 18.2 18.2 18.125 18.1 18.075 18.1 18.1 18.1 17.975 17.9 17.9 17.9 17.9 18.1 18.2 18.1 18.15 18.2 18.2 -9999 -9999 -9999
16.8 16.8 17.025 16.8 16.7 16.525 16.25 16 15.8 15.825 15.8 16.05 16.6 16.7 16.6 16.4 17 17.25 17.2 17.2 17.2 17.3 17.1 17.1 17.1 17.1 17.1 17.1 16.925 16.9 17 16.975 17.125 17.2 17.2 17.35 17.6 17.7 17.8 17.875 18 17.9 17.9 18.15 18.2 18.2 18.3 18.3 18.375 18.4 18.4 18.4 18.4 18.35 18.3 18.2 18.2 18.2 18.2 18.1 18.1 18.1 18.1 18.025 18 17.925 17.925 17.9 18 18.2 18.25 18.3 18.25 18.3 18.2 -9999 -9999 -9999
16.8 16.85 16.95 17 16.85 16.7 16.65 16.025 15.775 15.775 15.9 15.9 16.2 16.7 16.6 16.425 17.05 17.2 17.2 17.2 17.2 17.3 17.3 17.5 17.4 17.225 17.3 17.175 17.2 17.125 17.1 17.2 17.2 17.2 17.3 17.4 17.7 17.7 17.9 17.825 17.9 17.825 17.95 18.15 18.2 18.2 18.25 18.15 17.25 17.175 18.4 18.4 18.3 18.275 18.1 18.1 18.1 18.2 18.2 18.2 18.2 18.2 18.15 18.1 18.05 18 18 18 18 18.2 18.2 18.3 18.3 18.2 18.3 -9999 -9999 -9999
16.8 16.95 17 17.2 16.95 16.95 16.975 16.65 15.9 16.1 15.925 15.8 15.775 16.175 16.6 16.5 16.925 17.1 17.4 17.45 17.375 17.45 17.425 17.55 17.5 17.5 17.4 17.375 17.3 17.3 17.3 17.3 17.3 17.4 17.4 17.45 17.7 17.8 17.7 17.9 17.8 17.75 17.9 18.1 18.1 18.15 17.8 16.35 15.575 16.925 18.1 18.2 18.15 18.175 18.1 18 18.1 18.2 18.3 18.2 18.2 18.2 18.2 18.1 18.1 18.1 18.025 18 18.1 18.3 18.3 18.25 18.3 18.2 18.225 -9999 -9999 -9999
16.825 17.1 17.1 17.1 17.1 17.1 17.075 17.225 16.45 16.4 16.125 15.75 15.75 15.775 16.275 16.65 17 17.2 17.425 17.5 17.6 17.5 17.5 17.7 17.7 17.575 17.5 17.5 17.5 17.4 17.3 17.3 17.3 17.4 17.525 17.6 17.775 17.775 17.7 17.8 17.8 17.9 17.9 17.9 17.925 17.7 16.625 15.775 15.775 17.175 18 18.125 18.2 18.2 18.225 18.15 18.1 18.2 18.275 18.3 18.25 18.3 18.25 18.2 18.125 18.1 18.1 18.1 18.2 18.4 18.4 18.4 18.4 18.3 18.2 18.3 -9999 -9999
17.075 17.2 17.2 17.2 17.2 17.25 17.175 17.4 17.2 16.625 16.375 16.225 15.95 15.9 15.95 16.3 17 17.325 17.4 17.6 17.6 17.6 17.775 17.85 17.725 17.7 17.6 17.6 17.5 17.6 17.625 17.55 17.55 17.6 17.4 17.6 17.8 17.8 17.8 17.8 17.9 17.8 17.8 17.75 17.55 16.7 16.4 15.65 16.175 17.475 17.9 18.1 18.05 18.2 18.3 18.3 18.3 18.3 18.15 18.2 18.3 18.3 18.3 18.225 18.2 18.2 18.2 18.3 18.3 18.4 18.3 18.4 18.4 18.4 18.4 18.3 -9999 -9999
17 16.9 17.1 17.4 17.375 17.3 17.425 17.4 17.25 17.225 16.95 16.75 16.325 16.25 16.25 16.3 17.025 17.5 17.5 17.6 17.675 17.7 17.7 17.8 17.7 17.775 17.775 17.6 17.525 17.6 17.6 17.6 17.425 17.4 17.45 17.6 17.8 17.8 17.7 17.8 17.775 17.7 17.45 17.1 16.75 16.3 16.25 16 16.675 17.75 18 18.1 18.1 18.2 18.25 18.3 18.3 18.3 18.3 18.25 18.3 18.4 18.35 18.3 18.275 18.3 18.3 18.25 18.35 18.5 18.5 18.4 18.4 18.4 18.4 18.4 18.3 -9999
17 17.1 17.2 17.3 17.3 17.4 17.4 17.475 17.2 17.1 17.075 16.9 16.625 16.475 16.55 16.75 17.325 17.6 17.6 17.7 17.875 17.8 17.8 17.8 17.875 17.8 17.8 17.7 17.7 17.7 17.6 17.6 17.5 17.5 17.5 17.6 17.7 17.75 17.7 17.6 17.525 17.175 16.6 16.65 16.5 16.5 16.275 16.45 17.375 17.9 18 18 18.1 18.3 18.3 18.2 18.4 18.4 18.4 18.4 18.4 18.3 18.3 18.4 18.4 18.3 18.3 18.3 18.35 18.5 18.5 18.5 18.4 18.4 18.4 18.4 18.375 18.2
17.1 17.1 17.1 17.2 17.2 17.1 17.5 17.675 17.3 17.3 17.2 17.175 17.025 16.925 16.975 17.275 17.725 17.7 17.75 17.9 17.8 17.8 17.9 17.925 18 17.6 17.55 17.45 17.525 17.625 17.7 17.6 17.5 17.5 17.5 17.5 17.7 17.625 17.3 17.3 17.05 17.025 16.75 16.725 16.55 16.675 16.775 17.175 17.6 17.825 17.9 18.1 18.2 18.3 18.4 18.35 18.375 18.5 18.5 18.475 18.4 18.5 18.4 18.375 18.3 18.3 18.3 18.4 18.4 18.325 18.5 18.4 18.35 18.3 18.4 18.4 18.4 18.3
17.5 17.1 17.1 17.15 17.2 17.1 17.5 17.6 17.775 17.4 17.4 17.425 17.3 17.275 17.425 17.775 17.575 17.8 17.975 17.875 17.925 17.925 18.025 17.9 17.875 17.8 17.525 17.6 17.625 17.7 17.7 17.625 17.475 17.4 17.325 17.4 17.5 17.475 17.4 17.2 17.2 17.15 17.075 17.1 17 17 17.15 17.3 17.7 17.9 17.975 18.1 18.275 18.4 18.5 18.425 18.4 18.5 18.5 18.4 18.4 18.475 18.5 18.5 18.5 18.425 18.25 18.25 18.3 18.225 18.4 18.475 18.5 18.4 18.4 18.4 18.4 18.4
17.4 17.275 17.2 17.1 17.15 17.1 17.1 17.1 17.225 17.85 17.5 17.5 17.6 17.475 17.625 17.85 17.8 18 17.9 17.9 18 18 18.1 18 17.7 17.625 17.675 17.425 17.575 17.5 17.6 17.6 17.425 17.3 17.3 17.4 17.35 17.3 17.2 17.275 17.3 17.3 17.4 17.325 17.3 17.3 17.3 17.4 17.7 17.8 17.9 18 18.15 18.175 18.225 18.5 18.4 18.5 18.55 18.5 18.475 18.5 18.5 18.5 18.5 18.5 18.375 18.4 18.3 18.4 18.5 18.6 18.5 18.5 18.4 18.4 18.4 18.4
17.3 17.4 17.4 17.3 17.25 17.05 17.1 17 17 17.275 17.825 17.625 17.7 17.775 17.7 17.725 17.95 17.925 17.9 18 18.05 18.1 18.1 18.1 17.9 17.8 17.6 17.5 17.6 17.4 17.5 17.45 17.325 17.3 17.2 17.3 17.2 17.2 17.1 17.25 17.3 17.4 17.5 17.5 17.4 17.4 17.45 17.5 17.6 17.6 17.625 17.65 17.425 16.475 16.05 17.7 18.4 18.5 18.6 18.5 18.5 18.6 18.5 18.5 18.5 18.5 18.4 18.4 18.4 18.4 18.4 18.5 18.6 18.45 18.5 18.4 18.4 18.4
17.35 17.775 17.5 17.45 17.4 17.3 17.2 17.175 17.1 17.025 17.4 17.775 17.925 17.925 18 17.95 18.3 18 18 18.1 18.2 18.15 18.1 17.925 17.725 17.7 17.7 17.6 17.8 17.7 17.575 17.4 17.35 17.325 17.175 17.15 17.2 17.2 17.2 17.1 17.2 17.3 17.425 17.5 17.5 17.35 17.5 17.4 17.5 17.225 16.75 16.05 16.275 15.95 16.075 16.5 18.3 18.5 18.5 18.4 18.5 18.6 18.45 18.6 18.6 18.6 18.45 18.5 18.4 18.475 18.5 18.475 18.6 18.5 18.475 18.45 18.4 18.4
17.475 17.675 17.4 17.5 17.5 17.5 17.35 17.45 17.3 17.2 17.1 17.75 18.025 18.3 18.325 18.25 18.15 18.1 18.1 18.2 18.3 18.2 18 18 17.8 17.8 17.9 17.5 17.7 17.725 17.7 17.5 17.3 17.4 17.2 17.2 17.1 17.2 17.1 17 16.925 17.1 17.175 17.25 17.275 17.3 17.4 17.3 17.275 16.675 16.1 16.1 16.125 16.15 16.1 16.4 18.225 18.5 18.6 18.5 18.5 18.6 18.5 18.55 18.6 18.6 18.575 18.5 18.5 18.5 18.5 18.475 18.5 18.5 18.5 18.5 18.4 18.375
17.5 17.5 17.5 17.575 17.5 17.675 17.6 17.625 17.725 17.6 17.475 17.9 18 18.2 18.3 18.3 18.2 18.2 18.275 18.35 18.2 18.2 18.2 18.075 18 17.8 17.8 17.775 17.8 17.8 17.6 17.55 17.45 17.325 17.2 17.2 17.2 17.2 17.175 16.8 16.65 16.8 16.8 16.9 17 17.125 16.95 16.975 17.1 16.8 16.4 16.3 16.275 16.3 16.35 16.575 18.4 18.7 18.7 18.6 18.575 18.7 18.6 18.6 18.6 18.6 18.6 18.5 18.5 18.5 18.5 18.5 18.475 18.5 18.4 18.5 18.4 18.325
17.6 17.6 17.6 17.6 17.6 17.7 17.825 18 17.95 17.9 17.675 18.025 18.1 18.3 18.3 18.35 18.3 18.375 18.425 18.4 18.3 18.1 18.025 18.1 17.925 17.9 17.9 17.9 18 17.75 17.7 17.5 17.6 17.4 17.3 17.3 17.225 17.2 17.2 17.025 16.65 16.6 16.525 16.6 16.8 16.9 16.7 16.8 17 16.9 16.7 16.6 16.65 16.6 16.7 17.65 18.55 18.7 18.6 18.6 18.55 18.7 18.6 18.675 18.6 18.7 18.6 18.6 18.5 18.5 18.4 18.5 18.5 18.5 18.5 18.5 18.4 18.3
17.725 17.8 17.7 17.775 17.7 17.775 17.8 17.925 18.1 18 17.95 18.1 18.2 18.3 18.35 18.4 18.5 18.425 18.475 18.25 18.375 18.2 18.2 18.1 18 18 18 18.05 18 17.9 17.7 17.7 17.6 17.5 17.45 17.4 17.3 17.2 17.125 17 16.8 16.55 16.6 16.55 16.8 16.85 16.7 16.8 17.175 16.975 16.8 16.7 17.05 17.05 17.7 18.425 18.6 18.7 18.55 18.5 18.7 18.7 18.7 18.7 18.675 18.6 18.6 18.6 18.5 18.5 18.5 18.55 18.6 18.5 18.5 18.5 18.375 18.4
17.8 17.95 17.85 17.85 17.775 17.8 17.8 17.9 17.975 18.1 18.15 18.3 18.3 18.3 18.4 18.5 18.5 18.6 18.5 18.45 18.4 18.3 18.25 18.225 18.2 18.2 18.15 18.1 18.1 17.9 17.9 17.8 17.8 17.6 17.6 17.4 17.4 17.3 17.2 16.95 16.85 16.6 16.7 16.875 16.875 17.05 16.8 17.05 17.15 17.15 16.9 17.2 17.75 18.075 18.4 18.6 18.675 18.6 18.4 18.4 18.55 18.675 18.7 18.7 18.7 18.6 18.65 18.6 18.525 18.5 18.5 18.5 18.425 18.5 18.45 18.4 18.4 18.4
17.975 18 18 18.075 18.2 18.05 17.9 18 18 18.2 18.2 18.325 18.4 18.4 18.475 18.5 18.5 18.6 18.6 18.5 18.5 18.5 18.45 18.4 18.3 18.3 18.2 18.1 18.2 18.1 18.05 18 18 17.95 17.725 17.6 17.5 17.3 17.2 17.075 16.875 16.7 16.625 16.95 17.1 17.2 17.1 17.1 17.125 17.35 17.025 17.5 17.9 18.3 18.4 18.6 18.65 18.5 18.425 18.3 18.4 18.6 18.8 18.725 18.7 18.7 18.7 18.625 18.6 18.5 18.5 18.5 18.5 18.5 18.5 18.375 18.3 18.3
18.1 18.1 18.1 18.2 18.2 18.2 18.1 18.1 18.175 18.3 18.3 18.4 18.5 18.575 18.55 18.6 18.6 18.8 18.6 18.575 18.5 18.5 18.5 18.5 18.4 18.3 18.3 18.3 18.3 18.275 18.2 18.075 18.1 18 17.9 17.8 17.6 17.4 17.3 17.2 16.925 16.8 16.8 16.9 17.275 17.3 17.2 17.3 17.275 17.6 17.5 17.7 17.725 18.325 18.4 18.4 18.15 17.6 17.85 18.3 18.5 18.6 18.7 18.8 18.8 18.7 18.8 18.7 18.65 18.6 18.6 18.5 18.6 18.5 18.4 18.325 18.3 18.3
18.125 18.2 18.2 18.1 18 18.25 18.3 18.2 18.3 18.3 18.4 18.4 18.6 18.6 18.625 18.7 18.7 18.8 18.7 18.5 18.45 18.5 18.6 18.6 18.5 18.4 18.4 18.4 18.3 18.4 18.3 18.2 18.2 18.1 18 17.9 17.7 17.6 17.5 17.375 17.2 17.05 16.95 17.05 17.2 17.4 17.5 17.5 17.5 17.575 17.725 17.9 18.05 18.1 18.1 17.7 17.15 16.65 16.825 18.3 18.5 18.6 18.8 18.8 18.8 18.7 18.8 18.8 18.7 18.675 18.6 18.6 18.6 18.475 18.4 18.4 18.25 18.3
