Env_Vars/Set_1/100kmsq_pas_final.asc
ncols         290
nrows         380
xllcorner     -2197417.7431653
yllcorner     -584827.01486885
cellsize      10000
NODATA_value  -9999
[rows 210 to 244 of 380, columns 156 to 233 of 290]
117 117.75 117.25 118.75 122.5 124.5 128.75 131 124.25 118.75 112.5 114 115.25 114 116 118.25 119 121.5 126.25 126 129 130.75 134.5 137.5 140.5 143.75 145.25 148.75 150 148.75 148.25 148 148 147 147 148.25 149.25 149.75 151 150.5 149.75 149.25 148.25 150 147.5 148.25 146.5 147.75 147 147 144 144.5 145 144.5 146.25 148.75 149.75 152.5 153 150 149.5 151.5 152.25 152 152.75 152 150.5 151.25 151 152 154 155.25 155 157 154 152.5 153.5 156
112.75 115.25 116 119 121.5 123 124.75 121 109.5 114.25 111.25 113.75 114 114 115.75 117.5 119.5 120.25 124.5 126.5 128.75 132.5 135.5 138.25 142 143.25 146.5 150.25 151 149 149.5 148.75 149.25 148.5 152.75 170.75 178.5 150 146 145.25 148.75 145.5 145.25 146.75 145 146 147 145 146 143.75 143.25 139 140.25 141 145.25 146.75 148.25 149.25 150 150.25 149 149 150 149.5 148 148 150 149.5 150 152 152.5 153.75 155.5 152.75 149.75 150 151 152
108 106.25 109.75 111 113.25 114 114.5 108.25 108 112.5 111 111 113 113.75 118.5 119 121.75 121.25 124.75 126 130.5 138.5 144 145.75 148.25 145 148 151 151.75 152 151.5 150 151 153 169.5 184.25 173 147.75 145.5 142.75 143 143.75 144 144.75 144 145.5 144.5 144 143 142.25 140 137 136 140 142.75 146 147 147.25 148 150.25 147 148 148 148 146 148 148.75 148.25 148 150 150 151 153 148 147.5 147 146.25 150.25
105 106 105 106.25 106.25 106 102.75 105.25 106 107 111.25 111 112.75 116 117 117 119 119.25 125 133.5 130.25 139.75 149 150.5 150.75 156 145.5 149.25 150 153.25 152 153 157 159.5 165.75 164.25 157.25 147 144 141.25 141 140.75 141 140.25 140.5 140 140 140.5 140.25 136.5 137 134.75 133 136.75 140.25 142 143 144 146 145 144 146 146 146 145 147 147.75 147 149.5 149 148.5 150 150 147.5 146 142.75 143.5 146.75
104.25 105.5 106.75 105 103.5 104 102.25 102 104.75 108 109 110.5 110.75 115 115.25 115.75 118.25 123.5 126 128 132 138.75 144.5 149.75 148 150.5 144.5 146.5 149 150.5 151 154.75 157.75 158.75 156.25 149 145 144 140.75 140 140 141.75 140.5 139.5 140 140 139 137 135.75 132.25 133.25 132.75 132 134.75 138 139 142 142 143 144 142 143 144 145 146 146 146.75 147 149 149 147 150 148.5 144.75 143.75 142.75 141.5 145
104.5 106 105.25 104 103.25 103.25 101.5 101.25 102 107 108.5 109 110.25 113 114 116.5 118.5 123 124.25 126.75 130.25 134 140 146.25 149 149.75 141 143.75 147.75 148.75 151.75 153 155.75 156.25 156 153.25 143.75 143 143.75 139 139 141 140 138 135.5 137 137 136.5 133 131 131.75 131 129.75 133.25 135.25 138 140 142 142 143 143 144.25 144 145.75 145 144.75 145 145 147.25 148 147 144 146 144 142.75 141 137.25 142
105.75 106 105 103 103 104 103 100.5 102.5 107.25 108 110.25 112 113.5 114 116.75 119.75 122.75 125 125.75 129.25 134.25 138 140 146.5 146.25 138.25 140.75 147 149.5 150.25 149.75 159.25 163.75 166.75 168.75 142.25 141 141 139.25 137 139.75 136.5 136 135 133.5 133.5 133 132.25 130.5 130 130.25 130 131.5 132.5 137 138.5 140.75 141.5 142 142 142 144 143.75 143 144 144 145 145.75 146 146 143.25 145 144.25 144 141 140.5 143.5
108 106.75 105.25 103 103.5 102 102.5 99.75 103.5 106 108 110 111 113 114 114 116.75 119.5 126.25 126 128.75 136 137.75 135.25 135.75 136 137 141.5 146.5 152 153 153 160 164 172.75 155 139 139.5 140 137 136.25 137.75 136.25 132.75 132 131 131 131 130.75 129 130 129.5 129.75 131 131.5 134 135.75 136.5 136.5 140 141 142 143.25 143.25 143 144 144.25 145 144.5 145 144 142 145 143 143 142.75 142 -9999
111.75 112.25 109.75 106.75 104 104 105.25 108.75 109.5 113.75 114 113.5 115.75 113.25 115.75 115 115 117 124.5 127.75 128.75 128 136.5 132.25 133.25 134 135.5 142.5 146.75 153 156 155.75 155.75 158.75 161.5 144.5 139 137 136 136 135 135 133.5 129.25 129 130 130 130 129.25 128.5 126 127 129 130 132 133 134 135 135 137.25 139.25 140.25 141 143 144 144 144 144 144 144.75 142.75 142 144 143 144 144 144 -9999
111.75 114 115 110.5 107 108.5 116.25 120.75 117.5 114.25 115.25 115.75 116 116.25 115.5 115.75 115 115.5 122.5 126.5 127.25 126.25 129.25 127.75 131.5 132 135.25 140.75 144 152.75 155.25 155 151.25 154.75 145 140.25 137.5 134.75 133.5 133.25 132.5 132 130.75 128 127 128 129 126.75 126 126 125 126 128.25 127.75 129.5 135.75 135.5 135.75 135 137.5 137 137 138 138.5 139.5 144 144 143 143 143.25 144 142.75 144 145 144 145.5 147.5 -9999
113 114.5 117.5 119.25 116.25 117 119.5 125 122.5 118 116.75 116 116.75 118.5 115.75 116 113 114.75 116.75 124.5 134 136.5 130.5 127 130 131 133 136.75 139.75 148.75 151 151.75 149.5 143.75 139 139 135 133.75 133 131.75 130.25 128.75 128 127 124.25 125 125.5 125.75 124 125.5 125.5 129 128 127 129 133 131.75 133 135 134 135 135 136 139.25 138 143.25 143 143 143.25 142.5 143 142.5 144.75 144.25 145 148.25 -9999 -9999
113.75 113.25 113 113 115 116 118.25 120.25 121 122 116.5 116 115.75 118 119.75 115.75 114 113 115 120.75 132.25 138.5 133.25 129.75 131 130 133 134.75 133.5 141.25 145.5 147 143.75 142 140.75 135.75 131.25 130.25 128.25 127.25 125.75 125 125 123.5 123 123 124 124 123 124 126.5 128 127.75 126.25 128.5 130 132 132.5 132.5 133.75 134 136 136 137 138.25 139.75 140.5 143 144 142 143 143 144.25 144.5 147 151.25 -9999 -9999
106 106 112 112 114.5 117.5 119 120.75 128.5 127.5 122.25 116 115 117 118.75 116 115.25 113 113 116 126.5 133.75 127.5 124.5 126 128 130.5 131 133 141 139.25 140.5 141.25 139.5 136.25 132.25 129.25 125.5 124 124.25 123.75 123 122 122 122 123 123 124 123.5 124 124.75 124.25 124.5 125 127.75 130 131.5 132 131 132 132 134.5 135 136 137.25 137 141.25 141 142 143 141 142 142.5 146.25 148 149.75 -9999 -9999
105 108.5 107 110 113.25 120 118.5 123 126.5 126.5 127 114.25 115 116.5 118 115.75 111.75 112 112.75 113.25 119 126.25 124.25 123 124 125.25 128.75 134.25 131.75 135.25 136.25 139 138 138 134.75 131.75 128.25 124 123 122.5 121.75 121.5 122 121 122 122 123 123 124 124 123.5 124 124 125 127 129 129.75 131 131 131.5 132 133 133 135.5 136 136.25 141.75 141 142.75 143.25 139 141 141 145 147.25 150 -9999 -9999
102 101.5 106 109.75 111 115 120.25 122 124 125 126.5 120.5 114.75 114 118 117.75 111 110 111.25 113 112 117 118.5 119 119.75 124.25 124.5 131 135 133.75 135 137 135 135.25 134 129 127.75 124 119.5 119.5 120 120 121.75 121.5 122 122.75 122 123 123 122 122 122 123 124 125 127 129 129 130 130 131 131 132 133 136 138.5 140 140.75 140.25 140 138 139.5 141 144.75 145 -9999 -9999 -9999
109.5 106.5 99.5 105 106.75 112.5 116.75 121.75 125 125 124.25 120.75 112.75 112.25 113.5 120 110.75 109 110 111 111 109.75 115.25 117 117.75 119.5 120.75 123.75 129.5 132 133 135 133.5 134 133 127.75 120.5 116.75 116 116 118 119.75 120 119 119.5 122 122 121.25 121 122 122.25 122.25 123 124 125 127 127 128 129.25 130.75 131 132 132 134 134 138 139.75 140 139 138.25 138 139 141 143 145 -9999 -9999 -9999
116.5 104.75 101.25 99.75 103.25 106.5 111.5 122.25 126.75 125.25 119.25 121 118.25 111 113 118.25 109.5 109 109 109 110 109.25 111 109.25 112.5 116 117 123 123.75 127.5 130.75 132 132 133.75 132.5 127.25 119 115 114.25 115 116.25 119 120 118.5 119 119.25 120 124.5 143.5 142.75 122 122 123 124 127 128 127 127.75 128 129.5 130.25 131 131 132.25 134 135.25 138 137.75 140 137 136.25 138 140 141.25 144.25 -9999 -9999 -9999
122 102.75 100.75 96.25 102.25 102 106.75 111 122.5 117.5 119 122 122 117.75 112.5 116.25 111.5 109 107 107 107.5 108 109.5 107.5 110 111.25 114.5 118.75 120.75 124 127.25 131 131.5 131 131 127 115.5 112 115 114 117 119.75 119 119 118 118.5 128 158.75 175 143 123.5 122.5 124 124 124 128 127 126 126 127 129.75 130 130 130.75 133 134 137 138.75 138.75 136 136.5 137 139 141 144.5 -9999 -9999 -9999
107.5 101.25 97.5 97.75 97 98 100.25 104 113.25 114.25 116 120 121.75 123.75 117.75 113.5 110 108 105.5 105.75 106 106 105.75 105 106.25 109.25 111.25 114.25 118.5 122.25 125.75 128 130.75 130.75 129.5 122.5 111.75 110.25 113 116 118.5 118 119 121 122.25 126.5 149.5 167.5 166.25 138.5 125 124 124 124 123 125.5 126 126 126 126 127 129 129 130 132 134 135 136.5 136.5 133 135 135.5 138 140.25 141.5 145 -9999 -9999
102 97.25 97 97 96.25 96.25 98 101.5 104.25 110.75 110.75 112.75 119.25 121.25 122.5 118.25 109.5 105.75 105 103 105 103 102 101.5 102.5 106 110.25 112.5 117 118.75 122.5 125 126.5 128 131.25 124 112.75 111 112.5 115 116 118 121 122.75 126.75 146 151.25 168.5 157.25 130.75 125 123 123.5 123 121 121 122 124 126 126 126 127 128 129 131 132.5 132.75 133.75 133 133 134 135 135.5 137.25 140.5 142.5 -9999 -9999
106.75 104.5 100 91.75 92 94 92 96.75 99.5 100.5 104.75 106.75 112 116.25 117.25 117.25 108.5 103.75 103 102.5 102.25 101 102.5 102 104 105.25 107 114 115.75 119 122.25 123.75 127.25 129 128.75 122.25 113.75 112 113 114 116 120 125.25 136.5 143.75 151.75 152 158.5 144 125.5 122.25 121 120.5 120.5 120.25 120.5 121 123 123.5 125 126 125 126.5 127.25 129.75 130.75 131 132.5 133.5 132 133 134 134.75 136 138.5 140 142.5 -9999
107.75 100.75 97.75 93 95.25 92.75 92.25 92.25 97.5 101.5 100.5 105 109.25 114 112.5 111.75 104.5 101 102 101.25 99.75 100.75 101.25 101 102 104.5 106 111 115 118 119.5 123 125.5 126 127 122.25 116.5 113.75 116.5 119 121.75 131 144.75 143.25 147 146.75 152 149 128.25 120.5 120 121 118.75 118 119 122 119 120 120.75 122.5 124 126.5 126.25 127 128 129 130 131 131 130 132 132 133.5 135 137.5 138 140.5 142
104.75 101.25 99 97 98 99.25 91.25 88 95.25 96 98.25 98.5 102.25 104.75 107.5 104 97.75 100 100 98.75 100 100 101 101 101 108 111.5 115.25 117 116.5 119 121.25 125 126.25 124 122 117.5 116.75 123 124.75 130.5 132.75 140 141.75 145.25 144.25 141.25 131 123 120.25 120 119 117 117 116 117.75 119 118.5 119.25 120 123 125 125 126.75 129 129.25 130 130 130 132.75 131.25 132 135.5 137.5 135.5 137.5 138.5 140.75
90.75 99.75 98.75 97.5 98 98.25 91.75 90.5 85.5 94.75 95 94.5 98 101 99.75 96.75 101 98.5 96.75 99.25 98.25 99.25 98.75 101 102 105.75 113 112.25 114 114 116 118.5 121.5 124 123.75 122 120.75 120.25 123.75 126 127 129.5 134 133.5 136 134.75 132 128 120.5 118.5 116.5 117 114 114 116 116 118 118 119 122 123 124 124 125 126 128 130 131.25 131.25 133 132 128.5 132.5 132 134 136.75 137 138.25
92.5 97 96.5 97.5 99 99 102 103 101 84.25 92.75 94 93 97.5 96.75 96.25 98 96.5 98 98 97 98 98 98 105.75 107.25 108.5 116.25 117 117.25 116.5 116.25 118.75 121 124 122 122 124.25 126.5 126 127 129 127 127.5 129 130.5 127 125.25 119 118 119 117 116.5 116.5 117 116 116 117 118 120 121.25 122 123 124.5 125 126.5 129 129 130.5 130 130 128 131 132 133 135.25 136 137
92.5 89.5 89.75 94 96.75 103.25 104.5 105.5 107 99.75 86 91.75 91.25 91.25 94.25 98.75 96 97.75 98 97 96 95.25 97 97.5 101.5 106.5 111.5 115.75 115.25 118.25 118.25 117 118 122 123 123 125.25 125.75 129 126.5 128 128 128 126 127.25 126.25 124.75 123 120.75 120 120.75 123.75 128.75 152.25 161.5 127.25 117 117 116.5 121 121 121 123 124 124 125 127.5 128 129 130 130 129.25 129 131 132 134 135.25 136
92.75 80.75 88.5 90.5 92.25 97 101.5 102.75 103.75 104.75 97.5 91.5 87 89 90.25 95.75 93 96.5 96 96 94.75 96 97 99.75 104.25 107.5 109.5 113 112 114.5 115.75 116.75 119 119.5 122 123.75 125 127 129 129.75 129 129.25 129.25 126.5 126.5 126 124 123 121 127.25 138.75 157.25 151 159.75 159.5 150.75 117.5 116 118 120.5 120 120 121 122 123.25 124 125.75 126 128 130 130 129.75 128 130 132 133 133 134
91.75 84.5 89 89 92.5 94.75 98 96 99.75 103.25 104 90.5 86 83.5 85.75 86.75 92.25 94.75 95 95 89.75 95.5 97 97.75 102.75 105 106.75 115 115.25 111.5 111 113.75 117 117.25 122 123 125.75 127 129.25 132.5 136 134.25 134.25 129.75 129.25 126 125 124 125.5 137.25 150 152.75 152.75 153.75 155.75 152 119 115 115 118.75 120 120 122 122 122 123.25 125 126 127.25 128 128 128.25 128 128 131 130.75 131.75 133
88.75 85.5 88.5 86.25 93 92.25 95 93 91.25 93.5 96.5 90 87.75 86 86 88 90 90.75 90.5 89.5 95.25 95.75 96 98 101 103.25 107.25 110.5 112 110 110.5 112 114.5 115.75 120.25 121 125 128 130 136.5 140 139.25 139 137 134.5 129.75 130.75 130.75 129 135.75 144 146.25 148.5 150 151 148 115.75 112 114 116.75 118.5 119 121 121 122 122.75 125 126 126 128 127.25 127.5 128 129 128 129 131 134
81.25 79.5 82.25 88.5 94.5 94.5 91.5 87 86 87 93.25 85 85 84 85 86.5 89 89 88.25 89.75 93.5 96.75 100.75 100.75 103.5 101.25 104.25 107 105.75 106 108 111 110 113.25 117.5 120 123.75 127 129 133.25 140.5 142.75 143.75 142.5 136.75 135 137 135.5 129.5 131.5 136 139.5 138 142 143 125.75 112.5 111.5 115.5 116 118 118 119.75 120 122 122 123 124 125.75 126.5 127 128 128 128 127 129 131 133
76.5 73 78.5 88.5 96 95 92 88 85 85.25 88.5 86.25 84 86.5 85 85 86 87.5 88 94.25 90.75 96 96.5 99.75 101.5 101 99.75 100.75 101.75 102.5 106 105.75 107.75 111 114 118.5 123.25 127 129 133.5 140 143.75 143.25 140.25 136.75 134.75 136 132.5 126.75 129.75 133 137.5 132 134.75 125.25 113 113 113.25 115 118 117 117 118 118.5 120.5 122 122.5 124 125 126.25 127.75 127.25 127 126 127 129 131 131.5
79 75.5 79.5 87.25 93.75 94 92.25 88.5 87.5 86 85.75 84 84 87 84.5 84 85.25 84 88 88.75 88.5 94.25 95.25 95.25 95.75 96.5 98.5 100 98.5 99.75 100.5 103 104 106.5 111.5 115 122.5 127.5 129 134 135.25 142 140.25 136.5 133.5 130 133 128.25 125.75 125 132.25 125.25 118.25 113 110 110 110.25 114 117.5 119.5 117.75 117 117 118 118 121.5 122 124 125 125 125 124.5 124.5 126 127 129 129.75 131.5
81 80.25 81.75 84.25 85.75 89 90 88 88 87 84.5 82 82.25 85.25 84 84 85 84 86.5 88.75 89 89.25 90.25 93.5 94 95 95.25 95.5 94 97 98.25 99 99.5 101.25 105.75 112.5 120.5 126.5 128.5 130.75 135 138 139 132.5 129 128 126.25 126.75 125.25 121.75 127.5 120 114.75 110 110.75 110 111 115 117.5 121 121 118.75 117 118 119 120.25 121 123 123.25 123.75 124 124 123.75 126 126.75 128.75 131 132
83 82 83 82.75 85.75 85 87.75 86 87 87 83.25 82.25 83 82 82 83 83 83 85.5 88.75 89 89 89 89.5 92.75 93.5 94 94 92 93.25 94.5 97 97 98 101.25 107.25 117.25 124.25 126.25 127.5 133.5 135 135.75 133 127.5 125.25 124.5 123.25 122 116.75 117.5 116.5 117.25 109.75 110 113.5 118.75 131.75 127 121 119 119 117 118 119 120 120 120 121 122.25 123.75 123.25 123.5 124 126 128 131 132
86.25 85 83 83.25 85 82.75 83.25 84 84 86.75 93.75 87.5 80 81 81.5 82 82.75 83.25 85 91.75 91 89.75 88 89 90.5 93 92.75 89.75 90 92 93.25 95 93.5 95 98 104.5 110.75 118 120.75 124.5 127 131.25 132 130 127 123.75 119.25 119.75 118.75 114.5 113.5 112.25 112.25 112.75 115 125 137.25 149 146.75 121.5 119 118.5 116 117.5 119 120 119.5 120 121 121 122 122.5 123.25 124 125 127.75 130.25 133
