Env_Vars/Set_1/100kmsq_mcmt_final.asc
ncols         290
nrows         380
xllcorner     -2197417.7431653
yllcorner     -584827.01486885
cellsize      10000
NODATA_value  -9999
[rows 264 to 296 of 380, columns 148 to 221 of 290]
-11 -11.575 -11.875 -11.5 -11.1 -11.3 -11.85 -11.85 -11.9 -12.325 -12.7 -12.8 -13.075 -13.1 -13.175 -13.35 -13.35 -13.4 -13.5 -13.6 -13.6 -13.825 -13.875 -13.8 -13.75 -14.025 -14.1 -14.3 -14.5 -14.5 -14.6 -14.5 -14.15 -14.175 -14.075 -15.05 -15.55 -15.9 -16 -16 -16.1 -16.3 -16.5 -16.6 -16.75 -16.9 -17 -17.1 -17.2 -17.3 -17.3 -17.3 -17.3 -17.3 -17.3 -17.4 -17.4 -17.425 -17.7 -17.7 -17.7 -17.7 -17.7 -17.7 -17.75 -17.975 -18.2 -18.3 -18.45 -18.5 -18.7 -18.775 -18.9 -18.95
-10.475 -10.475 -10.45 -9.924999 -10.325 -10.65 -11.075 -11.5 -11.75 -12.525 -13 -13.25 -13.5 -13.4 -13.4 -13.6 -13.7 -13.5 -13.375 -13.3 -13.475 -13.6 -13.7 -13.7 -13.5 -14 -14.3 -14.2 -14.3 -14.4 -14.8 -14.8 -14.5 -13.95 -13.85 -14.675 -15.2 -15.6 -15.9 -16.05 -16.2 -16.3 -16.375 -16.475 -16.6 -16.7 -16.8 -16.9 -17 -17.1 -17.1 -17.2 -17.2 -17.2 -17.2 -17.3 -17.3 -17.3 -17.475 -17.6 -17.55 -17.6 -17.5 -17.5 -17.5 -17.6 -17.8 -17.975 -18.1 -18.3 -18.4 -18.675 -18.8 -18.8
-10.5 -10.3 -10.3 -9.924999 -10.05 -10.6 -10.975 -11.425 -11.825 -12.8 -13 -13.2 -13.5 -13.4 -13.425 -13.625 -13.75 -13.4 -13.15 -13.1 -13.3 -13.5 -13.7 -13.8 -13.8 -14.1 -14.2 -14.15 -13.95 -14.25 -15.05 -15.05 -14.45 -14.1 -13.75 -13.75 -14.825 -15.1 -15.55 -15.95 -16 -15.9 -16.125 -16.4 -16.4 -16.5 -16.6 -16.7 -16.8 -16.9 -17 -17 -17.1 -17.1 -17.1 -17.1 -17.2 -17.2 -17.2 -17.3 -17.3 -17.3 -17.3 -17.4 -17.275 -17.175 -17.55 -17.65 -17.775 -18.1 -18.175 -18.325 -18.5 -18.6
-11.475 -11.3 -11.725 -11.65 -11.55 -11.35 -11.65 -11.825 -12.475 -12.625 -12.75 -12.825 -13.1 -13.2 -13.4 -13.125 -13.25 -13.325 -13.2 -13.2 -13.45 -13.625 -13.8 -13.9 -14.1 -14.3 -14.35 -14.175 -13.9 -14.25 -14.825 -14.8 -14.425 -14.15 -13.8 -13.45 -13.8 -14.8 -15.175 -15.625 -15.9 -15.8 -15.9 -16.05 -16.2 -16.425 -16.4 -16.5 -16.6 -16.7 -16.8 -16.9 -16.9 -17 -17 -17.075 -17.05 -17.1 -17.1 -17.15 -17.2 -17.2 -17.2 -17.2 -17.3 -16.9 -17.275 -17.5 -17.5 -17.775 -17.95 -18.025 -18.3 -18.5
-12.375 -12.65 -12.7 -12.475 -12.325 -12.025 -11.6 -12.05 -12.5 -12.425 -12.4 -12.625 -12.8 -12.9 -13.025 -12.9 -12.9 -13.3 -13.3 -13.4 -13.5 -13.6 -13.8 -14.05 -14.3 -14.675 -14.9 -14.525 -14.225 -14.525 -14.7 -14.45 -14.075 -14.025 -13.9 -13.7 -13.625 -13.925 -15.1 -15.3 -15.65 -15.8 -15.85 -15.75 -15.8 -16.1 -16.35 -16.3 -16.4 -16.5 -16.6 -16.7 -16.775 -16.9 -16.9 -16.9 -16.9 -16.975 -17 -17 -17.05 -17.1 -17.1 -17.1 -17.15 -17.175 -17 -17.275 -17.5 -17.7 -17.9 -18 -18.2 -18.4
-13.15 -13.55 -13.1 -13 -12.65 -12.2 -11.875 -11.95 -12.4 -12.4 -12.325 -12.6 -12.9 -13 -12.95 -13.025 -13 -13.175 -13.3 -13.5 -13.5 -13.6 -13.9 -14.075 -14.425 -15.025 -15.4 -15 -14.5 -14.4 -14.475 -14.125 -13.9 -13.975 -14 -14 -13.9 -13.8 -14.95 -15.4 -15.4 -15.675 -15.7 -15.6 -15.7 -15.9 -16.225 -16.1 -16.225 -16.325 -16.425 -16.5 -16.5 -16.6 -16.65 -16.7 -16.8 -16.8 -16.9 -16.9 -16.9 -16.95 -17 -17 -17 -17.1 -17.125 -17.2 -17.4 -17.5 -17.8 -18 -18.2 -18.3
-13.025 -13.45 -13.725 -13.05 -12.325 -11.95 -12 -12.1 -12.275 -12.2 -12.25 -12.425 -12.575 -12.875 -13.15 -13.2 -13.15 -12.925 -13.15 -13.475 -13.6 -13.7 -13.8 -14 -14.2 -14.775 -15.075 -14.75 -14.325 -14.25 -14.425 -14.35 -14.125 -14.2 -14.25 -14 -14 -14.7 -15.65 -15.55 -15.4 -15.4 -15.6 -15.675 -15.7 -15.75 -15.85 -16.05 -16.2 -16.3 -16.3 -16.3 -16.4 -16.5 -16.5 -16.5 -16.6 -16.65 -16.7 -16.775 -16.8 -16.8 -16.8 -16.9 -16.9 -17 -17.1 -17.2 -17.275 -17.4 -17.625 -17.9 -18.05 -18.2
-12.525 -12.9 -13.25 -12.775 -11.85 -11.6 -11.825 -12 -12.1 -12.05 -12 -12.1 -12.45 -12.8 -12.925 -13.2 -13.125 -13.1 -13.3 -13.4 -13.6 -13.7 -13.65 -13.65 -13.625 -13.9 -14.05 -13.9 -13.875 -13.6 -13.325 -13.925 -14.275 -14.4 -14.3 -14.2 -14.3 -15.05 -15.6 -15.35 -15.25 -15.3 -15.4 -15.5 -15.7 -15.7 -15.6 -15.6 -15.8 -15.925 -15.95 -16 -16.1 -16.2 -16.3 -16.4 -16.4 -16.5 -16.575 -16.6 -16.7 -16.7 -16.7 -16.725 -16.8 -16.9 -17 -17.1 -17.2 -17.3 -17.525 -17.675 -17.85 -17.975
-11.85 -12.15 -12.35 -12.15 -11.775 -11.625 -11.6 -11.775 -11.85 -11.7 -11.7 -11.95 -12.35 -12.7 -12.8 -13.025 -13.1 -13.1 -13.3 -13.5 -13.7 -13.7 -13.475 -13.25 -13.2 -13.025 -13.225 -13.575 -13.6 -13.425 -12.725 -13.25 -13.875 -14 -14.15 -13.9 -14.15 -14.6 -14.825 -14.75 -14.7 -14.95 -15.2 -15.3 -15.45 -15.6 -15.5 -15.5 -15.45 -15.4 -15.45 -15.575 -15.8 -16 -16.1 -16.175 -16.3 -16.325 -16.4 -16.5 -16.5 -16.6 -16.6 -16.6 -16.7 -16.725 -16.9 -17 -17.125 -17.3 -17.4 -17.525 -17.6 -17.7
-11.3 -11.4 -11.525 -11.6 -11.475 -11.55 -11.525 -11.7 -11.65 -11.5 -11.4 -11.85 -12.3 -12.75 -13 -13.1 -13.025 -13.1 -13.275 -13.675 -13.8 -13.8 -13.5 -13.475 -13.5 -13.3 -13.3 -13.4 -13.475 -13.175 -12.55 -12.5 -12.625 -13.475 -13.75 -14 -14.125 -14.2 -14.3 -14.3 -14.3 -14.4 -14.825 -15.175 -15.2 -15.4 -15.5 -15.4 -15.2 -15.075 -15.075 -15.275 -15.525 -15.875 -16.1 -16.25 -16.3 -16.3 -16.3 -16.25 -16.275 -16.4 -16.45 -16.5 -16.5 -16.6 -16.75 -16.9 -17.025 -17.2 -17.3 -17.4 -17.5 -17.55
-10.85 -10.925 -11 -11.05 -11.1 -11.3 -11.35 -11.8 -11.7 -11.6 -11.6 -11.725 -12.175 -12.95 -13.4 -13.2 -12.9 -12.9 -13.025 -13.45 -13.5 -13.425 -13.375 -13.5 -13.5 -13.5 -13.4 -13.5 -13.35 -13.125 -12.55 -12.55 -12.7 -13.425 -13.6 -13.875 -14.1 -14.3 -14.4 -14.05 -14.1 -14.275 -14.5 -14.9 -14.95 -15.05 -15.1 -15.05 -15 -14.9 -15 -15.15 -15.4 -15.7 -16.05 -16.375 -16.4 -16.275 -16.2 -16.2 -16.2 -16.3 -16.3 -16.325 -16.4 -16.5 -16.625 -16.8 -16.9 -17 -17.175 -17.25 -17.35 -17.4
-10.5 -10.6 -10.65 -10.65 -10.8 -10.95 -11.1 -11.65 -11.7 -11.7 -11.7 -11.875 -12.2 -12.75 -13.2 -12.9 -12.6 -12.6 -12.8 -13.025 -12.95 -13 -13.2 -13.4 -13.6 -13.5 -13.4 -13.4 -13.4 -13.4 -12.9 -13.75 -14.375 -13.8 -13.575 -13.45 -13.625 -13.65 -13.75 -13.8 -14 -14.3 -14.5 -14.7 -14.7 -14.65 -14.6 -14.6 -14.7 -14.8 -15 -15.15 -15.35 -15.6 -15.9 -16.15 -16.2 -16.1 -16.1 -16.2 -16.2 -16.3 -16.2 -16.2 -16.225 -16.4 -16.5 -16.7 -16.8 -16.9 -17 -17.1 -17.2 -17.275
-10.4 -10.3 -10.425 -10.4 -10.5 -10.7 -10.875 -11.1 -11.45 -11.6 -11.7 -11.775 -12.025 -12.4 -12.6 -12.375 -12.45 -12.4 -12.6 -12.825 -12.8 -12.95 -13.15 -13.4 -13.5 -13.5 -13.4 -13.3 -13.3 -13.3 -13.5 -13.85 -14.025 -13.375 -13.2 -13.2 -13.2 -13.2 -13.1 -13.625 -14.025 -14.325 -14.6 -14.8 -14.7 -14.475 -14.2 -14.025 -14.225 -14.575 -14.8 -15.075 -15.2 -15.35 -15.575 -15.65 -15.75 -15.8 -15.9 -16 -16.1 -16.25 -16.05 -16.1 -16.1 -16.275 -16.4 -16.6 -16.8 -16.9 -17 -17 -17.1 -17.125
-10.05 -10.1 -10.1 -10.2 -10.375 -10.6 -10.625 -10.7 -10.9 -11.225 -11.575 -11.6 -11.825 -12 -12.1 -12.1 -12.3 -12.425 -12.45 -12.6 -12.7 -12.875 -13.1 -13.375 -13.5 -13.5 -13.325 -13.2 -13.1 -13.1 -13.1 -13.05 -12.85 -12.85 -12.9 -13 -13.1 -13.3 -13.3 -13.5 -14 -14.4 -14.5 -14.7 -14.7 -14.5 -14.2 -13.9 -14.1 -14.45 -14.7 -14.9 -15.025 -15.1 -15.1 -15.2 -15.3 -15.525 -15.6 -15.8 -15.9 -16 -16.025 -15.725 -15.775 -16.2 -16.3 -16.5 -16.7 -16.725 -16.8 -16.9 -16.95 -17
-9.7 -9.825 -9.775 -9.9 -10.1 -10.325 -10.5 -10.6 -10.9 -11.1 -11.25 -11.325 -11.4 -11.625 -11.775 -11.9 -12.1 -12.2 -12.1 -12.325 -12.525 -12.85 -13.1 -13.425 -13.5 -13.5 -13.4 -13.05 -13 -12.9 -12.8 -12.85 -12.6 -12.6 -12.85 -13 -13.2 -13.4 -13.5 -13.5 -13.925 -14.3 -14.4 -14.525 -14.5 -14.5 -14.3 -14.175 -14.425 -14.6 -14.7 -14.9 -14.975 -15 -15 -15 -15.1 -15.225 -15.475 -15.5 -15.7 -15.9 -15.9 -15.775 -15.775 -16.2 -16.3 -16.4 -16.5 -16.6 -16.6 -16.675 -16.7 -16.8
-8.799999 -8.75 -8.525 -9.275 -9.4 -9.775 -10.025 -10.25 -10.6 -11 -11.125 -11.1 -11.1 -11.3 -11.35 -11.75 -12 -12.1 -12.1 -12.05 -12.2 -12.675 -12.975 -13.2 -13.25 -13.4 -13.3 -12.9 -12.775 -12.9 -12.8 -12.85 -12.8 -12.7 -12.725 -12.825 -13.075 -13.2 -13.4 -13.575 -13.825 -14.1 -14.175 -14.3 -14.325 -14.325 -14.375 -14.55 -14.7 -14.7 -14.8 -14.8 -14.8 -14.9 -14.925 -14.9 -14.9 -15 -15.325 -15.375 -15.55 -15.8 -15.9 -15.9 -16.1 -16.175 -16.3 -16.45 -16.5 -16.525 -16.5 -16.5 -16.55 -16.625
-8.025 -8.025 -7.925 -8.5 -8.475 -8.625 -9.25 -9.6 -10.125 -10.6 -10.85 -10.95 -11 -11.125 -11.2 -11.6 -11.8 -12 -12 -11.9 -11.9 -12.1 -12.6 -12.8 -12.9 -13.1 -12.975 -12.7 -12.7 -12.8 -12.9 -12.85 -12.775 -12.75 -12.9 -12.875 -13.2 -13.2 -13.3 -13.5 -13.625 -13.8 -13.975 -14.2 -14.05 -14.2 -14.45 -14.625 -14.7 -14.7 -14.775 -14.8 -14.875 -14.8 -14.8 -14.8 -14.7 -14.875 -15.1 -15.3 -15.4 -15.6 -15.8 -16 -16.1 -16.3 -16.425 -16.4 -16.5 -16.7 -16.6 -16.45 -16.4 -16.55
-8 -7.825 -7.65 -7.8 -7.825 -8.5 -8.875 -9.424999 -9.7 -10 -10 -10.5 -10.9 -10.9 -11.225 -11.55 -11 -11.675 -10.825 -11.625 -11.9 -12.075 -12.25 -12.425 -12.475 -12.85 -12.8 -12.7 -12.7 -12.6 -12.7 -12.8 -12.9 -12.75 -12.75 -12.95 -13.1 -13.2 -13.2 -13.3 -13.425 -13.625 -13.8 -14 -13.7 -14.025 -14.325 -14.55 -14.7 -14.675 -14.7 -14.75 -14.75 -14.8 -14.725 -14.7 -14.7 -14.8 -14.9 -15.05 -15.175 -15.325 -15.5 -15.775 -16 -16.2 -16.3 -16.3 -16.425 -16.525 -16.475 -16.3 -16.3 -16.4
-8.125 -8.325 -7.75 -7.7 -7.8 -8.3 -8.825 -9.25 -9.6 -9.875 -9.75 -9.975 -10.45 -10.35 -10.5 -11.525 -11.05 -11.25 -10.725 -11.4 -11.825 -11.825 -12.1 -12 -12.3 -12.65 -12.75 -12.75 -12.65 -12.7 -12.8 -12.675 -12.775 -12.9 -12.8 -13 -13.1 -13.2 -13.225 -13.3 -13.4 -13.6 -13.8 -13.725 -13.475 -13.7 -14.2 -14.4 -14.6 -14.75 -14.7 -14.65 -14.7 -14.6 -14.6 -14.5 -14.6 -14.725 -14.8 -14.8 -15 -15.1 -15.3 -15.5 -15.7 -15.85 -15.95 -15.95 -16 -16.125 -16.05 -15.9 -16.1 -16.25
-7.625 -7.775 -7.55 -7.875 -8.15 -8.45 -8.6 -8.7 -8.15 -9.325 -9.625 -9.775 -10.275 -10.5 -10.275 -11.025 -10.825 -11.3 -11.2 -11.45 -11.725 -11.8 -11.925 -12 -12.025 -12.275 -12.325 -12.625 -12.4 -12.6 -12.45 -12.575 -12.6 -12.7 -12.725 -12.9 -13 -13.125 -13.1 -13.1 -13.2 -13.4 -13.475 -13.35 -13.125 -13.175 -13.925 -14.4 -14.5 -14.65 -14.6 -14.6 -14.55 -14.6 -14.6 -14.5 -14.375 -14.525 -14.6 -14.725 -14.85 -14.9 -15.025 -15.225 -15.4 -15.4 -15.425 -15.6 -15.55 -15.625 -15.65 -15.7 -15.775 -16.025
-7.725 -7.6 -7.675 -7.8 -8.375 -8.025001 -7.75 -7.425 -7.8 -8.85 -8.924999 -9.4 -9.875 -10.375 -10.175 -11 -10.275 -10.95 -11.125 -11.4 -11.6 -11.7 -11.8 -11.7 -11.75 -11.9 -12.15 -12.2 -12.2 -12.15 -12.15 -12.3 -12.4 -12.5 -12.7 -12.75 -12.9 -12.6 -12.7 -12.725 -12.65 -13.025 -13.275 -12.975 -12.85 -12.95 -13.375 -13.75 -13.75 -13.85 -13.9 -14.25 -14.4 -14.5 -14.5 -14.4 -14.3 -14.45 -14.5 -14.5 -14.7 -14.5 -14.6 -14.925 -15.075 -15.1 -15.1 -15.25 -15.35 -15.4 -15.475 -15.6 -15.7 -15.725
-7.975 -7.85 -7.75 -7.85 -8.475 -7.8 -7.725 -7.275 -7.175 -8.175 -8.825 -9.325 -9.8 -9.924999 -10.45 -10.3 -9.925 -10.025 -10.475 -11 -11.325 -11.525 -11.5 -11.45 -11.475 -11.9 -12.1 -12.125 -11.9 -12 -12.275 -12.5 -12.5 -12.5 -12.55 -12.7 -12.75 -12.8 -12.7 -12.6 -12.6 -12.575 -12.65 -12.5 -12.5 -12.725 -12.95 -12.95 -13.25 -13.575 -13.8 -13.625 -14.15 -14.4 -14.4 -14.35 -14.3 -14.4 -14.5 -14.35 -14.35 -14.55 -14.625 -14.725 -14.85 -14.95 -14.975 -15.15 -15.2 -15.2 -15.35 -15.35 -15.375 -15.6
-8.424999 -7.95 -8.25 -8.25 -8.35 -7.9 -7.6 -7.65 -7.65 -8.025 -8.75 -8.875 -9.3 -9.95 -10.325 -9.725 -9.85 -9.25 -10.25 -10.7 -11.125 -11.25 -11.3 -11.15 -11.125 -11.3 -11.95 -11.95 -11.825 -12 -11.85 -12.225 -12.3 -12.4 -12.475 -12.35 -12.3 -12.575 -12.475 -12.375 -12.6 -12.125 -12.2 -12.4 -12.4 -12.6 -12.525 -12.8 -12.9 -13.075 -13.425 -13.625 -13.4 -13.85 -14.05 -14.05 -14.175 -14.3 -14.4 -14.125 -14.1 -14.1 -14.3 -14.5 -14.5 -14.6 -14.75 -14.9 -15.075 -15 -15.175 -15.15 -15.05 -15.275
-7.75 -7.725 -7.6 -7.625 -7.95 -8.3 -7.9 -8 -8.05 -8.3 -8.6 -9 -9.45 -10.375 -9.625 -8.3 -9.775 -8.85 -9.65 -10.2 -10.525 -10.6 -11.075 -11.05 -10.9 -10.875 -11.075 -11.55 -11.3 -11.8 -11.4 -11.75 -12.025 -11.8 -11.75 -11.85 -12.15 -12 -12.15 -11.95 -12.075 -12.375 -12.3 -12.225 -12.175 -12.4 -12.5 -12.575 -12.8 -12.55 -12.7 -13.275 -13.5 -13.35 -13.8 -14.05 -14.1 -14.1 -14.1 -14.1 -14.1 -13.9 -14.1 -14.25 -14.3 -14.35 -14.4 -14.8 -14.8 -14.9 -14.9 -14.925 -14.9 -14.95
-7.3 -7.775 -7.525 -7.65 -7.95 -8.3 -8.6 -8.6 -8.2 -8.45 -8.9 -8.775 -9.25 -9.9 -9.35 -8.275 -9.9 -8.65 -9.9 -10.35 -10.875 -11.2 -11.05 -10.6 -11 -10.7 -10.9 -11.4 -11.225 -11.45 -11.1 -11.4 -11.975 -11.575 -11.5 -11.625 -11.675 -11.65 -11.475 -11.5 -11.8 -12.05 -11.9 -11.85 -12.125 -12.175 -12.075 -12.5 -12.5 -12.6 -12.525 -13.225 -13.4 -13.6 -13.8 -13.975 -13.95 -13.9 -14 -14.1 -14.1 -14 -14 -14.05 -14.05 -14.1 -14.2 -14.475 -14.7 -14.8 -14.9 -14.575 -14.575 -14.7
-7.4 -7.525 -7.4 -7.9 -8.175 -8.225 -8.075001 -8.5 -8.925 -9.15 -9.175 -9.424999 -9.35 -9.1 -9.9 -8.975 -9.425 -10.425 -10.675 -10.575 -10.15 -10.3 -10.625 -10.4 -11 -10.775 -10.3 -10.975 -10.875 -10.75 -10.95 -11.1 -11.75 -11.4 -11.425 -11.275 -11.2 -11.1 -11.175 -11.275 -11.6 -12 -11.675 -11.8 -11.8 -11.9 -12.2 -12.45 -12.4 -12.5 -12.625 -12.95 -13.3 -13.5 -13.6 -13.5 -13.9 -13.8 -14.05 -14.1 -14.1 -14.2 -14.175 -14 -13.775 -13.825 -14 -14.15 -14.425 -14.6 -14.55 -14.275 -14.3 -14.4
-6.925 -7.025 -7.125 -7.675 -7.7 -7.8 -8.1 -8.15 -8.125 -8.3 -8.575001 -8.575001 -9.5 -9.075 -8 -7.725 -7.925 -8.65 -9.525 -10 -9.725 -9.525 -9.625 -10.225 -10.8 -10.65 -10.15 -10.6 -10.35 -10.6 -10.9 -11.15 -11.25 -11.05 -11.125 -11.25 -11.4 -11.25 -11.05 -11.3 -11.75 -11.7 -11.5 -11.475 -11.5 -11.625 -12.025 -12.075 -12.4 -12.325 -12.65 -12.775 -13.225 -13.6 -13.6 -13.55 -13.8 -13.8 -14 -14.025 -14.1 -14.1 -14.175 -13.95 -13.775 -13.7 -13.55 -13.825 -14.025 -14.35 -14.4 -14.3 -14.4 -14.45
-6.5 -6.7 -6.875 -6.9 -7.125 -7.45 -7.95 -8.3 -8.175 -7.975 -8.299999 -8.725 -9.05 -8.875 -8.4 -7.3 -7.7 -8 -8.275 -8.8 -9 -9.424999 -10 -10.275 -10.775 -10.525 -10.1 -10 -10.15 -10.475 -10.65 -11.175 -10.9 -10.975 -10.55 -10.475 -11.125 -10.775 -11.3 -11.4 -11.675 -11.625 -11.3 -11.3 -11.425 -11.6 -11.575 -11.575 -11.925 -12.7 -12.3 -12.25 -13.075 -13.025 -13.575 -13.5 -13.65 -13.725 -13.8 -13.975 -14 -14 -13.9 -13.85 -13.8 -13.6 -13.6 -13.6 -13.875 -14.125 -14.225 -14.2 -14.3 -14.5
-6.675 -6.5 -6.95 -6.85 -6.975 -7.35 -7.65 -7.95 -7.775 -7.925 -7.975 -8.775 -8.225 -7.925 -8.025001 -7.3 -7.9 -8.5 -8.8 -9.05 -9.45 -9.675 -9.725 -10.2 -10.15 -10.05 -10.1 -9.825 -10.275 -10.475 -10.9 -10.625 -10.475 -10.4 -10.475 -10.6 -10.625 -11.05 -11 -11.4 -11.175 -11.25 -11.3 -11.3 -11.5 -11.5 -11.4 -11.55 -11.95 -11.95 -12.625 -12.9 -12.95 -13.475 -13.45 -13.6 -13.5 -13.5 -13.6 -13.8 -13.9 -13.8 -13.7 -13.7 -13.7 -13.6 -13.65 -13.7 -13.8 -13.9 -13.9 -14.05 -14.3 -14.375
-6.65 -7.05 -6.575 -6.775 -7 -7.225 -7.55 -7.65 -7.65 -7.825 -8.2 -8.725 -8.25 -8 -7.675 -7.525 -8.1 -8.675 -8.95 -9.375 -9.65 -9.85 -9.9 -10.25 -9.7 -10.225 -9.85 -9.7 -10 -10.425 -10.2 -10.025 -9.675 -10.025 -10.7 -10.9 -10.625 -11 -11.075 -11.075 -10.9 -10.85 -10.95 -11.1 -11.425 -11.325 -11.25 -11.2 -11.7 -11.225 -12.15 -12.775 -12.525 -13.125 -12.7 -13.2 -13.25 -13.5 -13.55 -13.6 -13.7 -13.675 -13.5 -13.5 -13.6 -13.7 -13.65 -13.8 -13.8 -13.7 -13.8 -13.9 -14.125 -14.2
-6.6 -6.375 -6.5 -6.7 -6.7 -6.95 -7.3 -7.425 -7.475 -7.325 -7.8 -8.5 -7.85 -7.575 -7.425 -7.275 -7.95 -8.4 -8.55 -9.05 -9.3 -9.225 -9.175 -9.7 -9.8 -9.9 -9.55 -9.7 -9.85 -9.8 -9.475 -9.4 -9.75 -10.325 -10.475 -10.3 -10.775 -10.9 -11.05 -10.725 -10.9 -10.8 -10.7 -11.05 -11.4 -11.3 -11.225 -11.2 -11.45 -11.4 -12.15 -12.3 -12.4 -12.5 -12.7 -12.85 -12.65 -13.15 -13.075 -13.2 -13.4 -13.375 -13.4 -13.3 -13.4 -13.6 -13.65 -13.7 -13.6 -13.7 -13.8 -13.925 -14.05 -14.2
-6.35 -6.3 -6.5 -6.6 -6.6 -6.75 -7.05 -7.2 -7.325 -7.7 -7.65 -8.325 -7.525 -7.425 -7.1 -7.225 -7.875 -8 -8.225 -8.424999 -8.6 -8.725 -9.05 -9.325 -9.875 -9.7 -9.5 -9.6 -9.45 -9.5 -9.2 -9.5 -9.85 -10.075 -10.35 -10.25 -10.85 -10.75 -10.6 -10.5 -10.475 -10.6 -10.675 -11.1 -11.3 -11.3 -11.2 -11.15 -11.45 -11.725 -12.025 -12.4 -12.4 -12.4 -12.75 -12.8 -12.9 -12.925 -13 -13.2 -13.3 -13.225 -13.3 -13.2 -13.275 -13.4 -13.6 -13.7 -13.7 -13.8 -13.85 -14 -14 -14.2
-6.7 -6.825 -6.5 -6.475 -6.5 -6.6 -6.9 -7.2 -7.3 -7.5 -7.7 -8.05 -7.775 -7.325 -7.425 -7.25 -7.7 -7.95 -7.925 -8.325 -8.5 -8.775 -9.1 -9.4 -9.6 -9.45 -9.3 -9.225 -9 -9.2 -9.525 -9.6 -9.7 -9.875 -10.15 -10.4 -10.3 -10.075 -10.3 -10.3 -10.2 -10.425 -10.675 -10.875 -11.2 -11.1 -11.1 -11.125 -11.4 -11.625 -12.075 -12.3 -12.325 -12.3 -12.4 -12.475 -12.7 -12.9 -12.925 -12.975 -12.95 -13.025 -12.95 -13.05 -13 -13.4 -13.5 -13.6 -13.8 -13.9 -14.075 -14.175 -14.2 -14.2
