Env_Vars/Set_1/100kmsq_pas_final.asc
ncols         290
nrows         380
xllcorner     -2197417.7431653
yllcorner     -584827.01486885
cellsize      10000
NODATA_value  -9999
[rows 245 to 279 of 380, columns 156 to 233 of 290]
89.25 85.25 83.75 82.5 83 82 81.25 82.5 81 83.25 88 90.5 87.75 85.25 83.5 80.5 81 83 86 97 94.75 97.5 94.75 89.25 89 90.75 87 88.25 89 91 93 91 93 93 95 101.5 109.25 115.25 118 120 121.5 125 127.75 127.25 121.75 120.25 119 118 115.25 111.75 111 113 117.75 121 130.5 129.75 145.25 150.5 148.25 123.5 120 119 118 116 117 119 120 119 120 119.5 120 121 121.25 123 125.25 127 130.5 135.75
85 83 81 80.5 81 82 82 81.5 81 80.25 83 84.5 82.75 82 79.5 80 81.5 85.25 89 90.5 93 94.5 97.25 93.25 90.5 89.5 87 87 88.25 89 91.75 90 93.25 96.25 99 103.75 109.5 113.75 116.75 119 120 121 121 122 119 118.5 117 116 112.25 109.75 110.75 120.75 122.25 127.5 138 138.25 143.5 151.5 149.75 124.5 120 119 119 117 118 119 120 118 118.5 118 119.75 119.25 118.25 120 123.5 126 130 136
81.5 79.25 78.5 79.75 80 80.75 82 80.75 81 81 80.75 78.5 76 77 76.5 78.5 77.25 85 88.75 90 91 92.25 95.75 95 94 87.25 86 84.25 85.25 89 88.5 91.5 97.5 100.25 104 105 110 113.25 116 117.5 119 119 119 119.5 117 117 115.75 113.25 112.5 108.75 106.5 119.75 126.25 137 136.25 137 142.5 148.25 151.25 128.75 120 119 119 118 118 119 119 117 118 116.75 117 115.75 118.5 119.25 120 127 131.25 137
78 75.75 74.5 77.5 80 81 83 81.75 82 80 79 73 65.25 70.5 76.5 78 81.25 93.5 91 89 89 92.25 94.5 96 97.5 87 85 82.75 84 86.5 87.75 93.25 99 103.75 102.5 104.25 110 112.75 116 117.75 120 119 117.25 117 116 116 113.75 113 113.5 107.5 102.75 116.75 127 130.25 134.25 138.75 144.75 146 152.75 134 121.75 120 119 118 118 118 118.75 117.5 118 115 116.75 114 115.5 117.5 120 128.25 133.5 137
76.5 72.5 70.5 74.75 79 83 84 84.75 84 81 78.5 71.75 66.25 77 77 78.75 86.5 96.75 91 90 91.25 90.5 92 91.5 90 84.75 83 81.5 83 85 88.75 94.5 99 102.5 102 105.5 113 115 116.75 119 120 119 118 115 115 115 112.75 112.5 113 110.25 106.5 110.25 121.75 126.75 132.5 136 138.75 145.75 156.25 138.75 123 120 119.25 119 119 117.75 117.25 117 116 115 114.75 114 114.5 115 121.25 127.25 134 137
76 73 72 75 79 81.25 86.25 89.25 84.75 81.75 78.5 80.75 86.25 86.75 85 83.5 86 89 86.25 87 89.25 90.5 91 89.5 89 83.5 80.75 82.25 84 86 88 91.5 97.5 101.5 110.5 106.5 111.5 114.5 115.5 119 120 121 117.5 114 114 113 114 111.5 112 112 111 113 118 123.25 130.5 134.25 139.5 145.75 147.75 136.5 125.25 120.25 119 119 119 120.25 118.25 117 116 113.75 113.5 113 112 114.25 118 125.5 133.5 136.5
77 76 75 76 79.5 80 84 82.5 76.75 79.75 81 82 83.5 81.25 81 82 82.25 84.25 85 85.75 89 91 90 89 89.25 82.5 80.25 85.25 84 85 87 88 96 101.5 108.75 105 108 113 114 116.75 119 120.75 116.75 113 113 114 114 113.25 112 113 113 114 115.75 120.75 128 132.25 133.75 138.25 136.5 129 124.75 120 120 120 119 119 119 118 116 114.5 112.5 111.5 110 110.5 115.25 125 131.5 135.5
78.75 78 78 78 79.5 80.25 80 74.75 77.25 82.5 82.5 82 80 79.25 81.75 81 81.5 82 84.5 85.5 89 90 89.25 88 87.5 82 79.5 84.25 84 95.5 86 87.5 90.25 97.25 102 103 106.5 110.5 114 114.75 114.5 118 115.75 113 112 112 115 112.5 113 113.5 114 116 117 119.5 126 126.75 128 127 127 125.25 124 120.75 119.75 119.75 118.75 118 118 117 115.25 114 113 111.25 110 110 116.75 123.5 130.5 136
79 77 76.25 79 80 80 79.5 77.25 81.75 82 80.75 80.75 82.5 82.75 82 84 85 85 86.5 87.25 87 89 90 89.75 87 83 80.25 79.75 84 86.25 86.5 86.25 89 94.25 99.5 101 104.5 109.25 111.25 112.5 113 115 115 114 112 111 113 111.25 113 113.75 115 116 116.25 114.75 125.5 131.75 133 128.25 125.75 123 124 123 121 121 119 118 117 117 116 113.5 112 111.75 110 111.5 116 120.25 129.75 135
79 74.25 82 81 80 78.25 76 76.75 79.75 82.5 80.5 78.25 75.25 78.5 81 83 84 86.75 87.75 89 87.5 87.75 89 89 86.75 85.5 81.25 77.75 84 85 89 86.75 87 90.25 96 98.5 100 107.25 110.25 112.25 110.5 112.75 112.75 111 111 111.5 109.5 110 111.75 114 114 116.75 116.5 119.5 120.75 130.5 133.25 134.25 130 128.5 126.5 126 124 122.5 121 120.5 117 117 115 114 113.5 111 110.75 112 114.5 119.75 126.75 134.5
81.75 79.5 86 82 78 74.75 70.75 74.25 73.5 79.75 82.5 72.75 71 74.75 81.5 84.75 86.75 88 88 88 89.5 90 89.75 89.25 87.75 85 84 81 83 87.25 88 88.25 87 86.25 91.75 98 98.25 104.75 109 111.75 109 109 109 108 109 108.5 108.75 109 109.25 112 114 115.25 116 117.5 126 133 142 140.25 135.5 136.5 136.5 134 137.5 146.75 139.5 120.75 118 116.5 114.75 115 113.25 110.25 111 112.25 115 119.5 125.25 132
84.25 84.75 84 81.75 76.5 73 76.25 78.5 79.5 80.75 74.25 82.75 85.75 85.75 86.5 87.5 87.75 89 89 89 90.25 91 91 90.5 88 86.75 84 83.25 83 85 86 88.75 84.75 87.25 87.75 93 89.5 98.25 103 106.5 106.75 107.5 111 108 106 107 107 108 110 109.75 111.5 114 116 116 127.25 132.5 139.25 136 134.25 139.5 139 138.25 139.25 148.25 133.25 130 117.75 115.25 115 115.75 113 112.5 111 112 114.5 117.5 123 128.75
86 87 86 81.5 76.5 74 77 81 82 84.25 85.5 88 88 88 87 88.25 89 89.75 90.25 90.75 92.5 94.75 94.75 92 90 88 86 82.75 80.5 81.75 86.5 98.75 103.75 95.75 97 96.5 96 95 98.25 104.75 109.75 111 109 105.75 105 104.75 105.25 106 107.5 109 110.5 112.25 114.5 116 126 129 132 129 137.5 141 138.5 137.5 138.25 141.75 144 146.75 121.25 113.5 114 114.25 114.5 112 112 111 113 115.75 121 126.5
87 86.75 86.5 83 80.5 78 79 79.75 84 86 91 90 88 89 89.25 90 89 91 91 92 94.5 97 97 94 91 88.5 86 82.75 77 81.75 86 94.75 106 102 101.75 99.75 98.5 97.75 90.5 106 109 108.25 106.75 101.5 104 102.75 104 105 104.75 107.5 109 111 113 116.5 124.5 126.25 129 130 136 139 138 135.5 137 139 143.5 144.75 143 113.25 113.25 114 113 112.25 112 111 112 114.25 118.5 122.75
86 87 86 84 83 80.75 81 83.25 84 87.5 91 92 90 88 91.5 90 89.5 90 93.5 93 95 99.5 98.75 93 90 89 86 85 83.5 84 85 89.75 95.75 101.25 104 105 103.75 99.5 99.25 105.25 102.25 104.25 107.5 105.5 99.75 97.5 102.5 106 107.25 106 106.75 110.25 110.5 115 120.5 125.75 126 128.75 131.25 132.5 132.75 133.25 136 136.5 137.25 141 144.25 114.5 112 112 111 111 110.75 110.5 111 112.25 115 120
87.25 88 87.75 84.25 83.25 83 83 83.25 78.75 86.5 89 90 90.25 91 92 90.75 91 92 93 95.75 94 94.5 93.5 88.75 86 87 87.5 86 86.75 87.25 86.75 90.5 92 96 102.25 104.75 106 101.5 103.25 104.75 104.75 106 106 103.75 100 102.5 104.25 102.5 106.5 108 105.5 109.75 109.25 112.25 116.5 120.25 125 126 129 128.75 130 131 135 133 133 136.5 139.25 114 110 111 110.5 110.25 110 109 109 111 114 115.75
89.25 90 89 88.5 90 90 87.5 85.75 87.25 88 90.75 89.75 88 91 92 92 93.5 92.25 92 95.5 91 86.25 89 87.5 86 86.75 88 87 88 89 89.25 91.75 93 93.75 101.25 103.75 104.25 106 108.75 112 105.25 109.25 108.5 105.25 99.75 101 105 105 106 108 107 108.5 109 110.75 111 117.5 121.25 123.75 125 126.75 127.5 130 128 128 130.5 134.5 132.5 114.5 109.25 108.75 107 108 108 106.25 107 108.25 110 114
94.5 91 94.25 97 92.75 88.25 89 91.75 90 88 88 88.75 88 90 92 92.75 93.5 90.5 87.25 90 84.5 77.75 85.25 88.25 89.5 91 90 88 88.25 91 92.25 95.5 97.5 96 95 101.25 105 106 108.5 111 110.25 112 111.5 112 110 106 109 106.25 105 107 107 107 108 109 110 110.5 117.75 121 123 123.25 124 127 128.25 126.25 125 122.75 118.25 110.75 108 106 105.75 105.75 105.75 104 104.75 104.5 108 112
102.25 105.5 99.25 92.5 91.5 90.5 91.5 91.75 89.25 87 87 87.5 88 90 93 93 93 91 89.25 89.75 87.5 85.5 87.75 91 93.5 94.75 97.25 91.75 91 91 93 96.5 101 98 95 97.75 101.25 104 107.25 106.5 109.75 112 113 112.25 111 110 105.75 109 109 104.25 106 106.75 107 108.5 109 109.5 113 116.25 119.25 120.75 122 123.5 124.5 120.75 119 116.25 111.5 107 107 105 104 103 103.25 102 100.75 103 104 108
131 110.75 95.5 96 99.25 95 90.25 81.25 80.75 81.5 85.5 87 89 90 92.75 93 93.5 93.75 93.5 92 91 91 92.25 94.25 95.75 97.5 101.5 94 92 92.5 93 94 96.5 93.5 94.25 98 98.75 101.75 105 106 106.25 108 109.75 109 109 111 110.25 114 112.5 111.5 103.75 104.75 106 106.5 108 108 109.25 112.25 116 117 117 117.5 117.25 115.5 116 112.75 109.75 107 108 104.5 102.25 100.5 99.75 100 98 99 101.75 105.75
139.5 109.75 100 103 102.5 87.5 78.25 68.5 68 79.5 86 89 90.5 90.5 92 94 94 95 95.75 93 93 95 97.5 97 93 95 94.5 92.25 91 92 92.75 92 91 88.25 94 96.25 98.5 98.25 101 106 103.5 106.25 109.25 113.5 116.5 116.5 113.25 114 115 113.5 106.25 105.25 107 106 107 108 109.25 107.25 112 112.5 111 112 113.5 114.5 110.75 108.25 104.75 104 105.5 104.75 100 99 99 98.5 97 97.25 98.75 103
130.5 102.75 100.25 107.5 106.25 86.75 74.5 63.5 65.5 78.75 88 89.75 91 91 92 93 94.25 95 94.5 93 93 95 102.75 105 87.75 83.75 86.5 85.25 89.5 93.25 94.5 91 88.75 85.5 85.75 91.75 98 97 97 101 103.25 101.75 107.5 114 117.25 120 116.75 114.75 115 115 113 113 113 111 110 108.75 106 103.75 106.5 105 105 109 106 107.5 105.75 104.5 101.5 101 103 101.75 100 98.5 97.25 98 96 95.25 95 100.25
109 104 106.5 108 100.5 86.75 76.5 79.75 78.5 79.75 87.75 91 92.5 91.5 91 93.25 96 94.5 93.25 91.5 93 90.5 93.5 93 73.75 71.25 82 81.25 86 94 97 95.75 89.25 84.5 85 86 88.75 90 96.25 96.25 100.75 101 101 114 120.25 122.5 122.25 121.25 115 115 112 112.75 113 110 110 106.75 106 102.25 103.75 103.5 99 102.25 104.25 103.5 101.25 101 99.75 100 99.5 100 100 100 98.75 96 96 95 94 99
101.75 103.75 108 104 99.25 91 84 84 85 82 86 90 93.25 90.5 89 91.25 94.75 93 90.75 90 89.25 83 73 76.75 74.5 74.75 82.5 86.5 91.5 101 100 102.25 98.75 87.5 87.75 83.75 84.5 89 93 95 96.25 99 99 102.5 114 122.5 123.5 121 116 114 113 111 111 110 107 106 104.25 101.25 100 100.25 100 102 101 101 101 97.5 97 97.5 97.5 98.75 99 99 97.75 96.25 96 96 97.5 99
97 99.25 101.5 96.25 89 82 81 79 83.25 83 86 88 90 90 90 90 91 89.25 88 88.5 86.5 78.5 69.5 75 80 80.25 85.25 89.25 95.25 102 101 109.5 119 106.5 90.5 83.5 82.75 88.5 91 94 94.75 96.75 98 98.5 100.5 103.5 107.5 109.75 112.25 113 113 110 110 110 107 103 101 100.25 99 97 97.5 97.5 99 100 100 95.25 94 93.5 93.5 95.25 95 92.5 96 96 96 96 97 100
93.75 93 92.5 90.75 86 80.5 77 77.75 80.5 83 84 86 86.25 86.25 87.25 88 87.5 87.25 87.5 86.5 86.5 80.25 75.75 76.25 80 83 86.5 90.5 94.5 99 99.75 113.5 132 123 98 88 86.5 88 90.75 91 92.25 94.5 95.5 96 94.5 98.75 99.75 103 107.25 109 110 109.75 109 107 105 103 100.75 101 98.5 97.25 93.5 95 94.75 96.75 96 94 92 91.75 91.5 93 94 94 96.5 99.75 97 95.5 97.5 101
85.5 82.5 81.5 83 81.75 79 78 73.5 77.5 82 81.5 85 85 84 83.5 86 87 86.75 86 85.5 85 84 84 82.5 82.25 84 86 88.5 91 97.25 99.75 107.5 126 120.5 107 92.75 88.75 89 88.5 89 91 92 93.5 95 96.75 101.5 100 101.25 102 103.25 106 107.25 106.25 105.5 105 102 100 98.75 97 97 93 92 92.5 93.75 93.75 92 91.25 90 90 94.75 92.75 98 99.25 102 102.5 96 97.25 100.5
79.5 75 72.5 73 73.75 74 74 72 69.75 76 79 87 92.25 86.25 84 83.75 82.5 82.5 82 80.5 83 82.5 84 85.75 86 85.5 86 87.25 88.75 88 92 93.75 100 107 99.5 94 91 88.75 88 88.75 91.5 91 91.5 93 98.5 103 97.5 97.75 99.25 100 102 104 103.5 103 101 100 99 99.5 96 97 95 96 96.75 94 93 92 90 92.25 91 91 94.75 96.75 98.75 101 103 100 93 96
73.25 69.75 68 68 68.75 69.5 71 66.5 65.5 66.25 79.5 91.25 91.5 87.5 79.5 75.5 71.75 74 74.5 76.25 81.25 84.25 86 89 87.75 86 86 85 83 79.5 78.5 83.75 91.5 93 94.75 92.5 91 90 90.25 95.25 95.75 91.5 89 91.75 94 97.75 96.75 96 98.5 101 104.75 103.5 97.5 104.5 100 100 98 98.5 96 97 97 96 96 93.75 93 93 91.75 94.75 91 91 91.25 94.5 93.75 97 101.5 103 94 93
67.5 63.75 64.25 65 65.5 63.5 62.25 57.5 58.5 64.75 65 82.25 81.5 76.5 70.25 66.75 65.75 65.75 69 72.75 78.25 85.25 89 91 91 86.75 83.25 83 79 75 74 81.5 88 88 88.75 89.5 90 89 91.5 95.75 95.5 89.5 88 89.5 91 91.75 96 98 98 103.5 111 109.5 102.25 106 99 99 98 97.25 96.5 96.25 96.5 95 93.5 93 93 92.75 91 90.25 88.75 89.5 90 91 93.5 89.5 98 99.75 95.75 90
61.75 60.5 59 58 57.5 57.25 50.25 47.5 52 57.5 62.25 67 62.25 61.25 63.25 63 63.25 61 64.5 65.25 73 81.25 89 99.5 101.25 87.5 81.5 81.75 76.25 73.5 73 81.75 89 86 86.75 84.5 87 87 88.75 89.5 91 88.75 87.75 89 89.5 91 93.25 95.5 96 100 106.5 105.5 103 105.25 97 98 97 97 96 96 96 97.75 97.5 97 94.75 93.25 90 90 89.5 90 90 90 91 92 93.5 95.25 95.75 90
60 56.5 56.5 54 54.25 52.25 46.25 41 48.5 51 50.75 54 49 51 52.75 56 56 56.5 57.5 58.25 63 73 80.75 88.5 91.5 79 76 71.5 73.25 73 73.5 78.75 80.75 82.5 79.75 78.75 80.25 80.25 80.5 82.5 82.5 83.5 84.25 84.25 85.5 85.5 86.5 86.75 91.25 94 95.5 98.5 99.5 102 95 95.5 97 97 94 96.5 107 108 109 108.5 98.25 95 93.75 89 88 88 87.75 87 87.5 88.25 82.5 87.5 92.5 94.75
52.5 54.5 54 52.5 49 48.5 45 41 46.5 50 48.25 47.75 45 45.75 47 50 47.25 45.5 49.75 53.5 54.75 61.75 64.75 68.75 66.5 66 65.5 61.5 63.25 68.5 66.5 72 73 72.75 70.5 71.5 71.5 70.5 71 72.25 72 74 75.75 76.25 77 77 76.5 77.5 79.75 82.75 85.75 84 86.75 91.5 95.5 95.5 91 92 89.5 94 111.5 106.25 104.5 107 102.25 99.5 94 91 86 86 87 87 87 85.5 86 88.5 91.75 89.5
47 50.25 50.5 49.5 48 47 45 42 43 46.75 44.75 47 44 46 48.5 45.5 40.5 34.75 42.25 49.25 49.5 51.25 53.5 56.5 53.5 55.75 55.25 56.75 57.25 58 61 64.25 66 63.5 63.5 65 65.5 66.5 66.25 64.5 65.75 67 68.75 71 71.5 70.5 70 68.25 72.75 77.75 77.25 73.75 75 79 83.5 82.25 80.75 86.5 87.5 86.25 90.25 100.25 98.25 97.5 100 94.5 91.25 91 86.5 85 86.5 86.5 84 82 83 85 88.75 93.5
44 46.25 48 48.75 48.25 47.5 42.75 39.75 39.25 44 44 46 43 45.5 47 43 41.5 40.5 42.5 46 46.5 49 50 51.25 46.25 47.75 51 52.75 55 57.75 55.25 58.75 60.25 58.75 56.75 59 62 62.5 62 61 62.75 65 68 69.5 69 69.75 68 67.75 71.75 74 75.25 72.75 69 73.5 77.75 78.5 79.5 79.75 79.5 79.5 78.5 78 77 79 80 83.5 86.5 87 85 84 83.5 84.5 85 84.25 81.25 80.5 84 91.25
