Env_Vars/Set_1/100kmsq_mar_final.asc
ncols         290
nrows         380
xllcorner     -2197417.7431653
yllcorner     -584827.01486885
cellsize      10000
NODATA_value  -9999
[rows 280 to 314 of 380, columns 158 to 236 of 290]
14.075 14.2 14.25 13.975 14.075 13.9 13.625 13.8 13.8 13.9 13.725 14.1 14 13.75 13.775 14 13.925 14 13.8 13.85 13.575 13.65 13.675 13.725 13.55 13.7 13.475 13.6 13.55 13.6 13.5 13.4 13.325 13.5 13.4 13.175 13.4 13.375 13.2 13.275 13.25 13.3 13.25 13.2 12.8 13 12.9 13 12.9 13 12.9 12.9 12.9 12.9 12.9 12.9 12.8 12.8 12.8 12.825 12.85 12.9 12.75 12.9 12.9 12.9 12.9 12.8 12.9 12.7 12.85 12.75 12.8 12.8 12.8 12.8 12.775 12.7 12.6
14.05 13.75 13.825 13.8 13.8 13.8 13.85 13.6 13.925 13.55 13.825 13.85 13.9 13.925 13.95 13.85 13.85 13.9 13.975 13.925 13.75 13.65 13.6 13.6 13.6 13.725 13.6 13.4 13.375 13.6 13.5 13.3 13.35 13.5 13.3 13.375 13.25 13.4 13.25 13.3 13.15 13.225 13.125 13.125 13.175 13.1 13 13 13 12.85 12.9 12.9 12.9 12.8 12.9 12.9 12.8 12.8 12.8 12.8 12.875 12.9 12.75 12.9 12.9 12.8 12.9 12.8 12.85 12.7 12.775 12.7 12.7 12.7 12.7 12.7 12.8 12.7 12.6
13.95 14.05 13.925 14.1 14.075 13.725 14.1 13.675 14.2 13.875 13.625 13.725 13.9 14.075 13.75 14 13.8 13.9 13.9 13.9 13.9 13.925 13.7 13.625 13.5 13.2 13.65 13.5 13.5 13.425 13.35 13.3 13.4 13.5 13.175 13.525 13.4 13.275 13.3 13.3 13.2 13.1 13.05 13.3 13.1 13.1 13.1 12.45 13 12.9 12.95 12.9 12.9 12.9 12.9 12.925 12.8 12.8 12.8 12.8 12.8 12.9 12.75 12.9 12.8 12.8 12.8 12.8 12.8 12.65 12.8 12.65 12.8 12.7 12.7 12.7 12.7 12.7 12.6
13.9 14.05 13.9 14.1 14.2 13.675 14 13.8 14 14 13.8 13.775 13.8 13.825 13.875 14.05 13.625 13.9 13.825 13.8 13.475 13.8 13.725 13.55 13.6 13.625 13.6 13.35 13.5 13.5 13.4 13.45 13.55 13.475 13.275 13.3 13.325 13.4 13.3 13.3 13.075 13.125 13.15 13.15 13.175 13.125 13.15 13.125 13 12.775 12.8 12.9 12.9 12.9 12.9 12.8 12.9 12.8 12.8 12.8 12.85 12.9 12.7 12.85 12.9 12.8 12.8 12.75 12.8 12.85 12.7 12.7 12.8 12.65 12.7 12.7 12.6 12.7 12.6
13.9 14.075 14 14 14 13.75 14.075 13.8 13.9 13.85 13.85 13.775 13.7 14.05 13.85 13.9 13.9 14 13.85 13.9 13.8 13.7 13.8 13.4 13.6 13.6 13.5 13.425 13.45 13.6 13.475 13.575 13.5 13.5 13.275 13.25 13.4 13.5 13.225 13.4 13.3 13.075 13.2 13.25 13.2 13.2 13.2 13.2 13 13 12.825 12.95 12.9 12.9 12.9 12.9 12.9 12.8 12.8 12.8 12.8 12.9 12.75 12.9 12.8 12.8 12.8 12.725 12.8 12.8 12.8 12.7 12.8 12.7 12.7 12.7 12.7 12.6 12.5
14.1 14 13.825 14 14 13.85 14 13.875 14 13.95 13.725 13.85 13.85 13.8 13.725 13.9 13.9 13.9 13.85 13.75 13.8 13.7 13.725 13.775 13.7 13.65 13.5 13.675 13.7 13.6 13.5 13.6 13.5 13.425 13.45 13.075 13.5 13.475 13.375 13.225 13.275 13.35 13.3 13.125 13.25 13.1 13.125 13 13.2 13 12.9 12.9 12.75 12.825 12.9 12.875 12.9 12.8 12.8 12.8 12.8 12.9 12.7 12.9 12.85 12.8 12.9 12.8 12.8 12.75 12.8 12.7 12.8 12.7 12.7 12.7 12.7 12.6 12.5
13.7 14.075 14 13.85 13.8 14.1 13.95 14.1 13.775 13.675 13.9 13.75 13.9 13.9 13.8 13.4 13.35 13.5 13.7 13.65 13.6 13.6 13.725 13.375 13.4 13.7 13.625 13.375 13.3 13.3 13.25 13.475 13.6 13.4 13.15 13.225 13.425 13.175 13 12.9 13.05 13.2 13.5 12.925 13.325 13.1 13.225 13.1 13.1 13.1 13 13 12.775 12.9 12.9 12.9 12.9 12.875 12.825 12.8 12.8 12.9 12.7 12.9 12.9 12.8 12.9 12.8 12.725 12.725 12.8 12.65 12.8 12.7 12.7 12.7 12.6 12.6 12.5
14.05 14.1 13.975 13.9 13.875 14.55 13.65 14.1 13.825 13.775 13.85 14 13.925 13.725 13.95 13.95 13.775 13.65 14 13.575 13.825 13.625 13.55 13.85 13.775 13.775 13.65 13.625 13.55 13.575 13.25 13.35 13.375 13.025 13.55 13.2 13.4 13.125 13.15 13.4 13.425 13.3 13.475 13.3 13.3 13.1 13.2 13.1 13.1 12.975 13.1 12.9 12.85 12.775 12.9 12.875 12.975 12.9 12.9 12.775 12.9 12.825 12.8 12.9 12.9 12.9 12.9 12.75 12.8 12.6 12.75 12.7 12.8 12.7 12.7 12.7 12.8 12.625 12.5
13.9 13.925 14.1 13.725 14.075 14.275 13.925 14.35 13.95 13.95 13.85 13.8 13.625 13.85 13.775 14 13.8 13.625 13.725 13.6 13.85 13.075 13.475 13.525 13.975 13.6 13.7 13.5 13.625 13.6 13.6 13.45 13.675 13.625 13.3 13.375 13.5 13.25 13.4 13.45 13.25 13.225 13.2 13.15 13.125 13.05 13 13.1 13.1 13.1 13.075 13 13 12.8 12.8 12.8 12.9 12.975 12.9 12.9 12.9 12.75 12.9 12.9 12.9 12.9 12.9 12.8 12.675 12.8 12.725 12.65 12.7 12.7 12.8 12.725 12.8 12.6 12.5
13.725 13.85 14.125 14 13.5 13.85 13.525 13.55 13.55 13.425 13.6 13.775 13.65 13.85 13.8 13.75 13.8 13.875 13.875 13.9 13.4 13.65 13.35 13.55 13.6 13.6 13.825 13.9 13.8 13.825 13.55 13.4 13.4 13.45 13.3 13.45 13.55 13.15 13.5 13.45 13.325 13.375 13.3 13.25 13 13.225 13.1 13.1 13.1 13.1 13.1 13.1 13.025 13.025 12.85 12.8 12.8 12.975 12.9 12.975 12.9 12.9 12.9 12.9 12.8 12.725 12.9 12.9 12.9 12.9 12.8 12.8 12.8 12.8 12.8 12.7 12.7 12.8 12.6
13.8 14.225 13.85 13.725 13.95 13.975 13.9 14 13.475 13.925 13.7 13.9 14.05 13.95 13.9 13.9 13.95 13.65 13.925 13.85 13.6 13.8 13.55 13.825 13.825 13.725 13.775 13.675 13.95 13.6 13.525 13.325 13.675 13.45 13.425 13.575 13.35 13.475 13.5 13.525 13.375 13.15 13.05 13 13.1 13.2 13.075 13.1 13.1 13.15 13.05 13.1 13.05 13.05 13.1 13 12.9 12.65 12.8 13.1 12.9 12.9 12.9 12.9 12.85 12.9 12.8 12.75 12.925 12.725 12.9 12.675 12.775 12.8 12.65 12.8 12.7 12.7 12.7
13.7 14.2 13.675 14.325 14.05 14.275 14.125 13.75 14.1 14 14.075 14 13.95 13.975 13.7 13.775 13.65 13.75 13.9 13.775 13.825 13.475 13.85 13.775 13.675 13.65 13.4 13.6 13.7 13.475 13.5 13.5 13.6 13.425 13.5 13.4 13.425 13.525 13.325 13.15 13.45 13.625 13.375 13.5 13.025 13.075 13.025 13.075 13.1 13 13.1 13.05 13.075 13 12.875 13 13.05 13.2 13 12.9 13.05 12.95 12.9 12.85 12.8 12.8 12.85 12.8 12.9 12.9 12.8 12.675 12.775 12.775 12.7 12.675 12.75 12.75 12.7
14.025 13.875 13.9 13.95 13.6 14.1 14.05 13.9 14 13.95 13.85 13.95 13.925 13.825 13.925 13.8 13.8 13.85 13.8 13.75 13.5 13.675 13.6 13.475 13.925 13.775 13.525 13.75 13.7 13.475 13.7 13.425 13.45 13.625 13.625 13.575 13.375 13.3 13.25 13.475 13.1 13.725 13 13.025 13 13.15 13.25 13.15 13.125 13.125 13.1 13.05 13.025 13.1 13.1 13.025 12.925 13.2 13.05 13.075 12.9 12.8 12.9 12.9 12.9 12.9 12.825 12.8 12.8 12.8 12.8 12.8 12.7 12.85 12.725 12.75 12.7 12.8 12.7
14.275 13.6 14.05 13.75 14 13.925 14 13.875 13.75 13.95 13.85 13.85 13.7 13.675 14.125 13.8 13.7 14.025 13.95 13.7 13.725 13.825 13.7 13.95 13.75 13.675 13.55 13.425 13.575 13.475 13.675 13.725 13.45 13.6 13.325 13.175 13.675 13.7 13.175 13.525 13.575 13.225 13.125 13.075 13.475 12.95 13.2 12.95 13 12.875 12.95 13.125 13.1 13.05 13 12.725 12.975 13.1 12.975 13.1 13.1 13.175 12.95 13 12.9 12.9 12.9 12.8 12.8 12.8 12.75 12.8 12.775 12.8 12.675 12.7 12.75 12.85 12.7
14.15 13.5 14.05 14.075 13.925 13.85 14.075 13.8 13.825 14.025 13.75 13.85 14.1 13.85 14.025 13.8 13.825 14.075 13.8 13.8 13.85 13.7 13.975 13.7 13.875 13.95 13.575 13.75 13.475 13.575 13.65 13.5 13.7 13.6 13.425 13.525 13.65 13.7 13.55 13.8 13.475 13.4 13.5 13.5 13.3 13.3 13.25 13 13.2 13.25 13.225 12.925 13.3 13.25 13.175 13.075 13.1 13.1 12.975 13.1 13.1 13.175 13 13.1 13 13 12.9 12.875 12.8 12.8 12.6 12.7 12.8 12.725 12.8 12.8 12.75 12.85 12.7
14.175 13.675 13.925 14.075 14.05 14.075 13.875 14.3 13.8 13.975 14 13.975 14.1 13.9 13.8 13.875 14.075 14.025 13.825 13.75 13.975 13.8 13.7 13.775 13.85 13.85 13.7 13.325 13.475 13.675 13.55 13.5 13.55 13.5 13 13.275 13.6 13.475 13.525 13.35 13.35 13.25 13.275 13.3 13.25 13.175 13.3 13.325 13.025 13.3 13.1 13.25 13.225 13 13.2 13.25 13.2 13.2 13.1 13.075 13.1 12.95 13.125 13.225 13.075 13.1 12.95 12.775 12.85 12.8 12.725 12.8 12.8 12.7 12.775 12.7 12.8 12.85 12.775
13.925 13.975 14.075 14.075 13.9 14.075 14.125 13.875 14.05 14.4 14 13.75 13.725 13.775 13.75 14.025 14.175 13.85 13.725 14.075 14.075 13.9 13.9 13.7 13.9 13.8 13.45 13.825 13.9 13.65 13.7 13.625 13.325 13.575 13.3 13.475 13.2 13.45 13.45 13.425 13.25 13.325 13.425 13.325 13.425 13.35 13.225 13.2 13 13.1 13.15 13.15 12.9 13.15 13.2 13 13.125 13.15 13.1 13.225 13.2 13.25 13.2 13.1 13.1 13.1 13.05 12.9 12.775 12.9 12.8 12.7 12.7 12.8 12.75 12.7 12.775 12.8 12.7
14.05 13.775 14.025 14.075 13.95 14.2 14.175 14.125 13.875 14.1 14 13.85 13.85 13.85 14 14.05 13.9 14.025 14.075 13.85 13.85 13.6 13.65 13.85 13.9 13.5 13.5 14 13.65 13.675 13.6 13.55 13.55 13.6 13.3 13.6 13.725 13.6 13.55 13.325 13.15 13.325 13.3 13.1 13.25 13.375 13.05 13.1 13.275 13.125 13.3 13.175 13.175 13.275 12.975 13.35 13.3 13.3 13.3 12.975 13.2 13.2 13.2 13.175 13.2 13.2 13 13.1 12.925 12.8 12.8 12.8 12.8 12.7 12.725 12.8 12.6 12.85 12.775
14.1 13.975 14 14 14.1 14 14.1 14.05 14.1 13.95 14 13.85 13.85 14 14 13.9 14.05 14.05 13.85 13.9 13.9 13.975 13.975 13.975 13.9 13.7 13.625 13.6 13.825 13.625 13.65 13.7 13.75 13.725 13.575 13.525 13.6 13.575 13.525 13.525 13.5 13.35 13.2 13.2 13.325 13.45 13.35 13.225 13.3 13.25 13.4 13.225 13.325 13.475 13.35 13.275 13.425 13.4 13.225 13.275 13.1 13.15 13.125 13.1 12.9 13.1 13.15 13.025 13.15 12.875 12.875 12.825 12.825 12.8 12.8 12.8 12.625 12.875 12.7
13.975 14.125 13.95 14.05 14 13.9 14 14.05 14.15 14.1 14.05 14.15 14.05 13.925 14 14 13.925 13.925 14.025 13.95 13.925 14.1 13.775 13.65 13.8 13.75 13.8 13.9 13.825 13.725 13.8 13.7 13.7 13.85 13.175 13.525 13.725 13.7 13.55 13.475 13.4 13.35 13.175 13.225 13.3 13.35 13.6 13.475 13.5 13.375 13.35 13.3 13.4 13.325 13.275 13.425 13.5 13.5 13.5 13.2 13.325 13.2 13.2 13.1 13.25 13.2 13.2 13.075 13 12.9 12.875 12.875 12.9 12.9 12.9 12.9 12.8 12.9 12.8
14.075 14.15 13.875 13.85 14.225 14 14.05 14.1 14.025 13.85 14.025 14.1 14.1 14.05 13.975 14.2 14.175 13.775 14 13.9 13.6 13.45 13.6 14.1 14 13.875 13.7 13.875 13.7 13.7 13.7 13.8 13.75 13.8 13.375 13.425 13.8 13.425 13.45 13.45 13.4 13.325 13.35 13.45 13.5 13.375 13.3 13.4 13.475 13.45 13.35 13.4 13.375 13.5 13.375 13.4 13.575 13.5 13.4 13.4 13.3 13.3 13.275 13.2 13.2 13.1 13.2 13.2 13.2 13 12.9 12.9 13 12.9 12.85 13 12.95 12.9 12.9
13.8 13.95 13.85 14.1 14.1 14.1 14.125 13.9 14.2 14.1 14 14.1 13.75 14 13.875 13.975 13.9 14.15 14.45 13.95 14.05 14.1 13.95 13.75 13.85 13.8 13.975 13.7 13.7 13.775 13.7 13.8 13.8 13.95 13.575 13.65 13.775 13.625 13.525 13.5 13.45 13.525 13.475 13.425 13.575 13.6 13.6 13.45 13.45 13.5 13.3 13.425 13.55 13.3 13.45 13.4 13.4 13.5 13.4 13.325 13.375 13.3 13.275 13.2 13.25 13.35 13.1 13.2 13.2 13.1 13 13 12.875 12.95 13 13 13 13.1 12.9
14.025 14.275 14.3 13.975 14.1 14 14.15 13.9 14.025 14.05 13.85 14.075 13.95 13.8 14.025 13.9 14.15 13.9 14.1 13.85 14.15 13.9 13.975 13.925 13.8 13.825 13.725 13.775 13.75 13.75 13.85 13.8 13.8 13.575 13.6 13.75 13.8 13.6 13.7 13.625 13.5 13.6 13.45 13.325 13.35 13.6 13.6 13.5 13.65 13.55 13.4 13.6 12.8 13.525 13.65 13.425 13.45 13.425 13.3 13.375 13.2 13.225 13.25 13.1 13.325 13.2 13.35 13.175 13.3 13.1 13 13.1 13 13.025 13 13.05 13 13 13.025
14.25 14.225 13.9 14.275 13.9 14.1 14.075 14.2 13.9 14.15 14.025 13.975 13.6 13.975 13.85 14 14.025 13.6 14 13.875 13.875 14 14.05 13.9 13.7 13.85 13.8 13.9 13.7 13.875 14.1 13.9 13.75 13.675 13.7 13.75 13.75 13.7 13.6 13.8 13.8 13.7 13.6 13.75 13.5 13.6 13.5 13.6 13.6 13.7 13.475 13.325 13.325 13.425 13.3 13.375 12.9 13.275 13.575 13.4 13.275 13.3 13.325 13.425 13.25 13.3 13.35 13.3 13.2 13.3 13.125 13.15 12.975 13.1 13.05 13.1 13.1 13.15 13.1
14.075 14.075 14.175 14.1 14.25 14.275 14.1 14.025 14.05 14.125 14.125 13.8 14.075 14.05 14.15 14.2 13.825 13.9 14.425 14.025 14 13.625 14.025 14.05 13.95 13.75 13.85 13.8 13.9 14.125 13.775 13.85 13.9 13.9 13.7 13.7 13.8 13.675 13.425 13.625 13.7 13.7 13.7 13.675 13.75 13.65 13.65 13.575 13.475 13.575 13.6 13.5 13.6 13.6 13.475 13.55 13.45 13.3 13.25 13.4 13.425 13.4 13.4 13.425 13.275 13.3 13.175 13.25 13.3 13.3 13.2 13.2 13.2 13.075 13.1 13.1 13.1 13.1 12.95
14.35 14.2 14.15 14.275 13.75 14.125 14.15 14.175 14.05 14 14.1 14 13.95 14.225 13.9 13.7 14.125 14.05 14.1 14.225 13.775 14 14.025 14.3 13.825 13.925 13.925 13.875 13.925 13.9 13.9 13.6 14.05 14.05 13.825 13.775 13.8 13.7 13.8 13.7 13.675 13.6 13.7 13.8 13.7 13.8 13.75 13.7 13.55 13.7 13.55 13.5 13.5 13.75 13.7 13.525 13.5 13.45 13.575 13.5 13.4 13.4 13.45 13.4 13.5 13.425 13.4 13.3 13.3 13.4 13.2 13.3 13.3 13.3 13.175 13.2 13.125 13.1 13.2
14.15 14.425 14 14 14.225 14.475 14.1 14.325 14 14.225 14.35 13.8 14.325 13.95 13.9 14.15 14.1 13.95 13.925 13.9 13.8 13.85 14.025 14.25 13.625 14.1 14 13.8 13.875 13.925 14.025 13.775 13.85 13.95 13.875 13.75 13.8 13.8 13.7 13.725 13.725 13.575 13.7 13.75 13.525 13.7 13.6 13.65 13.775 13.75 13.675 13.5 13.525 13.45 13.275 13.525 13.4 13.35 13.45 13.625 13.6 13.6 13.5 13.425 13.5 13.375 13.4 13.425 13.425 13.4 13.4 13.3 13.3 13.2 13.275 13.2 13.2 13.2 13.2
13.9 14.15 14.175 14.025 14 14.55 14.075 14.35 14.45 14 14.6 13.975 14.275 13.975 14.325 14.3 14.175 14.025 13.925 14.05 13.85 14.025 13.95 13.95 13.95 13.8 14 14.1 13.925 14.05 13.8 13.9 13.85 14 13.9 13.925 13.875 13.8 13.65 13.7 13.7 13.775 13.8 13.675 13.8 13.8 13.75 13.8 13.6 13.9 13.725 13.8 13.65 13.6 13.5 13.625 13.8 13.45 13.35 13.475 13.4 13.575 13.4 13.525 13.5 13.5 13.325 13.35 13.45 13.45 13.4 13.3 13.35 13.3 13.3 13.1 13.2 13.2 13.2
14.4 14.575 14.3 14.025 14.325 14.175 14.175 14.225 14.1 14.425 14.4 14.2 14.125 14.125 14.3 14.05 14.15 14.1 14 14.1 13.8 14.15 13.85 13.95 13.95 14 13.9 14.1 13.9 13.8 14 13.8 13.9 13.975 13.95 13.9 13.95 13.8 14 13.9 13.8 13.725 13.7 13.8 13.75 13.725 13.875 13.7 13.7 13.6 13.5 13.7 13.5 13.5 13.2 13.65 13.5 13.625 13.4 13.675 13.6 13.55 13.55 13.65 13.6 13.6 13.6 13.5 13.45 13.4 13.5 13.3 13.4 13.3 13.3 13.3 13.25 13.2 13.1
14.325 14.3 14.15 14.425 14.425 14.4 14.3 13.975 14.125 14.275 14.325 14.375 14.1 14.325 13.875 14.15 14.025 14.15 13.975 14.1 13.9 13.925 13.95 13.8 13.925 13.9 14.325 13.9 14 14 13.925 13.9 13.85 14 13.85 13.775 14 13.9 13.9 13.925 13.85 13.725 13.8 13.7 13.725 13.7 13.75 13.825 13.975 13.75 13.725 13.55 13.625 13.775 13.725 13.825 13.55 13.425 13.525 13.725 13.6 13.55 13.575 13.5 13.575 13.5 13.55 13.5 13.5 13.4 13.525 13.35 13.4 13.325 13.3 13.3 13.3 13.275 13.2
14.2 14.375 14.2 14.1 14.45 14.525 14.425 14.1 15 14.55 14.5 14.1 14.525 13.975 14 14.375 14.15 14.05 14.475 14.25 14.175 14.375 14 14.05 13.975 14.125 13.825 13.85 13.9 14.1 13.775 13.9 13.975 13.925 13.925 14 13.85 13.9 13.85 13.8 13.75 13.85 13.8 13.775 13.85 13.65 13.8 13.65 13.55 13.55 13.7 13.575 13.825 13.7 13.825 13.6 13.825 13.525 13.5 13.625 13.6 13.6 13.6 13.7 13.7 13.5 13.5 13.55 13.6 13.5 13.3 13.4 13.4 13.325 13.3 13.3 13.3 13.3 13.3
14.275 14.35 14.2 14.25 14.325 14.1 14.4 14.55 14.6 13.775 14.225 14.1 14.15 14.175 14.5 14.35 14.25 14.225 14.525 14.225 14.05 14.2 13.825 13.9 14.075 14.2 14.225 14.05 14.025 13.775 13.925 13.775 14 14.05 14.275 13.875 13.975 14 13.975 13.8 13.675 13.85 14.075 13.825 13.925 13.95 13.9 13.925 13.875 13.925 13.925 14 13.825 13.8 13.775 13.8 13.8 13.525 13.425 13.7 13.7 13.7 13.8 13.625 13.6 13.65 13.6 13.6 13.6 13.7 13.4 13.4 13.4 13.325 13.4 13.4 13.3 13.35 13.3
14.2 14.2 14.275 14.2 14.8 14.2 14.55 14.6 14.175 13.875 15.1 14.925 13.9 14.375 14.375 14.525 14.425 14.4 14.425 14.125 14.575 14.2 14.1 13.85 13.95 14.25 14.2 14.025 13.85 14.15 14.1 13.75 14.025 14.075 13.8 14.1 14 13.95 14 14.075 13.925 13.875 13.75 13.85 13.775 13.9 14.025 13.9 13.9 13.925 13.85 13.875 13.7 13.8 13.725 13.7 13.8 13.85 13.425 13.65 13.65 13.7 13.8 13.7 13.55 13.675 13.6 13.525 13.65 13.6 13.425 13.5 13.4 13.4 13.375 13.4 13.4 13.35 13.3
14.5 14.125 14.575 14.4 14.5 15 14.6 14.2 14.125 14.6 15.25 15.375 14.15 14.375 14.75 14.8 14.525 14.6 14.6 14.35 14.275 14.325 14.2 14.25 14.4 14.375 14.275 14.1 14 14.075 14 13.975 14.1 14.025 14 13.925 13.95 13.95 13.925 13.775 13.85 14.1 14 13.875 13.75 13.65 13.65 13.85 13.9 13.9 13.75 13.975 13.45 13.925 13.9 13.9 13.725 13.825 14 13.675 13.8 13.675 13.8 13.725 13.625 13.8 13.7 13.7 13.6 13.6 13.5 13.5 13.45 13.5 13.4 13.4 13.4 13.4 13.3
14.225 14.45 14.625 14.325 14.45 14.45 14.3 14.925 15.1 14.525 14.9 14.325 14.325 14.325 14.975 14.725 14.675 14.5 14.375 14.45 14.3 14.4 14.3 14.25 14.35 14.3 14.3 14.1 14.5 14.4 14.05 14.15 14.1 14 14.075 13.9 13.775 13.6 13.775 13.8 13.9 13.95 13.85 13.875 13.975 13.625 13.85 13.95 13.7 14.025 13.7 13.75 13.9 13.75 13.225 13.5 13.6 13.675 13.6 13.925 13.95 13.8 13.8 13.75 13.7 13.675 13.75 13.8 13.7 13.6 13.6 13.6 13.5 13.5 13.5 13.5 13.45 13.4 13.35
