Env_Vars/Set_1/100kmsq_proptree_final.asc.asc.asc
ncols         290
nrows         380
xllcorner     -2197417.7431653
yllcorner     -584827.01486885
cellsize      10000
NODATA_value  -9999
[rows 180 to 209 of 380, columns 204 to 271 of 290]
0.12625 0 0.093125 0.091875 0 0.285625 0.450625 0.73125 0.608125 0.749375 0.65125 0.625 0.68875 0.45625 0.76125 0.84625 0.569375 0.623125 0.896875 0.951875 0.925 0.965 0.964375 0.8025 0.883125 0.929375 0.679375 0.86 0.35375 0.59875 0.75625 0.64125 0.499375 0.733125 0.550625 0.468125 0.70875 0.886875 0.949375 0.523125 0.100625 -9999 -9999 -9999 -9999 -9999 -9999 -9999 -9999 -9999 -9999 -9999 -9999 -9999 -9999 -9999 -9999 -9999 -9999 -9999 -9999 -9999 -9999 -9999 -9999 -9999 -9999 -9999
0.064375 0.073125 0.011875 0.00875 0.111875 0.49875 0.596875 0.674375 0.526875 0.875 0.489375 0.72875 0.581875 0.58125 0.750625 0.8425 0.3475 0.766875 0.87375 0.61 0.575 0.808125 0.395625 0.524375 0.4675 0.460625 0.431875 0.714375 0.74125 0.71875 0.62375 0.486875 0.28625 0.773125 0.59125 0.71375 0.806875 0.4925 0.378125 0.686875 0.216875 -9999 -9999 -9999 -9999 -9999 -9999 -9999 -9999 -9999 -9999 -9999 -9999 -9999 -9999 -9999 -9999 -9999 -9999 -9999 -9999 -9999 -9999 -9999 -9999 -9999 -9999 -9999
0.10875 0.023125 0.01875 0.28125 0.535 0.73625 0.6675 0.661875 0.45375 0.808125 0.5025 0.55875 0.610625 0.721875 0.751875 0.881875 0.721875 0.813125 0.71 0.6275 0.509375 0.43125 0.275625 0.620625 0.270625 0.1525 0.34625 0.449375 0.775625 0.735625 0.7675 0.336875 0.345625 0.46125 0.576875 0.103125 0.436875 0.476875 0.67375 0.975625 0.711875 -9999 -9999 -9999 -9999 -9999 -9999 -9999 -9999 -9999 -9999 -9999 -9999 -9999 -9999 -9999 -9999 -9999 -9999 -9999 -9999 -9999 -9999 -9999 -9999 -9999 -9999 -9999
0.249375 0.055625 0.28125 0.671875 0.735 0.73625 0.580625 0.54125 0.85375 0.818125 0.7475 0.735625 0.656875 0.7775 0.63625 0.76875 0.8475 0.82125 0.848125 0.566875 0.3075 0.163125 0.3175 0.573125 0.408125 0.031875 0.5125 0.75125 0.638125 0.561875 0.531875 0.59625 0.554375 0.655 0.604375 0.11875 0.36625 0.814375 0.9725 0.58 -9999 -9999 -9999 -9999 -9999 -9999 -9999 -9999 -9999 -9999 -9999 -9999 -9999 -9999 -9999 -9999 -9999 -9999 -9999 -9999 -9999 -9999 -9999 -9999 -9999 -9999 -9999 -9999
0.125625 0.003125 0.100625 0.5775 0.73875 0.84 0.403125 0.793125 0.55875 0.500625 0.795625 0.551875 0.47375 0.365 0.506875 0.559375 0.544375 0.659375 0.649375 0.658125 0.58125 0.635 0.44875 0.6575 0.539375 0.000625 0.096875 0.56375 0.526875 0.77 0.46125 0.453125 0.40875 0.42625 0.636875 0.098125 0.77875 0.883125 0.758125 0.385 -9999 -9999 -9999 -9999 -9999 -9999 -9999 -9999 -9999 -9999 -9999 -9999 -9999 -9999 -9999 -9999 -9999 -9999 -9999 -9999 -9999 -9999 -9999 -9999 -9999 -9999 -9999 -9999
0.055625 0.00625 0.00375 0.25125 0.444375 0.71625 0.665625 0.715 0.896875 0.525625 0.723125 0.4875 0.398125 0.450625 0.20875 0.216875 0.699375 0.319375 0.2275 0.44375 0.8625 0.7275 0.746875 0.569375 0.283125 0.015 0.33875 0.714375 0.480625 0.7875 0.405 0.691875 0.633125 0.56625 0.521875 0.458125 0.575 0.7675 0.516875 0.596875 -9999 -9999 -9999 -9999 -9999 -9999 -9999 -9999 -9999 -9999 -9999 -9999 -9999 -9999 -9999 -9999 -9999 -9999 -9999 -9999 -9999 -9999 -9999 -9999 -9999 -9999 -9999 -9999
0.04125 0.07375 0.24125 0.288125 0.236875 0.838125 0.791875 0.608125 0.614375 0.74375 0.751875 0.773125 0.57875 0.239375 0.50375 0.78125 0.903125 0.130625 0.56125 0.92125 0.72625 0.7 0.9 0.725625 0.31 0.300625 0.3225 0.5825 0.745625 0.434375 0.515625 0.761875 0.5125 0.490625 0.41875 0.26 0.71375 0.705625 0.20875 -9999 -9999 -9999 -9999 -9999 -9999 -9999 -9999 -9999 -9999 -9999 -9999 -9999 -9999 -9999 -9999 -9999 -9999 -9999 -9999 -9999 -9999 -9999 -9999 -9999 -9999 -9999 -9999 -9999
0.133125 0.185 0.336875 0.616875 0.843125 0.704375 0.50875 0.340625 0.32625 0.544375 0.41125 0.61125 0.594375 0.67625 0.5125 0.801875 0.839375 0.415625 0.670625 0.8375 0.81875 0.59875 0.54625 0.3925 0.185625 0.41875 0.524375 0.521875 0.500625 0.151875 0.339375 0.303125 0.4525 0.331875 0.41125 0.51375 0.708125 0.504375 0.429375 -9999 -9999 -9999 -9999 -9999 -9999 -9999 -9999 -9999 -9999 -9999 -9999 -9999 -9999 -9999 -9999 -9999 -9999 -9999 -9999 -9999 -9999 -9999 -9999 -9999 -9999 -9999 -9999 -9999
0.276875 0.14375 0.41 0.2675 0.69125 0.594375 0.57625 0.63125 0.6125 0.348125 0.250625 0.6975 0.729375 0.60125 0.244375 0.759375 0.77375 0.770625 0.4925 0.31375 0.478125 0.31875 0.498125 0.20625 0.241875 0.459375 0.580625 0.481875 0.121875 0.25125 0.299375 0.3275 0.65125 0.688125 0.57375 0.295625 0.395 0.860625 -9999 -9999 -9999 -9999 -9999 -9999 -9999 -9999 -9999 -9999 -9999 -9999 -9999 -9999 -9999 -9999 -9999 -9999 -9999 -9999 -9999 -9999 -9999 -9999 -9999 -9999 -9999 -9999 -9999 -9999
0.23 0.15625 0.339375 0.201875 0.31 0.81625 0.729375 0.56125 0.539375 0.695625 0.764375 0.79 0.879375 0.746875 0.411875 0.795625 0.765 0.7575 0.80625 0.4375 0.066875 0.163125 0.159375 0.24875 0.11375 0.709375 0.664375 0.3675 0.433125 0.72125 0.2425 0.5575 0.114375 0.453125 0.650625 0.80125 0.300625 0.691875 -9999 -9999 -9999 -9999 -9999 -9999 -9999 -9999 -9999 -9999 -9999 -9999 -9999 -9999 -9999 -9999 -9999 -9999 -9999 -9999 -9999 -9999 -9999 -9999 -9999 -9999 -9999 -9999 -9999 -9999
0.211875 0.3075 0.538125 0.424375 0.758125 0.758125 0.610625 0.60375 0.64 0.620625 0.401875 0.705625 0.680625 0.853125 0.868125 0.843125 0.734375 0.785 0.560625 0.075625 0.189375 0.615 0.393125 0.18125 0.271875 0.6875 0.463125 0.321875 0.92 0.40875 0.268125 0.529375 0.3875 0.210625 0.504375 0.85875 0.775 0.605 -9999 -9999 -9999 -9999 -9999 -9999 -9999 -9999 -9999 -9999 -9999 -9999 -9999 -9999 -9999 -9999 -9999 -9999 -9999 -9999 -9999 -9999 -9999 -9999 -9999 -9999 -9999 -9999 -9999 -9999
0.333125 0.486875 0.37875 0.614375 0.806875 0.543125 0.42 0.42125 0.720625 0.76375 0.745 0.523125 0.66 0.87125 0.645 0.646875 0.8825 0.55625 0.373125 0.72125 0.630625 0.37 0.20375 0.51375 0.4375 0.310625 0.365 0.259375 0.64125 0.5975 0.183125 0.299375 0.08125 0.209375 0.631875 0.725625 0.708125 0.78875 -9999 -9999 -9999 -9999 -9999 -9999 -9999 -9999 -9999 -9999 -9999 -9999 -9999 -9999 -9999 -9999 -9999 -9999 -9999 -9999 -9999 -9999 -9999 -9999 -9999 -9999 -9999 -9999 -9999 -9999
0.43 0.293125 0.3075 0.4375 0.43625 0.679375 0.691875 0.55625 0.329375 0.680625 0.6775 0.59375 0.75375 0.76875 0.35375 0.26125 0.615 0.695625 0.191875 0.2725 0.56625 0.643125 0.755 0.485 0.36625 0.6075 0.670625 0.535625 0.56125 0.549375 0.071875 0.091875 0.175625 0.324375 0.595 0.620625 0.665 0.525 -9999 -9999 -9999 -9999 -9999 -9999 -9999 -9999 -9999 -9999 -9999 -9999 -9999 -9999 -9999 -9999 -9999 -9999 -9999 -9999 -9999 -9999 -9999 -9999 -9999 -9999 -9999 -9999 -9999 -9999
0.531875 0.063125 0.24625 0.575 0.529375 0.45125 0.71375 0.3475 0.374375 0.811875 0.7575 0.6725 0.84375 0.779375 0.645 0.804375 0.771875 0.845625 0.429375 0.668125 0.60625 0.559375 0.655625 0.424375 0.606875 0.30875 0.335 0.341875 0.20375 0.561875 0.510625 0.30875 0.16625 0.1925 0.43 0.4625 0.479375 0.119375 -9999 -9999 -9999 -9999 -9999 -9999 -9999 -9999 -9999 -9999 -9999 -9999 -9999 -9999 -9999 -9999 -9999 -9999 -9999 -9999 -9999 -9999 -9999 -9999 -9999 -9999 -9999 -9999 -9999 -9999
0.514375 0.395 0.31375 0.589375 0.72 0.489375 0.35125 0.59875 0.76875 0.868125 0.289375 0.596875 0.826875 0.354375 0.29875 0.468125 0.394375 0.88625 0.879375 0.58875 0.729375 0.603125 0.504375 0.563125 0.463125 0.2475 0.575625 0.553125 0.42875 0.685 0.6 0.24 0.61375 0.340625 0.378125 0.36 0.4125 -9999 -9999 -9999 -9999 -9999 -9999 -9999 -9999 -9999 -9999 -9999 -9999 -9999 -9999 -9999 -9999 -9999 -9999 -9999 -9999 -9999 -9999 -9999 -9999 -9999 -9999 -9999 -9999 -9999 -9999 -9999
0.555 0.7625 0.438125 0.303125 0.745 0.2625 0.270625 0.6475 0.563125 0.795 0.333125 0.44375 0.71 0.4725 0.548125 0.3175 0.275625 0.909375 0.68125 0.776875 0.69375 0.65625 0.43875 0.57125 0.3425 0.43625 0.58875 0.49625 0.730625 0.649375 0.745 0.786875 0.850625 0.625625 0.305625 0.77375 0.6975 -9999 -9999 -9999 -9999 -9999 -9999 -9999 -9999 -9999 -9999 -9999 -9999 -9999 -9999 -9999 -9999 -9999 -9999 -9999 -9999 -9999 -9999 -9999 -9999 -9999 -9999 -9999 -9999 -9999 -9999 -9999
0.675 0.5725 0.711875 0.45375 0.543125 0.581875 0.283125 0.625 0.7575 0.80625 0.579375 0.325 0.240625 0.525 0.620625 0.65125 0.53 0.6525 0.385625 0.663125 0.641875 0.494375 0.68625 0.54125 0.514375 0.345 0.510625 0.484375 0.854375 0.784375 0.72625 0.74875 0.430625 0.311875 0.22625 0.39 -9999 -9999 -9999 -9999 -9999 -9999 -9999 -9999 -9999 -9999 -9999 -9999 -9999 -9999 -9999 -9999 -9999 -9999 -9999 -9999 -9999 -9999 -9999 -9999 -9999 -9999 -9999 -9999 -9999 -9999 -9999 -9999
0.39625 0.34125 0.770625 0.78125 0.72125 0.669375 0.37625 0.431875 0.784375 0.784375 0.65625 0.428125 0.56125 0.75375 0.575 0.520625 0.465 0.34 0.268125 0.69875 0.61875 0.659375 0.465 0.403125 0.484375 0.679375 0.705 0.518125 0.798125 0.650625 0.455625 0.550625 0.350625 0.27625 0.348125 0.29125 -9999 -9999 -9999 -9999 -9999 -9999 -9999 -9999 -9999 -9999 -9999 -9999 -9999 -9999 -9999 -9999 -9999 -9999 -9999 -9999 -9999 -9999 -9999 -9999 -9999 -9999 -9999 -9999 -9999 -9999 -9999 -9999
0.350625 0.508125 0.836875 0.638125 0.661875 0.83125 0.7525 0.2975 0.274375 0.699375 0.825 0.32875 0.590625 0.6175 0.698125 0.51 0.303125 0.269375 0.583125 0.45625 0.779375 0.5625 0.626875 0.61875 0.58 0.8275 0.879375 0.553125 0.350625 0.2025 0.366875 0.36 0.350625 0.641875 0.331875 0.13375 -9999 -9999 -9999 -9999 -9999 -9999 -9999 -9999 -9999 -9999 -9999 -9999 -9999 -9999 -9999 -9999 -9999 -9999 -9999 -9999 -9999 -9999 -9999 -9999 -9999 -9999 -9999 -9999 -9999 -9999 -9999 -9999
0.53875 0.473125 0.530625 0.4875 0.879375 0.795 0.651875 0.3375 0.365 0.95625 0.93625 0.84125 0.693125 0.62875 0.510625 0.236875 0.29875 0.36125 0.634375 0.459375 0.524375 0.31625 0.59625 0.768125 0.795 0.90625 0.760625 0.325625 0.134375 0.238125 0.251875 0.34 0.3925 0.459375 0.54875 -9999 -9999 -9999 -9999 -9999 -9999 -9999 -9999 -9999 -9999 -9999 -9999 -9999 -9999 -9999 -9999 -9999 -9999 -9999 -9999 -9999 -9999 -9999 -9999 -9999 -9999 -9999 -9999 -9999 -9999 -9999 -9999 -9999
0.606875 0.378125 0.50625 0.445625 0.645625 0.89125 0.899375 0.90125 0.814375 0.95375 0.9525 0.81875 0.663125 0.715 0.475 0.220625 0.2975 0.4775 0.809375 0.43375 0.503125 0.62 0.74375 0.64875 0.618125 0.5975 0.42125 0.558125 0.785 0.755625 0.5575 0.590625 0.641875 0.81125 0.653125 -9999 -9999 -9999 -9999 -9999 -9999 -9999 -9999 -9999 -9999 -9999 -9999 -9999 -9999 -9999 -9999 -9999 -9999 -9999 -9999 -9999 -9999 -9999 -9999 -9999 -9999 -9999 -9999 -9999 -9999 -9999 -9999 -9999
0.495 0.820625 0.584375 0.575625 0.445625 0.72875 0.773125 0.624375 0.861875 0.505 0.77875 0.665625 0.288125 0.609375 0.56875 0.680625 0.589375 0.67375 0.868125 0.629375 0.52375 0.723125 0.586875 0.668125 0.626875 0.536875 0.4575 0.404375 0.500625 0.62625 0.815 0.79875 0.729375 0.46875 0.464375 -9999 -9999 -9999 -9999 -9999 -9999 -9999 -9999 -9999 -9999 -9999 -9999 -9999 -9999 -9999 -9999 -9999 -9999 -9999 -9999 -9999 -9999 -9999 -9999 -9999 -9999 -9999 -9999 -9999 -9999 -9999 -9999 -9999
0.71125 0.7275 0.623125 0.19875 0.265625 0.565625 0.75125 0.483125 0.686875 0.616875 0.593125 0.625 0.51125 0.850625 0.741875 0.45 0.491875 0.371875 0.698125 0.81125 0.7625 0.448125 0.335625 0.54875 0.799375 0.708125 0.69875 0.67875 0.660625 0.584375 0.846875 0.6525 0.64875 0.641875 -9999 -9999 -9999 -9999 -9999 -9999 -9999 -9999 -9999 -9999 -9999 -9999 -9999 -9999 -9999 -9999 -9999 -9999 -9999 -9999 -9999 -9999 -9999 -9999 -9999 -9999 -9999 -9999 -9999 -9999 -9999 -9999 -9999 -9999
0.905625 0.78375 0.53 0.2675 0.30125 0.435625 0.43625 0.275 0.46875 0.9325 0.6575 0.88125 0.718125 0.886875 0.744375 0.55125 0.12625 0.645625 0.6225 0.828125 0.635625 0.700625 0.668125 0.775 0.54875 0.54625 0.709375 0.855 0.675625 0.8825 0.645625 0.52625 0.688125 0.830625 -9999 -9999 -9999 -9999 -9999 -9999 -9999 -9999 -9999 -9999 -9999 -9999 -9999 -9999 -9999 -9999 -9999 -9999 -9999 -9999 -9999 -9999 -9999 -9999 -9999 -9999 -9999 -9999 -9999 -9999 -9999 -9999 -9999 -9999
0.371875 0.660625 0.631875 0.704375 0.669375 0.9 0.603125 0.601875 0.7925 0.966875 0.80125 0.855 0.865 0.673125 0.315625 0.69 0.385625 0.81625 0.705625 0.59625 0.414375 0.7875 0.93375 0.74 0.5025 0.76875 0.6075 0.63375 0.525 0.39 0.5825 0.77125 0.76375 0.75625 -9999 -9999 -9999 -9999 -9999 -9999 -9999 -9999 -9999 -9999 -9999 -9999 -9999 -9999 -9999 -9999 -9999 -9999 -9999 -9999 -9999 -9999 -9999 -9999 -9999 -9999 -9999 -9999 -9999 -9999 -9999 -9999 -9999 -9999
0.253125 0.635625 0.500625 0.63 0.774375 0.954375 0.700625 0.771875 0.72375 0.82875 0.94875 0.790625 0.6875 0.4825 0.336875 0.7425 0.765625 0.804375 0.653125 0.70125 0.69125 0.5875 0.86125 0.843125 0.85125 0.77 0.6175 0.645 0.4625 0.653125 0.47625 0.920625 0.753125 0.554375 -9999 -9999 -9999 -9999 -9999 -9999 -9999 -9999 -9999 -9999 -9999 -9999 -9999 -9999 -9999 -9999 -9999 -9999 -9999 -9999 -9999 -9999 -9999 -9999 -9999 -9999 -9999 -9999 -9999 -9999 -9999 -9999 -9999 -9999
0.40125 0.66625 0.68 0.29125 0.76625 0.833125 0.665 0.401875 0.678125 0.7875 0.720625 0.865625 0.73625 0.585 0.559375 0.509375 0.67625 0.533125 0.359375 0.5025 0.786875 0.704375 0.775625 0.6725 0.76625 0.819375 0.6125 0.705 0.775 0.646875 0.52625 0.709375 0.530625 -9999 -9999 -9999 -9999 -9999 -9999 -9999 -9999 -9999 -9999 -9999 -9999 -9999 -9999 -9999 -9999 -9999 -9999 -9999 -9999 -9999 -9999 -9999 -9999 -9999 -9999 -9999 -9999 -9999 -9999 -9999 -9999 -9999 -9999 -9999
0.82125 0.78625 0.8525 0.564375 0.7425 0.824375 0.655625 0.523125 0.7825 0.800625 0.616875 0.5325 0.61625 0.914375 0.80125 0.483125 0.41125 0.640625 0.508125 0.689375 0.784375 0.783125 0.8025 0.74375 0.740625 0.725 0.690625 0.68375 0.7425 0.82625 0.87375 0.8 0.40375 -9999 -9999 -9999 -9999 -9999 -9999 -9999 -9999 -9999 -9999 -9999 -9999 -9999 -9999 -9999 -9999 -9999 -9999 -9999 -9999 -9999 -9999 -9999 -9999 -9999 -9999 -9999 -9999 -9999 -9999 -9999 -9999 -9999 -9999 -9999
0.79875 0.838125 0.72375 0.815625 0.680625 0.559375 0.3675 0.335625 0.706875 0.685625 0.761875 0.665625 0.784375 0.9025 0.9 0.900625 0.673125 0.69125 0.836875 0.829375 0.7875 0.810625 0.85 0.845 0.5 0.6325 0.79625 0.6125 0.70625 0.6225 0.608125 0.185625 0.181875 -9999 -9999 -9999 -9999 -9999 -9999 -9999 -9999 -9999 -9999 -9999 -9999 -9999 -9999 -9999 -9999 -9999 -9999 -9999 -9999 -9999 -9999 -9999 -9999 -9999 -9999 -9999 -9999 -9999 -9999 -9999 -9999 -9999 -9999 -9999
0.740625 0.75875 0.75625 0.85125 0.805 0.75875 0.625625 0.734375 0.76375 0.5575 0.59875 0.790625 0.643125 0.876875 0.87125 0.8075 0.5625 0.656875 0.8375 0.738125 0.774375 0.83875 0.854375 0.823125 0.553125 0.591875 0.60625 0.659375 0.703125 0.7 0.164375 0.15875 0.28625 -9999 -9999 -9999 -9999 -9999 -9999 -9999 -9999 -9999 -9999 -9999 -9999 -9999 -9999 -9999 -9999 -9999 -9999 -9999 -9999 -9999 -9999 -9999 -9999 -9999 -9999 -9999 -9999 -9999 -9999 -9999 -9999 -9999 -9999 -9999
