Env_Vars/Set_1/100kmsq_proptree_final.asc.asc.asc
ncols         290
nrows         380
xllcorner     -2197417.7431653
yllcorner     -584827.01486885
cellsize      10000
NODATA_value  -9999
[rows 60 to 89 of 380, columns 68 to 135 of 290]
0.168125 0.03125 0.096875 0.075625 0.214375 0.188125 0.21625 0.344375 0.7725 0.751875 0.646875 0.62375 0.44 0.16875 0.04625 0.555625 0.715625 0.57 0.87625 0.816875 0.82125 0.7575 0.74125 0.670625 0.81625 0.70125 0.90375 0.915625 0.94375 0.803125 0.710625 0.918125 0.788125 0.7825 1 0.90625 0.78125 0.78 0.65125 0.47125 0.3925 0.078125 0.2475 0.36 0.600625 0.75125 0.523125 0.2775 0.44375 0.73125 0.829375 0.755 0.634375 0.200625 0.009375 0.0625 0.010625 0.019375 0.04125 0 0 0 0 0 0 0 0 0
0.083125 0.005 0 0 0.015 0.06375 0.05875 0.12125 0.22 0.539375 0.76125 0.65375 0.696875 0.805625 0.464375 0.120625 0.414375 0.6325 0.6875 0.8625 0.6825 0.841875 0.694375 0.656875 0.61 0.91875 0.804375 0.96125 0.963125 0.945625 0.9675 0.9775 0.98125 0.92125 0.70625 0.945 0.941875 0.928125 0.929375 0.53375 0.67 0.058125 0.30125 0.53 0.636875 0.72 0.564375 0.775 0.37125 0.7375 0.67625 0.68125 0.408125 0.129375 0.05375 0.10375 0.096875 0.0325 0.000625 0.005 0 0 0.0025 0 0 0 0 0
0.0575 0.0575 0.01 0 0.02 0.004375 0.045625 0.090625 0.096875 0.24375 0.42125 0.575625 0.909375 0.89375 0.445625 0.55 0.685625 0.560625 0.7125 0.950625 0.929375 0.72875 0.744375 0.81375 0.56125 0.520625 0.611875 0.915 0.959375 0.889375 0.943125 0.97875 0.99375 0.97625 0.8325 0.893125 0.918125 0.39125 0.449375 0.8375 0.820625 0.49875 0.25 0.463125 0.565 0.64875 0.733125 0.74 0.750625 0.700625 0.855 0.724375 0.104375 0.034375 0.25875 0.615625 0.465 0.070625 0.036875 0 0 0 0 0 0 0 0 0
0.1425 0.133125 0.015 0.01375 0.02125 0.0075 0.0075 0.005 0.089375 0.199375 0.434375 0.65125 0.625 0.675625 0.828125 0.928125 0.72125 0.405 0.585 0.91875 0.36875 0.1425 0.868125 0.649375 0.49375 0.715 0.784375 0.804375 0.93625 0.836875 0.676875 0.95125 0.9975 0.995625 0.983125 0.989375 0.854375 0.263125 0.13375 0.39 0.7625 0.7975 0.80875 0.724375 0.671875 0.548125 0.880625 0.860625 0.796875 0.91 0.94625 0.646875 0.43125 0.135625 0.378125 0.38125 0.366875 0.440625 0.145625 0.0875 0.0175 0.0025 0.00375 0.026875 0.0025 0 0 0
0.18 0.06375 0.001875 0 0 0 0 0 0.0025 0.134375 0.23125 0.66 0.743125 0.773125 0.875625 0.865 0.57875 0.398125 0.381875 0.8025 0.07625 0.30375 0.97125 0.791875 0.274375 0.465 0.363125 0.385625 0.779375 0.39125 0.51625 0.88875 0.95875 0.963125 0.92375 0.9775 0.714375 0.295625 0.183125 0.573125 0.81625 0.895 0.95875 0.7425 0.57875 0.41875 0.424375 0.700625 0.925 0.885625 0.431875 0.106875 0.07 0.050625 0.01 0.065 0.148125 0.165625 0.441875 0.23375 0.05 0.0375 0.01 0.015 0.005625 0 0 0
0.16625 0.07625 0.018125 0 0 0 0 0.00625 0 0.02875 0.17125 0.73375 0.458125 0.645625 0.69375 0.5775 0.705 0.60875 0.69 0.69375 0.24 0.285 0.974375 0.971875 0.728125 0.354375 0.47625 0.909375 0.96625 0.8875 0.11375 0.399375 0.515625 0.196875 0.845 0.735625 0.58875 0.509375 0.82125 0.81125 0.914375 0.92625 0.811875 0.776875 0.6775 0.719375 0.83 0.553125 0.906875 0.73625 0.0725 0.08875 0.016875 0.020625 0.104375 0.065 0.606875 0.135 0.209375 0.046875 0.014375 0.025 0.021875 0.000625 0 0.0225 0.035 0.02875
0.159375 0.1125 0 0 0 0.0025 0.02375 0 0.03375 0.085625 0.015625 0.195 0.53125 0.493125 0.586875 0.615 0.71 0.710625 0.730625 0.625625 0.770625 0.594375 0.854375 0.941875 0.79125 0.454375 0.195 0.885625 0.94625 0.756875 0.78125 0.934375 0.46875 0.018125 0.3275 0.001875 0.261875 0.8375 0.6225 0.808125 0.906875 0.894375 0.78 0.8875 0.65375 0.720625 0.450625 0.45 0.18625 0.82375 0.77375 0.65625 0.471875 0.233125 0.449375 0.59 0.554375 0.03625 0.03625 0 0 0.014375 0.010625 0 0.021875 0.078125 0.061875 0.09
0.069375 0 0.005625 0.011875 0.018125 0.03875 0.0075 0.020625 0.051875 0.03875 0.006875 0.008125 0.208125 0.160625 0.43875 0.689375 0.77625 0.95875 0.946875 0.168125 0.36875 0.53 0.7525 0.93875 0.43625 0.094375 0.6625 0.85875 0.893125 0.396875 0.49125 0.33875 0.6275 0.483125 0.1575 0.26625 0.32875 0.438125 0.301875 0.236875 0.18625 0.225 0.560625 0.366875 0.641875 0.461875 0.169375 0.245625 0.135625 0.106875 0.1975 0.285625 0.276875 0.39875 0.3125 0.050625 0.019375 0.008125 0 0 0 0 0 0 0 0.03625 0.11125 0.2425
0.078125 0.01 0.02625 0.156875 0.11375 0.048125 0.004375 0.083125 0.026875 0.006875 0.0025 0 0.0025 0.0025 0.055625 0.415 0.758125 0.876875 0.90125 0.21 0.14875 0.52375 0.259375 0.4025 0.08125 0.3225 0.845625 0.7775 0.899375 0.386875 0.796875 0.588125 0.3025 0.63375 0.483125 0.89375 0.845 0.86625 0.446875 0.021875 0 0.02 0.021875 0 0.01375 0 0 0 0 0.00125 0.01875 0 0 0 0 0 0 0 0 0 0 0 0 0 0.005625 0.011875 0.33125 0.36125
0.093125 0.0275 0.003125 0.010625 0.00625 0.0125 0.196875 0.026875 0.0125 0 0 0 0 0 0 0.00375 0.3375 0.878125 0.961875 0.794375 0.5925 0.961875 0.645 0.01625 0.109375 0.310625 0.801875 0.845 0.90875 0.888125 0.7925 0.874375 0.7675 0.7675 0.684375 0.569375 0.298125 0.596875 0.341875 0.04125 0.06375 0.723125 0.655 0.015625 0 0 0 0.03125 0 0 0 0.001875 0 0 0 0 0 0 0 0 0 0 0.04 0.093125 0.171875 0.31125 0.24 0.12375
0.0175 0 0.00125 0.016875 0.003125 0.155625 0.125 0.005 0.010625 0 0 0 0 0.015 0.00375 0.1525 0.15875 0.224375 0.734375 0.770625 0.939375 0.940625 0.995 0.364375 0.05875 0.413125 0.894375 0.680625 0.3875 0.894375 0.641875 0.918125 0.92375 0.865625 0.374375 0.00625 0.258125 0.575625 0.135 0.33125 0.405625 0.76125 0.8775 0.63 0.505 0.479375 0.47875 0.06875 0.406875 0.554375 0.24625 0.065 0 0 0 0 0 0 0 0 0.01 0.073125 0.25875 0.33375 0.420625 0.31125 0.07125 0.005
0 0.00375 0.001875 0.034375 0.050625 0.195625 0.020625 0 0 0 0 0 0.005 0 0 0.089375 0.000625 0.004375 0.030625 0.091875 0.7475 0.8575 0.888125 0.86125 0.13625 0.455625 0.6875 0.721875 0.096875 0.868125 0.235 0.829375 0.85875 0.95125 0.226875 0.004375 0.075 0.65875 0.9425 0.886875 0.644375 0.909375 0.796875 0.93375 0.94375 0.99125 0.98625 0.39875 0.8025 0.993125 0.961875 0.901875 0.63875 0.143125 0 0 0 0 0 0.00375 0.068125 0.41625 0.348125 0.631875 0.691875 0.28625 0.0225 0.005625
0.026875 0.000625 0 0.00125 0.028125 0.22125 0.075625 0.051875 0 0 0.0025 0 0.01375 0.0025 0 0.000625 0.038125 0 0.0225 0.225 0.288125 0.52625 0.74125 0.91625 0.888125 0.643125 0.445625 0.51125 0.764375 0.976875 0.6775 0.95375 0.995625 0.81875 0.02375 0.01 0.031875 0.42625 0.906875 0.925 0.734375 0.863125 0.706875 0.29 0.919375 0.97 0.928125 0.71 0.918125 0.34125 0.4925 0.55875 0.83625 0.784375 0.03125 0 0 0 0 0 0.014375 0.073125 0.380625 0.13875 0.169375 0.1125 0.011875 0.01125
0.273125 0.01375 0 0.02875 0.189375 0.235625 0.089375 0.00375 0 0.048125 0.0425 0.003125 0 0.035 0.02875 0 0 0.013125 0.05375 0.00625 0.01875 0.183125 0.5525 0.77375 0.7875 0.8225 0.54 0.110625 0.733125 0.514375 0.546875 0.82625 0.97 0.346875 0.053125 0.07875 0.40625 0.6875 0.889375 0.87625 0.721875 0.755 0.93125 0.406875 0.209375 0.841875 0.939375 0.73875 0.82875 0.58 0.0875 0.36625 0.905 0.825 0.299375 0.01 0 0 0 0 0 0.0125 0.18125 0.25625 0.08 0.029375 0.018125 0.005625
0.07875 0.199375 0.046875 0.019375 0.00125 0.05375 0.13875 0.005 0.020625 0 0 0 0.0225 0.003125 0.038125 0.051875 0.0125 0.044375 0.026875 0 0 0.034375 0.14125 0.84125 0.774375 0.84375 0.86375 0.509375 0.63 0.67125 0.69125 0.39875 0.915625 0.353125 0.06375 0.1425 0.7675 0.833125 0.89125 0.880625 0.930625 0.935625 0.94625 0.85125 0.51875 0.765 0.935 0.981875 0.511875 0.39625 0 0.21375 0.659375 0.935625 0.671875 0.27125 0 0 0 0 0 0 0 0 0.00875 0.034375 0.016875 0.005
0.169375 0.099375 0.130625 0.175625 0.018125 0.0475 0.0675 0 0.0025 0 0 0 0.01 0.025 0.0025 0.083125 0.021875 0 0.08 0 0.003125 0 0.00375 0.190625 0.86 0.893125 0.9475 0.7375 0.57875 0.70625 0.493125 0.780625 0.766875 0.655625 0.16 0.420625 0.835 0.909375 0.94875 0.95125 0.929375 0.87125 0.84125 0.893125 0.568125 0.566875 0.970625 0.885 0.246875 0.801875 0.36 0 0.171875 0.464375 0.45625 0.024375 0 0 0 0 0 0 0 0 0 0 0 0
0.07125 0.154375 0.01875 0.158125 0.003125 0.003125 0.064375 0.00375 0.0125 0.060625 0.018125 0.026875 0.033125 0.009375 0.0575 0.03375 0.15875 0 0.0625 0 0 0 0 0.00375 0.38875 0.79 0.780625 0.835 0.8125 0.688125 0.959375 0.8525 0.995625 0.865625 0.4975 0.938125 0.798125 0.765625 0.754375 0.773125 0.8125 0.805 0.814375 0.838125 0.876875 0.468125 0.975625 0.56875 0.250625 0.49875 0.18 0 0 0 0 0 0 0 0 0 0 0 0 0 0 0 0 0
0.42625 0.286875 0.0375 0.04125 0.05125 0.128125 0.2 0.043125 0 0 0.004375 0.059375 0.000625 0.1525 0.070625 0.020625 0.02125 0 0 0.021875 0 0 0 0.050625 0.02875 0.76625 0.67875 0.81 0.9425 0.6075 0.205625 0.24375 0.9875 0.795 0.3875 0.62375 0.89125 0.7725 0.5025 0.584375 0.89625 0.8525 0.96375 0.955 0.904375 0.374375 0.855 0.596875 0.53125 0.161875 0 0 0 0 0 0 0 0 0 0 0 0 0 0 0 0 0 0
0.21375 0.235 0.165625 0.155 0.040625 0.0125 0.178125 0.170625 0.1325 0 0 0.039375 0.051875 0.1175 0.009375 0.02375 0.025 0.024375 0.0025 0.003125 0.00875 0 0 0.065625 0 0.35625 0.82875 0.608125 0.935625 0.618125 0 0.151875 0.91875 0.7325 0.43125 0 0.814375 0.85625 0.68625 0.731875 0.82625 0.923125 0.995 0.994375 0.958125 0.93625 0.251875 0 0 0 0.000625 0 0 0 0 0 0 0 0 0 0 0 0 0 0 0 0 0
0.201875 0.236875 0.063125 0.105 0.001875 0.01625 0.045625 0.000625 0.103125 0.12125 0.095 0.065625 0.02375 0.064375 0.0075 0.035625 0.0025 0 0 0 0 0 0.01625 0.114375 0.2975 0.180625 0.751875 0.42875 0.56625 0.27375 0.305 0.04625 0.23875 0.80625 0.52875 0.1275 0.750625 0.934375 0.785 0.933125 0.676875 0.643125 0.971875 0.966875 0.985 0.979375 0.2575 0 0 0 0.008125 0 0 0 0 0.034375 0.014375 0 0 0 0.0175 0.466875 0.175625 0.091875 0.000625 0 0 0
0.354375 0.365625 0.2525 0.118125 0.1125 0.08 0.166875 0.061875 0.175 0.271875 0.145 0.006875 0.0025 0.02375 0.0125 0 0 0 0.00375 0.004375 0.001875 0 0.0125 0 0.039375 0.5325 0.7275 0.059375 0.1725 0.249375 0.39125 0.285 0.195625 0.804375 0.869375 0.859375 0.858125 0.87875 0.7825 0.9325 0.548125 0.514375 0.541875 0.63625 0.81375 0.456875 0.01875 0 0 0 0 0 0.00375 0.255 0.676875 0.973125 0.681875 0.11375 0.009375 0.2075 0.466875 0.725 0.650625 0.455 0.40875 0.075625 0.00125 0.1725
0.54125 0.54875 0.22875 0.019375 0.02625 0.110625 0.2025 0.16875 0.054375 0.305625 0.100625 0.043125 0.015625 0.069375 0.0575 0 0 0.004375 0 0 0 0 0.011875 0.00125 0.185 0.1075 0.665 0.52375 0.015 0.046875 0.4075 0.379375 0.731875 0.485 0.66625 0.9525 0.994375 0.921875 0.754375 0.79625 0.8475 0.620625 0.24 0 0 0 0 0 0 0 0 0.27625 0.888125 0.991875 0.996875 0.869375 0.738125 0.358125 0.08375 0.485625 0.959375 0.880625 0.9375 0.929375 0.855625 0.044375 0.300625 0.273125
0.385 0.314375 0.17375 0.108125 0.09875 0.055625 0.055625 0.15 0.23 0.118125 0.121875 0.189375 0.316875 0.32875 0.228125 0.025 0.061875 0.004375 0 0 0.01 0.00125 0 0 0.09125 0.00375 0.38875 0.771875 0.016875 0.01875 0.553125 0.938125 0.829375 0.625 0.601875 0.98125 0.8325 0.72125 0.88 0.823125 0.889375 0.128125 0.383125 0.37375 0.05875 0 0 0 0 0 0.023125 0.661875 1 0.9975 0.89125 0.333125 0.620625 0.106875 0 0.09625 0.68375 0.99 0.765625 0.768125 0.32 0.2125 0.579375 0.549375
0.1775 0.09125 0.125625 0.13625 0.14125 0.09375 0.116875 0.216875 0.08875 0.05625 0.14625 0.148125 0.08 0.04375 0.3225 0.29875 0.17125 0.418125 0.330625 0.161875 0.034375 0.0075 0 0 0.00875 0.024375 0.1875 0.951875 0.070625 0.004375 0.144375 0.070625 0.650625 0.59375 0.68125 0.928125 0.871875 0.555625 0.72125 0.51375 0.576875 0.421875 0.089375 0.474375 0.8125 0.361875 0.04375 0 0 0 0.379375 0.996875 0.8075 0.995 0.94375 0.7875 0.109375 0 0.008125 0.031875 0.193125 0.93375 0.7775 0.84 0.63125 0.72 0.7125 0.668125
0.37625 0.136875 0.49875 0.296875 0.36875 0.163125 0.150625 0.135625 0.0825 0.17625 0.003125 0.01 0.01875 0.08625 0.171875 0.33875 0.0675 0 0 0.046875 0.204375 0.274375 0.01375 0.003125 0.08125 0.096875 0.675 0.95125 0.395 0.060625 0.05625 0.088125 0.760625 0.548125 0.1175 0.2525 0.24 0.245 0.645625 0.648125 0.3575 0.725625 0.148125 0.66875 0.985 1 0.945625 0.200625 0.16 0.35375 0.818125 0.89375 0.69375 0.75875 0.43125 0.02625 0 0 0.605625 0.860625 0.705 0.858125 0.851875 0.68125 0.8975 0.663125 0.66875 0.3425
0.811875 0.703125 0.706875 0.288125 0.07875 0.0825 0.02875 0.206875 0.200625 0.1175 0.010625 0.02 0.09375 0.013125 0.16125 0.319375 0.03375 0 0.00375 0.008125 0.0275 0 0.306875 0.02625 0.23125 0.609375 0.5075 0.460625 0.724375 0.640625 0.448125 0.813125 0.936875 0.470625 0.04625 0.47875 0.290625 0.0875 0.51875 0.659375 0.486875 0.40625 0.45625 0.659375 0.979375 0.970625 0.973125 0.8475 0.771875 0.910625 0.808125 0.576875 0.91125 0.0425 0 0.100625 0.53375 0.78125 0.898125 0.885 0.91 0.58 0.7275 0.7125 0.84 0.8575 0.663125 0.449375
0.75625 0.63375 0.27 0.004375 0.033125 0.063125 0.118125 0.1925 0.105625 0.0425 0.0075 0.005 0.04625 0.03625 0.046875 0.176875 0.1175 0.006875 0 0.0425 0.021875 0.005 0.199375 0.445 0.435 0.629375 0.919375 0.3475 0.41 0.951875 0.43625 0.738125 0.83 0.26 0.321875 0.756875 0.464375 0.185625 0.1625 0.65875 0.264375 0.400625 0.49625 0.41 0.905 0.96 0.893125 0.84625 0.9375 0.908125 0.09875 0.004375 0.121875 0.139375 0.44875 0.92 0.64625 0.89875 0.6 0.421875 0.844375 0.8825 0.86125 0.53875 0.15375 0.393125 0.2975 0.488125
0.666875 0.584375 0.480625 0.28875 0.26875 0.05875 0.0175 0.014375 0.07625 0.0275 0.03125 0.018125 0.009375 0 0.02625 0.04375 0.07 0.021875 0 0.003125 0 0 0.09375 0.026875 0.109375 0.65875 0.676875 0.924375 0.865625 0.885625 0.52625 0.65625 0.450625 0.23375 0.2425 0.5 0.650625 0.5575 0.216875 0.770625 0.40875 0.249375 0.4375 0.493125 0.74125 0.618125 0.14625 0.22875 0.46875 0.754375 0.344375 0.499375 0.86125 0.876875 0.8325 0.993125 0.735 0.55125 0.715625 0.78375 0.931875 0.719375 0.885 0.640625 0 0.218125 0.441875 0.600625
0.694375 0.63625 0.18375 0.228125 0.073125 0.04125 0.1425 0.090625 0.07 0.045625 0.146875 0.08375 0.025625 0.08875 0.13375 0.348125 0.199375 0.07125 0.01875 0.005 0.0025 0 0.033125 0.003125 0.220625 0.490625 0.189375 0.46375 0.9525 0.878125 0.94875 0.85 0.091875 0.05 0.07375 0.228125 0.436875 0.8225 0.656875 0.903125 0.175625 0.215625 0.31875 0.58625 0.369375 0.29875 0.331875 0.035 0.13 0.838125 0.91 0.988125 0.865625 0.651875 0.55625 0.671875 0.9575 0.73625 0.726875 0.7525 0.8625 0.845 0.920625 0.605625 0.103125 0.545625 0.68 0.604375
0.60875 0.200625 0.415625 0.213125 0.034375 0.099375 0.1075 0.335625 0.58875 0.2925 0.42625 0.32125 0.40625 0.235 0.3225 0.15375 0.015 0.011875 0.005625 0.064375 0 0.01375 0.039375 0.034375 0.375 0.43625 0.110625 0 0.633125 0.755 0.864375 0.5475 0.048125 0.03125 0.23875 0.123125 0.535 0.728125 0.916875 0.6475 0.193125 0.555 0.6625 0.425625 0.6475 0.50875 0.630625 0.814375 0.57 0.720625 0.840625 0.981875 0.476875 0.935625 0.86125 0.671875 0.7175 0.843125 0.71625 0.590625 0.9275 0.941875 0.8925 0.455 0.256875 0.5225 0.688125 0.465
