Env_Vars/Set_1/100kmsq_ruggedness_final.asc
ncols         290
nrows         380
xllcorner     -2197417.7431653
yllcorner     -584827.01486885
cellsize      10000
NODATA_value  -9999
[rows 234 to 259 of 380, columns 174 to 231 of 290]
0.0002648526 0.000185193 0.0004146309 0.0001968185 0.00304693 0.0005405496 0.001012895 0.0004861203 0.001409136 0.001609298 0.001514253 0.002499277 0.001027294 0.0007560236 0.0007162218 0.0009736464 0.0008322151 0.0005349544 0.000783104 0.0003188277 0.001194498 0.0003777381 0.0004264605 0.0002298353 0.0003123583 0.0002772979 0.0002553543 0.001262999 0.0005093664 0.0006209551 0.0006157015 0.0001585731 0.0007141649 0.0004179059 0.0005762759 0.0005637467 0.001166602 0.0005100121 0.0003826923 0.00135148 0.0001718068 0.0003663182 0.0003015855 9.123281e-06 0.0001490482 0.0009198955 0 9.535758e-05 0.0001783959 0.0001687502 0.0008243644 0.000356509 0.0003246921 0.0001331334 0 0 0 0
0.0003547556 0.0001700257 0.001195915 0.0002479605 0.0005748182 0.001292783 0.001744474 0.0007244986 0.0006701706 0.00189037 0.0002628706 0.0006017562 0.0008276005 0.0008874494 0.001036153 0.0007112698 0.001002381 0.0006356911 0.001172221 0.0004497423 0.0002267993 0.0009566945 0.0004691293 0.0004657599 0.0001156136 0.000135533 0.0004102362 0.0001520928 0.0002733831 0.0002888404 0.0003289823 0.000585696 0.0003791416 0.0007498992 0.002302928 0.003057682 0.002619411 0.004023141 0.000347271 0.0004483204 0.0008508225 0.0002936909 0.0005043428 0.0001251433 0.0003040806 0.0004792646 0 0.0001203695 0.0001613423 0.0001493104 0.0001690854 0.0004535128 0.0002044806 0.0006568135 0 0 0 0
0.0001037674 0.0003408297 0.0004687188 0.001941155 0.001132919 0.001012301 0.001368001 0.001010257 0.0004846902 0.001269895 0.0002611241 0.0004472146 0.0002622682 0.0002036846 0.0009307007 0.0003947557 0.001243073 0.001186582 0.001405628 0.0004720573 0.0002632643 0.0004345521 0.001229679 0.0004104651 0.001413558 0.0002173129 0.0002753021 0.0007203072 0.0002062374 0.0005701936 0.0003037025 0.000945152 0.001460232 0.002252927 0.001164356 0.0008153191 0.001790505 0.003125936 0.001504415 0.000393866 0.000916089 0.000169158 0.0002024149 0.0003794763 0.0002133087 9.047466e-05 0 0 0.0001424562 0.0001360363 0.0002226093 0.0001760376 0.0002967684 0.0002273604 0.0001006333 0 0 0
0.0001943583 0.0004584456 0.001522133 0.0009180439 0.0009957748 0.0008768714 0.001402805 0.001076989 0.001386912 0.001053545 0.0002720129 0.0002415986 0.0001709552 0.0001479261 0.0004470042 0.0002815331 0.001236169 0.0002020473 0.0003091727 0.0007411111 0.001877032 0.00214657 0.002422269 0.001208852 0.001367891 0.0004169747 0.0003685616 0.0006841483 0.0004080392 0.0005706994 0.001375351 0.002483736 0.0007927979 0.00141273 0.001575118 0.00101647 0.001478569 0.003074076 0.001405472 0.0002725437 3.649312e-05 0.0003210891 0.0008064586 0.0003081386 0.0003103224 0.001101642 0 0 0.0001128585 0.0001650497 8.883359e-05 0.0001423102 0.0001773575 0.0003103571 0.0002500681 0.0001633075 0 0
0.0002758988 0.001469994 0.0002993913 0.0004250922 0.0009500359 0.0005444644 0.0004388553 0.001216065 0.0004446935 0.000615004 0.0001876185 0.0003809991 0.0005651351 0.0003177368 0.0002328191 0.001054246 0.001331597 0.0001145062 0.0001166748 0.0002463752 0.0006405563 0.0006304327 0.0008289042 0.001172394 0.001108044 0.003071413 0.002134049 0.002661463 0.002254905 0.002548284 0.004492984 0.002106862 0.0006719982 0.001301616 0.001886699 0.001411531 0.001044003 0.001604477 0.0006502034 0.0001549162 0.0006295097 0.000673758 0.0002336404 2.736984e-05 0.0001681111 0.0001613632 0.0009646537 1.368492e-05 0.0001890496 0.0002366645 0.0001352099 0.0002973176 0.0001627564 0.0003034834 0.000191472 0.000196913 7.143528e-05 0
0.000461956 0.0006937869 0.0007340634 0.0005004751 0.0006595837 0.001059125 0.001034612 0.0004906029 0.0008631608 0.0004849311 0.0001479057 0.0001940376 0.0004224643 0.0001564015 0.0003923548 0.0006496649 0.0003763216 0.0003198036 0.0002091628 0.0001578215 0.0006512199 0.0006982841 0.001604488 0.000408755 0.0007499978 0.003645864 0.0005998798 0.002311607 0.0002470995 0.0004404841 0.001597536 0.001487219 0.0004432241 0.0006207639 0.002211618 0.0007757128 0.0009879463 0.001959425 0.0005369427 0.0002453339 0.0007395903 0.0008428909 0.0001433989 0.000285686 0.0001523401 2.531994e-05 9.008199e-05 8.57478e-05 0.0001928224 0.0001656982 0.0001579162 0.0004718811 0.0003506665 0.0003120988 0.000500036 0.0002053909 0.0001490748 0
0.0009920751 0.0008446587 0.0005190043 0.0003005909 0.0009627377 0.0005879519 0.0008009745 0.0004099272 0.001502113 0.0002570179 0.0003365706 0.0006181292 0.0001334448 0.0002255804 0.0002441838 0.0002161408 0.000262617 0.0001793901 0.0001750856 0.0001384064 0.0002540551 0.001385113 0.001112007 0.0002914964 0.0009431696 0.001050081 0.0004192832 0.003000771 0.0001685517 0.0009159176 0.00119183 0.001364437 0.0003835004 0.000515316 0.001549795 0.001935812 0.002702182 0.000670529 0.001100797 0.0003689011 0.0005737289 0.000860567 0.0002061377 0.000180346 0.0001389786 0 0.0001005237 0.0001813363 0.0001555172 0.0001731492 0.0001119251 7.617524e-05 0.0003052418 0.0001636717 0.0002125348 0.0002628448 0.0001705269 0.0001440776
0.0003379345 0.0002166459 0.0004544363 0.0006680598 0.0006329907 0.000529433 0.0003757043 0.0002963697 0.001425061 0.0004413738 0.0002741846 0.0001940273 0.0004639763 0.0002403133 0.0002096182 0.0001576489 0.0001660858 0.0001810303 0.000141132 0.000124891 0.0001527852 0.0008731688 0.0006198908 0.0007368631 0.0005445727 0.0006988709 0.0005599158 0.000822363 0.0004048495 0.0002492587 0.001029679 0.0005548511 0.0008714945 0.0009725446 0.0008944263 0.0006460554 0.000732298 0.0007752594 0.0004712909 0.0002452537 0.0002672999 0.0004519855 0.0004198354 0.0004577739 7.484952e-05 0 0.0001010222 0.0004897967 0.0001217071 0.0001894645 0 9.123281e-06 0.0002004107 0.0001553971 0.0001684584 0.000181118 0.0004429067 0.0001599242
0.0007315659 0.0003165375 0.0005229312 0.0002297305 0.0008538344 0.0008739629 0.0007902975 0.0007536383 0.0002698053 0.000305119 0.0002499683 0.0002304412 0.0002710446 0.0003270857 0.0001225922 0.0002089383 0.0001473999 0.0001739016 0.0001252905 0.0001372204 0.0001871812 0.0002983365 0.0005115855 0.0002809988 0.0001907266 0.0002995167 0.001358104 0.001006252 0.0003583392 0.0003182841 0.0005048232 0.002392662 0.002094597 0.0003796419 0.000525757 0.001030104 0.0005137681 0.0006195492 0.0003640816 0.0004022266 0.0005432258 0.000218154 0.0002902922 0.0007855209 0.0002416995 0 7.140772e-05 0.0002395479 0.0001219893 0.0002026553 7.365555e-05 8.190406e-05 0.0001320954 0.0001591223 0.0001690542 0.0001654847 0.0005393444 0.0001963103
0.0005607808 0.0006853025 0.0004418855 0.0001703234 0.0002926956 0.0005237469 0.0005477294 0.0008503053 0.000443927 0.000276594 0.0003340251 0.0003404045 0.0003059608 0.0001921981 0.0001510382 8.84523e-05 0.000161507 0.0001404895 0.0002460025 0.0001896877 0.0001453745 0.0003993228 0.0002798885 0.0003331699 0.0001575635 0.0004101395 0.0006940492 0.0003736486 0.0003481999 0.0004068338 0.0003919652 0.005212601 0.0005470014 0.0009222867 0.005981263 0.001327039 0.0004293186 0.0009930985 0.001752908 0.002212338 0.003372058 0.0005327048 0.0002469782 0.0003524501 0.0001887934 0.0001268321 3.079536e-05 0.0001273518 0.0003194986 0.0002229456 0.0001919914 0.0001884288 0.0002109703 0.0007305618 0.0002655918 0.0002717852 0.0004915395 0.000289174
0.000487284 0.002805289 0.0008964337 0.0008176278 0.0003600219 0.0006156673 0.0008193123 0.0006544349 0.0003953321 0.0001741227 0.0003075493 0.0002549017 0.0001774301 0.000149318 0.0001455588 0 0.0001491016 0.0001509178 0.000388284 0.0002067058 9.798657e-05 0.0001599829 0.0003328015 0.0002143494 0.0002051153 0.0004351585 0.0006419156 0.0002777473 0.001406872 0.0003300211 0.00029804 0.0007970957 0.00208258 0.0008963287 0.002435211 0.0005412098 0.0006250201 0.001090193 0.001894632 0.0006553784 0.003123734 0.0009072105 0.000212175 0.0002736259 0.0002063963 6.646864e-05 0 0.0001149379 0.0001824617 0.0001299523 0.0001678265 0.0001861797 0.0002477457 0.0001525523 0.0001484496 0.0001465786 0.0001335814 0.0002736088
0.001563442 0.001117941 0.0007089514 0.000953202 0.001751389 0.001299123 0.0005585852 0.003372455 0.001301715 0.0002817845 0.0002739545 0.0001192807 0.0001550894 0.0001524934 0.0001416533 0.0003591359 0.000639693 0.0004571889 0.0002867972 0.0001939368 0.000171516 0.0001451798 0.0001769509 0.0003259209 0.0001890485 0.0003018064 0.0001888416 0.0002762305 0.0005884346 0.0002259443 0.0003373435 0.001110638 0.0003915971 0.0009393573 0.0008825308 0.001511422 0.001658938 0.00518454 0.001372477 0.001826315 0.00286806 0.0009138106 0.0002077101 0.0002437551 0.0003347238 0.0002065269 5.374865e-05 0.0001442429 0.0001593847 0.0001702012 0.0001806966 0.0002002364 0.0001926008 0.0002187921 0.0001711531 0.0002002897 0.000185903 0.0001484199
0.0006530915 0.0003998824 0.0003409921 0.0009160871 0.001450105 0.001168592 0.0008188189 0.0002299123 0.0003382748 0.0003617347 0.0002221267 0.0002467834 0.0001461735 0.0001874743 0.0002800842 0.0007965505 0.0005343193 0.000590616 0.0002971133 0.0004180851 0.0002899817 0.0002165064 0.0001817971 0.0003594136 0.0002843952 0.0004698882 0.000315626 0.0002041499 0.0003280322 0.0002544665 0.00162245 0.0006288711 0.001338205 0.001853919 0.00109009 0.0009017342 0.001270804 0.001215877 0.0007855257 0.002023146 0.001242378 0.001614103 0.0003560899 0.0002643274 0.0001788161 0.0002909342 9.123281e-06 0.0001322814 0.0001357628 3.852609e-05 0.0001751666 0.0001759291 0.0002336406 0.000149031 0.0002914961 0.0002195696 0.00011911 0.0003156232
0.0003166654 0.001135361 0.0007496959 0.0007735069 0.00165511 0.0008692128 0.0007602311 0.0002822959 0.0003668101 0.0001939037 0.0002981907 0.0002838397 0.0001517855 0.0005289987 0.0006617729 0.001005764 0.0002491894 0.0003026264 0.0002245138 0.0003026951 0.0003338793 0.0005195916 0.0004191542 0.0003389991 0.0003680677 0.0001956919 0.0001998237 0.0001946748 0.000256268 0.001014376 0.001131485 0.000208031 0.0007291505 0.0009454727 0.0007098818 0.001077758 0.002690234 0.001007756 0.001015569 0.0007719324 0.001287224 0.001439232 0.000249251 0.0001989162 0.0001888789 0.0002384829 7.270524e-05 0 0.0001230806 6.334887e-06 6.476518e-05 0.0002680273 0.0002463978 8.724626e-05 0.0004731505 0.0002688993 0.0001159447 0.0003111593
0.0002958688 0.0003382494 0.0006050981 0.000335198 0.002015497 0.0007799969 0.0008067224 0.001794039 0.0002222546 0.0001049173 0.0002372819 0.0002407213 0.000257882 0.0004256952 0.0003149915 0.001554391 0.0003515629 0.0003735009 0.0002963764 0.0004051414 0.0003085939 0.0005949751 0.0002538173 0.0004388565 0.0002418374 0.001311248 0.0002284578 0.0001550196 0.0004654895 0.0007474235 0.0003569634 0.0006098397 0.0004480161 0.002542467 0.004692848 0.0009124605 0.001240592 0.002964138 0.001044197 0.0009193901 0.001335784 0.001507709 0.0003122128 0.0001907447 0.0001538601 0.0002267496 0.0001722019 0.0001015092 0.0001387131 0.0001764746 0.0001549858 6.006009e-05 7.846012e-05 5.556473e-05 0.0001089437 0.0001377532 0.0004308159 0.0001708821
0.0005240454 0.0005657651 0.001430789 0.0001585218 0.001383588 0.0006329335 0.0008411394 0.00152368 0.0002906653 0.0001799059 0.0003376672 0.0006051381 0.0003076946 0.0004292322 0.0003724789 0.001436396 0.0003753653 0.0004566675 0.0006354712 0.000470545 0.0004816199 0.0003307634 0.000474384 0.0008231456 0.0005428254 0.0006049743 0.0003277959 0.0001272148 0.000534452 0.0008603249 0.0006539176 0.0005211122 0.0007073383 0.002197029 0.00159062 0.0006641438 0.003957666 0.001248312 0.0009967404 0.00112809 0.002532988 0.002429551 0.0002280846 0.0001859859 0.0001573371 0.0003611474 0.00015145 0.0001266887 0.000147433 0.0001365853 0.0001120974 0.0001329145 1.089653e-05 5.604433e-05 0.0001410539 0.0001862577 0.0007285626 0.0001945839
0.0004591401 0.0001911685 0.0006950665 0.0001311163 0.0003638435 0.0004234856 0.0004687794 0.000559043 0.0008214337 0.000278172 0.0003066254 0.000272086 0.0002398157 0.000581975 0.0004426744 0.001128582 0.001531427 0.0005438012 0.001023647 0.001198622 0.0005049329 0.0006794381 0.0008947638 0.0005308797 0.001056101 0.0003440629 0.0009302332 0.0001706091 0.0002264319 0.0003511849 0.0004164168 0.0001159517 0.001024272 0.003590045 0.0009583576 0.001580861 0.001366757 0.0009741255 0.001936761 0.003485691 0.0008441027 0.001076654 0.0004519334 0.0002001036 0.0001815668 0.0002843572 0 9.369594e-05 0.0001658476 0.0001916581 0.0001349685 0.0001385766 0 8.470121e-05 0.0001485138 0.0001315045 0.0002747868 0.0002079404
0.0002762864 0.0004387381 0.0007964355 0.0004210557 0.0004555109 0.0003773825 0.0004378165 0.0004331887 0.0001575439 0.0006325028 0.0003799929 0.0009949717 0.0004398799 0.0004493115 0.001215694 0.001395623 0.0007411185 0.0006897957 0.0004470602 0.0008378124 0.001502468 0.001539717 0.0001661645 0.0002423497 0.0004742666 0.0004610815 0.0002404766 0.0006274147 0.000213059 0.0003949215 0.0003176405 0.0001601476 0.0002468116 0.0005821002 0.004050772 0.002283645 0.002428015 0.001125075 0.001310826 0.0008752844 0.0008760717 0.0006252404 0.0003087465 0.0003247731 0.000142372 0.0001877071 7.364718e-05 6.896094e-05 9.70699e-05 0.0001544412 0.000151667 0.0001458208 4.516006e-05 0 8.727198e-05 0.0001557795 0.0001799923 0.0001382617
0.001620681 0.0008580569 0.0008423512 0.0009820593 0.0005369937 0.0007386738 0.0002836037 0.0004377132 0.0001407491 0.0006136389 0.0006114742 0.001837124 0.0007789912 0.0003034926 0.0005180432 0.00119017 0.0007480113 0.000686003 0.0003238557 0.0008088776 0.0008448585 0.0009308142 0.0003970588 0.0002271993 0.0006883837 0.0005212857 0.0001722819 0.0002076876 0.0004956096 0.0004468364 0.0001296772 0.0004032065 0.0001131082 0.0001172664 0.0004187216 0.00292594 0.001171575 0.003289184 0.001042389 0.001279442 0.0005754314 0.0003320457 0.0004021286 0.000595208 0.0003753097 0.0002868078 0.0001370273 0 7.792648e-05 0.0001256184 0.000167617 0.0001576177 0.0001630978 0.0002327196 0 0.0001430171 0.0002080328 0.0001677883
0.001283881 0.00125993 0.0009228888 0.0008564276 0.001411339 0.001668568 0.0004182184 0.0005447704 0.0002258031 0.0003481488 0.0003338474 0.0005562295 0.0003977531 0.0004258251 0.0007758743 0.001067265 0.0008057264 0.001235841 0.000459231 0.0002943253 0.0005210453 0.0002062153 0.0002791371 0.0003999325 0.0003385043 0.0002521134 0.0003775963 0.0002164549 0.0004102348 0.0003329918 0.000109776 0.0004208786 0.0001074322 0.0001492063 0.0002580366 0.004809805 0.00505797 0.0009611824 0.0006623706 0.0008599499 0.0003591503 0.0002319314 0.0007947117 0.0007048724 0.0002241384 0.000200377 0.0001800196 0.000130674 0.0001377287 0.0001750541 0.0001484008 0.0001359054 0.0005094822 0.0001931648 9.151833e-05 7.343513e-05 0.0001946963 0.000160299
0.0002915506 0.0007933717 0.001187943 0.002096083 0.0004813388 0.001576222 0.001695847 0.0003007246 0.0002146866 0.0003323644 0.0002158944 0.0002638534 0.0001850692 0.0002678409 0.0001989178 0.0006086304 0.0002655939 0.0002583558 0.002057841 0.0005779081 0.0004092293 0.0002700694 0.0009472767 0.0005187324 0.0004263565 0.0005218994 0.0002219825 0.0001555204 0.000205026 0.0002871141 0.0001749485 0.001253348 0.0003249944 0.0001811715 0.0002955421 0.001047179 0.00535555 0.0008951218 0.002242531 0.001428716 0.001283856 0.001112317 0.000744716 0.0009981232 0.001189801 0.001012235 0.0004149567 0.0002752842 0.000250565 0.0003177005 0.0003893586 0.0001699783 0.0001699213 0.0002596726 0.0001184443 0.0001589714 0.0001752335 0.0001892761
0.0002709204 0.0003601084 0.0004389619 0.0005073968 0.003419389 0.0006412774 0.0009913705 0.001852351 0.0004646058 0.0005159091 0.0006002043 0.0003766544 0.0003263405 0.001018078 0.0005150549 0.001654494 0.0006636044 0.0002824388 0.000642505 0.0007058637 0.0008172297 0.0005031131 0.0006015059 0.0004154402 0.00055395 0.0002382979 0.0003261539 0.0003601524 0.0001605143 0.0002024474 0.00012831 0.0003977574 0.0001712903 0.0001494426 0.0001933196 0.003631551 0.003475628 0.0005657766 0.0009279386 0.003521305 0.003507206 0.0006644178 0.001498841 0.001966916 0.001405879 0.002481861 0.005308279 0.000673935 0.0002406068 0.0001572772 0.0003200889 0.0001444239 0.0001695083 0.0003166031 9.724936e-05 0.0001378367 0.00014304 0.0001515291
0.0005189022 0.000709746 0.0003766815 0.0001563888 0.0006658084 0.001634433 0.003163961 0.0002675998 0.002114111 0.001828566 0.00134956 0.003203653 0.004910739 0.002597847 0.005062946 0.006074438 0.004696879 0.004038084 0.004132798 0.002137111 0.0007433663 0.0003663925 0.0001717762 0.0005705134 0.000223486 0.0003537149 0.000314391 0.0003620565 0.0006040759 0.0002008682 0.0001255276 0.0005266385 0.0001658132 0.0001715667 0.0002513279 0.004751783 0.001133535 0.0005956941 0.0008818457 0.001402768 0.002968635 0.001355831 0.0008873396 0.0008521311 0.0007055765 0.002390073 0.002126528 0.003451347 0.0004775792 0.0002492814 0.0003906889 0.0002010797 0.0001937901 0.0007405146 1.539768e-05 0 6.293235e-05 0.0001781111
0.001693134 0.0006788539 0.0003924046 0.0005903015 0.0002361506 0.000171145 0.004484153 0.001759207 0.0002937157 0.0006430997 0.001285931 0.003911397 0.001180372 0.0004639536 0.0004027718 0.0005736991 0.000284585 0.0004099915 0.001424972 0.001998583 0.001200984 0.002210739 0.00112051 0.0001670895 0.0005886587 0.0009924299 0.0004979761 0.0001405688 0.0004973092 0.0004332562 0.0004797312 0.0002400294 0.00116375 0.0003078589 0.0001679853 0.003957144 0.0004970316 0.0002947579 0.0005490171 0.001729458 0.001311235 0.001404052 0.0008528579 0.0008338875 0.0009830694 0.001586806 0.0009787267 0.00376022 0.002169856 0.0001676287 0.000162613 0.0001461865 0.0001367357 0.000543621 0.000193816 0 0 4.830369e-05
0.001562155 0.0004011906 0.000299087 0.0003491985 0.0001920206 0.0001318357 0.0003265363 0.002300214 0.003663292 0.001659223 0.0008554237 0.00178447 0.0009669366 0.0005320649 0.0004475133 0.0008664328 0.001052507 0.0002725811 0.0007206489 0.0007999776 0.006729521 0.001566088 0.0004578004 0.0008172004 0.002822472 0.007675456 0.002921753 0.0003884877 0.0002331148 0.0003713366 0.0007094618 0.001730791 0.0008854666 0.0006418619 0.0003064598 0.003398048 0.001548209 0.0003942858 0.0003272315 0.002323832 0.0008636824 0.0009073123 0.0008929982 0.001401766 0.001653935 0.00116985 0.001325015 0.0006716317 0.002920421 0.0004445615 0.0001442889 0.0001422226 0.0001636757 0.0002797091 0.0001971299 5.392671e-05 0 0
0.001884162 0.001778141 0.0004173663 0.001074781 0.0007569849 0.0001877756 0.0003803429 0.0003484793 0.00079656 0.001162649 0.0002775402 0.001114852 0.0003890502 0.0004411033 0.0004146256 0.0005624131 0.0008243844 0.000278402 0.000357225 0.0003867989 0.001279534 0.002094749 0.005977188 0.003901924 0.002636053 0.0004019169 0.003400839 0.006268676 0.004968108 0.002153506 0.003513167 0.005095238 0.002233255 0.003077698 0.0004724083 0.002367719 0.002790195 0.00063547 0.0002635813 0.00319558 0.0005082164 0.0005472103 0.0006054197 0.001548249 0.001155322 0.0009607784 0.001249872 0.001517741 0.002416806 0.0008436174 0.0001900236 8.406497e-05 0.0001302803 0.0001690798 0.0002649619 0.0001389706 0 0
