Env_Vars/Set_1/100kmsq_ruggedness_final.asc
ncols         290
nrows         380
xllcorner     -2197417.7431653
yllcorner     -584827.01486885
cellsize      10000
NODATA_value  -9999
[rows 52 to 77 of 380, columns 0 to 57 of 290]
-9999 -9999 -9999 -9999 -9999 -9999 -9999 -9999 -9999 -9999 -9999 -9999 -9999 -9999 -9999 -9999 -9999 -9999 -9999 -9999 -9999 -9999 -9999 -9999 -9999 -9999 -9999 -9999 0.02592017 0.01913823 0.02339945 0.01433901 0.02816517 0.01098644 0.01400534 0.02737987 0.0249964 0.03574057 0.0425967 0.03767091 0.0420252 0.04125885 0.03069998 0.01444828 0.006099689 0.007881638 0.009241207 0.01627245 0.01898155 0.01128686 0.005595312 0.02105507 0.01358487 0.02323212 0.01614603 0.02732543 0.01418682 0.01466164
-9999 -9999 -9999 -9999 -9999 -9999 -9999 -9999 -9999 -9999 -9999 -9999 -9999 -9999 -9999 -9999 -9999 -9999 -9999 -9999 -9999 -9999 -9999 -9999 -9999 -9999 -9999 -9999 0.02162056 0.02522571 0.03062262 0.04057155 0.01970213 0.01909184 0.02590358 0.02626729 0.04155839 0.03611884 0.04255242 0.03299896 0.04081969 0.03557952 0.03942781 0.01975965 0.02182635 0.008640541 0.02745028 0.02959269 0.02067474 0.02778018 0.005569334 0.007379745 0.02698952 0.0285041 0.01647925 0.01092807 0.01896352 0.01543008
-9999 -9999 -9999 -9999 -9999 -9999 -9999 -9999 -9999 -9999 -9999 -9999 -9999 -9999 -9999 -9999 -9999 -9999 -9999 -9999 -9999 -9999 -9999 -9999 -9999 -9999 -9999 0.02307721 0.01871368 0.02014713 0.02650921 0.01635335 0.02119491 0.02118796 0.02529372 0.03351505 0.03632831 0.03880474 0.0337617 0.02984358 0.03880383 0.04096743 0.02961606 0.01206895 0.006953225 0.01496541 0.02122465 0.05047844 0.0292296 0.02681937 0.03565481 0.0268281 0.02139199 0.01886006 0.01129867 0.0159796 0.0129847 0.010321
-9999 -9999 -9999 -9999 -9999 -9999 -9999 -9999 -9999 -9999 -9999 -9999 -9999 -9999 -9999 -9999 -9999 -9999 -9999 -9999 -9999 -9999 -9999 -9999 -9999 -9999 0.01563063 0.02180379 0.0151626 0.01779266 0.0188646 0.02154531 0.02479033 0.02873423 0.03076808 0.02211363 0.01905739 0.03434688 0.03789457 0.02969063 0.02976386 0.03064761 0.02584678 0.02918024 0.01129305 0.01581726 0.009171054 0.02934668 0.03055 0.0294736 0.03390606 0.02935501 0.04153756 0.01407319 0.01771509 0.02004152 0.01333499 0.0121445
-9999 -9999 -9999 -9999 -9999 -9999 -9999 -9999 -9999 -9999 -9999 -9999 -9999 -9999 -9999 -9999 -9999 -9999 -9999 -9999 -9999 -9999 -9999 -9999 -9999 -9999 0.02047526 0.0148105 0.01192875 0.02555429 0.02001765 0.01948331 0.01672952 0.01607744 0.03042877 0.03462021 0.01519811 0.02240232 0.03612068 0.03056322 0.04187256 0.04059884 0.03904659 0.03751567 0.004085645 0.01430303 0.02405844 0.01347466 0.0112377 0.01442576 0.02465735 0.03998631 0.03338448 0.03319934 0.01685336 0.02800051 0.0166044 0.02223045
-9999 -9999 -9999 -9999 -9999 -9999 -9999 -9999 -9999 -9999 -9999 -9999 -9999 -9999 -9999 -9999 -9999 -9999 -9999 -9999 -9999 -9999 -9999 -9999 -9999 0.01126401 0.01704278 0.01384724 0.01203317 0.01192491 0.01799942 0.01775496 0.01963067 0.01440586 0.02995831 0.03556135 0.03153081 0.01709483 0.03167738 0.02581831 0.02852717 0.03198754 0.03715842 0.03607549 0.02786737 0.02851822 0.02245156 0.0325788 0.03805334 0.01529519 0.008466686 0.02284375 0.02807126 0.02623547 0.03169711 0.02716337 0.03836158 0.03607692
-9999 -9999 -9999 -9999 -9999 -9999 -9999 -9999 -9999 -9999 -9999 -9999 -9999 -9999 -9999 -9999 -9999 -9999 -9999 -9999 -9999 -9999 -9999 -9999 0.003937057 0.008210369 0.01272488 0.01776825 0.0228228 0.01872313 0.01919572 0.01767092 0.01530505 0.02399949 0.023157 0.02354893 0.02618239 0.009220943 0.01008109 0.01655566 0.03180321 0.0429512 0.03383492 0.03041941 0.0285125 0.03277549 0.02276968 0.01273341 0.01501936 0.02101785 0.005425146 0.01752933 0.0134597 0.01390406 0.01836431 0.02081547 0.030324 0.03918408
-9999 -9999 -9999 -9999 -9999 -9999 -9999 -9999 -9999 -9999 -9999 -9999 -9999 -9999 -9999 -9999 -9999 -9999 -9999 -9999 -9999 -9999 -9999 0.00959547 0.01153342 0.004370183 0.00902958 0.0118494 0.01580057 0.02095851 0.02026664 0.02264369 0.01290889 0.02534469 0.0220335 0.02499101 0.01956115 0.008491188 0.006515092 0.02272614 0.03387559 0.03498523 0.03305294 0.0311471 0.03723789 0.02489297 0.02810987 0.01751878 0.02105313 0.01720502 0.0098503 0.01277068 0.04201796 0.04055437 0.01729697 0.02943518 0.03772613 0.03544652
-9999 -9999 -9999 -9999 -9999 -9999 -9999 -9999 -9999 -9999 -9999 -9999 -9999 -9999 -9999 -9999 -9999 -9999 -9999 -9999 -9999 -9999 -9999 0.01308877 0.02287825 0.01423557 0.01496398 0.01002524 0.02644474 0.02247079 0.01275562 0.01238479 0.01367667 0.01609238 0.01771688 0.01968136 0.02100334 0.01953111 0.009715898 0.008141116 0.03097862 0.03322976 0.03261443 0.03518127 0.03402855 0.03962664 0.0332788 0.02671548 0.02591245 0.03054254 0.03686441 0.04290677 0.02503626 0.03243324 0.0506933 0.03388686 0.03916067 0.05178589
-9999 -9999 -9999 -9999 -9999 -9999 -9999 -9999 -9999 -9999 -9999 -9999 -9999 -9999 -9999 -9999 -9999 -9999 -9999 -9999 -9999 -9999 0.01745697 0.02130009 0.02592386 0.01784955 0.02024827 0.01780867 0.01909154 0.01194738 0.01770701 0.02222699 0.01490353 0.009532785 0.02310545 0.02296297 0.01906837 0.01411721 0.00870796 0.008843577 0.01960689 0.02092514 0.02512041 0.03051 0.04223885 0.03488012 0.02459115 0.0157173 0.02721265 0.02713715 0.02860457 0.03630202 0.03468156 0.03491587 0.04150983 0.03066239 0.02812055 0.05045329
-9999 -9999 -9999 -9999 -9999 -9999 -9999 -9999 -9999 -9999 -9999 -9999 -9999 -9999 -9999 -9999 -9999 -9999 -9999 -9999 -9999 0.009576709 0.01259733 0.01961401 0.01602411 0.01349786 0.01925238 0.01369003 0.0127366 0.01215452 0.009515749 0.02294746 0.01195373 0.01975329 0.01659446 0.01932503 0.01936672 0.01628622 0.008814504 0.007858435 0.01999849 0.02112763 0.0283994 0.03198275 0.02750042 0.03696205 0.0326814 0.02621191 0.01452693 0.03120567 0.02901478 0.03083932 0.05015895 0.04415736 0.0380072 0.03422036 0.02181215 0.03900085
-9999 -9999 -9999 -9999 -9999 -9999 -9999 -9999 -9999 -9999 -9999 -9999 -9999 -9999 -9999 -9999 -9999 -9999 -9999 -9999 -9999 0.01638274 0.0128972 0.01097518 0.02221491 0.0193905 0.02530593 0.02201959 0.01901089 0.01974187 0.01676767 0.01436587 0.01936768 0.02436777 0.006221184 0.01603569 0.01799477 0.01689349 0.01241416 0.007637835 0.006688526 0.02446844 0.02201805 0.01938136 0.02665757 0.03705218 0.02627404 0.04317585 0.0162284 0.01285637 0.04203212 0.0344498 0.03562757 0.03388469 0.02390602 0.03084651 0.03363469 0.02873464
-9999 -9999 -9999 -9999 -9999 -9999 -9999 -9999 -9999 -9999 -9999 -9999 -9999 -9999 -9999 -9999 -9999 -9999 -9999 -9999 0.00585483 0.007942505 0.01450904 0.02022296 0.01775728 0.01777692 0.01748114 0.01912269 0.02235767 0.01834187 0.01806876 0.007147983 0.01978899 0.02022569 0.01533459 0.005013204 0.01744177 0.01260503 0.01536034 0.003962993 0.002135215 0.004215381 0.01402268 0.02243719 0.01578205 0.02573407 0.01784736 0.03166483 0.03793102 0.02110072 0.01174909 0.01938922 0.01904981 0.03926884 0.01495864 0.0336268 0.0377761 0.03383684
-9999 -9999 -9999 -9999 -9999 -9999 -9999 -9999 -9999 -9999 -9999 -9999 -9999 -9999 -9999 -9999 -9999 -9999 -9999 0.004791571 0.006156769 0.007449932 0.01083001 0.01721715 0.01661612 0.01706614 0.01887018 0.01472897 0.019157 0.02270527 0.02078367 0.017236 0.01927797 0.01315991 0.01174459 0.009794148 0.01345004 0.01197343 0.017756 0.003524888 0.001978463 0.005914565 0.01504982 0.01542715 0.02152587 0.01671482 0.01955365 0.02984811 0.0292658 0.02660421 0.02333652 0.02066913 0.02547304 0.02685395 0.0201319 0.03557526 0.04111397 0.01640289
-9999 -9999 -9999 -9999 -9999 -9999 -9999 -9999 -9999 -9999 -9999 -9999 -9999 -9999 -9999 -9999 -9999 -9999 0.0006239379 0.0009483462 0.003342157 0.003076509 0.005719481 0.0114606 0.02380617 0.02021726 0.01917271 0.007119759 0.02209858 0.01891694 0.01679846 0.007926966 0.02037313 0.01636497 0.01429245 0.0187628 0.01138971 0.01037544 0.01961541 0.007011415 0.001795194 0.007980284 0.02008488 0.02134466 0.02115302 0.01635496 0.01005689 0.01276549 0.01687667 0.01955903 0.01464425 0.02756012 0.03563184 0.02425191 0.03507577 0.02013553 0.03612311 0.03686007
-9999 -9999 -9999 -9999 -9999 -9999 -9999 -9999 -9999 -9999 -9999 -9999 -9999 -9999 -9999 -9999 -9999 -9999 0.009169304 0.009303939 0.007763457 0.0185182 0.005846829 0.01258661 0.01863156 0.01681282 0.02184242 0.02013512 0.03015042 0.03325536 0.01915309 0.008305523 0.02500464 0.01960701 0.01609409 0.01837245 0.01951572 0.01313578 0.01887756 0.01938331 0.001175571 0.006409513 0.01536119 0.02118771 0.02656588 0.02094067 0.02082318 0.02129553 0.01780777 0.01455318 0.007880639 0.01884405 0.02638741 0.02629311 0.01948601 0.03389562 0.01880561 0.02956923
-9999 -9999 -9999 -9999 -9999 -9999 -9999 -9999 -9999 -9999 -9999 -9999 -9999 -9999 -9999 -9999 -9999 0.0009171471 0.001971048 0.007766862 0.008680554 0.01726083 0.003142637 0.008954157 0.01727597 0.007078183 0.01583512 0.01621852 0.02192679 0.02308543 0.02396886 0.01364935 0.0186987 0.02464787 0.01603896 0.01681389 0.02596508 0.01474011 0.01509581 0.008162824 0.003052524 0.003539856 0.01550482 0.02141172 0.02714699 0.02085635 0.03816881 0.02544982 0.01747425 0.03121068 0.02088698 0.01775814 0.01471796 0.02455006 0.03097472 0.03724415 0.01977587 0.01949435
-9999 -9999 -9999 -9999 -9999 -9999 -9999 -9999 -9999 -9999 -9999 -9999 -9999 -9999 -9999 -9999 0.001802419 0.002713025 0.01102792 0.01586417 0.004451048 0.007953146 0.01067265 0.01541791 0.02470552 0.01026365 0.02274663 0.02060956 0.02019486 0.01467404 0.02659696 0.0197111 0.01725159 0.01732814 0.01576743 0.02408861 0.01292396 0.01529771 0.009211858 0.009196671 0.009821963 0.002536761 0.02203676 0.02039469 0.02223258 0.02645219 0.02846891 0.009791871 0.01432426 0.01907884 0.01753706 0.0196079 0.008965928 0.01140442 0.01071512 0.02274466 0.02424028 0.01741612
-9999 -9999 -9999 -9999 -9999 -9999 -9999 -9999 -9999 -9999 -9999 -9999 -9999 -9999 -9999 -9999 0.01606899 0.01501551 0.01660872 0.00748237 0.01335703 0.01817521 0.01614721 0.02661658 0.01498572 0.01087883 0.02411722 0.02387404 0.02258249 0.01480158 0.02603987 0.01558019 0.0236919 0.01672558 0.01571008 0.01140265 0.01729359 0.02498445 0.006559961 0.004888788 0.01149532 0.002381318 0.01242731 0.01774446 0.01201133 0.01863741 0.02885778 0.02540891 0.02967876 0.02885989 0.006285808 0.005477746 0.005365105 0.01896773 0.03414813 0.01651477 0.02283822 0.02681736
-9999 -9999 -9999 -9999 -9999 -9999 -9999 -9999 -9999 -9999 -9999 -9999 -9999 -9999 -9999 0.04795416 0.009427072 0.02271619 0.002358207 0.001359818 0.00539573 0.005193241 0.01335676 0.0225988 0.01048485 0.01492092 0.0245906 0.02133729 0.01182814 0.02269562 0.02661186 0.01943383 0.01812705 0.02474274 0.01097171 0.02089592 0.016989 0.01928169 0.01489129 0.005401971 0.005031102 0.004532396 0.006305605 0.0137294 0.02312197 0.02221573 0.01499052 0.01710332 0.02110463 0.00853434 0.00991731 0.01693888 0.02137666 0.02672538 0.0150226 0.02962529 0.03063358 0.02814671
-9999 -9999 -9999 -9999 -9999 -9999 -9999 -9999 -9999 -9999 -9999 -9999 -9999 -9999 0.04084072 0.04670499 0.03530363 0.01034669 0.0008099125 0.008312917 0.001161972 0.006784108 0.009609706 0.02594407 0.01573011 0.02495639 0.02297895 0.01665 0.02373572 0.02643717 0.03304961 0.02674646 0.01532281 0.01587256 0.011377 0.01543515 0.01172272 0.01327115 0.01490364 0.01523949 0.01056647 0.01386767 0.01309558 0.01599908 0.01557009 0.01368947 0.01089939 0.01423674 0.009846317 0.005346332 0.01169753 0.01377462 0.03647944 0.03004355 0.01138862 0.02723987 0.02881247 0.03484676
-9999 -9999 -9999 -9999 -9999 -9999 -9999 -9999 -9999 -9999 -9999 -9999 -9999 -9999 0.04524626 0.04555954 0.04328455 0.01087299 0.02199982 0.007167684 0.007110929 0.002713672 0.005059315 0.006395468 0.01554507 0.02632446 0.01598238 0.01185029 0.01994314 0.02196011 0.02351925 0.03072485 0.02497037 0.01527923 0.01615119 0.01159679 0.02000391 0.00946246 0.003988001 0.02109471 0.01223058 0.01400629 0.01271353 0.009822347 0.01002276 0.007852932 0.0014821 0.005175585 0.005229034 0.0106384 0.006960582 0.01344223 0.02162763 0.02025204 0.007503186 0.02422417 0.03059181 0.01383171
-9999 -9999 -9999 -9999 -9999 -9999 -9999 -9999 -9999 -9999 -9999 -9999 -9999 0.01794953 0.01274118 0.02227998 0.02953247 0.01975336 0.006865054 0.005187287 0.004620901 0.004398418 0.006052425 0.006893997 0.007727454 0.01006953 0.004693331 0.01200644 0.01478396 0.01838644 0.01830642 0.02268618 0.02659881 0.02078594 0.01408565 0.01086442 0.01477707 0.007740709 0.008272546 0.009655213 0.01162126 0.006700783 0.009398567 0.004913009 0.02594082 0.01771577 0.01795386 0.008412845 0.01148169 0.006997437 0.004415218 0.01448305 0.02774986 0.02285211 0.009846544 0.02459148 0.03600738 0.01077755
-9999 -9999 -9999 -9999 -9999 -9999 -9999 -9999 -9999 -9999 -9999 -9999 0.02500949 0.03352272 0.03871307 0.01455881 0.03095139 0.03028088 0.01315309 0.02154597 0.002496424 0.002711107 0.005048711 0.002007833 0.003062135 0.003791106 0.007601059 0.01331201 0.02528879 0.01978526 0.01174704 0.025686 0.023592 0.02335193 0.0191679 0.01413672 0.006649626 0.01268845 0.01194307 0.01343499 0.00686173 0.01162439 0.007533048 0.007932136 0.01128025 0.02051912 0.01101995 0.01448895 0.01208995 0.009414422 0.009444366 0.01511574 0.003726397 0.01312646 0.01802769 0.02859055 0.01427888 0.007700044
-9999 -9999 -9999 -9999 -9999 -9999 -9999 -9999 -9999 -9999 -9999 0.03351721 0.001729545 0.01670595 0.01920454 0.02342748 0.008744987 0.03937612 0.01242525 0.02986806 0.01391079 0.01499606 0.00308754 0.001991529 0.002337582 0.008697431 0.01052637 0.02245173 0.02796178 0.02385939 0.01627636 0.03130658 0.01593062 0.02418965 0.02053494 0.01348005 0.01037261 0.008981508 0.01277203 0.01695318 0.007115255 0.01009999 0.004052323 0.01078267 0.01007431 0.02722039 0.01996106 0.01979735 0.009472989 0.007685947 0.005346895 0.009028384 0.007925744 0.009260926 0.0176899 0.02242846 0.009503541 0.009910239
-9999 -9999 -9999 -9999 -9999 -9999 -9999 -9999 -9999 -9999 -9999 0.04310884 0.007667399 0.003325652 0.01527913 0.0257374 0.007382113 0.02262532 0.02147199 0.01992711 0.01418445 0.006635423 0.0153225 0.01357647 0.0134993 0.01250038 0.00557297 0.02876048 0.02496697 0.0288658 0.02345896 0.0244728 0.01368554 0.02339629 0.01136453 0.01116385 0.006443061 0.01792133 0.01578911 0.01399441 0.007594865 0.005890286 0.003275541 0.01545974 0.01695031 0.03500795 0.0288254 0.01973965 0.0117398 0.01215625 0.01116577 0.0124172 0.00872248 0.005808074 0.008530064 0.006370641 0.01723634 0.006848876
