Env_Vars/Set_1/100kmsq_pas_final.asc
ncols         290
nrows         380
xllcorner     -2197417.7431653
yllcorner     -584827.01486885
cellsize      10000
NODATA_value  -9999
[rows 175 to 209 of 380, columns 0 to 77 of 290]
-9999 -9999 -9999 -9999 -9999 -9999 -9999 -9999 -9999 -9999 -9999 223 171.75 159.5 -9999 -9999 -9999 -9999 -9999 -9999 -9999 -9999 -9999 -9999 -9999 -9999 -9999 -9999 -9999 -9999 680 1212 1468.25 1971.25 2234.5 1231.25 1634.5 1373.5 948.25 532.5 792.5 814.25 1254 1322 1124.75 206.75 467.5 351.5 180.5 389 627.5 497.75 367 475.25 290.5 411.75 589.25 331.5 258.5 363.5 350.75 309.25 250.25 326.25 312 359 366 354.5 314.5 605 242.25 210 200.25 474.5 339.5 566.5 526.25 421.25
-9999 -9999 -9999 -9999 -9999 -9999 -9999 -9999 -9999 -9999 242.5 359.25 316.5 175.75 -9999 -9999 -9999 -9999 -9999 -9999 -9999 -9999 -9999 -9999 -9999 246.75 -9999 -9999 -9999 519.25 1519.75 1476.5 1515.75 1164.75 1077 1915.25 2254.25 1539.75 1027 506 740.25 1116.5 762.5 675 592.5 241.25 256.25 195 198.25 425 329.75 675.25 640.75 382.75 287.5 343.75 598 323.5 248.5 470 529.75 520.75 320.25 365 454 263.5 259.75 341.5 240 650.25 274.5 216.5 208 201.5 254.75 555.5 632.5 306.75
-9999 -9999 -9999 -9999 -9999 -9999 -9999 -9999 -9999 170.75 464 343.75 -9999 173.75 163.25 110.75 -9999 -9999 -9999 -9999 -9999 -9999 -9999 -9999 -9999 -9999 -9999 -9999 328.5 892 2048.25 1182 1321 2042.25 1830.5 2054 705 998.5 816.25 367 1152 774.25 323 409 334 245.5 209 476.25 426.25 315.75 618 562.75 526.25 454 297 319.75 484.75 300.5 243 351 440.25 467.5 362 514 394.5 335.5 499.25 270.25 304.25 772 368.75 223.75 210.25 221.5 638 794.75 435.75 311.25
-9999 -9999 -9999 -9999 -9999 -9999 -9999 -9999 -9999 -9999 476 222.5 277.75 252.5 146.5 120.25 106.75 -9999 -9999 -9999 -9999 -9999 -9999 -9999 -9999 -9999 -9999 185 322.25 712 1253.5 1775.75 1144 1687 2360.25 1695.75 1176.25 1082.5 970 365.75 1182.5 565.5 606.75 1133.25 701.25 458.25 222.5 690.5 396.5 431.5 759.25 359.75 664.75 398.25 313.5 307.75 491 267.75 308.25 409 341.5 365.5 338.25 391.75 491.25 587.75 504.25 366.5 312.75 734 485.75 244.5 225 236.5 850.5 815.75 832.75 413
-9999 -9999 -9999 -9999 -9999 -9999 -9999 -9999 -9999 -9999 465.25 390.25 402.75 165.25 135.5 -9999 121.5 113.5 103.75 -9999 -9999 -9999 -9999 -9999 -9999 -9999 -9999 -9999 380.75 686.75 2033.75 1812.5 1989.5 1974 2152.5 986.25 1798.25 1570.5 456.5 1042.25 1194.75 878 408.5 955.25 866.25 675.5 252.75 485 247.25 392.5 553 446 356.75 324.5 380.25 298.5 379.25 268.75 588.75 352.25 620.5 462.5 309 582.25 533.5 582.25 574.5 509.5 442.5 536.5 610.5 278.25 248.5 284.75 557.5 1372.5 561.75 697.75
-9999 -9999 -9999 -9999 -9999 -9999 -9999 -9999 -9999 318.25 702 -9999 -9999 -9999 115 122.5 121.25 -9999 -9999 -9999 -9999 -9999 -9999 -9999 -9999 -9999 -9999 -9999 689.5 1433.75 1553 1908 2409.75 1522 1282.75 884.5 1414.25 1902.25 704 632 834 429.5 577.25 898 458.25 581 406.25 281 206.25 393 553.25 504.25 336.75 285.25 397.75 258 313 291.5 547.25 312.5 636.75 374.75 319.25 472 418.25 494.75 431.75 625.25 583.75 340 412.25 528.5 268.5 303.75 768.75 1110.5 1193.25 1215.25
-9999 -9999 -9999 -9999 -9999 -9999 -9999 -9999 -9999 541.75 408.5 243.25 -9999 -9999 119 114 -9999 -9999 -9999 -9999 -9999 -9999 -9999 -9999 -9999 -9999 -9999 -9999 532 640.75 1235 1202 2091.75 1849 1183.75 926 1407.75 1239.75 337.75 436.25 350.5 647.75 650.25 478.25 1051 513.5 393.75 1040.25 238.75 319.75 706.5 694.5 300.75 357.25 263.5 264.5 308.5 411.75 305 298.5 630.75 370.25 320.25 491.25 466 420.25 405.75 526.25 556 367.25 542.75 797 294.75 376 325.5 1101 1189.75 1107.5
-9999 -9999 -9999 -9999 -9999 -9999 -9999 -9999 -9999 -9999 338.75 390.75 260.25 149 124 109.75 -9999 -9999 -9999 -9999 -9999 -9999 -9999 -9999 167.5 296 549 -9999 -9999 410 1303.75 1708.5 1062.25 475 535.5 680.5 771 438 329 356.75 537.25 659 577 321.75 1164.75 805.75 939.25 311.75 296.75 204 550 518.5 290.75 365.5 386.25 235 317.75 329.75 461 262.5 310.25 394.5 307.5 329.75 336.25 619.25 572.25 465.75 530.75 456.5 544 699.75 376.75 304.25 328.5 631 1167 793.25
-9999 -9999 -9999 -9999 -9999 -9999 -9999 -9999 -9999 -9999 -9999 497.25 218.5 163.25 139.5 -9999 -9999 -9999 -9999 -9999 -9999 -9999 -9999 -9999 -9999 -9999 341 621.25 1617.5 1040.75 2192.75 1182.25 1784.75 1980.25 816.25 1891.75 1639 1548.5 394 1128.5 1261 540.5 812 446.75 617 511.75 361 380.5 228.25 199.25 265.75 562.25 322.75 289.75 320.25 229.5 450.5 448.5 685.25 421.25 320.5 349.75 340.75 446 401.75 347 403 413.75 394.5 429 538.25 387.75 637 388.25 317.5 876.5 863 1048
-9999 -9999 -9999 -9999 -9999 -9999 -9999 -9999 -9999 288 316.5 402.75 309.75 170.25 -9999 -9999 -9999 -9999 -9999 -9999 -9999 -9999 -9999 -9999 211.25 236.25 305 -9999 1557 1821.75 2184.75 1850 2174.75 1115 1535.25 1885.25 1313 771 500.5 1173.5 1037.25 877 769.75 923 517.75 1164.5 558.5 441.75 328.25 180.75 260.75 372.25 317.5 300.5 288.5 226.75 476.75 304.5 518.25 538.75 245 298.5 315.25 481 391.5 381.5 403.25 380.25 420.25 364.25 361.25 384 720 508 329 542.75 1005 1008.75
-9999 -9999 -9999 -9999 -9999 -9999 -9999 -9999 -9999 427.5 1060.5 514.25 247 278.5 -9999 -9999 -9999 -9999 -9999 -9999 -9999 -9999 -9999 -9999 -9999 -9999 356.25 -9999 1343.75 1915.5 1945.75 2574.75 4144.5 1396.5 1801.75 1377 963.75 523.25 1096.75 904 1355 906.25 785 809 436.25 591.25 530.5 1232 547 220 400.5 355 310.75 304.5 371.5 231.75 248.75 407.5 288.5 350.75 343 256.75 310 314 364 521.5 627 414.25 547.25 401.75 534.75 403.5 511 544.25 340.5 402.75 1149.75 1174.75
-9999 -9999 -9999 -9999 -9999 -9999 -9999 -9999 -9999 389.3333 327 -9999 -9999 -9999 -9999 -9999 -9999 -9999 -9999 -9999 -9999 -9999 -9999 -9999 -9999 281.75 1168.5 628.25 989 1940.5 1957.5 1678.75 1695.25 1294.25 1309.5 991 705.25 702 1352 1174.75 856 1267.5 1002.5 432.75 513.75 434.5 386.5 855 566.75 166.75 336.75 276.25 241.5 361.75 412.75 305.5 259.25 231 258.5 217.25 238.75 246.5 233 304.25 377.5 446.75 434.25 519.5 557.75 461.25 439.25 447.75 876.25 595.5 353.75 412.75 927 675.75
-9999 -9999 -9999 -9999 -9999 -9999 -9999 -9999 -9999 272 409 267.25 626 293.75 -9999 -9999 -9999 -9999 -9999 -9999 -9999 -9999 -9999 164.25 192 238.75 396.5 1564.5 561 1861 1995.5 1801.5 1639.5 1640.5 1478.5 684 528.5 1211.75 1300.75 1158.5 1549.25 1291.5 628.75 378.25 317 267.5 441 492.25 299.75 173.25 159.75 209 228.5 253.75 375.5 317 226.75 278 344.5 354.75 347.25 345 239.75 269.25 311.5 392 380.25 391 528.75 448.75 466.5 693.5 605 476 373 415 444.25 1200.25
-9999 -9999 -9999 -9999 -9999 -9999 -9999 -9999 -9999 -9999 -9999 606 241 206 -9999 -9999 -9999 -9999 -9999 -9999 -9999 -9999 -9999 -9999 239.25 -9999 -9999 1524.25 652.5 2141.5 1379 1228.25 1903.5 941.25 547.25 -9999 1043 1167.75 1526.5 1815.75 1731.25 1003.25 860.75 1340.5 488.75 331.75 213.25 268.75 195 365.5 307.5 370 244.25 237.25 301 319.75 222.5 361.5 299.5 302.75 257.75 216.25 230.5 256.5 272.25 324.25 331 377.75 405.75 428.75 584.25 535 528 498.5 373.5 619 523.75 781.5
-9999 -9999 -9999 -9999 -9999 -9999 -9999 -9999 -9999 -9999 600 838.25 665 -9999 -9999 -9999 -9999 -9999 -9999 -9999 -9999 -9999 -9999 -9999 354.25 411.75 271.25 687.5 804.25 1006.5 1885 1077.25 -9999 -9999 -9999 1037 704 1034 1665.25 1409 1129.25 1502.75 561 390.5 302.75 303.25 235.75 282 210.5 256.75 337 341.5 297.5 259.75 237.5 337.25 301.5 218 220.75 258.75 263 275.75 236 238.5 313 284 316.25 344 390 428.25 465.5 500.75 476.75 459.75 378.75 525.75 491 721.75
-9999 -9999 -9999 -9999 -9999 -9999 -9999 -9999 -9999 -9999 419.5 407 614.5 219.5 -9999 -9999 -9999 -9999 -9999 -9999 -9999 -9999 -9999 -9999 -9999 288.5 -9999 910.75 891.75 1131.25 1035.5 622 1094.25 1269.25 1012 1764.5 867.5 886.5 1258.5 1285 1334 1085 1410 508.5 636.75 375.5 294.75 385.75 213.5 259.75 246.25 350.75 376.75 302.5 270.25 303.75 305.25 272.75 329 343 299.75 371.5 293.5 225.25 270.5 272.5 294.5 324 356.25 402 411 416.25 461.75 420.5 448 554.5 437.75 717.5
-9999 -9999 -9999 -9999 -9999 -9999 -9999 -9999 -9999 -9999 405.25 769.25 383.5 -9999 -9999 -9999 -9999 -9999 -9999 -9999 -9999 -9999 -9999 -9999 -9999 339.75 -9999 533.75 527.75 581 569.75 1638.5 -9999 -9999 1546.25 2154.75 1743.5 1453 1976.75 892.25 1293.5 1209.25 603.5 763.25 852.75 379 337 234.75 220.5 296.75 219.5 322.5 302 320 302.5 274.75 382 362.25 324.25 305.5 359.5 351.5 279.25 235.75 251.75 302.5 282.75 311 335.5 372.25 386.75 425.75 456.75 425.75 479.5 523.75 490.75 491.25
-9999 -9999 -9999 -9999 -9999 -9999 -9999 -9999 -9999 -9999 638 627 297 -9999 -9999 -9999 -9999 -9999 -9999 -9999 -9999 -9999 -9999 -9999 -9999 308.5 -9999 391.5 630.75 -9999 -9999 1472 -9999 1025.5 719 2135 976 918.75 1492.75 1115.5 1156.75 1037.5 1787.75 981.25 977.25 385 339.5 484.75 391.75 217.5 217 211.25 247.5 250.75 234.75 282.75 228.75 299.75 293.5 300.25 320.25 280.75 288.75 265 231.25 266.75 284 294.25 315.25 339.5 374.25 394.5 376.25 436.75 491.25 517.5 557.75 490
-9999 -9999 -9999 -9999 -9999 -9999 -9999 -9999 -9999 -9999 -9999 710 356.75 538.25 -9999 -9999 -9999 -9999 -9999 -9999 -9999 -9999 -9999 -9999 -9999 -9999 -9999 -9999 -9999 -9999 -9999 -9999 852 1598.75 965.6667 1378.25 1073 976.75 1326.5 1227.5 1275 798.5 697.5 491.5 447.25 357.5 340.25 310.25 270.75 247.25 233.75 231.5 220.25 224.75 197.25 225.75 224.75 213.5 249.5 274.25 268.5 363.25 347.25 282.5 240.5 240 295.5 296 298 320 340 352.5 385.75 411 400.25 477.75 581.25 478.25
-9999 -9999 -9999 -9999 -9999 -9999 -9999 -9999 -9999 -9999 -9999 863.5 257.5 -9999 -9999 -9999 -9999 -9999 -9999 -9999 -9999 -9999 -9999 -9999 -9999 -9999 252 219.6667 -9999 1098 -9999 1405.25 1641.25 2058 2572 2372.25 1862.25 -9999 1273.75 1056.25 1227.25 1274.5 1180.75 758.25 406.25 383.75 286.25 239.25 262.75 249.75 217.5 226 235.25 261.25 216 216.75 220 309 231.25 226.25 219 297.75 248.75 271 255 242.5 260 288 301.75 308 321.75 331.75 349.25 484.75 383 457.75 570.5 636.75
-9999 -9999 -9999 -9999 -9999 -9999 -9999 -9999 -9999 -9999 -9999 289.5 306.25 -9999 -9999 -9999 -9999 -9999 -9999 -9999 -9999 -9999 -9999 -9999 -9999 -9999 200 -9999 -9999 -9999 1510.75 1114.75 -9999 2205 2672.75 3138 1435 1289.25 1565.25 1620 906 1536 1020.25 573.5 959.75 501.25 270.25 286 724.5 459 239.5 221 238 243.75 234.25 224.5 282.25 303.5 225 244.75 222 201 213.5 220.25 245 253.5 239.75 262.5 288.5 308 311.75 316.5 334 401.25 394.25 557.25 606.75 616.75
-9999 -9999 -9999 -9999 -9999 -9999 -9999 -9999 -9999 -9999 -9999 -9999 343.5 -9999 -9999 -9999 -9999 -9999 -9999 -9999 -9999 -9999 -9999 -9999 -9999 -9999 -9999 -9999 -9999 696.5 1324.75 1357.75 1401.5 940.25 1721 2411 1115.5 1371 935.25 826 1297.5 1206.25 683.75 436.75 332.5 290 321.75 428.5 382.5 320.25 351.75 245.25 229.5 218.75 246.75 214.75 246 337.25 325.5 288.5 219.5 210.75 216 216 212.75 235.75 247 249 259 293.25 298.25 303.25 312.25 345.75 367.5 444.75 554.5 583.75
-9999 -9999 -9999 -9999 -9999 -9999 -9999 -9999 -9999 -9999 -9999 -9999 276.5 -9999 -9999 -9999 -9999 -9999 -9999 -9999 -9999 -9999 -9999 -9999 -9999 -9999 -9999 -9999 -9999 605.75 853.75 1605 944 1354 1175.5 2433.75 2410.75 2047.75 803.75 1207.75 1314.75 869.25 902.25 687.75 335.5 332 378.5 520.5 593.75 387.75 308 339.25 231.25 217.75 197.5 199.25 228.75 284.75 257.5 237 216.5 215.25 219.25 220 218 211.5 227.25 241 256 281 291.25 294.25 309 315.25 341.25 392 452.75 500.5
-9999 -9999 -9999 -9999 -9999 -9999 -9999 -9999 -9999 -9999 -9999 -9999 212.5 310.5 -9999 -9999 -9999 -9999 -9999 -9999 -9999 -9999 -9999 -9999 -9999 -9999 -9999 215.75 -9999 507.25 1473.5 887 1439.75 1427.25 1986 2088.5 2126.25 1393.5 1084 953.5 1026.5 615.25 1247.25 746.75 687.25 332.5 340.5 619.75 652.5 448.5 323.25 298.5 238.25 208.5 222.75 213.25 220 207 208.5 207.25 199.25 228 235.5 231.25 225.25 228.25 227.25 235.75 247 266.75 283.25 286.5 299.75 298.5 317.25 338.75 361.75 372
-9999 -9999 -9999 -9999 -9999 -9999 -9999 -9999 -9999 -9999 -9999 -9999 240.5 -9999 -9999 -9999 -9999 -9999 -9999 -9999 -9999 -9999 -9999 -9999 -9999 -9999 -9999 192.5 -9999 496.5 862 1048 -9999 946.75 1589.5 1505.75 1966.25 1160.75 1853 806 858.25 493.5 976.75 624.75 393 380.5 299.5 495.5 544.5 526.5 411.5 277.75 240.75 248 194.5 204.75 212.25 210.75 215 220 269.25 261 295.25 290.5 312.75 240.25 239.5 247.25 267.75 249.75 271 275.5 283.25 284.5 299 345.5 359 380.5
-9999 -9999 -9999 -9999 -9999 -9999 -9999 -9999 -9999 -9999 -9999 -9999 -9999 149.25 -9999 -9999 -9999 -9999 -9999 -9999 -9999 -9999 -9999 -9999 -9999 -9999 -9999 175 234.75 308.75 495.5 770.5 -9999 846.5 -9999 1888.5 2171.75 2071 2504 1485 1607 937.5 828.75 987.25 714 623.25 328.75 265.5 269.75 290 241.5 238 257 210.25 202.75 209.75 206.25 210.5 219 258.75 269 285.75 318.75 291.75 295.75 255.5 245 255.75 259 246.5 249.25 247.25 251.5 294 347 357.25 380 393.25
-9999 -9999 -9999 -9999 -9999 -9999 -9999 -9999 -9999 -9999 -9999 -9999 -9999 -9999 -9999 -9999 -9999 -9999 -9999 -9999 -9999 -9999 -9999 -9999 -9999 -9999 -9999 -9999 177.75 -9999 405.25 -9999 686.6667 918.25 -9999 875.75 2056.5 2466.75 2326.75 1755.75 1632.25 434 751 830.75 531.5 635.25 391.5 311.75 501.25 435.5 279 263.75 243.5 244 252.25 215.25 211.75 218.25 336.5 245.5 241.25 229.25 237.5 252.75 251 267.25 246.5 271 257.75 250.5 228.5 245.75 260.25 313 559.75 348.25 401.5 412
-9999 -9999 -9999 -9999 -9999 -9999 -9999 -9999 -9999 -9999 -9999 -9999 -9999 -9999 -9999 -9999 -9999 -9999 -9999 -9999 -9999 -9999 -9999 -9999 -9999 -9999 -9999 -9999 -9999 169.5 266 -9999 911.5 -9999 697.75 1023.5 1172.25 2103.25 1710.5 2185.25 1348.75 328.25 904 839.75 699.25 1421.5 611.25 353.75 283.75 291.25 353.25 270 246.5 251.5 282.25 355.75 257.25 230 329.25 253.25 234.75 250.5 227 225.25 230.25 249.25 248.25 277.5 243.75 233.5 232 245.5 255.75 394.5 493 372.25 447 465.75
-9999 -9999 -9999 -9999 -9999 -9999 -9999 -9999 -9999 -9999 -9999 -9999 -9999 -9999 -9999 -9999 -9999 -9999 -9999 -9999 -9999 -9999 -9999 -9999 -9999 -9999 -9999 -9999 -9999 169.75 337.25 -9999 367.25 801.5 506.5 742.5 2026 1238.75 1873.25 873.5 863 665.5 816 272.5 601.5 1278.5 543.5 282.5 301 280.25 267.25 249.75 247.5 273.75 358 255 289.5 246.5 253.75 251 247 235.25 244.5 252.25 281.5 227 233.75 235.75 230.75 247.75 241 230.5 270.25 388 383.25 396.5 759.75 413.25
-9999 -9999 -9999 -9999 -9999 -9999 -9999 -9999 -9999 -9999 -9999 -9999 -9999 -9999 -9999 -9999 -9999 -9999 -9999 -9999 -9999 -9999 -9999 -9999 -9999 -9999 -9999 -9999 -9999 169.25 -9999 395 -9999 -9999 565.75 1275.5 1450.5 1292 1708.75 1090.75 1295.5 -9999 1072.75 875.25 886.75 468.75 365 367.75 348.25 310.25 295 271.5 266 281 234.5 272 345.25 259.75 300.25 248.75 254.5 244.5 238 220.5 246.5 234.75 256 229.25 220 233 244.25 203.5 304 510.75 482.5 402 619.5 489
-9999 -9999 -9999 -9999 -9999 -9999 -9999 -9999 -9999 -9999 -9999 -9999 -9999 -9999 -9999 -9999 -9999 -9999 -9999 -9999 -9999 -9999 -9999 -9999 -9999 -9999 -9999 -9999 -9999 -9999 -9999 173.6667 -9999 571.5 430.3333 707 1078.5 2158.5 896.25 562.5 -9999 887 1327.25 830 457.75 375.25 294.75 442 348.75 322 304.75 281.5 243 232.25 229 287 235.75 215 239.25 237.25 227 227.5 225 230 224.75 228 264.25 228.25 222 236.75 246.25 191.75 268 581.75 479.25 373 588 551.5
-9999 -9999 -9999 -9999 -9999 -9999 -9999 -9999 -9999 -9999 -9999 -9999 -9999 -9999 -9999 -9999 -9999 -9999 -9999 -9999 -9999 -9999 -9999 -9999 -9999 -9999 -9999 -9999 -9999 -9999 132 -9999 -9999 -9999 362.75 673.5 960.25 528 485.25 1341.75 1186.5 1679 1166.5 1300.25 1080.25 786.75 487 521.75 584 448.5 302 274.75 287.25 249.25 232 226 227 231.25 217.75 223.5 225.5 236 237.75 219.25 218.5 218.5 218.75 203.25 214.5 216 205 191.25 257.75 437.5 384.75 480 512.5 539
-9999 -9999 -9999 -9999 -9999 -9999 -9999 -9999 -9999 -9999 -9999 -9999 -9999 -9999 -9999 -9999 -9999 -9999 -9999 -9999 -9999 -9999 -9999 -9999 -9999 -9999 -9999 -9999 -9999 -9999 123 152 161 291.75 234.3333 323 -9999 807 -9999 1459.75 941 1668.5 957 646.75 790.75 1036 1042.25 894.75 750.75 637 308 348.5 550 288.75 253.25 262.5 258 251.75 247 228.25 225 233 222.25 214.75 203.5 238.25 259.5 206.5 224.5 204.25 237 210 273.75 291.5 409.25 377 406 603.25
-9999 -9999 -9999 -9999 -9999 -9999 -9999 -9999 -9999 -9999 -9999 -9999 -9999 -9999 -9999 -9999 -9999 -9999 -9999 -9999 -9999 -9999 -9999 -9999 -9999 -9999 -9999 -9999 -9999 -9999 -9999 135.75 154 -9999 501.5 718.75 751.75 729.25 -9999 -9999 -9999 404 899 789.75 440.5 821.5 985 889 945 538 278.25 340.5 538.75 336.25 315.25 312.5 303.25 288.75 262.5 233.25 230.25 248.75 210.75 225.5 208 234.75 248.5 211.75 210 217.25 221.5 225 246 284.5 303.25 564.5 399.5 416.25
-9999 -9999 -9999 -9999 -9999 -9999 -9999 -9999 -9999 -9999 -9999 -9999 -9999 -9999 -9999 -9999 -9999 -9999 -9999 -9999 -9999 -9999 -9999 -9999 -9999 -9999 -9999 -9999 -9999 -9999 -9999 162 150.25 201.5 490.75 377.5 1199.5 1657.25 2001.5 1081.25 1248 1323.25 885.5 372.25 739 283 914.5 759 675.25 500.5 298.75 288.5 382.5 317.25 399.5 353 293 291 254.75 244.75 229.25 218.75 249 215.75 205.25 218.5 242.5 210 220.75 213.75 179.5 209 237 257.5 442.75 327.5 498 461.25
