Env_Vars/Set_1/100kmsq_mcmt_final.asc
ncols         290
nrows         380
xllcorner     -2197417.7431653
yllcorner     -584827.01486885
cellsize      10000
NODATA_value  -9999
[rows 66 to 98 of 380, columns 74 to 147 of 290]
-25.25 -25.3 -26.075 -26.7 -26.65 -27.025 -27.375 -27.7 -28.075 -28.225 -28.9 -29.125 -29.3 -29.4 -29.45 -29.525 -29.575 -29.6 -29.6 -29.175 -28.975 -28.7 -28.6 -28.35 -28.5 -28.075 -27.8 -27.8 -27.875 -28.025 -28 -28.1 -28.1 -28.1 -28.15 -28 -28.2 -28.025 -28.2 -28.225 -28.2 -28.3 -28.275 -27.925 -28.075 -28.225 -28 -28.1 -27.975 -28 -27.825 -27.5 -27.5 -27.5 -27.5 -27.4 -27.5 -27.5 -27.5 -27.6 -27.7 -27.775 -27.8 -27.9 -28.025 -28.1 -28.025 -28.1 -28.2 -28.5 -28.75 -28.775 -28.575 -28.775
-25.5 -25.775 -26.5 -25.75 -26.125 -26.375 -27.1 -27.625 -27.575 -28.35 -28.55 -29.2 -29.2 -29.3 -29.4 -29.35 -29.4 -29.3 -29.1 -28.975 -28.675 -28.575 -28.4 -28 -28.1 -28.2 -27.875 -27.75 -27.875 -28 -27.9 -28.1 -28.1 -27.975 -27.925 -27.9 -28.1 -27.95 -28.05 -28.05 -28.05 -27.925 -27.925 -27.8 -27.8 -27.875 -27.7 -27.725 -27.725 -27.6 -27.525 -27.5 -27.5 -27.525 -27.5 -27.5 -27.5 -27.5 -27.5 -27.5 -27.65 -27.7 -27.8 -28 -27.975 -27.925 -28.1 -28.275 -28.65 -28.575 -28.9 -28.9 -29.15 -28.55
-24.9 -25.825 -25.95 -25.65 -25.825 -26.225 -26.775 -27.075 -27.35 -28.075 -28.4 -29.4 -29.225 -29.3 -29.125 -29.175 -29.1 -29.025 -28.9 -28.725 -28.425 -28.3 -28.15 -27.775 -27.775 -27.85 -28.075 -27.9 -27.975 -28.075 -28.025 -28.2 -28 -27.9 -27.975 -28 -27.9 -27.975 -27.925 -27.9 -27.9 -27.8 -27.9 -27.8 -27.8 -27.775 -27.7 -27.625 -27.6 -27.6 -27.5 -27.5 -27.5 -27.5 -27.5 -27.5 -27.5 -27.5 -27.5 -27.55 -27.65 -27.7 -27.8 -27.975 -27.975 -28.025 -28.2 -28.55 -29.1 -28.8 -28.8 -29.1 -29 -28.6
-25.35 -25.025 -25.3 -25.775 -25.725 -26.15 -26.675 -26.825 -26.95 -27.575 -28.075 -28.775 -29.05 -29.3 -29.4 -29.125 -28.8 -28.7 -28.45 -28.3 -28.3 -28.1 -27.9 -27.65 -27.45 -27.975 -27.9 -27.85 -27.9 -28 -28.1 -28.125 -27.9 -27.85 -27.95 -28 -27.95 -27.975 -27.925 -27.9 -27.9 -27.825 -27.875 -27.8 -27.8 -27.8 -27.7 -27.65 -27.6 -27.6 -27.55 -27.5 -27.5 -27.5 -27.55 -27.525 -27.525 -27.575 -27.5 -27.6 -27.75 -27.8 -27.975 -28.05 -28.2 -28.5 -28.55 -28.725 -28.85 -29.175 -29.05 -29.1 -29.3 -29.15
-24.775 -24.95 -25.3 -25.45 -25.75 -25.875 -26.15 -27 -27.35 -27.325 -27.45 -28.025 -28.3 -28.625 -28.875 -29.025 -28.7 -28.55 -28.275 -27.9 -28.05 -27.9 -27.85 -27.425 -27.5 -27.75 -27.8 -27.825 -27.875 -28.1 -28.2 -28.2 -28 -27.8 -27.975 -27.9 -27.9 -27.975 -27.975 -27.9 -27.9 -27.8 -27.9 -27.8 -27.8 -27.8 -27.7 -27.7 -27.6 -27.6 -27.6 -27.5 -27.525 -27.55 -27.525 -27.575 -27.55 -27.775 -27.875 -27.9 -28.1 -28.2 -28 -28.5 -28.25 -28.3 -28.8 -28.6 -29.025 -29.1 -29.225 -28.975 -29 -29
-24.725 -24.9 -25.175 -25.325 -25.6 -26.025 -26.2 -26.35 -26.8 -27.4 -27.125 -27.375 -27.65 -27.875 -28.475 -28.35 -28.35 -28.2 -28.125 -27.6 -27.625 -27.5 -27.875 -27.65 -27.3 -27.525 -27.7 -27.8 -27.975 -28.15 -28.2 -28.175 -28.05 -27.8 -28 -28.1 -28 -28 -28.05 -28.075 -28.25 -27.8 -27.8 -28.175 -28.15 -27.925 -27.725 -27.7 -27.625 -27.6 -27.6 -27.6 -27.6 -27.525 -27.55 -27.6 -27.7 -27.8 -28 -28.125 -28.05 -28.05 -28.05 -28.2 -28.1 -28.325 -28.3 -28.35 -28.575 -28.75 -28.925 -28.8 -28.85 -28.6
-24.5 -24.8 -25.1 -25.3 -25.625 -25.9 -26.4 -26.325 -26.575 -26.725 -27.45 -27.175 -27.425 -27.95 -27.775 -28.125 -28.125 -27.975 -27.875 -27.6 -27.225 -27.375 -27.1 -27.625 -27.05 -27.5 -27.75 -27.7 -27.85 -28.05 -28.1 -28.075 -28.1 -27.8 -28.2 -28.3 -28 -28.1 -28.225 -28.225 -28 -27.85 -28 -28.15 -28.4 -28.6 -28.425 -27.925 -27.6 -27.6 -27.6 -27.6 -27.6 -27.625 -27.6 -27.675 -27.725 -27.8 -27.95 -28.075 -28.025 -28.15 -28.075 -28.1 -28 -27.975 -27.975 -28.075 -28.425 -28.6 -28.675 -28.85 -28.9 -28.6
-24.6 -24.8 -25 -25.275 -25.725 -25.85 -26 -26.35 -26.975 -26.45 -27.275 -27.5 -27.35 -27.275 -27.3 -27.65 -27.9 -27.75 -27.7 -27.4 -26.9 -26.8 -27.525 -27.225 -27.75 -27.425 -27.775 -27.7 -27.75 -27.9 -28.1 -28.2 -28.125 -27.85 -28.175 -28.175 -28 -28.1 -28.2 -28.225 -28 -27.9 -27.9 -27.9 -27.95 -28.125 -28.45 -28.275 -27.7 -27.6 -27.6 -27.6 -27.6 -27.6 -27.6 -27.625 -27.7 -27.725 -27.9 -27.8 -27.9 -28 -28.05 -28.025 -27.775 -27.775 -27.7 -28.325 -28.25 -28.4 -28.55 -28.725 -28.775 -28.85
-24.5 -24.8 -24.9 -25.125 -25.4 -25.875 -26.075 -26.65 -26.7 -27.15 -26.9 -27.3 -27.1 -27.05 -27.125 -27.5 -27.45 -27.6 -27.325 -27.05 -26.75 -26.475 -26.6 -27.7 -27.6 -27.1 -27.7 -27.6 -27.8 -27.9 -28.1 -28.25 -28.15 -27.875 -28.1 -28.1 -28 -28.1 -28.275 -28.2 -28.175 -28.075 -28 -27.8 -27.8 -27.8 -28.175 -28.25 -28.25 -27.625 -27.6 -27.6 -27.6 -27.6 -27.6 -27.65 -27.6 -27.7 -27.6 -27.8 -27.875 -27.85 -28 -27.875 -27.7 -27.75 -28.075 -27.95 -28.325 -28.4 -28.55 -28.7 -28.75 -29.125
-24.55 -24.7 -24.9 -25.15 -25.375 -25.575 -26.125 -26.15 -26.2 -26.75 -26.525 -26.65 -27.125 -26.775 -27.175 -26.925 -26.975 -27.2 -27.25 -26.975 -26.65 -26.35 -26.4 -26.95 -28.1 -27.2 -27.525 -27.4 -27.725 -27.975 -28.1 -28.1 -28.1 -28 -27.975 -27.925 -27.975 -28.1 -28.2 -28.1 -28.2 -28.3 -28.4 -28.375 -27.825 -27.8 -27.8 -27.85 -27.9 -27.7 -27.6 -27.625 -27.625 -27.65 -27.6 -27.6 -27.6 -27.625 -27.625 -27.6 -27.625 -27.7 -27.7 -27.7 -27.7 -27.825 -27.85 -28.2 -28.325 -28.4 -28.65 -28.75 -28.875 -29
-24.625 -24.7 -24.825 -25.1 -25.325 -25.525 -26.1 -25.925 -26.7 -26.35 -26.9 -26.45 -26.9 -26.725 -26.725 -26.8 -26.825 -26.95 -27.075 -26.975 -26.75 -26.4 -26.4 -26.625 -27.45 -27.85 -27.7 -27.475 -27.675 -27.875 -28 -28.05 -28 -28 -27.9 -27.9 -28.025 -28.1 -28.125 -28.1 -28.2 -28.5 -28.5 -28.275 -27.8 -27.8 -27.8 -27.7 -27.7 -27.7 -27.7 -27.7 -27.6 -27.625 -27.625 -27.6 -27.6 -27.6 -27.6 -27.625 -27.8 -27.8 -27.775 -27.8 -27.7 -27.75 -28.1 -28.2 -28.3 -28.475 -28.725 -28.875 -28.9 -29.025
-24.4 -24.7 -24.9 -25.025 -25.325 -25.425 -25.55 -26.125 -26.275 -26.15 -26.475 -26.3 -26.45 -26.675 -26.6 -26.7 -26.7 -26.725 -26.75 -26.8 -26.7 -26.6 -26.6 -26.7 -27 -27.85 -27.775 -27.45 -27.55 -27.85 -28 -28.1 -28.1 -28.2 -27.975 -27.95 -28.1 -28.1 -28.2 -28.3 -28.025 -28.1 -28.025 -27.875 -27.8 -27.8 -27.8 -27.7 -27.7 -27.7 -27.7 -27.7 -27.7 -27.8 -27.7 -27.775 -27.8 -27.75 -27.8 -27.8 -27.8 -27.8 -27.7 -27.8 -27.8 -27.8 -28.225 -28.2 -28.45 -28.55 -28.75 -28.925 -29 -29.1
-24.275 -24.6 -24.825 -25.05 -25.3 -25.75 -26 -25.775 -26.15 -26.425 -26.025 -26.3 -26.25 -26.425 -26.5 -26.55 -26.525 -26.6 -26.575 -26.625 -26.6 -26.5 -26.625 -26.6 -27.05 -27.6 -27.55 -27.5 -27.575 -27.75 -27.9 -28.05 -28.1 -28.125 -28 -27.975 -28.2 -28.3 -28.225 -28.15 -27.9 -27.9 -27.875 -27.875 -27.8 -27.8 -27.8 -27.775 -27.7 -27.7 -27.7 -27.7 -27.7 -27.8 -27.775 -27.8 -27.8 -27.725 -27.7 -27.7 -27.7 -27.7 -27.8 -27.8 -27.95 -28 -28.15 -28.325 -28.475 -28.675 -28.825 -29 -29.1 -29.275
-24.475 -24.8 -24.775 -25.05 -25.5 -25.3 -25.3 -26.1 -25.85 -26.225 -26.025 -26.15 -26.05 -26.25 -26.4 -26.425 -26.4 -26.5 -26.5 -26.5 -26.5 -26.7 -26.7 -26.9 -26.95 -27.575 -27.4 -27.5 -27.6 -27.7 -28 -27.975 -28.1 -28.1 -27.9 -28 -28.15 -28.4 -28.6 -28.375 -27.9 -27.9 -27.9 -27.9 -27.825 -27.8 -27.8 -27.7 -27.7 -27.7 -27.7 -27.7 -27.7 -27.7 -27.8 -27.8 -27.7 -27.7 -27.7 -27.7 -27.7 -27.8 -27.8 -28 -27.9 -28 -28.2 -28.3 -28.525 -28.7 -28.8 -29.075 -29.275 -29.4
-24.4 -24.525 -24.775 -24.95 -25.2 -25.3 -25.35 -25.575 -25.725 -25.925 -26 -25.65 -26.2 -26.15 -26.1 -26.275 -26.375 -26.4 -26.4 -26.4 -26.45 -26.8 -26.7 -26.925 -27.1 -27.2 -27.35 -27.475 -27.575 -27.6 -27.75 -27.9 -28 -28 -27.9 -28 -27.95 -28.075 -28.15 -28.025 -27.975 -27.9 -27.975 -27.9 -27.9 -27.8 -27.8 -27.7 -27.85 -28.275 -27.85 -27.7 -27.7 -27.75 -27.75 -27.85 -27.85 -27.95 -27.875 -27.7 -27.8 -27.775 -27.9 -28 -28.125 -28.125 -28.275 -28.425 -28.6 -28.8 -29.025 -29.1 -29.325 -29.375
-24.325 -24.575 -24.8 -25.05 -25.175 -25.225 -25.375 -25.425 -25.775 -25.8 -25.75 -25.775 -25.775 -25.925 -26.1 -26.175 -26.1 -26.15 -26.225 -26.3 -26.4 -26.4 -26.9 -27 -27.2 -27.225 -27.4 -27.325 -27.5 -27.625 -27.7 -27.85 -27.925 -27.9 -27.975 -27.925 -27.95 -27.95 -28 -27.925 -27.925 -27.9 -27.95 -27.9 -27.875 -27.8 -27.825 -28.225 -28.45 -28.6 -28.55 -27.725 -27.775 -27.8 -27.9 -28 -28.05 -28 -28 -27.8 -27.8 -27.85 -27.9 -28 -28 -28.225 -28.3 -28.55 -28.6 -28.9 -29.1 -29.225 -29.4 -29.625
-24.15 -24.7 -24.775 -25.1 -25.325 -25.2 -25.475 -25.775 -25.9 -25.575 -25.7 -25.575 -25.85 -25.825 -25.775 -25.95 -25.925 -26.05 -26.15 -26.275 -26.4 -26.475 -26.6 -26.8 -27.05 -27.4 -27.5 -27.4 -27.65 -27.7 -27.95 -27.975 -27.9 -28 -28 -28 -28 -27.975 -27.925 -27.975 -27.975 -27.9 -27.975 -27.9 -27.9 -27.875 -28.35 -28.7 -28.7 -28.8 -28.525 -27.775 -27.8 -27.8 -27.9 -28.1 -28.2 -28.1 -28.1 -27.975 -28 -27.9 -27.9 -28 -28.225 -28.35 -28.425 -28.6 -28.75 -28.85 -29.025 -29.2 -29.4 -29.5
-24.5 -24.5 -24.7 -24.75 -25.1 -25.35 -25.2 -25.35 -25.425 -25.675 -25.975 -26 -26.075 -25.975 -25.85 -25.9 -25.85 -25.8 -26.1 -26.2 -26.3 -26.5 -26.6 -26.8 -27 -27.6 -27.4 -27.3 -27.6 -27.75 -28 -28 -28 -28.05 -28 -28 -28.1 -28.075 -27.975 -27.975 -27.975 -27.9 -27.95 -27.875 -27.9 -28.125 -28.325 -28.4 -28.45 -28.025 -27.8 -27.8 -27.8 -27.8 -27.775 -28 -28.15 -28.1 -28.1 -28 -28.025 -28 -28.1 -28.2 -28.3 -28.4 -28.55 -28.7 -28.9 -29 -29.15 -29.25 -29.4 -29.525
-24.075 -24.5 -24.7 -24.925 -24.95 -24.975 -25.225 -25.2 -25.2 -25.5 -25.575 -25.275 -25.3 -25.75 -25.95 -26 -25.85 -25.95 -25.95 -26.1 -26.225 -26.425 -26.5 -26.7 -27.025 -27.6 -27.5 -27.4 -27.6 -27.75 -28.175 -28.2 -28.1 -28.1 -28.1 -27.95 -28.125 -28.15 -28.1 -28.175 -28.075 -27.9 -27.925 -27.9 -27.9 -28.25 -28.175 -28 -27.8 -27.875 -27.9 -27.9 -27.9 -27.9 -27.9 -28.025 -28.1 -28.1 -28.1 -28.1 -28.15 -28.225 -28.05 -28.075 -28.3 -28.45 -28.7 -28.95 -29.075 -29.175 -29.3 -29.45 -29.575 -29.7
-24.2 -24.5 -24.6 -24.675 -24.7 -24.775 -25.1 -24.875 -25.2 -25.2 -25.45 -25.4 -25.175 -25.45 -25.775 -25.525 -25.9 -25.825 -26.1 -26.3 -26.375 -26.425 -26.6 -26.775 -27.75 -27.575 -27.4 -27.45 -27.85 -28.25 -28.2 -28.1 -28.2 -28.2 -28.1 -28.15 -28.175 -28.2 -28.2 -28.275 -28.4 -27.95 -27.9 -27.9 -27.9 -27.9 -27.9 -27.8 -27.8 -27.875 -27.9 -27.9 -27.95 -28.075 -28.075 -28.125 -28.1 -28.2 -28.1 -28.2 -28.175 -28.15 -28.1 -28.275 -28.4 -28.6 -28.775 -28.95 -29.175 -29.25 -29.5 -29.5 -29.7 -29.8
-24.3 -24.5 -24.475 -24.5 -24.6 -24.625 -25 -24.925 -24.8 -25.075 -25.4 -25.25 -25.3 -25.3 -25.425 -25.5 -25.5 -25.875 -25.95 -26.1 -26.325 -26.575 -26.675 -26.9 -27.5 -27.5 -27.4 -27.4 -27.75 -28.3 -28.3 -28.2 -28.3 -28.2 -28.2 -28.125 -28.1 -28.1 -28.2 -28.2 -28.2 -27.975 -27.9 -27.9 -27.8 -27.8 -27.8 -27.8 -27.8 -27.9 -27.975 -28.05 -28.15 -28.1 -28.2 -28.1 -28.025 -28 -27.9 -28.025 -28.15 -28.2 -28.225 -28.425 -28.5 -28.675 -29 -29.075 -29.2 -29.35 -29.4 -29.6 -29.8 -29.8
-24.325 -24.4 -24.4 -24.5 -24.5 -24.65 -24.575 -24.65 -24.725 -24.825 -25.4 -24.975 -25.125 -25.225 -25.05 -25.4 -25.575 -25.6 -25.9 -26.125 -26.275 -26.575 -26.75 -27.125 -27.325 -27.375 -27.375 -27.3 -27.85 -28.35 -28.5 -28.4 -28.4 -28.25 -28.25 -28.2 -28.1 -28 -28.05 -28.1 -28 -27.9 -27.975 -27.9 -27.8 -27.8 -27.825 -27.9 -28.1 -28.2 -28.375 -28.45 -28.5 -28.2 -28.3 -28.15 -28 -28 -27.95 -28.1 -28.1 -28.25 -28.375 -28.5 -28.6 -28.725 -28.975 -29.125 -29.25 -29.4 -29.5 -29.7 -29.8 -29.8
-24.3 -24.3 -24.3 -24.3 -24.4 -24.35 -24.4 -24.65 -24.5 -24.95 -25.025 -24.725 -24.9 -25.025 -25 -25.05 -25.55 -25.575 -25.8 -26.05 -26.225 -26.5 -26.7 -27.425 -27.3 -27.35 -27.4 -27.4 -27.75 -28.375 -28.525 -28.425 -28.225 -28.15 -28.125 -28.1 -28.025 -28 -28.15 -28 -27.9 -27.9 -27.9 -27.8 -27.9 -27.95 -28 -28.2 -28.275 -28.475 -28.475 -28.5 -28.4 -28.3 -28.3 -28.2 -28 -28 -28.025 -28.175 -28.3 -28.3 -28.4 -28.6 -28.575 -28.8 -29 -29.2 -29.3 -29.4 -29.5 -29.7 -29.7 -29.85
-24.3 -24.3 -24.3 -24.2 -24.275 -24.225 -24.5 -24.575 -24.8 -24.575 -24.65 -24.55 -24.65 -25.1 -24.9 -25.15 -25.5 -25.6 -25.825 -26.025 -26.2 -26.425 -26.7 -27.4 -27.7 -27.6 -27.4 -27.5 -27.75 -28.65 -29.05 -28.65 -28.35 -28.2 -28.175 -28.05 -28.1 -28 -28 -27.95 -28.175 -27.9 -27.875 -27.8 -27.95 -28.1 -28.2 -28.175 -28.2 -28.4 -28.4 -28.475 -28.55 -28.65 -28.6 -28.35 -28.1 -28.075 -28 -28.1 -28.2 -28.275 -28.5 -28.675 -28.75 -29.025 -29.125 -29.1 -29.3 -29.4 -29.5 -29.7 -29.7 -29.9
-24.125 -24.15 -24.05 -24.05 -23.925 -24.225 -24.075 -24.15 -24.425 -24.5 -24.775 -24.7 -24.8 -25.075 -25.075 -25.225 -25.5 -25.7 -25.9 -26.05 -26.2 -26.5 -27.425 -27.525 -27.425 -27.375 -27.475 -27.45 -27.75 -28.55 -28.95 -29 -28.4 -28.5 -28.2 -28 -28.1 -28.1 -28.05 -27.95 -27.9 -27.9 -27.975 -27.9 -28.025 -28.05 -28.1 -28.175 -28.2 -28.35 -28.475 -28.8 -28.8 -28.9 -29.1 -29.025 -28.3 -28 -28.1 -28.1 -28.2 -28.45 -28.6 -28.7 -28.8 -29 -29.1 -29.2 -29.4 -29.55 -29.525 -29.7 -29.8 -29.9
-23.875 -23.875 -23.825 -23.8 -23.825 -24.175 -23.975 -24.075 -24.6 -24.175 -24.175 -24.35 -24.55 -24.75 -25.2 -25.375 -25.5 -25.575 -25.7 -25.875 -26.075 -26.525 -27.05 -27.35 -27.5 -27.55 -27.4 -27.4 -27.7 -28.425 -28.875 -28.675 -28.5 -28.325 -28.1 -28.1 -28.3 -28.2 -28.075 -28 -27.875 -27.9 -27.9 -28.025 -28.1 -28.15 -28.1 -28.2 -28.3 -28.4 -28.5 -28.625 -28.625 -28.775 -28.775 -28.625 -28.4 -28.2 -28.1 -28.2 -28.35 -28.5 -28.75 -28.8 -28.95 -29.1 -29.125 -29.275 -29.45 -29.6 -29.7 -29.8 -29.8 -29.9
-23.7 -23.7 -23.675 -23.65 -23.875 -23.725 -23.975 -23.9 -24.3 -24.075 -24.1 -24.375 -24.55 -24.95 -24.975 -25.075 -25.4 -25.5 -25.8 -25.85 -26.025 -26.35 -26.75 -26.925 -27.3 -27.4 -27.5 -27.5 -27.625 -27.85 -28.45 -28.775 -28.65 -28.2 -28.1 -28.375 -28.225 -28.3 -28.3 -28.075 -27.8 -27.9 -28 -28.1 -28.2 -28.075 -28.05 -28.2 -28.3 -28.375 -28.55 -28.55 -28.4 -28.575 -28.5 -28.6 -28.5 -28.3 -28.35 -28.4 -28.4 -28.5 -28.7 -28.8 -29 -29.125 -29.2 -29.4 -29.375 -29.75 -29.7 -29.8 -29.925 -30
-23.6 -23.475 -23.5 -23.525 -23.45 -23.6 -23.925 -23.825 -23.975 -23.85 -24.125 -24.375 -24.1 -24.575 -24.8 -24.925 -25.225 -25.375 -25.825 -25.85 -26.225 -26.6 -26.825 -27.075 -27.3 -27.4 -27.6 -27.7 -27.6 -27.9 -28.125 -28.6 -28.6 -28.05 -28.225 -28.6 -28.425 -28.4 -28.225 -28.1 -27.95 -27.9 -28 -28 -28.1 -28 -28.225 -28.4 -28.4 -28.6 -28.6 -28.45 -28.4 -28.4 -28.5 -28.55 -28.5 -28.4 -28.2 -28.35 -28.5 -28.55 -28.7 -28.925 -29.1 -29.2 -29.325 -29.425 -29.5 -29.6 -29.7 -29.875 -29.9 -30.025
-23.375 -23.075 -23.175 -23.3 -23.35 -23.575 -23.625 -23.6 -23.9 -23.7 -23.85 -24 -24.2 -24.225 -24.575 -24.9 -25 -25.125 -25.925 -25.875 -26.2 -26.45 -26.7 -27.1 -27.3 -27.425 -27.725 -27.875 -27.6 -27.925 -28.45 -28.35 -28.05 -28.1 -28.275 -28.575 -28.425 -28.375 -28.2 -28.1 -28 -27.9 -28 -28.025 -28.1 -28.1 -28.25 -28.4 -28.5 -28.65 -28.775 -28.5 -28.4 -28.4 -28.5 -28.5 -28.5 -28.5 -28.375 -28.4 -28.4 -28.65 -28.875 -29.05 -29.1 -29.3 -29.45 -29.5 -29.65 -29.725 -29.75 -29.8 -29.925 -30
-23 -23 -23.05 -23.075 -23.275 -23.5 -23.35 -23.4 -23.45 -23.825 -23.7 -24.1 -24.275 -24.4 -24.675 -25.3 -25.375 -25.325 -25.725 -25.75 -26.025 -26.5 -26.7 -27 -27.3 -27.65 -27.8 -27.8 -27.55 -28.325 -28.55 -28.55 -28.3 -28.05 -28.325 -28.525 -28.65 -28.2 -28.1 -28 -28 -27.9 -28 -28 -28.1 -28.1 -28.2 -28.4 -28.4 -28.5 -28.5 -28.5 -28.45 -28.4 -28.45 -28.625 -28.7 -28.6 -28.65 -28.5 -28.575 -28.6 -28.8 -28.95 -29.15 -29.25 -29.5 -29.65 -29.75 -29.7 -29.85 -29.8 -29.975 -30.075
-22.9 -22.875 -23.025 -22.975 -23.1 -23.3 -23.15 -23.4 -23.5 -23.75 -23.9 -24.05 -24.075 -24.675 -24.75 -24.75 -24.875 -24.9 -25.45 -25.525 -26.075 -26.4 -26.5 -26.975 -27.3 -27.5 -27.7 -28 -27.65 -28.25 -28.875 -28.75 -28.4 -28.1 -28.175 -28.425 -28.4 -28.1 -28 -27.925 -27.9 -28 -27.9 -28 -28 -28.1 -28.2 -28.275 -28.425 -28.6 -28.4 -28.5 -28.5 -28.4 -28.5 -28.6 -28.7 -28.6 -28.6 -28.6 -28.6 -28.775 -28.9 -29.1 -29.3 -29.4 -29.5 -29.725 -29.8 -29.9 -29.8 -29.975 -30 -30.025
-22.675 -22.6 -22.7 -22.775 -22.95 -23.225 -23.2 -23.125 -23.2 -23.3 -23.525 -23.5 -23.875 -24.625 -24.85 -24.5 -24.625 -24.875 -25.425 -25.45 -26.05 -26.375 -26.475 -27 -27.5 -27.5 -27.85 -27.875 -27.6 -28.225 -28.725 -28.5 -28.4 -28.2 -28 -28.025 -28.1 -27.975 -28 -28 -27.975 -28 -27.9 -28 -28 -28.1 -28.175 -28.25 -28.3 -28.3 -28.4 -28.4 -28.4 -28.4 -28.5 -28.625 -28.75 -28.8 -28.8 -28.675 -28.8 -28.8 -28.925 -29.15 -29.4 -29.5 -29.7 -29.8 -29.85 -29.9 -30 -30.075 -29.95 -30.05
-22.65 -22.4 -22.525 -22.75 -23.075 -22.85 -22.95 -22.975 -23.375 -23.15 -23.45 -23.475 -23.8 -24.7 -24.075 -23.925 -24.275 -24.85 -25.475 -25.325 -25.95 -26.2 -26.55 -26.975 -27.3 -27.575 -27.9 -27.725 -27.625 -28 -28.4 -28.25 -28.275 -28.2 -28.1 -28 -27.9 -28 -28.125 -28.2 -28.1 -28.075 -27.9 -28 -28 -28.1 -28.2 -28.2 -28.2 -28.2 -28.3 -28.3 -28.325 -28.4 -28.55 -28.7 -28.75 -28.8 -28.8 -28.8 -28.8 -28.9 -29 -29.275 -29.55 -29.6 -29.775 -29.825 -30 -29.95 -30.025 -30 -29.9 -30
