Env_Vars/Set_1/100kmsq_mcmt_final.asc
ncols         290
nrows         380
xllcorner     -2197417.7431653
yllcorner     -584827.01486885
cellsize      10000
NODATA_value  -9999
[rows 99 to 131 of 380, columns 74 to 147 of 290]
-22.475 -22.2 -22.25 -22.45 -23.1 -22.75 -22.925 -22.875 -23.075 -23 -23.425 -23.375 -23.9 -24.45 -23.675 -24.15 -24.6 -24.85 -25.475 -25.4 -25.875 -26.1 -26.45 -27 -27.075 -27.375 -27.45 -27.8 -27.85 -28.575 -29.025 -28.5 -28.3 -28.4 -28.3 -28.025 -28 -28.2 -28.3 -28.4 -28.4 -28.1 -27.9 -28.025 -28.025 -28 -28.2 -28.225 -28.3 -28.3 -28.3 -28.3 -28.35 -28.4 -28.525 -28.65 -28.7 -28.8 -28.8 -28.775 -28.775 -28.9 -29.175 -29.3 -29.5 -29.7 -29.725 -29.8 -30 -30 -30.05 -30.025 -29.975 -29.825
-21.7 -22.225 -22.175 -22.375 -22.925 -22.65 -22.925 -22.725 -22.8 -23.275 -23.3 -24 -23.55 -24 -23.8 -23.925 -24.375 -25.125 -25.475 -25.55 -26 -25.75 -26.375 -26.8 -26.85 -27.3 -27.6 -27.6 -27.775 -28.4 -28.825 -28.4 -28.3 -28.35 -28.275 -27.9 -28 -28.2 -28.3 -28.2 -28.025 -27.925 -27.9 -28 -28.025 -28.1 -28.25 -28.225 -28.35 -28.4 -28.4 -28.475 -28.6 -28.5 -28.525 -28.625 -28.6 -28.8 -28.9 -28.9 -28.9 -29.1 -29.275 -29.4 -29.6 -29.7 -29.8 -29.925 -29.925 -30 -30 -29.9 -29.95 -29.9
-21.725 -22.2 -22 -22.2 -23.05 -22.625 -22.975 -22.65 -22.775 -22.85 -23.4 -23.825 -23.125 -23.575 -24.025 -24.025 -24.825 -24.75 -25.225 -25.45 -26.075 -25.725 -26.25 -26.7 -26.725 -27.2 -27.6 -27.625 -27.7 -28.1 -28.35 -28.2 -28.275 -28.2 -28.025 -27.975 -27.9 -28 -27.975 -27.9 -27.9 -27.9 -27.9 -27.9 -28 -28.175 -28.3 -28.275 -28.4 -28.525 -28.8 -29.05 -29.2 -28.75 -28.45 -28.55 -28.6 -28.775 -28.8 -28.775 -28.875 -29.1 -29.2 -29.5 -29.55 -29.8 -29.9 -30 -30.1 -30 -30 -30 -29.9 -29.9
-21.45 -21.475 -22.025 -22.025 -23.15 -22.75 -22.875 -22.55 -22.55 -22.675 -23.5 -23.35 -22.825 -22.825 -23.75 -24 -24.325 -24.5 -24.875 -25.225 -25.8 -25.95 -26.55 -26.7 -26.8 -27.25 -27.65 -27.75 -27.7 -27.8 -28.175 -27.975 -27.9 -27.9 -27.975 -28 -27.9 -27.8 -27.8 -27.9 -27.9 -27.9 -27.9 -27.9 -28 -28.175 -28.25 -28.3 -28.4 -28.525 -28.7 -28.95 -28.7 -28.55 -28.5 -28.5 -28.675 -28.8 -28.8 -28.825 -28.9 -29 -29.4 -29.5 -29.7 -29.85 -30 -30 -30.125 -30 -30 -30.025 -29.9 -29.9
-21.35 -21.525 -21.9 -22 -23.1 -22.525 -22.225 -22.325 -22.4 -22.625 -22.975 -22.75 -22.725 -22.575 -23.4 -23.675 -23.45 -24.55 -24.65 -25.1 -25.45 -25.825 -26.45 -26.75 -26.725 -27.2 -27.925 -27.7 -27.6 -27.8 -28.15 -27.7 -27.9 -27.9 -27.8 -27.875 -27.8 -27.8 -27.9 -27.9 -27.8 -27.9 -27.925 -27.9 -28 -28.2 -28.2 -28.175 -28.275 -28.475 -28.4 -28.4 -28.35 -28.4 -28.5 -28.5 -28.6 -28.8 -28.85 -28.8 -28.925 -29.1 -29.3 -29.5 -29.7 -29.8 -30 -30.025 -30.1 -30.025 -29.9 -29.9 -29.9 -30
-21.2 -21.55 -21.8 -22.025 -22.575 -22.475 -22.075 -22.1 -22.25 -22.175 -22.325 -22.325 -22.475 -22.775 -22.475 -23.8 -23.2 -24.2 -24.675 -24.7 -24.975 -25.725 -26.3 -26.375 -26.65 -27.125 -27.575 -27.75 -27.425 -27.55 -27.7 -27.9 -28 -28.1 -27.8 -27.7 -27.7 -27.8 -27.9 -28.025 -27.9 -27.9 -28 -27.975 -28.05 -28.2 -28.125 -28.05 -28.2 -28.2 -28.3 -28.3 -28.3 -28.3 -28.425 -28.6 -28.6 -28.8 -28.975 -28.9 -29.075 -29.15 -29.225 -29.525 -29.725 -29.925 -30.1 -30.125 -30.05 -30.05 -30 -29.925 -29.9 -29.9
-21.05 -21.5 -21.675 -21.825 -22.275 -22.3 -22 -22.075 -22.075 -21.975 -21.925 -22 -22.475 -23.35 -23.25 -23.525 -23.4 -23.375 -24.025 -24.775 -24.9 -25.825 -26.125 -26.35 -26.675 -27.55 -27.375 -27.475 -27.225 -27.7 -27.925 -27.9 -27.9 -27.8 -27.7 -27.7 -27.9 -27.725 -28 -28.2 -28 -27.9 -28 -27.95 -28.1 -28.2 -28.1 -28 -28.05 -28.1 -28.2 -28.2 -28.25 -28.3 -28.45 -28.5 -28.6 -28.75 -28.9 -29 -29.2 -29.1 -29.3 -29.625 -29.775 -30 -30.15 -30.1 -30.1 -30 -29.9 -30.1 -29.8 -29.8
-21.05 -21.5 -21.6 -21.8 -22.575 -22.1 -21.825 -21.6 -21.725 -22.2 -21.775 -22.125 -22.45 -22.55 -22.9 -23.525 -23.725 -23.7 -23.95 -24.575 -25 -25.85 -26.075 -26.1 -26.6 -27.575 -27.025 -27.175 -27.3 -27.45 -27.7 -27.8 -27.8 -27.7 -27.7 -27.7 -27.75 -27.7 -27.95 -28 -27.8 -27.775 -27.9 -27.9 -28.05 -28.1 -27.925 -27.9 -28 -28.025 -28.1 -28.175 -28.2 -28.375 -28.4 -28.5 -28.6 -28.8 -28.9 -29.1 -29.1 -29 -29.4 -29.7 -29.775 -30.1 -30.1 -30.15 -30.05 -30.075 -29.9 -29.9 -29.8 -29.775
-21.125 -21.4 -21.475 -21.7 -22.1 -23.05 -21.825 -21.875 -21.875 -21.925 -21.9 -21.85 -22.075 -22.4 -23.125 -23.625 -23.525 -23.925 -24 -24.475 -25.1 -25.3 -25.925 -25.825 -26.425 -27.225 -27.525 -26.875 -27 -27.325 -27.4 -27.5 -27.725 -27.8 -27.625 -27.6 -27.5 -27.6 -27.6 -27.6 -27.6 -27.7 -27.675 -27.75 -27.8 -27.9 -27.9 -27.9 -27.9 -28 -28.1 -28.125 -28.2 -28.3 -28.4 -28.5 -28.6 -28.7 -28.9 -29.05 -29.05 -29.1 -29.35 -29.6 -29.8 -30.05 -30.25 -30.075 -30 -29.9 -29.825 -29.8 -29.725 -29.7
-21.15 -21.35 -21.55 -21.6 -21.8 -22.425 -21.55 -21.7 -21.775 -21.825 -22.275 -21.9 -21.85 -21.925 -22.55 -22.9 -23.5 -23.8 -23.95 -24.025 -25.075 -25.375 -25.6 -25.925 -26.875 -26.775 -26.9 -26.75 -27.125 -27.25 -27.125 -27.2 -27.55 -27.7 -27.325 -27.375 -27.4 -27.4 -27.5 -27.5 -27.5 -27.5 -27.6 -27.65 -27.7 -27.8 -27.8 -27.8 -27.9 -28 -28 -28.175 -28.2 -28.3 -28.4 -28.5 -28.6 -28.7 -28.9 -28.9 -29.15 -29.2 -29.3 -29.5 -29.725 -30.05 -30.1 -30 -29.8 -29.8 -29.825 -29.75 -29.7 -29.6
-20.825 -21.375 -21.35 -21.2 -21.65 -21.05 -22.925 -22.9 -22.475 -21.575 -21.425 -22.225 -21.95 -21.875 -22.1 -22.425 -23.275 -23.6 -24.25 -24.6 -24.975 -25.275 -25.725 -26.075 -26.975 -26.5 -26.5 -26.75 -27.1 -27.2 -27.35 -27.5 -27.1 -27.1 -27.225 -27.225 -27.35 -27.325 -27.4 -27.4 -27.4 -27.5 -27.5 -27.55 -27.625 -27.7 -27.725 -27.775 -27.85 -28 -28.1 -28.1 -28.2 -28.3 -28.4 -28.5 -28.6 -28.7 -28.9 -28.925 -29.1 -29.1 -29.3 -29.5 -29.7 -30.075 -29.9 -29.8 -29.7 -29.7 -29.675 -29.6 -29.6 -29.5
-20.325 -20.85 -21.6 -21.1 -21.175 -20.725 -22.275 -22.375 -22.05 -22.775 -21.45 -21.75 -22.1 -21.85 -21.95 -22.475 -22.9 -23.5 -23.675 -24.225 -25.125 -25.025 -25.525 -26.225 -27.025 -26.3 -26.5 -26.6 -27 -27.225 -27.325 -27.3 -27.075 -27.075 -27.1 -27.1 -27.225 -27.325 -27.325 -27.3 -27.3 -27.475 -27.5 -27.5 -27.675 -27.6 -27.6 -27.825 -27.9 -27.95 -28.025 -28.1 -28.2 -28.3 -28.4 -28.5 -28.5 -28.7 -28.825 -28.9 -29 -29.1 -29.2 -29.375 -29.7 -29.8 -29.75 -29.6 -29.5 -29.6 -29.6 -29.575 -29.5 -29.5
-20.65 -21.4 -20.275 -21.05 -20.625 -20.45 -22.2 -20.8 -21.5 -22.275 -21.45 -22.875 -22.825 -22.25 -22.75 -22.775 -22.9 -23 -23.5 -23.775 -24.675 -24.75 -24.975 -26.375 -26.375 -26.2 -26.625 -26.6 -26.7 -27.05 -27.3 -27.5 -27.2 -26.925 -27 -27 -27.1 -27.1 -27.275 -27.3 -27.3 -27.475 -27.4 -27.5 -27.5 -27.5 -27.6 -27.7 -27.85 -27.85 -28 -28.1 -28.125 -28.25 -28.375 -28.4 -28.55 -28.7 -28.8 -28.9 -29 -29.1 -29.1 -29.35 -29.5 -29.525 -29.475 -29.4 -29.4 -29.5 -29.425 -29.425 -29.4 -29.4
-20.25 -20 -20.15 -20.7 -20.3 -20.3 -22.4 -20.175 -21.4 -21.8 -21.75 -22.75 -22.975 -22.8 -22.125 -21.875 -22.025 -22.55 -23.1 -24.15 -24.15 -24.55 -24.85 -26.15 -26.125 -26.125 -26.25 -26.4 -26.625 -26.825 -26.95 -27.625 -27.15 -26.9 -27 -27.1 -27.2 -27.2 -27.2 -27.4 -27.3 -27.35 -27.35 -27.4 -27.5 -27.5 -27.65 -27.675 -27.7 -27.8 -27.95 -28 -28.1 -28.2 -28.3 -28.45 -28.6 -28.75 -28.8 -28.9 -29 -29 -29 -29.2 -29.35 -29.3 -29.3 -29.325 -29.3 -29.3 -29.3 -29.4 -29.3 -29.325
-20.575 -19.9 -19.85 -20.475 -21.575 -20.45 -22.75 -22.475 -21.05 -21.45 -23 -22.05 -22.25 -22.275 -22 -21.65 -21.975 -22.85 -23.275 -24.2 -24.3 -24.55 -26.05 -26 -26.875 -26.15 -26.2 -26.2 -26.325 -26.525 -26.7 -26.875 -26.9 -26.8 -26.9 -27.1 -27.2 -27.225 -27.3 -27.5 -27.55 -27.525 -27.5 -27.6 -27.525 -27.6 -27.5 -27.6 -27.65 -27.8 -27.8 -27.9 -28.1 -28.2 -28.375 -28.4 -28.5 -28.75 -28.75 -28.8 -28.775 -28.9 -28.95 -29.1 -29.2 -29.2 -29.225 -29.2 -29.175 -29.2 -29.275 -29.3 -29.2 -29.2
-19.4 -20.425 -19.95 -19.7 -22.125 -21.85 -21.2 -20.85 -22.425 -21.25 -21.875 -23.125 -22.125 -21.825 -21.65 -21.875 -21.6 -22.925 -22.85 -24.2 -24.4 -24.85 -25.7 -25.8 -25.9 -26.075 -26.2 -26.3 -26.4 -26.4 -26.475 -26.575 -26.8 -26.75 -26.9 -27.05 -27.2 -27.325 -27.425 -27.6 -27.8 -27.975 -27.95 -27.925 -27.775 -27.725 -27.65 -27.525 -27.6 -27.65 -27.825 -28 -28.1 -28.2 -28.3 -28.4 -28.5 -28.6 -28.7 -28.8 -28.9 -28.875 -28.725 -29 -29 -29 -29 -29.05 -29.05 -29.075 -29.175 -29.2 -29.1 -29.15
-19.625 -21.425 -19.6 -19.525 -20.575 -19.6 -21.475 -20.45 -21.275 -21.975 -22.225 -22.975 -23.1 -22.25 -21.425 -21.65 -21.525 -21.725 -23.5 -23.975 -23.875 -24.9 -25.7 -25.75 -25.8 -26.15 -26.3 -26.4 -26.5 -26.5 -26.3 -26.475 -26.525 -26.8 -26.9 -27 -27.2 -27.3 -27.5 -27.75 -28.025 -28.3 -28.375 -28.15 -28.4 -28.4 -28.1 -27.825 -27.6 -27.6 -27.8 -27.95 -28 -28.1 -28.2 -28.3 -28.5 -28.55 -28.7 -28.675 -28.7 -28.8 -28.725 -28.8 -28.85 -28.9 -28.9 -28.8 -28.9 -28.9 -29.1 -29.025 -28.9 -29
-21.625 -20.225 -18.825 -19.95 -19.025 -19.6 -21.35 -20.225 -21.75 -21.325 -21.425 -21.6 -21.275 -22.65 -20.875 -21.575 -21.05 -21.925 -23.2 -23.7 -23.6 -25.75 -25.75 -25.875 -25.925 -26.025 -26 -26.35 -26.5 -26.5 -26.325 -26.4 -26.5 -26.6 -26.8 -26.9 -27.1 -27.3 -27.575 -27.8 -28.15 -28.3 -28.25 -28.2 -28.325 -28.3 -28.4 -28.45 -27.75 -27.7 -27.625 -27.8 -27.9 -28 -28.1 -28.3 -28.4 -28.5 -28.6 -28.65 -28.6 -28.65 -28.55 -28.7 -28.7 -28.7 -28.8 -28.75 -28.8 -28.8 -28.9 -28.875 -28.825 -28.85
-19.05 -18.9 -18.975 -20 -19 -19.8 -20.65 -21.8 -21.475 -19.35 -21.45 -21.275 -22.1 -20.4 -21.5 -20.525 -21.075 -21.725 -22.25 -23.2 -23.7 -25.25 -25.4 -26.575 -26 -25.9 -26 -26.3 -26.775 -26.875 -26.375 -26.45 -26.4 -26.5 -26.6 -26.75 -27 -27.175 -27.5 -27.8 -28.1 -28.2 -28.25 -28.275 -28.3 -28.3 -28.4 -28.6 -28.3 -27.775 -27.7 -27.6 -27.8 -27.9 -28.05 -28.1 -28.2 -28.4 -28.55 -28.5 -28.525 -28.5 -28.4 -28.425 -28.5 -28.6 -28.6 -28.525 -28.6 -28.6 -28.7 -28.7 -28.625 -28.7
-18.225 -19.725 -19.125 -19.725 -18 -19.575 -20.6 -20.725 -20.025 -20.2 -19.9 -20.2 -21.7 -20.125 -21.8 -20.725 -21.15 -21.025 -22.2 -23.2 -25.05 -25.65 -25.975 -25.975 -25.85 -25.85 -26 -26.2 -26.4 -26.875 -26.7 -26.3 -26.3 -26.5 -26.5 -26.6 -26.8 -27 -27.325 -27.8 -28.1 -28.2 -28.25 -28.3 -28.3 -28.225 -28.3 -28.4 -28.4 -28.05 -27.8 -27.7 -27.7 -27.825 -28 -28 -28.15 -28.25 -28.4 -28.4 -28.2 -28.35 -28.325 -28.35 -28.4 -28.4 -28.4 -28.4 -28.5 -28.475 -28.55 -28.6 -28.5 -28.65
-20.5 -19.325 -18.65 -19.425 -18.075 -20.4 -21.025 -21.375 -19.2 -20.825 -19.725 -21.075 -19.85 -20 -21.425 -22.875 -21.8 -21.175 -22.975 -24 -25.05 -25.325 -26.1 -25.625 -25.6 -25.8 -26.05 -26.1 -26.125 -26.5 -26.275 -26.2 -26.3 -26.4 -26.475 -26.5 -26.6 -26.8 -27 -27.275 -27.9 -28.15 -28.2 -28.1 -28.15 -28.2 -28.4 -28.3 -28.5 -28.3 -28.375 -27.925 -27.6 -27.7 -27.8 -27.9 -28.05 -28.1 -28.2 -28.25 -28.275 -28.2 -28.3 -28.3 -28.2 -28.3 -28.25 -28.25 -28.3 -28.3 -28.5 -28.5 -28.3 -28.3
-20.85 -17.975 -18.75 -18.775 -20.075 -18.95 -19.15 -19.45 -20.5 -20.275 -21.125 -21.375 -21.125 -21.125 -21.7 -21.375 -22.4 -21.9 -23.325 -24.75 -24.725 -25.7 -25.4 -25.375 -25.4 -25.6 -25.875 -25.9 -25.9 -26 -26.05 -26.1 -26.25 -26.3 -26.425 -26.5 -26.5 -26.6 -26.8 -26.9 -27.05 -27.125 -27.25 -27.475 -27.6 -27.95 -28.4 -28.275 -28.5 -27.75 -27.95 -28.2 -27.8 -27.6 -27.7 -27.8 -27.95 -27.9 -28 -28.1 -28.1 -28.125 -28.15 -28.1 -28.1 -28.1 -28.1 -28.1 -28.1 -28.2 -28.3 -28.225 -28.2 -28.2
-18.975 -17.525 -18.525 -17.55 -20.2 -18.925 -19.025 -18.775 -20.7 -20.5 -19.475 -19.75 -20.675 -20.9 -19.65 -19.975 -22.025 -22.95 -23.525 -24.4 -25.225 -25.375 -25.1 -25.1 -25.475 -25.475 -25.5 -25.7 -25.775 -25.9 -25.9 -26.2 -26.1 -26.25 -26.2 -26.4 -26.5 -26.5 -26.6 -26.75 -26.9 -26.9 -27 -27 -27.1 -27.15 -27.25 -27.35 -27.3 -27.4 -27.4 -27.5 -27.5 -27.6 -27.6 -27.7 -27.75 -27.8 -27.85 -27.9 -27.9 -28 -28 -27.975 -27.95 -28 -28 -27.9 -28 -28 -28 -28 -28.1 -28.1
-17.6 -17 -18.8 -16.95 -21.075 -19.25 -17.675 -20.5 -19.25 -19.6 -18.9 -18.675 -19.25 -19.4 -19.425 -19.85 -20.225 -22.35 -22.675 -24.375 -24.9 -25.6 -24.85 -24.95 -25.1 -25.2 -25.3 -25.5 -25.65 -25.9 -25.8 -25.85 -26.125 -26.2 -26.3 -26.3 -26.4 -26.4 -26.55 -26.6 -26.7 -26.8 -26.9 -26.925 -26.95 -27.1 -27.1 -27.2 -27.2 -27.2 -27.3 -27.3 -27.4 -27.4 -27.475 -27.6 -27.6 -27.7 -27.7 -27.7 -27.8 -27.8 -27.7 -27.8 -27.75 -27.675 -27.8 -27.8 -27.8 -27.8 -27.9 -27.825 -28 -27.9
-16.25 -17.675 -18.625 -19.725 -21.65 -18.65 -18.725 -19.175 -19.55 -18.15 -18.5 -18.35 -18.6 -18.775 -19.35 -19.725 -20.45 -21.15 -22.3 -24.1 -24.325 -24.775 -24.5 -24.725 -24.9 -25 -25.225 -25.425 -25.5 -25.4 -25.7 -25.9 -26.175 -26.2 -26.225 -26.3 -26.2 -26.4 -26.425 -26.5 -26.6 -26.7 -26.775 -26.8 -26.875 -27 -27 -27.025 -27.1 -27.1 -27.2 -27.2 -27.3 -27.3 -27.4 -27.4 -27.5 -27.55 -27.55 -27.575 -27.65 -27.7 -27.6 -27.6 -27.575 -27.5 -27.6 -27.6 -27.7 -27.7 -27.7 -27.7 -27.675 -27.775
-16.275 -16.75 -16.725 -18.55 -21.75 -19.6 -17.8 -17.2 -19.225 -19.25 -18.05 -17.75 -19.75 -18.4 -18.625 -19.9 -20.6 -21.4 -21.075 -23.9 -23.975 -24.1 -24.35 -24.525 -24.8 -25.15 -25.4 -25.6 -25.5 -25.7 -25.7 -25.9 -26.1 -26.1 -26.3 -26.2 -26.2 -26.3 -26.4 -26.5 -26.5 -26.575 -26.7 -26.725 -26.8 -26.875 -26.975 -26.9 -27 -27 -27.1 -27.1 -27.2 -27.2 -27.3 -27.3 -27.4 -27.4 -27.5 -27.475 -27.5 -27.45 -27.3 -27.35 -27.325 -27.3 -27.4 -27.5 -27.5 -27.5 -27.5 -27.5 -27.525 -27.6
-18.15 -17.45 -17.1 -19 -21.75 -19.55 -17.1 -17.55 -18.525 -19.025 -18.225 -17.525 -19.475 -18.1 -18.725 -20.45 -19.325 -22.125 -23.15 -23.6 -23.8 -24 -24.3 -24.55 -24.8 -25.05 -25.3 -25.475 -25.6 -25.8 -25.925 -25.9 -26.15 -26.2 -26.2 -26.1 -26.225 -26.2 -26.25 -26.4 -26.4 -26.5 -26.6 -26.725 -26.7 -26.8 -26.8 -26.9 -26.8 -26.8 -26.9 -27 -27.15 -27.125 -27.2 -27.2 -27.3 -27.3 -27.275 -27.375 -27.35 -27.4 -27.3 -27.3 -27.2 -27.25 -27.3 -27.4 -27.325 -27.35 -27.35 -27.4 -27.4 -27.4
-19.9 -19.275 -20.3 -20.375 -19.65 -17.475 -17.95 -19.725 -17.575 -18.5 -17.75 -18.6 -18.1 -17.975 -18.975 -20.075 -19.375 -22.35 -22.75 -23.5 -23.725 -24.05 -24.4 -24.825 -25.125 -25.3 -25.35 -25.5 -25.8 -26 -26 -26.05 -26.1 -26.15 -26.2 -26.275 -26.2 -26.2 -26.2 -26.2 -26.3 -26.4 -26.4 -26.5 -26.6 -26.65 -26.7 -26.7 -26.7 -26.725 -26.8 -26.9 -27.075 -27 -27.1 -27.1 -27.1 -27.2 -27.125 -27.2 -27.2 -27.2 -27.125 -27.1 -27.2 -27.1 -27.2 -27.2 -27.2 -27.2 -27.2 -27.2 -27.2 -27.2
-20.6 -17.65 -19.9 -18.9 -16.425 -17.15 -18.85 -21.25 -17.125 -18.25 -17 -19.3 -17.3 -17.35 -18.85 -20.3 -19.5 -21.625 -23 -23.35 -23.7 -24.05 -24.5 -24.925 -25.325 -25.6 -25.6 -25.7 -25.8 -25.9 -26.1 -26.1 -26.1 -26.1 -26.125 -26.2 -26.1 -26.1 -26.125 -26.1 -26.2 -26.2 -26.275 -26.4 -26.4 -26.5 -26.5 -26.6 -26.6 -26.65 -26.7 -26.8 -26.8 -26.9 -26.925 -26.95 -27.075 -26.9 -27 -27.1 -27 -26.9 -26.9 -26.875 -26.875 -26.9 -27 -27 -27 -27.1 -27 -27 -27.05 -27.1
-19.85 -21.725 -18.35 -16.575 -16.725 -17.05 -16.75 -20.85 -17.225 -18.225 -17.4 -18.475 -16.95 -16.9 -17.475 -20.2 -19.5 -21.6 -22.675 -23.35 -23.6 -24.15 -24.8 -25 -25.225 -25.65 -25.7 -25.7 -25.8 -25.95 -26.05 -26.1 -26.1 -26.15 -26.1 -26.1 -26.1 -26.05 -26.05 -26.1 -26.125 -26.2 -26.2 -26.2 -26.2 -26.3 -26.3 -26.4 -26.5 -26.55 -26.65 -26.7 -26.7 -26.7 -26.8 -26.9 -26.875 -26.8 -26.9 -26.925 -26.8 -26.85 -26.7 -26.7 -26.7 -26.775 -26.8 -26.8 -26.8 -26.9 -26.9 -26.9 -26.9 -27
-20.625 -22.425 -18.925 -17.425 -16.575 -17.925 -16.225 -18.175 -20.425 -19.925 -17.65 -17.25 -17.725 -16.825 -17.9 -19.725 -20.2 -21.55 -22.65 -23.3 -23.65 -24.3 -24.625 -24.875 -25.2 -25.575 -25.6 -25.7 -25.8 -25.9 -26 -26.05 -26.1 -26.1 -26.1 -26.1 -26.1 -26 -26.15 -26.2 -26.1 -26.15 -26.1 -26.2 -26.2 -26.2 -26.3 -26.3 -26.4 -26.45 -26.6 -26.6 -26.6 -26.625 -26.6 -26.6 -26.7 -26.6 -26.6 -26.6 -26.6 -26.55 -26.45 -26.5 -26.5 -26.6 -26.6 -26.7 -26.7 -26.725 -26.8 -26.8 -26.8 -26.8
-22.975 -19.5 -17.1 -16.9 -18.325 -17.875 -16.525 -17.9 -20.125 -19.65 -16.075 -16.075 -16.425 -16.75 -19.425 -19.3 -20.7 -21.55 -22.8 -23.225 -23.75 -24.2 -24.5 -24.9 -25.2 -25.4 -25.45 -25.7 -25.8 -25.8 -25.9 -26 -26 -26.1 -26.1 -26.15 -26.05 -26.1 -26.1 -26.1 -26.2 -26.2 -26.05 -26.1 -26.15 -26.2 -26.2 -26.3 -26.35 -26.4 -26.4 -26.4 -26.425 -26.5 -26.5 -26.5 -26.5 -26.475 -26.5 -26.375 -26.3 -26.3 -26.3 -26.3 -26.4 -26.4 -26.5 -26.5 -26.5 -26.5 -26.6 -26.6 -26.675 -26.7
-19.075 -16.75 -15.35 -16.375 -17.175 -16.6 -16 -16.425 -16.1 -17.225 -15.725 -15.925 -16.475 -17.525 -19.4 -20.125 -20.8 -21.925 -22.85 -23.2 -23.675 -23.95 -24.4 -24.775 -25.05 -25.3 -25.5 -25.7 -25.8 -25.8 -25.8 -25.925 -25.975 -26.1 -26.1 -26.1 -26.1 -26.025 -26.1 -26.075 -26.15 -26.2 -26.2 -26.1 -26.2 -26.3 -26.2 -26.275 -26.3 -26.35 -26.225 -26.3 -26.35 -26.3 -26.3 -26.3 -26.3 -26.275 -26.25 -26.15 -26.1 -26.1 -26.1 -26.2 -26.2 -26.275 -26.3 -26.3 -26.4 -26.4 -26.5 -26.5 -26.5 -26.6
