Env_Vars/Set_1/100kmsq_ruggedness_final.asc
ncols         290
nrows         380
xllcorner     -2197417.7431653
yllcorner     -584827.01486885
cellsize      10000
NODATA_value  -9999
[rows 104 to 129 of 380, columns 58 to 115 of 290]
0.01660997 0.01379618 0.006411714 0.00955767 0.01035089 0.01419567 0.02806954 0.01625444 0.007747252 0.0278897 0.01904223 0.04621711 0.03368315 0.03844582 0.03206329 0.02881344 0.02592662 0.03684126 0.02394566 0.05119558 0.03892942 0.02522832 0.04350304 0.03812584 0.03766812 0.03788885 0.03344804 0.03143204 0.03435721 0.03859331 0.04186472 0.01472857 0.03699921 0.03016783 0.02739246 0.02935163 0.01880803 0.01114824 0.0143583 0.01386278 0.01760265 0.02744879 0.01059125 0.006172827 0.004484888 0.00424322 0.003501591 0.003716371 0.002175707 0.001132719 0.001315914 0.0004015733 0.001225363 0.0008417499 0.001143129 0.001563812 0.0006527564 0.001006128
0.02883357 0.01921525 0.0101627 0.01253768 0.00958313 0.008770671 0.01033524 0.003901215 0.01322846 0.005486497 0.03506199 0.04604159 0.0316813 0.04236622 0.03205341 0.02826116 0.03711953 0.03078492 0.03289915 0.05359254 0.03341166 0.03076574 0.04059111 0.04153595 0.03589544 0.02654544 0.03245796 0.03261899 0.03766644 0.03236436 0.0313286 0.008210814 0.02231452 0.03903083 0.0339459 0.03081416 0.02966453 0.01495773 0.01461856 0.01372632 0.01872926 0.02393343 0.01062697 0.004681845 0.003814562 0.01926109 0.006407412 0.003886814 0.0003515046 0.0009390273 0.0009088159 0.0008338532 0.000889276 0.001354711 0.0008829382 0.002157722 0.0003849979 0.0008427099
0.02916668 0.03636933 0.02104089 0.009408231 0.01498626 0.02197385 0.00755708 0.005256788 0.01559933 0.00961403 0.0247268 0.0503638 0.03975997 0.04339082 0.01779758 0.02800361 0.04640045 0.03810741 0.03981252 0.03935127 0.02730667 0.02371772 0.02741178 0.03136392 0.03832192 0.02698944 0.04910359 0.03012203 0.02967125 0.03229998 0.02664218 0.01602308 0.04017545 0.0352553 0.03446177 0.02654163 0.02491966 0.01203651 0.01271013 0.01694508 0.01683358 0.01473646 0.007161161 0.00148664 0.008955071 0.007148675 0.004430438 0.0007562515 0.0007843254 0.001088341 0.0007378195 0.0003170564 0.0004719716 0.001619402 0.001420343 0.0009150706 0.0007507933 0.001251476
0.03267311 0.02717068 0.03174086 0.02065915 0.01236638 0.01528871 0.01312953 0.003712343 0.009663101 0.01782603 0.0139592 0.02959719 0.02453854 0.04013816 0.02152219 0.0172106 0.03907709 0.03447698 0.04822414 0.07594676 0.03538001 0.009990025 0.03670352 0.04164428 0.04635425 0.03631293 0.04632683 0.03348789 0.03139304 0.03429057 0.02628896 0.02598919 0.03032009 0.02874809 0.02491264 0.03162571 0.01260713 0.01050233 0.01665291 0.02707947 0.01622301 0.0306564 0.008042827 0.003176679 0.001308533 0.0037129 0.0009152009 0.002686128 0.002538241 0.0005015335 0.001262825 0.0007616685 0.0009306388 0.0002589837 0.0003835702 0.0009143592 0.0003773171 0.0003790997
0.02838246 0.02701902 0.02865883 0.02051019 0.008101416 0.02435418 0.01488219 0.006951474 0.01182979 0.04068465 0.01910879 0.02980762 0.02430913 0.04445371 0.01060864 0.03199337 0.04843696 0.02102756 0.05524054 0.0476069 0.03618726 0.03221352 0.04062695 0.04701665 0.05203317 0.03517593 0.0344379 0.04411049 0.03346349 0.03700107 0.030045 0.03926504 0.03815024 0.02784336 0.02799248 0.02518201 0.01455457 0.01400236 0.01093701 0.01958221 0.01899927 0.022101 0.008157933 0.0007796019 0.003581365 0.005008785 0.006416036 0.001776025 0.004182147 0.003579048 0.002047685 0.0007214872 0.0003164971 0.0004757892 0.0002664139 0.0009817278 0.0004652811 0.0003961175
0.0343286 0.02982014 0.03608635 0.02505125 0.004794472 0.01546203 0.01385203 0.00501686 0.01044307 0.01275313 0.0335863 0.04282364 0.0303906 0.03698449 0.02643667 0.02964267 0.03783964 0.05469289 0.02730078 0.04228078 0.03568334 0.04475076 0.01706271 0.02820947 0.03400426 0.03840767 0.04515364 0.02689685 0.04066474 0.04056762 0.02895365 0.02999431 0.0281974 0.02776353 0.03553352 0.01760519 0.02124856 0.01718166 0.01548284 0.01139516 0.01643579 0.01119803 0.001858946 0.0006333551 0.001045013 0.001147954 0.001993056 0.004313943 0.0009409077 0.001553326 0.00029997 0.0007298763 0.0006514434 0.0004028422 0.0001847877 0.0004145881 0.0001452809 0.0003721945
0.02825454 0.01860686 0.0384788 0.02854661 0.009195048 0.02035892 0.02366408 0.009105232 0.004346322 0.007884203 0.007038882 0.02307749 0.02770902 0.03140344 0.02236713 0.02918196 0.03716669 0.04556382 0.03049559 0.03344009 0.0344249 0.0395309 0.01943717 0.01902334 0.03886494 0.02815993 0.03593452 0.03529552 0.02482438 0.03264699 0.04071184 0.02812519 0.03487512 0.02937556 0.02215075 0.01248174 0.01270841 0.01243011 0.01673209 0.01601623 0.02085732 0.001356155 0.003385203 0.0006417639 0.001238822 0.001436778 0.0004579457 0.002572793 0.0008244625 0.001068653 0.0003655941 0.001650039 0.001607611 0.001886538 0.0004880039 0.0004665174 0.0001739043 0.0002074196
0.02383625 0.03016716 0.03807473 0.01254012 0.02452407 0.02185863 0.02759244 0.005451804 0.00768672 0.02279438 0.03976805 0.04430647 0.02888515 0.01834167 0.02986303 0.03245809 0.03289694 0.04205754 0.03781979 0.02492205 0.05031298 0.03798937 0.03081238 0.04254244 0.01745926 0.02669371 0.03092136 0.01232943 0.01007732 0.02566333 0.01561446 0.02543579 0.02648092 0.02732348 0.01908826 0.01958333 0.01494114 0.005836679 0.01341475 0.03298647 0.01459416 0.0019305 0.002641264 0.001028844 0.002155522 0.0005180787 0.0009749802 0.001866838 0.005824289 0.0005226145 0.0008714523 0.0002910383 0.0002047734 0.0004828805 0.001196488 0.0003302025 0.000511944 0.0006488649
0.00293861 0.02077955 0.02899673 0.02331861 0.009273855 0.0210693 0.02332506 0.003598465 0.009208653 0.03713757 0.02655715 0.02386272 0.02724322 0.02242267 0.0282148 0.03181857 0.03449836 0.0201661 0.01653543 0.04578611 0.03202358 0.01884331 0.037827 0.01859477 0.01835904 0.05581143 0.0350663 0.02815158 0.0123903 0.02036541 0.02900252 0.02558132 0.0227416 0.02264129 0.01224543 0.01000546 0.0183752 0.005023466 0.02131487 0.0141281 0.01300612 0.01093746 0.001288407 0.0003195266 0.0008369654 0.002862827 0.001412312 0.002576404 0.00302042 0.0006373539 0.0008135021 0.0004041939 0.0002169008 0.0002130581 0.000225336 0.0002833512 0.001015591 0.0004737947
0.01029612 0.009332878 0.009268414 0.02221214 0.01558469 0.004516807 0.005930642 0.001853388 0.02623039 0.02890294 0.02973789 0.02756895 0.01186567 0.0339008 0.02968313 0.03666821 0.02865079 0.03206361 0.01839311 0.03638124 0.007517393 0.02249584 0.01493169 0.01187024 0.03686117 0.03115587 0.01983958 0.03258793 0.04144063 0.0288675 0.02584437 0.02096422 0.02358026 0.02877776 0.03171227 0.008556291 0.01567111 0.01008813 0.02306293 0.01658274 0.03048717 0.004267003 0.0008076241 0.001308555 0.001016633 0.001656689 0.001013956 0.00110031 0.001777819 0.0003561726 0.0002204139 0.0007886389 0.0002870538 0.0005434445 0.0005647005 0.0005346066 0.0004690432 0.0006881675
0.01126076 0.007148389 0.001361527 0.02713444 0.02447952 0.00640466 0.002908247 0.004063932 0.02368085 0.01456528 0.02367629 0.02008626 0.03288053 0.02944239 0.01068627 0.03918562 0.0330544 0.01767625 0.03261881 0.04161192 0.004870407 0.01321605 0.0204698 0.0226218 0.03455093 0.03238744 0.03685549 0.0170981 0.03870259 0.04150447 0.03933633 0.02668769 0.0270648 0.01143297 0.02537714 0.00687363 0.01921789 0.01640059 0.009109265 0.01135059 0.00944118 0.002163156 0.00254596 0.001042726 0.002233185 0.000798795 0.0007403865 0.003124298 0.0003728039 0.0005012709 0.0004210231 0.0001788581 0.0004662629 0.0009043635 0.0007038587 0.001105621 0.001605451 0.004525606
0.01716603 0.009721529 0.004916537 0.01209175 0.02027383 0.006885605 0.00654124 0.01970225 0.02493592 0.0218192 0.006240257 0.03139658 0.01986519 0.03159206 0.02596137 0.03365424 0.01532049 0.001278545 0.0143905 0.01777409 0.0143346 0.0187625 0.0163996 0.02217857 0.01966866 0.02824406 0.02906344 0.02100747 0.03181589 0.04021066 0.02553057 0.02521548 0.02551532 0.02423351 0.01301045 0.006352141 0.04063955 0.01179232 0.01035859 0.002898295 0.02592144 0.003198721 0.0006984237 0.0005038208 0.001982801 0.001428224 0.0008925211 0.001074485 0.0003703247 0.0006589931 0.0003081279 0.0004100427 0.001637507 0.0007785579 0.001399875 0.001212762 0.003223628 0.001449291
0.01344986 0.003568418 0.001957898 0.001593612 0.005138772 0.006749478 0.01337881 0.02886932 0.01589394 0.01262783 0.008011042 0.02939411 0.006601072 0.01871272 0.01263887 0.009238513 0.004922705 0.008894268 0.02102379 0.01582311 0.01747972 0.02677398 0.01925775 0.01583735 0.01957545 0.03906609 0.02433933 0.01925934 0.03528201 0.02692258 0.03520852 0.03329138 0.02881909 0.04367974 0.01466183 0.008957816 0.0179676 0.007962728 0.01626973 0.0211352 0.009670299 0.002184586 0.001046675 0.0006608025 0.001026459 0.001373569 0.0004080867 0.001127752 0.001044704 0.0006952094 0.00031619 0.0002749756 0.001120671 0.001359856 0.0006319745 0.001128757 0.0008453022 0.001454727
0.007536767 0.001994715 0.002282268 0.0007697933 0.01925613 0.007727871 0.004217989 0.01014945 0.01808976 0.003910403 0.01708722 0.02982165 0.01775798 0.008769891 0.005255036 0.005167708 0.01640269 0.02940798 0.02143017 0.01812733 0.01481952 0.01097257 0.01400063 0.01701608 0.03263338 0.02592678 0.02026764 0.02531926 0.02636864 0.03507826 0.03602543 0.03910401 0.04428967 0.01288103 0.01515834 0.01183907 0.02483854 0.003960822 0.004845911 0.03151322 0.001912121 0.0009394318 0.002832802 0.0009067131 0.003127094 0.002792511 0.002898439 0.0004692251 0.001274584 0.0004488078 0.0005101497 0.0006613816 0.0006397919 0.0006282827 0.0008481009 0.002010077 0.001611408 0.001435618
0.003628669 0.0007134828 0.00420224 0.002415545 0.008807471 0.02300934 0.01310128 0.003554359 0.002415718 0.01279286 0.01863343 0.01861714 0.01643703 0.00802845 0.01429871 0.01267573 0.04029646 0.01085284 0.01853362 0.007534531 0.02569068 0.01659173 0.01105268 0.01497117 0.02206415 0.01423375 0.01926116 0.02259635 0.01046747 0.02638518 0.0369096 0.0367747 0.04282794 0.0309976 0.02004199 0.01490755 0.0124072 0.01595208 0.03512723 0.004996809 0.001319463 0.002556945 0.002163108 0.004914169 0.0007270302 0.002904095 0.0050217 0.0009100364 0.0005681367 0.001425624 0.0005204344 0.0004713241 0.0009533143 0.0009979573 0.001181486 0.001860796 0.003486329 0.001652513
0.004293423 0.002556762 0.000811986 0.00232312 0.004808854 0.01490025 0.02308923 0.01752705 0.01087896 0.007163059 0.004616039 0.01325085 0.01841696 0.01031904 0.02203815 0.02608559 0.009525017 0.007278466 0.01521784 0.01524814 0.0188419 0.01364724 0.01258972 0.01555345 0.0181106 0.01249666 0.02488017 0.009049555 0.02156885 0.02730676 0.02587858 0.03482636 0.05153338 0.03564218 0.01148051 0.01147589 0.01049896 0.008581426 0.02878026 0.001398645 0.0008155292 0.001413235 0.0008340379 0.0004216409 0.00130308 0.003387838 0.002401129 0.00086518 0.0002625601 0.0004579953 0.004037326 0.002190858 0.0007852844 0.0005789681 0.0003284406 0.001912717 0.00238109 0.001396446
0.006754793 0.002182224 0.001525793 0.00264124 0.005197413 0.004931168 0.0227715 0.00993544 0.01671571 0.01696429 0.01156732 0.01179159 0.0197038 0.01866435 0.008513595 0.01280824 0.002861532 0.0197058 0.009074012 0.0178738 0.009090909 0.007064793 0.01217277 0.005863476 0.01274405 0.01466483 0.008908562 0.01036071 0.02563364 0.03305312 0.03405917 0.02460051 0.02416367 0.02715231 0.01201469 0.00403835 0.004596469 0.0260763 0.001718614 0.003237236 0.001160374 0.001152671 0.0008940041 0.0007479256 0.001272177 0.001073352 0.000520748 0.0004257077 0.001854231 0.003344399 0.001697772 0.0001644969 0.0004321182 0.000450009 0.0006163771 0.000406509 0.0003279612 0.001846043
0.003261575 0.002036929 0.002142811 0.001789406 0.007171905 0.005360253 0.01592801 0.01250231 0.01747083 0.013491 0.01394345 0.01485099 0.01779331 0.01252196 0.01473531 0.007231997 0.01309167 0.01015142 0.01327371 0.01033838 0.01374339 0.012334 0.007636192 0.006095149 0.0108897 0.0136676 0.00682494 0.01386339 0.01424265 0.01783976 0.02552577 0.02518264 0.008026236 0.00716804 0.01426896 0.01284764 0.01900255 0.030805 0.001296148 0.003000231 0.001015507 0.001812516 0.001338236 0.001149828 0.0004311984 0.0003633827 0.0004160352 0.0002803362 0.003824018 0.0001641257 0.0004363232 0.0001539328 0.003080335 0.0004152009 0.0008204551 0.0006729786 0.0004068095 0.0003040398
0.006268485 0.002467939 0.004365357 0.002902294 0.003089768 0.004921415 0.01141746 0.0119982 0.01395109 0.009325786 0.01927064 0.02352693 0.01120082 0.01519218 0.02324373 0.00647274 0.01605477 0.01432333 0.01793583 0.01893085 0.0105082 0.00983773 0.008547625 0.004525932 0.005854097 0.009032576 0.01175365 0.01306575 0.01984727 0.02457983 0.02397609 0.03263245 0.02025222 0.01750375 0.04061548 0.01994364 0.0123668 0.02726851 0.0008016855 0.001169511 0.001421084 0.001376187 0.00520712 0.002521846 0.0009471445 0.0006645389 0.004894589 0.007873002 0.001908876 0.0001785829 0.000189201 0.0001645743 0.001756315 0.0004458473 0.000462434 0.0004723762 0.0002785568 0.0003293712
0.008082102 0.004446268 0.003444005 0.002509524 0.004506124 0.005390974 0.006161415 0.004838097 0.00331824 0.01210628 0.02357079 0.01575377 0.01020519 0.01458725 0.01795125 0.01029119 0.01989923 0.0165334 0.01237294 0.01364024 0.006104948 0.008815253 0.004793923 0.006557878 0.004322191 0.01444188 0.01203253 0.01584751 0.01358493 0.00510652 0.02451512 0.03318881 0.03216708 0.03052227 0.007699867 0.00958823 0.01230544 0.04133367 0.002699506 0.001549267 0.00225009 0.002398275 0.002765686 0.002879783 0.001369198 0.001511185 0.001004138 0.0002887564 0.0002548098 0.0004000832 0.0005730091 0.0002577754 0.0007729521 0.0005291619 0.001022834 0.0003299719 0.0004406769 0.0004963402
0.008256443 0.003510576 0.002196264 0.003963015 0.006299403 0.005502388 0.004268591 0.006496425 0.005165583 0.009285269 0.009471966 0.01248202 0.009417311 0.0205384 0.01013534 0.01291644 0.01682184 0.01301741 0.01336363 0.01102544 0.008038387 0.015267 0.004056504 0.01171271 0.006745196 0.01564061 0.009241076 0.009277337 0.006143924 0.01295237 0.02622724 0.01652163 0.01817657 0.02065259 0.01885586 0.001460528 0.006384239 0.0008973467 0.0006570753 0.001669003 0.0001631406 0.000356053 0.0001976643 0.0008665899 0.000905406 0.0003178465 0.0008417285 0.0002121154 0.0002669335 0.0005608631 0.0003558173 0.0006745783 0.0005240442 0.0003458997 0.0006257972 0.0002800782 0.0001917857 0.0001456455
0.00416056 0.005141236 0.006459747 0.003734955 0.004915173 0.004030067 0.004064432 0.002409264 0.008237267 0.007438774 0.01413188 0.006486189 0.0181076 0.0169588 0.008892998 0.008799383 0.01655789 0.01421019 0.0147938 0.01668134 0.008572973 0.01468582 0.01685857 0.008489838 0.007554165 0.01456293 0.01440449 0.01450214 0.005752343 0.02376394 0.01423081 0.009398978 0.02294702 0.009300342 0.008125049 0.001359452 0.0008958317 0.0004949835 0.0005623295 0.0005385894 0.002140721 0.00234219 0.001952382 0.0008611598 0.00102697 0.001821109 0.001618437 0.0006123087 0.0002774642 0.0008150963 0.0005640086 0.0006089091 0.0004634419 0.0002999119 0.0002906899 0.00111256 0.0002235427 0.0002177287
0.006584218 0.007463914 0.003268442 0.005268202 0.003354444 0.00381589 0.002151761 0.004402778 0.00506427 0.01093689 0.007092535 0.003130768 0.01954304 0.01305427 0.01075763 0.01166431 0.007386081 0.008110198 0.0085494 0.01065099 0.00979869 0.01141617 0.01847873 0.014605 0.009335725 0.01584556 0.01723338 0.008839795 0.008051392 0.02265664 0.008661264 0.007641847 0.01750633 0.005461183 0.02001275 0.002108994 0.001624822 0.0003928369 0.001754552 0.001828587 0.003614157 0.002446268 0.002235094 0.00199409 0.0006883551 0.001017037 0.0004822807 0.001238146 0.0006809446 0.001352014 0.003038979 0.000302372 0.001362338 0.0004592836 0.0003435067 0.0007689549 0.0004482668 0.0002560468
0.004763701 0.005203625 0.005843547 0.005023126 0.001962575 0.00562044 0.003209178 0.003508537 0.003803951 0.006969101 0.005525432 0.01438825 0.01994175 0.01013463 0.01121608 0.009367079 0.005208895 0.009860303 0.008867612 0.00690201 0.01394553 0.0113399 0.02044895 0.01200724 0.01397062 0.01987754 0.01579198 0.006002549 0.01971641 0.02552333 0.02299576 0.006651573 0.01463074 0.0124676 0.004290105 0.002249514 0.001033343 0.001523535 0.003751985 0.001681275 0.0009462365 0.002584948 0.0008878472 0.001581203 0.001153436 0.0003763182 0.000857621 0.0006758727 0.001848798 0.000524222 0.0009930602 0.001681854 0.0001597981 0.0002657695 0.0005792205 0.002029798 0.0003952956 0.0003532574
0.009495534 0.001978709 0.005623109 0.008409681 0.004760375 0.002290857 0.005395497 0.00491775 0.006409965 0.00352 0.006506362 0.01665414 0.00698514 0.01759783 0.008350225 0.006438674 0.004408992 0.00754611 0.008120894 0.006348623 0.003195927 0.003236092 0.004308163 0.007256866 0.008449946 0.02281348 0.009974678 0.01053671 0.02327194 0.01767616 0.03409731 0.01023201 0.01495604 0.01733911 0.00467352 0.001170559 0.0006603779 0.001104063 0.003877226 0.001817479 0.001605609 0.0009484357 0.002186471 0.0003551699 0.0003739139 0.000396888 0.000535299 0.0003858711 0.0007945353 0.001417241 0.0007104246 0.001250098 0.0002205006 0.0001765394 0.0007720492 0.002157751 0.001958139 0.0003857985
0.007399369 0.0142447 0.002679253 0.009415442 0.008399605 0.005268415 0.003280494 0.004874149 0.006081456 0.006677785 0.008174889 0.0134396 0.006555413 0.01729314 0.01268489 0.007612166 0.005223692 0.003283538 0.004689574 0.008538699 0.006293619 0.004247793 0.00938114 0.007186818 0.005072602 0.01419382 0.007746595 0.01244421 0.01996253 0.01780444 0.02209725 0.01158612 0.0102265 0.01825627 0.004254344 0.001193062 0.001171547 0.001594323 0.003832108 0.002198779 0.001104426 0.0005639611 0.000987127 0.000774701 0.0004025401 0.0006212218 0.0001900115 0.0002572853 0.0005700754 0.001111913 0.001583476 0.0008986869 0.0004484487 0.0007111045 0.0004764831 0.0003137338 0.000292053 0.0006737371
