Env_Vars/Set_1/100kmsq_mcmt_final.asc
ncols         290
nrows         380
xllcorner     -2197417.7431653
yllcorner     -584827.01486885
cellsize      10000
NODATA_value  -9999
[rows 33 to 65 of 380, columns 0 to 73 of 290]
-9999 -9999 -9999 -9999 -9999 -9999 -9999 -9999 -9999 -9999 -9999 -9999 -9999 -9999 -9999 -9999 -9999 -9999 -9999 -9999 -9999 -9999 -9999 -9999 -9999 -9999 -9999 -9999 -9999 -9999 -9999 -9999 -9999 -9999 -9999 -9999 -9999 -9999 -9999 -9999 -9999 -9999 -25.225 -22.925 -25.075 -24.65 -24.55 -22.25 -21.6 -21.925 -22.4 -23.8 -22.625 -24.45 -25.65 -25.45 -25.65 -25.55 -26.075 -27.675 -28.575 -27.425 -28.25 -27.925 -27.825 -27.625 -27 -27 -26.75 -25.4 -25.35 -25.975 -27.275 -27.65
-9999 -9999 -9999 -9999 -9999 -9999 -9999 -9999 -9999 -9999 -9999 -9999 -9999 -9999 -9999 -9999 -9999 -9999 -9999 -9999 -9999 -9999 -9999 -9999 -9999 -9999 -9999 -9999 -9999 -9999 -9999 -9999 -9999 -9999 -9999 -9999 -9999 -9999 -9999 -9999 -9999 -25.325 -22.05 -24.05 -23.125 -21.525 -21.225 -21.375 -21.325 -21.55 -23.55 -24.775 -25.275 -25.775 -25.125 -24.9 -25.925 -26.925 -26.275 -28.075 -26.775 -28.025 -28.2 -27.55 -27.4 -27.55 -27.425 -26.2 -24.975 -24.975 -25.45 -26.2 -27.3 -27.95
-9999 -9999 -9999 -9999 -9999 -9999 -9999 -9999 -9999 -9999 -9999 -9999 -9999 -9999 -9999 -9999 -9999 -9999 -9999 -9999 -9999 -9999 -9999 -9999 -9999 -9999 -9999 -9999 -9999 -9999 -9999 -9999 -9999 -9999 -9999 -9999 -9999 -9999 -9999 -9999 -22.9 -23.35 -23.375 -22.85 -21.1 -21.4 -21.375 -21.4 -20.575 -21.45 -24.15 -24.95 -25.05 -24.5 -24.9 -25.875 -25.7 -26.35 -27.25 -28.2 -26.825 -27.925 -27.9 -27.7 -27.65 -27.3 -25.875 -25.85 -24.25 -24.75 -25.85 -26.075 -27.475 -28
-9999 -9999 -9999 -9999 -9999 -9999 -9999 -9999 -9999 -9999 -9999 -9999 -9999 -9999 -9999 -9999 -9999 -9999 -9999 -9999 -9999 -9999 -9999 -9999 -9999 -9999 -9999 -9999 -9999 -9999 -9999 -9999 -9999 -9999 -9999 -9999 -9999 -9999 -9999 -9999 -22.2 -23 -21.825 -21.925 -21.7 -21.05 -20.875 -21.25 -21.6 -22.9 -24.425 -24.625 -25.35 -25.375 -25.925 -24.775 -26.025 -26.525 -26.825 -28.25 -28.025 -28.3 -27.975 -27.1 -27.3 -26.95 -26.125 -24.3 -23.575 -24.55 -25.925 -26.775 -27.6 -27.975
-9999 -9999 -9999 -9999 -9999 -9999 -9999 -9999 -9999 -9999 -9999 -9999 -9999 -9999 -9999 -9999 -9999 -9999 -9999 -9999 -9999 -9999 -9999 -9999 -9999 -9999 -9999 -9999 -9999 -9999 -9999 -9999 -9999 -9999 -9999 -9999 -9999 -9999 -9999 -21.55 -20.7 -22.1 -21.3 -21.3 -21.3 -21.875 -20.475 -21.05 -22.6 -23.85 -25.2 -25.65 -26.2 -25.3 -25.8 -25.575 -26.325 -26.675 -27.45 -28.1 -28.1 -27.875 -27.625 -27.3 -26.825 -26.45 -25.375 -23.6 -24.15 -24.375 -26.2 -27.275 -27.65 -28.05
-9999 -9999 -9999 -9999 -9999 -9999 -9999 -9999 -9999 -9999 -9999 -9999 -9999 -9999 -9999 -9999 -9999 -9999 -9999 -9999 -9999 -9999 -9999 -9999 -9999 -9999 -9999 -9999 -9999 -9999 -9999 -9999 -9999 -9999 -9999 -9999 -9999 -9999 -20.1 -20.7 -20.775 -21.5 -21 -20.85 -21.525 -21.9 -21.7 -21.75 -23.05 -24.15 -25.625 -25.825 -26.725 -25.5 -25.925 -25.875 -25.925 -27.425 -27.125 -27.4 -27.4 -27.55 -27.2 -27.4 -26.25 -25.575 -24.575 -23.375 -24.1 -24.525 -26.5 -27.45 -28.075 -28.5
-9999 -9999 -9999 -9999 -9999 -9999 -9999 -9999 -9999 -9999 -9999 -9999 -9999 -9999 -9999 -9999 -9999 -9999 -9999 -9999 -9999 -9999 -9999 -9999 -9999 -9999 -9999 -9999 -9999 -9999 -9999 -9999 -9999 -9999 -9999 -9999 -9999 -9999 -19.625 -19.65 -20.925 -20.275 -21.25 -21.4 -20.8 -21.725 -22.1 -22.8 -23.675 -24.7 -25.15 -26.425 -26.4 -26.55 -26.65 -27.2 -26.775 -25.15 -26.8 -26.225 -26.7 -26.4 -27.4 -26.55 -25.55 -24.75 -24.475 -23.9 -24.95 -25.275 -27.15 -27.7 -27.825 -28.65
-9999 -9999 -9999 -9999 -9999 -9999 -9999 -9999 -9999 -9999 -9999 -9999 -9999 -9999 -9999 -9999 -9999 -9999 -9999 -9999 -9999 -9999 -9999 -9999 -9999 -9999 -9999 -9999 -9999 -9999 -9999 -9999 -9999 -9999 -9999 -9999 -9999 -20.275 -20.9 -20.85 -20.6 -21.675 -20.625 -21 -21.95 -22.375 -23.3 -23.9 -24.625 -25.55 -26.15 -26.9 -26.575 -26.325 -25.95 -25.75 -25.425 -25.775 -25.775 -25.65 -26.15 -25.25 -26.7 -25.325 -24.6 -24.25 -23.75 -24.65 -24.925 -26.925 -27.025 -27.75 -28.6 -28.8
-9999 -9999 -9999 -9999 -9999 -9999 -9999 -9999 -9999 -9999 -9999 -9999 -9999 -9999 -9999 -9999 -9999 -9999 -9999 -9999 -9999 -9999 -9999 -9999 -9999 -9999 -9999 -9999 -9999 -9999 -9999 -9999 -9999 -9999 -9999 -9999 -21.05 -21.025 -21.2 -20.725 -21.7 -20.875 -21.35 -21.25 -22.6 -22.975 -24.05 -24.85 -25.675 -26.275 -26.85 -27.45 -26.375 -26.325 -26.175 -25.75 -25.025 -24.65 -25.075 -25.25 -25.3 -26.85 -25.275 -24.375 -24.175 -22.85 -22.65 -24.575 -25.8 -26.975 -27.575 -27.85 -28.775 -28.825
-9999 -9999 -9999 -9999 -9999 -9999 -9999 -9999 -9999 -9999 -9999 -9999 -9999 -9999 -9999 -9999 -9999 -9999 -9999 -9999 -9999 -9999 -9999 -9999 -9999 -9999 -9999 -9999 -9999 -9999 -9999 -9999 -9999 -9999 -9999 -21.5 -22.575 -23.175 -22.65 -21.6 -21.175 -21.6 -22.55 -22.65 -23.425 -24.425 -25.2 -25.9 -26.55 -27.325 -27.8 -26.95 -26.375 -26.3 -26.3 -25.475 -24.975 -23.975 -24.325 -23.95 -24.95 -26.425 -25 -24.325 -23.65 -22.15 -22.725 -25.1 -26 -27.025 -28.2 -28.975 -28.975 -28.8
-9999 -9999 -9999 -9999 -9999 -9999 -9999 -9999 -9999 -9999 -9999 -9999 -9999 -9999 -9999 -9999 -9999 -9999 -9999 -9999 -9999 -9999 -9999 -9999 -9999 -9999 -9999 -9999 -9999 -9999 -9999 -9999 -9999 -9999 -9999 -23.475 -23.225 -22.275 -22.3 -21.2 -21.4 -21.625 -22.475 -23.4 -24.65 -25.35 -26.15 -26.725 -27.375 -28.125 -27.6 -27.25 -26.975 -26.5 -26.275 -25.3 -24.15 -23.925 -23.825 -23.875 -25.475 -25.725 -24.65 -24.075 -22.95 -22.075 -23.55 -25.375 -26.75 -27.525 -28.5 -28.675 -28.5 -28.9
-9999 -9999 -9999 -9999 -9999 -9999 -9999 -9999 -9999 -9999 -9999 -9999 -9999 -9999 -9999 -9999 -9999 -9999 -9999 -9999 -9999 -9999 -9999 -9999 -9999 -9999 -9999 -9999 -9999 -9999 -9999 -9999 -9999 -9999 -25.1 -23.225 -22.675 -22.6 -22.5 -21.975 -22.125 -23 -22.525 -25.125 -25.25 -26.375 -26.95 -27.5 -27.75 -28 -28.325 -27.65 -27.4 -26.7 -25.85 -25.075 -25.15 -24.15 -23.725 -24.5 -25.05 -24.675 -25.15 -23.925 -22.75 -23.275 -23.925 -26.075 -26.95 -27.225 -27.675 -28.6 -28.4 -28.7
-9999 -9999 -9999 -9999 -9999 -9999 -9999 -9999 -9999 -9999 -9999 -9999 -9999 -9999 -9999 -9999 -9999 -9999 -9999 -9999 -9999 -9999 -9999 -9999 -9999 -9999 -9999 -9999 -9999 -9999 -9999 -9999 -9999 -22.63333 -24.525 -23.975 -22.85 -22.575 -22.675 -22.975 -22.725 -23.475 -24.2 -25 -26.375 -26.375 -27.05 -27.325 -28.4 -28.2 -28.775 -28.4 -27.775 -27.025 -25.95 -25.2 -25.35 -24.325 -24.35 -24.2 -24.4 -25.5 -24.625 -23.025 -22.075 -22.425 -24.1 -25.45 -26.6 -26.625 -27.575 -28.45 -28.4 -28.6
-9999 -9999 -9999 -9999 -9999 -9999 -9999 -9999 -9999 -9999 -9999 -9999 -9999 -9999 -9999 -9999 -9999 -9999 -9999 -9999 -9999 -9999 -9999 -9999 -9999 -9999 -9999 -9999 -9999 -9999 -9999 -9999 -9999 -23.45 -25.75 -23.875 -23.025 -23.3 -23.725 -23.975 -24.075 -24.45 -24.775 -26.375 -26.35 -27.1 -27.8 -27.7 -28.075 -28.925 -28.625 -28.7 -28.15 -27.65 -26.55 -25.825 -25.55 -24.55 -24.4 -24.5 -24.75 -25.15 -23.9 -23.5 -22.25 -23.025 -24.65 -25.7 -27.2 -27.525 -28.275 -28.15 -28.55 -28.6
-9999 -9999 -9999 -9999 -9999 -9999 -9999 -9999 -9999 -9999 -9999 -9999 -9999 -9999 -9999 -9999 -9999 -9999 -9999 -9999 -9999 -9999 -9999 -9999 -9999 -9999 -9999 -9999 -9999 -9999 -9999 -9999 -22.325 -24.1 -25.325 -24.05 -23.45 -23.975 -24.15 -24.25 -24.35 -25.4 -26.4 -27.125 -27 -27.325 -27.675 -27.525 -28.075 -28.4 -29.2 -28.975 -28.675 -28.025 -27.15 -26.325 -25.525 -24.875 -24.775 -24.575 -24.15 -24.875 -23.65 -22.75 -22.15 -23.65 -24.8 -25.45 -26.125 -26.55 -26.7 -27.925 -28.3 -28.55
-9999 -9999 -9999 -9999 -9999 -9999 -9999 -9999 -9999 -9999 -9999 -9999 -9999 -9999 -9999 -9999 -9999 -9999 -9999 -9999 -9999 -9999 -9999 -9999 -9999 -9999 -9999 -9999 -9999 -9999 -9999 -21.95 -22.6 -23.9 -25.825 -24.125 -23.725 -24 -24.2 -24.7 -25.6 -26.05 -26.65 -27.4 -28.075 -28.325 -28.55 -27.85 -28.475 -29.2 -29.275 -29.175 -29.05 -28.275 -27.5 -26.7 -25.975 -25.35 -25.3 -25.05 -24.7 -24.85 -23.8 -22.8 -22.825 -23.925 -25.175 -25.15 -25.4 -26.325 -27.025 -28.275 -28.4 -28.5
-9999 -9999 -9999 -9999 -9999 -9999 -9999 -9999 -9999 -9999 -9999 -9999 -9999 -9999 -9999 -9999 -9999 -9999 -9999 -9999 -9999 -9999 -9999 -9999 -9999 -9999 -9999 -9999 -9999 -9999 -9999 -23.4 -22.9 -23.925 -24.175 -23.75 -23.95 -24.35 -24.6 -25.3 -25.875 -26.225 -26.725 -27.15 -27.775 -28.25 -28.825 -29.175 -29.5 -29.05 -28.9 -29.2 -28.625 -28.4 -28.475 -27.425 -26.65 -26.375 -26.075 -26.475 -24.975 -24.4 -23.975 -23.7 -23.675 -24.425 -25.125 -25.65 -25.475 -27.125 -27.7 -27.375 -28.425 -28.525
-9999 -9999 -9999 -9999 -9999 -9999 -9999 -9999 -9999 -9999 -9999 -9999 -9999 -9999 -9999 -9999 -9999 -9999 -9999 -9999 -9999 -9999 -9999 -9999 -9999 -9999 -9999 -9999 -9999 -9999 -25.05 -24.725 -24.1 -24.175 -24.7 -24.05 -24.05 -24.2 -24.325 -25.5 -25.9 -26.075 -26.65 -27.3 -27.625 -28.325 -28.525 -27.9 -29.15 -28.975 -27.9 -27.7 -28.025 -28.6 -28.65 -28.225 -27.35 -26.775 -26.625 -26.9 -26.25 -25.725 -24.575 -24.525 -24.575 -24.875 -25.425 -25.625 -26.7 -26.85 -27.025 -27.6 -28.2 -28.55
-9999 -9999 -9999 -9999 -9999 -9999 -9999 -9999 -9999 -9999 -9999 -9999 -9999 -9999 -9999 -9999 -9999 -9999 -9999 -9999 -9999 -9999 -9999 -9999 -9999 -9999 -9999 -9999 -9999 -25.375 -25.4 -25.425 -25.3 -25.1 -25.35 -24.95 -24.85 -24.825 -24.9 -25.425 -25.925 -25.675 -25.9 -26.85 -27.85 -27.275 -27.175 -27.825 -29.15 -29.225 -27.325 -27.55 -28.075 -28.425 -28.45 -28.25 -27.75 -27.25 -27 -26.55 -25.525 -25.825 -26.4 -25.975 -25.925 -26.375 -26.225 -26.825 -26.875 -26.9 -27.65 -28.125 -28.25 -28.6
-9999 -9999 -9999 -9999 -9999 -9999 -9999 -9999 -9999 -9999 -9999 -9999 -9999 -9999 -9999 -9999 -9999 -9999 -9999 -9999 -9999 -9999 -9999 -9999 -9999 -9999 -9999 -9999 -25.15 -25.425 -25.525 -25.7 -25.7 -25.675 -25.9 -25.575 -25 -24.8 -24.1 -24.9 -25.4 -25.45 -25.05 -25.825 -26.775 -25.85 -27.425 -28.125 -27.85 -28.25 -28.5 -28.125 -28.025 -28.55 -28.2 -28.175 -27.65 -27.125 -27 -26.775 -26.15 -25.95 -26.075 -27.025 -27.925 -28.05 -27.825 -27.625 -27.3 -27.6 -27.8 -28.175 -28.5 -28.6
-9999 -9999 -9999 -9999 -9999 -9999 -9999 -9999 -9999 -9999 -9999 -9999 -9999 -9999 -9999 -9999 -9999 -9999 -9999 -9999 -9999 -9999 -9999 -9999 -9999 -9999 -9999 -9999 -25.8 -25.6 -25.5 -25.525 -25.65 -25.775 -26.4 -25.625 -25.15 -24.525 -24.225 -23.775 -23.625 -23.85 -23.85 -23.375 -24.225 -24.725 -25.8 -26.7 -26.825 -27.325 -27.875 -27.875 -28.1 -28.275 -27.425 -27.85 -27.15 -26.925 -27.2 -26.975 -26.725 -26.5 -26.675 -27.875 -27.7 -27.55 -27.375 -27.775 -28.425 -28.075 -28.1 -28.2 -28.4 -28.4
-9999 -9999 -9999 -9999 -9999 -9999 -9999 -9999 -9999 -9999 -9999 -9999 -9999 -9999 -9999 -9999 -9999 -9999 -9999 -9999 -9999 -9999 -9999 -9999 -9999 -9999 -9999 -25.55 -25.85 -25.65 -25.2 -25.675 -25.725 -26.125 -26.45 -26.15 -25.425 -25.15 -24.3 -23.6 -23.1 -23.3 -22.925 -22.925 -23.1 -23.65 -25.325 -24.6 -25.45 -25.675 -26.75 -27.725 -28.6 -27.15 -26.875 -27.05 -27.125 -26.9 -27.05 -27.175 -27.225 -27.125 -27.875 -27.975 -27.85 -26.825 -27.05 -27.25 -27.025 -27.775 -27.9 -27.975 -28.125 -28.075
-9999 -9999 -9999 -9999 -9999 -9999 -9999 -9999 -9999 -9999 -9999 -9999 -9999 -9999 -9999 -9999 -9999 -9999 -9999 -9999 -9999 -9999 -9999 -9999 -9999 -9999 -25.625 -25.7 -25.875 -25.55 -25.675 -25.8 -25.875 -26.3 -26.25 -25.65 -25.725 -24.925 -24.15 -23.775 -23.15 -22.675 -22.45 -23.05 -22.85 -23.6 -23.425 -23.45 -24.025 -25.45 -26.575 -27.75 -26.925 -26 -25.375 -25.775 -26.65 -26.75 -27.125 -27.2 -26.975 -27.225 -27.6 -27.7 -27.475 -26.7 -26.975 -26.85 -27.125 -27.875 -27.85 -28.05 -28.1 -28
-9999 -9999 -9999 -9999 -9999 -9999 -9999 -9999 -9999 -9999 -9999 -9999 -9999 -9999 -9999 -9999 -9999 -9999 -9999 -9999 -9999 -9999 -9999 -9999 -9999 -9999 -25.7 -25.8 -25.9 -26.175 -25.9 -25.8 -25.9 -25.8 -25.5 -26.325 -26.2 -25.45 -24.225 -24.275 -24 -23.375 -22.525 -22.175 -23.25 -21.7 -21.975 -22.8 -24.775 -25.75 -26.375 -26.725 -26.1 -24.525 -24.225 -24.95 -25.9 -26.325 -26.85 -27.025 -27.175 -27.225 -27.3 -27.475 -26.9 -26.65 -26.8 -26.7 -27.55 -27.125 -27.575 -28.025 -28.5 -27.6
-9999 -9999 -9999 -9999 -9999 -9999 -9999 -9999 -9999 -9999 -9999 -9999 -9999 -9999 -9999 -9999 -9999 -9999 -9999 -9999 -9999 -9999 -9999 -9999 -9999 -25.225 -25.7 -25.725 -25.7 -25.75 -25.7 -25.9 -25.95 -25.225 -24.7 -25.875 -26.775 -25.8 -24.125 -24.6 -24.1 -23.775 -22.975 -22.7 -22.425 -21.975 -22.75 -23.425 -24.425 -25.575 -26.175 -25.9 -24.65 -24.35 -24.6 -24.9 -25.75 -25.825 -26.4 -27.175 -26.75 -27.05 -26.925 -27.05 -26.5 -26.175 -26.725 -26.85 -26.85 -26.45 -27.225 -27.825 -27.475 -28.075
-9999 -9999 -9999 -9999 -9999 -9999 -9999 -9999 -9999 -9999 -9999 -9999 -9999 -9999 -9999 -9999 -9999 -9999 -9999 -9999 -9999 -9999 -9999 -9999 -24.975 -25.05 -25.2 -25.45 -26.025 -25.7 -25.8 -25.825 -25.775 -24.6 -24.725 -25.55 -26.625 -25.75 -25.175 -24.675 -23.875 -23.6 -23.85 -23.15 -23.05 -22.3 -22.725 -24.3 -24.575 -24.7 -26.175 -25.575 -24.775 -24.525 -23.45 -25.1 -25.675 -25.65 -26.175 -26.7 -26.6 -26.7 -26.375 -26.825 -26 -25.825 -26.2 -25.75 -26.175 -27.075 -27.5 -27.2 -27.425 -26.9
-9999 -9999 -9999 -9999 -9999 -9999 -9999 -9999 -9999 -9999 -9999 -9999 -9999 -9999 -9999 -9999 -9999 -9999 -9999 -9999 -9999 -9999 -9999 -23.9 -24.325 -25 -25.25 -25.4 -25.425 -25.7 -25.8 -25.575 -25.7 -25.075 -25.6 -26.85 -26.75 -24.825 -24.65 -24.55 -24.675 -24.1 -23.75 -23.425 -23.25 -22.925 -22.825 -23.175 -24.05 -25.05 -24.475 -24.825 -23.8 -23.875 -23.475 -23.925 -24.825 -25 -25.025 -25.6 -26.075 -26.125 -25.9 -26.525 -25.625 -24.6 -24.375 -25 -26.875 -27.275 -26.825 -26.825 -26.875 -27.2
-9999 -9999 -9999 -9999 -9999 -9999 -9999 -9999 -9999 -9999 -9999 -9999 -9999 -9999 -9999 -9999 -9999 -9999 -9999 -9999 -9999 -9999 -9999 -24.05 -24.1 -24.775 -25.325 -25.225 -25.925 -25.875 -25.85 -26.4 -25.475 -26.625 -27.05 -26.35 -26.125 -25.25 -25.55 -24.825 -24.475 -24.4 -24.575 -23.575 -23.45 -23.55 -23.025 -23.375 -24.1 -23.825 -23.5 -23.4 -23.65 -23.15 -23.525 -24.2 -24.475 -25.15 -24.575 -25.875 -25.2 -24.925 -25.075 -26.125 -25.2 -24.525 -24.3 -24.575 -25.675 -25.125 -25.575 -24.9 -25.975 -26.8
-9999 -9999 -9999 -9999 -9999 -9999 -9999 -9999 -9999 -9999 -9999 -9999 -9999 -9999 -9999 -9999 -9999 -9999 -9999 -9999 -9999 -9999 -23.425 -24 -24.6 -24.725 -25.25 -25.05 -25.25 -26.15 -26.4 -25.725 -26.525 -26.925 -25.85 -25.625 -24.775 -25.25 -25.525 -24.625 -24.775 -24.325 -24.275 -24.05 -23.125 -23.25 -23.075 -23.175 -23.375 -23.3 -23 -23.1 -23.05 -22.8 -24.225 -23.825 -23.575 -24.5 -24.15 -24.55 -25.25 -24.6 -25.25 -26.6 -25.55 -24.3 -24.075 -24.575 -26.675 -24.65 -24.4 -24.325 -24.875 -25.825
-9999 -9999 -9999 -9999 -9999 -9999 -9999 -9999 -9999 -9999 -9999 -9999 -9999 -9999 -9999 -9999 -9999 -9999 -9999 -9999 -9999 -21.76667 -23.3 -23.35 -24.225 -24.95 -24.725 -24.6 -25.95 -25.6 -26.45 -25.8 -26.9 -26.35 -25.975 -24.775 -24.375 -24.875 -25.75 -25.65 -24.975 -24.55 -24.45 -24.025 -23.55 -23.7 -24.25 -23.8 -23.65 -23.35 -23.125 -22.225 -22.725 -22.25 -23.6 -23.6 -22.425 -23.725 -23.75 -23.95 -24.75 -24.375 -24.775 -25.625 -24.525 -24.475 -24.325 -25.075 -24.975 -24.25 -23.925 -24.025 -24.15 -24.825
-9999 -9999 -9999 -9999 -9999 -9999 -9999 -9999 -9999 -9999 -9999 -9999 -9999 -9999 -9999 -9999 -9999 -9999 -9999 -9999 -9999 -22.05 -22.65 -23.675 -24.4 -24.5 -24.575 -24.9 -25.4 -25.9 -26.5 -26.6 -26.15 -25.65 -26.5 -25.675 -24.7 -24.325 -25.525 -25.675 -25.5 -24.975 -24.475 -24.125 -23.85 -23.825 -24 -23.975 -22.825 -21.05 -22.35 -22.35 -22.525 -20.85 -20.975 -21.25 -21.475 -22.7 -23.275 -23.325 -24.9 -23.95 -24.275 -25.525 -24.525 -24.325 -24.225 -24.7 -24.625 -24.15 -24.1 -23.9 -24.4 -25.125
-9999 -9999 -9999 -9999 -9999 -9999 -9999 -9999 -9999 -9999 -9999 -9999 -9999 -9999 -9999 -9999 -9999 -9999 -9999 -9999 -23.45 -22.475 -22.05 -23.225 -23.675 -24.275 -24.3 -25.3 -25.75 -25.675 -26.325 -26.825 -25.6 -25.6 -25.475 -26.325 -25.05 -24.5 -24.725 -25.6 -25.8 -25.375 -25 -24.45 -24.575 -23.8 -23.5 -23 -22.85 -21.825 -21.15 -20.15 -20 -21.425 -19.625 -21.5 -21.025 -22.425 -22.65 -23.725 -23.65 -23.65 -24.375 -24.75 -25.275 -24.575 -25.375 -24.8 -24.4 -24 -23.85 -24.45 -24.725 -25.1
-9999 -9999 -9999 -9999 -9999 -9999 -9999 -9999 -9999 -9999 -9999 -9999 -9999 -9999 -9999 -9999 -9999 -9999 -9999 -23.375 -22.4 -21.875 -21.875 -23.5 -23.675 -24.4 -24.8 -25.775 -25.7 -25.675 -26.175 -26.2 -25.675 -25.4 -25.8 -26.3 -25.625 -25.725 -24.4 -25.4 -25.45 -24.7 -24.35 -24.35 -23.425 -23.375 -23.15 -22.55 -22.475 -21.6 -21.975 -19.975 -21.975 -20.8 -19.3 -22.375 -21.5 -20.65 -23.275 -22.35 -23.6 -23.5 -24.225 -24.625 -25.1 -23.975 -24.55 -24.975 -23.975 -24.5 -24.5 -24.925 -24.8 -25.05
