Env_Vars/Set_1/100kmsq_msp_final.asc
ncols         290
nrows         380
xllcorner     -2197417.7431653
yllcorner     -584827.01486885
cellsize      10000
NODATA_value  -9999
[rows 102 to 135 of 380, columns 0 to 77 of 290]
-9999 -9999 -9999 -9999 -9999 -9999 1412.5 1421.25 1461.5 2046 2194.25 1472.25 2099.75 2721 1040 603.25 629.25 560 1107 383.5 426 261.5 431.25 172.25 163.75 263 395.25 253.75 291.25 320.75 281.75 354.5 345.75 226.5 269.25 167.25 219.75 266.5 222 280 243 180.5 258.5 285.5 393.5 384 220.25 227.75 240.75 377 296.75 256.25 394.5 331 376.5 277.75 300.75 256 210.25 209.5 216.75 224.5 228.5 295.25 362.75 321.75 371.25 288.25 331.5 267.5 397 409.25 337.75 318.75 345 405.5 360.5 420.5
-9999 -9999 -9999 -9999 -9999 -9999 1412 1414.75 1467.25 2026 2013.25 1926 1859.75 2244 1135 707.25 625.5 582 768.25 951 543.75 657.25 306.75 401.75 487 503.75 194.5 158.75 192.5 229 304.25 261.25 261 261.75 243 164.75 218.25 206.5 179.25 308.75 233 183.5 292.25 284 339.75 316.25 308.25 183.25 287.75 309 206.25 329.75 293.75 314.75 410 478 305 327 247.5 289.75 243 216.75 251 233.5 233.5 248.75 238.25 276 239.5 321.75 323.5 309.25 314.25 330.25 423.25 344.25 476 405.5
-9999 -9999 -9999 -9999 -9999 -9999 -9999 1409.75 1426.25 1700.75 1623.5 1861 2154.5 1546.25 1134.75 529.25 756 732.25 921.5 459.75 376.25 336.75 279.75 330.5 791 657.75 381.75 246.25 319 278.75 229 249.5 264 331 243.25 162.5 251.5 213.75 196.75 193.25 272 161.5 337 358.75 329.25 377.5 183.5 179.25 244.5 301.5 245.5 278.5 226.5 243.25 370.75 412 269 297 339.25 293 253.25 259.25 257.5 281.75 306.25 291.25 239.5 360.25 229.75 266.25 400.75 354 405.25 361.75 451.5 445.75 534 331
-9999 -9999 -9999 -9999 -9999 -9999 -9999 1408 1412.75 1419.5 1580 1605.25 1843.75 1801.75 662.5 523.5 558 931 957.5 412.75 370 697.5 485.25 685.75 996 678 531.25 228.25 320.5 194.75 291.25 336 283.25 294.75 208.75 195.25 169.75 181.75 203.75 226.5 250.75 189.75 254.75 317.5 248 305.25 185.75 182.25 300.25 283.5 292.25 218.75 262.25 305.25 300.25 331.75 353.5 295.25 409 279 308.75 266.5 255.75 225.25 226.75 215.5 267 264.5 305 330.75 370.5 454 380.75 364 343 487.75 534 457.25
-9999 -9999 -9999 -9999 -9999 -9999 -9999 -9999 1394.5 1959.25 2111.75 1673.75 1951.5 1749.25 660.25 518.75 638 654.25 881.75 339.75 466.75 725 512.25 749.25 872 705 371.5 351 204.5 324.5 238.5 197.75 282.5 174.75 164.5 286.25 169.75 161 219.75 187.25 218.25 218 249 419.5 197 257 182.5 211.25 220.25 242 253 211.5 213 313 267 220.25 259.25 275 312.25 370 291 304.5 325 257.75 278.75 210.25 234.75 251 246.25 408 365 436.25 292.75 323.75 309.25 468.75 432.75 417
-9999 -9999 -9999 -9999 -9999 -9999 -9999 -9999 1371.5 1383.25 1819 1873.75 1246 1267.5 1056.5 539.5 523.75 673.25 516.5 460.5 489.25 454 412.5 633.25 566.25 651 620.75 220 342.5 330.5 319.5 183.25 249.75 177.5 150.25 249.25 164 137.75 192.5 183.75 199.25 295 246.75 432.5 250.5 171 213.25 285.25 214.25 225.5 214.5 222.5 245.5 218.75 208 191 290.25 263.75 325 273.5 330.25 291.75 273.5 246.75 232.5 216 211.75 264.25 216.25 231.75 277.25 341 306.75 282 342.5 447.5 354 294.25
-9999 -9999 -9999 -9999 -9999 -9999 -9999 -9999 -9999 1351.5 1652.5 1361.5 1330.25 1527 746.75 547.5 658.5 610.25 363.5 358.5 589.5 538.75 290.5 358.75 530 672.5 562.25 296.5 286 353.25 322.5 270 193.5 211 215.5 181.75 150.25 140.75 175 191 193.75 286.5 193 384.25 265.75 165.75 288.75 222.75 216 213.5 203 218.75 226.5 228 197.25 185.75 249.75 280.75 279.5 218.5 335 297.5 256 236 226.25 247.25 226.5 344 361.25 391.5 332 345.75 199.75 331.5 425.5 243.75 381.5 344.75
-9999 -9999 -9999 -9999 -9999 -9999 -9999 -9999 -9999 -9999 1292.25 1403.5 1851 2356.5 1582 548.25 495.25 583.5 710 629.25 574.75 465.5 442 497.5 463.5 428.5 546.5 364.25 561.75 575.75 391 181.75 129 123.75 165.75 138.5 138.75 146 170.75 209 198.75 210.25 207.75 282.25 402.75 188.25 288.25 352.5 261.75 203 210.75 230.75 203.75 186 193.75 193.75 231 286.25 234.75 286.5 323.75 297.75 246.5 333.75 234.25 261.25 243.25 254 321.25 277.25 291.5 324.25 243.25 365.75 377.25 336 321 394.25
-9999 -9999 -9999 -9999 -9999 -9999 -9999 -9999 -9999 -9999 1291.75 1327 1537.5 2093.25 1192 549.25 639.5 782.75 679.5 712.25 626 460 398.75 397.75 446.25 577 571 668.75 577.75 346.25 465.5 203.75 131.5 231.75 127.25 130.25 153 150 197.25 229.5 220.25 283.75 190.5 237.25 455.25 185.25 195 325 264.75 198.5 214 211.5 181.25 221 215.5 206.75 252 206.75 265 211.5 321.25 320.75 262.25 269.25 291.5 262 252.75 246.5 234.75 342.25 258 316.5 288.5 312.25 348.5 359 241 374.25
-9999 -9999 -9999 -9999 -9999 -9999 -9999 -9999 -9999 -9999 1260 1450 1818 1948.5 1370.25 708.5 592.5 720.75 587 853.25 780.75 339 512 285.5 323.75 307.5 251.25 730.75 526 395 376.5 297.5 237.5 172.75 151 141.75 214.75 149.25 160.25 201.25 216.25 298.5 187 240.5 391.5 199 247 284.25 205.25 208 207 193.25 229.25 203 248.75 202 224.25 193.5 236.75 259.5 314.5 250.5 342 332 334.75 269.5 267.25 368.5 409.5 333.25 324 201 197.5 254.5 378.25 419.75 360.5 194.75
-9999 -9999 -9999 -9999 -9999 -9999 -9999 -9999 -9999 -9999 -9999 1431.75 1928.75 2298.25 1230.75 682.5 574 659.75 635.25 646.25 819.25 379.5 360.5 276.25 346.5 491.5 690.25 451.75 610.25 332.75 304.5 517.25 432.5 242.5 174.5 148.75 222.5 157 177.5 205 202 228.5 196 270 237.75 183.75 279.5 195.25 300 262.5 210.25 195.25 231.75 257.25 221.25 230.5 228.75 205.75 214 234 267.75 338.5 267.75 323.5 402.25 266.5 287 380.75 343 264 253.5 247.25 209 267 343.5 247 299.25 328
-9999 -9999 -9999 -9999 -9999 -9999 -9999 -9999 -9999 -9999 -9999 1437 2247.75 2121.25 898.5 619.75 569.5 618.25 576.25 634 588.25 456 327.5 285.25 430.5 493 419.5 347.25 587.25 345.5 310.5 345 370.75 331.75 162.75 157.25 164.25 162.75 183 211.25 242 247 194.25 251.5 209.75 184.25 213.25 217.5 278.25 267.25 211.5 288.5 267.5 266.5 306.25 260.25 249 256 218.75 231.75 257 249.25 267.5 270.25 281.25 262.75 412.25 382 372.25 346 218.5 334.75 237.25 305.5 379.25 318 307 357
-9999 -9999 -9999 -9999 -9999 -9999 -9999 -9999 -9999 -9999 1189 1488 2814 2095.75 1242.5 700.75 620.5 607.25 580.75 626.25 724.5 438.25 362 285.5 403.75 476 469 480.25 393.5 647.25 511.25 490.5 242.5 340.5 173 181 165.5 206.25 194 203.25 224 214.75 179 169 173.75 252.5 246.5 266.75 246 237.5 252.5 274.25 270.25 244.5 313.25 268.5 227 245.5 218.75 230.25 248.75 359.25 340 278.75 263.25 270.25 356.5 351.75 381.5 229 321.25 322.75 233.5 354.5 323 277 355 358.5
-9999 -9999 -9999 -9999 -9999 -9999 -9999 -9999 -9999 -9999 -9999 1980 3405.5 3234.5 1781 703.75 620 612.75 584.25 632 742.75 770.25 505.75 368.5 402 426.5 -9999 484 495.25 438.5 453.25 252.75 174.5 161.25 215.75 182.25 175.75 246.25 208.5 205.25 228.75 210 196.25 181.5 176.25 228.5 225 260.75 213.25 311 274 328.5 251.5 264.5 318 261.75 269 244.5 251 232 257.75 324.5 255.25 271 282.75 297 429.25 351.75 257.5 323.75 243.5 326.5 333.5 368.75 283.75 268.5 304 295.25
-9999 -9999 -9999 -9999 -9999 -9999 -9999 -9999 -9999 -9999 -9999 2010.25 2832 3198.75 1052 1608.25 692 594 574.5 615.75 665.75 654.5 920 527.5 327.75 -9999 441.75 478.5 584.5 439.5 489.5 310.75 190.5 157.25 216 181.25 198 209 289 219.75 213.25 215 195.5 294.5 193 235 259 210.5 273.75 303 276 282.75 304.75 290.5 225 249.25 268 242 248 229.5 248.5 251.25 261.5 255.5 289 420.5 300.75 270.25 262 388.25 268.25 319.5 247.75 275.5 259.75 291 333.5 290
-9999 -9999 -9999 -9999 -9999 -9999 -9999 -9999 -9999 -9999 -9999 1878 2870.5 4201.75 4231 1711.5 1215.25 -9999 679 567.75 -9999 658.5 762.25 1121 395 -9999 357.25 414 426.75 371.25 375.25 384.25 186 295.25 254.75 184 213.25 273.25 245 278.25 316.5 203 197.75 231.75 186.25 209.25 212.5 315.75 230.25 242.75 256.75 295.5 252.25 266.5 265.5 216 256 223 223.5 231 244 246.5 303.75 247.25 271.75 322.75 309 254.5 376.25 366.5 336.25 263.75 263.75 256.25 305 346.5 328.5 283.25
-9999 -9999 -9999 -9999 -9999 -9999 -9999 -9999 -9999 -9999 -9999 1252.25 3378.75 4578 3660.75 2390.5 938 -9999 633 574.25 547.5 666.75 917.75 1017 -9999 -9999 671.75 352 401.25 519.25 480.25 418.25 292 312.5 189.25 187.75 214 226.25 240.75 307 297 206.5 250.25 218.25 183.25 219.5 215.5 201 323.75 338.25 350 289.5 244.75 292 254.25 230.5 206 215.75 221 224.25 240.25 256.75 268.5 274 318 272.25 262.5 269 330.5 292.25 256.25 271 270.25 304.75 336.75 290.25 313.5 286.5
-9999 -9999 -9999 -9999 -9999 -9999 -9999 -9999 -9999 -9999 -9999 -9999 3044.25 3288.5 2350.5 3279.25 1291.25 -9999 644.25 -9999 582.75 -9999 823.5 1125.75 -9999 896.5 516 472.5 417.25 677.75 798.5 382 382.75 251.5 302 195.25 239.25 239.75 237.25 233.25 210.75 339 382.5 185 193.75 228.75 212.75 206.25 241.5 304.75 238.25 237.5 218.5 271.25 274.25 234.25 210.5 209.25 217.25 223 230.75 250 247.5 285.75 321.75 320.75 320 262.75 261.25 291.75 331.75 256.5 351.5 305.75 264.75 286.75 319 299.25
-9999 -9999 -9999 -9999 -9999 -9999 -9999 -9999 -9999 -9999 -9999 -9999 1331.75 1385.5 1914.25 2416.75 -9999 1039.75 -9999 -9999 710.75 645.75 904 975.25 -9999 994 530.75 522.5 617.5 1084.5 1037.25 782.75 412 237.25 196.75 202.75 214.5 192.75 218 193.75 311.5 324.75 249.75 181 197.75 200.5 276.5 269.75 231 232.5 277.25 254.25 294 231.5 188.5 189 217 207.25 217 220.5 225.25 236.75 248.75 263 297.5 289.5 307.25 289 268.5 303.75 277.25 304 282.5 282.5 271.75 325.5 318 301.75
-9999 -9999 -9999 -9999 -9999 -9999 -9999 -9999 -9999 -9999 -9999 -9999 -9999 1384.25 1546.75 1234.5 872.5 792 -9999 669.75 638.25 709.5 925 939.75 -9999 630.25 786.5 589.75 1097.25 2040 1485.5 931.75 321.25 281 309.5 200.5 186.5 213 180.75 306.75 315 331 210.75 181 208.25 214.75 246 340.75 255.75 319.25 256.75 297.75 284 254.25 236.5 214.25 198 205 215.25 224.5 225.5 233.25 242.75 256.25 310.5 280 299.25 240.5 292 320.25 279 254.75 329.5 280 304.75 302 325 311
-9999 -9999 -9999 -9999 -9999 -9999 -9999 -9999 -9999 -9999 -9999 -9999 -9999 1242.25 1254.25 1171.5 991.5 714.25 -9999 604 703.25 828.75 967.5 -9999 600 849.75 1173.5 1243.25 1580.25 2733.5 1821.5 826.75 424.25 300 205 201.25 165.75 171 189.75 293.5 276.25 345.75 195.25 185.75 219.5 305.25 327.5 378.5 320.5 294.5 313 239.75 232 220 236.5 201.75 212.75 205.5 221.75 226.5 228 233.25 234 246.5 277.25 257.25 278.5 266 335.25 335.25 275.75 275 306.25 267 312.75 336.25 312.25 342.5
-9999 -9999 -9999 -9999 -9999 -9999 -9999 -9999 -9999 -9999 -9999 -9999 -9999 1216.75 -9999 -9999 834 -9999 -9999 588.5 767 853.75 858.75 -9999 -9999 1762.25 1326.75 1723.75 2745 3036.25 2465.75 1352.75 639.75 349.5 255 226.75 161.5 164.5 167.75 193 344.75 273.75 199.5 193.25 243.25 240.5 342.75 353.5 273.5 293 289.5 251.25 253.75 251.75 217.5 209.5 206.5 209 240.25 241.25 234.25 235.5 235.25 245 253.25 245.5 239.75 279.25 284.5 314.25 256.75 298.75 268.5 283.25 322.5 324.5 303.25 277.25
-9999 -9999 -9999 -9999 -9999 -9999 -9999 -9999 -9999 -9999 -9999 -9999 -9999 -9999 -9999 -9999 795.5 -9999 -9999 555.25 -9999 976.75 785 -9999 819.25 1910.5 1796.75 1965.75 3009.5 3071 1531 891.75 710.75 260 219.5 158 141.5 139.75 284.25 364.75 232 222 202.75 197.75 332.5 289.75 265.5 316.25 270 325 315.25 272.5 242.5 203.5 195.75 206.75 211 250 263 245.75 240.75 234.75 230.75 238 249 241.25 249 252.75 279.5 266.75 237.75 303.75 275.5 288.5 325 316 329.5 321.25
-9999 -9999 -9999 -9999 -9999 -9999 -9999 -9999 -9999 -9999 -9999 -9999 -9999 1044.333 -9999 1241 -9999 -9999 -9999 547 -9999 970 -9999 -9999 820.25 1983.75 2326.25 2007.25 2264.25 2655.5 933.5 571 621.75 255.75 189 193.5 198.75 191.5 241.25 312.5 252 316.5 208 208.75 390.5 307.25 291.25 289.5 373.25 267.25 261.5 260 273 305.25 234.5 242.5 232.75 227.25 243.25 241.25 243.5 246 242.75 237.5 243 231 252.25 238 271 255.5 247.5 310.25 284.5 272 302.5 304.75 298.5 310.5
-9999 -9999 -9999 -9999 -9999 -9999 -9999 -9999 -9999 -9999 -9999 -9999 1029 1619.75 2095.75 1988 1158 819 -9999 -9999 562 892 -9999 670.5 862.75 1606.25 2059.5 1621.25 1761.25 1898.25 1864 511.5 405.5 169.5 180.5 177 148.75 203.25 265.75 280.75 304.5 333.5 234.5 240.5 354.25 366.25 403.25 312.75 274 288.5 283.5 288 308.5 318.75 359.5 296.25 246.25 244.25 224.75 230.5 238.5 236 235.75 236.5 236.75 234.25 246.5 250.75 250.75 246.75 244.5 261.25 246.5 282 288.5 281.5 261.5 276.5
-9999 -9999 -9999 -9999 -9999 -9999 -9999 -9999 -9999 -9999 -9999 -9999 1050 2151.25 2492.25 1792 1332.25 818 580 -9999 -9999 -9999 633.5 -9999 687.6667 1191 1352.25 1375.75 1553.5 940.5 1355.25 281 258.25 289.5 199.5 187.5 208.5 178.75 287.25 349.75 270 317 273.25 265.75 335.25 372.75 382.25 371.5 302.5 390 307 303.75 329.5 304.75 231.25 252.75 254.5 280 216.25 220 225.5 269.5 259.25 247.25 237 235 233.25 243.5 232 255 300.75 250.5 266.5 287 276.75 334.25 262.25 283.75
-9999 -9999 -9999 -9999 -9999 -9999 -9999 -9999 -9999 -9999 -9999 -9999 -9999 1657.25 2032.25 2353.25 881.75 -9999 544.25 -9999 -9999 -9999 822.25 -9999 1050.25 1191.25 1174 964.5 -9999 832 461.5 814.75 426.75 318.5 239.75 202.25 184.25 174.75 261.75 306.75 372.25 279.75 281.75 295.25 317 361.5 342.5 354.75 323.25 329.25 372.25 300.25 340.75 301 317 334.75 275.75 227 213 217.5 230.25 255.5 255.5 258.75 246.75 240.5 251.5 250.5 246.5 283.25 254 283.25 298.5 281 266 257.25 284.25 320.5
-9999 -9999 -9999 -9999 -9999 -9999 -9999 -9999 -9999 -9999 -9999 -9999 1075 1576 1380.5 1865.75 1104.75 1032.25 675.25 633.25 -9999 -9999 743.5 -9999 829.3333 997 1179 -9999 1328.75 1421.25 1544.75 951.25 694.75 359 195.75 186.5 231.25 265.25 195.5 293.25 380.5 275.5 294 325.5 363.75 363 370.75 349.5 316.75 355 320.25 265.75 321.75 358.75 395.25 318 314.75 230.25 203 292.75 237.5 254.5 270.25 262.75 254.25 248.25 278.75 239 238.75 255.75 253 291.75 293.25 275.75 271 252.5 275.5 311
-9999 -9999 -9999 -9999 -9999 -9999 -9999 -9999 -9999 -9999 -9999 -9999 1033.25 1331.25 1767 1931.25 1085.25 -9999 750 639.75 723 -9999 820.5 1833.25 906.75 -9999 -9999 1558.5 1203 1394.25 1977.5 1402.75 660 221.5 239.75 256.5 232.5 284 233.5 222.5 263.5 317.75 322 332.75 397.25 382.5 367 339.25 284 302.25 280.25 263.75 314.25 316.5 243 240 303.25 234.5 192.75 362.75 262.25 250 267 258 256 249 283.25 239.75 244 245.5 242.75 291.25 312 287.5 255.5 281.25 321.5 321.5
-9999 -9999 -9999 -9999 -9999 -9999 -9999 -9999 -9999 -9999 -9999 -9999 -9999 1322.5 1524.75 -9999 1158 -9999 997.75 -9999 -9999 -9999 1398 1618.75 -9999 -9999 1426.75 1372 1403.25 1225.25 1590.25 1622.25 656 390.5 265.5 200.75 234.25 225.75 209.75 443.5 290.25 292.75 334.25 331 369 372.5 353.25 303 302 301 299 234.75 305.25 343.75 342.75 295 216.5 319 192.5 362 250.75 266.25 269.25 256.25 251 244.25 246.25 244.25 236.5 227.5 236.5 271 290.5 284.75 303.25 341.5 368.5 346
-9999 -9999 -9999 -9999 -9999 -9999 -9999 -9999 -9999 -9999 -9999 -9999 -9999 1386.5 1466.75 -9999 1217 782.25 -9999 -9999 -9999 630.5 1458 1369.25 -9999 -9999 1526 1442 1538.5 1482 1222.5 805.75 631 419.5 347 257.5 207.5 252.75 300.25 408.5 281 336.5 396.75 318.75 353 357.75 331 329 291.25 256.25 278.25 305 323.25 242 218.25 244.25 232.25 208.75 210.25 368.25 240 262.5 240 250.5 247 236.75 257.5 250 250.75 229.5 237.5 273 303.75 270.5 365.75 365.75 399.75 378.25
-9999 -9999 -9999 -9999 -9999 -9999 -9999 -9999 -9999 -9999 -9999 -9999 -9999 1336.75 1479.5 -9999 801 957.75 788.75 -9999 -9999 765.5 1262.5 1031.75 -9999 -9999 -9999 1470.5 1535 1418.5 1316 751.5 535.75 396.75 372 248.5 196 261.75 279 297.5 354 450.25 459.5 363 358.25 326.25 338.75 301.5 281 279.25 242.25 292.25 325.25 282 315.75 287.75 215 306.75 281.5 229.5 291.75 280.75 259.75 279.25 249.75 236.25 257 249.75 271.5 281.25 259.75 264.75 263.25 310 367.75 366.75 365.5 379.5
-9999 -9999 -9999 -9999 -9999 -9999 -9999 -9999 -9999 -9999 -9999 -9999 -9999 1209 -9999 1230.75 -9999 881 849.25 -9999 593.6667 863 1196.75 1121.75 677.5 -9999 1390.25 1270.5 1590.25 1633.75 1324 1040.75 611.25 522 450.75 400.75 231.5 194.25 226.25 342.25 427.25 518.5 465.25 423.25 339.5 277.5 356.25 395.75 357.5 267.5 270.25 305 259.5 320.75 330.5 238.25 278 338.25 275.5 258.75 254.5 314 277.75 278.75 237.75 240.5 256.25 270.75 291.5 302.25 291.5 266 289.25 339 357 344 369.75 364.5
-9999 -9999 -9999 -9999 -9999 -9999 -9999 -9999 -9999 -9999 -9999 -9999 1321.25 -9999 1081.333 1235.75 751.25 864.25 615.5 -9999 530.25 635 654 750.5 748.75 -9999 1224.25 1612.75 1193.333 1509.75 1262.75 709.5 784 655.25 623.75 372.75 201.75 255.75 224.25 363.75 465.5 475.25 439.75 427.5 314.5 296.25 301.75 289.5 276 254.5 263.25 254.75 294.5 287.5 315.5 309 306.25 259.75 340 337.5 254.25 339.25 256.75 289 243.75 246.75 249.25 283.5 305.75 322.25 312 314.5 310 296.75 353 369.25 391.25 409.75
