Env_Vars/Set_1/100kmsq_proptree_final.asc.asc.asc
ncols         290
nrows         380
xllcorner     -2197417.7431653
yllcorner     -584827.01486885
cellsize      10000
NODATA_value  -9999
[rows 240 to 269 of 380, columns 204 to 271 of 290]
0.941875 0.920625 0.9625 0.960625 0.97 0.8025 0.5075 0.061875 0.035 0.221875 0.891875 0.894375 0.82875 0.82125 0.4925 0.009375 0.20625 0.455625 0.7825 0.725625 0.7825 0.84375 0.833125 0.8925 0.713125 0.67625 0.761875 0.63625 0.07375 0.025625 0 0.011875 0 0.08375 0.0425 -9999 -9999 -9999 -9999 -9999 -9999 -9999 -9999 -9999 -9999 -9999 -9999 -9999 -9999 -9999 -9999 -9999 -9999 -9999 -9999 -9999 -9999 -9999 -9999 -9999 -9999 -9999 -9999 -9999 -9999 -9999 -9999 -9999
0.741875 0.454375 0.97375 0.939375 0.278125 0.02 0.049375 0.0175 0.01625 0.043125 0.858125 0.88 0.8575 0.883125 0.31375 0 0.159375 0.92125 0.530625 0.875625 0.79375 0.908125 0.884375 0.863125 0.870625 0.834375 0.706875 0.709375 0.304375 0 0 0.0425 0.030625 0 0.045625 0.03625 -9999 -9999 -9999 -9999 -9999 -9999 -9999 -9999 -9999 -9999 -9999 -9999 -9999 -9999 -9999 -9999 -9999 -9999 -9999 -9999 -9999 -9999 -9999 -9999 -9999 -9999 -9999 -9999 -9999 -9999 -9999 -9999
0.098125 0.22875 0.705 0.35875 0.00875 0.035625 0 0.008125 0.01125 0.0975 0.52625 0.64125 0.62625 0.965625 0.51875 0 0.1275 0.918125 0.246875 0.738125 0.956875 0.9525 0.883125 0.95625 0.898125 0.89625 0.851875 0.719375 0.62125 0.03875 0.04 0.5575 0.481875 0.025 0 0 0.3175 -9999 -9999 -9999 -9999 -9999 -9999 -9999 -9999 -9999 -9999 -9999 -9999 -9999 -9999 -9999 -9999 -9999 -9999 -9999 -9999 -9999 -9999 -9999 -9999 -9999 -9999 -9999 -9999 -9999 -9999 -9999
0.016875 0.24375 0.10625 0.429375 0.0875 0.003125 0.003125 0.013125 0.209375 0.935625 0.960625 0.73 0.694375 0.91 0.543125 0.2975 0.0375 0.56625 0.250625 0.83 0.98625 0.84625 0.780625 0.9325 0.9575 0.90375 0.909375 0.839375 0.699375 0.105625 0.01125 0.673125 0.399375 0.515625 0.060625 0 0 0.463125 -9999 -9999 -9999 -9999 -9999 -9999 -9999 -9999 -9999 -9999 -9999 -9999 -9999 -9999 -9999 -9999 -9999 -9999 -9999 -9999 -9999 -9999 -9999 -9999 -9999 -9999 -9999 -9999 -9999 -9999
0.011875 0.076875 0.32625 0.245 0.173125 0.003125 0.06875 0.6 0.98375 0.9975 0.981875 0.646875 0.981875 0.939375 0.685625 0.240625 0.096875 0.61875 0.716875 0.985625 0.97125 0.975625 0.92875 0.905625 0.963125 0.96 0.983125 0.740625 0.586875 0.6125 0.215 0.858125 0.67875 0.684375 0.366875 0 0 0.22375 -9999 -9999 -9999 -9999 -9999 -9999 -9999 -9999 -9999 -9999 -9999 -9999 -9999 -9999 -9999 -9999 -9999 -9999 -9999 -9999 -9999 -9999 -9999 -9999 -9999 -9999 -9999 -9999 -9999 -9999
0.054375 0.13125 0.029375 0.14125 0.129375 0.1975 0.76875 1 0.978125 0.920625 0.98375 0.6225 0.673125 0.756875 0.54375 0.15875 0.25 0.716875 0.72875 0.925 0.875625 0.8575 0.959375 0.983125 0.826875 0.818125 0.956875 0.50625 0.591875 0.67625 0.68625 0.719375 0.769375 0.74625 0.500625 0.043125 0.000625 0.034375 -9999 -9999 -9999 -9999 -9999 -9999 -9999 -9999 -9999 -9999 -9999 -9999 -9999 -9999 -9999 -9999 -9999 -9999 -9999 -9999 -9999 -9999 -9999 -9999 -9999 -9999 -9999 -9999 -9999 -9999
0.224375 0.105625 0.055 0.679375 0.67125 0.596875 0.9625 0.951875 0.97875 0.918125 0.9875 0.5825 0.409375 0.745625 0.901875 0.2025 0.045625 0.36375 0.5025 0.11125 0.48875 0.664375 0.83125 0.75125 0.541875 0.53 0.433125 0.43125 0.5875 0.421875 0.715625 0.67625 0.86125 0.353125 0.34125 0.09375 0.1125 0.28 0.5025 -9999 -9999 -9999 -9999 -9999 -9999 -9999 -9999 -9999 -9999 -9999 -9999 -9999 -9999 -9999 -9999 -9999 -9999 -9999 -9999 -9999 -9999 -9999 -9999 -9999 -9999 -9999 -9999 -9999
0.04375 0.00875 0.06875 0.521875 0.79125 0.9425 0.980625 0.944375 0.925 0.95125 0.975625 0.8525 0.315 0.749375 0.976875 0.198125 0.1075 0.004375 0.358125 0.150625 0.1375 0.40375 0.32375 0.07375 0.718125 0.273125 0.155625 0.255625 0.673125 0.585625 0.75 0.788125 0.919375 0.713125 0.383125 0.34875 0.63125 0.32625 0.103125 -9999 -9999 -9999 -9999 -9999 -9999 -9999 -9999 -9999 -9999 -9999 -9999 -9999 -9999 -9999 -9999 -9999 -9999 -9999 -9999 -9999 -9999 -9999 -9999 -9999 -9999 -9999 -9999 -9999
0.0025 0 0.00375 0.245625 0.828125 0.71375 0.530625 0.92875 0.855625 0.921875 0.951875 0.78375 0.215625 0.6 0.634375 0.094375 0.375625 0.430625 0.400625 0.575625 0.579375 0.14 0.40625 0.22 0.406875 0.276875 0.38375 0.42 0.4425 0.82125 0.830625 0.8625 0.769375 0.884375 0.46125 0.294375 0.73375 0.445 0.118125 -9999 -9999 -9999 -9999 -9999 -9999 -9999 -9999 -9999 -9999 -9999 -9999 -9999 -9999 -9999 -9999 -9999 -9999 -9999 -9999 -9999 -9999 -9999 -9999 -9999 -9999 -9999 -9999 -9999
0.004375 0.01125 0.00375 0.090625 0.16 0.09 0.316875 0.848125 0.9225 0.9325 0.97875 0.771875 0.0225 0.218125 0.165 0.04 0.48625 0.8225 0.555 0.574375 0.793125 0.631875 0.11125 0.27125 0.4675 0.419375 0.78 0.728125 0.704375 0.963125 0.823125 0.886875 0.485 0.54125 0.39875 0.655625 0.639375 0.515625 0 -9999 -9999 -9999 -9999 -9999 -9999 -9999 -9999 -9999 -9999 -9999 -9999 -9999 -9999 -9999 -9999 -9999 -9999 -9999 -9999 -9999 -9999 -9999 -9999 -9999 -9999 -9999 -9999 -9999
0.018125 0.0625 0.014375 0.2675 0.079375 0.075625 0.08125 0.47875 0.929375 0.968125 0.963125 0.795625 0.1525 0.285 0.2625 0.01 0.04125 0.6575 0.448125 0.76125 0.75625 0.809375 0.026875 0.241875 0.39125 0.323125 0.731875 0.70625 0.930625 0.836875 0.83 0.63 0.303125 0.479375 0.934375 0.915 0.744375 0.115 0.194375 -9999 -9999 -9999 -9999 -9999 -9999 -9999 -9999 -9999 -9999 -9999 -9999 -9999 -9999 -9999 -9999 -9999 -9999 -9999 -9999 -9999 -9999 -9999 -9999 -9999 -9999 -9999 -9999 -9999
0.005625 0.02375 0.024375 0.29 0.27625 0.035 0.041875 0.298125 0.639375 0.955625 0.64 0.125625 0.0675 0.075625 0.21 0.04375 0.01125 0.06875 0.23125 0.371875 0.458125 0.934375 0.138125 0.0275 0.07125 0.19375 0.27625 0.80375 0.95375 0.929375 0.893125 0.333125 0.185625 0.525 0.94375 0.8775 0.71875 0.173125 0.478125 -9999 -9999 -9999 -9999 -9999 -9999 -9999 -9999 -9999 -9999 -9999 -9999 -9999 -9999 -9999 -9999 -9999 -9999 -9999 -9999 -9999 -9999 -9999 -9999 -9999 -9999 -9999 -9999 -9999
0.008125 0.03125 0.045 0.2075 0.108125 0.0775 0.00125 0.038125 0.089375 0.1075 0.011875 0.003125 0.023125 0.0425 0.01375 0.028125 0.013125 0 0.00375 0.24125 0.505 0.671875 0.48 0.374375 0.0025 0.194375 0.523125 0.598125 0.960625 0.91625 0.876875 0.363125 0.35125 0.38 0.885625 0.714375 0.515625 0.405 0.239375 -9999 -9999 -9999 -9999 -9999 -9999 -9999 -9999 -9999 -9999 -9999 -9999 -9999 -9999 -9999 -9999 -9999 -9999 -9999 -9999 -9999 -9999 -9999 -9999 -9999 -9999 -9999 -9999 -9999
0.05125 0.07125 0.081875 0.051875 0.04375 0.050625 0.04 0.21 0.03625 0.02875 0 0 0.005 0.046875 0.045625 0.02125 0.124375 0.02375 0.12 0.135625 0.789375 0.746875 0.303125 0.44 0.2125 0.49375 0.396875 0.484375 0.925625 0.791875 0.81875 0.285625 0.07375 0.255625 0.398125 0.290625 0.286875 0.215625 0.546875 0.03125 -9999 -9999 -9999 -9999 -9999 -9999 -9999 -9999 -9999 -9999 -9999 -9999 -9999 -9999 -9999 -9999 -9999 -9999 -9999 -9999 -9999 -9999 -9999 -9999 -9999 -9999 -9999 -9999
0.051875 0.083125 0.13 0.035625 0.025625 0.054375 0.059375 0.03 0.311875 0.276875 0.18 0.368125 0.2675 0.13875 0.210625 0.53125 0.4025 0.183125 0.1025 0.068125 0.535 0.92875 0.639375 0.345 0.35 0.258125 0.270625 0.45125 0.66875 0.74375 0.9 0.54375 0.108125 0.135 0.07375 0.055 0.0775 0.121875 0.218125 0 -9999 -9999 -9999 -9999 -9999 -9999 -9999 -9999 -9999 -9999 -9999 -9999 -9999 -9999 -9999 -9999 -9999 -9999 -9999 -9999 -9999 -9999 -9999 -9999 -9999 -9999 -9999 -9999
0.051875 0.135 0.06375 0.041875 0.015625 0.115 0.08625 0.010625 0.85375 0.938125 0.93375 0.92875 0.91 0.921875 0.97875 0.980625 0.8925 0.326875 0.350625 0.3725 0.541875 0.92125 0.8225 0.535 0.338125 0.49375 0.696875 0.66125 0.65125 0.8675 0.865625 0.745 0.3925 0.1725 0.265 0.03125 0.144375 0.01375 0 0 -9999 -9999 -9999 -9999 -9999 -9999 -9999 -9999 -9999 -9999 -9999 -9999 -9999 -9999 -9999 -9999 -9999 -9999 -9999 -9999 -9999 -9999 -9999 -9999 -9999 -9999 -9999 -9999
0.105625 0.089375 0.01875 0.02375 0.026875 0.1425 0.024375 0 0.289375 0.40875 0.62875 0.913125 0.90125 0.926875 0.9375 0.97 0.999375 0.945625 0.3175 0.27625 0.7025 0.831875 0.67375 0.805625 0.0675 0.0525 0.106875 0.3275 0.45 0.634375 0.858125 0.82 0.785 0.49875 0.5825 0.65125 0.448125 0.060625 0 0.0025 -9999 -9999 -9999 -9999 -9999 -9999 -9999 -9999 -9999 -9999 -9999 -9999 -9999 -9999 -9999 -9999 -9999 -9999 -9999 -9999 -9999 -9999 -9999 -9999 -9999 -9999 -9999 -9999
0.039375 0.06125 0.064375 0.0425 0.035 0.096875 0.0025 0.003125 0.005625 0.060625 0.166875 0.63625 0.76375 0.828125 0.89375 0.9575 0.985 0.924375 0.73 0.01125 0.611875 0.7175 0.56625 0.9025 0.444375 0 0 0.100625 0.348125 0.378125 0.853125 0.954375 0.985625 0.81625 0.89375 0.805 0.565625 0.025625 0 0.01 -9999 -9999 -9999 -9999 -9999 -9999 -9999 -9999 -9999 -9999 -9999 -9999 -9999 -9999 -9999 -9999 -9999 -9999 -9999 -9999 -9999 -9999 -9999 -9999 -9999 -9999 -9999 -9999
0.099375 0.126875 0.08 0.0525 0.046875 0.054375 0.043125 0.01875 0.054375 0.098125 0.119375 0.186875 0.209375 0.390625 0.30375 0.325625 0.87875 0.9775 0.855 0.015 0.46625 0.58125 0.845 0.900625 0.51875 0.035625 0 0 0.241875 0.528125 0.62125 0.825 0.868125 0.87125 0.80625 0.65875 0.2825 0.0375 0 0.0925 -9999 -9999 -9999 -9999 -9999 -9999 -9999 -9999 -9999 -9999 -9999 -9999 -9999 -9999 -9999 -9999 -9999 -9999 -9999 -9999 -9999 -9999 -9999 -9999 -9999 -9999 -9999 -9999
0.25875 0.246875 0.18 0.12625 0.29875 0.37125 0.07125 0.006875 0.010625 0.08 0.00625 0.00375 0.02125 0.118125 0.041875 0.1775 0.3875 0.845625 0.97875 0.12625 0.165 0.114375 0.26875 0.460625 0.6725 0.12375 0 0 0.000625 0.429375 0.641875 0.895625 0.808125 0.803125 0.725625 0.599375 0.371875 0.0625 0 0.133125 -9999 -9999 -9999 -9999 -9999 -9999 -9999 -9999 -9999 -9999 -9999 -9999 -9999 -9999 -9999 -9999 -9999 -9999 -9999 -9999 -9999 -9999 -9999 -9999 -9999 -9999 -9999 -9999
0.33125 0.374375 0.363125 0.364375 0.236875 0.173125 0.06625 0.078125 0.02875 0.015625 0.018125 0 0 0.093125 0.02 0.23 0.079375 0.304375 0.681875 0.09 0.081875 0.055 0.030625 0.214375 0.65125 0.23375 0.009375 0 0 0.0675 0.66875 0.96 0.56375 0.956875 0.86875 0.305 0.073125 0.075 0 0.04625 -9999 -9999 -9999 -9999 -9999 -9999 -9999 -9999 -9999 -9999 -9999 -9999 -9999 -9999 -9999 -9999 -9999 -9999 -9999 -9999 -9999 -9999 -9999 -9999 -9999 -9999 -9999 -9999
0.060625 0.164375 0.03375 0.101875 0.045 0.04375 0.2525 0.13125 0.0375 0.01625 0.0075 0.015 0.001875 0.039375 0.10875 0.066875 0.0325 0.029375 0.059375 0.07 0.041875 0.026875 0 0.38625 0.86 0.24 0.08125 0 0 0 0.32625 0.688125 0.336875 0.884375 0.729375 0.070625 0.029375 0.064375 0.194375 0.255625 -9999 -9999 -9999 -9999 -9999 -9999 -9999 -9999 -9999 -9999 -9999 -9999 -9999 -9999 -9999 -9999 -9999 -9999 -9999 -9999 -9999 -9999 -9999 -9999 -9999 -9999 -9999 -9999
0.04375 0.044375 0.045625 0.0075 0.01625 0.019375 0.225 0.1175 0.003125 0 0 0.01 0.004375 0.00375 0.0125 0.0025 0.0825 0.0225 0.005 0.043125 0.015 0.01 0.003125 0.359375 0.8475 0.095625 0 0 0 0.154375 0.395625 0.7025 0.5825 0.91125 0.278125 0.028125 0.013125 0.12125 0.11625 0.246875 -9999 -9999 -9999 -9999 -9999 -9999 -9999 -9999 -9999 -9999 -9999 -9999 -9999 -9999 -9999 -9999 -9999 -9999 -9999 -9999 -9999 -9999 -9999 -9999 -9999 -9999 -9999 -9999
0.068125 0.07125 0.056875 0.011875 0.019375 0.050625 0.078125 0.35 0.065625 0.0025 0.00875 0 0.008125 0.000625 0.004375 0.0325 0.02625 0.015 0.000625 0.049375 0.134375 0.066875 0.051875 0.046875 0.4025 0.19375 0.076875 0.06125 0.05625 0.58 0.834375 0.475625 0.198125 0.164375 0.00625 0 0.048125 0.01125 0.024375 0.1375 -9999 -9999 -9999 -9999 -9999 -9999 -9999 -9999 -9999 -9999 -9999 -9999 -9999 -9999 -9999 -9999 -9999 -9999 -9999 -9999 -9999 -9999 -9999 -9999 -9999 -9999 -9999 -9999
0.1275 0.08625 0.10875 0.0475 0.014375 0.02 0.05375 0.24125 0.125 0.024375 0.004375 0.0025 0.01 0.000625 0.003125 0.04 0.011875 0.005 0.003125 0.06375 0.304375 0.26 0.00375 0.05125 0.111875 0.08875 0.025625 0.101875 0.14375 0.5575 0.295 0.2175 0.004375 0.005 0.005 0.00125 0.009375 0.06125 0.05125 0.023125 -9999 -9999 -9999 -9999 -9999 -9999 -9999 -9999 -9999 -9999 -9999 -9999 -9999 -9999 -9999 -9999 -9999 -9999 -9999 -9999 -9999 -9999 -9999 -9999 -9999 -9999 -9999 -9999
0.104375 0.040625 0.0425 0.135625 0.070625 0.005625 0.011875 0.004375 0.051875 0.12 0 0.003125 0.00125 0.01375 0.03375 0 0.023125 0.003125 0.000625 0.04625 0.0675 0.399375 0.0775 0.095625 0.05875 0.01375 0 0 0.00625 0.04125 0.03 0.014375 0.00375 0.00125 0 0.006875 0.01875 0.115 0.115625 0.0025 -9999 -9999 -9999 -9999 -9999 -9999 -9999 -9999 -9999 -9999 -9999 -9999 -9999 -9999 -9999 -9999 -9999 -9999 -9999 -9999 -9999 -9999 -9999 -9999 -9999 -9999 -9999 -9999
0.021875 0.09375 0 0.028125 0.053125 0.038125 0.029375 0.02125 0.0025 0.076875 0 0 0.019375 0.104375 0.026875 0 0 0 0.0775 0.16875 0.034375 0.3575 0.100625 0.0975 0.003125 0.048125 0.051875 0.165625 0.035 0.023125 0.00875 0.003125 0.00625 0.0425 0.00875 0.00375 0.004375 0.001875 0 0.0725 -9999 -9999 -9999 -9999 -9999 -9999 -9999 -9999 -9999 -9999 -9999 -9999 -9999 -9999 -9999 -9999 -9999 -9999 -9999 -9999 -9999 -9999 -9999 -9999 -9999 -9999 -9999 -9999
0.128125 0.01375 0.02625 0 0.04875 0.0825 0.025 0.0075 0 0.04375 0.02375 0.0025 0.0175 0.003125 0.054375 0.013125 0.0125 0.0325 0.456875 0.438125 0.14625 0.183125 0.21625 0.12875 0.17625 0.001875 0.05125 0.2125 0.366875 0.006875 0.01125 0 0.0125 0.03375 0.019375 0.049375 0.02 0.003125 0 0.0025 -9999 -9999 -9999 -9999 -9999 -9999 -9999 -9999 -9999 -9999 -9999 -9999 -9999 -9999 -9999 -9999 -9999 -9999 -9999 -9999 -9999 -9999 -9999 -9999 -9999 -9999 -9999 -9999
0.22 0.006875 0.01375 0.006875 0.02 0.014375 0.029375 0.0025 0 0.12375 0.141875 0.09625 0.03375 0 0.04375 0.00125 0.05625 0.060625 0.024375 0.28625 0.489375 0.6275 0.585625 0.501875 0.258125 0.21125 0.2425 0.055 0.209375 0.083125 0 0 0.0175 0.0325 0.00375 0.0075 0.048125 0.003125 0.005 0 -9999 -9999 -9999 -9999 -9999 -9999 -9999 -9999 -9999 -9999 -9999 -9999 -9999 -9999 -9999 -9999 -9999 -9999 -9999 -9999 -9999 -9999 -9999 -9999 -9999 -9999 -9999 -9999
0.065 0.04125 0.0275 0.00125 0.008125 0.026875 0 0 0 0.025625 0.015625 0.1925 0.1525 0.060625 0 0.02625 0.308125 0 0.188125 0.023125 0.034375 0.42 0.6225 0.194375 0.0725 0.025625 0.03625 0.033125 0.003125 0.031875 0 0 0 0 0.03625 0.003125 0.011875 0 0 0.004375 -9999 -9999 -9999 -9999 -9999 -9999 -9999 -9999 -9999 -9999 -9999 -9999 -9999 -9999 -9999 -9999 -9999 -9999 -9999 -9999 -9999 -9999 -9999 -9999 -9999 -9999 -9999 -9999
