Env_Vars/Set_1/100kmsq_mar_final.asc
ncols         290
nrows         380
xllcorner     -2197417.7431653
yllcorner     -584827.01486885
cellsize      10000
NODATA_value  -9999
[rows 280 to 314 of 380, columns 79 to 157 of 290]
14.3 14.3 14.125 14.125 13.875 14.075 13.9 13.625 13.8 13.65 13.6 13.65 13.65 13.65 12.9 13.775 13.975 13.125 13.125 12.975 14.075 12.6 13.65 13.925 14.45 12.45 14.125 14.425 13.175 14.725 14.15 12.9 13.15 12.9 13.05 12.8 13.5 13.3 14.325 14.5 13.25 14.175 15.4 12.875 13.425 13.9 14.4 14.325 14.3 14.25 13.9 13.85 14.125 14.1 14 14.1 13.825 13.825 13.925 13.8 14.025 13.675 13.9 13.9 13.8 13.9 13.7 13.8 14 13.725 13.775 13.75 13.6 13.825 13.825 14.075 14.1 13.875 13.9
14.3 14.375 14.2 14.2 14.1 14 13.9 14 13.75 13.75 13.85 13.375 13.6 13.3 13.625 12.925 12.55 12.625 13.375 12.8 13.25 14.1 14.35 14.55 15.775 13 15.825 12.875 12.725 13.1 14.7 12.825 14.15 13.4 13.475 12.9 13.325 13.05 13.475 13.75 15.525 15.175 13.75 14.525 14.025 14.2 14.8 14.025 14 14 14.1 14.2 14.1 14.05 13.975 14 13.925 14.15 13.975 13.925 13.925 13.4 13.9 13.9 13.975 14 13.8 13.95 14.25 14.3 13.625 13.8 13.9 14.25 14.1 14.15 14 14.1 13.975
14.45 14.25 14.3 14.2 14.1 14.05 13.95 13.875 13.525 13.25 13.575 13.7 13.575 13.55 13.05 12.375 14.075 14.825 13.825 14.4 13.55 12.675 11.9 12.425 12.525 12.6 11.575 12.6 13.9 13.575 13.675 12.925 13.125 13.05 13.175 12.8 15.35 12.9 12.925 13.625 13.825 12.575 13.55 14.15 13.95 14 14.025 14.15 13.975 14.1 14.1 14.1 13.975 13.95 14.05 14.05 14.15 14.075 13.975 14.025 14 13.95 14.05 14 13.925 13.8 14.175 14.225 14.55 14.375 14.575 14.025 14.625 14.45 14.075 13.925 14 13.9 13.9
14 14.225 14.225 14.1 14.2 14.1 14.025 13.8 13.825 13.625 13.575 13.7 13.55 13.2 13.675 13.275 12.65 13.225 13.1 13.775 14.35 13.55 13.3 14.275 12.325 14.4 14.375 15.375 12.65 13.15 14.3 12.95 12.8 13.2 13.525 13.225 14.875 13.15 14.375 11.6 15.925 14.575 15.25 15.9 13.775 15.725 14.125 14.1 14.275 14.1 14.025 14.1 13.875 14 13.9 14 13.725 13.825 14.025 13.9 14.05 13.8 14.125 13.6 13.85 13.775 14.225 14.125 14.075 13.875 14.325 13.875 14.075 14.2 14.15 13.95 13.8 13.875 13.8
14.5 14.35 14.3 14.1 14.15 14.1 14.1 13.9 13.825 13.75 13.85 13.7 13.6 13.025 14.125 13.375 13.575 13.4 13.8 12.675 13.525 13.85 13.25 13.825 13.525 13.175 13.55 14.025 13.3 13.3 14.425 13.525 13.125 13.475 13.45 13.15 15.775 13.125 14.65 14.45 13 14.975 15.45 15.275 13.75 15.15 14.2 13.9 14 14.55 14.1 14.25 13.95 13.925 14.1 14.075 13.9 13.9 13.825 14 13.7 13.975 13.575 13.675 14 13.65 13.725 14.025 13.925 13.7 14.25 14.225 14.15 13.5 13.975 14.025 13.85 13.85 13.925
14.45 14.3 14.225 14.15 14.175 13.9 13.925 13.725 13.55 13.7 13.9 13.725 14.05 13.65 13.5 13.575 13.5 13.075 14.05 12.95 13.8 12.875 12.8 12.875 14.5 15.125 13.4 12.15 13.975 13.825 12.45 13.175 13.55 13.5 13.5 12.75 15.3 13.325 13.425 15.3 13.825 13.3 15.525 13.25 13.925 13.2 14.025 14.05 14.45 14.3 13.925 14.2 14.075 14.05 14 13.975 14.1 13.95 13.95 13.45 13.75 13.8 14.025 14 14.125 13.475 13.975 14 13.95 14.05 14.025 13.725 14.15 13.875 13.975 14.25 14.475 14.6 13.85
14.325 14.175 14.2 14.05 13.775 14.05 14.05 13.45 13.975 13.3 13.65 13.8 13.775 13.6 13.8 13.975 13.925 12.8 13.625 13.975 14.2 13.55 14.575 13.825 13.3 14.525 15.075 12.325 14.275 14.8 15.9 13.8 12.975 13.625 13.25 13.95 15.75 13.425 13.525 13.475 15.225 15.425 14.65 12.9 14.125 14.925 14.15 14.225 13.975 14.1 14.175 14.1 14.25 14.2 13.85 13.975 14.05 13.95 13.65 14 13.925 13.85 13.85 13.9 13.8 14 13.6 14.075 13.725 14.15 14.225 14.05 14.15 13.775 13.975 14.2 14.2 14.15 14
14.425 14.675 14.4 14.3 14.125 13.875 14.275 14.225 14.175 14.125 13.9 13.7 13.25 13.35 13.525 14.275 13.375 13.475 13.425 13.8 13.425 15.425 11.3 13.475 13.425 14.875 15.625 13.275 14.35 13.775 14.925 14.5 15.325 13.5 13.575 13.65 15.9 14.225 13.325 14.625 14.2 14.95 13.925 15.025 14.875 13.55 13.95 13.95 14 14.175 13.925 13.85 13.8 13.75 13.9 13.7 14 13.85 13.825 13.9 13.625 13.35 13.675 13.825 13.8 13.9 13.975 14.775 14 13.625 13.95 13.975 14.35 13.675 13.975 14.075 14.15 14.125 13.975
14.55 14.4 13.675 13.575 14 13.075 13.575 12.55 13.575 13.925 14.05 13.95 13.95 14.3 14.075 13.775 13.65 13.4 13.525 13.65 14.1 14.475 13.875 15.025 13.725 14.1 13.925 14.7 14.45 13.15 15.1 13.35 15.45 15.025 12.625 12.5 12.525 14.075 13.35 13.475 14.55 14.475 14.6 14.275 14.3 15.4 14.125 14.15 14.25 14.15 14 13.95 13.75 13.95 13.625 13.8 13.875 13.775 13.7 13.65 14.025 14.075 13.425 13.675 13.85 13.925 13.9 14.35 14.025 14.475 13.975 14.15 14 13.65 14.075 13.925 13.9 14.05 14.075
14.375 14.475 14.275 13.675 13.95 14.2 13.675 13.75 14.15 14.75 14.3 13.975 14.175 14.05 13.825 13.6 14.025 13.575 13.525 13.825 13.7 13.125 13.425 16.1 13.35 14.3 14.325 15.15 14 15.175 13.975 14.7 12.8 13.9 12.725 15.275 14.85 13.925 13.375 14.15 13.95 12.825 14.2 13.925 15.375 14.7 13.825 14.25 14.1 14.1 14.5 13.825 13.7 13.9 14 13.9 13.8 13.85 13.4 13.725 14.675 14.45 14.125 14 13.65 13.125 13.75 14.125 13.425 13.9 14 13.975 13.85 13.8 13.725 14.05 13.375 13.1 13.525
14.375 14.375 14.6 14.225 14.125 14.2 14 13.925 14.65 13.05 14.55 14.375 14.2 13.95 13.2 13.8 14.25 13.65 14.575 13.425 14.525 14.225 14.475 12.425 14.125 13.325 12.775 14.325 14.35 12.3 15.525 13.175 14.5 13.35 13.875 13.525 13.925 14.125 14.3 13.475 13.4 13.45 13.975 15.35 14.3 14.225 13.9 13.775 13.7 13.9 14.2 13.875 13.575 13.75 13.8 13.925 13.95 14.225 13.975 13.95 14.525 13.925 14.05 13.8 14.075 13.9 14.1 13.95 13.6 14 14 14.075 13.85 13.975 14.025 14.15 14.275 14.15 14.15
14.375 14.275 14.25 14.175 13.6 14.375 14.1 14.775 14.375 13.6 15.2 14.725 14.725 13.725 13.95 14.325 14.375 13.05 13.825 13.9 13.95 14.4 13.925 15.2 13.25 12.375 13.05 15.425 15.525 12.8 14.725 13.95 14.85 13.35 13.55 13.6 13.8 12.925 13.05 13.275 13.325 13.4 13.5 13.175 15.25 13.925 14.4 15.425 14.45 14.1 13.625 14.475 14.45 13.925 13.7 14.875 13.875 13.9 13.725 14.725 14.225 14 14.2 14.15 14.05 13.95 13.9 13.8 13.775 14.125 13.925 13.925 13.675 14 13.9 14 13.85 13.85 13.775
14.15 14.15 14.05 13.85 15 14.9 14.975 15.025 14.525 14.075 13.875 13.75 13.625 13.75 14.15 13.5 14.1 13.475 14.5 14.425 13.975 14.075 14.35 13.225 12.975 12.625 13.875 13.075 15.25 14.625 13.5 12.8 13.725 14.375 15.125 14.35 15.125 13.225 13.425 13.05 14.35 13.175 13.35 13 13.175 13.35 14.125 14.8 14.1 13.675 14.625 14 15.775 13.575 14.025 13.95 14.15 13.775 14.3 13.8 14.15 13.925 14.075 14.05 14.075 13.775 13.675 13.65 13.575 14 13.65 13.45 13.6 14 14.1 14.05 14.175 14.1 14
14.3 14.1 14.35 14.45 14.175 15.125 16 15.875 13.6 14.5 14.375 14.425 14.05 13.375 14.575 14.3 14.375 12.375 13.625 14.4 13.4 14.525 13.15 14.3 15.375 15.475 15.225 14.675 15.55 15.4 15.475 15.15 15.475 14.05 14.5 15.6 13.575 13.975 15 13.95 14.025 13.15 13.5 14.55 14.25 14.725 14.05 14.125 13.825 14 13.7 14.6 13.225 13.5 13.65 13.85 14.025 13.675 13.825 14.3 13.475 14.225 13.925 14.1 13.85 14.175 13.975 13.7 14.275 13.875 13.525 14.575 14.075 14.025 14.075 14 13.825 13.925 13.825
14.125 13.95 14.475 15.7 15.9 14.975 15.025 16.3 14.7 14.9 15.075 14.1 13.95 14.8 14.2 14.2 14.425 13.15 14.325 14.1 13.95 14.775 15.7 14.3 14.425 15.15 13.425 14.375 11.825 14.075 16 13.825 17.5 13.3 13.9 14.875 14.625 14.025 13 12.975 14.125 14.2 14.25 13.55 13.3 15.175 14.075 13.7 14.525 13.725 14.2 13.925 14.6 14.325 13.475 13.8 14.125 13.8 14.35 13.95 14.625 13.75 14.05 14.1 14.175 14.125 14 14 14.1 13.975 14.325 14.175 13.925 14.025 13.95 13.9 14.15 13.975 14.25
14.1 15.275 13.7 15.65 15.95 15.9 15.3 14.6 15.275 16.05 14.85 13.4 15.375 14.4 14.325 14.1 14.25 14.25 14.225 14.4 13.875 14.8 13.875 12.425 13.85 15.35 14.5 14.925 15.95 13.475 14.775 13.85 14.9 13.475 13.85 15.1 14.25 14.95 14.75 13.6 13.525 13.8 14.125 14.3 13.95 14.95 14.725 14.675 14.2 14.4 14.2 15.275 13.85 14.1 14.6 14 13.925 14.175 14.4 14.325 14.525 14.525 14.2 13.975 14.025 14.05 13.9 14.1 13.9 14.15 14.325 13.875 14.3 13.9 13.8 14.1 14.05 14.25 14.2
14.725 11.95 15.15 15.175 15.525 15.25 14.35 14.025 14.125 14.25 13.7 15.7 15.65 14.725 14.5 14.025 14.25 14.05 14.125 14.825 15.05 13.575 12.775 13.65 16.15 14.925 15.225 15.3 15.3 14.7 15.35 13.45 13.775 13.55 14 13.625 15 14.625 14.175 13.6 13.1 14.05 13.25 14.725 13.925 14.05 14.25 14.275 14.05 13.9 13.85 14.325 14.2 14.85 14.7 14.125 13.725 14.125 13.6 14.475 15.25 13.95 13.7 14.4 14.3 14.175 13.85 13.975 14.5 14.15 14.375 14.45 13.975 14.2 14.25 14.1 14.2 14.25 14.15
15.025 15.825 15 15.375 15.15 14.675 13.325 15.65 13.6 14.25 14.625 16.05 12.625 12.925 14.7 14.275 14.3 14.2 13.7 13.8 14.075 15.925 16.225 13.85 16.8 14.525 15.45 15.225 15.025 15.325 13.975 13.45 13.75 14.15 15.725 14.425 13.85 13.875 14.45 13.225 14.975 15.65 13.925 14.05 14.575 14.475 14.775 14.325 12.925 14.125 13.875 13.8 13.625 14.275 13.7 13.8 13.875 13.575 14.275 14.4 14.725 13.375 15.275 14.675 14.05 13.875 13.75 14.775 14.3 13.275 14.475 14.4 14.175 14.4 14.25 13.775 13.925 14.05 13.975
14.25 15.55 14.525 13.725 15.4 15.05 13.425 15.175 14.675 15.25 13.625 13.8 14.275 16.175 13.8 13.9 14.2 13.9 13.55 13.975 14.775 13.125 13.625 15.875 12.5 13.95 14.45 16 16.55 14.75 16.825 17.3 13.95 15.175 15.7 15.15 14.25 13.925 13.9 15.1 15.825 16.375 14 14 14.75 13.825 14.4 14.35 14.65 14.225 14.325 14.275 13.525 14.65 13.7 13.975 13.725 14.15 13.225 13.725 13.8 14.575 14.975 14.425 14.325 14.3 14.05 14.275 14.8 15 15.025 14.175 14.475 14.15 14.025 14.1 14.075 14.2 14.2
15.075 14.525 14.4 14.75 15 14.625 15.175 14.45 14.275 14.525 15.2 13.25 14.9 14.7 14.95 14.55 14.175 14.075 14.65 15.5 14.325 15.225 15.8 15.7 16.575 15.225 15.25 15.2 15.375 16.05 14.325 14.375 13.625 14.25 14.45 14.875 13.925 15.3 14.6 15 16.05 15.3 14.125 14.4 15.875 15.425 16.6 14.825 13.35 14.775 15.925 14.05 13.5 14 14.225 13.85 13.7 13.5 14.2 14.3 13.35 13.85 13.9 14.15 14.025 14.1 14 14.15 14.175 14.275 14.35 14.05 14 14.225 14.1 14 14.075 14.175 13.8
15.1 14.1 13.75 14.725 13.8 14.175 14.55 14.425 14.35 14.775 14.1 12.7 14.15 14.725 14.075 13.725 13.925 13.15 13.775 15.75 14.325 14.475 16.95 13.225 13.925 17.5 13.1 15.175 16.6 15.15 16.25 14.275 16.05 14.725 14.7 13.725 15 14.375 14.95 14.225 14.55 14.45 13.975 14.225 14.325 13.625 14.25 14.425 15.075 15.825 14.55 14.15 13.5 14.125 13.675 14.125 13.95 13.525 15.025 13.75 14 13.825 13.9 14 14.025 14.1 14.025 14.1 14.1 14.25 14.3 14.25 14.2 14.1 14.2 13.9 13.975 13.975 14.1
15.525 13.85 14.325 14.725 15.95 14.15 14.4 14.25 15.025 14.9 11.925 14.975 15.6 14.425 13.5 14.2 14.5 14 15.2 14.95 14.85 14.075 14.225 14.925 15.375 14.2 14.925 13.275 13.15 15.975 15.175 14.95 13.5 14.925 15.65 14.775 15.2 14.75 14.925 16.75 15.95 14.275 13.875 14.5 14.625 13.75 15.85 13.6 14.025 14.425 15.05 14.025 13.55 13.475 14.175 14.475 13.65 13.975 13.725 14.125 13.6 14.05 13.85 13.525 13.85 14.025 14.125 14.175 14.1 14.25 14.15 14.3 14.175 14.125 14.225 14.125 14.25 14.15 14
13.7 13.725 13.925 14.3 15.775 13.8 14.35 14.625 15.275 14.65 13.525 16 13.55 14.45 11.85 14.45 14.825 14.55 14.9 14.675 14.025 14.55 14.15 14.9 15.675 16.475 13.65 15.9 16.7 16.425 15.8 14.675 15.025 15.125 14.65 15.45 15.7 14.9 14.85 14.975 14.9 15.525 14 14.175 14.275 15.025 15.225 14.4 13.975 13.55 14.4 13.7 13.6 14.25 14.55 14.375 13.75 13.85 13.9 14.625 13.95 15.45 14.2 13.95 14.175 14.25 14.325 13.975 14.2 14.075 14.325 14.225 14.1 14.05 13.8 13.875 13.825 13.75 13.95
14.25 13.625 14.175 15.275 14.425 15.325 14.025 14.5 14.875 15.275 13.7 17.7 13.275 16.225 14.9 16.65 15.85 16.05 12.95 15.325 16.5 15.55 15.875 15.35 16.2 14.925 14.725 15.2 15.2 14.725 13.875 14.775 15.025 14.35 15.375 15.625 15.425 14.9 14.475 14.2 15.325 15.475 14.65 14.55 13.775 14.75 14.225 13.375 14.6 14.15 14.05 13.6 13.925 13.575 13.35 13.45 14.275 14.5 14.175 14 13.725 14.5 13.85 14.45 13.95 14.15 14.1 14.15 13.8 14 13.95 14.05 14.3 13.95 14 14 14.1 14.15 14.325
15.45 14.4 14.2 16.15 13.3 14.525 14.925 15.25 14.15 14.55 15.1 11.875 17.425 14.2 14.025 14.35 11.375 12.45 14.375 13.35 14.925 16.35 12.85 13.125 13.85 15.675 15 15.925 15.05 15.275 15.925 14.55 15.8 15.45 14.675 14.875 14.6 14.125 14.375 15 15.175 14.975 13.975 14.475 14.325 15.05 14.2 14.475 13.625 14.25 14.225 14.25 13.375 15.3 13.625 14.5 14.25 14.4 14 14.075 15.225 13.15 14.575 14.275 14.5 14.275 13.975 14.075 14.2 13.725 14.225 14.05 13.95 14.125 14.275 14.3 15.225 14.375 14.425
14.3 14.25 14.625 14.275 16.7 16.25 16.15 15.675 15.7 14.975 15.2 16.6 16.975 13.25 16.2 15.225 15.825 17.95 15.925 12.3 12.15 15.9 16.85 17.55 14.4 16.125 14.25 16.475 16.5 14.975 15.5 16.7 14.975 14.5 14.725 14.725 14.6 14.85 15.2 15.675 15.2 14.95 14.7 14.875 15.925 14.5 14.2 13.725 13.975 14.3 13.65 13.675 13.675 14.075 13.775 15.425 14.025 13.9 13.9 13.85 15.175 15.95 14.375 14.3 14.3 14.4 14.15 13.975 14.3 14.725 14.575 14.325 14.3 14.35 14.4 14.075 14.4 14.3 14.25
14.45 14.525 14.475 15.025 14.95 14.9 14.875 13.85 16.625 15.7 12.375 16.25 15.6 14.625 13 15.075 16.15 15.45 15.15 16.125 15.975 16.275 15.25 15.1 14.075 15.4 14.5 13.675 16.35 16.875 16.025 15.6 15.1 14.675 14.975 14.95 14.7 15.1 15.425 15.375 14.425 14.275 14.325 15.025 15.55 14.25 14.05 15.35 14.1 14 13.775 13.85 14.2 13.825 13.575 13.7 13.675 14.4 13.875 13.9 14.5 14.9 14.6 14.2 14.025 14.175 14.25 14.15 14.15 14.325 14.625 14.375 14.3 14.45 14.25 14.225 14.25 14.3 14.275
14.4 14.65 14.85 15.525 15.25 15.1 16.4 16.675 14.525 12.975 15.425 15.45 14.8 13.475 14.65 15.65 15.025 15.25 16.625 12.25 16.875 17.275 15.45 15.65 17.3 17.05 14.15 16.65 16.025 13.275 13.55 15.475 15.25 15.65 15.775 15.025 14.9 15.45 15.8 14.275 15.9 14.65 14.25 15.05 14.75 13.975 14.9 14.875 14.275 14.2 13.95 13.85 14.25 14.1 13.8 14.725 13.875 14.2 13.95 13.725 13.725 14 14.075 13.8 14.225 13.975 14.45 14.45 14.2 14.05 14.175 14.4 14.075 14.45 13.95 14.2 14.35 14.25 14.25
14.625 14.45 14.575 14.55 15.15 14.925 14.2 14.65 13.65 15.325 15.3 15.275 14.55 14.125 15.4 14.875 16.65 15.15 16.075 14.975 18.2 16.875 15.35 15.975 16.7 16.775 15.15 13.575 14.35 15.075 16.375 15.25 14.225 15.275 15.425 15.175 15.8 16.2 15.125 16.375 15.25 15.05 15.275 15 14.375 14.65 15.9 14.825 14.025 14.025 13.775 13.75 14.025 14.3 14.1 14.05 14.125 14.575 14.1 13.725 13.975 13.475 13.725 14.25 14 14.4 14.5 14.3 14.9 14.325 14.35 14.325 14.8 14.35 14.2 14.3 13.875 14.025 14.1
14.5 14.775 15.15 14.4 14.825 15.1 15.675 14.8 13.775 15.075 15.25 14.4 15.075 14.125 15.875 15.5 16.65 14.6 14.075 17.25 15.375 15.925 15.15 14.425 16.85 15.225 17.825 17 17.25 17.1 15.6 16.775 13.875 15.85 16.1 15.2 15.075 16 14.225 16.1 15.175 14.65 14.6 14.7 14.375 14.175 15.15 16.225 14.65 14.5 14.825 14.35 15.5 13.8 13.275 13.525 14.8 15.225 13.5 13.775 13.85 13.875 14.3 14.15 14.5 14.2 14.525 14.425 14.125 14.875 14.4 14.75 14.25 14.325 14.275 14 14 14.7 14.275
15.375 15.15 14.975 14.875 16.675 14.25 14.725 13.925 16.7 16.9 14.2 14.45 15.225 14.9 14.95 16.35 16.65 16.1 16.125 14.05 15.775 16.025 16.325 16.325 17.25 15.6 15.85 16.35 16.15 14.375 16.125 15.475 14.25 15.55 16.4 14.5 14.9 16.5 15.2 15.475 15.175 14.425 14.65 14.5 14.5 15.25 14.075 15.35 15.175 13.75 16.2 15.275 13.65 16.1 14.625 13.4 14.15 14.025 13.35 15.35 13.7 15.65 13.475 14.35 14.5 15.125 14.725 14.9 13.95 14.5 14.525 14.4 14.25 13.95 14.375 14.275 14 14.425 14.2
14.925 14.7 15.725 13.65 15.825 16.15 14.9 15.65 14.85 16.2 15.65 14.35 15.55 17.375 14.975 15.75 16.8 14.575 16.075 15.55 15.6 15.575 16.7 17.625 14.65 15.775 16.875 15.3 15.375 15.175 15.95 14.375 14.4 14.45 16.325 14.925 16 15.775 14.575 15.2 14.775 14.925 14.5 14.325 15.4 15.9 13.575 14.175 14.5 14 14.175 16.55 14.95 12.85 13.4 15.3 14.85 13.55 13.825 14.275 15.3 14.875 17.475 14.975 14.4 14.95 14.575 14.3 14.55 14.425 14.175 14.525 14.475 14.5 14.6 14.2 14.375 14.3 14.25
15.05 15.525 17.225 15.575 15.95 14.85 14.525 16.775 14.75 14.625 14.2 14.725 15.4 16.35 14.925 15.525 16.175 15.175 16.225 17.175 18.025 14.65 15.175 17.025 16.6 14.15 15.675 15.475 14.4 16.375 16.95 14.025 17.15 14.5 15.3 15.2 15.2 14.85 14.75 14.55 14.975 14.425 14.5 14.775 15.3 14.05 14.025 15.425 14.225 14.1 15.9 15.375 13.8 14.5 15.15 13.825 13.45 12.825 16.125 14.125 14.7 16.3 13.875 12.975 14.1 14.7 14.825 14.6 14.65 14.85 14.55 14.35 14.425 15.125 14.575 14.3 14.5 14.275 14.1
14.675 14.975 16.325 15.9 15.925 15.475 16.325 15.675 14.8 14.775 15 15.075 16.65 15.425 15.375 16.475 16.375 15.325 15.75 16.05 15.325 14.95 16.3 15.35 14.7 17.95 15.2 15.35 15.175 16.825 15.125 14.9 16.3 14.05 14.7 15.1 14.575 14.8 14.7 14.925 15.45 14.3 14.35 15.425 14.65 14.45 14.9 15.6 13.95 14.1 15.6 15.925 14.4 14.9 14.7 12.225 13.825 15.95 13.875 14.15 13.35 16.525 13.775 14.175 16.525 14.9 15.3 14.65 14.325 14.7 14.75 14.275 14.475 14.55 14.425 14.55 14.35 14.2 14.125
15.325 15.425 15.675 15.65 15.65 15.65 16.075 14.925 14.75 15.525 15.5 15.325 14.625 16.525 15.125 15.9 16.15 16.025 16.225 17.9 17.75 16.775 15.8 16.05 15.825 17.95 14.55 15.675 14.675 15.7 14.575 17.725 15.55 14.6 15.325 16.125 14.85 15.5 14.875 14.375 15.6 15.725 13.75 14.4 15.2 14.775 14.65 14.425 13.825 13.9 15.525 15.5 15.075 15.15 14.75 14.8 16.1 16.375 16.55 13.6 15.75 16.8 12.7 -9999 16 14.3 14.175 14.7 14.75 14.925 14.5 14.525 14.925 13.7 16.05 14.475 14.175 14.8 14.7
