Env_Vars/Set_1/100kmsq_mwmt_final.asc
ncols         290
nrows         380
xllcorner     -2197417.7431653
yllcorner     -584827.01486885
cellsize      10000
NODATA_value  -9999
[rows 210 to 244 of 380, columns 78 to 155 of 290]
13.6 13.55 10.55 9.925 10.7 11.825 11.7 13.85 12.425 10.775 10.8 10.625 11.4 9.55 10.5 10.9 9.15 9.775 9.775 10.6 11.425 12.325 12.825 13 13.3 13.425 13.8 13.9 13.875 14.2 14.325 14.1 13.9 13.85 14 14.275 14.3 14.575 15.525 15.025 15.225 15.55 15.675 15.525 15.85 16.1 16 15.95 15.9 16.1 16.2 16.2 16.2 16.1 15.925 15.9 15.9 15.8 15.7 15.8 15.8 15.8 16.05 16.3 16.2 16.325 16.25 16.2 16.15 16.3 16.275 16.25 16.125 16.2 16.275 16.5 16.6 16.575
13.2 13.7 12.25 13.275 12.35 11.8 8.375 10.475 14.65 10.05 12.1 9.725 10.15 8.15 9.55 10.575 8.65 9.6 8.575 9.95 10.35 11.325 12.4 12.85 13.15 13.45 13.5 13.6 13.65 14.5 13.7 13.625 13.85 13.925 14.25 14.3 14.325 14.65 15.2 14.825 14.825 15.55 15.7 15.925 16.2 16.15 16.1 15.875 16 16.2 16.2 16.2 16.2 16.2 15.975 16 15.925 16 15.8 15.9 15.875 15.8 15.9 16 16.4 16.1 16.15 16.3 16.3 16.4 16.45 16.45 16.5 16.5 16.65 16.7 16.8 16.675
10.975 13.925 9.45 10.175 8.95 10.875 9.725 9.875 13.125 14.225 10.75 10.825 10.55 8.799999 9.675 10.575 8.4 9.05 9 9.55 10.075 10.375 11.85 12.85 13.225 13.4 13.225 13.4 14.175 14.275 13.775 13.975 14.25 14.35 14.95 14.8 14.9 15.2 15.15 14.9 15.1 15.35 15.65 15.95 16.15 16.1 16 15.925 16.05 16 16.175 16.1 16.1 16.2 16.125 16.1 16.1 16 16 16.075 16.1 16 16 16 16.2 16.275 15.925 16 16.3 16.5 16.45 16.6 16.625 16.6 16.8 16.825 16.8 16.375
12.75 13.575 12.525 11.925 13.75 11.65 9.1 8.674999 12.3 14.55 11.85 9.75 10.425 11.35 10.425 8.875 8.325 9.425 9.325 10.45 11.325 11.625 12.075 12.75 13.4 12.9 12.8 13.725 14.275 14.05 14.125 14.25 14.525 14.85 15.025 15.1 15 15.3 15.1 14.9 15.3 15.4 15.6 15.9 16 16 16 16 16.1 16 16 16.1 16.125 16.2 16.2 16.2 16.175 16.2 16.125 16.15 16.4 16.35 16.1 16.1 16.1 16.15 16 16 16.4 16.5 16.6 16.6 16.6 16.65 16.825 16.9 16.7 16.8
11.1 12.35 13.975 10.5 11.325 8.275 11.125 9.375 7.775 13.225 14.425 12.425 9.95 9.4 8.925 8.8 9 9.425 9.7 11.675 11.875 10.075 10.8 12.95 13.3 13.775 14.275 13.85 13.725 14.15 14.375 14.6 14.7 14.85 15.2 15.1 15.2 15.2 15.325 15.4 15.275 15.4 15.4 15.825 15.8 15.8 15.8 15.9 16 16 16.025 16 16.1 16.1 16.2 16.3 16.25 16.3 16.3 16.4 16.425 16.65 16.35 16.25 16.2 16.1 16.1 16.075 16.375 16.575 16.55 16.5 16.6 16.5 16.75 16.875 16.875 16.8
13.025 12.175 11.35 10.375 11.375 10.65 9.175 7.875 8.875 9.875 12.125 14.625 10.575 10.95 10.3 8.725 9.6 8.85 9.4 9.275 10.975 10.875 11.675 13.7 14.075 13.825 13.275 13.55 13.95 14 14.4 14.7 14.875 14.825 14.875 14.85 14.875 15.075 15.3 15.35 15.6 15.6 15.525 15.8 15.7 15.7 15.8 15.85 16 16.1 16.1 16.1 16.1 16.1 16.3 16.375 16.4 16.4 16.4 16.45 16.575 16.625 16.45 16.3 16.25 16.2 16.2 16.125 16.225 16.3 16.6 16.625 16.55 16.45 16.5 16.575 16.7 16.7
10.625 10.8 12.675 14.75 11.025 13.275 7.3 7.375 7.15 9.9 8.1 12.05 13.875 13.325 11.425 10.025 10.925 9.375 9.725 10.325 9.525 12.55 13.7 14.15 13.05 12.825 13.075 13.65 13.8 14.225 14.6 14.8 14.6 14.5 14.7 14.575 14.7 14.825 15 15.2 15.4 15.575 15.8 15.9 15.9 15.8 15.825 15.9 16 16.1 16.2 16.2 16.2 16.3 16.35 16.5 16.4 16.4 16.375 16.4 16.475 16.5 16.475 16.425 16.475 16.3 16.3 16.3 16.2 16.225 16.475 16.2 16.35 16.4 16.25 16.175 16.475 16.475
11.225 14.9 12.3 11.1 9 12.825 7.975 8.375 9.225 8.8 8.25 9.425 15.15 9.775 9.8 11.875 10.775 9.95 9.275 9.6 10.225 12.65 13.85 11.775 11.4 13.05 13.3 13.4 13.475 14.125 14.3 14.7 14.4 14.4 14.425 14.5 14.5 14.5 14.725 15.175 15.5 15.5 15.95 15.925 15.9 15.9 15.9 15.9 15.925 16 16.2 16.3 16.3 16.4 16.5 16.475 16.15 16.2 16.3 16.3 16.325 16.4 16.4 16.3 16.525 16.4 16.3 16.2 16.3 16.375 16.45 16.575 16.425 16.55 16.35 16.275 16.3 16.4
15.2 13.975 10.675 11.175 11.575 13.075 10.525 8.825 9.825 7.925 7.4 8.45 13.2 13.4 10 10.925 12.575 10.125 10.3 9.675 10.425 13.925 11.5 11.125 10.6 11.825 12.925 13.325 13.425 13.775 14.05 14.5 14.375 14.2 14.375 14.4 14.6 14.725 14.9 15.075 15.5 15.7 15.8 15.9 15.825 15.975 16.05 16 16.025 16.175 16.2 16.3 16.5 16.5 16.4 16.175 16 16 16.2 16.2 16.225 16.375 16.3 16.4 16.55 16.425 16.4 16.3 16.45 16.625 16.525 16.775 16.7 16.525 16.525 16.3 16.4 16.4
14.625 15.15 14.875 12.775 12.225 12.25 11.75 10.5 10.65 8.15 6.8 11.975 13.1 14.725 11.175 9.975 10.7 12.8 12.2 11.975 11.725 13.825 10.125 11.275 9.925 10.125 12.025 12.7 13.075 12.95 13.775 14.05 13.975 14 14.2 14.325 14.6 14.8 15 15.15 15.5 15.7 15.8 16 16 16 16.2 16 16.025 16.2 16.2 16.325 16.4 16.2 16.1 16 16 16.1 16.2 16.2 16.2 16.3 16.3 16.4 16.3 16.4 16.4 16.4 16.7 16.5 16.375 16.625 16.85 16.625 16.45 16.375 16.275 16.3
13.375 12.825 11.5 11.6 12.45 10.9 11.725 7.65 11.175 9.55 11.95 9.1 9.225 11.275 13.525 10.525 9.9 12 9.4 10.25 10.475 12.575 10.45 10.25 10.85 9.375 10.85 11.625 12.225 12.6 13.3 13.45 13.7 13.8 13.975 14.275 14.7 14.9 15.1 15.2 15.55 15.625 15.975 15.9 16 15.95 15.95 16 16.3 16.3 16.3 16.2 16.2 16.1 16 16 16 16.1 16.275 16.2 16.25 16.3 16.3 16.4 16.375 16.4 16.425 16.4 16.425 16.6 16.5 16.65 16.7 16.8 16.9 16.6 16.575 16.3
13.6 14.275 9.9 9.125 10.825 10.55 9.849999 13.45 13.275 8.975 10.8 11.65 10.575 13.525 13.475 11.75 9.925 11.4 9.425 9.1 9.675 13.475 9.2 10.725 9.825 10.575 10.05 11.2 12.1 12.625 13.15 13.3 13.5 13.65 14 14.1 14.625 14.925 15.2 15.275 15.5 15.75 15.85 15.8 15.8 15.825 15.975 16.075 16.2 16.25 16.2 16.1 16.175 16.1 16 16 16 16.2 16.3 16.3 16.3 16.3 16.3 16.4 16.4 16.4 16.5 16.4 16.4 16.6 16.6 16.625 16.8 16.725 16.725 16.825 16.7 16.675
14.125 13.95 12.775 9.5 12.45 14.45 11.25 11.375 10.875 9.6 10.8 9.4 14.325 12.775 9.975 12.05 11.325 9.85 8.575 9.424999 9.675 13.4 9.05 10.7 9.15 9.275 9.025 10.175 11.925 12.925 13.2 13.3 13.85 13.8 14 14.475 14.725 14.9 15.1 15.25 15.6 15.7 15.55 15.475 15.675 15.7 15.65 15.875 15.9 16.1 16.1 16.1 16.1 16.1 16 16 16 16.2 16.3 16.3 16.4 16.4 16.3 16.4 16.45 16.4 16.5 16.475 16.5 16.7 16.7 16.7 16.75 16.7 16.75 16.7 16.875 16.8
11.775 13.725 9.6 11.2 11.95 15.25 10.575 11.25 10.725 11.625 9.85 11.1 15.025 10.825 10.075 14.95 10.975 10.775 10.4 10.25 11 10.75 10.825 10.2 9.175 8.525 8.725 9.15 11.875 12 12.65 13.2 13.9 14.4 14.45 14.8 14.9 14.9 15.1 15.35 15.25 15.425 15.4 15.3 15.375 15.425 15.45 15.7 15.7 15.9 16 16.1 16.2 16.1 16.1 16.1 16.1 16.3 16.3 16.4 16.425 16.5 16.4 16.5 16.525 16.5 16.5 16.725 16.7 16.825 16.775 16.8 16.7 16.65 16.625 16.8 16.875 16.775
12.85 11.1 13.5 9.85 11.2 15.1 12.825 11.425 13.35 11.05 10.05 11.5 12.675 7.6 9.325 13.75 12.35 12.275 10.675 10.525 9.075 9.4 11.225 9.925 8.975 8.075001 9.175 9.6 11.95 11.25 12.575 13 13.525 14.125 14.4 14.7 14.8 14.95 15.05 15.175 15.3 15.4 15.2 15.1 15.05 15.1 15.325 15.6 15.6 15.8 15.9 16.1 16.325 16.225 16.2 16.2 16.2 16.2 16.3 16.4 16.5 16.6 16.6 16.6 16.6 16.5 16.5 16.5 16.55 16.8 16.65 16.75 16.6 16.6 16.65 16.7 16.8 16.8
14 13.8 13.925 13.4 15.05 15 12.575 13.7 14.05 11.275 10.925 14.55 10.15 10.625 10.425 11.45 13.35 10.625 10.5 10.65 10.9 9.725 11.825 9.475 9.825 8.6 8.65 10.2 9.5 11.025 10.675 12.9 13 13.375 13.775 14.325 14.5 14.8 14.875 15 15.15 15.35 15.15 15 15.025 15.2 15.3 15.6 15.7 15.7 16 16.2 16.5 16.4 16.3 16.2 16.2 16.3 16.4 16.4 16.55 16.6 16.8 16.8 16.6 16.5 16.5 16.575 16.6 16.65 16.575 16.6 16.6 16.7 16.7 16.8 16.9 17
15.325 15.5 15.6 15.75 16.35 15.675 12.6 10.9 13.05 13.125 15.625 14.725 13.425 11.15 7.925 12.125 14.025 11.1 12.15 9.575 10.75 9.65 9.85 8.2 9.975 8.7 9.175 9.8 8.950001 9.9 10.85 12.225 12.6 12.575 13.125 13.95 14.325 14.8 14.975 15.2 15.15 15.1 15.025 15.1 15.1 15.3 15.4 15.5 15.8 15.8 15.9 16.15 16.3 16.3 16.3 16.3 16.3 16.4 16.4 16.5 16.6 16.7 16.7 16.6 16.6 16.575 16.6 16.7 16.7 16.75 16.775 16.7 16.75 16.7 16.8 16.85 16.9 16.9
13.25 14.175 12.1 11.8 12.575 16.2 10.125 11.3 13.1 12.625 14.55 11.25 13.4 9.9 12.05 11.125 15.95 13.3 14.025 9.625 8.225 8.625 9.15 8.125 10.025 8 9.475 7.875 8.325 8.45 11.65 11.75 12.925 12.3 13.5 13.875 14.225 14.675 14.9 15.125 15.325 14.725 14.85 15.3 15.1 15.4 15.4 15.5 15.75 15.8 15.975 16.1 16.2 16.2 16.2 16.225 16.4 16.5 16.575 16.5 16.7 16.7 16.675 16.5 16.6 16.6 16.7 16.8 16.9 17 16.9 16.925 16.875 16.8 16.85 16.8 16.9 16.9
13.225 12.75 13.6 12.475 12.35 12.275 10.225 13.075 12.825 12.4 14.575 12.675 11.65 13.5 12.4 15.225 10.625 13.65 11.3 9.8 9.9 9.475 8.325001 8.1 7.925 8.575 8.475 8.65 8.325 8.675 11.7 13.575 12.175 12.675 13 13.625 14.075 14.075 14.825 15.175 15.3 14.85 14.85 15.25 15.15 15.425 15.45 15.5 15.7 15.9 15.9 15.9 16.2 16.3 16.3 16.2 16.35 16.6 16.625 16.625 16.75 16.8 16.8 16.65 16.75 16.7 16.8 17 17.1 17.125 17 17 16.95 16.9 16.9 16.9 17 17.1
12.25 11.325 12.85 12.25 15.225 12.275 11.375 13.925 13.725 11.725 13.575 14.275 10.375 12.1 11.025 14.275 11.125 9.475 14.6 12.15 8.625 11.625 9.325 9.375 7.85 9.6 9.1 9.45 9 10.6 12.575 11.85 12.025 12.3 12.55 12.95 13.825 13.95 14.55 14.975 15.2 15.175 15.075 15.125 15.3 15.325 15.575 15.525 15.65 15.825 15.725 15.9 16 16.25 16.3 16.35 16.55 16.65 16.7 16.7 16.8 16.8 16.8 16.8 16.875 16.8 16.9 17.1 17.2 17.2 17.05 17 17.1 17.25 17.175 17 16.9 16.825
12.75 11.85 13 15.15 14.675 14.925 14.55 17.05 15.45 16.35 14.1 11.975 7.55 13.65 16.425 13.45 11.15 11.125 10.575 13.95 13.3 9.75 10.425 11.95 9.375 10.05 10.375 8.4 9.325 11.075 10.95 11.25 11.6 12.2 12.45 13.025 13.375 13.375 14.25 14.9 15.2 15.2 15.325 15.375 15.4 15.35 15.6 15.6 15.75 15.625 15.9 16.1 16.175 16.3 16.45 16.4 16.525 16.7 16.8 16.8 16.825 16.9 16.8 16.9 16.975 17.1 17 17.1 17.2 17.2 17.1 17.1 17.1 17.1 17.2 17.075 17 16.9
12.6 13.225 14.475 16.325 11.1 13.225 16.1 14.5 12.85 11.8 17.15 9.9 12.75 12.625 15.05 10.85 9.3 9.35 11.85 11.85 10.625 9.525 11.75 12.3 9.8 8.175 9.924999 9.45 11.25 10.55 10.75 9.825 10.85 11.675 12.175 12.525 12.7 13.3 13.85 14.625 15 15.1 15.2 15.375 15.525 15.3 15.5 15.725 15.85 15.7 16 16.1 16.4 16.5 16.5 16.5 16.65 16.8 16.9 17.025 16.9 16.925 17 16.9 16.9 17.025 17 16.975 17.1 17.15 17.075 17.2 17.1 17.125 17.2 17.2 17.3 17
11.55 11.45 14.7 16.575 8.875 11.975 12.4 14.15 16.6 17.325 13.05 10.05 10.975 14.9 16.6 13.95 10.45 9.65 9.8 8.225 14.475 12.4 13.95 13.925 9.475 8.575 9.975 10.525 8.5 9.6 8.875 9.2 10.425 10.8 12.2 12.475 12.8 13.525 13.625 14.325 14.725 15.025 15.175 15.3 15.7 15.4 15.6 15.9 15.7 15.9 16.05 16.35 16.4 16.5 16.5 16.575 16.7 16.8 16.9 17.2 17.075 17 16.9 16.8 16.9 16.975 16.9 17 17.1 17.1 17.1 17.2 17.2 17.2 17.3 17.2 17.375 17.225
13.1 12.675 16.85 12.35 13.325 14.1 15.2 14.825 14.925 12.925 13.2 11.35 9.725 12.6 14.85 11.575 15.95 12.25 8.75 7.95 12.65 16.15 11.525 9.875 10.325 9.075 10.05 8.775 7.7 9 8.075001 8.425 9.225 9.475 12.2 12.4 12.825 13.25 13.825 14.025 14.325 14.9 15.3 15.4 15.75 15.7 15.75 15.825 15.675 15.75 16.15 16.35 16.3 16.5 16.5 16.55 16.6 16.7 16.7 16.8 16.95 17 17 16.9 17 16.9 16.9 17.1 17.1 17.1 17.15 17.2 17.3 17.2 17.25 17.3 17.225 17.4
11.8 12.975 18.4 16.5 16.6 16.525 15.85 18.325 13.75 16 11.425 16.375 12.075 10.775 17.25 14.975 11.4 12.825 8.85 9.525 9.575 16 13.375 11.7 10.1 8 7.6 8.5 8.15 8.2 7.9 9.25 9.375 10.55 10.375 11.775 12 13.025 13.45 13.75 14.2 14.5 15.05 15.5 15.8 15.875 15.8 15.7 15.6 15.675 15.9 16.1 16.325 16.25 16.4 16.5 16.5 16.6 16.6 16.575 16.7 16.9 17 16.9 16.8 16.95 17 17.2 17.2 17.2 17.3 17.2 17.3 17.3 17.4 17.3 17.3 17.4
11.2 13.75 18.3 14.475 15.35 14.675 17.375 15.55 11.2 17.025 16.825 17.825 13.55 10.475 17 12.45 12.925 10.4 9.425 8.675 9.225 13.875 14.675 13.325 11.95 11.15 11.9 8.475 8.175 7.6 8.025001 7.575 8.2 8.925 10.35 10.75 12.325 13.2 13.425 13.95 14.2 14.75 15.1 15.3 15.6 15.6 15.6 15.6 15.825 15.8 16 16.125 16.45 16.2 16.45 16.5 16.65 16.7 16.7 16.7 16.7 16.8 17 17 16.95 17 17.1 17.1 17.3 17.3 17.4 17.4 17.35 17.4 17.4 17.375 17.4 17.3
12.825 18.725 14.075 13.5 17.475 18.25 15.825 14.45 12.15 14.05 18.825 14.45 11.775 8.95 11.55 15.025 10.5 11.5 10.725 9.4 11.275 11.275 12.575 15.775 12.775 12.675 9.4 7.8 8.45 9.025 8.8 8.025 10.125 10 10.7 11.525 12.35 13.1 13.4 13.925 14.375 14.7 14.8 15.1 15.3 15.4 15.5 15.8 15.875 16.1 16.375 16.3 16.4 16.775 16.6 16.7 16.8 16.8 16.75 16.9 16.9 16.85 17 17.1 17.1 16.975 17 17.1 17.3 17.5 17.4 17.4 17.3 17.4 17.375 17.3 17.4 17.3
16.325 17.25 14.25 13.025 14.9 12.05 12.975 16.05 11.8 14.075 15.525 13.9 16.3 11.925 11.65 16 14.675 9.1 11.4 12.15 8.25 13.85 8.8 14.525 14.95 9.3 9.725 10.075 8.85 9.975 8.925 9.225 8.25 9.424999 10.175 11.75 12.9 13.275 13.475 13.725 14.25 14.45 14.9 15.025 15.2 15.475 15.7 15.975 15.975 16.45 16.65 16.75 17.025 16.9 16.7 16.8 16.9 16.9 16.8 17 17 17 17.05 17.1 17.1 17.1 17.2 17.3 17.325 17.6 17.55 17.5 17.45 17.5 17.3 17.4 17.4 17.4
19.5 15.725 14.2 13.025 15.95 17.45 17.925 18.15 16.1 18.95 16.15 11.475 14.425 10.95 14.575 17.05 12.025 13.825 14.65 14.35 11.15 13.65 8.1 11.55 15.25 10.875 9.375 12.475 9.175 9.9 9.375 7.875 8.325 9.35 9.700001 11.25 12.525 12.875 13.3 13.525 14 14.475 14.925 15.1 15.275 15.6 15.925 16.175 16.175 16.675 16.8 17.1 17.25 17 16.9 16.825 17.1 17.1 16.9 17.1 17 17.175 17.2 17.2 17.2 17.2 17.3 17.4 17.5 17.6 17.4 17.35 17.4 17.4 17.5 17.5 17.5 17.4
17.25 15.25 14.225 15.1 18.75 17.375 18.7 17.4 17.325 18.825 12.925 17.9 15.025 13.8 14.4 16.75 10.175 16.35 9.825 12.35 11.55 13.025 9.475 11.525 16.125 12.45 12.225 11.2 8.5 8.025001 11.475 7.85 9.475 10 8.625 10.525 12.125 13.075 13.375 13.6 14.1 14.55 15 15 15.35 15.7 16.025 16.425 16.425 16.625 16.7 17.125 17.425 17.1 16.9 16.9 16.975 17.1 17.1 17.125 17.125 17.3 17.3 17.4 17.4 17.4 17.45 17.4 17.65 17.8 17.6 17.5 17.6 17.5 17.5 17.5 17.6 17.6
17.975 18.575 16.4 18.225 16.675 16 17.75 15.625 15.8 18.025 16.3 13.775 12.225 16.55 13.35 15.925 11.55 10.375 9.575 15.175 7.825 11.05 9.125 12.025 13.65 13.075 13.775 10.25 9.7 9.424999 10.875 10.575 9.2 10.7 8.8 9.175 11.925 13.075 13.275 13.75 13.825 14.55 14.8 14.875 15.45 15.8 16 16.475 16.8 16.6 16.8 17.25 17.625 17.3 17.1 16.9 16.825 17.1 17.3 17.2 17.25 17.5 17.5 17.5 17.4 17.5 17.6 17.6 17.575 17.9 17.875 17.7 17.7 17.6 17.7 17.625 17.7 17.8
16.275 16.075 17.85 15.3 15.425 13.275 18.25 18.3 16.475 13.1 11.975 12.95 14.775 12.575 12.4 17.225 11.325 14.975 9.85 12.05 9.925 10.225 8.6 10.75 13.325 15.6 11.825 12.275 9.45 11.95 9.45 10.725 10.95 10.725 11.725 10.725 11.675 12.9 13.225 13.4 13.9 14.35 14.65 14.85 15.4 15.9 16.3 16.5 16.725 17 17.025 17.45 17.85 17.55 17.475 16.925 16.275 16.9 17.2 17.325 17.375 17.6 17.6 17.65 17.5 17.4 17.6 17.7 17.5 17.75 18 17.9 17.9 17.825 17.8 17.8 17.8 17.9
14.275 12.5 15.55 15.525 14.875 12.875 16.35 18.3 17.175 12.675 17.375 17.35 12.5 15.575 10.4 16.175 11.675 12.65 16.025 11.725 7.975 8.075 9.675 10.425 10.375 14.425 15.6 12.275 11.7 10.875 10.35 9.225 11.75 12.175 12.65 10.075 11.875 13.2 13.55 14.15 14.4 14.35 14.6 14.85 15.4 15.9 16.4 16.7 16.7 16.7 17.075 17.375 17.775 18.25 17.75 16.95 15.725 16.45 16.9 17.5 17.35 17.7 17.7 17.7 17.6 17.5 17.6 17.6 17.7 17.85 18.1 18.125 18.075 18.075 17.95 17.9 18 18
12.6 12.275 14.75 16.775 16.65 15.4 15.35 19 17.375 18.3 18.45 14.275 13.65 14.75 9.875 14.75 12.2 17.375 15.05 9.825 13.725 11.4 9.175 9.9 8.05 10.45 15.475 14.175 12.825 11.125 12.525 10.975 10.225 11.45 12.775 11.275 13.375 14.4 14.15 14.25 14.975 14.725 14.7 15.125 15.625 15.85 16.475 16.725 16.8 16.9 17.1 17.15 17.5 17.875 18.075 17.525 16.425 16.525 17 17.6 17.4 17.7 17.8 17.775 17.7 17.7 17.875 17.875 17.9 18.05 17.925 18.05 18.15 18.1 18.1 18 18.1 18.025
14.325 14.875 13.85 12.525 15.225 15.5 18.35 17.75 17 14.675 16.4 12.2 15.35 12.675 11.375 14.45 17.925 13.35 13.5 14.65 9.650001 15.75 11.25 6.05 9.85 9.675 14.275 16.375 10.975 13.625 10.8 10.575 9.325 10.175 10.825 12.05 13.375 12.75 13.45 14.175 14.825 15.2 15.1 15.55 15.8 15.95 16.45 16.6 16.65 16.8 17.35 17.4 17.325 17.25 17.5 17.775 17 17.025 17.325 17.7 17.45 17.925 17.875 17.625 17.8 17.7 17.825 17.725 17.75 18 18 17.925 18.2 18.3 18.175 18.05 18.2 18.15
