Env_Vars/Set_1/100kmsq_pas_final.asc
ncols         290
nrows         380
xllcorner     -2197417.7431653
yllcorner     -584827.01486885
cellsize      10000
NODATA_value  -9999
[rows 105 to 139 of 380, columns 0 to 77 of 290]
-9999 -9999 -9999 -9999 -9999 -9999 -9999 889.5 891 920.25 1474.5 2049.75 2987.5 3601.5 1032.5 805.75 1195.25 2108.75 1868.75 467 370.5 613 346.75 472.5 729.5 637 508.5 194.25 301.25 168.5 260.75 329 248.5 225.25 154.5 149.75 129 142.5 172.75 201.5 228.75 157.25 232 311.75 238.25 311.75 149.75 145.75 321 314.5 337.75 218.25 319.75 414 367 415.5 460 401 522.25 286.75 342.25 257 243.5 176.75 192.5 184.5 261 264.25 364.5 413 476.75 530.75 425.5 411.5 388.25 596.75 700 581.25
-9999 -9999 -9999 -9999 -9999 -9999 -9999 -9999 818.25 2475.5 3371.5 2368.5 3468.75 3675.25 1200.5 810.25 1613.5 1581 1687 390.5 464.75 730 348.5 544.75 738.75 718.25 345.75 358.75 192.25 347.25 247 189.5 244.75 149.25 128.5 280 137 126 209.75 163.5 203.75 193.5 222.25 429.5 172.5 237.5 145.5 184.25 212.5 254.5 288 210.75 236.25 433 365.5 270.5 334.25 375.5 421.5 466.75 311.5 304.75 332 245.5 267.25 190.25 220.5 239 263.25 511.75 441 513.25 322.5 351.75 335.25 585.5 537.25 515.75
-9999 -9999 -9999 -9999 -9999 -9999 -9999 -9999 715.25 811.75 2297.75 2866.5 1320.75 2091.75 2118.25 899.75 1334 1527.5 970.5 715 732.75 518.75 459.75 715.5 583 793.25 791.25 242.5 431.5 407.75 428.5 179.75 250 158.75 133.25 258.75 146.75 115.25 186 164.5 185 280.5 217.25 440.5 228 137.5 184 296.75 193.75 223.75 218.25 230.75 313 273 273.5 241.25 428.25 361.75 465 336.25 385 294.75 261.25 245.5 218 201.5 206.75 270 217.5 245.25 308.25 403.5 339 308.25 400.5 564 417.25 346
-9999 -9999 -9999 -9999 -9999 -9999 -9999 -9999 -9999 674.25 1706 1404.5 1504.5 2774.75 833.5 703.5 2063.25 1076.5 469.5 577 1264.25 1180.75 571.5 645.5 789.25 948 920.25 402.25 371 504.5 496.5 338 205.75 233 238.5 199.5 146 116 171.75 182.25 179.25 268.5 160.75 377.25 241 141.25 285 211 198.5 208.5 203.5 267.5 284.25 297 250.75 239.25 353.25 398.75 367 263.25 414.25 319 260.5 235.25 216.25 244.5 235 395.5 425.25 487 393.5 415.25 214 388.75 513.5 286.5 502 431.5
-9999 -9999 -9999 -9999 -9999 -9999 -9999 -9999 -9999 -9999 648.25 1225.5 2884 6123 4557.75 724.25 711.75 1152.5 1764.5 1958.75 1673 1225.25 1020 846 786.25 718 1054.5 653.25 1024 1124.75 621 204 123.5 121.5 183.5 138.75 116 138.5 173.25 201.25 177.75 177.75 165.5 272.25 368 169.5 281.25 385.5 287.5 201.5 226.75 293.75 261.5 233.25 231.5 238.75 297.25 396.25 297.75 341.75 417.25 339.25 259 360.5 228.5 266 246.25 266 376 323 348.25 385.75 273.25 431 457.5 380 408.25 521.25
-9999 -9999 -9999 -9999 -9999 -9999 -9999 -9999 -9999 -9999 662 917.75 1807.75 5810.5 3441 1057 2105.25 3226 2105 1831.75 2070 1272.25 974.75 757.5 817.75 1198 1243 1713.5 1335.75 675 876.75 255.75 128.25 317 125 119.5 165 145.5 206.5 229.25 215 288.5 148 239.75 435.5 171 192 384.25 304.25 198.5 251.5 270.5 254.25 293 279.5 262.25 330.75 259.25 347 235.75 412.5 378 284.5 284.25 301.75 264 253.25 255.25 244.75 414.25 310 384.5 323 353.25 432.5 437 261 462
-9999 -9999 -9999 -9999 -9999 -9999 -9999 -9999 -9999 -9999 634.3333 1379 3078.25 5319.5 4293.5 2637.75 2555 4017.25 1721.75 2607 2577.75 976.75 1556.5 574.5 585.5 519.25 477.75 1910.5 1123 820.25 609.75 418 291.75 195.25 177.5 131.25 259.75 139 152 191.75 213.25 306.25 157.75 226.75 398.5 173.25 259.25 321.75 214 229.5 242.5 238.5 307.75 277.75 337 253 280 217.5 295 298 385.5 274.5 387 369 373.5 272.75 270.75 429.5 473.25 395.5 412 216 218.25 297.25 483.75 568.25 437.25 210.5
-9999 -9999 -9999 -9999 -9999 -9999 -9999 -9999 -9999 -9999 -9999 1443.25 3706.75 7366.5 4318.75 2363.25 1962 3474.75 2738.25 2659 2806.5 1046 979.75 496 662.75 1119.25 1535 829.25 1347.25 789.5 459.75 809.5 678 318.75 188 126.25 266 134.5 175.5 214 199.75 231.5 178 270.25 234.5 177.5 310.25 205.5 383.25 328.25 247.5 241.75 321.75 347 290.75 293.75 284 233.25 239 265.25 312 379.75 293.75 364.5 462.25 269.25 299.5 461.5 399 309.5 288 284 231.5 319.75 445.5 293.75 391 375.75
-9999 -9999 -9999 -9999 -9999 -9999 -9999 -9999 -9999 -9999 -9999 1459.75 5122.75 6988 3290.75 2029.25 1289.25 3077.5 2420.5 3097.75 1979 1515 840.75 441.5 980.25 1083 749.5 522.5 1125 830.25 557.25 614.5 584 483.5 161.25 156.25 160.75 149.75 176 223.25 254.5 251.5 184 260.25 213.75 181.25 225 242.75 366 349.5 250.75 387.5 361 361.25 422.5 343.75 318 324.75 243.75 253 287.5 284.75 287.5 282 290 266.75 477.25 447.5 457.25 408.75 222 394 258.75 366 486.75 379 361.25 405
-9999 -9999 -9999 -9999 -9999 -9999 -9999 -9999 -9999 -9999 723 1563.75 6672.75 6658.5 3771.75 2641.25 1632.25 2573.75 2761.75 3008.25 2814.75 837.5 786.75 447.5 843.5 1031.5 832 760 704.75 1661.5 1457.25 1133.25 344 499 209.75 195.25 148.25 207.25 196.75 212.75 246.25 220.25 172.5 163.5 164.75 282.5 280.75 334 309.75 289.25 321 362.5 356.25 330.25 449.75 351.75 293.25 301.25 246 238.75 260.25 406 379 287.5 266 274.5 402 391.75 452 231 355 371.75 254.5 445.25 385.25 304.25 405.25 395.75
-9999 -9999 -9999 -9999 -9999 -9999 -9999 -9999 -9999 -9999 -9999 2359.25 7678.25 7820.25 3921.75 1582.25 673 1314.75 1374 2074 2573.25 2715.5 1021 1011.75 902 817.25 -9999 1223.25 1309 951.5 1049.5 527.75 274 202 311 190 172.5 267.25 215.25 214.75 250.5 215 197.25 177.25 169.75 253.25 281.5 330.5 248.5 429.75 353.5 436.5 335.75 359.25 442.25 369.5 372.75 318.25 312 251 261.5 356.25 265.5 275 289.25 313.5 513 381 256.75 358.5 265.25 376.75 398.75 439.75 310.5 272.75 327.5 310
-9999 -9999 -9999 -9999 -9999 -9999 -9999 -9999 -9999 -9999 -9999 2202 4033.25 5119.5 1024.5 2796.5 504.5 691.75 643.75 1582 1219.25 2166.25 3293.25 1592.25 432 -9999 983.5 1323.25 1917.25 1110.25 1271 793.25 348.5 294 335 180 214.25 230.5 359.5 231.75 228.5 228.75 200.5 346.5 191.25 268 322.25 236.25 372.5 413.5 376.25 384.25 425 397.75 316.5 343 355 315.5 307.25 236.25 241 246.25 269.75 255.25 291 472.75 317.25 270 263.75 453.5 285.25 349.5 259.5 293 262 293.5 357.25 300.5
-9999 -9999 -9999 -9999 -9999 -9999 -9999 -9999 -9999 -9999 -9999 1834 3891.75 7201.75 6061 1998.75 1113 -9999 2175.75 529.75 -9999 2054.5 2561 2637.25 720.25 -9999 694.25 1511 1422.75 1092.75 862 1192 356.25 941.25 494.5 223 242 386.75 301.25 327.75 402 209.75 200.75 258.75 178 223.75 232.5 430.25 290.75 324.5 364.25 414.75 341 368.5 368 286.75 340.75 280.75 252.5 230.5 232.75 235.25 322.5 243.75 272.5 340.5 320.5 244.5 419.5 407.75 362.25 261.25 263.75 259.5 324.25 379.75 356.5 290.5
-9999 -9999 -9999 -9999 -9999 -9999 -9999 -9999 -9999 -9999 -9999 908.25 5153 8141.25 4886 2951.25 742 -9999 1287.25 755.25 421.75 1821 2501.75 2112.75 -9999 -9999 1889.5 923.25 1442.5 2021.25 1547.25 1535.5 903 1153.25 382.5 248 271 279.25 299.25 372.5 355.75 212 269.25 230.25 172.25 231.75 244.25 221 477 480.5 490.25 401.75 330 424.5 365.25 322.75 263 257.5 238.75 223.5 222.25 246 267.5 275 334.25 264.75 251.75 262.5 351 303.75 258.75 264.25 276 323.5 367 302 333.75 292.25
-9999 -9999 -9999 -9999 -9999 -9999 -9999 -9999 -9999 -9999 -9999 -9999 4256.5 4840.5 2779 4183 1330 -9999 925.75 -9999 793.25 -9999 2232.25 1731.25 -9999 1651.5 1295.5 1998.75 1727.5 2484.5 2320.5 1222.75 1244.25 652.25 1057.25 268.25 343.25 331.5 324 282 217.75 395.25 472 172.5 188.5 251.25 228.75 232.75 302.5 419 317.5 311.25 286.25 376.5 411.25 338.75 276.25 245.25 229.25 217 212 229.5 228 287.25 334.75 320.5 324.25 251 246.5 293.5 352.75 244.75 375.25 319.25 265 299.75 333 303.75
-9999 -9999 -9999 -9999 -9999 -9999 -9999 -9999 -9999 -9999 -9999 -9999 1050.25 1283.5 2065.75 3127 -9999 1256.25 -9999 -9999 2267.25 762.25 1645.5 1093 -9999 1664.5 692.25 1775.75 2519.75 3363.5 2244.25 1912.5 1008.25 505.75 384.25 336.75 302.5 234.5 292.25 198 328 355 262 167 195.75 199.5 323.5 323.75 285 301 377 343.25 414.75 332.5 261 244 305.75 255.25 233.25 211.75 204.5 203.25 213.25 239.5 288.5 276.75 321.5 273.75 251.75 306.75 273.25 312 280.25 281.25 263 338.5 322.25 307
-9999 -9999 -9999 -9999 -9999 -9999 -9999 -9999 -9999 -9999 -9999 -9999 -9999 1088.75 1471.75 1144.75 661.5 639.75 -9999 751 1009.75 1363.25 1298.25 882 -9999 594.75 820 1181.75 3475.5 4851.25 3314.25 2544.5 666.25 1451.25 1051.25 361.75 257.75 344.5 205.75 354.75 330.5 348.5 203 166.5 210 221.75 270.5 425.75 335 450.25 349.75 421 412 424.75 376.5 328.5 291.75 257.75 225 216 198.25 188.75 191 220.5 294.5 258.75 285.75 213.25 295 322.75 275.5 237.25 339.5 268.5 301.5 301.75 338.75 315.5
-9999 -9999 -9999 -9999 -9999 -9999 -9999 -9999 -9999 -9999 -9999 -9999 -9999 938.25 977.75 929.25 818 518 -9999 423 1121.5 2057 1098.25 -9999 406.5 727.5 1216.25 2545.25 3695 5585.5 4065.25 1805.5 869.5 1300.5 446 314.5 220 219.5 239.75 335 277.75 354.5 181.75 174.5 215 329.75 373.75 466.5 424 410 451 333 341.25 358.5 397.25 304.25 300.75 237.5 264 221 207 183 175.75 191.25 235 216.75 245.5 237.25 341.75 339 258 261 304 249 310.25 345 319.5 351
-9999 -9999 -9999 -9999 -9999 -9999 -9999 -9999 -9999 -9999 -9999 -9999 -9999 871.75 -9999 -9999 583.75 -9999 -9999 408.75 1793 2151 749.5 -9999 -9999 2143.25 1513 2281.5 4790.25 5513 4998.75 2779.25 2254.75 1429.5 862 362.25 216 223.75 203.75 213 337.75 263.5 184.75 180.25 238.25 239.75 374.25 400.25 339.5 398.5 408.75 344.25 372 423.5 341.25 306 278.25 246 275.5 244.25 208.25 201 169.75 181.25 201.25 198.75 198.25 250.5 270.25 304.25 234 297 249.5 267.75 320.75 334.75 299.25 269
-9999 -9999 -9999 -9999 -9999 -9999 -9999 -9999 -9999 -9999 -9999 -9999 -9999 -9999 -9999 -9999 584.5 -9999 -9999 358.5 -9999 2566.25 596.75 -9999 640.25 2790.25 2248.25 2657.25 4482.25 5264.25 3221 2187.5 2484.5 945.75 482.25 206.75 179.75 168.5 315 375.75 224 204.25 185.25 180 328.5 283.75 270.5 338.75 316.25 413.75 430.25 388.75 366.5 311.5 268.75 267.25 249.25 323.25 311.75 255.75 224.25 227.75 175 182.75 204.5 195.5 211.25 219.25 259.5 240.75 214.25 295.5 255 281.25 324.25 321.25 323.75 313.25
-9999 -9999 -9999 -9999 -9999 -9999 -9999 -9999 -9999 -9999 -9999 -9999 -9999 599 -9999 1104 -9999 -9999 -9999 413 -9999 2338.25 -9999 -9999 673.5 2878.5 3772.25 3196.75 3741.75 3891.25 1894 859.5 2225.5 791.75 351.25 393.75 414 287.5 267 325 235 288 188 187.75 388.5 292.25 276.75 287 393.75 303.75 329 362.5 452 541 355.5 345.5 299 264.5 273.75 251.5 240.25 218.25 209.75 204 215.25 196.75 219.75 206 245 227.25 228 296.5 264.25 258.25 296.25 309 292.75 288.75
-9999 -9999 -9999 -9999 -9999 -9999 -9999 -9999 -9999 -9999 -9999 -9999 498 1436.5 2475.25 2395 1086.5 931.25 -9999 -9999 672.5 1537.5 -9999 444 755.25 1937 3434.25 2716.25 2655.5 3361 3451.75 842.25 1432.25 251 177.75 318.5 362.5 360.25 317 306.5 269 299.25 216.5 210.5 327.25 352.75 410.25 305.25 277.25 313 344.75 444.75 563.25 612 708.5 499.75 320.75 300.5 239.25 232 229.5 210.5 207.25 209.25 205 200.75 211.75 217.75 219.75 213.75 221.5 237.25 223.75 274.25 281.5 272.25 242 261.75
-9999 -9999 -9999 -9999 -9999 -9999 -9999 -9999 -9999 -9999 -9999 -9999 573.5 2594 2913 1734.5 1508.75 998.75 587.75 -9999 -9999 -9999 403 -9999 427.3333 1357.5 2237.75 2076 2415.75 1597.5 2331 338.5 577.25 1529 339.75 348.75 827 331 351.5 353.25 238.75 277.75 240.75 225.25 291.75 355 374.75 357 291 404.75 400.5 493.25 635.75 553 315.25 357.25 340 380.75 225 212.25 204.25 276.5 242.5 218.75 206.25 200.75 193.5 207.25 199.75 226.25 283.75 226 248.75 281.25 264.75 331.5 241 275.75
-9999 -9999 -9999 -9999 -9999 -9999 -9999 -9999 -9999 -9999 -9999 -9999 -9999 1492.25 2127.5 2818 643.75 -9999 417.5 -9999 -9999 -9999 772.5 -9999 960.75 1353.5 1648 961 -9999 1182.75 600.25 2153 1677.25 1486.75 906.5 540.75 559.75 270.75 326.5 295.25 341.25 245.75 241 247.25 263.5 331.75 316 337.5 309 330 509 496 673 519 554.25 582.5 396.75 268.5 224.25 219 228 270.75 242.75 240.5 218 208.75 229 218.75 217.25 261.25 230.5 268 291 272.75 256.75 241.5 278 321
-9999 -9999 -9999 -9999 -9999 -9999 -9999 -9999 -9999 -9999 -9999 -9999 512.5 1309 1100.5 2092.25 892.25 1644.5 935.5 948.5 -9999 -9999 638 -9999 599.3333 974.5 1337.5 -9999 1952.25 2483 2482.5 1729 2209.75 1504.5 481 386.75 781.5 483.75 242.75 274.5 350.75 245 242.5 271 328.5 337 354.75 330.5 305 385.25 461 378 583.75 692 845.25 535.75 487 269.75 218.25 375.5 249 275.25 285 251.5 231 223.5 276.75 214.75 208 231 225.5 271 282.5 264.5 257.75 238 269.25 309
-9999 -9999 -9999 -9999 -9999 -9999 -9999 -9999 -9999 -9999 -9999 -9999 466.75 904.5 1586.75 2153 935.5 -9999 865 784.75 643.25 -9999 883.75 2590.25 667 -9999 -9999 2971.5 1679 2355.75 3261.25 2637.25 1767.75 640 1387 1202.25 667.5 732 317 234.5 251.75 286.75 280.75 271 377 367 351.5 316.5 282.5 337 404.5 381 552 556.5 350.5 321 443.25 278.75 210.5 532 304.5 275.5 292 251.75 230.75 223.25 292 224.25 224.5 222.25 216 266.75 286.5 260.75 229 261.75 313.75 312
-9999 -9999 -9999 -9999 -9999 -9999 -9999 -9999 -9999 -9999 -9999 -9999 -9999 902.5 1140.75 -9999 1178 -9999 1419.5 -9999 -9999 -9999 1824 2177.5 -9999 -9999 2228.25 2471.25 2188.75 1804.25 2267.5 2906.75 1609.25 2089 1599.5 524 732.5 467.5 274 590.75 283.25 272.5 301.5 276.25 318.25 346 328.25 289 313 355.75 450 283.5 522.25 618.75 588.25 435.75 245.5 432.5 213.75 531.25 285.75 301.5 292.25 239 223.5 215.5 221.5 212.25 217 205 212.5 236.25 253.25 245 264.25 320 350.25 321.75
-9999 -9999 -9999 -9999 -9999 -9999 -9999 -9999 -9999 -9999 -9999 -9999 -9999 1010.25 1260.25 -9999 1318.25 718.75 -9999 -9999 -9999 574.25 1995.75 1688.25 -9999 -9999 2528 2092.75 2174.75 2269.5 1339 1659.75 2029.25 1828.25 1903.25 1443.75 517 665.25 425 543.25 280.25 314 359 280.75 301.25 329.5 307.5 320.25 312.75 294.25 372.75 500.5 553.75 312.25 255 312 281.25 234.75 236.75 546.75 245 277.5 219.5 227 215.5 200.5 237 211.75 210 200.5 212.5 233 255.25 227.75 325.25 329.5 363.75 317.75
-9999 -9999 -9999 -9999 -9999 -9999 -9999 -9999 -9999 -9999 -9999 -9999 -9999 990.5 1441.75 -9999 531 1203 862.5 -9999 -9999 964.25 1613.25 971.75 -9999 -9999 -9999 2040.25 2299.75 2023 2059.25 1460.75 1303 1522 1829.25 1460.5 524 939 443.5 341.25 386.5 501 465.75 323.25 316.25 302.5 327.25 308.75 322.5 360 238.25 467.25 545.25 408.75 487.5 401.75 245.5 416.5 351.25 235.25 344.5 308.75 248.5 288.25 219 188.5 225.25 207.5 221.75 228.75 219.25 219 215.5 257.75 321 315.75 310 297.75
-9999 -9999 -9999 -9999 -9999 -9999 -9999 -9999 -9999 -9999 -9999 -9999 -9999 760.5 -9999 1094.5 -9999 1079.75 1025.75 -9999 547 1138.75 1951.5 1394.75 484 -9999 1861 1617 2727.75 3055.25 2191.5 2389.5 1780 1937 2075 2145 1048.5 363 357.75 387.5 577 685.5 480 378.5 314.75 285.75 370.75 449.5 446 314.5 334.25 458.5 337.25 512.5 528.75 287.5 368.75 537.75 338.5 283.25 247.75 388 284 286 190.75 187.5 223.75 236.25 242.75 247.75 231.5 209.5 220.5 274.5 287.25 278.75 273.75 257
-9999 -9999 -9999 -9999 -9999 -9999 -9999 -9999 -9999 -9999 -9999 -9999 1024 -9999 673 1045.75 588.5 906.5 543 -9999 472.25 607.75 578.5 657 618 -9999 1562.75 1961.5 1213.667 2727.75 2354.25 1465.25 2746.75 2546.75 2691.5 1786 712.5 1129.75 349.5 456.5 725.75 598.25 435 396 314.5 327.5 359.75 370 365.5 250.5 297.25 304 418.25 393.75 478.25 452 438 287.75 511 493.25 244 454.5 237.5 301 200.25 191.75 197 241 257.25 276.25 248.5 234.75 223.75 198 241.75 250 265.5 273.25
-9999 -9999 -9999 -9999 -9999 -9999 -9999 -9999 -9999 -9999 -9999 -9999 488 -9999 1151 1725 1364.5 779.25 -9999 -9999 295 363 1249 763 495.75 -9999 -9999 2891.25 2351.25 1328.75 3666.25 3001.5 2572 2454.5 2547 1488.5 1730.5 459 454.25 532.25 590.75 564.75 379.5 340 370.25 294 454.5 561.25 503 195.25 279.5 284 443.25 370 467.25 532.25 362.5 500 514 552.25 249 311 274.25 252 198.5 235.75 272 300.75 263.25 303.75 269.25 242.5 254.25 213.5 179.75 188.75 218.5 258.25
-9999 -9999 -9999 -9999 -9999 -9999 -9999 -9999 -9999 -9999 -9999 693.75 499.25 -9999 943 1905.25 1602.5 -9999 -9999 -9999 643.25 875.25 689.25 1088.5 580 -9999 1509.25 1119.5 2341.5 3420.5 3414 3549.25 2993.5 1998.75 1830.5 2029.5 1067.5 1088.25 541.25 393.5 533 375.5 365.75 326.5 322.75 305.25 380.25 315.75 257 234.25 290 461.75 392.75 502.75 416.5 428.75 557.75 641.5 339 502.25 427.5 442 322 312.5 272.75 180.5 275.5 304.25 244.5 251.25 320.25 292.5 366.5 282 195.25 206.25 178 212.5
-9999 -9999 -9999 -9999 -9999 -9999 -9999 -9999 -9999 -9999 -9999 -9999 -9999 -9999 1297.25 1967.75 2875.25 -9999 -9999 588.6667 704.6667 617.25 676.25 311 -9999 -9999 992 -9999 1383 3182.75 2931.25 3629.25 2635.5 1467 1942.75 2153.5 1327.75 1079.25 485 436 304.5 327.25 358.75 307.25 225.75 199 326.5 227.25 208.5 296.5 324 515.5 359 353.5 392.25 415.25 481 287.75 590.75 429.25 313.5 474.25 222.5 379.5 309.5 177 252 272.25 234.25 385 377.5 278.25 372.75 370.75 270.25 229.25 187.5 221.75
-9999 -9999 -9999 -9999 -9999 -9999 -9999 -9999 -9999 -9999 -9999 -9999 -9999 -9999 1694 1815 1718.5 -9999 1363.25 1969.5 932.5 -9999 587.5 -9999 -9999 -9999 1945 2212.75 2566.5 2963.75 3532 3949 2660.75 2446.75 1620 1008.75 698.75 604.5 457.75 609.5 488.5 292.75 318.75 220.5 209 453.25 593 502.5 316.25 275 388.5 533 608.25 591.25 367 643 446.75 576.25 401 513.5 456.25 186.5 248.5 346 396.5 174.25 298.25 312.25 258 347.25 496 392 522.75 315.25 338 245.75 229.25 194.5
