Env_Vars/Set_1/100kmsq_msp_final.asc
ncols         290
nrows         380
xllcorner     -2197417.7431653
yllcorner     -584827.01486885
cellsize      10000
NODATA_value  -9999
[rows 238 to 271 of 380, columns 156 to 233 of 290]
247.75 246 245 243 247 247 249.25 248.25 246.25 250.25 255.5 241.25 238 235 233 235 238.75 240.75 241 239 244.5 246.75 245.75 250.75 253 256 258.5 261.5 260.5 260 263 266.5 271 275.5 280 281.75 287 290 293 299 301.75 301.25 303 302.25 301 301.5 303 305 304.25 310.75 317 321 322.25 324.5 325.75 324.75 297 296.25 297 299 302 303 306 306 307 306 306 306 305 303.5 299.25 296.5 294 290 287 284.5 282 280
245.25 244 244 244 245.75 245.25 242.5 239.5 241 245 248.5 237.5 236.5 232.5 232 234 235.5 236 235.75 238.25 242.75 250.5 253.75 252.75 257.75 254 255 257 255.75 257.5 262.25 266 268.75 274 278 282 285 288 289 292.75 298.75 301 303.25 304 302.5 303 307.5 306 305 308.25 311.25 315 317 319.25 320 305 296.25 296 298 301.25 303 302.5 305 305 308 307.25 307 306 304 302.5 301.5 296 294 290 286 284 282 280.75
244 244 244 243.75 246.25 247 244.75 242.25 240 240.75 242 237.25 234 235 233 231.75 232 233.25 235.25 244 240.75 247.25 248.25 251 253.5 254.25 252.5 253.75 253 256 260.25 264 266.5 272.25 275 280 283 287 288 290 294.5 299 298.25 301.25 301 301.75 305 303 301 304.5 309 313 310.75 312.5 306 295.5 296 296.5 301 303.25 303.25 304.25 306 306 305 307.5 308 304.75 305 303 300 295.5 292.25 289.75 286.25 285 283 281
241.5 242 242 242.5 247 247 246 242.5 240.75 239 236.5 234 233 233 231.25 229.5 231 227.5 233.75 235.5 236.75 243 245.5 246.25 245.75 247 249.75 252 251 254.75 258.5 262 265.5 270.25 275 277.75 281.25 285 286.5 289 289 292.75 295.5 294.5 296.5 296.25 300.5 300.5 299.5 301 307.5 303 298 294.5 295 295 295.25 299.5 303.5 306.75 305.5 305 306 307.5 307 310 307 305 305 304.25 300.5 295.75 293 290.5 287 286.25 283.25 282
235.5 237.25 236.5 237.75 235.5 238.25 242.25 239.5 239.25 237 235.5 232.75 232 232.5 232 229 230.75 228.5 231.5 235 237 237 238.5 241 243.5 245 247.5 249.25 251 253.5 257 260.25 263 267.5 272 277 280.25 282.25 283.75 286 286.75 288 292 292 293.25 293.75 295.75 298 297.25 297.25 303.25 298 295 292.75 294 295 295.75 301.25 304.75 308 308.75 306.75 307.5 307 307 306.75 306.25 306 305.5 302 300 296 292 290.75 288.5 286.25 284 283.5
226.5 228 230.5 231.25 231.5 232.25 235 235.75 234.25 236 232.25 232.5 232.25 228.5 228.5 227 227.25 223.75 229 233.5 236 237 236 237.5 240.25 244.5 246 245.75 250 253 255.5 260 262.25 266 270 275 279 282 283 283 285.25 287 290.75 291.25 289 290 293.75 294 296 292.25 295.5 296.25 296.25 291 294.25 297.25 304 317.5 313.75 309 308 308.25 308.25 308 309 309 308 306.5 304 303 298.75 296.25 292.75 289.75 287 287.75 285 284
218.75 221.25 223.25 227.25 229.5 226.25 225.5 229.5 229.75 234.5 241.5 236.75 227 227 225.75 226 224.75 225 228.5 239.5 238 238.5 237 236 239.25 243.5 242.5 243.25 244.75 253 257.5 259 263 265.75 269.25 272.25 276.25 279 280 281 282.5 283.75 287.75 288.25 289.75 289 288 289.75 290.5 292 290.75 292 291.25 295 298.75 309.25 320 330.75 330.5 310 309 308 309 309.5 309.5 310 308 306.25 304 302 300 295 291.5 289.75 289 287 287 285.75
214 216.75 219.75 220.75 223.25 221.75 221.25 224.25 228 230.25 236.25 238.5 235.75 231.25 227 221.5 222.25 224.75 230.5 247.25 247 250.5 243.75 238.25 237.75 240.5 237 240 243 254.25 256.5 258.25 262.5 265.5 272.25 274.5 276 278.5 279.5 279.25 281 282.5 286.5 286.25 287 286.25 287.5 288.25 289 287.25 288.5 292.5 297.5 302.25 310.5 311.75 326.5 332.25 331.25 312.25 309.75 309.5 311 310 311 311.5 310 307 306 301 297.25 296.5 291.5 290 288.75 288 288.75 290.25
212.5 214 214.5 214.5 212.5 213.75 219.5 223.75 228 227 230.5 232.5 231 226.5 221.75 220.5 220.75 227.25 234.5 239.75 244 248 249 242.25 238 239.75 237.5 237.25 241.5 247.5 256.25 258.75 265.25 273 277.75 278 279.5 279.75 279 280.25 281 280 282 285 283.75 285 285.75 286.25 283.5 286 287 298.75 301.25 308.75 316.75 318.75 323 331.5 332.25 313.5 311 311 312.75 312 312 311.5 311.75 307 304 300 298 295 290 289 287.25 288 290 292.75
212 211 210.5 208.25 203.25 203.5 215.25 220.75 224.75 226.25 227.25 230 230 228.5 218.5 215.5 212.75 227.25 230.5 237.25 241.75 243.75 248.5 249.75 247.5 238 235.75 235 239.25 245.5 247.75 253.75 265.5 276.25 279 280.5 281 281.75 281.25 281 282 281 280.75 283 282 283 284.25 284.75 284.75 282.75 284.25 297.75 303.25 315.25 314 317.75 323.25 330.25 332.75 317 312 313.25 315 313.25 314 313 312.25 309 304.5 301.25 297 292 291 287.5 287 291 292.5 295.5
210.25 206.5 204.5 205 200.25 201 214.25 222 224.5 226 226.5 231.75 238 235.25 221 215.5 223 238.5 235.25 234 238.25 238 246 249 251.25 237.5 234 235 238.75 243.75 248 259.75 268.75 278.25 279 281 282 283.5 284.75 285 284.75 282.5 282 281 282 281.25 283 284 284 281.75 277.75 295.25 304 308.25 313 319 325.75 327 335 321.5 313.5 315.5 315 315 317 316.5 314 309.5 306 301 297 292.5 288.5 287 287 293 295.25 296.75
208.25 202.75 199.5 203 206 213 224.75 232.5 230.5 225.75 228 236.5 240.25 237 227.5 217 232.75 244.5 234.75 233.5 235.25 235 241 243 244 233.5 232 232 239.25 243.25 250.75 260 269.25 275.5 277 282.5 285.5 286 287 288 288 286.5 282.25 281 282 281 281 284 284.5 284.75 282.75 288.25 299.5 304.75 310.5 315.5 319 327 337.75 326.25 316 316 317 316.75 318 318.75 315.5 311.75 307.25 303 296.5 291 288.5 286 288 293 298 300
208.75 204.25 201 204.25 210 221 234.75 241.75 234.5 228 231.5 235.25 231.75 233.75 230.5 222.25 220.75 227.75 219.25 223 231.75 233 240 237.75 242.5 231.5 230.5 234.25 239.75 243.75 250.25 257.5 267 275.5 286.75 284 286.75 288 289 290 290 288.75 284.5 280.75 281 281.25 282 283.5 285 286 286 289 296 301.75 308.75 314.75 319.25 327.25 332.5 324.75 318 317 317.25 319.5 320 321.75 318 314 308.75 303 297.5 291.5 288 284.5 288 294 299 301.5
210.75 208 207 208.5 213.25 221.5 231 232 223.5 228.5 231.5 231 227.75 225 224 221.25 222.75 223 222.75 216.25 233.25 234.75 233 236 242.5 230.5 228.5 237.25 238.25 243.75 249 252.5 264.25 277 286.75 280.75 286 289 289 291 291 290.25 286.5 282.5 281.5 282 282 283.5 284.5 286 288.75 289.5 292 297.75 303.5 310.75 315.25 320.75 323 318.75 319 317.5 319.5 322.5 322.75 323 321.75 315.5 311 303.75 297.75 291.5 287 283 288 294.25 299 302.75
213 211.75 210.5 212.5 214.5 219.75 224.25 217.5 223.25 229.25 231.25 230 228.25 226.5 222 219.5 223 224 227 225.5 233.5 237.5 236 236.5 241.5 229 228 236.25 240 261 248.5 252.5 258 268.75 277 279.25 283 288.5 290.5 290 290.25 288.75 285.75 283.5 282.5 282 283 282.25 285.25 286 289 290.25 293.5 295.75 301.5 305.75 308.75 310.75 313 316 317 318 320 323 325.75 326 322.25 317.75 311.25 304.75 300 292 288 285 289.25 296 300.25 306.75
215.25 214 212.75 214.75 215 222.25 221.75 220.75 229 230 229 229.25 230.25 229 222.75 220.5 225.5 221 228 231.5 232.5 236.25 240 237 241 230.75 229 232 239.25 246.5 249.5 251 255.5 263 273.5 273.5 280.25 289 290 290 289 288.5 285.25 283.5 282 281 282 282 286 285.75 288.25 290 290 289.5 301.25 308 312 312 312 314.5 319 320.5 321 324.25 327.75 329.75 324 319 313.25 307 299.5 295 290.5 288.25 291.5 295 303.75 308
216 212.75 220.5 216 217.25 220.75 220.5 223 226.75 231.5 228 229.5 224.25 227.5 223 226 229.75 231.5 234 239.75 234.5 231.5 237.25 237.25 240 242.5 229.25 229.25 239 245.5 252.5 251 253.5 257.5 265.5 272 274.25 286.25 289 290 286.75 286.75 284 282 281 280 280.5 281.5 283.5 286.5 287 289 289 293 295.75 307 312 315 317 317.5 319.5 323 326 327.75 331 334 326.25 319 313.5 307.75 302 296 292.75 292 293 297.75 303.75 310
216 215.75 225.5 219.25 218 218.25 217.25 220 217.75 224.75 231 220.75 217 219.5 229.75 234 233.5 237.5 236 238.75 238.75 234.5 233.25 237.75 241 242.25 242.75 237.25 241.75 248 252 252.75 254 252.75 261 269.25 271.75 279.5 288 289 284 282 282 280 280 279 280.75 281 281.75 284.25 287 289 289 290 299.5 308.75 318 321 321.75 326.5 330.25 331 337.75 347.5 344 331.75 326 319.5 313 307.75 303 297 294 294.25 297 300.5 305.25 312.25
218.5 218.25 220 220 223 226.5 226.75 225.5 226.5 226.5 216 231 236.75 236.5 237 238.25 236.25 236.5 235 235 236.25 237 236.5 237 239.75 243 242.75 243.25 244 245.5 250 254.5 248.5 252.25 249.25 257.5 256.5 270.5 279 283.75 282.25 280.5 282 277 277.75 279 279.25 281 281 284 285 288 288.5 289 298.75 305.5 315.75 319 322.75 329.25 333 334 338.25 346.25 337.25 337.25 323.5 319 314.5 309.75 303.25 299.5 296 297 299.25 302 307 312.75
218 218.25 219 220.5 226 227.75 228 228 227.75 228.25 228 233.5 236.5 237 237 242 242.75 242 237.75 235 233.25 236 237 238 237.25 241.5 243.75 242 241.25 242 250.5 268.25 272 267.25 268 268.5 267.5 266 270.75 282.75 283 282 280.25 275.5 276.5 277 278.25 279 281.25 282.25 284 288 288 287.75 297.75 302 310.75 314 325.25 330.75 331.75 333 337 341.5 345 346.75 326.25 317 312.25 309.75 304.25 301 299 299 300 303.75 307.75 313.5
218 220 221 223 226 226.5 226 225.5 228 228.5 230.25 227.25 227.75 235.25 237.5 245.25 250 246.75 240.5 236 233.25 231.75 234.5 237 238 240 242.5 243.75 239 243.5 249.75 261.75 273.25 275.25 274.5 273 271 268.25 257.75 280 282.25 279.5 277.5 271 274.75 276 277 279 280 283 284 285 288 288.5 297 301.5 309 313.75 322 329.75 330.75 332 336.75 339 342.25 343.75 342.25 316 311.5 308.75 304 301 300.5 300 303 305.25 309 314.5
218.25 219.75 221.75 223 224 224.5 225 225.5 226.75 229 229.25 229 229.75 232.5 239.25 244 244.25 244.5 246.5 241.5 235.25 233.75 231 234.25 235.75 239 243.5 244.75 244.5 247.5 250.75 255.25 261.25 274 280.75 280.25 276 271.5 269.75 278.25 273 273.5 274.25 275 272.25 271.5 277.75 281.75 284.5 282 284 284 288 288 296.5 302.25 308 314.5 320 324 329 330.25 333.5 337 337.5 341.75 342.25 315.5 310.5 306.5 303 303 303 303 303.25 307 311 315.5
219.75 222 223.5 222.75 224 224 225.25 224.5 222.5 228.5 228.75 229.75 234 236 238.75 239.25 238.75 239.5 244 242.75 245.75 245 236 233 233.25 238 242.5 246.5 249 250.5 253.25 251.5 255.25 257.25 277.5 280 281.25 275.75 276 276.75 276.5 276.25 274.75 273 274 278.5 279.75 279.75 284 287 283.75 285.75 285.5 289 294.75 299.5 307.5 314.75 319 323 325.75 328 333.25 333.75 336 336 337.25 316.5 309.5 307 303.25 302.25 303 303 305.75 308.75 312 316.25
221.75 224 226 226.5 229.25 228.75 227.75 227 229.5 229.75 233 232 229.5 235 236.75 237 233.75 234.25 240.5 244 246.25 251.25 250.75 237.75 235.75 237 242.5 247.75 251.75 253 254 254 256 255.75 274.25 277.75 280 280.75 284.75 288 277.25 281 277 276 274.25 278.75 283 282.5 284 287 287 286 288.25 289.75 291.5 299.5 307 314.25 317.25 321.5 324 328 327.25 328 331.25 334.5 334 315.5 309.5 306 303 302.5 305 304 307 310.25 313 317.5
225 226.5 237.5 241.5 231 226 226.5 231 231 231.75 230 230 231.75 233 235 235 233.25 236.25 237 239.5 243.5 246 249 242.5 240.5 242.5 246.5 249 251 255.25 257.5 259.5 260.75 260.25 267 274 279.5 281 283.5 288.75 287 286.5 285.5 289.25 287.75 283.5 288.5 286.75 285 288 289 289 289 290.5 293 295.5 304.75 312.5 316 320.25 321 325.25 327 327.5 326.5 324.25 319.75 312 309.75 306.25 304 303.75 306 306 308.25 312 315 318.75
231.5 239.75 244.5 235 228.75 226.75 230.25 230.25 229.25 228.75 225.5 227.75 230.5 232.25 234 233.25 234 234.25 236.5 237.75 240.75 242.75 244 247 251.75 253.5 258.75 249.5 253.5 255 259 262 263.5 263.75 266.25 268.75 274 280.25 282 281 287.5 289.75 292.75 289 291.5 289.75 286.5 291 291.5 288 289.75 290 290 292.25 293 295.5 301.25 308.25 313.5 316.75 319 321.5 325 322.5 322 319.5 315.5 310.25 310 307 305 304.25 306 307 308 312.5 316.75 320.75
245.5 237.5 231 231 230.75 230 229 222 221.5 222 220.75 222.25 226.5 230.5 234.25 232 229 230.75 233.5 237.75 239.5 242 243.5 247.5 254.75 260.5 266.5 254.75 253 256 260 264 264.5 263.75 264.5 269 270.5 276 281 281 283.5 286 288.25 290.5 290 293.5 291.75 298 298.5 294 289.75 291 291.75 293 295 297 298.75 306 310.75 314 316.5 316.75 318.5 317.75 320 316.25 313.25 311 312.5 307.5 307 306 307 307 311 313.75 318 322.25
249.25 232.5 228 229.5 228.5 221.5 219.5 214.75 214.25 216.25 219 220 224.5 230.5 236.5 232 228 228.25 228.5 237.5 242 243.5 241.5 244.5 250 259.75 261 255.5 255.25 258 261.5 264.5 268 269.75 264.75 267.75 270.5 271.25 276 281.5 280.5 283.25 289.25 294.25 302 301.75 297.75 299.5 302.5 300.25 292.75 293 295.5 294.25 294.5 298.25 299 302.5 308 309.75 310.75 312.75 314.75 316.25 315 313.25 309.75 310 312 310 307 307 307.5 309 311.5 314.75 319 322.5
243.75 223.5 228 231 229 221 216.25 213.25 212.5 216 217.5 219 223.75 230.5 238 238.25 236.75 233.5 234 243.75 249.25 247 239.25 242.25 244.5 250.25 257.5 261.5 257.5 259 262.5 267.5 273.5 277.5 274.25 270.5 270 272 272 277 281.25 278.75 287.75 299.25 302.5 307.5 303.5 301.5 303 303 301 302.75 303 302 299.5 299.5 299 299.25 305 305.75 306 311.25 309 310.75 309.75 310.5 309.75 311 311.75 311 310 309 310 311.5 314.75 316.5 320 324
218.5 222.75 231.5 234 229.5 220 216.5 221.5 218 217 218.5 219.5 220 229 239.5 243.5 249 243.5 240.5 245.75 253 245.75 236.75 237 237 238.5 252.25 264 262 260 263 268.5 274.75 280 275.5 273 272 272 272 273 278.5 279.5 280 298.75 309 310.25 312.25 312.25 305.25 304.25 302.75 303.5 305.5 301.5 303 300.5 300 298.25 303 305 302.5 307 308 308 307.5 307 308 310.25 311 312 312.5 312.5 312.5 313 316 319.5 321.25 323
211.5 219.25 230.75 231.25 229.5 222.75 216.75 219.5 219.75 218 219 217.5 215 227.25 243.25 243.25 248.25 243.5 240.25 240.75 244 233.25 219.5 226.75 237 239 249.25 258.25 262.25 260.25 262 267 272.5 274 273 273 273 272 273 273 275.25 279 279 284.5 302.5 312 317.25 312.5 307.5 306 306 305 306 305 302.25 300 300 299.75 299.5 303.25 305 308 307.5 308 307 306.25 308 308.75 309 310 312 314 314 315.5 317.5 320.75 323.5 325
205 214.5 225.75 224.25 217.75 209.25 207.75 208 214.75 219.75 222 220.5 222.5 230.5 239.25 241 242 238.75 235 238 238 227 214.75 227.75 241.5 243.75 249.5 255 257.5 260 263.5 266.5 270 269.25 269.5 271 271 272 272 272.75 274.25 276.25 280 281 281.5 286 293.25 299.25 302.5 306 308 307 306 306 305 299.25 300.25 297.5 300.25 304 306 307 308.5 310.25 311 307 305.75 307.5 309 308.5 310 311.25 315.5 317 317 321 323.5 325
208.5 215.5 220.75 220 217.5 210 202.75 205 211 221.5 227 225.5 224.75 228.5 232.75 236 239 238 236.5 237.5 240.75 233.25 225 227 238 243.5 248.5 256 260.5 267.75 269 267.5 269 268 268.75 269.5 270 269 268.75 269.25 271.5 276 278 280 282 281 284.75 291 299 302.25 304.5 306 306 305 302.25 301 299.5 300.5 303.25 302.25 304.75 306.25 307.75 312 311.5 308 306 307 309 311 311 314 317 324.25 320.25 320 323.5 326
213.75 215.75 218.25 218.75 216.75 210.75 206.75 205 211.75 218.75 224.75 227 224.5 224.5 230.75 236.5 239.75 239 241 243.75 244 246.75 248 238.25 238.25 243.25 249.5 254.5 259.75 267.75 271 268.75 268 267.5 269 270 269 268 265.75 265.75 270 274.5 278 281 282.25 284.5 286.5 291.25 294 299 302.75 305.25 305 304 303.5 303 300 301 302.5 303.25 304.75 306 308 310.75 312 310.75 312.5 310.25 309 311 313 319 321.25 326.25 328 320.25 323.5 326
