Env_Vars/Set_1/100kmsq_mar_final.asc
ncols         290
nrows         380
xllcorner     -2197417.7431653
yllcorner     -584827.01486885
cellsize      10000
NODATA_value  -9999
[rows 140 to 174 of 380, columns 158 to 236 of 290]
10.35 10.5 10.5 10.5 10.55 10.5 10.45 10.475 10.5 10.5 10.375 10.325 10.3 10.325 10.35 10.375 10.475 10.25 10.2 10.3 10.3 10.3 10.275 10.2 10.375 10.2 10.3 10.225 10.25 10.275 10.35 10.325 10.3 10.325 10.2 10.325 10.2 10.525 10.275 10.375 10.3 10.3 10.3 10.4 10.4 10.4 10.6 10.5 10.5 10.5 10.5 10.6 10.525 11.575 10.775 10.75 10.6 10.625 10.7 10.55 10.7 10.7 10.7 10.7 10.65 10.6 10.7 10.6 10.7 10.7 10.65 10.7 10.8 10.8 10.7 10.75 10.6 10.7 10.7
10.35 10.425 10.5 10.5 10.5 10.625 10.925 10.5 10.4 10.5 10.45 10.4 10.275 10.05 10.25 10.35 10.3 10.3 10.3 10.3 10.35 10.3 10.3 10.3 10.275 10.2 10.3 10.3 10.3 10.2 10.275 10.3 10.3 10.25 10.3 10.375 10.3 10.3 10.3 10.3 10.3 10.3 10.325 10.3 10.5 10.45 10.4 10.5 10.5 10.5 10.5 10.675 10.525 10.5 11 10.525 10.6 10.75 10.7 10.65 10.7 10.7 10.6 10.7 10.625 10.6 10.6 10.675 10.7 10.675 10.8 10.575 10.7 10.7 10.7 10.7 10.625 10.65 10.7
10.45 10.5 10.5 10.5 10.525 10.525 10.5 10.45 10.5 10.5 10.425 10.35 10.325 10.4 10.4 10.375 10.1 10.3 10.35 10.35 10.3 10.375 10.35 10.325 10.3 10.275 10.3 10.3 10.3 10.3 10.3 10.275 10.3 10.3 10.3 10.3 10.3 10.3 10.3 10.3 10.3 10.3 10.375 10.375 10.4 10.4 10.45 10.625 10.4 10.575 10.4 10.5 10.55 10.425 10.625 10.55 10.5 10.6 10.7 10.6 10.6 10.7 10.675 10.6 10.6 10.6 10.6 10.65 10.575 10.8 10.7 10.8 10.7 11.025 10.75 10.65 10.7 10.6 10.65
10.5 10.5 10.5 10.45 10.425 10.5 10.475 10.475 10.5 10.5 10.5 10.325 10.4 10.4 10.35 10.4 10.3 10.25 10.2 10.25 10.375 10.45 10.4 10.4 10.3 10.25 10.3 10.3 10.3 10.3 10.3 10.3 10.3 10.3 10.3 10.3 10.3 10.3 10.3 10.25 10.3 10.3 10.3 10.4 10.4 10.475 10.375 10.4 10.4 10.45 10.4 10.5 10.65 10.425 10.525 11.225 10.6 10.625 10.6 10.6 10.7 10.6 10.6 10.75 10.5 10.6 10.65 10.6 10.6 10.7 10.7 10.7 10.7 10.725 10.7 10.825 10.7 10.7 10.6
10.5 10.5 10.5 10.45 10.675 10.625 10.5 10.5 10.5 10.425 10.5 10.5 10.4 10.3 10.525 10.2 10.3 10.3 10.35 10.375 10.4 10.5 10.5 10.4 10.375 10.425 10.3 10.3 10.3 10.3 10.3 10.3 10.2 10.3 10.3 10.225 10.3 10.275 10.3 10.3 10.3 10.3 10.3 10.375 10.4 10.4 10.4 10.425 10.425 10.4 10.425 10.425 10.425 10.4 10.5 10.7 10.525 10.625 10.675 10.6 10.625 10.6 10.6 10.5 10.575 10.625 10.625 10.7 10.6 10.6 10.7 10.7 10.7 10.7 10.7 10.7 10.775 10.7 10.65
10.5 10.5 10.475 10.5 10.45 10.475 11.225 10.5 10.55 10.525 10.5 10.45 10.425 10.4 10.4 10.325 10.3 10.3 10.45 10.375 10.5 10.5 10.525 10.625 10.4 10.4 10.3 10.2 10.2 10.3 10.3 10.3 10.3 10.3 10.3 10.3 10.3 10.3 10.3 10.3 10.3 10.3 10.3 10.3 10.3 10.375 10.35 10.5 10.4 10.4 10.4 10.45 10.45 10.425 10.5 10.5 10.625 10.6 10.6 10.575 10.6 10.6 10.6 10.575 10.45 10.625 10.525 10.675 10.6 10.7 10.65 10.65 10.7 10.7 10.6 10.7 10.7 10.7 10.7
10.5 10.5 10.5 10.5 10.5 10.5 10.5 10.425 10.425 10.4 10.4 10.425 10.4 10.275 10.4 10.375 10.375 10.5 10.475 10.4 10.5 10.5 10.65 10.4 10.45 10.4 10.3 10.3 10.3 10.225 10.325 10.3 10.3 10.3 10.3 10.3 10.3 10.3 10.3 10.275 10.3 10.3 10.3 10.3 10.3 10.3 10.225 10.4 10.4 10.4 10.4 10.4 10.35 10.425 10.5 10.45 10.5 10.6 10.6 10.65 10.65 10.725 10.55 10.775 10.6 10.475 10.55 10.6 10.7 10.7 10.7 10.75 10.7 10.775 10.625 10.7 10.7 10.8 11
10.5 10.5 10.5 10.5 10.55 10.6 10.5 10.5 10.45 10.5 10.2 10.375 10.4 10.4 10.3 10.4 10.375 10.4 10.475 10.5 10.45 10.5 10.5 10.55 10.4 10.4 10.4 10.7 10.25 10.3 10.3 10.3 10.275 10.3 10.3 10.3 10.3 10.3 10.3 10.35 10.3 10.3 10.3 10.3 10.225 10.3 10.3 10.3 10.35 10.375 10.4 10.4 10.975 10.45 10.4 10.475 10.5 10.525 10.6 10.6 10.625 10.4 10.525 10.525 10.425 10.5 10.65 10.65 10.7 10.7 10.7 10.7 10.7 10.725 10.7 10.625 11.275 10.7 10.7
10.5 10.5 10.5 10.525 10.5 10.5 10.5 10.45 10.475 10.5 10.55 10.5 10.45 10.375 10.3 10.5 10.275 10.4 10.5 10.5 10.5 10.475 10.45 10.4 10.4 10.3 10.4 10.375 10.3 10.3 10.3 10.3 10.3 10.3 10.3 10.3 10.3 10.3 10.3 10.3 10.3 10.325 10.35 10.25 10.275 10.4 10.25 10.3 10.4 10.4 10.375 10.325 10.4 10.5 10.4 10.5 10.5 10.5 10.5 10.5 10.525 10.4 10.9 10.5 10.5 10.5 10.6 10.6 10.625 10.7 10.7 10.8 10.825 10.725 10.7 10.6 10.95 10.825 10.625
10.45 10.525 10.55 10.5 10.55 10.5 10.575 10.525 10.525 10.5 10.5 10.525 10.5 10.225 10.35 10.3 10.4 10.4 10.475 10.525 10.5 10.5 10.425 10.4 10.525 10.4 10.4 10.3 10.35 10.4 10.3 10.3 10.2 10.3 10.3 10.275 10.2 10.275 10.3 10.3 10.3 10.2 10.3 10.3 10.3 10.3 10.5 10.425 10.4 10.4 10.425 10.375 10.45 10.4 10.4 10.5 10.5 10.5 10.525 10.55 10.5 10.5 10.5 10.4 10.5 10.5 10.5 10.725 10.6 10.75 10.725 10.7 10.7 10.7 10.6 10.65 10.75 10.7 10.675
10.6 10.6 10.5 10.6 10.55 10.5 10.6 10.55 10.6 10.6 10.625 10.55 10.5 10.45 10.35 10.3 10.4 10.4 10.5 10.5 10.525 10.6 10.5 10.425 10.35 10.4 10.3 10.4 10.35 10.3 10.3 10.3 10.3 10.2 10.3 10.3 10.3 10.2 10.2 10.2 10.3 10.225 10.2 10.3 10.275 10.3 10.425 10.5 10.55 10.5 10.375 10.5 10.4 10.4 10.4 10.425 10.45 10.5 10.4 10.5 10.5 10.5 10.325 10.425 10.5 10.5 10.5 10.9 10.6 10.7 10.75 10.8 10.7 10.7 10.75 11.05 10.5 10.675 10.6
10.6 10.6 10.6 10.6 10.55 10.575 10.675 10.65 10.6 10.6 10.55 10.65 10.6 10.4 10.425 10.4 10.475 10.45 10.5 10.6 10.5 10.55 10.5 10.5 10.4 10.3 10.3 10.3 10.3 10.375 10.325 10.325 10.25 10.275 10.3 10.2 10.3 10.35 10.325 10.2 10.4 10.4 10.4 10.4 10.3 10.375 10.375 10.45 10.5 10.5 10.5 10.4 10.4 10.4 10.4 10.4 10.4 10.5 10.55 10.425 10.5 10.4 10.4 10.4 10.5 10.5 10.6 10.6 10.7 10.675 10.7 10.7 10.7 10.7 10.7 10.65 10.625 10.6 10.625
10.6 10.6 10.6 10.6 10.6 10.55 10.55 10.625 10.6 10.6 10.5 10.525 10.5 10.4 10.475 10.525 10.4 10.4 10.5 10.5 10.6 10.6 10.6 10.55 10.475 10.4 10.4 10.3 10.3 10.4 10.35 10.4 10.35 10.3 10.3 10.3 10.3 10.3 10.4 10.3 10.325 10.325 10.4 10.3 10.3 10.3 10.4 10.5 10.5 10.5 10.5 10.4 10.425 10.4 10.4 10.4 10.4 10.4 10.5 10.4 10.45 10.4 10.4 10.475 10.5 10.5 10.6 10.6 10.6 10.7 10.7 10.65 10.65 10.6 10.6 10.6 10.6 10.65 10.6
10.65 10.6 10.6 10.6 10.6 10.625 10.65 10.5 10.625 10.6 10.6 10.6 10.5 10.475 10.45 10.3 10.4 10.5 10.475 10.5 10.55 10.575 10.6 10.5 10.5 10.4 10.4 10.4 10.3 10.3 10.4 10.4 10.3 10.4 10.325 10.3 10.375 10.3 10.4 10.3 10.3 10.3 10.3 10.3 10.3 10.3 10.3 10.45 10.5 10.4 10.425 10.45 10.5 10.375 10.4 10.4 10.4 10.45 10.425 10.4 10.45 10.4 10.4 10.4 10.5 10.5 10.525 10.6 10.6 10.6 10.6 10.6 10.6 10.675 10.525 10.6 10.5 10.6 10.6
10.6 10.6 10.6 10.6 10.625 10.6 10.6 10.7 10.55 10.45 10.575 10.575 10.45 10.45 10.55 10.6 10.525 10.45 10.4 10.525 10.525 10.5 10.5 10.525 10.5 10.4 10.4 10.4 10.3 10.4 10.4 10.4 10.4 10.4 10.4 10.325 10.3 10.3 10.3 10.3 10.3 10.3 10.375 10.375 10.3 10.35 10.3 10.325 10.4 10.35 10.4 10.4 10.425 10.4 10.35 10.5 10.5 10.5 10.4 10.45 10.45 10.325 10.4 10.4 10.5 10.5 10.5 10.6 10.6 10.6 10.6 10.7 10.6 10.65 10.6 10.6 10.6 10.6 10.6
10.6 10.6 10.6 10.6 10.65 10.6 10.6 10.75 10.675 10.675 10.7 10.65 10.5 10.575 10.575 10.5 10.5 10.55 10.5 10.5 10.525 10.525 10.5 10.525 10.475 10.5 10.4 10.4 10.4 10.4 10.4 10.425 10.4 10.3 10.4 10.375 10.4 10.3 10.25 10.3 10.3 10.4 10.3 10.3 10.35 10.3 10.3 10.3 10.325 10.4 10.4 10.4 10.5 10.4 10.4 10.425 10.5 10.4 10.45 10.4 10.4 10.375 10.4 10.4 10.5 10.5 10.55 10.55 10.6 10.6 10.6 10.6 10.6 10.6 10.6 10.6 10.6 10.6 10.6
10.675 10.6 10.6 10.625 10.6 10.6 10.6 10.575 10.5 10.425 10.55 10.65 10.7 10.525 10.775 10.375 10.45 10.525 10.5 10.5 10.425 10.5 10.5 10.45 10.5 10.4 10.475 10.4 10.4 10.4 10.375 10.475 10.5 10.375 10.4 10.4 10.4 10.375 10.3 10.4 10.3 10.375 10.3 10.375 10.4 10.3 10.35 10.3 10.3 10.3 10.225 10.35 10.4 10.4 10.4 10.4 10.4 10.45 10.5 10.4 10.35 10.35 10.35 10.4 10.45 10.425 10.5 10.6 10.5 10.5 10.6 10.6 10.6 10.6 10.6 10.65 10.6 10.6 10.6
10.6 10.6 10.6 10.6 10.7 10.6 10.7 10.7 10.7 10.6 10.6 10.4 10.45 10.5 10.525 10.65 10.55 10.325 10.5 10.5 10.4 10.6 10.55 10.35 10.5 10.475 10.5 10.45 10.4 10.425 10.4 10.4 10.4 10.4 10.475 10.375 10.4 10.325 10.3 10.3 10.3 10.3 10.25 10.3 10.4 10.325 10.3 10.3 10.3 10.325 10.325 10.4 10.4 10.45 10.4 10.4 10.475 10.4 10.4 10.4 10.3 10.3 10.35 10.3 10.4 10.4 10.5 10.5 10.5 10.5 10.6 10.6 10.525 10.6 10.625 10.6 10.6 10.6 10.6
10.6 10.6 10.625 10.7 10.7 10.775 10.8 10.9 10.85 10.8 10.7 10.675 10.6 10.5 10.4 10.4 10.5 10.425 10.6 10.575 10.4 10.45 10.4 10.5 10.55 10.325 10.5 10.325 10.4 10.4 10.4 10.4 10.475 10.325 10.475 10.4 10.4 10.3 10.4 10.375 10.35 10.3 10.375 10.4 10.4 10.3 10.4 10.3 10.3 10.3 10.4 10.4 10.4 10.4 10.4 10.45 10.4 10.4 10.375 10.325 10.3 10.325 10.3 10.3 10.3 10.4 10.4 10.5 10.5 10.5 10.5 10.5 10.6 10.6 10.6 10.6 10.7 10.7 10.625
10.7 10.7 10.75 10.7 10.8 10.9 11 11.1 11.1 11 10.825 10.7 10.6 10.5 10.5 10.4 10.4 10.4 10.35 10.375 10.55 10.55 10.4 10.6 10.525 10.4 10.45 10.5 10.475 10.5 10.45 10.4 10.475 10.4 10.425 10.45 10.45 10.4 10.3 10.35 10.3 10.3 10.4 10.325 10.4 10.4 10.325 10.3 10.4 10.425 10.325 10.4 10.4 10.4 10.4 10.4 10.4 10.4 10.4 10.4 10.4 10.3 10.3 10.3 10.3 10.3 10.4 10.4 10.475 10.5 10.5 10.575 10.525 10.55 10.6 10.6 10.6 10.625 10.6
10.8 10.725 10.775 10.9 11 11.1 11.2 11.2 11.2 11.1 10.95 10.8 10.6 10.55 10.5 10.5 10.5 10.4 10.4 10.475 10.45 10.5 10.425 10.45 10.625 10.375 10.5 10.55 10.375 10.625 10.4 10.45 10.5 10.425 10.475 10.525 10.4 10.4 10.4 10.375 10.4 10.4 10.4 10.4 10.35 10.4 10.35 10.4 10.4 10.4 10.4 10.4 10.4 10.525 10.375 10.3 10.45 10.4 10.35 10.4 10.4 10.3 10.3 10.3 10.3 10.3 10.35 10.4 10.4 10.5 10.5 10.5 10.5 10.5 10.5 10.6 10.6 10.6 10.6
10.7 10.875 10.95 11.05 11.1 11.2 11.2 11.2 11.2 11.1 10.925 10.8 10.65 10.5 10.5 10.45 10.4 10.4 10.4 10.55 10.5 10.5 10.4 10.475 10.45 10.6 10.05 10.4 10.3 10.4 10.5 10.5 10.55 10.5 10.4 10.5 10.45 10.55 10.4 10.475 10.4 10.4 10.4 10.4 10.4 10.35 10.425 10.4 10.4 10.4 10.4 10.5 10.4 10.4 10.5 10.4 10.45 10.4 10.375 10.3 10.3 10.3 10.3 10.3 10.3 10.3 10.35 10.4 10.4 10.4 10.525 10.5 10.5 10.575 10.5 10.6 10.6 10.6 10.6
10.975 11.1 11.15 11.2 11.2 11.1 11.075 11.075 10.95 11 10.85 11 10.85 10.6 10.525 10.55 10.5 10.575 10.5 10.5 10.45 10.6 10.6 10.55 10.5 10.45 10.45 10.425 10.325 10.3 10.55 10.4 10.4 10.225 10.575 10.5 10.45 10.5 10.5 10.5 10.4 10.4 10.4 10.4 10.4 10.4 10.4 10.4 10.45 10.4 10.425 10.4 10.4 10.4 10.4 10.475 10.5 10.5 10.5 10.4 10.3 10.4 10.3 10.3 10.3 10.3 10.4 10.4 10.4 10.4 10.4 10.525 10.5 10.5 10.55 10.575 10.5 10.5 10.525
11.1 11.2 11.275 11.2 11.1 11 10.9 10.9 10.8 10.9 10.8 10.8 10.8 10.7 10.6 10.55 10.525 10.5 10.55 10.55 10.775 10.8 10.5 10.3 10.4 10.4 10.375 10.4 10.425 10.375 10.4 10.45 10.425 10.5 10.5 10.5 10.5 10.5 10.5 10.5 10.475 10.4 10.45 10.4 10.4 10.45 10.45 10.4 10.5 10.4 10.45 10.4 10.4 10.4 10.4 10.4 10.4 10.475 10.5 10.4 10.4 10.4 10.3 10.3 10.35 10.3 10.3 10.4 10.375 10.4 10.425 10.475 10.5 10.5 10.5 10.5 10.6 10.5 10.525
11.3 11.3 11.3 11.2 11 10.9 10.8 10.8 10.725 10.775 10.8 10.8 10.8 10.7 10.6 10.6 10.6 10.5 10.775 10.625 10.7 10.8 10.8 10.65 10.575 10.5 10.35 10.4 10.3 10.475 10.5 10.475 10.5 10.6 10.525 10.5 10.5 10.5 10.5 10.5 10.5 10.5 10.475 10.4 10.4 10.4 10.4 10.5 10.5 10.475 10.525 10.4 10.4 10.4 10.55 10.4 10.4 10.5 10.45 10.4 10.4 10.325 10.4 10.3 10.3 10.3 10.4 10.375 10.4 10.4 10.4 10.45 10.5 10.5 10.6 10.5 10.55 10.55 10.6
11.3 11.3 11.2 11.1 11 10.8 10.8 10.8 10.8 10.8 10.8 10.825 10.8 10.8 10.8 10.65 10.6 10.6 10.6 10.6 10.7 10.7 10.7 10.6 10.425 10.4 10.4 10.4 10.4 10.4 10.4 10.475 10.3 10.55 10.6 10.475 10.6 10.475 10.5 10.5 10.525 10.5 10.5 10.425 10.5 10.525 10.4 10.475 10.5 10.475 10.5 10.5 10.5 10.5 10.5 10.5 10.45 10.4 10.425 10.4 10.4 10.4 10.325 10.4 10.3 10.3 10.3 10.3 10.4 10.4 10.3 10.4 10.5 10.5 10.5 10.5 10.5 10.525 10.5
11.3 11.2 11.2 11 10.9 10.9 10.9 10.875 10.875 10.9 10.825 10.8 10.825 10.8 10.775 10.7 10.8 10.7 10.6 10.625 10.7 10.775 10.7 10.5 10.6 10.525 10.5 10.5 10.475 10.4 10.5 10.475 10.425 10.4 10.55 10.5 10.5 10.5 10.5 10.5 10.5 10.5 10.5 10.5 10.5 10.5 10.55 10.475 10.575 10.5 10.5 10.5 10.5 10.5 10.5 10.4 10.4 10.4 10.4 10.4 10.4 10.4 10.4 10.4 10.425 10.3 10.325 10.4 10.375 10.4 10.4 10.475 10.4 10.5 10.5 10.5 10.5 10.45 10.5
11.1 11.1 11 11 10.9 10.9 10.9 10.9 10.9 10.9 10.9 10.9 10.9 10.8 10.8 10.675 10.7 10.65 10.725 10.725 10.6 10.775 10.7 10.7 10.7 10.7 10.5 10.5 10.5 10.4 10.5 10.5 10.5 10.45 10.5 10.525 10.5 10.5 10.5 10.5 10.425 10.5 10.5 10.525 10.5 10.5 10.5 10.575 10.5 10.5 10.5 10.5 10.5 10.6 10.5 10.45 10.4 10.425 10.4 10.3 10.3 10.4 10.4 10.4 10.4 10.4 10.3 10.3 10.35 10.4 10.425 10.45 10.4 10.4 10.5 10.4 10.5 10.5 10.45
11.125 10.95 11 11 10.9 10.95 10.925 10.9 11 11 10.9 10.9 10.9 10.8 10.9 10.8 10.8 10.85 10.8 10.8 10.75 10.7 10.725 10.7 10.7 10.7 10.7 10.6 10.6 10.5 10.5 10.55 10.5 10.5 10.5 10.5 10.5 10.5 10.5 10.5 10.6 10.525 10.5 10.6 10.6 10.525 10.5 10.525 10.525 10.5 10.5 10.5 10.525 10.6 10.5 10.5 10.5 10.475 10.4 10.4 10.3 10.3 10.4 10.35 10.3 10.3 10.325 10.3 10.325 10.4 10.4 10.4 10.3 10.4 10.4 10.4 10.5 10.5 10.5
11 10.9 10.95 11 11.025 10.975 11 10.9 11 10.975 11 10.95 10.9 10.95 10.825 10.8 10.775 10.8 10.825 10.8 10.725 10.8 10.7 10.7 10.7 10.7 10.6 10.6 10.6 10.6 10.5 10.6 10.55 10.6 10.5 10.5 10.5 10.55 10.6 10.55 10.6 10.6 10.525 10.6 10.6 10.65 10.6 10.6 10.575 10.55 10.5 10.5 10.5 10.5 10.5 10.5 10.4 10.4 10.5 10.5 10.4 10.4 10.4 10.35 10.4 10.4 10.375 10.45 10.4 10.4 10.375 10.4 10.45 10.4 10.4 10.5 10.5 10.45 10.4
11 11.075 11 10.9 10.9 11 10.9 10.95 11 11 11 10.9 10.9 10.9 10.825 10.8 10.8 10.75 10.8 10.8 10.725 10.75 10.725 10.8 10.725 10.7 10.6 10.6 10.6 10.7 10.7 10.6 10.575 10.6 10.65 10.5 10.6 10.6 10.6 10.7 10.7 10.7 10.7 10.65 10.65 10.65 10.625 10.6 10.6 10.6 10.6 10.525 10.5 10.575 10.5 10.5 10.5 10.5 10.5 10.5 10.5 10.4 10.3 10.3 10.4 10.45 10.4 10.425 10.4 10.4 10.4 10.4 10.4 10.4 10.325 10.5 10.475 10.4 10.4
11 11.05 11 11 11 11 11 11 11 11 11 10.9 10.9 10.9 10.975 10.95 10.9 10.8 10.9 10.8 10.85 10.825 10.725 10.85 10.65 10.7 10.7 10.7 10.7 10.7 10.6 10.6 10.6 10.6 10.5 10.6 10.6 10.675 10.775 10.85 10.9 10.875 10.675 10.7 10.7 10.7 10.725 10.7 10.6 10.575 10.675 10.6 10.55 10.5 10.5 10.575 10.6 10.5 10.55 10.5 10.5 10.4 10.4 10.4 10.4 10.4 10.4 10.4 10.4 10.4 10.325 10.4 10.4 10.4 10.4 10.4 10.4 10.45 10.475
11.075 11.05 11 11.025 11 11 10.9 11 11 10.9 11 11 10.9 10.975 11 10.9 10.9 10.9 10.9 10.975 10.875 10.75 10.825 10.725 10.7 10.7 10.7 10.6 10.7 10.6 10.6 10.7 10.65 10.6 10.6 10.6 10.55 10.8 10.85 11.025 11 11 10.9 10.8 10.7 10.7 10.7 10.7 10.7 10.675 10.7 10.65 10.6 10.6 10.5 10.625 10.65 10.55 10.525 10.6 10.5 10.4 10.35 10.35 10.4 10.5 10.45 10.5 10.5 10.4 10.5 10.475 10.4 10.5 10.5 10.5 10.5 10.4 10.4
11.075 11.025 11 10.975 10.9 11 11.125 11 11 11 10.95 11 11 11 11 11 11 10.95 10.9 10.9 10.975 10.925 10.75 10.8 10.7 10.7 10.7 10.7 10.7 10.675 10.7 10.725 10.6 10.675 10.7 10.7 10.7 10.725 10.8 11 11.075 11.125 10.975 10.9 10.75 10.7 10.75 10.7 10.7 10.725 10.7 10.7 10.6 10.7 10.5 10.6 10.625 10.6 10.6 10.575 10.5 10.5 10.6 10.3 10.6 10.5 10.6 10.5 10.5 10.475 10.4 10.375 10.425 10.4 10.45 10.45 10.45 10.4 10.475
11.05 10.95 11 11.025 11.1 11 11.025 11 11.1 11 11 11 11 11.075 11.125 11.1 11.075 11 11 10.925 10.9 10.9 10.8 10.8 10.7 10.8 10.7 10.7 10.7 10.7 10.775 10.6 10.625 10.725 10.7 10.7 10.7 10.8 10.8 10.825 11 11.1 11 10.9 10.8 10.8 10.725 10.825 10.725 10.8 10.75 10.7 10.7 10.7 10.625 10.6 10.6 10.6 10.6 10.6 10.6 10.6 10.6 10.5 10.575 10.5 10.5 10.5 10.4 10.5 10.5 10.35 10.4 10.4 10.5 10.5 10.5 10.5 10.4
