Env_Vars/Set_1/100kmsq_ruggedness_final.asc
ncols         290
nrows         380
xllcorner     -2197417.7431653
yllcorner     -584827.01486885
cellsize      10000
NODATA_value  -9999
[rows 104 to 129 of 380, columns 232 to 289 of 290]
0.002121246 0.001949848 0.003910638 0.001330022 0.001772194 0.004287872 0.002908446 0.002724072 0.001958224 0.003226555 0.002146722 0.002019879 0.002252347 0.002746117 0.002142186 0.00209356 0.002294033 0.001570367 0.002288949 0.001197245 0.001104729 0.0008584979 0.001818039 0.001732402 0.001067639 0.0004208867 0.0009243848 0.001917899 0.002019955 0.001952062 0.001946013 0.002770998 0.001854056 0.00301505 0.001559167 0.002047004 0.002953716 0.00229888 0.002210593 0.001300993 0.001399612 0.0009377082 0.001051428 0.0007878745 0.0007951764 0.001102787 -9999 -9999 -9999 -9999 -9999 -9999 -9999 -9999 -9999 -9999 -9999 -9999
0.001926673 0.003236838 0.004324724 0.001030134 0.001521866 0.001712157 0.002406388 0.002470727 0.001488878 0.002415683 0.003332602 0.002737468 0.003931916 0.003227133 0.001764671 0.002161078 0.001039929 0.001760863 0.001367972 0.001152537 0.001521436 0.0006704414 0.00121109 0.001175174 0.001362757 0.0006915643 0.0009881672 0.0009642048 0.001702425 0.001260069 0.001523829 0.001374135 0.001700414 0.002120597 0.001288512 0.001929897 0.002017084 0.00136408 0.002791572 0.00270944 0.00336559 0.0006317989 0.001805897 0.001601842 0.001096427 -9999 -9999 -9999 -9999 -9999 -9999 -9999 -9999 -9999 -9999 -9999 -9999 -9999
0.00165168 0.0009098978 0.001545024 0.0020315 0.002553171 0.004417848 0.002731453 0.002228804 0.002017714 0.002754795 0.002559253 0.00317771 0.001993322 0.00165676 0.001327585 0.001449409 0.001671303 0.002079106 0.001151089 0.00179533 0.002612261 0.0009162116 0.00113705 0.001473192 0.001505461 0.001314685 0.001510942 0.002082198 0.001824952 0.002509251 0.001823623 0.001863545 0.001432862 0.001498421 0.001952321 0.001548191 0.002079196 -9999 0.001904945 0.002319008 0.00129831 0.001218592 0.0008706525 0.0007915054 -9999 -9999 -9999 -9999 -9999 -9999 -9999 -9999 -9999 -9999 -9999 -9999 -9999 -9999
0.001952548 0.0007138511 0.0003791719 0.0009171644 0.001408002 0.00120505 0.001680884 0.0005697806 0.002547618 0.0006580932 5.930132e-05 0.00242269 0.00175558 0.002734205 0.001935208 0.002213873 0.001886852 0.001851966 0.002539547 0.00143683 0.001324692 0.001532714 0.001460767 0.001907266 0.001674647 0.001355769 0.001670419 0.001376331 0.001597172 0.001094838 0.00143165 0.001353454 0.001564518 0.001912759 0.00119367 0.002481418 0.002038294 0.001395615 -9999 -9999 -9999 0.0004081122 -9999 -9999 -9999 -9999 -9999 -9999 -9999 -9999 -9999 -9999 -9999 -9999 -9999 -9999 -9999 -9999
0.001604147 0.001173331 0.001726739 0.0008583884 0.001756354 0.0009882321 0.0007479334 0.0001394215 5.587484e-05 0 0 0 4.897255e-05 0.0001885633 0.002363926 0.00194768 0.001977159 0.001367836 0.001903972 0.002095988 0.001720524 0.001243389 0.001196502 0.001807462 0.001200276 0.00140694 0.001906929 0.001687578 0.001098838 0.00156275 0.001130436 0.001063419 0.001288917 0.002518731 0.001441311 0.001842371 -9999 0.000817797 -9999 -9999 -9999 -9999 -9999 -9999 -9999 -9999 -9999 -9999 -9999 -9999 -9999 -9999 -9999 -9999 -9999 -9999 -9999 -9999
0.001928075 0.001161331 0.004063769 0.00410698 0.00117217 0.0005226352 0.0006766071 0.001168332 0.0001538146 0.000208304 0.0001079271 0.0009613251 0.001576486 0.001438895 0.0007739596 0.00143683 0.001712403 0.003283714 0.002416343 0.00260833 0.001456023 0.001930909 0.001741198 0.001901814 0.002337782 0.0009876169 0.002267369 0.001441666 0.002170302 0.002041687 0.001022603 0.0009677209 0.002097156 0.001971272 0.00114126 0.001477241 0.0008577094 -9999 -9999 -9999 -9999 -9999 -9999 -9999 -9999 -9999 -9999 -9999 -9999 -9999 -9999 -9999 -9999 -9999 -9999 -9999 -9999 -9999
0.003027878 0.002906271 0.002326921 0.001890535 0.000492364 0.0002993977 0.0008512919 0.002090144 0.002306901 0.002213841 0.001673563 0.0009270146 0.001345892 0.001418508 0.0005976753 0.001750289 0.001130691 0.001023456 0.001643164 0.00152915 0.003514495 0.002032302 0.001101438 0.003102771 0.002435446 0.002194457 0.002196226 0.002679205 0.001663447 0.002440532 0.001266409 0.001033257 0.001230905 0.001575718 0.001731345 0.001084484 0.0009883433 -9999 -9999 -9999 -9999 -9999 -9999 -9999 -9999 -9999 -9999 -9999 -9999 -9999 -9999 -9999 -9999 -9999 -9999 -9999 -9999 -9999
0.001650214 0.003044695 0.003584809 0.003022989 0.0009266793 0.001261128 0.0009906567 0.0008612528 0.0007497601 0.001829407 0.001208504 0.0008811702 0.0005617273 0.0003684758 0.001289372 0.0007490416 0.001137227 0.001584144 0.003193798 0.001690222 0.001825577 0.001477401 0.002681396 0.002770668 0.001306397 0.002271868 0.00163993 0.001816537 0.002068879 0.002389236 0.002541722 0.0009922939 0.000766709 0.002212004 0.00216154 0.00125862 0.0003260571 -9999 -9999 -9999 -9999 -9999 -9999 -9999 -9999 -9999 -9999 -9999 -9999 -9999 -9999 -9999 -9999 -9999 -9999 -9999 -9999 -9999
0.004528968 0.002749465 0.002433501 0.001862603 0.0002697078 0.0008108172 0.0008876956 0.001463981 0.0007940775 0.001606733 0.001282668 0.00054209 0.0007886109 0.0007270478 0.0007208806 0.0008676015 0.0008603107 0.001384757 0.002349241 0.001688626 0.003124001 0.001547516 0.002398357 0.001980426 0.001131037 0.00159663 0.001075135 0.0007048884 0.001574801 0.002519509 -9999 -9999 0.002401184 0.001154061 0.001253507 -9999 -9999 -9999 -9999 -9999 -9999 -9999 -9999 -9999 -9999 -9999 -9999 -9999 -9999 -9999 -9999 -9999 -9999 -9999 -9999 -9999 -9999 -9999
0.0008539071 0.002310615 0.0009399374 0.0006226674 0.001226419 0.001434343 0.001551159 0.001910612 0.001415379 0.002945016 0.001475212 0.0009362599 0.001063425 0.001837837 0.0008664177 0.0008698339 0.001669179 0.001073178 0.001400641 0.002135539 0.001674427 0.001287311 0.001326093 0.002040962 0.001224706 0.001389345 0.001086347 0.001494197 0.0009503013 0.002926425 -9999 -9999 -9999 -9999 0.0001698722 -9999 -9999 -9999 -9999 -9999 -9999 -9999 -9999 -9999 -9999 -9999 -9999 -9999 -9999 -9999 -9999 -9999 -9999 -9999 -9999 -9999 -9999 -9999
0.0008194323 0.0015792 0.000730823 0.0005294966 0.0008959959 0.001170883 0.001063843 0.0006622031 0.001289134 0.002304978 0.001177974 0.0009902162 0.001010951 0.0005639363 0.0008112931 0.001330588 0.0009118899 0.001082079 0.001432943 0.001737357 0.001515404 0.001288102 0.001972595 0.001154004 0.0003676961 0.001554772 0.001839736 0.0003636263 0.0004770725 0.0003790464 0.00161586 0.001722503 0.002806837 0.001846899 -9999 -9999 -9999 -9999 -9999 -9999 -9999 -9999 -9999 -9999 -9999 -9999 -9999 -9999 -9999 -9999 -9999 -9999 -9999 -9999 -9999 -9999 -9999 -9999
0.001540497 0.0006427056 0.001460761 0.001022125 0.001276469 0.0006585719 0.001455613 0.0009230186 0.0009458172 0.002388894 0.000903908 0.0009012235 0.001405458 0.0005772074 0.0007534038 0.001298549 0.0008314943 0.0008529227 0.001115125 0.0009627214 0.001205939 0.001057739 0.0007162984 0.0006020262 0.002029528 0.002391187 0.0003192994 0.0003903411 0.000765974 0.0008156317 0.001236935 0.0011459 0.0008436415 0.001853252 -9999 -9999 -9999 -9999 -9999 -9999 -9999 -9999 -9999 -9999 -9999 -9999 -9999 -9999 -9999 -9999 -9999 -9999 -9999 -9999 -9999 -9999 -9999 -9999
0.0005651159 0.001336437 0.001902772 0.001938629 0.000968538 0.001658807 0.001518036 0.0006022811 0.00104088 0.001289601 0.001311037 0.001064972 0.0006821835 0.0002603891 0.0005655821 0.000634602 0.0006626926 0.0008296669 0.000425926 0.001180892 0.0009933289 0.0008121269 0.001105926 0.001456507 0.001066888 0.0003158499 0.0002354115 0.0003044399 0.001133248 0.000636972 0.001015615 0.001122022 0.001047299 0.001386366 0.0008078553 -9999 -9999 -9999 -9999 -9999 -9999 -9999 -9999 -9999 -9999 -9999 -9999 -9999 -9999 -9999 -9999 -9999 -9999 -9999 -9999 -9999 -9999 -9999
0.002228752 0.001470451 0.000714878 0.001114329 0.0002767165 0.0005069245 0.002233154 0.00154492 0.002218615 0.001070684 0.000890656 0.001747565 0.0006549185 0.0006163361 0.000295002 0.001069423 0.001489087 0.0002619131 0.0007830412 0.0007153514 0.0005009591 0.001533135 0.001631665 0.00118634 0.00199152 0.0005004042 0.001467255 0.001085763 0.002138778 0.001713906 0.002751804 0.001083338 0.0004494673 0.001433171 0.001461251 -9999 -9999 -9999 -9999 -9999 -9999 -9999 -9999 -9999 -9999 -9999 -9999 -9999 -9999 -9999 -9999 -9999 -9999 -9999 -9999 -9999 -9999 -9999
0.0009995374 0.0002040248 0.001256138 0.001342723 0.001007462 0.0007156551 0.0009309822 0.001082844 0.001886566 0.001235671 0.002802517 0.0009914679 0.001111873 0.000894269 0.0001925291 0.0007717712 0.0004794474 0.001045111 0.0007775612 0.00160451 0.0007929202 0.0008358221 0.001445178 0.002511435 0.002229518 0.001832981 0.001487828 0.001200145 0.001781339 0.001059573 0.001816403 0.001316582 0.001585313 0.002062916 0.0005461486 -9999 -9999 -9999 -9999 -9999 -9999 -9999 -9999 -9999 -9999 -9999 -9999 -9999 -9999 -9999 -9999 -9999 -9999 -9999 -9999 -9999 -9999 -9999
0.0006086323 0.00119913 0.0008389393 0.0007885079 0.001507734 0.001902545 0.0007443629 0.0009724179 0.000845508 0.001398379 0.0009965696 0.0006485678 0.0005647775 0.001605835 0.0007029251 0.000405428 0.0006594301 0.000697378 0.0005177796 0.0001471968 0.0001924874 0.001386264 0.000377749 0.002158593 0.001576084 0.0006254971 0.0008749984 0.000998048 0.001041554 0.001341 0.001063954 0.001571026 0.001899866 0.00122336 0.0006689645 -9999 -9999 -9999 -9999 -9999 -9999 -9999 -9999 -9999 -9999 -9999 -9999 -9999 -9999 -9999 -9999 -9999 -9999 -9999 -9999 -9999 -9999 -9999
0.0009002609 0.0006580908 0.00112161 0.0007720725 0.0008627762 0.0007378576 0.001284675 0.002018817 0.001021969 0.0009803396 0.0008792189 0.0006293703 0.002130738 0.0009754194 0.0009753691 0.0005625501 0.0002987049 0.0004768667 0.00170943 0.0001562505 0.0002552748 0.001662739 0.0003529352 0.000995597 0.001185378 0.001177912 0.001746278 0.001286943 0.001739055 0.0009046962 0.001517107 0.0009876033 0.001072847 -9999 -9999 -9999 -9999 -9999 -9999 -9999 -9999 -9999 -9999 -9999 -9999 -9999 -9999 -9999 -9999 -9999 -9999 -9999 -9999 -9999 -9999 -9999 -9999 -9999
0.0006104154 0.0007430405 0.0004387545 0.000239979 0.001354089 0.002470548 0.001585503 0.001085924 0.001244464 0.001166994 0.0008029447 0.001204992 0.0009699602 0.0009033318 0.0005520317 0.0002912191 0.0004510436 0.0002134447 0.0005280109 0.000303685 0.0008022666 0.0009486211 0.001275655 0.0009291206 0.0007228081 0.0003886965 0.001062712 0.0007967677 -9999 -9999 0.001309568 0.0007443312 -9999 -9999 -9999 -9999 -9999 -9999 -9999 -9999 -9999 -9999 -9999 -9999 -9999 -9999 -9999 -9999 -9999 -9999 -9999 -9999 -9999 -9999 -9999 -9999 -9999 -9999
0.0007284292 0.0006582653 0.001190068 0.0007061289 0.001211664 0.001831401 0.001052947 0.0009536866 0.0009012433 0.00124486 0.0003957695 0.0008331941 0.0007923926 0.0007854921 0.0007657154 0.0005926431 0.0003695497 0.0005241612 0.0005635137 0.0003236478 0.0008817294 0.001003778 0.0005770316 0.000888082 0.0003469351 0.000443276 0.001104089 -9999 -9999 -9999 -9999 -9999 -9999 -9999 -9999 -9999 -9999 -9999 -9999 -9999 -9999 -9999 -9999 -9999 -9999 -9999 -9999 -9999 -9999 -9999 -9999 -9999 -9999 -9999 -9999 -9999 -9999 -9999
0.0008360975 0.0004755349 0.001273973 0.0022816 0.002603434 0.002443739 0.0005429655 0.0005391536 0.0008018779 2.859139e-05 0.000536165 0.0005440853 0.0007761544 0.0005252677 0.000271969 0.0009166167 0.0008642042 0.0003878986 0.0004951706 0.0005904076 0.0008915532 0.000967473 0.001106457 0.001554746 0.0003418086 0.0006280668 0.0003640995 0.001934559 -9999 -9999 -9999 -9999 -9999 -9999 -9999 -9999 -9999 -9999 -9999 -9999 -9999 -9999 -9999 -9999 -9999 -9999 -9999 -9999 -9999 -9999 -9999 -9999 -9999 -9999 -9999 -9999 -9999 -9999
0.001094533 0.001695232 0.001371614 0.002065409 0.00302479 0.0008388623 0.0007785208 0.0005525658 0.001435608 0.001196513 0.0009718993 0.001443516 0.0007529775 0.0006518283 0.0005331149 0.0008911648 0.000899053 0.0008057965 0.001200124 0.0008542822 0.001446624 0.0004129526 0.0007090205 0.0009684139 0.001402947 0.0004824307 0.0009683202 0.001119802 0.0007937173 0.0003422091 -9999 -9999 -9999 -9999 -9999 -9999 -9999 -9999 -9999 -9999 -9999 -9999 -9999 -9999 -9999 -9999 -9999 -9999 -9999 -9999 -9999 -9999 -9999 -9999 -9999 -9999 -9999 -9999
0.001576214 0.0008327911 0.002449492 0.002817007 0.002568081 0.0008567015 0.0007560938 0.0009501985 0.0004368938 0.0007935949 0.001443279 0.0005105802 0.0008191235 0.0006343579 0.0008436015 0.001108665 0.001048985 0.0009599203 0.0008035079 0.0006678684 0.0006732391 0.001373467 0.0006095787 0.001046454 0.00107079 0.00152936 0.0009410673 -9999 -9999 -9999 -9999 -9999 -9999 -9999 -9999 -9999 -9999 -9999 -9999 -9999 -9999 -9999 -9999 -9999 -9999 -9999 -9999 -9999 -9999 -9999 -9999 -9999 -9999 -9999 -9999 -9999 -9999 -9999
0.0002176155 0.0008607091 0.001231666 0.001319462 0.001467052 0.0006519373 0.0008012299 0.0005775845 0.0004212262 0.002048132 0.001642604 0.0009480485 0.0006123309 0.0006031633 0.000978292 0.001511935 0.0008660894 0.0004694253 0.001248292 0.001525358 0.001039646 0.0006201947 0.0009038491 0.0008778666 0.001613127 0.001054937 0.002028121 0 0 -9999 -9999 -9999 -9999 -9999 -9999 -9999 -9999 -9999 -9999 -9999 -9999 -9999 -9999 -9999 -9999 -9999 -9999 -9999 -9999 -9999 -9999 -9999 -9999 -9999 -9999 -9999 -9999 -9999
0.0004223334 0.0008586579 0.003314762 0.000924748 0.001324197 0.001584779 0.001803596 0.0006519493 0.0002309901 0.001498015 0.0006610899 0.001206608 0.0007252703 0.001365013 0.002110536 0.001922271 0.001008257 0.0001787797 0.000114315 0.0004207094 0.0008775315 0.001701776 0.00115915 0.001954546 0.001389789 0.001681813 0.0007387634 -9999 -9999 -9999 -9999 -9999 -9999 -9999 -9999 -9999 -9999 -9999 -9999 -9999 -9999 -9999 -9999 -9999 -9999 -9999 -9999 -9999 -9999 -9999 -9999 -9999 -9999 -9999 -9999 -9999 -9999 -9999
0.0004813993 0.001035736 0.001086195 0.0009421259 0.0009217123 0.00114736 0.001012048 0.0004369093 0.001229381 0.0006565062 0.0006044786 0.001113423 0.0004641362 0.001874573 0.0003835466 0.001105036 0.0005924409 0.001759223 0.001675083 0.0005318212 0.001301182 0.001339589 0.0007021576 0.0002881759 0.001150109 0.00205318 0.0006228096 -9999 -9999 -9999 -9999 -9999 -9999 -9999 -9999 -9999 -9999 -9999 -9999 -9999 -9999 -9999 -9999 -9999 -9999 -9999 -9999 -9999 -9999 -9999 -9999 -9999 -9999 -9999 -9999 -9999 -9999 -9999
0.001347657 0.000735809 0.0006472678 0.00112478 0.0007467616 0.001880516 0.0006249771 0.0008846035 0.0007070479 0.001198317 0.001471909 0.002206194 0.001047747 0.000735959 0.0002185291 0.001101312 0.001464062 0.001310556 0.0007860529 0.001033071 0.0017465 0.0005183429 0.001022021 -9999 -9999 -9999 -9999 -9999 -9999 -9999 -9999 -9999 -9999 -9999 -9999 -9999 -9999 -9999 -9999 -9999 -9999 -9999 -9999 -9999 -9999 -9999 -9999 -9999 -9999 -9999 -9999 -9999 -9999 -9999 -9999 -9999 -9999 -9999
