Env_Vars/Set_1/100kmsq_msp_final.asc
ncols         290
nrows         380
xllcorner     -2197417.7431653
yllcorner     -584827.01486885
cellsize      10000
NODATA_value  -9999
[rows 238 to 271 of 380, columns 78 to 155 of 290]
149.5 217.75 243.25 255.5 222.25 223.5 237.5 241.25 299.75 246.5 336.25 466.5 405 489 396.25 287 463 400 379.75 389.25 466.75 351.25 542.75 378.5 227 377.75 560.25 346.75 740.25 575.75 537.25 792.75 767.75 688.75 589.75 484.5 400.25 400.25 366.75 382.75 378 368 349 341.75 336.25 328.75 314.5 302 292.25 284.25 275.75 272.75 271.75 273 272.75 270.5 266.5 266 271.5 272.5 270.5 267.5 261.75 259.75 257.5 254.25 249.5 246 248.5 250 251.5 251.5 250.5 248.5 248.75 252.5 253 251.25
177.5 227.75 247 223.75 180 208.5 214.75 256 277.25 239.25 414 323.5 402.75 418.25 379 296.25 487.5 285.75 523.75 455.25 429.25 328.75 401.5 334.25 194.75 314.25 332.5 377.25 601.25 814.25 264.75 773 585.25 575.5 658.75 468.25 404.5 362.75 362 367.5 363 353 337.25 337.75 332.75 317.75 305.5 290.5 283.25 278 275 272 269.25 269.75 269 267.5 263.5 261.5 265 266.5 263.25 256.25 254.5 251.5 247.25 247.75 247.25 247 246.5 246 244.5 244.5 242.5 239 242.25 246 247.25 246
158.25 162.75 209 184 196 216.25 230.75 277.25 306 268.25 332.25 425.5 448.25 328.75 398.5 324.25 423.75 437.75 474 350.75 461 323.5 323.25 294 264.5 318.75 270.5 369.25 549.75 419 576.75 509.25 720 542 690 596 411.75 376.75 358 351 359 346.75 340.5 344.25 334.75 314 300.75 284.5 276.75 271 266 267.5 263.75 264.5 265 265 264.5 262.75 260.5 259.5 256.25 249 245 241.25 238.5 237.25 241.5 242.25 241.5 241.25 241.25 241.5 240.75 240 240.25 243 243.25 243.25
181 201.75 178.75 224.75 218 253.5 206.25 217.25 279 450.25 496.5 446.5 374.5 425.5 421.75 284.25 426.5 357.75 442.5 374.25 380 346.25 371.5 326.25 246.25 201.75 405 331.5 664 287.75 951.5 601.5 560.75 494 285.75 575.25 407.75 382.5 363.75 362 349.5 344.25 345 357.25 339.75 312.75 289.75 280.5 275.5 271 263 261.25 256.5 258.5 260 263.75 268.5 260.75 257.25 256 253 241.75 236.5 231.5 232.25 232 236 237 238.25 237 234.5 235.5 237.25 237.75 238 239.25 239 239.75
206 239.75 224.25 225.75 224.5 253.75 218.75 210 250.75 459 296 281.75 455.5 365 466.75 322 398.75 402.75 292 386.75 430 405.75 353.25 357 374.25 246.75 199.25 375 423.75 624 817.5 1048.25 403.75 386.75 254.25 533.5 426.5 381.25 352.5 336.5 324.75 327.75 333.5 346.25 325.5 306.25 286.75 278.5 274 270.75 262.75 259.25 252.5 254.25 258.5 261.5 280.25 263.5 257.25 255 253.5 240 229.75 227.25 230 231 233 234 235.25 234.75 229.25 229.5 231.5 233 234.75 234.25 233.25 234
216.75 228.5 221 198.5 208.75 214.75 226.75 185.75 252.5 245 229 435 457 389 489 327 378.75 252.25 312.5 442.75 346.25 387 388.75 353 470.5 369.5 229.5 270.75 302.5 626 381.25 754 765.5 420.5 315.25 501 367.75 317.25 319.5 330 309.75 306.5 315 321.25 305.5 298.25 281.75 274.5 269.5 266.5 264 261 256.75 256.25 255 257 268.25 261.75 254.5 250.5 246 236 228 227.5 229 229.5 228 230.5 230.75 228.5 225 224.25 226.25 227.5 228 228.5 226.25 226.25
185.5 192.75 228 263.25 222.25 203 194.25 209 260.25 360.5 311.25 489.5 376.5 492.25 471 336 235.25 361.25 351.5 326.25 452 309.25 379.75 444 372.75 404 266.75 204 516.5 254.5 716.25 805 764.75 579.25 379.5 340.75 353 396.75 338.25 325.25 317 302.5 309.5 303.75 298 288.75 277.5 271.75 268.25 266.5 261 260 258.75 259.5 258.25 255.25 254.5 250.75 246.25 241 239 230.25 228 227 225.5 226.5 225.75 228 226.5 222.25 220 219.75 219 218.75 222 222.5 220.25 217.75
170.25 210.75 263.25 258.5 209.75 181.25 217.25 303.75 267.75 253.5 381.75 347.25 436.5 450.75 469.5 313 373.25 459.25 418.25 384.75 452 355.75 406.5 373.5 413 450 478.75 296.5 327.75 363.5 652.5 604.75 690.75 435 377.75 350 372.25 403.25 349.75 354.25 329.75 310.75 305 286.25 292.75 283.5 273.5 267.5 266.25 266 264.5 262 262 264 264.75 254.75 244.5 242.5 234.25 228.5 224.5 222.5 221 220.5 219.5 222.25 218.75 223.5 222.25 219.25 218 216.5 214.5 213.25 217.5 218 215.5 213
179.75 217 236.25 226.5 153.5 166.75 262 248.75 254.75 284.5 370.75 282 310.5 431.75 355.75 251 381.5 410 413.25 273.5 434.25 415 408.25 456.75 377 444 477 238.5 185.75 476 344 726 767 520.75 436.25 331 459.25 356.75 379.75 368 341.25 322.5 304 281.25 285.75 279.75 270.5 265.5 265 265.25 260.75 257.75 258.5 257 256 250.5 243 235 224 220 216.75 216 214 211 215.5 216 217.75 219 218.5 216 213.75 212.25 210.75 210 214 216 215.25 212.5
186.25 210.25 226 187 194.5 254.5 267.25 226.5 258.75 252.5 242.75 306.75 338.25 361.75 276.25 259.75 464.75 527.5 462 418.25 288.75 448 245 398.75 483 407.75 329.5 307 185 296.75 216.25 443.75 547.75 774.75 705.5 305 372 375.5 379 353.75 357.5 328.25 308 286.5 283.25 273.5 267.25 262.75 260 256.75 250.5 251.5 253.75 254.5 251.25 245.75 236.5 227 218.75 214.5 214 213 210.5 207 210.5 212 216 220 221.5 210.75 203.75 208 210 209.25 212 215.5 214 213
219 212.75 198.25 190.25 171.5 304.25 291.5 288.25 282.75 323 286.25 328 391 396.5 281 272.25 329.75 330.75 407.5 411.75 329.75 303.75 311.75 495.75 418.5 464.5 518.25 450.5 202.25 279.25 341.75 418.75 325.75 565.75 552 311.5 371.25 452.75 423.75 353.75 357 333.5 325.5 292.75 279.75 268 261.5 258 254.25 247.75 244.5 250.5 251.5 250 247.5 240 229.25 220.75 216.5 214 213 212 208.75 207 208 209.25 216 220.75 223.75 206.25 198.75 207 209 209 212 213.75 214 212.25
183.25 201.75 187.5 147.75 174.25 312 301.5 406.25 381.75 322.25 313 359.5 398 297.75 270 300.25 294 329.25 400.25 456.25 478.75 267.5 331.25 354.75 388.25 402.25 310 447.25 226.75 206.5 481 225.75 463.75 639 810.75 366.75 515.25 399.5 373.5 347 363.5 331.75 318.25 287 277 271.75 263.25 255.5 252.25 250 247.25 250 249.5 249.5 243.75 235.5 225.5 219.5 215.75 213.5 213 208.75 205.25 203.75 202 205 207.75 216.25 215.25 207.75 205 203.5 206.75 206 213 215.5 213.25 211.5
175 159 136.25 144 233.25 292.5 270.75 458 406.25 257.75 347.25 318 323 276.25 266.25 338 366 332.5 345.75 420.75 353.25 268 307.5 385.5 367.75 344.75 396 413.25 266.75 170.5 427.25 206 450.25 787.5 635.5 482.75 462.25 463 402.5 361 340 329 304.25 279 274 269.5 263 257.5 265.5 261.5 254.25 252.75 250.75 248 240.25 228.75 220.25 217.5 216.25 213.25 210.5 207 200 196.25 192.75 194.25 200.75 206.75 207 208 204.5 195.25 203.5 209.5 216.75 217 214.5 211.75
180 151.75 217.25 239.5 266.25 274 312.5 354.25 296.75 318.5 339.75 341.25 289.25 271.25 259 304.25 373.75 332.5 336.5 394 427.75 260.75 433 414 403.75 353 343.25 299.75 247.75 163 329.5 281.75 554 459.25 635.5 614 434.5 364 422.75 344 335.25 312.25 295.5 279.5 272.25 267 261 256 267.75 266.5 258.5 256.25 253 246.5 238.25 228 221 219.75 219 215.75 207.75 202.75 197.5 189.75 187.5 190 195.5 202 205.25 208 208.75 196 202.75 214.5 222.5 221 216 214.75
149.75 129.25 262 301.75 275 247.75 300.75 284.5 253.5 320.25 324.5 333 258.75 323.5 285 353.75 401.25 405.25 303.5 403.75 378 309 297 382 356.75 313 242.5 229.25 312 181.75 207.75 457.75 301.25 354.5 652.75 438.25 436.5 405 348 364.5 336.5 319.75 299.25 280 273.25 265.75 261.75 264 265 261.75 257.25 258 254 245.5 233.5 226.5 222 221.5 219.5 217 209 202.25 189 185 188 191.75 196.5 201 205 208.75 208.75 206 209.75 218.5 224 221.75 218.25 213.75
156.75 132 262 307 246.25 238 250 254 285.75 334.5 330 289.25 231.5 349.5 364.5 375.75 326 258.25 384.75 453.25 395.25 246.25 410.25 354.75 353.5 278.5 307 249.5 259.5 176 198.5 384.5 295 266 464.75 269.75 343 387.75 353.5 362 347.5 317.25 309.25 283.5 271.75 267 264.5 267.25 266.75 259.25 255.5 255 249 241 230.25 226.5 223.75 225 220 216.5 208 201.5 193 192.5 194 197.5 198.25 201.75 203.75 208 207.5 208 210.75 215.5 219 219 217.5 215
177.25 136.5 246.5 264.75 230.5 241.5 252.25 249.5 338.75 263.25 262.75 253.5 249.25 307 342.25 345.75 311.75 316.5 361 377.5 406 236.5 385.25 364.25 326.75 314.75 294 298 252.25 179.5 214 275.5 324 505 347.25 260.75 376 387.5 416.75 371.75 355.75 313.75 333.75 301.5 271.5 265 262.25 264.75 261.75 257.75 253.5 249.75 240.5 234.25 227.75 225 225 223.75 219.75 215 210.5 203 199 197.5 197.5 197.5 199 201 203 205 208 209 211.75 215 217 215.5 216.5 216
173.25 149.25 270 273.25 233 260.25 222.5 344.75 245.5 267.75 214.25 233.5 268.75 297.75 305.25 268 241.75 307 355.5 428.5 332.5 251 381.25 341.75 314.5 298.5 336.5 339 227.25 176.25 361.75 327.25 378.25 471.75 396 264.5 329.25 388.75 411.75 386.25 316 298.5 289.75 278.25 267.5 261 257.25 257.25 251 251.5 248 244.75 233.75 228.75 224.75 224.75 227 223.25 219 214.25 209.5 203 199.75 199 200 200 199 201.75 203.75 206.75 208.5 209 210 212 211.75 211.75 214 217
160.5 147.25 235 284.25 185.5 251.25 229.75 315.5 220.5 212.25 278.75 231.5 283 325.75 276.75 244.25 321.25 384 354.25 373.75 278.25 257 304.25 327.25 265 324.25 358.25 307.25 221.75 176.25 469.75 342.75 300 308.5 383.25 261.5 357.75 337.75 325.5 353.5 304.75 310.25 300 277.75 260.75 259.25 253.75 245 242 245 245 239.25 229.5 223.5 220.5 221.5 222.5 220.75 217 212.5 206.25 201.5 198 199 200 199.25 200.5 203.5 205.75 207.25 207.25 209 209.25 209.75 208.5 208 211 215.75
146 165.75 229.25 237.25 204.25 209 235.75 245 205.75 232.25 299.5 243 253.75 300.5 327 245.75 302 326.25 340.75 327.75 317 258.25 374 266.75 254.75 330.25 290.75 223.75 187.75 197.5 404.75 377.75 321 248.5 336.25 229 325.5 300.5 298.75 307.25 301.5 312.75 276.5 269.75 257 259.25 254 247.75 244 247.25 244.5 237.25 227.25 218.75 214.5 213.5 216.75 216.5 214 210 204.75 198.5 193 197 199 201 203 206 208.25 207.5 207 208.25 209 209 207 203.5 209 214
135 168 216.75 213 193.75 192 230 251.5 208.25 227.25 283.75 275.25 257.75 286.75 245.25 260 334.25 313 394 405.5 397.5 327.5 334.75 318.25 255.75 231.25 216.75 187.75 183.25 181.75 391.5 451.25 289.25 377.75 327.75 275.5 286 319.75 293.25 302.75 295.5 331.25 287.25 265.5 258.25 259 257 252.5 250 250.5 243.75 235 225 217.25 209.5 208 211 213.5 212.5 209 204.5 199.5 196.5 200 202.25 203 203.75 206 207 207.75 205.75 202.5 204.5 208 208 204.75 209.5 213.75
154.25 153.5 182.75 181.75 168.75 206.25 208 220.25 194.75 237.5 301.25 288 279.25 290.25 238 300.25 343.75 328.5 416 426.75 384.5 298.25 345.25 284.25 265.5 302.25 236.5 217.25 189 181 401.75 407 313.5 313 292 242 315.25 342.5 354.25 298.25 281.5 322.5 301.25 274.25 260 261.25 257.5 255.75 253 248.5 243.25 235.75 225 217.5 210 209 212.5 213 212.25 209.5 206.25 203.25 203.25 204.75 205.75 205 205 206 205.25 205 203 200 201 207 208.25 209 211 215
143.5 153.25 178.75 187.5 187 183 195.25 226.25 200 234 222.75 284 299.5 277 254 311.75 365.25 321.25 425 466.25 402.25 308.5 331.5 257.75 290.25 264.75 247.5 211.75 212.25 211.25 206.75 327 392 410.75 364.75 273 325 267 307.5 296.25 261.75 300.5 278 283.75 261 259.25 257 254.75 250.25 246.75 242 234.25 226.5 218.75 214.25 212 212.5 213 212 210 209.5 207.75 206 207 207 206 205.75 206 206 204.5 204.75 202.5 205.25 211 214.25 212.5 214 217.25
140 166.5 174.5 176 187 175.5 229.5 194.5 196.75 231 246.75 270.25 295.75 222.25 266.75 368 379 437.25 525.25 531.75 608.75 202 361.5 257.5 295.5 266.5 273.75 211.5 266 268.75 201.25 249 370.75 380.75 383.75 347.25 306.25 327 260.75 269.5 273 282.75 277.25 269.25 265.5 262.25 258.5 256.25 247.5 242 243 237 228 220.5 216 216 214 213 212.75 210.75 211 211.5 210 207.25 206 206 207.5 206 206 206.75 208 211.75 215.75 219.75 220.75 219.25 217.75 220.75
125.5 154.75 189.5 180.5 174 181.25 177 214.25 250 217.75 240.75 246.5 236 265.75 285.25 302.25 298.75 446.25 574.75 536 366.25 194.25 330.75 245.75 290.25 287.5 258.75 240 269.75 276.75 264.25 223.5 437.5 324.5 415.5 366.75 378.75 309 302.5 309.75 304 303.75 289.25 283.25 284.5 266.25 260.5 259.25 248.5 247 245 240.75 232.5 224 218 216.25 215.5 212.75 212.5 212 213 210.75 207.75 207 210.25 211 211.25 211 210.75 208.5 211.5 216.25 221.25 224.75 224 222.25 220 221
148.75 155.75 171.75 180.25 188.5 180 178.25 233 218.5 185.75 239.75 224.75 197.75 287.5 310.25 366 339 408.5 468.25 448.25 333.5 193.25 235 309 258.75 272 274 293 268 245.25 281 203 249 425.25 422.5 378.5 358.25 373 346.75 329 323.75 318 302 297.5 286 265.5 270.25 261.5 250.25 246.5 246.75 243.5 237.5 229.25 222.5 218.5 217 214 212.75 211.25 213 210 207.5 212.25 214.25 220.25 218 219.5 217.25 215.5 216.25 218.75 223.5 228.75 226.75 225.5 223 226.5
156.75 178 161.75 187.5 179.5 185 221.25 247 198 193 194.25 238 267 248.5 458.25 271.25 366.75 465 386.75 467.25 298.25 194.5 218 347.5 247.25 260.25 293 250.75 224.5 237.75 239.75 194 349 380 457.25 401 320.5 369 349 422.75 370.25 341.5 324.5 300.5 288.75 275 272.5 263.5 252.25 246 245 243 239.25 233.5 226.5 221 215 213.5 211 211.25 210.75 208.5 209 214.5 222.25 223 228.5 246.25 248 227 229.5 222 223.5 229.25 234.5 241.5 242 245.25
154.5 187.5 176.5 169.5 173.25 183.5 223.75 227.25 191.5 185.5 176.75 244.5 380.75 289.25 309 326.5 335.5 390.75 333.5 643 496.75 295.25 189.5 234.5 263.75 322.75 254.25 247.25 243 264.5 268.75 184.5 323 352.5 475 420.25 368 414 439.25 565.25 402.5 359.25 330 314.5 294.5 286 277.25 267.25 256.25 254 249.25 245.25 240 233.5 226.25 222 218 213.75 211 210.25 210 209.75 207.5 211.25 216.75 219 230 251.5 255.5 250.25 247.75 228 235.75 241 244.25 257.5 261.75 257.25
156.25 174 173.5 189.5 167.75 202 217.25 196.25 191.5 161.75 195.25 299.75 299 319.75 259.5 367.25 348.75 305 323 639.75 598.25 315.5 177 309.75 294.5 337.5 227 224 258.5 331.25 252 167.5 272.25 483.5 463.75 437.5 288 593.75 614.75 583.5 585 361.5 350.25 340.5 311.75 294.5 290 289 269 277 262 249 239 233.5 227.5 222.5 216.5 214.5 212 212 210.75 209 208 208.5 214 215.25 220.25 221 224.75 231.5 218.75 222.5 221.5 230 238.75 249.5 261.5 257.25
140.5 147.25 163 168.25 135.5 218.25 197 178.5 124.25 220.5 188.5 208.25 283.25 270.5 253.25 255.75 260.75 244.5 213.5 353 338.75 355.25 191.75 286.75 307.25 299.5 250.5 244.25 332.75 299 262.25 171.25 247.25 436.75 418.75 433.5 257 320.75 674.25 599 469 401.75 373.5 345.5 312.5 307.25 295.5 284.75 273.5 266.25 264.75 256.75 242.75 236 229.5 222.25 217.25 213.75 212 211.75 212 209.75 207.5 204.5 207.25 212 210.5 205.75 204.5 207 204 206.75 203.25 210.75 219 231.75 225 233.75
103.25 142.75 115 158.75 153.75 200.25 198.5 143 105.5 199.5 179.75 208.75 246 315 235 245 251.25 208 203.75 504.75 438 246.75 189.75 234 199.75 337.25 314.5 278.5 303.5 246.75 225 256.5 206.75 416.75 459.75 446.5 272.25 378.25 728.75 649.5 373.25 476.5 418 321.5 288.75 297.75 286 270 262 259.75 249.25 244.75 241.5 241.25 236 224.5 213.75 208.5 209 213.5 213.25 210.25 205.5 203 206 206 204 199.5 194.5 194.5 196.25 197.5 196 200.25 207.75 216 228.25 219.75
93 104.5 107.5 135 119.75 184.25 151 128.5 110 189 147.25 234.5 238.75 307.25 223.25 276.5 275.75 238 216 338.75 267.75 207.5 324.5 353.25 197.5 215.25 267.25 314 249.5 210.25 292.25 269 232 380.25 475.75 475 275.75 255.25 407 637.25 593.75 471.75 467.5 326.25 287.25 286.25 273.25 264.75 261 254.75 247.25 246.5 247 245 245.25 231.5 215.5 207.25 210.25 217.5 217.25 212.5 207.5 205 205.25 205.25 199.75 192.75 187 188 191.75 194 189.5 191.25 204.5 214.25 220.75 213.5
99.75 97.25 107.75 135 139.75 154.25 165 133.5 148.25 161.25 158.25 175.25 231 236.25 173.5 251 238.5 213.5 234 291 233 238.25 445.5 407.25 250.75 291.75 369 216.75 262.5 217.75 262.5 270 246.75 262.75 463.75 460.5 406.75 204.75 355.5 440.25 592 479.25 362.5 302.25 321.25 299 280.25 269 259 253.75 248.5 251 242.5 246 252.25 239.25 224 223.5 231.5 239.5 232.75 220.75 212.5 206.75 201.5 202.25 199.25 193.5 186.75 186 189.75 190 185.75 196 215 221.5 217 210.5
94.75 94.25 113.5 103.5 113.75 129.25 124.25 117.25 147.5 160 149.5 182.75 218.25 213.5 177.5 226.75 234.5 222.5 263.5 287.5 230.25 242.25 370.75 458 232.25 201.75 336.75 194.25 231 196.5 200.5 236 241 276.25 246 399.25 374.75 268.25 270.25 373.75 474.25 718.25 521.25 290.75 324.25 294.5 274.75 266.75 256.75 244.75 238.5 243.5 243.25 243 243 225.5 223.75 317.5 241.75 247.5 249 226.5 217.25 205.25 196.25 199 197 194.25 190.75 190.25 191 191.5 189.5 199.5 222.75 229 223.25 213
