Env_Vars/Set_1/100kmsq_propgrass_final.asc.asc
ncols         290
nrows         380
xllcorner     -2197417.7431653
yllcorner     -584827.01486885
cellsize      10000
NODATA_value  -9999
[rows 297 to 329 of 380, columns 74 to 147 of 290]
0.316875 0.789375 0.848125 0.865 0.319375 0.033125 0.00625 0 0 0.00375 0.01125 0.071875 0.3425 0.2875 0.2075 0.129375 0.31375 0.218125 0.194375 0.56 0.954375 0.945 0.676875 0.516875 0.041875 0 0 0.015625 0.025 0.055625 0.00625 0 0 0.045625 0.159375 0.26625 0.243125 0.933125 0.44625 0.01375 0.01625 0.018125 0.128125 0.259375 0.005 0.000625 0.015625 0.496875 0.629375 0.205 0.006875 0.0625 0.106875 0.030625 0.560625 0.93 0.248125 0.605 0.01625 0.303125 0.983125 0.874375 0.28375 0.2675 0.20875 0 0 0.02 0.10125 0.24625 0.826875 0.995 0.345 0.073125
0.69125 0.84875 0.42625 0.14 0.0175 0 0 0.025 0.004375 0 0.01125 0.02 0.0325 0.044375 0 0.07625 0.13875 0.18625 0.02375 0.214375 0.741875 0.88625 0.658125 0.244375 0.005625 0 0 0.011875 0.025 0.01875 0.013125 0.000625 0.006875 0.07375 0.236875 0.295625 0.171875 0.871875 0.2275 0.013125 0.0075 0.02875 0.49375 0.593125 0.0025 0.0225 0.0875 0.788125 0.923125 0.06375 0 0.01625 0.001875 0.09 0.005 0.209375 0.813125 0.55125 0.289375 0.043125 0.914375 0.99375 0.75125 0.54875 0.69625 0.320625 0.2425 0.284375 0.355 0.7075 0.905625 1 0.839375 0.255625
0.475 0.556875 0.190625 0.003125 0.021875 0.01625 0.00875 0.401875 0.21125 0.03 0.074375 0 0.025625 0.1075 0.068125 0.004375 0.170625 0.24875 0.175 0.1925 0.35875 0.291875 0.06125 0.005 0 0 0 0 0.004375 0 0 0 0.010625 0.03625 0.230625 0.241875 0.24125 0.380625 0.06125 0.02 0 0.146875 0.435 0.3475 0 0.00375 0.285 0.995 0.7575 0.008125 0 0 0.048125 0.181875 0.006875 0.05375 0.601875 0.358125 0.4525 0.046875 0.36875 0.98625 0.80125 0.04625 0.195 0.38875 0.995625 0.95875 0.98125 0.99 1 1 1 0.9875
0.239375 0.164375 0.030625 0.001875 0.00875 0.02375 0.7975 0.42 0.151875 0.14625 0.585 0.175 0.05375 0.321875 0.503125 0.189375 0.129375 0.0975 0.148125 0.150625 0.26375 0.003125 0 0 0 0 0.024375 0 0 0.083125 0.029375 0.011875 0.001875 0.19375 0.233125 0.151875 0.359375 0.06625 0.03625 0.1475 0.028125 0 0.178125 0.00625 0.0075 0.158125 0.323125 0.8225 0.315 0.000625 0.02875 0.005 0.329375 0.0525 0.003125 0.128125 0.355625 0.761875 0.8475 0.175625 0.135 0.845625 0.78125 0.289375 0.78375 0.840625 0.95625 0.98125 1 1 1 1 1 1
0.000625 0 0 0.003125 0.006875 0.370625 0.965625 0.080625 0 0 0.49125 0.6825 0.5425 0.458125 0.615625 0.213125 0.054375 0.03375 0.160625 0.2175 0.14625 0 0 0 0 0 0.014375 0 0 0 0 0.00875 0.008125 0.073125 0.336875 0.229375 0.34375 0.235625 0.02125 0.02 0 0.0125 0.0975 0.13 0.19625 0.14375 0.338125 0.3425 0.005625 0 0.114375 0 0.191875 0.325625 0.073125 0.12875 0.675625 0.875625 0.64875 0.1625 0.178125 0.745625 0.855625 0.77625 0.376875 0.721875 0.910625 0.919375 0.999375 1 0.99625 0.975625 0.996875 0.995
0.00375 0.00375 0.15125 0.02125 0.09 0.58375 0.985 0.568125 0 0.00375 0.0325 0.6125 0.53625 0.25125 0.331875 0.08625 0.00125 0.23125 0.069375 0.25 0.015 0 0.020625 0.018125 0.03 0 0.004375 0.0025 0 0.003125 0.009375 0.003125 0 0.17625 0.168125 0.10125 0.0125 0.3075 0.219375 0.000625 0.046875 0.1325 0.1375 0.020625 0.124375 0.146875 0.053125 0.285 0.20125 0.096875 0.07875 0.026875 0.176875 0.60875 0.73125 0.5325 0.964375 0.90125 0.771875 0.199375 0.2175 0.335 0.83375 0.59 0.22625 0.01375 0.204375 0.93125 0.979375 1 1 0.99875 0.98125 0.918125
0.005 0.01625 0.018125 0.00375 0 0.2175 0.84375 0.405625 0 0 0.011875 0.253125 0.81625 0.374375 0.35625 0.0775 0.14875 0.06375 0.035 0.11875 0.009375 0 0.020625 0.05125 0.06375 0 0 0 0.011875 0.029375 0.043125 0.055625 0 0 0 0.013125 0.03 0.094375 0.0725 0.258125 0.1625 0.004375 0.244375 0.335 0.163125 0.01 0.009375 0.329375 0.678125 0.23125 0 0.05 0.523125 0.520625 0.654375 0.903125 0.80375 0.640625 0.54625 0.474375 0.371875 0.15875 0.420625 0.555625 0.52 0.020625 0.06875 0.94625 0.939375 0.9675 0.95375 1 0.945 0.98375
0.001875 0.005625 0.025625 0 0 0.16125 0.3525 0.279375 0 0.006875 0.061875 0.06 0.144375 0.124375 0.079375 0.088125 0.065625 0.0625 0.171875 0.07125 0.0825 0.09125 0.05375 0.064375 0.05625 0 0.00375 0 0.06 0.024375 0.1375 0.085 0.065625 0.020625 0.04125 0.02625 0.07875 0.01 0.009375 0.081875 0.479375 0.885625 0.5075 0.018125 0.01 0.290625 0.030625 0.63125 0.11125 0.051875 0.049375 0.735625 0.66875 0.50625 0.7775 0.760625 0.849375 0.816875 0.4425 0.911875 0.098125 0.113125 0.455625 0.561875 0.555 0.10625 0.1725 0.543125 1 1 0.908125 0.986875 1 1
0 0 0 0 0.141875 0.793125 0.2925 0.0325 0 0.068125 0.153125 0.045 0.000625 0 0.003125 0.01125 0.051875 0.105 0.153125 0.00875 0.009375 0.02875 0.078125 0.00625 0.040625 0.04625 0.075 0.05875 0.13375 0.0175 0.045625 0.181875 0.11125 0 0.009375 0.003125 0.0475 0 0.006875 0.139375 0.911875 0.80625 0.0875 0 0.020625 0.05625 0.18 0.411875 0.043125 0.03125 0.328125 0.933125 0.809375 0.47875 0.4875 0.8575 0.826875 0.961875 0.86375 0.986875 0.304375 0.405 0.31875 0.6825 0.548125 0.025625 0.14375 0.555625 0.969375 0.960625 0.990625 1 1 0.99625
0 0 0.103125 0.075 0.32125 0.95875 0.299375 0.13 0.02 0.014375 0.071875 0.058125 0.00625 0 0.0625 0.050625 0.04 0.021875 0.010625 0.034375 0.034375 0.0525 0.0875 0.00625 0.01 0.05375 0.13125 0.199375 0.01625 0.00625 0.051875 0.035 0.055 0.03625 0.005 0.008125 0.00625 0.011875 0 0.279375 0.97625 0.809375 0.003125 0 0.070625 0.084375 0.16 0.465 0.220625 0.12875 0.8625 0.661875 0.11 0.5275 0.78625 0.96625 0.995 0.99 0.925 0.985625 0.455625 0.01625 0.17375 0.64875 0.751875 0.301875 0.56625 0.940625 0.993125 0.910625 0.69625 0.905 1 1
0.001875 0 0.0125 0.006875 0.219375 0.96 0.53875 0.31625 0.129375 0.00125 0.01375 0.00375 0.004375 0.00625 0.065625 0.009375 0 0.000625 0.02 0.10625 0.16375 0.158125 0.02875 0.040625 0.08375 0.09375 0.088125 0.06875 0.031875 0.035 0.135625 0.119375 0.043125 0.0375 0.021875 0.013125 0.134375 0.150625 0.16875 0.09625 0.924375 0.636875 0.009375 0.00375 0.1675 0.095 0.208125 0.448125 0.80625 0.778125 0.93375 0.131875 0.023125 0.609375 0.954375 0.971875 1 0.991875 0.92125 0.899375 0.34875 0.0325 0.11875 0.84875 0.955 0.928125 1 0.87375 0.804375 0.568125 0.381875 0.5425 0.953125 0.995625
0.00375 0 0.0025 0.00875 0.025 0.505625 0.51875 0.279375 0.545 0.29875 0.106875 0.4575 0.1575 0.0225 0.015625 0.036875 0 0.01 0.24125 0.03 0.095625 0.26875 0.02 0.093125 0.07125 0.124375 0.10125 0.054375 0.05 0.17875 0.1575 0.2175 0.17 0.1875 0.070625 0 0.021875 0.490625 0.128125 0.035 0.81125 0.483125 0.04375 0.051875 0.16625 0.043125 0.449375 0.499375 0.979375 0.965 0.719375 0.059375 0.14375 0.11875 0.903125 0.865 0.889375 0.97375 0.9375 0.85625 0.460625 0.116875 0.355 0.910625 0.951875 0.91875 0.791875 0.59375 0.895625 0.60875 0.336875 0.5325 0.8225 0.9725
0.003125 0.004375 0.018125 0.095 0.015 0.203125 0.155 0.17 0.1275 0.16875 0.36375 0.195625 0.095625 0.016875 0.003125 0.00875 0 0.01 0.32 0 0.116875 0.1125 0 0.004375 0.12875 0.07875 0.14625 0.198125 0.111875 0.1325 0.095 0.340625 0.193125 0.099375 0.090625 0.07875 0.010625 0.6925 0.299375 0.0925 0.433125 0.828125 0.430625 0.420625 0.07 0.044375 0.61875 0.849375 0.973125 0.929375 0.993125 0.14875 0.048125 0.28125 0.983125 0.24875 0.541875 0.474375 0.704375 0.311875 0.040625 0.019375 0.255625 0.399375 0.3625 0.3125 0.7475 0.359375 0.22625 0.020625 0.193125 0.35125 0.160625 0.2575
0.003125 0 0.06625 0.035625 0 0.041875 0.135 0.086875 0.05125 0.02125 0.056875 0.079375 0.035 0.039375 0.003125 0.05125 0.19375 0 0.00375 0.2525 0.015 0.10125 0 0.000625 0.0025 0.035 0.1125 0.019375 0.03 0.265 0.111875 0.2 0.185 0.179375 0.02125 0.006875 0.179375 0.69 0.504375 0.2175 0.03375 0.475 0.125 0.59875 0.251875 0.184375 0.8575 0.995625 0.939375 0.698125 0.416875 0.496875 0.075 0.343125 0.76875 0.210625 0.030625 0.0925 0.0125 0 0 0.04125 0.60875 0.560625 0.070625 0.12 0.386875 0.166875 0.00375 0.189375 0.694375 0.976875 0.58125 0.285
0 0.02125 0.2975 0.3025 0.085625 0.155625 0.03375 0.049375 0.204375 0.045625 0.08375 0.144375 0.01 0.06625 0.09625 0.04875 0.41125 0.00125 0.020625 0.55 0.015 0.021875 0.01625 0.06875 0.005 0.064375 0.095625 0.01375 0.230625 0.1675 0.255 0.078125 0.0025 0.024375 0 0.040625 0.23 0.369375 0.688125 0.140625 0.028125 0.005625 0.314375 0.64625 0.285 0.52 0.8225 0.913125 0.7525 0.121875 0.139375 0.453125 0.159375 0.685625 0.985625 0.215 0.16125 0.16625 0.001875 0.010625 0.004375 0.293125 0.971875 0.200625 0.16625 0.21125 0.04375 0.085 0.23875 0.234375 0.57 0.995625 0.93 0.513125
0.0025 0.020625 0.04375 0.003125 0.008125 0.155 0.076875 0.18875 0.049375 0.08625 0.16 0.025 0 0.05 0.37375 0.178125 0.229375 0.010625 0.004375 0.363125 0.02125 0.095 0.12 0.056875 0.003125 0.086875 0.085625 0.051875 0.070625 0.158125 0.096875 0.209375 0.09625 0.011875 0.0075 0.005625 0.051875 0.034375 0.469375 0.18125 0.033125 0.39375 0.751875 0.3775 0.309375 0.648125 0.94875 0.703125 0.528125 0.28625 0.649375 0.149375 0.136875 0.743125 0.963125 0.166875 0.0675 0.035 0.0275 0.04625 0.221875 0.744375 0.35875 0.051875 0.134375 0.10125 0.054375 0.026875 0.246875 0.42875 0.821875 0.95 1 0.93125
0.01625 0.0725 0.005625 0.19 0.15375 0.086875 0.041875 0.190625 0.239375 0.198125 0.015625 0.006875 0.09375 0.4125 0.6725 0.72375 0.344375 0 0.008125 0.14625 0.000625 0.003125 0.049375 0.021875 0.065 0.289375 0.158125 0.099375 0.084375 0.056875 0.27 0.0325 0.02375 0.033125 0.051875 0.005625 0.04 0.036875 0.383125 0.135 0.048125 0.566875 0.4975 0.629375 0.61125 0.396875 0.339375 0.70625 0.4 0.56 0.983125 0.32625 0.1175 0.469375 0.99875 0.161875 0.055625 0.00875 0.010625 0.07125 0.2825 0.11375 0.12 0 0.01875 0.003125 0.39 0.37875 0.275625 0.20125 0.423125 0.995 1 0.9975
0 0.00625 0.005625 0 0.00375 0.14125 0.131875 0.125625 0.115625 0.13375 0.34 0.255625 0.691875 0.231875 0.755625 0.835 0.109375 0.004375 0.0225 0.293125 0.003125 0.005 0.013125 0 0.009375 0.115 0.035625 0.103125 0.044375 0.010625 0.155 0.011875 0.043125 0.00875 0 0.043125 0.173125 0.10625 0.508125 0.181875 0.046875 0.469375 0.14625 0.504375 0.5375 0.529375 0.345 0.46625 0.863125 0.86125 0.86 0.21375 0.071875 0.26625 0.8775 0.27625 0.023125 0.021875 0.02 0.109375 0.076875 0.049375 0.02125 0.026875 0.10875 0.05625 0.310625 0.314375 0.50625 0.260625 0.138125 0.460625 0.83625 0.9825
0 0 0 0.00625 0.01625 0 0.04625 0.63875 0.554375 0.398125 0.750625 0.791875 0.61875 0.3175 0.245 0.26375 0.025625 0 0.055625 0.290625 0 0.019375 0.01375 0.033125 0.0175 0.0325 0.01375 0.04375 0.074375 0.07875 0.0325 0.095625 0.000625 0.016875 0.095625 0.105625 0.30625 0.07125 0.2825 0.496875 0.07 0.113125 0.128125 0.47625 0.22125 0.653125 0.291875 0.384375 0.690625 0.645 0.3725 0.123125 0.2775 0.164375 0.629375 0.3325 0.0625 0.0175 0.0325 0.0275 0.05875 0.233125 0.065 0.036875 0.073125 0.04125 0.088125 0.3975 0.6075 0.4025 0.4575 0.249375 0.17125 0.83375
0.01 0.009375 0 0.00375 0.021875 0.00125 0.12375 0.754375 0.953125 0.605 0.629375 0.8825 0.75375 0.420625 0.49375 0.25625 0.149375 0.005 0.074375 0.1025 0 0.026875 0.008125 0.015625 0.05125 0.029375 0.095 0.149375 0.25 0.156875 0.02625 0.099375 0.00375 0.220625 0.01 0.500625 0.168125 0.27375 0.196875 0.569375 0.439375 0.069375 0.133125 0.174375 0.195 0.85375 0.523125 0.55125 0.3325 0.26125 0.128125 0.149375 0.265625 0.08125 0.118125 0.315625 0.01875 0.209375 0.03625 0.1075 0.188125 0.0525 0.06125 0.11 0.01625 0.05875 0.065625 0.1025 0.1875 0.409375 0.51625 0.288125 0.039375 0.28875
0.06625 0.065625 0 0.009375 0.079375 0.2025 0.15125 0.365625 0.82 0.66875 0.881875 0.77375 0.55875 0.79 0.24 0.105 0.36375 0.065625 0 0 0.00625 0.009375 0 0 0.06125 0.035625 0.0275 0.088125 0.080625 0.141875 0.029375 0.0525 0.02375 0.499375 0.011875 0.16625 0.298125 0.294375 0.475 0.188125 0.476875 0.261875 0.209375 0.095 0.199375 0.5975 0.83375 0.3975 0.285625 0.263125 0.248125 0.198125 0.17 0.101875 0.105 0.2525 0.01 0.023125 0.003125 0.25 0.205625 0.01625 0.09125 0.073125 0.198125 0.07625 0.021875 0.055 0.004375 0.0375 0.456875 0.539375 0.196875 0.1875
0.029375 0.039375 0 0 0.01625 0.28875 0.211875 0.8175 0.790625 0.9025 0.744375 0.763125 0.87875 0.98 0.418125 0.1025 0.15625 0.02125 0.02 0.02625 0.015625 0 0 0.036875 0.059375 0.11 0.054375 0.000625 0.048125 0.029375 0.02125 0.063125 0.084375 0.06 0.043125 0.115625 0.27875 0.13 0.284375 0.103125 0.17375 0.17375 0.14 0.16125 0.1525 0.23 0.5125 0.393125 0.0975 0.359375 0.370625 0.286875 0.300625 0.303125 0.148125 0.200625 0.1 0.029375 0.03875 0.033125 0.1525 0.003125 0.085 0.038125 0.025625 0.10125 0.03375 0.04 0.075 0.021875 0.025 0.108125 0.095 0.196875
0.016875 0.161875 0.01375 0 0.046875 0.32375 0.24125 0.704375 0.76 0.86875 0.916875 0.929375 0.9875 0.991875 0.7625 0.293125 0.550625 0.185 0.111875 0.0875 0.11 0.063125 0.0425 0.03875 0.0575 0.231875 0.123125 0.04 0.015 0.01375 0.00875 0.0775 0.033125 0.010625 0.050625 0.1425 0.0475 0.213125 0.185 0.028125 0.181875 0.088125 0.223125 0.17875 0.18 0.2 0.316875 0.1875 0.19375 0.073125 0.115 0.098125 0.22625 0.156875 0.116875 0.035625 0.025 0.00125 0.035625 0.01375 0.016875 0 0.0425 0.0025 0.003125 0.143125 0.019375 0.03125 0.013125 0.00875 0.008125 0.071875 0.230625 0.035625
0 0 0 0 0.00875 0.026875 0.015625 0.134375 0.639375 0.94625 0.900625 0.95375 0.983125 0.993125 0.804375 0.5625 0.618125 0.236875 0.0075 0.000625 0.004375 0.010625 0.05375 0.025625 0.1425 0.160625 0.225 0.009375 0.0825 0.125 0.03125 0.0025 0.026875 0.00375 0.04125 0.115 0.044375 0.16875 0.078125 0.036875 0.17 0.00875 0.064375 0.219375 0.120625 0.1225 0.225625 0.195625 0.04375 0.0075 0.02375 0.0175 0.01375 0.06375 0.080625 0.04625 0.155 0 0.026875 0.023125 0.020625 0.00125 0.245 0.015625 0.0275 0.05125 0.1 0.035625 0.091875 0.02375 0.035625 0.0725 0.6325 0.250625
0.058125 0 0 0 0 0 0.06625 0.040625 0.185625 0.873125 0.965625 0.994375 0.99625 0.979375 0.956875 0.82375 0.58 0.11375 0 0 0.026875 0.00875 0.019375 0.31125 0.1625 0.389375 0.293125 0.0075 0.031875 0.38625 0.033125 0.06875 0 0.050625 0.101875 0.108125 0.098125 0.018125 0 0.009375 0.14875 0.089375 0.018125 0.103125 0.050625 0.025625 0.02625 0.068125 0.009375 0.000625 0.076875 0.375625 0.033125 0.15125 0.025 0.02375 0 0.1625 0.155625 0.006875 0.03375 0 0 0.00375 0.0625 0.1475 0.198125 0.090625 0.06375 0.08875 0.1375 0.055625 0.465 0.475625
0.010625 0.03 0 0 0 0.005625 0.186875 0.050625 0.294375 0.90625 0.916875 0.99 0.79125 0.979375 0.978125 0.884375 0.365 0.0125 0.02875 0 0.0075 0.015 0.018125 0.1425 0.239375 0.5225 0.4625 0.045625 0.155 0.19375 0.143125 0.1525 0.04625 0.07375 0.08375 0.243125 0.16 0.174375 0.008125 0.016875 0.090625 0.2 0.034375 0.14 0.020625 0.039375 0.026875 0.290625 0.02625 0 0.13375 0.235 0.005625 0 0.003125 0.00875 0.015 0.01125 0.41625 0.03375 0 0 0 0 0.0175 0.08625 0.013125 0.013125 0.01 0.000625 0.088125 0.003125 0.073125 0.25125
0.00125 0 0 0 0 0.005625 0.055625 0.073125 0.175 0.474375 0.93625 0.840625 0.68625 0.7925 0.501875 0.273125 0.635 0.043125 0.08375 0.033125 0.084375 0.148125 0.025625 0.1125 0.051875 0.33875 0.441875 0.07875 0.109375 0.335625 0.4525 0.115 0.078125 0.063125 0.055625 0.32625 0.058125 0.149375 0.006875 0.000625 0.106875 0.105625 0.00375 0.028125 0.044375 0.253125 0.55375 0.43625 0.19 0.025625 0.07375 0.066875 0.01125 0.044375 0 0.0025 0 0 0.009375 0.01125 0.018125 0 0.0175 0 0 0.02 0.026875 0.013125 0 0 0.029375 0.050625 0.2625 0.133125
0.005 0.045625 0 0 0 0.08125 0.0475 0.43 0.119375 0.07875 0.56 0.87875 0.691875 0.825625 0.70375 0.249375 0.550625 0.395 0.32375 0.394375 0.14625 0.0775 0 0.14625 0.2125 0.445625 0.20875 0.169375 0.164375 0.1325 0.1075 0.154375 0.0225 0.0525 0.04 0.063125 0.123125 0.21625 0.02 0.0475 0.2075 0.0375 0.060625 0 0.260625 0.90375 0.441875 0.31125 0.598125 0.189375 0.03875 0.011875 0.044375 0.048125 0 0.008125 0.00875 0 0.015 0.101875 0.359375 0.1575 0.01375 0.02375 0.011875 0.195 0.054375 0.10375 0.02625 0.204375 0.018125 0.17625 0.453125 0.44875
0.046875 0.008125 0.01125 0.00375 0.030625 0.075625 0.160625 0.460625 0.2625 0.114375 0.03125 0.58875 0.99625 0.88125 0.92625 0.884375 0.77625 0.66 0.535625 0.673125 0.293125 0.096875 0.03375 0.016875 0.08625 0.143125 0.066875 0.091875 0.19625 0.004375 0.0275 0.0475 0.22375 0.4075 0.125 0.144375 0.02875 0.355 0.399375 0.02875 0.03875 0.074375 0.038125 0 0.10625 0.90375 0.155625 0.175625 0.785625 0.65375 0.193125 0.161875 0.115 0.471875 0.65625 0.46625 0.0025 0 0 0.003125 0 0.03875 0.09875 0.089375 0.124375 0.12125 0.0925 0.095 0.185625 0.02 0.045 0.133125 0.29125 0.93125
0 0 0 0.00125 0.02 0.006875 0.090625 0.150625 0.3675 0.09 0.009375 0.159375 0.70875 0.919375 0.783125 0.734375 0.6675 0.80375 0.914375 0.546875 0.236875 0 0.05375 0.009375 0.03875 0.09375 0.03125 0.01125 0.02625 0.005625 0.026875 0.0325 0.13125 0.1 0.113125 0.08 0.025625 0.029375 0.478125 0.0225 0.009375 0.645 0.303125 0 0.016875 0.81 0.53875 0.745625 0.68875 0.65875 0.641875 0.77375 0.67625 0.67625 0.8675 0.888125 0.258125 0 0.0025 0.014375 0.024375 0.096875 0.10125 0.07875 0.10375 0.1 0.09875 0.11375 0.128125 0.01625 0.184375 0.389375 0.578125 0.724375
0 0 0.00375 0.0125 0.003125 0.01625 0.068125 0.08125 0.334375 0.04875 0.161875 0 0.214375 0.62 0.319375 0.42 0.57375 0.841875 0.889375 0.36625 0.210625 0.061875 0.113125 0.075 0.025625 0.204375 0.054375 0.026875 0.010625 0.004375 0.099375 0.008125 0.005625 0.011875 0.13625 0.0025 0.05375 0.051875 0.548125 0 0.01 0.159375 0.158125 0.008125 0.015625 0.359375 0.7825 0.488125 0.46625 0.324375 0.671875 0.921875 0.99875 0.943125 0.815625 0.718125 0.436875 0 0.1225 0.19875 0 0.005625 0.036875 0.05125 0.108125 0.146875 0.2575 0.164375 0.1375 0.215 0.1025 0.21875 0.563125 0.47375
0 0 0 0.008125 0 0.066875 0.024375 0.23125 0.40875 0.12375 0.043125 0.054375 0.276875 0.283125 0.35875 0.161875 0.46625 0.761875 0.90125 0.26625 0.151875 0.19625 0.271875 0.380625 0.376875 0.63625 0.566875 0.174375 0.2275 0.083125 0.116875 0.08 0.014375 0.1025 0.025625 0.01875 0.011875 0.179375 0.333125 0.08 0 0.004375 0.0275 0 0.003125 0.115 0.244375 0.701875 0.84625 0.725625 0.920625 0.98125 0.910625 0.740625 0.288125 0.79 0.5125 0.01125 0.124375 0.141875 0 0 0 0.028125 0.04 0.16375 0.2375 0.1 0.084375 0.181875 0.144375 0.110625 0.203125 0.688125
0 0 0.035 0.2675 0.275625 0.2675 0.115 0.534375 0.309375 0.009375 0.008125 0.164375 0.05 0.048125 0.100625 0.155 0.32125 0.6425 0.445 0.503125 0.085625 0.02 0.060625 0.38125 0.583125 0.640625 0.88125 0.69125 0.439375 0.18125 0.575625 0.401875 0.015625 0.04625 0.03625 0.026875 0.000625 0 0 0 0.004375 0 0 0.01625 0 0.04625 0.538125 1 0.960625 0.991875 0.939375 0.865 0.31125 0.135625 0.005 0.51 0.695 0.17 0.28875 0.091875 0.005 0.06875 0.035625 0 0.079375 0.065625 0.23125 0.043125 0.139375 0.20375 0.5175 0.2575 0.026875 0.34625
