Env_Vars/Set_1/100kmsq_msp_final.asc
ncols         290
nrows         380
xllcorner     -2197417.7431653
yllcorner     -584827.01486885
cellsize      10000
NODATA_value  -9999
[rows 102 to 135 of 380, columns 156 to 233 of 290]
149 150.5 153 151 154 153.25 152 153.25 153 154.25 154.75 156 156 152.75 154.75 155 154.25 153.75 151.25 150 149.75 147 146.5 144.75 146 144.5 144.25 148 145 147 145.25 146 145 141 141 142 143 142.5 142 141 142 135.25 139.75 138.25 139 140.25 139 139 139.25 133 135.25 135.25 134 132 130 130.5 131.25 132.25 131 131 131 131 132 132 131.5 133.5 132 135 135 136 135 138 141.25 142.25 139.5 140 140 142.75
149.5 153 151.25 152.5 154 153 152 153 153 153.75 156 156 156 154 154.75 155 154 151.75 151 150 150 151.5 146 146.75 147.25 147 147.25 147 150.75 147.5 146.75 145.25 143.5 144 145.75 141.75 142 142 142 142 142.25 140.5 140.75 138.5 140.5 144.75 139 138 136 133 131.5 131 132 132 132 132.25 132 135 132.25 135.25 135.5 133 131.25 132 132.5 133 133.25 135.75 135.5 137.75 139.5 136 137.25 138 139 142 143.25 143
150.5 152.75 152.25 152.75 154 152 152 153 153 155 157 156 156 154.5 154 154 154 151.5 150 151 154.25 148.75 147 147 148 147.75 148 147.75 146 147 146 146.25 145 144 143 143.25 143.25 143.75 150.5 142.25 143 142.5 136.25 139 137.5 143 141 138.5 135 137 136.5 144.5 139.5 132 132 132 132 135.75 132.75 131 130 130.5 132 132 132 132 132.75 134 136.75 140 136.25 137.25 140.25 146 148.25 148 147 147.5
151.75 151.25 154 155.75 154 152.25 155 153 153 153 155 156 156 154 154 154 154 152.5 150 151.75 150 149.5 148.75 148 148.25 150.75 150.75 148.25 147 147 147 146.75 146.25 147.5 147.75 148 144.25 147 146.5 146.5 145 143.75 143 142 143.75 140 139 141 135 135 136.5 134.75 138.5 132.5 132 132 132 134.5 134.75 133.75 135.5 133.5 132.5 132.5 141 141.75 134.25 135 135 137 138 139 142.25 146 146 148.75 149 147
150.5 153 154 154 153 155 154.75 153.25 154.5 154.5 157 156 154.75 154 154 154 153.5 156.25 153 152.25 150 150.75 149.25 148 150.75 152.5 151.25 149.25 150.5 149 148 148.25 151.5 150.5 154 150 146.75 146 149 146.25 145 145 145 148.5 144.25 138 138 137 136 136.5 136 136 136 138.5 138 132.5 132.5 135.25 135.75 135 138.5 137.5 138 137.75 142.75 142.25 143.25 142.75 137 138.5 140 141 143.5 147.75 149.25 148 151.25 149
152 154 154.5 153.5 155.5 155.25 155.75 155 152.75 156.75 156.25 156.75 156 155.5 155.5 154 152.25 151.5 151 151 151 150.5 149 149 151 152.25 150.5 149 149.5 149 152.75 149 149 149 149 150.25 148.5 148.75 150.75 148.5 147 147.25 145 147 142.75 138 138 138 139.5 136 135.75 137 137.25 137 135 139.75 144 135.5 133.5 141 144.75 138 138 139 138.75 141.25 140.25 145.75 144.25 145.5 147.25 143.25 148 150 149 147.5 150.5 148.5
150.25 153.75 154.25 155 154.5 153.5 153.75 155.25 155 156.5 158 156.25 155.5 156 156.75 155 154.75 156.25 151.75 151 151 151 151 150.75 150.75 151 150.5 150 151 153 149.5 149 149 149 154 152.75 152 151 150.75 151.75 148.25 147.25 144.75 145.75 142 138 140 138.5 140.5 138.25 136.5 137 137 137 137.75 142.25 143.5 143.25 139 139 142.75 145 142.75 140.75 141.75 139 141.5 143 143.25 144.25 145.5 150 150.25 150 150.75 153.25 153.75 152
153 155 154.75 154.25 155 154 155 156.5 158 157.25 156.75 157.75 157.75 160.25 157.75 157.5 153.75 155.25 152 153.25 151 151 152.25 152.5 154 151 151 151 151 151 151.5 153 155.25 152.25 153 152.75 151 155.25 152.5 151.25 150.5 149 149.5 146.5 142 141.75 144 144.75 142.75 140.75 138.25 140 140 141.5 141.5 144.25 145.5 147 140 147.25 144.75 142 142 142.75 142 143 143 143 145 146 147 148 150 150.5 150.5 153 152.75 153.5
153 155 156.25 153.75 157.25 157 156.5 158 158 158.5 158.25 157.75 156 156.75 157.25 155 154 159.25 168.5 154.5 154.5 153.25 157.75 153.5 153.5 153.75 153 151.75 153 153 154.25 152 152 153.75 153 152 156 154.5 153 152 152.5 152.5 151 145 142.75 144.25 144.75 146.75 144.5 140.5 140 140.75 141 143 144 148.75 150.75 148.5 146 144.75 148.5 142.25 142 143.75 143 143 143 144 145 148 148.75 150 150 150.75 151.25 153 159.25 157.5
155.25 153.75 157 158 143.75 158.5 156 157 159.25 159.75 157.75 159.75 159.25 157.5 158 155 155.25 154 154.25 154 155 155 154 154 154.5 155.5 153 154 157.75 157.5 153 153 153.75 155.25 154 154.75 154 155.75 154.25 153 154.5 151.25 149.75 146.75 147.25 148.75 147.5 147.5 145.25 143 144.25 141.5 141.5 143 149 151.75 150 148.25 144.5 148.5 143 144.5 146.5 144 145 144 146.5 146.5 148 151.75 150 150 151 152.5 153 153 155.25 158.5
154.75 154.75 156.75 157 159 158 158 158 160 159.5 159.5 159.75 160.75 157.75 156.5 159.25 158.75 156.25 154.5 154 155.75 157.25 154.5 154 155 155 155 155 155 155 155.25 153.25 157 157 154 154.5 154 156 153 153 152.75 150.75 145 148 153.75 153.25 151.75 153.5 150 147 146.25 153.25 142.25 148.75 149.75 154.5 151 149 147 145 145 145 145.5 145 145.75 151 148 148.5 149 151 151.25 151 153.25 154 154.25 154.25 158.25 163.75
156.25 155.75 157 157.75 159 158.75 159.75 160.5 159.5 159.75 159.75 160.75 159 159 159.25 161.25 159 158.25 156.5 155 156 156 156 156 158.5 156 155 155 155 156.5 157.75 157.5 157 157 156 156 155 155 156.25 155.75 148.75 148.5 153.25 153.5 154.25 155.25 156.25 159.5 155.5 152.25 152.75 149 145.75 150.75 154.5 153.5 151 150.25 148.25 148 147.75 146.25 148.5 148.5 154.5 160.25 150.5 149 151 151 151 155.5 155 156.5 157.75 158 158 158.25
154.5 157 158.5 158.75 158.75 159.5 162.5 161.5 160.25 159.25 157.25 160 160.25 159.25 160.5 161.25 161 159 155.5 155 155 156 157.25 156 156.25 157.5 155.5 156.75 159.5 158 158.75 158.75 158 159.5 162 157 159.25 156.25 158 151.5 148.75 150 150.5 154.5 156.75 158.5 157 156.5 155 155.5 157.5 152.5 150.75 151 154 154 151 149.5 150 150 150.25 150.25 154.75 151.5 149 151 150.5 151 151 152 165.75 159.75 159.5 158 158 158 158 158
154.25 158.25 159.5 160 159.25 159.75 161 163.75 159.5 158.75 160.75 161.5 159 160.25 162.5 160 158.25 159 163.5 156.25 157 157 157 158.75 156 157.5 163.75 158.5 159 159 159 159.5 162 160.5 159 158 158 158 156.5 152.75 151.75 152 153.5 155 157.25 157 157 157 160.25 164.75 156.5 158.5 151.75 152.75 158.5 153.75 154.25 153.25 151 151.25 151.25 150.5 152.5 155 156.25 156.5 159.25 156 158.5 156.25 156.5 159 160 181.75 184.25 161.5 162.5 159.5
154 157.75 160 159.5 161.25 160.75 164 159.5 160.5 159.25 162.5 161.75 159.5 161 160 158 157.5 158 158.5 156.5 157 158 158 159 158 161.75 159 159 159 178 160 160 160 162.25 162 159.75 160.25 158 157.25 153.75 154 155 160 158.5 162.25 158 168.25 159 159 177.75 158.5 156.75 152.5 156 159 154.5 156 154 154.25 154 154 155.5 157.25 158.25 159.5 160.25 160.5 159.75 156 156 161.75 162 161.25 162.25 161.5 162 161.25 161.25
154.5 157 158.75 160.25 159 162.25 160.75 161 160 160.25 162 162 159 161 156.5 156.5 155.25 157 157 163.75 159.5 160.75 158 158 159 159 159 159 160 160.5 161 161.75 163.75 163 163 162 165 163.75 162 155.5 155 159.75 161.25 161.5 162 168.75 160 160 159.75 159 157.5 156.75 159.75 156.25 158.25 154 154 155 155.5 156 156 159 159.5 159 160.5 160.5 164 163.5 161 161.25 162.5 164 160.75 173.75 162.5 163 164 163
158 158 158.5 159.5 158.25 161 165.25 161.5 162 158 159 157 156 158.75 156 154.25 158 154.5 159 159 161.25 159.25 158 159 159 161.75 164.75 163 168.75 166 167.75 164 164 163.25 162 162 162 162.25 162 156.75 156.75 160.5 164.25 165.25 162.5 162 162.25 162 159 158.5 157.75 160 158 158.25 157.5 156 156 156 156 156 158 160.75 161.75 160 163.5 165.5 165 166 163.5 166.5 165.5 164 165 164 164.5 164 164.75 164
155.5 160 158.5 162 157 161 155.75 149.75 147.5 149.5 148.25 148.25 147.25 151.75 153 156.5 153 158.5 156.5 158.25 158 160.25 159 160.75 166.5 166 166.5 165.25 166.5 165 165 164 164 164 164 164 164.5 164.5 163 158.75 161 161.25 165.5 167 166.5 164.5 165 166 163 161.25 158 158 158.25 158 157 157 156.75 156 156 159.5 162.25 163 163.75 163.75 164 165 167.25 165.75 167.75 168.25 163.5 163 165 165.25 166 167 165 169.25
155.5 157.75 159 161 158.25 152 149.25 150.25 149 152.5 156.75 150.75 148.5 148 148 151.25 154 157 157 171.5 159 160.25 164.75 165.75 164.25 164 167 165 165 167 165 164.5 164 164 165 165 165.25 166 161.5 161 160.25 164 165 165 168.5 166 165.75 167.25 163.5 162.75 161.5 160 159 158.75 158 158 158 158.75 160.75 161.5 164 163.25 164 167 165 165.25 167 168.25 170 171.5 165.25 165 165 166.5 165.5 167 166 169.5
156.75 159 159 159 152 154.75 162 158 158 153 161.75 153 150 157.25 148 147 147.5 149 154.75 159.25 163.5 165.75 163.75 164.25 164 164 165 166 166 167 167 165 169.75 168.5 170.75 170 167.25 166 162.75 169 162.75 166 168.25 166.5 168 170.5 169.75 168.75 165 163.25 164.75 161.25 160 160 159 160 159 159 162.25 160.5 163 163.25 165 167 167.25 168 167 172.75 173.25 173.25 167 166.5 167 167 168 169 170 170.5
159 158.75 161.25 158.25 157 151.25 151 152 151 150.5 150.5 151.5 150.75 150.25 153.75 151 147 155.75 158 164.75 164.25 165.5 161.5 167.75 165.5 164 166.25 167 167 167 170 169 169.25 172.25 171 170 169.5 171.25 164.5 165.5 167.25 167.5 169.25 170 169 178.75 171 170.5 166.75 165.5 165.5 162.75 161 162 162 160.75 160 160 160 163.25 163 166.75 167 167 169 170 169 170 172.5 174 173.25 167 168 170.75 178.25 171 172 172
158 159 159.5 152.75 152 153.5 153 153 158.5 152.75 156.75 152.5 151.75 158.75 152.75 149.75 160.25 159.25 158.75 162.5 161.75 164.25 161.25 166.75 166.75 177 167 167 167.5 168 169 170.25 171.75 172.75 173.25 170.75 170 171.75 167.25 169 170.5 170 170 172.5 176 177 173 173 168 168.75 168 165.5 167 163.5 163 163 164.25 163 163 163.25 167 167 167 165.25 171 169.75 171 171 172 173.5 173.25 168 171.5 169 170 171.75 173 175.5
159 159.5 153 153 154 154 155.25 154 154.5 153 156.5 157.75 158.25 160.75 163.75 162.75 164.75 170.75 162.75 161 161 166.75 176.25 170.25 171.25 167 167 168 169 169 172.25 172 174.75 173.25 174.5 172.5 171 171.5 170.5 171.75 172 171.25 175.75 178 178.5 175 172.25 171 170 168.25 168 166.5 166 166.75 163.75 164 164 164 164 165.75 165.25 168.5 167.75 170.5 171 171 171 173.5 172 171.25 170.5 170 169 167 168.25 171.5 174.75 176
157 155 160.75 156 158 163.75 156.5 159 157.75 161 165 164 163.5 165.75 160 163 166.5 162.25 161 161 174.25 165.75 166.75 169 167 170.5 173.25 171 171 172 172 172.5 176.25 174 174.5 174 180.5 173.25 172 172 173 177.5 176 179 178 174 171 172.25 173 169.5 171 171.5 167.25 167 167 165 164.75 165 166.75 167 167 171 170 170 172.25 173 175 175 173 170 170 171 171 169 182.5 174 177 190.5
154 155.5 155 156 157 163.75 156 165 163 163 163 165.75 168.75 164.5 161 161.25 161 161 161.25 177.5 167.25 167 167 167.5 170.25 171.25 172.25 171 172 172 172 172 176.5 174 174.25 174 175 175 174 174 175 178 178.5 178 179.25 174 174 173 175 174.25 171.75 171.75 171.5 168.25 167 168 169.25 167 170 170.5 170.5 170 170 170.25 171.5 174 175 176 174 172 171.75 175.25 175 175 173 177 177.5 178.25
155.75 157.75 157.75 159.5 162.25 166.5 178.25 179 173.5 165.5 164 166 165.75 161.5 173.25 172.75 165.25 169.75 174.75 166.5 170.75 169.75 173.75 169.75 171.75 174.25 174.25 173.25 174.5 173 172 174.75 177 180.75 177 176.5 176 176 176.25 177 177 179.75 180 178 177.5 175 176.25 175.5 174.75 173.5 172.5 174 173 171.5 171 171 170.5 172 171 171 171 171 170.5 173 174.25 175.25 178 177.25 176 181 175.25 174 174.75 177.25 173.25 177 175.5 178.5
159.25 159 160 165.75 168 168.25 167 167 167 168.75 169.25 166 166.75 170.75 168.25 165.5 166 166 166.75 172.5 170.75 173 172.75 172 173.75 173.5 174.75 177.5 178.5 178 181.5 177 177.5 178 179 179.25 180.5 181 184 180 178 181.5 180 179 179 178.25 176.75 178 176.25 175.25 177.25 175 173.75 172.5 171 173.5 170 172 171 172.25 172 172 173.25 174.75 174 175.25 179 180.25 177.75 182 177.25 175 177.5 181.25 180 180.5 181 182.25
158.25 166 165.25 167.75 168 168 168.25 170.5 168.25 169.5 170 169.75 167.5 167.25 166.5 167 169.75 171.25 172 171 172.5 174 172 173.75 174 175 176.25 177 180.25 182.75 179.5 179.5 178.5 180.5 179.25 180 180.5 182 183.75 180.25 183.5 181 180.5 180 179 183.25 181 179.75 178 179.25 177.25 175 174 175.25 173.5 173 173.5 172 172 172.5 173.25 173 174 174 174 177.25 179 180 179.5 178.75 179 178 178.5 180 180 181 182.75 183
164.75 167 167.75 169.5 168 169.25 173 172.75 172 171.75 171.75 171.25 169.5 169 168.75 171.5 172.5 173.25 174 174.25 172 175.75 173.75 174 176.75 176.75 177 178 182 180 180 180 184.75 182.5 185.25 183.75 181.25 182.75 186.25 186.25 183 184.75 182 182.25 185.25 181 181 180 182 179.25 179 179.25 180 175 174 176 176.75 175.5 175.25 174 175 174 174.5 175 177 179 179 179 178.75 179.5 180.25 178 179 181.5 206.5 185 183.25 184
166.5 170.25 169.5 170.5 172 173.5 173 173.25 173 173.25 174.75 173 170.5 170.5 166.5 170.25 171 173.75 176.5 174 171.5 172.75 174 177 177.25 178 187.5 180 180 180 182 186 182.75 188.25 186 186.25 186 194.75 188 188 185.5 188 189.5 187.25 184.75 186.75 181.5 184.75 183 180.5 179.25 179 178 176.25 180.5 176.5 178 177 177.5 176 176 177.25 178.25 178 179 179 180.5 181 183 183.75 185 185.5 185.75 185.75 188.75 185 185.25 187.25
167.5 171 171 172.75 175 173.75 173 173 173 174 174.5 171.25 172 171.5 169.25 175.25 171 173.25 173.5 176 179 175 174.5 176 178.25 179.5 181.5 180 182 187.5 188.5 186 186 187.75 188.25 189 190.25 189.5 191.5 192.75 190.5 190.75 187.25 189.5 189 186.5 188 184.75 184 184.5 181.5 182.75 180 182.5 183 179.75 177 180 179.5 178.25 178 179 180 180.5 181.75 180.25 185 185.25 184.25 186 186 187.25 187 187 190.75 186.5 189 189.25
165.5 171.75 174.75 174.25 177.75 175.5 175 175.5 174.75 173.25 175.75 174.25 175 174 172.5 174.75 172.5 174.5 177.25 177 180 176 178.25 185.5 186 180 182.25 187.25 185 186.5 186 189.5 191.25 191.25 191 189.25 192.5 192.75 192 192.75 189.25 192.5 192 192.75 189.5 191.5 187.5 185.75 187.5 184.25 183.75 182.25 182.25 182.75 181.75 184 179.5 180 180 179 179 181.75 182.75 184.25 185.5 185 182.75 187.25 184.25 190.5 188.75 191 190.5 188.5 189.25 189 193.25 192
163.5 172.25 175.5 178.25 178 176.25 176 178.25 176.75 177.25 176.25 175 175 173.5 175.5 174.5 176.25 175.5 178.75 180 177 179.25 178.25 182.75 180 181.75 185 186.25 188 188 220.5 190.5 190 195 193 193.5 193.5 195.75 194.75 195 198 196 197.5 195.5 198.5 191.25 189 189 187.75 187 187.25 186.5 186 186 184.25 183 180.75 180.5 182 182 180.75 183 186 184.25 185.25 190.5 190.5 189.5 191 191 190 190 190 192 192 192 191.25 197.75
175 177 178 178 178 177 178.25 180 177.25 180 177.25 175.25 175.25 175 178.5 178 178 179.75 178.25 179.75 178.75 183 183.25 186 184 184.25 185 187.5 188 188.25 190 194 193 193.75 195 195.25 195.5 195 195 195.75 197.75 198.5 197.75 196.75 196 193 192 190 191 193.25 191.25 188.5 186.5 186.75 187.75 186.25 183 185.25 182 182 181.5 184 185 192.25 188.25 189 189.75 191 191 192 193.75 191.25 192.5 192 192.25 192.5 194.5 195.25
