Env_Vars/Set_1/100kmsq_mwmt_final.asc
ncols         290
nrows         380
xllcorner     -2197417.7431653
yllcorner     -584827.01486885
cellsize      10000
NODATA_value  -9999
[rows 210 to 244 of 380, columns 0 to 77 of 290]
-9999 -9999 -9999 -9999 -9999 -9999 -9999 -9999 -9999 -9999 -9999 -9999 -9999 -9999 -9999 -9999 -9999 -9999 -9999 -9999 -9999 -9999 -9999 -9999 -9999 -9999 -9999 -9999 -9999 -9999 13.825 14.3 -9999 14.075 -9999 13.55 12.525 13.6 11.125 11.25 12.95 9.5 8.775 13.975 8.225 12.575 15.55 14.525 11.525 11.85 12.025 12.05 11.325 10.5 9.275 9.974999 11.35 11.4 11 11.375 11.575 11.95 11.9 14 13.475 12.775 12.775 14.2 14.3 13.975 15.9 15.425 14.8 14.275 11.625 13.05 11.775 11.3
-9999 -9999 -9999 -9999 -9999 -9999 -9999 -9999 -9999 -9999 -9999 -9999 -9999 -9999 -9999 -9999 -9999 -9999 -9999 -9999 -9999 -9999 -9999 -9999 -9999 -9999 -9999 -9999 -9999 -9999 -9999 -9999 14.2 13.05 13.125 12.075 13.05 11.425 12.475 9.65 -9999 13.55 11.575 9.725 7.475 11.425 8.45 13.175 11.525 11.275 11.725 12 11.45 10.55 9.95 11.1 11.55 11.925 11.5 12 12.075 11.9 12.6 12.95 12.975 12.125 13.375 14.125 13.025 14.725 15.8 15.475 14.65 14.875 13.4 12.225 12.075 12.375
-9999 -9999 -9999 -9999 -9999 -9999 -9999 -9999 -9999 -9999 -9999 -9999 -9999 -9999 -9999 -9999 -9999 -9999 -9999 -9999 -9999 -9999 -9999 -9999 -9999 -9999 -9999 -9999 -9999 -9999 -9999 -9999 13.85 13.725 12.975 11.65 11.85 12.825 11.55 11.45 15.1 13.85 11.05 7.7 8.5 11.425 7.45 13.125 8.025001 9.05 11.2 11.975 11.4 10.55 9.85 11.175 11.875 11.875 12.325 11.625 11.975 12.175 13 11.975 12.55 12.05 13.375 13.65 13.45 14.475 16.225 14.2 15.1 14.85 13.25 11.775 11.425 10.8
-9999 -9999 -9999 -9999 -9999 -9999 -9999 -9999 -9999 -9999 -9999 -9999 -9999 -9999 -9999 -9999 -9999 -9999 -9999 -9999 -9999 -9999 -9999 -9999 -9999 -9999 -9999 -9999 -9999 -9999 13.75 -9999 14.075 13.625 12.875 13.075 11.625 11.55 9.5 10.575 13.6 10.925 13.675 6.125 10 11.45 8.65 11.95 9.375 11.75 11.575 11.975 11.45 10.375 10.525 11.625 12.3 11.975 12.6 12.325 10.8 12.4 13 12.975 12.55 11.9 12.65 12.35 13.3 15.675 16.825 13.525 15.55 14.55 14 12.975 11.375 11.425
-9999 -9999 -9999 -9999 -9999 -9999 -9999 -9999 -9999 -9999 -9999 -9999 -9999 -9999 -9999 -9999 -9999 -9999 -9999 -9999 -9999 -9999 -9999 -9999 -9999 -9999 -9999 -9999 -9999 -9999 13.075 -9999 -9999 13.175 13.8 12.45 11.475 11.875 11.275 12.95 12.55 11.2 11.4 4.85 5.8 10.75 8.1 7.95 10.5 10.15 11.7 11.85 11.875 10.25 10.525 11.65 12.675 12.95 13.075 13.325 12.725 12.65 13.125 13.1 12.8 12.3 12.6 12.675 13.625 15.8 15.45 13.875 16 14.6 14.325 13.375 12.175 10.45
-9999 -9999 -9999 -9999 -9999 -9999 -9999 -9999 -9999 -9999 -9999 -9999 -9999 -9999 -9999 -9999 -9999 -9999 -9999 -9999 -9999 -9999 -9999 -9999 -9999 -9999 -9999 -9999 -9999 -9999 13.5 -9999 13.85 13.7 12.075 12.675 11.9 13.8 11.675 12.675 14.05 14.125 13.425 11.175 6.9 5.575 13.75 9.05 8.7 9.625 10.675 12.45 11.675 11.05 10.925 12.3 12.75 12.925 12.975 13.45 13.1 13.425 13.225 12.675 12.875 12.375 13.225 13.9 15.025 17.1 15.3 13.85 15.5 15.075 14.475 13.875 12.9 14.1
-9999 -9999 -9999 -9999 -9999 -9999 -9999 -9999 -9999 -9999 -9999 -9999 -9999 -9999 -9999 -9999 -9999 -9999 -9999 -9999 -9999 -9999 -9999 -9999 -9999 -9999 -9999 -9999 -9999 -9999 -9999 -9999 13.9 13.1 13.1 11.7 12.05 12.875 12.425 13.95 11.3 8.975 10.325 8.325 6.15 9.3 10.775 9.45 8.125 8.4 12.375 13.425 11.925 12.25 12.425 12.625 12.8 12.75 13.625 13.8 13.125 13.2 13.225 12.525 12.475 12.975 12.85 13.925 15 17.075 14.85 14.55 14.4 14.725 14.875 14.825 14.9 11.125
-9999 -9999 -9999 -9999 -9999 -9999 -9999 -9999 -9999 -9999 -9999 -9999 -9999 -9999 -9999 -9999 -9999 -9999 -9999 -9999 -9999 -9999 -9999 -9999 -9999 -9999 -9999 -9999 -9999 -9999 -9999 -9999 12.35 12.6 13.075 11.775 12.525 11.875 11.55 10.825 11.275 12.225 11.85 8.375 10.825 10.55 15 12.075 13.075 7.575 8.65 11.6 12.625 12.15 12.9 13.05 13.625 13.9 13.7 14.075 13.35 13.25 13.7 13.175 11.95 12.925 13.325 14.2 14.875 16.275 15.275 14.75 14.55 15.125 14.15 14.775 14.35 11.225
-9999 -9999 -9999 -9999 -9999 -9999 -9999 -9999 -9999 -9999 -9999 -9999 -9999 -9999 -9999 -9999 -9999 -9999 -9999 -9999 -9999 -9999 -9999 -9999 -9999 -9999 -9999 -9999 -9999 -9999 13.56667 13.975 14.275 13.875 13.575 13.725 13.05 10.65 11.375 9.425 9.275 9.05 7.125 9.025 7.95 11.4 15.65 10.15 10.375 9.7 7.7 10.1 10.8 13.825 13.65 12.725 12.875 11.6 13.25 13.4 14.525 14.325 14.35 13.6 13.15 13 13.3 14.3 14.9 15.45 14.975 14.825 15 15.725 14.975 15.4 15.55 15.375
-9999 -9999 -9999 -9999 -9999 -9999 -9999 -9999 -9999 -9999 -9999 -9999 -9999 -9999 -9999 -9999 -9999 -9999 -9999 -9999 -9999 -9999 -9999 -9999 -9999 -9999 -9999 -9999 -9999 -9999 -9999 13.85 13.85 14.025 13.75 14.1 11.75 11.925 11.175 10.95 9.7 8.525 7.35 9.375 10.275 9.075 15 8.725 6.575 7.225 6.8 7.775 13.5 12.125 11.075 10.475 12 12.65 13.125 14.1 13.725 13.85 15.825 14.275 13.175 12.425 13.4 13.95 14.95 15.475 14.95 14.95 14.1 14.425 15.4 15.425 15.025 14.6
-9999 -9999 -9999 -9999 -9999 -9999 -9999 -9999 -9999 -9999 -9999 -9999 -9999 -9999 -9999 -9999 -9999 -9999 -9999 -9999 -9999 -9999 -9999 -9999 -9999 -9999 -9999 -9999 -9999 -9999 -9999 -9999 14.2 12.725 13.725 11.75 12 12.5 11.475 12.45 10.3 9.15 10 12.425 9.375 15.375 13.7 6.65 9.5 8.45 11.825 11.5 7.55 9.549999 12.3 10.425 12.25 12.825 12.825 13.525 13.025 13.8 14.3 15.15 13.35 12.875 13.05 14.35 15.125 17.45 15.075 14.95 14.625 14.25 14.475 15.1 14.975 13.25
-9999 -9999 -9999 -9999 -9999 -9999 -9999 -9999 -9999 -9999 -9999 -9999 -9999 -9999 -9999 -9999 -9999 -9999 -9999 -9999 -9999 -9999 -9999 -9999 -9999 -9999 -9999 -9999 13.45 -9999 -9999 14.425 14.725 14.35 14.175 13.775 12.85 15 14.2 11.4 11.875 9.9 8.225 13.15 12.175 10.8 10.35 6.875 8.125 10.35 7.9 6.7 7.975 7.575 10.85 12.15 12.05 12.025 12.45 12.8 12.95 12.975 14.375 16.375 14.325 13.6 13.65 14.65 15.25 16.325 15.825 16.225 14.95 13.95 13.975 14.075 12.65 14.325
-9999 -9999 -9999 -9999 -9999 -9999 -9999 -9999 -9999 -9999 -9999 -9999 -9999 -9999 -9999 -9999 -9999 -9999 -9999 -9999 -9999 -9999 -9999 -9999 13.6 13.95 13.975 14.075 14.175 14.2 -9999 -9999 14.7 14.625 14.6 13.975 14.175 12.625 14.875 12.325 14.2 10.55 8.474999 12.625 14.475 10.325 6.7 1.375 6.675 9.95 6.425 7.1 8.3 13.75 9.45 11.9 11.475 11.275 12.425 12.35 12.45 12.675 13.45 13.55 15.775 14.7 13.975 15.15 15.125 14.675 15.35 16.575 15.2 14.1 14.1 13.975 12.925 11.525
-9999 -9999 -9999 -9999 -9999 -9999 -9999 -9999 -9999 -9999 -9999 -9999 -9999 -9999 -9999 -9999 -9999 -9999 -9999 -9999 -9999 -9999 -9999 -9999 13.9 14.325 14.375 13.7 13.65 14.25 -9999 -9999 -9999 14.875 14.95 15.2 14.35 13.425 11.25 10.95 14.55 11.675 8.625 9.525 15.1 11.025 9.4 3.625 10.675 13 9.3 8.75 11.5 12.275 9.775 11.575 10.275 11.9 11.8 11.15 11.575 12.175 12.5 13.65 14.475 15 17.1 15.825 15.35 14.225 15.05 15.05 15.225 13.85 14.1 14.15 13.15 11.2
-9999 -9999 -9999 -9999 -9999 -9999 -9999 -9999 -9999 -9999 -9999 -9999 -9999 -9999 -9999 -9999 -9999 -9999 -9999 -9999 -9999 -9999 -9999 -9999 -9999 14.25 13.9 14.325 14.05 13.925 -9999 -9999 -9999 -9999 14.9 15.125 14.175 -9999 12.575 12.5 14.175 12.8 10.45 13.425 14.475 10.225 5.275 11.875 13.625 13.825 10.525 7.425 12.5 7.875 12.15 11.375 10.9 11.275 10.3 10.35 10.3 11.575 12.825 12.85 13.575 13.75 12.6 17.725 15.925 14.925 14.35 14.85 15.475 14.475 13.65 12.725 14.275 12.675
-9999 -9999 -9999 -9999 -9999 -9999 -9999 -9999 -9999 -9999 -9999 -9999 -9999 -9999 -9999 -9999 -9999 -9999 -9999 -9999 -9999 -9999 -9999 -9999 -9999 14.6 14.2 14.3 14.55 14.925 14.75 -9999 -9999 -9999 -9999 15.1 15.125 14.7 12.9 14.5 12.375 12.425 12.35 14.25 11.775 10.725 9.775 12.3 11.3 8.65 7.75 5.75 9.525 5.95 11.75 7.025 5.825 9.2 10.8 9.7 10.225 11.55 12.25 10.475 12.2 13.675 13.325 18.05 13.625 14.35 13.95 14.325 14.825 15.325 14.625 13.5 13.75 14.35
-9999 -9999 -9999 -9999 -9999 -9999 -9999 -9999 -9999 -9999 -9999 -9999 -9999 -9999 -9999 -9999 -9999 -9999 -9999 -9999 -9999 -9999 -9999 -9999 -9999 -9999 14.25 14.375 -9999 14.9 15 14.9 -9999 14.875 -9999 -9999 15.2 14.675 13.725 13.4 13.225 12.425 13.35 13.675 12.75 11.575 11.775 12.4 15.25 10.875 8.3 6.075 6.325 8.425 11.725 10.45 8.925 10.55 10.625 9.875 10.35 10.975 10.45 11.875 11.925 13.575 15.625 18.025 14.075 14.675 14.05 13.625 14.3 14.725 14.55 14.4 14.625 14.6
-9999 -9999 -9999 -9999 -9999 -9999 -9999 -9999 -9999 -9999 -9999 -9999 -9999 -9999 -9999 -9999 -9999 -9999 -9999 -9999 -9999 -9999 -9999 -9999 -9999 -9999 14.3 14.2 13.575 15 13.325 14.7 14.975 -9999 -9999 -9999 15.425 14.9 -9999 13.575 13.425 13.175 -9999 14.625 12.725 10.575 10.025 12.075 10.4 12.175 8.1 5.975 7.975 6.275 11.575 10.525 9.525 9.775 7.25 7.9 8.975 9.675 10.4 10.675 11.85 13.8 14.275 17.125 12.45 13.825 14.2 13.525 13.7 14.2 14.65 14.225 13.9 12.725
-9999 -9999 -9999 -9999 -9999 -9999 -9999 -9999 -9999 -9999 -9999 -9999 -9999 -9999 -9999 -9999 -9999 -9999 -9999 -9999 -9999 -9999 -9999 -9999 -9999 -9999 13.925 13.975 13.975 15.5 15.1 12.6 15.275 14.225 13.825 15.2 -9999 15.35 14.65 15 -9999 14.1 14.2 12.75 12.6 12.1 8.325 12.525 -9999 8.725 6.8 10.825 8.3 8.25 10.025 5.85 8.1 8.325 7.975 4.85 7.15 9 7.925 10.325 12.75 10.25 14.2 17.925 14.175 13.775 13.8 13.975 13.825 13.625 13.825 13.75 13.6 13.475
-9999 -9999 -9999 -9999 -9999 -9999 -9999 -9999 -9999 -9999 -9999 -9999 -9999 -9999 -9999 -9999 -9999 -9999 -9999 -9999 -9999 -9999 -9999 -9999 -9999 -9999 13.975 14.05 13.475 14.65 14.925 13.025 15.55 14.025 11.55 12.725 -9999 15.6 13.95 15.175 15.025 15.675 13.2 15.65 13.725 13.625 11.775 16.5 9.275 15.9 8.575 11.075 6.925 9.225 7.675 6.975 6.975 10.925 9.25 5.975 7.9 8 9.5 11.2 10.575 10.775 13.725 14.375 14.2 14.2 14 13.85 14.15 13.9 13.475 13.325 13.575 13.175
-9999 -9999 -9999 -9999 -9999 -9999 -9999 -9999 -9999 -9999 -9999 -9999 -9999 -9999 -9999 -9999 -9999 -9999 -9999 -9999 -9999 -9999 -9999 -9999 -9999 -9999 -9999 14.275 13.875 14.675 13.95 13.9 15.95 14.775 12.9 11.55 11.55 15.325 -9999 15.725 -9999 14.525 15.9 13.175 14.35 13.3 12.8 -9999 9.725 8.875 12.725 6.675 9.325 8.95 8.15 6.625 8.55 8.425 7.075 6.7 7.875 7.5 10.725 10.15 9 9.925 11.975 16.2 14.15 12.95 13.975 14.1 14.2 14.2 13.925 13.725 13.4 13.425
-9999 -9999 -9999 -9999 -9999 -9999 -9999 -9999 -9999 -9999 -9999 -9999 -9999 -9999 -9999 -9999 -9999 -9999 -9999 -9999 -9999 -9999 -9999 -9999 -9999 -9999 -9999 -9999 14.075 -9999 14.725 14.375 12.825 15.6 13.45 14.85 11.975 14.5 12.925 -9999 14.925 14.75 15.25 16.13333 13.45 13 14.95 14.7 10.775 11.65 7.6 8.175 7.25 7.225 6.7 5.225 7 9.8 6.525 7.35 9.4 8.875 11.725 8.775 9.525 8.775 10.125 18.1 12.8 10.85 13.85 14.175 14.225 14.3 14.375 13.65 13.05 13.225
-9999 -9999 -9999 -9999 -9999 -9999 -9999 -9999 -9999 -9999 -9999 -9999 -9999 -9999 -9999 -9999 -9999 -9999 -9999 -9999 -9999 -9999 -9999 -9999 -9999 -9999 -9999 -9999 -9999 -9999 14.525 14.275 13.525 13.4 15.325 13.75 12.7 12.7 14.225 13.925 15.36667 -9999 16.075 -9999 13.7 -9999 14.225 11.975 13.4 14 13.45 12.85 9.5 11.075 5.9 8.425 8.25 8.125 12.475 7.225 8.3 11.775 13.925 7.375 10.725 11.425 11.225 17.4 12.075 10.475 13.75 15.125 15.225 15.4 14.625 14.125 13.3 12.95
-9999 -9999 -9999 -9999 -9999 -9999 -9999 -9999 -9999 -9999 -9999 -9999 -9999 -9999 -9999 -9999 -9999 -9999 -9999 -9999 -9999 -9999 -9999 -9999 -9999 -9999 -9999 -9999 -9999 13.925 14.275 14.3 14.375 14.875 15.6 12.275 12.4 13.1 14.05 16.175 15.775 16.15 16.2 15.15 -9999 14.75 12.925 13.25 13.475 15.775 16.05 14.175 13.875 8.925 9.200001 12.5 11.975 6.8 11.675 8.225 12.4 15.025 10.275 13.1 8.125 14.25 11.05 13.875 13.2 12.25 15.375 15.8 14.3 14.9 14.125 14.1 13.075 12.3
-9999 -9999 -9999 -9999 -9999 -9999 -9999 -9999 -9999 -9999 -9999 -9999 -9999 -9999 -9999 -9999 -9999 -9999 -9999 -9999 -9999 -9999 -9999 -9999 -9999 -9999 -9999 -9999 -9999 -9999 14.95 15.075 13.65 13.05 16.025 12.7 14.975 14.675 13.925 15.45 15.95 13.225 16.8 -9999 -9999 -9999 13.425 -9999 -9999 15.7 10.575 11.5 11.825 7.525 6.55 9.15 10.825 8.75 7.675 8.825001 12.525 11.975 7.25 9.825 12.3 11.2 14.025 12.075 14.175 11.075 14.825 15.65 12.8 12.45 13.4 14.9 13.075 11.85
-9999 -9999 -9999 -9999 -9999 -9999 -9999 -9999 -9999 -9999 -9999 -9999 -9999 -9999 -9999 -9999 -9999 -9999 -9999 -9999 -9999 -9999 -9999 -9999 -9999 -9999 -9999 -9999 -9999 -9999 15.225 14.975 14.9 13.375 14.175 15.85 14.2 13.825 14.925 15.4 16.35 16.175 16.325 16.9 16.7 15.7 16.275 16.36667 12.875 12.725 11.9 13.675 8.075 10.625 10.65 12.1 8.8 16.05 9.4 9.575 8.6 8.5 8.625 8.675 11.275 13.125 15.525 13.9 12.35 11.35 15.75 15.3 12.6 13.225 15.4 14.125 12.65 11.075
-9999 -9999 -9999 -9999 -9999 -9999 -9999 -9999 -9999 -9999 -9999 -9999 -9999 -9999 -9999 -9999 -9999 -9999 -9999 -9999 -9999 -9999 -9999 -9999 -9999 -9999 -9999 -9999 -9999 -9999 14.8 14.95 15.6 15.975 15.25 15.725 14.675 13 12.55 14.625 16.275 16.45 -9999 -9999 17.025 17.025 16.5 15.96667 12.775 14.125 12.575 15.325 10.575 8.825 12.925 10.625 10.575 8.5 12.45 10.85 11.075 9.8 11.075 17.6 10.475 16.175 10.625 17.85 10.15 16.35 13.875 18.3 15.225 13.775 16.675 14.6 12.375 10.1
-9999 -9999 -9999 -9999 -9999 -9999 -9999 -9999 -9999 -9999 -9999 -9999 -9999 -9999 -9999 -9999 -9999 -9999 -9999 -9999 -9999 -9999 -9999 -9999 -9999 -9999 -9999 -9999 -9999 -9999 14.7 14.925 -9999 15.225 14.925 14.75 15.1 14.6 15.85 15.525 16 16.525 -9999 -9999 -9999 -9999 17.05 16.7 14.125 13.2 12.35 16.4 13.225 12.875 13.35 7.925 8.375 8.35 9.9 17.475 9.45 10.95 15.85 9.825 9.425 13.2 11.35 13.625 9.75 14.15 12.325 19.125 19.575 17.35 14.875 14.5 13.275 13.4
-9999 -9999 -9999 -9999 -9999 -9999 -9999 -9999 -9999 -9999 -9999 -9999 -9999 -9999 -9999 -9999 -9999 -9999 -9999 -9999 -9999 -9999 -9999 -9999 -9999 -9999 -9999 -9999 -9999 -9999 -9999 -9999 -9999 -9999 14.975 16.525 16.15 13.025 12.275 14 14.15 16.3 16.93333 -9999 -9999 17.2 14.45 17.05 16.85 15.75 13.2 15.4 16.225 10.825 15.9 9.95 10.15 9.675 8.95 13.725 12.375 7.55 8.625 11.225 12.85 8.825 8 18.775 9.925 12.8 17.35 17.75 13.925 16.075 17.675 19.675 15.25 16
-9999 -9999 -9999 -9999 -9999 -9999 -9999 -9999 -9999 -9999 -9999 -9999 -9999 -9999 -9999 -9999 -9999 -9999 -9999 -9999 -9999 -9999 -9999 -9999 -9999 -9999 -9999 -9999 -9999 -9999 -9999 -9999 14.875 15.55 14.9 16.725 13.775 12.55 11.65 12.85 13.275 14.725 16.8 -9999 -9999 -9999 16.775 15 15.575 12.975 16.025 13.975 -9999 15.525 14.45 15.75 10.675 13.175 11.7 16.075 17.225 13.825 9.775 10.325 9.15 8.025 9.875 15.175 12.5 11.575 16.4 14.3 11 14.2 14.05 15.725 18.675 19.425
-9999 -9999 -9999 -9999 -9999 -9999 -9999 -9999 -9999 -9999 -9999 -9999 -9999 -9999 -9999 -9999 -9999 -9999 -9999 -9999 -9999 -9999 -9999 -9999 -9999 -9999 -9999 -9999 -9999 -9999 -9999 14.5 14.6 15.16667 15.575 15.6 14.875 13.25 14.55 12.025 13.25 13.375 16.9 -9999 -9999 -9999 -9999 16.575 16.9 12.475 16.375 14.325 12.4 11.6 8.65 16.275 8.975 11.1 14.275 8.775 12.825 15.8 10.275 10.2 9.675 13.025 8.05 15.275 12.275 15.6 19.2 13.55 13.4 14.05 12.6 12.45 15.975 16.8
-9999 -9999 -9999 -9999 -9999 -9999 -9999 -9999 -9999 -9999 -9999 -9999 -9999 -9999 -9999 -9999 -9999 -9999 -9999 -9999 -9999 -9999 -9999 -9999 -9999 -9999 -9999 -9999 -9999 -9999 -9999 -9999 -9999 -9999 -9999 15.275 16.3 13.375 15.75 13.475 15.125 16.4 16.825 17.2 -9999 -9999 -9999 17.225 16.25 16.35 15.1 13.875 13.075 11.675 12.125 13.9 12.975 14.625 10.25 9.25 11 17.95 9.65 9.725 11.475 10.325 11.475 16.05 15.9 17.575 18.3 12.475 11.975 13.65 13.85 12.3 13.575 15.3
-9999 -9999 -9999 -9999 -9999 -9999 -9999 -9999 -9999 -9999 -9999 -9999 -9999 -9999 -9999 -9999 -9999 -9999 -9999 -9999 -9999 -9999 -9999 -9999 -9999 -9999 -9999 -9999 -9999 -9999 -9999 -9999 -9999 14.675 14.9 15 14.625 15.225 13.7 15.225 15.125 13.675 16.125 -9999 -9999 -9999 17.05 -9999 -9999 17.45 -9999 12.525 14.175 11.55 11.75 14.525 14.7 9 11.6 9.575 15.525 10.825 10.125 8.9 10.5 8.375 9.05 15.1 18.325 17.675 16.025 15.075 13.05 14.325 12.175 12.1 14 16.55
-9999 -9999 -9999 -9999 -9999 -9999 -9999 -9999 -9999 -9999 -9999 -9999 -9999 -9999 -9999 -9999 -9999 -9999 -9999 -9999 -9999 -9999 -9999 -9999 -9999 -9999 -9999 -9999 -9999 -9999 -9999 -9999 -9999 -9999 14.55 14.8 14.525 13.9 15.575 15.325 14.35 16.65 13.525 -9999 17.225 -9999 -9999 16.15 -9999 17.525 -9999 16.025 13.175 13.625 11.8 16.925 11.95 10.125 9.75 10.925 12.35 13.575 10.825 10.775 10.55 10.575 12.4 14.825 11.225 13.65 12.625 15.625 13.225 13.65 13.05 13.1 16.6 14.225
-9999 -9999 -9999 -9999 -9999 -9999 -9999 -9999 -9999 -9999 -9999 -9999 -9999 -9999 -9999 -9999 -9999 -9999 -9999 -9999 -9999 -9999 -9999 -9999 -9999 -9999 -9999 -9999 -9999 -9999 -9999 -9999 -9999 -9999 -9999 14.675 14.775 15.275 15.15 14.8 16.575 17.25 13.5 15.975 -9999 -9999 17.3 -9999 -9999 17.05 16.475 16 16.425 12.85 13.375 15.9 13.375 12.25 15.45 9.9 11.575 13.675 9.9 13.725 11.775 12.275 14.325 17.3 13.925 10.825 11.875 16.725 16.9 13.65 14.225 16.325 14.7 13.4
