Candidate_Models_Sept202022/M_10_F_lqp_Set_1_cal/Bison.asc
ncols         97
nrows         127
xllcorner     -2197417.7431653
yllcorner     -584827.01486885
cellsize      30000.0
NODATA_value  -9999
[rows 0 to 26 of 127, columns 0 to 60 of 97]
-9999 -9999 -9999 -9999 -9999 -9999 -9999 -9999 -9999 -9999 -9999 -9999 -9999 -9999 -9999 -9999 -9999 -9999 -9999 -9999 -9999 -9999 -9999 -9999 -9999 -9999 -9999 -9999 -9999 -9999 -9999 -9999 -9999 -9999 -9999 -9999 -9999 -9999 -9999 -9999 -9999 -9999 -9999 -9999 -9999 -9999 -9999 -9999 -9999 -9999 -9999 -9999 -9999 -9999 -9999 -9999 -9999 -9999 -9999 -9999 -9999
-9999 -9999 -9999 -9999 -9999 -9999 -9999 -9999 -9999 -9999 -9999 -9999 -9999 -9999 -9999 -9999 -9999 -9999 -9999 -9999 -9999 -9999 -9999 -9999 -9999 -9999 -9999 -9999 -9999 -9999 -9999 -9999 -9999 -9999 -9999 -9999 -9999 -9999 -9999 -9999 -9999 -9999 -9999 -9999 -9999 -9999 -9999 -9999 -9999 -9999 -9999 -9999 -9999 -9999 -9999 -9999 -9999 -9999 -9999 -9999 -9999
-9999 -9999 -9999 -9999 -9999 -9999 -9999 -9999 -9999 -9999 -9999 -9999 -9999 -9999 -9999 -9999 -9999 -9999 -9999 -9999 -9999 -9999 -9999 -9999 -9999 -9999 -9999 -9999 -9999 -9999 -9999 -9999 -9999 -9999 -9999 -9999 -9999 -9999 -9999 -9999 -9999 -9999 -9999 -9999 -9999 -9999 -9999 -9999 -9999 -9999 -9999 -9999 -9999 -9999 -9999 -9999 -9999 -9999 -9999 -9999 -9999
-9999 -9999 -9999 -9999 -9999 -9999 -9999 -9999 -9999 -9999 -9999 -9999 -9999 -9999 -9999 -9999 -9999 -9999 -9999 8.22314E-2 8.21383E-2 6.56129E-2 6.66785E-2 -9999 -9999 -9999 -9999 -9999 -9999 -9999 -9999 -9999 -9999 -9999 -9999 -9999 -9999 -9999 -9999 -9999 -9999 -9999 -9999 -9999 -9999 -9999 -9999 -9999 -9999 -9999 -9999 -9999 -9999 -9999 -9999 -9999 -9999 -9999 -9999 -9999 -9999
-9999 -9999 -9999 -9999 -9999 -9999 -9999 -9999 -9999 -9999 -9999 -9999 -9999 -9999 -9999 -9999 -9999 -9999 7.83837E-2 7.19163E-2 7.01031E-2 7.52374E-2 7.12527E-2 5.7888E-2 5.21139E-2 -9999 -9999 -9999 -9999 -9999 -9999 -9999 -9999 -9999 -9999 -9999 -9999 -9999 -9999 -9999 -9999 -9999 -9999 -9999 -9999 -9999 -9999 -9999 -9999 -9999 -9999 -9999 -9999 -9999 -9999 -9999 -9999 -9999 -9999 -9999 -9999
-9999 -9999 -9999 -9999 -9999 -9999 -9999 -9999 -9999 -9999 -9999 -9999 -9999 -9999 -9999 -9999 -9999 -9999 5.84707E-2 5.98135E-2 6.67885E-2 7.00827E-2 6.34905E-2 5.32821E-2 5.21922E-2 -9999 -9999 -9999 -9999 -9999 -9999 -9999 -9999 -9999 -9999 -9999 -9999 -9999 -9999 -9999 -9999 -9999 -9999 -9999 -9999 -9999 -9999 -9999 -9999 -9999 -9999 -9999 -9999 -9999 -9999 -9999 -9999 -9999 -9999 -9999 -9999
-9999 -9999 -9999 -9999 -9999 -9999 -9999 -9999 -9999 -9999 -9999 -9999 -9999 -9999 -9999 -9999 -9999 5.42764E-2 5.15192E-2 4.58387E-2 4.77268E-2 5.67731E-2 6.03992E-2 5.5975E-2 5.64036E-2 5.61847E-2 -9999 5.87033E-2 5.48248E-2 5.6498E-2 -9999 -9999 -9999 -9999 -9999 -9999 -9999 -9999 4.84229E-2 -9999 -9999 -9999 -9999 -9999 -9999 -9999 -9999 -9999 -9999 -9999 -9999 -9999 -9999 -9999 -9999 -9999 -9999 -9999 -9999 -9999 -9999
-9999 -9999 -9999 -9999 -9999 -9999 -9999 -9999 -9999 -9999 -9999 -9999 -9999 -9999 -9999 -9999 7.10783E-2 6.85307E-2 4.83084E-2 3.67056E-2 3.92556E-2 4.68502E-2 5.79374E-2 5.57399E-2 5.694E-2 5.51457E-2 5.56313E-2 5.62682E-2 5.22715E-2 5.28058E-2 5.28919E-2 5.51598E-2 5.08975E-2 5.04027E-2 5.08334E-2 5.17539E-2 5.24211E-2 -9999 4.68589E-2 4.59376E-2 -9999 -9999 -9999 -9999 -9999 -9999 -9999 -9999 -9999 -9999 -9999 -9999 -9999 -9999 -9999 -9999 -9999 -9999 -9999 -9999 -9999
-9999 -9999 -9999 -9999 -9999 -9999 -9999 -9999 -9999 -9999 -9999 -9999 -9999 -9999 -9999 3.47716E-2 4.31872E-2 4.46074E-2 4.42581E-2 3.62606E-2 3.70981E-2 4.31468E-2 5.58332E-2 5.95488E-2 5.78316E-2 5.1319E-2 4.90363E-2 4.9184E-2 4.84389E-2 4.81424E-2 4.85288E-2 4.90789E-2 4.8483E-2 4.72611E-2 5.00113E-2 5.59017E-2 5.3472E-2 5.42144E-2 4.8052E-2 4.80866E-2 -9999 -9999 -9999 -9999 -9999 -9999 -9999 -9999 -9999 -9999 -9999 -9999 -9999 -9999 -9999 -9999 -9999 -9999 -9999 -9999 -9999
-9999 -9999 -9999 -9999 -9999 -9999 -9999 -9999 -9999 -9999 -9999 -9999 -9999 -9999 -9999 3.71402E-2 4.3682E-2 3.93638E-2 3.49026E-2 3.53636E-2 3.58771E-2 4.4172E-2 6.02437E-2 6.84981E-2 6.30223E-2 5.03343E-2 4.61067E-2 4.61691E-2 4.49E-2 4.60897E-2 4.73396E-2 4.86861E-2 4.63983E-2 4.60202E-2 5.33173E-2 6.08001E-2 6.40726E-2 6.08648E-2 5.36302E-2 -9999 -9999 -9999 4.80753E-2 -9999 -9999 -9999 -9999 -9999 -9999 -9999 -9999 -9999 -9999 -9999 -9999 -9999 -9999 -9999 -9999 -9999 -9999
-9999 -9999 -9999 -9999 -9999 -9999 -9999 -9999 -9999 -9999 -9999 -9999 -9999 -9999 5.65839E-2 4.34287E-2 5.03955E-2 4.89595E-2 4.88701E-2 4.19303E-2 3.97234E-2 4.58137E-2 6.31732E-2 6.56133E-2 6.87409E-2 4.29745E-2 4.50759E-2 4.6802E-2 4.61897E-2 4.6799E-2 4.73498E-2 4.79922E-2 4.57095E-2 4.79377E-2 5.79427E-2 6.52799E-2 6.52612E-2 6.0702E-2 5.1418E-2 -9999 -9999 5.02928E-2 -9999 -9999 -9999 -9999 -9999 -9999 -9999 -9999 -9999 -9999 -9999 -9999 -9999 -9999 -9999 -9999 -9999 -9999 -9999
-9999 -9999 -9999 -9999 -9999 -9999 -9999 -9999 -9999 -9999 -9999 -9999 -9999 4.25053E-2 4.90688E-2 3.66601E-2 4.7996E-2 5.52312E-2 6.35274E-2 9.97541E-2 5.06767E-2 5.99682E-2 5.17922E-2 7.11085E-2 4.8403E-2 3.84446E-2 4.26575E-2 4.28312E-2 4.45297E-2 4.78765E-2 4.78012E-2 4.57157E-2 4.60822E-2 5.14728E-2 5.65034E-2 6.08535E-2 6.49689E-2 6.38873E-2 5.23572E-2 4.98352E-2 4.8546E-2 5.03647E-2 -9999 5.42597E-2 5.45465E-2 -9999 -9999 -9999 -9999 -9999 -9999 -9999 -9999 -9999 -9999 -9999 -9999 -9999 -9999 -9999 -9999
-9999 -9999 -9999 -9999 -9999 -9999 -9999 -9999 -9999 -9999 -9999 -9999 -9999 4.33287E-2 4.01175E-2 4.27869E-2 6.04824E-2 4.97438E-2 1.41131E-1 8.52944E-2 6.90227E-2 5.0085E-2 6.1395E-2 6.4828E-2 4.31913E-2 4.05395E-2 4.14555E-2 4.34495E-2 4.53411E-2 4.58904E-2 4.40199E-2 4.36493E-2 4.34801E-2 4.53934E-2 4.75231E-2 4.68374E-2 5.96113E-2 5.52679E-2 4.86749E-2 4.6581E-2 4.73845E-2 5.69718E-2 5.32625E-2 5.75463E-2 5.97982E-2 5.9346E-2 -9999 -9999 -9999 -9999 -9999 -9999 -9999 -9999 -9999 -9999 -9999 -9999 -9999 -9999 -9999
-9999 -9999 -9999 -9999 -9999 -9999 -9999 -9999 -9999 -9999 -9999 -9999 7.82471E-2 1.02666E-1 5.63828E-2 7.06913E-2 6.87446E-2 6.48248E-2 3.88908E-2 6.73044E-2 6.42088E-2 5.9787E-2 6.87459E-2 4.8441E-2 3.76035E-2 4.03559E-2 4.13089E-2 4.37745E-2 4.37695E-2 4.11058E-2 4.17429E-2 4.25237E-2 4.30378E-2 4.24143E-2 4.27756E-2 4.56512E-2 4.76497E-2 4.96748E-2 4.92296E-2 4.77098E-2 4.814E-2 4.96714E-2 5.31751E-2 5.88502E-2 6.10223E-2 6.05857E-2 5.9446E-2 -9999 -9999 -9999 4.49604E-2 4.23723E-2 -9999 -9999 -9999 -9999 -9999 -9999 -9999 -9999 -9999
-9999 -9999 -9999 -9999 -9999 -9999 -9999 -9999 -9999 -9999 -9999 4.47281E-2 4.80987E-2 1.03822E-1 6.69698E-2 5.95081E-2 5.02029E-2 1.05164E-1 7.5417E-2 6.02761E-2 5.96546E-2 8.39259E-2 6.38714E-2 3.86957E-2 3.80572E-2 3.96491E-2 3.92808E-2 4.47503E-2 4.42059E-2 4.41942E-2 4.10157E-2 3.99976E-2 4.21318E-2 4.30948E-2 4.29086E-2 4.47644E-2 4.7215E-2 4.94152E-2 4.88615E-2 5.02861E-2 5.00186E-2 5.16412E-2 5.47269E-2 5.95987E-2 6.18389E-2 6.18222E-2 5.82322E-2 5.34639E-2 -9999 -9999 -9999 4.42721E-2 4.30623E-2 -9999 -9999 -9999 -9999 -9999 -9999 -9999 -9999
-9999 -9999 -9999 -9999 -9999 -9999 -9999 -9999 -9999 -9999 -9999 4.34719E-2 3.57786E-2 5.19789E-2 6.27823E-2 5.77687E-2 4.3407E-2 6.73508E-2 5.35491E-2 7.99656E-2 6.60477E-2 7.77691E-2 5.40103E-2 3.91701E-2 4.04675E-2 4.16353E-2 4.34821E-2 4.19981E-2 4.02591E-2 4.01607E-2 4.07945E-2 4.12332E-2 4.2169E-2 4.2133E-2 4.23685E-2 4.54718E-2 4.83133E-2 5.03005E-2 5.12063E-2 5.12663E-2 5.11499E-2 5.42848E-2 5.63859E-2 5.8802E-2 5.67859E-2 5.86077E-2 5.67468E-2 5.49738E-2 5.32388E-2 -9999 -9999 4.64906E-2 4.50506E-2 4.29374E-2 4.30066E-2 -9999 -9999 -9999 -9999 -9999 -9999
-9999 -9999 -9999 -9999 -9999 -9999 -9999 -9999 -9999 -9999 7.05305E-2 4.31919E-2 6.78955E-2 5.48734E-2 5.3634E-2 5.06976E-2 4.82038E-2 4.32414E-2 4.54702E-2 1.12594E-1 9.62898E-2 7.69018E-2 6.16573E-2 5.84066E-2 4.1134E-2 4.3602E-2 4.69333E-2 4.73448E-2 4.26021E-2 4.21446E-2 3.89376E-2 4.06029E-2 3.92955E-2 4.1698E-2 4.33777E-2 4.65907E-2 4.92414E-2 5.13362E-2 5.08289E-2 5.18005E-2 5.43928E-2 5.60029E-2 5.61981E-2 5.62207E-2 5.39927E-2 5.42872E-2 5.56963E-2 5.69308E-2 5.52152E-2 5.2362E-2 4.93263E-2 5.28073E-2 -9999 -9999 4.30121E-2 4.15151E-2 -9999 -9999 -9999 -9999 -9999
-9999 -9999 -9999 -9999 -9999 -9999 -9999 -9999 -9999 6.77555E-2 1.25757E-1 5.88783E-2 6.20574E-2 6.03921E-2 5.64507E-2 5.3861E-2 4.7719E-2 5.18084E-2 5.04781E-2 5.143E-2 4.93693E-2 6.15689E-2 8.10576E-2 4.84395E-2 4.39651E-2 4.54331E-2 4.82736E-2 5.03256E-2 4.82039E-2 4.21499E-2 4.05555E-2 3.98297E-2 4.06764E-2 3.96802E-2 4.34387E-2 4.849E-2 4.84712E-2 5.03927E-2 5.15074E-2 5.26068E-2 5.57292E-2 5.73186E-2 5.81765E-2 5.57113E-2 5.57537E-2 5.4998E-2 5.66019E-2 5.70608E-2 5.50234E-2 5.24571E-2 5.15377E-2 5.24946E-2 5.19756E-2 -9999 4.18741E-2 4.1914E-2 4.09418E-2 3.9276E-2 -9999 -9999 -9999
-9999 -9999 -9999 -9999 -9999 -9999 -9999 -9999 9.66503E-2 7.56043E-2 7.62598E-2 4.39514E-2 2.75237E-2 5.50476E-2 7.79382E-2 7.08761E-2 6.86169E-2 5.80603E-2 5.92484E-2 4.66861E-2 4.43522E-2 5.99676E-2 7.56898E-2 3.73101E-2 4.60378E-2 4.72139E-2 5.15865E-2 5.09771E-2 4.65193E-2 4.41566E-2 3.95637E-2 4.07993E-2 4.21801E-2 4.39983E-2 4.53556E-2 5.01617E-2 5.0739E-2 4.95716E-2 5.22649E-2 5.3064E-2 5.84539E-2 6.02158E-2 5.87031E-2 5.74854E-2 5.53317E-2 5.58926E-2 5.80512E-2 5.70601E-2 5.4942E-2 5.36851E-2 5.31895E-2 5.36807E-2 5.32117E-2 5.34211E-2 4.35552E-2 4.29162E-2 4.08321E-2 3.94995E-2 3.75506E-2 3.65634E-2 3.60378E-2
-9999 -9999 -9999 -9999 -9999 -9999 -9999 -9999 4.72522E-2 4.92119E-2 3.17763E-2 2.37381E-2 3.26188E-2 6.38472E-2 8.38549E-2 9.85633E-2 7.62452E-2 7.73745E-2 7.93101E-2 5.98408E-2 5.59163E-2 5.263E-2 5.12236E-2 5.04437E-2 4.87114E-2 4.56987E-2 5.09494E-2 4.89041E-2 4.72983E-2 4.62098E-2 4.01539E-2 4.05183E-2 4.35194E-2 4.78413E-2 5.03055E-2 5.09212E-2 5.43654E-2 4.99401E-2 5.49711E-2 5.4452E-2 6.31227E-2 6.19986E-2 6.05181E-2 5.90885E-2 5.85828E-2 5.95346E-2 5.92589E-2 5.82372E-2 5.69501E-2 5.54357E-2 5.5546E-2 5.5551E-2 5.55484E-2 5.3323E-2 -9999 4.42382E-2 4.25412E-2 4.13157E-2 3.6753E-2 3.71002E-2 3.527E-2
-9999 -9999 -9999 -9999 -9999 -9999 -9999 3.66324E-2 3.92505E-2 7.13437E-2 6.81206E-2 3.14215E-2 3.64535E-2 4.53682E-2 7.12859E-2 9.93498E-2 8.26843E-2 8.22922E-2 8.73687E-2 7.7834E-2 6.85339E-2 6.12887E-2 7.39207E-2 6.25828E-2 5.7065E-2 5.14287E-2 4.90639E-2 5.71004E-2 6.4583E-2 5.13333E-2 5.30744E-2 4.95114E-2 5.06714E-2 4.84234E-2 5.18988E-2 6.81095E-2 5.70373E-2 5.45576E-2 5.66851E-2 5.66747E-2 6.2634E-2 6.2945E-2 6.25992E-2 6.15614E-2 6.2596E-2 6.2783E-2 6.17515E-2 5.99039E-2 5.83125E-2 5.68911E-2 5.66572E-2 5.76157E-2 -9999 -9999 -9999 -9999 -9999 -9999 -9999 -9999 -9999
-9999 -9999 -9999 -9999 -9999 -9999 7.94713E-2 7.2306E-2 5.84401E-2 3.96777E-2 8.00865E-2 1.56245E-1 4.5154E-2 8.59081E-2 3.64442E-2 7.12705E-2 9.26954E-2 1.02326E-1 9.17467E-2 1.02548E-1 8.93171E-2 6.96952E-2 7.95804E-2 9.94759E-2 7.63363E-2 7.87633E-2 6.64316E-2 6.27825E-2 6.22258E-2 4.43054E-2 7.25794E-2 9.06596E-2 5.00065E-2 5.23839E-2 5.25223E-2 6.75204E-2 5.91836E-2 5.83386E-2 5.88887E-2 5.91446E-2 6.3648E-2 6.40367E-2 6.4242E-2 6.64651E-2 6.63001E-2 6.47437E-2 6.37983E-2 6.11716E-2 6.02168E-2 5.80607E-2 5.92544E-2 6.03295E-2 5.59062E-2 5.16186E-2 -9999 -9999 -9999 -9999 -9999 -9999 -9999
-9999 -9999 -9999 -9999 -9999 -9999 6.69829E-2 6.69112E-2 4.48439E-2 4.0033E-2 3.66338E-2 1.67298E-1 6.85796E-2 6.71589E-2 5.61021E-2 7.59907E-2 7.41E-2 8.83557E-2 6.9649E-2 9.41172E-2 1.10339E-1 9.2283E-2 9.00623E-2 1.01235E-1 9.42099E-2 8.77298E-2 7.9565E-2 6.51468E-2 5.16815E-2 4.74482E-2 4.72773E-2 7.59564E-2 5.61627E-2 6.30037E-2 6.54928E-2 6.92678E-2 6.08961E-2 6.61121E-2 6.57781E-2 6.3761E-2 6.42004E-2 6.95786E-2 6.96789E-2 7.29302E-2 7.09482E-2 6.39119E-2 6.39181E-2 6.4014E-2 6.13002E-2 6.03188E-2 5.79509E-2 5.67679E-2 5.27902E-2 5.06103E-2 4.94962E-2 4.63261E-2 4.29738E-2 4.08454E-2 4.17429E-2 4.18799E-2 3.772E-2
-9999 -9999 -9999 -9999 -9999 5.97796E-2 4.49548E-2 4.53394E-2 4.66139E-2 1.09271E-1 1.02993E-1 6.90628E-2 4.29229E-2 5.73632E-2 4.58858E-2 4.13137E-2 4.02568E-2 8.07045E-2 5.59387E-2 6.6349E-2 1.01452E-1 1.0147E-1 1.05083E-1 1.16005E-1 1.019E-1 9.24262E-2 9.88389E-2 6.95228E-2 4.50789E-2 4.61968E-2 5.04669E-2 6.32458E-2 7.57563E-2 7.56499E-2 9.21841E-2 7.63075E-2 6.92008E-2 -9999 -9999 7.61691E-2 -9999 -9999 -9999 7.22199E-2 6.62624E-2 6.3136E-2 6.60684E-2 6.4785E-2 6.08686E-2 5.9702E-2 5.74289E-2 5.43141E-2 5.17092E-2 4.97277E-2 4.81468E-2 4.5031E-2 4.33381E-2 4.16822E-2 4.1886E-2 4.037E-2 3.9263E-2
-9999 -9999 -9999 -9999 1.15857E-1 5.27161E-2 5.85996E-2 5.37443E-2 5.71864E-2 5.61139E-2 3.38045E-2 4.44678E-2 8.22023E-2 5.92057E-2 4.43345E-2 4.81357E-2 5.81504E-2 5.32692E-2 4.73777E-2 5.8194E-2 8.29396E-2 7.83436E-2 8.15336E-2 1.23648E-1 9.74349E-2 1.24877E-1 1.01876E-1 9.66319E-2 8.376E-2 5.07342E-2 5.04195E-2 7.556E-2 8.5178E-2 6.13331E-2 7.34921E-2 6.41472E-2 6.1591E-2 7.12486E-2 7.02903E-2 7.04083E-2 8.90144E-2 -9999 8.36396E-2 7.72354E-2 6.8139E-2 6.54611E-2 6.62724E-2 6.08663E-2 5.98889E-2 6.29474E-2 6.07163E-2 5.60529E-2 5.40255E-2 5.10935E-2 4.65094E-2 4.36564E-2 4.12631E-2 4.12041E-2 3.95832E-2 3.90272E-2 3.84004E-2
-9999 -9999 -9999 9.49929E-2 1.2067E-1 8.44236E-2 4.83786E-2 6.58744E-2 5.87327E-2 4.2852E-2 4.64381E-2 4.95594E-2 1.02023E-1 6.46222E-2 7.73824E-2 3.90994E-2 5.6066E-2 6.81064E-2 6.19335E-2 7.17645E-2 6.42504E-2 4.66782E-2 9.30217E-2 1.07145E-1 1.21028E-1 1.16563E-1 1.06977E-1 9.08306E-2 9.17915E-2 8.32009E-2 5.94443E-2 6.73546E-2 7.47545E-2 5.36545E-2 6.60208E-2 8.11869E-2 6.7625E-2 6.93893E-2 6.60834E-2 6.64277E-2 7.97239E-2 8.12385E-2 -9999 -9999 6.88225E-2 7.08152E-2 6.73248E-2 5.99477E-2 6.17982E-2 6.12229E-2 6.89089E-2 5.79291E-2 5.53817E-2 5.33998E-2 4.96737E-2 4.45107E-2 4.30672E-2 4.15443E-2 4.13012E-2 4.05882E-2 4.09111E-2
-9999 -9999 -9999 1.94073E-1 1.23186E-1 8.36493E-2 4.74875E-2 9.51813E-2 1.96782E-1 6.7016E-2 8.27065E-2 6.74379E-2 5.70965E-2 5.40351E-2 1.51375E-1 6.11609E-2 7.15581E-2 1.12013E-1 8.75416E-2 5.87753E-2 6.62178E-2 5.57628E-2 6.18533E-2 8.79242E-2 1.09145E-1 1.13528E-1 1.09398E-1 1.08909E-1 1.05875E-1 9.47483E-2 8.66459E-2 6.00294E-2 8.8797E-2 6.94969E-2 7.32353E-2 7.88431E-2 7.42914E-2 7.60154E-2 6.69156E-2 7.00247E-2 -9999 -9999 -9999 -9999 -9999 6.78964E-2 6.49677E-2 5.95464E-2 5.95612E-2 5.70798E-2 6.25938E-2 7.2356E-2 5.49107E-2 5.43223E-2 4.68964E-2 4.26772E-2 4.45327E-2 4.66035E-2 4.98535E-2 4.88738E-2 5.16104E-2
