Candidate_Models_Sept202022/M_10_F_lqp_Set_1_cal/Bison.asc
ncols         97
nrows         127
xllcorner     -2197417.7431653
yllcorner     -584827.01486885
cellsize      30000.0
NODATA_value  -9999
[rows 27 to 53 of 127, columns 0 to 60 of 97]
-9999 -9999 2.33093E-1 2.36846E-1 1.83012E-1 1.01164E-1 5.76602E-2 8.83391E-2 2.04764E-1 8.1751E-2 1.04452E-1 1.16595E-1 7.47507E-2 6.19631E-2 6.0262E-2 7.88545E-2 5.17392E-2 6.17516E-2 7.48673E-2 6.10749E-2 4.56375E-2 6.47109E-2 7.24936E-2 8.37824E-2 1.04855E-1 8.46522E-2 1.00858E-1 9.66518E-2 1.11451E-1 1.02669E-1 8.37593E-2 6.41478E-2 7.17743E-2 6.63616E-2 6.33781E-2 6.17917E-2 1.03818E-1 6.86386E-2 7.62749E-2 6.87428E-2 7.37805E-2 1.08226E-1 7.925E-2 1.35487E-1 8.90365E-2 7.0995E-2 5.58674E-2 5.8826E-2 5.47925E-2 5.42031E-2 5.58186E-2 6.02463E-2 5.64043E-2 5.66358E-2 4.931E-2 4.46043E-2 4.47003E-2 4.28557E-2 4.47279E-2 4.52384E-2 5.70698E-2
-9999 2.75969E-1 2.01988E-1 2.27565E-1 1.87617E-1 1.57765E-1 7.69557E-2 8.76435E-2 8.98161E-2 7.74882E-2 9.43232E-2 8.69248E-2 5.9976E-2 6.37828E-2 7.92203E-2 6.2509E-2 9.27447E-2 7.53479E-2 7.24285E-2 7.91425E-2 1.67155E-1 1.00435E-1 5.65753E-2 7.61514E-2 9.63748E-2 9.21771E-2 9.14002E-2 8.72295E-2 8.81694E-2 9.19505E-2 8.32473E-2 5.1567E-2 9.12405E-2 6.39592E-2 6.44646E-2 8.01049E-2 1.01083E-1 1.08655E-1 8.2588E-2 6.80897E-2 7.16805E-2 7.25229E-2 6.99711E-2 7.37643E-2 7.47613E-2 6.3759E-2 5.91527E-2 5.86497E-2 5.57061E-2 5.47589E-2 5.40938E-2 6.78397E-2 5.46677E-2 5.35851E-2 4.98346E-2 4.59804E-2 4.49577E-2 4.37204E-2 4.51841E-2 4.72077E-2 4.43364E-2
-9999 2.43876E-1 2.61443E-1 2.68768E-1 2.70965E-1 1.68235E-1 1.0392E-1 9.42748E-2 1.42132E-1 1.07968E-1 1.01962E-1 1.02067E-1 6.7404E-2 6.84374E-2 6.74066E-2 7.12215E-2 5.06748E-2 7.13442E-2 1.18189E-1 1.45889E-1 5.71873E-2 4.84568E-2 6.3922E-2 6.18114E-2 1.06879E-1 1.06127E-1 1.09273E-1 1.00006E-1 9.67141E-2 1.11199E-1 7.69368E-2 4.85837E-2 6.45368E-2 6.79288E-2 6.47949E-2 6.64405E-2 9.98264E-2 1.25049E-1 1.02308E-1 8.09831E-2 9.60594E-2 8.07248E-2 1.07646E-1 6.68952E-2 6.16792E-2 5.92223E-2 6.01039E-2 5.77383E-2 5.62018E-2 5.25222E-2 4.95953E-2 5.30807E-2 5.26291E-2 5.34522E-2 4.90585E-2 4.78022E-2 4.64334E-2 4.55428E-2 4.46116E-2 4.64936E-2 4.5013E-2
2.14688E-1 2.70175E-1 2.35892E-1 2.49147E-1 2.29008E-1 2.04947E-1 1.65185E-1 9.77744E-2 1.2497E-1 9.80231E-2 1.13959E-1 1.03665E-1 8.02362E-2 9.81288E-2 7.33085E-2 6.33646E-2 7.21527E-2 8.08208E-2 8.32374E-2 7.60441E-2 7.85288E-2 5.31133E-2 6.24997E-2 1.03501E-1 1.02308E-1 8.73694E-2 8.83886E-2 9.28631E-2 1.04862E-1 9.2955E-2 7.86745E-2 7.96191E-2 4.89976E-2 7.06223E-2 8.5445E-2 8.21222E-2 1.17219E-1 9.93177E-2 1.01936E-1 7.97004E-2 7.61119E-2 6.6335E-2 9.65721E-2 8.41178E-2 6.23196E-2 5.57832E-2 5.53076E-2 5.57606E-2 5.67953E-2 5.51893E-2 5.22994E-2 5.51486E-2 5.52185E-2 5.56099E-2 5.26332E-2 5.10398E-2 4.75541E-2 4.65194E-2 4.55719E-2 4.6869E-2 4.67194E-2
1.26352E-1 1.89921E-1 2.49559E-1 2.55397E-1 2.33114E-1 2.32231E-1 1.42166E-1 1.13075E-1 1.0031E-1 1.03506E-1 1.24549E-1 9.14452E-2 8.65859E-2 1.17113E-1 7.32657E-2 1.06142E-1 6.56684E-2 7.35306E-2 7.36475E-2 7.06009E-2 7.20358E-2 9.1649E-2 6.12124E-2 8.44396E-2 8.85103E-2 1.03756E-1 9.55057E-2 1.15944E-1 1.12185E-1 1.03158E-1 6.61503E-2 4.70696E-2 7.55917E-2 6.72352E-2 5.95837E-2 9.19983E-2 8.00648E-2 9.74482E-2 9.11236E-2 8.09221E-2 8.00345E-2 7.95955E-2 7.80505E-2 7.39063E-2 6.23805E-2 5.54351E-2 5.24619E-2 5.51303E-2 5.55699E-2 5.43384E-2 5.31244E-2 5.58152E-2 5.54197E-2 5.61609E-2 5.43713E-2 5.18634E-2 4.94814E-2 4.92024E-2 4.71441E-2 4.81843E-2 4.67594E-2
9.46886E-2 1.45576E-1 2.33379E-1 3.48153E-1 2.57396E-1 2.53453E-1 1.67915E-1 9.88905E-2 8.65732E-2 9.93079E-2 1.0246E-1 9.71543E-2 9.4238E-2 7.16514E-2 6.46176E-2 6.48486E-2 9.64065E-2 4.80532E-2 6.08646E-2 6.81829E-2 7.52441E-2 6.75706E-2 6.06334E-2 9.12112E-2 1.0119E-1 8.96286E-2 9.22037E-2 1.44521E-1 9.88475E-2 7.12693E-2 6.97654E-2 6.79926E-2 8.45969E-2 7.44932E-2 4.87643E-2 6.55984E-2 1.28894E-1 8.24332E-2 7.27287E-2 8.3681E-2 6.47783E-2 1.01693E-1 7.72074E-2 1.1369E-1 8.77736E-2 5.77799E-2 5.49184E-2 5.10986E-2 5.88043E-2 5.51899E-2 5.51704E-2 5.46802E-2 5.59958E-2 5.59612E-2 5.52652E-2 5.08958E-2 5.10476E-2 5.05397E-2 5.05762E-2 4.81496E-2 4.73636E-2
-9999 1.21473E-1 1.42058E-1 2.02237E-1 2.35552E-1 2.16056E-1 1.63582E-1 1.02838E-1 8.22372E-2 6.55302E-2 9.47466E-2 1.00829E-1 8.22058E-2 7.6153E-2 7.70376E-2 4.91418E-2 6.30146E-2 5.76343E-2 5.56697E-2 6.41266E-2 7.52622E-2 9.7987E-2 5.60799E-2 7.54756E-2 7.41968E-2 1.0579E-1 9.44211E-2 1.47901E-1 1.21473E-1 1.09858E-1 8.96077E-2 5.89744E-2 8.21094E-2 7.65539E-2 5.34954E-2 9.57986E-2 1.0775E-1 8.62182E-2 7.91272E-2 1.13261E-1 7.73983E-2 6.44818E-2 8.51935E-2 8.21697E-2 8.29167E-2 5.48703E-2 5.82623E-2 5.64315E-2 5.38506E-2 5.63845E-2 5.73362E-2 5.59158E-2 5.65378E-2 5.82647E-2 5.58878E-2 5.5589E-2 6.43218E-2 5.16036E-2 5.07223E-2 4.80612E-2 4.91493E-2
-9999 -9999 8.06462E-2 1.49525E-1 1.8101E-1 1.61223E-1 1.10071E-1 7.60365E-2 1.03993E-1 1.07219E-1 1.04324E-1 1.35543E-1 7.29394E-2 6.87544E-2 8.15477E-2 5.04642E-2 5.6895E-2 5.83573E-2 6.57845E-2 6.73365E-2 7.83859E-2 5.88553E-2 5.56233E-2 8.12295E-2 1.21302E-1 8.60601E-2 6.82696E-2 1.57824E-1 1.14947E-1 1.20324E-1 7.51212E-2 5.50088E-2 9.54158E-2 7.38189E-2 8.65359E-2 7.85418E-2 9.5207E-2 7.52794E-2 8.91997E-2 1.14306E-1 7.47874E-2 7.70393E-2 8.92253E-2 8.36117E-2 6.89735E-2 5.67639E-2 5.5794E-2 5.65528E-2 5.50346E-2 6.44342E-2 5.62028E-2 5.86292E-2 5.84809E-2 5.85587E-2 5.82319E-2 5.50788E-2 6.87245E-2 5.24997E-2 5.21611E-2 5.14897E-2 5.04693E-2
-9999 -9999 9.23774E-2 1.21624E-1 1.71445E-1 1.22786E-1 1.05445E-1 1.0568E-1 1.39562E-1 1.19359E-1 1.20972E-1 9.3533E-2 6.31613E-2 5.50495E-2 6.38896E-2 6.60513E-2 6.76243E-2 7.28306E-2 6.91175E-2 8.52783E-2 8.94051E-2 7.33136E-2 5.1154E-2 7.15703E-2 9.91397E-2 1.29947E-1 9.16354E-2 1.45596E-1 1.60529E-1 1.13133E-1 9.72648E-2 6.85015E-2 6.99167E-2 5.28409E-2 5.07437E-2 7.85219E-2 9.50314E-2 8.29081E-2 1.03041E-1 9.94054E-2 7.969E-2 8.35192E-2 6.87865E-2 6.51968E-2 6.12633E-2 5.6674E-2 5.06698E-2 5.96848E-2 6.56924E-2 7.79354E-2 5.91024E-2 5.83185E-2 5.99721E-2 6.13812E-2 5.85955E-2 5.72725E-2 5.61074E-2 5.545E-2 5.56623E-2 5.42615E-2 5.13988E-2
-9999 -9999 8.53647E-2 9.47358E-2 1.56601E-1 1.17024E-1 9.90348E-2 1.29968E-1 1.58082E-1 1.25236E-1 1.0466E-1 5.71317E-2 7.44726E-2 6.73768E-2 7.2153E-2 6.69427E-2 7.30931E-2 7.50426E-2 7.36598E-2 7.25076E-2 9.56936E-2 8.08536E-2 5.6493E-2 7.30195E-2 6.6861E-2 6.95554E-2 6.71048E-2 6.87749E-2 1.16897E-1 1.21775E-1 8.35599E-2 6.42005E-2 5.31343E-2 5.62775E-2 6.52828E-2 7.26325E-2 8.25864E-2 8.81172E-2 8.56842E-2 7.42768E-2 7.83289E-2 6.94254E-2 6.80497E-2 6.62876E-2 6.14324E-2 5.83668E-2 5.31663E-2 6.57368E-2 6.19327E-2 7.08033E-2 6.10872E-2 6.13193E-2 6.22443E-2 6.08984E-2 5.90305E-2 5.79295E-2 5.73182E-2 5.64528E-2 5.93681E-2 5.63668E-2 5.42658E-2
-9999 -9999 -9999 8.78642E-2 2.14836E-1 1.83169E-1 1.4266E-1 9.52047E-2 9.76039E-2 1.14764E-1 8.03776E-2 6.81268E-2 8.60021E-2 8.03462E-2 6.64663E-2 6.27053E-2 7.32581E-2 6.75414E-2 7.78776E-2 6.86969E-2 9.13645E-2 1.7237E-1 6.18472E-2 7.78417E-2 9.67736E-2 7.08374E-2 1.04648E-1 7.21112E-2 7.21346E-2 8.24528E-2 9.14862E-2 8.20933E-2 4.81713E-2 6.60024E-2 7.16477E-2 7.19649E-2 8.72332E-2 8.30047E-2 7.22028E-2 7.5269E-2 7.24931E-2 7.49363E-2 7.82611E-2 7.57107E-2 6.26149E-2 6.05217E-2 5.87358E-2 5.85183E-2 6.53179E-2 6.48063E-2 6.57885E-2 6.51209E-2 6.58861E-2 6.44366E-2 6.30309E-2 6.48537E-2 5.82273E-2 5.72505E-2 5.66087E-2 5.75723E-2 5.66351E-2
-9999 -9999 -9999 7.25668E-2 3.35602E-1 1.82015E-1 1.32585E-1 7.52856E-2 1.12665E-1 1.0242E-1 8.63409E-2 8.14797E-2 7.02714E-2 7.48421E-2 8.11026E-2 7.46957E-2 6.15809E-2 9.29617E-2 7.29585E-2 6.27867E-2 6.71664E-2 8.58784E-2 6.72543E-2 6.19192E-2 7.53588E-2 8.24728E-2 7.71935E-2 5.19422E-2 3.5919E-2 6.18206E-2 8.89211E-2 6.191E-2 5.47189E-2 7.13854E-2 7.13713E-2 7.20934E-2 9.39686E-2 1.11307E-1 8.87654E-2 9.09806E-2 7.47972E-2 7.82898E-2 8.70182E-2 7.52675E-2 7.70275E-2 6.69895E-2 6.67162E-2 6.57924E-2 6.6364E-2 6.21743E-2 6.88646E-2 6.44158E-2 6.80551E-2 6.57465E-2 6.36578E-2 6.23329E-2 6.14223E-2 5.94275E-2 5.87195E-2 5.82771E-2 5.73715E-2
-9999 -9999 -9999 3.95817E-2 3.12452E-1 1.12375E-1 1.26848E-1 1.41389E-1 7.07356E-2 1.38428E-1 1.08027E-1 8.55499E-2 8.47172E-2 8.96398E-2 6.86594E-2 7.28412E-2 5.71564E-2 8.42776E-2 5.94318E-2 7.51126E-2 1.02129E-1 7.52528E-2 1.00531E-1 6.93705E-2 7.60348E-2 8.50422E-2 7.78452E-2 7.01075E-2 5.33646E-2 5.69653E-2 1.03941E-1 7.68235E-2 7.53885E-2 7.44401E-2 7.0838E-2 7.48338E-2 8.29464E-2 8.56451E-2 1.08009E-1 9.74869E-2 8.29657E-2 7.43422E-2 8.34524E-2 9.71111E-2 6.80999E-2 7.09875E-2 7.02234E-2 6.84124E-2 6.98261E-2 6.55337E-2 7.17689E-2 7.22829E-2 6.85291E-2 6.80098E-2 6.75004E-2 6.53011E-2 6.1384E-2 6.0078E-2 6.04354E-2 6.0027E-2 6.07402E-2
-9999 -9999 -9999 -9999 1.33775E-1 1.19451E-1 7.77043E-2 6.48172E-2 8.2984E-2 1.57841E-1 1.17038E-1 8.99282E-2 1.02705E-1 7.62581E-2 7.0974E-2 1.29241E-1 1.41402E-1 7.75007E-2 7.49081E-2 7.43688E-2 7.17758E-2 7.20278E-2 7.21327E-2 5.82502E-2 7.45046E-2 9.81541E-2 8.08133E-2 7.7085E-2 6.72109E-2 7.024E-2 5.91244E-2 6.75396E-2 9.01744E-2 8.37072E-2 7.94155E-2 7.86479E-2 7.85297E-2 8.80765E-2 9.42913E-2 9.5909E-2 9.1486E-2 8.16221E-2 7.51626E-2 7.4017E-2 7.36173E-2 7.50942E-2 7.88493E-2 7.79323E-2 9.69788E-2 7.23099E-2 7.30546E-2 6.97846E-2 7.0367E-2 7.57384E-2 8.2548E-2 6.84629E-2 6.63913E-2 5.89675E-2 6.00656E-2 6.10973E-2 6.11904E-2
-9999 -9999 -9999 -9999 2.96982E-2 7.31873E-2 8.43145E-2 7.94286E-2 5.37027E-2 1.55828E-1 1.32061E-1 7.32936E-2 7.39938E-2 9.44864E-2 8.47174E-2 8.7007E-2 9.62668E-2 9.63807E-2 7.26617E-2 8.37625E-2 8.24911E-2 8.32064E-2 6.8026E-2 6.25296E-2 6.156E-2 6.83274E-2 1.30293E-1 9.19193E-2 1.02004E-1 1.1175E-1 6.81645E-2 7.63352E-2 9.1799E-2 8.78613E-2 8.53062E-2 7.99047E-2 7.93518E-2 8.33962E-2 1.02412E-1 1.11963E-1 1.2809E-1 1.14814E-1 7.82227E-2 7.59877E-2 7.82659E-2 8.54521E-2 8.84893E-2 9.37211E-2 9.22381E-2 8.09977E-2 7.44604E-2 7.10039E-2 7.01181E-2 7.19698E-2 7.42131E-2 5.27236E-2 5.38667E-2 6.32363E-2 6.66338E-2 6.601E-2 6.48076E-2
-9999 -9999 -9999 -9999 4.15294E-2 4.06789E-2 3.72474E-2 8.28991E-2 1.06522E-1 1.37968E-1 1.44223E-1 4.51713E-2 7.05341E-2 9.07195E-2 9.27244E-2 9.03782E-2 1.16662E-1 1.20722E-1 6.7217E-2 7.78551E-2 8.56127E-2 7.51048E-2 7.75734E-2 8.71818E-2 1.13108E-1 1.07024E-1 1.33234E-1 6.59891E-2 9.27272E-2 8.54222E-2 8.67562E-2 9.97372E-2 8.80696E-2 8.23335E-2 8.45907E-2 8.25238E-2 8.14528E-2 8.235E-2 1.23989E-1 1.57513E-1 9.23286E-2 9.07465E-2 7.96012E-2 8.20976E-2 8.27324E-2 1.04421E-1 1.08822E-1 1.11409E-1 -9999 8.44897E-2 7.91276E-2 7.48656E-2 8.13751E-2 6.81565E-2 9.49827E-2 6.31617E-2 7.42332E-2 7.9168E-2 7.75299E-2 6.4143E-2 6.56496E-2
-9999 -9999 -9999 -9999 3.57296E-2 4.32382E-2 3.23966E-2 2.51369E-2 6.47672E-2 1.02529E-1 1.19846E-1 6.4295E-2 5.89241E-2 6.50978E-2 9.95786E-2 1.2319E-1 1.19773E-1 9.12521E-2 8.0497E-2 7.85687E-2 1.13305E-1 9.02839E-2 8.91779E-2 1.82446E-1 1.04917E-1 8.73372E-2 1.0171E-1 7.4629E-2 7.76061E-2 7.78052E-2 8.40086E-2 9.67019E-2 8.97315E-2 9.3979E-2 9.23403E-2 8.71661E-2 8.48267E-2 8.5959E-2 8.46011E-2 9.94729E-2 1.4031E-1 8.91369E-2 8.84224E-2 8.4892E-2 8.97945E-2 9.73054E-2 -9999 -9999 -9999 -9999 1.00105E-1 8.3445E-2 7.77464E-2 7.14934E-2 8.06614E-2 7.93281E-2 7.1411E-2 6.54462E-2 6.50286E-2 6.51826E-2 6.51994E-2
-9999 -9999 -9999 -9999 2.6507E-2 3.12541E-2 3.57444E-2 3.17158E-2 5.80013E-2 9.91364E-2 1.23396E-1 1.33467E-1 6.93463E-2 1.02461E-1 1.05725E-1 1.10451E-1 9.33916E-2 7.67923E-2 6.54257E-2 7.83674E-2 7.41416E-2 7.77299E-2 8.6151E-2 9.2116E-2 6.66949E-2 8.13898E-2 1.22969E-1 6.83591E-2 8.78855E-2 8.42696E-2 8.75903E-2 8.80159E-2 9.14229E-2 9.90444E-2 9.29237E-2 1.11856E-1 8.97793E-2 8.67158E-2 8.80177E-2 9.10776E-2 9.79214E-2 8.53256E-2 8.99014E-2 9.42462E-2 1.05768E-1 -9999 -9999 -9999 -9999 1.21286E-1 1.09769E-1 9.65701E-2 8.1786E-2 7.59865E-2 8.31638E-2 7.89476E-2 7.08633E-2 6.34262E-2 6.46582E-2 6.66793E-2 6.41352E-2
-9999 -9999 -9999 -9999 3.94127E-2 3.27412E-2 4.22941E-2 2.4555E-2 4.66333E-2 1.12481E-1 2.12208E-1 1.56529E-1 7.03739E-2 1.26336E-1 1.24717E-1 1.16514E-1 9.48782E-2 1.00262E-1 6.70293E-2 7.43152E-2 7.00305E-2 8.83454E-2 8.32254E-2 7.16529E-2 6.56085E-2 7.09766E-2 9.85808E-2 8.60102E-2 1.0202E-1 1.0985E-1 1.04847E-1 8.98751E-2 9.4942E-2 9.35205E-2 9.40994E-2 9.87049E-2 1.07816E-1 9.58406E-2 9.28532E-2 9.59722E-2 9.26161E-2 9.55953E-2 1.1749E-1 1.37911E-1 1.24954E-1 -9999 -9999 -9999 1.32328E-1 1.10599E-1 1.46454E-1 1.12735E-1 9.60906E-2 1.07592E-1 7.77101E-2 8.82414E-2 7.19381E-2 6.88826E-2 7.02855E-2 9.11883E-2 7.0125E-2
-9999 -9999 -9999 5.86871E-2 3.60387E-2 5.45601E-2 2.33268E-2 3.05967E-2 4.0279E-2 1.22008E-1 2.54491E-1 1.50705E-1 8.32753E-2 8.38802E-2 9.54878E-2 8.83779E-2 1.10114E-1 1.11415E-1 1.04366E-1 7.28613E-2 6.6418E-2 7.20987E-2 6.87396E-2 6.63411E-2 9.15287E-2 6.55877E-2 6.62297E-2 9.40472E-2 9.7923E-2 1.17411E-1 1.35142E-1 1.18339E-1 9.7472E-2 9.88425E-2 1.00296E-1 9.69526E-2 9.63348E-2 9.7306E-2 9.12644E-2 9.49862E-2 1.02821E-1 9.90137E-2 1.0368E-1 1.39532E-1 2.13275E-1 1.64137E-1 1.16942E-1 1.15322E-1 1.11208E-1 1.03282E-1 1.27278E-1 1.29229E-1 1.01025E-1 9.36463E-2 9.85762E-2 9.43065E-2 7.30594E-2 6.861E-2 7.89093E-2 8.17065E-2 7.34766E-2
-9999 -9999 -9999 -9999 3.26805E-2 6.96955E-2 3.708E-2 -9999 4.83721E-2 1.49329E-1 2.54462E-1 1.74594E-1 1.01011E-1 8.42786E-2 8.99574E-2 1.00371E-1 1.36074E-1 1.18905E-1 1.15849E-1 1.04717E-1 6.67843E-2 9.09411E-2 6.66781E-2 1.12024E-1 1.25964E-1 9.10454E-2 6.40091E-2 1.04516E-1 9.98771E-2 1.07746E-1 1.15721E-1 1.23039E-1 1.12098E-1 1.03378E-1 1.06814E-1 1.06014E-1 1.24229E-1 1.19017E-1 1.07013E-1 1.01148E-1 9.82573E-2 9.57875E-2 1.00415E-1 1.33198E-1 1.79981E-1 1.37111E-1 1.1859E-1 1.06912E-1 1.17424E-1 1.05527E-1 1.24117E-1 1.25412E-1 1.08337E-1 9.18596E-2 9.71004E-2 9.65917E-2 7.31293E-2 7.17521E-2 8.6677E-2 8.20028E-2 7.29594E-2
-9999 -9999 -9999 -9999 3.11425E-2 2.72403E-2 3.06924E-2 4.98101E-2 4.891E-2 1.95128E-1 2.24258E-1 1.32653E-1 1.63451E-1 1.16068E-1 1.0624E-1 1.2134E-1 8.7776E-2 1.50104E-1 1.16544E-1 9.95173E-2 9.1682E-2 7.53396E-2 8.03219E-2 1.53538E-1 9.26644E-2 8.34218E-2 7.4412E-2 9.12312E-2 8.47725E-2 1.1027E-1 1.2982E-1 1.43096E-1 1.3033E-1 1.22584E-1 1.23022E-1 1.11799E-1 1.20907E-1 1.26471E-1 1.12419E-1 1.13235E-1 1.11548E-1 1.04461E-1 1.07966E-1 1.26677E-1 1.18997E-1 1.20072E-1 1.3948E-1 1.51649E-1 1.17773E-1 1.11857E-1 1.23335E-1 1.04684E-1 9.18474E-2 8.50496E-2 8.53552E-2 8.2105E-2 7.81052E-2 7.17543E-2 8.14436E-2 8.26136E-2 7.48282E-2
-9999 -9999 -9999 -9999 3.23197E-2 3.26675E-2 4.12464E-2 3.63192E-2 4.33496E-2 1.30276E-1 1.75385E-1 1.04661E-1 1.48982E-1 1.37819E-1 1.19634E-1 1.24783E-1 1.17633E-1 1.43009E-1 1.18365E-1 1.00178E-1 9.15909E-2 9.12493E-2 6.11868E-2 1.07423E-1 1.85501E-1 1.28658E-1 8.59874E-2 1.07419E-1 1.15669E-1 1.29275E-1 1.28787E-1 1.26138E-1 1.50601E-1 1.40257E-1 1.45138E-1 1.19585E-1 1.17367E-1 1.17896E-1 1.41683E-1 1.31591E-1 1.14857E-1 1.15459E-1 1.34462E-1 1.20501E-1 1.12601E-1 1.12791E-1 1.52645E-1 1.63427E-1 1.10528E-1 1.23025E-1 1.10309E-1 1.02095E-1 9.05377E-2 8.76125E-2 8.47796E-2 8.29807E-2 7.86191E-2 9.3869E-2 8.92412E-2 8.01167E-2 7.55534E-2
-9999 -9999 -9999 -9999 -9999 3.59546E-2 4.24416E-2 4.5888E-2 3.42046E-2 5.47727E-2 9.585E-2 1.14759E-1 1.38055E-1 1.38128E-1 1.76273E-1 1.34592E-1 1.80177E-1 1.31337E-1 1.40741E-1 1.12642E-1 1.02671E-1 1.2492E-1 9.10038E-2 1.19629E-1 1.65599E-1 2.21096E-1 1.18288E-1 8.66238E-2 9.45673E-2 1.34699E-1 1.41325E-1 1.54321E-1 1.4379E-1 1.48999E-1 1.40174E-1 1.31889E-1 1.25507E-1 1.32003E-1 1.20953E-1 1.2545E-1 1.2364E-1 1.1717E-1 1.35689E-1 1.15209E-1 1.13391E-1 1.05376E-1 1.66473E-1 1.16916E-1 1.25038E-1 1.09053E-1 1.03445E-1 1.06381E-1 9.39429E-2 9.33754E-2 9.02178E-2 9.01239E-2 9.73864E-2 7.26255E-2 8.44274E-2 8.57402E-2 7.86309E-2
-9999 -9999 -9999 -9999 -9999 8.36981E-2 2.47254E-2 4.71607E-2 3.66473E-2 4.84296E-2 7.74485E-2 7.97727E-2 7.44019E-2 9.77203E-2 1.46222E-1 1.45551E-1 1.80161E-1 1.64865E-1 1.5602E-1 1.37187E-1 1.38278E-1 6.43982E-2 9.92753E-2 9.56164E-2 1.76545E-1 2.0413E-1 1.11409E-1 1.05171E-1 1.10067E-1 1.36256E-1 1.32213E-1 1.44169E-1 1.4138E-1 1.27932E-1 1.26404E-1 1.26464E-1 1.4275E-1 1.51725E-1 1.31291E-1 1.32011E-1 1.36642E-1 1.28723E-1 1.19852E-1 1.42023E-1 1.74512E-1 1.4105E-1 1.22545E-1 1.36015E-1 1.32653E-1 1.45293E-1 1.15478E-1 1.09256E-1 1.28735E-1 9.85375E-2 9.35057E-2 1.2298E-1 8.822E-2 7.74801E-2 8.15605E-2 8.48613E-2 8.39281E-2
-9999 -9999 -9999 -9999 -9999 7.37448E-2 5.57677E-2 1.90477E-2 2.98082E-2 2.97049E-2 5.8801E-2 1.11698E-1 9.12503E-2 1.14049E-1 1.28441E-1 1.21971E-1 1.26363E-1 1.50521E-1 1.54862E-1 1.52249E-1 9.05132E-2 9.3616E-2 8.853E-2 8.25131E-2 1.25687E-1 1.73352E-1 9.03888E-2 1.401E-1 1.3921E-1 1.10199E-1 1.30466E-1 1.32071E-1 1.41393E-1 1.34846E-1 1.46768E-1 1.45767E-1 1.38585E-1 1.68779E-1 1.54663E-1 1.4847E-1 1.44152E-1 1.38142E-1 1.61143E-1 1.52785E-1 1.56882E-1 1.97772E-1 1.30005E-1 1.24592E-1 1.20545E-1 1.2206E-1 1.21329E-1 1.28899E-1 1.44842E-1 1.04674E-1 1.08349E-1 8.92289E-2 8.30543E-2 8.10615E-2 7.8632E-2 7.79077E-2 7.43727E-2
-9999 -9999 -9999 -9999 -9999 5.65272E-2 2.67234E-2 3.65856E-2 4.34936E-2 3.7096E-2 4.92175E-2 5.9777E-2 1.37106E-1 1.20437E-1 1.26793E-1 9.7013E-2 9.65769E-2 8.34073E-2 1.33223E-1 1.28975E-1 1.0851E-1 1.35707E-1 1.14802E-1 7.47188E-2 8.65327E-2 1.88123E-1 1.03933E-1 1.04097E-1 1.34034E-1 9.87762E-2 1.27717E-1 1.45512E-1 1.5043E-1 1.55547E-1 1.55537E-1 1.52066E-1 1.64223E-1 1.4395E-1 1.49608E-1 1.61764E-1 2.48078E-1 1.85E-1 1.49878E-1 1.39751E-1 1.39905E-1 1.31617E-1 1.27202E-1 1.28508E-1 1.28802E-1 1.50163E-1 1.37316E-1 1.19993E-1 1.57269E-1 1.50797E-1 1.09574E-1 -9999 1.02229E-1 8.98996E-2 8.69341E-2 8.42997E-2 8.31396E-2
