Candidate_Models_Sept202022/M_10_F_lqp_Set_1_cal/Bison.asc
ncols         97
nrows         127
xllcorner     -2197417.7431653
yllcorner     -584827.01486885
cellsize      30000.0
NODATA_value  -9999
[rows 54 to 80 of 127, columns 0 to 60 of 97]
-9999 -9999 -9999 -9999 4.58949E-2 3.73774E-2 2.76423E-2 4.06037E-2 3.50797E-2 2.43198E-2 3.18222E-2 6.57259E-2 1.02108E-1 1.64422E-1 1.09587E-1 5.43387E-2 7.20454E-2 1.1443E-1 1.05481E-1 1.11518E-1 1.31866E-1 1.22015E-1 1.05256E-1 9.0765E-2 1.19043E-1 1.67827E-1 1.43765E-1 1.11006E-1 1.44E-1 1.28071E-1 1.37244E-1 1.51937E-1 1.73839E-1 1.78552E-1 1.55833E-1 1.55025E-1 1.61426E-1 1.55991E-1 1.77537E-1 2.07649E-1 2.92665E-1 4.13561E-1 2.71153E-1 1.64027E-1 1.41839E-1 1.38462E-1 1.39234E-1 1.28372E-1 1.32089E-1 1.28794E-1 1.27376E-1 1.21902E-1 1.13729E-1 1.45922E-1 1.58174E-1 1.32911E-1 1.39551E-1 1.36425E-1 1.4098E-1 9.36091E-2 8.48179E-2
-9999 -9999 -9999 -9999 -9999 2.6962E-2 2.15019E-2 3.39594E-2 2.9833E-2 2.64481E-2 2.67188E-2 5.98942E-2 1.12423E-1 1.41408E-1 1.07538E-1 6.60419E-2 5.45961E-2 5.67083E-2 1.23576E-1 6.69738E-2 1.41182E-1 1.29148E-1 1.10041E-1 1.30378E-1 1.09115E-1 1.11973E-1 1.27766E-1 1.42944E-1 1.75339E-1 1.6725E-1 1.77589E-1 1.64926E-1 1.77663E-1 1.58481E-1 1.53563E-1 1.71546E-1 1.86589E-1 1.61267E-1 2.01609E-1 1.85561E-1 2.94675E-1 6.00559E-1 2.15843E-1 1.55629E-1 1.60208E-1 1.57023E-1 1.34681E-1 1.32808E-1 1.39493E-1 1.36592E-1 1.46773E-1 1.62037E-1 1.45352E-1 1.54553E-1 1.5691E-1 1.30757E-1 1.22652E-1 1.14898E-1 1.16088E-1 9.56944E-2 1.11882E-1
-9999 -9999 -9999 -9999 -9999 3.98953E-2 3.24459E-2 3.82995E-2 3.95175E-2 3.14749E-2 1.56169E-2 3.95636E-2 5.44466E-2 8.14306E-2 1.23478E-1 8.02506E-2 9.27269E-2 1.03026E-1 1.03621E-1 1.10483E-1 1.23864E-1 1.0444E-1 9.28917E-2 1.1556E-1 1.13399E-1 1.4313E-1 1.44833E-1 1.61224E-1 2.20812E-1 1.69932E-1 1.99428E-1 2.07036E-1 2.13108E-1 1.90468E-1 2.04254E-1 2.44009E-1 1.70275E-1 1.54115E-1 1.9186E-1 1.62217E-1 2.66533E-1 1.99691E-1 1.54283E-1 1.57348E-1 1.57365E-1 1.49139E-1 1.37125E-1 1.31369E-1 1.2738E-1 1.48868E-1 1.51647E-1 1.53809E-1 1.52709E-1 1.80426E-1 1.35448E-1 1.22113E-1 1.33975E-1 1.28036E-1 1.15384E-1 1.1138E-1 1.05898E-1
-9999 -9999 -9999 -9999 -9999 -9999 4.69305E-2 -9999 5.57602E-2 1.76701E-2 1.45501E-2 3.42135E-2 7.85627E-2 7.62903E-2 5.92295E-2 1.15574E-1 7.29457E-2 1.03915E-1 1.07823E-1 1.26337E-1 1.02295E-1 1.03608E-1 1.00743E-1 1.48539E-1 1.19575E-1 1.31607E-1 8.75223E-2 1.61433E-1 1.74805E-1 1.90026E-1 3.34574E-1 3.49699E-1 2.59101E-1 2.22854E-1 2.21033E-1 2.38297E-1 2.29688E-1 1.68978E-1 1.84817E-1 1.50868E-1 1.65075E-1 1.73557E-1 1.84906E-1 1.6783E-1 1.52635E-1 1.53509E-1 1.54023E-1 1.80321E-1 2.00983E-1 1.56417E-1 1.54128E-1 2.31342E-1 1.51389E-1 1.29933E-1 1.30226E-1 1.41962E-1 1.36706E-1 1.38478E-1 1.32908E-1 1.19723E-1 1.04603E-1
-9999 -9999 -9999 5.80239E-2 -9999 -9999 -9999 -9999 -9999 3.16608E-2 3.38913E-2 3.72631E-2 4.10803E-2 6.39038E-2 8.58764E-2 8.78681E-2 7.71737E-2 9.91827E-2 1.05118E-1 1.34308E-1 9.89539E-2 1.159E-1 8.7338E-2 1.45453E-1 9.4004E-2 9.5388E-2 9.4868E-2 1.31159E-1 2.56399E-1 2.01786E-1 4.71452E-1 4.16479E-1 2.44147E-1 2.00618E-1 1.76784E-1 2.41925E-1 2.20323E-1 2.7269E-1 5.08199E-1 1.7278E-1 1.78054E-1 1.70964E-1 1.82462E-1 1.68554E-1 1.60007E-1 1.67033E-1 1.80409E-1 1.64826E-1 1.65565E-1 1.53733E-1 1.5515E-1 1.58557E-1 1.69139E-1 1.36955E-1 1.43273E-1 1.62534E-1 1.37714E-1 1.82759E-1 1.55333E-1 1.24682E-1 1.17352E-1
-9999 -9999 -9999 4.97646E-2 7.66647E-2 8.31627E-2 -9999 -9999 -9999 4.2281E-2 3.01779E-2 6.66437E-2 5.95936E-2 7.09405E-2 6.87822E-2 9.23478E-2 6.61323E-2 9.035E-2 1.29298E-1 1.17149E-1 1.05562E-1 1.04978E-1 1.0374E-1 1.48681E-1 1.12483E-1 1.00443E-1 1.0181E-1 1.4638E-1 3.28112E-1 3.06458E-1 5.55611E-1 4.77596E-1 2.5448E-1 2.37458E-1 2.31114E-1 1.94684E-1 2.12026E-1 5.11514E-1 3.55538E-1 1.74843E-1 1.87885E-1 2.17672E-1 1.79187E-1 1.69117E-1 1.74217E-1 1.58585E-1 1.71909E-1 1.63575E-1 1.65932E-1 1.96523E-1 1.85465E-1 1.75652E-1 1.35958E-1 1.40861E-1 1.36072E-1 1.60697E-1 2.346E-1 2.18526E-1 1.62423E-1 1.51352E-1 1.39424E-1
-9999 -9999 -9999 4.85406E-2 7.99106E-2 1.0406E-1 7.31807E-2 -9999 -9999 4.76077E-2 3.67378E-2 7.28539E-2 6.63438E-2 7.62122E-2 6.53034E-2 8.05732E-2 9.28422E-2 1.20144E-1 1.30085E-1 1.1022E-1 1.3275E-1 1.41007E-1 1.32112E-1 1.18323E-1 1.48609E-1 1.00307E-1 1.66412E-1 1.40953E-1 2.284E-1 2.06735E-1 4.93623E-1 6.59853E-1 4.85005E-1 4.90026E-1 5.57048E-1 2.86887E-1 3.43038E-1 3.80692E-1 2.34666E-1 2.02311E-1 2.16797E-1 2.07063E-1 1.86701E-1 1.77282E-1 1.68479E-1 1.70427E-1 1.69602E-1 1.85229E-1 1.81173E-1 2.78571E-1 3.23365E-1 2.53494E-1 1.91227E-1 2.57201E-1 1.45483E-1 1.48911E-1 1.67399E-1 1.8741E-1 1.7405E-1 1.64064E-1 1.32286E-1
-9999 -9999 -9999 3.03606E-2 7.17855E-2 8.15083E-2 -9999 -9999 7.64002E-2 3.88016E-2 2.30404E-2 3.75685E-2 5.24481E-2 6.71275E-2 7.33395E-2 9.68317E-2 1.6141E-1 1.39339E-1 1.38973E-1 1.0248E-1 1.19965E-1 1.32284E-1 1.51928E-1 1.39764E-1 1.44403E-1 1.02428E-1 1.29714E-1 1.27265E-1 1.76926E-1 3.52889E-1 6.16078E-1 6.97335E-1 6.5304E-1 5.90459E-1 5.94194E-1 5.23769E-1 4.59549E-1 4.88807E-1 3.28166E-1 2.48211E-1 2.51244E-1 2.49242E-1 2.06296E-1 1.88542E-1 1.7423E-1 2.16067E-1 1.98088E-1 1.96369E-1 2.39507E-1 3.01366E-1 2.77345E-1 1.88107E-1 1.7027E-1 1.42137E-1 1.52469E-1 1.57665E-1 1.69268E-1 1.51466E-1 1.75689E-1 1.42911E-1 1.41849E-1
-9999 -9999 -9999 3.03426E-2 6.94747E-2 -9999 -9999 9.80747E-2 6.04516E-2 3.4839E-2 3.38617E-2 3.80648E-2 5.39565E-2 6.98503E-2 7.33977E-2 1.21339E-1 1.38904E-1 1.26616E-1 1.37604E-1 1.25822E-1 1.27336E-1 1.51176E-1 1.55291E-1 1.62961E-1 1.52608E-1 1.08636E-1 1.90625E-1 1.70073E-1 1.59195E-1 1.62314E-1 3.88839E-1 6.41723E-1 4.3009E-1 5.65303E-1 6.93013E-1 6.573E-1 6.18207E-1 7.26089E-1 4.94184E-1 2.59238E-1 2.46902E-1 2.10976E-1 1.95009E-1 1.79686E-1 1.94762E-1 2.42631E-1 2.10414E-1 1.79067E-1 1.78208E-1 2.28238E-1 2.4556E-1 1.5625E-1 1.33369E-1 1.47437E-1 1.47316E-1 1.49823E-1 1.60793E-1 1.52277E-1 1.42104E-1 1.41243E-1 1.54236E-1
-9999 -9999 -9999 2.97882E-2 3.82504E-2 -9999 -9999 -9999 6.15524E-2 3.26663E-2 3.15512E-2 4.47401E-2 3.35051E-2 1.29567E-1 1.21744E-1 1.17492E-1 1.37562E-1 1.54711E-1 1.62279E-1 1.20845E-1 1.39434E-1 1.52621E-1 1.5997E-1 1.54942E-1 1.48585E-1 1.02956E-1 1.04581E-1 1.07184E-1 1.47964E-1 1.45558E-1 1.80238E-1 4.44315E-1 5.52426E-1 5.67534E-1 7.34005E-1 7.31305E-1 6.36217E-1 6.48261E-1 3.00313E-1 2.59556E-1 2.32453E-1 2.31187E-1 2.14426E-1 1.98881E-1 2.18026E-1 2.28649E-1 2.58987E-1 1.98727E-1 2.01848E-1 2.44443E-1 2.41047E-1 1.78896E-1 1.88576E-1 1.73113E-1 1.68538E-1 1.57162E-1 1.56722E-1 1.59193E-1 1.61751E-1 1.82205E-1 1.63327E-1
-9999 -9999 -9999 3.40547E-2 5.05311E-2 -9999 -9999 -9999 7.33954E-2 4.28066E-2 3.8724E-2 3.21539E-2 7.58052E-2 1.13251E-1 1.07961E-1 1.40167E-1 1.4E-1 1.53259E-1 1.64953E-1 1.39366E-1 1.39833E-1 1.74737E-1 1.76223E-1 1.78992E-1 1.69451E-1 1.58272E-1 9.887E-2 1.43941E-1 1.38995E-1 1.78512E-1 2.02056E-1 5.12869E-1 6.26542E-1 6.37706E-1 5.78577E-1 5.74416E-1 5.08281E-1 6.70737E-1 3.61807E-1 4.03988E-1 2.70143E-1 2.5689E-1 2.2723E-1 2.07091E-1 2.88353E-1 2.90982E-1 2.7979E-1 2.15221E-1 2.19415E-1 2.6345E-1 2.73601E-1 1.86814E-1 1.78321E-1 1.66925E-1 1.71577E-1 1.6763E-1 1.56872E-1 1.52296E-1 1.47426E-1 1.44805E-1 1.55223E-1
-9999 -9999 -9999 2.88607E-2 5.98888E-2 -9999 -9999 -9999 7.43051E-2 5.70999E-2 2.08853E-2 4.13193E-2 5.52765E-2 1.04459E-1 1.58318E-1 1.22374E-1 1.39661E-1 1.63806E-1 1.46627E-1 1.50627E-1 2.1617E-1 2.79741E-1 1.87789E-1 1.89031E-1 1.7256E-1 1.61842E-1 1.39585E-1 1.55149E-1 1.40669E-1 1.73891E-1 2.02894E-1 3.41269E-1 5.1103E-1 6.35317E-1 5.1401E-1 6.08658E-1 3.82035E-1 5.71109E-1 5.82761E-1 3.64472E-1 2.29731E-1 2.20681E-1 2.2392E-1 2.30502E-1 2.09419E-1 2.14789E-1 2.3178E-1 2.38058E-1 2.69123E-1 2.39842E-1 2.09668E-1 2.01352E-1 1.84247E-1 1.75679E-1 1.76109E-1 1.73217E-1 1.59284E-1 1.8186E-1 1.66796E-1 1.62328E-1 2.62255E-1
-9999 -9999 -9999 -9999 3.24918E-2 -9999 -9999 -9999 -9999 5.93483E-2 3.08924E-2 3.32308E-2 6.64763E-2 5.02254E-2 1.11097E-1 1.35077E-1 1.53797E-1 1.67363E-1 1.71696E-1 2.04458E-1 1.7813E-1 3.70754E-1 2.58495E-1 2.10997E-1 2.35653E-1 1.6882E-1 1.29253E-1 1.21932E-1 1.85123E-1 1.48144E-1 1.56788E-1 2.01715E-1 2.295E-1 2.39203E-1 2.28589E-1 2.59459E-1 5.75517E-1 4.70083E-1 2.77835E-1 2.16906E-1 2.97071E-1 2.17783E-1 2.70247E-1 2.30847E-1 2.18421E-1 2.68144E-1 2.36714E-1 2.48876E-1 2.3927E-1 2.35912E-1 2.98265E-1 2.00137E-1 1.89867E-1 1.83581E-1 1.82582E-1 1.8669E-1 1.77642E-1 1.65691E-1 1.61449E-1 1.5344E-1 1.59178E-1
-9999 -9999 -9999 -9999 6.03432E-2 -9999 -9999 -9999 -9999 7.73821E-2 3.96579E-2 3.0542E-2 1.02885E-1 7.37915E-2 9.54585E-2 1.33327E-1 1.61039E-1 1.58107E-1 1.71448E-1 1.66319E-1 1.94087E-1 2.40312E-1 2.05708E-1 2.99084E-1 3.71367E-1 2.03999E-1 1.61897E-1 1.4892E-1 1.50035E-1 1.49637E-1 1.2165E-1 1.7019E-1 2.26997E-1 2.57941E-1 2.1746E-1 2.25372E-1 3.70227E-1 2.32915E-1 2.11111E-1 2.04164E-1 2.53957E-1 2.46745E-1 2.50934E-1 2.93774E-1 2.30507E-1 2.53609E-1 3.60882E-1 2.52759E-1 2.4451E-1 2.51719E-1 2.66056E-1 2.19743E-1 2.05733E-1 1.96441E-1 1.94043E-1 2.04509E-1 1.89621E-1 1.76288E-1 1.69604E-1 1.59973E-1 1.56426E-1
-9999 -9999 -9999 -9999 -9999 -9999 -9999 -9999 -9999 6.48697E-2 5.52187E-2 2.45043E-2 6.064E-2 5.68269E-2 5.9179E-2 1.15495E-1 1.73103E-1 1.73273E-1 1.70213E-1 1.9637E-1 1.78619E-1 1.90432E-1 2.13008E-1 2.04529E-1 1.73447E-1 1.29736E-1 1.09208E-1 1.58479E-1 1.31405E-1 1.41809E-1 1.75755E-1 1.43337E-1 1.45172E-1 2.04283E-1 2.00667E-1 2.33756E-1 3.07509E-1 2.90957E-1 2.28807E-1 2.66219E-1 3.12479E-1 2.4788E-1 2.85003E-1 3.08241E-1 4.7273E-1 5.2029E-1 5.03069E-1 2.98373E-1 2.38957E-1 2.33496E-1 2.53233E-1 2.5733E-1 2.18577E-1 1.93643E-1 1.97969E-1 1.8867E-1 1.92168E-1 1.9306E-1 1.7604E-1 1.77337E-1 1.69666E-1
-9999 -9999 -9999 -9999 -9999 -9999 -9999 -9999 -9999 -9999 6.32901E-2 3.12145E-2 3.4724E-2 6.61326E-2 9.66112E-2 1.58276E-1 1.78254E-1 1.63062E-1 1.8391E-1 1.82098E-1 1.65896E-1 1.69333E-1 2.0271E-1 2.0865E-1 1.82416E-1 1.20477E-1 1.2862E-1 1.22265E-1 1.35932E-1 1.3978E-1 1.80042E-1 1.21228E-1 1.97655E-1 2.32278E-1 2.45114E-1 2.45984E-1 2.89413E-1 3.04848E-1 2.49619E-1 3.0442E-1 3.11164E-1 4.501E-1 4.8387E-1 5.49072E-1 6.32745E-1 6.27539E-1 5.1733E-1 5.7618E-1 2.5419E-1 2.30022E-1 3.02024E-1 2.54031E-1 2.19648E-1 2.11738E-1 2.01398E-1 1.86332E-1 2.15792E-1 2.29688E-1 2.06741E-1 1.89899E-1 1.92358E-1
-9999 -9999 -9999 -9999 -9999 -9999 -9999 -9999 -9999 -9999 5.54748E-2 3.73213E-2 3.16775E-2 5.23225E-2 9.70272E-2 6.99094E-2 1.8922E-1 2.0406E-1 1.80952E-1 1.90808E-1 1.62732E-1 1.64428E-1 2.08656E-1 2.45986E-1 1.65984E-1 1.12704E-1 9.61811E-2 7.40235E-2 1.0533E-1 1.89042E-1 1.70113E-1 1.64942E-1 1.682E-1 2.11915E-1 2.40493E-1 2.61165E-1 2.3539E-1 2.45244E-1 2.54238E-1 4.36666E-1 5.32169E-1 6.07465E-1 6.1435E-1 6.33882E-1 6.10465E-1 5.70186E-1 3.36679E-1 4.82638E-1 4.07031E-1 4.93106E-1 4.63903E-1 3.16893E-1 2.16544E-1 2.12206E-1 2.00181E-1 2.02299E-1 2.04047E-1 1.95294E-1 1.96307E-1 1.92392E-1 2.01759E-1
-9999 -9999 -9999 -9999 -9999 -9999 -9999 -9999 -9999 -9999 4.78756E-2 2.8866E-2 3.49934E-2 5.02904E-2 2.25447E-1 2.43406E-1 2.44835E-1 2.26969E-1 1.93222E-1 1.98263E-1 1.81537E-1 1.86387E-1 2.088E-1 2.30475E-1 1.90564E-1 1.21979E-1 9.96492E-2 1.12523E-1 1.36731E-1 1.19017E-1 1.73073E-1 2.10515E-1 1.94951E-1 1.67892E-1 2.31432E-1 2.43945E-1 3.10939E-1 4.25329E-1 4.95749E-1 4.89053E-1 6.12726E-1 6.23824E-1 6.74061E-1 6.68892E-1 6.78584E-1 6.73353E-1 6.05487E-1 5.77355E-1 5.97747E-1 6.08076E-1 6.70758E-1 5.2467E-1 4.39889E-1 3.95633E-1 3.71986E-1 2.19839E-1 2.05755E-1 2.01248E-1 2.08463E-1 2.02569E-1 2.17061E-1
-9999 -9999 -9999 -9999 -9999 -9999 -9999 -9999 -9999 -9999 5.15209E-2 2.15428E-2 3.861E-2 5.02688E-2 1.44155E-1 1.17446E-1 2.05588E-1 2.04867E-1 1.8996E-1 2.08814E-1 2.29065E-1 2.07802E-1 2.02013E-1 2.23131E-1 1.76681E-1 1.12507E-1 1.03919E-1 1.10453E-1 2.16E-1 1.42581E-1 1.26215E-1 2.37376E-1 2.06313E-1 1.42925E-1 2.36405E-1 2.40214E-1 2.96919E-1 3.57563E-1 3.85009E-1 4.88633E-1 6.01936E-1 6.27944E-1 7.27016E-1 6.8387E-1 7.43864E-1 7.11729E-1 6.76005E-1 6.52535E-1 6.89085E-1 6.33949E-1 4.0689E-1 3.21546E-1 3.2823E-1 4.90748E-1 5.6992E-1 5.0557E-1 2.46421E-1 2.17543E-1 2.13429E-1 1.99277E-1 2.1812E-1
-9999 -9999 -9999 -9999 -9999 -9999 -9999 -9999 -9999 -9999 4.19081E-2 2.8298E-2 4.68551E-2 1.47193E-1 2.35291E-1 8.47262E-2 2.21718E-1 1.72866E-1 1.96317E-1 2.48684E-1 2.71949E-1 2.27463E-1 2.28146E-1 1.91821E-1 2.25123E-1 1.68633E-1 1.18797E-1 1.20445E-1 1.61871E-1 2.34213E-1 1.3389E-1 1.44277E-1 1.7585E-1 1.88366E-1 2.43051E-1 3.19607E-1 2.82949E-1 2.93541E-1 3.19867E-1 4.49963E-1 6.51856E-1 7.16963E-1 7.34809E-1 7.06854E-1 7.59945E-1 6.42786E-1 6.47744E-1 6.45918E-1 5.70207E-1 6.97417E-1 6.22741E-1 4.11689E-1 3.29139E-1 5.95355E-1 3.89982E-1 3.56241E-1 2.32256E-1 2.81641E-1 2.32844E-1 2.05905E-1 2.23059E-1
-9999 -9999 -9999 -9999 -9999 -9999 -9999 -9999 1.01806E-1 7.19696E-2 6.06625E-2 4.10059E-2 2.90055E-2 5.85749E-2 1.19169E-1 2.22642E-1 2.27482E-1 2.02232E-1 1.72059E-1 2.20728E-1 2.41708E-1 2.62453E-1 2.59132E-1 2.23555E-1 2.3379E-1 2.08431E-1 1.18453E-1 9.30712E-2 1.0368E-1 1.49707E-1 1.01474E-1 1.17985E-1 2.05253E-1 1.59979E-1 2.19018E-1 1.97846E-1 2.39894E-1 3.08086E-1 2.86761E-1 4.75674E-1 6.55051E-1 7.39001E-1 7.18433E-1 6.81091E-1 6.97295E-1 6.36477E-1 6.42953E-1 6.48619E-1 6.60017E-1 6.01319E-1 6.97329E-1 6.17995E-1 5.86373E-1 5.37958E-1 3.52243E-1 3.09999E-1 4.00671E-1 3.63366E-1 3.79184E-1 2.21602E-1 2.53069E-1
-9999 -9999 -9999 -9999 -9999 -9999 -9999 -9999 4.91396E-2 4.56708E-2 7.53256E-2 6.0653E-2 5.03101E-2 2.91227E-2 3.77249E-2 1.32533E-1 1.40513E-1 2.52095E-1 1.73787E-1 1.88323E-1 2.28886E-1 2.42286E-1 2.91203E-1 2.25584E-1 2.28093E-1 1.75342E-1 1.24534E-1 1.10515E-1 1.09994E-1 1.09711E-1 2.15668E-1 9.65618E-2 1.76591E-1 2.25279E-1 2.83208E-1 1.79415E-1 2.27339E-1 2.75594E-1 2.82904E-1 3.05522E-1 5.81536E-1 6.78838E-1 6.60753E-1 6.91812E-1 6.70122E-1 6.69084E-1 6.32258E-1 6.50187E-1 6.41677E-1 6.899E-1 6.94104E-1 6.749E-1 6.33432E-1 5.99375E-1 5.8618E-1 5.33949E-1 6.17775E-1 5.46296E-1 5.92427E-1 5.61329E-1 6.16879E-1
-9999 -9999 -9999 -9999 -9999 -9999 -9999 -9999 2.7679E-2 2.2131E-2 3.08518E-2 2.76281E-2 4.02797E-2 3.3076E-2 3.64406E-2 1.13644E-1 1.55022E-1 2.81568E-1 1.99827E-1 2.09127E-1 2.36723E-1 2.01689E-1 2.1953E-1 2.33107E-1 2.4654E-1 2.40341E-1 1.43912E-1 1.49902E-1 1.42879E-1 1.29821E-1 1.79758E-1 1.67916E-1 1.58954E-1 2.51916E-1 3.51019E-1 3.20726E-1 1.77686E-1 2.3585E-1 2.73615E-1 5.29187E-1 6.91357E-1 6.63734E-1 7.04396E-1 7.19197E-1 7.29237E-1 6.90664E-1 6.51803E-1 6.10098E-1 6.96267E-1 6.84792E-1 7.4806E-1 7.01915E-1 6.4801E-1 5.80833E-1 6.13095E-1 5.86727E-1 6.15469E-1 5.69914E-1 6.02283E-1 6.56317E-1 7.11113E-1
-9999 -9999 -9999 -9999 -9999 -9999 -9999 -9999 -9999 2.70028E-2 2.48846E-2 2.92779E-2 4.12505E-2 5.22301E-2 3.68731E-2 3.74937E-2 1.24904E-1 2.82759E-1 3.80684E-1 2.97443E-1 1.64244E-1 1.5667E-1 1.44271E-1 2.26508E-1 1.94795E-1 2.06708E-1 1.62575E-1 1.10477E-1 1.18848E-1 1.07548E-1 8.95031E-2 1.405E-1 1.57963E-1 1.43195E-1 2.48415E-1 2.35394E-1 2.37475E-1 2.39833E-1 3.17805E-1 7.14199E-1 6.86643E-1 6.87899E-1 7.38448E-1 7.21016E-1 6.60917E-1 6.32753E-1 7.12635E-1 7.10245E-1 5.98136E-1 6.38203E-1 6.22434E-1 5.89498E-1 6.13523E-1 7.45839E-1 7.04438E-1 6.28707E-1 6.59272E-1 6.26455E-1 6.49023E-1 5.94571E-1 6.79325E-1
-9999 -9999 -9999 -9999 -9999 -9999 -9999 -9999 -9999 2.85575E-2 3.15729E-2 3.0349E-2 2.53852E-2 5.68235E-2 6.12727E-2 4.54703E-2 5.44203E-2 1.1666E-1 2.3536E-1 2.14569E-1 1.29249E-1 1.20414E-1 1.4342E-1 1.66871E-1 1.78982E-1 1.87772E-1 2.03195E-1 1.49771E-1 9.86309E-2 8.71237E-2 1.45719E-1 7.51366E-2 2.29583E-1 1.23963E-1 2.24639E-1 2.90687E-1 3.59487E-1 2.48292E-1 2.75798E-1 6.09427E-1 7.13014E-1 6.96954E-1 6.75622E-1 6.90011E-1 6.68538E-1 5.70313E-1 5.80031E-1 6.95836E-1 6.13694E-1 6.61415E-1 6.92509E-1 6.06268E-1 6.64074E-1 6.93409E-1 7.12887E-1 6.72926E-1 5.99145E-1 5.87792E-1 6.60293E-1 6.2592E-1 6.78342E-1
-9999 -9999 -9999 -9999 -9999 -9999 -9999 -9999 -9999 -9999 2.87733E-2 1.85619E-2 1.91072E-2 7.10845E-2 1.10198E-1 4.2028E-2 4.92819E-2 7.85617E-2 1.92075E-1 1.58991E-1 1.40809E-1 8.95915E-2 1.24713E-1 2.87082E-1 2.25907E-1 2.15039E-1 1.69676E-1 1.13222E-1 1.00292E-1 9.05619E-2 1.08594E-1 1.03671E-1 1.2427E-1 1.3487E-1 1.50526E-1 2.44929E-1 3.01692E-1 2.87214E-1 4.25351E-1 6.27224E-1 6.56216E-1 6.83071E-1 6.89622E-1 6.57996E-1 5.20354E-1 4.65714E-1 5.01704E-1 6.13554E-1 5.84899E-1 5.97513E-1 7.20745E-1 7.05662E-1 6.73657E-1 7.27086E-1 6.2879E-1 6.71853E-1 7.12439E-1 6.13549E-1 6.55707E-1 6.90476E-1 6.54138E-1
-9999 -9999 -9999 -9999 -9999 -9999 -9999 -9999 -9999 -9999 3.42549E-2 2.055E-2 2.78594E-2 4.79444E-2 1.39694E-1 7.50033E-2 3.48611E-2 4.40204E-2 1.2966E-1 1.13807E-1 1.18738E-1 1.30677E-1 1.22025E-1 1.55197E-1 2.73553E-1 3.68683E-1 3.13829E-1 1.7782E-1 1.65796E-1 1.1765E-1 7.22817E-2 1.11442E-1 1.78981E-1 1.78911E-1 1.16999E-1 2.04084E-1 2.46674E-1 2.66535E-1 2.93151E-1 6.78473E-1 6.79248E-1 7.07147E-1 7.1971E-1 7.42581E-1 6.81676E-1 5.44189E-1 4.77801E-1 4.82306E-1 5.72392E-1 5.54186E-1 6.24982E-1 6.56908E-1 6.73301E-1 6.8348E-1 6.64094E-1 6.25417E-1 6.92631E-1 6.98412E-1 6.90342E-1 6.44826E-1 6.42327E-1
