Candidate_Models_Sept202022/M_10_F_lqp_Set_1_cal/Bison.asc
ncols         97
nrows         127
xllcorner     -2197417.7431653
yllcorner     -584827.01486885
cellsize      30000.0
NODATA_value  -9999
[rows 81 to 107 of 127, columns 0 to 60 of 97]
-9999 -9999 -9999 -9999 -9999 -9999 -9999 -9999 -9999 -9999 -9999 4.34996E-2 2.80119E-2 4.65574E-2 1.1788E-1 7.76376E-2 5.49186E-2 3.6738E-2 7.71788E-2 1.72963E-1 1.12595E-1 1.68623E-1 8.31076E-2 1.42481E-1 2.50481E-1 3.49603E-1 2.02984E-1 1.83587E-1 2.60753E-1 9.83996E-2 9.03859E-2 8.46161E-2 1.2342E-1 1.71239E-1 1.42067E-1 1.74911E-1 2.28063E-1 2.16408E-1 4.07362E-1 7.22552E-1 7.17262E-1 6.83136E-1 6.86565E-1 7.37372E-1 6.54846E-1 5.11772E-1 4.85772E-1 4.66985E-1 4.99481E-1 5.31695E-1 5.63842E-1 6.69606E-1 6.92836E-1 6.78374E-1 7.13546E-1 5.68576E-1 6.44656E-1 6.43213E-1 6.24951E-1 6.17719E-1 6.53547E-1
-9999 -9999 -9999 -9999 -9999 -9999 -9999 -9999 -9999 -9999 -9999 -9999 3.70959E-2 3.22613E-2 6.36695E-2 1.32398E-1 7.50211E-2 7.07514E-2 4.36439E-2 1.07402E-1 7.74328E-2 6.96533E-2 7.58378E-2 1.31457E-1 3.47472E-1 3.91325E-1 2.33695E-1 1.94049E-1 2.94388E-1 9.14474E-2 5.74999E-2 8.33561E-2 8.78779E-2 1.44091E-1 1.90351E-1 1.35439E-1 1.755E-1 1.76966E-1 2.40632E-1 6.61688E-1 7.0436E-1 6.97005E-1 6.71897E-1 6.97803E-1 6.46155E-1 5.2958E-1 4.46123E-1 4.76961E-1 5.07279E-1 6.04402E-1 6.05001E-1 6.50394E-1 7.28517E-1 6.44249E-1 6.39123E-1 7.06757E-1 6.47154E-1 5.5628E-1 6.21997E-1 5.87247E-1 6.65215E-1
-9999 -9999 -9999 -9999 -9999 -9999 -9999 -9999 -9999 -9999 -9999 -9999 -9999 4.66479E-2 2.57508E-2 6.83881E-2 1.63966E-1 1.22491E-1 1.6059E-1 5.15813E-2 5.00301E-2 5.06598E-2 3.96258E-2 1.23335E-1 2.10773E-1 2.05189E-1 1.57955E-1 2.71762E-1 1.65232E-1 1.08963E-1 6.97918E-2 5.9435E-2 5.76212E-2 8.09729E-2 1.34371E-1 2.12016E-1 1.30619E-1 2.08616E-1 2.19926E-1 6.72848E-1 7.21781E-1 7.12927E-1 6.72765E-1 6.48943E-1 6.0664E-1 5.01272E-1 4.83658E-1 4.86692E-1 5.23503E-1 5.72294E-1 6.10199E-1 6.51585E-1 7.29752E-1 7.00677E-1 6.69715E-1 6.71096E-1 6.67684E-1 6.41169E-1 6.07397E-1 6.19945E-1 5.94139E-1
-9999 -9999 -9999 -9999 -9999 -9999 -9999 -9999 -9999 -9999 -9999 -9999 -9999 5.72384E-2 3.62111E-2 6.10959E-2 1.19171E-1 -9999 2.61772E-1 3.25852E-1 2.3468E-1 9.48393E-2 4.07555E-2 1.00399E-1 2.14598E-1 1.93275E-1 2.18359E-1 2.06255E-1 1.30377E-1 1.37882E-1 9.71091E-2 6.54943E-2 6.45129E-2 8.16952E-2 1.24015E-1 1.45734E-1 1.26229E-1 2.0853E-1 2.00026E-1 6.92738E-1 6.26053E-1 6.72527E-1 6.87508E-1 5.82775E-1 5.6867E-1 6.5819E-1 5.51837E-1 5.56835E-1 4.99536E-1 5.36651E-1 5.99482E-1 6.12599E-1 6.0446E-1 5.70734E-1 6.27404E-1 5.0924E-1 6.09155E-1 5.69456E-1 5.77928E-1 6.69094E-1 6.46114E-1
-9999 -9999 -9999 -9999 -9999 -9999 -9999 -9999 -9999 -9999 -9999 -9999 -9999 5.3574E-2 3.98669E-2 6.13356E-2 1.18176E-1 -9999 2.20652E-1 3.97666E-1 1.2069E-1 4.91282E-2 3.92476E-2 1.00132E-1 1.50327E-1 1.16593E-1 2.33954E-1 1.2178E-1 1.27968E-1 8.85999E-2 8.71389E-2 5.07916E-2 9.78999E-2 8.8219E-2 1.09265E-1 1.79907E-1 1.6502E-1 1.57191E-1 2.4321E-1 4.31984E-1 6.64914E-1 6.41745E-1 6.81488E-1 6.31787E-1 5.37432E-1 6.05108E-1 4.74103E-1 4.77609E-1 5.06793E-1 6.3856E-1 6.69703E-1 5.34202E-1 6.28317E-1 7.03212E-1 6.02229E-1 5.36443E-1 5.96288E-1 5.84914E-1 6.31549E-1 6.27662E-1 6.12811E-1
-9999 -9999 -9999 -9999 -9999 -9999 -9999 -9999 -9999 -9999 -9999 -9999 -9999 5.40491E-2 5.73548E-2 7.70247E-2 1.29825E-1 -9999 9.74957E-2 1.60298E-1 9.03666E-2 1.17492E-1 7.06421E-2 8.86404E-2 2.07243E-1 2.72227E-1 3.22403E-1 1.29437E-1 1.02165E-1 9.94256E-2 1.0978E-1 7.01054E-2 1.29659E-1 8.92169E-2 7.62542E-2 2.79199E-1 1.23969E-1 1.61391E-1 2.05148E-1 6.34282E-1 6.17572E-1 6.5421E-1 6.77963E-1 6.84253E-1 6.65007E-1 5.76734E-1 4.96219E-1 5.22741E-1 5.51828E-1 6.40413E-1 6.03531E-1 4.55411E-1 5.54555E-1 6.93336E-1 6.90042E-1 6.63013E-1 6.32559E-1 4.86856E-1 5.71125E-1 6.54239E-1 7.05325E-1
-9999 -9999 -9999 -9999 -9999 -9999 -9999 -9999 -9999 -9999 -9999 -9999 -9999 6.39095E-2 2.96102E-2 3.20651E-2 2.77376E-1 -9999 2.11752E-1 1.54345E-1 6.66602E-2 4.05035E-2 1.60298E-1 1.78154E-1 1.63028E-1 2.53937E-1 4.09166E-1 2.46251E-1 1.98445E-1 9.70844E-2 1.43445E-1 7.99199E-2 8.57059E-2 1.20536E-1 1.86996E-1 2.01736E-1 1.6734E-1 1.71647E-1 3.62148E-1 6.49267E-1 5.47244E-1 6.17704E-1 7.26525E-1 6.90347E-1 6.39763E-1 6.02285E-1 6.47332E-1 6.56096E-1 6.16623E-1 4.90412E-1 5.104E-1 4.55554E-1 5.67488E-1 6.28142E-1 6.92157E-1 7.01096E-1 6.38865E-1 5.46825E-1 5.04804E-1 5.48215E-1 6.89382E-1
-9999 -9999 -9999 -9999 -9999 -9999 -9999 -9999 -9999 -9999 -9999 -9999 -9999 5.29335E-2 2.84524E-2 4.12652E-2 4.80407E-2 1.21701E-1 1.58133E-1 1.7557E-1 3.89515E-2 5.68254E-2 1.87327E-1 2.08522E-1 3.13251E-1 3.86041E-1 3.35327E-1 2.0673E-1 1.34164E-1 1.63083E-1 1.237E-1 7.0329E-2 7.11218E-2 2.83636E-1 1.05461E-1 1.31068E-1 1.90325E-1 1.57277E-1 2.10556E-1 7.42544E-1 6.03644E-1 6.60102E-1 6.50797E-1 7.06443E-1 6.62995E-1 6.78624E-1 5.84714E-1 5.42693E-1 6.85981E-1 6.94582E-1 6.35346E-1 6.38972E-1 7.13043E-1 6.89927E-1 6.83533E-1 7.26024E-1 6.9217E-1 6.93618E-1 6.47163E-1 5.39873E-1 6.31078E-1
-9999 -9999 -9999 -9999 -9999 -9999 -9999 -9999 -9999 -9999 -9999 -9999 -9999 7.55179E-2 3.52997E-2 3.36687E-2 4.22776E-2 1.0874E-1 2.0128E-1 1.73543E-1 3.73508E-2 9.75479E-2 1.45042E-1 2.50054E-1 4.08076E-1 3.34003E-1 2.40707E-1 1.53106E-1 1.32263E-1 3.19474E-1 1.25283E-1 1.19367E-1 1.27786E-1 3.22559E-1 1.06635E-1 1.29847E-1 2.22441E-1 1.46149E-1 1.96507E-1 3.98894E-1 7.30045E-1 6.38921E-1 5.91479E-1 6.35836E-1 6.87487E-1 6.77742E-1 5.849E-1 5.11098E-1 5.08302E-1 5.43744E-1 5.47196E-1 5.94929E-1 6.77405E-1 6.94384E-1 6.73352E-1 6.86916E-1 6.60285E-1 7.0596E-1 7.14039E-1 6.77057E-1 5.75964E-1
-9999 -9999 -9999 -9999 -9999 -9999 -9999 -9999 -9999 -9999 -9999 -9999 -9999 8.44516E-2 7.2969E-2 7.34319E-2 1.15736E-1 1.37466E-1 1.91032E-1 1.16969E-1 3.86558E-2 9.5188E-2 1.75811E-1 4.57175E-1 5.10209E-1 3.46273E-1 3.05369E-1 1.64983E-1 2.23098E-1 2.95925E-1 1.96705E-1 1.37312E-1 1.95487E-1 1.46194E-1 9.66198E-2 1.2289E-1 1.44758E-1 1.31249E-1 1.97942E-1 3.56872E-1 5.83168E-1 5.51655E-1 6.05189E-1 5.45789E-1 6.02725E-1 6.32222E-1 5.03633E-1 4.95673E-1 4.64983E-1 4.80368E-1 5.32313E-1 5.30204E-1 6.67548E-1 5.95288E-1 5.55767E-1 6.03693E-1 6.34594E-1 6.49028E-1 6.47752E-1 6.13716E-1 6.1675E-1
-9999 -9999 -9999 -9999 -9999 -9999 -9999 -9999 -9999 -9999 -9999 -9999 -9999 9.28217E-2 1.09186E-1 1.12228E-1 1.4584E-1 1.90953E-1 2.35818E-1 7.84402E-2 1.11726E-1 1.77299E-1 3.30332E-1 5.4486E-1 4.51198E-1 3.25195E-1 4.09696E-1 3.66743E-1 2.8629E-1 2.94499E-1 3.1948E-1 2.23672E-1 2.23473E-1 1.32882E-1 8.13366E-2 1.50486E-1 1.74079E-1 2.17648E-1 2.67768E-1 1.89786E-1 5.74016E-1 5.11167E-1 5.72845E-1 5.86657E-1 4.4245E-1 5.01018E-1 5.37708E-1 4.92094E-1 4.99119E-1 4.60584E-1 4.5443E-1 5.09394E-1 5.51491E-1 5.71226E-1 5.41821E-1 5.0281E-1 5.20764E-1 5.38677E-1 5.89475E-1 6.03307E-1 5.7724E-1
-9999 -9999 -9999 -9999 -9999 -9999 -9999 -9999 -9999 -9999 -9999 -9999 -9999 8.73604E-2 8.32053E-2 2.04558E-1 1.91568E-1 1.83215E-1 1.06211E-1 9.56764E-2 1.71275E-1 2.91814E-1 3.57771E-1 4.21824E-1 4.47988E-1 3.46303E-1 3.89929E-1 3.51167E-1 4.54698E-1 4.26137E-1 4.45162E-1 3.41083E-1 1.3074E-1 9.59565E-2 8.85048E-2 1.4213E-1 2.7987E-1 3.63453E-1 5.78127E-1 1.48675E-1 3.19717E-1 6.53582E-1 5.20306E-1 5.80126E-1 4.81837E-1 5.24131E-1 5.33876E-1 5.09198E-1 4.9596E-1 5.16392E-1 4.6389E-1 5.00418E-1 5.62564E-1 5.51843E-1 5.30118E-1 5.25147E-1 4.65263E-1 5.70122E-1 5.45567E-1 6.18744E-1 6.06851E-1
-9999 -9999 -9999 -9999 -9999 -9999 -9999 -9999 -9999 -9999 -9999 -9999 6.93028E-2 7.21696E-2 8.59818E-2 2.32545E-1 1.56619E-1 1.03393E-1 1.29862E-1 9.46289E-2 1.84618E-1 4.24401E-1 4.33181E-1 4.77077E-1 4.35629E-1 3.84396E-1 3.63307E-1 4.47581E-1 3.85921E-1 4.32387E-1 5.8509E-1 2.70086E-1 1.23751E-1 1.02113E-1 1.15546E-1 1.30651E-1 2.40497E-1 3.79452E-1 2.31854E-1 1.41348E-1 1.62465E-1 5.74501E-1 5.76083E-1 5.9301E-1 5.57774E-1 4.79618E-1 4.92196E-1 4.94237E-1 4.86982E-1 6.42943E-1 5.37839E-1 4.90528E-1 4.93478E-1 5.20696E-1 4.90018E-1 5.05764E-1 4.7555E-1 5.95919E-1 5.19415E-1 5.19697E-1 5.97888E-1
-9999 -9999 -9999 -9999 -9999 -9999 -9999 -9999 -9999 -9999 -9999 -9999 1.29459E-1 9.55222E-2 1.09516E-1 1.60543E-1 1.07074E-1 1.2955E-1 7.39549E-2 1.27342E-1 3.28126E-1 5.21784E-1 3.48352E-1 4.09672E-1 3.96521E-1 4.59486E-1 4.6969E-1 3.81548E-1 3.5148E-1 5.06044E-1 5.66088E-1 3.33983E-1 1.37671E-1 1.26848E-1 8.73755E-2 1.27238E-1 4.38534E-1 5.38371E-1 3.62213E-1 1.27307E-1 2.54594E-1 4.97632E-1 4.73324E-1 5.1912E-1 5.2677E-1 5.50855E-1 4.77346E-1 5.29178E-1 5.62224E-1 6.63185E-1 6.02076E-1 5.05214E-1 4.3771E-1 5.03547E-1 4.72385E-1 4.96086E-1 4.75277E-1 5.08377E-1 5.26136E-1 4.95274E-1 5.21634E-1
-9999 -9999 -9999 -9999 -9999 -9999 -9999 -9999 -9999 -9999 -9999 -9999 7.93885E-2 8.91436E-2 1.33554E-1 1.37246E-1 8.54951E-2 1.4515E-1 1.82889E-1 2.68934E-1 3.98851E-1 5.17249E-1 4.2711E-1 3.29889E-1 3.66275E-1 4.53118E-1 3.58505E-1 3.00796E-1 3.75947E-1 5.72734E-1 5.7613E-1 2.37954E-1 1.65343E-1 1.16153E-1 1.05747E-1 1.01832E-1 4.11557E-1 5.90866E-1 4.04036E-1 2.21503E-1 2.77259E-1 5.99498E-1 4.89181E-1 5.29806E-1 5.10277E-1 5.36152E-1 5.20424E-1 5.15161E-1 5.47893E-1 5.19829E-1 4.28757E-1 5.76018E-1 5.58272E-1 4.27699E-1 4.46846E-1 4.32385E-1 4.48602E-1 5.54273E-1 4.91276E-1 5.06654E-1 5.86028E-1
-9999 -9999 -9999 -9999 -9999 -9999 -9999 -9999 -9999 -9999 -9999 -9999 1.08301E-1 9.58213E-2 2.48043E-1 2.41763E-1 1.27441E-1 1.14505E-1 2.28183E-1 2.7736E-1 3.59471E-1 4.01825E-1 4.63484E-1 3.84772E-1 4.01095E-1 3.69566E-1 3.73567E-1 3.21858E-1 4.60923E-1 6.62131E-1 5.88422E-1 3.67819E-1 1.71965E-1 1.13129E-1 1.1638E-1 1.30637E-1 2.03723E-1 4.48921E-1 2.27535E-1 2.36643E-1 2.4812E-1 5.84714E-1 5.489E-1 5.77208E-1 5.34058E-1 5.63736E-1 6.83789E-1 5.56204E-1 5.315E-1 5.21848E-1 4.66467E-1 4.04539E-1 4.39354E-1 4.45282E-1 5.02968E-1 4.78651E-1 4.22208E-1 4.50215E-1 4.68053E-1 5.10874E-1 5.00751E-1
-9999 -9999 -9999 -9999 -9999 -9999 -9999 -9999 -9999 -9999 -9999 9.56992E-2 9.14343E-2 3.00021E-1 2.98539E-1 2.725E-1 1.83928E-1 1.01577E-1 3.10999E-1 4.77153E-1 4.1123E-1 3.89014E-1 3.96334E-1 4.66292E-1 4.65929E-1 3.79436E-1 4.11969E-1 6.08798E-1 5.69992E-1 5.57991E-1 6.99024E-1 5.58698E-1 1.74271E-1 2.18458E-1 1.03744E-1 1.75553E-1 1.73122E-1 5.53643E-1 3.00162E-1 3.1734E-1 4.69923E-1 3.094E-1 6.57774E-1 5.61716E-1 6.6256E-1 7.65305E-1 6.96069E-1 4.5201E-1 5.01239E-1 5.89263E-1 5.30076E-1 4.24034E-1 4.45015E-1 4.6952E-1 4.70448E-1 4.74362E-1 4.7074E-1 4.70317E-1 5.0049E-1 5.25216E-1 4.80483E-1
-9999 -9999 -9999 -9999 -9999 -9999 -9999 -9999 -9999 -9999 -9999 8.18839E-2 2.2346E-1 3.2091E-1 2.64522E-1 3.21583E-1 1.42599E-1 1.62964E-1 4.01604E-1 4.29287E-1 4.08215E-1 3.24291E-1 3.43867E-1 3.91949E-1 3.99424E-1 4.18189E-1 5.82574E-1 2.81206E-1 2.25675E-1 6.4358E-1 5.7093E-1 6.37162E-1 4.11313E-1 2.11217E-1 1.73803E-1 1.70718E-1 2.3341E-1 6.90482E-1 1.87659E-1 5.08101E-1 4.492E-1 4.40192E-1 5.51184E-1 4.81168E-1 6.06611E-1 3.08467E-1 2.30046E-1 6.19038E-1 5.13842E-1 6.23126E-1 5.59101E-1 4.46266E-1 4.5598E-1 4.52873E-1 4.71443E-1 4.68356E-1 4.43231E-1 4.45965E-1 4.97916E-1 5.15994E-1 5.17974E-1
-9999 -9999 -9999 -9999 -9999 -9999 -9999 -9999 -9999 -9999 1.15408E-1 9.00448E-2 2.6145E-1 3.12292E-1 3.99515E-1 1.04138E-1 1.12236E-1 2.28806E-1 3.29679E-1 3.13429E-1 3.19172E-1 4.09024E-1 3.98966E-1 4.0197E-1 3.64321E-1 5.46979E-1 3.96283E-1 2.39373E-1 3.11434E-1 3.90681E-1 4.07261E-1 6.33002E-1 5.27401E-1 1.22567E-1 1.91483E-1 2.0718E-1 5.23271E-1 7.23008E-1 3.0928E-1 5.01276E-1 6.77831E-1 4.42082E-1 5.98012E-1 5.24308E-1 6.26761E-1 5.84053E-1 4.46347E-1 6.8582E-1 6.01825E-1 4.60565E-1 5.73304E-1 4.5068E-1 4.40571E-1 4.35124E-1 4.3598E-1 4.55162E-1 4.46534E-1 4.73374E-1 4.73542E-1 4.71097E-1 4.86828E-1
-9999 -9999 -9999 -9999 -9999 -9999 -9999 -9999 -9999 -9999 6.66758E-2 7.43639E-2 3.61939E-1 3.31994E-1 2.01305E-1 8.13197E-2 1.52605E-1 2.64561E-1 2.81098E-1 3.01684E-1 2.85574E-1 3.65051E-1 3.71976E-1 3.84172E-1 3.7241E-1 3.74327E-1 4.63407E-1 4.1378E-1 4.51569E-1 4.2063E-1 3.42695E-1 3.75386E-1 1.91029E-1 2.39731E-1 1.93429E-1 1.64903E-1 6.33353E-1 4.28383E-1 3.74025E-1 4.8441E-1 6.13599E-1 2.89435E-1 4.26399E-1 5.78675E-1 5.28419E-1 5.98776E-1 6.45593E-1 4.72587E-1 4.26955E-1 4.44373E-1 4.17546E-1 4.63082E-1 4.11381E-1 4.58125E-1 4.22814E-1 4.14423E-1 4.46541E-1 4.65712E-1 4.84067E-1 4.71503E-1 4.94662E-1
-9999 -9999 -9999 -9999 -9999 -9999 -9999 -9999 -9999 -9999 6.99012E-2 7.83693E-2 3.31591E-1 2.91958E-1 1.2409E-1 1.46839E-1 2.38213E-1 3.0295E-1 3.65014E-1 3.13253E-1 3.03352E-1 2.8628E-1 3.18055E-1 3.18776E-1 3.61059E-1 3.02326E-1 5.25686E-1 3.66057E-1 5.91659E-1 4.53933E-1 2.95089E-1 2.07189E-1 1.80071E-1 2.42959E-1 2.44047E-1 2.76783E-1 3.13864E-1 4.36158E-1 6.30201E-1 4.31553E-1 5.90651E-1 4.8623E-1 5.25501E-1 4.7243E-1 5.67856E-1 5.05627E-1 4.88463E-1 5.59151E-1 4.73617E-1 4.55955E-1 4.24704E-1 4.64354E-1 4.67143E-1 4.70298E-1 4.31851E-1 4.22496E-1 4.41139E-1 4.33633E-1 5.22498E-1 4.94313E-1 4.67002E-1
-9999 -9999 -9999 -9999 -9999 -9999 -9999 -9999 -9999 9.92723E-2 7.29706E-2 1.15872E-1 3.78741E-1 1.83545E-1 7.49264E-2 1.14885E-1 3.03599E-1 3.83765E-1 4.02246E-1 2.61893E-1 2.97063E-1 3.04996E-1 3.11288E-1 3.37966E-1 2.75118E-1 2.69156E-1 5.68539E-1 3.74366E-1 3.51171E-1 2.32267E-1 2.67753E-1 3.92948E-1 3.30033E-1 4.09759E-1 3.5991E-1 3.39781E-1 2.98892E-1 3.94033E-1 7.15528E-1 3.35876E-1 5.82432E-1 6.63882E-1 7.06155E-1 4.9061E-1 6.66032E-1 5.39409E-1 6.36332E-1 5.00867E-1 4.6116E-1 4.60402E-1 4.27748E-1 4.53158E-1 4.62764E-1 4.7664E-1 4.79437E-1 4.95805E-1 4.97435E-1 4.60624E-1 4.90872E-1 4.79814E-1 4.7069E-1
-9999 -9999 -9999 -9999 -9999 -9999 -9999 -9999 -9999 9.42695E-2 9.43561E-2 1.16718E-1 1.56579E-1 1.0446E-1 7.85877E-2 2.15314E-1 3.4687E-1 4.20118E-1 3.89042E-1 3.37673E-1 4.04953E-1 3.26913E-1 3.02286E-1 3.44761E-1 3.09629E-1 3.47674E-1 5.09359E-1 4.32746E-1 4.0507E-1 3.50441E-1 3.74934E-1 5.17335E-1 2.6339E-1 4.3209E-1 5.55449E-1 6.26785E-1 4.05375E-1 7.03923E-1 7.26656E-1 5.81917E-1 5.87823E-1 7.11185E-1 6.58137E-1 7.36477E-1 7.11892E-1 6.3266E-1 7.35033E-1 5.22894E-1 4.58519E-1 4.69687E-1 5.42143E-1 5.57197E-1 5.12724E-1 4.87971E-1 4.65745E-1 5.03546E-1 4.86163E-1 4.6549E-1 4.6266E-1 4.7835E-1 4.48228E-1
-9999 -9999 -9999 -9999 -9999 -9999 -9999 -9999 1.45875E-1 8.93037E-2 1.28033E-1 2.72026E-1 8.02653E-2 9.37086E-2 1.34377E-1 3.24919E-1 3.85351E-1 3.72666E-1 3.8051E-1 3.60319E-1 3.7583E-1 3.65279E-1 3.51868E-1 3.59735E-1 3.40074E-1 4.51163E-1 3.96291E-1 4.95796E-1 4.27596E-1 4.48329E-1 4.88797E-1 5.70424E-1 3.56193E-1 4.61129E-1 5.67424E-1 3.45023E-1 3.97615E-1 6.15097E-1 6.11627E-1 5.90675E-1 6.45642E-1 6.2261E-1 6.48747E-1 4.55516E-1 2.81722E-1 6.1686E-1 3.68134E-1 5.5554E-1 6.14896E-1 5.26989E-1 5.39142E-1 5.78591E-1 4.79722E-1 5.10413E-1 5.15702E-1 5.43279E-1 5.66702E-1 5.12851E-1 4.96964E-1 4.82314E-1 4.73105E-1
-9999 -9999 -9999 -9999 -9999 -9999 -9999 1.0841E-1 1.2029E-1 8.29984E-2 2.18223E-1 2.6479E-1 8.85495E-2 1.04908E-1 2.22737E-1 3.78765E-1 3.92315E-1 3.80828E-1 4.09973E-1 4.0191E-1 4.10343E-1 3.7539E-1 3.617E-1 3.61483E-1 3.47845E-1 4.04774E-1 4.14111E-1 4.84068E-1 5.6736E-1 5.20888E-1 4.52231E-1 4.681E-1 4.31541E-1 4.71939E-1 4.61528E-1 4.25326E-1 6.28412E-1 6.15972E-1 6.10216E-1 6.42802E-1 6.33265E-1 7.05507E-1 6.26746E-1 5.28501E-1 3.73589E-1 4.32689E-1 4.67726E-1 7.57761E-1 7.97956E-1 5.71774E-1 4.99933E-1 6.2743E-1 7.53592E-1 5.85583E-1 6.48816E-1 5.36573E-1 5.09566E-1 4.92052E-1 5.07934E-1 5.13039E-1 4.81875E-1
-9999 -9999 -9999 -9999 -9999 -9999 -9999 5.2152E-2 4.85392E-2 5.2028E-2 1.29735E-1 1.36123E-1 1.06001E-1 1.92463E-1 3.96135E-1 4.2048E-1 4.00512E-1 3.96118E-1 3.90432E-1 3.98857E-1 3.94551E-1 4.01789E-1 4.16999E-1 4.05591E-1 3.94189E-1 3.81717E-1 4.11718E-1 5.1956E-1 5.96181E-1 5.58892E-1 4.79465E-1 3.53549E-1 4.2711E-1 5.55174E-1 4.10586E-1 5.45005E-1 5.55078E-1 7.07944E-1 6.49939E-1 6.22509E-1 6.12409E-1 5.81698E-1 5.17987E-1 4.37756E-1 4.50242E-1 4.05545E-1 4.23191E-1 3.87634E-1 6.17586E-1 4.15351E-1 4.56833E-1 4.33489E-1 6.21536E-1 7.66178E-1 6.24706E-1 5.72305E-1 5.08751E-1 4.8504E-1 5.28408E-1 5.1826E-1 4.75683E-1
-9999 -9999 -9999 -9999 -9999 -9999 -9999 6.5744E-2 5.52761E-2 7.44859E-2 1.85838E-1 1.78592E-1 1.73129E-1 2.20455E-1 4.54055E-1 4.15158E-1 4.19575E-1 4.3945E-1 4.10504E-1 3.93364E-1 4.15409E-1 3.73162E-1 4.04126E-1 4.08039E-1 3.83829E-1 4.00249E-1 3.93863E-1 5.25922E-1 6.17572E-1 6.02242E-1 5.89785E-1 4.21812E-1 6.21308E-1 7.71528E-1 6.0796E-1 5.49841E-1 6.33088E-1 5.88109E-1 6.48425E-1 5.7247E-1 5.13907E-1 4.90601E-1 4.6634E-1 4.49358E-1 4.64989E-1 4.61482E-1 3.98358E-1 3.16402E-1 5.37386E-1 5.50929E-1 4.95588E-1 4.91418E-1 6.2095E-1 5.27808E-1 7.41658E-1 6.79675E-1 5.83724E-1 5.08639E-1 5.20124E-1 4.97571E-1 4.58257E-1
