Candidate_Models_Sept202022/M_3_F_lqp_Set_1_cal/Bison.asc
ncols         97
nrows         127
xllcorner     -2197417.7431653
yllcorner     -584827.01486885
cellsize      30000.0
NODATA_value  -9999
[rows 54 to 80 of 127, columns 0 to 60 of 97]
-9999 -9999 -9999 -9999 1.54337E-2 1.0616E-2 5.83827E-3 1.03947E-2 9.06793E-3 4.55053E-3 6.71092E-3 2.56386E-2 3.81021E-2 7.84253E-2 5.41231E-2 2.34488E-2 3.353E-2 6.06155E-2 6.53014E-2 8.21526E-2 1.10167E-1 9.47542E-2 7.61198E-2 6.20045E-2 7.6051E-2 1.37095E-1 1.09127E-1 8.93248E-2 1.44299E-1 1.20351E-1 1.33754E-1 1.55784E-1 1.73889E-1 1.78696E-1 1.54947E-1 1.47701E-1 1.50876E-1 1.4443E-1 1.64933E-1 1.9034E-1 2.40705E-1 2.94264E-1 2.06033E-1 1.40369E-1 1.25694E-1 1.2246E-1 1.22914E-1 1.12357E-1 1.11888E-1 1.07068E-1 1.06072E-1 9.88988E-2 8.50405E-2 1.2468E-1 1.29458E-1 1.08212E-1 1.07746E-1 9.37346E-2 8.89152E-2 6.33314E-2 5.26656E-2
-9999 -9999 -9999 -9999 -9999 6.31513E-3 3.88999E-3 7.99718E-3 1.14033E-2 6.44501E-3 4.82632E-3 1.98096E-2 5.97614E-2 6.20245E-2 5.31798E-2 2.72732E-2 2.15626E-2 2.64863E-2 8.36381E-2 3.74939E-2 1.14404E-1 1.03419E-1 7.95631E-2 1.06336E-1 6.83867E-2 7.7418E-2 9.44683E-2 1.23104E-1 1.86704E-1 1.71269E-1 1.85017E-1 1.74139E-1 1.84477E-1 1.61983E-1 1.56979E-1 1.68985E-1 1.73058E-1 1.54505E-1 1.85578E-1 1.72437E-1 2.4413E-1 3.81515E-1 1.79208E-1 1.3932E-1 1.4318E-1 1.38113E-1 1.22905E-1 1.16346E-1 1.2238E-1 1.14116E-1 1.27598E-1 1.34974E-1 1.24171E-1 1.34455E-1 1.25002E-1 1.02228E-1 9.45E-2 8.3816E-2 8.0223E-2 6.65784E-2 7.16326E-2
-9999 -9999 -9999 -9999 -9999 1.13459E-2 7.78004E-3 9.9624E-3 1.10918E-2 8.82556E-3 1.93817E-3 9.7748E-3 1.47893E-2 2.61819E-2 6.90294E-2 3.35713E-2 4.54748E-2 5.48279E-2 6.33308E-2 7.29439E-2 9.11035E-2 7.36494E-2 6.41696E-2 8.12353E-2 7.03416E-2 9.29579E-2 1.02139E-1 1.49313E-1 2.38431E-1 1.73797E-1 2.05637E-1 2.12909E-1 2.1691E-1 2.02475E-1 2.09435E-1 2.29565E-1 1.71254E-1 1.51839E-1 1.77036E-1 1.5072E-1 2.38655E-1 1.79234E-1 1.397E-1 1.49916E-1 1.46529E-1 1.38281E-1 1.26904E-1 1.16503E-1 1.12958E-1 1.3404E-1 1.3866E-1 1.36565E-1 1.35093E-1 1.49678E-1 1.1073E-1 1.01482E-1 1.0702E-1 9.66272E-2 8.35756E-2 7.79571E-2 7.03339E-2
-9999 -9999 -9999 -9999 -9999 -9999 1.36378E-2 -9999 1.96205E-2 3.24459E-3 2.17132E-3 7.93863E-3 2.42402E-2 2.82229E-2 2.12185E-2 6.67637E-2 3.31749E-2 5.61853E-2 7.20559E-2 9.51318E-2 6.51594E-2 6.77709E-2 6.85633E-2 1.10191E-1 7.88989E-2 9.36516E-2 5.8557E-2 1.48619E-1 1.71516E-1 1.97589E-1 3.32625E-1 3.23296E-1 2.53197E-1 2.3073E-1 2.26978E-1 2.295E-1 2.26432E-1 1.7087E-1 1.83496E-1 1.41469E-1 1.64961E-1 1.67446E-1 1.71287E-1 1.61527E-1 1.41656E-1 1.45314E-1 1.42829E-1 1.6484E-1 1.81271E-1 1.36981E-1 1.41545E-1 1.88988E-1 1.31815E-1 1.14485E-1 1.10718E-1 1.17453E-1 1.12507E-1 1.08938E-1 1.01388E-1 8.83943E-2 7.03298E-2
-9999 -9999 -9999 1.5924E-2 -9999 -9999 -9999 -9999 -9999 7.84372E-3 7.68806E-3 6.71234E-3 1.03422E-2 2.02764E-2 2.32655E-2 4.32637E-2 3.60255E-2 6.30974E-2 6.77537E-2 1.05029E-1 6.79507E-2 8.38569E-2 5.43631E-2 1.24341E-1 5.53779E-2 5.74037E-2 6.36302E-2 1.09067E-1 2.5877E-1 2.01866E-1 4.34481E-1 3.89871E-1 2.45845E-1 2.08504E-1 1.88771E-1 2.42702E-1 2.2751E-1 2.67849E-1 4.40134E-1 1.75366E-1 1.79771E-1 1.6798E-1 1.74309E-1 1.64753E-1 1.45905E-1 1.5975E-1 1.74807E-1 1.61202E-1 1.63467E-1 1.45706E-1 1.46306E-1 1.44186E-1 1.49608E-1 1.18334E-1 1.1875E-1 1.36086E-1 1.14053E-1 1.57877E-1 1.30063E-1 9.76309E-2 8.94512E-2
-9999 -9999 -9999 1.0373E-2 2.27558E-2 2.77279E-2 -9999 -9999 -9999 1.14604E-2 4.21361E-3 1.40897E-2 1.59118E-2 2.6222E-2 2.40963E-2 5.38285E-2 3.66237E-2 4.89888E-2 9.34829E-2 8.98703E-2 7.3424E-2 7.65892E-2 7.50849E-2 1.12541E-1 7.99714E-2 5.74412E-2 6.66213E-2 1.14892E-1 3.18779E-1 2.94523E-1 5.17339E-1 4.44156E-1 2.5767E-1 2.3822E-1 2.4238E-1 2.12046E-1 2.24604E-1 4.5178E-1 3.27247E-1 1.84664E-1 1.92159E-1 2.18143E-1 1.782E-1 1.63982E-1 1.70926E-1 1.60716E-1 1.72597E-1 1.61895E-1 1.60321E-1 1.86438E-1 1.70193E-1 1.56501E-1 1.23317E-1 1.23159E-1 1.16173E-1 1.42232E-1 1.96111E-1 1.79331E-1 1.35367E-1 1.27867E-1 1.21682E-1
-9999 -9999 -9999 9.34907E-3 2.36958E-2 3.58642E-2 2.37706E-2 -9999 -9999 1.81966E-2 6.28868E-3 1.92318E-2 1.59354E-2 2.03635E-2 2.19661E-2 4.28558E-2 5.73542E-2 8.23314E-2 9.68511E-2 7.61989E-2 1.00776E-1 1.08379E-1 9.88957E-2 7.60497E-2 1.14725E-1 4.25669E-2 6.90203E-2 1.01407E-1 2.01403E-1 2.04449E-1 4.90323E-1 6.12164E-1 4.40252E-1 4.4904E-1 4.85779E-1 2.96011E-1 3.37589E-1 3.69499E-1 2.31639E-1 2.15081E-1 2.27653E-1 2.13411E-1 1.96493E-1 1.77015E-1 1.69275E-1 1.69337E-1 1.68253E-1 1.85156E-1 1.7964E-1 2.49588E-1 2.68931E-1 2.26221E-1 1.76875E-1 2.16684E-1 1.27752E-1 1.36755E-1 1.51572E-1 1.63332E-1 1.55138E-1 1.49747E-1 1.07402E-1
-9999 -9999 -9999 5.37207E-3 1.98846E-2 2.66399E-2 -9999 -9999 2.07632E-2 5.96635E-3 2.62291E-3 7.91943E-3 1.30079E-2 1.97634E-2 2.73856E-2 5.22462E-2 1.42299E-1 1.00261E-1 1.07396E-1 6.95645E-2 9.21467E-2 1.05045E-1 1.20645E-1 1.04384E-1 1.13036E-1 4.74366E-2 4.62676E-2 8.09059E-2 1.41064E-1 3.40313E-1 5.643E-1 6.73081E-1 6.10899E-1 5.31188E-1 5.59432E-1 4.92959E-1 4.56064E-1 4.81779E-1 3.28451E-1 2.61055E-1 2.64192E-1 2.5863E-1 2.16612E-1 1.97532E-1 1.79122E-1 2.17888E-1 2.02747E-1 2.00332E-1 2.38032E-1 2.76086E-1 2.56798E-1 1.82151E-1 1.58235E-1 1.30833E-1 1.35285E-1 1.48991E-1 1.56551E-1 1.37372E-1 1.62572E-1 1.26471E-1 1.24828E-1
-9999 -9999 -9999 5.24184E-3 2.13131E-2 -9999 -9999 3.44797E-2 1.53914E-2 6.08254E-3 4.79666E-3 7.14927E-3 1.40081E-2 1.6113E-2 3.21158E-2 6.9245E-2 1.08835E-1 9.73625E-2 1.10962E-1 9.61903E-2 9.86857E-2 1.24868E-1 1.23094E-1 1.25097E-1 1.16572E-1 5.88568E-2 5.49544E-2 9.2579E-2 1.09401E-1 1.41436E-1 3.75266E-1 6.06193E-1 4.38045E-1 5.02887E-1 6.70881E-1 6.04754E-1 5.71271E-1 6.86888E-1 4.81957E-1 2.81859E-1 2.66004E-1 2.27647E-1 2.07572E-1 1.91625E-1 2.07257E-1 2.51081E-1 2.20231E-1 1.82274E-1 1.78313E-1 2.25697E-1 2.3749E-1 1.50665E-1 1.21774E-1 1.36395E-1 1.33036E-1 1.39619E-1 1.50469E-1 1.40189E-1 1.34057E-1 1.27604E-1 1.43732E-1
-9999 -9999 -9999 3.84301E-3 7.00842E-3 -9999 -9999 -9999 1.75666E-2 5.77098E-3 4.99252E-3 9.9341E-3 6.20223E-3 4.51437E-2 6.37317E-2 8.05803E-2 1.05399E-1 1.21139E-1 1.33923E-1 9.07804E-2 1.13902E-1 1.30397E-1 1.39321E-1 1.26765E-1 1.14972E-1 6.14339E-2 4.32655E-2 5.45333E-2 9.64189E-2 1.15994E-1 1.70918E-1 4.42067E-1 5.43622E-1 5.65084E-1 6.54251E-1 6.54542E-1 5.59403E-1 5.53785E-1 3.22674E-1 2.85295E-1 2.57786E-1 2.56061E-1 2.3308E-1 2.13611E-1 2.30314E-1 2.4758E-1 2.77307E-1 2.06795E-1 2.15248E-1 2.53367E-1 2.43745E-1 1.82061E-1 1.91676E-1 1.70961E-1 1.63513E-1 1.45263E-1 1.50048E-1 1.49039E-1 1.48458E-1 1.66652E-1 1.54738E-1
-9999 -9999 -9999 4.93316E-3 1.27839E-2 -9999 -9999 -9999 2.30895E-2 1.03132E-2 8.67769E-3 5.26093E-3 1.97853E-2 4.50385E-2 5.11346E-2 1.01422E-1 1.07212E-1 1.28058E-1 1.40983E-1 1.07056E-1 1.07869E-1 1.54451E-1 1.57085E-1 1.49593E-1 1.31622E-1 1.07672E-1 4.22114E-2 7.02374E-2 7.95764E-2 1.50988E-1 1.94863E-1 4.85406E-1 5.56757E-1 6.34915E-1 5.46996E-1 5.54998E-1 4.80674E-1 5.78805E-1 3.71491E-1 3.9183E-1 2.91424E-1 2.86963E-1 2.52191E-1 2.28057E-1 3.1068E-1 3.18426E-1 3.03823E-1 2.32401E-1 2.36861E-1 2.90187E-1 2.92966E-1 1.96345E-1 1.82385E-1 1.59906E-1 1.72852E-1 1.61037E-1 1.50176E-1 1.43125E-1 1.35445E-1 1.38066E-1 1.41132E-1
-9999 -9999 -9999 2.81344E-3 1.42029E-2 -9999 -9999 -9999 2.22522E-2 1.21086E-2 2.67351E-3 4.97254E-3 1.23549E-2 3.96848E-2 1.12738E-1 8.74292E-2 1.01692E-1 1.42187E-1 1.19247E-1 1.19336E-1 1.86945E-1 2.46076E-1 1.70799E-1 1.59399E-1 1.33082E-1 1.07005E-1 6.25173E-2 7.32588E-2 7.84055E-2 1.28673E-1 1.80563E-1 3.25491E-1 4.92734E-1 6.32795E-1 4.94044E-1 5.70049E-1 3.69816E-1 5.25117E-1 5.45136E-1 3.93948E-1 2.48392E-1 2.40605E-1 2.46343E-1 2.5847E-1 2.38102E-1 2.39494E-1 2.47343E-1 2.6666E-1 3.06566E-1 2.70528E-1 2.28855E-1 2.12183E-1 1.92258E-1 1.80149E-1 1.74613E-1 1.70435E-1 1.5008E-1 1.76821E-1 1.59333E-1 1.55046E-1 2.35402E-1
-9999 -9999 -9999 -9999 6.14075E-3 -9999 -9999 -9999 -9999 1.62232E-2 4.52304E-3 5.09944E-3 1.46284E-2 1.30594E-2 5.18209E-2 9.64882E-2 1.13868E-1 1.43729E-1 1.46836E-1 1.83748E-1 1.56161E-1 3.59358E-1 2.34773E-1 1.73935E-1 1.90205E-1 1.17759E-1 6.76986E-2 4.84847E-2 8.929E-2 8.20408E-2 1.19121E-1 1.74824E-1 2.19051E-1 2.59911E-1 2.50732E-1 2.915E-1 5.26665E-1 4.628E-1 2.92293E-1 2.33787E-1 3.17144E-1 2.34902E-1 3.11046E-1 2.64774E-1 2.50008E-1 3.00694E-1 2.64537E-1 2.86692E-1 2.7651E-1 2.54917E-1 3.26947E-1 2.17919E-1 2.04782E-1 1.92639E-1 1.91068E-1 1.84301E-1 1.7839E-1 1.64947E-1 1.57248E-1 1.49727E-1 1.51106E-1
-9999 -9999 -9999 -9999 1.47853E-2 -9999 -9999 -9999 -9999 2.51166E-2 8.40928E-3 5.151E-3 2.39077E-2 1.78713E-2 3.51911E-2 8.64073E-2 1.29778E-1 1.35103E-1 1.50116E-1 1.40848E-1 1.73408E-1 2.17314E-1 1.81975E-1 2.72405E-1 3.47946E-1 1.41747E-1 8.94357E-2 5.76907E-2 6.74913E-2 8.01629E-2 7.40468E-2 1.26767E-1 2.00465E-1 2.79225E-1 2.30677E-1 2.36803E-1 3.61173E-1 2.58437E-1 2.09684E-1 1.85804E-1 2.71185E-1 2.50149E-1 2.80968E-1 3.31349E-1 2.62724E-1 2.90491E-1 4.01501E-1 2.90018E-1 2.7916E-1 2.88156E-1 2.96687E-1 2.40535E-1 2.28538E-1 2.10888E-1 2.04784E-1 2.15207E-1 1.95081E-1 1.82004E-1 1.72659E-1 1.55105E-1 1.50807E-1
-9999 -9999 -9999 -9999 -9999 -9999 -9999 -9999 -9999 1.70877E-2 1.46698E-2 3.91145E-3 1.34629E-2 1.28677E-2 1.61034E-2 5.97158E-2 1.4302E-1 1.47554E-1 1.3818E-1 1.71474E-1 1.60625E-1 1.6879E-1 1.87364E-1 1.68665E-1 1.40266E-1 7.1419E-2 4.78144E-2 7.70432E-2 4.99917E-2 7.55154E-2 1.08551E-1 1.02864E-1 1.13168E-1 2.11031E-1 1.79789E-1 2.38066E-1 3.64281E-1 3.40856E-1 2.27423E-1 2.76719E-1 3.32558E-1 2.72994E-1 3.1346E-1 3.45127E-1 4.86828E-1 5.36323E-1 5.31074E-1 3.35812E-1 2.75162E-1 2.69657E-1 2.9243E-1 2.91275E-1 2.42344E-1 2.02326E-1 2.13706E-1 1.98648E-1 2.01111E-1 2.01889E-1 1.80074E-1 1.78511E-1 1.69643E-1
-9999 -9999 -9999 -9999 -9999 -9999 -9999 -9999 -9999 -9999 1.6065E-2 5.1568E-3 5.71899E-3 1.45759E-2 2.83089E-2 8.94238E-2 1.36058E-1 1.29628E-1 1.64245E-1 1.61839E-1 1.47587E-1 1.46195E-1 1.79713E-1 1.68446E-1 1.40958E-1 6.73986E-2 5.83372E-2 5.36668E-2 5.95397E-2 7.36824E-2 1.0948E-1 8.23469E-2 1.64941E-1 2.08989E-1 2.4064E-1 2.45567E-1 3.23239E-1 3.43713E-1 2.61035E-1 3.04747E-1 3.2531E-1 4.66785E-1 4.84896E-1 5.53533E-1 6.09106E-1 6.2357E-1 5.28361E-1 6.26291E-1 2.93234E-1 2.65633E-1 3.54845E-1 2.92944E-1 2.45638E-1 2.3414E-1 2.18333E-1 1.98029E-1 2.28535E-1 2.40134E-1 2.16489E-1 1.95721E-1 1.98892E-1
-9999 -9999 -9999 -9999 -9999 -9999 -9999 -9999 -9999 -9999 1.33088E-2 5.7206E-3 3.52495E-3 9.33976E-3 2.82111E-2 2.52847E-2 1.53454E-1 1.86438E-1 1.53055E-1 1.65266E-1 1.44106E-1 1.41495E-1 1.87169E-1 2.16765E-1 1.25774E-1 6.59749E-2 4.96179E-2 2.78898E-2 5.09906E-2 1.07026E-1 1.02882E-1 1.10626E-1 1.25949E-1 2.02507E-1 2.29519E-1 2.91215E-1 2.45632E-1 2.50636E-1 2.66819E-1 4.89615E-1 5.26393E-1 6.12479E-1 5.62064E-1 6.08536E-1 6.0128E-1 5.79066E-1 3.84677E-1 5.18244E-1 4.3874E-1 5.06984E-1 5.13819E-1 3.60705E-1 2.48283E-1 2.39723E-1 2.21073E-1 2.20202E-1 2.18543E-1 2.04926E-1 2.08573E-1 2.02881E-1 2.11487E-1
-9999 -9999 -9999 -9999 -9999 -9999 -9999 -9999 -9999 -9999 1.03204E-2 3.59163E-3 4.75542E-3 8.96724E-3 1.23015E-1 1.17298E-1 1.58426E-1 2.10005E-1 1.73368E-1 1.8393E-1 1.64299E-1 1.71706E-1 1.89141E-1 1.98014E-1 1.48047E-1 6.9499E-2 4.63455E-2 5.0905E-2 6.67051E-2 6.55036E-2 1.12342E-1 1.67679E-1 1.44603E-1 1.33551E-1 2.25171E-1 2.64151E-1 3.65481E-1 4.52848E-1 4.90863E-1 4.68558E-1 5.7041E-1 5.92916E-1 6.53177E-1 6.55762E-1 6.55134E-1 6.85943E-1 6.41433E-1 6.09677E-1 5.85231E-1 6.32153E-1 6.49081E-1 5.4432E-1 4.54372E-1 4.11689E-1 3.95615E-1 2.44761E-1 2.23886E-1 2.14189E-1 2.25589E-1 2.2135E-1 2.32683E-1
-9999 -9999 -9999 -9999 -9999 -9999 -9999 -9999 -9999 -9999 1.1117E-2 2.70841E-3 5.41293E-3 8.29419E-3 4.69038E-2 4.95466E-2 1.37144E-1 1.79757E-1 1.69999E-1 2.16166E-1 2.45231E-1 1.99068E-1 1.80659E-1 1.89723E-1 1.33466E-1 6.83758E-2 5.07069E-2 4.87778E-2 1.36434E-1 7.16669E-2 7.54729E-2 1.89746E-1 1.56506E-1 1.05715E-1 2.5749E-1 2.4985E-1 3.54926E-1 4.26861E-1 4.05976E-1 4.82016E-1 6.01347E-1 6.77188E-1 7.34116E-1 7.06459E-1 7.68203E-1 7.05281E-1 6.94873E-1 6.76859E-1 7.04468E-1 6.60389E-1 4.58634E-1 3.74512E-1 3.70568E-1 4.99805E-1 5.43988E-1 4.92022E-1 2.68234E-1 2.39308E-1 2.35006E-1 2.20867E-1 2.37627E-1
-9999 -9999 -9999 -9999 -9999 -9999 -9999 -9999 -9999 -9999 6.89066E-3 3.50561E-3 7.89886E-3 3.72033E-2 1.60189E-1 2.724E-2 1.38248E-1 1.27515E-1 1.69887E-1 2.55391E-1 3.05958E-1 2.17086E-1 2.03207E-1 1.56769E-1 1.90991E-1 1.2731E-1 6.91032E-2 5.53761E-2 8.32536E-2 1.54037E-1 8.54689E-2 8.45924E-2 1.37374E-1 1.70675E-1 2.32775E-1 3.27805E-1 3.12565E-1 3.25542E-1 3.86983E-1 4.80388E-1 6.31656E-1 7.55111E-1 7.70669E-1 8.55206E-1 8.07872E-1 6.73098E-1 6.37194E-1 6.63376E-1 5.86028E-1 7.142E-1 6.71545E-1 4.63752E-1 3.8104E-1 5.67929E-1 4.20183E-1 3.7765E-1 2.54908E-1 3.09648E-1 2.63287E-1 2.28058E-1 2.4892E-1
-9999 -9999 -9999 -9999 -9999 -9999 -9999 -9999 1.98183E-2 1.58669E-2 1.35416E-2 6.74848E-3 4.06172E-3 9.36229E-3 3.13879E-2 1.35067E-1 1.35155E-1 1.29382E-1 1.3302E-1 1.96938E-1 2.22425E-1 2.57257E-1 2.4921E-1 1.90634E-1 2.03556E-1 1.64113E-1 6.56708E-2 4.06011E-2 4.20652E-2 7.30628E-2 4.8115E-2 6.4755E-2 1.52386E-1 1.19517E-1 1.85019E-1 1.79159E-1 2.41797E-1 3.68134E-1 3.36291E-1 5.19025E-1 6.73061E-1 7.66923E-1 7.34572E-1 7.35532E-1 7.42574E-1 6.50201E-1 6.48479E-1 6.77671E-1 6.63835E-1 6.09648E-1 6.91929E-1 6.43559E-1 6.00093E-1 5.60295E-1 4.00984E-1 3.56092E-1 4.41796E-1 3.88231E-1 3.96652E-1 2.59964E-1 2.82541E-1
-9999 -9999 -9999 -9999 -9999 -9999 -9999 -9999 9.51659E-3 8.25098E-3 1.79784E-2 1.416E-2 9.26737E-3 3.90866E-3 5.81518E-3 4.34427E-2 5.00565E-2 1.71987E-1 1.13416E-1 1.36048E-1 1.89853E-1 2.05631E-1 2.55934E-1 1.96203E-1 1.96594E-1 1.33423E-1 8.18867E-2 6.46278E-2 5.54656E-2 4.6005E-2 1.21076E-1 4.53185E-2 1.19979E-1 1.67952E-1 2.61829E-1 1.447E-1 2.46011E-1 3.02112E-1 3.27183E-1 3.1875E-1 5.83225E-1 7.1992E-1 7.10449E-1 7.13765E-1 7.1878E-1 6.739E-1 6.29003E-1 6.59033E-1 6.52348E-1 7.05787E-1 6.88856E-1 6.66127E-1 6.36328E-1 5.81818E-1 5.76691E-1 5.58193E-1 6.06709E-1 5.48025E-1 5.56249E-1 5.50938E-1 5.75411E-1
-9999 -9999 -9999 -9999 -9999 -9999 -9999 -9999 3.75133E-3 2.901E-3 4.01098E-3 4.85145E-3 8.00055E-3 4.71276E-3 4.88888E-3 2.63499E-2 4.53987E-2 1.58382E-1 1.24207E-1 1.39512E-1 1.70605E-1 1.49596E-1 1.84691E-1 2.05749E-1 2.26156E-1 2.34931E-1 1.02981E-1 9.93832E-2 7.51768E-2 5.52845E-2 8.50781E-2 8.50842E-2 1.0065E-1 2.1208E-1 3.45311E-1 3.29162E-1 1.63878E-1 2.50844E-1 3.01054E-1 5.81994E-1 7.16156E-1 7.49003E-1 7.45587E-1 7.64295E-1 7.64485E-1 6.90875E-1 6.55781E-1 6.17917E-1 7.02602E-1 7.06588E-1 7.52333E-1 6.92491E-1 6.43828E-1 5.83269E-1 6.41587E-1 5.64864E-1 6.17857E-1 5.72397E-1 5.48964E-1 6.29592E-1 6.64937E-1
-9999 -9999 -9999 -9999 -9999 -9999 -9999 -9999 -9999 3.71509E-3 2.75666E-3 4.01827E-3 6.27927E-3 1.03973E-2 4.90939E-3 5.40479E-3 3.26217E-2 1.5106E-1 3.32489E-1 2.10825E-1 8.08918E-2 9.34838E-2 9.35604E-2 1.98639E-1 1.63956E-1 1.82832E-1 1.25132E-1 6.57591E-2 6.04848E-2 4.72188E-2 3.3745E-2 5.41872E-2 7.93353E-2 8.4172E-2 1.9714E-1 1.94613E-1 2.26238E-1 2.37398E-1 3.52059E-1 7.46915E-1 7.15556E-1 8.0673E-1 8.03265E-1 7.69781E-1 7.29518E-1 6.43924E-1 7.13463E-1 7.1179E-1 5.99857E-1 6.3531E-1 6.34223E-1 6.51198E-1 6.06157E-1 7.33599E-1 7.09005E-1 6.01702E-1 6.48459E-1 6.46499E-1 6.01726E-1 5.90069E-1 6.03839E-1
-9999 -9999 -9999 -9999 -9999 -9999 -9999 -9999 -9999 3.0901E-3 3.85546E-3 3.57991E-3 3.52616E-3 1.25658E-2 1.4777E-2 7.25737E-3 8.95944E-3 2.82697E-2 1.11034E-1 1.06951E-1 5.9911E-2 4.83486E-2 7.80042E-2 1.24481E-1 1.44444E-1 1.57186E-1 1.60515E-1 8.85142E-2 4.62274E-2 3.30712E-2 5.83176E-2 2.22361E-2 1.36164E-1 6.46292E-2 1.70629E-1 2.57426E-1 3.73061E-1 2.53275E-1 2.72356E-1 6.48971E-1 7.58497E-1 7.55561E-1 7.13283E-1 7.15806E-1 7.0153E-1 5.89334E-1 5.67308E-1 7.08872E-1 6.26641E-1 6.60704E-1 7.15079E-1 6.25155E-1 6.72649E-1 6.77995E-1 7.05857E-1 6.54203E-1 5.58007E-1 5.91395E-1 5.89545E-1 5.9442E-1 6.3095E-1
-9999 -9999 -9999 -9999 -9999 -9999 -9999 -9999 -9999 -9999 3.98708E-3 2.19334E-3 2.57904E-3 1.95178E-2 3.84399E-2 6.95829E-3 7.73505E-3 1.64615E-2 7.69189E-2 5.93443E-2 5.46097E-2 3.1814E-2 6.44929E-2 2.39753E-1 1.7341E-1 1.6931E-1 1.14174E-1 6.63182E-2 4.31125E-2 3.62249E-2 4.26778E-2 3.65403E-2 4.5605E-2 6.81083E-2 9.50903E-2 2.07403E-1 2.96543E-1 2.7099E-1 4.12778E-1 6.64776E-1 7.16099E-1 7.26312E-1 7.16943E-1 6.94308E-1 5.60941E-1 5.66565E-1 5.25587E-1 6.30331E-1 5.959E-1 6.35021E-1 7.36197E-1 7.21552E-1 7.07899E-1 7.3749E-1 6.34636E-1 6.65411E-1 6.80379E-1 5.60904E-1 5.82609E-1 6.41311E-1 6.1952E-1
-9999 -9999 -9999 -9999 -9999 -9999 -9999 -9999 -9999 -9999 4.6451E-3 2.44926E-3 3.77787E-3 9.13902E-3 4.60575E-2 1.74337E-2 5.65276E-3 6.82308E-3 3.19484E-2 4.40748E-2 4.60418E-2 5.61935E-2 5.98472E-2 9.78779E-2 2.51302E-1 3.46128E-1 2.88727E-1 1.19794E-1 1.07215E-1 5.83089E-2 2.67234E-2 5.47104E-2 8.55199E-2 1.04224E-1 8.28568E-2 1.37776E-1 2.05171E-1 2.37907E-1 2.79721E-1 7.036E-1 7.53388E-1 7.40059E-1 7.40113E-1 7.63548E-1 7.01656E-1 5.82433E-1 4.89106E-1 5.21579E-1 5.82384E-1 5.83157E-1 6.48753E-1 6.79009E-1 6.90682E-1 6.99958E-1 6.81354E-1 6.23398E-1 6.54512E-1 6.59004E-1 6.77985E-1 5.78955E-1 5.94924E-1
