Candidate_Models_Sept202022/M_3_F_lqp_Set_1_cal/Bison.asc
ncols         97
nrows         127
xllcorner     -2197417.7431653
yllcorner     -584827.01486885
cellsize      30000.0
NODATA_value  -9999
[rows 27 to 53 of 127, columns 0 to 60 of 97]
-9999 -9999 2.09107E-1 2.16327E-1 1.63528E-1 8.12517E-2 3.85917E-2 6.40024E-2 2.04403E-1 5.76619E-2 7.71347E-2 9.066E-2 4.0338E-2 3.68966E-2 3.38077E-2 4.53124E-2 2.92325E-2 3.8968E-2 4.93093E-2 3.60008E-2 2.39524E-2 3.41643E-2 3.98268E-2 4.73821E-2 6.57514E-2 4.63874E-2 5.80489E-2 5.4694E-2 6.48703E-2 5.61128E-2 4.12841E-2 3.13755E-2 3.89681E-2 3.16845E-2 3.00818E-2 3.09553E-2 5.43109E-2 3.5247E-2 3.62754E-2 3.70445E-2 4.34538E-2 6.70409E-2 4.73804E-2 8.1832E-2 5.14003E-2 3.61253E-2 2.6418E-2 2.58609E-2 2.19848E-2 2.11627E-2 2.14134E-2 2.30025E-2 1.94243E-2 1.81843E-2 1.39582E-2 1.14578E-2 1.11141E-2 1.01565E-2 1.07497E-2 1.08421E-2 1.58456E-2
-9999 2.84144E-1 1.78984E-1 2.06895E-1 1.56203E-1 1.27222E-1 5.72104E-2 6.27128E-2 6.63024E-2 5.44383E-2 7.01547E-2 6.37519E-2 3.76211E-2 4.00557E-2 5.27184E-2 3.81294E-2 6.36265E-2 5.29459E-2 4.79911E-2 5.23212E-2 1.12876E-1 5.42303E-2 2.74296E-2 4.05007E-2 6.05885E-2 5.23546E-2 4.85236E-2 4.75932E-2 4.59142E-2 5.05495E-2 4.20033E-2 2.34171E-2 5.06633E-2 3.09247E-2 3.0406E-2 4.03219E-2 5.59664E-2 5.85205E-2 4.68864E-2 3.7657E-2 4.04498E-2 3.76908E-2 3.83974E-2 3.70339E-2 3.87286E-2 3.04327E-2 2.70538E-2 2.43686E-2 2.21781E-2 2.0327E-2 2.03369E-2 2.73055E-2 1.80797E-2 1.65344E-2 1.42645E-2 1.20851E-2 1.11081E-2 1.03275E-2 1.08029E-2 1.1778E-2 1.04137E-2
-9999 2.46359E-1 2.67626E-1 2.70747E-1 2.67055E-1 1.36984E-1 7.7288E-2 7.21564E-2 1.15606E-1 8.52863E-2 7.80297E-2 8.41574E-2 4.58182E-2 4.48565E-2 4.62408E-2 4.56625E-2 2.94088E-2 4.78979E-2 9.10334E-2 1.03774E-1 3.31954E-2 2.38638E-2 3.54433E-2 3.04287E-2 6.93998E-2 6.70677E-2 6.60097E-2 5.68526E-2 5.49285E-2 6.59839E-2 3.92001E-2 2.19063E-2 2.93944E-2 3.36558E-2 2.96284E-2 3.22439E-2 5.45621E-2 5.87177E-2 5.51493E-2 4.13689E-2 4.87264E-2 4.28729E-2 5.12481E-2 3.49505E-2 2.86242E-2 2.74351E-2 2.56512E-2 2.30836E-2 2.09956E-2 1.93994E-2 1.76398E-2 1.85441E-2 1.67534E-2 1.62733E-2 1.37584E-2 1.27531E-2 1.16003E-2 1.08808E-2 1.04533E-2 1.13612E-2 1.08304E-2
1.97262E-1 2.72402E-1 2.31039E-1 2.33496E-1 2.26509E-1 1.88139E-1 1.37331E-1 7.67605E-2 1.03063E-1 7.57114E-2 9.3936E-2 8.48413E-2 5.86018E-2 7.06872E-2 4.95636E-2 3.64988E-2 5.15115E-2 5.57036E-2 5.50733E-2 5.1147E-2 4.96794E-2 2.84001E-2 3.37416E-2 6.05014E-2 6.58456E-2 5.17737E-2 5.11721E-2 5.14971E-2 6.51548E-2 5.40273E-2 4.31021E-2 4.28851E-2 2.18938E-2 3.69118E-2 4.39071E-2 4.07686E-2 5.73377E-2 5.31893E-2 5.19682E-2 4.18395E-2 4.08485E-2 3.44763E-2 4.63181E-2 4.26604E-2 2.96698E-2 2.45482E-2 2.31396E-2 2.16964E-2 2.09389E-2 1.88708E-2 1.70539E-2 1.83357E-2 1.79457E-2 1.7577E-2 1.54594E-2 1.41043E-2 1.21813E-2 1.13594E-2 1.09287E-2 1.1588E-2 1.14746E-2
7.12369E-2 1.52684E-1 2.19189E-1 2.57884E-1 2.23368E-1 2.298E-1 1.1029E-1 9.63685E-2 7.7167E-2 8.7115E-2 1.11413E-1 7.52528E-2 7.13491E-2 8.82738E-2 5.35224E-2 7.31221E-2 4.13346E-2 5.03216E-2 4.84126E-2 4.38872E-2 4.58996E-2 5.6212E-2 3.06866E-2 4.49784E-2 5.40256E-2 6.85126E-2 5.88317E-2 7.41436E-2 7.02158E-2 6.39051E-2 3.4377E-2 2.22095E-2 3.86946E-2 3.18565E-2 2.78555E-2 5.03145E-2 4.01838E-2 4.83131E-2 4.60685E-2 4.24652E-2 3.99493E-2 3.94329E-2 3.9416E-2 3.68546E-2 2.89173E-2 2.33737E-2 2.11076E-2 2.17541E-2 2.05399E-2 1.84164E-2 1.74641E-2 1.87185E-2 1.79216E-2 1.78708E-2 1.63275E-2 1.45427E-2 1.2994E-2 1.26357E-2 1.16863E-2 1.20356E-2 1.15744E-2
5.04555E-2 9.81667E-2 1.87847E-1 3.43063E-1 2.55095E-1 2.57245E-1 1.40654E-1 7.45855E-2 7.0504E-2 8.33281E-2 8.6993E-2 8.18008E-2 7.73548E-2 5.25984E-2 3.89419E-2 3.81363E-2 6.41493E-2 2.37709E-2 3.36709E-2 4.09769E-2 4.80197E-2 4.18723E-2 3.1531E-2 5.33799E-2 6.63465E-2 5.4506E-2 5.74331E-2 1.03278E-1 6.02865E-2 3.6671E-2 3.68105E-2 3.55479E-2 5.27005E-2 4.83057E-2 2.03293E-2 2.92341E-2 5.88002E-2 4.28345E-2 3.73039E-2 4.74771E-2 3.13329E-2 4.96886E-2 3.88977E-2 5.30111E-2 4.32352E-2 2.44048E-2 2.18553E-2 1.92335E-2 2.32176E-2 1.90033E-2 1.88809E-2 1.83584E-2 1.80341E-2 1.77516E-2 1.68662E-2 1.42161E-2 1.37514E-2 1.3389E-2 1.33403E-2 1.22716E-2 1.20058E-2
-9999 5.91151E-2 8.56237E-2 1.39197E-1 2.16266E-1 2.06136E-1 1.35852E-1 7.54485E-2 6.40336E-2 4.72802E-2 8.10025E-2 8.4629E-2 6.4757E-2 5.74028E-2 5.08119E-2 2.73353E-2 3.34844E-2 2.83989E-2 2.9882E-2 4.00771E-2 4.88274E-2 6.04641E-2 3.09452E-2 4.20298E-2 4.19306E-2 7.13024E-2 5.99045E-2 1.10152E-1 8.46806E-2 6.93955E-2 5.09693E-2 2.86945E-2 4.57651E-2 3.78117E-2 2.12247E-2 4.52273E-2 5.2113E-2 4.42161E-2 4.02555E-2 5.69672E-2 3.85478E-2 3.18088E-2 4.19653E-2 4.03271E-2 4.06964E-2 2.23505E-2 2.38168E-2 2.34834E-2 2.13113E-2 2.10726E-2 2.09066E-2 1.95644E-2 1.8796E-2 1.9286E-2 1.72153E-2 1.61783E-2 1.70816E-2 1.41149E-2 1.36404E-2 1.24267E-2 1.27986E-2
-9999 -9999 3.95386E-2 1.04477E-1 1.49754E-1 1.26331E-1 7.13237E-2 5.02758E-2 8.22089E-2 8.82379E-2 8.40515E-2 1.27485E-1 5.54303E-2 4.8834E-2 5.51514E-2 2.87282E-2 3.02533E-2 2.83516E-2 3.67931E-2 4.34428E-2 5.49601E-2 3.41245E-2 3.06063E-2 4.9994E-2 9.10862E-2 5.11138E-2 3.80013E-2 1.21467E-1 7.73406E-2 7.96584E-2 3.98906E-2 2.63063E-2 5.41734E-2 3.25096E-2 3.75642E-2 3.95481E-2 5.27384E-2 3.93322E-2 5.83241E-2 6.22462E-2 3.70546E-2 3.81498E-2 4.31309E-2 4.20479E-2 3.31295E-2 2.46699E-2 2.33101E-2 2.27349E-2 2.28481E-2 2.78611E-2 2.19132E-2 2.15495E-2 2.00173E-2 1.97033E-2 1.86319E-2 1.6637E-2 1.83875E-2 1.47544E-2 1.452E-2 1.41222E-2 1.35461E-2
-9999 -9999 4.38186E-2 6.61152E-2 1.09365E-1 7.79301E-2 5.8042E-2 7.7713E-2 1.13823E-1 9.67366E-2 1.04243E-1 7.94309E-2 4.68677E-2 3.56303E-2 3.8884E-2 4.60181E-2 4.32975E-2 4.47765E-2 3.74598E-2 5.45974E-2 6.44647E-2 4.78101E-2 2.96936E-2 4.0248E-2 6.93295E-2 9.47189E-2 5.88897E-2 1.12425E-1 1.28277E-1 7.66304E-2 5.84847E-2 3.50785E-2 3.4096E-2 2.33403E-2 2.36331E-2 4.18383E-2 6.67628E-2 4.85746E-2 6.51167E-2 6.47812E-2 4.31768E-2 4.37914E-2 3.39667E-2 3.28739E-2 2.91265E-2 2.54364E-2 2.02122E-2 2.46871E-2 2.8236E-2 3.43652E-2 2.46682E-2 2.3894E-2 2.2076E-2 2.13609E-2 1.92393E-2 1.80204E-2 1.7077E-2 1.64837E-2 1.64704E-2 1.56236E-2 1.40352E-2
-9999 -9999 3.91174E-2 4.42828E-2 7.75643E-2 5.64074E-2 4.93945E-2 1.02795E-1 1.35291E-1 9.82867E-2 7.92458E-2 3.82225E-2 5.94239E-2 4.89443E-2 5.08826E-2 4.81528E-2 5.55431E-2 5.27747E-2 4.83217E-2 3.94993E-2 6.86814E-2 5.48503E-2 3.38323E-2 4.5209E-2 3.96687E-2 3.83105E-2 3.86894E-2 3.86558E-2 8.06766E-2 8.51057E-2 4.84557E-2 3.32899E-2 2.39607E-2 2.67345E-2 3.50992E-2 3.90978E-2 6.65061E-2 6.52371E-2 6.34352E-2 5.29939E-2 5.11929E-2 3.48945E-2 3.28788E-2 2.91403E-2 3.00394E-2 2.71925E-2 2.24276E-2 2.93163E-2 2.74787E-2 3.32023E-2 2.57958E-2 2.45164E-2 2.33538E-2 2.16583E-2 2.04378E-2 1.8964E-2 1.82888E-2 1.73042E-2 1.86011E-2 1.68605E-2 1.56124E-2
-9999 -9999 -9999 3.84705E-2 1.71422E-1 1.33742E-1 9.98648E-2 6.35151E-2 6.78442E-2 7.79131E-2 5.06903E-2 4.69784E-2 6.846E-2 5.89651E-2 4.4942E-2 4.29915E-2 5.31874E-2 4.6836E-2 5.53256E-2 4.02385E-2 6.02585E-2 9.76497E-2 3.81627E-2 5.06888E-2 6.64289E-2 4.26494E-2 7.19883E-2 4.39742E-2 4.39184E-2 5.13142E-2 5.80977E-2 4.68973E-2 2.20518E-2 3.61588E-2 4.0342E-2 3.93854E-2 5.75861E-2 6.98553E-2 3.82471E-2 4.5765E-2 4.11791E-2 3.94599E-2 4.08945E-2 3.82416E-2 3.1597E-2 2.83047E-2 2.58881E-2 2.72409E-2 2.91513E-2 2.78133E-2 2.7598E-2 2.6991E-2 2.68325E-2 2.44833E-2 2.32353E-2 2.20629E-2 1.98479E-2 1.8535E-2 1.7473E-2 1.76566E-2 1.7032E-2
-9999 -9999 -9999 2.61448E-2 3.11682E-1 1.30351E-1 1.05227E-1 5.4272E-2 8.78227E-2 8.38203E-2 5.39476E-2 6.0478E-2 5.27776E-2 5.38481E-2 6.63371E-2 5.63277E-2 3.87094E-2 6.97176E-2 4.96814E-2 4.24163E-2 3.86945E-2 5.06333E-2 4.13812E-2 3.66853E-2 4.95744E-2 5.69164E-2 5.14628E-2 2.90407E-2 1.63407E-2 3.48816E-2 5.78162E-2 3.47844E-2 2.63263E-2 4.14522E-2 4.07495E-2 4.03098E-2 6.68587E-2 6.94964E-2 4.89936E-2 6.47389E-2 5.25402E-2 5.16496E-2 5.80096E-2 4.0294E-2 3.84653E-2 3.21759E-2 3.18435E-2 3.25015E-2 3.23666E-2 2.92992E-2 3.00826E-2 3.02427E-2 2.94848E-2 2.73282E-2 2.46475E-2 2.24158E-2 2.14816E-2 1.98359E-2 1.91874E-2 1.82941E-2 1.75175E-2
-9999 -9999 -9999 1.07409E-2 2.25621E-1 6.33747E-2 7.09031E-2 1.10741E-1 4.93627E-2 1.15166E-1 7.01499E-2 5.81797E-2 6.52652E-2 7.07952E-2 5.01672E-2 5.44386E-2 3.3597E-2 6.06103E-2 3.84792E-2 5.64671E-2 6.39359E-2 4.37086E-2 6.40541E-2 4.75712E-2 5.5025E-2 6.13066E-2 5.50807E-2 4.50664E-2 3.07885E-2 3.12464E-2 7.1753E-2 4.67146E-2 4.09154E-2 4.39031E-2 4.24214E-2 4.43415E-2 4.78757E-2 5.0184E-2 6.28719E-2 6.63123E-2 4.70368E-2 3.9385E-2 4.72625E-2 5.16493E-2 3.66125E-2 3.74647E-2 3.45312E-2 3.68461E-2 3.50839E-2 3.19516E-2 3.49211E-2 3.35049E-2 3.3128E-2 3.08056E-2 2.85614E-2 2.65434E-2 2.4657E-2 2.22151E-2 2.15199E-2 2.00409E-2 1.95876E-2
-9999 -9999 -9999 -9999 5.99138E-2 4.67398E-2 3.44895E-2 3.13808E-2 5.88384E-2 1.40173E-1 6.5173E-2 5.5801E-2 8.50639E-2 5.49105E-2 5.27518E-2 9.59133E-2 1.03971E-1 5.4676E-2 5.25792E-2 5.60166E-2 5.04133E-2 4.61432E-2 4.81675E-2 3.87545E-2 5.26695E-2 6.76917E-2 6.04782E-2 5.58015E-2 4.54682E-2 4.302E-2 3.49065E-2 3.74396E-2 5.7055E-2 5.32111E-2 4.78132E-2 4.76394E-2 4.75632E-2 5.23654E-2 7.32643E-2 6.54062E-2 5.39949E-2 4.50823E-2 3.85873E-2 4.26669E-2 4.22431E-2 4.13244E-2 4.10697E-2 4.36769E-2 4.71673E-2 3.81366E-2 3.46321E-2 3.60771E-2 3.77603E-2 3.69123E-2 4.35751E-2 3.04636E-2 2.84496E-2 2.42545E-2 2.45487E-2 2.10551E-2 1.98817E-2
-9999 -9999 -9999 -9999 7.70637E-3 2.50889E-2 3.61967E-2 4.50457E-2 2.69563E-2 1.48522E-1 7.84311E-2 3.78852E-2 5.50573E-2 7.6948E-2 6.9809E-2 6.46639E-2 7.20265E-2 7.16245E-2 5.31817E-2 6.91868E-2 6.00411E-2 6.55344E-2 4.95084E-2 4.35503E-2 4.25738E-2 4.85621E-2 9.74179E-2 7.31978E-2 8.12487E-2 8.59111E-2 4.11067E-2 4.43841E-2 6.20568E-2 5.7041E-2 5.45125E-2 5.00555E-2 4.84361E-2 5.27727E-2 6.40092E-2 6.62113E-2 7.94051E-2 6.95689E-2 4.38854E-2 4.58984E-2 4.54481E-2 5.18651E-2 5.51765E-2 4.83403E-2 5.37638E-2 4.95638E-2 4.23459E-2 3.94526E-2 3.85672E-2 3.30879E-2 3.08411E-2 2.31999E-2 2.29549E-2 2.74496E-2 2.82718E-2 2.4769E-2 2.21358E-2
-9999 -9999 -9999 -9999 1.05692E-2 1.39158E-2 1.53472E-2 3.90423E-2 7.85703E-2 1.07507E-1 5.89171E-2 1.77126E-2 4.31849E-2 6.83788E-2 7.79795E-2 6.82914E-2 1.02069E-1 9.819E-2 4.5075E-2 6.13206E-2 7.0028E-2 5.34866E-2 5.93614E-2 6.00409E-2 8.04101E-2 7.64992E-2 8.58391E-2 4.7721E-2 7.20421E-2 6.19011E-2 6.04386E-2 7.28851E-2 6.46303E-2 5.73503E-2 5.77507E-2 5.46896E-2 5.17046E-2 5.33155E-2 7.45153E-2 8.61346E-2 5.67774E-2 5.5282E-2 5.0589E-2 5.12001E-2 5.10494E-2 6.53711E-2 7.34096E-2 7.696E-2 -9999 5.2142E-2 4.52813E-2 4.08561E-2 4.24033E-2 3.35319E-2 5.32765E-2 2.98191E-2 3.56922E-2 3.69755E-2 3.67927E-2 2.49867E-2 2.33914E-2
-9999 -9999 -9999 -9999 9.15991E-3 1.47788E-2 1.05347E-2 6.49888E-3 5.1606E-2 1.04929E-1 6.88047E-2 2.68698E-2 3.08398E-2 4.3243E-2 8.73494E-2 1.12779E-1 1.04159E-1 6.04936E-2 5.21158E-2 5.92795E-2 8.78696E-2 7.63605E-2 7.0828E-2 1.19129E-1 7.92868E-2 7.06842E-2 8.97361E-2 5.67614E-2 5.626E-2 5.27066E-2 6.04397E-2 7.59906E-2 6.67515E-2 6.84696E-2 6.41249E-2 6.02748E-2 5.64124E-2 5.58761E-2 5.39871E-2 6.37226E-2 8.49253E-2 5.56817E-2 5.63546E-2 5.56608E-2 5.99242E-2 6.33136E-2 -9999 -9999 -9999 -9999 6.38045E-2 4.54231E-2 4.2354E-2 4.0588E-2 4.40586E-2 4.0995E-2 3.31102E-2 2.72806E-2 2.44234E-2 2.53943E-2 2.5155E-2
-9999 -9999 -9999 -9999 5.62938E-3 1.08385E-2 1.11673E-2 8.77761E-3 1.64851E-2 1.05519E-1 6.83509E-2 8.12497E-2 3.75253E-2 8.33791E-2 9.27543E-2 9.42518E-2 7.13978E-2 4.90342E-2 4.06813E-2 5.52965E-2 5.34295E-2 6.12164E-2 6.45679E-2 7.10486E-2 4.80397E-2 6.28872E-2 9.36133E-2 4.87494E-2 7.10087E-2 6.49769E-2 6.80877E-2 6.78469E-2 7.00511E-2 7.63938E-2 6.23146E-2 7.76068E-2 6.28213E-2 5.70308E-2 5.8301E-2 5.94207E-2 6.39806E-2 5.57727E-2 5.69982E-2 5.87385E-2 7.46408E-2 -9999 -9999 -9999 -9999 9.63886E-2 7.46803E-2 5.98748E-2 4.63367E-2 4.30829E-2 4.67872E-2 4.11833E-2 3.52919E-2 2.76183E-2 2.83023E-2 2.98504E-2 2.58703E-2
-9999 -9999 -9999 -9999 9.14709E-3 1.1045E-2 1.52659E-2 5.89635E-3 1.78186E-2 7.33213E-2 1.34554E-1 1.02014E-1 3.55563E-2 1.08594E-1 1.08092E-1 9.74412E-2 7.27302E-2 7.46486E-2 4.00032E-2 4.68595E-2 4.60812E-2 6.31852E-2 5.9918E-2 4.80256E-2 3.91308E-2 4.78674E-2 7.18866E-2 6.96766E-2 8.38882E-2 9.6953E-2 8.76045E-2 6.95666E-2 7.33283E-2 7.031E-2 6.91584E-2 6.83972E-2 7.4919E-2 6.42287E-2 6.55683E-2 6.61602E-2 6.34689E-2 6.53445E-2 8.07505E-2 1.05084E-1 9.92715E-2 -9999 -9999 -9999 1.06278E-1 8.27811E-2 9.72615E-2 7.24711E-2 5.71313E-2 6.45915E-2 4.36213E-2 4.80729E-2 3.56328E-2 3.01363E-2 3.15938E-2 4.24476E-2 3.05233E-2
-9999 -9999 -9999 1.54602E-2 2.20236E-2 2.9049E-2 5.81009E-3 8.64066E-3 1.0643E-2 5.53339E-2 2.32772E-1 8.14699E-2 4.67412E-2 5.37712E-2 7.4782E-2 6.26818E-2 8.81783E-2 8.17301E-2 7.38659E-2 4.27617E-2 4.03511E-2 4.87042E-2 4.78487E-2 4.22952E-2 6.03346E-2 3.94974E-2 4.58227E-2 7.85986E-2 7.93846E-2 1.07528E-1 1.17043E-1 9.87012E-2 7.80113E-2 7.81534E-2 7.4785E-2 7.17246E-2 6.85116E-2 7.03945E-2 6.40098E-2 6.83826E-2 7.24564E-2 6.9223E-2 7.4162E-2 1.01107E-1 1.61185E-1 1.30462E-1 9.42323E-2 9.23019E-2 8.61961E-2 7.50348E-2 8.71734E-2 8.34436E-2 6.3222E-2 5.82267E-2 5.81609E-2 5.46543E-2 3.72899E-2 3.07635E-2 3.84766E-2 3.84457E-2 3.31729E-2
-9999 -9999 -9999 -9999 1.13986E-2 4.20533E-2 1.19636E-2 -9999 1.31162E-2 7.52558E-2 1.85609E-1 6.77324E-2 5.72339E-2 5.34862E-2 6.33937E-2 7.73879E-2 1.06406E-1 8.92441E-2 7.92454E-2 6.90619E-2 4.09327E-2 6.40024E-2 4.0572E-2 7.96775E-2 9.76734E-2 6.27612E-2 4.18421E-2 9.07274E-2 8.30024E-2 9.34061E-2 1.02234E-1 1.1489E-1 1.00735E-1 8.5812E-2 8.57464E-2 8.00718E-2 9.19565E-2 8.74182E-2 7.6572E-2 7.67874E-2 7.13384E-2 6.80885E-2 7.24466E-2 9.76004E-2 1.32234E-1 1.05256E-1 9.15875E-2 8.2765E-2 8.8335E-2 7.66507E-2 8.63269E-2 8.75723E-2 6.91089E-2 5.88277E-2 5.94615E-2 5.89679E-2 3.80582E-2 3.41943E-2 4.30834E-2 3.99959E-2 3.30908E-2
-9999 -9999 -9999 -9999 7.08679E-3 6.57307E-3 9.53947E-3 1.9575E-2 1.48807E-2 1.44045E-1 1.71042E-1 4.43375E-2 9.77908E-2 7.44526E-2 7.37917E-2 8.89717E-2 5.9983E-2 1.0236E-1 8.10217E-2 6.3317E-2 5.69989E-2 4.58347E-2 4.95701E-2 1.19098E-1 6.33793E-2 5.69636E-2 5.05044E-2 6.94716E-2 6.83706E-2 9.03232E-2 1.09377E-1 1.2983E-1 1.25008E-1 1.12804E-1 1.02646E-1 9.03876E-2 9.21901E-2 1.06615E-1 8.26093E-2 8.62427E-2 8.44237E-2 7.98814E-2 7.80975E-2 9.66437E-2 9.09532E-2 9.33951E-2 1.05817E-1 1.18776E-1 8.88167E-2 8.26708E-2 8.8735E-2 7.20181E-2 6.19328E-2 5.61472E-2 5.49963E-2 4.87516E-2 4.25646E-2 3.77239E-2 4.16479E-2 4.17501E-2 3.68416E-2
-9999 -9999 -9999 -9999 1.1728E-2 8.87705E-3 1.23031E-2 1.07758E-2 1.41296E-2 1.04972E-1 9.71265E-2 3.49174E-2 8.03241E-2 9.56774E-2 7.60507E-2 8.65015E-2 8.10778E-2 1.18046E-1 9.71666E-2 6.87876E-2 5.89463E-2 6.05795E-2 3.51638E-2 7.26684E-2 1.56634E-1 1.02266E-1 5.83685E-2 8.60751E-2 9.9154E-2 1.13453E-1 1.0733E-1 1.17817E-1 1.48344E-1 1.3048E-1 1.26538E-1 9.93872E-2 9.57238E-2 9.36566E-2 1.10283E-1 1.04034E-1 9.204E-2 9.22822E-2 1.09136E-1 9.35943E-2 8.85941E-2 8.89292E-2 1.23511E-1 1.24993E-1 8.43611E-2 9.2498E-2 8.11041E-2 7.28711E-2 6.19523E-2 5.83192E-2 5.5021E-2 4.83453E-2 4.40725E-2 5.10863E-2 4.82075E-2 4.16071E-2 3.67401E-2
-9999 -9999 -9999 -9999 -9999 9.78973E-3 1.48389E-2 1.67041E-2 8.28157E-3 2.0181E-2 3.50835E-2 6.53195E-2 7.86684E-2 6.90105E-2 1.02069E-1 9.10502E-2 1.42874E-1 9.72609E-2 1.18402E-1 8.47646E-2 7.27576E-2 9.16763E-2 5.69726E-2 8.40892E-2 1.25204E-1 1.96583E-1 8.70126E-2 6.4379E-2 7.69894E-2 1.15049E-1 1.18771E-1 1.41505E-1 1.38948E-1 1.40403E-1 1.21261E-1 1.10367E-1 1.03573E-1 1.03905E-1 1.00552E-1 1.0347E-1 1.02957E-1 9.77893E-2 1.1046E-1 9.50703E-2 9.14672E-2 8.24782E-2 1.40203E-1 9.13138E-2 9.82108E-2 8.85797E-2 7.84055E-2 7.62106E-2 6.53725E-2 6.36456E-2 5.87501E-2 5.39989E-2 5.83272E-2 4.09113E-2 4.77528E-2 4.49452E-2 3.97419E-2
-9999 -9999 -9999 -9999 -9999 2.84009E-2 5.42834E-3 1.62132E-2 1.17187E-2 2.38562E-2 3.33419E-2 2.12291E-2 2.72442E-2 4.15431E-2 8.75951E-2 9.57755E-2 1.36474E-1 1.2575E-1 1.29711E-1 1.11796E-1 1.07751E-1 4.07318E-2 7.10146E-2 6.32047E-2 1.37909E-1 1.75229E-1 7.97097E-2 7.91548E-2 8.88056E-2 1.30082E-1 1.17722E-1 1.36214E-1 1.3433E-1 1.17615E-1 1.09991E-1 1.09979E-1 1.22868E-1 1.24069E-1 1.13924E-1 1.13132E-1 1.17986E-1 1.09851E-1 1.01264E-1 1.15118E-1 1.37101E-1 1.11977E-1 9.72274E-2 1.12117E-1 1.09194E-1 1.15244E-1 9.12276E-2 8.17316E-2 9.69436E-2 6.5939E-2 6.36011E-2 8.81791E-2 5.20631E-2 4.48956E-2 4.56475E-2 4.778E-2 4.55974E-2
-9999 -9999 -9999 -9999 -9999 2.54033E-2 1.83222E-2 4.04233E-3 7.48778E-3 6.54532E-3 2.50058E-2 3.2107E-2 2.82813E-2 3.95904E-2 7.22567E-2 7.44158E-2 8.45139E-2 9.77676E-2 1.13769E-1 1.36225E-1 6.24451E-2 6.59836E-2 5.9267E-2 5.18781E-2 8.27843E-2 1.37738E-1 5.88677E-2 1.19722E-1 1.29381E-1 9.8477E-2 1.22836E-1 1.21635E-1 1.34969E-1 1.26477E-1 1.28673E-1 1.28546E-1 1.22306E-1 1.40508E-1 1.37734E-1 1.32726E-1 1.30549E-1 1.23594E-1 1.34798E-1 1.29101E-1 1.33087E-1 1.58417E-1 1.05216E-1 1.0112E-1 9.62897E-2 9.99265E-2 9.81966E-2 1.00201E-1 1.15164E-1 7.16532E-2 7.56893E-2 5.66086E-2 5.16345E-2 4.78553E-2 4.52712E-2 4.54153E-2 4.11746E-2
-9999 -9999 -9999 -9999 -9999 1.97054E-2 6.02702E-3 1.07041E-2 1.33427E-2 7.57582E-3 1.44247E-2 1.84267E-2 6.2776E-2 5.47195E-2 6.38855E-2 5.0879E-2 5.44547E-2 4.75354E-2 9.04918E-2 1.05576E-1 8.65912E-2 1.0997E-1 9.00318E-2 4.54674E-2 5.23759E-2 1.66726E-1 7.55725E-2 7.96619E-2 1.3041E-1 8.59133E-2 1.21796E-1 1.36775E-1 1.50036E-1 1.52521E-1 1.46466E-1 1.34954E-1 1.47909E-1 1.30949E-1 1.38986E-1 1.4958E-1 2.14117E-1 1.68587E-1 1.31526E-1 1.13298E-1 1.23754E-1 1.13396E-1 1.08204E-1 1.08108E-1 1.06006E-1 1.22178E-1 1.13206E-1 9.50911E-2 1.15998E-1 1.18639E-1 7.60055E-2 -9999 6.453E-2 5.34226E-2 5.19252E-2 5.1114E-2 4.72786E-2
