Candidate_Models_Sept202022/M_3_F_lqp_Set_1_cal/Bison.asc
ncols         97
nrows         127
xllcorner     -2197417.7431653
yllcorner     -584827.01486885
cellsize      30000.0
NODATA_value  -9999
[rows 0 to 26 of 127, columns 0 to 60 of 97]
-9999 -9999 -9999 -9999 -9999 -9999 -9999 -9999 -9999 -9999 -9999 -9999 -9999 -9999 -9999 -9999 -9999 -9999 -9999 -9999 -9999 -9999 -9999 -9999 -9999 -9999 -9999 -9999 -9999 -9999 -9999 -9999 -9999 -9999 -9999 -9999 -9999 -9999 -9999 -9999 -9999 -9999 -9999 -9999 -9999 -9999 -9999 -9999 -9999 -9999 -9999 -9999 -9999 -9999 -9999 -9999 -9999 -9999 -9999 -9999 -9999
-9999 -9999 -9999 -9999 -9999 -9999 -9999 -9999 -9999 -9999 -9999 -9999 -9999 -9999 -9999 -9999 -9999 -9999 -9999 -9999 -9999 -9999 -9999 -9999 -9999 -9999 -9999 -9999 -9999 -9999 -9999 -9999 -9999 -9999 -9999 -9999 -9999 -9999 -9999 -9999 -9999 -9999 -9999 -9999 -9999 -9999 -9999 -9999 -9999 -9999 -9999 -9999 -9999 -9999 -9999 -9999 -9999 -9999 -9999 -9999 -9999
-9999 -9999 -9999 -9999 -9999 -9999 -9999 -9999 -9999 -9999 -9999 -9999 -9999 -9999 -9999 -9999 -9999 -9999 -9999 -9999 -9999 -9999 -9999 -9999 -9999 -9999 -9999 -9999 -9999 -9999 -9999 -9999 -9999 -9999 -9999 -9999 -9999 -9999 -9999 -9999 -9999 -9999 -9999 -9999 -9999 -9999 -9999 -9999 -9999 -9999 -9999 -9999 -9999 -9999 -9999 -9999 -9999 -9999 -9999 -9999 -9999
-9999 -9999 -9999 -9999 -9999 -9999 -9999 -9999 -9999 -9999 -9999 -9999 -9999 -9999 -9999 -9999 -9999 -9999 -9999 4.45957E-2 4.14288E-2 2.816E-2 3.06348E-2 -9999 -9999 -9999 -9999 -9999 -9999 -9999 -9999 -9999 -9999 -9999 -9999 -9999 -9999 -9999 -9999 -9999 -9999 -9999 -9999 -9999 -9999 -9999 -9999 -9999 -9999 -9999 -9999 -9999 -9999 -9999 -9999 -9999 -9999 -9999 -9999 -9999 -9999
-9999 -9999 -9999 -9999 -9999 -9999 -9999 -9999 -9999 -9999 -9999 -9999 -9999 -9999 -9999 -9999 -9999 -9999 4.33476E-2 3.67616E-2 3.38775E-2 3.74931E-2 3.26547E-2 2.47947E-2 2.18399E-2 -9999 -9999 -9999 -9999 -9999 -9999 -9999 -9999 -9999 -9999 -9999 -9999 -9999 -9999 -9999 -9999 -9999 -9999 -9999 -9999 -9999 -9999 -9999 -9999 -9999 -9999 -9999 -9999 -9999 -9999 -9999 -9999 -9999 -9999 -9999 -9999
-9999 -9999 -9999 -9999 -9999 -9999 -9999 -9999 -9999 -9999 -9999 -9999 -9999 -9999 -9999 -9999 -9999 -9999 2.84417E-2 2.71975E-2 3.10251E-2 3.29952E-2 2.76866E-2 2.21898E-2 2.20457E-2 -9999 -9999 -9999 -9999 -9999 -9999 -9999 -9999 -9999 -9999 -9999 -9999 -9999 -9999 -9999 -9999 -9999 -9999 -9999 -9999 -9999 -9999 -9999 -9999 -9999 -9999 -9999 -9999 -9999 -9999 -9999 -9999 -9999 -9999 -9999 -9999
-9999 -9999 -9999 -9999 -9999 -9999 -9999 -9999 -9999 -9999 -9999 -9999 -9999 -9999 -9999 -9999 -9999 2.58409E-2 2.2749E-2 1.52613E-2 1.65515E-2 2.23308E-2 2.47258E-2 2.30344E-2 2.49683E-2 2.50788E-2 -9999 2.57566E-2 2.26079E-2 2.31659E-2 -9999 -9999 -9999 -9999 -9999 -9999 -9999 -9999 1.73649E-2 -9999 -9999 -9999 -9999 -9999 -9999 -9999 -9999 -9999 -9999 -9999 -9999 -9999 -9999 -9999 -9999 -9999 -9999 -9999 -9999 -9999 -9999
-9999 -9999 -9999 -9999 -9999 -9999 -9999 -9999 -9999 -9999 -9999 -9999 -9999 -9999 -9999 -9999 6.85051E-2 4.17088E-2 1.69774E-2 9.70106E-3 1.11128E-2 1.52997E-2 2.29884E-2 2.19473E-2 2.44403E-2 2.41417E-2 2.28793E-2 2.31749E-2 2.07314E-2 2.05127E-2 2.05529E-2 2.00083E-2 1.8851E-2 1.82607E-2 1.88276E-2 1.9586E-2 2.02518E-2 -9999 1.6398E-2 1.56659E-2 -9999 -9999 -9999 -9999 -9999 -9999 -9999 -9999 -9999 -9999 -9999 -9999 -9999 -9999 -9999 -9999 -9999 -9999 -9999 -9999 -9999
-9999 -9999 -9999 -9999 -9999 -9999 -9999 -9999 -9999 -9999 -9999 -9999 -9999 -9999 -9999 1.3154E-2 1.9111E-2 1.81843E-2 1.42554E-2 9.27196E-3 9.33903E-3 1.2979E-2 2.21782E-2 2.42633E-2 2.36214E-2 2.08419E-2 2.16835E-2 2.12142E-2 1.8168E-2 1.76839E-2 1.78219E-2 1.78291E-2 1.73644E-2 1.65756E-2 1.84384E-2 2.23569E-2 2.11664E-2 2.10684E-2 1.70984E-2 1.6879E-2 -9999 -9999 -9999 -9999 -9999 -9999 -9999 -9999 -9999 -9999 -9999 -9999 -9999 -9999 -9999 -9999 -9999 -9999 -9999 -9999 -9999
-9999 -9999 -9999 -9999 -9999 -9999 -9999 -9999 -9999 -9999 -9999 -9999 -9999 -9999 -9999 1.96858E-2 2.14272E-2 1.48378E-2 9.15638E-3 9.08424E-3 9.95193E-3 1.50307E-2 2.61792E-2 3.07927E-2 2.69724E-2 1.89228E-2 1.89797E-2 1.89557E-2 1.60873E-2 1.65279E-2 1.76592E-2 1.80125E-2 1.68888E-2 1.7055E-2 2.06184E-2 2.53681E-2 2.72406E-2 2.52151E-2 2.02039E-2 -9999 -9999 -9999 1.67528E-2 -9999 -9999 -9999 -9999 -9999 -9999 -9999 -9999 -9999 -9999 -9999 -9999 -9999 -9999 -9999 -9999 -9999 -9999
-9999 -9999 -9999 -9999 -9999 -9999 -9999 -9999 -9999 -9999 -9999 -9999 -9999 -9999 2.7242E-2 2.24341E-2 2.58313E-2 2.22647E-2 2.18601E-2 1.50678E-2 1.30761E-2 1.6931E-2 2.82938E-2 2.88402E-2 3.05589E-2 1.55103E-2 1.8448E-2 1.79863E-2 1.65699E-2 1.69314E-2 1.79525E-2 1.75747E-2 1.62837E-2 1.84147E-2 2.40427E-2 2.79316E-2 2.80868E-2 2.44409E-2 1.82696E-2 -9999 -9999 1.81965E-2 -9999 -9999 -9999 -9999 -9999 -9999 -9999 -9999 -9999 -9999 -9999 -9999 -9999 -9999 -9999 -9999 -9999 -9999 -9999
-9999 -9999 -9999 -9999 -9999 -9999 -9999 -9999 -9999 -9999 -9999 -9999 -9999 1.95767E-2 2.32533E-2 1.81264E-2 2.49397E-2 2.78176E-2 3.4141E-2 6.3903E-2 2.13999E-2 2.9421E-2 2.20165E-2 3.32682E-2 1.7821E-2 1.4121E-2 1.64208E-2 1.64575E-2 1.55844E-2 1.66548E-2 1.67221E-2 1.61583E-2 1.65247E-2 2.01048E-2 2.30952E-2 2.52215E-2 2.75339E-2 2.58217E-2 1.86463E-2 1.72787E-2 1.76213E-2 1.83662E-2 -9999 2.18636E-2 2.2563E-2 -9999 -9999 -9999 -9999 -9999 -9999 -9999 -9999 -9999 -9999 -9999 -9999 -9999 -9999 -9999 -9999
-9999 -9999 -9999 -9999 -9999 -9999 -9999 -9999 -9999 -9999 -9999 -9999 -9999 2.29034E-2 2.05181E-2 2.26033E-2 3.16951E-2 2.26661E-2 8.31596E-2 4.78342E-2 3.58542E-2 2.1312E-2 3.0802E-2 2.97509E-2 1.57053E-2 1.47028E-2 1.54282E-2 1.5462E-2 1.60131E-2 1.57862E-2 1.50901E-2 1.51682E-2 1.60698E-2 1.70164E-2 1.83105E-2 1.76203E-2 2.33228E-2 2.12067E-2 1.71797E-2 1.57967E-2 1.65813E-2 2.03933E-2 2.08465E-2 2.35557E-2 2.46767E-2 2.59823E-2 -9999 -9999 -9999 -9999 -9999 -9999 -9999 -9999 -9999 -9999 -9999 -9999 -9999 -9999 -9999
-9999 -9999 -9999 -9999 -9999 -9999 -9999 -9999 -9999 -9999 -9999 -9999 5.9113E-2 8.35265E-2 3.27279E-2 4.12087E-2 3.33565E-2 3.49236E-2 1.64345E-2 3.83314E-2 3.95277E-2 3.03377E-2 3.60001E-2 1.97127E-2 1.26658E-2 1.36137E-2 1.49472E-2 1.448E-2 1.62675E-2 1.50658E-2 1.45765E-2 1.39503E-2 1.40565E-2 1.4726E-2 1.47436E-2 1.6667E-2 1.67951E-2 1.83768E-2 1.82879E-2 1.66936E-2 1.69106E-2 1.77892E-2 2.01249E-2 2.32747E-2 2.4635E-2 2.571E-2 2.66867E-2 -9999 -9999 -9999 1.37268E-2 1.21724E-2 -9999 -9999 -9999 -9999 -9999 -9999 -9999 -9999 -9999
-9999 -9999 -9999 -9999 -9999 -9999 -9999 -9999 -9999 -9999 -9999 2.19599E-2 2.5531E-2 6.56481E-2 3.78697E-2 2.74867E-2 1.86433E-2 7.09358E-2 4.02258E-2 3.37249E-2 3.22648E-2 5.43083E-2 3.27544E-2 1.40264E-2 1.18985E-2 1.26767E-2 1.4167E-2 1.68554E-2 1.56725E-2 1.52331E-2 1.34262E-2 1.26468E-2 1.32098E-2 1.37937E-2 1.52574E-2 1.69148E-2 1.82336E-2 1.92433E-2 1.86945E-2 1.83929E-2 1.8082E-2 1.90821E-2 2.10398E-2 2.36668E-2 2.5025E-2 2.5619E-2 2.39619E-2 2.08279E-2 -9999 -9999 -9999 1.32484E-2 1.23266E-2 -9999 -9999 -9999 -9999 -9999 -9999 -9999 -9999
-9999 -9999 -9999 -9999 -9999 -9999 -9999 -9999 -9999 -9999 -9999 1.97685E-2 1.52652E-2 2.45476E-2 2.88404E-2 2.20999E-2 1.3708E-2 3.18162E-2 2.57994E-2 5.24104E-2 3.80889E-2 4.58731E-2 2.5362E-2 1.40592E-2 1.27735E-2 1.3699E-2 1.59968E-2 1.64292E-2 1.55883E-2 1.47949E-2 1.32504E-2 1.30801E-2 1.32179E-2 1.33046E-2 1.48804E-2 1.69109E-2 1.83067E-2 1.94696E-2 1.96008E-2 1.91148E-2 1.86247E-2 2.03432E-2 2.21692E-2 2.315E-2 2.24309E-2 2.36444E-2 2.19004E-2 2.08316E-2 2.00819E-2 -9999 -9999 1.47096E-2 1.40094E-2 1.27908E-2 1.28486E-2 -9999 -9999 -9999 -9999 -9999 -9999
-9999 -9999 -9999 -9999 -9999 -9999 -9999 -9999 -9999 -9999 4.0761E-2 1.73905E-2 3.53689E-2 2.42369E-2 2.13901E-2 1.76216E-2 1.56449E-2 1.435E-2 1.81155E-2 6.77606E-2 6.10563E-2 4.45431E-2 3.08818E-2 2.30414E-2 1.34127E-2 1.4828E-2 1.62328E-2 1.6734E-2 1.61458E-2 1.37665E-2 1.25252E-2 1.22788E-2 1.29535E-2 1.38641E-2 1.59671E-2 1.84168E-2 2.01077E-2 2.13651E-2 2.11693E-2 2.02431E-2 2.06071E-2 2.15508E-2 2.23633E-2 2.20619E-2 2.08279E-2 2.06117E-2 2.09578E-2 2.1447E-2 2.08783E-2 1.89129E-2 1.71994E-2 1.9031E-2 -9999 -9999 1.28532E-2 1.17457E-2 -9999 -9999 -9999 -9999 -9999
-9999 -9999 -9999 -9999 -9999 -9999 -9999 -9999 -9999 2.94057E-2 7.16762E-2 2.52418E-2 2.98804E-2 2.63767E-2 2.34017E-2 1.97474E-2 1.58081E-2 1.73942E-2 1.74122E-2 2.22454E-2 2.28095E-2 3.00604E-2 4.84009E-2 1.95975E-2 1.42901E-2 1.5079E-2 1.72844E-2 1.76037E-2 1.74839E-2 1.41918E-2 1.44374E-2 1.26397E-2 1.32558E-2 1.39293E-2 1.61685E-2 1.94632E-2 1.97655E-2 2.25775E-2 2.35939E-2 2.34457E-2 2.18067E-2 2.27881E-2 2.39702E-2 2.24705E-2 2.19414E-2 2.09146E-2 2.12647E-2 2.15946E-2 2.07421E-2 1.88649E-2 1.84859E-2 1.91633E-2 1.89083E-2 -9999 1.24415E-2 1.1861E-2 1.09699E-2 9.92632E-3 -9999 -9999 -9999
-9999 -9999 -9999 -9999 -9999 -9999 -9999 -9999 6.11431E-2 3.79948E-2 3.32546E-2 1.63841E-2 9.37696E-3 2.60452E-2 4.46848E-2 3.57811E-2 3.03874E-2 2.18887E-2 2.47516E-2 1.86715E-2 1.79927E-2 2.78097E-2 3.30627E-2 1.37959E-2 1.67758E-2 1.63286E-2 1.82612E-2 1.76051E-2 1.55144E-2 1.3787E-2 1.31581E-2 1.36641E-2 1.49414E-2 1.71411E-2 1.80965E-2 2.05459E-2 2.17159E-2 2.24E-2 2.45578E-2 2.65285E-2 2.59781E-2 2.49944E-2 2.44369E-2 2.35657E-2 2.18635E-2 2.15982E-2 2.26032E-2 2.23928E-2 2.0753E-2 1.96168E-2 1.93981E-2 2.0066E-2 1.97259E-2 1.92417E-2 1.32909E-2 1.23228E-2 1.08374E-2 9.92589E-3 8.92427E-3 8.42109E-3 8.016E-3
-9999 -9999 -9999 -9999 -9999 -9999 -9999 -9999 2.15519E-2 2.10712E-2 1.25296E-2 8.43565E-3 1.22218E-2 3.17605E-2 4.90497E-2 6.46095E-2 3.88787E-2 3.87641E-2 4.08732E-2 2.51913E-2 2.43459E-2 2.31679E-2 2.28566E-2 2.15839E-2 2.00236E-2 1.78388E-2 1.87168E-2 1.69667E-2 1.75439E-2 1.65541E-2 1.40046E-2 1.41539E-2 1.6402E-2 2.03191E-2 2.17922E-2 2.14409E-2 2.51055E-2 2.24337E-2 2.64961E-2 2.64971E-2 2.98164E-2 2.66813E-2 2.56091E-2 2.45594E-2 2.39295E-2 2.41443E-2 2.43061E-2 2.35246E-2 2.23697E-2 2.09751E-2 2.0855E-2 2.12581E-2 2.12928E-2 1.96736E-2 -9999 1.32613E-2 1.18332E-2 1.07837E-2 8.40704E-3 8.78377E-3 7.82914E-3
-9999 -9999 -9999 -9999 -9999 -9999 -9999 1.80078E-2 1.82802E-2 3.77788E-2 3.31823E-2 1.14315E-2 1.58002E-2 2.11254E-2 3.79398E-2 6.31504E-2 4.6552E-2 4.55003E-2 4.78876E-2 3.80532E-2 3.15155E-2 2.82028E-2 3.6774E-2 2.92772E-2 2.50304E-2 2.21968E-2 1.99085E-2 2.49054E-2 2.48841E-2 1.90268E-2 1.7682E-2 1.69211E-2 1.99006E-2 2.14129E-2 2.38735E-2 3.32061E-2 2.56742E-2 2.58804E-2 2.64307E-2 2.85373E-2 2.85404E-2 2.72553E-2 2.66246E-2 2.62584E-2 2.6915E-2 2.66712E-2 2.56112E-2 2.39229E-2 2.29782E-2 2.23202E-2 2.1967E-2 2.28347E-2 -9999 -9999 -9999 -9999 -9999 -9999 -9999 -9999 -9999
-9999 -9999 -9999 -9999 -9999 -9999 5.16893E-2 4.4896E-2 3.01872E-2 1.77193E-2 3.74708E-2 8.05458E-2 2.12338E-2 4.66367E-2 1.65432E-2 3.8373E-2 5.91087E-2 6.74852E-2 5.87578E-2 6.09304E-2 4.8002E-2 3.35747E-2 4.00255E-2 5.66071E-2 3.75523E-2 4.16189E-2 2.991E-2 2.39351E-2 2.38063E-2 1.55366E-2 2.39678E-2 3.18296E-2 2.10573E-2 2.58573E-2 2.48333E-2 3.36915E-2 2.95998E-2 2.81706E-2 3.02645E-2 3.00187E-2 2.82519E-2 3.08645E-2 2.95086E-2 2.98762E-2 2.9452E-2 2.77883E-2 2.66438E-2 2.45271E-2 2.33579E-2 2.25874E-2 2.39404E-2 2.42036E-2 2.06303E-2 1.82926E-2 -9999 -9999 -9999 -9999 -9999 -9999 -9999
-9999 -9999 -9999 -9999 -9999 -9999 4.3416E-2 4.2174E-2 2.13405E-2 1.67686E-2 1.45236E-2 9.26849E-2 3.32479E-2 3.68253E-2 2.85317E-2 4.78667E-2 4.71967E-2 5.98865E-2 4.22988E-2 5.93641E-2 6.84541E-2 5.09145E-2 4.83447E-2 5.83542E-2 4.98103E-2 4.49618E-2 4.08662E-2 2.91189E-2 2.03664E-2 1.7008E-2 1.75978E-2 3.12118E-2 2.27949E-2 2.99886E-2 3.18679E-2 3.47009E-2 3.07914E-2 3.49238E-2 3.23888E-2 3.09596E-2 2.9668E-2 3.44395E-2 3.30457E-2 3.49441E-2 3.33397E-2 2.86193E-2 2.80867E-2 2.69742E-2 2.38988E-2 2.34363E-2 2.23325E-2 2.13353E-2 1.85467E-2 1.65479E-2 1.52721E-2 1.33564E-2 1.14079E-2 1.01982E-2 1.04153E-2 1.00877E-2 8.24572E-3
-9999 -9999 -9999 -9999 -9999 3.68596E-2 2.42895E-2 2.42693E-2 2.23559E-2 6.09658E-2 4.72369E-2 3.01234E-2 1.91495E-2 3.08328E-2 2.15854E-2 1.90607E-2 2.04627E-2 5.34047E-2 3.18034E-2 3.79709E-2 6.48518E-2 6.28035E-2 6.29506E-2 7.26206E-2 6.01049E-2 4.84115E-2 5.19715E-2 2.93707E-2 1.66604E-2 1.75011E-2 1.92371E-2 2.69445E-2 3.56344E-2 3.6413E-2 4.81579E-2 3.9491E-2 3.59914E-2 -9999 -9999 5.4814E-2 -9999 -9999 -9999 3.68891E-2 3.14055E-2 2.77391E-2 2.82679E-2 2.62391E-2 2.33859E-2 2.30002E-2 2.14048E-2 1.90771E-2 1.71513E-2 1.55933E-2 1.41475E-2 1.22389E-2 1.12708E-2 1.03221E-2 1.02595E-2 9.54275E-3 9.13635E-3
-9999 -9999 -9999 -9999 8.02905E-2 2.87303E-2 3.18848E-2 2.72501E-2 2.91064E-2 2.87377E-2 1.39689E-2 2.14303E-2 4.41554E-2 3.12621E-2 2.07578E-2 2.4343E-2 3.14991E-2 3.0548E-2 2.52168E-2 3.11799E-2 5.01982E-2 4.6097E-2 4.76589E-2 8.25472E-2 5.72753E-2 7.74494E-2 5.59416E-2 4.8708E-2 3.78271E-2 1.92911E-2 2.16532E-2 3.80592E-2 3.92413E-2 3.07038E-2 4.84074E-2 3.29536E-2 3.1738E-2 3.88379E-2 4.14826E-2 3.67915E-2 5.00078E-2 -9999 4.35806E-2 4.09673E-2 3.16528E-2 2.81463E-2 2.87875E-2 2.5025E-2 2.36761E-2 2.52729E-2 2.32391E-2 1.97869E-2 1.80645E-2 1.60566E-2 1.33033E-2 1.1434E-2 1.01623E-2 9.94175E-3 9.14139E-3 8.83712E-3 8.62404E-3
-9999 -9999 -9999 6.68187E-2 9.97905E-2 5.91584E-2 2.6918E-2 3.54963E-2 3.14092E-2 2.1691E-2 2.30551E-2 2.44294E-2 5.98272E-2 3.6627E-2 4.25006E-2 1.92503E-2 3.12322E-2 4.2439E-2 3.77483E-2 4.60042E-2 3.71886E-2 2.30256E-2 5.50639E-2 6.9631E-2 7.76106E-2 7.07584E-2 6.03446E-2 4.50764E-2 4.51543E-2 3.83265E-2 2.64288E-2 3.6583E-2 3.61078E-2 2.49215E-2 3.21688E-2 4.03515E-2 3.60096E-2 3.60602E-2 3.45681E-2 3.30706E-2 4.43323E-2 4.83973E-2 -9999 -9999 3.12318E-2 3.2171E-2 3.29443E-2 2.79964E-2 2.58503E-2 2.42913E-2 2.88314E-2 2.09417E-2 1.84345E-2 1.69013E-2 1.4409E-2 1.16633E-2 1.0758E-2 9.91073E-3 9.59955E-3 9.25602E-3 9.40265E-3
-9999 -9999 -9999 1.65715E-1 1.01078E-1 6.29997E-2 2.82377E-2 6.56901E-2 1.8175E-1 4.03222E-2 5.25432E-2 4.20598E-2 2.71029E-2 2.58866E-2 8.70727E-2 3.2194E-2 4.74451E-2 7.4873E-2 5.79101E-2 3.55484E-2 3.76938E-2 2.83152E-2 3.15907E-2 5.06922E-2 7.18627E-2 6.96159E-2 6.2749E-2 6.30376E-2 5.87416E-2 5.02058E-2 4.40368E-2 2.97776E-2 4.81503E-2 3.37802E-2 3.61442E-2 3.92118E-2 3.922E-2 3.96066E-2 3.36282E-2 3.27649E-2 -9999 -9999 -9999 -9999 -9999 3.16513E-2 3.28124E-2 2.7038E-2 2.42271E-2 2.22036E-2 2.4668E-2 3.02341E-2 1.80277E-2 1.71249E-2 1.29044E-2 1.07484E-2 1.12312E-2 1.18201E-2 1.30044E-2 1.2505E-2 1.33065E-2
