Candidate_Models_Sept202022/M_3_F_lqp_Set_1_cal/Bison.asc
ncols         97
nrows         127
xllcorner     -2197417.7431653
yllcorner     -584827.01486885
cellsize      30000.0
NODATA_value  -9999
[rows 81 to 107 of 127, columns 0 to 60 of 97]
-9999 -9999 -9999 -9999 -9999 -9999 -9999 -9999 -9999 -9999 -9999 7.37729E-3 3.18668E-3 7.44124E-3 4.42365E-2 2.08209E-2 1.1862E-2 4.9421E-3 1.38415E-2 6.04243E-2 3.26187E-2 7.37416E-2 3.22637E-2 7.80068E-2 2.07639E-1 2.95872E-1 1.49735E-1 1.22851E-1 1.86955E-1 4.59079E-2 4.06384E-2 2.68659E-2 4.71549E-2 9.80951E-2 8.86598E-2 1.17964E-1 1.66464E-1 2.29491E-1 4.7101E-1 7.57657E-1 8.48774E-1 7.15862E-1 6.97322E-1 7.6951E-1 6.93763E-1 5.50707E-1 5.09345E-1 5.03675E-1 5.17425E-1 5.56585E-1 5.86496E-1 6.74281E-1 7.06166E-1 6.79894E-1 6.92543E-1 5.5765E-1 6.17132E-1 6.11526E-1 5.96461E-1 5.71572E-1 5.86556E-1
-9999 -9999 -9999 -9999 -9999 -9999 -9999 -9999 -9999 -9999 -9999 -9999 5.28058E-3 4.19097E-3 1.56149E-2 4.45582E-2 1.98395E-2 2.10995E-2 9.17443E-3 2.01445E-2 1.64357E-2 1.88397E-2 2.16636E-2 6.4556E-2 2.90316E-1 3.34119E-1 1.61737E-1 1.2318E-1 2.55042E-1 4.65232E-2 2.25191E-2 2.94386E-2 3.09309E-2 6.32375E-2 1.27633E-1 9.72472E-2 1.21297E-1 1.36174E-1 2.51075E-1 7.03628E-1 8.70411E-1 7.32239E-1 6.98475E-1 7.32779E-1 6.70484E-1 5.39928E-1 4.76465E-1 5.14797E-1 5.38297E-1 6.22124E-1 6.28834E-1 6.68228E-1 7.25459E-1 6.61475E-1 6.3869E-1 6.68383E-1 6.17177E-1 5.53036E-1 5.77253E-1 5.5151E-1 6.14922E-1
-9999 -9999 -9999 -9999 -9999 -9999 -9999 -9999 -9999 -9999 -9999 -9999 -9999 7.43887E-3 3.00815E-3 1.47112E-2 4.97621E-2 4.0982E-2 1.5591E-1 1.28802E-2 9.15552E-3 1.29643E-2 8.91512E-3 5.72994E-2 1.43594E-1 1.37376E-1 8.88799E-2 2.06096E-1 1.12306E-1 5.86497E-2 2.60883E-2 2.07568E-2 1.76246E-2 3.01158E-2 7.57224E-2 1.98359E-1 8.28841E-2 1.51221E-1 1.80315E-1 6.72113E-1 7.70162E-1 7.66129E-1 7.02079E-1 6.65922E-1 6.18192E-1 5.19053E-1 5.16189E-1 5.32761E-1 5.55574E-1 5.85072E-1 6.18052E-1 6.44615E-1 7.26519E-1 6.96178E-1 6.62544E-1 6.44246E-1 6.61729E-1 6.3114E-1 5.52978E-1 5.72466E-1 5.71819E-1
-9999 -9999 -9999 -9999 -9999 -9999 -9999 -9999 -9999 -9999 -9999 -9999 -9999 9.4242E-3 5.41073E-3 1.30657E-2 3.82836E-2 -9999 1.62056E-1 2.09359E-1 1.31305E-1 3.97665E-2 1.21779E-2 4.19029E-2 1.45239E-1 1.30063E-1 1.47781E-1 1.45693E-1 7.99482E-2 7.72461E-2 3.96284E-2 2.21886E-2 2.04363E-2 3.16807E-2 6.3778E-2 9.68731E-2 7.35415E-2 1.37972E-1 1.60827E-1 6.23657E-1 6.48701E-1 6.97938E-1 7.20159E-1 5.70288E-1 5.93181E-1 6.70553E-1 5.9121E-1 5.90932E-1 5.37067E-1 5.8171E-1 6.12076E-1 6.06358E-1 6.22198E-1 6.03125E-1 6.16673E-1 5.15408E-1 6.18879E-1 6.43446E-1 5.799E-1 6.09959E-1 6.50204E-1
-9999 -9999 -9999 -9999 -9999 -9999 -9999 -9999 -9999 -9999 -9999 -9999 -9999 1.23962E-2 7.50137E-3 1.17002E-2 3.7453E-2 -9999 1.34473E-1 3.08939E-1 6.92402E-2 1.40674E-2 8.31505E-3 4.00386E-2 8.53391E-2 6.76858E-2 1.69923E-1 7.25103E-2 7.1362E-2 3.77994E-2 3.26165E-2 1.51821E-2 3.85188E-2 3.84857E-2 5.13171E-2 1.14777E-1 1.05216E-1 1.12071E-1 2.22835E-1 3.57256E-1 6.16895E-1 6.37837E-1 6.99506E-1 6.2187E-1 5.52328E-1 6.50153E-1 5.18998E-1 5.05986E-1 5.50884E-1 6.37404E-1 6.38014E-1 5.24214E-1 6.13095E-1 7.02031E-1 6.34776E-1 6.09045E-1 6.71471E-1 5.71197E-1 5.85278E-1 5.79625E-1 5.64252E-1
-9999 -9999 -9999 -9999 -9999 -9999 -9999 -9999 -9999 -9999 -9999 -9999 -9999 9.84489E-3 1.25699E-2 2.00789E-2 4.14548E-2 -9999 2.29127E-2 7.7136E-2 2.61384E-2 2.22434E-2 1.57709E-2 2.72083E-2 1.00701E-1 1.64129E-1 2.4632E-1 7.5645E-2 5.08416E-2 4.18728E-2 5.26077E-2 3.1987E-2 5.94735E-2 3.68773E-2 3.5326E-2 2.32579E-1 6.19192E-2 1.12783E-1 1.54835E-1 5.2615E-1 5.60834E-1 6.3321E-1 6.79278E-1 6.57408E-1 6.44262E-1 5.7006E-1 4.96053E-1 5.21271E-1 5.70271E-1 6.45832E-1 5.85818E-1 4.73207E-1 5.5382E-1 6.9519E-1 6.77912E-1 6.61312E-1 6.56485E-1 5.17758E-1 5.48678E-1 5.89986E-1 6.62004E-1
-9999 -9999 -9999 -9999 -9999 -9999 -9999 -9999 -9999 -9999 -9999 -9999 -9999 1.40247E-2 4.81833E-3 5.71625E-3 1.29441E-1 -9999 1.14573E-1 7.66212E-2 1.72763E-2 7.81514E-3 5.31261E-2 7.94607E-2 8.42999E-2 1.74913E-1 4.28739E-1 1.86314E-1 1.34606E-1 4.05766E-2 8.09304E-2 2.93679E-2 2.70503E-2 5.14219E-2 1.0446E-1 1.45211E-1 1.1142E-1 1.20385E-1 4.1438E-1 6.0409E-1 4.86052E-1 5.86068E-1 7.49184E-1 6.6708E-1 6.15031E-1 5.891E-1 6.39865E-1 6.70848E-1 6.06809E-1 5.32564E-1 4.88985E-1 4.56701E-1 5.62061E-1 6.38018E-1 7.10945E-1 7.02957E-1 6.26211E-1 5.5368E-1 5.47702E-1 5.46183E-1 6.29647E-1
-9999 -9999 -9999 -9999 -9999 -9999 -9999 -9999 -9999 -9999 -9999 -9999 -9999 9.69938E-3 3.55472E-3 5.71862E-3 8.43171E-3 3.42564E-2 5.18816E-2 1.08937E-1 8.35496E-3 8.85888E-3 5.72695E-2 1.03294E-1 2.39259E-1 3.67464E-1 3.04041E-1 1.42604E-1 7.24703E-2 8.57921E-2 6.453E-2 2.89295E-2 2.51319E-2 1.77769E-1 5.44685E-2 6.59018E-2 1.29549E-1 7.51421E-2 1.28328E-1 6.65072E-1 5.34411E-1 6.58732E-1 6.38863E-1 6.9668E-1 6.44242E-1 6.52975E-1 5.68385E-1 5.30437E-1 6.70991E-1 6.62158E-1 5.9298E-1 5.93873E-1 7.20309E-1 7.03836E-1 6.95544E-1 7.11828E-1 6.73962E-1 6.55455E-1 6.57382E-1 5.50558E-1 5.84186E-1
-9999 -9999 -9999 -9999 -9999 -9999 -9999 -9999 -9999 -9999 -9999 -9999 -9999 1.60332E-2 4.71546E-3 3.35185E-3 8.76035E-3 2.72296E-2 7.38925E-2 7.54901E-2 1.05018E-2 2.13029E-2 3.9164E-2 1.29979E-1 4.0184E-1 3.16419E-1 1.56486E-1 8.23697E-2 6.26972E-2 2.54344E-1 6.28284E-2 5.56151E-2 5.60374E-2 2.30133E-1 4.49947E-2 6.28057E-2 1.53299E-1 6.96791E-2 9.63064E-2 1.98656E-1 6.10027E-1 6.22055E-1 5.81208E-1 6.46938E-1 6.80468E-1 6.48888E-1 6.24081E-1 4.94226E-1 4.80944E-1 5.56003E-1 5.70249E-1 5.73294E-1 6.79336E-1 7.06546E-1 6.96899E-1 6.85223E-1 6.49376E-1 6.91292E-1 6.85528E-1 6.72654E-1 5.71302E-1
-9999 -9999 -9999 -9999 -9999 -9999 -9999 -9999 -9999 -9999 -9999 -9999 -9999 1.98799E-2 1.4625E-2 1.54722E-2 2.76964E-2 3.53949E-2 6.67813E-2 6.16247E-2 7.04356E-3 2.52383E-2 7.52055E-2 4.10007E-1 5.60003E-1 3.17372E-1 2.65941E-1 8.01959E-2 1.24626E-1 2.07447E-1 1.06852E-1 6.66248E-2 1.11292E-1 7.40804E-2 3.85226E-2 5.4477E-2 7.98653E-2 6.31751E-2 1.18413E-1 1.59659E-1 4.90038E-1 4.76387E-1 6.25195E-1 5.39395E-1 5.94166E-1 6.42027E-1 5.01491E-1 5.2411E-1 4.81614E-1 5.94656E-1 5.81234E-1 5.34084E-1 6.63889E-1 6.09333E-1 6.03892E-1 6.26074E-1 6.26715E-1 6.52659E-1 6.69491E-1 6.40612E-1 6.13052E-1
-9999 -9999 -9999 -9999 -9999 -9999 -9999 -9999 -9999 -9999 -9999 -9999 -9999 2.60166E-2 3.07133E-2 3.33245E-2 3.71805E-2 5.68355E-2 1.3284E-1 3.39906E-2 2.93132E-2 4.90779E-2 2.15761E-1 6.14849E-1 4.69029E-1 2.85534E-1 4.30736E-1 3.22052E-1 1.75395E-1 1.82435E-1 2.12741E-1 1.32056E-1 1.4136E-1 6.74394E-2 2.54885E-2 8.25918E-2 1.02785E-1 1.53068E-1 2.07724E-1 8.09626E-2 3.81271E-1 4.21285E-1 5.73181E-1 6.07464E-1 4.28986E-1 4.88943E-1 5.38351E-1 4.91967E-1 5.47405E-1 4.92382E-1 4.66014E-1 5.0454E-1 5.53065E-1 5.74285E-1 5.81614E-1 5.38281E-1 5.33876E-1 5.59404E-1 6.15541E-1 5.97752E-1 5.69041E-1
-9999 -9999 -9999 -9999 -9999 -9999 -9999 -9999 -9999 -9999 -9999 -9999 -9999 1.86421E-2 1.67722E-2 6.56377E-2 6.55435E-2 6.69904E-2 4.15985E-2 2.6199E-2 7.3665E-2 1.65113E-1 2.48185E-1 3.50087E-1 4.10212E-1 2.93907E-1 3.87448E-1 3.64235E-1 4.30656E-1 4.02202E-1 3.6248E-1 2.39932E-1 6.17732E-2 3.20846E-2 2.61294E-2 6.67593E-2 2.00683E-1 3.14827E-1 5.77793E-1 6.16179E-2 1.8387E-1 6.3551E-1 5.1761E-1 5.76785E-1 4.75519E-1 4.99074E-1 5.17818E-1 4.95706E-1 4.93376E-1 4.91656E-1 4.49884E-1 5.0021E-1 5.62604E-1 5.73457E-1 5.58593E-1 5.62872E-1 4.97727E-1 6.10874E-1 5.68986E-1 5.9286E-1 5.82842E-1
-9999 -9999 -9999 -9999 -9999 -9999 -9999 -9999 -9999 -9999 -9999 -9999 1.82757E-2 1.41234E-2 2.06642E-2 7.58181E-2 5.57081E-2 3.07279E-2 3.9047E-2 1.9094E-2 6.89417E-2 3.9114E-1 4.09226E-1 4.35708E-1 3.25953E-1 3.25131E-1 3.39309E-1 4.16462E-1 3.60025E-1 3.93777E-1 5.73736E-1 1.7165E-1 4.59276E-2 3.30122E-2 4.40914E-2 5.08579E-2 1.48011E-1 3.32257E-1 1.51035E-1 6.15048E-2 6.84557E-2 5.13436E-1 5.54406E-1 5.71969E-1 5.24181E-1 5.07514E-1 4.82044E-1 4.63277E-1 4.4468E-1 6.40686E-1 5.02757E-1 4.66469E-1 4.97179E-1 5.30214E-1 5.35295E-1 5.29319E-1 5.21205E-1 6.23564E-1 5.45742E-1 5.23312E-1 5.794E-1
-9999 -9999 -9999 -9999 -9999 -9999 -9999 -9999 -9999 -9999 -9999 -9999 5.02317E-2 2.75267E-2 2.8298E-2 5.51368E-2 2.98163E-2 3.48418E-2 1.70584E-2 3.78214E-2 1.86992E-1 5.13968E-1 1.92279E-1 3.47412E-1 3.25283E-1 3.44115E-1 4.00732E-1 3.43513E-1 3.20288E-1 4.08997E-1 4.24044E-1 2.42384E-1 5.90429E-2 5.89733E-2 2.68955E-2 4.95098E-2 3.36076E-1 5.35212E-1 2.70555E-1 4.98914E-2 1.10716E-1 4.34576E-1 4.42955E-1 4.64846E-1 4.60122E-1 4.92914E-1 4.32726E-1 4.6634E-1 5.47521E-1 6.74077E-1 5.90797E-1 4.58437E-1 4.22924E-1 4.71798E-1 4.94605E-1 5.11356E-1 4.81942E-1 5.22818E-1 5.47042E-1 5.08601E-1 5.175E-1
-9999 -9999 -9999 -9999 -9999 -9999 -9999 -9999 -9999 -9999 -9999 -9999 1.70241E-2 1.99738E-2 3.80998E-2 4.71934E-2 1.96797E-2 3.57929E-2 4.97715E-2 1.29077E-1 2.91113E-1 4.05213E-1 3.13567E-1 1.64781E-1 2.36882E-1 3.32703E-1 3.12203E-1 2.42045E-1 2.90848E-1 3.91438E-1 4.71837E-1 1.23227E-1 7.12157E-2 3.78123E-2 3.28429E-2 3.66972E-2 2.59683E-1 5.3666E-1 2.90733E-1 1.0353E-1 1.26553E-1 5.37527E-1 4.37108E-1 4.86559E-1 4.26589E-1 4.48154E-1 4.37E-1 4.25752E-1 5.1288E-1 6.33447E-1 5.37538E-1 6.25915E-1 5.13154E-1 4.18741E-1 4.80372E-1 5.36099E-1 5.52563E-1 5.98082E-1 5.08209E-1 4.97751E-1 5.65635E-1
-9999 -9999 -9999 -9999 -9999 -9999 -9999 -9999 -9999 -9999 -9999 -9999 3.07049E-2 2.0614E-2 9.8375E-2 1.10677E-1 5.09338E-2 2.3215E-2 8.21079E-2 1.13054E-1 1.86093E-1 2.64658E-1 3.43586E-1 2.76444E-1 2.55786E-1 2.47039E-1 2.77416E-1 2.42459E-1 3.82226E-1 5.77471E-1 4.89149E-1 2.29752E-1 7.24795E-2 3.42915E-2 3.39444E-2 4.217E-2 1.02531E-1 3.5455E-1 1.24486E-1 1.51032E-1 1.23045E-1 5.19219E-1 4.88776E-1 5.25762E-1 4.74774E-1 4.97842E-1 6.10985E-1 4.81051E-1 4.8956E-1 5.92474E-1 5.61292E-1 5.05872E-1 5.48523E-1 4.76638E-1 6.33639E-1 5.81631E-1 6.0345E-1 5.35732E-1 4.73244E-1 4.8455E-1 4.88496E-1
-9999 -9999 -9999 -9999 -9999 -9999 -9999 -9999 -9999 -9999 -9999 2.11383E-2 2.14088E-2 1.04719E-1 1.46273E-1 1.14576E-1 6.58452E-2 2.73926E-2 1.53407E-1 3.92678E-1 2.86179E-1 2.20854E-1 2.9617E-1 3.28063E-1 2.9237E-1 2.39375E-1 2.52028E-1 5.00109E-1 4.83302E-1 5.30349E-1 6.24449E-1 4.97114E-1 6.69315E-2 9.68675E-2 3.20123E-2 6.75896E-2 8.88413E-2 5.60064E-1 2.66645E-1 2.40382E-1 4.46309E-1 2.38242E-1 6.36656E-1 5.32729E-1 6.10252E-1 6.91465E-1 6.06303E-1 3.67962E-1 4.40339E-1 5.36382E-1 5.05162E-1 4.10741E-1 5.19406E-1 5.90802E-1 4.98515E-1 4.70209E-1 4.7024E-1 4.87141E-1 4.82164E-1 5.01132E-1 4.74868E-1
-9999 -9999 -9999 -9999 -9999 -9999 -9999 -9999 -9999 -9999 -9999 1.54695E-2 6.67219E-2 1.33243E-1 9.87741E-2 1.53033E-1 5.00166E-2 5.99277E-2 2.67423E-1 3.70024E-1 3.22986E-1 1.57901E-1 1.93571E-1 2.30505E-1 2.72452E-1 2.87547E-1 4.04212E-1 1.08719E-1 7.37093E-2 6.54905E-1 5.52586E-1 6.38753E-1 3.19441E-1 9.62771E-2 6.46934E-2 6.32356E-2 1.0402E-1 6.97417E-1 1.00305E-1 5.24709E-1 4.38378E-1 3.68169E-1 6.49461E-1 4.6717E-1 5.81052E-1 2.26862E-1 1.5315E-1 5.63262E-1 4.24304E-1 6.27979E-1 5.27589E-1 3.92412E-1 4.95093E-1 5.31708E-1 4.11465E-1 4.24245E-1 4.13136E-1 4.28237E-1 4.6389E-1 4.82178E-1 4.8745E-1
-9999 -9999 -9999 -9999 -9999 -9999 -9999 -9999 -9999 -9999 2.46858E-2 1.43054E-2 7.96654E-2 1.56663E-1 2.42986E-1 2.29587E-2 2.60169E-2 8.48619E-2 2.06361E-1 1.60533E-1 1.77156E-1 3.1065E-1 3.09476E-1 3.02407E-1 2.72957E-1 4.68631E-1 2.56485E-1 9.69659E-2 1.58464E-1 2.74386E-1 2.8491E-1 6.62437E-1 4.5047E-1 3.69779E-2 7.17105E-2 7.35892E-2 3.41822E-1 7.05856E-1 2.06918E-1 4.3094E-1 7.15983E-1 4.18593E-1 6.41171E-1 6.20682E-1 5.81891E-1 6.01342E-1 3.64911E-1 6.04485E-1 5.58198E-1 3.91656E-1 5.32978E-1 3.80195E-1 3.65109E-1 3.90122E-1 4.00257E-1 4.15614E-1 4.02094E-1 4.42363E-1 4.3982E-1 4.44559E-1 4.47921E-1
-9999 -9999 -9999 -9999 -9999 -9999 -9999 -9999 -9999 -9999 1.03163E-2 8.67792E-3 1.27207E-1 1.29569E-1 6.94755E-2 1.71849E-2 3.88958E-2 1.06761E-1 1.01432E-1 1.2598E-1 1.14588E-1 2.20212E-1 2.46788E-1 2.62933E-1 2.60283E-1 2.49104E-1 3.44111E-1 3.07678E-1 3.92345E-1 3.82268E-1 1.98005E-1 2.3728E-1 9.46223E-2 1.20419E-1 7.89425E-2 5.34333E-2 4.6216E-1 3.86084E-1 2.73722E-1 4.79867E-1 7.08748E-1 2.10212E-1 3.70936E-1 6.18204E-1 5.54212E-1 5.53605E-1 5.91332E-1 4.0086E-1 3.407E-1 3.93768E-1 3.38324E-1 3.82919E-1 3.6112E-1 3.85639E-1 4.1803E-1 4.52056E-1 4.30275E-1 4.28923E-1 4.65659E-1 4.63515E-1 4.74544E-1
-9999 -9999 -9999 -9999 -9999 -9999 -9999 -9999 -9999 -9999 8.65985E-3 1.04964E-2 1.03735E-1 1.01887E-1 2.36905E-2 3.21175E-2 7.20415E-2 1.28953E-1 2.31962E-1 1.3335E-1 1.07162E-1 1.10973E-1 1.38076E-1 1.49023E-1 2.33529E-1 1.78399E-1 4.63989E-1 1.91262E-1 4.7297E-1 3.62383E-1 1.30568E-1 8.0109E-2 7.28738E-2 1.38277E-1 1.14157E-1 1.35729E-1 2.12504E-1 3.28593E-1 5.37994E-1 3.56411E-1 6.18869E-1 4.84009E-1 5.80852E-1 5.20926E-1 6.10399E-1 5.80025E-1 3.71865E-1 4.69346E-1 3.93838E-1 3.71641E-1 4.34454E-1 4.88073E-1 4.84254E-1 3.9702E-1 4.12831E-1 3.69645E-1 3.84648E-1 3.99841E-1 4.98023E-1 4.7543E-1 4.23288E-1
-9999 -9999 -9999 -9999 -9999 -9999 -9999 -9999 -9999 1.30515E-2 8.08606E-3 1.61263E-2 1.81649E-1 4.65843E-2 1.03333E-2 2.21161E-2 1.31444E-1 2.51643E-1 2.66285E-1 1.03585E-1 1.20261E-1 1.27293E-1 1.393E-1 1.74999E-1 1.34529E-1 1.31849E-1 5.34565E-1 2.254E-1 1.91694E-1 9.87916E-2 1.24161E-1 2.50837E-1 2.1159E-1 2.47459E-1 2.09535E-1 2.00851E-1 1.91092E-1 2.85841E-1 6.78252E-1 2.63429E-1 6.5397E-1 6.52996E-1 7.191E-1 4.42885E-1 6.52278E-1 5.19124E-1 6.22058E-1 4.78765E-1 4.48326E-1 3.73541E-1 3.45217E-1 3.90763E-1 4.01249E-1 4.71703E-1 5.2389E-1 5.24596E-1 4.70468E-1 4.64336E-1 4.26839E-1 4.68913E-1 4.68499E-1
-9999 -9999 -9999 -9999 -9999 -9999 -9999 -9999 -9999 1.39707E-2 1.03349E-2 1.61291E-2 3.57299E-2 1.56402E-2 1.08005E-2 5.3081E-2 1.68682E-1 2.73953E-1 2.37618E-1 1.58547E-1 2.52555E-1 1.56406E-1 1.32809E-1 1.82438E-1 1.64366E-1 2.23152E-1 4.63791E-1 3.69281E-1 3.09164E-1 2.15355E-1 2.56852E-1 3.95322E-1 1.35563E-1 2.627E-1 4.45518E-1 5.42082E-1 3.13792E-1 6.75876E-1 6.79548E-1 6.01191E-1 6.73135E-1 7.55102E-1 5.99436E-1 6.56346E-1 6.84451E-1 6.51911E-1 6.79043E-1 4.42171E-1 5.13568E-1 5.11841E-1 5.29828E-1 5.43819E-1 4.22727E-1 4.83274E-1 5.04236E-1 5.65141E-1 5.02532E-1 4.61776E-1 4.72131E-1 4.1416E-1 3.82264E-1
-9999 -9999 -9999 -9999 -9999 -9999 -9999 -9999 2.46935E-2 1.07382E-2 1.79901E-2 8.17327E-2 1.06347E-2 1.37849E-2 2.7162E-2 1.39752E-1 2.13544E-1 1.84887E-1 1.86382E-1 1.82779E-1 2.24089E-1 2.14881E-1 1.96724E-1 2.18667E-1 1.95382E-1 3.64253E-1 2.98663E-1 4.10163E-1 2.84035E-1 3.92975E-1 3.79435E-1 4.6719E-1 2.06847E-1 3.07223E-1 4.44108E-1 2.39527E-1 3.12763E-1 6.38514E-1 6.21576E-1 7.44479E-1 7.34302E-1 6.77812E-1 6.38742E-1 3.97379E-1 2.00768E-1 5.2029E-1 2.15573E-1 4.47692E-1 5.36304E-1 5.57005E-1 4.86624E-1 4.8431E-1 3.56596E-1 4.14071E-1 4.50839E-1 5.99646E-1 5.91903E-1 5.6293E-1 4.85014E-1 4.09935E-1 4.26269E-1
-9999 -9999 -9999 -9999 -9999 -9999 -9999 1.92906E-2 1.56788E-2 9.88165E-3 5.39197E-2 7.84931E-2 1.21025E-2 1.70524E-2 7.21065E-2 2.0497E-1 2.18538E-1 2.01727E-1 2.35165E-1 2.32177E-1 2.56471E-1 2.27056E-1 2.13842E-1 2.28503E-1 2.03254E-1 2.59627E-1 2.71419E-1 4.55311E-1 5.33262E-1 5.00059E-1 3.30958E-1 3.3428E-1 2.90877E-1 2.91114E-1 3.16581E-1 3.45345E-1 6.84945E-1 6.6696E-1 6.87212E-1 7.75414E-1 7.53308E-1 7.39936E-1 5.71556E-1 4.3792E-1 2.90437E-1 4.07777E-1 4.1759E-1 6.09701E-1 7.0879E-1 6.46562E-1 5.36389E-1 5.98639E-1 7.5458E-1 5.0136E-1 6.44201E-1 6.01576E-1 5.99888E-1 5.70297E-1 5.67254E-1 4.42404E-1 4.31325E-1
-9999 -9999 -9999 -9999 -9999 -9999 -9999 4.05267E-3 3.45716E-3 4.31507E-3 2.26976E-2 2.34157E-2 1.42314E-2 4.9429E-2 2.12548E-1 2.43713E-1 2.14182E-1 2.94013E-1 2.30052E-1 2.12266E-1 2.22942E-1 2.70489E-1 3.26503E-1 2.77483E-1 2.5382E-1 2.17923E-1 2.95967E-1 4.47481E-1 4.41379E-1 5.32153E-1 3.19457E-1 1.83566E-1 2.61857E-1 4.61431E-1 3.17622E-1 5.73068E-1 6.05879E-1 7.48456E-1 7.52462E-1 7.5628E-1 7.62653E-1 6.54054E-1 5.44471E-1 4.1231E-1 4.14314E-1 3.59544E-1 3.77656E-1 3.27512E-1 5.96841E-1 3.89415E-1 4.62744E-1 4.24408E-1 5.6707E-1 7.17505E-1 5.81286E-1 6.33574E-1 5.49483E-1 5.6519E-1 5.86632E-1 4.70536E-1 4.366E-1
-9999 -9999 -9999 -9999 -9999 -9999 -9999 6.89833E-3 4.44648E-3 6.97252E-3 4.01728E-2 3.51649E-2 3.42537E-2 5.81092E-2 2.54522E-1 2.29592E-1 2.36177E-1 3.1145E-1 2.30875E-1 2.04893E-1 2.29041E-1 2.25631E-1 3.79282E-1 3.12498E-1 2.13079E-1 2.17112E-1 2.10108E-1 4.91886E-1 3.91113E-1 4.50176E-1 4.89003E-1 2.44376E-1 5.29207E-1 7.09359E-1 5.44533E-1 5.4164E-1 6.94325E-1 6.30615E-1 7.20097E-1 6.16239E-1 5.50703E-1 5.2627E-1 4.70996E-1 4.18631E-1 3.99041E-1 4.35049E-1 3.33935E-1 2.0744E-1 4.85172E-1 6.52737E-1 5.73752E-1 5.24932E-1 6.36621E-1 4.92347E-1 6.74097E-1 6.45118E-1 5.20008E-1 5.75212E-1 5.3319E-1 4.46837E-1 4.77506E-1
