Candidate_Models_Sept202022/M_4_F_lqp_Set_1_all/Bison.asc
ncols         97
nrows         127
xllcorner     -2197417.7431653
yllcorner     -584827.01486885
cellsize      30000.0
NODATA_value  -9999
[rows 81 to 107 of 127, columns 0 to 60 of 97]
-9999 -9999 -9999 -9999 -9999 -9999 -9999 -9999 -9999 -9999 -9999 3.0881E-6 1.2556E-6 3.00098E-6 1.85134E-5 9.30762E-6 5.07359E-6 1.86926E-6 5.78313E-6 2.4096E-5 1.1537E-5 2.37402E-5 1.01855E-5 2.69397E-5 8.368E-5 1.29946E-4 5.6769E-5 4.64792E-5 9.79265E-5 1.62847E-5 1.35455E-5 9.47149E-6 1.58713E-5 3.2995E-5 2.9034E-5 3.88475E-5 5.87038E-5 7.16234E-5 2.13132E-4 7.23464E-4 9.08384E-4 5.69535E-4 5.89005E-4 8.26443E-4 6.03194E-4 3.54514E-4 3.07138E-4 2.98567E-4 3.19948E-4 3.66765E-4 4.06819E-4 5.63353E-4 6.22258E-4 5.86029E-4 6.17997E-4 3.79172E-4 4.69333E-4 4.63113E-4 4.45482E-4 4.11732E-4 4.3754E-4
-9999 -9999 -9999 -9999 -9999 -9999 -9999 -9999 -9999 -9999 -9999 -9999 2.20464E-6 1.7322E-6 6.90161E-6 2.14679E-5 9.29916E-6 7.9218E-6 3.24479E-6 8.52006E-6 6.12611E-6 6.26258E-6 7.6082E-6 2.35692E-5 1.36892E-4 1.7223E-4 6.67645E-5 5.03882E-5 1.27374E-4 1.67333E-5 7.29665E-6 1.01753E-5 9.98081E-6 2.13731E-5 4.09782E-5 2.99398E-5 3.7145E-5 4.22574E-5 8.46075E-5 5.67061E-4 1.04397E-3 6.00771E-4 5.86787E-4 6.58724E-4 5.4218E-4 3.51948E-4 2.74872E-4 3.08866E-4 3.352E-4 4.54287E-4 4.6959E-4 5.49952E-4 6.99789E-4 5.44322E-4 4.98502E-4 5.65209E-4 4.81013E-4 3.7284E-4 4.22025E-4 3.86273E-4 4.84635E-4
-9999 -9999 -9999 -9999 -9999 -9999 -9999 -9999 -9999 -9999 -9999 -9999 -9999 3.06849E-6 1.21668E-6 6.24557E-6 3.56959E-5 1.84188E-5 5.87341E-5 4.57265E-6 3.17788E-6 4.67563E-6 3.08927E-6 2.08948E-5 5.68011E-5 5.37867E-5 3.4729E-5 9.79956E-5 4.2371E-5 2.05533E-5 8.90312E-6 7.02882E-6 5.69311E-6 9.71447E-6 2.30146E-5 6.87485E-5 2.41029E-5 4.95784E-5 5.91323E-5 5.32365E-4 7.25755E-4 7.01392E-4 5.83874E-4 5.32453E-4 4.50976E-4 3.28148E-4 3.17053E-4 3.30507E-4 3.60313E-4 4.0183E-4 4.61019E-4 5.12812E-4 7.04073E-4 6.30528E-4 5.68593E-4 5.21065E-4 5.6518E-4 5.07706E-4 3.92068E-4 4.14177E-4 4.06117E-4
-9999 -9999 -9999 -9999 -9999 -9999 -9999 -9999 -9999 -9999 -9999 -9999 -9999 4.09596E-6 2.22137E-6 5.63162E-6 1.97457E-5 -9999 7.70254E-5 9.85162E-5 5.26853E-5 1.38983E-5 4.18318E-6 1.54017E-5 5.5648E-5 4.90665E-5 6.20625E-5 5.56375E-5 2.85894E-5 2.8013E-5 1.38257E-5 7.05411E-6 6.5145E-6 1.02424E-5 2.01672E-5 3.19583E-5 2.19398E-5 4.64109E-5 5.39195E-5 5.01675E-4 4.74793E-4 5.36594E-4 6.10274E-4 3.93872E-4 4.24231E-4 5.58299E-4 4.07785E-4 4.01129E-4 3.37362E-4 3.99335E-4 4.56703E-4 4.55531E-4 4.77695E-4 4.39614E-4 4.77649E-4 3.31064E-4 4.72576E-4 4.93684E-4 4.04882E-4 4.83285E-4 5.28468E-4
-9999 -9999 -9999 -9999 -9999 -9999 -9999 -9999 -9999 -9999 -9999 -9999 -9999 5.35907E-6 3.09879E-6 5.05353E-6 1.97704E-5 -9999 5.59001E-5 1.51557E-4 2.47564E-5 4.5242E-6 2.82302E-6 1.42595E-5 3.09047E-5 2.35359E-5 7.16221E-5 2.53382E-5 2.50242E-5 1.28011E-5 1.08743E-5 4.9526E-6 1.26688E-5 1.25971E-5 1.55432E-5 3.96575E-5 3.33769E-5 3.40323E-5 7.40043E-5 1.64136E-4 5.22002E-4 4.59281E-4 6.01309E-4 4.61413E-4 3.63869E-4 5.02005E-4 3.15351E-4 3.065E-4 3.60037E-4 5.00414E-4 5.16116E-4 3.40503E-4 4.66444E-4 6.61658E-4 4.92931E-4 4.43025E-4 5.57113E-4 4.08535E-4 4.35435E-4 4.39552E-4 4.12473E-4
-9999 -9999 -9999 -9999 -9999 -9999 -9999 -9999 -9999 -9999 -9999 -9999 -9999 4.35436E-6 5.41557E-6 1.08236E-5 2.55861E-5 -9999 1.12226E-5 3.09122E-5 9.58258E-6 9.18984E-6 5.38051E-6 9.22602E-6 3.77741E-5 6.3459E-5 1.08986E-4 2.68246E-5 1.74566E-5 1.46624E-5 1.92836E-5 1.16112E-5 2.11551E-5 1.18675E-5 1.08846E-5 1.02711E-4 1.8911E-5 3.6489E-5 5.26105E-5 3.68572E-4 4.36163E-4 4.47921E-4 5.41915E-4 5.50894E-4 5.17788E-4 3.98013E-4 3.07488E-4 3.32772E-4 3.98943E-4 5.16103E-4 4.24347E-4 2.83209E-4 3.82717E-4 6.26513E-4 5.82024E-4 5.68529E-4 5.36873E-4 3.30248E-4 3.85284E-4 4.62272E-4 6.06876E-4
-9999 -9999 -9999 -9999 -9999 -9999 -9999 -9999 -9999 -9999 -9999 -9999 -9999 6.36238E-6 1.94906E-6 2.32261E-6 6.41416E-5 -9999 5.04837E-5 2.9434E-5 6.60478E-6 2.8194E-6 2.00085E-5 2.7605E-5 2.78726E-5 6.48858E-5 2.36484E-4 7.04719E-5 5.44298E-5 1.39667E-5 3.07721E-5 1.01873E-5 9.35563E-6 1.7881E-5 3.57128E-5 5.4619E-5 3.92507E-5 4.02198E-5 1.84716E-4 5.12145E-4 3.32181E-4 3.99736E-4 7.68923E-4 5.71337E-4 4.80887E-4 4.29924E-4 5.19026E-4 5.77561E-4 4.56721E-4 3.43282E-4 3.11148E-4 2.74046E-4 3.96465E-4 5.06627E-4 6.59772E-4 6.53577E-4 4.96302E-4 3.78873E-4 3.65821E-4 3.71733E-4 5.26641E-4
-9999 -9999 -9999 -9999 -9999 -9999 -9999 -9999 -9999 -9999 -9999 -9999 -9999 4.49119E-6 1.44466E-6 2.17863E-6 3.187E-6 1.72948E-5 2.71966E-5 4.49013E-5 3.06634E-6 3.32368E-6 2.15874E-5 3.71321E-5 1.00412E-4 1.72645E-4 1.33517E-4 5.40189E-5 2.54335E-5 3.2929E-5 2.35622E-5 9.5188E-6 8.2096E-6 7.9535E-5 1.85979E-5 2.27921E-5 4.87881E-5 2.51052E-5 4.48047E-5 7.52848E-4 3.8681E-4 5.11853E-4 4.84207E-4 5.91621E-4 5.12348E-4 5.49655E-4 3.99054E-4 3.54004E-4 5.90289E-4 5.89536E-4 4.58001E-4 4.70731E-4 7.14508E-4 6.4958E-4 6.20138E-4 6.82389E-4 5.92808E-4 5.68648E-4 5.41861E-4 3.82664E-4 4.48641E-4
-9999 -9999 -9999 -9999 -9999 -9999 -9999 -9999 -9999 -9999 -9999 -9999 -9999 7.5483E-6 1.96803E-6 1.26939E-6 3.4739E-6 1.76849E-5 4.17641E-5 3.50683E-5 3.2438E-6 8.13892E-6 1.44966E-5 4.65864E-5 1.98438E-4 1.512E-4 6.04082E-5 2.91233E-5 2.21568E-5 1.22239E-4 2.32554E-5 1.96271E-5 1.98225E-5 1.02895E-4 1.53184E-5 2.16012E-5 5.95107E-5 2.3434E-5 3.61778E-5 9.7896E-5 5.70156E-4 4.67264E-4 4.00057E-4 4.67995E-4 5.55307E-4 5.18757E-4 4.51201E-4 3.08034E-4 3.1953E-4 4.052E-4 4.12263E-4 4.57182E-4 6.05154E-4 6.64561E-4 6.17167E-4 6.13206E-4 5.38175E-4 6.35787E-4 6.11662E-4 5.99232E-4 3.98882E-4
-9999 -9999 -9999 -9999 -9999 -9999 -9999 -9999 -9999 -9999 -9999 -9999 -9999 9.50592E-6 6.61972E-6 7.0102E-6 1.79257E-5 2.34288E-5 4.35409E-5 2.20367E-5 2.38335E-6 8.86239E-6 2.82761E-5 2.11507E-4 3.75372E-4 1.4886E-4 1.14698E-4 2.8977E-5 4.85611E-5 9.38124E-5 4.15614E-5 2.54568E-5 4.20018E-5 2.65592E-5 1.32915E-5 1.86164E-5 2.80442E-5 2.12798E-5 4.30493E-5 7.80587E-5 3.72236E-4 3.37994E-4 4.25804E-4 3.26964E-4 3.9157E-4 5.05125E-4 3.05566E-4 3.35375E-4 2.93085E-4 4.08731E-4 4.03809E-4 3.58492E-4 5.62964E-4 4.60675E-4 4.40659E-4 4.91453E-4 4.96502E-4 5.47819E-4 5.74091E-4 5.1195E-4 4.6489E-4
-9999 -9999 -9999 -9999 -9999 -9999 -9999 -9999 -9999 -9999 -9999 -9999 -9999 1.28172E-5 1.50525E-5 1.7344E-5 2.1632E-5 3.46976E-5 6.5365E-5 1.13869E-5 1.07744E-5 1.8445E-5 9.35534E-5 4.84905E-4 2.75328E-4 1.25996E-4 2.31485E-4 1.39428E-4 7.47055E-5 8.61678E-5 1.07665E-4 6.08809E-5 6.22122E-5 2.22793E-5 8.49468E-6 2.978E-5 3.65864E-5 5.94484E-5 8.13585E-5 2.69324E-5 3.11573E-4 2.77419E-4 3.63292E-4 4.06454E-4 2.19068E-4 2.85767E-4 3.31116E-4 2.78198E-4 3.35701E-4 2.84426E-4 2.67896E-4 3.19576E-4 3.62466E-4 3.9328E-4 3.99004E-4 3.57271E-4 3.58984E-4 3.74491E-4 4.59136E-4 4.41466E-4 4.12386E-4
-9999 -9999 -9999 -9999 -9999 -9999 -9999 -9999 -9999 -9999 -9999 -9999 -9999 8.40128E-6 7.73223E-6 3.31594E-5 3.45646E-5 3.35145E-5 1.49214E-5 9.45542E-6 2.83159E-5 7.08133E-5 1.11E-4 1.76474E-4 2.32172E-4 1.33468E-4 1.9207E-4 1.68269E-4 2.46676E-4 2.29639E-4 2.14316E-4 1.24202E-4 2.28731E-5 1.11812E-5 8.65968E-6 2.3046E-5 7.91929E-5 1.42094E-4 4.53062E-4 2.01956E-5 7.80423E-5 6.29105E-4 3.10099E-4 3.74236E-4 2.62738E-4 2.8923E-4 3.04963E-4 2.80771E-4 2.81096E-4 2.91034E-4 2.44618E-4 2.96106E-4 3.67771E-4 3.83333E-4 3.54941E-4 3.69001E-4 2.88025E-4 4.29728E-4 3.77902E-4 4.4745E-4 4.37551E-4
-9999 -9999 -9999 -9999 -9999 -9999 -9999 -9999 -9999 -9999 -9999 -9999 8.92487E-6 6.30726E-6 8.76076E-6 3.62091E-5 2.36339E-5 1.1755E-5 1.3956E-5 6.99286E-6 2.64188E-5 2.0333E-4 2.1049E-4 2.59181E-4 1.83522E-4 1.58063E-4 1.54842E-4 2.28747E-4 1.77396E-4 2.22827E-4 4.92297E-4 8.09916E-5 1.69752E-5 1.16176E-5 1.56412E-5 1.7107E-5 5.41018E-5 1.47769E-4 6.28411E-5 1.97453E-5 2.3523E-5 3.70574E-4 3.62963E-4 3.68503E-4 3.20429E-4 2.89184E-4 2.71555E-4 2.58488E-4 2.47649E-4 5.30039E-4 3.09562E-4 2.60691E-4 2.86799E-4 3.25401E-4 3.17419E-4 3.19812E-4 3.04892E-4 4.41282E-4 3.35599E-4 3.20661E-4 4.05036E-4
-9999 -9999 -9999 -9999 -9999 -9999 -9999 -9999 -9999 -9999 -9999 -9999 2.10222E-5 1.21119E-5 1.2875E-5 2.67479E-5 1.20913E-5 1.36509E-5 6.17681E-6 1.36242E-5 7.7876E-5 3.23883E-4 8.58917E-5 1.71156E-4 1.53473E-4 1.84296E-4 2.34706E-4 1.6397E-4 1.42979E-4 2.52276E-4 2.8938E-4 1.16117E-4 2.10673E-5 2.02358E-5 9.02398E-6 1.68415E-5 1.56194E-4 3.34014E-4 1.27074E-4 1.62345E-5 4.42607E-5 2.55685E-4 2.42955E-4 2.54396E-4 2.55408E-4 2.94671E-4 2.36072E-4 2.76601E-4 3.63495E-4 6.30822E-4 4.43117E-4 2.59279E-4 2.17443E-4 2.68358E-4 2.76583E-4 3.00332E-4 2.67289E-4 3.11199E-4 3.40031E-4 2.98136E-4 3.15111E-4
-9999 -9999 -9999 -9999 -9999 -9999 -9999 -9999 -9999 -9999 -9999 -9999 7.09405E-6 8.64959E-6 1.82817E-5 2.25661E-5 7.76427E-6 1.48182E-5 2.04215E-5 5.20501E-5 1.37261E-4 2.42836E-4 1.47206E-4 7.56881E-5 1.10598E-4 1.77927E-4 1.33953E-4 9.66356E-5 1.31524E-4 2.58836E-4 3.16639E-4 5.02526E-5 2.76231E-5 1.34595E-5 1.12758E-5 1.22429E-5 1.09294E-4 3.57766E-4 1.42245E-4 3.89895E-5 5.10327E-5 3.56842E-4 2.36673E-4 2.67931E-4 2.28938E-4 2.61205E-4 2.53301E-4 2.4142E-4 3.24099E-4 4.42999E-4 2.95683E-4 4.32624E-4 3.03065E-4 2.09368E-4 2.55574E-4 2.97442E-4 3.18161E-4 4.09065E-4 2.9345E-4 2.91717E-4 3.8691E-4
-9999 -9999 -9999 -9999 -9999 -9999 -9999 -9999 -9999 -9999 -9999 -9999 1.17658E-5 8.77129E-6 4.61692E-5 5.0125E-5 1.82909E-5 9.90121E-6 3.51588E-5 4.86485E-5 8.21446E-5 1.22812E-4 1.78775E-4 1.25507E-4 1.2598E-4 1.15665E-4 1.24605E-4 9.50103E-5 2.00893E-4 4.86904E-4 3.38883E-4 1.05977E-4 2.76343E-5 1.1837E-5 1.17087E-5 1.47048E-5 3.62115E-5 1.70118E-4 4.68183E-5 5.63708E-5 4.57748E-5 3.72794E-4 3.02096E-4 3.32838E-4 2.76947E-4 3.1299E-4 4.79501E-4 3.00526E-4 2.92636E-4 3.91344E-4 3.34194E-4 2.62399E-4 3.04461E-4 2.49951E-4 4.21848E-4 3.53561E-4 3.58811E-4 3.01308E-4 2.57785E-4 2.83438E-4 2.83254E-4
-9999 -9999 -9999 -9999 -9999 -9999 -9999 -9999 -9999 -9999 -9999 8.83217E-6 9.07645E-6 4.79089E-5 7.75046E-5 6.18397E-5 2.56492E-5 1.0661E-5 7.04839E-5 1.91953E-4 1.2927E-4 9.7321E-5 1.28118E-4 1.63395E-4 1.74445E-4 1.1139E-4 1.16019E-4 3.46771E-4 2.90137E-4 3.37704E-4 6.03042E-4 3.12883E-4 2.55703E-5 3.80257E-5 1.10017E-5 2.51908E-5 3.13922E-5 3.72562E-4 1.07557E-4 9.83636E-5 2.48441E-4 9.58791E-5 4.69555E-4 2.97459E-4 4.57037E-4 6.27286E-4 4.8158E-4 1.88118E-4 2.40621E-4 3.47265E-4 2.98431E-4 2.0539E-4 2.78014E-4 3.49126E-4 2.68228E-4 2.54615E-4 2.56173E-4 2.66773E-4 2.73847E-4 2.97475E-4 2.62164E-4
-9999 -9999 -9999 -9999 -9999 -9999 -9999 -9999 -9999 -9999 -9999 6.62842E-6 3.00152E-5 6.39855E-5 4.44423E-5 7.03955E-5 1.86057E-5 2.37438E-5 1.22879E-4 1.80513E-4 1.41635E-4 6.55057E-5 8.39922E-5 1.107E-4 1.26997E-4 1.32282E-4 2.63343E-4 4.29656E-5 2.73523E-5 4.91605E-4 3.48717E-4 5.00379E-4 1.52795E-4 3.80274E-5 2.33852E-5 2.31533E-5 3.91726E-5 7.16457E-4 3.28733E-5 3.12173E-4 2.27537E-4 1.7629E-4 4.69079E-4 2.31457E-4 3.86693E-4 8.66763E-5 5.15913E-5 3.95273E-4 2.23679E-4 4.6107E-4 3.25524E-4 1.97971E-4 2.6544E-4 2.92385E-4 2.13229E-4 2.23095E-4 2.09712E-4 2.20111E-4 2.6011E-4 2.8225E-4 2.86038E-4
-9999 -9999 -9999 -9999 -9999 -9999 -9999 -9999 -9999 -9999 1.22595E-5 6.69805E-6 3.57957E-5 7.05572E-5 1.01668E-4 8.73172E-6 1.04744E-5 3.57723E-5 8.74286E-5 6.62443E-5 7.28178E-5 1.41055E-4 1.35455E-4 1.42212E-4 1.17011E-4 2.84374E-4 1.15668E-4 3.83628E-5 6.20315E-5 1.10619E-4 1.17513E-4 5.26816E-4 2.47111E-4 1.28432E-5 2.53573E-5 2.61487E-5 1.93252E-4 7.16243E-4 7.94207E-5 2.24416E-4 6.93793E-4 2.04222E-4 4.75751E-4 4.17125E-4 4.26731E-4 4.16251E-4 1.71226E-4 4.54476E-4 3.69589E-4 1.89815E-4 3.12183E-4 1.92494E-4 1.79517E-4 1.91943E-4 1.98476E-4 2.11542E-4 2.03163E-4 2.3772E-4 2.36737E-4 2.40783E-4 2.47972E-4
-9999 -9999 -9999 -9999 -9999 -9999 -9999 -9999 -9999 -9999 5.03664E-6 4.01055E-6 5.75071E-5 5.78259E-5 2.72888E-5 6.49789E-6 1.54603E-5 4.52459E-5 4.26346E-5 5.33523E-5 4.77213E-5 9.26373E-5 1.05094E-4 1.14678E-4 1.1343E-4 1.08812E-4 1.67614E-4 1.40028E-4 1.91821E-4 1.76687E-4 7.47678E-5 9.8464E-5 3.31459E-5 4.5704E-5 2.72881E-5 1.77343E-5 3.49569E-4 1.80562E-4 1.13431E-4 2.40095E-4 5.90261E-4 7.78404E-5 1.70648E-4 4.4103E-4 3.56118E-4 4.17716E-4 4.74057E-4 2.14059E-4 1.62205E-4 1.94356E-4 1.60592E-4 1.91985E-4 1.71847E-4 1.94275E-4 2.05741E-4 2.25554E-4 2.21325E-4 2.27128E-4 2.58888E-4 2.50285E-4 2.67401E-4
-9999 -9999 -9999 -9999 -9999 -9999 -9999 -9999 -9999 -9999 4.20338E-6 5.14428E-6 4.5989E-5 4.25057E-5 9.85141E-6 1.29339E-5 2.99963E-5 5.53448E-5 9.87154E-5 5.53768E-5 4.51766E-5 4.59779E-5 5.77309E-5 6.22776E-5 1.01531E-4 7.35833E-5 2.66031E-4 8.3205E-5 3.16176E-4 1.65995E-4 4.64882E-5 2.791E-5 2.42275E-5 5.08801E-5 4.08678E-5 5.05624E-5 7.8003E-5 1.5402E-4 3.85848E-4 1.61234E-4 4.16048E-4 2.51395E-4 3.54498E-4 2.87393E-4 4.30112E-4 3.7917E-4 1.91942E-4 2.98387E-4 2.03061E-4 1.81863E-4 2.10046E-4 2.53975E-4 2.59613E-4 2.05708E-4 2.04832E-4 1.78414E-4 1.92079E-4 2.00677E-4 3.0288E-4 2.68148E-4 2.2461E-4
-9999 -9999 -9999 -9999 -9999 -9999 -9999 -9999 -9999 6.64778E-6 3.96195E-6 7.77935E-6 8.92274E-5 2.03898E-5 4.34145E-6 9.1947E-6 5.78799E-5 1.07319E-4 1.14415E-4 4.16665E-5 4.99348E-5 5.26146E-5 5.72987E-5 7.42463E-5 5.28294E-5 5.01737E-5 3.31292E-4 9.94401E-5 8.15961E-5 3.64533E-5 4.6201E-5 1.1853E-4 8.36431E-5 1.05916E-4 8.22785E-5 7.55531E-5 6.87274E-5 1.21609E-4 6.55364E-4 9.6793E-5 4.8128E-4 5.28205E-4 7.03304E-4 2.35591E-4 5.60909E-4 3.16455E-4 5.15129E-4 2.62734E-4 2.36323E-4 1.87239E-4 1.62482E-4 1.964E-4 2.06352E-4 2.55099E-4 3.01503E-4 3.10739E-4 2.66336E-4 2.51824E-4 2.35376E-4 2.59998E-4 2.56398E-4
-9999 -9999 -9999 -9999 -9999 -9999 -9999 -9999 -9999 6.83171E-6 4.93264E-6 7.59343E-6 1.59849E-5 6.94509E-6 4.43879E-6 2.33347E-5 7.57928E-5 1.1599E-4 1.00812E-4 6.70238E-5 1.15432E-4 6.61012E-5 5.31348E-5 7.70838E-5 6.68761E-5 9.69835E-5 2.55377E-4 1.78195E-4 1.42849E-4 8.96891E-5 1.15411E-4 2.2477E-4 4.69443E-5 1.11384E-4 2.38986E-4 3.50864E-4 1.29755E-4 6.67449E-4 6.85006E-4 4.15171E-4 4.91891E-4 7.81573E-4 4.7558E-4 5.89612E-4 6.19494E-4 5.05439E-4 6.09791E-4 2.23645E-4 2.74219E-4 2.80363E-4 3.21796E-4 3.54856E-4 2.31871E-4 2.69341E-4 2.82278E-4 3.46297E-4 2.88204E-4 2.52418E-4 2.59136E-4 2.2138E-4 1.94707E-4
-9999 -9999 -9999 -9999 -9999 -9999 -9999 -9999 1.28003E-5 5.24237E-6 7.91781E-6 3.41418E-5 4.59518E-6 5.75988E-6 1.09453E-5 6.16894E-5 1.00302E-4 8.27719E-5 8.27602E-5 7.86286E-5 9.83405E-5 9.34001E-5 8.28267E-5 9.1031E-5 8.26438E-5 1.77386E-4 1.35184E-4 2.07094E-4 1.28427E-4 2.06993E-4 2.03259E-4 2.96175E-4 8.58508E-5 1.39718E-4 2.41843E-4 8.83024E-5 1.3002E-4 4.79658E-4 4.73385E-4 6.70514E-4 6.70185E-4 5.46078E-4 5.63601E-4 1.83413E-4 7.26331E-5 3.16333E-4 8.7335E-5 2.53777E-4 3.63186E-4 3.38281E-4 2.84583E-4 2.96177E-4 1.83394E-4 2.30989E-4 2.62106E-4 4.05244E-4 3.87457E-4 3.33353E-4 2.73748E-4 2.18302E-4 2.27152E-4
-9999 -9999 -9999 -9999 -9999 -9999 -9999 9.44083E-6 7.18364E-6 4.67788E-6 2.38069E-5 3.2366E-5 5.20264E-6 7.08405E-6 2.98414E-5 9.16643E-5 9.97411E-5 9.10583E-5 1.09189E-4 1.0572E-4 1.17653E-4 1.01441E-4 9.319E-5 9.95205E-5 8.72266E-5 1.17244E-4 1.23594E-4 2.37647E-4 3.48323E-4 3.05652E-4 1.58664E-4 1.62153E-4 1.36475E-4 1.3583E-4 1.39092E-4 1.53419E-4 5.53066E-4 5.24705E-4 5.55505E-4 8.57435E-4 8.45441E-4 8.75788E-4 4.54675E-4 2.49134E-4 1.26841E-4 1.90559E-4 2.23959E-4 8.33979E-4 8.70897E-4 4.70753E-4 3.09512E-4 4.10076E-4 8.35047E-4 3.20329E-4 5.19005E-4 4.09898E-4 3.83815E-4 3.38072E-4 3.47289E-4 2.45599E-4 2.30169E-4
-9999 -9999 -9999 -9999 -9999 -9999 -9999 1.96477E-6 1.62386E-6 1.89633E-6 1.06004E-5 1.06934E-5 6.25733E-6 2.05084E-5 9.93808E-5 1.13061E-4 9.89005E-5 1.31178E-4 1.04253E-4 9.81154E-5 1.02702E-4 1.2508E-4 1.54383E-4 1.25879E-4 1.13015E-4 9.54199E-5 1.31858E-4 2.34486E-4 2.79294E-4 3.25154E-4 1.52324E-4 7.33215E-5 1.13713E-4 2.65587E-4 1.28742E-4 3.51101E-4 4.16004E-4 8.0033E-4 7.76564E-4 7.50533E-4 8.12275E-4 5.52945E-4 3.61611E-4 2.08128E-4 2.32356E-4 1.77969E-4 1.82644E-4 1.39284E-4 4.33937E-4 1.86901E-4 2.44215E-4 2.10063E-4 3.72452E-4 7.42488E-4 4.30903E-4 4.58108E-4 3.39368E-4 3.33223E-4 3.70732E-4 2.64454E-4 2.32925E-4
-9999 -9999 -9999 -9999 -9999 -9999 -9999 3.28395E-6 1.93224E-6 3.11195E-6 1.98031E-5 1.57501E-5 1.50087E-5 2.45722E-5 1.23668E-4 1.06921E-4 1.10342E-4 1.43028E-4 1.04441E-4 9.35299E-5 1.06945E-4 9.96963E-5 1.74079E-4 1.42736E-4 9.36892E-5 9.79627E-5 9.23931E-5 2.70528E-4 2.3426E-4 2.70116E-4 2.88041E-4 1.06956E-4 3.66927E-4 9.31982E-4 3.5974E-4 3.26794E-4 6.08506E-4 4.62019E-4 6.61053E-4 4.257E-4 3.41753E-4 3.1873E-4 2.67976E-4 2.32273E-4 2.45789E-4 2.47705E-4 1.55012E-4 7.65449E-5 2.64088E-4 4.47346E-4 3.47735E-4 3.04283E-4 4.88027E-4 2.64602E-4 6.30253E-4 5.468E-4 3.27741E-4 3.54375E-4 3.17864E-4 2.45007E-4 2.59452E-4
