Candidate_Models_Sept202022/M_4_F_lqp_Set_1_all/Bison.asc
ncols         97
nrows         127
xllcorner     -2197417.7431653
yllcorner     -584827.01486885
cellsize      30000.0
NODATA_value  -9999
[rows 0 to 26 of 127, columns 0 to 60 of 97]
-9999 -9999 -9999 -9999 -9999 -9999 -9999 -9999 -9999 -9999 -9999 -9999 -9999 -9999 -9999 -9999 -9999 -9999 -9999 -9999 -9999 -9999 -9999 -9999 -9999 -9999 -9999 -9999 -9999 -9999 -9999 -9999 -9999 -9999 -9999 -9999 -9999 -9999 -9999 -9999 -9999 -9999 -9999 -9999 -9999 -9999 -9999 -9999 -9999 -9999 -9999 -9999 -9999 -9999 -9999 -9999 -9999 -9999 -9999 -9999 -9999
-9999 -9999 -9999 -9999 -9999 -9999 -9999 -9999 -9999 -9999 -9999 -9999 -9999 -9999 -9999 -9999 -9999 -9999 -9999 -9999 -9999 -9999 -9999 -9999 -9999 -9999 -9999 -9999 -9999 -9999 -9999 -9999 -9999 -9999 -9999 -9999 -9999 -9999 -9999 -9999 -9999 -9999 -9999 -9999 -9999 -9999 -9999 -9999 -9999 -9999 -9999 -9999 -9999 -9999 -9999 -9999 -9999 -9999 -9999 -9999 -9999
-9999 -9999 -9999 -9999 -9999 -9999 -9999 -9999 -9999 -9999 -9999 -9999 -9999 -9999 -9999 -9999 -9999 -9999 -9999 -9999 -9999 -9999 -9999 -9999 -9999 -9999 -9999 -9999 -9999 -9999 -9999 -9999 -9999 -9999 -9999 -9999 -9999 -9999 -9999 -9999 -9999 -9999 -9999 -9999 -9999 -9999 -9999 -9999 -9999 -9999 -9999 -9999 -9999 -9999 -9999 -9999 -9999 -9999 -9999 -9999 -9999
-9999 -9999 -9999 -9999 -9999 -9999 -9999 -9999 -9999 -9999 -9999 -9999 -9999 -9999 -9999 -9999 -9999 -9999 -9999 1.55017E-5 1.36327E-5 9.48198E-6 1.07749E-5 -9999 -9999 -9999 -9999 -9999 -9999 -9999 -9999 -9999 -9999 -9999 -9999 -9999 -9999 -9999 -9999 -9999 -9999 -9999 -9999 -9999 -9999 -9999 -9999 -9999 -9999 -9999 -9999 -9999 -9999 -9999 -9999 -9999 -9999 -9999 -9999 -9999 -9999
-9999 -9999 -9999 -9999 -9999 -9999 -9999 -9999 -9999 -9999 -9999 -9999 -9999 -9999 -9999 -9999 -9999 -9999 1.51575E-5 1.29552E-5 1.1821E-5 1.32856E-5 1.1284E-5 9.11098E-6 8.51467E-6 -9999 -9999 -9999 -9999 -9999 -9999 -9999 -9999 -9999 -9999 -9999 -9999 -9999 -9999 -9999 -9999 -9999 -9999 -9999 -9999 -9999 -9999 -9999 -9999 -9999 -9999 -9999 -9999 -9999 -9999 -9999 -9999 -9999 -9999 -9999 -9999
-9999 -9999 -9999 -9999 -9999 -9999 -9999 -9999 -9999 -9999 -9999 -9999 -9999 -9999 -9999 -9999 -9999 -9999 1.01241E-5 9.8645E-6 1.12099E-5 1.18544E-5 9.92753E-6 8.47091E-6 8.56861E-6 -9999 -9999 -9999 -9999 -9999 -9999 -9999 -9999 -9999 -9999 -9999 -9999 -9999 -9999 -9999 -9999 -9999 -9999 -9999 -9999 -9999 -9999 -9999 -9999 -9999 -9999 -9999 -9999 -9999 -9999 -9999 -9999 -9999 -9999 -9999 -9999
-9999 -9999 -9999 -9999 -9999 -9999 -9999 -9999 -9999 -9999 -9999 -9999 -9999 -9999 -9999 -9999 -9999 9.32621E-6 7.87386E-6 5.84714E-6 6.27427E-6 8.3186E-6 9.04138E-6 8.60572E-6 9.59898E-6 9.62964E-6 -9999 9.96208E-6 8.76776E-6 8.96129E-6 -9999 -9999 -9999 -9999 -9999 -9999 -9999 -9999 6.87962E-6 -9999 -9999 -9999 -9999 -9999 -9999 -9999 -9999 -9999 -9999 -9999 -9999 -9999 -9999 -9999 -9999 -9999 -9999 -9999 -9999 -9999 -9999
-9999 -9999 -9999 -9999 -9999 -9999 -9999 -9999 -9999 -9999 -9999 -9999 -9999 -9999 -9999 -9999 2.2155E-5 1.46474E-5 6.3902E-6 3.67698E-6 4.25431E-6 5.95233E-6 8.63605E-6 8.15346E-6 9.20259E-6 9.27442E-6 8.83732E-6 9.02771E-6 8.04754E-6 7.98347E-6 8.01145E-6 7.91661E-6 7.4231E-6 7.21991E-6 7.43929E-6 7.72561E-6 7.98803E-6 -9999 6.51396E-6 6.2325E-6 -9999 -9999 -9999 -9999 -9999 -9999 -9999 -9999 -9999 -9999 -9999 -9999 -9999 -9999 -9999 -9999 -9999 -9999 -9999 -9999 -9999
-9999 -9999 -9999 -9999 -9999 -9999 -9999 -9999 -9999 -9999 -9999 -9999 -9999 -9999 -9999 3.76391E-6 5.81818E-6 6.08232E-6 5.4505E-6 3.60905E-6 3.71828E-6 5.15826E-6 8.45511E-6 8.79553E-6 8.57138E-6 7.81686E-6 7.56357E-6 7.42222E-6 6.94228E-6 6.90229E-6 6.97656E-6 7.00159E-6 6.81783E-6 6.5101E-6 7.2461E-6 8.69656E-6 8.28491E-6 8.24604E-6 6.76615E-6 6.68325E-6 -9999 -9999 -9999 -9999 -9999 -9999 -9999 -9999 -9999 -9999 -9999 -9999 -9999 -9999 -9999 -9999 -9999 -9999 -9999 -9999 -9999
-9999 -9999 -9999 -9999 -9999 -9999 -9999 -9999 -9999 -9999 -9999 -9999 -9999 -9999 -9999 5.54393E-6 6.63639E-6 4.83025E-6 3.45358E-6 3.41023E-6 3.60809E-6 5.48921E-6 9.6667E-6 1.09547E-5 9.7043E-6 7.14022E-6 6.61538E-6 6.63588E-6 6.1003E-6 6.36416E-6 6.60142E-6 6.87454E-6 6.40994E-6 6.32338E-6 7.97796E-6 9.8042E-6 1.05037E-5 9.78041E-6 7.8962E-6 -9999 -9999 -9999 6.65117E-6 -9999 -9999 -9999 -9999 -9999 -9999 -9999 -9999 -9999 -9999 -9999 -9999 -9999 -9999 -9999 -9999 -9999 -9999
-9999 -9999 -9999 -9999 -9999 -9999 -9999 -9999 -9999 -9999 -9999 -9999 -9999 -9999 8.48396E-6 6.79395E-6 8.22532E-6 7.50801E-6 7.39842E-6 5.3429E-6 4.61947E-6 6.02761E-6 9.79413E-6 9.92497E-6 1.07861E-5 5.39556E-6 6.24526E-6 6.41808E-6 5.98942E-6 6.42547E-6 6.45775E-6 6.58887E-6 6.17991E-6 6.70004E-6 8.78495E-6 1.05386E-5 1.06028E-5 9.4247E-6 7.09663E-6 -9999 -9999 7.21826E-6 -9999 -9999 -9999 -9999 -9999 -9999 -9999 -9999 -9999 -9999 -9999 -9999 -9999 -9999 -9999 -9999 -9999 -9999 -9999
-9999 -9999 -9999 -9999 -9999 -9999 -9999 -9999 -9999 -9999 -9999 -9999 -9999 6.41485E-6 6.61455E-6 5.17627E-6 7.62092E-6 9.42803E-6 1.16982E-5 2.2452E-5 7.2059E-6 9.92097E-6 7.30013E-6 1.14364E-5 6.30877E-6 4.66859E-6 5.48832E-6 5.55131E-6 5.83218E-6 6.46046E-6 6.42999E-6 5.96444E-6 6.09517E-6 7.22592E-6 8.30681E-6 9.25499E-6 1.01803E-5 9.96838E-6 7.19344E-6 6.79671E-6 7.01845E-6 7.28307E-6 -9999 8.538E-6 8.81024E-6 -9999 -9999 -9999 -9999 -9999 -9999 -9999 -9999 -9999 -9999 -9999 -9999 -9999 -9999 -9999 -9999
-9999 -9999 -9999 -9999 -9999 -9999 -9999 -9999 -9999 -9999 -9999 -9999 -9999 6.70671E-6 5.8192E-6 6.73725E-6 1.06469E-5 7.58593E-6 2.80704E-5 1.80818E-5 1.2402E-5 7.62884E-6 1.05656E-5 1.07494E-5 5.55997E-6 4.93793E-6 5.13246E-6 5.58226E-6 5.91684E-6 5.99023E-6 5.5042E-6 5.4694E-6 5.56159E-6 5.98899E-6 6.39926E-6 6.10645E-6 8.95767E-6 8.04704E-6 6.64535E-6 6.25862E-6 6.58653E-6 7.92286E-6 8.09024E-6 9.15186E-6 9.57073E-6 1.00136E-5 -9999 -9999 -9999 -9999 -9999 -9999 -9999 -9999 -9999 -9999 -9999 -9999 -9999 -9999 -9999
-9999 -9999 -9999 -9999 -9999 -9999 -9999 -9999 -9999 -9999 -9999 -9999 1.86537E-5 2.65811E-5 9.69624E-6 1.35738E-5 1.13529E-5 1.17145E-5 5.10184E-6 1.30646E-5 1.37622E-5 1.08932E-5 1.30227E-5 6.69084E-6 4.29343E-6 4.89918E-6 5.09227E-6 5.5819E-6 5.50036E-6 4.99083E-6 5.03728E-6 5.10852E-6 5.2368E-6 5.29931E-6 5.32363E-6 5.95798E-6 6.38145E-6 6.94023E-6 6.94226E-6 6.59417E-6 6.72777E-6 7.03247E-6 7.78583E-6 8.96059E-6 9.44205E-6 9.87295E-6 1.02922E-5 -9999 -9999 -9999 5.55757E-6 4.972E-6 -9999 -9999 -9999 -9999 -9999 -9999 -9999 -9999 -9999
-9999 -9999 -9999 -9999 -9999 -9999 -9999 -9999 -9999 -9999 -9999 6.68227E-6 7.8175E-6 1.9604E-5 1.22655E-5 8.94934E-6 6.49105E-6 2.56181E-5 1.32945E-5 1.12828E-5 1.14735E-5 1.94001E-5 1.10692E-5 4.43148E-6 4.36436E-6 4.7571E-6 4.63701E-6 5.70669E-6 5.59103E-6 5.54308E-6 4.84421E-6 4.54025E-6 5.00139E-6 5.24414E-6 5.31755E-6 5.79143E-6 6.39827E-6 6.9817E-6 6.90999E-6 7.20404E-6 7.12438E-6 7.50932E-6 8.21116E-6 9.18198E-6 9.7014E-6 9.90206E-6 9.25602E-6 8.10019E-6 -9999 -9999 -9999 5.35677E-6 5.01372E-6 -9999 -9999 -9999 -9999 -9999 -9999 -9999 -9999
-9999 -9999 -9999 -9999 -9999 -9999 -9999 -9999 -9999 -9999 -9999 5.97285E-6 4.5394E-6 7.82736E-6 1.00366E-5 7.83171E-6 4.88325E-6 1.06556E-5 8.79025E-6 1.83839E-5 1.31964E-5 1.63012E-5 8.41258E-6 4.29504E-6 4.89398E-6 5.10715E-6 5.46985E-6 5.19543E-6 4.81854E-6 4.76086E-6 4.74671E-6 4.7865E-6 4.99937E-6 5.01253E-6 5.12592E-6 5.82926E-6 6.55026E-6 7.13365E-6 7.39436E-6 7.43344E-6 7.24395E-6 7.91886E-6 8.6508E-6 8.88295E-6 8.76552E-6 9.19893E-6 8.53435E-6 8.16815E-6 7.89534E-6 -9999 -9999 5.91417E-6 5.655E-6 5.18413E-6 5.23756E-6 -9999 -9999 -9999 -9999 -9999 -9999
-9999 -9999 -9999 -9999 -9999 -9999 -9999 -9999 -9999 -9999 1.2456E-5 4.75808E-6 1.0601E-5 8.31558E-6 8.03401E-6 6.56359E-6 5.67456E-6 5.02984E-6 6.08958E-6 2.43933E-5 1.97825E-5 1.56383E-5 1.10839E-5 7.02894E-6 4.93113E-6 5.43254E-6 6.14613E-6 6.19813E-6 5.15944E-6 4.93384E-6 4.3348E-6 4.50936E-6 4.34285E-6 4.89068E-6 5.26696E-6 6.07759E-6 6.80656E-6 7.44011E-6 7.36399E-6 7.58201E-6 7.99219E-6 8.36497E-6 8.67637E-6 8.512E-6 8.10302E-6 8.05413E-6 8.2249E-6 8.4055E-6 8.21689E-6 7.48086E-6 6.82478E-6 7.47115E-6 -9999 -9999 5.23741E-6 4.81104E-6 -9999 -9999 -9999 -9999 -9999
-9999 -9999 -9999 -9999 -9999 -9999 -9999 -9999 -9999 7.86162E-6 2.30367E-5 7.28572E-6 9.43319E-6 9.13497E-6 8.74588E-6 7.17347E-6 5.74253E-6 6.19204E-6 6.12914E-6 7.49137E-6 7.15033E-6 9.59162E-6 1.63226E-5 6.51984E-6 5.4579E-6 5.68818E-6 6.38142E-6 6.79599E-6 6.3662E-6 4.92193E-6 4.55366E-6 4.29951E-6 4.53522E-6 4.46091E-6 5.27522E-6 6.52157E-6 6.6146E-6 7.25665E-6 7.60088E-6 7.86107E-6 8.3973E-6 8.83661E-6 9.33776E-6 8.69761E-6 8.53379E-6 8.20696E-6 8.33027E-6 8.45598E-6 8.17514E-6 7.48789E-6 7.32921E-6 7.56663E-6 7.49998E-6 -9999 5.08758E-6 4.86183E-6 4.52061E-6 4.1204E-6 -9999 -9999 -9999
-9999 -9999 -9999 -9999 -9999 -9999 -9999 -9999 1.94304E-5 1.12313E-5 9.12526E-6 4.69331E-6 2.60526E-6 8.18987E-6 1.55881E-5 1.24856E-5 1.05534E-5 7.6037E-6 8.8355E-6 6.25162E-6 5.79265E-6 9.03805E-6 1.0061E-5 4.27521E-6 6.00724E-6 6.02661E-6 7.0525E-6 6.89898E-6 5.87796E-6 5.24546E-6 4.27808E-6 4.40805E-6 4.77383E-6 5.31219E-6 5.7312E-6 6.90829E-6 7.21486E-6 7.02365E-6 7.74546E-6 8.05891E-6 9.26647E-6 9.60285E-6 9.51076E-6 9.1461E-6 8.53142E-6 8.48127E-6 8.83176E-6 8.75751E-6 8.16609E-6 7.76231E-6 7.66483E-6 7.91559E-6 7.77934E-6 7.60862E-6 5.41122E-6 5.04571E-6 4.48002E-6 4.12425E-6 3.71703E-6 3.53163E-6 3.36624E-6
-9999 -9999 -9999 -9999 -9999 -9999 -9999 -9999 7.05015E-6 7.06735E-6 3.59343E-6 2.27463E-6 3.67179E-6 1.00406E-5 1.64726E-5 2.22146E-5 1.37598E-5 1.33098E-5 1.40872E-5 8.66638E-6 8.41268E-6 7.78288E-6 7.47557E-6 6.59618E-6 6.64018E-6 5.77795E-6 6.90928E-6 6.43996E-6 6.00965E-6 5.56973E-6 4.35292E-6 4.32001E-6 5.04773E-6 6.17766E-6 6.90933E-6 6.97454E-6 8.0729E-6 7.02522E-6 8.4313E-6 8.30835E-6 1.03878E-5 1.02456E-5 9.92228E-6 9.52875E-6 9.30543E-6 9.39222E-6 9.46794E-6 9.15249E-6 8.72595E-6 8.26085E-6 8.21621E-6 8.31665E-6 8.33864E-6 7.78347E-6 -9999 5.40625E-6 4.85499E-6 4.4162E-6 3.48956E-6 3.66992E-6 3.28814E-6
-9999 -9999 -9999 -9999 -9999 -9999 -9999 5.08345E-6 5.30776E-6 1.17062E-5 9.91244E-6 3.21262E-6 4.50371E-6 6.17382E-6 1.18512E-5 2.12117E-5 1.58573E-5 1.48256E-5 1.58543E-5 1.26089E-5 1.05608E-5 8.98506E-6 1.2383E-5 9.64967E-6 8.60016E-6 6.89855E-6 6.33706E-6 8.50727E-6 7.78479E-6 5.80151E-6 5.27179E-6 5.0569E-6 5.9346E-6 6.3127E-6 7.04327E-6 9.81436E-6 8.61768E-6 8.16182E-6 8.74165E-6 8.84195E-6 1.0222E-5 1.03331E-5 1.02352E-5 1.01508E-5 1.04095E-5 1.03459E-5 9.95522E-6 9.28577E-6 8.93015E-6 8.67581E-6 8.54552E-6 8.87443E-6 -9999 -9999 -9999 -9999 -9999 -9999 -9999 -9999 -9999
-9999 -9999 -9999 -9999 -9999 -9999 1.5379E-5 1.2972E-5 8.73993E-6 4.95677E-6 1.07478E-5 2.62906E-5 5.94123E-6 1.42913E-5 4.53183E-6 1.19332E-5 2.00537E-5 2.20032E-5 1.92941E-5 1.94799E-5 1.53403E-5 1.04992E-5 1.27071E-5 1.79135E-5 1.27063E-5 1.48166E-5 9.27671E-6 7.02437E-6 7.55289E-6 5.08213E-6 7.23821E-6 9.71512E-6 6.28036E-6 7.26108E-6 7.07303E-6 1.10427E-5 8.85159E-6 9.08886E-6 9.18477E-6 9.24972E-6 1.03357E-5 1.08221E-5 1.09479E-5 1.14128E-5 1.13398E-5 1.07282E-5 1.02975E-5 9.46659E-6 9.00328E-6 8.75514E-6 9.25859E-6 9.34144E-6 8.05414E-6 7.15365E-6 -9999 -9999 -9999 -9999 -9999 -9999 -9999
-9999 -9999 -9999 -9999 -9999 -9999 1.32705E-5 1.24836E-5 6.02634E-6 4.58574E-6 3.99608E-6 3.10387E-5 9.36802E-6 1.16879E-5 8.35144E-6 1.50443E-5 1.48767E-5 1.88962E-5 1.26089E-5 1.89742E-5 2.19694E-5 1.58226E-5 1.49931E-5 1.88424E-5 1.60564E-5 1.50959E-5 1.37018E-5 9.18457E-6 6.125E-6 5.63026E-6 5.13249E-6 9.42798E-6 6.54694E-6 9.70498E-6 1.03063E-5 1.07943E-5 9.42301E-6 1.086E-5 1.07866E-5 1.0239E-5 1.04331E-5 1.21266E-5 1.2409E-5 1.32807E-5 1.24937E-5 1.05855E-5 1.04491E-5 1.03136E-5 9.11447E-6 9.02374E-6 8.6077E-6 8.34702E-6 7.32389E-6 6.57463E-6 6.10685E-6 5.3284E-6 4.58397E-6 4.13666E-6 4.23226E-6 4.07813E-6 3.42186E-6
-9999 -9999 -9999 -9999 -9999 1.05749E-5 6.92827E-6 6.80537E-6 6.66137E-6 1.74609E-5 1.30024E-5 8.27473E-6 5.21569E-6 9.01712E-6 5.87931E-6 5.2294E-6 5.51505E-6 1.62213E-5 9.13145E-6 1.1234E-5 2.0273E-5 1.96625E-5 2.0167E-5 2.34685E-5 1.93378E-5 1.58136E-5 1.72487E-5 9.85204E-6 4.79647E-6 5.40737E-6 6.66979E-6 7.97849E-6 1.03371E-5 1.0531E-5 1.50225E-5 1.24839E-5 1.09529E-5 -9999 -9999 1.86728E-5 -9999 -9999 -9999 1.27116E-5 1.11394E-5 1.02603E-5 1.07648E-5 1.00837E-5 9.01513E-6 8.79889E-6 8.19474E-6 7.47745E-6 6.79118E-6 6.23209E-6 5.6564E-6 4.86989E-6 4.6118E-6 4.22396E-6 4.23304E-6 3.92048E-6 3.74624E-6
-9999 -9999 -9999 -9999 2.50977E-5 8.12526E-6 9.68316E-6 7.83537E-6 8.53289E-6 8.07859E-6 3.52291E-6 5.87298E-6 1.32726E-5 9.63956E-6 5.89225E-6 6.83422E-6 9.62088E-6 8.80116E-6 6.88862E-6 8.68243E-6 1.4491E-5 1.40048E-5 1.50661E-5 2.74295E-5 1.79329E-5 2.49395E-5 1.87176E-5 1.60467E-5 1.27539E-5 6.12943E-6 6.47316E-6 1.1665E-5 1.12169E-5 8.70844E-6 1.66111E-5 9.81332E-6 9.51434E-6 1.17969E-5 1.19076E-5 1.1448E-5 1.46422E-5 -9999 1.61058E-5 1.41364E-5 1.15024E-5 1.06803E-5 1.08943E-5 9.09234E-6 8.83881E-6 9.34128E-6 8.76349E-6 7.79966E-6 7.13258E-6 6.39847E-6 5.34939E-6 4.66433E-6 4.19268E-6 4.09283E-6 3.80267E-6 3.66204E-6 3.5238E-6
-9999 -9999 -9999 2.03225E-5 3.365E-5 1.7971E-5 7.48417E-6 1.01962E-5 9.23728E-6 5.61296E-6 6.4733E-6 6.58965E-6 1.79554E-5 1.15043E-5 1.23878E-5 5.22054E-6 8.91756E-6 1.27279E-5 1.10697E-5 1.38929E-5 1.09782E-5 6.3849E-6 1.68839E-5 2.27265E-5 2.51932E-5 2.2995E-5 1.98962E-5 1.48517E-5 1.48616E-5 1.30441E-5 8.36379E-6 1.09888E-5 1.04561E-5 7.31398E-6 1.00532E-5 1.16211E-5 1.04298E-5 1.09463E-5 1.05683E-5 1.08159E-5 1.34687E-5 1.60204E-5 -9999 -9999 1.18169E-5 1.21099E-5 1.09323E-5 9.10101E-6 9.24871E-6 9.07216E-6 1.06503E-5 8.01201E-6 7.27778E-6 6.70178E-6 5.78583E-6 4.76906E-6 4.4147E-6 4.08296E-6 3.9641E-6 3.84058E-6 3.83594E-6
-9999 -9999 -9999 5.55755E-5 3.35876E-5 1.89898E-5 7.58161E-6 1.94254E-5 6.20523E-5 1.21845E-5 1.70335E-5 1.26753E-5 8.30743E-6 7.69835E-6 2.77096E-5 9.12487E-6 1.46326E-5 2.42891E-5 1.89553E-5 1.0306E-5 1.14027E-5 8.15141E-6 9.21895E-6 1.61647E-5 2.44561E-5 2.2397E-5 2.02208E-5 2.09446E-5 1.97595E-5 1.75131E-5 1.50383E-5 9.06716E-6 1.51398E-5 1.03424E-5 1.12987E-5 1.16048E-5 1.13695E-5 1.12194E-5 1.08669E-5 1.1842E-5 -9999 -9999 -9999 -9999 -9999 9.97558E-6 1.01503E-5 8.86103E-6 8.68278E-6 8.03169E-6 9.1928E-6 1.1047E-5 7.0945E-6 6.76607E-6 5.20562E-6 4.40515E-6 4.59728E-6 4.83844E-6 5.29067E-6 5.04996E-6 5.27052E-6
