Candidate_Models_Sept202022/M_4_F_lqp_Set_1_all/Bison.asc
ncols         97
nrows         127
xllcorner     -2197417.7431653
yllcorner     -584827.01486885
cellsize      30000.0
NODATA_value  -9999
[rows 54 to 80 of 127, columns 0 to 60 of 97]
-9999 -9999 -9999 -9999 5.46484E-6 4.02303E-6 2.26787E-6 3.93443E-6 3.46496E-6 1.68826E-6 2.44245E-6 8.5817E-6 1.62493E-5 3.49563E-5 2.00352E-5 7.47007E-6 1.04448E-5 1.97988E-5 2.1029E-5 2.65438E-5 3.69537E-5 2.95142E-5 2.29108E-5 1.81429E-5 2.28779E-5 4.24168E-5 3.36692E-5 2.6721E-5 4.64495E-5 3.73828E-5 4.23238E-5 5.13969E-5 5.93448E-5 5.98231E-5 4.92612E-5 4.60082E-5 4.75936E-5 4.54283E-5 5.37806E-5 6.35675E-5 9.31882E-5 1.34478E-4 7.54884E-5 4.54376E-5 3.84337E-5 3.86735E-5 3.83242E-5 3.47244E-5 3.59807E-5 3.47388E-5 3.39228E-5 3.04335E-5 2.76355E-5 4.04585E-5 3.94061E-5 3.58711E-5 3.40092E-5 2.85339E-5 2.61663E-5 1.82132E-5 1.56874E-5
-9999 -9999 -9999 -9999 -9999 2.29183E-6 1.43495E-6 3.23529E-6 3.56956E-6 2.32391E-6 1.79879E-6 6.36551E-6 2.10885E-5 2.74753E-5 1.97209E-5 9.2069E-6 6.58644E-6 7.91796E-6 2.82947E-5 1.08439E-5 3.83538E-5 3.27172E-5 2.42675E-5 3.35838E-5 1.98423E-5 2.28778E-5 2.89805E-5 3.90481E-5 6.34702E-5 5.80199E-5 6.41147E-5 5.9548E-5 6.41453E-5 5.2834E-5 5.06125E-5 5.35918E-5 5.54662E-5 4.90341E-5 6.35101E-5 5.64591E-5 9.41627E-5 2.36105E-4 6.13147E-5 4.33669E-5 4.55543E-5 4.49409E-5 3.77692E-5 3.70744E-5 3.90384E-5 3.99778E-5 4.36755E-5 4.66307E-5 4.21485E-5 4.14172E-5 3.80635E-5 3.14338E-5 2.84494E-5 2.55169E-5 2.32998E-5 1.93006E-5 2.09075E-5
-9999 -9999 -9999 -9999 -9999 4.18886E-6 2.99773E-6 3.85365E-6 4.2183E-6 3.42187E-6 7.70789E-7 3.43742E-6 5.57323E-6 1.12756E-5 2.64989E-5 1.17754E-5 1.54892E-5 1.84941E-5 2.0946E-5 2.29169E-5 2.79321E-5 2.27737E-5 1.92008E-5 2.4777E-5 2.10043E-5 3.05959E-5 3.2449E-5 4.80543E-5 8.73361E-5 5.92558E-5 7.33309E-5 7.60019E-5 7.82536E-5 7.0927E-5 7.14913E-5 7.98363E-5 5.45229E-5 4.6985E-5 5.70428E-5 4.83119E-5 8.82546E-5 5.9046E-5 4.3527E-5 4.66105E-5 4.52691E-5 4.29383E-5 3.88562E-5 3.55834E-5 3.32767E-5 4.24228E-5 4.29344E-5 4.29707E-5 4.0875E-5 4.70024E-5 3.45317E-5 3.02101E-5 3.2379E-5 2.81837E-5 2.52887E-5 2.40928E-5 2.39788E-5
-9999 -9999 -9999 -9999 -9999 -9999 5.47486E-6 -9999 7.83098E-6 1.21287E-6 7.95043E-7 2.93273E-6 9.77015E-6 1.1269E-5 7.54881E-6 2.38109E-5 1.08707E-5 1.93791E-5 2.37651E-5 3.13313E-5 2.00025E-5 2.07298E-5 2.08179E-5 3.61047E-5 2.41958E-5 2.90467E-5 1.68283E-5 4.76158E-5 5.78877E-5 7.00656E-5 1.41956E-4 1.35975E-4 9.65372E-5 8.40864E-5 7.92445E-5 7.82276E-5 7.80677E-5 5.45639E-5 5.95363E-5 4.40943E-5 5.21699E-5 5.6186E-5 5.39674E-5 5.16353E-5 4.64149E-5 4.58682E-5 4.56831E-5 5.15143E-5 5.76801E-5 4.047E-5 4.34499E-5 6.11878E-5 4.04391E-5 3.41723E-5 3.31011E-5 3.59293E-5 3.43433E-5 3.32869E-5 3.14199E-5 2.81279E-5 2.33015E-5
-9999 -9999 -9999 7.05161E-6 -9999 -9999 -9999 -9999 -9999 3.01759E-6 3.04021E-6 2.78456E-6 3.90374E-6 7.72498E-6 9.4378E-6 1.4436E-5 1.19462E-5 2.17693E-5 2.29255E-5 3.67223E-5 2.12357E-5 2.63294E-5 1.5801E-5 4.2066E-5 1.62025E-5 1.67155E-5 1.87892E-5 3.38284E-5 1.01951E-4 7.1405E-5 2.21608E-4 1.86116E-4 9.3661E-5 7.40528E-5 6.30421E-5 8.52986E-5 7.77822E-5 9.91549E-5 2.35324E-4 5.68804E-5 5.91407E-5 5.70188E-5 5.62399E-5 5.38459E-5 5.20843E-5 5.41537E-5 5.51263E-5 4.95488E-5 5.0814E-5 4.5041E-5 4.49399E-5 4.40146E-5 4.62374E-5 3.4961E-5 3.56645E-5 4.2002E-5 3.51427E-5 5.24902E-5 4.21519E-5 3.05307E-5 2.85767E-5
-9999 -9999 -9999 4.41675E-6 1.01384E-5 1.18623E-5 -9999 -9999 -9999 4.42929E-6 1.80976E-6 6.15779E-6 6.17843E-6 9.71127E-6 8.69724E-6 1.86685E-5 1.17136E-5 1.64287E-5 3.35007E-5 3.0619E-5 2.36287E-5 2.44954E-5 2.30567E-5 3.90496E-5 2.586E-5 1.77406E-5 2.06454E-5 3.72392E-5 1.37502E-4 1.16637E-4 3.19823E-4 2.40113E-4 1.00418E-4 8.6982E-5 8.73572E-5 7.14824E-5 7.70943E-5 2.40021E-4 1.37842E-4 6.03989E-5 6.25342E-5 7.28317E-5 5.82093E-5 5.21771E-5 5.69165E-5 5.01976E-5 5.49725E-5 5.21904E-5 5.19432E-5 6.27248E-5 5.66201E-5 5.25023E-5 3.70016E-5 3.61086E-5 3.70334E-5 4.40555E-5 6.75898E-5 5.90043E-5 4.17026E-5 4.10459E-5 4.1559E-5
-9999 -9999 -9999 3.96865E-6 1.02323E-5 1.51443E-5 1.01163E-5 -9999 -9999 5.78737E-6 2.52448E-6 7.07461E-6 6.3255E-6 7.76534E-6 7.67207E-6 1.46971E-5 1.96327E-5 2.96074E-5 3.48267E-5 2.5524E-5 3.44318E-5 3.72959E-5 3.42151E-5 2.57452E-5 4.07312E-5 1.53148E-5 2.95919E-5 3.38128E-5 7.36745E-5 7.37017E-5 2.81868E-4 5.11915E-4 2.37456E-4 2.42977E-4 2.88004E-4 1.1331E-4 1.37251E-4 1.58473E-4 8.11839E-5 7.47545E-5 7.8732E-5 7.13968E-5 6.46753E-5 5.80991E-5 5.46206E-5 5.51862E-5 5.49369E-5 6.18888E-5 6.01604E-5 1.00565E-4 1.19955E-4 8.75574E-5 5.85472E-5 7.55181E-5 4.25979E-5 4.22179E-5 4.94624E-5 5.17266E-5 4.9941E-5 5.01625E-5 3.73204E-5
-9999 -9999 -9999 2.12128E-6 8.74444E-6 1.18562E-5 -9999 -9999 8.89086E-6 2.65872E-6 1.13148E-6 3.02953E-6 5.33637E-6 8.10393E-6 9.38171E-6 1.86125E-5 5.78015E-5 3.70118E-5 3.91796E-5 2.39682E-5 3.21276E-5 3.68129E-5 4.37002E-5 3.72337E-5 4.11092E-5 1.69845E-5 1.94244E-5 2.74549E-5 4.93795E-5 1.51618E-4 3.98496E-4 6.41738E-4 4.85132E-4 3.50012E-4 3.7871E-4 2.80046E-4 2.32016E-4 2.55719E-4 1.31724E-4 9.59687E-5 9.7439E-5 9.52041E-5 7.46932E-5 6.60297E-5 5.70651E-5 7.50782E-5 6.89172E-5 6.64845E-5 8.65362E-5 1.1633E-4 1.0471E-4 6.15827E-5 4.91175E-5 4.13532E-5 4.83609E-5 4.61559E-5 5.06798E-5 4.46573E-5 5.34207E-5 4.16401E-5 4.14461E-5
-9999 -9999 -9999 2.13303E-6 8.93751E-6 -9999 -9999 1.49972E-5 6.60082E-6 2.54793E-6 2.08253E-6 2.64972E-6 5.83858E-6 7.08664E-6 1.09426E-5 2.54461E-5 4.0497E-5 3.50157E-5 4.09442E-5 3.44016E-5 3.48312E-5 4.55236E-5 4.53346E-5 4.69058E-5 4.40366E-5 2.15509E-5 3.03257E-5 3.55175E-5 3.69782E-5 4.8257E-5 1.74762E-4 4.5709E-4 2.25447E-4 3.05302E-4 6.55511E-4 4.81094E-4 3.98376E-4 6.71714E-4 2.56846E-4 1.05075E-4 9.69904E-5 7.84296E-5 7.0228E-5 6.18485E-5 6.84829E-5 9.01412E-5 7.57874E-5 5.92666E-5 5.85679E-5 8.08887E-5 9.00252E-5 4.7447E-5 3.67308E-5 4.33564E-5 4.41962E-5 4.53888E-5 4.86511E-5 4.49415E-5 4.05992E-5 4.07731E-5 5.04709E-5
-9999 -9999 -9999 1.64609E-6 2.94171E-6 -9999 -9999 -9999 7.34528E-6 2.41108E-6 1.99068E-6 3.69978E-6 2.35614E-6 1.98586E-5 2.4117E-5 2.81387E-5 3.82188E-5 4.50849E-5 5.16782E-5 3.18788E-5 4.09223E-5 4.73441E-5 5.16191E-5 4.76175E-5 4.26634E-5 2.13858E-5 1.58075E-5 1.78214E-5 3.28052E-5 3.87011E-5 5.96575E-5 2.28707E-4 3.42258E-4 3.67175E-4 5.90718E-4 5.94752E-4 3.90343E-4 3.9138E-4 1.30118E-4 1.08333E-4 9.4813E-5 9.40344E-5 8.17053E-5 7.19887E-5 7.85667E-5 8.86985E-5 1.02762E-4 6.94566E-5 7.41419E-5 9.2096E-5 9.07347E-5 6.09364E-5 6.57304E-5 5.74004E-5 5.45398E-5 5.03968E-5 4.77391E-5 4.78519E-5 4.57108E-5 5.38795E-5 5.28826E-5
-9999 -9999 -9999 2.06161E-6 4.99865E-6 -9999 -9999 -9999 9.98013E-6 4.05293E-6 3.44953E-6 2.23309E-6 6.88117E-6 1.81405E-5 1.94956E-5 3.76388E-5 3.8959E-5 4.78582E-5 5.56508E-5 3.8059E-5 3.80675E-5 5.92216E-5 5.97013E-5 5.74873E-5 5.07822E-5 4.17128E-5 1.45732E-5 2.55164E-5 2.7565E-5 5.56272E-5 7.39465E-5 2.75039E-4 4.05535E-4 5.0346E-4 3.74082E-4 3.52631E-4 2.63632E-4 4.3184E-4 1.62599E-4 1.7614E-4 1.12191E-4 1.10548E-4 9.29041E-5 7.89678E-5 1.22732E-4 1.25924E-4 1.17385E-4 8.24798E-5 8.86506E-5 1.10025E-4 1.1191E-4 6.59272E-5 6.19098E-5 5.66447E-5 5.72724E-5 5.75747E-5 4.99003E-5 4.66757E-5 4.47058E-5 4.18856E-5 4.8578E-5
-9999 -9999 -9999 1.27943E-6 5.79722E-6 -9999 -9999 -9999 9.69559E-6 5.39107E-6 1.08144E-6 2.38043E-6 4.60602E-6 1.55957E-5 4.14845E-5 3.14274E-5 3.79487E-5 5.47748E-5 4.33599E-5 4.27978E-5 7.34882E-5 1.08045E-4 6.63848E-5 6.19179E-5 5.13435E-5 4.21341E-5 2.43954E-5 2.95716E-5 2.84427E-5 4.72319E-5 6.85208E-5 1.37964E-4 2.83326E-4 4.96897E-4 2.74276E-4 3.82254E-4 1.65193E-4 3.20737E-4 3.44797E-4 1.78335E-4 9.32827E-5 9.20042E-5 8.74996E-5 9.29598E-5 8.04321E-5 8.39162E-5 8.74708E-5 1.02279E-4 1.20338E-4 9.97592E-5 7.9023E-5 7.1591E-5 6.50602E-5 6.09558E-5 6.10302E-5 5.87532E-5 5.13498E-5 5.69461E-5 5.24596E-5 4.96478E-5 8.35948E-5
-9999 -9999 -9999 -9999 2.46636E-6 -9999 -9999 -9999 -9999 6.97236E-6 1.98581E-6 2.1244E-6 6.12636E-6 4.6898E-6 1.88274E-5 3.59758E-5 4.35802E-5 5.51823E-5 5.44009E-5 7.13187E-5 5.89724E-5 1.93192E-4 1.04176E-4 7.01396E-5 8.20322E-5 4.57552E-5 2.55711E-5 1.80108E-5 3.53245E-5 2.94465E-5 4.13209E-5 6.40447E-5 8.36486E-5 1.01379E-4 9.55612E-5 1.16701E-4 3.22865E-4 2.38761E-4 1.16039E-4 8.58113E-5 1.28103E-4 8.44819E-5 1.22166E-4 9.66421E-5 8.8536E-5 1.12678E-4 9.54655E-5 1.06563E-4 1.10292E-4 9.89831E-5 1.32492E-4 7.511E-5 6.94605E-5 6.36759E-5 6.28089E-5 6.52256E-5 6.11054E-5 5.52511E-5 5.16178E-5 4.72306E-5 4.64577E-5
-9999 -9999 -9999 -9999 6.4578E-6 -9999 -9999 -9999 -9999 1.07159E-5 3.47865E-6 1.99793E-6 1.09588E-5 6.75893E-6 1.24596E-5 3.22781E-5 4.91531E-5 5.15081E-5 5.71503E-5 5.25189E-5 6.745E-5 8.93416E-5 7.20656E-5 1.3132E-4 1.94943E-4 5.86686E-5 3.53197E-5 2.44237E-5 2.66258E-5 2.91953E-5 2.41304E-5 4.52191E-5 7.53727E-5 1.1147E-4 8.77868E-5 8.91706E-5 1.56495E-4 9.86557E-5 7.87416E-5 6.85291E-5 1.03473E-4 9.83971E-5 1.10692E-4 1.33953E-4 9.501E-5 1.0943E-4 1.7521E-4 1.0967E-4 1.06101E-4 1.10051E-4 1.15162E-4 8.24733E-5 7.67021E-5 7.24394E-5 7.01107E-5 7.4157E-5 6.71364E-5 6.00177E-5 5.68592E-5 5.15412E-5 4.90887E-5
-9999 -9999 -9999 -9999 -9999 -9999 -9999 -9999 -9999 7.38254E-6 5.93876E-6 1.45794E-6 5.22725E-6 4.37165E-6 5.38441E-6 2.17593E-5 5.51164E-5 5.6685E-5 5.0811E-5 6.61319E-5 6.069E-5 6.42357E-5 7.42951E-5 6.61329E-5 5.35182E-5 2.65124E-5 1.78193E-5 3.05886E-5 1.93964E-5 2.65912E-5 3.79334E-5 3.39951E-5 3.77284E-5 7.49281E-5 6.66201E-5 9.19173E-5 1.58545E-4 1.43066E-4 8.82009E-5 1.10583E-4 1.38817E-4 1.06522E-4 1.24357E-4 1.42642E-4 2.48555E-4 3.00534E-4 2.94897E-4 1.35889E-4 1.01712E-4 9.82726E-5 1.09165E-4 1.07717E-4 8.48895E-5 7.43065E-5 7.36331E-5 6.91782E-5 7.01104E-5 6.74154E-5 6.04769E-5 6.21489E-5 5.66941E-5
-9999 -9999 -9999 -9999 -9999 -9999 -9999 -9999 -9999 -9999 7.05881E-6 2.00433E-6 2.09338E-6 5.49195E-6 9.47537E-6 3.52836E-5 5.27057E-5 4.76637E-5 6.42678E-5 6.16275E-5 5.38829E-5 5.3819E-5 6.9728E-5 6.49758E-5 5.31419E-5 2.36668E-5 2.15881E-5 2.01688E-5 2.2376E-5 2.74312E-5 3.93652E-5 2.60105E-5 5.89703E-5 8.15031E-5 9.48369E-5 9.62865E-5 1.32935E-4 1.43934E-4 1.00767E-4 1.24577E-4 1.34748E-4 2.31945E-4 2.51294E-4 3.25917E-4 4.17873E-4 4.3645E-4 2.92519E-4 4.22776E-4 1.12741E-4 9.65597E-5 1.46514E-4 1.1062E-4 9.17596E-5 8.56552E-5 7.7083E-5 6.67157E-5 7.90212E-5 8.59335E-5 7.43389E-5 6.87066E-5 6.71566E-5
-9999 -9999 -9999 -9999 -9999 -9999 -9999 -9999 -9999 -9999 5.78935E-6 2.32954E-6 1.48567E-6 3.57564E-6 9.65305E-6 8.18676E-6 6.07028E-5 7.48696E-5 5.86962E-5 6.34683E-5 5.17035E-5 5.15973E-5 7.24335E-5 9.34976E-5 4.66082E-5 2.24367E-5 1.68727E-5 8.95E-6 1.69837E-5 4.18245E-5 3.5589E-5 3.67523E-5 4.23562E-5 7.50192E-5 8.8266E-5 1.1454E-4 8.96546E-5 9.49606E-5 1.02645E-4 2.49572E-4 2.96368E-4 4.14124E-4 3.6024E-4 4.18649E-4 4.00441E-4 3.58176E-4 1.69543E-4 2.76837E-4 2.02343E-4 2.65166E-4 2.82388E-4 1.56416E-4 8.69213E-5 8.64687E-5 7.76014E-5 7.6989E-5 7.60673E-5 7.30807E-5 7.25055E-5 6.93057E-5 7.22836E-5
-9999 -9999 -9999 -9999 -9999 -9999 -9999 -9999 -9999 -9999 4.36221E-6 1.40496E-6 1.96014E-6 3.6162E-6 4.97478E-5 5.31687E-5 7.2731E-5 8.7442E-5 6.77254E-5 7.08531E-5 6.10204E-5 6.48394E-5 7.37817E-5 8.07253E-5 5.68821E-5 2.41227E-5 1.5317E-5 1.75364E-5 2.38725E-5 2.12457E-5 3.7475E-5 6.05409E-5 4.88628E-5 4.30368E-5 8.43202E-5 1.00975E-4 1.54302E-4 2.18071E-4 2.55905E-4 2.38288E-4 3.78858E-4 4.1113E-4 5.00865E-4 4.68914E-4 4.93066E-4 5.33291E-4 4.42701E-4 3.92969E-4 3.87686E-4 4.43952E-4 4.90304E-4 3.12264E-4 2.14047E-4 1.79369E-4 1.75913E-4 8.7191E-5 7.76435E-5 7.44626E-5 7.81925E-5 7.47053E-5 8.23421E-5
-9999 -9999 -9999 -9999 -9999 -9999 -9999 -9999 -9999 -9999 4.75336E-6 1.03967E-6 2.06263E-6 3.56122E-6 1.89582E-5 1.72999E-5 5.3218E-5 7.0172E-5 6.52178E-5 8.57036E-5 9.98039E-5 7.81511E-5 6.99275E-5 7.62632E-5 4.99118E-5 2.30711E-5 1.70274E-5 1.68839E-5 5.29605E-5 2.34517E-5 2.33055E-5 7.06395E-5 5.13996E-5 3.29818E-5 9.23493E-5 9.58677E-5 1.51243E-4 1.96475E-4 1.83677E-4 2.49648E-4 3.93539E-4 5.05359E-4 6.50929E-4 5.52517E-4 7.38956E-4 5.74926E-4 5.38538E-4 5.3565E-4 5.90156E-4 4.89608E-4 2.21085E-4 1.59556E-4 1.5598E-4 2.58524E-4 3.3154E-4 2.62259E-4 9.59373E-5 8.63811E-5 8.3169E-5 7.49445E-5 8.4777E-5
-9999 -9999 -9999 -9999 -9999 -9999 -9999 -9999 -9999 -9999 2.87595E-6 1.37608E-6 3.17699E-6 1.8186E-5 7.09665E-5 9.62997E-6 5.31837E-5 4.61565E-5 6.49586E-5 1.05366E-4 1.30691E-4 8.69455E-5 7.99212E-5 6.02153E-5 7.76378E-5 4.77519E-5 2.28609E-5 1.84401E-5 2.92365E-5 5.68299E-5 2.77803E-5 2.69686E-5 4.3483E-5 5.40451E-5 8.21068E-5 1.32897E-4 1.25682E-4 1.3288E-4 1.68868E-4 2.41746E-4 4.49418E-4 7.02516E-4 7.22265E-4 9.69811E-4 8.92054E-4 4.99279E-4 4.37962E-4 5.0625E-4 3.93772E-4 6.42005E-4 5.17509E-4 2.23958E-4 1.61183E-4 3.44239E-4 1.8819E-4 1.58404E-4 9.24456E-5 1.20494E-4 9.43201E-5 8.00674E-5 8.98917E-5
-9999 -9999 -9999 -9999 -9999 -9999 -9999 -9999 8.91426E-6 7.1017E-6 5.99933E-6 2.73804E-6 1.54137E-6 3.73288E-6 1.40211E-5 5.21808E-5 4.96671E-5 4.56638E-5 4.79356E-5 7.93225E-5 9.14005E-5 1.06269E-4 1.00177E-4 7.71237E-5 8.30968E-5 6.47203E-5 2.21341E-5 1.38022E-5 1.43769E-5 2.51206E-5 1.52533E-5 2.00839E-5 5.11293E-5 3.86843E-5 6.15989E-5 5.98268E-5 9.02629E-5 1.55162E-4 1.38851E-4 2.75286E-4 4.93303E-4 7.21358E-4 6.04386E-4 5.95829E-4 6.51413E-4 4.51244E-4 4.46009E-4 5.24304E-4 5.1613E-4 4.33908E-4 5.90159E-4 4.89532E-4 4.22444E-4 3.46885E-4 1.72324E-4 1.41672E-4 2.04392E-4 1.66701E-4 1.69451E-4 9.07197E-5 1.06635E-4
-9999 -9999 -9999 -9999 -9999 -9999 -9999 -9999 3.95012E-6 3.6111E-6 8.20435E-6 5.97435E-6 3.63503E-6 1.48565E-6 2.10567E-6 1.79833E-5 1.93815E-5 6.37346E-5 3.9964E-5 5.27058E-5 7.84394E-5 8.46672E-5 9.97901E-5 8.0231E-5 8.08674E-5 4.95882E-5 2.86415E-5 2.27383E-5 2.00752E-5 1.64442E-5 4.64587E-5 1.41285E-5 3.99698E-5 5.58566E-5 1.00542E-4 4.64371E-5 8.34635E-5 1.18512E-4 1.33385E-4 1.30557E-4 3.54153E-4 5.87699E-4 5.48883E-4 5.8031E-4 5.77973E-4 4.91297E-4 4.24533E-4 4.83695E-4 4.95938E-4 6.19985E-4 5.6796E-4 5.39503E-4 4.99334E-4 4.0896E-4 3.82972E-4 3.23957E-4 4.13746E-4 3.14899E-4 3.6753E-4 3.41484E-4 3.81382E-4
-9999 -9999 -9999 -9999 -9999 -9999 -9999 -9999 1.55806E-6 1.1415E-6 1.79492E-6 1.96092E-6 3.20222E-6 1.82502E-6 1.87191E-6 1.00035E-5 1.90618E-5 6.14069E-5 4.49734E-5 4.99597E-5 6.80826E-5 5.69376E-5 7.02599E-5 8.44269E-5 9.58759E-5 9.84005E-5 3.60697E-5 3.54392E-5 2.7609E-5 2.07232E-5 2.95143E-5 3.04847E-5 3.46613E-5 7.62348E-5 1.44523E-4 1.28191E-4 5.23524E-5 8.64736E-5 1.18684E-4 3.43463E-4 5.81882E-4 6.11408E-4 6.27555E-4 6.90018E-4 7.2414E-4 5.39334E-4 4.74682E-4 4.39279E-4 6.29474E-4 6.53589E-4 7.87099E-4 6.2199E-4 5.05092E-4 4.02873E-4 4.77959E-4 3.76443E-4 4.109E-4 3.4685E-4 3.67386E-4 4.80312E-4 5.60418E-4
-9999 -9999 -9999 -9999 -9999 -9999 -9999 -9999 -9999 1.4552E-6 1.18083E-6 1.60666E-6 2.42832E-6 4.12177E-6 1.92368E-6 1.86121E-6 1.1788E-5 5.91717E-5 1.58353E-4 8.46719E-5 2.81639E-5 3.29642E-5 3.26771E-5 7.71436E-5 6.46577E-5 7.27565E-5 4.48998E-5 2.13906E-5 2.14489E-5 1.69247E-5 1.21345E-5 1.88734E-5 2.81062E-5 2.67091E-5 7.03572E-5 6.38977E-5 7.71504E-5 8.32155E-5 1.42181E-4 6.45166E-4 5.47481E-4 7.63811E-4 7.88032E-4 7.40265E-4 6.02592E-4 4.75012E-4 6.17336E-4 6.57593E-4 4.30454E-4 4.84928E-4 4.90538E-4 4.99133E-4 4.40761E-4 7.2689E-4 6.51149E-4 4.39197E-4 4.97569E-4 4.80322E-4 4.54215E-4 3.89668E-4 4.68396E-4
-9999 -9999 -9999 -9999 -9999 -9999 -9999 -9999 -9999 1.21715E-6 1.59299E-6 1.45141E-6 1.3245E-6 5.10449E-6 6.04602E-6 2.69837E-6 3.14432E-6 1.12553E-5 4.49814E-5 3.82835E-5 1.99813E-5 1.54469E-5 2.52042E-5 4.26878E-5 5.31317E-5 5.948E-5 6.16107E-5 3.07521E-5 1.6252E-5 1.19884E-5 2.24733E-5 7.71555E-6 5.20852E-5 2.11145E-5 5.93876E-5 9.41592E-5 1.6117E-4 8.72303E-5 9.95613E-5 4.33436E-4 6.59552E-4 6.32984E-4 5.92469E-4 6.18968E-4 5.60471E-4 3.95564E-4 3.95624E-4 6.52822E-4 4.80704E-4 5.47809E-4 6.54476E-4 4.74402E-4 5.46997E-4 5.56088E-4 6.40727E-4 5.33649E-4 3.78507E-4 4.25123E-4 4.4496E-4 4.42793E-4 5.07458E-4
-9999 -9999 -9999 -9999 -9999 -9999 -9999 -9999 -9999 -9999 1.58896E-6 8.38976E-7 9.65641E-7 8.25574E-6 2.04397E-5 2.72467E-6 2.84698E-6 5.94685E-6 3.18248E-5 2.1756E-5 1.77564E-5 9.88008E-6 1.9798E-5 9.62525E-5 6.44332E-5 6.36175E-5 4.16704E-5 2.26541E-5 1.48206E-5 1.3093E-5 1.45719E-5 1.26541E-5 1.62079E-5 2.42201E-5 3.02965E-5 7.0513E-5 1.14431E-4 1.02129E-4 1.94229E-4 4.56025E-4 5.26353E-4 5.63966E-4 6.10588E-4 6.22944E-4 3.62802E-4 3.58961E-4 3.2801E-4 4.729E-4 4.45342E-4 4.8567E-4 6.97974E-4 6.56615E-4 6.12961E-4 7.04064E-4 4.79041E-4 5.42205E-4 6.11408E-4 3.9849E-4 4.36413E-4 5.32913E-4 4.80587E-4
-9999 -9999 -9999 -9999 -9999 -9999 -9999 -9999 -9999 -9999 1.95302E-6 9.46834E-7 1.39938E-6 3.58336E-6 2.31514E-5 7.48024E-6 2.16384E-6 2.49478E-6 1.30416E-5 1.61718E-5 1.5518E-5 1.81083E-5 1.83818E-5 3.40568E-5 1.05547E-4 1.68387E-4 1.38015E-4 4.61919E-5 4.56999E-5 2.16053E-5 8.97963E-6 1.86335E-5 3.00233E-5 3.59098E-5 2.69607E-5 4.48339E-5 6.95498E-5 8.59311E-5 1.06417E-4 5.57949E-4 5.77182E-4 6.16072E-4 6.90821E-4 8.09163E-4 5.87639E-4 3.95637E-4 2.93624E-4 3.22671E-4 4.12808E-4 4.01605E-4 4.90365E-4 5.4747E-4 5.69838E-4 6.25097E-4 5.68153E-4 4.73118E-4 5.43541E-4 5.58674E-4 5.94242E-4 4.27392E-4 4.43626E-4
