Candidate_Models_Sept202022/M_4_F_lqp_Set_1_all/Bison.asc
ncols         97
nrows         127
xllcorner     -2197417.7431653
yllcorner     -584827.01486885
cellsize      30000.0
NODATA_value  -9999
[rows 27 to 53 of 127, columns 0 to 60 of 97]
-9999 -9999 7.2526E-5 7.32881E-5 5.67064E-5 2.54943E-5 1.04443E-5 1.84926E-5 6.88992E-5 1.73247E-5 2.59094E-5 2.7751E-5 1.3609E-5 1.06389E-5 1.00396E-5 1.28372E-5 7.78636E-6 1.11611E-5 1.51665E-5 1.07105E-5 6.54603E-6 9.74574E-6 1.14606E-5 1.4591E-5 2.18265E-5 1.44772E-5 1.85236E-5 1.83061E-5 2.17592E-5 1.88927E-5 1.39161E-5 9.75523E-6 1.31361E-5 9.90727E-6 8.60155E-6 9.0504E-6 1.67919E-5 1.0851E-5 1.3616E-5 1.13335E-5 1.18171E-5 2.074E-5 1.4447E-5 2.34625E-5 1.60171E-5 1.17034E-5 8.16745E-6 8.57024E-6 7.48906E-6 7.33063E-6 7.6308E-6 8.29159E-6 7.40668E-6 7.07033E-6 5.62744E-6 4.70219E-6 4.5693E-6 4.20036E-6 4.39825E-6 4.38697E-6 6.2872E-6
-9999 1.15901E-4 6.38752E-5 7.16215E-5 5.1014E-5 4.10918E-5 1.66669E-5 1.87849E-5 2.07008E-5 1.5835E-5 2.32836E-5 1.9963E-5 1.03091E-5 1.10178E-5 1.67344E-5 1.06964E-5 1.84719E-5 1.61175E-5 1.39777E-5 1.60142E-5 4.08594E-5 1.65152E-5 7.65102E-6 1.19999E-5 2.05829E-5 1.64578E-5 1.54244E-5 1.47017E-5 1.44471E-5 1.68749E-5 1.38974E-5 7.20409E-6 1.69406E-5 9.75307E-6 9.76697E-6 1.26111E-5 1.77521E-5 1.67894E-5 1.33711E-5 1.10338E-5 1.18607E-5 1.22862E-5 1.10022E-5 1.06524E-5 1.13384E-5 9.85765E-6 8.6883E-6 8.4159E-6 7.66496E-6 7.32913E-6 7.16606E-6 9.82705E-6 6.94094E-6 6.52481E-6 5.7337E-6 4.91654E-6 4.54831E-6 4.24676E-6 4.44205E-6 4.81499E-6 4.26455E-6
-9999 1.02432E-4 1.04538E-4 1.04412E-4 9.60683E-5 4.60239E-5 2.37711E-5 2.27228E-5 3.80939E-5 2.80909E-5 2.72863E-5 2.79371E-5 1.25997E-5 1.2822E-5 1.31797E-5 1.35476E-5 7.863E-6 1.41696E-5 2.97408E-5 3.66825E-5 9.35387E-6 6.53139E-6 1.01152E-5 9.14877E-6 2.36055E-5 2.25014E-5 2.14331E-5 1.76605E-5 1.82552E-5 2.19952E-5 1.26688E-5 6.50236E-6 8.42337E-6 1.0756E-5 9.39493E-6 1.02944E-5 1.77308E-5 1.78499E-5 1.72542E-5 1.17803E-5 1.41176E-5 1.25256E-5 1.4911E-5 1.04203E-5 9.49655E-6 8.61995E-6 8.72681E-6 8.04122E-6 7.64855E-6 6.83297E-6 6.14358E-6 6.74707E-6 6.42509E-6 6.48311E-6 5.54538E-6 5.18154E-6 4.74008E-6 4.47485E-6 4.32081E-6 4.64292E-6 4.44225E-6
8.37414E-5 1.12714E-4 8.94366E-5 8.13048E-5 8.85352E-5 6.78638E-5 4.57905E-5 2.40542E-5 3.49761E-5 2.47252E-5 3.3121E-5 2.84153E-5 1.6553E-5 1.97485E-5 1.47776E-5 1.00218E-5 1.423E-5 1.66112E-5 1.62415E-5 1.50375E-5 1.52965E-5 7.82325E-6 9.4665E-6 1.96276E-5 2.28821E-5 1.6513E-5 1.58611E-5 1.58265E-5 2.13961E-5 1.83627E-5 1.46495E-5 1.43614E-5 6.24928E-6 1.25073E-5 1.39153E-5 1.26774E-5 1.84578E-5 1.67226E-5 1.53405E-5 1.19397E-5 1.17387E-5 1.00346E-5 1.41489E-5 1.26385E-5 9.61083E-6 7.88621E-6 7.57434E-6 7.50234E-6 7.71172E-6 7.25904E-6 6.59561E-6 7.09831E-6 6.96156E-6 6.96573E-6 6.18474E-6 5.70194E-6 4.99188E-6 4.66206E-6 4.50185E-6 4.73532E-6 4.70765E-6
2.91808E-5 6.5118E-5 9.09586E-5 1.15153E-4 9.00419E-5 8.75095E-5 3.53166E-5 2.94249E-5 2.39936E-5 2.83595E-5 3.888E-5 2.32738E-5 2.18029E-5 2.48992E-5 1.53047E-5 2.11962E-5 1.20491E-5 1.49463E-5 1.49076E-5 1.34189E-5 1.41782E-5 1.74314E-5 8.54579E-6 1.35057E-5 1.74045E-5 2.31102E-5 1.90387E-5 2.44174E-5 2.30792E-5 2.1899E-5 1.06338E-5 6.19897E-6 1.21635E-5 1.14669E-5 8.01209E-6 1.58651E-5 1.18577E-5 1.44176E-5 1.37368E-5 1.31632E-5 1.17713E-5 1.16667E-5 1.19224E-5 1.16137E-5 9.35812E-6 7.70246E-6 6.88279E-6 7.30188E-6 7.27508E-6 7.01956E-6 6.71552E-6 7.20324E-6 7.04016E-6 7.08077E-6 6.50643E-6 5.86025E-6 5.28836E-6 5.15052E-6 4.78708E-6 4.91838E-6 4.73035E-6
2.20452E-5 4.30965E-5 8.03732E-5 1.58048E-4 1.05926E-4 1.00608E-4 4.69735E-5 2.20031E-5 2.10378E-5 2.61299E-5 2.73627E-5 2.57073E-5 2.45495E-5 1.45697E-5 1.02518E-5 1.04141E-5 1.97332E-5 6.215E-6 9.72466E-6 1.26813E-5 1.56229E-5 1.24411E-5 9.0216E-6 1.6595E-5 2.0688E-5 1.67991E-5 1.84834E-5 3.23527E-5 1.85249E-5 1.13782E-5 1.16465E-5 1.12033E-5 1.82746E-5 1.69885E-5 5.78538E-6 8.29076E-6 1.78295E-5 1.34071E-5 1.18237E-5 1.54524E-5 1.00098E-5 1.50658E-5 1.17536E-5 1.61989E-5 1.33543E-5 8.14687E-6 7.22979E-6 6.32704E-6 7.94091E-6 7.14055E-6 7.11241E-6 6.97199E-6 7.1252E-6 6.98518E-6 6.69895E-6 5.71869E-6 5.5645E-6 5.44209E-6 5.39987E-6 5.00149E-6 4.88566E-6
-9999 2.71504E-5 3.34727E-5 5.52078E-5 9.32297E-5 8.1019E-5 4.76317E-5 2.24659E-5 1.94772E-5 1.38919E-5 2.54914E-5 2.62225E-5 1.93716E-5 1.61782E-5 1.52278E-5 7.43416E-6 9.85092E-6 8.12749E-6 8.23813E-6 1.15804E-5 1.58156E-5 1.86086E-5 8.67143E-6 1.25655E-5 1.22017E-5 2.22346E-5 1.82956E-5 3.57974E-5 2.73116E-5 2.31299E-5 1.66619E-5 8.17614E-6 1.50713E-5 1.16656E-5 5.7584E-6 1.35785E-5 1.56129E-5 1.31956E-5 1.2457E-5 1.75636E-5 1.17417E-5 9.90615E-6 1.27142E-5 1.24004E-5 1.27601E-5 7.25779E-6 7.69066E-6 7.13441E-6 6.78712E-6 7.32706E-6 7.55261E-6 7.18126E-6 7.18821E-6 7.44513E-6 6.81882E-6 6.45703E-6 6.75394E-6 5.69987E-6 5.51552E-6 5.05833E-6 5.17591E-6
-9999 -9999 1.62307E-5 3.85346E-5 6.09716E-5 4.55832E-5 2.35256E-5 1.49796E-5 2.65191E-5 2.89322E-5 2.73052E-5 4.51584E-5 1.64561E-5 1.39338E-5 1.68984E-5 7.92266E-6 8.53111E-6 8.11355E-6 1.05878E-5 1.27528E-5 1.73644E-5 9.89304E-6 8.61912E-6 1.55374E-5 2.95117E-5 1.45956E-5 1.07025E-5 3.92577E-5 2.49658E-5 2.61354E-5 1.22406E-5 7.58507E-6 1.70409E-5 9.17684E-6 1.06801E-5 1.21113E-5 1.67893E-5 1.2284E-5 1.95782E-5 2.04352E-5 1.06822E-5 1.12235E-5 1.25249E-5 1.30908E-5 9.83407E-6 7.53907E-6 7.06977E-6 6.95739E-6 6.8694E-6 8.57379E-6 7.32871E-6 7.77946E-6 7.61556E-6 7.56592E-6 7.36347E-6 6.63566E-6 7.2685E-6 5.9236E-6 5.83535E-6 5.6781E-6 5.46419E-6
-9999 -9999 1.93817E-5 2.60184E-5 4.84147E-5 2.97295E-5 2.1399E-5 2.58954E-5 3.88951E-5 3.14496E-5 3.57047E-5 2.45188E-5 1.34643E-5 9.71575E-6 1.10232E-5 1.32433E-5 1.24921E-5 1.31696E-5 1.10495E-5 1.71516E-5 2.09992E-5 1.39153E-5 8.34884E-6 1.16673E-5 2.14007E-5 2.99313E-5 1.72233E-5 3.6772E-5 4.32669E-5 2.55203E-5 1.84265E-5 1.01996E-5 1.02014E-5 6.5425E-6 6.76463E-6 1.27492E-5 2.35071E-5 1.62465E-5 2.2006E-5 2.19185E-5 1.41183E-5 1.28332E-5 1.09375E-5 9.79325E-6 8.53567E-6 7.4932E-6 5.96388E-6 7.33821E-6 8.92153E-6 1.00636E-5 8.02682E-6 7.78542E-6 8.00296E-6 8.21292E-6 7.51689E-6 7.11934E-6 6.80186E-6 6.57191E-6 6.56464E-6 6.24422E-6 5.65904E-6
-9999 -9999 1.73399E-5 1.63274E-5 3.44634E-5 2.43831E-5 1.91344E-5 3.69142E-5 4.78172E-5 3.23218E-5 2.44559E-5 1.09104E-5 1.77517E-5 1.4108E-5 1.51489E-5 1.39718E-5 1.65651E-5 1.61312E-5 1.45027E-5 1.13038E-5 2.23439E-5 1.65543E-5 9.81299E-6 1.32359E-5 1.16883E-5 1.07751E-5 1.07001E-5 1.07191E-5 2.54661E-5 2.76905E-5 1.48345E-5 9.79621E-6 6.85729E-6 7.67169E-6 1.02652E-5 1.15675E-5 2.3256E-5 2.25956E-5 2.17201E-5 1.83085E-5 1.73928E-5 1.12656E-5 1.08379E-5 1.01908E-5 8.7945E-6 7.83878E-6 6.49136E-6 8.43687E-6 8.26327E-6 1.00475E-5 8.49336E-6 8.44379E-6 8.53759E-6 8.19559E-6 7.66236E-6 7.297E-6 7.1333E-6 6.84674E-6 7.3199E-6 6.68923E-6 6.2469E-6
-9999 -9999 -9999 1.56727E-5 6.85941E-5 5.79061E-5 3.77112E-5 2.22898E-5 2.18668E-5 2.65471E-5 1.56564E-5 1.36802E-5 2.06875E-5 1.71726E-5 1.30834E-5 1.24313E-5 1.60914E-5 1.43901E-5 1.73577E-5 1.1366E-5 1.8472E-5 3.39997E-5 1.12341E-5 1.51525E-5 2.01325E-5 1.24544E-5 2.20981E-5 1.21923E-5 1.2846E-5 1.54664E-5 1.8645E-5 1.35103E-5 6.10039E-6 1.09804E-5 1.21915E-5 1.20348E-5 1.93165E-5 2.45829E-5 1.39472E-5 1.60287E-5 1.46126E-5 1.34409E-5 1.30579E-5 1.19466E-5 9.09799E-6 8.37109E-6 7.64183E-6 7.86252E-6 9.21812E-6 9.30533E-6 9.5471E-6 9.36316E-6 9.44815E-6 9.01141E-6 8.50395E-6 8.34214E-6 7.37369E-6 7.08851E-6 6.90332E-6 6.99704E-6 6.77088E-6
-9999 -9999 -9999 1.07653E-5 1.24778E-4 4.74578E-5 4.01269E-5 1.78959E-5 2.71332E-5 2.6101E-5 1.83141E-5 1.85238E-5 1.58638E-5 1.56379E-5 2.04605E-5 1.68576E-5 1.15307E-5 2.3106E-5 1.54844E-5 1.21702E-5 1.13466E-5 1.56852E-5 1.20356E-5 1.02629E-5 1.43958E-5 1.6732E-5 1.50389E-5 7.87615E-6 4.29335E-6 1.00031E-5 1.80747E-5 9.49523E-6 7.51389E-6 1.25978E-5 1.24803E-5 1.25907E-5 2.25932E-5 2.29741E-5 1.49359E-5 2.22467E-5 1.83322E-5 1.79297E-5 1.93524E-5 1.37804E-5 1.15374E-5 9.72144E-6 9.71841E-6 9.51131E-6 9.49884E-6 8.82981E-6 1.07379E-5 9.35617E-6 1.00667E-5 9.40093E-6 8.78259E-6 8.42466E-6 8.103E-6 7.57787E-6 7.38867E-6 7.20718E-6 6.93791E-6
-9999 -9999 -9999 4.29591E-6 9.24578E-5 2.35583E-5 2.60841E-5 3.90013E-5 1.5782E-5 4.05669E-5 2.4497E-5 1.91373E-5 2.04767E-5 2.27268E-5 1.51413E-5 1.61811E-5 9.79886E-6 1.89686E-5 1.11437E-5 1.6873E-5 2.03316E-5 1.32974E-5 2.00597E-5 1.36346E-5 1.6006E-5 1.86063E-5 1.62234E-5 1.31859E-5 8.32685E-6 8.54892E-6 2.28571E-5 1.34491E-5 1.18885E-5 1.35223E-5 1.23782E-5 1.33669E-5 1.4734E-5 1.49562E-5 1.99172E-5 2.31006E-5 1.71277E-5 1.4267E-5 1.5506E-5 1.58364E-5 1.06221E-5 1.1161E-5 1.09057E-5 1.06236E-5 1.05521E-5 9.76249E-6 1.12698E-5 1.14501E-5 1.03096E-5 1.00293E-5 9.74972E-6 9.10531E-6 8.15896E-6 7.81949E-6 7.80224E-6 7.64034E-6 7.69232E-6
-9999 -9999 -9999 -9999 2.4846E-5 1.80381E-5 1.15056E-5 1.02001E-5 1.7722E-5 5.16039E-5 2.55469E-5 1.89549E-5 2.80776E-5 1.70444E-5 1.57836E-5 3.19231E-5 3.6799E-5 1.66225E-5 1.54852E-5 1.64139E-5 1.49192E-5 1.35942E-5 1.40993E-5 1.09469E-5 1.53633E-5 2.08826E-5 1.82565E-5 1.68603E-5 1.30523E-5 1.20809E-5 9.54368E-6 1.05928E-5 1.81273E-5 1.59724E-5 1.48196E-5 1.4534E-5 1.42715E-5 1.67091E-5 2.5414E-5 2.21897E-5 1.84653E-5 1.52812E-5 1.30246E-5 1.24339E-5 1.22402E-5 1.2548E-5 1.34566E-5 1.31786E-5 1.59418E-5 1.16527E-5 1.19861E-5 1.10243E-5 1.09449E-5 1.19575E-5 1.4814E-5 9.40203E-6 9.79552E-6 7.79012E-6 7.85766E-6 7.89882E-6 7.79613E-6
-9999 -9999 -9999 -9999 2.65266E-6 9.40612E-6 1.38287E-5 1.43681E-5 8.07678E-6 4.8119E-5 3.54488E-5 1.2778E-5 1.66641E-5 2.48162E-5 2.15315E-5 2.06052E-5 2.32745E-5 2.28572E-5 1.59201E-5 2.11894E-5 1.8398E-5 2.01665E-5 1.4491E-5 1.24672E-5 1.21591E-5 1.42601E-5 3.24993E-5 2.2941E-5 2.5846E-5 2.75108E-5 1.1193E-5 1.26524E-5 1.90364E-5 1.70208E-5 1.67044E-5 1.50091E-5 1.48713E-5 1.55239E-5 2.0008E-5 1.99398E-5 2.5034E-5 2.14262E-5 1.38642E-5 1.32433E-5 1.37863E-5 1.51695E-5 1.64564E-5 1.79825E-5 1.76088E-5 1.44719E-5 1.26287E-5 1.1513E-5 1.09793E-5 1.13134E-5 1.07278E-5 6.78593E-6 6.82666E-6 8.43748E-6 9.17207E-6 9.15103E-6 8.56899E-6
-9999 -9999 -9999 -9999 4.21429E-6 4.608E-6 5.60828E-6 1.34287E-5 2.49665E-5 4.14946E-5 2.88936E-5 5.27343E-6 1.27352E-5 2.13632E-5 2.49347E-5 2.17602E-5 3.56436E-5 3.31894E-5 1.37239E-5 1.83958E-5 2.11317E-5 1.58912E-5 1.74549E-5 1.77771E-5 2.50828E-5 2.37442E-5 2.70933E-5 1.35875E-5 2.18812E-5 1.8696E-5 1.74289E-5 2.20318E-5 1.86498E-5 1.64513E-5 1.68783E-5 1.60508E-5 1.55578E-5 1.55718E-5 2.16761E-5 2.56938E-5 1.69989E-5 1.68241E-5 1.45638E-5 1.51278E-5 1.53267E-5 1.98729E-5 2.2503E-5 2.43629E-5 -9999 1.5664E-5 1.41141E-5 1.23941E-5 1.4435E-5 1.05989E-5 1.56247E-5 8.90894E-6 1.10514E-5 1.15559E-5 1.0917E-5 8.72331E-6 8.89825E-6
-9999 -9999 -9999 -9999 3.59339E-6 5.08626E-6 3.72167E-6 2.4199E-6 1.36332E-5 2.59457E-5 2.49506E-5 9.17865E-6 9.24201E-6 1.29426E-5 2.93695E-5 4.10833E-5 3.66507E-5 1.92147E-5 1.62505E-5 1.80599E-5 2.84439E-5 2.35151E-5 2.13822E-5 4.00289E-5 2.47595E-5 2.17171E-5 2.82244E-5 1.61214E-5 1.64053E-5 1.48887E-5 1.73791E-5 2.24211E-5 1.93228E-5 2.02418E-5 1.95068E-5 1.75888E-5 1.67616E-5 1.70108E-5 1.65464E-5 1.94441E-5 2.56753E-5 1.67815E-5 1.68627E-5 1.64509E-5 1.7956E-5 2.03274E-5 -9999 -9999 -9999 -9999 2.05325E-5 1.51976E-5 1.34811E-5 1.16767E-5 1.31268E-5 1.23914E-5 1.11635E-5 9.47117E-6 9.13439E-6 9.01401E-6 8.92575E-6
-9999 -9999 -9999 -9999 2.24244E-6 3.59806E-6 3.93066E-6 3.27342E-6 6.74205E-6 2.3208E-5 2.53036E-5 3.06802E-5 1.20574E-5 2.89421E-5 3.19534E-5 3.20715E-5 2.30439E-5 1.52008E-5 1.18363E-5 1.68476E-5 1.60461E-5 1.82116E-5 1.89687E-5 2.13824E-5 1.39691E-5 1.9611E-5 3.04483E-5 1.3762E-5 2.09106E-5 1.87352E-5 1.98766E-5 1.95179E-5 2.01898E-5 2.19586E-5 1.96969E-5 2.41927E-5 1.83494E-5 1.74133E-5 1.78656E-5 1.82623E-5 1.89779E-5 1.69212E-5 1.80323E-5 2.04116E-5 2.36551E-5 -9999 -9999 -9999 -9999 2.81724E-5 2.44864E-5 1.85398E-5 1.41994E-5 1.28779E-5 1.40747E-5 1.27046E-5 1.1033E-5 8.95061E-6 8.93705E-6 8.86161E-6 8.76046E-6
-9999 -9999 -9999 -9999 3.60095E-6 3.56513E-6 5.75315E-6 2.24751E-6 6.43516E-6 2.1421E-5 5.56943E-5 4.04027E-5 1.21839E-5 4.0525E-5 3.93779E-5 3.44526E-5 2.34442E-5 2.43535E-5 1.20936E-5 1.43178E-5 1.35698E-5 1.8693E-5 1.76742E-5 1.38334E-5 1.08204E-5 1.36176E-5 2.17665E-5 2.04567E-5 2.55588E-5 3.01177E-5 2.66451E-5 2.00747E-5 2.14096E-5 2.02894E-5 2.02568E-5 2.13663E-5 2.32042E-5 2.02155E-5 1.96617E-5 2.03458E-5 1.94725E-5 1.99996E-5 2.41367E-5 3.30993E-5 3.16456E-5 -9999 -9999 -9999 3.18268E-5 2.44004E-5 2.95683E-5 2.22741E-5 1.71411E-5 1.99714E-5 1.33457E-5 1.5202E-5 1.08167E-5 1.04729E-5 1.05757E-5 1.3037E-5 1.05658E-5
-9999 -9999 -9999 6.33734E-6 5.24965E-6 7.85457E-6 2.17209E-6 3.22995E-6 4.09817E-6 2.05982E-5 1.00469E-4 3.43574E-5 1.65178E-5 1.74201E-5 2.4553E-5 2.04142E-5 2.91376E-5 2.77703E-5 2.41647E-5 1.30111E-5 1.16916E-5 1.43973E-5 1.39427E-5 1.25208E-5 1.81544E-5 1.05027E-5 1.2471E-5 2.30914E-5 2.40451E-5 3.36222E-5 3.86885E-5 3.07276E-5 2.27997E-5 2.27661E-5 2.2114E-5 2.12257E-5 2.11088E-5 2.09552E-5 1.9203E-5 2.05736E-5 2.2804E-5 2.17543E-5 2.2657E-5 3.06346E-5 5.45425E-5 3.98155E-5 2.78965E-5 2.75123E-5 2.5205E-5 2.24659E-5 2.59846E-5 2.50539E-5 1.86386E-5 1.74764E-5 1.75534E-5 1.75564E-5 1.1368E-5 1.03627E-5 1.2592E-5 1.21923E-5 1.08567E-5
-9999 -9999 -9999 -9999 3.60458E-6 1.18905E-5 4.29976E-6 -9999 4.99464E-6 2.75669E-5 8.57169E-5 3.23663E-5 1.93864E-5 1.71953E-5 2.0696E-5 2.53718E-5 3.82768E-5 3.11575E-5 2.75178E-5 2.17397E-5 1.21994E-5 2.00707E-5 1.19856E-5 2.60067E-5 3.173E-5 1.84232E-5 1.1219E-5 2.72155E-5 2.48389E-5 2.8575E-5 3.21237E-5 3.58485E-5 3.04567E-5 2.55867E-5 2.66141E-5 2.55534E-5 2.91932E-5 2.83486E-5 2.41359E-5 2.27615E-5 2.0699E-5 1.9796E-5 2.28669E-5 3.0639E-5 4.16063E-5 3.14291E-5 2.6914E-5 2.45377E-5 2.59823E-5 2.31905E-5 2.56543E-5 2.74129E-5 2.01598E-5 1.72549E-5 1.80315E-5 1.94828E-5 1.18518E-5 1.12516E-5 1.33618E-5 1.25772E-5 1.10625E-5
-9999 -9999 -9999 -9999 2.5939E-6 2.42675E-6 3.67341E-6 7.92497E-6 5.66536E-6 4.71021E-5 7.08088E-5 2.15749E-5 3.564E-5 2.80125E-5 2.58242E-5 2.888E-5 1.88784E-5 3.55252E-5 2.76381E-5 2.00896E-5 1.79305E-5 1.35125E-5 1.4449E-5 3.99679E-5 1.87821E-5 1.60684E-5 1.42606E-5 2.01799E-5 1.95223E-5 2.73966E-5 3.4905E-5 4.3696E-5 3.94763E-5 3.50812E-5 3.30979E-5 2.74379E-5 2.92945E-5 3.67242E-5 2.67991E-5 2.73455E-5 2.66664E-5 2.44661E-5 2.5999E-5 3.01779E-5 2.88323E-5 2.80165E-5 3.258E-5 3.80696E-5 2.73583E-5 2.50055E-5 2.70966E-5 2.19721E-5 1.81187E-5 1.60953E-5 1.58599E-5 1.47708E-5 1.32892E-5 1.1299E-5 1.36899E-5 1.31128E-5 1.13558E-5
-9999 -9999 -9999 -9999 3.73641E-6 3.52118E-6 4.7166E-6 4.21919E-6 5.18615E-6 3.06314E-5 4.56677E-5 1.57615E-5 3.25961E-5 3.60623E-5 2.67667E-5 2.971E-5 2.68077E-5 4.31269E-5 3.30377E-5 2.29183E-5 1.80759E-5 1.90057E-5 1.01519E-5 2.28821E-5 5.22588E-5 3.31686E-5 1.72165E-5 2.52689E-5 3.02691E-5 3.5964E-5 3.36828E-5 3.7064E-5 5.0196E-5 4.44518E-5 4.17765E-5 3.02661E-5 2.91501E-5 2.92716E-5 3.43919E-5 3.21533E-5 2.877E-5 2.9116E-5 3.55613E-5 2.98054E-5 2.71448E-5 2.70153E-5 4.03814E-5 4.00688E-5 2.6087E-5 2.81871E-5 2.4743E-5 2.22132E-5 1.84423E-5 1.71656E-5 1.60429E-5 1.52347E-5 1.33836E-5 1.52685E-5 1.50722E-5 1.3053E-5 1.1925E-5
-9999 -9999 -9999 -9999 -9999 3.82785E-6 5.83799E-6 6.63697E-6 3.0145E-6 6.86306E-6 1.57296E-5 2.70676E-5 3.4857E-5 2.6745E-5 4.56371E-5 3.24383E-5 5.40733E-5 3.36823E-5 4.35273E-5 2.84164E-5 2.32566E-5 2.97509E-5 1.77147E-5 2.73369E-5 4.16352E-5 6.68814E-5 2.67898E-5 1.82868E-5 2.22688E-5 3.71394E-5 3.89009E-5 4.73272E-5 4.65296E-5 4.64214E-5 3.82518E-5 3.44969E-5 3.28165E-5 3.4678E-5 3.13956E-5 3.3476E-5 3.26016E-5 3.04223E-5 3.52318E-5 2.85716E-5 2.68199E-5 2.48477E-5 4.68917E-5 2.86228E-5 3.08826E-5 2.59974E-5 2.3342E-5 2.35575E-5 1.95572E-5 1.92875E-5 1.7401E-5 1.73837E-5 1.78138E-5 1.18276E-5 1.39275E-5 1.54896E-5 1.25057E-5
-9999 -9999 -9999 -9999 -9999 1.20683E-5 2.09892E-6 6.42714E-6 4E-6 7.31449E-6 1.2455E-5 1.10608E-5 1.12346E-5 1.65587E-5 3.43313E-5 3.47895E-5 5.40899E-5 4.77409E-5 4.92706E-5 3.98174E-5 3.5462E-5 1.18865E-5 2.20284E-5 1.93108E-5 4.67063E-5 5.88506E-5 2.38261E-5 2.34154E-5 2.6355E-5 4.20583E-5 3.6923E-5 4.42034E-5 4.32803E-5 3.65771E-5 3.48913E-5 3.40167E-5 3.93355E-5 4.24111E-5 3.62736E-5 3.61124E-5 3.89698E-5 3.46578E-5 3.04094E-5 3.44952E-5 4.46911E-5 3.43632E-5 2.95136E-5 3.64316E-5 3.58362E-5 3.62484E-5 2.75843E-5 2.50598E-5 3.0875E-5 2.11854E-5 1.87116E-5 2.84527E-5 1.66177E-5 1.32861E-5 1.40553E-5 1.46675E-5 1.40476E-5
-9999 -9999 -9999 -9999 -9999 1.02736E-5 7.48178E-6 1.46202E-6 2.73293E-6 2.4352E-6 8.44062E-6 1.77849E-5 1.38339E-5 1.91215E-5 2.54747E-5 2.5944E-5 2.95134E-5 3.56441E-5 4.05128E-5 5.00579E-5 1.89595E-5 1.98286E-5 1.76695E-5 1.51353E-5 2.51526E-5 4.54839E-5 1.70477E-5 3.73504E-5 4.1107E-5 2.97372E-5 3.90428E-5 3.83838E-5 4.22177E-5 3.89791E-5 4.13184E-5 4.0975E-5 3.87537E-5 4.79531E-5 4.33844E-5 4.17833E-5 4.21106E-5 3.98187E-5 4.28787E-5 4.23129E-5 4.20407E-5 5.25864E-5 3.28367E-5 3.21597E-5 3.0439E-5 3.03437E-5 2.95498E-5 3.15151E-5 3.72454E-5 2.39399E-5 2.32161E-5 1.74475E-5 1.5349E-5 1.43798E-5 1.36934E-5 1.32791E-5 1.20578E-5
-9999 -9999 -9999 -9999 -9999 8.26033E-6 2.31324E-6 4.24711E-6 4.87578E-6 2.99576E-6 5.14035E-6 7.03726E-6 3.0616E-5 2.31894E-5 2.34766E-5 1.65236E-5 1.77337E-5 1.49295E-5 3.0941E-5 3.6537E-5 2.72033E-5 3.41127E-5 2.79729E-5 1.27424E-5 1.54982E-5 5.53154E-5 2.26891E-5 2.32652E-5 4.13619E-5 2.52512E-5 3.78511E-5 4.36038E-5 4.88051E-5 4.91393E-5 4.63985E-5 4.3867E-5 4.83681E-5 4.08962E-5 4.35656E-5 4.76741E-5 7.78727E-5 5.53101E-5 4.36885E-5 3.93348E-5 3.75329E-5 3.5032E-5 3.27862E-5 3.36528E-5 3.37811E-5 3.74453E-5 3.64129E-5 2.88241E-5 3.49989E-5 3.79862E-5 2.5574E-5 -9999 2.16603E-5 1.78905E-5 1.62468E-5 1.49926E-5 1.40382E-5
