Candidate_Models_Sept202022/M_6_F_lqp_Set_1_cal/Bison.asc
ncols         97
nrows         127
xllcorner     -2197417.7431653
yllcorner     -584827.01486885
cellsize      30000.0
NODATA_value  -9999
[rows 27 to 53 of 127, columns 0 to 60 of 97]
-9999 -9999 2.39987E-1 2.45235E-1 1.88717E-1 9.10919E-2 4.13369E-2 7.01094E-2 2.0851E-1 6.61543E-2 9.46936E-2 1.02167E-1 5.65491E-2 4.43452E-2 4.25578E-2 5.36923E-2 3.3311E-2 4.49097E-2 5.94939E-2 4.42958E-2 2.88321E-2 4.30459E-2 5.12727E-2 6.40608E-2 8.96138E-2 6.45831E-2 8.09255E-2 7.84151E-2 9.31395E-2 8.27608E-2 6.29993E-2 4.36543E-2 5.46792E-2 4.40119E-2 3.96249E-2 4.12014E-2 7.18296E-2 4.84483E-2 5.83764E-2 4.98803E-2 5.29779E-2 8.50497E-2 6.14188E-2 9.77966E-2 6.76481E-2 5.19149E-2 3.80326E-2 4.04499E-2 3.6641E-2 3.63196E-2 3.77408E-2 4.10984E-2 3.78038E-2 3.73392E-2 3.10017E-2 2.68451E-2 2.65352E-2 2.48296E-2 2.59922E-2 2.60497E-2 3.56049E-2
-9999 3.12607E-1 2.08502E-1 2.36328E-1 1.86025E-1 1.49984E-1 6.24964E-2 7.16494E-2 7.64768E-2 6.07359E-2 8.39322E-2 7.41799E-2 4.19758E-2 4.50266E-2 6.40774E-2 4.36621E-2 7.01412E-2 6.04127E-2 5.48468E-2 6.22439E-2 1.44966E-1 7.02694E-2 3.60304E-2 5.47372E-2 8.27083E-2 7.24234E-2 7.0053E-2 6.58831E-2 6.5831E-2 7.2795E-2 6.25749E-2 3.33542E-2 7.10317E-2 4.32629E-2 4.39507E-2 5.55044E-2 7.3788E-2 7.35346E-2 5.86157E-2 4.88848E-2 5.23817E-2 5.37687E-2 4.91114E-2 4.8762E-2 5.1116E-2 4.46492E-2 4.05319E-2 4.01615E-2 3.74334E-2 3.65107E-2 3.5905E-2 4.78362E-2 3.60055E-2 3.47367E-2 3.13575E-2 2.78246E-2 2.65149E-2 2.52498E-2 2.62989E-2 2.79487E-2 2.53907E-2
-9999 2.79135E-1 2.94604E-1 2.97666E-1 2.92229E-1 1.65103E-1 8.99632E-2 8.22629E-2 1.35122E-1 9.86863E-2 9.50922E-2 9.51946E-2 4.97936E-2 5.08278E-2 5.12178E-2 5.46777E-2 3.2985E-2 5.49145E-2 1.04043E-1 1.29524E-1 3.93341E-2 2.99974E-2 4.47636E-2 4.26993E-2 9.41048E-2 9.15593E-2 9.11372E-2 7.85054E-2 7.81799E-2 9.3082E-2 5.65803E-2 3.03048E-2 3.91864E-2 4.69107E-2 4.33286E-2 4.63846E-2 7.31933E-2 7.89395E-2 7.24965E-2 5.30837E-2 6.31679E-2 5.60821E-2 6.80094E-2 4.67671E-2 4.31846E-2 3.997E-2 4.10467E-2 3.88208E-2 3.75597E-2 3.43564E-2 3.16623E-2 3.45659E-2 3.38787E-2 3.4545E-2 3.05411E-2 2.91817E-2 2.75482E-2 2.65545E-2 2.57631E-2 2.72216E-2 2.60913E-2
2.32169E-1 3.05021E-1 2.62733E-1 2.62628E-1 2.5814E-1 2.17612E-1 1.61499E-1 8.59519E-2 1.20354E-1 8.80008E-2 1.10905E-1 9.67485E-2 6.21235E-2 7.37128E-2 5.71447E-2 4.25774E-2 5.4402E-2 6.44921E-2 6.30754E-2 5.84976E-2 6.09443E-2 3.46078E-2 4.2198E-2 8.33083E-2 9.03821E-2 6.99546E-2 6.90394E-2 7.09189E-2 8.84737E-2 7.62529E-2 6.15635E-2 6.13539E-2 2.95996E-2 5.25989E-2 6.17564E-2 5.68824E-2 7.8772E-2 7.044E-2 6.73923E-2 5.36193E-2 5.26759E-2 4.60189E-2 6.4514E-2 5.68805E-2 4.3482E-2 3.71093E-2 3.6342E-2 3.65885E-2 3.78008E-2 3.63984E-2 3.38805E-2 3.62506E-2 3.61422E-2 3.64308E-2 3.34634E-2 3.17463E-2 2.8582E-2 2.73502E-2 2.65609E-2 2.75766E-2 2.74435E-2
1.10191E-1 1.95545E-1 2.66629E-1 2.97895E-1 2.59843E-1 2.55334E-1 1.29978E-1 1.00641E-1 8.59121E-2 9.49433E-2 1.23612E-1 8.08203E-2 7.5659E-2 8.95341E-2 5.75258E-2 8.16146E-2 4.83914E-2 5.59482E-2 5.85003E-2 5.48589E-2 5.67685E-2 7.00634E-2 3.90503E-2 6.06844E-2 7.19368E-2 9.12839E-2 7.89838E-2 1.00089E-1 9.5726E-2 8.80035E-2 4.70821E-2 2.91039E-2 5.31369E-2 4.93611E-2 3.72186E-2 6.88717E-2 5.35973E-2 6.42933E-2 6.06429E-2 5.74144E-2 5.34772E-2 5.34968E-2 5.37681E-2 5.19413E-2 4.26692E-2 3.6506E-2 3.35142E-2 3.571E-2 3.60803E-2 3.53637E-2 3.44218E-2 3.6734E-2 3.63793E-2 3.68541E-2 3.48784E-2 3.23977E-2 3.00543E-2 2.95823E-2 2.78195E-2 2.84035E-2 2.74632E-2
8.18866E-2 1.37722E-1 2.38903E-1 3.86286E-1 2.90061E-1 2.81732E-1 1.60951E-1 8.1476E-2 7.37819E-2 8.81051E-2 9.19961E-2 8.73184E-2 8.4018E-2 5.43805E-2 4.16694E-2 4.43198E-2 7.95675E-2 2.84755E-2 4.23262E-2 5.19159E-2 6.12211E-2 5.1383E-2 4.04668E-2 6.98827E-2 8.27555E-2 7.1042E-2 7.60564E-2 1.28391E-1 7.91044E-2 5.10019E-2 5.10788E-2 4.90548E-2 7.23918E-2 6.58233E-2 2.82398E-2 3.95837E-2 8.00712E-2 5.8025E-2 5.16515E-2 6.38654E-2 4.53101E-2 6.73606E-2 5.294E-2 7.28564E-2 5.9217E-2 3.82694E-2 3.50763E-2 3.1677E-2 3.8699E-2 3.58176E-2 3.60391E-2 3.56903E-2 3.67426E-2 3.6463E-2 3.56172E-2 3.15448E-2 3.132E-2 3.07966E-2 3.06642E-2 2.86825E-2 2.80096E-2
-9999 1.0623E-1 1.2758E-1 1.8869E-1 2.58543E-1 2.32316E-1 1.58871E-1 8.3517E-2 6.85944E-2 5.088E-2 8.52242E-2 8.91466E-2 6.81567E-2 5.97595E-2 6.05941E-2 3.19416E-2 4.41058E-2 3.77606E-2 3.65812E-2 4.75898E-2 6.16021E-2 7.46585E-2 3.8099E-2 5.45899E-2 5.30745E-2 8.90338E-2 7.59166E-2 1.36477E-1 1.06789E-1 9.36972E-2 7.04553E-2 3.76821E-2 6.28183E-2 5.17572E-2 2.8869E-2 6.15588E-2 6.92547E-2 5.86951E-2 5.47598E-2 7.56858E-2 5.26475E-2 4.49076E-2 5.71686E-2 5.57793E-2 5.66191E-2 3.49249E-2 3.7186E-2 3.5193E-2 3.38077E-2 3.6441E-2 3.77326E-2 3.64887E-2 3.69496E-2 3.84293E-2 3.60714E-2 3.48786E-2 3.68271E-2 3.17852E-2 3.09417E-2 2.8733E-2 2.94059E-2
-9999 -9999 6.71376E-2 1.35322E-1 1.86028E-1 1.53551E-1 9.09809E-2 5.71608E-2 9.19914E-2 9.79856E-2 9.46339E-2 1.29268E-1 5.92064E-2 5.28122E-2 6.64921E-2 3.37321E-2 3.80951E-2 3.78151E-2 4.61234E-2 5.14705E-2 6.57962E-2 4.2051E-2 3.76163E-2 6.44289E-2 1.09332E-1 6.38516E-2 4.73383E-2 1.47201E-1 9.928E-2 1.04681E-1 5.43457E-2 3.50113E-2 7.12696E-2 4.31872E-2 5.02221E-2 5.35862E-2 6.97873E-2 5.34533E-2 7.49517E-2 8.33079E-2 4.89508E-2 5.16111E-2 5.75173E-2 5.77863E-2 4.53621E-2 3.6115E-2 3.46313E-2 3.4552E-2 3.40651E-2 4.17194E-2 3.6488E-2 3.8864E-2 3.86861E-2 3.87939E-2 3.82606E-2 3.53112E-2 3.89628E-2 3.25986E-2 3.22075E-2 3.15359E-2 3.05857E-2
-9999 -9999 7.80871E-2 1.01942E-1 1.66035E-1 1.10803E-1 8.61779E-2 9.22792E-2 1.31626E-1 1.08998E-1 1.18095E-1 8.04938E-2 4.94653E-2 3.83665E-2 4.57773E-2 5.13348E-2 5.08525E-2 5.45739E-2 4.84927E-2 6.95573E-2 7.84705E-2 5.59743E-2 3.55157E-2 5.18076E-2 8.27003E-2 1.16402E-1 7.16475E-2 1.36298E-1 1.55109E-1 9.94017E-2 7.77238E-2 4.58837E-2 4.5805E-2 3.09361E-2 3.13297E-2 5.55703E-2 8.58206E-2 6.58422E-2 8.44963E-2 8.36314E-2 5.95098E-2 5.6888E-2 4.86102E-2 4.46127E-2 3.99756E-2 3.58204E-2 2.98829E-2 3.62964E-2 4.28121E-2 4.86999E-2 3.92176E-2 3.85432E-2 4.00571E-2 4.13554E-2 3.86594E-2 3.72767E-2 3.60698E-2 3.52501E-2 3.52988E-2 3.39508E-2 3.14376E-2
-9999 -9999 6.97719E-2 7.0378E-2 1.37288E-1 9.92504E-2 8.07676E-2 1.25845E-1 1.56875E-1 1.15395E-1 8.98909E-2 4.17842E-2 6.27726E-2 5.31237E-2 5.81579E-2 5.36119E-2 6.21242E-2 6.26809E-2 5.78017E-2 4.96704E-2 8.435E-2 6.48445E-2 4.09668E-2 5.50758E-2 4.93364E-2 4.87124E-2 4.64989E-2 4.75277E-2 1.00694E-1 1.07305E-1 6.3216E-2 4.33449E-2 3.19167E-2 3.47546E-2 4.47901E-2 5.03965E-2 8.09872E-2 8.10044E-2 7.84198E-2 6.77992E-2 6.68567E-2 4.94987E-2 4.81517E-2 4.6122E-2 4.07924E-2 3.71135E-2 3.2038E-2 4.08355E-2 3.97779E-2 4.73573E-2 4.09251E-2 4.12056E-2 4.21474E-2 4.10006E-2 3.90579E-2 3.78584E-2 3.72688E-2 3.62041E-2 3.84929E-2 3.57924E-2 3.39251E-2
-9999 -9999 -9999 6.67118E-2 2.16293E-1 1.88359E-1 1.36264E-1 7.98241E-2 8.07082E-2 1.01847E-1 6.27295E-2 5.21577E-2 7.32005E-2 6.43698E-2 5.08738E-2 4.85345E-2 6.11799E-2 5.57032E-2 6.5533E-2 4.73113E-2 7.30518E-2 1.33506E-1 4.6397E-2 6.09001E-2 7.93049E-2 5.27007E-2 8.73735E-2 5.14364E-2 5.34182E-2 6.38149E-2 7.49359E-2 5.75434E-2 2.83517E-2 4.63345E-2 5.17436E-2 5.14712E-2 7.30814E-2 8.3606E-2 5.66817E-2 6.25974E-2 5.85968E-2 5.64955E-2 5.64023E-2 5.29171E-2 4.18671E-2 3.9119E-2 3.65664E-2 3.73658E-2 4.33016E-2 4.38499E-2 4.51317E-2 4.48143E-2 4.56326E-2 4.42389E-2 4.24461E-2 4.23072E-2 3.80406E-2 3.7002E-2 3.63339E-2 3.69846E-2 3.6077E-2
-9999 -9999 -9999 5.12261E-2 3.48881E-1 1.66164E-1 1.30514E-1 5.58167E-2 9.11297E-2 8.50903E-2 7.21423E-2 6.7426E-2 5.73081E-2 5.90177E-2 7.18144E-2 6.32569E-2 4.68424E-2 8.42204E-2 5.994E-2 4.82985E-2 4.75267E-2 6.47349E-2 5.00707E-2 4.32537E-2 5.83263E-2 6.58989E-2 5.93157E-2 3.40223E-2 1.98941E-2 4.3122E-2 7.216E-2 4.10592E-2 3.3728E-2 5.20608E-2 5.18573E-2 5.25459E-2 8.24665E-2 8.86559E-2 6.41552E-2 8.25424E-2 6.8101E-2 6.82301E-2 7.38866E-2 5.77275E-2 5.1953E-2 4.45399E-2 4.46759E-2 4.37683E-2 4.41054E-2 4.13623E-2 4.91302E-2 4.40972E-2 4.77448E-2 4.54918E-2 4.33921E-2 4.2069E-2 4.10233E-2 3.90425E-2 3.82296E-2 3.76884E-2 3.66953E-2
-9999 -9999 -9999 2.31018E-2 2.9652E-1 9.13418E-2 1.01864E-1 1.30887E-1 5.0926E-2 1.33079E-1 9.48737E-2 7.17223E-2 7.31114E-2 8.07168E-2 5.60296E-2 6.05672E-2 4.09531E-2 7.16726E-2 4.44361E-2 6.3637E-2 7.92565E-2 5.4752E-2 7.84502E-2 5.37873E-2 6.14992E-2 7.0459E-2 6.25357E-2 5.29202E-2 3.54595E-2 3.74861E-2 8.85533E-2 5.54453E-2 5.11098E-2 5.53388E-2 5.18867E-2 5.50858E-2 6.14471E-2 6.31693E-2 8.29014E-2 8.8061E-2 6.95386E-2 5.85111E-2 6.36228E-2 6.76682E-2 4.74331E-2 4.94168E-2 4.87051E-2 4.74158E-2 4.76666E-2 4.47397E-2 5.08848E-2 5.20345E-2 4.8105E-2 4.75302E-2 4.69408E-2 4.44638E-2 4.06528E-2 3.94551E-2 3.97096E-2 3.92682E-2 3.97641E-2
-9999 -9999 -9999 -9999 1.07074E-1 8.44398E-2 5.21442E-2 4.34401E-2 6.01654E-2 1.6092E-1 1.04687E-1 7.55732E-2 9.61327E-2 6.34979E-2 5.7789E-2 1.11093E-1 1.27034E-1 6.33745E-2 5.91782E-2 6.19143E-2 5.78065E-2 5.31875E-2 5.50074E-2 4.34288E-2 5.91287E-2 7.89772E-2 6.80055E-2 6.3719E-2 5.1486E-2 4.98835E-2 3.99129E-2 4.50472E-2 7.07731E-2 6.36912E-2 5.97277E-2 5.88365E-2 5.82955E-2 6.71885E-2 9.02849E-2 8.40328E-2 7.47856E-2 6.33425E-2 5.52708E-2 5.35095E-2 5.29949E-2 5.42598E-2 5.76785E-2 5.66385E-2 7.04538E-2 5.13383E-2 5.30584E-2 4.97332E-2 4.99203E-2 5.44439E-2 6.41097E-2 4.50615E-2 4.61361E-2 3.85313E-2 3.93058E-2 4.02179E-2 4.01532E-2
-9999 -9999 -9999 -9999 1.42234E-2 4.4842E-2 6.00505E-2 5.62058E-2 3.45245E-2 1.52741E-1 1.31226E-1 5.42142E-2 6.05279E-2 8.61274E-2 7.46924E-2 7.48441E-2 8.47478E-2 8.36463E-2 5.9473E-2 7.50631E-2 6.92564E-2 7.21753E-2 5.43045E-2 4.78561E-2 4.69658E-2 5.44685E-2 1.13804E-1 8.1958E-2 9.18582E-2 9.97637E-2 4.63274E-2 5.20892E-2 7.22108E-2 6.66897E-2 6.55927E-2 6.03566E-2 5.99937E-2 6.27339E-2 7.8448E-2 8.06464E-2 9.63991E-2 8.48134E-2 5.79387E-2 5.5912E-2 5.8129E-2 6.34098E-2 6.75912E-2 7.33905E-2 7.19868E-2 6.09724E-2 5.45669E-2 5.09948E-2 4.94288E-2 5.12803E-2 4.95376E-2 3.31305E-2 3.36851E-2 4.11656E-2 4.47577E-2 4.51294E-2 4.33006E-2
-9999 -9999 -9999 -9999 2.3531E-2 2.25358E-2 2.39158E-2 5.70424E-2 9.21176E-2 1.36487E-1 1.21984E-1 2.44961E-2 5.14085E-2 7.71893E-2 8.52914E-2 7.86565E-2 1.15943E-1 1.1474E-1 5.31727E-2 6.63975E-2 7.52634E-2 6.09165E-2 6.39343E-2 6.66314E-2 9.15669E-2 8.70525E-2 1.01357E-1 5.13489E-2 7.95348E-2 6.96782E-2 6.62715E-2 8.06013E-2 7.09138E-2 6.45652E-2 6.66376E-2 6.39875E-2 6.23323E-2 6.24055E-2 8.69485E-2 1.04037E-1 6.86684E-2 6.79127E-2 5.99843E-2 6.24267E-2 6.32397E-2 7.95947E-2 8.75777E-2 9.32209E-2 -9999 6.47889E-2 5.95039E-2 5.40375E-2 6.15526E-2 4.78545E-2 6.84728E-2 4.21218E-2 5.12732E-2 5.39898E-2 5.204E-2 4.30429E-2 4.4284E-2
-9999 -9999 -9999 -9999 1.95689E-2 2.54106E-2 1.77228E-2 1.34801E-2 4.51782E-2 7.67021E-2 9.90808E-2 4.30278E-2 3.94052E-2 4.93123E-2 9.71292E-2 1.27982E-1 1.19235E-1 7.46304E-2 6.38789E-2 6.56701E-2 9.83543E-2 8.15797E-2 7.59502E-2 1.40818E-1 8.86557E-2 7.74539E-2 9.54887E-2 5.91809E-2 6.12531E-2 5.70439E-2 6.47471E-2 8.1377E-2 7.3649E-2 7.78068E-2 7.55763E-2 6.93585E-2 6.64326E-2 6.71684E-2 6.55963E-2 7.59901E-2 9.99269E-2 6.7414E-2 6.78043E-2 6.6105E-2 7.14065E-2 7.9315E-2 -9999 -9999 -9999 -9999 8.11903E-2 6.3632E-2 5.77713E-2 5.16458E-2 5.81677E-2 5.59963E-2 5.10181E-2 4.50454E-2 4.43271E-2 4.4118E-2 4.40094E-2
-9999 -9999 -9999 -9999 1.28278E-2 1.67621E-2 1.94927E-2 1.76056E-2 3.87479E-2 7.07297E-2 9.98584E-2 1.20859E-1 5.03618E-2 9.84148E-2 1.05286E-1 1.06738E-1 8.21245E-2 5.97497E-2 4.71291E-2 6.33628E-2 5.92189E-2 6.51338E-2 6.8864E-2 7.6504E-2 5.24984E-2 7.08496E-2 1.05967E-1 5.13397E-2 7.31543E-2 6.69826E-2 7.13929E-2 7.1923E-2 7.58301E-2 8.3006E-2 7.60344E-2 9.16964E-2 7.21827E-2 6.85924E-2 7.00926E-2 7.18106E-2 7.5111E-2 6.70063E-2 7.06909E-2 7.78602E-2 8.91466E-2 -9999 -9999 -9999 -9999 1.0424E-1 9.26555E-2 7.49462E-2 6.03448E-2 5.60119E-2 6.13028E-2 5.66893E-2 5.03286E-2 4.26596E-2 4.31285E-2 4.32177E-2 4.3013E-2
-9999 -9999 -9999 -9999 1.98327E-2 1.68139E-2 2.60032E-2 1.22493E-2 2.86783E-2 8.35381E-2 2.03434E-1 1.51092E-1 5.21625E-2 1.30393E-1 1.26299E-1 1.14275E-1 8.33759E-2 8.77854E-2 4.90713E-2 5.6871E-2 5.22134E-2 6.85588E-2 6.53076E-2 5.29538E-2 4.34105E-2 5.21059E-2 7.86205E-2 7.14052E-2 8.79263E-2 9.93553E-2 9.24048E-2 7.38895E-2 7.941E-2 7.7065E-2 7.7762E-2 8.19718E-2 8.90296E-2 7.78192E-2 7.55873E-2 7.80832E-2 7.52322E-2 7.69173E-2 9.21243E-2 1.17164E-1 1.11878E-1 -9999 -9999 -9999 1.14601E-1 9.2189E-2 1.12197E-1 8.75673E-2 7.11304E-2 8.17327E-2 5.78616E-2 6.55009E-2 4.94506E-2 4.85576E-2 4.92795E-2 6.10022E-2 4.96905E-2
-9999 -9999 -9999 3.29858E-2 2.00985E-2 3.25884E-2 1.14758E-2 1.61727E-2 2.22362E-2 9.41582E-2 2.77942E-1 1.38616E-1 6.77848E-2 6.66981E-2 8.50415E-2 7.48298E-2 9.93978E-2 9.99535E-2 8.94643E-2 5.34721E-2 4.69999E-2 5.47041E-2 5.27342E-2 4.9237E-2 7.01419E-2 4.23289E-2 4.75309E-2 7.9926E-2 8.34715E-2 1.09533E-1 1.29865E-1 1.07517E-1 8.28208E-2 8.40672E-2 8.36943E-2 8.11974E-2 8.03354E-2 8.02283E-2 7.41969E-2 7.81989E-2 8.5277E-2 8.19344E-2 8.53151E-2 1.12192E-1 1.8578E-1 1.38267E-1 1.01544E-1 1.00271E-1 9.40863E-2 8.53038E-2 9.92296E-2 9.76159E-2 7.60114E-2 7.19724E-2 7.35185E-2 7.28649E-2 5.13392E-2 4.79311E-2 5.68949E-2 5.64754E-2 5.10711E-2
-9999 -9999 -9999 -9999 1.74109E-2 4.66412E-2 2.07289E-2 -9999 2.74756E-2 1.20731E-1 2.67022E-1 1.45127E-1 7.67772E-2 6.49842E-2 7.50967E-2 8.81502E-2 1.30347E-1 1.09078E-1 1.00744E-1 8.53011E-2 4.92778E-2 7.51341E-2 4.80708E-2 9.65118E-2 1.12906E-1 6.92792E-2 4.38023E-2 9.24663E-2 8.58762E-2 9.64066E-2 1.06792E-1 1.18274E-1 1.03173E-1 9.03563E-2 9.41049E-2 9.22005E-2 1.05602E-1 1.03045E-1 9.07914E-2 8.61077E-2 8.06145E-2 7.75132E-2 8.49515E-2 1.11093E-1 1.45306E-1 1.13388E-1 9.92255E-2 9.08162E-2 9.65664E-2 8.7167E-2 9.73486E-2 1.018E-1 8.12037E-2 7.06294E-2 7.41871E-2 7.82699E-2 5.26999E-2 5.1092E-2 6.05027E-2 5.7669E-2 5.15897E-2
-9999 -9999 -9999 -9999 1.5011E-2 1.31682E-2 1.73201E-2 3.39974E-2 2.90624E-2 1.71182E-1 2.27672E-1 1.02487E-1 1.41688E-1 1.04803E-1 9.46046E-2 1.00036E-1 7.06253E-2 1.26915E-1 1.01328E-1 7.96341E-2 7.20004E-2 5.43565E-2 5.70369E-2 1.41558E-1 7.24808E-2 6.09829E-2 5.45705E-2 7.25567E-2 6.95068E-2 9.45666E-2 1.166E-1 1.40603E-1 1.25585E-1 1.14973E-1 1.13056E-1 9.7742E-2 1.05142E-1 1.21811E-1 9.83128E-2 1.00219E-1 9.82887E-2 8.97743E-2 9.37516E-2 1.07429E-1 1.02702E-1 1.01501E-1 1.16336E-1 1.30484E-1 9.95326E-2 9.26252E-2 1.00143E-1 8.40381E-2 7.2043E-2 6.55741E-2 6.53763E-2 6.22197E-2 5.76784E-2 5.08238E-2 6.01924E-2 5.91763E-2 5.27687E-2
-9999 -9999 -9999 -9999 1.75613E-2 1.74067E-2 2.26308E-2 2.01152E-2 2.50853E-2 1.10001E-1 1.68686E-1 7.6805E-2 1.3253E-1 1.29585E-1 1.00537E-1 1.10509E-1 9.97488E-2 1.4138E-1 1.11372E-1 8.48962E-2 7.20584E-2 7.38137E-2 4.19709E-2 8.85172E-2 1.78303E-1 1.17674E-1 6.63153E-2 8.88789E-2 1.01952E-1 1.17945E-1 1.13864E-1 1.1954E-1 1.53349E-1 1.38778E-1 1.37991E-1 1.06103E-1 1.04538E-1 1.04865E-1 1.22156E-1 1.14898E-1 1.01648E-1 1.02163E-1 1.2038E-1 1.051E-1 9.74224E-2 9.72922E-2 1.34826E-1 1.3732E-1 9.47779E-2 1.02203E-1 9.1357E-2 8.38366E-2 7.2273E-2 6.87673E-2 6.55106E-2 6.34112E-2 5.77571E-2 6.65612E-2 6.55356E-2 5.85307E-2 5.45393E-2
-9999 -9999 -9999 -9999 -9999 1.92951E-2 2.62766E-2 2.87878E-2 1.61895E-2 3.26848E-2 7.2781E-2 1.0484E-1 1.31181E-1 1.09964E-1 1.65653E-1 1.19561E-1 1.79304E-1 1.2037E-1 1.4051E-1 1.01187E-1 8.71577E-2 1.07603E-1 6.98392E-2 1.01464E-1 1.51941E-1 2.19525E-1 9.95597E-2 6.6987E-2 7.82106E-2 1.23252E-1 1.29189E-1 1.48746E-1 1.42332E-1 1.43616E-1 1.26462E-1 1.18703E-1 1.13061E-1 1.19657E-1 1.09049E-1 1.13723E-1 1.11107E-1 1.05219E-1 1.20526E-1 1.02521E-1 9.88935E-2 9.10395E-2 1.511E-1 1.01903E-1 1.08826E-1 9.41342E-2 8.63405E-2 8.83901E-2 7.55882E-2 7.54421E-2 7.00918E-2 7.06488E-2 7.37329E-2 5.17844E-2 6.0996E-2 6.64789E-2 5.66905E-2
-9999 -9999 -9999 -9999 -9999 5.45035E-2 1.11989E-2 2.88641E-2 1.94657E-2 2.93567E-2 5.32486E-2 5.64588E-2 5.33485E-2 7.22684E-2 1.30396E-1 1.29957E-1 1.78875E-1 1.61685E-1 1.58947E-1 1.3288E-1 1.25215E-1 4.61048E-2 8.06659E-2 7.31509E-2 1.64469E-1 1.97498E-1 8.96206E-2 8.39156E-2 9.11716E-2 1.31242E-1 1.197E-1 1.3809E-1 1.36539E-1 1.18664E-1 1.15551E-1 1.14556E-1 1.29799E-1 1.4018E-1 1.20707E-1 1.20196E-1 1.27167E-1 1.17371E-1 1.08056E-1 1.24266E-1 1.54216E-1 1.23734E-1 1.0569E-1 1.22727E-1 1.20756E-1 1.25041E-1 9.92082E-2 9.18191E-2 1.09984E-1 8.11478E-2 7.39155E-2 1.04747E-1 6.80057E-2 5.6717E-2 6.04078E-2 6.35332E-2 6.21342E-2
-9999 -9999 -9999 -9999 -9999 4.65602E-2 3.42919E-2 7.89021E-3 1.40628E-2 1.40497E-2 3.70612E-2 8.66658E-2 6.83626E-2 8.98834E-2 1.0141E-1 1.01122E-1 1.0899E-1 1.31209E-1 1.42603E-1 1.55437E-1 7.07974E-2 7.37311E-2 6.6827E-2 5.89557E-2 9.74769E-2 1.5983E-1 6.73943E-2 1.22963E-1 1.29882E-1 9.83013E-2 1.22947E-1 1.21934E-1 1.32194E-1 1.24991E-1 1.35568E-1 1.35246E-1 1.27789E-1 1.56735E-1 1.4059E-1 1.35995E-1 1.35767E-1 1.30932E-1 1.45319E-1 1.43178E-1 1.44735E-1 1.75467E-1 1.16286E-1 1.10682E-1 1.06235E-1 1.06694E-1 1.04813E-1 1.10619E-1 1.26981E-1 8.88257E-2 8.78639E-2 6.95844E-2 6.2625E-2 6.01394E-2 5.822E-2 5.74257E-2 5.36282E-2
-9999 -9999 -9999 -9999 -9999 3.67622E-2 1.23477E-2 2.02303E-2 2.38229E-2 1.78409E-2 2.76105E-2 3.7287E-2 1.2507E-1 9.83948E-2 9.48578E-2 6.87928E-2 7.1097E-2 6.0265E-2 1.16259E-1 1.2256E-1 9.35652E-2 1.16946E-1 9.79961E-2 5.0426E-2 6.10935E-2 1.78197E-1 8.27673E-2 8.26873E-2 1.29253E-1 8.50104E-2 1.19508E-1 1.35371E-1 1.46829E-1 1.49691E-1 1.46619E-1 1.4223E-1 1.56594E-1 1.33437E-1 1.40016E-1 1.51722E-1 2.29933E-1 1.70219E-1 1.40662E-1 1.32297E-1 1.29591E-1 1.20694E-1 1.13439E-1 1.14398E-1 1.14795E-1 1.28005E-1 1.22672E-1 1.02452E-1 1.25413E-1 1.30118E-1 9.35489E-2 -9999 8.2907E-2 7.06268E-2 6.63037E-2 6.30942E-2 6.06325E-2
