Candidate_Models_Sept202022/M_6_F_lqp_Set_1_cal/Bison.asc
ncols         97
nrows         127
xllcorner     -2197417.7431653
yllcorner     -584827.01486885
cellsize      30000.0
NODATA_value  -9999
[rows 0 to 26 of 127, columns 0 to 60 of 97]
-9999 -9999 -9999 -9999 -9999 -9999 -9999 -9999 -9999 -9999 -9999 -9999 -9999 -9999 -9999 -9999 -9999 -9999 -9999 -9999 -9999 -9999 -9999 -9999 -9999 -9999 -9999 -9999 -9999 -9999 -9999 -9999 -9999 -9999 -9999 -9999 -9999 -9999 -9999 -9999 -9999 -9999 -9999 -9999 -9999 -9999 -9999 -9999 -9999 -9999 -9999 -9999 -9999 -9999 -9999 -9999 -9999 -9999 -9999 -9999 -9999
-9999 -9999 -9999 -9999 -9999 -9999 -9999 -9999 -9999 -9999 -9999 -9999 -9999 -9999 -9999 -9999 -9999 -9999 -9999 -9999 -9999 -9999 -9999 -9999 -9999 -9999 -9999 -9999 -9999 -9999 -9999 -9999 -9999 -9999 -9999 -9999 -9999 -9999 -9999 -9999 -9999 -9999 -9999 -9999 -9999 -9999 -9999 -9999 -9999 -9999 -9999 -9999 -9999 -9999 -9999 -9999 -9999 -9999 -9999 -9999 -9999
-9999 -9999 -9999 -9999 -9999 -9999 -9999 -9999 -9999 -9999 -9999 -9999 -9999 -9999 -9999 -9999 -9999 -9999 -9999 -9999 -9999 -9999 -9999 -9999 -9999 -9999 -9999 -9999 -9999 -9999 -9999 -9999 -9999 -9999 -9999 -9999 -9999 -9999 -9999 -9999 -9999 -9999 -9999 -9999 -9999 -9999 -9999 -9999 -9999 -9999 -9999 -9999 -9999 -9999 -9999 -9999 -9999 -9999 -9999 -9999 -9999
-9999 -9999 -9999 -9999 -9999 -9999 -9999 -9999 -9999 -9999 -9999 -9999 -9999 -9999 -9999 -9999 -9999 -9999 -9999 6.59677E-2 6.2803E-2 4.69087E-2 5.01411E-2 -9999 -9999 -9999 -9999 -9999 -9999 -9999 -9999 -9999 -9999 -9999 -9999 -9999 -9999 -9999 -9999 -9999 -9999 -9999 -9999 -9999 -9999 -9999 -9999 -9999 -9999 -9999 -9999 -9999 -9999 -9999 -9999 -9999 -9999 -9999 -9999 -9999 -9999
-9999 -9999 -9999 -9999 -9999 -9999 -9999 -9999 -9999 -9999 -9999 -9999 -9999 -9999 -9999 -9999 -9999 -9999 6.28566E-2 5.53765E-2 5.24034E-2 5.81827E-2 5.33182E-2 4.25506E-2 3.86152E-2 -9999 -9999 -9999 -9999 -9999 -9999 -9999 -9999 -9999 -9999 -9999 -9999 -9999 -9999 -9999 -9999 -9999 -9999 -9999 -9999 -9999 -9999 -9999 -9999 -9999 -9999 -9999 -9999 -9999 -9999 -9999 -9999 -9999 -9999 -9999 -9999
-9999 -9999 -9999 -9999 -9999 -9999 -9999 -9999 -9999 -9999 -9999 -9999 -9999 -9999 -9999 -9999 -9999 -9999 4.28682E-2 4.30483E-2 4.93174E-2 5.24775E-2 4.61599E-2 3.87275E-2 3.83351E-2 -9999 -9999 -9999 -9999 -9999 -9999 -9999 -9999 -9999 -9999 -9999 -9999 -9999 -9999 -9999 -9999 -9999 -9999 -9999 -9999 -9999 -9999 -9999 -9999 -9999 -9999 -9999 -9999 -9999 -9999 -9999 -9999 -9999 -9999 -9999 -9999
-9999 -9999 -9999 -9999 -9999 -9999 -9999 -9999 -9999 -9999 -9999 -9999 -9999 -9999 -9999 -9999 -9999 3.93356E-2 3.51782E-2 2.85867E-2 3.04126E-2 3.89411E-2 4.26381E-2 4.00283E-2 4.22327E-2 4.21615E-2 -9999 4.39134E-2 3.97628E-2 4.10215E-2 -9999 -9999 -9999 -9999 -9999 -9999 -9999 -9999 3.36713E-2 -9999 -9999 -9999 -9999 -9999 -9999 -9999 -9999 -9999 -9999 -9999 -9999 -9999 -9999 -9999 -9999 -9999 -9999 -9999 -9999 -9999 -9999
-9999 -9999 -9999 -9999 -9999 -9999 -9999 -9999 -9999 -9999 -9999 -9999 -9999 -9999 -9999 -9999 7.25741E-2 5.72452E-2 3.11418E-2 2.0134E-2 2.24922E-2 2.9524E-2 4.05532E-2 3.88129E-2 4.16576E-2 4.09621E-2 3.96596E-2 4.05164E-2 3.69982E-2 3.71312E-2 3.74106E-2 3.75614E-2 3.54793E-2 3.47636E-2 3.56235E-2 3.67223E-2 3.76787E-2 -9999 3.21716E-2 3.11627E-2 -9999 -9999 -9999 -9999 -9999 -9999 -9999 -9999 -9999 -9999 -9999 -9999 -9999 -9999 -9999 -9999 -9999 -9999 -9999 -9999 -9999
-9999 -9999 -9999 -9999 -9999 -9999 -9999 -9999 -9999 -9999 -9999 -9999 -9999 -9999 -9999 1.8701E-2 2.66679E-2 2.8412E-2 2.73296E-2 1.98378E-2 2.04204E-2 2.62069E-2 3.90124E-2 4.18955E-2 4.05932E-2 3.6007E-2 3.42062E-2 3.3996E-2 3.27061E-2 3.27813E-2 3.3262E-2 3.36278E-2 3.30207E-2 3.18857E-2 3.47419E-2 4.0594E-2 3.87103E-2 3.91138E-2 3.32064E-2 3.30969E-2 -9999 -9999 -9999 -9999 -9999 -9999 -9999 -9999 -9999 -9999 -9999 -9999 -9999 -9999 -9999 -9999 -9999 -9999 -9999 -9999 -9999
-9999 -9999 -9999 -9999 -9999 -9999 -9999 -9999 -9999 -9999 -9999 -9999 -9999 -9999 -9999 2.34437E-2 2.87333E-2 2.35252E-2 1.89186E-2 1.89038E-2 1.96468E-2 2.72799E-2 4.35707E-2 5.0604E-2 4.52037E-2 3.40259E-2 3.0808E-2 3.09425E-2 2.94236E-2 3.05951E-2 3.17171E-2 3.30515E-2 3.1107E-2 3.07636E-2 3.77369E-2 4.51005E-2 4.79938E-2 4.5357E-2 3.81318E-2 -9999 -9999 -9999 3.33433E-2 -9999 -9999 -9999 -9999 -9999 -9999 -9999 -9999 -9999 -9999 -9999 -9999 -9999 -9999 -9999 -9999 -9999 -9999
-9999 -9999 -9999 -9999 -9999 -9999 -9999 -9999 -9999 -9999 -9999 -9999 -9999 -9999 3.68317E-2 2.86012E-2 3.47903E-2 3.32485E-2 3.32067E-2 2.60462E-2 2.34424E-2 2.90852E-2 4.50947E-2 4.65935E-2 5.03663E-2 2.66806E-2 2.94394E-2 3.04606E-2 2.90776E-2 3.09329E-2 3.13074E-2 3.20438E-2 3.02302E-2 3.23538E-2 4.13982E-2 4.88421E-2 4.8918E-2 4.45287E-2 3.54075E-2 -9999 -9999 3.55524E-2 -9999 -9999 -9999 -9999 -9999 -9999 -9999 -9999 -9999 -9999 -9999 -9999 -9999 -9999 -9999 -9999 -9999 -9999 -9999
-9999 -9999 -9999 -9999 -9999 -9999 -9999 -9999 -9999 -9999 -9999 -9999 -9999 2.77301E-2 2.90667E-2 2.23792E-2 3.23374E-2 3.99569E-2 4.89547E-2 8.74579E-2 3.34416E-2 4.34664E-2 3.40362E-2 5.20371E-2 3.09142E-2 2.31455E-2 2.66787E-2 2.69021E-2 2.84354E-2 3.15464E-2 3.15565E-2 2.9639E-2 3.01502E-2 3.50182E-2 3.97049E-2 4.38354E-2 4.78435E-2 4.72782E-2 3.60455E-2 3.41717E-2 3.41892E-2 3.54328E-2 -9999 4.00515E-2 4.07257E-2 -9999 -9999 -9999 -9999 -9999 -9999 -9999 -9999 -9999 -9999 -9999 -9999 -9999 -9999 -9999 -9999
-9999 -9999 -9999 -9999 -9999 -9999 -9999 -9999 -9999 -9999 -9999 -9999 -9999 2.76632E-2 2.4651E-2 2.83523E-2 4.47672E-2 3.374E-2 1.10567E-1 7.20143E-2 5.22274E-2 3.43515E-2 4.53207E-2 4.76968E-2 2.70485E-2 2.45116E-2 2.53244E-2 2.72984E-2 2.90762E-2 2.96526E-2 2.77494E-2 2.75674E-2 2.77024E-2 2.96249E-2 3.15429E-2 3.0477E-2 4.28757E-2 3.90172E-2 3.31353E-2 3.15384E-2 3.26976E-2 3.76262E-2 3.85616E-2 4.29245E-2 4.49979E-2 4.55283E-2 -9999 -9999 -9999 -9999 -9999 -9999 -9999 -9999 -9999 -9999 -9999 -9999 -9999 -9999 -9999
-9999 -9999 -9999 -9999 -9999 -9999 -9999 -9999 -9999 -9999 -9999 -9999 6.62474E-2 9.01865E-2 3.91784E-2 5.52851E-2 5.03101E-2 4.92731E-2 2.38772E-2 5.2836E-2 5.38162E-2 4.54949E-2 5.3789E-2 3.14668E-2 2.17773E-2 2.43679E-2 2.51985E-2 2.74636E-2 2.73243E-2 2.50934E-2 2.56128E-2 2.62568E-2 2.68346E-2 2.66849E-2 2.69545E-2 2.97722E-2 3.17976E-2 3.40528E-2 3.40276E-2 3.27441E-2 3.3362E-2 3.47636E-2 3.79316E-2 4.32153E-2 4.53335E-2 4.59681E-2 4.60621E-2 -9999 -9999 -9999 2.9262E-2 2.68534E-2 -9999 -9999 -9999 -9999 -9999 -9999 -9999 -9999 -9999
-9999 -9999 -9999 -9999 -9999 -9999 -9999 -9999 -9999 -9999 -9999 2.86796E-2 3.23596E-2 7.69305E-2 5.13391E-2 4.09926E-2 3.19479E-2 9.73665E-2 5.51994E-2 4.5879E-2 4.6843E-2 7.30555E-2 4.71937E-2 2.21734E-2 2.21618E-2 2.37722E-2 2.32228E-2 2.79139E-2 2.7662E-2 2.76821E-2 2.48456E-2 2.37501E-2 2.5802E-2 2.68346E-2 2.68968E-2 2.88696E-2 3.14545E-2 3.38896E-2 3.36989E-2 3.516E-2 3.49964E-2 3.66498E-2 3.96207E-2 4.40953E-2 4.6352E-2 4.67066E-2 4.34427E-2 3.85769E-2 -9999 -9999 -9999 2.85526E-2 2.72778E-2 -9999 -9999 -9999 -9999 -9999 -9999 -9999 -9999
-9999 -9999 -9999 -9999 -9999 -9999 -9999 -9999 -9999 -9999 -9999 2.66975E-2 2.11147E-2 3.54268E-2 4.56225E-2 3.89569E-2 2.57553E-2 4.80066E-2 3.80847E-2 6.92664E-2 5.30515E-2 6.40956E-2 3.72497E-2 2.1632E-2 2.4324E-2 2.52821E-2 2.68272E-2 2.55906E-2 2.41177E-2 2.40312E-2 2.44712E-2 2.48406E-2 2.57779E-2 2.58564E-2 2.62099E-2 2.92587E-2 3.22804E-2 3.46132E-2 3.58021E-2 3.60906E-2 3.56788E-2 3.87151E-2 4.13048E-2 4.29852E-2 4.18867E-2 4.36379E-2 4.13058E-2 3.95613E-2 3.79933E-2 -9999 -9999 3.07762E-2 2.95622E-2 2.75851E-2 2.77644E-2 -9999 -9999 -9999 -9999 -9999 -9999
-9999 -9999 -9999 -9999 -9999 -9999 -9999 -9999 -9999 -9999 5.1755E-2 2.25709E-2 4.64019E-2 3.82533E-2 3.7327E-2 3.2956E-2 2.95297E-2 2.58644E-2 2.87639E-2 9.37011E-2 7.78034E-2 6.24722E-2 4.65354E-2 3.40244E-2 2.45763E-2 2.66905E-2 2.97439E-2 3.01655E-2 2.59538E-2 2.53571E-2 2.25731E-2 2.38328E-2 2.29105E-2 2.52611E-2 2.69048E-2 3.02235E-2 3.3115E-2 3.56094E-2 3.53431E-2 3.65347E-2 3.87279E-2 4.03983E-2 4.11555E-2 4.09074E-2 3.90497E-2 3.91209E-2 4.01427E-2 4.10176E-2 3.9659E-2 3.67794E-2 3.40074E-2 3.69366E-2 -9999 -9999 2.77694E-2 2.615E-2 -9999 -9999 -9999 -9999 -9999
-9999 -9999 -9999 -9999 -9999 -9999 -9999 -9999 -9999 3.71541E-2 9.46258E-2 3.41885E-2 4.33668E-2 4.29614E-2 4.02858E-2 3.56175E-2 2.96419E-2 3.23787E-2 3.13793E-2 3.4352E-2 3.23266E-2 4.24893E-2 6.56968E-2 3.08009E-2 2.68813E-2 2.79127E-2 3.07389E-2 3.26195E-2 3.09999E-2 2.51045E-2 2.35456E-2 2.2891E-2 2.38752E-2 2.32859E-2 2.68316E-2 3.19629E-2 3.22751E-2 3.46689E-2 3.59968E-2 3.72675E-2 4.00963E-2 4.19109E-2 4.34017E-2 4.0907E-2 4.07222E-2 3.97471E-2 4.07458E-2 4.11231E-2 3.94802E-2 3.68947E-2 3.61065E-2 3.6964E-2 3.66015E-2 -9999 2.69383E-2 2.64492E-2 2.51877E-2 2.34618E-2 -9999 -9999 -9999
-9999 -9999 -9999 -9999 -9999 -9999 -9999 -9999 7.74463E-2 4.98801E-2 4.32209E-2 2.34715E-2 1.35427E-2 3.78367E-2 6.41329E-2 5.44192E-2 4.97425E-2 3.79726E-2 4.12378E-2 2.97504E-2 2.74783E-2 4.04006E-2 4.66313E-2 2.129E-2 2.89163E-2 2.93773E-2 3.3538E-2 3.30026E-2 2.89792E-2 2.66545E-2 2.24718E-2 2.33984E-2 2.48398E-2 2.69809E-2 2.86458E-2 3.34462E-2 3.45202E-2 3.36247E-2 3.64884E-2 3.7658E-2 4.29484E-2 4.46598E-2 4.38676E-2 4.26106E-2 4.04102E-2 4.0676E-2 4.23632E-2 4.15838E-2 3.93818E-2 3.80248E-2 3.75432E-2 3.8213E-2 3.76959E-2 3.718E-2 2.84144E-2 2.73086E-2 2.50387E-2 2.35485E-2 2.16761E-2 2.07599E-2 2.00666E-2
-9999 -9999 -9999 -9999 -9999 -9999 -9999 -9999 3.16576E-2 3.27728E-2 1.74474E-2 1.15101E-2 1.79938E-2 4.57461E-2 6.8744E-2 8.63797E-2 5.91624E-2 5.90359E-2 6.16867E-2 4.09137E-2 3.82612E-2 3.54477E-2 3.42097E-2 3.12277E-2 3.13951E-2 2.80968E-2 3.29999E-2 3.11368E-2 2.93683E-2 2.7887E-2 2.27545E-2 2.28614E-2 2.58639E-2 3.0416E-2 3.32764E-2 3.36607E-2 3.79448E-2 3.37138E-2 3.9149E-2 3.87026E-2 4.72509E-2 4.66838E-2 4.54313E-2 4.40544E-2 4.3432E-2 4.40957E-2 4.39772E-2 4.27607E-2 4.1299E-2 3.97566E-2 3.9648E-2 3.98159E-2 3.97845E-2 3.77591E-2 -9999 2.86576E-2 2.65977E-2 2.49364E-2 2.04214E-2 2.12589E-2 1.95368E-2
-9999 -9999 -9999 -9999 -9999 -9999 -9999 2.24333E-2 2.40355E-2 5.10815E-2 4.45462E-2 1.60187E-2 2.07726E-2 2.87227E-2 5.29785E-2 8.5262E-2 6.65947E-2 6.41363E-2 6.9061E-2 5.79639E-2 4.88549E-2 4.16555E-2 5.53206E-2 4.41097E-2 3.94712E-2 3.27556E-2 3.07444E-2 3.88975E-2 3.79651E-2 2.94062E-2 2.79117E-2 2.67847E-2 2.97436E-2 3.06275E-2 3.36683E-2 4.5689E-2 4.00846E-2 3.81159E-2 4.05059E-2 4.07426E-2 4.66265E-2 4.72556E-2 4.69884E-2 4.63134E-2 4.73442E-2 4.73815E-2 4.61224E-2 4.3882E-2 4.23178E-2 4.10129E-2 4.06867E-2 4.17607E-2 -9999 -9999 -9999 -9999 -9999 -9999 -9999 -9999 -9999
-9999 -9999 -9999 -9999 -9999 -9999 5.90344E-2 5.15735E-2 3.80015E-2 2.32569E-2 4.91035E-2 1.07685E-1 2.70535E-2 6.01656E-2 2.1242E-2 5.28657E-2 7.91382E-2 8.73944E-2 7.69936E-2 8.37708E-2 6.86749E-2 4.90556E-2 5.88694E-2 7.89678E-2 5.74888E-2 6.28847E-2 4.35051E-2 3.54314E-2 3.68929E-2 2.57877E-2 3.77546E-2 4.90279E-2 3.05827E-2 3.40624E-2 3.34567E-2 4.90631E-2 4.09488E-2 4.17637E-2 4.21623E-2 4.25034E-2 4.73644E-2 4.82932E-2 4.88089E-2 5.08907E-2 5.0804E-2 4.89592E-2 4.77087E-2 4.476E-2 4.33999E-2 4.17159E-2 4.31578E-2 4.33456E-2 3.85625E-2 3.54047E-2 -9999 -9999 -9999 -9999 -9999 -9999 -9999
-9999 -9999 -9999 -9999 -9999 -9999 5.02455E-2 4.88668E-2 2.72573E-2 2.20057E-2 1.94997E-2 1.25013E-1 4.22811E-2 4.88561E-2 3.718E-2 6.02988E-2 5.89809E-2 7.3226E-2 5.19655E-2 7.69979E-2 9.25135E-2 7.07829E-2 6.86855E-2 8.24394E-2 7.326E-2 6.78223E-2 6.07558E-2 4.33191E-2 3.046E-2 2.8069E-2 2.62836E-2 4.54131E-2 3.23485E-2 4.36951E-2 4.61226E-2 4.85264E-2 4.28928E-2 4.85729E-2 4.85359E-2 4.66008E-2 4.74063E-2 5.33113E-2 5.40436E-2 5.73959E-2 5.49628E-2 4.78328E-2 4.76464E-2 4.75873E-2 4.39565E-2 4.33573E-2 4.12417E-2 4.03285E-2 3.64353E-2 3.39165E-2 3.24283E-2 2.91366E-2 2.58832E-2 2.38787E-2 2.44084E-2 2.40326E-2 2.02188E-2
-9999 -9999 -9999 -9999 -9999 4.2391E-2 2.94916E-2 2.94464E-2 2.98092E-2 7.44879E-2 6.02304E-2 3.9008E-2 2.44747E-2 3.90426E-2 2.73164E-2 2.42618E-2 2.42335E-2 6.26506E-2 3.86428E-2 4.76515E-2 8.31893E-2 8.2011E-2 8.6253E-2 9.86515E-2 8.31404E-2 7.18962E-2 7.8317E-2 4.83298E-2 2.48773E-2 2.71231E-2 3.19027E-2 3.80797E-2 4.75686E-2 4.85245E-2 6.51337E-2 5.4725E-2 4.8863E-2 -9999 -9999 7.06982E-2 -9999 -9999 -9999 5.5469E-2 4.97539E-2 4.66955E-2 4.93529E-2 4.76339E-2 4.35683E-2 4.24134E-2 4.00893E-2 3.73798E-2 3.48243E-2 3.27783E-2 3.0767E-2 2.74777E-2 2.61979E-2 2.44778E-2 2.45423E-2 2.30389E-2 2.20788E-2
-9999 -9999 -9999 -9999 1.01081E-1 3.54157E-2 4.16322E-2 3.51154E-2 3.77832E-2 3.61304E-2 1.72243E-2 2.68376E-2 5.7032E-2 4.1536E-2 2.66872E-2 3.04544E-2 4.02241E-2 3.58273E-2 3.00655E-2 3.7603E-2 6.05706E-2 5.9319E-2 6.37346E-2 1.09717E-1 7.80825E-2 1.06446E-1 8.25445E-2 7.44096E-2 6.10494E-2 3.0957E-2 3.09205E-2 5.11201E-2 5.21593E-2 3.99607E-2 6.46669E-2 4.44212E-2 4.31548E-2 5.21927E-2 5.22131E-2 5.11854E-2 6.435E-2 -9999 6.75894E-2 6.06172E-2 5.13839E-2 4.85641E-2 4.93862E-2 4.3118E-2 4.23774E-2 4.4853E-2 4.27893E-2 3.88631E-2 3.65584E-2 3.3691E-2 2.92787E-2 2.64831E-2 2.43124E-2 2.39528E-2 2.25507E-2 2.18921E-2 2.11501E-2
-9999 -9999 -9999 7.95216E-2 1.15237E-1 6.89756E-2 3.23226E-2 4.46953E-2 4.04486E-2 2.52868E-2 2.92743E-2 2.9916E-2 7.36451E-2 4.79554E-2 5.28061E-2 2.36E-2 3.83578E-2 5.12153E-2 4.50806E-2 5.48509E-2 4.62463E-2 2.93678E-2 7.28996E-2 9.19387E-2 1.04956E-1 9.86319E-2 8.74908E-2 6.87844E-2 6.90883E-2 6.16782E-2 3.93548E-2 4.74516E-2 4.74535E-2 3.39298E-2 4.52337E-2 5.30202E-2 4.68641E-2 4.90901E-2 4.76457E-2 4.84246E-2 5.89679E-2 6.56711E-2 -9999 -9999 5.21119E-2 5.36563E-2 4.91512E-2 4.224E-2 4.37904E-2 4.34238E-2 5.02874E-2 3.99592E-2 3.74466E-2 3.5325E-2 3.16495E-2 2.70495E-2 2.55419E-2 2.40459E-2 2.36068E-2 2.29695E-2 2.29341E-2
-9999 -9999 -9999 1.96109E-1 1.17602E-1 7.00442E-2 3.16539E-2 7.48278E-2 1.92547E-1 5.01201E-2 6.8132E-2 5.09692E-2 3.73973E-2 3.50509E-2 1.11565E-1 4.09879E-2 5.70145E-2 9.07676E-2 7.2076E-2 4.22819E-2 4.78264E-2 3.67332E-2 4.23949E-2 6.97587E-2 9.6708E-2 9.51963E-2 8.88972E-2 8.95721E-2 8.6628E-2 7.62346E-2 6.64776E-2 4.03414E-2 6.28861E-2 4.63127E-2 4.99246E-2 5.24871E-2 5.09482E-2 5.12104E-2 4.82983E-2 5.20928E-2 -9999 -9999 -9999 -9999 -9999 4.66537E-2 4.60498E-2 4.14526E-2 4.15423E-2 3.92471E-2 4.42877E-2 5.27849E-2 3.66945E-2 3.57906E-2 2.90167E-2 2.53492E-2 2.65455E-2 2.79506E-2 3.03267E-2 2.92389E-2 3.08096E-2
