Candidate_Models_Sept202022/M_6_F_lqp_Set_1_cal/Bison.asc
ncols         97
nrows         127
xllcorner     -2197417.7431653
yllcorner     -584827.01486885
cellsize      30000.0
NODATA_value  -9999
[rows 81 to 107 of 127, columns 0 to 60 of 97]
-9999 -9999 -9999 -9999 -9999 -9999 -9999 -9999 -9999 -9999 -9999 1.77198E-2 8.69654E-3 1.81081E-2 7.64099E-2 4.37794E-2 2.5321E-2 1.25385E-2 3.45974E-2 1.17793E-1 6.0431E-2 1.06689E-1 4.31267E-2 1.0017E-1 2.37764E-1 3.25284E-1 1.79694E-1 1.50334E-1 2.49285E-1 6.56525E-2 5.84256E-2 4.71075E-2 7.63647E-2 1.33753E-1 1.11228E-1 1.40981E-1 2.03352E-1 1.91769E-1 4.07384E-1 7.29219E-1 7.54979E-1 6.8688E-1 6.8675E-1 7.40716E-1 6.69234E-1 5.43768E-1 5.06919E-1 4.93331E-1 5.1765E-1 5.49936E-1 5.78557E-1 6.68765E-1 6.94484E-1 6.75868E-1 6.9813E-1 5.70626E-1 6.34814E-1 6.29988E-1 6.17517E-1 6.03791E-1 6.26122E-1
-9999 -9999 -9999 -9999 -9999 -9999 -9999 -9999 -9999 -9999 -9999 -9999 1.3429E-2 1.10756E-2 3.29838E-2 9.41334E-2 4.37185E-2 3.57689E-2 1.70712E-2 5.34937E-2 3.52264E-2 3.12432E-2 3.67353E-2 9.33856E-2 3.32171E-1 3.872E-1 2.13394E-1 1.53671E-1 2.97135E-1 6.31776E-2 3.22929E-2 4.7957E-2 4.97753E-2 9.63295E-2 1.5544E-1 1.02358E-1 1.38774E-1 1.4808E-1 2.26792E-1 6.87472E-1 7.72464E-1 7.01483E-1 6.81539E-1 7.06236E-1 6.56705E-1 5.43381E-1 4.70749E-1 5.01233E-1 5.27057E-1 6.11747E-1 6.15388E-1 6.58306E-1 7.21964E-1 6.52719E-1 6.38817E-1 6.86155E-1 6.37726E-1 5.62369E-1 6.09209E-1 5.80571E-1 6.4458E-1
-9999 -9999 -9999 -9999 -9999 -9999 -9999 -9999 -9999 -9999 -9999 -9999 -9999 1.8004E-2 7.98081E-3 3.2948E-2 1.67185E-1 7.77089E-2 1.47216E-1 2.21005E-2 1.8401E-2 2.2405E-2 1.53853E-2 8.58789E-2 1.87496E-1 1.82633E-1 1.22547E-1 2.59103E-1 1.49154E-1 7.98489E-2 3.96394E-2 3.14897E-2 2.93211E-2 4.55748E-2 9.62615E-2 1.91427E-1 9.19197E-2 1.78251E-1 1.9306E-1 6.67709E-1 7.30102E-1 7.23508E-1 6.80834E-1 6.58191E-1 6.18457E-1 5.1901E-1 5.05913E-1 5.1182E-1 5.41619E-1 5.78711E-1 6.16196E-1 6.50363E-1 7.22358E-1 6.96774E-1 6.71232E-1 6.62024E-1 6.6719E-1 6.43191E-1 5.92813E-1 6.05688E-1 5.91412E-1
-9999 -9999 -9999 -9999 -9999 -9999 -9999 -9999 -9999 -9999 -9999 -9999 -9999 2.38224E-2 1.33598E-2 2.89866E-2 8.16018E-2 -9999 2.9287E-1 3.31189E-1 1.67855E-1 4.96575E-2 1.73477E-2 6.7817E-2 1.75721E-1 1.6852E-1 1.81944E-1 1.80631E-1 1.04327E-1 1.10218E-1 5.84091E-2 3.42547E-2 3.24116E-2 4.72724E-2 8.7139E-2 1.11606E-1 8.60274E-2 1.6703E-1 1.76299E-1 6.70291E-1 6.38805E-1 6.78568E-1 7.00946E-1 5.894E-1 5.89263E-1 6.67262E-1 5.71143E-1 5.71029E-1 5.19967E-1 5.60881E-1 6.12897E-1 6.17911E-1 6.17513E-1 5.93388E-1 6.28862E-1 5.25855E-1 6.20677E-1 6.11825E-1 5.82408E-1 6.48043E-1 6.54866E-1
-9999 -9999 -9999 -9999 -9999 -9999 -9999 -9999 -9999 -9999 -9999 -9999 -9999 2.72604E-2 1.68421E-2 2.82282E-2 8.24535E-2 -9999 2.14425E-1 3.83479E-1 7.58267E-2 2.00865E-2 1.52369E-2 6.44724E-2 1.16919E-1 8.05127E-2 2.02037E-1 9.283E-2 9.55753E-2 5.40783E-2 5.03725E-2 2.34703E-2 5.81391E-2 5.27125E-2 6.92226E-2 1.41364E-1 1.24354E-1 1.19169E-1 2.1645E-1 3.95712E-1 6.60923E-1 6.45199E-1 6.92118E-1 6.37208E-1 5.54575E-1 6.33478E-1 5.04368E-1 4.97262E-1 5.33013E-1 6.41356E-1 6.62711E-1 5.42502E-1 6.28766E-1 7.03978E-1 6.21882E-1 5.80495E-1 6.36511E-1 5.89732E-1 6.20103E-1 6.16859E-1 6.01001E-1
-9999 -9999 -9999 -9999 -9999 -9999 -9999 -9999 -9999 -9999 -9999 -9999 -9999 2.39396E-2 2.77751E-2 5.10744E-2 1.06175E-1 -9999 5.64346E-2 1.13417E-1 4.64817E-2 5.70076E-2 2.99509E-2 4.77002E-2 1.52599E-1 2.08287E-1 2.81275E-1 9.70953E-2 6.84046E-2 6.32809E-2 7.43073E-2 4.08136E-2 8.55997E-2 5.3525E-2 4.57006E-2 2.7039E-1 7.9311E-2 1.23685E-1 1.73269E-1 5.9974E-1 6.17699E-1 6.51153E-1 6.84664E-1 6.79865E-1 6.64121E-1 5.839E-1 5.07414E-1 5.30401E-1 5.68022E-1 6.48568E-1 6.05692E-1 4.79103E-1 5.68062E-1 6.95923E-1 6.86651E-1 6.67716E-1 6.5159E-1 5.19513E-1 5.76363E-1 6.41281E-1 6.94704E-1
-9999 -9999 -9999 -9999 -9999 -9999 -9999 -9999 -9999 -9999 -9999 -9999 -9999 3.35284E-2 1.07153E-2 1.21105E-2 2.22802E-1 -9999 2.00834E-1 1.1276E-1 3.15163E-2 1.49349E-2 9.21414E-2 1.14812E-1 1.10676E-1 2.00839E-1 4.19035E-1 2.02692E-1 1.58894E-1 5.74589E-2 1.05898E-1 4.55201E-2 4.85459E-2 7.49752E-2 1.36393E-1 1.723E-1 1.2994E-1 1.38008E-1 3.59878E-1 6.59082E-1 5.53894E-1 6.14374E-1 7.36908E-1 6.89292E-1 6.4251E-1 6.07702E-1 6.51438E-1 6.68247E-1 6.20259E-1 5.24006E-1 5.20342E-1 4.7547E-1 5.79591E-1 6.40362E-1 7.0069E-1 7.03341E-1 6.42013E-1 5.66154E-1 5.42573E-1 5.61961E-1 6.76029E-1
-9999 -9999 -9999 -9999 -9999 -9999 -9999 -9999 -9999 -9999 -9999 -9999 -9999 2.4522E-2 8.9909E-3 1.45402E-2 1.83674E-2 8.05089E-2 1.30373E-1 1.53553E-1 1.55443E-2 2.11733E-2 1.10163E-1 1.43646E-1 2.71304E-1 3.63952E-1 3.16216E-1 1.70825E-1 9.29634E-2 1.15016E-1 8.60788E-2 3.99136E-2 3.85822E-2 2.20254E-1 7.15302E-2 9.15975E-2 1.58635E-1 1.06437E-1 1.61547E-1 7.44275E-1 6.10109E-1 6.69386E-1 6.54527E-1 7.07766E-1 6.62458E-1 6.80548E-1 5.89271E-1 5.51333E-1 6.84762E-1 6.84832E-1 6.25963E-1 6.33847E-1 7.20055E-1 6.98475E-1 6.88333E-1 7.20848E-1 6.898E-1 6.85815E-1 6.61013E-1 5.6247E-1 6.2532E-1
-9999 -9999 -9999 -9999 -9999 -9999 -9999 -9999 -9999 -9999 -9999 -9999 -9999 3.98059E-2 1.20177E-2 9.33174E-3 1.70052E-2 8.61342E-2 1.87536E-1 1.46058E-1 1.37926E-2 4.74374E-2 7.73639E-2 1.77626E-1 3.98154E-1 3.29094E-1 1.93573E-1 1.07613E-1 8.54759E-2 2.90455E-1 8.96658E-2 7.96179E-2 8.40536E-2 2.72688E-1 6.57989E-2 8.90443E-2 1.84396E-1 1.00596E-1 1.48098E-1 3.29866E-1 7.15246E-1 6.46841E-1 5.98614E-1 6.40282E-1 6.88946E-1 6.73071E-1 6.13179E-1 5.16883E-1 5.24788E-1 5.74433E-1 5.78441E-1 6.15235E-1 6.86604E-1 7.02958E-1 6.83038E-1 6.90725E-1 6.63784E-1 7.04924E-1 7.06691E-1 6.83028E-1 5.8383E-1
-9999 -9999 -9999 -9999 -9999 -9999 -9999 -9999 -9999 -9999 -9999 -9999 -9999 5.02989E-2 3.54903E-2 3.67486E-2 9.56629E-2 1.18243E-1 1.89126E-1 7.97483E-2 1.32791E-2 4.54737E-2 1.11776E-1 4.27766E-1 5.32626E-1 3.41115E-1 2.85996E-1 1.0935E-1 1.63302E-1 2.53113E-1 1.46538E-1 9.59268E-2 1.45679E-1 1.00252E-1 5.61077E-2 7.91595E-2 1.06692E-1 9.02674E-2 1.55825E-1 2.97379E-1 5.95885E-1 5.62735E-1 6.10403E-1 5.43105E-1 5.95919E-1 6.37398E-1 5.11726E-1 5.21357E-1 4.87365E-1 5.48236E-1 5.6665E-1 5.51058E-1 6.73374E-1 6.1161E-1 5.87426E-1 6.22787E-1 6.39076E-1 6.56618E-1 6.62273E-1 6.32025E-1 6.25057E-1
-9999 -9999 -9999 -9999 -9999 -9999 -9999 -9999 -9999 -9999 -9999 -9999 -9999 6.66268E-2 7.53663E-2 8.17269E-2 1.14805E-1 1.71607E-1 2.36251E-1 4.32947E-2 5.50396E-2 9.72686E-2 2.57829E-1 5.83213E-1 4.83796E-1 3.11835E-1 4.31878E-1 3.3596E-1 2.28779E-1 2.55741E-1 2.93448E-1 1.92118E-1 1.89313E-1 8.31596E-2 4.13124E-2 1.07227E-1 1.33041E-1 1.8865E-1 2.31205E-1 1.1914E-1 5.72789E-1 5.14158E-1 5.72758E-1 5.89402E-1 4.3342E-1 5.0072E-1 5.37986E-1 4.89021E-1 5.20516E-1 4.78535E-1 4.66866E-1 5.20872E-1 5.59611E-1 5.78292E-1 5.64769E-1 5.33266E-1 5.4238E-1 5.57668E-1 6.0798E-1 6.12054E-1 5.87277E-1
-9999 -9999 -9999 -9999 -9999 -9999 -9999 -9999 -9999 -9999 -9999 -9999 -9999 4.47328E-2 4.14388E-2 1.52609E-1 1.518E-1 1.46018E-1 6.29843E-2 4.75316E-2 1.15471E-1 2.31424E-1 3.01382E-1 3.86303E-1 4.4905E-1 3.2907E-1 4.02282E-1 3.66066E-1 4.62216E-1 4.45409E-1 4.42901E-1 3.20604E-1 8.86049E-2 5.18983E-2 4.26999E-2 9.48017E-2 2.40802E-1 3.32929E-1 5.91427E-1 9.02815E-2 2.62293E-1 6.90022E-1 5.22902E-1 5.73316E-1 4.75225E-1 5.1294E-1 5.23521E-1 4.98252E-1 4.92544E-1 5.05517E-1 4.54463E-1 5.0136E-1 5.63438E-1 5.60348E-1 5.37919E-1 5.42997E-1 4.7993E-1 5.87053E-1 5.58244E-1 6.1718E-1 6.06396E-1
-9999 -9999 -9999 -9999 -9999 -9999 -9999 -9999 -9999 -9999 -9999 -9999 4.52563E-2 3.44395E-2 4.42755E-2 1.67506E-1 1.01231E-1 5.39671E-2 6.93792E-2 4.20268E-2 1.17124E-1 4.21921E-1 4.29622E-1 4.77223E-1 4.37002E-1 3.78987E-1 3.58168E-1 4.57637E-1 3.8614E-1 4.57924E-1 6.20094E-1 2.29471E-1 7.27248E-2 5.47225E-2 6.65414E-2 7.70437E-2 1.82555E-1 3.45196E-1 1.97588E-1 8.57696E-2 1.0725E-1 5.90018E-1 5.74067E-1 5.83411E-1 5.46617E-1 4.90063E-1 4.80583E-1 4.79867E-1 4.69505E-1 6.4626E-1 5.25961E-1 4.76369E-1 4.90808E-1 5.20771E-1 5.01455E-1 5.10047E-1 4.91318E-1 5.99674E-1 5.26831E-1 5.20006E-1 5.89765E-1
-9999 -9999 -9999 -9999 -9999 -9999 -9999 -9999 -9999 -9999 -9999 -9999 9.98173E-2 5.91639E-2 6.38779E-2 1.19106E-1 5.81161E-2 6.68421E-2 3.10378E-2 6.87247E-2 2.5336E-1 5.12809E-1 2.74371E-1 3.86272E-1 3.72464E-1 4.37298E-1 4.80909E-1 3.8284E-1 3.42618E-1 4.94974E-1 5.46356E-1 2.97913E-1 8.51558E-2 7.74177E-2 4.38911E-2 7.08545E-2 3.80698E-1 5.35926E-1 3.36636E-1 7.54537E-2 1.86084E-1 5.01221E-1 4.69897E-1 4.96211E-1 5.01262E-1 5.27348E-1 4.55212E-1 5.08049E-1 5.59694E-1 6.90382E-1 6.12674E-1 4.84815E-1 4.24955E-1 4.86256E-1 4.73416E-1 4.95925E-1 4.67885E-1 5.07696E-1 5.29252E-1 4.97311E-1 5.17228E-1
-9999 -9999 -9999 -9999 -9999 -9999 -9999 -9999 -9999 -9999 -9999 -9999 3.83143E-2 4.50011E-2 8.81824E-2 9.56559E-2 4.01079E-2 7.82475E-2 1.09944E-1 2.00453E-1 3.50976E-1 5.05343E-1 3.78773E-1 2.56894E-1 3.24248E-1 4.30916E-1 3.32921E-1 2.68814E-1 3.3858E-1 5.23902E-1 5.61674E-1 1.82176E-1 1.13294E-1 6.48404E-2 5.59444E-2 5.26481E-2 3.14617E-1 5.64571E-1 3.54011E-1 1.57266E-1 2.05272E-1 5.81707E-1 4.70672E-1 5.11212E-1 4.7914E-1 5.07556E-1 4.93982E-1 4.86079E-1 5.33615E-1 5.73112E-1 4.73601E-1 5.89378E-1 5.23449E-1 4.12352E-1 4.50167E-1 4.69584E-1 4.8595E-1 5.74611E-1 4.91051E-1 4.99957E-1 5.79818E-1
-9999 -9999 -9999 -9999 -9999 -9999 -9999 -9999 -9999 -9999 -9999 -9999 5.47396E-2 4.57846E-2 1.86013E-1 2.16645E-1 7.59984E-2 5.62419E-2 1.52925E-1 1.94762E-1 2.80246E-1 3.39914E-1 4.41829E-1 3.36591E-1 3.65147E-1 3.29615E-1 3.29223E-1 2.69381E-1 4.21973E-1 6.40407E-1 5.77351E-1 3.10442E-1 1.13956E-1 5.7736E-2 6.06584E-2 7.3432E-2 1.35772E-1 3.91381E-1 1.71863E-1 1.89367E-1 1.79603E-1 5.94842E-1 5.31992E-1 5.51491E-1 5.15586E-1 5.47306E-1 6.5136E-1 5.30438E-1 5.13483E-1 5.54402E-1 5.10958E-1 4.43147E-1 4.7778E-1 4.46162E-1 5.54208E-1 5.15523E-1 4.97669E-1 4.78071E-1 4.59216E-1 4.96707E-1 4.90578E-1
-9999 -9999 -9999 -9999 -9999 -9999 -9999 -9999 -9999 -9999 -9999 4.67124E-2 4.64762E-2 1.96605E-1 2.87682E-1 2.63306E-1 1.14486E-1 4.90178E-2 2.32658E-1 4.31994E-1 3.52671E-1 3.09843E-1 3.51541E-1 4.25013E-1 4.41317E-1 3.31141E-1 3.3716E-1 5.67958E-1 5.27237E-1 5.39437E-1 6.75661E-1 5.28848E-1 1.05765E-1 1.52126E-1 5.38431E-2 1.15312E-1 1.21312E-1 5.41555E-1 2.54987E-1 2.76945E-1 4.68824E-1 2.72797E-1 6.32335E-1 5.22181E-1 6.33958E-1 7.1494E-1 6.60101E-1 4.2114E-1 4.7642E-1 5.65623E-1 5.15556E-1 4.12484E-1 4.64978E-1 5.09836E-1 4.68625E-1 4.6231E-1 4.61034E-1 4.65159E-1 4.84357E-1 5.0887E-1 4.69275E-1
-9999 -9999 -9999 -9999 -9999 -9999 -9999 -9999 -9999 -9999 -9999 3.71057E-2 1.38003E-1 2.57742E-1 2.15293E-1 2.78162E-1 8.36221E-2 1.06206E-1 3.38988E-1 4.00792E-1 3.59939E-1 2.35192E-1 2.83584E-1 3.463E-1 3.50484E-1 3.60394E-1 5.30178E-1 1.7183E-1 1.25861E-1 6.29821E-1 5.53317E-1 6.43876E-1 3.58557E-1 1.5317E-1 1.06291E-1 1.0747E-1 1.62765E-1 7.00998E-1 1.23158E-1 5.18725E-1 4.45804E-1 4.0806E-1 5.91875E-1 4.52E-1 5.88775E-1 2.60094E-1 1.76164E-1 6.03122E-1 4.8229E-1 6.23827E-1 5.45889E-1 4.17085E-1 4.63206E-1 4.75431E-1 4.35337E-1 4.40191E-1 4.17976E-1 4.25664E-1 4.7658E-1 4.97622E-1 5.02069E-1
-9999 -9999 -9999 -9999 -9999 -9999 -9999 -9999 -9999 -9999 7.15575E-2 3.96606E-2 1.62208E-1 2.82122E-1 3.31411E-1 4.63125E-2 5.53325E-2 1.54366E-1 2.68843E-1 2.32026E-1 2.3917E-1 3.66296E-1 3.61822E-1 3.63073E-1 3.22957E-1 5.21641E-1 3.13264E-1 1.57301E-1 2.19809E-1 3.13883E-1 3.3316E-1 6.41646E-1 4.80072E-1 6.11387E-2 1.16175E-1 1.24415E-1 4.67911E-1 7.13869E-1 2.49065E-1 4.6236E-1 6.985E-1 4.26764E-1 6.09744E-1 5.66812E-1 6.17533E-1 5.93069E-1 4.06405E-1 6.48436E-1 5.87033E-1 4.29122E-1 5.43118E-1 4.17132E-1 3.97166E-1 4.02554E-1 4.09565E-1 4.24869E-1 4.15593E-1 4.51675E-1 4.49089E-1 4.52186E-1 4.64212E-1
-9999 -9999 -9999 -9999 -9999 -9999 -9999 -9999 -9999 -9999 2.94863E-2 2.57167E-2 2.45468E-1 2.55228E-1 1.21062E-1 3.35362E-2 8.14017E-2 1.81971E-1 1.78798E-1 2.0864E-1 1.86332E-1 2.92367E-1 3.11647E-1 3.28103E-1 3.21682E-1 3.16638E-1 4.05441E-1 3.62387E-1 4.26924E-1 4.01678E-1 2.48777E-1 2.96274E-1 1.30815E-1 1.7819E-1 1.22592E-1 8.77194E-2 6.06178E-1 3.99833E-1 3.22078E-1 4.63201E-1 6.51779E-1 2.43803E-1 3.95372E-1 6.00515E-1 5.48905E-1 6.07075E-1 6.43154E-1 4.4907E-1 3.87132E-1 4.21022E-1 3.7709E-1 4.23214E-1 3.80346E-1 4.16274E-1 4.08816E-1 4.19891E-1 4.29029E-1 4.40757E-1 4.67359E-1 4.54899E-1 4.75443E-1
-9999 -9999 -9999 -9999 -9999 -9999 -9999 -9999 -9999 -9999 2.65874E-2 3.08559E-2 2.21743E-1 1.83538E-1 5.46932E-2 7.11973E-2 1.46803E-1 2.11637E-1 3.02982E-1 2.1562E-1 1.87267E-1 1.8552E-1 2.20042E-1 2.28911E-1 3.05359E-1 2.42822E-1 4.98768E-1 2.74689E-1 5.54557E-1 3.95804E-1 1.81141E-1 1.17783E-1 1.1098E-1 1.90249E-1 1.68597E-1 1.99305E-1 2.41192E-1 3.88751E-1 6.13971E-1 3.93901E-1 5.93407E-1 4.70305E-1 5.43715E-1 4.89168E-1 5.94473E-1 5.56913E-1 4.42445E-1 5.41634E-1 4.3979E-1 4.12256E-1 4.18489E-1 4.66463E-1 4.67235E-1 4.31464E-1 4.12072E-1 3.85131E-1 4.02297E-1 4.06269E-1 5.12625E-1 4.75796E-1 4.39232E-1
-9999 -9999 -9999 -9999 -9999 -9999 -9999 -9999 -9999 4.40889E-2 2.61032E-2 4.74908E-2 3.13665E-1 1.00637E-1 2.59579E-2 5.30399E-2 2.29609E-1 3.23836E-1 3.34658E-1 1.71564E-1 1.99231E-1 2.04873E-1 2.14873E-1 2.57132E-1 1.99078E-1 1.93118E-1 5.52685E-1 3.04736E-1 2.80526E-1 1.43481E-1 1.78745E-1 3.50052E-1 2.71266E-1 3.37613E-1 2.84589E-1 2.57959E-1 2.2288E-1 3.3504E-1 7.14814E-1 2.79948E-1 6.15689E-1 6.60133E-1 7.06411E-1 4.64881E-1 6.73272E-1 5.37843E-1 6.54811E-1 4.9207E-1 4.616E-1 4.2035E-1 3.85724E-1 4.22357E-1 4.27876E-1 4.66703E-1 4.96404E-1 5.06543E-1 4.81189E-1 4.54503E-1 4.55613E-1 4.66745E-1 4.62897E-1
-9999 -9999 -9999 -9999 -9999 -9999 -9999 -9999 -9999 4.1662E-2 3.26238E-2 4.61243E-2 8.13143E-2 4.12787E-2 2.74959E-2 1.26506E-1 2.80357E-1 3.62913E-1 3.14702E-1 2.46111E-1 3.44122E-1 2.40487E-1 2.04606E-1 2.63595E-1 2.34413E-1 2.94327E-1 4.85763E-1 4.05542E-1 3.54626E-1 2.73772E-1 3.21909E-1 4.90898E-1 1.81502E-1 3.53835E-1 5.20403E-1 6.00572E-1 3.48367E-1 7.06755E-1 7.30175E-1 5.98558E-1 6.18421E-1 7.26252E-1 6.48961E-1 7.03785E-1 6.79039E-1 6.29341E-1 7.00184E-1 4.68599E-1 4.82091E-1 4.87401E-1 5.44158E-1 5.65174E-1 4.72229E-1 4.83393E-1 4.80741E-1 5.29795E-1 4.91929E-1 4.58464E-1 4.62303E-1 4.41732E-1 4.09693E-1
-9999 -9999 -9999 -9999 -9999 -9999 -9999 -9999 8.14829E-2 3.37455E-2 4.79629E-2 1.56362E-1 2.8106E-2 3.4544E-2 6.30567E-2 2.44272E-1 3.35531E-1 2.90164E-1 2.89904E-1 2.73487E-1 3.08263E-1 2.95594E-1 2.7621E-1 2.84809E-1 2.71664E-1 4.13536E-1 3.50424E-1 4.47804E-1 3.49508E-1 4.32637E-1 4.52848E-1 5.56193E-1 2.91282E-1 3.99816E-1 5.25987E-1 2.74041E-1 3.43101E-1 6.2586E-1 6.30626E-1 6.67438E-1 6.8591E-1 6.50004E-1 6.70139E-1 4.15483E-1 2.2702E-1 5.56014E-1 2.9616E-1 5.14889E-1 5.90504E-1 5.39887E-1 5.16585E-1 5.3926E-1 4.2339E-1 4.69751E-1 4.89114E-1 5.69171E-1 5.68325E-1 5.23343E-1 4.85861E-1 4.4156E-1 4.43877E-1
-9999 -9999 -9999 -9999 -9999 -9999 -9999 5.44194E-2 4.66037E-2 2.98051E-2 1.14795E-1 1.47266E-1 3.12654E-2 4.15623E-2 1.44187E-1 3.09782E-1 3.25124E-1 3.04629E-1 3.39651E-1 3.30028E-1 3.47692E-1 3.15234E-1 2.96253E-1 3.0175E-1 2.8001E-1 3.34863E-1 3.45401E-1 4.64724E-1 5.56657E-1 5.23002E-1 3.98357E-1 4.12273E-1 3.90875E-1 4.02756E-1 3.97708E-1 3.84184E-1 6.51533E-1 6.42462E-1 6.50434E-1 7.23387E-1 7.2425E-1 7.52854E-1 6.35862E-1 5.1155E-1 3.4504E-1 4.17463E-1 4.77718E-1 7.94747E-1 7.93672E-1 6.07885E-1 5.13929E-1 6.05538E-1 7.45398E-1 5.51727E-1 6.49665E-1 5.72893E-1 5.47231E-1 5.19474E-1 5.28698E-1 4.74677E-1 4.52268E-1
-9999 -9999 -9999 -9999 -9999 -9999 -9999 1.42794E-2 1.21638E-2 1.33928E-2 5.54529E-2 5.80769E-2 3.88722E-2 1.07786E-1 3.35973E-1 3.57217E-1 3.25386E-1 3.58056E-1 3.23662E-1 3.18371E-1 3.21139E-1 3.50006E-1 3.85182E-1 3.49504E-1 3.27234E-1 2.94015E-1 3.50367E-1 4.76065E-1 5.56804E-1 5.44869E-1 4.01365E-1 2.55156E-1 3.5126E-1 5.29692E-1 3.52021E-1 5.43484E-1 5.88469E-1 7.42871E-1 7.16372E-1 6.96735E-1 7.06623E-1 6.48311E-1 5.57614E-1 4.38014E-1 4.6992E-1 4.14785E-1 4.21692E-1 3.65652E-1 6.2272E-1 4.04623E-1 4.63112E-1 4.24344E-1 5.95239E-1 7.42389E-1 6.15867E-1 6.01584E-1 5.2942E-1 5.16168E-1 5.46874E-1 4.88496E-1 4.55363E-1
-9999 -9999 -9999 -9999 -9999 -9999 -9999 2.19424E-2 1.41127E-2 2.13383E-2 9.68143E-2 8.41655E-2 8.19361E-2 1.26138E-1 3.80109E-1 3.44065E-1 3.47001E-1 3.87689E-1 3.31964E-1 3.08728E-1 3.34662E-1 3.06316E-1 3.94782E-1 3.67959E-1 2.98418E-1 3.10623E-1 2.98058E-1 5.0296E-1 5.46961E-1 5.43513E-1 5.35949E-1 3.33632E-1 6.04663E-1 7.99827E-1 5.96398E-1 5.53786E-1 6.79057E-1 6.20969E-1 6.93376E-1 6.00311E-1 5.40985E-1 5.24709E-1 4.92507E-1 4.80216E-1 4.96227E-1 4.93013E-1 3.89938E-1 2.59052E-1 5.07494E-1 5.92355E-1 5.32904E-1 5.04419E-1 6.3881E-1 5.1489E-1 7.10723E-1 6.66305E-1 5.50394E-1 5.33409E-1 5.22697E-1 4.71027E-1 4.68172E-1
