Candidate_Models_Sept202022/M_6_F_lqp_Set_1_cal/Bison.asc
ncols         97
nrows         127
xllcorner     -2197417.7431653
yllcorner     -584827.01486885
cellsize      30000.0
NODATA_value  -9999
[rows 54 to 80 of 127, columns 0 to 60 of 97]
-9999 -9999 -9999 -9999 2.53889E-2 1.9209E-2 1.24024E-2 1.97664E-2 1.74936E-2 1.03238E-2 1.46732E-2 4.12599E-2 7.50694E-2 1.4376E-1 8.15652E-2 3.31544E-2 4.5062E-2 8.14536E-2 8.19146E-2 9.57845E-2 1.23067E-1 1.02677E-1 8.33254E-2 6.70773E-2 8.76487E-2 1.45843E-1 1.19435E-1 9.22225E-2 1.41995E-1 1.18585E-1 1.31209E-1 1.52768E-1 1.72192E-1 1.75504E-1 1.52887E-1 1.47268E-1 1.51728E-1 1.45744E-1 1.65762E-1 1.90606E-1 2.71436E-1 3.60315E-1 2.32471E-1 1.49354E-1 1.28285E-1 1.27124E-1 1.27544E-1 1.16341E-1 1.19991E-1 1.16711E-1 1.14988E-1 1.06273E-1 9.86216E-2 1.34143E-1 1.35067E-1 1.21412E-1 1.19427E-1 1.06585E-1 1.02605E-1 7.27865E-2 6.46164E-2
-9999 -9999 -9999 -9999 -9999 1.16966E-2 8.47774E-3 1.68085E-2 1.56336E-2 1.25326E-2 1.14223E-2 3.36394E-2 8.55637E-2 1.16821E-1 7.99451E-2 4.22622E-2 3.08529E-2 3.44497E-2 1.04104E-1 4.51446E-2 1.30859E-1 1.12512E-1 8.68917E-2 1.11751E-1 7.72488E-2 8.5887E-2 1.02557E-1 1.26777E-1 1.82053E-1 1.69972E-1 1.85028E-1 1.72335E-1 1.82408E-1 1.58106E-1 1.54873E-1 1.66E-1 1.71897E-1 1.53897E-1 1.94833E-1 1.73449E-1 2.68605E-1 5.25113E-1 1.93274E-1 1.40058E-1 1.47101E-1 1.46088E-1 1.23742E-1 1.22026E-1 1.27642E-1 1.29023E-1 1.39614E-1 1.50501E-1 1.36793E-1 1.38036E-1 1.31713E-1 1.1146E-1 1.0341E-1 9.50458E-2 9.04259E-2 7.62939E-2 8.45019E-2
-9999 -9999 -9999 -9999 -9999 2.01339E-2 1.51667E-2 1.89252E-2 2.03437E-2 1.64798E-2 5.61627E-3 1.95755E-2 3.00707E-2 5.55453E-2 9.94745E-2 5.32351E-2 6.4191E-2 7.79332E-2 8.11267E-2 8.84077E-2 1.035E-1 8.41945E-2 7.23911E-2 9.0581E-2 8.20101E-2 1.1539E-1 1.17505E-1 1.48263E-1 2.35532E-1 1.73067E-1 2.05489E-1 2.10161E-1 2.15905E-1 1.99548E-1 2.04777E-1 2.2961E-1 1.67177E-1 1.48566E-1 1.76433E-1 1.52006E-1 2.56563E-1 1.8599E-1 1.40808E-1 1.47071E-1 1.44521E-1 1.37758E-1 1.2642E-1 1.18722E-1 1.12845E-1 1.36771E-1 1.38863E-1 1.39619E-1 1.35887E-1 1.54745E-1 1.1905E-1 1.06912E-1 1.15125E-1 1.04327E-1 9.49465E-2 9.16502E-2 9.05021E-2
-9999 -9999 -9999 -9999 -9999 -9999 2.5983E-2 -9999 3.43891E-2 6.78252E-3 5.20571E-3 1.62605E-2 5.13734E-2 5.12545E-2 3.54128E-2 8.94905E-2 4.59873E-2 7.9609E-2 8.87012E-2 1.10065E-1 7.9503E-2 8.02941E-2 7.86405E-2 1.25493E-1 8.99153E-2 1.07893E-1 6.37311E-2 1.47094E-1 1.6985E-1 1.98083E-1 3.4134E-1 3.34917E-1 2.56816E-1 2.27861E-1 2.21067E-1 2.26269E-1 2.24468E-1 1.66096E-1 1.78731E-1 1.38987E-1 1.59753E-1 1.70537E-1 1.69209E-1 1.5918E-1 1.45517E-1 1.45265E-1 1.4604E-1 1.66241E-1 1.83794E-1 1.36058E-1 1.40118E-1 1.92723E-1 1.34341E-1 1.1635E-1 1.1456E-1 1.24425E-1 1.2018E-1 1.18255E-1 1.13003E-1 1.03032E-1 8.81042E-2
-9999 -9999 -9999 3.35585E-2 -9999 -9999 -9999 -9999 -9999 1.51888E-2 1.67098E-2 1.69867E-2 2.06774E-2 3.78338E-2 5.06882E-2 5.88145E-2 5.13192E-2 8.13431E-2 8.62149E-2 1.24075E-1 7.84806E-2 9.60099E-2 6.30121E-2 1.35312E-1 6.4599E-2 6.66332E-2 7.06879E-2 1.13065E-1 2.67833E-1 1.99751E-1 4.56718E-1 4.11139E-1 2.5034E-1 2.06493E-1 1.81837E-1 2.36643E-1 2.18161E-1 2.67184E-1 4.72957E-1 1.68983E-1 1.75234E-1 1.71477E-1 1.7162E-1 1.64042E-1 1.58876E-1 1.65668E-1 1.72207E-1 1.57992E-1 1.6129E-1 1.46205E-1 1.43078E-1 1.42486E-1 1.50098E-1 1.1993E-1 1.24005E-1 1.42273E-1 1.21833E-1 1.67863E-1 1.40981E-1 1.08637E-1 1.02207E-1
-9999 -9999 -9999 2.34886E-2 4.65601E-2 5.20099E-2 -9999 -9999 -9999 2.20667E-2 1.2341E-2 3.68335E-2 3.33348E-2 4.5091E-2 4.05375E-2 6.89306E-2 4.4992E-2 6.70528E-2 1.15915E-1 1.04761E-1 8.73333E-2 8.95029E-2 8.39884E-2 1.34424E-1 9.25778E-2 7.15757E-2 7.80457E-2 1.2514E-1 3.34187E-1 2.88673E-1 5.36542E-1 4.70039E-1 2.64945E-1 2.37192E-1 2.36608E-1 2.00552E-1 2.13505E-1 4.87286E-1 3.42111E-1 1.77052E-1 1.84902E-1 2.11095E-1 1.74304E-1 1.61223E-1 1.73609E-1 1.57717E-1 1.70237E-1 1.62903E-1 1.62985E-1 1.92909E-1 1.76425E-1 1.65869E-1 1.23351E-1 1.2349E-1 1.24806E-1 1.45581E-1 2.08283E-1 1.89217E-1 1.41528E-1 1.36484E-1 1.34532E-1
-9999 -9999 -9999 2.20967E-2 4.72655E-2 6.58323E-2 4.53304E-2 -9999 -9999 2.60069E-2 1.63591E-2 3.9406E-2 3.54942E-2 3.95885E-2 3.73072E-2 5.9589E-2 7.41704E-2 1.05401E-1 1.17439E-1 9.22224E-2 1.19892E-1 1.31022E-1 1.21792E-1 9.70873E-2 1.35621E-1 7.18226E-2 1.30481E-1 1.18935E-1 2.13032E-1 2.0717E-1 4.86591E-1 6.40547E-1 4.69588E-1 4.68065E-1 5.23847E-1 2.88586E-1 3.35206E-1 3.70386E-1 2.2726E-1 2.0808E-1 2.20784E-1 2.05156E-1 1.88131E-1 1.75818E-1 1.66518E-1 1.68482E-1 1.67559E-1 1.83183E-1 1.78415E-1 2.8223E-1 3.32725E-1 2.59917E-1 1.78802E-1 2.26226E-1 1.38171E-1 1.38197E-1 1.57238E-1 1.66993E-1 1.60057E-1 1.56977E-1 1.23958E-1
-9999 -9999 -9999 1.20664E-2 4.14307E-2 5.21487E-2 -9999 -9999 4.34685E-2 1.74334E-2 8.20295E-3 1.74941E-2 2.77004E-2 3.756E-2 4.42707E-2 7.49863E-2 1.71848E-1 1.26725E-1 1.29386E-1 8.77024E-2 1.08499E-1 1.24817E-1 1.45742E-1 1.28832E-1 1.36943E-1 7.5139E-2 9.15465E-2 1.01717E-1 1.56442E-1 3.53719E-1 6.07701E-1 6.91587E-1 6.4274E-1 5.79031E-1 5.80965E-1 5.17345E-1 4.60974E-1 4.86751E-1 3.2532E-1 2.55259E-1 2.58939E-1 2.55345E-1 2.13113E-1 1.939E-1 1.73081E-1 2.14136E-1 1.97833E-1 1.93076E-1 2.40766E-1 3.13468E-1 2.92371E-1 1.86983E-1 1.56145E-1 1.34056E-1 1.50312E-1 1.4788E-1 1.59305E-1 1.43253E-1 1.65796E-1 1.34854E-1 1.34224E-1
-9999 -9999 -9999 1.22446E-2 4.17016E-2 -9999 -9999 6.56917E-2 3.31663E-2 1.57095E-2 1.44949E-2 1.61109E-2 2.94047E-2 3.96182E-2 4.82552E-2 9.85417E-2 1.28918E-1 1.17273E-1 1.33511E-1 1.15187E-1 1.15794E-1 1.47016E-1 1.51816E-1 1.56562E-1 1.47317E-1 8.69432E-2 1.42969E-1 1.35382E-1 1.29947E-1 1.50402E-1 3.90038E-1 6.37713E-1 4.62762E-1 5.46773E-1 6.82347E-1 6.36717E-1 5.97679E-1 7.01543E-1 5.00754E-1 2.72961E-1 2.56965E-1 2.16892E-1 2E-1 1.82879E-1 1.9827E-1 2.44952E-1 2.12085E-1 1.75002E-1 1.73554E-1 2.26019E-1 2.50927E-1 1.47526E-1 1.20615E-1 1.38211E-1 1.40216E-1 1.43353E-1 1.52542E-1 1.4338E-1 1.31964E-1 1.3243E-1 1.5456E-1
-9999 -9999 -9999 1.05841E-2 1.65046E-2 -9999 -9999 -9999 3.51746E-2 1.45334E-2 1.29102E-2 2.09095E-2 1.44683E-2 9.51828E-2 9.65122E-2 9.95129E-2 1.25236E-1 1.46199E-1 1.61627E-1 1.07689E-1 1.30901E-1 1.47639E-1 1.61233E-1 1.5432E-1 1.41665E-1 8.36822E-2 7.25145E-2 7.3906E-2 1.20405E-1 1.29E-1 1.77533E-1 4.63532E-1 5.67869E-1 5.84217E-1 7.14844E-1 7.05611E-1 6.0155E-1 6.14055E-1 3.17642E-1 2.75944E-1 2.46086E-1 2.4609E-1 2.22227E-1 2.04048E-1 2.20045E-1 2.39924E-1 2.69258E-1 1.97024E-1 2.05699E-1 2.49281E-1 2.47314E-1 1.77757E-1 1.8879E-1 1.70802E-1 1.64778E-1 1.54196E-1 1.49434E-1 1.50211E-1 1.46655E-1 1.67939E-1 1.6083E-1
-9999 -9999 -9999 1.29575E-2 2.5282E-2 -9999 -9999 -9999 4.57215E-2 2.10958E-2 1.88914E-2 1.41537E-2 3.92896E-2 8.10758E-2 8.23157E-2 1.28465E-1 1.28167E-1 1.50438E-1 1.67548E-1 1.27074E-1 1.27955E-1 1.75654E-1 1.79005E-1 1.77588E-1 1.63317E-1 1.44978E-1 6.67915E-2 1.06484E-1 1.06409E-1 1.75113E-1 2.10279E-1 5.18053E-1 6.14503E-1 6.4549E-1 5.76471E-1 5.72265E-1 5.00742E-1 6.37462E-1 3.64912E-1 3.91668E-1 2.81022E-1 2.76488E-1 2.40946E-1 2.1652E-1 3.14933E-1 3.14846E-1 2.92948E-1 2.21605E-1 2.34502E-1 2.78114E-1 2.92523E-1 1.88761E-1 1.79156E-1 1.67303E-1 1.70358E-1 1.6953E-1 1.53096E-1 1.45705E-1 1.40841E-1 1.34598E-1 1.50863E-1
-9999 -9999 -9999 9.35419E-3 3.01509E-2 -9999 -9999 -9999 4.5028E-2 3.06958E-2 7.47417E-3 1.81639E-2 2.70911E-2 7.33851E-2 1.35251E-1 1.08779E-1 1.28814E-1 1.65084E-1 1.37843E-1 1.39153E-1 2.1224E-1 2.85837E-1 1.94286E-1 1.86594E-1 1.64152E-1 1.48618E-1 1.02422E-1 1.23026E-1 1.10684E-1 1.60777E-1 2.03171E-1 3.36543E-1 5.28291E-1 6.59285E-1 5.03984E-1 6.05435E-1 3.75982E-1 5.62515E-1 5.82062E-1 3.92157E-1 2.40479E-1 2.36983E-1 2.3305E-1 2.43938E-1 2.20971E-1 2.25613E-1 2.32817E-1 2.57433E-1 2.93156E-1 2.5881E-1 2.17374E-1 2.01508E-1 1.85783E-1 1.77351E-1 1.77595E-1 1.73027E-1 1.56304E-1 1.7158E-1 1.59697E-1 1.53473E-1 2.38959E-1
-9999 -9999 -9999 -9999 1.35365E-2 -9999 -9999 -9999 -9999 3.37705E-2 1.28157E-2 1.41708E-2 3.59187E-2 2.53353E-2 8.08437E-2 1.24203E-1 1.47606E-1 1.66303E-1 1.64098E-1 2.02692E-1 1.76791E-1 4.17767E-1 2.80369E-1 2.08305E-1 2.39733E-1 1.52426E-1 1.00554E-1 8.19804E-2 1.46104E-1 1.16091E-1 1.38879E-1 1.92619E-1 2.33696E-1 2.65113E-1 2.50101E-1 2.9366E-1 5.63949E-1 4.77298E-1 2.9354E-1 2.30004E-1 3.15423E-1 2.27379E-1 2.97165E-1 2.48551E-1 2.33726E-1 2.81379E-1 2.48131E-1 2.70018E-1 2.66989E-1 2.52527E-1 3.22103E-1 2.06487E-1 1.94714E-1 1.83411E-1 1.81548E-1 1.88232E-1 1.7778E-1 1.64036E-1 1.56126E-1 1.46438E-1 1.46589E-1
-9999 -9999 -9999 -9999 3.21087E-2 -9999 -9999 -9999 -9999 4.85596E-2 1.87945E-2 1.23879E-2 6.3366E-2 3.91679E-2 5.99776E-2 1.16701E-1 1.55647E-1 1.56245E-1 1.70379E-1 1.62062E-1 1.96119E-1 2.42627E-1 2.08717E-1 3.32929E-1 4.34536E-1 1.89457E-1 1.31979E-1 1.08196E-1 1.15053E-1 1.17757E-1 9.19013E-2 1.51182E-1 2.19657E-1 2.85793E-1 2.39593E-1 2.40454E-1 3.67136E-1 2.56296E-1 2.16274E-1 2.00164E-1 2.71221E-1 2.54836E-1 2.70457E-1 3.14432E-1 2.45414E-1 2.7327E-1 3.80477E-1 2.7311E-1 2.65757E-1 2.76546E-1 2.9057E-1 2.24151E-1 2.11171E-1 2.01223E-1 1.96165E-1 2.05396E-1 1.90893E-1 1.75361E-1 1.67848E-1 1.55462E-1 1.50424E-1
-9999 -9999 -9999 -9999 -9999 -9999 -9999 -9999 -9999 3.60566E-2 2.9331E-2 8.87461E-3 3.04445E-2 2.54913E-2 2.92538E-2 8.71961E-2 1.70816E-1 1.73167E-1 1.61723E-1 1.94568E-1 1.80102E-1 1.89185E-1 2.09454E-1 1.95862E-1 1.71817E-1 1.02934E-1 7.59785E-2 1.22854E-1 8.97706E-2 1.10901E-1 1.42387E-1 1.19182E-1 1.24878E-1 2.12595E-1 1.98205E-1 2.51143E-1 3.67917E-1 3.41286E-1 2.36363E-1 2.81115E-1 3.35848E-1 2.68445E-1 2.9929E-1 3.30938E-1 4.7475E-1 5.26758E-1 5.20863E-1 3.19732E-1 2.58233E-1 2.51608E-1 2.76514E-1 2.74476E-1 2.26247E-1 2.03487E-1 2.02713E-1 1.92703E-1 1.9544E-1 1.92126E-1 1.75518E-1 1.78325E-1 1.67598E-1
-9999 -9999 -9999 -9999 -9999 -9999 -9999 -9999 -9999 -9999 3.46052E-2 1.18034E-2 1.29434E-2 3.25659E-2 5.08178E-2 1.37672E-1 1.72409E-1 1.56052E-1 1.91762E-1 1.85068E-1 1.64302E-1 1.63538E-1 1.98895E-1 1.94032E-1 1.7034E-1 9.29448E-2 9.16046E-2 8.72552E-2 9.61359E-2 1.10916E-1 1.48923E-1 9.27246E-2 1.83963E-1 2.32293E-1 2.59349E-1 2.60194E-1 3.27044E-1 3.4381E-1 2.62323E-1 3.09704E-1 3.23339E-1 4.61358E-1 4.7849E-1 5.51826E-1 6.1788E-1 6.26929E-1 5.18355E-1 6.11047E-1 2.78026E-1 2.48029E-1 3.4301E-1 2.77789E-1 2.34973E-1 2.25044E-1 2.09397E-1 1.87596E-1 2.1634E-1 2.3307E-1 2.06469E-1 1.92725E-1 1.92209E-1
-9999 -9999 -9999 -9999 -9999 -9999 -9999 -9999 -9999 -9999 2.89574E-2 1.439E-2 1.11482E-2 2.33607E-2 5.16548E-2 3.87596E-2 1.91313E-1 2.172E-1 1.821E-1 1.90714E-1 1.59655E-1 1.58048E-1 2.06523E-1 2.5419E-1 1.52488E-1 8.6183E-2 6.82692E-2 4.24164E-2 7.06365E-2 1.5834E-1 1.38709E-1 1.36823E-1 1.45818E-1 2.1755E-1 2.44484E-1 2.92373E-1 2.43056E-1 2.55242E-1 2.67548E-1 4.81138E-1 5.25973E-1 6.11417E-1 5.92249E-1 6.24012E-1 6.05434E-1 5.74298E-1 3.72803E-1 5.01304E-1 4.15006E-1 4.90425E-1 5.14791E-1 3.58013E-1 2.27491E-1 2.26629E-1 2.10146E-1 2.08269E-1 2.07045E-1 2.00745E-1 2.00456E-1 1.94569E-1 2.02482E-1
-9999 -9999 -9999 -9999 -9999 -9999 -9999 -9999 -9999 -9999 2.30885E-2 9.37987E-3 1.39286E-2 2.28636E-2 1.94479E-1 2.06612E-1 2.35683E-1 2.43322E-1 2.0032E-1 2.00946E-1 1.79778E-1 1.89141E-1 2.10046E-1 2.25887E-1 1.76432E-1 9.5617E-2 6.61949E-2 7.83933E-2 1.00365E-1 8.31985E-2 1.42852E-1 2.0035E-1 1.69829E-1 1.44584E-1 2.34747E-1 2.64834E-1 3.58726E-1 4.50112E-1 4.95241E-1 4.7304E-1 5.98723E-1 6.17525E-1 6.65888E-1 6.53109E-1 6.64145E-1 6.67408E-1 6.14405E-1 5.88669E-1 5.93311E-1 6.14961E-1 6.56699E-1 5.38714E-1 4.338E-1 3.89117E-1 3.89201E-1 2.30551E-1 2.10141E-1 2.04029E-1 2.12797E-1 2.07451E-1 2.23316E-1
-9999 -9999 -9999 -9999 -9999 -9999 -9999 -9999 -9999 -9999 2.51399E-2 6.90876E-3 1.40203E-2 2.28935E-2 9.93587E-2 8.09292E-2 1.86178E-1 2.05944E-1 1.90068E-1 2.23009E-1 2.49396E-1 2.16594E-1 2.0069E-1 2.16756E-1 1.58947E-1 8.64919E-2 7.21688E-2 7.54754E-2 1.96016E-1 1.02285E-1 9.28639E-2 2.28002E-1 1.81238E-1 1.15403E-1 2.48108E-1 2.55902E-1 3.54953E-1 4.21768E-1 4.05561E-1 4.85525E-1 6.01216E-1 6.58173E-1 7.25796E-1 6.7834E-1 7.40571E-1 6.9492E-1 6.68894E-1 6.54878E-1 6.88538E-1 6.37509E-1 4.3895E-1 3.5693E-1 3.52405E-1 4.81924E-1 5.55755E-1 4.98833E-1 2.48244E-1 2.26364E-1 2.21389E-1 2.06134E-1 2.28009E-1
-9999 -9999 -9999 -9999 -9999 -9999 -9999 -9999 -9999 -9999 1.66209E-2 9.06971E-3 2.04447E-2 1.02574E-1 2.29106E-1 4.98188E-2 1.92563E-1 1.56476E-1 1.94287E-1 2.64347E-1 2.9823E-1 2.33976E-1 2.23828E-1 1.80908E-1 2.24195E-1 1.53576E-1 8.74015E-2 8.07162E-2 1.25E-1 2.07048E-1 1.02968E-1 1.09145E-1 1.49638E-1 1.63424E-1 2.33647E-1 3.28749E-1 3.1291E-1 3.23769E-1 3.81182E-1 4.76336E-1 6.41218E-1 7.31767E-1 7.37469E-1 7.58017E-1 7.80797E-1 6.51247E-1 6.28452E-1 6.4643E-1 5.77687E-1 6.94269E-1 6.38353E-1 4.41532E-1 3.58456E-1 5.7017E-1 4.08481E-1 3.65185E-1 2.43439E-1 2.95479E-1 2.44945E-1 2.15084E-1 2.35088E-1
-9999 -9999 -9999 -9999 -9999 -9999 -9999 -9999 4.90338E-2 3.68469E-2 3.05951E-2 1.58471E-2 9.75988E-3 2.52662E-2 7.65031E-2 1.98256E-1 1.89705E-1 1.68048E-1 1.56954E-1 2.24075E-1 2.49085E-1 2.68213E-1 2.57656E-1 2.17332E-1 2.33301E-1 2.01538E-1 8.79101E-2 6.21905E-2 6.78202E-2 1.08537E-1 6.48451E-2 8.35425E-2 1.81864E-1 1.37473E-1 2.02597E-1 1.87045E-1 2.47076E-1 3.59074E-1 3.31397E-1 5.11384E-1 6.6149E-1 7.47201E-1 7.12538E-1 6.91355E-1 7.15116E-1 6.33048E-1 6.30665E-1 6.54589E-1 6.52619E-1 6.05068E-1 6.82551E-1 6.28651E-1 5.94926E-1 5.49134E-1 3.75262E-1 3.31292E-1 4.15249E-1 3.75341E-1 3.76312E-1 2.35688E-1 2.69455E-1
-9999 -9999 -9999 -9999 -9999 -9999 -9999 -9999 2.18209E-2 1.9996E-2 4.07555E-2 3.01237E-2 2.09784E-2 1.01809E-2 1.38408E-2 9.08353E-2 9.49613E-2 2.23718E-1 1.46513E-1 1.80172E-1 2.36689E-1 2.4285E-1 2.6577E-1 2.27917E-1 2.31306E-1 1.60007E-1 1.02343E-1 8.6561E-2 8.40212E-2 7.33193E-2 1.79498E-1 6.24861E-2 1.49807E-1 1.98068E-1 2.8884E-1 1.5784E-1 2.29433E-1 2.97259E-1 3.22193E-1 3.19054E-1 5.82023E-1 6.91975E-1 6.75764E-1 6.91314E-1 6.81774E-1 6.59247E-1 6.2166E-1 6.46064E-1 6.41952E-1 6.86375E-1 6.81688E-1 6.65493E-1 6.33134E-1 5.92336E-1 5.82652E-1 5.38028E-1 6.09312E-1 5.38115E-1 5.79549E-1 5.52636E-1 5.98194E-1
-9999 -9999 -9999 -9999 -9999 -9999 -9999 -9999 9.50176E-3 7.02498E-3 1.15062E-2 1.11768E-2 1.72704E-2 1.15647E-2 1.2817E-2 5.92056E-2 1.0382E-1 2.37357E-1 1.7096E-1 1.81956E-1 2.29166E-1 1.90125E-1 1.99174E-1 2.35341E-1 2.62496E-1 2.65259E-1 1.24231E-1 1.27023E-1 1.12439E-1 9.05946E-2 1.28046E-1 1.25801E-1 1.32261E-1 2.43445E-1 3.67019E-1 3.28216E-1 1.61824E-1 2.35375E-1 2.95535E-1 5.66917E-1 6.9659E-1 6.90614E-1 7.06307E-1 7.24925E-1 7.28785E-1 6.79014E-1 6.45882E-1 6.1452E-1 6.93329E-1 6.90123E-1 7.36288E-1 6.91085E-1 6.43862E-1 5.8394E-1 6.23034E-1 5.78009E-1 6.05929E-1 5.60707E-1 5.82585E-1 6.47487E-1 6.90567E-1
-9999 -9999 -9999 -9999 -9999 -9999 -9999 -9999 -9999 8.97427E-3 7.99972E-3 1.01375E-2 1.53253E-2 2.28144E-2 1.27761E-2 1.25023E-2 6.89363E-2 2.33413E-1 3.96028E-1 2.75755E-1 1.21223E-1 1.28891E-1 1.13394E-1 2.21164E-1 1.91042E-1 2.13156E-1 1.47239E-1 7.6321E-2 8.42089E-2 7.34914E-2 5.61249E-2 9.25987E-2 1.19162E-1 1.06335E-1 2.32434E-1 2.10283E-1 2.25169E-1 2.35225E-1 3.36753E-1 7.2816E-1 6.88446E-1 7.24982E-1 7.43667E-1 7.29867E-1 6.86159E-1 6.34685E-1 7.03238E-1 7.05326E-1 6.06012E-1 6.37247E-1 6.31693E-1 6.22785E-1 6.12295E-1 7.29151E-1 6.93733E-1 6.12166E-1 6.4837E-1 6.3086E-1 6.30863E-1 5.90507E-1 6.45409E-1
-9999 -9999 -9999 -9999 -9999 -9999 -9999 -9999 -9999 8.5022E-3 1.05157E-2 1.00128E-2 8.36335E-3 2.65804E-2 3.02343E-2 1.69746E-2 2.05569E-2 6.61375E-2 1.87137E-1 1.61916E-1 8.7659E-2 7.27015E-2 9.89044E-2 1.37591E-1 1.66104E-1 1.8146E-1 1.86882E-1 1.10854E-1 6.54122E-2 5.42597E-2 1.03048E-1 4.04022E-2 2.0019E-1 8.63173E-2 2.026E-1 2.84704E-1 3.83254E-1 2.41601E-1 2.68069E-1 6.27526E-1 7.25007E-1 7.04988E-1 6.85377E-1 6.95169E-1 6.7805E-1 5.86657E-1 5.88219E-1 7.00601E-1 6.27905E-1 6.64594E-1 6.96779E-1 6.19054E-1 6.61629E-1 6.75703E-1 7.00882E-1 6.57057E-1 5.82068E-1 5.94053E-1 6.31858E-1 6.18425E-1 6.5598E-1
-9999 -9999 -9999 -9999 -9999 -9999 -9999 -9999 -9999 -9999 9.81652E-3 5.39986E-3 5.98263E-3 3.98074E-2 9.11307E-2 1.55996E-2 1.83946E-2 3.6176E-2 1.43179E-1 1.05158E-1 8.51405E-2 4.84461E-2 7.88278E-2 2.57292E-1 1.9018E-1 1.92772E-1 1.3567E-1 7.9573E-2 6.27882E-2 5.74932E-2 6.918E-2 6.16996E-2 8.07386E-2 1.02205E-1 1.15272E-1 2.26884E-1 3.084E-1 2.82626E-1 4.20665E-1 6.37565E-1 6.67345E-1 6.86342E-1 6.91999E-1 6.73344E-1 5.50875E-1 5.31057E-1 5.30053E-1 6.26203E-1 6.03267E-1 6.20944E-1 7.15939E-1 7.03502E-1 6.81217E-1 7.18509E-1 6.30659E-1 6.63501E-1 6.91376E-1 5.94322E-1 6.27277E-1 6.6871E-1 6.38867E-1
-9999 -9999 -9999 -9999 -9999 -9999 -9999 -9999 -9999 -9999 1.20894E-2 6.11853E-3 9.28687E-3 2.0746E-2 1.0601E-1 3.79458E-2 1.28011E-2 1.64827E-2 7.24044E-2 7.21081E-2 6.95018E-2 8.40294E-2 7.50601E-2 1.14907E-1 2.80532E-1 3.71876E-1 3.06362E-1 1.4218E-1 1.38406E-1 8.55982E-2 3.98809E-2 7.13679E-2 1.31404E-1 1.41189E-1 8.93074E-2 1.67788E-1 2.25546E-1 2.57732E-1 2.83448E-1 6.80817E-1 6.87463E-1 7.06405E-1 7.17415E-1 7.40279E-1 6.82876E-1 5.73308E-1 4.99422E-1 5.14978E-1 5.86822E-1 5.74797E-1 6.30548E-1 6.61289E-1 6.71937E-1 6.85628E-1 6.69421E-1 6.24316E-1 6.73699E-1 6.82227E-1 6.85972E-1 6.20127E-1 6.23205E-1
