Candidate_Models_Sept202022/M_0.4_F_lqp_Set_1_all/Bison.asc
ncols         97
nrows         127
xllcorner     -2197417.7431653
yllcorner     -584827.01486885
cellsize      30000.0
NODATA_value  -9999
[rows 27 to 53 of 127, columns 0 to 60 of 97]
-9999 -9999 5.5707E-6 2.17857E-6 1.40877E-5 2.66144E-5 2.6405E-5 3.60879E-5 6.84134E-5 3.5054E-5 2.96765E-5 4.13798E-5 1.48251E-5 1.89808E-5 1.42727E-5 2.14937E-5 1.56692E-5 1.30387E-5 8.53717E-6 7.4724E-6 6.32761E-6 5.82986E-6 4.60096E-6 4.35396E-6 5.67417E-6 8.27604E-6 9.93537E-6 9.08013E-6 8.55082E-6 8.11998E-6 6.9779E-6 8.80743E-6 6.68189E-6 7.97182E-6 1.0413E-5 1.04379E-5 1.30446E-5 1.23338E-5 8.02677E-6 1.65248E-5 3.12854E-5 2.73481E-5 2.40207E-5 4.94648E-5 2.2877E-5 1.86302E-5 1.3223E-5 9.98979E-6 6.9483E-6 5.70297E-6 5.34567E-6 6.38187E-6 4.12412E-6 3.6246E-6 2.1324E-6 1.54185E-6 1.49654E-6 1.34244E-6 1.61185E-6 1.88396E-6 3.02282E-6
-9999 7.46471E-7 7.34263E-6 2.8629E-6 2.0702E-6 1.21548E-5 3.10768E-5 3.22046E-5 3.30217E-5 4.17977E-5 3.2373E-5 3.01817E-5 2.98295E-5 2.66518E-5 2.05894E-5 2.11354E-5 2.93099E-5 1.80778E-5 1.35942E-5 1.11404E-5 1.03492E-5 7.52835E-6 4.38582E-6 5.0726E-6 7.30532E-6 9.18861E-6 8.45488E-6 9.65875E-6 9.32418E-6 9.94461E-6 7.59361E-6 6.2089E-6 6.22714E-6 7.22926E-6 7.55319E-6 9.19476E-6 1.08244E-5 2.23498E-5 2.10919E-5 1.70658E-5 2.09605E-5 1.5244E-5 2.05026E-5 2.03985E-5 2.06604E-5 1.22892E-5 1.20403E-5 7.59922E-6 6.27459E-6 4.7455E-6 5.15338E-6 7.89752E-6 3.53088E-6 2.8591E-6 2.20638E-6 1.73401E-6 1.50107E-6 1.38397E-6 1.48028E-6 1.73489E-6 1.58317E-6
-9999 1.04471E-7 2.55392E-7 2.91399E-6 3.57808E-6 1.16227E-5 1.98711E-5 3.62049E-5 4.5132E-5 4.67099E-5 2.87957E-5 3.71506E-5 3.15978E-5 2.8067E-5 2.62596E-5 1.61573E-5 2.06393E-5 2.30192E-5 2.17634E-5 1.33212E-5 9.1499E-6 5.4141E-6 6.94439E-6 5.89218E-6 1.28726E-5 1.06641E-5 1.04131E-5 9.4567E-6 9.03692E-6 9.13934E-6 8.08009E-6 6.98394E-6 8.85536E-6 7.60148E-6 7.6161E-6 7.87124E-6 7.90492E-6 1.34027E-5 1.24695E-5 1.71384E-5 1.98256E-5 1.92396E-5 2.05007E-5 1.65706E-5 1.10334E-5 1.2159E-5 9.09638E-6 6.9104E-6 4.94111E-6 4.63004E-6 4.44694E-6 4.38423E-6 3.25552E-6 2.62312E-6 2.05307E-6 1.77484E-6 1.53226E-6 1.34596E-6 1.28723E-6 1.64257E-6 1.56591E-6
6.85483E-6 7.87701E-8 2.60716E-9 3.99061E-8 4.33083E-7 6.29416E-6 2.01588E-5 4.67483E-5 3.71322E-5 3.80423E-5 3.50774E-5 3.78031E-5 4.08152E-5 5.01021E-5 2.56316E-5 1.86827E-5 3.1895E-5 2.51316E-5 2.04453E-5 1.40656E-5 9.10093E-6 6.3161E-6 9.21202E-6 1.06403E-5 1.1166E-5 1.05293E-5 9.27815E-6 9.92965E-6 1.00044E-5 9.23099E-6 7.73664E-6 7.14883E-6 8.01684E-6 6.70872E-6 9.50915E-6 1.00717E-5 8.205E-6 1.0908E-5 1.62863E-5 1.73631E-5 1.82574E-5 1.51668E-5 1.39292E-5 1.78528E-5 1.22024E-5 1.01864E-5 8.92263E-6 6.71369E-6 4.8172E-6 3.50175E-6 3.02946E-6 3.47358E-6 3.35258E-6 2.975E-6 2.40878E-6 1.96111E-6 1.51221E-6 1.39899E-6 1.35723E-6 1.62191E-6 1.57456E-6
8.86089E-6 7.77138E-6 2.36669E-8 4.24972E-9 1.56098E-7 1.23333E-5 2.199E-5 5.94733E-5 4.07772E-5 4.39523E-5 4.98643E-5 4.3148E-5 3.99803E-5 6.11988E-5 3.10376E-5 3.47096E-5 2.02445E-5 3.18909E-5 1.75092E-5 9.99513E-6 7.67705E-6 8.21351E-6 8.6735E-6 9.02248E-6 1.00884E-5 1.02083E-5 1.03042E-5 1.10148E-5 1.00479E-5 1.06124E-5 8.6581E-6 7.231E-6 8.47723E-6 5.3295E-6 1.02979E-5 1.16233E-5 1.24697E-5 1.36299E-5 1.43161E-5 1.32023E-5 1.58509E-5 1.51786E-5 1.46175E-5 1.27197E-5 1.09672E-5 8.67475E-6 7.91349E-6 7.2095E-6 5.58547E-6 3.55147E-6 3.1863E-6 3.5071E-6 3.05732E-6 3.00613E-6 2.59428E-6 2.05966E-6 1.65939E-6 1.61488E-6 1.49171E-6 1.62146E-6 1.62303E-6
9.55482E-6 4.61569E-5 5.23674E-6 5.56106E-8 7.31922E-8 1.02615E-5 3.43271E-5 4.41914E-5 4.3053E-5 4.65426E-5 4.78456E-5 4.37139E-5 4.07085E-5 3.67563E-5 3.0899E-5 2.21522E-5 1.92251E-5 1.79026E-5 1.71875E-5 1.36917E-5 1.07222E-5 8.72645E-6 8.43121E-6 9.81017E-6 1.49306E-5 1.06878E-5 1.11502E-5 1.85302E-5 1.15217E-5 9.36644E-6 7.68924E-6 7.35361E-6 6.28457E-6 6.04941E-6 9.01753E-6 1.14769E-5 1.2721E-5 1.08093E-5 1.08102E-5 1.08384E-5 1.02417E-5 1.5248E-5 1.45225E-5 1.51384E-5 1.35305E-5 8.1338E-6 7.17281E-6 6.90369E-6 6.51311E-6 3.98549E-6 3.64725E-6 3.45084E-6 2.98905E-6 3.06229E-6 2.705E-6 2.02409E-6 1.83283E-6 1.73796E-6 1.84763E-6 1.66871E-6 1.74013E-6
-9999 6.88052E-6 2.23192E-5 9.21876E-6 3.2017E-7 1.58713E-5 2.27061E-5 4.18431E-5 3.67337E-5 2.97026E-5 4.57979E-5 5.2402E-5 3.98578E-5 3.38619E-5 1.75146E-5 1.56559E-5 9.20393E-6 7.9002E-6 1.69614E-5 1.67866E-5 1.35114E-5 1.57249E-5 1.03429E-5 1.02508E-5 1.21603E-5 1.75176E-5 1.51959E-5 1.85252E-5 1.87642E-5 1.25269E-5 1.09928E-5 8.25778E-6 7.71083E-6 8.5826E-6 1.05844E-5 1.06874E-5 1.29794E-5 1.34627E-5 1.16232E-5 1.40268E-5 1.31564E-5 1.14346E-5 1.42638E-5 1.34869E-5 1.21436E-5 8.42957E-6 7.90776E-6 9.94582E-6 8.37167E-6 6.09167E-6 4.95109E-6 4.35652E-6 3.68886E-6 3.53594E-6 2.78339E-6 2.39678E-6 2.60392E-6 1.92814E-6 1.89247E-6 1.69786E-6 1.89635E-6
-9999 -9999 4.58471E-6 9.25919E-6 2.20284E-6 1.78014E-5 8.08021E-6 1.9343E-5 3.05833E-5 4.26381E-5 3.49659E-5 8.92219E-5 2.94957E-5 2.72544E-5 1.76512E-5 1.41114E-5 1.07803E-5 7.80536E-6 9.63323E-6 1.6577E-5 1.84137E-5 1.05311E-5 1.10597E-5 1.10171E-5 2.23549E-5 1.29915E-5 1.68371E-5 2.52325E-5 1.6373E-5 1.38301E-5 9.42388E-6 8.12528E-6 1.08221E-5 1.13345E-5 1.2256E-5 9.89057E-6 1.05453E-5 1.12965E-5 8.47939E-6 9.92748E-6 1.5906E-5 1.45229E-5 1.72498E-5 1.3437E-5 1.45222E-5 1.03979E-5 9.781E-6 9.40482E-6 1.05391E-5 1.08024E-5 6.65748E-6 5.22171E-6 4.00531E-6 3.56582E-6 3.02531E-6 2.46649E-6 2.92278E-6 2.09514E-6 2.11162E-6 2.10129E-6 2.00138E-6
-9999 -9999 5.10429E-6 9.82163E-6 5.1766E-6 7.28763E-6 4.08121E-6 1.25925E-5 1.84082E-5 4.3167E-5 4.24753E-5 5.50722E-5 2.81445E-5 2.54846E-5 1.52231E-5 2.214E-5 1.64708E-5 1.50838E-5 1.00176E-5 1.45295E-5 1.77794E-5 1.79003E-5 1.19955E-5 9.22838E-6 1.91103E-5 1.58629E-5 1.87948E-5 2.21365E-5 2.42314E-5 1.37118E-5 1.09753E-5 9.0131E-6 8.94505E-6 9.72683E-6 8.92332E-6 1.13993E-5 5.73117E-6 9.74995E-6 8.54264E-6 8.97657E-6 1.15066E-5 1.73362E-5 1.15031E-5 1.40152E-5 1.35599E-5 1.20088E-5 9.80816E-6 1.05674E-5 1.04738E-5 1.44867E-5 8.27237E-6 8.01996E-6 5.13215E-6 3.95649E-6 3.28414E-6 2.81114E-6 2.56341E-6 2.47888E-6 2.53201E-6 2.40614E-6 2.00135E-6
-9999 -9999 5.72792E-6 1.1976E-5 4.76016E-6 3.16432E-6 3.01187E-6 2.01814E-5 2.77247E-5 2.8459E-5 3.97083E-5 2.903E-5 3.62749E-5 2.57456E-5 1.50532E-5 1.84037E-5 1.9532E-5 1.74004E-5 1.9533E-5 1.53782E-5 2.08582E-5 2.00399E-5 1.27231E-5 1.64037E-5 1.23913E-5 1.10776E-5 1.80202E-5 1.53442E-5 1.87431E-5 1.66233E-5 1.15711E-5 8.08684E-6 7.76964E-6 1.0221E-5 1.10378E-5 1.21283E-5 6.64297E-6 7.08476E-6 8.19721E-6 8.77218E-6 1.01694E-5 1.1528E-5 1.07476E-5 8.48621E-6 1.43072E-5 1.35155E-5 1.12608E-5 1.3543E-5 1.19884E-5 1.37915E-5 8.68639E-6 7.14335E-6 5.35418E-6 4.20847E-6 4.01918E-6 3.30277E-6 2.94959E-6 2.73928E-6 3.17856E-6 2.70759E-6 2.33311E-6
-9999 -9999 -9999 7.32796E-6 1.55693E-5 1.83148E-5 8.80949E-6 1.53121E-5 1.60249E-5 1.02143E-5 1.37517E-5 3.51296E-5 3.95246E-5 2.83447E-5 1.78863E-5 1.71649E-5 1.74412E-5 1.57512E-5 1.97938E-5 1.97715E-5 1.81109E-5 1.37891E-5 1.08674E-5 1.95576E-5 2.48801E-5 1.47298E-5 2.1815E-5 1.95527E-5 1.48614E-5 1.18607E-5 1.05528E-5 1.00593E-5 8.9624E-6 9.83744E-6 1.09844E-5 1.13363E-5 1.05215E-5 7.1419E-6 7.94806E-6 9.82027E-6 9.15659E-6 1.06555E-5 1.37586E-5 1.40397E-5 1.56285E-5 1.31176E-5 1.28262E-5 1.41094E-5 1.08656E-5 9.43723E-6 8.36861E-6 7.76592E-6 7.0411E-6 5.40619E-6 4.99189E-6 4.22314E-6 3.90422E-6 3.30943E-6 2.74447E-6 2.77752E-6 2.6178E-6
-9999 -9999 -9999 2.23364E-6 6.22153E-6 3.87778E-5 2.59491E-5 3.33392E-5 3.80714E-5 3.34559E-5 8.75066E-6 2.87226E-5 2.63491E-5 2.55157E-5 2.6469E-5 1.79231E-5 1.35612E-5 2.18051E-5 1.69815E-5 1.72109E-5 1.04284E-5 9.15739E-6 9.97737E-6 1.57304E-5 1.97174E-5 2.15664E-5 1.92113E-5 1.3849E-5 8.86802E-6 9.96648E-6 1.08672E-5 1.07552E-5 1.13201E-5 1.08551E-5 1.08816E-5 1.11203E-5 9.93252E-6 1.11606E-5 1.52513E-5 9.90534E-6 9.70068E-6 1.16607E-5 1.18767E-5 1.01697E-5 1.53127E-5 1.50688E-5 1.41767E-5 1.58569E-5 1.49789E-5 1.34657E-5 8.06813E-6 1.28574E-5 8.64644E-6 7.44012E-6 5.75152E-6 4.36525E-6 4.05314E-6 3.48693E-6 3.38701E-6 2.93912E-6 2.72235E-6
-9999 -9999 -9999 5.42398E-7 2.2957E-5 1.76509E-5 1.88548E-5 3.18682E-5 2.6555E-5 3.50404E-5 1.20052E-5 1.65982E-5 2.99362E-5 2.65646E-5 2.00644E-5 1.93682E-5 1.22936E-5 1.99311E-5 1.6598E-5 1.68576E-5 1.21597E-5 8.88099E-6 1.38461E-5 1.63016E-5 1.95419E-5 1.93613E-5 1.85848E-5 1.62073E-5 1.15531E-5 9.71544E-6 1.20016E-5 1.33515E-5 1.48101E-5 1.09255E-5 1.25612E-5 1.32825E-5 1.51618E-5 1.65205E-5 1.52697E-5 1.10495E-5 8.98598E-6 9.39835E-6 1.40412E-5 1.70799E-5 1.67095E-5 1.7628E-5 1.39539E-5 1.84542E-5 1.58492E-5 1.37441E-5 1.23281E-5 1.03947E-5 1.35507E-5 1.05524E-5 8.16061E-6 7.76868E-6 8.01055E-6 5.75621E-6 4.77873E-6 3.68289E-6 3.15021E-6
-9999 -9999 -9999 -9999 1.2546E-5 9.26859E-6 5.03428E-6 4.5263E-6 2.68988E-5 2.5762E-5 2.24264E-6 8.93819E-6 3.69032E-5 1.97867E-5 2.27243E-5 2.60685E-5 2.2403E-5 2.07501E-5 2.35825E-5 1.94693E-5 1.33577E-5 1.322E-5 1.42671E-5 1.3212E-5 1.56353E-5 1.63604E-5 1.67108E-5 1.39404E-5 1.23439E-5 1.35946E-5 1.31691E-5 1.45679E-5 1.33181E-5 1.3611E-5 1.24455E-5 1.41999E-5 1.56958E-5 1.51837E-5 1.24529E-5 1.30378E-5 1.3438E-5 1.2564E-5 1.28162E-5 1.97597E-5 1.98218E-5 1.77483E-5 1.59368E-5 1.97417E-5 2.09001E-5 1.73767E-5 1.0911E-5 1.5602E-5 1.94391E-5 1.42961E-5 1.24379E-5 1.43741E-5 8.10001E-6 8.91216E-6 8.6418E-6 4.05738E-6 3.16365E-6
-9999 -9999 -9999 -9999 1.29225E-6 5.47478E-6 4.9432E-6 1.28565E-5 2.74492E-6 3.49759E-6 1.03219E-6 6.57005E-6 2.99914E-5 2.22928E-5 2.60165E-5 1.78335E-5 2.31163E-5 2.77988E-5 2.19438E-5 1.97823E-5 1.88565E-5 2.3689E-5 1.65317E-5 1.54023E-5 1.41666E-5 1.36409E-5 1.8816E-5 1.46715E-5 1.58108E-5 1.36774E-5 1.25637E-5 1.74569E-5 1.54832E-5 1.61467E-5 1.51579E-5 1.55908E-5 1.49137E-5 1.89154E-5 1.92662E-5 2.20454E-5 2.10349E-5 2.3678E-5 1.73251E-5 2.19571E-5 1.91997E-5 2.40649E-5 2.63123E-5 1.52652E-5 2.26867E-5 2.59557E-5 2.04168E-5 1.97161E-5 2.2175E-5 1.134E-5 1.10354E-5 1.22766E-5 1.07537E-5 1.09091E-5 9.20742E-6 5.03232E-6 3.80803E-6
-9999 -9999 -9999 -9999 7.24856E-7 2.18345E-6 2.17969E-6 8.88679E-6 9.27928E-6 3.6712E-6 1.36474E-6 5.16448E-6 2.02996E-5 1.85168E-5 2.11822E-5 2.09568E-5 2.87159E-5 3.39801E-5 1.47622E-5 1.99562E-5 2.00154E-5 1.51637E-5 2.05613E-5 2.12002E-5 2.11138E-5 1.98387E-5 1.83694E-5 1.50353E-5 1.53945E-5 1.2211E-5 1.68841E-5 1.85044E-5 1.86746E-5 1.70579E-5 1.71202E-5 1.71617E-5 1.67845E-5 1.92321E-5 2.69218E-5 2.76777E-5 2.31268E-5 2.31507E-5 2.47137E-5 2.37103E-5 2.18623E-5 2.64144E-5 3.44514E-5 3.89574E-5 -9999 2.57855E-5 2.0144E-5 1.94778E-5 1.45454E-5 1.36735E-5 2.63767E-5 1.32105E-5 1.3104E-5 1.15399E-5 1.52062E-5 6.16713E-6 4.22499E-6
-9999 -9999 -9999 -9999 7.17785E-7 1.72011E-6 1.23951E-6 1.05782E-7 5.39549E-5 1.33199E-4 3.38473E-6 3.29761E-6 9.99984E-6 1.43918E-5 1.61325E-5 2.63029E-5 2.92778E-5 1.72535E-5 1.50208E-5 2.0776E-5 2.23787E-5 2.02039E-5 2.22229E-5 2.93972E-5 1.9944E-5 1.59538E-5 1.46793E-5 1.96764E-5 1.41575E-5 1.54496E-5 1.92812E-5 1.99569E-5 1.87933E-5 1.87421E-5 1.73941E-5 1.89058E-5 1.85051E-5 1.91669E-5 1.95472E-5 2.33469E-5 2.92554E-5 2.43301E-5 2.52106E-5 2.50442E-5 2.66222E-5 2.66104E-5 -9999 -9999 -9999 -9999 2.96271E-5 1.74352E-5 1.59681E-5 1.93741E-5 1.8373E-5 1.60006E-5 8.9309E-6 6.86518E-6 4.77394E-6 5.77712E-6 5.49635E-6
-9999 -9999 -9999 -9999 3.60085E-7 1.9422E-6 1.07761E-6 2.70417E-7 1.06869E-7 1.89943E-4 3.01792E-6 1.07119E-5 8.44054E-6 1.4354E-5 1.44115E-5 1.85255E-5 1.90908E-5 1.4867E-5 1.7263E-5 1.92344E-5 1.83389E-5 2.05944E-5 2.44687E-5 2.34588E-5 1.37893E-5 1.11557E-5 1.63811E-5 1.57532E-5 1.91335E-5 2.05008E-5 2.01535E-5 1.97389E-5 1.93745E-5 2.3906E-5 1.63091E-5 2.07966E-5 2.13088E-5 1.92283E-5 2.00509E-5 2.15174E-5 2.65652E-5 2.37887E-5 2.18354E-5 1.87395E-5 3.25706E-5 -9999 -9999 -9999 -9999 5.87917E-5 2.97565E-5 2.43967E-5 1.86792E-5 1.83264E-5 1.87303E-5 1.51743E-5 1.29713E-5 9.24824E-6 9.15201E-6 1.12034E-5 6.40292E-6
-9999 -9999 -9999 -9999 1.25244E-6 2.6575E-6 1.84304E-6 2.48686E-7 3.45382E-6 1.43427E-5 5.10281E-6 8.56912E-6 5.50933E-6 1.79195E-5 1.85873E-5 1.77992E-5 1.94156E-5 2.08304E-5 1.28405E-5 1.49477E-5 1.89142E-5 2.4351E-5 1.98806E-5 1.59633E-5 1.5245E-5 1.42213E-5 1.69659E-5 2.10991E-5 2.41779E-5 2.41216E-5 2.23954E-5 2.06753E-5 2.08265E-5 2.09723E-5 2.10077E-5 1.89491E-5 2.11872E-5 1.99244E-5 2.37838E-5 2.40681E-5 2.44438E-5 2.58585E-5 3.26926E-5 4.06367E-5 4.47314E-5 -9999 -9999 -9999 6.33066E-5 4.47355E-5 3.88047E-5 2.697E-5 2.29377E-5 2.09123E-5 1.67842E-5 1.49137E-5 1.32109E-5 7.35119E-6 7.83565E-6 1.11978E-5 6.15354E-6
-9999 -9999 -9999 2.70968E-6 4.83479E-5 1.09766E-5 3.76827E-7 7.81129E-7 5.04967E-7 2.33074E-6 1.74043E-5 3.97984E-6 5.90253E-6 1.19142E-5 1.8345E-5 1.42137E-5 2.44787E-5 2.02236E-5 2.08254E-5 1.18201E-5 1.5716E-5 1.77023E-5 1.54914E-5 1.1289E-5 1.73095E-5 1.44259E-5 1.68689E-5 2.14568E-5 1.77515E-5 2.28841E-5 2.93679E-5 2.58911E-5 2.21842E-5 2.29111E-5 2.20411E-5 2.19526E-5 2.07127E-5 2.35675E-5 2.21965E-5 2.53543E-5 2.59223E-5 2.46156E-5 2.76688E-5 3.97505E-5 7.76452E-5 6.02869E-5 4.78447E-5 4.88037E-5 4.69185E-5 3.49142E-5 3.70301E-5 3.23561E-5 2.65179E-5 2.30765E-5 2.14989E-5 1.55733E-5 1.36092E-5 8.27887E-6 8.67968E-6 9.12875E-6 7.22331E-6
-9999 -9999 -9999 -9999 4.09606E-6 3.23411E-5 1.58797E-6 -9999 5.15385E-7 3.22062E-6 8.66859E-6 1.68156E-6 1.24991E-5 1.64845E-5 1.62899E-5 2.12434E-5 2.55194E-5 2.00177E-5 1.56907E-5 1.86115E-5 1.29706E-5 1.77788E-5 1.13967E-5 1.85032E-5 2.87154E-5 2.30024E-5 1.89994E-5 2.19387E-5 1.84886E-5 2.14283E-5 2.33377E-5 2.85282E-5 2.62681E-5 2.50188E-5 2.40762E-5 2.23381E-5 2.46052E-5 2.23681E-5 2.19738E-5 2.78536E-5 3.05759E-5 2.65781E-5 2.5242E-5 3.43668E-5 4.39206E-5 4.50113E-5 4.14514E-5 3.9241E-5 4.28378E-5 3.40783E-5 3.5842E-5 2.85931E-5 2.78806E-5 2.45251E-5 2.32239E-5 1.53252E-5 1.33328E-5 9.81665E-6 1.16276E-5 9.97576E-6 6.83085E-6
-9999 -9999 -9999 -9999 1.00303E-6 7.3362E-7 1.18607E-6 1.91822E-6 9.88369E-7 1.95708E-5 1.23451E-5 1.00491E-6 1.50046E-5 9.14516E-6 1.46237E-5 3.55273E-5 1.91513E-5 2.51831E-5 1.60227E-5 1.52203E-5 1.2897E-5 1.48729E-5 1.72229E-5 2.74494E-5 2.11551E-5 2.82266E-5 1.7514E-5 1.97924E-5 2.09732E-5 2.35632E-5 2.70734E-5 3.42466E-5 3.17254E-5 3.09929E-5 2.93135E-5 2.82717E-5 2.66989E-5 2.27595E-5 2.47798E-5 2.68885E-5 2.76287E-5 2.91225E-5 2.50186E-5 3.20024E-5 3.04258E-5 3.76524E-5 4.10554E-5 4.05288E-5 3.72512E-5 3.48366E-5 3.40587E-5 2.75971E-5 2.6307E-5 2.52448E-5 2.55871E-5 1.88938E-5 1.48565E-5 1.39064E-5 9.73737E-6 1.10908E-5 1.02199E-5
-9999 -9999 -9999 -9999 9.84513E-6 1.37697E-6 2.05401E-6 1.08759E-6 2.00108E-6 1.84148E-5 3.62069E-6 9.14592E-7 6.16453E-6 1.70597E-5 1.47383E-5 2.0917E-5 2.29305E-5 2.85186E-5 2.2824E-5 1.57433E-5 1.51655E-5 1.48934E-5 1.14038E-5 1.64128E-5 3.8955E-5 2.46189E-5 1.48888E-5 2.22938E-5 2.61731E-5 2.93387E-5 2.8986E-5 3.20489E-5 4.25997E-5 3.70624E-5 3.87543E-5 3.23646E-5 3.06276E-5 2.8659E-5 3.34043E-5 3.4189E-5 3.25933E-5 3.27192E-5 3.37461E-5 3.11409E-5 3.21479E-5 3.37867E-5 3.53753E-5 3.89242E-5 3.38012E-5 3.68492E-5 3.11237E-5 2.73087E-5 2.52438E-5 2.41466E-5 2.3378E-5 1.68551E-5 1.59259E-5 1.65281E-5 1.32094E-5 1.11906E-5 8.75884E-6
-9999 -9999 -9999 -9999 -9999 1.76377E-6 2.25108E-6 2.78405E-6 1.1324E-6 2.42922E-6 1.1959E-6 4.67215E-6 5.624E-6 7.6871E-6 9.09099E-6 2.01039E-5 3.24905E-5 2.60903E-5 2.76306E-5 2.03833E-5 1.97829E-5 2.33214E-5 1.43374E-5 2.06127E-5 2.35367E-5 4.21836E-5 2.30776E-5 2.04916E-5 2.27951E-5 3.36811E-5 3.50978E-5 4.24049E-5 4.15981E-5 4.1023E-5 3.68703E-5 3.7471E-5 3.29774E-5 3.18245E-5 3.41042E-5 3.44217E-5 3.62453E-5 3.44733E-5 3.58662E-5 3.54256E-5 3.45284E-5 3.0946E-5 3.58322E-5 3.41792E-5 3.6796E-5 3.77889E-5 3.20607E-5 2.97648E-5 2.67973E-5 2.41452E-5 2.40358E-5 1.80659E-5 2.01711E-5 1.6481E-5 1.6498E-5 8.93966E-6 9.61462E-6
-9999 -9999 -9999 -9999 -9999 5.85427E-6 6.62178E-7 3.0497E-6 2.67039E-6 7.68064E-6 2.92046E-6 2.85582E-7 1.00366E-6 3.06715E-6 1.14466E-5 1.81971E-5 2.45966E-5 2.54082E-5 2.87331E-5 2.58948E-5 2.90077E-5 1.52642E-5 2.29189E-5 2.03551E-5 2.95088E-5 4.87918E-5 2.7843E-5 2.43084E-5 2.75342E-5 3.27155E-5 3.42209E-5 4.03217E-5 4.17293E-5 3.67578E-5 3.50656E-5 3.7999E-5 4.2419E-5 4.22523E-5 4.03709E-5 4.01092E-5 3.8288E-5 3.72689E-5 3.50422E-5 3.86041E-5 3.55716E-5 3.72959E-5 3.69616E-5 3.70288E-5 3.4379E-5 3.87881E-5 3.46754E-5 3.09457E-5 2.95218E-5 2.21151E-5 2.60651E-5 2.38336E-5 1.77826E-5 1.7851E-5 1.42639E-5 1.35634E-5 1.14171E-5
-9999 -9999 -9999 -9999 -9999 8.34475E-6 2.70525E-6 5.7254E-7 1.51533E-6 3.10787E-7 2.67889E-6 4.22951E-7 5.06023E-7 9.31893E-7 1.31595E-5 1.48744E-5 1.73764E-5 1.7096E-5 2.40903E-5 3.46643E-5 2.16236E-5 2.35462E-5 2.19743E-5 1.9968E-5 2.65107E-5 3.98386E-5 2.01484E-5 3.41975E-5 3.53857E-5 3.02289E-5 3.71195E-5 4.0111E-5 4.48802E-5 4.26165E-5 4.5045E-5 4.6828E-5 4.5872E-5 5.0748E-5 4.97043E-5 4.81262E-5 4.56906E-5 4.17766E-5 4.27878E-5 3.71182E-5 4.1901E-5 4.221E-5 3.75128E-5 3.62072E-5 3.46249E-5 3.77753E-5 3.74013E-5 3.40151E-5 3.11757E-5 2.15156E-5 2.81597E-5 2.28849E-5 2.26318E-5 1.94639E-5 1.59143E-5 1.53209E-5 1.28337E-5
-9999 -9999 -9999 -9999 -9999 3.34692E-6 7.45716E-7 1.4499E-6 3.18042E-6 3.9171E-7 6.75658E-7 6.27554E-7 2.38532E-6 3.45243E-6 8.97432E-6 1.19922E-5 1.23518E-5 1.24695E-5 1.80076E-5 2.44086E-5 3.16252E-5 4.35807E-5 3.70218E-5 2.23333E-5 1.74836E-5 6.15762E-5 2.89632E-5 3.06404E-5 3.77731E-5 3.16511E-5 4.16238E-5 4.58819E-5 4.70078E-5 4.94206E-5 5.04258E-5 4.90306E-5 5.56506E-5 4.8912E-5 4.95808E-5 5.64562E-5 8.18487E-5 6.1132E-5 4.41437E-5 3.26708E-5 4.69533E-5 4.26421E-5 4.21821E-5 4.07859E-5 3.76191E-5 4.60864E-5 3.72208E-5 3.5949E-5 4.14888E-5 3.45262E-5 2.5024E-5 -9999 2.24936E-5 1.6662E-5 1.67812E-5 1.79893E-5 1.48029E-5
