Candidate_Models_Sept202022/M_0.4_F_lqp_Set_1_all/Bison.asc
ncols         97
nrows         127
xllcorner     -2197417.7431653
yllcorner     -584827.01486885
cellsize      30000.0
NODATA_value  -9999
[rows 81 to 107 of 127, columns 0 to 60 of 97]
-9999 -9999 -9999 -9999 -9999 -9999 -9999 -9999 -9999 -9999 -9999 2.2785E-6 4.31929E-7 5.47816E-7 6.57622E-6 2.23298E-6 1.44781E-6 3.7921E-7 8.13353E-7 5.70406E-6 3.12743E-6 1.62489E-5 1.07248E-5 2.29263E-5 6.61887E-5 1.32331E-4 4.4633E-5 3.95167E-5 5.63645E-5 8.73105E-6 7.19419E-6 2.61349E-6 6.01967E-6 2.01703E-5 2.41035E-5 3.5358E-5 3.00031E-5 2.46647E-4 5.70107E-4 1.28606E-3 2.56539E-3 9.34822E-4 8.50843E-4 1.4133E-3 9.05165E-4 3.50264E-4 2.7068E-4 2.48659E-4 2.86388E-4 3.72091E-4 4.53263E-4 7.20341E-4 7.74219E-4 7.11761E-4 7.00777E-4 3.385E-4 5.04957E-4 5.36779E-4 4.50984E-4 3.73793E-4 3.73592E-4
-9999 -9999 -9999 -9999 -9999 -9999 -9999 -9999 -9999 -9999 -9999 -9999 1.56805E-6 4.29557E-7 1.55457E-6 3.03869E-6 1.90487E-6 6.30638E-6 2.08281E-6 1.14503E-6 1.52708E-6 2.93193E-6 2.894E-6 1.0623E-5 1.10444E-4 1.19821E-4 2.94169E-5 4.26937E-5 9.39546E-5 1.1691E-5 4.91279E-6 4.16447E-6 3.99697E-6 1.03588E-5 3.76818E-5 5.59547E-5 4.25274E-5 5.8595E-5 2.03977E-4 7.92025E-4 1.53206E-3 9.57634E-4 8.67063E-4 1.03059E-3 7.43505E-4 3.38199E-4 2.24109E-4 3.10465E-4 3.73691E-4 6.46459E-4 6.608E-4 7.23222E-4 8.43616E-4 7.07811E-4 5.81109E-4 5.81222E-4 5.18931E-4 3.94257E-4 3.8695E-4 3.07595E-4 4.51792E-4
-9999 -9999 -9999 -9999 -9999 -9999 -9999 -9999 -9999 -9999 -9999 -9999 -9999 1.44864E-6 2.12238E-7 9.93471E-7 5.06087E-7 4.5849E-6 9.52354E-5 5.20372E-6 1.68598E-6 2.77854E-6 1.35172E-6 8.02057E-6 2.75074E-5 2.23165E-5 1.82936E-5 5.22683E-5 1.60116E-5 1.15835E-5 4.69088E-6 4.20745E-6 2.03261E-6 5.96887E-6 2.02324E-5 1.31628E-4 4.23742E-5 4.39268E-5 8.50608E-5 7.2712E-4 1.38557E-3 1.22642E-3 9.32616E-4 7.3225E-4 5.57977E-4 2.90487E-4 3.00145E-4 3.37176E-4 4.00995E-4 5.58769E-4 6.20251E-4 6.38388E-4 8.96492E-4 7.93039E-4 6.52625E-4 5.74237E-4 7.09315E-4 5.49833E-4 3.4937E-4 3.64396E-4 3.79943E-4
-9999 -9999 -9999 -9999 -9999 -9999 -9999 -9999 -9999 -9999 -9999 -9999 -9999 1.5873E-6 5.3224E-7 1.03758E-6 2.2037E-6 -9999 5.36821E-6 2.82391E-5 7.20587E-5 2.02475E-5 3.2377E-6 4.36704E-6 5.0341E-5 2.46495E-5 4.33684E-5 3.64916E-5 1.71457E-5 9.7905E-6 8.66948E-6 4.22529E-6 3.35096E-6 6.60454E-6 1.57085E-5 4.34673E-5 3.24365E-5 4.10076E-5 6.13586E-5 3.78389E-4 6.8364E-4 8.15403E-4 8.45596E-4 4.08734E-4 4.93751E-4 7.35462E-4 5.58817E-4 6.10446E-4 3.62876E-4 4.84639E-4 5.634E-4 5.16685E-4 5.80247E-4 4.98939E-4 5.46674E-4 2.66852E-4 5.43968E-4 6.59967E-4 4.25072E-4 4.46046E-4 5.55001E-4
-9999 -9999 -9999 -9999 -9999 -9999 -9999 -9999 -9999 -9999 -9999 -9999 -9999 2.25509E-6 1.06731E-6 6.8208E-7 2.01576E-6 -9999 1.75213E-5 1.24709E-4 3.84015E-5 4.08376E-6 8.96762E-7 4.7553E-6 1.64735E-5 2.69992E-5 6.21926E-5 1.9085E-5 1.52762E-5 8.36736E-6 5.37738E-6 3.09767E-6 6.73567E-6 1.05863E-5 1.46127E-5 3.69321E-5 4.30988E-5 5.87559E-5 1.35009E-4 1.39077E-4 3.61072E-4 5.99641E-4 8.15384E-4 5.45052E-4 4.05961E-4 6.93981E-4 3.62351E-4 2.96822E-4 3.61181E-4 6.79377E-4 5.85258E-4 3.24828E-4 5.223E-4 8.17355E-4 6.0969E-4 4.73543E-4 7.69234E-4 3.86226E-4 4.00356E-4 3.96715E-4 3.67467E-4
-9999 -9999 -9999 -9999 -9999 -9999 -9999 -9999 -9999 -9999 -9999 -9999 -9999 1.21983E-6 1.80921E-6 7.89828E-7 7.30213E-7 -9999 1.19205E-6 2.01382E-5 6.42719E-6 1.00978E-6 1.82284E-6 3.28083E-6 1.76286E-5 5.19471E-5 1.09257E-4 2.12013E-5 1.29632E-5 6.29601E-6 1.17844E-5 1.22116E-5 1.13701E-5 7.50679E-6 1.15797E-5 8.09682E-5 1.90466E-5 5.49593E-5 6.13772E-5 1.97722E-4 2.73837E-4 5.35899E-4 6.31184E-4 6.41887E-4 6.11657E-4 4.65898E-4 2.91968E-4 3.58992E-4 4.39257E-4 6.98717E-4 4.94046E-4 2.14585E-4 3.61934E-4 7.77156E-4 6.86929E-4 6.50998E-4 6.32123E-4 2.48783E-4 3.17483E-4 3.83688E-4 5.78249E-4
-9999 -9999 -9999 -9999 -9999 -9999 -9999 -9999 -9999 -9999 -9999 -9999 -9999 1.82565E-6 7.93517E-7 6.36167E-7 9.99173E-6 -9999 4.57059E-6 2.36397E-5 4.20052E-6 1.20719E-6 5.5246E-6 1.71564E-5 2.85174E-5 7.90126E-5 3.22498E-4 9.62206E-5 5.48051E-5 9.96248E-6 2.26886E-5 4.66321E-6 1.87522E-6 1.10015E-5 2.67193E-5 4.89996E-5 4.56442E-5 3.82512E-5 4.72758E-4 3.54402E-4 1.95938E-4 4.70856E-4 1.03483E-3 6.39616E-4 5.4227E-4 5.16165E-4 6.69129E-4 8.12376E-4 5.50345E-4 3.44549E-4 2.58902E-4 1.82724E-4 3.65107E-4 5.74711E-4 8.75342E-4 8.10345E-4 5.1272E-4 3.24265E-4 2.83126E-4 3.13194E-4 4.45623E-4
-9999 -9999 -9999 -9999 -9999 -9999 -9999 -9999 -9999 -9999 -9999 -9999 -9999 1.02668E-6 6.46648E-7 4.20433E-7 8.23056E-7 1.43866E-6 1.06124E-6 2.92048E-5 2.10682E-6 5.22548E-7 4.84694E-6 2.54852E-5 1.01817E-4 2.5519E-4 1.68466E-4 5.05745E-5 2.30775E-5 2.62116E-5 1.92729E-5 7.41536E-6 4.40183E-6 6.99823E-5 1.44384E-5 1.2823E-5 3.9703E-5 1.37779E-5 3.46266E-5 2.94348E-4 2.35442E-4 5.98145E-4 5.8139E-4 6.2985E-4 6.18167E-4 5.73539E-4 4.60382E-4 3.12344E-4 6.21887E-4 6.18854E-4 3.87526E-4 3.36928E-4 8.3586E-4 8.01977E-4 8.1974E-4 7.77001E-4 6.35029E-4 5.50964E-4 5.88623E-4 2.93204E-4 3.73325E-4
-9999 -9999 -9999 -9999 -9999 -9999 -9999 -9999 -9999 -9999 -9999 -9999 -9999 1.53068E-6 8.84552E-7 3.32513E-7 1.40795E-6 5.04872E-7 4.43585E-7 9.84271E-6 6.32457E-6 1.30295E-6 3.34603E-6 3.55483E-5 2.75891E-4 1.69894E-4 5.25868E-5 2.5484E-5 1.81052E-5 9.89776E-5 1.14741E-5 1.07425E-5 1.03093E-5 8.6731E-5 8.95666E-6 1.276E-5 5.35929E-5 9.87702E-6 1.13325E-5 1.69637E-5 2.1642E-4 4.62178E-4 4.18339E-4 6.9659E-4 6.51958E-4 5.87793E-4 6.20155E-4 2.79898E-4 1.73859E-4 2.78648E-4 3.48791E-4 2.47976E-4 6.6342E-4 7.96027E-4 8.65787E-4 7.26917E-4 5.7399E-4 6.57316E-4 5.87009E-4 6.41025E-4 3.92976E-4
-9999 -9999 -9999 -9999 -9999 -9999 -9999 -9999 -9999 -9999 -9999 -9999 -9999 1.60921E-6 1.74854E-6 1.58689E-6 3.89887E-7 3.49148E-7 2.69461E-7 3.35315E-5 1.34691E-6 2.87074E-6 1.41993E-5 2.15159E-4 5.28656E-4 1.34023E-4 1.31428E-4 2.25698E-5 3.60337E-5 6.74609E-5 2.54281E-5 1.38439E-5 3.29562E-5 1.90296E-5 9.05908E-6 1.06218E-5 1.89882E-5 1.06521E-5 2.91162E-5 8.95764E-6 1.15125E-4 1.34103E-4 6.7878E-4 4.11065E-4 6.28942E-4 7.16913E-4 2.92715E-4 3.02956E-4 2.43967E-4 5.37924E-4 4.51924E-4 3.03331E-4 6.55902E-4 4.86771E-4 4.91668E-4 5.2638E-4 5.2927E-4 5.84348E-4 6.62548E-4 6.2019E-4 4.91655E-4
-9999 -9999 -9999 -9999 -9999 -9999 -9999 -9999 -9999 -9999 -9999 -9999 -9999 1.53294E-6 2.30924E-6 1.90892E-6 5.7747E-7 2.42731E-7 7.61457E-6 2.05714E-5 3.67316E-6 3.89368E-6 6.86617E-5 4.50962E-4 2.04662E-4 1.15888E-4 2.73333E-4 1.73754E-4 4.65235E-5 3.41443E-5 3.93074E-5 2.39689E-5 3.32573E-5 2.50345E-5 4.31689E-6 2.6103E-5 3.09899E-5 4.06623E-5 9.13944E-5 1.68046E-5 2.94759E-5 1.18567E-4 5.36744E-4 7.22373E-4 2.60987E-4 2.68595E-4 4.09273E-4 3.83136E-4 5.10632E-4 3.21245E-4 2.30156E-4 2.51327E-4 4.10504E-4 4.65027E-4 4.50417E-4 2.46471E-4 2.5028E-4 3.19765E-4 4.9072E-4 4.42982E-4 3.33711E-4
-9999 -9999 -9999 -9999 -9999 -9999 -9999 -9999 -9999 -9999 -9999 -9999 -9999 1.90077E-6 1.21617E-6 3.96787E-6 3.14821E-6 3.77621E-6 1.30275E-5 3.44383E-6 9.57406E-6 2.68436E-5 5.97705E-5 1.02943E-4 1.05315E-4 9.62266E-5 1.79424E-4 1.89408E-4 2.62169E-4 1.25433E-4 6.32105E-5 4.55068E-5 1.33249E-5 5.16109E-6 4.89164E-6 1.76222E-5 7.65334E-5 1.57965E-4 4.61204E-4 1.43745E-5 3.36977E-5 2.60531E-4 3.62381E-4 6.30428E-4 3.5638E-4 4.16065E-4 4.83346E-4 4.34588E-4 4.06004E-4 3.74125E-4 2.62538E-4 3.05156E-4 4.53077E-4 4.65212E-4 4.54729E-4 3.46342E-4 2.52133E-4 5.03239E-4 3.94207E-4 4.56589E-4 4.17254E-4
-9999 -9999 -9999 -9999 -9999 -9999 -9999 -9999 -9999 -9999 -9999 -9999 1.62621E-6 1.76697E-6 2.83964E-6 6.1364E-6 8.08008E-6 6.9131E-6 6.58937E-6 1.11484E-6 6.97447E-6 1.41807E-4 1.3871E-4 1.61719E-4 3.49264E-5 8.47168E-5 1.36663E-4 1.758E-4 1.95847E-4 7.64065E-5 1.61909E-4 3.33255E-5 8.36607E-6 4.98081E-6 9.17375E-6 9.96425E-6 5.2568E-5 1.90267E-4 3.90802E-5 1.57358E-5 9.53544E-6 1.68926E-4 3.96877E-4 5.48476E-4 4.51399E-4 4.79772E-4 4.18658E-4 3.52132E-4 2.9562E-4 6.42584E-4 3.1622E-4 3.05947E-4 3.49343E-4 3.65338E-4 4.01391E-4 3.74723E-4 2.98927E-4 6.88936E-4 3.96802E-4 3.47985E-4 5.17535E-4
-9999 -9999 -9999 -9999 -9999 -9999 -9999 -9999 -9999 -9999 -9999 -9999 4.28527E-6 3.28562E-6 2.4507E-6 3.7214E-6 5.54041E-6 5.99031E-6 2.65996E-6 3.3707E-6 3.17784E-5 1.13934E-4 2.88166E-5 1.04319E-4 8.30502E-5 8.05622E-5 5.79104E-5 1.06076E-4 1.51638E-4 1.76275E-4 1.63994E-4 6.25942E-5 1.41694E-5 1.92867E-5 4.47035E-6 1.33142E-5 1.46361E-4 4.46956E-4 7.46876E-5 9.33912E-6 1.15911E-5 1.55116E-4 2.25263E-4 3.33659E-4 3.31202E-4 3.96229E-4 2.60155E-4 3.2029E-4 3.84347E-4 4.43081E-4 2.94031E-4 2.56968E-4 2.30381E-4 3.16206E-4 3.22601E-4 3.13992E-4 3.22833E-4 3.79086E-4 4.01845E-4 3.01908E-4 3.42278E-4
-9999 -9999 -9999 -9999 -9999 -9999 -9999 -9999 -9999 -9999 -9999 -9999 2.67385E-6 2.38533E-6 2.01275E-6 4.07569E-6 3.97719E-6 3.70556E-6 2.00911E-6 1.28591E-5 5.36319E-5 5.68022E-5 4.32651E-5 1.42956E-5 2.63805E-5 5.79201E-5 1.3878E-4 8.8473E-5 1.33537E-4 1.61599E-4 2.03562E-4 2.04595E-5 9.78912E-6 4.88468E-6 4.43144E-6 1.00839E-5 9.68794E-5 4.27798E-4 9.95032E-5 1.72113E-5 1.4584E-5 2.84023E-4 2.30943E-4 3.77512E-4 2.7564E-4 2.91038E-4 2.55422E-4 2.37255E-4 3.80028E-4 8.18308E-4 6.87802E-4 7.318E-4 3.41109E-4 2.24562E-4 3.17639E-4 4.83098E-4 5.56233E-4 6.97988E-4 3.59759E-4 3.36701E-4 4.9004E-4
-9999 -9999 -9999 -9999 -9999 -9999 -9999 -9999 -9999 -9999 -9999 -9999 8.56687E-6 2.09501E-6 8.63643E-6 6.3324E-6 2.07473E-5 1.11329E-6 5.58489E-6 8.49504E-6 2.03332E-5 3.08005E-5 4.08606E-5 4.9206E-5 2.47007E-5 3.49911E-5 6.88894E-5 9.4785E-5 2.02202E-4 3.41031E-4 1.97627E-4 4.82265E-5 1.25711E-5 6.54469E-6 4.14944E-6 4.61473E-6 3.04936E-5 1.69232E-4 2.6257E-5 4.47528E-5 2.41876E-5 1.8692E-4 2.48482E-4 3.58595E-4 3.36494E-4 3.5728E-4 4.04491E-4 2.18626E-4 2.9286E-4 5.83813E-4 6.02472E-4 6.22676E-4 6.19536E-4 3.20062E-4 8.47442E-4 5.94232E-4 9.94151E-4 4.67403E-4 2.65317E-4 3.26301E-4 3.0446E-4
-9999 -9999 -9999 -9999 -9999 -9999 -9999 -9999 -9999 -9999 -9999 2.78484E-6 2.46955E-6 1.20433E-5 4.27555E-6 5.76149E-7 1.18628E-5 3.95585E-6 1.48778E-5 1.34861E-4 5.70882E-5 3.12634E-5 5.55273E-5 5.02471E-5 9.0695E-6 3.62881E-5 8.47892E-5 2.67441E-4 2.10368E-4 3.50396E-4 4.80798E-4 2.80353E-4 1.24693E-5 1.71343E-5 5.75364E-6 7.81926E-6 2.20396E-5 4.60057E-4 1.92219E-4 9.59608E-5 2.59659E-4 9.31266E-5 6.78076E-4 4.93085E-4 4.52231E-4 7.23836E-4 3.39055E-4 1.35261E-4 2.49988E-4 3.68495E-4 3.11726E-4 2.22113E-4 5.11891E-4 8.2503E-4 3.77434E-4 3.06043E-4 2.61615E-4 3.01358E-4 3.26599E-4 3.92015E-4 2.83312E-4
-9999 -9999 -9999 -9999 -9999 -9999 -9999 -9999 -9999 -9999 -9999 1.90852E-6 5.73518E-6 2.07269E-5 1.10637E-5 8.19906E-6 9.95437E-6 6.34156E-6 4.56503E-5 1.0328E-4 9.02282E-5 1.92691E-5 1.72179E-5 2.14829E-5 5.56387E-5 8.95533E-5 1.10461E-4 1.57722E-5 1.0503E-5 6.37345E-4 3.98608E-4 5.54146E-4 1.28085E-4 1.15334E-5 9.99253E-6 6.74358E-6 1.56254E-5 6.70097E-4 3.72878E-5 4.22156E-4 2.86027E-4 1.64373E-4 8.93641E-4 4.19025E-4 4.70753E-4 8.49165E-5 5.72537E-5 2.9572E-4 2.33504E-4 5.81195E-4 3.38364E-4 1.99512E-4 4.02977E-4 5.23097E-4 2.09731E-4 2.37336E-4 2.10193E-4 2.2667E-4 2.95498E-4 3.25486E-4 3.37213E-4
-9999 -9999 -9999 -9999 -9999 -9999 -9999 -9999 -9999 -9999 5.80693E-7 7.73215E-7 6.44325E-6 1.31806E-5 4.69904E-5 3.94701E-6 2.13712E-6 6.5303E-6 3.51178E-5 2.6952E-5 3.45429E-5 4.88928E-5 5.82772E-5 4.11201E-5 6.70839E-5 1.89123E-4 6.9833E-5 1.21964E-5 3.79501E-5 1.09931E-4 1.13951E-4 7.59151E-4 2.43264E-4 6.95631E-6 1.43885E-5 1.08907E-5 6.05362E-5 7.10669E-4 7.05763E-5 2.24926E-4 8.73998E-4 2.45004E-4 5.89026E-4 7.75832E-4 3.45704E-4 5.45544E-4 1.5502E-4 3.65705E-4 3.70192E-4 1.79649E-4 3.7684E-4 1.60712E-4 1.67872E-4 1.94993E-4 2.07139E-4 2.14414E-4 2.17937E-4 2.79789E-4 2.37479E-4 2.23889E-4 2.58636E-4
-9999 -9999 -9999 -9999 -9999 -9999 -9999 -9999 -9999 -9999 4.53102E-7 4.35797E-7 1.31045E-5 2.07369E-5 1.12562E-5 2.70588E-6 2.54896E-6 1.21888E-5 1.30476E-5 1.81075E-5 1.68037E-5 4.10438E-5 4.73864E-5 6.08351E-5 6.63492E-5 6.37365E-5 1.0099E-4 9.53391E-5 1.68957E-4 2.02561E-4 6.81957E-5 8.33661E-5 1.9889E-5 1.56868E-5 1.26538E-5 1.04966E-5 7.99007E-5 2.21434E-4 9.0476E-5 3.7383E-4 1.09227E-3 6.73828E-5 1.93307E-4 5.94896E-4 4.3217E-4 2.45302E-4 2.82722E-4 1.62653E-4 1.45445E-4 2.05526E-4 1.42477E-4 2.05938E-4 1.75598E-4 1.87452E-4 2.54679E-4 3.40785E-4 2.52733E-4 2.54164E-4 2.81415E-4 2.9921E-4 3.06409E-4
-9999 -9999 -9999 -9999 -9999 -9999 -9999 -9999 -9999 -9999 3.53309E-7 3.72859E-7 1.58112E-5 1.17817E-5 2.80628E-6 2.82276E-6 3.84076E-6 1.05603E-5 2.52813E-5 1.93476E-5 1.21369E-5 1.73591E-5 1.87078E-5 2.3599E-5 5.31955E-5 3.58578E-5 1.85942E-4 3.48658E-5 1.56962E-4 1.70576E-4 3.47212E-5 2.1125E-5 1.58212E-5 2.19428E-5 2.24527E-5 2.46976E-5 9.2876E-5 1.09648E-4 2.01095E-4 1.66321E-4 6.08425E-4 3.31249E-4 6.28863E-4 5.16039E-4 5.60791E-4 4.79149E-4 1.20324E-4 1.52945E-4 1.70586E-4 1.93671E-4 3.16446E-4 4.0928E-4 3.75982E-4 2.1279E-4 2.56177E-4 1.84127E-4 1.79747E-4 2.05473E-4 3.89816E-4 2.86265E-4 2.07495E-4
-9999 -9999 -9999 -9999 -9999 -9999 -9999 -9999 -9999 3.21117E-7 2.90333E-7 4.73977E-7 9.18814E-6 3.27696E-6 9.51808E-7 1.41065E-6 7.48521E-6 2.30174E-5 3.34754E-5 1.0989E-5 1.61614E-5 2.10729E-5 2.46188E-5 3.05437E-5 2.04987E-5 1.80718E-5 3.143E-4 4.76425E-5 3.38073E-5 2.28773E-5 2.52683E-5 4.90729E-5 5.62107E-5 5.6887E-5 5.62934E-5 6.55441E-5 8.17442E-5 1.02878E-4 4.69602E-4 1.23569E-4 8.07773E-4 5.77269E-4 9.40893E-4 3.1195E-4 5.58631E-4 3.17412E-4 3.45125E-4 2.9018E-4 2.3676E-4 1.59178E-4 1.65873E-4 2.25242E-4 2.21284E-4 3.72102E-4 4.94779E-4 4.42399E-4 3.22228E-4 3.00388E-4 2.28502E-4 2.92469E-4 2.80707E-4
-9999 -9999 -9999 -9999 -9999 -9999 -9999 -9999 -9999 4.30161E-7 3.12267E-7 5.56075E-7 2.1779E-6 8.8572E-7 7.58696E-7 1.54352E-6 8.79191E-6 1.29758E-5 2.5079E-5 2.01359E-5 4.49078E-5 2.25083E-5 2.22462E-5 2.90954E-5 2.51943E-5 4.03648E-5 1.79176E-4 1.50914E-4 1.20896E-4 6.95514E-5 7.54519E-5 1.05284E-4 3.86399E-5 6.13289E-5 1.97217E-4 2.73891E-4 1.41783E-4 4.78346E-4 3.60548E-4 5.13417E-4 9.9437E-4 1.17326E-3 3.09496E-4 4.18151E-4 8.92158E-4 7.45543E-4 6.28785E-4 2.64274E-4 4.3797E-4 4.24646E-4 4.07679E-4 4.19156E-4 2.49258E-4 3.95317E-4 3.95791E-4 5.66301E-4 3.88262E-4 2.94454E-4 3.21936E-4 1.9898E-4 1.64766E-4
-9999 -9999 -9999 -9999 -9999 -9999 -9999 -9999 2.85348E-7 3.35203E-7 8.55391E-7 6.99928E-6 7.70146E-7 9.16581E-7 1.62242E-6 8.28269E-6 9.55386E-6 1.89347E-5 2.49152E-5 2.62798E-5 4.40985E-5 4.82834E-5 2.96807E-5 4.27131E-5 3.23393E-5 1.34247E-4 1.05539E-4 1.76303E-4 1.00525E-4 1.76248E-4 1.30049E-4 1.06171E-4 3.30348E-5 8.63096E-5 1.72682E-4 1.16521E-4 1.63423E-4 6.70545E-4 4.7923E-4 1.5265E-3 1.15371E-3 8.00195E-4 3.7983E-4 2.24257E-4 8.50544E-5 3.38817E-4 4.45493E-5 1.70873E-4 2.46306E-4 4.94353E-4 3.14744E-4 2.99139E-4 1.72682E-4 2.33144E-4 2.10619E-4 6.40181E-4 6.04973E-4 6.11339E-4 3.17443E-4 1.91236E-4 2.06993E-4
-9999 -9999 -9999 -9999 -9999 -9999 -9999 6.94274E-7 6.86611E-7 3.62282E-7 2.75104E-6 7.28568E-6 6.54101E-7 9.22942E-7 2.91136E-6 1.79408E-5 2.16169E-5 2.73825E-5 3.81403E-5 4.31493E-5 5.12104E-5 3.81376E-5 3.8286E-5 4.94316E-5 3.94432E-5 7.63634E-5 7.2739E-5 2.38219E-4 2.89065E-4 2.65132E-4 1.10927E-4 7.91851E-5 4.73024E-5 5.61495E-5 1.07365E-4 1.87877E-4 1.00948E-3 8.25858E-4 1.01578E-3 1.42066E-3 8.97568E-4 6.16628E-4 2.31676E-4 1.45654E-4 8.784E-5 2.80232E-4 1.8738E-4 4.0063E-5 2.41699E-4 7.22073E-4 4.64347E-4 4.96398E-4 1.07207E-3 2.84231E-4 5.656E-4 5.62803E-4 7.32592E-4 6.61845E-4 5.60855E-4 2.46518E-4 2.0704E-4
-9999 -9999 -9999 -9999 -9999 -9999 -9999 2.27248E-7 1.69915E-7 1.85374E-7 9.69076E-7 1.03882E-6 5.49163E-7 1.95719E-6 1.22517E-5 1.98521E-5 2.3229E-5 7.25957E-5 4.15816E-5 3.70093E-5 4.72141E-5 7.25393E-5 1.03365E-4 7.724E-5 7.72722E-5 5.31002E-5 9.09974E-5 2.38922E-4 9.29013E-5 2.98809E-4 9.1567E-5 4.12742E-5 5.83034E-5 1.62403E-4 1.61495E-4 6.30363E-4 6.9639E-4 9.99502E-4 1.33492E-3 1.68062E-3 1.36288E-3 5.70578E-4 3.70587E-4 2.17125E-4 1.62423E-4 1.07613E-4 1.91648E-4 1.66838E-4 4.16227E-4 2.1307E-4 2.598E-4 3.04127E-4 3.72793E-4 6.53047E-4 3.28375E-4 7.07169E-4 4.18875E-4 6.29917E-4 5.90447E-4 2.60107E-4 2.13406E-4
-9999 -9999 -9999 -9999 -9999 -9999 -9999 4.58479E-7 3.67403E-7 2.58226E-7 1.07072E-6 1.54612E-6 1.71375E-6 2.14171E-6 2.06107E-5 1.95611E-5 2.88559E-5 6.99624E-5 3.94114E-5 3.54629E-5 4.58861E-5 5.20285E-5 1.64262E-4 9.40851E-5 5.39296E-5 4.34275E-5 4.24294E-5 1.9937E-4 6.05772E-5 1.44731E-4 1.89495E-4 5.12969E-5 2.377E-4 2.45682E-4 2.91022E-4 5.43619E-4 1.06948E-3 9.13164E-4 1.26791E-3 8.36481E-4 5.72352E-4 4.17177E-4 2.80136E-4 1.01685E-4 6.57273E-5 9.47262E-5 1.31586E-4 6.87405E-5 3.12426E-4 6.59252E-4 4.78974E-4 4.32786E-4 5.80446E-4 2.27656E-4 5.75272E-4 5.3235E-4 2.92045E-4 5.67232E-4 3.77093E-4 2.1181E-4 2.95956E-4
