Candidate_Models_Sept202022/M_0.4_F_lqp_Set_1_all/Bison.asc
ncols         97
nrows         127
xllcorner     -2197417.7431653
yllcorner     -584827.01486885
cellsize      30000.0
NODATA_value  -9999
[rows 54 to 80 of 127, columns 0 to 60 of 97]
-9999 -9999 -9999 -9999 7.71891E-6 3.1948E-6 7.10759E-7 2.84207E-6 2.09999E-6 2.19908E-7 2.56621E-7 2.01405E-6 1.78991E-6 4.26077E-6 5.34622E-6 4.28386E-6 8.06456E-6 1.33841E-5 1.5953E-5 2.15461E-5 3.30251E-5 4.02579E-5 3.65363E-5 3.15889E-5 2.9293E-5 5.85083E-5 4.62705E-5 3.65836E-5 5.36153E-5 4.58983E-5 4.50595E-5 4.72601E-5 5.67245E-5 5.9492E-5 5.36042E-5 5.47482E-5 5.5743E-5 5.26758E-5 5.80065E-5 7.07667E-5 1.02874E-4 1.16875E-4 8.05619E-5 5.50345E-5 5.38006E-5 4.72236E-5 4.88833E-5 4.23218E-5 3.95383E-5 3.71793E-5 3.79294E-5 3.7572E-5 3.10663E-5 5.17252E-5 5.33875E-5 3.48085E-5 3.62689E-5 2.92727E-5 2.73924E-5 2.30608E-5 1.62228E-5
-9999 -9999 -9999 -9999 -9999 1.99206E-6 4.99162E-7 1.27565E-6 8.6296E-6 9.07897E-7 1.38037E-7 1.07246E-6 9.12485E-6 3.02302E-6 5.17017E-6 3.33146E-6 4.42802E-6 7.28995E-6 1.78705E-5 1.33644E-5 3.50746E-5 4.26722E-5 3.84093E-5 5.44786E-5 3.07142E-5 3.2572E-5 3.89791E-5 4.40121E-5 7.71115E-5 6.80176E-5 5.78403E-5 5.10999E-5 5.64178E-5 5.46212E-5 5.35218E-5 6.47077E-5 6.68867E-5 5.68282E-5 6.99402E-5 7.11248E-5 1.06198E-4 1.4629E-4 7.29753E-5 5.56814E-5 5.72242E-5 5.3773E-5 4.71012E-5 4.26784E-5 4.45659E-5 3.77731E-5 4.64138E-5 4.94101E-5 4.62169E-5 5.73686E-5 4.66756E-5 3.6441E-5 3.43943E-5 2.77692E-5 2.70977E-5 2.25872E-5 2.05564E-5
-9999 -9999 -9999 -9999 -9999 3.6968E-6 1.91856E-6 3.01925E-6 3.95674E-6 1.92289E-6 2.25681E-8 4.24769E-7 7.1428E-7 8.09052E-7 6.78632E-6 3.62221E-6 7.38789E-6 8.01854E-6 1.33391E-5 2.09288E-5 3.72408E-5 2.83366E-5 2.76114E-5 3.69954E-5 2.81393E-5 2.36233E-5 3.3964E-5 6.694E-5 1.00753E-4 6.54244E-5 7.42685E-5 6.7073E-5 6.77102E-5 6.63874E-5 7.56143E-5 9.02187E-5 6.68719E-5 6.18008E-5 7.45203E-5 6.98347E-5 1.11757E-4 8.83023E-5 6.1777E-5 6.07082E-5 5.76811E-5 5.41293E-5 4.93778E-5 4.50747E-5 4.70763E-5 5.17795E-5 5.64514E-5 5.22794E-5 5.71209E-5 5.36168E-5 4.03124E-5 3.91691E-5 3.73608E-5 3.46466E-5 2.6383E-5 2.18212E-5 1.46282E-5
-9999 -9999 -9999 -9999 -9999 -9999 3.56114E-6 -9999 7.74498E-6 5.73379E-7 7.79026E-8 5.10654E-7 7.76414E-7 1.46629E-6 2.00974E-6 1.02698E-5 6.56362E-6 8.28239E-6 1.52751E-5 2.55433E-5 2.13937E-5 2.58055E-5 2.72568E-5 3.84939E-5 3.16366E-5 3.60067E-5 2.56353E-5 6.79118E-5 7.99958E-5 7.83296E-5 1.68157E-4 1.34683E-4 8.26592E-5 7.48832E-5 8.27296E-5 9.99194E-5 9.73502E-5 7.01288E-5 7.70599E-5 6.73301E-5 6.74496E-5 6.03477E-5 7.70547E-5 6.3044E-5 5.01765E-5 5.31265E-5 4.87219E-5 5.4526E-5 5.93816E-5 6.0698E-5 5.65556E-5 6.32871E-5 5.01893E-5 4.55404E-5 4.25512E-5 4.02936E-5 3.66874E-5 3.48017E-5 2.9417E-5 2.24083E-5 1.69554E-5
-9999 -9999 -9999 1.47076E-6 -9999 -9999 -9999 -9999 -9999 1.76373E-6 5.93328E-7 1.76037E-7 6.18326E-7 1.39207E-6 9.39966E-7 9.23085E-6 6.27612E-6 1.01144E-5 1.36831E-5 2.00193E-5 2.22309E-5 2.9134E-5 2.39137E-5 4.59042E-5 2.35226E-5 2.61146E-5 2.61493E-5 4.2573E-5 1.07958E-4 1.12047E-4 2.71045E-4 2.12895E-4 8.03049E-5 6.59832E-5 6.98165E-5 1.06541E-4 9.7567E-5 1.26725E-4 3.47459E-4 7.25866E-5 7.0046E-5 6.28867E-5 7.04345E-5 6.00635E-5 4.58084E-5 5.21236E-5 6.23228E-5 5.7303E-5 5.82194E-5 5.52777E-5 5.87197E-5 5.69077E-5 5.58395E-5 4.55029E-5 4.20838E-5 4.40429E-5 3.73499E-5 3.83718E-5 3.40047E-5 2.80558E-5 2.34629E-5
-9999 -9999 -9999 1.25754E-6 2.08158E-6 3.55758E-6 -9999 -9999 -9999 2.85993E-6 8.06415E-8 2.42389E-7 7.21135E-7 2.29496E-6 2.64152E-6 1.38994E-5 1.16544E-5 8.59869E-6 1.72626E-5 2.2005E-5 1.87526E-5 2.01389E-5 2.7222E-5 2.46646E-5 2.91913E-5 1.7313E-5 2.00714E-5 4.06593E-5 1.42226E-4 2.28741E-4 4.06443E-4 2.95778E-4 9.06064E-5 9.5235E-5 9.61025E-5 9.22798E-5 9.9695E-5 2.8539E-4 2.10659E-4 7.54459E-5 7.78049E-5 8.49663E-5 7.05288E-5 6.40889E-5 6.0062E-5 5.68261E-5 5.88623E-5 5.43641E-5 5.70915E-5 8.0034E-5 6.86291E-5 5.98322E-5 4.78693E-5 4.8138E-5 3.79271E-5 4.83341E-5 4.33012E-5 4.65468E-5 4.05798E-5 3.35257E-5 2.64724E-5
-9999 -9999 -9999 1.05018E-6 2.7698E-6 4.79542E-6 3.3285E-6 -9999 -9999 1.28003E-5 1.81465E-7 1.05865E-6 6.79827E-7 1.68278E-6 2.51406E-6 7.01097E-6 1.09443E-5 1.33909E-5 1.94083E-5 1.98763E-5 2.53323E-5 1.97762E-5 1.53631E-5 1.32784E-5 2.50861E-5 2.44167E-6 2.26142E-6 2.37991E-5 8.03573E-5 8.30994E-5 5.57751E-4 7.04426E-4 2.60794E-4 3.64526E-4 3.08746E-4 1.52232E-4 1.82633E-4 2.12319E-4 1.47913E-4 8.73242E-5 9.23348E-5 8.35863E-5 7.61165E-5 7.04538E-5 6.12173E-5 5.94641E-5 5.93945E-5 6.28607E-5 6.38281E-5 1.02489E-4 8.14397E-5 8.11253E-5 5.46355E-5 5.27476E-5 4.11706E-5 4.97471E-5 4.77304E-5 5.11262E-5 4.46142E-5 3.58429E-5 2.58456E-5
-9999 -9999 -9999 8.04055E-7 1.64116E-6 2.5819E-6 -9999 -9999 4.44539E-6 1.72659E-7 3.72131E-8 3.67614E-7 6.62814E-7 1.7126E-6 3.8262E-6 7.22986E-6 3.90083E-5 1.68616E-5 2.31675E-5 1.31273E-5 2.26775E-5 2.08325E-5 2.00923E-5 1.638E-5 1.79577E-5 3.37296E-6 1.63372E-6 1.64196E-5 4.72852E-5 1.96167E-4 4.46446E-4 8.57621E-4 5.72777E-4 3.55895E-4 5.36162E-4 3.21594E-4 2.74998E-4 3.77582E-4 1.90468E-4 1.17944E-4 1.13719E-4 1.05414E-4 8.30151E-5 7.08727E-5 6.75733E-5 8.06189E-5 7.20042E-5 7.0953E-5 9.13527E-5 1.01629E-4 9.70243E-5 6.3892E-5 5.74691E-5 4.62274E-5 4.05456E-5 5.53908E-5 5.25043E-5 4.33398E-5 4.67781E-5 3.63676E-5 3.41371E-5
-9999 -9999 -9999 8.058E-7 3.26253E-6 -9999 -9999 7.87926E-6 2.66326E-6 2.75125E-7 6.3189E-8 3.23897E-7 8.53119E-7 4.43166E-7 5.05616E-6 1.00888E-5 3.46312E-5 2.07357E-5 1.96374E-5 2.03877E-5 2.41737E-5 2.35369E-5 1.66765E-5 1.84352E-5 1.69634E-5 5.35161E-6 7.69506E-7 1.07353E-5 2.84875E-5 5.00501E-5 2.13784E-4 5.74742E-4 2.18531E-4 2.95386E-4 9.62316E-4 5.75855E-4 5.15184E-4 1.02165E-3 3.06407E-4 1.19982E-4 1.13721E-4 8.78779E-5 7.51653E-5 6.93261E-5 7.61892E-5 9.29232E-5 8.05487E-5 7.48337E-5 7.18808E-5 9.90346E-5 1.03629E-4 5.81394E-5 4.45525E-5 5.13493E-5 4.70554E-5 4.82813E-5 5.12607E-5 4.57306E-5 4.53275E-5 3.78711E-5 3.51237E-5
-9999 -9999 -9999 5.76024E-7 8.77099E-7 -9999 -9999 -9999 4.84105E-6 4.17078E-7 2.24866E-7 7.8878E-7 2.3968E-7 1.9303E-6 8.10772E-6 1.81049E-5 2.98603E-5 2.82611E-5 2.83882E-5 2.37192E-5 3.03437E-5 3.48669E-5 2.51388E-5 1.68802E-5 1.58985E-5 6.56851E-6 2.91908E-6 1.00697E-5 1.95604E-5 3.28579E-5 5.91384E-5 2.26941E-4 3.52413E-4 4.26493E-4 5.96959E-4 6.27255E-4 4.64334E-4 3.22448E-4 1.36672E-4 1.08716E-4 9.22804E-5 9.49043E-5 8.3291E-5 7.75293E-5 8.50918E-5 9.30708E-5 1.09326E-4 8.16226E-5 7.8794E-5 1.05581E-4 1.02269E-4 6.93003E-5 6.62237E-5 5.84928E-5 5.583E-5 4.73346E-5 5.26617E-5 4.99736E-5 5.03691E-5 4.80378E-5 4.01889E-5
-9999 -9999 -9999 1.30774E-6 5.26533E-6 -9999 -9999 -9999 1.02807E-5 3.61891E-6 1.30602E-6 1.19678E-7 1.29533E-6 3.72778E-6 5.12031E-6 1.71455E-5 2.42683E-5 3.17775E-5 4.09232E-5 2.4717E-5 2.3284E-5 5.03603E-5 3.15858E-5 2.27348E-5 1.83635E-5 9.69095E-6 3.59381E-6 8.14823E-6 1.36225E-5 2.84929E-5 4.20035E-5 2.67138E-4 3.82843E-4 5.66003E-4 3.19254E-4 4.37243E-4 3.29227E-4 4.14353E-4 1.57798E-4 1.55138E-4 9.96062E-5 9.87136E-5 8.36812E-5 7.99036E-5 1.29169E-4 1.37295E-4 1.27798E-4 9.41102E-5 9.02953E-5 1.09348E-4 1.33209E-4 7.7427E-5 6.53702E-5 5.43662E-5 6.23342E-5 5.22449E-5 5.16992E-5 4.84836E-5 4.41845E-5 4.79739E-5 4.16404E-5
-9999 -9999 -9999 3.70193E-7 6.77029E-6 -9999 -9999 -9999 1.35988E-5 1.6467E-6 1.0994E-7 2.94566E-8 5.66809E-7 2.89294E-6 3.66863E-5 1.86967E-5 1.8465E-5 3.73071E-5 3.28513E-5 3.21029E-5 5.59971E-5 7.0838E-5 3.30059E-5 2.57175E-5 1.88286E-5 8.90916E-6 4.41264E-6 4.80666E-6 9.98488E-6 1.77939E-5 3.44886E-5 1.27678E-4 2.7299E-4 5.81259E-4 3.91756E-4 4.01095E-4 1.52249E-4 3.13195E-4 3.31019E-4 1.76916E-4 8.3146E-5 8.7266E-5 8.3157E-5 8.91269E-5 9.16698E-5 9.32459E-5 1.06088E-4 1.1161E-4 1.30496E-4 1.11099E-4 9.60392E-5 8.93561E-5 7.09978E-5 6.70694E-5 6.31701E-5 5.96841E-5 5.10265E-5 6.27586E-5 5.36445E-5 5.19074E-5 5.59395E-5
-9999 -9999 -9999 -9999 1.65843E-6 -9999 -9999 -9999 -9999 4.1189E-6 2.47851E-7 1.36034E-7 5.04938E-7 9.5849E-7 7.34445E-6 1.57759E-5 1.47952E-5 3.87356E-5 5.10448E-5 6.24834E-5 4.28812E-5 1.3213E-4 5.63769E-5 3.68571E-5 3.42038E-5 1.37453E-5 5.58991E-6 3.52141E-6 7.39226E-6 1.08874E-5 2.7795E-5 4.42115E-5 5.87042E-5 9.04293E-5 7.50984E-5 1.01759E-4 2.98172E-4 2.15741E-4 9.13117E-5 6.80071E-5 1.16654E-4 8.84486E-5 1.31637E-4 9.57969E-5 9.28554E-5 1.24591E-4 1.21341E-4 1.258E-4 1.15334E-4 1.07236E-4 1.49303E-4 8.4418E-5 7.7833E-5 7.44214E-5 7.50642E-5 6.71757E-5 6.29257E-5 5.71808E-5 5.53305E-5 5.31452E-5 5.33778E-5
-9999 -9999 -9999 -9999 3.04754E-6 -9999 -9999 -9999 -9999 1.20045E-5 2.05555E-6 4.66016E-7 6.19543E-7 8.28461E-7 4.07919E-6 1.52552E-5 3.0921E-5 3.92872E-5 4.7305E-5 3.7244E-5 4.54208E-5 6.3213E-5 4.31355E-5 7.2098E-5 9.80897E-5 1.71125E-5 7.23332E-6 2.57567E-6 4.37319E-6 9.68244E-6 1.79858E-5 2.59571E-5 5.62431E-5 1.11568E-4 6.30261E-5 6.83347E-5 1.34567E-4 7.52827E-5 5.48957E-5 4.46039E-5 9.44658E-5 7.76737E-5 1.09019E-4 1.43714E-4 1.05299E-4 1.2327E-4 2.37987E-4 1.24859E-4 1.18429E-4 1.2188E-4 1.30602E-4 9.6371E-5 9.07692E-5 8.08881E-5 8.03588E-5 8.27841E-5 7.24261E-5 6.59991E-5 6.00159E-5 5.34563E-5 5.20284E-5
-9999 -9999 -9999 -9999 -9999 -9999 -9999 -9999 -9999 8.59905E-6 7.74843E-6 7.76484E-7 7.5735E-7 1.08494E-6 1.70384E-6 8.09538E-6 2.86165E-5 3.23309E-5 3.61983E-5 4.89172E-5 4.15277E-5 4.51886E-5 5.66042E-5 3.94213E-5 2.67528E-5 7.32119E-6 4.04347E-6 5.5353E-6 3.09528E-6 9.22544E-6 1.98524E-5 2.99835E-5 3.78378E-5 8.16158E-5 4.18855E-5 6.30321E-5 1.32202E-4 1.18646E-4 7.37682E-5 1.07295E-4 1.2098E-4 8.34051E-5 1.26447E-4 1.41261E-4 3.03184E-4 3.74124E-4 3.79486E-4 1.64592E-4 1.23178E-4 1.15302E-4 1.28036E-4 1.23817E-4 9.53118E-5 7.52828E-5 8.42693E-5 7.60735E-5 7.59034E-5 7.55604E-5 6.35255E-5 5.99188E-5 5.70221E-5
-9999 -9999 -9999 -9999 -9999 -9999 -9999 -9999 -9999 -9999 6.54578E-6 1.72751E-6 9.30546E-7 7.72937E-7 3.11787E-6 7.61704E-6 2.75816E-5 3.06634E-5 3.37538E-5 3.80025E-5 4.07132E-5 4.29424E-5 5.74449E-5 4.59968E-5 2.74546E-5 9.60739E-6 5.62312E-6 4.63099E-6 5.4887E-6 7.24204E-6 1.83389E-5 3.35066E-5 4.79073E-5 4.6462E-5 5.90113E-5 6.23864E-5 1.10312E-4 1.31212E-4 8.16628E-5 1.05976E-4 1.14282E-4 2.52321E-4 2.5372E-4 3.65966E-4 4.72096E-4 4.9601E-4 3.45301E-4 5.43405E-4 1.37667E-4 1.19538E-4 1.70829E-4 1.31824E-4 9.99241E-5 9.0058E-5 8.59946E-5 8.11249E-5 9.21723E-5 9.90193E-5 7.95338E-5 6.83531E-5 6.7585E-5
-9999 -9999 -9999 -9999 -9999 -9999 -9999 -9999 -9999 -9999 5.51457E-6 1.21134E-6 6.74162E-8 2.75222E-7 2.56489E-6 4.91877E-6 2.43918E-5 3.87419E-5 3.37327E-5 4.35636E-5 4.31864E-5 4.46081E-5 6.11102E-5 6.82969E-5 2.63799E-5 1.31526E-5 8.49177E-6 4.44668E-6 9.90623E-6 1.19664E-5 1.9597E-5 3.14131E-5 3.97603E-5 5.42064E-5 6.688E-5 1.03695E-4 9.55233E-5 8.19477E-5 8.82596E-5 2.8194E-4 2.99423E-4 4.77041E-4 3.19073E-4 3.94065E-4 4.30641E-4 4.27274E-4 1.80737E-4 3.83408E-4 2.73242E-4 3.7023E-4 3.10284E-4 1.72919E-4 1.08281E-4 9.89206E-5 9.15471E-5 8.94352E-5 8.92557E-5 8.13244E-5 8.15885E-5 7.48766E-5 7.44791E-5
-9999 -9999 -9999 -9999 -9999 -9999 -9999 -9999 -9999 -9999 4.60705E-6 7.08569E-7 1.11236E-7 3.0945E-7 1.61146E-5 1.0708E-5 1.9847E-5 4.9593E-5 4.01014E-5 7.18134E-5 6.00886E-5 5.55737E-5 5.94475E-5 6.97625E-5 3.40254E-5 9.91485E-6 7.87292E-6 6.61547E-6 7.84173E-6 1.78816E-5 2.51102E-5 4.58413E-5 4.74306E-5 4.85972E-5 7.06451E-5 9.22109E-5 1.475E-4 2.17438E-4 2.58473E-4 2.13122E-4 2.95294E-4 3.56841E-4 5.57128E-4 5.43246E-4 5.38584E-4 6.6529E-4 6.50225E-4 5.31484E-4 3.53487E-4 6.08254E-4 6.19045E-4 4.2818E-4 2.88395E-4 2.33362E-4 2.14105E-4 1.04782E-4 9.57664E-5 9.20321E-5 9.28607E-5 8.56015E-5 8.28082E-5
-9999 -9999 -9999 -9999 -9999 -9999 -9999 -9999 -9999 -9999 3.53436E-6 4.9293E-7 4.75118E-7 2.75027E-7 1.98697E-6 6.05817E-6 2.75008E-5 5.1925E-5 5.97817E-5 1.03441E-4 1.19163E-4 6.76661E-5 5.58602E-5 6.33231E-5 3.53872E-5 1.61654E-5 8.07185E-6 6.53003E-6 1.71735E-5 1.1311E-5 2.46922E-5 4.81546E-5 5.08204E-5 5.00877E-5 1.14283E-4 7.40905E-5 1.22945E-4 1.7182E-4 1.61091E-4 2.3111E-4 4.39935E-4 6.60879E-4 8.98888E-4 7.84284E-4 1.14579E-3 7.90822E-4 7.7793E-4 7.20823E-4 7.79783E-4 7.92595E-4 3.03467E-4 1.96955E-4 2.04006E-4 3.10886E-4 3.24931E-4 2.9969E-4 1.25054E-4 1.02487E-4 9.59555E-5 9.20825E-5 9.6287E-5
-9999 -9999 -9999 -9999 -9999 -9999 -9999 -9999 -9999 -9999 1.6247E-6 8.82469E-7 5.16209E-7 8.59948E-7 4.31604E-5 2.35085E-6 3.02665E-5 3.2232E-5 5.08854E-5 1.19779E-4 1.75108E-4 8.94484E-5 7.16577E-5 5.02326E-5 5.09557E-5 2.83535E-5 1.93746E-5 9.44191E-6 1.12824E-5 2.68186E-5 2.55484E-5 1.9353E-5 5.25385E-5 1.1429E-4 1.05986E-4 1.22089E-4 1.06201E-4 1.13967E-4 1.43811E-4 2.49677E-4 4.93616E-4 1.113E-3 1.19627E-3 1.33741E-3 1.36583E-3 7.09081E-4 5.40079E-4 6.36016E-4 3.44019E-4 8.78377E-4 7.55774E-4 3.03242E-4 2.09569E-4 4.0048E-4 2.42008E-4 2.03801E-4 1.26411E-4 1.56191E-4 1.23558E-4 1.00018E-4 1.07207E-4
-9999 -9999 -9999 -9999 -9999 -9999 -9999 -9999 4.58476E-6 2.83541E-6 1.95074E-6 1.39439E-6 6.54355E-7 4.28084E-7 1.22935E-6 2.27451E-5 3.07024E-5 3.60989E-5 4.33318E-5 6.65855E-5 7.17298E-5 1.25544E-4 1.33416E-4 6.71559E-5 5.81741E-5 3.27129E-5 1.28214E-5 5.22786E-6 4.97563E-6 9.7919E-6 1.12261E-5 1.76368E-5 4.21909E-5 4.53502E-5 5.77529E-5 5.8055E-5 7.75927E-5 1.41406E-4 1.20636E-4 3.12435E-4 6.59967E-4 1.17482E-3 9.27878E-4 9.45975E-4 9.93616E-4 5.67057E-4 5.81161E-4 6.78313E-4 6.0492E-4 4.09E-4 6.74302E-4 4.9708E-4 3.49114E-4 2.91967E-4 2.35931E-4 1.96215E-4 2.64748E-4 2.37412E-4 2.28146E-4 1.20332E-4 1.33456E-4
-9999 -9999 -9999 -9999 -9999 -9999 -9999 -9999 3.85025E-6 1.32686E-6 1.61141E-6 2.02881E-6 1.5522E-6 2.69903E-7 3.46451E-7 2.45023E-6 4.31332E-6 4.93936E-5 3.33163E-5 1.79462E-5 2.9082E-5 5.19496E-5 1.46227E-4 4.7738E-5 4.67353E-5 3.1643E-5 1.84626E-5 9.56484E-6 4.85542E-6 5.20405E-6 1.43053E-5 1.04034E-5 3.41735E-5 5.35603E-5 9.00276E-5 4.84923E-5 1.28381E-4 1.13969E-4 1.17862E-4 1.14711E-4 3.99871E-4 9.47443E-4 8.23443E-4 7.97561E-4 8.2002E-4 6.20401E-4 4.861E-4 5.82878E-4 5.55272E-4 7.68756E-4 6.33722E-4 5.56031E-4 4.70425E-4 3.17191E-4 2.82742E-4 3.59E-4 4.27432E-4 4.3368E-4 3.19471E-4 3.53262E-4 3.7453E-4
-9999 -9999 -9999 -9999 -9999 -9999 -9999 -9999 1.19819E-6 7.51117E-7 2.64577E-7 3.96048E-7 1.09783E-6 5.56553E-7 2.98435E-7 1.9134E-6 1.75175E-6 2.65562E-5 3.02658E-5 3.38408E-5 2.29617E-5 2.59564E-5 9.05944E-5 6.12255E-5 5.80346E-5 6.3753E-5 2.59679E-5 1.85756E-5 7.15772E-6 4.96715E-6 1.19349E-5 1.26304E-5 2.25995E-5 7.41237E-5 2.08555E-4 1.87619E-4 8.823E-5 1.37121E-4 1.12627E-4 4.0857E-4 8.67784E-4 1.16138E-3 1.10972E-3 1.15479E-3 1.15456E-3 6.85401E-4 5.47577E-4 4.31104E-4 7.63918E-4 7.77345E-4 1.00761E-3 6.66697E-4 4.98016E-4 3.49042E-4 5.05621E-4 2.49237E-4 5.17411E-4 4.74964E-4 3.237E-4 5.51024E-4 5.6183E-4
-9999 -9999 -9999 -9999 -9999 -9999 -9999 -9999 -9999 1.69477E-6 2.73448E-7 2.69257E-7 4.52847E-7 1.46347E-6 4.29795E-7 4.80985E-7 2.06116E-6 2.32701E-5 1.66377E-4 6.02986E-5 1.29954E-5 1.56732E-5 3.38355E-5 7.39316E-5 4.72576E-5 4.47331E-5 3.47123E-5 2.81351E-5 1.10093E-5 5.48833E-6 3.52164E-6 4.48072E-6 1.09055E-5 2.45817E-5 6.38447E-5 9.06593E-5 1.28683E-4 1.00523E-4 1.66042E-4 9.81021E-4 8.85488E-4 1.73679E-3 1.71074E-3 1.27098E-3 8.94147E-4 5.70659E-4 7.3912E-4 7.80468E-4 3.62038E-4 4.68319E-4 4.48336E-4 5.3575E-4 3.91887E-4 9.83216E-4 7.95391E-4 3.83839E-4 5.04662E-4 6.29372E-4 4.38658E-4 5.2899E-4 3.85261E-4
-9999 -9999 -9999 -9999 -9999 -9999 -9999 -9999 -9999 9.12439E-7 7.55679E-7 2.0658E-7 2.64092E-7 1.1316E-6 2.32002E-6 9.48218E-7 8.81166E-7 1.29352E-6 1.30022E-5 1.97116E-5 1.26191E-5 1.06292E-5 2.97843E-5 5.76907E-5 4.44329E-5 4.39651E-5 5.26383E-5 2.66907E-5 9.26835E-6 3.29354E-6 4.11587E-6 1.73088E-6 1.51852E-5 1.61624E-5 5.47825E-5 1.00096E-4 1.88735E-4 1.38054E-4 1.24216E-4 5.86005E-4 1.1986E-3 1.21077E-3 8.74293E-4 8.96806E-4 7.68038E-4 3.99301E-4 3.00512E-4 7.55409E-4 4.48712E-4 5.39751E-4 7.59743E-4 4.44543E-4 6.38428E-4 6.02152E-4 7.85204E-4 5.86433E-4 3.18387E-4 4.04299E-4 3.85385E-4 4.27882E-4 4.45125E-4
-9999 -9999 -9999 -9999 -9999 -9999 -9999 -9999 -9999 -9999 1.16294E-6 3.0526E-7 1.84613E-7 1.57443E-6 2.50397E-6 9.16343E-7 8.85489E-7 1.40953E-6 7.60464E-6 6.44626E-6 9.56688E-6 7.39917E-6 2.74523E-5 1.23375E-4 8.51535E-5 6.42755E-5 4.27774E-5 2.55592E-5 8.05455E-6 4.45425E-6 5.08839E-6 3.99589E-6 3.30523E-6 8.02252E-6 2.90473E-5 7.32039E-5 1.04321E-4 1.13476E-4 1.96697E-4 7.17103E-4 9.95457E-4 9.8355E-4 9.427E-4 8.5379E-4 3.42731E-4 3.57784E-4 2.6325E-4 5.17096E-4 3.84953E-4 5.03775E-4 9.06754E-4 8.02127E-4 8.05111E-4 8.6869E-4 4.73636E-4 6.17605E-4 6.92848E-4 3.5247E-4 3.74549E-4 4.93116E-4 4.21638E-4
-9999 -9999 -9999 -9999 -9999 -9999 -9999 -9999 -9999 -9999 1.37188E-6 4.53676E-7 2.82962E-7 6.88605E-7 2.78742E-6 1.83141E-6 7.7571E-7 4.97608E-7 2.09746E-6 5.93342E-6 9.15268E-6 1.23578E-5 2.49311E-5 4.1089E-5 7.58812E-5 1.60447E-4 1.49043E-4 4.81479E-5 3.52503E-5 9.12336E-6 4.86891E-6 1.53021E-5 1.0996E-5 2.07879E-5 4.26382E-5 3.47459E-5 5.87625E-5 9.64581E-5 1.37504E-4 8.86436E-4 1.34E-3 1.03782E-3 1.08071E-3 1.30387E-3 8.85905E-4 4.18369E-4 2.1685E-4 2.65859E-4 3.99262E-4 4.10407E-4 6.69787E-4 7.14911E-4 7.55088E-4 7.55117E-4 7.18802E-4 5.03048E-4 5.7943E-4 5.65768E-4 5.76115E-4 3.59862E-4 3.76049E-4
