Candidate_Models_Sept202022/M_0.4_F_lqp_Set_1_all/Bison.asc
ncols         97
nrows         127
xllcorner     -2197417.7431653
yllcorner     -584827.01486885
cellsize      30000.0
NODATA_value  -9999
[rows 0 to 26 of 127, columns 0 to 60 of 97]
-9999 -9999 -9999 -9999 -9999 -9999 -9999 -9999 -9999 -9999 -9999 -9999 -9999 -9999 -9999 -9999 -9999 -9999 -9999 -9999 -9999 -9999 -9999 -9999 -9999 -9999 -9999 -9999 -9999 -9999 -9999 -9999 -9999 -9999 -9999 -9999 -9999 -9999 -9999 -9999 -9999 -9999 -9999 -9999 -9999 -9999 -9999 -9999 -9999 -9999 -9999 -9999 -9999 -9999 -9999 -9999 -9999 -9999 -9999 -9999 -9999
-9999 -9999 -9999 -9999 -9999 -9999 -9999 -9999 -9999 -9999 -9999 -9999 -9999 -9999 -9999 -9999 -9999 -9999 -9999 -9999 -9999 -9999 -9999 -9999 -9999 -9999 -9999 -9999 -9999 -9999 -9999 -9999 -9999 -9999 -9999 -9999 -9999 -9999 -9999 -9999 -9999 -9999 -9999 -9999 -9999 -9999 -9999 -9999 -9999 -9999 -9999 -9999 -9999 -9999 -9999 -9999 -9999 -9999 -9999 -9999 -9999
-9999 -9999 -9999 -9999 -9999 -9999 -9999 -9999 -9999 -9999 -9999 -9999 -9999 -9999 -9999 -9999 -9999 -9999 -9999 -9999 -9999 -9999 -9999 -9999 -9999 -9999 -9999 -9999 -9999 -9999 -9999 -9999 -9999 -9999 -9999 -9999 -9999 -9999 -9999 -9999 -9999 -9999 -9999 -9999 -9999 -9999 -9999 -9999 -9999 -9999 -9999 -9999 -9999 -9999 -9999 -9999 -9999 -9999 -9999 -9999 -9999
-9999 -9999 -9999 -9999 -9999 -9999 -9999 -9999 -9999 -9999 -9999 -9999 -9999 -9999 -9999 -9999 -9999 -9999 -9999 1.10584E-5 1.02525E-5 5.84424E-6 9.16098E-6 -9999 -9999 -9999 -9999 -9999 -9999 -9999 -9999 -9999 -9999 -9999 -9999 -9999 -9999 -9999 -9999 -9999 -9999 -9999 -9999 -9999 -9999 -9999 -9999 -9999 -9999 -9999 -9999 -9999 -9999 -9999 -9999 -9999 -9999 -9999 -9999 -9999 -9999
-9999 -9999 -9999 -9999 -9999 -9999 -9999 -9999 -9999 -9999 -9999 -9999 -9999 -9999 -9999 -9999 -9999 -9999 1.16079E-5 9.93663E-6 9.7012E-6 1.10831E-5 9.35523E-6 7.67193E-6 5.76216E-6 -9999 -9999 -9999 -9999 -9999 -9999 -9999 -9999 -9999 -9999 -9999 -9999 -9999 -9999 -9999 -9999 -9999 -9999 -9999 -9999 -9999 -9999 -9999 -9999 -9999 -9999 -9999 -9999 -9999 -9999 -9999 -9999 -9999 -9999 -9999 -9999
-9999 -9999 -9999 -9999 -9999 -9999 -9999 -9999 -9999 -9999 -9999 -9999 -9999 -9999 -9999 -9999 -9999 -9999 8.1343E-6 7.41609E-6 7.98911E-6 9.24523E-6 7.76815E-6 5.53307E-6 5.13075E-6 -9999 -9999 -9999 -9999 -9999 -9999 -9999 -9999 -9999 -9999 -9999 -9999 -9999 -9999 -9999 -9999 -9999 -9999 -9999 -9999 -9999 -9999 -9999 -9999 -9999 -9999 -9999 -9999 -9999 -9999 -9999 -9999 -9999 -9999 -9999 -9999
-9999 -9999 -9999 -9999 -9999 -9999 -9999 -9999 -9999 -9999 -9999 -9999 -9999 -9999 -9999 -9999 -9999 6.69281E-6 6.66612E-6 2.99608E-6 3.34004E-6 4.8891E-6 6.25492E-6 5.27704E-6 4.82522E-6 4.68578E-6 -9999 5.91318E-6 5.34151E-6 5.9079E-6 -9999 -9999 -9999 -9999 -9999 -9999 -9999 -9999 4.29598E-6 -9999 -9999 -9999 -9999 -9999 -9999 -9999 -9999 -9999 -9999 -9999 -9999 -9999 -9999 -9999 -9999 -9999 -9999 -9999 -9999 -9999 -9999
-9999 -9999 -9999 -9999 -9999 -9999 -9999 -9999 -9999 -9999 -9999 -9999 -9999 -9999 -9999 -9999 1.0119E-5 9.74388E-6 2.94906E-6 1.69375E-6 1.82675E-6 2.54838E-6 4.1503E-6 4.80798E-6 4.95357E-6 4.69302E-6 5.25363E-6 5.20773E-6 4.78216E-6 4.91502E-6 5.14102E-6 5.07348E-6 4.67962E-6 4.4616E-6 4.63462E-6 4.92407E-6 5.16103E-6 -9999 3.89507E-6 3.60451E-6 -9999 -9999 -9999 -9999 -9999 -9999 -9999 -9999 -9999 -9999 -9999 -9999 -9999 -9999 -9999 -9999 -9999 -9999 -9999 -9999 -9999
-9999 -9999 -9999 -9999 -9999 -9999 -9999 -9999 -9999 -9999 -9999 -9999 -9999 -9999 -9999 5.63073E-6 7.62025E-6 5.28994E-6 2.3112E-6 1.47589E-6 1.32565E-6 1.82837E-6 3.4819E-6 4.83686E-6 5.06512E-6 4.46117E-6 6.03693E-6 6.19778E-6 4.30096E-6 4.00065E-6 4.27386E-6 4.37177E-6 4.31772E-6 4.15506E-6 4.64097E-6 6.15811E-6 5.56852E-6 5.53796E-6 4.06878E-6 3.97325E-6 -9999 -9999 -9999 -9999 -9999 -9999 -9999 -9999 -9999 -9999 -9999 -9999 -9999 -9999 -9999 -9999 -9999 -9999 -9999 -9999 -9999
-9999 -9999 -9999 -9999 -9999 -9999 -9999 -9999 -9999 -9999 -9999 -9999 -9999 -9999 -9999 9.47004E-6 8.29012E-6 4.29018E-6 1.63585E-6 1.68276E-6 1.96779E-6 2.84889E-6 4.17128E-6 4.92653E-6 5.5038E-6 4.22984E-6 5.32815E-6 5.27022E-6 3.71177E-6 3.83963E-6 4.91545E-6 4.77597E-6 4.49562E-6 5.10576E-6 5.49456E-6 7.31143E-6 8.04111E-6 6.98599E-6 5.16141E-6 -9999 -9999 -9999 3.6486E-6 -9999 -9999 -9999 -9999 -9999 -9999 -9999 -9999 -9999 -9999 -9999 -9999 -9999 -9999 -9999 -9999 -9999 -9999
-9999 -9999 -9999 -9999 -9999 -9999 -9999 -9999 -9999 -9999 -9999 -9999 -9999 -9999 6.56653E-6 9.00106E-6 8.73298E-6 5.46665E-6 4.65241E-6 2.79988E-6 2.80696E-6 3.37545E-6 5.06572E-6 5.33917E-6 5.19238E-6 5.06064E-6 5.41596E-6 4.62605E-6 4.55995E-6 4.03279E-6 5.60611E-6 4.81746E-6 4.20729E-6 5.77248E-6 8.43732E-6 8.97221E-6 9.07374E-6 6.8356E-6 4.6875E-6 -9999 -9999 3.871E-6 -9999 -9999 -9999 -9999 -9999 -9999 -9999 -9999 -9999 -9999 -9999 -9999 -9999 -9999 -9999 -9999 -9999 -9999 -9999
-9999 -9999 -9999 -9999 -9999 -9999 -9999 -9999 -9999 -9999 -9999 -9999 -9999 4.76137E-6 8.74638E-6 8.76187E-6 9.01573E-6 5.83983E-6 5.3529E-6 4.48894E-6 3.64977E-6 4.81242E-6 5.64055E-6 6.911E-6 4.97037E-6 4.30745E-6 4.63918E-6 4.57119E-6 3.46233E-6 3.60354E-6 3.88519E-6 4.56673E-6 4.69269E-6 6.67493E-6 8.13991E-6 8.70157E-6 9.43646E-6 6.83234E-6 4.76647E-6 3.84238E-6 3.54814E-6 3.76614E-6 -9999 4.88728E-6 4.99644E-6 -9999 -9999 -9999 -9999 -9999 -9999 -9999 -9999 -9999 -9999 -9999 -9999 -9999 -9999 -9999 -9999
-9999 -9999 -9999 -9999 -9999 -9999 -9999 -9999 -9999 -9999 -9999 -9999 -9999 9.1102E-6 8.72719E-6 7.64799E-6 7.32442E-6 4.9086E-6 8.46626E-6 1.89058E-6 3.02326E-6 3.48513E-6 5.87928E-6 5.26333E-6 3.50385E-6 3.81157E-6 4.03071E-6 3.41497E-6 3.60809E-6 3.51747E-6 4.25499E-6 4.48489E-6 5.26719E-6 5.4421E-6 6.32286E-6 7.09899E-6 6.04601E-6 5.59831E-6 4.02541E-6 3.20005E-6 3.26675E-6 4.66066E-6 4.82415E-6 5.3504E-6 5.55838E-6 6.10779E-6 -9999 -9999 -9999 -9999 -9999 -9999 -9999 -9999 -9999 -9999 -9999 -9999 -9999 -9999 -9999
-9999 -9999 -9999 -9999 -9999 -9999 -9999 -9999 -9999 -9999 -9999 -9999 1.68916E-5 1.81167E-5 1.02195E-5 8.87834E-6 6.45971E-6 5.18709E-6 4.49932E-6 4.23232E-6 3.79699E-6 4.85505E-6 5.87327E-6 4.31661E-6 3.11789E-6 2.60916E-6 3.5298E-6 2.72035E-6 5.08356E-6 5.51394E-6 4.81187E-6 3.81761E-6 3.61871E-6 4.23014E-6 4.39361E-6 5.07716E-6 4.02667E-6 4.49902E-6 4.25831E-6 3.29271E-6 3.16576E-6 3.46743E-6 4.62155E-6 5.44227E-6 5.85205E-6 5.98768E-6 6.13299E-6 -9999 -9999 -9999 2.41775E-6 1.96112E-6 -9999 -9999 -9999 -9999 -9999 -9999 -9999 -9999 -9999
-9999 -9999 -9999 -9999 -9999 -9999 -9999 -9999 -9999 -9999 -9999 8.10074E-6 7.49057E-6 1.38731E-5 7.79321E-6 6.12027E-6 3.35486E-6 3.68181E-6 4.70325E-6 5.26773E-6 4.79727E-6 9.27657E-6 6.89609E-6 3.9907E-6 2.16901E-6 2.08866E-6 3.99975E-6 4.62728E-6 4.00617E-6 3.78643E-6 3.61588E-6 3.71595E-6 3.10263E-6 3.15942E-6 4.87163E-6 5.71115E-6 5.61318E-6 5.2249E-6 4.67971E-6 3.72442E-6 3.52264E-6 3.71397E-6 4.32059E-6 5.02223E-6 5.25839E-6 5.54226E-6 5.23418E-6 4.51261E-6 -9999 -9999 -9999 2.2953E-6 1.99887E-6 -9999 -9999 -9999 -9999 -9999 -9999 -9999 -9999
-9999 -9999 -9999 -9999 -9999 -9999 -9999 -9999 -9999 -9999 -9999 7.41083E-6 5.08911E-6 5.19108E-6 4.19192E-6 2.3552E-6 1.9106E-6 3.13143E-6 2.75697E-6 4.78684E-6 6.04043E-6 8.08136E-6 5.93083E-6 4.3044E-6 2.00007E-6 2.37407E-6 3.96952E-6 5.60387E-6 6.12691E-6 5.28233E-6 3.4739E-6 3.17268E-6 2.803E-6 2.92002E-6 4.69203E-6 5.36378E-6 5.0387E-6 4.8952E-6 4.39162E-6 3.78578E-6 3.87412E-6 4.16763E-6 4.45192E-6 5.20171E-6 4.33143E-6 4.72973E-6 4.25655E-6 4.02283E-6 4.11936E-6 -9999 -9999 2.61766E-6 2.41466E-6 2.22166E-6 2.29575E-6 -9999 -9999 -9999 -9999 -9999 -9999
-9999 -9999 -9999 -9999 -9999 -9999 -9999 -9999 -9999 -9999 9.94989E-6 8.38358E-6 9.85318E-6 4.05268E-6 2.47461E-6 1.9893E-6 2.14813E-6 1.91454E-6 2.59853E-6 4.20471E-6 1.01431E-5 8.0875E-6 4.79422E-6 5.43428E-6 2.50399E-6 2.94565E-6 3.13516E-6 3.56603E-6 5.51331E-6 3.48791E-6 3.65419E-6 2.91516E-6 4.08892E-6 3.63426E-6 5.55536E-6 6.46567E-6 6.55979E-6 6.22876E-6 6.35306E-6 4.53025E-6 4.24802E-6 4.39171E-6 4.59879E-6 4.66883E-6 4.11318E-6 3.85734E-6 3.72668E-6 4.02092E-6 4.11629E-6 3.66458E-6 3.29181E-6 3.93707E-6 -9999 -9999 2.41838E-6 2.27245E-6 -9999 -9999 -9999 -9999 -9999
-9999 -9999 -9999 -9999 -9999 -9999 -9999 -9999 -9999 1.51448E-5 1.0697E-5 8.54233E-6 5.77706E-6 3.73125E-6 2.81353E-6 2.50775E-6 2.1117E-6 2.27174E-6 2.32318E-6 3.98457E-6 6.31208E-6 7.02974E-6 5.52316E-6 4.15529E-6 2.45419E-6 2.97613E-6 3.51762E-6 3.36148E-6 3.7204E-6 3.87969E-6 5.28859E-6 3.68732E-6 3.55396E-6 5.0467E-6 5.71297E-6 6.1447E-6 6.42678E-6 8.57163E-6 8.91851E-6 7.73523E-6 4.55915E-6 4.59344E-6 4.6808E-6 4.63202E-6 4.31166E-6 3.70159E-6 3.75199E-6 4.05762E-6 3.95427E-6 3.43194E-6 3.45258E-6 3.67464E-6 3.53686E-6 -9999 2.3392E-6 2.29906E-6 2.10147E-6 1.82949E-6 -9999 -9999 -9999
-9999 -9999 -9999 -9999 -9999 -9999 -9999 -9999 1.02558E-5 1.09232E-5 1.31104E-5 6.66638E-6 4.06197E-6 5.77475E-6 7.90675E-6 5.97208E-6 4.15185E-6 3.93232E-6 3.8022E-6 3.61435E-6 4.44603E-6 5.49154E-6 7.08238E-6 4.27666E-6 3.06812E-6 3.20845E-6 3.31275E-6 3.2014E-6 2.98938E-6 2.6439E-6 4.14975E-6 4.33251E-6 4.787E-6 6.21681E-6 6.55885E-6 6.13015E-6 6.90156E-6 8.93855E-6 9.85322E-6 1.22081E-5 6.91043E-6 5.40299E-6 4.78293E-6 4.72206E-6 4.15754E-6 3.76384E-6 4.1558E-6 4.41182E-6 3.94933E-6 3.52842E-6 3.52235E-6 3.70182E-6 3.7779E-6 3.82514E-6 2.57685E-6 2.3796E-6 1.97311E-6 1.78743E-6 1.62572E-6 1.48348E-6 1.43189E-6
-9999 -9999 -9999 -9999 -9999 -9999 -9999 -9999 5.8445E-6 4.74427E-6 6.43595E-6 6.53615E-6 5.21179E-6 7.62373E-6 1.03243E-5 1.61747E-5 7.98822E-6 6.73292E-6 6.49352E-6 4.49897E-6 4.78877E-6 4.86417E-6 4.56866E-6 5.39542E-6 3.85641E-6 4.4433E-6 3.74601E-6 3.17709E-6 3.95386E-6 3.82412E-6 4.43102E-6 4.78125E-6 5.68946E-6 7.48719E-6 7.30887E-6 7.37224E-6 8.27569E-6 8.72804E-6 9.63252E-6 1.07664E-5 8.96939E-6 5.59683E-6 5.18866E-6 4.90415E-6 4.66665E-6 4.64232E-6 4.87208E-6 4.95847E-6 4.65903E-6 3.87585E-6 3.69991E-6 4.02561E-6 4.23064E-6 4.00181E-6 -9999 2.68652E-6 2.27994E-6 2.1689E-6 1.58491E-6 1.58886E-6 1.39988E-6
-9999 -9999 -9999 -9999 -9999 -9999 -9999 8.77427E-6 8.87487E-6 9.35618E-6 1.13594E-5 6.79329E-6 8.06304E-6 8.05094E-6 9.8965E-6 1.42402E-5 1.01211E-5 1.02289E-5 8.62963E-6 6.21605E-6 5.97591E-6 6.68996E-6 5.85692E-6 5.79626E-6 3.94214E-6 5.58669E-6 6.08729E-6 4.45868E-6 5.56518E-6 5.23235E-6 5.47597E-6 5.75994E-6 7.09244E-6 8.9427E-6 1.01349E-5 1.30282E-5 7.09407E-6 9.3885E-6 8.22158E-6 1.16405E-5 7.71525E-6 5.96939E-6 5.64003E-6 5.44289E-6 5.62838E-6 5.40458E-6 5.14605E-6 4.90478E-6 4.78816E-6 4.73119E-6 4.35917E-6 4.45541E-6 -9999 -9999 -9999 -9999 -9999 -9999 -9999 -9999 -9999
-9999 -9999 -9999 -9999 -9999 -9999 1.4623E-5 1.82318E-5 1.27375E-5 9.50974E-6 1.48037E-5 1.59921E-5 9.82248E-6 1.33144E-5 1.02018E-5 8.72076E-6 1.27859E-5 1.4788E-5 1.44266E-5 9.80815E-6 8.35747E-6 5.91123E-6 4.55638E-6 8.13102E-6 5.44402E-6 6.29101E-6 6.98881E-6 6.79907E-6 4.80782E-6 3.57706E-6 5.16848E-6 6.26519E-6 7.6146E-6 1.22718E-5 1.14751E-5 8.3024E-6 1.16617E-5 8.96042E-6 1.29752E-5 1.31525E-5 6.79331E-6 8.99902E-6 7.20037E-6 6.93761E-6 6.48473E-6 5.88356E-6 5.59049E-6 5.21028E-6 4.89073E-6 4.63509E-6 4.98022E-6 5.0305E-6 4.21265E-6 4.00077E-6 -9999 -9999 -9999 -9999 -9999 -9999 -9999
-9999 -9999 -9999 -9999 -9999 -9999 1.47839E-5 1.45402E-5 9.36255E-6 9.38653E-6 8.41885E-6 1.2717E-5 1.25267E-5 8.64657E-6 8.3709E-6 1.29907E-5 1.43067E-5 1.79293E-5 1.36739E-5 1.36457E-5 8.41175E-6 8.62378E-6 6.01784E-6 6.59251E-6 6.75393E-6 8.48663E-6 6.16328E-6 5.81369E-6 5.75854E-6 3.49501E-6 6.23226E-6 8.24475E-6 9.88387E-6 7.85134E-6 8.27203E-6 1.04588E-5 1.20803E-5 1.36097E-5 1.0476E-5 1.09086E-5 8.67138E-6 1.04763E-5 8.17753E-6 8.72392E-6 8.88112E-6 7.64913E-6 7.39521E-6 6.21409E-6 5.41269E-6 4.70852E-6 4.43321E-6 3.63719E-6 3.21596E-6 3.05383E-6 2.93195E-6 2.85295E-6 2.39649E-6 2.03894E-6 2.12242E-6 2.11752E-6 1.61767E-6
-9999 -9999 -9999 -9999 -9999 1.12913E-5 9.87964E-6 9.93466E-6 8.07306E-6 1.91338E-5 1.95004E-5 1.42636E-5 8.79593E-6 9.10452E-6 7.9054E-6 8.44009E-6 1.033E-5 1.66679E-5 1.15993E-5 1.2655E-5 1.51421E-5 1.34191E-5 9.70778E-6 9.6124E-6 1.05993E-5 7.97014E-6 6.20987E-6 4.20877E-6 5.90495E-6 4.95361E-6 3.84523E-6 8.76642E-6 1.24646E-5 1.35356E-5 1.09329E-5 1.02738E-5 1.27808E-5 -9999 -9999 1.1044E-5 -9999 -9999 -9999 1.3418E-5 9.86198E-6 7.3937E-6 6.65066E-6 5.56091E-6 4.68158E-6 4.80227E-6 4.32866E-6 3.15776E-6 2.83501E-6 2.64904E-6 2.62456E-6 2.53772E-6 1.90083E-6 1.81615E-6 1.71182E-6 1.73893E-6 1.76069E-6
-9999 -9999 -9999 -9999 8.79064E-6 8.27634E-6 7.72338E-6 8.14075E-6 1.06269E-5 1.44298E-5 1.56642E-5 1.30384E-5 1.22124E-5 8.59559E-6 8.8255E-6 1.13713E-5 1.19965E-5 1.33678E-5 1.18548E-5 1.39718E-5 1.95581E-5 1.34815E-5 1.11219E-5 1.33496E-5 9.97557E-6 1.01324E-5 7.14947E-6 6.02415E-6 5.30123E-6 4.05285E-6 6.66041E-6 1.07616E-5 1.48557E-5 1.31958E-5 6.28463E-6 1.09677E-5 1.1461E-5 1.47022E-5 2.14186E-5 1.43591E-5 2.4737E-5 -9999 1.30114E-5 1.47746E-5 8.98609E-6 7.00543E-6 7.44271E-6 7.40544E-6 5.69739E-6 6.23631E-6 4.89207E-6 3.16145E-6 3.08017E-6 2.76017E-6 2.31765E-6 1.8109E-6 1.52469E-6 1.5845E-6 1.36727E-6 1.42727E-6 1.66823E-6
-9999 -9999 -9999 1.57945E-5 2.66562E-5 2.02337E-5 1.08743E-5 9.87198E-6 1.15017E-5 2.22105E-5 1.6673E-5 1.74466E-5 1.91686E-5 1.05772E-5 1.3211E-5 8.69094E-6 1.05944E-5 1.35028E-5 1.80765E-5 1.75563E-5 1.1737E-5 5.75365E-6 1.02259E-5 1.21959E-5 7.76963E-6 6.91885E-6 7.12125E-6 6.93453E-6 6.82644E-6 4.48452E-6 6.99517E-6 1.19848E-5 1.24806E-5 9.22906E-6 8.79212E-6 1.32228E-5 1.38196E-5 1.28042E-5 1.32381E-5 1.1333E-5 1.96797E-5 1.52496E-5 -9999 -9999 7.88852E-6 8.83508E-6 1.55309E-5 1.24213E-5 7.51609E-6 5.41774E-6 7.19753E-6 4.13904E-6 3.12842E-6 2.95162E-6 2.37699E-6 1.7338E-6 1.60641E-6 1.50043E-6 1.45063E-6 1.3878E-6 1.73229E-6
-9999 -9999 -9999 3.40633E-6 2.06572E-5 2.37268E-5 1.62206E-5 2.19695E-5 3.58926E-5 2.16574E-5 1.75705E-5 2.01879E-5 1.21238E-5 1.05379E-5 1.66577E-5 1.02258E-5 1.31531E-5 1.55819E-5 1.73664E-5 8.99777E-6 6.9721E-6 4.86914E-6 4.24615E-6 6.45173E-6 7.44092E-6 8.30513E-6 8.68678E-6 1.09488E-5 6.97419E-6 6.75065E-6 7.86861E-6 9.29696E-6 9.54879E-6 9.281E-6 8.46869E-6 1.15679E-5 1.40294E-5 1.70425E-5 1.08734E-5 8.35693E-6 -9999 -9999 -9999 -9999 -9999 2.25464E-5 2.06662E-5 1.12428E-5 6.5653E-6 5.27876E-6 5.47609E-6 8.60912E-6 3.20876E-6 3.07595E-6 2.03411E-6 1.53441E-6 1.65667E-6 1.73317E-6 1.98142E-6 2.21172E-6 2.83413E-6
