Candidate_Models_Sept202022/M_1_F_lqp_Set_1_cal/Bison.asc
ncols         97
nrows         127
xllcorner     -2197417.7431653
yllcorner     -584827.01486885
cellsize      30000.0
NODATA_value  -9999
[rows 81 to 107 of 127, columns 0 to 60 of 97]
-9999 -9999 -9999 -9999 -9999 -9999 -9999 -9999 -9999 -9999 -9999 3.06776E-3 1.30117E-3 2.6137E-3 1.89306E-2 7.85024E-3 4.9535E-3 2.30116E-3 4.10895E-3 2.5231E-2 1.64679E-2 6.6747E-2 4.03932E-2 7.0381E-2 1.69638E-1 2.54935E-1 1.13762E-1 1.01207E-1 1.37055E-1 2.91765E-2 2.78132E-2 1.50782E-2 3.29977E-2 8.00735E-2 7.5302E-2 1.00708E-1 1.09212E-1 3.21761E-1 5.53634E-1 7.92754E-1 9.06923E-1 7.42497E-1 7.04986E-1 7.91953E-1 7.24785E-1 5.50503E-1 5.00799E-1 4.95655E-1 5.06911E-1 5.55631E-1 5.89941E-1 6.72959E-1 7.01783E-1 6.70814E-1 6.67319E-1 5.26784E-1 5.89153E-1 5.93912E-1 5.61403E-1 5.17269E-1 5.20104E-1
-9999 -9999 -9999 -9999 -9999 -9999 -9999 -9999 -9999 -9999 -9999 -9999 2.04438E-3 1.42357E-3 5.96782E-3 1.51867E-2 7.04785E-3 1.24721E-2 5.10072E-3 4.47278E-3 6.13922E-3 1.34424E-2 1.42652E-2 4.14958E-2 2.35433E-1 2.45959E-1 9.10335E-2 1.02772E-1 2.01319E-1 3.48765E-2 1.9653E-2 1.88029E-2 2.26125E-2 4.91508E-2 1.1921E-1 1.2167E-1 1.18322E-1 1.48599E-1 3.00564E-1 7.03041E-1 9.09091E-1 7.55973E-1 7.13017E-1 7.54586E-1 6.88257E-1 5.29145E-1 4.58292E-1 5.19169E-1 5.48773E-1 6.42169E-1 6.47636E-1 6.72115E-1 7.0955E-1 6.64818E-1 6.29291E-1 6.27782E-1 5.85764E-1 5.33032E-1 5.26875E-1 4.97778E-1 5.58937E-1
-9999 -9999 -9999 -9999 -9999 -9999 -9999 -9999 -9999 -9999 -9999 -9999 -9999 2.82479E-3 1.18763E-3 4.72451E-3 8.83118E-3 1.84268E-2 1.41226E-1 8.36918E-3 5.39069E-3 8.49621E-3 6.87819E-3 3.15976E-2 8.74864E-2 7.60915E-2 5.86892E-2 1.46187E-1 5.51559E-2 3.8597E-2 1.8295E-2 1.66026E-2 1.52446E-2 2.60317E-2 8.09637E-2 2.22012E-1 1.04514E-1 1.30188E-1 1.87935E-1 6.61403E-1 8.02982E-1 7.99433E-1 7.29329E-1 6.77269E-1 6.19469E-1 4.99052E-1 5.06929E-1 5.35682E-1 5.66043E-1 6.0249E-1 6.25293E-1 6.37173E-1 7.17487E-1 6.84599E-1 6.40865E-1 6.15474E-1 6.51793E-1 6.01604E-1 4.96208E-1 5.18734E-1 5.32721E-1
-9999 -9999 -9999 -9999 -9999 -9999 -9999 -9999 -9999 -9999 -9999 -9999 -9999 2.95657E-3 1.90346E-3 4.53327E-3 1.37599E-2 -9999 6.62431E-2 1.1033E-1 1.0044E-1 3.66974E-2 1.22605E-2 2.04363E-2 1.23278E-1 7.96625E-2 1.18588E-1 1.00307E-1 5.32725E-2 3.86796E-2 2.86084E-2 1.98354E-2 1.71185E-2 2.76277E-2 6.07567E-2 1.01713E-1 8.63364E-2 1.26031E-1 1.47814E-1 5.35606E-1 6.65338E-1 7.19591E-1 7.28519E-1 5.53632E-1 5.938E-1 6.71306E-1 6.14716E-1 6.22566E-1 5.39823E-1 5.93911E-1 6.08996E-1 5.89997E-1 6.20656E-1 5.99665E-1 5.99971E-1 4.82436E-1 6.06913E-1 6.56899E-1 5.6254E-1 5.49286E-1 6.2084E-1
-9999 -9999 -9999 -9999 -9999 -9999 -9999 -9999 -9999 -9999 -9999 -9999 -9999 5.06292E-3 3.11177E-3 3.16978E-3 1.30216E-2 -9999 8.74985E-2 2.57383E-1 6.74838E-2 1.33628E-2 6.45459E-3 2.24295E-2 5.57246E-2 7.34786E-2 1.42605E-1 5.6446E-2 4.91639E-2 2.91792E-2 2.35074E-2 1.43952E-2 2.81843E-2 3.55061E-2 5.56642E-2 9.63373E-2 1.14651E-1 1.34929E-1 2.45202E-1 2.85946E-1 5.53627E-1 6.359E-1 7.00899E-1 6.0708E-1 5.4679E-1 6.64675E-1 5.20688E-1 4.93561E-1 5.45093E-1 6.40106E-1 6.08743E-1 4.94528E-1 5.92549E-1 6.88112E-1 6.41167E-1 6.14485E-1 6.92649E-1 5.37533E-1 5.32992E-1 5.23081E-1 5.10164E-1
-9999 -9999 -9999 -9999 -9999 -9999 -9999 -9999 -9999 -9999 -9999 -9999 -9999 3.02927E-3 4.81745E-3 5.37555E-3 1.06284E-2 -9999 7.13581E-3 4.94182E-2 1.26699E-2 9.25836E-3 1.22365E-2 1.99092E-2 6.62758E-2 1.37671E-1 2.15666E-1 5.94243E-2 4.06641E-2 2.51254E-2 3.6104E-2 3.22209E-2 3.67542E-2 3.04594E-2 3.92374E-2 1.84153E-1 6.35853E-2 1.2536E-1 1.45444E-1 3.94839E-1 4.80898E-1 6.16707E-1 6.62441E-1 6.30771E-1 6.23634E-1 5.57068E-1 4.66733E-1 5.04907E-1 5.62436E-1 6.4735E-1 5.66756E-1 4.30522E-1 5.23744E-1 6.85359E-1 6.60854E-1 6.44942E-1 6.49E-1 4.8095E-1 4.97417E-1 5.10311E-1 6.01544E-1
-9999 -9999 -9999 -9999 -9999 -9999 -9999 -9999 -9999 -9999 -9999 -9999 -9999 4.027E-3 2.41725E-3 3.23126E-3 6.15266E-2 -9999 5.38092E-2 4.74678E-2 9.07208E-3 5.6006E-3 3.68023E-2 7.58067E-2 8.49952E-2 1.73516E-1 4.31726E-1 1.91234E-1 1.24051E-1 3.16603E-2 6.06991E-2 1.80885E-2 1.15384E-2 3.75986E-2 8.29195E-2 1.1704E-1 1.0135E-1 9.76399E-2 4.70794E-1 5.07668E-1 3.99995E-1 5.68577E-1 7.47798E-1 6.35187E-1 5.84299E-1 5.73085E-1 6.31324E-1 6.7571E-1 5.95016E-1 5.16478E-1 4.36961E-1 3.98105E-1 5.30429E-1 6.28369E-1 7.13723E-1 6.91523E-1 5.98504E-1 5.18125E-1 5.16854E-1 5.08215E-1 5.53185E-1
-9999 -9999 -9999 -9999 -9999 -9999 -9999 -9999 -9999 -9999 -9999 -9999 -9999 2.26958E-3 1.53795E-3 2.65283E-3 4.65079E-3 1.02401E-2 1.37923E-2 6.71759E-2 4.96037E-3 4.51805E-3 3.77929E-2 9.07675E-2 2.13829E-1 3.80248E-1 2.95599E-1 1.19623E-1 6.29929E-2 6.42088E-2 4.79398E-2 2.45892E-2 1.79226E-2 1.46422E-1 4.47601E-2 4.4817E-2 9.712E-2 5.35239E-2 1.01046E-1 4.5297E-1 4.2199E-1 6.38169E-1 6.23129E-1 6.68681E-1 6.27352E-1 6.13003E-1 5.49248E-1 4.98448E-1 6.4771E-1 6.3158E-1 5.36696E-1 5.21612E-1 7.06461E-1 6.97573E-1 6.98889E-1 6.86086E-1 6.41338E-1 6.02283E-1 6.35168E-1 5.06022E-1 5.20671E-1
-9999 -9999 -9999 -9999 -9999 -9999 -9999 -9999 -9999 -9999 -9999 -9999 -9999 3.42152E-3 1.77782E-3 1.6884E-3 5.36327E-3 5.80233E-3 1.61035E-2 2.98145E-2 1.17129E-2 9.86071E-3 2.38641E-2 1.18342E-1 4.01898E-1 2.94141E-1 1.24394E-1 6.60813E-2 4.91172E-2 2.08001E-1 3.65847E-2 3.60365E-2 3.368E-2 1.76407E-1 3.12304E-2 4.28969E-2 1.23048E-1 3.98495E-2 4.65299E-2 8.55985E-2 4.13746E-1 5.84157E-1 5.72731E-1 6.72105E-1 6.70923E-1 6.2407E-1 6.37735E-1 4.60861E-1 3.99729E-1 4.99091E-1 5.37657E-1 4.88877E-1 6.565E-1 6.9615E-1 7.09482E-1 6.68524E-1 6.20807E-1 6.53619E-1 6.36375E-1 6.40599E-1 5.48621E-1
-9999 -9999 -9999 -9999 -9999 -9999 -9999 -9999 -9999 -9999 -9999 -9999 -9999 4.40035E-3 3.78309E-3 4.46845E-3 4.32961E-3 6.16272E-3 1.13968E-2 4.47505E-2 5.36396E-3 1.58708E-2 5.28064E-2 3.92399E-1 5.71243E-1 2.82972E-1 2.42076E-1 5.9933E-2 9.19918E-2 1.59618E-1 6.9329E-2 4.17091E-2 8.04379E-2 4.93022E-2 2.93379E-2 3.7397E-2 5.59022E-2 3.90348E-2 8.02936E-2 6.52921E-2 2.87861E-1 3.59221E-1 6.70257E-1 5.6603E-1 6.29413E-1 6.63107E-1 4.83217E-1 4.97417E-1 4.40037E-1 6.11182E-1 5.80828E-1 4.95773E-1 6.45227E-1 5.97779E-1 6.05724E-1 6.17836E-1 6.04361E-1 6.35684E-1 6.63607E-1 6.40463E-1 5.89375E-1
-9999 -9999 -9999 -9999 -9999 -9999 -9999 -9999 -9999 -9999 -9999 -9999 -9999 6.88519E-3 8.93626E-3 9.37798E-3 7.9543E-3 1.02063E-2 5.62793E-2 2.94061E-2 1.53848E-2 2.86088E-2 1.81549E-1 6.15878E-1 4.31192E-1 2.5101E-1 4.19659E-1 2.97859E-1 1.20971E-1 1.0842E-1 1.2673E-1 7.40809E-2 8.99319E-2 5.31014E-2 1.87703E-2 6.76018E-2 7.84443E-2 1.08358E-1 1.71431E-1 6.52562E-2 1.3782E-1 3.03355E-1 6.0561E-1 6.60568E-1 4.3592E-1 4.81064E-1 5.53577E-1 5.07057E-1 5.74931E-1 4.87787E-1 4.34574E-1 4.65767E-1 5.47712E-1 5.71859E-1 5.86466E-1 4.9916E-1 4.89637E-1 5.45779E-1 6.15268E-1 5.7445E-1 5.29162E-1
-9999 -9999 -9999 -9999 -9999 -9999 -9999 -9999 -9999 -9999 -9999 -9999 -9999 5.2441E-3 4.04128E-3 2.12707E-2 2.05318E-2 2.23568E-2 2.52998E-2 1.47066E-2 3.59358E-2 9.88513E-2 1.83879E-1 2.95869E-1 3.40368E-1 2.46744E-1 3.60852E-1 3.49777E-1 3.86886E-1 3.29975E-1 2.38337E-1 1.42909E-1 3.74213E-2 1.95004E-2 2.00116E-2 5.06096E-2 1.6221E-1 2.91286E-1 4.99192E-1 4.95972E-2 1.1166E-1 5.12238E-1 5.28241E-1 6.15231E-1 4.85686E-1 5.09923E-1 5.42229E-1 5.18425E-1 5.06982E-1 4.85715E-1 4.35827E-1 4.92341E-1 5.70196E-1 5.84949E-1 5.77198E-1 5.5811E-1 4.86432E-1 6.35579E-1 5.74428E-1 5.60672E-1 5.47378E-1
-9999 -9999 -9999 -9999 -9999 -9999 -9999 -9999 -9999 -9999 -9999 -9999 5.96097E-3 4.10676E-3 7.55239E-3 2.71132E-2 2.59989E-2 1.70775E-2 2.1204E-2 8.66775E-3 3.32148E-2 3.33655E-1 3.67465E-1 3.71135E-1 1.99938E-1 2.58813E-1 3.07209E-1 3.64461E-1 3.2198E-1 2.93331E-1 4.47395E-1 1.07207E-1 2.61187E-2 1.87443E-2 3.01516E-2 3.48596E-2 1.23389E-1 3.19891E-1 9.76178E-2 4.86973E-2 4.10255E-2 3.71197E-1 5.52914E-1 5.93708E-1 5.29945E-1 5.34955E-1 4.93755E-1 4.62361E-1 4.27755E-1 6.41782E-1 4.85058E-1 4.57478E-1 4.97739E-1 5.30499E-1 5.50258E-1 5.34822E-1 5.23019E-1 6.64489E-1 5.64179E-1 5.20999E-1 5.81675E-1
-9999 -9999 -9999 -9999 -9999 -9999 -9999 -9999 -9999 -9999 -9999 -9999 1.90861E-2 9.2062E-3 9.14564E-3 1.905E-2 1.29099E-2 1.71418E-2 1.11506E-2 1.95313E-2 1.2476E-1 4.53245E-1 1.22767E-1 2.88642E-1 2.60395E-1 2.47682E-1 2.85472E-1 2.90531E-1 2.88651E-1 3.21996E-1 2.96557E-1 1.67666E-1 4.04465E-2 4.9213E-2 1.87098E-2 4.13417E-2 2.71283E-1 5.32619E-1 1.65712E-1 3.67183E-2 5.49135E-2 3.24913E-1 4.2237E-1 4.66621E-1 4.52188E-1 4.86066E-1 4.07423E-1 4.36927E-1 5.31121E-1 6.19983E-1 5.51991E-1 4.34302E-1 4.06632E-1 4.59457E-1 4.9693E-1 5.04247E-1 4.82286E-1 5.31519E-1 5.59657E-1 5.06368E-1 5.1375E-1
-9999 -9999 -9999 -9999 -9999 -9999 -9999 -9999 -9999 -9999 -9999 -9999 5.95435E-3 6.52669E-3 1.07966E-2 1.83759E-2 8.82452E-3 1.16084E-2 1.23268E-2 6.16983E-2 2.13072E-1 2.73014E-1 2.28416E-1 8.62769E-2 1.4491E-1 2.26526E-1 2.8115E-1 2.04473E-1 2.46726E-1 2.74677E-1 3.62824E-1 6.21764E-2 3.30898E-2 2.02423E-2 1.94401E-2 3.31881E-2 2.16912E-1 5.09461E-1 1.95893E-1 6.18033E-2 6.32905E-2 4.65429E-1 4.18436E-1 4.9911E-1 4.05697E-1 4.1095E-1 3.93254E-1 3.80827E-1 4.95211E-1 6.78438E-1 5.83772E-1 6.50037E-1 4.94114E-1 4.05901E-1 4.88282E-1 5.763E-1 5.97453E-1 6.2957E-1 5.13972E-1 4.91793E-1 5.61118E-1
-9999 -9999 -9999 -9999 -9999 -9999 -9999 -9999 -9999 -9999 -9999 -9999 1.70913E-2 7.22773E-3 4.15831E-2 4.82019E-2 2.96775E-2 5.31616E-3 2.72354E-2 4.49149E-2 9.79235E-2 1.76395E-1 2.25581E-1 2.01563E-1 1.47205E-1 1.59276E-1 2.12046E-1 2.03799E-1 3.39129E-1 4.93354E-1 3.66505E-1 1.31348E-1 3.85838E-2 2.29181E-2 1.92996E-2 2.16954E-2 8.10085E-2 3.0771E-1 7.53536E-2 1.11376E-1 8.65819E-2 3.98992E-1 4.47568E-1 5.11885E-1 4.5819E-1 4.68563E-1 5.51317E-1 4.21758E-1 4.62611E-1 6.14064E-1 5.99952E-1 5.48535E-1 5.9673E-1 4.83913E-1 6.85509E-1 6.20852E-1 6.80743E-1 5.70765E-1 4.63153E-1 4.74752E-1 4.7877E-1
-9999 -9999 -9999 -9999 -9999 -9999 -9999 -9999 -9999 -9999 -9999 7.82422E-3 7.61712E-3 4.49964E-2 5.38659E-2 2.47893E-2 2.89898E-2 1.46979E-2 7.97812E-2 3.31298E-1 2.09439E-1 1.41306E-1 2.23755E-1 2.20226E-1 1.26597E-1 1.50658E-1 1.82911E-1 4.21078E-1 4.10316E-1 5.13396E-1 5.53588E-1 4.38229E-1 3.73583E-2 4.79919E-2 2.20231E-2 3.15237E-2 6.34199E-2 5.5316E-1 2.88068E-1 1.95533E-1 3.98104E-1 1.95759E-1 6.45822E-1 5.46691E-1 5.89149E-1 6.77192E-1 5.46149E-1 3.20517E-1 4.23422E-1 5.11212E-1 4.83738E-1 3.90823E-1 5.51117E-1 6.48805E-1 5.08462E-1 4.63363E-1 4.54296E-1 4.84261E-1 4.77167E-1 5.03979E-1 4.70697E-1
-9999 -9999 -9999 -9999 -9999 -9999 -9999 -9999 -9999 -9999 -9999 5.02539E-3 2.39232E-2 7.30592E-2 4.96685E-2 5.96015E-2 2.33289E-2 2.01921E-2 1.78915E-1 3.17419E-1 2.696E-1 9.04237E-2 1.08214E-1 1.25638E-1 1.90763E-1 2.20479E-1 2.64937E-1 5.97431E-2 4.13472E-2 6.75907E-1 5.40644E-1 6.25467E-1 2.57993E-1 3.81683E-2 3.40877E-2 2.85839E-2 5.9963E-2 6.4356E-1 9.82419E-2 5.18044E-1 4.15397E-1 3.07706E-1 6.96807E-1 5.02261E-1 5.64098E-1 1.83512E-1 1.37415E-1 5.2423E-1 4.00107E-1 6.2313E-1 5.08295E-1 3.61308E-1 5.08542E-1 5.65215E-1 3.79301E-1 3.98934E-1 3.87305E-1 4.07216E-1 4.47842E-1 4.67985E-1 4.7774E-1
-9999 -9999 -9999 -9999 -9999 -9999 -9999 -9999 -9999 -9999 4.49422E-3 3.3586E-3 2.98807E-2 8.23449E-2 1.65612E-1 1.08431E-2 9.01305E-3 3.02106E-2 1.42287E-1 1.01402E-1 1.21836E-1 2.33561E-1 2.40789E-1 2.18003E-1 2.14424E-1 4.00077E-1 1.89077E-1 4.66356E-2 1.06701E-1 2.48176E-1 2.47108E-1 6.86084E-1 4.00701E-1 2.26665E-2 4.55399E-2 4.31435E-2 2.12597E-1 6.60865E-1 1.67462E-1 3.78776E-1 7.08906E-1 3.86417E-1 6.48334E-1 6.6611E-1 5.08668E-1 5.9629E-1 2.97553E-1 5.28605E-1 5.35653E-1 3.1035E-1 4.99092E-1 3.36355E-1 3.22927E-1 3.56709E-1 3.73439E-1 3.86492E-1 3.76711E-1 4.24896E-1 4.08892E-1 4.14916E-1 4.21176E-1
-9999 -9999 -9999 -9999 -9999 -9999 -9999 -9999 -9999 -9999 2.32995E-3 2.05069E-3 5.58109E-2 7.30213E-2 3.35132E-2 9.15786E-3 1.24589E-2 5.22442E-2 5.27927E-2 6.93086E-2 6.50392E-2 1.53537E-1 1.80225E-1 1.92395E-1 1.924E-1 1.74681E-1 2.57203E-1 2.3237E-1 3.35423E-1 3.57652E-1 1.65152E-1 1.76421E-1 5.81328E-2 5.22366E-2 4.51019E-2 4.21068E-2 2.60419E-1 3.64173E-1 2.10766E-1 4.78731E-1 7.56627E-1 1.65284E-1 3.32316E-1 6.16638E-1 5.30937E-1 4.50358E-1 4.99556E-1 3.61705E-1 3.11386E-1 3.79505E-1 3.00949E-1 3.54849E-1 3.27905E-1 3.42329E-1 4.06408E-1 4.63085E-1 4.11304E-1 4.0314E-1 4.39372E-1 4.4969E-1 4.55554E-1
-9999 -9999 -9999 -9999 -9999 -9999 -9999 -9999 -9999 -9999 1.79398E-3 2.30487E-3 5.16274E-2 4.76676E-2 8.49369E-3 1.02873E-2 2.0433E-2 6.35159E-2 1.5396E-1 7.5778E-2 5.46133E-2 6.09549E-2 7.49717E-2 8.60535E-2 1.5639E-1 1.09882E-1 3.93792E-1 1.08444E-1 3.41377E-1 3.38779E-1 1.09086E-1 6.16076E-2 6.17854E-2 7.41334E-2 7.42573E-2 8.79491E-2 2.08624E-1 2.47936E-1 4.04296E-1 3.08189E-1 6.22759E-1 4.81967E-1 6.18068E-1 5.67108E-1 6.0974E-1 5.80586E-1 2.69433E-1 3.86853E-1 3.59128E-1 3.47288E-1 4.44564E-1 4.94595E-1 4.85036E-1 3.55487E-1 3.94696E-1 3.3077E-1 3.37576E-1 3.62255E-1 4.7532E-1 4.4642E-1 3.83824E-1
-9999 -9999 -9999 -9999 -9999 -9999 -9999 -9999 -9999 2.07466E-3 1.44938E-3 3.0667E-3 7.87378E-2 1.61462E-2 3.8131E-3 5.92242E-3 4.34414E-2 1.67042E-1 1.852E-1 5.11E-2 6.26855E-2 7.32079E-2 8.35411E-2 1.05687E-1 7.44743E-2 7.32622E-2 4.92371E-1 1.37005E-1 1.13427E-1 7.16628E-2 8.55659E-2 1.39782E-1 1.5298E-1 1.73818E-1 1.60064E-1 1.75134E-1 1.88982E-1 2.3614E-1 5.90731E-1 2.56264E-1 6.84944E-1 6.24619E-1 7.17814E-1 4.43199E-1 6.07722E-1 4.62564E-1 5.43204E-1 4.72738E-1 4.34993E-1 3.31343E-1 3.1396E-1 3.59857E-1 3.6076E-1 4.6555E-1 5.38138E-1 5.25434E-1 4.45081E-1 4.40757E-1 3.74764E-1 4.44713E-1 4.48165E-1
-9999 -9999 -9999 -9999 -9999 -9999 -9999 -9999 -9999 2.97811E-3 1.91541E-3 3.462E-3 1.16184E-2 4.21768E-3 3.5656E-3 9.63425E-3 5.37799E-2 1.63658E-1 1.56621E-1 8.61744E-2 1.61242E-1 8.47042E-2 7.76865E-2 1.0351E-1 9.05803E-2 1.35562E-1 4.04737E-1 3.19757E-1 2.52279E-1 1.63915E-1 1.74531E-1 2.51232E-1 1.21826E-1 2.07854E-1 4.10041E-1 5.07276E-1 2.83736E-1 5.89713E-1 5.48671E-1 5.85189E-1 7.41153E-1 7.72853E-1 4.92403E-1 5.75396E-1 6.71767E-1 6.53738E-1 6.52244E-1 3.99078E-1 5.35554E-1 5.2925E-1 5.22359E-1 5.24892E-1 3.77798E-1 4.76821E-1 5.02354E-1 5.81837E-1 4.94846E-1 4.33506E-1 4.54376E-1 3.62501E-1 3.30257E-1
-9999 -9999 -9999 -9999 -9999 -9999 -9999 -9999 3.85413E-3 2.14779E-3 5.14333E-3 3.43705E-2 3.473E-3 4.53441E-3 8.22922E-3 4.46324E-2 7.62079E-2 9.29798E-2 1.09239E-1 1.06147E-1 1.52664E-1 1.48292E-1 1.10058E-1 1.44803E-1 1.11117E-1 3.04293E-1 2.46753E-1 3.64359E-1 2.24007E-1 3.19203E-1 2.72322E-1 2.72197E-1 1.22051E-1 2.53961E-1 3.97005E-1 2.53485E-1 2.98601E-1 6.42499E-1 5.7924E-1 8.11464E-1 7.78762E-1 6.90261E-1 5.55033E-1 3.74618E-1 1.86407E-1 4.99445E-1 1.62438E-1 3.68777E-1 4.65415E-1 5.73496E-1 4.57072E-1 4.39679E-1 2.97081E-1 3.55659E-1 3.83426E-1 6.13588E-1 5.95852E-1 5.80586E-1 4.64263E-1 3.55788E-1 3.81628E-1
-9999 -9999 -9999 -9999 -9999 -9999 -9999 4.60248E-3 3.69188E-3 2.33202E-3 1.90184E-2 3.43027E-2 3.84006E-3 5.18731E-3 1.82223E-2 9.5865E-2 1.11879E-1 1.14165E-1 1.51558E-1 1.53964E-1 1.74572E-1 1.32547E-1 1.28564E-1 1.47373E-1 1.25971E-1 1.9881E-1 2.02625E-1 4.18693E-1 4.71621E-1 4.33285E-1 2.49481E-1 2.20446E-1 1.67216E-1 1.9688E-1 2.89145E-1 3.31835E-1 7.21951E-1 6.85784E-1 7.208E-1 8.10625E-1 7.52302E-1 6.76684E-1 4.3131E-1 3.35839E-1 2.09629E-1 4.01446E-1 3.51095E-1 2.53563E-1 5.48838E-1 6.70319E-1 5.39317E-1 5.71876E-1 7.57202E-1 4.43579E-1 6.1443E-1 6.0104E-1 6.30026E-1 6.00886E-1 5.89972E-1 4.013E-1 3.91684E-1
-9999 -9999 -9999 -9999 -9999 -9999 -9999 9.3599E-4 7.66851E-4 1.3412E-3 7.26003E-3 7.03705E-3 3.45969E-3 1.23447E-2 7.22452E-2 1.14835E-1 1.07847E-1 2.31365E-1 1.51922E-1 1.32569E-1 1.47202E-1 1.96605E-1 2.65785E-1 2.0117E-1 1.92033E-1 1.53827E-1 2.3296E-1 4.00152E-1 2.94504E-1 4.83508E-1 2.27179E-1 1.25361E-1 1.82134E-1 3.61969E-1 3.15555E-1 6.12073E-1 6.27775E-1 7.4656E-1 7.79534E-1 8.05498E-1 7.94018E-1 6.08192E-1 4.83801E-1 3.52779E-1 3.06345E-1 2.52817E-1 3.32086E-1 3.06746E-1 5.462E-1 3.65228E-1 4.50677E-1 4.21618E-1 5.18924E-1 6.75238E-1 5.232E-1 6.53272E-1 5.37323E-1 5.92142E-1 6.08498E-1 4.3764E-1 4.01373E-1
-9999 -9999 -9999 -9999 -9999 -9999 -9999 1.53961E-3 1.45027E-3 1.8587E-3 1.10939E-2 1.07047E-2 9.86305E-3 1.42755E-2 1.05478E-1 1.02654E-1 1.2334E-1 2.36051E-1 1.50105E-1 1.26441E-1 1.48955E-1 1.56154E-1 3.53808E-1 2.53718E-1 1.46173E-1 1.41991E-1 1.37145E-1 4.52127E-1 2.26553E-1 3.36548E-1 4.08274E-1 1.54729E-1 4.39662E-1 5.41165E-1 4.92019E-1 5.57732E-1 7.21267E-1 6.63364E-1 7.51271E-1 6.41747E-1 5.53592E-1 4.98128E-1 4.04068E-1 2.43684E-1 2.05112E-1 2.63846E-1 2.77359E-1 1.85609E-1 4.61043E-1 7.01395E-1 6.06233E-1 5.38992E-1 6.10505E-1 4.09171E-1 6.19968E-1 6.12463E-1 4.69164E-1 5.94256E-1 5.22706E-1 3.99881E-1 4.64632E-1
