Candidate_Models_Sept202022/M_1_F_lqp_Set_1_cal/Bison.asc
ncols         97
nrows         127
xllcorner     -2197417.7431653
yllcorner     -584827.01486885
cellsize      30000.0
NODATA_value  -9999
[rows 0 to 26 of 127, columns 0 to 60 of 97]
-9999 -9999 -9999 -9999 -9999 -9999 -9999 -9999 -9999 -9999 -9999 -9999 -9999 -9999 -9999 -9999 -9999 -9999 -9999 -9999 -9999 -9999 -9999 -9999 -9999 -9999 -9999 -9999 -9999 -9999 -9999 -9999 -9999 -9999 -9999 -9999 -9999 -9999 -9999 -9999 -9999 -9999 -9999 -9999 -9999 -9999 -9999 -9999 -9999 -9999 -9999 -9999 -9999 -9999 -9999 -9999 -9999 -9999 -9999 -9999 -9999
-9999 -9999 -9999 -9999 -9999 -9999 -9999 -9999 -9999 -9999 -9999 -9999 -9999 -9999 -9999 -9999 -9999 -9999 -9999 -9999 -9999 -9999 -9999 -9999 -9999 -9999 -9999 -9999 -9999 -9999 -9999 -9999 -9999 -9999 -9999 -9999 -9999 -9999 -9999 -9999 -9999 -9999 -9999 -9999 -9999 -9999 -9999 -9999 -9999 -9999 -9999 -9999 -9999 -9999 -9999 -9999 -9999 -9999 -9999 -9999 -9999
-9999 -9999 -9999 -9999 -9999 -9999 -9999 -9999 -9999 -9999 -9999 -9999 -9999 -9999 -9999 -9999 -9999 -9999 -9999 -9999 -9999 -9999 -9999 -9999 -9999 -9999 -9999 -9999 -9999 -9999 -9999 -9999 -9999 -9999 -9999 -9999 -9999 -9999 -9999 -9999 -9999 -9999 -9999 -9999 -9999 -9999 -9999 -9999 -9999 -9999 -9999 -9999 -9999 -9999 -9999 -9999 -9999 -9999 -9999 -9999 -9999
-9999 -9999 -9999 -9999 -9999 -9999 -9999 -9999 -9999 -9999 -9999 -9999 -9999 -9999 -9999 -9999 -9999 -9999 -9999 2.65727E-2 2.60016E-2 1.59949E-2 1.88914E-2 -9999 -9999 -9999 -9999 -9999 -9999 -9999 -9999 -9999 -9999 -9999 -9999 -9999 -9999 -9999 -9999 -9999 -9999 -9999 -9999 -9999 -9999 -9999 -9999 -9999 -9999 -9999 -9999 -9999 -9999 -9999 -9999 -9999 -9999 -9999 -9999 -9999 -9999
-9999 -9999 -9999 -9999 -9999 -9999 -9999 -9999 -9999 -9999 -9999 -9999 -9999 -9999 -9999 -9999 -9999 -9999 2.67173E-2 2.20706E-2 2.04919E-2 2.28223E-2 1.99078E-2 1.4981E-2 1.26981E-2 -9999 -9999 -9999 -9999 -9999 -9999 -9999 -9999 -9999 -9999 -9999 -9999 -9999 -9999 -9999 -9999 -9999 -9999 -9999 -9999 -9999 -9999 -9999 -9999 -9999 -9999 -9999 -9999 -9999 -9999 -9999 -9999 -9999 -9999 -9999 -9999
-9999 -9999 -9999 -9999 -9999 -9999 -9999 -9999 -9999 -9999 -9999 -9999 -9999 -9999 -9999 -9999 -9999 -9999 1.84526E-2 1.60726E-2 1.74933E-2 1.92351E-2 1.60396E-2 1.24106E-2 1.22649E-2 -9999 -9999 -9999 -9999 -9999 -9999 -9999 -9999 -9999 -9999 -9999 -9999 -9999 -9999 -9999 -9999 -9999 -9999 -9999 -9999 -9999 -9999 -9999 -9999 -9999 -9999 -9999 -9999 -9999 -9999 -9999 -9999 -9999 -9999 -9999 -9999
-9999 -9999 -9999 -9999 -9999 -9999 -9999 -9999 -9999 -9999 -9999 -9999 -9999 -9999 -9999 -9999 -9999 1.61726E-2 1.56847E-2 7.52381E-3 8.38241E-3 1.13062E-2 1.33981E-2 1.22766E-2 1.31302E-2 1.32975E-2 -9999 1.42742E-2 1.2376E-2 1.29207E-2 -9999 -9999 -9999 -9999 -9999 -9999 -9999 -9999 9.32833E-3 -9999 -9999 -9999 -9999 -9999 -9999 -9999 -9999 -9999 -9999 -9999 -9999 -9999 -9999 -9999 -9999 -9999 -9999 -9999 -9999 -9999 -9999
-9999 -9999 -9999 -9999 -9999 -9999 -9999 -9999 -9999 -9999 -9999 -9999 -9999 -9999 -9999 -9999 4.80154E-2 2.60241E-2 7.8712E-3 4.71906E-3 5.30253E-3 6.78462E-3 1.10129E-2 1.12678E-2 1.27556E-2 1.28208E-2 1.24761E-2 1.26159E-2 1.12044E-2 1.10837E-2 1.12406E-2 1.09521E-2 1.01595E-2 9.76707E-3 1.01624E-2 1.0738E-2 1.12678E-2 -9999 8.62744E-3 8.07731E-3 -9999 -9999 -9999 -9999 -9999 -9999 -9999 -9999 -9999 -9999 -9999 -9999 -9999 -9999 -9999 -9999 -9999 -9999 -9999 -9999 -9999
-9999 -9999 -9999 -9999 -9999 -9999 -9999 -9999 -9999 -9999 -9999 -9999 -9999 -9999 -9999 1.76046E-2 2.09669E-2 1.39379E-2 6.37513E-3 4.02337E-3 3.85322E-3 5.37804E-3 1.0215E-2 1.22798E-2 1.24241E-2 1.14041E-2 1.6042E-2 1.59262E-2 1.0241E-2 9.3061E-3 9.5322E-3 9.50783E-3 9.22378E-3 8.7857E-3 9.96199E-3 1.27476E-2 1.19412E-2 1.17762E-2 9.0263E-3 8.82821E-3 -9999 -9999 -9999 -9999 -9999 -9999 -9999 -9999 -9999 -9999 -9999 -9999 -9999 -9999 -9999 -9999 -9999 -9999 -9999 -9999 -9999
-9999 -9999 -9999 -9999 -9999 -9999 -9999 -9999 -9999 -9999 -9999 -9999 -9999 -9999 -9999 2.88264E-2 2.24002E-2 1.22111E-2 4.60116E-3 4.7104E-3 5.73031E-3 8.1224E-3 1.26485E-2 1.49008E-2 1.39157E-2 9.79966E-3 1.41432E-2 1.39878E-2 8.98365E-3 8.91734E-3 1.0869E-2 1.0438E-2 1.00879E-2 1.10424E-2 1.1781E-2 1.48487E-2 1.61973E-2 1.45442E-2 1.10188E-2 -9999 -9999 -9999 8.56116E-3 -9999 -9999 -9999 -9999 -9999 -9999 -9999 -9999 -9999 -9999 -9999 -9999 -9999 -9999 -9999 -9999 -9999 -9999
-9999 -9999 -9999 -9999 -9999 -9999 -9999 -9999 -9999 -9999 -9999 -9999 -9999 -9999 2.26635E-2 2.45673E-2 2.25911E-2 1.55841E-2 1.45014E-2 8.8161E-3 7.91999E-3 9.90281E-3 1.50344E-2 1.52568E-2 1.51613E-2 1.11205E-2 1.49142E-2 1.26814E-2 1.16797E-2 9.48725E-3 1.24734E-2 1.06574E-2 9.59009E-3 1.27704E-2 1.65595E-2 1.71604E-2 1.7451E-2 1.39043E-2 9.72598E-3 -9999 -9999 9.35337E-3 -9999 -9999 -9999 -9999 -9999 -9999 -9999 -9999 -9999 -9999 -9999 -9999 -9999 -9999 -9999 -9999 -9999 -9999 -9999
-9999 -9999 -9999 -9999 -9999 -9999 -9999 -9999 -9999 -9999 -9999 -9999 -9999 1.60172E-2 2.9063E-2 2.52589E-2 2.51684E-2 1.80926E-2 1.98086E-2 3.26752E-2 1.35676E-2 1.80093E-2 1.54227E-2 1.85065E-2 1.0951E-2 1.22254E-2 1.37771E-2 1.30547E-2 8.8275E-3 8.51892E-3 9.0238E-3 1.01856E-2 1.0579E-2 1.43057E-2 1.65351E-2 1.68457E-2 1.78765E-2 1.44566E-2 1.00142E-2 8.75489E-3 8.9524E-3 9.43663E-3 -9999 1.18119E-2 1.23001E-2 -9999 -9999 -9999 -9999 -9999 -9999 -9999 -9999 -9999 -9999 -9999 -9999 -9999 -9999 -9999 -9999
-9999 -9999 -9999 -9999 -9999 -9999 -9999 -9999 -9999 -9999 -9999 -9999 -9999 2.80088E-2 2.80593E-2 2.47384E-2 2.09262E-2 1.5515E-2 5.36622E-2 1.90247E-2 1.8504E-2 1.19276E-2 1.8874E-2 1.50056E-2 1.00679E-2 1.17528E-2 1.25839E-2 9.7067E-3 9.44945E-3 8.70202E-3 9.61668E-3 1.01794E-2 1.25855E-2 1.28627E-2 1.43078E-2 1.41401E-2 1.3057E-2 1.23276E-2 9.18332E-3 7.76413E-3 8.21082E-3 1.10936E-2 1.11989E-2 1.27792E-2 1.33525E-2 1.46075E-2 -9999 -9999 -9999 -9999 -9999 -9999 -9999 -9999 -9999 -9999 -9999 -9999 -9999 -9999 -9999
-9999 -9999 -9999 -9999 -9999 -9999 -9999 -9999 -9999 -9999 -9999 -9999 5.20035E-2 7.16534E-2 3.57223E-2 2.79437E-2 1.85775E-2 2.12285E-2 1.53493E-2 2.21885E-2 2.11499E-2 1.64754E-2 1.86047E-2 1.30526E-2 9.36775E-3 8.13891E-3 1.09313E-2 7.25541E-3 1.30169E-2 1.33363E-2 1.12037E-2 8.69543E-3 8.3202E-3 1.00849E-2 9.97822E-3 1.17966E-2 9.50187E-3 1.07513E-2 1.0567E-2 8.29157E-3 8.24922E-3 8.81853E-3 1.06028E-2 1.24473E-2 1.33016E-2 1.41468E-2 1.50684E-2 -9999 -9999 -9999 6.23428E-3 5.27335E-3 -9999 -9999 -9999 -9999 -9999 -9999 -9999 -9999 -9999
-9999 -9999 -9999 -9999 -9999 -9999 -9999 -9999 -9999 -9999 -9999 2.21474E-2 2.4753E-2 6.55976E-2 2.64786E-2 1.81649E-2 9.75765E-3 3.24622E-2 2.5818E-2 2.29869E-2 1.77827E-2 3.04541E-2 2.11474E-2 1.25315E-2 6.57059E-3 6.56257E-3 1.19947E-2 1.28671E-2 1.02859E-2 9.46325E-3 8.66621E-3 8.3021E-3 7.23063E-3 7.52634E-3 1.15319E-2 1.37259E-2 1.36446E-2 1.28781E-2 1.17438E-2 9.36392E-3 8.96329E-3 9.53093E-3 1.07901E-2 1.23286E-2 1.30714E-2 1.36337E-2 1.27974E-2 1.09171E-2 -9999 -9999 -9999 5.92882E-3 5.31954E-3 -9999 -9999 -9999 -9999 -9999 -9999 -9999 -9999
-9999 -9999 -9999 -9999 -9999 -9999 -9999 -9999 -9999 -9999 -9999 2.05645E-2 1.62303E-2 1.75371E-2 1.42873E-2 9.07967E-3 6.31161E-3 1.74649E-2 1.46851E-2 2.88746E-2 2.23406E-2 2.52333E-2 1.81851E-2 1.39292E-2 6.05045E-3 7.24805E-3 1.16335E-2 1.59785E-2 1.70132E-2 1.4026E-2 8.63278E-3 7.93624E-3 7.20231E-3 7.37141E-3 1.14922E-2 1.31073E-2 1.24585E-2 1.23669E-2 1.12817E-2 9.89692E-3 9.37553E-3 1.02794E-2 1.13738E-2 1.21677E-2 1.14061E-2 1.22126E-2 1.1005E-2 1.04151E-2 1.02501E-2 -9999 -9999 6.77018E-3 6.36201E-3 5.74072E-3 5.85771E-3 -9999 -9999 -9999 -9999 -9999 -9999
-9999 -9999 -9999 -9999 -9999 -9999 -9999 -9999 -9999 -9999 3.71959E-2 2.63336E-2 3.39254E-2 1.34946E-2 9.22663E-3 7.07264E-3 6.91003E-3 7.17474E-3 1.09016E-2 3.43475E-2 4.46334E-2 2.51289E-2 1.66766E-2 2.06614E-2 7.21967E-3 8.37232E-3 8.42514E-3 9.45382E-3 1.52349E-2 8.72429E-3 9.03994E-3 7.14233E-3 1.06013E-2 9.53235E-3 1.40851E-2 1.63648E-2 1.65171E-2 1.60507E-2 1.60635E-2 1.18411E-2 1.04425E-2 1.09504E-2 1.1578E-2 1.14279E-2 1.05559E-2 1.02089E-2 1.01684E-2 1.05559E-2 1.05147E-2 9.33724E-3 8.37502E-3 9.5256E-3 -9999 -9999 5.95827E-3 5.3833E-3 -9999 -9999 -9999 -9999 -9999
-9999 -9999 -9999 -9999 -9999 -9999 -9999 -9999 -9999 4.41049E-2 5.46869E-2 2.92367E-2 2.17845E-2 1.30027E-2 1.0089E-2 8.42071E-3 6.93304E-3 7.38046E-3 7.89641E-3 1.41115E-2 1.97933E-2 2.29312E-2 2.80471E-2 1.36683E-2 6.7376E-3 7.66277E-3 9.64462E-3 8.64561E-3 1.00323E-2 9.94186E-3 1.41873E-2 9.52387E-3 9.80748E-3 1.32995E-2 1.45862E-2 1.60883E-2 1.6601E-2 2.21866E-2 2.30787E-2 2.00761E-2 1.13396E-2 1.16754E-2 1.23957E-2 1.17057E-2 1.11644E-2 1.01919E-2 1.025E-2 1.06447E-2 1.03306E-2 9.13318E-3 9.01724E-3 9.45736E-3 9.28436E-3 -9999 5.77812E-3 5.44094E-3 4.90462E-3 4.2899E-3 -9999 -9999 -9999
-9999 -9999 -9999 -9999 -9999 -9999 -9999 -9999 4.5159E-2 3.74366E-2 4.30057E-2 1.98721E-2 1.33948E-2 1.94862E-2 2.49375E-2 1.87655E-2 1.42014E-2 1.09711E-2 1.20674E-2 1.21723E-2 1.41702E-2 1.98548E-2 2.80708E-2 1.32609E-2 9.60755E-3 8.6197E-3 8.73283E-3 8.1435E-3 7.93878E-3 6.84986E-3 1.13453E-2 1.20702E-2 1.37014E-2 1.7741E-2 1.77479E-2 1.64629E-2 1.84545E-2 2.35007E-2 2.54544E-2 3.15204E-2 1.78408E-2 1.32579E-2 1.26753E-2 1.22321E-2 1.10465E-2 1.05383E-2 1.11798E-2 1.13847E-2 1.0323E-2 9.49197E-3 9.39823E-3 9.86351E-3 9.78011E-3 9.64609E-3 6.2787E-3 5.67364E-3 4.75717E-3 4.24702E-3 3.74084E-3 3.46025E-3 3.25385E-3
-9999 -9999 -9999 -9999 -9999 -9999 -9999 -9999 1.69676E-2 1.40273E-2 1.75104E-2 1.62243E-2 1.37526E-2 2.36317E-2 3.05779E-2 4.21314E-2 2.12788E-2 2.04216E-2 2.09342E-2 1.34407E-2 1.45083E-2 1.55436E-2 1.64245E-2 1.96303E-2 1.38764E-2 1.39646E-2 1.01737E-2 8.55116E-3 1.20159E-2 1.18838E-2 1.36224E-2 1.46427E-2 1.6763E-2 2.19661E-2 2.07846E-2 1.91425E-2 2.32805E-2 2.32339E-2 2.6177E-2 2.7941E-2 2.22075E-2 1.43683E-2 1.34429E-2 1.2771E-2 1.22808E-2 1.22792E-2 1.26065E-2 1.23103E-2 1.15492E-2 1.03433E-2 1.01326E-2 1.055E-2 1.07681E-2 9.9527E-3 -9999 6.29721E-3 5.36401E-3 4.79579E-3 3.54133E-3 3.67287E-3 3.1778E-3
-9999 -9999 -9999 -9999 -9999 -9999 -9999 2.56489E-2 2.35736E-2 3.21969E-2 3.36266E-2 1.75393E-2 2.40417E-2 2.40432E-2 2.98283E-2 4.061E-2 2.81301E-2 2.97197E-2 2.74893E-2 2.05462E-2 1.76213E-2 1.98934E-2 1.98858E-2 1.85406E-2 1.39986E-2 1.89577E-2 1.7427E-2 1.53855E-2 2.02291E-2 1.80035E-2 1.78086E-2 1.84535E-2 2.13649E-2 2.55393E-2 2.85063E-2 3.76196E-2 2.00003E-2 2.56825E-2 2.25293E-2 3.08581E-2 1.91868E-2 1.50935E-2 1.41485E-2 1.38893E-2 1.43175E-2 1.39978E-2 1.32925E-2 1.22891E-2 1.18209E-2 1.15373E-2 1.10639E-2 1.15325E-2 -9999 -9999 -9999 -9999 -9999 -9999 -9999 -9999 -9999
-9999 -9999 -9999 -9999 -9999 -9999 5.08826E-2 5.30284E-2 3.48524E-2 2.56909E-2 4.3275E-2 6.78627E-2 2.98062E-2 4.37549E-2 2.67606E-2 2.94423E-2 3.74615E-2 4.58363E-2 4.12693E-2 3.66533E-2 2.90836E-2 2.18819E-2 2.14735E-2 3.2902E-2 1.90111E-2 2.18732E-2 2.57288E-2 2.48625E-2 1.8216E-2 1.18798E-2 2.04319E-2 2.58313E-2 2.28909E-2 3.56509E-2 3.28726E-2 2.58886E-2 3.34691E-2 2.54697E-2 3.42568E-2 3.293E-2 1.7423E-2 2.2579E-2 1.79576E-2 1.66583E-2 1.60406E-2 1.47581E-2 1.39636E-2 1.2722E-2 1.18631E-2 1.14587E-2 1.23654E-2 1.25214E-2 1.04176E-2 9.21333E-3 -9999 -9999 -9999 -9999 -9999 -9999 -9999
-9999 -9999 -9999 -9999 -9999 -9999 4.31266E-2 4.53003E-2 2.74877E-2 2.54471E-2 2.25335E-2 6.80246E-2 4.18043E-2 3.04039E-2 3.03209E-2 4.14426E-2 4.16325E-2 5.13613E-2 4.22848E-2 4.22357E-2 3.76119E-2 3.26518E-2 2.8263E-2 3.02341E-2 2.66642E-2 2.49845E-2 2.5174E-2 2.27288E-2 1.99689E-2 1.19817E-2 1.9884E-2 2.78059E-2 2.73596E-2 2.38456E-2 2.50221E-2 3.20791E-2 3.24972E-2 3.56137E-2 2.67014E-2 2.65501E-2 2.08787E-2 2.48672E-2 1.96596E-2 2.03061E-2 2.00764E-2 1.77925E-2 1.70634E-2 1.47479E-2 1.23893E-2 1.17868E-2 1.11655E-2 1.0109E-2 8.67384E-3 7.69593E-3 7.04478E-3 6.18389E-3 5.09538E-3 4.39052E-3 4.50281E-3 4.31015E-3 3.41421E-3
-9999 -9999 -9999 -9999 -9999 4.21176E-2 3.10509E-2 3.19495E-2 2.35931E-2 6.66369E-2 6.20119E-2 4.15641E-2 2.79589E-2 3.28775E-2 2.95839E-2 2.74385E-2 3.291E-2 5.47342E-2 3.70772E-2 3.79783E-2 4.83375E-2 4.42017E-2 3.70454E-2 4.00889E-2 3.68137E-2 2.68805E-2 2.48093E-2 1.48778E-2 1.85616E-2 1.59388E-2 1.18687E-2 2.75105E-2 3.92781E-2 4.12858E-2 4.00119E-2 3.29349E-2 3.68442E-2 -9999 -9999 3.66828E-2 -9999 -9999 -9999 2.9166E-2 2.2379E-2 1.70977E-2 1.5521E-2 1.35006E-2 1.1613E-2 1.17143E-2 1.06111E-2 8.7105E-3 7.70873E-3 6.95747E-3 6.31018E-3 5.45976E-3 4.70446E-3 4.26892E-3 4.17392E-3 3.91191E-3 3.78023E-3
-9999 -9999 -9999 -9999 4.729E-2 3.13045E-2 2.98803E-2 3.01879E-2 3.13554E-2 3.877E-2 3.32113E-2 3.33223E-2 4.20219E-2 2.80057E-2 2.72988E-2 3.32339E-2 3.47281E-2 4.05599E-2 3.75554E-2 4.26616E-2 5.85809E-2 4.03428E-2 3.52033E-2 4.72136E-2 3.75214E-2 4.19568E-2 2.73554E-2 2.34753E-2 1.79147E-2 1.34745E-2 2.19687E-2 3.4262E-2 4.46702E-2 3.86579E-2 2.81316E-2 3.51136E-2 3.43513E-2 4.09942E-2 5.47752E-2 3.67986E-2 6.04802E-2 -9999 2.80697E-2 3.24632E-2 2.06573E-2 1.57649E-2 1.64349E-2 1.56502E-2 1.32847E-2 1.43904E-2 1.21294E-2 8.96608E-3 8.18321E-3 7.16324E-3 5.77129E-3 4.67957E-3 4.01406E-3 3.95241E-3 3.52181E-3 3.44305E-3 3.50725E-3
-9999 -9999 -9999 5.69023E-2 7.54963E-2 5.73489E-2 3.58177E-2 3.85029E-2 3.48581E-2 4.6013E-2 3.50819E-2 4.03118E-2 6.04609E-2 3.21048E-2 4.58539E-2 2.90183E-2 3.73109E-2 4.33727E-2 4.59951E-2 4.9074E-2 3.80898E-2 2.59537E-2 3.94685E-2 4.36063E-2 3.9053E-2 3.43079E-2 2.96137E-2 2.35456E-2 2.33747E-2 1.70275E-2 2.03614E-2 3.86024E-2 3.9723E-2 2.77278E-2 2.79528E-2 4.50108E-2 4.24233E-2 3.71743E-2 3.62149E-2 2.85059E-2 4.82457E-2 3.8776E-2 -9999 -9999 1.80379E-2 1.89129E-2 2.97678E-2 2.65455E-2 1.69444E-2 1.34843E-2 1.65641E-2 1.04811E-2 8.29968E-3 7.54522E-3 6.147E-3 4.67845E-3 4.23914E-3 3.85248E-3 3.68797E-3 3.53001E-3 3.78606E-3
-9999 -9999 -9999 5.01162E-2 7.27849E-2 6.70892E-2 4.58887E-2 7.12762E-2 1.57667E-1 4.59138E-2 4.34064E-2 4.77452E-2 2.85503E-2 2.95267E-2 7.35572E-2 3.69107E-2 4.42709E-2 6.21045E-2 4.67352E-2 3.65821E-2 3.22446E-2 2.67554E-2 2.38974E-2 2.94581E-2 3.54957E-2 3.73297E-2 3.41043E-2 3.53103E-2 2.77913E-2 2.36468E-2 2.36605E-2 2.85325E-2 3.75839E-2 3.00504E-2 2.95436E-2 3.96882E-2 4.46235E-2 4.98876E-2 2.90838E-2 2.04722E-2 -9999 -9999 -9999 -9999 -9999 3.31429E-2 3.77775E-2 2.44789E-2 1.56106E-2 1.35958E-2 1.37236E-2 1.8245E-2 8.1684E-3 7.66249E-3 5.3207E-3 4.18807E-3 4.40831E-3 4.63125E-3 5.18085E-3 5.14384E-3 5.72499E-3
