Candidate_Models_Sept202022/M_1_F_lqp_Set_1_cal/Bison.asc
ncols         97
nrows         127
xllcorner     -2197417.7431653
yllcorner     -584827.01486885
cellsize      30000.0
NODATA_value  -9999
[rows 54 to 80 of 127, columns 0 to 60 of 97]
-9999 -9999 -9999 -9999 1.01489E-2 5.95236E-3 2.33358E-3 5.56052E-3 4.25821E-3 1.38321E-3 2.34211E-3 1.57195E-2 1.33193E-2 2.71378E-2 2.66951E-2 2.05893E-2 3.31864E-2 5.43967E-2 6.01022E-2 7.11214E-2 9.39955E-2 1.0734E-1 9.67022E-2 8.54591E-2 9.49722E-2 1.57234E-1 1.19864E-1 1.00058E-1 1.4388E-1 1.28186E-1 1.32296E-1 1.42993E-1 1.59244E-1 1.69765E-1 1.57833E-1 1.57991E-1 1.58052E-1 1.50194E-1 1.6237E-1 1.90109E-1 2.42522E-1 2.59127E-1 2.01112E-1 1.48974E-1 1.42353E-1 1.24329E-1 1.32667E-1 1.1619E-1 1.0471E-1 9.73992E-2 1.00253E-1 1.01208E-1 7.5377E-2 1.19807E-1 1.40161E-1 9.02245E-2 1.00272E-1 9.04616E-2 9.14375E-2 7.15017E-2 5.22631E-2
-9999 -9999 -9999 -9999 -9999 4.32401E-3 1.83419E-3 2.89537E-3 8.52222E-3 2.26301E-3 1.50968E-3 1.21901E-2 3.44728E-2 1.85E-2 2.45952E-2 1.87115E-2 2.2597E-2 2.98313E-2 6.36309E-2 4.78888E-2 1.01081E-1 1.10943E-1 9.97179E-2 1.27629E-1 9.7531E-2 9.63229E-2 1.07853E-1 1.23019E-1 1.89853E-1 1.73971E-1 1.66794E-1 1.5359E-1 1.61604E-1 1.57333E-1 1.55401E-1 1.80764E-1 1.82637E-1 1.6227E-1 1.90023E-1 1.83378E-1 2.43445E-1 2.846E-1 1.87349E-1 1.50569E-1 1.53017E-1 1.4279E-1 1.30076E-1 1.12719E-1 1.18374E-1 8.89893E-2 1.08188E-1 1.18572E-1 1.06619E-1 1.45023E-1 1.31521E-1 1.02355E-1 9.89017E-2 8.2628E-2 8.71416E-2 7.24026E-2 7.28419E-2
-9999 -9999 -9999 -9999 -9999 7.33279E-3 3.80404E-3 5.35417E-3 6.2385E-3 3.85884E-3 3.89812E-4 4.83402E-3 6.82466E-3 7.14422E-3 3.01113E-2 1.95255E-2 3.16309E-2 3.91063E-2 5.20238E-2 7.0728E-2 1.03907E-1 8.1931E-2 7.77925E-2 9.94654E-2 8.81193E-2 8.55528E-2 1.0442E-1 1.60766E-1 2.35171E-1 1.70244E-1 1.92479E-1 1.87011E-1 1.87593E-1 1.8457E-1 2.05775E-1 2.3347E-1 1.83571E-1 1.69379E-1 1.93604E-1 1.72383E-1 2.57997E-1 2.11777E-1 1.59013E-1 1.63859E-1 1.59535E-1 1.47292E-1 1.35887E-1 1.23668E-1 1.30458E-1 1.34641E-1 1.47788E-1 1.38503E-1 1.5069E-1 1.51199E-1 1.09665E-1 1.11517E-1 1.10828E-1 1.07074E-1 8.18049E-2 7.00083E-2 4.64358E-2
-9999 -9999 -9999 -9999 -9999 -9999 6.16764E-3 -9999 9.62111E-3 1.74429E-3 8.56323E-4 3.55286E-3 7.48086E-3 9.64673E-3 1.22303E-2 3.94238E-2 2.765E-2 3.65801E-2 5.58263E-2 8.20389E-2 7.09227E-2 7.69086E-2 7.87151E-2 1.08751E-1 9.2755E-2 1.01739E-1 7.42664E-2 1.6074E-1 1.8534E-1 1.94093E-1 3.34285E-1 3.00769E-1 2.18336E-1 2.02764E-1 2.19121E-1 2.4635E-1 2.39639E-1 1.85098E-1 1.96637E-1 1.6116E-1 1.79265E-1 1.58725E-1 1.9202E-1 1.67256E-1 1.33676E-1 1.48022E-1 1.38733E-1 1.69979E-1 1.84751E-1 1.61684E-1 1.52662E-1 1.8828E-1 1.39118E-1 1.27442E-1 1.21123E-1 1.19803E-1 1.13413E-1 1.07894E-1 9.41266E-2 7.37425E-2 5.14719E-2
-9999 -9999 -9999 3.80812E-3 -9999 -9999 -9999 -9999 -9999 3.75641E-3 2.38102E-3 2.0841E-3 5.10297E-3 9.74229E-3 9.32487E-3 3.49375E-2 2.74029E-2 4.03188E-2 4.97459E-2 7.14374E-2 6.94606E-2 8.54416E-2 7.08107E-2 1.15839E-1 7.31798E-2 7.92336E-2 7.60094E-2 1.13049E-1 2.4494E-1 2.31296E-1 4.31355E-1 3.80756E-1 2.11421E-1 1.81257E-1 1.85197E-1 2.52358E-1 2.36121E-1 2.79853E-1 4.6702E-1 1.84106E-1 1.81803E-1 1.57273E-1 1.82398E-1 1.61948E-1 1.14915E-1 1.41624E-1 1.82089E-1 1.72742E-1 1.72085E-1 1.54125E-1 1.58542E-1 1.56939E-1 1.57669E-1 1.33204E-1 1.26953E-1 1.37298E-1 1.12745E-1 1.34818E-1 1.12306E-1 8.82288E-2 7.48944E-2
-9999 -9999 -9999 3.48955E-3 6.01211E-3 9.46634E-3 -9999 -9999 -9999 4.94072E-3 9.2546E-4 4.03902E-3 6.85821E-3 1.32504E-2 1.53574E-2 4.51209E-2 3.8206E-2 3.55645E-2 6.17379E-2 7.01186E-2 6.39033E-2 6.73964E-2 8.07937E-2 8.3372E-2 7.94344E-2 6.02204E-2 6.46374E-2 1.10837E-1 2.92751E-1 3.54036E-1 5.14649E-1 4.37477E-1 2.25589E-1 2.26554E-1 2.33413E-1 2.20155E-1 2.32547E-1 4.50599E-1 3.64138E-1 1.92982E-1 2.02614E-1 2.24854E-1 1.82623E-1 1.7174E-1 1.63565E-1 1.67381E-1 1.74796E-1 1.57428E-1 1.57825E-1 2.01519E-1 1.7811E-1 1.55594E-1 1.35571E-1 1.41562E-1 1.07805E-1 1.45095E-1 1.6726E-1 1.64134E-1 1.3385E-1 1.11924E-1 8.96485E-2
-9999 -9999 -9999 3.29311E-3 7.60225E-3 1.30043E-2 8.79138E-3 -9999 -9999 1.15164E-2 1.71279E-3 1.00439E-2 6.52699E-3 1.15024E-2 1.60458E-2 2.9476E-2 4.0711E-2 5.10346E-2 6.54834E-2 6.21209E-2 7.90563E-2 7.34647E-2 6.24711E-2 5.36064E-2 8.24531E-2 1.82013E-2 1.90434E-2 7.99704E-2 1.88844E-1 1.96255E-1 5.52704E-1 6.02604E-1 4.16533E-1 4.70835E-1 4.63379E-1 3.07342E-1 3.50035E-1 3.84483E-1 2.79973E-1 2.11116E-1 2.30361E-1 2.18562E-1 2.01849E-1 1.82171E-1 1.69933E-1 1.65736E-1 1.64235E-1 1.75726E-1 1.70277E-1 2.45404E-1 2.31393E-1 2.16934E-1 1.65308E-1 1.91915E-1 1.10265E-1 1.41787E-1 1.39258E-1 1.608E-1 1.43796E-1 1.2322E-1 7.65691E-2
-9999 -9999 -9999 2.6749E-3 5.19449E-3 7.53745E-3 -9999 -9999 7.95144E-3 1.21611E-3 6.03152E-4 3.41203E-3 4.33809E-3 9.05663E-3 2.19187E-2 3.13625E-2 1.09515E-1 6.11961E-2 7.34822E-2 4.84637E-2 7.08748E-2 7.26875E-2 7.59288E-2 6.51576E-2 6.9149E-2 2.13834E-2 1.39936E-2 5.99516E-2 1.25997E-1 3.43814E-1 5.31801E-1 6.50961E-1 5.84998E-1 4.92445E-1 5.67876E-1 4.82074E-1 4.53843E-1 5.10356E-1 3.53281E-1 2.64295E-1 2.63571E-1 2.53399E-1 2.16209E-1 1.94852E-1 1.87206E-1 2.12777E-1 1.93738E-1 1.97378E-1 2.29551E-1 2.55572E-1 2.48378E-1 1.76915E-1 1.67083E-1 1.28249E-1 1.01386E-1 1.565E-1 1.48929E-1 1.24488E-1 1.46686E-1 1.07375E-1 1.02809E-1
-9999 -9999 -9999 2.32557E-3 8.09541E-3 -9999 -9999 1.50773E-2 4.92057E-3 1.59303E-3 1.01908E-3 3.5221E-3 4.44418E-3 5.13668E-3 2.39162E-2 4.10188E-2 9.31473E-2 6.86963E-2 6.90832E-2 6.72983E-2 7.47562E-2 8.17809E-2 6.96115E-2 7.25286E-2 6.54671E-2 2.79623E-2 9.00407E-3 4.75312E-2 8.9525E-2 1.29951E-1 3.65768E-1 5.91615E-1 4.06397E-1 4.59684E-1 6.6563E-1 5.82968E-1 5.68887E-1 6.91146E-1 4.87228E-1 2.81003E-1 2.67315E-1 2.25353E-1 2.01966E-1 1.96243E-1 2.09289E-1 2.419E-1 2.12608E-1 1.8716E-1 1.79542E-1 2.26639E-1 2.38298E-1 1.55692E-1 1.31261E-1 1.34696E-1 1.18361E-1 1.30351E-1 1.4285E-1 1.31883E-1 1.40448E-1 1.15889E-1 1.07202E-1
-9999 -9999 -9999 1.39605E-3 2.50702E-3 -9999 -9999 -9999 6.73783E-3 1.4233E-3 1.414E-3 4.37306E-3 2.45295E-3 1.47344E-2 3.48453E-2 5.91162E-2 8.59025E-2 8.65547E-2 8.92139E-2 7.11678E-2 8.69301E-2 9.87064E-2 8.92282E-2 6.99253E-2 6.48551E-2 3.33216E-2 2.0122E-2 4.29113E-2 6.98829E-2 9.54984E-2 1.51726E-1 4.05922E-1 5.08382E-1 5.4575E-1 5.96123E-1 5.99613E-1 5.43558E-1 4.65819E-1 3.07874E-1 2.66765E-1 2.34765E-1 2.37527E-1 2.20217E-1 2.0965E-1 2.28612E-1 2.37381E-1 2.70037E-1 2.06169E-1 2.0493E-1 2.52316E-1 2.36178E-1 1.75269E-1 1.76225E-1 1.57488E-1 1.5013E-1 1.19602E-1 1.47679E-1 1.42139E-1 1.52919E-1 1.55594E-1 1.25531E-1
-9999 -9999 -9999 2.02301E-3 6.88886E-3 -9999 -9999 -9999 8.72325E-3 4.52998E-3 2.97059E-3 1.34372E-3 1.18071E-2 1.94505E-2 2.52244E-2 6.13327E-2 7.59841E-2 9.34494E-2 1.11648E-1 7.73309E-2 7.61141E-2 1.27924E-1 1.02661E-1 8.5502E-2 7.14149E-2 4.76254E-2 2.24137E-2 4.1433E-2 5.41302E-2 9.29017E-2 1.27205E-1 4.43167E-1 4.90604E-1 5.89497E-1 5.02087E-1 5.49908E-1 4.80622E-1 5.27753E-1 3.46495E-1 3.57962E-1 2.55218E-1 2.5218E-1 2.21959E-1 2.16016E-1 3.07643E-1 3.1376E-1 2.9533E-1 2.22291E-1 2.09387E-1 2.73245E-1 3.0368E-1 1.94896E-1 1.69358E-1 1.32063E-1 1.65341E-1 1.28855E-1 1.36285E-1 1.31924E-1 1.19334E-1 1.44978E-1 1.13038E-1
-9999 -9999 -9999 7.91545E-4 6.92113E-3 -9999 -9999 -9999 9.32541E-3 2.18262E-3 6.35857E-4 5.80185E-4 6.27452E-3 1.75927E-2 8.53202E-2 6.01532E-2 6.26789E-2 1.02818E-1 9.07558E-2 9.14571E-2 1.43926E-1 1.78145E-1 1.07697E-1 9.14947E-2 7.13733E-2 4.38323E-2 2.63687E-2 2.92664E-2 4.37939E-2 6.61595E-2 1.07381E-1 2.82083E-1 4.52687E-1 6.27019E-1 5.10301E-1 5.38863E-1 3.30823E-1 4.89115E-1 5.06579E-1 3.67091E-1 2.08496E-1 2.01345E-1 2.21273E-1 2.3653E-1 2.41333E-1 2.32642E-1 2.46152E-1 2.43501E-1 2.89363E-1 2.61872E-1 2.32114E-1 2.16176E-1 1.82491E-1 1.68564E-1 1.53502E-1 1.50422E-1 1.285E-1 1.75593E-1 1.46818E-1 1.48892E-1 2.05836E-1
-9999 -9999 -9999 -9999 2.98435E-3 -9999 -9999 -9999 -9999 5.16484E-3 8.71267E-4 1.17624E-3 4.80906E-3 8.00776E-3 3.3225E-2 5.59898E-2 5.7898E-2 1.03768E-1 1.22697E-1 1.47975E-1 1.17387E-1 2.82375E-1 1.5718E-1 1.10261E-1 1.06418E-1 5.67858E-2 2.947E-2 2.23321E-2 4.00864E-2 4.45021E-2 8.13781E-2 1.22858E-1 1.59679E-1 2.26522E-1 2.02401E-1 2.5475E-1 4.83759E-1 4.18563E-1 2.37237E-1 1.87752E-1 2.78379E-1 2.09243E-1 2.9049E-1 2.42221E-1 2.36832E-1 2.91959E-1 2.67002E-1 2.83986E-1 2.43434E-1 2.2414E-1 3.20566E-1 2.09652E-1 1.97681E-1 1.91533E-1 1.92272E-1 1.62505E-1 1.60435E-1 1.50387E-1 1.46751E-1 1.49545E-1 1.56623E-1
-9999 -9999 -9999 -9999 5.08128E-3 -9999 -9999 -9999 -9999 1.06106E-2 2.94505E-3 1.907E-3 5.58956E-3 8.00899E-3 2.49261E-2 5.33398E-2 8.84582E-2 9.99511E-2 1.16605E-1 1.02707E-1 1.23198E-1 1.60989E-1 1.23145E-1 1.8628E-1 2.13483E-1 6.57357E-2 3.60434E-2 1.8467E-2 2.68026E-2 4.23721E-2 5.71472E-2 7.89244E-2 1.45512E-1 2.50314E-1 1.72246E-1 1.83519E-1 3.13856E-1 2.02104E-1 1.46405E-1 1.20267E-1 2.21537E-1 1.86553E-1 2.41958E-1 3.1086E-1 2.49757E-1 2.7875E-1 4.15877E-1 2.78952E-1 2.62322E-1 2.7542E-1 2.90899E-1 2.42003E-1 2.31916E-1 2.01791E-1 1.96151E-1 2.05721E-1 1.8139E-1 1.75816E-1 1.63217E-1 1.40175E-1 1.39925E-1
-9999 -9999 -9999 -9999 -9999 -9999 -9999 -9999 -9999 7.39448E-3 6.6249E-3 2.05397E-3 5.27965E-3 9.59304E-3 1.29016E-2 3.40747E-2 8.94356E-2 9.63586E-2 1.00949E-1 1.27466E-1 1.15726E-1 1.23717E-1 1.39208E-1 1.10915E-1 8.46156E-2 3.39372E-2 2.21269E-2 2.9399E-2 2.03399E-2 4.26183E-2 7.01349E-2 8.10763E-2 9.49073E-2 1.79231E-1 1.14632E-1 1.66389E-1 3.10286E-1 2.85301E-1 1.67387E-1 2.17478E-1 2.65548E-1 2.11867E-1 2.8446E-1 3.12864E-1 4.9098E-1 5.42883E-1 5.43267E-1 3.30447E-1 2.70752E-1 2.632E-1 2.93154E-1 2.90328E-1 2.34838E-1 1.72145E-1 2.05129E-1 1.82564E-1 1.84684E-1 1.97981E-1 1.66847E-1 1.53582E-1 1.53412E-1
-9999 -9999 -9999 -9999 -9999 -9999 -9999 -9999 -9999 -9999 5.88141E-3 2.70639E-3 3.29885E-3 6.76589E-3 2.1737E-2 3.63263E-2 8.56707E-2 8.84947E-2 1.02369E-1 1.10443E-1 1.12201E-1 1.12655E-1 1.387E-1 1.20027E-1 8.64064E-2 3.85584E-2 2.76732E-2 2.44944E-2 2.80427E-2 3.41147E-2 6.65507E-2 8.34753E-2 1.20042E-1 1.27155E-1 1.56794E-1 1.64803E-1 2.56602E-1 2.93186E-1 2.02546E-1 2.4368E-1 2.66294E-1 4.46464E-1 4.65825E-1 5.44258E-1 6.03237E-1 6.19945E-1 5.26943E-1 6.44414E-1 2.85491E-1 2.63587E-1 3.57362E-1 2.91121E-1 2.22043E-1 2.11343E-1 2.03442E-1 1.93839E-1 2.2512E-1 2.33961E-1 2.0535E-1 1.7221E-1 1.86048E-1
-9999 -9999 -9999 -9999 -9999 -9999 -9999 -9999 -9999 -9999 4.87416E-3 2.33286E-3 9.81141E-4 3.68148E-3 2.10272E-2 2.3264E-2 8.56005E-2 1.17124E-1 9.83047E-2 1.18239E-1 1.15345E-1 1.13389E-1 1.45833E-1 1.65615E-1 7.94187E-2 4.4652E-2 3.25778E-2 2.30733E-2 3.93461E-2 5.38877E-2 7.15394E-2 9.22004E-2 1.03546E-1 1.40107E-1 1.66034E-1 2.38278E-1 2.12319E-1 1.94727E-1 2.12816E-1 4.71686E-1 5.07104E-1 6.15915E-1 5.14156E-1 5.80477E-1 5.90244E-1 5.75873E-1 3.59011E-1 5.34555E-1 4.48707E-1 5.28156E-1 5.18809E-1 3.52175E-1 2.46316E-1 2.24593E-1 2.10228E-1 2.09237E-1 2.08729E-1 1.83939E-1 1.94641E-1 1.90056E-1 1.97595E-1
-9999 -9999 -9999 -9999 -9999 -9999 -9999 -9999 -9999 -9999 4.10635E-3 1.81068E-3 1.28661E-3 3.05847E-3 6.47525E-2 5.40254E-2 7.34757E-2 1.3826E-1 1.15326E-1 1.5731E-1 1.39622E-1 1.35709E-1 1.43558E-1 1.61356E-1 9.45413E-2 3.84505E-2 3.17264E-2 3.29639E-2 4.33492E-2 5.93475E-2 8.78239E-2 1.26792E-1 1.21899E-1 1.19793E-1 1.73213E-1 2.15834E-1 3.17679E-1 4.10953E-1 4.55259E-1 4.24672E-1 5.37789E-1 5.58646E-1 6.40366E-1 6.3825E-1 6.47202E-1 6.87983E-1 6.74776E-1 6.30081E-1 5.70261E-1 6.54914E-1 6.55987E-1 5.64924E-1 4.70868E-1 4.23368E-1 3.99815E-1 2.41148E-1 2.1887E-1 2.05903E-1 2.18905E-1 2.18567E-1 2.1393E-1
-9999 -9999 -9999 -9999 -9999 -9999 -9999 -9999 -9999 -9999 4.03746E-3 1.42181E-3 2.56458E-3 2.2152E-3 1.67662E-2 3.3128E-2 8.59194E-2 1.32216E-1 1.38712E-1 2.00976E-1 2.27688E-1 1.57678E-1 1.35351E-1 1.482E-1 9.31665E-2 4.92924E-2 3.24565E-2 3.09502E-2 7.32859E-2 5.30575E-2 7.70045E-2 1.43688E-1 1.41352E-1 1.12975E-1 2.33346E-1 1.83315E-1 2.91282E-1 3.68531E-1 3.41781E-1 4.34672E-1 5.93768E-1 6.83116E-1 7.4159E-1 7.19422E-1 7.90379E-1 7.17107E-1 7.18497E-1 7.02449E-1 7.15197E-1 6.95195E-1 4.7158E-1 3.72647E-1 3.75778E-1 5.09534E-1 5.31818E-1 4.90382E-1 2.71218E-1 2.25505E-1 2.23669E-1 2.19975E-1 2.25155E-1
-9999 -9999 -9999 -9999 -9999 -9999 -9999 -9999 -9999 -9999 2.74646E-3 1.81851E-3 2.7687E-3 5.70396E-3 9.20594E-2 1.84778E-2 1.04317E-1 9.10434E-2 1.27631E-1 2.31505E-1 2.99487E-1 1.83958E-1 1.60971E-1 1.25158E-1 1.33226E-1 8.05737E-2 5.56098E-2 3.82698E-2 5.27767E-2 9.95015E-2 7.42391E-2 7.15369E-2 1.2848E-1 2.06573E-1 2.12105E-1 2.63525E-1 2.43957E-1 2.57482E-1 3.2213E-1 4.38612E-1 6.21728E-1 7.76989E-1 7.94644E-1 8.83756E-1 8.32704E-1 7.04243E-1 6.39045E-1 6.79867E-1 5.78787E-1 7.27463E-1 7.02143E-1 4.72844E-1 3.83896E-1 5.71886E-1 4.3365E-1 3.88741E-1 2.62371E-1 3.11468E-1 2.66715E-1 2.21056E-1 2.37395E-1
-9999 -9999 -9999 -9999 -9999 -9999 -9999 -9999 6.93461E-3 4.99251E-3 4.19307E-3 2.97143E-3 2.36795E-3 3.37533E-3 8.25406E-3 8.41158E-2 1.07319E-1 1.04989E-1 1.07714E-1 1.53277E-1 1.69131E-1 2.35305E-1 2.37522E-1 1.61137E-1 1.43598E-1 9.50361E-2 4.40649E-2 2.48949E-2 2.66979E-2 4.66396E-2 4.50533E-2 6.47681E-2 1.26842E-1 1.15006E-1 1.61997E-1 1.43875E-1 1.81887E-1 3.03225E-1 2.7221E-1 4.92306E-1 6.83557E-1 7.88348E-1 7.50886E-1 7.64919E-1 7.70218E-1 6.60465E-1 6.63423E-1 6.95027E-1 6.66269E-1 5.95662E-1 6.76563E-1 6.40838E-1 5.81208E-1 5.46094E-1 4.12944E-1 3.71931E-1 4.52029E-1 4.09285E-1 4.06781E-1 2.6716E-1 2.76605E-1
-9999 -9999 -9999 -9999 -9999 -9999 -9999 -9999 3.66205E-3 2.50468E-3 4.23425E-3 5.22758E-3 4.38838E-3 1.78799E-3 3.64355E-3 1.70251E-2 2.41541E-2 1.47501E-1 9.56284E-2 6.93907E-2 1.0072E-1 1.38353E-1 2.57764E-1 1.28497E-1 1.29811E-1 8.90186E-2 5.61827E-2 3.62787E-2 2.39731E-2 2.53794E-2 6.66439E-2 4.45745E-2 1.10231E-1 1.55308E-1 2.11254E-1 1.28067E-1 2.42561E-1 2.45509E-1 2.63741E-1 2.55624E-1 5.54136E-1 7.48976E-1 7.38872E-1 7.2256E-1 7.34843E-1 6.74646E-1 6.31443E-1 6.66291E-1 6.53639E-1 7.07065E-1 6.67793E-1 6.37042E-1 6.17178E-1 5.43282E-1 5.36687E-1 5.63937E-1 5.96613E-1 5.65545E-1 5.18688E-1 5.3977E-1 5.49488E-1
-9999 -9999 -9999 -9999 -9999 -9999 -9999 -9999 1.66364E-3 1.49725E-3 1.0105E-3 1.98716E-3 3.53334E-3 2.28567E-3 2.1161E-3 1.14586E-2 1.42864E-2 1.11962E-1 1.00511E-1 1.05827E-1 8.74706E-2 8.8193E-2 1.8256E-1 1.49403E-1 1.60143E-1 1.75949E-1 7.4258E-2 6.05948E-2 3.26327E-2 2.40476E-2 5.97508E-2 5.2875E-2 7.91277E-2 1.97559E-1 3.46599E-1 3.15354E-1 1.76198E-1 2.53504E-1 2.44499E-1 5.61327E-1 7.40493E-1 8.01623E-1 7.82947E-1 7.91941E-1 7.83895E-1 6.89765E-1 6.52358E-1 6.09634E-1 7.06045E-1 7.08757E-1 7.42587E-1 6.7159E-1 6.29712E-1 5.6131E-1 6.35342E-1 5.19891E-1 6.32053E-1 5.88381E-1 5.07205E-1 6.15699E-1 6.29623E-1
-9999 -9999 -9999 -9999 -9999 -9999 -9999 -9999 -9999 2.16409E-3 8.60442E-4 1.57366E-3 2.59794E-3 4.37801E-3 1.97059E-3 3.96757E-3 1.73146E-2 9.9013E-2 2.96132E-1 1.69111E-1 5.36658E-2 5.8502E-2 8.60191E-2 1.63489E-1 1.19447E-1 1.25167E-1 9.36492E-2 7.24892E-2 3.83774E-2 2.47778E-2 1.92436E-2 3.10111E-2 5.32467E-2 9.09576E-2 1.82203E-1 2.08604E-1 2.37872E-1 2.14643E-1 3.16953E-1 7.6131E-1 7.46577E-1 8.59897E-1 8.47188E-1 8.01659E-1 7.57655E-1 6.57118E-1 6.96676E-1 7.00605E-1 5.76388E-1 6.21282E-1 6.14891E-1 6.56187E-1 5.77536E-1 7.3523E-1 6.98792E-1 5.62162E-1 6.34355E-1 6.59672E-1 5.60854E-1 5.94656E-1 5.2719E-1
-9999 -9999 -9999 -9999 -9999 -9999 -9999 -9999 -9999 1.53972E-3 1.43499E-3 1.21216E-3 1.81761E-3 4.32583E-3 5.91598E-3 3.69099E-3 5.58739E-3 1.00126E-2 5.51831E-2 8.23042E-2 4.93124E-2 4.48309E-2 8.05948E-2 1.30935E-1 1.13975E-1 1.15665E-1 1.23785E-1 7.4076E-2 3.27435E-2 1.69168E-2 2.31401E-2 1.30625E-2 7.09923E-2 5.71823E-2 1.55532E-1 2.39893E-1 3.39664E-1 2.48137E-1 2.46549E-1 6.4674E-1 7.97462E-1 7.95946E-1 7.41629E-1 7.39706E-1 7.18001E-1 5.87714E-1 5.2616E-1 6.98326E-1 6.03572E-1 6.40962E-1 7.07112E-1 6.09251E-1 6.64235E-1 6.53052E-1 7.01512E-1 6.35039E-1 5.10586E-1 5.62134E-1 5.17958E-1 5.53123E-1 5.65315E-1
-9999 -9999 -9999 -9999 -9999 -9999 -9999 -9999 -9999 -9999 1.97252E-3 1.21518E-3 1.49962E-3 6.13537E-3 1.18864E-2 3.2096E-3 3.8783E-3 9.31771E-3 3.30549E-2 3.27913E-2 4.45931E-2 3.35846E-2 8.312E-2 2.34373E-1 1.73832E-1 1.4591E-1 1.01754E-1 6.82098E-2 3.01409E-2 1.95993E-2 2.87288E-2 2.30283E-2 2.41482E-2 3.73404E-2 9.0094E-2 1.82572E-1 2.34931E-1 2.43665E-1 3.59555E-1 6.82282E-1 7.73989E-1 7.60082E-1 7.36389E-1 7.15608E-1 5.61548E-1 5.79766E-1 5.0471E-1 6.23179E-1 5.66728E-1 6.32258E-1 7.36509E-1 7.15279E-1 7.15812E-1 7.2845E-1 6.1564E-1 6.62355E-1 6.52802E-1 5.06999E-1 5.08646E-1 5.79906E-1 5.60516E-1
-9999 -9999 -9999 -9999 -9999 -9999 -9999 -9999 -9999 -9999 1.81388E-3 1.2689E-3 1.97972E-3 3.67652E-3 1.3275E-2 5.73706E-3 2.76659E-3 3.49733E-3 1.16406E-2 2.2234E-2 3.73807E-2 5.31187E-2 7.79271E-2 1.03391E-1 2.0062E-1 3.09243E-1 2.78075E-1 1.10881E-1 8.36445E-2 3.0522E-2 2.0758E-2 4.4784E-2 5.73176E-2 7.79079E-2 9.67809E-2 1.28715E-1 1.6583E-1 2.14122E-1 2.5863E-1 7.21396E-1 8.17777E-1 7.63602E-1 7.53103E-1 7.77904E-1 7.21391E-1 5.85193E-1 4.60545E-1 5.06539E-1 5.66548E-1 5.8138E-1 6.73254E-1 6.8931E-1 7.00899E-1 6.95294E-1 6.86668E-1 6.06084E-1 6.2071E-1 6.17186E-1 6.33326E-1 5.10115E-1 5.33457E-1
