Candidate_Models_Sept202022/M_1_F_lqp_Set_1_cal/Bison.asc
ncols         97
nrows         127
xllcorner     -2197417.7431653
yllcorner     -584827.01486885
cellsize      30000.0
NODATA_value  -9999
[rows 27 to 53 of 127, columns 0 to 60 of 97]
-9999 -9999 7.39658E-2 5.14625E-2 8.23267E-2 7.73987E-2 6.44894E-2 8.44157E-2 2.10961E-1 7.0952E-2 6.44901E-2 9.56646E-2 3.07931E-2 4.74133E-2 3.83741E-2 5.82631E-2 4.65551E-2 4.55549E-2 3.85474E-2 3.22067E-2 2.92833E-2 3.30581E-2 3.0362E-2 2.67947E-2 3.14964E-2 3.09891E-2 3.56354E-2 3.06945E-2 3.23094E-2 2.80077E-2 2.16992E-2 2.65735E-2 2.39421E-2 2.70304E-2 3.47515E-2 3.41255E-2 4.64803E-2 3.45656E-2 1.98377E-2 3.99532E-2 6.9465E-2 6.68802E-2 5.42603E-2 1.07311E-1 5.05442E-2 3.5063E-2 2.939E-2 2.22117E-2 1.66902E-2 1.49834E-2 1.37673E-2 1.42753E-2 9.94684E-3 8.51922E-3 5.75296E-3 4.4159E-3 4.22075E-3 3.77052E-3 4.13207E-3 4.31751E-3 6.78462E-3
-9999 3.83075E-2 6.81145E-2 5.58126E-2 3.97938E-2 7.27178E-2 7.471E-2 7.28581E-2 7.09325E-2 7.71719E-2 6.53806E-2 6.77035E-2 6.48137E-2 6.25023E-2 5.06982E-2 5.39547E-2 7.93281E-2 5.40331E-2 5.0318E-2 4.51588E-2 7.03456E-2 4.56064E-2 2.61121E-2 2.84324E-2 3.22896E-2 3.43629E-2 2.94888E-2 3.35141E-2 2.99137E-2 3.00039E-2 2.38819E-2 2.03431E-2 3.06579E-2 2.49384E-2 2.3463E-2 3.27949E-2 4.25354E-2 6.7022E-2 5.84648E-2 4.54115E-2 5.01819E-2 3.39152E-2 5.11151E-2 4.80763E-2 4.8098E-2 2.74909E-2 2.60813E-2 1.78577E-2 1.59179E-2 1.24396E-2 1.35148E-2 1.71981E-2 8.89454E-3 7.30844E-3 5.90835E-3 4.75753E-3 4.189E-3 3.81829E-3 4.03958E-3 4.5664E-3 3.97549E-3
-9999 1.55326E-2 2.4622E-2 6.37297E-2 6.89996E-2 7.1037E-2 6.88362E-2 7.71052E-2 1.00155E-1 8.52615E-2 6.30625E-2 8.14667E-2 7.28782E-2 6.22796E-2 6.42132E-2 4.85611E-2 5.13799E-2 5.74833E-2 7.82418E-2 7.08007E-2 3.75924E-2 2.76416E-2 3.35866E-2 2.48299E-2 4.23347E-2 3.8481E-2 3.82763E-2 3.63412E-2 3.07198E-2 3.39781E-2 2.53058E-2 2.21638E-2 3.2128E-2 2.56545E-2 2.33002E-2 2.59915E-2 3.68164E-2 5.13068E-2 4.49672E-2 5.04948E-2 5.59889E-2 5.07634E-2 5.77853E-2 4.11257E-2 2.45595E-2 2.77282E-2 1.98896E-2 1.62037E-2 1.25E-2 1.27489E-2 1.20602E-2 1.10428E-2 8.14115E-3 6.94972E-3 5.59205E-3 4.98892E-3 4.34832E-3 3.93414E-3 3.75909E-3 4.33349E-3 4.1187E-3
5.05705E-2 1.45367E-2 3.71204E-3 1.17706E-2 2.72571E-2 6.56832E-2 8.81215E-2 8.90018E-2 8.55557E-2 7.57342E-2 7.69649E-2 8.05482E-2 8.73434E-2 1.06297E-1 6.00662E-2 5.37544E-2 7.864E-2 6.39865E-2 6.40879E-2 5.4334E-2 4.13355E-2 3.21669E-2 3.85665E-2 4.4888E-2 3.7937E-2 3.66714E-2 3.59582E-2 3.55791E-2 3.80296E-2 3.06784E-2 2.6056E-2 2.57863E-2 2.56246E-2 2.2881E-2 3.22808E-2 3.32537E-2 3.96473E-2 4.15323E-2 5.26247E-2 5.11298E-2 5.05566E-2 4.19321E-2 4.37511E-2 4.74376E-2 2.74725E-2 2.32154E-2 2.03018E-2 1.55058E-2 1.19918E-2 9.18526E-3 8.09744E-3 8.72381E-3 8.45379E-3 7.70286E-3 6.44303E-3 5.56549E-3 4.53903E-3 4.13073E-3 3.96748E-3 4.39588E-3 4.329E-3
2.12405E-2 3.47109E-2 6.56633E-3 4.35993E-3 1.7806E-2 9.4874E-2 8.44747E-2 1.22368E-1 8.92269E-2 9.30812E-2 1.02574E-1 9.06378E-2 8.8126E-2 1.32149E-1 7.49764E-2 9.50783E-2 5.1646E-2 7.19101E-2 4.85462E-2 3.81766E-2 3.54032E-2 4.44003E-2 3.71148E-2 4.08549E-2 4.06711E-2 4.06381E-2 3.79697E-2 4.15389E-2 3.88786E-2 3.56736E-2 2.79894E-2 2.65966E-2 3.00633E-2 1.67653E-2 3.16546E-2 3.67355E-2 4.10542E-2 4.64891E-2 4.57509E-2 3.90239E-2 4.4173E-2 4.3162E-2 4.07131E-2 3.36225E-2 2.56997E-2 2.00165E-2 1.85306E-2 1.71092E-2 1.32955E-2 9.19819E-3 8.52854E-3 9.06934E-3 8.10978E-3 7.83055E-3 6.8806E-3 5.78752E-3 4.89984E-3 4.72119E-3 4.32365E-3 4.55261E-3 4.39436E-3
1.51867E-2 3.86033E-2 3.19897E-2 1.23166E-2 1.33354E-2 9.52646E-2 1.11987E-1 9.83764E-2 9.47274E-2 9.89406E-2 1.01424E-1 9.43431E-2 8.734E-2 8.44561E-2 7.35857E-2 5.8723E-2 5.88687E-2 4.4098E-2 4.32038E-2 3.96058E-2 3.69505E-2 3.8753E-2 3.56925E-2 4.52527E-2 5.83112E-2 4.29159E-2 3.98655E-2 7.05887E-2 4.32474E-2 2.81971E-2 2.66113E-2 2.70581E-2 2.8198E-2 2.46677E-2 2.48364E-2 3.44565E-2 5.08215E-2 3.58011E-2 3.20139E-2 3.53637E-2 2.77546E-2 4.71245E-2 4.01964E-2 4.841E-2 3.86543E-2 1.93848E-2 1.74805E-2 1.60908E-2 1.6204E-2 9.96603E-3 9.76186E-3 9.24507E-3 7.93254E-3 7.87794E-3 7.15134E-3 5.64655E-3 5.28394E-3 5.08411E-3 5.13765E-3 4.66042E-3 4.63574E-3
-9999 1.15392E-2 2.29997E-2 3.5134E-2 1.86052E-2 8.90701E-2 8.81004E-2 9.74653E-2 8.23416E-2 6.72783E-2 9.75332E-2 1.04869E-1 8.7747E-2 8.44302E-2 5.29391E-2 4.37722E-2 3.26621E-2 3.0865E-2 4.4452E-2 4.88561E-2 4.1255E-2 5.89367E-2 3.86935E-2 4.17168E-2 4.50733E-2 5.78736E-2 5.03465E-2 6.99115E-2 5.94731E-2 4.0604E-2 3.29018E-2 3.11843E-2 3.03352E-2 3.10104E-2 2.99063E-2 4.03969E-2 4.74427E-2 4.3676E-2 3.58929E-2 4.90467E-2 3.75623E-2 3.09028E-2 4.13139E-2 3.80525E-2 3.45743E-2 1.99101E-2 2.01483E-2 2.49109E-2 1.97533E-2 1.4445E-2 1.25406E-2 1.10673E-2 9.21124E-3 9.11324E-3 7.32207E-3 6.62392E-3 7.0828E-3 5.49024E-3 5.29751E-3 4.75239E-3 5.00281E-3
-9999 -9999 8.6807E-3 2.60013E-2 2.84938E-2 7.19926E-2 4.32156E-2 5.94055E-2 8.00572E-2 9.03123E-2 8.25338E-2 1.65939E-1 7.30525E-2 6.95948E-2 5.40453E-2 4.24122E-2 3.75506E-2 3.19661E-2 3.92536E-2 5.04384E-2 5.27364E-2 3.86054E-2 3.909E-2 4.18895E-2 7.51903E-2 5.06988E-2 4.66064E-2 8.47873E-2 5.25273E-2 4.78089E-2 3.05249E-2 2.73789E-2 4.14153E-2 3.67007E-2 4.15484E-2 3.45022E-2 3.95603E-2 3.45924E-2 3.68132E-2 4.29281E-2 4.39906E-2 4.20487E-2 4.88261E-2 3.77279E-2 3.71044E-2 2.59412E-2 2.47697E-2 2.31534E-2 2.53968E-2 2.76176E-2 1.69408E-2 1.294E-2 9.97275E-3 9.45811E-3 8.0454E-3 6.86514E-3 7.79157E-3 5.84596E-3 5.77661E-3 5.62432E-3 5.34667E-3
-9999 -9999 8.84049E-3 1.99196E-2 2.72017E-2 3.73306E-2 2.80681E-2 5.2761E-2 7.02289E-2 9.72795E-2 9.42259E-2 1.12901E-1 6.94797E-2 6.26184E-2 5.01964E-2 6.1137E-2 5.29864E-2 5.12253E-2 4.03661E-2 4.57868E-2 5.38799E-2 5.68355E-2 3.94027E-2 3.88923E-2 6.19599E-2 6.52418E-2 5.98982E-2 7.63999E-2 8.14124E-2 4.67179E-2 3.868E-2 3.43761E-2 3.0878E-2 2.88802E-2 2.77615E-2 3.81267E-2 3.54388E-2 3.25088E-2 4.05212E-2 4.06398E-2 3.30654E-2 4.89004E-2 2.96837E-2 3.70857E-2 3.47594E-2 3.01242E-2 2.38282E-2 2.71472E-2 2.53807E-2 3.82671E-2 2.10776E-2 2.03473E-2 1.29899E-2 1.02534E-2 8.6512E-3 7.70795E-3 7.08137E-3 6.76985E-3 6.79338E-3 6.38676E-3 5.51585E-3
-9999 -9999 8.73121E-3 1.4982E-2 1.73654E-2 1.96862E-2 2.1975E-2 6.97891E-2 9.2057E-2 8.53141E-2 9.23589E-2 6.35809E-2 8.25089E-2 6.77349E-2 5.42261E-2 5.93455E-2 6.32715E-2 5.5504E-2 5.59719E-2 5.1839E-2 5.74205E-2 5.90292E-2 4.04577E-2 5.01635E-2 4.23571E-2 4.26767E-2 5.21446E-2 4.74522E-2 5.97007E-2 5.54343E-2 3.81598E-2 3.14566E-2 2.61754E-2 3.03834E-2 3.72143E-2 3.96988E-2 3.60185E-2 3.68958E-2 3.76638E-2 3.15687E-2 3.30608E-2 3.01068E-2 2.69366E-2 1.99674E-2 3.61903E-2 3.42682E-2 2.79275E-2 3.54935E-2 2.97736E-2 3.47251E-2 2.12268E-2 1.73006E-2 1.33681E-2 1.09817E-2 1.05717E-2 8.86555E-3 8.16664E-3 7.3035E-3 8.03082E-3 7.04895E-3 6.32255E-3
-9999 -9999 -9999 1.16733E-2 5.74197E-2 6.7784E-2 5.03098E-2 4.92092E-2 5.78502E-2 5.08662E-2 5.15774E-2 7.16462E-2 8.97899E-2 7.78127E-2 5.58533E-2 5.47031E-2 5.75821E-2 4.97257E-2 5.68128E-2 5.8463E-2 6.18773E-2 7.33842E-2 4.0129E-2 5.64407E-2 7.08157E-2 4.72215E-2 6.71733E-2 5.7569E-2 4.63878E-2 4.45178E-2 3.90277E-2 4.66005E-2 2.79612E-2 3.33502E-2 3.80691E-2 3.63764E-2 3.74768E-2 3.80849E-2 2.10865E-2 2.7911E-2 2.46539E-2 2.76815E-2 3.55461E-2 3.57872E-2 3.99335E-2 3.2672E-2 3.00878E-2 3.44725E-2 2.65364E-2 2.15822E-2 1.92625E-2 1.86317E-2 1.75204E-2 1.36816E-2 1.31458E-2 1.11928E-2 1.04543E-2 8.80978E-3 7.40224E-3 7.40437E-3 7.04936E-3
-9999 -9999 -9999 5.80978E-3 6.62886E-2 1.05266E-1 7.353E-2 5.73265E-2 9.28434E-2 8.17297E-2 3.90053E-2 7.30324E-2 6.78655E-2 7.18335E-2 7.44099E-2 6.19286E-2 4.40027E-2 5.97994E-2 5.01634E-2 5.41889E-2 4.29268E-2 4.32989E-2 4.24246E-2 4.99452E-2 5.82916E-2 6.4192E-2 6.03284E-2 4.27165E-2 2.83975E-2 3.62729E-2 4.21485E-2 4.25728E-2 3.06752E-2 3.79057E-2 3.68614E-2 3.51484E-2 4.19704E-2 4.73504E-2 4.63431E-2 3.97028E-2 3.12792E-2 3.25937E-2 3.93503E-2 2.69705E-2 4.03016E-2 3.62053E-2 3.46894E-2 3.88336E-2 3.79284E-2 3.23822E-2 1.86374E-2 3.08123E-2 2.13769E-2 1.90865E-2 1.51249E-2 1.14454E-2 1.07712E-2 9.4608E-3 8.91038E-3 7.82774E-3 7.29318E-3
-9999 -9999 -9999 2.36502E-3 3.22263E-2 3.18011E-2 4.70233E-2 7.45618E-2 5.47818E-2 9.21075E-2 4.97954E-2 5.33059E-2 7.4311E-2 7.07952E-2 5.87316E-2 6.27951E-2 4.10894E-2 6.01931E-2 5.06348E-2 6.04668E-2 5.40501E-2 4.11173E-2 5.81103E-2 5.61866E-2 6.37723E-2 6.30405E-2 6.04976E-2 4.99082E-2 4.26398E-2 3.82796E-2 4.88762E-2 4.85353E-2 4.29699E-2 3.83569E-2 4.44044E-2 4.36544E-2 4.78023E-2 5.12655E-2 5.17737E-2 4.05735E-2 2.59979E-2 2.29684E-2 3.66612E-2 4.79844E-2 4.44491E-2 4.23463E-2 3.30586E-2 4.63247E-2 3.83282E-2 3.35433E-2 3.02666E-2 2.42039E-2 3.28299E-2 2.60123E-2 2.04096E-2 1.86118E-2 1.95041E-2 1.41455E-2 1.22848E-2 9.59285E-3 8.4194E-3
-9999 -9999 -9999 -9999 1.35675E-2 1.58018E-2 2.53744E-2 1.93671E-2 5.61501E-2 8.15053E-2 2.10174E-2 3.9185E-2 8.69214E-2 5.81575E-2 6.41127E-2 8.78157E-2 8.26628E-2 6.11988E-2 6.71249E-2 6.51921E-2 5.24959E-2 5.20596E-2 5.40435E-2 4.8568E-2 5.85136E-2 6.52302E-2 6.0036E-2 5.30689E-2 4.92576E-2 4.91514E-2 4.45578E-2 4.37888E-2 4.49244E-2 4.99386E-2 4.16452E-2 4.47096E-2 4.8053E-2 4.37447E-2 4.54528E-2 4.33842E-2 3.68764E-2 3.20342E-2 2.95527E-2 5.1423E-2 5.16564E-2 4.3931E-2 3.50325E-2 4.77093E-2 4.9093E-2 4.06398E-2 2.46924E-2 3.81901E-2 4.72677E-2 3.19437E-2 3.01334E-2 2.98861E-2 1.9291E-2 2.15202E-2 2.16307E-2 1.05718E-2 8.48779E-3
-9999 -9999 -9999 -9999 4.88521E-3 1.11797E-2 1.50359E-2 2.98669E-2 1.29371E-2 2.69023E-2 1.39653E-2 3.03434E-2 7.19794E-2 7.13858E-2 7.64826E-2 6.03523E-2 6.86937E-2 7.62865E-2 6.40457E-2 7.00958E-2 6.49464E-2 7.55291E-2 5.68886E-2 5.36378E-2 5.16844E-2 5.19462E-2 7.82067E-2 6.12136E-2 6.49183E-2 6.17324E-2 5.0793E-2 5.05931E-2 5.49259E-2 5.56566E-2 4.95838E-2 4.99253E-2 4.56807E-2 5.71693E-2 5.65342E-2 6.53233E-2 6.7079E-2 6.5023E-2 4.16986E-2 5.719E-2 4.85189E-2 6.12006E-2 6.27939E-2 2.93842E-2 4.78155E-2 6.14441E-2 4.90173E-2 4.84798E-2 5.16441E-2 2.43434E-2 2.41079E-2 2.88091E-2 2.64264E-2 2.7175E-2 2.3123E-2 1.27545E-2 9.84499E-3
-9999 -9999 -9999 -9999 2.09273E-3 5.91045E-3 9.02371E-3 2.22967E-2 2.54265E-2 2.4915E-2 1.46434E-2 2.49096E-2 5.92291E-2 6.61114E-2 7.17414E-2 6.48753E-2 8.27088E-2 8.79298E-2 4.88638E-2 6.70133E-2 7.20877E-2 5.57735E-2 6.76376E-2 6.95531E-2 7.80402E-2 7.39882E-2 7.97243E-2 5.61704E-2 6.47338E-2 5.43103E-2 6.39634E-2 6.80457E-2 6.89438E-2 6.24642E-2 6.03638E-2 5.74896E-2 5.1728E-2 5.89445E-2 8.11074E-2 8.61712E-2 6.07679E-2 5.7536E-2 6.39145E-2 6.08831E-2 5.66532E-2 6.73886E-2 7.83057E-2 7.92023E-2 -9999 5.96881E-2 4.61289E-2 4.45191E-2 3.20746E-2 3.16897E-2 6.17157E-2 3.30802E-2 3.38653E-2 3.19299E-2 3.95071E-2 1.59863E-2 1.10446E-2
-9999 -9999 -9999 -9999 2.15374E-3 4.35908E-3 6.16383E-3 1.499E-3 5.11028E-2 1.04277E-1 2.41944E-2 2.0203E-2 3.76183E-2 4.92471E-2 6.49642E-2 8.2171E-2 8.40014E-2 5.90692E-2 5.21225E-2 6.43631E-2 7.89308E-2 7.40118E-2 7.49428E-2 1.08616E-1 7.42442E-2 6.47351E-2 6.92482E-2 6.77328E-2 5.74751E-2 6.08596E-2 6.69482E-2 7.60744E-2 7.04245E-2 6.84978E-2 6E-2 6.44064E-2 5.85497E-2 5.5488E-2 5.36924E-2 6.32811E-2 8.40764E-2 6.09902E-2 6.37657E-2 6.47243E-2 6.73095E-2 5.98599E-2 -9999 -9999 -9999 -9999 6.10718E-2 3.68371E-2 3.88975E-2 5.08239E-2 4.81428E-2 4.21426E-2 2.3338E-2 1.77782E-2 1.23836E-2 1.52004E-2 1.49789E-2
-9999 -9999 -9999 -9999 1.41752E-3 5.7056E-3 5.39453E-3 2.62806E-3 1.56253E-3 9.74344E-2 2.46503E-2 5.14997E-2 3.52497E-2 5.8093E-2 6.21629E-2 7.01473E-2 6.44316E-2 5.10223E-2 5.34809E-2 5.99277E-2 5.93743E-2 6.8246E-2 7.64379E-2 7.62248E-2 5.31179E-2 5.09213E-2 7.32992E-2 5.75549E-2 7.18874E-2 7.22105E-2 7.18957E-2 7.31607E-2 7.45377E-2 8.42025E-2 5.27312E-2 6.88503E-2 6.85511E-2 5.62019E-2 5.76738E-2 5.8998E-2 7.15403E-2 6.03072E-2 5.38559E-2 4.28135E-2 7.4216E-2 -9999 -9999 -9999 -9999 1.25845E-1 6.58158E-2 5.95097E-2 4.69279E-2 4.74692E-2 4.94941E-2 3.9688E-2 3.33657E-2 2.29066E-2 2.47943E-2 3.15956E-2 1.78028E-2
-9999 -9999 -9999 -9999 2.79013E-3 6.74517E-3 7.24298E-3 2.02301E-3 1.05625E-2 3.61135E-2 4.33236E-2 4.96026E-2 2.68896E-2 6.70884E-2 7.05546E-2 6.72702E-2 6.55986E-2 6.69686E-2 4.5532E-2 5.08219E-2 5.73894E-2 7.50807E-2 6.81018E-2 5.7831E-2 5.46185E-2 5.57057E-2 6.87235E-2 7.37775E-2 8.40165E-2 8.88683E-2 8.38807E-2 7.50766E-2 7.6239E-2 7.59627E-2 7.30175E-2 6.09238E-2 6.86752E-2 5.7876E-2 6.9372E-2 6.62546E-2 6.51893E-2 6.764E-2 8.80587E-2 1.02626E-1 1.00515E-1 -9999 -9999 -9999 1.31829E-1 1.02485E-1 1.01551E-1 7.12627E-2 6.01875E-2 6.00014E-2 4.41742E-2 4.13142E-2 3.57206E-2 1.92856E-2 2.18606E-2 3.67275E-2 1.83866E-2
-9999 -9999 -9999 4.4279E-3 2.3497E-2 1.96838E-2 2.54032E-3 3.85009E-3 2.92581E-3 1.41483E-2 8.7215E-2 2.96034E-2 2.93769E-2 4.60945E-2 6.33742E-2 5.30752E-2 7.90313E-2 6.69067E-2 6.73943E-2 4.66926E-2 5.22187E-2 5.72624E-2 5.52418E-2 4.43678E-2 6.53975E-2 5.69657E-2 6.05874E-2 8.03322E-2 7.13014E-2 9.30584E-2 1.07314E-1 9.60675E-2 8.14234E-2 8.29923E-2 7.67666E-2 7.42666E-2 6.48628E-2 7.4004E-2 6.68526E-2 7.26607E-2 6.88706E-2 6.59948E-2 7.62384E-2 1.07655E-1 1.77685E-1 1.47104E-1 1.15195E-1 1.12033E-1 1.11147E-1 8.62143E-2 9.6538E-2 8.76474E-2 7.05261E-2 6.18468E-2 5.90122E-2 4.42033E-2 3.69033E-2 2.16246E-2 2.73227E-2 3.00409E-2 2.36851E-2
-9999 -9999 -9999 -9999 5.66006E-3 2.91923E-2 6.40443E-3 -9999 2.88629E-3 1.70069E-2 5.18909E-2 1.90157E-2 4.77818E-2 5.37217E-2 5.59399E-2 6.89807E-2 8.27446E-2 6.88841E-2 6.05441E-2 6.67502E-2 4.62673E-2 6.09207E-2 4.44464E-2 6.72707E-2 8.73527E-2 7.42904E-2 6.25863E-2 8.65494E-2 7.68414E-2 8.44505E-2 8.94983E-2 1.08472E-1 9.83504E-2 8.73457E-2 7.97063E-2 6.96553E-2 8.05384E-2 7.24197E-2 6.88816E-2 8.38471E-2 8.39978E-2 7.83995E-2 6.87787E-2 9.69107E-2 1.30296E-1 1.19484E-1 1.09084E-1 9.83968E-2 1.06426E-1 8.47896E-2 9.58547E-2 8.07988E-2 7.83127E-2 6.68787E-2 6.06248E-2 4.41402E-2 3.5563E-2 2.62189E-2 3.70403E-2 3.27911E-2 2.21989E-2
-9999 -9999 -9999 -9999 2.24355E-3 3.2605E-3 4.0694E-3 6.79238E-3 4.19744E-3 4.34023E-2 6.17688E-2 1.15067E-2 7.1939E-2 4.15676E-2 5.37E-2 9.71429E-2 6.03191E-2 8.74516E-2 6.06475E-2 5.66054E-2 5.15124E-2 5.40779E-2 6.11348E-2 1.00467E-1 7.03499E-2 8.01973E-2 6.18208E-2 7.44492E-2 7.64223E-2 8.62776E-2 9.69064E-2 1.15336E-1 1.14524E-1 1.07853E-1 9.53028E-2 9.07239E-2 8.28056E-2 7.76042E-2 7.25095E-2 7.95745E-2 7.91725E-2 8.24631E-2 6.51164E-2 9.30844E-2 8.53193E-2 1.03449E-1 1.10158E-1 1.11811E-1 9.3511E-2 8.98776E-2 9.14638E-2 7.35664E-2 7.14948E-2 6.88833E-2 6.67376E-2 5.02371E-2 3.94092E-2 3.90986E-2 2.98611E-2 3.48497E-2 3.27507E-2
-9999 -9999 -9999 -9999 6.95342E-3 3.34141E-3 5.55187E-3 4.14529E-3 5.42007E-3 3.66687E-2 2.21848E-2 9.96809E-3 3.86093E-2 6.31962E-2 5.62204E-2 7.03267E-2 7.53006E-2 8.67934E-2 7.63122E-2 5.84848E-2 5.91282E-2 5.52237E-2 4.34252E-2 6.46083E-2 1.32811E-1 8.21261E-2 5.81128E-2 8.68109E-2 9.43047E-2 1.02638E-1 1.01033E-1 1.09818E-1 1.33926E-1 1.12071E-1 1.195E-1 1.01038E-1 9.73326E-2 8.91886E-2 1.07026E-1 1.04405E-1 9.1384E-2 9.03807E-2 9.66834E-2 8.73858E-2 9.14851E-2 9.4574E-2 1.08592E-1 1.1614E-1 8.71664E-2 9.74518E-2 8.39906E-2 7.47986E-2 6.81044E-2 6.58936E-2 6.37557E-2 4.40929E-2 4.39257E-2 5.06752E-2 4.11472E-2 3.52512E-2 2.77119E-2
-9999 -9999 -9999 -9999 -9999 3.65869E-3 6.42483E-3 7.15215E-3 3.55102E-3 1.03207E-2 1.02948E-2 2.62651E-2 3.04301E-2 4.24638E-2 4.77683E-2 7.23037E-2 1.10897E-1 8.0936E-2 8.6711E-2 6.82079E-2 6.56849E-2 8.10175E-2 5.4821E-2 7.4766E-2 9.92488E-2 1.6042E-1 8.12085E-2 7.41093E-2 8.32742E-2 1.11256E-1 1.12649E-1 1.30661E-1 1.23894E-1 1.25965E-1 1.15607E-1 1.1232E-1 9.76389E-2 9.0205E-2 9.97158E-2 9.49541E-2 1.00217E-1 9.86829E-2 1.04082E-1 1.03425E-1 1.03486E-1 8.83469E-2 1.1889E-1 9.04066E-2 9.65436E-2 1.03933E-1 8.79583E-2 7.95227E-2 7.09563E-2 6.59497E-2 6.45906E-2 4.60762E-2 5.6102E-2 4.72614E-2 5.14392E-2 2.78405E-2 3.2227E-2
-9999 -9999 -9999 -9999 -9999 9.34334E-3 2.29782E-3 6.70597E-3 5.40216E-3 1.72174E-2 1.61951E-2 4.13607E-3 9.35032E-3 1.95903E-2 5.32978E-2 7.31363E-2 9.04766E-2 9.00974E-2 9.07487E-2 8.24991E-2 9.33424E-2 5.07499E-2 7.31986E-2 6.91882E-2 1.15E-1 1.54878E-1 8.633E-2 8.43528E-2 9.37903E-2 1.13692E-1 1.11428E-1 1.2672E-1 1.30513E-1 1.15578E-1 1.03487E-1 1.12059E-1 1.18973E-1 1.11789E-1 1.11138E-1 1.09618E-1 1.05282E-1 1.07611E-1 1.08731E-1 1.24178E-1 1.22948E-1 1.14809E-1 1.03469E-1 1.01134E-1 9.49628E-2 1.1114E-1 9.69216E-2 8.31128E-2 8.5746E-2 5.78604E-2 7.12428E-2 7.20117E-2 4.51615E-2 4.85439E-2 4.20237E-2 4.31892E-2 3.93997E-2
-9999 -9999 -9999 -9999 -9999 1.10537E-2 6.05348E-3 2.30701E-3 3.72735E-3 2.02795E-3 1.43644E-2 6.00304E-3 6.18441E-3 9.82148E-3 5.72208E-2 5.87726E-2 6.45264E-2 6.77802E-2 8.94861E-2 9.92041E-2 6.78085E-2 7.31769E-2 7.04031E-2 6.53267E-2 9.41273E-2 1.25452E-1 6.88508E-2 1.14139E-1 1.18325E-1 9.95008E-2 1.15267E-1 1.18543E-1 1.35429E-1 1.29792E-1 1.29766E-1 1.32354E-1 1.24461E-1 1.36809E-1 1.4063E-1 1.36456E-1 1.27463E-1 1.177E-1 1.30895E-1 1.14457E-1 1.30184E-1 1.43081E-1 1.04884E-1 9.63898E-2 9.24848E-2 1.05911E-1 1.05901E-1 9.46306E-2 9.88719E-2 5.60542E-2 7.51074E-2 5.60113E-2 5.6655E-2 4.97922E-2 4.47685E-2 4.82028E-2 4.23935E-2
-9999 -9999 -9999 -9999 -9999 6.65619E-3 2.37449E-3 4.16758E-3 5.50145E-3 1.83085E-3 4.78075E-3 6.6708E-3 1.81823E-2 2.25431E-2 4.29242E-2 4.82222E-2 4.84144E-2 4.66291E-2 7.15541E-2 7.96063E-2 8.67744E-2 1.17768E-1 9.88492E-2 6.78503E-2 6.27176E-2 1.63806E-1 8.36152E-2 9.22466E-2 1.21704E-1 9.68067E-2 1.23587E-1 1.33419E-1 1.40879E-1 1.47516E-1 1.47938E-1 1.34668E-1 1.55254E-1 1.38141E-1 1.43774E-1 1.56651E-1 2.08564E-1 1.65495E-1 1.18049E-1 8.70162E-2 1.34584E-1 1.18059E-1 1.17327E-1 1.09569E-1 1.00281E-1 1.27925E-1 1.03235E-1 9.99117E-2 1.2204E-1 1.05828E-1 6.06304E-2 -9999 5.1442E-2 4.02197E-2 4.63266E-2 5.58091E-2 4.74964E-2
