Candidate_Models_July82022/M_0.2_F_lqp_Set_1_cal/Bison.asc
ncols         290
nrows         380
xllcorner     -2197417.7431653
yllcorner     -584827.01486885
cellsize      10000.0
NODATA_value  -9999
[rows 297 to 323 of 380, columns 183 to 243 of 290]
5.75153E-1 6.29577E-1 4.48875E-1 4.59082E-1 4.7654E-1 4.65912E-1 4.6139E-1 4.62987E-1 4.5093E-1 4.87184E-1 4.53919E-1 4.91573E-1 4.94758E-1 4.74519E-1 4.25684E-1 4.06427E-1 4.26792E-1 4.1943E-1 3.99635E-1 4.11478E-1 4.21134E-1 3.88469E-1 4.02309E-1 4.17896E-1 4.03539E-1 4.19201E-1 4.06662E-1 4.09601E-1 4.19396E-1 4.93326E-1 4.25613E-1 4.28794E-1 4.22064E-1 4.38229E-1 4.04128E-1 5.88002E-1 5.44762E-1 4.7098E-1 4.81716E-1 5.39611E-1 4.35237E-1 5.13177E-1 5.00032E-1 3.87434E-1 3.3469E-1 3.83067E-1 3.59106E-1 3.41379E-1 3.32259E-1 3.90156E-1 3.16942E-1 3.46734E-1 3.14731E-1 2.73451E-1 2.59587E-1 2.6007E-1 2.53602E-1 2.42704E-1 2.36254E-1 2.1583E-1 2.23189E-1
5.87874E-1 5.89512E-1 4.87879E-1 4.58471E-1 4.77709E-1 4.93246E-1 4.77604E-1 4.73812E-1 4.58851E-1 4.6196E-1 4.36399E-1 4.47532E-1 4.62213E-1 4.50499E-1 4.58421E-1 4.53774E-1 4.17208E-1 4.06272E-1 3.94903E-1 4.18638E-1 4.3815E-1 4.26069E-1 4.1231E-1 4.16902E-1 4.01852E-1 4.23678E-1 4.25217E-1 4.67437E-1 4.39746E-1 5.47573E-1 4.17856E-1 4.37584E-1 4.23663E-1 3.94113E-1 4.02612E-1 6.16384E-1 4.40144E-1 4.46432E-1 6.69442E-1 6.40277E-1 5.6247E-1 5.08639E-1 4.78839E-1 5.13784E-1 3.49127E-1 3.42098E-1 3.70822E-1 4.47564E-1 3.27977E-1 3.32476E-1 3.15731E-1 3.88472E-1 3.12179E-1 2.70382E-1 2.65015E-1 2.63748E-1 2.56222E-1 2.43891E-1 2.3948E-1 2.28014E-1 2.21065E-1
5.14762E-1 5.21919E-1 4.64658E-1 4.60888E-1 4.79572E-1 4.87835E-1 4.68151E-1 4.54018E-1 4.65224E-1 4.04199E-1 4.34179E-1 4.47886E-1 4.49512E-1 4.49362E-1 4.45308E-1 4.39961E-1 4.3047E-1 3.99925E-1 3.9701E-1 4.04126E-1 4.24628E-1 4.64396E-1 4.37023E-1 4.31143E-1 4.13923E-1 4.08884E-1 4.20139E-1 4.34536E-1 4.17716E-1 5.02259E-1 4.38883E-1 4.33013E-1 4.28384E-1 4.25353E-1 3.93922E-1 4.08246E-1 3.79016E-1 3.76833E-1 6.92364E-1 5.42844E-1 5.852E-1 4.98486E-1 5.14436E-1 4.56906E-1 3.49867E-1 3.81669E-1 4.45872E-1 3.42213E-1 3.33397E-1 4.10478E-1 3.44171E-1 3.19657E-1 4.16609E-1 2.88059E-1 2.75784E-1 2.67373E-1 2.53763E-1 2.42478E-1 2.38678E-1 2.27762E-1 3.01487E-1
4.38154E-1 6.84735E-1 5.00771E-1 4.32023E-1 4.601E-1 4.63413E-1 4.82725E-1 4.57349E-1 4.49871E-1 3.99586E-1 4.33406E-1 4.63395E-1 4.23451E-1 4.28401E-1 4.78671E-1 5.25828E-1 4.2105E-1 4.13853E-1 4.1135E-1 4.13098E-1 4.36254E-1 4.34398E-1 4.1379E-1 4.08589E-1 4.12168E-1 3.98186E-1 4.28142E-1 4.26442E-1 4.33499E-1 4.93405E-1 4.32672E-1 4.28179E-1 4.04592E-1 4.08126E-1 4.16552E-1 4.72752E-1 4.11633E-1 3.76092E-1 6.08078E-1 4.75084E-1 4.63382E-1 5.65199E-1 4.55705E-1 4.72342E-1 3.6382E-1 3.54981E-1 4.84811E-1 3.57876E-1 3.47006E-1 3.76863E-1 4.29004E-1 3.88606E-1 3.2434E-1 2.97103E-1 2.80356E-1 2.71368E-1 2.60483E-1 2.61718E-1 2.40537E-1 2.31781E-1 6.4034E-1
4.15464E-1 5.78451E-1 6.3087E-1 4.34639E-1 4.49867E-1 4.49461E-1 4.64024E-1 4.67822E-1 4.68534E-1 4.50631E-1 4.43967E-1 4.6561E-1 4.5478E-1 5.01699E-1 4.38684E-1 4.3524E-1 4.34565E-1 4.3178E-1 4.04446E-1 4.38709E-1 4.47601E-1 4.50693E-1 4.15913E-1 4.14563E-1 4.24537E-1 3.99318E-1 4.26232E-1 4.2743E-1 4.01093E-1 4.64685E-1 7.68296E-1 4.22435E-1 4.08176E-1 4.41312E-1 4.10126E-1 4.13276E-1 4.15632E-1 4.84804E-1 6.14579E-1 4.30561E-1 4.29474E-1 5.37912E-1 5.01102E-1 5.04788E-1 3.71529E-1 3.55804E-1 3.50962E-1 3.2059E-1 3.30915E-1 3.57984E-1 3.31874E-1 3.25519E-1 3.29244E-1 3.15737E-1 2.89651E-1 3.59881E-1 2.68868E-1 2.67651E-1 2.554E-1 2.43123E-1 2.76067E-1
4.17565E-1 4.04799E-1 4.25022E-1 4.56624E-1 4.42837E-1 4.59009E-1 4.63009E-1 4.70613E-1 4.34477E-1 4.31194E-1 4.35051E-1 4.64801E-1 4.56802E-1 4.57609E-1 4.47407E-1 4.34952E-1 4.48504E-1 4.27707E-1 4.06619E-1 4.20715E-1 4.43596E-1 4.42185E-1 4.32647E-1 4.41021E-1 4.12601E-1 4.01125E-1 4.31176E-1 3.46413E-1 4.52263E-1 4.49769E-1 6.53015E-1 4.28475E-1 4.16893E-1 4.1309E-1 4.66277E-1 6.48871E-1 7.14586E-1 4.58772E-1 3.88359E-1 4.48828E-1 5.58195E-1 4.35527E-1 4.97826E-1 4.2538E-1 3.68022E-1 3.43273E-1 3.51729E-1 3.1615E-1 3.26285E-1 3.54321E-1 3.31845E-1 3.23994E-1 3.22252E-1 3.2037E-1 2.99693E-1 3.19252E-1 2.70349E-1 2.59614E-1 2.52939E-1 2.42769E-1 2.29764E-1
4.20226E-1 4.09292E-1 4.25298E-1 4.25757E-1 4.45142E-1 4.57863E-1 4.52651E-1 4.48292E-1 4.48037E-1 5.76605E-1 4.80798E-1 4.72209E-1 4.63363E-1 4.50925E-1 4.53489E-1 4.49859E-1 4.52483E-1 4.46101E-1 4.58095E-1 4.44623E-1 4.41103E-1 4.77648E-1 5.88555E-1 4.26742E-1 4.36784E-1 4.04176E-1 4.06431E-1 4.07644E-1 4.20494E-1 4.18943E-1 4.60235E-1 5.50932E-1 4.6128E-1 4.33982E-1 5.17721E-1 5.13506E-1 4.07193E-1 4.32051E-1 4.1481E-1 5.38926E-1 6.16854E-1 4.8477E-1 4.52971E-1 5.49432E-1 4.32244E-1 3.6833E-1 3.44876E-1 3.20062E-1 3.38314E-1 3.28844E-1 3.3469E-1 3.34044E-1 3.3438E-1 3.19195E-1 3.05059E-1 2.90034E-1 2.96158E-1 2.73729E-1 2.70814E-1 2.47619E-1 2.31908E-1
4.007E-1 4.16085E-1 4.26006E-1 4.52823E-1 4.61844E-1 4.3666E-1 4.42885E-1 4.51477E-1 4.58251E-1 4.54394E-1 4.78043E-1 4.95142E-1 4.75048E-1 4.00639E-1 4.45436E-1 4.41797E-1 4.50564E-1 4.48545E-1 4.5809E-1 4.58929E-1 4.40435E-1 4.42509E-1 4.33015E-1 4.19644E-1 4.38949E-1 4.41828E-1 4.25658E-1 4.36717E-1 4.41554E-1 4.367E-1 4.36386E-1 4.28397E-1 4.9115E-1 4.1058E-1 4.31371E-1 4.33076E-1 5.25928E-1 4.23533E-1 5.41624E-1 3.94563E-1 4.5108E-1 4.01916E-1 4.52175E-1 5.36719E-1 4.62769E-1 3.6175E-1 3.51855E-1 3.42002E-1 3.19597E-1 3.4209E-1 3.26357E-1 3.27335E-1 3.13816E-1 3.09312E-1 3.21157E-1 3.05108E-1 2.95089E-1 3.37283E-1 3.27317E-1 2.51265E-1 2.35394E-1
4.11068E-1 4.24218E-1 4.43194E-1 4.83916E-1 4.50241E-1 4.4686E-1 4.22201E-1 4.57165E-1 4.74551E-1 4.59963E-1 4.32987E-1 4.35826E-1 4.63468E-1 4.62392E-1 4.49443E-1 4.43295E-1 4.37196E-1 4.53062E-1 4.65721E-1 4.66697E-1 4.58776E-1 4.49397E-1 4.27374E-1 4.33666E-1 4.628E-1 4.3707E-1 4.2065E-1 4.1944E-1 4.46628E-1 4.4433E-1 4.3181E-1 4.13673E-1 4.70306E-1 4.46328E-1 4.56474E-1 4.43813E-1 4.21207E-1 4.22202E-1 5.61133E-1 4.24566E-1 4.22597E-1 5.25183E-1 4.88632E-1 4.68914E-1 4.6164E-1 3.80441E-1 3.66242E-1 3.51111E-1 3.39844E-1 3.3663E-1 3.57082E-1 3.40339E-1 3.92821E-1 3.38023E-1 3.16248E-1 3.0492E-1 3.83862E-1 3.30836E-1 2.90341E-1 2.49495E-1 2.33648E-1
4.69106E-1 4.16417E-1 4.13211E-1 4.2814E-1 5.40029E-1 4.54497E-1 4.28713E-1 4.47486E-1 4.57151E-1 4.5706E-1 4.50451E-1 4.6074E-1 4.61144E-1 4.57679E-1 4.51954E-1 4.45142E-1 4.42257E-1 4.46954E-1 4.49476E-1 4.41478E-1 4.49466E-1 4.25873E-1 4.21656E-1 4.41313E-1 4.61892E-1 4.49365E-1 4.2166E-1 4.2567E-1 4.24945E-1 4.12741E-1 4.25614E-1 4.09928E-1 4.57431E-1 4.25777E-1 4.4783E-1 4.61744E-1 4.54776E-1 4.33126E-1 4.10696E-1 4.78851E-1 5.03326E-1 4.9915E-1 4.69016E-1 4.50605E-1 5.21181E-1 3.95991E-1 3.62988E-1 3.47377E-1 3.2191E-1 3.3367E-1 3.34511E-1 3.57119E-1 3.60294E-1 3.36401E-1 3.17015E-1 3.10368E-1 3.72108E-1 4.60961E-1 4.1537E-1 2.46827E-1 2.28454E-1
3.98147E-1 4.22636E-1 4.16588E-1 4.35779E-1 5.318E-1 5.06733E-1 4.38385E-1 4.43537E-1 4.62847E-1 4.59355E-1 4.49046E-1 4.62374E-1 4.56227E-1 4.40776E-1 4.4102E-1 4.3999E-1 4.47651E-1 4.53587E-1 4.4829E-1 4.61973E-1 4.49832E-1 4.46829E-1 4.53314E-1 4.33657E-1 4.36171E-1 4.32357E-1 4.29977E-1 4.28692E-1 4.21633E-1 4.19267E-1 4.23548E-1 4.40017E-1 4.46406E-1 3.79962E-1 4.30368E-1 4.20552E-1 4.38618E-1 4.12262E-1 4.33385E-1 4.30129E-1 4.5064E-1 4.98946E-1 5.38963E-1 4.74859E-1 4.75888E-1 4.15616E-1 3.58028E-1 3.49937E-1 3.32852E-1 3.54398E-1 3.08058E-1 3.40643E-1 4.15827E-1 3.3076E-1 3.27941E-1 3.10893E-1 3.44601E-1 2.98901E-1 2.64651E-1 2.4637E-1 2.29464E-1
4.12938E-1 4.11718E-1 4.34028E-1 4.4254E-1 4.41617E-1 4.94327E-1 4.41273E-1 4.43688E-1 4.43079E-1 4.66047E-1 4.62474E-1 4.66778E-1 4.55376E-1 4.6977E-1 4.61713E-1 4.52003E-1 4.47239E-1 4.42781E-1 4.47017E-1 4.37453E-1 4.33724E-1 4.48748E-1 4.39837E-1 4.32289E-1 4.19945E-1 4.19308E-1 4.25677E-1 4.10349E-1 4.04126E-1 3.80705E-1 4.14053E-1 4.05625E-1 4.59238E-1 3.96075E-1 4.45325E-1 4.75051E-1 4.41822E-1 4.42051E-1 4.54322E-1 4.49475E-1 5.20632E-1 5.13702E-1 4.52464E-1 5.49774E-1 5.16319E-1 4.20883E-1 3.48333E-1 3.44265E-1 3.23523E-1 3.45983E-1 3.43544E-1 3.24786E-1 4.55684E-1 3.89292E-1 3.27371E-1 3.20547E-1 3.7004E-1 2.87314E-1 3.16981E-1 2.80025E-1 2.27507E-1
3.96727E-1 4.0744E-1 4.14018E-1 4.24481E-1 4.53565E-1 4.59397E-1 4.46778E-1 4.54364E-1 4.60969E-1 4.5631E-1 4.59375E-1 4.64627E-1 4.48954E-1 4.48951E-1 4.50019E-1 4.60029E-1 4.38308E-1 4.52836E-1 4.24781E-1 4.12301E-1 4.14453E-1 4.33971E-1 4.3211E-1 4.52936E-1 4.43048E-1 4.3514E-1 4.13465E-1 4.14193E-1 4.08934E-1 4.38513E-1 4.13775E-1 5.21188E-1 4.47615E-1 3.97974E-1 4.47909E-1 4.68326E-1 4.89517E-1 4.47836E-1 4.42317E-1 4.96315E-1 5.49628E-1 6.99466E-1 4.87561E-1 4.85905E-1 5.20854E-1 4.15573E-1 3.4564E-1 3.46872E-1 3.30261E-1 3.22941E-1 3.2269E-1 3.30159E-1 4.27116E-1 3.59207E-1 3.48035E-1 3.5796E-1 3.1874E-1 3.16608E-1 4.1206E-1 4.65675E-1 4.35896E-1
4.11947E-1 4.30636E-1 5.24173E-1 4.25668E-1 4.6354E-1 4.35811E-1 4.40148E-1 4.50112E-1 4.39872E-1 4.48588E-1 4.63055E-1 5.31158E-1 4.42922E-1 4.24677E-1 4.30098E-1 4.32417E-1 4.53195E-1 4.38973E-1 4.23921E-1 4.13888E-1 3.95259E-1 4.28911E-1 4.14838E-1 4.14599E-1 4.19164E-1 4.22223E-1 4.02126E-1 4.16127E-1 4.13201E-1 4.25136E-1 3.94745E-1 4.28322E-1 6.429E-1 3.89878E-1 4.00241E-1 4.27059E-1 4.99172E-1 4.51883E-1 4.78859E-1 4.64854E-1 5.52817E-1 5.10095E-1 5.621E-1 4.98785E-1 4.91183E-1 3.46761E-1 3.46945E-1 3.36739E-1 3.37009E-1 3.26062E-1 3.29399E-1 4.75079E-1 5.59665E-1 4.46721E-1 3.21169E-1 3.22553E-1 3.47971E-1 3.67482E-1 3.95577E-1 2.84368E-1 3.0651E-1
4.17748E-1 6.63708E-1 6.27605E-1 4.81571E-1 4.74069E-1 4.32301E-1 4.29601E-1 4.58539E-1 4.34979E-1 5.22536E-1 4.13637E-1 4.5161E-1 4.40781E-1 4.40061E-1 4.27705E-1 4.11593E-1 4.17177E-1 4.37809E-1 4.06429E-1 4.07988E-1 4.08967E-1 4.212E-1 4.20642E-1 4.33784E-1 4.45549E-1 4.33208E-1 4.46074E-1 4.23084E-1 4.19195E-1 4.16399E-1 4.05951E-1 4.09869E-1 6.09101E-1 6.93306E-1 4.79331E-1 4.12093E-1 4.56172E-1 4.50819E-1 4.21777E-1 4.25674E-1 4.54147E-1 4.27609E-1 4.96646E-1 5.04983E-1 4.13113E-1 3.57207E-1 3.58172E-1 3.43854E-1 3.2855E-1 3.41562E-1 3.59678E-1 5.4036E-1 4.19839E-1 5.72699E-1 3.33715E-1 2.97632E-1 3.49185E-1 2.76215E-1 3.26148E-1 3.04766E-1 2.92269E-1
5.26292E-1 5.07033E-1 4.24808E-1 5.49515E-1 5.10948E-1 4.56795E-1 4.15481E-1 4.38897E-1 4.36085E-1 4.08116E-1 4.41193E-1 4.25407E-1 4.3264E-1 4.44287E-1 4.43042E-1 4.24888E-1 4.09317E-1 3.87382E-1 4.09282E-1 4.22317E-1 3.93756E-1 4.15121E-1 4.12535E-1 4.20289E-1 4.24864E-1 4.12604E-1 4.18031E-1 4.12915E-1 4.07145E-1 3.97892E-1 3.89088E-1 3.96695E-1 4.05738E-1 6.47425E-1 4.00342E-1 4.03156E-1 4.15201E-1 4.31817E-1 4.39853E-1 4.10259E-1 4.30408E-1 4.52107E-1 4.97835E-1 4.19861E-1 3.94637E-1 3.62106E-1 3.68473E-1 3.38812E-1 3.59969E-1 3.52687E-1 5.42209E-1 4.963E-1 5.32969E-1 4.4546E-1 3.37199E-1 3.1255E-1 4.55984E-1 3.56655E-1 2.88765E-1 2.75669E-1 2.86799E-1
6.27818E-1 7.3404E-1 4.63156E-1 5.79399E-1 4.731E-1 4.47389E-1 4.36598E-1 4.36001E-1 4.29643E-1 4.25519E-1 4.35432E-1 4.2244E-1 4.20156E-1 4.2439E-1 3.95221E-1 3.90468E-1 4.15055E-1 4.01716E-1 4.37249E-1 5.15334E-1 3.6319E-1 3.6491E-1 4.02563E-1 4.01705E-1 4.16833E-1 3.9697E-1 4.12852E-1 3.6523E-1 3.97782E-1 3.99304E-1 3.89644E-1 3.80989E-1 3.9186E-1 4.8402E-1 6.37628E-1 4.1029E-1 3.9626E-1 4.18453E-1 4.2094E-1 4.4043E-1 4.24E-1 4.34946E-1 4.2845E-1 4.37191E-1 3.76255E-1 3.63519E-1 3.57653E-1 3.56977E-1 3.62387E-1 4.06845E-1 5.35558E-1 5.77523E-1 3.88773E-1 3.47809E-1 3.152E-1 4.83397E-1 6.57708E-1 5.097E-1 3.50939E-1 2.85133E-1 2.65401E-1
6.80087E-1 6.84171E-1 5.37394E-1 5.37161E-1 5.0403E-1 4.45808E-1 4.43359E-1 4.39031E-1 4.51403E-1 4.4625E-1 4.36371E-1 3.95339E-1 3.98983E-1 4.033E-1 3.99689E-1 3.90732E-1 3.77722E-1 3.66643E-1 3.69735E-1 3.96631E-1 3.70445E-1 3.83249E-1 3.91971E-1 3.86041E-1 4.03478E-1 3.77819E-1 3.7654E-1 3.95316E-1 3.67876E-1 3.19255E-1 3.59109E-1 3.80573E-1 4.92494E-1 6.54457E-1 5.38133E-1 4.16336E-1 4.23197E-1 4.40558E-1 4.39827E-1 4.14117E-1 4.02848E-1 4.05407E-1 4.09324E-1 4.20862E-1 3.7643E-1 3.69961E-1 3.63284E-1 3.41131E-1 3.38275E-1 4.15232E-1 4.06514E-1 4.12299E-1 4.50411E-1 3.27431E-1 3.23848E-1 4.98725E-1 6.72243E-1 6.31312E-1 4.91058E-1 2.57278E-1 2.9474E-1
4.93471E-1 5.13471E-1 4.67537E-1 5.36452E-1 4.46846E-1 4.32172E-1 4.0901E-1 4.14119E-1 4.34084E-1 4.39097E-1 4.37326E-1 4.47459E-1 4.27879E-1 4.13722E-1 4.2561E-1 4.17128E-1 3.92415E-1 3.94383E-1 3.83036E-1 4.06804E-1 3.95912E-1 3.81942E-1 3.78938E-1 3.84124E-1 3.74635E-1 3.93921E-1 3.64079E-1 3.76737E-1 3.73008E-1 3.88679E-1 3.67708E-1 3.70665E-1 6.25826E-1 6.74177E-1 3.85562E-1 3.90566E-1 4.00871E-1 4.13418E-1 4.02004E-1 4.05506E-1 3.9488E-1 3.9696E-1 3.9872E-1 4.15718E-1 3.73533E-1 3.77162E-1 3.6154E-1 3.6037E-1 3.60822E-1 3.4784E-1 4.85185E-1 3.4329E-1 3.62688E-1 3.36415E-1 3.31013E-1 5.91071E-1 5.8515E-1 4.19983E-1 4.17325E-1 2.87093E-1 2.71958E-1
4.63132E-1 4.67031E-1 4.34824E-1 5.02054E-1 5.00281E-1 4.66072E-1 4.59506E-1 4.61593E-1 4.23898E-1 4.33922E-1 4.27431E-1 4.02774E-1 4.07634E-1 4.00914E-1 3.90356E-1 3.9987E-1 4.01678E-1 3.83093E-1 3.97115E-1 4.06484E-1 3.94543E-1 3.80805E-1 3.82831E-1 3.92759E-1 3.77026E-1 3.76714E-1 3.76553E-1 3.68238E-1 3.59863E-1 3.76394E-1 3.79902E-1 3.86393E-1 3.94266E-1 5.90351E-1 5.78482E-1 4.16492E-1 4.09084E-1 4.31049E-1 4.36692E-1 4.0617E-1 4.00321E-1 3.84679E-1 4.11407E-1 3.86687E-1 3.9057E-1 3.75569E-1 3.7419E-1 3.54787E-1 5.44886E-1 3.53223E-1 4.99336E-1 3.5197E-1 3.53733E-1 3.45084E-1 4.55966E-1 5.70185E-1 6.62573E-1 7.00792E-1 4.72065E-1 3.31646E-1 2.65925E-1
5.50423E-1 4.91624E-1 4.84584E-1 7.01558E-1 5.85724E-1 4.38301E-1 4.75871E-1 4.3479E-1 4.22438E-1 4.30166E-1 4.27439E-1 4.23863E-1 4.59892E-1 4.06092E-1 4.13589E-1 4.05467E-1 3.95055E-1 4.05422E-1 4.17288E-1 3.99493E-1 3.89853E-1 3.89618E-1 3.81601E-1 3.86342E-1 3.8946E-1 3.77384E-1 3.74387E-1 3.69461E-1 3.61449E-1 3.65242E-1 3.68575E-1 3.71481E-1 3.74013E-1 6.38535E-1 6.60076E-1 3.85022E-1 4.00509E-1 4.01241E-1 3.915E-1 4.0047E-1 4.12388E-1 3.97411E-1 3.94382E-1 3.97244E-1 3.79599E-1 3.74079E-1 3.60566E-1 3.59988E-1 3.43598E-1 4.49776E-1 3.55469E-1 3.37969E-1 3.55434E-1 3.57114E-1 3.83269E-1 4.67815E-1 5.34504E-1 6.83236E-1 3.23501E-1 3.28533E-1 2.87056E-1
5.35735E-1 5.10672E-1 4.6287E-1 5.18187E-1 5.26119E-1 4.6124E-1 6.93762E-1 4.85904E-1 4.16221E-1 4.04016E-1 4.12885E-1 3.83605E-1 3.97189E-1 3.95958E-1 4.12797E-1 4.09169E-1 4.08776E-1 4.06489E-1 4.02911E-1 4.05413E-1 3.75458E-1 3.71299E-1 3.7347E-1 3.74778E-1 3.63996E-1 3.61641E-1 3.65283E-1 3.60027E-1 3.40447E-1 3.35553E-1 3.36317E-1 3.5303E-1 3.62607E-1 4.17329E-1 6.74857E-1 3.6749E-1 3.6981E-1 4.95602E-1 3.97938E-1 4.40066E-1 4.12229E-1 4.15441E-1 3.98555E-1 3.89843E-1 3.70998E-1 3.81545E-1 4.20189E-1 3.4703E-1 3.39861E-1 4.0303E-1 3.43308E-1 3.31347E-1 3.21964E-1 3.44298E-1 3.76007E-1 4.67421E-1 5.31539E-1 7.07904E-1 3.51835E-1 3.06607E-1 3.43329E-1
6.07818E-1 4.46931E-1 4.57115E-1 4.59675E-1 4.44324E-1 4.32071E-1 5.74477E-1 5.99574E-1 5.82061E-1 4.07199E-1 3.98095E-1 3.94986E-1 3.97014E-1 3.94822E-1 3.85858E-1 3.89367E-1 3.81841E-1 3.79685E-1 3.84134E-1 3.77942E-1 3.44862E-1 3.56683E-1 3.43465E-1 3.49846E-1 3.48924E-1 3.1472E-1 3.23023E-1 2.90058E-1 3.12179E-1 3.32169E-1 3.20317E-1 3.53969E-1 3.45284E-1 3.39023E-1 6.53272E-1 3.6985E-1 3.74871E-1 3.66855E-1 3.75485E-1 4.11407E-1 4.15071E-1 4.09073E-1 4.02857E-1 3.91016E-1 3.65313E-1 3.60916E-1 3.91145E-1 3.36218E-1 3.43033E-1 3.42613E-1 3.40427E-1 3.40561E-1 3.32897E-1 4.13096E-1 5.19737E-1 5.486E-1 3.68325E-1 3.39426E-1 3.22251E-1 3.11372E-1 3.5408E-1
7.10444E-1 6.63997E-1 4.27203E-1 4.77397E-1 4.34863E-1 5.06575E-1 4.78546E-1 6.02083E-1 4.34992E-1 4.04559E-1 3.76953E-1 3.63762E-1 3.74511E-1 3.84589E-1 3.83909E-1 3.68019E-1 3.90641E-1 3.64596E-1 3.6395E-1 3.63024E-1 3.4121E-1 3.38557E-1 3.56177E-1 3.71169E-1 3.6355E-1 3.44133E-1 3.59329E-1 3.55911E-1 3.32898E-1 3.58133E-1 3.68377E-1 3.40163E-1 3.35521E-1 3.47826E-1 6.34222E-1 3.50102E-1 3.5755E-1 3.76754E-1 3.73684E-1 3.92174E-1 4.02789E-1 4.02149E-1 3.92844E-1 3.7756E-1 3.67091E-1 3.58255E-1 3.48254E-1 3.4088E-1 3.39329E-1 3.42124E-1 3.33363E-1 3.39116E-1 3.33683E-1 4.02128E-1 4.07984E-1 4.23212E-1 4.90184E-1 5.36546E-1 3.97148E-1 3.12124E-1 3.19695E-1
6.91872E-1 6.76489E-1 5.91072E-1 5.20655E-1 4.60771E-1 4.60534E-1 4.36897E-1 4.4678E-1 5.19016E-1 4.28539E-1 3.80357E-1 3.65881E-1 3.87493E-1 3.88901E-1 3.87255E-1 3.88633E-1 3.86213E-1 3.71323E-1 3.60136E-1 3.49497E-1 3.45268E-1 3.47318E-1 3.48565E-1 3.63152E-1 3.6107E-1 3.69929E-1 3.6368E-1 3.4692E-1 3.5938E-1 3.57219E-1 3.24338E-1 3.43626E-1 3.27438E-1 6.53266E-1 6.05226E-1 3.73028E-1 3.75701E-1 3.73376E-1 3.67354E-1 3.76193E-1 3.84374E-1 3.80946E-1 3.89909E-1 3.79142E-1 3.64788E-1 3.64067E-1 3.59125E-1 3.41957E-1 3.3684E-1 3.38048E-1 3.33283E-1 3.32902E-1 3.37874E-1 3.47672E-1 4.65777E-1 4.05867E-1 4.07143E-1 6.07084E-1 4.2591E-1 3.23634E-1 3.07999E-1
6.86754E-1 6.49106E-1 6.66863E-1 6.89502E-1 4.53703E-1 3.76645E-1 4.77185E-1 3.62058E-1 3.64131E-1 4.39113E-1 3.90631E-1 3.50419E-1 3.68665E-1 3.55683E-1 3.67012E-1 3.68524E-1 3.6914E-1 3.67929E-1 3.6547E-1 3.53436E-1 3.38386E-1 3.5325E-1 3.55011E-1 3.55965E-1 3.55281E-1 3.63344E-1 3.56572E-1 3.34066E-1 3.13986E-1 3.21472E-1 2.87833E-1 3.01515E-1 3.05982E-1 6.12646E-1 3.51126E-1 3.55627E-1 3.58055E-1 3.67606E-1 3.89325E-1 3.68823E-1 3.92153E-1 3.82864E-1 3.88561E-1 3.7166E-1 3.59649E-1 3.59267E-1 3.60827E-1 3.39951E-1 3.51774E-1 3.28823E-1 3.25737E-1 3.26449E-1 3.3231E-1 3.33107E-1 4.77495E-1 4.22251E-1 3.91989E-1 4.35774E-1 6.24884E-1 5.54306E-1 3.15472E-1
6.90513E-1 6.46001E-1 6.01145E-1 6.49497E-1 5.52184E-1 4.07679E-1 3.07206E-1 4.61677E-1 3.33183E-1 3.67002E-1 3.41855E-1 3.55133E-1 3.73488E-1 3.57327E-1 3.32789E-1 3.47458E-1 3.46267E-1 3.58917E-1 3.61021E-1 3.59301E-1 3.35116E-1 3.32254E-1 3.40149E-1 3.48472E-1 3.38947E-1 3.40263E-1 3.24248E-1 3.27716E-1 2.97806E-1 3.70762E-1 5.08062E-1 7.23532E-1 5.94914E-1 5.9174E-1 3.37952E-1 3.40739E-1 3.3633E-1 3.81601E-1 4.36959E-1 3.71418E-1 3.71428E-1 3.81455E-1 3.86841E-1 3.74079E-1 3.6115E-1 3.54463E-1 3.56712E-1 3.96958E-1 3.87061E-1 3.29206E-1 3.14065E-1 3.18946E-1 3.28137E-1 3.20343E-1 4.4509E-1 4.63847E-1 3.70419E-1 3.48431E-1 4.08328E-1 4.41082E-1 3.0963E-1
