Candidate_Models_July82022/M_0.2_F_lqp_Set_1_cal/Bison.asc
ncols         290
nrows         380
xllcorner     -2197417.7431653
yllcorner     -584827.01486885
cellsize      10000.0
NODATA_value  -9999
[rows 162 to 188 of 380, columns 183 to 243 of 290]
5.98868E-2 5.77065E-2 5.27721E-2 4.84991E-2 4.40024E-2 4.06911E-2 1.94971E-2 2.28138E-2 3.53521E-2 4.47437E-2 4.30452E-2 3.64814E-2 2.73931E-2 1.92323E-2 2.63053E-2 2.20197E-2 1.76254E-2 1.94091E-2 1.82991E-2 2.44608E-2 2.39793E-2 2.41252E-2 2.33824E-2 2.47004E-2 2.43677E-2 2.39502E-2 2.6322E-2 2.39302E-2 3.30688E-2 3.16143E-2 2.35876E-2 3.04642E-2 3.28445E-2 2.51637E-2 2.80207E-2 2.56415E-2 2.05643E-2 1.96851E-2 1.25097E-2 1.48958E-2 1.09433E-2 8.30136E-3 1.38376E-2 1.73847E-2 1.55443E-2 1.31801E-2 1.55445E-2 1.52663E-2 1.17612E-2 1.43373E-2 1.16474E-2 1.04647E-2 8.98236E-3 9.62569E-3 8.81983E-3 1.26008E-2 1.12724E-2 1.06632E-2 8.53106E-3 8.63119E-3 8.47433E-3
4.83687E-2 5.79662E-2 5.16588E-2 4.86519E-2 3.90057E-2 4.56817E-2 3.85409E-2 2.80866E-2 4.05402E-2 5.12354E-2 4.55076E-2 3.99514E-2 3.52975E-2 3.1952E-2 2.92885E-2 2.54943E-2 2.4009E-2 2.02736E-2 1.62081E-2 1.88659E-2 1.58027E-2 2.3974E-2 2.52847E-2 1.84379E-2 1.09353E-2 2.13079E-2 2.06848E-2 2.69206E-2 3.1417E-2 2.58257E-2 2.64813E-2 2.9896E-2 2.32049E-2 2.38977E-2 2.25204E-2 2.89782E-2 1.63539E-2 1.27236E-2 2.22685E-2 1.24972E-2 9.26518E-3 9.41545E-3 1.6947E-2 2.10645E-2 1.21341E-2 1.68341E-2 1.17466E-2 9.14465E-3 1.4719E-2 1.40345E-2 1.36476E-2 1.42112E-2 1.34531E-2 1.54923E-2 1.33238E-2 1.30935E-2 8.61458E-3 1.00318E-2 7.56914E-3 7.61631E-3 9.16971E-3
7.64129E-2 5.79845E-2 5.24005E-2 4.04513E-2 5.27562E-2 4.901E-2 4.90685E-2 4.979E-2 4.92592E-2 4.63878E-2 4.43529E-2 4.10262E-2 3.87401E-2 3.48105E-2 2.40617E-2 2.52218E-2 2.10817E-2 2.26625E-2 2.07928E-2 1.50214E-2 1.88256E-2 2.74311E-2 2.84523E-2 1.54792E-2 1.26031E-2 2.88696E-2 2.17559E-2 2.08165E-2 2.47472E-2 3.29407E-2 2.67218E-2 3.49192E-2 2.69008E-2 2.79662E-2 2.34314E-2 2.03921E-2 1.14228E-2 1.34644E-2 1.30694E-2 1.62809E-2 1.3938E-2 1.37791E-2 1.36191E-2 1.24436E-2 1.38671E-2 1.63308E-2 1.63073E-2 1.88491E-2 1.6474E-2 1.49533E-2 1.54599E-2 1.45978E-2 1.66664E-2 1.46986E-2 1.74338E-2 1.31491E-2 1.13927E-2 1.21742E-2 1.23646E-2 7.25176E-3 8.53311E-3
6.54367E-2 5.68306E-2 5.16616E-2 4.625E-2 4.97737E-2 4.84855E-2 5.11341E-2 4.77965E-2 4.84151E-2 4.64826E-2 4.44817E-2 4.55704E-2 3.61431E-2 2.96221E-2 2.80142E-2 4.17415E-2 2.89988E-2 3.30146E-2 2.56231E-2 1.85299E-2 1.99027E-2 2.86317E-2 2.72691E-2 2.23337E-2 2.3311E-2 2.99019E-2 2.81073E-2 2.95893E-2 2.80755E-2 3.66211E-2 3.31282E-2 2.47039E-2 2.69188E-2 2.56003E-2 2.69723E-2 2.50599E-2 1.4329E-2 1.60253E-2 2.22458E-2 2.01528E-2 2.21988E-2 1.78838E-2 1.20977E-2 1.05064E-2 1.66148E-2 1.88532E-2 1.69672E-2 1.51845E-2 1.6786E-2 1.4736E-2 1.61113E-2 1.28571E-2 1.37298E-2 1.8547E-2 2.0058E-2 1.49785E-2 1.70007E-2 1.74078E-2 9.52394E-3 9.12445E-3 8.11126E-3
6.96841E-2 6.48722E-2 6.24219E-2 4.43183E-2 5.34689E-2 5.30791E-2 4.96231E-2 4.83244E-2 4.4968E-2 4.91974E-2 4.24417E-2 3.94334E-2 3.79336E-2 3.75134E-2 3.2871E-2 4.06384E-2 2.90391E-2 3.66885E-2 2.87541E-2 3.012E-2 2.88495E-2 2.82991E-2 2.90108E-2 3.18777E-2 2.76726E-2 2.70596E-2 2.81956E-2 2.76356E-2 2.60219E-2 2.32426E-2 2.22114E-2 1.90891E-2 2.15618E-2 2.64251E-2 2.46745E-2 2.26591E-2 1.96047E-2 2.27053E-2 2.40357E-2 2.51877E-2 2.13081E-2 2.29644E-2 1.91206E-2 1.70253E-2 1.96953E-2 2.07264E-2 1.70552E-2 1.1054E-2 1.28798E-2 1.27207E-2 1.29305E-2 1.73579E-2 1.80765E-2 2.08108E-2 2.16016E-2 1.27758E-2 2.16228E-2 1.31707E-2 1.01634E-2 1.17469E-2 1.05023E-2
3.99781E-2 5.13457E-2 5.96721E-2 5.71383E-2 5.87041E-2 5.59081E-2 4.57422E-2 4.4483E-2 4.39755E-2 4.19566E-2 3.81645E-2 3.78757E-2 4.00958E-2 3.58353E-2 3.24836E-2 3.0218E-2 2.93413E-2 2.60358E-2 3.20101E-2 2.75274E-2 2.94712E-2 3.30659E-2 2.26424E-2 2.25445E-2 1.91744E-2 2.67746E-2 2.42509E-2 2.14448E-2 2.90052E-2 2.63407E-2 2.74295E-2 2.57851E-2 1.9428E-2 2.00893E-2 1.81951E-2 2.51774E-2 2.84599E-2 2.10521E-2 1.95734E-2 2.26264E-2 2.26697E-2 1.55535E-2 2.00309E-2 1.72109E-2 1.46548E-2 1.51152E-2 1.2527E-2 9.35964E-3 9.49505E-3 9.39261E-3 9.90524E-3 1.6048E-2 1.32117E-2 1.51474E-2 1.22444E-2 1.39488E-2 1.15609E-2 1.21559E-2 1.27657E-2 1.3213E-2 1.07716E-2
3.52484E-2 4.63222E-2 8.69852E-2 7.52223E-2 6.13108E-2 5.54328E-2 5.04853E-2 4.7451E-2 4.02325E-2 3.82468E-2 3.3537E-2 4.1036E-2 3.88214E-2 3.37024E-2 3.01398E-2 3.08005E-2 3.53442E-2 2.31054E-2 2.33511E-2 3.02984E-2 3.59877E-2 2.75047E-2 2.61876E-2 2.58549E-2 2.745E-2 2.91814E-2 3.14843E-2 2.59173E-2 3.27517E-2 2.22953E-2 2.77882E-2 2.8582E-2 2.31358E-2 1.9857E-2 2.35293E-2 2.8645E-2 2.25481E-2 1.77176E-2 1.66444E-2 2.08697E-2 1.43308E-2 1.57191E-2 2.0709E-2 2.29672E-2 2.1684E-2 1.62176E-2 1.53865E-2 1.60397E-2 2.05047E-2 1.55242E-2 1.7432E-2 1.47444E-2 8.82726E-3 1.06957E-2 1.38117E-2 1.13828E-2 1.79368E-2 1.35964E-2 1.03448E-2 1.44897E-2 1.331E-2
4.33542E-2 4.6828E-2 7.65388E-2 7.9273E-2 7.37775E-2 7.56406E-2 6.2791E-2 4.96729E-2 5.00756E-2 3.25503E-2 3.04902E-2 3.67329E-2 3.72531E-2 3.47508E-2 2.76088E-2 2.5012E-2 2.4292E-2 2.58907E-2 3.12836E-2 2.96887E-2 3.26137E-2 3.16485E-2 3.16491E-2 3.20216E-2 2.76601E-2 3.04005E-2 2.64927E-2 2.91356E-2 2.58238E-2 2.55699E-2 3.04686E-2 2.91804E-2 2.06807E-2 2.24655E-2 2.55927E-2 2.72388E-2 2.74618E-2 1.95069E-2 1.56457E-2 2.63287E-2 2.15623E-2 2.09227E-2 2.43783E-2 2.44733E-2 2.2831E-2 1.94915E-2 1.33405E-2 2.28671E-2 2.18635E-2 2.12388E-2 1.84648E-2 1.73811E-2 1.68282E-2 1.38719E-2 1.73347E-2 1.53012E-2 1.566E-2 1.03067E-2 1.04861E-2 1.09999E-2 1.85076E-2
4.76137E-2 1.00076E-1 1.09706E-1 7.65904E-2 7.98268E-2 6.21712E-2 5.63148E-2 5.35539E-2 4.86183E-2 5.44958E-2 3.42252E-2 3.94207E-2 3.68394E-2 3.51598E-2 3.94911E-2 3.52022E-2 3.12901E-2 2.84833E-2 3.24409E-2 3.19118E-2 3.35244E-2 3.0491E-2 3.25836E-2 3.09266E-2 2.50285E-2 2.95856E-2 2.49203E-2 1.95668E-2 2.27353E-2 2.68596E-2 2.98048E-2 2.97794E-2 3.21802E-2 2.34561E-2 2.66444E-2 2.9554E-2 2.46266E-2 2.34747E-2 2.42426E-2 2.59925E-2 3.00623E-2 2.98676E-2 2.44218E-2 2.36039E-2 2.19267E-2 2.05336E-2 1.39872E-2 1.71107E-2 1.9286E-2 1.80369E-2 1.45844E-2 1.48461E-2 1.24226E-2 1.41194E-2 1.68817E-2 1.60939E-2 1.85782E-2 1.80011E-2 1.15385E-2 1.09339E-2 1.76318E-2
7.76916E-2 9.01403E-2 8.10152E-2 7.02842E-2 5.87592E-2 3.30956E-2 3.21701E-2 4.20395E-2 4.211E-2 3.33171E-2 3.54473E-2 3.93377E-2 3.80093E-2 3.90775E-2 4.25058E-2 4.27393E-2 4.12167E-2 3.44107E-2 2.86112E-2 2.91063E-2 2.71464E-2 3.46878E-2 3.32697E-2 2.05518E-2 2.57002E-2 3.72512E-2 3.41353E-2 3.03383E-2 2.97935E-2 2.73522E-2 2.95358E-2 3.44433E-2 2.75813E-2 2.58823E-2 2.88E-2 3.53126E-2 3.03851E-2 3.07987E-2 2.1965E-2 2.6072E-2 2.2529E-2 2.78619E-2 2.29931E-2 2.85621E-2 2.07879E-2 2.18418E-2 1.61874E-2 1.6409E-2 1.90346E-2 1.66294E-2 1.54483E-2 1.58639E-2 1.65894E-2 1.70319E-2 1.64392E-2 1.62552E-2 1.92346E-2 2.07226E-2 2.15865E-2 2.06497E-2 2.61636E-2
7.44509E-2 9.04412E-2 8.73593E-2 7.61309E-2 5.21005E-2 3.61015E-2 4.50124E-2 5.0175E-2 3.74038E-2 3.99497E-2 3.64346E-2 3.61876E-2 3.73341E-2 3.92791E-2 4.15897E-2 4.3464E-2 3.51013E-2 2.97009E-2 2.70963E-2 2.48981E-2 2.79905E-2 3.21743E-2 2.81314E-2 2.46539E-2 3.11113E-2 2.24294E-2 3.63123E-2 3.15911E-2 2.61163E-2 2.77187E-2 3.2444E-2 3.2805E-2 3.07104E-2 2.19365E-2 2.8536E-2 2.71078E-2 1.55425E-2 2.93787E-2 2.92136E-2 2.77464E-2 2.34701E-2 2.57883E-2 2.57772E-2 2.45634E-2 2.22236E-2 1.40093E-2 2.12801E-2 2.02243E-2 1.77643E-2 1.59677E-2 1.7192E-2 1.82513E-2 1.75926E-2 1.405E-2 1.68727E-2 2.05729E-2 1.93797E-2 1.79591E-2 2.17975E-2 2.13444E-2 2.17453E-2
5.3642E-2 7.54036E-2 7.10024E-2 8.95914E-2 5.28985E-2 3.75454E-2 3.79328E-2 6.6065E-2 4.87104E-2 4.79744E-2 3.31407E-2 3.76556E-2 3.68931E-2 4.22844E-2 4.39631E-2 4.19718E-2 3.81222E-2 2.97999E-2 2.566E-2 3.07806E-2 3.06692E-2 3.22216E-2 3.04697E-2 2.59611E-2 3.44953E-2 2.75045E-2 3.35302E-2 3.1396E-2 2.42492E-2 2.33251E-2 2.94006E-2 3.38272E-2 2.39768E-2 2.56764E-2 2.48145E-2 2.45442E-2 2.55207E-2 2.76094E-2 2.32137E-2 2.92098E-2 2.14658E-2 2.47931E-2 2.31183E-2 2.18038E-2 2.39645E-2 1.69147E-2 1.5774E-2 1.49471E-2 1.86722E-2 1.67905E-2 1.63246E-2 1.63731E-2 1.65142E-2 1.63988E-2 1.83048E-2 1.42834E-2 1.58109E-2 2.15464E-2 2.11794E-2 2.2771E-2 2.22535E-2
4.55939E-2 8.75686E-2 9.7784E-2 7.2373E-2 4.11378E-2 4.18537E-2 3.3503E-2 4.0165E-2 4.79026E-2 4.52375E-2 3.87521E-2 3.7237E-2 4.10706E-2 4.29817E-2 4.09083E-2 4.05137E-2 3.29576E-2 3.04345E-2 3.24084E-2 3.23308E-2 3.34551E-2 3.23811E-2 3.37841E-2 3.21542E-2 2.97994E-2 3.31913E-2 3.33661E-2 3.31269E-2 3.63874E-2 3.15742E-2 2.99207E-2 2.30545E-2 1.98839E-2 2.54842E-2 2.45869E-2 2.53189E-2 2.85213E-2 2.75276E-2 2.83207E-2 2.74515E-2 2.68142E-2 2.15795E-2 2.43154E-2 2.1386E-2 2.37261E-2 2.3876E-2 1.85726E-2 1.89178E-2 1.84315E-2 1.59376E-2 1.77927E-2 1.79427E-2 2.01695E-2 1.8752E-2 1.55553E-2 1.43524E-2 1.25465E-2 1.70768E-2 1.70355E-2 1.56736E-2 2.19003E-2
6.16695E-2 1.35535E-1 8.65967E-2 5.88913E-2 4.27584E-2 3.79373E-2 3.87617E-2 4.4581E-2 5.32408E-2 4.47499E-2 3.99147E-2 4.13634E-2 3.99992E-2 4.44412E-2 4.5215E-2 4.22383E-2 4.04264E-2 3.44418E-2 3.84731E-2 3.89412E-2 3.50081E-2 2.61641E-2 3.00825E-2 3.56878E-2 3.42788E-2 3.20696E-2 4.17423E-2 3.1719E-2 2.9251E-2 2.95291E-2 2.7066E-2 2.51244E-2 2.11543E-2 2.63895E-2 2.49083E-2 2.64957E-2 2.88008E-2 3.14294E-2 2.72919E-2 3.0198E-2 2.79496E-2 2.39735E-2 2.40619E-2 2.10741E-2 2.29256E-2 2.2679E-2 2.16728E-2 2.12986E-2 1.88066E-2 1.43986E-2 1.77137E-2 1.77495E-2 1.80775E-2 1.79185E-2 1.55123E-2 1.71058E-2 1.70831E-2 2.23077E-2 2.00184E-2 1.85106E-2 2.4492E-2
7.56282E-2 1.00753E-1 9.50316E-2 4.77968E-2 4.72215E-2 4.52103E-2 4.74287E-2 5.1006E-2 6.28056E-2 5.10243E-2 4.84796E-2 4.43577E-2 4.19936E-2 4.39274E-2 4.3463E-2 4.07758E-2 3.87762E-2 3.85648E-2 4.1102E-2 3.96915E-2 3.59931E-2 2.56989E-2 3.54406E-2 4.39756E-2 2.96235E-2 3.3529E-2 4.37992E-2 4.07709E-2 3.8786E-2 3.50261E-2 2.91615E-2 2.34354E-2 3.0301E-2 3.56012E-2 2.50192E-2 2.91278E-2 2.39072E-2 3.21821E-2 3.26617E-2 3.14959E-2 2.62942E-2 2.66392E-2 2.61615E-2 2.34959E-2 2.38128E-2 2.28613E-2 2.32876E-2 2.09059E-2 1.87019E-2 1.64938E-2 1.77122E-2 1.92399E-2 1.86792E-2 1.82454E-2 1.5267E-2 1.86416E-2 1.94591E-2 2.08244E-2 2.67182E-2 2.65686E-2 2.51526E-2
1.29032E-1 1.27403E-1 7.48584E-2 6.31319E-2 5.13391E-2 4.98381E-2 6.48957E-2 5.03855E-2 5.08773E-2 5.25177E-2 4.70763E-2 7.36636E-2 6.32044E-2 4.83895E-2 4.36968E-2 3.47369E-2 3.66393E-2 4.00696E-2 3.91165E-2 4.43048E-2 3.46491E-2 3.67147E-2 3.18046E-2 5.06017E-2 3.22331E-2 4.39473E-2 3.68576E-2 3.41855E-2 4.07579E-2 3.05255E-2 3.45225E-2 3.31329E-2 3.06636E-2 3.12878E-2 2.96394E-2 2.66747E-2 3.34747E-2 3.33671E-2 3.1351E-2 2.71302E-2 3.26211E-2 2.53588E-2 2.55283E-2 2.76704E-2 2.41373E-2 2.16048E-2 2.19704E-2 2.0311E-2 1.98117E-2 1.93484E-2 1.87541E-2 1.80425E-2 1.86738E-2 1.85836E-2 2.035E-2 1.48542E-2 2.12912E-2 1.97305E-2 2.1293E-2 1.78927E-2 1.81515E-2
9.59553E-2 9.47894E-2 8.38245E-2 6.96468E-2 6.17808E-2 6.78559E-2 6.23635E-2 5.62113E-2 5.36322E-2 5.38254E-2 7.00747E-2 3.53571E-2 5.80431E-2 4.57367E-2 4.12167E-2 4.27692E-2 4.12919E-2 3.77842E-2 4.11047E-2 4.09714E-2 3.69347E-2 3.31765E-2 3.70573E-2 4.01173E-2 2.93655E-2 4.18134E-2 3.6074E-2 3.39247E-2 4.05568E-2 3.5565E-2 3.07877E-2 3.1298E-2 2.90406E-2 2.8224E-2 2.76932E-2 2.54208E-2 2.87481E-2 3.45777E-2 3.47459E-2 2.53982E-2 2.69893E-2 2.59847E-2 2.5669E-2 2.49492E-2 2.14966E-2 2.1931E-2 2.09847E-2 2.18134E-2 2.06115E-2 2.00875E-2 1.99235E-2 1.93298E-2 1.95114E-2 1.65665E-2 1.98031E-2 1.40737E-2 1.33164E-2 1.66217E-2 1.91428E-2 2.21518E-2 2.08162E-2
7.77093E-2 6.32704E-2 9.1191E-2 7.32566E-2 6.34972E-2 7.1427E-2 6.85625E-2 6.2154E-2 6.11987E-2 5.86804E-2 5.43661E-2 7.51528E-2 4.31398E-2 4.55501E-2 4.05923E-2 4.39065E-2 4.50726E-2 3.96476E-2 4.08879E-2 4.49374E-2 4.44235E-2 3.68774E-2 3.04983E-2 4.15447E-2 2.95727E-2 2.88194E-2 2.53671E-2 3.38608E-2 3.9901E-2 3.91732E-2 3.2705E-2 2.9846E-2 3.18801E-2 3.25745E-2 3.30601E-2 2.83746E-2 3.48472E-2 3.77316E-2 2.54251E-2 2.57177E-2 2.74009E-2 2.54522E-2 2.371E-2 2.30396E-2 2.57247E-2 2.36165E-2 2.44492E-2 1.99101E-2 2.15193E-2 2.13632E-2 1.97464E-2 1.86461E-2 2.33448E-2 1.3615E-2 1.83126E-2 1.67922E-2 1.39365E-2 1.56115E-2 2.11222E-2 2.65763E-2 2.55169E-2
7.19702E-2 7.52712E-2 8.92882E-2 9.20673E-2 1.20697E-1 1.08236E-1 6.64656E-2 6.77388E-2 5.99341E-2 5.97245E-2 6.4094E-2 4.9737E-2 4.32699E-2 5.09208E-2 4.27144E-2 4.17984E-2 4.34506E-2 4.01588E-2 4.76369E-2 4.20258E-2 4.5722E-2 3.53237E-2 2.89094E-2 3.33172E-2 3.38063E-2 2.8768E-2 3.61706E-2 3.72636E-2 4.21494E-2 3.50151E-2 3.41782E-2 3.49321E-2 3.39391E-2 4.24827E-2 2.89964E-2 3.33471E-2 3.44695E-2 3.48367E-2 2.9094E-2 2.80621E-2 2.69659E-2 2.59354E-2 2.42774E-2 2.41974E-2 2.71108E-2 2.57671E-2 2.55178E-2 2.10125E-2 2.33733E-2 1.70298E-2 1.86008E-2 1.97983E-2 2.22102E-2 1.83593E-2 2.16719E-2 1.76472E-2 1.63193E-2 1.96225E-2 2.20783E-2 2.52016E-2 2.83429E-2
9.53E-2 9.87629E-2 9.6937E-2 9.55528E-2 1.23155E-1 9.26273E-2 7.26937E-2 7.14007E-2 9.95502E-2 6.81911E-2 6.34627E-2 5.75851E-2 4.89434E-2 4.96608E-2 4.65298E-2 4.45963E-2 4.62916E-2 3.94302E-2 4.10235E-2 3.53504E-2 4.10048E-2 3.03392E-2 3.17599E-2 3.02063E-2 3.1758E-2 3.35262E-2 4.36678E-2 4.21318E-2 4.30102E-2 3.55469E-2 3.7247E-2 3.58574E-2 3.69094E-2 3.53073E-2 3.68442E-2 3.2012E-2 3.45997E-2 2.73813E-2 2.83952E-2 3.45214E-2 2.96947E-2 2.33217E-2 2.71266E-2 2.24761E-2 2.60862E-2 2.3102E-2 2.10948E-2 2.13264E-2 2.24755E-2 2.159E-2 2.16675E-2 1.99877E-2 1.84586E-2 1.5074E-2 2.04986E-2 1.92475E-2 2.04561E-2 2.18926E-2 2.26615E-2 2.30896E-2 3.20181E-2
1.07528E-1 1.07685E-1 1.08975E-1 1.04274E-1 8.99053E-2 9.64149E-2 7.61305E-2 9.24503E-2 9.15318E-2 8.4108E-2 6.09844E-2 6.29937E-2 5.29862E-2 5.25746E-2 4.48166E-2 4.72118E-2 4.43897E-2 4.89552E-2 4.60541E-2 3.88937E-2 3.87955E-2 3.29752E-2 3.10388E-2 2.89825E-2 3.8523E-2 4.85673E-2 4.93557E-2 4.36009E-2 4.21845E-2 4.99685E-2 3.92996E-2 4.05574E-2 4.11902E-2 4.00299E-2 3.58268E-2 3.67936E-2 3.26291E-2 3.38911E-2 3.30883E-2 3.16413E-2 2.77047E-2 2.41739E-2 2.273E-2 2.01196E-2 2.60019E-2 2.07324E-2 1.80019E-2 1.99292E-2 1.90306E-2 2.27618E-2 2.35576E-2 2.32881E-2 1.76713E-2 1.70187E-2 1.94679E-2 1.81095E-2 1.40716E-2 1.81188E-2 3.51724E-2 3.75154E-2 2.56854E-2
1.11873E-1 1.10147E-1 1.61552E-1 1.45469E-1 1.02544E-1 9.40382E-2 7.96544E-2 1.09774E-1 9.21701E-2 7.65282E-2 6.97061E-2 5.3545E-2 5.70436E-2 5.80395E-2 4.09527E-2 4.92204E-2 4.84255E-2 4.87903E-2 5.15726E-2 4.35526E-2 4.21309E-2 4.19637E-2 3.17896E-2 3.74237E-2 4.61806E-2 4.87996E-2 4.64995E-2 4.52181E-2 4.01866E-2 4.29545E-2 4.11259E-2 3.82589E-2 4.20078E-2 3.64832E-2 3.63233E-2 3.38209E-2 3.621E-2 3.52095E-2 3.22972E-2 3.10459E-2 2.83081E-2 2.24192E-2 1.93748E-2 2.11985E-2 2.56642E-2 2.66035E-2 1.66629E-2 2.36146E-2 2.48717E-2 2.28172E-2 2.29648E-2 2.20703E-2 2.35028E-2 2.16892E-2 2.25873E-2 2.10135E-2 1.61141E-2 2.63011E-2 2.48924E-2 2.68392E-2 2.11053E-2
1.18569E-1 1.41729E-1 1.7637E-1 1.13003E-1 1.00868E-1 9.19817E-2 8.85175E-2 7.37556E-2 8.75614E-2 6.56883E-2 6.46912E-2 6.95037E-2 5.82023E-2 6.11588E-2 5.9103E-2 4.94403E-2 4.87651E-2 5.24521E-2 5.64034E-2 5.23401E-2 4.67634E-2 4.21301E-2 3.32523E-2 3.48805E-2 4.72846E-2 5.06422E-2 4.99578E-2 3.98299E-2 4.45264E-2 3.74128E-2 3.66342E-2 3.76301E-2 4.20655E-2 3.97066E-2 3.06294E-2 3.38855E-2 3.0623E-2 3.07611E-2 3.19134E-2 3.33425E-2 2.79932E-2 2.76092E-2 2.74768E-2 2.53508E-2 2.78665E-2 2.50362E-2 1.7104E-2 1.7599E-2 2.57708E-2 2.58654E-2 2.6123E-2 2.1544E-2 2.16584E-2 2.00061E-2 2.11573E-2 2.12806E-2 1.4924E-2 2.76013E-2 2.47955E-2 2.41319E-2 -9999
1.42367E-1 1.16732E-1 1.07151E-1 1.12104E-1 1.05592E-1 9.50938E-2 8.42307E-2 8.03647E-2 7.47983E-2 6.3659E-2 6.90085E-2 6.43739E-2 5.84709E-2 5.99633E-2 5.65997E-2 5.57459E-2 5.27833E-2 5.37916E-2 5.54723E-2 6.30299E-2 5.49621E-2 4.20248E-2 3.54652E-2 3.25212E-2 3.76832E-2 4.33056E-2 4.50983E-2 4.22235E-2 4.00618E-2 4.72166E-2 3.65925E-2 4.02772E-2 4.58873E-2 4.09414E-2 3.17333E-2 2.72445E-2 2.413E-2 3.76977E-2 2.60087E-2 2.56892E-2 2.82898E-2 3.6146E-2 3.00705E-2 3.12404E-2 2.8562E-2 2.4028E-2 1.92493E-2 2.36935E-2 2.49783E-2 2.33059E-2 2.62299E-2 2.27438E-2 2.55064E-2 2.25593E-2 2.17899E-2 2.2799E-2 2.37392E-2 2.11226E-2 2.46142E-2 2.14027E-2 -9999
1.54219E-1 1.83572E-1 1.06691E-1 1.00322E-1 9.44547E-2 8.70623E-2 8.35832E-2 7.88159E-2 7.76804E-2 7.20137E-2 7.04337E-2 6.70627E-2 6.05118E-2 5.90347E-2 6.61859E-2 5.6078E-2 5.09537E-2 5.38055E-2 5.12391E-2 6.42927E-2 5.89737E-2 4.4186E-2 4.26268E-2 4.26791E-2 3.96347E-2 3.39017E-2 4.86773E-2 4.65437E-2 5.86622E-2 5.09374E-2 4.5565E-2 4.19877E-2 4.76336E-2 3.71251E-2 2.82426E-2 3.60641E-2 3.83935E-2 4.00813E-2 2.47242E-2 3.34158E-2 3.75734E-2 3.48877E-2 3.22889E-2 3.31604E-2 3.02308E-2 2.51317E-2 2.4308E-2 2.35804E-2 2.47151E-2 2.67555E-2 2.3381E-2 2.25447E-2 2.69644E-2 2.08449E-2 2.07782E-2 2.16964E-2 2.015E-2 2.42775E-2 2.48764E-2 1.7246E-2 -9999
9.8688E-2 1.09405E-1 1.09156E-1 9.68829E-2 9.51627E-2 8.78202E-2 1.03128E-1 8.51987E-2 8.66823E-2 7.4875E-2 6.85306E-2 6.47652E-2 6.04189E-2 5.76635E-2 6.15993E-2 5.9825E-2 5.90853E-2 5.38228E-2 5.45117E-2 5.99807E-2 6.60654E-2 4.94443E-2 4.76709E-2 5.10633E-2 5.20099E-2 5.1344E-2 4.42732E-2 3.98788E-2 5.46145E-2 4.48499E-2 4.8701E-2 3.77647E-2 3.95732E-2 3.78045E-2 4.27823E-2 4.91348E-2 4.2627E-2 4.19721E-2 3.27438E-2 3.86802E-2 3.73545E-2 3.77027E-2 3.42561E-2 3.23118E-2 2.77327E-2 2.34834E-2 2.74628E-2 2.69999E-2 2.46238E-2 2.42405E-2 2.02769E-2 2.08706E-2 1.99642E-2 2.1666E-2 1.89098E-2 2.08243E-2 2.45755E-2 2.60828E-2 2.34671E-2 2.18208E-2 -9999
1.0825E-1 1.08438E-1 1.07369E-1 1.11142E-1 9.06598E-2 1.27364E-1 9.7659E-2 8.48771E-2 8.73236E-2 7.66035E-2 7.1713E-2 7.38861E-2 6.59586E-2 6.10099E-2 5.85873E-2 5.61553E-2 5.72733E-2 6.81482E-2 5.22565E-2 5.65153E-2 6.0858E-2 5.22017E-2 4.51228E-2 5.20433E-2 4.0664E-2 4.68766E-2 4.34112E-2 4.44786E-2 4.65427E-2 4.66729E-2 3.80852E-2 3.32318E-2 4.94649E-2 4.626E-2 4.01497E-2 4.60978E-2 4.90138E-2 4.37588E-2 4.40366E-2 3.93568E-2 3.32484E-2 3.47358E-2 3.08767E-2 3.08517E-2 2.69936E-2 2.63748E-2 2.83115E-2 2.73911E-2 2.44643E-2 2.08799E-2 2.15727E-2 2.087E-2 2.03263E-2 2.46585E-2 2.4217E-2 2.37289E-2 2.06561E-2 2.26187E-2 2.89769E-2 -9999 -9999
