Candidate_Models_July82022/M_0.2_F_lqp_Set_1_cal/Bison.asc
ncols         290
nrows         380
xllcorner     -2197417.7431653
yllcorner     -584827.01486885
cellsize      10000.0
NODATA_value  -9999
[rows 243 to 269 of 380, columns 183 to 243 of 290]
3.91991E-1 3.54559E-1 3.42108E-1 3.61558E-1 3.74611E-1 3.53295E-1 6.23108E-1 5.94998E-1 6.46054E-1 3.29381E-1 2.49475E-1 2.17621E-1 2.06968E-1 1.87362E-1 2.13526E-1 4.15118E-1 4.32276E-1 3.19669E-1 3.04877E-1 1.90251E-1 1.75039E-1 1.95445E-1 3.48302E-1 3.4461E-1 5.24275E-1 2.68283E-1 2.12777E-1 2.17058E-1 2.17378E-1 3.1865E-1 4.40658E-1 3.57603E-1 4.76181E-1 4.75584E-1 3.92229E-1 4.4845E-1 4.01262E-1 4.00436E-1 4.46364E-1 4.28181E-1 4.00125E-1 3.56336E-1 4.2527E-1 4.03331E-1 3.28675E-1 3.40532E-1 3.35718E-1 3.36441E-1 3.89673E-1 3.7088E-1 2.86238E-1 2.83085E-1 4.07482E-1 3.89083E-1 4.61241E-1 3.52437E-1 3.44515E-1 3.22221E-1 -9999 -9999 -9999
4.39529E-1 4.551E-1 3.67589E-1 3.98893E-1 3.55852E-1 6.48377E-1 4.14298E-1 6.86514E-1 6.49189E-1 6.38379E-1 2.94949E-1 3.08954E-1 2.83364E-1 2.20397E-1 1.7283E-1 2.08981E-1 2.73716E-1 3.24493E-1 2.5493E-1 2.62751E-1 1.78648E-1 2.09345E-1 3.03454E-1 4.33752E-1 3.91397E-1 3.53002E-1 2.08377E-1 2.02739E-1 5.30916E-1 4.02002E-1 3.1853E-1 3.0525E-1 4.9378E-1 3.67397E-1 3.9328E-1 4.38535E-1 3.97935E-1 4.04676E-1 4.30258E-1 4.74946E-1 3.8531E-1 3.8004E-1 3.60284E-1 3.76111E-1 3.65508E-1 3.39715E-1 3.32286E-1 3.295E-1 4.31369E-1 4.25974E-1 3.19905E-1 2.88933E-1 3.81187E-1 3.61714E-1 4.24365E-1 3.74293E-1 3.3906E-1 3.28234E-1 -9999 -9999 -9999
4.40801E-1 3.91526E-1 3.66059E-1 3.57802E-1 4.09343E-1 6.17758E-1 6.88419E-1 5.40345E-1 3.22283E-1 3.21647E-1 2.68219E-1 3.19534E-1 5.44525E-1 3.96082E-1 2.77546E-1 1.9596E-1 1.93112E-1 2.16927E-1 1.78019E-1 2.38831E-1 2.59715E-1 2.31016E-1 3.09812E-1 2.82393E-1 3.38138E-1 2.74477E-1 3.42823E-1 5.15015E-1 3.31738E-1 3.12428E-1 3.09982E-1 3.21635E-1 5.16714E-1 4.92055E-1 4.96911E-1 5.6256E-1 3.97312E-1 4.26665E-1 4.21826E-1 4.82004E-1 4.24393E-1 4.04177E-1 4.05157E-1 3.70412E-1 3.56144E-1 3.83367E-1 3.56482E-1 3.41806E-1 3.87284E-1 3.63919E-1 3.05274E-1 3.17235E-1 3.53447E-1 3.5806E-1 3.38575E-1 3.50204E-1 3.22345E-1 3.22349E-1 3.11629E-1 -9999 -9999
4.66489E-1 4.02833E-1 3.82407E-1 3.66174E-1 5.84352E-1 3.75977E-1 3.61311E-1 3.5951E-1 3.42865E-1 3.0449E-1 2.72468E-1 4.29934E-1 2.79376E-1 5.05178E-1 3.74935E-1 3.39732E-1 1.81349E-1 2.05254E-1 1.80912E-1 2.06712E-1 3.28524E-1 4.38125E-1 3.16156E-1 3.17147E-1 5.55198E-1 5.48616E-1 5.23273E-1 3.53459E-1 3.37152E-1 3.04783E-1 2.98301E-1 2.83354E-1 5.05798E-1 5.27622E-1 4.93431E-1 4.61066E-1 5.3389E-1 3.96896E-1 4.46261E-1 5.98925E-1 4.20241E-1 4.48076E-1 4.47647E-1 4.52581E-1 4.7144E-1 4.83158E-1 5.09171E-1 4.27963E-1 3.28443E-1 3.42516E-1 3.1101E-1 3.07595E-1 3.42885E-1 3.19732E-1 3.31456E-1 3.10041E-1 3.14046E-1 3.12656E-1 3.29865E-1 3.02698E-1 -9999
4.82219E-1 4.48772E-1 4.00546E-1 5.89486E-1 4.2323E-1 3.346E-1 6.13768E-1 4.89212E-1 3.51453E-1 3.47112E-1 3.00432E-1 2.50101E-1 2.45005E-1 2.49816E-1 3.45437E-1 5.84618E-1 4.15436E-1 3.89467E-1 1.97445E-1 2.1252E-1 2.23745E-1 2.0931E-1 1.99293E-1 2.34856E-1 5.61514E-1 3.64307E-1 3.52703E-1 3.53935E-1 3.23016E-1 3.07965E-1 3.03765E-1 2.94393E-1 4.42479E-1 4.93098E-1 5.06839E-1 3.54738E-1 4.19962E-1 4.6304E-1 3.82643E-1 5.63398E-1 4.34953E-1 4.55059E-1 4.50932E-1 4.30223E-1 4.6235E-1 4.56554E-1 5.06043E-1 3.24866E-1 3.15253E-1 3.20553E-1 3.07932E-1 2.92283E-1 2.77382E-1 2.63893E-1 2.75521E-1 2.81508E-1 3.3967E-1 3.18711E-1 3.49911E-1 3.14083E-1 -9999
5.1216E-1 4.54318E-1 4.32168E-1 4.12612E-1 3.64943E-1 4.29631E-1 6.92341E-1 5.87261E-1 3.59188E-1 3.03656E-1 3.49769E-1 2.81181E-1 2.49426E-1 3.50833E-1 2.96909E-1 2.95793E-1 4.50213E-1 5.62439E-1 5.29923E-1 1.998E-1 2.11612E-1 1.97995E-1 2.06787E-1 2.64367E-1 5.04606E-1 4.27939E-1 4.53193E-1 5.37203E-1 3.42244E-1 3.03085E-1 2.84297E-1 2.9657E-1 4.18368E-1 4.4596E-1 5.23533E-1 5.13277E-1 2.86607E-1 4.94067E-1 5.3575E-1 4.8188E-1 4.77195E-1 4.81897E-1 4.5307E-1 4.64383E-1 4.07059E-1 5.67066E-1 4.84612E-1 3.42769E-1 3.28396E-1 3.10239E-1 3.14705E-1 2.85537E-1 2.69035E-1 2.77422E-1 2.464E-1 2.57571E-1 2.56984E-1 2.95527E-1 3.58825E-1 3.22089E-1 -9999
7.02484E-1 4.5085E-1 4.21639E-1 4.11808E-1 3.70775E-1 3.78211E-1 5.55984E-1 4.38235E-1 3.46208E-1 3.74993E-1 3.04665E-1 3.29886E-1 3.24576E-1 4.56392E-1 4.41085E-1 3.29843E-1 3.53562E-1 3.88531E-1 5.6201E-1 2.54765E-1 2.01555E-1 2.00282E-1 1.96104E-1 2.08035E-1 2.99814E-1 4.36301E-1 3.20007E-1 5.20935E-1 3.54693E-1 3.20203E-1 2.87255E-1 2.88451E-1 4.264E-1 2.263E-1 4.0729E-1 3.38949E-1 2.2579E-1 5.32327E-1 4.77347E-1 5.68189E-1 5.99052E-1 5.2903E-1 5.82797E-1 5.38286E-1 4.62013E-1 5.68644E-1 5.43024E-1 4.24104E-1 3.46214E-1 3.1267E-1 3.05865E-1 2.84238E-1 2.86547E-1 3.74676E-1 3.61849E-1 3.49094E-1 2.65064E-1 2.80295E-1 3.04765E-1 2.97922E-1 -9999
6.46754E-1 4.51705E-1 4.21552E-1 4.13802E-1 3.78854E-1 3.54553E-1 5.02182E-1 6.92362E-1 5.92203E-1 4.15083E-1 3.62451E-1 4.30728E-1 4.26117E-1 5.53968E-1 5.80596E-1 4.5872E-1 2.63278E-1 2.61738E-1 3.63961E-1 2.4084E-1 2.03864E-1 2.23056E-1 2.71957E-1 2.06072E-1 3.95414E-1 2.61576E-1 2.71766E-1 3.0859E-1 5.47639E-1 3.18568E-1 3.07105E-1 2.84483E-1 4.18267E-1 2.92367E-1 4.65731E-1 3.6377E-1 2.40074E-1 4.35446E-1 4.98991E-1 5.29856E-1 5.24564E-1 5.38268E-1 5.52409E-1 4.58085E-1 5.13017E-1 6.04567E-1 5.18225E-1 4.99068E-1 4.53697E-1 3.08058E-1 3.06942E-1 3.34255E-1 3.81859E-1 2.85091E-1 3.33153E-1 2.26368E-1 2.45132E-1 3.0917E-1 2.91619E-1 3.23687E-1 -9999
4.98447E-1 4.44866E-1 4.60809E-1 4.05966E-1 3.97921E-1 3.58093E-1 6.6346E-1 6.70007E-1 5.40217E-1 4.07979E-1 4.14388E-1 3.18892E-1 3.58062E-1 5.27974E-1 5.93799E-1 3.7742E-1 2.85595E-1 3.31612E-1 2.67986E-1 2.32763E-1 2.3143E-1 2.51968E-1 2.55581E-1 2.42685E-1 4.90707E-1 5.04542E-1 2.54825E-1 2.58234E-1 5.46964E-1 4.98829E-1 3.23251E-1 4.64439E-1 3.51358E-1 2.4845E-1 2.60785E-1 4.27178E-1 2.09484E-1 5.38354E-1 5.21707E-1 4.26421E-1 5.55642E-1 6.00583E-1 4.86458E-1 4.81838E-1 4.38815E-1 5.83847E-1 5.88054E-1 4.63576E-1 4.51129E-1 3.24208E-1 3.33088E-1 3.44461E-1 3.78191E-1 2.43602E-1 3.63388E-1 2.2844E-1 2.57379E-1 2.88104E-1 2.99641E-1 3.4397E-1 -9999
4.56896E-1 4.47852E-1 6.98942E-1 4.07558E-1 4.0371E-1 3.82582E-1 4.27743E-1 5.66879E-1 4.55966E-1 3.25578E-1 3.53617E-1 3.47821E-1 2.95493E-1 3.24349E-1 3.63933E-1 2.8809E-1 3.03929E-1 3.23809E-1 3.66931E-1 3.8631E-1 2.49081E-1 2.40902E-1 2.66625E-1 2.53048E-1 4.88059E-1 3.59296E-1 3.45373E-1 2.10529E-1 2.18358E-1 3.40744E-1 4.02901E-1 1.97255E-1 1.74193E-1 1.91899E-1 2.21104E-1 2.08746E-1 2.12115E-1 5.1058E-1 3.46067E-1 5.60785E-1 4.56095E-1 5.53397E-1 5.73467E-1 6.08012E-1 5.56557E-1 4.05959E-1 5.49967E-1 5.35505E-1 5.16304E-1 3.2683E-1 3.10454E-1 3.62065E-1 3.24321E-1 2.69516E-1 3.04668E-1 2.36481E-1 3.47876E-1 3.79957E-1 3.94731E-1 3.18574E-1 -9999
6.49346E-1 4.68898E-1 4.45163E-1 4.12632E-1 4.00415E-1 3.85179E-1 3.61955E-1 3.71617E-1 3.59022E-1 3.36254E-1 3.38431E-1 3.61213E-1 3.28044E-1 3.85444E-1 3.40813E-1 2.70255E-1 3.06476E-1 3.48319E-1 2.93664E-1 3.28216E-1 2.61393E-1 2.89584E-1 2.72005E-1 2.86714E-1 2.64542E-1 2.73955E-1 4.26053E-1 2.2856E-1 4.00092E-1 2.28682E-1 2.15849E-1 1.97166E-1 1.78282E-1 1.96719E-1 2.33607E-1 2.27112E-1 2.52417E-1 3.56473E-1 5.3508E-1 5.26471E-1 3.85934E-1 5.27488E-1 5.65486E-1 6.2634E-1 5.99947E-1 4.35746E-1 5.74876E-1 5.77013E-1 5.33137E-1 3.52969E-1 3.27693E-1 3.37492E-1 2.732E-1 1.83805E-1 2.86631E-1 3.61706E-1 3.17904E-1 3.44147E-1 4.43005E-1 3.55934E-1 -9999
7.01332E-1 4.54713E-1 4.4494E-1 4.2655E-1 4.06086E-1 4.13685E-1 3.79569E-1 3.85833E-1 3.68447E-1 3.18691E-1 2.99544E-1 3.02728E-1 6.27021E-1 5.48929E-1 3.03291E-1 2.56478E-1 2.83973E-1 2.52259E-1 3.21474E-1 5.02977E-1 2.59466E-1 3.19515E-1 3.61256E-1 3.47755E-1 2.6839E-1 2.68011E-1 3.8715E-1 2.31486E-1 3.45782E-1 4.45557E-1 2.6581E-1 2.15845E-1 3.185E-1 2.27827E-1 1.90816E-1 2.51393E-1 4.24754E-1 4.27952E-1 3.17452E-1 2.48721E-1 2.70269E-1 5.717E-1 4.63291E-1 5.9044E-1 4.78193E-1 5.73992E-1 5.67891E-1 5.27551E-1 5.16421E-1 5.30744E-1 3.6167E-1 3.90912E-1 4.09356E-1 1.44329E-1 2.06143E-1 1.29724E-1 1.28386E-1 1.60074E-1 3.45135E-1 3.21787E-1 -9999
6.39376E-1 5.2413E-1 4.52682E-1 4.22459E-1 4.06956E-1 4.13882E-1 3.76741E-1 3.79955E-1 3.77846E-1 3.51674E-1 3.57247E-1 3.30607E-1 5.43985E-1 4.83463E-1 2.79264E-1 2.68635E-1 3.27461E-1 3.06905E-1 2.91895E-1 3.15367E-1 3.15324E-1 3.05178E-1 3.96873E-1 3.49348E-1 3.18623E-1 2.73484E-1 3.97827E-1 3.05394E-1 2.13997E-1 3.71987E-1 3.76825E-1 3.98039E-1 3.73746E-1 3.81686E-1 4.17268E-1 3.92691E-1 3.73202E-1 4.03883E-1 4.20712E-1 4.89459E-1 4.54726E-1 5.61809E-1 4.55466E-1 5.0758E-1 4.8002E-1 5.62142E-1 5.91455E-1 5.5902E-1 5.66211E-1 5.32711E-1 3.9028E-1 3.82355E-1 4.21104E-1 2.7435E-1 2.06794E-1 1.86564E-1 1.15193E-1 2.19018E-1 3.31066E-1 3.28276E-1 -9999
4.73454E-1 6.90791E-1 5.41116E-1 3.99669E-1 4.57519E-1 4.15189E-1 4.12958E-1 5.32695E-1 5.84638E-1 6.48904E-1 3.94406E-1 3.75834E-1 3.26672E-1 3.14532E-1 2.84163E-1 2.99084E-1 3.078E-1 3.03369E-1 3.01503E-1 3.21672E-1 3.19345E-1 3.73605E-1 3.57979E-1 2.99156E-1 2.65587E-1 2.60206E-1 3.28533E-1 2.34218E-1 2.00909E-1 5.46156E-1 5.33484E-1 4.69088E-1 3.38E-1 3.5E-1 3.37636E-1 3.33746E-1 3.00327E-1 2.77118E-1 4.14106E-1 3.79679E-1 4.9252E-1 5.17257E-1 4.4603E-1 5.40413E-1 4.87224E-1 4.18129E-1 4.05944E-1 5.65852E-1 5.23923E-1 5.54506E-1 5.49248E-1 4.53503E-1 3.80661E-1 4.11947E-1 3.50479E-1 3.96856E-1 3.79588E-1 3.34266E-1 3.59905E-1 3.34371E-1 -9999
4.66567E-1 5.04305E-1 4.45978E-1 4.27548E-1 4.06449E-1 4.22805E-1 3.90533E-1 4.24164E-1 4.54378E-1 4.37518E-1 6.18089E-1 4.4845E-1 3.48163E-1 3.13582E-1 2.9928E-1 3.18796E-1 2.95834E-1 3.03608E-1 3.37772E-1 3.22237E-1 3.03238E-1 3.05699E-1 3.14095E-1 3.1548E-1 2.86906E-1 3.01598E-1 3.05661E-1 2.46507E-1 2.23108E-1 2.08184E-1 2.06808E-1 4.30897E-1 4.67174E-1 3.28577E-1 3.63248E-1 3.50887E-1 3.02513E-1 3.01873E-1 3.35114E-1 4.79883E-1 2.30384E-1 5.53334E-1 5.59405E-1 5.6866E-1 4.41979E-1 5.47983E-1 3.83846E-1 3.86645E-1 5.71217E-1 5.205E-1 5.62903E-1 4.40599E-1 3.50425E-1 3.12193E-1 3.37186E-1 3.10015E-1 3.69211E-1 4.26945E-1 3.12785E-1 3.40071E-1 -9999
4.60509E-1 4.75533E-1 4.57448E-1 4.41946E-1 4.03062E-1 4.04324E-1 4.10783E-1 3.75139E-1 3.66258E-1 3.621E-1 3.97233E-1 4.93891E-1 3.54462E-1 3.64668E-1 3.36219E-1 3.22874E-1 4.65079E-1 4.03989E-1 3.38491E-1 3.28436E-1 3.48749E-1 4.12388E-1 4.23455E-1 3.81226E-1 3.01224E-1 2.78747E-1 2.75313E-1 2.66749E-1 2.64762E-1 3.04475E-1 2.98778E-1 3.59475E-1 4.35203E-1 4.2696E-1 5.09928E-1 5.25202E-1 4.59743E-1 3.24246E-1 3.62957E-1 4.39954E-1 1.99731E-1 5.42804E-1 5.63628E-1 4.89329E-1 4.72261E-1 6.02973E-1 4.40818E-1 3.90329E-1 3.91731E-1 5.45998E-1 5.42921E-1 5.58187E-1 4.10632E-1 3.96051E-1 3.92132E-1 3.44671E-1 4.18566E-1 3.5867E-1 3.23836E-1 3.42356E-1 -9999
5.08813E-1 4.5808E-1 4.53852E-1 7.21602E-1 5.90779E-1 4.17246E-1 4.01233E-1 4.39742E-1 4.73992E-1 3.83796E-1 3.88402E-1 3.78082E-1 4.73441E-1 2.94057E-1 3.11303E-1 3.42284E-1 4.82584E-1 6.35191E-1 4.74839E-1 4.86539E-1 4.10485E-1 4.52047E-1 5.30447E-1 4.10265E-1 3.77305E-1 5.61469E-1 5.4003E-1 2.9527E-1 2.97785E-1 2.09714E-1 2.63212E-1 2.00952E-1 1.86026E-1 2.81969E-1 3.74692E-1 3.35244E-1 4.38946E-1 5.08681E-1 3.64697E-1 3.39971E-1 2.70083E-1 4.65952E-1 3.81473E-1 5.29341E-1 5.97517E-1 6.01342E-1 6.01693E-1 4.10455E-1 4.00068E-1 3.90132E-1 5.70583E-1 5.46997E-1 4.15702E-1 4.10026E-1 4.00557E-1 4.00917E-1 4.4587E-1 3.7626E-1 3.50485E-1 3.37222E-1 -9999
5.10237E-1 4.50625E-1 4.43453E-1 7.20805E-1 6.98315E-1 4.40183E-1 4.11571E-1 3.80982E-1 3.79475E-1 3.75985E-1 3.84105E-1 3.43581E-1 3.40763E-1 3.69653E-1 3.54534E-1 3.67688E-1 4.39139E-1 4.46564E-1 6.05527E-1 6.75853E-1 6.47536E-1 6.68506E-1 6.4392E-1 6.31031E-1 5.31995E-1 5.03373E-1 4.04629E-1 2.90856E-1 2.99501E-1 2.54619E-1 2.25525E-1 2.09623E-1 1.95875E-1 2.19413E-1 2.76946E-1 2.97846E-1 4.95585E-1 3.83618E-1 4.88221E-1 4.60423E-1 2.85951E-1 2.67503E-1 2.54982E-1 2.74635E-1 6.07006E-1 6.06492E-1 6.29187E-1 4.17191E-1 4.08127E-1 3.97403E-1 5.02228E-1 5.49312E-1 3.81402E-1 3.76776E-1 3.57941E-1 3.97147E-1 3.61758E-1 2.0157E-1 4.92884E-1 3.42939E-1 -9999
5.18645E-1 4.38092E-1 4.2428E-1 4.58312E-1 4.49586E-1 4.09411E-1 4.10717E-1 3.74891E-1 3.71243E-1 4.27616E-1 4.53275E-1 6.59008E-1 4.37112E-1 3.38491E-1 3.85946E-1 3.46356E-1 3.41074E-1 3.83696E-1 4.66719E-1 3.75608E-1 3.57788E-1 3.89528E-1 4.92944E-1 3.82113E-1 4.9257E-1 3.21589E-1 3.27976E-1 4.32763E-1 3.60721E-1 2.58037E-1 2.58181E-1 2.25389E-1 2.96921E-1 2.29104E-1 2.62538E-1 3.0442E-1 3.03359E-1 2.27552E-1 2.6876E-1 2.78454E-1 2.89238E-1 2.2604E-1 2.23812E-1 2.17517E-1 5.74153E-1 5.16173E-1 5.30491E-1 4.55405E-1 4.13847E-1 4.04196E-1 3.83148E-1 5.68576E-1 4.74537E-1 3.84333E-1 3.62115E-1 4.61065E-1 2.2937E-1 2.53937E-1 4.81996E-1 3.56702E-1 -9999
4.5709E-1 4.41997E-1 4.2706E-1 4.41168E-1 4.46245E-1 4.27583E-1 4.24773E-1 3.86472E-1 3.84007E-1 4.29219E-1 3.53742E-1 4.86448E-1 4.78845E-1 3.5284E-1 3.16342E-1 3.4456E-1 4.11687E-1 4.34772E-1 4.06067E-1 3.61151E-1 3.5317E-1 3.41379E-1 3.58907E-1 3.3767E-1 2.92997E-1 2.8793E-1 2.72069E-1 5.32752E-1 3.08847E-1 2.31903E-1 2.13874E-1 2.03327E-1 2.37516E-1 2.2615E-1 1.96709E-1 2.16398E-1 2.15366E-1 2.89847E-1 2.25573E-1 2.09196E-1 2.16608E-1 2.16386E-1 2.12637E-1 2.08754E-1 6.04137E-1 4.85376E-1 5.8091E-1 4.17091E-1 4.07065E-1 4.00023E-1 4.49958E-1 5.81015E-1 5.20258E-1 3.81568E-1 3.72646E-1 4.30005E-1 1.68335E-1 2.06746E-1 3.86093E-1 5.06644E-1 3.96649E-1
4.59662E-1 4.27741E-1 4.24728E-1 4.28092E-1 4.27558E-1 4.0814E-1 3.89468E-1 3.8734E-1 4.11927E-1 3.59335E-1 3.44908E-1 3.44793E-1 3.96648E-1 3.21054E-1 3.22417E-1 3.40082E-1 3.47134E-1 3.7544E-1 3.30877E-1 3.47329E-1 3.38205E-1 3.76413E-1 3.83737E-1 3.55351E-1 3.06206E-1 3.02415E-1 3.29925E-1 3.86333E-1 5.66068E-1 3.07163E-1 2.27831E-1 2.14215E-1 2.36721E-1 2.04442E-1 2.0197E-1 2.15634E-1 2.35634E-1 2.6251E-1 2.28276E-1 2.04844E-1 3.12482E-1 2.87009E-1 2.40637E-1 2.28191E-1 4.04585E-1 5.77021E-1 4.76373E-1 5.51784E-1 4.63518E-1 5.22761E-1 5.60549E-1 5.02877E-1 5.46256E-1 4.82806E-1 4.40424E-1 1.93453E-1 1.61802E-1 3.75546E-1 1.72129E-1 2.35519E-1 3.77638E-1
4.26698E-1 4.42484E-1 4.20292E-1 4.08823E-1 4.06688E-1 4.01633E-1 4.10309E-1 4.01439E-1 4.30053E-1 3.75277E-1 3.31885E-1 3.34616E-1 3.28733E-1 3.52327E-1 3.1429E-1 3.28495E-1 3.12502E-1 3.33937E-1 3.09234E-1 3.0475E-1 3.51469E-1 4.26978E-1 3.82999E-1 4.51701E-1 3.58868E-1 3.09027E-1 2.98005E-1 3.29784E-1 5.13095E-1 3.6921E-1 2.46143E-1 2.59955E-1 2.41017E-1 2.27216E-1 2.16545E-1 2.0382E-1 2.55273E-1 2.54808E-1 2.33282E-1 2.1696E-1 2.79708E-1 4.87198E-1 3.84845E-1 2.51491E-1 2.71206E-1 3.9147E-1 3.98918E-1 3.92719E-1 5.26697E-1 5.29335E-1 5.78192E-1 5.51733E-1 4.31075E-1 4.26894E-1 2.66465E-1 2.45146E-1 1.86758E-1 2.71189E-1 2.24772E-1 2.38078E-1 2.18115E-1
4.60352E-1 4.37208E-1 4.26719E-1 4.08926E-1 4.22283E-1 4.09146E-1 4.18877E-1 4.02749E-1 3.75135E-1 3.6477E-1 3.68395E-1 3.48074E-1 3.23577E-1 3.83394E-1 3.27554E-1 3.23789E-1 3.04054E-1 3.59397E-1 3.25015E-1 3.17459E-1 3.83755E-1 4.25214E-1 3.06016E-1 3.58276E-1 4.6385E-1 3.00335E-1 2.82646E-1 3.02965E-1 3.22927E-1 3.46111E-1 3.16431E-1 2.65263E-1 2.54119E-1 2.19164E-1 2.25131E-1 3.21066E-1 2.24108E-1 2.42558E-1 2.17995E-1 2.15135E-1 2.60088E-1 3.34268E-1 5.36407E-1 2.77125E-1 3.30087E-1 2.57077E-1 2.81015E-1 4.12178E-1 3.0668E-1 3.11945E-1 4.05615E-1 4.72035E-1 4.38637E-1 2.8144E-1 3.95481E-1 2.25953E-1 3.12753E-1 2.95551E-1 3.1917E-1 2.73577E-1 1.80815E-1
4.96397E-1 4.48291E-1 4.44549E-1 4.08421E-1 4.1914E-1 4.13273E-1 4.14162E-1 4.04544E-1 3.8525E-1 3.72556E-1 3.80946E-1 3.67311E-1 3.52567E-1 3.93286E-1 3.99869E-1 3.361E-1 3.39875E-1 5.57253E-1 5.6973E-1 3.73203E-1 3.48747E-1 3.57234E-1 3.91616E-1 2.84585E-1 3.29114E-1 3.96141E-1 2.77357E-1 2.87791E-1 2.62042E-1 2.75176E-1 2.93942E-1 2.8292E-1 2.35191E-1 2.53515E-1 3.06279E-1 2.37596E-1 2.16966E-1 2.17296E-1 2.19303E-1 2.72656E-1 3.3237E-1 2.84676E-1 5.62109E-1 3.03539E-1 3.12036E-1 3.36552E-1 2.81291E-1 2.50954E-1 4.56353E-1 3.96576E-1 3.88593E-1 4.12789E-1 4.88898E-1 3.82177E-1 3.68046E-1 2.42042E-1 4.97072E-1 5.28958E-1 3.36842E-1 2.48612E-1 2.94618E-1
5.58664E-1 4.91678E-1 4.26441E-1 4.40672E-1 4.1325E-1 4.14864E-1 4.72022E-1 4.07678E-1 4.06505E-1 3.93707E-1 3.98941E-1 3.97679E-1 4.11784E-1 3.57077E-1 3.76765E-1 3.47624E-1 3.81339E-1 6.33062E-1 4.76457E-1 4.16337E-1 5.69775E-1 3.70574E-1 3.10116E-1 2.86432E-1 2.7527E-1 3.21044E-1 3.38202E-1 3.01305E-1 2.73293E-1 2.69949E-1 3.05959E-1 2.55724E-1 2.47255E-1 2.29197E-1 2.62019E-1 2.68539E-1 3.1265E-1 3.38682E-1 2.49773E-1 5.84185E-1 5.6086E-1 3.58014E-1 4.41641E-1 4.40294E-1 4.03841E-1 3.76417E-1 2.30708E-1 3.12512E-1 4.9194E-1 4.49491E-1 3.24719E-1 4.23074E-1 4.09644E-1 3.11535E-1 3.15045E-1 2.74234E-1 5.63155E-1 5.18279E-1 2.64345E-1 2.97564E-1 3.53624E-1
5.05631E-1 5.0027E-1 4.56497E-1 4.34515E-1 4.22677E-1 4.00579E-1 4.34174E-1 4.07205E-1 4.02398E-1 4.09665E-1 4.16107E-1 3.81321E-1 4.22146E-1 3.91237E-1 3.64614E-1 4.0387E-1 3.56764E-1 6.39599E-1 5.34278E-1 5.15862E-1 6.1186E-1 5.08585E-1 3.04142E-1 3.15331E-1 2.77368E-1 2.93883E-1 2.74967E-1 2.7592E-1 2.65252E-1 2.58952E-1 4.35295E-1 4.36622E-1 3.20946E-1 3.83956E-1 3.1409E-1 2.88971E-1 2.61074E-1 2.35364E-1 2.60163E-1 2.93302E-1 5.95411E-1 5.97209E-1 6.0258E-1 5.82711E-1 5.69076E-1 5.12232E-1 4.4506E-1 4.58791E-1 3.96771E-1 4.88068E-1 3.05755E-1 2.4467E-1 2.66513E-1 3.18817E-1 2.94318E-1 2.42398E-1 2.44743E-1 3.63836E-1 1.94975E-1 2.09364E-1 3.04639E-1
4.97062E-1 4.79957E-1 4.51214E-1 4.42717E-1 4.21275E-1 3.57795E-1 3.66367E-1 4.42548E-1 4.83408E-1 4.2701E-1 4.01266E-1 3.93309E-1 3.73139E-1 3.80226E-1 3.61622E-1 3.56395E-1 3.52692E-1 3.48749E-1 3.8381E-1 4.13952E-1 4.14561E-1 3.80045E-1 3.30303E-1 3.13033E-1 2.87447E-1 2.86369E-1 2.83103E-1 2.73492E-1 2.5642E-1 2.74348E-1 4.68561E-1 6.54855E-1 4.94079E-1 4.18334E-1 3.55642E-1 2.4046E-1 2.5575E-1 5.10784E-1 2.35602E-1 3.71581E-1 2.30199E-1 3.33119E-1 6.05418E-1 6.13829E-1 5.50597E-1 3.80759E-1 2.82164E-1 3.32237E-1 3.17195E-1 2.85026E-1 2.8423E-1 2.72148E-1 2.73328E-1 4.60901E-1 3.02638E-1 2.4152E-1 1.91543E-1 2.1506E-1 1.71028E-1 2.01381E-1 2.1623E-1
