Candidate_Models_July82022/M_0.2_F_lqp_Set_1_cal/Bison.asc
ncols         290
nrows         380
xllcorner     -2197417.7431653
yllcorner     -584827.01486885
cellsize      10000.0
NODATA_value  -9999
[rows 216 to 242 of 380, columns 61 to 121 of 290]
3.15193E-1 3.24891E-1 2.38913E-1 2.22809E-1 2.08991E-1 2.16063E-1 2.13771E-1 1.63211E-1 1.6545E-1 1.82844E-1 2.63169E-1 1.52042E-1 1.43403E-1 8.56157E-2 5.37057E-2 4.41291E-2 7.64658E-3 1.45457E-3 3.13459E-3 2.92895E-2 4.82625E-2 5.44951E-3 3.20456E-2 6.60729E-3 1.39135E-1 3.11535E-3 1.74288E-3 2.08366E-2 9.58677E-3 1.39843E-1 1.31283E-1 1.87441E-2 9.62362E-2 2.20377E-1 3.91309E-2 2.03602E-1 1.64725E-1 2.14741E-1 1.80689E-1 2.79365E-1 2.36133E-1 1.72733E-1 1.90894E-1 2.21956E-1 2.17355E-1 2.09581E-1 2.42011E-1 2.32965E-1 2.57028E-1 2.3859E-1 2.55422E-1 2.56786E-1 2.95666E-1 2.43207E-1 2.83938E-1 2.85832E-1 4.46874E-1 5.64573E-1 6.17158E-1 6.18481E-1 6.0799E-1
4.56902E-1 4.02025E-1 3.66063E-1 2.04973E-1 2.34523E-1 3.31207E-1 2.39535E-1 2.10128E-1 2.34114E-1 2.12901E-1 3.53012E-1 2.75836E-1 1.59478E-1 1.06938E-1 8.87731E-2 6.93917E-2 5.53963E-3 9.55171E-3 1.21554E-1 1.10418E-2 7.81273E-3 5.35308E-3 1.07306E-2 2.7183E-2 3.01645E-3 8.56506E-3 5.65469E-2 2.70632E-2 1.49729E-2 8.06775E-2 1.02034E-2 9.24556E-2 5.26524E-2 1.47545E-1 8.59447E-2 1.06202E-1 1.46582E-1 9.59435E-2 2.45194E-1 3.07158E-1 1.84869E-1 1.59573E-1 1.62389E-1 2.08143E-1 2.18284E-1 2.02554E-1 2.75372E-1 2.66427E-1 2.26264E-1 2.3399E-1 2.53486E-1 2.65868E-1 2.66587E-1 2.61619E-1 2.51975E-1 2.62168E-1 2.62439E-1 2.98471E-1 5.068E-1 6.00185E-1 6.22395E-1
6.43703E-1 4.93487E-1 5.32064E-1 2.06838E-1 2.77833E-1 2.28082E-1 3.02583E-1 2.66851E-1 2.49192E-1 1.5184E-1 1.58785E-1 2.3933E-1 1.39332E-1 1.03154E-1 9.65168E-2 1.25543E-1 1.57234E-1 1.59879E-1 1.09427E-1 8.7411E-3 5.44127E-3 8.65227E-3 1.99637E-2 2.76363E-3 5.31539E-3 4.48127E-2 1.83079E-3 3.07521E-1 9.17102E-2 2.10437E-2 6.45828E-2 3.70596E-2 2.78865E-2 5.53687E-2 2.63238E-2 1.9528E-2 1.58145E-1 9.76079E-2 2.68798E-1 2.3786E-1 3.64574E-1 1.63423E-1 1.37075E-1 1.787E-1 1.84366E-1 2.57864E-1 2.44286E-1 2.69649E-1 2.52721E-1 2.17964E-1 2.58693E-1 3.51131E-1 3.42797E-1 2.85279E-1 2.52756E-1 2.56292E-1 2.71188E-1 2.75922E-1 3.60519E-1 6.20231E-1 6.35072E-1
5.78608E-1 2.89806E-1 3.00219E-1 2.32105E-1 2.09001E-1 5.12702E-1 2.213E-1 1.75631E-1 1.93787E-1 1.61926E-1 1.86145E-1 2.07928E-1 1.38493E-1 1.23679E-1 1.1572E-1 1.09722E-1 9.51983E-2 1.0801E-1 1.28729E-1 6.7697E-2 2.07906E-2 9.05618E-3 1.37544E-2 4.87549E-3 2.75435E-3 9.86147E-3 1.03579E-2 8.83144E-2 7.50152E-3 7.74168E-3 4.46344E-2 6.57372E-2 3.07917E-2 4.00815E-2 1.14133E-1 5.6141E-2 1.58927E-1 2.11825E-1 2.9735E-1 1.8272E-1 1.83835E-1 3.21098E-1 1.27386E-1 1.06227E-1 9.79673E-2 4.3869E-1 3.29762E-1 2.15003E-1 2.39081E-1 2.41638E-1 2.37125E-1 2.76885E-1 3.19255E-1 2.92797E-1 2.63426E-1 2.65781E-1 3.20022E-1 3.10309E-1 5.86417E-1 5.66151E-1 5.99265E-1
4.52523E-1 2.79801E-1 2.87918E-1 2.8005E-1 2.53479E-1 3.24779E-1 1.7957E-1 1.88665E-1 1.66346E-1 2.36908E-1 1.956E-1 1.79402E-1 2.43812E-1 2.1291E-1 1.43105E-1 1.23982E-1 5.97269E-2 4.249E-2 3.58692E-2 1.02364E-2 1.48548E-2 4.32875E-2 9.53096E-3 2.82799E-2 3.14889E-1 1.8314E-2 9.96483E-3 1.04551E-2 1.81857E-2 2.3011E-3 1.78008E-2 5.64776E-2 6.13206E-2 8.18293E-2 9.10165E-2 6.23921E-2 1.69093E-1 3.60315E-1 2.06498E-1 1.14744E-1 6.01322E-2 1.7801E-1 1.85347E-1 7.74858E-2 6.9057E-2 9.00278E-2 2.86197E-1 2.50927E-1 2.88611E-1 2.71039E-1 2.06109E-1 2.74809E-1 2.89656E-1 2.51449E-1 2.57956E-1 2.48811E-1 5.28809E-1 3.83206E-1 6.38002E-1 6.19241E-1 6.30582E-1
2.45986E-1 2.48561E-1 2.4049E-1 2.69481E-1 2.53579E-1 2.35238E-1 2.74094E-1 2.36413E-1 1.83297E-1 2.17034E-1 2.54713E-1 1.78136E-1 2.30317E-1 2.45435E-1 1.53614E-1 3.82878E-2 8.4715E-2 1.02873E-1 6.58763E-2 1.0517E-3 6.0161E-3 8.06726E-3 2.48258E-3 8.30752E-3 1.65153E-2 1.05004E-2 2.03368E-2 2.79373E-3 8.29533E-3 2.44982E-3 3.84241E-2 3.53753E-2 6.28988E-2 7.19958E-2 4.52714E-2 2.21488E-1 1.01245E-1 2.69721E-1 2.57211E-1 1.37037E-1 8.22134E-2 8.45849E-2 8.93226E-2 3.41268E-2 4.30161E-2 9.0731E-2 1.39237E-1 1.98945E-1 2.45854E-1 2.48522E-1 2.63314E-1 2.54418E-1 2.98941E-1 2.52835E-1 2.56593E-1 2.38551E-1 3.15266E-1 4.78467E-1 6.25885E-1 6.08322E-1 6.32715E-1
2.75644E-1 2.1586E-1 3.94421E-1 4.51162E-1 6.02253E-1 2.60679E-1 5.10301E-1 4.70859E-1 2.05021E-1 1.95144E-1 3.39769E-1 2.58745E-1 2.19098E-1 2.07064E-1 1.58135E-1 4.59676E-2 1.82216E-2 6.43151E-2 5.61624E-2 2.07163E-2 4.92027E-3 4.76274E-3 3.63474E-2 7.21149E-3 1.62554E-3 6.08131E-3 2.45239E-2 9.63131E-3 2.00893E-4 1.0093E-2 9.09281E-3 1.07135E-2 3.23908E-2 3.64823E-2 6.10153E-2 1.98608E-2 9.83957E-2 1.19801E-1 1.82757E-1 7.96347E-2 8.28088E-2 1.30857E-1 1.15211E-1 7.72173E-2 5.38517E-2 6.29239E-2 1.0951E-1 2.06101E-1 2.63335E-1 3.25645E-1 3.30077E-1 2.57737E-1 2.78192E-1 2.68013E-1 2.77412E-1 2.66282E-1 2.5947E-1 2.63472E-1 4.19232E-1 6.66397E-1 6.14615E-1
1.42718E-1 1.81546E-1 3.46419E-1 4.05341E-1 2.49633E-1 4.10981E-1 5.71361E-1 3.23911E-1 2.31028E-1 1.77754E-1 1.98588E-1 1.9238E-1 2.77434E-1 1.55824E-1 1.42784E-1 1.15767E-1 6.1431E-3 9.40522E-3 4.97933E-2 1.06289E-2 4.81966E-3 2.76006E-3 4.34739E-2 1.04847E-2 4.0556E-3 9.12229E-3 2.18044E-2 6.05479E-2 5.46412E-4 1.45923E-2 2.43144E-2 7.8753E-2 7.22038E-2 8.71666E-3 3.70897E-2 5.63203E-2 1.1582E-2 4.10156E-2 1.3154E-1 1.33858E-1 1.24971E-1 1.05476E-1 1.75008E-1 1.50147E-1 2.97858E-1 6.49737E-2 6.36273E-2 1.20351E-1 2.68598E-1 2.75848E-1 2.70815E-1 2.85252E-1 2.78079E-1 2.5809E-1 2.74367E-1 2.74167E-1 2.55799E-1 2.84305E-1 6.37261E-1 6.85135E-1 6.87786E-1
5.23546E-2 1.7986E-1 1.24641E-1 1.86591E-1 3.8117E-1 1.39456E-1 5.87054E-1 4.70937E-1 2.08796E-1 1.52459E-1 1.60407E-1 2.06684E-1 2.20009E-1 1.60206E-1 1.31339E-1 1.3856E-1 4.56692E-2 2.57245E-2 5.05802E-3 4.9107E-2 3.18716E-3 2.23476E-3 3.17156E-2 3.42263E-3 1.82762E-3 7.62816E-3 1.46956E-2 2.36429E-2 9.04607E-4 1.82418E-3 5.16433E-2 3.60048E-2 1.32999E-2 6.27942E-2 2.53033E-2 3.04395E-2 6.13025E-2 1.99754E-1 1.69238E-1 8.48311E-2 6.14604E-2 1.95237E-1 1.37158E-1 1.81407E-1 7.80605E-2 1.13401E-1 4.12314E-2 1.68922E-1 1.87086E-1 3.12944E-1 3.0809E-1 2.82754E-1 2.64031E-1 2.97412E-1 2.50425E-1 2.45941E-1 2.5891E-1 2.74168E-1 6.14345E-1 6.77171E-1 6.7464E-1
4.83032E-2 1.05166E-1 3.3679E-2 1.19444E-1 2.16901E-1 1.50581E-1 3.80079E-1 1.98029E-1 1.96378E-1 1.87327E-1 1.74307E-1 1.73597E-1 2.01761E-1 1.64661E-1 1.34151E-1 1.2927E-1 9.51006E-2 8.89463E-2 7.51501E-2 6.60177E-2 3.44133E-2 4.84984E-2 3.4285E-2 4.76491E-3 5.29349E-3 3.44678E-2 3.64741E-3 2.6954E-3 1.2165E-2 1.63594E-3 1.46411E-3 1.65467E-2 3.94186E-3 5.79253E-2 2.12754E-2 2.35357E-2 8.49961E-2 1.42805E-1 1.95875E-1 2.27256E-1 7.24503E-2 1.05136E-1 9.98574E-2 2.06526E-1 8.22854E-2 8.1E-2 4.28353E-2 8.54088E-2 2.47489E-1 2.61577E-1 3.23278E-1 2.84261E-1 2.61677E-1 2.93676E-1 2.63741E-1 2.69929E-1 2.83335E-1 2.80348E-1 2.83257E-1 3.12194E-1 3.37422E-1
2.69629E-2 1.47883E-2 6.27861E-2 7.06998E-2 1.39389E-1 4.89207E-1 4.98644E-1 4.19019E-1 2.21611E-1 2.44061E-1 1.88768E-1 1.6425E-1 1.98384E-1 2.23254E-1 1.42331E-1 1.42142E-1 1.46963E-1 1.43521E-1 1.19401E-1 1.20997E-1 8.01785E-2 5.70053E-2 4.766E-2 4.2899E-3 8.86875E-4 2.15241E-3 1.77378E-3 1.08822E-2 2.52727E-3 1.51941E-2 9.70147E-3 1.22916E-1 6.76782E-3 1.04858E-2 7.7927E-2 1.59485E-2 4.73238E-3 6.59776E-2 1.44732E-1 6.73405E-2 6.41086E-2 1.61554E-1 1.3216E-1 9.40052E-2 9.70537E-2 6.47158E-2 7.67448E-2 1.02449E-1 2.14785E-1 3.27886E-1 3.80008E-1 3.93473E-1 2.94732E-1 2.98965E-1 2.7725E-1 2.94709E-1 2.90543E-1 2.87212E-1 3.80747E-1 4.60045E-1 4.98447E-1
4.89786E-3 8.98117E-3 1.00607E-2 5.4732E-2 1.34753E-1 2.32036E-1 3.53838E-1 1.41912E-1 1.98108E-1 2.03234E-1 2.08079E-1 1.59433E-1 1.64359E-1 2.43657E-1 2.12209E-1 1.41396E-1 1.37975E-1 1.06613E-1 1.11859E-1 5.90913E-2 3.53243E-2 3.69207E-2 4.58334E-2 3.82597E-3 1.55928E-3 1.61606E-3 1.11422E-3 3.52125E-3 6.62981E-3 4.19097E-3 4.22896E-2 9.36711E-3 2.25027E-3 5.56788E-2 3.68541E-2 3.46734E-2 8.10034E-2 1.14292E-1 1.51547E-1 6.01899E-2 1.23325E-1 2.27496E-1 2.65513E-1 1.24153E-1 2.54915E-1 7.9576E-2 1.11013E-1 1.69692E-1 2.47799E-1 3.34756E-1 2.25852E-1 3.09193E-1 3.35799E-1 3.23119E-1 2.97394E-1 2.97737E-1 2.94567E-1 3.14186E-1 3.65738E-1 4.92062E-1 6.92861E-1
6.42832E-3 7.11463E-3 1.60701E-2 3.99483E-2 7.52472E-3 2.51552E-1 3.19177E-1 2.07744E-1 2.26041E-1 3.31287E-1 1.90722E-1 2.5403E-1 2.26387E-1 1.59623E-1 1.80638E-1 1.57294E-1 1.22728E-1 1.16248E-1 1.05496E-1 9.87516E-2 4.69924E-2 2.84391E-2 1.65187E-2 1.11835E-2 8.45156E-3 1.92374E-3 1.20018E-3 6.60135E-3 1.48619E-3 2.12486E-2 9.61106E-3 3.60054E-3 2.71271E-3 3.72029E-3 2.01107E-2 1.81077E-2 4.19096E-3 6.47377E-2 2.18544E-1 6.17686E-2 1.62603E-1 1.04423E-1 1.59049E-1 2.45962E-1 1.52733E-1 2.11327E-1 2.81697E-1 2.02925E-1 3.02466E-1 2.17268E-1 3.467E-1 2.99526E-1 3.17844E-1 2.96255E-1 3.37675E-1 3.02229E-1 2.87077E-1 5.78799E-1 6.70346E-1 6.92475E-1 6.92136E-1
9.2813E-2 1.19026E-2 2.89517E-2 9.78419E-3 1.70831E-2 1.20429E-1 2.96932E-1 2.42405E-1 2.27311E-1 2.79926E-1 2.37222E-1 1.74529E-1 1.79811E-1 1.59766E-1 1.54079E-1 1.62645E-1 1.19423E-1 9.70558E-2 9.02125E-2 8.8844E-2 7.2485E-2 9.82501E-2 1.58325E-2 1.64682E-2 7.72627E-3 8.67272E-3 4.82684E-4 1.77688E-3 2.23867E-3 2.02446E-2 5.71114E-3 1.75277E-2 2.17255E-3 1.57181E-2 9.65298E-3 1.53334E-2 1.53707E-2 2.61345E-2 8.92419E-2 4.71553E-2 1.59555E-1 4.13208E-1 2.5114E-1 1.1831E-1 5.37974E-2 9.91252E-2 1.41078E-1 2.13355E-1 1.86904E-1 2.70913E-1 3.21448E-1 3.23356E-1 3.09958E-1 3.21655E-1 2.78652E-1 3.46365E-1 3.821E-1 6.29631E-1 6.75925E-1 6.90749E-1 7.0728E-1
2.06553E-2 1.93749E-2 9.4211E-3 1.32116E-2 8.19733E-3 5.64425E-2 2.67832E-1 2.81262E-1 1.66109E-1 2.90908E-1 2.31655E-1 2.24186E-1 2.04551E-1 1.83598E-1 1.64353E-1 1.60249E-1 1.48141E-1 1.01181E-1 1.01787E-1 9.20762E-2 1.41997E-1 6.35462E-2 5.30008E-2 2.11073E-2 4.48776E-2 2.61486E-2 4.092E-2 4.99546E-3 4.22951E-3 5.78396E-3 3.14536E-3 1.39504E-2 1.51838E-3 2.62166E-3 3.85113E-3 1.69748E-3 2.00291E-2 2.30871E-2 9.28144E-3 1.11653E-1 1.54214E-1 1.12691E-1 1.05885E-1 1.29414E-1 2.4367E-1 2.26074E-1 8.75995E-2 2.1292E-1 1.45678E-1 2.96551E-1 1.99004E-1 1.90339E-1 2.67674E-1 3.47869E-1 3.19068E-1 3.94146E-1 5.97148E-1 6.78437E-1 6.42843E-1 6.16815E-1 6.35066E-1
6.66461E-3 1.71673E-2 1.98228E-2 1.00287E-2 5.09442E-3 1.72053E-2 1.14312E-1 1.34794E-1 1.61688E-1 2.23313E-1 2.7668E-1 2.39838E-1 2.22089E-1 1.6864E-1 1.6E-1 1.49425E-1 1.28292E-1 1.27133E-1 7.68395E-2 1.15903E-1 5.98958E-2 1.53621E-2 3.22029E-2 5.01439E-2 1.14555E-2 3.22173E-3 1.14393E-3 3.06241E-2 6.53626E-3 -9999 4.21613E-4 2.18322E-3 2.48154E-4 1.52482E-3 3.25399E-2 6.67061E-3 1.13942E-2 1.42136E-2 7.03574E-2 1.04876E-1 6.04258E-2 1.97941E-1 7.88643E-2 4.70925E-2 9.28563E-2 9.6955E-2 1.40732E-1 2.29278E-1 1.44517E-1 1.60306E-1 1.71305E-1 2.07136E-1 2.51423E-1 3.18675E-1 3.14366E-1 3.93621E-1 6.12177E-1 6.6201E-1 6.98015E-1 6.09122E-1 5.84159E-1
1.79875E-2 2.76925E-2 1.87253E-2 2.6809E-2 1.36753E-2 3.34007E-2 8.77715E-2 1.59768E-1 2.14482E-1 1.92863E-1 3.07049E-1 2.44857E-1 1.53403E-1 1.78597E-1 1.77795E-1 1.55679E-1 1.57469E-1 1.2429E-1 1.30715E-1 1.63203E-1 6.0832E-2 5.03224E-2 2.61313E-2 1.88032E-2 1.9185E-2 2.53157E-2 1.66872E-2 3.27313E-4 1.80931E-3 2.92762E-3 8.45756E-4 8.35572E-3 2.2087E-3 2.07382E-3 6.60192E-3 5.63757E-2 3.52383E-2 2.55146E-2 4.2371E-2 5.2011E-2 9.95254E-2 2.34166E-1 1.54312E-1 3.72053E-2 6.60722E-2 2.89698E-1 8.88288E-2 3.4932E-2 1.8193E-1 1.26847E-1 1.39823E-1 2.72926E-1 3.85544E-1 3.12273E-1 3.8936E-1 3.69768E-1 3.54067E-1 6.70687E-1 6.88781E-1 7.1432E-1 6.24819E-1
5.23418E-2 1.15217E-2 2.26947E-2 2.09854E-2 5.91488E-2 4.05816E-2 1.31303E-1 2.16613E-1 3.40071E-1 1.77224E-1 2.03394E-1 2.20714E-1 1.47367E-1 1.74805E-1 1.82897E-1 1.84469E-1 2.2084E-1 1.21789E-1 1.60635E-1 1.37562E-1 4.83683E-2 8.28373E-2 1.19396E-1 3.06287E-2 1.34982E-2 7.49532E-3 1.21523E-3 6.53537E-4 5.34264E-4 3.47137E-3 3.92096E-3 9.41897E-4 8.10052E-4 3.56508E-3 6.12821E-4 8.17902E-3 6.95403E-2 2.70352E-3 5.22001E-2 1.24907E-2 1.48091E-2 4.82146E-2 1.10147E-1 2.14627E-1 9.17809E-2 1.59582E-1 1.84312E-1 2.76769E-1 2.20146E-1 1.83205E-1 1.97095E-1 2.41529E-1 1.99572E-1 3.46447E-1 4.13812E-1 4.28796E-1 5.08756E-1 6.92608E-1 6.98783E-1 7.25401E-1 6.81021E-1
9.94042E-3 8.03194E-2 1.03288E-2 4.11198E-2 3.5495E-2 1.06966E-1 1.26202E-1 3.28953E-1 1.17314E-1 2.11669E-1 2.26485E-1 2.13354E-1 1.865E-1 2.07862E-1 1.38733E-1 1.78281E-1 1.70252E-1 1.33506E-1 2.33189E-1 1.7224E-1 1.34043E-1 6.15354E-2 4.89938E-2 7.88961E-2 6.48252E-2 1.74353E-3 4.5775E-3 3.01242E-4 3.61579E-3 5.89698E-4 7.6115E-4 1.24321E-2 9.11082E-4 5.38766E-3 7.14541E-4 2.0205E-2 9.92689E-3 9.07974E-3 4.12942E-2 6.03538E-2 4.66631E-2 2.03451E-2 1.80234E-1 2.31924E-1 4.35031E-2 1.14869E-1 6.7611E-2 2.1146E-1 2.88352E-1 1.51367E-1 1.30728E-1 2.04835E-1 2.15347E-1 1.99443E-1 2.79856E-1 3.2995E-1 4.94264E-1 4.75577E-1 7.1234E-1 7.65643E-1 7.18865E-1
2.79388E-2 2.59404E-2 9.19854E-2 8.2565E-2 3.03684E-2 6.39438E-2 1.88524E-1 1.79437E-1 1.62834E-1 1.9588E-1 2.7471E-1 1.88218E-1 1.6843E-1 2.0328E-1 2.13387E-1 1.82278E-1 1.28428E-1 1.33964E-1 3.19446E-1 3.02395E-1 1.16683E-1 8.11227E-2 8.29268E-2 8.96908E-2 2.60325E-2 4.66116E-4 6.50966E-3 1.13566E-2 1.08164E-2 5.49054E-4 4.79757E-4 1.36675E-2 3.13291E-3 7.84452E-4 2.181E-3 1.30319E-2 1.29402E-2 2.35759E-3 1.3351E-2 1.1351E-2 2.6756E-2 6.24003E-2 9.53838E-2 1.23772E-1 1.01319E-1 1.21328E-1 1.01041E-1 9.71102E-2 1.21216E-1 2.6048E-1 1.8575E-1 1.61965E-1 1.41292E-1 2.50436E-1 3.77476E-1 4.33865E-1 6.08006E-1 6.84952E-1 7.94865E-1 7.76011E-1 7.28174E-1
1.12288E-2 2.74743E-2 4.4078E-2 2.52416E-2 6.37018E-2 1.38486E-1 7.25156E-2 1.63848E-1 1.8613E-1 2.55464E-1 2.06693E-1 2.58091E-1 2.25191E-1 1.16571E-1 2.18178E-1 2.09476E-1 1.44211E-1 1.71249E-1 9.37477E-2 2.09359E-1 2.38459E-1 7.14253E-2 4.83452E-2 2.51928E-2 1.18859E-2 3.19152E-3 1.63902E-3 4.67284E-2 6.77703E-4 4.05414E-3 4.02512E-2 6.50203E-3 5.26893E-3 3.72387E-3 6.75888E-3 5.54646E-3 2.99039E-3 1.20233E-3 2.54052E-4 2.71747E-3 9.61452E-2 7.45781E-2 3.18017E-2 1.05531E-2 1.88418E-1 1.65363E-1 6.77871E-2 5.43572E-2 1.22557E-1 6.7281E-2 1.57682E-1 2.01439E-1 3.38955E-1 4.14221E-1 5.40339E-1 6.15598E-1 6.47932E-1 8.24747E-1 8.21373E-1 7.66916E-1 6.84046E-1
2.35828E-2 1.96858E-2 8.16437E-3 -9999 4.45639E-2 2.10891E-2 1.33976E-1 1.22676E-1 3.36667E-1 3.7195E-1 4.48527E-1 2.31279E-1 4.57957E-1 2.87549E-1 2.15998E-1 2.89115E-1 1.8023E-1 1.53673E-1 1.51144E-1 9.28856E-2 3.20019E-2 4.71671E-2 4.43298E-2 3.38051E-2 1.40076E-2 3.73118E-3 1.1223E-2 7.27187E-3 8.34902E-4 4.13906E-3 2.05096E-1 4.15275E-3 6.71388E-3 2.09473E-3 3.55894E-2 1.12854E-3 3.43234E-3 2.65559E-3 3.32585E-3 3.88561E-3 3.20213E-2 1.00374E-1 3.63258E-2 3.40581E-2 1.36798E-1 9.58708E-2 5.71611E-2 1.28887E-2 8.95054E-2 1.36347E-1 2.1368E-1 9.89264E-2 2.34588E-1 4.00517E-1 4.16273E-1 6.71032E-1 5.25964E-1 8.17606E-1 8.09609E-1 7.50629E-1 6.55501E-1
3.47857E-2 3.92505E-2 8.70278E-3 3.131E-2 3.19403E-2 8.59655E-2 4.79544E-2 1.26903E-1 1.65169E-1 4.30461E-1 3.56645E-1 2.28758E-1 4.4237E-1 3.07248E-1 1.30676E-1 2.57685E-1 3.82016E-1 2.87341E-1 1.83159E-1 1.087E-1 3.26391E-2 5.3746E-2 5.81729E-2 3.03927E-2 4.77796E-2 3.75689E-2 3.92736E-2 7.02081E-3 6.91537E-4 1.43126E-3 8.19996E-3 2.23353E-3 1.62122E-2 1.26319E-3 3.5415E-3 1.10657E-3 1.15291E-3 5.21194E-3 1.05366E-2 6.74299E-3 2.45406E-3 1.00071E-1 4.75344E-2 4.21495E-2 8.41879E-2 2.96721E-2 2.89678E-2 2.85998E-2 9.87937E-2 1.87624E-1 7.18767E-2 1.49349E-1 2.15666E-1 2.72708E-1 3.55289E-1 6.15786E-1 5.65661E-1 5.75372E-1 7.99343E-1 7.19996E-1 6.68714E-1
2.75509E-2 2.26881E-2 1.03272E-2 2.46658E-2 1.05675E-1 6.47898E-2 9.36554E-2 1.23961E-1 1.84638E-1 1.85761E-1 2.38228E-1 1.91482E-1 1.94152E-1 2.8346E-1 3.09227E-1 3.90141E-1 5.07843E-1 5.49109E-1 1.33745E-1 1.46819E-1 2.509E-1 1.09545E-1 5.92148E-2 9.96657E-2 5.35025E-2 3.82822E-2 4.96094E-2 1.57247E-3 2.12704E-2 4.82746E-3 1.94187E-3 7.53448E-4 6.54523E-3 1.43028E-2 4.04856E-3 7.06845E-5 2.22424E-3 3.48835E-2 7.84678E-3 7.39659E-4 1.04921E-2 1.18515E-1 2.57181E-2 4.82639E-2 2.46372E-2 3.42878E-2 3.74147E-3 1.25771E-1 1.7369E-1 1.98002E-1 1.04304E-1 2.05095E-1 1.38911E-1 2.06503E-1 3.33644E-1 6.16601E-1 6.95228E-1 6.30825E-1 7.89358E-1 6.82858E-1 7.00159E-1
1.96915E-2 9.88419E-3 2.90253E-2 2.71906E-2 3.43693E-2 2.22559E-1 7.95742E-2 1.21553E-1 8.48583E-2 9.83688E-2 2.36094E-1 2.08354E-1 2.05665E-1 2.05826E-1 2.26794E-1 3.28418E-1 4.90449E-1 2.97995E-1 3.05551E-1 2.42615E-1 2.55194E-1 8.33284E-2 5.76869E-2 4.55188E-2 1.03461E-1 5.95251E-2 4.93221E-2 9.23076E-3 1.29023E-3 1.055E-3 7.08288E-3 6.41602E-4 1.55986E-2 4.3555E-4 2.74134E-3 4.06822E-2 1.15249E-2 1.07063E-1 1.26287E-2 7.34788E-4 5.00445E-3 1.82855E-2 4.91982E-2 6.87638E-2 1.58366E-1 3.3279E-2 2.69339E-1 6.83803E-3 3.3017E-2 6.78346E-2 7.50111E-2 1.63802E-1 3.34551E-1 2.62004E-1 3.45876E-1 4.97542E-1 6.66637E-1 5.71849E-1 7.26833E-1 6.92034E-1 6.86693E-1
1.43453E-2 1.07016E-2 3.08041E-2 4.54534E-2 3.50692E-2 1.30671E-1 1.03227E-1 6.55155E-2 1.53119E-1 9.03078E-2 1.75113E-1 2.55905E-1 2.49517E-1 1.88869E-1 1.7806E-1 1.681E-1 6.49597E-1 2.66929E-1 2.45614E-1 2.00615E-1 1.34214E-1 1.0271E-1 1.22549E-1 1.08817E-1 6.22058E-2 5.10383E-2 1.0399E-3 3.61431E-4 1.55864E-3 3.51652E-3 2.90648E-3 2.00689E-2 1.89639E-2 2.96923E-3 2.45085E-3 2.68451E-3 4.13054E-3 1.09418E-2 1.00003E-2 2.37417E-2 4.24486E-2 1.02531E-2 9.62948E-2 2.27799E-2 5.21859E-2 9.79893E-2 3.11322E-1 1.79411E-1 3.9646E-2 8.71616E-2 2.42536E-1 2.92376E-1 2.53259E-1 3.0813E-1 4.07583E-1 4.71253E-1 5.50147E-1 7.69841E-1 7.82635E-1 6.96459E-1 6.90157E-1
3.78331E-4 3.37102E-3 8.07047E-2 2.66643E-2 1.21015E-1 1.67491E-1 7.38662E-2 3.69087E-2 8.05186E-2 1.13355E-1 1.91639E-1 1.65158E-1 1.76522E-1 1.52761E-1 1.68532E-1 2.10697E-1 5.46126E-1 1.65546E-1 1.43116E-1 1.60297E-1 1.11498E-1 9.35489E-2 1.05808E-1 1.33954E-1 1.06007E-1 3.4054E-2 1.4307E-3 1.92155E-2 1.45036E-2 1.47991E-3 9.88283E-3 3.21415E-3 5.1594E-3 1.98201E-4 6.36818E-3 5.12397E-3 2.40706E-3 8.4882E-2 6.57427E-3 -9999 2.96979E-2 8.5421E-3 4.58783E-2 1.28049E-1 5.21609E-2 9.11465E-3 1.62562E-1 9.66219E-2 4.5011E-3 1.6798E-1 2.72093E-1 3.31499E-1 2.94129E-1 3.08171E-1 3.89536E-1 6.46232E-1 7.83587E-1 7.77475E-1 7.37118E-1 7.20782E-1 7.01158E-1
