Candidate_Models_July82022/M_0.9_F_lqp_Set_1_all/Bison.asc
ncols         290
nrows         380
xllcorner     -2197417.7431653
yllcorner     -584827.01486885
cellsize      10000.0
NODATA_value  -9999
[rows 189 to 215 of 380, columns 183 to 243 of 290]
3.47151E-5 3.63285E-5 3.49271E-5 3.25962E-5 2.8285E-5 2.91845E-5 3.15246E-5 3.29011E-5 2.4772E-5 2.45567E-5 2.52587E-5 2.34457E-5 2.60689E-5 2.1857E-5 2.19466E-5 2.09159E-5 2.29152E-5 1.93693E-5 1.90537E-5 1.95649E-5 2.49969E-5 1.89412E-5 1.66022E-5 1.93286E-5 1.98877E-5 1.74291E-5 1.9275E-5 1.93618E-5 1.70751E-5 1.79904E-5 1.75974E-5 1.71372E-5 1.77378E-5 1.97367E-5 1.60064E-5 1.41928E-5 1.79745E-5 1.77143E-5 1.77415E-5 1.75058E-5 1.49028E-5 1.34617E-5 1.32999E-5 1.32303E-5 1.34179E-5 1.31387E-5 1.55028E-5 1.39731E-5 1.7404E-5 1.21558E-5 1.25181E-5 1.06699E-5 1.22075E-5 1.11602E-5 1.18179E-5 1.14771E-5 1.25004E-5 1.12805E-5 1.22158E-5 -9999 -9999
3.19457E-5 3.91215E-5 3.57688E-5 3.34646E-5 3.60588E-5 3.21072E-5 2.94887E-5 2.80097E-5 2.23736E-5 2.55863E-5 3.12785E-5 2.65171E-5 2.38218E-5 2.59243E-5 2.10817E-5 2.13535E-5 2.09405E-5 2.00241E-5 1.9961E-5 1.93119E-5 2.12025E-5 1.79651E-5 1.78287E-5 1.87966E-5 1.95152E-5 1.82044E-5 1.78589E-5 1.75143E-5 1.87751E-5 1.84906E-5 1.61494E-5 1.583E-5 1.75685E-5 1.72829E-5 1.86239E-5 1.95594E-5 2.1732E-5 2.01165E-5 1.73279E-5 1.61183E-5 1.33649E-5 1.43135E-5 1.61294E-5 1.52673E-5 1.33542E-5 1.33588E-5 1.37239E-5 1.6659E-5 2.83376E-5 1.39478E-5 1.15782E-5 1.08667E-5 1.35742E-5 1.18152E-5 1.05539E-5 1.15674E-5 1.29414E-5 1.32434E-5 1.19618E-5 -9999 -9999
3.37433E-5 3.57062E-5 3.51384E-5 3.45036E-5 4.04747E-5 3.19326E-5 2.68783E-5 2.35482E-5 2.40298E-5 3.25322E-5 2.93817E-5 2.82554E-5 2.40616E-5 3.76874E-5 2.34447E-5 2.11804E-5 2.22291E-5 2.09251E-5 2.08374E-5 2.04487E-5 1.84324E-5 1.74143E-5 1.85935E-5 1.69085E-5 1.7847E-5 1.9623E-5 1.74023E-5 1.67578E-5 1.59958E-5 2.00463E-5 1.77348E-5 1.83346E-5 1.90179E-5 1.77334E-5 1.98468E-5 1.74567E-5 1.71492E-5 1.95616E-5 1.63295E-5 1.82048E-5 1.77136E-5 1.68033E-5 1.55536E-5 1.48528E-5 1.50947E-5 1.44719E-5 1.30962E-5 1.34415E-5 1.27956E-5 1.28673E-5 1.21193E-5 2.11482E-5 1.46225E-5 1.09608E-5 1.0954E-5 1.27111E-5 1.3076E-5 1.36358E-5 -9999 -9999 -9999
4.87006E-5 4.10351E-5 3.51461E-5 3.33479E-5 3.27236E-5 3.10565E-5 4.44989E-5 4.78635E-5 3.06869E-5 2.92545E-5 2.57457E-5 2.71469E-5 2.58808E-5 2.38709E-5 2.39407E-5 2.33117E-5 2.23952E-5 1.99619E-5 2.00791E-5 1.83451E-5 1.76762E-5 1.86801E-5 2.98042E-5 2.18029E-5 1.75692E-5 1.9868E-5 1.8939E-5 1.98067E-5 1.88162E-5 1.5819E-5 1.70641E-5 1.7151E-5 1.67722E-5 1.87014E-5 1.85807E-5 1.60542E-5 1.40372E-5 1.76766E-5 1.8165E-5 3.93013E-5 2.01656E-5 1.72695E-5 1.7957E-5 1.68738E-5 1.53181E-5 1.42065E-5 1.48637E-5 1.37752E-5 1.3278E-5 1.29206E-5 1.60093E-5 1.27138E-5 1.13956E-5 1.13303E-5 1.22397E-5 1.37122E-5 1.44897E-5 1.37253E-5 -9999 -9999 -9999
3.6397E-5 3.57704E-5 3.54767E-5 3.40078E-5 3.48258E-5 3.92467E-5 3.68703E-5 6.82356E-5 3.0999E-5 3.09301E-5 2.64436E-5 2.72633E-5 2.45167E-5 2.50991E-5 2.46896E-5 2.38038E-5 2.32055E-5 2.07019E-5 1.9768E-5 1.84559E-5 1.96662E-5 2.84717E-5 3.16474E-5 4.0839E-5 1.92347E-5 1.82158E-5 1.76022E-5 1.83902E-5 1.63584E-5 1.54753E-5 1.9702E-5 2.19835E-5 1.86355E-5 1.92804E-5 1.88874E-5 1.81193E-5 2.01656E-5 1.94848E-5 2.08246E-5 4.25334E-5 1.9915E-5 1.8271E-5 1.7352E-5 1.67165E-5 1.70086E-5 1.51589E-5 1.35488E-5 1.29751E-5 1.2945E-5 1.24021E-5 1.64873E-5 1.44361E-5 1.56255E-5 1.43903E-5 1.15089E-5 1.26948E-5 1.30389E-5 1.273E-5 -9999 -9999 -9999
4.02539E-5 4.00407E-5 5.76821E-5 3.42544E-5 3.33066E-5 3.91154E-5 3.16968E-5 3.13459E-5 3.19112E-5 2.91834E-5 2.73703E-5 2.50786E-5 2.5588E-5 2.62258E-5 2.46622E-5 2.35408E-5 2.28728E-5 2.36141E-5 2.03696E-5 2.31534E-5 2.10317E-5 1.9418E-5 3.20923E-5 2.15322E-5 2.32511E-5 1.98859E-5 1.93503E-5 1.78065E-5 2.36479E-5 1.94892E-5 1.97284E-5 1.83333E-5 1.7819E-5 2.00277E-5 1.58804E-5 1.58581E-5 1.75559E-5 1.68921E-5 2.23189E-5 2.1219E-5 1.8762E-5 1.93978E-5 1.8287E-5 1.65942E-5 1.6098E-5 1.53387E-5 1.33653E-5 1.37867E-5 1.38338E-5 1.30871E-5 1.37478E-5 1.34244E-5 1.24175E-5 1.41152E-5 1.25913E-5 1.20453E-5 1.25367E-5 -9999 -9999 -9999 -9999
6.31455E-5 3.8105E-5 4.03109E-5 6.76649E-5 4.82194E-5 3.50312E-5 3.97724E-5 5.72317E-5 5.65803E-5 3.9654E-5 2.75509E-5 2.46476E-5 2.68098E-5 2.71372E-5 2.48806E-5 2.45889E-5 2.32482E-5 2.33802E-5 2.54607E-5 2.29795E-5 2.25046E-5 2.14329E-5 2.22738E-5 4.54354E-5 2.37428E-5 2.04681E-5 1.92142E-5 1.65588E-5 1.86625E-5 1.80451E-5 1.91116E-5 1.64729E-5 1.72325E-5 1.92865E-5 1.83134E-5 1.92956E-5 1.6892E-5 1.59205E-5 2.24802E-5 1.96607E-5 2.05288E-5 2.26985E-5 2.06819E-5 1.80408E-5 1.73739E-5 1.55358E-5 1.46199E-5 1.51342E-5 1.38252E-5 1.40331E-5 1.38608E-5 1.45784E-5 1.50945E-5 1.53338E-5 1.41649E-5 1.2968E-5 1.45408E-5 -9999 -9999 -9999 -9999
9.14317E-5 3.97232E-5 4.01676E-5 5.38669E-5 3.33327E-5 4.75044E-5 4.04627E-5 7.12833E-5 7.62362E-5 2.80214E-5 5.17525E-5 6.7518E-5 2.45421E-5 2.8996E-5 2.66836E-5 2.6015E-5 2.47856E-5 2.24032E-5 2.29527E-5 2.24762E-5 2.31947E-5 2.697E-5 2.11592E-5 2.15586E-5 1.96463E-5 2.34747E-5 2.29515E-5 1.88235E-5 2.13123E-5 1.93608E-5 2.03879E-5 1.94485E-5 1.71109E-5 1.6322E-5 1.95045E-5 1.96275E-5 1.94609E-5 1.9594E-5 2.12029E-5 1.8322E-5 2.02761E-5 1.97184E-5 1.6952E-5 1.83425E-5 1.62463E-5 1.59075E-5 1.49941E-5 1.54776E-5 1.45888E-5 1.46144E-5 1.48421E-5 1.52495E-5 1.5364E-5 1.39015E-5 1.37306E-5 1.31764E-5 1.51924E-5 -9999 -9999 -9999 -9999
4.35353E-5 3.80367E-5 4.10872E-5 4.03655E-5 3.81276E-5 4.06009E-5 8.38493E-5 8.91165E-5 6.44219E-5 2.78182E-5 7.26279E-5 4.32419E-5 2.66669E-5 2.87605E-5 2.75753E-5 2.71251E-5 2.54274E-5 2.36607E-5 2.39631E-5 2.43787E-5 2.26127E-5 2.2202E-5 2.11277E-5 2.31735E-5 3.55269E-5 2.59855E-5 2.21806E-5 2.00157E-5 1.84847E-5 2.02826E-5 2.04511E-5 1.97845E-5 1.91568E-5 1.89485E-5 2.21617E-5 2.02335E-5 2.06337E-5 1.83425E-5 1.89948E-5 1.72305E-5 2.12948E-5 2.02384E-5 1.87032E-5 1.77783E-5 1.69537E-5 1.71789E-5 1.75403E-5 1.65045E-5 1.48187E-5 1.5544E-5 1.58482E-5 1.43453E-5 1.49127E-5 1.40415E-5 1.38266E-5 1.44078E-5 -9999 -9999 -9999 -9999 -9999
3.55466E-5 3.6035E-5 3.75627E-5 3.85758E-5 3.71345E-5 3.85255E-5 4.24856E-5 3.6387E-5 3.31431E-5 2.82641E-5 3.38194E-5 2.73299E-5 3.02928E-5 2.95733E-5 2.86994E-5 2.86228E-5 2.88343E-5 2.75156E-5 2.47433E-5 2.58428E-5 2.57568E-5 2.1394E-5 2.44639E-5 2.47089E-5 2.28006E-5 2.33197E-5 2.47945E-5 2.35802E-5 1.96732E-5 1.87238E-5 2.05818E-5 2.11407E-5 1.87286E-5 2.09082E-5 2.08108E-5 2.2138E-5 2.08824E-5 1.86557E-5 1.87054E-5 2.0928E-5 2.02709E-5 2.21284E-5 1.86856E-5 1.84976E-5 1.87167E-5 1.85709E-5 1.90289E-5 1.78792E-5 1.63753E-5 1.75483E-5 1.55934E-5 1.44242E-5 1.44941E-5 1.42416E-5 1.59286E-5 1.49549E-5 -9999 -9999 -9999 -9999 -9999
3.51503E-5 4.18075E-5 4.46431E-5 3.72423E-5 3.88277E-5 3.67702E-5 3.56118E-5 3.67323E-5 3.52463E-5 3.01707E-5 3.23771E-5 3.12824E-5 2.83908E-5 3.01829E-5 3.1936E-5 3.02197E-5 2.79066E-5 2.79681E-5 2.71527E-5 3.40915E-5 5.00066E-5 2.19397E-5 2.61046E-5 3.12143E-5 2.49023E-5 2.65096E-5 2.60706E-5 2.57908E-5 2.20678E-5 2.20854E-5 2.38093E-5 2.32604E-5 2.24781E-5 2.31736E-5 2.24489E-5 2.09991E-5 1.7492E-5 1.93184E-5 2.00022E-5 2.21849E-5 1.96576E-5 2.07278E-5 1.73414E-5 1.97732E-5 2.0253E-5 1.9734E-5 1.9814E-5 1.82989E-5 1.654E-5 1.47284E-5 1.54056E-5 1.42042E-5 1.43845E-5 1.44306E-5 1.55652E-5 1.63301E-5 -9999 -9999 -9999 -9999 -9999
4.17903E-5 4.27219E-5 4.29434E-5 4.09842E-5 3.60668E-5 3.77249E-5 3.67295E-5 3.8916E-5 3.53652E-5 3.33947E-5 3.13791E-5 3.05392E-5 3.20194E-5 2.97114E-5 3.18078E-5 3.04964E-5 2.83563E-5 3.10563E-5 2.8536E-5 5.39038E-5 4.21384E-5 2.49669E-5 3.2708E-5 2.96313E-5 2.60508E-5 2.628E-5 2.84401E-5 3.04873E-5 2.96562E-5 2.55448E-5 2.47569E-5 2.594E-5 2.62899E-5 2.2915E-5 2.47791E-5 2.16021E-5 1.90436E-5 1.9336E-5 2.1301E-5 2.44863E-5 2.07058E-5 2.08977E-5 2.03797E-5 2.08657E-5 1.91756E-5 1.91207E-5 1.9271E-5 1.71063E-5 1.80164E-5 1.75854E-5 1.74611E-5 1.70223E-5 1.62834E-5 1.75857E-5 1.86357E-5 1.7799E-5 -9999 -9999 -9999 -9999 -9999
4.56753E-5 4.45428E-5 4.36671E-5 4.13211E-5 3.99067E-5 4.01868E-5 4.00518E-5 3.82156E-5 3.80566E-5 3.62153E-5 3.47352E-5 3.05916E-5 3.02068E-5 2.98538E-5 2.94413E-5 2.93909E-5 2.9506E-5 3.14333E-5 3.17179E-5 6.12948E-5 4.39874E-5 2.76375E-5 2.94619E-5 3.0347E-5 2.93829E-5 2.62212E-5 2.89505E-5 3.01518E-5 2.60241E-5 2.79666E-5 2.37327E-5 2.53974E-5 2.46233E-5 2.08519E-5 2.38881E-5 2.21334E-5 2.42447E-5 2.30326E-5 2.38692E-5 2.54002E-5 2.289E-5 2.1373E-5 2.24538E-5 2.04537E-5 2.08648E-5 1.95895E-5 1.8537E-5 1.81828E-5 1.70497E-5 1.75185E-5 1.70496E-5 1.8511E-5 1.85582E-5 1.87002E-5 1.75498E-5 -9999 -9999 -9999 -9999 -9999 -9999
4.53337E-5 4.59305E-5 4.15151E-5 4.30905E-5 4.11713E-5 4.05022E-5 3.98963E-5 3.86511E-5 3.66093E-5 3.46836E-5 3.11527E-5 3.11578E-5 3.36529E-5 3.10509E-5 3.20927E-5 3.00693E-5 3.5204E-5 3.33411E-5 4.72697E-5 3.62708E-5 2.8685E-5 2.86339E-5 3.10502E-5 2.92451E-5 2.5448E-5 2.59712E-5 2.94434E-5 2.97691E-5 2.74414E-5 2.81031E-5 2.73475E-5 2.59035E-5 2.56024E-5 2.47758E-5 2.81394E-5 2.68955E-5 2.31085E-5 2.29356E-5 2.19435E-5 2.45837E-5 2.60443E-5 2.51334E-5 2.18465E-5 1.98985E-5 2.02064E-5 2.20478E-5 2.11229E-5 2.02581E-5 1.94858E-5 1.92552E-5 1.84759E-5 1.98242E-5 1.98543E-5 1.90573E-5 2.00496E-5 -9999 -9999 -9999 -9999 -9999 -9999
4.92129E-5 4.69525E-5 4.41776E-5 4.52828E-5 4.35549E-5 4.40675E-5 4.22781E-5 3.93415E-5 3.99301E-5 3.95069E-5 3.40949E-5 3.50342E-5 3.51912E-5 3.65499E-5 3.38396E-5 3.3342E-5 5.18801E-5 4.43479E-5 3.07212E-5 2.83586E-5 3.01462E-5 3.54322E-5 3.30961E-5 3.11744E-5 2.83138E-5 3.09631E-5 2.7147E-5 2.8032E-5 2.65369E-5 2.67128E-5 3.23482E-5 2.77312E-5 3.1151E-5 2.77912E-5 2.81627E-5 2.7289E-5 2.55941E-5 2.0483E-5 2.57634E-5 2.46317E-5 2.64781E-5 2.36801E-5 2.46724E-5 2.37199E-5 2.31377E-5 1.73307E-5 2.03703E-5 2.2819E-5 2.16655E-5 2.13729E-5 2.11965E-5 2.52738E-5 2.29976E-5 2.07129E-5 2.17386E-5 -9999 -9999 -9999 -9999 -9999 -9999
4.95219E-5 5.04636E-5 4.56066E-5 4.9714E-5 4.82291E-5 4.49876E-5 4.47669E-5 4.2286E-5 4.32498E-5 4.0222E-5 4.06045E-5 3.90348E-5 3.95332E-5 4.20369E-5 5.07347E-5 4.724E-5 3.49379E-5 3.65879E-5 3.66592E-5 3.58078E-5 3.12045E-5 3.04537E-5 3.11983E-5 3.17674E-5 3.17595E-5 3.11603E-5 3.58894E-5 3.03426E-5 3.12722E-5 3.22743E-5 3.02047E-5 3.06797E-5 3.11728E-5 3.13372E-5 2.77032E-5 2.33783E-5 2.70175E-5 2.43962E-5 2.77927E-5 2.58911E-5 2.50797E-5 2.19614E-5 2.55493E-5 2.69789E-5 2.43521E-5 2.11358E-5 2.19547E-5 2.17341E-5 2.19528E-5 2.10698E-5 2.16349E-5 2.13498E-5 2.19545E-5 2.16009E-5 -9999 -9999 -9999 -9999 -9999 -9999 -9999
5.10796E-5 5.47514E-5 5.04505E-5 5.0651E-5 5.49686E-5 5.18269E-5 4.94236E-5 5.22656E-5 4.17825E-5 3.88205E-5 4.40986E-5 4.28244E-5 3.577E-5 3.88445E-5 4.92601E-5 3.71039E-5 3.35202E-5 3.45503E-5 4.54537E-5 3.3852E-5 3.1874E-5 2.82518E-5 3.39567E-5 3.24621E-5 3.53402E-5 3.56428E-5 3.71473E-5 3.36222E-5 3.416E-5 3.29656E-5 3.324E-5 3.24495E-5 3.03775E-5 2.96832E-5 2.76246E-5 2.45023E-5 2.92873E-5 2.83744E-5 2.89727E-5 2.7409E-5 2.7592E-5 2.62394E-5 2.5497E-5 2.65234E-5 2.61349E-5 2.55663E-5 2.47147E-5 2.2347E-5 2.25505E-5 2.1838E-5 2.29113E-5 2.14778E-5 2.37478E-5 2.28767E-5 -9999 -9999 -9999 -9999 -9999 -9999 -9999
5.91037E-5 5.32592E-5 6.07364E-5 5.76642E-5 5.7664E-5 5.15811E-5 4.9374E-5 4.75604E-5 4.34269E-5 3.75398E-5 4.23171E-5 4.61347E-5 5.47188E-5 5.06226E-5 4.25507E-5 4.49321E-5 5.31551E-5 4.46748E-5 3.72977E-5 3.6959E-5 3.37266E-5 5.29718E-5 3.68088E-5 3.47954E-5 3.30255E-5 3.88821E-5 3.96698E-5 3.61022E-5 3.23544E-5 3.39075E-5 3.67902E-5 3.20898E-5 3.33428E-5 3.17298E-5 2.9166E-5 2.84474E-5 2.83899E-5 2.82533E-5 2.67596E-5 2.43934E-5 2.52992E-5 2.89404E-5 2.71135E-5 2.69977E-5 2.57377E-5 2.6851E-5 2.64458E-5 2.55422E-5 2.47327E-5 2.48712E-5 2.44823E-5 2.26028E-5 2.44615E-5 2.25784E-5 -9999 -9999 -9999 -9999 -9999 -9999 -9999
5.88105E-5 5.75628E-5 6.6915E-5 5.89586E-5 5.64905E-5 5.30145E-5 5.27305E-5 4.7335E-5 4.67986E-5 4.30128E-5 4.02187E-5 4.40178E-5 4.54146E-5 4.3896E-5 4.89644E-5 6.37445E-5 8.36904E-5 4.13758E-5 3.94713E-5 3.8851E-5 3.85515E-5 3.71034E-5 3.98597E-5 4.09861E-5 3.59948E-5 3.87717E-5 4.09786E-5 3.86845E-5 3.58882E-5 3.90441E-5 3.41899E-5 3.90287E-5 3.17161E-5 3.12713E-5 3.30528E-5 3.36827E-5 2.8433E-5 2.70525E-5 2.96671E-5 2.75766E-5 2.84816E-5 2.88067E-5 2.80592E-5 2.81835E-5 2.73224E-5 2.72776E-5 2.6558E-5 2.58118E-5 2.65502E-5 2.64593E-5 2.64542E-5 2.68991E-5 2.59944E-5 -9999 -9999 -9999 -9999 -9999 -9999 -9999 -9999
5.87589E-5 5.19345E-5 6.67021E-5 5.59914E-5 5.91052E-5 5.73059E-5 6.66856E-5 6.08888E-5 5.70428E-5 4.76212E-5 4.72608E-5 4.39074E-5 4.28138E-5 4.65528E-5 5.04043E-5 8.60009E-5 8.79326E-5 5.34994E-5 3.92674E-5 3.63784E-5 3.88912E-5 4.15752E-5 4.28737E-5 3.94919E-5 4.32426E-5 4.24959E-5 4.02768E-5 3.64467E-5 3.51173E-5 3.9102E-5 3.65873E-5 3.65165E-5 3.41171E-5 3.58257E-5 3.4645E-5 3.59284E-5 3.4768E-5 3.11497E-5 3.06959E-5 3.2203E-5 3.0961E-5 2.96969E-5 3.08867E-5 2.94728E-5 2.89671E-5 2.51164E-5 2.92647E-5 2.93246E-5 2.81056E-5 2.8089E-5 3.63475E-5 2.61647E-5 2.25493E-5 -9999 -9999 -9999 -9999 -9999 -9999 -9999 -9999
7.09553E-5 6.94346E-5 6.39874E-5 5.58964E-5 6.06605E-5 6.72743E-5 7.52486E-5 6.83964E-5 1.27924E-4 6.3251E-5 5.03142E-5 4.74097E-5 4.50346E-5 4.72051E-5 5.15952E-5 6.24864E-5 5.25908E-5 4.42353E-5 4.43082E-5 3.93962E-5 4.75377E-5 4.42059E-5 4.49988E-5 4.39818E-5 4.65967E-5 4.63493E-5 4.51625E-5 4.33885E-5 4.43922E-5 4.1751E-5 3.68341E-5 3.60351E-5 3.87767E-5 3.45311E-5 3.61346E-5 3.56304E-5 3.43238E-5 3.06899E-5 3.15723E-5 3.38902E-5 3.0445E-5 3.25283E-5 3.25176E-5 3.24952E-5 3.1529E-5 2.77481E-5 2.85223E-5 2.96794E-5 2.99694E-5 3.10976E-5 3.54949E-5 2.3581E-5 2.37901E-5 -9999 -9999 -9999 -9999 -9999 -9999 -9999 -9999
6.48831E-5 6.78799E-5 6.56039E-5 6.74635E-5 7.52903E-5 7.80899E-5 5.82556E-5 5.31563E-5 9.01033E-5 8.98319E-5 5.22799E-5 5.05576E-5 4.89897E-5 5.10434E-5 4.69305E-5 4.46393E-5 4.73747E-5 4.34962E-5 4.5042E-5 4.6794E-5 4.83888E-5 4.50085E-5 4.77486E-5 4.18758E-5 4.72023E-5 4.50284E-5 5.35997E-5 5.53614E-5 4.55641E-5 4.46086E-5 3.96785E-5 3.72353E-5 3.67282E-5 3.85896E-5 3.78562E-5 3.64547E-5 3.5223E-5 3.5732E-5 3.58654E-5 3.59077E-5 3.33549E-5 3.0695E-5 3.55982E-5 3.28254E-5 3.37912E-5 2.82487E-5 3.23576E-5 3.3109E-5 3.08867E-5 3.20276E-5 2.56665E-5 2.86815E-5 2.98358E-5 -9999 -9999 -9999 -9999 -9999 -9999 -9999 -9999
7.56511E-5 5.90467E-5 5.80232E-5 6.75983E-5 7.30398E-5 7.45476E-5 7.05668E-5 6.40944E-5 6.54624E-5 6.98901E-5 7.60279E-5 5.58204E-5 5.54313E-5 5.25179E-5 4.52725E-5 4.4778E-5 4.55037E-5 4.79197E-5 5.44432E-5 5.16715E-5 5.2522E-5 5.38918E-5 4.65999E-5 4.75037E-5 4.95439E-5 4.97911E-5 5.05952E-5 5.63426E-5 5.98566E-5 4.72004E-5 4.52755E-5 4.01877E-5 3.70327E-5 3.99322E-5 3.42352E-5 3.80515E-5 3.71435E-5 3.63888E-5 3.8688E-5 3.83545E-5 3.5952E-5 3.18494E-5 3.32638E-5 3.0147E-5 2.89985E-5 2.7325E-5 3.40783E-5 3.23008E-5 2.98673E-5 3.41461E-5 3.36435E-5 3.26259E-5 -9999 -9999 -9999 -9999 -9999 -9999 -9999 -9999 -9999
7.66451E-5 6.79522E-5 6.74074E-5 6.81644E-5 7.10337E-5 7.82845E-5 6.60678E-5 6.34181E-5 6.35348E-5 5.61675E-5 5.92743E-5 6.16357E-5 6.07437E-5 5.12138E-5 5.03957E-5 5.28149E-5 5.14311E-5 4.98497E-5 5.48365E-5 5.57678E-5 5.82206E-5 5.61281E-5 5.35248E-5 6.51943E-5 8.54138E-5 5.23692E-5 5.20865E-5 5.1571E-5 6.11574E-5 4.9441E-5 4.38575E-5 4.05228E-5 4.06032E-5 4.17248E-5 3.94952E-5 3.81374E-5 3.92931E-5 3.21923E-5 4.16981E-5 3.90859E-5 3.92296E-5 3.51561E-5 3.93301E-5 3.14029E-5 3.1422E-5 3.28834E-5 3.62217E-5 3.67605E-5 3.3918E-5 3.53608E-5 3.45602E-5 3.16159E-5 -9999 -9999 -9999 -9999 -9999 -9999 -9999 -9999 -9999
8.58429E-5 6.95555E-5 8.51737E-5 6.38573E-5 6.09849E-5 6.76041E-5 7.17369E-5 6.10858E-5 5.84029E-5 6.05384E-5 5.86528E-5 6.87557E-5 5.98744E-5 4.45551E-5 5.66607E-5 6.65031E-5 5.43107E-5 5.25871E-5 4.87619E-5 5.73966E-5 5.86467E-5 5.26192E-5 5.42598E-5 5.66899E-5 9.85556E-5 5.63537E-5 5.55849E-5 5.54639E-5 5.33829E-5 4.92646E-5 5.00774E-5 4.63063E-5 4.71331E-5 4.30783E-5 4.29179E-5 4.16791E-5 3.90392E-5 3.41195E-5 4.20798E-5 4.15028E-5 4.04308E-5 3.77013E-5 3.86211E-5 3.47551E-5 3.17358E-5 3.38171E-5 3.7214E-5 3.79616E-5 4.60472E-5 3.5699E-5 3.17862E-5 3.17889E-5 -9999 -9999 -9999 -9999 -9999 -9999 -9999 -9999 -9999
1.04887E-4 7.08604E-5 8.96979E-5 6.12829E-5 7.46443E-5 6.83477E-5 5.77129E-5 5.66342E-5 6.15483E-5 5.77172E-5 6.09015E-5 6.16847E-5 6.39809E-5 4.94496E-5 6.6553E-5 6.02553E-5 5.43183E-5 6.19116E-5 7.24167E-5 5.80371E-5 6.03059E-5 5.10454E-5 4.50694E-5 5.694E-5 6.02103E-5 5.7048E-5 5.35006E-5 5.51048E-5 5.08158E-5 4.88255E-5 5.29618E-5 4.91034E-5 4.53807E-5 3.71878E-5 3.97202E-5 4.2961E-5 3.92939E-5 3.67809E-5 4.30852E-5 3.94805E-5 3.9714E-5 3.93889E-5 3.83523E-5 3.60217E-5 3.57899E-5 3.50956E-5 3.53652E-5 3.71997E-5 4.26754E-5 3.83812E-5 3.72127E-5 -9999 -9999 -9999 -9999 -9999 -9999 -9999 -9999 -9999 -9999
7.53794E-5 7.26038E-5 6.15996E-5 7.24635E-5 6.58139E-5 5.33264E-5 5.41445E-5 5.44951E-5 6.06758E-5 5.76498E-5 6.47726E-5 6.19219E-5 7.38061E-5 7.04327E-5 6.67439E-5 6.29603E-5 6.99826E-5 5.61485E-5 5.83734E-5 6.53029E-5 5.8165E-5 4.73954E-5 4.4795E-5 6.00611E-5 5.96097E-5 4.94475E-5 4.97141E-5 5.64118E-5 5.30651E-5 4.69745E-5 5.06561E-5 4.99759E-5 4.9415E-5 4.86263E-5 4.45444E-5 4.48801E-5 4.44746E-5 3.81876E-5 3.89209E-5 3.90712E-5 3.87944E-5 4.077E-5 3.80498E-5 3.89411E-5 3.77937E-5 3.67265E-5 3.79714E-5 4.09272E-5 4.17725E-5 3.91596E-5 4.16641E-5 -9999 -9999 -9999 -9999 -9999 -9999 -9999 -9999 -9999 -9999
