Candidate_Models_July82022/M_0.9_F_lqp_Set_1_all/Bison.asc
ncols         290
nrows         380
xllcorner     -2197417.7431653
yllcorner     -584827.01486885
cellsize      10000.0
NODATA_value  -9999
[rows 135 to 161 of 380, columns 122 to 182 of 290]
2.37484E-5 2.52242E-5 2.93629E-5 2.90623E-5 3.96212E-5 3.17914E-5 2.79675E-5 3.60471E-5 6.51803E-5 2.85017E-5 2.3905E-5 2.59625E-5 2.81139E-5 2.82891E-5 2.7951E-5 2.70846E-5 2.62104E-5 2.75435E-5 2.77185E-5 2.74565E-5 2.78318E-5 2.75436E-5 2.61135E-5 2.88291E-5 4.22961E-5 4.1625E-5 3.1704E-5 3.31149E-5 3.05064E-5 2.84282E-5 4.3796E-5 4.54118E-5 2.18517E-5 1.52948E-5 3.11849E-5 2.16496E-5 2.75726E-5 3.16442E-5 1.59319E-5 1.63662E-5 1.62638E-5 1.62246E-5 1.2112E-5 1.44321E-5 1.0341E-5 2.32978E-5 1.39429E-5 1.17754E-5 1.24559E-5 9.17005E-6 6.91976E-6 5.95662E-6 6.24326E-6 7.58784E-6 1.12591E-5 1.68091E-5 1.12028E-5 9.50846E-6 8.59258E-6 9.27528E-6 6.21384E-6
2.50598E-5 2.16584E-5 2.16346E-5 3.25553E-5 4.87214E-5 4.33931E-5 3.3771E-5 3.5067E-5 7.13631E-5 6.59065E-5 3.35925E-5 3.01794E-5 2.98158E-5 2.87262E-5 2.68959E-5 2.67146E-5 2.69882E-5 2.68873E-5 2.65899E-5 2.66825E-5 3.05688E-5 2.68293E-5 2.50265E-5 2.99189E-5 3.92646E-5 2.93287E-5 3.17151E-5 3.30397E-5 2.9023E-5 3.44879E-5 4.22349E-5 3.4332E-5 3.60533E-5 2.28411E-5 2.12401E-5 2.06911E-5 2.37558E-5 2.45474E-5 2.42794E-5 1.68044E-5 1.52371E-5 1.47836E-5 1.32953E-5 1.09837E-5 1.11631E-5 2.23999E-5 1.46252E-5 1.19802E-5 1.23174E-5 9.63116E-6 7.04214E-6 6.44009E-6 6.46581E-6 7.8802E-6 8.75494E-6 2.25551E-5 1.77881E-5 1.08287E-5 8.93551E-6 7.98048E-6 5.8535E-6
1.91846E-5 1.61119E-5 1.67966E-5 2.41126E-5 3.23332E-5 3.63077E-5 4.08108E-5 2.9927E-5 6.56771E-5 8.41073E-5 5.96359E-5 4.31387E-5 4.9662E-5 3.77419E-5 3.55202E-5 3.44456E-5 4.0276E-5 3.83239E-5 3.51257E-5 3.9044E-5 4.00477E-5 3.54259E-5 3.40597E-5 3.79302E-5 3.33896E-5 3.45367E-5 3.04468E-5 2.72435E-5 3.28737E-5 3.73734E-5 4.06431E-5 4.65393E-5 4.25423E-5 2.87296E-5 2.05971E-5 2.07819E-5 2.21732E-5 3.03398E-5 1.57313E-5 1.84458E-5 1.80364E-5 1.6832E-5 1.54953E-5 1.48062E-5 1.4938E-5 1.21595E-5 1.12177E-5 1.75418E-5 1.03429E-5 8.60169E-6 7.84362E-6 7.35686E-6 8.80845E-6 1.1515E-5 1.04457E-5 8.63516E-6 9.57222E-6 8.27489E-6 8.19094E-6 5.59022E-6 4.32649E-6
2.19014E-5 1.82989E-5 1.72821E-5 2.38981E-5 2.27762E-5 2.45206E-5 2.51604E-5 2.62937E-5 2.72845E-5 4.23012E-5 4.30237E-5 4.85362E-5 4.89998E-5 4.28643E-5 5.02183E-5 4.00932E-5 4.06833E-5 3.5964E-5 3.73927E-5 3.77448E-5 3.92325E-5 3.77626E-5 3.80438E-5 3.60312E-5 3.75922E-5 2.87295E-5 2.84061E-5 2.74702E-5 3.15347E-5 2.96503E-5 3.17381E-5 2.72126E-5 3.33066E-5 2.82036E-5 3.33728E-5 2.23215E-5 2.04814E-5 2.45356E-5 1.97102E-5 1.84443E-5 1.75989E-5 2.25835E-5 1.61538E-5 1.48492E-5 2.7911E-5 1.1551E-5 1.09753E-5 1.4153E-5 1.32452E-5 1.03256E-5 7.09314E-6 6.72377E-6 1.10237E-5 1.23148E-5 8.03197E-6 9.52629E-6 1.61459E-5 1.71243E-5 8.82583E-6 8.82897E-6 7.65087E-6
3.13413E-5 2.48571E-5 2.18958E-5 2.6921E-5 2.3296E-5 2.36439E-5 2.4722E-5 2.47082E-5 2.16894E-5 5.77774E-5 6.47514E-5 4.73011E-5 4.7688E-5 8.0573E-5 7.961E-5 5.55388E-5 3.55819E-5 3.83116E-5 3.32303E-5 3.29658E-5 3.19327E-5 3.62546E-5 3.78964E-5 3.55411E-5 3.73425E-5 3.06573E-5 3.39313E-5 3.45795E-5 3.54687E-5 2.98669E-5 2.90553E-5 3.32951E-5 2.60957E-5 2.5115E-5 3.35583E-5 3.63868E-5 2.38113E-5 2.03165E-5 1.87648E-5 2.01E-5 1.68899E-5 3.77683E-5 2.09032E-5 2.29282E-5 1.9658E-5 1.00042E-5 1.32013E-5 1.22108E-5 1.10714E-5 1.00638E-5 8.12459E-6 9.00954E-6 1.00625E-5 1.2408E-5 1.19683E-5 1.02122E-5 9.76392E-6 7.84046E-6 9.92543E-6 1.33853E-5 8.15217E-6
2.77028E-5 2.15067E-5 2.1601E-5 2.97293E-5 2.18287E-5 2.40112E-5 2.18134E-5 2.78136E-5 4.04699E-5 4.59916E-5 7.20182E-5 4.29887E-5 5.77853E-5 4.763E-5 4.14829E-5 6.78916E-5 6.40025E-5 3.76826E-5 3.30501E-5 3.4484E-5 3.45931E-5 3.16615E-5 3.69787E-5 3.72793E-5 3.58455E-5 3.11626E-5 2.68395E-5 3.05757E-5 3.40263E-5 3.26959E-5 2.89589E-5 2.16623E-5 3.52564E-5 2.78488E-5 2.89621E-5 3.17218E-5 2.23958E-5 2.08821E-5 2.29364E-5 2.81232E-5 1.55988E-5 2.19739E-5 2.17212E-5 1.26893E-5 1.66134E-5 1.48496E-5 1.46043E-5 1.18649E-5 9.77789E-6 8.01733E-6 7.84392E-6 8.44896E-6 1.61962E-5 1.38701E-5 1.29618E-5 9.39208E-6 9.5718E-6 6.90728E-6 5.34894E-6 7.2286E-6 6.64538E-6
2.13454E-5 1.99713E-5 2.30017E-5 2.39895E-5 2.40038E-5 2.36737E-5 2.55757E-5 2.58875E-5 3.48188E-5 2.9622E-5 4.70064E-5 4.50947E-5 7.1703E-5 4.33001E-5 4.23335E-5 4.0124E-5 3.31713E-5 3.11383E-5 3.1804E-5 3.29509E-5 3.34784E-5 3.45833E-5 3.84905E-5 4.0597E-5 4.32652E-5 3.064E-5 3.66956E-5 3.37976E-5 3.56992E-5 4.06212E-5 3.03465E-5 3.964E-5 4.53453E-5 2.27887E-5 2.96073E-5 2.7883E-5 2.38712E-5 2.02022E-5 2.2156E-5 1.89408E-5 1.62305E-5 2.04763E-5 3.83833E-5 3.03947E-5 1.2658E-5 1.16803E-5 1.45753E-5 1.49157E-5 1.03395E-5 6.53687E-6 9.26009E-6 1.09998E-5 1.19083E-5 1.22272E-5 1.19769E-5 1.04429E-5 1.02189E-5 9.49029E-6 9.56832E-6 7.9027E-6 6.39853E-6
1.94439E-5 1.81298E-5 2.20029E-5 2.59682E-5 2.66902E-5 2.70567E-5 2.67852E-5 2.84713E-5 4.15588E-5 5.52739E-5 6.1091E-5 5.20433E-5 5.79987E-5 3.44256E-5 3.95963E-5 3.3692E-5 3.14212E-5 3.20245E-5 3.27829E-5 3.70118E-5 2.89724E-5 3.202E-5 3.37017E-5 4.18901E-5 3.84004E-5 3.44639E-5 3.24618E-5 2.7955E-5 3.67024E-5 4.38309E-5 5.3792E-5 4.50695E-5 2.29733E-5 2.38996E-5 3.24738E-5 2.65051E-5 3.52452E-5 2.32802E-5 2.15033E-5 1.98545E-5 1.88696E-5 1.86442E-5 2.20219E-5 2.38675E-5 1.09477E-5 1.2259E-5 1.27744E-5 1.18719E-5 9.11093E-6 9.04483E-6 1.29012E-5 1.27922E-5 1.09481E-5 1.5478E-5 1.30161E-5 2.05154E-5 1.44809E-5 8.25799E-6 9.80392E-6 8.55965E-6 8.12927E-6
1.93389E-5 2.02239E-5 2.36026E-5 2.72385E-5 2.82472E-5 2.48769E-5 2.1861E-5 3.10293E-5 3.64401E-5 3.95767E-5 2.18613E-5 2.79879E-5 2.76045E-5 2.05349E-5 3.53463E-5 3.192E-5 3.02934E-5 3.0857E-5 3.33152E-5 3.21658E-5 2.62023E-5 2.86943E-5 3.48317E-5 4.02324E-5 3.34414E-5 3.04213E-5 3.26846E-5 3.17916E-5 3.56968E-5 4.40129E-5 3.00345E-5 3.14657E-5 2.39464E-5 3.46398E-5 2.50103E-5 2.60542E-5 2.56946E-5 2.46674E-5 2.20193E-5 2.13029E-5 1.91839E-5 1.93069E-5 1.93394E-5 1.86064E-5 1.37388E-5 1.43072E-5 1.05576E-5 1.04221E-5 1.02918E-5 1.16064E-5 1.12901E-5 9.9739E-6 9.50621E-6 9.04669E-6 1.26349E-5 1.48139E-5 1.14455E-5 1.13879E-5 1.0891E-5 9.75357E-6 7.22146E-6
2.41562E-5 2.57156E-5 3.05266E-5 2.6001E-5 2.80946E-5 2.23485E-5 2.32525E-5 3.2564E-5 4.36602E-5 3.30214E-5 3.21312E-5 2.33673E-5 1.97964E-5 3.18293E-5 4.6445E-5 3.07451E-5 2.52767E-5 3.31741E-5 5.86044E-5 6.47595E-5 2.81468E-5 3.32894E-5 3.67796E-5 2.98742E-5 5.18079E-5 3.32916E-5 3.42584E-5 3.48622E-5 3.20564E-5 6.08305E-5 3.51348E-5 2.29849E-5 3.05386E-5 2.80239E-5 2.33819E-5 2.419E-5 2.6908E-5 2.41052E-5 2.31971E-5 2.07704E-5 2.4672E-5 2.26146E-5 1.93108E-5 1.71653E-5 1.77954E-5 1.63683E-5 1.32479E-5 1.40329E-5 1.47748E-5 1.51935E-5 1.51702E-5 1.06607E-5 1.00722E-5 1.77028E-5 9.42785E-6 8.99188E-6 1.13546E-5 1.11529E-5 1.08766E-5 9.21118E-6 6.67205E-6
2.48284E-5 3.06135E-5 3.04472E-5 2.85885E-5 2.4329E-5 2.32127E-5 2.57592E-5 2.50999E-5 3.41707E-5 5.49515E-5 4.16072E-5 3.62923E-5 3.00905E-5 3.16553E-5 3.428E-5 4.383E-5 3.21633E-5 5.07909E-5 6.72755E-5 4.3496E-5 5.82331E-5 3.11078E-5 3.01792E-5 2.61136E-5 3.78549E-5 3.31222E-5 3.93202E-5 3.3192E-5 2.92953E-5 3.4849E-5 2.8179E-5 3.39444E-5 2.59256E-5 2.2651E-5 2.11487E-5 2.49728E-5 2.35971E-5 2.2999E-5 2.16306E-5 2.21273E-5 2.00303E-5 2.08594E-5 3.07542E-5 1.5796E-5 1.74942E-5 1.82379E-5 1.6835E-5 1.51358E-5 1.60239E-5 1.43628E-5 1.42678E-5 1.02377E-5 1.04705E-5 9.73227E-6 1.30676E-5 1.22676E-5 1.0438E-5 9.69492E-6 1.08729E-5 1.30013E-5 6.84039E-6
2.60259E-5 2.86814E-5 3.23628E-5 2.80861E-5 3.59745E-5 3.50239E-5 3.20983E-5 3.65373E-5 3.73018E-5 4.11544E-5 3.58884E-5 3.52811E-5 3.49423E-5 4.33915E-5 3.94431E-5 3.66212E-5 3.90165E-5 4.16613E-5 6.92735E-5 6.63317E-5 4.99385E-5 5.33311E-5 3.06524E-5 2.59424E-5 3.9197E-5 3.21477E-5 4.73034E-5 3.34497E-5 3.66708E-5 2.793E-5 2.29785E-5 2.97766E-5 2.62001E-5 2.65079E-5 2.66714E-5 2.38787E-5 2.39859E-5 2.34261E-5 2.25426E-5 2.18277E-5 2.13236E-5 1.90651E-5 2.07698E-5 1.59677E-5 1.44252E-5 1.43984E-5 1.27019E-5 1.59768E-5 1.54007E-5 1.26908E-5 1.3608E-5 1.40286E-5 1.07706E-5 1.46713E-5 1.51428E-5 1.41714E-5 1.20817E-5 1.06587E-5 1.23318E-5 9.17683E-6 8.04095E-6
3.22177E-5 3.26779E-5 3.38843E-5 3.31428E-5 4.00562E-5 5.16437E-5 3.62903E-5 3.12558E-5 2.60273E-5 2.85754E-5 2.86239E-5 2.84442E-5 2.71945E-5 2.55219E-5 2.88301E-5 3.06577E-5 2.76309E-5 5.66181E-5 5.3591E-5 3.90297E-5 3.13847E-5 2.9474E-5 3.24121E-5 2.90673E-5 3.23785E-5 2.96855E-5 3.21674E-5 6.10824E-5 2.99181E-5 3.89595E-5 2.83752E-5 2.96075E-5 2.52688E-5 2.54561E-5 2.47932E-5 2.31905E-5 1.87777E-5 2.1714E-5 2.15992E-5 2.13325E-5 2.083E-5 2.12845E-5 1.96548E-5 1.56768E-5 1.72951E-5 1.58391E-5 1.25992E-5 1.37104E-5 1.55231E-5 1.37107E-5 1.61773E-5 2.5741E-5 1.25375E-5 1.39065E-5 1.66314E-5 1.3301E-5 1.06419E-5 8.59684E-6 9.48575E-6 6.82377E-6 6.83571E-6
3.39545E-5 3.36814E-5 3.30179E-5 3.15302E-5 3.14114E-5 6.09058E-5 3.38872E-5 2.892E-5 3.10908E-5 2.97003E-5 3.00429E-5 3.0996E-5 3.07743E-5 3.03629E-5 2.93927E-5 2.86849E-5 4.27545E-5 6.22453E-5 6.23833E-5 6.2335E-5 5.26291E-5 4.99282E-5 3.08259E-5 3.0862E-5 3.05267E-5 2.7484E-5 3.24935E-5 4.76036E-5 4.18435E-5 3.29975E-5 3.15725E-5 3.04662E-5 2.72746E-5 2.57922E-5 2.53173E-5 2.62051E-5 2.12615E-5 2.25409E-5 2.20687E-5 2.12236E-5 2.20475E-5 2.14172E-5 2.04005E-5 1.531E-5 1.55684E-5 1.59769E-5 1.63066E-5 1.42736E-5 1.52782E-5 1.23384E-5 2.48779E-5 2.44362E-5 1.29822E-5 1.70378E-5 1.11841E-5 1.03522E-5 7.46116E-6 7.88222E-6 8.16406E-6 7.21465E-6 7.06838E-6
3.48731E-5 3.26658E-5 3.31476E-5 3.22596E-5 3.0489E-5 3.42387E-5 3.10042E-5 2.88364E-5 3.13495E-5 2.91146E-5 2.75425E-5 2.40772E-5 2.68897E-5 2.78597E-5 2.87466E-5 3.26662E-5 6.37401E-5 5.96916E-5 6.2234E-5 4.02779E-5 3.66785E-5 4.00328E-5 3.04877E-5 3.52406E-5 6.91939E-5 3.26386E-5 3.43227E-5 3.3225E-5 3.15801E-5 2.96806E-5 2.83124E-5 2.49485E-5 2.48751E-5 2.88566E-5 2.61213E-5 2.66865E-5 2.36052E-5 2.25843E-5 2.26606E-5 2.05565E-5 2.19706E-5 2.06287E-5 1.69783E-5 1.32767E-5 1.3434E-5 1.44142E-5 1.35486E-5 1.83609E-5 2.17614E-5 1.39791E-5 1.55155E-5 1.28406E-5 1.44307E-5 1.82128E-5 1.19188E-5 1.00888E-5 7.16927E-6 7.81902E-6 8.2804E-6 9.07557E-6 1.06689E-5
3.70508E-5 3.49556E-5 3.09662E-5 3.22105E-5 3.84643E-5 4.779E-5 2.99855E-5 2.9309E-5 2.70217E-5 2.87245E-5 3.39919E-5 2.3883E-5 2.07166E-5 2.19304E-5 2.66318E-5 3.0488E-5 4.48031E-5 6.41606E-5 7.15728E-5 3.2063E-5 3.08342E-5 2.69898E-5 2.9936E-5 3.16833E-5 3.6072E-5 3.63358E-5 3.69564E-5 3.29359E-5 2.93755E-5 3.29605E-5 3.28575E-5 2.85928E-5 2.43991E-5 3.04711E-5 2.77075E-5 2.58398E-5 2.61605E-5 2.59815E-5 2.22858E-5 1.94523E-5 2.13184E-5 2.2259E-5 1.9333E-5 1.77257E-5 1.54588E-5 1.57423E-5 1.66058E-5 1.65348E-5 2.03353E-5 1.66577E-5 1.57805E-5 1.43792E-5 1.45308E-5 1.38267E-5 1.68294E-5 1.08435E-5 6.87895E-6 9.23104E-6 9.0088E-6 8.51211E-6 9.60504E-6
3.38642E-5 3.4995E-5 3.63146E-5 3.30357E-5 3.42522E-5 6.36575E-5 3.00105E-5 2.84092E-5 2.79743E-5 2.60123E-5 2.50496E-5 3.08302E-5 2.40871E-5 2.49938E-5 2.66835E-5 2.56279E-5 2.79735E-5 3.44879E-5 3.56093E-5 3.16438E-5 2.8833E-5 2.63065E-5 3.11746E-5 3.61984E-5 2.70362E-5 3.14924E-5 3.43519E-5 3.47172E-5 3.30793E-5 3.30091E-5 3.18395E-5 3.53823E-5 2.81264E-5 2.69695E-5 2.84362E-5 2.41127E-5 1.92107E-5 2.16304E-5 2.11039E-5 2.33472E-5 2.24899E-5 2.46035E-5 2.7974E-5 2.42656E-5 1.87518E-5 1.81901E-5 2.30469E-5 2.72166E-5 2.02329E-5 1.81314E-5 1.57285E-5 1.49793E-5 1.47068E-5 1.46254E-5 1.8506E-5 2.22096E-5 8.35858E-6 8.05542E-6 9.14674E-6 7.86385E-6 1.3246E-5
3.54166E-5 3.42708E-5 3.66842E-5 3.38282E-5 3.04641E-5 2.81645E-5 2.76304E-5 2.63117E-5 2.27432E-5 2.60624E-5 2.57912E-5 3.88372E-5 2.83545E-5 2.29543E-5 2.5041E-5 2.64207E-5 3.05554E-5 3.66896E-5 3.12544E-5 4.98594E-5 3.24728E-5 5.51958E-5 3.25302E-5 3.50345E-5 4.06698E-5 3.40528E-5 3.15408E-5 3.59736E-5 3.42583E-5 3.0622E-5 3.19723E-5 3.12327E-5 3.15916E-5 2.86892E-5 3.00892E-5 2.45874E-5 2.60092E-5 2.36159E-5 2.17518E-5 2.32879E-5 2.09332E-5 2.37966E-5 2.68021E-5 3.86929E-5 2.66172E-5 1.7465E-5 1.77315E-5 1.41163E-5 2.03245E-5 1.874E-5 1.78842E-5 1.69529E-5 1.45232E-5 1.48806E-5 1.43102E-5 1.6561E-5 1.43168E-5 1.06595E-5 1.02452E-5 9.6553E-6 1.53148E-5
3.44126E-5 4.07892E-5 3.32063E-5 3.29037E-5 2.87923E-5 2.82882E-5 2.35475E-5 2.87237E-5 4.82274E-5 3.20744E-5 2.35275E-5 6.19607E-5 4.23598E-5 2.1857E-5 3.32147E-5 2.85548E-5 4.06358E-5 3.06309E-5 4.13828E-5 3.41133E-5 4.29881E-5 5.7553E-5 5.03634E-5 3.34018E-5 5.61983E-5 5.94719E-5 5.44484E-5 3.74246E-5 3.60266E-5 3.31682E-5 3.81002E-5 3.46347E-5 2.99759E-5 2.70829E-5 3.09005E-5 3.55214E-5 2.99181E-5 2.25655E-5 1.97342E-5 2.37607E-5 2.35551E-5 2.43796E-5 2.58768E-5 4.54675E-5 3.9234E-5 2.04158E-5 1.92214E-5 1.84957E-5 1.64163E-5 1.36508E-5 1.76023E-5 1.25794E-5 1.35456E-5 1.19333E-5 1.42143E-5 1.46958E-5 1.35661E-5 8.07466E-6 7.90936E-6 9.80308E-6 1.13216E-5
4.10477E-5 3.76791E-5 3.927E-5 3.2639E-5 2.93615E-5 2.70682E-5 2.82603E-5 3.10804E-5 3.35202E-5 2.6651E-5 3.6896E-5 5.63268E-5 2.6375E-5 4.0952E-5 3.88813E-5 3.48047E-5 3.04785E-5 3.19001E-5 3.27465E-5 3.21221E-5 3.2044E-5 3.96596E-5 2.80503E-5 2.82985E-5 4.4561E-5 6.44081E-5 4.23412E-5 3.0104E-5 3.27309E-5 3.22643E-5 3.07095E-5 3.06036E-5 3.08045E-5 3.00466E-5 5.08953E-5 4.88684E-5 3.0523E-5 1.96812E-5 1.87802E-5 1.6856E-5 2.14254E-5 2.57153E-5 2.18654E-5 2.25031E-5 1.78445E-5 1.53138E-5 1.60038E-5 1.41587E-5 1.29955E-5 1.41619E-5 1.87389E-5 1.83553E-5 1.44695E-5 1.25579E-5 1.29685E-5 1.40783E-5 1.26706E-5 1.01908E-5 1.06184E-5 1.17343E-5 1.14212E-5
3.73078E-5 3.40626E-5 3.4495E-5 3.26452E-5 3.05049E-5 3.20826E-5 5.78996E-5 3.47418E-5 2.50233E-5 2.76774E-5 4.31641E-5 2.44458E-5 3.7096E-5 6.4471E-5 7.74295E-5 6.81289E-5 2.64057E-5 3.56808E-5 3.63407E-5 3.31968E-5 3.45267E-5 3.40178E-5 4.93167E-5 3.32922E-5 3.28218E-5 3.24136E-5 3.21239E-5 3.38281E-5 3.31529E-5 3.3118E-5 3.364E-5 3.98634E-5 3.23619E-5 4.2143E-5 5.2399E-5 5.14449E-5 3.6361E-5 2.12712E-5 1.8549E-5 1.69547E-5 2.3271E-5 4.7783E-5 2.10391E-5 2.41351E-5 2.34854E-5 2.17417E-5 2.41794E-5 2.36762E-5 1.63173E-5 1.3441E-5 1.94737E-5 1.84522E-5 1.72949E-5 1.41548E-5 1.46716E-5 1.39945E-5 1.43946E-5 1.34849E-5 1.27224E-5 1.19849E-5 1.13309E-5
3.58804E-5 3.33837E-5 3.74123E-5 4.05875E-5 3.7393E-5 3.41214E-5 4.55782E-5 4.82627E-5 2.2256E-5 2.19692E-5 2.92167E-5 2.46259E-5 3.3026E-5 6.74041E-5 3.04617E-5 2.43484E-5 2.31893E-5 2.56139E-5 3.22867E-5 4.1325E-5 3.28248E-5 3.93737E-5 3.37737E-5 3.22862E-5 3.27316E-5 3.44572E-5 3.41338E-5 5.46354E-5 3.703E-5 3.35576E-5 5.4228E-5 4.98397E-5 3.09593E-5 2.84902E-5 4.22654E-5 5.18882E-5 3.98716E-5 2.30509E-5 2.0482E-5 2.44153E-5 2.46463E-5 3.75083E-5 2.16275E-5 1.67697E-5 1.61656E-5 1.81001E-5 2.53631E-5 1.90113E-5 2.45469E-5 2.02304E-5 2.2046E-5 1.58319E-5 1.45353E-5 1.62734E-5 1.58618E-5 1.45884E-5 1.35381E-5 1.36752E-5 1.19961E-5 1.16846E-5 1.09264E-5
4.62884E-5 3.82236E-5 3.75132E-5 3.38511E-5 2.6223E-5 3.37661E-5 5.75195E-5 5.65736E-5 2.1333E-5 3.36813E-5 3.4556E-5 2.80651E-5 2.73804E-5 2.85833E-5 2.64577E-5 2.48251E-5 2.70387E-5 3.05172E-5 3.36335E-5 4.13262E-5 3.66887E-5 3.52617E-5 2.9565E-5 3.09877E-5 3.23519E-5 3.17435E-5 3.5991E-5 3.84536E-5 3.65216E-5 3.05105E-5 3.77092E-5 4.28209E-5 3.91949E-5 3.70329E-5 3.0284E-5 3.11848E-5 3.34003E-5 3.00387E-5 1.80925E-5 2.54961E-5 2.88603E-5 2.81843E-5 1.91862E-5 1.7773E-5 1.74968E-5 1.63388E-5 2.17611E-5 1.91144E-5 2.0943E-5 2.06793E-5 1.87022E-5 1.35999E-5 1.14641E-5 1.42441E-5 1.65097E-5 1.4889E-5 1.28921E-5 1.4365E-5 1.32353E-5 1.04099E-5 1.13316E-5
5.77406E-5 5.60462E-5 5.26838E-5 4.68741E-5 4.2157E-5 2.75857E-5 2.38048E-5 2.38097E-5 2.38265E-5 2.48246E-5 2.57603E-5 2.88804E-5 3.09693E-5 3.13158E-5 2.84342E-5 2.99419E-5 3.43066E-5 3.49773E-5 3.58078E-5 3.48076E-5 4.06694E-5 3.27649E-5 3.40871E-5 3.56236E-5 3.46388E-5 7.21467E-5 3.92762E-5 3.66913E-5 4.17929E-5 6.48345E-5 4.39259E-5 3.92697E-5 4.02955E-5 3.25623E-5 3.26224E-5 3.09811E-5 5.34687E-5 5.80051E-5 2.68186E-5 2.77516E-5 3.07075E-5 2.19062E-5 1.94518E-5 2.03797E-5 1.94883E-5 1.87648E-5 1.82676E-5 2.50374E-5 2.04595E-5 1.9323E-5 1.7289E-5 1.62422E-5 1.72258E-5 1.92659E-5 1.89188E-5 1.75339E-5 1.63935E-5 1.41251E-5 1.27193E-5 1.30721E-5 1.79614E-5
6.10331E-5 5.55146E-5 9.39915E-5 7.01568E-5 5.93707E-5 4.1561E-5 2.83049E-5 2.32609E-5 2.12765E-5 2.2746E-5 2.79531E-5 3.1792E-5 3.20667E-5 3.22082E-5 3.31325E-5 3.23143E-5 3.69312E-5 3.62449E-5 3.98015E-5 4.05077E-5 4.99028E-5 3.94173E-5 3.33452E-5 4.49287E-5 6.57558E-5 5.09771E-5 6.45701E-5 4.06691E-5 3.77771E-5 5.38748E-5 2.94829E-5 3.62471E-5 3.39188E-5 3.35482E-5 3.24841E-5 3.10685E-5 6.56214E-5 5.78392E-5 3.07239E-5 2.76012E-5 2.08425E-5 2.08088E-5 2.1955E-5 2.31464E-5 2.28527E-5 2.12424E-5 2.07934E-5 1.88977E-5 1.64145E-5 1.50184E-5 1.45171E-5 1.3303E-5 1.92766E-5 1.52433E-5 1.57476E-5 1.76028E-5 1.91333E-5 1.65978E-5 1.38047E-5 1.42274E-5 1.30438E-5
1.00777E-4 5.91377E-5 1.00639E-4 8.56697E-5 7.3573E-5 7.34271E-5 4.63658E-5 3.87403E-5 2.39753E-5 2.92581E-5 4.04546E-5 3.40263E-5 3.56836E-5 3.74595E-5 3.57978E-5 3.63298E-5 3.52755E-5 4.09106E-5 4.46657E-5 4.78783E-5 4.41972E-5 3.94084E-5 3.6144E-5 3.35686E-5 3.68719E-5 3.80747E-5 3.90329E-5 6.25874E-5 3.52997E-5 2.6852E-5 4.73902E-5 4.20038E-5 3.45694E-5 3.43089E-5 3.28166E-5 3.29369E-5 6.698E-5 5.57386E-5 3.10788E-5 2.22151E-5 2.29802E-5 2.40132E-5 2.52331E-5 2.45821E-5 2.44852E-5 2.29817E-5 2.11576E-5 1.89126E-5 1.63068E-5 1.55869E-5 1.47456E-5 1.43044E-5 1.39017E-5 2.06681E-5 1.63493E-5 1.56824E-5 1.73021E-5 1.60726E-5 1.66608E-5 1.40686E-5 1.28585E-5
1.37587E-4 1.2649E-4 1.16003E-4 1.17824E-4 8.10248E-5 7.5169E-5 6.38133E-5 4.95676E-5 4.63261E-5 4.39124E-5 4.02146E-5 4.22424E-5 4.45021E-5 4.58551E-5 4.50707E-5 4.51401E-5 4.91558E-5 4.3804E-5 4.5491E-5 4.54356E-5 4.02761E-5 3.81571E-5 3.57657E-5 4.12783E-5 3.88459E-5 3.52222E-5 4.23948E-5 4.13323E-5 3.94305E-5 3.35674E-5 3.81864E-5 3.44455E-5 3.62777E-5 3.41362E-5 3.17163E-5 2.7292E-5 2.19949E-5 2.22601E-5 2.27858E-5 2.42443E-5 2.46735E-5 2.58085E-5 2.54576E-5 2.69173E-5 3.04263E-5 2.32168E-5 2.19294E-5 1.95224E-5 1.86038E-5 1.59187E-5 1.63203E-5 1.55067E-5 2.06959E-5 4.20598E-5 4.20854E-5 2.4927E-5 2.02579E-5 1.97186E-5 1.46678E-5 1.38035E-5 1.46104E-5
