Candidate_Models_July82022/M_0.9_F_lqp_Set_1_all/Bison.asc
ncols         290
nrows         380
xllcorner     -2197417.7431653
yllcorner     -584827.01486885
cellsize      10000.0
NODATA_value  -9999
[rows 162 to 188 of 380, columns 0 to 60 of 290]
-9999 -9999 -9999 -9999 -9999 -9999 -9999 -9999 -9999 -9999 -9999 -9999 -9999 -9999 4.40264E-6 2.75094E-6 -9999 2.44445E-6 1.75077E-6 6.7139E-7 1.69619E-6 3.50778E-6 6.50329E-6 5.45406E-6 2.1225E-6 -9999 3.88857E-6 5.25886E-9 1.86935E-8 2.63617E-7 1.31964E-6 2.476E-7 1.95345E-7 6.88611E-7 0E0 1.8029E-5 7.2083E-6 3.21023E-6 6.71457E-7 5.32167E-6 1.21538E-5 2.20333E-6 7.72095E-6 7.28824E-6 3.24802E-6 5.44907E-6 1.40813E-5 1.23029E-5 2.10328E-5 1.22097E-5 1.30144E-5 1.41057E-5 3.01322E-5 2.92006E-5 1.20175E-5 1.80816E-5 1.39622E-5 1.69944E-5 1.20691E-5 1.14325E-5 1.51839E-5
-9999 -9999 -9999 -9999 -9999 -9999 -9999 -9999 -9999 -9999 -9999 -9999 -9999 -9999 -9999 -9999 -9999 3.38375E-6 1.06915E-6 3.52738E-7 2.54318E-6 -9999 -9999 -9999 -9999 -9999 2.18609E-6 1.33579E-7 3.059E-7 1.81499E-7 2.03703E-7 2.99764E-8 0E0 7.55611E-7 1.82195E-6 2.52298E-5 3.68976E-6 2.12291E-7 6.84501E-7 9.27861E-6 2.26044E-6 2.02425E-5 1.64972E-5 8.44863E-6 4.27464E-6 3.92428E-6 5.48694E-6 7.11794E-6 8.64238E-6 1.25599E-5 7.9214E-6 1.35397E-5 1.35087E-5 3.39445E-5 1.75486E-5 7.99151E-6 1.56805E-5 1.58751E-5 1.89192E-5 1.22793E-5 8.99164E-6
-9999 -9999 -9999 -9999 -9999 -9999 -9999 -9999 -9999 -9999 -9999 -9999 -9999 -9999 -9999 3.32142E-6 -9999 4.97627E-6 1.55761E-6 3.01779E-7 1.23389E-7 3.19636E-8 -9999 -9999 -9999 2.90213E-7 7.0089E-7 1.86246E-7 1.60905E-7 7.50579E-7 2.27191E-6 1.50003E-7 2.48238E-8 1.42901E-6 0E0 1.6715E-6 1.24056E-6 8.77625E-7 1.16001E-5 2.55558E-5 7.21541E-6 5.72075E-6 1.94879E-5 1.32389E-6 6.74616E-7 1.05502E-5 2.30547E-6 8.69174E-6 7.48948E-6 9.73405E-6 3.96957E-6 1.59903E-5 2.01616E-5 2.06223E-5 6.99112E-6 1.96871E-5 1.25986E-5 1.30262E-5 1.57405E-5 1.60901E-5 1.46887E-5
-9999 -9999 -9999 -9999 -9999 -9999 -9999 -9999 -9999 -9999 -9999 -9999 -9999 -9999 -9999 2.43292E-6 -9999 1.7919E-6 -9999 3.23348E-7 4.05105E-7 -9999 -9999 -9999 8.5646E-7 1.63262E-7 -9999 4.94663E-7 5.68343E-10 8.18724E-8 -9999 3.35869E-7 2.6965E-8 7.9568E-7 0E0 5.90862E-6 4.12068E-7 1.62201E-5 3.61323E-5 3.6961E-5 6.55599E-6 9.52645E-6 1.91185E-5 2.39681E-6 7.7634E-6 3.01528E-6 1.15867E-5 7.95613E-6 1.28421E-5 7.44974E-6 2.07107E-5 1.1834E-5 1.29907E-5 1.35242E-5 2.80299E-5 9.52441E-6 1.7214E-5 1.17975E-5 1.86201E-5 1.62633E-5 1.33554E-5
-9999 -9999 -9999 -9999 -9999 -9999 -9999 -9999 -9999 -9999 -9999 -9999 -9999 -9999 -9999 2.08413E-6 -9999 5.76605E-6 -9999 3.36946E-7 7.39142E-8 3.01856E-6 6.42457E-6 -9999 1.97068E-6 3.14771E-6 -9999 -9999 4.24884E-7 -9999 5.71755E-8 4.31634E-8 5.91652E-8 6.24737E-7 8.52423E-6 -9999 6.81885E-7 4.78368E-6 2.4349E-5 6.9841E-6 1.36032E-6 1.55375E-6 1.8156E-5 1.05706E-5 9.49537E-6 1.16074E-6 3.72632E-6 6.88347E-6 6.678E-6 1.09101E-5 6.12874E-6 8.05604E-6 6.6067E-6 1.51988E-5 1.21662E-5 4.02297E-5 2.1185E-5 2.0414E-5 3.00972E-5 1.66138E-5 1.59278E-5
-9999 -9999 -9999 -9999 -9999 -9999 -9999 -9999 -9999 -9999 -9999 -9999 -9999 -9999 -9999 2.36624E-6 7.29576E-6 -9999 -9999 1.56877E-6 1.24873E-6 5.31658E-6 -9999 8.59348E-6 -9999 3.86742E-6 4.87883E-6 9.95756E-7 3.52646E-6 -9999 1.05254E-10 2.63361E-7 8.21237E-8 1.26115E-6 1.57612E-6 7.00671E-8 3.89347E-6 1.02371E-6 1.12329E-6 2.64657E-7 2.02354E-7 3.80147E-6 2.22604E-5 2.43578E-5 3.89623E-6 4.49209E-7 4.3309E-6 6.8806E-6 6.97373E-6 2.48699E-5 4.73203E-6 6.56803E-6 1.03736E-5 1.14704E-5 1.00804E-5 7.39626E-6 2.72703E-5 1.21313E-5 1.59611E-5 1.64948E-5 1.90838E-5
-9999 -9999 -9999 -9999 -9999 -9999 -9999 -9999 -9999 -9999 -9999 -9999 -9999 -9999 -9999 5.32752E-6 -9999 -9999 -9999 2.03559E-6 4.74616E-6 6.44522E-6 -9999 -9999 7.62896E-6 1.09037E-6 -9999 -9999 -9999 0E0 -9999 1.80526E-8 1.24947E-8 6.08504E-7 1.539E-6 2.95141E-7 5.78451E-6 1.44585E-6 4.44373E-7 5.52365E-6 9.09157E-7 7.85722E-6 9.15777E-6 2.04144E-5 1.30139E-5 8.0453E-7 3.61623E-6 6.61852E-6 6.77218E-6 2.31162E-5 6.61163E-6 7.81283E-6 4.75188E-6 1.25293E-5 1.40241E-5 1.57045E-5 2.30918E-5 2.48554E-5 1.93573E-5 1.58995E-5 1.50173E-5
-9999 -9999 -9999 -9999 -9999 -9999 -9999 -9999 -9999 -9999 -9999 -9999 -9999 -9999 -9999 5.33973E-6 -9999 -9999 -9999 3.19993E-6 3.1656E-6 -9999 -9999 -9999 5.4807E-6 -9999 0E0 7.86124E-6 1.10522E-6 4.03702E-7 2.14127E-9 9.33457E-9 1.43288E-8 7.15753E-7 -9999 2.61343E-6 -9999 9.05799E-7 1.71416E-6 2.1809E-7 8.54543E-7 1.08084E-5 6.44193E-7 1.68829E-5 4.46278E-6 1.03783E-5 8.12557E-6 8.7682E-6 1.77184E-5 7.6531E-6 1.18107E-5 1.48202E-5 9.54182E-6 3.01492E-5 1.90026E-5 1.93376E-5 2.54769E-5 1.9094E-5 1.6502E-5 1.71694E-5 2.07415E-5
-9999 -9999 -9999 -9999 -9999 -9999 -9999 -9999 -9999 -9999 -9999 -9999 -9999 -9999 -9999 -9999 -9999 -9999 7.79947E-6 2.83109E-6 1.57474E-6 -9999 -9999 -9999 7.4493E-6 -9999 -9999 -9999 2.50893E-6 -9999 2.10625E-8 5.3476E-8 9.96207E-8 1.62777E-7 -9999 3.25518E-6 4.09886E-6 1.37675E-7 1.26826E-7 8.41691E-8 1.91543E-7 9.98627E-6 1.52361E-5 1.40788E-5 1.00076E-5 1.42752E-5 2.02919E-5 1.66422E-5 4.89375E-6 5.26471E-6 2.37889E-5 1.34905E-5 8.72231E-6 1.88464E-5 5.10934E-6 1.47194E-5 2.21864E-5 2.10563E-5 1.2289E-5 1.39934E-5 2.06902E-5
-9999 -9999 -9999 -9999 -9999 -9999 -9999 -9999 -9999 -9999 -9999 -9999 -9999 -9999 -9999 -9999 -9999 -9999 -9999 -9999 -9999 -9999 -9999 -9999 -9999 6.87998E-6 -9999 5.81276E-6 7.77674E-7 2.86594E-7 5.83693E-8 6.20496E-8 2.00465E-7 1.32031E-6 1.1902E-7 1.25255E-6 2.38864E-7 6.16955E-6 4.81081E-7 6.78999E-7 9.29419E-6 5.79997E-6 2.12835E-6 1.89405E-6 1.67865E-6 3.01438E-6 2.8082E-5 2.99913E-5 6.86955E-6 2.83094E-5 1.93727E-5 6.3352E-6 8.69751E-6 8.50829E-6 7.0115E-6 1.15713E-5 3.02283E-5 2.79208E-5 2.85739E-5 1.56967E-5 2.10204E-5
-9999 -9999 -9999 -9999 -9999 -9999 -9999 -9999 -9999 -9999 -9999 -9999 -9999 -9999 -9999 -9999 -9999 -9999 -9999 -9999 -9999 -9999 -9999 -9999 -9999 -9999 -9999 2.06359E-6 1.04529E-6 9.0422E-7 2.43564E-8 2.65949E-7 2.5968E-6 1.01235E-6 8.48617E-7 1.61813E-7 1.05033E-6 3.17125E-5 1.92325E-6 6.7747E-6 7.64175E-6 9.21346E-7 3.16963E-6 1.30272E-6 7.54656E-7 1.30253E-5 7.04382E-6 2.67899E-5 2.0312E-5 2.74756E-6 1.31852E-5 3.87546E-6 1.03053E-5 7.56973E-6 1.12857E-5 9.55333E-6 1.39099E-5 2.64652E-5 2.34002E-5 2.21992E-5 1.03676E-5
-9999 -9999 -9999 -9999 -9999 -9999 -9999 -9999 -9999 -9999 -9999 -9999 -9999 -9999 -9999 -9999 -9999 -9999 -9999 -9999 -9999 -9999 -9999 -9999 -9999 -9999 -9999 2.84582E-6 1.7437E-6 1.34586E-6 2.35457E-7 1.97426E-7 5.75171E-6 5.86789E-7 4.97509E-8 3.6936E-7 6.16315E-7 8.42818E-6 1.02836E-5 7.17981E-6 1.10432E-6 1.39435E-6 1.37689E-6 2.75689E-7 2.19535E-6 3.14522E-5 5.90719E-6 2.24694E-5 3.1992E-5 3.17752E-6 4.91866E-6 1.84868E-5 1.79019E-5 1.15592E-5 1.28126E-5 9.36845E-6 1.22212E-5 2.9629E-5 1.6771E-5 4.5096E-6 2.29734E-5
-9999 -9999 -9999 -9999 -9999 -9999 -9999 -9999 -9999 -9999 -9999 6.56819E-6 -9999 -9999 -9999 -9999 -9999 -9999 -9999 -9999 -9999 -9999 -9999 -9999 -9999 -9999 -9999 -9999 -9999 2.6133E-6 2.68472E-6 -9999 1.20156E-6 2.68893E-6 -9999 3.72779E-6 2.51154E-6 8.8217E-7 6.46898E-7 4.2196E-6 4.81243E-6 1.51248E-6 1.9699E-6 1.57371E-6 6.45503E-6 2.48159E-5 8.14087E-6 2.00598E-5 2.38635E-5 6.75602E-6 6.76782E-6 6.11676E-6 7.2627E-6 1.13517E-5 1.33099E-5 1.0502E-5 7.79774E-6 2.07804E-5 2.2656E-5 5.32079E-6 1.2252E-5
-9999 -9999 -9999 -9999 -9999 -9999 -9999 -9999 -9999 -9999 -9999 3.15885E-6 5.19808E-6 8.69925E-6 -9999 -9999 -9999 -9999 -9999 -9999 -9999 -9999 -9999 -9999 -9999 -9999 -9999 -9999 -9999 -9999 1.91354E-6 5.43598E-8 2.30702E-8 1.01159E-8 5.48239E-8 7.06831E-8 3.60801E-7 3.14278E-7 7.88086E-7 2.32252E-6 2.12691E-6 1.7715E-6 2.34078E-6 1.0455E-6 6.53588E-7 2.92295E-5 1.12065E-5 1.2979E-5 2.77776E-5 8.39324E-6 3.46669E-6 6.68662E-6 1.03219E-5 6.69552E-6 1.95082E-5 1.64972E-5 6.9925E-6 1.70021E-5 3.29504E-5 1.97377E-5 1.70258E-5
-9999 -9999 -9999 -9999 -9999 -9999 -9999 -9999 -9999 -9999 3.05271E-6 1.92882E-6 2.50646E-6 5.82082E-6 -9999 -9999 -9999 -9999 -9999 -9999 -9999 -9999 -9999 -9999 -9999 -9999 -9999 -9999 -9999 2.01572E-6 1.12555E-8 2.31735E-8 2.78914E-8 7.09355E-7 3.69716E-7 2.49895E-7 2.62799E-6 8.43316E-7 1.0553E-6 3.37992E-6 1.39006E-6 1.98483E-6 3.61117E-6 3.71948E-6 9.49456E-6 2.08684E-5 3.32404E-5 3.14492E-5 2.44692E-5 7.92818E-6 1.42714E-5 8.50324E-6 5.67487E-6 1.08449E-5 1.88446E-5 2.14416E-5 8.45819E-6 1.61794E-5 2.98615E-5 9.72537E-6 8.02637E-6
-9999 -9999 -9999 -9999 -9999 -9999 -9999 -9999 -9999 6.99304E-6 1.17697E-6 4.26245E-6 -9999 4.94093E-6 6.16304E-6 7.50553E-6 -9999 -9999 -9999 -9999 -9999 -9999 -9999 -9999 -9999 -9999 -9999 -9999 4.52264E-6 4.86006E-7 5.21836E-9 1.81313E-7 1.93102E-7 3.60749E-8 1.13948E-7 2.4667E-6 4.93526E-6 7.25454E-7 1.05091E-6 5.49352E-6 3.21042E-6 2.41437E-6 1.45788E-5 9.6426E-6 1.24483E-5 1.78616E-5 2.72622E-5 1.27081E-5 7.66081E-6 1.22404E-5 3.99669E-6 5.03208E-6 7.75237E-6 9.89999E-6 1.85908E-5 1.68396E-5 9.3734E-6 1.83994E-5 3.11262E-5 1.99494E-5 1.23374E-5
-9999 -9999 -9999 -9999 -9999 -9999 -9999 -9999 -9999 -9999 1.52337E-6 7.58168E-6 3.5027E-6 4.49967E-6 1.3632E-5 1.54831E-5 -9999 -9999 -9999 -9999 -9999 -9999 -9999 -9999 -9999 -9999 -9999 1.00796E-5 3.29196E-6 1.42474E-6 2.17588E-7 1.05702E-8 6.06692E-7 1.066E-6 1.38244E-6 1.04215E-5 3.84523E-6 1.06737E-6 4.34716E-7 8.6886E-6 1.31882E-6 3.71544E-6 2.12476E-6 1.70009E-6 1.73409E-6 6.88723E-6 1.82896E-5 7.9693E-6 1.0502E-5 1.00158E-5 6.15015E-6 8.8245E-6 5.57713E-6 1.36064E-5 2.30563E-5 1.91481E-5 7.79249E-6 2.1243E-5 2.19441E-5 1.30377E-5 1.73399E-5
-9999 -9999 -9999 -9999 -9999 -9999 -9999 -9999 -9999 -9999 1.83856E-6 3.00884E-6 3.11662E-6 6.07064E-6 1.28185E-5 -9999 3.5917E-5 1.00708E-5 9.35799E-6 -9999 -9999 -9999 -9999 -9999 -9999 -9999 -9999 -9999 2.79806E-6 1.09119E-6 1.46732E-8 3.90182E-8 1.51489E-6 1.29254E-6 8.79944E-6 7.05986E-6 1.7773E-5 3.39605E-6 3.99095E-6 9.97117E-7 1.49172E-6 2.02471E-6 9.29049E-6 2.41748E-6 1.66066E-6 2.3814E-6 1.7898E-5 7.85053E-6 2.15638E-5 8.27468E-6 3.85739E-6 8.58679E-6 1.41311E-5 1.62588E-5 1.61799E-5 2.54613E-5 1.65185E-5 2.26511E-5 5.97565E-6 1.9659E-5 1.02687E-5
-9999 -9999 -9999 -9999 -9999 -9999 -9999 -9999 -9999 4.49723E-6 9.71866E-7 -9999 -9999 -9999 9.9479E-6 2.58263E-5 1.52591E-5 -9999 -9999 -9999 -9999 -9999 -9999 -9999 -9999 -9999 -9999 -9999 6.1635E-7 1.52408E-8 3.88388E-7 2.46285E-8 3.82179E-7 4.66694E-7 9.48216E-6 4.98426E-6 3.27256E-6 2.34348E-7 8.54129E-7 2.99413E-6 3.44427E-6 9.04161E-6 4.61202E-6 4.65252E-6 6.43103E-6 4.6053E-6 8.80571E-6 1.59488E-5 2.45818E-5 9.66893E-6 5.5112E-6 6.83168E-6 1.95107E-5 2.53313E-5 1.27091E-5 2.54302E-5 2.35444E-5 2.5592E-5 9.43892E-6 2.02687E-5 2.08874E-5
-9999 -9999 -9999 -9999 -9999 -9999 -9999 -9999 -9999 1.43199E-6 2.19462E-6 3.4788E-6 -9999 -9999 1.51153E-5 1.09578E-5 -9999 -9999 -9999 -9999 -9999 -9999 -9999 -9999 -9999 -9999 -9999 -9999 1.47533E-6 9.04163E-7 1.89329E-7 2.1691E-7 6.00741E-8 4.11348E-7 1.51688E-6 1.50619E-6 5.39496E-7 3.00265E-7 7.31312E-6 7.66278E-6 1.04161E-5 2.73398E-6 8.854E-6 1.32078E-5 1.15699E-6 5.75633E-6 7.76548E-6 1.69156E-6 2.55428E-5 1.34977E-5 7.15208E-6 7.45746E-6 1.99209E-5 1.38596E-5 2.2437E-5 2.60837E-5 2.07743E-5 1.50459E-5 3.43528E-5 1.95991E-5 9.46573E-6
-9999 -9999 -9999 -9999 -9999 -9999 -9999 -9999 -9999 -9999 2.48175E-6 1.77951E-6 2.91018E-6 6.19006E-6 9.49091E-6 7.70645E-6 -9999 -9999 -9999 -9999 -9999 -9999 -9999 -9999 -9999 1.078E-5 1.8835E-6 -9999 -9999 5.06935E-6 1.4125E-7 5.26552E-8 9.54182E-7 2.93792E-6 2.37068E-6 1.93548E-6 5.30773E-7 3.02777E-6 7.12212E-6 1.27082E-5 3.47561E-6 1.59945E-6 4.48928E-6 2.1433E-5 1.39904E-5 2.01266E-6 1.72664E-6 1.55903E-5 2.59684E-5 2.61493E-5 9.26086E-6 1.33176E-5 2.25222E-5 1.67427E-5 1.81335E-5 3.35209E-5 2.16585E-5 1.5584E-5 7.75205E-6 2.67526E-5 1.70735E-5
-9999 -9999 -9999 -9999 -9999 -9999 -9999 -9999 -9999 -9999 -9999 1.0406E-6 3.9129E-6 6.51751E-6 6.18659E-6 -9999 -9999 -9999 -9999 -9999 -9999 -9999 -9999 -9999 -9999 -9999 2.7408E-6 4.13576E-6 1.72494E-8 4.33154E-7 9.79784E-10 5.01015E-8 3.23091E-8 3.97342E-8 8.54181E-7 3.97827E-7 2.04709E-7 3.87941E-8 4.7618E-6 1.11197E-7 3.16167E-7 2.89179E-6 1.50027E-6 1.56039E-5 1.02785E-5 5.84286E-6 1.3744E-5 1.58196E-5 2.81351E-5 3.28445E-5 1.97967E-5 5.28609E-6 2.07138E-5 2.4253E-5 2.44727E-5 3.97443E-5 1.2919E-5 9.06128E-6 2.91275E-6 1.05235E-5 2.03934E-5
-9999 -9999 -9999 -9999 -9999 -9999 -9999 -9999 -9999 6.20511E-6 3.74881E-6 1.55997E-6 2.12138E-6 4.09631E-6 -9999 -9999 -9999 -9999 -9999 -9999 -9999 -9999 -9999 -9999 1.39529E-5 8.38324E-6 6.33294E-6 -9999 1.23837E-8 8.08883E-8 1.01653E-9 7.62895E-9 5.06679E-8 8.38673E-7 5.20123E-7 1.63273E-6 1.24963E-7 5.95259E-7 2.21096E-6 1.09895E-7 5.82143E-7 8.29312E-7 1.60863E-6 3.79397E-6 1.74223E-5 1.69852E-6 4.68932E-6 8.50127E-6 1.35368E-5 3.69548E-5 2.13478E-5 1.13482E-5 1.78397E-5 1.89382E-5 1.95492E-5 4.12687E-5 8.60769E-6 2.01397E-5 8.6975E-6 5.69852E-6 2.44757E-5
-9999 -9999 -9999 -9999 -9999 -9999 -9999 -9999 -9999 4.58172E-6 2.71871E-7 1.13141E-6 3.08634E-6 2.78289E-6 -9999 -9999 -9999 -9999 -9999 -9999 -9999 -9999 -9999 -9999 -9999 -9999 3.59424E-6 -9999 1.36327E-7 1.70937E-7 4.11653E-9 5.12599E-9 1.53588E-7 6.61613E-7 0E0 4.96324E-7 2.4945E-7 1.51695E-6 1.18682E-7 4.66368E-7 1.66031E-7 5.12287E-6 3.42346E-6 5.78122E-6 1.55798E-5 1.20161E-5 5.3199E-6 6.31699E-6 7.2104E-6 3.1326E-5 1.17417E-5 1.30207E-5 1.93632E-5 1.62747E-5 1.1053E-5 3.42978E-5 2.63417E-5 1.10139E-5 2.13377E-5 2.24276E-5 1.94731E-5
-9999 -9999 -9999 -9999 -9999 -9999 -9999 -9999 -9999 3.15178E-6 3.51007E-6 -9999 -9999 -9999 -9999 -9999 -9999 -9999 -9999 -9999 -9999 -9999 -9999 -9999 -9999 4.02645E-6 8.44281E-8 1.30692E-6 5.38222E-7 6.06169E-8 2.09889E-9 3.26284E-7 2.93752E-6 8.70173E-7 1.6983E-6 5.78854E-7 1.30735E-6 6.18156E-7 9.86639E-8 3.51128E-7 1.26845E-6 1.46942E-6 1.37383E-6 8.84813E-6 6.79363E-6 1.01095E-5 1.08106E-5 9.5566E-6 6.12196E-6 3.9475E-5 1.4974E-5 2.17734E-5 2.4211E-5 1.22651E-5 1.12747E-5 1.91562E-5 2.33942E-5 3.06989E-5 2.32087E-5 3.19345E-5 3.43972E-5
-9999 -9999 -9999 -9999 -9999 -9999 -9999 -9999 -9999 -9999 1.20414E-6 2.45423E-6 8.04989E-7 2.76792E-6 -9999 -9999 -9999 -9999 -9999 -9999 -9999 -9999 -9999 2.35719E-5 9.11464E-6 4.74335E-6 4.04178E-6 2.13354E-8 1.95226E-6 3.80602E-8 5.14379E-9 1.20472E-8 -9999 3.25E-7 9.17729E-8 8.06451E-7 3.68238E-6 4.05714E-8 9.35017E-8 2.41749E-7 8.01598E-7 2.15833E-6 2.74091E-6 1.57569E-5 1.66602E-5 2.30721E-5 1.10873E-5 9.56341E-6 2.38434E-5 4.34754E-5 5.96255E-5 3.00202E-5 3.31818E-5 2.18832E-5 1.16621E-5 1.75072E-5 3.05365E-5 2.67038E-5 1.52877E-5 1.43966E-5 2.16325E-5
-9999 -9999 -9999 -9999 -9999 -9999 -9999 -9999 -9999 -9999 -9999 7.26276E-7 3.6716E-6 3.84317E-6 -9999 -9999 -9999 -9999 -9999 -9999 -9999 -9999 -9999 -9999 6.67382E-6 -9999 -9999 1.98857E-8 1.38611E-6 7.36886E-9 2.0398E-7 4.27986E-8 4.92861E-8 1.04478E-6 6.76218E-6 -9999 1.43114E-7 1.03228E-7 1.27432E-7 2.48116E-7 3.43821E-6 8.94402E-7 2.85438E-6 1.45748E-6 9.46366E-6 1.74351E-5 3.03843E-5 2.55286E-5 3.55705E-5 1.36136E-5 1.93697E-5 1.38894E-5 3.06172E-5 3.57435E-5 2.2716E-5 1.82279E-5 3.2657E-5 1.76246E-5 2.34771E-5 2.07517E-5 3.24228E-5
