Candidate_Models_July82022/M_0.9_F_lqp_Set_1_all/Bison.asc
ncols         290
nrows         380
xllcorner     -2197417.7431653
yllcorner     -584827.01486885
cellsize      10000.0
NODATA_value  -9999
[rows 135 to 161 of 380, columns 61 to 121 of 290]
2.2323E-5 2.47671E-5 2.60229E-5 4.76089E-5 3.23412E-5 2.58587E-5 2.79637E-5 1.99618E-5 1.71514E-5 1.55337E-5 3.14381E-5 2.93471E-5 2.16361E-5 1.9293E-5 1.67793E-5 2.22277E-5 1.71801E-5 1.99735E-5 2.0429E-5 2.11399E-5 2.51063E-5 2.56177E-5 2.83086E-5 2.64402E-5 3.01115E-5 2.87884E-5 3.80683E-5 3.20549E-5 3.09584E-5 2.94627E-5 2.97406E-5 2.70526E-5 2.64045E-5 2.66417E-5 2.46805E-5 2.33278E-5 2.36613E-5 2.30975E-5 2.1952E-5 2.27904E-5 2.19294E-5 2.12328E-5 2.18654E-5 1.83608E-5 1.91163E-5 1.79435E-5 2.12937E-5 2.95974E-5 1.79286E-5 2.00765E-5 2.13234E-5 1.99765E-5 1.94565E-5 2.24243E-5 2.55087E-5 2.30456E-5 2.86765E-5 2.28093E-5 2.23899E-5 2.02552E-5 2.6628E-5
2.85965E-5 2.71842E-5 3.10295E-5 3.3195E-5 2.45252E-5 2.23488E-5 1.61287E-5 2.00508E-5 1.57705E-5 1.40387E-5 3.31389E-5 2.64344E-5 3.50572E-5 2.2223E-5 2.12476E-5 3.22582E-5 2.03697E-5 2.13421E-5 2.01897E-5 2.08167E-5 2.76514E-5 2.66251E-5 3.05645E-5 2.15767E-5 2.88988E-5 3.26207E-5 3.1937E-5 2.97224E-5 2.84964E-5 2.53453E-5 2.7558E-5 2.52729E-5 2.60278E-5 2.48587E-5 2.35681E-5 2.53634E-5 2.42448E-5 2.23716E-5 2.28509E-5 2.21867E-5 2.19077E-5 2.14654E-5 2.2007E-5 1.87349E-5 1.92095E-5 2.21932E-5 1.74052E-5 1.72475E-5 1.61377E-5 3.39219E-5 2.97855E-5 1.77641E-5 2.24344E-5 2.20093E-5 2.33289E-5 2.67207E-5 2.968E-5 2.58608E-5 2.26754E-5 2.02082E-5 2.6866E-5
1.20208E-5 2.45982E-5 1.74291E-5 2.29955E-5 3.16142E-5 1.90599E-5 2.24448E-5 1.9933E-5 1.50506E-5 1.31123E-5 1.6724E-5 2.155E-5 2.43658E-5 3.85202E-5 2.03135E-5 2.04732E-5 2.19223E-5 2.1255E-5 2.69217E-5 2.43616E-5 2.78383E-5 3.12265E-5 2.92246E-5 2.31651E-5 2.80202E-5 2.86134E-5 3.15426E-5 2.9624E-5 2.76528E-5 2.75331E-5 2.7802E-5 2.65549E-5 2.5658E-5 2.74784E-5 2.54835E-5 2.40562E-5 2.47676E-5 2.40254E-5 2.34601E-5 2.39359E-5 2.17218E-5 2.67555E-5 2.01727E-5 2.034E-5 2.01599E-5 1.96657E-5 2.1059E-5 2.08221E-5 2.02963E-5 2.16219E-5 2.64254E-5 2.18937E-5 2.36258E-5 2.33512E-5 2.33546E-5 2.38611E-5 2.55473E-5 2.47114E-5 2.30562E-5 2.31198E-5 2.59301E-5
1.65447E-5 3.28822E-5 2.15934E-5 2.05748E-5 3.03755E-5 1.8301E-5 2.13473E-5 1.89385E-5 1.08233E-5 1.03027E-5 1.56273E-5 2.74209E-5 2.35E-5 2.99298E-5 4.22569E-5 2.67786E-5 2.30267E-5 2.42858E-5 2.11165E-5 3.02465E-5 2.71264E-5 2.76213E-5 2.68097E-5 2.21944E-5 2.19583E-5 2.98726E-5 2.91866E-5 2.74699E-5 2.76396E-5 2.62016E-5 2.6326E-5 2.56315E-5 2.57127E-5 2.65867E-5 2.56799E-5 2.60581E-5 2.46107E-5 2.50597E-5 2.49616E-5 2.31705E-5 2.18186E-5 2.24142E-5 2.14383E-5 2.13233E-5 2.07927E-5 2.09875E-5 1.99628E-5 2.09073E-5 1.63992E-5 2.19045E-5 2.33165E-5 2.32231E-5 2.1792E-5 1.80557E-5 2.10135E-5 2.30001E-5 2.63626E-5 2.55152E-5 2.90612E-5 2.68715E-5 2.56347E-5
2.83293E-5 2.28706E-5 1.98979E-5 1.18527E-5 3.12485E-5 1.4584E-5 1.58273E-5 1.83862E-5 1.51409E-5 1.51592E-5 9.98334E-6 1.82573E-5 1.46121E-5 2.70728E-5 2.71878E-5 2.25694E-5 2.06861E-5 3.00961E-5 2.22678E-5 2.29761E-5 2.61113E-5 2.856E-5 2.30592E-5 2.21613E-5 2.6084E-5 2.62093E-5 2.76075E-5 2.9123E-5 2.66275E-5 2.82384E-5 2.75059E-5 2.65476E-5 2.67516E-5 2.63026E-5 2.81652E-5 2.76669E-5 2.6225E-5 2.51902E-5 2.63061E-5 2.5969E-5 2.56234E-5 2.58905E-5 2.04452E-5 2.13453E-5 2.07736E-5 2.1405E-5 2.01459E-5 2.23784E-5 2.01358E-5 2.0492E-5 2.34748E-5 2.01264E-5 2.22933E-5 2.2411E-5 2.16095E-5 2.29322E-5 2.34421E-5 2.25836E-5 2.54829E-5 3.35298E-5 2.87543E-5
1.35773E-5 2.34669E-5 2.72926E-5 2.00074E-5 3.07602E-5 1.35835E-5 1.65271E-5 1.15912E-5 2.14317E-5 1.08261E-5 1.62236E-5 2.03496E-5 2.35513E-5 2.6857E-5 3.18074E-5 2.38328E-5 2.5543E-5 2.0392E-5 2.80157E-5 2.93825E-5 2.6415E-5 3.23768E-5 2.38431E-5 2.56118E-5 2.72705E-5 2.57452E-5 2.68351E-5 2.58722E-5 2.61323E-5 2.69605E-5 2.67743E-5 2.87351E-5 2.72808E-5 2.62879E-5 2.70122E-5 2.66235E-5 2.68256E-5 2.63633E-5 2.60096E-5 2.7074E-5 2.6707E-5 2.57869E-5 2.46519E-5 1.92196E-5 1.93744E-5 1.8408E-5 2.09105E-5 2.24101E-5 2.29543E-5 2.31827E-5 2.10464E-5 2.29616E-5 2.75577E-5 2.33529E-5 2.01191E-5 2.15892E-5 2.35482E-5 2.39236E-5 2.5737E-5 2.77322E-5 2.48572E-5
1.67385E-5 2.16722E-5 1.44689E-5 1.43038E-5 2.88977E-5 1.43124E-5 1.46801E-5 1.93528E-5 1.97136E-5 1.62943E-5 2.37116E-5 2.51648E-5 2.03683E-5 3.16006E-5 2.32154E-5 2.28414E-5 2.958E-5 2.40108E-5 2.52348E-5 2.56658E-5 2.72726E-5 3.00241E-5 2.52985E-5 2.44258E-5 2.25856E-5 2.86443E-5 2.93266E-5 2.64448E-5 2.58113E-5 2.73704E-5 2.7761E-5 2.88866E-5 2.84342E-5 2.78086E-5 2.81459E-5 2.85993E-5 2.90323E-5 2.81077E-5 2.84818E-5 2.90933E-5 2.83624E-5 2.84506E-5 2.74498E-5 2.27759E-5 2.43869E-5 2.32054E-5 2.47114E-5 1.94099E-5 2.58118E-5 3.78734E-5 3.3349E-5 2.88755E-5 1.94522E-5 1.85097E-5 2.03327E-5 2.04118E-5 2.28746E-5 2.26363E-5 2.35962E-5 2.2672E-5 2.44629E-5
1.22288E-5 1.91378E-5 1.25853E-5 1.89234E-5 3.43378E-5 9.90561E-6 1.72174E-5 1.63836E-5 2.1031E-5 1.94613E-5 3.50174E-5 2.54078E-5 1.78165E-5 4.674E-5 3.87769E-5 4.12196E-5 3.77692E-5 4.62189E-5 3.05628E-5 2.63637E-5 2.63329E-5 2.54764E-5 2.65107E-5 2.90665E-5 2.33035E-5 2.22275E-5 2.69319E-5 3.11409E-5 2.50724E-5 2.63462E-5 2.66732E-5 2.69097E-5 2.76688E-5 3.01095E-5 2.87642E-5 2.91162E-5 2.92912E-5 2.82296E-5 2.75596E-5 2.75762E-5 2.75268E-5 2.73931E-5 2.81162E-5 2.90797E-5 2.85647E-5 2.66866E-5 2.63038E-5 2.4179E-5 3.11081E-5 4.70942E-5 3.19207E-5 2.86723E-5 1.9099E-5 2.31068E-5 2.58168E-5 2.1456E-5 2.07923E-5 2.33013E-5 2.37219E-5 2.19435E-5 2.1277E-5
1.32183E-5 1.25114E-5 1.28473E-5 1.05298E-5 3.79953E-5 3.68947E-5 1.897E-5 1.46329E-5 2.48377E-5 2.93244E-5 4.04362E-5 1.36098E-5 4.62255E-5 3.599E-5 4.1897E-5 5.14915E-5 3.40205E-5 3.16623E-5 2.50982E-5 2.98431E-5 2.77781E-5 2.46736E-5 2.39656E-5 2.67114E-5 2.55559E-5 2.16661E-5 2.699E-5 2.82199E-5 2.83935E-5 2.80773E-5 3.73454E-5 2.91466E-5 2.94651E-5 2.81017E-5 2.98484E-5 2.95064E-5 3.11321E-5 3.02077E-5 3.12051E-5 3.13079E-5 2.86618E-5 2.755E-5 2.96685E-5 2.92431E-5 2.76179E-5 3.32589E-5 2.85565E-5 2.52401E-5 2.35623E-5 3.86068E-5 4.85288E-5 5.01281E-5 2.63478E-5 2.04556E-5 2.22995E-5 2.37876E-5 2.38338E-5 2.33594E-5 2.11994E-5 2.07251E-5 2.01057E-5
2.01489E-5 7.84309E-6 2.51148E-5 1.68428E-5 2.77361E-5 4.72372E-5 2.86254E-5 1.57534E-5 2.7411E-5 2.39619E-5 2.00243E-5 4.0464E-5 1.39684E-5 3.15319E-5 3.50344E-5 4.13603E-5 3.29841E-5 2.32643E-5 1.76026E-5 2.47615E-5 3.15622E-5 2.10991E-5 2.39339E-5 2.52104E-5 2.58547E-5 2.95216E-5 3.15065E-5 3.08536E-5 2.84886E-5 2.96856E-5 3.06312E-5 3.54831E-5 3.04677E-5 3.14447E-5 3.41943E-5 3.0912E-5 3.38912E-5 3.92449E-5 4.22273E-5 3.23033E-5 3.23555E-5 3.00633E-5 2.63743E-5 2.7152E-5 2.66623E-5 2.79763E-5 2.8013E-5 2.51735E-5 2.3619E-5 2.88581E-5 3.43325E-5 2.43154E-5 2.27194E-5 1.70365E-5 2.16222E-5 2.75564E-5 2.27012E-5 2.4263E-5 1.87348E-5 2.22114E-5 2.18725E-5
1.4006E-5 1.0718E-5 3.26899E-5 1.8414E-5 1.96498E-5 3.80566E-5 2.2645E-5 1.71331E-5 1.7787E-5 3.9263E-5 2.47107E-5 2.77107E-5 1.9526E-5 3.45176E-5 4.34487E-5 3.75261E-5 3.80242E-5 3.13747E-5 2.71305E-5 2.68065E-5 4.92614E-5 3.54838E-5 2.52591E-5 2.67554E-5 2.73639E-5 3.19315E-5 3.15995E-5 2.81918E-5 3.53235E-5 4.08764E-5 2.75629E-5 3.10098E-5 2.97186E-5 3.22305E-5 3.18952E-5 3.3228E-5 3.66326E-5 3.99566E-5 3.45009E-5 3.47685E-5 3.23197E-5 3.26303E-5 3.0311E-5 2.91859E-5 3.05541E-5 2.96327E-5 2.65563E-5 2.80166E-5 2.35223E-5 2.82733E-5 2.37624E-5 2.01319E-5 1.97426E-5 1.89786E-5 1.87478E-5 2.49037E-5 2.32159E-5 2.18473E-5 2.10686E-5 2.22243E-5 2.41142E-5
1.54626E-5 1.17508E-5 7.69252E-6 2.15406E-5 1.30536E-5 2.08172E-5 1.32955E-5 2.06474E-5 1.66423E-5 3.30866E-5 1.87647E-5 2.84219E-5 4.22058E-5 3.59149E-5 2.43797E-5 2.1154E-5 2.27514E-5 2.91413E-5 2.16308E-5 1.93956E-5 2.66009E-5 3.07188E-5 2.49059E-5 3.40195E-5 2.99728E-5 3.03032E-5 3.40177E-5 3.18633E-5 3.27609E-5 4.75954E-5 3.29469E-5 2.96831E-5 3.04862E-5 3.32456E-5 3.3566E-5 3.3662E-5 3.59775E-5 3.73342E-5 3.59182E-5 3.45605E-5 2.9687E-5 3.12228E-5 3.36205E-5 2.96359E-5 2.87553E-5 3.09809E-5 2.80574E-5 2.69516E-5 2.59182E-5 2.51313E-5 2.51815E-5 2.38978E-5 2.7108E-5 5.26068E-5 5.34561E-5 2.52915E-5 2.6265E-5 3.36362E-5 3.09368E-5 2.57488E-5 2.64029E-5
3.38946E-5 2.23429E-5 1.81982E-5 9.49598E-6 1.9769E-5 2.06422E-5 2.02486E-5 1.40524E-5 2.93499E-5 1.82692E-5 2.40197E-5 1.89365E-5 3.41686E-5 4.30463E-5 3.58523E-5 3.42986E-5 2.65103E-5 2.63608E-5 1.90991E-5 2.24854E-5 2.374E-5 3.20631E-5 4.18658E-5 4.17383E-5 3.12691E-5 3.03477E-5 3.86035E-5 3.21199E-5 3.25752E-5 3.28495E-5 3.70131E-5 2.83638E-5 3.08944E-5 3.61382E-5 3.33486E-5 4.07764E-5 3.79353E-5 3.89274E-5 3.65429E-5 3.9054E-5 3.75194E-5 3.26685E-5 3.34484E-5 3.12164E-5 3.10682E-5 3.06082E-5 3.05285E-5 2.78281E-5 2.56574E-5 2.44047E-5 2.58675E-5 2.77078E-5 2.56687E-5 3.3549E-5 5.94585E-5 2.55491E-5 2.67507E-5 3.43254E-5 3.1426E-5 3.18291E-5 3.19556E-5
1.98907E-5 1.88771E-5 2.62664E-5 2.87414E-5 9.995E-6 1.5532E-5 1.39318E-5 1.36879E-5 1.40947E-5 8.83855E-6 1.83187E-5 2.45018E-5 2.74764E-5 5.76941E-5 2.80129E-5 2.53507E-5 2.13596E-5 3.61834E-5 1.94074E-5 1.31376E-5 1.81212E-5 2.67137E-5 3.11397E-5 3.41358E-5 2.83698E-5 3.13742E-5 3.81695E-5 3.07657E-5 3.24591E-5 3.40841E-5 2.94605E-5 3.01498E-5 3.30386E-5 3.61072E-5 3.58526E-5 3.89214E-5 4.13835E-5 3.88841E-5 3.41786E-5 3.64844E-5 3.37459E-5 3.48636E-5 4.53976E-5 3.45786E-5 3.41725E-5 3.51524E-5 3.59724E-5 2.78785E-5 2.63394E-5 3.02565E-5 2.27513E-5 2.70392E-5 2.68272E-5 2.61249E-5 2.61809E-5 2.56398E-5 3.41534E-5 2.9517E-5 3.69642E-5 3.26706E-5 3.52327E-5
3.32218E-5 1.7541E-5 3.86948E-5 1.15068E-5 1.24286E-5 1.18872E-5 9.25862E-6 1.77908E-5 1.52096E-5 2.69886E-5 2.20866E-5 2.64855E-5 3.41734E-5 2.25466E-5 2.27835E-5 3.66858E-5 3.80996E-5 2.98473E-5 2.33081E-5 1.9487E-5 2.30377E-5 2.66935E-5 2.95288E-5 2.79826E-5 2.3877E-5 2.72308E-5 3.16992E-5 3.14128E-5 3.98761E-5 3.59603E-5 3.37285E-5 2.96322E-5 3.36406E-5 3.65845E-5 3.8022E-5 4.06999E-5 3.92915E-5 4.42329E-5 3.73716E-5 3.91866E-5 3.85931E-5 3.61827E-5 4.20481E-5 4.52656E-5 3.82609E-5 4.11861E-5 2.94781E-5 2.89442E-5 2.8664E-5 2.85702E-5 2.30181E-5 2.59351E-5 2.49007E-5 2.7877E-5 3.52511E-5 2.88971E-5 3.91784E-5 3.56153E-5 3.49682E-5 3.36754E-5 3.64934E-5
1.7826E-5 2.2998E-5 2.88477E-5 3.04173E-5 1.36379E-5 2.02225E-5 1.19757E-5 2.38968E-5 4.16086E-5 1.45636E-5 2.68676E-5 1.06534E-5 2.32617E-5 4.045E-5 2.95186E-5 2.04167E-5 3.6645E-5 3.20205E-5 2.5178E-5 2.23881E-5 1.81674E-5 2.80467E-5 2.7153E-5 2.92463E-5 2.76229E-5 3.43555E-5 3.10867E-5 3.24282E-5 3.72681E-5 3.36052E-5 3.24095E-5 3.60975E-5 3.43567E-5 5.19771E-5 4.80762E-5 4.03088E-5 3.9318E-5 3.96105E-5 3.83922E-5 5.05091E-5 5.92654E-5 3.85966E-5 3.65341E-5 3.36995E-5 3.71064E-5 3.89706E-5 3.08808E-5 3.75689E-5 3.22565E-5 3.22682E-5 3.20492E-5 2.87151E-5 2.80194E-5 2.89607E-5 3.3019E-5 3.41545E-5 3.46764E-5 3.49251E-5 3.49516E-5 3.52485E-5 3.91843E-5
2.15488E-5 1.92115E-5 2.93112E-5 6.28514E-6 1.38061E-5 1.18077E-5 2.13299E-5 1.67182E-5 2.09523E-5 4.07605E-5 2.5199E-5 1.32635E-5 1.75412E-5 1.79534E-5 4.25535E-5 3.60342E-5 3.65063E-5 3.63178E-5 4.11611E-5 2.99303E-5 3.8779E-5 3.20353E-5 2.56981E-5 2.7855E-5 2.2979E-5 4.46031E-5 3.23348E-5 3.15582E-5 3.37318E-5 3.42276E-5 4.2973E-5 4.08194E-5 3.84556E-5 4.53326E-5 5.20028E-5 4.31688E-5 4.85028E-5 4.05968E-5 4.09079E-5 4.55508E-5 6.48211E-5 6.45029E-5 4.50953E-5 3.7304E-5 3.7059E-5 3.76464E-5 3.45193E-5 3.39265E-5 3.51201E-5 3.37725E-5 3.33711E-5 3.67548E-5 3.08143E-5 3.19108E-5 3.18392E-5 3.20442E-5 3.21846E-5 3.01617E-5 3.2009E-5 3.82858E-5 3.78754E-5
3.45295E-5 1.62777E-5 2.26002E-5 8.43445E-6 8.72847E-6 1.81462E-5 2.86708E-5 2.34679E-5 2.14493E-5 8.53357E-6 2.23422E-5 3.64068E-5 4.05478E-5 3.21506E-5 2.46454E-5 3.35857E-5 3.31967E-5 4.35743E-5 2.45659E-5 3.18084E-5 2.65755E-5 3.87837E-5 2.09908E-5 2.31065E-5 2.31156E-5 3.52742E-5 3.65812E-5 3.5055E-5 4.14707E-5 3.8757E-5 3.29995E-5 4.1535E-5 4.49733E-5 4.0177E-5 4.79583E-5 3.9297E-5 4.60084E-5 4.06364E-5 3.9706E-5 3.89672E-5 4.66233E-5 4.58836E-5 3.12683E-5 3.62236E-5 3.97036E-5 3.78282E-5 3.85363E-5 4.21901E-5 4.01663E-5 4.37629E-5 3.80285E-5 4.23236E-5 3.60519E-5 3.81303E-5 3.65797E-5 3.6475E-5 3.53501E-5 3.55706E-5 4.43882E-5 3.93718E-5 3.47606E-5
2.26365E-5 1.40179E-5 2.22211E-5 9.98391E-6 9.65637E-6 1.36727E-5 2.53112E-5 2.09629E-5 2.80464E-5 2.20875E-5 1.65643E-5 2.00519E-5 1.75403E-5 3.70117E-5 3.90035E-5 2.40733E-5 6.0909E-5 4.53419E-5 2.64409E-5 2.16031E-5 3.17178E-5 3.3121E-5 2.21445E-5 3.48534E-5 5.85377E-5 3.58072E-5 3.63416E-5 3.42145E-5 3.58704E-5 4.5039E-5 3.76177E-5 4.18203E-5 3.91385E-5 4.62264E-5 4.25018E-5 4.27617E-5 4.594E-5 4.33126E-5 4.18123E-5 3.94904E-5 3.92248E-5 4.35839E-5 3.85627E-5 3.89241E-5 3.16822E-5 3.72724E-5 3.74095E-5 4.17232E-5 4.94144E-5 4.23109E-5 4.49844E-5 3.79539E-5 3.39394E-5 3.34826E-5 3.82221E-5 3.99261E-5 4.12999E-5 3.45143E-5 4.57388E-5 5.02252E-5 3.57082E-5
1.89741E-5 2.0502E-5 1.18895E-5 1.7041E-5 2.54406E-5 1.48725E-5 2.2125E-5 1.9496E-5 2.1176E-5 2.7409E-5 2.95375E-5 1.44111E-5 1.96106E-5 4.56701E-5 3.54827E-5 4.62553E-5 1.69126E-5 2.70341E-5 2.6206E-5 2.90599E-5 2.73741E-5 4.79657E-5 2.98752E-5 3.6414E-5 4.02731E-5 3.45974E-5 3.81683E-5 3.55523E-5 3.75717E-5 3.75402E-5 3.56878E-5 5.56302E-5 4.04766E-5 4.33387E-5 4.23154E-5 4.18585E-5 4.30563E-5 4.36333E-5 4.23642E-5 3.52882E-5 4.26119E-5 3.47613E-5 3.38484E-5 3.83661E-5 4.25223E-5 4.30626E-5 4.31569E-5 3.99026E-5 6.62025E-5 2.96955E-5 3.39064E-5 4.19112E-5 4.15689E-5 4.24851E-5 4.32099E-5 4.33935E-5 3.56573E-5 4.0644E-5 5.23669E-5 4.77931E-5 4.45967E-5
1.2735E-5 1.75343E-5 2.52679E-5 1.92313E-5 1.14041E-5 2.35716E-5 8.48029E-6 3.63966E-5 2.70431E-5 2.96929E-5 2.72808E-5 4.22478E-5 3.04404E-5 5.32173E-5 4.07958E-5 2.31415E-5 3.69179E-5 4.30086E-5 3.2165E-5 2.61877E-5 2.84926E-5 5.23163E-5 3.71064E-5 3.38474E-5 3.43087E-5 3.63247E-5 3.95432E-5 3.57185E-5 3.99006E-5 3.66262E-5 3.8555E-5 4.70722E-5 4.5528E-5 4.33893E-5 4.93997E-5 5.26275E-5 4.38481E-5 4.56144E-5 4.46953E-5 4.01902E-5 4.23743E-5 3.44475E-5 4.99967E-5 4.10087E-5 4.10905E-5 3.91016E-5 4.47048E-5 3.99135E-5 3.68965E-5 3.11901E-5 3.4396E-5 4.18137E-5 6.71321E-5 5.25999E-5 4.63917E-5 5.1274E-5 5.5266E-5 5.13631E-5 4.35517E-5 4.02331E-5 4.0466E-5
1.23461E-5 1.43837E-5 8.66485E-6 1.41167E-5 2.37936E-5 2.29092E-5 1.93104E-5 2.54723E-5 2.44458E-5 3.59218E-5 1.73556E-5 2.56314E-5 2.45234E-5 2.0804E-5 2.20034E-5 3.22764E-5 2.83493E-5 4.56096E-5 2.94163E-5 2.49167E-5 3.3894E-5 6.80133E-5 4.204E-5 4.72859E-5 3.7311E-5 4.09601E-5 3.75427E-5 2.79784E-5 3.36475E-5 3.89366E-5 4.1419E-5 4.11314E-5 4.22354E-5 4.30995E-5 4.02664E-5 6.29904E-5 6.05222E-5 4.32909E-5 4.94913E-5 4.59789E-5 5.17433E-5 4.75797E-5 4.66723E-5 4.30643E-5 4.46055E-5 4.83265E-5 4.44344E-5 4.39066E-5 6.43748E-5 4.47786E-5 3.96262E-5 5.23411E-5 5.15106E-5 4.47618E-5 5.1052E-5 5.94591E-5 4.49153E-5 4.62008E-5 5.32531E-5 5.50366E-5 3.99265E-5
1.00467E-5 2.07736E-5 2.34711E-5 1.72583E-5 2.40037E-5 9.686E-6 3.19416E-5 3.01603E-5 2.10429E-5 1.1016E-5 2.16252E-5 2.35049E-5 2.74802E-5 3.38761E-5 2.43567E-5 3.05148E-5 1.80732E-5 2.01842E-5 2.11942E-5 2.68048E-5 2.87851E-5 3.50939E-5 3.59228E-5 3.64887E-5 4.47027E-5 4.00668E-5 3.41059E-5 3.48102E-5 3.5496E-5 4.02589E-5 4.09437E-5 4.65515E-5 4.45444E-5 5.92041E-5 4.36851E-5 4.68479E-5 5.08239E-5 4.9908E-5 4.54748E-5 4.95424E-5 5.09375E-5 4.83125E-5 5.13018E-5 3.92158E-5 4.0715E-5 3.96504E-5 4.42869E-5 4.0137E-5 4.2434E-5 4.54451E-5 4.34629E-5 4.46827E-5 4.475E-5 4.86632E-5 5.41355E-5 5.85984E-5 5.02449E-5 4.43909E-5 4.88314E-5 5.62559E-5 4.49172E-5
1.55046E-5 2.29075E-5 2.84998E-5 2.55339E-5 2.30805E-5 3.02331E-5 2.67223E-5 3.58384E-5 2.42963E-5 3.20938E-5 2.42427E-5 9.75228E-6 1.39931E-5 1.95263E-5 5.63045E-5 3.52753E-5 2.49938E-5 2.84604E-5 2.34013E-5 2.42344E-5 2.0154E-5 4.00586E-5 3.88778E-5 3.34537E-5 3.53951E-5 3.63662E-5 3.05762E-5 3.11963E-5 3.41529E-5 4.11683E-5 4.5592E-5 4.30008E-5 5.28351E-5 7.70341E-5 4.93627E-5 4.68715E-5 5.23099E-5 5.54745E-5 4.93016E-5 4.60112E-5 4.52693E-5 4.29413E-5 4.34745E-5 5.07861E-5 3.92188E-5 4.56339E-5 4.28387E-5 4.26881E-5 5.36737E-5 4.88657E-5 4.63551E-5 4.15214E-5 4.78558E-5 5.1594E-5 5.09174E-5 4.73894E-5 4.33203E-5 4.11165E-5 4.40422E-5 6.53537E-5 5.73641E-5
1.71886E-5 2.05279E-5 2.71631E-5 2.64742E-5 1.82635E-5 4.30604E-5 2.03427E-5 3.55007E-5 2.95808E-5 1.7968E-5 1.13601E-5 1.7944E-5 1.76759E-5 1.96882E-5 2.65778E-5 3.89094E-5 3.58161E-5 2.614E-5 1.84313E-5 1.79302E-5 2.19971E-5 3.86177E-5 3.75646E-5 3.31279E-5 3.69979E-5 4.16025E-5 3.95732E-5 3.81635E-5 3.61079E-5 4.57852E-5 4.51608E-5 4.98148E-5 4.78263E-5 4.76892E-5 5.43914E-5 5.28678E-5 5.04288E-5 4.89145E-5 5.30647E-5 4.7693E-5 5.496E-5 4.85043E-5 6.24204E-5 5.37219E-5 4.18244E-5 4.2388E-5 4.9331E-5 4.63505E-5 4.56291E-5 4.7085E-5 4.40642E-5 4.50064E-5 5.53204E-5 5.0392E-5 4.32876E-5 4.62576E-5 5.3851E-5 5.31549E-5 6.23086E-5 7.67933E-5 6.41308E-5
1.90531E-5 1.96292E-5 2.47115E-5 3.2554E-5 1.40846E-5 3.05106E-5 1.5819E-5 3.69303E-5 3.77902E-5 1.83589E-5 2.82763E-5 1.80022E-5 1.78958E-5 2.50913E-5 2.88029E-5 3.51784E-5 2.77675E-5 2.26616E-5 1.73739E-5 1.86602E-5 3.26572E-5 2.92514E-5 3.64736E-5 2.70419E-5 3.60643E-5 4.10443E-5 3.9507E-5 4.01772E-5 4.2952E-5 4.69195E-5 4.44915E-5 4.52001E-5 4.46043E-5 4.61808E-5 5.3625E-5 4.84389E-5 5.61132E-5 5.4756E-5 6.86369E-5 6.79879E-5 5.31583E-5 6.29955E-5 4.44987E-5 4.29588E-5 4.92751E-5 4.0324E-5 4.75355E-5 4.52113E-5 4.42803E-5 4.04339E-5 4.37274E-5 4.47856E-5 4.91517E-5 4.44257E-5 4.74799E-5 5.12535E-5 5.57887E-5 5.38164E-5 6.41646E-5 1.16748E-4 1.3431E-4
2.52396E-5 3.31899E-5 3.20259E-5 2.84985E-5 2.26522E-5 2.42618E-5 2.81281E-5 4.68801E-5 4.95601E-5 2.14338E-5 4.65207E-5 3.11254E-5 1.2862E-5 2.61928E-5 2.5207E-5 5.20742E-5 3.14201E-5 2.81867E-5 4.56413E-5 3.30636E-5 3.16761E-5 2.58843E-5 3.5895E-5 3.09229E-5 3.20654E-5 3.62828E-5 4.28083E-5 3.99909E-5 4.68937E-5 4.33873E-5 4.8967E-5 4.53898E-5 4.4469E-5 4.92113E-5 4.74218E-5 4.72344E-5 4.51467E-5 5.54567E-5 5.67811E-5 8.18481E-5 6.83783E-5 5.81664E-5 4.40353E-5 4.14372E-5 4.59819E-5 5.01298E-5 4.31838E-5 5.17101E-5 4.47778E-5 5.11886E-5 4.65049E-5 4.8828E-5 4.08447E-5 4.79633E-5 5.375E-5 6.99925E-5 5.70201E-5 7.56424E-5 9.00394E-5 7.05744E-5 1.45079E-4
