Candidate_Models_July82022/M_3_F_lqp_Set_1_all/Bison.asc
ncols         290
nrows         380
xllcorner     -2197417.7431653
yllcorner     -584827.01486885
cellsize      10000.0
NODATA_value  -9999
[rows 189 to 215 of 380, columns 183 to 243 of 290]
3.6201E-5 3.70027E-5 3.70444E-5 3.64708E-5 3.25231E-5 3.36585E-5 3.44936E-5 4.07662E-5 3.27308E-5 3.20972E-5 3.40919E-5 3.09186E-5 2.93182E-5 2.61656E-5 2.58913E-5 2.54356E-5 2.66203E-5 2.3808E-5 2.34126E-5 2.40422E-5 3.12204E-5 2.57156E-5 2.31123E-5 2.56433E-5 2.87689E-5 2.48505E-5 2.23956E-5 2.38225E-5 2.18666E-5 2.30215E-5 2.05072E-5 2.00326E-5 2.05755E-5 2.21396E-5 1.89293E-5 1.9323E-5 2.12619E-5 2.09182E-5 2.09865E-5 2.01437E-5 2.04922E-5 2.10754E-5 2.0481E-5 2.09137E-5 2.02918E-5 2.12516E-5 2.2092E-5 1.95208E-5 2.75844E-5 1.8405E-5 1.75973E-5 1.73149E-5 1.8302E-5 1.89922E-5 1.79223E-5 1.59905E-5 1.68473E-5 1.77843E-5 1.66581E-5 -9999 -9999
3.66225E-5 3.91277E-5 3.89514E-5 3.60155E-5 3.91708E-5 3.41295E-5 3.79428E-5 3.8372E-5 3.00254E-5 3.50699E-5 4.30081E-5 3.51284E-5 2.89518E-5 3.26423E-5 2.7848E-5 2.61254E-5 2.51615E-5 2.39991E-5 2.37336E-5 2.37651E-5 2.72793E-5 2.47493E-5 2.32773E-5 2.339E-5 2.61667E-5 2.16073E-5 2.14142E-5 2.23043E-5 2.41599E-5 2.25824E-5 1.98214E-5 2.12352E-5 2.11164E-5 2.01806E-5 2.07727E-5 2.18159E-5 2.49694E-5 2.40828E-5 2.06448E-5 2.11041E-5 2.09164E-5 2.18247E-5 2.15143E-5 2.24577E-5 2.07637E-5 2.02104E-5 1.92839E-5 2.58895E-5 5.24115E-5 1.80558E-5 1.76398E-5 1.72805E-5 2.06059E-5 1.84979E-5 1.70218E-5 1.68275E-5 1.70482E-5 1.76435E-5 1.67761E-5 -9999 -9999
3.68491E-5 3.75949E-5 3.7689E-5 3.67921E-5 4.21741E-5 3.55967E-5 3.39684E-5 3.20072E-5 3.06807E-5 4.22352E-5 3.42985E-5 3.18192E-5 2.7071E-5 4.56387E-5 2.74817E-5 2.71234E-5 2.61018E-5 2.51769E-5 2.43663E-5 2.49911E-5 2.4139E-5 2.25811E-5 2.34558E-5 2.1945E-5 2.21509E-5 2.24598E-5 2.22301E-5 2.29586E-5 2.12335E-5 2.39779E-5 2.10532E-5 2.21662E-5 2.4338E-5 2.14688E-5 2.14584E-5 2.11364E-5 2.07331E-5 2.18073E-5 2.0902E-5 2.59154E-5 2.20306E-5 2.2124E-5 2.25169E-5 2.28217E-5 2.1761E-5 2.1039E-5 1.96698E-5 2.01561E-5 1.98636E-5 1.87122E-5 1.77187E-5 3.85018E-5 2.32457E-5 1.78544E-5 1.72554E-5 1.74362E-5 1.77734E-5 1.79165E-5 -9999 -9999 -9999
4.89467E-5 4.53217E-5 3.80619E-5 3.58463E-5 3.47191E-5 3.55728E-5 5.63189E-5 6.74829E-5 3.4985E-5 3.02034E-5 3.04012E-5 3.08865E-5 3.0267E-5 3.00171E-5 2.69304E-5 2.77274E-5 2.75383E-5 2.55891E-5 2.47896E-5 2.55406E-5 2.48715E-5 2.31974E-5 4.33054E-5 3.01705E-5 2.28879E-5 2.64336E-5 2.32186E-5 2.44563E-5 2.3958E-5 2.16582E-5 2.07892E-5 2.09814E-5 2.03958E-5 2.15354E-5 2.08815E-5 2.16727E-5 1.94819E-5 2.18573E-5 2.21157E-5 7.60804E-5 3.03652E-5 2.30459E-5 2.37641E-5 2.20857E-5 2.20245E-5 2.07712E-5 2.06577E-5 1.91314E-5 1.92836E-5 1.87003E-5 2.47409E-5 2.1518E-5 1.84914E-5 1.77518E-5 1.84067E-5 1.90643E-5 2.03721E-5 1.82937E-5 -9999 -9999 -9999
3.77133E-5 3.50508E-5 3.5498E-5 3.6063E-5 3.77898E-5 5.20019E-5 4.38021E-5 8.53705E-5 3.30423E-5 3.29442E-5 3.16547E-5 3.13243E-5 3.01032E-5 3.025E-5 2.7481E-5 2.7732E-5 2.72469E-5 2.58221E-5 2.58529E-5 2.35488E-5 2.48434E-5 3.72984E-5 8.7479E-5 6.97386E-5 2.39744E-5 2.29647E-5 2.26379E-5 2.15488E-5 2.23655E-5 2.10077E-5 2.32317E-5 2.56395E-5 2.1936E-5 2.14004E-5 2.1593E-5 2.14966E-5 2.25122E-5 2.23349E-5 2.34438E-5 6.99958E-5 2.49914E-5 2.40712E-5 2.33689E-5 2.2559E-5 2.47787E-5 2.10423E-5 2.06006E-5 2.00946E-5 1.98123E-5 1.94925E-5 2.47446E-5 2.13988E-5 2.44621E-5 2.23E-5 1.76573E-5 1.82301E-5 1.83937E-5 1.77261E-5 -9999 -9999 -9999
3.95931E-5 3.80905E-5 6.21306E-5 3.59773E-5 3.88684E-5 5.22042E-5 3.60129E-5 3.2815E-5 3.34997E-5 3.16001E-5 3.25788E-5 3.13489E-5 3.13716E-5 2.97953E-5 2.93479E-5 2.67482E-5 2.74743E-5 2.8785E-5 2.60952E-5 2.63037E-5 2.50591E-5 2.46045E-5 4.56204E-5 2.9932E-5 2.88439E-5 2.38026E-5 2.48516E-5 2.38892E-5 3.01768E-5 2.28969E-5 2.1981E-5 2.50842E-5 2.11618E-5 2.22454E-5 2.08706E-5 2.18253E-5 2.2347E-5 2.23259E-5 2.51656E-5 2.37701E-5 2.40805E-5 2.35419E-5 2.40224E-5 2.28577E-5 2.29059E-5 2.2391E-5 2.06953E-5 2.00838E-5 1.99486E-5 1.96424E-5 1.91567E-5 1.91256E-5 1.90925E-5 1.97081E-5 1.85889E-5 1.75876E-5 1.79321E-5 -9999 -9999 -9999 -9999
6.66504E-5 3.56671E-5 3.90625E-5 7.59545E-5 6.24759E-5 4.60472E-5 4.76205E-5 7.24037E-5 7.22155E-5 5.22295E-5 3.18239E-5 3.16292E-5 3.07766E-5 3.11098E-5 2.83937E-5 2.77387E-5 2.7416E-5 2.91945E-5 3.06917E-5 2.67907E-5 2.70891E-5 2.6585E-5 2.63353E-5 7.1892E-5 3.34321E-5 2.42627E-5 2.71042E-5 2.28081E-5 2.25954E-5 2.22995E-5 2.24293E-5 2.23398E-5 2.19761E-5 2.25029E-5 2.26482E-5 2.27375E-5 2.27584E-5 2.22763E-5 2.36505E-5 2.34664E-5 2.39109E-5 2.84272E-5 2.64714E-5 2.57462E-5 2.41351E-5 2.29046E-5 2.11198E-5 2.09952E-5 1.9836E-5 1.94762E-5 1.92884E-5 1.91426E-5 1.93266E-5 1.91707E-5 1.93627E-5 1.91625E-5 1.89267E-5 -9999 -9999 -9999 -9999
9.8674E-5 3.91403E-5 3.85667E-5 5.82453E-5 4.19637E-5 5.63696E-5 4.55006E-5 1.28838E-4 1.199E-4 3.68716E-5 7.33269E-5 1.07823E-4 2.86979E-5 3.23835E-5 3.07409E-5 2.95086E-5 2.86799E-5 2.74287E-5 2.76765E-5 2.6924E-5 2.66492E-5 3.23721E-5 2.62579E-5 2.55225E-5 2.53138E-5 2.92838E-5 2.86837E-5 2.54172E-5 2.64547E-5 2.25437E-5 2.38907E-5 2.36948E-5 2.28464E-5 2.23874E-5 2.39215E-5 2.36141E-5 2.27814E-5 2.41637E-5 2.50732E-5 2.45118E-5 2.42726E-5 2.42559E-5 2.27371E-5 2.32938E-5 2.21717E-5 2.22043E-5 2.17375E-5 2.15945E-5 2.10541E-5 1.9417E-5 1.95943E-5 1.95101E-5 1.94761E-5 1.96732E-5 2.00327E-5 1.95686E-5 2.14073E-5 -9999 -9999 -9999 -9999
3.97381E-5 3.75498E-5 3.92974E-5 3.89739E-5 3.8287E-5 4.20067E-5 1.40267E-4 1.3839E-4 8.00309E-5 3.66746E-5 1.26243E-4 6.09126E-5 3.15046E-5 3.15104E-5 3.05501E-5 3.04672E-5 2.82022E-5 2.95786E-5 2.95437E-5 2.83293E-5 2.71872E-5 2.86264E-5 2.73503E-5 2.69097E-5 4.28712E-5 3.029E-5 2.60131E-5 2.63514E-5 2.4169E-5 2.40272E-5 2.37688E-5 2.3857E-5 2.43987E-5 2.35235E-5 2.51931E-5 2.44449E-5 2.48667E-5 2.31462E-5 2.48354E-5 2.3902E-5 2.53364E-5 2.5256E-5 2.38092E-5 2.34522E-5 2.33452E-5 2.34055E-5 2.26593E-5 2.1416E-5 2.06139E-5 2.02042E-5 2.12392E-5 2.00994E-5 2.02429E-5 1.98319E-5 1.98685E-5 2.02853E-5 -9999 -9999 -9999 -9999 -9999
4.04562E-5 3.935E-5 3.82617E-5 3.85459E-5 3.87597E-5 3.75915E-5 4.41935E-5 3.94005E-5 3.7467E-5 3.399E-5 3.84052E-5 3.28984E-5 3.33294E-5 3.3821E-5 3.10058E-5 3.07846E-5 3.10918E-5 2.99021E-5 3.09257E-5 3.01988E-5 2.9211E-5 2.76997E-5 3.02502E-5 2.71935E-5 2.64266E-5 2.65719E-5 2.69393E-5 2.68721E-5 2.65723E-5 2.57358E-5 2.47344E-5 2.31969E-5 2.49889E-5 2.5303E-5 2.4418E-5 2.5495E-5 2.55983E-5 2.46121E-5 2.52629E-5 2.52503E-5 2.557E-5 2.56667E-5 2.41983E-5 2.30812E-5 2.40524E-5 2.41261E-5 2.36642E-5 2.18711E-5 2.24688E-5 2.57601E-5 2.35131E-5 2.06061E-5 2.02352E-5 2.02346E-5 2.0294E-5 2.04578E-5 -9999 -9999 -9999 -9999 -9999
4.05062E-5 4.23485E-5 4.25718E-5 4.00691E-5 3.66747E-5 3.70665E-5 3.77195E-5 3.80299E-5 3.65662E-5 3.29855E-5 3.55696E-5 3.426E-5 3.26372E-5 3.28553E-5 3.45287E-5 3.30114E-5 3.14497E-5 3.06708E-5 3.04044E-5 4.16186E-5 7.35789E-5 2.63984E-5 3.16384E-5 3.8913E-5 3.03566E-5 2.77796E-5 2.84704E-5 2.96696E-5 2.81626E-5 2.89169E-5 2.48443E-5 2.42829E-5 2.49649E-5 2.63544E-5 2.63185E-5 2.64847E-5 2.39377E-5 2.51489E-5 2.6041E-5 2.6012E-5 2.45454E-5 2.60508E-5 2.37821E-5 2.42807E-5 2.42139E-5 2.42304E-5 2.32125E-5 2.27293E-5 2.34394E-5 2.23939E-5 2.27922E-5 2.07014E-5 2.01169E-5 1.93668E-5 2.09037E-5 2.12867E-5 -9999 -9999 -9999 -9999 -9999
4.19064E-5 4.11516E-5 4.05814E-5 3.82283E-5 3.80514E-5 3.81893E-5 3.70969E-5 3.87803E-5 3.71558E-5 3.64975E-5 3.36541E-5 3.38251E-5 3.39322E-5 3.29282E-5 3.33108E-5 3.26241E-5 3.23028E-5 3.61465E-5 3.08358E-5 7.12917E-5 5.92794E-5 2.89176E-5 4.23054E-5 3.56123E-5 3.153E-5 2.99882E-5 2.91646E-5 3.17532E-5 3.12411E-5 2.81609E-5 2.53093E-5 2.66757E-5 2.92746E-5 2.63211E-5 2.7565E-5 2.68901E-5 2.58867E-5 2.57645E-5 2.63066E-5 2.61078E-5 2.60535E-5 2.65532E-5 2.46995E-5 2.4237E-5 2.42393E-5 2.39258E-5 2.43058E-5 2.28179E-5 2.32854E-5 2.19495E-5 2.17987E-5 2.24818E-5 2.12088E-5 2.21345E-5 2.21271E-5 2.2205E-5 -9999 -9999 -9999 -9999 -9999
4.36748E-5 4.44932E-5 4.28655E-5 4.11313E-5 3.83897E-5 4.09431E-5 3.86005E-5 3.84566E-5 3.85732E-5 3.76377E-5 3.89221E-5 3.48094E-5 3.31881E-5 3.37984E-5 3.29585E-5 3.28453E-5 3.20873E-5 3.52282E-5 3.3086E-5 9.44839E-5 6.03755E-5 3.24918E-5 3.26245E-5 3.47096E-5 3.30237E-5 3.07626E-5 3.10604E-5 3.24242E-5 2.87283E-5 2.82668E-5 2.78966E-5 2.71951E-5 2.69249E-5 2.66935E-5 2.71935E-5 2.59315E-5 2.70598E-5 2.74976E-5 2.68711E-5 2.71018E-5 2.6959E-5 2.61446E-5 2.60211E-5 2.43718E-5 2.44782E-5 2.41962E-5 2.35322E-5 2.38948E-5 2.25753E-5 2.28121E-5 2.19921E-5 2.20715E-5 2.23842E-5 2.25814E-5 2.29439E-5 -9999 -9999 -9999 -9999 -9999 -9999
4.54411E-5 4.5077E-5 4.29234E-5 4.36423E-5 4.0583E-5 3.86256E-5 3.91926E-5 3.88396E-5 3.85941E-5 3.68109E-5 3.59162E-5 3.7171E-5 3.71137E-5 3.5513E-5 3.53781E-5 3.33477E-5 3.77789E-5 3.46288E-5 5.67358E-5 4.30134E-5 3.2021E-5 3.1646E-5 3.28059E-5 3.2531E-5 3.22494E-5 3.203E-5 3.25981E-5 3.10922E-5 3.11088E-5 3.02277E-5 2.98314E-5 2.95021E-5 2.88928E-5 2.86969E-5 2.87639E-5 2.89095E-5 2.78628E-5 2.7249E-5 2.71422E-5 2.77104E-5 2.83328E-5 2.7453E-5 2.67658E-5 2.51944E-5 2.47844E-5 2.53022E-5 2.52079E-5 2.4982E-5 2.25895E-5 2.39512E-5 2.36704E-5 2.3376E-5 2.45063E-5 2.35847E-5 2.44614E-5 -9999 -9999 -9999 -9999 -9999 -9999
4.75988E-5 4.49199E-5 4.27895E-5 4.34086E-5 4.0974E-5 4.27145E-5 4.04128E-5 4.16704E-5 4.06908E-5 3.92485E-5 3.79966E-5 3.84805E-5 3.95615E-5 3.80092E-5 3.45903E-5 3.3731E-5 5.70531E-5 4.9659E-5 3.23843E-5 3.17106E-5 3.30087E-5 3.60211E-5 3.50045E-5 3.50321E-5 3.47195E-5 3.71448E-5 3.16588E-5 3.1965E-5 3.13949E-5 3.02619E-5 3.19146E-5 3.06852E-5 3.09113E-5 2.98521E-5 2.86366E-5 2.91593E-5 2.91359E-5 2.76804E-5 2.92346E-5 2.80095E-5 2.8186E-5 2.701E-5 2.77214E-5 2.77508E-5 2.61566E-5 2.18272E-5 2.55029E-5 2.61793E-5 2.46966E-5 2.57239E-5 2.42593E-5 3.13345E-5 2.85683E-5 2.4839E-5 2.47618E-5 -9999 -9999 -9999 -9999 -9999 -9999
4.68018E-5 4.76037E-5 4.5501E-5 4.66435E-5 4.4568E-5 4.50227E-5 4.41024E-5 4.20174E-5 4.30659E-5 3.9242E-5 4.05467E-5 3.90575E-5 3.9148E-5 4.0479E-5 5.36138E-5 5.07924E-5 3.68781E-5 4.0356E-5 3.96736E-5 3.95601E-5 3.43047E-5 3.71015E-5 3.32352E-5 3.4228E-5 3.27452E-5 3.27634E-5 3.52E-5 3.20235E-5 3.34665E-5 3.36526E-5 2.99277E-5 3.1307E-5 3.23415E-5 3.12566E-5 3.0663E-5 2.9087E-5 2.94004E-5 2.83416E-5 2.81524E-5 2.84386E-5 2.83524E-5 2.75694E-5 2.80709E-5 2.87185E-5 2.75469E-5 2.56029E-5 2.4469E-5 2.60246E-5 2.62645E-5 2.53983E-5 2.7868E-5 2.58169E-5 2.48715E-5 2.46937E-5 -9999 -9999 -9999 -9999 -9999 -9999 -9999
5.23579E-5 5.13024E-5 5.06482E-5 4.9795E-5 4.96668E-5 5.05806E-5 4.76529E-5 4.89345E-5 4.37477E-5 4.20448E-5 4.3285E-5 4.08458E-5 3.65327E-5 3.91134E-5 5.91353E-5 4.32702E-5 3.66616E-5 4.14613E-5 5.13317E-5 3.54297E-5 3.40556E-5 3.43924E-5 3.48224E-5 3.58818E-5 3.68339E-5 3.57158E-5 3.5682E-5 3.42927E-5 3.50286E-5 3.47128E-5 3.34237E-5 3.06477E-5 3.07269E-5 3.18939E-5 3.18826E-5 2.96848E-5 3.01459E-5 2.98813E-5 2.97955E-5 3.0397E-5 2.97936E-5 2.89721E-5 2.92157E-5 2.8485E-5 2.7628E-5 2.75781E-5 2.71712E-5 2.55631E-5 2.66707E-5 2.641E-5 2.62247E-5 2.56035E-5 2.59801E-5 2.59344E-5 -9999 -9999 -9999 -9999 -9999 -9999 -9999
5.3816E-5 5.30707E-5 5.71444E-5 5.56496E-5 5.6021E-5 5.45857E-5 5.08708E-5 4.68193E-5 4.51621E-5 4.26346E-5 4.3403E-5 4.35069E-5 5.50433E-5 5.52054E-5 5.00363E-5 5.10229E-5 5.60568E-5 4.53182E-5 3.6348E-5 3.55149E-5 3.39592E-5 6.54014E-5 3.85614E-5 3.57885E-5 3.81857E-5 3.71001E-5 3.78026E-5 3.79662E-5 3.7085E-5 3.60088E-5 3.71523E-5 3.3263E-5 3.33616E-5 3.3074E-5 3.25373E-5 3.22578E-5 3.25459E-5 3.0838E-5 3.06663E-5 3.00473E-5 2.94077E-5 3.07858E-5 2.94263E-5 2.94594E-5 2.91101E-5 2.85002E-5 2.81148E-5 2.92623E-5 2.76111E-5 2.72977E-5 2.73385E-5 2.71525E-5 2.73516E-5 2.71069E-5 -9999 -9999 -9999 -9999 -9999 -9999 -9999
5.38596E-5 5.64819E-5 6.44491E-5 5.85568E-5 6.097E-5 5.79583E-5 5.715E-5 4.91005E-5 4.70612E-5 4.53582E-5 4.27958E-5 4.18335E-5 4.34895E-5 4.13725E-5 4.74763E-5 8.12487E-5 1.12361E-4 4.29581E-5 3.98953E-5 3.90456E-5 3.86573E-5 3.61932E-5 3.89978E-5 3.76386E-5 3.78991E-5 3.84775E-5 3.98047E-5 3.95871E-5 3.90923E-5 3.86446E-5 3.40012E-5 4.09304E-5 3.51615E-5 3.41615E-5 3.33264E-5 3.46706E-5 3.23065E-5 3.2234E-5 3.27165E-5 3.2171E-5 3.07785E-5 3.00199E-5 3.04067E-5 3.02045E-5 2.956E-5 2.95308E-5 2.89231E-5 2.82318E-5 2.94041E-5 2.83173E-5 2.81316E-5 2.81528E-5 2.78221E-5 -9999 -9999 -9999 -9999 -9999 -9999 -9999 -9999
5.53945E-5 5.41678E-5 6.32933E-5 6.18891E-5 6.38682E-5 6.31264E-5 6.1175E-5 5.52106E-5 5.1447E-5 4.99987E-5 4.41965E-5 4.31804E-5 4.10243E-5 4.18234E-5 5.15003E-5 1.23191E-4 1.2274E-4 5.88404E-5 4.03672E-5 4.00691E-5 3.93476E-5 4.04496E-5 4.08877E-5 3.86496E-5 4.11265E-5 4.25862E-5 4.19498E-5 4.0357E-5 3.9445E-5 3.99451E-5 3.73782E-5 3.72419E-5 3.61185E-5 3.62439E-5 3.40843E-5 3.49325E-5 3.41937E-5 3.33827E-5 3.32928E-5 3.30246E-5 3.17055E-5 3.12201E-5 3.23257E-5 3.05498E-5 3.02327E-5 2.94903E-5 3.2841E-5 3.00138E-5 3.14091E-5 3.01298E-5 4.21709E-5 2.93261E-5 2.84425E-5 -9999 -9999 -9999 -9999 -9999 -9999 -9999 -9999
6.81777E-5 6.57443E-5 5.99516E-5 6.19947E-5 6.50321E-5 6.63152E-5 6.64613E-5 6.22553E-5 1.43934E-4 5.88435E-5 4.77259E-5 4.45103E-5 4.34097E-5 4.44928E-5 4.75231E-5 7.12322E-5 6.3227E-5 4.25255E-5 4.40775E-5 4.07411E-5 4.41868E-5 4.25982E-5 4.30267E-5 4.18231E-5 4.38006E-5 4.38683E-5 4.39975E-5 4.37806E-5 4.34101E-5 4.12174E-5 3.92423E-5 3.77287E-5 3.89925E-5 3.65624E-5 3.53477E-5 3.57488E-5 3.48874E-5 3.37654E-5 3.3576E-5 3.32893E-5 3.13642E-5 3.37054E-5 3.28438E-5 3.2724E-5 3.21857E-5 3.0857E-5 3.12649E-5 3.19945E-5 3.22118E-5 3.26277E-5 3.8E-5 2.95617E-5 2.99711E-5 -9999 -9999 -9999 -9999 -9999 -9999 -9999 -9999
6.25685E-5 6.37513E-5 5.97506E-5 6.58174E-5 6.74354E-5 6.86366E-5 6.33648E-5 5.53525E-5 9.1929E-5 9.95812E-5 5.11032E-5 4.65183E-5 4.58973E-5 4.52682E-5 4.52171E-5 4.56052E-5 4.58612E-5 4.46088E-5 4.40049E-5 4.50937E-5 4.38295E-5 4.43444E-5 4.51164E-5 4.3246E-5 4.49456E-5 4.46264E-5 5.26725E-5 5.29057E-5 4.44209E-5 4.41177E-5 4.09997E-5 4.02184E-5 3.8654E-5 3.85245E-5 3.63976E-5 3.61735E-5 3.62786E-5 3.65841E-5 3.58593E-5 3.53393E-5 3.34753E-5 3.3536E-5 3.40441E-5 3.3162E-5 3.28367E-5 3.13152E-5 3.21482E-5 3.37367E-5 3.31535E-5 3.29847E-5 3.10144E-5 3.22888E-5 3.21351E-5 -9999 -9999 -9999 -9999 -9999 -9999 -9999 -9999
7.07534E-5 5.47703E-5 5.39559E-5 6.17999E-5 6.57057E-5 6.7055E-5 6.44186E-5 5.69988E-5 6.1362E-5 7.06876E-5 7.06701E-5 5.01996E-5 5.01704E-5 4.80624E-5 4.69687E-5 4.76148E-5 4.54593E-5 4.7482E-5 5.21265E-5 4.61855E-5 4.75945E-5 5.02883E-5 4.67706E-5 4.80658E-5 4.73555E-5 4.83046E-5 4.81883E-5 5.41132E-5 6.01117E-5 4.5735E-5 4.37432E-5 4.03556E-5 3.92579E-5 3.97299E-5 3.82297E-5 3.86103E-5 3.76773E-5 3.68639E-5 3.679E-5 3.68946E-5 3.4329E-5 3.43587E-5 3.41756E-5 3.30111E-5 3.22208E-5 3.11497E-5 3.35457E-5 3.58775E-5 3.3747E-5 3.52053E-5 3.36057E-5 3.34996E-5 -9999 -9999 -9999 -9999 -9999 -9999 -9999 -9999 -9999
7.29672E-5 6.27854E-5 6.17613E-5 6.36379E-5 6.29937E-5 7.00858E-5 5.86056E-5 5.94582E-5 6.60557E-5 5.51067E-5 5.29046E-5 5.55912E-5 5.57819E-5 5.02354E-5 4.92392E-5 5.05601E-5 4.90857E-5 4.77198E-5 5.08302E-5 4.74013E-5 5.32619E-5 5.02021E-5 4.71876E-5 6.107E-5 9.64765E-5 4.66743E-5 4.77402E-5 4.69661E-5 5.7799E-5 4.56853E-5 4.26487E-5 4.21094E-5 4.15771E-5 4.17219E-5 3.93638E-5 3.84719E-5 3.84243E-5 3.71034E-5 3.82227E-5 3.76148E-5 3.74587E-5 3.67134E-5 3.68834E-5 3.37151E-5 3.33453E-5 3.29987E-5 3.48423E-5 3.63285E-5 3.60505E-5 3.63362E-5 3.59776E-5 3.37222E-5 -9999 -9999 -9999 -9999 -9999 -9999 -9999 -9999 -9999
8.61723E-5 6.44687E-5 8.93547E-5 6.05897E-5 5.47234E-5 6.42128E-5 6.76236E-5 5.97905E-5 5.49073E-5 5.46813E-5 5.37902E-5 6.29186E-5 5.68409E-5 5.03574E-5 5.6464E-5 6.29594E-5 5.22222E-5 4.93098E-5 4.82947E-5 4.88215E-5 4.82498E-5 4.55549E-5 4.87262E-5 5.00831E-5 9.90363E-5 4.96019E-5 4.97564E-5 4.85699E-5 4.7839E-5 4.68029E-5 4.54122E-5 4.38366E-5 4.34393E-5 4.21499E-5 4.19195E-5 4.10821E-5 4.01828E-5 3.89138E-5 4.04331E-5 4.00072E-5 3.95578E-5 3.83438E-5 3.73673E-5 3.63177E-5 3.38529E-5 3.48855E-5 3.58265E-5 3.68657E-5 4.48724E-5 3.67205E-5 3.53493E-5 3.54181E-5 -9999 -9999 -9999 -9999 -9999 -9999 -9999 -9999 -9999
1.07065E-4 6.63146E-5 8.85438E-5 5.87002E-5 7.0377E-5 6.62157E-5 5.52446E-5 5.65229E-5 5.98586E-5 5.42631E-5 5.60725E-5 5.57792E-5 5.73725E-5 5.25317E-5 5.9113E-5 5.5347E-5 5.1249E-5 5.63802E-5 6.32407E-5 5.12874E-5 5.03739E-5 4.77209E-5 4.68656E-5 5.01878E-5 5.137E-5 5.22908E-5 4.97546E-5 4.94535E-5 4.87688E-5 4.7195E-5 4.83311E-5 4.64903E-5 4.4538E-5 4.22951E-5 4.34219E-5 4.26585E-5 4.15737E-5 4.01113E-5 4.14707E-5 4.05222E-5 4.05827E-5 3.98133E-5 3.89255E-5 3.75152E-5 3.64677E-5 3.58129E-5 3.66502E-5 3.76656E-5 4.38354E-5 4.07584E-5 3.8769E-5 -9999 -9999 -9999 -9999 -9999 -9999 -9999 -9999 -9999 -9999
7.82949E-5 6.61244E-5 5.67305E-5 7.1595E-5 6.51563E-5 5.5399E-5 5.603E-5 5.54311E-5 5.86812E-5 5.5639E-5 6.21551E-5 5.7277E-5 6.5378E-5 6.06538E-5 5.93717E-5 5.96272E-5 6.19086E-5 5.25E-5 5.28746E-5 5.93659E-5 5.31681E-5 4.80254E-5 4.68545E-5 5.11697E-5 5.13162E-5 5.09171E-5 4.89662E-5 5.04781E-5 4.92576E-5 4.73895E-5 4.75477E-5 4.70498E-5 4.65362E-5 4.60456E-5 4.53345E-5 4.50262E-5 4.26795E-5 4.13926E-5 4.08205E-5 4.1125E-5 4.1359E-5 4.09539E-5 3.9685E-5 3.9728E-5 3.82388E-5 3.7937E-5 3.87062E-5 4.02588E-5 4.13414E-5 4.0688E-5 4.10985E-5 -9999 -9999 -9999 -9999 -9999 -9999 -9999 -9999 -9999 -9999
