Candidate_Models_July82022/M_3_F_lqp_Set_1_all/Bison.asc
ncols         290
nrows         380
xllcorner     -2197417.7431653
yllcorner     -584827.01486885
cellsize      10000.0
NODATA_value  -9999
[rows 297 to 323 of 380, columns 183 to 243 of 290]
2.42468E-4 2.75744E-4 1.86706E-4 1.75759E-4 1.80046E-4 1.76753E-4 1.76254E-4 1.7798E-4 1.78891E-4 1.9408E-4 1.83399E-4 1.93081E-4 1.89925E-4 1.86345E-4 1.73641E-4 1.6679E-4 1.76535E-4 1.75355E-4 1.65384E-4 1.73792E-4 1.81053E-4 1.63884E-4 1.66451E-4 1.7343E-4 1.67113E-4 1.75545E-4 1.71367E-4 1.71369E-4 1.77288E-4 2.06683E-4 1.84626E-4 1.84241E-4 1.8245E-4 1.93902E-4 1.74795E-4 2.61322E-4 2.34154E-4 1.99038E-4 2.06046E-4 2.38362E-4 1.88631E-4 2.19422E-4 2.16787E-4 1.72358E-4 1.51635E-4 1.71174E-4 1.65539E-4 1.59161E-4 1.569E-4 1.82773E-4 1.55932E-4 1.72537E-4 1.62863E-4 1.47402E-4 1.4145E-4 1.45785E-4 1.43469E-4 1.38027E-4 1.36075E-4 1.30858E-4 1.37231E-4
2.59062E-4 2.51725E-4 1.9988E-4 1.80461E-4 1.77771E-4 1.81074E-4 1.83998E-4 1.85794E-4 1.83136E-4 1.86922E-4 1.74954E-4 1.81532E-4 1.84415E-4 1.81258E-4 1.83158E-4 1.82115E-4 1.74568E-4 1.69735E-4 1.69058E-4 1.76781E-4 1.84736E-4 1.78727E-4 1.72319E-4 1.73178E-4 1.69815E-4 1.78999E-4 1.74668E-4 1.97526E-4 1.88199E-4 2.40066E-4 1.8023E-4 1.92027E-4 1.87311E-4 1.75664E-4 1.79182E-4 2.78606E-4 1.86247E-4 1.91615E-4 3.09177E-4 2.84857E-4 2.49125E-4 2.21042E-4 2.08706E-4 2.30334E-4 1.5678E-4 1.55635E-4 1.68451E-4 2.03003E-4 1.532E-4 1.59097E-4 1.54594E-4 1.8396E-4 1.55662E-4 1.42346E-4 1.42779E-4 1.45554E-4 1.43089E-4 1.36845E-4 1.36048E-4 1.36323E-4 1.36441E-4
2.14631E-4 2.20324E-4 1.90349E-4 1.88045E-4 1.81907E-4 1.88216E-4 1.83704E-4 1.80855E-4 1.87998E-4 1.62499E-4 1.75662E-4 1.86816E-4 1.87495E-4 1.82183E-4 1.78763E-4 1.77067E-4 1.74725E-4 1.67443E-4 1.6812E-4 1.74685E-4 1.78131E-4 1.9013E-4 1.83111E-4 1.81563E-4 1.75917E-4 1.75539E-4 1.75449E-4 1.82081E-4 1.77449E-4 2.15698E-4 1.91987E-4 1.9322E-4 1.9213E-4 1.91752E-4 1.73773E-4 1.82204E-4 1.73136E-4 1.72141E-4 3.28415E-4 2.41695E-4 2.65139E-4 2.22526E-4 2.2617E-4 2.015E-4 1.57689E-4 1.71257E-4 1.98861E-4 1.56758E-4 1.55908E-4 1.90896E-4 1.63574E-4 1.54013E-4 1.92242E-4 1.47251E-4 1.46753E-4 1.45919E-4 1.39824E-4 1.37031E-4 1.36277E-4 1.36373E-4 1.7286E-4
1.80344E-4 3.13965E-4 2.07582E-4 1.72319E-4 1.77617E-4 1.80409E-4 1.87896E-4 1.82752E-4 1.8379E-4 1.62208E-4 1.72511E-4 1.91615E-4 1.74177E-4 1.76637E-4 1.95549E-4 2.18145E-4 1.72454E-4 1.73055E-4 1.75428E-4 1.7967E-4 1.77138E-4 1.75432E-4 1.77932E-4 1.78449E-4 1.80041E-4 1.73366E-4 1.80236E-4 1.80335E-4 1.85321E-4 2.09875E-4 1.89485E-4 1.96506E-4 1.86101E-4 1.80968E-4 1.87365E-4 2.11171E-4 1.90275E-4 1.75742E-4 2.79971E-4 2.06205E-4 2.00048E-4 2.53979E-4 1.99949E-4 2.12017E-4 1.6374E-4 1.59137E-4 2.1339E-4 1.63625E-4 1.6053E-4 1.74597E-4 1.99179E-4 1.80331E-4 1.56095E-4 1.50945E-4 1.45467E-4 1.45222E-4 1.43186E-4 1.42767E-4 1.37452E-4 1.36596E-4 2.95688E-4
1.68074E-4 2.54527E-4 2.7972E-4 1.74141E-4 1.77697E-4 1.75364E-4 1.83719E-4 1.84346E-4 1.94834E-4 1.84151E-4 1.80467E-4 1.87997E-4 1.82678E-4 2.03722E-4 1.77002E-4 1.76587E-4 1.7995E-4 1.78351E-4 1.75995E-4 1.85994E-4 1.87187E-4 1.88059E-4 1.79315E-4 1.76506E-4 1.79816E-4 1.68709E-4 1.77858E-4 1.85026E-4 1.71872E-4 1.95339E-4 3.77537E-4 1.87908E-4 1.86566E-4 1.92595E-4 1.75858E-4 1.81141E-4 1.8663E-4 2.19941E-4 2.80615E-4 1.87191E-4 1.87322E-4 2.35823E-4 2.21624E-4 2.26818E-4 1.66389E-4 1.60207E-4 1.59797E-4 1.5174E-4 1.57888E-4 1.6924E-4 1.61506E-4 1.57512E-4 1.6264E-4 1.58148E-4 1.48949E-4 1.78613E-4 1.41782E-4 1.4024E-4 1.38478E-4 1.38122E-4 1.57516E-4
1.68932E-4 1.6465E-4 1.70973E-4 1.83277E-4 1.742E-4 1.79161E-4 1.82025E-4 1.8516E-4 1.73513E-4 1.76417E-4 1.82436E-4 1.83957E-4 1.79166E-4 1.82293E-4 1.79216E-4 1.75057E-4 1.79325E-4 1.74191E-4 1.70271E-4 1.74623E-4 1.87925E-4 1.86285E-4 1.81416E-4 1.85105E-4 1.77472E-4 1.72246E-4 1.8413E-4 1.47485E-4 1.90151E-4 1.93821E-4 3.03713E-4 1.88142E-4 1.81636E-4 1.76158E-4 1.96871E-4 2.89188E-4 3.41235E-4 2.02642E-4 1.70034E-4 1.94282E-4 2.42488E-4 1.86494E-4 2.17541E-4 1.88881E-4 1.64173E-4 1.58186E-4 1.64819E-4 1.56057E-4 1.58341E-4 1.69924E-4 1.62101E-4 1.60228E-4 1.63439E-4 1.58078E-4 1.5015E-4 1.60688E-4 1.42678E-4 1.37985E-4 1.37431E-4 1.38171E-4 1.36606E-4
1.70324E-4 1.67213E-4 1.74765E-4 1.69118E-4 1.74889E-4 1.85072E-4 1.83702E-4 1.82202E-4 1.80181E-4 2.43984E-4 1.94505E-4 1.81452E-4 1.8219E-4 1.79325E-4 1.85369E-4 1.83441E-4 1.82259E-4 1.80947E-4 1.87283E-4 1.79004E-4 1.8289E-4 2.05402E-4 2.67682E-4 1.84648E-4 1.89689E-4 1.76793E-4 1.71426E-4 1.72037E-4 1.77562E-4 1.73481E-4 2.01284E-4 2.4042E-4 1.98258E-4 1.89883E-4 2.19004E-4 2.16849E-4 1.76221E-4 1.93596E-4 1.8799E-4 2.43977E-4 2.84871E-4 2.13965E-4 1.99691E-4 2.47117E-4 1.95672E-4 1.68483E-4 1.63511E-4 1.5445E-4 1.63802E-4 1.60965E-4 1.63702E-4 1.62002E-4 1.68494E-4 1.58149E-4 1.52375E-4 1.47104E-4 1.51161E-4 1.4552E-4 1.48765E-4 1.42965E-4 1.36609E-4
1.64358E-4 1.70864E-4 1.71665E-4 1.82606E-4 1.85429E-4 1.76414E-4 1.83842E-4 1.84407E-4 1.81738E-4 1.79886E-4 1.81054E-4 1.85135E-4 1.82384E-4 1.60062E-4 1.76898E-4 1.80634E-4 1.82833E-4 1.83975E-4 1.85024E-4 1.88823E-4 1.81675E-4 1.84717E-4 1.83273E-4 1.78219E-4 1.84841E-4 1.85417E-4 1.7904E-4 1.85499E-4 1.86715E-4 1.81881E-4 1.85559E-4 1.82317E-4 2.0791E-4 1.72801E-4 1.84172E-4 1.85053E-4 2.33184E-4 1.92583E-4 2.55633E-4 1.80066E-4 2.0041E-4 1.76928E-4 2.00617E-4 2.42798E-4 2.09209E-4 1.67671E-4 1.66845E-4 1.65494E-4 1.58953E-4 1.66669E-4 1.59537E-4 1.58524E-4 1.5824E-4 1.5756E-4 1.56795E-4 1.53058E-4 1.5626E-4 1.78448E-4 1.70555E-4 1.40164E-4 1.36708E-4
1.71106E-4 1.73688E-4 1.78062E-4 1.98072E-4 1.78206E-4 1.79777E-4 1.73538E-4 1.8784E-4 1.87531E-4 1.8273E-4 1.72408E-4 1.74347E-4 1.77707E-4 1.83353E-4 1.78702E-4 1.78084E-4 1.77071E-4 1.86166E-4 1.89429E-4 1.86597E-4 1.91154E-4 1.86189E-4 1.84454E-4 1.81527E-4 1.92675E-4 1.834E-4 1.79291E-4 1.77462E-4 1.89895E-4 1.85264E-4 1.79291E-4 1.77109E-4 2.02155E-4 1.92302E-4 1.94679E-4 1.86955E-4 1.84845E-4 1.91174E-4 2.65737E-4 1.94915E-4 1.89006E-4 2.38458E-4 2.19363E-4 2.11332E-4 2.11352E-4 1.76229E-4 1.72324E-4 1.70441E-4 1.68276E-4 1.72784E-4 1.75876E-4 1.60497E-4 1.83827E-4 1.62718E-4 1.54733E-4 1.52048E-4 1.91259E-4 1.67362E-4 1.50749E-4 1.39219E-4 1.35313E-4
1.96994E-4 1.71622E-4 1.66379E-4 1.69699E-4 2.24011E-4 1.8518E-4 1.77198E-4 1.7788E-4 1.81342E-4 1.81725E-4 1.77512E-4 1.80824E-4 1.81498E-4 1.82118E-4 1.79718E-4 1.78708E-4 1.76908E-4 1.8088E-4 1.83933E-4 1.76439E-4 1.85461E-4 1.77852E-4 1.80391E-4 1.89474E-4 1.92634E-4 1.8822E-4 1.77823E-4 1.79571E-4 1.74106E-4 1.64885E-4 1.78443E-4 1.72992E-4 1.9399E-4 1.81977E-4 1.93556E-4 1.97163E-4 1.98205E-4 1.93085E-4 1.86106E-4 2.20303E-4 2.28669E-4 2.24837E-4 2.10514E-4 2.02616E-4 2.40714E-4 1.85312E-4 1.71191E-4 1.68718E-4 1.61587E-4 1.7339E-4 1.68793E-4 1.68055E-4 1.69132E-4 1.61333E-4 1.56637E-4 1.5608E-4 1.84592E-4 2.24509E-4 2.05083E-4 1.38728E-4 1.34055E-4
1.62408E-4 1.71431E-4 1.69162E-4 1.70396E-4 2.18418E-4 2.03117E-4 1.79752E-4 1.78267E-4 1.81415E-4 1.82007E-4 1.82595E-4 1.83354E-4 1.8069E-4 1.72959E-4 1.7552E-4 1.76645E-4 1.8119E-4 1.83577E-4 1.78552E-4 1.85546E-4 1.83228E-4 1.83178E-4 1.86281E-4 1.79782E-4 1.94369E-4 1.86661E-4 1.89346E-4 1.8533E-4 1.80919E-4 1.75749E-4 1.81104E-4 1.91658E-4 1.94549E-4 1.66736E-4 1.81452E-4 1.76712E-4 1.9012E-4 1.7949E-4 1.94581E-4 1.94396E-4 2.01504E-4 2.22833E-4 2.46163E-4 2.18035E-4 2.21053E-4 1.95783E-4 1.7006E-4 1.71653E-4 1.68709E-4 1.78865E-4 1.58249E-4 1.68334E-4 1.9994E-4 1.60512E-4 1.61899E-4 1.57537E-4 1.75228E-4 1.56409E-4 1.43497E-4 1.39803E-4 1.35097E-4
1.68983E-4 1.65553E-4 1.72535E-4 1.70279E-4 1.67257E-4 1.96992E-4 1.77444E-4 1.7813E-4 1.73573E-4 1.83633E-4 1.84149E-4 1.84232E-4 1.78204E-4 1.84278E-4 1.79893E-4 1.78498E-4 1.76886E-4 1.77022E-4 1.82688E-4 1.77658E-4 1.79029E-4 1.85893E-4 1.78247E-4 1.79978E-4 1.75487E-4 1.74385E-4 1.83654E-4 1.76562E-4 1.74957E-4 1.62173E-4 1.80188E-4 1.76503E-4 1.99641E-4 1.70818E-4 1.92677E-4 2.01741E-4 1.87867E-4 1.90377E-4 2.01059E-4 2.02809E-4 2.39471E-4 2.32404E-4 2.01709E-4 2.55397E-4 2.40181E-4 2.00559E-4 1.66594E-4 1.69638E-4 1.63849E-4 1.74252E-4 1.73186E-4 1.65992E-4 2.18972E-4 1.88717E-4 1.62126E-4 1.61849E-4 1.84424E-4 1.51936E-4 1.6842E-4 1.54925E-4 1.37688E-4
1.61262E-4 1.74432E-4 1.66655E-4 1.66289E-4 1.74963E-4 1.81673E-4 1.77849E-4 1.76421E-4 1.80035E-4 1.7707E-4 1.7622E-4 1.83797E-4 1.79106E-4 1.79239E-4 1.8019E-4 1.80776E-4 1.73098E-4 1.79228E-4 1.73384E-4 1.74317E-4 1.74434E-4 1.79826E-4 1.82877E-4 1.91116E-4 1.81708E-4 1.81709E-4 1.72872E-4 1.7718E-4 1.82125E-4 1.91297E-4 1.9085E-4 2.31021E-4 1.93362E-4 1.76286E-4 1.96386E-4 1.99234E-4 2.05073E-4 1.91411E-4 1.90386E-4 2.21148E-4 2.46321E-4 3.47335E-4 2.17842E-4 2.24877E-4 2.46735E-4 1.9821E-4 1.65611E-4 1.68025E-4 1.62257E-4 1.61983E-4 1.62949E-4 1.68882E-4 2.07325E-4 1.7518E-4 1.71942E-4 1.78722E-4 1.62865E-4 1.63755E-4 2.07158E-4 2.332E-4 2.27419E-4
1.68076E-4 1.87775E-4 2.34008E-4 1.66282E-4 1.79672E-4 1.67731E-4 1.73745E-4 1.75587E-4 1.72361E-4 1.75993E-4 1.82354E-4 2.17129E-4 1.78699E-4 1.75992E-4 1.75733E-4 1.74074E-4 1.79237E-4 1.7706E-4 1.74916E-4 1.77421E-4 1.68632E-4 1.76269E-4 1.71337E-4 1.69731E-4 1.70318E-4 1.76575E-4 1.69628E-4 1.8049E-4 1.77228E-4 1.85612E-4 1.76419E-4 1.9281E-4 2.98115E-4 1.73485E-4 1.7997E-4 1.83566E-4 2.09641E-4 1.89382E-4 2.09258E-4 2.06792E-4 2.49569E-4 2.25658E-4 2.55773E-4 2.31501E-4 2.3392E-4 1.67651E-4 1.66998E-4 1.64135E-4 1.63236E-4 1.60669E-4 1.6206E-4 2.2951E-4 2.71429E-4 2.14183E-4 1.59993E-4 1.61744E-4 1.75125E-4 1.86132E-4 2.01078E-4 1.56076E-4 1.67344E-4
1.72599E-4 3.2168E-4 2.97057E-4 1.91315E-4 1.91176E-4 1.67779E-4 1.66414E-4 1.79328E-4 1.75119E-4 2.24307E-4 1.66133E-4 1.78479E-4 1.78375E-4 1.78821E-4 1.73518E-4 1.67284E-4 1.74065E-4 1.84995E-4 1.7275E-4 1.77186E-4 1.77587E-4 1.7733E-4 1.78234E-4 1.80634E-4 1.86243E-4 1.84122E-4 1.89457E-4 1.80884E-4 1.81718E-4 1.83654E-4 1.86046E-4 1.8775E-4 2.81058E-4 3.26564E-4 2.15412E-4 1.82802E-4 1.96778E-4 1.97249E-4 1.84521E-4 1.86483E-4 2.03118E-4 1.9149E-4 2.27788E-4 2.34164E-4 1.98162E-4 1.69254E-4 1.72231E-4 1.65017E-4 1.59724E-4 1.66519E-4 1.76026E-4 2.58238E-4 2.00581E-4 2.74228E-4 1.62096E-4 1.50357E-4 1.80263E-4 1.49027E-4 1.69656E-4 1.61554E-4 1.60044E-4
2.38405E-4 2.0796E-4 1.73006E-4 2.35077E-4 2.06521E-4 1.76544E-4 1.62003E-4 1.72169E-4 1.74978E-4 1.65088E-4 1.79624E-4 1.73749E-4 1.7746E-4 1.81255E-4 1.82162E-4 1.72594E-4 1.71239E-4 1.64845E-4 1.77855E-4 1.82693E-4 1.69465E-4 1.78238E-4 1.75433E-4 1.77883E-4 1.81464E-4 1.77188E-4 1.80538E-4 1.74063E-4 1.8026E-4 1.78379E-4 1.7958E-4 1.84547E-4 1.86296E-4 2.99739E-4 1.80114E-4 1.76703E-4 1.81961E-4 1.90961E-4 1.94016E-4 1.79034E-4 1.92243E-4 2.04531E-4 2.26969E-4 1.95506E-4 1.86759E-4 1.69785E-4 1.75812E-4 1.63917E-4 1.72516E-4 1.69024E-4 2.59645E-4 2.36228E-4 2.53211E-4 2.07897E-4 1.61162E-4 1.54666E-4 2.34336E-4 1.87478E-4 1.57867E-4 1.48654E-4 1.56246E-4
2.838E-4 3.73024E-4 1.92292E-4 2.57401E-4 1.9393E-4 1.73742E-4 1.66889E-4 1.71709E-4 1.71018E-4 1.73859E-4 1.7548E-4 1.74703E-4 1.74688E-4 1.73977E-4 1.65355E-4 1.66533E-4 1.77228E-4 1.71535E-4 1.87252E-4 2.23787E-4 1.56967E-4 1.56773E-4 1.72966E-4 1.75971E-4 1.79362E-4 1.73129E-4 1.83882E-4 1.60071E-4 1.84895E-4 1.8241E-4 1.85318E-4 1.75954E-4 1.80167E-4 2.22862E-4 3.00972E-4 1.82864E-4 1.76787E-4 1.85313E-4 1.88556E-4 1.92579E-4 1.94554E-4 1.98515E-4 1.99898E-4 2.02975E-4 1.7974E-4 1.72063E-4 1.69629E-4 1.71815E-4 1.75789E-4 1.94204E-4 2.55507E-4 2.78131E-4 1.85543E-4 1.6758E-4 1.53295E-4 2.34915E-4 3.3537E-4 2.56573E-4 1.94867E-4 1.54346E-4 1.48927E-4
3.19891E-4 3.25136E-4 2.22559E-4 2.45828E-4 2.14954E-4 1.68865E-4 1.7129E-4 1.73749E-4 1.76954E-4 1.8014E-4 1.74224E-4 1.6776E-4 1.60566E-4 1.64857E-4 1.64132E-4 1.65342E-4 1.67491E-4 1.64428E-4 1.6421E-4 1.69345E-4 1.55888E-4 1.65506E-4 1.72198E-4 1.65859E-4 1.78175E-4 1.63442E-4 1.68153E-4 1.75757E-4 1.69581E-4 1.49592E-4 1.64843E-4 1.72892E-4 2.20807E-4 3.05263E-4 2.46615E-4 1.88202E-4 1.89822E-4 1.95747E-4 1.96137E-4 1.83459E-4 1.80739E-4 1.87908E-4 1.92132E-4 1.94879E-4 1.76518E-4 1.74079E-4 1.7244E-4 1.65372E-4 1.6551E-4 1.97926E-4 1.93826E-4 1.95976E-4 2.10977E-4 1.58606E-4 1.58853E-4 2.42709E-4 3.37229E-4 3.21978E-4 2.57709E-4 1.47471E-4 1.63794E-4
2.01788E-4 2.04155E-4 1.93239E-4 2.28298E-4 1.7291E-4 1.63907E-4 1.57966E-4 1.65609E-4 1.69877E-4 1.72747E-4 1.74568E-4 1.8675E-4 1.71465E-4 1.6966E-4 1.74415E-4 1.73418E-4 1.67344E-4 1.75019E-4 1.64474E-4 1.70348E-4 1.6625E-4 1.64522E-4 1.64905E-4 1.67217E-4 1.61326E-4 1.71773E-4 1.64467E-4 1.73863E-4 1.76059E-4 1.80142E-4 1.689E-4 1.6981E-4 2.9539E-4 3.23004E-4 1.74172E-4 1.74821E-4 1.80862E-4 1.86755E-4 1.79666E-4 1.84172E-4 1.82034E-4 1.88953E-4 1.87759E-4 1.90659E-4 1.70873E-4 1.74992E-4 1.70227E-4 1.76284E-4 1.72339E-4 1.67621E-4 2.30874E-4 1.66146E-4 1.72849E-4 1.6156E-4 1.63322E-4 2.95424E-4 2.87111E-4 2.04657E-4 2.121E-4 1.65441E-4 1.51695E-4
1.81538E-4 1.79082E-4 1.71912E-4 1.97752E-4 2.00915E-4 1.81836E-4 1.90663E-4 1.9683E-4 1.65851E-4 1.71339E-4 1.70743E-4 1.68997E-4 1.70464E-4 1.61356E-4 1.59518E-4 1.66746E-4 1.71164E-4 1.60726E-4 1.6636E-4 1.70017E-4 1.69753E-4 1.67475E-4 1.67331E-4 1.71818E-4 1.65813E-4 1.64231E-4 1.67581E-4 1.70435E-4 1.70298E-4 1.7473E-4 1.77612E-4 1.81898E-4 1.81595E-4 2.76787E-4 2.69459E-4 1.87125E-4 1.8575E-4 1.95194E-4 1.99024E-4 1.8819E-4 1.88148E-4 1.82427E-4 1.93162E-4 1.75683E-4 1.7406E-4 1.72972E-4 1.75852E-4 1.68217E-4 2.55824E-4 1.67183E-4 2.36764E-4 1.6832E-4 1.66479E-4 1.62099E-4 2.21272E-4 2.83628E-4 3.36184E-4 3.41213E-4 2.42458E-4 1.86953E-4 1.46521E-4
2.26772E-4 1.93724E-4 1.91454E-4 3.30546E-4 2.4755E-4 1.71874E-4 1.97505E-4 1.77964E-4 1.67613E-4 1.67842E-4 1.66521E-4 1.69827E-4 1.96652E-4 1.64873E-4 1.67711E-4 1.66054E-4 1.66237E-4 1.67846E-4 1.68592E-4 1.62123E-4 1.66889E-4 1.68179E-4 1.66819E-4 1.69588E-4 1.72335E-4 1.71851E-4 1.67795E-4 1.70989E-4 1.76352E-4 1.76765E-4 1.77051E-4 1.7978E-4 1.74567E-4 3.07911E-4 3.23233E-4 1.78652E-4 1.86472E-4 1.84E-4 1.80236E-4 1.81493E-4 1.87663E-4 1.83016E-4 1.80495E-4 1.80449E-4 1.72741E-4 1.72074E-4 1.7075E-4 1.71114E-4 1.65082E-4 2.10155E-4 1.71887E-4 1.62259E-4 1.67852E-4 1.72639E-4 1.90725E-4 2.37333E-4 2.73488E-4 3.5649E-4 1.71817E-4 1.80795E-4 1.59304E-4
2.21367E-4 2.05465E-4 1.79207E-4 2.02847E-4 2.12367E-4 1.84779E-4 3.3199E-4 2.02952E-4 1.68018E-4 1.61532E-4 1.65626E-4 1.55391E-4 1.60344E-4 1.64533E-4 1.71552E-4 1.70199E-4 1.71035E-4 1.68677E-4 1.60686E-4 1.68679E-4 1.60528E-4 1.61577E-4 1.64143E-4 1.68744E-4 1.65736E-4 1.64767E-4 1.71285E-4 1.70752E-4 1.65806E-4 1.62174E-4 1.61893E-4 1.6999E-4 1.72488E-4 1.95641E-4 3.24187E-4 1.70318E-4 1.71138E-4 2.28236E-4 1.81478E-4 1.96147E-4 1.80726E-4 1.8332E-4 1.78048E-4 1.76809E-4 1.70403E-4 1.77091E-4 1.9516E-4 1.68113E-4 1.64254E-4 1.92825E-4 1.66466E-4 1.60442E-4 1.56242E-4 1.71918E-4 1.87941E-4 2.35474E-4 2.74477E-4 3.67425E-4 1.89378E-4 1.71136E-4 1.91058E-4
2.6731E-4 1.78358E-4 1.82952E-4 1.79653E-4 1.77613E-4 1.73047E-4 2.52081E-4 2.64063E-4 2.53385E-4 1.66509E-4 1.6353E-4 1.61023E-4 1.61522E-4 1.61128E-4 1.61826E-4 1.61976E-4 1.58107E-4 1.57836E-4 1.56916E-4 1.59898E-4 1.48666E-4 1.57773E-4 1.57198E-4 1.56121E-4 1.53093E-4 1.43689E-4 1.56842E-4 1.31954E-4 1.48558E-4 1.58421E-4 1.50604E-4 1.67961E-4 1.63919E-4 1.65298E-4 3.16446E-4 1.75078E-4 1.7731E-4 1.70039E-4 1.71684E-4 1.82675E-4 1.82135E-4 1.79316E-4 1.80174E-4 1.77477E-4 1.69707E-4 1.69765E-4 1.8375E-4 1.65844E-4 1.68763E-4 1.67726E-4 1.64807E-4 1.6498E-4 1.61548E-4 2.05194E-4 2.57572E-4 2.77279E-4 1.89771E-4 1.78214E-4 1.75356E-4 1.73029E-4 1.9719E-4
3.29259E-4 3.1883E-4 1.73512E-4 1.93936E-4 1.79154E-4 2.08883E-4 1.96472E-4 2.66775E-4 1.8164E-4 1.68653E-4 1.5591E-4 1.52349E-4 1.56334E-4 1.5843E-4 1.56223E-4 1.51652E-4 1.58715E-4 1.5036E-4 1.53361E-4 1.57469E-4 1.51232E-4 1.51162E-4 1.55969E-4 1.60758E-4 1.59365E-4 1.5491E-4 1.59324E-4 1.59971E-4 1.5598E-4 1.65266E-4 1.70132E-4 1.61334E-4 1.64772E-4 1.65371E-4 3.01244E-4 1.65478E-4 1.6864E-4 1.79075E-4 1.72547E-4 1.79622E-4 1.79818E-4 1.80036E-4 1.76227E-4 1.75972E-4 1.72514E-4 1.68945E-4 1.66497E-4 1.65662E-4 1.65746E-4 1.67597E-4 1.62658E-4 1.6412E-4 1.6205E-4 1.97452E-4 2.02021E-4 2.14311E-4 2.47209E-4 2.7422E-4 2.07179E-4 1.6825E-4 1.75154E-4
3.39543E-4 3.32195E-4 2.71862E-4 2.22313E-4 1.88363E-4 1.90215E-4 1.79294E-4 1.87445E-4 2.23948E-4 1.79061E-4 1.57331E-4 1.55276E-4 1.62143E-4 1.58777E-4 1.61037E-4 1.62422E-4 1.60977E-4 1.56147E-4 1.52916E-4 1.53016E-4 1.55679E-4 1.54598E-4 1.53271E-4 1.53685E-4 1.55713E-4 1.60062E-4 1.55521E-4 1.56229E-4 1.68441E-4 1.71319E-4 1.5719E-4 1.65888E-4 1.5871E-4 3.13134E-4 2.7652E-4 1.71967E-4 1.77733E-4 1.76946E-4 1.73559E-4 1.74295E-4 1.74713E-4 1.72285E-4 1.77273E-4 1.74593E-4 1.69753E-4 1.70116E-4 1.70308E-4 1.64749E-4 1.6384E-4 1.65055E-4 1.65259E-4 1.61556E-4 1.62614E-4 1.66698E-4 2.28854E-4 2.01711E-4 2.07467E-4 3.14051E-4 2.18788E-4 1.68271E-4 1.69256E-4
3.53215E-4 3.2739E-4 3.3111E-4 3.35971E-4 1.90282E-4 1.57596E-4 2.06948E-4 1.54695E-4 1.54116E-4 1.85747E-4 1.63017E-4 1.45211E-4 1.53648E-4 1.48693E-4 1.5762E-4 1.58029E-4 1.57527E-4 1.57635E-4 1.55648E-4 1.56359E-4 1.53909E-4 1.56278E-4 1.56681E-4 1.56625E-4 1.57921E-4 1.60805E-4 1.62888E-4 1.54576E-4 1.48283E-4 1.56523E-4 1.4472E-4 1.52584E-4 1.51674E-4 2.87133E-4 1.66448E-4 1.6739E-4 1.71872E-4 1.72839E-4 1.82431E-4 1.71273E-4 1.78993E-4 1.74286E-4 1.74439E-4 1.71507E-4 1.68006E-4 1.68249E-4 1.6899E-4 1.63234E-4 1.68331E-4 1.63592E-4 1.6319E-4 1.60063E-4 1.59958E-4 1.62197E-4 2.39076E-4 2.11713E-4 2.00219E-4 2.22541E-4 3.27539E-4 2.79214E-4 1.70709E-4
3.35074E-4 3.02783E-4 2.61517E-4 3.0636E-4 2.47104E-4 1.77876E-4 1.34456E-4 2.06357E-4 1.46575E-4 1.57366E-4 1.47948E-4 1.50061E-4 1.57561E-4 1.55185E-4 1.41412E-4 1.48979E-4 1.46702E-4 1.59471E-4 1.55845E-4 1.56144E-4 1.50497E-4 1.52322E-4 1.53356E-4 1.57975E-4 1.50025E-4 1.51875E-4 1.51977E-4 1.55866E-4 1.46562E-4 1.81477E-4 2.42688E-4 3.40353E-4 2.84595E-4 2.78449E-4 1.66854E-4 1.6772E-4 1.64876E-4 1.78122E-4 2.01738E-4 1.72621E-4 1.71803E-4 1.7415E-4 1.7738E-4 1.74107E-4 1.71031E-4 1.66398E-4 1.70542E-4 1.88462E-4 1.83587E-4 1.61552E-4 1.60088E-4 1.60556E-4 1.6189E-4 1.60043E-4 2.24855E-4 2.32673E-4 1.92991E-4 1.84779E-4 2.13889E-4 2.30688E-4 1.6965E-4
