Candidate_Models_July82022/M_3_F_lqp_Set_1_all/Bison.asc
ncols         290
nrows         380
xllcorner     -2197417.7431653
yllcorner     -584827.01486885
cellsize      10000.0
NODATA_value  -9999
[rows 162 to 188 of 380, columns 0 to 60 of 290]
-9999 -9999 -9999 -9999 -9999 -9999 -9999 -9999 -9999 -9999 -9999 -9999 -9999 -9999 7.27392E-6 5.51767E-6 -9999 6.44678E-6 6.00818E-6 2.64197E-6 4.8571E-6 8.68914E-6 9.92569E-6 6.08914E-6 5.34881E-6 -9999 6.64136E-6 2.08969E-7 3.81932E-7 1.57204E-6 4.34734E-6 1.51268E-6 1.17106E-6 2.09172E-6 0E0 3.31431E-5 1.17587E-5 4.56731E-6 6.54177E-6 1.32534E-5 2.81466E-5 1.20373E-5 2.004E-5 1.97678E-5 1.03574E-5 9.42022E-6 1.91352E-5 2.27787E-5 2.59441E-5 1.44315E-5 1.80252E-5 2.43664E-5 4.64908E-5 3.02307E-5 1.66376E-5 2.58705E-5 1.67337E-5 2.87023E-5 1.71356E-5 2.13227E-5 2.50173E-5
-9999 -9999 -9999 -9999 -9999 -9999 -9999 -9999 -9999 -9999 -9999 -9999 -9999 -9999 -9999 -9999 -9999 7.24611E-6 3.60346E-6 2.09698E-6 5.92225E-6 -9999 -9999 -9999 -9999 -9999 6.17433E-6 1.10366E-6 1.4066E-6 1.39752E-6 1.56433E-6 6.15356E-7 0E0 2.44039E-6 2.95292E-6 2.8118E-5 5.87042E-6 1.70916E-6 3.93005E-6 3.30735E-5 9.67228E-6 2.67784E-5 2.87276E-5 1.67921E-5 1.72775E-5 7.30803E-6 1.3629E-5 8.57997E-6 1.17439E-5 2.48387E-5 1.5556E-5 2.07023E-5 2.38246E-5 3.77036E-5 2.28095E-5 1.21157E-5 3.06964E-5 2.41494E-5 2.62478E-5 1.87152E-5 1.95069E-5
-9999 -9999 -9999 -9999 -9999 -9999 -9999 -9999 -9999 -9999 -9999 -9999 -9999 -9999 -9999 3.70574E-6 -9999 9.68844E-6 3.53338E-6 1.39974E-6 1.02356E-6 6.69417E-7 -9999 -9999 -9999 1.65457E-6 3.27589E-6 1.49501E-6 1.22165E-6 3.36171E-6 5.04127E-6 1.39662E-6 4.92838E-7 3.71773E-6 0E0 3.418E-6 3.6525E-6 2.7791E-6 4.03646E-5 4.89056E-5 1.30529E-5 1.50517E-5 3.21015E-5 7.13799E-6 3.72661E-6 1.91196E-5 6.74563E-6 1.00913E-5 1.18169E-5 1.2571E-5 6.19913E-6 2.08581E-5 2.32602E-5 1.7237E-5 1.46312E-5 2.98931E-5 2.43479E-5 2.27677E-5 1.39611E-5 1.40408E-5 1.99565E-5
-9999 -9999 -9999 -9999 -9999 -9999 -9999 -9999 -9999 -9999 -9999 -9999 -9999 -9999 -9999 3.40624E-6 -9999 4.57214E-6 -9999 1.39724E-6 1.63282E-6 -9999 -9999 -9999 2.81451E-6 8.96764E-7 -9999 2.71502E-6 6.47132E-8 8.11638E-7 -9999 1.82077E-6 5.0045E-7 2.75283E-6 0E0 7.02102E-6 2.05065E-6 2.11521E-5 6.5958E-5 6.62766E-5 1.50417E-5 2.31224E-5 3.06392E-5 9.69561E-6 1.67511E-5 1.06857E-5 2.12235E-5 1.16866E-5 1.66328E-5 1.18298E-5 1.75113E-5 1.3262E-5 1.47013E-5 1.45411E-5 3.47882E-5 1.98334E-5 3.10638E-5 1.35613E-5 1.91697E-5 1.59716E-5 1.92152E-5
-9999 -9999 -9999 -9999 -9999 -9999 -9999 -9999 -9999 -9999 -9999 -9999 -9999 -9999 -9999 3.50085E-6 -9999 1.01124E-5 -9999 1.58011E-6 6.50875E-7 4.87358E-6 1.17736E-5 -9999 4.99729E-6 6.90698E-6 -9999 -9999 2.39554E-6 -9999 7.43102E-7 5.54261E-7 6.4014E-7 3.0907E-6 1.18711E-5 -9999 2.63234E-6 4.71991E-6 3.54602E-5 2.57928E-5 8.74751E-6 8.8078E-6 3.28744E-5 2.6035E-5 2.2711E-5 4.57634E-6 8.71418E-6 1.12941E-5 1.42476E-5 1.76014E-5 8.22616E-6 1.29184E-5 1.15793E-5 2.17859E-5 2.05266E-5 4.56127E-5 3.28002E-5 2.14608E-5 3.72847E-5 1.86611E-5 2.3903E-5
-9999 -9999 -9999 -9999 -9999 -9999 -9999 -9999 -9999 -9999 -9999 -9999 -9999 -9999 -9999 5.09231E-6 1.23457E-5 -9999 -9999 4.05675E-6 3.45073E-6 8.62121E-6 -9999 1.40492E-5 -9999 6.67058E-6 9.63259E-6 3.72503E-6 9.36321E-6 -9999 2.76903E-8 1.3768E-6 7.65395E-7 3.87489E-6 3.75264E-6 1.43679E-6 8.27024E-6 2.58293E-6 8.60335E-6 4.18778E-6 2.24956E-6 1.06951E-5 3.65E-5 3.91386E-5 1.30732E-5 3.88527E-6 8.8856E-6 1.06037E-5 8.71512E-6 3.08381E-5 1.63159E-5 1.30482E-5 1.67302E-5 2.23351E-5 1.87422E-5 1.57054E-5 3.74438E-5 1.97231E-5 2.20412E-5 1.67958E-5 2.08659E-5
-9999 -9999 -9999 -9999 -9999 -9999 -9999 -9999 -9999 -9999 -9999 -9999 -9999 -9999 -9999 8.9491E-6 -9999 -9999 -9999 4.42315E-6 8.29079E-6 9.28032E-6 -9999 -9999 1.08059E-5 2.66765E-6 -9999 -9999 -9999 0E0 -9999 4.1663E-7 3.21609E-7 2.85334E-6 2.31123E-6 1.58421E-6 9.07088E-6 3.87298E-6 2.1859E-6 1.75692E-5 5.74958E-6 1.87306E-5 2.34757E-5 3.1565E-5 2.57201E-5 5.25858E-6 8.87203E-6 1.74622E-5 1.26071E-5 3.03821E-5 2.25042E-5 1.44939E-5 9.57578E-6 2.76558E-5 2.35484E-5 2.7227E-5 2.82602E-5 3.80988E-5 3.07024E-5 1.94695E-5 2.07492E-5
-9999 -9999 -9999 -9999 -9999 -9999 -9999 -9999 -9999 -9999 -9999 -9999 -9999 -9999 -9999 7.46396E-6 -9999 -9999 -9999 8.1505E-6 6.27565E-6 -9999 -9999 -9999 9.05344E-6 -9999 0E0 1.4845E-5 3.40766E-6 1.73694E-6 1.18077E-7 1.93282E-7 3.38742E-7 2.18693E-6 -9999 5.72741E-6 -9999 4.41114E-6 4.1859E-6 2.53578E-6 2.68313E-6 2.0227E-5 4.98295E-6 2.76388E-5 1.33689E-5 2.28576E-5 1.36649E-5 1.56329E-5 2.27763E-5 1.78714E-5 2.1293E-5 1.58074E-5 1.64025E-5 4.18585E-5 2.22315E-5 2.55976E-5 2.86056E-5 3.19169E-5 2.31545E-5 2.00323E-5 2.09147E-5
-9999 -9999 -9999 -9999 -9999 -9999 -9999 -9999 -9999 -9999 -9999 -9999 -9999 -9999 -9999 -9999 -9999 -9999 1.27736E-5 7.18009E-6 4.07828E-6 -9999 -9999 -9999 1.44812E-5 -9999 -9999 -9999 6.01374E-6 -9999 2.86258E-7 5.6046E-7 9.75155E-7 1.11406E-6 -9999 6.61558E-6 6.35652E-6 1.12349E-6 1.4603E-6 1.90091E-6 3.65463E-6 1.72041E-5 2.25196E-5 2.15346E-5 2.05043E-5 2.59604E-5 3.32689E-5 2.2113E-5 8.27973E-6 1.712E-5 2.91639E-5 1.32583E-5 1.66576E-5 2.76313E-5 1.24064E-5 2.00765E-5 2.73531E-5 3.27975E-5 2.21205E-5 1.97617E-5 2.23595E-5
-9999 -9999 -9999 -9999 -9999 -9999 -9999 -9999 -9999 -9999 -9999 -9999 -9999 -9999 -9999 -9999 -9999 -9999 -9999 -9999 -9999 -9999 -9999 -9999 -9999 1.30395E-5 -9999 1.15972E-5 2.93604E-6 1.34838E-6 6.86784E-7 5.3999E-7 8.2545E-7 3.44722E-6 1.34837E-6 5.27343E-6 1.28868E-6 1.98813E-5 5.26456E-6 2.8233E-6 1.763E-5 1.4543E-5 6.3044E-6 4.91708E-6 8.49975E-6 1.04466E-5 3.62918E-5 4.34477E-5 1.05394E-5 2.69561E-5 2.4683E-5 1.48961E-5 1.81833E-5 1.68763E-5 1.55295E-5 2.45919E-5 3.17204E-5 3.89469E-5 3.96184E-5 1.96829E-5 2.50205E-5
-9999 -9999 -9999 -9999 -9999 -9999 -9999 -9999 -9999 -9999 -9999 -9999 -9999 -9999 -9999 -9999 -9999 -9999 -9999 -9999 -9999 -9999 -9999 -9999 -9999 -9999 -9999 5.848E-6 2.1701E-6 1.88378E-6 3.46376E-7 1.10617E-6 7.08239E-6 2.96095E-6 3.73153E-6 1.13522E-6 3.32685E-6 4.90023E-5 6.83004E-6 1.28008E-5 1.66364E-5 4.35976E-6 5.22771E-6 4.45779E-6 3.72831E-6 2.00755E-5 1.80712E-5 3.71705E-5 3.31791E-5 6.82916E-6 1.6589E-5 1.32162E-5 1.95412E-5 2.31106E-5 2.2163E-5 2.10501E-5 2.12332E-5 3.58403E-5 3.68774E-5 2.46665E-5 1.75715E-5
-9999 -9999 -9999 -9999 -9999 -9999 -9999 -9999 -9999 -9999 -9999 -9999 -9999 -9999 -9999 -9999 -9999 -9999 -9999 -9999 -9999 -9999 -9999 -9999 -9999 -9999 -9999 7.2389E-6 3.86121E-6 3.61386E-6 1.74275E-6 1.81977E-6 7.85566E-6 3.19993E-6 9.21854E-7 2.03508E-6 1.7877E-6 1.06172E-5 1.66238E-5 1.65983E-5 3.95011E-6 6.15892E-6 4.05449E-6 2.58221E-6 7.73968E-6 4.07322E-5 1.0895E-5 2.64324E-5 4.20718E-5 7.31604E-6 1.08444E-5 2.20775E-5 2.40123E-5 2.34617E-5 2.62196E-5 1.4092E-5 1.88002E-5 4.07061E-5 2.99845E-5 1.28622E-5 3.1046E-5
-9999 -9999 -9999 -9999 -9999 -9999 -9999 -9999 -9999 -9999 -9999 1.29283E-5 -9999 -9999 -9999 -9999 -9999 -9999 -9999 -9999 -9999 -9999 -9999 -9999 -9999 -9999 -9999 -9999 -9999 6.2478E-6 6.97128E-6 -9999 3.83016E-6 4.44089E-6 -9999 9.04967E-6 5.87191E-6 3.14149E-6 3.431E-6 1.04763E-5 9.72727E-6 7.33599E-6 6.19864E-6 7.07197E-6 1.21941E-5 2.32245E-5 1.38818E-5 2.51594E-5 2.85854E-5 1.07473E-5 1.41975E-5 1.46848E-5 1.5639E-5 1.93323E-5 1.97432E-5 2.32901E-5 1.30794E-5 2.95824E-5 3.29487E-5 1.55751E-5 1.55519E-5
-9999 -9999 -9999 -9999 -9999 -9999 -9999 -9999 -9999 -9999 -9999 8.81102E-6 1.17896E-5 1.58041E-5 -9999 -9999 -9999 -9999 -9999 -9999 -9999 -9999 -9999 -9999 -9999 -9999 -9999 -9999 -9999 -9999 3.78131E-6 7.0332E-7 5.56266E-7 3.15471E-7 9.82808E-7 8.42204E-7 2.7268E-6 2.12592E-6 3.49093E-6 6.24432E-6 8.38433E-6 6.56989E-6 1.18146E-5 7.21358E-6 3.35631E-6 3.56457E-5 2.03159E-5 1.87756E-5 3.63487E-5 1.40821E-5 7.91071E-6 1.42595E-5 2.19258E-5 1.54556E-5 2.86147E-5 3.56099E-5 1.33149E-5 2.63132E-5 4.0963E-5 3.07595E-5 1.7807E-5
-9999 -9999 -9999 -9999 -9999 -9999 -9999 -9999 -9999 -9999 7.20274E-6 4.29708E-6 7.33558E-6 1.36997E-5 -9999 -9999 -9999 -9999 -9999 -9999 -9999 -9999 -9999 -9999 -9999 -9999 -9999 -9999 -9999 3.89188E-6 2.98448E-7 4.60686E-7 3.88693E-7 3.32793E-6 2.34432E-6 2.55871E-6 1.06542E-5 3.57601E-6 3.57854E-6 6.76121E-6 5.6359E-6 8.89636E-6 9.97392E-6 7.43127E-6 1.92848E-5 2.856E-5 4.50881E-5 4.16928E-5 2.81787E-5 1.17975E-5 1.86075E-5 1.4048E-5 1.26302E-5 1.82362E-5 2.5577E-5 4.03033E-5 1.73348E-5 2.16442E-5 3.56994E-5 2.06817E-5 1.70813E-5
-9999 -9999 -9999 -9999 -9999 -9999 -9999 -9999 -9999 1.37408E-5 4.46272E-6 9.67645E-6 -9999 1.20847E-5 1.50434E-5 1.55409E-5 -9999 -9999 -9999 -9999 -9999 -9999 -9999 -9999 -9999 -9999 -9999 -9999 9.54479E-6 2.57871E-6 2.68589E-7 1.5867E-6 1.68974E-6 5.9339E-7 1.41641E-6 8.15485E-6 9.71115E-6 3.04084E-6 4.82031E-6 1.3256E-5 8.37926E-6 7.02887E-6 2.07758E-5 1.72747E-5 1.48846E-5 2.35656E-5 3.70117E-5 1.51124E-5 9.70156E-6 1.78803E-5 7.70065E-6 1.17454E-5 1.41486E-5 2.05075E-5 2.5834E-5 2.81978E-5 2.10521E-5 2.73583E-5 3.65507E-5 2.64921E-5 2.3714E-5
-9999 -9999 -9999 -9999 -9999 -9999 -9999 -9999 -9999 -9999 5.37581E-6 1.27796E-5 8.90116E-6 1.27772E-5 2.64806E-5 2.66763E-5 -9999 -9999 -9999 -9999 -9999 -9999 -9999 -9999 -9999 -9999 -9999 1.84165E-5 8.53073E-6 4.09159E-6 1.54525E-6 3.87702E-7 2.62993E-6 3.29387E-6 4.34769E-6 1.17233E-5 7.07531E-6 4.03845E-6 2.01821E-6 1.72163E-5 6.1101E-6 9.24665E-6 8.2282E-6 4.91598E-6 5.0771E-6 1.02207E-5 2.10886E-5 1.20515E-5 1.25236E-5 1.85488E-5 1.1427E-5 1.19854E-5 1.43026E-5 2.66381E-5 3.19024E-5 2.91304E-5 1.87931E-5 3.06764E-5 2.85354E-5 1.97218E-5 2.55524E-5
-9999 -9999 -9999 -9999 -9999 -9999 -9999 -9999 -9999 -9999 5.81587E-6 7.75954E-6 7.27798E-6 1.5414E-5 2.54562E-5 -9999 4.77081E-5 2.02874E-5 1.735E-5 -9999 -9999 -9999 -9999 -9999 -9999 -9999 -9999 -9999 6.13755E-6 3.54265E-6 3.67414E-7 5.49036E-7 4.11967E-6 4.43901E-6 1.73732E-5 7.47905E-6 2.7705E-5 9.14463E-6 8.05064E-6 4.03064E-6 5.49322E-6 5.72604E-6 1.10459E-5 1.1532E-5 6.24777E-6 6.43414E-6 2.30776E-5 1.17797E-5 2.48942E-5 1.643E-5 1.15084E-5 1.67588E-5 2.46419E-5 2.76582E-5 2.94888E-5 3.29345E-5 2.72887E-5 3.09708E-5 1.43487E-5 2.52943E-5 1.74899E-5
-9999 -9999 -9999 -9999 -9999 -9999 -9999 -9999 -9999 9.79747E-6 4.27477E-6 -9999 -9999 -9999 1.9691E-5 3.76599E-5 2.73162E-5 -9999 -9999 -9999 -9999 -9999 -9999 -9999 -9999 -9999 -9999 -9999 2.95968E-6 5.06774E-7 1.87262E-6 5.07704E-7 3.36385E-6 2.71411E-6 8.26188E-6 6.03799E-6 7.37674E-6 2.40305E-6 3.07489E-6 7.57289E-6 9.22656E-6 1.50166E-5 6.93038E-6 1.00608E-5 1.21102E-5 1.16468E-5 1.69367E-5 2.54234E-5 3.17038E-5 1.93357E-5 1.42185E-5 1.47895E-5 2.73193E-5 3.50655E-5 2.67339E-5 2.83654E-5 3.39249E-5 2.74356E-5 1.50023E-5 2.52168E-5 3.12538E-5
-9999 -9999 -9999 -9999 -9999 -9999 -9999 -9999 -9999 4.39791E-6 5.7542E-6 6.64598E-6 -9999 -9999 2.54619E-5 2.23344E-5 -9999 -9999 -9999 -9999 -9999 -9999 -9999 -9999 -9999 -9999 -9999 -9999 5.07487E-6 3.75833E-6 1.27965E-6 1.28483E-6 8.32631E-7 2.14368E-6 3.70641E-6 4.45681E-6 2.32027E-6 2.27502E-6 1.00345E-5 2.10617E-5 1.4938E-5 5.6404E-6 8.65832E-6 1.80364E-5 3.72101E-6 1.08958E-5 1.42664E-5 6.72049E-6 2.27006E-5 1.97802E-5 1.31613E-5 1.51629E-5 3.29152E-5 2.48535E-5 2.98267E-5 3.43737E-5 3.04948E-5 2.5793E-5 3.4734E-5 2.7652E-5 1.88932E-5
-9999 -9999 -9999 -9999 -9999 -9999 -9999 -9999 -9999 -9999 4.33523E-6 5.1638E-6 6.48179E-6 1.51866E-5 2.09248E-5 1.72715E-5 -9999 -9999 -9999 -9999 -9999 -9999 -9999 -9999 -9999 1.77084E-5 7.39934E-6 -9999 -9999 1.10048E-5 1.30352E-6 7.64459E-7 2.81181E-6 5.25352E-6 5.13356E-6 5.77639E-6 2.24686E-6 7.66613E-6 1.83585E-5 2.79661E-5 8.78414E-6 4.81791E-6 9.8334E-6 2.12048E-5 1.75638E-5 6.43228E-6 7.35455E-6 2.36162E-5 3.31456E-5 3.16917E-5 1.83195E-5 2.06767E-5 3.49685E-5 3.02939E-5 2.80524E-5 3.53647E-5 3.23784E-5 2.44738E-5 1.76955E-5 3.1264E-5 2.317E-5
-9999 -9999 -9999 -9999 -9999 -9999 -9999 -9999 -9999 -9999 -9999 3.91678E-6 8.46083E-6 1.62808E-5 1.55231E-5 -9999 -9999 -9999 -9999 -9999 -9999 -9999 -9999 -9999 -9999 -9999 7.165E-6 7.83867E-6 5.41123E-7 1.84299E-6 1.06382E-7 5.69574E-7 4.53567E-7 7.04385E-7 2.52687E-6 2.45445E-6 2.07726E-6 7.02625E-7 1.28489E-5 1.28358E-6 2.69342E-6 7.35355E-6 5.37482E-6 1.81341E-5 1.07365E-5 1.09066E-5 2.32914E-5 2.65406E-5 3.46246E-5 3.67729E-5 3.0792E-5 1.53553E-5 3.55731E-5 3.44274E-5 3.5759E-5 4.20149E-5 2.51446E-5 1.83291E-5 7.88517E-6 1.44578E-5 2.56002E-5
-9999 -9999 -9999 -9999 -9999 -9999 -9999 -9999 -9999 6.50138E-6 4.94621E-6 5.06011E-6 6.61492E-6 1.15465E-5 -9999 -9999 -9999 -9999 -9999 -9999 -9999 -9999 -9999 -9999 1.85493E-5 1.69789E-5 9.15407E-6 -9999 4.17599E-7 9.12847E-7 8.0436E-8 1.96418E-7 5.25318E-7 1.98511E-6 2.49464E-6 6.82915E-6 1.10231E-6 3.44904E-6 9.9614E-6 1.19452E-6 3.37699E-6 3.89752E-6 5.85149E-6 8.83863E-6 1.57162E-5 5.76661E-6 1.24506E-5 1.66508E-5 2.12993E-5 4.04618E-5 3.17318E-5 1.94107E-5 2.86021E-5 3.16865E-5 2.93911E-5 4.60989E-5 2.00694E-5 2.87431E-5 1.63308E-5 1.25163E-5 3.14612E-5
-9999 -9999 -9999 -9999 -9999 -9999 -9999 -9999 -9999 5.57067E-6 2.08286E-6 3.49308E-6 7.62114E-6 8.9335E-6 -9999 -9999 -9999 -9999 -9999 -9999 -9999 -9999 -9999 -9999 -9999 -9999 7.66817E-6 -9999 1.29728E-6 1.08277E-6 1.90778E-7 2.43897E-7 2.90464E-6 2.35357E-6 0E0 3.2872E-6 1.67673E-6 4.81634E-6 1.61567E-6 2.75434E-6 2.09487E-6 8.1076E-6 9.69339E-6 1.11163E-5 1.66185E-5 2.46846E-5 1.34937E-5 1.84179E-5 1.54761E-5 3.84093E-5 2.07381E-5 2.2014E-5 3.01294E-5 2.81682E-5 1.99547E-5 3.88435E-5 3.39393E-5 2.08843E-5 2.6651E-5 3.09587E-5 2.84799E-5
-9999 -9999 -9999 -9999 -9999 -9999 -9999 -9999 -9999 5.68195E-6 6.58597E-6 -9999 -9999 -9999 -9999 -9999 -9999 -9999 -9999 -9999 -9999 -9999 -9999 -9999 -9999 1.13529E-5 1.1656E-6 4.03872E-6 2.94591E-6 9.15469E-7 9.62603E-8 1.60745E-6 4.14787E-6 2.14198E-6 3.16004E-6 2.24939E-6 5.94372E-6 3.75539E-6 1.36742E-6 2.59477E-6 5.00089E-6 6.76208E-6 4.77116E-6 1.37647E-5 1.31777E-5 1.96156E-5 1.64555E-5 1.66514E-5 1.22607E-5 3.7814E-5 2.25452E-5 2.9458E-5 3.19723E-5 1.71567E-5 2.19681E-5 2.81234E-5 3.41203E-5 3.88931E-5 3.0107E-5 3.73462E-5 3.79717E-5
-9999 -9999 -9999 -9999 -9999 -9999 -9999 -9999 -9999 -9999 3.25299E-6 5.32719E-6 3.49264E-6 7.75096E-6 -9999 -9999 -9999 -9999 -9999 -9999 -9999 -9999 -9999 3.13656E-5 1.75192E-5 1.1819E-5 8.4394E-6 4.92596E-7 5.31622E-6 6.90414E-7 1.87493E-7 2.81797E-7 -9999 1.54015E-6 1.34706E-6 2.55506E-6 8.83197E-6 8.68562E-7 1.51409E-6 2.11541E-6 4.06832E-6 9.23109E-6 7.07402E-6 1.64888E-5 2.40735E-5 3.09351E-5 2.24356E-5 2.111E-5 2.95025E-5 4.24449E-5 4.95107E-5 3.51972E-5 3.94541E-5 2.73576E-5 2.27953E-5 3.00312E-5 3.76152E-5 3.85586E-5 2.23125E-5 2.18265E-5 3.02158E-5
-9999 -9999 -9999 -9999 -9999 -9999 -9999 -9999 -9999 -9999 -9999 2.15958E-6 9.30623E-6 9.54601E-6 -9999 -9999 -9999 -9999 -9999 -9999 -9999 -9999 -9999 -9999 1.20471E-5 -9999 -9999 6.25386E-7 4.67724E-6 3.08627E-7 1.36185E-6 4.65086E-7 8.96203E-7 2.53781E-6 1.27272E-5 -9999 1.56624E-6 1.35351E-6 1.55402E-6 3.39566E-6 1.29523E-5 5.46427E-6 8.72721E-6 7.92162E-6 1.86161E-5 2.53492E-5 3.56721E-5 3.04703E-5 3.5284E-5 2.0649E-5 2.45678E-5 2.19373E-5 4.0093E-5 4.28662E-5 3.3851E-5 3.12561E-5 3.86056E-5 2.615E-5 2.97888E-5 2.57687E-5 3.21249E-5
