Candidate_Models_July82022/M_3_F_lqp_Set_1_all/Bison.asc
ncols         290
nrows         380
xllcorner     -2197417.7431653
yllcorner     -584827.01486885
cellsize      10000.0
NODATA_value  -9999
[rows 297 to 323 of 380, columns 61 to 121 of 290]
4.99092E-5 5.31226E-5 1.52715E-4 9.09498E-5 1.29279E-4 1.64193E-4 1.4556E-4 1.49905E-4 1.16819E-4 6.7647E-5 1.47501E-4 1.24822E-4 7.25707E-5 9.49873E-5 9.8784E-5 9.44393E-5 9.91811E-5 8.91333E-5 3.765E-5 2.28218E-5 2.72266E-5 4.01466E-5 3.30412E-5 4.22174E-5 3.68073E-5 1.70255E-4 9.45967E-5 7.1194E-5 8.21391E-5 1.72619E-4 6.5405E-5 5.20187E-5 2.08777E-4 1.39643E-4 1.34649E-4 1.7694E-4 1.52847E-4 4.64038E-5 2.09781E-5 2.67208E-5 4.03863E-5 3.44052E-5 5.1889E-5 1.77609E-5 3.2799E-5 2.32123E-5 2.06226E-5 6.94729E-5 8.67821E-5 1.00141E-4 1.71419E-4 2.84966E-4 2.72528E-5 2.5792E-5 4.95205E-5 1.25281E-4 2.34252E-4 3.70155E-5 2.34193E-5 2.82997E-5 3.39712E-4
6.1717E-5 1.33149E-4 1.10274E-4 5.04321E-5 1.1763E-4 1.50112E-4 1.12267E-4 1.24274E-4 1.09472E-4 5.77454E-5 8.12534E-5 1.24339E-4 1.4163E-4 1.19882E-4 1.08108E-4 2.0529E-4 6.17246E-5 4.4577E-5 2.21117E-5 2.98204E-5 5.72922E-5 3.80413E-5 6.77961E-5 5.98368E-5 3.08104E-5 6.7655E-5 5.19274E-5 5.54969E-5 5.25765E-5 3.73862E-5 9.0775E-5 9.02441E-5 6.23614E-5 1.54554E-4 1.59343E-4 1.70047E-4 9.09155E-5 2.44483E-5 2.0456E-5 1.4064E-5 2.22783E-5 3.66559E-5 2.45583E-5 2.78752E-5 2.51558E-5 4.29236E-5 4.5705E-5 8.20689E-5 2.17698E-4 1.75617E-4 2.10301E-4 1.63127E-4 2.89502E-5 2.54544E-5 6.60516E-5 3.46385E-4 3.56137E-4 2.60847E-5 3.55269E-5 5.70261E-5 3.22895E-4
2.96873E-5 5.62914E-5 1.57216E-4 4.95275E-5 1.09933E-4 1.59269E-4 8.91031E-5 6.76853E-5 1.56429E-4 1.12775E-4 9.1539E-5 8.49975E-5 9.4242E-5 1.3744E-4 1.71936E-4 1.03731E-4 5.49633E-5 4.21863E-5 3.29899E-5 4.84355E-5 1.79862E-4 1.57633E-4 7.46274E-5 9.87776E-5 5.51591E-5 4.70559E-5 8.69902E-5 9.23666E-5 7.01532E-5 5.22992E-5 7.45711E-5 8.89961E-5 1.21193E-4 1.54612E-4 8.6582E-5 3.83906E-5 3.32227E-5 2.04681E-5 2.83808E-5 2.10589E-5 1.82804E-5 1.85525E-5 2.42504E-5 1.67373E-5 3.20934E-5 2.04703E-5 2.2691E-5 7.23877E-5 9.03068E-5 1.67641E-4 1.89753E-4 5.67118E-5 4.29562E-5 3.90491E-5 1.16287E-4 4.68402E-4 2.76695E-4 3.21331E-5 3.31061E-5 2.67669E-4 2.26142E-4
4.93369E-5 7.69994E-5 5.82339E-5 7.13425E-5 5.74982E-5 8.7001E-5 7.15225E-5 1.3616E-4 9.61849E-5 7.58592E-5 6.27565E-5 8.3358E-5 6.0244E-5 1.136E-4 9.82028E-5 6.57153E-5 5.26354E-5 4.32619E-5 4.09685E-5 1.59437E-4 1.68639E-4 9.32045E-5 9.50809E-5 2.54328E-4 1.43795E-4 7.6791E-5 2.00893E-4 2.77731E-4 7.61264E-5 4.08308E-5 5.71041E-5 8.02217E-5 7.1879E-5 1.12473E-4 2.90177E-5 2.32157E-5 2.59151E-5 3.17224E-5 2.65729E-5 5.42148E-5 2.91464E-5 1.62489E-5 3.02161E-5 3.53133E-5 2.94509E-5 1.94153E-5 8.60141E-5 7.58954E-5 6.16113E-5 2.30805E-4 1.54676E-4 8.0521E-5 8.49431E-5 2.57115E-5 5.23755E-5 1.35057E-4 5.24307E-5 6.28072E-5 1.51935E-4 2.62565E-4 3.13004E-4
4.73011E-5 5.96616E-5 5.50108E-5 9.33033E-5 9.1366E-5 6.19396E-5 6.76404E-5 5.85602E-5 5.98735E-5 4.6663E-5 9.37196E-5 1.0733E-4 7.61444E-5 6.06347E-5 6.86535E-5 6.72448E-5 5.81923E-5 4.94786E-5 1.84368E-4 1.07041E-4 6.72891E-5 3.37456E-5 2.70054E-5 2.02922E-4 3.0737E-4 3.0886E-4 3.03163E-4 2.93595E-4 5.07542E-5 4.69321E-5 6.47849E-5 4.93772E-5 7.28866E-5 7.2543E-5 2.14207E-5 1.31557E-5 2.4057E-5 2.2111E-5 2.35058E-5 3.26666E-5 2.65255E-5 2.10025E-5 1.52365E-5 2.5258E-5 2.35967E-5 1.69982E-5 2.16692E-5 1.66979E-4 1.11899E-4 2.06144E-4 1.7302E-4 8.9788E-5 4.85964E-5 2.46379E-5 3.37006E-5 3.57333E-5 6.12627E-5 1.62878E-4 1.69153E-4 2.51163E-4 2.71784E-4
5.32178E-5 5.00995E-5 5.50414E-5 5.91481E-5 6.62598E-5 7.37919E-5 7.3419E-5 6.18482E-5 6.06417E-5 5.9624E-5 7.12515E-5 1.51778E-4 1.28888E-4 7.9533E-5 7.49913E-5 1.18119E-4 6.1789E-5 9.16882E-5 1.70844E-4 9.81468E-5 1.84913E-4 1.54272E-5 1.57066E-5 2.76119E-5 3.11906E-4 3.45227E-4 2.01495E-4 1.39484E-4 3.74288E-5 3.81757E-5 5.60292E-5 4.86906E-5 5.08688E-5 2.18075E-5 2.10811E-5 1.25291E-5 1.42444E-5 1.50855E-5 1.40641E-5 3.32532E-5 2.46812E-5 1.48721E-5 3.23816E-5 3.42897E-5 2.69552E-5 3.19121E-5 7.69575E-5 8.72628E-5 7.66882E-5 4.54877E-5 2.28045E-4 1.84447E-4 4.6997E-5 5.89094E-5 6.25591E-5 3.87371E-5 4.02597E-5 1.81795E-4 1.89846E-4 9.09804E-5 2.03432E-4
4.69521E-5 4.87769E-5 4.28445E-5 5.3252E-5 5.6764E-5 5.01596E-5 4.6609E-5 4.4279E-5 3.88307E-5 4.52237E-5 5.61839E-5 8.92469E-5 1.12272E-4 5.01626E-5 6.57685E-5 4.69712E-5 3.17925E-5 4.59715E-5 1.08277E-4 1.31738E-4 1.67842E-4 1.55862E-5 1.41184E-5 2.22083E-5 6.62977E-5 3.11546E-4 2.40413E-4 1.71843E-4 4.77416E-5 1.20412E-4 2.6151E-5 5.697E-5 5.98666E-5 3.42974E-5 2.77177E-5 2.38378E-5 2.58398E-5 4.13618E-5 3.67866E-5 3.41124E-5 2.84492E-5 3.46663E-5 3.53439E-5 2.73986E-5 3.57655E-5 2.90728E-5 2.26462E-5 3.80825E-5 2.87068E-5 2.39724E-5 6.80135E-5 4.37218E-5 2.06962E-4 1.21678E-4 5.0882E-5 2.69215E-4 3.28249E-4 1.36809E-4 4.57629E-5 5.71378E-5 2.89084E-4
0E0 3.45959E-5 2.60982E-5 2.58179E-5 3.32105E-5 4.81508E-5 4.84113E-5 3.29779E-5 3.59141E-5 5.72522E-5 5.68679E-5 5.71464E-5 9.07271E-5 4.74727E-5 4.28615E-5 4.90349E-5 3.07098E-5 3.15317E-5 1.26353E-4 1.68901E-4 1.26927E-4 2.17084E-5 1.041E-5 3.27073E-5 2.14217E-5 6.9298E-5 6.9409E-5 5.3613E-5 6.78821E-5 2.01606E-5 4.58073E-5 5.83266E-5 3.42937E-5 3.42799E-5 2.93719E-5 1.97965E-5 3.78945E-5 4.02097E-5 3.23175E-5 4.56811E-5 1.8251E-5 3.1431E-5 2.71151E-5 5.04032E-5 7.46516E-5 7.83814E-5 1.78688E-5 7.56149E-5 5.92573E-5 4.85556E-5 2.85017E-5 3.50587E-5 5.40334E-5 5.51185E-4 4.6844E-4 4.17913E-4 5.44655E-5 4.22683E-5 3.24779E-4 6.05542E-5 4.124E-4
3.86903E-5 4.46021E-5 5.27045E-5 3.96797E-5 3.61134E-5 3.59433E-5 4.8982E-5 4.32623E-5 4.54303E-5 5.5391E-5 6.06314E-5 5.50766E-5 4.6038E-5 3.10012E-5 3.97854E-5 3.46209E-5 2.6345E-5 9.48776E-5 2.26414E-4 1.64124E-4 7.3526E-5 2.80799E-5 4.23188E-5 8.26228E-5 4.81698E-5 4.31407E-5 2.8008E-5 2.48538E-5 2.68398E-5 3.44309E-5 4.90737E-5 4.19349E-5 3.27385E-5 2.70183E-5 2.22895E-5 1.25492E-4 3.64414E-5 2.82129E-5 2.8948E-5 4.0602E-5 8.52859E-5 1.88928E-4 3.71955E-5 2.62765E-5 7.22778E-5 7.55408E-5 2.93685E-5 3.14994E-5 2.99626E-5 4.7351E-5 3.87216E-5 1.68109E-5 9.91861E-5 4.96096E-4 5.55295E-4 9.58148E-5 3.2728E-5 6.46776E-5 6.59782E-5 1.60283E-4 3.26848E-4
3.90123E-5 5.73548E-5 7.47398E-5 6.85959E-5 3.8687E-5 6.25399E-5 3.81096E-5 4.96378E-5 6.94967E-5 6.56051E-5 4.89106E-5 6.22634E-5 3.92476E-5 2.49014E-5 3.23251E-5 5.31045E-5 4.92511E-5 1.59865E-4 1.68519E-4 1.82803E-4 1.03513E-4 5.53694E-5 2.8173E-5 3.4333E-5 3.5962E-5 3.04913E-5 2.38925E-5 5.38252E-5 3.16181E-5 4.08683E-5 2.08071E-5 3.89789E-5 2.72098E-5 5.36599E-5 2.3595E-5 7.06675E-5 4.23875E-5 5.46811E-5 6.07527E-5 9.65664E-5 1.45409E-4 5.75867E-5 2.90534E-5 4.29784E-5 4.47941E-5 2.46172E-5 6.98366E-5 5.24919E-5 6.03576E-5 6.30794E-5 6.81022E-5 2.1206E-5 2.61453E-4 4.36503E-4 5.56783E-4 5.87181E-5 5.57389E-5 5.75091E-5 5.12702E-5 1.55604E-4 3.6062E-4
4.21633E-5 5.79547E-5 6.87667E-5 3.9849E-5 3.07049E-5 7.21456E-5 4.38077E-5 8.72286E-5 1.29929E-4 7.22818E-5 5.76928E-5 5.54851E-5 1.06862E-4 3.23797E-5 3.13467E-5 3.3634E-5 2.5217E-5 9.36215E-5 1.77525E-4 2.79459E-4 1.92744E-4 1.17335E-4 4.99551E-5 2.87686E-5 3.74712E-5 5.5179E-5 3.00281E-5 4.34594E-5 6.48248E-5 2.50635E-5 3.62497E-5 4.64555E-5 7.78802E-5 1.63222E-4 7.42828E-5 5.17894E-5 9.74001E-5 4.0653E-5 7.95882E-5 5.80935E-5 6.78367E-5 8.45711E-5 1.18076E-4 7.77809E-5 7.10129E-5 9.92056E-5 7.34588E-5 4.12174E-5 5.08652E-5 1.15265E-4 1.28903E-4 1.10167E-4 1.09095E-4 4.73791E-4 5.49265E-4 6.9831E-5 4.94234E-5 6.66514E-5 9.42296E-5 1.78901E-4 3.33421E-4
7.45557E-5 7.0477E-5 4.56154E-5 4.93925E-5 4.21994E-5 4.67499E-5 5.66049E-5 7.32836E-5 6.49349E-5 6.81013E-5 4.23741E-5 3.84883E-5 5.04173E-5 5.36289E-5 5.46631E-5 5.36294E-5 7.45669E-5 5.01045E-5 2.57446E-4 2.61282E-4 1.83954E-4 2.38489E-4 1.91806E-4 9.39902E-5 1.78959E-4 1.27873E-4 4.16356E-5 6.51238E-5 8.54095E-5 4.14316E-5 6.39043E-5 1.86247E-4 3.20601E-5 7.76907E-5 2.39132E-4 3.28751E-5 1.00015E-4 5.50021E-5 1.1057E-4 7.34187E-5 7.49062E-5 1.2262E-4 1.94978E-4 1.94991E-4 1.27525E-4 7.1613E-5 1.31192E-4 8.59372E-5 5.09107E-5 5.82349E-5 2.72709E-4 8.72316E-5 5.36025E-5 5.55685E-4 5.97562E-4 1.08271E-4 1.09342E-4 1.11811E-4 1.0263E-4 3.84687E-4 4.09104E-4
7.96831E-5 7.11764E-5 5.97066E-5 4.84708E-5 4.63206E-5 5.73008E-5 4.2414E-5 5.53567E-5 6.58819E-5 6.33718E-5 5.85819E-5 5.06497E-5 3.4665E-5 6.04469E-5 5.20972E-5 6.20718E-5 8.67116E-5 6.08721E-5 1.55461E-4 1.42406E-4 1.41433E-4 1.02581E-4 1.26993E-4 2.03005E-4 1.4738E-4 9.39148E-5 4.37102E-5 3.65652E-5 7.32519E-5 6.02404E-5 5.64878E-5 2.04255E-4 7.13663E-5 9.16472E-5 7.05198E-5 3.83485E-5 3.05647E-5 1.15105E-4 4.64385E-5 6.47395E-5 1.18271E-4 7.4096E-5 1.68671E-4 8.37074E-5 4.0811E-4 1.95014E-4 1.66359E-4 1.9379E-4 1.10655E-4 8.59621E-5 3.08756E-4 2.67971E-4 4.32437E-5 4.3806E-4 5.81766E-4 5.3742E-4 3.90237E-4 1.06477E-4 8.77418E-5 4.27431E-4 2.99637E-4
8.55724E-5 8.47814E-5 8.01736E-5 8.32329E-5 4.45325E-5 8.36827E-5 3.35552E-5 5.71067E-5 7.95682E-5 5.73808E-5 1.24058E-4 1.51905E-4 6.36671E-5 2.94691E-5 4.83826E-5 9.85231E-5 9.3024E-5 8.45185E-5 7.08581E-5 1.24526E-4 9.12529E-5 7.75721E-5 1.07493E-4 7.27474E-5 7.19037E-5 5.826E-5 9.63214E-5 5.74301E-5 5.79975E-5 1.64095E-4 4.54087E-5 5.60709E-5 2.98125E-4 4.18365E-5 4.35907E-5 4.89153E-5 2.90896E-5 2.09815E-5 3.1619E-5 6.48501E-5 2.75877E-5 4.93177E-5 3.32459E-4 9.77404E-5 1.04287E-4 1.38616E-4 2.11384E-4 5.32407E-5 6.984E-5 1.70983E-4 3.40017E-4 4.09526E-4 1.08029E-4 3.80723E-5 3.77817E-4 9.93906E-5 5.3304E-4 3.44665E-4 2.62888E-4 2.97664E-4 2.03949E-4
1.25354E-4 1.26737E-4 1.28426E-4 7.47298E-5 3.7558E-5 5.75425E-5 5.32045E-5 4.53172E-5 4.5656E-5 3.51585E-5 4.58407E-5 1.17512E-4 8.62853E-5 2.32641E-5 7.73612E-5 2.42463E-4 2.20797E-4 9.387E-5 1.3397E-4 6.48761E-5 8.67427E-5 1.19274E-4 9.99272E-5 1.10275E-4 8.7861E-5 5.54404E-5 8.82857E-5 1.23065E-4 1.04993E-4 2.32789E-4 5.20006E-5 6.49691E-5 4.67446E-4 5.13963E-5 3.46308E-5 3.12017E-5 4.76182E-5 2.17004E-5 3.71413E-5 6.81973E-5 4.41358E-5 2.3155E-4 1.33033E-4 1.97157E-4 9.84262E-5 5.0158E-5 8.42571E-5 4.47792E-5 9.47101E-5 1.54263E-4 2.2732E-4 3.73709E-4 1.15118E-4 6.65895E-5 5.21737E-5 3.77398E-4 4.86941E-4 3.08748E-4 4.29286E-4 3.37537E-4 2.58023E-4
7.32169E-5 8.52485E-5 8.29334E-5 7.2197E-5 5.84344E-5 5.47552E-5 5.5705E-5 1.82581E-4 1.32456E-4 5.02177E-5 3.73945E-5 5.58933E-5 3.11392E-5 3.3795E-5 5.47362E-5 1.02573E-4 9.5066E-5 9.69613E-5 1.55479E-4 1.1183E-4 1.98993E-4 8.54455E-5 1.00764E-4 8.64378E-5 6.10411E-5 8.1821E-5 9.02035E-5 2.35209E-4 1.41386E-4 1.84352E-4 6.27763E-5 4.93175E-5 3.44157E-4 5.7635E-5 5.07091E-5 9.16057E-5 5.45316E-5 2.42729E-5 1.13561E-4 7.37828E-5 5.73021E-5 1.04429E-4 1.64334E-4 6.23543E-5 1.55973E-4 9.45532E-5 5.30177E-5 4.72163E-5 1.02124E-4 6.55071E-5 1.08252E-4 3.65044E-4 1.92689E-4 8.7088E-5 4.27592E-4 4.49481E-4 3.94506E-4 2.98381E-4 3.98745E-4 2.31035E-4 3.99299E-4
8.71102E-5 7.9645E-5 8.56771E-5 8.94317E-5 7.09388E-5 6.78551E-5 6.31833E-5 1.00465E-4 3.25878E-4 9.13715E-5 4.3785E-5 8.73056E-5 5.65726E-5 4.00067E-5 8.76763E-5 7.0993E-5 1.94102E-4 1.64019E-4 9.76908E-5 9.55964E-5 1.88742E-4 1.85346E-4 1.35537E-4 6.5664E-5 9.82038E-5 1.1214E-4 2.50149E-4 2.63968E-4 2.65021E-4 2.61333E-4 8.21569E-5 8.64976E-5 1.55388E-4 3.8189E-5 2.12237E-5 4.99209E-5 3.1482E-5 2.49995E-5 1.82647E-4 1.09841E-4 1.12114E-4 7.97418E-5 4.90569E-5 3.04759E-4 5.4419E-5 5.36278E-5 6.48625E-5 1.40825E-4 9.90136E-5 8.18381E-5 1.41196E-4 2.80189E-4 1.35253E-4 1.24908E-4 5.03712E-4 4.48668E-4 4.89866E-4 4.5291E-4 4.15876E-4 2.19545E-4 3.88467E-4
9.08055E-5 8.53563E-5 8.48238E-5 4.92972E-5 4.4546E-5 6.82419E-5 6.4605E-5 6.8489E-5 1.46902E-4 5.49127E-5 3.4258E-5 4.84768E-5 4.83424E-5 6.58766E-5 6.81645E-5 9.34471E-5 8.74634E-5 8.42614E-5 1.55779E-4 1.31087E-4 1.22475E-4 1.06508E-4 1.1099E-4 2.01335E-4 1.7805E-4 2.34352E-4 1.54022E-4 2.86362E-4 2.67165E-4 1.51309E-4 4.9144E-5 9.29023E-5 3.1485E-4 6.02926E-5 2.46381E-5 1.46841E-5 2.12154E-5 3.69018E-5 1.14916E-4 6.593E-5 1.33693E-4 8.66704E-5 6.25906E-5 1.91964E-4 2.92449E-5 6.48711E-5 9.14085E-5 1.17537E-4 9.16679E-5 3.03566E-4 1.65303E-4 4.24967E-4 1.93901E-4 1.03612E-4 5.34378E-4 1.9067E-4 4.87484E-4 4.07648E-4 6.01985E-4 4.99294E-4 3.34061E-4
9.0223E-5 9.19341E-5 7.73409E-5 9.27138E-5 6.41209E-5 6.74108E-5 7.74876E-5 6.84879E-5 1.73325E-4 6.62836E-5 8.29617E-5 5.93215E-5 5.45328E-5 7.25827E-5 7.08611E-5 9.34924E-5 1.00149E-4 9.34736E-5 9.46473E-5 8.44536E-5 2.16085E-4 2.33461E-4 1.94433E-4 1.80913E-4 2.04606E-4 2.43311E-4 1.76107E-4 1.92285E-4 2.19357E-4 9.46669E-5 5.57359E-5 1.14417E-4 2.34175E-4 2.7546E-5 5.08624E-5 4.00318E-5 1.42388E-4 7.23493E-5 3.70888E-5 2.37183E-5 3.70295E-5 9.40254E-5 7.20196E-5 4.88736E-5 9.14457E-5 7.0614E-5 1.04513E-4 1.84522E-4 1.27563E-4 3.72686E-4 9.78121E-5 2.78788E-4 4.65327E-4 1.60689E-4 2.04422E-4 1.5438E-4 4.82113E-4 2.75185E-4 4.688E-4 4.18956E-4 5.46579E-4
9.45733E-5 8.56688E-5 8.42466E-5 9.19189E-5 7.3856E-5 8.62661E-5 8.70315E-5 7.5489E-5 9.17986E-5 7.4448E-5 9.38656E-5 9.0682E-5 9.42759E-5 8.8392E-5 8.69852E-5 7.70432E-5 8.8028E-5 8.95181E-5 8.35072E-5 1.31655E-4 1.98961E-4 1.29527E-4 2.44639E-4 2.27648E-4 1.4682E-4 1.98815E-4 2.20965E-4 2.6439E-4 1.89746E-4 1.3232E-4 7.59421E-5 9.48695E-5 8.44429E-5 3.97836E-5 6.17598E-5 3.17893E-5 4.00647E-5 8.24867E-5 3.48289E-5 1.24168E-4 1.27969E-4 1.48339E-4 1.06589E-4 5.47194E-5 1.47941E-4 1.16292E-4 2.48567E-4 1.70514E-4 4.02548E-4 3.04498E-4 1.3695E-4 2.34882E-4 5.55934E-4 5.31041E-4 1.7068E-4 2.57685E-4 2.2165E-4 2.81247E-4 4.14575E-4 6.08137E-4 5.78452E-4
9.25046E-5 9.77282E-5 8.83363E-5 9.63486E-5 9.04338E-5 9.77806E-5 9.47077E-5 9.00435E-5 7.18006E-5 6.95643E-5 1.21485E-4 1.16928E-4 1.04981E-4 1.20406E-4 8.88108E-5 7.89316E-5 8.31149E-5 1.08217E-4 1.53852E-4 1.29983E-4 2.02885E-4 1.70672E-4 2.23705E-4 1.59124E-4 1.8251E-4 2.51628E-4 2.1562E-4 1.50866E-4 1.04214E-4 2.36322E-4 9.30956E-5 4.18498E-5 5.62991E-5 2.66386E-5 4.69358E-5 3.46213E-5 3.30093E-5 6.71992E-5 2.99761E-5 6.03395E-5 7.70081E-5 7.85717E-5 1.90819E-4 4.43593E-5 6.02852E-5 1.06054E-4 3.83055E-4 1.53902E-4 2.34405E-4 3.57404E-4 3.89827E-4 7.52108E-4 2.33305E-4 5.48132E-4 3.99616E-4 3.11548E-4 2.56763E-4 2.95459E-4 5.31459E-4 4.7218E-4 4.90618E-4
9.12262E-5 9.27922E-5 2.19075E-4 8.96195E-5 9.70923E-5 9.09599E-5 9.70809E-5 1.12402E-4 7.96104E-5 7.95163E-5 8.05418E-5 9.33031E-5 1.47255E-4 1.0301E-4 8.80503E-5 7.41471E-5 7.40271E-5 7.89718E-5 1.87818E-4 1.48624E-4 1.73897E-4 1.67513E-4 1.36303E-4 1.95004E-4 1.92791E-4 1.53474E-4 1.33349E-4 2.26552E-4 9.81566E-5 1.20024E-4 6.51635E-5 7.70595E-5 6.0219E-5 7.49645E-5 3.49018E-5 5.25021E-5 6.73383E-5 8.52877E-5 8.96259E-5 1.40476E-4 1.08537E-4 1.13749E-4 5.65225E-5 1.34256E-4 1.32221E-4 1.41935E-4 1.30193E-4 1.8433E-4 1.72704E-4 3.4189E-4 2.83036E-4 4.10336E-4 1.64313E-4 2.59121E-4 3.43119E-4 2.73571E-4 3.70788E-4 2.42019E-4 2.53239E-4 5.60355E-4 5.42661E-4
8.98715E-5 9.15224E-5 1.10333E-4 1.85826E-4 9.548E-5 8.98147E-5 3.02209E-4 3.38354E-4 2.73273E-4 2.09763E-4 9.37289E-5 9.59887E-5 7.4855E-5 9.78416E-5 1.13353E-4 6.02378E-5 4.9768E-5 7.28478E-5 1.78303E-4 1.62127E-4 2.03651E-4 2.10644E-4 1.60133E-4 1.3216E-4 1.33758E-4 1.11173E-4 1.17588E-4 1.92648E-4 1.81754E-4 2.29905E-4 8.47619E-5 7.51977E-5 8.0097E-5 7.31048E-5 6.86104E-5 9.99958E-5 7.06598E-5 4.71173E-5 2.56906E-4 1.31087E-4 1.04717E-4 5.82953E-5 5.15996E-5 6.18978E-5 1.04502E-4 1.09514E-4 1.60647E-4 2.03163E-4 1.97996E-4 1.85083E-4 3.34785E-4 3.68044E-4 1.59496E-4 2.81652E-4 2.68697E-4 5.37807E-4 2.66815E-4 3.31606E-4 2.7131E-4 3.20172E-4 3.41863E-4
8.77224E-5 8.74813E-5 8.62289E-5 1.00302E-4 9.04158E-5 1.70159E-4 3.2369E-4 3.42979E-4 1.99958E-4 1.26681E-4 1.20666E-4 8.18014E-5 8.40333E-5 8.98745E-5 6.04418E-5 8.84309E-5 9.11173E-5 6.6516E-5 7.59122E-5 7.54397E-5 1.21857E-4 2.09894E-4 1.2305E-4 1.41847E-4 1.29896E-4 1.17392E-4 1.02661E-4 1.6583E-4 2.04952E-4 2.05293E-4 1.25361E-4 7.96869E-5 6.31009E-5 4.45874E-5 5.74452E-5 3.79446E-5 5.22888E-5 2.13763E-4 1.03213E-4 0E0 1.28193E-4 1.26005E-4 6.82229E-5 1.57184E-4 1.52884E-4 1.03756E-4 1.36345E-4 1.42823E-4 2.0973E-4 1.61605E-4 3.12035E-4 2.08879E-4 1.82772E-4 4.15926E-4 1.93651E-4 2.48757E-4 2.93814E-4 1.12656E-4 2.22105E-4 3.88285E-4 2.53274E-4
9.11185E-5 8.19153E-5 8.43035E-5 1.68941E-4 9.81225E-5 1.2504E-4 1.42882E-4 3.10864E-4 1.90564E-4 1.47135E-4 9.11718E-5 9.28348E-5 8.58713E-5 8.15778E-5 9.41808E-5 8.50466E-5 7.20082E-5 8.3818E-5 8.70331E-5 9.576E-5 7.52586E-5 1.15339E-4 1.42992E-4 1.19037E-4 1.0928E-4 1.08014E-4 1.21264E-4 1.26693E-4 2.02948E-4 2.09322E-4 9.59849E-5 8.3607E-5 8.31618E-5 8.7527E-5 8.89482E-5 1.12973E-4 4.71026E-4 2.08402E-4 3.76775E-4 4.91422E-4 1.35653E-4 7.62119E-5 4.01248E-4 1.14537E-4 1.30254E-4 1.15687E-4 1.58488E-4 2.38278E-4 2.71494E-4 2.55931E-4 1.84832E-4 1.55363E-4 1.96559E-4 4.99102E-4 1.38076E-4 1.93528E-4 2.81035E-4 1.88727E-4 1.57998E-4 1.58873E-4 2.16417E-4
8.66668E-5 9.55307E-5 7.91313E-5 1.07351E-4 1.58915E-4 1.43657E-4 1.30332E-4 1.64551E-4 1.89912E-4 2.29768E-4 9.2602E-5 8.95992E-5 1.00112E-4 7.96545E-5 1.03817E-4 9.20168E-5 7.56886E-5 7.62074E-5 6.75438E-5 1.1359E-4 6.50492E-5 1.81823E-4 1.40861E-4 1.36416E-4 1.05455E-4 1.77468E-4 1.10629E-4 1.13619E-4 1.65654E-4 2.34069E-4 8.23021E-5 8.71185E-5 6.23032E-5 7.06528E-5 7.8812E-5 8.80705E-5 2.46631E-4 2.62432E-4 6.69804E-4 6.82592E-4 1.84572E-4 1.80037E-4 1.78085E-4 1.22191E-4 1.66325E-4 1.33752E-4 2.65943E-4 2.68473E-4 3.60765E-4 2.94525E-4 3.21729E-4 2.00635E-4 1.18747E-4 2.55912E-4 5.4439E-4 1.98046E-4 3.24676E-4 1.35461E-4 1.89943E-4 1.8262E-4 3.891E-4
8.29819E-5 9.56959E-5 8.13821E-5 8.18011E-5 8.47804E-5 8.87052E-5 1.40341E-4 1.81244E-4 1.09931E-4 1.45639E-4 7.89485E-5 7.94069E-5 6.69113E-5 8.18543E-5 9.1437E-5 8.01592E-5 8.30836E-5 7.96235E-5 7.79004E-5 7.86708E-5 1.03501E-4 1.13887E-4 1.94697E-4 1.25138E-4 1.64456E-4 2.01666E-4 1.76799E-4 2.23941E-4 1.63693E-4 2.47832E-4 7.25745E-5 8.83573E-5 1.02309E-4 1.09141E-4 9.3144E-5 6.03333E-5 1.25794E-4 7.03814E-5 2.54139E-4 5.19633E-4 8.6762E-5 1.47048E-4 3.96222E-4 5.46035E-4 1.56158E-4 2.296E-4 2.23114E-4 2.32283E-4 4.92649E-4 2.7594E-4 4.68967E-4 1.6237E-4 1.67779E-4 2.7261E-4 2.30369E-4 1.43667E-4 2.05678E-4 1.65295E-4 3.59398E-4 5.58492E-4 5.06602E-4
