Candidate_Models_July82022/M_1_F_lqp_Set_1_all/Bison.asc
ncols         290
nrows         380
xllcorner     -2197417.7431653
yllcorner     -584827.01486885
cellsize      10000.0
NODATA_value  -9999
[rows 135 to 161 of 380, columns 122 to 182 of 290]
2.46873E-5 2.63204E-5 3.01192E-5 3.0148E-5 4.14304E-5 3.30581E-5 2.8545E-5 3.71164E-5 6.7047E-5 2.94575E-5 2.48254E-5 2.66607E-5 2.8614E-5 2.88292E-5 2.85604E-5 2.77218E-5 2.70353E-5 2.83683E-5 2.85415E-5 2.82639E-5 2.87236E-5 2.83537E-5 2.6971E-5 2.95553E-5 4.17268E-5 4.13554E-5 3.21875E-5 3.31501E-5 3.0604E-5 2.87635E-5 4.35535E-5 4.70374E-5 2.21862E-5 1.58462E-5 3.20892E-5 2.21266E-5 2.83178E-5 3.10763E-5 1.61371E-5 1.65624E-5 1.64223E-5 1.62891E-5 1.23036E-5 1.45001E-5 1.05252E-5 2.29102E-5 1.40121E-5 1.19483E-5 1.25958E-5 9.3035E-6 7.02175E-6 6.02127E-6 6.29352E-6 7.58821E-6 1.1344E-5 1.68008E-5 1.12079E-5 9.34471E-6 8.44047E-6 9.28709E-6 6.14896E-6
2.5905E-5 2.26913E-5 2.25492E-5 3.38409E-5 5.12496E-5 4.54987E-5 3.50432E-5 3.57602E-5 7.44756E-5 6.74233E-5 3.38431E-5 3.05558E-5 3.02249E-5 2.92774E-5 2.75995E-5 2.7507E-5 2.78193E-5 2.77698E-5 2.74953E-5 2.76364E-5 3.13954E-5 2.7711E-5 2.59595E-5 3.06176E-5 3.90568E-5 2.99405E-5 3.22969E-5 3.32139E-5 2.92613E-5 3.57536E-5 4.19161E-5 3.52449E-5 3.60832E-5 2.31716E-5 2.16555E-5 2.09356E-5 2.42931E-5 2.47806E-5 2.47929E-5 1.69893E-5 1.54008E-5 1.49713E-5 1.34575E-5 1.12084E-5 1.13752E-5 2.25267E-5 1.48325E-5 1.22187E-5 1.25172E-5 9.72048E-6 7.04754E-6 6.4999E-6 6.4716E-6 7.87824E-6 8.87479E-6 2.25901E-5 1.77437E-5 1.07678E-5 8.94703E-6 7.89555E-6 5.78915E-6
2.03079E-5 1.73474E-5 1.80224E-5 2.4939E-5 3.34184E-5 3.76349E-5 4.23358E-5 3.03523E-5 6.86226E-5 8.88313E-5 6.05074E-5 4.27437E-5 4.90199E-5 3.7621E-5 3.56261E-5 3.46788E-5 4.0125E-5 3.81871E-5 3.52852E-5 3.88262E-5 3.98051E-5 3.57866E-5 3.43045E-5 3.77966E-5 3.34917E-5 3.47897E-5 3.08762E-5 2.77046E-5 3.35572E-5 3.8441E-5 4.02499E-5 4.79959E-5 4.37797E-5 2.95129E-5 2.11947E-5 2.11111E-5 2.26428E-5 3.0814E-5 1.6073E-5 1.85335E-5 1.81636E-5 1.70112E-5 1.56254E-5 1.49902E-5 1.50667E-5 1.24083E-5 1.14391E-5 1.77431E-5 1.04683E-5 8.79173E-6 7.98597E-6 7.37855E-6 8.82848E-6 1.13399E-5 1.04147E-5 8.65411E-6 9.63114E-6 8.2995E-6 8.21781E-6 5.55359E-6 4.33611E-6
2.29855E-5 1.94879E-5 1.85356E-5 2.47939E-5 2.36611E-5 2.53178E-5 2.59395E-5 2.69799E-5 2.80048E-5 4.31015E-5 4.34871E-5 4.83706E-5 4.84889E-5 4.24612E-5 5.03031E-5 3.98109E-5 4.06046E-5 3.60219E-5 3.71127E-5 3.7464E-5 3.92208E-5 3.76698E-5 3.78563E-5 3.60218E-5 3.77191E-5 2.93056E-5 2.88035E-5 2.78336E-5 3.21009E-5 3.00578E-5 3.23778E-5 2.75917E-5 3.42936E-5 2.89572E-5 3.42783E-5 2.29301E-5 2.07639E-5 2.4993E-5 1.99514E-5 1.86062E-5 1.77797E-5 2.29943E-5 1.62995E-5 1.52047E-5 2.73952E-5 1.18005E-5 1.1215E-5 1.42192E-5 1.3428E-5 1.04573E-5 7.25769E-6 6.88454E-6 1.11174E-5 1.2307E-5 8.06361E-6 9.53321E-6 1.59986E-5 1.69803E-5 8.85877E-6 8.82276E-6 7.60483E-6
3.26945E-5 2.59311E-5 2.29003E-5 2.79886E-5 2.4072E-5 2.45074E-5 2.55134E-5 2.56457E-5 2.26628E-5 6.05683E-5 6.60727E-5 4.75844E-5 4.76762E-5 8.26627E-5 8.25648E-5 5.65701E-5 3.56944E-5 3.84912E-5 3.32158E-5 3.3065E-5 3.21872E-5 3.62353E-5 3.81253E-5 3.57888E-5 3.7726E-5 3.13887E-5 3.44458E-5 3.54704E-5 3.65134E-5 3.02511E-5 2.95194E-5 3.43475E-5 2.69005E-5 2.58396E-5 3.45582E-5 3.75164E-5 2.41313E-5 2.05873E-5 1.90211E-5 2.02206E-5 1.71594E-5 3.8369E-5 2.12648E-5 2.29952E-5 1.97173E-5 1.02869E-5 1.34154E-5 1.24002E-5 1.12573E-5 1.02671E-5 8.30048E-6 9.10377E-6 1.01467E-5 1.26847E-5 1.20244E-5 1.02063E-5 9.82255E-6 7.84125E-6 9.74674E-6 1.29579E-5 8.17638E-6
2.71544E-5 2.18422E-5 2.252E-5 3.09784E-5 2.26986E-5 2.4795E-5 2.27914E-5 2.85848E-5 4.18474E-5 4.74099E-5 7.51891E-5 4.35536E-5 5.9124E-5 4.82518E-5 4.16152E-5 7.06637E-5 6.63227E-5 3.82877E-5 3.30094E-5 3.44739E-5 3.46756E-5 3.19642E-5 3.70812E-5 3.76886E-5 3.65454E-5 3.19121E-5 2.75275E-5 3.14976E-5 3.49625E-5 3.38187E-5 2.93365E-5 2.25919E-5 3.65353E-5 2.83435E-5 2.96549E-5 3.2748E-5 2.2925E-5 2.1167E-5 2.34482E-5 2.8787E-5 1.58963E-5 2.24184E-5 2.22E-5 1.30367E-5 1.68584E-5 1.50012E-5 1.48011E-5 1.21082E-5 9.91901E-6 8.16808E-6 7.96296E-6 8.53307E-6 1.62869E-5 1.41101E-5 1.31719E-5 9.44558E-6 9.59948E-6 6.90084E-6 5.36335E-6 7.22698E-6 6.59793E-6
2.10366E-5 1.96578E-5 2.26037E-5 2.36073E-5 2.48031E-5 2.44946E-5 2.62933E-5 2.67732E-5 3.59652E-5 3.04448E-5 4.86667E-5 4.62839E-5 7.47302E-5 4.39042E-5 4.27665E-5 4.08632E-5 3.33371E-5 3.12104E-5 3.19672E-5 3.3065E-5 3.36234E-5 3.51253E-5 3.90769E-5 4.13418E-5 4.45947E-5 3.12936E-5 3.7283E-5 3.45562E-5 3.64096E-5 4.2187E-5 3.11531E-5 4.03484E-5 4.74527E-5 2.32975E-5 3.05013E-5 2.87704E-5 2.44443E-5 2.05782E-5 2.24718E-5 1.92567E-5 1.65821E-5 2.06583E-5 3.83232E-5 2.9809E-5 1.29402E-5 1.19041E-5 1.47758E-5 1.5059E-5 1.05298E-5 6.78731E-6 9.44962E-6 1.10931E-5 1.20125E-5 1.23774E-5 1.17943E-5 1.04625E-5 1.02503E-5 9.53897E-6 9.57476E-6 7.90704E-6 6.40542E-6
1.92499E-5 1.80115E-5 2.16493E-5 2.65751E-5 2.74796E-5 2.78423E-5 2.75142E-5 2.93026E-5 4.31253E-5 5.75255E-5 6.3424E-5 5.35907E-5 5.99034E-5 3.51203E-5 4.04541E-5 3.40663E-5 3.16327E-5 3.21236E-5 3.28973E-5 3.77535E-5 2.94434E-5 3.2334E-5 3.39021E-5 4.26246E-5 3.87729E-5 3.50632E-5 3.30635E-5 2.86139E-5 3.78544E-5 4.55203E-5 5.62092E-5 4.58964E-5 2.41207E-5 2.44232E-5 3.35157E-5 2.72617E-5 3.64951E-5 2.35113E-5 2.17824E-5 2.01846E-5 1.91546E-5 1.89421E-5 2.23722E-5 2.44416E-5 1.12361E-5 1.25328E-5 1.30892E-5 1.21273E-5 9.26544E-6 9.20742E-6 1.30441E-5 1.29043E-5 1.12003E-5 1.57595E-5 1.27763E-5 2.05214E-5 1.46276E-5 8.29202E-6 9.81511E-6 8.5133E-6 8.11573E-6
1.91594E-5 1.99364E-5 2.39588E-5 2.79426E-5 2.88839E-5 2.58118E-5 2.28379E-5 3.20727E-5 3.76471E-5 4.09742E-5 2.29432E-5 2.9068E-5 2.86479E-5 2.15673E-5 3.60845E-5 3.23679E-5 3.05981E-5 3.10974E-5 3.3463E-5 3.24048E-5 2.69385E-5 2.92137E-5 3.55396E-5 4.12803E-5 3.37932E-5 3.1142E-5 3.33654E-5 3.24477E-5 3.68904E-5 4.57518E-5 3.0857E-5 3.21503E-5 2.51677E-5 3.59198E-5 2.55499E-5 2.65747E-5 2.61927E-5 2.50463E-5 2.23409E-5 2.16284E-5 1.95691E-5 1.96228E-5 1.96749E-5 1.8843E-5 1.40792E-5 1.46394E-5 1.07913E-5 1.07975E-5 1.0537E-5 1.17988E-5 1.14599E-5 1.01121E-5 9.68316E-6 9.18823E-6 1.27798E-5 1.5012E-5 1.15091E-5 1.14137E-5 1.09173E-5 9.76753E-6 7.23386E-6
2.39498E-5 2.58951E-5 3.09657E-5 2.69119E-5 2.89308E-5 2.34775E-5 2.43235E-5 3.36523E-5 4.50004E-5 3.39347E-5 3.29434E-5 2.42458E-5 2.08761E-5 3.28606E-5 4.74953E-5 3.10768E-5 2.60463E-5 3.37183E-5 6.01997E-5 6.59355E-5 2.90738E-5 3.35101E-5 3.71426E-5 3.07619E-5 5.33006E-5 3.39254E-5 3.52504E-5 3.57089E-5 3.2865E-5 6.37956E-5 3.63707E-5 2.37296E-5 3.12936E-5 2.87984E-5 2.39549E-5 2.45949E-5 2.74207E-5 2.44404E-5 2.35048E-5 2.11936E-5 2.4875E-5 2.28385E-5 1.96454E-5 1.74761E-5 1.81479E-5 1.67459E-5 1.35075E-5 1.4329E-5 1.50462E-5 1.55085E-5 1.52305E-5 1.09538E-5 1.02599E-5 1.77515E-5 9.56876E-6 9.096E-6 1.14714E-5 1.11638E-5 1.08714E-5 9.24232E-6 6.68884E-6
2.52081E-5 3.11846E-5 3.12768E-5 2.95873E-5 2.5566E-5 2.43934E-5 2.67674E-5 2.61676E-5 3.51234E-5 5.7292E-5 4.29745E-5 3.69535E-5 3.08809E-5 3.21139E-5 3.48872E-5 4.48603E-5 3.26747E-5 5.22443E-5 6.88868E-5 4.28423E-5 5.76562E-5 3.14834E-5 3.08266E-5 2.70298E-5 3.90837E-5 3.36411E-5 4.0922E-5 3.41728E-5 3.02615E-5 3.60889E-5 2.89287E-5 3.52667E-5 2.65202E-5 2.34259E-5 2.20032E-5 2.54094E-5 2.40133E-5 2.33584E-5 2.20318E-5 2.25694E-5 2.04818E-5 2.12603E-5 3.03271E-5 1.62081E-5 1.77928E-5 1.84762E-5 1.70368E-5 1.5352E-5 1.62867E-5 1.45966E-5 1.44611E-5 1.04745E-5 1.07231E-5 9.95926E-6 1.32038E-5 1.23833E-5 1.04884E-5 9.74954E-6 1.08805E-5 1.29405E-5 6.88429E-6
2.69288E-5 2.962E-5 3.31919E-5 2.90633E-5 3.73736E-5 3.63429E-5 3.31434E-5 3.79741E-5 3.88248E-5 4.26833E-5 3.72344E-5 3.60114E-5 3.57191E-5 4.43586E-5 4.02157E-5 3.72332E-5 3.99802E-5 4.28581E-5 7.21819E-5 6.92134E-5 5.11812E-5 5.50953E-5 3.11102E-5 2.68086E-5 4.0499E-5 3.26379E-5 4.88315E-5 3.45638E-5 3.79652E-5 2.87865E-5 2.39991E-5 3.09128E-5 2.73017E-5 2.70175E-5 2.71115E-5 2.44021E-5 2.43869E-5 2.39107E-5 2.29605E-5 2.22725E-5 2.17169E-5 1.9516E-5 2.11134E-5 1.64416E-5 1.49203E-5 1.48807E-5 1.30393E-5 1.62404E-5 1.56895E-5 1.30061E-5 1.38137E-5 1.43254E-5 1.10103E-5 1.48726E-5 1.51324E-5 1.44168E-5 1.21218E-5 1.06543E-5 1.22563E-5 9.24284E-6 8.05817E-6
3.27872E-5 3.33067E-5 3.45019E-5 3.41261E-5 4.15619E-5 5.355E-5 3.74762E-5 3.21118E-5 2.69089E-5 2.92254E-5 2.93037E-5 2.90042E-5 2.78151E-5 2.62488E-5 2.92974E-5 3.10717E-5 2.84924E-5 5.77607E-5 5.51579E-5 4.00477E-5 3.20615E-5 3.02392E-5 3.28477E-5 2.9711E-5 3.29533E-5 3.02375E-5 3.29352E-5 6.41669E-5 3.10198E-5 4.04698E-5 2.91405E-5 3.07746E-5 2.60162E-5 2.6105E-5 2.54045E-5 2.39518E-5 1.95739E-5 2.22121E-5 2.20766E-5 2.18703E-5 2.12475E-5 2.16126E-5 2.0095E-5 1.62396E-5 1.77704E-5 1.62486E-5 1.30128E-5 1.40833E-5 1.58184E-5 1.40069E-5 1.6685E-5 2.62229E-5 1.28066E-5 1.41821E-5 1.69257E-5 1.34412E-5 1.07106E-5 8.63369E-6 9.50462E-6 6.84334E-6 6.88415E-6
3.45353E-5 3.44208E-5 3.36756E-5 3.23146E-5 3.23341E-5 6.22633E-5 3.49676E-5 2.95755E-5 3.15089E-5 3.0193E-5 3.04342E-5 3.12858E-5 3.11498E-5 3.08004E-5 2.9937E-5 2.92254E-5 4.4216E-5 6.3614E-5 6.26805E-5 6.38629E-5 5.4635E-5 5.11539E-5 3.1209E-5 3.12939E-5 3.14477E-5 2.82938E-5 3.29507E-5 4.97842E-5 4.31184E-5 3.41553E-5 3.21063E-5 3.12476E-5 2.82489E-5 2.65227E-5 2.59473E-5 2.66817E-5 2.19059E-5 2.30998E-5 2.25716E-5 2.16981E-5 2.24841E-5 2.18075E-5 2.0854E-5 1.58891E-5 1.60836E-5 1.64026E-5 1.6582E-5 1.45909E-5 1.56346E-5 1.26966E-5 2.59616E-5 2.51668E-5 1.33495E-5 1.70417E-5 1.13221E-5 1.04697E-5 7.51711E-6 7.973E-6 8.23513E-6 7.29978E-6 7.13192E-6
3.5401E-5 3.33982E-5 3.36605E-5 3.28125E-5 3.11351E-5 3.51138E-5 3.15012E-5 2.93792E-5 3.15872E-5 2.95197E-5 2.79373E-5 2.45748E-5 2.73105E-5 2.82814E-5 2.91693E-5 3.3211E-5 6.41547E-5 5.91243E-5 6.26281E-5 4.14218E-5 3.75334E-5 4.11081E-5 3.09844E-5 3.58532E-5 7.17464E-5 3.30843E-5 3.45686E-5 3.35781E-5 3.2412E-5 3.05206E-5 2.90652E-5 2.58067E-5 2.57208E-5 2.93946E-5 2.69196E-5 2.7149E-5 2.42223E-5 2.31494E-5 2.3139E-5 2.1121E-5 2.2405E-5 2.10866E-5 1.74923E-5 1.38955E-5 1.39527E-5 1.48808E-5 1.39357E-5 1.87755E-5 2.22771E-5 1.45664E-5 1.59074E-5 1.32258E-5 1.47076E-5 1.87054E-5 1.21082E-5 1.01887E-5 7.27231E-6 7.90333E-6 8.36681E-6 9.16827E-6 1.07204E-5
3.84144E-5 3.53433E-5 3.15898E-5 3.26981E-5 3.95019E-5 4.90763E-5 3.04819E-5 2.9582E-5 2.72283E-5 2.86931E-5 3.27982E-5 2.31834E-5 2.04074E-5 2.23235E-5 2.69332E-5 3.07528E-5 4.60902E-5 6.57069E-5 7.33288E-5 3.23955E-5 3.12515E-5 2.77622E-5 3.06601E-5 3.22015E-5 3.63133E-5 3.64219E-5 3.72011E-5 3.32232E-5 3.03894E-5 3.35134E-5 3.33138E-5 2.94806E-5 2.53239E-5 3.08929E-5 2.85646E-5 2.64191E-5 2.66857E-5 2.63694E-5 2.28676E-5 2.00512E-5 2.18307E-5 2.27168E-5 1.98455E-5 1.82663E-5 1.60405E-5 1.61439E-5 1.69812E-5 1.6906E-5 2.08854E-5 1.70188E-5 1.62086E-5 1.48072E-5 1.48793E-5 1.41194E-5 1.7156E-5 1.09593E-5 6.9789E-6 9.27913E-6 9.07593E-6 8.56486E-6 9.72411E-6
3.44464E-5 3.55701E-5 3.7068E-5 3.34955E-5 3.48375E-5 6.516E-5 3.02528E-5 2.82034E-5 2.72489E-5 2.54399E-5 2.46834E-5 3.02119E-5 2.36687E-5 2.4781E-5 2.65951E-5 2.5937E-5 2.8488E-5 3.51775E-5 3.63267E-5 3.21542E-5 2.94706E-5 2.71755E-5 3.17616E-5 3.74336E-5 2.81759E-5 3.19559E-5 3.46134E-5 3.48257E-5 3.33281E-5 3.35296E-5 3.27021E-5 3.59237E-5 2.93745E-5 2.76232E-5 2.88969E-5 2.4819E-5 2.00411E-5 2.22748E-5 2.17677E-5 2.37965E-5 2.29302E-5 2.53415E-5 2.85824E-5 2.45618E-5 1.93968E-5 1.87372E-5 2.37443E-5 2.765E-5 2.06302E-5 1.85856E-5 1.61682E-5 1.53969E-5 1.50088E-5 1.49144E-5 1.89269E-5 2.19438E-5 8.46939E-6 8.17447E-6 9.24062E-6 7.93326E-6 1.34028E-5
3.59255E-5 3.49694E-5 3.71007E-5 3.40448E-5 3.0807E-5 2.83703E-5 2.73613E-5 2.60344E-5 2.27533E-5 2.57657E-5 2.55442E-5 3.86069E-5 2.81892E-5 2.26221E-5 2.45288E-5 2.60342E-5 3.06718E-5 3.70927E-5 3.18813E-5 5.12523E-5 3.37077E-5 5.64305E-5 3.31506E-5 3.6225E-5 4.19797E-5 3.53199E-5 3.20043E-5 3.61527E-5 3.44198E-5 3.11186E-5 3.28041E-5 3.19549E-5 3.25821E-5 2.94385E-5 3.07099E-5 2.52735E-5 2.65066E-5 2.42027E-5 2.25252E-5 2.38126E-5 2.1491E-5 2.44269E-5 2.75532E-5 3.90145E-5 2.73991E-5 1.81398E-5 1.84566E-5 1.46902E-5 2.07849E-5 1.92475E-5 1.82775E-5 1.72988E-5 1.49212E-5 1.52332E-5 1.4586E-5 1.69255E-5 1.44859E-5 1.07626E-5 1.03262E-5 9.71376E-6 1.5562E-5
3.54501E-5 4.15916E-5 3.37215E-5 3.34592E-5 2.89452E-5 2.78581E-5 2.33242E-5 2.85221E-5 4.83549E-5 3.14132E-5 2.29475E-5 5.84268E-5 4.1353E-5 2.12615E-5 3.25191E-5 2.8544E-5 4.07701E-5 3.08515E-5 4.23892E-5 3.50614E-5 4.42846E-5 5.94385E-5 5.19445E-5 3.43877E-5 5.69955E-5 5.98269E-5 5.60015E-5 3.7706E-5 3.63707E-5 3.36872E-5 3.92708E-5 3.51429E-5 3.10068E-5 2.79384E-5 3.22347E-5 3.69009E-5 3.08988E-5 2.33468E-5 2.05431E-5 2.43255E-5 2.40569E-5 2.48043E-5 2.64404E-5 4.75537E-5 4.03461E-5 2.13036E-5 1.98228E-5 1.91765E-5 1.71908E-5 1.42973E-5 1.80917E-5 1.31365E-5 1.40109E-5 1.22689E-5 1.4554E-5 1.49762E-5 1.37471E-5 8.21782E-6 8.0363E-6 9.9328E-6 1.14597E-5
4.20462E-5 3.83397E-5 3.97299E-5 3.26268E-5 2.9012E-5 2.6792E-5 2.79716E-5 3.05296E-5 3.29794E-5 2.60692E-5 3.61144E-5 5.53551E-5 2.59444E-5 4.00315E-5 3.83878E-5 3.42526E-5 3.03256E-5 3.24648E-5 3.33008E-5 3.29962E-5 3.27459E-5 4.08265E-5 2.90114E-5 2.91058E-5 4.58707E-5 6.67825E-5 4.34558E-5 3.0602E-5 3.33022E-5 3.29273E-5 3.16315E-5 3.15119E-5 3.15937E-5 3.1389E-5 5.23837E-5 4.9539E-5 3.16979E-5 2.06956E-5 1.96864E-5 1.7727E-5 2.20934E-5 2.61934E-5 2.23247E-5 2.29667E-5 1.85086E-5 1.61228E-5 1.679E-5 1.50083E-5 1.3801E-5 1.48264E-5 1.91744E-5 1.87397E-5 1.49225E-5 1.30365E-5 1.33627E-5 1.43292E-5 1.28986E-5 1.0425E-5 1.07954E-5 1.1876E-5 1.1579E-5
3.76235E-5 3.45457E-5 3.45723E-5 3.22758E-5 2.99858E-5 3.18643E-5 5.78533E-5 3.40765E-5 2.44023E-5 2.69283E-5 4.15924E-5 2.37476E-5 3.61326E-5 5.93926E-5 7.61527E-5 6.80549E-5 2.56156E-5 3.46261E-5 3.72155E-5 3.38819E-5 3.51913E-5 3.4838E-5 5.08351E-5 3.41874E-5 3.34975E-5 3.28272E-5 3.2537E-5 3.40894E-5 3.36391E-5 3.34458E-5 3.45315E-5 4.12883E-5 3.35124E-5 4.40306E-5 5.33955E-5 5.21902E-5 3.75408E-5 2.23201E-5 1.95579E-5 1.79506E-5 2.40408E-5 4.9699E-5 2.18626E-5 2.44779E-5 2.38191E-5 2.22859E-5 2.45847E-5 2.41705E-5 1.71446E-5 1.4134E-5 1.99534E-5 1.88964E-5 1.77275E-5 1.45279E-5 1.50568E-5 1.437E-5 1.46303E-5 1.37118E-5 1.29368E-5 1.21403E-5 1.15581E-5
3.65423E-5 3.39703E-5 3.71934E-5 4.03649E-5 3.68473E-5 3.39222E-5 4.53805E-5 4.80069E-5 2.18735E-5 2.14498E-5 2.87026E-5 2.4016E-5 3.21672E-5 6.7257E-5 3.04481E-5 2.37924E-5 2.29389E-5 2.48759E-5 3.31589E-5 4.25376E-5 3.3899E-5 4.04438E-5 3.43584E-5 3.31015E-5 3.32296E-5 3.50023E-5 3.4636E-5 5.64666E-5 3.74955E-5 3.39336E-5 5.60797E-5 5.19008E-5 3.22466E-5 2.94791E-5 4.4091E-5 5.35876E-5 4.08851E-5 2.42057E-5 2.13691E-5 2.51515E-5 2.52955E-5 3.85963E-5 2.26076E-5 1.81243E-5 1.74884E-5 1.93703E-5 2.60791E-5 1.96565E-5 2.51304E-5 2.09712E-5 2.23394E-5 1.64732E-5 1.50998E-5 1.66964E-5 1.62727E-5 1.49266E-5 1.3951E-5 1.39298E-5 1.22317E-5 1.19593E-5 1.11382E-5
4.63142E-5 3.86955E-5 3.79278E-5 3.41238E-5 2.61949E-5 3.38441E-5 5.62743E-5 5.42249E-5 2.13157E-5 3.31066E-5 3.39143E-5 2.71829E-5 2.66086E-5 2.76911E-5 2.63291E-5 2.42269E-5 2.63834E-5 3.06826E-5 3.42207E-5 4.21038E-5 3.78913E-5 3.66739E-5 3.07018E-5 3.1943E-5 3.29681E-5 3.25449E-5 3.64902E-5 3.87281E-5 3.69083E-5 3.14363E-5 3.81102E-5 4.40661E-5 4.09077E-5 3.8369E-5 3.10203E-5 3.17691E-5 3.45096E-5 3.14101E-5 1.92013E-5 2.61216E-5 2.92775E-5 2.89294E-5 2.06177E-5 1.9275E-5 1.90079E-5 1.78162E-5 2.29004E-5 2.03355E-5 2.19678E-5 2.16882E-5 1.93707E-5 1.42099E-5 1.21253E-5 1.49409E-5 1.69765E-5 1.53004E-5 1.33329E-5 1.46138E-5 1.34594E-5 1.07454E-5 1.15741E-5
5.87838E-5 5.68919E-5 5.3142E-5 4.75337E-5 4.28755E-5 2.78759E-5 2.411E-5 2.37354E-5 2.34046E-5 2.45187E-5 2.52101E-5 2.83966E-5 3.03718E-5 3.08878E-5 2.826E-5 2.92741E-5 3.35508E-5 3.4373E-5 3.60038E-5 3.58465E-5 4.15126E-5 3.39185E-5 3.49977E-5 3.65802E-5 3.59734E-5 7.44884E-5 3.99818E-5 3.70068E-5 4.28932E-5 6.72278E-5 4.54334E-5 4.08645E-5 4.18249E-5 3.3123E-5 3.29884E-5 3.14417E-5 5.58279E-5 6.03941E-5 2.79864E-5 2.84785E-5 3.14252E-5 2.32805E-5 2.09993E-5 2.19417E-5 2.10305E-5 2.03524E-5 1.97827E-5 2.59832E-5 2.14987E-5 2.05831E-5 1.86193E-5 1.75629E-5 1.83035E-5 1.99296E-5 1.92902E-5 1.78889E-5 1.69911E-5 1.45188E-5 1.30872E-5 1.33694E-5 1.84396E-5
6.15535E-5 5.64288E-5 9.66469E-5 7.18018E-5 6.07631E-5 4.22766E-5 2.89404E-5 2.30808E-5 2.10317E-5 2.27596E-5 2.70804E-5 3.09497E-5 3.14223E-5 3.19613E-5 3.28139E-5 3.14922E-5 3.70186E-5 3.63539E-5 4.04014E-5 4.11106E-5 5.09149E-5 4.02745E-5 3.46209E-5 4.66077E-5 6.80232E-5 5.23863E-5 6.69564E-5 4.18103E-5 3.87641E-5 5.58341E-5 3.10433E-5 3.73122E-5 3.48677E-5 3.39845E-5 3.28895E-5 3.14837E-5 6.83101E-5 5.91232E-5 3.12389E-5 2.8459E-5 2.243E-5 2.24042E-5 2.3521E-5 2.4766E-5 2.44713E-5 2.28469E-5 2.22791E-5 2.04132E-5 1.79942E-5 1.65631E-5 1.59767E-5 1.46703E-5 2.08166E-5 1.63841E-5 1.66996E-5 1.81621E-5 1.95864E-5 1.69284E-5 1.42144E-5 1.45192E-5 1.3367E-5
1.03887E-4 5.99049E-5 1.0406E-4 8.80894E-5 7.49017E-5 7.60801E-5 4.79653E-5 3.92911E-5 2.41078E-5 2.85618E-5 3.96691E-5 3.27445E-5 3.52651E-5 3.79397E-5 3.60507E-5 3.68988E-5 3.60053E-5 4.13576E-5 4.56244E-5 4.84806E-5 4.45953E-5 4.05169E-5 3.71555E-5 3.46785E-5 3.77444E-5 3.83605E-5 3.92091E-5 6.42446E-5 3.61728E-5 2.8149E-5 4.92432E-5 4.30689E-5 3.51454E-5 3.47296E-5 3.32874E-5 3.33478E-5 6.98461E-5 5.66716E-5 3.25596E-5 2.38795E-5 2.46302E-5 2.5634E-5 2.68997E-5 2.62147E-5 2.60325E-5 2.46796E-5 2.28297E-5 2.05432E-5 1.78484E-5 1.71536E-5 1.62243E-5 1.57517E-5 1.52675E-5 2.19771E-5 1.76071E-5 1.67099E-5 1.8071E-5 1.68502E-5 1.75213E-5 1.46274E-5 1.32313E-5
1.46092E-4 1.32713E-4 1.219E-4 1.24724E-4 8.37098E-5 7.71391E-5 6.56923E-5 5.01873E-5 4.68409E-5 4.40984E-5 4.00401E-5 4.13928E-5 4.46242E-5 4.65648E-5 4.55014E-5 4.59403E-5 4.98064E-5 4.38494E-5 4.57038E-5 4.5817E-5 4.07695E-5 3.91501E-5 3.66312E-5 4.26789E-5 4.0258E-5 3.62985E-5 4.32112E-5 4.2592E-5 4.02732E-5 3.44503E-5 3.91158E-5 3.52862E-5 3.69441E-5 3.45996E-5 3.22846E-5 2.82418E-5 2.34123E-5 2.39716E-5 2.44724E-5 2.59098E-5 2.64094E-5 2.75129E-5 2.71174E-5 2.85018E-5 3.17329E-5 2.49292E-5 2.35774E-5 2.12308E-5 2.0204E-5 1.74282E-5 1.78494E-5 1.69769E-5 2.19559E-5 4.51581E-5 4.49602E-5 2.57743E-5 2.11107E-5 2.04342E-5 1.54702E-5 1.45982E-5 1.52594E-5
