Candidate_Models_July82022/M_1_F_lqp_Set_1_all/Bison.asc
ncols         290
nrows         380
xllcorner     -2197417.7431653
yllcorner     -584827.01486885
cellsize      10000.0
NODATA_value  -9999
[rows 54 to 80 of 380, columns 122 to 182 of 290]
4.334E-6 4.4187E-6 4.70433E-6 4.42146E-6 4.38751E-6 4.16208E-6 4.08909E-6 3.83035E-6 4.26526E-6 4.05569E-6 3.97362E-6 3.5623E-6 3.22221E-6 3.08321E-6 3.10652E-6 3.16094E-6 3.0969E-6 2.97517E-6 3.54886E-6 3.69841E-6 3.83229E-6 3.60419E-6 3.6386E-6 3.28109E-6 3.19442E-6 3.00952E-6 2.93013E-6 2.90898E-6 2.87056E-6 2.97459E-6 3.07494E-6 3.19345E-6 3.41132E-6 3.37283E-6 3.37483E-6 3.35225E-6 3.2219E-6 3.18638E-6 -9999 2.88085E-6 -9999 -9999 2.1449E-6 1.81968E-6 1.72496E-6 1.60098E-6 1.50142E-6 1.48041E-6 1.41145E-6 1.40279E-6 1.40837E-6 1.37873E-6 1.39098E-6 1.25649E-6 1.37677E-6 1.32689E-6 1.3475E-6 1.26353E-6 1.28371E-6 1.30888E-6 1.28898E-6
4.7018E-6 4.60821E-6 4.71364E-6 4.42598E-6 4.55117E-6 4.28248E-6 4.24447E-6 4.1008E-6 3.97091E-6 4.01987E-6 3.91383E-6 3.62572E-6 3.42947E-6 3.13277E-6 2.89341E-6 3.09715E-6 3.35229E-6 3.55955E-6 3.76295E-6 4.01921E-6 4.03483E-6 4.02101E-6 3.71609E-6 3.50341E-6 3.31757E-6 3.09578E-6 2.91673E-6 2.98011E-6 2.93863E-6 3.1967E-6 3.12654E-6 3.42597E-6 3.51362E-6 3.61039E-6 3.71522E-6 3.60381E-6 3.46245E-6 3.14751E-6 3.2352E-6 -9999 -9999 -9999 -9999 2.06334E-6 1.86488E-6 1.76535E-6 1.65235E-6 1.56759E-6 1.53526E-6 1.50505E-6 1.42458E-6 1.46267E-6 1.37428E-6 1.40651E-6 1.31444E-6 1.38542E-6 1.33064E-6 1.25229E-6 1.25866E-6 1.3518E-6 1.32264E-6
5.01523E-6 4.81927E-6 4.7384E-6 4.91266E-6 4.61382E-6 4.61252E-6 4.45178E-6 4.4724E-6 4.25679E-6 3.97947E-6 3.99556E-6 3.6626E-6 3.6344E-6 3.26231E-6 3.02291E-6 3.46673E-6 3.6853E-6 3.86912E-6 4.14177E-6 4.2378E-6 4.16556E-6 4.23399E-6 4.03607E-6 3.87062E-6 3.56041E-6 3.23197E-6 3.11849E-6 3.10356E-6 3.08534E-6 3.0988E-6 3.1769E-6 3.35907E-6 3.50469E-6 3.72826E-6 3.88943E-6 3.6275E-6 3.41544E-6 3.32904E-6 3.14097E-6 -9999 -9999 -9999 -9999 -9999 2.14588E-6 2.02744E-6 1.84586E-6 1.73187E-6 1.71868E-6 1.69508E-6 1.56211E-6 1.53889E-6 1.52397E-6 1.47632E-6 1.47792E-6 1.46713E-6 1.41978E-6 1.42108E-6 1.32302E-6 1.35752E-6 1.40123E-6
6.0727E-6 5.09459E-6 5.01319E-6 4.84361E-6 4.69819E-6 4.71507E-6 4.70034E-6 4.28895E-6 4.26774E-6 3.91388E-6 4.02774E-6 3.88845E-6 3.88258E-6 3.87374E-6 3.93823E-6 4.02882E-6 4.27978E-6 4.33538E-6 4.4057E-6 4.43577E-6 4.50329E-6 4.25807E-6 4.50584E-6 4.0645E-6 3.78509E-6 3.41486E-6 3.37445E-6 3.20465E-6 3.16333E-6 3.18377E-6 3.31644E-6 3.45033E-6 3.63851E-6 3.83877E-6 3.79689E-6 3.73949E-6 3.75385E-6 3.672E-6 3.282E-6 1.51578E-6 -9999 -9999 -9999 -9999 -9999 -9999 -9999 -9999 -9999 -9999 -9999 -9999 1.73021E-6 -9999 -9999 -9999 -9999 -9999 -9999 -9999 -9999
5.84014E-6 5.39715E-6 5.37095E-6 5.11111E-6 4.74388E-6 4.60886E-6 4.70104E-6 4.65582E-6 4.60681E-6 4.34424E-6 4.25814E-6 4.30885E-6 4.30513E-6 4.47979E-6 4.40786E-6 4.09667E-6 4.41845E-6 4.63144E-6 4.71722E-6 4.32072E-6 4.55677E-6 4.63243E-6 4.44387E-6 4.42294E-6 4.02493E-6 3.86589E-6 3.57484E-6 3.59052E-6 3.4179E-6 3.22362E-6 3.43118E-6 3.46227E-6 3.77183E-6 4.05803E-6 4.39129E-6 3.88552E-6 -9999 3.73245E-6 3.49963E-6 -9999 -9999 -9999 -9999 -9999 -9999 -9999 -9999 -9999 -9999 -9999 -9999 -9999 9.25465E-7 -9999 -9999 -9999 -9999 -9999 -9999 -9999 -9999
5.2547E-6 5.44743E-6 5.06188E-6 4.67097E-6 4.6475E-6 4.65069E-6 4.88024E-6 4.70173E-6 4.73807E-6 4.54808E-6 4.61306E-6 4.64724E-6 4.63971E-6 4.81476E-6 4.73728E-6 4.40738E-6 4.58254E-6 4.48752E-6 4.53533E-6 4.38001E-6 4.21502E-6 4.32729E-6 4.37739E-6 4.4629E-6 4.34125E-6 4.27787E-6 4.14693E-6 3.71517E-6 3.71345E-6 3.3863E-6 3.54457E-6 3.62501E-6 3.72212E-6 4.38781E-6 -9999 -9999 -9999 -9999 -9999 -9999 -9999 -9999 -9999 -9999 -9999 -9999 -9999 -9999 -9999 -9999 -9999 -9999 -9999 -9999 -9999 -9999 -9999 -9999 -9999 -9999 -9999
5.575E-6 5.48158E-6 4.82275E-6 4.49661E-6 4.92891E-6 4.88765E-6 4.81349E-6 4.82746E-6 4.8317E-6 4.80799E-6 4.84998E-6 4.98066E-6 5.14425E-6 4.82581E-6 4.59607E-6 4.49116E-6 4.67605E-6 4.37827E-6 4.22655E-6 3.91751E-6 4.09951E-6 3.92752E-6 4.07188E-6 4.08469E-6 4.46838E-6 4.46677E-6 4.32173E-6 4.45176E-6 3.75219E-6 3.83916E-6 3.80932E-6 3.709E-6 4.33592E-6 4.71622E-6 -9999 -9999 -9999 -9999 -9999 -9999 -9999 -9999 -9999 -9999 -9999 -9999 -9999 -9999 2.14021E-6 -9999 -9999 -9999 -9999 -9999 -9999 -9999 -9999 -9999 -9999 -9999 -9999
5.4589E-6 5.75578E-6 5.46936E-6 5.32256E-6 4.83311E-6 4.64849E-6 4.90739E-6 5.00112E-6 5.08038E-6 5.33958E-6 5.39533E-6 5.19538E-6 5.12702E-6 4.83251E-6 4.61943E-6 4.45262E-6 4.38544E-6 4.03085E-6 3.98794E-6 4.03205E-6 3.73024E-6 3.61059E-6 3.6624E-6 3.61132E-6 3.84047E-6 4.19793E-6 4.63393E-6 4.54234E-6 4.70218E-6 4.48156E-6 4.55183E-6 4.88057E-6 -9999 -9999 -9999 -9999 -9999 -9999 -9999 -9999 -9999 -9999 -9999 -9999 -9999 -9999 -9999 -9999 -9999 -9999 -9999 -9999 -9999 -9999 -9999 -9999 -9999 -9999 -9999 -9999 -9999
7.19176E-6 1.02154E-5 9.06312E-6 5.88873E-6 5.82338E-6 5.81808E-6 5.50708E-6 5.68838E-6 5.52237E-6 5.74599E-6 5.37368E-6 5.31759E-6 5.08048E-6 4.75144E-6 4.54481E-6 4.57892E-6 4.36492E-6 4.42904E-6 4.1125E-6 3.89934E-6 3.99337E-6 3.49049E-6 3.39409E-6 3.3975E-6 3.56454E-6 3.99901E-6 4.2777E-6 4.64915E-6 4.69864E-6 4.98633E-6 5.1113E-6 5.05631E-6 5.23184E-6 -9999 -9999 -9999 -9999 -9999 -9999 -9999 -9999 -9999 -9999 -9999 -9999 -9999 -9999 -9999 -9999 -9999 -9999 -9999 -9999 -9999 -9999 -9999 1.8605E-6 -9999 -9999 -9999 -9999
7.32988E-6 8.17094E-6 8.36382E-6 9.2317E-6 6.89755E-6 6.55464E-6 5.9662E-6 6.16371E-6 5.87532E-6 5.93865E-6 5.92203E-6 5.69596E-6 5.43272E-6 5.16659E-6 5.00102E-6 4.74362E-6 4.70734E-6 4.49176E-6 4.34901E-6 4.22222E-6 4.21824E-6 4.25486E-6 3.8272E-6 3.73196E-6 3.45619E-6 3.75439E-6 4.13232E-6 4.19031E-6 4.57457E-6 4.82263E-6 5.05329E-6 4.49838E-6 4.83618E-6 4.92048E-6 4.47043E-6 3.7208E-6 -9999 -9999 -9999 -9999 -9999 -9999 -9999 -9999 -9999 -9999 -9999 -9999 -9999 -9999 -9999 -9999 -9999 -9999 -9999 -9999 -9999 1.62348E-6 -9999 -9999 -9999
5.18989E-6 6.85682E-6 6.856E-6 7.2013E-6 9.37657E-6 7.70599E-6 6.80138E-6 6.7268E-6 6.7037E-6 6.67849E-6 6.40618E-6 6.10343E-6 5.61399E-6 5.42119E-6 5.58748E-6 5.06207E-6 4.8621E-6 4.90448E-6 4.85787E-6 4.9177E-6 4.41726E-6 4.44781E-6 4.28711E-6 4.29657E-6 3.9567E-6 3.69262E-6 4.00761E-6 4.09457E-6 4.20598E-6 4.24783E-6 4.65579E-6 4.64731E-6 4.52438E-6 4.26597E-6 3.93084E-6 3.59833E-6 3.66267E-6 3.53001E-6 -9999 -9999 -9999 -9999 -9999 -9999 -9999 -9999 -9999 -9999 -9999 -9999 -9999 0E0 -9999 -9999 1.89052E-6 -9999 -9999 -9999 -9999 -9999 -9999
6.07451E-6 6.70249E-6 1.10008E-5 7.73285E-6 8.27119E-6 7.10097E-6 7.27327E-6 7.37486E-6 7.15999E-6 7.42399E-6 7.18219E-6 6.82719E-6 6.80912E-6 6.09737E-6 5.79802E-6 5.445E-6 5.61368E-6 5.37045E-6 5.26429E-6 5.49538E-6 5.35838E-6 4.75743E-6 3.80458E-6 3.91271E-6 4.08892E-6 3.95371E-6 3.94757E-6 4.02332E-6 4.07186E-6 4.32472E-6 4.48685E-6 4.03074E-6 3.80159E-6 3.60767E-6 3.46093E-6 3.07972E-6 3.16909E-6 2.84241E-6 2.83489E-6 3.11948E-6 2.76078E-6 -9999 -9999 -9999 -9999 -9999 -9999 -9999 -9999 2.02814E-6 -9999 -9999 1.8661E-6 1.56997E-6 1.77532E-6 -9999 -9999 -9999 -9999 1.50357E-6 -9999
9.19458E-6 1.11944E-5 1.17239E-5 7.56525E-6 7.59332E-6 7.36692E-6 7.42197E-6 8.12515E-6 7.88688E-6 7.91048E-6 8.04601E-6 7.80144E-6 7.39373E-6 7.01052E-6 7.34313E-6 6.48231E-6 6.69217E-6 6.43174E-6 6.19316E-6 6.14312E-6 5.55566E-6 4.88913E-6 4.28337E-6 4.24516E-6 4.29533E-6 3.88151E-6 3.67787E-6 3.69895E-6 3.76389E-6 4.25857E-6 4.06344E-6 3.60473E-6 3.18437E-6 3.1647E-6 2.9566E-6 2.92559E-6 2.72199E-6 2.49802E-6 2.52897E-6 2.59796E-6 2.29083E-6 2.18244E-6 2.32687E-6 2.32037E-6 2.2538E-6 2.17279E-6 1.98598E-6 1.99077E-6 1.91314E-6 1.82565E-6 1.12742E-6 1.96951E-6 1.77266E-6 1.64447E-6 1.6532E-6 1.58824E-6 -9999 -9999 -9999 -9999 -9999
8.65315E-6 7.53061E-6 7.7608E-6 7.97252E-6 7.83852E-6 7.80497E-6 8.33941E-6 8.39392E-6 8.37011E-6 8.43243E-6 7.95515E-6 7.79715E-6 7.99414E-6 8.33076E-6 7.36776E-6 6.30555E-6 7.12589E-6 7.31172E-6 6.09387E-6 5.44743E-6 4.65589E-6 4.61481E-6 4.78552E-6 3.80482E-6 3.82518E-6 4.35661E-6 4.02059E-6 3.25316E-6 3.77572E-6 3.95774E-6 3.58426E-6 3.30122E-6 3.03478E-6 2.96647E-6 2.69846E-6 2.6949E-6 2.54271E-6 2.33065E-6 2.21822E-6 2.09246E-6 2.04196E-6 1.91983E-6 1.87721E-6 1.95464E-6 1.87605E-6 1.89496E-6 1.82478E-6 1.60674E-6 1.50451E-6 1.6135E-6 1.59781E-6 1.6655E-6 1.67569E-6 1.56646E-6 1.65911E-6 1.54846E-6 -9999 1.77117E-6 -9999 -9999 -9999
7.51961E-6 7.94231E-6 8.39465E-6 8.92303E-6 8.85667E-6 8.92286E-6 8.88944E-6 8.88944E-6 8.51225E-6 8.52777E-6 8.10317E-6 7.63852E-6 9.41742E-6 8.33727E-6 6.88E-6 6.59946E-6 5.96243E-6 5.59039E-6 5.25904E-6 4.82942E-6 4.1977E-6 3.91823E-6 4.02399E-6 3.79547E-6 3.84012E-6 4.20681E-6 4.39985E-6 4.0657E-6 3.60606E-6 4.09055E-6 4.01019E-6 3.31417E-6 2.95935E-6 2.73109E-6 2.53906E-6 2.67132E-6 2.29475E-6 2.23395E-6 2.15029E-6 2.02478E-6 1.92089E-6 1.8743E-6 1.78663E-6 1.8451E-6 1.93996E-6 1.91866E-6 1.63563E-6 1.59207E-6 1.48898E-6 1.48149E-6 1.46957E-6 1.56287E-6 1.54797E-6 1.5224E-6 1.59641E-6 1.59813E-6 1.58233E-6 1.60719E-6 1.72994E-6 -9999 -9999
7.97203E-6 8.55612E-6 9.23213E-6 9.4936E-6 9.51129E-6 9.51119E-6 9.1365E-6 8.91902E-6 8.8319E-6 8.75684E-6 9.01103E-6 9.45763E-6 7.81388E-6 6.45407E-6 6.78918E-6 6.0655E-6 6.89218E-6 5.42906E-6 4.94963E-6 4.623E-6 4.35774E-6 3.82192E-6 3.71394E-6 3.73045E-6 3.62792E-6 3.72297E-6 4.19956E-6 4.30894E-6 3.97415E-6 3.85731E-6 3.45963E-6 3.04961E-6 2.9156E-6 2.60896E-6 2.51471E-6 2.40463E-6 2.23345E-6 2.07743E-6 2.031E-6 2.02866E-6 1.96393E-6 1.79867E-6 1.82873E-6 1.76301E-6 1.71462E-6 1.66885E-6 1.53412E-6 1.46395E-6 1.44717E-6 1.50183E-6 1.38738E-6 1.45556E-6 1.43748E-6 1.37419E-6 1.41037E-6 1.38456E-6 1.42595E-6 1.58899E-6 1.49332E-6 -9999 1.4925E-6
8.26209E-6 8.7756E-6 9.32117E-6 9.51127E-6 9.52544E-6 9.48642E-6 9.64856E-6 9.47684E-6 1.07638E-5 1.00595E-5 9.81021E-6 8.30694E-6 6.5428E-6 6.03695E-6 6.66158E-6 5.63559E-6 6.28047E-6 5.02781E-6 4.67864E-6 4.81837E-6 4.21743E-6 4.06029E-6 3.52903E-6 3.79999E-6 3.90346E-6 3.86004E-6 3.99E-6 3.91697E-6 3.96107E-6 3.82709E-6 3.0319E-6 2.78402E-6 2.67561E-6 2.52617E-6 2.43043E-6 2.423E-6 2.24115E-6 2.1476E-6 2.06504E-6 2.1152E-6 1.99506E-6 1.88167E-6 1.75442E-6 1.57187E-6 1.85037E-6 1.47885E-6 1.36148E-6 1.38079E-6 1.32468E-6 1.3767E-6 1.34822E-6 1.30295E-6 1.34471E-6 1.27112E-6 1.30309E-6 1.27264E-6 1.41639E-6 1.50805E-6 1.60848E-6 -9999 1.50273E-6
8.27336E-6 8.98388E-6 9.35592E-6 9.40855E-6 9.97476E-6 9.70132E-6 1.01848E-5 1.38437E-5 1.21273E-5 1.39069E-5 1.27126E-5 7.91406E-6 6.71028E-6 5.86199E-6 5.85107E-6 6.42268E-6 7.44983E-6 5.74153E-6 5.30056E-6 5.65291E-6 4.79301E-6 4.77453E-6 4.06009E-6 4.42515E-6 4.36734E-6 4.87511E-6 3.22257E-6 3.66775E-6 3.93976E-6 3.68141E-6 3.13039E-6 2.80977E-6 2.71588E-6 2.55055E-6 2.55562E-6 2.359E-6 2.33768E-6 2.14966E-6 2.08861E-6 2.05751E-6 1.8874E-6 1.75761E-6 1.73575E-6 1.66975E-6 1.41894E-6 1.35537E-6 1.3858E-6 1.32407E-6 1.27683E-6 1.30931E-6 1.34758E-6 1.30123E-6 1.29354E-6 1.29334E-6 1.27446E-6 1.21327E-6 1.33406E-6 1.36185E-6 1.5091E-6 1.76808E-6 1.37004E-6
8.68722E-6 9.06788E-6 9.42586E-6 9.44349E-6 9.77823E-6 9.95277E-6 9.73021E-6 1.00717E-5 1.23357E-5 8.82444E-6 8.18237E-6 6.92585E-6 6.34226E-6 5.92482E-6 7.35205E-6 6.21823E-6 6.52977E-6 6.28608E-6 6.76502E-6 6.10361E-6 6.48589E-6 4.93675E-6 4.66971E-6 4.56524E-6 4.92391E-6 5.38638E-6 4.64339E-6 4.69272E-6 4.66429E-6 3.57769E-6 3.44582E-6 3.04934E-6 2.84244E-6 -9999 2.69787E-6 2.57242E-6 2.34785E-6 2.26578E-6 2.11133E-6 2.05994E-6 1.88791E-6 1.89617E-6 1.67145E-6 1.5704E-6 1.37242E-6 1.27557E-6 1.25339E-6 1.26933E-6 1.20338E-6 1.30831E-6 1.31363E-6 1.2998E-6 1.25234E-6 1.23164E-6 1.14996E-6 1.23088E-6 1.2208E-6 1.29428E-6 1.47148E-6 1.56571E-6 1.42762E-6
9.76462E-6 8.58812E-6 8.97402E-6 9.50511E-6 1.01431E-5 1.01814E-5 1.02387E-5 9.78395E-6 1.04664E-5 9.90235E-6 7.85562E-6 7.22265E-6 6.67985E-6 6.72757E-6 6.64648E-6 5.63612E-6 7.68043E-6 7.92342E-6 9.42076E-6 7.8013E-6 6.93881E-6 6.53084E-6 5.85282E-6 5.19512E-6 5.07912E-6 9.6144E-6 4.33372E-6 4.62591E-6 4.76845E-6 4.62036E-6 3.53393E-6 3.0828E-6 2.77912E-6 2.8328E-6 2.67558E-6 2.5689E-6 2.46272E-6 2.25357E-6 2.27303E-6 2.10719E-6 1.95102E-6 1.85923E-6 1.60062E-6 1.3945E-6 1.29701E-6 1.2693E-6 1.19511E-6 1.16139E-6 1.20823E-6 1.27551E-6 1.2667E-6 1.23611E-6 1.16161E-6 1.12527E-6 1.02846E-6 1.25377E-6 1.2182E-6 1.20011E-6 1.28903E-6 1.38901E-6 1.50864E-6
2.44298E-5 1.64216E-5 9.10825E-6 9.61158E-6 1.01997E-5 1.02571E-5 1.02766E-5 9.68656E-6 9.2809E-6 8.27491E-6 8.4727E-6 7.57861E-6 7.30491E-6 7.67079E-6 7.50463E-6 8.06736E-6 8.44717E-6 9.93107E-6 1.15137E-5 1.04971E-5 8.82786E-6 8.37431E-6 6.46156E-6 5.82395E-6 6.89469E-6 4.91036E-6 4.57661E-6 4.17623E-6 4.72137E-6 7.09039E-6 4.22865E-6 3.5312E-6 2.72514E-6 2.89582E-6 2.65909E-6 2.32975E-6 2.33063E-6 2.36628E-6 2.29156E-6 2.11748E-6 2.27324E-6 2.15479E-6 1.51001E-6 1.37516E-6 1.36427E-6 1.2123E-6 1.1971E-6 1.20561E-6 1.15982E-6 1.20012E-6 1.16429E-6 1.15878E-6 1.10191E-6 1.13629E-6 1.09002E-6 1.11199E-6 1.15582E-6 1.22919E-6 1.32499E-6 1.52218E-6 1.54419E-6
1.68285E-5 8.92776E-6 9.17567E-6 9.68845E-6 1.0215E-5 1.01928E-5 1.04596E-5 9.91258E-6 9.3501E-6 8.81572E-6 8.45611E-6 8.50747E-6 8.83945E-6 8.8546E-6 9.35402E-6 9.41552E-6 9.36465E-6 1.11061E-5 1.23648E-5 1.15116E-5 9.42289E-6 7.93888E-6 6.5731E-6 5.95354E-6 5.60625E-6 5.24632E-6 4.49003E-6 4.49561E-6 3.99903E-6 4.91099E-6 1.14875E-5 4.10414E-6 3.30856E-6 3.07751E-6 2.68431E-6 2.46522E-6 2.32494E-6 2.3102E-6 2.21828E-6 1.99701E-6 1.73793E-6 1.73404E-6 1.48832E-6 1.83534E-6 1.36632E-6 1.25101E-6 1.23273E-6 1.27512E-6 1.47085E-6 1.20316E-6 1.22422E-6 1.1725E-6 1.17219E-6 1.12314E-6 1.16529E-6 1.09647E-6 1.16617E-6 1.19183E-6 1.28941E-6 1.36976E-6 1.71249E-6
8.89607E-6 8.99016E-6 9.53321E-6 1.0109E-5 1.03521E-5 1.03296E-5 1.04755E-5 1.00049E-5 9.4372E-6 9.32223E-6 9.06958E-6 9.29144E-6 9.19966E-6 9.79351E-6 9.79727E-6 9.79395E-6 1.08386E-5 1.20771E-5 1.33141E-5 1.262E-5 9.63441E-6 8.56624E-6 6.08766E-6 5.98766E-6 5.64743E-6 5.229E-6 5.07068E-6 4.27677E-6 4.18868E-6 4.53143E-6 5.04155E-6 4.3553E-6 3.71996E-6 2.99363E-6 2.79291E-6 2.40096E-6 2.41767E-6 2.248E-6 2.12616E-6 2.04439E-6 1.78552E-6 1.6236E-6 1.55875E-6 1.50015E-6 1.31531E-6 1.34809E-6 1.29473E-6 1.41993E-6 1.40174E-6 1.34794E-6 1.32795E-6 1.28034E-6 1.51338E-6 1.21539E-6 1.22157E-6 1.18695E-6 1.27345E-6 1.31098E-6 1.34314E-6 1.40531E-6 1.72308E-6
9.6028E-6 9.58575E-6 9.58618E-6 1.02222E-5 1.0261E-5 1.00016E-5 1.03294E-5 9.9651E-6 9.64604E-6 9.29248E-6 9.25063E-6 9.81127E-6 9.8299E-6 1.04448E-5 1.07449E-5 1.00049E-5 1.14326E-5 1.41386E-5 1.44123E-5 1.19441E-5 8.17182E-6 8.59231E-6 6.1962E-6 5.23163E-6 5.72732E-6 5.56072E-6 4.54324E-6 4.02596E-6 3.95387E-6 4.30295E-6 4.96319E-6 1.17842E-5 4.06467E-6 3.18051E-6 2.74846E-6 2.51262E-6 2.32266E-6 2.27241E-6 2.01974E-6 2.07971E-6 1.85908E-6 1.51685E-6 1.24277E-6 1.43324E-6 7.93052E-7 1.30162E-6 1.37984E-6 1.40295E-6 1.32143E-6 1.35042E-6 1.38252E-6 1.5836E-6 1.30565E-6 1.66763E-6 1.88911E-6 1.39453E-6 1.46301E-6 1.2535E-6 1.12966E-5 1.25615E-6 1.52745E-6
9.6198E-6 9.72862E-6 1.02594E-5 1.02601E-5 1.02986E-5 1.07261E-5 1.02511E-5 1.03447E-5 9.7182E-6 9.96838E-6 1.01033E-5 1.01793E-5 1.0814E-5 1.07744E-5 1.06025E-5 1.19588E-5 1.58379E-5 1.33337E-5 1.31213E-5 1.0396E-5 9.24324E-6 7.71195E-6 5.97545E-6 5.60457E-6 5.32621E-6 5.64775E-6 4.77477E-6 4.17685E-6 3.80973E-6 4.46093E-6 7.8336E-6 9.31368E-6 4.53173E-6 4.34999E-6 2.61133E-6 2.72975E-6 2.30185E-6 2.33501E-6 2.39289E-6 2.2562E-6 1.9474E-6 1.31995E-6 1.59504E-6 1.44294E-6 1.36895E-6 1.43225E-6 1.37316E-6 1.29534E-6 1.35899E-6 1.37655E-6 1.44135E-6 1.24279E-6 1.40154E-6 1.07813E-6 1.76524E-6 1.31848E-6 1.92541E-6 1.35639E-6 1.27002E-6 1.37576E-6 1.37019E-6
9.15656E-6 9.89413E-6 9.90518E-6 1.0317E-5 1.04136E-5 1.04925E-5 1.0407E-5 1.62307E-5 1.18204E-5 1.10141E-5 1.02219E-5 1.02551E-5 1.08945E-5 1.06814E-5 1.12042E-5 1.32433E-5 1.64791E-5 1.43352E-5 -9999 9.6691E-6 9.01341E-6 7.88119E-6 6.42482E-6 6.4991E-6 4.68212E-6 4.31776E-6 4.396E-6 4.77483E-6 4.27525E-6 4.13386E-6 4.70351E-6 8.23027E-6 4.1913E-6 3.52045E-6 2.91323E-6 2.86059E-6 2.44339E-6 2.5751E-6 2.28006E-6 2.15675E-6 2.05287E-6 1.76568E-6 1.43042E-6 1.33007E-6 1.38937E-6 1.42793E-6 1.21576E-6 1.24729E-6 1.29882E-6 1.23681E-6 1.14679E-6 1.26188E-6 1.28697E-6 1.35458E-6 1.49683E-6 2.68592E-6 1.59871E-6 1.39232E-6 1.19489E-6 1.28865E-6 1.37986E-6
1.44357E-5 2.22879E-5 1.95966E-5 1.21668E-5 1.05951E-5 1.25522E-5 1.57669E-5 1.82054E-5 4.33016E-5 5.01126E-5 4.09334E-5 1.20377E-5 1.0772E-5 1.19952E-5 1.42179E-5 1.55182E-5 1.29474E-5 -9999 8.81114E-6 1.08412E-5 9.31367E-6 7.36602E-6 6.03438E-6 6.00936E-6 5.2033E-6 5.52449E-6 4.45186E-6 4.1732E-6 4.61766E-6 4.23352E-6 4.10931E-6 1.02768E-5 4.5505E-6 3.90225E-6 3.23783E-6 3.29797E-6 3.02684E-6 2.75346E-6 2.52819E-6 2.24217E-6 2.10012E-6 1.66925E-6 1.42629E-6 1.37424E-6 1.39425E-6 1.26112E-6 1.21115E-6 1.23272E-6 1.18035E-6 1.15684E-6 1.22443E-6 1.26893E-6 1.21613E-6 1.20577E-6 1.36158E-6 1.44704E-6 1.41651E-6 1.36603E-6 2.6472E-6 6.41412E-6 1.32767E-6
