Candidate_Models_July82022/M_1_F_lqp_Set_1_all/Bison.asc
ncols         290
nrows         380
xllcorner     -2197417.7431653
yllcorner     -584827.01486885
cellsize      10000.0
NODATA_value  -9999
[rows 81 to 107 of 380, columns 183 to 243 of 290]
1.26082E-6 1.5573E-6 1.55091E-6 1.70976E-6 1.29943E-6 1.26482E-6 1.25327E-6 1.11303E-6 1.0968E-6 1.06011E-6 1.03842E-6 1.00353E-6 1.00931E-6 9.80102E-7 1.07765E-6 1.06745E-6 1.06147E-6 9.9669E-7 9.98039E-7 1.01744E-6 1.02944E-6 9.53653E-7 9.71507E-7 9.75343E-7 8.42181E-7 8.42798E-7 8.51256E-7 7.85118E-7 7.97877E-7 7.50375E-7 7.33451E-7 7.40433E-7 7.25934E-7 7.39783E-7 7.16268E-7 6.71768E-7 6.7669E-7 6.10714E-7 5.88116E-7 5.5649E-7 5.71303E-7 5.15027E-7 5.03846E-7 4.90168E-7 4.68072E-7 4.47947E-7 4.23172E-7 4.1864E-7 3.95475E-7 3.82873E-7 4.03776E-7 4.05926E-7 4.29983E-7 4.23535E-7 4.16827E-7 4.33974E-7 4.18202E-7 4.40449E-7 4.01E-7 3.34272E-7 3.18646E-7
1.26978E-6 1.40305E-6 1.674E-6 -9999 1.22179E-6 1.30129E-6 1.17341E-6 1.12779E-6 1.08267E-6 1.02806E-6 1.07029E-6 1.0181E-6 1.00931E-6 1.00003E-6 1.07135E-6 1.03272E-6 1.00702E-6 1.06599E-6 1.00833E-6 1.02365E-6 1.01648E-6 9.49001E-7 9.32027E-7 9.08626E-7 8.76969E-7 8.66438E-7 8.76448E-7 8.07499E-7 7.25452E-7 7.1616E-7 7.2237E-7 8.02374E-7 7.38166E-7 7.05037E-7 6.79611E-7 6.66555E-7 6.36214E-7 6.44425E-7 6.10803E-7 5.46227E-7 5.56863E-7 5.36493E-7 5.03593E-7 5.0122E-7 4.62545E-7 4.50393E-7 4.55012E-7 4.13261E-7 4.28746E-7 4.07751E-7 4.17007E-7 4.2091E-7 4.42385E-7 4.22703E-7 4.23536E-7 4.2114E-7 4.4543E-7 4.2939E-7 4.18833E-7 3.51079E-7 3.21799E-7
1.11036E-6 1.30905E-6 1.54696E-6 1.47359E-6 1.24051E-6 1.21693E-6 1.08271E-6 1.08528E-6 1.07138E-6 1.05464E-6 9.84546E-7 1.00516E-6 9.95796E-7 1.02887E-6 1.0335E-6 1.04037E-6 1.02217E-6 9.99845E-7 1.06599E-6 9.80872E-7 9.59259E-7 9.01328E-7 9.50075E-7 9.24154E-7 8.85691E-7 8.69908E-7 8.4198E-7 8.23503E-7 7.30901E-7 7.16609E-7 7.91437E-7 7.19411E-7 7.42035E-7 6.97294E-7 6.74003E-7 6.24896E-7 6.32522E-7 6.20452E-7 6.02691E-7 5.5621E-7 5.39432E-7 5.39309E-7 5.26288E-7 5.30658E-7 4.91131E-7 4.68362E-7 4.54331E-7 4.46438E-7 4.31456E-7 4.44401E-7 4.32493E-7 4.31598E-7 4.43432E-7 4.21936E-7 4.61534E-7 4.04481E-7 4.09743E-7 4.47757E-7 4.07136E-7 4.07248E-7 3.38981E-7
1.09839E-6 1.14024E-6 1.5385E-6 1.57007E-6 1.33951E-6 1.23561E-6 1.15952E-6 1.11259E-6 1.10213E-6 1.0292E-6 1.04246E-6 1.0167E-6 1.06E-6 1.08902E-6 1.05471E-6 1.01411E-6 9.63442E-7 9.81354E-7 1.00817E-6 9.35437E-7 9.67124E-7 9.25953E-7 9.29896E-7 1.06787E-6 8.796E-7 8.77481E-7 7.8452E-7 8.30073E-7 7.64495E-7 7.21282E-7 8.92802E-7 7.66992E-7 7.48094E-7 7.49235E-7 7.05952E-7 6.70881E-7 6.08245E-7 6.08229E-7 6.14758E-7 6.05919E-7 5.74505E-7 5.85271E-7 5.68287E-7 5.35832E-7 4.97723E-7 4.87272E-7 4.61715E-7 4.58627E-7 4.69778E-7 4.4844E-7 4.34557E-7 4.40249E-7 4.57711E-7 4.64029E-7 4.08685E-7 4.29712E-7 4.34012E-7 4.03238E-7 4.18443E-7 4.37626E-7 3.56484E-7
1.12646E-6 1.15529E-6 1.17283E-6 1.41136E-6 1.49761E-6 1.29063E-6 1.23561E-6 1.2928E-6 1.09435E-6 9.27649E-7 1.05609E-6 9.77842E-7 1.11857E-6 9.25034E-7 1.03084E-6 1.05026E-6 9.83594E-7 1.00157E-6 9.88504E-7 9.70944E-7 9.68218E-7 9.70544E-7 9.82957E-7 9.79912E-7 9.42599E-7 8.85984E-7 8.69732E-7 8.38861E-7 8.54447E-7 7.57049E-7 9.24603E-7 8.18982E-7 7.98494E-7 7.06266E-7 7.22658E-7 6.71321E-7 6.06533E-7 6.18074E-7 6.17102E-7 6.30641E-7 5.87884E-7 5.8841E-7 5.62732E-7 5.3101E-7 5.16643E-7 4.99685E-7 4.78989E-7 4.82662E-7 4.65866E-7 4.75844E-7 4.79767E-7 4.80828E-7 4.32935E-7 4.30511E-7 4.07106E-7 4.40498E-7 4.12445E-7 4.0582E-7 4.07364E-7 4.29625E-7 3.29303E-7
1.18545E-6 1.27379E-6 1.26402E-6 1.31294E-6 1.40172E-6 1.48443E-6 1.15704E-6 1.21314E-6 -9999 -9999 1.0972E-6 1.06735E-6 1.06313E-6 1.08399E-6 1.04806E-6 1.01722E-6 1.0389E-6 1.04839E-6 1.0384E-6 1.03082E-6 1.0745E-6 1.01067E-6 9.72875E-7 1.00952E-6 1.11823E-6 1.00588E-6 8.82883E-7 8.71893E-7 8.78783E-7 8.05905E-7 8.31004E-7 8.73312E-7 8.00816E-7 7.74406E-7 7.12602E-7 6.85227E-7 6.81611E-7 6.47634E-7 6.35721E-7 6.38155E-7 6.13127E-7 5.9314E-7 6.03597E-7 5.32494E-7 5.48869E-7 5.20687E-7 5.28199E-7 5.08622E-7 4.55073E-7 4.74136E-7 4.67579E-7 4.53807E-7 4.30781E-7 4.3311E-7 4.85753E-7 4.02359E-7 4.15884E-7 3.74857E-7 4.09297E-7 3.63694E-7 3.54586E-7
1.22907E-6 1.22101E-6 1.12278E-6 1.40103E-6 1.559E-6 1.37291E-6 1.19218E-6 1.22779E-6 1.15003E-6 1.07525E-6 1.17494E-6 1.12326E-6 -9999 1.0615E-6 1.01646E-6 1.08399E-6 1.04934E-6 1.02416E-6 1.00301E-6 1.02733E-6 1.04075E-6 1.04193E-6 1.03025E-6 9.71909E-7 1.03755E-6 1.10173E-6 9.36776E-7 8.84187E-7 9.05674E-7 1.03421E-6 8.37017E-7 1.23972E-6 8.52343E-7 7.48597E-7 7.47487E-7 7.79928E-7 7.50438E-7 6.82482E-7 6.7481E-7 6.73343E-7 6.14232E-7 6.31146E-7 5.58516E-7 5.62727E-7 5.46347E-7 5.62152E-7 5.17859E-7 5.33613E-7 4.88203E-7 4.79402E-7 5.19336E-7 4.40024E-7 4.61851E-7 4.60535E-7 4.37445E-7 4.2038E-7 3.94407E-7 4.54157E-7 3.93931E-7 3.32156E-7 3.66549E-7
1.23383E-6 1.29536E-6 1.28683E-6 1.30071E-6 1.266E-6 1.45935E-6 1.30322E-6 1.28621E-6 1.15499E-6 1.12282E-6 1.16185E-6 1.16216E-6 1.26683E-6 1.10011E-6 1.06005E-6 1.08637E-6 1.14749E-6 1.0689E-6 1.10628E-6 1.14805E-6 1.09325E-6 1.05076E-6 1.01304E-6 1.10902E-6 1.00488E-6 9.81623E-7 1.01836E-6 8.82803E-7 8.99827E-7 7.73793E-7 8.6497E-7 8.98973E-7 8.03138E-7 8.0786E-7 8.22459E-7 7.99957E-7 7.78963E-7 7.00834E-7 6.82473E-7 6.85879E-7 6.64522E-7 6.40552E-7 6.38038E-7 5.837E-7 5.837E-7 5.66608E-7 5.59849E-7 5.43609E-7 4.99319E-7 5.12278E-7 4.96922E-7 4.89155E-7 4.66753E-7 4.37736E-7 4.80864E-7 4.15045E-7 4.70661E-7 4.04945E-7 3.95647E-7 4.09957E-7 3.65003E-7
1.28819E-6 1.36931E-6 1.39113E-6 1.35505E-6 1.32262E-6 1.38608E-6 1.3764E-6 1.34066E-6 1.22224E-6 1.24255E-6 1.28953E-6 1.26052E-6 1.19304E-6 1.13324E-6 1.12508E-6 1.13269E-6 1.08142E-6 1.10383E-6 1.17066E-6 1.15316E-6 1.17955E-6 1.12883E-6 1.06086E-6 1.05195E-6 9.71374E-7 1.01431E-6 1.01389E-6 1.01836E-6 9.2862E-7 8.51295E-7 8.79284E-7 8.41153E-7 8.37288E-7 8.51572E-7 8.41643E-7 8.57991E-7 7.74295E-7 7.22015E-7 6.98155E-7 6.92947E-7 6.6182E-7 6.41388E-7 6.26561E-7 5.97743E-7 5.88217E-7 6.0344E-7 5.56213E-7 5.6311E-7 5.31631E-7 5.27344E-7 5.24186E-7 4.88262E-7 4.71209E-7 4.3319E-7 4.63202E-7 4.55163E-7 6.2176E-7 4.38757E-7 3.85072E-7 3.74625E-7 3.909E-7
1.38838E-6 1.44993E-6 1.55125E-6 1.41385E-6 1.46278E-6 1.5316E-6 1.57176E-6 1.33483E-6 1.37405E-6 1.26835E-6 1.26252E-6 1.22024E-6 1.24565E-6 1.08888E-6 1.12003E-6 1.20232E-6 1.12761E-6 1.13967E-6 1.16955E-6 1.22495E-6 1.17292E-6 1.12614E-6 1.17955E-6 1.05674E-6 1.03919E-6 1.06808E-6 1.13607E-6 1.08652E-6 1.16329E-6 9.32852E-7 8.77775E-7 8.43679E-7 8.22269E-7 8.80692E-7 8.92313E-7 8.69583E-7 8.29643E-7 7.87425E-7 7.1866E-7 6.44822E-7 6.44461E-7 6.4997E-7 6.3543E-7 6.46135E-7 6.35671E-7 5.95643E-7 5.69287E-7 5.47849E-7 5.521E-7 5.55897E-7 5.50693E-7 5.09617E-7 5.09863E-7 4.38799E-7 4.97008E-7 4.66348E-7 5.39945E-7 4.35366E-7 4.24642E-7 4.01902E-7 3.91045E-7
1.43766E-6 1.47988E-6 1.40405E-6 1.50472E-6 1.49748E-6 1.442E-6 1.50198E-6 1.37984E-6 1.34735E-6 1.35644E-6 1.29336E-6 1.25132E-6 1.26252E-6 1.27178E-6 1.20006E-6 1.20276E-6 1.20532E-6 1.14549E-6 1.12488E-6 1.15876E-6 1.28091E-6 1.1432E-6 1.2682E-6 1.2606E-6 1.24286E-6 1.10597E-6 1.08357E-6 1.10996E-6 1.04049E-6 1.07133E-6 9.97641E-7 8.84969E-7 8.92846E-7 9.76846E-7 8.93333E-7 8.68862E-7 8.30356E-7 7.9734E-7 7.02835E-7 7.64603E-7 7.10861E-7 6.61443E-7 6.43958E-7 6.16983E-7 6.28532E-7 5.78072E-7 5.86035E-7 5.44605E-7 5.36271E-7 5.69643E-7 5.38151E-7 5.31569E-7 5.10021E-7 4.80112E-7 5.16582E-7 4.61823E-7 4.69201E-7 4.51741E-7 4.15375E-7 4.37388E-7 3.99329E-7
1.46455E-6 1.53496E-6 1.7572E-6 1.14128E-6 1.50405E-6 1.47609E-6 1.33852E-6 1.40663E-6 1.4088E-6 1.26692E-6 1.54088E-6 1.3125E-6 1.17526E-6 1.302E-6 1.21147E-6 1.21147E-6 1.1758E-6 1.15412E-6 1.16167E-6 1.23547E-6 1.21512E-6 1.25257E-6 1.22291E-6 1.18518E-6 1.1664E-6 1.15069E-6 1.15321E-6 1.12971E-6 1.00531E-6 9.74212E-7 9.15546E-7 8.9897E-7 1.06284E-6 9.30657E-7 8.20089E-7 8.59104E-7 8.31795E-7 8.05182E-7 7.98728E-7 7.8369E-7 6.83396E-7 7.17539E-7 6.70803E-7 6.43579E-7 6.18074E-7 6.32829E-7 6.0386E-7 5.8313E-7 5.56742E-7 5.19377E-7 5.49899E-7 4.71135E-7 4.93196E-7 4.84147E-7 4.80595E-7 5.03423E-7 5.49775E-7 4.81101E-7 4.55357E-7 4.25573E-7 4.58061E-7
1.5198E-6 1.56719E-6 1.51483E-6 1.80639E-6 1.51617E-6 1.40843E-6 1.51363E-6 1.57526E-6 1.3292E-6 1.49938E-6 1.47037E-6 1.39009E-6 1.19462E-6 1.24845E-6 1.25547E-6 1.28434E-6 1.22619E-6 1.22009E-6 1.25934E-6 1.30096E-6 1.29497E-6 1.24487E-6 1.24458E-6 1.25819E-6 1.27624E-6 1.19194E-6 1.24752E-6 1.23873E-6 1.07454E-6 1.03155E-6 9.27353E-7 9.48082E-7 1.01597E-6 1.11292E-6 8.28732E-7 8.82189E-7 8.32031E-7 7.87428E-7 7.72235E-7 7.69955E-7 7.39734E-7 7.40375E-7 6.42069E-7 6.49397E-7 6.52969E-7 6.42284E-7 5.99942E-7 5.65926E-7 5.70997E-7 5.53848E-7 5.43702E-7 5.63325E-7 5.37965E-7 5.59373E-7 4.75154E-7 4.92409E-7 5.24868E-7 4.83197E-7 4.57021E-7 4.64134E-7 4.57021E-7
1.61379E-6 1.88541E-6 1.55576E-6 1.5543E-6 1.52843E-6 1.36626E-6 1.49941E-6 1.44098E-6 1.47445E-6 1.40349E-6 1.29676E-6 1.27958E-6 1.33043E-6 1.29099E-6 1.29679E-6 1.32698E-6 1.31119E-6 1.25878E-6 1.19523E-6 1.26996E-6 1.32452E-6 1.30626E-6 1.2894E-6 1.25738E-6 1.27396E-6 1.22494E-6 1.15721E-6 1.26718E-6 1.13191E-6 1.08463E-6 1.02146E-6 1.01774E-6 1.04861E-6 9.8594E-7 9.18863E-7 9.87232E-7 8.32265E-7 8.10862E-7 7.84139E-7 7.74669E-7 7.17241E-7 7.30523E-7 7.12017E-7 6.85025E-7 6.25092E-7 6.18055E-7 6.04576E-7 5.85138E-7 5.9177E-7 5.51708E-7 5.49326E-7 5.50382E-7 -9999 5.40236E-7 5.15975E-7 5.03845E-7 5.04027E-7 4.9733E-7 4.87483E-7 4.89677E-7 5.14661E-7
1.53097E-6 1.58577E-6 1.77988E-6 1.79859E-6 1.62454E-6 1.50025E-6 1.5461E-6 1.55716E-6 1.45493E-6 1.41568E-6 1.37447E-6 1.34211E-6 1.31657E-6 1.36992E-6 1.30933E-6 1.29959E-6 1.28026E-6 1.30092E-6 1.36461E-6 1.39488E-6 1.30683E-6 1.42394E-6 1.25677E-6 1.2466E-6 1.25334E-6 1.20741E-6 1.37658E-6 1.17288E-6 1.26246E-6 1.0734E-6 1.06651E-6 9.90948E-7 1.04916E-6 9.60238E-7 9.63688E-7 9.25883E-7 9.07477E-7 8.88245E-7 7.81703E-7 7.10738E-7 7.3434E-7 7.94435E-7 7.06605E-7 6.77823E-7 6.51904E-7 5.94284E-7 8.57463E-7 6.35609E-7 5.85767E-7 6.83692E-7 5.58892E-7 5.1607E-7 5.74775E-7 4.87067E-7 5.36349E-7 4.83568E-7 5.20348E-7 5.25068E-7 4.93452E-7 5.12979E-7 5.6503E-7
1.73246E-6 1.69081E-6 1.73727E-6 1.7103E-6 1.56321E-6 1.60289E-6 1.59043E-6 1.41063E-6 1.50573E-6 1.5119E-6 1.40705E-6 1.4162E-6 1.42175E-6 1.43818E-6 1.41462E-6 1.34849E-6 1.37025E-6 1.2083E-6 1.34379E-6 1.4108E-6 1.46988E-6 1.79825E-6 1.26732E-6 1.28695E-6 1.25453E-6 1.27532E-6 1.2701E-6 1.18399E-6 1.26738E-6 1.13062E-6 1.04649E-6 1.21876E-6 1.05156E-6 9.92401E-7 1.18322E-6 9.74149E-7 9.67555E-7 8.73434E-7 8.23629E-7 7.59695E-7 7.33483E-7 7.20833E-7 7.5796E-7 6.79004E-7 6.79743E-7 6.47367E-7 6.39243E-7 6.08865E-7 5.93368E-7 6.22841E-7 5.99438E-7 5.74153E-7 5.99856E-7 5.34985E-7 5.24368E-7 5.40374E-7 5.42887E-7 5.4936E-7 5.20526E-7 5.33863E-7 5.36536E-7
1.68435E-6 1.90697E-6 1.66135E-6 1.65322E-6 1.82741E-6 1.55545E-6 1.69245E-6 1.53132E-6 1.57862E-6 1.52839E-6 1.49286E-6 1.47176E-6 1.54253E-6 1.55653E-6 1.53628E-6 1.46222E-6 1.4155E-6 1.34237E-6 1.45365E-6 1.55051E-6 1.44673E-6 1.47393E-6 1.31518E-6 1.21679E-6 1.49804E-6 1.25878E-6 1.20176E-6 1.18562E-6 1.23858E-6 1.13177E-6 1.05347E-6 1.14517E-6 1.05183E-6 9.97037E-7 1.04187E-6 1.0759E-6 9.88825E-7 8.81913E-7 8.18053E-7 7.81368E-7 7.61829E-7 7.31997E-7 7.29503E-7 6.8756E-7 7.34698E-7 7.10284E-7 6.62659E-7 6.45104E-7 6.54717E-7 6.21801E-7 5.91265E-7 6.7225E-7 5.66819E-7 5.69534E-7 5.71138E-7 5.61361E-7 5.72023E-7 5.8189E-7 5.41194E-7 5.45503E-7 5.58104E-7
1.77602E-6 1.87496E-6 1.59055E-6 1.71596E-6 1.59646E-6 2.07703E-6 1.65847E-6 1.50546E-6 1.63296E-6 1.80015E-6 1.58413E-6 1.51962E-6 1.46843E-6 1.53756E-6 1.61328E-6 1.53814E-6 1.55063E-6 1.49655E-6 1.44732E-6 1.4538E-6 1.51431E-6 1.40361E-6 1.42577E-6 1.3223E-6 1.25794E-6 1.21507E-6 1.21232E-6 1.30599E-6 1.30568E-6 1.09612E-6 1.10454E-6 1.12262E-6 1.18325E-6 1.09753E-6 1.13772E-6 9.19775E-7 9.43016E-7 8.83052E-7 8.58981E-7 8.66448E-7 8.12652E-7 8.19795E-7 7.36584E-7 7.24217E-7 7.31456E-7 7.47555E-7 6.76733E-7 6.97266E-7 6.8407E-7 6.61682E-7 6.55081E-7 6.31716E-7 6.08071E-7 5.99808E-7 6.02859E-7 5.46262E-7 5.7939E-7 5.65889E-7 5.71234E-7 6.0992E-7 5.82823E-7
1.91942E-6 1.85208E-6 1.87776E-6 1.85148E-6 1.85685E-6 1.90362E-6 2.00636E-6 1.64571E-6 1.59232E-6 1.65078E-6 1.41408E-6 1.63875E-6 1.78651E-6 1.67059E-6 1.52482E-6 1.5598E-6 1.4734E-6 1.49775E-6 1.40949E-6 1.45976E-6 1.62412E-6 1.55809E-6 1.38043E-6 1.35191E-6 1.27263E-6 1.18238E-6 1.22114E-6 1.13701E-6 1.08375E-6 1.19199E-6 1.01145E-6 1.06782E-6 1.06111E-6 1.04303E-6 1.03675E-6 9.06392E-7 8.6886E-7 8.95688E-7 9.39734E-7 8.64889E-7 8.38922E-7 8.25715E-7 7.48674E-7 7.24322E-7 7.30233E-7 6.64026E-7 6.80309E-7 6.87135E-7 7.04473E-7 7.00974E-7 6.36423E-7 6.31316E-7 6.57082E-7 5.729E-7 5.76808E-7 6.02595E-7 5.57653E-7 5.71586E-7 5.52954E-7 6.00201E-7 6.40469E-7
2.11288E-6 1.78488E-6 1.88442E-6 1.74279E-6 1.71172E-6 1.66816E-6 1.77474E-6 1.73225E-6 1.60228E-6 1.6398E-6 1.54635E-6 1.43139E-6 1.50594E-6 1.5417E-6 1.55934E-6 1.56704E-6 1.53416E-6 1.46301E-6 1.36027E-6 1.42965E-6 1.55524E-6 1.47167E-6 1.40695E-6 1.69099E-6 1.26705E-6 1.19644E-6 1.14554E-6 1.18471E-6 1.33542E-6 1.22028E-6 1.10858E-6 1.07516E-6 1.08528E-6 1.15344E-6 9.80498E-7 9.82819E-7 8.84437E-7 9.75909E-7 8.98097E-7 8.98119E-7 8.62614E-7 8.39715E-7 8.50979E-7 8.83965E-7 9.28839E-7 7.70122E-7 7.1282E-7 7.02496E-7 7.24566E-7 7.52395E-7 6.80362E-7 6.79245E-7 6.48676E-7 5.99295E-7 5.48833E-7 5.99887E-7 5.89727E-7 5.86555E-7 5.76409E-7 6.16519E-7 6.09208E-7
1.81217E-6 1.77076E-6 1.93761E-6 1.90164E-6 2.05919E-6 1.90347E-6 1.74131E-6 1.79469E-6 1.68007E-6 1.75147E-6 1.67197E-6 1.59759E-6 1.59037E-6 1.61597E-6 1.5548E-6 1.56923E-6 1.43215E-6 1.48639E-6 1.41693E-6 1.42074E-6 1.54213E-6 1.4006E-6 1.50601E-6 1.28204E-6 1.15739E-6 1.09967E-6 1.17545E-6 1.1617E-6 1.1696E-6 1.19681E-6 1.15938E-6 1.13612E-6 1.10657E-6 1.13492E-6 9.75508E-7 1.03695E-6 1.00769E-6 1.17454E-6 9.84171E-7 9.10839E-7 8.88558E-7 8.85776E-7 8.38081E-7 8.40838E-7 7.51908E-7 7.44961E-7 7.44703E-7 7.44759E-7 7.81963E-7 7.22923E-7 7.09114E-7 7.27303E-7 6.57557E-7 6.54803E-7 6.50352E-7 5.74252E-7 5.97027E-7 5.92518E-7 5.66008E-7 6.29038E-7 6.10718E-7
1.81501E-6 1.77981E-6 1.83548E-6 1.74925E-6 1.67212E-6 1.61037E-6 2.08115E-6 1.72498E-6 1.75386E-6 1.71395E-6 1.88566E-6 1.67012E-6 1.50338E-6 1.63684E-6 1.4642E-6 1.56067E-6 1.10196E-6 1.35603E-6 1.51645E-6 1.36713E-6 1.36713E-6 1.38468E-6 1.63649E-6 1.35361E-6 1.26542E-6 1.20896E-6 1.13868E-6 1.20027E-6 1.11418E-6 1.18842E-6 1.19896E-6 1.17732E-6 1.17777E-6 1.22274E-6 1.37562E-6 1.02102E-6 1.06765E-6 9.62519E-7 9.50777E-7 1.0023E-6 1.00916E-6 8.94479E-7 8.4448E-7 8.64489E-7 8.66433E-7 8.05762E-7 8.05823E-7 7.88322E-7 7.65368E-7 7.98655E-7 7.41033E-7 8.50513E-7 7.07883E-7 6.8416E-7 6.43375E-7 6.57077E-7 6.19853E-7 6.18732E-7 5.76988E-7 6.25275E-7 6.88073E-7
1.97956E-6 2.00249E-6 1.72814E-6 1.66661E-6 1.68532E-6 1.71783E-6 1.86352E-6 1.81939E-6 1.66807E-6 1.80323E-6 2.51662E-6 1.68558E-6 1.60488E-6 1.66019E-6 1.60022E-6 1.62487E-6 1.54918E-6 1.52232E-6 1.47922E-6 1.46526E-6 1.44733E-6 1.48867E-6 1.63824E-6 1.52778E-6 1.44307E-6 1.28604E-6 1.24236E-6 1.77044E-6 1.25462E-6 1.64676E-6 1.22021E-6 1.1989E-6 1.27573E-6 1.16603E-6 1.17265E-6 1.16117E-6 1.13464E-6 1.06934E-6 1.02277E-6 1.08617E-6 9.8155E-7 9.06283E-7 8.76726E-7 8.39009E-7 8.6965E-7 8.54794E-7 8.53898E-7 7.72514E-7 7.90731E-7 7.25043E-7 7.09755E-7 7.06296E-7 6.74676E-7 7.30686E-7 6.58309E-7 6.79552E-7 6.79301E-7 6.18759E-7 6.44935E-7 6.29213E-7 6.57659E-7
1.91991E-6 1.95667E-6 1.76438E-6 1.83046E-6 1.79667E-6 1.81067E-6 1.89392E-6 1.91608E-6 1.77028E-6 1.7643E-6 1.6417E-6 1.72072E-6 1.6068E-6 1.62414E-6 1.60054E-6 1.64962E-6 1.61475E-6 1.70318E-6 1.5707E-6 1.47272E-6 1.53214E-6 1.72225E-6 1.91918E-6 1.8768E-6 1.61923E-6 1.8509E-6 1.34089E-6 1.77433E-6 9.77179E-7 1.22497E-6 1.15216E-6 1.14496E-6 1.22414E-6 1.22938E-6 1.25817E-6 1.20747E-6 1.20747E-6 1.24164E-6 1.11878E-6 1.11228E-6 1.06805E-6 9.59607E-7 8.84688E-7 9.41955E-7 9.06286E-7 8.21736E-7 7.99051E-7 7.5416E-7 7.41611E-7 7.23725E-7 6.88904E-7 6.80878E-7 7.26497E-7 8.0694E-7 7.02886E-7 6.99967E-7 7.04476E-7 6.84842E-7 6.47406E-7 7.16523E-7 7.25962E-7
1.83983E-6 1.9409E-6 1.94813E-6 1.82193E-6 1.87965E-6 1.83201E-6 2.00781E-6 1.94202E-6 1.8097E-6 1.68821E-6 1.7115E-6 1.66378E-6 1.71909E-6 1.67486E-6 1.61285E-6 1.57127E-6 1.62119E-6 1.57278E-6 1.72409E-6 1.72369E-6 1.65333E-6 1.58978E-6 2.00123E-6 1.66662E-6 1.51682E-6 1.40942E-6 1.34129E-6 1.08339E-6 1.61974E-6 1.66232E-6 1.37396E-6 1.1921E-6 1.28102E-6 1.27389E-6 1.24117E-6 1.28818E-6 1.30806E-6 1.16236E-6 1.02881E-6 1.07837E-6 1.0365E-6 1.02657E-6 1.00826E-6 9.86929E-7 9.48246E-7 8.20216E-7 8.09705E-7 7.93651E-7 9.9106E-7 7.56589E-7 7.84843E-7 6.93036E-7 7.63786E-7 8.11227E-7 7.37016E-7 7.2103E-7 7.46381E-7 7.42508E-7 6.95399E-7 7.38976E-7 7.58475E-7
2.04719E-6 2.06424E-6 2.00782E-6 1.92563E-6 1.8499E-6 1.8753E-6 1.92042E-6 1.84585E-6 1.64041E-6 1.74923E-6 1.76986E-6 1.70017E-6 1.69714E-6 1.67872E-6 1.53522E-6 1.58313E-6 2.66665E-6 1.67421E-6 1.85586E-6 1.81803E-6 1.85798E-6 1.80931E-6 1.7115E-6 1.6126E-6 1.59337E-6 1.64712E-6 1.56202E-6 1.39454E-6 1.51441E-6 1.56139E-6 1.52542E-6 1.37103E-6 1.34941E-6 1.26803E-6 1.21498E-6 1.18811E-6 1.12556E-6 1.13482E-6 1.02081E-6 1.07759E-6 1.04821E-6 9.86289E-7 9.56418E-7 9.8734E-7 1.00563E-6 8.71143E-7 8.14387E-7 7.79455E-7 7.89693E-7 7.90362E-7 7.62288E-7 7.85557E-7 7.71039E-7 7.97011E-7 7.63657E-7 6.94506E-7 7.20718E-7 7.87263E-7 7.93544E-7 8.65998E-7 7.54216E-7
2.29128E-6 1.95272E-6 2.0705E-6 2.3547E-6 2.02598E-6 1.93117E-6 2.23752E-6 1.98049E-6 1.73096E-6 1.80572E-6 1.73807E-6 1.74715E-6 1.67201E-6 1.73692E-6 1.70509E-6 1.69812E-6 1.77629E-6 1.78212E-6 1.9441E-6 1.96696E-6 1.87686E-6 1.80558E-6 1.94235E-6 1.97108E-6 1.86758E-6 1.74141E-6 1.53717E-6 1.37481E-6 1.34117E-6 1.34107E-6 1.23811E-6 1.22617E-6 1.89208E-6 1.21949E-6 1.25635E-6 1.20236E-6 1.19404E-6 1.08735E-6 1.06089E-6 1.05298E-6 1.0798E-6 9.87212E-7 9.89744E-7 9.15784E-7 9.88003E-7 8.9575E-7 8.47821E-7 8.38E-7 8.29498E-7 7.88842E-7 8.04174E-7 8.99771E-7 8.7658E-7 8.32584E-7 8.66601E-7 8.58474E-7 8.69811E-7 8.77144E-7 8.95958E-7 9.24285E-7 9.22632E-7
