Candidate_Models_July82022/M_1_F_lqp_Set_1_all/Bison.asc
ncols         290
nrows         380
xllcorner     -2197417.7431653
yllcorner     -584827.01486885
cellsize      10000.0
NODATA_value  -9999
[rows 243 to 269 of 380, columns 61 to 121 of 290]
1.89266E-6 2.67945E-6 6.34377E-6 1.48168E-5 2.50192E-5 1.30013E-5 2.05368E-5 1.55186E-5 1.9273E-5 3.10525E-5 3.24916E-5 4.9898E-5 5.04805E-5 5.29299E-5 6.98611E-5 2.37354E-4 1.28429E-4 3.02903E-5 7.18748E-5 6.10524E-5 7.07286E-5 3.64738E-5 5.02121E-5 6.71941E-5 6.25392E-5 2.44716E-5 2.73371E-5 2.35107E-5 3.40863E-6 2.54039E-6 3.71358E-6 1.19703E-5 2.5212E-6 9.08491E-7 1.09486E-5 2.67308E-6 7.58345E-6 8.86918E-6 3.85946E-6 1.80979E-5 4.52657E-6 1.74163E-5 1.00122E-5 2.57063E-5 2.1797E-5 1.8465E-5 1.35483E-5 5.45659E-5 1.19232E-5 2.05688E-5 4.0005E-5 3.99701E-5 7.11358E-5 9.83527E-5 2.29155E-4 3.47839E-4 3.88291E-4 5.35538E-4 5.0596E-4 4.58462E-4 3.6139E-4
1.84015E-6 1.50799E-6 4.90435E-6 3.8503E-6 7.81383E-6 9.67826E-6 1.28037E-5 8.50396E-6 1.39932E-5 2.20052E-5 4.131E-5 7.37227E-5 8.46293E-5 1.00392E-4 2.22021E-4 3.36375E-4 4.65014E-5 5.12343E-5 4.28106E-5 2.26246E-5 1.49547E-5 2.41547E-5 5.7158E-5 1.16088E-4 4.12092E-5 2.09523E-5 9.78073E-6 1.79732E-5 1.5602E-6 7.00515E-6 1.72776E-6 1.25197E-5 2.00397E-6 2.06281E-5 1.15362E-6 3.3098E-6 3.65581E-6 6.0833E-6 6.20728E-6 2.36294E-5 5.15121E-5 1.71965E-5 7.51032E-6 3.12483E-5 4.86925E-5 1.62295E-5 4.11787E-5 5.81177E-6 6.62575E-6 2.39936E-5 3.6135E-5 3.63256E-5 3.98277E-5 5.39228E-5 4.31775E-5 8.07252E-5 3.2567E-4 4.16084E-4 4.21557E-4 5.87193E-4 5.66448E-4
5.05031E-6 4.76988E-7 1.77408E-6 5.62391E-7 2.0695E-7 4.49315E-7 1.23739E-5 7.14441E-6 5.27132E-6 1.67136E-5 2.63865E-5 6.76486E-5 2.07616E-4 1.09419E-4 3.42027E-4 3.73731E-4 3.3304E-4 1.00338E-4 2.71545E-5 9.37995E-6 1.02048E-5 3.28991E-5 7.03709E-5 7.25141E-5 6.70036E-6 2.01183E-5 1.99784E-5 5.73029E-6 8.79588E-6 2.23887E-6 6.10172E-6 1.20657E-5 1.0786E-5 2.35637E-6 3.13075E-6 1.22943E-6 3.27648E-6 3.02786E-6 1.11889E-5 2.97438E-6 4.0722E-5 1.43367E-5 2.36139E-5 7.6999E-6 3.25355E-5 4.79907E-5 2.44376E-5 1.13109E-5 3.39416E-5 3.28243E-5 2.24448E-5 2.81019E-5 5.1654E-5 5.46354E-5 2.95224E-5 6.80572E-5 7.95827E-5 3.77459E-4 4.32027E-4 5.05645E-4 1.44383E-4
2.47838E-6 6.18972E-6 3.83133E-6 3.627E-6 3.82518E-7 2.48043E-7 5.00783E-6 3.38707E-6 3.68534E-6 1.3826E-5 3.30524E-5 1.28925E-5 5.86017E-5 2.99131E-4 3.58307E-4 1.53102E-4 1.04871E-4 4.44184E-5 2.58914E-5 1.47657E-5 1.70222E-5 3.02342E-5 1.22754E-4 6.0818E-5 2.12587E-5 3.27325E-5 1.53187E-5 7.58148E-6 1.48786E-5 1.14287E-5 7.80477E-6 4.89518E-6 1.5742E-5 6.96738E-6 2.31898E-6 7.17677E-6 5.17824E-6 2.99244E-6 4.50111E-5 1.19296E-5 1.39901E-5 1.99176E-5 3.47106E-5 8.42604E-6 4.07488E-5 5.09449E-5 2.23234E-5 3.06654E-5 2.24642E-5 2.45183E-5 2.23607E-5 2.97266E-5 4.77685E-5 4.7357E-5 4.01866E-5 6.9262E-5 6.5088E-5 9.88239E-5 4.50148E-4 5.44493E-4 1.6293E-4
1.25757E-7 2.69826E-7 5.42171E-6 5.25914E-6 1.93847E-7 5.22129E-7 7.77974E-6 4.1417E-6 2.16653E-6 6.42896E-6 1.53186E-5 2.32557E-5 3.60271E-5 2.03833E-4 5.67075E-5 2.09716E-5 1.73713E-5 2.46135E-5 9.89974E-6 1.23361E-5 2.51051E-5 4.90556E-5 3.0848E-5 4.81365E-5 5.39438E-5 3.35372E-5 2.04559E-5 2.50905E-5 1.05751E-5 7.50668E-6 2.92281E-6 1.15618E-5 1.43792E-5 8.47047E-7 1.18832E-6 3.33909E-6 2.24244E-6 4.56451E-6 5.02533E-6 1.36497E-5 1.99331E-6 1.60378E-5 1.22519E-5 1.96912E-5 1.88857E-5 6.74699E-5 3.54802E-5 5.34526E-5 2.22287E-5 1.58041E-5 1.53238E-5 3.85563E-5 6.31609E-5 8.14465E-5 4.32455E-5 5.8209E-5 5.8936E-5 1.10024E-4 4.62199E-4 4.41669E-4 5.49346E-4
2.14998E-6 3.38684E-7 7.00516E-6 3.65047E-6 3.33622E-7 1.49312E-6 5.64854E-6 1.78415E-6 8.94263E-7 4.5984E-6 7.63255E-6 2.42512E-5 4.43676E-5 4.81496E-5 1.85522E-5 1.07049E-5 1.75848E-5 1.36095E-5 8.65173E-6 1.99632E-5 2.60364E-5 6.8294E-5 1.84104E-5 1.45137E-5 1.40173E-5 1.19838E-5 1.04823E-5 1.69294E-5 1.20581E-5 6.48369E-6 1.80615E-6 8.96372E-6 1.77128E-5 5.27761E-6 3.22033E-6 3.00403E-6 1.04955E-5 2.44219E-6 6.81667E-6 8.45372E-6 2.93485E-5 3.5608E-5 1.41337E-5 3.90838E-5 6.87991E-6 6.85894E-5 4.17918E-5 3.31897E-5 2.86174E-5 4.62868E-5 2.27186E-5 3.44625E-5 4.94684E-5 4.15499E-5 4.30955E-5 3.17601E-5 5.99643E-5 2.59667E-4 4.30852E-4 4.29906E-4 3.62121E-4
9.09132E-7 1.25406E-6 5.16086E-6 7.04813E-6 7.87398E-7 4.86275E-7 1.42578E-6 5.53214E-7 2.08982E-7 1.58478E-6 1.65868E-5 1.83376E-5 2.3482E-5 2.21031E-5 2.15414E-5 1.59855E-5 1.40919E-5 2.04637E-5 1.29569E-5 2.3508E-5 3.34809E-5 6.34168E-5 1.32495E-5 1.56937E-5 6.00148E-6 5.66429E-6 7.26408E-6 9.09755E-6 6.3669E-6 3.1961E-6 8.64766E-6 1.15527E-5 1.46396E-5 8.3355E-6 4.08936E-6 3.21102E-6 1.43169E-5 1.30375E-6 1.05904E-5 9.71806E-6 1.24058E-5 1.06945E-5 1.08471E-5 2.68312E-5 8.67538E-6 4.77384E-5 6.15799E-5 1.61246E-5 4.89931E-5 2.10528E-5 1.10797E-5 1.28328E-5 2.96566E-5 4.0927E-5 5.54599E-5 3.4992E-5 4.76473E-5 2.20925E-4 3.56548E-4 3.43095E-4 3.43941E-4
7.43975E-7 4.44235E-7 5.21243E-6 2.85526E-6 1.29137E-7 4.09615E-6 2.00105E-7 4.00673E-7 1.47678E-6 5.1624E-6 1.39613E-5 1.26685E-5 3.00032E-5 2.6931E-5 2.72323E-5 2.22953E-5 1.5312E-5 2.39754E-5 2.98129E-5 4.03289E-5 6.57688E-5 8.70433E-5 1.88007E-5 1.67227E-5 4.45335E-6 5.93227E-6 1.15078E-5 5.0512E-6 8.42827E-6 7.98088E-6 1.48761E-5 2.44681E-5 5.12201E-6 4.16848E-6 6.48316E-6 2.2895E-6 6.07719E-6 3.93526E-6 1.04295E-5 -9999 8.69085E-6 1.36823E-5 8.96802E-6 1.27932E-5 2.76209E-5 5.38655E-5 6.08434E-5 4.42581E-5 5.66012E-5 1.42034E-5 1.10684E-5 6.62934E-5 1.89616E-5 1.71486E-5 3.66489E-5 4.58013E-5 4.52191E-5 3.17592E-4 3.14217E-4 3.05217E-4 3.39591E-4
9.32535E-7 3.51641E-6 7.16561E-6 2.32273E-6 1.9934E-6 6.58894E-6 1.86987E-6 1.08574E-6 7.25298E-7 3.52287E-6 1.26484E-5 1.25882E-5 4.22215E-5 4.40196E-5 1.78013E-5 1.44E-5 2.49027E-5 3.66698E-5 1.15259E-4 1.9778E-4 8.70763E-5 5.15753E-5 1.85889E-5 1.27751E-5 8.0491E-6 1.18779E-5 7.85493E-6 5.622E-6 6.2186E-6 1.28755E-5 1.87958E-5 5.31813E-5 6.88705E-6 2.85776E-6 7.21081E-6 4.71441E-6 6.72567E-6 2.33932E-6 1.29522E-5 1.73546E-6 1.05585E-5 1.77925E-5 1.3789E-5 1.22466E-5 2.77545E-5 2.68437E-5 6.92387E-5 4.2437E-5 3.25766E-5 1.38886E-5 4.06781E-5 6.73954E-5 2.61136E-5 2.4836E-5 2.94292E-5 3.73903E-5 1.02977E-4 4.00756E-4 2.91355E-4 2.88946E-4 3.68645E-4
3.37833E-6 9.24805E-6 2.11868E-5 6.20662E-6 6.25444E-7 2.0833E-6 1.00292E-6 5.69467E-7 1.20511E-6 1.91511E-6 8.88275E-6 5.1023E-5 2.36273E-4 4.49064E-5 1.73777E-5 1.90972E-5 2.44365E-5 4.24703E-5 5.1127E-5 3.40283E-5 1.01993E-5 1.80643E-5 2.22269E-5 9.0016E-6 1.52965E-5 1.95037E-5 4.59912E-6 5.09463E-6 7.58954E-6 1.77286E-5 1.01469E-5 1.04376E-5 3.35744E-6 7.34921E-6 2.92311E-6 1.06259E-5 2.24793E-6 3.89281E-6 8.55525E-6 1.0987E-5 6.79825E-6 1.25063E-5 6.97205E-6 2.11315E-5 2.86222E-5 3.50815E-5 7.74493E-5 4.31719E-5 2.04667E-5 2.82012E-5 3.8984E-5 1.24659E-5 2.54981E-5 1.38847E-5 3.03421E-5 3.41911E-5 8.48149E-5 3.52941E-4 2.73942E-4 2.88356E-4 2.90579E-4
5.49033E-5 6.3183E-5 1.82595E-5 1.42735E-6 7.23135E-7 7.30781E-7 1.93725E-6 9.39925E-7 1.40611E-6 3.4515E-6 1.08934E-5 4.59282E-5 3.49093E-5 4.1695E-5 2.94931E-5 2.44308E-5 2.42433E-5 5.42904E-5 3.64896E-5 1.85464E-5 1.44245E-5 1.91395E-5 2.01054E-5 1.87748E-5 2.87385E-5 1.18435E-5 3.96839E-6 4.50919E-6 9.8952E-6 1.92122E-5 4.99668E-6 4.9867E-6 2.43794E-5 9.31958E-6 1.31877E-5 1.79813E-6 2.49389E-6 2.16673E-6 1.15616E-5 6.35224E-6 2.82475E-5 2.5585E-5 1.34012E-5 1.59399E-5 1.59099E-5 4.28499E-5 5.96175E-5 5.50975E-5 3.2085E-5 2.36346E-5 3.51525E-5 2.22891E-5 3.72677E-5 3.61106E-5 2.23569E-5 2.73379E-5 3.5866E-5 1.7539E-4 3.29465E-4 2.73969E-4 2.80781E-4
6.3514E-6 5.42431E-6 3.191E-6 2.39732E-6 9.37943E-7 2.84671E-6 1.77317E-6 2.70959E-6 2.02955E-6 3.58581E-6 2.41493E-5 4.22554E-5 3.10445E-5 2.50995E-5 3.51903E-5 2.3544E-5 2.02354E-5 3.81726E-5 6.17911E-5 2.10475E-5 3.07912E-5 2.32415E-5 1.81899E-5 2.12814E-5 2.6809E-5 7.34288E-6 -9999 1.31523E-5 1.57914E-5 1.44612E-5 6.4353E-6 4.02469E-6 9.85071E-6 5.90663E-6 2.59842E-6 3.57901E-6 4.2001E-6 2.67489E-6 1.35383E-5 6.83634E-6 2.35142E-5 1.7392E-5 2.87695E-5 2.17074E-5 1.15601E-5 4.04514E-5 5.05417E-5 3.50804E-5 9.83227E-5 4.02638E-5 1.9689E-5 2.31922E-5 4.07584E-5 2.09999E-5 2.80021E-5 2.50301E-5 3.45839E-5 8.4616E-5 3.01177E-4 3.50773E-4 2.95237E-4
4.67983E-6 1.40529E-6 8.81638E-7 4.12599E-7 4.74041E-6 3.86731E-7 6.80302E-6 2.47986E-6 2.52566E-6 2.94672E-6 1.3737E-5 1.13988E-5 1.09996E-5 2.14506E-5 3.78538E-5 1.41167E-5 2.47582E-5 1.04217E-4 4.18377E-5 1.60635E-5 1.24754E-5 2.67869E-5 1.76479E-5 3.22251E-5 5.38502E-6 1.18854E-5 8.43034E-6 1.62533E-5 2.06679E-5 5.80975E-6 3.59896E-6 3.0319E-6 6.90407E-6 1.30501E-5 -9999 6.33514E-6 9.48533E-6 3.64943E-6 1.18107E-5 1.35083E-5 5.64E-6 1.14582E-5 1.39898E-5 6.73801E-6 6.4386E-6 3.50823E-5 5.92489E-5 1.80314E-5 3.17035E-5 3.05353E-5 2.34855E-5 1.97169E-5 3.10992E-5 2.2663E-5 2.97348E-5 1.47495E-5 2.83893E-5 1.1659E-4 3.22753E-4 3.6488E-4 2.80141E-4
4.71229E-6 5.35837E-6 1.71018E-6 1.262E-6 1.12533E-6 2.69629E-8 3.80232E-6 2.99348E-6 4.24738E-6 3.69982E-6 1.02943E-5 6.04761E-6 9.54261E-6 1.39687E-5 3.64803E-5 2.97073E-5 5.30981E-5 9.72629E-5 5.88324E-5 2.67452E-5 1.21267E-5 2.5679E-5 1.85494E-5 2.12017E-5 5.38692E-6 1.18834E-5 2.01081E-5 6.14276E-6 1.6977E-5 6.53492E-6 6.26486E-6 6.00961E-6 8.66579E-6 3.25855E-6 1.37707E-6 2.81186E-6 2.74411E-6 1.27066E-5 1.02918E-5 6.53781E-6 5.16E-6 1.5006E-5 9.03632E-6 1.18878E-5 1.13173E-5 4.08562E-5 8.69944E-5 2.08107E-5 1.17668E-5 4.04696E-5 1.88109E-5 1.63266E-5 3.69657E-5 2.54379E-5 4.82664E-5 3.46703E-5 2.65993E-5 6.13521E-5 5.4606E-5 4.03448E-4 3.01887E-4
4.38825E-7 5.40493E-6 2.57987E-6 5.53691E-6 4.39636E-6 8.66096E-6 9.73435E-6 7.96483E-6 7.1219E-6 2.07685E-6 9.05089E-6 7.1721E-6 9.49594E-6 1.33687E-5 2.39594E-5 2.20848E-5 1.16324E-4 1.32784E-4 1.03387E-4 1.93558E-5 1.97335E-5 2.49926E-5 2.80477E-5 1.52453E-5 1.13381E-5 2.03803E-5 1.16711E-5 3.43837E-6 1.20615E-5 1.15999E-5 4.83931E-6 5.81495E-6 1.4213E-5 6.56837E-6 5.83125E-6 4.75022E-6 5.55335E-6 1.19334E-5 1.24329E-5 1.3106E-6 5.87428E-6 1.58976E-5 1.46334E-5 1.05387E-5 4.35303E-5 5.97883E-5 5.8196E-5 1.62245E-5 2.35224E-5 1.55399E-5 3.18833E-5 2.85854E-5 5.28907E-5 2.46796E-5 4.29652E-5 5.54469E-5 6.02504E-5 2.59769E-4 1.62552E-4 3.06996E-4 2.83931E-4
1.02026E-6 3.69609E-6 4.71178E-6 6.57526E-6 2.79601E-6 2.87996E-6 9.37964E-6 3.62034E-6 4.22026E-6 5.00824E-6 6.55532E-6 1.18176E-5 2.36338E-5 2.84562E-5 1.57213E-5 3.93239E-5 7.17223E-5 1.4906E-4 5.03514E-5 2.46974E-5 2.71987E-5 2.81318E-5 3.28098E-5 1.87751E-5 1.43204E-5 2.11138E-5 1.27441E-5 6.43535E-6 6.78515E-6 1.11511E-5 1.74929E-5 1.34948E-5 1.20085E-5 2.11821E-6 2.8101E-6 1.50298E-6 5.16446E-6 4.20287E-6 6.15782E-6 3.92968E-6 1.32134E-5 9.37667E-6 2.09409E-5 1.69194E-5 1.33304E-4 1.06125E-4 6.4272E-5 1.21991E-5 7.59729E-6 1.55818E-5 1.30379E-5 1.44552E-5 4.67655E-5 2.39123E-5 3.56053E-5 4.55339E-5 1.72216E-4 2.94297E-4 7.74699E-5 2.87331E-4 2.51702E-4
6.88712E-6 1.35147E-6 9.11341E-8 5.77654E-6 3.53019E-6 1.67489E-6 1.95014E-6 2.64421E-6 2.18181E-6 5.49038E-6 1.66484E-5 3.77476E-5 6.86073E-5 2.14372E-5 2.92789E-5 1.59572E-5 1.41842E-4 1.9964E-4 1.1652E-4 6.67019E-5 4.28018E-5 4.49695E-5 3.64521E-5 3.02878E-5 2.51326E-5 2.60981E-5 1.27621E-5 3.19537E-6 9.57822E-6 1.15186E-5 8.73697E-6 2.09642E-5 6.0731E-6 3.94089E-6 2.60269E-6 1.93875E-7 3.57622E-7 6.00337E-6 1.06488E-5 1.00754E-5 7.15743E-6 1.68169E-5 1.15289E-5 1.72622E-5 4.43323E-5 8.72212E-5 9.18265E-5 1.89468E-5 9.05319E-6 1.44546E-5 1.85762E-5 2.80681E-5 3.12395E-5 1.9767E-5 2.76242E-5 2.84997E-5 2.16863E-4 1.97189E-4 1.87083E-4 3.20769E-4 2.37582E-4
9.19709E-6 2.32481E-6 3.48299E-7 4.00269E-6 3.2782E-6 4.42251E-6 9.81146E-7 2.25848E-6 8.80401E-6 2.30339E-5 2.95146E-5 5.84497E-5 6.1333E-5 4.04371E-5 2.63721E-5 5.73441E-5 1.01728E-4 1.2424E-4 1.27641E-4 3.14293E-4 2.37306E-4 1.01696E-4 1.35001E-4 4.47365E-5 2.50695E-5 3.00926E-5 2.06401E-5 1.4838E-5 6.99253E-6 7.98216E-6 1.62161E-5 1.65785E-5 8.85762E-6 3.78671E-6 5.84106E-6 3.90368E-7 4.59087E-7 4.29292E-6 1.46578E-5 9.6687E-6 1.05228E-5 1.68592E-5 1.76435E-5 2.35963E-5 5.28877E-5 5.68991E-5 6.47848E-5 7.1609E-5 1.84067E-5 9.02587E-6 1.65475E-5 8.94597E-6 1.93798E-5 3.45778E-5 5.87948E-5 1.12652E-4 2.33253E-4 2.01875E-4 3.05029E-4 2.41194E-4 2.54421E-4
2.68175E-6 5.52494E-6 3.89655E-6 2.97595E-6 7.33389E-6 2.00382E-6 7.86926E-6 7.04427E-6 2.72362E-5 4.20882E-5 2.82518E-5 2.88155E-5 3.40359E-5 1.81255E-5 2.22167E-5 4.60469E-5 1.69113E-4 1.7251E-4 7.94551E-5 2.42625E-4 1.99037E-4 4.86158E-5 7.3057E-5 3.08913E-5 7.15763E-5 6.60373E-5 4.02439E-5 1.50955E-5 1.05003E-5 7.87718E-6 1.88533E-5 1.6693E-5 6.00032E-6 6.85115E-6 1.74856E-6 3.53383E-7 3.71675E-7 6.1622E-7 2.60886E-5 5.58588E-6 1.35559E-5 1.90883E-5 1.49278E-5 9.01969E-5 7.7551E-5 1.40347E-5 1.95386E-5 5.63117E-5 4.9305E-5 1.34191E-5 7.09651E-6 5.59087E-6 1.03255E-5 4.91641E-5 1.21743E-4 1.12692E-4 2.52506E-4 2.4682E-4 2.79029E-4 2.14825E-4 2.19644E-4
5.10552E-7 4.76996E-6 6.30086E-7 3.51001E-7 2.8642E-6 1.41539E-5 4.3462E-5 1.16192E-5 1.07712E-5 1.47629E-5 4.7122E-5 3.91625E-5 3.01543E-5 2.29272E-5 2.51617E-5 7.18116E-5 1.2226E-4 1.64584E-4 1.31674E-4 4.75785E-5 4.68217E-5 5.43252E-5 3.27669E-5 1.10354E-4 3.09495E-5 1.89402E-5 2.98709E-5 1.48684E-5 1.55248E-5 1.62199E-5 1.9016E-5 2.10362E-5 1.12565E-5 1.3809E-5 1.41194E-6 3.66927E-7 5.71967E-7 5.08893E-6 3.49702E-5 6.74359E-6 1.69215E-5 1.31997E-5 8.87343E-6 2.3267E-5 2.16334E-5 1.8928E-5 2.2108E-5 3.45289E-5 5.74076E-5 8.01206E-6 1.23831E-5 4.72623E-6 9.00062E-6 4.22033E-5 8.74001E-5 4.71883E-5 2.69903E-4 1.97056E-4 2.38087E-4 1.98937E-4 2.14337E-4
4.80978E-6 4.19136E-6 6.0952E-7 1.57522E-6 2.61871E-6 2.94823E-5 9.70855E-6 6.49182E-6 2.17755E-5 3.76757E-5 3.21788E-5 1.36799E-4 2.64109E-5 3.27889E-5 5.13794E-5 2.34727E-4 1.66763E-4 1.12639E-4 2.99856E-4 1.37353E-4 1.06764E-4 4.39959E-5 5.9567E-5 7.56218E-5 2.17835E-5 1.62729E-5 2.84223E-5 1.87646E-5 3.04203E-5 3.28348E-5 2.04131E-5 1.50861E-5 6.48908E-6 6.90334E-6 2.87177E-6 7.03338E-7 8.84622E-7 5.50037E-6 8.17236E-5 3.63361E-5 6.62199E-6 1.77247E-5 1.35407E-5 1.05138E-5 1.44753E-5 2.09191E-5 3.92077E-5 2.85244E-5 5.4374E-5 4.98733E-5 1.18496E-5 5.28241E-6 4.70686E-6 1.90152E-5 1.50218E-5 1.79162E-5 9.19389E-5 2.36927E-4 1.90766E-4 1.91168E-4 1.97121E-4
2.02596E-7 9.77199E-7 5.7007E-7 1.26191E-6 9.76104E-6 5.39519E-6 1.07368E-5 2.60941E-5 1.57936E-5 3.97845E-5 5.32667E-5 1.95915E-4 6.61256E-5 1.68402E-5 1.16853E-4 1.65053E-4 9.53044E-5 1.32275E-4 6.59531E-5 1.51574E-4 4.4917E-5 4.79013E-5 6.4673E-5 3.79013E-5 1.66428E-5 1.8383E-5 3.94586E-5 5.97159E-5 2.26502E-5 1.71782E-5 2.76135E-5 1.45061E-6 2.07435E-5 3.84793E-6 1.84738E-6 7.7802E-6 3.1697E-6 7.11684E-6 6.28573E-5 6.48602E-5 4.84896E-6 2.18036E-5 1.5604E-5 7.59021E-6 1.17428E-5 1.32996E-5 1.73444E-5 2.60301E-5 4.33498E-5 1.65739E-5 4.97306E-6 5.78389E-6 1.36319E-5 2.25538E-5 2.4959E-5 2.23598E-5 2.09729E-5 1.08233E-4 1.57887E-4 1.68974E-4 1.86893E-4
5.36863E-7 1.90774E-6 7.26851E-7 3.48757E-7 9.62959E-7 3.7764E-6 3.75527E-5 2.25682E-5 1.78142E-5 8.38728E-6 3.80242E-5 1.47758E-4 1.1438E-4 4.71657E-5 7.49089E-5 1.9491E-4 1.11923E-4 8.81953E-5 5.85924E-5 4.94981E-5 9.55532E-5 3.84784E-5 4.22254E-5 3.73814E-5 2.46959E-5 2.31466E-5 4.18308E-5 5.26236E-5 2.31464E-5 7.61172E-6 1.38698E-5 2.27028E-5 6.60882E-6 5.00567E-6 3.27222E-6 1.03814E-5 8.09919E-6 2.29285E-6 9.57335E-6 1.0469E-4 2.60423E-5 1.37555E-5 4.35734E-6 8.15704E-6 8.64398E-6 1.17731E-5 8.94965E-6 1.79025E-5 4.90681E-5 2.08585E-5 8.86749E-6 3.66643E-6 2.10384E-5 1.45869E-5 7.62193E-6 1.32434E-5 1.16032E-5 7.58489E-5 1.37705E-4 2.07528E-4 1.77544E-4
1.81408E-7 8.1072E-7 2.09436E-7 8.01004E-6 3.24934E-6 1.07692E-5 1.09812E-5 1.67437E-5 5.35368E-5 3.47872E-5 4.34719E-5 1.46081E-4 5.70596E-5 7.73431E-5 1.94037E-4 1.51447E-4 1.20629E-4 1.37584E-4 6.31491E-5 4.37243E-5 3.80444E-5 3.93694E-5 3.92567E-5 3.79343E-5 1.78901E-5 3.16073E-5 4.07426E-5 1.23338E-4 3.87287E-5 1.274E-5 8.28486E-6 2.27987E-5 3.00186E-6 3.45413E-6 7.36512E-6 8.48617E-6 1.62031E-6 1.07739E-6 9.07287E-6 8.8716E-5 1.01714E-5 1.54918E-5 8.00985E-6 1.33921E-5 1.92265E-5 1.58771E-5 1.02338E-5 1.80382E-5 6.49213E-5 5.96001E-5 1.44952E-6 6.01152E-6 4.12567E-6 1.88189E-5 2.39114E-6 9.93898E-7 4.57796E-6 2.23162E-5 1.52487E-4 1.54343E-4 1.58067E-4
1.82055E-6 1.10591E-6 9.74436E-8 2.62133E-6 2.37442E-5 9.52469E-6 7.1844E-6 1.05889E-5 3.86518E-5 8.6069E-5 3.84108E-5 1.29191E-4 8.01545E-5 2.08733E-4 1.32136E-4 1.11819E-4 7.91723E-5 7.05196E-5 5.09267E-5 4.72268E-5 4.07159E-5 4.50573E-5 4.29361E-5 3.01775E-5 2.69519E-5 4.65089E-5 3.58122E-5 9.43222E-5 7.24349E-5 1.56193E-5 1.15185E-5 1.31848E-5 1.5463E-5 1.34818E-5 1.28647E-5 1.67945E-5 1.05045E-5 6.82783E-6 1.0917E-5 1.35632E-4 2.08993E-5 8.98974E-6 7.89819E-6 1.03098E-5 1.34722E-5 1.14431E-5 8.88482E-6 1.49741E-5 1.42462E-4 1.46686E-4 2.27116E-6 2.85127E-6 2.18578E-6 1.87173E-5 1.96605E-5 2.65293E-6 3.13823E-6 2.79804E-5 3.80127E-5 1.38018E-4 1.6446E-4
1.16113E-6 9.61517E-7 3.40347E-7 1.52834E-6 8.82898E-6 4.61856E-6 2.80073E-6 6.23955E-6 5.03753E-5 8.82111E-5 4.65775E-5 1.23727E-4 2.2808E-4 1.53782E-4 1.21649E-4 1.75098E-4 1.01886E-4 8.95271E-5 6.22889E-5 4.73363E-5 4.52002E-5 5.20369E-5 4.64543E-5 3.16294E-5 3.03964E-5 5.15332E-5 4.35529E-5 8.86019E-5 5.0135E-5 2.00984E-5 6.77916E-6 1.51911E-5 1.65399E-5 1.37624E-5 1.69653E-5 2.2049E-5 3.27101E-6 2.45675E-5 2.65263E-5 1.04228E-4 2.64335E-5 2.0996E-5 1.10021E-5 7.93969E-6 9.39053E-6 1.68192E-5 2.36517E-5 3.70465E-5 3.40989E-5 6.54663E-5 3.2212E-6 1.55241E-6 2.91971E-6 3.43959E-5 1.63865E-5 1.92301E-6 3.10636E-6 2.87237E-5 1.99678E-5 2.36373E-5 2.07104E-4
2.20652E-6 2.89009E-6 7.84492E-7 1.49824E-6 8.00168E-6 1.12905E-5 2.84572E-6 1.82554E-5 4.06895E-5 6.56393E-5 1.1715E-4 9.64114E-5 1.84853E-4 1.97818E-4 2.2881E-4 9.66313E-5 1.20288E-4 1.08407E-4 1.09462E-4 2.24343E-4 8.37794E-5 3.46275E-5 4.39795E-5 3.17078E-5 6.14225E-5 6.01669E-5 5.73717E-5 7.97166E-5 3.66643E-5 1.76079E-5 1.67153E-5 2.55612E-5 1.67395E-5 1.19026E-5 1.33132E-5 2.09169E-5 3.5812E-5 1.47969E-5 2.59887E-5 1.02664E-5 5.73615E-6 1.65839E-5 1.31241E-5 1.21182E-5 5.9434E-6 8.86218E-6 1.70499E-5 8.67745E-6 1.71914E-5 3.81116E-5 5.57058E-6 1.42271E-6 1.43817E-6 2.18568E-5 4.09189E-5 1.2164E-5 3.32552E-6 7.51151E-6 8.1877E-6 2.60977E-5 1.14343E-4
