Candidate_Models_Sept202022/M_1_F_lqp_Set_1_all/Bison.asc
ncols         97
nrows         127
xllcorner     -2197417.7431653
yllcorner     -584827.01486885
cellsize      30000.0
NODATA_value  -9999
[rows 0 to 26 of 127, columns 0 to 60 of 97]
-9999 -9999 -9999 -9999 -9999 -9999 -9999 -9999 -9999 -9999 -9999 -9999 -9999 -9999 -9999 -9999 -9999 -9999 -9999 -9999 -9999 -9999 -9999 -9999 -9999 -9999 -9999 -9999 -9999 -9999 -9999 -9999 -9999 -9999 -9999 -9999 -9999 -9999 -9999 -9999 -9999 -9999 -9999 -9999 -9999 -9999 -9999 -9999 -9999 -9999 -9999 -9999 -9999 -9999 -9999 -9999 -9999 -9999 -9999 -9999 -9999
-9999 -9999 -9999 -9999 -9999 -9999 -9999 -9999 -9999 -9999 -9999 -9999 -9999 -9999 -9999 -9999 -9999 -9999 -9999 -9999 -9999 -9999 -9999 -9999 -9999 -9999 -9999 -9999 -9999 -9999 -9999 -9999 -9999 -9999 -9999 -9999 -9999 -9999 -9999 -9999 -9999 -9999 -9999 -9999 -9999 -9999 -9999 -9999 -9999 -9999 -9999 -9999 -9999 -9999 -9999 -9999 -9999 -9999 -9999 -9999 -9999
-9999 -9999 -9999 -9999 -9999 -9999 -9999 -9999 -9999 -9999 -9999 -9999 -9999 -9999 -9999 -9999 -9999 -9999 -9999 -9999 -9999 -9999 -9999 -9999 -9999 -9999 -9999 -9999 -9999 -9999 -9999 -9999 -9999 -9999 -9999 -9999 -9999 -9999 -9999 -9999 -9999 -9999 -9999 -9999 -9999 -9999 -9999 -9999 -9999 -9999 -9999 -9999 -9999 -9999 -9999 -9999 -9999 -9999 -9999 -9999 -9999
-9999 -9999 -9999 -9999 -9999 -9999 -9999 -9999 -9999 -9999 -9999 -9999 -9999 -9999 -9999 -9999 -9999 -9999 -9999 1.00973E-5 9.63414E-6 5.85076E-6 7.47275E-6 -9999 -9999 -9999 -9999 -9999 -9999 -9999 -9999 -9999 -9999 -9999 -9999 -9999 -9999 -9999 -9999 -9999 -9999 -9999 -9999 -9999 -9999 -9999 -9999 -9999 -9999 -9999 -9999 -9999 -9999 -9999 -9999 -9999 -9999 -9999 -9999 -9999 -9999
-9999 -9999 -9999 -9999 -9999 -9999 -9999 -9999 -9999 -9999 -9999 -9999 -9999 -9999 -9999 -9999 -9999 -9999 1.0545E-5 8.85651E-6 8.23371E-6 9.13543E-6 7.66946E-6 6.21793E-6 5.51684E-6 -9999 -9999 -9999 -9999 -9999 -9999 -9999 -9999 -9999 -9999 -9999 -9999 -9999 -9999 -9999 -9999 -9999 -9999 -9999 -9999 -9999 -9999 -9999 -9999 -9999 -9999 -9999 -9999 -9999 -9999 -9999 -9999 -9999 -9999 -9999 -9999
-9999 -9999 -9999 -9999 -9999 -9999 -9999 -9999 -9999 -9999 -9999 -9999 -9999 -9999 -9999 -9999 -9999 -9999 7.65437E-6 6.74749E-6 7.1336E-6 7.81199E-6 6.4588E-6 5.24551E-6 5.27647E-6 -9999 -9999 -9999 -9999 -9999 -9999 -9999 -9999 -9999 -9999 -9999 -9999 -9999 -9999 -9999 -9999 -9999 -9999 -9999 -9999 -9999 -9999 -9999 -9999 -9999 -9999 -9999 -9999 -9999 -9999 -9999 -9999 -9999 -9999 -9999 -9999
-9999 -9999 -9999 -9999 -9999 -9999 -9999 -9999 -9999 -9999 -9999 -9999 -9999 -9999 -9999 -9999 -9999 6.78177E-6 6.22879E-6 3.16709E-6 3.47938E-6 4.62511E-6 5.41092E-6 4.98707E-6 5.39241E-6 5.44578E-6 -9999 6.08339E-6 5.30939E-6 5.55815E-6 -9999 -9999 -9999 -9999 -9999 -9999 -9999 -9999 4.00578E-6 -9999 -9999 -9999 -9999 -9999 -9999 -9999 -9999 -9999 -9999 -9999 -9999 -9999 -9999 -9999 -9999 -9999 -9999 -9999 -9999 -9999 -9999
-9999 -9999 -9999 -9999 -9999 -9999 -9999 -9999 -9999 -9999 -9999 -9999 -9999 -9999 -9999 -9999 1.88818E-5 1.04419E-5 3.14367E-6 1.87674E-6 2.1349E-6 2.79058E-6 4.32289E-6 4.51647E-6 5.13073E-6 5.28563E-6 5.25811E-6 5.3604E-6 4.81467E-6 4.76168E-6 4.8678E-6 4.62388E-6 4.40841E-6 4.21025E-6 4.40265E-6 4.65142E-6 4.88383E-6 -9999 3.69241E-6 3.43502E-6 -9999 -9999 -9999 -9999 -9999 -9999 -9999 -9999 -9999 -9999 -9999 -9999 -9999 -9999 -9999 -9999 -9999 -9999 -9999 -9999 -9999
-9999 -9999 -9999 -9999 -9999 -9999 -9999 -9999 -9999 -9999 -9999 -9999 -9999 -9999 -9999 5.4238E-6 7.27843E-6 5.22474E-6 2.56073E-6 1.62837E-6 1.57921E-6 2.21029E-6 4.02716E-6 4.70249E-6 4.8367E-6 4.6641E-6 6.55348E-6 6.54499E-6 4.34026E-6 4.00859E-6 4.13345E-6 4.12602E-6 4.0046E-6 3.81135E-6 4.32258E-6 5.51646E-6 5.17155E-6 5.04867E-6 3.85086E-6 3.74408E-6 -9999 -9999 -9999 -9999 -9999 -9999 -9999 -9999 -9999 -9999 -9999 -9999 -9999 -9999 -9999 -9999 -9999 -9999 -9999 -9999 -9999
-9999 -9999 -9999 -9999 -9999 -9999 -9999 -9999 -9999 -9999 -9999 -9999 -9999 -9999 -9999 8.93779E-6 7.87135E-6 4.34927E-6 1.82237E-6 1.84894E-6 2.20067E-6 3.15123E-6 4.79636E-6 5.33836E-6 5.32785E-6 4.05911E-6 5.70643E-6 5.67389E-6 3.79311E-6 3.82322E-6 4.65082E-6 4.50028E-6 4.34843E-6 4.75503E-6 5.09473E-6 6.40261E-6 6.90694E-6 6.20611E-6 4.66808E-6 -9999 -9999 -9999 3.54142E-6 -9999 -9999 -9999 -9999 -9999 -9999 -9999 -9999 -9999 -9999 -9999 -9999 -9999 -9999 -9999 -9999 -9999 -9999
-9999 -9999 -9999 -9999 -9999 -9999 -9999 -9999 -9999 -9999 -9999 -9999 -9999 -9999 7.93851E-6 8.46257E-6 8.34223E-6 5.78148E-6 5.25723E-6 3.29176E-6 2.99459E-6 3.75844E-6 5.44734E-6 5.51866E-6 5.44725E-6 4.45354E-6 5.8317E-6 5.02641E-6 4.6253E-6 4.02569E-6 5.24035E-6 4.54521E-6 4.11281E-6 5.47597E-6 7.13458E-6 7.31828E-6 7.46533E-6 5.8764E-6 4.07525E-6 -9999 -9999 3.85806E-6 -9999 -9999 -9999 -9999 -9999 -9999 -9999 -9999 -9999 -9999 -9999 -9999 -9999 -9999 -9999 -9999 -9999 -9999 -9999
-9999 -9999 -9999 -9999 -9999 -9999 -9999 -9999 -9999 -9999 -9999 -9999 -9999 5.55454E-6 9.04928E-6 8.03795E-6 8.70288E-6 6.63595E-6 7.03268E-6 1.07343E-5 4.86097E-6 6.56852E-6 5.61405E-6 6.77656E-6 4.3629E-6 4.53915E-6 5.13047E-6 4.96539E-6 3.64725E-6 3.61157E-6 3.82523E-6 4.2941E-6 4.47834E-6 6.08744E-6 7.07345E-6 7.18907E-6 7.58642E-6 6.01194E-6 4.15891E-6 3.61393E-6 3.71468E-6 3.86194E-6 -9999 4.87652E-6 5.09014E-6 -9999 -9999 -9999 -9999 -9999 -9999 -9999 -9999 -9999 -9999 -9999 -9999 -9999 -9999 -9999 -9999
-9999 -9999 -9999 -9999 -9999 -9999 -9999 -9999 -9999 -9999 -9999 -9999 -9999 8.94448E-6 8.70694E-6 8.16132E-6 7.82638E-6 5.54376E-6 1.764E-5 6.61039E-6 6.52217E-6 4.52239E-6 6.79039E-6 5.67482E-6 3.86496E-6 4.29795E-6 4.58405E-6 3.84091E-6 3.85611E-6 3.63068E-6 3.98687E-6 4.22781E-6 5.20697E-6 5.39725E-6 6.05838E-6 5.96765E-6 5.46518E-6 5.16085E-6 3.82125E-6 3.19749E-6 3.37518E-6 4.3028E-6 4.61845E-6 5.22298E-6 5.39761E-6 5.98538E-6 -9999 -9999 -9999 -9999 -9999 -9999 -9999 -9999 -9999 -9999 -9999 -9999 -9999 -9999 -9999
-9999 -9999 -9999 -9999 -9999 -9999 -9999 -9999 -9999 -9999 -9999 -9999 1.9514E-5 2.59126E-5 1.16553E-5 9.96415E-6 6.80103E-6 7.43365E-6 5.07027E-6 7.81117E-6 7.5623E-6 6.23471E-6 6.98176E-6 4.69613E-6 3.38956E-6 3.12544E-6 4.03281E-6 3.02502E-6 5.06513E-6 5.21065E-6 4.51589E-6 3.59383E-6 3.46999E-6 4.1897E-6 4.16168E-6 4.9405E-6 3.97144E-6 4.49253E-6 4.40559E-6 3.40536E-6 3.36144E-6 3.57886E-6 4.32032E-6 5.00392E-6 5.31389E-6 5.69946E-6 6.18909E-6 -9999 -9999 -9999 2.54517E-6 2.13235E-6 -9999 -9999 -9999 -9999 -9999 -9999 -9999 -9999 -9999
-9999 -9999 -9999 -9999 -9999 -9999 -9999 -9999 -9999 -9999 -9999 7.77371E-6 8.41095E-6 2.12323E-5 9.26714E-6 6.38553E-6 3.57016E-6 1.03411E-5 8.56922E-6 7.95494E-6 6.6356E-6 1.12693E-5 7.59358E-6 4.22193E-6 2.54027E-6 2.58732E-6 4.28591E-6 4.89558E-6 4.10886E-6 3.8486E-6 3.51998E-6 3.38203E-6 3.0192E-6 3.14789E-6 4.72276E-6 5.65245E-6 5.68004E-6 5.38042E-6 4.89726E-6 3.83808E-6 3.64166E-6 3.8517E-6 4.34345E-6 4.90671E-6 5.16591E-6 5.42182E-6 5.15709E-6 4.47375E-6 -9999 -9999 -9999 2.39903E-6 2.13094E-6 -9999 -9999 -9999 -9999 -9999 -9999 -9999 -9999
-9999 -9999 -9999 -9999 -9999 -9999 -9999 -9999 -9999 -9999 -9999 7.15784E-6 5.45023E-6 6.10939E-6 5.05586E-6 3.06984E-6 2.24066E-6 5.64388E-6 4.79578E-6 9.53894E-6 8.09835E-6 9.38896E-6 6.4768E-6 4.55491E-6 2.44166E-6 2.86253E-6 4.3577E-6 5.70637E-6 6.09012E-6 5.24695E-6 3.46143E-6 3.22055E-6 2.97133E-6 3.04019E-6 4.63597E-6 5.34857E-6 5.12922E-6 5.11462E-6 4.64388E-6 4.03242E-6 3.79774E-6 4.12093E-6 4.56201E-6 4.84122E-6 4.5302E-6 4.8524E-6 4.35506E-6 4.17446E-6 4.20877E-6 -9999 -9999 2.7435E-6 2.5793E-6 2.33748E-6 2.41387E-6 -9999 -9999 -9999 -9999 -9999 -9999
-9999 -9999 -9999 -9999 -9999 -9999 -9999 -9999 -9999 -9999 1.2641E-5 8.18224E-6 1.13779E-5 4.7968E-6 3.37741E-6 2.5307E-6 2.47809E-6 2.47862E-6 3.60319E-6 1.10381E-5 1.47928E-5 9.24216E-6 6.19039E-6 6.75975E-6 2.82641E-6 3.31198E-6 3.46511E-6 3.83316E-6 5.63177E-6 3.46729E-6 3.52387E-6 2.87785E-6 4.09561E-6 3.79329E-6 5.57489E-6 6.58534E-6 6.74027E-6 6.61734E-6 6.65711E-6 4.84676E-6 4.20518E-6 4.37965E-6 4.6559E-6 4.5646E-6 4.21298E-6 4.04094E-6 3.99381E-6 4.17922E-6 4.266E-6 3.7983E-6 3.41546E-6 3.87743E-6 -9999 -9999 2.47574E-6 2.24917E-6 -9999 -9999 -9999 -9999 -9999
-9999 -9999 -9999 -9999 -9999 -9999 -9999 -9999 -9999 1.4533E-5 1.85205E-5 9.51151E-6 7.2829E-6 4.55647E-6 3.67516E-6 3.0034E-6 2.48851E-6 2.60887E-6 2.74609E-6 4.95789E-6 6.71097E-6 7.86531E-6 9.54622E-6 4.82679E-6 2.7566E-6 3.15451E-6 3.88008E-6 3.62968E-6 4.02127E-6 3.84482E-6 5.17334E-6 3.64343E-6 3.7674E-6 5.02067E-6 5.67361E-6 6.40831E-6 6.67632E-6 9.11325E-6 9.56268E-6 8.3868E-6 4.5736E-6 4.67862E-6 4.97998E-6 4.71988E-6 4.4544E-6 4.01562E-6 4.00741E-6 4.22132E-6 4.17452E-6 3.68098E-6 3.65476E-6 3.84372E-6 3.78055E-6 -9999 2.41763E-6 2.27254E-6 2.04905E-6 1.79511E-6 -9999 -9999 -9999
-9999 -9999 -9999 -9999 -9999 -9999 -9999 -9999 1.59424E-5 1.28546E-5 1.42192E-5 6.45849E-6 4.15498E-6 6.72879E-6 9.0045E-6 6.75145E-6 4.87958E-6 3.96658E-6 4.36145E-6 4.23258E-6 4.83719E-6 7.00625E-6 9.36619E-6 4.38974E-6 3.62833E-6 3.43413E-6 3.65257E-6 3.46751E-6 3.25913E-6 2.80962E-6 4.13228E-6 4.41324E-6 5.00909E-6 6.56273E-6 6.79265E-6 6.48282E-6 7.35781E-6 9.42879E-6 1.03926E-5 1.32318E-5 7.30937E-6 5.35386E-6 5.11222E-6 4.9266E-6 4.42323E-6 4.15635E-6 4.41546E-6 4.59666E-6 4.16827E-6 3.80379E-6 3.77351E-6 3.98593E-6 3.97745E-6 3.91211E-6 2.62424E-6 2.36445E-6 1.97706E-6 1.77101E-6 1.56872E-6 1.459E-6 1.37742E-6
-9999 -9999 -9999 -9999 -9999 -9999 -9999 -9999 6.13347E-6 5.07439E-6 5.75049E-6 5.12432E-6 4.62498E-6 8.17581E-6 1.10803E-5 1.56217E-5 7.97251E-6 7.23007E-6 7.30643E-6 4.81764E-6 5.3281E-6 5.51845E-6 5.59696E-6 6.37568E-6 4.76171E-6 4.80695E-6 4.0677E-6 3.51279E-6 4.50853E-6 4.38193E-6 4.66145E-6 4.99855E-6 5.91252E-6 7.98201E-6 7.87073E-6 7.40195E-6 9.1723E-6 9.22102E-6 1.05817E-5 1.14728E-5 9.11323E-6 5.8186E-6 5.43793E-6 5.14741E-6 4.9251E-6 4.89414E-6 5.10623E-6 5.03603E-6 4.72076E-6 4.16128E-6 4.03775E-6 4.24726E-6 4.37928E-6 4.10554E-6 -9999 2.64868E-6 2.24202E-6 2.0075E-6 1.47055E-6 1.5593E-6 1.35244E-6
-9999 -9999 -9999 -9999 -9999 -9999 -9999 8.21996E-6 7.90072E-6 1.10818E-5 1.19041E-5 5.59684E-6 7.28747E-6 7.95306E-6 1.03057E-5 1.43891E-5 1.02553E-5 1.06504E-5 9.60173E-6 7.13953E-6 6.29921E-6 6.77665E-6 6.75844E-6 6.37332E-6 4.83139E-6 6.25354E-6 6.17258E-6 5.8067E-6 7.17036E-6 6.08113E-6 5.9541E-6 6.0692E-6 7.40177E-6 9.04355E-6 1.04338E-5 1.44867E-5 7.83793E-6 1.00702E-5 8.99255E-6 1.25291E-5 7.80578E-6 6.09569E-6 5.70861E-6 5.63249E-6 5.81119E-6 5.64852E-6 5.35879E-6 4.95049E-6 4.80214E-6 4.7309E-6 4.47303E-6 4.65347E-6 -9999 -9999 -9999 -9999 -9999 -9999 -9999 -9999 -9999
-9999 -9999 -9999 -9999 -9999 -9999 1.70725E-5 1.82823E-5 1.19579E-5 8.4307E-6 1.50475E-5 2.40052E-5 9.41348E-6 1.54184E-5 8.72464E-6 9.72485E-6 1.34409E-5 1.61213E-5 1.49175E-5 1.22834E-5 9.82024E-6 7.05731E-6 6.5722E-6 1.05279E-5 6.4755E-6 7.68159E-6 8.73212E-6 8.16209E-6 6.39616E-6 4.13572E-6 6.92638E-6 9.2051E-6 7.84258E-6 1.21993E-5 1.15722E-5 9.92431E-6 1.26723E-5 9.94782E-6 1.35598E-5 1.32602E-5 7.02715E-6 9.24732E-6 7.36708E-6 6.84069E-6 6.55047E-6 5.9724E-6 5.62644E-6 5.12567E-6 4.73481E-6 4.63569E-6 5.03972E-6 5.04553E-6 4.19929E-6 3.81089E-6 -9999 -9999 -9999 -9999 -9999 -9999 -9999
-9999 -9999 -9999 -9999 -9999 -9999 1.51161E-5 1.52806E-5 8.79924E-6 8.06559E-6 7.1034E-6 2.32229E-5 1.33316E-5 1.03192E-5 9.52094E-6 1.41523E-5 1.45734E-5 1.79986E-5 1.40601E-5 1.46232E-5 1.15385E-5 1.05965E-5 8.59062E-6 9.19439E-6 8.58747E-6 8.6138E-6 8.34882E-6 7.55541E-6 6.53368E-6 4.20118E-6 6.34373E-6 9.7095E-6 9.38426E-6 8.81756E-6 9.34371E-6 1.20107E-5 1.22223E-5 1.37977E-5 1.05721E-5 1.06166E-5 8.43266E-6 1.01804E-5 8.13279E-6 8.43087E-6 8.32271E-6 7.3639E-6 7.04738E-6 6.02796E-6 4.96702E-6 4.68654E-6 4.47059E-6 3.98553E-6 3.45569E-6 3.09272E-6 2.84836E-6 2.54289E-6 2.10647E-6 1.81826E-6 1.87684E-6 1.7854E-6 1.43048E-6
-9999 -9999 -9999 -9999 -9999 1.30534E-5 9.89834E-6 1.00987E-5 7.87583E-6 2.24069E-5 2.07846E-5 1.35415E-5 8.28949E-6 1.01755E-5 8.6157E-6 8.34093E-6 9.76161E-6 1.82983E-5 1.17551E-5 1.25548E-5 1.59709E-5 1.44902E-5 1.19191E-5 1.22798E-5 1.18459E-5 8.91181E-6 7.71424E-6 4.92121E-6 5.76475E-6 5.2852E-6 4.39769E-6 9.32652E-6 1.36323E-5 1.46553E-5 1.48504E-5 1.22399E-5 1.3651E-5 -9999 -9999 1.43956E-5 -9999 -9999 -9999 1.20482E-5 9.23688E-6 7.07283E-6 6.33598E-6 5.38683E-6 4.60615E-6 4.68151E-6 4.21623E-6 3.40372E-6 3.03048E-6 2.76182E-6 2.52588E-6 2.21346E-6 1.90048E-6 1.73825E-6 1.70372E-6 1.61871E-6 1.58478E-6
-9999 -9999 -9999 -9999 1.39327E-5 9.62216E-6 9.67253E-6 9.5724E-6 1.05531E-5 1.31672E-5 1.07071E-5 1.08075E-5 1.38877E-5 9.26057E-6 8.41288E-6 1.04292E-5 1.15656E-5 1.31868E-5 1.16668E-5 1.35138E-5 1.94586E-5 1.34191E-5 1.18749E-5 1.51462E-5 1.17654E-5 1.27284E-5 8.57048E-6 7.29038E-6 5.86895E-6 4.35114E-6 7.11435E-6 1.19982E-5 1.54238E-5 1.31285E-5 1.02887E-5 1.24229E-5 1.24203E-5 1.55107E-5 2.09346E-5 1.44391E-5 2.47021E-5 -9999 1.17359E-5 1.34569E-5 8.51366E-6 6.53911E-6 6.84175E-6 6.39452E-6 5.36194E-6 5.74236E-6 4.77985E-6 3.49944E-6 3.21647E-6 2.83713E-6 2.30908E-6 1.86002E-6 1.60191E-6 1.59076E-6 1.42085E-6 1.40406E-6 1.46159E-6
-9999 -9999 -9999 1.85473E-5 2.7226E-5 1.99191E-5 1.13786E-5 1.2373E-5 1.18529E-5 1.56966E-5 1.24541E-5 1.33339E-5 2.14533E-5 1.10874E-5 1.48514E-5 8.61277E-6 1.16208E-5 1.4233E-5 1.60174E-5 1.69546E-5 1.21985E-5 7.28753E-6 1.22983E-5 1.39487E-5 1.1106E-5 9.94082E-6 9.01397E-6 7.64402E-6 7.49812E-6 5.45144E-6 6.86265E-6 1.27658E-5 1.34141E-5 9.20254E-6 9.88982E-6 1.58212E-5 1.50162E-5 1.38451E-5 1.37482E-5 1.1108E-5 1.92944E-5 1.56327E-5 -9999 -9999 7.55908E-6 7.94857E-6 1.22744E-5 1.075E-5 6.85138E-6 5.397E-6 6.606E-6 4.14442E-6 3.25215E-6 2.97227E-6 2.4189E-6 1.84546E-6 1.678E-6 1.53517E-6 1.4715E-6 1.41782E-6 1.55278E-6
-9999 -9999 -9999 9.59688E-6 2.41153E-5 2.36597E-5 1.49684E-5 2.47857E-5 6.19535E-5 1.73252E-5 1.61581E-5 1.73569E-5 1.01202E-5 9.84397E-6 2.55191E-5 1.14086E-5 1.48267E-5 2.14295E-5 1.71166E-5 1.07767E-5 9.56632E-6 7.34628E-6 6.52347E-6 8.8396E-6 1.05498E-5 1.09832E-5 1.05028E-5 1.14062E-5 8.52598E-6 7.74038E-6 8.09947E-6 9.59868E-6 1.30706E-5 1.02785E-5 1.03567E-5 1.39337E-5 1.57436E-5 1.82463E-5 1.10843E-5 8.2816E-6 -9999 -9999 -9999 -9999 -9999 1.34665E-5 1.53043E-5 9.80332E-6 6.27376E-6 5.40511E-6 5.47531E-6 7.32191E-6 3.22536E-6 3.01977E-6 2.09292E-6 1.6471E-6 1.73516E-6 1.81723E-6 2.03098E-6 2.05197E-6 2.29378E-6
