Candidate_Models_Sept202022/M_1_F_lqp_Set_1_all/Bison.asc
ncols         97
nrows         127
xllcorner     -2197417.7431653
yllcorner     -584827.01486885
cellsize      30000.0
NODATA_value  -9999
[rows 81 to 107 of 127, columns 0 to 60 of 97]
-9999 -9999 -9999 -9999 -9999 -9999 -9999 -9999 -9999 -9999 -9999 1.12074E-6 3.21141E-7 7.26667E-7 6.69233E-6 2.92633E-6 1.76859E-6 5.94884E-7 1.12623E-6 7.53416E-6 4.81845E-6 2.27641E-5 1.39166E-5 2.55537E-5 7.00011E-5 1.25052E-4 4.46571E-5 3.82313E-5 6.12543E-5 8.79261E-6 8.17796E-6 4.02997E-6 9.41198E-6 2.60777E-5 2.51258E-5 3.36202E-5 3.1014E-5 1.64883E-4 4.2487E-4 1.14372E-3 2.51896E-3 8.53959E-4 7.52179E-4 1.26544E-3 8.48929E-4 3.85176E-4 3.3205E-4 3.33475E-4 3.4728E-4 4.21091E-4 4.74433E-4 6.50131E-4 7.08186E-4 6.52508E-4 6.43205E-4 3.65822E-4 4.64887E-4 4.88713E-4 4.24971E-4 3.57086E-4 3.62965E-4
-9999 -9999 -9999 -9999 -9999 -9999 -9999 -9999 -9999 -9999 -9999 -9999 6.79304E-7 3.81689E-7 1.99714E-6 5.30943E-6 2.70406E-6 4.93582E-6 1.65605E-6 1.14714E-6 1.68692E-6 4.00632E-6 4.15149E-6 1.3753E-5 1.10415E-4 1.25017E-4 3.38735E-5 4.17703E-5 9.2875E-5 1.13971E-5 5.79555E-6 5.3562E-6 6.20815E-6 1.50491E-5 4.03123E-5 4.53351E-5 3.80295E-5 5.34308E-5 1.44829E-4 7.40543E-4 2.30085E-3 8.97809E-4 7.61824E-4 9.23774E-4 6.86665E-4 3.83387E-4 3.01109E-4 3.76365E-4 4.1136E-4 5.83123E-4 6.02762E-4 6.45644E-4 7.54152E-4 6.40403E-4 5.44632E-4 5.40313E-4 4.71738E-4 3.85752E-4 3.72072E-4 3.3069E-4 4.26873E-4
-9999 -9999 -9999 -9999 -9999 -9999 -9999 -9999 -9999 -9999 -9999 -9999 -9999 9.46486E-7 3.11846E-7 1.44624E-6 2.82669E-6 8.13896E-6 1.19203E-4 3.14568E-6 1.61153E-6 2.7505E-6 1.92684E-6 9.85298E-6 3.26808E-5 2.76071E-5 2.03068E-5 6.02024E-5 1.84906E-5 1.2394E-5 5.32238E-6 4.8333E-6 4.19856E-6 7.70896E-6 2.67919E-5 9.72543E-5 3.62946E-5 4.15167E-5 7.1895E-5 6.38801E-4 1.22274E-3 1.15579E-3 8.20578E-4 6.52541E-4 5.081E-4 3.54626E-4 3.69189E-4 4.24316E-4 4.58963E-4 5.17199E-4 5.53791E-4 5.65647E-4 7.92396E-4 6.88844E-4 5.84891E-4 5.20069E-4 6.29563E-4 4.98731E-4 3.33551E-4 3.58163E-4 3.7699E-4
-9999 -9999 -9999 -9999 -9999 -9999 -9999 -9999 -9999 -9999 -9999 -9999 -9999 1.03609E-6 5.58038E-7 1.4267E-6 5.0243E-6 -9999 2.5041E-5 5.29298E-5 5.46852E-5 1.6102E-5 4.04644E-6 6.23047E-6 5.00274E-5 2.97074E-5 4.82549E-5 3.70247E-5 1.79801E-5 1.23492E-5 9.08986E-6 5.72963E-6 4.73011E-6 8.46647E-6 1.98683E-5 3.7858E-5 2.90631E-5 4.24904E-5 5.4738E-5 3.83143E-4 5.99035E-4 7.45818E-4 7.78419E-4 3.97775E-4 4.8381E-4 6.41762E-4 5.56814E-4 5.72319E-4 4.29531E-4 5.21017E-4 5.13022E-4 4.76372E-4 5.50962E-4 4.98852E-4 5.02252E-4 3.23205E-4 5.04968E-4 6.0354E-4 4.32898E-4 4.13123E-4 5.17193E-4
-9999 -9999 -9999 -9999 -9999 -9999 -9999 -9999 -9999 -9999 -9999 -9999 -9999 2.14298E-6 1.06994E-6 9.60343E-7 4.74196E-6 -9999 2.92681E-5 1.5209E-4 3.46915E-5 4.55461E-6 1.77378E-6 7.08436E-6 2.01458E-5 2.83836E-5 6.10524E-5 1.95677E-5 1.63689E-5 9.11447E-6 6.92917E-6 4.04041E-6 8.26277E-6 1.14913E-5 1.7902E-5 3.47205E-5 4.1346E-5 5.03115E-5 1.04391E-4 1.33149E-4 4.16833E-4 5.26687E-4 7.18268E-4 4.78554E-4 4.01903E-4 6.09176E-4 3.80536E-4 3.64893E-4 4.44753E-4 5.85451E-4 5.05402E-4 3.36146E-4 4.76134E-4 7.19853E-4 5.89789E-4 5.34019E-4 7.2751E-4 3.88322E-4 3.78743E-4 3.76902E-4 3.58018E-4
-9999 -9999 -9999 -9999 -9999 -9999 -9999 -9999 -9999 -9999 -9999 -9999 -9999 1.10003E-6 1.83936E-6 1.86439E-6 3.57874E-6 -9999 2.59352E-6 2.28617E-5 4.36854E-6 2.63986E-6 3.60683E-6 6.11164E-6 2.46201E-5 5.61366E-5 1.0138E-4 2.11376E-5 1.33746E-5 7.47718E-6 1.16805E-5 1.11627E-5 1.14497E-5 9.19044E-6 1.23846E-5 7.68769E-5 2.0153E-5 4.73491E-5 5.54848E-5 2.26771E-4 3.18451E-4 4.82187E-4 5.78704E-4 5.55466E-4 5.27987E-4 4.2552E-4 3.21991E-4 3.67226E-4 4.65359E-4 5.9459E-4 4.3698E-4 2.77099E-4 3.7571E-4 6.8954E-4 6.13287E-4 5.98305E-4 5.81114E-4 3.07183E-4 3.32531E-4 3.51199E-4 5.27397E-4
-9999 -9999 -9999 -9999 -9999 -9999 -9999 -9999 -9999 -9999 -9999 -9999 -9999 1.55169E-6 8.09151E-7 1.0872E-6 2.23514E-5 -9999 1.59824E-5 2.28102E-5 3.30753E-6 1.7152E-6 1.24679E-5 2.7895E-5 3.13747E-5 7.47074E-5 2.89936E-4 8.57696E-5 5.18121E-5 9.85237E-6 2.1212E-5 5.01672E-6 2.8297E-6 1.19632E-5 2.87834E-5 4.39806E-5 3.76385E-5 3.34252E-5 3.15336E-4 3.41319E-4 2.23335E-4 4.11006E-4 9.6916E-4 5.63514E-4 4.61747E-4 4.49125E-4 5.70547E-4 6.88284E-4 4.93488E-4 3.81231E-4 2.73102E-4 2.41317E-4 3.82475E-4 5.44256E-4 7.79388E-4 7.15924E-4 4.8501E-4 3.51966E-4 3.51362E-4 3.41888E-4 4.15646E-4
-9999 -9999 -9999 -9999 -9999 -9999 -9999 -9999 -9999 -9999 -9999 -9999 -9999 8.07978E-7 4.79288E-7 7.42852E-7 1.4513E-6 3.51671E-6 4.29551E-6 3.75345E-5 1.65222E-6 1.16253E-6 1.24628E-5 3.45199E-5 9.67888E-5 2.41467E-4 1.52305E-4 4.75784E-5 2.20248E-5 2.43706E-5 1.65784E-5 7.35617E-6 4.99554E-6 6.45099E-5 1.44824E-5 1.44115E-5 3.53319E-5 1.60118E-5 3.45109E-5 2.8681E-4 2.28149E-4 5.28504E-4 5.09279E-4 6.04551E-4 5.33532E-4 5.03355E-4 4.11645E-4 3.53988E-4 6.10576E-4 5.93614E-4 4.08718E-4 3.79957E-4 7.57174E-4 7.20648E-4 7.34302E-4 6.9288E-4 5.71173E-4 4.94525E-4 5.40255E-4 3.41247E-4 3.65446E-4
-9999 -9999 -9999 -9999 -9999 -9999 -9999 -9999 -9999 -9999 -9999 -9999 -9999 1.2525E-6 5.75559E-7 4.6402E-7 1.88998E-6 2.05707E-6 5.21792E-6 1.33578E-5 4.67519E-6 2.72322E-6 7.46613E-6 4.71164E-5 2.63495E-4 1.67456E-4 5.07599E-5 2.40401E-5 1.7394E-5 9.98167E-5 1.14742E-5 1.12004E-5 1.03604E-5 7.66812E-5 9.58691E-6 1.37009E-5 4.78106E-5 1.126E-5 1.34176E-5 2.62922E-5 2.26481E-4 4.22083E-4 4.15036E-4 6.13169E-4 6.1371E-4 5.1928E-4 5.38688E-4 3.08673E-4 2.55457E-4 3.71206E-4 4.10208E-4 3.38339E-4 6.01248E-4 7.18595E-4 7.7266E-4 6.41707E-4 5.2306E-4 6.02015E-4 5.50037E-4 5.80853E-4 3.9809E-4
-9999 -9999 -9999 -9999 -9999 -9999 -9999 -9999 -9999 -9999 -9999 -9999 -9999 1.65977E-6 1.365E-6 1.58997E-6 1.39212E-6 2.03201E-6 4.23547E-6 2.32659E-5 1.65014E-6 4.71473E-6 1.84925E-5 2.49287E-4 5.1371E-4 1.43319E-4 1.27485E-4 2.21631E-5 3.62764E-5 6.92778E-5 2.46333E-5 1.3804E-5 2.95327E-5 1.63466E-5 9.25867E-6 1.19053E-5 1.90256E-5 1.15442E-5 2.76297E-5 1.90782E-5 1.33238E-4 1.86691E-4 6.14407E-4 4.22397E-4 5.41877E-4 6.61821E-4 3.31376E-4 3.69161E-4 3.00935E-4 5.49619E-4 4.80667E-4 3.37544E-4 5.75838E-4 5.00507E-4 5.30699E-4 5.4346E-4 5.01725E-4 5.71284E-4 6.36998E-4 5.88441E-4 4.62951E-4
-9999 -9999 -9999 -9999 -9999 -9999 -9999 -9999 -9999 -9999 -9999 -9999 -9999 2.63361E-6 3.45515E-6 3.56889E-6 2.52276E-6 3.13518E-6 2.41732E-5 1.33046E-5 4.74232E-6 8.9433E-6 8.73704E-5 5.44348E-4 2.34275E-4 1.23339E-4 2.57546E-4 1.61368E-4 5.05859E-5 4.18556E-5 4.99303E-5 2.75589E-5 3.52847E-5 1.8007E-5 5.31837E-6 2.49063E-5 2.88934E-5 3.96114E-5 7.05569E-5 1.98921E-5 5.37658E-5 1.53638E-4 4.84674E-4 6.3326E-4 2.76739E-4 3.23804E-4 4.20769E-4 3.69221E-4 4.78895E-4 3.51823E-4 2.87656E-4 3.10232E-4 4.0503E-4 4.50025E-4 4.95287E-4 3.64757E-4 3.42336E-4 3.99785E-4 5.20809E-4 4.35955E-4 3.7709E-4
-9999 -9999 -9999 -9999 -9999 -9999 -9999 -9999 -9999 -9999 -9999 -9999 -9999 1.95258E-6 1.43006E-6 7.38938E-6 7.25229E-6 7.9958E-6 1.00005E-5 4.73908E-6 1.14908E-5 3.60743E-5 7.43015E-5 1.4926E-4 1.62364E-4 1.14943E-4 1.87851E-4 1.86508E-4 2.33742E-4 1.58321E-4 1.00908E-4 5.78132E-5 1.23539E-5 5.72085E-6 5.77622E-6 1.74796E-5 6.86717E-5 1.4399E-4 3.83169E-4 1.50669E-5 3.86179E-5 3.58166E-4 3.81041E-4 5.40772E-4 3.46321E-4 3.61149E-4 4.11529E-4 3.82059E-4 3.66127E-4 3.42982E-4 2.83141E-4 3.45772E-4 4.46464E-4 4.97541E-4 4.88145E-4 4.54149E-4 3.45044E-4 5.7428E-4 4.53584E-4 4.3223E-4 4.17143E-4
-9999 -9999 -9999 -9999 -9999 -9999 -9999 -9999 -9999 -9999 -9999 -9999 2.42248E-6 1.54349E-6 2.79233E-6 9.43782E-6 1.01251E-5 6.70255E-6 6.90383E-6 2.45981E-6 1.08214E-5 1.66975E-4 1.82988E-4 2.00758E-4 6.80893E-5 1.08958E-4 1.51617E-4 1.83536E-4 1.77436E-4 1.16817E-4 2.70303E-4 4.39448E-5 8.3321E-6 5.4915E-6 9.51818E-6 1.05845E-5 4.79781E-5 1.66932E-4 3.76318E-5 1.47495E-5 1.1692E-5 1.90807E-4 3.99964E-4 4.71502E-4 3.7935E-4 4.13138E-4 3.75155E-4 3.11565E-4 2.73484E-4 6.23513E-4 3.26608E-4 3.03092E-4 3.57527E-4 4.0584E-4 4.47273E-4 4.17959E-4 3.9484E-4 6.56314E-4 4.4198E-4 3.75952E-4 4.78578E-4
-9999 -9999 -9999 -9999 -9999 -9999 -9999 -9999 -9999 -9999 -9999 -9999 7.77381E-6 3.58215E-6 3.36138E-6 7.08311E-6 4.89014E-6 6.20782E-6 3.7379E-6 6.02876E-6 4.67181E-5 2.40289E-4 4.7617E-5 1.39524E-4 1.13991E-4 1.02023E-4 1.08697E-4 1.27024E-4 1.44915E-4 1.68697E-4 1.53159E-4 7.16002E-5 1.34961E-5 1.71223E-5 5.33017E-6 1.35343E-5 1.31898E-4 4.22054E-4 6.47822E-5 1.05481E-5 1.6574E-5 1.57331E-4 2.47979E-4 2.93435E-4 2.79826E-4 3.34037E-4 2.59234E-4 2.78663E-4 3.93977E-4 5.19806E-4 3.93166E-4 2.66371E-4 2.47476E-4 3.03432E-4 3.55871E-4 3.64316E-4 3.42222E-4 4.03539E-4 4.41391E-4 3.53593E-4 3.63687E-4
-9999 -9999 -9999 -9999 -9999 -9999 -9999 -9999 -9999 -9999 -9999 -9999 2.36245E-6 2.37427E-6 3.66879E-6 7.48792E-6 3.16141E-6 3.75467E-6 3.63754E-6 2.0941E-5 8.64891E-5 1.04587E-4 8.55559E-5 3.05153E-5 5.04644E-5 8.74913E-5 1.41188E-4 9.44074E-5 1.23001E-4 1.47867E-4 1.93955E-4 2.17826E-5 1.06313E-5 5.9249E-6 5.52083E-6 1.05352E-5 9.4103E-5 3.92032E-4 8.3965E-5 1.97525E-5 2.0316E-5 2.91956E-4 2.46795E-4 3.23734E-4 2.33245E-4 2.46387E-4 2.28867E-4 2.14336E-4 3.57809E-4 7.05933E-4 4.92799E-4 6.02326E-4 3.36238E-4 2.4769E-4 3.4286E-4 4.73072E-4 5.19842E-4 5.76491E-4 3.69848E-4 3.33992E-4 4.41242E-4
-9999 -9999 -9999 -9999 -9999 -9999 -9999 -9999 -9999 -9999 -9999 -9999 7.36756E-6 2.52983E-6 1.46379E-5 1.53691E-5 1.30906E-5 1.57133E-6 9.07168E-6 1.5199E-5 3.43982E-5 6.43517E-5 7.74297E-5 8.17544E-5 4.83569E-5 5.88263E-5 9.33181E-5 1.00025E-4 2.04392E-4 3.75859E-4 1.93657E-4 5.05993E-5 1.30946E-5 7.14653E-6 5.38296E-6 5.96942E-6 2.88305E-5 1.53898E-4 2.48628E-5 4.04607E-5 2.93899E-5 2.24212E-4 2.80869E-4 3.76547E-4 2.89083E-4 3.06937E-4 3.98663E-4 2.49457E-4 2.9998E-4 5.31533E-4 4.88202E-4 4.35392E-4 5.0108E-4 3.30785E-4 7.35256E-4 5.6097E-4 7.32716E-4 4.62137E-4 3.09096E-4 3.19282E-4 3.21975E-4
-9999 -9999 -9999 -9999 -9999 -9999 -9999 -9999 -9999 -9999 -9999 3.05893E-6 2.85447E-6 1.6707E-5 1.72522E-5 7.74772E-6 1.13209E-5 5.13291E-6 2.82878E-5 1.71713E-4 8.73431E-5 5.37294E-5 8.71435E-5 8.03962E-5 3.69522E-5 5.57143E-5 8.3698E-5 2.81543E-4 2.38839E-4 3.87368E-4 5.31493E-4 2.83408E-4 1.28636E-5 1.65687E-5 6.66494E-6 9.18493E-6 2.13888E-5 4.37689E-4 1.53457E-4 8.43249E-5 2.32125E-4 8.08555E-5 6.15319E-4 3.95402E-4 4.91669E-4 7.00615E-4 3.92937E-4 1.56908E-4 2.46764E-4 3.48945E-4 3.13212E-4 2.26009E-4 4.17138E-4 6.27617E-4 3.56971E-4 3.05477E-4 2.94786E-4 3.35926E-4 3.28482E-4 3.64398E-4 3.12312E-4
-9999 -9999 -9999 -9999 -9999 -9999 -9999 -9999 -9999 -9999 -9999 1.92548E-6 8.49362E-6 2.75318E-5 1.65115E-5 2.09886E-5 8.75968E-6 6.33331E-6 7.04246E-5 1.53183E-4 1.25471E-4 3.43741E-5 3.50044E-5 4.03847E-5 7.71809E-5 9.8201E-5 1.32168E-4 2.05579E-5 1.41475E-5 7.2491E-4 4.02261E-4 5.3843E-4 1.27848E-4 1.17953E-5 1.03408E-5 8.25844E-6 1.90644E-5 6.38269E-4 3.50645E-5 3.71507E-4 2.436E-4 1.49967E-4 7.58748E-4 3.42741E-4 4.2818E-4 7.31503E-5 5.09506E-5 3.51126E-4 2.13164E-4 5.1428E-4 3.29613E-4 2.014E-4 3.59699E-4 4.50319E-4 2.19296E-4 2.41352E-4 2.32319E-4 2.5201E-4 2.93321E-4 3.16637E-4 3.23692E-4
-9999 -9999 -9999 -9999 -9999 -9999 -9999 -9999 -9999 -9999 1.49542E-6 1.17724E-6 1.04659E-5 2.67176E-5 6.66558E-5 3.93747E-6 2.90777E-6 1.037E-5 5.62679E-5 4.09711E-5 5.22812E-5 8.95542E-5 9.24061E-5 8.22612E-5 8.87383E-5 2.26857E-4 8.21985E-5 1.5922E-5 4.23346E-5 1.1942E-4 1.18238E-4 7.29179E-4 2.34234E-4 6.84401E-6 1.43597E-5 1.31665E-5 8.90546E-5 6.74402E-4 6.68023E-5 2.06608E-4 8.07278E-4 2.0819E-4 5.91289E-4 6.4993E-4 3.47313E-4 4.94141E-4 1.40676E-4 3.64572E-4 3.64931E-4 1.41006E-4 3.13461E-4 1.75213E-4 1.74475E-4 2.01262E-4 2.14664E-4 2.30624E-4 2.23637E-4 2.71361E-4 2.60085E-4 2.57517E-4 2.6341E-4
-9999 -9999 -9999 -9999 -9999 -9999 -9999 -9999 -9999 -9999 8.17279E-7 6.77643E-7 1.94588E-5 2.62799E-5 1.28768E-5 3.26343E-6 3.8929E-6 1.94419E-5 2.11771E-5 2.74359E-5 2.6867E-5 6.04861E-5 7.02605E-5 7.83079E-5 7.97717E-5 7.17323E-5 1.16513E-4 1.01003E-4 1.69528E-4 1.907E-4 7.3761E-5 7.23452E-5 1.9098E-5 1.66706E-5 1.3848E-5 1.29222E-5 1.19498E-4 1.93224E-4 8.85631E-5 3.03179E-4 9.72088E-4 6.45925E-5 1.66671E-4 5.30076E-4 3.75584E-4 2.86817E-4 3.34361E-4 1.94778E-4 1.56285E-4 2.09455E-4 1.54371E-4 1.93687E-4 1.74143E-4 1.85695E-4 2.47618E-4 3.07324E-4 2.5524E-4 2.51772E-4 2.88319E-4 3.00013E-4 3.0544E-4
-9999 -9999 -9999 -9999 -9999 -9999 -9999 -9999 -9999 -9999 6.10456E-7 7.4404E-7 1.82067E-5 1.72198E-5 3.12541E-6 3.39391E-6 6.51537E-6 2.17869E-5 5.23325E-5 2.98171E-5 2.15352E-5 2.46556E-5 2.81714E-5 3.28544E-5 6.3321E-5 4.14617E-5 2.12371E-4 4.04027E-5 1.84437E-4 1.82139E-4 4.20201E-5 2.10577E-5 1.96408E-5 2.49636E-5 2.42104E-5 3.00848E-5 8.74069E-5 1.08947E-4 2.30227E-4 1.51316E-4 5.25925E-4 3.03084E-4 5.42947E-4 4.49196E-4 5.12742E-4 4.34704E-4 1.18995E-4 2.03502E-4 1.90206E-4 1.87844E-4 2.76253E-4 3.24246E-4 3.26374E-4 2.02002E-4 2.38686E-4 1.85501E-4 1.92623E-4 2.11524E-4 3.28058E-4 2.93087E-4 2.23434E-4
-9999 -9999 -9999 -9999 -9999 -9999 -9999 -9999 -9999 7.00261E-7 4.7583E-7 9.7108E-7 2.62857E-5 5.73112E-6 1.30443E-6 1.85705E-6 1.38616E-5 5.30789E-5 6.5511E-5 1.79619E-5 2.35299E-5 2.92922E-5 3.34926E-5 4.09925E-5 2.66579E-5 2.51771E-5 3.2249E-4 5.32416E-5 4.10364E-5 2.63047E-5 2.96913E-5 5.09521E-5 5.90717E-5 6.76731E-5 6.02871E-5 6.82808E-5 7.69677E-5 1.02039E-4 5.31624E-4 1.14435E-4 6.98756E-4 5.56632E-4 8.57848E-4 2.87879E-4 5.02775E-4 2.76969E-4 3.76533E-4 2.88337E-4 2.44261E-4 1.71925E-4 1.60584E-4 2.01348E-4 2.09643E-4 3.12639E-4 4.03737E-4 3.86037E-4 2.89743E-4 2.86186E-4 2.24277E-4 2.87559E-4 2.8183E-4
-9999 -9999 -9999 -9999 -9999 -9999 -9999 -9999 -9999 1.02137E-6 6.12229E-7 1.10743E-6 4.08137E-6 1.40262E-6 1.13036E-6 3.07807E-6 1.72878E-5 4.11046E-5 5.22866E-5 3.17598E-5 6.26818E-5 3.15885E-5 2.99859E-5 3.89529E-5 3.25885E-5 5.0941E-5 2.12837E-4 1.627E-4 1.26994E-4 6.98548E-5 7.24112E-5 1.07374E-4 4.46794E-5 8.32056E-5 2.27762E-4 3.3767E-4 1.29708E-4 4.95735E-4 4.26751E-4 4.62732E-4 9.22582E-4 1.07514E-3 3.18856E-4 4.49048E-4 7.48396E-4 6.34469E-4 6.28323E-4 2.15738E-4 3.64844E-4 3.6727E-4 3.55086E-4 3.70654E-4 2.18789E-4 3.22885E-4 3.52369E-4 4.63466E-4 3.4133E-4 2.79333E-4 2.98531E-4 2.0905E-4 1.78792E-4
-9999 -9999 -9999 -9999 -9999 -9999 -9999 -9999 1.13062E-6 7.17781E-7 1.72524E-6 1.19984E-5 1.18407E-6 1.47792E-6 2.57799E-6 1.55673E-5 2.28158E-5 3.36043E-5 4.10613E-5 4.01188E-5 6.13687E-5 6.08897E-5 4.15392E-5 5.58315E-5 4.11727E-5 1.48684E-4 1.17461E-4 2.0214E-4 1.06974E-4 1.72456E-4 1.26543E-4 1.15807E-4 4.39015E-5 1.11121E-4 2.1677E-4 1.1353E-4 1.43237E-4 6.06733E-4 4.62799E-4 1.35087E-3 1.07207E-3 7.06718E-4 4.18597E-4 1.93659E-4 7.37089E-5 3.43305E-4 6.04839E-5 1.85365E-4 2.76327E-4 4.37081E-4 2.88523E-4 2.74082E-4 1.54116E-4 2.03861E-4 2.26901E-4 5.33103E-4 4.96376E-4 4.68111E-4 3.08014E-4 2.04056E-4 2.21108E-4
-9999 -9999 -9999 -9999 -9999 -9999 -9999 1.7293E-6 1.27612E-6 7.89214E-7 6.46208E-6 1.22274E-5 1.24168E-6 1.62949E-6 5.68555E-6 3.25078E-5 3.88438E-5 4.4145E-5 5.95391E-5 6.25056E-5 7.02619E-5 5.29083E-5 5.12483E-5 6.08847E-5 4.97158E-5 9.01322E-5 9.14871E-5 2.54041E-4 3.13149E-4 2.74655E-4 1.11557E-4 9.02619E-5 6.29529E-5 7.84166E-5 1.32588E-4 1.7154E-4 8.67332E-4 7.18005E-4 8.22193E-4 1.32625E-3 9.37979E-4 6.75679E-4 2.53535E-4 1.6176E-4 8.34114E-5 2.22673E-4 1.75957E-4 1.09417E-4 3.86912E-4 6.40596E-4 3.85066E-4 4.39674E-4 1.06466E-3 2.82947E-4 5.21413E-4 4.96719E-4 5.76788E-4 5.08214E-4 4.94291E-4 2.45147E-4 2.25752E-4
-9999 -9999 -9999 -9999 -9999 -9999 -9999 3.38745E-7 2.44619E-7 4.22025E-7 2.51299E-6 2.36296E-6 1.06513E-6 3.86754E-6 2.42046E-5 3.79561E-5 4.02963E-5 1.01347E-4 6.2557E-5 5.47289E-5 6.33851E-5 8.96837E-5 1.26455E-4 9.21027E-5 9.10206E-5 6.94231E-5 1.10864E-4 2.41505E-4 1.28476E-4 3.31635E-4 1.03408E-4 4.75272E-5 7.12828E-5 1.8324E-4 1.50744E-4 5.33461E-4 5.67165E-4 9.34944E-4 1.09967E-3 1.29947E-3 1.17641E-3 4.90966E-4 3.08853E-4 1.77756E-4 1.46514E-4 1.14787E-4 1.69473E-4 1.43987E-4 3.91133E-4 2.02546E-4 2.69984E-4 2.70562E-4 3.50153E-4 6.99861E-4 3.72363E-4 6.1732E-4 3.89756E-4 4.90254E-4 5.25008E-4 2.73954E-4 2.26718E-4
-9999 -9999 -9999 -9999 -9999 -9999 -9999 5.53121E-7 4.93386E-7 5.82085E-7 3.59204E-6 3.62383E-6 3.27972E-6 4.47714E-6 3.82213E-5 3.62267E-5 4.76284E-5 1.01303E-4 5.99985E-5 5.23894E-5 6.42615E-5 6.84227E-5 1.88255E-4 1.17886E-4 6.63448E-5 6.05395E-5 5.90245E-5 2.64031E-4 8.8172E-5 1.68746E-4 2.30994E-4 6.0293E-5 2.66621E-4 3.97142E-4 3.18676E-4 4.27858E-4 8.50812E-4 6.69094E-4 9.57726E-4 5.96252E-4 4.25687E-4 3.28452E-4 2.24435E-4 9.53403E-5 8.55695E-5 1.24262E-4 1.28495E-4 7.17193E-5 2.82744E-4 6.82514E-4 4.79417E-4 4.0672E-4 5.05438E-4 2.23977E-4 5.66149E-4 5.51924E-4 3.13644E-4 4.94378E-4 3.63044E-4 2.28362E-4 2.83622E-4
