Candidate_Models_Sept202022/M_1_F_lqp_Set_1_all/Bison.asc
ncols         97
nrows         127
xllcorner     -2197417.7431653
yllcorner     -584827.01486885
cellsize      30000.0
NODATA_value  -9999
[rows 27 to 53 of 127, columns 0 to 60 of 97]
-9999 -9999 1.4311E-5 8.12035E-6 2.16504E-5 2.78175E-5 2.25516E-5 3.18464E-5 8.65165E-5 2.76608E-5 2.53496E-5 3.69477E-5 1.22206E-5 1.65104E-5 1.32515E-5 1.99349E-5 1.41236E-5 1.404E-5 1.14776E-5 9.49826E-6 7.95604E-6 8.93088E-6 7.75346E-6 7.21333E-6 8.89359E-6 9.71053E-6 1.11953E-5 9.98665E-6 1.00469E-5 9.05778E-6 7.37235E-6 8.98472E-6 8.55143E-6 9.07854E-6 1.11644E-5 1.14332E-5 1.71545E-5 1.27041E-5 8.15011E-6 1.51241E-5 2.7329E-5 2.74195E-5 2.1629E-5 4.70719E-5 2.06084E-5 1.42792E-5 1.14614E-5 8.83699E-6 6.59535E-6 5.91625E-6 5.46605E-6 5.71953E-6 3.98513E-6 3.37201E-6 2.25073E-6 1.7217E-6 1.64189E-6 1.47204E-6 1.62622E-6 1.7229E-6 2.6729E-6
-9999 4.13233E-6 1.4866E-5 9.44283E-6 7.05024E-6 1.90699E-5 2.78021E-5 2.74656E-5 2.77847E-5 3.02438E-5 2.67815E-5 2.65285E-5 2.2763E-5 2.20196E-5 1.91587E-5 1.81782E-5 2.76496E-5 1.82569E-5 1.52948E-5 1.38908E-5 2.16399E-5 1.28308E-5 6.8863E-6 7.76743E-6 1.00302E-5 1.08044E-5 9.64976E-6 1.0528E-5 9.75709E-6 1.02321E-5 8.05738E-6 6.60549E-6 9.9564E-6 8.4749E-6 8.30859E-6 1.16673E-5 1.57337E-5 2.48552E-5 2.1333E-5 1.66563E-5 1.91291E-5 1.34142E-5 1.92841E-5 1.85782E-5 1.88587E-5 1.09386E-5 1.02685E-5 7.12991E-6 6.28945E-6 4.9265E-6 5.34521E-6 6.91217E-6 3.53497E-6 2.87887E-6 2.32034E-6 1.86323E-6 1.62383E-6 1.48054E-6 1.57244E-6 1.79879E-6 1.57404E-6
-9999 1.18433E-6 2.2584E-6 9.5958E-6 1.1119E-5 1.87091E-5 2.26114E-5 3.0357E-5 3.94823E-5 3.57318E-5 2.60089E-5 3.33102E-5 2.57809E-5 2.24419E-5 2.27064E-5 1.6385E-5 1.69264E-5 2.03815E-5 2.73179E-5 2.31049E-5 1.09336E-5 7.50416E-6 9.52777E-6 7.59717E-6 1.41699E-5 1.2344E-5 1.21698E-5 1.13068E-5 1.00395E-5 1.07136E-5 8.41355E-6 7.01812E-6 9.96882E-6 8.87814E-6 8.16307E-6 9.21983E-6 1.35228E-5 1.92229E-5 1.71024E-5 1.81075E-5 2.13117E-5 1.93881E-5 2.29241E-5 1.56037E-5 9.77165E-6 1.07168E-5 7.95028E-6 6.45117E-6 5.00294E-6 5.00449E-6 4.7251E-6 4.39941E-6 3.22783E-6 2.73197E-6 2.19129E-6 1.94002E-6 1.67475E-6 1.50115E-6 1.44461E-6 1.69785E-6 1.62696E-6
9.04249E-6 9.45898E-7 1.43832E-7 7.92828E-7 3.12866E-6 1.36834E-5 2.61247E-5 3.64327E-5 3.36013E-5 3.09881E-5 3.16628E-5 3.31709E-5 3.2828E-5 4.02205E-5 2.18125E-5 1.75953E-5 2.71369E-5 2.29511E-5 2.18775E-5 1.72897E-5 1.27727E-5 8.79921E-6 1.15232E-5 1.44183E-5 1.27712E-5 1.19263E-5 1.11337E-5 1.14068E-5 1.18811E-5 1.02746E-5 8.96715E-6 8.6925E-6 7.94611E-6 8.33254E-6 1.12229E-5 1.17058E-5 1.45649E-5 1.52776E-5 1.91524E-5 1.83502E-5 1.8621E-5 1.55022E-5 1.71154E-5 1.82848E-5 1.0736E-5 8.93971E-6 7.87183E-6 6.13693E-6 4.83372E-6 3.69598E-6 3.23379E-6 3.50155E-6 3.36782E-6 3.05463E-6 2.52698E-6 2.14926E-6 1.74413E-6 1.57857E-6 1.52563E-6 1.71715E-6 1.69445E-6
5.6991E-6 6.12282E-6 3.14321E-7 1.64572E-7 1.5666E-6 2.13126E-5 2.63088E-5 4.90739E-5 3.51695E-5 3.81462E-5 4.34506E-5 3.64459E-5 3.48008E-5 5.23948E-5 2.68953E-5 3.44016E-5 1.82425E-5 2.6174E-5 1.72566E-5 1.22173E-5 1.07552E-5 1.30849E-5 1.09144E-5 1.23717E-5 1.32776E-5 1.29691E-5 1.21658E-5 1.31886E-5 1.22026E-5 1.18597E-5 9.11802E-6 7.89869E-6 1.00275E-5 6.38904E-6 1.01848E-5 1.298E-5 1.42673E-5 1.67644E-5 1.65898E-5 1.45509E-5 1.63836E-5 1.61965E-5 1.54303E-5 1.29597E-5 9.97999E-6 7.75055E-6 7.07733E-6 6.64017E-6 5.27699E-6 3.70364E-6 3.41751E-6 3.62494E-6 3.22741E-6 3.10995E-6 2.70074E-6 2.24043E-6 1.87723E-6 1.80896E-6 1.66458E-6 1.76182E-6 1.72334E-6
4.69763E-6 1.10099E-5 4.36726E-6 5.44266E-7 8.79856E-7 1.94505E-5 3.68777E-5 3.71375E-5 3.67787E-5 3.97797E-5 4.07681E-5 3.78658E-5 3.49282E-5 3.05289E-5 2.52888E-5 2.02343E-5 2.06672E-5 1.45121E-5 1.54152E-5 1.40455E-5 1.28179E-5 1.19035E-5 1.09662E-5 1.43724E-5 1.92639E-5 1.3383E-5 1.29957E-5 2.17816E-5 1.3391E-5 9.38351E-6 8.62157E-6 8.77429E-6 9.64333E-6 8.9398E-6 7.95215E-6 1.13484E-5 1.83389E-5 1.29603E-5 1.17393E-5 1.3471E-5 1.03481E-5 1.80112E-5 1.50537E-5 1.90929E-5 1.5022E-5 7.55783E-6 6.71333E-6 6.12215E-6 6.32364E-6 4.02253E-6 3.88455E-6 3.67316E-6 3.15639E-6 3.12893E-6 2.81008E-6 2.19522E-6 2.02872E-6 1.95439E-6 1.98721E-6 1.81541E-6 1.82957E-6
-9999 3.25955E-6 6.94937E-6 6.41955E-6 1.65841E-6 2.2014E-5 2.69711E-5 3.71588E-5 3.18559E-5 2.52112E-5 3.94482E-5 4.25883E-5 3.34946E-5 3.03899E-5 1.8149E-5 1.45346E-5 1.05372E-5 9.57871E-6 1.51076E-5 1.67011E-5 1.49941E-5 1.99429E-5 1.2082E-5 1.32106E-5 1.4222E-5 1.8999E-5 1.63192E-5 2.16358E-5 1.93807E-5 1.3492E-5 1.11442E-5 9.39031E-6 1.02589E-5 1.03162E-5 9.32029E-6 1.38659E-5 1.66949E-5 1.54564E-5 1.30056E-5 1.85558E-5 1.38039E-5 1.13587E-5 1.55265E-5 1.44548E-5 1.33299E-5 7.48149E-6 7.60508E-6 9.04769E-6 7.39612E-6 5.68026E-6 4.97262E-6 4.38984E-6 3.67637E-6 3.60648E-6 2.88043E-6 2.55065E-6 2.55974E-6 2.12231E-6 2.05859E-6 1.85931E-6 1.96864E-6
-9999 -9999 2.50262E-6 5.24721E-6 4.33144E-6 2.15177E-5 1.17016E-5 1.99206E-5 2.95995E-5 3.68783E-5 3.22833E-5 7.26593E-5 2.71298E-5 2.49569E-5 1.88689E-5 1.38798E-5 1.20044E-5 9.92507E-6 1.2143E-5 1.74E-5 1.93901E-5 1.24339E-5 1.24261E-5 1.35966E-5 2.53619E-5 1.57869E-5 1.54813E-5 2.74657E-5 1.7331E-5 1.55826E-5 9.85774E-6 8.36662E-6 1.35726E-5 1.15616E-5 1.33293E-5 1.18066E-5 1.42053E-5 1.232E-5 1.37987E-5 1.64572E-5 1.5598E-5 1.52285E-5 1.79736E-5 1.4385E-5 1.34458E-5 9.33903E-6 8.84898E-6 8.40218E-6 9.1936E-6 1.03758E-5 6.52473E-6 5.12993E-6 3.9772E-6 3.73233E-6 3.16938E-6 2.68249E-6 2.80386E-6 2.27083E-6 2.25874E-6 2.20888E-6 2.10593E-6
-9999 -9999 2.62852E-6 4.79302E-6 5.85809E-6 1.10852E-5 7.59916E-6 1.59954E-5 2.15159E-5 3.94304E-5 3.85325E-5 4.53228E-5 2.53768E-5 2.2124E-5 1.67103E-5 2.16946E-5 1.81498E-5 1.78353E-5 1.30052E-5 1.55802E-5 1.95018E-5 1.97428E-5 1.28269E-5 1.21898E-5 2.09129E-5 2.00681E-5 1.94299E-5 2.4535E-5 2.63317E-5 1.5331E-5 1.23801E-5 1.0371E-5 9.78982E-6 8.88848E-6 8.57574E-6 1.30151E-5 1.2727E-5 1.21324E-5 1.51737E-5 1.53714E-5 1.26161E-5 1.76136E-5 1.11992E-5 1.32148E-5 1.22081E-5 1.04739E-5 8.23183E-6 9.62598E-6 9.56196E-6 1.4259E-5 8.05203E-6 7.82381E-6 5.12865E-6 4.0645E-6 3.42057E-6 3.02084E-6 2.77322E-6 2.65049E-6 2.66848E-6 2.51651E-6 2.15987E-6
-9999 -9999 2.72023E-6 4.29158E-6 4.08225E-6 5.77289E-6 6.29525E-6 2.4066E-5 3.08571E-5 3.18746E-5 3.64893E-5 2.41852E-5 3.21754E-5 2.46439E-5 1.82927E-5 2.06599E-5 2.28905E-5 2.04773E-5 2.04314E-5 1.7456E-5 2.08518E-5 2.09725E-5 1.35495E-5 1.71033E-5 1.399E-5 1.37446E-5 1.70488E-5 1.53936E-5 2.01042E-5 1.81926E-5 1.23057E-5 9.50857E-6 7.90514E-6 9.44161E-6 1.17164E-5 1.30628E-5 1.30517E-5 1.36166E-5 1.41579E-5 1.22234E-5 1.29176E-5 1.12853E-5 1.02973E-5 8.00136E-6 1.26255E-5 1.16313E-5 9.44359E-6 1.23622E-5 1.07692E-5 1.29192E-5 8.14676E-6 6.77013E-6 5.29601E-6 4.35371E-6 4.1622E-6 3.4781E-6 3.20051E-6 2.87584E-6 3.17508E-6 2.78246E-6 2.48565E-6
-9999 -9999 -9999 3.38171E-6 1.14717E-5 2.17426E-5 1.4887E-5 1.81129E-5 2.04392E-5 1.60598E-5 1.75061E-5 2.84125E-5 3.60337E-5 2.8941E-5 1.91843E-5 1.89901E-5 2.0723E-5 1.82071E-5 2.11563E-5 2.05998E-5 2.12729E-5 2.44843E-5 1.29573E-5 1.98392E-5 2.51284E-5 1.58859E-5 2.29434E-5 1.85547E-5 1.50342E-5 1.38926E-5 1.24889E-5 1.36563E-5 8.26972E-6 1.06807E-5 1.2377E-5 1.21887E-5 1.39442E-5 1.40777E-5 8.66352E-6 1.11862E-5 1.00328E-5 1.0945E-5 1.35004E-5 1.33572E-5 1.37035E-5 1.13128E-5 1.04656E-5 1.18593E-5 9.92265E-6 8.39611E-6 7.59881E-6 7.32345E-6 6.89017E-6 5.41021E-6 5.13812E-6 4.30278E-6 4.08998E-6 3.46095E-6 2.9174E-6 2.91573E-6 2.7733E-6
-9999 -9999 -9999 1.41666E-6 8.22524E-6 3.87086E-5 2.57165E-5 2.42271E-5 3.57664E-5 3.1439E-5 1.28123E-5 2.78571E-5 2.5706E-5 2.64958E-5 2.77884E-5 2.21056E-5 1.53304E-5 2.24987E-5 1.82473E-5 1.84605E-5 1.37014E-5 1.39023E-5 1.29996E-5 1.63628E-5 2.00229E-5 2.19661E-5 2.03422E-5 1.32847E-5 8.32441E-6 1.11503E-5 1.31135E-5 1.21184E-5 9.63569E-6 1.21757E-5 1.20337E-5 1.18928E-5 1.53716E-5 1.73572E-5 1.65098E-5 1.4882E-5 1.23669E-5 1.31863E-5 1.54884E-5 1.07225E-5 1.45511E-5 1.2681E-5 1.21945E-5 1.36351E-5 1.34771E-5 1.17756E-5 7.52255E-6 1.16013E-5 8.34283E-6 7.42625E-6 5.89656E-6 4.50554E-6 4.22702E-6 3.70541E-6 3.5148E-6 3.08797E-6 2.87045E-6
-9999 -9999 -9999 5.16521E-7 3.5253E-6 9.90426E-6 1.69728E-5 2.49964E-5 2.29432E-5 3.48821E-5 1.6813E-5 1.91186E-5 2.91396E-5 2.72687E-5 2.11106E-5 2.22739E-5 1.39044E-5 2.16923E-5 1.77232E-5 2.06843E-5 1.81665E-5 1.28012E-5 1.91275E-5 1.83141E-5 2.15518E-5 2.15868E-5 2.0135E-5 1.63522E-5 1.25882E-5 1.12268E-5 1.51808E-5 1.47455E-5 1.39124E-5 1.25402E-5 1.39825E-5 1.40383E-5 1.56473E-5 1.76553E-5 1.8932E-5 1.50419E-5 1.01284E-5 9.53452E-6 1.43485E-5 1.80809E-5 1.53001E-5 1.49919E-5 1.21789E-5 1.60266E-5 1.38991E-5 1.2296E-5 1.15982E-5 9.53811E-6 1.24541E-5 9.98978E-6 7.91945E-6 7.23138E-6 7.49868E-6 5.51847E-6 4.80029E-6 3.78005E-6 3.31457E-6
-9999 -9999 -9999 -9999 3.03956E-6 4.00919E-6 8.59416E-6 5.92897E-6 2.24373E-5 2.44316E-5 5.22623E-6 1.27442E-5 3.5552E-5 2.12898E-5 2.29927E-5 3.33772E-5 3.11389E-5 2.2107E-5 2.44922E-5 2.20716E-5 1.66422E-5 1.65711E-5 1.74054E-5 1.52827E-5 1.90851E-5 2.18406E-5 1.98496E-5 1.70951E-5 1.5009E-5 1.4714E-5 1.30562E-5 1.36469E-5 1.5358E-5 1.5973E-5 1.38675E-5 1.4782E-5 1.58322E-5 1.5871E-5 1.71771E-5 1.64002E-5 1.41841E-5 1.2552E-5 1.1716E-5 1.78911E-5 1.78891E-5 1.5848E-5 1.36241E-5 1.73634E-5 1.737E-5 1.50341E-5 9.879E-6 1.423E-5 1.74711E-5 1.23775E-5 1.18646E-5 1.13165E-5 7.59937E-6 8.19117E-6 8.20785E-6 4.14373E-6 3.32998E-6
-9999 -9999 -9999 -9999 1.44601E-6 3.44487E-6 4.75634E-6 1.01662E-5 3.49919E-6 4.03219E-6 2.87717E-6 9.99686E-6 2.81874E-5 2.6527E-5 2.82548E-5 2.14569E-5 2.53427E-5 2.93767E-5 2.3417E-5 2.43902E-5 2.11398E-5 2.52824E-5 1.84759E-5 1.71246E-5 1.63128E-5 1.65797E-5 2.67906E-5 1.98708E-5 2.09669E-5 1.85732E-5 1.42834E-5 1.598E-5 1.78765E-5 1.77296E-5 1.63541E-5 1.61904E-5 1.53367E-5 1.8894E-5 2.07262E-5 2.37494E-5 2.59622E-5 2.50497E-5 1.56278E-5 1.97372E-5 1.74824E-5 2.17612E-5 2.2888E-5 1.28453E-5 1.90322E-5 2.23864E-5 1.79586E-5 1.76038E-5 1.88062E-5 9.66514E-6 9.19299E-6 1.03191E-5 9.56311E-6 1.01152E-5 8.80092E-6 4.97625E-6 3.86999E-6
-9999 -9999 -9999 -9999 4.74132E-7 1.65181E-6 3.00164E-6 7.2389E-6 6.27137E-6 4.68609E-6 3.97999E-6 7.62201E-6 2.19397E-5 2.34229E-5 2.61628E-5 2.33944E-5 3.17793E-5 3.40065E-5 1.70282E-5 2.27447E-5 2.38256E-5 1.79063E-5 2.21571E-5 2.3071E-5 2.65319E-5 2.46658E-5 2.56043E-5 1.71759E-5 2.04603E-5 1.62314E-5 1.91436E-5 2.15355E-5 2.12611E-5 1.92816E-5 1.92203E-5 1.84521E-5 1.71931E-5 1.92067E-5 2.83788E-5 3.21014E-5 2.18129E-5 2.12301E-5 2.20873E-5 2.13479E-5 2.02703E-5 2.53636E-5 3.01973E-5 3.15217E-5 -9999 2.22287E-5 1.7452E-5 1.6554E-5 1.28183E-5 1.19085E-5 2.34005E-5 1.20689E-5 1.26896E-5 1.1988E-5 1.4717E-5 6.14477E-6 4.32646E-6
-9999 -9999 -9999 -9999 5.03933E-7 1.13762E-6 1.79639E-6 2.97196E-7 2.30379E-5 4.69978E-5 6.10392E-6 6.14557E-6 1.23423E-5 1.65459E-5 2.31289E-5 3.12481E-5 3.21906E-5 2.07664E-5 1.79589E-5 2.23056E-5 2.81312E-5 2.47492E-5 2.50736E-5 3.91645E-5 2.47961E-5 2.09546E-5 2.15966E-5 2.0629E-5 1.72798E-5 1.77298E-5 2.04157E-5 2.36028E-5 2.2212E-5 2.23586E-5 2.0056E-5 2.08773E-5 1.93666E-5 1.90724E-5 1.87973E-5 2.29409E-5 3.1996E-5 2.20274E-5 2.28194E-5 2.28996E-5 2.43982E-5 2.32077E-5 -9999 -9999 -9999 -9999 2.43051E-5 1.46597E-5 1.47246E-5 1.81326E-5 1.7755E-5 1.56187E-5 8.93082E-6 6.84269E-6 4.878E-6 5.84438E-6 5.7313E-6
-9999 -9999 -9999 -9999 3.18474E-7 1.72422E-6 1.48061E-6 5.76193E-7 2.54284E-7 4.27156E-5 6.46636E-6 1.78542E-5 1.17437E-5 2.06813E-5 2.20871E-5 2.55614E-5 2.34948E-5 1.77232E-5 1.81652E-5 2.08859E-5 2.00653E-5 2.24704E-5 2.54599E-5 2.53377E-5 1.61471E-5 1.60939E-5 2.32872E-5 1.69415E-5 2.15294E-5 2.16677E-5 2.19495E-5 2.21469E-5 2.31488E-5 2.73338E-5 1.82437E-5 2.41778E-5 2.28263E-5 1.94303E-5 2.01817E-5 2.11197E-5 2.53988E-5 2.16793E-5 2.0265E-5 1.75315E-5 2.86451E-5 -9999 -9999 -9999 -9999 4.94262E-5 2.65171E-5 2.268E-5 1.737E-5 1.72249E-5 1.82472E-5 1.47084E-5 1.23589E-5 8.53456E-6 9.10008E-6 1.13571E-5 6.65781E-6
-9999 -9999 -9999 -9999 7.42992E-7 2.14329E-6 2.24979E-6 4.70235E-7 3.50526E-6 9.93215E-6 9.98697E-6 1.52593E-5 8.80412E-6 2.38688E-5 2.57308E-5 2.4859E-5 2.39113E-5 2.46555E-5 1.56847E-5 1.76714E-5 1.95127E-5 2.52908E-5 2.23571E-5 1.81624E-5 1.62728E-5 1.6607E-5 2.13273E-5 2.25681E-5 2.61258E-5 2.8207E-5 2.64771E-5 2.30271E-5 2.40831E-5 2.41892E-5 2.3936E-5 2.12603E-5 2.42652E-5 2.07244E-5 2.3932E-5 2.3777E-5 2.35082E-5 2.45622E-5 3.23191E-5 4.02167E-5 3.93695E-5 -9999 -9999 -9999 5.30499E-5 3.91126E-5 4.03377E-5 2.72283E-5 2.22322E-5 2.2619E-5 1.61263E-5 1.54447E-5 1.29206E-5 7.38326E-6 8.16488E-6 1.33982E-5 6.86344E-6
-9999 -9999 -9999 1.30008E-6 1.16974E-5 6.83749E-6 6.66699E-7 1.05355E-6 6.72867E-7 2.8512E-6 1.90077E-5 8.39475E-6 9.61508E-6 1.55763E-5 2.26571E-5 1.87616E-5 2.98297E-5 2.45885E-5 2.43967E-5 1.57144E-5 1.73402E-5 1.88686E-5 1.77436E-5 1.3998E-5 2.11661E-5 1.57375E-5 1.7292E-5 2.43123E-5 2.14306E-5 2.91459E-5 3.5116E-5 3.08279E-5 2.56027E-5 2.66767E-5 2.5579E-5 2.4997E-5 2.25283E-5 2.53604E-5 2.30375E-5 2.53949E-5 2.55288E-5 2.42749E-5 2.75851E-5 4.02079E-5 7.07415E-5 5.86789E-5 4.32449E-5 4.27701E-5 4.12966E-5 3.20653E-5 3.66793E-5 3.32572E-5 2.57131E-5 2.25949E-5 2.17502E-5 1.66003E-5 1.32861E-5 8.11943E-6 1.00015E-5 1.0877E-5 8.60927E-6
-9999 -9999 -9999 -9999 1.85158E-6 1.12561E-5 1.97108E-6 -9999 5.90438E-7 3.11593E-6 1.12394E-5 5.1424E-6 1.61612E-5 1.84903E-5 1.98417E-5 2.58946E-5 3.12237E-5 2.54826E-5 2.16046E-5 2.30276E-5 1.55373E-5 2.05152E-5 1.40891E-5 2.26644E-5 3.05555E-5 2.44353E-5 1.85008E-5 2.6652E-5 2.2805E-5 2.61333E-5 2.89328E-5 3.55057E-5 3.19541E-5 2.82851E-5 2.72169E-5 2.47278E-5 2.89329E-5 2.64162E-5 2.47885E-5 2.95055E-5 2.98105E-5 2.74106E-5 2.51189E-5 3.56632E-5 5.08023E-5 4.47818E-5 4.02199E-5 3.62784E-5 3.98008E-5 3.16003E-5 3.56847E-5 3.08738E-5 2.82126E-5 2.38586E-5 2.22945E-5 1.67178E-5 1.28742E-5 9.71213E-6 1.33509E-5 1.18058E-5 8.07673E-6
-9999 -9999 -9999 -9999 5.74467E-7 9.1238E-7 1.24753E-6 2.18825E-6 9.95739E-7 8.85981E-6 1.41347E-5 3.14601E-6 2.51878E-5 1.4003E-5 1.91085E-5 3.79698E-5 2.197E-5 3.28948E-5 2.17126E-5 1.91144E-5 1.69807E-5 1.75607E-5 1.97779E-5 3.44132E-5 2.36133E-5 2.69785E-5 1.90099E-5 2.25598E-5 2.29866E-5 2.69431E-5 3.18443E-5 3.9229E-5 3.88968E-5 3.62909E-5 3.25692E-5 3.11425E-5 2.97813E-5 2.89501E-5 2.63865E-5 2.90816E-5 2.90714E-5 2.94129E-5 2.48133E-5 3.43876E-5 3.19258E-5 3.78106E-5 4.21556E-5 4.45517E-5 3.54749E-5 3.32072E-5 3.43406E-5 2.69108E-5 2.51184E-5 2.38364E-5 2.34081E-5 1.79863E-5 1.42857E-5 1.37171E-5 1.09224E-5 1.24975E-5 1.15544E-5
-9999 -9999 -9999 -9999 2.66981E-6 1.0101E-6 1.77573E-6 1.20735E-6 1.56833E-6 8.82328E-6 5.28249E-6 2.65479E-6 1.2286E-5 2.25662E-5 2.02434E-5 2.56885E-5 2.77549E-5 3.34773E-5 2.89922E-5 2.04881E-5 1.9976E-5 1.83181E-5 1.38103E-5 2.08742E-5 4.63175E-5 2.87959E-5 1.7726E-5 2.64569E-5 3.03136E-5 3.40653E-5 3.26436E-5 3.66396E-5 4.80926E-5 4.12917E-5 4.25606E-5 3.51824E-5 3.42038E-5 3.18696E-5 3.8944E-5 3.79651E-5 3.30862E-5 3.2772E-5 3.66584E-5 3.22879E-5 3.29287E-5 3.41675E-5 4.25952E-5 4.57E-5 3.23418E-5 3.6235E-5 3.05736E-5 2.68568E-5 2.38975E-5 2.29965E-5 2.21505E-5 1.60763E-5 1.55531E-5 1.79267E-5 1.47503E-5 1.2533E-5 9.91039E-6
-9999 -9999 -9999 -9999 -9999 1.12385E-6 2.11855E-6 2.43508E-6 9.42948E-7 2.8631E-6 2.84018E-6 7.93912E-6 9.75232E-6 1.42461E-5 1.71111E-5 2.67051E-5 4.2255E-5 3.00563E-5 3.3383E-5 2.46318E-5 2.27785E-5 2.7946E-5 1.81788E-5 2.51833E-5 3.21799E-5 5.54485E-5 2.60895E-5 2.24918E-5 2.53617E-5 3.67262E-5 3.75073E-5 4.59194E-5 4.5564E-5 4.66789E-5 4.13426E-5 3.93981E-5 3.52675E-5 3.31941E-5 3.57431E-5 3.53311E-5 3.66457E-5 3.52236E-5 3.84944E-5 3.68139E-5 3.69602E-5 3.14522E-5 4.67743E-5 3.37086E-5 3.64835E-5 3.66522E-5 3.07369E-5 2.8208E-5 2.50062E-5 2.34265E-5 2.26855E-5 1.70907E-5 2.01933E-5 1.59755E-5 1.76798E-5 1.02431E-5 1.1263E-5
-9999 -9999 -9999 -9999 -9999 3.47684E-6 6.25012E-7 2.2073E-6 1.64069E-6 6.01374E-6 4.97452E-6 1.09923E-6 2.54401E-6 6.06894E-6 1.87127E-5 2.66689E-5 3.3532E-5 3.31915E-5 3.3782E-5 3.04087E-5 3.28744E-5 1.71027E-5 2.55516E-5 2.35495E-5 3.90353E-5 5.46262E-5 2.86575E-5 2.68759E-5 2.97497E-5 3.86586E-5 3.75558E-5 4.40287E-5 4.49485E-5 3.96982E-5 3.69212E-5 3.9312E-5 4.3682E-5 4.16719E-5 4.06748E-5 4.03464E-5 3.99073E-5 3.90689E-5 3.85077E-5 4.53839E-5 4.63323E-5 4.24784E-5 3.75864E-5 3.89897E-5 3.66365E-5 4.19672E-5 3.46352E-5 2.99469E-5 3.21254E-5 2.14302E-5 2.48091E-5 2.69259E-5 1.66269E-5 1.67179E-5 1.47361E-5 1.50493E-5 1.36093E-5
-9999 -9999 -9999 -9999 -9999 4.06852E-6 1.99527E-6 6.14065E-7 1.07394E-6 4.39497E-7 4.32449E-6 1.77084E-6 1.66819E-6 2.81211E-6 1.97154E-5 2.08799E-5 2.28609E-5 2.40291E-5 3.19375E-5 3.73187E-5 2.36991E-5 2.55479E-5 2.41219E-5 2.16512E-5 3.18018E-5 4.38898E-5 2.20946E-5 3.80701E-5 3.98863E-5 3.216E-5 3.9627E-5 4.1143E-5 4.70251E-5 4.48986E-5 4.62815E-5 4.7552E-5 4.52269E-5 5.02096E-5 5.17311E-5 4.96629E-5 4.70888E-5 4.3711E-5 4.87584E-5 4.26565E-5 4.89451E-5 5.50304E-5 3.86815E-5 3.60506E-5 3.42942E-5 3.80237E-5 3.76614E-5 3.51069E-5 3.72993E-5 2.1398E-5 2.71771E-5 2.01699E-5 1.97279E-5 1.73804E-5 1.54593E-5 1.61464E-5 1.40822E-5
-9999 -9999 -9999 -9999 -9999 2.27542E-6 6.59256E-7 1.24126E-6 1.69584E-6 3.86604E-7 1.0984E-6 1.66277E-6 5.57372E-6 7.00444E-6 1.39609E-5 1.64249E-5 1.61451E-5 1.56093E-5 2.44196E-5 2.88468E-5 3.19647E-5 4.41944E-5 3.63851E-5 2.27623E-5 2.07769E-5 6.28911E-5 2.90052E-5 3.02302E-5 4.12641E-5 3.10535E-5 4.2168E-5 4.69961E-5 5.05688E-5 5.37027E-5 5.4286E-5 4.95132E-5 5.66164E-5 4.96178E-5 5.20327E-5 5.77956E-5 8.35873E-5 6.41146E-5 4.49337E-5 3.30908E-5 4.98433E-5 4.33267E-5 4.22494E-5 4.01612E-5 3.74757E-5 4.71814E-5 3.8951E-5 3.55817E-5 4.46569E-5 3.98996E-5 2.36035E-5 -9999 1.99016E-5 1.54965E-5 1.64682E-5 1.84729E-5 1.58215E-5
