Candidate_Models_Sept202022/M_1_F_lqp_Set_1_all/Bison.asc
ncols         97
nrows         127
xllcorner     -2197417.7431653
yllcorner     -584827.01486885
cellsize      30000.0
NODATA_value  -9999
[rows 54 to 80 of 127, columns 0 to 60 of 97]
-9999 -9999 -9999 -9999 3.8748E-6 2.14833E-6 6.33893E-7 1.84102E-6 1.29129E-6 2.95997E-7 4.9012E-7 4.57237E-6 3.89274E-6 8.10954E-6 7.89699E-6 6.08374E-6 1.03049E-5 1.79044E-5 2.03303E-5 2.50897E-5 3.47711E-5 4.05692E-5 3.62648E-5 3.01868E-5 3.40856E-5 5.96281E-5 4.38742E-5 3.47351E-5 5.31557E-5 4.46354E-5 4.61566E-5 5.10661E-5 6.0234E-5 6.44703E-5 5.86092E-5 5.84856E-5 5.88654E-5 5.51669E-5 6.14762E-5 7.41972E-5 9.91936E-5 1.15618E-4 7.95095E-5 5.32996E-5 5.08459E-5 4.56712E-5 4.72965E-5 4.18315E-5 3.92669E-5 3.67444E-5 3.72313E-5 3.64798E-5 2.84459E-5 4.67549E-5 5.25313E-5 3.50301E-5 3.75577E-5 3.24356E-5 3.17334E-5 2.36496E-5 1.73784E-5
-9999 -9999 -9999 -9999 -9999 1.47335E-6 4.7947E-7 8.54308E-7 3.44329E-6 5.88257E-7 2.93586E-7 3.22022E-6 1.09524E-5 5.42928E-6 7.3499E-6 5.42739E-6 6.6464E-6 9.02219E-6 2.17889E-5 1.55632E-5 3.77179E-5 4.23342E-5 3.72007E-5 4.9709E-5 3.48848E-5 3.40713E-5 3.92748E-5 4.43928E-5 7.55776E-5 6.67036E-5 6.22885E-5 5.65724E-5 6.12097E-5 5.80772E-5 5.82686E-5 6.90116E-5 6.98312E-5 5.89439E-5 7.12521E-5 6.87666E-5 1.01693E-4 1.44205E-4 6.94717E-5 5.35217E-5 5.51334E-5 5.16838E-5 4.64343E-5 4.16933E-5 4.41251E-5 3.60905E-5 4.33524E-5 4.60915E-5 4.25744E-5 5.45804E-5 4.83794E-5 3.70098E-5 3.49549E-5 2.90273E-5 2.94751E-5 2.40205E-5 2.41997E-5
-9999 -9999 -9999 -9999 -9999 2.75313E-6 1.24236E-6 1.90301E-6 2.24953E-6 1.20527E-6 5.99349E-8 1.15594E-6 1.79091E-6 1.8912E-6 9.50753E-6 5.71169E-6 9.77509E-6 1.20224E-5 1.71424E-5 2.4586E-5 3.82277E-5 3.00188E-5 2.82795E-5 3.69534E-5 3.07739E-5 2.91818E-5 3.72398E-5 6.20815E-5 9.96666E-5 6.48093E-5 7.5449E-5 7.36196E-5 7.4354E-5 7.15244E-5 8.18631E-5 9.68677E-5 7.02563E-5 6.28039E-5 7.33982E-5 6.25481E-5 1.05964E-4 8.18502E-5 5.65145E-5 5.86402E-5 5.69654E-5 5.29408E-5 4.84244E-5 4.40931E-5 4.531E-5 5.02914E-5 5.45856E-5 5.17695E-5 5.52693E-5 5.72639E-5 4.0063E-5 3.90184E-5 3.93879E-5 3.68203E-5 2.82633E-5 2.41861E-5 1.68236E-5
-9999 -9999 -9999 -9999 -9999 -9999 2.21509E-6 -9999 3.9767E-6 4.56661E-7 1.6558E-7 8.74213E-7 1.86891E-6 2.65693E-6 3.44882E-6 1.29741E-5 8.40572E-6 1.15401E-5 1.88857E-5 2.93946E-5 2.51058E-5 2.82248E-5 2.87323E-5 4.12659E-5 3.27637E-5 3.67339E-5 2.47266E-5 6.11516E-5 7.27114E-5 7.62482E-5 1.61727E-4 1.40275E-4 9.02545E-5 8.17954E-5 8.93362E-5 1.04227E-4 9.9582E-5 7.06118E-5 7.64009E-5 5.90217E-5 6.62309E-5 6.13564E-5 7.33332E-5 6.20579E-5 5.00469E-5 5.41912E-5 5.15307E-5 6.39577E-5 7.14153E-5 5.88176E-5 5.55734E-5 7.35549E-5 5.0564E-5 4.47593E-5 4.2576E-5 4.2926E-5 4.02271E-5 3.81642E-5 3.30487E-5 2.57617E-5 1.83754E-5
-9999 -9999 -9999 1.28569E-6 -9999 -9999 -9999 -9999 -9999 1.15194E-6 5.76285E-7 4.72261E-7 1.33068E-6 2.77652E-6 2.60011E-6 1.13787E-5 8.50145E-6 1.32711E-5 1.71117E-5 2.50226E-5 2.42297E-5 3.16017E-5 2.50248E-5 4.46321E-5 2.47631E-5 2.77238E-5 2.58395E-5 4.00412E-5 1.03841E-4 9.70462E-5 2.52867E-4 2.02145E-4 8.62061E-5 7.13152E-5 7.23405E-5 1.07525E-4 9.87606E-5 1.22998E-4 3.00295E-4 7.00695E-5 7.00821E-5 6.14493E-5 6.91869E-5 6.09476E-5 4.55643E-5 5.44744E-5 6.93397E-5 6.44808E-5 6.50007E-5 5.72144E-5 5.75347E-5 5.6811E-5 5.79701E-5 4.65088E-5 4.48239E-5 4.97476E-5 4.01063E-5 4.98039E-5 4.05208E-5 3.07564E-5 2.61773E-5
-9999 -9999 -9999 1.11565E-6 2.12131E-6 3.58064E-6 -9999 -9999 -9999 1.5605E-6 1.76204E-7 9.69544E-7 1.80691E-6 3.86107E-6 4.55975E-6 1.5517E-5 1.2909E-5 1.17574E-5 2.17929E-5 2.48383E-5 2.24782E-5 2.38167E-5 2.83825E-5 2.95965E-5 2.82942E-5 1.94915E-5 2.09008E-5 3.92639E-5 1.35394E-4 1.84027E-4 3.71389E-4 2.64273E-4 9.39262E-5 9.51098E-5 9.8247E-5 9.00076E-5 9.63827E-5 2.67088E-4 1.82792E-4 7.50585E-5 7.92605E-5 9.07442E-5 6.93098E-5 6.36938E-5 6.21307E-5 6.2362E-5 6.61636E-5 5.95051E-5 5.94746E-5 7.68992E-5 6.59739E-5 5.77268E-5 4.76421E-5 4.94487E-5 3.9165E-5 5.27806E-5 6.3187E-5 6.11535E-5 4.73044E-5 3.96985E-5 3.24558E-5
-9999 -9999 -9999 1.0418E-6 2.7588E-6 4.89179E-6 3.43832E-6 -9999 -9999 4.572E-6 3.49919E-7 2.74169E-6 1.71961E-6 3.30901E-6 4.82227E-6 9.68943E-6 1.37368E-5 1.79805E-5 2.35627E-5 2.19574E-5 2.90149E-5 2.63297E-5 2.11553E-5 1.73548E-5 2.88881E-5 4.76569E-6 5.22872E-6 2.62604E-5 7.52337E-5 7.82463E-5 4.47764E-4 5.86992E-4 2.42678E-4 3.10683E-4 2.99165E-4 1.42248E-4 1.72344E-4 2.01114E-4 1.22001E-4 8.71966E-5 9.4662E-5 8.67735E-5 7.70202E-5 6.90784E-5 6.353E-5 6.24655E-5 6.1948E-5 6.76581E-5 6.56433E-5 1.00508E-4 9.31179E-5 8.4264E-5 6.25395E-5 7.4359E-5 4.14386E-5 5.12254E-5 5.18895E-5 5.90507E-5 5.22172E-5 4.45511E-5 2.85173E-5
-9999 -9999 -9999 8.40854E-7 1.79235E-6 2.8862E-6 -9999 -9999 2.60581E-6 2.58627E-7 1.10601E-7 8.28722E-7 1.1074E-6 2.68385E-6 6.92714E-6 1.03595E-5 4.11232E-5 2.20461E-5 2.70285E-5 1.65511E-5 2.56883E-5 2.57537E-5 2.65084E-5 2.18644E-5 2.33128E-5 5.70692E-6 3.679E-6 1.87137E-5 4.58067E-5 1.75533E-4 3.96194E-4 7.2679E-4 5.06288E-4 3.26913E-4 4.58393E-4 3.01904E-4 2.65465E-4 3.3627E-4 1.73492E-4 1.14121E-4 1.12336E-4 1.05714E-4 8.47275E-5 7.5224E-5 7.05687E-5 8.41507E-5 7.58622E-5 7.60587E-5 9.2745E-5 1.06286E-4 1.00942E-4 6.65362E-5 6.07927E-5 4.65672E-5 4.01655E-5 5.69558E-5 5.55192E-5 4.56131E-5 5.38143E-5 3.88476E-5 3.71036E-5
-9999 -9999 -9999 7.18726E-7 3.02205E-6 -9999 -9999 5.29744E-6 1.56177E-6 3.51904E-7 1.95566E-7 8.52939E-7 1.18194E-6 1.39592E-6 7.67293E-6 1.41969E-5 3.48031E-5 2.47429E-5 2.52289E-5 2.41962E-5 2.71258E-5 2.91575E-5 2.34145E-5 2.47082E-5 2.14048E-5 7.85596E-6 2.46114E-6 1.46449E-5 3.05801E-5 4.78287E-5 1.92655E-4 5.10193E-4 2.16301E-4 2.82853E-4 7.94864E-4 5.08616E-4 4.56915E-4 8.72022E-4 2.95106E-4 1.21656E-4 1.13042E-4 8.97471E-5 7.85186E-5 7.43327E-5 8.11965E-5 9.89534E-5 8.46335E-5 7.16264E-5 6.85655E-5 9.21755E-5 9.73801E-5 5.65132E-5 4.49262E-5 4.94107E-5 4.48214E-5 4.83139E-5 5.2915E-5 4.78199E-5 4.83058E-5 4.082E-5 3.98104E-5
-9999 -9999 -9999 3.96071E-7 8.00397E-7 -9999 -9999 -9999 2.40641E-6 3.1281E-7 2.92246E-7 1.11494E-6 5.56004E-7 4.27912E-6 1.15886E-5 2.13547E-5 3.21161E-5 3.27553E-5 3.33826E-5 2.62079E-5 3.25404E-5 3.7118E-5 3.15748E-5 2.3638E-5 2.15109E-5 9.51953E-6 5.38537E-6 1.29883E-5 2.3191E-5 3.31221E-5 5.6518E-5 2.18954E-4 3.31131E-4 3.91346E-4 5.25977E-4 5.58906E-4 4.18985E-4 3.09163E-4 1.37352E-4 1.11747E-4 9.58446E-5 9.72921E-5 8.72733E-5 8.14388E-5 9.03987E-5 9.67626E-5 1.14188E-4 8.07642E-5 8.10166E-5 1.04027E-4 9.70933E-5 6.74726E-5 6.88543E-5 6.02363E-5 5.71636E-5 4.66901E-5 5.38363E-5 5.17983E-5 5.36629E-5 5.56874E-5 4.59531E-5
-9999 -9999 -9999 6.20564E-7 2.73196E-6 -9999 -9999 -9999 3.39249E-6 1.41784E-6 7.68535E-7 2.82086E-7 3.22493E-6 6.00546E-6 8.00888E-6 2.24815E-5 2.86591E-5 3.57816E-5 4.2343E-5 2.82787E-5 2.72927E-5 4.88528E-5 3.80076E-5 3.01254E-5 2.40945E-5 1.45894E-5 6.00174E-6 1.23298E-5 1.71389E-5 3.21621E-5 4.67538E-5 2.57312E-4 3.37782E-4 4.97765E-4 3.34268E-4 3.97793E-4 2.99394E-4 3.94378E-4 1.65511E-4 1.71679E-4 1.05016E-4 1.03601E-4 8.89908E-5 8.44346E-5 1.33116E-4 1.38801E-4 1.29739E-4 9.12891E-5 8.72162E-5 1.1757E-4 1.31878E-4 7.50008E-5 6.5467E-5 5.25214E-5 6.27796E-5 5.16234E-5 5.12776E-5 4.84582E-5 4.38358E-5 4.95128E-5 4.22327E-5
-9999 -9999 -9999 2.00189E-7 2.75358E-6 -9999 -9999 -9999 3.94358E-6 5.41276E-7 1.10178E-7 9.81631E-8 1.66105E-6 5.23879E-6 3.17389E-5 2.21361E-5 2.35752E-5 4.09019E-5 3.50622E-5 3.43111E-5 5.69881E-5 7.36892E-5 3.97299E-5 3.26556E-5 2.40372E-5 1.32475E-5 7.39799E-6 8.29897E-6 1.33873E-5 2.16247E-5 3.81751E-5 1.2506E-4 2.65059E-4 5.65988E-4 3.43409E-4 3.78627E-4 1.55492E-4 3.05532E-4 3.24958E-4 1.77406E-4 8.28178E-5 8.2431E-5 8.57406E-5 9.42582E-5 9.64256E-5 9.40755E-5 1.02032E-4 1.05294E-4 1.28597E-4 1.10777E-4 9.24741E-5 8.4877E-5 7.07837E-5 6.54043E-5 6.07518E-5 5.87912E-5 4.94961E-5 6.48722E-5 5.42964E-5 5.32229E-5 7.64516E-5
-9999 -9999 -9999 -9999 1.03707E-6 -9999 -9999 -9999 -9999 1.74476E-6 1.7184E-7 2.3142E-7 1.22796E-6 2.19161E-6 1.09568E-5 2.06957E-5 2.11816E-5 4.21096E-5 5.06356E-5 6.26032E-5 4.54228E-5 1.28255E-4 5.99806E-5 3.99804E-5 3.78567E-5 1.81761E-5 8.22479E-6 5.81395E-6 1.1486E-5 1.35973E-5 2.75345E-5 4.43369E-5 5.99633E-5 9.05488E-5 7.81574E-5 1.03742E-4 2.96596E-4 2.20893E-4 9.49118E-5 7.00109E-5 1.17576E-4 8.172E-5 1.2583E-4 9.75356E-5 9.4463E-5 1.2744E-4 1.13063E-4 1.23217E-4 1.07586E-4 9.69591E-5 1.44922E-4 8.34657E-5 7.7332E-5 7.35527E-5 7.34359E-5 6.45269E-5 6.24515E-5 5.66177E-5 5.40906E-5 5.2477E-5 5.38508E-5
-9999 -9999 -9999 -9999 1.98138E-6 -9999 -9999 -9999 -9999 4.46249E-6 8.67899E-7 4.45106E-7 1.34944E-6 2.07855E-6 7.8811E-6 1.94399E-5 3.52385E-5 4.15923E-5 4.84289E-5 4.04322E-5 5.02465E-5 6.80617E-5 4.66842E-5 7.30722E-5 8.64772E-5 2.15584E-5 1.04487E-5 4.92254E-6 7.20165E-6 1.24971E-5 1.86585E-5 2.71997E-5 5.49074E-5 1.08494E-4 6.46231E-5 6.88619E-5 1.38643E-4 7.74575E-5 5.40536E-5 4.26931E-5 8.99061E-5 7.26512E-5 1.02104E-4 1.39546E-4 1.01957E-4 1.19164E-4 2.19535E-4 1.20503E-4 1.13088E-4 1.18936E-4 1.26771E-4 9.77064E-5 9.22304E-5 8.00992E-5 7.78341E-5 8.2364E-5 7.09415E-5 6.57632E-5 6.01671E-5 5.17712E-5 5.0357E-5
-9999 -9999 -9999 -9999 -9999 -9999 -9999 -9999 -9999 3.14056E-6 2.54365E-6 5.28489E-7 1.34426E-6 2.66312E-6 3.72846E-6 1.12483E-5 3.52909E-5 3.88273E-5 4.06954E-5 5.30217E-5 4.60087E-5 4.86033E-5 5.72909E-5 4.18347E-5 2.87694E-5 1.02726E-5 6.16731E-6 8.40889E-6 5.3827E-6 1.20029E-5 2.29711E-5 2.88424E-5 3.41159E-5 7.28398E-5 4.10042E-5 6.25838E-5 1.40476E-4 1.24412E-4 6.56901E-5 9.09586E-5 1.14611E-4 8.35732E-5 1.22278E-4 1.39809E-4 2.9475E-4 3.61616E-4 3.61782E-4 1.5382E-4 1.15092E-4 1.11001E-4 1.2627E-4 1.25151E-4 9.58292E-5 7.09986E-5 8.17378E-5 7.2679E-5 7.3184E-5 7.51927E-5 6.27563E-5 5.92487E-5 5.64058E-5
-9999 -9999 -9999 -9999 -9999 -9999 -9999 -9999 -9999 -9999 2.42334E-6 8.10112E-7 8.85927E-7 1.77358E-6 6.43249E-6 1.18386E-5 3.32103E-5 3.52874E-5 4.24539E-5 4.54258E-5 4.41182E-5 4.3759E-5 5.6693E-5 4.55927E-5 3.05331E-5 1.21039E-5 8.15126E-6 7.00646E-6 7.86705E-6 9.81414E-6 2.09006E-5 3.02089E-5 4.59198E-5 4.86356E-5 6.04067E-5 6.29649E-5 1.09758E-4 1.30763E-4 7.90939E-5 1.01201E-4 1.12155E-4 2.44941E-4 2.63629E-4 3.62473E-4 4.72945E-4 4.96565E-4 3.39853E-4 5.44261E-4 1.25371E-4 1.10751E-4 1.67856E-4 1.26217E-4 9.47451E-5 8.79183E-5 8.24409E-5 7.52505E-5 8.90386E-5 9.46312E-5 8.00164E-5 6.72897E-5 6.88025E-5
-9999 -9999 -9999 -9999 -9999 -9999 -9999 -9999 -9999 -9999 1.95506E-6 6.57404E-7 1.96866E-7 8.61376E-7 6.28903E-6 7.33868E-6 3.31501E-5 4.89897E-5 4.09446E-5 4.99509E-5 4.63276E-5 4.47449E-5 5.98991E-5 6.58515E-5 2.78574E-5 1.45636E-5 1.00403E-5 6.53693E-6 1.20578E-5 1.60737E-5 2.21492E-5 3.09142E-5 3.75745E-5 5.4511E-5 6.56075E-5 1.01325E-4 8.62454E-5 7.71104E-5 8.44169E-5 2.79915E-4 3.08654E-4 4.83585E-4 3.41791E-4 4.23538E-4 4.37528E-4 4.13756E-4 1.72251E-4 3.51263E-4 2.52238E-4 3.46079E-4 3.2218E-4 1.66259E-4 1.01309E-4 9.36527E-5 8.54212E-5 8.37082E-5 8.35187E-5 7.48832E-5 7.69911E-5 7.30319E-5 7.52563E-5
-9999 -9999 -9999 -9999 -9999 -9999 -9999 -9999 -9999 -9999 1.50053E-6 4.95368E-7 2.70221E-7 7.3776E-7 2.05233E-5 1.87877E-5 2.80767E-5 5.88744E-5 4.8304E-5 6.97589E-5 5.94864E-5 5.68043E-5 5.92723E-5 6.48904E-5 3.49204E-5 1.21813E-5 9.51549E-6 9.68653E-6 1.31636E-5 1.92593E-5 2.7778E-5 4.32909E-5 4.24085E-5 4.37037E-5 6.8825E-5 8.8897E-5 1.48978E-4 2.15388E-4 2.55554E-4 2.20496E-4 3.51884E-4 3.86674E-4 5.57458E-4 5.59449E-4 5.59703E-4 6.84436E-4 6.24135E-4 5.11443E-4 3.98849E-4 5.82506E-4 5.9825E-4 3.95734E-4 2.73347E-4 2.26198E-4 2.01973E-4 9.64972E-5 8.74986E-5 8.3028E-5 8.75278E-5 8.48645E-5 8.46516E-5
-9999 -9999 -9999 -9999 -9999 -9999 -9999 -9999 -9999 -9999 1.49771E-6 3.79287E-7 6.64048E-7 5.38516E-7 4.44257E-6 1.03381E-5 3.13834E-5 5.58449E-5 5.97666E-5 9.51907E-5 1.09257E-4 6.85929E-5 5.55399E-5 5.95219E-5 3.45957E-5 1.61296E-5 9.73094E-6 9.05829E-6 2.22598E-5 1.55716E-5 2.54054E-5 4.88033E-5 4.72215E-5 4.07537E-5 1.00066E-4 7.25709E-5 1.30106E-4 1.83268E-4 1.59778E-4 2.30848E-4 4.38927E-4 6.36847E-4 8.91207E-4 8.0026E-4 1.16755E-3 7.95814E-4 7.91021E-4 7.30428E-4 7.65781E-4 7.10891E-4 2.72211E-4 1.80759E-4 1.84523E-4 3.18972E-4 3.50759E-4 2.92933E-4 1.14321E-4 9.4382E-5 9.11076E-5 8.66622E-5 9.11042E-5
-9999 -9999 -9999 -9999 -9999 -9999 -9999 -9999 -9999 -9999 9.67218E-7 5.2542E-7 7.13906E-7 1.28021E-6 3.09757E-5 5.59373E-6 3.98022E-5 3.53837E-5 5.34395E-5 1.12305E-4 1.58244E-4 8.2621E-5 6.86971E-5 4.78875E-5 5.1361E-5 2.88748E-5 1.84158E-5 1.13664E-5 1.56794E-5 3.12539E-5 2.48316E-5 2.18096E-5 4.46907E-5 8.71498E-5 8.30525E-5 1.12797E-4 1.03405E-4 1.10516E-4 1.49292E-4 2.39417E-4 4.9654E-4 1.07607E-3 1.23112E-3 2.07799E-3 1.45621E-3 6.94498E-4 5.4479E-4 6.46916E-4 4.22628E-4 8.537E-4 7.22522E-4 2.73597E-4 1.90882E-4 4.12949E-4 2.3023E-4 1.90546E-4 1.1003E-4 1.40271E-4 1.12242E-4 9.02595E-5 9.89383E-5
-9999 -9999 -9999 -9999 -9999 -9999 -9999 -9999 2.29022E-6 1.77625E-6 1.59751E-6 1.00868E-6 7.01519E-7 8.35785E-7 2.16978E-6 2.72934E-5 3.93967E-5 3.90006E-5 4.37203E-5 6.79916E-5 7.40909E-5 1.10884E-4 1.13276E-4 6.44961E-5 5.81926E-5 3.46702E-5 1.40094E-5 7.19037E-6 7.58095E-6 1.36383E-5 1.38348E-5 2.0701E-5 4.13998E-5 4.11259E-5 5.50515E-5 5.21153E-5 7.21649E-5 1.39382E-4 1.18057E-4 3.01986E-4 6.38089E-4 1.13934E-3 9.33686E-4 9.55175E-4 9.56959E-4 5.7533E-4 5.89561E-4 6.7828E-4 6.19861E-4 4.52824E-4 6.7675E-4 5.44612E-4 4.23458E-4 3.59055E-4 2.18457E-4 1.81725E-4 2.54366E-4 2.1012E-4 2.11637E-4 1.10911E-4 1.20217E-4
-9999 -9999 -9999 -9999 -9999 -9999 -9999 -9999 1.4104E-6 8.66643E-7 1.52816E-6 1.94745E-6 1.45309E-6 4.44513E-7 9.53824E-7 4.91082E-6 7.34294E-6 5.72313E-5 3.74151E-5 2.62996E-5 3.94037E-5 5.74562E-5 1.25E-4 5.19496E-5 5.04921E-5 3.29348E-5 1.90876E-5 1.12681E-5 6.84469E-6 7.14237E-6 1.98106E-5 1.3629E-5 3.85215E-5 5.27119E-5 7.54503E-5 4.31363E-5 1.05352E-4 1.05708E-4 1.13394E-4 1.0735E-4 3.7733E-4 8.83154E-4 8.12373E-4 7.92801E-4 8.12446E-4 6.20507E-4 5.0948E-4 5.94642E-4 5.75227E-4 7.63368E-4 6.23043E-4 5.52297E-4 5.16546E-4 3.76545E-4 3.45083E-4 3.941E-4 4.47076E-4 4.03321E-4 3.40569E-4 3.69278E-4 3.79205E-4
-9999 -9999 -9999 -9999 -9999 -9999 -9999 -9999 5.5186E-7 4.74411E-7 2.71395E-7 5.87349E-7 1.17808E-6 6.50888E-7 5.26574E-7 3.14146E-6 3.80782E-6 3.94845E-5 3.78763E-5 3.89771E-5 3.28377E-5 3.25361E-5 7.97986E-5 6.30226E-5 6.30627E-5 6.92972E-5 2.701E-5 2.05406E-5 9.64192E-6 6.68659E-6 1.76506E-5 1.59842E-5 2.6306E-5 7.64336E-5 1.64425E-4 1.35364E-4 7.13276E-5 1.12056E-4 1.03709E-4 3.91831E-4 8.32538E-4 1.12675E-3 1.0762E-3 1.13533E-3 1.12116E-3 6.77837E-4 5.57358E-4 4.68043E-4 7.5877E-4 7.83218E-4 9.58519E-4 6.62772E-4 5.34336E-4 4.04047E-4 5.25699E-4 3.32773E-4 5.28017E-4 4.46623E-4 3.34672E-4 5.11096E-4 5.49136E-4
-9999 -9999 -9999 -9999 -9999 -9999 -9999 -9999 -9999 7.72549E-7 2.302E-7 4.26918E-7 7.37895E-7 1.39923E-6 5.18229E-7 1.06245E-6 4.77939E-6 3.31853E-5 1.39889E-4 6.78377E-5 1.83636E-5 2.06954E-5 3.3032E-5 6.97989E-5 4.79928E-5 4.84558E-5 3.53213E-5 2.59969E-5 1.1771E-5 7.00037E-6 5.34643E-6 8.29345E-6 1.6102E-5 3.18243E-5 6.79687E-5 7.99253E-5 9.97035E-5 8.89579E-5 1.50118E-4 9.4155E-4 8.59798E-4 1.69342E-3 1.67571E-3 1.21691E-3 8.69868E-4 5.80583E-4 7.18444E-4 7.50912E-4 4.18342E-4 5.10867E-4 4.93909E-4 5.70188E-4 4.25451E-4 8.97411E-4 7.53275E-4 4.12989E-4 5.29977E-4 5.99837E-4 4.24444E-4 4.62782E-4 3.82324E-4
-9999 -9999 -9999 -9999 -9999 -9999 -9999 -9999 -9999 4.7177E-7 4.17957E-7 3.03936E-7 4.83254E-7 1.33067E-6 2.08448E-6 1.03769E-6 1.53388E-6 2.61767E-6 1.80916E-5 2.90897E-5 1.69254E-5 1.51013E-5 3.01248E-5 5.22865E-5 4.46781E-5 4.61804E-5 4.99036E-5 2.59207E-5 1.01099E-5 4.54341E-6 6.31105E-6 3.27605E-6 2.02923E-5 1.82129E-5 5.63806E-5 9.12362E-5 1.48598E-4 1.02161E-4 1.058E-4 5.50564E-4 1.12669E-3 1.15593E-3 8.44886E-4 8.50105E-4 7.33952E-4 4.23217E-4 3.44277E-4 7.255E-4 4.7071E-4 5.55261E-4 7.42756E-4 4.87935E-4 6.10941E-4 5.8217E-4 7.43876E-4 5.6843E-4 3.36844E-4 4.14015E-4 3.68025E-4 4.0972E-4 4.3542E-4
-9999 -9999 -9999 -9999 -9999 -9999 -9999 -9999 -9999 -9999 6.25724E-7 3.22325E-7 3.83307E-7 1.97005E-6 4.57325E-6 1.01092E-6 1.04649E-6 2.6595E-6 1.04406E-5 1.02088E-5 1.47598E-5 1.10045E-5 3.12964E-5 1.10697E-4 7.51822E-5 6.00861E-5 3.9191E-5 2.41483E-5 9.0908E-6 5.54189E-6 8.17158E-6 6.2812E-6 6.29756E-6 1.07988E-5 2.98927E-5 6.34559E-5 8.38195E-5 9.56424E-5 1.8433E-4 6.56907E-4 9.45097E-4 9.18578E-4 8.57412E-4 8.25599E-4 3.93566E-4 4.06003E-4 3.1249E-4 5.08024E-4 4.26268E-4 5.38076E-4 8.59654E-4 7.61682E-4 7.56909E-4 8.24602E-4 4.89415E-4 6.19667E-4 6.34699E-4 3.47775E-4 3.54306E-4 4.67389E-4 4.1619E-4
-9999 -9999 -9999 -9999 -9999 -9999 -9999 -9999 -9999 -9999 6.0865E-7 3.39734E-7 5.05767E-7 1.04777E-6 4.56571E-6 1.98361E-6 8.01228E-7 8.95031E-7 3.35984E-6 6.98023E-6 1.24012E-5 1.84856E-5 2.92154E-5 4.03769E-5 8.38621E-5 1.52746E-4 1.43522E-4 4.48012E-5 3.34518E-5 9.17386E-6 5.96923E-6 1.45414E-5 1.71296E-5 2.51536E-5 3.54646E-5 4.18778E-5 5.34749E-5 7.91504E-5 1.16605E-4 7.97648E-4 1.24497E-3 9.66349E-4 9.7337E-4 1.17205E-3 7.96623E-4 4.36373E-4 2.77947E-4 3.33263E-4 4.2452E-4 4.47507E-4 6.47338E-4 6.71819E-4 7.11541E-4 7.15373E-4 6.74067E-4 4.955E-4 5.33182E-4 5.22797E-4 5.55411E-4 3.49329E-4 3.74953E-4
