Candidate_Models_Sept202022/M_2_F_lqp_Set_1_cal/Bison.asc
ncols         97
nrows         127
xllcorner     -2197417.7431653
yllcorner     -584827.01486885
cellsize      30000.0
NODATA_value  -9999
[rows 0 to 26 of 127, columns 0 to 60 of 97]
-9999 -9999 -9999 -9999 -9999 -9999 -9999 -9999 -9999 -9999 -9999 -9999 -9999 -9999 -9999 -9999 -9999 -9999 -9999 -9999 -9999 -9999 -9999 -9999 -9999 -9999 -9999 -9999 -9999 -9999 -9999 -9999 -9999 -9999 -9999 -9999 -9999 -9999 -9999 -9999 -9999 -9999 -9999 -9999 -9999 -9999 -9999 -9999 -9999 -9999 -9999 -9999 -9999 -9999 -9999 -9999 -9999 -9999 -9999 -9999 -9999
-9999 -9999 -9999 -9999 -9999 -9999 -9999 -9999 -9999 -9999 -9999 -9999 -9999 -9999 -9999 -9999 -9999 -9999 -9999 -9999 -9999 -9999 -9999 -9999 -9999 -9999 -9999 -9999 -9999 -9999 -9999 -9999 -9999 -9999 -9999 -9999 -9999 -9999 -9999 -9999 -9999 -9999 -9999 -9999 -9999 -9999 -9999 -9999 -9999 -9999 -9999 -9999 -9999 -9999 -9999 -9999 -9999 -9999 -9999 -9999 -9999
-9999 -9999 -9999 -9999 -9999 -9999 -9999 -9999 -9999 -9999 -9999 -9999 -9999 -9999 -9999 -9999 -9999 -9999 -9999 -9999 -9999 -9999 -9999 -9999 -9999 -9999 -9999 -9999 -9999 -9999 -9999 -9999 -9999 -9999 -9999 -9999 -9999 -9999 -9999 -9999 -9999 -9999 -9999 -9999 -9999 -9999 -9999 -9999 -9999 -9999 -9999 -9999 -9999 -9999 -9999 -9999 -9999 -9999 -9999 -9999 -9999
-9999 -9999 -9999 -9999 -9999 -9999 -9999 -9999 -9999 -9999 -9999 -9999 -9999 -9999 -9999 -9999 -9999 -9999 -9999 3.45534E-2 3.3874E-2 2.16923E-2 2.37643E-2 -9999 -9999 -9999 -9999 -9999 -9999 -9999 -9999 -9999 -9999 -9999 -9999 -9999 -9999 -9999 -9999 -9999 -9999 -9999 -9999 -9999 -9999 -9999 -9999 -9999 -9999 -9999 -9999 -9999 -9999 -9999 -9999 -9999 -9999 -9999 -9999 -9999 -9999
-9999 -9999 -9999 -9999 -9999 -9999 -9999 -9999 -9999 -9999 -9999 -9999 -9999 -9999 -9999 -9999 -9999 -9999 3.40513E-2 2.85438E-2 2.66009E-2 2.9121E-2 2.55407E-2 1.8628E-2 1.5585E-2 -9999 -9999 -9999 -9999 -9999 -9999 -9999 -9999 -9999 -9999 -9999 -9999 -9999 -9999 -9999 -9999 -9999 -9999 -9999 -9999 -9999 -9999 -9999 -9999 -9999 -9999 -9999 -9999 -9999 -9999 -9999 -9999 -9999 -9999 -9999 -9999
-9999 -9999 -9999 -9999 -9999 -9999 -9999 -9999 -9999 -9999 -9999 -9999 -9999 -9999 -9999 -9999 -9999 -9999 2.25478E-2 2.07495E-2 2.32881E-2 2.51244E-2 2.09328E-2 1.58528E-2 1.55496E-2 -9999 -9999 -9999 -9999 -9999 -9999 -9999 -9999 -9999 -9999 -9999 -9999 -9999 -9999 -9999 -9999 -9999 -9999 -9999 -9999 -9999 -9999 -9999 -9999 -9999 -9999 -9999 -9999 -9999 -9999 -9999 -9999 -9999 -9999 -9999 -9999
-9999 -9999 -9999 -9999 -9999 -9999 -9999 -9999 -9999 -9999 -9999 -9999 -9999 -9999 -9999 -9999 -9999 2.00737E-2 1.86903E-2 1.0627E-2 1.16655E-2 1.58434E-2 1.80791E-2 1.63991E-2 1.72906E-2 1.74031E-2 -9999 1.82499E-2 1.59422E-2 1.64896E-2 -9999 -9999 -9999 -9999 -9999 -9999 -9999 -9999 1.19338E-2 -9999 -9999 -9999 -9999 -9999 -9999 -9999 -9999 -9999 -9999 -9999 -9999 -9999 -9999 -9999 -9999 -9999 -9999 -9999 -9999 -9999 -9999
-9999 -9999 -9999 -9999 -9999 -9999 -9999 -9999 -9999 -9999 -9999 -9999 -9999 -9999 -9999 -9999 6.05938E-2 3.23551E-2 1.15604E-2 6.76857E-3 7.64531E-3 1.01027E-2 1.57388E-2 1.55111E-2 1.71209E-2 1.67894E-2 1.61438E-2 1.62425E-2 1.45651E-2 1.439E-2 1.44806E-2 1.38212E-2 1.31099E-2 1.25947E-2 1.30411E-2 1.36379E-2 1.4151E-2 -9999 1.11638E-2 1.0576E-2 -9999 -9999 -9999 -9999 -9999 -9999 -9999 -9999 -9999 -9999 -9999 -9999 -9999 -9999 -9999 -9999 -9999 -9999 -9999 -9999 -9999
-9999 -9999 -9999 -9999 -9999 -9999 -9999 -9999 -9999 -9999 -9999 -9999 -9999 -9999 -9999 1.54095E-2 1.99147E-2 1.5744E-2 9.5166E-3 6.12099E-3 5.98133E-3 8.26611E-3 1.48398E-2 1.72577E-2 1.70314E-2 1.49348E-2 1.8047E-2 1.77238E-2 1.30788E-2 1.22901E-2 1.24269E-2 1.23931E-2 1.20585E-2 1.14913E-2 1.28403E-2 1.59424E-2 1.49421E-2 1.48078E-2 1.16848E-2 1.14847E-2 -9999 -9999 -9999 -9999 -9999 -9999 -9999 -9999 -9999 -9999 -9999 -9999 -9999 -9999 -9999 -9999 -9999 -9999 -9999 -9999 -9999
-9999 -9999 -9999 -9999 -9999 -9999 -9999 -9999 -9999 -9999 -9999 -9999 -9999 -9999 -9999 2.30738E-2 2.15193E-2 1.33699E-2 6.48428E-3 6.53679E-3 7.55271E-3 1.09991E-2 1.8062E-2 2.16396E-2 1.94725E-2 1.33705E-2 1.59337E-2 1.58002E-2 1.16323E-2 1.17103E-2 1.32943E-2 1.31071E-2 1.24282E-2 1.30622E-2 1.47619E-2 1.83375E-2 1.97476E-2 1.80435E-2 1.40845E-2 -9999 -9999 -9999 1.12081E-2 -9999 -9999 -9999 -9999 -9999 -9999 -9999 -9999 -9999 -9999 -9999 -9999 -9999 -9999 -9999 -9999 -9999 -9999
-9999 -9999 -9999 -9999 -9999 -9999 -9999 -9999 -9999 -9999 -9999 -9999 -9999 -9999 2.51032E-2 2.29884E-2 2.39788E-2 1.84873E-2 1.76553E-2 1.14489E-2 1.01493E-2 1.28926E-2 2.09831E-2 2.14836E-2 2.18661E-2 1.29022E-2 1.6282E-2 1.46914E-2 1.34343E-2 1.2273E-2 1.43997E-2 1.31235E-2 1.19374E-2 1.45858E-2 1.89648E-2 2.08458E-2 2.10228E-2 1.74779E-2 1.26838E-2 -9999 -9999 1.21958E-2 -9999 -9999 -9999 -9999 -9999 -9999 -9999 -9999 -9999 -9999 -9999 -9999 -9999 -9999 -9999 -9999 -9999 -9999 -9999
-9999 -9999 -9999 -9999 -9999 -9999 -9999 -9999 -9999 -9999 -9999 -9999 -9999 1.7873E-2 2.59292E-2 2.07763E-2 2.46504E-2 2.2335E-2 2.57242E-2 4.59509E-2 1.70698E-2 2.31378E-2 1.84559E-2 2.53693E-2 1.39466E-2 1.30726E-2 1.49312E-2 1.45356E-2 1.14737E-2 1.15453E-2 1.18395E-2 1.23358E-2 1.26635E-2 1.61727E-2 1.85859E-2 1.9628E-2 2.11437E-2 1.83087E-2 1.30166E-2 1.16474E-2 1.17412E-2 1.22462E-2 -9999 1.50538E-2 1.55761E-2 -9999 -9999 -9999 -9999 -9999 -9999 -9999 -9999 -9999 -9999 -9999 -9999 -9999 -9999 -9999 -9999
-9999 -9999 -9999 -9999 -9999 -9999 -9999 -9999 -9999 -9999 -9999 -9999 -9999 2.49994E-2 2.32954E-2 2.30138E-2 2.58383E-2 1.86694E-2 6.752E-2 3.26175E-2 2.68294E-2 1.58592E-2 2.4042E-2 2.12697E-2 1.24952E-2 1.319E-2 1.39868E-2 1.21027E-2 1.20148E-2 1.13574E-2 1.16731E-2 1.19977E-2 1.36878E-2 1.41366E-2 1.53936E-2 1.50364E-2 1.66039E-2 1.53433E-2 1.19229E-2 1.047E-2 1.09714E-2 1.37254E-2 1.44145E-2 1.62896E-2 1.70348E-2 1.82651E-2 -9999 -9999 -9999 -9999 -9999 -9999 -9999 -9999 -9999 -9999 -9999 -9999 -9999 -9999 -9999
-9999 -9999 -9999 -9999 -9999 -9999 -9999 -9999 -9999 -9999 -9999 -9999 5.41673E-2 7.57731E-2 3.31708E-2 3.39943E-2 2.55661E-2 2.70304E-2 1.57397E-2 2.94198E-2 2.93179E-2 2.20919E-2 2.5801E-2 1.60813E-2 1.09678E-2 1.05629E-2 1.28338E-2 1.00829E-2 1.42931E-2 1.38334E-2 1.24077E-2 1.06772E-2 1.04543E-2 1.17297E-2 1.16487E-2 1.33734E-2 1.20382E-2 1.33256E-2 1.3116E-2 1.11076E-2 1.11017E-2 1.17831E-2 1.38406E-2 1.61067E-2 1.71346E-2 1.79579E-2 1.87732E-2 -9999 -9999 -9999 8.7331E-3 7.56473E-3 -9999 -9999 -9999 -9999 -9999 -9999 -9999 -9999 -9999
-9999 -9999 -9999 -9999 -9999 -9999 -9999 -9999 -9999 -9999 -9999 2.18571E-2 2.46487E-2 6.28456E-2 3.1541E-2 2.2688E-2 1.37585E-2 4.80622E-2 3.23242E-2 2.75607E-2 2.35813E-2 4.0212E-2 2.63662E-2 1.33969E-2 8.90466E-3 9.12569E-3 1.31416E-2 1.46833E-2 1.25054E-2 1.17556E-2 1.0537E-2 1.00027E-2 9.5121E-3 9.87174E-3 1.2775E-2 1.45865E-2 1.50285E-2 1.49377E-2 1.40009E-2 1.24092E-2 1.20213E-2 1.27056E-2 1.42058E-2 1.61049E-2 1.70246E-2 1.7587E-2 1.65128E-2 1.42537E-2 -9999 -9999 -9999 8.38191E-3 7.66386E-3 -9999 -9999 -9999 -9999 -9999 -9999 -9999 -9999
-9999 -9999 -9999 -9999 -9999 -9999 -9999 -9999 -9999 -9999 -9999 1.99108E-2 1.55033E-2 2.09638E-2 2.0666E-2 1.45977E-2 9.49265E-3 2.35196E-2 1.94201E-2 3.80847E-2 2.8755E-2 3.40242E-2 2.14398E-2 1.4149E-2 8.79535E-3 9.98297E-3 1.36969E-2 1.6231E-2 1.61587E-2 1.42187E-2 1.04856E-2 9.95618E-3 9.5035E-3 9.62182E-3 1.26306E-2 1.42896E-2 1.44413E-2 1.47567E-2 1.40853E-2 1.29974E-2 1.25746E-2 1.37056E-2 1.49631E-2 1.59436E-2 1.50276E-2 1.59838E-2 1.46596E-2 1.39023E-2 1.35381E-2 -9999 -9999 9.42443E-3 8.91104E-3 8.09319E-3 8.15271E-3 -9999 -9999 -9999 -9999 -9999 -9999
-9999 -9999 -9999 -9999 -9999 -9999 -9999 -9999 -9999 -9999 3.78917E-2 2.08535E-2 3.40028E-2 1.82063E-2 1.39177E-2 1.12548E-2 1.05712E-2 1.02451E-2 1.41589E-2 4.8606E-2 5.13236E-2 3.35119E-2 2.24971E-2 2.2121E-2 9.89933E-3 1.11831E-2 1.16156E-2 1.24495E-2 1.55355E-2 1.08065E-2 1.05164E-2 9.22E-3 1.14908E-2 1.12261E-2 1.4513E-2 1.66959E-2 1.74424E-2 1.76464E-2 1.74976E-2 1.46527E-2 1.39645E-2 1.45762E-2 1.52173E-2 1.50571E-2 1.40058E-2 1.36947E-2 1.3781E-2 1.42269E-2 1.39773E-2 1.254E-2 1.13247E-2 1.27603E-2 -9999 -9999 8.21653E-3 7.47263E-3 -9999 -9999 -9999 -9999 -9999
-9999 -9999 -9999 -9999 -9999 -9999 -9999 -9999 -9999 3.53544E-2 6.25487E-2 2.67967E-2 2.54661E-2 1.88878E-2 1.5254E-2 1.31084E-2 1.0617E-2 1.17324E-2 1.20691E-2 1.76911E-2 2.11328E-2 2.62116E-2 3.68955E-2 1.64669E-2 9.84294E-3 1.07782E-2 1.28729E-2 1.21932E-2 1.31503E-2 1.18062E-2 1.42368E-2 1.08485E-2 1.12533E-2 1.33359E-2 1.49157E-2 1.70861E-2 1.73963E-2 2.13641E-2 2.22125E-2 2.05636E-2 1.49757E-2 1.5473E-2 1.62521E-2 1.53496E-2 1.47871E-2 1.3774E-2 1.39739E-2 1.43528E-2 1.38108E-2 1.23699E-2 1.21727E-2 1.27242E-2 1.24928E-2 -9999 7.9444E-3 7.544E-3 6.90942E-3 6.1682E-3 -9999 -9999 -9999
-9999 -9999 -9999 -9999 -9999 -9999 -9999 -9999 5.26406E-2 3.72873E-2 3.73327E-2 1.78227E-2 1.09398E-2 2.28122E-2 3.34581E-2 2.6238E-2 2.13674E-2 1.59486E-2 1.74355E-2 1.50884E-2 1.60087E-2 2.37552E-2 3.10807E-2 1.36115E-2 1.2762E-2 1.19256E-2 1.25426E-2 1.18583E-2 1.10303E-2 9.67536E-3 1.22282E-2 1.28119E-2 1.4253E-2 1.71891E-2 1.74453E-2 1.78252E-2 1.92767E-2 2.19963E-2 2.38695E-2 2.75152E-2 2.04347E-2 1.73335E-2 1.66245E-2 1.60556E-2 1.46809E-2 1.4233E-2 1.50469E-2 1.51008E-2 1.38312E-2 1.28806E-2 1.2764E-2 1.33019E-2 1.31367E-2 1.2784E-2 8.55733E-3 7.8484E-3 6.76401E-3 6.14178E-3 5.49702E-3 5.1418E-3 4.88559E-3
-9999 -9999 -9999 -9999 -9999 -9999 -9999 -9999 1.87922E-2 1.70699E-2 1.43252E-2 1.11664E-2 1.28237E-2 2.77219E-2 3.93945E-2 5.2341E-2 2.89539E-2 2.8873E-2 2.99894E-2 1.88008E-2 1.88377E-2 1.89736E-2 1.93606E-2 2.07349E-2 1.67993E-2 1.59299E-2 1.37717E-2 1.19881E-2 1.46488E-2 1.42012E-2 1.40235E-2 1.45932E-2 1.66147E-2 2.09221E-2 2.08389E-2 1.96567E-2 2.33827E-2 2.19395E-2 2.5279E-2 2.59742E-2 2.4512E-2 1.86048E-2 1.75868E-2 1.67697E-2 1.62239E-2 1.63096E-2 1.65659E-2 1.61361E-2 1.52461E-2 1.39255E-2 1.3744E-2 1.42337E-2 1.4356E-2 1.31974E-2 -9999 8.57104E-3 7.51E-3 6.83798E-3 5.17566E-3 5.41474E-3 4.77735E-3
-9999 -9999 -9999 -9999 -9999 -9999 -9999 2.06488E-2 2.01157E-2 3.4285E-2 3.31896E-2 1.38647E-2 1.92817E-2 2.20904E-2 3.39893E-2 5.13598E-2 3.66976E-2 3.78992E-2 3.77685E-2 2.92952E-2 2.44297E-2 2.4186E-2 2.77866E-2 2.35856E-2 1.88605E-2 2.05583E-2 1.87072E-2 1.99538E-2 2.36142E-2 1.92143E-2 1.85341E-2 1.82123E-2 2.0934E-2 2.31845E-2 2.56928E-2 3.52282E-2 2.20353E-2 2.49053E-2 2.34826E-2 2.84704E-2 2.23511E-2 1.93456E-2 1.84838E-2 1.81343E-2 1.86255E-2 1.83171E-2 1.74981E-2 1.63115E-2 1.56872E-2 1.52898E-2 1.48716E-2 1.54801E-2 -9999 -9999 -9999 -9999 -9999 -9999 -9999 -9999 -9999
-9999 -9999 -9999 -9999 -9999 -9999 5.07756E-2 4.74939E-2 3.17617E-2 2.06335E-2 4.04756E-2 7.53318E-2 2.46534E-2 4.54375E-2 2.02388E-2 3.39563E-2 4.75478E-2 5.73882E-2 5.00815E-2 5.005E-2 3.93415E-2 2.81571E-2 3.09347E-2 4.5819E-2 2.77302E-2 3.00208E-2 2.79771E-2 2.50744E-2 2.18163E-2 1.39295E-2 2.38933E-2 3.12962E-2 2.21302E-2 3.02388E-2 2.83235E-2 2.93886E-2 3.08957E-2 2.59946E-2 3.10992E-2 3.01942E-2 2.1238E-2 2.52527E-2 2.19831E-2 2.12898E-2 2.06815E-2 1.92745E-2 1.83717E-2 1.68716E-2 1.59523E-2 1.53929E-2 1.64688E-2 1.66344E-2 1.39142E-2 1.24054E-2 -9999 -9999 -9999 -9999 -9999 -9999 -9999
-9999 -9999 -9999 -9999 -9999 -9999 4.27764E-2 4.27028E-2 2.35486E-2 2.00725E-2 1.77297E-2 8.05437E-2 3.6957E-2 3.35629E-2 2.89596E-2 4.39919E-2 4.38733E-2 5.55438E-2 4.21994E-2 5.1593E-2 5.36662E-2 4.3102E-2 3.90953E-2 4.42812E-2 3.86841E-2 3.46183E-2 3.18626E-2 2.59666E-2 2.07537E-2 1.46619E-2 1.92451E-2 3.05994E-2 2.50705E-2 2.67239E-2 2.81956E-2 3.33387E-2 3.10031E-2 3.43957E-2 2.85162E-2 2.76556E-2 2.39666E-2 2.81276E-2 2.44032E-2 2.54746E-2 2.47829E-2 2.15921E-2 2.09463E-2 1.90788E-2 1.66118E-2 1.59691E-2 1.52015E-2 1.40529E-2 1.20963E-2 1.07499E-2 9.87146E-3 8.71211E-3 7.34401E-3 6.45806E-3 6.61183E-3 6.41166E-3 5.10043E-3
-9999 -9999 -9999 -9999 -9999 3.87329E-2 2.66422E-2 2.68526E-2 2.24769E-2 6.29965E-2 5.39539E-2 3.5215E-2 2.29323E-2 3.22554E-2 2.4885E-2 2.23026E-2 2.52225E-2 5.32764E-2 3.38784E-2 3.80725E-2 5.75531E-2 5.47526E-2 5.0848E-2 5.67285E-2 4.87327E-2 3.78079E-2 3.78407E-2 2.16409E-2 1.76701E-2 1.70251E-2 1.53186E-2 2.77722E-2 3.82255E-2 3.9242E-2 4.52816E-2 3.63406E-2 3.62549E-2 -9999 -9999 4.50834E-2 -9999 -9999 -9999 3.16147E-2 2.54839E-2 2.09065E-2 2.01186E-2 1.80843E-2 1.5872E-2 1.58494E-2 1.46029E-2 1.2391E-2 1.10068E-2 9.93531E-3 9.04408E-3 7.89911E-3 6.96481E-3 6.38627E-3 6.28303E-3 5.90931E-3 5.70614E-3
-9999 -9999 -9999 -9999 6.44481E-2 2.92532E-2 3.04538E-2 2.81117E-2 2.94578E-2 3.22427E-2 2.03877E-2 2.60297E-2 4.29158E-2 2.95644E-2 2.36311E-2 2.81614E-2 3.28986E-2 3.47871E-2 2.97655E-2 3.5546E-2 5.29846E-2 4.34616E-2 4.15151E-2 6.48495E-2 4.78712E-2 6.04709E-2 4.09092E-2 3.58091E-2 2.7403E-2 1.64454E-2 2.21606E-2 3.68461E-2 4.2343E-2 3.44389E-2 3.72995E-2 3.40783E-2 3.27643E-2 3.9471E-2 4.67934E-2 3.60934E-2 5.482E-2 -9999 3.37467E-2 3.52103E-2 2.46345E-2 2.03149E-2 2.09642E-2 1.91993E-2 1.71553E-2 1.85039E-2 1.62617E-2 1.27719E-2 1.1665E-2 1.0262E-2 8.39934E-3 7.01055E-3 6.12338E-3 6.03577E-3 5.46136E-3 5.33606E-3 5.37398E-3
-9999 -9999 -9999 6.16431E-2 8.57003E-2 5.68699E-2 2.99668E-2 3.67832E-2 3.25868E-2 2.98451E-2 2.72691E-2 3.04986E-2 6.03836E-2 3.39987E-2 4.41403E-2 2.31036E-2 3.41188E-2 4.25505E-2 4.05939E-2 4.71702E-2 3.74644E-2 2.43042E-2 4.80448E-2 5.62095E-2 5.77951E-2 5.22178E-2 4.45249E-2 3.42495E-2 3.42031E-2 2.68381E-2 2.34484E-2 3.80157E-2 3.83832E-2 2.63603E-2 3.0167E-2 4.37976E-2 3.92756E-2 3.64744E-2 3.47927E-2 3.00432E-2 4.56364E-2 4.29645E-2 -9999 -9999 2.28942E-2 2.38636E-2 3.03508E-2 2.63515E-2 2.03028E-2 1.75176E-2 2.12323E-2 1.43148E-2 1.18893E-2 1.08508E-2 9.03607E-3 7.08642E-3 6.49797E-3 5.96291E-3 5.75393E-3 5.52827E-3 5.82654E-3
-9999 -9999 -9999 9.97902E-2 8.52745E-2 6.2431E-2 3.39091E-2 6.61964E-2 1.72032E-1 4.16122E-2 4.69171E-2 4.35431E-2 2.76539E-2 2.75712E-2 8.10319E-2 3.38847E-2 4.53611E-2 6.7738E-2 5.18817E-2 3.60475E-2 3.47368E-2 2.73874E-2 2.80832E-2 3.97401E-2 5.15116E-2 5.35227E-2 4.88732E-2 4.89336E-2 4.22874E-2 3.54104E-2 3.31627E-2 2.9284E-2 4.39339E-2 3.23017E-2 3.33017E-2 4.04001E-2 4.24866E-2 4.4855E-2 3.09095E-2 2.53769E-2 -9999 -9999 -9999 -9999 -9999 3.18172E-2 3.41203E-2 2.50014E-2 1.88982E-2 1.68494E-2 1.7837E-2 2.28393E-2 1.17158E-2 1.1051E-2 7.98892E-3 6.46403E-3 6.78568E-3 7.13987E-3 7.94081E-3 7.80065E-3 8.57365E-3
