Candidate_Models_Sept202022/M_2_F_lqp_Set_1_cal/Bison.asc
ncols         97
nrows         127
xllcorner     -2197417.7431653
yllcorner     -584827.01486885
cellsize      30000.0
NODATA_value  -9999
[rows 54 to 80 of 127, columns 0 to 60 of 97]
-9999 -9999 -9999 -9999 1.38598E-2 8.12662E-3 3.97188E-3 7.60151E-3 6.47487E-3 3.42617E-3 4.91302E-3 2.45463E-2 2.65445E-2 5.02695E-2 3.86467E-2 2.15609E-2 3.18238E-2 5.50121E-2 6.07537E-2 7.55354E-2 1.00295E-1 9.90415E-2 8.33442E-2 6.93893E-2 8.15929E-2 1.48143E-1 1.10746E-1 9.1267E-2 1.4163E-1 1.21376E-1 1.30962E-1 1.48418E-1 1.65483E-1 1.73474E-1 1.56148E-1 1.52901E-1 1.5483E-1 1.47966E-1 1.65383E-1 1.92763E-1 2.42877E-1 2.80373E-1 2.07237E-1 1.46259E-1 1.35093E-1 1.24892E-1 1.29158E-1 1.15878E-1 1.09308E-1 1.03037E-1 1.04297E-1 1.01458E-1 8.07532E-2 1.2383E-1 1.3855E-1 9.97687E-2 1.06216E-1 9.52457E-2 9.40958E-2 6.87495E-2 5.34781E-2
-9999 -9999 -9999 -9999 -9999 5.28624E-3 3.07584E-3 5.04812E-3 1.40179E-2 5.1738E-3 3.39259E-3 1.8877E-2 5.51206E-2 3.73541E-2 3.70777E-2 2.30562E-2 2.13299E-2 2.69388E-2 7.1787E-2 4.04012E-2 1.04951E-1 1.05516E-1 8.54314E-2 1.12646E-1 7.84319E-2 8.50877E-2 9.68197E-2 1.18811E-1 1.86907E-1 1.70157E-1 1.73571E-1 1.61601E-1 1.70698E-1 1.5767E-1 1.54726E-1 1.74661E-1 1.78832E-1 1.5947E-1 1.88457E-1 1.79146E-1 2.45425E-1 3.46171E-1 1.86338E-1 1.47625E-1 1.50053E-1 1.41641E-1 1.28485E-1 1.15776E-1 1.21852E-1 1.01102E-1 1.18245E-1 1.26592E-1 1.15968E-1 1.42455E-1 1.31975E-1 1.04456E-1 9.88118E-2 8.48635E-2 8.57263E-2 7.06188E-2 7.40609E-2
-9999 -9999 -9999 -9999 -9999 9.31383E-3 5.48673E-3 7.14388E-3 8.41718E-3 6.16349E-3 1.17179E-3 8.06781E-3 1.13225E-2 1.53112E-2 4.68767E-2 2.63288E-2 3.75787E-2 4.69378E-2 5.61645E-2 7.0013E-2 9.59905E-2 7.54546E-2 6.82785E-2 8.64484E-2 7.56934E-2 8.78206E-2 1.00197E-1 1.50119E-1 2.33345E-1 1.68414E-1 1.95986E-1 1.97843E-1 1.99828E-1 1.91156E-1 2.06447E-1 2.32034E-1 1.76627E-1 1.59656E-1 1.86084E-1 1.6152E-1 2.48253E-1 1.94509E-1 1.50405E-1 1.59341E-1 1.55691E-1 1.44955E-1 1.33145E-1 1.21148E-1 1.2268E-1 1.36003E-1 1.45553E-1 1.39847E-1 1.45465E-1 1.54475E-1 1.1187E-1 1.08303E-1 1.11196E-1 1.04066E-1 8.38963E-2 7.4783E-2 5.74295E-2
-9999 -9999 -9999 -9999 -9999 -9999 9.09606E-3 -9999 1.40626E-2 2.37628E-3 1.63669E-3 5.90842E-3 1.58609E-2 1.79156E-2 1.66465E-2 5.09618E-2 2.96698E-2 4.63792E-2 6.29538E-2 8.6791E-2 6.68729E-2 6.96507E-2 7.05337E-2 1.06475E-1 8.2379E-2 9.57806E-2 6.25375E-2 1.50282E-1 1.73785E-1 1.91751E-1 3.29851E-1 3.10337E-1 2.34248E-1 2.15095E-1 2.22047E-1 2.36122E-1 2.31302E-1 1.76963E-1 1.89882E-1 1.5118E-1 1.73015E-1 1.62764E-1 1.82028E-1 1.66536E-1 1.38722E-1 1.48194E-1 1.41579E-1 1.69339E-1 1.85564E-1 1.49952E-1 1.49559E-1 1.94939E-1 1.37764E-1 1.22656E-1 1.17701E-1 1.20747E-1 1.15038E-1 1.1023E-1 9.89354E-2 8.13958E-2 6.07172E-2
-9999 -9999 -9999 7.68083E-3 -9999 -9999 -9999 -9999 -9999 5.36912E-3 4.82646E-3 4.38284E-3 7.85077E-3 1.45873E-2 1.56607E-2 3.76888E-2 3.12023E-2 5.04806E-2 5.77986E-2 8.6575E-2 6.67504E-2 8.2052E-2 5.94017E-2 1.17717E-1 6.15995E-2 6.55915E-2 6.65858E-2 1.07264E-1 2.47603E-1 2.1167E-1 4.30284E-1 3.82026E-1 2.26226E-1 1.92453E-1 1.84443E-1 2.45994E-1 2.31067E-1 2.72275E-1 4.59796E-1 1.80532E-1 1.81671E-1 1.62046E-1 1.7958E-1 1.64646E-1 1.29262E-1 1.50303E-1 1.79682E-1 1.67938E-1 1.68449E-1 1.50195E-1 1.54697E-1 1.5298E-1 1.5651E-1 1.27371E-1 1.24453E-1 1.39426E-1 1.14848E-1 1.47792E-1 1.21847E-1 9.36882E-2 8.2725E-2
-9999 -9999 -9999 5.79608E-3 1.1447E-2 1.54923E-2 -9999 -9999 -9999 8.1111E-3 2.42521E-3 8.75989E-3 1.16873E-2 1.97582E-2 1.9542E-2 4.85013E-2 3.7368E-2 4.16783E-2 7.59548E-2 7.82949E-2 6.7276E-2 7.08478E-2 7.57951E-2 9.75961E-2 7.93991E-2 5.96811E-2 6.58914E-2 1.10967E-1 3.01208E-1 3.19688E-1 5.15461E-1 4.39171E-1 2.38358E-1 2.2909E-1 2.34832E-1 2.13406E-1 2.27297E-1 4.51058E-1 3.44815E-1 1.88442E-1 1.97477E-1 2.22506E-1 1.81478E-1 1.6867E-1 1.67161E-1 1.64066E-1 1.74055E-1 1.59506E-1 1.58713E-1 1.93747E-1 1.75263E-1 1.56798E-1 1.30497E-1 1.33479E-1 1.12592E-1 1.45891E-1 1.85372E-1 1.75082E-1 1.36635E-1 1.20605E-1 1.04117E-1
-9999 -9999 -9999 5.46484E-3 1.30052E-2 2.05854E-2 1.38229E-2 -9999 -9999 2.04627E-2 4.19194E-3 1.6007E-2 1.15641E-2 1.58762E-2 1.90882E-2 3.58238E-2 4.79854E-2 6.51243E-2 7.90785E-2 6.78943E-2 8.88368E-2 9.04615E-2 8.08897E-2 6.53208E-2 9.85549E-2 3.19789E-2 4.09967E-2 9.10229E-2 1.92366E-1 1.96293E-1 5.26702E-1 6.15204E-1 4.26668E-1 4.60761E-1 4.76171E-1 2.98258E-1 3.41705E-1 3.74991E-1 2.52203E-1 2.12447E-1 2.28195E-1 2.1671E-1 2.00505E-1 1.79518E-1 1.70063E-1 1.67619E-1 1.66303E-1 1.80863E-1 1.75345E-1 2.51364E-1 2.60201E-1 2.24487E-1 1.7222E-1 2.08513E-1 1.19163E-1 1.40825E-1 1.46191E-1 1.64416E-1 1.5069E-1 1.35913E-1 9.11417E-2
-9999 -9999 -9999 3.64838E-3 9.96429E-3 1.37492E-2 -9999 -9999 1.17964E-2 3.32535E-3 1.69667E-3 5.99065E-3 8.59382E-3 1.52285E-2 2.47478E-2 4.17591E-2 1.20831E-1 7.84559E-2 8.82295E-2 5.83556E-2 7.9748E-2 8.80663E-2 9.80877E-2 8.51964E-2 9.1451E-2 3.6341E-2 2.9041E-2 7.23565E-2 1.32362E-1 3.38078E-1 5.51183E-1 6.79065E-1 6.0609E-1 5.11598E-1 5.6545E-1 4.84323E-1 4.5075E-1 4.92319E-1 3.37982E-1 2.60879E-1 2.62668E-1 2.55503E-1 2.16391E-1 1.95913E-1 1.83049E-1 2.1552E-1 1.98556E-1 2.00148E-1 2.33271E-1 2.72975E-1 2.58403E-1 1.7971E-1 1.63993E-1 1.30104E-1 1.17112E-1 1.54334E-1 1.53829E-1 1.31624E-1 1.55179E-1 1.17255E-1 1.14072E-1
-9999 -9999 -9999 3.46529E-3 1.34352E-2 -9999 -9999 1.96506E-2 8.61023E-3 3.76412E-3 3.02656E-3 5.94492E-3 9.63381E-3 9.95449E-3 2.80721E-2 5.44498E-2 9.81994E-2 7.97591E-2 8.68547E-2 7.95793E-2 8.48405E-2 1.022E-1 9.67493E-2 9.91E-2 9.21873E-2 4.55053E-2 2.49503E-2 7.11036E-2 9.86224E-2 1.32535E-1 3.71309E-1 6.08413E-1 4.23132E-1 4.80355E-1 6.80746E-1 6.00167E-1 5.73097E-1 7.0582E-1 4.81885E-1 2.79694E-1 2.65757E-1 2.26911E-1 2.05075E-1 1.94083E-1 2.08623E-1 2.46142E-1 2.16574E-1 1.84553E-1 1.78812E-1 2.2654E-1 2.41269E-1 1.53778E-1 1.27104E-1 1.36011E-1 1.26107E-1 1.35989E-1 1.47725E-1 1.36975E-1 1.38721E-1 1.22592E-1 1.23658E-1
-9999 -9999 -9999 2.31056E-3 4.18101E-3 -9999 -9999 -9999 1.06847E-2 3.37995E-3 3.3116E-3 7.76477E-3 4.44209E-3 2.85334E-2 4.95009E-2 6.73194E-2 9.16851E-2 9.98881E-2 1.06956E-1 7.85253E-2 9.812E-2 1.1252E-1 1.13437E-1 9.86938E-2 9.03366E-2 4.87288E-2 3.21248E-2 4.87374E-2 8.25805E-2 1.04032E-1 1.58795E-1 4.23104E-1 5.24218E-1 5.56927E-1 6.37904E-1 6.45864E-1 5.56331E-1 5.28519E-1 3.13258E-1 2.74689E-1 2.45317E-1 2.45816E-1 2.26413E-1 2.12116E-1 2.30224E-1 2.42062E-1 2.72574E-1 2.06257E-1 2.10278E-1 2.52503E-1 2.40999E-1 1.79135E-1 1.84048E-1 1.64751E-1 1.57339E-1 1.32415E-1 1.50292E-1 1.46565E-1 1.52168E-1 1.62111E-1 1.3948E-1
-9999 -9999 -9999 3.23281E-3 9.84666E-3 -9999 -9999 -9999 1.40983E-2 7.12299E-3 5.83149E-3 3.289E-3 1.74904E-2 3.27149E-2 3.84799E-2 7.84517E-2 8.80163E-2 1.0556E-1 1.21011E-1 8.92609E-2 8.96748E-2 1.37548E-1 1.28083E-1 1.16976E-1 1.01261E-1 7.70097E-2 3.32184E-2 5.58925E-2 6.66992E-2 1.20337E-1 1.57357E-1 4.61573E-1 5.29388E-1 6.28848E-1 5.21618E-1 5.53788E-1 4.81451E-1 5.63598E-1 3.55617E-1 3.72035E-1 2.71523E-1 2.68264E-1 2.35827E-1 2.22194E-1 3.11393E-1 3.15777E-1 2.97642E-1 2.26013E-1 2.21511E-1 2.79532E-1 2.98765E-1 1.96275E-1 1.76324E-1 1.45683E-1 1.70239E-1 1.4414E-1 1.44282E-1 1.38421E-1 1.28096E-1 1.4296E-1 1.27438E-1
-9999 -9999 -9999 1.56506E-3 1.00119E-2 -9999 -9999 -9999 1.41746E-2 6.189E-3 1.6467E-3 2.4342E-3 1.00702E-2 2.91826E-2 1.04938E-1 7.13619E-2 7.94785E-2 1.16843E-1 1.01031E-1 1.02084E-1 1.61192E-1 2.06664E-1 1.36425E-1 1.24074E-1 1.01098E-1 7.43263E-2 4.28395E-2 4.93513E-2 6.06325E-2 9.62157E-2 1.4046E-1 3.00227E-1 4.76504E-1 6.42138E-1 5.05093E-1 5.57809E-1 3.4807E-1 5.08462E-1 5.28296E-1 3.81581E-1 2.25935E-1 2.19616E-1 2.31861E-1 2.46432E-1 2.39102E-1 2.35363E-1 2.44971E-1 2.52763E-1 2.95294E-1 2.64956E-1 2.30333E-1 2.14471E-1 1.87828E-1 1.74762E-1 1.64482E-1 1.6097E-1 1.39816E-1 1.78061E-1 1.53539E-1 1.5336E-1 2.21149E-1
-9999 -9999 -9999 -9999 4.13875E-3 -9999 -9999 -9999 -9999 9.27946E-3 2.38734E-3 3.11728E-3 9.88801E-3 1.08562E-2 4.27789E-2 7.39242E-2 8.30197E-2 1.19072E-1 1.29938E-1 1.61237E-1 1.32342E-1 3.14613E-1 1.89541E-1 1.39743E-1 1.45484E-1 8.54767E-2 4.75178E-2 3.50439E-2 6.38038E-2 6.33123E-2 9.94788E-2 1.45723E-1 1.8654E-1 2.43299E-1 2.25159E-1 2.73005E-1 5.05682E-1 4.39883E-1 2.63341E-1 2.09225E-1 2.98028E-1 2.21076E-1 3.01641E-1 2.52952E-1 2.42805E-1 2.94978E-1 2.63754E-1 2.8296E-1 2.56178E-1 2.38391E-1 3.23654E-1 2.13875E-1 2.01675E-1 1.92704E-1 1.93079E-1 1.73768E-1 1.70061E-1 1.59102E-1 1.53395E-1 1.51437E-1 1.55645E-1
-9999 -9999 -9999 -9999 8.44239E-3 -9999 -9999 -9999 -9999 1.62541E-2 5.21195E-3 3.60816E-3 1.39378E-2 1.35534E-2 3.03989E-2 6.93032E-2 1.05965E-1 1.13388E-1 1.28416E-1 1.17317E-1 1.43359E-1 1.84981E-1 1.49109E-1 2.26128E-1 2.91606E-1 1.01251E-1 6.01962E-2 3.47909E-2 4.59696E-2 6.1561E-2 6.39426E-2 9.95136E-2 1.69401E-1 2.71994E-1 2.01435E-1 2.09721E-1 3.36117E-1 2.29519E-1 1.73847E-1 1.48457E-1 2.48129E-1 2.12592E-1 2.5879E-1 3.19098E-1 2.55288E-1 2.83185E-1 4.05775E-1 2.82537E-1 2.68987E-1 2.8037E-1 2.93481E-1 2.41155E-1 2.30559E-1 2.06522E-1 2.01167E-1 2.11606E-1 1.8936E-1 1.80623E-1 1.69843E-1 1.49182E-1 1.47279E-1
-9999 -9999 -9999 -9999 -9999 -9999 -9999 -9999 -9999 1.09524E-2 1.00851E-2 2.99349E-3 1.01151E-2 1.18816E-2 1.49355E-2 4.62892E-2 1.12473E-1 1.16563E-1 1.14412E-1 1.44181E-1 1.33492E-1 1.42441E-1 1.60116E-1 1.36675E-1 1.13376E-1 5.15728E-2 3.40617E-2 5.06855E-2 3.38985E-2 5.98131E-2 8.63073E-2 8.82495E-2 1.0068E-1 2.01154E-1 1.44048E-1 2.0291E-1 3.51145E-1 3.22019E-1 1.93575E-1 2.46307E-1 2.99058E-1 2.39813E-1 2.97067E-1 3.27315E-1 4.86413E-1 5.37198E-1 5.35372E-1 3.30507E-1 2.71054E-1 2.65111E-1 2.91466E-1 2.89806E-1 2.38678E-1 1.86402E-1 2.10016E-1 1.91504E-1 1.9402E-1 2.01892E-1 1.75135E-1 1.67394E-1 1.63821E-1
-9999 -9999 -9999 -9999 -9999 -9999 -9999 -9999 -9999 -9999 9.53092E-3 3.68814E-3 4.53881E-3 1.12569E-2 2.65875E-2 6.21184E-2 1.08556E-1 1.04566E-1 1.25819E-1 1.29528E-1 1.25012E-1 1.2567E-1 1.55215E-1 1.4123E-1 1.11259E-1 5.21677E-2 4.17012E-2 3.83408E-2 4.25345E-2 5.24696E-2 8.5596E-2 7.98601E-2 1.37218E-1 1.6074E-1 1.94389E-1 2.01938E-1 2.95334E-1 3.26484E-1 2.29339E-1 2.69724E-1 2.9245E-1 4.55523E-1 4.7086E-1 5.45485E-1 6.05255E-1 6.20444E-1 5.23814E-1 6.39287E-1 2.87404E-1 2.63026E-1 3.54911E-1 2.90819E-1 2.32393E-1 2.21837E-1 2.10586E-1 1.96812E-1 2.28557E-1 2.38072E-1 2.12529E-1 1.85074E-1 1.95574E-1
-9999 -9999 -9999 -9999 -9999 -9999 -9999 -9999 -9999 -9999 7.92137E-3 3.6707E-3 2.20748E-3 7.00852E-3 2.65462E-2 2.52817E-2 1.15818E-1 1.44408E-1 1.19644E-1 1.34976E-1 1.24027E-1 1.23038E-1 1.61526E-1 1.89774E-1 1.00291E-1 5.52792E-2 4.02479E-2 2.57801E-2 4.49244E-2 7.82001E-2 8.75553E-2 9.96701E-2 1.10898E-1 1.66326E-1 1.92266E-1 2.67084E-1 2.29582E-1 2.20145E-1 2.37444E-1 4.92203E-1 5.1091E-1 6.10591E-1 5.47477E-1 5.97335E-1 5.92122E-1 5.74453E-1 3.69153E-1 5.23483E-1 4.4008E-1 5.14663E-1 5.20987E-1 3.58836E-1 2.46912E-1 2.31493E-1 2.15202E-1 2.15592E-1 2.1481E-1 1.94808E-1 2.03165E-1 1.98599E-1 2.07224E-1
-9999 -9999 -9999 -9999 -9999 -9999 -9999 -9999 -9999 -9999 6.38375E-3 2.50848E-3 3.02828E-3 6.1285E-3 1.02242E-1 8.47217E-2 1.12748E-1 1.66611E-1 1.37298E-1 1.63617E-1 1.45502E-1 1.47401E-1 1.60919E-1 1.77467E-1 1.17792E-1 5.3591E-2 3.9143E-2 4.31601E-2 5.66756E-2 6.3503E-2 1.04779E-1 1.49087E-1 1.30792E-1 1.23758E-1 1.93911E-1 2.37571E-1 3.46348E-1 4.32082E-1 4.6974E-1 4.37374E-1 5.48553E-1 5.7219E-1 6.49666E-1 6.61826E-1 6.52594E-1 6.95288E-1 6.53163E-1 6.14707E-1 5.72701E-1 6.40061E-1 6.53636E-1 5.55578E-1 4.6078E-1 4.16204E-1 3.97525E-1 2.4425E-1 2.22817E-1 2.1102E-1 2.23829E-1 2.21975E-1 2.25165E-1
-9999 -9999 -9999 -9999 -9999 -9999 -9999 -9999 -9999 -9999 6.56414E-3 1.9718E-3 4.0351E-3 4.98673E-3 3.36285E-2 4.48468E-2 1.14195E-1 1.49348E-1 1.47361E-1 2.00763E-1 2.28016E-1 1.70924E-1 1.52759E-1 1.64525E-1 1.10005E-1 5.87898E-2 4.23565E-2 4.09223E-2 1.09734E-1 6.69734E-2 7.80051E-2 1.69908E-1 1.52419E-1 1.0608E-1 2.46244E-1 2.1248E-1 3.29059E-1 4.05522E-1 3.72672E-1 4.52146E-1 5.92822E-1 6.83625E-1 7.48024E-1 7.25437E-1 7.89985E-1 7.19868E-1 7.14359E-1 6.87928E-1 7.11861E-1 6.75413E-1 4.62181E-1 3.71788E-1 3.71293E-1 5.02396E-1 5.36077E-1 4.92029E-1 2.7138E-1 2.33391E-1 2.30943E-1 2.22183E-1 2.33414E-1
-9999 -9999 -9999 -9999 -9999 -9999 -9999 -9999 -9999 -9999 4.13535E-3 2.44714E-3 5.34888E-3 1.88475E-2 1.29852E-1 2.46962E-2 1.25741E-1 1.06118E-1 1.41714E-1 2.36123E-1 2.96837E-1 1.94004E-1 1.77062E-1 1.36384E-1 1.56575E-1 1.00581E-1 6.26001E-2 4.84606E-2 7.20761E-2 1.36608E-1 8.4008E-2 7.96941E-2 1.35491E-1 1.9285E-1 2.28024E-1 2.96289E-1 2.78424E-1 2.91157E-1 3.63303E-1 4.6212E-1 6.23001E-1 7.75875E-1 7.9955E-1 8.93934E-1 8.2821E-1 6.83866E-1 6.42997E-1 6.69174E-1 5.78877E-1 7.23329E-1 6.8289E-1 4.65293E-1 3.80229E-1 5.68889E-1 4.25488E-1 3.83701E-1 2.59115E-1 3.10894E-1 2.66044E-1 2.2609E-1 2.45489E-1
-9999 -9999 -9999 -9999 -9999 -9999 -9999 -9999 9.96566E-3 8.32416E-3 7.31015E-3 4.2774E-3 3.06155E-3 6.69643E-3 1.90036E-2 1.1958E-1 1.29118E-1 1.20719E-1 1.15814E-1 1.68979E-1 1.88189E-1 2.39918E-1 2.38834E-1 1.6981E-1 1.67597E-1 1.26914E-1 5.52956E-2 3.3565E-2 3.56989E-2 6.50907E-2 4.94006E-2 6.63922E-2 1.44947E-1 1.17622E-1 1.83645E-1 1.65304E-1 2.07877E-1 3.39215E-1 3.08506E-1 5.14158E-1 6.77206E-1 7.87882E-1 7.57247E-1 7.58533E-1 7.55196E-1 6.5658E-1 6.58214E-1 6.83489E-1 6.65028E-1 5.99152E-1 6.9026E-1 6.37744E-1 5.86264E-1 5.47782E-1 4.04506E-1 3.63149E-1 4.44482E-1 3.9829E-1 4.03138E-1 2.65067E-1 2.81092E-1
-9999 -9999 -9999 -9999 -9999 -9999 -9999 -9999 6.04257E-3 4.42852E-3 8.53494E-3 8.29896E-3 6.40329E-3 3.02446E-3 4.98044E-3 3.11381E-2 3.95955E-2 1.69269E-1 1.04476E-1 9.87624E-2 1.3945E-1 1.66416E-1 2.54041E-1 1.54711E-1 1.54938E-1 1.07166E-1 6.73646E-2 4.95802E-2 3.95197E-2 3.78851E-2 1.00262E-1 4.70817E-2 1.22449E-1 1.69009E-1 2.45348E-1 1.42682E-1 2.45731E-1 2.69498E-1 2.96966E-1 2.83514E-1 5.63944E-1 7.3318E-1 7.26355E-1 7.25383E-1 7.31647E-1 6.79331E-1 6.30305E-1 6.61377E-1 6.49956E-1 7.0832E-1 6.82011E-1 6.53426E-1 6.25726E-1 5.61486E-1 5.52216E-1 5.58504E-1 5.98346E-1 5.55608E-1 5.35719E-1 5.43935E-1 5.62872E-1
-9999 -9999 -9999 -9999 -9999 -9999 -9999 -9999 2.36964E-3 2.14685E-3 2.15696E-3 3.13847E-3 5.17392E-3 3.39449E-3 3.643E-3 2.02687E-2 3.16564E-2 1.44751E-1 1.16458E-1 1.28479E-1 1.29302E-1 1.16528E-1 1.79194E-1 1.69651E-1 1.81871E-1 1.96041E-1 8.51503E-2 7.86071E-2 5.38038E-2 4.09993E-2 7.98149E-2 7.41603E-2 9.53665E-2 2.1614E-1 3.62388E-1 3.42833E-1 1.65433E-1 2.47897E-1 2.69153E-1 5.74469E-1 7.25195E-1 7.77156E-1 7.70751E-1 7.86363E-1 7.82161E-1 6.95461E-1 6.54288E-1 6.08258E-1 7.02877E-1 7.06853E-1 7.54032E-1 6.83274E-1 6.34519E-1 5.71116E-1 6.33686E-1 5.41799E-1 6.22766E-1 5.7942E-1 5.27602E-1 6.22487E-1 6.55077E-1
-9999 -9999 -9999 -9999 -9999 -9999 -9999 -9999 -9999 2.82671E-3 1.62055E-3 2.66604E-3 4.14837E-3 6.88889E-3 3.42248E-3 4.99E-3 2.84171E-2 1.37349E-1 3.2175E-1 1.97986E-1 6.89804E-2 7.67777E-2 8.74571E-2 1.74168E-1 1.34872E-1 1.45541E-1 1.05177E-1 7.03431E-2 4.99149E-2 3.80515E-2 2.84438E-2 4.64622E-2 7.07128E-2 9.13066E-2 1.9864E-1 2.10859E-1 2.36649E-1 2.22499E-1 3.29699E-1 7.58022E-1 7.35636E-1 8.40647E-1 8.36326E-1 7.89979E-1 7.41338E-1 6.45926E-1 7.11924E-1 7.0807E-1 5.83691E-1 6.25707E-1 6.20242E-1 6.46411E-1 5.88494E-1 7.35276E-1 7.06589E-1 5.8213E-1 6.38305E-1 6.49527E-1 5.82455E-1 5.90405E-1 5.74026E-1
-9999 -9999 -9999 -9999 -9999 -9999 -9999 -9999 -9999 2.24764E-3 2.45553E-3 2.29451E-3 2.55232E-3 7.34734E-3 9.43563E-3 5.55657E-3 7.88524E-3 2.00768E-2 8.5838E-2 9.96474E-2 5.66071E-2 4.69366E-2 7.65956E-2 1.21917E-1 1.22503E-1 1.29342E-1 1.38173E-1 7.98804E-2 4.02634E-2 2.59955E-2 4.26165E-2 1.88676E-2 1.10641E-1 6.29705E-2 1.71789E-1 2.61872E-1 3.71358E-1 2.57561E-1 2.53944E-1 6.41879E-1 7.80018E-1 7.84412E-1 7.24468E-1 7.23863E-1 7.06276E-1 5.8033E-1 5.41098E-1 7.01765E-1 6.09318E-1 6.46435E-1 7.09147E-1 6.13882E-1 6.65498E-1 6.65326E-1 7.02562E-1 6.45025E-1 5.33467E-1 5.74238E-1 5.59669E-1 5.73416E-1 6.04851E-1
-9999 -9999 -9999 -9999 -9999 -9999 -9999 -9999 -9999 -9999 2.81521E-3 1.68003E-3 2.14042E-3 1.12237E-2 2.3771E-2 4.60184E-3 5.9312E-3 1.42121E-2 5.64694E-2 4.86454E-2 5.15446E-2 3.27264E-2 7.15881E-2 2.32916E-1 1.69914E-1 1.5204E-1 1.06131E-1 6.70836E-2 3.69292E-2 2.87432E-2 3.89513E-2 3.2147E-2 3.78702E-2 5.67626E-2 9.70592E-2 2.07528E-1 2.8225E-1 2.59561E-1 3.76798E-1 6.65348E-1 7.43163E-1 7.47747E-1 7.27675E-1 7.03363E-1 5.57135E-1 5.63415E-1 5.10875E-1 6.2071E-1 5.80537E-1 6.30286E-1 7.35921E-1 7.16424E-1 7.07685E-1 7.33723E-1 6.20362E-1 6.62169E-1 6.69564E-1 5.34869E-1 5.50384E-1 6.17143E-1 5.92243E-1
-9999 -9999 -9999 -9999 -9999 -9999 -9999 -9999 -9999 -9999 2.8724E-3 1.77563E-3 2.95913E-3 6.41306E-3 2.50471E-2 1.01523E-2 4.08282E-3 5.50544E-3 2.20187E-2 3.57838E-2 4.4047E-2 5.57383E-2 6.69805E-2 9.70672E-2 2.09708E-1 3.17044E-1 2.85117E-1 1.15872E-1 1.01277E-1 4.7135E-2 2.63859E-2 5.77356E-2 7.9522E-2 1.00466E-1 9.32148E-2 1.39569E-1 1.96039E-1 2.30809E-1 2.617E-1 7.03968E-1 7.90277E-1 7.58978E-1 7.51443E-1 7.76214E-1 7.09612E-1 5.78192E-1 4.80934E-1 5.20639E-1 5.7428E-1 5.83244E-1 6.58747E-1 6.78912E-1 6.91818E-1 6.94454E-1 6.78953E-1 6.12471E-1 6.37633E-1 6.38793E-1 6.59863E-1 5.46028E-1 5.64737E-1
