Candidate_Models_Sept202022/M_2_F_lqp_Set_1_cal/Bison.asc
ncols         97
nrows         127
xllcorner     -2197417.7431653
yllcorner     -584827.01486885
cellsize      30000.0
NODATA_value  -9999
[rows 27 to 53 of 127, columns 0 to 60 of 97]
-9999 -9999 1.39058E-1 1.19389E-1 1.21371E-1 7.64739E-2 4.66038E-2 7.0233E-2 2.0152E-1 6.13432E-2 6.88556E-2 9.10992E-2 3.50102E-2 4.08155E-2 3.56178E-2 5.11999E-2 3.59857E-2 4.17726E-2 4.39952E-2 3.41467E-2 2.61761E-2 3.31738E-2 3.51987E-2 3.69444E-2 4.69792E-2 3.89549E-2 4.71813E-2 4.19965E-2 4.78749E-2 4.15386E-2 3.11164E-2 2.89598E-2 3.06666E-2 2.98646E-2 3.30479E-2 3.29084E-2 5.25306E-2 3.48357E-2 2.63712E-2 3.79805E-2 5.38587E-2 6.78448E-2 4.97851E-2 9.72302E-2 5.12416E-2 3.47906E-2 2.71804E-2 2.33987E-2 1.86867E-2 1.73276E-2 1.66832E-2 1.76518E-2 1.34606E-2 1.2077E-2 8.63699E-3 6.84839E-3 6.60967E-3 5.98361E-3 6.47734E-3 6.69669E-3 1.01333E-2
-9999 1.2483E-1 1.20984E-1 1.21514E-1 8.68041E-2 1.01371E-1 6.18837E-2 6.57389E-2 6.65444E-2 6.18104E-2 6.5414E-2 6.29867E-2 4.72216E-2 4.81336E-2 5.06786E-2 4.41421E-2 6.96403E-2 5.28643E-2 4.89569E-2 4.83783E-2 8.61383E-2 4.8782E-2 2.65928E-2 3.47081E-2 4.46691E-2 4.37136E-2 3.97772E-2 4.11882E-2 3.87415E-2 3.98597E-2 3.27913E-2 2.19154E-2 3.93229E-2 2.82886E-2 2.69539E-2 3.72112E-2 5.11812E-2 6.51269E-2 5.30115E-2 4.11686E-2 4.44211E-2 3.51608E-2 4.41853E-2 4.2369E-2 4.32839E-2 2.8612E-2 2.60357E-2 2.0421E-2 1.83815E-2 1.55122E-2 1.61476E-2 2.11268E-2 1.22961E-2 1.06523E-2 8.87621E-3 7.33537E-3 6.61533E-3 6.10096E-3 6.41346E-3 7.12531E-3 6.27848E-3
-9999 7.6472E-2 9.71609E-2 1.49432E-1 1.52105E-1 1.04517E-1 7.24002E-2 7.1878E-2 1.09383E-1 8.2748E-2 6.76157E-2 7.92681E-2 5.55311E-2 5.10736E-2 5.23339E-2 4.60515E-2 3.70512E-2 5.09596E-2 8.27274E-2 8.3366E-2 3.47664E-2 2.52421E-2 3.46151E-2 2.75402E-2 5.44783E-2 5.17958E-2 5.25186E-2 4.77782E-2 4.24899E-2 4.96364E-2 3.22913E-2 2.21009E-2 3.12399E-2 2.99142E-2 2.64403E-2 2.91675E-2 4.77762E-2 5.94689E-2 5.26604E-2 4.7009E-2 5.42087E-2 4.71443E-2 5.74542E-2 3.77868E-2 2.61179E-2 2.72989E-2 2.22618E-2 1.90271E-2 1.58857E-2 1.54084E-2 1.42362E-2 1.39382E-2 1.13685E-2 1.03038E-2 8.49635E-3 7.7259E-3 6.90069E-3 6.36082E-3 6.09042E-3 6.83552E-3 6.50499E-3
1.12972E-1 8.23045E-2 3.9151E-2 6.67084E-2 8.85759E-2 1.19656E-1 1.14245E-1 7.93962E-2 9.3168E-2 7.29809E-2 8.19438E-2 7.9377E-2 6.85837E-2 8.39574E-2 5.30964E-2 4.29026E-2 6.13592E-2 5.80123E-2 5.76539E-2 5.20115E-2 4.49537E-2 2.98442E-2 3.57454E-2 5.14926E-2 5.00211E-2 4.4E-2 4.39391E-2 4.49224E-2 5.10927E-2 4.13583E-2 3.3668E-2 3.33852E-2 2.38092E-2 2.93274E-2 3.79746E-2 3.7356E-2 5.20237E-2 4.93634E-2 5.47947E-2 4.73926E-2 4.59676E-2 3.79924E-2 4.69674E-2 4.60829E-2 2.82765E-2 2.36257E-2 2.14482E-2 1.81405E-2 1.55888E-2 1.28865E-2 1.14653E-2 1.23439E-2 1.19934E-2 1.12973E-2 9.688E-3 8.59267E-3 7.21E-3 6.66658E-3 6.404E-3 6.95509E-3 6.85804E-3
4.37393E-2 8.38814E-2 5.49127E-2 4.64061E-2 7.69982E-2 1.58082E-1 9.97581E-2 1.04192E-1 8.07434E-2 8.60103E-2 1.029E-1 7.85241E-2 7.53468E-2 1.0547E-1 6.12111E-2 8.02736E-2 4.47962E-2 5.79871E-2 4.73667E-2 4.05882E-2 4.03483E-2 4.9246E-2 3.32392E-2 4.2487E-2 4.64163E-2 5.31548E-2 4.81683E-2 5.80338E-2 5.45092E-2 4.85706E-2 3.12228E-2 2.42348E-2 3.44206E-2 2.32184E-2 3.01859E-2 4.35267E-2 4.16809E-2 4.9507E-2 4.78009E-2 4.14702E-2 4.28112E-2 4.20091E-2 4.0732E-2 3.55531E-2 2.72343E-2 2.15027E-2 1.96753E-2 1.91844E-2 1.6368E-2 1.27904E-2 1.19202E-2 1.27213E-2 1.17212E-2 1.14994E-2 1.0309E-2 8.91499E-3 7.76078E-3 7.5231E-3 6.9175E-3 7.18827E-3 6.95727E-3
2.92528E-2 6.32907E-2 9.64183E-2 9.9792E-2 7.58839E-2 1.70647E-1 1.29536E-1 8.30424E-2 7.74955E-2 8.60255E-2 8.94629E-2 8.37732E-2 7.86771E-2 6.3368E-2 5.07505E-2 4.53247E-2 6.09917E-2 3.08555E-2 3.72267E-2 3.95207E-2 4.16336E-2 4.00733E-2 3.30978E-2 4.88259E-2 6.16195E-2 4.86286E-2 4.83147E-2 9.01143E-2 5.26879E-2 3.28489E-2 3.16177E-2 3.11387E-2 3.83132E-2 3.43944E-2 2.256E-2 3.21737E-2 5.88864E-2 4.02221E-2 3.502E-2 4.19851E-2 2.9475E-2 5.08575E-2 4.02938E-2 5.47703E-2 4.28599E-2 2.17757E-2 1.96216E-2 1.75774E-2 1.93936E-2 1.35837E-2 1.33229E-2 1.27345E-2 1.16558E-2 1.1536E-2 1.0706E-2 8.73526E-3 8.30607E-3 8.03457E-3 8.08366E-3 7.37863E-3 7.29051E-3
-9999 2.95604E-2 5.62627E-2 8.56944E-2 8.14525E-2 1.45614E-1 1.13496E-1 8.40628E-2 6.88601E-2 5.30332E-2 8.43555E-2 8.99439E-2 7.1696E-2 6.63008E-2 5.05858E-2 3.28786E-2 3.28603E-2 2.90644E-2 3.55261E-2 4.31367E-2 4.39664E-2 5.89229E-2 3.40549E-2 4.10803E-2 4.27711E-2 6.49247E-2 5.55425E-2 9.18824E-2 7.25741E-2 5.49154E-2 4.19309E-2 2.97602E-2 3.7456E-2 3.4853E-2 2.52504E-2 4.45082E-2 5.2452E-2 4.52147E-2 3.88906E-2 5.66097E-2 3.88193E-2 3.14415E-2 4.30925E-2 4.04099E-2 3.90778E-2 2.11568E-2 2.21801E-2 2.44687E-2 2.05265E-2 1.73322E-2 1.59663E-2 1.4458E-2 1.28949E-2 1.29541E-2 1.09718E-2 1.00544E-2 1.04359E-2 8.58952E-3 8.30207E-3 7.50186E-3 7.83598E-3
-9999 -9999 2.27606E-2 6.82482E-2 7.7493E-2 1.0127E-1 5.83691E-2 5.27316E-2 7.90876E-2 8.66199E-2 8.11134E-2 1.40635E-1 6.00757E-2 5.52768E-2 5.32455E-2 3.34166E-2 3.28183E-2 2.92983E-2 3.73004E-2 4.56757E-2 5.22811E-2 3.55092E-2 3.36799E-2 4.54353E-2 8.19167E-2 5.18931E-2 4.18788E-2 1.06425E-1 6.56537E-2 6.44144E-2 3.57445E-2 2.68261E-2 4.75793E-2 3.5146E-2 4.08262E-2 3.7898E-2 4.72972E-2 3.75479E-2 4.8488E-2 5.63366E-2 4.1187E-2 4.09175E-2 4.77396E-2 4.11971E-2 3.58298E-2 2.56574E-2 2.44529E-2 2.33233E-2 2.42728E-2 2.79959E-2 1.91207E-2 1.64471E-2 1.38647E-2 1.33415E-2 1.19597E-2 1.043E-2 1.13239E-2 9.08369E-3 8.96174E-3 8.72782E-3 8.33629E-3
-9999 -9999 2.21722E-2 4.17361E-2 6.16377E-2 5.74669E-2 4.1625E-2 6.40976E-2 9.26224E-2 9.62102E-2 9.65352E-2 9.00861E-2 5.35185E-2 4.41136E-2 4.2344E-2 5.08615E-2 4.64284E-2 4.67865E-2 3.78786E-2 4.97798E-2 5.75718E-2 5.0642E-2 3.31315E-2 3.98608E-2 6.58053E-2 8.15523E-2 5.94603E-2 9.59162E-2 1.06389E-1 6.13649E-2 4.93652E-2 3.44733E-2 3.25894E-2 2.62175E-2 2.60435E-2 4.07823E-2 5.15887E-2 4.026E-2 5.48737E-2 5.4565E-2 3.83975E-2 4.77463E-2 3.2017E-2 3.54466E-2 3.23777E-2 2.82319E-2 2.23776E-2 2.65425E-2 2.71404E-2 3.74086E-2 2.26731E-2 2.18149E-2 1.66528E-2 1.44903E-2 1.26253E-2 1.15213E-2 1.0747E-2 1.03396E-2 1.03601E-2 9.78872E-3 8.61487E-3
-9999 -9999 1.97749E-2 3.15969E-2 4.49318E-2 3.51611E-2 3.48518E-2 8.58108E-2 1.15098E-1 9.33332E-2 8.41579E-2 4.6005E-2 6.58973E-2 5.46406E-2 5.10058E-2 5.16283E-2 5.75824E-2 5.278E-2 5.06033E-2 4.36309E-2 6.17345E-2 5.55562E-2 3.59049E-2 4.70374E-2 4.01805E-2 4.07077E-2 4.40724E-2 4.29241E-2 7.19467E-2 7.12363E-2 4.37993E-2 3.22429E-2 2.51033E-2 2.89961E-2 3.70502E-2 4.03142E-2 5.041E-2 5.14822E-2 5.10072E-2 4.13958E-2 4.18323E-2 3.27067E-2 2.99606E-2 2.41889E-2 3.3532E-2 3.13019E-2 2.56508E-2 3.32974E-2 2.90165E-2 3.44077E-2 2.32897E-2 2.03843E-2 1.73991E-2 1.51255E-2 1.44235E-2 1.27106E-2 1.19585E-2 1.10284E-2 1.20162E-2 1.07079E-2 9.74236E-3
-9999 -9999 -9999 2.32101E-2 1.13436E-1 1.00768E-1 7.71858E-2 5.98448E-2 6.705E-2 6.64706E-2 5.0379E-2 5.48178E-2 7.43357E-2 6.46338E-2 4.81369E-2 4.67471E-2 5.38801E-2 4.68131E-2 5.43135E-2 4.65669E-2 5.92344E-2 8.34934E-2 3.84595E-2 5.21385E-2 6.7356E-2 4.41643E-2 6.95377E-2 4.94437E-2 4.47209E-2 4.77316E-2 4.82901E-2 4.67163E-2 2.48396E-2 3.56831E-2 4.01214E-2 3.86477E-2 4.72118E-2 5.35526E-2 2.83778E-2 3.58664E-2 3.18967E-2 3.33131E-2 3.88134E-2 3.77559E-2 3.62314E-2 3.11661E-2 2.85966E-2 3.12303E-2 2.81813E-2 2.4554E-2 2.29624E-2 2.22117E-2 2.13917E-2 1.79972E-2 1.71316E-2 1.52642E-2 1.4157E-2 1.25574E-2 1.11654E-2 1.12269E-2 1.07563E-2
-9999 -9999 -9999 1.45542E-2 1.80018E-1 1.26727E-1 9.13738E-2 6.86993E-2 1.01153E-1 9.34914E-2 4.65822E-2 6.33811E-2 5.64817E-2 5.93111E-2 6.80248E-2 5.76139E-2 3.9952E-2 6.29566E-2 4.85026E-2 4.66293E-2 4.00244E-2 4.74507E-2 4.14278E-2 4.13451E-2 5.24426E-2 5.90443E-2 5.45518E-2 3.4253E-2 2.08145E-2 3.54265E-2 4.98693E-2 3.83326E-2 2.86622E-2 4.06793E-2 3.98033E-2 3.85903E-2 5.42487E-2 6.01581E-2 4.8682E-2 5.19073E-2 4.07825E-2 4.13224E-2 4.96719E-2 3.33668E-2 4.06035E-2 3.47402E-2 3.38573E-2 3.62416E-2 3.56597E-2 3.09924E-2 2.36009E-2 3.03832E-2 2.4842E-2 2.25502E-2 1.90192E-2 1.57513E-2 1.49507E-2 1.34561E-2 1.28646E-2 1.17633E-2 1.11209E-2
-9999 -9999 -9999 6.142E-3 1.13876E-1 4.86315E-2 6.13656E-2 1.02229E-1 6.24239E-2 1.0851E-1 6.12712E-2 5.5544E-2 6.64101E-2 6.79357E-2 5.22066E-2 5.67361E-2 3.60685E-2 5.89013E-2 4.22781E-2 5.79254E-2 5.95037E-2 4.21814E-2 6.04835E-2 5.05188E-2 5.79312E-2 6.07156E-2 5.65401E-2 4.66729E-2 3.52578E-2 3.40862E-2 5.99916E-2 4.75947E-2 4.20928E-2 4.19099E-2 4.43706E-2 4.53476E-2 4.90249E-2 5.188E-2 5.83839E-2 5.22427E-2 3.47108E-2 3.00395E-2 4.24608E-2 5.21488E-2 4.1231E-2 4.0649E-2 3.4323E-2 4.21763E-2 3.72499E-2 3.2975E-2 3.26218E-2 2.83583E-2 3.27703E-2 2.8052E-2 2.38589E-2 2.19863E-2 2.16867E-2 1.75303E-2 1.60566E-2 1.36735E-2 1.26476E-2
-9999 -9999 -9999 -9999 3.4308E-2 3.17586E-2 3.28813E-2 2.97453E-2 7.28629E-2 1.14855E-1 4.17131E-2 4.92761E-2 8.23289E-2 5.4193E-2 5.57322E-2 9.02261E-2 9.13741E-2 5.60049E-2 5.70812E-2 5.99061E-2 5.19293E-2 4.78375E-2 5.0033E-2 4.22137E-2 5.43781E-2 6.52076E-2 5.94104E-2 5.37746E-2 4.66382E-2 4.53236E-2 3.89211E-2 4.04603E-2 5.11007E-2 5.29036E-2 4.57448E-2 4.75032E-2 4.92472E-2 4.89054E-2 5.81635E-2 5.39473E-2 4.47759E-2 3.82584E-2 3.40535E-2 4.78632E-2 4.77486E-2 4.33731E-2 3.83669E-2 4.64664E-2 4.70927E-2 3.96745E-2 2.91525E-2 3.71022E-2 4.21623E-2 3.41826E-2 3.63276E-2 3.01805E-2 2.33515E-2 2.26514E-2 2.28391E-2 1.47491E-2 1.28199E-2
-9999 -9999 -9999 -9999 6.62114E-3 1.7817E-2 2.56122E-2 4.72886E-2 2.56113E-2 8.54701E-2 3.70558E-2 3.46478E-2 5.93061E-2 7.14041E-2 7.02738E-2 6.03158E-2 6.85401E-2 7.14096E-2 5.60565E-2 6.85543E-2 6.23477E-2 6.89852E-2 5.17987E-2 4.68515E-2 4.55353E-2 4.91782E-2 8.64413E-2 6.6407E-2 7.18875E-2 7.22452E-2 4.45849E-2 4.75013E-2 5.98062E-2 5.78833E-2 5.34288E-2 5.14422E-2 4.83548E-2 5.66385E-2 6.2031E-2 6.88358E-2 7.78E-2 7.07593E-2 4.342E-2 5.23315E-2 4.77525E-2 5.76702E-2 5.99434E-2 3.76705E-2 5.10207E-2 5.5759E-2 4.58275E-2 4.38575E-2 4.45378E-2 2.82818E-2 2.67685E-2 2.56596E-2 2.45212E-2 2.72893E-2 2.54963E-2 1.76715E-2 1.46222E-2
-9999 -9999 -9999 -9999 6.34514E-3 1.24555E-2 1.19663E-2 3.49806E-2 6.1274E-2 5.91678E-2 3.16586E-2 2.04438E-2 4.82053E-2 6.47995E-2 7.2294E-2 6.411E-2 8.89409E-2 9.19969E-2 4.55798E-2 6.2819E-2 7.09514E-2 5.50839E-2 6.26699E-2 6.31953E-2 7.85185E-2 7.44931E-2 8.09439E-2 5.05913E-2 6.72082E-2 5.69381E-2 6.16231E-2 7.21485E-2 6.82367E-2 6.12356E-2 6.04847E-2 5.75935E-2 5.30388E-2 5.77479E-2 8.20775E-2 9.34456E-2 6.04422E-2 5.78759E-2 5.81024E-2 5.67169E-2 5.45466E-2 6.8233E-2 7.71747E-2 7.86746E-2 -9999 5.62413E-2 4.58493E-2 4.27445E-2 3.68145E-2 3.2545E-2 5.80132E-2 3.13522E-2 3.49458E-2 3.49149E-2 3.84898E-2 1.98633E-2 1.59396E-2
-9999 -9999 -9999 -9999 5.68611E-3 1.18917E-2 8.67791E-3 4.11425E-3 7.85132E-2 1.7028E-1 5.06469E-2 2.4794E-2 3.33853E-2 4.39252E-2 7.3724E-2 9.24352E-2 9.04966E-2 5.90492E-2 5.13027E-2 6.02848E-2 8.24127E-2 7.49243E-2 7.20799E-2 1.1322E-1 7.64882E-2 6.76853E-2 7.87867E-2 6.1002E-2 5.5379E-2 5.47384E-2 6.32558E-2 7.76507E-2 6.96183E-2 6.95984E-2 6.31088E-2 6.37667E-2 5.88171E-2 5.68467E-2 5.49066E-2 6.53158E-2 9.01923E-2 5.96142E-2 6.11427E-2 6.10372E-2 6.43175E-2 6.18913E-2 -9999 -9999 -9999 -9999 6.25226E-2 4.09037E-2 4.06665E-2 4.55872E-2 4.64124E-2 4.19063E-2 2.78236E-2 2.19345E-2 1.72635E-2 1.95441E-2 1.93004E-2
-9999 -9999 -9999 -9999 3.41157E-3 1.05941E-2 9.21218E-3 5.7217E-3 7.69028E-3 1.91188E-1 5.02154E-2 6.93151E-2 3.62622E-2 6.80942E-2 7.45879E-2 7.93063E-2 6.57102E-2 4.88655E-2 4.48554E-2 5.58884E-2 5.43047E-2 6.34E-2 6.88039E-2 7.31318E-2 4.98366E-2 5.59941E-2 8.03602E-2 5.10897E-2 7.03888E-2 6.78442E-2 7.05234E-2 7.16848E-2 7.3674E-2 8.1585E-2 5.80267E-2 7.44304E-2 6.68251E-2 5.75635E-2 5.89712E-2 6.02201E-2 6.92814E-2 5.88202E-2 5.61953E-2 5.02322E-2 7.4924E-2 -9999 -9999 -9999 -9999 1.11638E-1 7.05614E-2 6.03782E-2 4.69674E-2 4.53524E-2 4.8481E-2 4.06618E-2 3.4308E-2 2.51213E-2 2.65356E-2 3.09827E-2 2.14199E-2
-9999 -9999 -9999 -9999 5.68688E-3 1.14179E-2 1.08209E-2 3.86967E-3 1.39695E-2 7.39862E-2 8.75655E-2 7.7204E-2 3.17994E-2 8.37761E-2 8.47811E-2 7.97069E-2 6.69661E-2 6.87273E-2 4.11363E-2 4.7368E-2 4.92321E-2 6.69746E-2 6.19567E-2 5.08155E-2 4.42533E-2 4.96098E-2 6.77721E-2 7.044E-2 8.48095E-2 9.34301E-2 8.67667E-2 7.33351E-2 7.61253E-2 7.44448E-2 7.22176E-2 6.52919E-2 7.26777E-2 6.17641E-2 6.86812E-2 6.72237E-2 6.51601E-2 6.75042E-2 8.68357E-2 1.06436E-1 1.00501E-1 -9999 -9999 -9999 1.20139E-1 9.33978E-2 1.04292E-1 7.36676E-2 5.96738E-2 6.38245E-2 4.40352E-2 4.51034E-2 3.5954E-2 2.40758E-2 2.63887E-2 4.07485E-2 2.37583E-2
-9999 -9999 -9999 8.86144E-3 4.23116E-2 3.8144E-2 4.3991E-3 6.04794E-3 6.72068E-3 3.47106E-2 1.58222E-1 5.46698E-2 3.86632E-2 4.90653E-2 6.71167E-2 5.64389E-2 8.06884E-2 7.21618E-2 6.87448E-2 4.33111E-2 4.38317E-2 5.10062E-2 4.94325E-2 4.16447E-2 6.02124E-2 4.50284E-2 5.10451E-2 7.87989E-2 7.65148E-2 1.0122E-1 1.13887E-1 9.87827E-2 8.11511E-2 8.20027E-2 7.68552E-2 7.39447E-2 6.74709E-2 7.32675E-2 6.62836E-2 7.15651E-2 7.1534E-2 6.83284E-2 7.64209E-2 1.07499E-1 1.69128E-1 1.42835E-1 1.05346E-1 1.02678E-1 9.89435E-2 8.1462E-2 9.47498E-2 8.8648E-2 6.80488E-2 6.0739E-2 5.96534E-2 4.98266E-2 3.73435E-2 2.58446E-2 3.28476E-2 3.46779E-2 2.83363E-2
-9999 -9999 -9999 -9999 1.17759E-2 5.32185E-2 9.89898E-3 -9999 7.60355E-3 4.54833E-2 1.108E-1 3.95202E-2 5.25443E-2 5.29782E-2 5.80054E-2 7.04993E-2 9.09262E-2 7.63785E-2 6.75064E-2 6.71017E-2 4.23755E-2 6.12107E-2 4.06759E-2 7.18259E-2 9.14306E-2 6.49725E-2 4.88422E-2 8.86002E-2 8.09212E-2 9.01268E-2 9.70071E-2 1.12564E-1 1.00815E-1 8.78927E-2 8.35762E-2 7.52665E-2 8.73055E-2 8.01491E-2 7.31299E-2 8.08732E-2 7.74583E-2 7.34758E-2 7.11737E-2 9.88538E-2 1.37118E-1 1.14888E-1 1.01832E-1 9.13009E-2 9.89556E-2 8.16733E-2 9.3759E-2 8.6441E-2 7.54897E-2 6.35621E-2 6.08096E-2 5.14827E-2 3.69421E-2 3.0016E-2 4.08125E-2 3.68527E-2 2.7287E-2
-9999 -9999 -9999 -9999 5.5834E-3 5.12098E-3 6.84524E-3 1.19292E-2 9.43836E-3 1.10343E-1 1.15577E-1 2.47983E-2 8.8651E-2 5.66645E-2 6.24466E-2 8.94416E-2 5.72995E-2 9.11374E-2 6.88471E-2 5.89874E-2 5.33238E-2 4.78403E-2 5.21943E-2 1.08443E-1 6.54764E-2 6.48064E-2 5.30037E-2 7.04309E-2 7.10669E-2 8.95969E-2 1.04782E-1 1.2365E-1 1.20224E-1 1.11263E-1 9.95622E-2 9.17649E-2 8.81343E-2 9.04697E-2 7.73827E-2 8.28826E-2 8.16607E-2 8.17264E-2 7.15261E-2 9.65707E-2 8.91528E-2 1.00047E-1 1.10688E-1 1.18841E-1 9.24781E-2 8.75914E-2 9.22902E-2 7.39407E-2 6.73711E-2 6.28443E-2 6.11478E-2 4.98654E-2 4.11966E-2 3.87203E-2 3.56256E-2 3.86931E-2 3.51404E-2
-9999 -9999 -9999 -9999 1.29522E-2 5.79105E-3 8.55694E-3 6.7774E-3 1.07632E-2 9.2893E-2 5.25357E-2 2.07087E-2 6.05828E-2 7.88521E-2 6.50426E-2 7.74766E-2 7.5342E-2 9.87932E-2 8.37307E-2 6.11696E-2 5.85456E-2 5.69129E-2 3.74242E-2 6.78565E-2 1.49256E-1 9.3717E-2 5.60034E-2 8.37821E-2 9.6827E-2 1.08744E-1 1.06295E-1 1.15463E-1 1.40485E-1 1.20142E-1 1.22729E-1 1.01483E-1 9.72251E-2 9.1902E-2 1.09995E-1 1.04965E-1 9.22888E-2 9.21028E-2 1.03721E-1 9.12635E-2 9.10855E-2 9.28605E-2 1.19161E-1 1.25122E-1 8.66068E-2 9.67963E-2 8.38893E-2 7.48731E-2 6.56399E-2 6.26494E-2 5.98507E-2 4.64993E-2 4.43961E-2 5.2104E-2 4.52921E-2 3.87185E-2 3.21453E-2
-9999 -9999 -9999 -9999 -9999 6.6773E-3 1.00389E-2 1.08703E-2 6.2296E-3 1.71647E-2 2.09948E-2 4.5374E-2 5.19585E-2 5.42961E-2 6.96733E-2 7.98805E-2 1.2361E-1 8.78273E-2 9.85049E-2 7.40155E-2 6.84152E-2 8.61573E-2 5.39463E-2 7.72089E-2 1.14548E-1 1.87777E-1 8.25984E-2 6.61701E-2 7.8539E-2 1.14675E-1 1.1775E-1 1.37153E-1 1.31144E-1 1.33028E-1 1.196E-1 1.12414E-1 1.01301E-1 9.66324E-2 1.00772E-1 9.96417E-2 1.02396E-1 9.90938E-2 1.0829E-1 9.96148E-2 9.77175E-2 8.5838E-2 1.3316E-1 9.171E-2 9.85468E-2 9.72603E-2 8.40933E-2 7.84418E-2 6.88206E-2 6.54709E-2 6.23057E-2 5.0234E-2 5.8087E-2 4.45357E-2 5.05307E-2 3.55087E-2 3.62242E-2
-9999 -9999 -9999 -9999 -9999 1.62626E-2 3.68184E-3 1.06585E-2 1.05332E-2 2.82229E-2 2.91601E-2 1.04381E-2 1.76354E-2 2.96264E-2 6.84492E-2 8.27329E-2 1.08341E-1 1.04468E-1 1.0603E-1 9.38178E-2 1.01083E-1 4.44211E-2 7.02696E-2 6.39793E-2 1.2748E-1 1.70391E-1 8.0671E-2 7.82257E-2 8.88387E-2 1.22206E-1 1.1547E-1 1.32991E-1 1.33727E-1 1.18132E-1 1.07867E-1 1.12454E-1 1.22125E-1 1.17711E-1 1.13433E-1 1.1211E-1 1.11739E-1 1.09415E-1 1.05293E-1 1.20535E-1 1.31558E-1 1.1408E-1 1.01258E-1 1.07556E-1 1.02632E-1 1.1549E-1 9.5413E-2 8.34757E-2 9.26403E-2 6.22605E-2 6.81892E-2 8.1071E-2 4.89711E-2 4.72371E-2 4.43512E-2 4.60753E-2 4.30545E-2
-9999 -9999 -9999 -9999 -9999 1.69356E-2 1.08927E-2 3.24556E-3 5.82424E-3 4.53857E-3 2.49397E-2 1.66412E-2 1.47023E-2 2.1552E-2 6.31417E-2 6.50906E-2 7.16277E-2 7.93743E-2 9.89708E-2 1.1436E-1 6.43486E-2 6.88119E-2 6.22162E-2 5.55122E-2 8.54363E-2 1.32699E-1 6.19703E-2 1.13753E-1 1.22172E-1 9.74365E-2 1.19015E-1 1.20668E-1 1.36481E-1 1.29471E-1 1.29961E-1 1.30994E-1 1.24008E-1 1.38668E-1 1.40966E-1 1.35868E-1 1.29589E-1 1.20941E-1 1.33264E-1 1.21252E-1 1.31969E-1 1.52967E-1 1.05142E-1 9.96581E-2 9.51996E-2 1.04367E-1 1.03693E-1 9.89608E-2 1.09035E-1 6.37346E-2 7.65705E-2 5.6879E-2 5.47603E-2 4.93905E-2 4.5551E-2 4.74711E-2 4.2391E-2
-9999 -9999 -9999 -9999 -9999 1.17669E-2 4.40068E-3 7.0043E-3 1.0411E-2 4.62898E-3 1.10496E-2 1.36271E-2 3.71435E-2 3.69078E-2 5.11893E-2 4.78225E-2 4.924E-2 4.50645E-2 7.88765E-2 9.02296E-2 8.60736E-2 1.15032E-1 9.19879E-2 5.25095E-2 5.53556E-2 1.6981E-1 7.83629E-2 8.22988E-2 1.24356E-1 8.88493E-2 1.21493E-1 1.35169E-1 1.4615E-1 1.50775E-1 1.4814E-1 1.34777E-1 1.51353E-1 1.35418E-1 1.42796E-1 1.53829E-1 2.12043E-1 1.69331E-1 1.24811E-1 9.867E-2 1.29038E-1 1.15984E-1 1.13704E-1 1.10216E-1 1.04179E-1 1.27672E-1 1.09389E-1 9.91401E-2 1.22877E-1 1.14761E-1 6.85061E-2 -9999 5.82717E-2 4.6947E-2 4.9762E-2 5.41898E-2 4.81E-2
