Candidate_Models_Sept202022/M_2_F_lqp_Set_1_cal/Bison.asc
ncols         97
nrows         127
xllcorner     -2197417.7431653
yllcorner     -584827.01486885
cellsize      30000.0
NODATA_value  -9999
[rows 81 to 107 of 127, columns 0 to 60 of 97]
-9999 -9999 -9999 -9999 -9999 -9999 -9999 -9999 -9999 -9999 -9999 4.68959E-3 2.19572E-3 4.64229E-3 3.30515E-2 1.31591E-2 7.77214E-3 3.65006E-3 8.81964E-3 4.56578E-2 2.65392E-2 7.50862E-2 3.5643E-2 7.07059E-2 1.77601E-1 2.71062E-1 1.26921E-1 1.09857E-1 1.70836E-1 3.88189E-2 3.76788E-2 2.23515E-2 4.37497E-2 9.61875E-2 8.5174E-2 1.12673E-1 1.41049E-1 2.86029E-1 5.13185E-1 7.69319E-1 8.83374E-1 7.31842E-1 7.01412E-1 7.85444E-1 7.07317E-1 5.48726E-1 5.14876E-1 5.177E-1 5.24458E-1 5.65149E-1 5.91586E-1 6.69549E-1 6.98553E-1 6.72441E-1 6.79157E-1 5.43265E-1 6.00441E-1 6.02493E-1 5.77449E-1 5.43699E-1 5.54819E-1
-9999 -9999 -9999 -9999 -9999 -9999 -9999 -9999 -9999 -9999 -9999 -9999 3.2516E-3 2.67749E-3 1.02446E-2 2.61525E-2 1.2156E-2 1.90101E-2 8.68537E-3 1.22449E-2 1.2382E-2 1.91266E-2 1.94082E-2 5.16893E-2 2.54995E-1 2.8999E-1 1.21616E-1 1.15386E-1 2.42499E-1 4.14045E-2 2.22293E-2 2.53078E-2 2.93644E-2 5.89365E-2 1.32045E-1 1.07834E-1 1.24648E-1 1.45073E-1 2.78148E-1 7.00321E-1 8.98253E-1 7.47054E-1 7.02909E-1 7.41591E-1 6.74688E-1 5.44693E-1 4.92082E-1 5.36726E-1 5.54902E-1 6.30934E-1 6.37707E-1 6.65022E-1 7.13293E-1 6.60101E-1 6.30865E-1 6.47894E-1 6.001E-1 5.44221E-1 5.51092E-1 5.24809E-1 5.88831E-1
-9999 -9999 -9999 -9999 -9999 -9999 -9999 -9999 -9999 -9999 -9999 -9999 -9999 4.65769E-3 1.98779E-3 8.76356E-3 2.28454E-2 3.333E-2 2.64179E-1 1.29275E-2 8.51911E-3 1.20325E-2 9.03556E-3 4.60307E-2 1.09823E-1 1.02197E-1 7.16699E-2 1.79974E-1 8.14194E-2 4.87647E-2 2.23967E-2 1.93693E-2 1.79248E-2 2.92337E-2 8.28485E-2 2.15206E-1 9.17376E-2 1.46844E-1 1.85644E-1 6.61301E-1 7.90278E-1 7.85304E-1 7.12432E-1 6.66468E-1 6.12646E-1 5.27925E-1 5.34188E-1 5.63351E-1 5.79575E-1 5.99172E-1 6.20916E-1 6.36915E-1 7.17787E-1 6.85594E-1 6.48596E-1 6.27861E-1 6.55892E-1 6.13549E-1 5.23957E-1 5.4454E-1 5.50636E-1
-9999 -9999 -9999 -9999 -9999 -9999 -9999 -9999 -9999 -9999 -9999 -9999 -9999 5.15188E-3 3.42773E-3 8.00465E-3 2.37666E-2 -9999 1.42159E-1 1.98674E-1 1.46583E-1 4.82826E-2 1.42276E-2 3.10992E-2 1.31915E-1 9.93976E-2 1.33978E-1 1.20414E-1 6.5829E-2 5.76326E-2 3.44258E-2 2.22948E-2 2.00857E-2 3.14193E-2 6.49589E-2 9.85888E-2 7.86963E-2 1.32746E-1 1.55843E-1 5.73983E-1 6.51448E-1 7.07723E-1 7.22434E-1 5.5846E-1 5.94236E-1 6.65008E-1 6.14983E-1 6.17727E-1 5.64492E-1 6.03565E-1 6.08691E-1 5.9665E-1 6.23177E-1 6.03651E-1 6.06993E-1 5.11078E-1 6.09598E-1 6.43656E-1 5.75202E-1 5.80531E-1 6.32463E-1
-9999 -9999 -9999 -9999 -9999 -9999 -9999 -9999 -9999 -9999 -9999 -9999 -9999 8.23948E-3 5.06556E-3 6.39203E-3 2.25896E-2 -9999 1.09902E-1 3.25692E-1 8.8394E-2 1.68218E-2 8.10239E-3 3.09616E-2 6.7618E-2 6.89338E-2 1.56859E-1 6.30563E-2 5.98437E-2 3.35021E-2 2.92089E-2 1.5742E-2 3.64273E-2 3.93564E-2 5.51974E-2 1.06209E-1 1.10442E-1 1.26667E-1 2.41609E-1 3.17569E-1 5.85024E-1 6.32474E-1 6.96978E-1 6.07491E-1 5.52017E-1 6.49268E-1 5.33752E-1 5.30672E-1 5.7567E-1 6.3603E-1 6.18857E-1 5.16614E-1 6.00015E-1 6.92344E-1 6.38216E-1 6.18573E-1 6.79036E-1 5.54041E-1 5.57032E-1 5.51227E-1 5.37537E-1
-9999 -9999 -9999 -9999 -9999 -9999 -9999 -9999 -9999 -9999 -9999 -9999 -9999 5.38259E-3 7.96993E-3 1.01405E-2 2.18302E-2 -9999 1.2728E-2 7.36408E-2 2.30354E-2 1.64489E-2 1.49799E-2 2.4197E-2 8.18151E-2 1.50043E-1 2.31119E-1 6.54477E-2 4.4946E-2 3.37293E-2 4.58118E-2 3.6955E-2 5.45639E-2 3.52885E-2 3.70615E-2 2.05632E-1 6.41835E-2 1.20818E-1 1.50062E-1 4.58279E-1 5.22521E-1 6.22556E-1 6.67272E-1 6.41373E-1 6.28527E-1 5.6453E-1 5.01633E-1 5.28016E-1 5.82184E-1 6.41909E-1 5.7486E-1 4.76557E-1 5.44042E-1 6.85684E-1 6.64564E-1 6.50476E-1 6.46436E-1 5.04593E-1 5.23049E-1 5.48687E-1 6.36409E-1
-9999 -9999 -9999 -9999 -9999 -9999 -9999 -9999 -9999 -9999 -9999 -9999 -9999 7.79545E-3 3.50752E-3 4.38919E-3 8.79349E-2 -9999 8.21305E-2 7.60782E-2 1.46815E-2 7.55638E-3 5.02126E-2 8.12292E-2 8.50947E-2 1.75822E-1 4.33092E-1 1.87478E-1 1.33446E-1 3.64396E-2 7.47028E-2 2.45723E-2 2.08533E-2 4.51953E-2 9.39521E-2 1.31539E-1 1.10176E-1 1.16355E-1 4.55742E-1 5.48516E-1 4.40216E-1 5.71527E-1 7.53592E-1 6.49718E-1 5.94746E-1 5.78637E-1 6.32451E-1 6.696E-1 6.01161E-1 5.40289E-1 4.71342E-1 4.4971E-1 5.5072E-1 6.3014E-1 7.07036E-1 6.93226E-1 6.08984E-1 5.36516E-1 5.37319E-1 5.27591E-1 5.93769E-1
-9999 -9999 -9999 -9999 -9999 -9999 -9999 -9999 -9999 -9999 -9999 -9999 -9999 4.65797E-3 2.32036E-3 4.33422E-3 6.35319E-3 1.87713E-2 2.81939E-2 1.21907E-1 7.83338E-3 7.23138E-3 5.00746E-2 1.00663E-1 2.27908E-1 3.83903E-1 2.99618E-1 1.29048E-1 6.80752E-2 7.76983E-2 6.02146E-2 2.9134E-2 2.31229E-2 1.70515E-1 5.06949E-2 5.5177E-2 1.14482E-1 6.82316E-2 1.18517E-1 5.59716E-1 4.66365E-1 6.43018E-1 6.25481E-1 6.82023E-1 6.30222E-1 6.27554E-1 5.58944E-1 5.31333E-1 6.61605E-1 6.516E-1 5.75007E-1 5.66701E-1 7.08127E-1 6.95029E-1 6.92809E-1 6.95237E-1 6.53101E-1 6.25847E-1 6.39208E-1 5.30528E-1 5.50128E-1
-9999 -9999 -9999 -9999 -9999 -9999 -9999 -9999 -9999 -9999 -9999 -9999 -9999 7.4481E-3 2.90575E-3 2.49166E-3 7.17836E-3 1.36472E-2 4.71516E-2 6.1129E-2 1.59418E-2 1.68078E-2 3.27645E-2 1.27897E-1 4.12358E-1 3.11995E-1 1.40539E-1 7.3329E-2 5.64826E-2 2.44575E-1 4.99636E-2 4.70565E-2 4.7626E-2 2.12567E-1 3.87304E-2 5.39069E-2 1.38927E-1 6.04999E-2 7.38937E-2 1.35163E-1 5.01905E-1 5.93587E-1 5.71877E-1 6.52571E-1 6.71628E-1 6.30991E-1 6.22248E-1 4.96173E-1 4.75084E-1 5.54608E-1 5.69613E-1 5.46689E-1 6.61926E-1 6.95795E-1 6.99066E-1 6.71427E-1 6.29776E-1 6.69615E-1 6.59587E-1 6.5341E-1 5.58141E-1
-9999 -9999 -9999 -9999 -9999 -9999 -9999 -9999 -9999 -9999 -9999 -9999 -9999 9.61355E-3 7.60127E-3 8.76962E-3 1.15957E-2 1.67519E-2 4.22387E-2 7.29612E-2 7.21004E-3 2.29303E-2 6.57177E-2 4.15855E-1 5.74147E-1 3.00345E-1 2.60603E-1 7.06619E-2 1.10147E-1 1.88435E-1 8.90922E-2 5.51446E-2 1.01084E-1 6.80745E-2 3.47952E-2 4.59968E-2 6.74941E-2 5.41734E-2 1.01445E-1 1.08896E-1 3.80548E-1 4.19498E-1 6.42977E-1 5.59473E-1 6.08986E-1 6.53953E-1 5.10846E-1 5.39164E-1 4.92317E-1 6.15141E-1 5.94217E-1 5.24886E-1 6.4841E-1 6.09211E-1 6.16723E-1 6.26019E-1 6.13371E-1 6.42094E-1 6.63226E-1 6.38694E-1 5.96525E-1
-9999 -9999 -9999 -9999 -9999 -9999 -9999 -9999 -9999 -9999 -9999 -9999 -9999 1.46567E-2 1.84847E-2 2.00681E-2 1.87455E-2 3.19357E-2 1.14136E-1 4.0572E-2 2.47643E-2 4.10053E-2 2.1078E-1 6.11544E-1 4.36716E-1 2.70001E-1 4.25615E-1 3.20078E-1 1.50884E-1 1.43734E-1 1.70966E-1 1.06306E-1 1.2381E-1 7.48823E-2 2.36135E-2 7.53323E-2 9.02543E-2 1.28949E-1 2.01331E-1 7.85084E-2 2.36938E-1 3.69079E-1 5.88092E-1 6.3622E-1 4.56657E-1 5.07039E-1 5.58446E-1 5.18817E-1 5.75666E-1 5.15811E-1 4.80904E-1 5.0515E-1 5.55478E-1 5.77904E-1 5.99414E-1 5.49937E-1 5.34445E-1 5.64717E-1 6.16755E-1 5.82051E-1 5.51146E-1
-9999 -9999 -9999 -9999 -9999 -9999 -9999 -9999 -9999 -9999 -9999 -9999 -9999 9.93117E-3 8.26588E-3 3.84692E-2 3.85956E-2 4.13415E-2 3.72944E-2 2.08851E-2 5.58449E-2 1.28571E-1 2.1557E-1 3.28622E-1 3.67247E-1 2.70434E-1 3.70973E-1 3.57796E-1 4.15593E-1 3.59807E-1 3.0558E-1 1.99276E-1 5.28063E-2 2.64245E-2 2.43493E-2 5.96184E-2 1.82032E-1 3.05626E-1 5.70009E-1 5.92169E-2 1.52185E-1 5.73742E-1 5.36431E-1 6.00609E-1 5.03629E-1 5.13385E-1 5.39071E-1 5.20631E-1 5.13348E-1 5.02352E-1 4.65966E-1 5.17612E-1 5.73541E-1 5.96049E-1 5.8847E-1 5.88522E-1 5.24574E-1 6.32793E-1 5.82395E-1 5.75601E-1 5.66305E-1
-9999 -9999 -9999 -9999 -9999 -9999 -9999 -9999 -9999 -9999 -9999 -9999 1.0881E-2 7.76373E-3 1.31039E-2 4.61323E-2 4.09239E-2 2.52743E-2 3.3525E-2 1.40981E-2 4.97893E-2 3.59859E-1 3.82137E-1 4.01102E-1 2.42039E-1 2.8386E-1 3.24416E-1 3.83274E-1 3.52963E-1 3.29141E-1 5.23784E-1 1.50713E-1 3.65217E-2 2.5907E-2 3.84436E-2 4.53636E-2 1.35719E-1 3.28793E-1 1.29802E-1 6.05982E-2 5.76073E-2 4.34567E-1 5.55436E-1 5.80942E-1 5.28381E-1 5.34556E-1 5.13738E-1 4.76741E-1 4.50197E-1 6.43749E-1 5.01687E-1 4.77885E-1 5.16719E-1 5.52117E-1 5.68885E-1 5.55592E-1 5.52902E-1 6.48532E-1 5.69355E-1 5.33182E-1 5.82091E-1
-9999 -9999 -9999 -9999 -9999 -9999 -9999 -9999 -9999 -9999 -9999 -9999 3.78813E-2 1.78168E-2 1.66831E-2 3.54846E-2 2.10379E-2 2.6534E-2 1.463E-2 2.89463E-2 1.54419E-1 4.79462E-1 1.55439E-1 3.20474E-1 2.91215E-1 2.86628E-1 3.23704E-1 3.09218E-1 3.11953E-1 3.63726E-1 3.57987E-1 2.14572E-1 5.31324E-2 6.07223E-2 2.35418E-2 4.68336E-2 3.07425E-1 5.43961E-1 2.24125E-1 4.73797E-2 8.32342E-2 3.7474E-1 4.45598E-1 4.70386E-1 4.58916E-1 4.95436E-1 4.42146E-1 4.58222E-1 5.47816E-1 6.41885E-1 5.73387E-1 4.56416E-1 4.3517E-1 4.77522E-1 5.18266E-1 5.29081E-1 5.0475E-1 5.45485E-1 5.683E-1 5.22803E-1 5.23353E-1
-9999 -9999 -9999 -9999 -9999 -9999 -9999 -9999 -9999 -9999 -9999 -9999 1.09845E-2 1.1963E-2 2.04718E-2 3.42748E-2 1.45917E-2 2.26031E-2 2.84333E-2 9.01181E-2 2.49064E-1 3.21763E-1 2.63345E-1 1.20584E-1 1.82397E-1 2.68123E-1 3.08155E-1 2.31293E-1 2.81369E-1 3.3663E-1 4.12881E-1 9.0693E-2 5.17352E-2 2.96862E-2 2.69076E-2 3.64162E-2 2.41774E-1 5.32676E-1 2.55178E-1 8.63156E-2 9.45008E-2 4.97482E-1 4.4236E-1 4.92942E-1 4.18984E-1 4.31861E-1 4.17336E-1 4.04892E-1 5.14434E-1 6.56424E-1 5.61884E-1 6.35978E-1 5.15414E-1 4.35997E-1 5.07207E-1 5.70562E-1 5.87692E-1 6.131E-1 5.22993E-1 5.00631E-1 5.63117E-1
-9999 -9999 -9999 -9999 -9999 -9999 -9999 -9999 -9999 -9999 -9999 -9999 2.63336E-2 1.2642E-2 6.54085E-2 7.82885E-2 5.07924E-2 1.21258E-2 4.85723E-2 7.16928E-2 1.3595E-1 2.15319E-1 2.66967E-1 2.38529E-1 1.88171E-1 1.97448E-1 2.48888E-1 2.3724E-1 3.75672E-1 5.44639E-1 4.22301E-1 1.77956E-1 5.61198E-2 2.96438E-2 2.79073E-2 3.38259E-2 9.40374E-2 3.35186E-1 1.07496E-1 1.35459E-1 1.07549E-1 4.57089E-1 4.80549E-1 5.34692E-1 4.65474E-1 4.81977E-1 5.74687E-1 4.54628E-1 4.83713E-1 6.02778E-1 5.75089E-1 5.29572E-1 5.74725E-1 4.98143E-1 6.63361E-1 6.10314E-1 6.43346E-1 5.67177E-1 4.90228E-1 4.87187E-1 4.93812E-1
-9999 -9999 -9999 -9999 -9999 -9999 -9999 -9999 -9999 -9999 -9999 1.36353E-2 1.36502E-2 7.07171E-2 9.84812E-2 7.59803E-2 5.1046E-2 2.17593E-2 1.11035E-1 3.73131E-1 2.50104E-1 1.8043E-1 2.58614E-1 2.6342E-1 1.8979E-1 1.90512E-1 2.26565E-1 4.71728E-1 4.51718E-1 5.32031E-1 6.06695E-1 4.74635E-1 5.28437E-2 7.35209E-2 2.9094E-2 5.23755E-2 7.88881E-2 5.66487E-1 3.00675E-1 2.18406E-1 4.21942E-1 2.21377E-1 6.40566E-1 5.38698E-1 6.08028E-1 6.81718E-1 5.75527E-1 3.51106E-1 4.34629E-1 5.22619E-1 4.97702E-1 4.1471E-1 5.39145E-1 6.22249E-1 5.14204E-1 4.80477E-1 4.8089E-1 5.06851E-1 4.94754E-1 5.12267E-1 4.88303E-1
-9999 -9999 -9999 -9999 -9999 -9999 -9999 -9999 -9999 -9999 -9999 9.43656E-3 4.12972E-2 1.02046E-1 7.20258E-2 1.09556E-1 3.91312E-2 4.09061E-2 2.1853E-1 3.46389E-1 3.05585E-1 1.25766E-1 1.42972E-1 1.65538E-1 2.31206E-1 2.59057E-1 3.3738E-1 8.43835E-2 5.7453E-2 6.74858E-1 5.4985E-1 6.29152E-1 3.05911E-1 6.74615E-2 5.18951E-2 4.69639E-2 8.65568E-2 6.73467E-1 1.01964E-1 5.20946E-1 4.26756E-1 3.37604E-1 6.71934E-1 4.86009E-1 5.67899E-1 2.03869E-1 1.44573E-1 5.42863E-1 4.08394E-1 6.17154E-1 5.13598E-1 3.90275E-1 5.11321E-1 5.55426E-1 4.11037E-1 4.28356E-1 4.23565E-1 4.41351E-1 4.70753E-1 4.86394E-1 4.91316E-1
-9999 -9999 -9999 -9999 -9999 -9999 -9999 -9999 -9999 -9999 1.05067E-2 7.03432E-3 5.00776E-2 1.17932E-1 2.13521E-1 1.69795E-2 1.57294E-2 5.16396E-2 1.7462E-1 1.34308E-1 1.56723E-1 2.6728E-1 2.70344E-1 2.55227E-1 2.44799E-1 4.37312E-1 2.30146E-1 6.93595E-2 1.36389E-1 2.71244E-1 2.78192E-1 6.74268E-1 4.36267E-1 3.01495E-2 6.12932E-2 6.01939E-2 2.80613E-1 6.83146E-1 1.87002E-1 4.033E-1 7.09042E-1 4.02655E-1 6.45976E-1 6.40139E-1 5.42166E-1 5.96091E-1 3.28207E-1 5.59978E-1 5.42533E-1 3.49648E-1 5.11465E-1 3.69258E-1 3.62213E-1 3.9088E-1 4.04958E-1 4.23381E-1 4.09891E-1 4.50543E-1 4.50328E-1 4.51513E-1 4.48677E-1
-9999 -9999 -9999 -9999 -9999 -9999 -9999 -9999 -9999 -9999 4.9474E-3 4.27226E-3 8.55944E-2 1.00149E-1 5.27589E-2 1.3444E-2 2.34268E-2 7.66225E-2 7.91514E-2 9.87009E-2 9.42125E-2 1.89214E-1 2.12873E-1 2.2761E-1 2.27503E-1 2.13409E-1 3.01708E-1 2.71223E-1 3.64253E-1 3.73522E-1 1.93538E-1 2.09386E-1 7.76339E-2 8.4131E-2 6.28849E-2 4.87505E-2 3.59986E-1 3.78571E-1 2.41232E-1 4.84668E-1 7.28116E-1 1.86442E-1 3.51044E-1 6.15419E-1 5.39062E-1 5.06037E-1 5.43187E-1 3.95795E-1 3.40685E-1 4.00694E-1 3.3877E-1 3.78914E-1 3.57735E-1 3.75678E-1 4.29953E-1 4.71182E-1 4.40283E-1 4.36123E-1 4.71314E-1 4.75061E-1 4.79807E-1
-9999 -9999 -9999 -9999 -9999 -9999 -9999 -9999 -9999 -9999 3.94102E-3 4.98709E-3 7.49473E-2 7.27497E-2 1.54442E-2 1.92858E-2 4.11042E-2 9.16388E-2 1.8647E-1 1.07243E-1 8.44175E-2 8.93709E-2 1.06643E-1 1.18176E-1 1.93735E-1 1.41966E-1 4.27815E-1 1.5014E-1 4.09634E-1 3.60748E-1 1.26277E-1 7.34871E-2 6.89734E-2 1.05605E-1 9.59495E-2 1.14156E-1 2.19983E-1 2.92864E-1 4.6973E-1 3.29282E-1 6.15958E-1 4.8007E-1 6.03096E-1 5.52471E-1 6.06054E-1 5.71734E-1 3.18329E-1 4.30768E-1 3.88485E-1 3.72481E-1 4.49062E-1 4.91639E-1 4.92442E-1 3.90387E-1 4.20601E-1 3.71281E-1 3.84042E-1 4.01082E-1 4.905E-1 4.75933E-1 4.17898E-1
-9999 -9999 -9999 -9999 -9999 -9999 -9999 -9999 -9999 5.1665E-3 3.42615E-3 7.069E-3 1.25724E-1 2.95522E-2 6.60406E-3 1.21182E-2 7.59589E-2 1.97462E-1 2.19256E-1 7.3081E-2 9.14976E-2 1.04061E-1 1.15581E-1 1.40472E-1 1.01567E-1 1.00285E-1 5.15186E-1 1.83252E-1 1.61129E-1 9.07869E-2 1.09616E-1 2.04338E-1 1.85465E-1 2.1324E-1 1.89272E-1 1.9376E-1 1.98541E-1 2.65135E-1 6.46466E-1 2.59642E-1 6.66577E-1 6.40305E-1 7.1697E-1 4.59071E-1 6.24424E-1 4.84606E-1 5.74356E-1 4.77101E-1 4.41912E-1 3.66676E-1 3.43095E-1 3.86312E-1 3.98624E-1 4.78377E-1 5.33907E-1 5.29835E-1 4.6725E-1 4.66052E-1 4.15508E-1 4.68434E-1 4.66765E-1
-9999 -9999 -9999 -9999 -9999 -9999 -9999 -9999 -9999 6.5757E-3 4.44604E-3 7.51564E-3 2.15656E-2 8.32495E-3 6.15897E-3 2.48973E-2 9.738E-2 1.93269E-1 1.90187E-1 1.19597E-1 2.02817E-1 1.18927E-1 1.07064E-1 1.40767E-1 1.23405E-1 1.74669E-1 4.33292E-1 3.51561E-1 2.93813E-1 2.0155E-1 2.21286E-1 3.33848E-1 1.32085E-1 2.39774E-1 4.39122E-1 5.29806E-1 3.01952E-1 6.36786E-1 6.18064E-1 5.9139E-1 7.16301E-1 7.60766E-1 5.42559E-1 6.11677E-1 6.8606E-1 6.54238E-1 6.60808E-1 4.18281E-1 5.2051E-1 5.20603E-1 5.22289E-1 5.32096E-1 4.07704E-1 4.86256E-1 5.11311E-1 5.72389E-1 5.04195E-1 4.61744E-1 4.74092E-1 4.04756E-1 3.70767E-1
-9999 -9999 -9999 -9999 -9999 -9999 -9999 -9999 9.51728E-3 4.81584E-3 9.8171E-3 5.47641E-2 6.34135E-3 8.05231E-3 1.57333E-2 8.20528E-2 1.20236E-1 1.31689E-1 1.46221E-1 1.4241E-1 1.89097E-1 1.84044E-1 1.47556E-1 1.7738E-1 1.51367E-1 3.38941E-1 2.79593E-1 4.04132E-1 2.72521E-1 3.65715E-1 3.36108E-1 3.73557E-1 1.7006E-1 2.88492E-1 4.311E-1 2.49553E-1 3.12484E-1 6.44285E-1 6.0002E-1 7.79702E-1 7.53624E-1 6.79563E-1 5.96165E-1 3.92529E-1 1.96842E-1 5.0646E-1 1.87505E-1 4.02629E-1 4.98225E-1 5.64857E-1 4.76021E-1 4.65176E-1 3.34204E-1 3.9359E-1 4.33746E-1 6.05735E-1 5.96883E-1 5.75311E-1 4.88961E-1 4.02119E-1 4.18379E-1
-9999 -9999 -9999 -9999 -9999 -9999 -9999 1.02712E-2 7.70786E-3 4.86043E-3 3.30731E-2 5.43642E-2 6.9408E-3 9.36676E-3 3.83706E-2 1.38024E-1 1.53475E-1 1.5371E-1 1.90817E-1 1.94027E-1 2.14022E-1 1.76043E-1 1.68703E-1 1.877E-1 1.64976E-1 2.37648E-1 2.45144E-1 4.50171E-1 5.10957E-1 4.78076E-1 3.01101E-1 2.83225E-1 2.42096E-1 2.55067E-1 3.11936E-1 3.46464E-1 7.14002E-1 6.75864E-1 7.04788E-1 7.90772E-1 7.48351E-1 7.04289E-1 4.99299E-1 3.91955E-1 2.56258E-1 4.08024E-1 3.88263E-1 4.08975E-1 6.2466E-1 6.55564E-1 5.385E-1 5.86925E-1 7.54483E-1 4.80669E-1 6.27295E-1 6.00874E-1 6.1661E-1 5.87842E-1 5.8592E-1 4.3888E-1 4.26907E-1
-9999 -9999 -9999 -9999 -9999 -9999 -9999 2.05256E-3 1.63805E-3 2.42761E-3 1.35255E-2 1.34621E-2 7.06834E-3 2.56325E-2 1.26741E-1 1.63975E-1 1.5369E-1 2.68176E-1 1.92988E-1 1.74139E-1 1.88759E-1 2.39169E-1 3.00301E-1 2.46167E-1 2.33949E-1 1.9686E-1 2.76232E-1 4.4415E-1 3.58336E-1 5.24318E-1 2.85934E-1 1.6318E-1 2.34728E-1 4.24536E-1 3.2314E-1 6.01749E-1 6.21877E-1 7.48805E-1 7.65604E-1 7.81439E-1 7.734E-1 6.26765E-1 5.14217E-1 3.8997E-1 3.67705E-1 3.12798E-1 3.57285E-1 3.24445E-1 5.75097E-1 3.82156E-1 4.56075E-1 4.3348E-1 5.44966E-1 7.00842E-1 5.6049E-1 6.43578E-1 5.47825E-1 5.81005E-1 6.03693E-1 4.70186E-1 4.2847E-1
-9999 -9999 -9999 -9999 -9999 -9999 -9999 3.50876E-3 2.69573E-3 3.69925E-3 2.21296E-2 2.05001E-2 1.9218E-2 3.02163E-2 1.67635E-1 1.53984E-1 1.74954E-1 2.78701E-1 1.92558E-1 1.68447E-1 1.94098E-1 1.96613E-1 3.76207E-1 2.88266E-1 1.89532E-1 1.85361E-1 1.82256E-1 4.78083E-1 2.95534E-1 3.96459E-1 4.63728E-1 2.09792E-1 5.04932E-1 6.3948E-1 5.28562E-1 5.63908E-1 7.15374E-1 6.57808E-1 7.41143E-1 6.38674E-1 5.58432E-1 5.12759E-1 4.42387E-1 3.38914E-1 3.08031E-1 3.57557E-1 3.09033E-1 2.00712E-1 4.7453E-1 6.71093E-1 5.84103E-1 5.36331E-1 6.27871E-1 4.49921E-1 6.52736E-1 6.35801E-1 5.12191E-1 5.90837E-1 5.34022E-1 4.3593E-1 4.73162E-1
