Candidate_Models_Sept202022/M_0.3_F_lqp_Set_1_all/Bison.asc
ncols         97
nrows         127
xllcorner     -2197417.7431653
yllcorner     -584827.01486885
cellsize      30000.0
NODATA_value  -9999
[rows 54 to 80 of 127, columns 0 to 60 of 97]
-9999 -9999 -9999 -9999 7.11161E-6 2.63274E-6 4.96167E-7 2.06683E-6 1.46098E-6 1.56143E-7 1.69395E-7 2.18954E-6 1.55786E-6 2.82687E-6 3.86204E-6 3.87334E-6 7.36092E-6 1.15613E-5 1.34435E-5 1.69609E-5 2.51559E-5 3.63698E-5 3.52376E-5 3.41707E-5 2.80001E-5 5.09361E-5 3.79667E-5 3.24704E-5 5.41655E-5 4.51789E-5 4.31098E-5 4.56847E-5 5.29504E-5 5.4708E-5 5.24049E-5 5.52353E-5 5.5318E-5 5.31715E-5 5.6645E-5 6.88628E-5 1.21893E-4 1.31042E-4 9.13981E-5 6.67032E-5 6.24549E-5 5.3255E-5 5.85474E-5 4.81827E-5 4.31282E-5 4.09296E-5 4.25162E-5 4.28117E-5 3.59985E-5 5.70577E-5 5.76737E-5 3.77863E-5 3.84919E-5 3.11299E-5 2.85612E-5 2.78413E-5 1.91653E-5
-9999 -9999 -9999 -9999 -9999 1.65479E-6 3.79823E-7 8.73154E-7 1.26574E-5 7.63162E-7 8.74454E-8 1.20002E-6 9.12053E-6 1.85411E-6 3.83271E-6 2.72721E-6 4.15547E-6 6.87944E-6 1.37773E-5 1.29051E-5 2.55628E-5 3.63574E-5 3.91087E-5 5.48017E-5 3.20478E-5 3.05403E-5 3.48769E-5 3.9018E-5 8.52311E-5 7.34839E-5 5.82349E-5 5.01302E-5 5.2881E-5 5.21179E-5 4.97406E-5 6.40274E-5 6.48875E-5 6.11801E-5 8.05174E-5 7.8342E-5 1.20755E-4 1.40909E-4 8.77339E-5 6.45195E-5 6.72938E-5 6.45224E-5 5.34776E-5 4.71293E-5 4.83288E-5 4.20553E-5 4.99961E-5 5.72854E-5 5.02366E-5 6.19814E-5 4.90347E-5 4.01163E-5 3.87857E-5 3.07965E-5 2.95806E-5 2.54519E-5 2.10282E-5
-9999 -9999 -9999 -9999 -9999 3.09439E-6 1.49907E-6 2.26361E-6 3.08707E-6 1.48523E-6 1.15661E-8 3.5895E-7 5.91651E-7 5.16828E-7 5.32098E-6 2.79906E-6 6.09604E-6 6.25124E-6 1.1016E-5 1.72067E-5 3.29157E-5 2.58261E-5 2.6275E-5 3.58773E-5 2.70649E-5 1.9886E-5 2.8453E-5 6.42651E-5 1.1203E-4 6.8543E-5 7.46372E-5 6.09562E-5 6.0484E-5 6.47697E-5 7.08055E-5 8.25515E-5 6.65074E-5 6.34557E-5 7.79182E-5 8.30346E-5 1.33695E-4 1.03535E-4 7.25184E-5 6.92272E-5 6.47356E-5 6.05153E-5 5.48521E-5 4.86846E-5 5.24374E-5 5.48141E-5 6.11542E-5 5.50888E-5 6.17765E-5 5.20137E-5 4.3322E-5 4.44815E-5 3.95349E-5 3.71714E-5 2.74057E-5 2.19263E-5 1.44663E-5
-9999 -9999 -9999 -9999 -9999 -9999 2.61798E-6 -9999 6.86476E-6 4.06254E-7 5.26785E-8 3.568E-7 5.07101E-7 1.05974E-6 1.67356E-6 8.65242E-6 5.93032E-6 6.30864E-6 1.30146E-5 2.18857E-5 1.90245E-5 2.36767E-5 2.57088E-5 3.48872E-5 3.06176E-5 3.03081E-5 2.41438E-5 6.60076E-5 8.4658E-5 8.50201E-5 1.83225E-4 1.24451E-4 7.48034E-5 6.78829E-5 7.52967E-5 9.15663E-5 9.57241E-5 7.15435E-5 7.72784E-5 7.50507E-5 7.29975E-5 5.65133E-5 7.70551E-5 6.68242E-5 5.20739E-5 5.47519E-5 4.61593E-5 4.78124E-5 4.9251E-5 6.05899E-5 6.05741E-5 5.45719E-5 5.22876E-5 5.08554E-5 4.67122E-5 4.09199E-5 3.73113E-5 3.43118E-5 2.82507E-5 2.11006E-5 1.71036E-5
-9999 -9999 -9999 1.12334E-6 -9999 -9999 -9999 -9999 -9999 1.25379E-6 3.5237E-7 1.23175E-7 4.96995E-7 1.11632E-6 7.53621E-7 8.37522E-6 5.35869E-6 9.02943E-6 1.16309E-5 1.73908E-5 2.06392E-5 2.63849E-5 2.31711E-5 4.12911E-5 2.34082E-5 2.67189E-5 2.47958E-5 3.88908E-5 1.18109E-4 1.23461E-4 2.83081E-4 2.25019E-4 7.78784E-5 5.971E-5 6.60544E-5 1.00994E-4 9.07251E-5 1.28603E-4 3.79439E-4 7.61357E-5 6.97609E-5 5.9118E-5 7.03974E-5 6.00407E-5 4.43224E-5 4.59944E-5 5.5389E-5 5.31674E-5 5.24155E-5 5.10395E-5 6.24959E-5 5.95063E-5 5.5481E-5 4.81511E-5 4.1839E-5 4.15301E-5 3.6739E-5 3.08046E-5 2.96349E-5 2.72546E-5 2.34068E-5
-9999 -9999 -9999 8.69162E-7 1.50059E-6 2.60372E-6 -9999 -9999 -9999 2.26796E-6 4.41975E-8 1.96076E-7 5.79902E-7 1.83732E-6 2.36831E-6 1.35231E-5 1.1605E-5 7.3552E-6 1.5613E-5 2.02911E-5 1.69689E-5 1.81272E-5 2.62408E-5 2.08465E-5 2.72644E-5 1.62158E-5 1.80306E-5 3.69299E-5 1.48581E-4 2.4667E-4 4.23256E-4 3.1809E-4 9.16035E-5 8.97487E-5 8.86865E-5 8.93764E-5 9.68204E-5 3.03653E-4 2.41234E-4 7.65773E-5 7.51397E-5 7.5629E-5 7.10897E-5 6.39936E-5 5.71103E-5 5.24112E-5 5.23189E-5 4.64164E-5 5.18035E-5 9.26394E-5 7.93617E-5 6.82166E-5 4.98824E-5 4.91446E-5 3.68031E-5 4.60623E-5 3.10193E-5 3.58497E-5 3.64572E-5 3.0003E-5 2.33544E-5
-9999 -9999 -9999 7.23084E-7 1.98119E-6 3.48057E-6 2.55981E-6 -9999 -9999 1.85381E-5 1.12994E-7 1.02838E-6 5.43705E-7 1.50073E-6 2.41489E-6 6.43034E-6 1.00262E-5 1.1913E-5 1.77443E-5 1.76587E-5 2.16932E-5 1.68022E-5 1.29738E-5 1.1623E-5 2.16407E-5 1.76751E-6 1.45847E-6 2.11156E-5 7.99879E-5 8.59923E-5 5.87122E-4 7.73796E-4 2.66604E-4 3.93467E-4 3.10303E-4 1.51765E-4 1.81485E-4 2.11049E-4 1.68742E-4 8.04734E-5 8.67494E-5 7.8423E-5 7.72556E-5 7.13154E-5 5.81829E-5 5.41167E-5 5.44417E-5 5.54613E-5 5.82632E-5 1.28991E-4 9.98256E-5 1.0486E-4 4.66347E-5 3.72879E-5 3.96389E-5 4.945E-5 4.25394E-5 4.40026E-5 3.79891E-5 2.98078E-5 2.46036E-5
-9999 -9999 -9999 5.92121E-7 1.23368E-6 1.95663E-6 -9999 -9999 2.82609E-6 9.34728E-8 2.47558E-8 2.79698E-7 4.78177E-7 1.58857E-6 3.80461E-6 6.4346E-6 4.24566E-5 1.54857E-5 2.09787E-5 1.19149E-5 2.13569E-5 1.87219E-5 1.77684E-5 1.43993E-5 1.56879E-5 2.71555E-6 1.17429E-6 1.51118E-5 4.61492E-5 2.13627E-4 4.94792E-4 9.28407E-4 6.26203E-4 3.81869E-4 5.68559E-4 3.33951E-4 2.72383E-4 4.02389E-4 1.99139E-4 1.17576E-4 1.13049E-4 1.05162E-4 8.50777E-5 6.6618E-5 6.27445E-5 7.39463E-5 6.35243E-5 6.42822E-5 9.4162E-5 1.2737E-4 1.24702E-4 6.61814E-5 5.44846E-5 4.47484E-5 3.93407E-5 5.46558E-5 4.78013E-5 4.04984E-5 3.98436E-5 3.3883E-5 3.15628E-5
-9999 -9999 -9999 5.76968E-7 2.68217E-6 -9999 -9999 4.88615E-6 1.72953E-6 1.56883E-7 3.99395E-8 2.87226E-7 6.99791E-7 3.47444E-7 4.65345E-6 8.63164E-6 3.61395E-5 2.0828E-5 1.86153E-5 1.93823E-5 2.30009E-5 2.16379E-5 1.48323E-5 1.68091E-5 1.55958E-5 4.63996E-6 4.69974E-7 9.12965E-6 2.53305E-5 4.96885E-5 2.37081E-4 6.35142E-4 2.57805E-4 3.01855E-4 9.95546E-4 6.08602E-4 5.39976E-4 9.12431E-4 3.36755E-4 1.20239E-4 1.13487E-4 8.3153E-5 6.89839E-5 6.43534E-5 6.93187E-5 8.2822E-5 7.01411E-5 6.90794E-5 6.77369E-5 1.06286E-4 1.26325E-4 5.72242E-5 4.62243E-5 5.02238E-5 4.65896E-5 4.76009E-5 4.84428E-5 4.32143E-5 4.51968E-5 3.54743E-5 3.04828E-5
-9999 -9999 -9999 3.81616E-7 6.04589E-7 -9999 -9999 -9999 3.50665E-6 2.21284E-7 1.2909E-7 5.6948E-7 1.68094E-7 1.37968E-6 6.65075E-6 1.72066E-5 3.0592E-5 2.83759E-5 2.85445E-5 2.2626E-5 2.84583E-5 3.24594E-5 2.38195E-5 1.47306E-5 1.37354E-5 5.41601E-6 2.1334E-6 8.63407E-6 1.63223E-5 3.03331E-5 5.94652E-5 2.5368E-4 3.90078E-4 4.76616E-4 5.99608E-4 5.96725E-4 4.84739E-4 2.94205E-4 1.38622E-4 1.05947E-4 8.13365E-5 8.63849E-5 7.28843E-5 7.01904E-5 7.64393E-5 8.64104E-5 1.02684E-4 7.27955E-5 6.94443E-5 1.07026E-4 1.13922E-4 6.46282E-5 5.86777E-5 5.39797E-5 5.16003E-5 4.61234E-5 5.12511E-5 4.68489E-5 4.72941E-5 4.04512E-5 3.43915E-5
-9999 -9999 -9999 8.99712E-7 4.30951E-6 -9999 -9999 -9999 7.56347E-6 2.42011E-6 7.76797E-7 7.3044E-8 1.29993E-6 2.99335E-6 4.0875E-6 1.60913E-5 2.34265E-5 3.15672E-5 4.33333E-5 2.35254E-5 2.20629E-5 5.23155E-5 2.94985E-5 2.00586E-5 1.57165E-5 7.81346E-6 2.69119E-6 6.2511E-6 1.12519E-5 2.63572E-5 3.85693E-5 2.87193E-4 4.31404E-4 5.50473E-4 3.28869E-4 4.65052E-4 3.5017E-4 4.31878E-4 1.32199E-4 1.19652E-4 8.49734E-5 8.92174E-5 6.87041E-5 7.08976E-5 1.55421E-4 1.52172E-4 1.20051E-4 8.03716E-5 8.10972E-5 8.90393E-5 1.54836E-4 7.57378E-5 6.05362E-5 5.22865E-5 6.01288E-5 4.9801E-5 5.05872E-5 4.6768E-5 4.23864E-5 4.70708E-5 3.89351E-5
-9999 -9999 -9999 2.27401E-7 5.0788E-6 -9999 -9999 -9999 1.07241E-5 8.39887E-7 5.43942E-8 1.42208E-8 5.33292E-7 2.2122E-6 3.68524E-5 1.6903E-5 1.54634E-5 3.54713E-5 3.05887E-5 3.03582E-5 5.51139E-5 7.20402E-5 3.17565E-5 2.27065E-5 1.60329E-5 7.16739E-6 3.15547E-6 3.16535E-6 7.56427E-6 1.45834E-5 3.01839E-5 1.18199E-4 3.13834E-4 5.98038E-4 4.18466E-4 4.36564E-4 1.31855E-4 3.30385E-4 3.59065E-4 1.90274E-4 6.84728E-5 7.68728E-5 6.97313E-5 7.3179E-5 8.32951E-5 8.39318E-5 9.04056E-5 9.93647E-5 1.19246E-4 1.05883E-4 9.53267E-5 8.55855E-5 6.46788E-5 6.17677E-5 6.13959E-5 5.71547E-5 4.93468E-5 5.81967E-5 4.94019E-5 4.84739E-5 3.90343E-5
-9999 -9999 -9999 -9999 1.2065E-6 -9999 -9999 -9999 -9999 2.78395E-6 1.18036E-7 7.51416E-8 3.79459E-7 8.57759E-7 6.17369E-6 1.29965E-5 1.20318E-5 3.47016E-5 4.66886E-5 5.55373E-5 4.1434E-5 1.46693E-4 6.07318E-5 3.57144E-5 3.45842E-5 1.10224E-5 4.05019E-6 2.44807E-6 4.96937E-6 8.08178E-6 2.50728E-5 3.88234E-5 5.60203E-5 1.01937E-4 7.45528E-5 1.15576E-4 3.05173E-4 2.16038E-4 8.81295E-5 6.32888E-5 1.20069E-4 8.47086E-5 1.34404E-4 8.55075E-5 8.45675E-5 1.09096E-4 1.14878E-4 1.21747E-4 9.72487E-5 1.02376E-4 1.65054E-4 7.49498E-5 7.07265E-5 6.88202E-5 7.26418E-5 6.76593E-5 5.84061E-5 5.54074E-5 5.34798E-5 5.28088E-5 5.06032E-5
-9999 -9999 -9999 -9999 2.24511E-6 -9999 -9999 -9999 -9999 1.00193E-5 1.31115E-6 2.8971E-7 3.98123E-7 6.72473E-7 3.91725E-6 1.2396E-5 2.63832E-5 3.42784E-5 4.12691E-5 3.38429E-5 3.94161E-5 5.44874E-5 4.11803E-5 8.06703E-5 1.23235E-4 1.4642E-5 5.18857E-6 1.63057E-6 2.77035E-6 6.61072E-6 1.48368E-5 2.13756E-5 5.23953E-5 1.35392E-4 6.85828E-5 6.74523E-5 1.20902E-4 7.47203E-5 4.3609E-5 3.4848E-5 1.00273E-4 5.62328E-5 8.89813E-5 1.28831E-4 9.65089E-5 1.17679E-4 2.39068E-4 1.19274E-4 1.10059E-4 1.21653E-4 1.43453E-4 8.6285E-5 8.2044E-5 7.17929E-5 7.34797E-5 7.43284E-5 6.90346E-5 6.26492E-5 5.74245E-5 5.175E-5 5.00873E-5
-9999 -9999 -9999 -9999 -9999 -9999 -9999 -9999 -9999 6.72907E-6 6.02304E-6 5.27371E-7 6.00291E-7 1.09093E-6 1.66731E-6 6.91057E-6 2.52943E-5 2.92596E-5 3.25736E-5 4.2732E-5 3.80748E-5 4.20853E-5 4.89043E-5 3.505E-5 2.82768E-5 5.78676E-6 3.0537E-6 3.83231E-6 2.06462E-6 5.92755E-6 1.37189E-5 2.53741E-5 3.52455E-5 9.50189E-5 3.76844E-5 6.6005E-5 1.76498E-4 1.48913E-4 5.90429E-5 9.75499E-5 1.25093E-4 7.52206E-5 1.10097E-4 1.30222E-4 2.85522E-4 3.68062E-4 3.97608E-4 1.62468E-4 1.21624E-4 1.0851E-4 1.32227E-4 1.19565E-4 8.24443E-5 6.58225E-5 7.66026E-5 7.12455E-5 7.15932E-5 7.1575E-5 5.97876E-5 5.64633E-5 5.3965E-5
-9999 -9999 -9999 -9999 -9999 -9999 -9999 -9999 -9999 -9999 5.14026E-6 1.19606E-6 6.85666E-7 6.27312E-7 3.04398E-6 5.60717E-6 2.23312E-5 2.54035E-5 3.06905E-5 3.56718E-5 3.82827E-5 3.95705E-5 4.9345E-5 4.10761E-5 2.42858E-5 7.80835E-6 4.21934E-6 3.36057E-6 3.83209E-6 4.60463E-6 1.16885E-5 3.02966E-5 4.44083E-5 3.88686E-5 5.81211E-5 6.04122E-5 1.31373E-4 1.58321E-4 7.49576E-5 9.22686E-5 1.00839E-4 2.48409E-4 2.08938E-4 3.50473E-4 4.58761E-4 5.06181E-4 3.13125E-4 5.84489E-4 1.38519E-4 1.17843E-4 1.97142E-4 1.35577E-4 8.40302E-5 7.61501E-5 7.50188E-5 7.6472E-5 8.79367E-5 9.77504E-5 7.02356E-5 6.248E-5 6.42899E-5
-9999 -9999 -9999 -9999 -9999 -9999 -9999 -9999 -9999 -9999 4.30499E-6 7.92091E-7 4.47309E-8 2.2062E-7 2.70874E-6 4.59718E-6 2.14684E-5 3.51887E-5 2.81321E-5 3.96587E-5 4.09714E-5 4.09261E-5 5.3131E-5 7.00503E-5 2.42427E-5 1.17121E-5 6.89602E-6 3.83104E-6 8.322E-6 7.89076E-6 1.32697E-5 2.19202E-5 2.9205E-5 5.19886E-5 6.2016E-5 1.21433E-4 9.8959E-5 8.02796E-5 8.53008E-5 3.42733E-4 2.61022E-4 4.92224E-4 3.52974E-4 4.24624E-4 4.08213E-4 4.15541E-4 1.89551E-4 3.94146E-4 2.46404E-4 3.48189E-4 3.61381E-4 2.04682E-4 9.89248E-5 8.58788E-5 8.03737E-5 8.24977E-5 8.24026E-5 7.4725E-5 7.50734E-5 6.89675E-5 6.65508E-5
-9999 -9999 -9999 -9999 -9999 -9999 -9999 -9999 -9999 -9999 3.35881E-6 5.02703E-7 7.20846E-8 2.17845E-7 1.2225E-5 8.8783E-6 1.52456E-5 4.34748E-5 3.63882E-5 6.42555E-5 5.46045E-5 4.99115E-5 5.15458E-5 6.89964E-5 2.94372E-5 8.0841E-6 6.38354E-6 5.16933E-6 6.93966E-6 1.59844E-5 1.87716E-5 2.92467E-5 3.17082E-5 3.99051E-5 6.50543E-5 9.76627E-5 1.83636E-4 2.33289E-4 2.45939E-4 1.6203E-4 2.99609E-4 3.7459E-4 6.08012E-4 5.5911E-4 5.6316E-4 6.85295E-4 6.34119E-4 5.14892E-4 3.49266E-4 6.12065E-4 6.22248E-4 4.58315E-4 2.55814E-4 1.96733E-4 2.301E-4 1.06727E-4 9.05826E-5 8.4937E-5 8.44301E-5 7.7315E-5 7.04326E-5
-9999 -9999 -9999 -9999 -9999 -9999 -9999 -9999 -9999 -9999 2.61242E-6 3.576E-7 3.59158E-7 1.73812E-7 1.44087E-6 5.31845E-6 2.13865E-5 4.63012E-5 5.39734E-5 9.63302E-5 1.07697E-4 6.01812E-5 4.96887E-5 6.01771E-5 3.1624E-5 1.44594E-5 6.46365E-6 5.05048E-6 1.11699E-5 9.11531E-6 2.14689E-5 3.25583E-5 3.61958E-5 4.16478E-5 1.23771E-4 7.10907E-5 1.58606E-4 2.26216E-4 1.6188E-4 1.96634E-4 4.277E-4 7.50287E-4 9.65675E-4 7.99049E-4 1.03811E-3 7.73118E-4 7.67288E-4 7.45745E-4 7.9519E-4 7.90939E-4 3.23047E-4 2.12417E-4 2.11663E-4 2.58346E-4 3.15243E-4 3.04732E-4 1.15458E-4 9.23521E-5 8.6831E-5 8.53152E-5 8.94714E-5
-9999 -9999 -9999 -9999 -9999 -9999 -9999 -9999 -9999 -9999 1.16397E-6 6.3215E-7 3.51748E-7 4.06434E-7 2.49785E-5 2.39675E-6 2.70104E-5 2.78219E-5 4.55088E-5 1.06724E-4 1.63618E-4 7.87478E-5 6.34543E-5 4.762E-5 4.94876E-5 2.52905E-5 1.63637E-5 7.46324E-6 8.4374E-6 1.8925E-5 2.29095E-5 1.46282E-5 3.88828E-5 1.04077E-4 7.94891E-5 1.12217E-4 1.16047E-4 1.21077E-4 1.87073E-4 2.71083E-4 4.92377E-4 1.24314E-3 1.24089E-3 8.88527E-4 1.29571E-3 7.48575E-4 5.39137E-4 6.62782E-4 2.92041E-4 8.96115E-4 7.53441E-4 3.11492E-4 2.14853E-4 3.49848E-4 2.58293E-4 2.10285E-4 1.33905E-4 1.59296E-4 1.20119E-4 9.26275E-5 9.89042E-5
-9999 -9999 -9999 -9999 -9999 -9999 -9999 -9999 2.76651E-6 1.94225E-6 1.38179E-6 9.72392E-7 4.87604E-7 3.23481E-7 7.65285E-7 1.62997E-5 2.69329E-5 2.95767E-5 3.74563E-5 5.65381E-5 6.42769E-5 1.17905E-4 1.26224E-4 6.31849E-5 5.30303E-5 2.89309E-5 1.06566E-5 3.98513E-6 3.8658E-6 7.94379E-6 1.05457E-5 1.59079E-5 2.85835E-5 3.49415E-5 4.23882E-5 4.75946E-5 7.07665E-5 1.73933E-4 1.41428E-4 3.70462E-4 7.19004E-4 1.34465E-3 9.83345E-4 9.96542E-4 1.06438E-3 6.03567E-4 5.93083E-4 7.10815E-4 6.32474E-4 4.32137E-4 6.65508E-4 5.02546E-4 3.33863E-4 2.42723E-4 2.23146E-4 1.95782E-4 2.3568E-4 2.52787E-4 2.05561E-4 1.17375E-4 1.3305E-4
-9999 -9999 -9999 -9999 -9999 -9999 -9999 -9999 3.40872E-6 9.4254E-7 1.17735E-6 1.4085E-6 1.10321E-6 2.01446E-7 3.25584E-7 1.92577E-6 3.42184E-6 4.19536E-5 2.81051E-5 1.62172E-5 2.62871E-5 4.59424E-5 1.43076E-4 4.39802E-5 4.49497E-5 2.85754E-5 1.64032E-5 7.815E-6 3.40282E-6 4.12362E-6 1.10699E-5 9.98734E-6 3.11475E-5 3.98304E-5 5.40301E-5 3.48125E-5 1.29923E-4 1.142E-4 1.33761E-4 1.08793E-4 3.91071E-4 1.04441E-3 9.62108E-4 8.69083E-4 8.71935E-4 6.36989E-4 5.16514E-4 6.1424E-4 5.9027E-4 7.88912E-4 6.10791E-4 5.58101E-4 4.90623E-4 3.20839E-4 2.69109E-4 2.87466E-4 4.15847E-4 4.09998E-4 3.19163E-4 3.28377E-4 3.74096E-4
-9999 -9999 -9999 -9999 -9999 -9999 -9999 -9999 8.77586E-7 5.91984E-7 1.65118E-7 2.75504E-7 7.61048E-7 3.89848E-7 2.14114E-7 1.5004E-6 1.2338E-6 2.23022E-5 2.4827E-5 2.6859E-5 1.71588E-5 2.36356E-5 8.34388E-5 5.54993E-5 5.75624E-5 6.66232E-5 2.37484E-5 1.63315E-5 5.34961E-6 3.85431E-6 1.07895E-5 1.02307E-5 1.91001E-5 6.52076E-5 1.63572E-4 1.35861E-4 7.93605E-5 1.32723E-4 1.09962E-4 4.73543E-4 9.69249E-4 1.37361E-3 1.23411E-3 1.20627E-3 1.16708E-3 6.89522E-4 5.68642E-4 4.59173E-4 8.05355E-4 8.32616E-4 9.42688E-4 6.87347E-4 5.00752E-4 3.43534E-4 5.09894E-4 2.1944E-4 4.5185E-4 4.32955E-4 3.24836E-4 5.54563E-4 5.15315E-4
-9999 -9999 -9999 -9999 -9999 -9999 -9999 -9999 -9999 1.32512E-6 1.78904E-7 1.91222E-7 3.29416E-7 1.01075E-6 2.89529E-7 4.48291E-7 2.0117E-6 2.08024E-5 1.15722E-4 4.77286E-5 1.05793E-5 1.30581E-5 3.06007E-5 6.62995E-5 4.37401E-5 4.46436E-5 3.22882E-5 2.67836E-5 9.38862E-6 4.38251E-6 2.95306E-6 3.61339E-6 9.29904E-6 2.73787E-5 5.44264E-5 7.36735E-5 1.0169E-4 8.74362E-5 1.60483E-4 1.19032E-3 1.08804E-3 1.9706E-3 1.70142E-3 1.34068E-3 9.47912E-4 6.19165E-4 6.99591E-4 8.09506E-4 3.38526E-4 4.23541E-4 4.59133E-4 5.44191E-4 4.05193E-4 9.2307E-4 7.23509E-4 3.895E-4 4.9302E-4 6.12833E-4 4.44496E-4 5.17104E-4 3.55339E-4
-9999 -9999 -9999 -9999 -9999 -9999 -9999 -9999 -9999 6.76168E-7 5.09456E-7 1.35087E-7 1.93209E-7 7.79288E-7 1.59197E-6 6.81904E-7 7.61894E-7 9.40152E-7 9.47556E-6 1.74418E-5 1.10861E-5 9.83825E-6 2.74547E-5 5.26532E-5 4.20278E-5 4.13504E-5 4.69752E-5 2.42281E-5 8.07195E-6 2.6527E-6 2.93954E-6 1.42991E-6 9.82202E-6 1.4612E-5 4.61544E-5 6.99844E-5 1.28581E-4 1.03545E-4 1.09489E-4 6.27859E-4 1.40695E-3 1.33116E-3 1.01029E-3 9.89515E-4 8.25025E-4 4.35487E-4 3.19464E-4 8.12674E-4 4.80391E-4 5.4864E-4 7.7048E-4 4.62388E-4 6.34682E-4 5.59215E-4 7.69989E-4 5.82662E-4 3.24885E-4 4.24149E-4 3.54373E-4 4.3894E-4 4.05577E-4
-9999 -9999 -9999 -9999 -9999 -9999 -9999 -9999 -9999 -9999 8.10946E-7 2.11853E-7 1.40208E-7 1.13085E-6 1.72653E-6 6.04827E-7 6.43818E-7 1.25543E-6 5.44133E-6 5.13731E-6 8.65951E-6 7.14103E-6 2.64962E-5 1.16778E-4 7.88747E-5 5.81926E-5 3.84154E-5 2.26531E-5 6.84615E-6 3.50453E-6 4.50419E-6 3.37402E-6 2.61574E-6 6.18445E-6 2.52387E-5 4.97827E-5 6.23719E-5 7.70932E-5 1.55673E-4 7.55223E-4 1.23078E-3 1.08015E-3 1.01016E-3 9.85556E-4 3.22157E-4 3.3711E-4 2.57007E-4 5.67253E-4 3.94935E-4 5.00535E-4 8.52306E-4 7.58079E-4 7.78215E-4 7.34386E-4 4.87697E-4 6.09222E-4 6.27215E-4 3.62724E-4 3.39731E-4 4.26087E-4 4.03466E-4
-9999 -9999 -9999 -9999 -9999 -9999 -9999 -9999 -9999 -9999 9.68602E-7 3.03414E-7 2.07347E-7 4.94763E-7 2.01549E-6 1.28415E-6 5.33622E-7 3.86233E-7 1.54813E-6 5.24958E-6 8.18604E-6 1.15699E-5 2.40016E-5 3.53415E-5 7.10714E-5 1.49043E-4 1.1988E-4 4.1482E-5 2.75156E-5 8.04813E-6 4.47747E-6 1.51128E-5 9.78536E-6 1.81165E-5 4.25444E-5 2.94041E-5 3.70708E-5 6.35896E-5 1.14865E-4 9.14245E-4 1.58928E-3 9.76749E-4 1.00013E-3 1.18466E-3 9.29981E-4 4.50581E-4 1.97138E-4 2.42659E-4 4.28192E-4 4.21555E-4 7.16512E-4 7.31171E-4 7.42494E-4 7.69694E-4 7.31778E-4 5.25525E-4 5.26159E-4 4.86727E-4 4.51549E-4 3.5387E-4 3.70934E-4
