Candidate_Models_Sept202022/M_0.3_F_lqp_Set_1_all/Bison.asc
ncols         97
nrows         127
xllcorner     -2197417.7431653
yllcorner     -584827.01486885
cellsize      30000.0
NODATA_value  -9999
[rows 27 to 53 of 127, columns 0 to 60 of 97]
-9999 -9999 1.48507E-6 2.42517E-7 5.21111E-6 2.02565E-5 2.9782E-5 4.37178E-5 7.57237E-5 3.97748E-5 2.79603E-5 5.08346E-5 1.97771E-5 2.38043E-5 1.86564E-5 2.77341E-5 1.93657E-5 1.46765E-5 7.05517E-6 7.04519E-6 6.52167E-6 4.96757E-6 3.11121E-6 3.0367E-6 3.45473E-6 7.35782E-6 8.33087E-6 7.30714E-6 6.62194E-6 7.45486E-6 7.64882E-6 1.09817E-5 8.21943E-6 1.06999E-5 1.41993E-5 1.372E-5 1.34671E-5 1.4754E-5 9.12855E-6 2.05052E-5 3.83295E-5 2.65037E-5 2.88218E-5 5.25642E-5 2.6015E-5 2.291E-5 1.69786E-5 1.15951E-5 7.47855E-6 5.61199E-6 5.08609E-6 6.08518E-6 3.52905E-6 2.80492E-6 1.46885E-6 1.02599E-6 9.7654E-7 9.04743E-7 1.16103E-6 1.53514E-6 2.16617E-6
-9999 4.55744E-8 2.38996E-6 5.32503E-7 2.76566E-7 5.44441E-6 3.12586E-5 3.52227E-5 3.62661E-5 5.05763E-5 3.47351E-5 3.12084E-5 4.07317E-5 3.40542E-5 2.43964E-5 2.69641E-5 3.42673E-5 1.96413E-5 1.35502E-5 1.01508E-5 7.63823E-6 6.12573E-6 3.58532E-6 3.96185E-6 4.71077E-6 8.09631E-6 9.57657E-6 8.88393E-6 1.0448E-5 1.03831E-5 8.62488E-6 7.44661E-6 6.12302E-6 9.31779E-6 9.4679E-6 1.01145E-5 1.04001E-5 2.48993E-5 2.62743E-5 2.19822E-5 2.55413E-5 1.80886E-5 2.73331E-5 2.60081E-5 2.62075E-5 1.56192E-5 1.51102E-5 8.57966E-6 6.7466E-6 4.6876E-6 5.02106E-6 7.18359E-6 2.96029E-6 2.21038E-6 1.63537E-6 1.2569E-6 1.02647E-6 9.4411E-7 1.00392E-6 1.26816E-6 1.22601E-6
-9999 3.2208E-9 8.77416E-9 3.34927E-7 3.09038E-7 5.11289E-6 1.4516E-5 3.62848E-5 4.81464E-5 5.00773E-5 2.843E-5 3.63363E-5 4.08031E-5 3.5515E-5 3.04336E-5 1.56454E-5 2.65741E-5 2.63487E-5 1.98221E-5 1.10704E-5 8.91775E-6 5.03513E-6 5.6172E-6 5.26578E-6 9.31633E-6 7.50612E-6 9.16407E-6 9.23079E-6 8.15054E-6 7.73398E-6 8.54524E-6 8.76243E-6 1.11993E-5 9.74013E-6 9.36147E-6 9.1411E-6 7.22076E-6 1.29346E-5 1.25566E-5 2.22555E-5 2.33062E-5 2.30659E-5 2.27179E-5 2.18992E-5 1.43122E-5 1.61429E-5 1.13982E-5 8.08596E-6 5.37425E-6 4.77898E-6 4.43006E-6 4.20941E-6 2.83767E-6 2.0239E-6 1.5456E-6 1.2614E-6 1.03991E-6 8.57377E-7 8.4136E-7 1.20569E-6 1.20654E-6
1.34568E-6 2.20178E-9 2.11146E-11 1.00604E-9 1.89921E-8 1.3557E-6 1.10369E-5 4.9893E-5 3.44797E-5 3.96523E-5 3.1801E-5 3.772E-5 5.05538E-5 6.55768E-5 3.06235E-5 2.13843E-5 3.83157E-5 2.58556E-5 2.19477E-5 1.42395E-5 8.09926E-6 5.78285E-6 8.56801E-6 9.72844E-6 7.76974E-6 8.79655E-6 7.74316E-6 1.12057E-5 7.19966E-6 7.74356E-6 7.1207E-6 7.91462E-6 1.0685E-5 8.30285E-6 1.11698E-5 1.11832E-5 7.31722E-6 1.10833E-5 1.84353E-5 2.24436E-5 2.31439E-5 1.90375E-5 1.38455E-5 2.15174E-5 1.65461E-5 1.39163E-5 1.17931E-5 8.38832E-6 5.48038E-6 3.6145E-6 2.93519E-6 3.34159E-6 2.96383E-6 2.45898E-6 1.8549E-6 1.35994E-6 1.02361E-6 9.29883E-7 9.15039E-7 1.20009E-6 1.15429E-6
4.05384E-6 1.52466E-6 6.03886E-10 3.69021E-11 6.94112E-9 3.03117E-6 1.5893E-5 5.79691E-5 4.28201E-5 4.33944E-5 4.59135E-5 4.67216E-5 4.49026E-5 7.4E-5 3.86829E-5 4.06311E-5 2.38295E-5 4.07466E-5 1.82392E-5 8.59629E-6 6.34675E-6 6.68116E-6 8.51883E-6 7.52125E-6 7.83058E-6 7.14802E-6 8.41361E-6 9.29168E-6 8.18776E-6 8.37696E-6 8.78185E-6 8.18827E-6 9.75826E-6 6.70846E-6 1.40916E-5 1.58331E-5 1.47038E-5 1.49029E-5 1.6894E-5 1.542E-5 1.90103E-5 1.76016E-5 1.73366E-5 1.51947E-5 1.49908E-5 1.20752E-5 1.09366E-5 9.38898E-6 6.78249E-6 3.85987E-6 3.13802E-6 3.33123E-6 2.6696E-6 2.54457E-6 2.04869E-6 1.48863E-6 1.14239E-6 1.11137E-6 1.04898E-6 1.19087E-6 1.25014E-6
5.05506E-6 1.84798E-5 7.54078E-7 1.27631E-9 2.13448E-9 2.17075E-6 2.43591E-5 4.53068E-5 4.72488E-5 4.71121E-5 4.8262E-5 4.57579E-5 4.50952E-5 4.61902E-5 4.22766E-5 2.78162E-5 2.20929E-5 2.42698E-5 2.12953E-5 1.50243E-5 1.02829E-5 7.52174E-6 8.13367E-6 7.71983E-6 1.16353E-5 9.03454E-6 9.48798E-6 1.514E-5 9.79509E-6 1.08603E-5 7.34686E-6 7.26703E-6 6.71991E-6 6.96924E-6 1.29206E-5 1.48713E-5 1.233E-5 1.24761E-5 1.34519E-5 1.18376E-5 1.27187E-5 1.64614E-5 1.78423E-5 1.57302E-5 1.62665E-5 1.14352E-5 9.97003E-6 9.57437E-6 8.01803E-6 4.58429E-6 3.70808E-6 3.2936E-6 2.67505E-6 2.69229E-6 2.21938E-6 1.58358E-6 1.30162E-6 1.22885E-6 1.36586E-6 1.27018E-6 1.42975E-6
-9999 3.33409E-6 1.72848E-5 2.56396E-6 2.02633E-8 5.78796E-6 1.42989E-5 4.68814E-5 4.02313E-5 3.50613E-5 5.12321E-5 5.6887E-5 4.7072E-5 3.90963E-5 1.71194E-5 1.89011E-5 9.88936E-6 8.37656E-6 2.17689E-5 1.85143E-5 1.37914E-5 1.49878E-5 1.05408E-5 9.33482E-6 1.21372E-5 1.53481E-5 1.34204E-5 1.32902E-5 1.43318E-5 1.13465E-5 1.11962E-5 8.82392E-6 7.84067E-6 1.00894E-5 1.53446E-5 1.14942E-5 1.40379E-5 1.54595E-5 1.39471E-5 1.45552E-5 1.60511E-5 1.47512E-5 1.70072E-5 1.61522E-5 1.49682E-5 1.24804E-5 1.09472E-5 1.40687E-5 1.13315E-5 7.4676E-6 5.36799E-6 4.4553E-6 3.5617E-6 3.11422E-6 2.36844E-6 1.90862E-6 2.18739E-6 1.44943E-6 1.46481E-6 1.35277E-6 1.57303E-6
-9999 -9999 3.07721E-6 3.49411E-6 3.87349E-7 1.17432E-5 5.462E-6 1.93436E-5 2.71558E-5 4.3789E-5 3.37385E-5 9.91959E-5 3.25834E-5 3.02683E-5 1.65024E-5 1.58988E-5 1.08047E-5 7.65416E-6 8.70142E-6 1.81757E-5 1.85551E-5 1.03274E-5 1.13929E-5 9.67766E-6 1.71538E-5 1.39513E-5 2.01878E-5 2.02502E-5 1.43511E-5 1.28053E-5 1.04523E-5 9.35903E-6 1.15084E-5 1.54753E-5 1.58873E-5 1.16102E-5 1.11462E-5 1.39885E-5 8.27574E-6 9.04844E-6 2.05639E-5 1.76519E-5 2.12754E-5 1.63666E-5 2.05593E-5 1.56128E-5 1.46361E-5 1.35961E-5 1.49421E-5 1.33622E-5 7.73548E-6 5.49198E-6 3.90495E-6 3.14732E-6 2.59052E-6 2.03036E-6 2.67071E-6 1.67679E-6 1.73455E-6 1.76069E-6 1.69568E-6
-9999 -9999 2.99631E-6 3.9041E-6 1.68367E-6 4.92971E-6 2.76458E-6 8.75355E-6 1.18825E-5 4.66505E-5 3.92139E-5 6.1181E-5 3.38383E-5 3.14812E-5 1.50544E-5 2.45585E-5 1.63934E-5 1.46991E-5 9.34658E-6 1.2937E-5 1.50393E-5 1.80017E-5 1.297E-5 9.6479E-6 1.74375E-5 1.16063E-5 1.68857E-5 1.5891E-5 1.74051E-5 1.13195E-5 1.08091E-5 9.50515E-6 1.14265E-5 1.39697E-5 1.30152E-5 1.33803E-5 4.764E-6 1.08205E-5 7.73926E-6 8.18249E-6 1.385E-5 2.26108E-5 1.53981E-5 2.01253E-5 2.02143E-5 1.89014E-5 1.57461E-5 1.54506E-5 1.37502E-5 1.79086E-5 9.82907E-6 9.00351E-6 5.103E-6 3.61485E-6 2.94597E-6 2.38602E-6 2.14737E-6 2.08255E-6 2.1495E-6 2.06804E-6 1.66189E-6
-9999 -9999 3.38694E-6 7.59489E-6 2.2531E-6 2.015E-6 2.2058E-6 1.48144E-5 1.9341E-5 2.83184E-5 4.38255E-5 3.64293E-5 4.43602E-5 2.89216E-5 1.41844E-5 1.9957E-5 2.14685E-5 1.72214E-5 2.02719E-5 1.74062E-5 1.76365E-5 1.97369E-5 1.30773E-5 1.7299E-5 1.22286E-5 1.3248E-5 1.96796E-5 1.83454E-5 1.88163E-5 1.47961E-5 1.24617E-5 8.53968E-6 1.03454E-5 1.48877E-5 1.50077E-5 1.54983E-5 6.36842E-6 6.69429E-6 8.21559E-6 1.00686E-5 1.18654E-5 1.55474E-5 1.4661E-5 1.18133E-5 2.16245E-5 2.18589E-5 1.83794E-5 1.99801E-5 1.67155E-5 1.74331E-5 1.05147E-5 7.98688E-6 5.41394E-6 3.99489E-6 3.73195E-6 2.93304E-6 2.54165E-6 2.4394E-6 2.86233E-6 2.41306E-6 2.01339E-6
-9999 -9999 -9999 3.82777E-6 4.0786E-6 1.02491E-5 5.99303E-6 1.70569E-5 1.70956E-5 8.44726E-6 1.37453E-5 4.43967E-5 4.43549E-5 2.99169E-5 1.86035E-5 1.90441E-5 1.79345E-5 1.61262E-5 1.95511E-5 2.27463E-5 1.68796E-5 1.12062E-5 1.00672E-5 1.99403E-5 2.60016E-5 1.50033E-5 2.20631E-5 2.01235E-5 1.493E-5 1.06503E-5 9.21647E-6 9.21929E-6 1.22067E-5 1.34249E-5 1.40553E-5 1.44987E-5 1.22068E-5 6.91822E-6 1.09965E-5 1.28146E-5 1.21972E-5 1.39007E-5 1.80297E-5 1.88852E-5 2.39713E-5 2.08643E-5 2.06155E-5 2.20888E-5 1.48243E-5 1.22726E-5 1.01559E-5 8.62931E-6 7.17774E-6 5.23124E-6 4.70955E-6 3.96085E-6 3.59691E-6 3.03784E-6 2.49241E-6 2.46986E-6 2.30897E-6
-9999 -9999 -9999 1.01721E-6 9.2683E-7 3.35684E-5 1.78634E-5 4.77953E-5 4.34698E-5 3.92024E-5 7.27088E-6 2.97937E-5 2.99947E-5 2.79561E-5 3.09088E-5 1.88929E-5 1.35318E-5 1.90436E-5 1.62234E-5 1.87742E-5 1.05147E-5 8.5464E-6 8.36951E-6 1.63014E-5 1.80817E-5 1.91062E-5 1.96336E-5 1.55434E-5 1.23388E-5 1.02562E-5 8.94748E-6 1.13527E-5 1.67596E-5 1.40701E-5 1.44229E-5 1.49622E-5 1.0223E-5 1.06064E-5 1.73948E-5 9.66757E-6 1.17898E-5 1.47907E-5 1.34465E-5 1.30842E-5 2.12018E-5 2.34998E-5 2.22532E-5 2.38562E-5 2.13852E-5 1.87072E-5 9.95437E-6 1.57359E-5 9.13603E-6 7.48303E-6 5.49542E-6 4.14234E-6 3.73726E-6 3.1426E-6 3.18741E-6 2.69294E-6 2.47832E-6
-9999 -9999 -9999 2.61933E-7 2.95492E-6 1.07934E-5 1.50458E-5 2.62538E-5 3.52547E-5 3.3339E-5 1.02661E-5 1.62622E-5 2.92106E-5 2.39248E-5 2.22356E-5 2.06329E-5 1.29971E-5 1.76015E-5 1.74758E-5 1.84995E-5 1.15266E-5 8.59777E-6 1.25067E-5 1.53619E-5 1.89264E-5 1.71633E-5 1.69167E-5 1.6218E-5 1.18341E-5 1.00913E-5 1.02184E-5 1.36835E-5 1.89576E-5 1.34497E-5 1.59039E-5 1.83321E-5 2.11864E-5 1.99204E-5 1.41546E-5 9.75946E-6 9.33819E-6 1.28249E-5 1.81887E-5 2.11042E-5 2.4881E-5 2.62721E-5 2.08666E-5 2.81447E-5 2.258E-5 1.88318E-5 1.52275E-5 1.21424E-5 1.56195E-5 1.1359E-5 8.23234E-6 8.09266E-6 8.47017E-6 6.00028E-6 4.71448E-6 3.54193E-6 2.90756E-6
-9999 -9999 -9999 -9999 4.37699E-6 4.71494E-6 5.33467E-6 4.35614E-6 3.55906E-5 1.4331E-5 1.16312E-6 7.61999E-6 3.40136E-5 1.85395E-5 2.49423E-5 2.42023E-5 1.91148E-5 1.95739E-5 2.48047E-5 2.28148E-5 1.58605E-5 1.36941E-5 1.46091E-5 1.37821E-5 1.51842E-5 1.45521E-5 1.52572E-5 1.24703E-5 1.14259E-5 1.34464E-5 1.41737E-5 1.84571E-5 1.48166E-5 1.63625E-5 1.5732E-5 1.89527E-5 2.1559E-5 1.92523E-5 1.26114E-5 1.36873E-5 1.43908E-5 1.55485E-5 1.81239E-5 2.91764E-5 2.9282E-5 2.5348E-5 2.24723E-5 2.82584E-5 3.17394E-5 2.40402E-5 1.38983E-5 1.97127E-5 2.43882E-5 1.6308E-5 1.37334E-5 1.82076E-5 9.47504E-6 1.04242E-5 9.49702E-6 3.98118E-6 2.95551E-6
-9999 -9999 -9999 -9999 1.12578E-6 3.57456E-6 3.55639E-6 1.44192E-5 2.61169E-6 9.01924E-7 3.00773E-7 6.38807E-6 3.33118E-5 1.95774E-5 2.7863E-5 1.53707E-5 2.12044E-5 2.81824E-5 2.3212E-5 2.12492E-5 2.36843E-5 2.88005E-5 1.74807E-5 1.6153E-5 1.4657E-5 1.29306E-5 1.54236E-5 1.21205E-5 1.16388E-5 9.12073E-6 1.20677E-5 2.28359E-5 1.82518E-5 1.99699E-5 1.91254E-5 2.07602E-5 2.02511E-5 2.59708E-5 2.33534E-5 2.64477E-5 2.26325E-5 2.86006E-5 2.46599E-5 3.25248E-5 2.69222E-5 3.35456E-5 3.61999E-5 2.11969E-5 2.99786E-5 3.61803E-5 2.78872E-5 2.62708E-5 2.90021E-5 1.41891E-5 1.48338E-5 1.6701E-5 1.41798E-5 1.2833E-5 9.90512E-6 5.11722E-6 3.6988E-6
-9999 -9999 -9999 -9999 4.10343E-7 2.00299E-6 1.82379E-6 7.71259E-6 6.19688E-6 9.17586E-7 1.01278E-6 6.76003E-6 2.18309E-5 1.66227E-5 1.97134E-5 1.75405E-5 2.2386E-5 2.94428E-5 1.42601E-5 2.16024E-5 2.22322E-5 1.78009E-5 2.31258E-5 2.24994E-5 1.99747E-5 1.85614E-5 1.59045E-5 1.53782E-5 1.23281E-5 9.62414E-6 1.6369E-5 2.12036E-5 2.20802E-5 2.0764E-5 2.09326E-5 2.19776E-5 2.21187E-5 2.64977E-5 3.29087E-5 3.02959E-5 3.14721E-5 3.21253E-5 3.67369E-5 3.41837E-5 2.98752E-5 3.27696E-5 4.32611E-5 4.921E-5 -9999 3.49294E-5 2.67933E-5 2.54736E-5 1.81589E-5 1.75004E-5 3.03147E-5 1.64504E-5 1.48814E-5 1.246E-5 1.67707E-5 6.44796E-6 4.19601E-6
-9999 -9999 -9999 -9999 4.23077E-7 1.51615E-6 1.01349E-6 6.39012E-8 9.8169E-5 2.93305E-4 2.52175E-6 3.46631E-6 1.09372E-5 1.42103E-5 1.38058E-5 1.83442E-5 2.26299E-5 1.59442E-5 1.35937E-5 2.13964E-5 2.16688E-5 2.15974E-5 2.36234E-5 2.75061E-5 1.90052E-5 1.56204E-5 1.23738E-5 2.06109E-5 1.21889E-5 1.40082E-5 2.0471E-5 2.26559E-5 2.09737E-5 2.04033E-5 1.94732E-5 2.31994E-5 2.36079E-5 2.49611E-5 2.62871E-5 3.02593E-5 3.36299E-5 3.4411E-5 3.56259E-5 3.49119E-5 3.51841E-5 3.35344E-5 -9999 -9999 -9999 -9999 3.67326E-5 2.24965E-5 1.99497E-5 2.52229E-5 2.1753E-5 1.8381E-5 1.00652E-5 7.62932E-6 5.10807E-6 6.02131E-6 5.54061E-6
-9999 -9999 -9999 -9999 2.0949E-7 2.05246E-6 8.72263E-7 1.59213E-7 4.051E-8 5.49145E-4 2.5959E-6 1.0185E-5 8.46748E-6 1.08193E-5 1.12428E-5 1.48413E-5 1.70143E-5 1.38157E-5 1.78879E-5 1.81739E-5 1.86265E-5 2.25866E-5 2.65911E-5 2.52323E-5 1.43155E-5 9.78992E-6 1.21112E-5 1.47991E-5 1.78894E-5 2.13867E-5 2.27025E-5 2.29873E-5 2.21985E-5 2.66751E-5 1.78721E-5 2.15431E-5 2.56781E-5 2.41467E-5 2.55752E-5 2.74583E-5 3.48017E-5 3.27498E-5 2.93249E-5 2.44146E-5 4.01986E-5 -9999 -9999 -9999 -9999 7.5878E-5 3.50694E-5 2.93485E-5 2.31496E-5 2.26233E-5 2.19228E-5 1.74114E-5 1.52969E-5 1.09908E-5 1.02931E-5 1.29306E-5 6.70279E-6
-9999 -9999 -9999 -9999 7.9413E-7 2.86061E-6 1.37418E-6 1.62096E-7 2.68016E-6 1.40845E-5 2.4702E-6 5.81368E-6 5.38208E-6 1.11324E-5 1.27302E-5 1.4003E-5 1.75721E-5 1.77489E-5 1.24343E-5 1.39044E-5 1.92025E-5 2.59108E-5 2.00679E-5 1.61879E-5 1.66779E-5 1.32312E-5 1.44052E-5 2.04848E-5 2.6148E-5 2.46451E-5 2.40919E-5 2.37154E-5 2.35221E-5 2.40048E-5 2.39274E-5 2.0264E-5 2.16952E-5 2.33177E-5 3.00914E-5 3.00244E-5 3.12756E-5 3.32267E-5 3.95707E-5 4.4796E-5 5.16373E-5 -9999 -9999 -9999 7.88305E-5 5.80093E-5 4.19885E-5 3.05944E-5 2.73034E-5 2.22356E-5 2.00849E-5 1.62966E-5 1.58553E-5 8.24365E-6 8.5459E-6 1.10603E-5 6.22881E-6
-9999 -9999 -9999 1.67493E-6 1.29101E-4 1.80636E-5 2.93817E-7 5.5454E-7 2.91973E-7 9.81084E-7 4.54119E-6 2.4961E-6 4.8959E-6 1.09005E-5 1.72832E-5 1.32987E-5 2.2704E-5 1.57693E-5 1.72474E-5 1.15615E-5 1.58435E-5 1.79358E-5 1.52921E-5 9.9012E-6 1.62653E-5 1.42651E-5 1.69163E-5 2.05966E-5 1.81556E-5 2.20481E-5 3.51532E-5 2.9982E-5 2.50596E-5 2.59618E-5 2.38979E-5 2.41464E-5 2.33772E-5 2.73825E-5 2.68256E-5 3.17414E-5 3.13571E-5 2.99626E-5 3.35895E-5 4.44255E-5 9.34685E-5 6.49583E-5 5.98902E-5 6.14576E-5 6.27321E-5 4.4708E-5 4.30657E-5 3.61037E-5 3.15355E-5 2.7115E-5 2.41598E-5 1.68072E-5 1.61287E-5 9.55245E-6 9.02024E-6 9.14659E-6 7.13901E-6
-9999 -9999 -9999 -9999 4.97197E-6 5.17827E-5 1.34101E-6 -9999 2.45218E-7 1.10579E-6 2.60506E-6 1.24796E-6 1.19513E-5 1.6794E-5 1.53835E-5 2.03259E-5 1.92214E-5 1.56268E-5 1.2496E-5 1.56846E-5 1.26313E-5 1.53356E-5 1.01041E-5 1.41764E-5 2.2316E-5 2.10654E-5 1.98995E-5 2.07236E-5 1.8303E-5 2.13816E-5 2.33412E-5 3.0179E-5 2.75535E-5 2.77828E-5 2.58614E-5 2.38769E-5 2.46137E-5 2.1726E-5 2.25498E-5 3.10937E-5 3.30729E-5 2.96372E-5 3.02585E-5 3.88778E-5 4.18504E-5 5.06428E-5 5.01208E-5 4.98983E-5 5.36494E-5 4.28517E-5 4.22069E-5 3.09451E-5 3.28565E-5 2.98323E-5 2.67461E-5 1.60845E-5 1.57937E-5 1.11378E-5 1.20502E-5 1.00198E-5 6.73118E-6
-9999 -9999 -9999 -9999 8.19969E-7 5.73738E-7 9.91358E-7 1.61487E-6 5.5055E-7 9.33861E-6 4.38067E-6 7.46522E-7 1.43919E-5 6.49227E-6 1.13989E-5 3.47163E-5 1.71554E-5 2.13338E-5 1.25518E-5 1.18069E-5 1.02442E-5 1.43104E-5 1.6692E-5 2.18723E-5 1.99573E-5 3.02949E-5 1.55335E-5 1.87097E-5 2.04076E-5 2.44179E-5 2.78917E-5 3.8769E-5 3.08047E-5 3.21215E-5 3.32683E-5 3.09825E-5 2.7359E-5 2.09508E-5 2.64226E-5 2.70082E-5 2.76822E-5 3.377E-5 2.90772E-5 3.44713E-5 3.34126E-5 4.3896E-5 4.45096E-5 4.09239E-5 4.40685E-5 4.23256E-5 3.90883E-5 3.31507E-5 3.28776E-5 3.22192E-5 3.22356E-5 2.2873E-5 1.74911E-5 1.65848E-5 1.0271E-5 1.14337E-5 1.06976E-5
-9999 -9999 -9999 -9999 1.36028E-5 1.03067E-6 1.57123E-6 7.89388E-7 1.62765E-6 1.37501E-5 1.49988E-6 6.50199E-7 4.97225E-6 1.31589E-5 1.25397E-5 1.61881E-5 1.91687E-5 2.03358E-5 1.9276E-5 1.31152E-5 1.43943E-5 1.1864E-5 1.09496E-5 1.28549E-5 3.15483E-5 2.18598E-5 1.12273E-5 1.80404E-5 2.49818E-5 2.87944E-5 3.13202E-5 3.33103E-5 4.50344E-5 3.74296E-5 4.29007E-5 3.5088E-5 3.2161E-5 2.94487E-5 3.20694E-5 3.40117E-5 3.66604E-5 3.8212E-5 3.5064E-5 3.43355E-5 3.70216E-5 3.9335E-5 3.37662E-5 3.73999E-5 4.02216E-5 4.26507E-5 3.73301E-5 3.31386E-5 3.14995E-5 3.01148E-5 2.9289E-5 2.03266E-5 1.89246E-5 1.81994E-5 1.38833E-5 1.16345E-5 8.90059E-6
-9999 -9999 -9999 -9999 -9999 1.35931E-6 1.66618E-6 2.09047E-6 8.15237E-7 1.91712E-6 8.11943E-7 2.97603E-6 3.68614E-6 7.1356E-6 7.07532E-6 1.6924E-5 2.70623E-5 2.04573E-5 2.00733E-5 1.53394E-5 1.59136E-5 1.8495E-5 1.18484E-5 1.62847E-5 1.80413E-5 3.40985E-5 1.71389E-5 1.79185E-5 2.13318E-5 3.8007E-5 4.05774E-5 4.61054E-5 4.12277E-5 3.82336E-5 3.67473E-5 4.26437E-5 3.47115E-5 3.47265E-5 3.71596E-5 3.72272E-5 4.0473E-5 3.94465E-5 3.71217E-5 3.84049E-5 3.55338E-5 3.46313E-5 3.1525E-5 3.87539E-5 4.08686E-5 4.65266E-5 3.99607E-5 3.72293E-5 3.30188E-5 2.91305E-5 2.9213E-5 2.11545E-5 2.25489E-5 2.08064E-5 1.89039E-5 8.77914E-6 9.675E-6
-9999 -9999 -9999 -9999 -9999 4.41805E-6 4.66266E-7 2.17494E-6 2.61027E-6 9.86643E-6 3.29802E-6 1.97207E-7 7.16205E-7 2.50551E-6 9.50763E-6 1.56932E-5 1.73875E-5 1.92308E-5 1.92286E-5 1.79802E-5 2.24608E-5 1.47381E-5 2.03345E-5 1.84697E-5 2.39656E-5 3.72107E-5 2.25771E-5 2.05736E-5 2.45203E-5 3.05589E-5 3.36399E-5 4.22505E-5 4.65415E-5 3.96154E-5 3.78272E-5 4.28963E-5 4.58219E-5 4.96665E-5 4.44667E-5 4.36571E-5 3.97306E-5 3.96684E-5 3.62531E-5 3.62851E-5 2.8111E-5 3.4284E-5 3.99431E-5 3.83386E-5 3.54706E-5 3.94883E-5 4.02029E-5 3.64234E-5 3.09683E-5 2.58797E-5 3.16792E-5 2.47468E-5 2.14726E-5 2.21792E-5 1.62688E-5 1.44565E-5 1.15315E-5
-9999 -9999 -9999 -9999 -9999 5.96922E-6 2.10645E-6 4.36944E-7 1.14709E-6 1.94913E-7 3.18436E-6 4.06573E-7 3.26282E-7 6.38547E-7 1.22703E-5 1.25402E-5 1.33446E-5 1.25464E-5 1.90646E-5 2.44788E-5 1.9227E-5 2.07575E-5 2.07395E-5 1.92541E-5 2.47788E-5 3.05647E-5 1.82034E-5 2.8186E-5 3.02886E-5 2.8211E-5 3.59512E-5 4.09472E-5 4.66864E-5 4.53966E-5 5.08092E-5 5.27885E-5 5.04905E-5 6.09127E-5 5.19246E-5 5.14987E-5 4.84166E-5 4.2065E-5 3.72682E-5 3.06879E-5 3.59667E-5 3.26406E-5 3.65262E-5 4.00573E-5 3.85079E-5 4.28627E-5 4.30636E-5 3.70249E-5 3.0341E-5 2.46722E-5 3.29168E-5 2.85068E-5 2.92901E-5 2.43734E-5 1.9062E-5 1.77607E-5 1.43916E-5
-9999 -9999 -9999 -9999 -9999 2.39452E-6 5.91962E-7 1.00964E-6 2.70598E-6 2.08638E-7 4.83357E-7 4.69763E-7 1.67401E-6 2.64385E-6 7.76589E-6 1.12142E-5 1.06446E-5 1.10412E-5 1.37264E-5 1.81625E-5 2.71409E-5 3.70644E-5 3.25696E-5 2.29257E-5 1.63445E-5 5.21444E-5 2.46991E-5 2.69396E-5 3.49139E-5 3.09E-5 4.10444E-5 4.47505E-5 4.6734E-5 4.85293E-5 5.03127E-5 5.29981E-5 6.43801E-5 5.34768E-5 5.27008E-5 5.98964E-5 8.82212E-5 5.92061E-5 4.43024E-5 2.97496E-5 4.44755E-5 4.32321E-5 4.60167E-5 4.56847E-5 4.12876E-5 4.86745E-5 3.89765E-5 4.14464E-5 4.27272E-5 3.39013E-5 3.01329E-5 -9999 2.91179E-5 2.20236E-5 2.04021E-5 2.20026E-5 1.6882E-5
