Candidate_Models_Sept202022/M_0.3_F_lqp_Set_1_all/Bison.asc
ncols         97
nrows         127
xllcorner     -2197417.7431653
yllcorner     -584827.01486885
cellsize      30000.0
NODATA_value  -9999
[rows 0 to 26 of 127, columns 0 to 60 of 97]
-9999 -9999 -9999 -9999 -9999 -9999 -9999 -9999 -9999 -9999 -9999 -9999 -9999 -9999 -9999 -9999 -9999 -9999 -9999 -9999 -9999 -9999 -9999 -9999 -9999 -9999 -9999 -9999 -9999 -9999 -9999 -9999 -9999 -9999 -9999 -9999 -9999 -9999 -9999 -9999 -9999 -9999 -9999 -9999 -9999 -9999 -9999 -9999 -9999 -9999 -9999 -9999 -9999 -9999 -9999 -9999 -9999 -9999 -9999 -9999 -9999
-9999 -9999 -9999 -9999 -9999 -9999 -9999 -9999 -9999 -9999 -9999 -9999 -9999 -9999 -9999 -9999 -9999 -9999 -9999 -9999 -9999 -9999 -9999 -9999 -9999 -9999 -9999 -9999 -9999 -9999 -9999 -9999 -9999 -9999 -9999 -9999 -9999 -9999 -9999 -9999 -9999 -9999 -9999 -9999 -9999 -9999 -9999 -9999 -9999 -9999 -9999 -9999 -9999 -9999 -9999 -9999 -9999 -9999 -9999 -9999 -9999
-9999 -9999 -9999 -9999 -9999 -9999 -9999 -9999 -9999 -9999 -9999 -9999 -9999 -9999 -9999 -9999 -9999 -9999 -9999 -9999 -9999 -9999 -9999 -9999 -9999 -9999 -9999 -9999 -9999 -9999 -9999 -9999 -9999 -9999 -9999 -9999 -9999 -9999 -9999 -9999 -9999 -9999 -9999 -9999 -9999 -9999 -9999 -9999 -9999 -9999 -9999 -9999 -9999 -9999 -9999 -9999 -9999 -9999 -9999 -9999 -9999
-9999 -9999 -9999 -9999 -9999 -9999 -9999 -9999 -9999 -9999 -9999 -9999 -9999 -9999 -9999 -9999 -9999 -9999 -9999 1.21814E-5 1.35463E-5 6.80937E-6 9.57409E-6 -9999 -9999 -9999 -9999 -9999 -9999 -9999 -9999 -9999 -9999 -9999 -9999 -9999 -9999 -9999 -9999 -9999 -9999 -9999 -9999 -9999 -9999 -9999 -9999 -9999 -9999 -9999 -9999 -9999 -9999 -9999 -9999 -9999 -9999 -9999 -9999 -9999 -9999
-9999 -9999 -9999 -9999 -9999 -9999 -9999 -9999 -9999 -9999 -9999 -9999 -9999 -9999 -9999 -9999 -9999 -9999 1.43522E-5 1.33071E-5 1.38678E-5 1.32415E-5 9.96272E-6 7.90955E-6 5.55096E-6 -9999 -9999 -9999 -9999 -9999 -9999 -9999 -9999 -9999 -9999 -9999 -9999 -9999 -9999 -9999 -9999 -9999 -9999 -9999 -9999 -9999 -9999 -9999 -9999 -9999 -9999 -9999 -9999 -9999 -9999 -9999 -9999 -9999 -9999 -9999 -9999
-9999 -9999 -9999 -9999 -9999 -9999 -9999 -9999 -9999 -9999 -9999 -9999 -9999 -9999 -9999 -9999 -9999 -9999 1.18981E-5 1.11614E-5 1.09715E-5 1.1974E-5 9.57062E-6 5.97879E-6 5.57118E-6 -9999 -9999 -9999 -9999 -9999 -9999 -9999 -9999 -9999 -9999 -9999 -9999 -9999 -9999 -9999 -9999 -9999 -9999 -9999 -9999 -9999 -9999 -9999 -9999 -9999 -9999 -9999 -9999 -9999 -9999 -9999 -9999 -9999 -9999 -9999 -9999
-9999 -9999 -9999 -9999 -9999 -9999 -9999 -9999 -9999 -9999 -9999 -9999 -9999 -9999 -9999 -9999 -9999 1.02171E-5 9.94738E-6 4.63132E-6 4.89012E-6 6.77623E-6 7.8365E-6 5.95018E-6 4.95061E-6 4.74586E-6 -9999 6.35551E-6 5.92819E-6 6.37301E-6 -9999 -9999 -9999 -9999 -9999 -9999 -9999 -9999 3.65653E-6 -9999 -9999 -9999 -9999 -9999 -9999 -9999 -9999 -9999 -9999 -9999 -9999 -9999 -9999 -9999 -9999 -9999 -9999 -9999 -9999 -9999 -9999
-9999 -9999 -9999 -9999 -9999 -9999 -9999 -9999 -9999 -9999 -9999 -9999 -9999 -9999 -9999 -9999 1.22425E-5 1.31243E-5 4.1549E-6 2.52618E-6 2.65054E-6 3.52763E-6 4.71761E-6 5.69878E-6 5.28636E-6 4.8906E-6 6.32229E-6 6.00359E-6 5.56682E-6 5.61205E-6 5.69045E-6 5.41538E-6 4.83376E-6 4.51506E-6 4.49977E-6 4.63465E-6 4.663E-6 -9999 3.33944E-6 3.04066E-6 -9999 -9999 -9999 -9999 -9999 -9999 -9999 -9999 -9999 -9999 -9999 -9999 -9999 -9999 -9999 -9999 -9999 -9999 -9999 -9999 -9999
-9999 -9999 -9999 -9999 -9999 -9999 -9999 -9999 -9999 -9999 -9999 -9999 -9999 -9999 -9999 1.04275E-5 1.25191E-5 7.76774E-6 3.30727E-6 2.271E-6 1.93871E-6 2.50551E-6 4.03532E-6 5.58012E-6 5.9705E-6 5.23019E-6 7.65449E-6 7.86089E-6 5.38595E-6 4.79559E-6 4.90788E-6 4.86342E-6 4.79306E-6 4.55205E-6 4.82072E-6 5.91841E-6 5.23464E-6 4.80485E-6 3.54033E-6 3.31006E-6 -9999 -9999 -9999 -9999 -9999 -9999 -9999 -9999 -9999 -9999 -9999 -9999 -9999 -9999 -9999 -9999 -9999 -9999 -9999 -9999 -9999
-9999 -9999 -9999 -9999 -9999 -9999 -9999 -9999 -9999 -9999 -9999 -9999 -9999 -9999 -9999 1.42053E-5 1.26393E-5 6.3417E-6 2.50817E-6 2.56025E-6 2.89996E-6 3.90489E-6 4.60154E-6 4.98305E-6 6.60246E-6 5.55942E-6 7.22628E-6 7.02741E-6 4.83927E-6 4.92662E-6 6.01297E-6 5.51531E-6 5.1058E-6 5.81376E-6 5.55625E-6 6.85281E-6 7.15747E-6 5.90533E-6 4.37138E-6 -9999 -9999 -9999 2.37651E-6 -9999 -9999 -9999 -9999 -9999 -9999 -9999 -9999 -9999 -9999 -9999 -9999 -9999 -9999 -9999 -9999 -9999 -9999
-9999 -9999 -9999 -9999 -9999 -9999 -9999 -9999 -9999 -9999 -9999 -9999 -9999 -9999 9.87711E-6 1.34969E-5 1.33491E-5 7.61787E-6 5.94595E-6 3.76716E-6 4.07654E-6 4.54656E-6 6.23435E-6 6.70665E-6 5.50179E-6 7.36626E-6 7.69945E-6 6.46517E-6 6.36786E-6 5.20626E-6 6.84959E-6 5.61436E-6 4.88903E-6 6.47002E-6 8.48489E-6 8.04507E-6 8.12529E-6 5.79725E-6 4.02333E-6 -9999 -9999 2.5313E-6 -9999 -9999 -9999 -9999 -9999 -9999 -9999 -9999 -9999 -9999 -9999 -9999 -9999 -9999 -9999 -9999 -9999 -9999 -9999
-9999 -9999 -9999 -9999 -9999 -9999 -9999 -9999 -9999 -9999 -9999 -9999 -9999 8.13973E-6 1.36322E-5 1.35682E-5 1.26798E-5 7.56178E-6 6.4356E-6 4.51484E-6 4.74404E-6 6.22995E-6 8.02518E-6 8.57727E-6 7.409E-6 6.71907E-6 6.96178E-6 6.63151E-6 4.73941E-6 4.44845E-6 4.56169E-6 5.39822E-6 5.38556E-6 7.1366E-6 8.07536E-6 8.20168E-6 8.37545E-6 5.1988E-6 3.93551E-6 2.95539E-6 2.58936E-6 2.63281E-6 -9999 3.56852E-6 3.71801E-6 -9999 -9999 -9999 -9999 -9999 -9999 -9999 -9999 -9999 -9999 -9999 -9999 -9999 -9999 -9999 -9999
-9999 -9999 -9999 -9999 -9999 -9999 -9999 -9999 -9999 -9999 -9999 -9999 -9999 1.45298E-5 1.30147E-5 1.019E-5 1.00879E-5 6.37484E-6 8.17773E-6 1.81961E-6 3.20809E-6 4.57235E-6 6.6095E-6 6.31359E-6 4.9219E-6 5.88987E-6 6.08282E-6 4.79961E-6 4.61316E-6 4.26397E-6 5.30782E-6 5.47955E-6 6.37935E-6 6.19981E-6 6.7513E-6 7.81514E-6 5.19766E-6 4.77918E-6 3.46624E-6 2.51439E-6 2.4197E-6 3.78526E-6 3.75389E-6 3.68341E-6 3.46185E-6 4.36001E-6 -9999 -9999 -9999 -9999 -9999 -9999 -9999 -9999 -9999 -9999 -9999 -9999 -9999 -9999 -9999
-9999 -9999 -9999 -9999 -9999 -9999 -9999 -9999 -9999 -9999 -9999 -9999 2.57732E-5 2.3362E-5 1.30236E-5 1.06203E-5 8.78923E-6 6.28812E-6 6.19664E-6 4.54173E-6 3.92514E-6 5.92317E-6 6.53704E-6 5.66736E-6 4.81198E-6 3.89751E-6 5.17918E-6 3.85559E-6 6.8239E-6 7.57931E-6 6.23461E-6 4.71785E-6 4.35598E-6 5.18929E-6 5.21269E-6 5.38967E-6 3.88775E-6 4.02308E-6 3.52247E-6 2.58348E-6 2.25022E-6 2.38544E-6 3.43236E-6 3.51553E-6 3.58296E-6 3.88562E-6 4.53235E-6 -9999 -9999 -9999 1.69837E-6 1.29713E-6 -9999 -9999 -9999 -9999 -9999 -9999 -9999 -9999 -9999
-9999 -9999 -9999 -9999 -9999 -9999 -9999 -9999 -9999 -9999 -9999 1.41355E-5 1.13342E-5 1.96576E-5 9.78438E-6 8.23693E-6 4.84899E-6 3.73529E-6 4.85335E-6 5.72027E-6 5.75564E-6 9.90907E-6 8.1809E-6 6.03754E-6 3.42306E-6 3.14351E-6 6.20914E-6 6.61807E-6 5.51572E-6 5.01633E-6 4.84495E-6 5.00312E-6 3.99633E-6 3.86923E-6 5.85317E-6 6.4457E-6 5.80305E-6 4.93611E-6 4.0455E-6 2.97434E-6 2.62367E-6 2.58868E-6 2.90952E-6 2.99676E-6 2.89216E-6 3.2372E-6 3.5984E-6 3.58407E-6 -9999 -9999 -9999 1.54677E-6 1.25612E-6 -9999 -9999 -9999 -9999 -9999 -9999 -9999 -9999
-9999 -9999 -9999 -9999 -9999 -9999 -9999 -9999 -9999 -9999 -9999 1.32624E-5 8.57311E-6 7.37464E-6 4.88131E-6 2.57768E-6 2.54521E-6 3.43781E-6 2.88293E-6 4.20272E-6 7.19973E-6 8.73416E-6 7.49739E-6 6.65464E-6 3.10084E-6 3.57961E-6 5.8854E-6 8.53757E-6 9.32642E-6 7.67712E-6 4.68578E-6 4.09131E-6 3.51486E-6 3.57995E-6 5.59843E-6 5.85064E-6 5.02612E-6 4.52574E-6 3.68275E-6 2.93569E-6 3.07588E-6 2.9105E-6 2.96902E-6 3.40944E-6 2.60841E-6 2.878E-6 2.64702E-6 2.73188E-6 3.20922E-6 -9999 -9999 1.79023E-6 1.6655E-6 1.54408E-6 1.5676E-6 -9999 -9999 -9999 -9999 -9999 -9999
-9999 -9999 -9999 -9999 -9999 -9999 -9999 -9999 -9999 -9999 1.47256E-5 1.50295E-5 1.54344E-5 4.97202E-6 2.5231E-6 2.12621E-6 2.60613E-6 2.45099E-6 3.17012E-6 3.50456E-6 1.07084E-5 8.77931E-6 5.47357E-6 7.45161E-6 3.92651E-6 4.54143E-6 4.59246E-6 4.96497E-6 7.64032E-6 4.74267E-6 5.32457E-6 3.91707E-6 5.406E-6 4.57899E-6 6.55404E-6 7.16007E-6 6.83275E-6 6.04586E-6 5.87255E-6 3.6631E-6 3.31222E-6 3.13129E-6 3.32618E-6 3.25473E-6 2.7905E-6 2.46707E-6 2.26264E-6 2.55075E-6 2.95989E-6 2.66251E-6 2.43107E-6 2.94777E-6 -9999 -9999 1.67234E-6 1.54539E-6 -9999 -9999 -9999 -9999 -9999
-9999 -9999 -9999 -9999 -9999 -9999 -9999 -9999 -9999 2.74539E-5 1.42349E-5 1.3746E-5 8.2165E-6 4.42456E-6 2.79896E-6 2.85842E-6 2.54516E-6 3.01593E-6 3.0115E-6 5.02309E-6 8.17267E-6 8.94094E-6 6.11863E-6 5.64614E-6 3.87993E-6 4.76504E-6 5.10365E-6 4.75233E-6 5.03409E-6 5.60753E-6 7.7148E-6 4.97653E-6 4.66482E-6 6.70419E-6 6.91645E-6 6.79792E-6 6.85243E-6 9.05269E-6 9.11891E-6 7.09364E-6 3.67183E-6 3.40346E-6 3.36431E-6 3.51817E-6 2.96093E-6 2.33362E-6 2.29484E-6 2.66734E-6 2.81883E-6 2.35588E-6 2.46498E-6 2.76395E-6 2.62805E-6 -9999 1.65703E-6 1.52698E-6 1.40287E-6 1.28152E-6 -9999 -9999 -9999
-9999 -9999 -9999 -9999 -9999 -9999 -9999 -9999 1.49561E-5 1.75154E-5 2.52082E-5 1.27231E-5 7.4493E-6 7.72928E-6 7.81739E-6 6.41676E-6 4.45343E-6 5.29712E-6 4.30878E-6 4.5655E-6 6.08903E-6 7.01344E-6 9.24038E-6 6.55517E-6 4.35359E-6 4.8751E-6 4.78283E-6 4.68214E-6 4.35448E-6 3.89385E-6 6.12482E-6 6.00104E-6 6.62433E-6 8.17904E-6 7.92255E-6 6.81272E-6 7.4193E-6 9.87652E-6 1.03651E-5 1.31982E-5 5.7925E-6 4.35426E-6 3.63479E-6 3.56584E-6 3.0038E-6 2.44046E-6 2.75E-6 3.26894E-6 2.88311E-6 2.42161E-6 2.50456E-6 2.78783E-6 2.90492E-6 2.92516E-6 1.78926E-6 1.55236E-6 1.29437E-6 1.24135E-6 1.24299E-6 1.19521E-6 1.22046E-6
-9999 -9999 -9999 -9999 -9999 -9999 -9999 -9999 7.59696E-6 6.04861E-6 9.9556E-6 1.17267E-5 8.77892E-6 9.02908E-6 1.11385E-5 1.56645E-5 8.90127E-6 7.59749E-6 6.89522E-6 5.8672E-6 6.21932E-6 6.01035E-6 5.38931E-6 6.87408E-6 4.79438E-6 6.03756E-6 5.25181E-6 4.60218E-6 5.6714E-6 5.44528E-6 6.85588E-6 7.24493E-6 8.11511E-6 9.96159E-6 8.86041E-6 8.4292E-6 8.93072E-6 9.50389E-6 1.02103E-5 1.12284E-5 7.8076E-6 4.57239E-6 4.13318E-6 3.78613E-6 3.46283E-6 3.32191E-6 3.76893E-6 4.06093E-6 3.78206E-6 2.83941E-6 2.67881E-6 3.17045E-6 3.43209E-6 3.10303E-6 -9999 1.88004E-6 1.59298E-6 1.63442E-6 1.36028E-6 1.37351E-6 1.27183E-6
-9999 -9999 -9999 -9999 -9999 -9999 -9999 1.2548E-5 1.29046E-5 1.15163E-5 1.69923E-5 1.19878E-5 1.2635E-5 9.54583E-6 1.08789E-5 1.33621E-5 1.11142E-5 1.30702E-5 1.04083E-5 8.25575E-6 8.30545E-6 8.61617E-6 6.36107E-6 6.94077E-6 4.3477E-6 6.61592E-6 8.20093E-6 5.66414E-6 7.2473E-6 7.65444E-6 8.16683E-6 8.88952E-6 1.00383E-5 1.22406E-5 1.29775E-5 1.46156E-5 7.36854E-6 1.02694E-5 8.32384E-6 1.24879E-5 6.79849E-6 4.94127E-6 4.55914E-6 4.44427E-6 4.53683E-6 4.16566E-6 3.92546E-6 3.78605E-6 3.89202E-6 4.11646E-6 3.63403E-6 3.74989E-6 -9999 -9999 -9999 -9999 -9999 -9999 -9999 -9999 -9999
-9999 -9999 -9999 -9999 -9999 -9999 1.75031E-5 2.37867E-5 1.94919E-5 1.3396E-5 2.2128E-5 2.05912E-5 1.36634E-5 1.68769E-5 1.41173E-5 8.86557E-6 1.26559E-5 1.62428E-5 1.59768E-5 1.19295E-5 1.10645E-5 7.12022E-6 4.82598E-6 9.26712E-6 6.20431E-6 5.48634E-6 7.5419E-6 8.42706E-6 6.16502E-6 5.39693E-6 6.62494E-6 6.92274E-6 1.07345E-5 1.74347E-5 1.56033E-5 8.53629E-6 1.36715E-5 9.60299E-6 1.43725E-5 1.39143E-5 5.82267E-6 8.51906E-6 6.56843E-6 6.157E-6 5.44569E-6 4.72501E-6 4.37041E-6 4.1524E-6 3.80944E-6 3.93119E-6 4.47931E-6 4.72805E-6 3.91554E-6 3.60411E-6 -9999 -9999 -9999 -9999 -9999 -9999 -9999
-9999 -9999 -9999 -9999 -9999 -9999 2.04226E-5 1.81273E-5 1.28927E-5 1.44891E-5 1.3824E-5 1.36985E-5 1.5727E-5 1.01844E-5 9.3247E-6 1.27214E-5 1.45618E-5 1.7996E-5 1.48678E-5 1.55174E-5 7.65975E-6 1.0661E-5 6.20531E-6 5.73483E-6 7.57953E-6 9.17178E-6 5.66682E-6 5.92324E-6 7.99557E-6 5.09694E-6 9.51312E-6 1.04606E-5 1.35873E-5 9.32832E-6 9.48135E-6 1.15543E-5 1.41236E-5 1.50099E-5 1.0671E-5 1.09027E-5 8.33826E-6 1.0104E-5 7.75825E-6 8.08164E-6 8.24468E-6 7.23258E-6 6.81145E-6 5.38109E-6 4.61361E-6 3.78787E-6 3.87476E-6 2.82668E-6 2.44701E-6 2.20986E-6 2.00647E-6 2.24099E-6 2.01886E-6 1.76124E-6 1.87491E-6 1.90417E-6 1.72208E-6
-9999 -9999 -9999 -9999 -9999 1.3678E-5 1.34859E-5 1.22638E-5 1.07572E-5 2.66318E-5 2.96469E-5 2.16293E-5 1.24766E-5 1.17263E-5 9.36985E-6 1.09702E-5 1.38147E-5 1.77192E-5 1.2898E-5 1.47849E-5 1.48051E-5 1.40593E-5 9.9263E-6 7.80205E-6 9.32236E-6 8.50323E-6 5.41638E-6 4.98772E-6 7.65286E-6 6.97724E-6 5.51073E-6 1.17314E-5 1.54581E-5 1.5935E-5 1.06274E-5 1.09297E-5 1.49765E-5 -9999 -9999 1.01226E-5 -9999 -9999 -9999 1.37026E-5 9.86723E-6 7.23055E-6 5.93828E-6 4.43621E-6 3.77559E-6 4.18212E-6 3.84753E-6 2.4096E-6 2.04138E-6 1.81062E-6 1.80274E-6 1.99001E-6 1.32086E-6 1.38769E-6 1.29608E-6 1.52004E-6 1.7208E-6
-9999 -9999 -9999 -9999 6.71337E-6 8.48896E-6 8.47929E-6 9.07015E-6 1.38181E-5 1.82301E-5 2.63302E-5 1.86066E-5 1.4445E-5 1.00091E-5 1.27054E-5 1.56763E-5 1.62434E-5 1.59857E-5 1.42572E-5 1.75646E-5 2.19832E-5 1.39172E-5 1.13422E-5 1.04997E-5 8.38789E-6 8.18855E-6 5.88249E-6 5.61003E-6 5.69206E-6 4.87614E-6 9.17318E-6 1.35568E-5 1.90782E-5 1.69067E-5 5.74127E-6 1.33935E-5 1.40095E-5 1.67595E-5 2.62693E-5 1.52438E-5 2.58085E-5 -9999 1.27029E-5 1.49659E-5 8.84545E-6 7.01382E-6 7.44999E-6 7.61907E-6 5.31795E-6 5.60345E-6 4.08187E-6 2.30991E-6 2.21938E-6 1.91817E-6 1.66439E-6 1.20995E-6 1.03887E-6 1.1651E-6 1.01649E-6 1.17302E-6 1.68863E-6
-9999 -9999 -9999 1.30682E-5 2.09501E-5 1.90732E-5 1.27195E-5 1.08947E-5 1.40031E-5 3.33197E-5 2.32552E-5 2.53798E-5 2.2123E-5 1.17831E-5 1.51601E-5 1.1264E-5 1.31532E-5 1.45927E-5 2.16021E-5 2.12535E-5 1.24498E-5 5.57833E-6 9.71806E-6 9.07399E-6 4.76197E-6 4.9943E-6 5.71366E-6 7.13761E-6 6.8777E-6 4.35481E-6 8.18977E-6 1.61704E-5 1.547E-5 1.24984E-5 1.04734E-5 1.5561E-5 1.75001E-5 1.48315E-5 1.49647E-5 1.25161E-5 2.08663E-5 1.58447E-5 -9999 -9999 8.2738E-6 9.34413E-6 1.79007E-5 1.39038E-5 7.48611E-6 4.90199E-6 6.30478E-6 3.3659E-6 2.23117E-6 2.06168E-6 1.5745E-6 1.14406E-6 1.09609E-6 1.07835E-6 1.05868E-6 1.04888E-6 1.59167E-6
-9999 -9999 -9999 6.47277E-7 1.28061E-5 2.13145E-5 1.89253E-5 2.13918E-5 3.67554E-5 2.65534E-5 1.7609E-5 2.36954E-5 1.71974E-5 1.46389E-5 1.72119E-5 1.0209E-5 1.32573E-5 1.53674E-5 1.96962E-5 9.15677E-6 6.5651E-6 4.26587E-6 3.45595E-6 5.01298E-6 4.29819E-6 6.0137E-6 7.64756E-6 9.08061E-6 5.30489E-6 5.43416E-6 7.76426E-6 1.1872E-5 1.07164E-5 1.15839E-5 1.0049E-5 1.33291E-5 1.73594E-5 2.04788E-5 1.26214E-5 9.41094E-6 -9999 -9999 -9999 -9999 -9999 3.04397E-5 2.53935E-5 1.28181E-5 6.59619E-6 4.90535E-6 4.85094E-6 7.31485E-6 2.48056E-6 2.2286E-6 1.43407E-6 1.06676E-6 1.12725E-6 1.1437E-6 1.31614E-6 1.65467E-6 2.29005E-6
