Candidate_Models_Sept202022/M_0.3_F_lqp_Set_1_all/Bison.asc
ncols         97
nrows         127
xllcorner     -2197417.7431653
yllcorner     -584827.01486885
cellsize      30000.0
NODATA_value  -9999
[rows 81 to 107 of 127, columns 0 to 60 of 97]
-9999 -9999 -9999 -9999 -9999 -9999 -9999 -9999 -9999 -9999 -9999 1.60869E-6 2.80011E-7 3.58533E-7 5.45887E-6 1.4938E-6 9.13082E-7 2.7101E-7 5.99907E-7 4.25545E-6 2.6385E-6 1.52292E-5 9.80548E-6 2.03398E-5 5.99294E-5 1.26045E-4 4.0461E-5 3.57101E-5 3.77448E-5 7.3782E-6 6.16743E-6 2.11653E-6 5.2701E-6 1.75811E-5 2.03459E-5 2.86419E-5 1.73133E-5 2.35291E-4 5.80394E-4 1.45957E-3 2.52474E-3 9.11391E-4 8.67081E-4 1.26598E-3 1.05231E-3 3.58897E-4 2.51715E-4 2.122E-4 2.72072E-4 3.77232E-4 4.82205E-4 7.34845E-4 7.11015E-4 7.18773E-4 6.35249E-4 3.51806E-4 5.02458E-4 5.52908E-4 4.67356E-4 3.76896E-4 3.62232E-4
-9999 -9999 -9999 -9999 -9999 -9999 -9999 -9999 -9999 -9999 -9999 -9999 1.10409E-6 2.78409E-7 1.07529E-6 1.94272E-6 1.25576E-6 5.34808E-6 2.01757E-6 7.84625E-7 1.23272E-6 2.71848E-6 2.45126E-6 9.45403E-6 1.04652E-4 1.15123E-4 2.67785E-5 3.34429E-5 7.1159E-5 1.01973E-5 4.35744E-6 3.35697E-6 3.44819E-6 9.2992E-6 3.07905E-5 5.31549E-5 3.21435E-5 4.8518E-5 1.8673E-4 9.11066E-4 9.66204E-4 8.32184E-4 9.14104E-4 1.01516E-3 8.43401E-4 3.43948E-4 1.88039E-4 2.87175E-4 3.75577E-4 7.18833E-4 7.3296E-4 7.62557E-4 7.10895E-4 7.70857E-4 6.12605E-4 4.96706E-4 5.24551E-4 4.2093E-4 4.03188E-4 3.25109E-4 4.26864E-4
-9999 -9999 -9999 -9999 -9999 -9999 -9999 -9999 -9999 -9999 -9999 -9999 -9999 1.01762E-6 1.40543E-7 7.24654E-7 1.34682E-7 2.54604E-6 5.73449E-5 4.96693E-6 1.47111E-6 2.23925E-6 1.1324E-6 7.25268E-6 2.4939E-5 2.06262E-5 1.48279E-5 3.66276E-5 1.48741E-5 1.05095E-5 3.83127E-6 3.53314E-6 2.09918E-6 5.30181E-6 1.98705E-5 1.26249E-4 3.85793E-5 3.07197E-5 6.67338E-5 7.60196E-4 1.4094E-3 1.03222E-3 9.72569E-4 8.08993E-4 6.14065E-4 2.76584E-4 2.79524E-4 3.11596E-4 3.99275E-4 6.30778E-4 6.9071E-4 6.78514E-4 7.47177E-4 7.41454E-4 6.70205E-4 5.43412E-4 7.27295E-4 5.63367E-4 3.67487E-4 3.80215E-4 4.01417E-4
-9999 -9999 -9999 -9999 -9999 -9999 -9999 -9999 -9999 -9999 -9999 -9999 -9999 1.11462E-6 3.78847E-7 7.1571E-7 9.73481E-7 -9999 1.55987E-6 1.82119E-5 6.84554E-5 1.8053E-5 2.78336E-6 3.73081E-6 4.52394E-5 2.30224E-5 3.06038E-5 3.47047E-5 1.55714E-5 8.23277E-6 7.13911E-6 3.77405E-6 2.95568E-6 5.95652E-6 1.42033E-5 4.02936E-5 2.97004E-5 3.3588E-5 5.02305E-5 3.5337E-4 8.26306E-4 7.70719E-4 7.8873E-4 4.68735E-4 5.4768E-4 7.60956E-4 6.15506E-4 6.90813E-4 3.48984E-4 5.11203E-4 6.30125E-4 5.75037E-4 6.46949E-4 5.3883E-4 6.02722E-4 2.56151E-4 5.90953E-4 7.18854E-4 4.22907E-4 4.32025E-4 5.1555E-4
-9999 -9999 -9999 -9999 -9999 -9999 -9999 -9999 -9999 -9999 -9999 -9999 -9999 1.87955E-6 7.93536E-7 4.88641E-7 8.92194E-7 -9999 1.21557E-5 9.14768E-5 2.90193E-5 3.93217E-6 7.93771E-7 4.01378E-6 1.47567E-5 2.208E-5 5.13587E-5 1.72327E-5 1.34929E-5 7.0903E-6 4.56965E-6 2.71441E-6 5.77258E-6 9.55931E-6 1.37779E-5 3.23121E-5 3.94246E-5 5.49618E-5 1.26304E-4 1.23414E-4 3.71297E-4 6.30113E-4 8.19052E-4 5.82001E-4 4.38568E-4 7.55918E-4 3.62853E-4 2.71697E-4 3.451E-4 7.50657E-4 5.8746E-4 3.44272E-4 5.7405E-4 7.79053E-4 6.74446E-4 4.7241E-4 8.54062E-4 4.18179E-4 4.17136E-4 4.2232E-4 3.91616E-4
-9999 -9999 -9999 -9999 -9999 -9999 -9999 -9999 -9999 -9999 -9999 -9999 -9999 8.95753E-7 1.31209E-6 4.23812E-7 1.82471E-7 -9999 6.95158E-7 1.48691E-5 6.16527E-6 9.41359E-7 1.66048E-6 3.01632E-6 1.5444E-5 4.96062E-5 9.92961E-5 1.85176E-5 1.12207E-5 5.14616E-6 9.84515E-6 9.89518E-6 1.06991E-5 6.548E-6 1.09062E-5 7.18183E-5 1.72551E-5 5.19098E-5 5.49889E-5 1.55879E-4 2.90698E-4 5.16353E-4 5.76643E-4 6.25085E-4 5.9362E-4 5.2833E-4 2.95203E-4 3.84714E-4 4.76874E-4 7.63895E-4 5.58173E-4 1.84115E-4 3.8734E-4 7.69409E-4 6.79972E-4 7.21968E-4 6.89298E-4 2.25554E-4 3.38645E-4 3.7807E-4 5.12117E-4
-9999 -9999 -9999 -9999 -9999 -9999 -9999 -9999 -9999 -9999 -9999 -9999 -9999 1.53403E-6 5.74003E-7 4.23579E-7 4.70967E-6 -9999 1.80011E-6 2.15711E-5 3.49633E-6 9.90814E-7 6.30744E-6 1.87929E-5 2.68562E-5 7.30765E-5 3.07989E-4 8.85254E-5 4.21992E-5 8.04085E-6 1.82474E-5 3.75076E-6 1.41361E-6 9.32839E-6 2.39579E-5 4.42142E-5 4.11559E-5 3.76677E-5 4.71566E-4 4.20904E-4 2.18402E-4 5.44067E-4 8.16897E-4 5.80836E-4 5.85172E-4 5.83639E-4 7.32726E-4 8.7839E-4 6.34555E-4 3.38703E-4 2.70035E-4 1.53847E-4 3.93865E-4 6.45752E-4 9.39935E-4 8.30618E-4 5.65424E-4 3.32943E-4 2.58199E-4 3.23659E-4 3.86844E-4
-9999 -9999 -9999 -9999 -9999 -9999 -9999 -9999 -9999 -9999 -9999 -9999 -9999 7.68369E-7 4.47463E-7 3.20199E-7 6.35371E-7 7.11194E-7 4.36064E-7 2.24144E-5 1.81273E-6 4.34902E-7 5.42627E-6 2.47451E-5 9.13754E-5 2.65603E-4 1.55782E-4 4.34107E-5 1.94128E-5 2.07526E-5 1.6115E-5 6.49191E-6 3.6413E-6 5.83944E-5 1.28063E-5 1.10106E-5 3.45731E-5 1.15548E-5 3.03214E-5 3.25867E-4 3.0159E-4 6.6499E-4 6.26671E-4 5.00299E-4 6.49632E-4 5.32171E-4 5.30225E-4 3.22903E-4 6.55873E-4 6.63002E-4 3.68724E-4 3.07789E-4 9.46481E-4 8.79691E-4 8.92555E-4 7.17682E-4 6.44483E-4 5.38803E-4 6.16905E-4 2.91942E-4 4.02842E-4
-9999 -9999 -9999 -9999 -9999 -9999 -9999 -9999 -9999 -9999 -9999 -9999 -9999 1.20704E-6 6.06031E-7 2.49356E-7 9.25248E-7 1.76295E-7 6.07031E-8 7.75932E-6 7.23648E-6 1.08089E-6 3.18787E-6 3.5567E-5 3.00202E-4 1.62706E-4 4.50541E-5 2.1308E-5 1.49072E-5 7.05492E-5 9.43627E-6 8.94684E-6 8.37345E-6 7.49563E-5 7.37405E-6 1.04805E-5 4.68948E-5 8.28928E-6 8.07586E-6 1.2911E-5 2.40391E-4 5.95299E-4 5.066E-4 7.95616E-4 5.48062E-4 5.47995E-4 6.92765E-4 2.87685E-4 1.4709E-4 2.43537E-4 3.42433E-4 2.27426E-4 7.50381E-4 8.82033E-4 9.54248E-4 7.61236E-4 6.18217E-4 6.3321E-4 5.18097E-4 6.44791E-4 4.21143E-4
-9999 -9999 -9999 -9999 -9999 -9999 -9999 -9999 -9999 -9999 -9999 -9999 -9999 1.42846E-6 1.26184E-6 1.11735E-6 1.7267E-7 9.47469E-8 2.58158E-8 3.48684E-5 1.19964E-6 2.48703E-6 1.09671E-5 2.25191E-4 5.78796E-4 1.27047E-4 1.31748E-4 1.8422E-5 2.89463E-5 5.01914E-5 2.0749E-5 1.08411E-5 2.79099E-5 1.65888E-5 7.2727E-6 8.80944E-6 1.59469E-5 8.65263E-6 2.3772E-5 7.8055E-6 9.55883E-5 1.33091E-4 8.41491E-4 4.56764E-4 7.21157E-4 8.61783E-4 2.84663E-4 2.77599E-4 2.18452E-4 5.31624E-4 4.67208E-4 3.08102E-4 7.20968E-4 5.35735E-4 5.11098E-4 5.77496E-4 5.87086E-4 6.44701E-4 7.27734E-4 6.87797E-4 5.28599E-4
-9999 -9999 -9999 -9999 -9999 -9999 -9999 -9999 -9999 -9999 -9999 -9999 -9999 1.26438E-6 1.71894E-6 1.12921E-6 2.28334E-7 3.29517E-8 2.95209E-6 1.99944E-5 3.09578E-6 3.72156E-6 5.53283E-5 3.43562E-4 1.7818E-4 1.14835E-4 2.84478E-4 1.78778E-4 3.73653E-5 2.45774E-5 2.59624E-5 1.65486E-5 2.34365E-5 2.4979E-5 3.5956E-6 2.13206E-5 2.61211E-5 3.56205E-5 8.37545E-5 1.51317E-5 2.72598E-5 1.21764E-4 6.51479E-4 8.73741E-4 2.47303E-4 2.46514E-4 4.27084E-4 4.07974E-4 5.48771E-4 3.01786E-4 1.94354E-4 2.29957E-4 4.44718E-4 5.12621E-4 4.53458E-4 1.95979E-4 2.1681E-4 2.91951E-4 5.20328E-4 4.85963E-4 3.44572E-4
-9999 -9999 -9999 -9999 -9999 -9999 -9999 -9999 -9999 -9999 -9999 -9999 -9999 1.40947E-6 8.39992E-7 2.31399E-6 1.55241E-6 2.08867E-6 1.19207E-5 2.74933E-6 7.86002E-6 2.026E-5 4.57893E-5 7.72373E-5 7.04811E-5 8.78468E-5 1.77773E-4 2.01403E-4 3.08362E-4 9.13306E-5 3.35599E-5 2.87059E-5 1.09862E-5 4.07528E-6 4.05031E-6 1.46083E-5 6.66765E-5 1.35451E-4 3.92094E-4 1.22658E-5 2.88181E-5 2.5334E-4 3.8487E-4 7.5771E-4 3.78633E-4 4.80867E-4 5.64091E-4 4.91874E-4 4.4529E-4 4.14554E-4 2.45998E-4 2.87371E-4 4.88377E-4 4.80126E-4 4.58326E-4 2.9924E-4 2.00091E-4 4.97638E-4 3.84513E-4 5.02281E-4 4.59337E-4
-9999 -9999 -9999 -9999 -9999 -9999 -9999 -9999 -9999 -9999 -9999 -9999 1.40322E-6 1.31902E-6 2.1472E-6 4.11656E-6 5.67116E-6 5.1519E-6 5.69661E-6 9.07376E-7 5.54359E-6 1.34295E-4 1.20958E-4 1.23524E-4 1.73651E-5 6.96909E-5 1.35191E-4 1.66634E-4 2.3194E-4 4.84403E-5 6.38221E-5 1.87479E-5 6.27535E-6 3.8114E-6 7.17765E-6 8.17732E-6 4.55819E-5 1.73771E-4 3.20726E-5 1.33948E-5 7.21134E-6 1.45331E-4 4.68684E-4 6.45162E-4 5.24474E-4 5.43441E-4 4.7911E-4 3.93721E-4 3.20829E-4 7.64111E-4 3.30744E-4 3.09414E-4 3.45375E-4 3.50667E-4 3.74852E-4 3.58846E-4 2.40333E-4 7.56145E-4 3.80994E-4 3.44254E-4 5.69345E-4
-9999 -9999 -9999 -9999 -9999 -9999 -9999 -9999 -9999 -9999 -9999 -9999 3.46352E-6 2.76772E-6 1.70261E-6 2.15243E-6 4.22695E-6 4.62821E-6 2.00562E-6 2.86898E-6 2.3908E-5 5.65547E-5 2.20687E-5 8.56639E-5 6.95496E-5 5.90136E-5 2.95293E-5 9.62159E-5 1.66258E-4 1.65431E-4 1.43482E-4 4.24886E-5 1.1309E-5 1.61025E-5 3.57679E-6 1.07016E-5 1.35438E-4 5.46329E-4 7.02951E-5 7.80032E-6 8.75526E-6 1.2746E-4 2.19116E-4 3.91338E-4 3.82962E-4 4.63597E-4 2.69949E-4 3.61959E-4 4.03139E-4 3.92807E-4 2.60478E-4 2.52199E-4 2.02252E-4 3.25917E-4 2.90163E-4 2.83284E-4 3.09067E-4 3.69712E-4 3.90153E-4 2.71487E-4 3.42129E-4
-9999 -9999 -9999 -9999 -9999 -9999 -9999 -9999 -9999 -9999 -9999 -9999 2.28649E-6 1.71428E-6 1.30146E-6 2.15128E-6 2.98881E-6 2.77083E-6 1.53294E-6 1.06747E-5 3.92389E-5 2.7556E-5 3.05008E-5 9.15097E-6 1.69165E-5 3.62506E-5 1.4806E-4 8.89907E-5 1.51862E-4 1.48931E-4 1.99513E-4 1.65638E-5 7.59717E-6 3.68665E-6 3.4567E-6 8.02023E-6 9.02482E-5 5.12581E-4 9.56512E-5 1.42379E-5 1.12456E-5 2.63814E-4 2.36145E-4 4.42482E-4 3.19339E-4 3.31168E-4 2.84042E-4 2.62102E-4 4.2658E-4 8.96056E-4 7.53344E-4 7.19047E-4 2.98419E-4 1.85824E-4 2.73744E-4 4.30775E-4 5.41537E-4 7.77734E-4 3.48223E-4 3.39048E-4 5.27878E-4
-9999 -9999 -9999 -9999 -9999 -9999 -9999 -9999 -9999 -9999 -9999 -9999 7.06245E-6 1.44378E-6 5.16256E-6 3.11762E-6 2.05256E-5 7.62625E-7 4.28189E-6 6.35536E-6 1.60437E-5 1.99637E-5 2.2973E-5 3.71811E-5 1.3737E-5 2.33903E-5 5.68197E-5 9.72708E-5 2.08147E-4 2.59764E-4 1.95167E-4 4.08302E-5 9.69826E-6 5.09848E-6 3.1988E-6 3.56582E-6 2.49897E-5 1.53388E-4 2.29716E-5 3.87581E-5 2.12581E-5 1.82997E-4 2.57014E-4 3.9959E-4 3.83021E-4 4.08116E-4 3.78299E-4 2.08849E-4 2.97432E-4 6.05161E-4 6.37295E-4 6.84405E-4 6.04117E-4 2.74076E-4 8.77481E-4 5.6981E-4 1.06911E-3 4.27802E-4 2.2823E-4 3.37408E-4 2.9686E-4
-9999 -9999 -9999 -9999 -9999 -9999 -9999 -9999 -9999 -9999 -9999 2.19711E-6 1.832E-6 8.14243E-6 9.97366E-7 5.79769E-8 1.00422E-5 2.56282E-6 8.16284E-6 1.41229E-4 4.9968E-5 2.67683E-5 4.93611E-5 3.48404E-5 2.27336E-6 2.51038E-5 8.7303E-5 2.62751E-4 2.00827E-4 3.49582E-4 3.64914E-4 2.70671E-4 9.05736E-6 1.3252E-5 4.6347E-6 5.76281E-6 1.84322E-5 3.80854E-4 1.55237E-4 8.51056E-5 2.54064E-4 8.40043E-5 7.21734E-4 4.63791E-4 4.65966E-4 7.33083E-4 3.1779E-4 1.14952E-4 2.58524E-4 3.72048E-4 2.81039E-4 1.90687E-4 4.7685E-4 8.47934E-4 3.39887E-4 2.83041E-4 2.22873E-4 2.63395E-4 3.26396E-4 4.22118E-4 2.58306E-4
-9999 -9999 -9999 -9999 -9999 -9999 -9999 -9999 -9999 -9999 -9999 1.44229E-6 3.80894E-6 1.31116E-5 6.41212E-6 3.91454E-6 8.81442E-6 6.00221E-6 3.50187E-5 8.49542E-5 8.59361E-5 1.54983E-5 1.19905E-5 1.25171E-5 4.28402E-5 8.44163E-5 8.09657E-5 1.24178E-5 8.286E-6 7.49441E-4 4.08582E-4 6.3708E-4 1.00571E-4 9.41453E-6 7.78083E-6 5.12677E-6 1.30893E-5 7.32642E-4 3.27217E-5 4.28911E-4 2.73536E-4 1.49334E-4 9.50727E-4 4.12002E-4 4.51312E-4 7.491E-5 5.3146E-5 2.71238E-4 2.67931E-4 5.6942E-4 3.19219E-4 1.82252E-4 3.80525E-4 5.10047E-4 1.91049E-4 2.2354E-4 1.79847E-4 1.94434E-4 2.95475E-4 3.39317E-4 3.52463E-4
-9999 -9999 -9999 -9999 -9999 -9999 -9999 -9999 -9999 -9999 3.92114E-7 4.98289E-7 3.99899E-6 5.69757E-6 3.47016E-5 2.99273E-6 1.5682E-6 5.07056E-6 2.76877E-5 2.24971E-5 2.7752E-5 3.55582E-5 4.84282E-5 2.51601E-5 5.75666E-5 1.60368E-4 5.48379E-5 9.34402E-6 3.11779E-5 1.054E-4 1.10889E-4 8.71116E-4 2.08967E-4 5.26616E-6 1.14893E-5 8.80256E-6 6.36883E-5 7.34273E-4 6.29727E-5 2.14479E-4 9.43997E-4 2.28707E-4 4.84688E-4 8.29641E-4 3.2567E-4 5.39749E-4 1.37792E-4 3.1994E-4 3.81833E-4 1.50371E-4 3.15221E-4 1.35615E-4 1.47829E-4 1.67543E-4 1.78291E-4 1.85971E-4 2.00351E-4 2.76728E-4 2.18249E-4 1.9469E-4 2.50629E-4
-9999 -9999 -9999 -9999 -9999 -9999 -9999 -9999 -9999 -9999 2.76764E-7 2.54154E-7 9.05844E-6 1.45797E-5 8.46487E-6 1.89446E-6 2.01978E-6 9.34304E-6 1.02101E-5 1.51265E-5 1.25017E-5 3.46988E-5 3.94241E-5 5.24939E-5 5.874E-5 5.55467E-5 9.01111E-5 8.39552E-5 1.60978E-4 1.99365E-4 6.4395E-5 7.20276E-5 1.73111E-5 1.31984E-5 1.03586E-5 9.33261E-6 8.24864E-5 2.05653E-4 8.22721E-5 3.70599E-4 1.17055E-3 6.20055E-5 1.75435E-4 6.10423E-4 4.29895E-4 2.24034E-4 2.56444E-4 1.47848E-4 1.32809E-4 1.9727E-4 1.22193E-4 2.07425E-4 1.50357E-4 1.6527E-4 2.25704E-4 3.13803E-4 2.28926E-4 2.4579E-4 2.66613E-4 2.83753E-4 3.00961E-4
-9999 -9999 -9999 -9999 -9999 -9999 -9999 -9999 -9999 -9999 2.11458E-7 1.88161E-7 1.33644E-5 7.68796E-6 1.88406E-6 2.17806E-6 3.16115E-6 6.95499E-6 1.7595E-5 1.59102E-5 8.63311E-6 1.35301E-5 1.43427E-5 1.85774E-5 4.59951E-5 2.95885E-5 1.63403E-4 3.08667E-5 1.64971E-4 1.70063E-4 3.12326E-5 1.75718E-5 1.44355E-5 1.89969E-5 1.84286E-5 2.11286E-5 8.70037E-5 1.01342E-4 1.74866E-4 1.47471E-4 5.96901E-4 3.01462E-4 6.55382E-4 5.82989E-4 5.7621E-4 4.59442E-4 1.05922E-4 1.26371E-4 1.55311E-4 1.93759E-4 2.97375E-4 4.01371E-4 3.62712E-4 2.08849E-4 2.39437E-4 1.61245E-4 1.56666E-4 1.79659E-4 4.22824E-4 2.70675E-4 1.82046E-4
-9999 -9999 -9999 -9999 -9999 -9999 -9999 -9999 -9999 2.08983E-7 1.72476E-7 2.60242E-7 3.25641E-6 1.83883E-6 5.55624E-7 1.05364E-6 6.15858E-6 1.56591E-5 2.45273E-5 8.19405E-6 1.24444E-5 1.66241E-5 1.94997E-5 2.52535E-5 1.69914E-5 1.59101E-5 3.28926E-4 4.077E-5 2.98461E-5 1.82353E-5 2.19172E-5 4.08553E-5 4.91356E-5 4.97921E-5 4.92549E-5 6.22911E-5 7.52388E-5 9.55793E-5 4.39908E-4 1.19769E-4 8.22885E-4 5.83533E-4 1.02444E-3 3.57733E-4 6.30706E-4 2.96722E-4 3.12758E-4 2.77358E-4 2.06934E-4 1.44309E-4 1.58721E-4 2.32336E-4 2.16347E-4 3.88579E-4 5.30544E-4 4.62074E-4 3.3202E-4 2.82837E-4 2.23183E-4 2.77175E-4 2.50536E-4
-9999 -9999 -9999 -9999 -9999 -9999 -9999 -9999 -9999 2.33711E-7 1.75136E-7 3.00474E-7 1.1828E-6 5.21959E-7 5.12115E-7 1.24406E-6 7.84086E-6 8.13906E-6 1.79793E-5 1.58871E-5 3.95325E-5 1.80999E-5 1.76826E-5 2.37053E-5 2.07431E-5 3.36834E-5 1.5273E-4 1.47457E-4 1.13723E-4 5.96561E-5 6.67409E-5 9.48927E-5 3.64694E-5 5.94194E-5 2.22066E-4 3.15589E-4 1.31134E-4 5.1581E-4 3.39734E-4 4.93274E-4 1.17911E-3 1.30766E-3 2.82566E-4 4.07309E-4 8.99507E-4 7.57773E-4 6.61433E-4 2.33522E-4 4.33156E-4 4.34238E-4 4.42736E-4 4.22958E-4 2.70721E-4 4.30994E-4 3.90767E-4 5.89438E-4 3.98925E-4 2.82709E-4 3.11832E-4 1.80748E-4 1.39716E-4
-9999 -9999 -9999 -9999 -9999 -9999 -9999 -9999 1.35713E-7 1.84609E-7 4.73292E-7 4.42999E-6 4.37536E-7 5.75075E-7 1.24114E-6 7.15456E-6 7.84877E-6 1.58108E-5 2.13682E-5 2.13418E-5 3.97582E-5 4.18517E-5 2.51077E-5 3.5769E-5 2.79169E-5 1.2404E-4 9.79264E-5 1.71157E-4 9.33555E-5 1.8501E-4 1.24084E-4 1.05966E-4 2.86328E-5 8.86118E-5 2.02761E-4 1.14367E-4 1.50832E-4 7.14925E-4 4.66634E-4 1.73687E-3 1.28958E-3 7.93133E-4 3.62565E-4 2.13933E-4 7.76763E-5 3.53445E-4 3.8998E-5 1.57118E-4 2.28431E-4 5.46062E-4 3.43572E-4 3.36713E-4 1.79759E-4 2.52252E-4 1.99696E-4 6.93179E-4 6.18935E-4 6.12541E-4 3.05067E-4 1.71885E-4 1.79363E-4
-9999 -9999 -9999 -9999 -9999 -9999 -9999 3.50746E-7 4.21606E-7 1.91534E-7 1.38522E-6 4.52742E-6 3.68658E-7 6.2065E-7 2.56393E-6 1.52206E-5 1.84474E-5 2.33675E-5 3.44028E-5 3.91395E-5 4.6301E-5 3.28973E-5 3.28151E-5 4.29919E-5 3.3579E-5 6.87355E-5 6.78249E-5 2.61195E-4 3.0705E-4 3.00589E-4 1.02831E-4 7.33949E-5 3.9306E-5 5.20028E-5 1.15208E-4 1.80218E-4 1.09803E-3 8.48559E-4 9.98575E-4 1.49307E-3 8.37911E-4 5.62071E-4 2.04299E-4 1.26181E-4 7.25462E-5 2.5546E-4 1.47436E-4 2.96687E-5 2.30011E-4 8.00555E-4 4.74202E-4 4.92474E-4 1.33511E-3 3.1397E-4 5.98263E-4 5.75361E-4 7.83682E-4 6.82271E-4 5.81052E-4 2.44305E-4 1.75308E-4
-9999 -9999 -9999 -9999 -9999 -9999 -9999 1.21885E-7 9.56597E-8 9.64526E-8 4.06997E-7 4.88182E-7 3.30474E-7 1.6245E-6 1.136E-5 1.74373E-5 2.02287E-5 7.10754E-5 3.89646E-5 3.37157E-5 4.36264E-5 6.79962E-5 1.00542E-4 7.1991E-5 7.60064E-5 4.63992E-5 8.88516E-5 2.83726E-4 6.383E-5 3.54641E-4 8.82423E-5 3.6203E-5 5.36253E-5 1.56493E-4 1.53787E-4 6.16324E-4 7.06438E-4 9.86136E-4 1.29775E-3 1.71216E-3 1.37079E-3 5.06169E-4 3.2843E-4 1.97901E-4 1.32695E-4 8.1383E-5 1.5465E-4 1.41007E-4 4.02354E-4 2.20084E-4 2.64037E-4 3.26031E-4 3.61026E-4 7.01852E-4 3.39451E-4 8.00676E-4 3.98383E-4 6.61244E-4 5.9901E-4 2.36984E-4 1.79043E-4
-9999 -9999 -9999 -9999 -9999 -9999 -9999 2.76092E-7 2.0412E-7 1.3253E-7 3.9584E-7 8.26462E-7 1.04842E-6 1.74414E-6 1.87268E-5 1.7171E-5 2.54829E-5 6.75202E-5 3.60273E-5 3.26532E-5 4.28888E-5 4.96996E-5 1.73368E-4 9.28788E-5 5.16202E-5 3.96233E-5 3.81547E-5 1.91398E-4 3.77268E-5 1.40649E-4 1.86635E-4 4.60151E-5 2.58717E-4 2.63099E-4 2.9688E-4 5.34295E-4 1.08453E-3 9.12349E-4 1.24235E-3 8.26161E-4 5.6844E-4 3.95988E-4 2.54318E-4 1.02868E-4 4.39055E-5 7.3027E-5 1.05536E-4 6.06429E-5 2.98797E-4 6.67156E-4 4.94639E-4 4.63387E-4 5.73002E-4 2.23422E-4 6.38118E-4 6.26605E-4 2.8958E-4 5.67676E-4 3.49528E-4 1.76195E-4 2.57809E-4
