Candidate_Models_July82022/M_0.5_F_lqp_Set_1_all/Bison.asc
ncols         290
nrows         380
xllcorner     -2197417.7431653
yllcorner     -584827.01486885
cellsize      10000.0
NODATA_value  -9999
[rows 81 to 107 of 380, columns 183 to 243 of 290]
1.25385E-6 1.60291E-6 1.56064E-6 1.81175E-6 1.31717E-6 1.26839E-6 1.24302E-6 1.09742E-6 1.08521E-6 1.03731E-6 1.01614E-6 9.79514E-7 9.98049E-7 9.61397E-7 1.0876E-6 1.07901E-6 1.06758E-6 9.99126E-7 9.97054E-7 1.03823E-6 1.0464E-6 9.78026E-7 9.94602E-7 1.01101E-6 8.55706E-7 8.5911E-7 8.71187E-7 7.93322E-7 8.0471E-7 7.4596E-7 7.43377E-7 7.52681E-7 7.343E-7 7.51588E-7 7.39049E-7 6.88524E-7 6.94667E-7 6.15613E-7 5.87715E-7 5.51232E-7 5.64825E-7 4.9971E-7 4.93587E-7 4.78528E-7 4.52465E-7 4.29788E-7 4.00092E-7 3.94314E-7 3.72622E-7 3.56757E-7 3.78541E-7 3.79063E-7 4.04514E-7 3.84888E-7 3.89462E-7 4.06795E-7 3.88602E-7 4.13145E-7 3.75594E-7 3.07818E-7 2.89054E-7
1.24872E-6 1.40244E-6 1.76153E-6 -9999 1.21419E-6 1.30943E-6 1.16374E-6 1.1162E-6 1.06398E-6 1.00431E-6 1.05325E-6 1.00006E-6 9.98658E-7 9.75245E-7 1.07292E-6 1.02989E-6 1.00551E-6 1.08426E-6 1.00965E-6 1.03531E-6 1.0267E-6 9.61106E-7 9.39328E-7 9.18084E-7 8.88516E-7 8.79142E-7 8.96167E-7 8.15087E-7 7.17274E-7 7.10845E-7 7.22547E-7 8.25625E-7 7.50573E-7 7.16167E-7 6.89719E-7 6.74978E-7 6.43332E-7 6.47835E-7 6.13107E-7 5.4041E-7 5.46283E-7 5.25022E-7 4.88048E-7 4.83577E-7 4.4249E-7 4.29527E-7 4.33185E-7 3.88223E-7 4.04614E-7 3.81769E-7 3.89808E-7 3.94337E-7 4.18322E-7 3.95789E-7 3.95538E-7 3.88613E-7 4.17695E-7 3.99873E-7 3.9152E-7 3.20422E-7 2.90697E-7
1.06446E-6 1.27971E-6 1.57246E-6 1.47335E-6 1.2343E-6 1.20608E-6 1.04198E-6 1.05248E-6 1.04275E-6 1.02646E-6 9.44643E-7 9.73886E-7 9.71965E-7 1.00714E-6 1.01623E-6 1.03236E-6 1.01807E-6 9.99948E-7 1.08438E-6 9.82739E-7 9.67733E-7 9.06985E-7 9.60502E-7 9.33443E-7 8.95939E-7 8.77397E-7 8.4914E-7 8.28788E-7 7.27627E-7 7.11699E-7 7.97889E-7 7.04701E-7 7.50142E-7 6.97358E-7 6.82362E-7 6.22089E-7 6.36254E-7 6.21128E-7 5.98634E-7 5.45075E-7 5.07832E-7 5.27126E-7 5.09035E-7 5.18284E-7 4.74795E-7 4.47723E-7 4.33423E-7 4.23917E-7 4.07008E-7 4.17398E-7 4.0701E-7 4.03205E-7 4.17411E-7 3.91761E-7 4.35389E-7 3.67338E-7 3.77071E-7 4.19321E-7 3.75283E-7 3.78325E-7 3.08561E-7
1.047E-6 1.08971E-6 1.54242E-6 1.57439E-6 1.29157E-6 1.22413E-6 1.13633E-6 1.08079E-6 1.0722E-6 9.84483E-7 1.01175E-6 9.81691E-7 1.0343E-6 1.07832E-6 1.03695E-6 9.91959E-7 9.40326E-7 9.69781E-7 9.96591E-7 9.25167E-7 9.6597E-7 9.24737E-7 9.36892E-7 1.1103E-6 8.82164E-7 8.80335E-7 7.72579E-7 8.28265E-7 7.59124E-7 7.11219E-7 9.23405E-7 7.67716E-7 7.46503E-7 7.58006E-7 7.15389E-7 6.76293E-7 6.09142E-7 6.04442E-7 6.03947E-7 5.98437E-7 5.66356E-7 5.77587E-7 5.57648E-7 5.2133E-7 4.76463E-7 4.68002E-7 4.35544E-7 4.34005E-7 4.44579E-7 4.20043E-7 4.04179E-7 4.11221E-7 4.28396E-7 4.3573E-7 3.76288E-7 3.94231E-7 4.04441E-7 3.69857E-7 3.83591E-7 4.07924E-7 3.25096E-7
1.08008E-6 1.11121E-6 1.12553E-6 1.3933E-6 1.5006E-6 1.27062E-6 1.22503E-6 1.29952E-6 1.06002E-6 8.60536E-7 1.02436E-6 9.29608E-7 1.09722E-6 8.71247E-7 1.00966E-6 1.04131E-6 9.55766E-7 9.93944E-7 9.84526E-7 9.64405E-7 9.68405E-7 9.70225E-7 9.89257E-7 9.98685E-7 9.38784E-7 8.87773E-7 8.69456E-7 8.405E-7 8.68862E-7 7.46699E-7 9.62593E-7 8.23477E-7 8.09484E-7 7.00451E-7 7.29402E-7 6.7015E-7 5.99897E-7 6.08915E-7 6.11639E-7 6.24003E-7 5.74397E-7 5.77818E-7 5.4158E-7 5.13453E-7 4.97845E-7 4.76491E-7 4.52052E-7 4.54397E-7 4.37884E-7 4.50011E-7 4.53376E-7 4.52697E-7 4.00349E-7 3.99832E-7 3.70152E-7 4.07276E-7 3.64355E-7 3.71401E-7 3.70346E-7 3.99084E-7 2.95563E-7
1.13511E-6 1.24431E-6 1.22368E-6 1.28915E-6 1.39941E-6 1.48941E-6 1.12385E-6 1.18851E-6 -9999 -9999 1.06317E-6 1.03567E-6 1.02562E-6 1.04212E-6 1.01954E-6 9.94587E-7 1.01679E-6 1.0477E-6 1.03919E-6 1.03481E-6 1.09041E-6 1.01856E-6 9.72865E-7 1.01622E-6 1.16413E-6 1.01843E-6 8.87325E-7 8.76678E-7 8.83683E-7 8.02329E-7 8.42801E-7 8.99169E-7 8.05545E-7 7.78649E-7 7.13683E-7 6.85221E-7 6.7572E-7 6.3867E-7 6.29431E-7 6.30396E-7 5.99262E-7 5.77679E-7 5.92101E-7 5.12942E-7 5.29159E-7 4.959E-7 5.04806E-7 4.85536E-7 4.22497E-7 4.46903E-7 4.39674E-7 4.21808E-7 3.97632E-7 3.97684E-7 4.52977E-7 3.6499E-7 3.78611E-7 3.39407E-7 3.72285E-7 3.2896E-7 3.15443E-7
1.18326E-6 1.1793E-6 1.07618E-6 1.39063E-6 1.59759E-6 1.35163E-6 1.14054E-6 1.20028E-6 1.11138E-6 1.01911E-6 1.15102E-6 1.08695E-6 -9999 1.02198E-6 9.85034E-7 1.06413E-6 1.03283E-6 1.01014E-6 9.9927E-7 1.02834E-6 1.04354E-6 1.0455E-6 1.03939E-6 9.68451E-7 1.05331E-6 1.15055E-6 9.40601E-7 8.87198E-7 9.07998E-7 1.08123E-6 8.39464E-7 1.37596E-6 8.60021E-7 7.47112E-7 7.43316E-7 7.88927E-7 7.57159E-7 6.78975E-7 6.69462E-7 6.64753E-7 5.95312E-7 6.13414E-7 5.36733E-7 5.43478E-7 5.23981E-7 5.41867E-7 4.91621E-7 5.0649E-7 4.59752E-7 4.45313E-7 4.91557E-7 4.00528E-7 4.2737E-7 4.20047E-7 4.02916E-7 3.80807E-7 3.5176E-7 4.16579E-7 3.56448E-7 2.87871E-7 3.2546E-7
1.18019E-6 1.24806E-6 1.24189E-6 1.23082E-6 1.21817E-6 1.48259E-6 1.27558E-6 1.25727E-6 1.10712E-6 1.07968E-6 1.12741E-6 1.1247E-6 1.26586E-6 1.07584E-6 1.02395E-6 1.05801E-6 1.14669E-6 1.06734E-6 1.11186E-6 1.16336E-6 1.09197E-6 1.0523E-6 1.01612E-6 1.1395E-6 1.0099E-6 9.84608E-7 1.0413E-6 8.84644E-7 9.03255E-7 7.55936E-7 8.70684E-7 9.15627E-7 8.02215E-7 8.15978E-7 8.3187E-7 8.0865E-7 7.93644E-7 6.95715E-7 6.74766E-7 6.77836E-7 6.54881E-7 6.26765E-7 6.22899E-7 5.61154E-7 5.6137E-7 5.43514E-7 5.29851E-7 5.16742E-7 4.69123E-7 4.77484E-7 4.64894E-7 4.56877E-7 4.28879E-7 3.99024E-7 4.36227E-7 3.73781E-7 4.33532E-7 3.60454E-7 3.50971E-7 3.71685E-7 3.24788E-7
1.23504E-6 1.32381E-6 1.35376E-6 1.32847E-6 1.27291E-6 1.36221E-6 1.35094E-6 1.31965E-6 1.1831E-6 1.20949E-6 1.25425E-6 1.24668E-6 1.15809E-6 1.10397E-6 1.09899E-6 1.11304E-6 1.06215E-6 1.08339E-6 1.17969E-6 1.16603E-6 1.19698E-6 1.14385E-6 1.06072E-6 1.05462E-6 9.7138E-7 1.02346E-6 1.03007E-6 1.0414E-6 9.29979E-7 8.38933E-7 8.80918E-7 8.39296E-7 8.47967E-7 8.66467E-7 8.4707E-7 8.68461E-7 7.70632E-7 7.14023E-7 6.89213E-7 6.80299E-7 6.43126E-7 6.20723E-7 6.08024E-7 5.74026E-7 5.64157E-7 5.7883E-7 5.25074E-7 5.35006E-7 4.95816E-7 4.92182E-7 4.873E-7 4.54699E-7 4.33848E-7 3.89333E-7 4.21131E-7 4.11904E-7 6.11878E-7 4.00974E-7 3.42814E-7 3.3262E-7 3.508E-7
1.35216E-6 1.40683E-6 1.54498E-6 1.37323E-6 1.43256E-6 1.52393E-6 1.56402E-6 1.30536E-6 1.36041E-6 1.23183E-6 1.2387E-6 1.1847E-6 1.22764E-6 1.03771E-6 1.08979E-6 1.1909E-6 1.10421E-6 1.12769E-6 1.16561E-6 1.24362E-6 1.1839E-6 1.141E-6 1.19624E-6 1.05643E-6 1.04149E-6 1.07491E-6 1.16675E-6 1.11686E-6 1.2184E-6 9.32338E-7 8.69463E-7 8.33461E-7 8.13762E-7 8.8706E-7 9.06552E-7 8.79626E-7 8.36139E-7 7.8866E-7 7.07267E-7 5.81389E-7 6.20795E-7 6.27664E-7 6.12213E-7 6.21866E-7 6.09642E-7 5.67362E-7 5.41375E-7 5.13012E-7 5.15385E-7 5.21416E-7 5.15477E-7 4.66755E-7 4.68672E-7 3.91263E-7 4.60448E-7 4.21988E-7 4.58299E-7 3.87673E-7 3.77705E-7 3.57256E-7 3.49354E-7
1.39533E-6 1.44556E-6 1.36045E-6 1.47519E-6 1.47481E-6 1.41156E-6 1.49646E-6 1.35058E-6 1.31638E-6 1.33702E-6 1.26741E-6 1.21692E-6 1.23767E-6 1.26285E-6 1.17833E-6 1.18359E-6 1.19161E-6 1.13188E-6 1.1144E-6 1.15101E-6 1.31357E-6 1.14727E-6 1.30475E-6 1.30024E-6 1.28788E-6 1.1216E-6 1.09292E-6 1.13229E-6 1.05376E-6 1.0848E-6 1.00569E-6 8.80803E-7 8.89419E-7 9.95784E-7 8.90532E-7 8.33125E-7 8.31243E-7 7.92073E-7 6.81575E-7 7.5422E-7 6.92227E-7 6.3566E-7 6.16738E-7 5.86305E-7 5.97997E-7 5.42435E-7 5.52767E-7 5.07661E-7 5.00178E-7 5.31349E-7 4.95297E-7 4.90821E-7 4.67534E-7 4.31166E-7 4.75796E-7 4.14682E-7 4.22389E-7 3.97573E-7 3.66907E-7 3.892E-7 3.51579E-7
1.4185E-6 1.49087E-6 1.75987E-6 1.03001E-6 1.46516E-6 1.4361E-6 1.27964E-6 1.36026E-6 1.37204E-6 1.20741E-6 1.53704E-6 1.28564E-6 1.12666E-6 1.28558E-6 1.18819E-6 1.1887E-6 1.15064E-6 1.13148E-6 1.1516E-6 1.24078E-6 1.21536E-6 1.2754E-6 1.23934E-6 1.20284E-6 1.18807E-6 1.17802E-6 1.1688E-6 1.15492E-6 1.01042E-6 9.77973E-7 9.15094E-7 8.94752E-7 1.09566E-6 9.32422E-7 8.14405E-7 8.52407E-7 8.25451E-7 7.96391E-7 7.8666E-7 7.73928E-7 6.38965E-7 6.87344E-7 6.40063E-7 6.0993E-7 5.82339E-7 6.03457E-7 5.71869E-7 5.50122E-7 5.16275E-7 4.7015E-7 5.08599E-7 4.22183E-7 4.4655E-7 4.34923E-7 4.29964E-7 4.54613E-7 4.99145E-7 4.32601E-7 4.05511E-7 3.73901E-7 4.1117E-7
1.46383E-6 1.52737E-6 1.46199E-6 1.83536E-6 1.47342E-6 1.34473E-6 1.48415E-6 1.56548E-6 1.2835E-6 1.48292E-6 1.46487E-6 1.35869E-6 1.13824E-6 1.21376E-6 1.22486E-6 1.27246E-6 1.20351E-6 1.19666E-6 1.25247E-6 1.31256E-6 1.30448E-6 1.246E-6 1.25214E-6 1.27996E-6 1.30731E-6 1.20588E-6 1.28191E-6 1.28571E-6 1.08801E-6 1.03296E-6 9.25361E-7 9.52978E-7 1.02746E-6 1.16231E-6 8.23679E-7 8.7692E-7 8.21496E-7 7.64026E-7 7.41902E-7 7.48479E-7 7.18861E-7 7.27627E-7 6.06882E-7 6.13725E-7 6.17683E-7 6.04688E-7 5.59138E-7 5.24389E-7 5.27954E-7 5.098E-7 4.99708E-7 5.25789E-7 4.96666E-7 5.21281E-7 4.24383E-7 4.39871E-7 4.79161E-7 4.30955E-7 4.01482E-7 4.10675E-7 4.05306E-7
1.57589E-6 1.90752E-6 1.51208E-6 1.51353E-6 1.49202E-6 1.29476E-6 1.46315E-6 1.39627E-6 1.44984E-6 1.36344E-6 1.24928E-6 1.22664E-6 1.29046E-6 1.25344E-6 1.26298E-6 1.31335E-6 1.31125E-6 1.24797E-6 1.18078E-6 1.25807E-6 1.33661E-6 1.30862E-6 1.30472E-6 1.26528E-6 1.3024E-6 1.24732E-6 1.15532E-6 1.30487E-6 1.15486E-6 1.09689E-6 1.02638E-6 1.01682E-6 1.05815E-6 9.8934E-7 9.17021E-7 9.61764E-7 8.1754E-7 7.89854E-7 7.66421E-7 7.53646E-7 6.88064E-7 7.04844E-7 6.81755E-7 6.50241E-7 5.76168E-7 5.7788E-7 5.61782E-7 5.40423E-7 5.53492E-7 5.04534E-7 5.01471E-7 5.00972E-7 -9999 4.95555E-7 4.64085E-7 4.50575E-7 4.47235E-7 4.38455E-7 4.28181E-7 4.33825E-7 4.65236E-7
1.43974E-6 1.50901E-6 1.76464E-6 1.79193E-6 1.60396E-6 1.44546E-6 1.51545E-6 1.5343E-6 1.41112E-6 1.37111E-6 1.32598E-6 1.29324E-6 1.26756E-6 1.34003E-6 1.26934E-6 1.26923E-6 1.26002E-6 1.29103E-6 1.3624E-6 1.40042E-6 1.29691E-6 1.45578E-6 1.25555E-6 1.2423E-6 1.26168E-6 1.21407E-6 1.43307E-6 1.1772E-6 1.2959E-6 1.0534E-6 1.07178E-6 9.85865E-7 1.04868E-6 9.59341E-7 9.62664E-7 9.18438E-7 8.97063E-7 8.77141E-7 7.51585E-7 6.69848E-7 6.98419E-7 7.70276E-7 6.65386E-7 6.37012E-7 6.08332E-7 5.49946E-7 8.21483E-7 5.90086E-7 5.41349E-7 6.4479E-7 5.06825E-7 4.59889E-7 5.23792E-7 4.30786E-7 4.81558E-7 4.24948E-7 4.61904E-7 4.65249E-7 4.36588E-7 4.59825E-7 5.15666E-7
1.6795E-6 1.62198E-6 1.69839E-6 1.59347E-6 1.50665E-6 1.55964E-6 1.5441E-6 1.33844E-6 1.45486E-6 1.48434E-6 1.36127E-6 1.38482E-6 1.38078E-6 1.40697E-6 1.37152E-6 1.31912E-6 1.34958E-6 1.18539E-6 1.32706E-6 1.40103E-6 1.48703E-6 1.85621E-6 1.26309E-6 1.28941E-6 1.2402E-6 1.2843E-6 1.28727E-6 1.18954E-6 1.29285E-6 1.12717E-6 1.04857E-6 1.26058E-6 1.05315E-6 9.88045E-7 1.23992E-6 9.71797E-7 9.69582E-7 8.4069E-7 7.97963E-7 7.31692E-7 6.96883E-7 6.82856E-7 7.23612E-7 6.33179E-7 6.38119E-7 5.99965E-7 5.9117E-7 5.58101E-7 5.42098E-7 5.76055E-7 5.50386E-7 5.20242E-7 5.49601E-7 4.81017E-7 4.6118E-7 4.81053E-7 4.81494E-7 4.90197E-7 4.59947E-7 4.73932E-7 4.74956E-7
1.60773E-6 1.88114E-6 1.60831E-6 1.59515E-6 1.81196E-6 1.48777E-6 1.64735E-6 1.47417E-6 1.53036E-6 1.47556E-6 1.44204E-6 1.43228E-6 1.51214E-6 1.5421E-6 1.52145E-6 1.42884E-6 1.37896E-6 1.30397E-6 1.44185E-6 1.57172E-6 1.43811E-6 1.48201E-6 1.31116E-6 1.21604E-6 1.55731E-6 1.24785E-6 1.19579E-6 1.18685E-6 1.22556E-6 1.13192E-6 1.01418E-6 1.09388E-6 1.04866E-6 9.85278E-7 1.03687E-6 1.0797E-6 9.57999E-7 8.4966E-7 7.82509E-7 7.46486E-7 7.23121E-7 6.92469E-7 6.84973E-7 6.41271E-7 6.95356E-7 6.66934E-7 6.16319E-7 5.99822E-7 6.03281E-7 5.66873E-7 5.31075E-7 6.32932E-7 5.05914E-7 5.10029E-7 5.08698E-7 5.02698E-7 5.12751E-7 5.19793E-7 4.7473E-7 4.80763E-7 4.91058E-7
1.69923E-6 1.8139E-6 1.49643E-6 1.66437E-6 1.51715E-6 2.09465E-6 1.60957E-6 1.44093E-6 1.58873E-6 1.8007E-6 1.53921E-6 1.46363E-6 1.40538E-6 1.48585E-6 1.59297E-6 1.5212E-6 1.53241E-6 1.47943E-6 1.42564E-6 1.43815E-6 1.52048E-6 1.39544E-6 1.43579E-6 1.31629E-6 1.23428E-6 1.19935E-6 1.19483E-6 1.32188E-6 1.24363E-6 1.04571E-6 1.09456E-6 1.08824E-6 1.19554E-6 1.09219E-6 1.15074E-6 8.83028E-7 9.21066E-7 8.49911E-7 8.30521E-7 8.35925E-7 7.77971E-7 7.80994E-7 6.94007E-7 6.8095E-7 6.86036E-7 7.02496E-7 6.25893E-7 6.48007E-7 6.31116E-7 6.07674E-7 6.07374E-7 5.75654E-7 5.50533E-7 5.40816E-7 5.41139E-7 4.84915E-7 5.16792E-7 5.01721E-7 5.06643E-7 5.43884E-7 5.14732E-7
1.86187E-6 1.79488E-6 1.82909E-6 1.82029E-6 1.82091E-6 1.88887E-6 2.00805E-6 1.58544E-6 1.53125E-6 1.59911E-6 1.33207E-6 1.6079E-6 1.76871E-6 1.6523E-6 1.48906E-6 1.52126E-6 1.43547E-6 1.47132E-6 1.38445E-6 1.44136E-6 1.65066E-6 1.56992E-6 1.36413E-6 1.32703E-6 1.25214E-6 1.14621E-6 1.20007E-6 1.11482E-6 1.05956E-6 1.1896E-6 9.79484E-7 1.0333E-6 1.0397E-6 1.01701E-6 1.01966E-6 8.64995E-7 8.40278E-7 8.67589E-7 9.11389E-7 8.24788E-7 7.94203E-7 7.77889E-7 7.00081E-7 6.75222E-7 6.75282E-7 6.14434E-7 6.2596E-7 6.31675E-7 6.44829E-7 6.42948E-7 5.7404E-7 5.69111E-7 6.04037E-7 5.04968E-7 5.09938E-7 5.33952E-7 4.86422E-7 5.07588E-7 4.79921E-7 5.3358E-7 5.72141E-7
2.08861E-6 1.67902E-6 1.83051E-6 1.64987E-6 1.63097E-6 1.56396E-6 1.67685E-6 1.66034E-6 1.52757E-6 1.58523E-6 1.47829E-6 1.33869E-6 1.43431E-6 1.49072E-6 1.51441E-6 1.52512E-6 1.5015E-6 1.42807E-6 1.31516E-6 1.3922E-6 1.54997E-6 1.44859E-6 1.37368E-6 1.75429E-6 1.23932E-6 1.15723E-6 1.10024E-6 1.15689E-6 1.35273E-6 1.22045E-6 1.08208E-6 1.0472E-6 1.06104E-6 1.1467E-6 9.44882E-7 9.65816E-7 8.50982E-7 9.55406E-7 8.70591E-7 8.6138E-7 8.18736E-7 7.95162E-7 8.12306E-7 8.49252E-7 9.00835E-7 7.2338E-7 6.57158E-7 6.45237E-7 6.63894E-7 6.9783E-7 6.16012E-7 6.15371E-7 5.89383E-7 5.30029E-7 4.7292E-7 5.2731E-7 5.19752E-7 5.14497E-7 5.00358E-7 5.46084E-7 5.36114E-7
1.72273E-6 1.67489E-6 1.86789E-6 1.84467E-6 2.05038E-6 1.8376E-6 1.66596E-6 1.74176E-6 1.60962E-6 1.69703E-6 1.61035E-6 1.52945E-6 1.51927E-6 1.56101E-6 1.50848E-6 1.52734E-6 1.37096E-6 1.44367E-6 1.3693E-6 1.37653E-6 1.52711E-6 1.35213E-6 1.50331E-6 1.2431E-6 1.10447E-6 1.04649E-6 1.12851E-6 1.11793E-6 1.13273E-6 1.17245E-6 1.14036E-6 1.10561E-6 1.07401E-6 1.11734E-6 9.44883E-7 1.00855E-6 9.77628E-7 1.18275E-6 9.51981E-7 8.66691E-7 8.38351E-7 8.36393E-7 7.86532E-7 7.87432E-7 6.89472E-7 6.8593E-7 6.83211E-7 6.83116E-7 7.27627E-7 6.61772E-7 6.44165E-7 6.60352E-7 5.89002E-7 5.80848E-7 5.74842E-7 4.98093E-7 5.22382E-7 5.19701E-7 4.84936E-7 5.53784E-7 5.32196E-7
1.71683E-6 1.68006E-6 1.74085E-6 1.64177E-6 1.56334E-6 1.50869E-6 2.05527E-6 1.64319E-6 1.69058E-6 1.63819E-6 1.85099E-6 1.60696E-6 1.40864E-6 1.57379E-6 1.38219E-6 1.508E-6 9.77783E-7 1.28334E-6 1.48379E-6 1.32095E-6 1.32082E-6 1.34734E-6 1.6474E-6 1.32372E-6 1.21842E-6 1.15437E-6 1.07213E-6 1.13988E-6 1.04578E-6 1.14482E-6 1.16863E-6 1.14237E-6 1.16277E-6 1.22289E-6 1.41579E-6 9.64388E-7 1.03496E-6 9.13474E-7 9.03823E-7 9.57811E-7 9.75268E-7 8.43737E-7 7.88316E-7 8.09613E-7 8.13475E-7 7.45833E-7 7.48217E-7 7.2112E-7 6.94794E-7 7.34502E-7 6.67652E-7 7.91895E-7 6.35195E-7 6.07568E-7 5.67035E-7 5.77197E-7 5.43242E-7 5.38561E-7 4.96473E-7 5.46855E-7 6.0982E-7
1.87446E-6 1.88961E-6 1.60918E-6 1.55361E-6 1.57946E-6 1.61941E-6 1.78733E-6 1.72653E-6 1.57314E-6 1.74068E-6 2.63854E-6 1.6199E-6 1.52397E-6 1.60476E-6 1.53963E-6 1.56677E-6 1.49143E-6 1.47114E-6 1.4222E-6 1.41854E-6 1.40408E-6 1.44507E-6 1.62849E-6 1.50178E-6 1.41355E-6 1.23108E-6 1.17289E-6 1.83991E-6 1.19763E-6 1.7102E-6 1.18615E-6 1.16192E-6 1.25996E-6 1.12713E-6 1.14103E-6 1.12084E-6 1.09068E-6 1.02256E-6 9.74037E-7 1.04956E-6 9.36312E-7 8.49869E-7 8.13274E-7 7.7098E-7 8.09001E-7 7.90747E-7 7.87224E-7 6.96021E-7 7.12922E-7 6.45274E-7 6.3118E-7 6.29454E-7 5.95026E-7 6.53008E-7 5.78934E-7 5.97494E-7 6.00477E-7 5.34424E-7 5.59968E-7 5.43729E-7 5.65512E-7
1.8171E-6 1.86183E-6 1.64762E-6 1.73499E-6 1.69286E-6 1.71184E-6 1.81606E-6 1.86201E-6 1.67954E-6 1.68846E-6 1.544E-6 1.61721E-6 1.52395E-6 1.54199E-6 1.52878E-6 1.59199E-6 1.54208E-6 1.66531E-6 1.5221E-6 1.41269E-6 1.48172E-6 1.72101E-6 1.94415E-6 1.90443E-6 1.55832E-6 1.92829E-6 1.28698E-6 1.83222E-6 8.71627E-7 1.1711E-6 1.09023E-6 1.0988E-6 1.17825E-6 1.1773E-6 1.21966E-6 1.16155E-6 1.16153E-6 1.21221E-6 1.07059E-6 1.06207E-6 1.01219E-6 8.97712E-7 8.16585E-7 8.78719E-7 8.36641E-7 7.58687E-7 7.26988E-7 6.79328E-7 6.62662E-7 6.46819E-7 6.06043E-7 5.96129E-7 6.4521E-7 7.316E-7 6.21877E-7 6.15009E-7 6.1478E-7 6.0046E-7 5.61133E-7 6.25435E-7 6.43309E-7
1.71373E-6 1.82161E-6 1.84575E-6 1.70088E-6 1.77043E-6 1.72471E-6 1.91495E-6 1.84714E-6 1.70299E-6 1.58638E-6 1.62052E-6 1.57082E-6 1.63516E-6 1.58995E-6 1.52594E-6 1.48915E-6 1.55217E-6 1.50537E-6 1.67257E-6 1.68223E-6 1.58903E-6 1.56151E-6 2.06551E-6 1.63189E-6 1.48665E-6 1.36037E-6 1.27954E-6 9.99905E-7 1.82896E-6 1.86859E-6 1.4193E-6 1.15003E-6 1.23446E-6 1.23583E-6 1.19165E-6 1.25735E-6 1.28232E-6 1.11546E-6 9.65594E-7 1.0145E-6 9.74051E-7 9.66263E-7 9.40022E-7 9.136E-7 8.72401E-7 7.43555E-7 7.31726E-7 7.25104E-7 9.48322E-7 6.75285E-7 7.04903E-7 6.09074E-7 6.756E-7 7.2964E-7 6.49287E-7 6.32674E-7 6.58053E-7 6.51925E-7 6.04553E-7 6.46792E-7 6.70233E-7
1.92956E-6 1.93877E-6 1.89304E-6 1.79958E-6 1.71981E-6 1.74647E-6 1.79247E-6 1.69728E-6 1.5285E-6 1.65278E-6 1.6902E-6 1.60095E-6 1.60459E-6 1.59372E-6 1.42919E-6 1.49357E-6 2.828E-6 1.61376E-6 1.80552E-6 1.78157E-6 1.83452E-6 1.79184E-6 1.6843E-6 1.55116E-6 1.55429E-6 1.66233E-6 1.53748E-6 1.35166E-6 1.59247E-6 1.70933E-6 1.65247E-6 1.35677E-6 1.36581E-6 1.24045E-6 1.16097E-6 1.13408E-6 1.05722E-6 1.08291E-6 9.60654E-7 1.0184E-6 9.7844E-7 9.05047E-7 8.76434E-7 9.0569E-7 9.33488E-7 7.86116E-7 7.30854E-7 6.88868E-7 7.06097E-7 7.07434E-7 6.74785E-7 6.9206E-7 6.78299E-7 7.02306E-7 6.68232E-7 5.99849E-7 6.24984E-7 6.96747E-7 6.99323E-7 7.70271E-7 6.601E-7
2.19174E-6 1.81107E-6 1.95304E-6 2.26816E-6 1.90859E-6 1.81509E-6 2.16057E-6 1.86789E-6 1.61441E-6 1.69632E-6 1.61994E-6 1.64687E-6 1.56203E-6 1.63971E-6 1.61037E-6 1.60842E-6 1.70863E-6 1.70368E-6 1.90082E-6 1.97188E-6 1.86314E-6 1.78603E-6 2.0444E-6 2.09245E-6 1.93047E-6 1.7586E-6 1.50557E-6 1.30523E-6 1.26202E-6 1.25799E-6 1.17003E-6 1.17966E-6 1.9559E-6 1.12736E-6 1.19966E-6 1.14666E-6 1.13429E-6 1.0135E-6 9.90297E-7 9.78011E-7 1.00311E-6 9.0667E-7 9.13447E-7 8.30053E-7 9.10227E-7 8.09554E-7 7.58543E-7 7.48111E-7 7.4308E-7 6.96248E-7 7.14053E-7 8.12035E-7 7.8833E-7 7.38641E-7 7.75132E-7 7.61827E-7 7.72635E-7 7.78938E-7 7.97898E-7 8.21647E-7 8.27045E-7
