Candidate_Models_July82022/M_0.5_F_lqp_Set_1_all/Bison.asc
ncols         290
nrows         380
xllcorner     -2197417.7431653
yllcorner     -584827.01486885
cellsize      10000.0
NODATA_value  -9999
[rows 297 to 323 of 380, columns 122 to 182 of 290]
5.87282E-4 2.33502E-4 5.21863E-5 6.86076E-5 7.29621E-5 4.84823E-5 4.38614E-4 2.65859E-4 2.47206E-4 4.33918E-4 5.82822E-5 1.29128E-4 2.84047E-4 4.3241E-4 2.86566E-4 2.68545E-4 2.30705E-4 3.04634E-5 2.2715E-5 2.24438E-5 5.12684E-5 1.51986E-4 3.85175E-4 2.15635E-4 2.45583E-4 6.75873E-6 1.69503E-5 1.13803E-4 7.50267E-5 2.87616E-4 3.97367E-4 2.19371E-4 1.77506E-4 1.61246E-4 1.60399E-4 1.61358E-4 1.60644E-4 1.75079E-4 1.94037E-4 1.56071E-4 1.98137E-4 2.21317E-4 1.82593E-4 1.67739E-4 1.62672E-4 1.81327E-4 1.82449E-4 1.77665E-4 1.81387E-4 1.86481E-4 2.57527E-4 2.03358E-4 1.8453E-4 1.88815E-4 2.06331E-4 1.9965E-4 2.06501E-4 1.84074E-4 1.85281E-4 1.88384E-4 1.86461E-4
4.0074E-4 9.49623E-5 1.69565E-5 1.21438E-5 3.56189E-5 1.38174E-4 6.78257E-5 1.61062E-4 3.75925E-4 4.27469E-4 2.57832E-4 9.95125E-6 2.80304E-4 2.6736E-4 4.5536E-4 3.15977E-4 3.72645E-4 2.68207E-4 2.03258E-4 2.88583E-4 3.6426E-4 5.30017E-4 3.50297E-4 2.38015E-4 4.01764E-4 2.56638E-4 1.15609E-4 8.3135E-5 1.87722E-4 4.25125E-4 2.62748E-4 1.86614E-4 1.75973E-4 1.68929E-4 1.66652E-4 1.58311E-4 1.47573E-4 1.4116E-4 1.44018E-4 1.49926E-4 1.9889E-4 2.63835E-4 1.96329E-4 2.39777E-4 2.01346E-4 1.76204E-4 1.76363E-4 1.78591E-4 2.02737E-4 1.99699E-4 2.02142E-4 1.92449E-4 1.84334E-4 1.90795E-4 1.8071E-4 1.8998E-4 1.89132E-4 1.99348E-4 1.9547E-4 1.83601E-4 1.79803E-4
4.86618E-4 1.36672E-5 2.24677E-5 4.18536E-5 8.88752E-5 1.3367E-4 2.64961E-5 5.18479E-5 4.07732E-4 3.3223E-4 4.06683E-4 5.82475E-5 6.41946E-5 2.54865E-4 3.61387E-4 6.39042E-6 1.13667E-4 2.05756E-4 2.87539E-4 3.27538E-4 3.04474E-4 2.78468E-4 2.50576E-4 2.30861E-4 2.51898E-4 2.89145E-4 3.67439E-4 4.77114E-4 2.6868E-4 2.0359E-4 1.97162E-4 1.93119E-4 1.69383E-4 1.76467E-4 1.68046E-4 1.48452E-4 1.38219E-4 1.4737E-4 1.66045E-4 1.55917E-4 1.59511E-4 3.3678E-4 1.93671E-4 2.9752E-4 2.28194E-4 1.95055E-4 1.72986E-4 1.97415E-4 2.2084E-4 2.17741E-4 2.10547E-4 1.85337E-4 1.78052E-4 1.80323E-4 1.88188E-4 1.84664E-4 1.90011E-4 1.91469E-4 2.11112E-4 2.06562E-4 1.93495E-4
2.91042E-4 3.25196E-5 4.70993E-5 4.86156E-5 3.54106E-4 8.60263E-5 2.49713E-5 1.27415E-4 3.3709E-4 3.6909E-4 3.55648E-4 1.51748E-4 1.13702E-4 3.43648E-4 4.42356E-4 2.38849E-4 4.05278E-4 4.07001E-4 2.9242E-4 2.76692E-4 2.4174E-4 2.30381E-4 2.26796E-4 2.18095E-4 2.1356E-4 2.15435E-4 2.29376E-4 2.43539E-4 2.05898E-4 1.95473E-4 1.84101E-4 1.80149E-4 1.6254E-4 1.56385E-4 1.83543E-4 1.47775E-4 1.36887E-4 1.53056E-4 1.30399E-4 1.48284E-4 1.64264E-4 3.68841E-4 2.33626E-4 3.29851E-4 1.84731E-4 3.42674E-4 2.84789E-4 2.1552E-4 2.0821E-4 2.11258E-4 1.81108E-4 1.87325E-4 1.8676E-4 1.72551E-4 2.06747E-4 2.5905E-4 2.2388E-4 1.70059E-4 1.58324E-4 1.92189E-4 1.82605E-4
9.70474E-5 5.1331E-5 9.77458E-5 4.22064E-5 1.43107E-4 3.14916E-4 1.34794E-4 1.74397E-4 4.18013E-4 2.96459E-4 4.0773E-4 1.54282E-4 1.71724E-4 4.45517E-4 4.89005E-4 5.14642E-4 2.76124E-4 2.25669E-4 2.48082E-4 3.11104E-4 2.3052E-4 2.40454E-4 2.25299E-4 2.19592E-4 2.19601E-4 1.98568E-4 2.12285E-4 1.85436E-4 2.15118E-4 1.70937E-4 1.71153E-4 2.4353E-4 1.59679E-4 1.78341E-4 2.99902E-4 2.41171E-4 1.95664E-4 1.90041E-4 2.64559E-4 1.54333E-4 1.48239E-4 1.92122E-4 1.82499E-4 1.87626E-4 2.05166E-4 1.96244E-4 1.83687E-4 2.11203E-4 1.88896E-4 1.88635E-4 1.62071E-4 1.75529E-4 2.0236E-4 2.16808E-4 2.19219E-4 1.84243E-4 1.81341E-4 1.74526E-4 1.67238E-4 1.68106E-4 1.71359E-4
2.67359E-4 1.50328E-4 3.74917E-5 4.47422E-5 1.97387E-4 4.33176E-4 3.9158E-4 4.4172E-4 2.3337E-4 2.78387E-4 4.24683E-4 1.90321E-4 2.05608E-4 3.03334E-4 4.10185E-4 5.07214E-4 1.45021E-4 1.56356E-5 1.87571E-5 2.99999E-4 2.83289E-4 2.50232E-4 2.5201E-4 2.29915E-4 1.97425E-4 2.41888E-4 1.72445E-4 1.70176E-4 1.78199E-4 1.59997E-4 2.54494E-4 2.92526E-4 2.92959E-4 2.1659E-4 1.86763E-4 3.14024E-4 2.14735E-4 2.87802E-4 1.59468E-4 1.44035E-4 1.78299E-4 1.79268E-4 1.93729E-4 1.55854E-4 1.49866E-4 1.49954E-4 1.36983E-4 1.60162E-4 1.68611E-4 1.52956E-4 1.9474E-4 2.14582E-4 2.02536E-4 1.40087E-4 1.95278E-4 1.45849E-4 1.68886E-4 1.79744E-4 1.70743E-4 1.61217E-4 1.65836E-4
5.31935E-4 2.62234E-4 7.43886E-5 1.16687E-4 4.12153E-4 4.46908E-4 4.54658E-4 2.83768E-4 3.21143E-4 4.01981E-4 3.65565E-4 3.57855E-4 3.07269E-4 1.6007E-4 3.18782E-4 4.72221E-4 4.32561E-4 2.41589E-5 2.06258E-5 2.70127E-4 3.60394E-4 2.70869E-4 2.66721E-4 2.01124E-4 2.33256E-4 1.8386E-4 1.88069E-4 1.62648E-4 1.66383E-4 1.79939E-4 2.96591E-4 1.7541E-4 1.11679E-4 1.4726E-4 3.17229E-4 3.27367E-4 2.60466E-4 1.59769E-4 1.33054E-4 1.47047E-4 1.61625E-4 3.33203E-4 1.73233E-4 1.82982E-4 1.30306E-4 1.47736E-4 1.35024E-4 1.41922E-4 1.40453E-4 1.79252E-4 1.56982E-4 1.66907E-4 1.50098E-4 1.81364E-4 1.54688E-4 1.58206E-4 1.81623E-4 1.86916E-4 1.7004E-4 1.59818E-4 1.59187E-4
9.87037E-5 6.37042E-5 1.26199E-4 4.0082E-4 4.58926E-4 3.29389E-4 3.71142E-4 3.61579E-4 3.12514E-4 3.01175E-4 4.17188E-4 2.96855E-4 3.5042E-5 1.02013E-4 4.54304E-4 4.8761E-4 4.17403E-4 1.07935E-5 1.55693E-5 3.91507E-4 2.79452E-4 2.7114E-4 3.32195E-4 2.28866E-4 1.95885E-4 1.86165E-4 1.74125E-4 1.86865E-4 1.57657E-4 3.25363E-4 2.05132E-4 2.08055E-4 2.81023E-4 3.39212E-4 1.93948E-4 1.63408E-4 1.954E-4 1.36712E-4 1.40066E-4 1.54263E-4 1.51214E-4 2.10019E-4 2.11272E-4 2.27939E-4 1.41949E-4 1.35226E-4 1.67396E-4 1.23829E-4 1.4278E-4 1.38455E-4 1.44901E-4 1.64819E-4 2.52295E-4 1.58738E-4 3.61704E-4 2.44368E-4 1.78976E-4 1.63561E-4 1.81657E-4 1.81537E-4 1.6491E-4
9.4082E-5 7.34048E-5 3.31776E-4 2.74374E-4 3.39595E-4 3.55701E-4 3.88293E-4 2.77028E-4 3.01364E-4 2.07171E-4 3.04421E-4 2.21609E-4 5.13524E-5 1.90861E-4 1.91805E-4 4.47346E-4 4.07868E-4 2.37422E-5 1.04048E-4 4.72639E-4 2.69922E-4 2.42186E-4 2.45473E-4 2.26985E-4 1.8685E-4 2.08716E-4 2.68223E-4 2.54995E-4 1.97414E-4 1.78395E-4 2.07808E-4 2.39272E-4 1.60958E-4 1.87843E-4 1.47724E-4 1.41842E-4 2.47904E-4 1.47513E-4 1.41442E-4 1.50101E-4 2.5614E-4 2.60404E-4 1.91482E-4 1.52221E-4 1.96353E-4 2.78038E-4 3.00379E-4 2.07334E-4 2.2189E-4 1.93523E-4 1.98127E-4 1.46107E-4 1.38601E-4 1.27563E-4 1.94416E-4 3.83255E-4 1.76622E-4 2.00877E-4 3.74926E-4 1.75542E-4 1.59E-4
2.88643E-4 1.97832E-4 3.58643E-4 3.83121E-4 7.40477E-5 3.97401E-4 3.43279E-4 2.11345E-4 1.98311E-4 2.11641E-4 2.57999E-4 2.03007E-4 2.44993E-4 2.51249E-5 1.30706E-4 4.13013E-4 4.0464E-4 2.76365E-4 5.19658E-4 3.14487E-4 1.76929E-4 2.31129E-4 3.46259E-4 3.01627E-4 2.09607E-4 1.67405E-4 1.77904E-4 1.83976E-4 1.88737E-4 1.88625E-4 2.57754E-4 1.8341E-4 1.93097E-4 2.08234E-4 1.41653E-4 1.40905E-4 1.32753E-4 1.42982E-4 1.95547E-4 2.61531E-4 3.15445E-4 2.81484E-4 3.48092E-4 3.62989E-4 2.72266E-4 2.7637E-4 1.6216E-4 1.31412E-4 1.71629E-4 3.27191E-4 2.67983E-4 1.3862E-4 1.44115E-4 1.27905E-4 1.38282E-4 2.26151E-4 1.48933E-4 1.48268E-4 2.70717E-4 3.53492E-4 1.47939E-4
5.3842E-4 5.28073E-4 3.06202E-4 3.55937E-5 1.09654E-5 3.81939E-4 2.62993E-4 2.28101E-4 1.94095E-4 2.22309E-4 2.73088E-4 2.70288E-4 2.22525E-4 4.63218E-5 6.51387E-5 3.23407E-4 2.10636E-4 2.76391E-4 1.88969E-4 2.3228E-4 2.25163E-4 2.9244E-4 2.63176E-4 3.78093E-4 2.19666E-4 1.73109E-4 1.56146E-4 2.08927E-4 1.72004E-4 1.49924E-4 1.62088E-4 1.59013E-4 1.54031E-4 1.61643E-4 1.65915E-4 1.97659E-4 2.10077E-4 3.04634E-4 2.94206E-4 2.48107E-4 3.17739E-4 3.15675E-4 2.71953E-4 3.20063E-4 3.18458E-4 1.44684E-4 2.67761E-4 1.26255E-4 1.48252E-4 1.68968E-4 3.07701E-4 1.46226E-4 1.30792E-4 1.46963E-4 1.35561E-4 1.51998E-4 1.42206E-4 1.53793E-4 1.51761E-4 1.52875E-4 1.59579E-4
3.65795E-4 2.9636E-4 5.03623E-4 7.45614E-5 1.89032E-5 5.2533E-5 2.92191E-4 2.96515E-4 2.79198E-4 2.44103E-4 2.77889E-4 3.10933E-4 3.1318E-4 8.41284E-5 3E-4 2.50862E-4 1.90776E-4 2.07685E-4 2.63054E-4 3.13876E-4 2.29028E-4 2.86187E-4 2.42789E-4 3.11986E-4 2.5621E-4 1.86424E-4 1.56766E-4 1.73374E-4 1.74981E-4 2.12273E-4 1.48426E-4 1.39862E-4 2.12352E-4 1.57473E-4 1.25279E-4 1.19152E-4 2.89231E-4 2.70514E-4 3.26441E-4 3.08351E-4 3.36239E-4 1.91792E-4 1.61176E-4 3.34549E-4 1.88744E-4 2.22195E-4 2.53522E-4 1.39983E-4 1.67751E-4 2.24904E-4 2.1558E-4 1.32514E-4 2.28807E-4 2.4302E-4 1.4082E-4 1.4462E-4 1.37145E-4 1.48124E-4 1.43374E-4 1.46343E-4 1.55775E-4
3.29808E-4 3.32243E-4 2.58869E-4 1.89167E-4 2.26777E-5 1.66859E-4 2.60593E-4 1.55007E-4 3.3426E-4 3.81052E-4 3.22116E-4 5.78596E-5 1.50013E-5 4.79827E-5 1.64678E-4 2.40669E-4 1.49724E-4 1.96157E-4 3.49041E-4 2.4155E-4 1.17116E-4 5.95052E-5 1.40073E-4 2.54337E-4 1.44248E-4 1.94731E-4 2.08342E-4 2.84632E-4 3.35786E-4 2.15845E-4 2.06138E-4 1.9242E-4 2.75369E-4 1.92899E-4 1.22135E-4 1.25524E-4 1.31722E-4 1.52366E-4 1.56496E-4 3.28043E-4 3.43875E-4 3.17999E-4 2.53173E-4 2.94696E-4 3.31441E-4 3.51761E-4 3.13227E-4 2.3092E-4 3.28142E-4 2.7276E-4 1.42793E-4 2.62789E-4 2.50251E-4 2.55073E-4 1.35217E-4 1.61257E-4 1.36899E-4 1.38556E-4 1.37395E-4 1.39191E-4 1.51819E-4
3.39347E-4 5.1395E-4 2.77713E-4 4.19816E-4 1.56578E-4 3.77421E-4 3.48764E-4 1.58986E-4 2.72546E-5 1.92578E-5 4.92894E-5 8.66896E-6 8.93352E-6 2.12141E-5 3.86835E-4 3.10547E-4 3.5797E-5 7.13476E-5 3.01805E-4 7.44858E-5 3.29294E-5 1.35485E-4 3.81652E-4 1.78777E-4 3.29846E-4 2.04292E-4 3.12903E-4 3.22055E-4 2.76769E-4 2.41842E-4 2.30116E-4 2.41541E-4 1.36162E-4 1.44915E-4 1.19273E-4 1.26194E-4 1.24052E-4 1.36425E-4 2.04583E-4 1.23505E-4 2.38834E-4 2.53314E-4 3.17545E-4 3.18546E-4 2.49033E-4 3.43538E-4 2.6634E-4 1.83487E-4 3.12757E-4 1.96364E-4 2.77713E-4 1.5863E-4 2.4993E-4 1.96564E-4 3.46704E-4 1.47306E-4 1.71093E-4 1.54544E-4 1.40196E-4 1.42699E-4 1.50246E-4
5.07013E-4 1.67678E-4 2.15098E-4 3.56659E-4 1.91029E-4 4.83653E-4 2.51961E-4 8.29238E-5 8.39999E-5 1.07043E-5 2.13106E-5 6.98416E-6 3.47363E-5 2.47348E-4 2.29974E-4 6.04523E-5 4.74982E-5 3.14551E-5 2.02153E-5 6.2753E-5 1.91718E-4 1.91838E-4 3.36428E-4 1.52116E-4 1.81387E-4 3.00212E-4 2.55439E-4 2.93672E-4 2.26984E-4 1.57914E-4 1.31548E-4 1.31569E-4 1.527E-4 1.33276E-4 1.47935E-4 1.46978E-4 1.23882E-4 1.31493E-4 1.76758E-4 1.25204E-4 1.32467E-4 1.68182E-4 2.41459E-4 3.3896E-4 3.3826E-4 2.27947E-4 2.54583E-4 2.11831E-4 2.93713E-4 3.26647E-4 3.70574E-4 3.54855E-4 1.52261E-4 2.13167E-4 1.80698E-4 1.45176E-4 1.42732E-4 1.43154E-4 1.28989E-4 1.40139E-4 1.51772E-4
6.08884E-4 4.39984E-4 5.09702E-4 1.05366E-4 5.10386E-5 4.33937E-4 2.85971E-4 4.4829E-5 8.10257E-5 9.66406E-5 8.4859E-6 3.24516E-5 1.72691E-4 3.88321E-4 9.21101E-5 1.0399E-4 3.75962E-5 1.97751E-5 2.31802E-5 2.0391E-5 7.61272E-5 2.04961E-4 2.75685E-4 1.84243E-4 1.50816E-4 1.88782E-4 2.26192E-4 2.13835E-4 1.72199E-4 2.94518E-4 1.57848E-4 1.52472E-4 1.51298E-4 1.5336E-4 1.1585E-4 1.10066E-4 1.03402E-4 1.60672E-4 1.22046E-4 1.21976E-4 1.47106E-4 1.52161E-4 1.95801E-4 2.66091E-4 3.59272E-4 2.9717E-4 1.87956E-4 2.72013E-4 2.34576E-4 3.03756E-4 3.26463E-4 3.12729E-4 3.5239E-4 2.89576E-4 2.20933E-4 1.42434E-4 1.60641E-4 1.48179E-4 1.44067E-4 1.44883E-4 2.65731E-4
6.32571E-4 6.5091E-4 3.63311E-4 4.25507E-4 1.04574E-4 2.66402E-4 2.52877E-4 1.0634E-4 4.84455E-5 4.98921E-5 1.7613E-5 4.26628E-5 1.95709E-4 9.20454E-5 7.92919E-5 2.95909E-5 2.13875E-5 1.87239E-5 5.58397E-5 7.13236E-5 4.75304E-5 1.4656E-4 2.06292E-4 1.57691E-4 1.4886E-4 1.48898E-4 1.71325E-4 3.22667E-4 1.64532E-4 1.64444E-4 1.63139E-4 1.43586E-4 1.83524E-4 1.38011E-4 1.1886E-4 1.09376E-4 1.00433E-4 1.58153E-4 1.23586E-4 1.54442E-4 1.60759E-4 1.71431E-4 1.51722E-4 1.90833E-4 2.12676E-4 3.15922E-4 2.22241E-4 3.31292E-4 1.98697E-4 2.90721E-4 3.90101E-4 1.97612E-4 2.14409E-4 1.73749E-4 2.19838E-4 1.56237E-4 1.50059E-4 1.55942E-4 1.55482E-4 1.60535E-4 2.47538E-4
5.59315E-4 4.87982E-4 4.57892E-4 2.11628E-4 5.57719E-5 1.09088E-4 3.08726E-4 3.45195E-5 7.66685E-5 9.78336E-5 3.40991E-5 1.37886E-5 1.39982E-4 1.43179E-4 6.35926E-5 3.85882E-5 6.88791E-5 4.04723E-5 8.99616E-5 1.54191E-4 -9999 1.72386E-4 7.55101E-5 1.12413E-4 1.71083E-4 1.43533E-4 2.49379E-4 2.88085E-4 2.34363E-4 2.87864E-4 1.67584E-4 1.11255E-4 2.33215E-4 1.22541E-4 1.18249E-4 1.02381E-4 1.19911E-4 1.06639E-4 1.48006E-4 1.3524E-4 1.60112E-4 1.9393E-4 2.79277E-4 2.99549E-4 1.35641E-4 3.1311E-4 3.38976E-4 3.22407E-4 3.03137E-4 2.05857E-4 3.44001E-4 2.11601E-4 4.25364E-4 1.65149E-4 1.823E-4 1.81466E-4 1.55072E-4 1.62324E-4 1.62692E-4 1.69957E-4 2.25456E-4
7.14111E-4 7.41549E-4 1.47346E-4 2.15401E-4 1.72202E-4 7.44458E-5 2.87216E-4 6.66199E-5 2.11508E-5 2.15011E-5 8.24148E-6 2.1712E-5 2.15029E-5 2.61671E-4 7.70719E-5 2.92783E-5 1.11391E-4 4.59426E-5 1.9775E-4 9.37692E-5 1.0685E-5 4.81073E-5 2.45136E-4 2.12081E-4 9.80273E-5 2.45178E-4 2.75832E-4 3.61556E-4 3.02584E-4 3.12294E-4 1.96023E-4 7.33844E-5 3.31577E-4 2.44855E-4 1.98286E-4 2.11602E-4 1.09228E-4 1.25771E-4 1.72897E-4 1.42513E-4 1.89616E-4 2.02981E-4 2.59605E-4 2.90487E-4 3.17872E-4 2.37193E-4 3.68289E-4 2.52494E-4 3.44677E-4 2.73452E-4 1.92923E-4 3.9336E-4 4.08204E-4 2.46199E-4 2.20814E-4 1.50996E-4 1.65439E-4 1.59953E-4 1.65246E-4 1.72717E-4 2.11126E-4
4.58237E-4 2.36143E-4 1.84776E-4 2.16713E-4 1.38413E-4 3.89679E-5 8.93129E-5 1.33253E-4 3.80221E-5 7.65895E-5 1.14576E-5 7.26101E-5 1.08767E-4 1.50151E-4 1.87371E-4 2.24721E-4 1.32565E-4 2.53845E-4 4.96797E-5 8.97049E-5 7.76675E-5 3.57274E-5 1.37457E-4 3.14406E-4 7.83756E-5 2.25711E-4 2.6797E-4 3.18161E-4 1.61919E-4 2.13742E-4 1.68468E-4 1.3869E-4 2.57223E-4 2.33791E-4 1.76799E-4 1.80209E-4 1.88006E-4 1.49807E-4 1.7738E-4 2.10644E-4 1.39563E-4 2.78469E-4 2.04387E-4 2.81853E-4 3.10277E-4 3.97053E-4 3.79472E-4 2.81893E-4 4.0101E-4 3.64908E-4 3.0911E-4 3.79537E-4 3.37467E-4 2.92405E-4 1.81302E-4 1.68206E-4 1.61554E-4 1.78382E-4 2.08423E-4 2.17154E-4 1.74175E-4
4.59022E-4 6.16829E-4 4.30084E-4 3.46078E-4 2.27219E-4 1.59992E-4 9.86389E-5 1.45387E-4 3.19953E-5 7.71417E-5 5.52068E-5 1.29518E-4 1.04374E-4 5.8111E-5 9.83855E-5 1.22969E-4 3.50316E-4 1.4414E-4 6.103E-5 1.26992E-4 6.45104E-5 5.71647E-5 1.14886E-4 2.77635E-4 2.27062E-4 2.0028E-4 3.0302E-4 1.10282E-4 1.39244E-4 2.00706E-4 1.03435E-4 1.27809E-4 1.68533E-4 1.22779E-4 2.10042E-4 6.96462E-5 2.60209E-4 2.11892E-4 2.03081E-4 1.86463E-4 2.09388E-4 2.7725E-4 1.66984E-4 1.85509E-4 3.43139E-4 2.93198E-4 4.00916E-4 3.34508E-4 3.31497E-4 2.36734E-4 3.70269E-4 3.43369E-4 3.54218E-4 3.02132E-4 2.92984E-4 1.73278E-4 1.74504E-4 1.71459E-4 2.02467E-4 1.89975E-4 1.99224E-4
3.57839E-4 6.93664E-4 5.95285E-4 4.63859E-4 4.70308E-4 4.365E-4 1.70875E-4 1.81759E-4 5.7801E-5 1.03785E-4 1.53849E-4 8.31889E-5 1.00929E-4 4.10826E-5 3.33912E-5 2.89845E-5 3.78679E-5 1.60174E-4 1.85059E-4 3.42457E-5 5.50213E-5 8.45075E-5 1.16012E-4 9.09126E-5 1.1611E-4 2.13338E-4 2.55637E-4 1.0993E-4 1.38127E-4 3.15438E-4 2.53773E-4 1.50351E-4 1.80901E-4 1.87408E-4 2.94437E-4 1.40923E-4 2.15743E-4 3.11701E-4 2.49545E-4 2.34567E-4 1.88433E-4 2.79132E-4 1.89333E-4 4.02759E-4 4.07692E-4 3.21144E-4 2.11627E-4 3.18805E-4 2.30432E-4 2.86963E-4 3.32229E-4 3.34505E-4 2.84713E-4 3.59793E-4 2.80209E-4 1.68503E-4 1.76304E-4 2.45315E-4 3.03747E-4 1.80213E-4 2.10319E-4
4.40958E-4 1.45142E-4 2.93403E-5 4.19432E-5 1.19352E-4 1.4009E-4 1.03679E-4 7.96167E-5 4.9706E-5 2.93639E-5 6.02297E-5 1.28005E-5 2.42641E-5 1.1011E-5 1.3385E-4 2.58907E-5 4.41108E-5 2.4357E-4 1.23629E-4 1.48399E-4 6.91412E-5 8.18799E-5 9.45905E-5 6.36383E-5 1.76785E-4 1.07526E-4 1.58164E-4 2.46116E-4 2.33109E-4 3.79077E-4 5.42013E-4 3.79998E-4 3.28633E-4 3.64733E-4 3.20696E-4 1.0388E-4 7.22986E-5 4.83266E-5 2.73657E-4 2.32199E-4 1.87807E-4 1.88017E-4 2.34513E-4 2.17148E-4 2.84271E-4 1.97186E-4 1.76141E-4 3.00982E-4 1.96856E-4 2.93712E-4 2.90624E-4 3.64084E-4 3.52818E-4 3.55982E-4 1.82587E-4 1.62111E-4 1.67953E-4 2.86308E-4 2.47149E-4 1.84949E-4 2.39451E-4
1.36713E-4 1.06868E-4 6.96602E-5 1.4167E-4 1.27548E-4 1.37736E-4 4.82729E-5 2.4944E-5 4.34121E-5 3.92901E-6 2.16066E-5 7.88174E-5 7.24802E-6 1.12609E-5 9.88793E-5 6.64681E-5 1.19814E-4 1.89728E-4 9.61194E-5 5.79483E-5 2.01775E-5 5.49848E-5 5.70808E-5 6.59705E-5 3.67735E-4 2.12403E-4 4.80984E-4 5.12865E-4 3.27587E-4 4.97791E-4 4.9901E-4 5.182E-4 2.54731E-4 3.02552E-4 2.07234E-4 1.83232E-4 7.73672E-5 3.71236E-5 6.83242E-5 1.87371E-4 1.92053E-4 1.66701E-4 1.80309E-4 2.1209E-4 3.04738E-4 1.62172E-4 1.51528E-4 1.95576E-4 1.99629E-4 3.72196E-4 3.68742E-4 3.52751E-4 3.76004E-4 3.53092E-4 2.87433E-4 1.60439E-4 1.69188E-4 3.48619E-4 1.73929E-4 1.73834E-4 3.53537E-4
1.81938E-4 1.69334E-4 2.33516E-4 5.14567E-4 1.91729E-4 2.08091E-4 1.0793E-4 4.70314E-5 1.28321E-5 2.10526E-5 1.15351E-4 5.87798E-5 2.52692E-5 8.83263E-6 1.52995E-5 1.45204E-4 1.68303E-4 1.50844E-4 1.45302E-4 4.24694E-5 2.58447E-5 5.19331E-5 3.92545E-5 1.20298E-4 3.24052E-4 3.76982E-4 4.42408E-4 3.41469E-4 4.47253E-4 5.12483E-4 1.64912E-4 1.75118E-4 1.90087E-4 2.94697E-4 1.36633E-4 3.9112E-4 2.78757E-4 1.13506E-4 1.02138E-4 4.55061E-5 2.90288E-4 1.72882E-4 2.8622E-4 1.74681E-4 1.9529E-4 1.72211E-4 1.52379E-4 1.79264E-4 1.6062E-4 2.94866E-4 3.33322E-4 3.80438E-4 2.93381E-4 2.52024E-4 2.12388E-4 1.62896E-4 1.5925E-4 1.80634E-4 1.58405E-4 2.09349E-4 3.21575E-4
1.98723E-4 1.72268E-4 3.03212E-4 3.94551E-4 1.73848E-4 6.43873E-5 7.98108E-5 7.93095E-5 1.38241E-5 4.27521E-6 2.49966E-5 1.04698E-5 1.39262E-5 2.88922E-5 1.44385E-4 1.93613E-4 3.59261E-5 2.04793E-5 1.50468E-5 6.93893E-5 6.47883E-5 7.84999E-5 1.96967E-4 8.22342E-5 1.90235E-4 2.52745E-4 3.74294E-4 1.14006E-4 1.29417E-4 1.74962E-4 2.46143E-4 3.87125E-4 4.33439E-4 2.7123E-4 1.86618E-4 2.86833E-4 2.11494E-4 1.70063E-4 8.57275E-5 4.11381E-5 1.09978E-4 1.7184E-4 1.40939E-4 1.47927E-4 1.49443E-4 1.56936E-4 1.57607E-4 1.60941E-4 1.45462E-4 2.08651E-4 2.35243E-4 1.77926E-4 1.6658E-4 1.67483E-4 1.51874E-4 1.69927E-4 2.51213E-4 1.99115E-4 1.83743E-4 3.97281E-4 3.0709E-4
3.79105E-4 1.94813E-4 2.42922E-4 2.20811E-4 1.6068E-4 1.08456E-4 6.43936E-5 9.77536E-5 1.76287E-5 9.29689E-6 8.23907E-6 3.88676E-6 1.53668E-5 9.25995E-5 5.60959E-5 6.39544E-5 4.87275E-5 2.18746E-5 2.45212E-5 2.34782E-5 2.73818E-5 3.58041E-5 8.80967E-5 9.01638E-5 2.37097E-4 1.4485E-4 2.39152E-4 1.26E-4 1.60827E-4 1.66289E-4 3.49505E-4 6.28835E-4 4.83717E-4 4.6873E-4 4.21458E-4 5.55686E-4 2.86156E-4 1.35075E-4 1.53576E-4 9.88969E-5 4.38685E-5 1.2356E-4 2.64574E-4 1.48134E-4 1.64278E-4 1.68294E-4 1.68262E-4 1.93672E-4 1.97865E-4 1.6294E-4 1.76857E-4 1.66639E-4 1.48764E-4 1.89833E-4 1.80813E-4 1.74398E-4 2.01691E-4 1.7449E-4 1.93758E-4 3.30394E-4 3.83566E-4
