Candidate_Models_July82022/M_0.5_F_lqp_Set_1_all/Bison.asc
ncols         290
nrows         380
xllcorner     -2197417.7431653
yllcorner     -584827.01486885
cellsize      10000.0
NODATA_value  -9999
[rows 108 to 134 of 380, columns 122 to 182 of 290]
1.22297E-5 1.86645E-5 1.77014E-5 1.40264E-5 1.5895E-5 1.72984E-5 1.63083E-5 9.1925E-6 8.80388E-6 8.55825E-6 1.73647E-5 1.93441E-5 2.0375E-5 1.86515E-5 2.18291E-5 1.74353E-5 1.68719E-5 1.37772E-5 1.5138E-5 1.64224E-5 1.67607E-5 1.96933E-5 1.7048E-5 1.64549E-5 1.36266E-5 1.52148E-5 1.82488E-5 1.40868E-5 9.52287E-6 9.27626E-6 9.82951E-6 9.38404E-6 6.6802E-6 6.73891E-6 7.17489E-6 5.39291E-6 4.79019E-6 4.08756E-6 3.91147E-6 3.78773E-6 4.75562E-6 3.45162E-6 3.70368E-6 3.35168E-6 2.92327E-6 2.98677E-6 3.89929E-6 2.55673E-6 2.23547E-6 2.34777E-6 2.35415E-6 2.45728E-6 2.85793E-6 2.66561E-6 2.38312E-6 2.38167E-6 2.28527E-6 2.27947E-6 2.12253E-6 2.10886E-6 2.05376E-6
2.02309E-5 1.85594E-5 1.17669E-5 1.54808E-5 1.05173E-5 1.0225E-5 1.77165E-5 1.13068E-5 8.85598E-6 8.89544E-6 1.28159E-5 1.91775E-5 2.06578E-5 1.91361E-5 1.88083E-5 1.64161E-5 1.39305E-5 1.49591E-5 1.89559E-5 2.29969E-5 1.66441E-5 2.05294E-5 1.92879E-5 1.42533E-5 7.63198E-6 1.00751E-5 1.72903E-5 2.43215E-5 1.07489E-5 9.40001E-6 9.82805E-6 9.27361E-6 7.68795E-6 5.87612E-6 6.36326E-6 4.31726E-6 5.68511E-6 4.5205E-6 4.80603E-6 4.5236E-6 4.72074E-6 4.56516E-6 4.31711E-6 3.91668E-6 3.73967E-6 3.20663E-6 3.72219E-6 2.5362E-6 2.63427E-6 2.55867E-6 2.53434E-6 2.52992E-6 3.48201E-6 2.7365E-6 2.54319E-6 2.65116E-6 2.55142E-6 2.30537E-6 2.3847E-6 2.15544E-6 2.13386E-6
1.38973E-5 1.35365E-5 1.02662E-5 1.07909E-5 1.56645E-5 1.38668E-5 1.68646E-5 2.42122E-5 1.34204E-5 1.20717E-5 1.50155E-5 1.93949E-5 1.98192E-5 1.64193E-5 1.83072E-5 1.73269E-5 1.50426E-5 1.8194E-5 1.73613E-5 1.85154E-5 1.8879E-5 1.93395E-5 1.78857E-5 8.80722E-6 7.47005E-6 9.84575E-6 1.13572E-5 1.0028E-5 9.63249E-6 8.87344E-6 8.09576E-6 6.14865E-6 6.35119E-6 7.00369E-6 6.40513E-6 6.99386E-6 4.82314E-6 5.03951E-6 4.37722E-6 5.36784E-6 5.38423E-6 4.93846E-6 5.21167E-6 5.5651E-6 3.6541E-6 3.21704E-6 3.85594E-6 4.14224E-6 3.01513E-6 3.05011E-6 2.94446E-6 2.76748E-6 2.43352E-6 2.41323E-6 2.32703E-6 2.46821E-6 2.34728E-6 2.28802E-6 2.23906E-6 2.24891E-6 2.17219E-6
1.21935E-5 2.09342E-5 2.247E-5 1.27363E-5 1.47887E-5 1.99953E-5 1.36627E-5 1.51995E-5 1.92275E-5 2.20433E-5 1.75136E-5 1.90162E-5 1.94395E-5 2.0074E-5 1.67812E-5 1.91639E-5 1.77199E-5 1.82621E-5 1.77983E-5 1.84057E-5 2.06727E-5 1.75511E-5 1.38487E-5 1.53889E-5 9.98807E-6 8.19542E-6 1.06832E-5 8.54479E-6 1.31883E-5 6.22793E-6 7.7754E-6 5.75299E-6 7.15279E-6 1.22281E-5 7.34182E-6 7.34334E-6 6.1455E-6 5.78632E-6 5.95589E-6 4.8262E-6 5.07966E-6 5.29959E-6 4.92114E-6 3.73491E-6 3.38713E-6 3.294E-6 3.6767E-6 3.71795E-6 4.10065E-6 3.33517E-6 3.40037E-6 3.4353E-6 2.99516E-6 2.50618E-6 2.37058E-6 2.58326E-6 3.3109E-6 2.33391E-6 2.26974E-6 2.40286E-6 2.32528E-6
1.16477E-5 1.25144E-5 1.6753E-5 1.79201E-5 2.08195E-5 2.29832E-5 2.67886E-5 1.58819E-5 1.66732E-5 1.61105E-5 2.16729E-5 2.06122E-5 2.02526E-5 2.16356E-5 1.26629E-5 1.74688E-5 2.02055E-5 1.61732E-5 1.38404E-5 1.75874E-5 1.80175E-5 1.6467E-5 2.06998E-5 1.94481E-5 1.77869E-5 1.46552E-5 1.86059E-5 1.03062E-5 7.81424E-6 1.0438E-5 1.2096E-5 9.16223E-6 9.89047E-6 1.29693E-5 9.77759E-6 9.2907E-6 6.81409E-6 5.6295E-6 5.03028E-6 5.01614E-6 5.02242E-6 4.19619E-6 3.67493E-6 3.40126E-6 3.43289E-6 4.1237E-6 3.29651E-6 3.84813E-6 3.97701E-6 2.92885E-6 3.5856E-6 2.92147E-6 2.89206E-6 2.62963E-6 2.40478E-6 2.30149E-6 2.50898E-6 2.34371E-6 2.49458E-6 2.4303E-6 2.4325E-6
1.57376E-5 1.27851E-5 1.77077E-5 2.40904E-5 2.4958E-5 2.74065E-5 1.68173E-5 1.74292E-5 1.40185E-5 1.26827E-5 1.76891E-5 1.98782E-5 1.77197E-5 2.02968E-5 1.75484E-5 1.32802E-5 1.72206E-5 1.2358E-5 1.94799E-5 1.99391E-5 1.95127E-5 2.16135E-5 1.87786E-5 1.86073E-5 1.65889E-5 1.84067E-5 1.95495E-5 1.44912E-5 9.12713E-6 1.13268E-5 1.08455E-5 1.41276E-5 1.47724E-5 1.44201E-5 1.55304E-5 9.81935E-6 5.39639E-6 6.41446E-6 6.27808E-6 5.07842E-6 5.07262E-6 4.15617E-6 4.21321E-6 3.69139E-6 3.36444E-6 3.64959E-6 3.63046E-6 3.68083E-6 3.60215E-6 2.60661E-6 3.41991E-6 3.23182E-6 2.78204E-6 2.71276E-6 2.58361E-6 2.48453E-6 2.42791E-6 2.36416E-6 2.45855E-6 2.41193E-6 2.32441E-6
1.15185E-5 2.54901E-5 2.01356E-5 1.19468E-5 2.1217E-5 2.19464E-5 1.89731E-5 1.23466E-5 1.28792E-5 1.6177E-5 2.22599E-5 1.81491E-5 1.73476E-5 1.82167E-5 2.44415E-5 1.13932E-5 1.50002E-5 2.32719E-5 2.4937E-5 2.29919E-5 1.98212E-5 2.07104E-5 1.81457E-5 2.24896E-5 1.69168E-5 1.9279E-5 2.02498E-5 1.5552E-5 1.01418E-5 7.57992E-6 6.85118E-6 1.3836E-5 1.03828E-5 1.51654E-5 1.15239E-5 8.0903E-6 7.22112E-6 8.44378E-6 9.72066E-6 6.56336E-6 6.36039E-6 6.10547E-6 6.45605E-6 4.43562E-6 4.27492E-6 3.81305E-6 4.07714E-6 4.0188E-6 3.12776E-6 3.12144E-6 3.20767E-6 3.16191E-6 2.82848E-6 2.91489E-6 3.0357E-6 3.02852E-6 2.93616E-6 2.66414E-6 2.59352E-6 2.47544E-6 2.39917E-6
1.3162E-5 1.4859E-5 2.12493E-5 1.50894E-5 1.79087E-5 1.89702E-5 1.96426E-5 1.47468E-5 1.67971E-5 1.39463E-5 2.70305E-5 2.16866E-5 1.779E-5 1.99838E-5 1.91829E-5 1.4949E-5 1.93924E-5 2.15663E-5 1.92166E-5 1.9984E-5 1.94268E-5 1.89222E-5 1.952E-5 2.09227E-5 1.955E-5 1.00447E-5 1.73304E-5 1.75332E-5 1.27761E-5 7.71795E-6 7.07189E-6 1.71914E-5 1.46568E-5 1.74885E-5 7.37246E-6 6.94956E-6 1.16874E-5 1.28839E-5 7.72689E-6 9.38919E-6 1.02579E-5 7.53482E-6 6.32376E-6 5.83758E-6 4.35392E-6 4.70907E-6 5.09976E-6 3.97675E-6 3.56047E-6 4.19998E-6 3.52297E-6 3.31775E-6 3.89142E-6 4.47937E-6 3.95005E-6 3.22005E-6 3.05705E-6 2.68852E-6 2.64665E-6 2.54346E-6 2.40173E-6
9.77308E-6 1.54868E-5 1.30909E-5 1.36229E-5 1.8405E-5 2.51694E-5 1.9039E-5 1.24485E-5 1.99104E-5 2.19679E-5 1.72707E-5 2.00596E-5 1.95859E-5 2.01675E-5 2.0131E-5 1.16101E-5 1.1146E-5 2.14654E-5 2.42153E-5 2.42344E-5 2.23502E-5 2.15787E-5 2.06517E-5 1.80902E-5 1.31042E-5 1.8681E-5 1.00421E-5 1.42945E-5 3.12066E-5 1.36795E-5 7.96994E-6 6.78105E-6 8.00023E-6 1.3233E-5 1.81165E-5 9.84508E-6 9.97267E-6 9.88442E-6 9.2888E-6 9.73602E-6 8.43717E-6 6.34819E-6 6.82099E-6 6.95336E-6 5.38032E-6 5.56689E-6 5.68349E-6 4.06862E-6 6.46914E-6 4.2229E-6 4.45546E-6 5.08143E-6 4.87936E-6 4.58692E-6 3.86337E-6 3.61233E-6 3.2222E-6 2.9487E-6 2.60813E-6 2.64956E-6 2.73858E-6
9.27923E-6 1.16754E-5 1.78117E-5 1.31387E-5 1.25433E-5 2.23289E-5 3.45214E-5 3.26983E-5 3.05724E-5 2.62395E-5 2.13936E-5 2.07957E-5 1.95034E-5 2.05653E-5 2.20825E-5 2.30856E-5 1.1583E-5 1.53937E-5 1.97206E-5 2.36996E-5 2.32551E-5 2.34525E-5 2.16447E-5 2.02328E-5 1.65374E-5 1.84492E-5 2.0774E-5 1.83031E-5 2.20003E-5 1.18848E-5 7.7742E-6 7.13499E-6 8.40098E-6 1.33191E-5 2.2332E-5 1.10177E-5 1.07699E-5 1.14647E-5 1.11869E-5 9.11102E-6 8.52853E-6 6.85577E-6 9.76119E-6 8.04604E-6 6.5805E-6 6.68448E-6 9.95622E-6 7.2179E-6 7.71374E-6 6.70839E-6 6.0943E-6 5.68675E-6 6.33925E-6 4.10242E-6 3.98801E-6 3.52847E-6 3.41529E-6 3.27559E-6 2.75706E-6 3.25392E-6 2.66277E-6
1.23571E-5 8.69959E-6 9.30908E-6 1.07518E-5 1.21357E-5 1.6407E-5 2.40812E-5 2.58058E-5 2.51983E-5 2.16675E-5 2.09775E-5 2.3775E-5 2.20072E-5 1.8953E-5 1.99562E-5 5.1857E-5 1.38976E-5 1.12393E-5 1.06E-5 1.95541E-5 2.42569E-5 2.51832E-5 2.33006E-5 2.75663E-5 2.15262E-5 2.0966E-5 1.711E-5 1.79339E-5 2.18516E-5 1.65834E-5 1.03842E-5 1.52916E-5 1.26046E-5 2.21731E-5 2.08874E-5 1.72528E-5 1.54242E-5 1.542E-5 1.17484E-5 1.1648E-5 8.88093E-6 8.81793E-6 8.99628E-6 1.1805E-5 7.33669E-6 9.80945E-6 1.31742E-5 1.23761E-5 1.30557E-5 7.17803E-6 7.84224E-6 6.54836E-6 6.26813E-6 4.838E-6 4.55907E-6 4.57853E-6 3.96646E-6 3.21561E-6 4.01413E-6 2.8084E-6 2.60713E-6
1.21556E-5 1.0188E-5 1.21053E-5 1.44449E-5 1.16231E-5 1.78864E-5 2.47572E-5 2.51431E-5 2.30691E-5 2.54844E-5 2.3088E-5 2.35255E-5 2.31345E-5 1.68668E-5 1.87975E-5 2.59441E-5 3.09964E-5 1.58925E-5 1.25825E-5 1.53403E-5 2.56667E-5 2.49436E-5 2.67296E-5 2.33008E-5 1.66046E-5 2.24041E-5 2.18635E-5 1.24244E-5 1.13653E-5 9.08226E-6 8.88366E-6 1.07691E-5 1.31139E-5 2.0312E-5 2.05802E-5 1.89734E-5 1.82721E-5 1.04143E-5 1.14716E-5 1.20642E-5 7.87336E-6 8.6015E-6 7.15194E-6 6.47504E-6 6.26072E-6 6.51694E-6 6.6678E-6 7.98631E-6 9.1687E-6 8.70912E-6 1.15736E-5 1.12225E-5 1.02481E-5 1.14628E-5 1.05788E-5 8.3039E-6 3.55674E-6 3.78344E-6 2.77467E-6 2.6458E-6 2.63557E-6
1.62434E-5 1.42708E-5 1.58305E-5 1.58052E-5 1.43866E-5 1.56837E-5 1.52717E-5 2.48079E-5 2.32913E-5 2.44009E-5 2.44418E-5 2.09205E-5 2.41622E-5 1.88975E-5 2.15741E-5 2.37999E-5 1.77415E-5 2.16057E-5 1.574E-5 1.13029E-5 1.69896E-5 2.7978E-5 2.78634E-5 2.06147E-5 2.54007E-5 2.34329E-5 2.23598E-5 1.49966E-5 9.7428E-6 8.40384E-6 1.03423E-5 1.29538E-5 2.1873E-5 2.36949E-5 2.59105E-5 2.14426E-5 2.08159E-5 1.75481E-5 1.30079E-5 9.18112E-6 9.04225E-6 8.69748E-6 1.18421E-5 1.25258E-5 1.21642E-5 1.10469E-5 1.12467E-5 6.09734E-6 5.85481E-6 9.31446E-6 8.35876E-6 1.29845E-5 1.11738E-5 1.43677E-5 9.04892E-6 4.32824E-6 3.34569E-6 2.80209E-6 2.71587E-6 3.0267E-6 2.83904E-6
2.18274E-5 1.27988E-5 1.90306E-5 2.6751E-5 2.0933E-5 1.43051E-5 1.53815E-5 2.45636E-5 2.17682E-5 2.3206E-5 2.48723E-5 2.32172E-5 2.77223E-5 2.49553E-5 2.21602E-5 2.27134E-5 2.12649E-5 2.45111E-5 1.60901E-5 1.29643E-5 1.32302E-5 2.64922E-5 2.88842E-5 1.87933E-5 2.62455E-5 2.71693E-5 2.43523E-5 2.40436E-5 1.79783E-5 1.82809E-5 2.41819E-5 2.15282E-5 2.3975E-5 1.77151E-5 2.12541E-5 2.22949E-5 2.39354E-5 2.54693E-5 1.78081E-5 1.81423E-5 2.44099E-5 1.88062E-5 1.62429E-5 1.40349E-5 2.8558E-5 1.47161E-5 1.97554E-5 1.54076E-5 6.81359E-6 5.63918E-6 5.65441E-6 8.98159E-6 1.50719E-5 5.11434E-6 4.5568E-6 4.09419E-6 3.33212E-6 3.25895E-6 3.14662E-6 3.0634E-6 2.93209E-6
2.45493E-5 2.50406E-5 3.25683E-5 3.55753E-5 2.21762E-5 2.06205E-5 2.53659E-5 2.77501E-5 2.60507E-5 2.44158E-5 1.7983E-5 1.78701E-5 2.73885E-5 3.75895E-5 2.58888E-5 2.81566E-5 2.28736E-5 2.51589E-5 1.92248E-5 1.46069E-5 1.58141E-5 1.58414E-5 1.54616E-5 2.03889E-5 3.14118E-5 3.44069E-5 2.4327E-5 2.61745E-5 2.28982E-5 2.46519E-5 2.68273E-5 2.51425E-5 2.25228E-5 1.9518E-5 2.46181E-5 2.43734E-5 2.6665E-5 8.76148E-6 1.6878E-5 1.03752E-5 9.26442E-6 7.80432E-6 7.06829E-6 6.9579E-6 6.2994E-6 6.13883E-6 8.21316E-6 1.4501E-5 1.54225E-5 1.22292E-5 7.20933E-6 1.11282E-5 1.21326E-5 5.30506E-6 4.036E-6 3.7806E-6 3.9567E-6 3.92487E-6 3.14572E-6 3.20482E-6 3.14872E-6
3.89501E-5 4.45414E-5 3.30302E-5 4.17854E-5 2.16115E-5 2.1699E-5 2.33322E-5 2.67646E-5 2.67427E-5 2.60888E-5 2.1971E-5 2.35528E-5 2.63323E-5 2.67899E-5 2.49524E-5 2.68685E-5 3.02386E-5 2.97661E-5 3.43229E-5 1.79284E-5 1.77314E-5 1.86019E-5 1.87319E-5 1.75939E-5 2.52768E-5 3.58039E-5 2.92511E-5 2.59488E-5 2.26594E-5 2.09875E-5 2.14175E-5 2.2852E-5 2.0232E-5 2.5486E-5 2.6045E-5 2.62255E-5 2.36292E-5 1.41649E-5 1.02544E-5 1.05995E-5 9.04745E-6 8.84748E-6 1.05655E-5 1.02269E-5 1.25607E-5 9.03865E-6 1.71758E-5 1.52755E-5 1.03818E-5 1.25385E-5 1.88027E-5 1.49455E-5 1.2414E-5 8.18528E-6 5.50389E-6 4.47107E-6 4.82327E-6 4.26157E-6 3.37215E-6 3.46474E-6 3.21965E-6
4.8471E-5 3.59884E-5 2.81581E-5 2.52449E-5 2.43547E-5 2.06397E-5 1.91607E-5 2.73596E-5 2.53794E-5 2.51908E-5 2.56123E-5 2.42502E-5 2.34938E-5 2.7818E-5 2.50829E-5 3.07455E-5 3.02768E-5 2.82049E-5 4.04761E-5 2.32035E-5 2.07135E-5 2.16087E-5 2.18625E-5 2.06771E-5 1.81518E-5 3.17907E-5 3.2057E-5 3.03564E-5 2.65408E-5 2.07334E-5 2.78557E-5 2.14951E-5 2.1937E-5 2.60354E-5 2.74194E-5 1.85024E-5 1.42774E-5 1.09456E-5 1.28007E-5 1.34183E-5 1.39265E-5 1.18002E-5 1.08619E-5 9.72206E-6 1.15073E-5 1.51113E-5 1.35507E-5 1.39393E-5 1.0273E-5 6.67913E-6 1.15994E-5 1.48063E-5 2.07557E-5 2.03902E-5 1.32297E-5 1.0775E-5 4.36632E-6 3.90095E-6 4.3083E-6 3.52478E-6 3.1174E-6
3.55805E-5 3.03047E-5 2.61845E-5 2.88787E-5 2.66845E-5 2.87347E-5 2.89044E-5 2.69488E-5 2.81645E-5 2.79007E-5 2.71571E-5 2.21034E-5 2.52448E-5 2.63791E-5 3.19736E-5 2.43479E-5 4.23095E-5 3.39193E-5 3.76669E-5 4.19425E-5 2.30912E-5 2.25807E-5 2.27694E-5 2.11569E-5 1.9157E-5 2.16189E-5 3.37837E-5 3.24666E-5 2.69124E-5 2.8201E-5 2.53755E-5 2.28868E-5 2.17649E-5 2.37644E-5 1.6696E-5 1.19006E-5 1.9042E-5 1.12136E-5 1.18166E-5 1.74302E-5 -9999 1.86455E-5 1.74862E-5 1.47269E-5 1.67207E-5 1.71191E-5 2.26168E-5 1.57852E-5 1.24508E-5 7.90649E-6 1.58053E-5 1.97654E-5 2.07923E-5 1.98707E-5 9.78541E-6 1.02329E-5 6.1765E-6 4.38973E-6 3.7293E-6 3.5805E-6 3.31175E-6
1.59878E-5 2.52398E-5 3.94613E-5 3.55082E-5 2.75778E-5 2.92469E-5 2.85721E-5 2.57638E-5 2.83026E-5 2.86119E-5 2.73038E-5 2.47725E-5 2.74816E-5 2.81749E-5 5.18196E-5 2.72949E-5 2.98923E-5 4.05847E-5 4.32729E-5 4.94802E-5 3.11659E-5 2.49992E-5 2.33881E-5 2.35491E-5 2.04608E-5 1.78867E-5 2.51433E-5 2.67836E-5 2.56086E-5 2.39798E-5 2.55828E-5 2.29021E-5 1.97086E-5 1.50494E-5 1.41393E-5 1.27197E-5 1.45535E-5 1.33942E-5 1.94215E-5 1.51256E-5 -9999 2.04122E-5 2.11044E-4 1.82874E-5 1.3505E-5 1.57566E-5 1.62952E-5 1.78619E-5 1.24011E-5 1.94948E-5 1.67223E-5 1.59852E-5 3.69588E-5 1.49249E-5 1.65855E-5 9.32718E-6 6.32224E-6 5.07325E-6 4.39478E-6 4.07709E-6 3.38097E-6
1.96494E-5 2.34521E-5 3.04759E-5 3.22203E-5 3.0767E-5 2.96295E-5 3.19304E-5 2.92155E-5 2.6943E-5 2.51556E-5 2.39148E-5 2.19351E-5 2.70956E-5 2.95279E-5 3.51413E-5 3.30202E-5 2.85614E-5 3.7293E-5 4.40775E-5 4.02034E-5 2.58131E-5 2.54268E-5 2.42839E-5 2.44902E-5 2.12028E-5 1.95751E-5 1.70032E-5 1.94204E-5 1.84722E-5 1.39981E-5 1.79473E-5 2.51665E-5 2.15139E-5 1.5282E-5 1.51125E-5 2.18565E-5 1.70057E-5 1.34388E-5 1.37636E-5 1.87293E-5 2.52271E-5 2.22416E-5 1.87312E-5 1.89921E-5 1.61784E-5 9.38134E-6 1.46791E-5 8.92219E-6 1.51924E-5 1.44911E-5 9.99415E-6 1.26186E-5 1.69135E-5 1.69292E-5 7.08925E-6 6.40996E-6 6.7816E-6 4.25971E-6 4.35582E-6 4.35417E-6 4.05304E-6
3.18632E-5 2.95458E-5 2.70218E-5 2.9981E-5 3.02846E-5 2.71016E-5 3.01642E-5 2.95865E-5 2.53916E-5 2.76075E-5 2.68564E-5 3.00985E-5 2.79551E-5 3.13036E-5 2.76563E-5 1.86104E-5 1.98379E-5 2.19656E-5 2.49049E-5 2.4755E-5 2.68885E-5 2.61183E-5 2.48221E-5 2.46613E-5 2.33117E-5 2.12623E-5 1.9624E-5 1.8035E-5 1.71255E-5 1.5685E-5 1.86947E-5 1.72228E-5 1.63136E-5 1.70096E-5 1.76532E-5 1.31678E-5 1.64474E-5 2.39096E-5 2.12028E-5 1.96927E-5 1.56144E-5 2.78322E-5 2.77982E-5 1.68038E-5 1.7229E-5 1.36824E-5 1.03855E-5 8.59816E-6 1.03445E-5 1.5125E-5 7.14981E-6 8.28499E-6 6.80734E-6 4.44662E-6 4.76742E-6 5.62094E-6 6.2002E-6 5.61785E-6 4.65268E-6 4.09285E-6 4.29002E-6
4.66302E-5 4.30949E-5 2.91246E-5 2.59914E-5 3.27102E-5 2.93931E-5 2.98866E-5 3.28035E-5 2.98036E-5 3.00424E-5 2.8101E-5 2.28888E-5 2.97569E-5 3.36166E-5 2.0246E-5 2.18575E-5 2.34134E-5 2.47453E-5 2.69898E-5 2.65953E-5 2.69061E-5 2.6941E-5 2.69113E-5 2.52056E-5 2.52835E-5 2.35525E-5 2.27712E-5 2.07319E-5 2.30453E-5 2.90448E-5 2.99104E-5 2.63802E-5 1.59768E-5 1.47577E-5 1.30674E-5 2.00514E-5 2.20012E-5 2.34229E-5 2.3095E-5 1.94527E-5 2.39456E-5 1.8921E-5 1.58744E-5 2.04314E-5 2.09015E-5 1.95116E-5 8.59035E-6 7.42296E-6 8.516E-6 1.60068E-5 4.66967E-6 5.12532E-6 4.54063E-6 4.30947E-6 4.36693E-6 4.54351E-6 5.04371E-6 4.89618E-6 5.72779E-6 5.72803E-6 4.35355E-6
4.61254E-5 3.11509E-5 2.9942E-5 2.64935E-5 3.28166E-5 3.2265E-5 3.04225E-5 2.80615E-5 2.41627E-5 3.25623E-5 3.08508E-5 3.25259E-5 2.88387E-5 2.78943E-5 2.21664E-5 2.49993E-5 2.63761E-5 2.7425E-5 2.7118E-5 2.77499E-5 2.79332E-5 2.83035E-5 2.77135E-5 2.75806E-5 2.74571E-5 2.73118E-5 2.48658E-5 2.42485E-5 2.33522E-5 3.19561E-5 3.81842E-5 2.27822E-5 1.71019E-5 1.3848E-5 1.87786E-5 2.39584E-5 2.1409E-5 2.38797E-5 2.06894E-5 2.22759E-5 2.03235E-5 2.03933E-5 2.04435E-5 2.0742E-5 1.5624E-5 1.9712E-5 1.22036E-5 1.14822E-5 1.37962E-5 7.6E-6 4.80068E-6 4.94184E-6 4.44634E-6 4.29923E-6 5.43565E-6 6.13326E-6 7.19223E-6 8.0716E-6 7.49251E-6 8.56222E-6 6.48792E-6
3.23039E-5 3.08163E-5 3.04033E-5 3.17472E-5 2.53549E-5 3.53329E-5 2.88205E-5 2.13668E-5 1.63586E-5 1.88494E-5 2.42486E-5 4.76589E-5 3.22186E-5 2.30651E-5 2.56557E-5 2.73218E-5 2.77245E-5 2.7787E-5 2.78233E-5 2.87463E-5 2.81533E-5 2.86656E-5 2.82109E-5 2.92389E-5 2.99139E-5 2.78978E-5 2.75321E-5 2.47438E-5 2.27809E-5 2.63523E-5 3.32253E-5 2.83874E-5 2.05644E-5 3.7191E-5 2.71814E-5 2.10416E-5 1.75124E-5 1.98092E-5 2.16219E-5 2.06604E-5 2.12134E-5 2.08903E-5 2.10969E-5 2.19328E-5 3.27174E-5 1.76105E-5 1.40172E-5 3.01568E-5 -9999 8.12106E-6 5.59216E-6 5.45736E-6 5.23424E-6 5.54449E-6 7.01072E-6 9.6579E-6 1.07791E-5 1.27952E-5 1.03485E-5 5.85577E-6 6.19664E-6
2.33379E-5 2.59355E-5 3.02963E-5 3.14123E-5 2.78605E-5 1.89072E-5 1.87834E-5 3.0104E-5 2.02995E-5 1.87368E-5 2.02633E-5 3.31427E-5 2.76388E-5 2.63211E-5 2.85115E-5 2.80315E-5 2.82311E-5 2.86272E-5 2.84082E-5 2.86406E-5 3.05615E-5 3.09637E-5 3.10679E-5 3.1679E-5 3.168E-5 2.94991E-5 3.62106E-5 2.99432E-5 2.29275E-5 1.97941E-5 2.11456E-5 2.40616E-5 1.75206E-5 2.19877E-5 2.02101E-5 2.08726E-5 2.10252E-5 2.09107E-5 1.8766E-5 1.62805E-5 1.72509E-5 2.46618E-5 2.07073E-5 1.38746E-5 1.57316E-5 1.11591E-5 1.29132E-5 1.23564E-5 1.41228E-5 1.56551E-5 1.06327E-5 7.77152E-6 8.28437E-6 1.5336E-5 1.45669E-5 2.37648E-5 1.64904E-5 1.21957E-5 9.88337E-6 6.43298E-6 7.2601E-6
3.08292E-5 1.68669E-5 2.07585E-5 3.15878E-5 3.13148E-5 2.99537E-5 2.06978E-5 1.99861E-5 2.3128E-5 2.07319E-5 2.27834E-5 2.497E-5 2.80848E-5 2.86245E-5 3.04178E-5 3.09068E-5 3.07782E-5 3.15772E-5 3.1048E-5 3.17556E-5 3.15258E-5 3.20399E-5 3.23594E-5 3.19189E-5 3.65779E-5 5.86838E-5 6.23363E-5 5.54985E-5 2.95975E-5 3.37684E-5 5.40781E-5 3.84557E-5 3.51217E-5 2.45673E-5 1.9688E-5 2.60216E-5 2.41655E-5 2.59498E-5 2.17781E-5 1.73153E-5 1.78249E-5 2.2909E-5 2.03075E-5 1.27676E-5 1.93107E-5 1.45696E-5 9.26624E-6 1.11626E-5 1.7171E-5 1.45686E-5 1.07382E-5 1.77002E-5 1.71109E-5 1.08406E-5 1.59737E-5 1.29402E-5 1.40415E-5 1.10985E-5 7.41079E-6 4.88492E-6 4.36754E-6
3.0173E-5 2.71857E-5 2.08176E-5 2.60425E-5 3.19469E-5 3.31778E-5 3.21274E-5 3.26646E-5 2.50395E-5 2.32785E-5 2.60259E-5 2.86226E-5 3.07954E-5 3.12849E-5 3.106E-5 3.17046E-5 3.10036E-5 3.16024E-5 3.17933E-5 3.17805E-5 3.23982E-5 3.21675E-5 3.28027E-5 4.0812E-5 7.76643E-5 5.78527E-5 5.78108E-5 5.00247E-5 5.18529E-5 5.17689E-5 5.42979E-5 3.65162E-5 3.45985E-5 3.1636E-5 2.25519E-5 2.5169E-5 2.49771E-5 2.38808E-5 2.54835E-5 1.95086E-5 2.32741E-5 1.8783E-5 1.63289E-5 2.05901E-5 2.07564E-5 1.6561E-5 1.8277E-5 1.00804E-5 1.79367E-5 1.00674E-5 6.7361E-6 8.5641E-6 9.30373E-6 1.03178E-5 1.06396E-5 1.3898E-5 1.4032E-5 1.00101E-5 9.58987E-6 4.47536E-6 3.54654E-6
