Candidate_Models_July82022/M_0.5_F_lqp_Set_1_all/Bison.asc
ncols         290
nrows         380
xllcorner     -2197417.7431653
yllcorner     -584827.01486885
cellsize      10000.0
NODATA_value  -9999
[rows 108 to 134 of 380, columns 0 to 60 of 290]
-9999 -9999 -9999 -9999 -9999 -9999 -9999 -9999 -9999 3.5407E-7 9.97121E-7 4.43154E-6 4.30609E-7 4.9991E-7 2.56081E-6 4.4499E-6 3.47748E-6 1.08893E-6 1.13928E-5 5.97525E-6 5.97272E-6 1.97182E-5 1.53912E-5 2.38848E-5 1.80905E-5 1.19225E-5 1.69211E-5 1.72698E-5 3.60906E-5 2.43266E-5 2.2846E-5 4.93936E-5 5.65403E-5 5.66532E-5 1.5943E-5 3.58869E-5 5.81447E-5 5.05876E-5 4.10501E-5 5.03121E-5 3.03291E-5 1.88756E-5 2.77618E-5 8.28228E-6 1.80446E-5 3.59296E-5 1.48638E-5 2.39684E-5 1.89197E-5 2.27155E-5 2.16226E-5 1.74771E-5 1.28252E-5 1.2705E-5 1.89277E-5 2.26665E-5 2.04677E-5 1.19293E-5 1.27199E-5 2.18371E-5 1.17337E-5
-9999 -9999 -9999 -9999 -9999 -9999 -9999 -9999 -9999 -9999 3.3046E-6 2.53323E-6 1.09956E-6 2.25378E-7 1.73095E-7 2.71563E-6 1.73824E-6 9.9663E-7 1.23585E-7 1.65117E-6 3.24163E-6 2.18024E-5 1.43253E-5 8.0697E-6 2.41279E-5 2.41868E-5 2.35998E-5 3.54203E-5 9.21982E-6 1.56237E-5 1.00413E-5 7.72775E-5 6.55986E-5 5.90265E-5 3.88716E-5 5.5815E-5 5.70667E-5 5.33587E-5 4.7387E-5 4.23411E-5 2.86186E-5 2.51143E-5 2.52009E-5 1.47266E-5 6.40289E-6 2.63412E-5 1.15046E-5 8.66579E-6 1.47498E-5 2.21028E-5 1.92746E-5 1.57283E-5 1.67352E-5 1.97281E-5 1.94854E-5 2.00453E-5 2.37405E-5 1.28958E-5 2.39325E-5 2.57022E-5 1.4817E-5
-9999 -9999 -9999 -9999 -9999 -9999 -9999 -9999 -9999 -9999 4.0845E-7 4.61599E-6 5.51773E-6 6.20961E-7 5.43214E-6 5.94986E-6 2.68637E-6 9.25442E-6 1.49153E-6 1.06714E-6 1.00189E-5 2.13986E-5 1.50933E-5 6.16064E-6 7.51472E-6 2.31227E-5 2.00584E-5 1.16027E-5 8.04154E-6 6.67753E-6 8.05654E-6 3.38392E-5 5.90069E-5 4.30165E-5 5.55123E-5 5.2599E-5 4.55743E-5 5.58137E-5 5.26044E-5 5.47177E-5 3.18393E-5 1.87679E-5 3.10169E-5 1.79233E-5 5.41427E-6 2.48336E-5 2.23639E-5 7.88248E-6 1.61279E-5 2.13589E-5 1.94451E-5 1.67651E-5 1.74173E-5 1.2011E-5 1.37694E-5 1.95108E-5 2.34614E-5 2.19711E-5 2.14385E-5 3.93569E-5 1.90337E-5
-9999 -9999 -9999 -9999 -9999 -9999 -9999 -9999 -9999 -9999 4.21133E-6 1.34605E-5 5.13075E-6 1.60682E-6 3.73788E-6 3.30414E-5 2.01655E-5 1.5867E-5 7.31187E-6 3.24778E-6 7.30613E-6 3.67481E-6 1.90267E-5 1.2795E-5 7.3179E-6 1.30002E-5 3.23101E-5 9.44064E-6 8.76977E-6 5.76165E-6 5.80118E-6 1.24851E-5 6.66492E-5 3.85097E-5 4.69744E-5 5.13972E-5 3.66331E-5 5.25054E-5 5.81469E-5 3.44088E-5 2.90422E-5 1.92818E-5 3.83823E-5 2.47345E-5 7.12592E-6 2.31056E-5 1.74824E-5 1.57275E-5 3.18185E-5 1.75064E-5 1.79856E-5 1.989E-5 1.18771E-5 1.81545E-5 1.666E-5 2.07393E-5 1.77751E-5 2.28961E-5 1.515E-5 1.62313E-5 1.61121E-5
-9999 -9999 -9999 -9999 -9999 -9999 -9999 -9999 -9999 -9999 -9999 5.02076E-7 3.179E-6 1.01127E-7 8.27692E-6 2.298E-5 2.31046E-5 1.76599E-5 1.8608E-5 1.0823E-5 8.30921E-6 3.97611E-6 8.21819E-6 1.07268E-5 3.02261E-6 1.41706E-5 6.62866E-6 2.19313E-5 1.20474E-5 4.39559E-6 8.35181E-6 4.5468E-6 7.77499E-6 4.81018E-5 4.02331E-5 4.98149E-5 4.35921E-5 5.31295E-5 5.29786E-5 4.70602E-5 2.78289E-5 3.16045E-5 4.02681E-5 1.33366E-5 3.08333E-5 2.22902E-5 1.56738E-5 2.60505E-5 6.90901E-6 1.32124E-5 1.81544E-5 1.99136E-5 1.05834E-5 1.41689E-5 1.65085E-5 1.74634E-5 2.61274E-5 4.09362E-5 2.04454E-5 1.58068E-5 1.31487E-5
-9999 -9999 -9999 -9999 -9999 -9999 -9999 -9999 -9999 -9999 -9999 1.82154E-8 1.2625E-6 5.61117E-8 2.04294E-5 4.0228E-5 2.49721E-5 2.53721E-5 1.85573E-5 1.27286E-5 1.04725E-5 1.17424E-5 1.44945E-6 4.31192E-6 1.9817E-5 2.45492E-5 2.69711E-5 9.63986E-6 8.45695E-6 9.42285E-6 1.23755E-5 8.85399E-6 1.10696E-5 2.00009E-5 4.5466E-5 4.77369E-5 3.87345E-5 3.7911E-5 3.8387E-5 4.29831E-5 2.49474E-5 3.96197E-5 2.95217E-5 2.17494E-5 2.76104E-5 2.70602E-5 2.48813E-5 1.57895E-5 1.26143E-5 1.36056E-5 1.65778E-5 1.33358E-5 1.43329E-5 1.56742E-5 1.73813E-5 1.55596E-5 1.55904E-5 2.272E-5 1.84794E-5 1.47947E-5 1.30289E-5
-9999 -9999 -9999 -9999 -9999 -9999 -9999 -9999 -9999 -9999 3.00603E-6 2.74484E-7 1.16925E-7 1.23659E-7 3.34298E-6 0E0 1.78387E-5 3.22034E-5 2.31433E-5 1.65612E-5 8.47604E-6 2.30345E-5 1.52516E-5 6.50691E-6 1.64574E-5 3.67232E-6 5.52617E-6 2.25912E-6 1.33227E-5 8.81821E-6 5.33074E-6 1.07277E-6 2.10841E-5 1.2668E-5 4.02764E-5 5.51568E-5 5.31777E-5 2.86504E-5 4.20451E-5 3.90832E-5 2.68994E-5 2.32607E-5 3.17987E-5 3.4285E-5 3.32742E-5 1.58589E-5 1.43583E-5 9.99406E-6 1.76277E-5 1.28663E-5 9.1608E-6 2.01733E-5 2.14835E-5 1.64766E-5 1.50787E-5 1.61817E-5 1.10922E-5 2.02487E-5 1.55488E-5 1.0871E-5 1.08655E-5
-9999 -9999 -9999 -9999 -9999 -9999 -9999 -9999 -9999 -9999 -9999 5.91053E-8 0E0 0E0 1.81816E-6 4.10771E-5 2.45215E-5 3.38817E-5 2.59137E-5 2.20745E-5 1.65108E-5 9.15865E-6 8.28518E-6 1.21004E-6 1.01523E-5 3.78466E-6 -9999 2.84708E-6 1.53289E-5 1.32075E-5 8.19337E-7 9.88488E-6 4.34411E-5 4.72909E-5 3.94843E-5 4.60351E-5 3.93744E-5 3.14241E-5 2.36979E-5 2.94216E-5 2.25935E-5 2.43261E-5 2.55751E-5 3.26188E-5 3.10735E-5 1.90812E-5 1.48864E-5 1.13081E-5 1.51414E-5 8.58519E-6 1.10251E-5 2.31772E-5 1.64631E-5 1.39338E-5 1.75701E-5 2.02639E-5 1.39532E-5 1.36632E-5 1.61644E-5 1.06746E-5 9.76078E-6
-9999 -9999 -9999 -9999 -9999 -9999 -9999 -9999 -9999 -9999 -9999 1.36469E-8 2.77386E-6 1.74898E-7 2.0737E-5 2.964E-6 1.12871E-5 2.54115E-5 2.95198E-5 2.13027E-5 1.9919E-5 2.86223E-5 4.63748E-6 7.25129E-7 4.68729E-6 -9999 1.04189E-5 2.78349E-5 1.55747E-5 1.43469E-5 9.70158E-6 1.93574E-5 2.63843E-5 2.80436E-5 3.23344E-5 4.22243E-5 3.23004E-5 3.42507E-5 2.47203E-5 2.48269E-5 2.71108E-5 2.60706E-5 2.47333E-5 1.02663E-5 2.40186E-5 1.57066E-5 1.33858E-5 1.69716E-5 1.13051E-5 1.05315E-5 1.12216E-5 1.53826E-5 1.45087E-5 1.56556E-5 1.79798E-5 1.86739E-5 1.33177E-5 1.34719E-5 1.40804E-5 1.13057E-5 9.52575E-6
-9999 -9999 -9999 -9999 -9999 -9999 -9999 -9999 -9999 -9999 -9999 2.04902E-8 3.26919E-6 0E0 0E0 9.52797E-6 6.68831E-6 -9999 2.89076E-5 2.35623E-5 -9999 2.82332E-5 1.8077E-5 3.06922E-6 1.28503E-5 -9999 4.09802E-6 5.48211E-6 2.84588E-5 1.55136E-5 5.02714E-6 2.90282E-5 2.44712E-5 3.62344E-6 6.59248E-6 4.22135E-5 3.40942E-5 3.56172E-5 3.33538E-5 3.43324E-5 1.89504E-5 2.44966E-5 2.76496E-5 2.51743E-5 2.84027E-5 2.40036E-5 1.95717E-5 1.07756E-5 1.7214E-5 1.29573E-5 1.02317E-5 1.13786E-5 1.39401E-5 1.42853E-5 1.60786E-5 1.49844E-5 1.1569E-5 1.63134E-5 1.50957E-5 1.20908E-5 9.72254E-6
-9999 -9999 -9999 -9999 -9999 -9999 -9999 -9999 -9999 -9999 -9999 4.0975E-7 0E0 0E0 0E0 2.79801E-6 2.22068E-5 -9999 1.857E-5 4.85414E-6 1.35305E-5 1.22573E-5 1.50972E-5 1.06309E-5 -9999 -9999 8.96654E-6 2.20005E-5 2.82469E-5 1.13198E-5 9.02899E-6 8.11289E-6 2.04518E-6 4.60506E-6 1.41412E-5 3.45102E-5 2.89859E-5 2.54103E-5 2.18295E-5 3.06776E-5 2.83586E-5 2.37501E-5 1.85238E-5 2.09565E-5 3.15148E-5 2.69891E-5 2.41588E-5 2.20088E-5 9.03775E-6 1.20074E-5 1.79531E-5 1.89857E-5 1.68002E-5 2.09329E-5 1.55973E-5 1.64461E-5 2.21879E-5 1.75044E-5 1.53215E-5 1.21441E-5 1.09258E-5
-9999 -9999 -9999 -9999 -9999 -9999 -9999 -9999 -9999 -9999 -9999 -9999 2.00598E-8 5.32255E-7 3.64695E-6 7.85394E-7 1.36004E-5 -9999 -9999 -9999 6.12844E-6 -9999 1.13615E-5 2.80878E-6 -9999 1.99421E-6 2.3288E-5 3.39832E-5 1.80182E-5 1.36838E-5 6.04621E-6 1.40275E-6 2.04016E-6 4.48557E-6 5.57988E-6 3.05808E-5 3.20214E-5 3.4947E-5 3.49508E-5 2.76763E-5 2.80116E-5 1.56731E-5 1.13096E-5 3.16772E-5 3.45989E-5 1.8573E-5 3.32194E-5 5.22529E-5 1.77042E-5 8.37851E-6 1.54389E-5 1.45525E-5 1.80535E-5 2.18929E-5 2.3509E-5 1.57199E-5 2.04009E-5 1.9599E-5 1.4852E-5 1.31857E-5 1.18617E-5
-9999 -9999 -9999 -9999 -9999 -9999 -9999 -9999 -9999 -9999 -9999 -9999 3.09318E-7 6.47995E-6 1.03455E-5 4.59204E-6 -9999 5.30775E-6 -9999 -9999 1.7304E-5 1.91978E-6 6.68771E-6 8.0937E-7 -9999 8.35697E-7 6.9539E-6 2.63522E-5 1.57548E-5 2.13137E-6 1.17363E-6 7.2668E-8 8.16084E-6 1.96399E-5 1.99601E-5 1.55833E-5 3.29944E-5 4.03541E-5 4.47686E-5 2.97267E-5 1.38827E-5 1.86078E-5 2.535E-5 3.38874E-5 2.88084E-5 2.54699E-5 1.6895E-5 6.82596E-5 6.70779E-5 2.51844E-5 1.06288E-5 1.51315E-5 2.08158E-5 1.78369E-5 2.77675E-5 2.81225E-5 1.76672E-5 2.1395E-5 1.81223E-5 1.62279E-5 1.33858E-5
-9999 -9999 -9999 -9999 -9999 -9999 -9999 -9999 -9999 -9999 -9999 -9999 -9999 3.05716E-7 9.65121E-6 8.03002E-6 1.28799E-6 2.94585E-6 -9999 5.13535E-6 4.68507E-6 3.38256E-6 1.62407E-7 8.55076E-7 -9999 3.19896E-6 2.9576E-6 1.0201E-5 4.75384E-6 7.51285E-8 5.80586E-7 8.01787E-8 7.6528E-6 1.06627E-7 1.1897E-6 1.13002E-5 2.66896E-5 5.1126E-5 3.19028E-5 2.65068E-5 1.88241E-5 1.50997E-5 3.23049E-5 3.49079E-5 2.79798E-5 2.47788E-5 2.25322E-5 6.99668E-5 7.13169E-5 1.94781E-5 1.90078E-5 9.80461E-6 1.87587E-5 3.13711E-5 2.9385E-5 2.02761E-5 2.56428E-5 2.11521E-5 1.80805E-5 1.57525E-5 1.42156E-5
-9999 -9999 -9999 -9999 -9999 -9999 -9999 -9999 -9999 -9999 -9999 -9999 -9999 5.21518E-7 2.07126E-6 1.83073E-6 3.69572E-7 1.79299E-6 -9999 2.82328E-6 1.89094E-6 1.03312E-6 2.83082E-6 -9999 9.07184E-6 9.67862E-7 4.35059E-7 2.70746E-6 9.81844E-7 8.56771E-9 1.57365E-7 9.25728E-7 7.77805E-7 2.63202E-6 6.34311E-6 1.54774E-5 3.94065E-5 4.39358E-5 4.2909E-5 3.11812E-5 2.04741E-5 2.00358E-5 3.44669E-5 3.43546E-5 2.77584E-5 1.43476E-5 1.94587E-5 2.96882E-5 2.49904E-5 3.36772E-5 2.77366E-5 5.15813E-5 2.28353E-5 2.64905E-5 2.22321E-5 2.63439E-5 1.59768E-5 1.95147E-5 1.89329E-5 1.73911E-5 1.65625E-5
-9999 -9999 -9999 -9999 -9999 -9999 -9999 -9999 -9999 -9999 -9999 -9999 -9999 5.87652E-7 -9999 -9999 1.05176E-6 -9999 -9999 1.83842E-6 1.08462E-7 2.79456E-6 1.49529E-6 -9999 -9999 3.92371E-8 6.86861E-7 2.04289E-6 6.25169E-8 4.33551E-9 3.08486E-8 8.59373E-7 1.47057E-6 7.88937E-6 3.56609E-6 3.32894E-5 2.66294E-5 5.10023E-5 4.54505E-5 2.99334E-5 1.47332E-5 2.27764E-5 3.48547E-5 3.23333E-5 2.43476E-5 2.11192E-5 2.0825E-5 1.38101E-5 1.92069E-5 1.87349E-5 1.97966E-5 3.78861E-5 3.21267E-5 4.07066E-5 2.94803E-5 2.19218E-5 2.38968E-5 1.89681E-5 1.61702E-5 1.62492E-5 1.63407E-5
-9999 -9999 -9999 -9999 -9999 -9999 -9999 -9999 -9999 -9999 -9999 -9999 -9999 -9999 -9999 -9999 4.35536E-6 -9999 -9999 8.36928E-6 -9999 2.74727E-6 2.42846E-6 -9999 6.39908E-7 1.04748E-7 1.32426E-6 3.2216E-7 1.15267E-8 5.73962E-9 9.85024E-7 5.34151E-6 5.85126E-6 7.57114E-7 1.56578E-5 2.40293E-5 4.03301E-5 3.5178E-5 3.437E-5 1.59623E-5 2.07101E-5 3.02654E-5 3.42737E-5 3.48629E-5 1.76279E-5 1.4679E-5 1.95834E-5 1.26574E-5 1.81477E-5 1.43889E-5 2.24393E-5 2.49784E-5 1.73405E-5 1.57063E-5 1.91756E-5 1.64299E-5 1.98812E-5 1.23917E-5 1.40194E-5 1.63402E-5 1.79928E-5
-9999 -9999 -9999 -9999 -9999 -9999 -9999 -9999 -9999 -9999 -9999 -9999 -9999 0E0 -9999 1.30995E-7 -9999 -9999 -9999 1.31186E-5 -9999 4.94054E-6 -9999 -9999 1.16867E-6 2.50555E-8 2.21108E-7 3.96809E-7 8.04208E-8 3.67487E-8 5.49464E-6 5.6165E-6 8.41932E-6 2.14661E-6 2.25718E-5 1.03724E-5 3.52E-5 4.18096E-5 3.95052E-5 2.29788E-5 2.77574E-5 1.55013E-5 3.14505E-5 2.78944E-5 2.24125E-5 2.27899E-5 1.41292E-5 1.85189E-5 2.43134E-5 2.1246E-5 2.80789E-5 2.643E-5 3.42153E-5 2.59133E-5 1.39854E-5 1.46224E-5 1.68856E-5 1.62031E-5 1.83673E-5 1.90847E-5 1.82705E-5
-9999 -9999 -9999 -9999 -9999 -9999 -9999 -9999 -9999 -9999 -9999 -9999 3.41409E-6 3.9148E-8 4.45989E-10 4.74957E-9 7.30187E-8 2.23038E-7 -9999 -9999 2.19007E-6 8.69488E-7 -9999 -9999 4.12504E-7 9.21764E-7 3.9539E-7 1.05148E-6 7.1113E-7 5.43739E-7 1.71675E-7 4.89366E-6 5.34248E-6 4.28857E-5 2.8133E-5 1.37765E-5 1.42602E-5 4.72347E-5 4.0565E-5 2.37221E-5 1.60337E-5 1.63451E-5 2.33854E-5 2.13032E-5 2.12459E-5 2.21998E-5 2.65014E-5 1.50757E-5 2.09706E-5 2.39298E-5 2.58171E-5 2.86407E-5 2.94637E-5 2.29743E-5 1.90209E-5 1.54272E-5 1.13991E-5 1.47789E-5 1.90961E-5 1.95331E-5 1.88511E-5
-9999 -9999 -9999 -9999 -9999 -9999 -9999 -9999 -9999 -9999 -9999 -9999 2.96346E-6 3.84809E-10 2.80707E-9 2.40144E-7 1.97094E-7 5.81198E-7 2.07294E-6 -9999 -9999 -9999 -9999 -9999 -9999 3.39598E-7 3.1953E-6 3.93251E-6 6.10507E-7 3.65877E-6 1.69835E-8 2.42871E-5 7.1163E-6 5.32457E-7 1.59565E-5 1.0176E-5 2.29739E-6 1.86407E-5 2.48588E-5 1.64583E-5 1.84426E-5 1.85136E-5 2.0854E-5 1.88683E-5 1.48636E-5 2.57029E-5 2.4345E-5 2.20473E-5 2.40144E-5 3.17265E-5 2.42776E-5 3.22246E-5 3.13784E-5 8.3877E-6 1.78795E-5 1.05533E-5 1.12704E-5 9.49341E-6 2.28101E-5 2.17059E-5 1.89133E-5
-9999 -9999 -9999 -9999 -9999 -9999 -9999 -9999 -9999 -9999 -9999 -9999 -9999 4.82385E-8 4.72442E-8 2.19012E-9 6.27744E-7 -9999 2.7715E-6 -9999 -9999 -9999 8.99422E-7 -9999 1.08642E-7 2.37834E-7 8.25576E-6 4.32592E-6 -9999 3.69066E-7 1.57934E-6 2.54779E-8 8.17877E-7 4.90426E-7 1.16398E-6 4.73209E-6 1.10887E-5 4.24997E-5 2.40374E-5 2.33828E-5 1.39416E-5 1.80825E-5 1.8411E-5 1.59485E-5 1.64917E-5 2.22513E-5 2.08337E-5 3.00481E-5 2.58721E-5 2.42597E-5 3.23573E-5 2.12668E-5 1.31312E-5 7.87359E-6 9.05832E-6 1.56285E-5 1.72775E-5 2.21934E-5 2.06234E-5 2.47027E-5 2.39703E-5
-9999 -9999 -9999 -9999 -9999 -9999 -9999 -9999 -9999 -9999 -9999 -9999 -9999 8.66674E-9 1.21186E-7 1.24622E-7 1.89359E-7 1.73028E-8 5.50136E-7 4.25357E-7 -9999 -9999 1.14346E-6 -9999 3.05338E-6 1.34465E-6 1.68507E-6 -9999 4.6234E-7 1.42151E-6 1.49561E-7 6.30455E-7 1.27273E-5 2.62098E-6 4.58978E-6 5.59228E-6 7.60521E-7 1.15441E-5 3.53641E-5 2.4412E-5 1.74863E-5 1.51945E-5 1.48053E-5 1.15277E-5 1.90382E-5 1.56029E-5 2.55581E-5 2.773E-5 2.91868E-5 2.37646E-5 2.62457E-5 1.66974E-5 9.08998E-6 2.0579E-5 1.39517E-5 9.79877E-6 1.23112E-5 2.05023E-5 2.31487E-5 1.29705E-5 1.91597E-5
-9999 -9999 -9999 -9999 -9999 -9999 -9999 -9999 -9999 -9999 -9999 -9999 5.67999E-6 2.43008E-7 1.02199E-9 2.73379E-9 1.29356E-7 -9999 4.95705E-7 1.59411E-6 3.74565E-7 -9999 6.68357E-8 9.52151E-11 -9999 -9999 -9999 1.83192E-8 1.03325E-6 6.861E-6 5.05612E-7 2.41074E-6 6.2927E-6 6.75311E-6 2.97118E-6 3.38045E-6 2.7052E-6 2.31948E-6 1.52735E-5 1.88005E-5 1.41762E-5 1.27687E-5 1.11939E-5 1.06928E-5 1.51704E-5 2.2902E-5 2.39889E-5 1.79884E-5 2.53571E-5 1.89086E-5 2.4761E-5 1.61673E-5 2.30414E-5 1.83233E-5 1.28363E-5 1.30989E-5 2.08884E-5 2.25517E-5 2.50517E-5 1.95284E-5 1.36273E-5
-9999 -9999 -9999 -9999 -9999 -9999 -9999 -9999 -9999 -9999 -9999 -9999 -9999 1.39142E-7 2.01193E-8 -9999 5.63377E-8 -9999 4.73772E-8 -9999 -9999 -9999 4.98788E-9 4.45514E-8 -9999 -9999 1.43916E-9 3.23912E-6 2.93363E-7 7.45577E-7 6.90966E-7 1.98553E-6 4.10924E-6 3.09648E-5 2.47266E-5 7.35278E-6 1.8157E-6 4.39989E-6 2.55859E-5 1.07913E-5 1.62354E-5 1.38975E-5 1.08608E-5 1.05722E-5 9.93245E-6 1.56858E-5 1.3911E-5 1.9412E-5 1.70915E-5 2.03838E-5 2.43871E-5 1.65302E-5 1.50044E-5 3.9536E-6 8.98559E-6 1.14181E-5 2.5257E-5 1.35152E-5 2.4772E-5 2.81183E-5 1.60197E-5
-9999 -9999 -9999 -9999 -9999 -9999 -9999 -9999 -9999 -9999 -9999 -9999 -9999 1.10233E-7 1.82175E-8 -9999 1.18558E-8 2.69324E-7 -9999 -9999 -9999 1.59829E-6 1.09493E-8 2.20644E-8 -9999 -9999 4.14686E-10 2.70017E-7 6.84553E-9 9.20078E-8 7.40166E-7 1.97116E-6 1.4758E-6 6.23632E-6 1.95168E-5 1.33535E-5 4.916E-6 5.70708E-6 1.40272E-5 1.4778E-5 1.72424E-5 1.20775E-5 1.56086E-5 1.01771E-5 1.05051E-5 1.41465E-5 1.59779E-5 1.50841E-5 1.55113E-5 1.73226E-5 1.52422E-5 1.81678E-5 2.02633E-5 1.61735E-5 3.21634E-5 3.51298E-5 1.61236E-5 2.33832E-5 1.82632E-5 1.83359E-5 1.93498E-5
-9999 -9999 -9999 -9999 -9999 -9999 -9999 -9999 -9999 -9999 -9999 -9999 -9999 9.13767E-8 3.72495E-9 -9999 2.80433E-6 1.23667E-8 1.77256E-7 -9999 -9999 9.67908E-8 1.98234E-8 5.42312E-7 -9999 -9999 -9999 2.95101E-8 4.49893E-8 2.81973E-7 1.78427E-7 1.91136E-7 4.32443E-7 2.11564E-6 1.4966E-5 1.59805E-5 1.22814E-5 7.20477E-6 8.54501E-6 1.14812E-5 1.02512E-5 1.66966E-5 2.23838E-5 1.18533E-5 1.07147E-5 1.50363E-5 1.37375E-5 1.90128E-5 1.58673E-5 1.18341E-5 2.3235E-5 1.16326E-5 8.32859E-6 1.95683E-5 1.99835E-5 1.10027E-5 2.37417E-5 1.01589E-5 1.8766E-5 2.61807E-5 2.1337E-5
-9999 -9999 -9999 -9999 -9999 -9999 -9999 -9999 -9999 -9999 -9999 -9999 -9999 7.56287E-7 -9999 2.04245E-8 -9999 1.52011E-7 1.69442E-7 -9999 1.93664E-6 1.39443E-8 1.03465E-8 1.76725E-8 3.61676E-6 -9999 3.96543E-9 3.26681E-8 9.68782E-8 1.58339E-6 2.51252E-6 8.49195E-6 4.5969E-7 7.14455E-7 5.90022E-6 2.47131E-6 4.97594E-6 1.00226E-5 8.70614E-6 9.62917E-6 1.41796E-5 1.6365E-5 2.36621E-5 1.65349E-5 1.12499E-5 1.29802E-5 1.29047E-5 3.03018E-5 1.34681E-5 1.8347E-5 1.49572E-5 1.89011E-5 3.2143E-5 1.80433E-5 1.91516E-5 1.93513E-5 1.35289E-5 2.07872E-5 1.86302E-5 1.58751E-5 1.79639E-5
