Candidate_Models_July82022/M_0.6_F_lqp_Set_1_all/Bison.asc
ncols         290
nrows         380
xllcorner     -2197417.7431653
yllcorner     -584827.01486885
cellsize      10000.0
NODATA_value  -9999
[rows 216 to 242 of 380, columns 122 to 182 of 290]
1.77599E-4 3.17948E-4 3.22864E-4 3.4424E-4 3.03744E-4 3.64761E-4 1.89252E-4 2.06367E-4 2.24464E-4 2.41765E-4 2.65738E-4 2.97116E-4 4.31216E-4 2.21248E-4 2.18687E-4 2.42281E-4 2.35343E-4 2.86564E-4 2.74804E-4 3.44903E-4 4.19847E-4 3.05434E-4 2.24038E-4 3.54382E-4 2.30628E-4 4.35108E-4 2.57932E-4 1.36933E-4 1.29683E-4 1.60063E-4 1.25427E-4 1.22399E-4 1.00997E-4 1.24572E-4 1.24392E-4 1.38335E-4 9.91065E-5 1.21843E-4 3.25758E-4 2.353E-4 3.26964E-4 1.18354E-4 1.71405E-4 2.42496E-4 2.41433E-4 2.26759E-4 1.59908E-4 1.07428E-4 9.33526E-5 9.24053E-5 9.29651E-5 8.99876E-5 9.88206E-5 8.30021E-5 6.94392E-5 7.42101E-5 7.03784E-5 7.00491E-5 8.26761E-5 7.77158E-5 5.70222E-5
3.06776E-4 2.5971E-4 3.05842E-4 3.72324E-4 3.62548E-4 3.88222E-4 2.39459E-4 3.09038E-4 3.33058E-4 2.13723E-4 3.35239E-4 2.72782E-4 3.45691E-4 3.55497E-4 2.16369E-4 2.32511E-4 2.28947E-4 2.80096E-4 2.18311E-4 2.44681E-4 2.84398E-4 3.14872E-4 3.27728E-4 4.12927E-4 4.14803E-4 3.06795E-4 4.05753E-4 4.12364E-4 3.50964E-4 1.71422E-4 1.22118E-4 1.09589E-4 1.06018E-4 1.09541E-4 1.1577E-4 2.75869E-4 1.34709E-4 1.44306E-4 2.34021E-4 2.93749E-4 2.68652E-4 2.34383E-4 1.92927E-4 2.30236E-4 2.41456E-4 1.65413E-4 8.78866E-5 9.08519E-5 9.81646E-5 9.76962E-5 8.29998E-5 8.66964E-5 8.60911E-5 8.15612E-5 8.00859E-5 7.36685E-5 7.79533E-5 7.32496E-5 7.45211E-5 6.50975E-5 5.98925E-5
3.50943E-4 3.34152E-4 2.8106E-4 3.67337E-4 2.67217E-4 3.13325E-4 3.4222E-4 3.49968E-4 1.60459E-4 3.60425E-4 2.65018E-4 3.13383E-4 4.33747E-4 3.38509E-4 2.29889E-4 2.44875E-4 2.39201E-4 2.07691E-4 2.06269E-4 2.31453E-4 2.5858E-4 4.28393E-4 3.93192E-4 4.65541E-4 4.1467E-4 3.04099E-4 3.34058E-4 3.64972E-4 3.89073E-4 3.52399E-4 1.37827E-4 1.10425E-4 1.07585E-4 1.13334E-4 1.05213E-4 1.53741E-4 1.19057E-4 3.10887E-4 1.62073E-4 1.58455E-4 3.33864E-4 1.45091E-4 2.82105E-4 2.3912E-4 2.65594E-4 1.32956E-4 8.44646E-5 8.38445E-5 8.53099E-5 1.07226E-4 9.40613E-5 1.10979E-4 9.65408E-5 8.03075E-5 8.17398E-5 6.94068E-5 8.33527E-5 7.02103E-5 7.98707E-5 7.15392E-5 6.66656E-5
3.12507E-4 3.61487E-4 3.46935E-4 3.09077E-4 2.35338E-4 2.51219E-4 3.20972E-4 2.79524E-4 1.27951E-4 3.13018E-4 4.46919E-4 5.11676E-4 2.61763E-4 4.93638E-4 2.46177E-4 2.40416E-4 2.39742E-4 2.20639E-4 2.11951E-4 2.51493E-4 2.65451E-4 4.04678E-4 3.91603E-4 3.28201E-4 3.22681E-4 2.90526E-4 2.31464E-4 3.50085E-4 3.35121E-4 4.2795E-4 2.68082E-4 1.93914E-4 1.15533E-4 1.09349E-4 1.11998E-4 1.14849E-4 1.18576E-4 3.45422E-4 2.48334E-4 3.04164E-4 1.01426E-4 1.05192E-4 9.37417E-5 9.98607E-5 1.35198E-4 1.72721E-4 9.19102E-5 8.81167E-5 9.01055E-5 9.9011E-5 9.86474E-5 8.38291E-5 1.14683E-4 9.74595E-5 8.40617E-5 7.97741E-5 7.5667E-5 7.56769E-5 8.42486E-5 8.02468E-5 8.20268E-5
3.05493E-4 2.8516E-4 3.74854E-4 3.1754E-4 3.19739E-4 2.59537E-4 3.79618E-4 3.44557E-4 4.34333E-4 4.00506E-4 4.78478E-4 3.6971E-4 3.57381E-4 5.00467E-4 4.56769E-4 3.24907E-4 2.36163E-4 2.38574E-4 2.18181E-4 2.481E-4 2.82283E-4 4.28856E-4 2.42161E-4 2.21902E-4 2.56826E-4 2.31823E-4 2.87832E-4 2.16702E-4 2.34491E-4 3.06708E-4 2.34746E-4 4.03505E-4 3.26035E-4 1.76586E-4 2.49046E-4 2.14158E-4 1.16948E-4 1.53842E-4 2.15665E-4 1.10008E-4 1.1153E-4 1.0703E-4 9.9013E-5 1.05081E-4 1.03355E-4 1.0162E-4 9.87626E-5 1.00811E-4 9.68495E-5 9.80119E-5 1.76187E-4 1.99677E-4 1.07346E-4 9.44746E-5 9.15106E-5 8.28972E-5 7.61751E-5 7.58294E-5 9.29493E-5 7.73369E-5 7.40871E-5
3.3111E-4 3.7366E-4 2.83214E-4 2.81851E-4 2.71716E-4 2.29491E-4 2.18789E-4 4.18498E-4 3.01354E-4 3.44729E-4 4.66094E-4 2.95678E-4 4.4807E-4 3.40985E-4 2.13728E-4 3.48188E-4 2.48102E-4 2.73059E-4 2.62898E-4 3.20036E-4 4.40612E-4 3.03893E-4 3.03417E-4 3.06257E-4 2.43742E-4 2.1474E-4 2.33285E-4 2.12717E-4 1.83726E-4 2.0851E-4 2.45074E-4 2.87767E-4 4.02713E-4 3.28603E-4 3.63438E-4 3.29757E-4 3.11885E-4 2.72216E-4 2.90695E-4 2.04016E-4 1.13405E-4 1.1388E-4 1.13163E-4 1.09165E-4 1.11952E-4 1.01727E-4 9.71896E-5 8.70014E-5 9.9519E-5 1.02726E-4 1.71682E-4 2.52112E-4 2.09674E-4 9.87708E-5 9.57943E-5 8.95733E-5 8.75906E-5 9.11697E-5 9.2639E-5 8.27799E-5 7.29348E-5
3.60643E-4 3.7712E-4 3.18675E-4 3.27565E-4 3.01543E-4 2.25503E-4 2.21982E-4 3.12466E-4 2.77054E-4 3.12208E-4 3.4727E-4 2.95537E-4 4.98376E-4 2.39903E-4 2.72763E-4 2.5191E-4 2.52361E-4 2.39362E-4 2.62684E-4 2.35074E-4 2.99252E-4 2.86273E-4 2.59696E-4 2.25481E-4 2.10109E-4 2.22339E-4 2.32167E-4 2.00661E-4 1.98699E-4 1.85107E-4 2.15989E-4 2.22526E-4 3.12649E-4 2.57692E-4 1.72405E-4 2.12246E-4 1.85318E-4 1.93063E-4 3.01891E-4 3.27294E-4 1.6392E-4 1.17536E-4 1.11749E-4 1.09314E-4 1.09675E-4 2.02877E-4 2.0774E-4 1.62971E-4 2.3871E-4 1.04278E-4 1.43385E-4 2.42876E-4 2.68818E-4 1.22035E-4 9.66893E-5 9.18806E-5 9.19324E-5 9.30875E-5 9.0683E-5 8.9436E-5 7.17879E-5
3.39351E-4 3.67049E-4 4.03856E-4 2.97605E-4 4.0826E-4 3.28295E-4 2.60482E-4 2.46689E-4 2.80945E-4 3.08346E-4 2.51201E-4 3.19475E-4 3.64184E-4 2.40839E-4 2.37351E-4 2.42257E-4 2.42601E-4 2.28739E-4 2.3738E-4 2.39546E-4 4.11703E-4 3.25103E-4 2.28104E-4 2.36034E-4 2.35951E-4 2.6357E-4 2.21194E-4 2.24754E-4 1.86686E-4 1.94569E-4 2.06663E-4 2.20457E-4 2.46032E-4 2.34937E-4 2.6821E-4 2.01596E-4 2.39549E-4 1.9452E-4 2.8872E-4 3.03294E-4 2.48392E-4 3.07728E-4 1.16947E-4 1.11384E-4 1.13545E-4 2.68335E-4 2.9272E-4 2.00748E-4 2.71081E-4 1.11877E-4 1.26602E-4 2.21681E-4 3.09863E-4 2.4542E-4 1.06931E-4 1.03354E-4 9.7814E-5 9.70153E-5 9.60378E-5 9.84918E-5 1.36006E-4
3.51442E-4 1.97737E-4 1.90954E-4 3.44612E-4 3.70558E-4 3.19881E-4 2.80304E-4 2.82525E-4 2.95744E-4 2.81296E-4 3.26368E-4 2.49873E-4 2.9403E-4 2.55283E-4 2.73657E-4 2.45236E-4 2.35555E-4 2.27899E-4 2.21485E-4 2.69762E-4 2.56143E-4 2.90475E-4 2.4889E-4 2.4761E-4 2.86224E-4 2.55679E-4 2.21783E-4 2.67389E-4 2.26147E-4 2.12109E-4 2.0384E-4 1.88488E-4 2.03477E-4 2.24861E-4 2.75779E-4 2.13113E-4 2.04504E-4 1.71546E-4 1.76291E-4 2.60472E-4 2.37169E-4 2.21043E-4 2.84121E-4 1.22541E-4 1.26262E-4 1.18554E-4 2.80078E-4 1.54525E-4 3.00232E-4 1.16428E-4 1.54486E-4 2.03475E-4 2.54422E-4 2.78053E-4 2.49796E-4 2.41694E-4 1.93343E-4 1.22027E-4 9.62604E-5 1.57796E-4 2.13251E-4
2.80915E-4 4.20956E-4 3.44028E-4 4.53267E-4 2.92482E-4 2.64056E-4 3.18844E-4 2.53439E-4 2.70468E-4 2.62569E-4 3.57653E-4 3.42542E-4 2.65989E-4 2.35099E-4 2.49465E-4 2.5019E-4 2.41779E-4 2.33889E-4 2.49876E-4 2.76951E-4 2.57215E-4 2.72372E-4 3.39457E-4 2.34934E-4 3.23251E-4 2.28623E-4 2.45196E-4 2.51769E-4 2.35578E-4 2.18949E-4 2.53083E-4 2.40323E-4 2.20866E-4 2.37637E-4 1.99938E-4 1.90956E-4 2.59647E-4 1.75302E-4 1.53287E-4 1.46447E-4 1.46422E-4 1.44636E-4 2.24004E-4 2.96845E-4 2.81819E-4 2.53456E-4 2.98056E-4 2.7432E-4 3.15638E-4 1.28423E-4 3.22499E-4 2.64654E-4 1.73652E-4 1.72401E-4 1.86995E-4 2.01212E-4 2.35787E-4 2.80049E-4 2.77013E-4 2.45983E-4 1.10296E-4
4.06018E-4 3.12798E-4 4.44375E-4 4.31125E-4 3.29108E-4 2.74045E-4 2.95009E-4 2.46103E-4 2.27591E-4 2.93694E-4 2.41818E-4 3.09036E-4 2.27419E-4 2.27858E-4 2.37503E-4 2.4206E-4 2.39278E-4 2.24541E-4 2.34297E-4 2.62774E-4 2.70478E-4 3.0369E-4 2.73127E-4 2.36541E-4 2.48968E-4 2.5663E-4 2.04742E-4 2.66022E-4 2.53355E-4 2.31914E-4 1.98031E-4 2.03006E-4 2.02816E-4 1.90821E-4 2.21497E-4 1.97123E-4 1.95063E-4 2.82304E-4 1.6997E-4 1.61977E-4 1.66375E-4 1.80279E-4 2.36822E-4 1.71499E-4 1.79007E-4 2.95315E-4 2.76207E-4 2.01501E-4 2.49335E-4 2.81814E-4 3.24968E-4 3.13947E-4 2.8877E-4 1.45148E-4 1.53607E-4 1.91624E-4 1.60278E-4 1.5487E-4 2.29583E-4 1.44656E-4 9.60898E-5
4.32078E-4 3.42962E-4 4.59654E-4 3.32403E-4 2.98133E-4 3.05403E-4 2.66488E-4 3.99698E-4 2.61868E-4 3.04453E-4 2.71918E-4 2.88125E-4 3.13666E-4 2.51954E-4 2.37724E-4 2.48905E-4 2.87033E-4 2.23929E-4 2.43968E-4 3.04442E-4 3.16012E-4 2.84087E-4 2.41863E-4 2.23729E-4 2.59616E-4 2.83211E-4 2.82821E-4 2.27634E-4 2.36198E-4 2.36489E-4 2.00138E-4 2.07285E-4 1.89666E-4 1.99713E-4 1.91456E-4 1.80629E-4 3.21878E-4 3.53879E-4 1.67106E-4 1.76864E-4 1.70021E-4 1.6261E-4 2.54137E-4 2.6566E-4 1.48778E-4 3.20361E-4 3.59695E-4 2.61586E-4 3.72586E-4 3.42921E-4 2.86181E-4 3.4778E-4 2.59158E-4 2.869E-4 3.7084E-4 1.85032E-4 1.98398E-4 3.28474E-4 3.07405E-4 1.64066E-4 1.0169E-4
3.69038E-4 3.36957E-4 4.79185E-4 4.27843E-4 2.99142E-4 3.43603E-4 3.43751E-4 3.45888E-4 3.48743E-4 4.1952E-4 2.84848E-4 3.09875E-4 2.81871E-4 2.28708E-4 2.46196E-4 2.38582E-4 3.17866E-4 2.27236E-4 2.13744E-4 2.47742E-4 2.44456E-4 2.62248E-4 2.57013E-4 2.65771E-4 3.02777E-4 3.14609E-4 2.57007E-4 2.06918E-4 2.47029E-4 2.16882E-4 2.0331E-4 2.37315E-4 2.22767E-4 2.32291E-4 2.11885E-4 2.20387E-4 3.7519E-4 2.57852E-4 2.61525E-4 2.15485E-4 1.88093E-4 3.32973E-4 3.76209E-4 2.90452E-4 1.87535E-4 1.58654E-4 2.97953E-4 3.20622E-4 1.78803E-4 2.57023E-4 3.41156E-4 3.21703E-4 1.92079E-4 1.83791E-4 2.23256E-4 2.15116E-4 3.33187E-4 3.08224E-4 3.59072E-4 2.9572E-4 2.68273E-4
3.46824E-4 4.1284E-4 3.98968E-4 5.1421E-4 3.57419E-4 4.74762E-4 3.51772E-4 3.28576E-4 3.31868E-4 2.78751E-4 3.39493E-4 2.71754E-4 2.53581E-4 2.91029E-4 2.71364E-4 2.48165E-4 2.33776E-4 2.34899E-4 2.54668E-4 2.34138E-4 2.1405E-4 2.58562E-4 2.95911E-4 5.08415E-4 3.77185E-4 2.79317E-4 2.94754E-4 2.88495E-4 2.4216E-4 2.41126E-4 2.43939E-4 2.34416E-4 2.2473E-4 2.66935E-4 2.34142E-4 4.10393E-4 4.17459E-4 2.21817E-4 2.74251E-4 3.04121E-4 1.98576E-4 3.66616E-4 2.23119E-4 1.70875E-4 1.86373E-4 1.97784E-4 2.20607E-4 3.84231E-4 3.69799E-4 1.46606E-4 3.90583E-4 3.01795E-4 2.06721E-4 2.12479E-4 2.01868E-4 2.40719E-4 3.97872E-4 3.49218E-4 2.4364E-4 2.61754E-4 9.53733E-5
3.01657E-4 4.13316E-4 2.7282E-4 4.62661E-4 4.01149E-4 3.4635E-4 2.89431E-4 3.40662E-4 3.89446E-4 3.54961E-4 4.09897E-4 4.55754E-4 2.87964E-4 2.69711E-4 2.70759E-4 2.61554E-4 2.55989E-4 2.55106E-4 2.2989E-4 2.44668E-4 2.37881E-4 2.59621E-4 4.0449E-4 2.75838E-4 3.3618E-4 3.71017E-4 3.79543E-4 3.28296E-4 2.25917E-4 2.74508E-4 2.39739E-4 2.36083E-4 2.24371E-4 2.94384E-4 2.25649E-4 2.66163E-4 2.44069E-4 2.97434E-4 4.31319E-4 3.21752E-4 2.54105E-4 1.62944E-4 2.48869E-4 2.76798E-4 1.50186E-4 1.4589E-4 2.37618E-4 3.91551E-4 3.72793E-4 3.40097E-4 3.77094E-4 2.89889E-4 1.62574E-4 2.92694E-4 2.2112E-4 3.29354E-4 2.22944E-4 2.30549E-4 1.76062E-4 1.22013E-4 1.54279E-4
2.72837E-4 4.6979E-4 3.92939E-4 3.91634E-4 4.2794E-4 3.23741E-4 2.87893E-4 3.60437E-4 3.21082E-4 4.868E-4 3.7177E-4 5.07363E-4 2.88081E-4 3.29505E-4 4.55403E-4 2.86447E-4 2.56581E-4 2.31283E-4 2.06975E-4 2.65947E-4 2.40998E-4 2.92082E-4 3.34078E-4 4.40323E-4 5.01792E-4 5.307E-4 4.66874E-4 5.16749E-4 2.57739E-4 2.39162E-4 2.52838E-4 4.45361E-4 4.60542E-4 3.58276E-4 2.611E-4 2.12802E-4 2.04702E-4 3.26675E-4 3.23772E-4 3.18437E-4 2.18911E-4 2.78801E-4 1.79978E-4 1.80457E-4 2.23455E-4 1.64885E-4 2.17099E-4 2.90207E-4 3.78561E-4 3.42338E-4 3.23864E-4 2.75485E-4 1.589E-4 3.16257E-4 2.98774E-4 4.12683E-4 2.66775E-4 3.98688E-4 2.12019E-4 1.71344E-4 1.3862E-4
2.72652E-4 2.99593E-4 4.30548E-4 5.16227E-4 4.84284E-4 3.06915E-4 2.88932E-4 3.27603E-4 3.26511E-4 3.35992E-4 2.61437E-4 2.7905E-4 2.77563E-4 2.74183E-4 3.12081E-4 3.31285E-4 2.53098E-4 2.1525E-4 2.32946E-4 2.44366E-4 2.55833E-4 2.65493E-4 2.43322E-4 2.71692E-4 2.86036E-4 5.18221E-4 2.55483E-4 2.5524E-4 2.24058E-4 2.71979E-4 4.63772E-4 3.30457E-4 3.58877E-4 2.26311E-4 2.40108E-4 2.21665E-4 2.15891E-4 2.12003E-4 3.05505E-4 4.15212E-4 2.13912E-4 3.59732E-4 1.97497E-4 1.67705E-4 2.0022E-4 1.74842E-4 1.69259E-4 1.7406E-4 2.39792E-4 3.6921E-4 2.27066E-4 2.39982E-4 1.56916E-4 2.45273E-4 2.58875E-4 3.81153E-4 3.38153E-4 3.4441E-4 1.92636E-4 1.42224E-4 1.25859E-4
2.95188E-4 2.9735E-4 3.14317E-4 3.90342E-4 3.10487E-4 3.59324E-4 3.4598E-4 3.54415E-4 3.62757E-4 3.32471E-4 2.96379E-4 2.83452E-4 2.58055E-4 2.67473E-4 2.78088E-4 2.91154E-4 2.22041E-4 2.01606E-4 2.24635E-4 2.68242E-4 3.08507E-4 4.21525E-4 2.42154E-4 2.57053E-4 2.91031E-4 5.41567E-4 2.67353E-4 2.12237E-4 2.20949E-4 3.43038E-4 3.28969E-4 2.37284E-4 3.09212E-4 3.10596E-4 2.8621E-4 2.26801E-4 2.14404E-4 2.09002E-4 2.00917E-4 2.37321E-4 2.12727E-4 2.44364E-4 2.48266E-4 1.79054E-4 2.05759E-4 2.22786E-4 1.73631E-4 1.62361E-4 2.21374E-4 2.82145E-4 2.31777E-4 1.6613E-4 2.18264E-4 1.61353E-4 1.88616E-4 2.98347E-4 2.46391E-4 1.91918E-4 1.44129E-4 1.50713E-4 1.87707E-4
4.31626E-4 3.25385E-4 3.28779E-4 3.36369E-4 3.21455E-4 4.83984E-4 3.85068E-4 3.64445E-4 4.39807E-4 4.3154E-4 4.19219E-4 3.35971E-4 4.2851E-4 2.94177E-4 3.00053E-4 3.07801E-4 2.69133E-4 2.34032E-4 2.27105E-4 2.29806E-4 2.33305E-4 2.57011E-4 2.54421E-4 2.86863E-4 3.90385E-4 4.35752E-4 2.68523E-4 2.60213E-4 2.61664E-4 2.4338E-4 2.59543E-4 2.16098E-4 2.26171E-4 2.66164E-4 2.53564E-4 2.6178E-4 2.24504E-4 2.1517E-4 2.32926E-4 2.08364E-4 2.30367E-4 2.33894E-4 3.31179E-4 2.63172E-4 1.97212E-4 1.77167E-4 1.76708E-4 1.79337E-4 2.1785E-4 3.21752E-4 1.85052E-4 2.17348E-4 1.69124E-4 1.55242E-4 1.8603E-4 2.09376E-4 2.82684E-4 1.8431E-4 1.76874E-4 1.60035E-4 1.77532E-4
4.93808E-4 3.13544E-4 3.49965E-4 3.14745E-4 3.00236E-4 3.85034E-4 3.81641E-4 4.82189E-4 4.03378E-4 4.19861E-4 4.03694E-4 3.74834E-4 3.87818E-4 4.51506E-4 2.93541E-4 3.43514E-4 3.16635E-4 2.69132E-4 2.49456E-4 3.57935E-4 2.37198E-4 2.49581E-4 2.35338E-4 2.41116E-4 3.15181E-4 5.04306E-4 2.66518E-4 2.57714E-4 2.5222E-4 2.2348E-4 2.43071E-4 2.31392E-4 2.62763E-4 3.06597E-4 2.61142E-4 3.67795E-4 2.4925E-4 2.47554E-4 2.40465E-4 2.25768E-4 2.12144E-4 3.12154E-4 5.74073E-4 3.78267E-4 2.34342E-4 1.94645E-4 1.72976E-4 1.83861E-4 1.74189E-4 1.80818E-4 1.80378E-4 1.84406E-4 1.5515E-4 1.59906E-4 1.7528E-4 2.10625E-4 2.05879E-4 2.4645E-4 2.17676E-4 1.99927E-4 1.68998E-4
3.31089E-4 3.52816E-4 3.26967E-4 3.1874E-4 3.1399E-4 2.96431E-4 2.96902E-4 3.73215E-4 4.24182E-4 3.36671E-4 4.26984E-4 3.83978E-4 5.72195E-4 3.74059E-4 2.87642E-4 5.15001E-4 3.56442E-4 2.87179E-4 2.77173E-4 2.68893E-4 2.4394E-4 2.76277E-4 3.70072E-4 3.80731E-4 4.29892E-4 5.21657E-4 4.07483E-4 2.55779E-4 2.52072E-4 2.2304E-4 2.59598E-4 2.38252E-4 2.69975E-4 2.6335E-4 3.03311E-4 4.63065E-4 2.51291E-4 2.46178E-4 3.39271E-4 2.55644E-4 2.5173E-4 2.14926E-4 3.29612E-4 3.60646E-4 2.70347E-4 2.58661E-4 2.43646E-4 2.26063E-4 1.71372E-4 1.67743E-4 2.00426E-4 1.57484E-4 1.60876E-4 1.60198E-4 1.79015E-4 1.82166E-4 1.71423E-4 1.97716E-4 1.75632E-4 1.7018E-4 1.94663E-4
3.92125E-4 3.29791E-4 3.16526E-4 3.0271E-4 3.2394E-4 3.02017E-4 2.89211E-4 2.95126E-4 2.53085E-4 3.2577E-4 4.44288E-4 3.66908E-4 3.71487E-4 3.08069E-4 3.02551E-4 5.22616E-4 4.86232E-4 2.91713E-4 2.87686E-4 3.0061E-4 2.95917E-4 2.67013E-4 2.86422E-4 2.88879E-4 3.04133E-4 4.08475E-4 5.10315E-4 2.90855E-4 2.50913E-4 2.9689E-4 2.88558E-4 2.89908E-4 2.58812E-4 3.04396E-4 3.44657E-4 2.92431E-4 2.54379E-4 2.57062E-4 2.426E-4 2.87505E-4 2.31071E-4 2.52748E-4 2.1043E-4 2.42379E-4 5.39246E-4 2.8932E-4 2.36031E-4 2.89511E-4 2.38874E-4 2.20173E-4 2.04792E-4 1.5791E-4 1.82437E-4 1.6303E-4 1.77551E-4 1.61141E-4 2.11662E-4 1.9262E-4 1.69833E-4 1.90829E-4 1.69134E-4
3.69017E-4 3.23937E-4 3.32054E-4 3.29094E-4 3.38243E-4 3.0023E-4 3.12535E-4 2.68536E-4 2.26494E-4 3.93493E-4 3.38321E-4 3.14982E-4 3.50467E-4 3.90574E-4 2.95138E-4 5.74358E-4 2.94878E-4 2.92676E-4 3.45702E-4 3.09969E-4 4.46911E-4 2.8737E-4 2.64497E-4 2.56582E-4 2.56643E-4 2.43066E-4 3.95334E-4 2.9288E-4 3.46609E-4 2.92794E-4 3.25344E-4 2.80602E-4 3.14254E-4 2.83495E-4 3.13764E-4 3.17448E-4 2.46852E-4 2.94201E-4 2.48814E-4 2.73726E-4 2.26218E-4 2.8484E-4 2.33815E-4 2.21005E-4 4.30601E-4 1.97011E-4 2.09102E-4 1.97821E-4 3.37603E-4 1.7857E-4 1.82257E-4 1.81946E-4 2.04624E-4 1.88661E-4 1.66656E-4 1.64895E-4 3.24241E-4 1.8653E-4 2.74176E-4 1.65973E-4 1.32425E-4
3.66904E-4 3.35659E-4 3.28185E-4 3.21647E-4 3.3504E-4 3.29071E-4 3.46119E-4 2.84008E-4 2.55631E-4 3.13473E-4 3.36815E-4 3.19272E-4 3.14762E-4 3.47579E-4 3.69245E-4 3.17035E-4 2.88542E-4 2.89903E-4 3.05712E-4 4.04434E-4 3.81067E-4 3.01709E-4 2.64112E-4 2.65044E-4 2.51411E-4 2.51372E-4 3.21192E-4 3.60472E-4 3.14907E-4 3.68403E-4 3.34618E-4 3.60731E-4 3.199E-4 2.71324E-4 3.31879E-4 2.76352E-4 2.79941E-4 3.14912E-4 2.7354E-4 2.56795E-4 3.96257E-4 3.49983E-4 2.39623E-4 2.21768E-4 2.01538E-4 2.78772E-4 2.08171E-4 2.71245E-4 4.69452E-4 3.90984E-4 2.59533E-4 1.77279E-4 2.38817E-4 1.78572E-4 1.84787E-4 1.72996E-4 1.72436E-4 1.7285E-4 2.42142E-4 1.95344E-4 1.83768E-4
3.74663E-4 3.3068E-4 3.37832E-4 3.02214E-4 2.73552E-4 3.1434E-4 2.96854E-4 2.97976E-4 2.93536E-4 3.09726E-4 3.16022E-4 3.18288E-4 3.22528E-4 2.87916E-4 4.79678E-4 4.01052E-4 3.03564E-4 2.92258E-4 3.10167E-4 3.18922E-4 2.96327E-4 3.14298E-4 3.03705E-4 2.68018E-4 2.86356E-4 2.81269E-4 3.70948E-4 3.13876E-4 3.09005E-4 5.7654E-4 3.56684E-4 3.12853E-4 3.09322E-4 3.56561E-4 3.07093E-4 3.09071E-4 2.90756E-4 3.15379E-4 2.52023E-4 2.89698E-4 2.80882E-4 3.07086E-4 2.75904E-4 2.56032E-4 2.16179E-4 2.74728E-4 2.28032E-4 2.22066E-4 2.79561E-4 2.83461E-4 2.21915E-4 4.58494E-4 4.10476E-4 1.96819E-4 2.42031E-4 1.74715E-4 1.72774E-4 2.00705E-4 1.76653E-4 1.63879E-4 1.41195E-4
3.77818E-4 3.39207E-4 3.22263E-4 3.01593E-4 2.78881E-4 2.63075E-4 2.99622E-4 2.99826E-4 2.65134E-4 3.15486E-4 3.1662E-4 3.216E-4 3.57878E-4 3.17461E-4 3.06427E-4 3.12E-4 2.86883E-4 3.71245E-4 3.21707E-4 4.12125E-4 3.17274E-4 2.89981E-4 3.01269E-4 3.79805E-4 3.24383E-4 2.98928E-4 4.45595E-4 2.91511E-4 3.00549E-4 3.15786E-4 3.00608E-4 3.09285E-4 2.95511E-4 3.1391E-4 3.23533E-4 3.37185E-4 2.70429E-4 2.61749E-4 2.49896E-4 2.48069E-4 2.47886E-4 6.48258E-4 3.67844E-4 2.44834E-4 2.37905E-4 2.15172E-4 1.99609E-4 1.96555E-4 2.63969E-4 2.10678E-4 2.17112E-4 2.28253E-4 2.18091E-4 1.95847E-4 2.42662E-4 1.76772E-4 1.64349E-4 1.78822E-4 2.0983E-4 1.51875E-4 1.4972E-4
4.11112E-4 3.63227E-4 3.20843E-4 2.97643E-4 2.94014E-4 3.17074E-4 3.02525E-4 3.21342E-4 3.13085E-4 3.30111E-4 3.05105E-4 3.39587E-4 4.1996E-4 3.79539E-4 3.26969E-4 2.8115E-4 2.95262E-4 3.03938E-4 3.44281E-4 3.37082E-4 3.23023E-4 3.09692E-4 3.06408E-4 3.13778E-4 3.26604E-4 3.14466E-4 2.82666E-4 3.07372E-4 3.19171E-4 2.88339E-4 3.04232E-4 2.95447E-4 2.96249E-4 3.18679E-4 3.19854E-4 3.26136E-4 2.82755E-4 2.68101E-4 3.48955E-4 2.55838E-4 2.61139E-4 2.52901E-4 2.44404E-4 2.54768E-4 2.43491E-4 2.37952E-4 2.08613E-4 2.02553E-4 2.13326E-4 2.45709E-4 3.09996E-4 3.23466E-4 2.36572E-4 2.06005E-4 1.83362E-4 2.37451E-4 1.91017E-4 1.68341E-4 1.63996E-4 1.9773E-4 1.55239E-4
