Candidate_Models_July82022/M_0.6_F_lqp_Set_1_all/Bison.asc
ncols         290
nrows         380
xllcorner     -2197417.7431653
yllcorner     -584827.01486885
cellsize      10000.0
NODATA_value  -9999
[rows 108 to 134 of 380, columns 122 to 182 of 290]
1.19241E-5 1.77557E-5 1.67506E-5 1.3301E-5 1.49535E-5 1.62677E-5 1.52743E-5 8.95112E-6 8.64646E-6 8.41289E-6 1.61149E-5 1.79577E-5 1.9071E-5 1.80802E-5 2.09658E-5 1.66686E-5 1.61815E-5 1.33072E-5 1.42448E-5 1.53225E-5 1.55526E-5 1.80152E-5 1.53812E-5 1.47541E-5 1.23275E-5 1.35784E-5 1.58127E-5 1.24282E-5 8.80731E-6 8.60082E-6 8.9557E-6 8.5564E-6 6.52049E-6 6.47249E-6 6.69925E-6 5.33672E-6 4.88477E-6 4.26744E-6 4.10622E-6 3.96588E-6 4.79799E-6 3.67148E-6 3.83203E-6 3.52628E-6 3.19088E-6 3.1987E-6 3.97135E-6 2.82987E-6 2.51601E-6 2.62488E-6 2.63195E-6 2.73528E-6 3.15287E-6 2.94647E-6 2.64656E-6 2.64429E-6 2.54587E-6 2.54011E-6 2.37534E-6 2.36241E-6 2.3006E-6
1.97166E-5 1.7713E-5 1.12982E-5 1.46633E-5 1.01613E-5 9.89762E-6 1.65583E-5 1.08141E-5 8.69064E-6 8.72535E-6 1.20444E-5 1.78951E-5 1.95937E-5 1.84091E-5 1.80605E-5 1.57026E-5 1.32187E-5 1.40906E-5 1.78722E-5 2.15639E-5 1.54031E-5 1.88388E-5 1.75419E-5 1.29789E-5 7.66215E-6 9.95716E-6 1.51073E-5 2.0392E-5 9.82608E-6 8.70549E-6 8.94007E-6 8.46866E-6 7.16781E-6 5.84487E-6 6.18378E-6 4.57253E-6 5.58016E-6 4.60505E-6 4.89361E-6 4.58768E-6 4.68834E-6 4.50651E-6 4.2962E-6 3.96976E-6 3.84737E-6 3.4035E-6 3.73472E-6 2.77848E-6 2.88866E-6 2.80857E-6 2.80255E-6 2.80865E-6 3.80736E-6 3.02412E-6 2.81413E-6 2.92817E-6 2.82863E-6 2.5724E-6 2.66207E-6 2.41139E-6 2.38408E-6
1.39765E-5 1.32165E-5 1.02402E-5 1.04311E-5 1.48039E-5 1.32221E-5 1.57495E-5 2.27994E-5 1.26832E-5 1.14162E-5 1.40853E-5 1.81707E-5 1.90965E-5 1.56205E-5 1.76293E-5 1.65638E-5 1.41903E-5 1.72369E-5 1.63726E-5 1.74507E-5 1.75456E-5 1.78011E-5 1.63459E-5 8.61132E-6 7.47445E-6 9.31104E-6 1.04336E-5 9.31671E-6 8.96876E-6 8.38513E-6 7.75105E-6 6.23974E-6 6.30891E-6 6.693E-6 6.2633E-6 6.66816E-6 4.93801E-6 4.9876E-6 4.5604E-6 5.26324E-6 5.20312E-6 4.69115E-6 5.01526E-6 5.2368E-6 3.77262E-6 3.41462E-6 3.90679E-6 4.0762E-6 3.20761E-6 3.22282E-6 3.14851E-6 3.01257E-6 2.73346E-6 2.68255E-6 2.59422E-6 2.73954E-6 2.62518E-6 2.55358E-6 2.50225E-6 2.51481E-6 2.42937E-6
1.21476E-5 2.01132E-5 2.13738E-5 1.22775E-5 1.39661E-5 1.88137E-5 1.29353E-5 1.45524E-5 1.79681E-5 2.0596E-5 1.63499E-5 1.78936E-5 1.83215E-5 1.94554E-5 1.60993E-5 1.83304E-5 1.68728E-5 1.72827E-5 1.68851E-5 1.75888E-5 1.90734E-5 1.6145E-5 1.28207E-5 1.40993E-5 9.71337E-6 8.27647E-6 1.00233E-5 8.30452E-6 1.18085E-5 6.36015E-6 7.64524E-6 5.94456E-6 6.91902E-6 1.06127E-5 7.02712E-6 6.97549E-6 5.96827E-6 5.73339E-6 5.81962E-6 4.88438E-6 5.07827E-6 5.19072E-6 4.84603E-6 3.87655E-6 3.58094E-6 3.5312E-6 3.79011E-6 3.77327E-6 4.13454E-6 3.47805E-6 3.58533E-6 3.55191E-6 3.21172E-6 2.78023E-6 2.64174E-6 2.86423E-6 3.63204E-6 2.59905E-6 2.53665E-6 2.67902E-6 2.59075E-6
1.15594E-5 1.25046E-5 1.6355E-5 1.70575E-5 1.97278E-5 2.16067E-5 2.60551E-5 1.54288E-5 1.56106E-5 1.5092E-5 2.02836E-5 1.96063E-5 1.92896E-5 2.09715E-5 1.20335E-5 1.66099E-5 1.95219E-5 1.53031E-5 1.30427E-5 1.65983E-5 1.68031E-5 1.5293E-5 1.90248E-5 1.75902E-5 1.60561E-5 1.33463E-5 1.64783E-5 9.67475E-6 7.90608E-6 9.74629E-6 1.0856E-5 8.57607E-6 8.99252E-6 1.1239E-5 8.73302E-6 8.46083E-6 6.63316E-6 5.69995E-6 5.17868E-6 5.0732E-6 5.04004E-6 4.37552E-6 3.95156E-6 3.70434E-6 3.66817E-6 4.20043E-6 3.46393E-6 3.9171E-6 4.0105E-6 3.12279E-6 3.65957E-6 3.14814E-6 3.12986E-6 2.90191E-6 2.67767E-6 2.5731E-6 2.78418E-6 2.60799E-6 2.77189E-6 2.69903E-6 2.70606E-6
1.57202E-5 1.2681E-5 1.78261E-5 2.3596E-5 2.51395E-5 2.71247E-5 1.61909E-5 1.67353E-5 1.34125E-5 1.20363E-5 1.66464E-5 1.88767E-5 1.68505E-5 1.93408E-5 1.65572E-5 1.2561E-5 1.63469E-5 1.17348E-5 1.85639E-5 1.87058E-5 1.81377E-5 1.98045E-5 1.72868E-5 1.69346E-5 1.51255E-5 1.66426E-5 1.74134E-5 1.3152E-5 9.0717E-6 1.06631E-5 1.00645E-5 1.25312E-5 1.28153E-5 1.23683E-5 1.28922E-5 8.92229E-6 5.61298E-6 6.31008E-6 5.94028E-6 5.11909E-6 5.10707E-6 4.30682E-6 4.38505E-6 3.95699E-6 3.60364E-6 3.86576E-6 3.84173E-6 3.83292E-6 3.77525E-6 2.86151E-6 3.50664E-6 3.36553E-6 3.06831E-6 2.98938E-6 2.8599E-6 2.75797E-6 2.69713E-6 2.63106E-6 2.73887E-6 2.68617E-6 2.58675E-6
1.13784E-5 2.5674E-5 2.01889E-5 1.1836E-5 2.15941E-5 2.26402E-5 1.88047E-5 1.20443E-5 1.25983E-5 1.56369E-5 2.1473E-5 1.71328E-5 1.63572E-5 1.74497E-5 2.28264E-5 1.08337E-5 1.42023E-5 2.17362E-5 2.31241E-5 2.13875E-5 1.8411E-5 1.91181E-5 1.67843E-5 2.06845E-5 1.54576E-5 1.73539E-5 1.81449E-5 1.40438E-5 1.01379E-5 7.64423E-6 6.9204E-6 1.23169E-5 9.59576E-6 1.30153E-5 1.02554E-5 7.67976E-6 6.93794E-6 7.71399E-6 8.62624E-6 6.35226E-6 6.06391E-6 5.77507E-6 6.073E-6 4.55704E-6 4.46311E-6 4.05271E-6 4.18295E-6 4.15758E-6 3.38949E-6 3.33608E-6 3.40921E-6 3.39236E-6 3.10415E-6 3.17101E-6 3.24698E-6 3.2758E-6 3.23201E-6 2.94573E-6 2.87194E-6 2.75619E-6 2.66359E-6
1.30677E-5 1.47249E-5 2.1031E-5 1.46774E-5 1.72406E-5 1.83398E-5 1.97155E-5 1.47208E-5 1.70132E-5 1.37478E-5 2.56467E-5 2.05477E-5 1.68437E-5 1.92309E-5 1.8804E-5 1.42364E-5 1.86294E-5 2.08712E-5 1.82552E-5 1.89941E-5 1.82725E-5 1.76123E-5 1.80559E-5 1.90473E-5 1.79906E-5 9.65083E-6 1.5668E-5 1.57528E-5 1.19586E-5 7.81976E-6 7.09156E-6 1.50261E-5 1.29171E-5 1.48281E-5 7.26958E-6 6.87067E-6 1.01669E-5 1.09817E-5 7.22917E-6 8.3881E-6 8.9051E-6 6.79573E-6 6.06962E-6 5.69565E-6 4.50207E-6 4.71894E-6 5.03504E-6 4.14735E-6 3.74502E-6 4.2602E-6 3.75643E-6 3.54952E-6 4.04961E-6 4.40818E-6 4.01934E-6 3.3847E-6 3.30593E-6 2.9689E-6 2.919E-6 2.8175E-6 2.6846E-6
9.81945E-6 1.54073E-5 1.29174E-5 1.34392E-5 1.7984E-5 2.45192E-5 1.8403E-5 1.21709E-5 2.02238E-5 2.12727E-5 1.62583E-5 1.90864E-5 1.87184E-5 1.94016E-5 1.94939E-5 1.11218E-5 1.06505E-5 2.03997E-5 2.32021E-5 2.30061E-5 2.09959E-5 2.01157E-5 1.88728E-5 1.6663E-5 1.24391E-5 1.69568E-5 9.48263E-6 1.31739E-5 2.80528E-5 1.26575E-5 8.04588E-6 6.91531E-6 8.12174E-6 1.18025E-5 1.53584E-5 9.09837E-6 9.05288E-6 8.86555E-6 8.48869E-6 8.72837E-6 7.74771E-6 6.09106E-6 6.43677E-6 6.58243E-6 5.35545E-6 5.44324E-6 5.51062E-6 4.22208E-6 6.04446E-6 4.36332E-6 4.48889E-6 4.96625E-6 4.84921E-6 4.56894E-6 3.97088E-6 3.77623E-6 3.44527E-6 3.2265E-6 2.87829E-6 2.93432E-6 3.02812E-6
9.62468E-6 1.1562E-5 1.78514E-5 1.28829E-5 1.2283E-5 2.15993E-5 3.29071E-5 3.13234E-5 3.00551E-5 2.48962E-5 2.04523E-5 2.00367E-5 1.86233E-5 1.9681E-5 2.11853E-5 2.20084E-5 1.10929E-5 1.44926E-5 1.8554E-5 2.25103E-5 2.1996E-5 2.20486E-5 2.03192E-5 1.86335E-5 1.54609E-5 1.68876E-5 1.87561E-5 1.65031E-5 1.94956E-5 1.11545E-5 7.78387E-6 7.31116E-6 8.59602E-6 1.28661E-5 1.84718E-5 1.00615E-5 9.84544E-6 1.01971E-5 9.96704E-6 8.33508E-6 7.90875E-6 6.5685E-6 8.73642E-6 7.48787E-6 6.29816E-6 6.33672E-6 8.74592E-6 6.60236E-6 7.05114E-6 6.27797E-6 5.84464E-6 5.44065E-6 5.97568E-6 4.1525E-6 4.076E-6 3.71946E-6 3.62377E-6 3.51232E-6 3.01668E-6 3.56542E-6 2.94034E-6
1.32428E-5 8.84694E-6 9.29235E-6 1.05214E-5 1.19751E-5 1.55895E-5 2.29547E-5 2.50475E-5 2.41467E-5 2.071E-5 2.01927E-5 2.27206E-5 2.11067E-5 1.79763E-5 1.90507E-5 4.56274E-5 1.31951E-5 1.0806E-5 1.02547E-5 1.84033E-5 2.31573E-5 2.38141E-5 2.17674E-5 2.5498E-5 1.99281E-5 1.91365E-5 1.562E-5 1.63001E-5 1.94282E-5 1.49526E-5 9.8705E-6 1.36816E-5 1.16339E-5 1.90231E-5 1.75509E-5 1.46978E-5 1.33713E-5 1.3183E-5 1.06346E-5 1.03685E-5 8.02202E-6 8.20883E-6 8.46861E-6 1.04514E-5 7.04789E-6 8.94768E-6 1.1159E-5 1.05649E-5 1.09598E-5 6.68723E-6 7.22125E-6 6.15343E-6 5.90843E-6 4.77654E-6 4.50616E-6 4.53527E-6 4.05391E-6 3.46563E-6 4.30609E-6 3.08228E-6 2.89671E-6
1.30755E-5 1.06781E-5 1.19183E-5 1.37838E-5 1.13103E-5 1.70045E-5 2.41371E-5 2.46414E-5 2.2277E-5 2.44938E-5 2.20274E-5 2.25469E-5 2.22426E-5 1.594E-5 1.77679E-5 2.46678E-5 2.78992E-5 1.49531E-5 1.20205E-5 1.44549E-5 2.39954E-5 2.37814E-5 2.50987E-5 2.15303E-5 1.55435E-5 2.05503E-5 1.99717E-5 1.18603E-5 1.08444E-5 9.00453E-6 8.99339E-6 1.02452E-5 1.20081E-5 1.75485E-5 1.76634E-5 1.59987E-5 1.54222E-5 9.61757E-6 1.06045E-5 1.08748E-5 7.62317E-6 8.26193E-6 7.19759E-6 6.62733E-6 6.42581E-6 6.5906E-6 6.68225E-6 7.64095E-6 8.39051E-6 7.86885E-6 9.97017E-6 9.47138E-6 8.72987E-6 9.50619E-6 8.83044E-6 7.22835E-6 3.72577E-6 3.99062E-6 3.06844E-6 2.94072E-6 2.93134E-6
1.68096E-5 1.44548E-5 1.53157E-5 1.50352E-5 1.38181E-5 1.4961E-5 1.45212E-5 2.3796E-5 2.219E-5 2.35961E-5 2.35535E-5 1.99271E-5 2.31826E-5 1.78692E-5 2.02604E-5 2.25057E-5 1.66994E-5 2.01058E-5 1.48367E-5 1.09871E-5 1.5919E-5 2.64639E-5 2.57672E-5 1.91201E-5 2.33894E-5 2.14219E-5 2.05569E-5 1.4206E-5 9.73724E-6 8.46231E-6 1.01261E-5 1.20469E-5 1.89934E-5 2.02404E-5 2.16036E-5 1.81354E-5 1.74363E-5 1.50121E-5 1.19736E-5 8.91851E-6 8.96059E-6 8.56267E-6 1.09657E-5 1.12696E-5 1.22898E-5 1.11252E-5 1.1314E-5 6.2314E-6 5.94404E-6 8.57614E-6 7.71902E-6 1.08519E-5 9.53159E-6 1.20972E-5 7.89283E-6 4.37485E-6 3.61182E-6 3.10244E-6 3.00476E-6 3.33486E-6 3.15058E-6
2.12265E-5 1.24989E-5 1.83466E-5 2.62651E-5 2.01728E-5 1.37289E-5 1.46313E-5 2.36962E-5 2.06778E-5 2.22734E-5 2.39614E-5 2.22607E-5 2.64038E-5 2.37721E-5 2.0998E-5 2.1267E-5 1.99132E-5 2.28186E-5 1.51994E-5 1.25862E-5 1.2819E-5 2.43455E-5 2.62013E-5 1.74437E-5 2.40396E-5 2.48323E-5 2.22072E-5 2.20005E-5 1.65732E-5 1.66588E-5 2.14792E-5 1.89846E-5 2.0879E-5 1.58504E-5 1.83995E-5 1.90513E-5 2.00528E-5 2.11381E-5 1.58972E-5 1.76212E-5 2.50048E-5 2.0005E-5 1.42569E-5 1.23345E-5 2.28833E-5 1.30182E-5 1.8165E-5 1.57755E-5 6.83846E-6 5.78624E-6 5.76826E-6 8.21816E-6 1.25517E-5 5.14864E-6 4.65021E-6 4.28318E-6 3.59691E-6 3.56855E-6 3.44552E-6 3.36262E-6 3.23933E-6
2.57723E-5 2.43235E-5 3.23433E-5 3.52553E-5 2.1201E-5 1.97276E-5 2.44647E-5 2.69781E-5 2.52741E-5 2.34812E-5 1.70679E-5 1.69275E-5 2.62202E-5 3.57774E-5 2.50724E-5 2.64857E-5 2.15866E-5 2.36115E-5 1.80058E-5 1.41428E-5 1.52639E-5 1.52883E-5 1.49347E-5 1.89184E-5 2.87278E-5 3.09957E-5 2.22263E-5 2.37473E-5 2.09363E-5 2.22938E-5 2.39579E-5 2.23043E-5 1.98221E-5 1.72561E-5 2.11255E-5 2.07976E-5 2.20852E-5 8.31177E-6 1.50676E-5 1.0264E-5 9.32537E-6 7.91659E-6 7.19769E-6 7.03436E-6 6.42956E-6 6.26306E-6 7.89311E-6 1.30621E-5 1.36214E-5 1.08853E-5 6.9499E-6 9.77336E-6 1.03683E-5 5.24129E-6 4.23919E-6 4.03489E-6 4.21684E-6 4.26049E-6 3.45475E-6 3.48664E-6 3.44994E-6
3.81925E-5 4.34929E-5 3.16573E-5 4.02367E-5 2.05783E-5 2.05674E-5 2.21906E-5 2.59427E-5 2.60364E-5 2.53233E-5 2.11111E-5 2.24818E-5 2.50749E-5 2.53916E-5 2.37283E-5 2.54451E-5 2.84696E-5 2.79594E-5 3.19857E-5 1.70818E-5 1.70863E-5 1.78721E-5 1.79695E-5 1.69014E-5 2.3118E-5 3.20759E-5 2.6672E-5 2.35597E-5 2.06665E-5 1.90979E-5 1.95098E-5 2.04287E-5 1.81412E-5 2.22519E-5 2.24422E-5 2.23343E-5 2.03477E-5 1.33081E-5 1.02569E-5 1.0401E-5 9.09032E-6 8.78915E-6 9.85695E-6 9.6495E-6 1.14772E-5 8.56581E-6 1.50326E-5 1.3153E-5 9.38659E-6 1.12253E-5 1.5394E-5 1.24332E-5 1.05079E-5 7.35183E-6 5.55313E-6 4.58444E-6 5.02051E-6 4.59077E-6 3.68925E-6 3.80758E-6 3.51182E-6
4.77738E-5 3.60852E-5 2.74795E-5 2.40355E-5 2.32443E-5 1.96636E-5 1.82087E-5 2.67541E-5 2.48491E-5 2.46099E-5 2.46123E-5 2.30419E-5 2.23277E-5 2.67301E-5 2.38973E-5 2.92531E-5 2.86118E-5 2.62795E-5 3.69698E-5 2.15805E-5 1.9844E-5 2.06579E-5 2.09225E-5 1.98331E-5 1.74569E-5 2.8665E-5 2.91826E-5 2.75752E-5 2.42498E-5 1.90058E-5 2.49021E-5 1.94963E-5 1.96743E-5 2.2783E-5 2.35767E-5 1.6766E-5 1.35216E-5 1.08682E-5 1.22603E-5 1.25681E-5 1.27874E-5 1.10899E-5 1.0237E-5 9.22421E-6 1.0564E-5 1.32912E-5 1.2027E-5 1.20885E-5 9.18414E-6 6.5816E-6 1.11049E-5 1.25693E-5 1.68599E-5 1.64633E-5 1.28947E-5 1.04187E-5 4.47914E-6 4.17454E-6 4.658E-6 3.81788E-6 3.39617E-6
3.57501E-5 3.00265E-5 2.5101E-5 2.75315E-5 2.58059E-5 2.83917E-5 2.80367E-5 2.64548E-5 2.75361E-5 2.68688E-5 2.59569E-5 2.08988E-5 2.4053E-5 2.51685E-5 3.03411E-5 2.28554E-5 4.00907E-5 3.14912E-5 3.40619E-5 3.75561E-5 2.20551E-5 2.16341E-5 2.1783E-5 2.02765E-5 1.84133E-5 2.01794E-5 3.0536E-5 2.97621E-5 2.46284E-5 2.57565E-5 2.3177E-5 2.07644E-5 1.97627E-5 2.1056E-5 1.54791E-5 1.17586E-5 1.87908E-5 1.11737E-5 1.13187E-5 1.55695E-5 -9999 1.64407E-5 1.55572E-5 1.31844E-5 1.43849E-5 1.46105E-5 1.86752E-5 1.36195E-5 1.1392E-5 8.19849E-6 1.44072E-5 1.70049E-5 1.76034E-5 1.62745E-5 8.81822E-6 8.88749E-6 5.92082E-6 4.55686E-6 3.96474E-6 3.86317E-6 3.62152E-6
1.53396E-5 2.43694E-5 3.87397E-5 3.43902E-5 2.6829E-5 2.88972E-5 2.83875E-5 2.45174E-5 2.73757E-5 2.7939E-5 2.63395E-5 2.35829E-5 2.63911E-5 2.72603E-5 4.9268E-5 2.67636E-5 2.77467E-5 3.71343E-5 3.88119E-5 4.37862E-5 2.84826E-5 2.38717E-5 2.23799E-5 2.25122E-5 1.96644E-5 1.72528E-5 2.30034E-5 2.44529E-5 2.34665E-5 2.19468E-5 2.30994E-5 2.06907E-5 1.79291E-5 1.42941E-5 1.35179E-5 1.24733E-5 1.41692E-5 1.2765E-5 1.75237E-5 1.3684E-5 -9999 1.77354E-5 1.36217E-4 1.60987E-5 1.19997E-5 1.36976E-5 1.39307E-5 1.53051E-5 1.23178E-5 1.75518E-5 1.4422E-5 1.37014E-5 2.80243E-5 1.26001E-5 1.35612E-5 8.34601E-6 6.05859E-6 5.06866E-6 4.6087E-6 4.36212E-6 3.70264E-6
1.88238E-5 2.2593E-5 2.98503E-5 3.13739E-5 3.07885E-5 2.9539E-5 3.1113E-5 2.84239E-5 2.60665E-5 2.3996E-5 2.27908E-5 2.08119E-5 2.60133E-5 2.82595E-5 3.3286E-5 3.17332E-5 2.74343E-5 3.38648E-5 3.93553E-5 3.58646E-5 2.44091E-5 2.42867E-5 2.32225E-5 2.33916E-5 2.03398E-5 1.88308E-5 1.64397E-5 1.82552E-5 1.73729E-5 1.36752E-5 1.68672E-5 2.28954E-5 2.0143E-5 1.44924E-5 1.43077E-5 1.96923E-5 1.57228E-5 1.26087E-5 1.28155E-5 1.67185E-5 2.45252E-5 1.94246E-5 1.78672E-5 1.65526E-5 1.4728E-5 9.3937E-6 1.28994E-5 8.75296E-6 1.61041E-5 1.46846E-5 1.00445E-5 1.22762E-5 1.73461E-5 1.43513E-5 6.64338E-6 6.18023E-6 6.86325E-6 4.42945E-6 4.53941E-6 4.56856E-6 4.32555E-6
3.21926E-5 2.97933E-5 2.62438E-5 2.88019E-5 2.98795E-5 2.62151E-5 2.95337E-5 2.88364E-5 2.43806E-5 2.67248E-5 2.55298E-5 2.87647E-5 2.66045E-5 2.943E-5 2.57305E-5 1.80643E-5 1.92333E-5 2.11261E-5 2.38202E-5 2.37152E-5 2.56417E-5 2.49737E-5 2.37182E-5 2.36E-5 2.23163E-5 2.0421E-5 1.89278E-5 1.74253E-5 1.66068E-5 1.5285E-5 1.75976E-5 1.62766E-5 1.54049E-5 1.59364E-5 1.63737E-5 1.2685E-5 1.53192E-5 2.12091E-5 1.88003E-5 1.74727E-5 1.45496E-5 2.36505E-5 2.46875E-5 1.49281E-5 1.51388E-5 1.37631E-5 1.04637E-5 9.04599E-6 1.09096E-5 1.39576E-5 6.96864E-6 7.72521E-6 6.62644E-6 4.66888E-6 4.90644E-6 5.57793E-6 6.06345E-6 5.52284E-6 4.7588E-6 4.31403E-6 4.44519E-6
4.62503E-5 4.22926E-5 2.82172E-5 2.49738E-5 3.2214E-5 2.82923E-5 2.92963E-5 3.20801E-5 2.93722E-5 2.95375E-5 2.68036E-5 2.16872E-5 2.80388E-5 3.13144E-5 1.95632E-5 2.11532E-5 2.26083E-5 2.38335E-5 2.58606E-5 2.54786E-5 2.57358E-5 2.57494E-5 2.56777E-5 2.41022E-5 2.41677E-5 2.25724E-5 2.18887E-5 2.0002E-5 2.1564E-5 2.62224E-5 2.69285E-5 2.39389E-5 1.51884E-5 1.41603E-5 1.26221E-5 1.83479E-5 1.98472E-5 2.08483E-5 2.05544E-5 1.7357E-5 2.14937E-5 1.67709E-5 1.42549E-5 1.7611E-5 1.78509E-5 1.69411E-5 8.61394E-6 7.39499E-6 8.0272E-6 1.38316E-5 4.93398E-6 5.29019E-6 4.80338E-6 4.59213E-6 4.64781E-6 4.76775E-6 5.17476E-6 4.95399E-6 5.62208E-6 5.65868E-6 4.50962E-6
4.59423E-5 3.19483E-5 3.01281E-5 2.57074E-5 3.13388E-5 3.12987E-5 2.96665E-5 2.73843E-5 2.31266E-5 3.16863E-5 2.98773E-5 3.08099E-5 2.70062E-5 2.60498E-5 2.15175E-5 2.41702E-5 2.53834E-5 2.63461E-5 2.60299E-5 2.65424E-5 2.66923E-5 2.69947E-5 2.64638E-5 2.63657E-5 2.62092E-5 2.60867E-5 2.38418E-5 2.32806E-5 2.23244E-5 2.8712E-5 3.41013E-5 2.12271E-5 1.62035E-5 1.35805E-5 1.79786E-5 2.16671E-5 1.95366E-5 2.1542E-5 1.86016E-5 1.98732E-5 1.78777E-5 1.79824E-5 1.79016E-5 1.92558E-5 1.49027E-5 1.70779E-5 1.12694E-5 1.0585E-5 1.23099E-5 7.43683E-6 5.0842E-6 5.18226E-6 4.72301E-6 4.58373E-6 5.51064E-6 6.05903E-6 6.81997E-6 7.56704E-6 7.0007E-6 7.73198E-6 6.19774E-6
3.21811E-5 3.08515E-5 3.04857E-5 3.23485E-5 2.43506E-5 3.39643E-5 2.78814E-5 2.04782E-5 1.59492E-5 1.81477E-5 2.30033E-5 4.44925E-5 2.9925E-5 2.24145E-5 2.48786E-5 2.63873E-5 2.672E-5 2.6717E-5 2.67322E-5 2.74781E-5 2.69324E-5 2.73513E-5 2.69306E-5 2.78768E-5 2.84936E-5 2.66255E-5 2.63377E-5 2.37976E-5 2.19845E-5 2.44842E-5 3.01775E-5 2.56243E-5 1.97407E-5 3.41213E-5 2.51323E-5 1.97735E-5 1.62178E-5 1.79936E-5 1.9496E-5 1.84025E-5 2.07248E-5 1.86336E-5 1.83608E-5 1.95213E-5 2.93674E-5 1.55302E-5 1.2629E-5 2.45536E-5 -9999 7.88857E-6 5.80281E-6 5.67667E-6 5.41885E-6 5.65643E-6 6.63405E-6 8.73964E-6 9.53264E-6 1.09845E-5 9.07543E-6 5.66249E-6 6.04169E-6
2.2825E-5 2.52261E-5 2.9923E-5 3.1482E-5 2.76628E-5 1.82231E-5 1.80702E-5 2.89686E-5 1.96647E-5 1.82773E-5 1.97331E-5 3.07176E-5 2.63269E-5 2.5539E-5 2.75542E-5 2.71163E-5 2.7225E-5 2.75113E-5 2.72721E-5 2.74715E-5 2.91811E-5 2.95221E-5 2.96088E-5 3.01054E-5 3.01185E-5 2.79644E-5 3.30801E-5 2.78964E-5 2.21199E-5 1.91858E-5 1.99455E-5 2.27102E-5 1.7448E-5 2.05407E-5 1.92041E-5 1.99629E-5 1.92465E-5 1.90161E-5 1.70587E-5 1.49652E-5 1.59552E-5 2.13882E-5 1.81735E-5 1.28E-5 1.42501E-5 1.05478E-5 1.1899E-5 1.13872E-5 1.26532E-5 1.38616E-5 9.88724E-6 7.49362E-6 7.87612E-6 1.36328E-5 1.24233E-5 2.05991E-5 1.44818E-5 1.07789E-5 8.83015E-6 6.19469E-6 6.73698E-6
3.03862E-5 1.63687E-5 1.99249E-5 3.10141E-5 3.21029E-5 3.01983E-5 1.98767E-5 1.92902E-5 2.2198E-5 2.02093E-5 2.22173E-5 2.43244E-5 2.72724E-5 2.77722E-5 2.94148E-5 2.98145E-5 2.96306E-5 3.02774E-5 2.97859E-5 3.03612E-5 3.01093E-5 3.05299E-5 3.07944E-5 3.03947E-5 3.36914E-5 5.12919E-5 5.44394E-5 4.91923E-5 2.7287E-5 3.11992E-5 4.99696E-5 3.51764E-5 3.28419E-5 2.26566E-5 1.83716E-5 2.41372E-5 2.19393E-5 2.34988E-5 1.96239E-5 1.58907E-5 1.63041E-5 2.01984E-5 1.8053E-5 1.21573E-5 1.71193E-5 1.32961E-5 9.03913E-6 1.04995E-5 1.51986E-5 1.30864E-5 9.94764E-6 1.5299E-5 1.47328E-5 9.76091E-6 1.42348E-5 1.17736E-5 1.22729E-5 9.89808E-6 7.08699E-6 5.01124E-6 4.55362E-6
2.95703E-5 2.67006E-5 2.00486E-5 2.53715E-5 3.17322E-5 3.31822E-5 3.17812E-5 3.15382E-5 2.39623E-5 2.26631E-5 2.53392E-5 2.78389E-5 2.9915E-5 3.03231E-5 3.00662E-5 3.05897E-5 2.98773E-5 3.036E-5 3.04924E-5 3.04445E-5 3.09515E-5 3.06986E-5 3.12217E-5 3.77038E-5 6.8255E-5 5.09951E-5 5.16694E-5 4.51944E-5 4.73857E-5 4.76068E-5 5.23816E-5 3.41955E-5 3.17806E-5 2.90725E-5 2.12501E-5 2.38131E-5 2.2846E-5 2.33225E-5 2.32365E-5 1.77936E-5 2.10415E-5 1.69617E-5 1.49611E-5 1.85196E-5 1.86883E-5 1.54017E-5 1.71984E-5 9.59262E-6 1.61239E-5 9.58483E-6 6.87762E-6 8.15292E-6 8.90059E-6 1.0454E-5 1.01423E-5 1.21685E-5 1.23699E-5 9.11466E-6 9.41418E-6 4.67577E-6 3.86159E-6
