Candidate_Models_July82022/M_0.6_F_lqp_Set_1_all/Bison.asc
ncols         290
nrows         380
xllcorner     -2197417.7431653
yllcorner     -584827.01486885
cellsize      10000.0
NODATA_value  -9999
[rows 297 to 323 of 380, columns 183 to 243 of 290]
2.45785E-4 3.08634E-4 1.84881E-4 1.80164E-4 1.92644E-4 1.86901E-4 1.86666E-4 1.84746E-4 1.85731E-4 2.02055E-4 1.93053E-4 2.08093E-4 2.02572E-4 1.93767E-4 1.74028E-4 1.61128E-4 1.70659E-4 1.68976E-4 1.55472E-4 1.65693E-4 1.71499E-4 1.54823E-4 1.57286E-4 1.66399E-4 1.58605E-4 1.69637E-4 1.66035E-4 1.65795E-4 1.66787E-4 1.9796E-4 1.75971E-4 1.73166E-4 1.66356E-4 1.81822E-4 1.57726E-4 2.63475E-4 2.3716E-4 1.8897E-4 1.93351E-4 2.27876E-4 1.72399E-4 2.1349E-4 2.11145E-4 1.50487E-4 1.25364E-4 1.44859E-4 1.37963E-4 1.28577E-4 1.25325E-4 1.51195E-4 1.21863E-4 1.4021E-4 1.25299E-4 1.08328E-4 1.02227E-4 1.04453E-4 1.02782E-4 9.69764E-5 9.44034E-5 8.6923E-5 9.09032E-5
2.79489E-4 2.70762E-4 2.02384E-4 1.84337E-4 1.94884E-4 1.96165E-4 1.8966E-4 1.9328E-4 1.88345E-4 1.9305E-4 1.78197E-4 1.87042E-4 1.8696E-4 1.80952E-4 1.84082E-4 1.79739E-4 1.68685E-4 1.59339E-4 1.5796E-4 1.69544E-4 1.8073E-4 1.73637E-4 1.63823E-4 1.63491E-4 1.61201E-4 1.7064E-4 1.69032E-4 1.96973E-4 1.82422E-4 2.46419E-4 1.70449E-4 1.82081E-4 1.73511E-4 1.59453E-4 1.6414E-4 2.87015E-4 1.72001E-4 1.76703E-4 3.28979E-4 2.93174E-4 2.46573E-4 2.10478E-4 1.98621E-4 2.18862E-4 1.32685E-4 1.28097E-4 1.42341E-4 1.80323E-4 1.23005E-4 1.26514E-4 1.20677E-4 1.56239E-4 1.22679E-4 1.05241E-4 1.04195E-4 1.05193E-4 1.03313E-4 9.76526E-5 9.53077E-5 9.16549E-5 8.97921E-5
2.17073E-4 2.20375E-4 1.8916E-4 1.91691E-4 1.92842E-4 1.99514E-4 1.84686E-4 1.86641E-4 1.92971E-4 1.6568E-4 1.79689E-4 1.88708E-4 1.83343E-4 1.78664E-4 1.79285E-4 1.7495E-4 1.70077E-4 1.56459E-4 1.57191E-4 1.65536E-4 1.78356E-4 1.94181E-4 1.78713E-4 1.73109E-4 1.65007E-4 1.62747E-4 1.66896E-4 1.76794E-4 1.70705E-4 2.13058E-4 1.82824E-4 1.79023E-4 1.75103E-4 1.73208E-4 1.52647E-4 1.64728E-4 1.52328E-4 1.49143E-4 3.53777E-4 2.38E-4 2.67114E-4 2.09751E-4 2.14985E-4 1.83165E-4 1.3351E-4 1.46334E-4 1.77242E-4 1.2955E-4 1.2659E-4 1.60531E-4 1.3212E-4 1.27654E-4 1.65325E-4 1.11761E-4 1.08299E-4 1.06108E-4 1.01176E-4 9.6908E-5 9.49823E-5 9.17118E-5 1.19864E-4
1.7216E-4 3.59987E-4 2.05421E-4 1.70894E-4 1.81348E-4 1.8617E-4 1.91262E-4 1.88598E-4 1.88863E-4 1.63703E-4 1.7413E-4 1.92295E-4 1.67679E-4 1.72336E-4 1.96905E-4 2.22621E-4 1.68101E-4 1.65578E-4 1.6179E-4 1.71377E-4 1.79352E-4 1.76986E-4 1.70741E-4 1.68819E-4 1.69109E-4 1.58198E-4 1.70535E-4 1.74512E-4 1.7866E-4 2.09284E-4 1.76708E-4 1.74746E-4 1.59408E-4 1.58204E-4 1.6872E-4 1.9232E-4 1.6498E-4 1.48031E-4 2.79123E-4 1.92374E-4 1.87686E-4 2.50681E-4 1.83265E-4 1.97183E-4 1.39244E-4 1.33113E-4 1.94844E-4 1.37064E-4 1.31579E-4 1.4484E-4 1.72843E-4 1.55006E-4 1.25825E-4 1.15972E-4 1.09777E-4 1.06571E-4 1.0412E-4 1.02957E-4 9.60146E-5 9.27669E-5 2.75501E-4
1.58024E-4 2.65129E-4 3.06922E-4 1.75121E-4 1.80166E-4 1.79869E-4 1.83405E-4 1.85955E-4 2.00778E-4 1.87942E-4 1.83507E-4 1.92162E-4 1.81797E-4 2.08299E-4 1.75611E-4 1.73166E-4 1.77211E-4 1.73406E-4 1.69395E-4 1.79939E-4 1.84542E-4 1.85143E-4 1.68916E-4 1.67367E-4 1.7175E-4 1.59835E-4 1.68998E-4 1.79062E-4 1.64542E-4 1.88401E-4 4.53042E-4 1.64356E-4 1.61362E-4 1.7331E-4 1.57958E-4 1.62757E-4 1.65064E-4 2.00673E-4 2.82924E-4 1.71781E-4 1.789E-4 2.33838E-4 2.12069E-4 2.12417E-4 1.42525E-4 1.34063E-4 1.32724E-4 1.21983E-4 1.26617E-4 1.37642E-4 1.28362E-4 1.27352E-4 1.30898E-4 1.23496E-4 1.13432E-4 1.41461E-4 1.04795E-4 1.03472E-4 9.97098E-5 9.64082E-5 1.09675E-4
1.61367E-4 1.57706E-4 1.64362E-4 1.86166E-4 1.76183E-4 1.81895E-4 1.83548E-4 1.87391E-4 1.75557E-4 1.82042E-4 1.90869E-4 1.92459E-4 1.80935E-4 1.82461E-4 1.79272E-4 1.72753E-4 1.78199E-4 1.69604E-4 1.6618E-4 1.68376E-4 1.83836E-4 1.78945E-4 1.71321E-4 1.75677E-4 1.70398E-4 1.651E-4 1.77582E-4 1.3893E-4 1.83389E-4 1.84848E-4 3.28561E-4 1.70815E-4 1.59513E-4 1.58859E-4 1.87204E-4 3.07391E-4 3.75512E-4 1.85022E-4 1.51155E-4 1.83183E-4 2.46174E-4 1.7535E-4 2.07753E-4 1.68361E-4 1.40467E-4 1.30847E-4 1.34578E-4 1.24515E-4 1.25478E-4 1.36633E-4 1.28884E-4 1.26936E-4 1.33874E-4 1.24728E-4 1.16654E-4 1.25346E-4 1.06915E-4 1.01112E-4 9.8701E-5 9.62554E-5 9.24376E-5
1.60869E-4 1.56504E-4 1.70531E-4 1.67323E-4 1.76869E-4 1.85894E-4 1.8503E-4 1.83438E-4 1.8439E-4 2.64882E-4 2.03985E-4 1.89753E-4 1.85066E-4 1.78695E-4 1.84989E-4 1.82547E-4 1.78891E-4 1.76783E-4 1.87502E-4 1.75478E-4 1.77157E-4 1.97666E-4 2.73515E-4 1.74533E-4 1.8453E-4 1.71505E-4 1.64977E-4 1.65091E-4 1.68294E-4 1.59567E-4 1.95674E-4 2.55955E-4 1.83253E-4 1.79501E-4 2.16472E-4 2.14075E-4 1.59163E-4 1.74172E-4 1.67798E-4 2.35821E-4 2.90241E-4 2.0249E-4 1.83342E-4 2.41247E-4 1.74699E-4 1.41301E-4 1.32228E-4 1.23166E-4 1.31288E-4 1.27816E-4 1.30049E-4 1.29482E-4 1.39432E-4 1.25081E-4 1.19514E-4 1.12485E-4 1.14509E-4 1.07588E-4 1.09957E-4 1.02895E-4 9.30825E-5
1.53921E-4 1.60168E-4 1.66481E-4 1.79956E-4 1.86675E-4 1.76819E-4 1.84659E-4 1.86011E-4 1.85964E-4 1.85165E-4 1.91739E-4 1.97422E-4 1.87339E-4 1.65517E-4 1.73195E-4 1.76011E-4 1.77392E-4 1.80479E-4 1.82754E-4 1.86448E-4 1.78809E-4 1.78098E-4 1.72312E-4 1.66489E-4 1.766E-4 1.78668E-4 1.71001E-4 1.76475E-4 1.78918E-4 1.7246E-4 1.75168E-4 1.70113E-4 1.96173E-4 1.59739E-4 1.72289E-4 1.72662E-4 2.23837E-4 1.69752E-4 2.40613E-4 1.56942E-4 1.82975E-4 1.59252E-4 1.84171E-4 2.29199E-4 1.90606E-4 1.39807E-4 1.35546E-4 1.32667E-4 1.27217E-4 1.32531E-4 1.2592E-4 1.2602E-4 1.28587E-4 1.28305E-4 1.24518E-4 1.18038E-4 1.18674E-4 1.3957E-4 1.2961E-4 9.9185E-5 9.41559E-5
1.61723E-4 1.66884E-4 1.71692E-4 1.96912E-4 1.75873E-4 1.79911E-4 1.71073E-4 1.8745E-4 1.90175E-4 1.87564E-4 1.84034E-4 1.87987E-4 1.79511E-4 1.81631E-4 1.76029E-4 1.75487E-4 1.69862E-4 1.8055E-4 1.87976E-4 1.83462E-4 1.85006E-4 1.79834E-4 1.75997E-4 1.71874E-4 1.85868E-4 1.78702E-4 1.71514E-4 1.66597E-4 1.84105E-4 1.81729E-4 1.68489E-4 1.62254E-4 1.93053E-4 1.81344E-4 1.8648E-4 1.75458E-4 1.68311E-4 1.69228E-4 2.55191E-4 1.74643E-4 1.72385E-4 2.29523E-4 2.06847E-4 1.91523E-4 1.90218E-4 1.50802E-4 1.4274E-4 1.36889E-4 1.32947E-4 1.35793E-4 1.3984E-4 1.30111E-4 1.53736E-4 1.31947E-4 1.23293E-4 1.17544E-4 1.51454E-4 1.2838E-4 1.1213E-4 9.84381E-5 9.34985E-5
1.89585E-4 1.64594E-4 1.60616E-4 1.68722E-4 2.3498E-4 1.81385E-4 1.71652E-4 1.77292E-4 1.85133E-4 1.83672E-4 1.77228E-4 1.80463E-4 1.80612E-4 1.82662E-4 1.78611E-4 1.74031E-4 1.71825E-4 1.76278E-4 1.821E-4 1.71789E-4 1.77952E-4 1.68909E-4 1.69948E-4 1.80941E-4 1.8555E-4 1.84268E-4 1.68927E-4 1.68294E-4 1.62412E-4 1.56373E-4 1.68399E-4 1.57595E-4 1.79234E-4 1.68491E-4 1.82505E-4 1.87024E-4 1.84814E-4 1.75746E-4 1.66993E-4 2.0993E-4 2.20056E-4 2.15406E-4 1.95324E-4 1.84279E-4 2.25244E-4 1.59324E-4 1.41416E-4 1.35452E-4 1.25459E-4 1.32885E-4 1.31827E-4 1.38287E-4 1.39308E-4 1.30565E-4 1.22602E-4 1.2097E-4 1.4543E-4 1.86224E-4 1.6489E-4 9.76937E-5 9.1612E-5
1.52154E-4 1.64609E-4 1.6535E-4 1.70037E-4 2.23963E-4 2.0579E-4 1.7472E-4 1.76796E-4 1.83558E-4 1.81616E-4 1.83767E-4 1.81459E-4 1.80493E-4 1.71204E-4 1.74099E-4 1.70998E-4 1.75464E-4 1.81006E-4 1.75726E-4 1.81498E-4 1.8033E-4 1.77431E-4 1.81263E-4 1.7188E-4 1.88649E-4 1.76169E-4 1.79251E-4 1.68061E-4 1.65139E-4 1.59988E-4 1.65552E-4 1.76133E-4 1.8232E-4 1.49118E-4 1.65596E-4 1.65541E-4 1.775E-4 1.62291E-4 1.80103E-4 1.81021E-4 1.88994E-4 2.16443E-4 2.40511E-4 2.01537E-4 1.99932E-4 1.70463E-4 1.39523E-4 1.37074E-4 1.29954E-4 1.39585E-4 1.22065E-4 1.33122E-4 1.66345E-4 1.27596E-4 1.29129E-4 1.20472E-4 1.35295E-4 1.16094E-4 1.03877E-4 9.78664E-5 9.21448E-5
1.59712E-4 1.5844E-4 1.70689E-4 1.69651E-4 1.68196E-4 2.01194E-4 1.77209E-4 1.8072E-4 1.80963E-4 1.84424E-4 1.84854E-4 1.87322E-4 1.76717E-4 1.88106E-4 1.82618E-4 1.77741E-4 1.73662E-4 1.7216E-4 1.75897E-4 1.71762E-4 1.72709E-4 1.82181E-4 1.73071E-4 1.73004E-4 1.66371E-4 1.61965E-4 1.70644E-4 1.5815E-4 1.5715E-4 1.4922E-4 1.61938E-4 1.58522E-4 1.83433E-4 1.52063E-4 1.75631E-4 1.90749E-4 1.75328E-4 1.77276E-4 1.87659E-4 1.88512E-4 2.32406E-4 2.25075E-4 1.8659E-4 2.4349E-4 2.22478E-4 1.72509E-4 1.34425E-4 1.34059E-4 1.25237E-4 1.34551E-4 1.33581E-4 1.27125E-4 1.85862E-4 1.54615E-4 1.26506E-4 1.24267E-4 1.45219E-4 1.11821E-4 1.25428E-4 1.1028E-4 9.29968E-5
1.51545E-4 1.67408E-4 1.63373E-4 1.68145E-4 1.76997E-4 1.84641E-4 1.78361E-4 1.80394E-4 1.81427E-4 1.7887E-4 1.77231E-4 1.87052E-4 1.77545E-4 1.78218E-4 1.78566E-4 1.80681E-4 1.78199E-4 1.76591E-4 1.6603E-4 1.63237E-4 1.63071E-4 1.71932E-4 1.75237E-4 1.8234E-4 1.74288E-4 1.69126E-4 1.58099E-4 1.61544E-4 1.69927E-4 1.76116E-4 1.75316E-4 2.17677E-4 1.76883E-4 1.56139E-4 1.77882E-4 1.84262E-4 1.95142E-4 1.80456E-4 1.76827E-4 2.11634E-4 2.42261E-4 3.79331E-4 2.07333E-4 2.08375E-4 2.27211E-4 1.69738E-4 1.33132E-4 1.3462E-4 1.27729E-4 1.24736E-4 1.24403E-4 1.27847E-4 1.7149E-4 1.39182E-4 1.34734E-4 1.39352E-4 1.23733E-4 1.23432E-4 1.643E-4 1.91474E-4 1.80362E-4
1.56517E-4 1.83327E-4 2.40918E-4 1.69819E-4 1.81913E-4 1.68895E-4 1.72372E-4 1.76574E-4 1.74431E-4 1.75498E-4 1.81203E-4 2.27548E-4 1.74955E-4 1.72654E-4 1.68129E-4 1.74777E-4 1.82125E-4 1.72191E-4 1.63235E-4 1.62155E-4 1.53324E-4 1.64464E-4 1.60386E-4 1.5851E-4 1.60507E-4 1.6426E-4 1.56123E-4 1.6564E-4 1.58134E-4 1.65077E-4 1.53623E-4 1.70974E-4 3.09146E-4 1.53568E-4 1.57275E-4 1.6553E-4 2.00864E-4 1.7629E-4 1.95755E-4 1.90662E-4 2.45405E-4 2.17454E-4 2.51201E-4 2.13282E-4 2.09609E-4 1.40069E-4 1.34292E-4 1.31182E-4 1.30707E-4 1.25643E-4 1.26546E-4 1.94584E-4 2.46017E-4 1.79718E-4 1.23176E-4 1.24483E-4 1.39845E-4 1.47664E-4 1.5768E-4 1.12402E-4 1.21831E-4
1.62952E-4 3.46683E-4 3.23532E-4 1.94677E-4 2.03921E-4 1.69954E-4 1.65683E-4 1.80152E-4 1.76975E-4 2.40806E-4 1.68285E-4 1.76086E-4 1.7671E-4 1.76046E-4 1.65019E-4 1.60243E-4 1.66573E-4 1.76916E-4 1.59878E-4 1.6132E-4 1.61802E-4 1.64592E-4 1.68513E-4 1.69275E-4 1.73007E-4 1.70185E-4 1.75018E-4 1.64458E-4 1.6059E-4 1.59406E-4 1.57493E-4 1.61989E-4 2.84178E-4 3.59453E-4 1.91786E-4 1.60684E-4 1.78919E-4 1.81313E-4 1.65893E-4 1.66778E-4 1.85787E-4 1.73758E-4 2.0959E-4 2.14919E-4 1.6916E-4 1.37854E-4 1.38455E-4 1.32673E-4 1.26462E-4 1.31137E-4 1.3991E-4 2.29806E-4 1.66611E-4 2.50549E-4 1.27962E-4 1.16684E-4 1.45117E-4 1.1118E-4 1.27254E-4 1.19243E-4 1.16054E-4
2.44634E-4 2.04654E-4 1.66101E-4 2.56214E-4 2.13919E-4 1.7708E-4 1.60034E-4 1.72414E-4 1.75384E-4 1.6418E-4 1.79212E-4 1.72039E-4 1.75569E-4 1.74218E-4 1.77241E-4 1.65642E-4 1.62113E-4 1.5136E-4 1.61905E-4 1.65817E-4 1.50644E-4 1.61071E-4 1.58259E-4 1.6428E-4 1.65069E-4 1.62197E-4 1.65094E-4 1.56169E-4 1.59222E-4 1.50936E-4 1.48867E-4 1.54983E-4 1.63683E-4 3.18712E-4 1.59551E-4 1.53082E-4 1.58203E-4 1.68294E-4 1.73917E-4 1.57728E-4 1.70113E-4 1.82293E-4 2.07745E-4 1.69899E-4 1.56379E-4 1.37748E-4 1.42129E-4 1.30819E-4 1.38686E-4 1.35741E-4 2.32292E-4 2.04545E-4 2.24922E-4 1.77521E-4 1.30112E-4 1.23715E-4 2.04649E-4 1.4754E-4 1.18521E-4 1.07293E-4 1.1251E-4
2.99864E-4 4.19587E-4 1.84635E-4 2.73203E-4 2.03017E-4 1.75559E-4 1.66409E-4 1.7223E-4 1.71935E-4 1.71617E-4 1.72246E-4 1.70194E-4 1.72551E-4 1.65489E-4 1.54916E-4 1.52972E-4 1.62848E-4 1.56888E-4 1.71649E-4 2.1802E-4 1.39524E-4 1.36592E-4 1.53231E-4 1.57658E-4 1.60683E-4 1.5525E-4 1.66456E-4 1.41576E-4 1.61968E-4 1.54996E-4 1.59339E-4 1.49392E-4 1.5317E-4 2.03139E-4 3.0525E-4 1.58928E-4 1.51229E-4 1.60568E-4 1.6485E-4 1.71067E-4 1.71621E-4 1.72891E-4 1.72768E-4 1.74919E-4 1.47375E-4 1.38304E-4 1.36647E-4 1.38345E-4 1.40663E-4 1.58681E-4 2.26783E-4 2.54057E-4 1.51341E-4 1.33009E-4 1.21276E-4 2.07853E-4 3.2401E-4 2.23294E-4 1.51412E-4 1.127E-4 1.04827E-4
3.50797E-4 3.62481E-4 2.29292E-4 2.72045E-4 2.30618E-4 1.72222E-4 1.7286E-4 1.71948E-4 1.73647E-4 1.74868E-4 1.70003E-4 1.67514E-4 1.56057E-4 1.57539E-4 1.55429E-4 1.55135E-4 1.4931E-4 1.43134E-4 1.45638E-4 1.51988E-4 1.39703E-4 1.47819E-4 1.52703E-4 1.46515E-4 1.58448E-4 1.42985E-4 1.45418E-4 1.49601E-4 1.44649E-4 1.25433E-4 1.39489E-4 1.44788E-4 2.01815E-4 3.15209E-4 2.30898E-4 1.61974E-4 1.63588E-4 1.71083E-4 1.71596E-4 1.58318E-4 1.54106E-4 1.59257E-4 1.63091E-4 1.6748E-4 1.46033E-4 1.42857E-4 1.39733E-4 1.32746E-4 1.29747E-4 1.6342E-4 1.59927E-4 1.61441E-4 1.78508E-4 1.24475E-4 1.26316E-4 2.13786E-4 3.32161E-4 3.03663E-4 2.17582E-4 1.06921E-4 1.17403E-4
2.01803E-4 2.08793E-4 2.05438E-4 2.47582E-4 1.7374E-4 1.63883E-4 1.56162E-4 1.63686E-4 1.67384E-4 1.69349E-4 1.70517E-4 1.90215E-4 1.66133E-4 1.6045E-4 1.63724E-4 1.60134E-4 1.49651E-4 1.51974E-4 1.46613E-4 1.53832E-4 1.50018E-4 1.45598E-4 1.43842E-4 1.4632E-4 1.4151E-4 1.48691E-4 1.39363E-4 1.44333E-4 1.43991E-4 1.50455E-4 1.37693E-4 1.40992E-4 2.95176E-4 3.33781E-4 1.44174E-4 1.47966E-4 1.54945E-4 1.6269E-4 1.56832E-4 1.57444E-4 1.52198E-4 1.5631E-4 1.56891E-4 1.64114E-4 1.4366E-4 1.44885E-4 1.37793E-4 1.4461E-4 1.37704E-4 1.32592E-4 1.99932E-4 1.30978E-4 1.38727E-4 1.29535E-4 1.31539E-4 2.73821E-4 2.66725E-4 1.74334E-4 1.7583E-4 1.23755E-4 1.07267E-4
1.8099E-4 1.82303E-4 1.85932E-4 1.99901E-4 2.00809E-4 1.8277E-4 1.96431E-4 1.97981E-4 1.61751E-4 1.6876E-4 1.68903E-4 1.69963E-4 1.64668E-4 1.55803E-4 1.4871E-4 1.52073E-4 1.53229E-4 1.45337E-4 1.51614E-4 1.55866E-4 1.53095E-4 1.50039E-4 1.46981E-4 1.51618E-4 1.44862E-4 1.40062E-4 1.41645E-4 1.39126E-4 1.36031E-4 1.42047E-4 1.47068E-4 1.52077E-4 1.53141E-4 2.66024E-4 2.60976E-4 1.60699E-4 1.60753E-4 1.71728E-4 1.7416E-4 1.59164E-4 1.56493E-4 1.49086E-4 1.61849E-4 1.48608E-4 1.49328E-4 1.43412E-4 1.44616E-4 1.35793E-4 2.32313E-4 1.34078E-4 2.06043E-4 1.33517E-4 1.3408E-4 1.31482E-4 1.90049E-4 2.58363E-4 3.24255E-4 3.45418E-4 2.07554E-4 1.4518E-4 1.07013E-4
2.43542E-4 1.97805E-4 1.96529E-4 3.72243E-4 2.57511E-4 1.68377E-4 1.9247E-4 1.71169E-4 1.61598E-4 1.62579E-4 1.61606E-4 1.6374E-4 1.92248E-4 1.55009E-4 1.55998E-4 1.52956E-4 1.51482E-4 1.5443E-4 1.59972E-4 1.50933E-4 1.48404E-4 1.4778E-4 1.46372E-4 1.47277E-4 1.48966E-4 1.46001E-4 1.40275E-4 1.39745E-4 1.42678E-4 1.44016E-4 1.46423E-4 1.49481E-4 1.4517E-4 3.11548E-4 3.28838E-4 1.50744E-4 1.58688E-4 1.56835E-4 1.51208E-4 1.5379E-4 1.61263E-4 1.55017E-4 1.53262E-4 1.54569E-4 1.45212E-4 1.43201E-4 1.38497E-4 1.38172E-4 1.30517E-4 1.78787E-4 1.36046E-4 1.27932E-4 1.35374E-4 1.40593E-4 1.54194E-4 1.98292E-4 2.36719E-4 3.43884E-4 1.33876E-4 1.41538E-4 1.20087E-4
2.26793E-4 2.09476E-4 1.81285E-4 2.12903E-4 2.18852E-4 1.81747E-4 3.62557E-4 1.98179E-4 1.59367E-4 1.52806E-4 1.57743E-4 1.48018E-4 1.48304E-4 1.51165E-4 1.59485E-4 1.58642E-4 1.59281E-4 1.59179E-4 1.50676E-4 1.53898E-4 1.41701E-4 1.40447E-4 1.41632E-4 1.47149E-4 1.4219E-4 1.39478E-4 1.41033E-4 1.42412E-4 1.35047E-4 1.30472E-4 1.31061E-4 1.39585E-4 1.40464E-4 1.64571E-4 3.31978E-4 1.40159E-4 1.41641E-4 2.03088E-4 1.51012E-4 1.71365E-4 1.57943E-4 1.61447E-4 1.53491E-4 1.5023E-4 1.41158E-4 1.46637E-4 1.63871E-4 1.3292E-4 1.29031E-4 1.58849E-4 1.31084E-4 1.25479E-4 1.22144E-4 1.38632E-4 1.51272E-4 1.98142E-4 2.35525E-4 3.58007E-4 1.47361E-4 1.30445E-4 1.48181E-4
2.76236E-4 1.74816E-4 1.82692E-4 1.8157E-4 1.73347E-4 1.65592E-4 2.58343E-4 2.68359E-4 2.59524E-4 1.5294E-4 1.50191E-4 1.48931E-4 1.48292E-4 1.47256E-4 1.46261E-4 1.46135E-4 1.41779E-4 1.42057E-4 1.43373E-4 1.42915E-4 1.2867E-4 1.3518E-4 1.35709E-4 1.34489E-4 1.29367E-4 1.18987E-4 1.29311E-4 1.06957E-4 1.20227E-4 1.28748E-4 1.22785E-4 1.36854E-4 1.3228E-4 1.34776E-4 3.114E-4 1.4188E-4 1.45443E-4 1.38192E-4 1.40547E-4 1.55856E-4 1.59541E-4 1.56852E-4 1.55577E-4 1.50025E-4 1.39172E-4 1.38054E-4 1.50756E-4 1.30175E-4 1.31569E-4 1.31855E-4 1.28981E-4 1.29648E-4 1.26848E-4 1.72775E-4 2.27815E-4 2.45597E-4 1.49872E-4 1.37985E-4 1.34534E-4 1.31418E-4 1.5313E-4
3.58118E-4 3.35358E-4 1.67963E-4 1.90584E-4 1.77097E-4 2.08526E-4 1.92882E-4 2.72774E-4 1.72185E-4 1.60858E-4 1.42441E-4 1.37842E-4 1.43549E-4 1.44409E-4 1.42571E-4 1.41902E-4 1.43599E-4 1.3499E-4 1.36051E-4 1.34203E-4 1.25707E-4 1.25727E-4 1.33431E-4 1.37687E-4 1.34295E-4 1.31456E-4 1.34906E-4 1.35253E-4 1.3026E-4 1.36705E-4 1.39301E-4 1.31661E-4 1.30596E-4 1.33424E-4 2.96432E-4 1.33609E-4 1.36244E-4 1.4516E-4 1.39915E-4 1.50101E-4 1.54188E-4 1.54659E-4 1.50573E-4 1.45039E-4 1.40418E-4 1.37373E-4 1.33082E-4 1.30554E-4 1.29677E-4 1.30967E-4 1.2606E-4 1.2887E-4 1.27179E-4 1.64235E-4 1.67182E-4 1.77068E-4 2.1007E-4 2.38388E-4 1.65296E-4 1.27224E-4 1.3508E-4
3.60064E-4 3.42522E-4 2.7865E-4 2.14676E-4 1.78706E-4 1.84048E-4 1.67371E-4 1.74684E-4 2.15065E-4 1.65353E-4 1.40206E-4 1.39368E-4 1.47705E-4 1.43874E-4 1.45296E-4 1.47698E-4 1.44203E-4 1.40376E-4 1.34232E-4 1.29091E-4 1.28497E-4 1.2915E-4 1.29983E-4 1.31232E-4 1.33784E-4 1.36013E-4 1.32602E-4 1.32665E-4 1.39569E-4 1.39688E-4 1.25164E-4 1.32324E-4 1.25727E-4 3.08717E-4 2.76408E-4 1.40389E-4 1.4356E-4 1.42972E-4 1.396E-4 1.43677E-4 1.45753E-4 1.44928E-4 1.49682E-4 1.45017E-4 1.38658E-4 1.38991E-4 1.38041E-4 1.3034E-4 1.28307E-4 1.28061E-4 1.26781E-4 1.27314E-4 1.29945E-4 1.35791E-4 1.94745E-4 1.65042E-4 1.68687E-4 2.86438E-4 1.81265E-4 1.30875E-4 1.30428E-4
3.65432E-4 3.56065E-4 3.30876E-4 3.55564E-4 1.76683E-4 1.43291E-4 1.88663E-4 1.3109E-4 1.33012E-4 1.69028E-4 1.44326E-4 1.28279E-4 1.34422E-4 1.32846E-4 1.39316E-4 1.38294E-4 1.39583E-4 1.37278E-4 1.35435E-4 1.33453E-4 1.28967E-4 1.30492E-4 1.32541E-4 1.33469E-4 1.35381E-4 1.39298E-4 1.37034E-4 1.24576E-4 1.18141E-4 1.22633E-4 1.12372E-4 1.18995E-4 1.17579E-4 2.80023E-4 1.31784E-4 1.32936E-4 1.36169E-4 1.38788E-4 1.49029E-4 1.39727E-4 1.50581E-4 1.45368E-4 1.48572E-4 1.43959E-4 1.35813E-4 1.36672E-4 1.37119E-4 1.29815E-4 1.34858E-4 1.26481E-4 1.24136E-4 1.2494E-4 1.26901E-4 1.28818E-4 2.02002E-4 1.74332E-4 1.59738E-4 1.81251E-4 2.99004E-4 2.4683E-4 1.31171E-4
3.54991E-4 3.16328E-4 2.33473E-4 3.08183E-4 2.32341E-4 1.56704E-4 1.10829E-4 1.77409E-4 1.21521E-4 1.35723E-4 1.27461E-4 1.29644E-4 1.38909E-4 1.38302E-4 1.28396E-4 1.34082E-4 1.31657E-4 1.40131E-4 1.36573E-4 1.3367E-4 1.263E-4 1.27692E-4 1.2807E-4 1.33113E-4 1.27371E-4 1.27837E-4 1.23181E-4 1.25007E-4 1.16424E-4 1.47766E-4 2.18276E-4 3.60121E-4 2.68E-4 2.64591E-4 1.29409E-4 1.27454E-4 1.26917E-4 1.43403E-4 1.69942E-4 1.40759E-4 1.41213E-4 1.44372E-4 1.47853E-4 1.42897E-4 1.37278E-4 1.34303E-4 1.36426E-4 1.54493E-4 1.48971E-4 1.24313E-4 1.21143E-4 1.23151E-4 1.25819E-4 1.2392E-4 1.86556E-4 1.94224E-4 1.5031E-4 1.41839E-4 1.70879E-4 1.87051E-4 1.29343E-4
