Candidate_Models_July82022/M_0.6_F_lqp_Set_1_all/Bison.asc
ncols         290
nrows         380
xllcorner     -2197417.7431653
yllcorner     -584827.01486885
cellsize      10000.0
NODATA_value  -9999
[rows 189 to 215 of 380, columns 183 to 243 of 290]
3.30356E-5 3.47174E-5 3.31571E-5 3.05549E-5 2.60649E-5 2.69579E-5 2.91357E-5 2.95747E-5 2.18321E-5 2.16766E-5 2.21156E-5 2.06797E-5 2.40995E-5 1.97874E-5 2.0016E-5 1.90133E-5 2.12052E-5 1.75966E-5 1.73166E-5 1.79516E-5 2.28968E-5 1.69296E-5 1.4669E-5 1.73458E-5 1.73274E-5 1.53734E-5 1.81914E-5 1.80014E-5 1.5657E-5 1.65533E-5 1.65077E-5 1.61555E-5 1.67112E-5 1.85416E-5 1.47615E-5 1.26094E-5 1.64563E-5 1.61838E-5 1.61207E-5 1.58379E-5 1.29843E-5 1.12508E-5 1.11536E-5 1.104E-5 1.13661E-5 1.08456E-5 1.36808E-5 1.24215E-5 1.48158E-5 1.05674E-5 1.1271E-5 9.01948E-6 1.07783E-5 9.20169E-6 1.04076E-5 1.0396E-5 1.15311E-5 9.73993E-6 1.12448E-5 -9999 -9999
2.97107E-5 3.75918E-5 3.38117E-5 3.15498E-5 3.37807E-5 3.00935E-5 2.63392E-5 2.42601E-5 1.9491E-5 2.22166E-5 2.70264E-5 2.32729E-5 2.1449E-5 2.31887E-5 1.86766E-5 1.93688E-5 1.9165E-5 1.82829E-5 1.82977E-5 1.75999E-5 1.91035E-5 1.58931E-5 1.60441E-5 1.72814E-5 1.74824E-5 1.69126E-5 1.66657E-5 1.61247E-5 1.71584E-5 1.71716E-5 1.49983E-5 1.42879E-5 1.63809E-5 1.60778E-5 1.74485E-5 1.8127E-5 1.98768E-5 1.81027E-5 1.55906E-5 1.42234E-5 1.11828E-5 1.20939E-5 1.40935E-5 1.31184E-5 1.11716E-5 1.13038E-5 1.2077E-5 1.4216E-5 2.31539E-5 1.27746E-5 1.00148E-5 9.23368E-6 1.18946E-5 1.02001E-5 8.9368E-6 1.02864E-5 1.20429E-5 1.228E-5 1.08663E-5 -9999 -9999
3.16871E-5 3.39207E-5 3.32471E-5 3.26021E-5 3.79564E-5 2.96263E-5 2.403E-5 2.04447E-5 2.1151E-5 2.86774E-5 2.67439E-5 2.61169E-5 2.20595E-5 3.40652E-5 2.14407E-5 1.90771E-5 2.03932E-5 1.91138E-5 1.91675E-5 1.87094E-5 1.64871E-5 1.5584E-5 1.69123E-5 1.51992E-5 1.63257E-5 1.84115E-5 1.59052E-5 1.49933E-5 1.43833E-5 1.86664E-5 1.65862E-5 1.7085E-5 1.7267E-5 1.63996E-5 1.8715E-5 1.59398E-5 1.5494E-5 1.78994E-5 1.44674E-5 1.56604E-5 1.57244E-5 1.47519E-5 1.33335E-5 1.25028E-5 1.30717E-5 1.25242E-5 1.11894E-5 1.1603E-5 1.08578E-5 1.14019E-5 1.06919E-5 1.71888E-5 1.24362E-5 9.14067E-6 9.35082E-6 1.15303E-5 1.20076E-5 1.25866E-5 -9999 -9999 -9999
4.63509E-5 3.83668E-5 3.31044E-5 3.12935E-5 3.06717E-5 2.87761E-5 3.97829E-5 4.09868E-5 2.81779E-5 2.72943E-5 2.34112E-5 2.50346E-5 2.36036E-5 2.15863E-5 2.20824E-5 2.13967E-5 2.03505E-5 1.79547E-5 1.81609E-5 1.60867E-5 1.54617E-5 1.68929E-5 2.58732E-5 1.91235E-5 1.58528E-5 1.78608E-5 1.74866E-5 1.81703E-5 1.71704E-5 1.40998E-5 1.57944E-5 1.57946E-5 1.54232E-5 1.73991E-5 1.72123E-5 1.42134E-5 1.21433E-5 1.58034E-5 1.61947E-5 3.11716E-5 1.70478E-5 1.51453E-5 1.58358E-5 1.48776E-5 1.32616E-5 1.21764E-5 1.30889E-5 1.21604E-5 1.16408E-5 1.13786E-5 1.38596E-5 1.04242E-5 9.46857E-6 9.63587E-6 1.06781E-5 1.23645E-5 1.30863E-5 1.25693E-5 -9999 -9999 -9999
3.458E-5 3.39916E-5 3.36029E-5 3.19907E-5 3.24758E-5 3.42048E-5 3.35079E-5 6.10094E-5 2.8795E-5 2.88439E-5 2.40908E-5 2.51189E-5 2.22632E-5 2.29245E-5 2.2866E-5 2.19368E-5 2.13671E-5 1.86238E-5 1.76281E-5 1.6524E-5 1.77789E-5 2.55217E-5 2.43736E-5 3.40997E-5 1.75717E-5 1.64968E-5 1.57658E-5 1.70395E-5 1.45395E-5 1.38097E-5 1.83876E-5 2.04083E-5 1.72335E-5 1.7953E-5 1.74371E-5 1.64737E-5 1.84499E-5 1.76227E-5 1.88577E-5 3.49093E-5 1.76473E-5 1.6109E-5 1.51755E-5 1.46224E-5 1.46649E-5 1.32612E-5 1.15244E-5 1.10313E-5 1.109E-5 1.04858E-5 1.43361E-5 1.26491E-5 1.33593E-5 1.22001E-5 9.83694E-6 1.12522E-5 1.16202E-5 1.13841E-5 -9999 -9999 -9999
3.86332E-5 3.85156E-5 5.356E-5 3.21835E-5 3.0573E-5 3.41448E-5 2.90602E-5 2.92361E-5 2.97804E-5 2.70672E-5 2.49355E-5 2.25089E-5 2.32708E-5 2.42553E-5 2.26791E-5 2.17314E-5 2.08946E-5 2.1541E-5 1.82971E-5 2.154E-5 1.93242E-5 1.75467E-5 2.7883E-5 1.89323E-5 2.11967E-5 1.83695E-5 1.7446E-5 1.58859E-5 2.14905E-5 1.82071E-5 1.86293E-5 1.62135E-5 1.63498E-5 1.8704E-5 1.40783E-5 1.39136E-5 1.56209E-5 1.48203E-5 2.02315E-5 1.91127E-5 1.65718E-5 1.7284E-5 1.61169E-5 1.44362E-5 1.40153E-5 1.32777E-5 1.1282E-5 1.20305E-5 1.21218E-5 1.13261E-5 1.23006E-5 1.19486E-5 1.06527E-5 1.26445E-5 1.09755E-5 1.0517E-5 1.10106E-5 -9999 -9999 -9999 -9999
5.89727E-5 3.63894E-5 3.82632E-5 6.22643E-5 4.24265E-5 3.07342E-5 3.59564E-5 5.09337E-5 5.02943E-5 3.48025E-5 2.532E-5 2.19616E-5 2.46006E-5 2.50683E-5 2.29936E-5 2.27656E-5 2.12789E-5 2.1156E-5 2.32989E-5 2.12381E-5 2.05185E-5 1.95066E-5 2.05789E-5 3.88417E-5 2.08136E-5 1.88538E-5 1.67855E-5 1.45695E-5 1.71651E-5 1.64977E-5 1.78544E-5 1.47025E-5 1.554E-5 1.77855E-5 1.65511E-5 1.75007E-5 1.47984E-5 1.37454E-5 2.04818E-5 1.75241E-5 1.83936E-5 2.01444E-5 1.82017E-5 1.56204E-5 1.51895E-5 1.33217E-5 1.26665E-5 1.33613E-5 1.20742E-5 1.25182E-5 1.23588E-5 1.32178E-5 1.37942E-5 1.41332E-5 1.27714E-5 1.13053E-5 1.33524E-5 -9999 -9999 -9999 -9999
8.4548E-5 3.78023E-5 3.8213E-5 4.98719E-5 2.9693E-5 4.30893E-5 3.72183E-5 5.90611E-5 6.48535E-5 2.45389E-5 4.48227E-5 5.70259E-5 2.22387E-5 2.69638E-5 2.46785E-5 2.41252E-5 2.28806E-5 2.0348E-5 2.09164E-5 2.05372E-5 2.14455E-5 2.46781E-5 1.92455E-5 1.98131E-5 1.76674E-5 2.1313E-5 2.0939E-5 1.66568E-5 1.9545E-5 1.79698E-5 1.89099E-5 1.78655E-5 1.52718E-5 1.43852E-5 1.77176E-5 1.78109E-5 1.75822E-5 1.75049E-5 1.90934E-5 1.60558E-5 1.81163E-5 1.75642E-5 1.47711E-5 1.62873E-5 1.41973E-5 1.38914E-5 1.29478E-5 1.36304E-5 1.27933E-5 1.32027E-5 1.34083E-5 1.38686E-5 1.40394E-5 1.23288E-5 1.20314E-5 1.14284E-5 1.34772E-5 -9999 -9999 -9999 -9999
4.19363E-5 3.59228E-5 3.91563E-5 3.84054E-5 3.57625E-5 3.81218E-5 7.08671E-5 7.66291E-5 5.77456E-5 2.44354E-5 6.11686E-5 3.72234E-5 2.42807E-5 2.67703E-5 2.56493E-5 2.53014E-5 2.36189E-5 2.12961E-5 2.1775E-5 2.25155E-5 2.06628E-5 1.98814E-5 1.88279E-5 2.13169E-5 3.22688E-5 2.37015E-5 2.04986E-5 1.79283E-5 1.65917E-5 1.88174E-5 1.90495E-5 1.81622E-5 1.73014E-5 1.71978E-5 2.04761E-5 1.83477E-5 1.85761E-5 1.62378E-5 1.67735E-5 1.49422E-5 1.91175E-5 1.80451E-5 1.65451E-5 1.56114E-5 1.47705E-5 1.51365E-5 1.5726E-5 1.47904E-5 1.30568E-5 1.40717E-5 1.41992E-5 1.2681E-5 1.33696E-5 1.23692E-5 1.20937E-5 1.27493E-5 -9999 -9999 -9999 -9999 -9999
3.28767E-5 3.3735E-5 3.53329E-5 3.65165E-5 3.48889E-5 3.6272E-5 3.93844E-5 3.40476E-5 3.07393E-5 2.5723E-5 3.12883E-5 2.47938E-5 2.8177E-5 2.72753E-5 2.67161E-5 2.68588E-5 2.71134E-5 2.57189E-5 2.24342E-5 2.39063E-5 2.38201E-5 1.90166E-5 2.21525E-5 2.30142E-5 2.0907E-5 2.15605E-5 2.32494E-5 2.19343E-5 1.74761E-5 1.64988E-5 1.90094E-5 1.96814E-5 1.66318E-5 1.91322E-5 1.89986E-5 2.02787E-5 1.8799E-5 1.64242E-5 1.64047E-5 1.87516E-5 1.8043E-5 2.0042E-5 1.65288E-5 1.64735E-5 1.66858E-5 1.66051E-5 1.72922E-5 1.63041E-5 1.45975E-5 1.5199E-5 1.33272E-5 1.26625E-5 1.27732E-5 1.2529E-5 1.44939E-5 1.32778E-5 -9999 -9999 -9999 -9999 -9999
3.24211E-5 3.97672E-5 4.25411E-5 3.48237E-5 3.67131E-5 3.45888E-5 3.31688E-5 3.45802E-5 3.31009E-5 2.78138E-5 2.99953E-5 2.90526E-5 2.60369E-5 2.80067E-5 2.97335E-5 2.82583E-5 2.58288E-5 2.60778E-5 2.52584E-5 3.10497E-5 4.32346E-5 1.97238E-5 2.35952E-5 2.81218E-5 2.25638E-5 2.4805E-5 2.43633E-5 2.38481E-5 1.98062E-5 1.9766E-5 2.24523E-5 2.18207E-5 2.0908E-5 2.14362E-5 2.05891E-5 1.89006E-5 1.52434E-5 1.70259E-5 1.76579E-5 2.00566E-5 1.74449E-5 1.84769E-5 1.50537E-5 1.77218E-5 1.83546E-5 1.7874E-5 1.81685E-5 1.65941E-5 1.44282E-5 1.25024E-5 1.33385E-5 1.23403E-5 1.26395E-5 1.27861E-5 1.39398E-5 1.48139E-5 -9999 -9999 -9999 -9999 -9999
3.98458E-5 4.07503E-5 4.09564E-5 3.88603E-5 3.36838E-5 3.54966E-5 3.4531E-5 3.67334E-5 3.31756E-5 3.10576E-5 2.91001E-5 2.81721E-5 2.99227E-5 2.75357E-5 2.99638E-5 2.85201E-5 2.62275E-5 2.84569E-5 2.65226E-5 4.77967E-5 3.65034E-5 2.27822E-5 2.89584E-5 2.67513E-5 2.37004E-5 2.42811E-5 2.66868E-5 2.86244E-5 2.78419E-5 2.39148E-5 2.32998E-5 2.45202E-5 2.43499E-5 2.10848E-5 2.29761E-5 1.94647E-5 1.66871E-5 1.69969E-5 1.90714E-5 2.24357E-5 1.84904E-5 1.86464E-5 1.82916E-5 1.89404E-5 1.71528E-5 1.71965E-5 1.73827E-5 1.5158E-5 1.62535E-5 1.60329E-5 1.59885E-5 1.5337E-5 1.46972E-5 1.60842E-5 1.72442E-5 1.63602E-5 -9999 -9999 -9999 -9999 -9999
4.38685E-5 4.25731E-5 4.16348E-5 3.91749E-5 3.78269E-5 3.79696E-5 3.79584E-5 3.60242E-5 3.59413E-5 3.39501E-5 3.22333E-5 2.81405E-5 2.79931E-5 2.74619E-5 2.72175E-5 2.72437E-5 2.74079E-5 2.91286E-5 2.97977E-5 5.24877E-5 3.83368E-5 2.51037E-5 2.68273E-5 2.78758E-5 2.7166E-5 2.39959E-5 2.71145E-5 2.81261E-5 2.4196E-5 2.64717E-5 2.1818E-5 2.37497E-5 2.28584E-5 1.86688E-5 2.1965E-5 2.01213E-5 2.22484E-5 2.0906E-5 2.17823E-5 2.34014E-5 2.07397E-5 1.92281E-5 2.03843E-5 1.84596E-5 1.89345E-5 1.76714E-5 1.66594E-5 1.62506E-5 1.51636E-5 1.57638E-5 1.54255E-5 1.70412E-5 1.70895E-5 1.71984E-5 1.58877E-5 -9999 -9999 -9999 -9999 -9999 -9999
4.342E-5 4.39834E-5 3.93029E-5 4.09219E-5 3.90091E-5 3.82967E-5 3.76E-5 3.64333E-5 3.42898E-5 3.23827E-5 2.84803E-5 2.84262E-5 3.13468E-5 2.8727E-5 2.99655E-5 2.77948E-5 3.25634E-5 3.13846E-5 4.29222E-5 3.28903E-5 2.62552E-5 2.63168E-5 2.88361E-5 2.69492E-5 2.28487E-5 2.35285E-5 2.73762E-5 2.7969E-5 2.54272E-5 2.63608E-5 2.55546E-5 2.4024E-5 2.37275E-5 2.27902E-5 2.63782E-5 2.50238E-5 2.09099E-5 2.07742E-5 1.96401E-5 2.25049E-5 2.401E-5 2.31352E-5 1.96959E-5 1.774E-5 1.8227E-5 2.02728E-5 1.93202E-5 1.85125E-5 1.78528E-5 1.75925E-5 1.6807E-5 1.83624E-5 1.81141E-5 1.74628E-5 1.85121E-5 -9999 -9999 -9999 -9999 -9999 -9999
4.73097E-5 4.49705E-5 4.21038E-5 4.31866E-5 4.13962E-5 4.2045E-5 4.01321E-5 3.69855E-5 3.77857E-5 3.74156E-5 3.16086E-5 3.26363E-5 3.26206E-5 3.43894E-5 3.17855E-5 3.14062E-5 4.76402E-5 4.07795E-5 2.85397E-5 2.60195E-5 2.78411E-5 3.30378E-5 3.06118E-5 2.86732E-5 2.54741E-5 2.80093E-5 2.48926E-5 2.58076E-5 2.4193E-5 2.46549E-5 3.07882E-5 2.58499E-5 2.94987E-5 2.59636E-5 2.63282E-5 2.53708E-5 2.34957E-5 1.79319E-5 2.36465E-5 2.25497E-5 2.44983E-5 2.16006E-5 2.2676E-5 2.17769E-5 2.13152E-5 1.54548E-5 1.84542E-5 2.11889E-5 2.01011E-5 1.97374E-5 1.97253E-5 2.29895E-5 2.09216E-5 1.91518E-5 2.03296E-5 -9999 -9999 -9999 -9999 -9999 -9999
4.77258E-5 4.85931E-5 4.34682E-5 4.78271E-5 4.63272E-5 4.28893E-5 4.27135E-5 4.01221E-5 4.11729E-5 3.82021E-5 3.8561E-5 3.69691E-5 3.7632E-5 4.0263E-5 4.73299E-5 4.36239E-5 3.2623E-5 3.39306E-5 3.39488E-5 3.3061E-5 2.8824E-5 2.74239E-5 2.88581E-5 2.94824E-5 2.9617E-5 2.90173E-5 3.40159E-5 2.8352E-5 2.93219E-5 3.0429E-5 2.82648E-5 2.88742E-5 2.93859E-5 2.96104E-5 2.5709E-5 2.10428E-5 2.49822E-5 2.21447E-5 2.58516E-5 2.38528E-5 2.30214E-5 1.9721E-5 2.36472E-5 2.52052E-5 2.25302E-5 1.92276E-5 2.02309E-5 1.99553E-5 2.02249E-5 1.9334E-5 1.95077E-5 1.96403E-5 2.0458E-5 2.008E-5 -9999 -9999 -9999 -9999 -9999 -9999 -9999
4.91094E-5 5.31603E-5 4.84312E-5 4.87149E-5 5.34155E-5 5.00078E-5 4.75411E-5 5.07363E-5 3.9499E-5 3.63105E-5 4.21572E-5 4.08533E-5 3.35547E-5 3.68174E-5 4.46519E-5 3.39594E-5 3.11682E-5 3.12613E-5 4.17092E-5 3.15575E-5 2.94134E-5 2.54746E-5 3.15467E-5 3.00429E-5 3.31308E-5 3.35475E-5 3.51579E-5 3.16331E-5 3.22656E-5 3.10647E-5 3.14646E-5 3.07111E-5 2.85554E-5 2.77654E-5 2.54898E-5 2.21976E-5 2.7351E-5 2.63958E-5 2.70089E-5 2.53428E-5 2.56203E-5 2.42621E-5 2.34899E-5 2.46988E-5 2.44407E-5 2.38719E-5 2.30198E-5 2.05788E-5 2.0806E-5 2.00382E-5 2.12272E-5 1.97005E-5 2.22059E-5 2.13215E-5 -9999 -9999 -9999 -9999 -9999 -9999 -9999
5.76868E-5 5.15046E-5 5.93189E-5 5.59378E-5 5.58433E-5 4.89954E-5 4.7069E-5 4.55713E-5 4.11033E-5 3.47896E-5 4.00455E-5 4.43607E-5 5.1652E-5 4.71523E-5 3.87624E-5 4.13961E-5 4.98146E-5 4.20986E-5 3.51661E-5 3.48095E-5 3.13888E-5 4.75433E-5 3.44039E-5 3.24962E-5 3.04998E-5 3.68561E-5 3.76958E-5 3.39158E-5 3.00182E-5 3.19144E-5 3.46653E-5 3.01442E-5 3.14806E-5 2.98395E-5 2.70919E-5 2.63159E-5 2.6175E-5 2.618E-5 2.45958E-5 2.20711E-5 2.31769E-5 2.70061E-5 2.52583E-5 2.5207E-5 2.39258E-5 2.52389E-5 2.48415E-5 2.36974E-5 2.30429E-5 2.32478E-5 2.27926E-5 2.07569E-5 2.2834E-5 2.08302E-5 -9999 -9999 -9999 -9999 -9999 -9999 -9999
5.74623E-5 5.59234E-5 6.50245E-5 5.69732E-5 5.34605E-5 4.98067E-5 4.9873E-5 4.48719E-5 4.46913E-5 4.05859E-5 3.78738E-5 4.21053E-5 4.34263E-5 4.19979E-5 4.66157E-5 5.67146E-5 7.39559E-5 3.89863E-5 3.72704E-5 3.66624E-5 3.62755E-5 3.47926E-5 3.76381E-5 3.8827E-5 3.36189E-5 3.65457E-5 3.88655E-5 3.6642E-5 3.37145E-5 3.71764E-5 3.21632E-5 3.6596E-5 2.95925E-5 2.91288E-5 3.10094E-5 3.17334E-5 2.62643E-5 2.4702E-5 2.75919E-5 2.53838E-5 2.64765E-5 2.6963E-5 2.62217E-5 2.64177E-5 2.56348E-5 2.55952E-5 2.49136E-5 2.41391E-5 2.48583E-5 2.48595E-5 2.48167E-5 2.52401E-5 2.439E-5 -9999 -9999 -9999 -9999 -9999 -9999 -9999 -9999
5.7249E-5 4.98053E-5 6.51875E-5 5.26784E-5 5.5936E-5 5.3862E-5 6.57937E-5 5.98571E-5 5.5601E-5 4.5232E-5 4.55439E-5 4.18083E-5 4.07056E-5 4.4855E-5 4.77428E-5 7.45689E-5 7.67103E-5 4.95769E-5 3.70664E-5 3.38304E-5 3.66474E-5 3.93523E-5 4.06328E-5 3.71806E-5 4.091E-5 4.00529E-5 3.7973E-5 3.41196E-5 3.28054E-5 3.7091E-5 3.46223E-5 3.45408E-5 3.20962E-5 3.38334E-5 3.27166E-5 3.4022E-5 3.28626E-5 2.91064E-5 2.86576E-5 3.03408E-5 2.90513E-5 2.78107E-5 2.91834E-5 2.77368E-5 2.73287E-5 2.32595E-5 2.72742E-5 2.78126E-5 2.63224E-5 2.64468E-5 3.33696E-5 2.43619E-5 2.05047E-5 -9999 -9999 -9999 -9999 -9999 -9999 -9999 -9999
6.86413E-5 6.75843E-5 6.27422E-5 5.25297E-5 5.77071E-5 6.56816E-5 7.528E-5 6.76202E-5 1.19653E-4 6.14117E-5 4.84968E-5 4.55052E-5 4.30859E-5 4.52543E-5 4.96417E-5 5.76086E-5 4.76617E-5 4.2332E-5 4.21149E-5 3.71342E-5 4.56711E-5 4.21303E-5 4.28661E-5 4.17748E-5 4.42642E-5 4.39E-5 4.28484E-5 4.13194E-5 4.24703E-5 3.98004E-5 3.46766E-5 3.40311E-5 3.66982E-5 3.24376E-5 3.42116E-5 3.36356E-5 3.23116E-5 2.85369E-5 2.95985E-5 3.20722E-5 2.85409E-5 3.07074E-5 3.0847E-5 3.09088E-5 2.99816E-5 2.60758E-5 2.6891E-5 2.80665E-5 2.83186E-5 2.94848E-5 3.32535E-5 2.15019E-5 2.16469E-5 -9999 -9999 -9999 -9999 -9999 -9999 -9999 -9999
6.26023E-5 6.60384E-5 6.43196E-5 6.57741E-5 7.48118E-5 7.81533E-5 5.51026E-5 5.09235E-5 8.5991E-5 8.38193E-5 5.0334E-5 4.86788E-5 4.71487E-5 4.92174E-5 4.5047E-5 4.25541E-5 4.52441E-5 4.14762E-5 4.30823E-5 4.48506E-5 4.65012E-5 4.29667E-5 4.56893E-5 3.96565E-5 4.49588E-5 4.27131E-5 5.10258E-5 5.28372E-5 4.36406E-5 4.26742E-5 3.76387E-5 3.50387E-5 3.46871E-5 3.65955E-5 3.58912E-5 3.45172E-5 3.32245E-5 3.37999E-5 3.40482E-5 3.40836E-5 3.15338E-5 2.8804E-5 3.40244E-5 3.12608E-5 3.23786E-5 2.66157E-5 3.09855E-5 3.16554E-5 2.91555E-5 3.03816E-5 2.36412E-5 2.68656E-5 2.80952E-5 -9999 -9999 -9999 -9999 -9999 -9999 -9999 -9999
7.36139E-5 5.77689E-5 5.64672E-5 6.63077E-5 7.22647E-5 7.38646E-5 6.98894E-5 6.31493E-5 6.43853E-5 6.79938E-5 7.29686E-5 5.42492E-5 5.37922E-5 5.08282E-5 4.31422E-5 4.24527E-5 4.35969E-5 4.61801E-5 5.24075E-5 5.00597E-5 5.05702E-5 5.17116E-5 4.45672E-5 4.5295E-5 4.74874E-5 4.76051E-5 4.82694E-5 5.37146E-5 5.67272E-5 4.52443E-5 4.34797E-5 3.83559E-5 3.49449E-5 3.79435E-5 3.20476E-5 3.60314E-5 3.52362E-5 3.44755E-5 3.69502E-5 3.66715E-5 3.42011E-5 2.99873E-5 3.15343E-5 2.83682E-5 2.72887E-5 2.55996E-5 3.27045E-5 3.04606E-5 2.80089E-5 3.24603E-5 3.1882E-5 3.08351E-5 -9999 -9999 -9999 -9999 -9999 -9999 -9999 -9999 -9999
7.46946E-5 6.59907E-5 6.57829E-5 6.65168E-5 6.98024E-5 7.73277E-5 6.52834E-5 6.26507E-5 6.21265E-5 5.49753E-5 5.78428E-5 6.00961E-5 5.89666E-5 4.93796E-5 4.86292E-5 5.10237E-5 4.97082E-5 4.82136E-5 5.30734E-5 5.43032E-5 5.62285E-5 5.43732E-5 5.15767E-5 6.23207E-5 7.91374E-5 5.02283E-5 4.97978E-5 4.96049E-5 5.84122E-5 4.76204E-5 4.20167E-5 3.85263E-5 3.86693E-5 3.99429E-5 3.7538E-5 3.6214E-5 3.74492E-5 2.99615E-5 4.00739E-5 3.73494E-5 3.74846E-5 3.33976E-5 3.78409E-5 2.96738E-5 2.98014E-5 3.14184E-5 3.48787E-5 3.52774E-5 3.22402E-5 3.36318E-5 3.2785E-5 2.97887E-5 -9999 -9999 -9999 -9999 -9999 -9999 -9999 -9999 -9999
8.29312E-5 6.80673E-5 8.12382E-5 6.22211E-5 6.00198E-5 6.62191E-5 7.03981E-5 5.97905E-5 5.74438E-5 5.959E-5 5.72852E-5 6.72306E-5 5.82639E-5 4.18762E-5 5.47133E-5 6.44648E-5 5.26304E-5 5.11787E-5 4.70444E-5 5.6107E-5 5.72652E-5 5.09898E-5 5.26335E-5 5.49673E-5 9.29349E-5 5.45097E-5 5.35714E-5 5.34003E-5 5.14776E-5 4.74997E-5 4.82373E-5 4.44405E-5 4.53329E-5 4.13499E-5 4.12017E-5 3.99363E-5 3.7146E-5 3.18858E-5 4.03776E-5 3.97968E-5 3.87978E-5 3.59826E-5 3.70726E-5 3.30781E-5 3.00456E-5 3.22118E-5 3.57631E-5 3.64285E-5 4.39922E-5 3.39917E-5 2.99111E-5 2.99313E-5 -9999 -9999 -9999 -9999 -9999 -9999 -9999 -9999 -9999
1.00761E-4 6.9399E-5 8.6531E-5 5.97775E-5 7.29057E-5 6.64871E-5 5.63738E-5 5.48196E-5 5.94671E-5 5.62117E-5 5.95788E-5 6.02447E-5 6.29208E-5 4.73633E-5 6.52239E-5 5.88439E-5 5.29177E-5 6.05317E-5 7.07311E-5 5.69182E-5 5.91827E-5 4.96131E-5 4.34557E-5 5.54274E-5 5.86368E-5 5.55248E-5 5.17487E-5 5.32448E-5 4.91052E-5 4.71701E-5 5.13159E-5 4.75027E-5 4.36378E-5 3.48992E-5 3.76486E-5 4.11521E-5 3.73372E-5 3.47162E-5 4.13786E-5 3.76592E-5 3.79346E-5 3.77155E-5 3.67437E-5 3.43325E-5 3.42708E-5 3.35105E-5 3.37893E-5 3.55891E-5 4.06235E-5 3.65239E-5 3.55317E-5 -9999 -9999 -9999 -9999 -9999 -9999 -9999 -9999 -9999 -9999
7.25534E-5 7.1403E-5 6.05887E-5 7.0405E-5 6.39377E-5 5.13869E-5 5.18635E-5 5.24121E-5 5.90335E-5 5.57433E-5 6.30184E-5 6.07574E-5 7.25442E-5 6.91926E-5 6.56521E-5 6.12429E-5 6.86638E-5 5.49939E-5 5.72477E-5 6.40452E-5 5.68812E-5 4.59376E-5 4.32795E-5 5.88602E-5 5.82624E-5 4.80154E-5 4.81412E-5 5.48242E-5 5.14814E-5 4.53693E-5 4.90665E-5 4.84033E-5 4.78205E-5 4.70264E-5 4.27282E-5 4.31048E-5 4.28822E-5 3.61414E-5 3.69863E-5 3.71875E-5 3.68508E-5 3.91238E-5 3.62926E-5 3.7365E-5 3.62816E-5 3.51823E-5 3.647E-5 3.94222E-5 4.01E-5 3.74499E-5 4.00363E-5 -9999 -9999 -9999 -9999 -9999 -9999 -9999 -9999 -9999 -9999
