Candidate_Models_Sept202022/M_2_F_lqp_Set_1_all/Bison.asc
ncols         97
nrows         127
xllcorner     -2197417.7431653
yllcorner     -584827.01486885
cellsize      30000.0
NODATA_value  -9999
[rows 0 to 26 of 127, columns 0 to 60 of 97]
-9999 -9999 -9999 -9999 -9999 -9999 -9999 -9999 -9999 -9999 -9999 -9999 -9999 -9999 -9999 -9999 -9999 -9999 -9999 -9999 -9999 -9999 -9999 -9999 -9999 -9999 -9999 -9999 -9999 -9999 -9999 -9999 -9999 -9999 -9999 -9999 -9999 -9999 -9999 -9999 -9999 -9999 -9999 -9999 -9999 -9999 -9999 -9999 -9999 -9999 -9999 -9999 -9999 -9999 -9999 -9999 -9999 -9999 -9999 -9999 -9999
-9999 -9999 -9999 -9999 -9999 -9999 -9999 -9999 -9999 -9999 -9999 -9999 -9999 -9999 -9999 -9999 -9999 -9999 -9999 -9999 -9999 -9999 -9999 -9999 -9999 -9999 -9999 -9999 -9999 -9999 -9999 -9999 -9999 -9999 -9999 -9999 -9999 -9999 -9999 -9999 -9999 -9999 -9999 -9999 -9999 -9999 -9999 -9999 -9999 -9999 -9999 -9999 -9999 -9999 -9999 -9999 -9999 -9999 -9999 -9999 -9999
-9999 -9999 -9999 -9999 -9999 -9999 -9999 -9999 -9999 -9999 -9999 -9999 -9999 -9999 -9999 -9999 -9999 -9999 -9999 -9999 -9999 -9999 -9999 -9999 -9999 -9999 -9999 -9999 -9999 -9999 -9999 -9999 -9999 -9999 -9999 -9999 -9999 -9999 -9999 -9999 -9999 -9999 -9999 -9999 -9999 -9999 -9999 -9999 -9999 -9999 -9999 -9999 -9999 -9999 -9999 -9999 -9999 -9999 -9999 -9999 -9999
-9999 -9999 -9999 -9999 -9999 -9999 -9999 -9999 -9999 -9999 -9999 -9999 -9999 -9999 -9999 -9999 -9999 -9999 -9999 1.1422E-5 1.10959E-5 6.98112E-6 7.8171E-6 -9999 -9999 -9999 -9999 -9999 -9999 -9999 -9999 -9999 -9999 -9999 -9999 -9999 -9999 -9999 -9999 -9999 -9999 -9999 -9999 -9999 -9999 -9999 -9999 -9999 -9999 -9999 -9999 -9999 -9999 -9999 -9999 -9999 -9999 -9999 -9999 -9999 -9999
-9999 -9999 -9999 -9999 -9999 -9999 -9999 -9999 -9999 -9999 -9999 -9999 -9999 -9999 -9999 -9999 -9999 -9999 1.13434E-5 9.39617E-6 8.69279E-6 9.56725E-6 8.3386E-6 6.12809E-6 5.15517E-6 -9999 -9999 -9999 -9999 -9999 -9999 -9999 -9999 -9999 -9999 -9999 -9999 -9999 -9999 -9999 -9999 -9999 -9999 -9999 -9999 -9999 -9999 -9999 -9999 -9999 -9999 -9999 -9999 -9999 -9999 -9999 -9999 -9999 -9999 -9999 -9999
-9999 -9999 -9999 -9999 -9999 -9999 -9999 -9999 -9999 -9999 -9999 -9999 -9999 -9999 -9999 -9999 -9999 -9999 7.40387E-6 6.72576E-6 7.53665E-6 8.16514E-6 6.78666E-6 5.1851E-6 5.10556E-6 -9999 -9999 -9999 -9999 -9999 -9999 -9999 -9999 -9999 -9999 -9999 -9999 -9999 -9999 -9999 -9999 -9999 -9999 -9999 -9999 -9999 -9999 -9999 -9999 -9999 -9999 -9999 -9999 -9999 -9999 -9999 -9999 -9999 -9999 -9999 -9999
-9999 -9999 -9999 -9999 -9999 -9999 -9999 -9999 -9999 -9999 -9999 -9999 -9999 -9999 -9999 -9999 -9999 6.52962E-6 6.0451E-6 3.28136E-6 3.61872E-6 5.01317E-6 5.78517E-6 5.29232E-6 5.64424E-6 5.67141E-6 -9999 5.96429E-6 5.18389E-6 5.35935E-6 -9999 -9999 -9999 -9999 -9999 -9999 -9999 -9999 3.86592E-6 -9999 -9999 -9999 -9999 -9999 -9999 -9999 -9999 -9999 -9999 -9999 -9999 -9999 -9999 -9999 -9999 -9999 -9999 -9999 -9999 -9999 -9999
-9999 -9999 -9999 -9999 -9999 -9999 -9999 -9999 -9999 -9999 -9999 -9999 -9999 -9999 -9999 -9999 1.78409E-5 1.06107E-5 3.60086E-6 2.01532E-6 2.28592E-6 3.1202E-6 4.97404E-6 4.94834E-6 5.5419E-6 5.46943E-6 5.30249E-6 5.31356E-6 4.70798E-6 4.65645E-6 4.68416E-6 4.56002E-6 4.231E-6 4.07565E-6 4.21672E-6 4.42632E-6 4.61257E-6 -9999 3.60628E-6 3.40394E-6 -9999 -9999 -9999 -9999 -9999 -9999 -9999 -9999 -9999 -9999 -9999 -9999 -9999 -9999 -9999 -9999 -9999 -9999 -9999 -9999 -9999
-9999 -9999 -9999 -9999 -9999 -9999 -9999 -9999 -9999 -9999 -9999 -9999 -9999 -9999 -9999 4.64103E-6 6.21277E-6 4.98214E-6 2.93133E-6 1.83281E-6 1.77788E-6 2.52405E-6 4.68214E-6 5.48578E-6 5.4385E-6 4.79589E-6 5.67326E-6 5.58341E-6 4.19838E-6 3.93815E-6 3.99824E-6 3.9892E-6 3.87622E-6 3.69053E-6 4.1479E-6 5.19738E-6 4.88029E-6 4.82085E-6 3.77448E-6 3.70197E-6 -9999 -9999 -9999 -9999 -9999 -9999 -9999 -9999 -9999 -9999 -9999 -9999 -9999 -9999 -9999 -9999 -9999 -9999 -9999 -9999 -9999
-9999 -9999 -9999 -9999 -9999 -9999 -9999 -9999 -9999 -9999 -9999 -9999 -9999 -9999 -9999 7.80672E-6 7.03738E-6 4.17443E-6 1.93733E-6 1.94889E-6 2.23793E-6 3.37388E-6 5.7401E-6 6.88099E-6 6.21342E-6 4.25789E-6 4.96164E-6 4.92528E-6 3.67744E-6 3.72194E-6 4.23559E-6 4.19068E-6 3.96481E-6 4.17129E-6 4.77042E-6 5.99489E-6 6.49692E-6 5.89241E-6 4.55843E-6 -9999 -9999 -9999 3.61367E-6 -9999 -9999 -9999 -9999 -9999 -9999 -9999 -9999 -9999 -9999 -9999 -9999 -9999 -9999 -9999 -9999 -9999 -9999
-9999 -9999 -9999 -9999 -9999 -9999 -9999 -9999 -9999 -9999 -9999 -9999 -9999 -9999 7.58517E-6 7.84055E-6 8.11995E-6 5.97457E-6 5.67022E-6 3.53434E-6 3.11459E-6 3.98128E-6 6.69604E-6 6.82954E-6 6.95049E-6 4.07327E-6 4.9877E-6 4.58597E-6 4.27551E-6 3.87455E-6 4.54962E-6 4.16652E-6 3.79032E-6 4.64005E-6 6.12456E-6 6.77599E-6 6.8569E-6 5.67222E-6 4.07114E-6 -9999 -9999 3.93999E-6 -9999 -9999 -9999 -9999 -9999 -9999 -9999 -9999 -9999 -9999 -9999 -9999 -9999 -9999 -9999 -9999 -9999 -9999 -9999
-9999 -9999 -9999 -9999 -9999 -9999 -9999 -9999 -9999 -9999 -9999 -9999 -9999 5.51039E-6 8.27194E-6 7.07351E-6 8.34891E-6 7.30578E-6 8.1292E-6 1.35662E-5 5.08869E-6 6.85075E-6 5.83606E-6 8.12825E-6 4.40297E-6 3.92515E-6 4.48763E-6 4.38706E-6 3.56869E-6 3.63573E-6 3.73708E-6 3.88897E-6 3.99693E-6 5.13415E-6 5.9502E-6 6.33535E-6 6.85033E-6 5.91627E-6 4.16633E-6 3.7268E-6 3.79619E-6 3.9756E-6 -9999 4.91982E-6 5.11079E-6 -9999 -9999 -9999 -9999 -9999 -9999 -9999 -9999 -9999 -9999 -9999 -9999 -9999 -9999 -9999 -9999
-9999 -9999 -9999 -9999 -9999 -9999 -9999 -9999 -9999 -9999 -9999 -9999 -9999 8.28597E-6 7.93285E-6 7.93552E-6 8.55618E-6 5.96949E-6 2.07338E-5 9.00759E-6 7.50671E-6 4.84256E-6 7.7385E-6 6.80486E-6 3.81992E-6 3.90434E-6 4.13072E-6 3.68162E-6 3.7116E-6 3.5456E-6 3.65356E-6 3.75245E-6 4.25093E-6 4.42043E-6 4.8441E-6 4.80347E-6 5.33115E-6 4.91841E-6 3.81351E-6 3.34834E-6 3.5253E-6 4.60492E-6 4.68887E-6 5.31585E-6 5.55391E-6 6.02163E-6 -9999 -9999 -9999 -9999 -9999 -9999 -9999 -9999 -9999 -9999 -9999 -9999 -9999 -9999 -9999
-9999 -9999 -9999 -9999 -9999 -9999 -9999 -9999 -9999 -9999 -9999 -9999 1.82245E-5 2.49904E-5 1.12216E-5 1.13633E-5 8.23673E-6 8.22232E-6 4.93746E-6 8.62456E-6 8.50074E-6 6.96621E-6 8.40183E-6 5.01808E-6 3.28041E-6 3.14167E-6 3.8069E-6 3.11384E-6 4.36712E-6 4.26418E-6 3.84968E-6 3.32776E-6 3.26276E-6 3.65714E-6 3.65788E-6 4.20408E-6 3.81392E-6 4.24198E-6 4.18139E-6 3.55662E-6 3.56112E-6 3.78663E-6 4.47437E-6 5.21365E-6 5.55456E-6 5.87613E-6 6.21095E-6 -9999 -9999 -9999 2.74839E-6 2.36557E-6 -9999 -9999 -9999 -9999 -9999 -9999 -9999 -9999 -9999
-9999 -9999 -9999 -9999 -9999 -9999 -9999 -9999 -9999 -9999 -9999 7.38062E-6 8.17821E-6 2.13143E-5 1.05E-5 7.35186E-6 4.29235E-6 1.40899E-5 9.63512E-6 8.53516E-6 7.36739E-6 1.33142E-5 8.48698E-6 4.02608E-6 2.66356E-6 2.74082E-6 3.88781E-6 4.41053E-6 3.83255E-6 3.6227E-6 3.25456E-6 3.1049E-6 2.95371E-6 3.0716E-6 3.97463E-6 4.54798E-6 4.71506E-6 4.72594E-6 4.448E-6 3.9818E-6 3.86E-6 4.08848E-6 4.5875E-6 5.20393E-6 5.50661E-6 5.71481E-6 5.3759E-6 4.61841E-6 -9999 -9999 -9999 2.6315E-6 2.39189E-6 -9999 -9999 -9999 -9999 -9999 -9999 -9999 -9999
-9999 -9999 -9999 -9999 -9999 -9999 -9999 -9999 -9999 -9999 -9999 6.5434E-6 5.32331E-6 6.95292E-6 6.59929E-6 4.49902E-6 2.89914E-6 6.89451E-6 5.85957E-6 1.17397E-5 9.08134E-6 1.12987E-5 6.78933E-6 4.25518E-6 2.6664E-6 3.00036E-6 4.08128E-6 4.83512E-6 4.84838E-6 4.2965E-6 3.21426E-6 3.05184E-6 2.9184E-6 2.96668E-6 3.90071E-6 4.44188E-6 4.52929E-6 4.66422E-6 4.48301E-6 4.16039E-6 4.03226E-6 4.40271E-6 4.83639E-6 5.14558E-6 4.86027E-6 5.17847E-6 4.71668E-6 4.46719E-6 4.36031E-6 -9999 -9999 2.97526E-6 2.81069E-6 2.54613E-6 2.57172E-6 -9999 -9999 -9999 -9999 -9999 -9999
-9999 -9999 -9999 -9999 -9999 -9999 -9999 -9999 -9999 -9999 1.26093E-5 6.99831E-6 1.11494E-5 5.8134E-6 4.34708E-6 3.45218E-6 3.21092E-6 3.08339E-6 4.32411E-6 1.45018E-5 1.63581E-5 1.10648E-5 7.13516E-6 6.59435E-6 2.99476E-6 3.36846E-6 3.56309E-6 3.81473E-6 4.65283E-6 3.30295E-6 3.20303E-6 2.81345E-6 3.46845E-6 3.41611E-6 4.44071E-6 5.14921E-6 5.43755E-6 5.53457E-6 5.5194E-6 4.66767E-6 4.48424E-6 4.68815E-6 4.92507E-6 4.86462E-6 4.52244E-6 4.4042E-6 4.41169E-6 4.55091E-6 4.48916E-6 4.01185E-6 3.61824E-6 4.08017E-6 -9999 -9999 2.59603E-6 2.35005E-6 -9999 -9999 -9999 -9999 -9999
-9999 -9999 -9999 -9999 -9999 -9999 -9999 -9999 -9999 1.16786E-5 1.95154E-5 8.59868E-6 8.26449E-6 5.98903E-6 4.81083E-6 4.04815E-6 3.24155E-6 3.57719E-6 3.68112E-6 5.43874E-6 6.70042E-6 8.21156E-6 1.09512E-5 4.98503E-6 3.00792E-6 3.29465E-6 3.91967E-6 3.77498E-6 3.98275E-6 3.57728E-6 4.24652E-6 3.2602E-6 3.36094E-6 4.02578E-6 4.56653E-6 5.26851E-6 5.40059E-6 6.62444E-6 6.9111E-6 6.44156E-6 4.81517E-6 4.99105E-6 5.27246E-6 4.97943E-6 4.77679E-6 4.42032E-6 4.46213E-6 4.59127E-6 4.43054E-6 3.95037E-6 3.89235E-6 4.07268E-6 3.99989E-6 -9999 2.51431E-6 2.37174E-6 2.15618E-6 1.91038E-6 -9999 -9999 -9999
-9999 -9999 -9999 -9999 -9999 -9999 -9999 -9999 1.61252E-5 1.18916E-5 1.2061E-5 5.78941E-6 3.77085E-6 7.58099E-6 1.11338E-5 8.53773E-6 6.73392E-6 4.9534E-6 5.47198E-6 4.67959E-6 4.95777E-6 7.06407E-6 9.20165E-6 4.1345E-6 3.86119E-6 3.63983E-6 3.87671E-6 3.67919E-6 3.36914E-6 2.94205E-6 3.62896E-6 3.77444E-6 4.19733E-6 5.11029E-6 5.30097E-6 5.49439E-6 5.97246E-6 6.79935E-6 7.4277E-6 8.50897E-6 6.50891E-6 5.60863E-6 5.39347E-6 5.20644E-6 4.74161E-6 4.57076E-6 4.82624E-6 4.86235E-6 4.43588E-6 4.11318E-6 4.07593E-6 4.26106E-6 4.20886E-6 4.11291E-6 2.71345E-6 2.46846E-6 2.10562E-6 1.89821E-6 1.68876E-6 1.57334E-6 1.48721E-6
-9999 -9999 -9999 -9999 -9999 -9999 -9999 -9999 6.0924E-6 5.48917E-6 4.7911E-6 3.90317E-6 4.24608E-6 9.18708E-6 1.32499E-5 1.79348E-5 9.39835E-6 9.29002E-6 9.67315E-6 5.91713E-6 5.86621E-6 5.92181E-6 5.96369E-6 6.24559E-6 5.0533E-6 4.80904E-6 4.21831E-6 3.67067E-6 4.3193E-6 4.13875E-6 4.05366E-6 4.19867E-6 4.87031E-6 6.20938E-6 6.30875E-6 6.09542E-6 7.16565E-6 6.77601E-6 7.80831E-6 8.07666E-6 7.81865E-6 6.0263E-6 5.70595E-6 5.43526E-6 5.24561E-6 5.25884E-6 5.35736E-6 5.21396E-6 4.91022E-6 4.46066E-6 4.39619E-6 4.55967E-6 4.61302E-6 4.23484E-6 -9999 2.70939E-6 2.3483E-6 2.11905E-6 1.60334E-6 1.66111E-6 1.45513E-6
-9999 -9999 -9999 -9999 -9999 -9999 -9999 7.03557E-6 6.75161E-6 1.09514E-5 1.04888E-5 4.61353E-6 6.40349E-6 7.32993E-6 1.1384E-5 1.7404E-5 1.21681E-5 1.25864E-5 1.23654E-5 9.39019E-6 7.8048E-6 7.80371E-6 8.90658E-6 7.53922E-6 5.87898E-6 6.30434E-6 5.63166E-6 5.76439E-6 6.58326E-6 5.4063E-6 5.2134E-6 5.20989E-6 6.1138E-6 6.9591E-6 7.7791E-6 1.05734E-5 6.80107E-6 7.68258E-6 7.29615E-6 8.80322E-6 7.15077E-6 6.23811E-6 5.98076E-6 5.88321E-6 6.04738E-6 5.93214E-6 5.64952E-6 5.24342E-6 5.04099E-6 4.91672E-6 4.76612E-6 4.97054E-6 -9999 -9999 -9999 -9999 -9999 -9999 -9999 -9999 -9999
-9999 -9999 -9999 -9999 -9999 -9999 1.6477E-5 1.60752E-5 1.0564E-5 6.8818E-6 1.27057E-5 2.41608E-5 8.07225E-6 1.41719E-5 6.91421E-6 1.12486E-5 1.61077E-5 1.96652E-5 1.71535E-5 1.6586E-5 1.28201E-5 9.10241E-6 9.86847E-6 1.49679E-5 8.8598E-6 9.52034E-6 8.335E-6 7.26065E-6 6.08851E-6 4.00308E-6 6.45072E-6 8.49748E-6 6.56438E-6 9.09541E-6 8.59158E-6 8.89087E-6 9.36756E-6 7.98908E-6 9.59591E-6 9.42275E-6 6.77512E-6 8.06141E-6 7.09359E-6 6.92868E-6 6.72538E-6 6.23752E-6 5.92275E-6 5.41409E-6 5.09297E-6 4.9263E-6 5.29344E-6 5.37879E-6 4.49435E-6 3.9537E-6 -9999 -9999 -9999 -9999 -9999 -9999 -9999
-9999 -9999 -9999 -9999 -9999 -9999 1.41458E-5 1.4307E-5 7.93243E-6 6.73758E-6 5.81004E-6 2.53662E-5 1.18263E-5 1.04242E-5 9.41091E-6 1.47065E-5 1.48577E-5 1.92945E-5 1.45554E-5 1.75398E-5 1.76675E-5 1.41488E-5 1.2649E-5 1.43427E-5 1.24277E-5 1.1116E-5 9.8475E-6 7.68682E-6 5.95763E-6 4.21302E-6 5.56636E-6 8.8243E-6 7.64222E-6 8.10013E-6 8.56103E-6 1.00443E-5 9.55894E-6 1.06564E-5 8.95122E-6 8.73299E-6 7.64436E-6 9.03292E-6 7.93551E-6 8.3373E-6 8.06973E-6 6.96486E-6 6.75051E-6 6.14416E-6 5.29764E-6 5.08292E-6 4.83985E-6 4.45953E-6 3.82534E-6 3.38143E-6 3.08847E-6 2.7121E-6 2.26671E-6 1.9793E-6 2.02259E-6 1.94821E-6 1.57146E-6
-9999 -9999 -9999 -9999 -9999 1.2629E-5 8.86386E-6 9.02014E-6 7.45299E-6 2.05433E-5 1.74822E-5 1.12979E-5 7.37011E-6 9.8472E-6 8.01121E-6 7.5001E-6 8.55422E-6 1.77284E-5 1.15053E-5 1.30332E-5 1.95399E-5 1.83902E-5 1.67765E-5 1.86931E-5 1.60449E-5 1.21883E-5 1.20024E-5 6.70666E-6 5.41909E-6 4.99636E-6 4.56206E-6 8.24955E-6 1.14189E-5 1.18375E-5 1.33579E-5 1.09263E-5 1.10287E-5 -9999 -9999 1.3818E-5 -9999 -9999 -9999 1.0197E-5 8.18816E-6 6.71817E-6 6.47922E-6 5.78024E-6 5.03983E-6 5.03036E-6 4.61909E-6 3.89555E-6 3.44856E-6 3.10237E-6 2.80756E-6 2.43603E-6 2.13585E-6 1.94823E-6 1.91116E-6 1.79202E-6 1.72943E-6
-9999 -9999 -9999 -9999 2.19157E-5 1.01945E-5 9.64316E-6 8.9418E-6 9.79282E-6 1.08889E-5 7.21812E-6 8.64041E-6 1.3578E-5 9.39449E-6 7.63734E-6 9.08794E-6 1.08343E-5 1.21154E-5 1.01647E-5 1.2064E-5 1.82949E-5 1.46708E-5 1.39091E-5 2.17844E-5 1.58041E-5 1.98248E-5 1.30806E-5 1.1254E-5 8.50652E-6 5.06898E-6 6.59747E-6 1.10441E-5 1.30692E-5 1.05326E-5 1.10543E-5 1.01774E-5 9.89222E-6 1.20368E-5 1.44237E-5 1.11879E-5 1.69508E-5 -9999 1.10612E-5 1.13438E-5 7.90819E-6 6.54462E-6 6.76407E-6 6.13001E-6 5.4403E-6 5.85643E-6 5.11955E-6 4.0083E-6 3.64707E-6 3.19603E-6 2.59757E-6 2.14658E-6 1.86358E-6 1.83118E-6 1.64914E-6 1.60825E-6 1.62043E-6
-9999 -9999 -9999 2.18277E-5 3.1247E-5 2.03548E-5 9.92623E-6 1.13371E-5 1.03158E-5 1.05757E-5 9.46924E-6 1.03049E-5 1.92034E-5 1.09854E-5 1.3905E-5 7.5902E-6 1.06258E-5 1.3934E-5 1.40537E-5 1.54002E-5 1.21686E-5 7.80859E-6 1.59853E-5 1.8761E-5 1.88478E-5 1.68796E-5 1.42594E-5 1.08381E-5 1.07618E-5 8.34014E-6 7.35058E-6 1.16016E-5 1.16776E-5 8.0771E-6 9.09286E-6 1.28162E-5 1.17404E-5 1.10304E-5 1.06436E-5 9.38842E-6 1.41754E-5 1.34449E-5 -9999 -9999 7.40046E-6 7.72224E-6 9.78459E-6 8.34246E-6 6.41766E-6 5.51206E-6 6.71663E-6 4.48023E-6 3.70471E-6 3.36805E-6 2.78116E-6 2.16217E-6 1.97206E-6 1.80139E-6 1.73108E-6 1.66014E-6 1.75257E-6
-9999 -9999 -9999 3.25565E-5 2.9997E-5 2.23722E-5 1.20514E-5 2.25898E-5 6.13082E-5 1.46074E-5 1.62089E-5 1.49487E-5 8.90588E-6 8.65935E-6 2.57669E-5 1.11487E-5 1.48267E-5 2.19011E-5 1.71803E-5 1.15643E-5 1.10421E-5 8.60464E-6 8.97851E-6 1.28849E-5 1.68226E-5 1.73989E-5 1.57874E-5 1.58359E-5 1.34677E-5 1.1268E-5 1.05395E-5 9.05959E-6 1.29203E-5 9.73891E-6 9.8705E-6 1.18617E-5 1.25794E-5 1.33995E-5 9.54499E-6 8.0514E-6 -9999 -9999 -9999 -9999 -9999 1.05111E-5 1.10099E-5 7.86633E-6 5.91855E-6 5.22795E-6 5.58002E-6 7.21255E-6 3.6426E-6 3.42092E-6 2.44385E-6 1.96232E-6 2.05437E-6 2.1546E-6 2.39287E-6 2.35157E-6 2.58011E-6
