Candidate_Models_Sept202022/M_2_F_lqp_Set_1_all/Bison.asc
ncols         97
nrows         127
xllcorner     -2197417.7431653
yllcorner     -584827.01486885
cellsize      30000.0
NODATA_value  -9999
[rows 54 to 80 of 127, columns 0 to 60 of 97]
-9999 -9999 -9999 -9999 4.48111E-6 2.74567E-6 1.153E-6 2.56957E-6 2.03265E-6 7.53284E-7 1.23437E-6 7.08382E-6 7.35605E-6 1.48703E-5 1.16805E-5 7.09956E-6 1.10897E-5 1.92858E-5 2.12685E-5 2.58184E-5 3.59554E-5 3.74229E-5 3.14754E-5 2.55972E-5 3.04414E-5 5.88584E-5 4.13324E-5 3.34359E-5 5.2208E-5 4.46422E-5 4.71098E-5 5.31212E-5 6.09636E-5 6.35676E-5 5.50086E-5 5.34441E-5 5.44488E-5 5.16653E-5 5.87373E-5 7.07134E-5 9.97677E-5 1.24162E-4 7.94263E-5 5.15073E-5 4.66192E-5 4.26609E-5 4.41729E-5 3.8839E-5 3.68868E-5 3.46786E-5 3.49171E-5 3.35223E-5 2.68818E-5 4.24155E-5 4.61858E-5 3.30631E-5 3.45199E-5 2.98851E-5 2.90005E-5 2.11864E-5 1.63066E-5
-9999 -9999 -9999 -9999 -9999 1.8569E-6 8.58647E-7 1.49669E-6 3.76202E-6 1.19049E-6 8.20692E-7 5.52015E-6 1.62227E-5 1.00617E-5 1.10025E-5 7.21767E-6 7.39223E-6 9.45971E-6 2.40997E-5 1.44513E-5 3.8287E-5 3.94131E-5 3.17071E-5 4.26299E-5 3.01311E-5 3.2016E-5 3.60389E-5 4.38384E-5 7.28371E-5 6.57464E-5 6.4443E-5 5.86842E-5 6.30195E-5 5.71837E-5 5.5197E-5 6.26389E-5 6.47847E-5 5.62562E-5 6.98926E-5 6.58626E-5 1.01378E-4 1.84153E-4 6.91819E-5 5.13036E-5 5.26772E-5 4.98837E-5 4.35206E-5 3.93856E-5 4.15038E-5 3.50923E-5 4.12475E-5 4.48153E-5 4.01645E-5 4.85068E-5 4.35629E-5 3.39371E-5 3.16796E-5 2.69108E-5 2.67221E-5 2.1884E-5 2.26172E-5
-9999 -9999 -9999 -9999 -9999 3.24647E-6 1.81835E-6 2.48754E-6 2.85834E-6 1.8954E-6 2.36418E-7 2.21885E-6 3.15659E-6 3.85563E-6 1.40076E-5 7.92592E-6 1.21607E-5 1.54235E-5 1.89913E-5 2.40816E-5 3.59848E-5 2.6943E-5 2.41815E-5 3.18838E-5 2.78211E-5 3.08656E-5 3.64193E-5 5.78741E-5 9.57966E-5 6.44746E-5 7.61423E-5 7.47665E-5 7.56874E-5 7.15872E-5 7.7814E-5 9.01341E-5 6.39131E-5 5.70069E-5 6.87324E-5 5.98819E-5 1.01989E-4 7.45741E-5 5.37972E-5 5.59692E-5 5.41453E-5 5.01763E-5 4.55371E-5 4.12599E-5 4.15881E-5 4.70541E-5 5.0211E-5 4.79495E-5 4.96606E-5 5.27103E-5 3.72007E-5 3.53003E-5 3.60472E-5 3.32757E-5 2.67516E-5 2.36911E-5 1.83279E-5
-9999 -9999 -9999 -9999 -9999 -9999 3.01574E-6 -9999 4.68157E-6 7.77253E-7 4.20471E-7 1.64312E-6 3.96818E-6 4.78156E-6 4.94459E-6 1.63524E-5 9.94224E-6 1.45035E-5 2.03604E-5 2.94294E-5 2.39563E-5 2.46219E-5 2.49351E-5 3.80581E-5 3.01858E-5 3.47672E-5 2.27772E-5 5.8055E-5 6.94722E-5 7.57516E-5 1.56295E-4 1.38163E-4 9.21543E-5 8.23898E-5 8.52987E-5 9.31929E-5 9.06993E-5 6.47993E-5 7.05596E-5 5.53117E-5 6.2431E-5 5.91367E-5 6.70781E-5 5.93388E-5 4.86994E-5 5.16206E-5 4.91397E-5 5.86607E-5 6.52787E-5 5.24825E-5 5.17127E-5 6.95197E-5 4.68554E-5 4.10233E-5 3.90146E-5 3.98168E-5 3.74709E-5 3.5961E-5 3.21194E-5 2.61778E-5 1.9545E-5
-9999 -9999 -9999 2.34834E-6 -9999 -9999 -9999 -9999 -9999 1.77348E-6 1.26779E-6 1.09721E-6 2.26073E-6 4.26333E-6 4.3316E-6 1.28304E-5 1.01046E-5 1.58034E-5 1.86798E-5 2.79995E-5 2.31744E-5 2.84464E-5 2.11301E-5 4.27418E-5 2.24881E-5 2.42737E-5 2.3902E-5 3.91849E-5 1.04812E-4 9.04646E-5 2.38856E-4 1.95297E-4 8.8252E-5 7.1964E-5 6.875E-5 9.87569E-5 9.03864E-5 1.14275E-4 2.85205E-4 6.6398E-5 6.65885E-5 5.94787E-5 6.56643E-5 5.89304E-5 4.65803E-5 5.38584E-5 6.3799E-5 5.84168E-5 5.88311E-5 5.24287E-5 5.3968E-5 5.30246E-5 5.40935E-5 4.26737E-5 4.14763E-5 4.65751E-5 3.80066E-5 5.03959E-5 4.07815E-5 3.06646E-5 2.68629E-5
-9999 -9999 -9999 1.86562E-6 3.54781E-6 5.07156E-6 -9999 -9999 -9999 2.42306E-6 5.48348E-7 2.31275E-6 3.19767E-6 5.72951E-6 6.11267E-6 1.70849E-5 1.31268E-5 1.31625E-5 2.45167E-5 2.63501E-5 2.21407E-5 2.31645E-5 2.61742E-5 3.17435E-5 2.81114E-5 2.02096E-5 2.20726E-5 3.97801E-5 1.34763E-4 1.61657E-4 3.46171E-4 2.53683E-4 9.49067E-5 9.14307E-5 9.33738E-5 8.28048E-5 8.94842E-5 2.5875E-4 1.7041E-4 6.9857E-5 7.3422E-5 8.44022E-5 6.66341E-5 6.09012E-5 6.04382E-5 5.76099E-5 6.16609E-5 5.6411E-5 5.66417E-5 7.32095E-5 6.45415E-5 5.6998E-5 4.45851E-5 4.5189E-5 3.81191E-5 4.9553E-5 6.56495E-5 6.12013E-5 4.58564E-5 4.0475E-5 3.50707E-5
-9999 -9999 -9999 1.72926E-6 4.18769E-6 6.72921E-6 4.6344E-6 -9999 -9999 5.20778E-6 9.82463E-7 4.70493E-6 3.13015E-6 4.92397E-6 6.04946E-6 1.11263E-5 1.54715E-5 2.0514E-5 2.61984E-5 2.29358E-5 2.94765E-5 2.77551E-5 2.41103E-5 2.0011E-5 3.25085E-5 7.82457E-6 9.86394E-6 2.97966E-5 7.56766E-5 7.7708E-5 3.9202E-4 5.4947E-4 2.36395E-4 2.8635E-4 2.90199E-4 1.30994E-4 1.58843E-4 1.83673E-4 1.08858E-4 8.19094E-5 8.85718E-5 8.2077E-5 7.43616E-5 6.63444E-5 6.12487E-5 6.04198E-5 6.00081E-5 6.60997E-5 6.42914E-5 1.08225E-4 1.16051E-4 9.06719E-5 6.1629E-5 7.64081E-5 4.13419E-5 4.82849E-5 5.09938E-5 5.72192E-5 5.21333E-5 4.68595E-5 3.09253E-5
-9999 -9999 -9999 1.24902E-6 3.11491E-6 4.41154E-6 -9999 -9999 3.96585E-6 7.51946E-7 3.61655E-7 1.63604E-6 2.26176E-6 4.36668E-6 8.02966E-6 1.24335E-5 4.67732E-5 2.50961E-5 2.96529E-5 1.84633E-5 2.70094E-5 2.80544E-5 3.03681E-5 2.58705E-5 2.82532E-5 9.0121E-6 7.01299E-6 2.26161E-5 4.84583E-5 1.66686E-4 3.89283E-4 7.0204E-4 4.98298E-4 3.31246E-4 4.29453E-4 2.92246E-4 2.51819E-4 3.06619E-4 1.57879E-4 1.0747E-4 1.07703E-4 1.03529E-4 8.26399E-5 7.24966E-5 6.67303E-5 8.24512E-5 7.45017E-5 7.41775E-5 9.25357E-5 1.20656E-4 1.11243E-4 6.58256E-5 5.79503E-5 4.5188E-5 4.16616E-5 5.37717E-5 5.42008E-5 4.5606E-5 5.46485E-5 4.03334E-5 3.90953E-5
-9999 -9999 -9999 1.13205E-6 4.32884E-6 -9999 -9999 6.88569E-6 2.65856E-6 9.10525E-7 6.33926E-7 1.64925E-6 2.42583E-6 2.66657E-6 8.81438E-6 1.67055E-5 3.65547E-5 2.6983E-5 2.83404E-5 2.65859E-5 2.89242E-5 3.29683E-5 2.85661E-5 2.99161E-5 2.76875E-5 1.19662E-5 6.02231E-6 2.05743E-5 3.35748E-5 4.90972E-5 1.85883E-4 4.91453E-4 2.21296E-4 2.85122E-4 7.50336E-4 4.99223E-4 4.37934E-4 8.34528E-4 2.83072E-4 1.15982E-4 1.08597E-4 8.76818E-5 7.716E-5 7.11739E-5 7.79772E-5 9.77922E-5 8.31045E-5 6.93146E-5 6.70175E-5 9.13914E-5 1.00799E-4 5.52559E-5 4.39325E-5 4.81712E-5 4.4607E-5 4.7619E-5 5.2004E-5 4.76627E-5 4.74797E-5 4.19936E-5 4.35345E-5
-9999 -9999 -9999 7.21633E-7 1.33226E-6 -9999 -9999 -9999 3.46016E-6 8.27922E-7 7.82171E-7 2.10786E-6 1.16439E-6 7.91538E-6 1.48907E-5 2.27428E-5 3.32061E-5 3.45136E-5 3.70195E-5 2.72417E-5 3.43449E-5 3.93983E-5 3.65086E-5 2.95852E-5 2.7304E-5 1.35564E-5 8.63173E-6 1.5511E-5 2.66924E-5 3.59428E-5 5.91027E-5 2.20326E-4 3.31501E-4 3.81009E-4 5.49332E-4 5.85929E-4 4.08011E-4 3.59336E-4 1.37266E-4 1.13462E-4 9.80787E-5 9.86836E-5 8.81038E-5 8.02251E-5 8.86119E-5 9.56356E-5 1.12141E-4 7.92717E-5 8.05654E-5 1.02859E-4 9.86889E-5 6.67188E-5 6.8535E-5 5.97945E-5 5.66482E-5 4.73457E-5 5.28448E-5 5.165E-5 5.31858E-5 5.73139E-5 4.92087E-5
-9999 -9999 -9999 1.01239E-6 3.26954E-6 -9999 -9999 -9999 4.54943E-6 2.23093E-6 1.58529E-6 7.61596E-7 5.2566E-6 9.40242E-6 1.10681E-5 2.52633E-5 3.02815E-5 3.75555E-5 4.63093E-5 3.03155E-5 2.97366E-5 5.23108E-5 4.30172E-5 3.69036E-5 3.12517E-5 2.17325E-5 9.06007E-6 1.71754E-5 2.11054E-5 3.92408E-5 5.51353E-5 2.59682E-4 3.59003E-4 5.34703E-4 3.46163E-4 3.84241E-4 2.91188E-4 4.12416E-4 1.68508E-4 1.79489E-4 1.11947E-4 1.10161E-4 9.37515E-5 8.54686E-5 1.34662E-4 1.37981E-4 1.2843E-4 9.04764E-5 8.88808E-5 1.16963E-4 1.2863E-4 7.42228E-5 6.53428E-5 5.35196E-5 6.18262E-5 5.26829E-5 5.13425E-5 4.89342E-5 4.5151E-5 4.95934E-5 4.51737E-5
-9999 -9999 -9999 4.40486E-7 3.37225E-6 -9999 -9999 -9999 4.72241E-6 1.42723E-6 3.73702E-7 4.25695E-7 2.90065E-6 8.37859E-6 3.51294E-5 2.39778E-5 2.60923E-5 4.26897E-5 3.62534E-5 3.59212E-5 6.0724E-5 8.06203E-5 4.62953E-5 4.02659E-5 3.16808E-5 2.05581E-5 1.2131E-5 1.41049E-5 1.84278E-5 2.89099E-5 4.74874E-5 1.31412E-4 2.73646E-4 5.65924E-4 3.23861E-4 3.80329E-4 1.6202E-4 3.12904E-4 3.35218E-4 1.85343E-4 9.02831E-5 8.86846E-5 9.13215E-5 9.82157E-5 9.30438E-5 9.3123E-5 1.00563E-4 1.06131E-4 1.28002E-4 1.08774E-4 9.08738E-5 8.32711E-5 7.04491E-5 6.49254E-5 6.09623E-5 5.89191E-5 5.03049E-5 6.45321E-5 5.53609E-5 5.4498E-5 8.38448E-5
-9999 -9999 -9999 -9999 1.44453E-6 -9999 -9999 -9999 -9999 2.84365E-6 5.49027E-7 6.95813E-7 2.6142E-6 3.3187E-6 1.36461E-5 2.36654E-5 2.53539E-5 4.32934E-5 4.94264E-5 6.20851E-5 4.81887E-5 1.50914E-4 7.23127E-5 4.88481E-5 5.00111E-5 2.60465E-5 1.35014E-5 9.94716E-6 1.89548E-5 1.89283E-5 3.31441E-5 5.19954E-5 6.9265E-5 9.82801E-5 8.66553E-5 1.12014E-4 3.0784E-4 2.31883E-4 1.06113E-4 7.97775E-5 1.27205E-4 8.78756E-5 1.30818E-4 1.01751E-4 9.63066E-5 1.25429E-4 1.1048E-4 1.19566E-4 1.10134E-4 9.94051E-5 1.45592E-4 8.28076E-5 7.66455E-5 7.22828E-5 7.20008E-5 6.51232E-5 6.26996E-5 5.75574E-5 5.52167E-5 5.37459E-5 5.50278E-5
-9999 -9999 -9999 -9999 2.80164E-6 -9999 -9999 -9999 -9999 5.33724E-6 1.55386E-6 9.7203E-7 3.5322E-6 3.75772E-6 9.90709E-6 2.22836E-5 3.69531E-5 4.16192E-5 4.81703E-5 4.19903E-5 5.22045E-5 7.05984E-5 5.32979E-5 9.32668E-5 1.235E-4 3.13489E-5 1.72749E-5 9.51226E-6 1.311E-5 1.86405E-5 2.15246E-5 3.32487E-5 6.25325E-5 1.14384E-4 7.47228E-5 7.91777E-5 1.51081E-4 8.85071E-5 6.48591E-5 5.32416E-5 9.80076E-5 8.50712E-5 1.09714E-4 1.43229E-4 1.04041E-4 1.19726E-4 2.09166E-4 1.19978E-4 1.13256E-4 1.18406E-4 1.26593E-4 9.53536E-5 8.94781E-5 7.9341E-5 7.69025E-5 8.12332E-5 7.1166E-5 6.63018E-5 6.15642E-5 5.36998E-5 5.25717E-5
-9999 -9999 -9999 -9999 -9999 -9999 -9999 -9999 -9999 3.71118E-6 3.28672E-6 9.38789E-7 2.73183E-6 3.82676E-6 4.83317E-6 1.41426E-5 3.8163E-5 4.06609E-5 4.05437E-5 5.32841E-5 4.78821E-5 5.14744E-5 6.02732E-5 4.86958E-5 3.62159E-5 1.49809E-5 9.81618E-6 1.41861E-5 9.5959E-6 1.87607E-5 2.8609E-5 3.10179E-5 3.67483E-5 7.57701E-5 5.0406E-5 7.42987E-5 1.53942E-4 1.36577E-4 7.55289E-5 9.9891E-5 1.24888E-4 9.50803E-5 1.29334E-4 1.4613E-4 2.8677E-4 3.47129E-4 3.46835E-4 1.51495E-4 1.14092E-4 1.09691E-4 1.2329E-4 1.21622E-4 9.47483E-5 7.24702E-5 8.11225E-5 7.28764E-5 7.37592E-5 7.57897E-5 6.43847E-5 6.16493E-5 5.92376E-5
-9999 -9999 -9999 -9999 -9999 -9999 -9999 -9999 -9999 -9999 3.15261E-6 1.24829E-6 1.46231E-6 3.15875E-6 8.43095E-6 1.68808E-5 3.61122E-5 3.5977E-5 4.37038E-5 4.57296E-5 4.4859E-5 4.58473E-5 5.90713E-5 5.18307E-5 3.71049E-5 1.58788E-5 1.21564E-5 1.09831E-5 1.26413E-5 1.55776E-5 2.84102E-5 2.9761E-5 4.93444E-5 5.75069E-5 7.04823E-5 7.43292E-5 1.20247E-4 1.40848E-4 9.02424E-5 1.12518E-4 1.24697E-4 2.49473E-4 2.70138E-4 3.56944E-4 4.60457E-4 4.84551E-4 3.30509E-4 5.27788E-4 1.24716E-4 1.09478E-4 1.64573E-4 1.24123E-4 9.50027E-5 8.85003E-5 8.25033E-5 7.52946E-5 8.9413E-5 9.51899E-5 8.1252E-5 6.9596E-5 7.2177E-5
-9999 -9999 -9999 -9999 -9999 -9999 -9999 -9999 -9999 -9999 2.62121E-6 1.15708E-6 5.33919E-7 1.79077E-6 8.36627E-6 8.42368E-6 3.70473E-5 5.02855E-5 4.14753E-5 4.89313E-5 4.49275E-5 4.54922E-5 6.19363E-5 7.79942E-5 3.38293E-5 1.75421E-5 1.29054E-5 8.34521E-6 1.48476E-5 2.5071E-5 2.97541E-5 3.63441E-5 4.03099E-5 5.92853E-5 7.25415E-5 1.06964E-4 9.0645E-5 8.51144E-5 9.41614E-5 2.79046E-4 3.16713E-4 4.70008E-4 3.58788E-4 4.34894E-4 4.31524E-4 3.99736E-4 1.76174E-4 3.31877E-4 2.40611E-4 3.23516E-4 3.26342E-4 1.71896E-4 1.00045E-4 9.31039E-5 8.49793E-5 8.44528E-5 8.38834E-5 7.55528E-5 7.7981E-5 7.48384E-5 7.79675E-5
-9999 -9999 -9999 -9999 -9999 -9999 -9999 -9999 -9999 -9999 2.10728E-6 8.303E-7 7.11327E-7 1.56788E-6 3.20913E-5 2.73566E-5 3.59541E-5 6.059E-5 4.86484E-5 6.50002E-5 5.60646E-5 5.56452E-5 6.12612E-5 7.24322E-5 4.15368E-5 1.58683E-5 1.21832E-5 1.34671E-5 1.84341E-5 2.17329E-5 3.61289E-5 5.63021E-5 4.90394E-5 4.47535E-5 7.36444E-5 9.379E-5 1.52104E-4 2.20636E-4 2.61781E-4 2.38253E-4 3.72489E-4 4.00963E-4 5.43868E-4 5.49496E-4 5.47264E-4 6.55918E-4 5.70391E-4 4.78548E-4 4.07956E-4 5.43196E-4 5.70487E-4 3.78748E-4 2.60448E-4 2.16715E-4 2.01366E-4 9.85718E-5 8.77735E-5 8.27212E-5 8.75799E-5 8.4968E-5 8.70723E-5
-9999 -9999 -9999 -9999 -9999 -9999 -9999 -9999 -9999 -9999 2.15658E-6 6.38391E-7 1.19975E-6 1.23774E-6 8.82118E-6 1.35298E-5 3.70951E-5 5.56608E-5 5.72292E-5 8.48444E-5 9.88216E-5 6.6676E-5 5.79084E-5 6.55631E-5 3.97478E-5 1.94082E-5 1.28271E-5 1.26906E-5 3.52667E-5 2.07902E-5 2.7371E-5 6.50383E-5 5.91741E-5 4.08175E-5 9.65109E-5 8.05698E-5 1.39672E-4 1.89615E-4 1.71954E-4 2.46086E-4 4.3292E-4 6.02955E-4 8.18147E-4 7.36484E-4 1.05471E-3 7.38899E-4 7.29613E-4 6.7525E-4 7.21512E-4 6.34107E-4 2.60245E-4 1.79205E-4 1.80281E-4 3.07271E-4 3.56281E-4 2.93704E-4 1.12958E-4 9.37906E-5 9.11849E-5 8.60689E-5 9.20351E-5
-9999 -9999 -9999 -9999 -9999 -9999 -9999 -9999 -9999 -9999 1.44144E-6 8.35333E-7 1.43298E-6 4.11206E-6 4.85075E-5 7.51271E-6 4.50667E-5 3.64173E-5 5.29901E-5 1.02069E-4 1.38398E-4 7.9563E-5 6.94382E-5 5.33805E-5 5.93746E-5 3.51212E-5 2.13919E-5 1.50317E-5 2.25522E-5 4.46988E-5 2.74957E-5 2.70416E-5 4.92766E-5 8.01245E-5 9.11091E-5 1.20494E-4 1.11094E-4 1.1926E-4 1.58971E-4 2.46604E-4 4.87609E-4 9.50131E-4 1.07068E-3 2.11333E-3 1.29351E-3 6.35923E-4 5.26985E-4 6.10934E-4 4.33815E-4 7.91688E-4 6.59159E-4 2.61209E-4 1.84994E-4 3.96235E-4 2.2029E-4 1.85973E-4 1.08319E-4 1.37808E-4 1.09741E-4 8.94549E-5 9.86447E-5
-9999 -9999 -9999 -9999 -9999 -9999 -9999 -9999 3.48777E-6 2.73094E-6 2.42331E-6 1.50348E-6 1.05441E-6 1.75784E-6 4.84901E-6 4.01568E-5 4.59891E-5 4.21761E-5 4.25895E-5 6.60857E-5 7.38405E-5 1.04876E-4 1.05038E-4 7.09916E-5 6.39201E-5 4.23643E-5 1.7387E-5 9.99216E-6 1.08043E-5 1.95578E-5 1.61579E-5 2.29814E-5 5.28337E-5 4.33338E-5 7.19469E-5 5.66621E-5 7.86131E-5 1.43893E-4 1.28451E-4 2.99073E-4 5.90008E-4 9.8153E-4 8.26657E-4 8.49333E-4 8.54094E-4 5.47842E-4 5.5789E-4 6.38537E-4 5.96019E-4 4.59169E-4 6.61083E-4 5.3964E-4 4.39754E-4 3.70947E-4 2.03725E-4 1.69712E-4 2.40976E-4 2.00799E-4 2.021E-4 1.07817E-4 1.18687E-4
-9999 -9999 -9999 -9999 -9999 -9999 -9999 -9999 1.94489E-6 1.4488E-6 2.69202E-6 2.80688E-6 2.14105E-6 8.46606E-7 1.55561E-6 8.92028E-6 1.14484E-5 6.35119E-5 3.69835E-5 2.97209E-5 4.48567E-5 6.10687E-5 1.1353E-4 5.77385E-5 5.82185E-5 3.76659E-5 2.27922E-5 1.5354E-5 1.08251E-5 1.09862E-5 3.12839E-5 1.55648E-5 4.40058E-5 6.41969E-5 1.0378E-4 5.11403E-5 9.63418E-5 1.09694E-4 1.22519E-4 1.19052E-4 3.70497E-4 7.69437E-4 7.24424E-4 7.24918E-4 7.47725E-4 5.89341E-4 4.93447E-4 5.68639E-4 5.58098E-4 7.24424E-4 6.17954E-4 5.57204E-4 5.20728E-4 3.98688E-4 3.70081E-4 3.75784E-4 4.4427E-4 3.75722E-4 3.56083E-4 3.66728E-4 3.88126E-4
-9999 -9999 -9999 -9999 -9999 -9999 -9999 -9999 8.3346E-7 7.21528E-7 5.9828E-7 9.96245E-7 1.78137E-6 1.0875E-6 1.01755E-6 5.61169E-6 7.81888E-6 5.09098E-5 4.10382E-5 4.24925E-5 3.85968E-5 3.6674E-5 7.69524E-5 6.60949E-5 7.16222E-5 7.80402E-5 2.95384E-5 2.51332E-5 1.46889E-5 1.10226E-5 2.49458E-5 2.21238E-5 3.19921E-5 8.98546E-5 1.85452E-4 1.6315E-4 6.47602E-5 1.02504E-4 1.10383E-4 3.74522E-4 7.3412E-4 9.39157E-4 9.10219E-4 9.8296E-4 9.83767E-4 6.40142E-4 5.4136E-4 4.68947E-4 7.15078E-4 7.41566E-4 9.05609E-4 6.49741E-4 5.31201E-4 4.14182E-4 5.21825E-4 3.61686E-4 4.86992E-4 4.13372E-4 3.48739E-4 5.07736E-4 5.77414E-4
-9999 -9999 -9999 -9999 -9999 -9999 -9999 -9999 -9999 1.00479E-6 4.74519E-7 7.99882E-7 1.27051E-6 2.23034E-6 9.91422E-7 1.62177E-6 8.18198E-6 4.77666E-5 1.58401E-4 7.65012E-5 2.13377E-5 2.31188E-5 3.33113E-5 6.92498E-5 5.17546E-5 5.40673E-5 3.75325E-5 2.6247E-5 1.60094E-5 1.0707E-5 8.19823E-6 1.29105E-5 2.22387E-5 3.33445E-5 7.95299E-5 8.45644E-5 9.71484E-5 8.68471E-5 1.45864E-4 8.09891E-4 7.38003E-4 1.34697E-3 1.33698E-3 1.04472E-3 7.92536E-4 5.51344E-4 6.94316E-4 7.17986E-4 4.34516E-4 5.12205E-4 5.00701E-4 5.5684E-4 4.36786E-4 8.3825E-4 7.36884E-4 4.29027E-4 5.25435E-4 5.60381E-4 4.36868E-4 4.39619E-4 4.18665E-4
-9999 -9999 -9999 -9999 -9999 -9999 -9999 -9999 -9999 7.37826E-7 7.55849E-7 6.38079E-7 8.25703E-7 2.37146E-6 3.15904E-6 1.72405E-6 2.43319E-6 5.18462E-6 2.64181E-5 3.4129E-5 1.86872E-5 1.598E-5 2.91038E-5 4.95715E-5 4.62414E-5 4.80152E-5 5.27209E-5 2.90566E-5 1.32845E-5 7.34468E-6 1.10269E-5 5.33767E-6 3.38601E-5 2.08169E-5 6.54873E-5 1.11341E-4 1.90386E-4 1.06116E-4 1.05117E-4 4.95547E-4 9.37506E-4 9.60779E-4 7.52223E-4 7.63718E-4 6.78242E-4 4.22296E-4 3.67017E-4 6.9559E-4 4.76853E-4 5.52534E-4 7.17005E-4 4.91098E-4 5.963E-4 5.82968E-4 7.09087E-4 5.6073E-4 3.54444E-4 4.2252E-4 3.9974E-4 4.2286E-4 4.71082E-4
-9999 -9999 -9999 -9999 -9999 -9999 -9999 -9999 -9999 -9999 9.56201E-7 5.61626E-7 6.6696E-7 3.50265E-6 9.04968E-6 1.62261E-6 1.79762E-6 4.24169E-6 1.66279E-5 1.44444E-5 1.66473E-5 1.14861E-5 2.7832E-5 1.04769E-4 7.27532E-5 6.07051E-5 4.19397E-5 2.59857E-5 1.20446E-5 8.55227E-6 1.18116E-5 9.44862E-6 1.04745E-5 1.57427E-5 3.31766E-5 7.77163E-5 1.15766E-4 1.10565E-4 1.85968E-4 5.62642E-4 7.8279E-4 7.88038E-4 7.65172E-4 7.50373E-4 3.99608E-4 4.06119E-4 3.30076E-4 4.97092E-4 4.36549E-4 5.27581E-4 8.09246E-4 7.33043E-4 7.18643E-4 8.02998E-4 4.91012E-4 5.93587E-4 6.32478E-4 3.64241E-4 3.86846E-4 5.0129E-4 4.45723E-4
-9999 -9999 -9999 -9999 -9999 -9999 -9999 -9999 -9999 -9999 9.63419E-7 5.97386E-7 8.92549E-7 1.84066E-6 8.7844E-6 3.38118E-6 1.33275E-6 1.59187E-6 6.03963E-6 9.98421E-6 1.45833E-5 1.91511E-5 2.63855E-5 4.01513E-5 8.71467E-5 1.57409E-4 1.51668E-4 4.85969E-5 4.28186E-5 1.38896E-5 8.0994E-6 1.80042E-5 2.42678E-5 3.09328E-5 3.47069E-5 5.08917E-5 7.09865E-5 9.66462E-5 1.12601E-4 6.8054E-4 9.72596E-4 8.48151E-4 8.76305E-4 1.03584E-3 7.18308E-4 4.29207E-4 2.98685E-4 3.46335E-4 4.24321E-4 4.4055E-4 5.94852E-4 6.30994E-4 6.67813E-4 6.82619E-4 6.35833E-4 4.88963E-4 5.41882E-4 5.46218E-4 6.00964E-4 3.74473E-4 4.00072E-4
