Candidate_Models_Sept202022/M_2_F_lqp_Set_1_all/Bison.asc
ncols         97
nrows         127
xllcorner     -2197417.7431653
yllcorner     -584827.01486885
cellsize      30000.0
NODATA_value  -9999
[rows 27 to 53 of 127, columns 0 to 60 of 97]
-9999 -9999 4.66673E-5 3.82372E-5 4.30547E-5 2.76599E-5 1.71544E-5 2.57773E-5 8.03802E-5 2.19204E-5 2.46018E-5 3.22245E-5 1.15661E-5 1.35502E-5 1.1447E-5 1.65817E-5 1.2153E-5 1.35704E-5 1.41396E-5 1.10665E-5 8.46346E-6 1.05332E-5 1.10829E-5 1.17314E-5 1.50934E-5 1.26999E-5 1.53703E-5 1.35609E-5 1.54302E-5 1.32832E-5 9.87692E-6 9.10411E-6 9.30571E-6 8.97174E-6 9.83372E-6 9.7869E-6 1.54218E-5 1.06096E-5 8.40662E-6 1.18292E-5 1.67694E-5 2.11503E-5 1.56095E-5 3.04171E-5 1.59917E-5 1.11713E-5 8.48843E-6 7.31176E-6 5.77525E-6 5.29591E-6 5.13659E-6 5.50153E-6 4.17829E-6 3.72904E-6 2.64047E-6 2.07497E-6 1.99143E-6 1.79417E-6 1.94164E-6 2.00659E-6 3.05489E-6
-9999 3.86015E-5 4.10322E-5 3.98325E-5 2.73887E-5 3.39804E-5 2.24426E-5 2.44665E-5 2.45927E-5 2.31207E-5 2.35878E-5 2.23724E-5 1.65959E-5 1.65544E-5 1.69894E-5 1.50723E-5 2.39731E-5 1.78041E-5 1.6006E-5 1.5895E-5 2.86245E-5 1.54958E-5 8.55778E-6 1.11165E-5 1.44596E-5 1.43104E-5 1.29069E-5 1.33872E-5 1.25368E-5 1.28494E-5 1.04628E-5 6.87668E-6 1.18904E-5 8.44585E-6 8.15263E-6 1.0951E-5 1.49031E-5 1.93426E-5 1.59574E-5 1.25292E-5 1.37578E-5 1.11044E-5 1.34495E-5 1.29574E-5 1.32225E-5 8.88473E-6 8.13144E-6 6.32938E-6 5.62645E-6 4.75264E-6 4.92653E-6 6.58913E-6 3.79086E-6 3.27404E-6 2.71238E-6 2.22344E-6 1.98681E-6 1.8232E-6 1.91608E-6 2.13649E-6 1.87439E-6
-9999 2.13221E-5 2.81486E-5 4.98924E-5 5.06925E-5 3.55243E-5 2.52967E-5 2.65386E-5 4.10363E-5 3.08341E-5 2.42189E-5 2.89602E-5 1.92381E-5 1.77012E-5 1.83467E-5 1.57889E-5 1.32719E-5 1.7875E-5 2.80982E-5 2.78301E-5 1.15362E-5 8.25469E-6 1.07992E-5 8.89072E-6 1.81459E-5 1.70989E-5 1.72771E-5 1.56268E-5 1.37869E-5 1.61047E-5 1.03594E-5 6.99356E-6 9.41359E-6 8.96675E-6 8.02376E-6 8.7136E-6 1.36516E-5 1.70564E-5 1.53252E-5 1.38993E-5 1.60619E-5 1.41719E-5 1.68865E-5 1.15034E-5 8.15835E-6 8.41728E-6 6.92824E-6 5.86752E-6 4.87785E-6 4.65032E-6 4.29662E-6 4.26339E-6 3.48823E-6 3.16052E-6 2.58732E-6 2.33674E-6 2.06771E-6 1.89373E-6 1.81104E-6 2.04318E-6 1.94469E-6
3.82356E-5 2.23709E-5 9.18046E-6 1.73972E-5 2.64902E-5 4.08317E-5 4.03943E-5 2.97697E-5 3.4751E-5 2.66856E-5 3.00748E-5 2.90138E-5 2.45069E-5 3.05331E-5 1.82841E-5 1.47004E-5 2.14889E-5 2.06409E-5 1.97388E-5 1.6823E-5 1.42961E-5 9.48319E-6 1.12617E-5 1.68617E-5 1.66131E-5 1.44578E-5 1.43901E-5 1.47915E-5 1.67303E-5 1.34411E-5 1.07318E-5 1.04583E-5 7.34155E-6 8.84637E-6 1.14562E-5 1.1177E-5 1.47043E-5 1.43181E-5 1.60425E-5 1.39925E-5 1.37249E-5 1.13446E-5 1.36941E-5 1.36944E-5 8.77159E-6 7.27926E-6 6.58841E-6 5.5686E-6 4.78568E-6 3.9625E-6 3.51652E-6 3.80539E-6 3.68603E-6 3.4742E-6 2.95435E-6 2.59756E-6 2.16186E-6 1.98589E-6 1.90662E-6 2.07886E-6 2.04834E-6
1.2436E-5 2.70075E-5 1.36958E-5 1.10794E-5 2.17824E-5 5.76897E-5 3.49925E-5 3.93461E-5 3.08001E-5 3.27228E-5 3.9371E-5 2.88578E-5 2.74681E-5 3.83452E-5 2.11835E-5 2.89548E-5 1.60191E-5 2.10945E-5 1.59896E-5 1.32644E-5 1.28131E-5 1.56712E-5 1.0606E-5 1.35987E-5 1.49288E-5 1.75705E-5 1.59128E-5 1.92767E-5 1.79858E-5 1.59416E-5 9.98568E-6 7.56611E-6 1.04961E-5 7.14155E-6 9.10459E-6 1.31228E-5 1.22356E-5 1.43996E-5 1.39775E-5 1.23655E-5 1.27695E-5 1.24359E-5 1.20875E-5 1.06736E-5 8.33298E-6 6.59171E-6 5.98816E-6 5.81867E-6 4.99043E-6 3.91477E-6 3.64118E-6 3.90521E-6 3.59988E-6 3.53431E-6 3.14494E-6 2.696E-6 2.32669E-6 2.24797E-6 2.06505E-6 2.15285E-6 2.07893E-6
8.72594E-6 2.22711E-5 2.9708E-5 2.5725E-5 2.05557E-5 6.21695E-5 4.73087E-5 3.06171E-5 2.85917E-5 3.27967E-5 3.38962E-5 3.10798E-5 2.88446E-5 2.2836E-5 1.85085E-5 1.66013E-5 2.14278E-5 1.08993E-5 1.20579E-5 1.28792E-5 1.35196E-5 1.25672E-5 1.04111E-5 1.52424E-5 1.98306E-5 1.61703E-5 1.60715E-5 3.10535E-5 1.74949E-5 1.07673E-5 1.01165E-5 9.70654E-6 1.16145E-5 1.02943E-5 6.99455E-6 9.71048E-6 1.68981E-5 1.18474E-5 1.05001E-5 1.24407E-5 8.94561E-6 1.48517E-5 1.1944E-5 1.56645E-5 1.246E-5 6.60783E-6 5.89052E-6 5.30635E-6 5.81642E-6 4.1472E-6 4.05456E-6 3.88349E-6 3.57999E-6 3.53537E-6 3.26718E-6 2.64031E-6 2.49394E-6 2.40714E-6 2.42141E-6 2.20707E-6 2.18325E-6
-9999 7.56008E-6 1.33362E-5 2.60404E-5 2.34369E-5 5.29557E-5 3.93884E-5 3.2258E-5 2.57546E-5 1.9956E-5 3.1512E-5 3.39854E-5 2.65432E-5 2.36744E-5 1.77413E-5 1.17952E-5 1.11189E-5 9.75342E-6 1.15555E-5 1.41907E-5 1.44121E-5 1.91031E-5 1.08333E-5 1.34594E-5 1.44308E-5 2.22444E-5 1.87826E-5 3.18019E-5 2.46944E-5 1.82456E-5 1.36877E-5 9.38363E-6 1.14189E-5 1.04235E-5 7.86483E-6 1.29285E-5 1.52068E-5 1.33043E-5 1.15371E-5 1.63242E-5 1.15574E-5 9.47937E-6 1.26127E-5 1.18389E-5 1.13624E-5 6.41678E-6 6.55427E-6 7.20629E-6 6.15683E-6 5.25446E-6 4.84724E-6 4.39764E-6 3.94714E-6 3.96163E-6 3.34692E-6 3.05881E-6 3.23138E-6 2.58192E-6 2.49241E-6 2.24809E-6 2.34826E-6
-9999 -9999 5.33465E-6 1.85889E-5 2.44826E-5 3.52746E-5 1.88617E-5 1.88832E-5 2.88185E-5 3.28782E-5 3.04116E-5 6.26468E-5 2.20262E-5 1.98754E-5 1.8699E-5 1.17044E-5 1.09106E-5 9.65066E-6 1.19957E-5 1.49244E-5 1.75438E-5 1.15428E-5 1.1123E-5 1.5209E-5 2.8292E-5 1.79115E-5 1.45637E-5 3.77909E-5 2.23077E-5 2.16355E-5 1.17272E-5 8.63736E-6 1.47049E-5 1.07146E-5 1.21807E-5 1.11609E-5 1.38551E-5 1.12296E-5 1.40622E-5 1.60724E-5 1.22801E-5 1.20317E-5 1.39329E-5 1.20705E-5 1.06014E-5 7.61112E-6 7.17707E-6 6.85991E-6 7.20732E-6 8.24679E-6 5.73208E-6 5.00854E-6 4.24853E-6 4.0738E-6 3.65805E-6 3.17034E-6 3.55485E-6 2.73702E-6 2.69849E-6 2.62555E-6 2.50284E-6
-9999 -9999 5.60711E-6 1.23672E-5 1.95788E-5 1.85231E-5 1.28879E-5 2.16795E-5 3.28597E-5 3.68683E-5 3.67801E-5 3.57344E-5 1.94656E-5 1.62163E-5 1.46224E-5 1.7411E-5 1.53741E-5 1.50778E-5 1.24338E-5 1.68525E-5 1.94535E-5 1.67081E-5 1.09587E-5 1.36354E-5 2.29771E-5 2.81772E-5 2.04399E-5 3.38085E-5 3.78743E-5 2.06785E-5 1.63594E-5 1.11357E-5 1.01845E-5 8.14418E-6 7.9251E-6 1.21359E-5 1.48435E-5 1.2077E-5 1.58066E-5 1.57864E-5 1.15269E-5 1.40712E-5 9.67901E-6 1.05149E-5 9.57981E-6 8.32785E-6 6.59363E-6 7.71013E-6 8.04635E-6 1.08543E-5 6.77691E-6 6.53044E-6 5.06648E-6 4.44554E-6 3.86257E-6 3.50838E-6 3.26426E-6 3.13058E-6 3.13445E-6 2.95476E-6 2.58743E-6
-9999 -9999 5.3637E-6 8.2629E-6 1.22091E-5 1.04312E-5 1.04642E-5 3.04157E-5 4.27671E-5 3.47159E-5 3.20197E-5 1.73872E-5 2.39725E-5 1.92377E-5 1.68679E-5 1.70835E-5 1.86907E-5 1.69551E-5 1.67393E-5 1.51336E-5 2.15597E-5 1.84843E-5 1.20022E-5 1.65694E-5 1.37748E-5 1.42089E-5 1.53755E-5 1.50853E-5 2.49566E-5 2.43664E-5 1.45897E-5 1.03073E-5 7.95888E-6 8.9878E-6 1.11083E-5 1.20563E-5 1.46968E-5 1.48787E-5 1.48203E-5 1.23246E-5 1.24804E-5 9.92403E-6 9.1197E-6 7.43068E-6 9.95523E-6 9.19704E-6 7.51045E-6 9.62145E-6 8.573E-6 1.01769E-5 7.03196E-6 6.19925E-6 5.3182E-6 4.62809E-6 4.38507E-6 3.86204E-6 3.62821E-6 3.34816E-6 3.65295E-6 3.24117E-6 2.93708E-6
-9999 -9999 -9999 6.58664E-6 3.92288E-5 3.59811E-5 2.62118E-5 2.06509E-5 2.34894E-5 2.24398E-5 1.76754E-5 2.07663E-5 2.69786E-5 2.25396E-5 1.65098E-5 1.55282E-5 1.74914E-5 1.52801E-5 1.83928E-5 1.59216E-5 2.039E-5 2.74853E-5 1.25171E-5 1.83228E-5 2.40111E-5 1.53795E-5 2.4486E-5 1.72229E-5 1.51808E-5 1.6039E-5 1.60293E-5 1.45563E-5 8.01838E-6 1.08084E-5 1.20371E-5 1.1663E-5 1.41642E-5 1.56061E-5 8.83686E-6 1.09666E-5 9.79256E-6 1.01641E-5 1.16746E-5 1.12796E-5 1.07367E-5 9.21433E-6 8.48546E-6 9.2552E-6 8.40773E-6 7.46867E-6 7.04057E-6 6.78867E-6 6.52362E-6 5.51007E-6 5.21596E-6 4.69302E-6 4.27411E-6 3.79966E-6 3.38754E-6 3.40379E-6 3.25387E-6
-9999 -9999 -9999 3.60389E-6 6.17978E-5 4.87676E-5 3.41212E-5 2.456E-5 3.68422E-5 3.34591E-5 1.49533E-5 2.29164E-5 2.03296E-5 2.05361E-5 2.30665E-5 1.85212E-5 1.32902E-5 2.22541E-5 1.70185E-5 1.52865E-5 1.27819E-5 1.41933E-5 1.33816E-5 1.43176E-5 1.83736E-5 2.0448E-5 1.8154E-5 1.18461E-5 7.30669E-6 1.20691E-5 1.65886E-5 1.2243E-5 9.2336E-6 1.233E-5 1.20307E-5 1.17E-5 1.6112E-5 1.76559E-5 1.45916E-5 1.54474E-5 1.22955E-5 1.25763E-5 1.45626E-5 1.00464E-5 1.19447E-5 1.05021E-5 1.01655E-5 1.07973E-5 1.05705E-5 9.33171E-6 7.26869E-6 9.19349E-6 7.56791E-6 6.83054E-6 5.76187E-6 4.80972E-6 4.54693E-6 4.0779E-6 3.90384E-6 3.57082E-6 3.36595E-6
-9999 -9999 -9999 1.45948E-6 3.4683E-5 1.64129E-5 2.12432E-5 3.56548E-5 2.25228E-5 4.06226E-5 2.01355E-5 1.84758E-5 2.44223E-5 2.4168E-5 1.78789E-5 1.86609E-5 1.25774E-5 2.02243E-5 1.44763E-5 1.8179E-5 1.82627E-5 1.31606E-5 1.93836E-5 1.6696E-5 1.91046E-5 2.05625E-5 1.90214E-5 1.59891E-5 1.18705E-5 1.18297E-5 2.03431E-5 1.53191E-5 1.34983E-5 1.27914E-5 1.33663E-5 1.37171E-5 1.50028E-5 1.55619E-5 1.75103E-5 1.59324E-5 1.08095E-5 9.36172E-6 1.28174E-5 1.52755E-5 1.22244E-5 1.22676E-5 1.04107E-5 1.2597E-5 1.1209E-5 9.9571E-6 9.90109E-6 8.74216E-6 9.93014E-6 8.50785E-6 7.25208E-6 6.70287E-6 6.54563E-6 5.30589E-6 4.84705E-6 4.14559E-6 3.84106E-6
-9999 -9999 -9999 -9999 9.10231E-6 9.09766E-6 1.08556E-5 8.86301E-6 2.42028E-5 4.15043E-5 1.16625E-5 1.44092E-5 3.03416E-5 1.93847E-5 1.94213E-5 3.07583E-5 3.09271E-5 1.9332E-5 1.9581E-5 1.90015E-5 1.59221E-5 1.57567E-5 1.62784E-5 1.38594E-5 1.76547E-5 2.1305E-5 1.94626E-5 1.7553E-5 1.51824E-5 1.56652E-5 1.31854E-5 1.31676E-5 1.60556E-5 1.60727E-5 1.39669E-5 1.44899E-5 1.4957E-5 1.49668E-5 1.78126E-5 1.64316E-5 1.38729E-5 1.17841E-5 1.05584E-5 1.43703E-5 1.43037E-5 1.31313E-5 1.18854E-5 1.40976E-5 1.55438E-5 1.2147E-5 9.08223E-6 1.12788E-5 1.27435E-5 1.05564E-5 1.11238E-5 9.3066E-6 7.10411E-6 6.8283E-6 6.83016E-6 4.46757E-6 3.89427E-6
-9999 -9999 -9999 -9999 2.12614E-6 5.43841E-6 7.35609E-6 1.3639E-5 6.63278E-6 2.36139E-5 1.05671E-5 1.07882E-5 2.17086E-5 2.45788E-5 2.42316E-5 2.07654E-5 2.46809E-5 2.60165E-5 1.90873E-5 2.2073E-5 2.01266E-5 2.35659E-5 1.72263E-5 1.56851E-5 1.50919E-5 1.60714E-5 2.85189E-5 2.14799E-5 2.3775E-5 2.48037E-5 1.52249E-5 1.56226E-5 1.85991E-5 1.78745E-5 1.64599E-5 1.57145E-5 1.47668E-5 1.71747E-5 1.88717E-5 2.06308E-5 2.31523E-5 2.12124E-5 1.33641E-5 1.58244E-5 1.45509E-5 1.75034E-5 1.84718E-5 1.21782E-5 1.60967E-5 1.71274E-5 1.40428E-5 1.33463E-5 1.36536E-5 8.83355E-6 8.63997E-6 7.83807E-6 7.40007E-6 8.18719E-6 7.63859E-6 5.36092E-6 4.45438E-6
-9999 -9999 -9999 -9999 1.32459E-6 2.96205E-6 3.9157E-6 1.0224E-5 1.51015E-5 1.83043E-5 9.45842E-6 7.1432E-6 1.74795E-5 2.19189E-5 2.44592E-5 2.30622E-5 3.20777E-5 3.41447E-5 1.53655E-5 2.06141E-5 2.26751E-5 1.71057E-5 2.05736E-5 2.14433E-5 2.58788E-5 2.45288E-5 2.72554E-5 1.67728E-5 2.19946E-5 1.90439E-5 2.05076E-5 2.27496E-5 2.11797E-5 1.87615E-5 1.84323E-5 1.75115E-5 1.62471E-5 1.75867E-5 2.47487E-5 2.78571E-5 1.84845E-5 1.77628E-5 1.7705E-5 1.7436E-5 1.67426E-5 2.09404E-5 2.43286E-5 2.54481E-5 -9999 1.74694E-5 1.42951E-5 1.32635E-5 1.15835E-5 1.00656E-5 1.77944E-5 9.48152E-6 1.04925E-5 1.0341E-5 1.14076E-5 5.99021E-6 4.85744E-6
-9999 -9999 -9999 -9999 1.28139E-6 2.44376E-6 2.6603E-6 8.82135E-7 2.17996E-5 4.91159E-5 1.39954E-5 7.32587E-6 1.1248E-5 1.53887E-5 2.41854E-5 3.37899E-5 3.30934E-5 2.06323E-5 1.75272E-5 2.03369E-5 2.72249E-5 2.41119E-5 2.37495E-5 3.92444E-5 2.48924E-5 2.13518E-5 2.49455E-5 2.05101E-5 1.85921E-5 1.89748E-5 2.11141E-5 2.44537E-5 2.1625E-5 2.14596E-5 1.9475E-5 1.94361E-5 1.80303E-5 1.76216E-5 1.70676E-5 2.01615E-5 2.72968E-5 1.84228E-5 1.8914E-5 1.88559E-5 2.00435E-5 1.98117E-5 -9999 -9999 -9999 -9999 2.01236E-5 1.30048E-5 1.26024E-5 1.37938E-5 1.40164E-5 1.2606E-5 8.44308E-6 6.66678E-6 5.28797E-6 5.91391E-6 5.80708E-6
-9999 -9999 -9999 -9999 8.06608E-7 2.6782E-6 2.52187E-6 1.41937E-6 1.24007E-6 4.5784E-5 1.45108E-5 2.26655E-5 1.163E-5 2.25135E-5 2.41307E-5 2.63738E-5 2.21452E-5 1.68192E-5 1.58093E-5 1.91839E-5 1.85449E-5 2.1137E-5 2.33417E-5 2.42457E-5 1.62948E-5 1.76296E-5 2.71322E-5 1.77551E-5 2.38016E-5 2.29699E-5 2.30432E-5 2.27373E-5 2.28339E-5 2.53873E-5 1.82084E-5 2.31982E-5 2.05458E-5 1.79088E-5 1.83233E-5 1.87444E-5 2.14715E-5 1.83892E-5 1.76435E-5 1.62099E-5 2.4216E-5 -9999 -9999 -9999 -9999 3.62635E-5 2.26775E-5 1.8841E-5 1.45064E-5 1.38685E-5 1.4708E-5 1.23313E-5 1.04052E-5 7.64733E-6 7.92213E-6 9.10413E-6 6.4018E-6
-9999 -9999 -9999 -9999 1.49708E-6 3.03703E-6 3.3461E-6 9.99467E-7 4.63565E-6 1.94708E-5 2.75877E-5 2.51646E-5 9.67364E-6 2.88896E-5 2.90386E-5 2.61938E-5 2.24838E-5 2.3429E-5 1.45038E-5 1.67099E-5 1.7566E-5 2.31651E-5 2.10465E-5 1.73577E-5 1.56738E-5 1.70381E-5 2.31719E-5 2.41316E-5 2.87482E-5 3.12402E-5 2.82992E-5 2.339E-5 2.38823E-5 2.30876E-5 2.23636E-5 2.04436E-5 2.26715E-5 1.94236E-5 2.14182E-5 2.11132E-5 2.04887E-5 2.12671E-5 2.71831E-5 3.45046E-5 3.35099E-5 -9999 -9999 -9999 3.97048E-5 2.98595E-5 3.2612E-5 2.28626E-5 1.83782E-5 1.9418E-5 1.34677E-5 1.36697E-5 1.08268E-5 7.35432E-6 7.9255E-6 1.18169E-5 7.083E-6
-9999 -9999 -9999 2.45541E-6 9.33451E-6 9.27696E-6 1.19655E-6 1.78551E-6 1.60516E-6 9.06999E-6 5.73138E-5 1.58612E-5 1.13966E-5 1.59319E-5 2.24143E-5 1.83503E-5 2.77142E-5 2.49948E-5 2.41542E-5 1.53123E-5 1.56391E-5 1.7757E-5 1.6823E-5 1.41403E-5 2.1947E-5 1.61537E-5 1.77918E-5 2.64925E-5 2.48023E-5 3.32871E-5 3.88171E-5 3.22922E-5 2.56464E-5 2.56433E-5 2.39783E-5 2.29697E-5 2.11824E-5 2.28435E-5 2.07178E-5 2.2495E-5 2.27916E-5 2.17516E-5 2.4144E-5 3.44857E-5 6.07219E-5 4.75965E-5 3.4262E-5 3.3476E-5 3.19219E-5 2.58712E-5 2.97512E-5 2.76184E-5 2.1053E-5 1.87141E-5 1.82089E-5 1.51871E-5 1.129E-5 7.89037E-6 9.73567E-6 1.0133E-5 8.3013E-6
-9999 -9999 -9999 -9999 2.71408E-6 1.36589E-5 2.91009E-6 -9999 1.71619E-6 1.14854E-5 3.67669E-5 1.12668E-5 1.72336E-5 1.79212E-5 1.94649E-5 2.40026E-5 3.28565E-5 2.62565E-5 2.28506E-5 2.38679E-5 1.51049E-5 2.11335E-5 1.40867E-5 2.56904E-5 3.36287E-5 2.36802E-5 1.74789E-5 2.93238E-5 2.62276E-5 2.935E-5 3.16612E-5 3.71071E-5 3.25712E-5 2.8216E-5 2.69821E-5 2.42836E-5 2.78216E-5 2.55985E-5 2.31289E-5 2.55024E-5 2.47742E-5 2.3131E-5 2.28436E-5 3.20473E-5 4.47337E-5 3.73111E-5 3.26049E-5 2.93021E-5 3.16798E-5 2.60813E-5 2.95024E-5 2.71748E-5 2.32772E-5 1.96024E-5 1.88487E-5 1.58424E-5 1.12742E-5 9.16705E-6 1.202E-5 1.07854E-5 8.06556E-6
-9999 -9999 -9999 -9999 1.24235E-6 1.51923E-6 1.98908E-6 3.5657E-6 2.33303E-6 2.82406E-5 3.97121E-5 6.89426E-6 3.02555E-5 1.77505E-5 2.08681E-5 3.31604E-5 2.01911E-5 3.24044E-5 2.26096E-5 2.01493E-5 1.82679E-5 1.70305E-5 1.87168E-5 4.08325E-5 2.42873E-5 2.4491E-5 1.91402E-5 2.40433E-5 2.40951E-5 2.94006E-5 3.46421E-5 4.26035E-5 4.02032E-5 3.69106E-5 3.33612E-5 2.95234E-5 2.84933E-5 2.97455E-5 2.51589E-5 2.67711E-5 2.64651E-5 2.63594E-5 2.35175E-5 3.11385E-5 2.88501E-5 3.21993E-5 3.58719E-5 3.87533E-5 2.99003E-5 2.8076E-5 2.93573E-5 2.33826E-5 2.10712E-5 1.95057E-5 1.90021E-5 1.53788E-5 1.26516E-5 1.16689E-5 1.06948E-5 1.14587E-5 1.03002E-5
-9999 -9999 -9999 -9999 3.18051E-6 1.69821E-6 2.66631E-6 2.05812E-6 2.75382E-6 2.23524E-5 1.55952E-5 5.61627E-6 1.89312E-5 2.70809E-5 2.12023E-5 2.69714E-5 2.73608E-5 3.49667E-5 2.81916E-5 2.14704E-5 2.11892E-5 1.97535E-5 1.33847E-5 2.39446E-5 5.82047E-5 3.48658E-5 2.00953E-5 2.90889E-5 3.24999E-5 3.67156E-5 3.52098E-5 3.83679E-5 4.95001E-5 4.21778E-5 4.24322E-5 3.30019E-5 3.13598E-5 2.97507E-5 3.57964E-5 3.42524E-5 3.03206E-5 3.03263E-5 3.43145E-5 2.98749E-5 2.9444E-5 2.997E-5 3.89204E-5 4.0712E-5 2.80927E-5 3.12544E-5 2.68433E-5 2.37765E-5 2.07168E-5 1.95755E-5 1.85727E-5 1.44805E-5 1.35824E-5 1.55743E-5 1.35469E-5 1.15054E-5 9.57276E-6
-9999 -9999 -9999 -9999 -9999 1.86519E-6 3.1155E-6 3.51505E-6 1.71369E-6 4.85933E-6 5.86401E-6 1.38214E-5 1.61183E-5 1.7898E-5 2.30682E-5 2.82594E-5 4.72759E-5 3.13877E-5 3.49842E-5 2.54235E-5 2.44971E-5 3.079E-5 1.8605E-5 2.75195E-5 4.20771E-5 7.6088E-5 3.02541E-5 2.33586E-5 2.68465E-5 3.97326E-5 4.04386E-5 4.78793E-5 4.59278E-5 4.62868E-5 4.01766E-5 3.74832E-5 3.35201E-5 3.2638E-5 3.32802E-5 3.33584E-5 3.41886E-5 3.27241E-5 3.59259E-5 3.24583E-5 3.14065E-5 2.77154E-5 4.41005E-5 2.99838E-5 3.23209E-5 3.13838E-5 2.70918E-5 2.5483E-5 2.19268E-5 2.06167E-5 1.95037E-5 1.58298E-5 1.79036E-5 1.34941E-5 1.50346E-5 1.0831E-5 1.07098E-5
-9999 -9999 -9999 -9999 -9999 5.09846E-6 1.10808E-6 3.33546E-6 2.62109E-6 7.69473E-6 8.13053E-6 2.67853E-6 4.73046E-6 8.79613E-6 2.32479E-5 2.95149E-5 3.93653E-5 3.83605E-5 3.87711E-5 3.30715E-5 3.72455E-5 1.58828E-5 2.4542E-5 2.29391E-5 4.83289E-5 6.78326E-5 2.99935E-5 2.7781E-5 3.12278E-5 4.17044E-5 3.92365E-5 4.56744E-5 4.60466E-5 3.9693E-5 3.61872E-5 3.75083E-5 4.15186E-5 4.12753E-5 3.8383E-5 3.80575E-5 3.8167E-5 3.66088E-5 3.4321E-5 3.91474E-5 4.35583E-5 3.72259E-5 3.31417E-5 3.57622E-5 3.40377E-5 3.79259E-5 3.08898E-5 2.70038E-5 2.98309E-5 1.99322E-5 2.14312E-5 2.55407E-5 1.53748E-5 1.45449E-5 1.34835E-5 1.38029E-5 1.2703E-5
-9999 -9999 -9999 -9999 -9999 5.49675E-6 3.27286E-6 1.01168E-6 1.74061E-6 1.07283E-6 6.74915E-6 4.43389E-6 3.82789E-6 5.8131E-6 2.21322E-5 2.2558E-5 2.49608E-5 2.7242E-5 3.64036E-5 4.12689E-5 2.29734E-5 2.47293E-5 2.22106E-5 2.0006E-5 3.2215E-5 5.07454E-5 2.28786E-5 4.04844E-5 4.29679E-5 3.38968E-5 4.13314E-5 4.18247E-5 4.72231E-5 4.42087E-5 4.50468E-5 4.53195E-5 4.27676E-5 4.97585E-5 4.844E-5 4.67162E-5 4.47477E-5 4.12224E-5 4.52851E-5 4.09659E-5 4.39877E-5 5.19906E-5 3.49489E-5 3.3105E-5 3.14868E-5 3.41492E-5 3.37402E-5 3.22938E-5 3.53311E-5 2.06471E-5 2.44362E-5 1.8159E-5 1.72898E-5 1.54641E-5 1.40313E-5 1.42908E-5 1.26132E-5
-9999 -9999 -9999 -9999 -9999 3.54988E-6 1.19533E-6 2.10447E-6 2.76607E-6 1.06115E-6 2.54667E-6 3.38134E-6 1.13597E-5 1.12145E-5 1.73055E-5 1.67494E-5 1.7191E-5 1.58085E-5 2.82982E-5 3.10027E-5 3.08115E-5 4.36392E-5 3.37094E-5 1.92954E-5 1.99169E-5 6.83358E-5 2.86009E-5 2.99955E-5 4.39945E-5 3.17068E-5 4.30921E-5 4.7885E-5 5.14495E-5 5.3049E-5 5.15627E-5 4.74261E-5 5.39072E-5 4.67527E-5 4.9144E-5 5.4264E-5 8.1831E-5 6.02807E-5 4.33545E-5 3.40339E-5 4.33577E-5 3.89453E-5 3.78625E-5 3.68276E-5 3.4813E-5 4.26436E-5 3.64225E-5 3.23228E-5 3.99789E-5 3.73696E-5 2.24139E-5 -9999 1.89593E-5 1.49345E-5 1.54895E-5 1.65963E-5 1.45794E-5
