Candidate_Models_Sept202022/M_2_F_lqp_Set_1_all/Bison.asc
ncols         97
nrows         127
xllcorner     -2197417.7431653
yllcorner     -584827.01486885
cellsize      30000.0
NODATA_value  -9999
[rows 81 to 107 of 127, columns 0 to 60 of 97]
-9999 -9999 -9999 -9999 -9999 -9999 -9999 -9999 -9999 -9999 -9999 1.59857E-6 6.48604E-7 1.39606E-6 1.0357E-5 4.6915E-6 2.8247E-6 1.08419E-6 2.27333E-6 1.27346E-5 7.23806E-6 2.52088E-5 1.3873E-5 2.69164E-5 7.29053E-5 1.20809E-4 4.77666E-5 4.26735E-5 8.4723E-5 1.24827E-5 1.11596E-5 6.30927E-6 1.29902E-5 3.15317E-5 2.79594E-5 3.8456E-5 4.97188E-5 1.34015E-4 3.31878E-4 9.5251E-4 1.87724E-3 7.59171E-4 6.9046E-4 1.10248E-3 7.5471E-4 3.85443E-4 3.40823E-4 3.46149E-4 3.54467E-4 4.14414E-4 4.56354E-4 6.14875E-4 6.83734E-4 6.2476E-4 6.33832E-4 3.72466E-4 4.65361E-4 4.73335E-4 4.28493E-4 3.74679E-4 3.87052E-4
-9999 -9999 -9999 -9999 -9999 -9999 -9999 -9999 -9999 -9999 -9999 -9999 1.0877E-6 7.78659E-7 3.51236E-6 9.50954E-6 4.40685E-6 6.2618E-6 2.39896E-6 2.69822E-6 3.0896E-6 5.51011E-6 5.93614E-6 1.70404E-5 1.14135E-4 1.2799E-4 4.13051E-5 4.8889E-5 1.16658E-4 1.47497E-5 7.31805E-6 7.74504E-6 8.55602E-6 1.91954E-5 4.59884E-5 4.19426E-5 4.51124E-5 5.63033E-5 1.23431E-4 6.40077E-4 2.17426E-3 8.10375E-4 6.94484E-4 8.26439E-4 6.28694E-4 3.83284E-4 3.12814E-4 3.72326E-4 3.97378E-4 5.32309E-4 5.49841E-4 6.04025E-4 7.37415E-4 5.96549E-4 5.23555E-4 5.53276E-4 4.70067E-4 3.77596E-4 3.84396E-4 3.47977E-4 4.47344E-4
-9999 -9999 -9999 -9999 -9999 -9999 -9999 -9999 -9999 -9999 -9999 -9999 -9999 1.53533E-6 6.15704E-7 2.69124E-6 1.04368E-5 1.22674E-5 1.1532E-4 3.97606E-6 2.43954E-6 3.90509E-6 2.83548E-6 1.34113E-5 3.82592E-5 3.33223E-5 2.64866E-5 8.07937E-5 2.46472E-5 1.57617E-5 7.37072E-6 6.54311E-6 5.5957E-6 9.59374E-6 2.89828E-5 8.94214E-5 3.43126E-5 5.37104E-5 7.29332E-5 5.69919E-4 1.02588E-3 1.01042E-3 7.29514E-4 6.01195E-4 4.82198E-4 3.59004E-4 3.66876E-4 4.13507E-4 4.42433E-4 4.71645E-4 5.11399E-4 5.35947E-4 7.62637E-4 6.61035E-4 5.67647E-4 5.18495E-4 5.98119E-4 4.95828E-4 3.47033E-4 3.72489E-4 3.8439E-4
-9999 -9999 -9999 -9999 -9999 -9999 -9999 -9999 -9999 -9999 -9999 -9999 -9999 1.69455E-6 1.04443E-6 2.61806E-6 9.69812E-6 -9999 5.90485E-5 7.70692E-5 5.4815E-5 1.68961E-5 4.903E-6 8.94184E-6 5.24055E-5 3.36085E-5 5.80035E-5 4.25163E-5 2.19539E-5 1.67076E-5 1.18176E-5 7.24173E-6 6.26175E-6 1.0343E-5 2.18248E-5 3.75871E-5 2.88883E-5 4.93635E-5 5.67665E-5 4.00981E-4 5.4573E-4 6.77347E-4 7.24115E-4 3.92854E-4 4.60754E-4 6.02659E-4 5.06259E-4 5.08471E-4 4.13829E-4 4.85436E-4 4.82721E-4 4.58189E-4 5.17034E-4 4.74991E-4 4.82422E-4 3.35994E-4 4.86037E-4 5.59047E-4 4.21882E-4 4.30645E-4 5.31212E-4
-9999 -9999 -9999 -9999 -9999 -9999 -9999 -9999 -9999 -9999 -9999 -9999 -9999 2.84443E-6 1.66977E-6 1.8869E-6 9.34049E-6 -9999 4.23578E-5 1.61913E-4 3.36211E-5 5.28926E-6 2.48628E-6 9.34609E-6 2.2774E-5 2.86073E-5 6.79411E-5 2.23159E-5 1.98697E-5 1.1474E-5 9.08638E-6 5.31312E-6 1.09806E-5 1.34028E-5 1.8876E-5 3.80672E-5 4.12368E-5 4.70671E-5 9.50515E-5 1.40137E-4 4.52841E-4 4.9802E-4 6.6799E-4 4.63578E-4 3.87685E-4 5.62557E-4 3.61135E-4 3.61717E-4 4.33351E-4 5.40788E-4 4.95151E-4 3.36134E-4 4.60601E-4 6.87987E-4 5.50579E-4 5.13766E-4 6.60031E-4 3.90056E-4 3.8962E-4 3.87796E-4 3.68847E-4
-9999 -9999 -9999 -9999 -9999 -9999 -9999 -9999 -9999 -9999 -9999 -9999 -9999 1.81358E-6 2.7422E-6 3.98943E-6 9.9727E-6 -9999 4.59461E-6 2.72061E-5 6.26731E-6 4.7687E-6 4.89598E-6 7.51557E-6 2.76882E-5 5.89775E-5 1.05193E-4 2.41376E-5 1.60522E-5 1.05675E-5 1.57901E-5 1.38972E-5 1.56939E-5 1.11985E-5 1.30925E-5 8.92191E-5 2.19234E-5 4.56288E-5 5.54007E-5 2.63012E-4 3.54262E-4 4.68548E-4 5.66096E-4 5.39923E-4 5.14537E-4 4.05783E-4 3.20001E-4 3.54617E-4 4.44704E-4 5.51218E-4 4.19193E-4 2.90948E-4 3.75399E-4 6.54575E-4 5.90278E-4 5.71566E-4 5.55147E-4 3.2484E-4 3.44916E-4 3.7652E-4 5.48607E-4
-9999 -9999 -9999 -9999 -9999 -9999 -9999 -9999 -9999 -9999 -9999 -9999 -9999 2.52848E-6 1.25604E-6 1.6345E-6 3.69575E-5 -9999 3.21168E-5 2.59713E-5 4.67664E-6 2.47573E-6 1.62303E-5 2.97279E-5 3.18188E-5 7.39932E-5 2.68864E-4 8.2786E-5 5.87275E-5 1.30224E-5 2.76851E-5 7.68226E-6 5.09417E-6 1.52618E-5 3.20452E-5 4.96981E-5 4.15947E-5 3.7454E-5 2.66578E-4 3.69554E-4 2.53849E-4 3.94827E-4 9.0475E-4 5.5687E-4 4.51228E-4 4.27543E-4 5.33152E-4 6.2832E-4 4.6588E-4 3.72666E-4 2.82023E-4 2.62741E-4 3.85646E-4 5.21312E-4 7.18268E-4 6.76374E-4 4.76702E-4 3.61486E-4 3.68599E-4 3.52207E-4 4.48536E-4
-9999 -9999 -9999 -9999 -9999 -9999 -9999 -9999 -9999 -9999 -9999 -9999 -9999 1.50423E-6 8.06401E-7 1.26843E-6 2.13953E-6 7.07799E-6 1.06528E-5 4.43365E-5 2.40766E-6 2.07482E-6 1.65572E-5 3.72362E-5 1.00183E-4 2.11649E-4 1.46185E-4 5.16229E-5 2.56156E-5 2.9816E-5 2.14025E-5 9.5552E-6 7.04462E-6 7.45305E-5 1.7498E-5 1.80166E-5 4.26897E-5 2.0934E-5 4.02175E-5 3.59036E-4 2.5651E-4 5.05857E-4 4.86982E-4 6.04697E-4 5.0993E-4 5.06825E-4 3.94262E-4 3.6331E-4 5.95971E-4 5.78311E-4 4.23692E-4 4.09843E-4 7.14604E-4 6.75805E-4 6.7671E-4 6.72693E-4 5.61317E-4 5.02983E-4 5.31063E-4 3.58192E-4 3.8055E-4
-9999 -9999 -9999 -9999 -9999 -9999 -9999 -9999 -9999 -9999 -9999 -9999 -9999 2.31187E-6 9.84856E-7 7.98672E-7 2.71354E-6 5.91514E-6 2.02115E-5 2.0843E-5 4.84412E-6 4.67271E-6 1.02816E-5 4.93139E-5 2.28221E-4 1.55029E-4 5.55559E-5 2.76923E-5 2.08434E-5 1.18346E-4 1.66096E-5 1.52876E-5 1.45971E-5 8.91819E-5 1.27227E-5 1.74914E-5 5.45855E-5 1.6324E-5 2.13439E-5 4.60038E-5 2.84351E-4 4.16408E-4 4.08696E-4 5.49332E-4 5.95193E-4 5.08466E-4 4.96199E-4 3.14081E-4 2.973E-4 4.01806E-4 4.22079E-4 3.90353E-4 5.81142E-4 6.77343E-4 7.0041E-4 6.11805E-4 5.12134E-4 6.0002E-4 5.6502E-4 5.75113E-4 3.95882E-4
-9999 -9999 -9999 -9999 -9999 -9999 -9999 -9999 -9999 -9999 -9999 -9999 -9999 2.98058E-6 2.40578E-6 2.8739E-6 4.39433E-6 6.97628E-6 1.92683E-5 2.37977E-5 2.25841E-6 6.78857E-6 2.36659E-5 2.3335E-4 4.37283E-4 1.40911E-4 1.16022E-4 2.63741E-5 4.26427E-5 8.32246E-5 3.20594E-5 1.94966E-5 3.61634E-5 2.18672E-5 1.21623E-5 1.52308E-5 2.31398E-5 1.59432E-5 3.43725E-5 3.64242E-5 1.85731E-4 2.3752E-4 5.41818E-4 4.05079E-4 4.77913E-4 5.96476E-4 3.35909E-4 3.73605E-4 3.07963E-4 4.95681E-4 4.58843E-4 3.48165E-4 5.51404E-4 4.86391E-4 5.06784E-4 5.24779E-4 4.88099E-4 5.53153E-4 6.05613E-4 5.53002E-4 4.55209E-4
-9999 -9999 -9999 -9999 -9999 -9999 -9999 -9999 -9999 -9999 -9999 -9999 -9999 4.90095E-6 6.30646E-6 7.26266E-6 7.23298E-6 1.3986E-5 4.59196E-5 1.34954E-5 7.19676E-6 1.26859E-5 9.34096E-5 5.40098E-4 2.50298E-4 1.18101E-4 2.36657E-4 1.4644E-4 5.96206E-5 5.84345E-5 7.37476E-5 4.21048E-5 4.93991E-5 2.23829E-5 7.45585E-6 2.87573E-5 3.2707E-5 4.81169E-5 7.91327E-5 2.58983E-5 9.58343E-5 1.90195E-4 4.38774E-4 5.44498E-4 2.69793E-4 3.37561E-4 4.03506E-4 3.39868E-4 4.2418E-4 3.36105E-4 2.96088E-4 3.285E-4 3.89942E-4 4.27015E-4 4.73295E-4 3.95626E-4 3.70054E-4 4.1567E-4 5.05784E-4 4.31547E-4 3.91558E-4
-9999 -9999 -9999 -9999 -9999 -9999 -9999 -9999 -9999 -9999 -9999 -9999 -9999 3.20757E-6 2.66414E-6 1.40277E-5 1.48024E-5 1.5315E-5 1.19509E-5 6.61974E-6 1.70088E-5 4.8133E-5 9.03579E-5 1.63583E-4 1.96269E-4 1.17763E-4 1.83564E-4 1.70622E-4 2.21321E-4 1.90478E-4 1.53645E-4 8.71082E-5 1.74321E-5 8.44841E-6 7.98063E-6 2.08067E-5 7.30935E-5 1.49235E-4 4.20603E-4 1.95959E-5 5.31007E-5 4.37313E-4 3.71132E-4 4.70873E-4 3.20205E-4 3.29015E-4 3.65677E-4 3.41408E-4 3.31239E-4 3.18574E-4 2.77468E-4 3.4412E-4 4.21444E-4 4.69598E-4 4.54195E-4 4.6038E-4 3.5575E-4 5.50028E-4 4.46309E-4 4.25335E-4 4.15257E-4
-9999 -9999 -9999 -9999 -9999 -9999 -9999 -9999 -9999 -9999 -9999 -9999 3.83413E-6 2.52573E-6 4.35615E-6 1.62188E-5 1.44204E-5 8.63179E-6 9.75492E-6 3.97869E-6 1.57267E-5 1.7708E-4 1.96364E-4 2.19663E-4 1.07732E-4 1.24538E-4 1.46997E-4 1.94488E-4 1.64401E-4 1.62911E-4 3.93326E-4 6.4236E-5 1.23509E-5 8.36524E-6 1.31545E-5 1.43739E-5 5.26842E-5 1.6355E-4 4.95604E-5 1.92649E-5 1.71772E-5 2.43991E-4 3.91851E-4 4.23721E-4 3.47303E-4 3.57781E-4 3.30769E-4 2.8657E-4 2.59658E-4 5.8095E-4 3.24737E-4 2.90242E-4 3.37825E-4 3.93067E-4 4.15776E-4 3.96809E-4 3.96677E-4 5.80452E-4 4.22697E-4 3.64875E-4 4.44721E-4
-9999 -9999 -9999 -9999 -9999 -9999 -9999 -9999 -9999 -9999 -9999 -9999 1.20629E-5 5.72594E-6 5.63255E-6 1.28715E-5 6.91673E-6 8.63493E-6 5.05736E-6 8.53077E-6 5.92432E-5 3.06295E-4 6.06566E-5 1.48582E-4 1.25923E-4 1.26346E-4 1.59498E-4 1.37912E-4 1.35296E-4 1.86529E-4 1.82875E-4 9.3935E-5 1.79701E-5 2.09155E-5 7.63563E-6 1.70286E-5 1.38629E-4 3.72585E-4 8.54625E-5 1.45367E-5 2.57245E-5 1.90186E-4 2.58887E-4 2.7541E-4 2.63091E-4 3.08377E-4 2.50838E-4 2.6664E-4 3.86606E-4 5.79971E-4 4.48651E-4 2.69146E-4 2.44697E-4 2.89325E-4 3.40294E-4 3.57527E-4 3.21456E-4 3.80616E-4 4.20428E-4 3.51595E-4 3.52475E-4
-9999 -9999 -9999 -9999 -9999 -9999 -9999 -9999 -9999 -9999 -9999 -9999 3.4969E-6 3.87473E-6 7.00023E-6 1.27824E-5 4.65191E-6 6.45864E-6 6.9828E-6 2.93217E-5 1.07161E-4 1.52764E-4 1.1151E-4 4.43212E-5 7.01118E-5 1.16566E-4 1.30393E-4 8.89736E-5 1.17322E-4 1.68762E-4 2.19605E-4 3.07414E-5 1.62866E-5 9.11633E-6 8.30922E-6 1.33219E-5 1.04725E-4 3.61378E-4 1.02841E-4 2.7478E-5 2.97776E-5 3.16581E-4 2.54583E-4 2.97194E-4 2.23317E-4 2.38823E-4 2.27335E-4 2.1509E-4 3.38096E-4 5.91344E-4 3.97686E-4 5.4115E-4 3.36779E-4 2.45125E-4 3.23614E-4 4.12242E-4 4.40087E-4 4.96287E-4 3.47053E-4 3.18761E-4 4.10936E-4
-9999 -9999 -9999 -9999 -9999 -9999 -9999 -9999 -9999 -9999 -9999 -9999 8.83876E-6 4.2145E-6 2.3824E-5 2.8151E-5 1.53483E-5 3.31928E-6 1.51426E-5 2.39932E-5 4.8901E-5 8.7728E-5 1.1179E-4 9.74737E-5 7.25263E-5 7.69928E-5 1.01548E-4 9.03119E-5 1.88763E-4 3.95093E-4 2.2341E-4 6.65621E-5 1.84764E-5 9.95593E-6 8.37954E-6 9.59735E-6 3.48453E-5 1.63766E-4 3.36424E-5 4.84095E-5 3.68601E-5 2.68622E-4 2.99386E-4 3.69908E-4 2.73188E-4 2.92937E-4 4.30648E-4 2.72436E-4 2.99795E-4 4.7357E-4 4.15683E-4 3.47393E-4 4.13682E-4 3.1088E-4 6.03465E-4 4.83548E-4 5.5226E-4 4.07847E-4 3.05615E-4 3.05022E-4 3.13095E-4
-9999 -9999 -9999 -9999 -9999 -9999 -9999 -9999 -9999 -9999 -9999 4.50857E-6 4.51007E-6 2.51005E-5 4.05473E-5 3.00166E-5 1.56359E-5 7.6132E-6 4.32912E-5 1.75826E-4 1.02136E-4 6.78821E-5 1.00432E-4 1.05471E-4 8.09756E-5 7.18265E-5 8.72837E-5 2.83281E-4 2.50534E-4 3.5429E-4 5.21401E-4 2.84872E-4 1.84529E-5 2.38592E-5 9.37932E-6 1.48919E-5 2.6814E-5 4.28024E-4 1.48536E-4 9.04705E-5 2.32641E-4 8.84044E-5 5.71393E-4 3.71702E-4 5.01347E-4 6.95139E-4 4.44258E-4 1.78366E-4 2.47576E-4 3.48318E-4 3.16203E-4 2.23194E-4 3.57363E-4 5.00411E-4 3.2846E-4 2.9108E-4 2.93993E-4 3.24075E-4 3.11942E-4 3.36263E-4 3.06178E-4
-9999 -9999 -9999 -9999 -9999 -9999 -9999 -9999 -9999 -9999 -9999 3.03616E-6 1.39484E-5 3.87973E-5 2.53764E-5 3.75368E-5 1.18796E-5 1.06252E-5 8.85011E-5 1.64358E-4 1.28991E-4 4.31076E-5 4.96025E-5 6.0705E-5 9.10822E-5 1.0394E-4 1.61347E-4 2.90977E-5 1.9855E-5 6.24864E-4 3.76257E-4 5.00581E-4 1.4273E-4 1.95977E-5 1.57386E-5 1.33947E-5 2.68899E-5 6.36659E-4 3.81761E-5 3.467E-4 2.38196E-4 1.59477E-4 6.42526E-4 3.11854E-4 4.204E-4 8.04322E-5 5.34181E-5 3.92559E-4 2.12682E-4 4.99173E-4 3.34976E-4 2.03024E-4 3.21807E-4 3.81724E-4 2.22254E-4 2.37421E-4 2.32546E-4 2.49461E-4 2.82464E-4 3.02657E-4 3.08368E-4
-9999 -9999 -9999 -9999 -9999 -9999 -9999 -9999 -9999 -9999 3.30706E-6 2.3032E-6 1.71076E-5 4.38505E-5 7.95899E-5 5.55584E-6 4.96192E-6 1.645E-5 6.68507E-5 4.83429E-5 5.88572E-5 1.10876E-4 1.08317E-4 1.08584E-4 9.69607E-5 2.39969E-4 9.73546E-5 2.34915E-5 5.06317E-5 1.19638E-4 1.21128E-4 6.28328E-4 2.42255E-4 1.02241E-5 2.01706E-5 1.91795E-5 1.21438E-4 6.57058E-4 7.33348E-5 2.10891E-4 7.46733E-4 2.09017E-4 5.70255E-4 5.52294E-4 3.72988E-4 4.63168E-4 1.51215E-4 4.0177E-4 3.71159E-4 1.63992E-4 3.24273E-4 1.88736E-4 1.79741E-4 2.01166E-4 2.14243E-4 2.31328E-4 2.19293E-4 2.58018E-4 2.58047E-4 2.62612E-4 2.58679E-4
-9999 -9999 -9999 -9999 -9999 -9999 -9999 -9999 -9999 -9999 1.69729E-6 1.43525E-6 2.93469E-5 3.56893E-5 1.72677E-5 4.63294E-6 6.74638E-6 2.65939E-5 2.72845E-5 3.45027E-5 3.34848E-5 7.20381E-5 8.37243E-5 9.17139E-5 9.12782E-5 8.4503E-5 1.33541E-4 1.15421E-4 1.7599E-4 1.85422E-4 7.69352E-5 8.42103E-5 2.51974E-5 2.5419E-5 1.9444E-5 1.68419E-5 1.72794E-4 1.92557E-4 9.62831E-5 2.78138E-4 8.18697E-4 7.00578E-5 1.71322E-4 4.94711E-4 3.66189E-4 3.25302E-4 3.84053E-4 2.16927E-4 1.67725E-4 2.12885E-4 1.64752E-4 1.92645E-4 1.7502E-4 1.89622E-4 2.33873E-4 2.73293E-4 2.45658E-4 2.42311E-4 2.78434E-4 2.82075E-4 2.90031E-4
-9999 -9999 -9999 -9999 -9999 -9999 -9999 -9999 -9999 -9999 1.32471E-6 1.72231E-6 2.49795E-5 2.47306E-5 4.98307E-6 5.80967E-6 1.15646E-5 3.23412E-5 7.05155E-5 3.74684E-5 2.90899E-5 3.12853E-5 3.79902E-5 4.28064E-5 7.53678E-5 5.22929E-5 2.31447E-4 5.33232E-5 2.14546E-4 1.82008E-4 4.85365E-5 2.66216E-5 2.40261E-5 3.30009E-5 3.20109E-5 3.86377E-5 9.06722E-5 1.24528E-4 2.72935E-4 1.56002E-4 4.83567E-4 2.88738E-4 4.70926E-4 3.82351E-4 4.84573E-4 4.18839E-4 1.4335E-4 2.53928E-4 2.07306E-4 1.88675E-4 2.50704E-4 2.95627E-4 2.96926E-4 2.00017E-4 2.23454E-4 1.83123E-4 1.93915E-4 2.07613E-4 3.0062E-4 2.83354E-4 2.27486E-4
-9999 -9999 -9999 -9999 -9999 -9999 -9999 -9999 -9999 1.59207E-6 1.12189E-6 2.29842E-6 4.78057E-5 9.77133E-6 2.29573E-6 3.53302E-6 2.3347E-5 7.48417E-5 8.57259E-5 2.56602E-5 3.19708E-5 3.70931E-5 4.17886E-5 5.16629E-5 3.54356E-5 3.31747E-5 3.18745E-4 6.84435E-5 5.50527E-5 3.30597E-5 3.81752E-5 7.22397E-5 6.89894E-5 8.38605E-5 7.35511E-5 7.73879E-5 8.15495E-5 1.1182E-4 5.51568E-4 1.07762E-4 6.27065E-4 5.48827E-4 7.87808E-4 2.67951E-4 4.97191E-4 2.89939E-4 4.27435E-4 2.90024E-4 2.54399E-4 1.85901E-4 1.63805E-4 1.94075E-4 2.0477E-4 2.79441E-4 3.4817E-4 3.45987E-4 2.71401E-4 2.67863E-4 2.21861E-4 2.74591E-4 2.74554E-4
-9999 -9999 -9999 -9999 -9999 -9999 -9999 -9999 -9999 2.1624E-6 1.45006E-6 2.49046E-6 7.24867E-6 2.77243E-6 2.09985E-6 6.34565E-6 2.87796E-5 6.90266E-5 7.16311E-5 4.30372E-5 7.90685E-5 4.25236E-5 3.83329E-5 5.1185E-5 4.39457E-5 6.59858E-5 2.35068E-4 1.66772E-4 1.30417E-4 8.09362E-5 8.76399E-5 1.42582E-4 4.94467E-5 9.82775E-5 2.53985E-4 3.64882E-4 1.36232E-4 5.34848E-4 4.75386E-4 4.48429E-4 7.70954E-4 9.49362E-4 3.66305E-4 4.99112E-4 6.75391E-4 5.83746E-4 6.28467E-4 2.26056E-4 3.29199E-4 3.30118E-4 3.28354E-4 3.49259E-4 2.12751E-4 2.86874E-4 3.18461E-4 4.06564E-4 3.11127E-4 2.62986E-4 2.77084E-4 2.13672E-4 1.86545E-4
-9999 -9999 -9999 -9999 -9999 -9999 -9999 -9999 2.99223E-6 1.60301E-6 3.30199E-6 1.82329E-5 2.17766E-6 2.73325E-6 4.63524E-6 2.49451E-5 3.91402E-5 4.70665E-5 5.38343E-5 5.25978E-5 7.2989E-5 7.19619E-5 5.41721E-5 6.86321E-5 5.36076E-5 1.61018E-4 1.23594E-4 2.08035E-4 1.17952E-4 1.73314E-4 1.51543E-4 1.54842E-4 5.72233E-5 1.29612E-4 2.4413E-4 1.11319E-4 1.46997E-4 5.67647E-4 4.60134E-4 1.08613E-3 9.29921E-4 6.57893E-4 4.62236E-4 1.95555E-4 7.74918E-5 3.36075E-4 7.16112E-5 2.16872E-4 3.17083E-4 3.92165E-4 2.78946E-4 2.70194E-4 1.56035E-4 2.00449E-4 2.39101E-4 4.68247E-4 4.46831E-4 4.08933E-4 2.96024E-4 2.11422E-4 2.26667E-4
-9999 -9999 -9999 -9999 -9999 -9999 -9999 3.4466E-6 2.44855E-6 1.64839E-6 1.1336E-5 1.82468E-5 2.41586E-6 3.11587E-6 1.02255E-5 4.74671E-5 5.50787E-5 5.75825E-5 7.47798E-5 7.60982E-5 8.54825E-5 6.67501E-5 6.41381E-5 7.29179E-5 6.23135E-5 1.00649E-4 1.01932E-4 2.35478E-4 3.04577E-4 2.67597E-4 1.31309E-4 1.13433E-4 8.55303E-5 1.01655E-4 1.47167E-4 1.72268E-4 7.78408E-4 6.60064E-4 7.50103E-4 1.18404E-3 9.46142E-4 7.47155E-4 3.04589E-4 1.92677E-4 1.00145E-4 2.1779E-4 2.02977E-4 2.23524E-4 5.31574E-4 5.65311E-4 3.53051E-4 4.37726E-4 9.59447E-4 2.88556E-4 5.10235E-4 4.57664E-4 4.86815E-4 4.31472E-4 4.32133E-4 2.45152E-4 2.36877E-4
-9999 -9999 -9999 -9999 -9999 -9999 -9999 6.91828E-7 5.61167E-7 8.75031E-7 4.89749E-6 4.67857E-6 2.33988E-6 7.23659E-6 3.86951E-5 5.66398E-5 5.56431E-5 1.11825E-4 7.48586E-5 6.73698E-5 7.45989E-5 9.96566E-5 1.34071E-4 1.02359E-4 9.61333E-5 7.82744E-5 1.15067E-4 2.24241E-4 1.64227E-4 3.13349E-4 1.2145E-4 6.05671E-5 9.04384E-5 2.12593E-4 1.52068E-4 4.8167E-4 5.21382E-4 9.35091E-4 1.02605E-3 1.12721E-3 1.05887E-3 5.12383E-4 3.27756E-4 1.90317E-4 1.72832E-4 1.31728E-4 1.78345E-4 1.50444E-4 4.19399E-4 1.9264E-4 2.60198E-4 2.39968E-4 3.72145E-4 7.3204E-4 4.01258E-4 5.39919E-4 3.69607E-4 4.16126E-4 4.64777E-4 2.7994E-4 2.3836E-4
-9999 -9999 -9999 -9999 -9999 -9999 -9999 1.13631E-6 9.25274E-7 1.27534E-6 7.83914E-6 6.79249E-6 6.21653E-6 8.54759E-6 5.69116E-5 5.32548E-5 6.43746E-5 1.17216E-4 7.43838E-5 6.4184E-5 7.69081E-5 7.64712E-5 1.79275E-4 1.24372E-4 7.37141E-5 7.1956E-5 6.94245E-5 2.64069E-4 1.20425E-4 1.8679E-4 2.5678E-4 7.93991E-5 3.1265E-4 5.52245E-4 3.47566E-4 4.17577E-4 8.04282E-4 6.21905E-4 8.97485E-4 5.66281E-4 4.00786E-4 3.26619E-4 2.40234E-4 1.28349E-4 1.20806E-4 1.47869E-4 1.40456E-4 7.86896E-5 2.86208E-4 5.99991E-4 4.26964E-4 3.61435E-4 5.16049E-4 2.28483E-4 5.75968E-4 5.43271E-4 3.26572E-4 4.36691E-4 3.53454E-4 2.44485E-4 2.7911E-4
