Candidate_Models_July82022/M_1_F_lqp_Set_1_cal/Bison.asc
ncols         290
nrows         380
xllcorner     -2197417.7431653
yllcorner     -584827.01486885
cellsize      10000.0
NODATA_value  -9999
[rows 162 to 188 of 380, columns 183 to 243 of 290]
6.33142E-2 6.35947E-2 5.98372E-2 5.47933E-2 5.35451E-2 5.16576E-2 3.95827E-2 4.29314E-2 4.72766E-2 5.87689E-2 5.92381E-2 5.46821E-2 4.87209E-2 4.41794E-2 4.89928E-2 4.40165E-2 4.00583E-2 4.0961E-2 3.92558E-2 4.2294E-2 4.15289E-2 4.04243E-2 3.86656E-2 3.97941E-2 3.82265E-2 3.74959E-2 3.98854E-2 3.58686E-2 4.97736E-2 5.11792E-2 3.71743E-2 4.65302E-2 5.35761E-2 3.61573E-2 3.53413E-2 5.29472E-2 3.69077E-2 3.07156E-2 2.59766E-2 2.79865E-2 2.55298E-2 2.35544E-2 2.83723E-2 3.05325E-2 3.0062E-2 2.8645E-2 3.0577E-2 3.01536E-2 2.76963E-2 3.01655E-2 2.88659E-2 2.72089E-2 2.54182E-2 2.62529E-2 2.60974E-2 2.82721E-2 2.65034E-2 2.76862E-2 2.73147E-2 2.68713E-2 2.67326E-2
5.62995E-2 6.30727E-2 6.09542E-2 5.87525E-2 4.99522E-2 5.48878E-2 5.24224E-2 4.78075E-2 6.05425E-2 6.48313E-2 6.51132E-2 5.9462E-2 5.65069E-2 5.52015E-2 5.13007E-2 4.85546E-2 4.59124E-2 4.22469E-2 3.88001E-2 3.95252E-2 3.68995E-2 4.16447E-2 4.16638E-2 3.63791E-2 2.94682E-2 3.96695E-2 3.46654E-2 4.17132E-2 4.93982E-2 3.88326E-2 3.91298E-2 4.97879E-2 3.77729E-2 3.67394E-2 3.51022E-2 4.42562E-2 2.98385E-2 2.64444E-2 3.47959E-2 2.75091E-2 2.43506E-2 2.41122E-2 3.13884E-2 3.41166E-2 2.83468E-2 3.18154E-2 2.80578E-2 2.66749E-2 3.07451E-2 2.97333E-2 3.00488E-2 3.12672E-2 3.16357E-2 3.19255E-2 2.84552E-2 2.78342E-2 2.62114E-2 2.70142E-2 2.59215E-2 2.66344E-2 2.76733E-2
8.06684E-2 6.2655E-2 6.12848E-2 4.85691E-2 6.41255E-2 6.40363E-2 6.39624E-2 6.4038E-2 6.64758E-2 6.52793E-2 6.42927E-2 6.28093E-2 6.2866E-2 5.87898E-2 4.883E-2 5.36794E-2 5.08975E-2 4.59755E-2 4.30965E-2 3.71291E-2 3.85275E-2 4.44749E-2 4.6783E-2 3.49897E-2 3.1483E-2 4.35929E-2 3.64946E-2 3.67381E-2 4.00046E-2 5.69431E-2 4.04989E-2 6.04948E-2 4.43955E-2 4.10078E-2 3.48491E-2 3.34407E-2 2.59313E-2 2.84214E-2 2.77821E-2 3.06642E-2 2.8868E-2 2.94098E-2 2.90492E-2 2.91392E-2 2.98712E-2 3.09514E-2 3.14691E-2 3.41865E-2 3.90627E-2 3.34832E-2 3.26036E-2 3.27085E-2 3.35108E-2 3.80244E-2 3.12543E-2 2.96356E-2 2.82962E-2 2.92593E-2 2.9648E-2 2.65721E-2 2.77693E-2
7.49702E-2 6.89955E-2 6.33452E-2 5.90399E-2 6.23413E-2 6.25921E-2 6.51121E-2 5.98445E-2 6.71489E-2 6.77584E-2 6.57386E-2 6.84549E-2 5.97467E-2 5.53623E-2 5.3447E-2 9.95157E-2 5.39242E-2 6.40971E-2 4.76264E-2 4.20258E-2 4.19545E-2 4.63218E-2 4.45313E-2 4.05792E-2 4.00133E-2 5.2712E-2 4.46297E-2 4.41123E-2 4.28947E-2 6.28535E-2 5.81622E-2 3.65337E-2 4.32462E-2 3.79783E-2 3.983E-2 3.70084E-2 3.02336E-2 3.04337E-2 3.58796E-2 3.40905E-2 3.52113E-2 3.19379E-2 2.77316E-2 2.77599E-2 3.22439E-2 3.28826E-2 3.19856E-2 3.22409E-2 4.53698E-2 3.9407E-2 3.56239E-2 3.08802E-2 3.24034E-2 3.58755E-2 3.46222E-2 3.16561E-2 3.18751E-2 3.12101E-2 2.79577E-2 2.81291E-2 2.72334E-2
8.85084E-2 7.59572E-2 7.41625E-2 5.89328E-2 6.58355E-2 6.81234E-2 6.6562E-2 6.45882E-2 6.47804E-2 7.02021E-2 6.63209E-2 6.39126E-2 6.43781E-2 6.34108E-2 5.90186E-2 8.23241E-2 5.44856E-2 7.36165E-2 5.24269E-2 5.21467E-2 4.94876E-2 4.82523E-2 4.64967E-2 4.89099E-2 4.36353E-2 4.27021E-2 4.36872E-2 4.28852E-2 4.01083E-2 3.90658E-2 4.00003E-2 3.40639E-2 3.55426E-2 4.17054E-2 3.99187E-2 3.70109E-2 3.52838E-2 3.69566E-2 3.82071E-2 3.82996E-2 3.53188E-2 3.68457E-2 3.43645E-2 3.37204E-2 3.49028E-2 3.53086E-2 3.34257E-2 2.87233E-2 3.14609E-2 3.21752E-2 3.20197E-2 3.44728E-2 3.34E-2 3.58442E-2 3.61783E-2 3.03981E-2 3.35042E-2 3.05129E-2 2.96037E-2 2.9977E-2 2.84949E-2
6.89743E-2 6.78237E-2 8.03281E-2 7.86522E-2 7.48923E-2 7.38127E-2 6.68948E-2 6.68312E-2 6.69807E-2 6.54198E-2 6.37069E-2 6.44027E-2 6.77275E-2 6.27066E-2 6.01904E-2 5.65261E-2 5.59416E-2 5.26551E-2 6.21693E-2 5.04441E-2 7.13228E-2 5.73087E-2 4.35678E-2 4.19778E-2 3.90285E-2 4.36405E-2 4.41565E-2 4.0138E-2 4.59245E-2 4.73303E-2 4.80061E-2 4.77076E-2 3.45571E-2 3.53233E-2 3.27377E-2 3.79557E-2 4.43937E-2 3.65055E-2 3.71267E-2 3.79493E-2 3.82366E-2 3.20608E-2 3.50062E-2 3.43708E-2 3.30135E-2 3.26904E-2 3.12244E-2 2.83079E-2 2.85522E-2 2.9629E-2 2.88641E-2 3.39096E-2 3.21189E-2 3.20761E-2 2.9709E-2 3.20612E-2 2.96235E-2 2.86988E-2 3.20005E-2 3.23303E-2 2.9828E-2
6.6147E-2 7.12847E-2 1.12083E-1 9.22764E-2 7.97399E-2 7.65788E-2 7.25387E-2 7.17693E-2 6.56561E-2 6.83696E-2 6.20308E-2 7.0123E-2 6.62524E-2 6.2986E-2 5.90757E-2 6.1072E-2 7.07479E-2 5.19658E-2 5.09482E-2 5.50872E-2 7.03853E-2 4.86182E-2 4.6795E-2 4.70661E-2 4.7559E-2 4.62967E-2 5.22076E-2 4.96025E-2 5.51143E-2 3.85612E-2 4.62173E-2 5.07265E-2 4.11283E-2 3.60297E-2 3.81882E-2 4.20655E-2 3.99636E-2 3.3782E-2 3.54345E-2 3.62276E-2 3.20924E-2 3.46814E-2 3.68886E-2 3.95601E-2 3.82091E-2 3.40689E-2 3.32605E-2 3.26617E-2 4.18434E-2 3.40834E-2 3.49457E-2 3.25557E-2 2.89927E-2 3.08178E-2 3.1156E-2 2.99455E-2 3.7137E-2 3.41224E-2 2.92783E-2 3.20992E-2 3.33048E-2
6.63621E-2 6.944E-2 9.74966E-2 1.01357E-1 9.89963E-2 1.13654E-1 1.00366E-1 7.48834E-2 8.00178E-2 7.19619E-2 7.00967E-2 6.56527E-2 6.74278E-2 6.63164E-2 5.98589E-2 6.12674E-2 5.69913E-2 5.47959E-2 5.89266E-2 5.69902E-2 5.68299E-2 5.42219E-2 5.32688E-2 5.36825E-2 4.65187E-2 5.25482E-2 4.44976E-2 4.88231E-2 4.19913E-2 4.28949E-2 4.68283E-2 4.51834E-2 3.8055E-2 3.94473E-2 4.42172E-2 4.44092E-2 4.34338E-2 3.587E-2 3.2591E-2 4.29132E-2 4.15953E-2 3.94353E-2 4.16173E-2 4.15635E-2 3.95296E-2 3.75343E-2 3.34236E-2 4.05303E-2 4.0827E-2 4.14263E-2 3.98048E-2 3.51011E-2 3.52198E-2 3.0959E-2 3.36337E-2 3.22274E-2 3.33509E-2 3.00186E-2 3.04058E-2 3.23157E-2 3.67377E-2
7.56078E-2 1.22511E-1 1.4503E-1 9.94379E-2 1.14157E-1 9.28616E-2 1.09683E-1 1.07278E-1 9.50739E-2 1.22E-1 6.99039E-2 7.10296E-2 6.90821E-2 6.76694E-2 7.25478E-2 6.95782E-2 6.45971E-2 6.07224E-2 6.3092E-2 5.87626E-2 6.00136E-2 5.3791E-2 5.38349E-2 5.43069E-2 4.7207E-2 4.98121E-2 4.15236E-2 3.92364E-2 4.07941E-2 4.33353E-2 4.26633E-2 5.04666E-2 5.96823E-2 4.35568E-2 5.1429E-2 6.75478E-2 4.42638E-2 4.10674E-2 4.0496E-2 4.42642E-2 4.95795E-2 5.12805E-2 4.35417E-2 4.36279E-2 3.98764E-2 4.22112E-2 3.59968E-2 3.80349E-2 3.89342E-2 3.979E-2 3.53218E-2 3.36063E-2 3.08555E-2 3.17371E-2 3.41852E-2 3.3057E-2 3.46652E-2 3.38962E-2 3.00719E-2 3.13861E-2 3.88968E-2
9.66667E-2 1.08482E-1 1.03524E-1 9.5419E-2 8.5198E-2 6.59438E-2 6.70051E-2 8.05644E-2 8.62676E-2 7.4448E-2 6.83192E-2 7.2817E-2 7.355E-2 7.44116E-2 8.06077E-2 7.82525E-2 8.26371E-2 7.06005E-2 7.03467E-2 6.0894E-2 5.55132E-2 5.96753E-2 5.79841E-2 4.90045E-2 4.50935E-2 4.99057E-2 5.54005E-2 4.74984E-2 4.29208E-2 4.18182E-2 4.65082E-2 6.11101E-2 4.96831E-2 4.64442E-2 5.72134E-2 6.94457E-2 5.37301E-2 5.17412E-2 4.17023E-2 4.43621E-2 4.28885E-2 5.02417E-2 4.54032E-2 5.5671E-2 4.0764E-2 4.14035E-2 3.75478E-2 3.72618E-2 3.84033E-2 3.63875E-2 3.42183E-2 3.42177E-2 3.49014E-2 3.54486E-2 3.4019E-2 3.54136E-2 3.55567E-2 3.65874E-2 3.82261E-2 3.80377E-2 4.74342E-2
9.92548E-2 1.17154E-1 1.11878E-1 1.03833E-1 8.75782E-2 6.96288E-2 7.80004E-2 9.17387E-2 7.318E-2 7.26669E-2 7.52768E-2 6.92967E-2 7.46103E-2 7.89564E-2 8.3805E-2 8.49486E-2 8.17202E-2 7.31966E-2 6.36667E-2 5.68034E-2 5.95013E-2 5.78477E-2 5.33011E-2 4.85497E-2 5.2216E-2 4.52158E-2 5.99109E-2 5.48988E-2 4.40132E-2 4.75243E-2 4.91182E-2 6.02627E-2 6.5132E-2 4.27543E-2 5.2835E-2 4.59068E-2 3.60906E-2 5.07835E-2 5.08049E-2 4.99276E-2 4.44643E-2 4.71234E-2 5.16456E-2 4.81439E-2 4.21364E-2 3.78548E-2 4.71089E-2 4.24014E-2 3.87316E-2 3.72884E-2 3.77434E-2 3.83397E-2 3.59571E-2 3.33462E-2 3.50312E-2 4.18938E-2 3.62782E-2 3.49673E-2 4.37442E-2 4.14931E-2 3.95104E-2
8.73208E-2 1.15371E-1 1.05355E-1 1.27604E-1 8.56284E-2 7.4807E-2 7.46089E-2 1.11579E-1 8.57522E-2 8.12381E-2 7.12748E-2 7.47113E-2 7.51465E-2 8.43739E-2 8.7921E-2 9.00672E-2 8.52069E-2 7.48183E-2 6.69615E-2 6.29468E-2 5.94925E-2 5.95238E-2 5.52581E-2 5.01908E-2 5.75813E-2 5.056E-2 5.24301E-2 5.03297E-2 4.47464E-2 4.4013E-2 4.69651E-2 6.52139E-2 4.60854E-2 4.58786E-2 4.25447E-2 4.503E-2 4.58285E-2 4.78045E-2 4.1439E-2 5.25749E-2 4.26066E-2 4.86387E-2 4.56919E-2 4.58611E-2 4.66719E-2 3.83609E-2 3.77375E-2 3.70162E-2 3.99157E-2 3.77812E-2 3.60923E-2 3.6503E-2 3.67625E-2 3.69985E-2 3.68759E-2 3.37088E-2 3.403E-2 4.66854E-2 4.50152E-2 4.30575E-2 4.03806E-2
8.48204E-2 1.20643E-1 1.37954E-1 1.03247E-1 7.84807E-2 8.71147E-2 7.18648E-2 7.51517E-2 8.55539E-2 8.22369E-2 7.60157E-2 7.6759E-2 8.24485E-2 8.70246E-2 8.42087E-2 9.07397E-2 8.5272E-2 7.692E-2 6.91945E-2 6.57729E-2 6.35474E-2 5.98659E-2 6.18418E-2 5.55782E-2 5.48297E-2 5.50108E-2 5.35568E-2 5.30898E-2 6.13132E-2 4.91885E-2 4.904E-2 4.3012E-2 4.33638E-2 5.4765E-2 4.68025E-2 4.72286E-2 5.10145E-2 4.8634E-2 4.94238E-2 5.24615E-2 6.01507E-2 4.53796E-2 4.81713E-2 4.27981E-2 4.69855E-2 4.72421E-2 3.96153E-2 4.00631E-2 3.99567E-2 3.75099E-2 3.90045E-2 3.89724E-2 4.15994E-2 3.82589E-2 3.6059E-2 3.53564E-2 3.36449E-2 3.57075E-2 3.67445E-2 3.59629E-2 4.373E-2
1.05117E-1 1.91223E-1 1.19855E-1 1.01074E-1 8.49306E-2 7.95036E-2 8.18095E-2 7.98089E-2 9.71203E-2 8.19696E-2 7.90152E-2 8.17107E-2 7.95817E-2 8.67223E-2 9.25237E-2 8.62848E-2 9.24785E-2 7.77065E-2 7.5208E-2 7.54589E-2 6.49772E-2 5.6243E-2 6.12325E-2 6.10419E-2 5.50052E-2 5.30847E-2 7.60956E-2 5.13452E-2 5.00002E-2 4.90486E-2 5.03038E-2 4.75562E-2 4.56303E-2 5.11938E-2 4.94066E-2 5.0278E-2 5.34812E-2 5.61815E-2 5.00145E-2 6.39829E-2 5.76837E-2 4.72068E-2 4.89846E-2 4.29788E-2 4.48406E-2 4.44171E-2 4.3768E-2 4.28807E-2 4.03388E-2 3.69627E-2 4.03633E-2 3.95604E-2 3.96362E-2 3.79873E-2 3.6439E-2 3.90518E-2 3.73987E-2 5.15088E-2 5.70246E-2 3.83464E-2 5.53108E-2
1.36009E-1 1.52915E-1 1.42482E-1 9.37827E-2 8.85674E-2 8.28295E-2 8.6975E-2 8.92014E-2 1.1125E-1 9.14892E-2 8.65545E-2 8.70439E-2 8.49925E-2 8.9074E-2 8.66084E-2 8.30802E-2 8.1971E-2 7.78924E-2 7.96601E-2 7.26228E-2 6.80105E-2 5.74592E-2 8.2196E-2 8.153E-2 5.41158E-2 5.97679E-2 8.10047E-2 6.67731E-2 6.12141E-2 5.84642E-2 5.39938E-2 4.58795E-2 5.70976E-2 7.01607E-2 5.55753E-2 6.89061E-2 4.87996E-2 5.92659E-2 5.88886E-2 6.06965E-2 5.08166E-2 5.10438E-2 5.23658E-2 4.64259E-2 4.73187E-2 4.57038E-2 4.65967E-2 4.31179E-2 4.12288E-2 4.01084E-2 3.96441E-2 4.16725E-2 3.93496E-2 3.89306E-2 3.70277E-2 3.97706E-2 4.10984E-2 4.53057E-2 6.33981E-2 6.22499E-2 5.34502E-2
1.97236E-1 1.95039E-1 1.24302E-1 1.04261E-1 9.09847E-2 1.0729E-1 1.09591E-1 8.79175E-2 9.0324E-2 9.01812E-2 8.83605E-2 1.68699E-1 1.33878E-1 1.002E-1 8.49538E-2 8.09989E-2 7.87363E-2 7.74814E-2 7.7052E-2 8.6715E-2 6.58428E-2 7.07054E-2 6.57188E-2 9.64016E-2 5.89623E-2 8.78727E-2 6.49742E-2 5.61208E-2 6.23421E-2 5.31154E-2 5.71549E-2 5.9531E-2 5.60966E-2 5.76082E-2 5.6803E-2 5.19141E-2 6.06101E-2 6.32238E-2 6.20201E-2 5.33639E-2 6.86624E-2 5.02009E-2 4.91166E-2 5.7427E-2 4.78877E-2 4.65455E-2 4.51976E-2 4.37471E-2 4.35681E-2 4.31819E-2 4.13596E-2 4.12065E-2 4.11431E-2 4.03989E-2 4.17486E-2 3.64982E-2 4.62185E-2 4.59571E-2 4.66755E-2 3.92534E-2 4.16953E-2
1.35017E-1 1.41723E-1 1.29341E-1 1.14064E-1 1.13857E-1 1.42192E-1 9.92448E-2 9.26204E-2 9.43522E-2 9.22225E-2 1.44893E-1 1.26478E-1 1.1842E-1 9.23406E-2 8.16974E-2 8.47697E-2 8.08376E-2 7.46608E-2 7.93696E-2 7.66764E-2 7.25137E-2 7.89279E-2 7.66254E-2 7.18675E-2 6.08125E-2 7.79774E-2 6.12353E-2 5.78975E-2 6.35268E-2 5.99053E-2 5.42559E-2 5.7206E-2 5.43449E-2 5.50196E-2 5.59977E-2 5.01055E-2 5.57416E-2 6.3215E-2 6.89154E-2 5.21127E-2 5.31122E-2 5.26324E-2 5.25061E-2 5.07667E-2 4.70554E-2 4.66607E-2 4.62263E-2 4.65726E-2 4.46282E-2 4.37522E-2 4.37818E-2 4.29143E-2 4.28035E-2 4.11598E-2 4.31511E-2 3.83436E-2 3.75875E-2 3.92854E-2 3.97384E-2 6.1889E-2 7.48403E-2
1.2212E-1 1.12601E-1 1.36609E-1 1.45584E-1 1.35939E-1 1.29802E-1 1.06218E-1 1.04111E-1 1.06313E-1 1.07962E-1 1.01914E-1 1.62419E-1 8.83742E-2 9.15134E-2 8.50806E-2 8.41893E-2 8.94824E-2 7.91137E-2 7.80955E-2 9.18724E-2 9.37407E-2 8.70776E-2 6.97732E-2 7.36061E-2 6.32817E-2 6.03553E-2 5.44029E-2 5.77931E-2 6.4785E-2 6.97055E-2 5.66684E-2 5.45802E-2 6.19847E-2 6.33335E-2 5.95141E-2 5.42741E-2 6.66651E-2 9.452E-2 5.51623E-2 5.40923E-2 5.96236E-2 5.57689E-2 4.97095E-2 4.88768E-2 5.26931E-2 5.01185E-2 5.12279E-2 4.6128E-2 4.71882E-2 4.62902E-2 4.463E-2 4.36613E-2 5.67866E-2 4.19264E-2 5.10498E-2 4.21488E-2 3.83624E-2 3.93518E-2 4.4161E-2 7.05735E-2 8.46796E-2
1.18071E-1 1.20275E-1 1.32064E-1 1.38949E-1 2.02266E-1 1.92969E-1 1.10051E-1 1.12474E-1 1.0295E-1 1.05978E-1 1.21178E-1 9.70133E-2 8.84292E-2 9.62063E-2 8.50644E-2 8.76195E-2 8.52048E-2 8.00741E-2 9.07417E-2 7.81544E-2 9.29137E-2 7.51623E-2 6.62047E-2 6.93016E-2 6.82658E-2 6.38312E-2 6.63184E-2 6.28614E-2 6.849E-2 6.00581E-2 5.93724E-2 6.22932E-2 6.26974E-2 8.06983E-2 5.80079E-2 6.22048E-2 6.43988E-2 7.18676E-2 5.61459E-2 5.67912E-2 5.52194E-2 5.47808E-2 5.25909E-2 5.18515E-2 5.73257E-2 5.38069E-2 5.35837E-2 4.73342E-2 5.01267E-2 4.44787E-2 4.58311E-2 4.47654E-2 4.98379E-2 4.42913E-2 5.04567E-2 4.0719E-2 4.14187E-2 4.34945E-2 4.54377E-2 5.10318E-2 6.86453E-2
1.32824E-1 1.39874E-1 1.38551E-1 1.38047E-1 1.86998E-1 1.44776E-1 1.15996E-1 1.21598E-1 1.91997E-1 1.20931E-1 1.21964E-1 1.15045E-1 1.02478E-1 9.55933E-2 9.15508E-2 9.15652E-2 8.99601E-2 7.83693E-2 7.88652E-2 7.26812E-2 7.43302E-2 6.82136E-2 6.91164E-2 6.81156E-2 6.95161E-2 6.81309E-2 7.33257E-2 6.79846E-2 7.2844E-2 6.36722E-2 6.3441E-2 7.00719E-2 6.61893E-2 6.76053E-2 6.89474E-2 5.76806E-2 6.30456E-2 5.87246E-2 5.64908E-2 7.0918E-2 6.52807E-2 5.28126E-2 5.90207E-2 5.51866E-2 5.71327E-2 5.30796E-2 5.01644E-2 5.08386E-2 4.99196E-2 4.7801E-2 4.82178E-2 4.51401E-2 4.57173E-2 4.23071E-2 4.50941E-2 4.45483E-2 4.45446E-2 4.59312E-2 5.46737E-2 5.93038E-2 6.99564E-2
1.4687E-1 1.47085E-1 1.45989E-1 1.4794E-1 1.31603E-1 1.47009E-1 1.24028E-1 1.81486E-1 2.16844E-1 1.50185E-1 1.20575E-1 1.18586E-1 9.79089E-2 9.66988E-2 8.96959E-2 9.54458E-2 8.66532E-2 9.35139E-2 8.48102E-2 7.79764E-2 7.3865E-2 7.05079E-2 6.91467E-2 6.564E-2 7.23203E-2 8.01021E-2 7.88021E-2 7.14516E-2 7.09549E-2 1.0278E-1 6.82573E-2 7.816E-2 8.09608E-2 7.91397E-2 6.73766E-2 6.4927E-2 5.94316E-2 6.29759E-2 6.18376E-2 6.53412E-2 5.71707E-2 5.44139E-2 5.16951E-2 5.03973E-2 5.644E-2 5.26036E-2 5.02655E-2 5.10365E-2 4.78511E-2 4.98589E-2 5.03716E-2 4.94989E-2 4.72819E-2 4.49554E-2 4.6967E-2 4.34675E-2 4.43966E-2 4.47164E-2 9.09881E-2 8.68013E-2 5.01638E-2
1.53799E-1 1.49472E-1 2.30212E-1 2.02406E-1 1.47732E-1 1.45122E-1 1.27906E-1 1.91832E-1 1.59273E-1 1.31708E-1 1.32856E-1 1.04878E-1 1.02687E-1 1.10541E-1 9.15729E-2 9.71975E-2 9.06539E-2 9.31544E-2 9.29261E-2 8.45691E-2 8.51858E-2 8.17391E-2 7.05551E-2 7.13457E-2 7.72029E-2 8.0479E-2 7.70151E-2 7.86492E-2 6.99395E-2 7.26722E-2 6.90951E-2 6.75272E-2 7.79685E-2 6.71927E-2 6.5612E-2 6.29978E-2 6.61939E-2 6.69268E-2 6.22266E-2 6.18371E-2 5.8897E-2 5.33696E-2 5.31664E-2 5.35688E-2 5.66531E-2 6.51533E-2 5.09494E-2 5.6499E-2 5.60555E-2 5.19124E-2 5.04133E-2 4.89983E-2 5.17159E-2 4.92343E-2 5.00672E-2 4.83571E-2 4.95015E-2 6.71413E-2 5.07547E-2 5.27084E-2 4.715E-2
1.63282E-1 1.89725E-1 2.50846E-1 1.5756E-1 1.5001E-1 1.41178E-1 1.41074E-1 1.22221E-1 1.47534E-1 1.16333E-1 1.12808E-1 1.21752E-1 1.06015E-1 1.16979E-1 1.19461E-1 9.66022E-2 8.96121E-2 9.51331E-2 9.9816E-2 9.30784E-2 9.4357E-2 8.72403E-2 7.52133E-2 7.42006E-2 7.94358E-2 8.14848E-2 7.91254E-2 7.57388E-2 7.37123E-2 6.65334E-2 6.44026E-2 6.53595E-2 8.28948E-2 8.08021E-2 6.06075E-2 6.53436E-2 6.23793E-2 6.21024E-2 6.17714E-2 6.671E-2 5.883E-2 5.71381E-2 6.0368E-2 5.9424E-2 6.08698E-2 5.80316E-2 5.24064E-2 5.17743E-2 5.99234E-2 5.80279E-2 5.52594E-2 4.95271E-2 4.93539E-2 4.88735E-2 4.98516E-2 4.86643E-2 4.85413E-2 5.94659E-2 5.08922E-2 5.01394E-2 -9999
2.02171E-1 1.66396E-1 1.5289E-1 1.58509E-1 1.59308E-1 1.49468E-1 1.31975E-1 1.29967E-1 1.25439E-1 1.10886E-1 1.15021E-1 1.16687E-1 1.0642E-1 1.10117E-1 1.06161E-1 1.02069E-1 9.27952E-2 9.49965E-2 9.85841E-2 1.03752E-1 9.77092E-2 8.86402E-2 7.99972E-2 7.35682E-2 7.20277E-2 7.42616E-2 7.74716E-2 7.48454E-2 6.9681E-2 7.85372E-2 6.55705E-2 7.14936E-2 9.47449E-2 8.6861E-2 6.21086E-2 6.06605E-2 5.84878E-2 7.46851E-2 5.90997E-2 5.81366E-2 6.10444E-2 7.06312E-2 6.3307E-2 6.72706E-2 6.37323E-2 5.98751E-2 5.68884E-2 5.84034E-2 5.78197E-2 5.44788E-2 5.60166E-2 5.3685E-2 5.37989E-2 4.93293E-2 5.09388E-2 5.16359E-2 5.33884E-2 4.80557E-2 5.14032E-2 4.92087E-2 -9999
2.25916E-1 2.77964E-1 1.48796E-1 1.50159E-1 1.39371E-1 1.36233E-1 1.32756E-1 1.28312E-1 1.26064E-1 1.19186E-1 1.23073E-1 1.20657E-1 1.08764E-1 1.04992E-1 1.15315E-1 1.00882E-1 9.47942E-2 9.65748E-2 1.0032E-1 1.23948E-1 1.05486E-1 9.41524E-2 8.72074E-2 8.24059E-2 7.60908E-2 7.05974E-2 8.3826E-2 8.19793E-2 1.0892E-1 9.3332E-2 7.93001E-2 7.30394E-2 8.72027E-2 6.85334E-2 5.94973E-2 6.98621E-2 7.29381E-2 7.58599E-2 5.98469E-2 6.63823E-2 7.22121E-2 7.03153E-2 6.86209E-2 6.98425E-2 6.64306E-2 6.18315E-2 6.0599E-2 5.88912E-2 5.74904E-2 5.88467E-2 5.56715E-2 5.17339E-2 5.88473E-2 5.13062E-2 5.05872E-2 5.10552E-2 5.42263E-2 5.20609E-2 5.25275E-2 4.72825E-2 -9999
1.49625E-1 1.55769E-1 1.58435E-1 1.45446E-1 1.41967E-1 1.36673E-1 1.70426E-1 1.34164E-1 1.35866E-1 1.28198E-1 1.1838E-1 1.14688E-1 1.0559E-1 1.04724E-1 1.06349E-1 1.0625E-1 1.0649E-1 9.78512E-2 9.98176E-2 1.08763E-1 1.13095E-1 9.72499E-2 9.08042E-2 9.09442E-2 8.29015E-2 8.73998E-2 7.82475E-2 7.30479E-2 1.10651E-1 8.86898E-2 9.22479E-2 7.27819E-2 7.17577E-2 7.06918E-2 7.80768E-2 9.68739E-2 8.17738E-2 8.10589E-2 6.82439E-2 7.41848E-2 7.50708E-2 7.27009E-2 7.07983E-2 6.86797E-2 6.54222E-2 6.18202E-2 6.51009E-2 6.18609E-2 5.75984E-2 5.74865E-2 5.55915E-2 5.38798E-2 5.13091E-2 5.37389E-2 5.01915E-2 5.09995E-2 5.48878E-2 5.53321E-2 5.35433E-2 5.17479E-2 -9999
1.57056E-1 1.57198E-1 1.5845E-1 1.63099E-1 1.38439E-1 2.04491E-1 1.56077E-1 1.29841E-1 1.37596E-1 1.26748E-1 1.22487E-1 1.23428E-1 1.15121E-1 1.04135E-1 1.03451E-1 9.84368E-2 1.10302E-1 1.36217E-1 9.6836E-2 1.00321E-1 1.09452E-1 9.6284E-2 9.13151E-2 9.04789E-2 7.8341E-2 8.07731E-2 7.79421E-2 7.8543E-2 8.28282E-2 8.34566E-2 7.45961E-2 6.99165E-2 8.94703E-2 8.19025E-2 7.12246E-2 9.68724E-2 9.09357E-2 8.22442E-2 8.34065E-2 7.64145E-2 7.15171E-2 7.20357E-2 6.92371E-2 6.94306E-2 6.75462E-2 6.49069E-2 6.97531E-2 6.13594E-2 5.88294E-2 5.77361E-2 5.68991E-2 5.50344E-2 5.38583E-2 5.50209E-2 5.51948E-2 5.49642E-2 5.30535E-2 5.47619E-2 5.87089E-2 -9999 -9999
