Candidate_Models_July82022/M_1_F_lqp_Set_1_cal/Bison.asc
ncols         290
nrows         380
xllcorner     -2197417.7431653
yllcorner     -584827.01486885
cellsize      10000.0
NODATA_value  -9999
[rows 243 to 269 of 380, columns 122 to 182 of 290]
7.41772E-1 6.48579E-1 6.17014E-1 6.27575E-1 6.04134E-1 5.88264E-1 5.9292E-1 6.42421E-1 6.31105E-1 5.76048E-1 5.78591E-1 5.91111E-1 6.46504E-1 6.93707E-1 6.62158E-1 6.91032E-1 6.45002E-1 6.20819E-1 6.61516E-1 6.47115E-1 6.23073E-1 6.1109E-1 6.10448E-1 6.30017E-1 6.20547E-1 6.09739E-1 6.28572E-1 6.38597E-1 6.28447E-1 6.13631E-1 6.04241E-1 5.85796E-1 6.05468E-1 6.04602E-1 5.9675E-1 6.02023E-1 5.8978E-1 5.6161E-1 5.99882E-1 5.61188E-1 5.74996E-1 5.61008E-1 5.54868E-1 5.47585E-1 5.3584E-1 5.47186E-1 5.68006E-1 5.33907E-1 5.11114E-1 5.61967E-1 6.10386E-1 6.57232E-1 6.60853E-1 5.45314E-1 5.17817E-1 5.09824E-1 4.92188E-1 5.10635E-1 4.77019E-1 4.5549E-1 5.35407E-1
7.21469E-1 6.56545E-1 6.148E-1 6.28735E-1 6.14067E-1 6.11554E-1 5.89282E-1 5.94814E-1 6.06348E-1 6.35829E-1 6.35424E-1 5.60392E-1 6.94236E-1 6.47092E-1 6.13374E-1 6.87728E-1 6.21438E-1 6.06529E-1 6.29644E-1 6.42565E-1 6.60459E-1 6.38532E-1 6.31939E-1 6.30311E-1 6.33709E-1 6.29198E-1 6.14012E-1 6.29074E-1 6.40007E-1 6.14871E-1 6.03389E-1 6.1994E-1 6.56843E-1 5.91446E-1 6.05963E-1 6.58852E-1 7.44632E-1 5.96805E-1 6.09609E-1 5.45674E-1 5.6017E-1 5.77871E-1 5.57806E-1 5.31107E-1 5.08238E-1 5.83907E-1 7.13567E-1 6.78309E-1 5.57116E-1 6.20936E-1 6.15573E-1 6.96694E-1 6.34673E-1 5.92885E-1 4.83248E-1 5.13082E-1 4.84399E-1 5.50642E-1 4.73694E-1 4.56885E-1 4.98204E-1
7.50613E-1 6.64351E-1 6.17414E-1 6.23491E-1 5.94102E-1 5.87138E-1 6.05071E-1 6.27986E-1 6.29479E-1 6.61441E-1 6.55961E-1 6.49673E-1 6.01121E-1 6.23912E-1 6.17262E-1 6.15011E-1 6.27929E-1 6.65292E-1 6.54248E-1 6.37039E-1 6.7581E-1 6.48044E-1 6.54482E-1 6.40525E-1 6.44234E-1 6.31792E-1 6.36145E-1 6.326E-1 6.43614E-1 6.54057E-1 6.03858E-1 6.21154E-1 6.92988E-1 5.95236E-1 5.96309E-1 6.39609E-1 6.54617E-1 6.22006E-1 6.15452E-1 5.92427E-1 5.57602E-1 5.62257E-1 5.55245E-1 5.56122E-1 5.37594E-1 5.36219E-1 5.32861E-1 5.49411E-1 5.69049E-1 6.76373E-1 6.21452E-1 6.82196E-1 5.60156E-1 5.22064E-1 5.11471E-1 5.01221E-1 4.86433E-1 4.90108E-1 5.15231E-1 5.67674E-1 5.10376E-1
7.74696E-1 6.81699E-1 6.30804E-1 6.20258E-1 6.54235E-1 6.10513E-1 6.12221E-1 6.11108E-1 6.27272E-1 6.56664E-1 6.52921E-1 6.53698E-1 6.20645E-1 6.04436E-1 6.15995E-1 6.1262E-1 6.20375E-1 6.23034E-1 6.2855E-1 6.47174E-1 6.48485E-1 6.51606E-1 6.66354E-1 6.4066E-1 6.66526E-1 6.37671E-1 6.43705E-1 6.37063E-1 6.52277E-1 6.31986E-1 6.34876E-1 6.34906E-1 6.58013E-1 6.06273E-1 6.35148E-1 6.06135E-1 6.55368E-1 6.20701E-1 6.201E-1 6.04494E-1 5.95295E-1 5.73339E-1 5.98681E-1 5.65622E-1 5.46901E-1 5.35385E-1 5.28737E-1 5.4505E-1 6.03569E-1 5.37343E-1 5.6108E-1 5.06356E-1 5.11217E-1 5.24905E-1 5.05563E-1 5.02742E-1 4.93561E-1 4.70993E-1 4.95058E-1 5.01091E-1 4.75753E-1
6.71159E-1 6.30888E-1 6.74009E-1 6.33833E-1 7.02428E-1 6.53665E-1 6.07176E-1 6.02794E-1 6.22308E-1 7.29304E-1 6.32806E-1 6.17287E-1 6.27027E-1 5.94557E-1 6.08945E-1 6.11441E-1 6.04938E-1 6.09359E-1 6.41425E-1 6.3524E-1 6.59934E-1 6.64054E-1 6.33922E-1 6.4244E-1 6.52836E-1 6.48603E-1 6.47294E-1 6.44844E-1 6.51561E-1 6.31924E-1 6.19566E-1 6.46811E-1 6.31881E-1 6.2785E-1 6.07955E-1 6.18335E-1 6.17623E-1 6.23823E-1 6.81759E-1 6.6859E-1 6.10101E-1 6.41183E-1 6.23887E-1 5.8077E-1 5.86125E-1 5.66034E-1 5.54479E-1 5.50748E-1 5.98778E-1 5.78106E-1 5.33742E-1 5.18797E-1 5.01791E-1 4.9804E-1 5.15214E-1 5.15576E-1 4.9631E-1 4.94235E-1 4.94531E-1 4.79505E-1 4.84367E-1
6.54569E-1 6.87939E-1 6.56246E-1 6.56286E-1 6.61985E-1 6.90224E-1 6.50147E-1 6.36054E-1 6.13106E-1 6.28208E-1 6.64149E-1 6.48398E-1 6.31163E-1 6.12274E-1 5.95993E-1 6.13716E-1 6.13373E-1 6.43518E-1 6.30543E-1 6.39856E-1 6.58978E-1 6.4158E-1 6.48563E-1 6.38558E-1 6.49945E-1 6.38179E-1 6.41785E-1 6.48654E-1 6.43831E-1 6.20666E-1 6.29449E-1 6.47248E-1 6.35361E-1 6.04292E-1 6.32172E-1 6.57404E-1 6.27575E-1 6.4812E-1 6.5195E-1 6.17113E-1 6.00538E-1 5.85051E-1 7.02084E-1 5.61537E-1 6.18706E-1 5.73137E-1 6.19261E-1 6.15298E-1 6.04714E-1 5.79006E-1 5.38075E-1 5.09896E-1 5.02081E-1 4.8672E-1 5.31187E-1 5.16161E-1 4.91464E-1 4.96633E-1 5.00639E-1 5.01189E-1 4.9546E-1
6.25134E-1 6.77416E-1 6.96015E-1 6.61228E-1 6.37754E-1 6.51904E-1 6.25159E-1 6.21363E-1 6.29907E-1 6.73727E-1 6.48813E-1 6.88011E-1 6.1454E-1 6.32608E-1 5.87022E-1 6.06024E-1 6.02129E-1 6.19687E-1 6.3092E-1 6.28542E-1 6.38513E-1 6.48307E-1 6.53782E-1 6.47548E-1 6.51491E-1 6.36404E-1 6.40705E-1 6.26361E-1 6.34822E-1 6.3889E-1 6.16909E-1 6.12551E-1 6.15977E-1 6.0864E-1 6.11824E-1 6.50693E-1 6.55685E-1 6.3964E-1 6.42756E-1 6.09411E-1 6.02845E-1 5.72858E-1 5.66126E-1 6.43895E-1 5.38179E-1 5.62309E-1 5.73021E-1 5.77373E-1 5.63885E-1 6.22667E-1 5.31019E-1 4.98265E-1 5.05758E-1 5.08096E-1 5.25895E-1 5.07868E-1 5.02837E-1 5.085E-1 5.06303E-1 5.04409E-1 5.20365E-1
6.20101E-1 6.47801E-1 6.5705E-1 6.28713E-1 6.37606E-1 6.19801E-1 6.08568E-1 6.07874E-1 6.00786E-1 6.43209E-1 6.11448E-1 6.11237E-1 6.09174E-1 6.03451E-1 5.7352E-1 6.10899E-1 6.08884E-1 6.18809E-1 6.23952E-1 6.15769E-1 6.2721E-1 6.19346E-1 6.448E-1 6.43308E-1 6.15117E-1 6.1891E-1 6.16217E-1 6.15709E-1 6.37676E-1 5.97559E-1 6.20534E-1 6.01552E-1 6.20236E-1 6.0577E-1 6.20275E-1 6.30177E-1 6.27854E-1 6.25612E-1 6.04398E-1 5.84582E-1 5.81016E-1 5.32104E-1 5.58387E-1 5.62038E-1 5.68345E-1 5.76132E-1 5.68546E-1 5.64166E-1 5.64953E-1 6.81598E-1 6.54964E-1 5.21093E-1 5.12738E-1 5.10646E-1 5.15762E-1 5.28761E-1 5.07596E-1 5.06044E-1 5.09587E-1 5.03241E-1 6.73132E-1
6.84224E-1 6.91926E-1 6.42043E-1 6.43512E-1 6.33924E-1 6.40773E-1 5.85105E-1 6.09411E-1 6.23383E-1 5.91405E-1 6.29942E-1 6.26666E-1 6.33942E-1 6.15414E-1 6.09758E-1 6.35496E-1 6.4646E-1 6.42428E-1 6.67487E-1 6.69409E-1 6.7722E-1 6.55682E-1 6.31036E-1 6.39433E-1 6.20095E-1 6.15009E-1 6.18636E-1 6.2176E-1 6.7411E-1 6.53649E-1 6.22754E-1 6.21247E-1 6.26873E-1 6.45411E-1 6.61247E-1 5.99187E-1 6.35133E-1 6.14885E-1 5.89807E-1 5.8218E-1 5.93583E-1 5.67014E-1 5.69292E-1 5.80637E-1 5.66451E-1 5.68363E-1 5.64196E-1 6.26181E-1 5.90796E-1 5.38418E-1 7.32361E-1 6.44856E-1 5.32094E-1 5.32043E-1 5.07536E-1 5.06467E-1 5.0153E-1 5.02842E-1 4.99705E-1 5.5226E-1 7.33207E-1
6.2359E-1 6.25575E-1 6.37966E-1 6.27907E-1 6.25913E-1 6.07862E-1 6.9103E-1 6.01888E-1 6.05537E-1 6.11024E-1 6.12691E-1 6.49711E-1 7.03746E-1 6.41151E-1 6.37305E-1 6.22783E-1 6.36289E-1 6.54629E-1 6.62016E-1 6.8813E-1 6.62829E-1 6.68325E-1 6.45106E-1 6.3012E-1 6.3036E-1 6.41746E-1 6.52942E-1 6.44947E-1 6.25041E-1 6.65844E-1 5.99156E-1 5.88786E-1 5.91539E-1 6.0917E-1 6.00795E-1 6.23276E-1 6.53788E-1 6.78781E-1 6.43805E-1 5.7783E-1 5.73083E-1 5.76897E-1 6.03067E-1 6.2785E-1 6.10272E-1 5.7934E-1 6.0922E-1 6.31578E-1 6.06058E-1 7.2042E-1 7.17884E-1 7.32719E-1 7.46802E-1 6.70611E-1 5.20856E-1 5.24277E-1 5.27832E-1 5.03375E-1 4.95181E-1 4.99681E-1 7.23406E-1
6.19098E-1 6.15411E-1 6.30627E-1 6.29416E-1 6.04639E-1 5.98078E-1 7.36437E-1 6.12467E-1 5.97453E-1 6.05607E-1 6.11616E-1 6.06582E-1 6.39929E-1 6.57187E-1 6.38277E-1 7.25159E-1 6.60269E-1 6.60161E-1 6.56666E-1 6.57445E-1 6.5983E-1 6.55071E-1 6.4517E-1 6.51643E-1 6.0741E-1 6.35249E-1 6.58142E-1 6.3307E-1 6.16077E-1 6.33915E-1 6.04258E-1 5.9614E-1 5.96964E-1 6.0285E-1 6.07154E-1 6.0981E-1 5.76454E-1 5.83474E-1 7.40738E-1 5.98503E-1 5.86587E-1 5.91232E-1 6.21648E-1 5.94745E-1 5.90344E-1 5.91046E-1 5.98315E-1 5.79527E-1 6.17196E-1 6.93427E-1 5.44818E-1 5.65695E-1 7.38209E-1 6.65358E-1 5.84085E-1 5.19699E-1 5.24415E-1 4.74703E-1 4.93725E-1 5.04621E-1 6.50456E-1
5.97048E-1 6.03626E-1 6.20166E-1 6.08436E-1 6.12498E-1 6.27496E-1 6.46517E-1 6.17252E-1 5.96671E-1 6.65598E-1 5.95138E-1 5.98997E-1 7.17743E-1 7.77493E-1 6.2641E-1 6.97146E-1 6.36799E-1 7.64673E-1 6.62974E-1 6.40019E-1 6.53679E-1 6.45009E-1 6.17049E-1 6.44853E-1 6.1461E-1 6.20032E-1 6.69678E-1 6.29601E-1 6.07544E-1 6.1165E-1 5.9581E-1 5.9683E-1 5.95483E-1 6.09761E-1 6.13577E-1 6.18035E-1 6.0267E-1 5.75253E-1 6.97871E-1 5.94648E-1 6.06258E-1 6.03569E-1 6.20269E-1 6.00343E-1 5.955E-1 5.9511E-1 5.79467E-1 5.96158E-1 7.24675E-1 5.57927E-1 5.48386E-1 5.3832E-1 5.44209E-1 5.35003E-1 5.28673E-1 5.02396E-1 5.16959E-1 5.09855E-1 4.93852E-1 4.96277E-1 5.00707E-1
6.02383E-1 5.98839E-1 6.20147E-1 6.31749E-1 5.91065E-1 6.0709E-1 6.44028E-1 6.19165E-1 5.99443E-1 6.07216E-1 6.08485E-1 6.05748E-1 6.85421E-1 7.72523E-1 6.02957E-1 6.57172E-1 6.43698E-1 6.69095E-1 6.25336E-1 6.34261E-1 6.32843E-1 6.56674E-1 6.36389E-1 6.14859E-1 6.41554E-1 6.32677E-1 6.38626E-1 6.21982E-1 6.14982E-1 5.97217E-1 6.01476E-1 6.03416E-1 5.94349E-1 6.04473E-1 6.11397E-1 6.08638E-1 5.95269E-1 5.79521E-1 6.12401E-1 6.27627E-1 6.43537E-1 6.62182E-1 6.7888E-1 5.99363E-1 6.18988E-1 7.36446E-1 7.3183E-1 7.17691E-1 7.17794E-1 5.84856E-1 5.4831E-1 5.60856E-1 5.30594E-1 5.41259E-1 5.39306E-1 5.11517E-1 4.81821E-1 5.10785E-1 4.99839E-1 4.92332E-1 4.92622E-1
5.90681E-1 5.95669E-1 6.35549E-1 5.83519E-1 5.77415E-1 5.90572E-1 7.03919E-1 6.65744E-1 5.88716E-1 6.18116E-1 6.19704E-1 6.28503E-1 6.00713E-1 6.22457E-1 5.98765E-1 6.45407E-1 6.71158E-1 6.40782E-1 6.28794E-1 6.24461E-1 6.24528E-1 6.22587E-1 6.18777E-1 6.40869E-1 6.25522E-1 6.29375E-1 6.06004E-1 6.1709E-1 6.00183E-1 6.02097E-1 5.96759E-1 6.33429E-1 5.97648E-1 5.9896E-1 5.99793E-1 5.88609E-1 5.98741E-1 6.21524E-1 5.92102E-1 6.12739E-1 6.01827E-1 6.38326E-1 6.27008E-1 7.11754E-1 7.02481E-1 6.59835E-1 6.17556E-1 5.98595E-1 5.85561E-1 5.77468E-1 5.89105E-1 5.63561E-1 5.28377E-1 5.24859E-1 5.27149E-1 5.27378E-1 5.0869E-1 5.46492E-1 5.50496E-1 5.01669E-1 4.89272E-1
6.07248E-1 5.98439E-1 5.88264E-1 5.76442E-1 5.93988E-1 6.02411E-1 5.94647E-1 5.77455E-1 5.96992E-1 6.16196E-1 6.5853E-1 6.01284E-1 6.20949E-1 6.02267E-1 6.07406E-1 6.36804E-1 6.23033E-1 6.20213E-1 5.93881E-1 5.92119E-1 6.00212E-1 6.07246E-1 6.18787E-1 6.22079E-1 6.28925E-1 6.47668E-1 6.36102E-1 6.28789E-1 6.19372E-1 6.13035E-1 5.90321E-1 5.9415E-1 6.05289E-1 6.10959E-1 5.94879E-1 6.00383E-1 6.14305E-1 6.23906E-1 6.07178E-1 6.23095E-1 6.23842E-1 6.05563E-1 6.04964E-1 6.0734E-1 6.11505E-1 6.14215E-1 6.0849E-1 6.07232E-1 5.86655E-1 5.6737E-1 5.28328E-1 5.32318E-1 5.29612E-1 5.30809E-1 5.40232E-1 5.17145E-1 5.22387E-1 5.09019E-1 6.07144E-1 5.31527E-1 4.98344E-1
5.82363E-1 5.99294E-1 6.05765E-1 6.00928E-1 6.68116E-1 6.02226E-1 5.79681E-1 5.75704E-1 5.92116E-1 5.99752E-1 6.09255E-1 6.17443E-1 6.52767E-1 6.04386E-1 6.13792E-1 6.02848E-1 5.99728E-1 6.05541E-1 5.94853E-1 6.07307E-1 6.13515E-1 6.108E-1 5.68681E-1 6.26939E-1 6.15463E-1 6.12139E-1 6.27813E-1 6.42111E-1 6.19538E-1 6.28114E-1 5.93955E-1 6.52442E-1 5.9417E-1 5.93917E-1 5.92999E-1 6.32765E-1 6.01754E-1 5.96018E-1 6.02781E-1 6.76429E-1 6.09089E-1 6.38157E-1 6.01022E-1 5.84337E-1 5.94315E-1 6.07266E-1 6.52647E-1 5.8703E-1 5.99696E-1 5.5904E-1 5.54054E-1 5.6486E-1 5.47061E-1 5.27656E-1 5.9546E-1 6.34478E-1 5.22359E-1 5.00627E-1 5.04815E-1 5.98461E-1 5.30812E-1
5.65172E-1 5.88549E-1 5.92988E-1 6.14247E-1 6.89466E-1 6.40459E-1 5.92669E-1 5.88169E-1 5.75459E-1 6.0495E-1 6.19734E-1 5.96267E-1 6.14124E-1 6.52207E-1 6.15095E-1 5.96528E-1 5.99648E-1 6.12527E-1 6.18356E-1 6.26975E-1 6.16426E-1 6.10047E-1 6.07269E-1 6.3277E-1 6.39007E-1 6.83361E-1 6.75612E-1 6.33405E-1 6.32082E-1 6.06226E-1 6.20336E-1 7.04787E-1 5.93338E-1 6.03718E-1 5.90247E-1 5.99857E-1 6.08313E-1 6.59007E-1 6.16084E-1 6.19807E-1 6.25407E-1 5.9853E-1 6.09248E-1 5.93901E-1 5.7963E-1 5.93442E-1 6.43821E-1 7.57997E-1 5.86953E-1 6.37737E-1 7.64606E-1 5.80297E-1 5.70772E-1 5.43342E-1 5.17355E-1 5.03224E-1 4.99158E-1 5.17274E-1 5.29817E-1 5.27802E-1 5.24916E-1
6.16414E-1 5.79818E-1 5.8132E-1 5.75891E-1 5.93941E-1 5.91824E-1 5.57802E-1 5.82734E-1 5.6362E-1 5.99574E-1 5.89971E-1 5.80251E-1 5.71384E-1 5.78716E-1 6.13815E-1 6.07777E-1 6.12462E-1 6.00035E-1 6.99922E-1 6.08306E-1 6.48898E-1 7.42068E-1 6.22103E-1 6.18913E-1 6.18157E-1 7.50874E-1 7.32569E-1 7.19011E-1 6.48184E-1 6.11039E-1 5.78865E-1 5.80546E-1 5.99047E-1 6.07571E-1 5.96589E-1 5.94457E-1 6.16392E-1 6.27701E-1 6.08191E-1 6.24545E-1 6.27616E-1 6.33376E-1 7.06835E-1 6.06958E-1 5.94627E-1 6.51917E-1 6.17614E-1 5.93661E-1 5.82041E-1 5.68037E-1 6.74278E-1 5.65933E-1 5.68747E-1 5.61166E-1 5.66952E-1 5.49617E-1 5.11914E-1 5.16534E-1 6.8186E-1 5.0557E-1 5.46794E-1
5.59652E-1 6.00941E-1 5.71214E-1 5.79655E-1 5.70287E-1 6.57187E-1 5.81775E-1 5.99246E-1 5.7836E-1 5.82672E-1 6.4972E-1 6.12886E-1 5.9199E-1 6.0598E-1 6.11616E-1 6.04103E-1 5.98807E-1 6.04905E-1 6.16832E-1 6.04551E-1 6.03112E-1 6.18194E-1 6.29766E-1 6.13682E-1 6.13145E-1 6.41346E-1 5.88504E-1 5.96547E-1 5.87677E-1 5.69508E-1 5.60323E-1 5.72603E-1 6.73369E-1 6.43255E-1 6.21536E-1 6.18498E-1 6.0584E-1 6.12208E-1 6.1422E-1 6.30878E-1 6.30771E-1 6.16977E-1 6.26192E-1 6.22037E-1 6.12383E-1 6.01949E-1 5.80097E-1 5.99709E-1 6.00458E-1 5.90219E-1 5.65823E-1 6.95153E-1 5.75213E-1 5.5827E-1 5.75139E-1 5.80555E-1 5.63709E-1 5.31619E-1 5.30234E-1 5.15782E-1 5.40595E-1
5.82797E-1 5.69229E-1 5.51683E-1 5.99294E-1 5.90435E-1 7.08051E-1 5.86904E-1 5.88329E-1 6.24646E-1 6.09416E-1 6.08095E-1 6.11416E-1 6.02183E-1 6.16808E-1 6.70922E-1 5.95435E-1 5.95052E-1 6.01015E-1 6.18323E-1 6.50402E-1 6.12421E-1 6.08321E-1 6.25312E-1 6.35495E-1 6.17302E-1 6.02579E-1 5.76387E-1 5.80392E-1 5.61452E-1 5.77291E-1 6.08226E-1 5.75362E-1 5.72834E-1 6.0566E-1 6.06874E-1 5.99441E-1 6.01527E-1 6.31768E-1 6.43443E-1 6.62091E-1 6.48015E-1 6.29656E-1 6.3573E-1 6.33395E-1 6.11984E-1 5.84889E-1 5.83368E-1 5.73155E-1 5.81459E-1 5.85648E-1 5.84473E-1 5.71826E-1 5.65077E-1 7.30168E-1 7.55801E-1 7.18696E-1 5.70637E-1 5.40602E-1 5.237E-1 5.00308E-1 5.29394E-1
5.60755E-1 5.53585E-1 5.78424E-1 5.9118E-1 5.92336E-1 5.69881E-1 5.79244E-1 5.86131E-1 6.07584E-1 6.54869E-1 6.34144E-1 5.98795E-1 6.03123E-1 5.87227E-1 6.08445E-1 6.23914E-1 5.96594E-1 5.86951E-1 6.433E-1 6.37624E-1 5.9754E-1 6.21963E-1 6.24343E-1 6.35791E-1 6.27366E-1 6.11955E-1 5.86412E-1 5.81002E-1 5.68296E-1 5.61122E-1 5.53228E-1 5.58904E-1 5.72203E-1 5.86274E-1 6.23509E-1 6.81697E-1 6.31934E-1 6.16295E-1 6.10024E-1 6.73712E-1 6.35378E-1 6.28411E-1 6.32492E-1 6.25979E-1 5.97193E-1 6.0908E-1 6.37589E-1 5.97469E-1 5.79002E-1 5.77207E-1 5.61087E-1 5.78545E-1 5.65377E-1 6.98243E-1 6.3377E-1 4.76682E-1 6.10154E-1 5.51533E-1 5.35243E-1 4.9319E-1 4.84038E-1
5.34803E-1 5.67509E-1 5.63532E-1 5.58187E-1 5.74028E-1 5.78606E-1 6.07917E-1 6.40889E-1 5.8407E-1 6.06402E-1 6.14578E-1 6.0673E-1 6.12815E-1 6.04736E-1 6.05419E-1 6.32661E-1 5.94512E-1 6.00333E-1 6.19569E-1 6.16852E-1 6.53207E-1 6.47064E-1 6.31853E-1 6.31059E-1 6.63598E-1 5.97138E-1 6.07867E-1 5.99378E-1 5.95072E-1 5.99911E-1 6.9771E-1 7.11881E-1 7.24001E-1 6.95642E-1 6.7319E-1 6.89299E-1 6.1533E-1 6.34396E-1 6.28549E-1 6.36953E-1 6.41397E-1 6.34269E-1 6.36665E-1 6.36002E-1 5.99549E-1 6.09534E-1 5.93035E-1 5.8065E-1 5.78645E-1 5.77555E-1 5.66909E-1 5.64324E-1 5.83206E-1 6.1124E-1 6.7538E-1 7.38558E-1 6.53076E-1 5.30757E-1 5.90955E-1 4.84923E-1 4.69479E-1
5.24536E-1 5.7677E-1 7.14472E-1 5.71463E-1 5.89998E-1 5.9338E-1 6.79039E-1 6.03176E-1 6.17134E-1 5.97991E-1 6.02029E-1 6.09696E-1 6.00855E-1 6.11285E-1 6.13394E-1 6.17893E-1 6.33311E-1 6.25341E-1 6.04939E-1 6.12853E-1 6.10442E-1 6.23213E-1 7.44301E-1 7.47396E-1 7.8996E-1 6.78725E-1 7.67642E-1 6.48683E-1 7.58079E-1 7.33047E-1 7.5715E-1 7.40021E-1 6.81937E-1 6.19497E-1 6.2488E-1 6.35378E-1 6.08673E-1 6.26955E-1 6.46591E-1 6.25159E-1 6.41098E-1 6.31151E-1 6.26366E-1 6.18342E-1 5.9048E-1 5.95628E-1 5.87005E-1 6.02181E-1 5.98489E-1 5.73377E-1 5.66461E-1 5.64737E-1 5.81986E-1 6.34672E-1 6.14625E-1 5.55569E-1 5.77524E-1 5.3604E-1 5.35938E-1 5.39619E-1 5.108E-1
4.98494E-1 5.71751E-1 5.6378E-1 5.76789E-1 5.91075E-1 6.18146E-1 5.96902E-1 6.36864E-1 6.22542E-1 6.50337E-1 6.13629E-1 6.23846E-1 6.35661E-1 6.01762E-1 5.78604E-1 5.91255E-1 6.26132E-1 6.15588E-1 5.97842E-1 6.11917E-1 6.3107E-1 6.12964E-1 6.47962E-1 6.66171E-1 6.54369E-1 7.66344E-1 7.69582E-1 6.68831E-1 7.19956E-1 7.19555E-1 6.37625E-1 6.21137E-1 6.21915E-1 6.68058E-1 6.85294E-1 6.34391E-1 6.25904E-1 6.33478E-1 6.26445E-1 6.21812E-1 6.25612E-1 6.31149E-1 6.95853E-1 6.39607E-1 6.05875E-1 6.16923E-1 6.03575E-1 6.29553E-1 6.11989E-1 5.82438E-1 6.40692E-1 5.61639E-1 5.84017E-1 5.63087E-1 5.68733E-1 5.83141E-1 6.23539E-1 5.27878E-1 5.41475E-1 5.68059E-1 5.45633E-1
5.00491E-1 5.17056E-1 5.47322E-1 6.22033E-1 6.35278E-1 6.09969E-1 6.55564E-1 6.69619E-1 6.26518E-1 6.29152E-1 6.51653E-1 6.22249E-1 6.04868E-1 6.06426E-1 6.0532E-1 6.08832E-1 6.06996E-1 6.99469E-1 7.81204E-1 6.15689E-1 6.03959E-1 6.20039E-1 6.49053E-1 6.27934E-1 6.44966E-1 6.59341E-1 6.40578E-1 6.55224E-1 6.84452E-1 7.28222E-1 6.35905E-1 6.34608E-1 6.81634E-1 6.90281E-1 6.50176E-1 6.39603E-1 6.24453E-1 6.27708E-1 6.17616E-1 6.28432E-1 6.42177E-1 6.4804E-1 6.63185E-1 6.2153E-1 6.12838E-1 6.03721E-1 5.99262E-1 5.88327E-1 5.93656E-1 5.61029E-1 6.28952E-1 6.0575E-1 5.73014E-1 5.88602E-1 5.93463E-1 5.76752E-1 6.23606E-1 5.51502E-1 6.1133E-1 6.13547E-1 5.8724E-1
5.64802E-1 5.49019E-1 5.64476E-1 6.40091E-1 6.31162E-1 6.39048E-1 6.33225E-1 6.30313E-1 6.31893E-1 6.38056E-1 6.51393E-1 6.54429E-1 6.15317E-1 6.39113E-1 6.39987E-1 6.15851E-1 6.07629E-1 6.614E-1 7.74719E-1 6.07143E-1 6.00372E-1 6.54042E-1 6.40841E-1 6.36209E-1 6.40204E-1 6.75658E-1 6.37185E-1 6.55918E-1 6.55972E-1 6.92955E-1 6.48747E-1 6.37614E-1 6.55133E-1 6.56742E-1 6.13627E-1 6.36616E-1 6.50809E-1 6.4644E-1 6.3741E-1 6.43011E-1 6.42692E-1 6.60715E-1 6.57761E-1 6.34133E-1 6.23574E-1 6.64904E-1 6.13108E-1 6.01048E-1 5.98134E-1 5.54996E-1 5.5831E-1 5.94283E-1 5.99774E-1 5.69304E-1 6.16099E-1 6.66063E-1 5.84364E-1 5.8446E-1 5.99595E-1 5.84802E-1 5.47017E-1
6.28138E-1 5.69096E-1 6.01349E-1 6.52349E-1 6.76056E-1 6.81924E-1 6.41593E-1 6.43328E-1 6.67918E-1 6.39351E-1 6.21331E-1 6.1492E-1 6.06812E-1 6.24305E-1 6.10622E-1 5.86641E-1 6.04719E-1 6.85315E-1 6.09065E-1 5.8683E-1 6.03862E-1 6.18815E-1 6.0894E-1 6.42254E-1 5.94937E-1 6.24874E-1 6.97757E-1 7.16159E-1 6.95477E-1 7.08127E-1 7.01869E-1 6.40071E-1 6.39588E-1 6.42151E-1 6.15592E-1 6.16675E-1 6.33627E-1 6.61615E-1 6.25649E-1 6.25651E-1 6.51107E-1 6.40096E-1 6.24067E-1 6.20323E-1 6.21954E-1 6.55743E-1 6.19626E-1 6.08624E-1 5.74965E-1 5.72968E-1 5.79313E-1 6.04897E-1 6.07043E-1 6.17223E-1 6.58027E-1 6.00428E-1 5.86562E-1 6.03898E-1 5.85784E-1 5.65477E-1 5.48183E-1
