Candidate_Models_July82022/M_1_F_lqp_Set_1_cal/Bison.asc
ncols         290
nrows         380
xllcorner     -2197417.7431653
yllcorner     -584827.01486885
cellsize      10000.0
NODATA_value  -9999
[rows 81 to 107 of 380, columns 183 to 243 of 290]
6.45296E-3 7.83885E-3 7.43044E-3 8.58379E-3 6.63665E-3 6.40971E-3 6.23141E-3 5.70499E-3 5.63483E-3 5.42573E-3 5.28048E-3 5.1198E-3 5.21236E-3 5.01774E-3 5.54748E-3 5.50081E-3 5.47292E-3 5.12635E-3 5.16271E-3 5.24555E-3 5.31475E-3 4.92874E-3 5.03027E-3 5.08041E-3 4.34306E-3 4.37534E-3 4.3712E-3 4.03928E-3 4.12909E-3 3.87468E-3 3.78453E-3 3.82204E-3 3.77335E-3 3.85723E-3 3.72699E-3 3.48568E-3 3.50281E-3 3.13589E-3 3.01476E-3 2.8431E-3 2.9105E-3 2.60406E-3 2.5551E-3 2.46816E-3 2.35113E-3 2.24077E-3 2.09088E-3 2.08648E-3 1.97912E-3 1.89901E-3 2.00639E-3 2.02009E-3 2.14529E-3 2.09745E-3 2.07644E-3 2.14583E-3 2.07289E-3 2.17488E-3 2.01569E-3 1.70221E-3 1.63452E-3
6.52427E-3 7.09028E-3 8.42819E-3 -9999 6.13497E-3 6.54107E-3 5.96733E-3 5.74058E-3 5.55603E-3 5.25694E-3 5.48581E-3 5.23426E-3 5.19831E-3 5.10947E-3 5.49859E-3 5.24072E-3 5.15419E-3 5.49839E-3 5.18677E-3 5.28692E-3 5.25608E-3 4.91898E-3 4.8021E-3 4.6929E-3 4.51743E-3 4.481E-3 4.52855E-3 4.16509E-3 3.73879E-3 3.68832E-3 3.70702E-3 4.17614E-3 3.81786E-3 3.64881E-3 3.52798E-3 3.4564E-3 3.3071E-3 3.32382E-3 3.13236E-3 2.78714E-3 2.83795E-3 2.72686E-3 2.54721E-3 2.53872E-3 2.32257E-3 2.25163E-3 2.27221E-3 2.06794E-3 2.13402E-3 2.02162E-3 2.06728E-3 2.09003E-3 2.19282E-3 2.10235E-3 2.11961E-3 2.05902E-3 2.23762E-3 2.13917E-3 2.11696E-3 1.78541E-3 1.65977E-3
5.65731E-3 6.59213E-3 7.74007E-3 7.1937E-3 6.13482E-3 6.27206E-3 5.48348E-3 5.54651E-3 5.49217E-3 5.42153E-3 5.0321E-3 5.09889E-3 5.06048E-3 5.22516E-3 5.23588E-3 5.25151E-3 5.25065E-3 5.11485E-3 5.4956E-3 5.05968E-3 4.97212E-3 4.6765E-3 4.91938E-3 4.77558E-3 4.56832E-3 4.4812E-3 4.34548E-3 4.24355E-3 3.75071E-3 3.67869E-3 4.11399E-3 3.71774E-3 3.83486E-3 3.5941E-3 3.48355E-3 3.21708E-3 3.28969E-3 3.20346E-3 3.08812E-3 2.83473E-3 2.76938E-3 2.74264E-3 2.66164E-3 2.69557E-3 2.47672E-3 2.34418E-3 2.28806E-3 2.23734E-3 2.14978E-3 2.22523E-3 2.15702E-3 2.15224E-3 2.1882E-3 2.09203E-3 2.28546E-3 1.96394E-3 2.06114E-3 2.24864E-3 2.03294E-3 2.0527E-3 1.72971E-3
5.67065E-3 5.80585E-3 7.65046E-3 7.75031E-3 6.31531E-3 6.33132E-3 5.9398E-3 5.68945E-3 5.64382E-3 5.24579E-3 5.3646E-3 5.18536E-3 5.36527E-3 5.55527E-3 5.35405E-3 5.16191E-3 4.90466E-3 5.0698E-3 5.1915E-3 4.80819E-3 5.01074E-3 4.80088E-3 4.82302E-3 5.58538E-3 4.52826E-3 4.51999E-3 4.01859E-3 4.28426E-3 3.91276E-3 3.69869E-3 4.63628E-3 3.95962E-3 3.84997E-3 3.86985E-3 3.64772E-3 3.47062E-3 3.15548E-3 3.13901E-3 3.16275E-3 3.09872E-3 2.93045E-3 2.99116E-3 2.88657E-3 2.71526E-3 2.50296E-3 2.45718E-3 2.31777E-3 2.30539E-3 2.35269E-3 2.24246E-3 2.17357E-3 2.18579E-3 2.25721E-3 2.31334E-3 2.05578E-3 2.0932E-3 2.18809E-3 2.01806E-3 2.09296E-3 2.21862E-3 1.82249E-3
5.81546E-3 5.88312E-3 5.89444E-3 7.00293E-3 7.33603E-3 6.43466E-3 6.31111E-3 6.63893E-3 5.55444E-3 4.64352E-3 5.41873E-3 4.95297E-3 5.71942E-3 4.6108E-3 5.28304E-3 5.37763E-3 5.00248E-3 5.15271E-3 5.10445E-3 5.00292E-3 5.00761E-3 5.02089E-3 5.06902E-3 5.05861E-3 4.87097E-3 4.55086E-3 4.4775E-3 4.32795E-3 4.42309E-3 3.87526E-3 4.84199E-3 4.24905E-3 4.12954E-3 3.61463E-3 3.72408E-3 3.46727E-3 3.1349E-3 3.17919E-3 3.16309E-3 3.23212E-3 2.99265E-3 2.99181E-3 2.8634E-3 2.69384E-3 2.60193E-3 2.52409E-3 2.40474E-3 2.43382E-3 2.32722E-3 2.38506E-3 2.40446E-3 2.38504E-3 2.16988E-3 2.15845E-3 2.01101E-3 2.20295E-3 2.11349E-3 2.05261E-3 2.05592E-3 2.18796E-3 1.69492E-3
6.08467E-3 6.60254E-3 6.51482E-3 6.61046E-3 7.11673E-3 7.32109E-3 5.84702E-3 6.11823E-3 -9999 -9999 5.61995E-3 5.44803E-3 5.35598E-3 5.51145E-3 5.37173E-3 5.20167E-3 5.30654E-3 5.41875E-3 5.37748E-3 5.35573E-3 5.59101E-3 5.22227E-3 5.01555E-3 5.22042E-3 5.84366E-3 5.23905E-3 4.53899E-3 4.49806E-3 4.55107E-3 4.14969E-3 4.29265E-3 4.55525E-3 4.13812E-3 3.99424E-3 3.66081E-3 3.5462E-3 3.50374E-3 3.33152E-3 3.24491E-3 3.26144E-3 3.12601E-3 3.00398E-3 3.08032E-3 2.70025E-3 2.77754E-3 2.62981E-3 2.66561E-3 2.56358E-3 2.28293E-3 2.37825E-3 2.34295E-3 2.27813E-3 2.16096E-3 2.15825E-3 2.39087E-3 2.00471E-3 2.08618E-3 1.89951E-3 2.09173E-3 1.86046E-3 1.79955E-3
6.35911E-3 6.20173E-3 5.79064E-3 7.23737E-3 8.11282E-3 6.61667E-3 5.94927E-3 6.23671E-3 5.85108E-3 5.36325E-3 5.99654E-3 5.73668E-3 -9999 5.42975E-3 5.21265E-3 5.58453E-3 5.38002E-3 5.28327E-3 5.17655E-3 5.3357E-3 5.39121E-3 5.403E-3 5.33836E-3 5.01323E-3 5.38147E-3 5.7576E-3 4.84911E-3 4.57379E-3 4.69331E-3 5.42158E-3 4.32224E-3 6.64891E-3 4.41736E-3 3.84775E-3 3.82396E-3 4.02207E-3 3.87278E-3 3.52452E-3 3.46414E-3 3.46094E-3 3.12135E-3 3.20843E-3 2.8221E-3 2.84581E-3 2.76732E-3 2.84376E-3 2.61045E-3 2.69759E-3 2.45449E-3 2.38633E-3 2.54659E-3 2.12746E-3 2.30416E-3 2.26169E-3 2.20355E-3 2.09644E-3 1.95652E-3 2.31656E-3 2.00055E-3 1.65954E-3 1.8712E-3
6.33044E-3 6.66024E-3 6.54156E-3 6.65346E-3 6.4548E-3 7.40659E-3 6.59399E-3 6.59986E-3 5.88101E-3 5.7146E-3 5.92281E-3 5.87209E-3 6.50171E-3 5.66161E-3 5.43544E-3 5.57631E-3 5.96949E-3 5.56726E-3 5.68817E-3 5.96731E-3 5.6387E-3 5.42775E-3 5.25007E-3 5.77307E-3 5.20022E-3 5.09061E-3 5.259E-3 4.55035E-3 4.61343E-3 3.95938E-3 4.44854E-3 4.6294E-3 4.13325E-3 4.1573E-3 4.2334E-3 4.13694E-3 4.02273E-3 3.61077E-3 3.50223E-3 3.51147E-3 3.38498E-3 3.2604E-3 3.24361E-3 2.96075E-3 2.95576E-3 2.84425E-3 2.80345E-3 2.71678E-3 2.49508E-3 2.55605E-3 2.49182E-3 2.45099E-3 2.32716E-3 2.20344E-3 2.45079E-3 2.08032E-3 2.38136E-3 2.01794E-3 1.97757E-3 2.09652E-3 1.85453E-3
6.62595E-3 7.00634E-3 7.11373E-3 6.89211E-3 6.63576E-3 6.99387E-3 6.72888E-3 6.8888E-3 6.22727E-3 6.3015E-3 6.51172E-3 6.49798E-3 6.05027E-3 5.81452E-3 5.79927E-3 5.8368E-3 5.56962E-3 5.66445E-3 6.06643E-3 5.98115E-3 6.09704E-3 5.84852E-3 5.47386E-3 5.43178E-3 5.01556E-3 5.227E-3 5.23642E-3 5.2566E-3 4.74621E-3 4.3399E-3 4.50378E-3 4.31788E-3 4.31221E-3 4.38593E-3 4.34022E-3 4.45316E-3 3.95378E-3 3.68688E-3 3.57759E-3 3.54165E-3 3.36752E-3 3.25671E-3 3.17665E-3 3.02025E-3 2.96205E-3 3.02268E-3 2.79629E-3 2.78568E-3 2.61409E-3 2.6124E-3 2.60146E-3 2.45333E-3 2.3596E-3 2.15782E-3 2.33044E-3 2.29263E-3 3.23773E-3 2.22087E-3 1.94108E-3 1.91019E-3 2.02672E-3
7.15464E-3 7.48769E-3 7.95409E-3 7.19664E-3 7.34389E-3 7.84382E-3 7.95404E-3 6.81584E-3 7.06095E-3 6.4349E-3 6.49055E-3 6.16325E-3 6.41797E-3 5.51112E-3 5.77306E-3 6.24586E-3 5.79904E-3 5.89392E-3 6.05772E-3 6.40674E-3 6.07427E-3 5.84901E-3 6.11347E-3 5.4181E-3 5.34474E-3 5.49731E-3 5.88128E-3 5.62942E-3 6.06787E-3 4.766E-3 4.48609E-3 4.32316E-3 4.20454E-3 4.54516E-3 4.62477E-3 4.49854E-3 4.25592E-3 4.06617E-3 3.682E-3 3.31489E-3 3.27942E-3 3.30214E-3 3.21448E-3 3.27431E-3 3.19002E-3 3.00388E-3 2.88205E-3 2.74802E-3 2.75844E-3 2.77598E-3 2.70838E-3 2.50167E-3 2.51352E-3 2.17414E-3 2.5075E-3 2.34691E-3 2.82147E-3 2.1908E-3 2.14264E-3 2.04718E-3 2.02002E-3
7.41346E-3 7.60311E-3 7.08171E-3 7.68582E-3 7.68192E-3 7.37887E-3 7.72979E-3 7.02113E-3 6.8554E-3 6.91456E-3 6.61802E-3 6.33476E-3 6.51394E-3 6.5778E-3 6.22123E-3 6.22853E-3 6.235E-3 5.94804E-3 5.80661E-3 6.01027E-3 6.65784E-3 5.93569E-3 6.60876E-3 6.56448E-3 6.47514E-3 5.693E-3 5.5861E-3 5.72909E-3 5.38508E-3 5.55479E-3 5.18053E-3 4.54118E-3 4.57857E-3 5.0386E-3 4.6103E-3 4.52254E-3 4.26618E-3 4.10899E-3 3.58565E-3 3.92295E-3 3.62194E-3 3.36437E-3 3.25276E-3 3.10983E-3 3.15485E-3 2.9081E-3 2.95784E-3 2.72356E-3 2.6992E-3 2.89475E-3 2.64649E-3 2.66271E-3 2.56314E-3 2.37371E-3 2.59179E-3 2.31139E-3 2.36331E-3 2.2878E-3 2.10216E-3 2.23137E-3 2.05072E-3
7.50642E-3 7.86091E-3 9.06185E-3 5.65518E-3 7.71752E-3 7.5622E-3 6.79304E-3 7.21001E-3 7.24812E-3 6.41829E-3 8.04491E-3 6.71266E-3 6.00289E-3 6.7627E-3 6.26188E-3 6.25046E-3 6.03948E-3 5.97229E-3 6.00189E-3 6.40177E-3 6.2852E-3 6.51498E-3 6.32623E-3 6.09846E-3 6.05281E-3 5.9434E-3 5.92497E-3 5.827E-3 5.21097E-3 5.03947E-3 4.74859E-3 4.62351E-3 5.51359E-3 4.78752E-3 4.22349E-3 4.40955E-3 4.26807E-3 4.13569E-3 4.10811E-3 4.0136E-3 3.49338E-3 3.68127E-3 3.38498E-3 3.24107E-3 3.10707E-3 3.20602E-3 3.06662E-3 2.94207E-3 2.80299E-3 2.57607E-3 2.75021E-3 2.33909E-3 2.4627E-3 2.42249E-3 2.40849E-3 2.50528E-3 2.82625E-3 2.44019E-3 2.31523E-3 2.15942E-3 2.36128E-3
7.77443E-3 7.97312E-3 7.67332E-3 9.36011E-3 7.71496E-3 7.14317E-3 7.78405E-3 8.15169E-3 6.71534E-3 7.77144E-3 7.60591E-3 7.19107E-3 6.04053E-3 6.40095E-3 6.4754E-3 6.66689E-3 6.33386E-3 6.26958E-3 6.50832E-3 6.74529E-3 6.7159E-3 6.39003E-3 6.37948E-3 6.51304E-3 6.55145E-3 6.12631E-3 6.44603E-3 6.42903E-3 5.58565E-3 5.35434E-3 4.82936E-3 4.89867E-3 5.27169E-3 5.80871E-3 4.31412E-3 4.57821E-3 4.27064E-3 4.03334E-3 3.955E-3 3.94255E-3 3.77595E-3 3.78761E-3 3.24192E-3 3.27529E-3 3.32094E-3 3.24782E-3 3.03995E-3 2.85308E-3 2.86822E-3 2.7813E-3 2.70366E-3 2.81691E-3 2.71139E-3 2.83462E-3 2.36578E-3 2.46378E-3 2.65171E-3 2.42143E-3 2.29745E-3 2.36537E-3 2.33679E-3
8.18521E-3 9.64141E-3 7.90294E-3 7.9124E-3 7.75075E-3 6.87268E-3 7.68164E-3 7.36618E-3 7.59847E-3 7.19736E-3 6.66497E-3 6.52669E-3 6.85831E-3 6.63927E-3 6.69211E-3 6.86997E-3 6.76646E-3 6.49508E-3 6.12293E-3 6.49767E-3 6.82826E-3 6.68222E-3 6.66974E-3 6.5147E-3 6.5746E-3 6.36012E-3 5.95716E-3 6.59774E-3 5.86181E-3 5.61097E-3 5.32351E-3 5.28337E-3 5.41712E-3 5.09492E-3 4.75109E-3 5.17889E-3 4.27369E-3 4.16014E-3 4.01996E-3 3.95453E-3 3.64149E-3 3.70887E-3 3.62754E-3 3.46628E-3 3.16309E-3 3.11669E-3 3.04973E-3 2.94488E-3 2.99485E-3 2.75124E-3 2.73896E-3 2.73925E-3 -9999 2.71345E-3 2.59739E-3 2.53431E-3 2.50689E-3 2.51796E-3 2.46656E-3 2.4867E-3 2.64993E-3
7.76759E-3 8.03076E-3 9.09083E-3 9.25849E-3 8.32119E-3 7.56712E-3 7.9226E-3 8.00925E-3 7.439E-3 7.28129E-3 7.00728E-3 6.87281E-3 6.73717E-3 7.07866E-3 6.69979E-3 6.65262E-3 6.584E-3 6.73724E-3 7.03372E-3 7.14578E-3 6.68091E-3 7.34132E-3 6.51376E-3 6.47354E-3 6.4993E-3 6.23526E-3 7.20646E-3 6.06413E-3 6.56706E-3 5.54693E-3 5.52688E-3 5.11371E-3 5.41151E-3 4.94197E-3 4.97375E-3 4.77997E-3 4.68449E-3 4.56608E-3 3.99231E-3 3.64155E-3 3.73547E-3 4.07149E-3 3.58988E-3 3.44036E-3 3.29848E-3 2.99527E-3 4.49049E-3 3.2E-3 2.952E-3 3.51397E-3 2.79739E-3 2.56214E-3 2.90215E-3 2.42644E-3 2.69725E-3 2.40993E-3 2.62118E-3 2.64831E-3 2.50409E-3 2.62363E-3 2.90117E-3
8.88585E-3 8.53459E-3 8.98036E-3 8.85456E-3 8.02422E-3 8.19908E-3 8.05416E-3 7.13825E-3 7.6279E-3 7.77674E-3 7.18294E-3 7.27663E-3 7.2406E-3 7.35579E-3 7.14978E-3 6.95335E-3 7.0549E-3 6.17456E-3 6.8516E-3 7.20441E-3 7.57659E-3 9.521E-3 6.55606E-3 6.67634E-3 6.47081E-3 6.60718E-3 6.5888E-3 6.11116E-3 6.57709E-3 5.83254E-3 5.40926E-3 6.37163E-3 5.42473E-3 5.08427E-3 6.21448E-3 5.02273E-3 5.00656E-3 4.49831E-3 4.22343E-3 3.89165E-3 3.73126E-3 3.64622E-3 3.86833E-3 3.4263E-3 3.44584E-3 3.26551E-3 3.22232E-3 3.04977E-3 2.96676E-3 3.13403E-3 3.02118E-3 2.88755E-3 3.03026E-3 2.67961E-3 2.6081E-3 2.7116E-3 2.72856E-3 2.77859E-3 2.63214E-3 2.72549E-3 2.71901E-3
8.57012E-3 9.76578E-3 8.53092E-3 8.45916E-3 9.43898E-3 7.89059E-3 8.69893E-3 7.84315E-3 8.08477E-3 7.71802E-3 7.51509E-3 7.55025E-3 7.91444E-3 8.02264E-3 7.88144E-3 7.45421E-3 7.15071E-3 6.81299E-3 7.42323E-3 7.98678E-3 7.4221E-3 7.60344E-3 6.76047E-3 6.29138E-3 7.85178E-3 6.49762E-3 6.21819E-3 6.11331E-3 6.43836E-3 5.84467E-3 5.44305E-3 5.98114E-3 5.41684E-3 5.10268E-3 5.42908E-3 5.59716E-3 5.13485E-3 4.53522E-3 4.16757E-3 3.98154E-3 3.85437E-3 3.69839E-3 3.72484E-3 3.47607E-3 3.74162E-3 3.60508E-3 3.34837E-3 3.27466E-3 3.2873E-3 3.12188E-3 2.96901E-3 3.42869E-3 2.8307E-3 2.85498E-3 2.86046E-3 2.8167E-3 2.87906E-3 2.95054E-3 2.73861E-3 2.76382E-3 2.83093E-3
9.0328E-3 9.59201E-3 8.08686E-3 8.76866E-3 8.05166E-3 1.07892E-2 8.48546E-3 7.73495E-3 8.35556E-3 9.34254E-3 8.12936E-3 7.61603E-3 7.36625E-3 7.76982E-3 8.26624E-3 7.89017E-3 7.96807E-3 7.63922E-3 7.41226E-3 7.43332E-3 7.76669E-3 7.20054E-3 7.33478E-3 6.80635E-3 6.48267E-3 6.28437E-3 6.25797E-3 6.75836E-3 6.88113E-3 5.63362E-3 5.74033E-3 5.81827E-3 6.16898E-3 5.65169E-3 5.91237E-3 4.71268E-3 4.87431E-3 4.53153E-3 4.39853E-3 4.42286E-3 4.11224E-3 4.17782E-3 3.75633E-3 3.67693E-3 3.72322E-3 3.82144E-3 3.42025E-3 3.53097E-3 3.42599E-3 3.33426E-3 3.3202E-3 3.19206E-3 3.0713E-3 3.01006E-3 3.01768E-3 2.7369E-3 2.93353E-3 2.86638E-3 2.89962E-3 3.10368E-3 2.96234E-3
9.82193E-3 9.49633E-3 9.68338E-3 9.52215E-3 9.5523E-3 9.87183E-3 1.04279E-2 8.44445E-3 8.13318E-3 8.33936E-3 7.09473E-3 8.40702E-3 9.20089E-3 8.53215E-3 7.75263E-3 7.92159E-3 7.55385E-3 7.758E-3 7.30547E-3 7.52447E-3 8.4011E-3 8.03823E-3 7.07709E-3 6.93369E-3 6.55337E-3 6.04176E-3 6.27902E-3 5.83125E-3 5.5337E-3 6.15965E-3 5.21011E-3 5.50073E-3 5.47117E-3 5.35964E-3 5.34186E-3 4.6474E-3 4.48702E-3 4.59967E-3 4.82914E-3 4.40694E-3 4.2485E-3 4.20591E-3 3.80988E-3 3.68078E-3 3.70755E-3 3.38903E-3 3.42539E-3 3.44511E-3 3.52683E-3 3.49228E-3 3.18321E-3 3.18274E-3 3.35001E-3 2.86518E-3 2.89605E-3 3.04164E-3 2.79158E-3 2.88332E-3 2.78835E-3 3.05155E-3 3.28102E-3
1.09807E-2 9.1053E-3 9.66267E-3 8.91558E-3 8.73454E-3 8.5186E-3 9.14135E-3 8.91277E-3 8.12182E-3 8.39665E-3 7.82024E-3 7.15723E-3 7.5522E-3 7.86348E-3 7.89234E-3 8.00043E-3 7.89521E-3 7.55419E-3 6.99564E-3 7.34574E-3 8.0064E-3 7.54876E-3 7.22659E-3 8.87567E-3 6.51224E-3 6.14121E-3 5.81938E-3 6.09803E-3 6.91324E-3 6.31794E-3 5.72679E-3 5.52565E-3 5.5609E-3 5.94175E-3 5.02195E-3 5.06787E-3 4.57542E-3 5.03708E-3 4.61066E-3 4.59224E-3 4.37744E-3 4.2608E-3 4.33885E-3 4.52255E-3 4.78535E-3 3.92707E-3 3.58023E-3 3.54526E-3 3.6287E-3 3.76581E-3 3.38875E-3 3.39382E-3 3.28041E-3 3.01235E-3 2.72122E-3 3.01087E-3 2.96631E-3 2.96028E-3 2.90987E-3 3.1436E-3 3.11381E-3
9.22207E-3 8.98097E-3 1.00362E-2 9.73935E-3 1.0717E-2 9.81E-3 8.89229E-3 9.18575E-3 8.58447E-3 8.96382E-3 8.59301E-3 8.19806E-3 8.18349E-3 8.20547E-3 7.97034E-3 8.09318E-3 7.23185E-3 7.69266E-3 7.27643E-3 7.33422E-3 7.97819E-3 7.1187E-3 7.75346E-3 6.65667E-3 5.98248E-3 5.6971E-3 6.04712E-3 5.90764E-3 5.93633E-3 6.13451E-3 5.97866E-3 5.8067E-3 5.63965E-3 5.83979E-3 5.01298E-3 5.25735E-3 5.17184E-3 6.06798E-3 5.02883E-3 4.61224E-3 4.51583E-3 4.50617E-3 4.24194E-3 4.23861E-3 3.77172E-3 3.75086E-3 3.74114E-3 3.75631E-3 3.96769E-3 3.62497E-3 3.55424E-3 3.63897E-3 3.30741E-3 3.26275E-3 3.26437E-3 2.86563E-3 3.00183E-3 2.96658E-3 2.85196E-3 3.20266E-3 3.11192E-3
9.35625E-3 9.08302E-3 9.45598E-3 8.94485E-3 8.53961E-3 8.24205E-3 1.07336E-2 8.76276E-3 8.94255E-3 8.76626E-3 9.72239E-3 8.5851E-3 7.59702E-3 8.33272E-3 7.31857E-3 8.05147E-3 5.47457E-3 6.89085E-3 7.89307E-3 7.0796E-3 7.08242E-3 7.16555E-3 8.456E-3 6.96221E-3 6.51469E-3 6.16397E-3 5.72253E-3 6.04663E-3 5.57716E-3 6.01163E-3 6.14158E-3 5.99637E-3 6.05163E-3 6.31385E-3 7.17333E-3 5.1269E-3 5.42876E-3 4.83526E-3 4.81841E-3 5.0682E-3 5.15434E-3 4.53481E-3 4.25535E-3 4.35245E-3 4.38413E-3 4.06419E-3 4.06651E-3 3.90279E-3 3.84038E-3 4.01017E-3 3.68552E-3 4.28015E-3 3.51051E-3 3.41372E-3 3.23076E-3 3.28714E-3 3.08781E-3 3.12066E-3 2.90431E-3 3.16179E-3 3.51228E-3
1.01184E-2 1.02984E-2 8.82774E-3 8.51457E-3 8.594E-3 8.71305E-3 9.5317E-3 9.29352E-3 8.40312E-3 9.22379E-3 1.32594E-2 8.64551E-3 8.19476E-3 8.57403E-3 8.17655E-3 8.3451E-3 7.93518E-3 7.83122E-3 7.72992E-3 7.55055E-3 7.46995E-3 7.61036E-3 8.35346E-3 7.76572E-3 7.33237E-3 6.48141E-3 6.24159E-3 9.21614E-3 6.28537E-3 8.52874E-3 6.24063E-3 6.09108E-3 6.5487E-3 5.96171E-3 5.97379E-3 5.859E-3 5.72807E-3 5.38916E-3 5.16245E-3 5.51607E-3 4.9927E-3 4.5566E-3 4.42789E-3 4.22126E-3 4.34524E-3 4.27369E-3 4.26748E-3 3.82434E-3 3.94024E-3 3.57128E-3 3.47166E-3 3.53584E-3 3.37655E-3 3.59621E-3 3.27344E-3 3.33468E-3 3.36598E-3 3.09721E-3 3.22902E-3 3.17502E-3 3.31891E-3
9.85897E-3 1.00142E-2 9.01705E-3 9.3692E-3 9.14706E-3 9.25573E-3 9.63872E-3 9.83816E-3 8.93372E-3 9.00729E-3 8.3458E-3 8.86063E-3 8.19842E-3 8.31732E-3 8.20448E-3 8.35986E-3 8.23844E-3 8.63784E-3 8.1469E-3 7.55026E-3 7.88294E-3 8.88233E-3 9.93186E-3 9.64076E-3 8.29208E-3 9.72682E-3 6.74857E-3 9.17828E-3 4.74917E-3 6.10924E-3 5.83568E-3 5.70086E-3 6.14235E-3 6.16979E-3 6.37146E-3 6.0832E-3 6.08364E-3 6.28335E-3 5.64986E-3 5.60764E-3 5.37263E-3 4.82981E-3 4.46808E-3 4.72124E-3 4.49709E-3 4.06767E-3 3.99528E-3 3.80744E-3 3.73111E-3 3.62807E-3 3.43465E-3 3.37215E-3 3.63537E-3 4.03543E-3 3.52195E-3 3.45883E-3 3.49095E-3 3.45549E-3 3.23808E-3 3.59967E-3 3.71169E-3
9.41193E-3 9.93134E-3 9.99227E-3 9.26704E-3 9.60394E-3 9.3078E-3 1.02974E-2 9.91506E-3 9.20435E-3 8.50722E-3 8.80168E-3 8.50456E-3 8.8326E-3 8.57194E-3 8.22547E-3 8.00724E-3 8.30536E-3 8.09779E-3 8.79165E-3 8.84932E-3 8.45113E-3 8.13158E-3 1.04388E-2 8.4968E-3 7.66469E-3 7.22704E-3 6.62331E-3 5.18084E-3 7.68595E-3 7.89222E-3 6.75429E-3 5.91847E-3 6.41987E-3 6.49109E-3 6.22541E-3 6.52748E-3 6.574E-3 5.95241E-3 5.24E-3 5.39162E-3 5.20445E-3 5.15791E-3 5.0814E-3 4.95238E-3 4.73669E-3 4.06926E-3 4.07334E-3 4.0147E-3 5.12281E-3 3.81082E-3 3.90166E-3 3.43058E-3 3.81601E-3 4.04825E-3 3.68849E-3 3.59568E-3 3.73102E-3 3.72895E-3 3.49274E-3 3.70534E-3 3.85237E-3
1.04553E-2 1.05725E-2 1.02542E-2 9.80988E-3 9.41336E-3 9.582E-3 9.82297E-3 9.42017E-3 8.44741E-3 8.86008E-3 9.08063E-3 8.75325E-3 8.69684E-3 8.57388E-3 7.75879E-3 8.10923E-3 1.43262E-2 8.64154E-3 9.42193E-3 9.22972E-3 9.46764E-3 9.1937E-3 8.6925E-3 8.16248E-3 8.07353E-3 8.33928E-3 7.82315E-3 6.97907E-3 7.30392E-3 7.44841E-3 7.41101E-3 6.931E-3 6.8013E-3 6.52948E-3 6.1694E-3 6.05833E-3 5.66375E-3 5.79361E-3 5.18213E-3 5.49253E-3 5.32741E-3 4.89599E-3 4.75977E-3 4.93957E-3 5.05055E-3 4.36208E-3 4.09152E-3 3.92162E-3 3.97767E-3 4.00395E-3 3.82282E-3 3.89686E-3 3.8321E-3 3.93211E-3 3.72377E-3 3.42759E-3 3.57113E-3 3.93538E-3 3.97338E-3 4.35403E-3 3.82078E-3
1.1714E-2 9.93969E-3 1.05957E-2 1.21852E-2 1.0312E-2 9.92343E-3 1.15305E-2 1.01411E-2 8.88599E-3 9.17699E-3 8.80057E-3 9.01251E-3 8.55902E-3 8.85795E-3 8.67907E-3 8.6803E-3 9.15497E-3 9.0735E-3 9.8647E-3 9.87613E-3 9.44979E-3 9.05997E-3 9.56075E-3 9.70363E-3 9.33393E-3 8.7626E-3 7.71971E-3 6.78871E-3 6.72097E-3 6.81033E-3 6.11954E-3 6.068E-3 9.89428E-3 6.17784E-3 6.37042E-3 6.09684E-3 6.06408E-3 5.46539E-3 5.25732E-3 5.29847E-3 5.48741E-3 4.96167E-3 5.01488E-3 4.61297E-3 4.9575E-3 4.53439E-3 4.30035E-3 4.23258E-3 4.16087E-3 3.94298E-3 4.02667E-3 4.53689E-3 4.39018E-3 4.15929E-3 4.297E-3 4.25051E-3 4.33586E-3 4.34927E-3 4.50312E-3 4.66614E-3 4.64666E-3
