Candidate_Models_July82022/M_1_F_lqp_Set_1_cal/Bison.asc
ncols         290
nrows         380
xllcorner     -2197417.7431653
yllcorner     -584827.01486885
cellsize      10000.0
NODATA_value  -9999
[rows 162 to 188 of 380, columns 61 to 121 of 290]
1.38441E-1 1.0622E-1 1.29733E-1 1.47261E-1 1.28673E-1 1.20647E-1 1.5227E-1 8.40489E-2 1.86042E-1 1.78855E-1 9.85928E-2 1.14238E-1 8.25361E-2 1.42162E-1 1.32628E-1 1.20748E-1 1.5524E-1 1.27679E-1 1.54403E-1 1.40643E-1 1.18898E-1 1.6256E-1 1.51325E-1 1.488E-1 1.56493E-1 1.72301E-1 1.76695E-1 1.84905E-1 1.95303E-1 2.05253E-1 2.18974E-1 1.90663E-1 1.94672E-1 2.16677E-1 2.07304E-1 2.10259E-1 3.45981E-1 3.30182E-1 2.52141E-1 2.33003E-1 2.19304E-1 2.03251E-1 2.00115E-1 2.0687E-1 2.13971E-1 2.03923E-1 2.09761E-1 1.86049E-1 2.12038E-1 1.96967E-1 2.28871E-1 1.89962E-1 1.71307E-1 2.55077E-1 2.73268E-1 2.92213E-1 2.85984E-1 3.55684E-1 3.05289E-1 2.31212E-1 2.67926E-1
8.26209E-2 1.48535E-1 1.05324E-1 1.46452E-1 1.04978E-1 1.25499E-1 1.47866E-1 1.01781E-1 2.0053E-1 1.24587E-1 1.66846E-1 1.42424E-1 1.18465E-1 1.04309E-1 1.43341E-1 1.52423E-1 1.22632E-1 1.33088E-1 1.83893E-1 1.5295E-1 1.34842E-1 1.4768E-1 1.52478E-1 1.63183E-1 1.6597E-1 1.8602E-1 1.94877E-1 1.81239E-1 1.89837E-1 1.98476E-1 1.87622E-1 1.98423E-1 1.99511E-1 2.07735E-1 2.11268E-1 2.41879E-1 2.28411E-1 2.69475E-1 2.69514E-1 2.21859E-1 2.20059E-1 1.99604E-1 1.76692E-1 1.8101E-1 1.71658E-1 1.94741E-1 1.90079E-1 2.19223E-1 2.22E-1 2.08942E-1 2.12029E-1 2.39067E-1 2.10868E-1 2.16825E-1 1.98659E-1 2.64376E-1 2.7924E-1 2.99326E-1 2.64795E-1 2.40269E-1 2.30414E-1
1.46352E-1 1.25019E-1 8.29971E-2 1.23966E-1 1.38245E-1 1.27193E-1 1.42144E-1 1.39307E-1 2.06974E-1 1.85674E-1 1.3893E-1 9.01198E-2 1.21784E-1 1.28324E-1 8.83621E-2 1.10101E-1 1.18454E-1 1.49127E-1 1.83947E-1 1.68299E-1 1.99548E-1 2.20814E-1 2.10162E-1 1.62213E-1 1.89098E-1 2.01594E-1 1.77944E-1 2.06328E-1 1.97128E-1 1.89501E-1 1.77492E-1 1.95352E-1 1.83359E-1 2.01534E-1 2.09899E-1 2.273E-1 2.43128E-1 2.56104E-1 2.41793E-1 2.29475E-1 2.07948E-1 1.87793E-1 1.60669E-1 1.6874E-1 2.06052E-1 2.01223E-1 1.94357E-1 2.14777E-1 2.43419E-1 2.23209E-1 2.02966E-1 1.98819E-1 2.17128E-1 2.01101E-1 2.48816E-1 2.18007E-1 2.65898E-1 2.4961E-1 2.7022E-1 2.36318E-1 2.19178E-1
1.06486E-1 1.56576E-1 1.08583E-1 1.48891E-1 1.07446E-1 1.30905E-1 1.69916E-1 1.79147E-1 2.15613E-1 2.34374E-1 1.05641E-1 1.18528E-1 1.87812E-1 1.48814E-1 1.4446E-1 1.38588E-1 1.12981E-1 9.23769E-2 1.69031E-1 1.5056E-1 1.42106E-1 2.04627E-1 1.51469E-1 1.778E-1 1.82466E-1 2.0142E-1 2.20368E-1 2.16246E-1 2.02989E-1 1.96601E-1 2.01087E-1 2.07656E-1 1.95443E-1 1.96189E-1 2.13565E-1 2.76821E-1 2.50588E-1 2.6186E-1 2.21055E-1 2.16586E-1 1.97401E-1 1.87247E-1 1.71222E-1 1.89971E-1 1.96094E-1 2.17333E-1 2.3108E-1 2.4687E-1 3.30225E-1 2.67901E-1 2.42626E-1 2.16745E-1 2.04086E-1 2.11636E-1 2.24886E-1 2.31222E-1 2.51066E-1 2.50324E-1 2.33048E-1 3.40233E-1 2.2541E-1
1.7576E-1 1.35787E-1 1.05623E-1 1.29106E-1 1.56102E-1 9.80524E-2 2.31222E-1 2.7614E-1 1.77182E-1 2.49376E-1 9.38172E-2 7.73806E-2 1.61483E-1 1.2932E-1 1.45027E-1 8.90988E-2 1.40734E-1 1.13858E-1 1.88827E-1 1.33703E-1 1.45297E-1 1.51396E-1 1.82759E-1 1.74964E-1 2.1392E-1 2.03151E-1 2.07929E-1 2.06582E-1 2.01687E-1 1.92845E-1 2.4788E-1 2.31008E-1 2.19856E-1 2.11912E-1 2.11739E-1 2.06014E-1 2.14439E-1 2.07378E-1 1.96468E-1 2.04588E-1 1.91955E-1 1.90465E-1 1.91818E-1 1.87268E-1 2.30834E-1 2.54273E-1 2.37255E-1 2.66262E-1 2.7637E-1 2.08705E-1 2.10303E-1 2.09942E-1 2.52868E-1 2.87246E-1 2.77519E-1 2.84911E-1 3.25177E-1 2.58143E-1 2.75103E-1 4.15482E-1 4.09138E-1
1.63664E-1 1.13779E-1 1.22637E-1 8.50818E-2 8.32855E-2 6.65453E-2 1.15424E-1 6.75739E-2 1.08667E-1 2.29561E-1 1.25355E-1 1.51126E-1 1.11216E-1 1.14942E-1 2.06072E-1 6.92535E-2 4.42204E-2 1.01735E-1 1.51924E-1 1.4166E-1 1.64827E-1 1.99673E-1 2.17712E-1 2.17512E-1 2.08951E-1 2.29236E-1 2.08682E-1 2.10382E-1 2.04306E-1 2.43015E-1 2.73301E-1 2.12567E-1 2.38513E-1 2.48845E-1 2.20043E-1 2.41744E-1 2.43086E-1 2.60034E-1 2.02714E-1 2.0571E-1 2.1247E-1 2.07635E-1 2.07681E-1 2.00997E-1 2.99161E-1 2.86213E-1 2.78316E-1 2.39165E-1 2.34118E-1 2.04491E-1 2.16436E-1 1.85452E-1 2.43195E-1 3.80142E-1 2.66042E-1 2.49645E-1 2.28136E-1 2.33419E-1 2.84597E-1 3.05672E-1 2.31053E-1
1.76117E-1 1.22829E-1 3.60324E-2 1.86576E-1 7.44445E-2 9.20263E-2 7.45926E-2 1.19622E-1 1.23848E-1 1.5467E-1 2.13002E-1 1.33919E-1 1.02754E-1 8.63173E-2 1.13159E-1 1.18894E-1 1.0157E-1 9.4934E-2 1.27036E-1 1.51002E-1 1.80482E-1 2.02142E-1 2.3485E-1 2.11026E-1 2.49295E-1 2.38358E-1 2.19238E-1 2.25327E-1 2.16838E-1 2.18122E-1 2.40587E-1 2.65595E-1 2.72362E-1 2.65977E-1 2.64818E-1 2.72376E-1 2.64175E-1 2.10672E-1 2.40899E-1 2.34025E-1 2.48771E-1 2.63792E-1 2.44651E-1 2.8345E-1 3.51286E-1 3.30469E-1 3.33509E-1 2.41373E-1 2.36428E-1 1.94354E-1 1.96627E-1 1.99119E-1 2.11465E-1 2.60421E-1 2.41877E-1 2.31734E-1 2.47043E-1 2.62254E-1 2.44924E-1 2.88085E-1 2.16956E-1
2.31787E-1 1.13313E-1 1.2262E-1 9.19036E-2 1.51832E-1 8.68E-2 1.21972E-1 1.29724E-1 1.12867E-1 1.3547E-1 2.3482E-1 1.56067E-1 1.25195E-1 1.27088E-1 1.07568E-1 9.12175E-2 7.78306E-2 1.36221E-1 9.37679E-2 1.47958E-1 1.45839E-1 2.66291E-1 2.93163E-1 2.40589E-1 2.80518E-1 3.11223E-1 2.45365E-1 2.33735E-1 2.27677E-1 2.90284E-1 3.1875E-1 2.62371E-1 2.87967E-1 3.77662E-1 3.15869E-1 3.10106E-1 2.77639E-1 3.83037E-1 2.78935E-1 2.49371E-1 2.40587E-1 3.15963E-1 2.86754E-1 3.09146E-1 3.77086E-1 3.04231E-1 2.39474E-1 1.98215E-1 2.32218E-1 1.92658E-1 1.99803E-1 1.90253E-1 1.82181E-1 2.01014E-1 2.21999E-1 2.35261E-1 2.47069E-1 2.42884E-1 2.37568E-1 2.47692E-1 2.26352E-1
1.0969E-1 7.26824E-2 1.08341E-1 7.07784E-2 1.47544E-1 1.20596E-1 8.67746E-2 1.13777E-1 9.06176E-2 1.50041E-1 2.47184E-1 8.69435E-2 1.19397E-1 1.42754E-1 1.26445E-1 1.52538E-1 9.40938E-2 9.21815E-2 7.42758E-2 1.62189E-1 1.89955E-1 2.56889E-1 2.57005E-1 2.13733E-1 2.42247E-1 2.7425E-1 2.47646E-1 2.43163E-1 2.54551E-1 2.55171E-1 2.78344E-1 2.88097E-1 3.20309E-1 4.65054E-1 4.22211E-1 2.51898E-1 3.56445E-1 4.02488E-1 2.7946E-1 2.47951E-1 2.95138E-1 3.41144E-1 3.65853E-1 2.70318E-1 2.48604E-1 2.63269E-1 2.90513E-1 3.0844E-1 2.88392E-1 2.27591E-1 2.05864E-1 2.03472E-1 2.06546E-1 2.07383E-1 2.32825E-1 2.40326E-1 2.65366E-1 2.36269E-1 2.28573E-1 2.46852E-1 2.33452E-1
1.2684E-1 1.02789E-1 1.41969E-1 8.98401E-2 1.09387E-1 8.177E-2 9.38957E-2 9.57191E-2 1.59293E-1 2.05971E-1 2.58933E-1 1.59415E-1 1.48371E-1 1.63878E-1 6.88891E-2 1.49056E-1 1.01002E-1 1.47229E-1 1.45775E-1 1.57159E-1 1.26943E-1 2.30352E-1 3.03282E-1 2.2617E-1 2.677E-1 2.39467E-1 2.59185E-1 2.29935E-1 2.36159E-1 2.4175E-1 3.02904E-1 5.16159E-1 4.71984E-1 3.48322E-1 3.23443E-1 2.92155E-1 4.48629E-1 3.49988E-1 2.72182E-1 2.67421E-1 2.81667E-1 3.17968E-1 3.27973E-1 2.36976E-1 2.88802E-1 2.55981E-1 3.14717E-1 3.07705E-1 2.83151E-1 2.98968E-1 2.42879E-1 2.30557E-1 2.26959E-1 2.40781E-1 2.36115E-1 2.33355E-1 2.21171E-1 2.6852E-1 2.71196E-1 2.51702E-1 2.38026E-1
8.31523E-2 8.24264E-2 8.22798E-2 8.66877E-2 1.1704E-1 1.44016E-1 1.57041E-1 9.52764E-2 1.50243E-1 1.42398E-1 2.38824E-1 1.5025E-1 2.95437E-1 8.77069E-2 1.44746E-1 1.56215E-1 1.1121E-1 1.15486E-1 1.57352E-1 1.34843E-1 1.29214E-1 1.93661E-1 2.7045E-1 2.55227E-1 2.97041E-1 2.69136E-1 2.78096E-1 2.4017E-1 2.4487E-1 2.94077E-1 4.88278E-1 5.53347E-1 5.52807E-1 5.23361E-1 4.10098E-1 3.23502E-1 2.5539E-1 2.76485E-1 3.52477E-1 2.97983E-1 2.84316E-1 2.32217E-1 2.20259E-1 2.33085E-1 2.77921E-1 3.55045E-1 3.41508E-1 2.80289E-1 2.43631E-1 2.85322E-1 2.57664E-1 2.64469E-1 2.43305E-1 2.3865E-1 2.3547E-1 4.27359E-1 2.39737E-1 2.66115E-1 2.47495E-1 2.48268E-1 2.38304E-1
9.95202E-2 7.63822E-2 8.27963E-2 1.00845E-1 1.23836E-1 8.58393E-2 1.01226E-1 1.65385E-1 1.62253E-1 1.40709E-1 2.30236E-1 2.33631E-1 1.75357E-1 8.58724E-2 1.12043E-1 1.89115E-1 1.60239E-1 9.55452E-2 1.38408E-1 1.51813E-1 1.02694E-1 2.13379E-1 2.32042E-1 2.56339E-1 2.56383E-1 2.95569E-1 3.09473E-1 2.49948E-1 3.39279E-1 4.05183E-1 5.35734E-1 5.45762E-1 5.26521E-1 3.74871E-1 3.37059E-1 3.06291E-1 2.96842E-1 3.19498E-1 2.6973E-1 2.35331E-1 2.32434E-1 2.30037E-1 2.28988E-1 2.37398E-1 2.89837E-1 2.71642E-1 3.18053E-1 2.60219E-1 2.51741E-1 2.87401E-1 3.14365E-1 2.76855E-1 2.54726E-1 3.87026E-1 4.1669E-1 4.04829E-1 2.49641E-1 2.59235E-1 2.89625E-1 2.58829E-1 2.62037E-1
1.00302E-1 9.1259E-2 8.81182E-2 7.79397E-2 1.05016E-1 1.03681E-1 7.40451E-2 9.28711E-2 1.19911E-1 2.13983E-1 2.40797E-1 1.83479E-1 5.9152E-2 9.0105E-2 7.31161E-2 1.24371E-1 1.05262E-1 1.77013E-1 9.01263E-2 1.73251E-1 1.59854E-1 1.84172E-1 2.07915E-1 3.13681E-1 4.15173E-1 4.12181E-1 3.04739E-1 2.52224E-1 3.67305E-1 3.51269E-1 3.77786E-1 5.72703E-1 3.98071E-1 5.39008E-1 3.98524E-1 3.42155E-1 3.26131E-1 3.71409E-1 2.8085E-1 2.49622E-1 2.15763E-1 2.25081E-1 2.2622E-1 2.31299E-1 3.42781E-1 3.64214E-1 3.59392E-1 3.32445E-1 2.99634E-1 3.23263E-1 2.6553E-1 3.62156E-1 3.1137E-1 4.78536E-1 4.82254E-1 3.51054E-1 2.63074E-1 2.83165E-1 2.55645E-1 2.41291E-1 2.54769E-1
1.13413E-1 1.38214E-1 1.28331E-1 1.23975E-1 8.78555E-2 9.12823E-2 7.98919E-2 1.00406E-1 5.24789E-2 1.91894E-1 2.19775E-1 2.15512E-1 4.70182E-2 8.64861E-2 6.48514E-2 6.55698E-2 1.00826E-1 1.23762E-1 7.64579E-2 8.2311E-2 1.63809E-1 1.00217E-1 2.06371E-1 2.12475E-1 2.50658E-1 3.01813E-1 2.68617E-1 2.5918E-1 2.47258E-1 2.79005E-1 4.9253E-1 5.67065E-1 5.4772E-1 5.47478E-1 3.72396E-1 2.72759E-1 2.34594E-1 2.20391E-1 2.49064E-1 2.45276E-1 2.14056E-1 2.21086E-1 2.35842E-1 2.5401E-1 2.62317E-1 3.57247E-1 3.4022E-1 4.04375E-1 3.4046E-1 2.77234E-1 3.04527E-1 4.13196E-1 4.858E-1 4.21556E-1 4.30773E-1 2.45464E-1 2.87079E-1 2.63339E-1 2.35276E-1 2.5869E-1 2.83563E-1
4.93389E-2 9.11862E-2 6.62317E-2 5.27651E-2 1.21171E-1 1.40248E-1 8.99788E-2 1.34549E-1 4.04275E-2 1.83276E-1 1.85562E-1 2.60221E-1 2.28012E-1 9.05282E-2 1.47062E-1 5.05674E-2 1.0933E-1 6.24793E-2 5.38587E-2 7.63226E-2 2.11773E-1 1.75363E-1 1.80847E-1 1.85643E-1 2.12693E-1 2.87906E-1 3.49028E-1 3.88421E-1 3.16196E-1 3.7003E-1 5.42238E-1 5.87051E-1 5.04958E-1 4.56089E-1 5.22282E-1 4.05413E-1 2.39026E-1 2.27083E-1 2.56154E-1 2.27656E-1 2.31813E-1 2.68261E-1 2.12343E-1 2.60164E-1 2.82032E-1 2.88381E-1 2.80913E-1 3.19931E-1 3.97734E-1 3.00561E-1 3.61612E-1 4.99904E-1 4.84165E-1 4.88332E-1 4.14795E-1 2.71244E-1 2.63319E-1 2.44822E-1 2.37026E-1 2.35394E-1 2.49642E-1
3.42004E-2 7.78689E-2 6.01335E-2 7.32145E-2 1.03994E-1 6.53022E-2 1.29102E-1 1.07137E-1 5.99601E-2 9.51131E-2 1.92938E-1 2.40173E-1 2.00357E-1 3.22614E-2 4.56418E-2 8.05917E-2 1.61127E-1 9.87205E-2 1.49535E-1 1.96242E-1 1.98986E-1 1.8268E-1 1.46458E-1 2.31399E-1 2.50625E-1 3.98868E-1 4.05163E-1 4.80889E-1 4.52128E-1 3.16536E-1 5.7456E-1 4.38636E-1 4.82017E-1 5.31528E-1 2.64668E-1 2.39133E-1 2.24903E-1 2.4635E-1 2.89174E-1 3.06363E-1 3.00738E-1 2.51857E-1 2.31454E-1 2.3207E-1 2.77852E-1 2.79757E-1 2.8619E-1 2.93716E-1 3.34799E-1 3.22192E-1 3.07587E-1 5.06966E-1 4.43067E-1 4.88553E-1 3.03567E-1 2.69769E-1 2.64008E-1 2.49027E-1 2.34376E-1 2.35737E-1 2.45079E-1
8.77674E-2 9.18283E-2 5.77805E-2 4.59113E-2 3.89062E-2 9.42572E-2 7.35374E-2 1.10293E-1 2.63759E-2 4.99211E-2 1.63657E-1 2.41666E-1 1.9556E-1 1.71195E-2 2.81036E-2 1.67762E-2 5.83075E-2 1.08326E-2 3.30275E-2 3.28821E-2 4.81861E-2 2.02241E-1 1.49025E-1 5.40559E-1 5.43779E-1 4.50385E-1 3.97104E-1 4.00378E-1 4.81459E-1 4.19483E-1 5.7382E-1 5.17956E-1 5.57014E-1 5.50222E-1 4.2385E-1 4.43621E-1 3.13028E-1 2.65315E-1 2.77795E-1 4.62521E-1 3.84829E-1 4.83063E-1 3.97633E-1 2.81148E-1 2.56174E-1 2.86062E-1 2.77596E-1 2.87906E-1 2.71134E-1 3.08609E-1 3.44061E-1 4.95359E-1 4.71262E-1 4.3452E-1 2.94576E-1 2.924E-1 2.64408E-1 2.47833E-1 2.4675E-1 2.66492E-1 2.82829E-1
6.25771E-2 1.0802E-1 3.52652E-2 3.58123E-2 3.57363E-2 3.067E-2 3.46579E-2 4.81897E-2 3.46644E-2 1.79007E-2 1.69598E-1 2.47289E-1 1.83086E-1 2.28627E-2 6.0992E-3 3.20562E-2 1.22441E-2 3.73423E-3 2.99304E-2 1.89468E-2 4.69811E-2 1.44598E-1 2.69948E-1 4.91196E-1 3.87932E-1 2.95817E-1 2.54361E-1 2.983E-1 2.69121E-1 3.92288E-1 5.50007E-1 5.70184E-1 5.44021E-1 4.84077E-1 5.12646E-1 5.04051E-1 2.76693E-1 4.97947E-1 2.76771E-1 2.93337E-1 4.31116E-1 5.53611E-1 4.63686E-1 5.64163E-1 3.24712E-1 2.8174E-1 2.92275E-1 3.34477E-1 3.31448E-1 2.95323E-1 3.4653E-1 5.08194E-1 5.12076E-1 3.94555E-1 3.05466E-1 3.27141E-1 2.59558E-1 2.63753E-1 2.30287E-1 2.37822E-1 2.82622E-1
8.55693E-2 1.00297E-1 4.92162E-2 5.80786E-2 4.27537E-2 5.96827E-2 2.44984E-2 2.8205E-2 8.94945E-2 6.02224E-2 4.67778E-2 2.1105E-1 1.48075E-1 1.24943E-2 3.65076E-3 1.2917E-3 2.03439E-3 3.25617E-3 5.37378E-3 1.27159E-2 2.48398E-2 1.40215E-1 1.52699E-1 1.85955E-1 1.95769E-1 2.48077E-1 2.24423E-1 4.11387E-1 2.75098E-1 2.56853E-1 2.72753E-1 5.53566E-1 5.73867E-1 5.3359E-1 5.05532E-1 3.82067E-1 4.62415E-1 5.61611E-1 5.75033E-1 5.85589E-1 5.58847E-1 5.75073E-1 5.7249E-1 5.45872E-1 5.56483E-1 3.05336E-1 2.95838E-1 3.79268E-1 5.67741E-1 5.64995E-1 4.91635E-1 3.33531E-1 4.15514E-1 4.58847E-1 2.61102E-1 3.05598E-1 2.78184E-1 3.07579E-1 2.89178E-1 2.66631E-1 2.91381E-1
1.05451E-1 1.0672E-1 6.19635E-2 5.34412E-2 6.95046E-2 8.19457E-2 3.57425E-2 2.9878E-2 8.15648E-2 4.13743E-2 8.47368E-3 1.64393E-1 9.1371E-2 1.03998E-1 3.12737E-3 8.1217E-4 4.27284E-3 1.57906E-3 1.0184E-3 5.85499E-3 8.18474E-2 9.33138E-2 1.16994E-1 1.38092E-1 1.38022E-1 3.6142E-1 4.02183E-1 2.56217E-1 2.18838E-1 2.4426E-1 4.3367E-1 6.01072E-1 5.10474E-1 5.60852E-1 5.48956E-1 5.25963E-1 4.94519E-1 4.60484E-1 5.42026E-1 3.93361E-1 3.33308E-1 2.79847E-1 5.52515E-1 5.30946E-1 5.84256E-1 3.11542E-1 2.95594E-1 2.89362E-1 3.29344E-1 4.99094E-1 5.45981E-1 4.00451E-1 4.36359E-1 4.00183E-1 2.95094E-1 2.97042E-1 3.02631E-1 3.12216E-1 2.86586E-1 2.85231E-1 2.54366E-1
7.06843E-2 1.32302E-1 1.27701E-1 1.10112E-1 2.65679E-2 4.29436E-2 5.25429E-2 4.80029E-2 5.72488E-2 3.56021E-2 1.30119E-2 7.55688E-2 1.32598E-1 1.14413E-1 1.58691E-2 1.12203E-3 1.16984E-2 1.91497E-3 1.37723E-3 4.19653E-3 1.00747E-2 5.49411E-2 9.98217E-2 1.11288E-1 1.72416E-1 2.35747E-1 3.14479E-1 2.56603E-1 2.28958E-1 2.99367E-1 5.61111E-1 5.62224E-1 5.53015E-1 5.54954E-1 5.10738E-1 5.50003E-1 5.5641E-1 5.14769E-1 5.10994E-1 5.7265E-1 5.88386E-1 2.84682E-1 5.55425E-1 4.84201E-1 4.90763E-1 3.92066E-1 4.3069E-1 2.87718E-1 3.00847E-1 2.96812E-1 4.83775E-1 3.98104E-1 4.57009E-1 4.5465E-1 3.61597E-1 2.70708E-1 2.912E-1 3.02709E-1 3.27431E-1 2.9129E-1 2.84608E-1
1.06303E-1 1.238E-1 4.15653E-2 5.75264E-2 1.20975E-1 9.66434E-2 6.77571E-2 7.61229E-2 6.72798E-2 5.8333E-2 5.94557E-2 1.70533E-2 6.16033E-2 1.44731E-1 4.36347E-3 4.22241E-3 2.63184E-3 3.0587E-3 8.05944E-3 1.0545E-2 5.69417E-2 5.73616E-2 6.0251E-2 1.10514E-1 2.3926E-1 3.1257E-1 2.54159E-1 3.82414E-1 4.85394E-1 5.55503E-1 5.47771E-1 5.28157E-1 5.33787E-1 5.11278E-1 4.62879E-1 5.46267E-1 5.4623E-1 5.46711E-1 5.12185E-1 5.61793E-1 5.71278E-1 3.65741E-1 5.49023E-1 5.66411E-1 5.52608E-1 5.67902E-1 5.09396E-1 5.5292E-1 5.02532E-1 5.65335E-1 5.53094E-1 4.2252E-1 5.02564E-1 4.67826E-1 4.68294E-1 3.75246E-1 3.21453E-1 3.27225E-1 3.23979E-1 3.33303E-1 3.37972E-1
1.20845E-1 1.23518E-1 4.20903E-2 7.21604E-2 8.01008E-2 7.62062E-2 7.33029E-2 5.45661E-2 7.88981E-2 7.27978E-2 1.14478E-1 1.26465E-2 3.5158E-2 1.53782E-1 3.37449E-2 2.89025E-3 2.00754E-3 2.7693E-3 5.20206E-3 7.05865E-3 1.99534E-2 5.70443E-2 8.42794E-2 9.10395E-2 2.12469E-1 1.80737E-1 3.86074E-1 3.56987E-1 5.34804E-1 4.70584E-1 5.08107E-1 5.3241E-1 5.10588E-1 4.05575E-1 4.58313E-1 5.15483E-1 4.73475E-1 5.10906E-1 5.10628E-1 5.07122E-1 5.75464E-1 5.07017E-1 5.31335E-1 5.64563E-1 5.0446E-1 5.88528E-1 4.58872E-1 5.42724E-1 5.30806E-1 5.73714E-1 5.79775E-1 5.7981E-1 5.47264E-1 5.44196E-1 3.93332E-1 3.28914E-1 3.6946E-1 3.38865E-1 3.3146E-1 3.12021E-1 2.94529E-1
1.37127E-1 1.21276E-1 9.89558E-2 1.12364E-1 3.78373E-2 2.20649E-2 6.15122E-2 3.23848E-2 7.76939E-2 4.43332E-2 9.3578E-2 3.7112E-2 3.03483E-2 1.36581E-1 6.85669E-2 1.08749E-3 1.08878E-3 7.59859E-3 1.12087E-3 2.88531E-3 3.48359E-3 1.2086E-2 4.48856E-2 9.39186E-2 1.24069E-1 4.43017E-1 3.61609E-1 1.85998E-1 1.72148E-1 2.18125E-1 5.21481E-1 4.44396E-1 4.76128E-1 4.65045E-1 5.30778E-1 5.22815E-1 4.62133E-1 5.21316E-1 3.83881E-1 5.08012E-1 5.12557E-1 5.54321E-1 5.54208E-1 5.52698E-1 4.24921E-1 4.328E-1 5.08625E-1 5.55704E-1 5.31817E-1 4.50373E-1 5.34926E-1 4.73793E-1 5.53858E-1 5.44587E-1 3.2794E-1 3.0918E-1 2.97188E-1 2.91512E-1 3.51437E-1 3.75441E-1 3.24642E-1
1.7276E-1 1.54981E-1 1.13713E-1 8.52007E-2 7.96295E-2 6.30731E-2 3.53982E-2 4.14844E-2 5.90279E-2 6.53957E-2 5.69485E-2 4.77604E-3 2.26533E-2 1.53871E-1 1.01865E-1 2.55761E-3 9.75429E-3 3.90842E-3 4.35011E-3 7.58244E-3 1.84259E-2 3.08371E-2 4.03159E-2 1.05207E-1 4.15588E-2 8.93149E-2 2.37197E-1 1.40008E-1 1.53578E-1 1.80804E-1 4.21506E-1 1.99902E-1 4.29003E-1 5.38904E-1 3.07118E-1 2.60584E-1 2.7456E-1 3.9291E-1 3.18684E-1 5.74311E-1 5.63291E-1 5.01574E-1 5.78558E-1 5.88345E-1 4.70609E-1 5.35745E-1 4.39983E-1 5.75729E-1 5.35077E-1 4.84707E-1 5.07983E-1 5.56517E-1 5.24396E-1 5.33315E-1 4.81801E-1 3.01878E-1 3.35542E-1 3.4162E-1 3.40112E-1 3.583E-1 2.97107E-1
7.97524E-2 1.5332E-1 1.32735E-1 1.00631E-1 8.4382E-2 7.45891E-2 7.60325E-2 3.83451E-2 5.83984E-2 4.93591E-2 1.75398E-2 2.41263E-2 3.9025E-2 1.25917E-1 7.23105E-2 3.80921E-2 5.40548E-4 1.59797E-3 5.79702E-3 6.61373E-3 2.27284E-2 2.92398E-2 1.34542E-1 7.21322E-2 8.78746E-2 6.99224E-2 1.66254E-1 1.54267E-1 1.73611E-1 1.85193E-1 3.55704E-1 2.80535E-1 4.97799E-1 5.38319E-1 3.15491E-1 2.36014E-1 2.36076E-1 2.59087E-1 2.62771E-1 5.27708E-1 5.0609E-1 3.88626E-1 4.97135E-1 5.14868E-1 5.96611E-1 6.01945E-1 5.28506E-1 4.16082E-1 5.83263E-1 5.42301E-1 4.52357E-1 4.37881E-1 4.76501E-1 4.9271E-1 4.5723E-1 3.00505E-1 2.7017E-1 3.24124E-1 3.07393E-1 3.0781E-1 2.84419E-1
1.7645E-1 2.11523E-1 1.51136E-1 1.72159E-1 1.06803E-1 9.60966E-2 8.11393E-2 7.54155E-2 6.14405E-2 2.47949E-2 4.36486E-2 2.81041E-2 5.04181E-2 8.03467E-2 2.34095E-2 3.31429E-2 5.03149E-3 3.06656E-3 9.1965E-3 1.86639E-2 4.03115E-2 4.25063E-2 1.8147E-1 6.87492E-2 1.06535E-1 1.14526E-1 1.01855E-1 1.4886E-1 1.62978E-1 1.73152E-1 1.9314E-1 2.29136E-1 4.1491E-1 4.2372E-1 2.16181E-1 2.23861E-1 2.47555E-1 2.58361E-1 2.5749E-1 3.19645E-1 5.89285E-1 4.53543E-1 4.58296E-1 4.93902E-1 4.21734E-1 4.45246E-1 4.1258E-1 5.462E-1 4.52939E-1 5.4817E-1 4.13275E-1 5.39804E-1 4.53813E-1 5.51857E-1 3.57633E-1 2.84972E-1 2.94883E-1 3.14479E-1 3.06961E-1 2.8513E-1 2.91202E-1
