Candidate_Models_Sept202022/M_5_F_lqp_Set_1_all/Bison.asc
ncols         97
nrows         127
xllcorner     -2197417.7431653
yllcorner     -584827.01486885
cellsize      30000.0
NODATA_value  -9999
[rows 54 to 80 of 127, columns 0 to 60 of 97]
-9999 -9999 -9999 -9999 6.29923E-6 4.60781E-6 2.79838E-6 4.59334E-6 4.13325E-6 2.2937E-6 3.24275E-6 1.03715E-5 2.01341E-5 4.19924E-5 2.26993E-5 8.21665E-6 1.12622E-5 2.14958E-5 2.22991E-5 2.75067E-5 3.75487E-5 2.96238E-5 2.30689E-5 1.83793E-5 2.35413E-5 4.30006E-5 3.4075E-5 2.63507E-5 4.4813E-5 3.64659E-5 4.18575E-5 5.10254E-5 5.88946E-5 5.98001E-5 4.96249E-5 4.66741E-5 4.82984E-5 4.61048E-5 5.43688E-5 6.44102E-5 9.58212E-5 1.40622E-4 7.85906E-5 4.65096E-5 3.91418E-5 3.93425E-5 3.91352E-5 3.55131E-5 3.66491E-5 3.54224E-5 3.47588E-5 3.14008E-5 2.86286E-5 4.11617E-5 4.10043E-5 3.61413E-5 3.51062E-5 3.03263E-5 2.86034E-5 1.9517E-5 1.69748E-5
-9999 -9999 -9999 -9999 -9999 2.6281E-6 1.82029E-6 3.95832E-6 3.95122E-6 2.9603E-6 2.45425E-6 7.87795E-6 2.41425E-5 3.35305E-5 2.2378E-5 1.05105E-5 7.23945E-6 8.42821E-6 3.01085E-5 1.13404E-5 3.94167E-5 3.29708E-5 2.45645E-5 3.33406E-5 2.02558E-5 2.32628E-5 2.91727E-5 3.8707E-5 6.02537E-5 5.57186E-5 6.31064E-5 5.89313E-5 6.36468E-5 5.24654E-5 5.05367E-5 5.41289E-5 5.63461E-5 4.959E-5 6.43927E-5 5.69411E-5 9.57069E-5 2.55166E-4 6.32262E-5 4.41593E-5 4.63642E-5 4.56725E-5 3.8422E-5 3.76689E-5 3.96144E-5 4.02203E-5 4.3874E-5 4.68101E-5 4.25099E-5 4.24844E-5 3.97912E-5 3.2729E-5 2.98528E-5 2.69024E-5 2.49759E-5 2.05907E-5 2.26873E-5
-9999 -9999 -9999 -9999 -9999 4.78292E-6 3.48488E-6 4.46421E-6 4.89038E-6 4.02129E-6 1.14515E-6 4.39083E-6 7.02912E-6 1.44111E-5 2.96811E-5 1.35497E-5 1.7059E-5 2.05878E-5 2.24494E-5 2.4237E-5 2.88619E-5 2.33967E-5 1.96187E-5 2.52542E-5 2.17672E-5 3.25134E-5 3.34975E-5 4.65919E-5 8.3411E-5 5.74535E-5 7.19413E-5 7.58959E-5 7.8324E-5 7.02468E-5 7.15855E-5 8.08866E-5 5.47236E-5 4.7087E-5 5.77087E-5 4.81278E-5 8.90597E-5 5.90166E-5 4.38354E-5 4.70916E-5 4.60057E-5 4.35044E-5 3.93732E-5 3.61693E-5 3.38842E-5 4.28838E-5 4.36085E-5 4.37037E-5 4.19143E-5 4.84975E-5 3.5553E-5 3.13418E-5 3.38481E-5 2.98028E-5 2.66245E-5 2.54228E-5 2.51388E-5
-9999 -9999 -9999 -9999 -9999 -9999 6.39952E-6 -9999 8.90728E-6 1.4552E-6 1.07172E-6 3.67544E-6 1.26958E-5 1.36576E-5 8.82548E-6 2.59064E-5 1.18047E-5 2.156E-5 2.52807E-5 3.26831E-5 2.11596E-5 2.16626E-5 2.14869E-5 3.74421E-5 2.49269E-5 3.00885E-5 1.68946E-5 4.59878E-5 5.55E-5 6.77348E-5 1.38869E-4 1.3813E-4 9.77245E-5 8.41221E-5 7.94807E-5 7.88391E-5 7.81135E-5 5.44212E-5 5.95352E-5 4.38193E-5 5.22292E-5 5.5989E-5 5.43279E-5 5.19304E-5 4.66175E-5 4.63248E-5 4.62313E-5 5.31747E-5 5.98387E-5 4.13554E-5 4.4142E-5 6.37031E-5 4.14306E-5 3.50099E-5 3.41295E-5 3.72782E-5 3.57723E-5 3.4709E-5 3.27106E-5 2.93364E-5 2.45955E-5
-9999 -9999 -9999 8.42072E-6 -9999 -9999 -9999 -9999 -9999 3.53536E-6 3.87955E-6 3.7531E-6 4.8106E-6 9.32379E-6 1.20745E-5 1.56106E-5 1.31816E-5 2.34205E-5 2.44984E-5 3.86566E-5 2.19123E-5 2.72259E-5 1.63264E-5 4.26108E-5 1.67009E-5 1.72147E-5 1.90477E-5 3.3507E-5 9.94738E-5 6.75778E-5 2.23164E-4 1.86072E-4 9.41401E-5 7.38785E-5 6.22948E-5 8.52607E-5 7.75519E-5 9.85342E-5 2.31809E-4 5.66017E-5 5.89728E-5 5.66781E-5 5.63984E-5 5.39279E-5 5.18228E-5 5.40246E-5 5.60516E-5 5.04571E-5 5.15963E-5 4.56028E-5 4.54382E-5 4.48308E-5 4.73845E-5 3.59947E-5 3.69715E-5 4.36711E-5 3.63134E-5 5.29665E-5 4.28941E-5 3.15934E-5 2.9631E-5
-9999 -9999 -9999 5.3858E-6 1.20579E-5 1.36274E-5 -9999 -9999 -9999 5.26306E-6 2.59172E-6 8.37647E-6 7.84346E-6 1.14413E-5 1.01045E-5 1.93329E-5 1.19035E-5 1.80245E-5 3.5591E-5 3.16822E-5 2.4773E-5 2.55969E-5 2.36121E-5 4.14133E-5 2.66606E-5 1.88357E-5 2.14054E-5 3.77778E-5 1.3648E-4 1.10987E-4 3.16603E-4 2.37391E-4 1.00462E-4 8.6584E-5 8.65298E-5 7.02007E-5 7.61621E-5 2.42681E-4 1.35812E-4 5.98827E-5 6.24682E-5 7.32983E-5 5.80182E-5 5.2237E-5 5.68699E-5 5.05048E-5 5.54809E-5 5.25592E-5 5.21346E-5 6.24506E-5 5.69328E-5 5.27555E-5 3.75733E-5 3.70819E-5 3.78007E-5 4.52876E-5 6.91845E-5 6.1072E-5 4.32113E-5 4.17351E-5 4.12647E-5
-9999 -9999 -9999 4.92887E-6 1.20142E-5 1.73267E-5 1.16304E-5 -9999 -9999 6.50193E-6 3.53424E-6 8.99143E-6 8.17261E-6 9.36297E-6 8.96675E-6 1.60867E-5 2.09514E-5 3.1947E-5 3.66347E-5 2.66933E-5 3.61282E-5 4.00436E-5 3.70497E-5 2.80269E-5 4.28964E-5 1.87279E-5 3.75208E-5 3.55525E-5 7.3869E-5 7.24668E-5 2.62066E-4 4.97946E-4 2.38989E-4 2.38856E-4 2.93633E-4 1.11747E-4 1.37341E-4 1.58438E-4 7.86969E-5 7.36511E-5 7.80391E-5 7.12861E-5 6.42791E-5 5.76273E-5 5.45523E-5 5.51561E-5 5.4864E-5 6.16518E-5 5.96712E-5 9.91969E-5 1.19555E-4 8.69986E-5 5.87484E-5 7.78204E-5 4.30698E-5 4.29265E-5 4.9761E-5 5.31117E-5 5.0717E-5 4.98064E-5 3.80193E-5
-9999 -9999 -9999 2.56988E-6 1.0402E-5 1.37917E-5 -9999 -9999 1.04877E-5 3.79605E-6 1.67473E-6 3.91101E-6 6.68955E-6 9.53072E-6 1.08098E-5 2.07413E-5 5.58587E-5 3.96356E-5 4.09263E-5 2.55859E-5 3.33176E-5 3.8853E-5 4.68551E-5 4.02896E-5 4.40654E-5 2.0212E-5 2.47287E-5 2.93458E-5 5.00341E-5 1.47499E-4 3.99371E-4 6.02317E-4 4.72719E-4 3.52249E-4 3.69797E-4 2.79135E-4 2.27841E-4 2.48443E-4 1.29478E-4 9.42022E-5 9.58044E-5 9.37167E-5 7.38582E-5 6.55452E-5 5.68355E-5 7.43345E-5 6.81854E-5 6.63456E-5 8.50503E-5 1.14232E-4 1.02862E-4 6.15165E-5 4.9846E-5 4.17214E-5 4.818E-5 4.67148E-5 5.09481E-5 4.50217E-5 5.34807E-5 4.20317E-5 4.18768E-5
-9999 -9999 -9999 2.63361E-6 1.03727E-5 -9999 -9999 1.66007E-5 8.00222E-6 3.48268E-6 3.10062E-6 3.4497E-6 7.25583E-6 9.36308E-6 1.23454E-5 2.83075E-5 3.98227E-5 3.61968E-5 4.29621E-5 3.58815E-5 3.6056E-5 4.79341E-5 4.93261E-5 5.09636E-5 4.76092E-5 2.47625E-5 4.12033E-5 4.02564E-5 3.88161E-5 4.78412E-5 1.70799E-4 4.50858E-4 2.22482E-4 3.14215E-4 6.10158E-4 4.68743E-4 3.9138E-4 6.30593E-4 2.53675E-4 1.03556E-4 9.54951E-5 7.7403E-5 6.94338E-5 6.14177E-5 6.79817E-5 8.86844E-5 7.4769E-5 5.84524E-5 5.77327E-5 7.87444E-5 8.7697E-5 4.72878E-5 3.70273E-5 4.34118E-5 4.43113E-5 4.56083E-5 4.88165E-5 4.52499E-5 4.10598E-5 4.12222E-5 4.96977E-5
-9999 -9999 -9999 2.13696E-6 3.63345E-6 -9999 -9999 -9999 8.65655E-6 3.23909E-6 2.74747E-6 4.69719E-6 3.09544E-6 2.50388E-5 2.7375E-5 2.94635E-5 3.8544E-5 4.65369E-5 5.33048E-5 3.28525E-5 4.19235E-5 4.84162E-5 5.42251E-5 5.1515E-5 4.61664E-5 2.40099E-5 1.89124E-5 1.95241E-5 3.51424E-5 3.93111E-5 5.86676E-5 2.26509E-4 3.36938E-4 3.60648E-4 6.06323E-4 5.93592E-4 3.96289E-4 3.80659E-4 1.27876E-4 1.06356E-4 9.28385E-5 9.1731E-5 8.02338E-5 7.11036E-5 7.78989E-5 8.70118E-5 1.00666E-4 6.82933E-5 7.28579E-5 9.00793E-5 8.81729E-5 6.00899E-5 6.46162E-5 5.69235E-5 5.41816E-5 5.01922E-5 4.79191E-5 4.79736E-5 4.62904E-5 5.43874E-5 5.23258E-5
-9999 -9999 -9999 2.66414E-6 5.94805E-6 -9999 -9999 -9999 1.1763E-5 4.91163E-6 4.39891E-6 3.11622E-6 8.69056E-6 2.16513E-5 2.2663E-5 4.01714E-5 4.04659E-5 4.86272E-5 5.4748E-5 3.94355E-5 3.96946E-5 5.85067E-5 6.20555E-5 6.1421E-5 5.4788E-5 4.68246E-5 1.7113E-5 2.90274E-5 3.01286E-5 5.78065E-5 7.50355E-5 2.78156E-4 3.9874E-4 4.56346E-4 3.63773E-4 3.48509E-4 2.63281E-4 4.37698E-4 1.59034E-4 1.76634E-4 1.10508E-4 1.0787E-4 9.05989E-5 7.75703E-5 1.19378E-4 1.22098E-4 1.13526E-4 7.99347E-5 8.58738E-5 1.06686E-4 1.08623E-4 6.48489E-5 6.1046E-5 5.60258E-5 5.69107E-5 5.65341E-5 4.98325E-5 4.66537E-5 4.47804E-5 4.20957E-5 4.86481E-5
-9999 -9999 -9999 1.78485E-6 7.0291E-6 -9999 -9999 -9999 1.1456E-5 7.31498E-6 1.53005E-6 3.83126E-6 5.96084E-6 1.89849E-5 4.22673E-5 3.2986E-5 4.04826E-5 5.54545E-5 4.4153E-5 4.37523E-5 7.44233E-5 1.10513E-4 6.87644E-5 6.55704E-5 5.51143E-5 4.76326E-5 2.87285E-5 3.47988E-5 3.16853E-5 5.10212E-5 7.0656E-5 1.38511E-4 2.85211E-4 4.81813E-4 2.69893E-4 3.87308E-4 1.65825E-4 3.26997E-4 3.49064E-4 1.72719E-4 9.09329E-5 8.90666E-5 8.55417E-5 9.08067E-5 7.87788E-5 8.19374E-5 8.48913E-5 9.77238E-5 1.15164E-4 9.6896E-5 7.71767E-5 7.02002E-5 6.40182E-5 6.01335E-5 6.02604E-5 5.80597E-5 5.11639E-5 5.68936E-5 5.19681E-5 4.95941E-5 8.44523E-5
-9999 -9999 -9999 -9999 2.95628E-6 -9999 -9999 -9999 -9999 8.39573E-6 2.77327E-6 3.02794E-6 8.2067E-6 5.73547E-6 2.14862E-5 3.87356E-5 4.75801E-5 5.61443E-5 5.44953E-5 7.1347E-5 5.96104E-5 1.87116E-4 1.06033E-4 7.28813E-5 8.64743E-5 5.00092E-5 2.92239E-5 2.13058E-5 4.12802E-5 3.28634E-5 4.24589E-5 6.5014E-5 8.38646E-5 9.8343E-5 9.40394E-5 1.13619E-4 3.29763E-4 2.38968E-4 1.14961E-4 8.41524E-5 1.25485E-4 8.13685E-5 1.17104E-4 9.39646E-5 8.61607E-5 1.10138E-4 9.22081E-5 1.02902E-4 1.03754E-4 9.50629E-5 1.27584E-4 7.35045E-5 6.8188E-5 6.27622E-5 6.20058E-5 6.42198E-5 6.01657E-5 5.47796E-5 5.12147E-5 4.70485E-5 4.65771E-5
-9999 -9999 -9999 -9999 7.72625E-6 -9999 -9999 -9999 -9999 1.24928E-5 4.32152E-6 2.62966E-6 1.50152E-5 8.74375E-6 1.46285E-5 3.52452E-5 5.11767E-5 5.24545E-5 5.75543E-5 5.36035E-5 6.86977E-5 9.04246E-5 7.37932E-5 1.31384E-4 1.95443E-4 6.43134E-5 4.03354E-5 2.97809E-5 3.15053E-5 3.29218E-5 2.53174E-5 4.7179E-5 7.59345E-5 1.06205E-4 8.62803E-5 8.78673E-5 1.5753E-4 9.64903E-5 7.81062E-5 6.89698E-5 1.00564E-4 9.64048E-5 1.06024E-4 1.28394E-4 9.21112E-5 1.05933E-4 1.67104E-4 1.0602E-4 1.02273E-4 1.06211E-4 1.10976E-4 8.10687E-5 7.53746E-5 7.09622E-5 6.86262E-5 7.25191E-5 6.59493E-5 5.93581E-5 5.63419E-5 5.11295E-5 4.88295E-5
-9999 -9999 -9999 -9999 -9999 -9999 -9999 -9999 -9999 8.80629E-6 7.05579E-6 1.82326E-6 6.83966E-6 5.38303E-6 6.4291E-6 2.43934E-5 5.77098E-5 5.86031E-5 5.23365E-5 6.73101E-5 6.17727E-5 6.54436E-5 7.48743E-5 6.81414E-5 5.57028E-5 2.99169E-5 2.06503E-5 3.57657E-5 2.32658E-5 3.01139E-5 4.10852E-5 3.47095E-5 3.73941E-5 7.16647E-5 6.73886E-5 9.13418E-5 1.5237E-4 1.38095E-4 8.66273E-5 1.07552E-4 1.35974E-4 1.04175E-4 1.20399E-4 1.38657E-4 2.4207E-4 2.93096E-4 2.84179E-4 1.30809E-4 9.79562E-5 9.50387E-5 1.05765E-4 1.0513E-4 8.30085E-5 7.25674E-5 7.19596E-5 6.76224E-5 6.85475E-5 6.65391E-5 5.96853E-5 6.11402E-5 5.61895E-5
-9999 -9999 -9999 -9999 -9999 -9999 -9999 -9999 -9999 -9999 8.4395E-6 2.45508E-6 2.61894E-6 7.11011E-6 1.13232E-5 4.12486E-5 5.62567E-5 4.97486E-5 6.63852E-5 6.32245E-5 5.4574E-5 5.44058E-5 6.97739E-5 6.6427E-5 5.57097E-5 2.60499E-5 2.49116E-5 2.34924E-5 2.58191E-5 3.11335E-5 4.30739E-5 2.59093E-5 5.9384E-5 8.3254E-5 9.53777E-5 9.63314E-5 1.29443E-4 1.39015E-4 9.89141E-5 1.23213E-4 1.32795E-4 2.27941E-4 2.47422E-4 3.21402E-4 4.17233E-4 4.25348E-4 2.86979E-4 3.96843E-4 1.08057E-4 9.29898E-5 1.40337E-4 1.06769E-4 8.80093E-5 8.29592E-5 7.502E-5 6.51837E-5 7.75032E-5 8.39221E-5 7.29941E-5 6.71734E-5 6.65149E-5
-9999 -9999 -9999 -9999 -9999 -9999 -9999 -9999 -9999 -9999 6.93924E-6 2.9582E-6 2.15148E-6 4.87741E-6 1.16533E-5 9.1557E-6 6.5122E-5 7.75725E-5 6.11955E-5 6.49981E-5 5.21522E-5 5.18998E-5 7.24672E-5 9.17871E-5 4.83371E-5 2.38546E-5 1.83587E-5 1.00585E-5 1.84678E-5 4.67214E-5 3.89955E-5 3.88184E-5 4.35113E-5 7.50249E-5 8.80508E-5 1.10387E-4 8.63754E-5 9.31038E-5 1.00439E-4 2.3925E-4 2.92049E-4 3.97555E-4 3.49934E-4 4.03404E-4 3.96216E-4 3.52444E-4 1.63488E-4 2.67459E-4 1.954E-4 2.58542E-4 2.69222E-4 1.49401E-4 8.41769E-5 8.38412E-5 7.5452E-5 7.48894E-5 7.40163E-5 7.09133E-5 7.08637E-5 6.80922E-5 7.12573E-5
-9999 -9999 -9999 -9999 -9999 -9999 -9999 -9999 -9999 -9999 5.29544E-6 1.79067E-6 2.81704E-6 4.9002E-6 5.89603E-5 6.31859E-5 8.17901E-5 8.99739E-5 6.9669E-5 7.02941E-5 6.0865E-5 6.50131E-5 7.40322E-5 7.89926E-5 5.87764E-5 2.65711E-5 1.69106E-5 2.00875E-5 2.693E-5 2.23777E-5 4.07016E-5 6.39894E-5 5.07082E-5 4.31494E-5 8.36027E-5 9.77271E-5 1.47454E-4 2.14183E-4 2.55927E-4 2.3842E-4 3.73503E-4 4.0359E-4 4.89756E-4 4.46383E-4 4.83065E-4 4.94948E-4 4.18173E-4 3.74992E-4 3.72567E-4 4.18563E-4 4.82845E-4 3.03578E-4 2.08962E-4 1.75594E-4 1.70711E-4 8.46371E-5 7.5533E-5 7.23684E-5 7.63527E-5 7.34678E-5 8.07452E-5
-9999 -9999 -9999 -9999 -9999 -9999 -9999 -9999 -9999 -9999 5.77184E-6 1.32595E-6 2.72725E-6 4.92065E-6 2.48272E-5 2.05404E-5 5.87645E-5 7.13658E-5 6.52061E-5 8.21558E-5 9.49213E-5 7.78331E-5 7.02473E-5 7.5622E-5 5.10216E-5 2.39851E-5 1.88643E-5 1.93127E-5 6.05051E-5 2.6568E-5 2.46784E-5 7.48805E-5 5.40538E-5 3.29741E-5 8.7743E-5 9.44296E-5 1.45227E-4 1.89083E-4 1.81777E-4 2.48983E-4 3.85612E-4 4.78027E-4 6.28635E-4 5.12589E-4 6.90606E-4 5.52201E-4 5.00241E-4 4.99728E-4 5.53173E-4 4.67095E-4 2.11545E-4 1.5289E-4 1.5004E-4 2.52086E-4 3.22617E-4 2.58626E-4 9.33992E-5 8.35446E-5 8.10353E-5 7.32457E-5 8.28241E-5
-9999 -9999 -9999 -9999 -9999 -9999 -9999 -9999 -9999 -9999 3.49708E-6 1.73341E-6 4.29081E-6 2.59043E-5 7.7387E-5 1.17553E-5 5.90946E-5 4.82765E-5 6.57667E-5 1.01635E-4 1.2199E-4 8.55735E-5 8.00486E-5 5.94538E-5 7.81973E-5 4.91851E-5 2.39375E-5 2.06219E-5 3.3771E-5 6.39906E-5 2.89829E-5 2.91692E-5 4.41964E-5 5.17694E-5 8.07498E-5 1.30912E-4 1.22565E-4 1.29404E-4 1.62035E-4 2.37259E-4 4.48433E-4 6.64053E-4 6.71195E-4 7.8064E-4 8.39713E-4 4.68792E-4 4.1605E-4 4.73969E-4 3.74285E-4 5.97452E-4 4.76904E-4 2.15159E-4 1.55049E-4 3.47561E-4 1.84873E-4 1.56094E-4 8.92858E-5 1.16555E-4 9.15269E-5 7.79032E-5 8.74176E-5
-9999 -9999 -9999 -9999 -9999 -9999 -9999 -9999 1.08972E-5 8.63062E-6 7.2233E-6 3.31453E-6 1.91519E-6 5.17129E-6 1.87125E-5 6.06925E-5 5.61582E-5 4.95049E-5 4.90433E-5 8.00288E-5 9.18802E-5 1.02607E-4 9.68816E-5 7.48854E-5 8.38109E-5 6.79545E-5 2.38822E-5 1.57789E-5 1.6774E-5 2.88303E-5 1.65188E-5 2.16453E-5 5.45892E-5 4.00985E-5 6.42602E-5 6.02253E-5 8.89299E-5 1.48538E-4 1.33498E-4 2.67811E-4 4.80266E-4 6.94423E-4 5.77162E-4 5.41504E-4 6.13605E-4 4.23429E-4 4.20796E-4 4.85778E-4 4.87074E-4 4.05958E-4 5.56639E-4 4.5428E-4 3.95678E-4 3.26171E-4 1.65932E-4 1.37502E-4 1.94913E-4 1.62591E-4 1.66999E-4 8.79251E-5 1.03319E-4
-9999 -9999 -9999 -9999 -9999 -9999 -9999 -9999 4.77334E-6 4.42337E-6 9.9189E-6 7.09007E-6 4.44837E-6 1.9979E-6 2.72904E-6 2.28813E-5 2.40261E-5 7.05685E-5 4.28805E-5 5.78819E-5 8.41638E-5 8.74422E-5 9.88854E-5 8.15954E-5 8.19182E-5 5.1039E-5 2.9754E-5 2.46609E-5 2.3201E-5 1.90138E-5 5.32942E-5 1.55813E-5 4.35127E-5 5.96481E-5 1.04635E-4 4.77323E-5 7.88296E-5 1.14628E-4 1.28257E-4 1.28258E-4 3.54741E-4 5.59857E-4 5.05192E-4 5.46225E-4 5.26912E-4 4.67729E-4 4.05484E-4 4.57931E-4 4.67489E-4 5.77188E-4 5.39222E-4 5.1184E-4 4.69785E-4 3.89206E-4 3.61225E-4 3.11952E-4 3.9802E-4 3.10124E-4 3.57022E-4 3.31506E-4 3.76643E-4
-9999 -9999 -9999 -9999 -9999 -9999 -9999 -9999 1.91344E-6 1.3876E-6 2.39753E-6 2.4187E-6 3.80794E-6 2.30401E-6 2.50026E-6 1.30291E-5 2.57416E-5 7.18662E-5 5.0252E-5 5.51328E-5 7.6814E-5 6.10894E-5 6.77715E-5 8.48679E-5 9.51652E-5 9.48771E-5 3.70219E-5 3.76228E-5 3.17496E-5 2.43101E-5 3.40274E-5 3.4809E-5 3.80733E-5 8.13096E-5 1.49794E-4 1.29109E-4 5.02614E-5 8.15267E-5 1.1478E-4 3.32813E-4 5.6119E-4 5.45057E-4 5.83987E-4 6.38392E-4 6.72417E-4 5.1805E-4 4.51379E-4 4.15727E-4 6.02644E-4 6.11088E-4 7.41732E-4 5.96208E-4 4.8551E-4 3.82061E-4 4.3713E-4 3.63664E-4 4.04569E-4 3.41877E-4 3.64067E-4 4.71834E-4 5.50548E-4
-9999 -9999 -9999 -9999 -9999 -9999 -9999 -9999 -9999 1.78361E-6 1.56201E-6 2.02625E-6 3.05108E-6 4.9871E-6 2.51089E-6 2.36845E-6 1.53786E-5 7.02164E-5 1.67967E-4 9.35001E-5 3.21209E-5 3.66167E-5 3.3026E-5 7.68725E-5 6.48867E-5 7.28369E-5 4.55149E-5 2.10577E-5 2.32018E-5 1.94359E-5 1.42159E-5 2.28636E-5 3.22502E-5 2.8757E-5 7.52391E-5 6.59426E-5 7.59364E-5 8.1249E-5 1.36704E-4 6.32496E-4 5.19072E-4 6.50571E-4 7.11838E-4 6.81213E-4 5.44136E-4 4.5318E-4 5.91402E-4 6.281E-4 4.14622E-4 4.7409E-4 4.64518E-4 4.51335E-4 4.21668E-4 7.0471E-4 6.04029E-4 4.20134E-4 4.77856E-4 4.56729E-4 4.46834E-4 3.84814E-4 4.64258E-4
-9999 -9999 -9999 -9999 -9999 -9999 -9999 -9999 -9999 1.57332E-6 2.06045E-6 1.93623E-6 1.63169E-6 6.04148E-6 7.10598E-6 3.40274E-6 4.03549E-6 1.5035E-5 5.37494E-5 4.40883E-5 2.23178E-5 1.7199E-5 2.60709E-5 4.11689E-5 5.30592E-5 5.99542E-5 6.22654E-5 3.15479E-5 1.75137E-5 1.39073E-5 2.74448E-5 9.33174E-6 6.05666E-5 2.28827E-5 6.33778E-5 9.92771E-5 1.6333E-4 8.44604E-5 9.67294E-5 4.22655E-4 6.23862E-4 5.78804E-4 5.53204E-4 5.87712E-4 5.26014E-4 3.73159E-4 3.82239E-4 6.19763E-4 4.54778E-4 5.31064E-4 6.1069E-4 4.46444E-4 5.15162E-4 5.34163E-4 6.16642E-4 5.12155E-4 3.68134E-4 3.97078E-4 4.41376E-4 4.28717E-4 4.90593E-4
-9999 -9999 -9999 -9999 -9999 -9999 -9999 -9999 -9999 -9999 1.97432E-6 1.03759E-6 1.18343E-6 9.70837E-6 2.31035E-5 3.24686E-6 3.63112E-6 7.65782E-6 3.8966E-5 2.62689E-5 2.01481E-5 1.09456E-5 2.0014E-5 9.437E-5 6.32219E-5 6.32893E-5 4.15772E-5 2.19749E-5 1.61773E-5 1.49292E-5 1.71082E-5 1.49404E-5 1.98153E-5 2.80475E-5 3.20134E-5 7.36372E-5 1.16854E-4 1.02003E-4 1.93756E-4 4.43217E-4 4.84665E-4 5.26855E-4 5.76137E-4 5.81623E-4 3.36922E-4 3.13631E-4 3.07171E-4 4.47789E-4 4.2572E-4 4.54506E-4 6.60669E-4 6.19128E-4 5.65276E-4 6.6254E-4 4.53921E-4 5.28519E-4 5.95687E-4 3.91842E-4 4.34089E-4 5.21379E-4 4.60156E-4
-9999 -9999 -9999 -9999 -9999 -9999 -9999 -9999 -9999 -9999 2.44048E-6 1.17616E-6 1.80111E-6 4.4915E-6 2.68518E-5 8.7471E-6 2.63663E-6 3.25986E-6 1.67941E-5 1.85323E-5 1.70939E-5 2.03586E-5 1.8742E-5 3.3221E-5 1.02504E-4 1.61723E-4 1.26885E-4 4.49495E-5 4.40753E-5 2.37192E-5 9.87443E-6 1.95546E-5 3.5183E-5 4.02196E-5 2.59591E-5 4.81349E-5 7.24543E-5 8.79488E-5 1.0444E-4 5.43909E-4 5.25089E-4 5.83024E-4 6.56001E-4 7.69132E-4 5.61731E-4 3.68169E-4 2.79298E-4 3.00443E-4 3.95729E-4 3.79163E-4 4.67104E-4 5.18112E-4 5.40074E-4 5.91011E-4 5.40482E-4 4.5179E-4 5.35918E-4 5.50333E-4 5.62254E-4 4.26E-4 4.32783E-4
