Candidate_Models_Sept202022/M_5_F_lqp_Set_1_all/Bison.asc
ncols         97
nrows         127
xllcorner     -2197417.7431653
yllcorner     -584827.01486885
cellsize      30000.0
NODATA_value  -9999
[rows 81 to 107 of 127, columns 0 to 60 of 97]
-9999 -9999 -9999 -9999 -9999 -9999 -9999 -9999 -9999 -9999 -9999 3.79846E-6 1.64982E-6 3.77185E-6 2.00562E-5 1.05745E-5 5.80278E-6 2.42262E-6 7.54386E-6 3.02414E-5 1.39081E-5 2.64674E-5 1.03326E-5 2.721E-5 8.20089E-5 1.30966E-4 5.7664E-5 4.63755E-5 9.28455E-5 1.74912E-5 1.50716E-5 1.12396E-5 1.86008E-5 3.69581E-5 3.10546E-5 4.08031E-5 6.27002E-5 6.50096E-5 1.89407E-4 6.89011E-4 7.61911E-4 5.39463E-4 5.67343E-4 7.77654E-4 5.67559E-4 3.30213E-4 2.91145E-4 2.80898E-4 3.06174E-4 3.49908E-4 3.88134E-4 5.43986E-4 5.94555E-4 5.64723E-4 6.08536E-4 3.67553E-4 4.59887E-4 4.60169E-4 4.35156E-4 4.03972E-4 4.37296E-4
-9999 -9999 -9999 -9999 -9999 -9999 -9999 -9999 -9999 -9999 -9999 -9999 2.73552E-6 2.23458E-6 7.7781E-6 2.40887E-5 1.06804E-5 8.61573E-6 3.74276E-6 1.18348E-5 7.72457E-6 7.11428E-6 8.49572E-6 2.5054E-5 1.35746E-4 1.75172E-4 7.10623E-5 4.93182E-5 1.17002E-4 1.71694E-5 7.90805E-6 1.16756E-5 1.16344E-5 2.43747E-5 4.43075E-5 2.88714E-5 3.86925E-5 4.30862E-5 7.8706E-5 5.48431E-4 8.35818E-4 5.70776E-4 5.57681E-4 6.24108E-4 5.19634E-4 3.4028E-4 2.60196E-4 2.9186E-4 3.1842E-4 4.36923E-4 4.48613E-4 5.26358E-4 6.83252E-4 5.22515E-4 4.82585E-4 5.6353E-4 4.74051E-4 3.58788E-4 4.18112E-4 3.79525E-4 4.7856E-4
-9999 -9999 -9999 -9999 -9999 -9999 -9999 -9999 -9999 -9999 -9999 -9999 -9999 3.75485E-6 1.54584E-6 7.41697E-6 4.17352E-5 2.03428E-5 5.09275E-5 5.07939E-6 3.82816E-6 5.15339E-6 3.39215E-6 2.28153E-5 5.95709E-5 5.75535E-5 3.5433E-5 9.43424E-5 4.56237E-5 2.16856E-5 9.77434E-6 7.64916E-6 6.66596E-6 1.08522E-5 2.50026E-5 6.40929E-5 2.4098E-5 5.25921E-5 5.9733E-5 5.2653E-4 6.76394E-4 6.539E-4 5.57687E-4 5.13344E-4 4.35673E-4 3.16057E-4 3.01837E-4 3.13922E-4 3.45412E-4 3.90298E-4 4.48269E-4 5.05757E-4 6.90913E-4 6.1774E-4 5.56657E-4 5.16607E-4 5.5119E-4 4.90758E-4 3.9192E-4 4.11669E-4 3.94057E-4
-9999 -9999 -9999 -9999 -9999 -9999 -9999 -9999 -9999 -9999 -9999 -9999 -9999 5.08059E-6 2.74349E-6 6.57619E-6 2.10713E-5 -9999 8.3474E-5 1.06333E-4 5.19974E-5 1.33261E-5 4.16504E-6 1.74883E-5 5.61815E-5 5.15058E-5 5.99393E-5 5.69742E-5 2.98432E-5 3.11966E-5 1.49493E-5 7.92155E-6 7.36581E-6 1.14306E-5 2.22955E-5 3.20643E-5 2.23252E-5 4.87602E-5 5.47992E-5 5.28974E-4 4.52268E-4 5.18378E-4 5.84633E-4 3.8816E-4 4.05384E-4 5.41054E-4 3.88586E-4 3.84624E-4 3.22267E-4 3.78852E-4 4.42121E-4 4.48519E-4 4.60191E-4 4.16612E-4 4.70831E-4 3.20143E-4 4.53353E-4 4.43508E-4 3.92206E-4 4.87507E-4 5.00053E-4
-9999 -9999 -9999 -9999 -9999 -9999 -9999 -9999 -9999 -9999 -9999 -9999 -9999 6.23623E-6 3.68082E-6 6.23763E-6 2.12176E-5 -9999 5.80718E-5 1.50834E-4 2.20714E-5 4.69805E-6 3.23045E-6 1.62142E-5 3.27854E-5 2.24586E-5 6.95615E-5 2.59525E-5 2.64033E-5 1.37248E-5 1.21509E-5 5.38521E-6 1.42491E-5 1.33728E-5 1.68977E-5 4.12891E-5 3.45385E-5 3.37446E-5 7.15968E-5 1.70762E-4 5.34316E-4 4.54212E-4 5.83039E-4 4.57286E-4 3.49742E-4 4.71015E-4 2.94758E-4 2.94001E-4 3.43478E-4 4.93757E-4 5.23803E-4 3.34517E-4 4.6384E-4 6.48374E-4 4.68679E-4 4.06342E-4 5.05423E-4 4.00085E-4 4.36837E-4 4.4043E-4 4.12251E-4
-9999 -9999 -9999 -9999 -9999 -9999 -9999 -9999 -9999 -9999 -9999 -9999 -9999 5.24578E-6 6.34357E-6 1.20154E-5 2.74339E-5 -9999 1.33511E-5 3.12833E-5 1.12239E-5 1.22613E-5 6.36619E-6 1.08571E-5 4.26299E-5 6.68123E-5 1.08095E-4 2.74812E-5 1.81175E-5 1.62004E-5 2.00929E-5 1.10562E-5 2.3206E-5 1.3059E-5 1.12874E-5 1.00879E-4 1.99847E-5 3.59967E-5 5.32903E-5 3.99996E-4 4.46214E-4 4.53583E-4 5.38349E-4 5.59413E-4 5.21673E-4 3.92161E-4 3.00426E-4 3.26514E-4 3.87568E-4 5.06473E-4 4.23418E-4 2.70256E-4 3.73394E-4 6.15953E-4 5.80893E-4 5.59235E-4 5.12364E-4 3.09453E-4 3.79045E-4 4.71225E-4 6.09718E-4
-9999 -9999 -9999 -9999 -9999 -9999 -9999 -9999 -9999 -9999 -9999 -9999 -9999 7.6189E-6 2.23388E-6 2.60106E-6 6.72816E-5 -9999 5.32935E-5 3.01287E-5 7.33669E-6 3.23553E-6 2.33266E-5 3.03947E-5 2.94734E-5 6.51505E-5 2.15017E-4 6.88988E-5 5.19196E-5 1.46093E-5 3.0487E-5 1.12158E-5 1.14334E-5 1.94174E-5 3.8015E-5 5.48177E-5 3.91409E-5 4.0692E-5 1.62684E-4 5.15117E-4 3.36226E-4 4.04843E-4 7.43117E-4 5.7852E-4 4.8393E-4 4.27121E-4 5.16451E-4 5.62687E-4 4.5553E-4 3.22388E-4 3.07147E-4 2.64216E-4 3.892E-4 4.93423E-4 6.40239E-4 6.42479E-4 4.9175E-4 3.64876E-4 3.40417E-4 3.59737E-4 5.39253E-4
-9999 -9999 -9999 -9999 -9999 -9999 -9999 -9999 -9999 -9999 -9999 -9999 -9999 5.48521E-6 1.75556E-6 2.83782E-6 3.78832E-6 1.94995E-5 3.14891E-5 4.424E-5 3.46525E-6 4.27282E-6 2.64616E-5 4.01236E-5 9.97499E-5 1.64366E-4 1.28028E-4 5.4093E-5 2.57366E-5 3.38782E-5 2.41916E-5 9.9402E-6 9.14863E-6 7.81699E-5 1.90111E-5 2.4668E-5 4.92304E-5 2.78855E-5 4.74996E-5 7.9028E-4 3.9661E-4 5.07912E-4 4.84732E-4 5.99826E-4 5.1807E-4 5.58878E-4 3.97801E-4 3.51325E-4 5.95301E-4 6.05181E-4 4.68818E-4 4.82174E-4 7.0302E-4 6.32788E-4 6.06348E-4 6.86554E-4 5.94227E-4 5.78471E-4 5.22699E-4 3.66375E-4 4.52967E-4
-9999 -9999 -9999 -9999 -9999 -9999 -9999 -9999 -9999 -9999 -9999 -9999 -9999 9.28707E-6 2.40913E-6 1.64613E-6 3.76183E-6 2.07277E-5 4.84173E-5 3.8323E-5 3.33851E-6 1.04309E-5 1.77399E-5 5.0686E-5 1.88896E-4 1.41942E-4 6.19865E-5 3.00195E-5 2.32422E-5 1.16532E-4 2.47042E-5 2.09821E-5 2.20938E-5 1.01752E-4 1.65831E-5 2.35699E-5 5.97772E-5 2.65654E-5 4.18182E-5 1.15561E-4 6.26179E-4 4.658E-4 3.95325E-4 4.61119E-4 5.61539E-4 5.33155E-4 4.28635E-4 3.05465E-4 3.20215E-4 3.94719E-4 3.96352E-4 4.57752E-4 5.96632E-4 6.49325E-4 5.97507E-4 6.07414E-4 5.34224E-4 6.3279E-4 6.18089E-4 5.8466E-4 3.88531E-4
-9999 -9999 -9999 -9999 -9999 -9999 -9999 -9999 -9999 -9999 -9999 -9999 -9999 1.16644E-5 8.09891E-6 8.35215E-6 2.1779E-5 2.80088E-5 5.02439E-5 2.17147E-5 2.75201E-6 1.03343E-5 3.02187E-5 2.07664E-4 3.43058E-4 1.42009E-4 1.11077E-4 3.046E-5 5.03999E-5 9.2764E-5 4.36569E-5 2.65605E-5 4.35493E-5 2.77587E-5 1.40769E-5 2.02801E-5 2.9705E-5 2.3651E-5 4.61756E-5 9.59347E-5 3.91375E-4 3.46308E-4 4.13769E-4 3.22877E-4 3.91952E-4 4.96136E-4 2.98695E-4 3.20752E-4 2.81323E-4 3.59982E-4 3.79841E-4 3.48204E-4 5.59062E-4 4.48695E-4 4.16098E-4 4.74259E-4 4.90701E-4 5.35223E-4 5.49669E-4 4.87361E-4 4.53059E-4
-9999 -9999 -9999 -9999 -9999 -9999 -9999 -9999 -9999 -9999 -9999 -9999 -9999 1.51848E-5 1.75958E-5 1.96691E-5 2.66953E-5 4.21893E-5 6.90849E-5 1.13821E-5 1.27482E-5 2.26674E-5 9.45005E-5 4.26656E-4 2.56253E-4 1.21632E-4 2.14555E-4 1.36635E-4 7.75911E-5 8.96537E-5 1.09884E-4 6.2283E-5 6.20432E-5 2.30461E-5 9.57227E-6 3.03623E-5 3.84057E-5 5.99523E-5 8.00513E-5 3.0159E-5 3.56253E-4 2.87363E-4 3.58355E-4 3.9602E-4 2.14661E-4 2.82121E-4 3.24841E-4 2.72843E-4 3.15422E-4 2.69286E-4 2.57399E-4 3.13121E-4 3.55101E-4 3.86015E-4 3.79786E-4 3.4166E-4 3.48089E-4 3.60075E-4 4.39658E-4 4.32657E-4 4.04421E-4
-9999 -9999 -9999 -9999 -9999 -9999 -9999 -9999 -9999 -9999 -9999 -9999 -9999 1.0202E-5 9.41986E-6 3.87023E-5 3.9093E-5 3.75757E-5 1.5941E-5 1.0774E-5 3.09163E-5 7.4802E-5 1.1179E-4 1.73134E-4 2.22901E-4 1.29894E-4 1.81215E-4 1.55559E-4 2.41205E-4 2.17876E-4 2.12329E-4 1.24925E-4 2.38568E-5 1.23469E-5 9.68952E-6 2.49906E-5 8.15573E-5 1.36114E-4 4.19289E-4 2.24163E-5 8.695E-5 6.26803E-4 3.04269E-4 3.72746E-4 2.58613E-4 2.91055E-4 3.05582E-4 2.79579E-4 2.75644E-4 2.91518E-4 2.40412E-4 2.89743E-4 3.62589E-4 3.72323E-4 3.42499E-4 3.54072E-4 2.747E-4 4.09503E-4 3.63666E-4 4.47584E-4 4.36361E-4
-9999 -9999 -9999 -9999 -9999 -9999 -9999 -9999 -9999 -9999 -9999 -9999 1.05935E-5 7.66072E-6 1.0142E-5 4.28194E-5 2.59713E-5 1.30502E-5 1.64343E-5 8.72551E-6 2.99022E-5 1.95445E-4 2.00889E-4 2.5427E-4 1.92133E-4 1.56834E-4 1.47725E-4 2.24797E-4 1.72305E-4 2.16275E-4 4.62022E-4 8.00369E-5 1.83946E-5 1.2956E-5 1.67242E-5 1.89317E-5 5.58753E-5 1.43094E-4 6.42861E-5 2.15249E-5 2.71979E-5 3.80827E-4 3.6319E-4 3.73142E-4 3.2616E-4 2.75427E-4 2.69999E-4 2.59866E-4 2.50228E-4 5.26499E-4 3.1165E-4 2.5912E-4 2.79204E-4 3.17627E-4 3.00551E-4 3.08597E-4 2.8835E-4 4.26291E-4 3.2207E-4 3.12341E-4 4.03986E-4
-9999 -9999 -9999 -9999 -9999 -9999 -9999 -9999 -9999 -9999 -9999 -9999 2.36339E-5 1.39127E-5 1.50659E-5 3.00458E-5 1.3947E-5 1.5874E-5 6.8123E-6 1.58344E-5 8.24952E-5 2.99105E-4 9.3729E-5 1.68492E-4 1.52939E-4 1.97627E-4 2.36294E-4 1.59435E-4 1.37879E-4 2.63958E-4 3.16327E-4 1.14307E-4 2.23363E-5 2.07358E-5 1.00524E-5 1.77387E-5 1.61642E-4 3.28471E-4 1.31477E-4 1.83483E-5 5.24132E-5 2.6238E-4 2.40013E-4 2.61613E-4 2.6638E-4 3.05685E-4 2.38831E-4 2.85778E-4 3.60847E-4 6.13806E-4 4.39589E-4 2.61728E-4 2.11533E-4 2.6866E-4 2.64232E-4 2.9028E-4 2.59501E-4 3.01508E-4 3.28309E-4 2.87381E-4 3.08228E-4
-9999 -9999 -9999 -9999 -9999 -9999 -9999 -9999 -9999 -9999 -9999 -9999 8.26677E-6 1.03156E-5 2.13188E-5 2.4632E-5 9.14221E-6 1.83341E-5 2.63434E-5 5.77151E-5 1.39038E-4 2.59135E-4 1.51384E-4 8.31885E-5 1.16519E-4 1.90332E-4 1.30931E-4 9.43578E-5 1.35255E-4 2.96932E-4 3.33396E-4 5.46285E-5 3.08394E-5 1.55351E-5 1.294E-5 1.27533E-5 1.15638E-4 3.66722E-4 1.46481E-4 4.41357E-5 5.99098E-5 3.66953E-4 2.39513E-4 2.73864E-4 2.41245E-4 2.76025E-4 2.64209E-4 2.53091E-4 3.27635E-4 3.89583E-4 2.57611E-4 4.00975E-4 3.05751E-4 2.02223E-4 2.39911E-4 2.61681E-4 2.81346E-4 3.8522E-4 2.8119E-4 2.85219E-4 3.85063E-4
-9999 -9999 -9999 -9999 -9999 -9999 -9999 -9999 -9999 -9999 -9999 -9999 1.28812E-5 1.024E-5 5.16974E-5 5.67059E-5 1.96045E-5 1.25691E-5 4.09364E-5 5.51958E-5 9.12203E-5 1.2834E-4 1.91575E-4 1.28028E-4 1.37161E-4 1.21182E-4 1.26008E-4 9.50738E-5 2.04473E-4 5.16524E-4 3.54921E-4 1.13107E-4 3.07544E-5 1.34355E-5 1.37851E-5 1.73306E-5 3.76468E-5 1.70717E-4 5.11947E-5 5.8894E-5 5.12681E-5 3.87787E-4 3.10103E-4 3.44277E-4 2.83687E-4 3.23679E-4 4.98806E-4 3.10846E-4 2.9473E-4 3.56269E-4 2.93892E-4 2.28288E-4 2.64275E-4 2.33576E-4 3.6669E-4 3.13787E-4 2.94674E-4 2.70444E-4 2.49598E-4 2.8199E-4 2.7835E-4
-9999 -9999 -9999 -9999 -9999 -9999 -9999 -9999 -9999 -9999 -9999 1.01617E-5 1.03568E-5 5.53888E-5 8.62143E-5 7.32021E-5 2.87045E-5 1.15087E-5 7.46407E-5 1.94751E-4 1.34248E-4 1.06281E-4 1.30753E-4 1.79115E-4 1.92021E-4 1.20033E-4 1.29247E-4 3.70336E-4 2.94969E-4 3.31399E-4 6.35046E-4 3.09396E-4 2.78777E-5 4.28392E-5 1.26382E-5 2.99137E-5 3.34875E-5 3.41544E-4 9.83788E-5 1.00167E-4 2.43123E-4 9.72278E-5 4.67386E-4 2.8994E-4 4.77425E-4 6.72394E-4 5.15251E-4 1.91911E-4 2.44716E-4 3.52819E-4 2.93627E-4 1.96905E-4 2.47507E-4 3.01731E-4 2.51041E-4 2.4638E-4 2.47711E-4 2.55542E-4 2.71447E-4 2.97298E-4 2.56065E-4
-9999 -9999 -9999 -9999 -9999 -9999 -9999 -9999 -9999 -9999 -9999 7.91622E-6 3.49136E-5 7.56709E-5 5.42254E-5 8.01052E-5 2.04139E-5 2.73868E-5 1.27723E-4 1.76874E-4 1.42355E-4 7.19217E-5 9.10767E-5 1.23571E-4 1.34661E-4 1.41753E-4 2.96361E-4 4.7514E-5 3.09581E-5 4.73205E-4 3.36294E-4 4.90419E-4 1.50884E-4 4.32092E-5 2.68575E-5 2.71698E-5 4.49425E-5 6.8123E-4 3.3293E-5 2.97257E-4 2.18917E-4 1.7905E-4 4.15174E-4 2.21413E-4 3.84073E-4 8.84898E-5 5.2046E-5 4.04558E-4 2.35131E-4 4.441E-4 3.21774E-4 1.98095E-4 2.44816E-4 2.61869E-4 2.16142E-4 2.23661E-4 2.07189E-4 2.15608E-4 2.60623E-4 2.83523E-4 2.86322E-4
-9999 -9999 -9999 -9999 -9999 -9999 -9999 -9999 -9999 -9999 1.47781E-5 8.22508E-6 4.19828E-5 8.08412E-5 1.09652E-4 1.00971E-5 1.23184E-5 4.13728E-5 9.11161E-5 7.24157E-5 7.80459E-5 1.42905E-4 1.37339E-4 1.43648E-4 1.18307E-4 2.92377E-4 1.17989E-4 4.2581E-5 6.72513E-5 1.14622E-4 1.23141E-4 4.98679E-4 2.45037E-4 1.41447E-5 2.89979E-5 3.04139E-5 2.16334E-4 7.02048E-4 8.21571E-5 2.25438E-4 6.51912E-4 1.9756E-4 4.33911E-4 3.69774E-4 4.32185E-4 3.99262E-4 1.75609E-4 4.77617E-4 3.72885E-4 1.92169E-4 3.09583E-4 1.94355E-4 1.83019E-4 1.90064E-4 1.95025E-4 2.10359E-4 2.03341E-4 2.36381E-4 2.36787E-4 2.38641E-4 2.48439E-4
-9999 -9999 -9999 -9999 -9999 -9999 -9999 -9999 -9999 -9999 5.9581E-6 4.98304E-6 6.96597E-5 7.0787E-5 3.04629E-5 7.24104E-6 1.85449E-5 5.16297E-5 5.00682E-5 6.12268E-5 5.46258E-5 9.91883E-5 1.10139E-4 1.19753E-4 1.17402E-4 1.14338E-4 1.72726E-4 1.43296E-4 1.90705E-4 1.7274E-4 8.03666E-5 1.03693E-4 3.5122E-5 5.09008E-5 3.07922E-5 2.02089E-5 3.91569E-4 1.75903E-4 1.18086E-4 2.27801E-4 5.25645E-4 7.90135E-5 1.69609E-4 4.13019E-4 3.34592E-4 4.22195E-4 4.85926E-4 2.18818E-4 1.66771E-4 1.94131E-4 1.63491E-4 1.97683E-4 1.69427E-4 1.96901E-4 1.96257E-4 2.06816E-4 2.15179E-4 2.26551E-4 2.54541E-4 2.43891E-4 2.64253E-4
-9999 -9999 -9999 -9999 -9999 -9999 -9999 -9999 -9999 -9999 5.18545E-6 6.26842E-6 5.88257E-5 4.89713E-5 1.19294E-5 1.55954E-5 3.64865E-5 6.21768E-5 1.0366E-4 6.33892E-5 5.31557E-5 5.31672E-5 6.53459E-5 6.97776E-5 1.07718E-4 7.84571E-5 2.62817E-4 9.15998E-5 3.30624E-4 1.68406E-4 5.0628E-5 3.0434E-5 2.72817E-5 5.56773E-5 4.57073E-5 5.67987E-5 7.87067E-5 1.60765E-4 4.10218E-4 1.64422E-4 3.9123E-4 2.36489E-4 3.28104E-4 2.67049E-4 4.02363E-4 3.4205E-4 2.01984E-4 3.08695E-4 2.08165E-4 1.87881E-4 1.96852E-4 2.36397E-4 2.43493E-4 2.10281E-4 1.98068E-4 1.77712E-4 1.93359E-4 1.97088E-4 2.99494E-4 2.63799E-4 2.23913E-4
-9999 -9999 -9999 -9999 -9999 -9999 -9999 -9999 -9999 8.68653E-6 5.02513E-6 9.81022E-6 1.0034E-4 2.3939E-5 5.20893E-6 1.13482E-5 6.68267E-5 1.12554E-4 1.19965E-4 4.63966E-5 5.70782E-5 6.02494E-5 6.46257E-5 8.22371E-5 5.76729E-5 5.49059E-5 3.27518E-4 1.07164E-4 9.22707E-5 3.93828E-5 5.04658E-5 1.32729E-4 8.95974E-5 1.17852E-4 9.07028E-5 8.11746E-5 6.9929E-5 1.25994E-4 6.8041E-4 9.54848E-5 4.4024E-4 5.2313E-4 6.76678E-4 2.39187E-4 5.55097E-4 3.08163E-4 5.05357E-4 2.55839E-4 2.25678E-4 1.92305E-4 1.66087E-4 1.98244E-4 2.08343E-4 2.45439E-4 2.77592E-4 2.91192E-4 2.62527E-4 2.39783E-4 2.39793E-4 2.52405E-4 2.45534E-4
-9999 -9999 -9999 -9999 -9999 -9999 -9999 -9999 -9999 8.41513E-6 6.3515E-6 9.52113E-6 1.88707E-5 8.47896E-6 5.31719E-6 3.02263E-5 8.8065E-5 1.2548E-4 1.08239E-4 7.5185E-5 1.25684E-4 7.3894E-5 5.9462E-5 8.45038E-5 7.22622E-5 1.02663E-4 2.48742E-4 1.76646E-4 1.44616E-4 9.47908E-5 1.21304E-4 2.42582E-4 5.04165E-5 1.24229E-4 2.57369E-4 3.70368E-4 1.31364E-4 6.67706E-4 7.16128E-4 3.98143E-4 4.51018E-4 7.35527E-4 4.87662E-4 6.25544E-4 5.97811E-4 4.7329E-4 6.29768E-4 2.26719E-4 2.47014E-4 2.56847E-4 3.17267E-4 3.507E-4 2.42244E-4 2.59884E-4 2.59673E-4 3.13727E-4 2.71888E-4 2.41937E-4 2.45343E-4 2.24821E-4 1.9672E-4
-9999 -9999 -9999 -9999 -9999 -9999 -9999 -9999 1.61925E-5 6.54027E-6 9.82606E-6 4.01576E-5 5.62763E-6 6.87659E-6 1.34754E-5 7.25339E-5 1.12869E-4 9.37394E-5 9.43515E-5 8.77929E-5 1.06672E-4 1.01807E-4 8.97681E-5 9.58749E-5 9.00376E-5 1.80338E-4 1.38725E-4 2.09586E-4 1.36036E-4 2.02732E-4 2.11865E-4 3.18758E-4 9.68439E-5 1.54654E-4 2.63074E-4 9.03759E-5 1.30857E-4 4.57036E-4 4.59693E-4 5.71789E-4 6.05483E-4 5.07009E-4 5.55794E-4 1.82488E-4 7.36228E-5 3.28447E-4 9.77935E-5 2.66881E-4 3.74069E-4 3.17663E-4 2.8806E-4 3.14421E-4 1.96049E-4 2.4265E-4 2.66382E-4 3.71742E-4 3.64825E-4 3.04986E-4 2.65743E-4 2.23331E-4 2.26418E-4
-9999 -9999 -9999 -9999 -9999 -9999 -9999 1.11368E-5 9.24858E-6 5.8452E-6 2.79481E-5 3.7774E-5 6.17172E-6 8.35911E-6 3.60561E-5 1.02653E-4 1.11466E-4 1.02112E-4 1.21227E-4 1.16674E-4 1.28049E-4 1.10626E-4 1.01207E-4 1.06447E-4 9.4507E-5 1.26337E-4 1.31777E-4 2.29733E-4 3.46006E-4 2.93746E-4 1.66477E-4 1.73075E-4 1.54654E-4 1.54136E-4 1.52188E-4 1.56587E-4 5.15643E-4 4.91953E-4 5.10146E-4 7.43966E-4 7.40814E-4 8.4091E-4 4.68644E-4 2.64608E-4 1.33931E-4 1.86977E-4 2.32676E-4 9.87096E-4 9.64581E-4 4.26263E-4 2.8563E-4 4.06688E-4 8.36973E-4 3.36396E-4 5.06754E-4 3.70653E-4 3.4003E-4 3.01487E-4 3.18164E-4 2.52997E-4 2.29805E-4
-9999 -9999 -9999 -9999 -9999 -9999 -9999 2.569E-6 2.10201E-6 2.38076E-6 1.25034E-5 1.27646E-5 7.67043E-6 2.48524E-5 1.15218E-4 1.26742E-4 1.11342E-4 1.33923E-4 1.13086E-4 1.10279E-4 1.13738E-4 1.3261E-4 1.57431E-4 1.33049E-4 1.20755E-4 1.04083E-4 1.35624E-4 2.41179E-4 3.20397E-4 3.17401E-4 1.63384E-4 8.01991E-5 1.25992E-4 2.80113E-4 1.31065E-4 3.28348E-4 3.90604E-4 7.65386E-4 6.99293E-4 6.56559E-4 6.91412E-4 5.11619E-4 3.47023E-4 2.08203E-4 2.3824E-4 1.87489E-4 1.87159E-4 1.43606E-4 4.31293E-4 1.80858E-4 2.31934E-4 2.00839E-4 3.75975E-4 7.83235E-4 4.38239E-4 4.22277E-4 3.10986E-4 2.95055E-4 3.39782E-4 2.65769E-4 2.28587E-4
-9999 -9999 -9999 -9999 -9999 -9999 -9999 4.16103E-6 2.51879E-6 3.93977E-6 2.33308E-5 1.91944E-5 1.82973E-5 3.0074E-5 1.40665E-4 1.20289E-4 1.23345E-4 1.49905E-4 1.15821E-4 1.05114E-4 1.19627E-4 1.06882E-4 1.65918E-4 1.45303E-4 1.03421E-4 1.09237E-4 1.02637E-4 2.64373E-4 2.94664E-4 3.08847E-4 2.94408E-4 1.17896E-4 3.8581E-4 1.01036E-3 3.71646E-4 3.24533E-4 5.75858E-4 4.44435E-4 6.16205E-4 4.05854E-4 3.23365E-4 3.03123E-4 2.6469E-4 2.46824E-4 2.67324E-4 2.64838E-4 1.62467E-4 8.20228E-5 2.63597E-4 3.96179E-4 3.12927E-4 2.8312E-4 4.69369E-4 2.66404E-4 6.73241E-4 5.64111E-4 3.37142E-4 3.19502E-4 2.99437E-4 2.4286E-4 2.40051E-4
