Candidate_Models_Sept202022/M_5_F_lqp_Set_1_all/Bison.asc
ncols         97
nrows         127
xllcorner     -2197417.7431653
yllcorner     -584827.01486885
cellsize      30000.0
NODATA_value  -9999
[rows 27 to 53 of 127, columns 0 to 60 of 97]
-9999 -9999 7.79675E-5 7.89179E-5 5.96921E-5 2.60385E-5 1.05196E-5 1.88873E-5 6.87245E-5 1.78376E-5 2.70838E-5 2.85126E-5 1.47589E-5 1.12648E-5 1.08056E-5 1.37997E-5 8.14952E-6 1.17501E-5 1.60471E-5 1.14036E-5 6.97915E-6 1.05604E-5 1.24468E-5 1.60685E-5 2.38796E-5 1.60925E-5 2.06333E-5 2.02857E-5 2.43524E-5 2.13003E-5 1.57699E-5 1.07163E-5 1.40373E-5 1.09853E-5 9.67056E-6 1.01398E-5 1.85758E-5 1.20496E-5 1.49824E-5 1.24823E-5 1.29736E-5 2.23614E-5 1.57915E-5 2.61869E-5 1.73029E-5 1.29128E-5 9.14879E-6 9.69296E-6 8.59654E-6 8.47767E-6 8.82576E-6 9.58849E-6 8.68555E-6 8.40251E-6 6.79582E-6 5.75689E-6 5.62785E-6 5.21023E-6 5.455E-6 5.45557E-6 7.65464E-6
-9999 1.18191E-4 6.74863E-5 7.6613E-5 5.55021E-5 4.39036E-5 1.69006E-5 1.93892E-5 2.13489E-5 1.61317E-5 2.40707E-5 2.0562E-5 1.05919E-5 1.14724E-5 1.75362E-5 1.11736E-5 1.91737E-5 1.66956E-5 1.46236E-5 1.68179E-5 4.33972E-5 1.81365E-5 8.3572E-6 1.32254E-5 2.22919E-5 1.82888E-5 1.75094E-5 1.63225E-5 1.62718E-5 1.86797E-5 1.56445E-5 7.99898E-6 1.82475E-5 1.08234E-5 1.08297E-5 1.39585E-5 1.9244E-5 1.89713E-5 1.48645E-5 1.22201E-5 1.3058E-5 1.35447E-5 1.22402E-5 1.19477E-5 1.267E-5 1.09614E-5 9.7652E-6 9.59678E-6 8.82061E-6 8.5085E-6 8.32535E-6 1.12875E-5 8.18884E-6 7.77928E-6 6.90669E-6 6.00126E-6 5.61184E-6 5.27949E-6 5.50859E-6 5.92485E-6 5.30486E-6
-9999 1.03141E-4 1.07245E-4 1.08072E-4 1.01522E-4 4.9454E-5 2.48326E-5 2.32478E-5 4.03846E-5 2.8849E-5 2.81285E-5 2.83381E-5 1.29529E-5 1.32702E-5 1.35252E-5 1.42291E-5 8.09506E-6 1.46429E-5 3.06369E-5 3.84924E-5 9.86239E-6 7.03744E-6 1.09707E-5 1.01619E-5 2.5551E-5 2.45882E-5 2.38881E-5 1.98022E-5 2.0293E-5 2.45394E-5 1.40933E-5 7.17609E-6 9.45322E-6 1.18291E-5 1.04543E-5 1.1505E-5 1.90958E-5 2.05035E-5 1.89041E-5 1.33393E-5 1.60278E-5 1.40424E-5 1.72077E-5 1.16188E-5 1.06247E-5 9.67173E-6 9.8837E-6 9.21231E-6 8.84189E-6 7.95899E-6 7.20654E-6 7.90621E-6 7.62775E-6 7.7311E-6 6.69791E-6 6.30816E-6 5.83827E-6 5.55282E-6 5.37132E-6 5.73681E-6 5.49528E-6
8.41863E-5 1.14938E-4 9.19122E-5 8.68605E-5 9.01817E-5 7.11421E-5 4.85825E-5 2.44811E-5 3.64026E-5 2.53797E-5 3.38341E-5 2.88708E-5 1.6845E-5 2.01557E-5 1.53134E-5 1.05317E-5 1.45041E-5 1.72223E-5 1.69744E-5 1.58731E-5 1.62995E-5 8.41134E-6 1.02886E-5 2.14589E-5 2.47221E-5 1.80366E-5 1.74592E-5 1.77388E-5 2.34342E-5 2.01171E-5 1.60192E-5 1.5628E-5 6.94579E-6 1.34608E-5 1.51963E-5 1.39883E-5 2.0588E-5 1.82797E-5 1.73283E-5 1.34857E-5 1.31728E-5 1.12874E-5 1.61203E-5 1.4255E-5 1.07347E-5 8.91095E-6 8.62183E-6 8.62112E-6 8.9138E-6 8.46879E-6 7.76364E-6 8.33626E-6 8.21917E-6 8.24853E-6 7.41563E-6 6.90512E-6 6.1091E-6 5.75911E-6 5.57374E-6 5.83555E-6 5.80159E-6
3.33139E-5 6.71977E-5 9.47652E-5 1.14501E-4 9.18684E-5 8.99606E-5 3.74464E-5 2.93569E-5 2.44841E-5 2.84599E-5 3.90753E-5 2.33841E-5 2.18794E-5 2.55997E-5 1.56771E-5 2.20134E-5 1.25135E-5 1.50602E-5 1.56613E-5 1.43282E-5 1.51085E-5 1.86889E-5 9.34751E-6 1.48886E-5 1.88516E-5 2.49037E-5 2.0785E-5 2.70002E-5 2.55543E-5 2.37959E-5 1.16486E-5 6.81231E-6 1.33091E-5 1.25597E-5 8.94442E-6 1.7159E-5 1.33563E-5 1.63256E-5 1.54708E-5 1.45829E-5 1.32555E-5 1.32119E-5 1.34112E-5 1.29211E-5 1.04667E-5 8.74808E-6 7.87908E-6 8.39321E-6 8.42397E-6 8.203E-6 7.89512E-6 8.44921E-6 8.29815E-6 8.36885E-6 7.77286E-6 7.0786E-6 6.45295E-6 6.3089E-6 5.89105E-6 6.03164E-6 5.82341E-6
2.47886E-5 4.44078E-5 8.43055E-5 1.62847E-4 1.07739E-4 1.03E-4 4.92205E-5 2.23975E-5 2.10075E-5 2.59733E-5 2.72589E-5 2.57296E-5 2.46513E-5 1.47135E-5 1.05526E-5 1.08581E-5 2.10849E-5 6.57222E-6 1.04981E-5 1.3553E-5 1.66238E-5 1.33676E-5 9.90379E-6 1.8207E-5 2.22283E-5 1.8222E-5 2.00476E-5 3.53336E-5 2.02985E-5 1.25804E-5 1.27843E-5 1.22839E-5 1.90049E-5 1.72191E-5 6.47316E-6 9.3413E-6 2.05876E-5 1.47888E-5 1.3079E-5 1.65278E-5 1.11963E-5 1.7042E-5 1.32104E-5 1.86042E-5 1.48671E-5 9.22705E-6 8.26816E-6 7.31337E-6 9.08478E-6 8.32663E-6 8.32217E-6 8.18653E-6 8.39428E-6 8.26571E-6 7.9794E-6 6.90692E-6 6.76511E-6 6.62768E-6 6.5875E-6 6.12682E-6 5.98798E-6
-9999 3.26003E-5 3.93997E-5 6.07672E-5 9.4363E-5 8.23866E-5 4.97534E-5 2.29977E-5 1.9485E-5 1.39092E-5 2.5332E-5 2.61025E-5 1.93122E-5 1.63606E-5 1.59521E-5 7.7406E-6 1.07216E-5 8.87998E-6 8.87651E-6 1.22547E-5 1.67759E-5 2.00677E-5 9.37964E-6 1.36563E-5 1.31337E-5 2.38151E-5 1.97138E-5 3.87666E-5 2.93226E-5 2.53362E-5 1.82686E-5 8.97006E-6 1.625E-5 1.28765E-5 6.48577E-6 1.53667E-5 1.7683E-5 1.48037E-5 1.38127E-5 1.97343E-5 1.31194E-5 1.10972E-5 1.43381E-5 1.39254E-5 1.41309E-5 8.27522E-6 8.79335E-6 8.20018E-6 7.81599E-6 8.48214E-6 8.77791E-6 8.39779E-6 8.45341E-6 8.76491E-6 8.10807E-6 7.71545E-6 7.97291E-6 6.90629E-6 6.69944E-6 6.17629E-6 6.32099E-6
-9999 -9999 1.96986E-5 4.23477E-5 6.25352E-5 4.81895E-5 2.54248E-5 1.54045E-5 2.70253E-5 2.93307E-5 2.78841E-5 4.09405E-5 1.65185E-5 1.41568E-5 1.77569E-5 8.28066E-6 9.18317E-6 8.90105E-6 1.14317E-5 1.34853E-5 1.81699E-5 1.06098E-5 9.23781E-6 1.6736E-5 3.09132E-5 1.58201E-5 1.14717E-5 4.24386E-5 2.70479E-5 2.86304E-5 1.34644E-5 8.28449E-6 1.83593E-5 1.02902E-5 1.21477E-5 1.34743E-5 1.81497E-5 1.35815E-5 2.00004E-5 2.22123E-5 1.20268E-5 1.27153E-5 1.43116E-5 1.45603E-5 1.11001E-5 8.58865E-6 8.11693E-6 8.00775E-6 7.87881E-6 9.81813E-6 8.47276E-6 9.03388E-6 8.91501E-6 8.88404E-6 8.69388E-6 7.90366E-6 8.50427E-6 7.1448E-6 7.0462E-6 6.8737E-6 6.63457E-6
-9999 -9999 2.33122E-5 2.96715E-5 5.301E-5 3.28528E-5 2.39591E-5 2.69675E-5 4.05042E-5 3.2459E-5 3.64537E-5 2.33851E-5 1.35172E-5 9.84171E-6 1.15727E-5 1.36975E-5 1.32128E-5 1.4188E-5 1.20293E-5 1.83813E-5 2.20106E-5 1.47294E-5 8.85994E-6 1.27234E-5 2.24719E-5 3.23137E-5 1.83451E-5 3.93736E-5 4.629E-5 2.75192E-5 2.02198E-5 1.10874E-5 1.11788E-5 7.24643E-6 7.50309E-6 1.41105E-5 2.34336E-5 1.71458E-5 2.28049E-5 2.2526E-5 1.52842E-5 1.44177E-5 1.21877E-5 1.10052E-5 9.6498E-6 8.51855E-6 6.86005E-6 8.4579E-6 1.01416E-5 1.15886E-5 9.22506E-6 8.97797E-6 9.30153E-6 9.58205E-6 8.84175E-6 8.42751E-6 8.08945E-6 7.84945E-6 7.84732E-6 7.49645E-6 6.84956E-6
-9999 -9999 2.05449E-5 1.93594E-5 4.09505E-5 2.84834E-5 2.22119E-5 3.87869E-5 4.99024E-5 3.41949E-5 2.53186E-5 1.0969E-5 1.78124E-5 1.44051E-5 1.58422E-5 1.45611E-5 1.73639E-5 1.71729E-5 1.54023E-5 1.21771E-5 2.35219E-5 1.74331E-5 1.04028E-5 1.40601E-5 1.24703E-5 1.17379E-5 1.13215E-5 1.14801E-5 2.75796E-5 2.98866E-5 1.60831E-5 1.06288E-5 7.53289E-6 8.41752E-6 1.13001E-5 1.27716E-5 2.22777E-5 2.22062E-5 2.13824E-5 1.81042E-5 1.7699E-5 1.25098E-5 1.20854E-5 1.14532E-5 9.89521E-6 8.88059E-6 7.43331E-6 9.68462E-6 9.41466E-6 1.13895E-5 9.70649E-6 9.70522E-6 9.87882E-6 9.53794E-6 8.97281E-6 8.6048E-6 8.43354E-6 8.13738E-6 8.68016E-6 7.98399E-6 7.49573E-6
-9999 -9999 -9999 1.85081E-5 7.26979E-5 6.24932E-5 4.14383E-5 2.3593E-5 2.3185E-5 2.91579E-5 1.66757E-5 1.38987E-5 2.09297E-5 1.76752E-5 1.35605E-5 1.30078E-5 1.69663E-5 1.52445E-5 1.81833E-5 1.20947E-5 1.95215E-5 3.81215E-5 1.19705E-5 1.59515E-5 2.11888E-5 1.32892E-5 2.34565E-5 1.278E-5 1.36009E-5 1.64805E-5 2.00084E-5 1.46681E-5 6.62662E-6 1.1978E-5 1.33674E-5 1.32051E-5 1.97299E-5 2.32955E-5 1.48195E-5 1.65422E-5 1.52992E-5 1.45338E-5 1.43748E-5 1.32846E-5 1.02044E-5 9.44966E-6 8.65872E-6 8.88516E-6 1.04232E-5 1.05417E-5 1.08562E-5 1.0696E-5 1.08357E-5 1.04078E-5 9.86643E-6 9.70273E-6 8.66627E-6 8.37473E-6 8.18978E-6 8.31196E-6 8.0666E-6
-9999 -9999 -9999 1.35754E-5 1.3419E-4 5.15242E-5 4.14875E-5 1.74978E-5 2.74088E-5 2.60922E-5 2.00378E-5 1.89209E-5 1.60922E-5 1.61534E-5 2.10041E-5 1.7748E-5 1.22415E-5 2.41292E-5 1.62738E-5 1.27862E-5 1.23011E-5 1.73712E-5 1.28504E-5 1.07838E-5 1.50915E-5 1.74511E-5 1.58073E-5 8.24642E-6 4.54364E-6 1.06567E-5 1.92327E-5 1.01317E-5 8.13027E-6 1.36763E-5 1.35919E-5 1.37435E-5 2.26349E-5 2.41122E-5 1.64713E-5 2.22895E-5 1.82059E-5 1.8161E-5 1.96965E-5 1.47484E-5 1.29531E-5 1.08727E-5 1.09123E-5 1.0666E-5 1.07044E-5 9.94173E-6 1.20283E-5 1.05654E-5 1.1461E-5 1.07805E-5 1.01559E-5 9.79429E-6 9.46521E-6 8.91001E-6 8.70459E-6 8.52806E-6 8.2449E-6
-9999 -9999 -9999 5.65989E-6 1.03091E-4 2.61655E-5 2.90737E-5 4.1117E-5 1.55024E-5 4.20711E-5 2.70116E-5 2.03662E-5 2.08001E-5 2.33399E-5 1.56242E-5 1.68855E-5 1.03793E-5 1.98644E-5 1.16305E-5 1.78706E-5 2.22889E-5 1.45213E-5 2.1648E-5 1.42358E-5 1.6685E-5 1.93808E-5 1.68733E-5 1.37899E-5 8.71521E-6 9.0206E-6 2.42381E-5 1.42646E-5 1.27706E-5 1.46307E-5 1.3467E-5 1.45269E-5 1.60806E-5 1.64313E-5 2.17419E-5 2.36017E-5 1.80961E-5 1.52117E-5 1.65953E-5 1.75175E-5 1.18402E-5 1.23605E-5 1.21524E-5 1.1803E-5 1.17714E-5 1.09359E-5 1.25798E-5 1.28024E-5 1.16121E-5 1.13814E-5 1.11473E-5 1.04491E-5 9.40423E-6 9.08774E-6 9.11497E-6 8.97619E-6 9.06121E-6
-9999 -9999 -9999 -9999 3.0187E-5 2.20071E-5 1.33856E-5 1.15826E-5 1.80165E-5 5.29031E-5 3.00224E-5 2.12744E-5 2.8632E-5 1.76004E-5 1.61463E-5 3.36936E-5 3.90566E-5 1.73214E-5 1.60821E-5 1.72849E-5 1.59508E-5 1.43726E-5 1.48929E-5 1.14225E-5 1.61188E-5 2.2218E-5 1.90144E-5 1.76078E-5 1.36451E-5 1.25932E-5 9.92716E-6 1.12769E-5 1.91623E-5 1.72004E-5 1.59846E-5 1.56939E-5 1.54624E-5 1.79704E-5 2.49699E-5 2.26848E-5 1.96494E-5 1.64233E-5 1.42585E-5 1.3703E-5 1.35055E-5 1.3839E-5 1.47925E-5 1.45041E-5 1.74927E-5 1.28786E-5 1.33184E-5 1.22867E-5 1.21915E-5 1.33333E-5 1.60578E-5 1.0559E-5 1.10384E-5 8.94324E-6 9.05793E-6 9.24439E-6 9.17398E-6
-9999 -9999 -9999 -9999 3.22732E-6 1.11273E-5 1.61437E-5 1.5867E-5 9.22825E-6 4.95047E-5 4.04374E-5 1.43847E-5 1.69126E-5 2.55129E-5 2.19563E-5 2.13775E-5 2.4195E-5 2.37088E-5 1.64764E-5 2.20527E-5 1.92883E-5 2.04885E-5 1.49731E-5 1.28694E-5 1.25898E-5 1.48516E-5 3.42493E-5 2.38623E-5 2.67865E-5 2.84735E-5 1.16151E-5 1.3341E-5 2.01344E-5 1.81654E-5 1.78572E-5 1.61635E-5 1.60665E-5 1.6799E-5 2.13764E-5 2.18343E-5 2.6789E-5 2.31171E-5 1.51332E-5 1.44892E-5 1.50939E-5 1.65835E-5 1.78454E-5 1.9522E-5 1.90704E-5 1.57774E-5 1.38745E-5 1.27207E-5 1.21138E-5 1.26595E-5 1.19603E-5 7.66325E-6 7.77516E-6 9.60682E-6 1.04712E-5 1.05379E-5 1.00134E-5
-9999 -9999 -9999 -9999 5.74479E-6 5.62545E-6 6.32195E-6 1.53323E-5 2.77834E-5 4.3587E-5 3.49135E-5 5.80621E-6 1.33175E-5 2.22032E-5 2.55887E-5 2.24058E-5 3.62437E-5 3.45349E-5 1.44086E-5 1.90301E-5 2.19959E-5 1.68832E-5 1.8058E-5 1.85423E-5 2.66113E-5 2.50797E-5 2.91216E-5 1.39677E-5 2.26822E-5 1.93103E-5 1.80285E-5 2.30844E-5 1.96755E-5 1.75254E-5 1.80841E-5 1.72547E-5 1.67435E-5 1.67788E-5 2.39427E-5 2.90823E-5 1.84224E-5 1.81995E-5 1.58192E-5 1.64263E-5 1.66644E-5 2.14978E-5 2.40394E-5 2.58558E-5 -9999 1.69941E-5 1.53974E-5 1.36025E-5 1.58157E-5 1.17854E-5 1.72241E-5 1.00291E-5 1.24098E-5 1.29611E-5 1.23787E-5 1.00661E-5 1.03366E-5
-9999 -9999 -9999 -9999 4.75176E-6 6.48147E-6 4.33396E-6 3.24562E-6 1.3634E-5 2.52666E-5 2.86126E-5 1.08074E-5 9.97052E-6 1.33449E-5 3.03453E-5 4.13901E-5 3.728E-5 2.04313E-5 1.7258E-5 1.86392E-5 2.9911E-5 2.43737E-5 2.2122E-5 4.35243E-5 2.60156E-5 2.27181E-5 2.91657E-5 1.63986E-5 1.68305E-5 1.52246E-5 1.78645E-5 2.34049E-5 2.04018E-5 2.15286E-5 2.08211E-5 1.88594E-5 1.79865E-5 1.82209E-5 1.77425E-5 2.08219E-5 2.81126E-5 1.81259E-5 1.82123E-5 1.7729E-5 1.92876E-5 2.16983E-5 -9999 -9999 -9999 -9999 2.19469E-5 1.65426E-5 1.47839E-5 1.28942E-5 1.45676E-5 1.38254E-5 1.24443E-5 1.07705E-5 1.05182E-5 1.03803E-5 1.03098E-5
-9999 -9999 -9999 -9999 2.9728E-6 4.22471E-6 4.75555E-6 4.22443E-6 9.87121E-6 2.3128E-5 2.87696E-5 3.50651E-5 1.32863E-5 3.02115E-5 3.32469E-5 3.32428E-5 2.39978E-5 1.60648E-5 1.22725E-5 1.74789E-5 1.64909E-5 1.86826E-5 1.95338E-5 2.21287E-5 1.44467E-5 2.05527E-5 3.16802E-5 1.38685E-5 2.1125E-5 1.9005E-5 2.04142E-5 2.02899E-5 2.12698E-5 2.31794E-5 2.09591E-5 2.56826E-5 1.9633E-5 1.86324E-5 1.91298E-5 1.95661E-5 2.04453E-5 1.81416E-5 1.92724E-5 2.15349E-5 2.50003E-5 -9999 -9999 -9999 -9999 2.97079E-5 2.56985E-5 1.99545E-5 1.55035E-5 1.41632E-5 1.55378E-5 1.40969E-5 1.2343E-5 1.01468E-5 1.01717E-5 1.0127E-5 1.00837E-5
-9999 -9999 -9999 -9999 4.57686E-6 4.16107E-6 6.65978E-6 2.86178E-6 7.31764E-6 2.39597E-5 6.41757E-5 4.59458E-5 1.3862E-5 4.19678E-5 4.05564E-5 3.60806E-5 2.44078E-5 2.54645E-5 1.27714E-5 1.50838E-5 1.39449E-5 1.92836E-5 1.82656E-5 1.43069E-5 1.1172E-5 1.39558E-5 2.24402E-5 2.05747E-5 2.58163E-5 3.05107E-5 2.73576E-5 2.08397E-5 2.2441E-5 2.1447E-5 2.15082E-5 2.27286E-5 2.47335E-5 2.14911E-5 2.09244E-5 2.16518E-5 2.0751E-5 2.128E-5 2.58799E-5 3.43537E-5 3.28557E-5 -9999 -9999 -9999 3.33756E-5 2.58946E-5 3.19494E-5 2.38553E-5 1.8645E-5 2.16595E-5 1.46892E-5 1.66427E-5 1.20888E-5 1.17984E-5 1.18539E-5 1.47693E-5 1.18661E-5
-9999 -9999 -9999 7.9029E-6 5.53856E-6 8.89076E-6 2.70771E-6 3.87519E-6 5.32197E-6 2.53217E-5 1.03974E-4 4.08869E-5 1.87962E-5 1.86601E-5 2.54914E-5 2.16177E-5 3.00877E-5 2.926E-5 2.54043E-5 1.38586E-5 1.2137E-5 1.48399E-5 1.43409E-5 1.30302E-5 1.88093E-5 1.06934E-5 1.25649E-5 2.33427E-5 2.46372E-5 3.41986E-5 3.94281E-5 3.17595E-5 2.37616E-5 2.39117E-5 2.34271E-5 2.25433E-5 2.2396E-5 2.22866E-5 2.04384E-5 2.18179E-5 2.40496E-5 2.2993E-5 2.40134E-5 3.25236E-5 5.72731E-5 4.19802E-5 2.92438E-5 2.88201E-5 2.66048E-5 2.38545E-5 2.7952E-5 2.70509E-5 2.02139E-5 1.89744E-5 1.91746E-5 1.89044E-5 1.2654E-5 1.16447E-5 1.39076E-5 1.36754E-5 1.22465E-5
-9999 -9999 -9999 -9999 4.37032E-6 1.32065E-5 5.1131E-6 -9999 6.55646E-6 3.36124E-5 9.49152E-5 4.07992E-5 2.12226E-5 1.80367E-5 2.17047E-5 2.63562E-5 3.996E-5 3.27726E-5 2.94005E-5 2.31612E-5 1.28249E-5 2.09443E-5 1.25158E-5 2.73231E-5 3.29185E-5 1.87852E-5 1.13125E-5 2.76784E-5 2.54423E-5 2.92091E-5 3.29068E-5 3.66027E-5 3.13275E-5 2.64857E-5 2.76258E-5 2.66753E-5 3.0536E-5 2.95603E-5 2.55565E-5 2.40812E-5 2.18836E-5 2.10821E-5 2.40805E-5 3.22239E-5 4.44015E-5 3.32586E-5 2.85052E-5 2.58445E-5 2.75686E-5 2.45339E-5 2.75147E-5 2.87402E-5 2.19177E-5 1.86824E-5 1.95111E-5 2.06943E-5 1.3136E-5 1.25807E-5 1.49392E-5 1.4137E-5 1.24562E-5
-9999 -9999 -9999 -9999 3.49493E-6 3.03175E-6 4.33629E-6 9.10136E-6 7.17101E-6 5.33918E-5 7.69828E-5 2.75797E-5 4.06329E-5 3.10127E-5 2.76702E-5 2.91673E-5 1.9589E-5 3.78516E-5 2.96233E-5 2.15006E-5 1.92094E-5 1.41254E-5 1.49966E-5 4.19886E-5 1.94241E-5 1.6162E-5 1.44122E-5 2.05438E-5 1.96858E-5 2.81044E-5 3.58418E-5 4.43235E-5 4.01653E-5 3.581E-5 3.397E-5 2.8578E-5 3.05465E-5 3.62954E-5 2.81053E-5 2.87173E-5 2.80048E-5 2.5629E-5 2.71178E-5 3.1518E-5 3.00185E-5 2.95E-5 3.43074E-5 3.92965E-5 2.87078E-5 2.63623E-5 2.86486E-5 2.33113E-5 1.93908E-5 1.72993E-5 1.70842E-5 1.60835E-5 1.46177E-5 1.25537E-5 1.50316E-5 1.46418E-5 1.28317E-5
-9999 -9999 -9999 -9999 4.47375E-6 4.23444E-6 5.50779E-6 4.96289E-6 6.29402E-6 3.3668E-5 5.28773E-5 2.00632E-5 3.83963E-5 3.92079E-5 2.92093E-5 3.19148E-5 2.82152E-5 4.48669E-5 3.43796E-5 2.41222E-5 1.92285E-5 2.00904E-5 1.06E-5 2.42275E-5 5.53663E-5 3.49239E-5 1.7654E-5 2.55412E-5 3.07837E-5 3.65268E-5 3.46431E-5 3.77292E-5 5.03953E-5 4.46787E-5 4.25241E-5 3.14038E-5 3.04365E-5 3.05655E-5 3.61167E-5 3.3653E-5 2.98392E-5 3.0159E-5 3.624E-5 3.08902E-5 2.83638E-5 2.82731E-5 4.11074E-5 4.1724E-5 2.72896E-5 2.95768E-5 2.60255E-5 2.34767E-5 1.96127E-5 1.83772E-5 1.72606E-5 1.65496E-5 1.46779E-5 1.69309E-5 1.66245E-5 1.45776E-5 1.34138E-5
-9999 -9999 -9999 -9999 -9999 4.67463E-6 6.80712E-6 7.56177E-6 3.69808E-6 8.15358E-6 1.95095E-5 3.10949E-5 4.00006E-5 3.06483E-5 5.17638E-5 3.49223E-5 5.71623E-5 3.56879E-5 4.4966E-5 2.97477E-5 2.445E-5 3.09395E-5 1.8724E-5 2.86786E-5 4.4762E-5 7.1549E-5 2.76957E-5 1.84081E-5 2.24683E-5 3.75955E-5 3.97246E-5 4.79493E-5 4.67157E-5 4.67123E-5 3.91614E-5 3.55946E-5 3.38403E-5 3.56448E-5 3.24335E-5 3.43194E-5 3.34837E-5 3.1385E-5 3.62968E-5 2.97145E-5 2.81342E-5 2.59893E-5 4.72004E-5 2.97745E-5 3.20256E-5 2.71296E-5 2.44489E-5 2.47473E-5 2.06882E-5 2.05507E-5 1.86509E-5 1.87339E-5 1.92974E-5 1.29922E-5 1.54388E-5 1.69087E-5 1.40051E-5
-9999 -9999 -9999 -9999 -9999 1.41505E-5 2.55103E-6 7.46132E-6 4.79179E-6 8.02693E-6 1.45751E-5 1.47088E-5 1.395E-5 1.95472E-5 3.83142E-5 3.79209E-5 5.74672E-5 5.06509E-5 5.11896E-5 4.13644E-5 3.70188E-5 1.20857E-5 2.26063E-5 1.98938E-5 4.95702E-5 6.22146E-5 2.44139E-5 2.37444E-5 2.65869E-5 4.24101E-5 3.74651E-5 4.47131E-5 4.37841E-5 3.71642E-5 3.55639E-5 3.48626E-5 4.01217E-5 4.31075E-5 3.70266E-5 3.68087E-5 3.94109E-5 3.55897E-5 3.15924E-5 3.64203E-5 4.6952E-5 3.6165E-5 3.07798E-5 3.70287E-5 3.62946E-5 3.75213E-5 2.87875E-5 2.61942E-5 3.17862E-5 2.2454E-5 1.99445E-5 2.93655E-5 1.7919E-5 1.44639E-5 1.54229E-5 1.61882E-5 1.56424E-5
-9999 -9999 -9999 -9999 -9999 1.19651E-5 8.7569E-6 1.75133E-6 3.25932E-6 3.19562E-6 9.87659E-6 2.36506E-5 1.80306E-5 2.43914E-5 2.80103E-5 2.82919E-5 3.15113E-5 3.86589E-5 4.28192E-5 5.08912E-5 1.93758E-5 2.01993E-5 1.80665E-5 1.5542E-5 2.623E-5 4.78298E-5 1.75939E-5 3.77138E-5 4.12165E-5 2.97056E-5 3.91326E-5 3.85912E-5 4.25507E-5 3.94514E-5 4.20468E-5 4.17211E-5 3.93454E-5 4.87449E-5 4.43096E-5 4.26118E-5 4.27086E-5 4.0589E-5 4.42794E-5 4.34351E-5 4.37547E-5 5.4996E-5 3.40343E-5 3.30671E-5 3.14087E-5 3.14976E-5 3.07675E-5 3.25536E-5 3.78612E-5 2.50607E-5 2.44725E-5 1.85985E-5 1.64289E-5 1.55235E-5 1.49108E-5 1.45639E-5 1.33465E-5
-9999 -9999 -9999 -9999 -9999 9.73397E-6 2.84829E-6 5.04717E-6 5.85256E-6 4.04072E-6 6.66313E-6 9.15809E-6 3.68697E-5 2.74504E-5 2.61765E-5 1.7962E-5 1.9021E-5 1.58568E-5 3.31429E-5 3.77669E-5 2.72594E-5 3.43458E-5 2.82182E-5 1.29022E-5 1.5972E-5 5.65476E-5 2.29028E-5 2.31533E-5 4.09335E-5 2.48627E-5 3.75825E-5 4.36431E-5 4.88319E-5 4.94138E-5 4.70582E-5 4.43625E-5 4.90473E-5 4.15484E-5 4.43299E-5 4.83444E-5 7.8954E-5 5.58151E-5 4.38598E-5 4.0185E-5 3.86627E-5 3.60273E-5 3.37957E-5 3.45351E-5 3.45622E-5 3.87918E-5 3.70572E-5 2.99593E-5 3.71192E-5 3.88947E-5 2.67831E-5 -9999 2.29555E-5 1.90856E-5 1.75016E-5 1.62675E-5 1.53725E-5
