Candidate_Models_Sept202022/M_5_F_lqp_Set_1_all/Bison.asc
ncols         97
nrows         127
xllcorner     -2197417.7431653
yllcorner     -584827.01486885
cellsize      30000.0
NODATA_value  -9999
[rows 0 to 26 of 127, columns 0 to 60 of 97]
-9999 -9999 -9999 -9999 -9999 -9999 -9999 -9999 -9999 -9999 -9999 -9999 -9999 -9999 -9999 -9999 -9999 -9999 -9999 -9999 -9999 -9999 -9999 -9999 -9999 -9999 -9999 -9999 -9999 -9999 -9999 -9999 -9999 -9999 -9999 -9999 -9999 -9999 -9999 -9999 -9999 -9999 -9999 -9999 -9999 -9999 -9999 -9999 -9999 -9999 -9999 -9999 -9999 -9999 -9999 -9999 -9999 -9999 -9999 -9999 -9999
-9999 -9999 -9999 -9999 -9999 -9999 -9999 -9999 -9999 -9999 -9999 -9999 -9999 -9999 -9999 -9999 -9999 -9999 -9999 -9999 -9999 -9999 -9999 -9999 -9999 -9999 -9999 -9999 -9999 -9999 -9999 -9999 -9999 -9999 -9999 -9999 -9999 -9999 -9999 -9999 -9999 -9999 -9999 -9999 -9999 -9999 -9999 -9999 -9999 -9999 -9999 -9999 -9999 -9999 -9999 -9999 -9999 -9999 -9999 -9999 -9999
-9999 -9999 -9999 -9999 -9999 -9999 -9999 -9999 -9999 -9999 -9999 -9999 -9999 -9999 -9999 -9999 -9999 -9999 -9999 -9999 -9999 -9999 -9999 -9999 -9999 -9999 -9999 -9999 -9999 -9999 -9999 -9999 -9999 -9999 -9999 -9999 -9999 -9999 -9999 -9999 -9999 -9999 -9999 -9999 -9999 -9999 -9999 -9999 -9999 -9999 -9999 -9999 -9999 -9999 -9999 -9999 -9999 -9999 -9999 -9999 -9999
-9999 -9999 -9999 -9999 -9999 -9999 -9999 -9999 -9999 -9999 -9999 -9999 -9999 -9999 -9999 -9999 -9999 -9999 -9999 1.72343E-5 1.56747E-5 1.11706E-5 1.23595E-5 -9999 -9999 -9999 -9999 -9999 -9999 -9999 -9999 -9999 -9999 -9999 -9999 -9999 -9999 -9999 -9999 -9999 -9999 -9999 -9999 -9999 -9999 -9999 -9999 -9999 -9999 -9999 -9999 -9999 -9999 -9999 -9999 -9999 -9999 -9999 -9999 -9999 -9999
-9999 -9999 -9999 -9999 -9999 -9999 -9999 -9999 -9999 -9999 -9999 -9999 -9999 -9999 -9999 -9999 -9999 -9999 1.66947E-5 1.4413E-5 1.33365E-5 1.48893E-5 1.30303E-5 1.04335E-5 9.60291E-6 -9999 -9999 -9999 -9999 -9999 -9999 -9999 -9999 -9999 -9999 -9999 -9999 -9999 -9999 -9999 -9999 -9999 -9999 -9999 -9999 -9999 -9999 -9999 -9999 -9999 -9999 -9999 -9999 -9999 -9999 -9999 -9999 -9999 -9999 -9999 -9999
-9999 -9999 -9999 -9999 -9999 -9999 -9999 -9999 -9999 -9999 -9999 -9999 -9999 -9999 -9999 -9999 -9999 -9999 1.11372E-5 1.1E-5 1.25712E-5 1.33231E-5 1.13689E-5 9.60061E-6 9.62089E-6 -9999 -9999 -9999 -9999 -9999 -9999 -9999 -9999 -9999 -9999 -9999 -9999 -9999 -9999 -9999 -9999 -9999 -9999 -9999 -9999 -9999 -9999 -9999 -9999 -9999 -9999 -9999 -9999 -9999 -9999 -9999 -9999 -9999 -9999 -9999 -9999
-9999 -9999 -9999 -9999 -9999 -9999 -9999 -9999 -9999 -9999 -9999 -9999 -9999 -9999 -9999 -9999 -9999 1.02358E-5 8.78594E-6 6.78528E-6 7.25307E-6 9.52821E-6 1.03914E-5 9.83072E-6 1.07137E-5 1.07211E-5 -9999 1.11113E-5 9.8872E-6 1.01363E-5 -9999 -9999 -9999 -9999 -9999 -9999 -9999 -9999 7.97297E-6 -9999 -9999 -9999 -9999 -9999 -9999 -9999 -9999 -9999 -9999 -9999 -9999 -9999 -9999 -9999 -9999 -9999 -9999 -9999 -9999 -9999 -9999
-9999 -9999 -9999 -9999 -9999 -9999 -9999 -9999 -9999 -9999 -9999 -9999 -9999 -9999 -9999 -9999 2.07972E-5 1.55107E-5 7.4283E-6 4.4418E-6 5.07667E-6 6.9526E-6 9.89052E-6 9.39965E-6 1.03973E-5 1.03628E-5 9.91568E-6 1.0122E-5 9.12107E-6 9.08283E-6 9.12982E-6 9.01506E-6 8.52778E-6 8.30818E-6 8.54843E-6 8.85177E-6 9.12424E-6 -9999 7.57742E-6 7.28483E-6 -9999 -9999 -9999 -9999 -9999 -9999 -9999 -9999 -9999 -9999 -9999 -9999 -9999 -9999 -9999 -9999 -9999 -9999 -9999 -9999 -9999
-9999 -9999 -9999 -9999 -9999 -9999 -9999 -9999 -9999 -9999 -9999 -9999 -9999 -9999 -9999 4.30947E-6 6.48074E-6 6.85409E-6 6.39735E-6 4.37866E-6 4.50724E-6 6.07641E-6 9.61438E-6 1.01531E-5 9.86091E-6 8.87008E-6 8.4728E-6 8.36107E-6 7.91943E-6 7.92147E-6 8.01608E-6 8.06465E-6 7.88076E-6 7.55806E-6 8.33831E-6 9.89996E-6 9.43552E-6 9.43993E-6 7.85189E-6 7.7805E-6 -9999 -9999 -9999 -9999 -9999 -9999 -9999 -9999 -9999 -9999 -9999 -9999 -9999 -9999 -9999 -9999 -9999 -9999 -9999 -9999 -9999
-9999 -9999 -9999 -9999 -9999 -9999 -9999 -9999 -9999 -9999 -9999 -9999 -9999 -9999 -9999 5.84666E-6 7.20786E-6 5.50455E-6 4.17386E-6 4.13287E-6 4.34089E-6 6.38868E-6 1.09061E-5 1.252E-5 1.11202E-5 8.2267E-6 7.51181E-6 7.53933E-6 7.03433E-6 7.33324E-6 7.58433E-6 7.90561E-6 7.39303E-6 7.28114E-6 9.11959E-6 1.1091E-5 1.18344E-5 1.10951E-5 9.10171E-6 -9999 -9999 -9999 7.77471E-6 -9999 -9999 -9999 -9999 -9999 -9999 -9999 -9999 -9999 -9999 -9999 -9999 -9999 -9999 -9999 -9999 -9999 -9999
-9999 -9999 -9999 -9999 -9999 -9999 -9999 -9999 -9999 -9999 -9999 -9999 -9999 -9999 9.26887E-6 7.23821E-6 8.90154E-6 8.32646E-6 8.24593E-6 6.16266E-6 5.3976E-6 6.92987E-6 1.11502E-5 1.13965E-5 1.23842E-5 6.22597E-6 7.12823E-6 7.33391E-6 6.86594E-6 7.39766E-6 7.42112E-6 7.59948E-6 7.15043E-6 7.68876E-6 9.98357E-6 1.19316E-5 1.19944E-5 1.07692E-5 8.28816E-6 -9999 -9999 8.37653E-6 -9999 -9999 -9999 -9999 -9999 -9999 -9999 -9999 -9999 -9999 -9999 -9999 -9999 -9999 -9999 -9999 -9999 -9999 -9999
-9999 -9999 -9999 -9999 -9999 -9999 -9999 -9999 -9999 -9999 -9999 -9999 -9999 7.11096E-6 7.2231E-6 5.50059E-6 8.16331E-6 1.03274E-5 1.2626E-5 2.34164E-5 8.05282E-6 1.07595E-5 8.20308E-6 1.29747E-5 7.29424E-6 5.4265E-6 6.34541E-6 6.40239E-6 6.74884E-6 7.48254E-6 7.45666E-6 6.92588E-6 7.06393E-6 8.28867E-6 9.47284E-6 1.05388E-5 1.15708E-5 1.13926E-5 8.40618E-6 7.95612E-6 8.11517E-6 8.39586E-6 -9999 9.73764E-6 9.9944E-6 -9999 -9999 -9999 -9999 -9999 -9999 -9999 -9999 -9999 -9999 -9999 -9999 -9999 -9999 -9999 -9999
-9999 -9999 -9999 -9999 -9999 -9999 -9999 -9999 -9999 -9999 -9999 -9999 -9999 7.12554E-6 6.15822E-6 7.14505E-6 1.16634E-5 8.41631E-6 3.04493E-5 1.91421E-5 1.32019E-5 8.51434E-6 1.16365E-5 1.20924E-5 6.42223E-6 5.76416E-6 5.97746E-6 6.47122E-6 6.86265E-6 6.96673E-6 6.42146E-6 6.36877E-6 6.43328E-6 6.92375E-6 7.37407E-6 7.03862E-6 1.02717E-5 9.26481E-6 7.74958E-6 7.3378E-6 7.67482E-6 8.90579E-6 9.29006E-6 1.04323E-5 1.0914E-5 1.12928E-5 -9999 -9999 -9999 -9999 -9999 -9999 -9999 -9999 -9999 -9999 -9999 -9999 -9999 -9999 -9999
-9999 -9999 -9999 -9999 -9999 -9999 -9999 -9999 -9999 -9999 -9999 -9999 1.88974E-5 2.66213E-5 1.0206E-5 1.46624E-5 1.27691E-5 1.25304E-5 5.70685E-6 1.37168E-5 1.40581E-5 1.18066E-5 1.42669E-5 7.58137E-6 5.02578E-6 5.71998E-6 5.93424E-6 6.49655E-6 6.36926E-6 5.77979E-6 5.86859E-6 6.00088E-6 6.15301E-6 6.17507E-6 6.20885E-6 6.90934E-6 7.42572E-6 8.02534E-6 8.02674E-6 7.68366E-6 7.8323E-6 8.17739E-6 9.01466E-6 1.0323E-5 1.08588E-5 1.12296E-5 1.15408E-5 -9999 -9999 -9999 6.6113E-6 5.9733E-6 -9999 -9999 -9999 -9999 -9999 -9999 -9999 -9999 -9999
-9999 -9999 -9999 -9999 -9999 -9999 -9999 -9999 -9999 -9999 -9999 7.19076E-6 8.33352E-6 2.07847E-5 1.33168E-5 1.00421E-5 7.53422E-6 2.64409E-5 1.43534E-5 1.21913E-5 1.22275E-5 2.03526E-5 1.21359E-5 5.11431E-6 5.14342E-6 5.58235E-6 5.40817E-6 6.5921E-6 6.48731E-6 6.4553E-6 5.68676E-6 5.35655E-6 5.90258E-6 6.16989E-6 6.18513E-6 6.69495E-6 7.37377E-6 8.02636E-6 7.96514E-6 8.33707E-6 8.26784E-6 8.68929E-6 9.46006E-6 1.05508E-5 1.11212E-5 1.13033E-5 1.05585E-5 9.29616E-6 -9999 -9999 -9999 6.4043E-6 6.03985E-6 -9999 -9999 -9999 -9999 -9999 -9999 -9999 -9999
-9999 -9999 -9999 -9999 -9999 -9999 -9999 -9999 -9999 -9999 -9999 6.51836E-6 4.98562E-6 8.73601E-6 1.14051E-5 9.20657E-6 5.81664E-6 1.16863E-5 9.69227E-6 1.89484E-5 1.40017E-5 1.75864E-5 9.31441E-6 4.95189E-6 5.72615E-6 5.96632E-6 6.34765E-6 6.00152E-6 5.57113E-6 5.52807E-6 5.58195E-6 5.64906E-6 5.89965E-6 5.91238E-6 5.98167E-6 6.75603E-6 7.55914E-6 8.2051E-6 8.51083E-6 8.57801E-6 8.42218E-6 9.17084E-6 9.92375E-6 1.02502E-5 1.00549E-5 1.05239E-5 9.83814E-6 9.41774E-6 9.08504E-6 -9999 -9999 7.00485E-6 6.71142E-6 6.19725E-6 6.24809E-6 -9999 -9999 -9999 -9999 -9999 -9999
-9999 -9999 -9999 -9999 -9999 -9999 -9999 -9999 -9999 -9999 1.332E-5 5.23643E-6 1.15136E-5 9.40867E-6 9.15572E-6 7.71225E-6 6.72531E-6 5.87334E-6 6.89491E-6 2.57453E-5 2.08847E-5 1.69274E-5 1.21162E-5 8.03452E-6 5.76096E-6 6.31473E-6 7.10707E-6 7.17197E-6 5.98882E-6 5.79621E-6 5.09852E-6 5.35696E-6 5.12286E-6 5.7507E-6 6.1276E-6 7.00664E-6 7.79984E-6 8.49885E-6 8.4113E-6 8.70901E-6 9.23022E-6 9.64248E-6 9.93687E-6 9.80014E-6 9.33689E-6 9.30154E-6 9.50624E-6 9.71186E-6 9.45759E-6 8.67215E-6 7.95728E-6 8.68408E-6 -9999 -9999 6.24846E-6 5.7943E-6 -9999 -9999 -9999 -9999 -9999
-9999 -9999 -9999 -9999 -9999 -9999 -9999 -9999 -9999 8.73463E-6 2.53005E-5 8.1301E-6 1.05243E-5 1.05026E-5 9.95804E-6 8.40418E-6 6.79425E-6 7.404E-6 7.22235E-6 8.37142E-6 7.89658E-6 1.05186E-5 1.71064E-5 7.38325E-6 6.35799E-6 6.61165E-6 7.35925E-6 7.82801E-6 7.31421E-6 5.75675E-6 5.32012E-6 5.09157E-6 5.36548E-6 5.22107E-6 6.11901E-6 7.49478E-6 7.58302E-6 8.25168E-6 8.61904E-6 8.93382E-6 9.63988E-6 1.01174E-5 1.06059E-5 9.9351E-6 9.79323E-6 9.46173E-6 9.63484E-6 9.75899E-6 9.41085E-6 8.68364E-6 8.50319E-6 8.75307E-6 8.67031E-6 -9999 6.0684E-6 5.85536E-6 5.49304E-6 5.04927E-6 -9999 -9999 -9999
-9999 -9999 -9999 -9999 -9999 -9999 -9999 -9999 2.05764E-5 1.22799E-5 1.02398E-5 5.28746E-6 2.91308E-6 9.20549E-6 1.71391E-5 1.39877E-5 1.21752E-5 8.90065E-6 1.00815E-5 7.09017E-6 6.53889E-6 9.99024E-6 1.13379E-5 4.90171E-6 6.92191E-6 6.9767E-6 8.09703E-6 7.93834E-6 6.83758E-6 6.16704E-6 5.03662E-6 5.20929E-6 5.6094E-6 6.17287E-6 6.60721E-6 7.9105E-6 8.22232E-6 7.9728E-6 8.74639E-6 9.07558E-6 1.04715E-5 1.09173E-5 1.07726E-5 1.04035E-5 9.76274E-6 9.74035E-6 1.01421E-5 1.00224E-5 9.39794E-6 8.98214E-6 8.87217E-6 9.11496E-6 8.97195E-6 8.77687E-6 6.43129E-6 6.06234E-6 5.44863E-6 5.05791E-6 4.60005E-6 4.38413E-6 4.20206E-6
-9999 -9999 -9999 -9999 -9999 -9999 -9999 -9999 7.80341E-6 7.94892E-6 3.95997E-6 2.48888E-6 4.10507E-6 1.1236E-5 1.82391E-5 2.39812E-5 1.5308E-5 1.50153E-5 1.58404E-5 9.91345E-6 9.41492E-6 8.71435E-6 8.36502E-6 7.44494E-6 7.55545E-6 6.60949E-6 7.9354E-6 7.43576E-6 6.94132E-6 6.48676E-6 5.13119E-6 5.10567E-6 5.88857E-6 7.10545E-6 7.89079E-6 7.93274E-6 9.1508E-6 7.97467E-6 9.50948E-6 9.35158E-6 1.16448E-5 1.15508E-5 1.12098E-5 1.08048E-5 1.05862E-5 1.07042E-5 1.07485E-5 1.04164E-5 9.97801E-6 9.49663E-6 9.44913E-6 9.5512E-6 9.55996E-6 8.97654E-6 -9999 6.4444E-6 5.85989E-6 5.39558E-6 4.31208E-6 4.53121E-6 4.10235E-6
-9999 -9999 -9999 -9999 -9999 -9999 -9999 5.4095E-6 5.73865E-6 1.27209E-5 1.09053E-5 3.56772E-6 4.86674E-6 6.75928E-6 1.31659E-5 2.31478E-5 1.75384E-5 1.65577E-5 1.7865E-5 1.4467E-5 1.20617E-5 1.00808E-5 1.39345E-5 1.0819E-5 9.68487E-6 7.76147E-6 7.23976E-6 9.42512E-6 9.05778E-6 6.82916E-6 6.2767E-6 5.99389E-6 6.87507E-6 7.18241E-6 7.97491E-6 1.11131E-5 9.72216E-6 9.20115E-6 9.86051E-6 9.92525E-6 1.14875E-5 1.16541E-5 1.15738E-5 1.14534E-5 1.17287E-5 1.16814E-5 1.12868E-5 1.06093E-5 1.02164E-5 9.92105E-6 9.79726E-6 1.01296E-5 -9999 -9999 -9999 -9999 -9999 -9999 -9999 -9999 -9999
-9999 -9999 -9999 -9999 -9999 -9999 1.6052E-5 1.35591E-5 9.37873E-6 5.39341E-6 1.1971E-5 2.91961E-5 6.45085E-6 1.55532E-5 4.88147E-6 1.31655E-5 2.17121E-5 2.39768E-5 2.09477E-5 2.19612E-5 1.73865E-5 1.18811E-5 1.44948E-5 2.02492E-5 1.44602E-5 1.62472E-5 1.0497E-5 8.21853E-6 8.76246E-6 5.95771E-6 8.73404E-6 1.1653E-5 7.17915E-6 8.14553E-6 7.9644E-6 1.21743E-5 9.95286E-6 1.02289E-5 1.02709E-5 1.03299E-5 1.1649E-5 1.20695E-5 1.22232E-5 1.27697E-5 1.27047E-5 1.20991E-5 1.16765E-5 1.08191E-5 1.0366E-5 1.00402E-5 1.05339E-5 1.05886E-5 9.21989E-6 8.3269E-6 -9999 -9999 -9999 -9999 -9999 -9999 -9999
-9999 -9999 -9999 -9999 -9999 -9999 1.37869E-5 1.30151E-5 6.47738E-6 5.00417E-6 4.41774E-6 3.46834E-5 1.03149E-5 1.26895E-5 9.07216E-6 1.5994E-5 1.57758E-5 1.99836E-5 1.33906E-5 2.06472E-5 2.45026E-5 1.78483E-5 1.7037E-5 2.12545E-5 1.84127E-5 1.70763E-5 1.50977E-5 1.04021E-5 7.10843E-6 6.54173E-6 5.97549E-6 1.07996E-5 7.44685E-6 1.0778E-5 1.13716E-5 1.20452E-5 1.04993E-5 1.20576E-5 1.20301E-5 1.14374E-5 1.16952E-5 1.34508E-5 1.37588E-5 1.469E-5 1.39021E-5 1.18814E-5 1.17677E-5 1.16778E-5 1.05037E-5 1.03753E-5 9.89423E-6 9.61489E-6 8.52867E-6 7.75847E-6 7.28071E-6 6.43302E-6 5.60665E-6 5.10306E-6 5.2153E-6 5.06798E-6 4.24593E-6
-9999 -9999 -9999 -9999 -9999 1.11387E-5 7.34687E-6 7.20466E-6 7.21694E-6 1.89773E-5 1.46362E-5 9.23201E-6 5.70474E-6 9.86594E-6 6.40009E-6 5.64071E-6 5.8261E-6 1.70365E-5 9.66019E-6 1.20173E-5 2.20004E-5 2.15228E-5 2.25655E-5 2.61451E-5 2.15052E-5 1.80501E-5 1.97206E-5 1.14187E-5 5.47764E-6 6.24701E-6 7.62331E-6 9.06037E-6 1.16743E-5 1.18555E-5 1.65921E-5 1.37371E-5 1.21766E-5 -9999 -9999 1.8722E-5 -9999 -9999 -9999 1.40388E-5 1.24246E-5 1.1547E-5 1.21638E-5 1.15187E-5 1.03886E-5 1.0131E-5 9.49509E-6 8.72552E-6 7.99678E-6 7.4046E-6 6.8079E-6 5.95361E-6 5.64094E-6 5.21038E-6 5.21741E-6 4.86395E-6 4.65774E-6
-9999 -9999 -9999 -9999 2.74952E-5 8.59908E-6 1.04649E-5 8.53395E-6 9.20118E-6 8.67899E-6 3.76801E-6 6.327E-6 1.44167E-5 1.04736E-5 6.40203E-6 7.37192E-6 1.02577E-5 9.07653E-6 7.27491E-6 9.22976E-6 1.53359E-5 1.51067E-5 1.64471E-5 3.01162E-5 1.9901E-5 2.80416E-5 2.11478E-5 1.84305E-5 1.47742E-5 7.04193E-6 7.33528E-6 1.28751E-5 1.25935E-5 9.67743E-6 1.68259E-5 1.09973E-5 1.06345E-5 1.30903E-5 1.30919E-5 1.2688E-5 1.62356E-5 -9999 1.7628E-5 1.55395E-5 1.28505E-5 1.20371E-5 1.22627E-5 1.03742E-5 1.01406E-5 1.07147E-5 1.01227E-5 9.07949E-6 8.39217E-6 7.60334E-6 6.45507E-6 5.70505E-6 5.16996E-6 5.0656E-6 4.72987E-6 4.57251E-6 4.41555E-6
-9999 -9999 -9999 2.14487E-5 3.46382E-5 1.86195E-5 7.93152E-6 1.1183E-5 1.00429E-5 5.88817E-6 6.91684E-6 7.04999E-6 1.93772E-5 1.2393E-5 1.34723E-5 5.59474E-6 9.67369E-6 1.34751E-5 1.16043E-5 1.46759E-5 1.17358E-5 6.91831E-6 1.85501E-5 2.46927E-5 2.7942E-5 2.58541E-5 2.24858E-5 1.6999E-5 1.70003E-5 1.5074E-5 9.37324E-6 1.20755E-5 1.16712E-5 8.14767E-6 1.11844E-5 1.32315E-5 1.16615E-5 1.22112E-5 1.17744E-5 1.20242E-5 1.48424E-5 1.70578E-5 -9999 -9999 1.31661E-5 1.35189E-5 1.21348E-5 1.02062E-5 1.05279E-5 1.03954E-5 1.21377E-5 9.32569E-6 8.57066E-6 7.9634E-6 6.97017E-6 5.82678E-6 5.43615E-6 5.06378E-6 4.93627E-6 4.79015E-6 4.7917E-6
-9999 -9999 -9999 5.99597E-5 3.48243E-5 1.93329E-5 7.78339E-6 2.02159E-5 6.25114E-5 1.28669E-5 1.8211E-5 1.33015E-5 9.09388E-6 8.46994E-6 3.0522E-5 9.85757E-6 1.54387E-5 2.56864E-5 1.99151E-5 1.09248E-5 1.22731E-5 8.89992E-6 1.01456E-5 1.78485E-5 2.64762E-5 2.49058E-5 2.27988E-5 2.32784E-5 2.2272E-5 1.96122E-5 1.68371E-5 9.98453E-6 1.64915E-5 1.14494E-5 1.24949E-5 1.3105E-5 1.27706E-5 1.26441E-5 1.2053E-5 1.31676E-5 -9999 -9999 -9999 -9999 -9999 1.10984E-5 1.11987E-5 9.9752E-6 9.9256E-6 9.25722E-6 1.0553E-5 1.26265E-5 8.37499E-6 8.0505E-6 6.3208E-6 5.41598E-6 5.65347E-6 5.94374E-6 6.47375E-6 6.21019E-6 6.50846E-6
