Candidate_Models_Sept202022/M_0.9_F_lqp_Set_1_all/Bison.asc
ncols         97
nrows         127
xllcorner     -2197417.7431653
yllcorner     -584827.01486885
cellsize      30000.0
NODATA_value  -9999
[rows 54 to 80 of 127, columns 0 to 60 of 97]
-9999 -9999 -9999 -9999 3.65427E-6 2.08945E-6 5.62312E-7 1.75361E-6 1.16931E-6 2.2725E-7 3.51812E-7 4.0431E-6 2.99581E-6 5.80278E-6 6.72176E-6 5.6154E-6 9.76654E-6 1.61855E-5 1.84672E-5 2.29028E-5 3.28575E-5 3.96039E-5 3.5763E-5 3.07439E-5 3.20133E-5 5.84891E-5 4.2222E-5 3.40605E-5 5.17508E-5 4.47263E-5 4.64048E-5 5.11034E-5 6.10475E-5 6.48524E-5 5.74951E-5 5.73824E-5 5.81239E-5 5.46392E-5 6.196E-5 7.59006E-5 9.9935E-5 1.17743E-4 8.11774E-5 5.34007E-5 5.09599E-5 4.57175E-5 4.73196E-5 4.17777E-5 3.90024E-5 3.63592E-5 3.68002E-5 3.61549E-5 2.78238E-5 4.673E-5 5.27447E-5 3.46468E-5 3.71261E-5 3.17504E-5 3.07135E-5 2.25691E-5 1.63047E-5
-9999 -9999 -9999 -9999 -9999 1.45624E-6 4.11326E-7 7.66403E-7 3.76746E-6 5.13454E-7 2.02692E-7 2.64877E-6 1.10407E-5 3.87821E-6 6.43044E-6 4.62749E-6 6.10556E-6 8.67965E-6 1.96686E-5 1.48415E-5 3.516E-5 4.10452E-5 3.71739E-5 5.00739E-5 3.39184E-5 3.31762E-5 3.80878E-5 4.36456E-5 7.37154E-5 6.60444E-5 6.13164E-5 5.60273E-5 6.15955E-5 5.777E-5 5.65461E-5 6.79117E-5 7.02949E-5 5.88703E-5 7.07262E-5 7.01142E-5 1.03684E-4 1.49258E-4 7.09801E-5 5.47813E-5 5.57385E-5 5.1599E-5 4.67496E-5 4.15605E-5 4.41707E-5 3.5423E-5 4.30266E-5 4.55472E-5 4.22748E-5 5.48695E-5 4.83023E-5 3.64851E-5 3.41772E-5 2.80955E-5 2.82782E-5 2.2678E-5 2.26753E-5
-9999 -9999 -9999 -9999 -9999 2.66317E-6 1.21999E-6 1.84976E-6 2.14164E-6 1.13892E-6 3.67767E-8 8.86807E-7 1.36856E-6 1.30686E-6 8.67052E-6 4.77324E-6 8.88146E-6 1.02492E-5 1.55028E-5 2.23275E-5 3.7089E-5 2.85677E-5 2.71612E-5 3.61143E-5 2.93857E-5 2.61097E-5 3.4616E-5 6.19614E-5 9.80031E-5 6.46877E-5 7.58477E-5 7.45437E-5 7.49318E-5 7.11214E-5 8.12843E-5 9.74381E-5 6.91636E-5 6.18007E-5 7.43441E-5 6.37045E-5 1.04822E-4 8.00158E-5 5.73654E-5 5.98214E-5 5.8004E-5 5.36316E-5 4.88226E-5 4.40575E-5 4.54925E-5 5.06783E-5 5.51939E-5 5.21329E-5 5.56661E-5 5.76851E-5 3.96047E-5 3.82644E-5 3.83993E-5 3.57397E-5 2.71302E-5 2.29857E-5 1.58778E-5
-9999 -9999 -9999 -9999 -9999 -9999 2.07222E-6 -9999 3.77359E-6 4.30225E-7 1.21981E-7 7.11163E-7 1.28909E-6 2.17371E-6 2.97563E-6 1.23681E-5 8.02502E-6 9.86804E-6 1.72445E-5 2.74025E-5 2.35786E-5 2.65417E-5 2.74836E-5 3.92978E-5 3.20776E-5 3.48052E-5 2.45791E-5 6.14991E-5 7.41091E-5 7.6641E-5 1.65607E-4 1.45798E-4 9.22812E-5 8.26548E-5 8.94518E-5 1.03341E-4 9.88218E-5 7.02921E-5 7.70331E-5 6.07485E-5 6.71082E-5 6.08323E-5 7.39124E-5 6.29328E-5 4.98924E-5 5.40958E-5 5.07758E-5 6.16798E-5 6.86904E-5 5.89534E-5 5.63715E-5 7.49174E-5 5.06776E-5 4.44898E-5 4.20758E-5 4.19666E-5 3.89643E-5 3.70465E-5 3.18877E-5 2.44859E-5 1.7314E-5
-9999 -9999 -9999 1.2429E-6 -9999 -9999 -9999 -9999 -9999 1.09825E-6 4.58441E-7 3.37332E-7 1.09215E-6 2.2305E-6 1.79066E-6 1.10468E-5 7.71818E-6 1.24E-5 1.56016E-5 2.33108E-5 2.32006E-5 2.97104E-5 2.39963E-5 4.42974E-5 2.41976E-5 2.71769E-5 2.55108E-5 3.99308E-5 1.0604E-4 9.96043E-5 2.64324E-4 2.10827E-4 8.76023E-5 7.11765E-5 7.19542E-5 1.08938E-4 1.00288E-4 1.24974E-4 3.07421E-4 7.17874E-5 7.09043E-5 6.07057E-5 7.01362E-5 6.09293E-5 4.47004E-5 5.36674E-5 6.7588E-5 6.21913E-5 6.23605E-5 5.56736E-5 5.84204E-5 5.75536E-5 5.83825E-5 4.60253E-5 4.37685E-5 4.8595E-5 3.89658E-5 4.863E-5 3.939E-5 2.95766E-5 2.50283E-5
-9999 -9999 -9999 1.05902E-6 2.02333E-6 3.51422E-6 -9999 -9999 -9999 1.43833E-6 1.14489E-7 6.19251E-7 1.3548E-6 3.25594E-6 3.96838E-6 1.57925E-5 1.30074E-5 1.04498E-5 2.04827E-5 2.41673E-5 2.06793E-5 2.19306E-5 2.74175E-5 2.70665E-5 2.7931E-5 1.84233E-5 2.00775E-5 3.9063E-5 1.39713E-4 1.95309E-4 3.90802E-4 2.79528E-4 9.51536E-5 9.65988E-5 9.85516E-5 9.10778E-5 9.91631E-5 2.74828E-4 1.85817E-4 7.56024E-5 7.95283E-5 9.06874E-5 6.99602E-5 6.37959E-5 6.05838E-5 5.97876E-5 6.36764E-5 5.7305E-5 5.75606E-5 7.44686E-5 6.55951E-5 5.69152E-5 4.73121E-5 4.87371E-5 3.81759E-5 5.17694E-5 6.14348E-5 5.98214E-5 4.60132E-5 3.87417E-5 3.13666E-5
-9999 -9999 -9999 9.43594E-7 2.65136E-6 4.90271E-6 3.28661E-6 -9999 -9999 4.91399E-6 2.3507E-7 2.12934E-6 1.28202E-6 2.80091E-6 4.11407E-6 8.91405E-6 1.30682E-5 1.66753E-5 2.28463E-5 2.12015E-5 2.70624E-5 2.31043E-5 1.85442E-5 1.55833E-5 2.73522E-5 3.56233E-6 3.47421E-6 2.5112E-5 7.78129E-5 8.10859E-5 4.77939E-4 6.32552E-4 2.54458E-4 3.31509E-4 3.09703E-4 1.46631E-4 1.78547E-4 2.08598E-4 1.24829E-4 8.8204E-5 9.43615E-5 8.71658E-5 7.74584E-5 6.78949E-5 6.25706E-5 6.12583E-5 6.08958E-5 6.73019E-5 6.57095E-5 9.50345E-5 8.49024E-5 7.83076E-5 6.24609E-5 7.30994E-5 4.05063E-5 5.04871E-5 5.12768E-5 5.82218E-5 5.12123E-5 4.36298E-5 2.72606E-5
-9999 -9999 -9999 8.06138E-7 1.75381E-6 2.75855E-6 -9999 -9999 2.42049E-6 1.71451E-7 7.32549E-8 6.40431E-7 9.41312E-7 2.5327E-6 6.01513E-6 9.26568E-6 4.43654E-5 2.07657E-5 2.62893E-5 1.5585E-5 2.52936E-5 2.41069E-5 2.42104E-5 1.98772E-5 2.16401E-5 4.61148E-6 2.54985E-6 1.77412E-5 4.66673E-5 1.83026E-4 4.23118E-4 8.13253E-4 5.44904E-4 3.46325E-4 4.88914E-4 3.15418E-4 2.75073E-4 3.46931E-4 1.77839E-4 1.15446E-4 1.12965E-4 1.06029E-4 8.32516E-5 7.29259E-5 6.9027E-5 8.40844E-5 7.60903E-5 7.65084E-5 9.18644E-5 9.84723E-5 9.32781E-5 6.45239E-5 6.05696E-5 4.57948E-5 3.93059E-5 5.64205E-5 5.51659E-5 4.47713E-5 5.3262E-5 3.77636E-5 3.58974E-5
-9999 -9999 -9999 6.70319E-7 2.89054E-6 -9999 -9999 5.19942E-6 1.39939E-6 2.52245E-7 1.21224E-7 6.69486E-7 1.08582E-6 9.39263E-7 6.88669E-6 1.24967E-5 3.68128E-5 2.4613E-5 2.43738E-5 2.38864E-5 2.69926E-5 2.78049E-5 2.10737E-5 2.26072E-5 2.02317E-5 6.89815E-6 1.37998E-6 1.25903E-5 2.9373E-5 4.88325E-5 1.98845E-4 5.46514E-4 2.19159E-4 2.93618E-4 8.69831E-4 5.38622E-4 4.81687E-4 9.34692E-4 2.96271E-4 1.21632E-4 1.13624E-4 9.02908E-5 7.78894E-5 7.25715E-5 7.98048E-5 9.89791E-5 8.5201E-5 7.2665E-5 6.93448E-5 9.18779E-5 9.35249E-5 5.69685E-5 4.50123E-5 4.93031E-5 4.42896E-5 4.77831E-5 5.2612E-5 4.71831E-5 4.76658E-5 3.974E-5 3.86466E-5
-9999 -9999 -9999 3.5249E-7 7.47507E-7 -9999 -9999 -9999 2.24713E-6 2.3522E-7 2.11555E-7 9.21519E-7 4.18186E-7 2.97348E-6 1.00561E-5 2.1058E-5 3.28393E-5 3.23823E-5 3.3491E-5 2.62315E-5 3.26677E-5 3.70912E-5 3.04002E-5 2.1643E-5 1.98042E-5 8.38705E-6 4.10201E-6 1.16321E-5 2.11255E-5 3.2817E-5 5.70513E-5 2.24234E-4 3.47677E-4 4.09349E-4 5.7312E-4 6.13338E-4 4.38542E-4 3.42902E-4 1.38456E-4 1.12162E-4 9.65959E-5 9.70356E-5 8.73278E-5 8.07091E-5 9.01315E-5 9.54851E-5 1.13321E-4 8.2353E-5 8.19954E-5 1.03491E-4 9.49535E-5 6.80392E-5 6.93039E-5 6.02046E-5 5.70475E-5 4.5971E-5 5.35724E-5 5.14977E-5 5.35559E-5 5.50983E-5 4.49022E-5
-9999 -9999 -9999 5.47428E-7 2.55633E-6 -9999 -9999 -9999 3.06301E-6 1.26758E-6 6.16742E-7 1.95491E-7 2.60308E-6 4.91216E-6 6.71696E-6 2.14231E-5 2.85201E-5 3.5942E-5 4.47278E-5 2.79134E-5 2.65758E-5 5.11365E-5 3.72074E-5 2.83404E-5 2.23938E-5 1.28181E-5 4.76299E-6 1.00261E-5 1.52914E-5 3.10053E-5 4.6049E-5 2.67556E-4 3.68477E-4 5.8671E-4 3.39024E-4 4.14792E-4 3.11917E-4 4.14921E-4 1.72318E-4 1.77365E-4 1.06332E-4 1.03438E-4 8.92319E-5 8.38515E-5 1.25341E-4 1.33803E-4 1.30263E-4 9.3214E-5 8.64125E-5 1.17475E-4 1.26455E-4 7.5714E-5 6.57686E-5 5.18131E-5 6.27759E-5 5.10233E-5 5.08044E-5 4.80198E-5 4.30542E-5 4.91402E-5 4.09564E-5
-9999 -9999 -9999 1.58395E-7 2.51004E-6 -9999 -9999 -9999 3.56364E-6 3.98085E-7 7.61004E-8 5.23561E-8 1.27562E-6 4.08592E-6 3.49008E-5 2.15405E-5 2.19195E-5 4.13012E-5 3.53429E-5 3.42251E-5 5.84973E-5 7.59445E-5 3.9476E-5 3.15072E-5 2.27262E-5 1.15709E-5 5.86214E-6 6.19441E-6 1.14946E-5 1.96404E-5 3.70003E-5 1.28758E-4 2.73087E-4 5.88499E-4 3.57567E-4 3.93987E-4 1.6136E-4 3.16917E-4 3.37846E-4 1.78275E-4 8.43589E-5 8.18063E-5 8.54663E-5 9.3134E-5 9.4685E-5 9.44551E-5 1.05672E-4 1.05694E-4 1.28016E-4 1.09363E-4 9.30814E-5 8.66195E-5 7.15149E-5 6.54802E-5 6.03972E-5 5.85455E-5 4.88208E-5 6.58035E-5 5.43233E-5 5.31332E-5 7.58221E-5
-9999 -9999 -9999 -9999 1.01619E-6 -9999 -9999 -9999 -9999 1.58564E-6 1.22805E-7 1.53749E-7 8.54554E-7 1.80787E-6 9.42872E-6 1.91266E-5 1.88884E-5 4.1974E-5 5.16452E-5 6.34127E-5 4.58791E-5 1.43806E-4 6.27894E-5 4.06245E-5 3.87058E-5 1.68689E-5 7.02325E-6 4.54025E-6 8.76542E-6 1.1688E-5 2.68717E-5 4.39689E-5 5.98533E-5 8.98872E-5 7.79096E-5 1.02594E-4 3.07035E-4 2.25738E-4 9.47633E-5 6.97267E-5 1.1727E-4 8.11852E-5 1.2381E-4 9.76118E-5 9.42872E-5 1.29254E-4 1.14913E-4 1.22381E-4 1.08636E-4 9.59445E-5 1.41533E-4 8.46298E-5 7.82031E-5 7.46248E-5 7.48363E-5 6.39744E-5 6.25742E-5 5.65136E-5 5.41605E-5 5.24352E-5 5.4004E-5
-9999 -9999 -9999 -9999 1.85677E-6 -9999 -9999 -9999 -9999 4.07234E-6 7.68715E-7 3.49859E-7 8.48585E-7 1.5469E-6 6.67654E-6 1.77331E-5 3.42526E-5 4.13683E-5 4.84116E-5 4.01651E-5 4.94983E-5 6.74265E-5 4.71252E-5 7.98468E-5 1.11153E-4 2.03331E-5 8.97842E-6 3.55213E-6 5.37592E-6 1.03252E-5 1.77016E-5 2.59181E-5 5.4749E-5 1.07404E-4 6.33974E-5 6.82207E-5 1.4104E-4 7.61697E-5 5.35664E-5 4.15845E-5 8.76252E-5 7.25388E-5 1.02899E-4 1.41447E-4 1.03386E-4 1.20611E-4 2.23044E-4 1.2211E-4 1.13438E-4 1.17062E-4 1.22887E-4 9.9317E-5 9.35829E-5 8.11995E-5 7.93924E-5 8.4412E-5 7.15321E-5 6.62295E-5 6.03572E-5 5.15282E-5 5.00319E-5
-9999 -9999 -9999 -9999 -9999 -9999 -9999 -9999 -9999 2.8741E-6 2.37496E-6 4.6972E-7 1.01658E-6 2.2856E-6 3.24207E-6 1.02135E-5 3.41062E-5 3.7927E-5 3.94959E-5 5.24347E-5 4.57234E-5 4.88724E-5 5.76605E-5 4.23205E-5 2.91337E-5 9.04689E-6 5.22935E-6 6.83506E-6 4.02922E-6 9.84101E-6 1.99356E-5 2.79522E-5 3.43585E-5 7.06893E-5 4.00742E-5 6.11851E-5 1.339E-4 1.18608E-4 6.45795E-5 8.91643E-5 1.12473E-4 8.3471E-5 1.25231E-4 1.41836E-4 3.04057E-4 3.71638E-4 3.69603E-4 1.56902E-4 1.16639E-4 1.12241E-4 1.25263E-4 1.25104E-4 9.79337E-5 7.07837E-5 8.34563E-5 7.36567E-5 7.40797E-5 7.64714E-5 6.30529E-5 5.89717E-5 5.61108E-5
-9999 -9999 -9999 -9999 -9999 -9999 -9999 -9999 -9999 -9999 2.26882E-6 7.68228E-7 7.79371E-7 1.36391E-6 5.59183E-6 9.75276E-6 3.06718E-5 3.30748E-5 4.05385E-5 4.42067E-5 4.3963E-5 4.43494E-5 5.72483E-5 4.6728E-5 2.95901E-5 1.09159E-5 6.83827E-6 5.69661E-6 6.39544E-6 7.92115E-6 1.78313E-5 3.03291E-5 4.48261E-5 4.70815E-5 5.8485E-5 6.13236E-5 1.0552E-4 1.26296E-4 7.88714E-5 1.02588E-4 1.14159E-4 2.51036E-4 2.75829E-4 3.75105E-4 4.8413E-4 5.11211E-4 3.54096E-4 5.45607E-4 1.2617E-4 1.12526E-4 1.61355E-4 1.25592E-4 9.67953E-5 8.90699E-5 8.36131E-5 7.71738E-5 9.16552E-5 9.55888E-5 8.15666E-5 6.74349E-5 6.90457E-5
-9999 -9999 -9999 -9999 -9999 -9999 -9999 -9999 -9999 -9999 1.86137E-6 5.79625E-7 1.29408E-7 6.15047E-7 5.38916E-6 7.08407E-6 3.08625E-5 4.6775E-5 3.83595E-5 4.88985E-5 4.59622E-5 4.52372E-5 6.04813E-5 6.97927E-5 2.7629E-5 1.38313E-5 9.41201E-6 5.78927E-6 1.1067E-5 1.29469E-5 1.92419E-5 2.85063E-5 3.53486E-5 5.21685E-5 6.46068E-5 9.72477E-5 8.44064E-5 7.57658E-5 8.39551E-5 2.73803E-4 3.21842E-4 5.04314E-4 3.50043E-4 4.31941E-4 4.48961E-4 4.26204E-4 1.72985E-4 3.60433E-4 2.66384E-4 3.62831E-4 3.05535E-4 1.58421E-4 1.04993E-4 9.51425E-5 8.6534E-5 8.58111E-5 8.59336E-5 7.56565E-5 7.8108E-5 7.3882E-5 7.5964E-5
-9999 -9999 -9999 -9999 -9999 -9999 -9999 -9999 -9999 -9999 1.41645E-6 4.43559E-7 1.78974E-7 5.3367E-7 1.75788E-5 1.43849E-5 2.31672E-5 5.73096E-5 4.66714E-5 7.12909E-5 6.0421E-5 5.69067E-5 5.93862E-5 6.82207E-5 3.51225E-5 1.09129E-5 8.63166E-6 8.15856E-6 1.10186E-5 1.84049E-5 2.50422E-5 3.996E-5 3.9575E-5 4.17867E-5 6.77544E-5 8.63851E-5 1.40897E-4 2.14888E-4 2.62574E-4 2.30659E-4 3.49799E-4 3.90505E-4 5.75387E-4 5.88832E-4 5.66624E-4 7.0823E-4 6.57385E-4 5.35229E-4 3.99855E-4 6.08395E-4 6.14999E-4 4.00928E-4 2.89787E-4 2.40422E-4 2.04395E-4 9.8986E-5 9.03424E-5 8.52685E-5 8.96484E-5 8.56991E-5 8.5046E-5
-9999 -9999 -9999 -9999 -9999 -9999 -9999 -9999 -9999 -9999 1.41043E-6 3.35282E-7 5.34145E-7 3.78756E-7 3.14145E-6 8.89237E-6 2.91021E-5 5.55044E-5 6.07356E-5 9.95435E-5 1.14185E-4 6.92058E-5 5.64646E-5 6.1781E-5 3.5324E-5 1.6034E-5 8.75769E-6 7.7167E-6 1.84168E-5 1.34437E-5 2.43403E-5 4.42688E-5 4.47113E-5 4.11542E-5 9.65318E-5 7.0588E-5 1.21762E-4 1.71169E-4 1.58623E-4 2.39297E-4 4.5649E-4 6.63929E-4 9.36535E-4 8.39476E-4 1.22218E-3 8.198E-4 8.20613E-4 7.47357E-4 7.89615E-4 7.42624E-4 2.75409E-4 1.81456E-4 1.88358E-4 3.38022E-4 3.60277E-4 3.02154E-4 1.20287E-4 9.71707E-5 9.34001E-5 8.81992E-5 9.1473E-5
-9999 -9999 -9999 -9999 -9999 -9999 -9999 -9999 -9999 -9999 9.54662E-7 4.90967E-7 5.35742E-7 7.51652E-7 2.69211E-5 4.65363E-6 3.65075E-5 3.38684E-5 5.31343E-5 1.1712E-4 1.69203E-4 8.46158E-5 7.05701E-5 4.97082E-5 5.2719E-5 2.92968E-5 1.81594E-5 1.01E-5 1.31237E-5 2.72517E-5 2.44499E-5 1.95574E-5 4.23103E-5 8.88585E-5 8.01938E-5 1.08036E-4 9.91936E-5 1.06433E-4 1.39036E-4 2.38804E-4 5.1201E-4 1.13231E-3 1.31175E-3 2.18742E-3 1.49479E-3 7.19252E-4 5.52197E-4 6.5266E-4 4.2421E-4 8.66838E-4 7.51399E-4 2.79184E-4 1.94845E-4 4.25571E-4 2.32067E-4 1.95425E-4 1.11562E-4 1.43909E-4 1.15427E-4 9.22981E-5 1.00897E-4
-9999 -9999 -9999 -9999 -9999 -9999 -9999 -9999 2.33365E-6 1.71335E-6 1.51949E-6 1.00124E-6 6.60035E-7 6.03661E-7 1.46408E-6 2.3891E-5 3.68688E-5 3.70192E-5 4.30835E-5 6.8094E-5 7.47692E-5 1.16152E-4 1.19267E-4 6.72661E-5 5.916E-5 3.36459E-5 1.31709E-5 6.1817E-6 6.32277E-6 1.16951E-5 1.30576E-5 1.938E-5 3.79851E-5 3.95857E-5 5.27744E-5 4.88732E-5 6.97529E-5 1.30325E-4 1.11663E-4 2.95748E-4 6.59936E-4 1.19919E-3 9.89264E-4 1.00831E-3 9.93835E-4 5.85159E-4 5.95296E-4 6.86409E-4 6.13085E-4 4.3912E-4 6.73277E-4 5.37761E-4 4.11596E-4 3.5959E-4 2.2387E-4 1.85864E-4 2.65745E-4 2.15757E-4 2.23789E-4 1.15001E-4 1.21856E-4
-9999 -9999 -9999 -9999 -9999 -9999 -9999 -9999 1.3938E-6 8.44607E-7 1.4949E-6 1.89236E-6 1.35514E-6 3.56712E-7 7.88316E-7 3.60093E-6 5.92289E-6 5.58976E-5 3.5935E-5 2.36486E-5 3.6844E-5 5.66725E-5 1.35212E-4 5.25172E-5 5.14005E-5 3.30668E-5 1.91282E-5 1.07849E-5 5.77571E-6 6.11805E-6 1.63889E-5 1.26801E-5 3.64495E-5 4.94896E-5 7.20871E-5 4.07209E-5 1.01611E-4 1.0231E-4 1.08054E-4 1.08244E-4 3.853E-4 9.13198E-4 8.44768E-4 8.17675E-4 8.48618E-4 6.32912E-4 5.05799E-4 5.93957E-4 5.65965E-4 7.58147E-4 6.25217E-4 5.47739E-4 4.98459E-4 3.5691E-4 3.27801E-4 4.01664E-4 4.47813E-4 4.20347E-4 3.40432E-4 3.78531E-4 3.82761E-4
-9999 -9999 -9999 -9999 -9999 -9999 -9999 -9999 5.59327E-7 4.7454E-7 2.33946E-7 5.47918E-7 1.15675E-6 5.9294E-7 4.28018E-7 2.47709E-6 2.68251E-6 3.48322E-5 3.50809E-5 3.69952E-5 2.80789E-5 3.09492E-5 8.37234E-5 6.3916E-5 6.35293E-5 6.9918E-5 2.67673E-5 1.97432E-5 8.16695E-6 5.7179E-6 1.52736E-5 1.40149E-5 2.39813E-5 7.50479E-5 1.71653E-4 1.40899E-4 7.06286E-5 1.09114E-4 1.01399E-4 3.86468E-4 8.5486E-4 1.18561E-3 1.11652E-3 1.18993E-3 1.156E-3 6.87041E-4 5.57592E-4 4.53732E-4 7.47532E-4 7.70086E-4 9.56148E-4 6.41695E-4 5.15799E-4 3.88396E-4 5.2154E-4 3.09698E-4 5.34451E-4 4.67283E-4 3.34914E-4 5.30019E-4 5.60667E-4
-9999 -9999 -9999 -9999 -9999 -9999 -9999 -9999 -9999 7.63711E-7 2.0527E-7 3.91929E-7 6.58727E-7 1.31989E-6 4.4828E-7 9.35442E-7 3.78284E-6 2.91791E-5 1.41883E-4 6.44014E-5 1.62338E-5 1.8675E-5 3.4224E-5 7.09535E-5 4.87123E-5 4.85337E-5 3.52724E-5 2.74415E-5 1.16143E-5 6.28017E-6 4.61499E-6 6.52295E-6 1.36138E-5 3.05792E-5 6.47497E-5 7.90046E-5 9.91186E-5 8.52206E-5 1.45767E-4 9.54472E-4 8.9011E-4 1.81812E-3 1.76643E-3 1.25867E-3 9.05141E-4 5.74448E-4 7.32196E-4 7.46369E-4 4.05805E-4 5.05732E-4 4.73399E-4 5.64848E-4 4.03517E-4 8.93368E-4 7.52549E-4 3.91832E-4 5.14876E-4 6.16064E-4 4.25084E-4 4.93422E-4 3.80836E-4
-9999 -9999 -9999 -9999 -9999 -9999 -9999 -9999 -9999 4.35793E-7 3.81872E-7 2.57304E-7 4.54997E-7 1.31986E-6 2.00779E-6 9.23873E-7 1.32012E-6 1.90131E-6 1.49156E-5 2.64415E-5 1.6004E-5 1.4335E-5 3.12241E-5 5.45023E-5 4.5701E-5 4.65309E-5 5.10267E-5 2.70634E-5 1.02078E-5 4.151E-6 5.06842E-6 2.65892E-6 1.63402E-5 1.73244E-5 5.36648E-5 8.88076E-5 1.50146E-4 9.93373E-5 1.03518E-4 5.52631E-4 1.17689E-3 1.22158E-3 8.52165E-4 8.54404E-4 7.46255E-4 4.12002E-4 3.2293E-4 7.16736E-4 4.53446E-4 5.38006E-4 7.28662E-4 4.6535E-4 6.02185E-4 5.69267E-4 7.3218E-4 5.54637E-4 3.21584E-4 4.08221E-4 3.70204E-4 4.12069E-4 4.37924E-4
-9999 -9999 -9999 -9999 -9999 -9999 -9999 -9999 -9999 -9999 6.06218E-7 3.16235E-7 3.67641E-7 1.91897E-6 4.26569E-6 1.02597E-6 9.05027E-7 2.20534E-6 8.37837E-6 8.66858E-6 1.37748E-5 1.08002E-5 3.24902E-5 1.18917E-4 8.10344E-5 6.21309E-5 4.16128E-5 2.60049E-5 9.04622E-6 5.16433E-6 6.98797E-6 5.35231E-6 4.89024E-6 9.29509E-6 2.8384E-5 6.0167E-5 8.02722E-5 9.06148E-5 1.83129E-4 6.65349E-4 9.66174E-4 9.58074E-4 8.74664E-4 8.21616E-4 3.91252E-4 4.09677E-4 2.99787E-4 4.96265E-4 4.07846E-4 5.29657E-4 8.48157E-4 7.52354E-4 7.56873E-4 8.23176E-4 4.68302E-4 6.07381E-4 6.31015E-4 3.3844E-4 3.55766E-4 4.74295E-4 4.12832E-4
-9999 -9999 -9999 -9999 -9999 -9999 -9999 -9999 -9999 -9999 5.92865E-7 3.32977E-7 4.41386E-7 9.37086E-7 4.39596E-6 1.91907E-6 7.67596E-7 7.39079E-7 2.65248E-6 7.01311E-6 1.22967E-5 1.74496E-5 3.06249E-5 4.2684E-5 8.40854E-5 1.62693E-4 1.52476E-4 4.80816E-5 3.66549E-5 9.37905E-6 5.91658E-6 1.60089E-5 1.4747E-5 2.34191E-5 3.86902E-5 3.81504E-5 4.83254E-5 7.58626E-5 1.16314E-4 8.12495E-4 1.29593E-3 1.02538E-3 1.01209E-3 1.20095E-3 8.03671E-4 4.29505E-4 2.64663E-4 3.20779E-4 4.05975E-4 4.35343E-4 6.39053E-4 6.61954E-4 7.01299E-4 6.95302E-4 6.7116E-4 4.80777E-4 5.32571E-4 5.30645E-4 5.78516E-4 3.40951E-4 3.64754E-4
