Candidate_Models_Sept202022/M_0.9_F_lqp_Set_1_all/Bison.asc
ncols         97
nrows         127
xllcorner     -2197417.7431653
yllcorner     -584827.01486885
cellsize      30000.0
NODATA_value  -9999
[rows 27 to 53 of 127, columns 0 to 60 of 97]
-9999 -9999 1.16723E-5 6.45456E-6 1.96983E-5 2.66006E-5 2.25612E-5 3.27103E-5 8.81969E-5 2.78958E-5 2.53309E-5 3.76531E-5 1.18056E-5 1.60471E-5 1.27251E-5 1.96187E-5 1.37567E-5 1.33526E-5 1.02778E-5 8.60507E-6 7.22536E-6 7.72608E-6 6.47398E-6 6.22599E-6 7.87182E-6 8.95293E-6 1.04514E-5 9.30831E-6 9.38465E-6 8.44153E-6 6.81366E-6 8.36168E-6 7.89742E-6 8.46277E-6 1.04742E-5 1.05707E-5 1.61498E-5 1.18731E-5 7.82709E-6 1.43156E-5 2.50956E-5 2.6587E-5 2.05565E-5 4.50535E-5 2.02684E-5 1.391E-5 1.07749E-5 8.33491E-6 6.13686E-6 5.4374E-6 5.08694E-6 5.4526E-6 3.81846E-6 3.26405E-6 2.15527E-6 1.63106E-6 1.55518E-6 1.3873E-6 1.54079E-6 1.63604E-6 2.59737E-6
-9999 2.82997E-6 1.25424E-5 7.60159E-6 5.71343E-6 1.65292E-5 2.74647E-5 2.76898E-5 2.80464E-5 3.12308E-5 2.69597E-5 2.64541E-5 2.27634E-5 2.19661E-5 1.8756E-5 1.80664E-5 2.77E-5 1.76722E-5 1.43664E-5 1.27582E-5 1.85965E-5 1.10323E-5 5.85081E-6 6.73461E-6 9.08189E-6 1.00166E-5 9.05415E-6 9.741E-6 9.1184E-6 9.54731E-6 7.44454E-6 6.02737E-6 8.86453E-6 7.8423E-6 7.71941E-6 1.08564E-5 1.47415E-5 2.33382E-5 1.99708E-5 1.55321E-5 1.79119E-5 1.2859E-5 1.80813E-5 1.7594E-5 1.78953E-5 1.04882E-5 9.72157E-6 6.70185E-6 5.82579E-6 4.57509E-6 4.92731E-6 6.65778E-6 3.36398E-6 2.76049E-6 2.21515E-6 1.76493E-6 1.53193E-6 1.39323E-6 1.48595E-6 1.70694E-6 1.48554E-6
-9999 6.89236E-7 1.45424E-6 7.49625E-6 9.04061E-6 1.66103E-5 2.0985E-5 3.0503E-5 4.02557E-5 3.65991E-5 2.60277E-5 3.34502E-5 2.58406E-5 2.25388E-5 2.25601E-5 1.5516E-5 1.70202E-5 2.01523E-5 2.5821E-5 2.03631E-5 1.0061E-5 6.58852E-6 8.20425E-6 6.74356E-6 1.33928E-5 1.1579E-5 1.14596E-5 1.05539E-5 9.36E-6 1.00025E-5 7.75721E-6 6.45482E-6 9.25238E-6 8.25118E-6 7.58081E-6 8.4628E-6 1.24491E-5 1.78467E-5 1.61419E-5 1.70488E-5 2.0089E-5 1.80963E-5 2.14155E-5 1.47011E-5 9.30864E-6 1.01536E-5 7.54026E-6 6.05252E-6 4.67553E-6 4.57672E-6 4.28942E-6 4.09615E-6 3.05285E-6 2.61599E-6 2.08233E-6 1.8375E-6 1.57886E-6 1.41071E-6 1.35586E-6 1.60494E-6 1.53332E-6
6.78383E-6 5.2103E-7 6.34517E-8 4.48898E-7 2.18112E-6 1.17318E-5 2.40896E-5 3.73106E-5 3.37892E-5 3.13526E-5 3.18923E-5 3.33847E-5 3.38403E-5 4.25733E-5 2.15711E-5 1.68272E-5 2.74093E-5 2.24571E-5 2.11546E-5 1.61493E-5 1.15075E-5 7.71266E-6 1.00859E-5 1.2692E-5 1.20673E-5 1.10092E-5 1.02026E-5 1.07102E-5 1.10071E-5 9.56415E-6 8.23368E-6 7.91089E-6 7.36731E-6 7.71746E-6 1.04866E-5 1.09329E-5 1.32509E-5 1.43383E-5 1.80841E-5 1.71376E-5 1.72942E-5 1.41663E-5 1.56663E-5 1.72043E-5 1.02223E-5 8.424E-6 7.38288E-6 5.74176E-6 4.52533E-6 3.47144E-6 3.03203E-6 3.32066E-6 3.20421E-6 2.92822E-6 2.41114E-6 2.04234E-6 1.64186E-6 1.48171E-6 1.43176E-6 1.61942E-6 1.59817E-6
4.41954E-6 4.41896E-6 1.46146E-7 7.14059E-8 9.63055E-7 1.87673E-5 2.42459E-5 4.96975E-5 3.5829E-5 3.88896E-5 4.41114E-5 3.71057E-5 3.55346E-5 5.54735E-5 2.71669E-5 3.42439E-5 1.79948E-5 2.62464E-5 1.65216E-5 1.10698E-5 9.56392E-6 1.15293E-5 9.57971E-6 1.05425E-5 1.17148E-5 1.18784E-5 1.12612E-5 1.24388E-5 1.14427E-5 1.10978E-5 8.35542E-6 7.12208E-6 9.24494E-6 5.85177E-6 9.56434E-6 1.23166E-5 1.32124E-5 1.5616E-5 1.56461E-5 1.37187E-5 1.53319E-5 1.49558E-5 1.43966E-5 1.22554E-5 9.49504E-6 7.28382E-6 6.60036E-6 6.17594E-6 4.91587E-6 3.45954E-6 3.19752E-6 3.4231E-6 3.06803E-6 2.97642E-6 2.57866E-6 2.12746E-6 1.76942E-6 1.70386E-6 1.56358E-6 1.65873E-6 1.62203E-6
3.71898E-6 9.12388E-6 2.90203E-6 2.57413E-7 4.8263E-7 1.66149E-5 3.45092E-5 3.70694E-5 3.75676E-5 4.10394E-5 4.18525E-5 3.85785E-5 3.54221E-5 3.16513E-5 2.64749E-5 2.01235E-5 1.99897E-5 1.42703E-5 1.47088E-5 1.32829E-5 1.18797E-5 1.04652E-5 9.52736E-6 1.21495E-5 1.68789E-5 1.21236E-5 1.20346E-5 2.0802E-5 1.24338E-5 8.75656E-6 7.8523E-6 7.9241E-6 8.76161E-6 8.27301E-6 7.47413E-6 1.06232E-5 1.68798E-5 1.2175E-5 1.10411E-5 1.27947E-5 9.65929E-6 1.68291E-5 1.41076E-5 1.76981E-5 1.43021E-5 7.11189E-6 6.26702E-6 5.67598E-6 5.89959E-6 3.7532E-6 3.61794E-6 3.43432E-6 3.00121E-6 2.98041E-6 2.67855E-6 2.07256E-6 1.91604E-6 1.84347E-6 1.87654E-6 1.70767E-6 1.72056E-6
-9999 2.41403E-6 6.1546E-6 4.58478E-6 9.79995E-7 1.88289E-5 2.39802E-5 3.79741E-5 3.28025E-5 2.62507E-5 4.06606E-5 4.39232E-5 3.45199E-5 3.07762E-5 1.73491E-5 1.42172E-5 9.78675E-6 8.689E-6 1.43851E-5 1.57841E-5 1.41511E-5 1.81007E-5 1.07772E-5 1.16333E-5 1.29702E-5 1.78645E-5 1.52705E-5 2.06508E-5 1.84006E-5 1.27372E-5 1.0408E-5 8.48652E-6 9.3642E-6 9.55327E-6 8.84086E-6 1.28147E-5 1.56187E-5 1.43813E-5 1.22402E-5 1.73842E-5 1.29917E-5 1.05917E-5 1.45751E-5 1.36078E-5 1.26731E-5 7.00027E-6 7.08998E-6 8.38406E-6 6.84905E-6 5.28187E-6 4.62491E-6 4.09027E-6 3.47215E-6 3.42305E-6 2.73998E-6 2.41733E-6 2.41223E-6 2.003E-6 1.94047E-6 1.74547E-6 1.85387E-6
-9999 -9999 2.016E-6 4.30306E-6 3.00542E-6 1.86855E-5 9.91783E-6 1.96584E-5 2.90667E-5 3.74049E-5 3.22577E-5 7.36286E-5 2.76013E-5 2.49439E-5 1.7988E-5 1.33044E-5 1.0878E-5 8.74554E-6 1.07541E-5 1.63531E-5 1.84839E-5 1.1233E-5 1.13084E-5 1.23725E-5 2.3404E-5 1.48299E-5 1.49421E-5 2.67682E-5 1.64911E-5 1.47362E-5 9.1469E-6 7.69825E-6 1.25188E-5 1.10087E-5 1.26199E-5 1.09713E-5 1.33047E-5 1.15507E-5 1.28341E-5 1.50432E-5 1.46409E-5 1.40496E-5 1.68082E-5 1.36467E-5 1.27382E-5 8.75498E-6 8.24312E-6 7.82469E-6 8.53552E-6 9.5852E-6 5.99786E-6 4.7922E-6 3.76041E-6 3.527E-6 3.02087E-6 2.54108E-6 2.63929E-6 2.14136E-6 2.13062E-6 2.0833E-6 1.98283E-6
-9999 -9999 2.0404E-6 3.60818E-6 4.09397E-6 8.99387E-6 5.9429E-6 1.43524E-5 1.93962E-5 3.98725E-5 3.89117E-5 4.60391E-5 2.59837E-5 2.25288E-5 1.55751E-5 2.09671E-5 1.66961E-5 1.59896E-5 1.13976E-5 1.46207E-5 1.83975E-5 1.83008E-5 1.18706E-5 1.12768E-5 1.97896E-5 1.88264E-5 1.82281E-5 2.35983E-5 2.55642E-5 1.44217E-5 1.1533E-5 9.45199E-6 9.11873E-6 8.44719E-6 8.07889E-6 1.20828E-5 1.13151E-5 1.14575E-5 1.38504E-5 1.41239E-5 1.20001E-5 1.66655E-5 1.05741E-5 1.2419E-5 1.14944E-5 9.8744E-6 7.71224E-6 8.96471E-6 8.97067E-6 1.3227E-5 7.39629E-6 7.15414E-6 4.79208E-6 3.86167E-6 3.2467E-6 2.86302E-6 2.62792E-6 2.50873E-6 2.52853E-6 2.3808E-6 2.03227E-6
-9999 -9999 2.17124E-6 3.60476E-6 3.03503E-6 4.21282E-6 4.73965E-6 2.20663E-5 2.89704E-5 3.11961E-5 3.70761E-5 2.48559E-5 3.29709E-5 2.43073E-5 1.68465E-5 1.93999E-5 2.13464E-5 1.86774E-5 1.9064E-5 1.61001E-5 2.01133E-5 1.97368E-5 1.26011E-5 1.64129E-5 1.30207E-5 1.30379E-5 1.62864E-5 1.4852E-5 1.93373E-5 1.72543E-5 1.14779E-5 8.66427E-6 7.39519E-6 9.03067E-6 1.10037E-5 1.22452E-5 1.18967E-5 1.23939E-5 1.31007E-5 1.16078E-5 1.23476E-5 1.06594E-5 9.72076E-6 7.53599E-6 1.1921E-5 1.10357E-5 8.88275E-6 1.15754E-5 1.00491E-5 1.20444E-5 7.56357E-6 6.31032E-6 4.97747E-6 4.10701E-6 3.90158E-6 3.27304E-6 3.01449E-6 2.71958E-6 3.02307E-6 2.63555E-6 2.34547E-6
-9999 -9999 -9999 2.65861E-6 9.06613E-6 1.82249E-5 1.27063E-5 1.79134E-5 2.00332E-5 1.418E-5 1.63014E-5 2.94484E-5 3.64163E-5 2.78741E-5 1.82666E-5 1.78945E-5 1.91271E-5 1.68313E-5 2.00501E-5 1.94683E-5 1.95989E-5 2.02706E-5 1.17258E-5 1.89991E-5 2.42323E-5 1.50231E-5 2.19311E-5 1.77013E-5 1.41571E-5 1.27682E-5 1.14874E-5 1.21885E-5 7.84659E-6 1.00638E-5 1.15439E-5 1.14135E-5 1.3168E-5 1.2796E-5 8.14281E-6 1.06676E-5 9.56899E-6 1.04398E-5 1.28858E-5 1.27076E-5 1.29827E-5 1.07551E-5 9.9668E-6 1.12236E-5 9.33358E-6 7.91139E-6 7.15858E-6 6.86945E-6 6.4554E-6 5.10359E-6 4.8016E-6 4.03775E-6 3.80776E-6 3.24296E-6 2.75147E-6 2.7605E-6 2.62153E-6
-9999 -9999 -9999 1.00456E-6 5.79245E-6 3.69754E-5 2.49002E-5 3.384E-5 3.94209E-5 3.60379E-5 1.10817E-5 2.77276E-5 2.5968E-5 2.55768E-5 2.74289E-5 2.0285E-5 1.41189E-5 2.17767E-5 1.74502E-5 1.72652E-5 1.22395E-5 1.20853E-5 1.14369E-5 1.53985E-5 1.89625E-5 2.06671E-5 1.91602E-5 1.27091E-5 8.10185E-6 1.03874E-5 1.19847E-5 1.12037E-5 9.30732E-6 1.14505E-5 1.13254E-5 1.1188E-5 1.43608E-5 1.6081E-5 1.54712E-5 1.39356E-5 1.18156E-5 1.27359E-5 1.47687E-5 1.0239E-5 1.38284E-5 1.20881E-5 1.15713E-5 1.29797E-5 1.26934E-5 1.10659E-5 7.16045E-6 1.07809E-5 7.79993E-6 6.89643E-6 5.48599E-6 4.2423E-6 3.97358E-6 3.47756E-6 3.3059E-6 2.91783E-6 2.70854E-6
-9999 -9999 -9999 3.51559E-7 2.22352E-6 8.38016E-6 1.53129E-5 2.74579E-5 2.91853E-5 3.67988E-5 1.47013E-5 1.7862E-5 2.882E-5 2.64121E-5 2.0598E-5 2.08844E-5 1.31231E-5 2.03475E-5 1.67493E-5 1.90968E-5 1.62685E-5 1.13391E-5 1.70898E-5 1.68742E-5 2.0023E-5 2.01044E-5 1.87906E-5 1.55401E-5 1.17372E-5 1.04846E-5 1.39266E-5 1.37711E-5 1.33729E-5 1.17422E-5 1.30832E-5 1.33468E-5 1.4822E-5 1.6566E-5 1.75058E-5 1.41815E-5 9.69648E-6 9.09313E-6 1.38228E-5 1.73195E-5 1.45106E-5 1.43947E-5 1.16019E-5 1.534E-5 1.32517E-5 1.15986E-5 1.0956E-5 9.06933E-6 1.15536E-5 9.26883E-6 7.37887E-6 6.76201E-6 6.91932E-6 5.13382E-6 4.46673E-6 3.55053E-6 3.13435E-6
-9999 -9999 -9999 -9999 2.14579E-6 3.02967E-6 7.74198E-6 5.56843E-6 2.65897E-5 2.52203E-5 3.74562E-6 1.08584E-5 3.52757E-5 2.05364E-5 2.27431E-5 3.11531E-5 2.76887E-5 2.08995E-5 2.3378E-5 2.08551E-5 1.55562E-5 1.54962E-5 1.61906E-5 1.42572E-5 1.75164E-5 1.96773E-5 1.83719E-5 1.57225E-5 1.37589E-5 1.38771E-5 1.24706E-5 1.32116E-5 1.45094E-5 1.5101E-5 1.31019E-5 1.40852E-5 1.51774E-5 1.51567E-5 1.63533E-5 1.56015E-5 1.35674E-5 1.20161E-5 1.12097E-5 1.71795E-5 1.71438E-5 1.51796E-5 1.30983E-5 1.67219E-5 1.62909E-5 1.43904E-5 9.42323E-6 1.33481E-5 1.62033E-5 1.17775E-5 1.14939E-5 1.08267E-5 7.20933E-6 7.55433E-6 7.49764E-6 3.87823E-6 3.14317E-6
-9999 -9999 -9999 -9999 1.24342E-6 2.95756E-6 4.17862E-6 1.13108E-5 3.2432E-6 3.78553E-6 1.85313E-6 8.57703E-6 2.85449E-5 2.49959E-5 2.78248E-5 2.00261E-5 2.43207E-5 2.85591E-5 2.24397E-5 2.29983E-5 2.01696E-5 2.46018E-5 1.77409E-5 1.63827E-5 1.54352E-5 1.53311E-5 2.43348E-5 1.80453E-5 1.8903E-5 1.66944E-5 1.3454E-5 1.56913E-5 1.71371E-5 1.70522E-5 1.56128E-5 1.5492E-5 1.46459E-5 1.82663E-5 2.00682E-5 2.30212E-5 2.50128E-5 2.44888E-5 1.50887E-5 1.90817E-5 1.6798E-5 2.1051E-5 2.22543E-5 1.24702E-5 1.85548E-5 2.15981E-5 1.71692E-5 1.66058E-5 1.77087E-5 9.23089E-6 8.61187E-6 9.59626E-6 8.8233E-6 9.34875E-6 8.15861E-6 4.69678E-6 3.6601E-6
-9999 -9999 -9999 -9999 3.36319E-7 1.49594E-6 2.73684E-6 6.95539E-6 6.26838E-6 3.5326E-6 2.61605E-6 7.2992E-6 2.13245E-5 2.17271E-5 2.475E-5 2.23236E-5 3.05302E-5 3.34488E-5 1.59421E-5 2.18733E-5 2.28041E-5 1.68999E-5 2.15913E-5 2.25625E-5 2.48424E-5 2.3036E-5 2.36136E-5 1.64344E-5 1.84911E-5 1.48356E-5 1.83296E-5 2.0931E-5 2.03666E-5 1.83236E-5 1.8197E-5 1.75812E-5 1.64661E-5 1.86256E-5 2.79133E-5 3.12564E-5 2.13575E-5 2.08332E-5 2.15422E-5 2.06599E-5 1.94892E-5 2.47161E-5 2.97288E-5 3.12102E-5 -9999 2.1552E-5 1.68279E-5 1.58771E-5 1.23506E-5 1.12865E-5 2.22934E-5 1.11939E-5 1.1842E-5 1.12182E-5 1.35366E-5 5.6946E-6 4.07246E-6
-9999 -9999 -9999 -9999 3.71789E-7 1.00316E-6 1.61491E-6 2.04636E-7 3.04513E-5 7.93339E-5 5.26778E-6 5.00029E-6 1.15308E-5 1.60016E-5 2.12693E-5 2.98258E-5 3.09313E-5 1.93291E-5 1.66128E-5 2.16215E-5 2.67408E-5 2.37116E-5 2.43691E-5 3.71224E-5 2.33128E-5 1.94265E-5 1.96075E-5 2.03124E-5 1.61744E-5 1.70818E-5 2.00603E-5 2.27582E-5 2.09202E-5 2.0865E-5 1.88229E-5 1.97734E-5 1.85103E-5 1.83613E-5 1.81846E-5 2.2511E-5 3.15363E-5 2.16399E-5 2.23307E-5 2.22813E-5 2.36646E-5 2.26539E-5 -9999 -9999 -9999 -9999 2.39068E-5 1.41994E-5 1.40504E-5 1.6934E-5 1.661E-5 1.45792E-5 8.41328E-6 6.38302E-6 4.57199E-6 5.42924E-6 5.30003E-6
-9999 -9999 -9999 -9999 2.37412E-7 1.70667E-6 1.28013E-6 4.08854E-7 1.47937E-7 8.49919E-5 5.45565E-6 1.49574E-5 1.03819E-5 1.85484E-5 1.97277E-5 2.32783E-5 2.18466E-5 1.65146E-5 1.76283E-5 1.99127E-5 1.95988E-5 2.21292E-5 2.53086E-5 2.48615E-5 1.54383E-5 1.45035E-5 2.12918E-5 1.66628E-5 2.11674E-5 2.17278E-5 2.17231E-5 2.15438E-5 2.19612E-5 2.57683E-5 1.7172E-5 2.2993E-5 2.16289E-5 1.86177E-5 1.93924E-5 2.04207E-5 2.48332E-5 2.11566E-5 1.97761E-5 1.69979E-5 2.8123E-5 -9999 -9999 -9999 -9999 4.90761E-5 2.62184E-5 2.20268E-5 1.66268E-5 1.61953E-5 1.71212E-5 1.38019E-5 1.15031E-5 7.93275E-6 8.34579E-6 1.03027E-5 6.09297E-6
-9999 -9999 -9999 -9999 5.98936E-7 2.10667E-6 2.01326E-6 3.63621E-7 3.1788E-6 1.03899E-5 7.21557E-6 1.22876E-5 7.37528E-6 2.1501E-5 2.32321E-5 2.24169E-5 2.22512E-5 2.28603E-5 1.47806E-5 1.66831E-5 1.92212E-5 2.52235E-5 2.17209E-5 1.76045E-5 1.62173E-5 1.59729E-5 2.03667E-5 2.24556E-5 2.56443E-5 2.78445E-5 2.56035E-5 2.23332E-5 2.2995E-5 2.29181E-5 2.25379E-5 2.00448E-5 2.29022E-5 1.98598E-5 2.31241E-5 2.30397E-5 2.28074E-5 2.40043E-5 3.17945E-5 4.00532E-5 3.89906E-5 -9999 -9999 -9999 5.32371E-5 3.86677E-5 3.96808E-5 2.65483E-5 2.14164E-5 2.16017E-5 1.51353E-5 1.46185E-5 1.20499E-5 6.90514E-6 7.60898E-6 1.22466E-5 6.37437E-6
-9999 -9999 -9999 1.06581E-6 1.55397E-5 8.09752E-6 5.60964E-7 9.0665E-7 4.96062E-7 1.97567E-6 1.54663E-5 5.98751E-6 7.93307E-6 1.42406E-5 2.16182E-5 1.72311E-5 2.82297E-5 2.24433E-5 2.263E-5 1.45867E-5 1.67392E-5 1.84199E-5 1.7035E-5 1.29416E-5 2.01772E-5 1.56357E-5 1.72085E-5 2.38778E-5 2.0785E-5 2.82008E-5 3.33912E-5 2.93443E-5 2.46353E-5 2.5389E-5 2.41074E-5 2.34514E-5 2.13963E-5 2.41735E-5 2.20777E-5 2.46224E-5 2.49103E-5 2.36033E-5 2.68938E-5 3.97787E-5 6.93395E-5 5.86451E-5 4.26914E-5 4.24089E-5 4.08251E-5 3.15181E-5 3.61364E-5 3.25746E-5 2.47981E-5 2.15326E-5 2.06957E-5 1.58341E-5 1.23774E-5 7.5768E-6 9.29337E-6 9.97227E-6 7.85332E-6
-9999 -9999 -9999 -9999 1.80261E-6 1.3808E-5 1.76599E-6 -9999 4.05702E-7 2.13797E-6 8.06453E-6 3.18515E-6 1.46333E-5 1.79178E-5 1.88459E-5 2.47833E-5 2.85333E-5 2.30415E-5 1.90162E-5 2.12996E-5 1.47982E-5 1.91452E-5 1.30801E-5 2.08446E-5 2.9046E-5 2.39404E-5 1.86532E-5 2.57847E-5 2.21111E-5 2.53281E-5 2.78698E-5 3.39044E-5 3.07538E-5 2.74055E-5 2.61633E-5 2.36742E-5 2.78228E-5 2.5263E-5 2.3492E-5 2.79681E-5 2.82965E-5 2.59345E-5 2.43481E-5 3.49327E-5 4.98679E-5 4.42951E-5 3.95002E-5 3.57605E-5 3.94887E-5 3.11678E-5 3.51939E-5 3.03272E-5 2.72397E-5 2.27719E-5 2.138E-5 1.59993E-5 1.20231E-5 9.04678E-6 1.22978E-5 1.07601E-5 7.38199E-6
-9999 -9999 -9999 -9999 4.54619E-7 7.50651E-7 1.15746E-6 2.07855E-6 7.45674E-7 7.96906E-6 1.10641E-5 1.93623E-6 2.15912E-5 1.15667E-5 1.70464E-5 3.68622E-5 2.08357E-5 2.97456E-5 1.90067E-5 1.71199E-5 1.51858E-5 1.66482E-5 1.90889E-5 3.20139E-5 2.28989E-5 2.72976E-5 1.84751E-5 2.21754E-5 2.25562E-5 2.63734E-5 3.09774E-5 3.7967E-5 3.7792E-5 3.54389E-5 3.1373E-5 3.00865E-5 2.86329E-5 2.80494E-5 2.5145E-5 2.75981E-5 2.76414E-5 2.84877E-5 2.40569E-5 3.37719E-5 3.12798E-5 3.7188E-5 4.1692E-5 4.42103E-5 3.5113E-5 3.28042E-5 3.39428E-5 2.63234E-5 2.42658E-5 2.28456E-5 2.24043E-5 1.70215E-5 1.34216E-5 1.26942E-5 1.01867E-5 1.14718E-5 1.04072E-5
-9999 -9999 -9999 -9999 2.67074E-6 9.15287E-7 1.64896E-6 1.11217E-6 1.40302E-6 9.40235E-6 3.65661E-6 1.71206E-6 9.41676E-6 1.96805E-5 1.76608E-5 2.32534E-5 2.57641E-5 3.07446E-5 2.67353E-5 1.87538E-5 1.88668E-5 1.67686E-5 1.31043E-5 1.89967E-5 4.47714E-5 2.7684E-5 1.64688E-5 2.53382E-5 2.9664E-5 3.32681E-5 3.20242E-5 3.59917E-5 4.71511E-5 4.02426E-5 4.0994E-5 3.41228E-5 3.25024E-5 3.03748E-5 3.72842E-5 3.63263E-5 3.22691E-5 3.21396E-5 3.61767E-5 3.16232E-5 3.21948E-5 3.34635E-5 4.20044E-5 4.50916E-5 3.18119E-5 3.59615E-5 3.01115E-5 2.61944E-5 2.31272E-5 2.20922E-5 2.11639E-5 1.52678E-5 1.46042E-5 1.67138E-5 1.36934E-5 1.14363E-5 9.01378E-6
-9999 -9999 -9999 -9999 -9999 9.95083E-7 1.89733E-6 2.29107E-6 8.14292E-7 2.46167E-6 1.92299E-6 6.14661E-6 7.2804E-6 1.13071E-5 1.27378E-5 2.37783E-5 3.8385E-5 2.7814E-5 3.07067E-5 2.24121E-5 2.14251E-5 2.57882E-5 1.64551E-5 2.30286E-5 2.9344E-5 5.42782E-5 2.43821E-5 2.19363E-5 2.49182E-5 3.59128E-5 3.69188E-5 4.54615E-5 4.50876E-5 4.61914E-5 4.0814E-5 3.84566E-5 3.43023E-5 3.20695E-5 3.47351E-5 3.46955E-5 3.6183E-5 3.4574E-5 3.7794E-5 3.52964E-5 3.48379E-5 3.03619E-5 4.5886E-5 3.31283E-5 3.60614E-5 3.60801E-5 3.02449E-5 2.74453E-5 2.43246E-5 2.25244E-5 2.17946E-5 1.63258E-5 1.9212E-5 1.49582E-5 1.62903E-5 9.56967E-6 1.01964E-5
-9999 -9999 -9999 -9999 -9999 3.16386E-6 5.63666E-7 2.00584E-6 1.5585E-6 6.88165E-6 4.82127E-6 6.39179E-7 1.78309E-6 4.66E-6 1.53055E-5 2.3268E-5 2.87856E-5 2.94032E-5 3.07253E-5 2.7792E-5 3.11149E-5 1.64365E-5 2.40126E-5 2.22099E-5 3.60052E-5 5.30186E-5 2.75101E-5 2.61656E-5 2.94917E-5 3.78977E-5 3.73743E-5 4.39311E-5 4.48827E-5 3.95839E-5 3.64936E-5 3.89431E-5 4.34252E-5 4.08323E-5 4.02396E-5 4.00375E-5 3.94599E-5 3.82684E-5 3.64937E-5 4.21223E-5 4.33458E-5 3.98688E-5 3.6682E-5 3.86804E-5 3.6238E-5 4.15919E-5 3.40093E-5 2.93967E-5 3.15669E-5 2.06416E-5 2.39261E-5 2.611E-5 1.59017E-5 1.58266E-5 1.3743E-5 1.3822E-5 1.23005E-5
-9999 -9999 -9999 -9999 -9999 3.65995E-6 1.87528E-6 5.62257E-7 9.78624E-7 3.31847E-7 4.50647E-6 1.12129E-6 1.00876E-6 1.75478E-6 1.73439E-5 1.83472E-5 2.02909E-5 2.04373E-5 2.86948E-5 3.52996E-5 2.26075E-5 2.43728E-5 2.30016E-5 2.09788E-5 3.02392E-5 4.15794E-5 2.13146E-5 3.72883E-5 3.92232E-5 3.20161E-5 3.95836E-5 4.15507E-5 4.78186E-5 4.52383E-5 4.58211E-5 4.68626E-5 4.48665E-5 4.93751E-5 5.18698E-5 4.96331E-5 4.66836E-5 4.26523E-5 4.67358E-5 4.06362E-5 4.57919E-5 5.1898E-5 3.71965E-5 3.56573E-5 3.37922E-5 3.74792E-5 3.71384E-5 3.47314E-5 3.66802E-5 2.066E-5 2.65531E-5 1.95209E-5 1.91135E-5 1.66394E-5 1.45455E-5 1.4897E-5 1.27949E-5
-9999 -9999 -9999 -9999 -9999 2.02962E-6 6.04227E-7 1.12611E-6 1.56469E-6 2.77396E-7 8.61644E-7 1.20668E-6 3.80638E-6 5.14982E-6 1.19971E-5 1.50084E-5 1.48199E-5 1.45437E-5 2.17458E-5 2.64618E-5 3.08362E-5 4.32487E-5 3.52608E-5 2.23855E-5 1.95287E-5 6.24024E-5 2.79241E-5 2.97933E-5 4.03991E-5 3.13251E-5 4.26574E-5 4.77847E-5 5.11782E-5 5.41322E-5 5.40135E-5 4.88181E-5 5.53279E-5 4.93843E-5 5.18277E-5 5.75833E-5 8.44553E-5 6.5026E-5 4.44983E-5 3.21167E-5 4.71951E-5 4.19121E-5 4.15406E-5 4.00268E-5 3.7207E-5 4.73283E-5 3.86846E-5 3.52213E-5 4.43091E-5 3.93703E-5 2.28852E-5 -9999 1.92043E-5 1.4837E-5 1.56905E-5 1.72436E-5 1.46089E-5
