Candidate_Models_Sept202022/M_0.9_F_lqp_Set_1_all/Bison.asc
ncols         97
nrows         127
xllcorner     -2197417.7431653
yllcorner     -584827.01486885
cellsize      30000.0
NODATA_value  -9999
[rows 81 to 107 of 127, columns 0 to 60 of 97]
-9999 -9999 -9999 -9999 -9999 -9999 -9999 -9999 -9999 -9999 -9999 1.07439E-6 2.78566E-7 6.67239E-7 7.76247E-6 2.72133E-6 1.72972E-6 5.11728E-7 9.47177E-7 6.15163E-6 4.39042E-6 2.21842E-5 1.47668E-5 2.68189E-5 7.13657E-5 1.33013E-4 4.56496E-5 4.04548E-5 6.86527E-5 9.00821E-6 7.79437E-6 3.55878E-6 8.18171E-6 2.3663E-5 2.3891E-5 3.1867E-5 2.65861E-5 1.73243E-4 4.3073E-4 1.16832E-3 2.70034E-3 9.01162E-4 7.72674E-4 1.30804E-3 8.43056E-4 3.77495E-4 3.22018E-4 3.24192E-4 3.35335E-4 4.08983E-4 4.61323E-4 6.39464E-4 7.06767E-4 6.38374E-4 6.30309E-4 3.48161E-4 4.61915E-4 4.90166E-4 4.19857E-4 3.51795E-4 3.52307E-4
-9999 -9999 -9999 -9999 -9999 -9999 -9999 -9999 -9999 -9999 -9999 -9999 6.6438E-7 3.50632E-7 2.07665E-6 4.93381E-6 2.47095E-6 5.07795E-6 1.74691E-6 8.82395E-7 1.53346E-6 4.17133E-6 4.24083E-6 1.39956E-5 1.15908E-4 1.23873E-4 3.35222E-5 4.44331E-5 1.06549E-4 1.21528E-5 5.74804E-6 4.93273E-6 5.4773E-6 1.32282E-5 3.80921E-5 4.7525E-5 3.59E-5 5.21236E-5 1.47794E-4 7.37745E-4 2.42727E-3 9.57611E-4 7.83245E-4 9.46545E-4 6.74849E-4 3.7026E-4 2.93324E-4 3.7189E-4 4.06785E-4 5.79242E-4 5.9841E-4 6.35644E-4 7.49917E-4 6.24771E-4 5.27278E-4 5.33532E-4 4.67079E-4 3.82215E-4 3.61103E-4 3.11785E-4 4.20774E-4
-9999 -9999 -9999 -9999 -9999 -9999 -9999 -9999 -9999 -9999 -9999 -9999 -9999 9.18356E-7 2.93843E-7 1.42365E-6 2.45096E-6 6.39009E-6 1.27385E-4 3.34166E-6 1.56329E-6 2.90175E-6 2.07983E-6 1.02948E-5 3.27295E-5 2.69018E-5 2.13001E-5 6.26223E-5 1.77496E-5 1.24894E-5 5.34312E-6 4.95192E-6 3.73E-6 7.34241E-6 2.54383E-5 1.04498E-4 3.66837E-5 3.82581E-5 6.96971E-5 6.44171E-4 1.2987E-3 1.22886E-3 8.4057E-4 6.54328E-4 5.05128E-4 3.43499E-4 3.61937E-4 4.24342E-4 4.55632E-4 5.14784E-4 5.48716E-4 5.53299E-4 7.88129E-4 6.82414E-4 5.77565E-4 5.19288E-4 6.30477E-4 4.95932E-4 3.2285E-4 3.43533E-4 3.66166E-4
-9999 -9999 -9999 -9999 -9999 -9999 -9999 -9999 -9999 -9999 -9999 -9999 -9999 9.95769E-7 5.37497E-7 1.43969E-6 4.51835E-6 -9999 2.55981E-5 5.34292E-5 5.99295E-5 1.85344E-5 4.78278E-6 5.94037E-6 5.22504E-5 2.91026E-5 4.88137E-5 3.7692E-5 1.81548E-5 1.13577E-5 9.26401E-6 5.50695E-6 4.45267E-6 8.11247E-6 1.8502E-5 3.96267E-5 2.95794E-5 3.94134E-5 5.27255E-5 3.68474E-4 6.12501E-4 7.8516E-4 8.18205E-4 3.84057E-4 4.76208E-4 6.43866E-4 5.57551E-4 5.75001E-4 4.28175E-4 5.2273E-4 5.06212E-4 4.62445E-4 5.36697E-4 4.86855E-4 4.89968E-4 3.09112E-4 4.981E-4 6.1679E-4 4.30696E-4 4.04071E-4 5.29025E-4
-9999 -9999 -9999 -9999 -9999 -9999 -9999 -9999 -9999 -9999 -9999 -9999 -9999 1.97376E-6 1.05123E-6 9.06696E-7 4.31067E-6 -9999 3.13421E-5 1.70093E-4 3.81484E-5 5.19214E-6 1.76791E-6 6.59039E-6 1.97997E-5 2.98565E-5 6.45481E-5 2.01407E-5 1.64407E-5 9.36958E-6 6.65909E-6 4.18241E-6 7.90184E-6 1.17685E-5 1.72538E-5 3.52509E-5 4.08903E-5 5.1267E-5 1.0637E-4 1.29842E-4 3.88147E-4 5.46016E-4 7.41929E-4 4.82596E-4 3.96441E-4 6.19532E-4 3.80903E-4 3.6052E-4 4.43649E-4 5.80983E-4 5.00446E-4 3.21679E-4 4.60731E-4 7.16771E-4 5.78822E-4 5.29766E-4 7.32432E-4 3.72804E-4 3.66339E-4 3.63929E-4 3.45973E-4
-9999 -9999 -9999 -9999 -9999 -9999 -9999 -9999 -9999 -9999 -9999 -9999 -9999 1.0854E-6 1.74189E-6 1.70048E-6 2.85565E-6 -9999 2.08637E-6 2.16984E-5 4.6633E-6 1.99766E-6 3.40416E-6 5.40632E-6 2.17263E-5 5.66073E-5 1.09211E-4 2.21474E-5 1.40583E-5 7.39809E-6 1.24578E-5 1.35258E-5 1.20256E-5 8.87073E-6 1.27292E-5 7.92233E-5 1.95209E-5 4.92268E-5 5.50106E-5 2.10673E-4 2.92827E-4 5.03836E-4 6.04192E-4 5.62213E-4 5.34512E-4 4.18521E-4 3.11431E-4 3.58985E-4 4.57057E-4 5.9528E-4 4.27763E-4 2.64179E-4 3.58927E-4 6.82993E-4 6.03431E-4 5.76529E-4 5.72999E-4 2.95126E-4 3.15254E-4 3.45665E-4 5.31936E-4
-9999 -9999 -9999 -9999 -9999 -9999 -9999 -9999 -9999 -9999 -9999 -9999 -9999 1.48808E-6 8.33827E-7 1.11005E-6 2.15649E-5 -9999 1.43219E-5 2.1874E-5 3.4453E-6 1.75534E-6 1.15631E-5 2.70873E-5 3.20443E-5 7.8041E-5 3.06342E-4 9.23471E-5 5.51976E-5 1.05258E-5 2.31835E-5 5.08129E-6 2.3704E-6 1.20092E-5 2.80562E-5 4.61058E-5 3.9632E-5 3.47204E-5 3.48628E-4 3.23249E-4 2.0329E-4 4.13375E-4 1.02727E-3 5.80418E-4 4.62504E-4 4.46307E-4 5.69475E-4 6.94568E-4 4.80358E-4 3.75962E-4 2.5945E-4 2.26637E-4 3.6241E-4 5.236E-4 7.60614E-4 7.04113E-4 4.64218E-4 3.34581E-4 3.36572E-4 3.26734E-4 4.18606E-4
-9999 -9999 -9999 -9999 -9999 -9999 -9999 -9999 -9999 -9999 -9999 -9999 -9999 8.0168E-7 4.86985E-7 6.41384E-7 1.38846E-6 2.94136E-6 3.31046E-6 3.69448E-5 1.76318E-6 9.87823E-7 1.05668E-5 3.41895E-5 1.00626E-4 2.47779E-4 1.57516E-4 4.90859E-5 2.3322E-5 2.50166E-5 1.77078E-5 7.81632E-6 4.82326E-6 7.15443E-5 1.5292E-5 1.42477E-5 3.67385E-5 1.45434E-5 3.28649E-5 2.57286E-4 2.10614E-4 5.3959E-4 5.17377E-4 6.30527E-4 5.34105E-4 5.11666E-4 4.0402E-4 3.37794E-4 5.93042E-4 5.75545E-4 3.95113E-4 3.5735E-4 7.22119E-4 6.95317E-4 7.11604E-4 6.80699E-4 5.56165E-4 4.84177E-4 5.33621E-4 3.23185E-4 3.49832E-4
-9999 -9999 -9999 -9999 -9999 -9999 -9999 -9999 -9999 -9999 -9999 -9999 -9999 1.21961E-6 5.78455E-7 4.19251E-7 1.92647E-6 1.65437E-6 3.81986E-6 1.32439E-5 5.79416E-6 2.23955E-6 6.44203E-6 4.70233E-5 2.69102E-4 1.6363E-4 5.14234E-5 2.50892E-5 1.81796E-5 1.01908E-4 1.19597E-5 1.15363E-5 9.97418E-6 8.23189E-5 9.67709E-6 1.34259E-5 5.012E-5 1.03471E-5 1.13718E-5 1.96737E-5 1.98871E-4 4.05272E-4 3.95699E-4 6.15809E-4 6.2951E-4 5.24973E-4 5.48434E-4 2.95955E-4 2.30751E-4 3.46628E-4 3.88864E-4 3.00428E-4 5.73594E-4 6.87502E-4 7.5349E-4 6.25534E-4 5.05544E-4 5.92845E-4 5.46661E-4 5.76207E-4 3.86497E-4
-9999 -9999 -9999 -9999 -9999 -9999 -9999 -9999 -9999 -9999 -9999 -9999 -9999 1.53713E-6 1.31039E-6 1.52945E-6 1.14633E-6 1.53329E-6 2.97026E-6 2.48529E-5 1.6631E-6 4.66111E-6 1.90124E-5 2.44773E-4 5.30609E-4 1.38086E-4 1.2219E-4 2.28593E-5 3.68351E-5 7.0165E-5 2.54419E-5 1.45492E-5 3.09898E-5 1.78648E-5 9.68786E-6 1.19343E-5 1.92436E-5 1.09165E-5 2.69587E-5 1.32905E-5 1.11417E-4 1.5917E-4 6.12458E-4 4.23257E-4 5.52423E-4 6.62318E-4 3.28169E-4 3.63185E-4 2.88144E-4 5.5934E-4 4.68895E-4 3.17917E-4 5.59455E-4 4.76364E-4 5.18432E-4 5.20649E-4 4.80267E-4 5.44965E-4 6.1671E-4 5.80354E-4 4.55408E-4
-9999 -9999 -9999 -9999 -9999 -9999 -9999 -9999 -9999 -9999 -9999 -9999 -9999 2.25471E-6 3.14059E-6 3.19997E-6 1.94643E-6 2.27416E-6 2.19242E-5 1.46895E-5 4.62953E-6 7.70538E-6 8.44154E-5 5.48815E-4 2.3808E-4 1.18488E-4 2.68937E-4 1.65775E-4 4.86079E-5 4.03009E-5 4.95205E-5 2.82033E-5 3.65542E-5 2.18101E-5 5.1791E-6 2.56289E-5 2.93232E-5 4.0802E-5 7.51735E-5 1.85858E-5 3.70567E-5 1.32003E-4 4.85758E-4 6.51257E-4 2.85625E-4 3.26889E-4 4.28671E-4 3.77094E-4 4.97638E-4 3.55138E-4 2.82169E-4 2.9567E-4 3.96167E-4 4.3986E-4 4.89925E-4 3.51904E-4 3.21533E-4 3.83255E-4 5.04616E-4 4.21908E-4 3.57135E-4
-9999 -9999 -9999 -9999 -9999 -9999 -9999 -9999 -9999 -9999 -9999 -9999 -9999 1.82701E-6 1.34599E-6 7.1176E-6 6.66733E-6 7.2076E-6 1.01708E-5 4.62886E-6 1.23928E-5 3.55528E-5 7.57746E-5 1.31467E-4 1.48953E-4 1.0915E-4 1.91641E-4 1.9048E-4 2.39694E-4 1.58372E-4 9.86636E-5 5.9273E-5 1.32065E-5 5.78733E-6 5.7297E-6 1.74125E-5 6.94139E-5 1.48339E-4 4.40328E-4 1.4496E-5 3.38873E-5 3.13816E-4 3.85223E-4 5.55829E-4 3.56516E-4 3.66956E-4 4.22221E-4 3.93672E-4 3.77266E-4 3.46644E-4 2.86992E-4 3.46386E-4 4.41843E-4 4.99731E-4 4.9781E-4 4.5937E-4 3.49523E-4 5.72071E-4 4.4829E-4 4.1945E-4 4.01408E-4
-9999 -9999 -9999 -9999 -9999 -9999 -9999 -9999 -9999 -9999 -9999 -9999 2.14698E-6 1.44638E-6 2.66229E-6 9.44486E-6 9.44514E-6 6.27611E-6 6.80663E-6 2.15266E-6 1.0563E-5 1.62269E-4 1.73228E-4 1.98901E-4 6.37675E-5 1.06713E-4 1.50547E-4 1.88433E-4 1.81158E-4 1.1638E-4 2.85913E-4 4.27277E-5 8.5404E-6 5.5455E-6 9.90837E-6 1.04477E-5 4.96098E-5 1.72228E-4 3.6915E-5 1.46165E-5 1.0283E-5 1.67335E-4 3.8766E-4 4.76363E-4 3.85647E-4 4.36751E-4 3.88404E-4 3.17349E-4 2.76147E-4 6.19036E-4 3.26367E-4 3.08741E-4 3.65892E-4 4.13125E-4 4.71348E-4 4.29976E-4 4.11413E-4 6.65086E-4 4.50311E-4 3.78143E-4 4.80699E-4
-9999 -9999 -9999 -9999 -9999 -9999 -9999 -9999 -9999 -9999 -9999 -9999 6.3722E-6 3.31517E-6 3.02203E-6 6.28208E-6 4.57406E-6 5.88404E-6 3.7483E-6 5.69189E-6 4.4321E-5 2.0701E-4 3.93163E-5 1.32534E-4 1.07879E-4 1.00922E-4 1.02529E-4 1.25954E-4 1.48392E-4 1.74881E-4 1.61301E-4 7.25673E-5 1.40393E-5 1.86931E-5 5.36945E-6 1.42036E-5 1.3896E-4 4.50592E-4 6.84086E-5 9.90217E-6 1.33723E-5 1.44838E-4 2.46666E-4 2.96243E-4 2.83449E-4 3.38853E-4 2.62135E-4 2.79061E-4 3.95674E-4 5.10485E-4 3.91615E-4 2.67481E-4 2.5509E-4 3.08052E-4 3.72387E-4 3.77008E-4 3.54335E-4 4.13977E-4 4.52633E-4 3.60266E-4 3.68792E-4
-9999 -9999 -9999 -9999 -9999 -9999 -9999 -9999 -9999 -9999 -9999 -9999 2.15144E-6 2.21028E-6 3.2275E-6 6.45489E-6 3.03344E-6 3.3782E-6 2.99428E-6 2.03976E-5 7.78189E-5 9.90092E-5 7.12925E-5 2.43512E-5 4.41329E-5 8.44489E-5 1.43213E-4 9.28547E-5 1.26287E-4 1.50497E-4 2.00475E-4 2.14992E-5 1.0541E-5 5.66952E-6 5.31992E-6 1.12083E-5 9.7074E-5 4.11798E-4 8.61767E-5 1.80701E-5 1.69704E-5 2.88195E-4 2.45964E-4 3.30587E-4 2.36062E-4 2.4797E-4 2.28133E-4 2.12633E-4 3.62728E-4 7.66645E-4 5.22565E-4 6.62285E-4 3.59479E-4 2.58881E-4 3.66104E-4 5.23337E-4 5.70586E-4 6.07806E-4 3.84995E-4 3.41483E-4 4.49381E-4
-9999 -9999 -9999 -9999 -9999 -9999 -9999 -9999 -9999 -9999 -9999 -9999 6.99648E-6 2.40532E-6 1.4042E-5 1.44973E-5 1.34797E-5 1.39842E-6 8.52279E-6 1.41151E-5 3.17027E-5 5.2685E-5 7.14715E-5 7.15974E-5 4.39949E-5 5.33313E-5 8.62854E-5 9.77604E-5 2.09257E-4 3.77177E-4 1.97333E-4 5.02379E-5 1.28435E-5 7.08325E-6 5.00035E-6 5.48412E-6 2.9572E-5 1.58568E-4 2.49158E-5 4.12889E-5 2.69925E-5 1.98417E-4 2.75496E-4 3.87479E-4 2.95739E-4 3.11305E-4 4.06802E-4 2.48444E-4 3.05427E-4 5.69814E-4 5.23938E-4 4.59484E-4 5.62438E-4 3.56693E-4 8.29175E-4 6.22691E-4 8.31044E-4 5.06599E-4 3.22617E-4 3.266E-4 3.2995E-4
-9999 -9999 -9999 -9999 -9999 -9999 -9999 -9999 -9999 -9999 -9999 2.79585E-6 2.61239E-6 1.66819E-5 1.63219E-5 5.75192E-6 1.03412E-5 5.03257E-6 2.58275E-5 1.6939E-4 7.91088E-5 4.59088E-5 7.94967E-5 7.47698E-5 2.96494E-5 5.16446E-5 8.31401E-5 2.7863E-4 2.34977E-4 3.86732E-4 5.30505E-4 2.83217E-4 1.26905E-5 1.5867E-5 6.43055E-6 8.13629E-6 2.17044E-5 4.47487E-4 1.63384E-4 8.68968E-5 2.35128E-4 8.2991E-5 6.62006E-4 4.27431E-4 5.1836E-4 7.5011E-4 3.90365E-4 1.56277E-4 2.50999E-4 3.59825E-4 3.31201E-4 2.35455E-4 4.65491E-4 7.11554E-4 3.90964E-4 3.22772E-4 3.08455E-4 3.55564E-4 3.40045E-4 3.76505E-4 3.25417E-4
-9999 -9999 -9999 -9999 -9999 -9999 -9999 -9999 -9999 -9999 -9999 1.70649E-6 8.08802E-6 2.9959E-5 1.79877E-5 1.80901E-5 8.38698E-6 7.013E-6 6.6745E-5 1.44182E-4 1.18341E-4 2.84702E-5 2.98159E-5 3.68519E-5 7.3009E-5 9.64979E-5 1.29569E-4 2.03058E-5 1.37922E-5 7.33849E-4 4.05632E-4 5.33746E-4 1.23901E-4 1.16739E-5 9.83018E-6 7.50434E-6 1.73893E-5 6.26093E-4 3.64867E-5 3.86697E-4 2.49573E-4 1.50723E-4 7.94049E-4 3.6158E-4 4.53011E-4 7.40283E-5 5.14331E-5 3.51638E-4 2.11039E-4 5.39155E-4 3.41358E-4 2.06953E-4 3.89638E-4 5.00825E-4 2.26016E-4 2.48248E-4 2.40144E-4 2.61532E-4 2.99998E-4 3.23476E-4 3.30335E-4
-9999 -9999 -9999 -9999 -9999 -9999 -9999 -9999 -9999 -9999 1.17954E-6 1.03533E-6 9.91033E-6 2.82183E-5 6.40399E-5 3.64508E-6 2.76515E-6 9.68801E-6 4.98523E-5 3.48043E-5 4.44377E-5 7.78008E-5 8.47004E-5 7.00154E-5 8.32702E-5 2.22096E-4 8.08307E-5 1.53207E-5 4.03665E-5 1.17917E-4 1.13289E-4 7.37881E-4 2.3322E-4 7.03832E-6 1.35752E-5 1.22149E-5 7.48423E-5 6.77524E-4 6.75454E-5 2.07986E-4 8.15711E-4 2.11563E-4 5.91889E-4 6.90634E-4 3.43789E-4 5.22884E-4 1.40125E-4 3.63558E-4 3.66499E-4 1.39441E-4 3.42886E-4 1.78027E-4 1.77434E-4 2.08873E-4 2.23456E-4 2.39328E-4 2.30903E-4 2.7941E-4 2.65381E-4 2.6323E-4 2.6779E-4
-9999 -9999 -9999 -9999 -9999 -9999 -9999 -9999 -9999 -9999 7.10457E-7 6.23703E-7 1.94379E-5 2.81652E-5 1.15774E-5 3.10482E-6 3.61539E-6 1.70492E-5 1.71371E-5 2.28363E-5 2.13343E-5 5.20952E-5 6.11973E-5 7.21392E-5 7.35706E-5 6.76563E-5 1.13721E-4 9.80661E-5 1.71066E-4 1.92264E-4 7.00365E-5 7.15956E-5 1.91371E-5 1.59795E-5 1.29013E-5 1.26645E-5 9.5252E-5 1.96853E-4 8.64338E-5 3.08006E-4 1.02503E-3 6.48492E-5 1.69908E-4 5.5324E-4 3.81951E-4 2.70392E-4 3.21301E-4 1.94449E-4 1.58184E-4 2.14791E-4 1.57182E-4 1.977E-4 1.80505E-4 1.91131E-4 2.62062E-4 3.3155E-4 2.65658E-4 2.57436E-4 2.9556E-4 3.13358E-4 3.16265E-4
-9999 -9999 -9999 -9999 -9999 -9999 -9999 -9999 -9999 -9999 5.41192E-7 6.6564E-7 1.88582E-5 1.60556E-5 2.68998E-6 3.11581E-6 5.90802E-6 1.78805E-5 4.31024E-5 2.47985E-5 1.64437E-5 2.02175E-5 2.41509E-5 2.87932E-5 6.02184E-5 4.0303E-5 2.10018E-4 3.893E-5 1.68741E-4 1.80026E-4 4.17211E-5 2.14111E-5 1.8588E-5 2.3706E-5 2.26506E-5 2.82035E-5 9.01677E-5 1.06476E-4 2.08878E-4 1.5414E-4 5.34706E-4 3.04409E-4 6.05059E-4 4.90969E-4 5.34401E-4 4.51154E-4 1.10003E-4 1.9328E-4 1.92532E-4 1.93348E-4 3.02022E-4 3.44388E-4 3.50797E-4 2.04814E-4 2.49978E-4 1.90284E-4 1.95829E-4 2.16442E-4 3.37167E-4 3.02348E-4 2.2741E-4
-9999 -9999 -9999 -9999 -9999 -9999 -9999 -9999 -9999 5.57765E-7 4.32269E-7 8.87777E-7 2.35405E-5 4.77179E-6 1.19967E-6 1.71001E-6 1.29075E-5 4.34107E-5 5.49983E-5 1.65206E-5 2.04105E-5 2.45667E-5 2.85024E-5 3.60201E-5 2.61601E-5 2.47476E-5 3.28416E-4 5.11724E-5 3.91141E-5 2.59833E-5 2.95914E-5 4.58413E-5 5.76877E-5 6.25128E-5 5.7823E-5 6.81314E-5 8.00043E-5 1.02565E-4 5.01684E-4 1.1452E-4 7.34474E-4 5.74049E-4 8.78213E-4 3.00113E-4 4.99511E-4 2.79634E-4 3.63048E-4 3.03608E-4 2.56211E-4 1.73418E-4 1.63479E-4 2.05755E-4 2.13143E-4 3.30104E-4 4.28869E-4 4.04716E-4 2.97324E-4 2.9679E-4 2.24496E-4 2.97787E-4 2.93876E-4
-9999 -9999 -9999 -9999 -9999 -9999 -9999 -9999 -9999 8.05266E-7 5.72733E-7 1.02998E-6 3.3799E-6 1.26787E-6 1.0918E-6 2.54132E-6 1.62497E-5 3.1643E-5 4.18519E-5 2.81305E-5 5.76047E-5 2.86947E-5 2.71874E-5 3.56828E-5 3.19144E-5 4.97772E-5 2.05235E-4 1.52359E-4 1.15993E-4 6.72747E-5 7.13463E-5 9.89197E-5 4.51587E-5 7.57129E-5 2.23573E-4 3.25618E-4 1.32679E-4 4.66421E-4 3.8726E-4 4.70725E-4 1.00469E-3 1.10016E-3 3.03524E-4 4.34948E-4 7.67301E-4 6.46439E-4 6.41257E-4 2.31852E-4 3.87832E-4 3.90715E-4 3.62265E-4 3.79977E-4 2.19899E-4 3.37584E-4 3.70817E-4 4.91838E-4 3.54714E-4 2.87419E-4 3.09754E-4 2.09881E-4 1.80129E-4
-9999 -9999 -9999 -9999 -9999 -9999 -9999 -9999 8.4864E-7 6.14438E-7 1.5597E-6 1.10984E-5 1.06934E-6 1.3682E-6 2.34755E-6 1.42016E-5 2.01953E-5 3.00331E-5 3.48954E-5 3.53111E-5 5.44203E-5 5.4909E-5 4.02972E-5 5.52554E-5 4.04629E-5 1.44265E-4 1.08224E-4 1.83756E-4 9.84247E-5 1.62115E-4 1.22806E-4 1.13459E-4 4.0162E-5 1.04129E-4 2.09044E-4 1.18001E-4 1.46559E-4 6.21488E-4 4.65256E-4 1.48886E-3 1.12779E-3 7.41089E-4 3.98767E-4 1.91591E-4 7.41155E-5 3.44228E-4 5.165E-5 1.72151E-4 2.70824E-4 4.55446E-4 2.89987E-4 2.69852E-4 1.53139E-4 2.02324E-4 2.21602E-4 5.60598E-4 5.30585E-4 5.10005E-4 3.17506E-4 2.03641E-4 2.24998E-4
-9999 -9999 -9999 -9999 -9999 -9999 -9999 1.38152E-6 1.10399E-6 6.71457E-7 5.55997E-6 1.11327E-5 1.12813E-6 1.53866E-6 5.15761E-6 2.98903E-5 3.5059E-5 4.02842E-5 5.33692E-5 5.60641E-5 6.33103E-5 5.09418E-5 4.94693E-5 5.96618E-5 4.81179E-5 8.07046E-5 7.97767E-5 2.46161E-4 3.00053E-4 2.579E-4 1.0979E-4 8.93111E-5 5.7787E-5 7.09451E-5 1.29031E-4 1.76798E-4 8.791E-4 7.53251E-4 8.55363E-4 1.40754E-3 9.45482E-4 6.29542E-4 2.26196E-4 1.43811E-4 7.86004E-5 2.2859E-4 1.66424E-4 6.45755E-5 3.12628E-4 6.59314E-4 3.94215E-4 4.65474E-4 1.11799E-3 2.75408E-4 5.23924E-4 5.14083E-4 6.14736E-4 5.491E-4 5.30958E-4 2.45575E-4 2.29296E-4
-9999 -9999 -9999 -9999 -9999 -9999 -9999 2.89801E-7 2.31227E-7 3.94076E-7 2.10579E-6 2.00819E-6 1.00297E-6 3.52272E-6 2.24879E-5 3.51432E-5 3.6953E-5 9.76419E-5 5.72388E-5 4.88572E-5 5.72988E-5 8.51777E-5 1.20744E-4 8.94791E-5 8.24234E-5 5.82442E-5 9.85799E-5 2.37169E-4 1.18621E-4 3.17289E-4 9.76394E-5 4.66833E-5 6.89826E-5 1.79294E-4 1.54205E-4 5.43278E-4 5.85743E-4 9.52803E-4 1.15795E-3 1.38324E-3 1.23024E-3 4.89922E-4 3.05643E-4 1.8102E-4 1.40077E-4 1.07481E-4 1.68659E-4 1.43714E-4 3.81767E-4 1.90147E-4 2.50909E-4 2.59185E-4 3.52367E-4 7.02598E-4 3.59325E-4 6.35899E-4 4.02331E-4 5.17431E-4 5.66435E-4 2.80368E-4 2.31088E-4
-9999 -9999 -9999 -9999 -9999 -9999 -9999 4.83284E-7 4.47679E-7 5.34755E-7 2.72007E-6 2.92325E-6 2.80862E-6 4.07763E-6 3.53583E-5 3.3415E-5 4.45403E-5 9.51221E-5 5.35003E-5 4.63588E-5 5.782E-5 6.22853E-5 1.88198E-4 1.09531E-4 5.80863E-5 5.11824E-5 4.91429E-5 2.46021E-4 7.91416E-5 1.55592E-4 2.15929E-4 5.86797E-5 2.51948E-4 3.19851E-4 3.07286E-4 4.45214E-4 8.9829E-4 7.09386E-4 1.0147E-3 6.21303E-4 4.35698E-4 3.37314E-4 2.31074E-4 1.00758E-4 7.13159E-5 1.12243E-4 1.21867E-4 6.8745E-5 2.87201E-4 6.76395E-4 4.73486E-4 3.86469E-4 5.08971E-4 2.18739E-4 5.52238E-4 5.35162E-4 3.11165E-4 5.27898E-4 3.77768E-4 2.30587E-4 2.94522E-4
