Candidate_Models_Sept202022/M_0.9_F_lqp_Set_1_all/Bison.asc
ncols         97
nrows         127
xllcorner     -2197417.7431653
yllcorner     -584827.01486885
cellsize      30000.0
NODATA_value  -9999
[rows 0 to 26 of 127, columns 0 to 60 of 97]
-9999 -9999 -9999 -9999 -9999 -9999 -9999 -9999 -9999 -9999 -9999 -9999 -9999 -9999 -9999 -9999 -9999 -9999 -9999 -9999 -9999 -9999 -9999 -9999 -9999 -9999 -9999 -9999 -9999 -9999 -9999 -9999 -9999 -9999 -9999 -9999 -9999 -9999 -9999 -9999 -9999 -9999 -9999 -9999 -9999 -9999 -9999 -9999 -9999 -9999 -9999 -9999 -9999 -9999 -9999 -9999 -9999 -9999 -9999 -9999 -9999
-9999 -9999 -9999 -9999 -9999 -9999 -9999 -9999 -9999 -9999 -9999 -9999 -9999 -9999 -9999 -9999 -9999 -9999 -9999 -9999 -9999 -9999 -9999 -9999 -9999 -9999 -9999 -9999 -9999 -9999 -9999 -9999 -9999 -9999 -9999 -9999 -9999 -9999 -9999 -9999 -9999 -9999 -9999 -9999 -9999 -9999 -9999 -9999 -9999 -9999 -9999 -9999 -9999 -9999 -9999 -9999 -9999 -9999 -9999 -9999 -9999
-9999 -9999 -9999 -9999 -9999 -9999 -9999 -9999 -9999 -9999 -9999 -9999 -9999 -9999 -9999 -9999 -9999 -9999 -9999 -9999 -9999 -9999 -9999 -9999 -9999 -9999 -9999 -9999 -9999 -9999 -9999 -9999 -9999 -9999 -9999 -9999 -9999 -9999 -9999 -9999 -9999 -9999 -9999 -9999 -9999 -9999 -9999 -9999 -9999 -9999 -9999 -9999 -9999 -9999 -9999 -9999 -9999 -9999 -9999 -9999 -9999
-9999 -9999 -9999 -9999 -9999 -9999 -9999 -9999 -9999 -9999 -9999 -9999 -9999 -9999 -9999 -9999 -9999 -9999 -9999 9.76746E-6 9.38724E-6 5.64556E-6 7.4201E-6 -9999 -9999 -9999 -9999 -9999 -9999 -9999 -9999 -9999 -9999 -9999 -9999 -9999 -9999 -9999 -9999 -9999 -9999 -9999 -9999 -9999 -9999 -9999 -9999 -9999 -9999 -9999 -9999 -9999 -9999 -9999 -9999 -9999 -9999 -9999 -9999 -9999 -9999
-9999 -9999 -9999 -9999 -9999 -9999 -9999 -9999 -9999 -9999 -9999 -9999 -9999 -9999 -9999 -9999 -9999 -9999 1.0162E-5 8.4815E-6 7.90387E-6 8.923E-6 7.58629E-6 6.19117E-6 5.5087E-6 -9999 -9999 -9999 -9999 -9999 -9999 -9999 -9999 -9999 -9999 -9999 -9999 -9999 -9999 -9999 -9999 -9999 -9999 -9999 -9999 -9999 -9999 -9999 -9999 -9999 -9999 -9999 -9999 -9999 -9999 -9999 -9999 -9999 -9999 -9999 -9999
-9999 -9999 -9999 -9999 -9999 -9999 -9999 -9999 -9999 -9999 -9999 -9999 -9999 -9999 -9999 -9999 -9999 -9999 7.26483E-6 6.37203E-6 6.77058E-6 7.52412E-6 6.27119E-6 5.12816E-6 5.15726E-6 -9999 -9999 -9999 -9999 -9999 -9999 -9999 -9999 -9999 -9999 -9999 -9999 -9999 -9999 -9999 -9999 -9999 -9999 -9999 -9999 -9999 -9999 -9999 -9999 -9999 -9999 -9999 -9999 -9999 -9999 -9999 -9999 -9999 -9999 -9999 -9999
-9999 -9999 -9999 -9999 -9999 -9999 -9999 -9999 -9999 -9999 -9999 -9999 -9999 -9999 -9999 -9999 -9999 6.38625E-6 5.86052E-6 2.8947E-6 3.19837E-6 4.32244E-6 5.18181E-6 4.79139E-6 5.18773E-6 5.21988E-6 -9999 5.94222E-6 5.17609E-6 5.46484E-6 -9999 -9999 -9999 -9999 -9999 -9999 -9999 -9999 3.98922E-6 -9999 -9999 -9999 -9999 -9999 -9999 -9999 -9999 -9999 -9999 -9999 -9999 -9999 -9999 -9999 -9999 -9999 -9999 -9999 -9999 -9999 -9999
-9999 -9999 -9999 -9999 -9999 -9999 -9999 -9999 -9999 -9999 -9999 -9999 -9999 -9999 -9999 -9999 1.8546E-5 1.0015E-5 2.86229E-6 1.66978E-6 1.90866E-6 2.54602E-6 4.04444E-6 4.29203E-6 4.90396E-6 5.07254E-6 5.05571E-6 5.18393E-6 4.65254E-6 4.6248E-6 4.76559E-6 4.52723E-6 4.34034E-6 4.14129E-6 4.35631E-6 4.62474E-6 4.88171E-6 -9999 3.65872E-6 3.39194E-6 -9999 -9999 -9999 -9999 -9999 -9999 -9999 -9999 -9999 -9999 -9999 -9999 -9999 -9999 -9999 -9999 -9999 -9999 -9999 -9999 -9999
-9999 -9999 -9999 -9999 -9999 -9999 -9999 -9999 -9999 -9999 -9999 -9999 -9999 -9999 -9999 5.16808E-6 6.97629E-6 4.85973E-6 2.31031E-6 1.44487E-6 1.40096E-6 1.99093E-6 3.7202E-6 4.42985E-6 4.57163E-6 4.41252E-6 6.18409E-6 6.16677E-6 4.1275E-6 3.8467E-6 4.00843E-6 4.02399E-6 3.90924E-6 3.7218E-6 4.25502E-6 5.51494E-6 5.16375E-6 5.05939E-6 3.81288E-6 3.70959E-6 -9999 -9999 -9999 -9999 -9999 -9999 -9999 -9999 -9999 -9999 -9999 -9999 -9999 -9999 -9999 -9999 -9999 -9999 -9999 -9999 -9999
-9999 -9999 -9999 -9999 -9999 -9999 -9999 -9999 -9999 -9999 -9999 -9999 -9999 -9999 -9999 8.89934E-6 7.57535E-6 3.99296E-6 1.61756E-6 1.63878E-6 1.95484E-6 2.85166E-6 4.42771E-6 4.97912E-6 5.01474E-6 3.82875E-6 5.32502E-6 5.2955E-6 3.56713E-6 3.63025E-6 4.44816E-6 4.34541E-6 4.17597E-6 4.56993E-6 5.02081E-6 6.43953E-6 6.98136E-6 6.26947E-6 4.65929E-6 -9999 -9999 -9999 3.52521E-6 -9999 -9999 -9999 -9999 -9999 -9999 -9999 -9999 -9999 -9999 -9999 -9999 -9999 -9999 -9999 -9999 -9999 -9999
-9999 -9999 -9999 -9999 -9999 -9999 -9999 -9999 -9999 -9999 -9999 -9999 -9999 -9999 7.59902E-6 8.2453E-6 7.96568E-6 5.35722E-6 4.82219E-6 2.96257E-6 2.7027E-6 3.41011E-6 5.02179E-6 5.11485E-6 5.09477E-6 4.1756E-6 5.40142E-6 4.64405E-6 4.27075E-6 3.8055E-6 4.96914E-6 4.35089E-6 3.92659E-6 5.23006E-6 7.01147E-6 7.3947E-6 7.53197E-6 5.91422E-6 4.03907E-6 -9999 -9999 3.8449E-6 -9999 -9999 -9999 -9999 -9999 -9999 -9999 -9999 -9999 -9999 -9999 -9999 -9999 -9999 -9999 -9999 -9999 -9999 -9999
-9999 -9999 -9999 -9999 -9999 -9999 -9999 -9999 -9999 -9999 -9999 -9999 -9999 5.21652E-6 8.97701E-6 7.97573E-6 8.36231E-6 6.12478E-6 6.45836E-6 9.42276E-6 4.42436E-6 6.05613E-6 5.19927E-6 6.3327E-6 4.07647E-6 4.14388E-6 4.67707E-6 4.54659E-6 3.37946E-6 3.42084E-6 3.64055E-6 4.06957E-6 4.24906E-6 5.82658E-6 6.86631E-6 7.10689E-6 7.58806E-6 6.06354E-6 4.1107E-6 3.56686E-6 3.67145E-6 3.82624E-6 -9999 4.8655E-6 5.07811E-6 -9999 -9999 -9999 -9999 -9999 -9999 -9999 -9999 -9999 -9999 -9999 -9999 -9999 -9999 -9999 -9999
-9999 -9999 -9999 -9999 -9999 -9999 -9999 -9999 -9999 -9999 -9999 -9999 -9999 8.9951E-6 8.70115E-6 7.85165E-6 7.29545E-6 5.08096E-6 1.57236E-5 5.41601E-6 5.75194E-6 4.10884E-6 6.2396E-6 5.24708E-6 3.5147E-6 3.88598E-6 4.14373E-6 3.50487E-6 3.56786E-6 3.40287E-6 3.74174E-6 3.96863E-6 4.8469E-6 5.03706E-6 5.68126E-6 5.68096E-6 5.41967E-6 5.06105E-6 3.72457E-6 3.12742E-6 3.31365E-6 4.21728E-6 4.58688E-6 5.23233E-6 5.43043E-6 6.01083E-6 -9999 -9999 -9999 -9999 -9999 -9999 -9999 -9999 -9999 -9999 -9999 -9999 -9999 -9999 -9999
-9999 -9999 -9999 -9999 -9999 -9999 -9999 -9999 -9999 -9999 -9999 -9999 1.93359E-5 2.58013E-5 1.13627E-5 9.31719E-6 6.26707E-6 6.84783E-6 4.64554E-6 7.09272E-6 6.83922E-6 5.72672E-6 6.44029E-6 4.27087E-6 3.04794E-6 2.80307E-6 3.63382E-6 2.77247E-6 4.65417E-6 4.80443E-6 4.18466E-6 3.35886E-6 3.25424E-6 3.90466E-6 3.90419E-6 4.63344E-6 3.80035E-6 4.31571E-6 4.23076E-6 3.32216E-6 3.29589E-6 3.5238E-6 4.28454E-6 5.01408E-6 5.34499E-6 5.728E-6 6.20279E-6 -9999 -9999 -9999 2.47603E-6 2.06011E-6 -9999 -9999 -9999 -9999 -9999 -9999 -9999 -9999 -9999
-9999 -9999 -9999 -9999 -9999 -9999 -9999 -9999 -9999 -9999 -9999 7.53569E-6 8.14394E-6 2.08092E-5 8.66894E-6 5.9063E-6 3.22283E-6 8.90199E-6 7.7342E-6 7.24943E-6 6.10773E-6 1.05386E-5 7.00789E-6 3.82788E-6 2.26018E-6 2.30441E-6 3.88168E-6 4.48333E-6 3.78641E-6 3.56115E-6 3.25319E-6 3.14004E-6 2.81527E-6 2.94482E-6 4.38125E-6 5.22368E-6 5.28731E-6 5.07376E-6 4.64034E-6 3.74697E-6 3.56987E-6 3.79309E-6 4.30496E-6 4.90935E-6 5.18984E-6 5.44786E-6 5.13973E-6 4.4151E-6 -9999 -9999 -9999 2.32914E-6 2.0605E-6 -9999 -9999 -9999 -9999 -9999 -9999 -9999 -9999
-9999 -9999 -9999 -9999 -9999 -9999 -9999 -9999 -9999 -9999 -9999 6.94861E-6 5.18715E-6 5.65521E-6 4.6132E-6 2.73945E-6 1.97931E-6 4.99679E-6 4.20944E-6 8.50834E-6 7.47378E-6 8.72089E-6 5.96252E-6 4.16038E-6 2.1733E-6 2.56143E-6 3.95717E-6 5.21858E-6 5.54873E-6 4.79265E-6 3.17888E-6 2.96129E-6 2.74142E-6 2.81365E-6 4.26156E-6 4.93508E-6 4.80209E-6 4.82993E-6 4.44276E-6 3.91442E-6 3.71668E-6 4.06575E-6 4.52332E-6 4.8242E-6 4.50147E-6 4.83463E-6 4.31295E-6 4.11894E-6 4.14744E-6 -9999 -9999 2.67492E-6 2.50627E-6 2.2665E-6 2.35465E-6 -9999 -9999 -9999 -9999 -9999 -9999
-9999 -9999 -9999 -9999 -9999 -9999 -9999 -9999 -9999 -9999 1.20861E-5 8.14355E-6 1.08588E-5 4.36946E-6 3.04225E-6 2.25966E-6 2.20282E-6 2.17578E-6 3.17269E-6 9.46304E-6 1.36612E-5 8.58451E-6 5.64873E-6 6.16717E-6 2.53116E-6 2.99102E-6 3.1631E-6 3.52069E-6 5.106E-6 3.17986E-6 3.22573E-6 2.6362E-6 3.70508E-6 3.46231E-6 5.05906E-6 5.9952E-6 6.20476E-6 6.13928E-6 6.17861E-6 4.62468E-6 4.12495E-6 4.31877E-6 4.59999E-6 4.51664E-6 4.15481E-6 3.98054E-6 3.93305E-6 4.12697E-6 4.21211E-6 3.73618E-6 3.34621E-6 3.81807E-6 -9999 -9999 2.42402E-6 2.20314E-6 -9999 -9999 -9999 -9999 -9999
-9999 -9999 -9999 -9999 -9999 -9999 -9999 -9999 -9999 1.46997E-5 1.69965E-5 9.09344E-6 6.69491E-6 4.15865E-6 3.34354E-6 2.69915E-6 2.21681E-6 2.32544E-6 2.42697E-6 4.49634E-6 6.21384E-6 7.2944E-6 8.67377E-6 4.37936E-6 2.47267E-6 2.85684E-6 3.54197E-6 3.34625E-6 3.70928E-6 3.51589E-6 4.69863E-6 3.29725E-6 3.39282E-6 4.52481E-6 5.15478E-6 5.86423E-6 6.11185E-6 8.22364E-6 8.62392E-6 7.63864E-6 4.47139E-6 4.60828E-6 4.91984E-6 4.65122E-6 4.39547E-6 3.94739E-6 3.94059E-6 4.16211E-6 4.11272E-6 3.61551E-6 3.58729E-6 3.76997E-6 3.70808E-6 -9999 2.3657E-6 2.22992E-6 2.00387E-6 1.74269E-6 -9999 -9999 -9999
-9999 -9999 -9999 -9999 -9999 -9999 -9999 -9999 1.51568E-5 1.24518E-5 1.41488E-5 6.18447E-6 3.93799E-6 6.28052E-6 8.51271E-6 6.30504E-6 4.47543E-6 3.61817E-6 3.96477E-6 3.81237E-6 4.40594E-6 6.47626E-6 8.6941E-6 4.00776E-6 3.25901E-6 3.10824E-6 3.34522E-6 3.18693E-6 2.97235E-6 2.5545E-6 3.73638E-6 3.95448E-6 4.49313E-6 5.86765E-6 6.11827E-6 5.94511E-6 6.73194E-6 8.4746E-6 9.36409E-6 1.1664E-5 6.91323E-6 5.27526E-6 5.03744E-6 4.85539E-6 4.34707E-6 4.08147E-6 4.34821E-6 4.53079E-6 4.098E-6 3.73272E-6 3.69582E-6 3.9011E-6 3.89838E-6 3.84442E-6 2.57942E-6 2.32414E-6 1.92799E-6 1.71702E-6 1.50923E-6 1.39633E-6 1.3132E-6
-9999 -9999 -9999 -9999 -9999 -9999 -9999 -9999 5.70709E-6 4.67409E-6 5.46495E-6 5.00992E-6 4.36852E-6 7.69028E-6 1.06677E-5 1.52166E-5 7.51836E-6 6.72936E-6 6.78954E-6 4.39066E-6 4.87256E-6 5.02635E-6 5.05246E-6 5.78859E-6 4.25829E-6 4.34667E-6 3.71957E-6 3.20555E-6 4.09896E-6 3.96387E-6 4.18576E-6 4.46287E-6 5.31486E-6 7.17405E-6 7.12941E-6 6.79461E-6 8.29758E-6 8.28734E-6 9.5512E-6 1.03177E-5 8.63598E-6 5.71353E-6 5.35681E-6 5.06985E-6 4.85071E-6 4.82351E-6 5.03554E-6 4.96436E-6 4.64735E-6 4.08223E-6 3.94802E-6 4.1489E-6 4.2915E-6 4.04905E-6 -9999 2.61195E-6 2.19396E-6 1.9531E-6 1.3984E-6 1.49178E-6 1.28446E-6
-9999 -9999 -9999 -9999 -9999 -9999 -9999 7.99817E-6 7.62206E-6 1.04348E-5 1.14719E-5 5.40221E-6 6.9574E-6 7.38693E-6 9.79479E-6 1.38962E-5 9.76324E-6 1.01269E-5 9.04568E-6 6.62949E-6 5.81348E-6 6.25973E-6 6.20206E-6 5.84241E-6 4.33739E-6 5.64639E-6 5.6443E-6 5.32684E-6 6.53094E-6 5.50348E-6 5.41539E-6 5.47102E-6 6.77619E-6 8.22892E-6 9.48104E-6 1.31852E-5 7.245E-6 9.12817E-6 8.23872E-6 1.12586E-5 7.46903E-6 5.96206E-6 5.62322E-6 5.54944E-6 5.73976E-6 5.58213E-6 5.29155E-6 4.87836E-6 4.72191E-6 4.63724E-6 4.36736E-6 4.53784E-6 -9999 -9999 -9999 -9999 -9999 -9999 -9999 -9999 -9999
-9999 -9999 -9999 -9999 -9999 -9999 1.69805E-5 1.84131E-5 1.18321E-5 8.06349E-6 1.46362E-5 2.20154E-5 8.99738E-6 1.46664E-5 8.36391E-6 9.05032E-6 1.2826E-5 1.5439E-5 1.43332E-5 1.16341E-5 9.19205E-6 6.47692E-6 5.93877E-6 9.81766E-6 5.95319E-6 7.08817E-6 7.80065E-6 7.28185E-6 5.78062E-6 3.71168E-6 6.22803E-6 8.26492E-6 7.20353E-6 1.1213E-5 1.06346E-5 9.3078E-6 1.14616E-5 9.06624E-6 1.2243E-5 1.20588E-5 6.74663E-6 8.79928E-6 7.16115E-6 6.75659E-6 6.48559E-6 5.90413E-6 5.56009E-6 5.04617E-6 4.65088E-6 4.53076E-6 4.91889E-6 4.90285E-6 4.07158E-6 3.72128E-6 -9999 -9999 -9999 -9999 -9999 -9999 -9999
-9999 -9999 -9999 -9999 -9999 -9999 1.5106E-5 1.51348E-5 8.49215E-6 7.84068E-6 6.88889E-6 2.06084E-5 1.25938E-5 9.57162E-6 8.73793E-6 1.32424E-5 1.3829E-5 1.72469E-5 1.33871E-5 1.38824E-5 1.07022E-5 9.91432E-6 7.89115E-6 8.48561E-6 8.00306E-6 8.10343E-6 7.44086E-6 6.6658E-6 5.89639E-6 3.77384E-6 5.79209E-6 9.00589E-6 8.80039E-6 8.23243E-6 8.78636E-6 1.1133E-5 1.12737E-5 1.2743E-5 9.90702E-6 9.95833E-6 8.0538E-6 9.80743E-6 7.98085E-6 8.37111E-6 8.23166E-6 7.17654E-6 6.88658E-6 5.93261E-6 4.87015E-6 4.57152E-6 4.33168E-6 3.85511E-6 3.34835E-6 3.01368E-6 2.78872E-6 2.47953E-6 2.03549E-6 1.74439E-6 1.80341E-6 1.71169E-6 1.34118E-6
-9999 -9999 -9999 -9999 -9999 1.26675E-5 9.6045E-6 9.64489E-6 7.48306E-6 2.19996E-5 2.03551E-5 1.32156E-5 7.89529E-6 9.49502E-6 7.90822E-6 7.87529E-6 9.52091E-6 1.74173E-5 1.11434E-5 1.19543E-5 1.51577E-5 1.36757E-5 1.12001E-5 1.15072E-5 1.11687E-5 8.39664E-6 7.14919E-6 4.44961E-6 5.19567E-6 4.77313E-6 3.98113E-6 8.703E-6 1.28012E-5 1.366E-5 1.38251E-5 1.14808E-5 1.26944E-5 -9999 -9999 1.42293E-5 -9999 -9999 -9999 1.1683E-5 8.92709E-6 6.87218E-6 6.23417E-6 5.30088E-6 4.49455E-6 4.54121E-6 4.06866E-6 3.27448E-6 2.92445E-6 2.67775E-6 2.45559E-6 2.14204E-6 1.82951E-6 1.66476E-6 1.62983E-6 1.54091E-6 1.50311E-6
-9999 -9999 -9999 -9999 1.28971E-5 8.98919E-6 8.74926E-6 8.80132E-6 1.01502E-5 1.27074E-5 1.07707E-5 1.04916E-5 1.30515E-5 8.5816E-6 8.04225E-6 9.96386E-6 1.10421E-5 1.26339E-5 1.11576E-5 1.305E-5 1.86088E-5 1.26813E-5 1.1183E-5 1.44522E-5 1.10008E-5 1.20264E-5 7.96948E-6 6.71264E-6 5.37647E-6 3.88574E-6 6.52022E-6 1.13402E-5 1.47138E-5 1.22322E-5 9.67057E-6 1.13573E-5 1.13604E-5 1.43257E-5 1.92764E-5 1.34968E-5 2.30531E-5 -9999 1.16812E-5 1.30765E-5 8.26686E-6 6.40668E-6 6.72182E-6 6.19395E-6 5.17448E-6 5.54784E-6 4.6037E-6 3.37525E-6 3.11327E-6 2.75028E-6 2.22735E-6 1.78281E-6 1.52558E-6 1.514E-6 1.34463E-6 1.32647E-6 1.37863E-6
-9999 -9999 -9999 1.75497E-5 2.64468E-5 1.92956E-5 1.06997E-5 1.13688E-5 1.11361E-5 1.58581E-5 1.228E-5 1.31986E-5 2.06458E-5 1.03742E-5 1.39851E-5 8.13792E-6 1.08465E-5 1.3421E-5 1.56671E-5 1.63964E-5 1.13583E-5 6.4475E-6 1.14058E-5 1.30757E-5 1.02048E-5 9.16685E-6 8.35507E-6 7.09132E-6 6.91979E-6 4.96116E-6 6.29143E-6 1.19767E-5 1.26561E-5 8.60333E-6 9.1778E-6 1.45356E-5 1.38316E-5 1.28025E-5 1.26335E-5 1.04456E-5 1.81604E-5 1.53216E-5 -9999 -9999 7.39734E-6 7.82443E-6 1.193E-5 1.01781E-5 6.56169E-6 5.17112E-6 6.41682E-6 3.9846E-6 3.14911E-6 2.88311E-6 2.33626E-6 1.76329E-6 1.59732E-6 1.45592E-6 1.39309E-6 1.33942E-6 1.46945E-6
-9999 -9999 -9999 8.03229E-6 2.2529E-5 2.29105E-5 1.46118E-5 2.39967E-5 6.12905E-5 1.72069E-5 1.57463E-5 1.69692E-5 9.65706E-6 9.22988E-6 2.34715E-5 1.03535E-5 1.38673E-5 1.99384E-5 1.6375E-5 9.92908E-6 8.55293E-6 6.30904E-6 5.64393E-6 7.98128E-6 9.58859E-6 1.01137E-5 9.79554E-6 1.07299E-5 7.89377E-6 7.18763E-6 7.51634E-6 8.96719E-6 1.22654E-5 9.62655E-6 9.66853E-6 1.2853E-5 1.45445E-5 1.67315E-5 1.04101E-5 7.90701E-6 -9999 -9999 -9999 -9999 -9999 1.34324E-5 1.48206E-5 9.2687E-6 5.94854E-6 5.07052E-6 5.23733E-6 7.17233E-6 3.11492E-6 2.92708E-6 2.0013E-6 1.55991E-6 1.65124E-6 1.73458E-6 1.94759E-6 1.97113E-6 2.21888E-6
