Candidate_Models_Sept202022/M_3_F_lqp_Set_1_all/Bison.asc
ncols         97
nrows         127
xllcorner     -2197417.7431653
yllcorner     -584827.01486885
cellsize      30000.0
NODATA_value  -9999
[rows 0 to 26 of 127, columns 0 to 60 of 97]
-9999 -9999 -9999 -9999 -9999 -9999 -9999 -9999 -9999 -9999 -9999 -9999 -9999 -9999 -9999 -9999 -9999 -9999 -9999 -9999 -9999 -9999 -9999 -9999 -9999 -9999 -9999 -9999 -9999 -9999 -9999 -9999 -9999 -9999 -9999 -9999 -9999 -9999 -9999 -9999 -9999 -9999 -9999 -9999 -9999 -9999 -9999 -9999 -9999 -9999 -9999 -9999 -9999 -9999 -9999 -9999 -9999 -9999 -9999 -9999 -9999
-9999 -9999 -9999 -9999 -9999 -9999 -9999 -9999 -9999 -9999 -9999 -9999 -9999 -9999 -9999 -9999 -9999 -9999 -9999 -9999 -9999 -9999 -9999 -9999 -9999 -9999 -9999 -9999 -9999 -9999 -9999 -9999 -9999 -9999 -9999 -9999 -9999 -9999 -9999 -9999 -9999 -9999 -9999 -9999 -9999 -9999 -9999 -9999 -9999 -9999 -9999 -9999 -9999 -9999 -9999 -9999 -9999 -9999 -9999 -9999 -9999
-9999 -9999 -9999 -9999 -9999 -9999 -9999 -9999 -9999 -9999 -9999 -9999 -9999 -9999 -9999 -9999 -9999 -9999 -9999 -9999 -9999 -9999 -9999 -9999 -9999 -9999 -9999 -9999 -9999 -9999 -9999 -9999 -9999 -9999 -9999 -9999 -9999 -9999 -9999 -9999 -9999 -9999 -9999 -9999 -9999 -9999 -9999 -9999 -9999 -9999 -9999 -9999 -9999 -9999 -9999 -9999 -9999 -9999 -9999 -9999 -9999
-9999 -9999 -9999 -9999 -9999 -9999 -9999 -9999 -9999 -9999 -9999 -9999 -9999 -9999 -9999 -9999 -9999 -9999 -9999 1.33208E-5 1.16515E-5 7.76445E-6 8.83242E-6 -9999 -9999 -9999 -9999 -9999 -9999 -9999 -9999 -9999 -9999 -9999 -9999 -9999 -9999 -9999 -9999 -9999 -9999 -9999 -9999 -9999 -9999 -9999 -9999 -9999 -9999 -9999 -9999 -9999 -9999 -9999 -9999 -9999 -9999 -9999 -9999 -9999 -9999
-9999 -9999 -9999 -9999 -9999 -9999 -9999 -9999 -9999 -9999 -9999 -9999 -9999 -9999 -9999 -9999 -9999 -9999 1.31659E-5 1.1055E-5 9.97701E-6 1.11445E-5 9.26925E-6 7.28792E-6 6.68117E-6 -9999 -9999 -9999 -9999 -9999 -9999 -9999 -9999 -9999 -9999 -9999 -9999 -9999 -9999 -9999 -9999 -9999 -9999 -9999 -9999 -9999 -9999 -9999 -9999 -9999 -9999 -9999 -9999 -9999 -9999 -9999 -9999 -9999 -9999 -9999 -9999
-9999 -9999 -9999 -9999 -9999 -9999 -9999 -9999 -9999 -9999 -9999 -9999 -9999 -9999 -9999 -9999 -9999 -9999 8.80426E-6 8.2778E-6 9.30852E-6 9.83346E-6 8.06671E-6 6.70731E-6 6.78415E-6 -9999 -9999 -9999 -9999 -9999 -9999 -9999 -9999 -9999 -9999 -9999 -9999 -9999 -9999 -9999 -9999 -9999 -9999 -9999 -9999 -9999 -9999 -9999 -9999 -9999 -9999 -9999 -9999 -9999 -9999 -9999 -9999 -9999 -9999 -9999 -9999
-9999 -9999 -9999 -9999 -9999 -9999 -9999 -9999 -9999 -9999 -9999 -9999 -9999 -9999 -9999 -9999 -9999 8.02545E-6 6.94354E-6 4.53532E-6 4.91873E-6 6.61323E-6 7.22531E-6 6.84219E-6 7.70001E-6 7.75975E-6 -9999 7.94295E-6 6.89734E-6 7.02148E-6 -9999 -9999 -9999 -9999 -9999 -9999 -9999 -9999 5.16552E-6 -9999 -9999 -9999 -9999 -9999 -9999 -9999 -9999 -9999 -9999 -9999 -9999 -9999 -9999 -9999 -9999 -9999 -9999 -9999 -9999 -9999 -9999
-9999 -9999 -9999 -9999 -9999 -9999 -9999 -9999 -9999 -9999 -9999 -9999 -9999 -9999 -9999 -9999 2.03113E-5 1.28932E-5 4.99571E-6 2.78387E-6 3.21961E-6 4.51698E-6 6.81639E-6 6.43676E-6 7.37782E-6 7.4425E-6 7.04565E-6 7.14856E-6 6.30371E-6 6.20892E-6 6.20322E-6 6.08744E-6 5.65269E-6 5.47664E-6 5.64657E-6 5.88645E-6 6.1051E-6 -9999 4.86713E-6 4.629E-6 -9999 -9999 -9999 -9999 -9999 -9999 -9999 -9999 -9999 -9999 -9999 -9999 -9999 -9999 -9999 -9999 -9999 -9999 -9999 -9999 -9999
-9999 -9999 -9999 -9999 -9999 -9999 -9999 -9999 -9999 -9999 -9999 -9999 -9999 -9999 -9999 3.89524E-6 5.77001E-6 5.50104E-6 4.18386E-6 2.66262E-6 2.68824E-6 3.83183E-6 6.68025E-6 7.04729E-6 6.90742E-6 6.2939E-6 6.4901E-6 6.34882E-6 5.48744E-6 5.32305E-6 5.35462E-6 5.3385E-6 5.17685E-6 4.92046E-6 5.51789E-6 6.72484E-6 6.38658E-6 6.3094E-6 5.0793E-6 4.99419E-6 -9999 -9999 -9999 -9999 -9999 -9999 -9999 -9999 -9999 -9999 -9999 -9999 -9999 -9999 -9999 -9999 -9999 -9999 -9999 -9999 -9999
-9999 -9999 -9999 -9999 -9999 -9999 -9999 -9999 -9999 -9999 -9999 -9999 -9999 -9999 -9999 6.43251E-6 6.72851E-6 4.45843E-6 2.63817E-6 2.6108E-6 2.85456E-6 4.42809E-6 7.88504E-6 8.97451E-6 7.88265E-6 5.61385E-6 5.65277E-6 5.64552E-6 4.80775E-6 4.94529E-6 5.26766E-6 5.37338E-6 5.03218E-6 5.06371E-6 6.18292E-6 7.65006E-6 8.23459E-6 7.58003E-6 5.99914E-6 -9999 -9999 -9999 4.93359E-6 -9999 -9999 -9999 -9999 -9999 -9999 -9999 -9999 -9999 -9999 -9999 -9999 -9999 -9999 -9999 -9999 -9999 -9999
-9999 -9999 -9999 -9999 -9999 -9999 -9999 -9999 -9999 -9999 -9999 -9999 -9999 -9999 8.08697E-6 7.27251E-6 8.17275E-6 6.85287E-6 6.6897E-6 4.48362E-6 3.84806E-6 5.03042E-6 8.30086E-6 8.3299E-6 8.84536E-6 4.59266E-6 5.43339E-6 5.37753E-6 5.00031E-6 5.04953E-6 5.31898E-6 5.2149E-6 4.84089E-6 5.468E-6 7.1557E-6 8.30812E-6 8.39427E-6 7.26887E-6 5.33828E-6 -9999 -9999 5.39504E-6 -9999 -9999 -9999 -9999 -9999 -9999 -9999 -9999 -9999 -9999 -9999 -9999 -9999 -9999 -9999 -9999 -9999 -9999 -9999
-9999 -9999 -9999 -9999 -9999 -9999 -9999 -9999 -9999 -9999 -9999 -9999 -9999 5.9698E-6 7.27245E-6 5.93544E-6 7.98985E-6 8.64055E-6 1.03522E-5 1.90907E-5 6.21765E-6 8.50344E-6 6.58389E-6 9.74176E-6 5.23237E-6 4.10768E-6 4.77978E-6 4.80157E-6 4.62917E-6 4.94643E-6 4.95798E-6 4.76278E-6 4.87724E-6 5.93823E-6 6.83263E-6 7.47172E-6 8.15161E-6 7.6601E-6 5.43354E-6 5.05938E-6 5.26682E-6 5.49168E-6 -9999 6.57836E-6 6.83507E-6 -9999 -9999 -9999 -9999 -9999 -9999 -9999 -9999 -9999 -9999 -9999 -9999 -9999 -9999 -9999 -9999
-9999 -9999 -9999 -9999 -9999 -9999 -9999 -9999 -9999 -9999 -9999 -9999 -9999 7.39059E-6 6.76035E-6 7.39421E-6 9.77965E-6 6.95576E-6 2.58065E-5 1.40555E-5 1.01586E-5 6.35887E-6 9.46366E-6 8.93661E-6 4.63931E-6 4.24449E-6 4.443E-6 4.54654E-6 4.72375E-6 4.66449E-6 4.42837E-6 4.44623E-6 4.69764E-6 4.99558E-6 5.37703E-6 5.19046E-6 6.911E-6 6.26571E-6 5.04938E-6 4.64358E-6 4.91097E-6 6.21341E-6 6.21396E-6 7.06163E-6 7.37436E-6 7.87239E-6 -9999 -9999 -9999 -9999 -9999 -9999 -9999 -9999 -9999 -9999 -9999 -9999 -9999 -9999 -9999
-9999 -9999 -9999 -9999 -9999 -9999 -9999 -9999 -9999 -9999 -9999 -9999 1.9112E-5 2.71616E-5 1.06475E-5 1.28234E-5 9.87676E-6 1.03449E-5 5.01323E-6 1.11793E-5 1.14532E-5 9.2852E-6 1.11867E-5 5.8985E-6 3.69269E-6 3.96162E-6 4.32691E-6 4.30826E-6 4.74534E-6 4.41031E-6 4.26494E-6 4.07335E-6 4.10906E-6 4.32436E-6 4.32951E-6 4.8924E-6 4.94549E-6 5.4318E-6 5.4127E-6 4.93784E-6 5.01232E-6 5.26201E-6 5.92999E-6 6.85571E-6 7.25007E-6 7.68586E-6 8.14938E-6 -9999 -9999 -9999 3.99151E-6 3.5165E-6 -9999 -9999 -9999 -9999 -9999 -9999 -9999 -9999 -9999
-9999 -9999 -9999 -9999 -9999 -9999 -9999 -9999 -9999 -9999 -9999 7.01758E-6 8.16509E-6 2.17349E-5 1.16548E-5 8.20455E-6 5.4164E-6 2.13628E-5 1.19262E-5 1.02739E-5 9.81867E-6 1.72428E-5 1.0056E-5 4.1206E-6 3.48247E-6 3.73317E-6 4.08975E-6 4.8929E-6 4.59659E-6 4.46893E-6 3.9239E-6 3.68203E-6 3.85709E-6 4.03802E-6 4.46433E-6 4.95257E-6 5.35736E-6 5.68662E-6 5.52892E-6 5.46232E-6 5.3573E-6 5.66222E-6 6.24473E-6 7.00417E-6 7.41216E-6 7.62615E-6 7.16274E-6 6.21597E-6 -9999 -9999 -9999 3.8301E-6 3.54139E-6 -9999 -9999 -9999 -9999 -9999 -9999 -9999 -9999
-9999 -9999 -9999 -9999 -9999 -9999 -9999 -9999 -9999 -9999 -9999 6.20722E-6 4.86533E-6 7.43406E-6 8.48318E-6 6.25536E-6 3.91275E-6 9.19377E-6 7.73951E-6 1.6051E-5 1.1647E-5 1.44695E-5 7.73096E-6 4.14833E-6 3.78932E-6 4.03451E-6 4.64193E-6 4.74479E-6 4.51013E-6 4.29116E-6 3.86041E-6 3.80349E-6 3.85743E-6 3.88296E-6 4.33396E-6 4.93721E-6 5.37388E-6 5.75456E-6 5.81387E-6 5.6843E-6 5.4807E-6 5.99693E-6 6.60716E-6 6.8005E-6 6.68339E-6 7.05039E-6 6.47983E-6 6.18334E-6 5.9909E-6 -9999 -9999 4.28465E-6 4.0826E-6 3.70785E-6 3.73897E-6 -9999 -9999 -9999 -9999 -9999 -9999
-9999 -9999 -9999 -9999 -9999 -9999 -9999 -9999 -9999 -9999 1.28814E-5 5.67465E-6 1.10359E-5 7.20981E-6 6.4219E-6 5.09054E-6 4.47101E-6 4.14386E-6 5.41977E-6 2.06579E-5 1.89672E-5 1.39348E-5 9.52669E-6 6.78177E-6 3.95092E-6 4.35976E-6 4.83012E-6 4.94529E-6 4.64981E-6 4.00634E-6 3.63942E-6 3.55213E-6 3.72847E-6 4.01672E-6 4.62135E-6 5.35457E-6 5.89119E-6 6.2923E-6 6.24305E-6 6.00676E-6 6.09288E-6 6.37768E-6 6.67224E-6 6.52617E-6 6.18051E-6 6.1035E-6 6.19847E-6 6.33607E-6 6.21588E-6 5.6015E-6 5.07677E-6 5.60358E-6 -9999 -9999 3.73879E-6 3.38761E-6 -9999 -9999 -9999 -9999 -9999
-9999 -9999 -9999 -9999 -9999 -9999 -9999 -9999 -9999 9.38945E-6 2.24311E-5 7.89609E-6 8.96862E-6 7.62784E-6 7.00569E-6 5.6736E-6 4.52316E-6 4.85664E-6 4.96958E-6 6.62758E-6 6.97052E-6 9.06327E-6 1.42446E-5 5.77763E-6 4.23923E-6 4.46741E-6 5.11455E-6 5.26473E-6 5.09325E-6 4.12501E-6 4.1447E-6 3.62963E-6 3.797E-6 4.01451E-6 4.69144E-6 5.67589E-6 5.78306E-6 6.58569E-6 6.89544E-6 6.87859E-6 6.48241E-6 6.79563E-6 7.22644E-6 6.72723E-6 6.53542E-6 6.21084E-6 6.27609E-6 6.38814E-6 6.17856E-6 5.58944E-6 5.4778E-6 5.68983E-6 5.62879E-6 -9999 3.62904E-6 3.41944E-6 3.13679E-6 2.8221E-6 -9999 -9999 -9999
-9999 -9999 -9999 -9999 -9999 -9999 -9999 -9999 1.84919E-5 1.16582E-5 1.0474E-5 5.11157E-6 3.03033E-6 7.78224E-6 1.36613E-5 1.06612E-5 8.70699E-6 6.22297E-6 7.31188E-6 5.57767E-6 5.40526E-6 8.09551E-6 9.66796E-6 4.09136E-6 4.96219E-6 4.82821E-6 5.47937E-6 5.2877E-6 4.58462E-6 4.03546E-6 3.77142E-6 3.88023E-6 4.24393E-6 4.88783E-6 5.23192E-6 6.0066E-6 6.36199E-6 6.53183E-6 7.18481E-6 7.69973E-6 7.73427E-6 7.48971E-6 7.39078E-6 7.08895E-6 6.54648E-6 6.44358E-6 6.72219E-6 6.69717E-6 6.18281E-6 5.81791E-6 5.75218E-6 5.98658E-6 5.87523E-6 5.73227E-6 3.88036E-6 3.55709E-6 3.0989E-6 2.81919E-6 2.51651E-6 2.37465E-6 2.24813E-6
-9999 -9999 -9999 -9999 -9999 -9999 -9999 -9999 6.64163E-6 6.36339E-6 3.99932E-6 2.80328E-6 3.83199E-6 9.46528E-6 1.46868E-5 2.01671E-5 1.1715E-5 1.13858E-5 1.20566E-5 7.3588E-6 7.28211E-6 6.98492E-6 6.84644E-6 6.36335E-6 5.89972E-6 5.2433E-6 5.55395E-6 5.04159E-6 5.04771E-6 4.70799E-6 3.95388E-6 3.96879E-6 4.6528E-6 5.79448E-6 6.30297E-6 6.29207E-6 7.29974E-6 6.54138E-6 7.72702E-6 7.74346E-6 8.88735E-6 8.07467E-6 7.75284E-6 7.40929E-6 7.19473E-6 7.23696E-6 7.32756E-6 7.07204E-6 6.69456E-6 6.25761E-6 6.21998E-6 6.34192E-6 6.36766E-6 5.86208E-6 -9999 3.85503E-6 3.40071E-6 3.05648E-6 2.37636E-6 2.48893E-6 2.20057E-6
-9999 -9999 -9999 -9999 -9999 -9999 -9999 5.87522E-6 5.8366E-6 1.14833E-5 1.00645E-5 3.65763E-6 5.10568E-6 6.58773E-6 1.13484E-5 1.93237E-5 1.40344E-5 1.34388E-5 1.39424E-5 1.08307E-5 9.12146E-6 8.41428E-6 1.08567E-5 8.72315E-6 7.48577E-6 6.59283E-6 5.79542E-6 7.04813E-6 6.84943E-6 5.26568E-6 4.89493E-6 4.73739E-6 5.63688E-6 6.17405E-6 6.90346E-6 9.45767E-6 7.52115E-6 7.5598E-6 7.76544E-6 8.312E-6 8.54014E-6 8.20294E-6 8.02119E-6 7.9524E-6 8.16091E-6 8.06901E-6 7.71561E-6 7.14149E-6 6.8592E-6 6.67607E-6 6.55282E-6 6.84576E-6 -9999 -9999 -9999 -9999 -9999 -9999 -9999 -9999 -9999
-9999 -9999 -9999 -9999 -9999 -9999 1.62112E-5 1.44411E-5 9.51419E-6 5.62857E-6 1.13936E-5 2.59098E-5 6.71342E-6 1.41538E-5 5.34016E-6 1.15988E-5 1.8373E-5 2.06682E-5 1.81222E-5 1.75769E-5 1.37953E-5 9.80477E-6 1.14736E-5 1.62722E-5 1.088E-5 1.26331E-5 8.66944E-6 6.81369E-6 6.57161E-6 4.39722E-6 6.4466E-6 8.57163E-6 6.05321E-6 7.47182E-6 7.21941E-6 9.72639E-6 8.53613E-6 8.22828E-6 8.81038E-6 8.79826E-6 8.45113E-6 9.2624E-6 8.93895E-6 9.0936E-6 8.9657E-6 8.39903E-6 8.00191E-6 7.30272E-6 6.88984E-6 6.72136E-6 7.18944E-6 7.30399E-6 6.1874E-6 5.38131E-6 -9999 -9999 -9999 -9999 -9999 -9999 -9999
-9999 -9999 -9999 -9999 -9999 -9999 1.38697E-5 1.35437E-5 6.84712E-6 5.37455E-6 4.59276E-6 2.95496E-5 1.03269E-5 1.11676E-5 8.91821E-6 1.5131E-5 1.50207E-5 1.9178E-5 1.34954E-5 1.8201E-5 2.01207E-5 1.47054E-5 1.3822E-5 1.68656E-5 1.40403E-5 1.30294E-5 1.21131E-5 8.40617E-6 5.74739E-6 4.82178E-6 4.99728E-6 8.80978E-6 6.68933E-6 8.74723E-6 9.26737E-6 1.00003E-5 9.02213E-6 1.02421E-5 9.60378E-6 9.18002E-6 8.86905E-6 1.03862E-5 1.01205E-5 1.07474E-5 1.01492E-5 8.62988E-6 8.44262E-6 8.09753E-6 7.0182E-6 6.92711E-6 6.62141E-6 6.33826E-6 5.46344E-6 4.8073E-6 4.38958E-6 3.79029E-6 3.20602E-6 2.85227E-6 2.9144E-6 2.78865E-6 2.32405E-6
-9999 -9999 -9999 -9999 -9999 1.16717E-5 7.78669E-6 7.82368E-6 7.05065E-6 1.9156E-5 1.48916E-5 9.37505E-6 6.00145E-6 9.23601E-6 6.78183E-6 6.14191E-6 6.7072E-6 1.71088E-5 1.02224E-5 1.20088E-5 1.98838E-5 1.89989E-5 1.83978E-5 2.13629E-5 1.77509E-5 1.3777E-5 1.47597E-5 8.31178E-6 4.94885E-6 5.02894E-6 5.60992E-6 7.79035E-6 1.02929E-5 1.05392E-5 1.36904E-5 1.13895E-5 1.04546E-5 -9999 -9999 1.5971E-5 -9999 -9999 -9999 1.11274E-5 9.44717E-6 8.34241E-6 8.49026E-6 7.78962E-6 6.89078E-6 6.78236E-6 6.27463E-6 5.58854E-6 4.9896E-6 4.50269E-6 4.02474E-6 3.4227E-6 3.18183E-6 2.89079E-6 2.88198E-6 2.66226E-6 2.54548E-6
-9999 -9999 -9999 -9999 2.42102E-5 9.32971E-6 9.81961E-6 8.38226E-6 9.1289E-6 9.13169E-6 4.6731E-6 6.78981E-6 1.35182E-5 9.60775E-6 6.52048E-6 7.58999E-6 9.99406E-6 1.01502E-5 8.22382E-6 1.00995E-5 1.61726E-5 1.43039E-5 1.45613E-5 2.49467E-5 1.69468E-5 2.23906E-5 1.61901E-5 1.37453E-5 1.06403E-5 5.64825E-6 6.30945E-6 1.10993E-5 1.16812E-5 9.02316E-6 1.39428E-5 9.47443E-6 9.18342E-6 1.12618E-5 1.20525E-5 1.07506E-5 1.44397E-5 -9999 1.34381E-5 1.23824E-5 9.53642E-6 8.48269E-6 8.67986E-6 7.39092E-6 6.98147E-6 7.41971E-6 6.80011E-6 5.81283E-6 5.24362E-6 4.62532E-6 3.78719E-6 3.22464E-6 2.85609E-6 2.77986E-6 2.55456E-6 2.4575E-6 2.38101E-6
-9999 -9999 -9999 2.14277E-5 3.36982E-5 1.9451E-5 8.56549E-6 1.06134E-5 9.54428E-6 7.1934E-6 7.41182E-6 7.81075E-6 1.83175E-5 1.13601E-5 1.29941E-5 6.13914E-6 9.47916E-6 1.33747E-5 1.22215E-5 1.44163E-5 1.16043E-5 7.20041E-6 1.65765E-5 2.13482E-5 2.30055E-5 2.05187E-5 1.74076E-5 1.2822E-5 1.28563E-5 1.0844E-5 7.8758E-6 1.08445E-5 1.06365E-5 7.39401E-6 9.37578E-6 1.1377E-5 1.03242E-5 1.04093E-5 1.00456E-5 9.79349E-6 1.29195E-5 1.42877E-5 -9999 -9999 9.52989E-6 9.76755E-6 9.86469E-6 8.28012E-6 7.62559E-6 7.1649E-6 8.49148E-6 6.10096E-6 5.33726E-6 4.85053E-6 4.09308E-6 3.29279E-6 3.01661E-6 2.76368E-6 2.66622E-6 2.57219E-6 2.59449E-6
-9999 -9999 -9999 5.28876E-5 3.35965E-5 2.10875E-5 9.46583E-6 2.11708E-5 6.32631E-5 1.29266E-5 1.65375E-5 1.35041E-5 8.30593E-6 7.83677E-6 2.73409E-5 1.00899E-5 1.496E-5 2.37214E-5 1.83991E-5 1.11669E-5 1.17483E-5 8.77628E-6 9.60853E-6 1.52008E-5 2.22793E-5 2.05421E-5 1.81147E-5 1.86716E-5 1.70731E-5 1.48636E-5 1.30346E-5 8.92904E-6 1.39493E-5 9.89704E-6 1.0438E-5 1.11232E-5 1.11591E-5 1.12687E-5 9.90982E-6 9.91208E-6 -9999 -9999 -9999 -9999 -9999 9.4564E-6 9.81416E-6 7.97322E-6 7.12156E-6 6.48181E-6 7.24475E-6 8.82544E-6 5.20245E-6 4.89745E-6 3.64772E-6 3.02151E-6 3.1462E-6 3.30575E-6 3.63314E-6 3.4689E-6 3.63907E-6
