Candidate_Models_Sept202022/M_3_F_lqp_Set_1_all/Bison.asc
ncols         97
nrows         127
xllcorner     -2197417.7431653
yllcorner     -584827.01486885
cellsize      30000.0
NODATA_value  -9999
[rows 81 to 107 of 127, columns 0 to 60 of 97]
-9999 -9999 -9999 -9999 -9999 -9999 -9999 -9999 -9999 -9999 -9999 2.36363E-6 9.51737E-7 2.21702E-6 1.40463E-5 7.09026E-6 4.09021E-6 1.46567E-6 3.75026E-6 1.6942E-5 8.9225E-6 2.28276E-5 1.16915E-5 2.76822E-5 8.14686E-5 1.265E-4 5.39118E-5 4.56344E-5 8.81577E-5 1.46845E-5 1.21109E-5 7.75408E-6 1.38509E-5 3.03749E-5 2.79557E-5 3.88671E-5 5.76574E-5 9.26165E-5 2.66323E-4 8.20635E-4 1.30479E-3 6.61116E-4 6.43727E-4 9.5228E-4 6.69713E-4 3.63223E-4 3.13027E-4 3.07238E-4 3.25532E-4 3.79378E-4 4.22873E-4 5.92145E-4 6.62865E-4 6.11374E-4 6.38429E-4 3.75552E-4 4.67921E-4 4.6092E-4 4.37767E-4 3.96886E-4 4.18184E-4
-9999 -9999 -9999 -9999 -9999 -9999 -9999 -9999 -9999 -9999 -9999 -9999 1.67788E-6 1.23489E-6 5.23503E-6 1.55145E-5 6.85507E-6 6.87454E-6 2.6863E-6 4.79003E-6 4.31037E-6 5.52551E-6 6.68897E-6 2.06424E-5 1.28119E-4 1.50292E-4 5.48438E-5 4.94615E-5 1.19905E-4 1.60963E-5 7.28438E-6 8.98278E-6 8.94921E-6 1.98724E-5 4.09173E-5 3.51524E-5 4.09086E-5 4.78185E-5 1.01182E-4 6.11771E-4 1.53921E-3 7.06273E-4 6.44406E-4 7.45403E-4 5.82939E-4 3.58001E-4 2.7916E-4 3.2183E-4 3.50115E-4 4.82427E-4 4.98908E-4 5.77352E-4 7.36639E-4 5.68989E-4 5.12013E-4 5.70114E-4 4.77349E-4 3.71249E-4 4.07412E-4 3.71778E-4 4.71778E-4
-9999 -9999 -9999 -9999 -9999 -9999 -9999 -9999 -9999 -9999 -9999 -9999 -9999 2.34923E-6 9.33638E-7 4.46918E-6 2.06598E-5 1.45683E-5 6.20181E-5 4.06055E-6 2.68327E-6 4.22082E-6 2.88888E-6 1.68037E-5 4.87561E-5 4.41932E-5 3.15628E-5 8.95961E-5 3.41073E-5 1.86182E-5 8.41568E-6 6.89738E-6 5.41915E-6 9.56884E-6 2.41123E-5 7.6833E-5 2.87437E-5 5.1627E-5 6.53388E-5 5.58308E-4 8.70601E-4 8.50679E-4 6.5305E-4 5.67005E-4 4.64777E-4 3.33442E-4 3.27425E-4 3.51642E-4 3.81652E-4 4.22391E-4 4.78704E-4 5.25187E-4 7.4718E-4 6.55009E-4 5.73976E-4 5.23622E-4 5.81642E-4 5.05631E-4 3.72644E-4 3.98287E-4 3.97931E-4
-9999 -9999 -9999 -9999 -9999 -9999 -9999 -9999 -9999 -9999 -9999 -9999 -9999 2.92119E-6 1.64067E-6 4.18303E-6 1.46774E-5 -9999 6.19742E-5 7.87401E-5 4.92267E-5 1.42517E-5 4.29399E-6 1.19927E-5 5.48222E-5 4.26114E-5 6.03473E-5 5.05511E-5 2.59664E-5 2.23347E-5 1.31973E-5 6.98446E-6 6.31276E-6 1.001E-5 1.99567E-5 3.44266E-5 2.52204E-5 4.8791E-5 5.59257E-5 4.58602E-4 5.11982E-4 6.08109E-4 6.78171E-4 3.92228E-4 4.36249E-4 5.82495E-4 4.36696E-4 4.31285E-4 3.56592E-4 4.26567E-4 4.6572E-4 4.55888E-4 4.91808E-4 4.51339E-4 4.80175E-4 3.28611E-4 4.79289E-4 5.21976E-4 4.06814E-4 4.63744E-4 5.32987E-4
-9999 -9999 -9999 -9999 -9999 -9999 -9999 -9999 -9999 -9999 -9999 -9999 -9999 4.0646E-6 2.39898E-6 3.4118E-6 1.44602E-5 -9999 4.76464E-5 1.4044E-4 2.63458E-5 4.54185E-6 2.58088E-6 1.17859E-5 2.74937E-5 2.59478E-5 6.99247E-5 2.45192E-5 2.29721E-5 1.24625E-5 9.95861E-6 5.07338E-6 1.14878E-5 1.26627E-5 1.6344E-5 3.90769E-5 3.64159E-5 3.87513E-5 8.23209E-5 1.57518E-4 4.91076E-4 4.83076E-4 6.44455E-4 4.66536E-4 3.68748E-4 5.28579E-4 3.24195E-4 3.16562E-4 3.81249E-4 5.1682E-4 5.11611E-4 3.32641E-4 4.64486E-4 6.82013E-4 5.15721E-4 4.69164E-4 6.01865E-4 4.0066E-4 4.17371E-4 4.18443E-4 3.9413E-4
-9999 -9999 -9999 -9999 -9999 -9999 -9999 -9999 -9999 -9999 -9999 -9999 -9999 3.13275E-6 4.1224E-6 7.37244E-6 1.73017E-5 -9999 7.90065E-6 2.76588E-5 7.38761E-6 6.48374E-6 5.00348E-6 8.20849E-6 3.29613E-5 6.25236E-5 1.08023E-4 2.63564E-5 1.72869E-5 1.28729E-5 1.77604E-5 1.20045E-5 1.77324E-5 1.13687E-5 1.18953E-5 9.76973E-5 2.0276E-5 4.00987E-5 5.43963E-5 3.23838E-4 3.98261E-4 4.65645E-4 5.68619E-4 5.54289E-4 5.2154E-4 3.97407E-4 3.04404E-4 3.33995E-4 4.11418E-4 5.32317E-4 4.19779E-4 2.77521E-4 3.7574E-4 6.48466E-4 5.94936E-4 5.75786E-4 5.50019E-4 3.26273E-4 3.6833E-4 4.26428E-4 5.84025E-4
-9999 -9999 -9999 -9999 -9999 -9999 -9999 -9999 -9999 -9999 -9999 -9999 -9999 4.36442E-6 1.66873E-6 2.03765E-6 5.1742E-5 -9999 4.16026E-5 2.59699E-5 5.53433E-6 2.57492E-6 1.70044E-5 2.732E-5 2.90678E-5 6.83334E-5 2.48203E-4 7.62405E-5 5.56298E-5 1.39331E-5 2.92656E-5 9.18393E-6 6.95236E-6 1.69321E-5 3.43811E-5 5.29346E-5 4.03268E-5 3.88169E-5 2.16622E-4 4.5278E-4 2.9569E-4 4.00232E-4 8.42135E-4 5.75109E-4 4.71159E-4 4.27046E-4 5.26021E-4 6.00973E-4 4.58239E-4 3.47998E-4 2.93871E-4 2.61887E-4 3.88239E-4 5.14869E-4 6.97366E-4 6.76847E-4 4.91572E-4 3.69784E-4 3.65182E-4 3.63379E-4 4.94193E-4
-9999 -9999 -9999 -9999 -9999 -9999 -9999 -9999 -9999 -9999 -9999 -9999 -9999 2.97143E-6 1.18509E-6 1.65647E-6 2.74314E-6 1.22093E-5 1.86347E-5 3.92969E-5 2.64427E-6 2.61499E-6 1.83421E-5 3.59233E-5 1.00231E-4 1.85889E-4 1.38688E-4 5.37849E-5 2.58432E-5 3.15276E-5 2.23926E-5 9.45249E-6 7.65756E-6 7.69648E-5 1.826E-5 2.08806E-5 4.67263E-5 2.30193E-5 4.30056E-5 5.78935E-4 3.32684E-4 5.22495E-4 4.93597E-4 6.16544E-4 5.1822E-4 5.40089E-4 3.93687E-4 3.48636E-4 5.84127E-4 5.77369E-4 4.33896E-4 4.34604E-4 7.31447E-4 6.75145E-4 6.52804E-4 6.95517E-4 5.89815E-4 5.48734E-4 5.44724E-4 3.73411E-4 4.2209E-4
-9999 -9999 -9999 -9999 -9999 -9999 -9999 -9999 -9999 -9999 -9999 -9999 -9999 4.74188E-6 1.53029E-6 1.04662E-6 3.17128E-6 1.08832E-5 2.93612E-5 2.57189E-5 3.37297E-6 6.01468E-6 1.20985E-5 4.62194E-5 2.09203E-4 1.50485E-4 5.86956E-5 2.91849E-5 2.19492E-5 1.17388E-4 2.04972E-5 1.77188E-5 1.71808E-5 9.65517E-5 1.43399E-5 1.97421E-5 5.80104E-5 1.94283E-5 2.86103E-5 7.38031E-5 4.346E-4 4.56343E-4 4.02179E-4 5.05275E-4 5.83121E-4 5.22825E-4 4.69703E-4 3.00894E-4 2.93817E-4 3.8691E-4 4.04104E-4 4.18242E-4 6.05412E-4 6.8567E-4 6.57768E-4 6.22673E-4 5.33622E-4 6.33317E-4 6.04389E-4 5.96511E-4 3.97567E-4
-9999 -9999 -9999 -9999 -9999 -9999 -9999 -9999 -9999 -9999 -9999 -9999 -9999 5.9537E-6 4.45254E-6 4.91174E-6 9.96535E-6 1.3798E-5 2.82786E-5 2.05196E-5 2.2246E-6 7.4607E-6 2.58756E-5 2.15847E-4 4.01503E-4 1.45413E-4 1.13877E-4 2.83297E-5 4.62967E-5 8.83064E-5 3.75952E-5 2.29375E-5 3.8892E-5 2.38983E-5 1.29758E-5 1.73025E-5 2.62614E-5 1.85375E-5 3.92085E-5 5.65577E-5 2.87391E-4 2.86554E-4 4.69142E-4 3.46855E-4 4.21054E-4 5.40387E-4 3.093E-4 3.40623E-4 2.87727E-4 4.31994E-4 4.14395E-4 3.46469E-4 5.66478E-4 4.66235E-4 4.5859E-4 5.03265E-4 4.95283E-4 5.55461E-4 5.93834E-4 5.3094E-4 4.62911E-4
-9999 -9999 -9999 -9999 -9999 -9999 -9999 -9999 -9999 -9999 -9999 -9999 -9999 8.46177E-6 1.01264E-5 1.16706E-5 1.3605E-5 2.28698E-5 5.1012E-5 1.12706E-5 8.605E-6 1.50036E-5 9.06937E-5 5.148E-4 2.68716E-4 1.22769E-4 2.32732E-4 1.42238E-4 6.79534E-5 7.33331E-5 9.09591E-5 5.13636E-5 5.52408E-5 2.07523E-5 7.97663E-6 2.96766E-5 3.52849E-5 5.55792E-5 8.00375E-5 2.59506E-5 2.02925E-4 2.30628E-4 3.87144E-4 4.51895E-4 2.27336E-4 2.94831E-4 3.49248E-4 2.91455E-4 3.61147E-4 2.94949E-4 2.69876E-4 3.14586E-4 3.67135E-4 4.01167E-4 4.2008E-4 3.6485E-4 3.55809E-4 3.83159E-4 4.77258E-4 4.39109E-4 4.0587E-4
-9999 -9999 -9999 -9999 -9999 -9999 -9999 -9999 -9999 -9999 -9999 -9999 -9999 5.75173E-6 5.1782E-6 2.26568E-5 2.3781E-5 2.37266E-5 1.31787E-5 8.0535E-6 2.2531E-5 6.10855E-5 1.02694E-4 1.69557E-4 2.19352E-4 1.27057E-4 1.88445E-4 1.68587E-4 2.33946E-4 2.13437E-4 1.86032E-4 1.05206E-4 2.02874E-5 1.00837E-5 8.39947E-6 2.20651E-5 7.67253E-5 1.46319E-4 4.32501E-4 1.96975E-5 6.5942E-5 5.51163E-4 3.23371E-4 4.04497E-4 2.75075E-4 2.96338E-4 3.19326E-4 2.94688E-4 2.93072E-4 2.96034E-4 2.52111E-4 3.07172E-4 3.82458E-4 4.10101E-4 3.85489E-4 3.99015E-4 3.07178E-4 4.69906E-4 3.99926E-4 4.38891E-4 4.3002E-4
-9999 -9999 -9999 -9999 -9999 -9999 -9999 -9999 -9999 -9999 -9999 -9999 6.16029E-6 4.39507E-6 6.62478E-6 2.52709E-5 1.89125E-5 1.00956E-5 1.12556E-5 5.33183E-6 2.12122E-5 1.94273E-4 2.08114E-4 2.43091E-4 1.50292E-4 1.44046E-4 1.51559E-4 2.14426E-4 1.68551E-4 2.00329E-4 4.4771E-4 7.14536E-5 1.51494E-5 1.03894E-5 1.46871E-5 1.57493E-5 5.44099E-5 1.55326E-4 5.68379E-5 1.91605E-5 2.02095E-5 3.2232E-4 3.68717E-4 3.86282E-4 3.251E-4 3.08528E-4 2.85695E-4 2.61825E-4 2.46842E-4 5.55824E-4 3.14055E-4 2.68398E-4 3.01952E-4 3.47553E-4 3.53447E-4 3.46918E-4 3.36164E-4 4.89402E-4 3.63616E-4 3.36319E-4 4.18904E-4
-9999 -9999 -9999 -9999 -9999 -9999 -9999 -9999 -9999 -9999 -9999 -9999 1.59492E-5 8.71687E-6 9.20304E-6 1.92157E-5 9.5235E-6 1.10406E-5 5.69754E-6 1.09494E-5 6.99356E-5 3.27377E-4 7.51214E-5 1.6204E-4 1.42516E-4 1.58347E-4 2.05494E-4 1.53698E-4 1.37881E-4 2.21716E-4 2.38954E-4 1.0512E-4 1.9521E-5 1.98516E-5 8.51281E-6 1.71937E-5 1.50902E-4 3.56341E-4 1.08177E-4 1.50795E-5 3.49134E-5 2.30309E-4 2.39526E-4 2.55701E-4 2.5194E-4 2.94325E-4 2.3797E-4 2.67772E-4 3.7316E-4 6.23161E-4 4.54863E-4 2.60954E-4 2.25532E-4 2.74106E-4 3.00908E-4 3.2572E-4 2.87427E-4 3.34952E-4 3.6967E-4 3.18228E-4 3.31014E-4
-9999 -9999 -9999 -9999 -9999 -9999 -9999 -9999 -9999 -9999 -9999 -9999 5.28263E-6 6.27048E-6 1.2586E-5 1.69741E-5 6.15177E-6 1.02638E-5 1.24254E-5 4.14804E-5 1.25903E-4 2.06947E-4 1.35467E-4 6.15978E-5 9.31875E-5 1.50994E-4 1.31134E-4 9.2901E-5 1.23002E-4 2.15567E-4 2.73136E-4 4.16135E-5 2.22632E-5 1.14092E-5 9.93809E-6 1.28499E-5 1.10813E-4 3.64746E-4 1.24085E-4 3.3094E-5 4.04266E-5 3.49055E-4 2.3471E-4 2.73524E-4 2.20765E-4 2.47196E-4 2.39428E-4 2.26845E-4 3.3052E-4 5.08104E-4 3.39988E-4 4.84264E-4 3.17763E-4 2.21779E-4 2.81951E-4 3.42862E-4 3.66302E-4 4.40067E-4 3.16566E-4 3.03235E-4 3.9453E-4
-9999 -9999 -9999 -9999 -9999 -9999 -9999 -9999 -9999 -9999 -9999 -9999 1.00578E-5 6.62812E-6 3.46522E-5 3.76715E-5 1.57673E-5 6.31801E-6 2.53871E-5 3.75249E-5 6.77972E-5 1.09493E-4 1.51846E-4 1.14229E-4 1.02126E-4 9.85279E-5 1.14658E-4 9.32135E-5 1.9597E-4 4.52478E-4 2.8849E-4 8.85138E-5 2.33845E-5 1.10516E-5 1.00317E-5 1.19856E-5 3.61478E-5 1.70394E-4 3.96448E-5 5.26817E-5 4.14042E-5 3.32174E-4 2.95972E-4 3.47393E-4 2.71987E-4 3.01536E-4 4.73072E-4 2.94971E-4 2.98991E-4 4.34972E-4 3.70238E-4 3.00247E-4 3.53496E-4 2.76454E-4 5.08634E-4 4.14132E-4 4.38333E-4 3.45138E-4 2.7997E-4 2.92365E-4 2.9767E-4
-9999 -9999 -9999 -9999 -9999 -9999 -9999 -9999 -9999 -9999 -9999 6.73075E-6 6.87304E-6 3.65414E-5 5.66496E-5 4.2942E-5 2.03842E-5 9.30734E-6 5.89913E-5 1.8554E-4 1.17824E-4 8.47865E-5 1.17573E-4 1.39195E-4 1.31014E-4 9.30287E-5 1.01644E-4 3.21608E-4 2.77327E-4 3.47446E-4 5.69775E-4 3.04688E-4 2.2676E-5 3.12534E-5 1.00596E-5 1.94491E-5 2.92498E-5 3.98859E-4 1.18791E-4 9.61007E-5 2.44413E-4 9.26255E-5 5.27453E-4 3.34329E-4 4.83722E-4 6.81886E-4 4.71308E-4 1.79785E-4 2.40882E-4 3.49607E-4 3.09988E-4 2.12087E-4 3.14179E-4 4.16985E-4 2.98583E-4 2.72489E-4 2.75584E-4 2.9398E-4 2.89688E-4 3.11737E-4 2.81332E-4
-9999 -9999 -9999 -9999 -9999 -9999 -9999 -9999 -9999 -9999 -9999 4.82301E-6 2.19568E-5 4.89621E-5 3.29162E-5 5.23542E-5 1.53122E-5 1.64148E-5 1.09652E-4 1.75468E-4 1.36751E-4 5.54309E-5 6.91912E-5 8.76578E-5 1.1081E-4 1.18819E-4 2.14753E-4 3.74229E-5 2.42979E-5 5.54135E-4 3.6457E-4 5.11908E-4 1.46545E-4 2.86787E-5 1.95177E-5 1.81231E-5 3.242E-5 7.05906E-4 3.53545E-5 3.29545E-4 2.34116E-4 1.71358E-4 5.4052E-4 2.66334E-4 4.10955E-4 8.66367E-5 5.42819E-5 3.93423E-4 2.14252E-4 4.84649E-4 3.31718E-4 1.99043E-4 2.90834E-4 3.35845E-4 2.18651E-4 2.29692E-4 2.1977E-4 2.33538E-4 2.68836E-4 2.90834E-4 2.94168E-4
-9999 -9999 -9999 -9999 -9999 -9999 -9999 -9999 -9999 -9999 7.52823E-6 4.48405E-6 2.64791E-5 5.56177E-5 8.91046E-5 7.23986E-6 7.9376E-6 2.65788E-5 7.86077E-5 5.76673E-5 6.52643E-5 1.3064E-4 1.2573E-4 1.29797E-4 1.08509E-4 2.67228E-4 1.08421E-4 3.20666E-5 5.70137E-5 1.13426E-4 1.16761E-4 5.74756E-4 2.45603E-4 1.21121E-5 2.27981E-5 2.27278E-5 1.60424E-4 7.14747E-4 7.82208E-5 2.24072E-4 7.33172E-4 2.10446E-4 5.25573E-4 4.72827E-4 4.13141E-4 4.37555E-4 1.66617E-4 4.45236E-4 3.67729E-4 1.84739E-4 3.20469E-4 1.8962E-4 1.78982E-4 1.98374E-4 2.05504E-4 2.21255E-4 2.09852E-4 2.45768E-4 2.46457E-4 2.51239E-4 2.53717E-4
-9999 -9999 -9999 -9999 -9999 -9999 -9999 -9999 -9999 -9999 3.38823E-6 2.78416E-6 4.29288E-5 4.45784E-5 2.2284E-5 5.70612E-6 1.1059E-5 3.66801E-5 3.4588E-5 4.42404E-5 3.98101E-5 8.34185E-5 9.6656E-5 1.05234E-4 1.0412E-4 9.83213E-5 1.54821E-4 1.30807E-4 1.85783E-4 1.79634E-4 7.3891E-5 9.38137E-5 3.02801E-5 3.65108E-5 2.39039E-5 1.75358E-5 2.68215E-4 1.86966E-4 1.07956E-4 2.61125E-4 6.86849E-4 7.64474E-5 1.73826E-4 4.67593E-4 3.66541E-4 3.74047E-4 4.39612E-4 2.07924E-4 1.57406E-4 1.94092E-4 1.5716E-4 1.89185E-4 1.7303E-4 1.93931E-4 2.18037E-4 2.45656E-4 2.3218E-4 2.33227E-4 2.71025E-4 2.68296E-4 2.83025E-4
-9999 -9999 -9999 -9999 -9999 -9999 -9999 -9999 -9999 -9999 2.77442E-6 3.46888E-6 3.3951E-5 3.37254E-5 7.41917E-6 9.46347E-6 2.02802E-5 4.52612E-5 8.85628E-5 4.6275E-5 3.64627E-5 3.81748E-5 4.85466E-5 5.31855E-5 9.03515E-5 6.47722E-5 2.55841E-4 7.00633E-5 2.76474E-4 1.71333E-4 4.72015E-5 2.78657E-5 2.39957E-5 4.27825E-5 3.69759E-5 4.4724E-5 8.21458E-5 1.41377E-4 3.38838E-4 1.61508E-4 4.56609E-4 2.7491E-4 3.97619E-4 3.18801E-4 4.60176E-4 3.98563E-4 1.75765E-4 2.72733E-4 1.99093E-4 1.80691E-4 2.24637E-4 2.72439E-4 2.75675E-4 2.03264E-4 2.13507E-4 1.81934E-4 1.96841E-4 2.07219E-4 3.05195E-4 2.83635E-4 2.3043E-4
-9999 -9999 -9999 -9999 -9999 -9999 -9999 -9999 -9999 3.88043E-6 2.52361E-6 5.01916E-6 6.83938E-5 1.5027E-5 3.43275E-6 6.3208E-6 4.12964E-5 9.72614E-5 1.04948E-4 3.50909E-5 4.13978E-5 4.43897E-5 4.91938E-5 6.41135E-5 4.55867E-5 4.2768E-5 3.2837E-4 8.54798E-5 6.59937E-5 3.43931E-5 4.22713E-5 9.31808E-5 7.65426E-5 9.51389E-5 7.73175E-5 7.5659E-5 7.27207E-5 1.17776E-4 5.8744E-4 1.03914E-4 5.42738E-4 5.40569E-4 7.59521E-4 2.42691E-4 5.41275E-4 3.11904E-4 4.8604E-4 2.71045E-4 2.40042E-4 1.82084E-4 1.58067E-4 1.92896E-4 2.05479E-4 2.66388E-4 3.23282E-4 3.30119E-4 2.72024E-4 2.64935E-4 2.3506E-4 2.73683E-4 2.70409E-4
-9999 -9999 -9999 -9999 -9999 -9999 -9999 -9999 -9999 4.42533E-6 3.20578E-6 5.1042E-6 1.16394E-5 4.99193E-6 3.4963E-6 1.34473E-5 5.20487E-5 1.04625E-4 9.09801E-5 5.6443E-5 1.00687E-4 5.55457E-5 4.61786E-5 6.61348E-5 5.76611E-5 8.45066E-5 2.52557E-4 1.72745E-4 1.35725E-4 8.36936E-5 1.02915E-4 1.83224E-4 4.74058E-5 1.04005E-4 2.36663E-4 3.56159E-4 1.33805E-4 6.2669E-4 5.84923E-4 4.31676E-4 5.79828E-4 8.64888E-4 4.3776E-4 5.7497E-4 6.64817E-4 5.51519E-4 6.49486E-4 2.30281E-4 2.97198E-4 3.00553E-4 3.23251E-4 3.49834E-4 2.23165E-4 2.7628E-4 3.00046E-4 3.75825E-4 3.0113E-4 2.61739E-4 2.71234E-4 2.2264E-4 1.95425E-4
-9999 -9999 -9999 -9999 -9999 -9999 -9999 -9999 7.48393E-6 3.41507E-6 5.78162E-6 2.66239E-5 3.48417E-6 4.46793E-6 7.78888E-6 4.29017E-5 7.39656E-5 6.72047E-5 6.98229E-5 6.71552E-5 8.72676E-5 8.31979E-5 7.12771E-5 8.30902E-5 6.9405E-5 1.6973E-4 1.28901E-4 2.0316E-4 1.19549E-4 1.93092E-4 1.78972E-4 2.27728E-4 7.00236E-5 1.31381E-4 2.37322E-4 9.64125E-5 1.36143E-4 5.17702E-4 4.6911E-4 8.13744E-4 7.71479E-4 5.98798E-4 5.25821E-4 1.91417E-4 7.58822E-5 3.39044E-4 8.15105E-5 2.47339E-4 3.47212E-4 3.60886E-4 2.82959E-4 2.85746E-4 1.70839E-4 2.17495E-4 2.54954E-4 4.37163E-4 4.18872E-4 3.67769E-4 2.84684E-4 2.18101E-4 2.32182E-4
-9999 -9999 -9999 -9999 -9999 -9999 -9999 6.27107E-6 4.74679E-6 3.19421E-6 1.79301E-5 2.57989E-5 4.02342E-6 5.42202E-6 1.93295E-5 7.28405E-5 8.1492E-5 7.60291E-5 9.45344E-5 9.22503E-5 1.04507E-4 8.60025E-5 8.0475E-5 8.78151E-5 7.60032E-5 1.07755E-4 1.13192E-4 2.37663E-4 3.3434E-4 2.91673E-4 1.45138E-4 1.39407E-4 1.05787E-4 1.15062E-4 1.37412E-4 1.57059E-4 6.21066E-4 5.82425E-4 6.28025E-4 9.83811E-4 8.86889E-4 8.35866E-4 3.94047E-4 2.23476E-4 1.14472E-4 2.01704E-4 2.10553E-4 5.10162E-4 7.44407E-4 5.13532E-4 3.30152E-4 4.32014E-4 9.53464E-4 3.10464E-4 5.28396E-4 4.37065E-4 4.3146E-4 3.79182E-4 3.85458E-4 2.4586E-4 2.34107E-4
-9999 -9999 -9999 -9999 -9999 -9999 -9999 1.30697E-6 1.12813E-6 1.47278E-6 7.86106E-6 7.83588E-6 4.49879E-6 1.37335E-5 6.89645E-5 8.93915E-5 7.95305E-5 1.2086E-4 9.07405E-5 8.37106E-5 8.93307E-5 1.1256E-4 1.44884E-4 1.1415E-4 1.03492E-4 8.54594E-5 1.23907E-4 2.29548E-4 2.29492E-4 3.22897E-4 1.37546E-4 6.65479E-5 9.91976E-5 2.35558E-4 1.36327E-4 3.94201E-4 4.48744E-4 8.47544E-4 8.65075E-4 8.83669E-4 9.14572E-4 5.43199E-4 3.50429E-4 1.99596E-4 2.02861E-4 1.52844E-4 1.77749E-4 1.40016E-4 4.29807E-4 1.90237E-4 2.53584E-4 2.19878E-4 3.78874E-4 7.60687E-4 4.23977E-4 4.94995E-4 3.57045E-4 3.70407E-4 4.15703E-4 2.73065E-4 2.3512E-4
-9999 -9999 -9999 -9999 -9999 -9999 -9999 2.16724E-6 1.45145E-6 2.29531E-6 1.38151E-5 1.13529E-5 1.07886E-5 1.62491E-5 9.15568E-5 8.28575E-5 8.88861E-5 1.30191E-4 9.03504E-5 7.96662E-5 9.22023E-5 8.87491E-5 1.73501E-4 1.34676E-4 8.29986E-5 8.56331E-5 8.08082E-5 2.71237E-4 1.83278E-4 2.35635E-4 2.7525E-4 9.27524E-5 3.29917E-4 7.33146E-4 3.46312E-4 3.44024E-4 6.56505E-4 4.98779E-4 7.34911E-4 4.66904E-4 3.63114E-4 3.26166E-4 2.58411E-4 1.80543E-4 1.77118E-4 1.92889E-4 1.45663E-4 7.61531E-5 2.76211E-4 5.138E-4 3.82115E-4 3.26421E-4 5.0028E-4 2.5527E-4 6.17031E-4 5.60409E-4 3.31817E-4 3.91485E-4 3.35503E-4 2.45184E-4 2.67875E-4
