Candidate_Models_Sept202022/M_3_F_lqp_Set_1_all/Bison.asc
ncols         97
nrows         127
xllcorner     -2197417.7431653
yllcorner     -584827.01486885
cellsize      30000.0
NODATA_value  -9999
[rows 54 to 80 of 127, columns 0 to 60 of 97]
-9999 -9999 -9999 -9999 4.81704E-6 3.44502E-6 1.71524E-6 3.36239E-6 2.80659E-6 1.11973E-6 1.78551E-6 7.23181E-6 1.10463E-5 2.39646E-5 1.64863E-5 7.53103E-6 1.1214E-5 2.03381E-5 2.17107E-5 2.68228E-5 3.74613E-5 3.29254E-5 2.63412E-5 2.14825E-5 2.65514E-5 4.82127E-5 3.78478E-5 3.09742E-5 5.11214E-5 4.21773E-5 4.60116E-5 5.37357E-5 6.15696E-5 6.25297E-5 5.19611E-5 4.89048E-5 5.03204E-5 4.79661E-5 5.5855E-5 6.61426E-5 9.28343E-5 1.24295E-4 7.47578E-5 4.69949E-5 4.11038E-5 4.00768E-5 4.00517E-5 3.61058E-5 3.64178E-5 3.48397E-5 3.42723E-5 3.13624E-5 2.73436E-5 4.09138E-5 4.08735E-5 3.46826E-5 3.368E-5 2.83677E-5 2.63814E-5 1.88154E-5 1.56014E-5
-9999 -9999 -9999 -9999 -9999 2.1184E-6 1.11868E-6 2.36286E-6 3.28412E-6 1.64795E-6 1.25914E-6 5.56957E-6 1.75291E-5 1.76665E-5 1.58308E-5 8.39451E-6 7.16737E-6 8.89241E-6 2.70864E-5 1.26013E-5 3.90293E-5 3.55752E-5 2.75974E-5 3.75362E-5 2.4201E-5 2.66543E-5 3.30188E-5 4.31915E-5 6.98472E-5 6.32471E-5 6.6398E-5 6.1071E-5 6.55609E-5 5.60625E-5 5.34926E-5 5.71455E-5 5.90821E-5 5.18064E-5 6.53129E-5 5.9886E-5 9.47946E-5 1.97064E-4 6.28219E-5 4.60423E-5 4.77646E-5 4.63998E-5 3.9804E-5 3.81286E-5 4.0099E-5 3.87679E-5 4.31958E-5 4.59991E-5 4.16286E-5 4.33701E-5 3.92646E-5 3.18915E-5 2.90622E-5 2.56298E-5 2.40263E-5 1.9907E-5 2.11286E-5
-9999 -9999 -9999 -9999 -9999 3.73473E-6 2.49793E-6 3.28243E-6 3.59682E-6 2.70428E-6 4.52182E-7 2.73191E-6 4.20871E-6 7.02435E-6 2.0661E-5 1.0079E-5 1.44518E-5 1.72884E-5 2.06603E-5 2.37288E-5 3.07845E-5 2.46178E-5 2.12517E-5 2.79691E-5 2.42506E-5 3.12929E-5 3.51316E-5 5.43017E-5 9.36854E-5 6.35343E-5 7.65071E-5 7.71445E-5 7.88849E-5 7.28081E-5 7.48269E-5 8.36219E-5 5.84445E-5 5.11589E-5 6.14616E-5 5.26256E-5 9.15872E-5 6.42575E-5 4.72578E-5 4.99263E-5 4.83398E-5 4.55951E-5 4.14169E-5 3.79067E-5 3.63718E-5 4.43568E-5 4.54618E-5 4.47044E-5 4.36079E-5 4.85667E-5 3.53268E-5 3.16207E-5 3.32176E-5 2.95255E-5 2.56823E-5 2.38987E-5 2.19455E-5
-9999 -9999 -9999 -9999 -9999 -9999 4.33805E-6 -9999 6.32631E-6 1.05314E-6 5.98863E-7 2.26734E-6 6.3579E-6 7.80734E-6 6.35604E-6 2.09297E-5 1.0876E-5 1.72286E-5 2.2599E-5 3.09673E-5 2.1365E-5 2.23407E-5 2.27134E-5 3.73675E-5 2.73163E-5 3.14887E-5 2.00879E-5 5.42257E-5 6.45281E-5 7.43549E-5 1.47964E-4 1.36232E-4 9.55563E-5 8.47385E-5 8.25171E-5 8.43254E-5 8.31524E-5 5.89658E-5 6.41218E-5 4.87938E-5 5.6219E-5 5.82562E-5 5.91636E-5 5.47524E-5 4.79406E-5 4.83568E-5 4.74819E-5 5.39823E-5 6.00461E-5 4.49857E-5 4.64585E-5 6.37563E-5 4.26799E-5 3.64828E-5 3.50216E-5 3.70549E-5 3.51521E-5 3.4093E-5 3.17167E-5 2.7586E-5 2.21152E-5
-9999 -9999 -9999 4.65905E-6 -9999 -9999 -9999 -9999 -9999 2.511E-6 2.10692E-6 1.81597E-6 3.07108E-6 6.04364E-6 6.70628E-6 1.4233E-5 1.13691E-5 1.92986E-5 2.1251E-5 3.32285E-5 2.24651E-5 2.74535E-5 1.80402E-5 4.27859E-5 1.89829E-5 1.96497E-5 2.15522E-5 3.77272E-5 1.04558E-4 8.0248E-5 2.25408E-4 1.87593E-4 9.23391E-5 7.48774E-5 6.67719E-5 9.09873E-5 8.31854E-5 1.04839E-4 2.4537E-4 6.09908E-5 6.25901E-5 5.92249E-5 6.03082E-5 5.6442E-5 5.15301E-5 5.52388E-5 5.86072E-5 5.29861E-5 5.40424E-5 4.82331E-5 4.84136E-5 4.73532E-5 4.90355E-5 3.76788E-5 3.77106E-5 4.33491E-5 3.62213E-5 5.18779E-5 4.20161E-5 3.0927E-5 2.83252E-5
-9999 -9999 -9999 3.19807E-6 6.76397E-6 8.6218E-6 -9999 -9999 -9999 3.43399E-6 1.05835E-6 3.9181E-6 4.5009E-6 7.69927E-6 7.5913E-6 1.83012E-5 1.24187E-5 1.50549E-5 2.95522E-5 2.91435E-5 2.32601E-5 2.40565E-5 2.46294E-5 3.57634E-5 2.67952E-5 1.8611E-5 2.15398E-5 3.93016E-5 1.37015E-4 1.34179E-4 3.27015E-4 2.41723E-4 9.88695E-5 9.012E-5 9.13027E-5 7.72082E-5 8.2792E-5 2.40137E-4 1.47172E-4 6.46677E-5 6.72408E-5 7.76483E-5 6.21578E-5 5.62099E-5 5.93591E-5 5.36975E-5 5.8154E-5 5.47494E-5 5.46977E-5 6.66737E-5 5.95081E-5 5.43871E-5 4.01123E-5 3.94998E-5 3.79096E-5 4.60328E-5 6.68694E-5 5.98638E-5 4.34428E-5 4.15219E-5 4.01593E-5
-9999 -9999 -9999 2.86359E-6 7.28817E-6 1.10515E-5 7.57314E-6 -9999 -9999 5.01329E-6 1.60441E-6 5.58898E-6 4.47693E-6 6.47411E-6 6.92478E-6 1.30168E-5 1.7922E-5 2.53581E-5 3.11914E-5 2.46229E-5 3.21796E-5 3.26149E-5 2.92555E-5 2.30468E-5 3.71714E-5 1.09845E-5 1.8143E-5 3.24627E-5 7.56201E-5 7.67044E-5 3.17299E-4 5.17131E-4 2.33755E-4 2.55202E-4 2.81833E-4 1.20873E-4 1.45003E-4 1.66166E-4 9.14417E-5 7.86562E-5 8.34255E-5 7.62043E-5 6.91238E-5 6.23137E-5 5.82103E-5 5.83797E-5 5.80887E-5 6.4738E-5 6.30972E-5 1.01728E-4 1.15121E-4 8.77412E-5 6.05122E-5 7.59196E-5 4.29725E-5 4.47472E-5 5.07494E-5 5.40745E-5 5.14973E-5 5.01533E-5 3.60097E-5
-9999 -9999 -9999 1.75575E-6 5.93109E-6 8.19862E-6 -9999 -9999 6.55992E-6 1.48085E-6 6.47095E-7 2.2551E-6 3.63598E-6 6.0412E-6 8.69261E-6 1.54112E-5 5.31979E-5 3.14331E-5 3.50833E-5 2.14021E-5 3.00395E-5 3.26888E-5 3.70785E-5 3.15326E-5 3.48341E-5 1.24643E-5 1.22826E-5 2.52754E-5 4.98669E-5 1.57888E-4 3.86325E-4 6.53957E-4 4.81185E-4 3.33945E-4 3.89659E-4 2.7934E-4 2.37768E-4 2.7125E-4 1.41008E-4 1.01268E-4 1.02453E-4 9.95946E-5 7.89587E-5 6.99615E-5 6.19526E-5 7.93096E-5 7.26448E-5 7.05683E-5 9.01351E-5 1.16807E-4 1.05608E-4 6.40967E-5 5.29983E-5 4.36334E-5 4.72166E-5 4.93805E-5 5.28293E-5 4.60049E-5 5.51116E-5 4.23949E-5 4.18499E-5
-9999 -9999 -9999 1.65816E-6 6.65471E-6 -9999 -9999 1.10232E-5 4.61598E-6 1.59009E-6 1.1448E-6 2.05452E-6 3.84083E-6 4.57145E-6 9.86E-6 2.10126E-5 3.88769E-5 3.17245E-5 3.52792E-5 3.10814E-5 3.24404E-5 3.9622E-5 3.65874E-5 3.80287E-5 3.55797E-5 1.62487E-5 1.53289E-5 2.80571E-5 3.62763E-5 5.00344E-5 1.79889E-4 4.59683E-4 2.22814E-4 2.9093E-4 6.80016E-4 4.78981E-4 4.04283E-4 7.10357E-4 2.63242E-4 1.10463E-4 1.0269E-4 8.35506E-5 7.46413E-5 6.68367E-5 7.35887E-5 9.48995E-5 8.04426E-5 6.48705E-5 6.35674E-5 8.63583E-5 9.43472E-5 5.16161E-5 4.02284E-5 4.62741E-5 4.55347E-5 4.72134E-5 5.09033E-5 4.70207E-5 4.3943E-5 4.24304E-5 4.97774E-5
-9999 -9999 -9999 1.17579E-6 2.15632E-6 -9999 -9999 -9999 5.45218E-6 1.51748E-6 1.28265E-6 2.79065E-6 1.70683E-6 1.29918E-5 1.91704E-5 2.60669E-5 3.64715E-5 4.05553E-5 4.51588E-5 3.01264E-5 3.84272E-5 4.42046E-5 4.43439E-5 3.83085E-5 3.49674E-5 1.73919E-5 1.21488E-5 1.72124E-5 3.06511E-5 3.86439E-5 6.12615E-5 2.25045E-4 3.35717E-4 3.69965E-4 5.56818E-4 5.75533E-4 3.86504E-4 3.73241E-4 1.34903E-4 1.1298E-4 9.91313E-5 9.89908E-5 8.68625E-5 7.7098E-5 8.41085E-5 9.37107E-5 1.08587E-4 7.53642E-5 7.88235E-5 9.8077E-5 9.55846E-5 6.49623E-5 6.86377E-5 5.97968E-5 5.67375E-5 5.07923E-5 5.0629E-5 5.0503E-5 4.95226E-5 5.66073E-5 5.34184E-5
-9999 -9999 -9999 1.49626E-6 4.04306E-6 -9999 -9999 -9999 7.23907E-6 3.16544E-6 2.4537E-6 1.3449E-6 5.71839E-6 1.32536E-5 1.48595E-5 3.18149E-5 3.54513E-5 4.38325E-5 5.1861E-5 3.49989E-5 3.46026E-5 5.65554E-5 5.20541E-5 4.73477E-5 4.11687E-5 3.13862E-5 1.18736E-5 2.1902E-5 2.51117E-5 4.90506E-5 6.76481E-5 2.65927E-4 3.80922E-4 5.18906E-4 3.6134E-4 3.60489E-4 2.70586E-4 4.1226E-4 1.67245E-4 1.79851E-4 1.16073E-4 1.14668E-4 9.71815E-5 8.41819E-5 1.29189E-4 1.3332E-4 1.24622E-4 8.86304E-5 9.25732E-5 1.15909E-4 1.19651E-4 7.08732E-5 6.51281E-5 5.75304E-5 6.03362E-5 5.77281E-5 5.18269E-5 4.89512E-5 4.64283E-5 4.58811E-5 4.91619E-5
-9999 -9999 -9999 8.00211E-7 4.50952E-6 -9999 -9999 -9999 7.16394E-6 2.98869E-6 6.82657E-7 1.02904E-6 3.5581E-6 1.14849E-5 3.75433E-5 2.82731E-5 3.25354E-5 5.01849E-5 4.09539E-5 4.03404E-5 6.84561E-5 9.53381E-5 5.73197E-5 5.1743E-5 4.20892E-5 3.08708E-5 1.85192E-5 2.19352E-5 2.41162E-5 3.89984E-5 6.09037E-5 1.37893E-4 2.7561E-4 5.09851E-4 2.91067E-4 3.74407E-4 1.65441E-4 3.11685E-4 3.34803E-4 1.84688E-4 9.65748E-5 9.56842E-5 9.35474E-5 9.92894E-5 8.78539E-5 9.03154E-5 9.57306E-5 1.08268E-4 1.27906E-4 1.06392E-4 8.56889E-5 7.80272E-5 6.91785E-5 6.44397E-5 6.29755E-5 6.05997E-5 5.26657E-5 6.1138E-5 5.5407E-5 5.3071E-5 8.61143E-5
-9999 -9999 -9999 -9999 2.01652E-6 -9999 -9999 -9999 -9999 4.86055E-6 1.14282E-6 1.2586E-6 4.02526E-6 3.98388E-6 1.61096E-5 3.01482E-5 3.44414E-5 5.05956E-5 5.31423E-5 6.81766E-5 5.50774E-5 1.73941E-4 8.98182E-5 6.06053E-5 6.66881E-5 3.65115E-5 1.99064E-5 1.43563E-5 2.73783E-5 2.47716E-5 3.90865E-5 6.1244E-5 8.03874E-5 1.02771E-4 9.4966E-5 1.17444E-4 3.11668E-4 2.37432E-4 1.16069E-4 8.76211E-5 1.32148E-4 9.07072E-5 1.30855E-4 1.02757E-4 9.50977E-5 1.2089E-4 1.04666E-4 1.15242E-4 1.1586E-4 1.03928E-4 1.40636E-4 8.05705E-5 7.4417E-5 6.88115E-5 6.78181E-5 6.71751E-5 6.36827E-5 5.79082E-5 5.4746E-5 5.11423E-5 5.1133E-5
-9999 -9999 -9999 -9999 4.66541E-6 -9999 -9999 -9999 -9999 8.02417E-6 2.4914E-6 1.4433E-6 6.45849E-6 4.99646E-6 1.10612E-5 2.71643E-5 4.38066E-5 4.78725E-5 5.41122E-5 4.86074E-5 6.14981E-5 8.15412E-5 6.42046E-5 1.13653E-4 1.57689E-4 4.533E-5 2.66415E-5 1.68587E-5 2.00601E-5 2.45112E-5 2.40921E-5 4.15747E-5 7.2715E-5 1.14943E-4 8.55234E-5 8.86273E-5 1.57953E-4 9.90984E-5 7.74967E-5 6.61006E-5 1.06253E-4 9.88145E-5 1.16454E-4 1.428E-4 1.02336E-4 1.17191E-4 1.92103E-4 1.1741E-4 1.13061E-4 1.17224E-4 1.2288E-4 8.96999E-5 8.36671E-5 7.74662E-5 7.4909E-5 7.89241E-5 7.07E-5 6.41836E-5 6.04367E-5 5.42962E-5 5.22429E-5
-9999 -9999 -9999 -9999 -9999 -9999 -9999 -9999 -9999 5.49899E-6 4.59505E-6 1.22272E-6 3.74912E-6 3.98823E-6 5.02749E-6 1.80173E-5 4.73458E-5 4.98917E-5 4.68949E-5 6.11782E-5 5.58212E-5 5.92446E-5 6.90814E-5 5.92239E-5 4.53618E-5 2.10271E-5 1.41737E-5 2.24783E-5 1.4766E-5 2.333E-5 3.51584E-5 3.45289E-5 3.95493E-5 7.85338E-5 6.26526E-5 8.7998E-5 1.60409E-4 1.45338E-4 8.80709E-5 1.11968E-4 1.38959E-4 1.072E-4 1.3146E-4 1.48865E-4 2.6624E-4 3.1975E-4 3.15825E-4 1.45663E-4 1.10114E-4 1.06179E-4 1.17494E-4 1.15701E-4 9.13401E-5 7.68932E-5 7.89352E-5 7.30544E-5 7.39088E-5 7.24277E-5 6.40489E-5 6.4386E-5 5.97292E-5
-9999 -9999 -9999 -9999 -9999 -9999 -9999 -9999 -9999 -9999 5.06642E-6 1.67271E-6 1.79948E-6 4.11549E-6 8.60542E-6 2.47873E-5 4.4394E-5 4.28882E-5 5.55871E-5 5.51571E-5 5.08331E-5 5.13337E-5 6.64637E-5 6.04078E-5 4.66282E-5 2.03726E-5 1.72813E-5 1.58105E-5 1.81796E-5 2.22563E-5 3.56001E-5 2.89132E-5 5.75596E-5 7.41417E-5 8.80089E-5 9.10502E-5 1.32903E-4 1.47526E-4 1.01549E-4 1.24795E-4 1.36083E-4 2.42967E-4 2.61752E-4 3.38895E-4 4.32629E-4 4.53266E-4 3.08565E-4 4.6358E-4 1.21508E-4 1.04968E-4 1.57101E-4 1.19064E-4 9.69361E-5 9.02375E-5 8.21771E-5 7.24082E-5 8.50535E-5 9.16608E-5 7.93042E-5 7.17056E-5 7.09701E-5
-9999 -9999 -9999 -9999 -9999 -9999 -9999 -9999 -9999 -9999 4.18394E-6 1.75874E-6 9.2404E-7 2.4713E-6 8.54893E-6 8.00351E-6 4.8568E-5 6.37623E-5 5.1327E-5 5.7557E-5 4.96935E-5 5.0038E-5 6.94054E-5 8.71748E-5 4.17472E-5 2.0632E-5 1.55771E-5 8.87325E-6 1.65842E-5 3.48918E-5 3.35675E-5 3.77114E-5 4.34277E-5 7.14935E-5 8.53837E-5 1.16518E-4 9.49518E-5 9.58083E-5 1.04305E-4 2.65328E-4 3.07971E-4 4.34229E-4 3.61718E-4 4.26722E-4 4.12051E-4 3.75465E-4 1.77219E-4 3.00723E-4 2.20399E-4 2.88305E-4 3.00679E-4 1.66074E-4 9.50833E-5 9.24782E-5 8.36082E-5 8.27346E-5 8.17542E-5 7.70032E-5 7.71774E-5 7.37252E-5 7.66968E-5
-9999 -9999 -9999 -9999 -9999 -9999 -9999 -9999 -9999 -9999 3.22403E-6 1.15215E-6 1.19561E-6 2.39919E-6 3.8113E-5 3.85129E-5 5.24013E-5 7.54804E-5 5.96136E-5 6.9246E-5 5.99253E-5 6.20756E-5 6.98158E-5 7.8117E-5 5.1219E-5 2.04255E-5 1.41968E-5 1.55522E-5 2.1383E-5 2.18231E-5 3.65679E-5 5.9339E-5 5.08942E-5 4.61145E-5 8.36311E-5 1.03062E-4 1.60089E-4 2.25025E-4 2.62291E-4 2.44113E-4 3.77223E-4 4.06796E-4 5.16227E-4 5.07463E-4 5.14144E-4 5.90279E-4 4.91723E-4 4.26968E-4 3.96322E-4 4.80378E-4 5.14144E-4 3.36192E-4 2.33591E-4 1.95888E-4 1.87256E-4 9.41551E-5 8.41445E-5 8.03443E-5 8.42634E-5 8.07198E-5 8.67623E-5
-9999 -9999 -9999 -9999 -9999 -9999 -9999 -9999 -9999 -9999 3.45565E-6 8.59658E-7 1.59156E-6 2.16628E-6 1.25139E-5 1.4365E-5 4.36643E-5 6.45048E-5 6.2781E-5 8.63422E-5 1.00699E-4 7.46883E-5 6.62191E-5 7.30263E-5 4.66674E-5 2.19795E-5 1.52495E-5 1.49071E-5 4.3211E-5 2.15793E-5 2.47436E-5 6.86505E-5 5.50268E-5 3.76701E-5 9.89283E-5 9.43169E-5 1.52765E-4 2.01153E-4 1.85635E-4 2.53251E-4 4.10474E-4 5.46609E-4 7.13595E-4 6.33569E-4 8.62371E-4 6.40721E-4 6.15979E-4 5.9192E-4 6.46704E-4 5.43282E-4 2.39873E-4 1.71139E-4 1.68626E-4 2.77571E-4 3.38401E-4 2.71908E-4 1.04934E-4 9.22325E-5 8.88354E-5 8.14256E-5 9.01481E-5
-9999 -9999 -9999 -9999 -9999 -9999 -9999 -9999 -9999 -9999 2.23897E-6 1.14496E-6 2.14562E-6 9.03972E-6 6.16477E-5 8.04685E-6 4.64028E-5 4.19436E-5 6.08379E-5 1.04587E-4 1.33824E-4 8.52141E-5 7.66418E-5 5.86988E-5 7.10225E-5 4.33226E-5 2.27247E-5 1.69352E-5 2.52175E-5 4.89952E-5 2.72842E-5 2.73692E-5 4.72395E-5 6.41872E-5 8.89265E-5 1.34023E-4 1.25746E-4 1.34058E-4 1.72163E-4 2.50013E-4 4.63762E-4 7.93092E-4 8.51371E-4 1.39635E-3 1.04625E-3 5.52664E-4 4.81257E-4 5.51353E-4 4.10735E-4 7.07865E-4 5.74774E-4 2.4206E-4 1.7404E-4 3.60387E-4 2.01621E-4 1.69826E-4 1.00741E-4 1.29376E-4 1.02528E-4 8.62379E-5 9.58904E-5
-9999 -9999 -9999 -9999 -9999 -9999 -9999 -9999 6.15936E-6 4.86073E-6 4.25814E-6 2.21919E-6 1.33643E-6 2.4981E-6 8.44305E-6 4.31609E-5 4.40753E-5 4.22989E-5 4.61507E-5 7.39976E-5 8.46597E-5 1.06827E-4 1.03042E-4 7.59263E-5 7.61872E-5 5.4996E-5 2.02492E-5 1.19996E-5 1.25286E-5 2.17295E-5 1.53851E-5 2.1043E-5 5.16802E-5 4.07942E-5 6.55317E-5 6.05912E-5 9.04775E-5 1.5878E-4 1.41701E-4 2.90614E-4 5.31898E-4 8.1699E-4 6.9429E-4 7.06039E-4 7.34254E-4 4.98511E-4 4.98396E-4 5.77065E-4 5.56707E-4 4.5174E-4 6.33694E-4 5.16221E-4 4.34705E-4 3.5779E-4 1.87104E-4 1.54186E-4 2.20379E-4 1.80233E-4 1.82638E-4 9.92938E-5 1.13783E-4
-9999 -9999 -9999 -9999 -9999 -9999 -9999 -9999 2.91857E-6 2.55665E-6 5.37634E-6 4.52527E-6 2.93749E-6 1.10688E-6 1.78512E-6 1.25221E-5 1.43212E-5 5.80174E-5 3.73089E-5 4.04979E-5 6.13625E-5 7.41559E-5 1.06637E-4 7.17923E-5 7.24778E-5 4.53998E-5 2.67539E-5 1.9681E-5 1.54013E-5 1.36547E-5 3.8106E-5 1.43218E-5 3.92946E-5 5.78996E-5 1.02398E-4 4.91488E-5 9.32067E-5 1.21863E-4 1.36082E-4 1.31954E-4 3.66305E-4 6.61618E-4 6.27819E-4 6.5042E-4 6.62561E-4 5.43572E-4 4.5962E-4 5.25832E-4 5.29073E-4 6.77257E-4 6.05844E-4 5.60948E-4 5.16442E-4 4.10403E-4 3.82681E-4 3.4233E-4 4.24546E-4 3.35078E-4 3.60766E-4 3.49864E-4 3.79018E-4
-9999 -9999 -9999 -9999 -9999 -9999 -9999 -9999 1.2396E-6 9.53313E-7 1.12534E-6 1.50621E-6 2.61139E-6 1.47417E-6 1.38487E-6 7.24948E-6 1.16003E-5 5.13645E-5 4.01531E-5 4.34843E-5 5.09695E-5 4.65162E-5 7.37208E-5 7.80665E-5 8.80369E-5 9.26873E-5 3.42224E-5 3.1174E-5 2.10147E-5 1.56108E-5 2.60975E-5 2.55213E-5 3.21583E-5 7.69505E-5 1.4986E-4 1.38447E-4 6.0044E-5 9.86563E-5 1.22228E-4 3.64542E-4 6.43795E-4 7.45833E-4 7.47164E-4 8.17709E-4 8.46983E-4 5.93181E-4 5.12392E-4 4.58175E-4 6.72467E-4 7.02294E-4 8.58744E-4 6.48209E-4 5.19418E-4 4.09019E-4 5.02444E-4 3.71972E-4 4.35701E-4 3.6799E-4 3.55475E-4 4.83245E-4 5.58677E-4
-9999 -9999 -9999 -9999 -9999 -9999 -9999 -9999 -9999 1.23679E-6 8.0903E-7 1.20947E-6 1.88174E-6 3.24599E-6 1.42881E-6 1.69321E-6 9.02701E-6 4.88367E-5 1.48162E-4 7.49779E-5 2.39057E-5 2.73158E-5 3.32839E-5 7.53046E-5 6.07015E-5 6.64571E-5 4.27995E-5 2.34765E-5 1.92987E-5 1.36524E-5 9.98847E-6 1.52053E-5 2.44779E-5 2.8073E-5 7.05603E-5 6.94607E-5 8.54581E-5 8.9343E-5 1.51843E-4 7.13197E-4 6.28387E-4 1.00443E-3 1.01276E-3 8.72792E-4 6.94374E-4 5.09689E-4 6.68489E-4 6.96999E-4 4.32035E-4 4.93172E-4 5.0118E-4 5.29243E-4 4.44824E-4 7.75453E-4 6.98691E-4 4.41806E-4 5.11855E-4 5.0875E-4 4.44993E-4 4.02425E-4 4.49024E-4
-9999 -9999 -9999 -9999 -9999 -9999 -9999 -9999 -9999 9.72509E-7 1.16476E-6 1.01283E-6 1.12379E-6 3.90558E-6 4.74787E-6 2.20161E-6 2.66651E-6 7.43201E-6 3.37152E-5 3.37592E-5 1.84912E-5 1.52856E-5 2.714E-5 4.66754E-5 5.17243E-5 5.59228E-5 5.88353E-5 3.0788E-5 1.50622E-5 9.62554E-6 1.58104E-5 6.49009E-6 4.17615E-5 2.07158E-5 5.92747E-5 9.6884E-5 1.69751E-4 9.85465E-5 1.08406E-4 4.68179E-4 7.70238E-4 7.74983E-4 6.67045E-4 6.84812E-4 6.2096E-4 4.09613E-4 3.87797E-4 6.86519E-4 4.86311E-4 5.53303E-4 6.9998E-4 4.87192E-4 5.79349E-4 5.83849E-4 6.74473E-4 5.49969E-4 3.70577E-4 4.2763E-4 4.27322E-4 4.343E-4 4.97952E-4
-9999 -9999 -9999 -9999 -9999 -9999 -9999 -9999 -9999 -9999 1.29391E-6 7.27451E-7 8.18365E-7 5.9392E-6 1.39862E-5 2.32419E-6 2.30287E-6 4.75416E-6 2.27103E-5 1.71188E-5 1.64968E-5 1.03032E-5 2.27185E-5 1.00657E-4 6.88043E-5 6.37289E-5 4.25452E-5 2.43736E-5 1.38187E-5 1.09222E-5 1.27493E-5 1.08491E-5 1.28144E-5 1.92436E-5 3.10002E-5 7.25476E-5 1.16912E-4 1.09142E-4 1.97559E-4 5.0773E-4 6.34774E-4 6.70461E-4 6.90032E-4 6.82588E-4 3.74179E-4 3.77808E-4 3.26893E-4 4.8944E-4 4.42129E-4 5.03244E-4 7.65744E-4 7.10016E-4 6.71202E-4 7.69313E-4 4.92233E-4 5.61172E-4 6.23818E-4 3.84377E-4 4.16432E-4 5.23851E-4 4.72716E-4
-9999 -9999 -9999 -9999 -9999 -9999 -9999 -9999 -9999 -9999 1.47802E-6 8.08236E-7 1.13675E-6 2.63348E-6 1.55157E-5 5.57301E-6 1.80112E-6 1.9677E-6 8.90472E-6 1.25086E-5 1.45724E-5 1.76216E-5 2.11117E-5 3.71221E-5 1.01586E-4 1.65622E-4 1.42056E-4 4.73089E-5 4.33235E-5 1.76137E-5 8.39021E-6 1.73943E-5 2.54219E-5 3.12914E-5 2.95038E-5 4.65105E-5 7.16887E-5 9.16426E-5 1.13866E-4 6.15148E-4 7.43363E-4 7.29449E-4 7.85064E-4 9.18636E-4 6.53049E-4 4.09252E-4 2.90082E-4 3.26076E-4 4.16835E-4 4.14634E-4 5.30893E-4 5.90502E-4 6.2017E-4 6.63417E-4 5.97721E-4 4.83976E-4 5.44983E-4 5.54417E-4 6.03156E-4 4.07314E-4 4.29567E-4
