Candidate_Models_Sept202022/M_3_F_lqp_Set_1_all/Bison.asc
ncols         97
nrows         127
xllcorner     -2197417.7431653
yllcorner     -584827.01486885
cellsize      30000.0
NODATA_value  -9999
[rows 27 to 53 of 127, columns 0 to 60 of 97]
-9999 -9999 7.05493E-5 7.057E-5 5.52679E-5 2.72787E-5 1.31658E-5 2.13966E-5 7.56696E-5 1.89025E-5 2.51576E-5 2.93156E-5 1.24961E-5 1.16006E-5 1.04053E-5 1.4043E-5 9.47625E-6 1.22867E-5 1.55474E-5 1.13686E-5 7.63207E-6 1.07235E-5 1.22593E-5 1.42583E-5 2.00027E-5 1.37608E-5 1.70971E-5 1.63448E-5 1.904E-5 1.63093E-5 1.19982E-5 9.47192E-6 1.15614E-5 9.32891E-6 8.72978E-6 8.92781E-6 1.54363E-5 1.02739E-5 1.11094E-5 1.09405E-5 1.261E-5 1.95496E-5 1.39564E-5 2.36001E-5 1.50345E-5 1.08181E-5 7.77502E-6 7.59996E-6 6.3982E-6 6.11236E-6 6.21209E-6 6.66981E-6 5.61035E-6 5.17795E-6 3.96076E-6 3.23079E-6 3.11083E-6 2.82996E-6 2.97838E-6 2.98256E-6 4.38759E-6
-9999 1.15591E-4 6.19327E-5 6.98028E-5 4.80313E-5 4.07071E-5 1.91631E-5 2.08007E-5 2.20296E-5 1.82998E-5 2.32102E-5 2.08815E-5 1.23616E-5 1.29212E-5 1.67631E-5 1.23283E-5 2.07858E-5 1.71217E-5 1.52628E-5 1.6732E-5 3.79043E-5 1.71074E-5 8.56244E-6 1.22343E-5 1.87494E-5 1.55064E-5 1.3918E-5 1.41156E-5 1.33484E-5 1.50508E-5 1.22778E-5 7.08957E-6 1.50723E-5 9.05907E-6 8.92115E-6 1.15272E-5 1.58636E-5 1.65527E-5 1.34191E-5 1.09093E-5 1.18123E-5 1.12474E-5 1.10571E-5 1.06989E-5 1.11628E-5 8.93094E-6 7.96254E-6 7.13577E-6 6.43289E-6 5.89004E-6 5.86246E-6 7.92273E-6 5.19991E-6 4.72238E-6 4.056E-6 3.40667E-6 3.0985E-6 2.86175E-6 2.99608E-6 3.28462E-6 2.87767E-6
-9999 1.01396E-4 1.02084E-4 1.03396E-4 9.34029E-5 4.40436E-5 2.508E-5 2.41677E-5 3.73335E-5 2.85816E-5 2.60967E-5 2.85702E-5 1.48594E-5 1.45397E-5 1.51772E-5 1.46636E-5 9.87114E-6 1.57132E-5 2.99301E-5 3.45635E-5 1.0675E-5 7.61447E-6 1.08152E-5 9.18002E-6 2.14352E-5 2.04645E-5 1.94408E-5 1.65486E-5 1.63335E-5 1.9453E-5 1.16996E-5 6.69652E-6 8.69089E-6 9.89287E-6 8.66178E-6 9.35084E-6 1.53777E-5 1.63978E-5 1.55885E-5 1.17275E-5 1.37695E-5 1.22222E-5 1.43604E-5 1.01037E-5 8.47643E-6 8.02206E-6 7.54529E-6 6.74053E-6 6.12098E-6 5.57066E-6 5.04252E-6 5.33449E-6 4.79253E-6 4.65826E-6 3.90623E-6 3.59742E-6 3.23484E-6 3.01458E-6 2.89753E-6 3.15483E-6 3.01253E-6
8.4102E-5 1.13193E-4 8.68999E-5 7.83617E-5 8.47173E-5 6.56074E-5 4.50267E-5 2.59212E-5 3.43836E-5 2.52925E-5 3.20904E-5 2.88112E-5 1.94006E-5 2.37711E-5 1.6035E-5 1.18497E-5 1.69383E-5 1.82509E-5 1.79489E-5 1.60582E-5 1.54791E-5 8.90816E-6 1.03572E-5 1.87653E-5 2.05158E-5 1.57596E-5 1.53784E-5 1.50254E-5 1.9754E-5 1.64754E-5 1.31897E-5 1.28838E-5 6.57649E-6 1.09143E-5 1.2743E-5 1.17607E-5 1.6097E-5 1.50547E-5 1.46774E-5 1.18295E-5 1.16162E-5 9.80878E-6 1.29233E-5 1.20733E-5 8.756E-6 7.1932E-6 6.75207E-6 6.32026E-6 6.11691E-6 5.50996E-6 4.94458E-6 5.3135E-6 5.16398E-6 5.05924E-6 4.4031E-6 3.98406E-6 3.4228E-6 3.15963E-6 3.03823E-6 3.2275E-6 3.1998E-6
2.21791E-5 6.25769E-5 9.23258E-5 1.14641E-4 8.81458E-5 8.70314E-5 3.57951E-5 3.32448E-5 2.63667E-5 3.03855E-5 3.94291E-5 2.55297E-5 2.41196E-5 2.96293E-5 1.73955E-5 2.45576E-5 1.36082E-5 1.70915E-5 1.54497E-5 1.37328E-5 1.42972E-5 1.76333E-5 9.56039E-6 1.38469E-5 1.66296E-5 2.13243E-5 1.79339E-5 2.216E-5 2.09319E-5 1.97228E-5 1.04665E-5 6.7628E-6 1.14928E-5 9.59324E-6 8.17544E-6 1.45864E-5 1.14039E-5 1.35878E-5 1.30229E-5 1.21781E-5 1.13906E-5 1.11454E-5 1.11782E-5 1.05732E-5 8.44925E-6 6.83987E-6 6.13138E-6 6.29443E-6 5.95272E-6 5.36109E-6 5.05961E-6 5.42227E-6 5.18341E-6 5.15431E-6 4.65914E-6 4.11441E-6 3.64915E-6 3.53373E-6 3.26243E-6 3.36869E-6 3.22899E-6
1.63938E-5 4.00222E-5 7.81232E-5 1.65291E-4 1.06099E-4 1.00992E-4 4.76448E-5 2.50851E-5 2.39862E-5 2.91496E-5 3.03004E-5 2.80536E-5 2.63504E-5 1.76358E-5 1.33025E-5 1.26855E-5 2.01966E-5 7.85133E-6 1.03233E-5 1.27401E-5 1.50815E-5 1.28264E-5 9.67594E-6 1.62797E-5 2.05877E-5 1.68229E-5 1.76771E-5 3.14444E-5 1.81776E-5 1.10528E-5 1.11896E-5 1.07325E-5 1.56724E-5 1.41875E-5 6.09255E-6 8.53603E-6 1.65144E-5 1.22548E-5 1.08227E-5 1.3632E-5 9.1305E-6 1.39837E-5 1.10447E-5 1.46866E-5 1.21519E-5 7.10178E-6 6.29066E-6 5.54563E-6 6.64486E-6 5.52363E-6 5.4652E-6 5.30212E-6 5.22344E-6 5.10625E-6 4.82338E-6 4.02687E-6 3.86674E-6 3.76327E-6 3.73681E-6 3.43671E-6 3.36222E-6
-9999 1.68013E-5 2.35576E-5 5.02811E-5 9.43847E-5 8.06675E-5 4.63368E-5 2.57234E-5 2.20536E-5 1.63631E-5 2.79724E-5 2.92884E-5 2.21972E-5 1.91387E-5 1.64711E-5 9.12727E-6 1.03928E-5 8.89671E-6 9.24337E-6 1.25491E-5 1.53428E-5 1.89785E-5 9.53541E-6 1.317E-5 1.32859E-5 2.23348E-5 1.85506E-5 3.42341E-5 2.6434E-5 2.10713E-5 1.54521E-5 8.78439E-6 1.36481E-5 1.10584E-5 6.40698E-6 1.28194E-5 1.47493E-5 1.25667E-5 1.15593E-5 1.60131E-5 1.10406E-5 9.21191E-6 1.18203E-5 1.13616E-5 1.14543E-5 6.50257E-6 6.77548E-6 6.64091E-6 6.10557E-6 6.07884E-6 6.0347E-6 5.63324E-6 5.41601E-6 5.54821E-6 4.92842E-6 4.61578E-6 4.91454E-6 3.982E-6 3.84135E-6 3.49448E-6 3.58645E-6
-9999 -9999 1.04244E-5 3.4907E-5 6.11353E-5 4.36318E-5 2.27965E-5 1.69541E-5 2.80017E-5 3.04904E-5 2.8667E-5 5.13734E-5 1.88858E-5 1.63691E-5 1.78054E-5 9.45477E-6 9.54549E-6 8.88954E-6 1.14255E-5 1.35517E-5 1.75261E-5 1.06575E-5 9.6781E-6 1.56311E-5 2.96112E-5 1.57827E-5 1.19756E-5 3.79853E-5 2.38321E-5 2.41385E-5 1.20717E-5 8.12611E-6 1.63083E-5 9.69015E-6 1.09831E-5 1.13593E-5 1.51185E-5 1.14162E-5 1.67281E-5 1.76028E-5 1.06057E-5 1.07674E-5 1.20875E-5 1.18833E-5 9.41746E-6 7.05031E-6 6.59797E-6 6.43163E-6 6.49667E-6 7.83584E-6 6.25948E-6 6.21642E-6 5.78233E-6 5.67914E-6 5.36807E-6 4.76549E-6 5.35765E-6 4.17676E-6 4.10699E-6 3.98486E-6 3.81566E-6
-9999 -9999 1.20015E-5 2.14591E-5 4.04964E-5 2.53708E-5 1.83056E-5 2.58031E-5 3.89894E-5 3.28236E-5 3.598E-5 2.88428E-5 1.58651E-5 1.21827E-5 1.26538E-5 1.48516E-5 1.3646E-5 1.38164E-5 1.17798E-5 1.70841E-5 2.06655E-5 1.50183E-5 9.39179E-6 1.24202E-5 2.22259E-5 2.94598E-5 1.85307E-5 3.56891E-5 4.11698E-5 2.38688E-5 1.76437E-5 1.08842E-5 1.03464E-5 7.05996E-6 7.03531E-6 1.21109E-5 1.94037E-5 1.41844E-5 1.86911E-5 1.85823E-5 1.25416E-5 1.24077E-5 9.89501E-6 9.37713E-6 8.29026E-6 7.23749E-6 5.75193E-6 6.9183E-6 8.01229E-6 9.53831E-6 7.03708E-6 6.80157E-6 6.35907E-6 6.19358E-6 5.55477E-6 5.1801E-6 4.89386E-6 4.70172E-6 4.691E-6 4.43477E-6 3.96493E-6
-9999 -9999 1.11153E-5 1.2481E-5 2.42193E-5 1.74668E-5 1.50499E-5 3.48271E-5 4.72044E-5 3.2428E-5 2.65095E-5 1.32132E-5 2.0005E-5 1.61305E-5 1.61425E-5 1.5185E-5 1.71833E-5 1.61626E-5 1.51316E-5 1.2825E-5 2.20964E-5 1.7307E-5 1.07258E-5 1.44277E-5 1.26216E-5 1.18414E-5 1.24249E-5 1.21873E-5 2.48693E-5 2.64508E-5 1.49084E-5 1.03062E-5 7.3895E-6 8.09411E-6 1.03051E-5 1.13949E-5 1.95233E-5 1.89945E-5 1.84252E-5 1.55051E-5 1.49258E-5 1.02261E-5 9.65827E-6 8.64053E-6 8.57714E-6 7.71386E-6 6.35051E-6 8.16748E-6 7.78897E-6 9.37824E-6 7.4276E-6 7.07958E-6 6.76399E-6 6.28075E-6 5.87837E-6 5.4428E-6 5.25005E-6 4.95376E-6 5.31591E-6 4.80263E-6 4.43665E-6
-9999 -9999 -9999 1.14007E-5 6.72724E-5 4.94198E-5 3.34909E-5 2.09621E-5 2.18732E-5 2.46559E-5 1.64748E-5 1.60165E-5 2.29619E-5 1.92809E-5 1.46217E-5 1.36076E-5 1.64956E-5 1.45529E-5 1.76837E-5 1.30603E-5 1.95422E-5 3.2202E-5 1.19165E-5 1.63747E-5 2.15303E-5 1.35443E-5 2.29695E-5 1.42169E-5 1.39783E-5 1.62014E-5 1.81457E-5 1.43555E-5 6.90671E-6 1.07968E-5 1.18642E-5 1.16117E-5 1.7051E-5 2.06066E-5 1.16398E-5 1.36635E-5 1.23046E-5 1.1659E-5 1.18648E-5 1.1006E-5 9.00617E-6 8.08455E-6 7.41031E-6 7.76597E-6 8.35116E-6 8.07581E-6 8.05767E-6 7.83759E-6 7.76527E-6 7.10226E-6 6.70414E-6 6.40357E-6 5.67378E-6 5.30238E-6 5.01198E-6 5.05335E-6 4.86455E-6
-9999 -9999 -9999 6.97829E-6 1.2861E-4 4.6417E-5 3.95153E-5 1.84995E-5 2.91231E-5 2.76834E-5 1.67586E-5 2.02734E-5 1.77097E-5 1.75314E-5 2.12969E-5 1.7329E-5 1.22169E-5 2.2788E-5 1.60692E-5 1.32712E-5 1.20453E-5 1.49582E-5 1.29086E-5 1.19365E-5 1.59717E-5 1.83689E-5 1.6352E-5 9.4876E-6 5.47252E-6 1.11139E-5 1.82434E-5 1.08683E-5 8.19489E-6 1.23738E-5 1.21221E-5 1.20041E-5 1.97337E-5 2.01842E-5 1.4173E-5 1.89292E-5 1.55129E-5 1.52999E-5 1.66892E-5 1.17525E-5 1.0915E-5 9.35312E-6 9.2065E-6 9.30157E-6 9.20713E-6 8.43648E-6 8.83345E-6 8.69798E-6 8.53557E-6 7.86311E-6 7.08811E-6 6.49056E-6 6.19122E-6 5.69599E-6 5.51011E-6 5.25246E-6 5.01164E-6
-9999 -9999 -9999 2.75808E-6 8.97237E-5 2.13858E-5 2.34578E-5 3.82093E-5 1.67372E-5 3.99149E-5 2.19494E-5 1.85071E-5 2.20376E-5 2.347E-5 1.6273E-5 1.70648E-5 1.08747E-5 1.95074E-5 1.24215E-5 1.70856E-5 1.93231E-5 1.34431E-5 2.00759E-5 1.50493E-5 1.73337E-5 1.97325E-5 1.76415E-5 1.45565E-5 9.98858E-6 1.0177E-5 2.28173E-5 1.46032E-5 1.26239E-5 1.31795E-5 1.2502E-5 1.31573E-5 1.42681E-5 1.45597E-5 1.81618E-5 1.95986E-5 1.41328E-5 1.18989E-5 1.38214E-5 1.46545E-5 1.04471E-5 1.08686E-5 1.00931E-5 1.05615E-5 1.01241E-5 9.2379E-6 1.01313E-5 9.82376E-6 9.52712E-6 8.86715E-6 8.23235E-6 7.65121E-6 7.04062E-6 6.36056E-6 6.15658E-6 5.75568E-6 5.63856E-6
-9999 -9999 -9999 -9999 1.77369E-5 1.3805E-5 1.04905E-5 9.27821E-6 1.87731E-5 5.17668E-5 1.90564E-5 1.61227E-5 2.88248E-5 1.82209E-5 1.73368E-5 3.15441E-5 3.44282E-5 1.7676E-5 1.6962E-5 1.70659E-5 1.50921E-5 1.47615E-5 1.5173E-5 1.22756E-5 1.65003E-5 2.1448E-5 1.91115E-5 1.76509E-5 1.43759E-5 1.40865E-5 1.13716E-5 1.17607E-5 1.75183E-5 1.58727E-5 1.43558E-5 1.42547E-5 1.41114E-5 1.56308E-5 2.19762E-5 1.93859E-5 1.6097E-5 1.33851E-5 1.1557E-5 1.23024E-5 1.21492E-5 1.20316E-5 1.22335E-5 1.27069E-5 1.46778E-5 1.11569E-5 1.03153E-5 1.04497E-5 1.08172E-5 1.07742E-5 1.26378E-5 8.8197E-6 8.20765E-6 6.94086E-6 6.96845E-6 6.05028E-6 5.72727E-6
-9999 -9999 -9999 -9999 2.35455E-6 7.53467E-6 1.05108E-5 1.31488E-5 7.41852E-6 5.21863E-5 2.56217E-5 1.15354E-5 1.85899E-5 2.51889E-5 2.2764E-5 2.11567E-5 2.3936E-5 2.39416E-5 1.70605E-5 2.13896E-5 1.87451E-5 2.14544E-5 1.58304E-5 1.40008E-5 1.35921E-5 1.53295E-5 3.14982E-5 2.31518E-5 2.62081E-5 2.8421E-5 1.35693E-5 1.408E-5 1.8994E-5 1.72636E-5 1.64953E-5 1.49635E-5 1.44827E-5 1.55478E-5 1.89429E-5 1.92185E-5 2.31255E-5 2.0215E-5 1.30243E-5 1.33076E-5 1.33151E-5 1.50681E-5 1.62385E-5 1.50733E-5 1.6216E-5 1.44658E-5 1.23681E-5 1.14239E-5 1.119E-5 9.80795E-6 9.37867E-6 6.74542E-6 6.60529E-6 7.82481E-6 8.03262E-6 7.11328E-6 6.39444E-6
-9999 -9999 -9999 -9999 2.4788E-6 3.60117E-6 4.89779E-6 1.14643E-5 2.21714E-5 3.93439E-5 1.90114E-5 6.01533E-6 1.43757E-5 2.21235E-5 2.52357E-5 2.28758E-5 3.50157E-5 3.308E-5 1.43907E-5 1.92711E-5 2.16388E-5 1.61795E-5 1.87513E-5 1.95794E-5 2.57111E-5 2.44603E-5 2.82962E-5 1.53053E-5 2.29629E-5 2.01947E-5 1.95565E-5 2.25674E-5 1.95735E-5 1.71457E-5 1.7162E-5 1.62143E-5 1.54457E-5 1.5775E-5 2.17001E-5 2.49277E-5 1.67294E-5 1.63325E-5 1.47523E-5 1.50634E-5 1.50229E-5 1.92154E-5 2.19914E-5 2.35944E-5 -9999 1.54039E-5 1.34698E-5 1.20548E-5 1.27377E-5 9.87933E-6 1.54095E-5 8.58947E-6 1.02002E-5 1.04296E-5 1.03479E-5 7.17747E-6 6.78059E-6
-9999 -9999 -9999 -9999 2.27149E-6 3.48527E-6 3.21529E-6 1.55823E-6 1.49794E-5 3.06575E-5 2.01795E-5 7.8951E-6 9.93001E-6 1.43909E-5 2.79402E-5 3.97423E-5 3.6008E-5 1.96287E-5 1.67311E-5 1.90623E-5 2.80415E-5 2.37833E-5 2.24551E-5 4.06432E-5 2.50928E-5 2.17508E-5 2.80474E-5 1.84192E-5 1.83376E-5 1.76597E-5 1.95709E-5 2.33943E-5 2.01778E-5 2.05342E-5 1.92967E-5 1.78464E-5 1.68107E-5 1.68195E-5 1.62704E-5 1.90199E-5 2.49063E-5 1.65317E-5 1.67075E-5 1.64674E-5 1.78458E-5 1.93899E-5 -9999 -9999 -9999 -9999 1.94857E-5 1.37647E-5 1.2555E-5 1.17061E-5 1.2673E-5 1.17501E-5 9.58998E-6 7.91479E-6 7.14157E-6 7.3299E-6 7.23149E-6
-9999 -9999 -9999 -9999 1.43873E-6 2.95762E-6 3.14835E-6 2.30825E-6 3.21674E-6 2.69923E-5 2.07577E-5 2.52484E-5 1.16875E-5 2.68955E-5 2.94758E-5 3.04094E-5 2.29652E-5 1.58681E-5 1.34739E-5 1.7946E-5 1.73679E-5 1.95837E-5 2.09462E-5 2.27006E-5 1.52712E-5 1.9402E-5 3.08698E-5 1.6348E-5 2.3333E-5 2.13356E-5 2.16881E-5 2.09976E-5 2.1146E-5 2.29669E-5 1.90941E-5 2.34661E-5 1.86628E-5 1.72046E-5 1.75455E-5 1.78589E-5 1.9018E-5 1.67488E-5 1.72632E-5 1.83795E-5 2.30368E-5 -9999 -9999 -9999 -9999 2.91445E-5 2.28911E-5 1.78165E-5 1.3675E-5 1.25751E-5 1.35342E-5 1.19177E-5 1.02271E-5 8.01822E-6 8.07614E-6 8.39404E-6 7.4038E-6
-9999 -9999 -9999 -9999 2.4792E-6 3.09007E-6 4.66179E-6 1.59635E-6 5.69281E-6 2.04989E-5 4.45725E-5 3.25568E-5 1.06796E-5 3.68244E-5 3.62294E-5 3.12382E-5 2.33226E-5 2.41485E-5 1.31432E-5 1.53409E-5 1.54592E-5 2.08668E-5 1.9514E-5 1.57862E-5 1.33295E-5 1.58864E-5 2.37771E-5 2.30852E-5 2.77467E-5 3.16976E-5 2.79241E-5 2.16085E-5 2.23928E-5 2.11587E-5 2.0749E-5 2.08076E-5 2.25862E-5 1.95882E-5 1.97323E-5 2.00358E-5 1.9202E-5 1.97881E-5 2.416E-5 3.25435E-5 3.15021E-5 -9999 -9999 -9999 3.27051E-5 2.48903E-5 2.89173E-5 2.14992E-5 1.68049E-5 1.88158E-5 1.27651E-5 1.39447E-5 1.02743E-5 8.80883E-6 9.07153E-6 1.18183E-5 8.71265E-6
-9999 -9999 -9999 4.29417E-6 5.52676E-6 7.51263E-6 1.63432E-6 2.56105E-6 2.71778E-6 1.55126E-5 9.66352E-5 2.43959E-5 1.36325E-5 1.69006E-5 2.39853E-5 1.96427E-5 2.89172E-5 2.67824E-5 2.43196E-5 1.40648E-5 1.35385E-5 1.61492E-5 1.56139E-5 1.37954E-5 2.06014E-5 1.36734E-5 1.54316E-5 2.56813E-5 2.54219E-5 3.47818E-5 3.90336E-5 3.14305E-5 2.39859E-5 2.36943E-5 2.2577E-5 2.15375E-5 2.08592E-5 2.11623E-5 1.93063E-5 2.06942E-5 2.22555E-5 2.12542E-5 2.25128E-5 3.09037E-5 5.39944E-5 4.07702E-5 2.88377E-5 2.8297E-5 2.61084E-5 2.26318E-5 2.59921E-5 2.48121E-5 1.86497E-5 1.71327E-5 1.69603E-5 1.59843E-5 1.08029E-5 8.98877E-6 1.09549E-5 1.08052E-5 9.35306E-6
-9999 -9999 -9999 -9999 2.89245E-6 1.14319E-5 3.5144E-6 -9999 3.23451E-6 2.09339E-5 6.96464E-5 2.07043E-5 1.83273E-5 1.73786E-5 2.03944E-5 2.50822E-5 3.63297E-5 2.93939E-5 2.58831E-5 2.25284E-5 1.34865E-5 2.09898E-5 1.34072E-5 2.65778E-5 3.31038E-5 2.15479E-5 1.43201E-5 2.93002E-5 2.64896E-5 2.98998E-5 3.27689E-5 3.68642E-5 3.16214E-5 2.67488E-5 2.69399E-5 2.51508E-5 2.83743E-5 2.70387E-5 2.33947E-5 2.31867E-5 2.16792E-5 2.04724E-5 2.24446E-5 3.02967E-5 4.11302E-5 3.23414E-5 2.77299E-5 2.51559E-5 2.67049E-5 2.33047E-5 2.58488E-5 2.6462E-5 2.0339E-5 1.73272E-5 1.75939E-5 1.74572E-5 1.11443E-5 1.00223E-5 1.22112E-5 1.12764E-5 9.43059E-6
-9999 -9999 -9999 -9999 1.7309E-6 1.93531E-6 2.81126E-6 5.79791E-6 3.91733E-6 4.22855E-5 6.35964E-5 1.33304E-5 3.09453E-5 2.31115E-5 2.36799E-5 3.10535E-5 1.98583E-5 3.49186E-5 2.57063E-5 2.03062E-5 1.83397E-5 1.53707E-5 1.68792E-5 4.0873E-5 2.13873E-5 1.99212E-5 1.73323E-5 2.29548E-5 2.24301E-5 2.89946E-5 3.5437E-5 4.37045E-5 4.05256E-5 3.6261E-5 3.34192E-5 2.80848E-5 2.88164E-5 3.41502E-5 2.59642E-5 2.68143E-5 2.62695E-5 2.47373E-5 2.49167E-5 2.99618E-5 2.83343E-5 2.86114E-5 3.26381E-5 3.70904E-5 2.73656E-5 2.52711E-5 2.69763E-5 2.18389E-5 1.85189E-5 1.66447E-5 1.62967E-5 1.44175E-5 1.255E-5 1.09246E-5 1.20434E-5 1.19078E-5 1.04193E-5
-9999 -9999 -9999 -9999 3.10045E-6 2.61105E-6 3.76775E-6 3.23645E-6 3.82866E-6 2.94295E-5 3.23754E-5 1.01018E-5 2.47089E-5 3.15137E-5 2.41447E-5 2.80924E-5 2.72919E-5 3.99822E-5 3.13705E-5 2.28962E-5 1.93106E-5 1.97181E-5 1.18084E-5 2.38864E-5 5.35447E-5 3.39507E-5 1.97965E-5 2.88622E-5 3.23621E-5 3.73675E-5 3.47026E-5 3.80887E-5 5.06398E-5 4.45999E-5 4.22239E-5 3.11072E-5 2.96734E-5 2.92263E-5 3.43698E-5 3.24547E-5 2.90646E-5 2.92665E-5 3.48544E-5 2.95282E-5 2.74736E-5 2.74577E-5 3.89396E-5 3.90419E-5 2.6181E-5 2.85089E-5 2.48864E-5 2.22411E-5 1.87535E-5 1.74614E-5 1.63494E-5 1.44896E-5 1.29584E-5 1.46952E-5 1.39006E-5 1.19365E-5 1.0585E-5
-9999 -9999 -9999 -9999 -9999 2.78107E-6 4.54735E-6 5.26764E-6 2.35494E-6 5.79225E-6 1.03831E-5 2.05979E-5 2.52527E-5 2.26306E-5 3.44855E-5 3.03514E-5 5.07353E-5 3.23566E-5 4.04373E-5 2.77218E-5 2.40015E-5 3.06482E-5 1.86873E-5 2.82547E-5 4.15925E-5 6.81203E-5 2.95075E-5 2.18001E-5 2.54237E-5 3.87283E-5 3.96419E-5 4.7857E-5 4.7182E-5 4.72265E-5 3.9243E-5 3.53373E-5 3.30662E-5 3.39489E-5 3.19343E-5 3.34472E-5 3.30861E-5 3.10585E-5 3.52394E-5 2.95743E-5 2.79679E-5 2.54852E-5 4.49464E-5 2.86268E-5 3.08423E-5 2.71945E-5 2.41708E-5 2.37353E-5 1.99715E-5 1.92597E-5 1.76208E-5 1.63763E-5 1.72489E-5 1.19353E-5 1.36836E-5 1.32538E-5 1.13751E-5
-9999 -9999 -9999 -9999 -9999 8.63195E-6 1.63909E-6 5.00481E-6 3.14492E-6 6.81259E-6 9.66128E-6 6.07163E-6 7.67014E-6 1.26481E-5 2.89211E-5 3.20399E-5 4.79213E-5 4.37081E-5 4.53571E-5 3.77417E-5 3.62651E-5 1.37208E-5 2.36073E-5 2.14443E-5 4.72801E-5 6.09365E-5 2.72994E-5 2.68577E-5 2.99546E-5 4.331E-5 3.87873E-5 4.53334E-5 4.46025E-5 3.81773E-5 3.57473E-5 3.52757E-5 4.01438E-5 4.19306E-5 3.70897E-5 3.6932E-5 3.895E-5 3.53258E-5 3.15458E-5 3.55092E-5 4.34035E-5 3.47532E-5 3.03454E-5 3.58682E-5 3.49342E-5 3.62333E-5 2.82799E-5 2.53989E-5 3.00944E-5 2.03948E-5 1.91533E-5 2.68321E-5 1.57375E-5 1.32948E-5 1.34014E-5 1.38419E-5 1.30431E-5
-9999 -9999 -9999 -9999 -9999 7.99865E-6 5.42266E-6 1.27037E-6 2.2631E-6 1.67967E-6 6.94893E-6 9.4826E-6 7.96726E-6 1.14369E-5 2.4204E-5 2.43773E-5 2.80894E-5 3.24441E-5 3.91692E-5 4.76107E-5 2.08609E-5 2.21023E-5 2.0054E-5 1.77009E-5 2.86556E-5 4.73371E-5 2.00009E-5 4.08584E-5 4.39492E-5 3.2978E-5 4.12697E-5 4.06625E-5 4.48047E-5 4.14189E-5 4.27341E-5 4.25061E-5 4.03721E-5 4.81994E-5 4.51395E-5 4.35546E-5 4.32572E-5 4.0513E-5 4.36345E-5 4.18162E-5 4.22574E-5 5.13418E-5 3.3365E-5 3.23169E-5 3.06325E-5 3.12716E-5 3.0546E-5 3.14716E-5 3.61146E-5 2.25256E-5 2.32098E-5 1.73495E-5 1.56447E-5 1.43925E-5 1.34541E-5 1.32158E-5 1.18708E-5
-9999 -9999 -9999 -9999 -9999 5.89967E-6 1.70501E-6 3.22054E-6 3.7138E-6 1.89282E-6 3.59537E-6 4.78117E-6 2.02356E-5 1.6975E-5 2.1351E-5 1.69028E-5 1.81259E-5 1.57887E-5 3.02254E-5 3.50303E-5 2.92164E-5 3.77948E-5 3.07713E-5 1.57509E-5 1.78808E-5 5.91429E-5 2.57503E-5 2.75574E-5 4.45917E-5 2.93122E-5 4.13726E-5 4.6548E-5 5.08846E-5 5.1433E-5 4.86292E-5 4.54137E-5 5.01258E-5 4.31016E-5 4.56255E-5 5.01223E-5 7.82789E-5 5.71603E-5 4.39999E-5 3.7897E-5 3.94117E-5 3.62958E-5 3.43254E-5 3.46311E-5 3.41102E-5 3.88589E-5 3.63215E-5 2.9723E-5 3.59729E-5 3.72732E-5 2.41793E-5 -9999 2.03172E-5 1.64964E-5 1.56455E-5 1.51214E-5 1.38706E-5
