Candidate_Models_July82022/M_8_F_lqp_Set_1_cal/Bison.asc
ncols         290
nrows         380
xllcorner     -2197417.7431653
yllcorner     -584827.01486885
cellsize      10000.0
NODATA_value  -9999
[rows 189 to 215 of 380, columns 122 to 182 of 290]
3.2975E-1 2.86204E-1 3.60325E-1 2.74025E-1 3.46693E-1 2.68061E-1 2.60043E-1 2.51385E-1 2.48481E-1 2.45947E-1 2.50083E-1 2.93837E-1 2.73545E-1 2.68106E-1 2.72302E-1 3.25278E-1 3.3996E-1 4.07934E-1 3.16377E-1 2.04968E-1 2.93261E-1 3.08275E-1 2.51858E-1 2.78189E-1 2.51273E-1 2.74633E-1 2.65005E-1 2.60259E-1 2.52742E-1 2.91651E-1 2.63525E-1 2.1419E-1 2.63068E-1 2.48953E-1 2.81693E-1 2.64655E-1 2.63488E-1 2.07907E-1 2.14609E-1 2.96124E-1 2.3695E-1 2.07779E-1 2.22133E-1 2.27104E-1 2.17932E-1 2.09365E-1 2.00199E-1 2.01092E-1 1.97614E-1 2.3765E-1 2.43249E-1 1.98327E-1 1.94622E-1 3.23575E-1 1.78353E-1 1.77439E-1 2.27854E-1 3.08427E-1 2.3333E-1 2.1998E-1 2.04066E-1
3.35966E-1 3.34831E-1 3.22712E-1 2.94291E-1 3.9226E-1 2.67682E-1 2.77855E-1 2.80605E-1 2.71591E-1 2.56337E-1 3.00032E-1 2.67785E-1 2.91361E-1 2.70728E-1 2.61048E-1 3.18448E-1 2.87624E-1 2.52874E-1 2.90939E-1 2.88186E-1 3.38152E-1 3.60048E-1 3.96791E-1 2.7689E-1 2.6165E-1 2.7276E-1 2.46882E-1 2.51966E-1 1.97359E-1 2.63526E-1 2.81443E-1 2.26797E-1 2.38969E-1 3.01948E-1 2.50804E-1 2.61394E-1 3.36322E-1 2.22253E-1 2.21082E-1 2.36215E-1 2.17202E-1 2.23447E-1 2.97155E-1 2.45432E-1 2.21315E-1 2.08368E-1 2.05101E-1 1.97991E-1 2.02784E-1 1.89655E-1 2.43249E-1 2.15297E-1 2.31688E-1 1.96054E-1 1.91194E-1 1.87636E-1 1.8848E-1 2.2857E-1 2.06048E-1 2.10136E-1 2.22107E-1
3.588E-1 2.97837E-1 3.01204E-1 3.54262E-1 3.10883E-1 3.03984E-1 2.8285E-1 3.1074E-1 2.5904E-1 2.49664E-1 2.44533E-1 2.57288E-1 2.45987E-1 2.61539E-1 3.40437E-1 3.23291E-1 2.92815E-1 2.97411E-1 2.80724E-1 2.44641E-1 2.37273E-1 3.34116E-1 3.33252E-1 2.68542E-1 2.58254E-1 2.82383E-1 3.17636E-1 3.23529E-1 3.09527E-1 2.27198E-1 2.5884E-1 2.37935E-1 2.20268E-1 2.67978E-1 2.23596E-1 2.3635E-1 2.34684E-1 2.38642E-1 2.22121E-1 2.25727E-1 2.19465E-1 2.42796E-1 2.44322E-1 2.6211E-1 2.238E-1 2.20439E-1 2.07342E-1 2.03455E-1 2.0242E-1 1.91392E-1 2.08442E-1 2.04517E-1 1.99566E-1 2.01575E-1 1.95448E-1 1.92189E-1 2.01732E-1 2.06825E-1 2.27379E-1 2.15889E-1 2.15401E-1
3.20504E-1 3.07903E-1 3.47835E-1 3.86255E-1 3.23597E-1 2.84343E-1 2.7981E-1 2.70481E-1 2.68763E-1 2.51908E-1 2.58118E-1 3.14727E-1 2.85309E-1 2.73412E-1 3.13996E-1 3.26148E-1 4.04349E-1 4.56757E-1 2.6627E-1 2.90681E-1 3.16511E-1 3.86244E-1 2.82822E-1 2.61724E-1 2.75906E-1 3.37771E-1 3.58934E-1 4.1444E-1 3.39712E-1 2.59563E-1 2.38906E-1 2.4515E-1 2.3487E-1 2.45529E-1 2.41669E-1 2.60729E-1 2.46365E-1 2.44358E-1 2.30235E-1 2.24393E-1 2.25613E-1 2.2127E-1 2.28253E-1 2.69961E-1 2.30511E-1 2.22586E-1 2.17134E-1 2.25257E-1 2.04767E-1 2.053E-1 2.0143E-1 2.09073E-1 2.07938E-1 2.01028E-1 2.0219E-1 2.04402E-1 2.24267E-1 1.96874E-1 2.14071E-1 2.1062E-1 1.92012E-1
3.14604E-1 2.95865E-1 2.91991E-1 3.30547E-1 3.97112E-1 3.39645E-1 2.90149E-1 2.76742E-1 2.73684E-1 2.63735E-1 2.54891E-1 2.84445E-1 2.52791E-1 2.84425E-1 2.94352E-1 2.91231E-1 4.23773E-1 4.63792E-1 2.30331E-1 3.40797E-1 2.77249E-1 2.83121E-1 2.74969E-1 2.80831E-1 2.83351E-1 3.22506E-1 4.44986E-1 3.18834E-1 3.03507E-1 2.49455E-1 2.75939E-1 2.68896E-1 2.40949E-1 2.62646E-1 2.39776E-1 2.86226E-1 2.7706E-1 2.38517E-1 2.30586E-1 2.25044E-1 2.26464E-1 2.2911E-1 2.48781E-1 2.84416E-1 2.33463E-1 2.27304E-1 2.17837E-1 2.22531E-1 2.14254E-1 2.58422E-1 2.17324E-1 2.1223E-1 2.01262E-1 2.08692E-1 2.08653E-1 1.93781E-1 1.90906E-1 1.75395E-1 1.99929E-1 2.09234E-1 1.99033E-1
3.06168E-1 2.94405E-1 2.93851E-1 2.9166E-1 2.88792E-1 3.47741E-1 2.90174E-1 2.74877E-1 2.72707E-1 2.6596E-1 2.42719E-1 2.58306E-1 2.7462E-1 2.88671E-1 2.85129E-1 2.81185E-1 3.95127E-1 3.75013E-1 2.3664E-1 5.11751E-1 2.85851E-1 2.82445E-1 3.13982E-1 3.31008E-1 3.28446E-1 2.80239E-1 3.25798E-1 2.78003E-1 2.54231E-1 2.5989E-1 3.01522E-1 2.55948E-1 3.32826E-1 2.60047E-1 2.94986E-1 2.36291E-1 2.46454E-1 2.33815E-1 2.41895E-1 2.38707E-1 2.32355E-1 2.3664E-1 2.33122E-1 2.43637E-1 2.32966E-1 2.19076E-1 2.22501E-1 2.19825E-1 2.09751E-1 2.05441E-1 2.03558E-1 3.13183E-1 4.28725E-1 2.32363E-1 1.9757E-1 1.9575E-1 2.83115E-1 2.06351E-1 1.90862E-1 1.98915E-1 1.92905E-1
3.10218E-1 3.03543E-1 3.04521E-1 2.87416E-1 2.65255E-1 2.49443E-1 3.10031E-1 3.15864E-1 3.67415E-1 3.22152E-1 2.60891E-1 2.35914E-1 2.40265E-1 2.49243E-1 2.71143E-1 3.309E-1 3.27453E-1 3.95003E-1 2.59773E-1 3.30315E-1 2.70107E-1 2.84201E-1 2.8763E-1 4.0163E-1 3.08976E-1 3.05209E-1 2.80447E-1 2.76255E-1 2.68872E-1 2.50983E-1 2.58852E-1 2.55521E-1 2.41556E-1 2.97609E-1 2.6799E-1 2.60225E-1 2.45324E-1 2.35685E-1 2.30359E-1 2.50369E-1 2.50075E-1 2.38881E-1 2.3692E-1 2.94719E-1 2.37701E-1 2.26988E-1 2.25748E-1 2.26559E-1 2.07185E-1 2.11772E-1 2.04808E-1 4.71832E-1 3.12297E-1 1.96761E-1 2.00895E-1 1.86336E-1 3.30966E-1 2.09846E-1 2.04118E-1 4.44829E-1 4.06139E-1
4.6532E-1 3.03947E-1 3.06356E-1 3.0794E-1 2.62792E-1 3.14433E-1 3.43079E-1 2.7993E-1 2.93925E-1 2.92419E-1 2.7094E-1 3.02199E-1 2.64524E-1 2.6665E-1 2.69209E-1 2.62356E-1 3.82198E-1 2.83249E-1 2.54089E-1 2.69033E-1 2.75322E-1 2.90762E-1 3.41788E-1 3.69877E-1 2.9924E-1 2.96143E-1 2.7269E-1 2.66178E-1 2.81996E-1 2.32039E-1 2.63515E-1 2.49586E-1 2.56543E-1 2.52986E-1 2.54864E-1 2.71741E-1 2.3444E-1 2.26078E-1 2.35589E-1 2.49175E-1 2.33165E-1 2.39143E-1 2.36366E-1 2.32735E-1 2.28864E-1 2.30267E-1 2.21603E-1 2.21796E-1 2.19743E-1 2.19215E-1 2.21001E-1 2.04648E-1 2.06328E-1 2.00709E-1 1.89821E-1 2.07456E-1 2.23611E-1 2.11146E-1 2.86731E-1 4.32434E-1 4.91651E-1
5.48771E-1 3.03747E-1 2.86525E-1 3.11636E-1 3.29052E-1 2.80279E-1 2.7659E-1 2.74179E-1 2.78224E-1 2.87478E-1 2.85924E-1 2.62009E-1 2.70701E-1 3.33139E-1 2.98097E-1 2.77373E-1 3.73324E-1 2.50224E-1 2.90951E-1 3.11819E-1 2.78616E-1 3.29611E-1 3.36978E-1 2.91368E-1 3.16039E-1 2.83694E-1 2.91312E-1 3.00934E-1 3.11766E-1 2.89426E-1 3.54892E-1 2.83E-1 2.67675E-1 2.52272E-1 2.5021E-1 2.50852E-1 2.39771E-1 2.34915E-1 2.32757E-1 2.5518E-1 2.32822E-1 2.73787E-1 2.52412E-1 2.33298E-1 2.39733E-1 2.32879E-1 2.37491E-1 2.20918E-1 2.30863E-1 2.33513E-1 2.24293E-1 2.3638E-1 2.33572E-1 2.08975E-1 2.10724E-1 2.01391E-1 2.1128E-1 2.04448E-1 1.93243E-1 3.47351E-1 2.43105E-1
4.20395E-1 2.73934E-1 2.60855E-1 2.97352E-1 3.65677E-1 3.72734E-1 3.05206E-1 3.02007E-1 2.93704E-1 2.93225E-1 2.79664E-1 2.8423E-1 2.76816E-1 3.8897E-1 3.4736E-1 2.67692E-1 2.9167E-1 3.02612E-1 2.93077E-1 2.95873E-1 2.84049E-1 2.81045E-1 3.04666E-1 3.02804E-1 3.7962E-1 2.8914E-1 2.94418E-1 3.01189E-1 3.72404E-1 3.43347E-1 2.94153E-1 2.87489E-1 2.99829E-1 2.74756E-1 2.83076E-1 2.41378E-1 2.87328E-1 2.50797E-1 2.38708E-1 2.35322E-1 2.34961E-1 2.35513E-1 2.47023E-1 2.37301E-1 2.71218E-1 2.34782E-1 2.82418E-1 2.41007E-1 2.71007E-1 2.43307E-1 2.24834E-1 2.21843E-1 2.38374E-1 2.58303E-1 2.14573E-1 2.14735E-1 1.91732E-1 1.99283E-1 2.01583E-1 1.88131E-1 2.01966E-1
2.62743E-1 2.72176E-1 2.56467E-1 2.77546E-1 2.84426E-1 3.25294E-1 3.16484E-1 2.97198E-1 3.35759E-1 3.01717E-1 2.83821E-1 2.84753E-1 2.94098E-1 3.45832E-1 4.48831E-1 3.30819E-1 3.05857E-1 2.65943E-1 3.13174E-1 3.17241E-1 2.99408E-1 2.85374E-1 3.1614E-1 4.23184E-1 3.49059E-1 3.04447E-1 2.76829E-1 2.81146E-1 2.90028E-1 3.24323E-1 2.6633E-1 2.66203E-1 2.53327E-1 2.58814E-1 2.69405E-1 2.52448E-1 2.46801E-1 2.59997E-1 2.56003E-1 2.99169E-1 2.37238E-1 2.65542E-1 2.50625E-1 2.42569E-1 2.41939E-1 2.42057E-1 2.66733E-1 2.57822E-1 2.48364E-1 2.239E-1 2.20382E-1 2.18045E-1 2.21142E-1 2.3266E-1 2.16774E-1 2.22027E-1 2.30041E-1 2.06807E-1 2.0147E-1 1.95159E-1 1.99828E-1
2.79825E-1 2.93671E-1 4.01148E-1 3.42923E-1 2.92136E-1 3.52108E-1 3.30118E-1 3.54266E-1 3.46989E-1 3.75985E-1 3.33221E-1 2.81627E-1 2.81794E-1 3.23455E-1 3.13286E-1 3.02142E-1 3.16864E-1 2.69864E-1 3.85017E-1 3.29715E-1 2.89206E-1 2.98548E-1 2.78692E-1 3.68405E-1 3.24836E-1 3.09917E-1 2.87814E-1 2.84036E-1 2.86981E-1 2.76089E-1 2.69476E-1 3.18602E-1 3.32173E-1 2.50045E-1 2.70963E-1 2.48372E-1 2.59222E-1 2.55541E-1 3.13034E-1 2.56226E-1 2.28709E-1 2.49074E-1 2.62508E-1 2.43448E-1 2.88125E-1 2.9211E-1 2.41646E-1 2.7222E-1 2.70179E-1 2.29304E-1 2.25969E-1 2.20955E-1 2.22964E-1 2.23973E-1 2.49798E-1 2.23279E-1 2.23717E-1 2.10145E-1 2.13603E-1 2.16217E-1 2.12767E-1
3.28298E-1 3.16617E-1 3.29071E-1 3.74083E-1 3.81242E-1 3.74662E-1 3.46874E-1 3.67074E-1 3.61526E-1 3.50911E-1 2.94779E-1 2.51552E-1 2.9947E-1 3.14565E-1 3.31853E-1 3.72219E-1 2.77448E-1 4.14114E-1 3.71753E-1 3.6892E-1 2.98266E-1 3.73917E-1 3.03521E-1 2.93616E-1 2.97327E-1 2.95084E-1 2.87928E-1 2.85116E-1 2.64016E-1 2.65834E-1 2.62722E-1 2.86522E-1 2.99981E-1 2.44844E-1 2.53322E-1 2.81509E-1 2.93003E-1 2.72449E-1 2.95485E-1 2.6037E-1 2.60085E-1 2.6592E-1 2.51333E-1 3.14625E-1 2.867E-1 2.90609E-1 2.52984E-1 2.56596E-1 2.57428E-1 2.49903E-1 2.36327E-1 2.29806E-1 2.28716E-1 2.14961E-1 2.22235E-1 2.21207E-1 2.3487E-1 2.21864E-1 2.22575E-1 2.18002E-1 2.12046E-1
3.17589E-1 4.4969E-1 3.28103E-1 2.79283E-1 3.10603E-1 3.02963E-1 3.87439E-1 3.52139E-1 4.97489E-1 3.35095E-1 2.94446E-1 2.70486E-1 3.55932E-1 3.09913E-1 2.95855E-1 2.67678E-1 3.95634E-1 5.08097E-1 5.9506E-1 2.89782E-1 2.80798E-1 2.94231E-1 2.81919E-1 2.82617E-1 3.13173E-1 3.0938E-1 2.7957E-1 2.88229E-1 3.06278E-1 2.81759E-1 3.46808E-1 2.95645E-1 3.10965E-1 2.90219E-1 2.60764E-1 2.74952E-1 3.0088E-1 2.49497E-1 2.67934E-1 2.53447E-1 3.10485E-1 2.8675E-1 2.80754E-1 3.06718E-1 3.04484E-1 3.0337E-1 2.70233E-1 2.72612E-1 2.52699E-1 2.79497E-1 2.3039E-1 2.42318E-1 2.56558E-1 2.278E-1 2.4564E-1 2.32926E-1 2.48235E-1 2.15214E-1 2.20939E-1 2.12959E-1 2.08451E-1
3.23005E-1 3.18854E-1 3.19542E-1 3.0856E-1 2.79114E-1 3.01018E-1 4.03669E-1 3.06695E-1 3.33132E-1 3.06844E-1 3.03082E-1 3.39494E-1 5.22467E-1 4.19596E-1 4.49769E-1 3.17263E-1 3.18488E-1 3.83592E-1 4.5555E-1 3.6344E-1 2.87976E-1 2.78449E-1 2.80639E-1 2.88796E-1 2.95213E-1 3.06451E-1 2.86012E-1 3.21549E-1 2.77866E-1 2.86551E-1 3.22526E-1 3.16569E-1 2.73532E-1 3.24762E-1 2.62259E-1 2.58948E-1 2.83794E-1 2.54044E-1 2.54304E-1 2.51719E-1 2.89675E-1 2.78947E-1 2.5639E-1 2.54636E-1 2.51526E-1 2.54718E-1 2.45199E-1 2.67204E-1 2.56167E-1 2.76445E-1 2.47135E-1 2.55633E-1 2.47652E-1 2.23961E-1 2.25789E-1 2.50557E-1 2.46529E-1 2.27657E-1 2.23725E-1 2.20777E-1 2.14093E-1
3.40036E-1 3.31191E-1 3.20794E-1 3.3243E-1 3.23147E-1 4.05999E-1 3.69891E-1 4.41995E-1 3.8403E-1 3.1345E-1 4.72493E-1 5.20902E-1 6.16082E-1 6.09031E-1 5.30609E-1 5.13166E-1 4.12352E-1 3.89233E-1 3.89891E-1 3.86084E-1 3.07927E-1 3.01813E-1 2.95344E-1 2.86705E-1 2.61507E-1 2.88158E-1 3.05239E-1 2.91637E-1 2.78536E-1 2.85416E-1 2.94591E-1 2.96629E-1 3.00206E-1 3.23301E-1 2.84745E-1 2.68545E-1 2.8711E-1 2.69855E-1 2.64482E-1 2.45739E-1 2.81227E-1 2.8483E-1 2.63991E-1 2.71386E-1 2.66245E-1 2.5566E-1 2.50739E-1 2.6103E-1 2.77508E-1 2.54284E-1 2.38638E-1 2.54899E-1 2.367E-1 2.32134E-1 2.29878E-1 2.47627E-1 2.51702E-1 2.3741E-1 2.28021E-1 2.33587E-1 2.27307E-1
3.73543E-1 3.21695E-1 3.20745E-1 3.19305E-1 2.88803E-1 3.17702E-1 5.65415E-1 5.86522E-1 3.29895E-1 3.2013E-1 4.90053E-1 5.59466E-1 5.96659E-1 5.70019E-1 4.9797E-1 6.13284E-1 6.25866E-1 6.30888E-1 6.09835E-1 3.39589E-1 4.70194E-1 4.53201E-1 3.05689E-1 3.12416E-1 3.24519E-1 2.74403E-1 2.84661E-1 2.72834E-1 2.83309E-1 2.98205E-1 3.06745E-1 2.77032E-1 2.81793E-1 3.80847E-1 3.41349E-1 2.92746E-1 3.76137E-1 2.77725E-1 2.79925E-1 2.61336E-1 2.68056E-1 2.55212E-1 2.70886E-1 2.79123E-1 2.50412E-1 2.79138E-1 3.34729E-1 2.48473E-1 2.66132E-1 3.05122E-1 2.51059E-1 2.69298E-1 2.84649E-1 2.67289E-1 2.40774E-1 2.95707E-1 2.44656E-1 2.54099E-1 2.37616E-1 2.60409E-1 2.38192E-1
3.02887E-1 3.19036E-1 3.23542E-1 3.33597E-1 3.6411E-1 3.50526E-1 5.71792E-1 6.04513E-1 4.02055E-1 3.36183E-1 6.11107E-1 6.35777E-1 5.89455E-1 5.90075E-1 6.22201E-1 6.3237E-1 6.35147E-1 6.34353E-1 6.31633E-1 5.30428E-1 3.44102E-1 4.0404E-1 3.36259E-1 3.07456E-1 2.70668E-1 2.91451E-1 2.62851E-1 2.84131E-1 2.98133E-1 3.14645E-1 2.83503E-1 2.91427E-1 2.96104E-1 2.86947E-1 3.14484E-1 2.93247E-1 2.75897E-1 2.86706E-1 2.99701E-1 2.74983E-1 2.6711E-1 2.76933E-1 2.80443E-1 2.50903E-1 2.60002E-1 2.99761E-1 3.06099E-1 2.69509E-1 3.01792E-1 3.2517E-1 2.61826E-1 2.42097E-1 3.18445E-1 2.63575E-1 2.4516E-1 2.38384E-1 2.44943E-1 2.76043E-1 2.68842E-1 2.51028E-1 2.48456E-1
3.38335E-1 4.25848E-1 5.81234E-1 5.10007E-1 3.08024E-1 4.43758E-1 6.28138E-1 6.32921E-1 6.38133E-1 5.15877E-1 6.37461E-1 6.35253E-1 6.11133E-1 6.06743E-1 6.26387E-1 5.90431E-1 4.25368E-1 4.14771E-1 6.15112E-1 5.51459E-1 5.55947E-1 3.79918E-1 3.13661E-1 3.07508E-1 2.77087E-1 2.96271E-1 2.69743E-1 2.9926E-1 2.91342E-1 3.04029E-1 2.84921E-1 2.86989E-1 2.75027E-1 3.25359E-1 2.9529E-1 2.89097E-1 2.88382E-1 2.95544E-1 3.19658E-1 2.88269E-1 2.91257E-1 2.73698E-1 2.98025E-1 2.29598E-1 2.53782E-1 2.53566E-1 3.02046E-1 3.38046E-1 2.86211E-1 2.5667E-1 2.64251E-1 2.50891E-1 3.13153E-1 2.88158E-1 2.49415E-1 2.75281E-1 2.85534E-1 2.59977E-1 2.58516E-1 2.3782E-1 2.41328E-1
5.55935E-1 6.18771E-1 5.93091E-1 4.79391E-1 6.20549E-1 5.63753E-1 6.10089E-1 5.85308E-1 5.21292E-1 5.49792E-1 5.87189E-1 5.28882E-1 6.21062E-1 6.39447E-1 6.05025E-1 4.46494E-1 3.67231E-1 5.27944E-1 5.63525E-1 6.35381E-1 5.99358E-1 3.44605E-1 3.06546E-1 3.01815E-1 3.01043E-1 2.76708E-1 2.82407E-1 3.03215E-1 3.21515E-1 3.32991E-1 2.88907E-1 2.80897E-1 2.94561E-1 3.02591E-1 3.03394E-1 3.06901E-1 4.08619E-1 3.02488E-1 2.97702E-1 2.81368E-1 2.75501E-1 2.69846E-1 2.55061E-1 2.64056E-1 2.93023E-1 2.47846E-1 2.75358E-1 2.56576E-1 2.76666E-1 3.053E-1 3.13373E-1 2.94851E-1 3.24102E-1 2.5751E-1 3.52846E-1 2.50693E-1 2.52797E-1 3.49567E-1 2.90781E-1 2.70585E-1 2.44902E-1
5.26629E-1 4.22188E-1 5.85604E-1 6.4535E-1 5.85645E-1 5.47541E-1 5.52452E-1 5.53464E-1 6.44898E-1 6.2931E-1 6.13363E-1 4.79159E-1 4.83715E-1 6.31596E-1 5.14923E-1 2.83779E-1 3.93973E-1 4.12581E-1 3.82668E-1 4.491E-1 6.25214E-1 5.84686E-1 4.82289E-1 3.24558E-1 2.91279E-1 2.60428E-1 2.69265E-1 3.85264E-1 3.2148E-1 3.3062E-1 2.91468E-1 3.00663E-1 2.95746E-1 2.66839E-1 2.80484E-1 2.9044E-1 3.17045E-1 2.7705E-1 2.83203E-1 2.8057E-1 2.78725E-1 2.68565E-1 2.44324E-1 2.42295E-1 2.71354E-1 2.55427E-1 2.62047E-1 2.47595E-1 2.69682E-1 2.84158E-1 2.55868E-1 2.65916E-1 2.49636E-1 2.83049E-1 2.49356E-1 2.35493E-1 2.65857E-1 2.86072E-1 2.8581E-1 2.59744E-1 2.45299E-1
6.40891E-1 6.21239E-1 6.39057E-1 6.13683E-1 5.63693E-1 5.35627E-1 5.31993E-1 5.4569E-1 5.85911E-1 5.6293E-1 6.28003E-1 6.01348E-1 6.40117E-1 5.08778E-1 5.55671E-1 5.42685E-1 3.53405E-1 3.31992E-1 3.52033E-1 4.33821E-1 4.07599E-1 5.72677E-1 5.69164E-1 5.23696E-1 3.29598E-1 3.70843E-1 6.09488E-1 6.02512E-1 3.93159E-1 3.56614E-1 3.73662E-1 2.9505E-1 2.99905E-1 2.86531E-1 3.06999E-1 2.69808E-1 2.75305E-1 2.81889E-1 2.8257E-1 2.77152E-1 2.82019E-1 2.80572E-1 2.39978E-1 2.48126E-1 2.794E-1 3.31923E-1 2.71799E-1 2.73568E-1 3.71502E-1 2.98707E-1 2.59312E-1 2.63102E-1 2.84278E-1 2.72747E-1 2.66733E-1 2.47427E-1 2.51466E-1 2.75397E-1 2.6164E-1 2.79107E-1 2.90023E-1
6.26012E-1 6.27657E-1 6.08943E-1 5.89617E-1 5.50108E-1 5.51985E-1 5.43141E-1 5.51985E-1 5.63831E-1 6.47471E-1 6.47613E-1 6.48875E-1 5.7283E-1 5.9253E-1 6.4281E-1 4.78157E-1 4.12316E-1 3.4046E-1 3.86332E-1 3.88906E-1 4.18167E-1 4.54147E-1 5.28887E-1 5.67952E-1 5.83212E-1 5.22997E-1 6.2152E-1 6.09171E-1 5.91536E-1 4.44216E-1 4.1886E-1 3.06592E-1 3.09366E-1 2.67735E-1 2.72098E-1 2.81295E-1 2.88224E-1 2.70313E-1 2.85991E-1 2.83248E-1 2.71465E-1 2.58543E-1 2.5632E-1 2.98114E-1 2.89298E-1 2.74448E-1 2.70229E-1 2.70714E-1 3.33298E-1 2.57552E-1 2.5736E-1 2.64877E-1 2.80533E-1 2.69769E-1 2.55048E-1 2.76723E-1 2.62229E-1 2.50881E-1 2.66665E-1 2.7164E-1 3.18941E-1
6.06467E-1 6.2386E-1 5.83736E-1 5.83164E-1 5.89279E-1 5.582E-1 5.46138E-1 5.48488E-1 5.56159E-1 6.36147E-1 6.50138E-1 5.70796E-1 5.48095E-1 5.75463E-1 5.88592E-1 6.42475E-1 6.00087E-1 4.64069E-1 4.42582E-1 3.24925E-1 5.21745E-1 5.67964E-1 6.1865E-1 6.28841E-1 6.1E-1 5.69942E-1 5.0108E-1 5.89158E-1 6.11649E-1 6.23945E-1 5.56153E-1 5.95998E-1 3.6002E-1 3.0907E-1 4.49166E-1 2.93789E-1 2.99663E-1 2.54172E-1 2.78163E-1 2.86038E-1 2.7133E-1 2.84613E-1 2.6658E-1 2.69099E-1 2.66254E-1 2.86588E-1 2.82302E-1 2.58817E-1 2.66032E-1 2.70374E-1 2.61911E-1 2.4795E-1 2.64346E-1 2.70084E-1 2.62076E-1 2.44574E-1 2.58796E-1 2.6214E-1 2.71812E-1 3.0709E-1 2.50881E-1
5.83639E-1 5.83192E-1 6.21489E-1 5.77805E-1 6.373E-1 6.52693E-1 6.06317E-1 5.51649E-1 5.48238E-1 5.94553E-1 6.42707E-1 6.53143E-1 5.48715E-1 5.49608E-1 5.60652E-1 6.22442E-1 6.21711E-1 6.40214E-1 6.09272E-1 5.86849E-1 5.64642E-1 6.18374E-1 6.40228E-1 6.04834E-1 5.62711E-1 6.17715E-1 4.72649E-1 6.0373E-1 5.49264E-1 5.66266E-1 6.21394E-1 5.91876E-1 4.65276E-1 5.76057E-1 6.19108E-1 6.05812E-1 5.13132E-1 6.10854E-1 3.54476E-1 2.76959E-1 2.97693E-1 2.82074E-1 2.87115E-1 3.03704E-1 2.54027E-1 2.81314E-1 2.49928E-1 2.69991E-1 2.79283E-1 2.82519E-1 2.75703E-1 2.87477E-1 2.6569E-1 2.59907E-1 2.7051E-1 2.56147E-1 2.80381E-1 2.77719E-1 2.99128E-1 2.89342E-1 3.1331E-1
6.52269E-1 6.28138E-1 6.49305E-1 6.18398E-1 6.51843E-1 6.52172E-1 5.64656E-1 5.79076E-1 5.74307E-1 5.70125E-1 6.56129E-1 6.07146E-1 5.6157E-1 5.76217E-1 5.71579E-1 5.65171E-1 5.95066E-1 6.42071E-1 6.46028E-1 6.32665E-1 6.48415E-1 6.26929E-1 6.48261E-1 5.95535E-1 5.56398E-1 6.19809E-1 6.3651E-1 6.50627E-1 6.35248E-1 5.99343E-1 6.05438E-1 5.17425E-1 4.36088E-1 5.15114E-1 5.17761E-1 4.52648E-1 5.60231E-1 5.92113E-1 6.13707E-1 4.94152E-1 5.34445E-1 6.04125E-1 4.62235E-1 2.91174E-1 2.791E-1 2.71644E-1 2.90921E-1 2.93053E-1 3.11329E-1 2.81325E-1 3.14552E-1 3.37194E-1 3.16864E-1 3.27834E-1 2.81605E-1 2.76553E-1 2.7088E-1 2.56259E-1 2.77302E-1 3.18003E-1 3.1081E-1
5.58437E-1 6.04673E-1 5.66312E-1 6.58709E-1 6.41756E-1 6.56942E-1 5.75493E-1 5.75309E-1 5.7271E-1 5.72863E-1 6.38494E-1 6.28045E-1 6.49014E-1 5.98749E-1 6.45509E-1 6.59263E-1 6.47737E-1 5.64248E-1 6.13845E-1 6.09772E-1 6.46992E-1 6.50419E-1 5.8377E-1 6.34233E-1 5.79076E-1 6.48255E-1 6.24668E-1 5.53909E-1 4.31047E-1 4.30626E-1 4.68697E-1 3.40497E-1 3.11698E-1 4.89416E-1 4.38862E-1 3.08028E-1 3.22975E-1 4.52919E-1 5.16388E-1 4.47369E-1 4.26645E-1 6.05675E-1 5.62776E-1 4.12522E-1 4.18744E-1 3.93352E-1 3.67161E-1 3.09607E-1 4.16068E-1 2.95485E-1 2.66068E-1 2.92032E-1 3.33988E-1 2.63232E-1 2.66472E-1 2.67112E-1 2.5002E-1 2.65955E-1 2.69746E-1 2.70267E-1 2.67942E-1
