Candidate_Models_July82022/M_8_F_lqp_Set_1_cal/Bison.asc
ncols         290
nrows         380
xllcorner     -2197417.7431653
yllcorner     -584827.01486885
cellsize      10000.0
NODATA_value  -9999
[rows 243 to 269 of 380, columns 61 to 121 of 290]
9.68313E-2 1.25773E-1 1.25553E-1 1.84476E-1 2.40832E-1 1.20466E-1 7.59078E-2 2.0497E-1 1.61978E-1 2.06197E-1 1.49443E-1 3.31044E-1 2.65012E-1 2.97369E-1 3.53555E-1 4.7484E-1 4.64101E-1 2.86114E-1 3.9699E-1 2.11495E-1 3.02508E-1 1.49155E-1 2.74968E-1 3.28421E-1 3.09749E-1 1.54041E-1 1.18282E-1 1.57264E-1 1.24137E-1 1.13077E-1 7.07338E-2 2.08804E-1 1.26261E-1 1.40161E-1 1.16733E-1 8.28705E-2 2.28613E-1 1.56236E-1 1.29399E-1 2.2086E-1 7.73993E-2 2.14807E-1 2.51013E-1 2.21463E-1 1.36442E-1 1.62378E-1 2.21466E-1 2.34978E-1 2.2422E-1 2.33082E-1 1.65721E-1 1.17581E-1 2.65784E-1 2.46978E-1 5.66794E-1 6.19348E-1 6.53653E-1 6.78731E-1 6.48155E-1 6.46948E-1 5.98527E-1
1.0661E-1 2.48081E-1 6.7426E-2 1.00226E-1 1.82308E-1 1.04363E-1 7.24557E-2 7.03987E-2 2.39573E-1 2.32378E-1 1.80285E-1 2.82636E-1 3.63097E-1 3.28957E-1 4.50424E-1 5.82013E-1 3.20001E-1 3.15537E-1 2.52012E-1 1.72126E-1 2.8511E-1 1.25842E-1 2.77355E-1 4.00136E-1 2.42891E-1 1.52291E-1 2.16667E-1 1.62102E-1 2.71405E-1 1.49149E-1 8.95697E-2 1.54069E-1 1.43715E-1 1.8844E-1 8.11303E-2 1.91008E-1 9.18503E-2 1.82458E-1 6.02163E-2 2.34127E-1 3.53475E-1 1.98029E-1 1.03946E-1 2.28639E-1 2.55384E-1 2.03898E-1 2.38131E-1 1.18022E-1 1.63112E-1 3.30748E-1 2.64446E-1 1.59564E-1 1.82079E-1 1.39251E-1 2.4754E-1 3.66601E-1 6.38441E-1 6.47162E-1 6.30978E-1 6.82047E-1 6.77087E-1
1.11566E-1 1.33717E-1 1.21039E-1 1.15974E-1 7.83036E-2 1.15801E-1 1.23877E-1 9.35307E-2 1.79904E-1 1.59581E-1 2.19751E-1 3.00857E-1 4.92629E-1 3.28614E-1 5.70477E-1 5.79308E-1 5.93404E-1 3.956E-1 3.02342E-1 2.82299E-1 1.80413E-1 2.01139E-1 2.97627E-1 3.52296E-1 3.21282E-1 1.97081E-1 1.0602E-1 1.51345E-1 1.46425E-1 6.54805E-2 9.08718E-2 1.4345E-1 1.22319E-1 1.40817E-1 1.87759E-1 7.56601E-2 1.88372E-1 1.53283E-1 1.08025E-1 8.73435E-2 2.12824E-1 2.01933E-1 2.89712E-1 2.3467E-1 1.52644E-1 1.83607E-1 1.62324E-1 2.19569E-1 2.86519E-1 2.1932E-1 1.30384E-1 1.26155E-1 1.45673E-1 2.04736E-1 2.83111E-1 3.0804E-1 4.00708E-1 6.41334E-1 6.4638E-1 6.68761E-1 4.33686E-1
5.91437E-2 9.21537E-2 8.29685E-2 4.96045E-2 8.42427E-2 1.29834E-1 1.11847E-1 1.72783E-1 1.334E-1 1.4697E-1 2.4653E-1 2.10047E-1 4.05927E-1 5.283E-1 6.50837E-1 4.43543E-1 4.38587E-1 2.81216E-1 3.28668E-1 2.7783E-1 1.2831E-1 1.87199E-1 4.06231E-1 3.40082E-1 1.87533E-1 2.02304E-1 1.3479E-1 3.51859E-1 1.2902E-1 5.62844E-2 1.67114E-1 1.25276E-1 1.36004E-1 1.6175E-1 6.63259E-2 1.19336E-1 5.69676E-2 1.9501E-1 2.78501E-1 1.90787E-1 2.54746E-1 1.49051E-1 2.48243E-1 2.13049E-1 2.49325E-1 2.36049E-1 1.91546E-1 1.48452E-1 2.87876E-1 2.27386E-1 1.81414E-1 2.59978E-1 1.85458E-1 2.53273E-1 2.10163E-1 2.63087E-1 3.27262E-1 4.12184E-1 6.79733E-1 6.89323E-1 4.54251E-1
1.50267E-1 5.25102E-2 1.20222E-1 5.74516E-2 1.02944E-1 8.83425E-2 4.11967E-2 1.04285E-1 1.46727E-1 1.79684E-1 1.86062E-1 2.55658E-1 2.52562E-1 5.32949E-1 3.90441E-1 2.94118E-1 3.02248E-1 2.44418E-1 2.33861E-1 2.91861E-1 1.25495E-1 2.10516E-1 2.24066E-1 3.8778E-1 2.32037E-1 1.81116E-1 1.27498E-1 1.33166E-1 1.00126E-1 9.48066E-2 8.10214E-2 1.47259E-1 1.55651E-1 9.46452E-2 1.16265E-1 1.42889E-1 7.15729E-2 7.33989E-2 3.15974E-1 1.57544E-1 4.73982E-2 2.32213E-1 9.53041E-2 1.53424E-1 1.26873E-1 3.01038E-1 6.63431E-2 1.91017E-1 1.42885E-1 1.37057E-1 2.28567E-1 3.79611E-1 1.6656E-1 2.72481E-1 2.50362E-1 3.55709E-1 2.90856E-1 4.55966E-1 6.90523E-1 6.49996E-1 6.79966E-1
7.90295E-2 1.64125E-1 9.35389E-2 4.23969E-2 6.87718E-2 5.03686E-2 4.60742E-2 9.02104E-2 1.88778E-1 1.52947E-1 1.92646E-1 2.83004E-1 2.79348E-1 3.39731E-1 3.22022E-1 2.80182E-1 3.24486E-1 3.01182E-1 2.46017E-1 2.07402E-1 1.41448E-1 3.17E-1 3.10173E-1 2.31692E-1 2.61523E-1 1.46782E-1 1.78314E-1 1.08141E-1 1.27992E-1 1.07591E-1 6.43654E-2 1.06997E-1 1.60719E-1 8.03431E-2 6.34135E-2 7.00479E-2 1.3572E-1 3.44455E-2 1.34329E-1 1.03921E-1 3.66501E-1 2.08257E-1 1.97446E-1 3.0665E-1 1.73862E-1 3.16516E-1 1.36598E-1 1.8743E-1 1.40229E-1 1.41843E-1 1.44482E-1 1.95431E-1 2.26673E-1 2.09651E-1 2.28293E-1 2.82115E-1 3.02524E-1 6.16285E-1 6.73008E-1 6.71528E-1 6.03725E-1
4.79426E-2 7.02301E-2 9.27301E-2 8.6083E-2 2.76209E-2 6.85241E-2 3.4019E-2 8.90463E-2 8.00127E-2 1.75899E-1 2.56069E-1 2.60019E-1 2.61127E-1 2.93106E-1 3.15387E-1 3.14422E-1 2.57079E-1 1.32617E-1 2.09064E-1 1.86096E-1 1.78731E-1 3.23373E-1 2.65222E-1 2.41243E-1 2.818E-1 3.15803E-1 2.60775E-1 1.46367E-1 1.70418E-1 1.69354E-1 1.14336E-1 1.19213E-1 1.3894E-1 8.23497E-2 7.3795E-2 8.02266E-2 1.66097E-1 1.36898E-1 1.37392E-1 8.18143E-2 7.05786E-2 1.27674E-1 1.31239E-1 1.12724E-1 2.15461E-1 2.12793E-1 1.91919E-1 2.24282E-1 1.86096E-1 1.8636E-1 1.87003E-1 2.98771E-1 1.73847E-1 3.41427E-1 1.94578E-1 2.41174E-1 2.55819E-1 5.81642E-1 6.34535E-1 6.17885E-1 6.00397E-1
5.54526E-2 5.3362E-2 1.14831E-1 7.23071E-2 1.27573E-1 7.59705E-2 1.0268E-1 4.98592E-2 7.18919E-2 2.12878E-1 1.62389E-1 2.26578E-1 1.65705E-1 2.95711E-1 2.36552E-1 1.93556E-1 1.55066E-1 1.65613E-1 1.30767E-1 2.42316E-1 3.52002E-1 3.57448E-1 1.88099E-1 1.05664E-1 2.85692E-1 2.64315E-1 1.41762E-1 2.45586E-1 1.46956E-1 1.8309E-1 1.54343E-1 1.29443E-1 7.74999E-2 1.59436E-1 1.2857E-1 2.49424E-2 1.40501E-1 5.63541E-2 1.26978E-1 -9999 1.34273E-1 1.03183E-1 8.872E-2 1.03544E-1 2.7775E-1 2.47601E-1 2.79335E-1 1.97039E-1 2.30644E-1 1.14565E-1 2.93867E-1 3.20206E-1 1.71302E-1 2.01345E-1 2.90769E-1 2.71544E-1 2.78305E-1 6.31082E-1 6.0815E-1 5.93115E-1 6.00404E-1
8.01532E-2 5.97882E-2 1.10587E-1 7.96169E-2 7.81508E-2 8.31117E-2 4.04544E-2 5.26842E-2 9.9375E-2 8.74898E-2 1.27756E-1 2.56249E-1 2.05269E-1 2.17791E-1 2.47945E-1 2.90071E-1 1.70862E-1 1.45533E-1 3.72079E-1 4.83118E-1 3.81759E-1 3.53522E-1 2.49115E-1 2.38771E-1 2.54896E-1 2.16177E-1 2.14502E-1 2.51083E-1 1.90458E-1 1.17721E-1 1.90345E-1 2.28614E-1 5.9474E-2 8.86148E-2 9.79785E-2 6.55812E-2 1.00649E-1 1.03565E-1 9.29111E-2 9.91433E-2 1.99116E-1 1.59331E-1 1.83255E-1 1.70688E-1 1.49563E-1 1.70028E-1 2.75143E-1 2.04427E-1 1.37219E-1 2.03656E-1 2.35018E-1 4.24754E-1 2.24842E-1 2.66108E-1 2.63175E-1 2.21374E-1 4.92636E-1 6.71566E-1 5.85186E-1 5.80672E-1 6.17945E-1
9.06311E-2 1.32241E-1 1.72472E-1 6.1245E-2 4.40136E-2 5.35038E-2 4.13821E-2 8.07482E-2 1.29665E-1 2.66223E-1 8.51675E-2 2.63611E-1 5.47288E-1 3.41791E-1 2.76867E-1 2.66248E-1 1.77393E-1 2.16371E-1 2.69713E-1 2.92226E-1 2.22693E-1 2.51086E-1 1.99045E-1 1.93132E-1 1.65425E-1 1.38795E-1 1.9416E-1 1.39745E-1 2.44405E-1 1.52963E-1 1.39665E-1 8.2992E-2 6.11957E-2 1.92543E-1 1.12273E-1 6.26647E-2 9.23447E-2 1.25251E-1 7.51867E-2 6.45117E-2 1.78334E-1 1.28557E-1 1.95863E-1 9.46252E-2 1.19927E-1 2.16945E-1 2.98191E-1 1.25362E-1 2.47605E-1 1.21683E-1 1.45173E-1 2.93086E-1 2.26772E-1 2.03272E-1 2.26341E-1 2.47661E-1 4.85459E-1 6.75653E-1 5.76215E-1 5.84973E-1 5.80718E-1
3.69284E-1 4.18883E-1 2.17954E-1 5.02727E-2 9.12717E-2 5.78821E-2 5.85513E-2 9.75137E-2 1.99571E-1 2.21105E-1 2.46662E-1 2.4635E-1 1.44205E-1 1.31361E-1 3.02827E-1 2.4842E-1 2.70659E-1 2.34123E-1 2.13756E-1 2.36008E-1 3.3082E-1 1.63469E-1 1.4374E-1 2.01162E-1 2.00028E-1 1.36415E-1 1.63273E-1 2.06835E-1 2.08837E-1 1.05592E-1 1.87686E-1 1.6365E-1 2.2774E-1 8.3503E-2 8.25703E-2 8.15124E-2 1.43979E-1 1.42942E-1 9.47072E-2 1.43729E-1 1.76555E-1 1.58168E-1 1.2985E-1 2.0672E-1 1.24502E-1 2.07997E-1 2.33863E-1 2.02718E-1 2.59809E-1 1.04017E-1 1.65476E-1 2.24126E-1 1.5467E-1 2.4227E-1 2.75968E-1 2.58757E-1 3.15819E-1 5.66948E-1 6.54213E-1 5.92015E-1 5.79862E-1
8.61627E-2 9.01493E-2 7.09364E-2 4.01786E-2 4.76507E-2 5.40787E-2 7.01759E-2 3.10654E-2 6.00617E-2 2.77224E-1 2.29755E-1 2.24758E-1 2.96917E-1 1.82878E-1 1.24194E-1 2.53128E-1 1.17172E-1 1.72075E-1 3.00043E-1 2.42131E-1 3.2429E-1 1.13394E-1 1.57397E-1 2.45677E-1 1.68817E-1 2.01856E-1 -9999 2.17025E-1 1.00606E-1 1.4799E-1 1.95971E-1 1.92646E-1 1.47264E-1 5.19279E-2 8.98324E-2 1.25961E-1 8.25757E-2 1.47362E-1 1.34788E-1 9.76607E-2 1.71862E-1 1.4164E-1 1.85299E-1 1.73612E-1 1.99682E-1 2.11518E-1 2.29466E-1 1.73984E-1 3.31018E-1 1.52079E-1 2.22248E-1 1.38424E-1 2.1509E-1 2.34969E-1 3.44484E-1 3.39613E-1 3.01124E-1 4.26788E-1 6.38018E-1 6.73064E-1 5.83747E-1
1.05307E-1 8.62671E-2 5.47303E-2 3.8991E-2 6.46569E-2 5.99679E-2 5.80359E-2 1.13339E-1 1.31123E-1 2.10976E-1 1.58751E-1 1.82487E-1 2.74084E-1 2.41785E-1 2.29909E-1 1.20035E-1 7.40476E-2 2.8255E-1 2.06565E-1 2.78065E-1 2.24733E-1 1.78727E-1 1.35754E-1 1.56963E-1 2.0564E-1 1.54585E-1 1.65276E-1 8.3844E-2 1.74014E-1 1.1745E-1 1.04565E-1 7.03231E-2 5.57252E-2 8.30794E-2 -9999 1.70761E-1 2.24085E-1 1.23166E-1 1.27756E-1 2.06103E-1 1.4085E-1 1.22081E-1 9.29474E-2 1.78318E-1 2.33093E-1 1.53845E-1 2.76258E-1 1.11019E-1 2.50655E-1 2.16294E-1 2.37098E-1 1.86741E-1 1.85088E-1 1.84244E-1 2.72534E-1 2.5446E-1 3.02477E-1 4.68707E-1 6.36669E-1 6.45276E-1 5.77265E-1
7.99186E-2 6.24377E-2 1.6792E-1 1.32128E-1 4.29299E-2 3.56654E-2 7.13439E-2 1.91018E-1 1.4007E-1 1.40507E-1 1.1544E-1 1.88597E-1 8.36389E-2 2.22173E-1 2.00897E-1 8.9047E-2 2.33589E-1 3.36964E-1 2.23071E-1 2.89556E-1 2.84039E-1 8.7122E-2 1.88065E-1 1.51998E-1 2.34573E-1 1.54189E-1 1.87377E-1 2.56677E-1 1.07307E-1 1.60784E-1 1.77484E-1 7.41177E-2 4.95526E-2 1.51229E-1 1.61093E-1 8.24858E-2 1.58931E-1 1.20658E-1 7.6896E-2 8.47113E-2 1.30923E-1 8.31979E-2 8.23752E-2 2.84646E-1 1.94496E-1 1.84341E-1 3.41446E-1 2.67298E-1 1.47472E-1 1.71599E-1 1.35735E-1 1.55867E-1 2.04861E-1 1.68995E-1 2.15221E-1 2.84856E-1 2.87054E-1 3.15938E-1 3.20167E-1 6.72895E-1 5.87988E-1
1.2188E-1 1.55865E-1 1.06987E-1 1.51901E-1 2.29441E-1 8.85996E-2 5.13846E-2 9.3175E-2 1.06379E-1 7.25628E-2 1.2341E-1 2.49639E-1 2.13756E-1 2.0564E-1 1.03357E-1 2.80127E-1 3.71056E-1 4.17695E-1 3.37977E-1 2.01802E-1 2.45881E-1 1.54158E-1 1.82265E-1 1.88167E-1 1.18184E-1 1.34552E-1 1.26376E-1 2.16387E-1 9.04274E-2 1.3104E-1 1.31258E-1 2.6879E-1 8.74717E-2 1.07746E-1 8.14147E-2 1.7962E-1 9.53222E-2 1.30722E-1 1.2167E-1 1.4635E-1 4.75791E-2 7.59152E-2 1.99256E-1 1.5644E-1 2.67764E-1 2.68451E-1 2.77066E-1 1.66704E-1 2.24688E-1 1.37203E-1 1.2031E-1 2.30772E-1 3.24812E-1 2.53286E-1 3.0343E-1 3.34562E-1 3.52291E-1 6.27776E-1 5.53788E-1 6.07164E-1 5.78306E-1
1.20814E-1 8.53738E-2 6.28277E-2 5.50157E-2 9.74265E-2 1.54468E-1 8.80617E-2 4.58574E-2 1.60306E-1 1.30815E-1 1.32303E-1 2.3021E-1 2.92435E-1 1.86597E-1 1.917E-1 3.92625E-1 2.42911E-1 4.43439E-1 2.0698E-1 2.67789E-1 2.46733E-1 1.45093E-1 1.43426E-1 1.87259E-1 1.96601E-1 1.27885E-1 1.0556E-1 1.80549E-1 1.44585E-1 9.45929E-2 1.97048E-1 1.0213E-1 8.16738E-2 1.2325E-1 8.44318E-2 1.82524E-1 3.3431E-1 1.63357E-1 7.13691E-2 1.31531E-1 1.77469E-1 4.82084E-2 1.03721E-1 1.03103E-1 4.35747E-1 3.99046E-1 2.8932E-1 1.43231E-1 2.08302E-1 1.39209E-1 1.54715E-1 1.65463E-1 2.97447E-1 1.80153E-1 3.07764E-1 2.32258E-1 5.27064E-1 6.4209E-1 4.3341E-1 6.18775E-1 5.66816E-1
1.18536E-1 6.79016E-2 1.33686E-1 7.36327E-2 1.06081E-1 9.62757E-2 9.59939E-2 1.23513E-1 8.57059E-2 1.60981E-1 1.89856E-1 2.63797E-1 3.50356E-1 1.7788E-1 2.98262E-1 1.88062E-1 3.81801E-1 4.55551E-1 3.76637E-1 3.42062E-1 2.19611E-1 1.80977E-1 2.28494E-1 1.84699E-1 1.77551E-1 1.28685E-1 1.51064E-1 2.07723E-1 2.42951E-1 2.22112E-1 1.32289E-1 1.75217E-1 1.13408E-1 1.365E-1 7.21215E-2 1.0105E-1 1.36691E-1 1.27E-1 1.14807E-1 2.52037E-1 1.35868E-1 1.48856E-1 2.2309E-1 1.43172E-1 2.25009E-1 3.32798E-1 3.67554E-1 1.47935E-1 1.58318E-1 1.26005E-1 1.27773E-1 1.99982E-1 1.58152E-1 1.51587E-1 2.13198E-1 2.77132E-1 6.33339E-1 5.68146E-1 5.86617E-1 6.5646E-1 5.70804E-1
1.54204E-1 6.6247E-2 5.90782E-2 5.03284E-2 4.43641E-2 7.16669E-2 5.83221E-2 5.95981E-2 1.62663E-1 2.16088E-1 1.36695E-1 2.81307E-1 1.63523E-1 1.56877E-1 2.44625E-1 2.51696E-1 3.00324E-1 3.89556E-1 4.06397E-1 5.84604E-1 5.02905E-1 3.28072E-1 3.74916E-1 1.96424E-1 2.00644E-1 1.72723E-1 2.1113E-1 1.00476E-1 1.0197E-1 2.16229E-1 2.16697E-1 1.57595E-1 1.73742E-1 1.13593E-1 8.51165E-2 1.09904E-1 1.71578E-1 5.85471E-2 1.91619E-1 3.13428E-1 5.88713E-2 2.45942E-1 1.43188E-1 2.36683E-1 2.41103E-1 3.17151E-1 3.07275E-1 2.81512E-1 6.58578E-2 1.41255E-1 2.15723E-1 1.98097E-1 1.81178E-1 1.76888E-1 2.9796E-1 3.8085E-1 6.40496E-1 5.79005E-1 6.39444E-1 5.92625E-1 5.81057E-1
6.1363E-2 1.26085E-1 6.58045E-2 6.03981E-2 8.24068E-2 9.49462E-2 1.62725E-1 2.14192E-1 1.53399E-1 1.19076E-1 2.92497E-1 1.57908E-1 1.21639E-1 2.60162E-1 2.27778E-1 1.91745E-1 4.19352E-1 4.62577E-1 3.11514E-1 5.33881E-1 4.53419E-1 2.05896E-1 2.38073E-1 2.0212E-1 2.92868E-1 2.0781E-1 1.78637E-1 1.6901E-1 1.69085E-1 1.93287E-1 1.62351E-1 1.71838E-1 1.25327E-1 1.66441E-1 1.36294E-1 1.34052E-1 1.103E-1 1.89332E-1 1.92015E-1 2.08499E-1 9.36204E-2 2.12316E-1 1.69769E-1 4.84659E-1 2.90689E-1 1.32182E-1 1.87958E-1 2.70748E-1 2.33198E-1 1.49971E-1 1.84859E-1 1.79577E-1 2.14102E-1 2.14779E-1 4.28017E-1 3.95966E-1 6.05923E-1 6.14402E-1 6.23577E-1 5.66662E-1 5.64899E-1
7.19379E-2 1.0289E-1 4.28852E-2 1.51002E-1 3.97934E-2 1.5737E-1 2.51508E-1 2.36585E-1 1.31336E-1 1.17422E-1 2.27419E-1 2.10798E-1 1.79502E-1 2.88046E-1 1.94592E-1 1.87699E-1 3.93722E-1 4.464E-1 4.1662E-1 2.77213E-1 1.80564E-1 1.78191E-1 1.25883E-1 3.35441E-1 1.86678E-1 1.5731E-1 1.69725E-1 1.46754E-1 9.82854E-2 1.22322E-1 1.62967E-1 1.50842E-1 1.20929E-1 1.69802E-1 1.00573E-1 1.43357E-1 1.9194E-1 1.12956E-1 2.13126E-1 1.61053E-1 1.23402E-1 1.60703E-1 1.61315E-1 2.49098E-1 1.71613E-1 2.53922E-1 3.16432E-1 2.74671E-1 3.29538E-1 1.72356E-1 1.47663E-1 2.61553E-1 2.61409E-1 3.38888E-1 3.66976E-1 3.31582E-1 6.58706E-1 5.85195E-1 6.00036E-1 5.55742E-1 5.77523E-1
1.26367E-1 9.38402E-2 4.04764E-2 1.21434E-1 1.30519E-1 2.23811E-1 1.25451E-1 1.59681E-1 1.84111E-1 2.38123E-1 1.59921E-1 3.94059E-1 2.10471E-1 2.37709E-1 1.99424E-1 4.86176E-1 4.64441E-1 3.7131E-1 5.6321E-1 4.05709E-1 3.73969E-1 1.76742E-1 2.58268E-1 2.7354E-1 1.61211E-1 1.3684E-1 1.55184E-1 1.61193E-1 1.88454E-1 1.88552E-1 1.3836E-1 9.75E-2 1.06784E-1 1.08344E-1 6.28586E-2 1.39657E-1 1.80584E-1 8.83338E-2 3.9704E-1 1.98524E-1 9.75645E-2 1.63293E-1 1.84427E-1 1.70814E-1 2.66805E-1 2.55454E-1 2.92644E-1 2.27483E-1 3.0831E-1 2.63531E-1 1.64847E-1 1.95845E-1 1.61651E-1 2.35761E-1 1.90673E-1 3.11532E-1 4.70911E-1 6.67732E-1 5.91635E-1 5.86355E-1 5.83692E-1
2.34888E-2 1.16425E-1 3.90395E-2 5.34083E-2 1.53918E-1 1.01356E-1 1.09484E-1 1.45388E-1 1.89016E-1 2.10802E-1 2.71788E-1 4.85264E-1 2.8325E-1 1.53328E-1 3.34322E-1 4.42419E-1 3.34159E-1 3.95706E-1 2.65057E-1 4.38694E-1 2.36915E-1 2.53666E-1 2.76493E-1 2.3339E-1 1.26542E-1 1.25611E-1 2.35836E-1 2.91356E-1 1.65198E-1 2.19609E-1 1.70287E-1 1.11605E-1 1.28073E-1 1.00278E-1 1.38296E-1 8.7106E-2 1.06685E-1 9.36291E-2 2.66425E-1 2.86679E-1 1.78064E-1 1.53924E-1 1.67498E-1 2.25827E-1 1.75373E-1 1.2407E-1 1.75388E-1 1.48936E-1 2.80069E-1 1.68738E-1 7.14816E-2 2.13768E-1 2.76634E-1 2.60602E-1 2.30296E-1 1.88044E-1 2.72861E-1 6.35183E-1 6.25354E-1 5.96956E-1 5.89633E-1
4.88651E-2 4.91206E-2 4.78565E-2 6.9261E-2 9.7811E-2 1.82195E-1 2.69137E-1 1.22992E-1 2.95395E-1 1.00122E-1 1.76364E-1 4.28997E-1 3.80645E-1 2.53378E-1 2.30197E-1 4.89588E-1 3.81066E-1 3.09707E-1 2.80937E-1 2.10507E-1 3.11852E-1 2.22076E-1 1.92745E-1 2.3131E-1 2.01099E-1 1.2717E-1 2.42259E-1 2.61406E-1 1.47634E-1 1.87305E-1 1.61291E-1 2.28545E-1 1.35801E-1 8.72095E-2 1.40222E-1 1.00703E-1 1.53003E-1 9.78104E-2 1.44909E-1 4.5788E-1 2.00132E-1 1.48641E-1 5.04289E-2 1.54162E-1 1.32558E-1 1.41978E-1 1.9877E-1 1.88765E-1 2.72809E-1 1.96395E-1 1.03479E-1 2.50673E-1 3.14137E-1 3.10538E-1 1.9321E-1 2.21736E-1 3.24961E-1 5.17244E-1 6.70821E-1 6.32278E-1 5.95615E-1
3.53773E-2 3.36639E-2 3.33051E-2 2.0954E-1 1.1282E-1 1.78399E-1 1.26533E-1 8.13473E-2 3.51773E-1 3.79951E-1 1.88804E-1 4.08523E-1 2.48236E-1 3.47439E-1 4.84019E-1 4.8309E-1 3.98015E-1 4.23736E-1 2.78807E-1 2.1287E-1 1.71928E-1 1.70356E-1 2.20402E-1 2.12851E-1 1.10544E-1 1.71996E-1 2.35311E-1 3.97367E-1 2.66361E-1 1.38212E-1 1.66037E-1 2.21147E-1 1.58786E-1 1.75213E-1 1.37146E-1 1.2547E-1 1.23615E-1 1.12295E-1 1.46631E-1 4.08038E-1 2.02011E-1 1.77951E-1 1.77918E-1 1.81985E-1 1.83666E-1 1.41423E-1 2.05308E-1 1.53065E-1 3.07217E-1 2.66108E-1 2.33783E-1 1.95496E-1 2.99837E-1 3.208E-1 2.71241E-1 2.43621E-1 2.29442E-1 4.22258E-1 6.72748E-1 6.24727E-1 6.09646E-1
6.27272E-2 1.02397E-1 7.05676E-2 2.26593E-1 2.10196E-1 1.63326E-1 1.78263E-1 2.27452E-1 1.66123E-1 3.30083E-1 1.23045E-1 3.86137E-1 3.37653E-1 4.9251E-1 4.20771E-1 4.27574E-1 3.15532E-1 2.78647E-1 2.4763E-1 2.16607E-1 1.68886E-1 1.44163E-1 2.50454E-1 1.521E-1 1.42315E-1 2.3745E-1 1.98223E-1 3.81995E-1 3.53894E-1 2.06047E-1 1.99195E-1 1.38366E-1 1.54247E-1 1.73049E-1 1.58127E-1 1.62139E-1 1.64093E-1 1.41257E-1 2.2473E-1 5.18607E-1 2.13184E-1 1.00076E-1 1.37662E-1 1.48511E-1 2.16911E-1 1.96098E-1 2.04604E-1 2.01788E-1 4.37114E-1 4.47158E-1 1.61493E-1 1.57606E-1 1.75402E-1 2.03824E-1 2.14456E-1 2.48699E-1 3.3089E-1 2.59335E-1 5.03643E-1 6.84483E-1 6.37113E-1
3.05269E-2 3.34621E-2 1.03054E-1 9.60573E-2 8.46232E-2 1.0267E-1 1.9032E-1 1.88732E-1 1.69367E-1 3.00595E-1 2.03301E-1 3.53884E-1 5.59285E-1 5.17314E-1 4.40487E-1 5.3071E-1 3.86887E-1 3.49719E-1 2.82692E-1 2.38064E-1 2.31438E-1 2.29971E-1 2.61307E-1 1.80803E-1 1.61339E-1 2.82425E-1 2.3757E-1 3.68928E-1 2.96511E-1 1.99552E-1 1.72336E-1 1.91958E-1 1.98692E-1 1.45188E-1 1.96217E-1 2.1496E-1 2.23605E-1 2.98687E-1 1.54257E-1 4.5168E-1 1.87061E-1 1.70067E-1 1.59327E-1 1.66572E-1 1.74334E-1 1.65894E-1 1.83839E-1 1.87839E-1 2.22506E-1 3.22309E-1 1.25346E-1 1.10925E-1 2.0254E-1 2.96667E-1 3.20636E-1 1.21939E-1 1.90554E-1 1.59736E-1 1.70121E-1 4.21194E-1 6.73045E-1
7.40299E-2 5.28514E-2 5.69785E-2 1.25346E-1 1.31733E-1 1.54923E-1 2.06158E-1 1.02617E-1 2.69913E-1 2.29863E-1 3.53072E-1 3.17931E-1 5.09664E-1 5.12038E-1 5.70572E-1 3.96362E-1 4.26299E-1 3.9324E-1 3.75093E-1 5.53371E-1 3.29692E-1 1.264E-1 2.55954E-1 2.39235E-1 3.00049E-1 2.93292E-1 2.76942E-1 3.34053E-1 2.2178E-1 1.37451E-1 2.48774E-1 2.54412E-1 1.66462E-1 1.69052E-1 1.41666E-1 2.19934E-1 2.83473E-1 1.63984E-1 2.30902E-1 1.90221E-1 1.07404E-1 1.57035E-1 1.00211E-1 1.15369E-1 1.72218E-1 1.43508E-1 1.65973E-1 1.89052E-1 2.03601E-1 2.52341E-1 1.50698E-1 1.91535E-1 1.06839E-1 1.72712E-1 3.48688E-1 2.63944E-1 2.47869E-1 2.2482E-1 1.51577E-1 3.81615E-1 5.26796E-1
