Candidate_Models_July82022/M_8_F_lqp_Set_1_cal/Bison.asc
ncols         290
nrows         380
xllcorner     -2197417.7431653
yllcorner     -584827.01486885
cellsize      10000.0
NODATA_value  -9999
[rows 135 to 161 of 380, columns 0 to 60 of 290]
-9999 -9999 -9999 -9999 -9999 -9999 -9999 -9999 -9999 -9999 -9999 -9999 7.58561E-2 -9999 8.60288E-2 5.18342E-2 4.77778E-2 6.73893E-2 6.84637E-2 -9999 8.95597E-2 8.50683E-2 9.84465E-2 9.64071E-2 8.15703E-2 -9999 8.91724E-2 1.17035E-1 8.81702E-2 2.17854E-1 2.1814E-1 9.58941E-2 2.28016E-1 1.81836E-1 2.30208E-1 1.59029E-1 9.39006E-2 2.3242E-1 1.88362E-1 1.65308E-1 2.41101E-1 1.83692E-1 2.37932E-1 2.47886E-1 1.67796E-1 1.94037E-1 2.05298E-1 1.97049E-1 1.82864E-1 1.47015E-1 1.62816E-1 1.83203E-1 2.14127E-1 1.35281E-1 1.03682E-1 1.0772E-1 9.08308E-2 9.84045E-2 1.16162E-1 1.58401E-1 1.26022E-1
-9999 -9999 -9999 -9999 -9999 -9999 -9999 -9999 -9999 -9999 -9999 -9999 1.14387E-1 -9999 5.46044E-2 7.85222E-2 5.22812E-2 4.26139E-2 -9999 -9999 1.3648E-1 6.21875E-2 4.7457E-2 4.99344E-2 -9999 -9999 -9999 1.25735E-1 0E0 1.02765E-1 1.76001E-1 2.87001E-1 2.1082E-1 1.5E-1 2.28211E-1 1.13966E-1 1.99412E-1 1.00189E-1 1.03202E-1 2.3817E-1 2.34044E-1 2.71574E-1 2.44017E-1 2.41792E-1 1.78972E-1 1.96773E-1 2.22451E-1 2.45319E-1 1.77025E-1 1.59845E-1 1.97765E-1 1.68797E-1 2.20614E-1 1.31983E-1 1.12334E-1 1.64261E-1 9.55273E-2 1.0471E-1 1.44448E-1 1.63119E-1 1.58139E-1
-9999 -9999 -9999 -9999 -9999 -9999 -9999 -9999 -9999 -9999 -9999 1.07933E-1 1.69975E-1 -9999 5.50323E-2 9.4273E-2 5.04665E-2 -9999 -9999 -9999 7.20846E-2 3.98138E-2 6.08183E-2 4.90306E-2 -9999 -9999 6.57085E-2 1.06424E-1 2.25096E-1 1.66389E-1 2.75485E-1 2.8086E-1 2.89327E-1 2.45024E-1 1.96426E-1 2.03476E-1 1.26248E-1 1.64211E-1 1.47274E-1 1.4267E-1 2.02981E-1 1.98175E-1 2.3678E-1 1.70832E-1 1.85601E-1 1.69831E-1 1.64548E-1 1.82279E-1 1.64137E-1 1.86245E-1 1.64833E-1 1.71907E-1 1.79465E-1 1.88244E-1 1.46017E-1 1.13659E-1 1.48957E-1 1.13452E-1 9.93542E-2 1.21587E-1 7.39564E-2
-9999 -9999 -9999 -9999 -9999 -9999 -9999 -9999 -9999 -9999 -9999 -9999 -9999 -9999 3.05227E-2 6.81525E-2 6.50419E-2 -9999 -9999 4.80071E-2 6.34811E-2 6.42406E-2 7.86644E-2 1.56259E-1 -9999 -9999 5.63758E-2 -9999 8.54359E-2 1.77262E-1 2.25813E-1 2.34656E-1 2.31829E-1 1.58757E-1 1.96009E-1 1.65331E-1 2.10542E-1 1.81229E-1 1.26025E-1 1.7863E-1 1.22032E-1 9.84084E-2 2.42142E-1 1.84237E-1 1.6293E-1 1.47415E-1 9.44549E-2 1.03484E-1 1.31048E-1 1.90836E-1 2.06049E-1 1.56982E-1 1.38161E-1 2.11865E-1 2.08271E-1 1.71506E-1 1.4312E-1 1.22881E-1 1.21533E-1 1.39725E-1 8.35838E-2
-9999 -9999 -9999 -9999 -9999 -9999 -9999 -9999 -9999 -9999 -9999 -9999 -9999 -9999 3.80665E-2 1.02331E-1 6.86243E-2 -9999 7.41012E-2 5.40468E-2 3.77633E-2 -9999 8.89696E-2 -9999 -9999 -9999 8.64386E-2 1.00929E-1 1.34498E-1 2.07188E-1 3.10498E-1 2.77936E-1 2.10547E-1 1.60479E-1 1.53292E-1 1.21995E-1 1.21447E-1 1.13022E-1 1.61979E-1 1.51884E-1 1.91749E-1 1.24535E-1 1.62012E-1 1.06007E-1 1.52745E-1 2.28471E-1 2.11797E-1 2.06627E-1 1.93058E-1 2.57937E-1 2.55853E-1 2.43828E-1 1.83209E-1 1.93029E-1 1.88628E-1 1.90583E-1 1.90011E-1 1.10493E-1 7.69864E-2 1.68949E-1 1.8325E-1
-9999 -9999 -9999 -9999 -9999 -9999 -9999 -9999 -9999 -9999 -9999 -9999 9.16729E-2 3.31299E-2 6.21988E-2 1.15943E-1 7.65647E-2 -9999 6.1923E-2 4.43081E-2 7.55855E-2 -9999 -9999 -9999 -9999 8.59397E-2 8.91844E-2 1.29709E-1 -9999 2.70967E-1 2.42093E-1 3.49407E-1 2.77978E-1 1.96393E-1 1.99018E-1 1.631E-1 1.08712E-1 1.80745E-1 2.4625E-1 9.11182E-2 1.12121E-1 1.20703E-1 1.33808E-1 1.32134E-1 1.1717E-1 1.14543E-1 2.07737E-1 2.28228E-1 2.39759E-1 1.42544E-1 2.65899E-1 3.34056E-1 2.12386E-1 1.96133E-1 4.21438E-1 2.13959E-1 1.76384E-1 1.73638E-1 1.55124E-1 1.09668E-1 9.40655E-2
-9999 -9999 -9999 -9999 -9999 -9999 -9999 -9999 -9999 -9999 -9999 -9999 9.86298E-2 6.21318E-2 1.03349E-1 1.07584E-1 -9999 -9999 -9999 -9999 -9999 -9999 -9999 -9999 -9999 -9999 8.10018E-2 1.11688E-1 1.52639E-1 1.88247E-1 2.50357E-1 2.07548E-1 1.90922E-1 8.06968E-2 2.7539E-1 1.48619E-1 1.4461E-1 1.66599E-1 1.438E-1 1.74194E-1 1.29185E-1 2.22805E-1 1.9259E-1 1.24534E-1 2.09061E-1 2.19982E-1 1.80278E-1 2.47521E-1 2.3967E-1 2.16231E-1 2.24811E-1 1.76892E-1 1.95634E-1 2.24935E-1 2.02515E-1 1.28406E-1 1.23038E-1 1.67042E-1 1.44515E-1 1.22745E-1 1.57026E-1
-9999 -9999 -9999 -9999 -9999 -9999 -9999 -9999 -9999 -9999 -9999 -9999 -9999 4.68647E-2 7.4127E-2 5.67446E-2 -9999 -9999 -9999 -9999 -9999 8.54259E-2 -9999 -9999 1.05419E-1 1.13061E-1 7.19516E-2 9.93058E-2 1.64029E-1 2.26188E-1 2.14985E-1 2.95442E-1 1.52663E-1 1.50293E-1 2.18005E-1 1.89045E-1 2.53376E-1 1.54052E-1 1.49199E-1 2.41478E-1 1.34923E-1 1.82903E-1 2.21847E-1 1.40793E-1 2.46282E-1 1.94975E-1 1.8881E-1 1.2088E-1 1.96558E-1 2.08473E-1 2.01385E-1 1.21935E-1 1.84682E-1 1.94945E-1 1.76676E-1 1.49907E-1 1.95535E-1 1.66683E-1 1.68486E-1 1.08426E-1 1.14314E-1
-9999 -9999 -9999 -9999 -9999 -9999 -9999 -9999 -9999 -9999 -9999 -9999 1.10348E-1 -9999 -9999 4.37173E-2 -9999 8.3948E-2 7.75758E-2 -9999 -9999 9.22229E-2 1.24436E-1 -9999 -9999 0E0 1.38479E-1 9.83869E-2 3.00941E-1 2.0243E-1 2.71868E-1 2.19129E-1 2.51628E-1 1.8436E-1 1.33629E-1 1.20529E-1 9.82037E-2 1.31125E-1 1.64896E-1 2.61318E-1 1.83622E-1 2.28554E-1 2.50856E-1 1.67501E-1 1.71478E-1 1.20363E-1 1.90266E-1 2.80106E-1 1.41362E-1 1.43086E-1 1.49315E-1 2.1115E-1 1.42394E-1 1.65713E-1 1.3791E-1 1.90302E-1 1.94431E-1 1.33802E-1 1.43433E-1 1.5286E-1 1.33667E-1
-9999 -9999 -9999 -9999 -9999 -9999 -9999 -9999 -9999 -9999 -9999 -9999 -9999 5.49056E-2 7.0579E-2 -9999 -9999 3.49964E-2 5.81231E-2 1.1484E-1 0E0 1.21262E-1 1.35976E-1 4.47646E-2 -9999 -9999 1.06415E-1 1.87217E-1 2.62542E-1 2.16641E-1 3.21658E-1 2.6114E-1 7.55557E-2 1.32348E-1 1.89269E-1 1.76739E-1 3.04064E-1 1.02695E-1 2.21107E-1 1.09323E-1 1.72598E-1 2.62357E-1 1.9466E-1 1.33533E-1 2.01849E-1 2.06875E-1 2.33623E-1 2.16165E-1 1.25879E-1 1.58525E-1 1.48657E-1 1.17213E-1 1.47301E-1 4.98926E-1 2.28677E-1 1.37212E-1 2.14053E-1 1.6168E-1 1.23294E-1 1.21921E-1 1.55883E-1
-9999 -9999 -9999 -9999 -9999 -9999 -9999 -9999 -9999 -9999 -9999 -9999 8.79091E-2 6.952E-2 4.37831E-2 -9999 -9999 6.1495E-2 9.10069E-2 7.11514E-2 -9999 1.33275E-1 1.42676E-1 6.07801E-2 3.95771E-2 -9999 -9999 1.08143E-1 1.2551E-1 1.8454E-1 1.67684E-1 2.93953E-1 -9999 1.48512E-1 2.03279E-1 1.51326E-1 1.98858E-1 1.91672E-1 1.52013E-1 1.08653E-1 1.79807E-1 2.40154E-1 1.38441E-1 1.87815E-1 1.74133E-1 1.25709E-1 1.44854E-1 1.745E-1 2.12747E-1 1.371E-1 2.11873E-1 1.47447E-1 3.05603E-1 3.2602E-1 2.23988E-1 2.30365E-1 2.42203E-1 1.48719E-1 2.1259E-1 1.66421E-1 1.35578E-1
-9999 -9999 -9999 -9999 -9999 -9999 -9999 -9999 -9999 -9999 -9999 -9999 0E0 6.08949E-2 -9999 -9999 -9999 4.95969E-2 4.81413E-2 8.85122E-2 -9999 1.10138E-1 5.02572E-2 1.18556E-1 6.58188E-2 7.0052E-2 1.46003E-1 7.13888E-2 1.65199E-1 9.08043E-2 3.17705E-1 2.22193E-1 1.55592E-1 2.37719E-1 1.0014E-1 2.13729E-1 1.02993E-1 1.91052E-1 1.34546E-1 5.95955E-2 2.37644E-1 1.88543E-1 1.50188E-1 2.15645E-1 1.86415E-1 2.18557E-1 1.9235E-1 2.08193E-1 1.44747E-1 1.96058E-1 2.0854E-1 2.07251E-1 2.38511E-1 1.62085E-1 1.78113E-1 1.96654E-1 1.85303E-1 1.34501E-1 1.98235E-1 1.41016E-1 1.64659E-1
-9999 -9999 -9999 -9999 -9999 -9999 -9999 -9999 -9999 -9999 -9999 -9999 7.03275E-2 6.36933E-2 -9999 -9999 -9999 -9999 7.57512E-2 1.28959E-1 8.91259E-2 1.20044E-1 8.05491E-2 7.02132E-2 6.91878E-2 -9999 8.16392E-2 7.548E-2 2.07639E-1 2.82802E-1 2.23783E-1 2.06954E-1 1.62218E-1 9.82011E-2 8.9309E-2 8.9377E-2 1.43086E-1 2.15104E-1 1.45784E-1 2.58213E-1 2.26039E-1 1.33273E-1 1.28916E-1 1.97615E-1 2.20478E-1 2.08582E-1 1.84807E-1 1.15094E-1 1.30752E-1 1.88843E-1 1.97128E-1 2.6504E-1 2.55295E-1 2.64002E-1 2.29931E-1 1.6091E-1 2.27147E-1 1.49585E-1 1.24598E-1 1.23283E-1 1.28111E-1
-9999 -9999 -9999 -9999 -9999 -9999 -9999 -9999 -9999 -9999 -9999 -9999 4.75805E-2 -9999 -9999 -9999 -9999 1.12393E-1 -9999 -9999 7.57782E-2 6.77281E-2 1.07673E-1 -9999 6.76668E-2 7.32519E-2 -9999 1.01624E-1 1.63589E-1 2.24804E-1 2.13562E-1 1.41185E-1 1.61298E-1 1.42811E-1 1.58602E-1 1.83178E-1 1.38252E-1 2.4051E-1 1.96716E-1 2.54342E-1 1.81892E-1 2.08249E-1 2.59571E-1 2.38286E-1 2.07469E-1 1.86334E-1 2.41937E-1 1.19681E-1 2.14612E-1 1.05515E-1 2.18692E-1 1.71599E-1 3.1833E-1 2.29393E-1 2.32391E-1 2.24566E-1 2.27555E-1 3.259E-1 1.90364E-1 1.5476E-1 1.16626E-1
-9999 -9999 -9999 -9999 -9999 -9999 -9999 -9999 -9999 -9999 -9999 -9999 -9999 -9999 -9999 -9999 5.84642E-2 7.44754E-2 -9999 1.03819E-1 7.70671E-2 1.22926E-1 8.84867E-2 -9999 -9999 7.25298E-2 -9999 7.75838E-2 1.45611E-1 1.37587E-1 2.02712E-1 1.55427E-1 1.34251E-1 1.13243E-1 8.06719E-2 1.04319E-1 1.39433E-1 2.56326E-1 1.85855E-1 1.99535E-1 9.35634E-2 1.49258E-1 4.26246E-1 2.684E-1 2.15618E-1 1.90584E-1 2.57977E-1 1.40198E-1 2.34447E-1 2.50764E-1 2.34001E-1 1.52326E-1 1.64932E-1 1.62751E-1 1.78542E-1 2.08993E-1 3.49887E-1 1.84114E-1 1.94949E-1 1.98138E-1 1.63082E-1
-9999 -9999 -9999 -9999 -9999 -9999 -9999 -9999 -9999 -9999 -9999 -9999 -9999 -9999 -9999 7.34168E-2 5.5319E-2 1.11334E-1 -9999 -9999 -9999 -9999 1.26098E-1 1.27548E-1 5.29648E-2 7.71734E-2 6.03104E-2 8.88218E-2 1.26023E-1 8.81089E-2 1.45199E-1 1.61142E-1 1.17179E-1 1.61334E-1 1.51197E-1 2.59943E-1 2.72673E-1 1.76993E-1 1.51517E-1 1.86247E-1 2.03356E-1 2.98278E-1 3.09566E-1 2.02943E-1 1.66783E-1 1.96703E-1 1.39781E-1 1.49153E-1 1.36398E-1 1.97832E-1 2.1089E-1 2.09944E-1 1.20821E-1 2.64259E-1 1.79251E-1 2.0724E-1 2.39273E-1 2.13138E-1 1.66441E-1 2.21171E-1 1.35032E-1
-9999 -9999 -9999 -9999 -9999 -9999 -9999 -9999 -9999 -9999 -9999 -9999 -9999 -9999 -9999 -9999 -9999 -9999 -9999 3.46436E-2 1.3714E-1 -9999 -9999 0E0 -9999 -9999 -9999 4.8864E-2 4.9073E-2 8.10687E-2 1.22321E-1 1.80797E-1 8.10035E-2 1.67423E-1 2.27978E-1 2.18526E-1 2.29839E-1 1.7497E-1 1.42448E-1 1.6021E-1 9.1755E-2 3.04411E-1 2.46431E-1 1.86757E-1 1.60225E-1 2.11196E-1 1.56509E-1 2.66835E-1 2.2548E-1 2.12759E-1 2.24912E-1 1.71688E-1 1.972E-1 2.92289E-1 2.57224E-1 2.09303E-1 2.99811E-1 2.08533E-1 1.59213E-1 1.94102E-1 1.30788E-1
-9999 -9999 -9999 -9999 -9999 -9999 -9999 -9999 -9999 -9999 -9999 -9999 -9999 -9999 -9999 -9999 -9999 -9999 -9999 4.9057E-2 4.90434E-2 -9999 9.48323E-2 7.13424E-2 6.46697E-2 -9999 -9999 9.51677E-2 8.53258E-2 1.22023E-1 7.08997E-2 1.00088E-1 7.29988E-2 1.46694E-1 1.38435E-1 1.58871E-1 1.43675E-1 1.48405E-1 1.32144E-1 1.13914E-1 2.63252E-1 2.26869E-1 2.32575E-1 2.07316E-1 2.27715E-1 2.15632E-1 1.69774E-1 1.47246E-1 2.40434E-1 3.68644E-1 2.1424E-1 1.39616E-1 2.16356E-1 2.32049E-1 2.33675E-1 2.12269E-1 3.04915E-1 2.15639E-1 2.12503E-1 1.7235E-1 1.56223E-1
-9999 -9999 -9999 -9999 -9999 -9999 -9999 -9999 -9999 -9999 -9999 -9999 -9999 6.82379E-2 -9999 -9999 -9999 8.86846E-2 5.6658E-2 3.60535E-2 8.99961E-2 8.64559E-2 -9999 9.36627E-2 -9999 -9999 8.28774E-2 8.07244E-2 7.75687E-2 8.94581E-2 7.97302E-2 9.53462E-2 1.12617E-1 1.37189E-1 1.19918E-1 9.63534E-2 1.20501E-1 1.32624E-1 1.08786E-1 1.86472E-1 1.66933E-1 1.22845E-1 1.75779E-1 1.7477E-1 1.5966E-1 2.22538E-1 1.88483E-1 1.84554E-1 2.18145E-1 3.69545E-1 2.30617E-1 1.95116E-1 2.48059E-1 2.35653E-1 2.38716E-1 2.70254E-1 2.60095E-1 1.8828E-1 2.17385E-1 2.94198E-1 2.3314E-1
-9999 -9999 -9999 -9999 -9999 -9999 -9999 -9999 -9999 -9999 -9999 -9999 -9999 -9999 -9999 7.29646E-2 1.4467E-1 -9999 -9999 -9999 1.02216E-1 -9999 -9999 1.07817E-1 5.00312E-2 6.75165E-2 7.42267E-2 4.16183E-2 6.23435E-2 1.05848E-1 7.12213E-2 1.38703E-1 1.74915E-1 9.8694E-2 1.12277E-1 1.33825E-1 7.29778E-2 1.04853E-1 1.95365E-1 1.56958E-1 1.65624E-1 8.33882E-2 1.81848E-1 2.0729E-1 1.31258E-1 1.52916E-1 2.18407E-1 1.58872E-1 1.88627E-1 2.05063E-1 2.32297E-1 2.43265E-1 1.84423E-1 2.56791E-1 1.8436E-1 1.92557E-1 1.91887E-1 1.98876E-1 2.29487E-1 2.43305E-1 1.75447E-1
-9999 -9999 -9999 -9999 -9999 -9999 -9999 -9999 -9999 -9999 -9999 -9999 -9999 -9999 -9999 -9999 -9999 -9999 -9999 1.23822E-1 1.27153E-1 -9999 -9999 4.1989E-2 3.73747E-2 8.13167E-2 7.20079E-2 6.18233E-2 5.45621E-2 9.67329E-2 7.78108E-2 1.1248E-1 7.83433E-2 2.03205E-1 1.0185E-1 1.09034E-1 1.45103E-1 1.54163E-1 1.88086E-1 2.02958E-1 1.64091E-1 1.40876E-1 1.9081E-1 1.38193E-1 2.10458E-1 2.02909E-1 1.60855E-1 1.88794E-1 1.66465E-1 2.33712E-1 2.29901E-1 3.05507E-1 2.50513E-1 2.10233E-1 1.5898E-1 1.5246E-1 1.86271E-1 2.63574E-1 2.2053E-1 1.73712E-1 1.35892E-1
-9999 -9999 -9999 -9999 -9999 -9999 -9999 -9999 -9999 -9999 -9999 -9999 -9999 -9999 -9999 -9999 1.0565E-1 -9999 1.22894E-1 1.20055E-1 1.03392E-1 6.0791E-2 -9999 -9999 3.45898E-2 9.03772E-2 -9999 -9999 5.301E-2 5.20611E-2 8.5098E-2 6.16748E-2 8.82156E-2 1.09646E-1 1.65184E-1 1.54832E-1 1.76892E-1 8.7745E-2 2.166E-1 1.97784E-1 1.16501E-1 1.13094E-1 1.77397E-1 1.78685E-1 1.6545E-1 2.43718E-1 1.72159E-1 1.56677E-1 1.1243E-1 2.33873E-1 1.93823E-1 2.02652E-1 1.89338E-1 2.69219E-1 2.77558E-1 2.16905E-1 2.12931E-1 2.64626E-1 2.61814E-1 2.41594E-1 2.03215E-1
-9999 -9999 -9999 -9999 -9999 -9999 -9999 -9999 -9999 -9999 -9999 -9999 -9999 -9999 -9999 -9999 -9999 -9999 8.06401E-2 1.29978E-1 1.13276E-1 3.27317E-2 -9999 -9999 6.43668E-2 8.54003E-2 7.29242E-2 7.42862E-2 5.61833E-2 6.19851E-2 5.35123E-2 7.71955E-2 1.14852E-1 8.99287E-2 6.15531E-2 9.48039E-2 8.20654E-2 9.06925E-2 1.3765E-1 2.17309E-1 1.03069E-1 1.45235E-1 1.60591E-1 1.95952E-1 1.48819E-1 1.26182E-1 1.46599E-1 1.63246E-1 1.81437E-1 2.50807E-1 1.59954E-1 2.07804E-1 2.147E-1 1.47107E-1 1.36468E-1 2.04727E-1 2.12181E-1 1.85162E-1 2.34528E-1 2.39569E-1 2.50082E-1
-9999 -9999 -9999 -9999 -9999 -9999 -9999 -9999 -9999 -9999 -9999 -9999 -9999 -9999 7.55952E-2 -9999 -9999 1.11299E-1 3.01144E-2 6.31533E-2 4.91673E-2 4.22556E-2 6.96085E-2 -9999 -9999 -9999 -9999 7.21025E-2 1.06087E-1 6.48827E-2 1.16455E-1 9.76513E-2 7.0913E-2 1.26857E-1 5.91447E-2 1.13761E-1 1.05341E-1 1.57292E-1 2.4608E-1 1.76689E-1 2.25063E-1 1.19979E-1 2.03649E-1 1.41257E-1 1.55436E-1 1.45934E-1 1.81419E-1 1.78517E-1 1.76931E-1 1.44851E-1 2.0034E-1 2.03785E-1 2.19835E-1 1.36774E-1 1.68891E-1 2.07012E-1 1.25039E-1 2.48975E-1 1.85727E-1 1.85369E-1 1.60253E-1
-9999 -9999 -9999 -9999 -9999 -9999 -9999 -9999 -9999 -9999 -9999 -9999 -9999 -9999 -9999 1.21587E-1 1.09371E-1 -9999 -9999 9.05441E-2 9.51446E-2 1.06807E-1 -9999 -9999 -9999 9.99554E-2 6.31391E-2 6.99928E-2 5.67277E-2 9.18756E-2 8.6823E-2 9.35259E-2 1.23631E-1 6.43101E-2 1.00641E-1 1.43399E-1 1.89715E-1 1.83823E-1 1.49298E-1 1.3933E-1 2.0388E-1 1.27685E-1 2.24341E-1 1.68891E-1 1.49462E-1 2.13897E-1 1.59423E-1 1.34203E-1 1.65557E-1 1.43933E-1 2.5158E-1 1.87125E-1 1.2601E-1 1.2321E-1 1.95321E-1 2.12955E-1 2.25485E-1 1.92608E-1 2.3564E-1 1.73712E-1 1.33961E-1
-9999 -9999 -9999 -9999 -9999 -9999 -9999 -9999 -9999 -9999 -9999 -9999 -9999 -9999 4.98686E-2 -9999 -9999 -9999 9.23792E-2 3.76777E-2 6.60707E-2 9.26953E-2 -9999 -9999 4.39466E-2 7.48747E-2 8.81328E-2 -9999 6.85704E-2 -9999 -9999 4.55811E-2 5.1587E-2 7.92209E-2 9.79568E-2 8.59785E-2 1.10603E-1 1.58479E-1 1.45313E-1 2.36154E-1 1.31909E-1 1.43632E-1 1.94452E-1 2.02029E-1 2.60119E-1 1.36044E-1 7.53854E-2 1.4786E-1 9.615E-2 1.80067E-1 1.05891E-1 1.21008E-1 1.37541E-1 8.81791E-2 1.20381E-1 1.39341E-1 1.95261E-1 1.82049E-1 2.69586E-1 1.90771E-1 2.21311E-1
-9999 -9999 -9999 -9999 -9999 -9999 -9999 -9999 -9999 -9999 -9999 -9999 -9999 8.12249E-2 -9999 9.95102E-2 7.78119E-2 -9999 7.98467E-2 3.90024E-2 3.39964E-2 -9999 -9999 8.03394E-2 4.39436E-2 5.72604E-2 -9999 -9999 5.28966E-2 5.5151E-2 1.05324E-1 3.9472E-2 7.3284E-2 6.02965E-2 4.5955E-2 1.11362E-1 1.91701E-1 1.7141E-1 2.03598E-1 1.97937E-1 1.80305E-1 1.9439E-1 1.79512E-1 2.07031E-1 1.82906E-1 6.62897E-2 1.02445E-1 1.59105E-1 9.58612E-2 1.70486E-1 1.06231E-1 1.40119E-1 1.23469E-1 1.68144E-1 2.43822E-1 2.2608E-1 1.56948E-1 2.01035E-1 1.50088E-1 1.99301E-1 1.81959E-1
