Candidate_Models_July82022/M_8_F_lqp_Set_1_cal/Bison.asc
ncols         290
nrows         380
xllcorner     -2197417.7431653
yllcorner     -584827.01486885
cellsize      10000.0
NODATA_value  -9999
[rows 324 to 350 of 380, columns 61 to 121 of 290]
3.85872E-1 3.6632E-1 3.8784E-1 3.88996E-1 3.6326E-1 3.43053E-1 4.53723E-1 3.87684E-1 3.52187E-1 4.03189E-1 4.17065E-1 3.73124E-1 3.62158E-1 3.84844E-1 3.99065E-1 3.67133E-1 3.75777E-1 3.9061E-1 3.99867E-1 3.43769E-1 5.88574E-1 3.84601E-1 4.27509E-1 6.05968E-1 5.46969E-1 6.1882E-1 5.94393E-1 6.33846E-1 5.34515E-1 6.15709E-1 5.6408E-1 5.81451E-1 5.43798E-1 4.17156E-1 4.11337E-1 4.17606E-1 5.5121E-1 5.75058E-1 7.50364E-1 5.32319E-1 5.21462E-1 4.03333E-1 6.33526E-1 3.7345E-1 4.97944E-1 2.17315E-1 2.99162E-1 5.41E-1 5.28468E-1 5.20363E-1 7.10582E-1 3.83211E-1 4.34291E-1 6.31875E-1 5.66331E-1 4.50773E-1 4.74092E-1 6.91017E-1 6.96013E-1 7.24325E-1 6.75879E-1
3.61224E-1 3.77622E-1 3.93557E-1 3.97243E-1 3.84988E-1 3.34774E-1 4.85178E-1 4.81646E-1 4.40986E-1 3.18778E-1 3.15442E-1 3.3082E-1 3.47534E-1 3.94632E-1 3.7912E-1 3.66536E-1 3.97575E-1 3.93255E-1 3.38511E-1 3.85057E-1 5.93646E-1 5.73875E-1 4.63992E-1 3.63911E-1 6.0374E-1 5.05979E-1 5.74231E-1 5.67211E-1 5.90869E-1 6.12182E-1 6.41594E-1 6.09993E-1 5.58744E-1 6.08719E-1 4.37902E-1 4.34877E-1 3.64215E-1 4.34944E-1 6.23021E-1 4.24865E-1 4.09012E-1 5.31672E-1 4.05045E-1 4.49229E-1 3.22964E-1 0E0 7.87254E-1 5.99105E-1 6.44593E-1 4.93457E-1 6.85866E-1 7.29528E-1 4.22568E-1 5.1587E-1 5.48347E-1 5.55208E-1 4.76527E-1 5.72029E-1 6.96992E-1 5.92928E-1 5.9723E-1
3.73594E-1 3.53552E-1 3.77666E-1 3.85362E-1 3.77716E-1 3.44159E-1 4.37609E-1 4.50767E-1 3.93306E-1 3.3532E-1 3.63242E-1 3.48286E-1 3.08672E-1 3.52916E-1 3.5194E-1 3.49316E-1 3.06564E-1 3.22926E-1 3.82044E-1 4.78117E-1 4.44878E-1 6.03723E-1 4.52397E-1 4.13303E-1 4.31525E-1 6.09383E-1 5.65426E-1 6.21624E-1 6.29495E-1 6.57036E-1 6.5809E-1 5.99156E-1 6.76339E-1 5.59548E-1 3.45724E-1 3.97338E-1 3.48274E-1 4.6757E-1 4.51041E-1 3.87504E-1 4.0062E-1 4.47791E-1 3.16083E-1 4.04514E-1 4.01637E-1 4.03792E-1 3.46744E-1 5.02886E-1 5.92487E-1 5.37118E-1 4.98476E-1 7.02629E-1 5.43917E-1 3.65331E-1 7.20111E-1 6.91838E-1 4.78059E-1 4.84921E-1 7.27912E-1 7.42414E-1 7.28347E-1
3.35135E-1 3.74608E-1 3.77142E-1 3.6457E-1 3.62255E-1 4.23134E-1 5.08597E-1 3.57165E-1 3.04917E-1 3.8551E-1 3.93259E-1 3.04785E-1 3.00364E-1 3.53657E-1 3.68507E-1 3.56494E-1 3.68976E-1 3.74325E-1 3.97304E-1 4.42274E-1 4.71182E-1 5.8747E-1 4.13431E-1 4.74665E-1 3.38212E-1 4.76297E-1 6.09226E-1 5.81718E-1 6.30015E-1 6.48683E-1 6.16948E-1 6.03373E-1 6.4486E-1 5.02627E-1 4.79034E-1 4.66907E-1 5.07948E-1 4.76923E-1 6.78707E-1 5.00764E-1 4.66412E-1 4.56933E-1 3.3404E-1 4.957E-1 3.56473E-1 4.44418E-1 4.49481E-1 5.69206E-1 4.3285E-1 5.05278E-1 5.34786E-1 7.61461E-1 4.62208E-1 4.85773E-1 6.02098E-1 6.13054E-1 4.86441E-1 4.91544E-1 7.05431E-1 7.2574E-1 7.32122E-1
3.69251E-1 3.71472E-1 3.99537E-1 3.90013E-1 4.27952E-1 3.80146E-1 3.45466E-1 3.85245E-1 3.38033E-1 3.80307E-1 2.94982E-1 3.15628E-1 3.80755E-1 3.56659E-1 3.5601E-1 3.36091E-1 3.71762E-1 3.79723E-1 4.4541E-1 4.05322E-1 5.70099E-1 6.20528E-1 4.65936E-1 3.44503E-1 4.0929E-1 5.46194E-1 5.01546E-1 5.90173E-1 5.13468E-1 6.3457E-1 6.31691E-1 5.9773E-1 5.49822E-1 4.84079E-1 5.04632E-1 6.6092E-1 7.07323E-1 7.43908E-1 7.79431E-1 7.69337E-1 6.42614E-1 6.03343E-1 5.35411E-1 5.71255E-1 3.19243E-1 4.2061E-1 5.57378E-1 4.60989E-1 4.40921E-1 4.69154E-1 6.49751E-1 7.29736E-1 5.74566E-1 4.88354E-1 4.84541E-1 5.04663E-1 4.81716E-1 4.83099E-1 5.6573E-1 6.54562E-1 7.30808E-1
3.84713E-1 3.6741E-1 3.59604E-1 4.49272E-1 4.00473E-1 3.68338E-1 3.20709E-1 4.15436E-1 4.57312E-1 3.40265E-1 2.7533E-1 3.7874E-1 3.44092E-1 3.29362E-1 3.619E-1 3.75764E-1 5.47561E-1 5.76431E-1 5.85867E-1 4.85843E-1 6.70701E-1 6.18793E-1 3.98529E-1 3.16695E-1 4.53546E-1 4.07259E-1 3.86737E-1 4.05992E-1 4.92804E-1 5.88636E-1 6.48975E-1 6.3009E-1 6.5655E-1 4.75568E-1 3.98248E-1 4.82359E-1 6.86305E-1 7.58618E-1 7.68622E-1 7.42426E-1 7.81369E-1 7.55743E-1 6.28143E-1 7.64197E-1 7.15931E-1 4.48354E-1 4.75354E-1 4.05476E-1 4.57036E-1 4.53278E-1 5.00389E-1 5.04278E-1 5.00892E-1 4.99372E-1 4.88092E-1 4.778E-1 5.01359E-1 4.77747E-1 5.20486E-1 7.35513E-1 6.32056E-1
3.70775E-1 3.63949E-1 3.53111E-1 3.48365E-1 4.53695E-1 3.68795E-1 3.48005E-1 4.15271E-1 4.27326E-1 3.25255E-1 3.16104E-1 3.43602E-1 3.38817E-1 3.51139E-1 3.58218E-1 3.91121E-1 4.44122E-1 4.27765E-1 3.87145E-1 3.69273E-1 5.10567E-1 5.54563E-1 3.75756E-1 3.97676E-1 3.33487E-1 3.8557E-1 5.04165E-1 5.42948E-1 6.113E-1 6.47042E-1 6.47289E-1 6.53698E-1 5.45069E-1 5.32861E-1 4.31384E-1 4.5399E-1 4.85309E-1 4.41634E-1 4.82966E-1 5.35287E-1 4.88061E-1 4.57014E-1 5.67542E-1 6.31108E-1 6.84604E-1 6.25317E-1 7.31472E-1 5.81958E-1 5.11473E-1 4.94729E-1 5.03481E-1 5.05263E-1 4.82173E-1 4.50205E-1 4.86127E-1 5.08498E-1 4.51561E-1 4.76976E-1 5.43961E-1 7.42591E-1 6.67007E-1
3.51356E-1 3.45295E-1 3.45255E-1 3.58109E-1 5.36228E-1 3.92327E-1 4.12745E-1 3.76275E-1 5.2359E-1 3.25313E-1 3.68634E-1 3.68604E-1 3.56853E-1 3.75522E-1 3.64009E-1 3.64291E-1 3.90158E-1 3.01343E-1 3.77055E-1 4.18593E-1 4.15316E-1 3.99721E-1 4.15528E-1 4.85222E-1 4.18545E-1 3.83962E-1 3.6596E-1 4.34235E-1 5.87016E-1 5.77996E-1 6.14636E-1 5.94967E-1 6.33255E-1 6.52407E-1 5.71366E-1 4.65076E-1 4.42205E-1 4.37253E-1 4.62599E-1 4.38777E-1 4.32443E-1 4.60749E-1 4.80232E-1 5.26012E-1 5.30909E-1 6.04632E-1 5.92602E-1 4.67472E-1 4.77004E-1 4.87123E-1 4.9209E-1 4.81166E-1 4.83988E-1 5.1017E-1 4.93067E-1 4.91764E-1 6.11106E-1 5.63669E-1 6.0477E-1 5.76545E-1 7.308E-1
3.64475E-1 4.29683E-1 3.80942E-1 3.72768E-1 3.77779E-1 3.61713E-1 3.60125E-1 4.37356E-1 3.46672E-1 3.55032E-1 3.69883E-1 3.61061E-1 3.64096E-1 3.58695E-1 3.53061E-1 4.05955E-1 3.75374E-1 3.7527E-1 3.38734E-1 4.38432E-1 4.3499E-1 4.44811E-1 3.3256E-1 4.5231E-1 4.78937E-1 5.48187E-1 3.77058E-1 3.78504E-1 5.47522E-1 6.02972E-1 6.11721E-1 5.46744E-1 5.99863E-1 6.01898E-1 5.92787E-1 5.93944E-1 5.92627E-1 5.91429E-1 5.68622E-1 6.46617E-1 5.59803E-1 4.55373E-1 4.75693E-1 6.37609E-1 6.6734E-1 4.61098E-1 4.66465E-1 4.70252E-1 4.64878E-1 4.66279E-1 4.78246E-1 4.76766E-1 4.81793E-1 4.90037E-1 4.78697E-1 4.72761E-1 7.31478E-1 7.22736E-1 7.20066E-1 6.98864E-1 6.41055E-1
3.71069E-1 3.87713E-1 3.77504E-1 3.45351E-1 3.12476E-1 3.1546E-1 3.28269E-1 3.69068E-1 3.45514E-1 3.67792E-1 3.65376E-1 3.66703E-1 3.6301E-1 3.62465E-1 3.80201E-1 3.87098E-1 3.82322E-1 3.97915E-1 3.73894E-1 4.18853E-1 4.35496E-1 4.14593E-1 4.28487E-1 4.27861E-1 4.41149E-1 5.75365E-1 3.32781E-1 3.24245E-1 3.57833E-1 6.12621E-1 6.21698E-1 6.28473E-1 5.90262E-1 5.81319E-1 6.38593E-1 6.38473E-1 5.98562E-1 5.90456E-1 6.45211E-1 6.32886E-1 6.82222E-1 6.81427E-1 6.43902E-1 6.72563E-1 5.84049E-1 4.49889E-1 4.48773E-1 4.31449E-1 4.39262E-1 4.53418E-1 4.5735E-1 4.66032E-1 4.75298E-1 4.68757E-1 4.76214E-1 6.81608E-1 6.70124E-1 6.18674E-1 6.84529E-1 6.82131E-1 6.39771E-1
4.03738E-1 3.72846E-1 3.45723E-1 3.20282E-1 3.84201E-1 3.44494E-1 3.46344E-1 3.1397E-1 3.82654E-1 4.65484E-1 3.53312E-1 3.40217E-1 3.54845E-1 3.51509E-1 3.42657E-1 3.85717E-1 4.1402E-1 4.1648E-1 3.28541E-1 4.02823E-1 3.88836E-1 4.55281E-1 4.2921E-1 4.52908E-1 4.89332E-1 4.75075E-1 4.7566E-1 3.58745E-1 3.49831E-1 3.98177E-1 4.78229E-1 5.13812E-1 5.16097E-1 6.40501E-1 6.18213E-1 5.58412E-1 5.99263E-1 6.38171E-1 5.88586E-1 6.76243E-1 6.66226E-1 7.01832E-1 6.98701E-1 6.41158E-1 4.5964E-1 4.98303E-1 4.92181E-1 5.10049E-1 4.32223E-1 4.41854E-1 4.50566E-1 4.46954E-1 4.63534E-1 4.49846E-1 6.3911E-1 7.18668E-1 6.41455E-1 6.63263E-1 6.9777E-1 6.93136E-1 5.76836E-1
4.22862E-1 4.29775E-1 3.7356E-1 3.9492E-1 3.62234E-1 3.98264E-1 4.55288E-1 3.6649E-1 3.96707E-1 3.65125E-1 3.51255E-1 4.24784E-1 3.80171E-1 3.7844E-1 3.98343E-1 4.39364E-1 4.32058E-1 4.18542E-1 3.77393E-1 4.10336E-1 3.67602E-1 4.14564E-1 4.45908E-1 4.47118E-1 4.86162E-1 4.61802E-1 4.47186E-1 3.96307E-1 3.89166E-1 3.93172E-1 5.94244E-1 6.038E-1 6.0923E-1 6.56279E-1 6.21076E-1 5.89819E-1 5.80742E-1 6.25067E-1 5.49971E-1 6.42501E-1 6.26181E-1 6.44409E-1 6.89074E-1 6.87552E-1 6.82841E-1 6.89992E-1 6.28173E-1 7.01236E-1 5.20903E-1 4.65071E-1 5.10235E-1 4.56085E-1 4.92518E-1 7.21825E-1 6.53037E-1 7.18398E-1 7.21373E-1 6.55748E-1 7.13582E-1 6.1619E-1 4.98521E-1
4.44739E-1 4.0374E-1 4.06684E-1 3.50215E-1 3.86812E-1 4.68718E-1 4.25174E-1 4.19454E-1 3.59285E-1 3.73007E-1 4.03909E-1 4.18799E-1 4.6733E-1 3.81594E-1 4.14719E-1 4.49638E-1 4.52942E-1 4.15737E-1 4.27331E-1 3.66231E-1 4.37269E-1 4.36018E-1 4.26135E-1 4.51061E-1 4.74623E-1 4.59088E-1 4.45718E-1 4.06196E-1 4.12431E-1 4.02988E-1 3.9385E-1 4.64585E-1 6.67728E-1 6.68855E-1 6.45531E-1 5.81063E-1 6.5868E-1 5.72388E-1 5.8978E-1 5.65743E-1 5.97056E-1 5.75334E-1 6.42653E-1 6.88095E-1 6.96687E-1 6.57979E-1 6.18441E-1 6.16419E-1 6.71809E-1 7.05988E-1 5.38278E-1 4.75996E-1 7.16603E-1 6.86359E-1 6.82141E-1 6.30921E-1 7.14594E-1 6.2813E-1 6.71488E-1 6.20366E-1 4.39534E-1
4.11772E-1 3.82388E-1 4.2067E-1 3.65642E-1 3.63279E-1 3.67981E-1 4.37683E-1 3.6567E-1 4.50186E-1 4.61444E-1 4.14439E-1 4.44533E-1 3.75928E-1 3.94732E-1 3.93797E-1 4.49113E-1 4.60965E-1 4.32115E-1 4.38792E-1 4.47452E-1 3.72096E-1 4.01091E-1 4.04967E-1 4.4609E-1 4.36479E-1 4.39037E-1 4.46489E-1 4.37281E-1 4.22172E-1 4.12738E-1 3.63008E-1 4.06222E-1 5.53307E-1 6.43737E-1 5.45184E-1 4.67006E-1 6.48418E-1 5.75518E-1 5.83445E-1 5.70057E-1 5.85025E-1 6.49209E-1 6.58247E-1 6.29111E-1 6.34688E-1 6.53579E-1 5.84533E-1 5.89882E-1 5.84253E-1 6.74153E-1 5.77799E-1 5.18958E-1 6.37764E-1 6.46244E-1 7.00054E-1 6.51953E-1 6.92952E-1 5.28946E-1 4.77205E-1 4.85821E-1 4.5392E-1
-9999 -9999 -9999 -9999 3.71586E-1 3.91078E-1 3.89138E-1 4.24039E-1 3.25685E-1 4.12003E-1 4.05947E-1 3.47957E-1 4.69259E-1 4.91014E-1 4.33609E-1 4.71637E-1 4.69948E-1 4.64456E-1 4.68472E-1 4.33711E-1 3.59799E-1 4.3525E-1 3.84072E-1 3.83748E-1 4.48274E-1 4.3147E-1 4.39467E-1 4.39988E-1 4.29211E-1 4.09178E-1 3.90476E-1 5.53834E-1 5.0488E-1 4.78176E-1 5.5524E-1 4.54606E-1 5.18184E-1 6.19729E-1 5.85663E-1 5.71521E-1 6.59733E-1 6.32929E-1 5.70593E-1 6.30411E-1 5.82732E-1 5.87628E-1 5.92927E-1 6.1653E-1 6.8675E-1 5.77941E-1 6.66876E-1 6.29886E-1 6.67081E-1 6.82683E-1 6.35863E-1 6.36048E-1 4.72494E-1 4.39128E-1 4.3016E-1 4.84235E-1 4.26469E-1
-9999 -9999 -9999 -9999 -9999 -9999 -9999 -9999 -9999 4.31329E-1 3.89401E-1 4.01216E-1 5.31849E-1 6.72778E-1 4.39808E-1 4.12734E-1 4.85371E-1 4.67327E-1 4.5115E-1 4.37012E-1 4.1162E-1 4.33156E-1 4.31869E-1 3.85982E-1 4.40574E-1 4.51526E-1 5.81319E-1 4.51623E-1 4.2286E-1 3.797E-1 3.18711E-1 4.48793E-1 4.97659E-1 4.15277E-1 5.21317E-1 4.80874E-1 6.45666E-1 5.55783E-1 6.84774E-1 6.48086E-1 6.27539E-1 5.64613E-1 5.76167E-1 5.79968E-1 6.22564E-1 6.39944E-1 6.4683E-1 5.92313E-1 6.53983E-1 6.90499E-1 6.52497E-1 6.80349E-1 5.74375E-1 6.80707E-1 4.86623E-1 4.71828E-1 5.139E-1 3.92134E-1 4.4998E-1 4.93769E-1 4.20847E-1
-9999 -9999 -9999 -9999 -9999 -9999 -9999 -9999 -9999 -9999 -9999 -9999 -9999 5.40854E-1 3.11002E-1 3.54392E-1 4.7105E-1 4.46768E-1 4.51616E-1 4.19472E-1 4.34884E-1 3.77622E-1 4.17692E-1 4.18818E-1 4.33671E-1 4.89034E-1 4.63784E-1 4.4687E-1 4.26681E-1 3.82466E-1 3.85366E-1 3.51995E-1 4.65422E-1 4.77799E-1 5.14567E-1 5.12142E-1 4.3571E-1 4.30302E-1 6.53636E-1 6.69212E-1 5.70688E-1 5.57737E-1 6.15267E-1 6.29461E-1 6.25544E-1 5.72447E-1 5.7486E-1 6.39948E-1 6.24297E-1 6.47483E-1 6.58108E-1 6.27225E-1 4.88535E-1 6.87495E-1 4.36075E-1 5.10466E-1 6.509E-1 5.27034E-1 6.58416E-1 6.86337E-1 5.60395E-1
-9999 -9999 -9999 -9999 -9999 -9999 -9999 -9999 -9999 -9999 -9999 -9999 -9999 -9999 -9999 -9999 -9999 4.70246E-1 4.42263E-1 4.27381E-1 4.34842E-1 3.94583E-1 4.50807E-1 4.44492E-1 4.5493E-1 6.46457E-1 4.73696E-1 4.70836E-1 3.84462E-1 4.09891E-1 4.20341E-1 3.67169E-1 4.76102E-1 4.68952E-1 5.77176E-1 6.02909E-1 4.97169E-1 4.29751E-1 6.68589E-1 5.7096E-1 3.79025E-1 3.98044E-1 4.35383E-1 5.36388E-1 6.19416E-1 5.73789E-1 5.88319E-1 6.44277E-1 5.33496E-1 6.64756E-1 6.90548E-1 4.71974E-1 4.38024E-1 6.71332E-1 4.76163E-1 6.23127E-1 5.16475E-1 4.77639E-1 6.89333E-1 6.94106E-1 3.61974E-1
-9999 -9999 -9999 -9999 -9999 -9999 -9999 -9999 -9999 -9999 -9999 -9999 -9999 -9999 -9999 -9999 -9999 -9999 -9999 -9999 -9999 4.36689E-1 4.31007E-1 4.41083E-1 4.93207E-1 6.45894E-1 5.43512E-1 3.97034E-1 4.70628E-1 3.90957E-1 4.18547E-1 3.97177E-1 3.99635E-1 5.22192E-1 5.01455E-1 4.82812E-1 4.73694E-1 4.1412E-1 5.22461E-1 4.1501E-1 4.58881E-1 3.94538E-1 4.73571E-1 4.12976E-1 6.68381E-1 6.73776E-1 5.47409E-1 7.21975E-1 5.30867E-1 6.64606E-1 7.00855E-1 5.73658E-1 4.30657E-1 6.73901E-1 5.48905E-1 6.9365E-1 5.8716E-1 4.45118E-1 7.03724E-1 7.20377E-1 3.16624E-1
-9999 -9999 -9999 -9999 -9999 -9999 -9999 -9999 -9999 -9999 -9999 -9999 -9999 -9999 -9999 -9999 -9999 -9999 -9999 -9999 -9999 -9999 -9999 -9999 -9999 4.36647E-1 4.20625E-1 4.59081E-1 4.59341E-1 3.42724E-1 4.58045E-1 4.32065E-1 3.48287E-1 4.96992E-1 4.34178E-1 5.2531E-1 5.00532E-1 3.82081E-1 4.73468E-1 4.49275E-1 4.51247E-1 4.10932E-1 4.23936E-1 3.78853E-1 4.44847E-1 4.63137E-1 5.65462E-1 5.1172E-1 4.12494E-1 6.65151E-1 6.72331E-1 5.61937E-1 4.24889E-1 5.95413E-1 6.75859E-1 6.23124E-1 6.13947E-1 5.05065E-1 5.55944E-1 6.74932E-1 5.80687E-1
-9999 -9999 -9999 -9999 -9999 -9999 -9999 -9999 -9999 -9999 -9999 -9999 -9999 -9999 -9999 -9999 -9999 -9999 -9999 -9999 -9999 -9999 -9999 -9999 -9999 -9999 -9999 -9999 -9999 -9999 4.78366E-1 3.19602E-1 3.15606E-1 4.92284E-1 4.99296E-1 4.4374E-1 4.60634E-1 4.36759E-1 4.28372E-1 4.41053E-1 4.76298E-1 4.20776E-1 4.70531E-1 3.94184E-1 4.24531E-1 4.99254E-1 6.78085E-1 4.72464E-1 5.7766E-1 6.6499E-1 4.49458E-1 5.23851E-1 5.29817E-1 5.27991E-1 6.93066E-1 5.93198E-1 5.1687E-1 7.24507E-1 6.41263E-1 6.1525E-1 6.18899E-1
-9999 -9999 -9999 -9999 -9999 -9999 -9999 -9999 -9999 -9999 -9999 -9999 -9999 -9999 -9999 -9999 -9999 -9999 -9999 -9999 -9999 -9999 -9999 -9999 -9999 -9999 -9999 -9999 -9999 -9999 -9999 -9999 -9999 -9999 4.5846E-1 4.52923E-1 4.62579E-1 4.3223E-1 4.12132E-1 5.28011E-1 4.52797E-1 4.25793E-1 4.94369E-1 4.51539E-1 4.59043E-1 4.93221E-1 6.51829E-1 5.58954E-1 6.83537E-1 6.48387E-1 5.01025E-1 5.18854E-1 5.63534E-1 5.31601E-1 7.15117E-1 6.62797E-1 6.78526E-1 6.00544E-1 5.12188E-1 6.09918E-1 7.08323E-1
-9999 -9999 -9999 -9999 -9999 -9999 -9999 -9999 -9999 -9999 -9999 -9999 -9999 -9999 -9999 -9999 -9999 -9999 -9999 -9999 -9999 -9999 -9999 -9999 -9999 -9999 -9999 -9999 -9999 -9999 -9999 -9999 -9999 -9999 -9999 -9999 -9999 -9999 4.13773E-1 4.98687E-1 4.51382E-1 4.49877E-1 4.79403E-1 3.76535E-1 4.27335E-1 4.3683E-1 4.92109E-1 3.9794E-1 4.84241E-1 5.87561E-1 6.50516E-1 6.92023E-1 7.17472E-1 6.86163E-1 6.75858E-1 6.9424E-1 6.07974E-1 6.60569E-1 5.20005E-1 6.995E-1 6.2982E-1
-9999 -9999 -9999 -9999 -9999 -9999 -9999 -9999 -9999 -9999 -9999 -9999 -9999 -9999 -9999 -9999 -9999 -9999 -9999 -9999 -9999 -9999 -9999 -9999 -9999 -9999 -9999 -9999 -9999 -9999 -9999 -9999 -9999 -9999 -9999 -9999 -9999 -9999 -9999 -9999 -9999 -9999 4.19437E-1 4.29396E-1 4.30172E-1 4.4131E-1 4.66675E-1 6.03703E-1 6.41018E-1 4.4204E-1 6.73495E-1 6.92739E-1 6.66207E-1 6.96108E-1 6.45752E-1 7.14845E-1 6.4597E-1 6.30359E-1 4.71901E-1 6.3245E-1 6.30178E-1
-9999 -9999 -9999 -9999 -9999 -9999 -9999 -9999 -9999 -9999 -9999 -9999 -9999 -9999 -9999 -9999 -9999 -9999 -9999 -9999 -9999 -9999 -9999 -9999 -9999 -9999 -9999 -9999 -9999 -9999 -9999 -9999 -9999 -9999 -9999 -9999 -9999 -9999 -9999 -9999 -9999 -9999 -9999 -9999 -9999 -9999 4.43693E-1 5.57981E-1 6.79356E-1 6.2076E-1 6.88364E-1 6.86403E-1 7.09583E-1 6.53992E-1 7.14065E-1 7.00609E-1 6.86284E-1 6.2161E-1 6.90182E-1 6.42585E-1 6.42555E-1
-9999 -9999 -9999 -9999 -9999 -9999 -9999 -9999 -9999 -9999 -9999 -9999 -9999 -9999 -9999 -9999 -9999 -9999 -9999 -9999 -9999 -9999 -9999 -9999 -9999 -9999 -9999 -9999 -9999 -9999 -9999 -9999 -9999 -9999 -9999 -9999 -9999 -9999 -9999 -9999 -9999 -9999 -9999 -9999 -9999 -9999 -9999 -9999 -9999 -9999 -9999 6.04134E-1 6.71941E-1 6.92351E-1 6.89307E-1 6.84083E-1 6.80817E-1 6.9914E-1 6.32755E-1 6.7584E-1 6.68129E-1
-9999 -9999 -9999 -9999 -9999 -9999 -9999 -9999 -9999 -9999 -9999 -9999 -9999 -9999 -9999 -9999 -9999 -9999 -9999 -9999 -9999 -9999 -9999 -9999 -9999 -9999 -9999 -9999 -9999 -9999 -9999 -9999 -9999 -9999 -9999 -9999 -9999 -9999 -9999 -9999 -9999 -9999 -9999 -9999 -9999 -9999 -9999 -9999 -9999 -9999 -9999 -9999 -9999 -9999 -9999 6.68739E-1 6.68377E-1 6.5305E-1 6.61111E-1 7.0757E-1 7.03775E-1
