Candidate_Models_July82022/M_10_F_lqp_Set_1_cal/Bison.asc
ncols         290
nrows         380
xllcorner     -2197417.7431653
yllcorner     -584827.01486885
cellsize      10000.0
NODATA_value  -9999
[rows 108 to 134 of 380, columns 0 to 60 of 290]
-9999 -9999 -9999 -9999 -9999 -9999 -9999 -9999 -9999 2.03489E-1 1.71432E-1 1.47831E-1 1.36188E-1 1.52221E-1 2.1199E-1 1.81276E-1 2.18081E-1 1.77097E-1 1.75012E-1 2.02844E-1 1.28963E-1 1.8201E-1 2.21072E-1 1.82661E-1 2.32758E-1 2.01952E-1 1.86597E-1 9.99574E-2 1.85699E-1 1.42317E-1 1.32485E-1 1.94101E-1 1.60719E-1 1.11471E-1 7.59196E-2 1.44244E-1 1.36574E-1 1.65638E-1 1.24913E-1 1.23107E-1 1.42803E-1 1.04667E-1 1.40725E-1 1.34612E-1 1.32853E-1 1.48573E-1 1.05192E-1 1.14883E-1 1.12079E-1 1.43651E-1 1.38252E-1 1.23214E-1 1.18287E-1 1.39771E-1 1.50604E-1 1.50193E-1 1.19332E-1 8.56871E-2 1.06764E-1 9.66523E-2 1.37242E-1
-9999 -9999 -9999 -9999 -9999 -9999 -9999 -9999 -9999 -9999 2.20901E-1 1.42181E-1 2.13814E-1 2.53434E-1 2.18213E-1 2.04429E-1 2.25532E-1 1.28596E-1 1.64002E-1 1.33206E-1 1.68565E-1 2.05468E-1 2.29417E-1 1.80369E-1 2.48127E-1 2.05413E-1 2.04839E-1 1.52519E-1 1.42111E-1 2.09723E-1 1.05353E-1 1.58637E-1 1.24334E-1 1.04956E-1 9.51934E-2 1.39698E-1 1.72557E-1 1.37818E-1 1.43626E-1 1.32311E-1 1.37536E-1 1.27294E-1 1.37669E-1 1.31619E-1 1.33145E-1 1.44424E-1 1.40514E-1 1.28375E-1 1.26132E-1 1.50546E-1 1.42097E-1 1.40477E-1 1.03411E-1 1.4183E-1 1.44815E-1 1.46052E-1 1.38986E-1 1.2652E-1 9.7231E-2 2.06509E-1 1.32139E-1
-9999 -9999 -9999 -9999 -9999 -9999 -9999 -9999 -9999 -9999 1.77452E-1 1.8651E-1 1.88032E-1 2.7539E-1 1.84695E-1 1.57442E-1 2.30032E-1 2.02125E-1 1.67465E-1 1.25377E-1 1.60972E-1 1.79557E-1 1.92918E-1 1.55062E-1 1.52499E-1 2.45563E-1 2.38009E-1 1.89594E-1 1.29379E-1 1.00693E-1 1.28672E-1 9.09785E-2 1.21412E-1 1.65427E-1 1.48123E-1 1.32637E-1 1.41379E-1 1.31061E-1 1.68646E-1 1.75929E-1 1.19338E-1 1.83707E-1 1.42528E-1 1.19085E-1 1.31158E-1 1.39532E-1 1.10444E-1 1.1353E-1 1.4438E-1 1.45579E-1 1.13254E-1 1.3214E-1 1.38354E-1 1.30965E-1 1.20676E-1 1.48142E-1 1.80903E-1 9.67839E-2 1.38235E-1 2.14228E-1 1.64897E-1
-9999 -9999 -9999 -9999 -9999 -9999 -9999 -9999 -9999 -9999 1.55539E-1 2.11039E-1 2.3313E-1 3.00738E-1 2.26498E-1 2.51972E-1 2.20833E-1 2.77213E-1 1.63931E-1 1.57655E-1 1.77256E-1 1.76136E-1 2.35554E-1 1.24544E-1 9.62738E-2 8.42689E-2 1.12386E-1 2.18575E-1 1.4789E-1 1.58652E-1 1.39701E-1 9.0972E-2 1.8826E-1 9.45396E-2 1.03758E-1 1.29177E-1 1.35375E-1 1.54643E-1 2.00817E-1 1.11206E-1 1.23993E-1 1.5009E-1 1.12095E-1 1.10037E-1 1.29317E-1 1.43336E-1 1.28742E-1 1.42567E-1 1.42799E-1 1.21355E-1 1.3549E-1 1.41997E-1 1.28996E-1 1.34473E-1 1.50652E-1 1.37886E-1 1.35366E-1 1.09036E-1 9.17081E-2 8.49832E-2 1.05404E-1
-9999 -9999 -9999 -9999 -9999 -9999 -9999 -9999 -9999 -9999 -9999 1.60087E-1 2.38763E-1 2.13431E-1 2.49697E-1 2.44688E-1 2.11387E-1 2.71076E-1 2.34625E-1 1.55661E-1 2.00138E-1 8.44586E-2 1.07261E-1 1.2146E-1 8.7181E-2 1.54002E-1 1.47345E-1 1.5473E-1 1.88396E-1 1.28936E-1 1.74928E-1 1.6884E-1 1.5284E-1 1.58894E-1 8.96322E-2 1.27484E-1 1.80072E-1 1.68666E-1 1.89059E-1 1.74046E-1 1.35792E-1 1.64636E-1 1.66301E-1 9.07923E-2 1.52719E-1 1.34447E-1 1.33283E-1 8.16337E-2 1.14135E-1 1.6366E-1 1.51782E-1 1.5686E-1 1.03526E-1 1.23502E-1 1.29552E-1 1.28365E-1 1.54806E-1 1.93012E-1 1.56929E-1 8.98716E-2 8.29866E-2
-9999 -9999 -9999 -9999 -9999 -9999 -9999 -9999 -9999 -9999 -9999 1.35199E-1 2.24542E-1 2.10939E-1 2.269E-1 2.54425E-1 2.16601E-1 2.6355E-1 2.21284E-1 2.14967E-1 1.40057E-1 1.30487E-1 9.99503E-2 1.2682E-1 1.65496E-1 1.79619E-1 1.5652E-1 9.80952E-2 1.80993E-1 1.77377E-1 1.96976E-1 1.38952E-1 1.45517E-1 1.89962E-1 1.55503E-1 1.3879E-1 1.33063E-1 1.41988E-1 1.81473E-1 1.38463E-1 1.3662E-1 1.76438E-1 1.51241E-1 1.32567E-1 1.292E-1 1.49973E-1 1.38193E-1 1.36331E-1 1.32802E-1 1.19455E-1 1.50785E-1 1.53261E-1 1.27872E-1 1.29991E-1 1.57953E-1 1.50118E-1 1.23271E-1 1.42114E-1 1.17798E-1 1.16594E-1 1.32997E-1
-9999 -9999 -9999 -9999 -9999 -9999 -9999 -9999 -9999 -9999 1.63736E-1 1.70163E-1 1.9026E-1 3.90071E-1 1.55453E-1 0E0 1.28101E-1 1.89391E-1 1.95798E-1 2.04657E-1 1.84947E-1 1.61598E-1 1.05129E-1 1.12656E-1 1.63401E-1 1.30642E-1 1.09904E-1 8.5003E-2 1.2012E-1 1.78914E-1 1.41282E-1 1.49769E-1 1.2805E-1 1.31314E-1 1.80546E-1 1.4949E-1 1.77938E-1 7.37958E-2 1.83973E-1 1.65372E-1 1.22402E-1 1.40931E-1 1.52952E-1 1.60647E-1 1.55954E-1 1.51274E-1 1.4922E-1 1.35646E-1 1.03864E-1 1.03705E-1 1.09063E-1 1.59108E-1 1.74364E-1 1.22787E-1 1.47217E-1 1.26371E-1 1.0248E-1 1.21843E-1 1.09317E-1 1.05246E-1 1.40576E-1
-9999 -9999 -9999 -9999 -9999 -9999 -9999 -9999 -9999 -9999 -9999 1.38511E-1 0E0 0E0 1.98983E-1 2.36899E-1 1.51709E-1 1.71724E-1 2.14548E-1 1.98105E-1 2.14798E-1 1.66063E-1 1.15569E-1 8.26648E-2 1.95315E-1 1.11409E-1 -9999 1.17142E-1 1.41767E-1 1.49267E-1 1.187E-1 1.77761E-1 1.98528E-1 1.63242E-1 1.30239E-1 1.8528E-1 1.89514E-1 1.57212E-1 1.26726E-1 1.72986E-1 1.13308E-1 1.35065E-1 1.38745E-1 1.54344E-1 1.5533E-1 1.33427E-1 1.45243E-1 1.14587E-1 1.19073E-1 1.13554E-1 1.13594E-1 2.14327E-1 1.61871E-1 1.13035E-1 1.13764E-1 1.50087E-1 1.1316E-1 1.37097E-1 1.19578E-1 1.0117E-1 1.22722E-1
-9999 -9999 -9999 -9999 -9999 -9999 -9999 -9999 -9999 -9999 -9999 7.98556E-2 2.87876E-1 1.81372E-1 1.51122E-1 1.09495E-1 1.24638E-1 1.54594E-1 1.67607E-1 1.95024E-1 1.81327E-1 2.20536E-1 1.69788E-1 7.4503E-2 1.05075E-1 -9999 1.5345E-1 1.60482E-1 2.36327E-1 1.4989E-1 1.98122E-1 1.79853E-1 1.90808E-1 1.99752E-1 1.73206E-1 1.75169E-1 1.89682E-1 8.81683E-2 1.61775E-1 1.54664E-1 1.64612E-1 1.33616E-1 1.45234E-1 1.22837E-1 1.25872E-1 1.24858E-1 1.09742E-1 1.33786E-1 9.60824E-2 1.03114E-1 1.11077E-1 1.61907E-1 1.54497E-1 1.1757E-1 1.0482E-1 1.10137E-1 1.48313E-1 1.5257E-1 1.25732E-1 1.19241E-1 1.24702E-1
-9999 -9999 -9999 -9999 -9999 -9999 -9999 -9999 -9999 -9999 -9999 1.08702E-1 3.02997E-1 0E0 0E0 2.57488E-1 1.39456E-1 -9999 2.00492E-1 2.39363E-1 -9999 2.19379E-1 2.50454E-1 1.49985E-1 1.0433E-1 -9999 1.15774E-1 1.32242E-1 1.92362E-1 1.77932E-1 1.56406E-1 2.45942E-1 1.66716E-1 1.86025E-1 9.25439E-2 2.0133E-1 1.88628E-1 1.89313E-1 1.48915E-1 1.72439E-1 1.73391E-1 1.56134E-1 1.33696E-1 1.3651E-1 1.30853E-1 1.5452E-1 1.32623E-1 1.72823E-1 9.64704E-2 7.69754E-2 8.33403E-2 1.27338E-1 1.56642E-1 1.37646E-1 1.26193E-1 1.13838E-1 1.23384E-1 1.36529E-1 1.24747E-1 1.28042E-1 1.20157E-1
-9999 -9999 -9999 -9999 -9999 -9999 -9999 -9999 -9999 -9999 -9999 1.13671E-1 0E0 0E0 0E0 2.74052E-1 2.16798E-1 -9999 1.79378E-1 1.44082E-1 2.22804E-1 1.56091E-1 2.00703E-1 2.5039E-1 -9999 -9999 1.37618E-1 1.74365E-1 1.4599E-1 2.25868E-1 1.38757E-1 1.29166E-1 1.17075E-1 1.64507E-1 1.2284E-1 2.02155E-1 1.59483E-1 1.5446E-1 1.60234E-1 2.02774E-1 1.74866E-1 1.53023E-1 1.56957E-1 1.26388E-1 1.52371E-1 1.40515E-1 1.61487E-1 1.25309E-1 1.21649E-1 1.40214E-1 1.52565E-1 1.53332E-1 1.451E-1 1.68228E-1 1.20841E-1 1.22021E-1 1.32525E-1 1.51879E-1 1.35186E-1 1.29063E-1 1.14812E-1
-9999 -9999 -9999 -9999 -9999 -9999 -9999 -9999 -9999 -9999 -9999 -9999 2.08189E-1 2.63427E-1 2.94863E-1 2.79612E-1 2.06205E-1 -9999 -9999 -9999 7.77069E-2 -9999 1.81867E-1 1.35437E-1 -9999 1.47002E-1 1.71885E-1 1.97985E-1 1.9212E-1 2.51166E-1 2.2056E-1 1.14091E-1 1.32104E-1 1.36156E-1 1.91191E-1 2.00381E-1 1.62013E-1 2.01526E-1 1.76029E-1 1.27652E-1 1.14548E-1 1.56809E-1 1.09589E-1 1.44074E-1 1.39742E-1 1.30837E-1 2.02613E-1 2.77305E-1 1.73761E-1 1.50173E-1 1.18733E-1 1.22504E-1 1.28574E-1 1.66003E-1 1.75439E-1 1.16243E-1 1.31756E-1 1.29038E-1 1.27279E-1 1.24295E-1 1.26221E-1
-9999 -9999 -9999 -9999 -9999 -9999 -9999 -9999 -9999 -9999 -9999 -9999 1.12088E-1 1.55855E-1 2.83936E-1 2.25888E-1 -9999 1.15927E-1 -9999 -9999 1.67693E-1 1.10042E-1 1.44084E-1 7.52693E-2 -9999 9.82657E-2 1.00314E-1 1.57321E-1 2.30371E-1 2.22027E-1 1.6769E-1 1.42878E-1 2.02028E-1 2.19093E-1 1.77851E-1 1.40406E-1 1.51353E-1 1.68141E-1 2.13781E-1 1.22508E-1 8.46621E-2 1.53596E-1 1.27659E-1 1.495E-1 1.34604E-1 1.51789E-1 1.96865E-1 3.56901E-1 4.18813E-1 2.39805E-1 1.52939E-1 1.47793E-1 1.5837E-1 1.35951E-1 1.20547E-1 1.61055E-1 1.39364E-1 1.2595E-1 1.2902E-1 1.33334E-1 1.27656E-1
-9999 -9999 -9999 -9999 -9999 -9999 -9999 -9999 -9999 -9999 -9999 -9999 -9999 1.08162E-1 2.25817E-1 1.53672E-1 1.58971E-1 1.01908E-1 -9999 1.15476E-1 1.16353E-1 9.15058E-2 8.31145E-2 1.19785E-1 -9999 9.4734E-2 1.15023E-1 1.67416E-1 2.00353E-1 2.32269E-1 2.03147E-1 1.53458E-1 1.80406E-1 1.58265E-1 1.58335E-1 1.36999E-1 1.69185E-1 2.22914E-1 1.51581E-1 1.83803E-1 1.74763E-1 1.84457E-1 1.78629E-1 1.55553E-1 1.59643E-1 1.43664E-1 2.05643E-1 3.8553E-1 3.87777E-1 2.15785E-1 1.63234E-1 1.11789E-1 1.66661E-1 1.58448E-1 1.79951E-1 1.34718E-1 1.43581E-1 1.35369E-1 1.41453E-1 1.37525E-1 1.25548E-1
-9999 -9999 -9999 -9999 -9999 -9999 -9999 -9999 -9999 -9999 -9999 -9999 -9999 4.43216E-2 1.23555E-1 1.70622E-1 1.33969E-1 1.06964E-1 -9999 2.1951E-1 1.18718E-1 1.18697E-1 1.40899E-1 -9999 1.85482E-1 8.00934E-2 8.43068E-2 1.23509E-1 2.11569E-1 2.37694E-1 2.14906E-1 1.86637E-1 1.06056E-1 1.93911E-1 1.0929E-1 1.51642E-1 1.6859E-1 1.53247E-1 2.05798E-1 2.04796E-1 1.72864E-1 2.15569E-1 1.80272E-1 1.52126E-1 1.61903E-1 1.49193E-1 2.07864E-1 1.84258E-1 1.65384E-1 1.5008E-1 1.88113E-1 2.48587E-1 1.41262E-1 1.03212E-1 1.48471E-1 1.42624E-1 1.35899E-1 1.386E-1 1.56456E-1 1.465E-1 1.29349E-1
-9999 -9999 -9999 -9999 -9999 -9999 -9999 -9999 -9999 -9999 -9999 -9999 -9999 4.93465E-2 -9999 -9999 1.16559E-1 -9999 -9999 2.14349E-1 1.49824E-1 1.4725E-1 1.29292E-1 -9999 -9999 9.07275E-2 1.09293E-1 1.66064E-1 2.24769E-1 2.55147E-1 2.38414E-1 2.41868E-1 1.99868E-1 1.6508E-1 1.2063E-1 1.80592E-1 1.26559E-1 1.59569E-1 1.69237E-1 1.58892E-1 1.40557E-1 1.86912E-1 1.60181E-1 1.57784E-1 1.07601E-1 1.70297E-1 1.72969E-1 1.68077E-1 1.55734E-1 1.41797E-1 1.49756E-1 1.94435E-1 1.7095E-1 1.84458E-1 1.7627E-1 1.31712E-1 1.53416E-1 1.34668E-1 1.52412E-1 1.55787E-1 1.38165E-1
-9999 -9999 -9999 -9999 -9999 -9999 -9999 -9999 -9999 -9999 -9999 -9999 -9999 -9999 -9999 -9999 1.09822E-1 -9999 -9999 2.02832E-1 -9999 1.41265E-1 1.15323E-1 -9999 9.71009E-2 1.39509E-1 1.17793E-1 8.73932E-2 1.58561E-1 2.44334E-1 2.01636E-1 1.54878E-1 2.15234E-1 1.29249E-1 1.35614E-1 1.36921E-1 1.18102E-1 9.58528E-2 1.64364E-1 1.7772E-1 1.58816E-1 1.81194E-1 1.78296E-1 1.74591E-1 1.95477E-1 1.63358E-1 1.63138E-1 1.50279E-1 1.89753E-1 1.77604E-1 1.66068E-1 1.87541E-1 1.32532E-1 1.11009E-1 1.37599E-1 1.13584E-1 1.61685E-1 1.6604E-1 1.67878E-1 1.73963E-1 1.59604E-1
-9999 -9999 -9999 -9999 -9999 -9999 -9999 -9999 -9999 -9999 -9999 -9999 -9999 0E0 -9999 8.14106E-2 -9999 -9999 -9999 2.42975E-1 -9999 1.40783E-1 -9999 -9999 1.27815E-1 1.34945E-1 2.30889E-1 2.23448E-1 2.12705E-1 2.52318E-1 1.56593E-1 1.34888E-1 2.22256E-1 1.10654E-1 1.09964E-1 9.10531E-2 1.84426E-1 1.51678E-1 1.21318E-1 1.76131E-1 2.00181E-1 1.9359E-1 1.77942E-1 1.73086E-1 1.81866E-1 1.50562E-1 1.72382E-1 1.58418E-1 1.85809E-1 1.99733E-1 2.15963E-1 2.19281E-1 2.0503E-1 1.74395E-1 1.07494E-1 1.07305E-1 1.6697E-1 1.28817E-1 1.85572E-1 1.71317E-1 1.51571E-1
-9999 -9999 -9999 -9999 -9999 -9999 -9999 -9999 -9999 -9999 -9999 -9999 1.69546E-1 1.10128E-1 8.43518E-2 1.13014E-1 7.42504E-2 8.59629E-2 -9999 -9999 1.01684E-1 1.07028E-1 -9999 -9999 1.0901E-1 1.53047E-1 1.86151E-1 2.00088E-1 2.08901E-1 2.3225E-1 2.24324E-1 1.78485E-1 1.68501E-1 1.15664E-1 1.03022E-1 7.0344E-2 6.71705E-2 1.81002E-1 1.64777E-1 1.50825E-1 1.72168E-1 2.0186E-1 1.73957E-1 1.75471E-1 2.13928E-1 1.61214E-1 1.81129E-1 1.65956E-1 1.75303E-1 2.16403E-1 2.15276E-1 1.72092E-1 1.70986E-1 1.45087E-1 1.80356E-1 1.65338E-1 1.37999E-1 1.26609E-1 1.49447E-1 1.44469E-1 1.64957E-1
-9999 -9999 -9999 -9999 -9999 -9999 -9999 -9999 -9999 -9999 -9999 -9999 1.55889E-1 7.34985E-2 1.03924E-1 1.19993E-1 8.03291E-2 9.75617E-2 1.02991E-1 -9999 -9999 -9999 -9999 -9999 -9999 9.73203E-2 1.87847E-1 1.74735E-1 1.51971E-1 1.78993E-1 1.67688E-1 2.54128E-1 9.3458E-2 1.30224E-1 1.16916E-1 6.68615E-2 1.02636E-1 9.97687E-2 1.58895E-1 1.33961E-1 1.67688E-1 1.93219E-1 1.56703E-1 1.85472E-1 1.66092E-1 1.93886E-1 1.77479E-1 1.52559E-1 2.14373E-1 2.40837E-1 1.54947E-1 1.83801E-1 2.13068E-1 1.20253E-1 1.27513E-1 1.5023E-1 1.32107E-1 1.28862E-1 1.60562E-1 1.46394E-1 1.37091E-1
-9999 -9999 -9999 -9999 -9999 -9999 -9999 -9999 -9999 -9999 -9999 -9999 -9999 9.31306E-2 1.17973E-1 9.42354E-2 9.39253E-2 -9999 1.14585E-1 -9999 -9999 -9999 9.67384E-2 -9999 8.52199E-2 9.15214E-2 1.4953E-1 1.78834E-1 -9999 8.53172E-2 1.09772E-1 1.76269E-1 1.08059E-1 1.44559E-1 1.9089E-1 1.23304E-1 1.38541E-1 1.11615E-1 1.22112E-1 1.26351E-1 1.70974E-1 1.68192E-1 1.80385E-1 1.84758E-1 1.77095E-1 1.99512E-1 1.90171E-1 2.21806E-1 2.28367E-1 2.1838E-1 2.01345E-1 2.10541E-1 1.52394E-1 7.41347E-2 1.32184E-1 2.02066E-1 1.31178E-1 1.34145E-1 1.35542E-1 1.77722E-1 1.76103E-1
-9999 -9999 -9999 -9999 -9999 -9999 -9999 -9999 -9999 -9999 -9999 -9999 -9999 7.80491E-2 8.54389E-2 1.27776E-1 9.21215E-2 7.364E-2 7.43216E-2 9.59714E-2 -9999 -9999 1.19214E-1 -9999 1.3698E-1 1.24963E-1 1.10106E-1 -9999 1.19523E-1 1.39196E-1 1.47454E-1 7.48484E-2 2.37275E-1 1.73017E-1 1.01014E-1 7.00808E-2 8.73231E-2 1.36928E-1 1.19158E-1 1.25066E-1 1.77957E-1 1.41454E-1 1.62362E-1 1.94646E-1 2.22462E-1 2.05479E-1 2.3972E-1 2.36733E-1 2.38158E-1 2.2402E-1 2.00863E-1 2.11796E-1 1.46088E-1 1.58674E-1 1.86949E-1 1.4007E-1 1.36359E-1 1.47125E-1 1.50633E-1 1.62324E-1 1.84186E-1
-9999 -9999 -9999 -9999 -9999 -9999 -9999 -9999 -9999 -9999 -9999 -9999 2.20922E-1 9.38839E-2 9.56213E-2 1.30251E-1 1.09215E-1 -9999 7.59266E-2 1.20517E-1 6.86621E-2 -9999 6.49925E-2 6.45408E-2 -9999 -9999 -9999 1.06865E-1 9.15154E-2 2.00539E-1 1.73282E-1 2.19577E-1 1.52172E-1 8.30313E-2 1.2533E-1 1.51358E-1 1.31608E-1 1.62035E-1 1.0512E-1 9.43994E-2 1.07482E-1 1.66358E-1 1.7193E-1 1.70994E-1 2.23694E-1 2.24148E-1 2.34216E-1 2.09748E-1 1.83318E-1 1.96698E-1 1.49715E-1 1.81293E-1 1.77702E-1 1.19151E-1 1.623E-1 1.06218E-1 1.47467E-1 1.10649E-1 1.59894E-1 2.03431E-1 1.84454E-1
-9999 -9999 -9999 -9999 -9999 -9999 -9999 -9999 -9999 -9999 -9999 -9999 -9999 5.71228E-2 9.38144E-2 -9999 6.87054E-2 -9999 7.89177E-2 -9999 -9999 -9999 6.70673E-2 9.73341E-2 -9999 -9999 1.06554E-1 1.25793E-1 1.02473E-1 1.03095E-1 1.14377E-1 3.04509E-1 1.2554E-1 2.07492E-1 2.11359E-1 1.35225E-1 1.01307E-1 1.44652E-1 9.81245E-2 2.11209E-1 1.83538E-1 1.69987E-1 1.91212E-1 1.66925E-1 1.82919E-1 2.44948E-1 2.01665E-1 1.93158E-1 1.84526E-1 2.23934E-1 2.0596E-1 1.50047E-1 1.51025E-1 1.16714E-1 1.95862E-1 9.16362E-2 8.41196E-2 1.62971E-1 1.52893E-1 2.18495E-1 1.758E-1
-9999 -9999 -9999 -9999 -9999 -9999 -9999 -9999 -9999 -9999 -9999 -9999 -9999 5.4479E-2 9.61271E-2 -9999 6.79623E-2 6.86427E-2 -9999 -9999 -9999 1.14943E-1 9.02431E-2 7.49602E-2 -9999 -9999 1.15566E-1 1.44847E-1 8.26565E-2 1.28711E-1 1.23168E-1 1.19917E-1 1.92615E-1 1.10315E-1 2.1614E-1 2.30021E-1 1.17588E-1 1.25967E-1 2.01617E-1 2.43091E-1 1.76874E-1 1.85747E-1 2.35333E-1 1.71255E-1 1.74185E-1 2.10569E-1 1.94613E-1 1.87412E-1 1.80571E-1 1.44685E-1 1.87538E-1 2.21206E-1 1.81289E-1 9.67131E-2 1.34272E-1 1.26679E-1 1.14837E-1 1.34726E-1 1.4813E-1 1.96378E-1 1.37074E-1
-9999 -9999 -9999 -9999 -9999 -9999 -9999 -9999 -9999 -9999 -9999 -9999 -9999 6.76774E-2 1.05367E-1 -9999 8.97324E-2 6.94682E-2 7.97488E-2 -9999 -9999 1.03833E-1 5.29835E-2 9.29158E-2 -9999 -9999 -9999 1.1167E-1 1.7868E-1 1.33335E-1 1.19081E-1 1.04518E-1 1.05195E-1 1.08295E-1 1.45909E-1 2.09065E-1 1.16964E-1 2.09545E-1 1.71038E-1 1.78795E-1 1.90464E-1 2.21964E-1 2.57805E-1 2.02406E-1 1.78201E-1 2.02244E-1 1.87458E-1 1.95815E-1 1.83885E-1 1.36178E-1 1.55489E-1 1.39159E-1 1.40885E-1 1.16914E-1 1.86305E-1 1.30246E-1 1.44097E-1 9.92859E-2 1.59714E-1 1.25137E-1 1.7854E-1
-9999 -9999 -9999 -9999 -9999 -9999 -9999 -9999 -9999 -9999 -9999 -9999 -9999 1.15409E-1 -9999 8.0887E-2 -9999 9.48376E-2 9.27227E-2 -9999 1.08497E-1 5.48502E-2 7.90505E-2 7.44974E-2 1.15795E-1 -9999 1.04452E-1 1.10208E-1 1.30905E-1 1.58132E-1 1.72831E-1 2.47774E-1 1.50456E-1 1.30217E-1 1.56081E-1 2.08853E-1 1.24881E-1 9.23016E-2 1.02288E-1 1.83705E-1 2.22013E-1 2.16224E-1 2.50361E-1 2.4088E-1 2.03128E-1 1.56112E-1 2.25654E-1 2.54875E-1 1.9729E-1 1.87095E-1 1.48563E-1 2.04323E-1 1.78339E-1 1.84856E-1 1.95992E-1 1.25133E-1 1.12787E-1 1.44851E-1 1.28089E-1 1.2557E-1 7.6408E-2
