Candidate_Models_July82022/M_10_F_lqp_Set_1_cal/Bison.asc
ncols         290
nrows         380
xllcorner     -2197417.7431653
yllcorner     -584827.01486885
cellsize      10000.0
NODATA_value  -9999
[rows 297 to 323 of 380, columns 183 to 243 of 290]
6.21412E-1 6.24077E-1 5.92672E-1 5.78442E-1 5.7888E-1 5.75627E-1 5.7288E-1 5.76728E-1 5.75618E-1 5.82368E-1 5.76128E-1 5.87397E-1 5.86649E-1 5.83747E-1 5.68604E-1 5.63166E-1 5.7588E-1 5.73899E-1 5.65337E-1 5.71966E-1 5.80064E-1 5.58702E-1 5.64658E-1 5.73445E-1 5.6537E-1 5.73863E-1 5.65159E-1 5.66512E-1 5.77496E-1 5.95039E-1 5.82651E-1 5.82861E-1 5.83969E-1 5.86658E-1 5.70861E-1 6.25122E-1 6.08754E-1 5.92809E-1 5.98646E-1 6.16473E-1 5.85665E-1 6.018E-1 6.00711E-1 5.70963E-1 5.54673E-1 5.70571E-1 5.64197E-1 5.62479E-1 5.58141E-1 5.77161E-1 5.60455E-1 5.61538E-1 5.66246E-1 5.54933E-1 5.5019E-1 5.56237E-1 5.54671E-1 5.5157E-1 5.49249E-1 5.41124E-1 5.48979E-1
6.22891E-1 6.21226E-1 5.94392E-1 5.84115E-1 5.74357E-1 5.81937E-1 5.85351E-1 5.84849E-1 5.82866E-1 5.81523E-1 5.72518E-1 5.77622E-1 5.84578E-1 5.82412E-1 5.84255E-1 5.85741E-1 5.73494E-1 5.70315E-1 5.67731E-1 5.76044E-1 5.83398E-1 5.77337E-1 5.71326E-1 5.76342E-1 5.69078E-1 5.80563E-1 5.72666E-1 5.87161E-1 5.85213E-1 6.14865E-1 5.7649E-1 5.871E-1 5.84464E-1 5.72483E-1 5.76514E-1 6.27325E-1 5.8475E-1 5.87047E-1 6.38409E-1 6.26288E-1 6.14804E-1 6.06982E-1 5.93785E-1 6.09487E-1 5.58408E-1 5.60136E-1 5.66246E-1 5.87611E-1 5.57923E-1 5.62905E-1 5.59586E-1 5.6975E-1 5.60402E-1 5.49629E-1 5.52507E-1 5.56343E-1 5.54499E-1 5.4918E-1 5.49745E-1 5.49709E-1 5.48624E-1
6.07892E-1 6.13427E-1 5.94545E-1 5.86982E-1 5.82083E-1 5.87251E-1 5.85554E-1 5.78582E-1 5.89172E-1 5.522E-1 5.71709E-1 5.85466E-1 5.91002E-1 5.86065E-1 5.79479E-1 5.78664E-1 5.76204E-1 5.67784E-1 5.69087E-1 5.72275E-1 5.72809E-1 5.89731E-1 5.83176E-1 5.85495E-1 5.78958E-1 5.7848E-1 5.76047E-1 5.80686E-1 5.74091E-1 6.00658E-1 5.8597E-1 5.89433E-1 5.90663E-1 5.92517E-1 5.77624E-1 5.82973E-1 5.73689E-1 5.75582E-1 6.40655E-1 6.15556E-1 6.24229E-1 6.06291E-1 6.06691E-1 5.91775E-1 5.592E-1 5.70252E-1 5.86832E-1 5.60366E-1 5.6114E-1 5.87151E-1 5.68567E-1 5.51633E-1 5.87084E-1 5.5585E-1 5.57104E-1 5.56428E-1 5.50816E-1 5.49602E-1 5.49698E-1 5.49233E-1 5.77031E-1
5.9097E-1 6.41253E-1 6.07908E-1 5.74666E-1 5.79871E-1 5.80004E-1 5.9096E-1 5.81566E-1 5.82551E-1 5.57417E-1 5.70618E-1 5.93177E-1 5.76732E-1 5.7745E-1 5.91202E-1 6.0533E-1 5.71981E-1 5.73743E-1 5.82623E-1 5.80152E-1 5.75119E-1 5.72819E-1 5.75682E-1 5.78314E-1 5.80829E-1 5.77519E-1 5.82732E-1 5.77846E-1 5.84363E-1 5.97647E-1 5.85562E-1 5.95296E-1 5.90847E-1 5.87695E-1 5.8857E-1 6.05831E-1 5.93106E-1 5.83657E-1 6.33671E-1 5.99867E-1 5.92023E-1 6.21471E-1 5.95206E-1 5.99357E-1 5.67312E-1 5.63732E-1 5.98098E-1 5.68538E-1 5.65801E-1 5.75266E-1 5.92426E-1 5.7813E-1 5.62204E-1 5.60978E-1 5.5518E-1 5.56293E-1 5.54235E-1 5.54296E-1 5.49805E-1 5.49579E-1 5.9844E-1
5.8155E-1 6.31597E-1 6.33246E-1 5.73991E-1 5.79557E-1 5.75715E-1 5.89061E-1 5.89614E-1 5.93688E-1 5.79866E-1 5.79298E-1 5.89511E-1 5.8672E-1 5.98013E-1 5.78651E-1 5.78452E-1 5.80582E-1 5.80663E-1 5.7278E-1 5.88289E-1 5.88958E-1 5.89852E-1 5.80165E-1 5.78517E-1 5.82693E-1 5.70335E-1 5.82061E-1 5.83059E-1 5.67491E-1 5.94017E-1 6.49292E-1 5.90136E-1 5.90309E-1 5.95911E-1 5.83405E-1 5.87206E-1 5.90218E-1 6.10229E-1 6.34037E-1 5.88308E-1 5.84599E-1 6.09569E-1 6.04848E-1 6.09802E-1 5.72252E-1 5.67359E-1 5.67573E-1 5.57832E-1 5.64895E-1 5.75969E-1 5.70035E-1 5.65054E-1 5.71557E-1 5.67044E-1 5.60612E-1 5.81354E-1 5.53843E-1 5.51037E-1 5.49892E-1 5.49915E-1 5.66625E-1
5.80375E-1 5.72608E-1 5.80031E-1 5.82965E-1 5.76665E-1 5.83518E-1 5.86509E-1 5.89852E-1 5.73302E-1 5.71917E-1 5.75883E-1 5.85373E-1 5.83553E-1 5.88307E-1 5.83795E-1 5.78618E-1 5.84963E-1 5.77574E-1 5.67569E-1 5.75687E-1 5.88659E-1 5.90488E-1 5.86356E-1 5.92189E-1 5.79025E-1 5.72473E-1 5.86283E-1 5.34554E-1 5.90705E-1 5.95292E-1 6.39604E-1 5.88423E-1 5.88949E-1 5.81643E-1 5.9664E-1 6.34803E-1 6.46682E-1 5.98772E-1 5.72356E-1 5.92433E-1 6.16781E-1 5.88846E-1 6.0389E-1 5.92607E-1 5.71269E-1 5.64688E-1 5.74672E-1 5.62035E-1 5.68402E-1 5.77038E-1 5.725E-1 5.68663E-1 5.66321E-1 5.70432E-1 5.63303E-1 5.70024E-1 5.52937E-1 5.49539E-1 5.49183E-1 5.50067E-1 5.49293E-1
5.83425E-1 5.79783E-1 5.81867E-1 5.73257E-1 5.80218E-1 5.92717E-1 5.86921E-1 5.83216E-1 5.79276E-1 6.21349E-1 5.94524E-1 5.8658E-1 5.87621E-1 5.8431E-1 5.91356E-1 5.90427E-1 5.90704E-1 5.86887E-1 5.92141E-1 5.84441E-1 5.88624E-1 6.00978E-1 6.32735E-1 5.8688E-1 5.89295E-1 5.72321E-1 5.69242E-1 5.69772E-1 5.78906E-1 5.78282E-1 5.91428E-1 5.93002E-1 5.9454E-1 5.90233E-1 6.09419E-1 6.04918E-1 5.81031E-1 5.93168E-1 5.9107E-1 6.18219E-1 6.37348E-1 6.06061E-1 5.98173E-1 6.18456E-1 5.95532E-1 5.76466E-1 5.75453E-1 5.63126E-1 5.73818E-1 5.70625E-1 5.75515E-1 5.74341E-1 5.73958E-1 5.71592E-1 5.65228E-1 5.59982E-1 5.64891E-1 5.60896E-1 5.65081E-1 5.53737E-1 5.49516E-1
5.75456E-1 5.8326E-1 5.79338E-1 5.89485E-1 5.93243E-1 5.78119E-1 5.83862E-1 5.87328E-1 5.86698E-1 5.81821E-1 5.853E-1 5.92373E-1 5.88812E-1 5.56331E-1 5.86271E-1 5.88965E-1 5.92212E-1 5.90011E-1 5.91587E-1 5.94707E-1 5.8644E-1 5.91055E-1 5.89487E-1 5.82407E-1 5.88028E-1 5.88441E-1 5.816E-1 5.88835E-1 5.89324E-1 5.85452E-1 5.88286E-1 5.84255E-1 6.02575E-1 5.74912E-1 5.8602E-1 5.87939E-1 6.17519E-1 5.95144E-1 6.278E-1 5.82921E-1 5.97545E-1 5.78318E-1 5.96219E-1 6.22879E-1 6.03404E-1 5.77142E-1 5.78358E-1 5.77717E-1 5.66297E-1 5.78183E-1 5.72976E-1 5.72304E-1 5.64589E-1 5.63455E-1 5.70318E-1 5.6726E-1 5.69698E-1 5.92961E-1 5.84209E-1 5.54976E-1 5.49342E-1
5.82652E-1 5.84213E-1 5.88843E-1 6.01052E-1 5.8689E-1 5.84899E-1 5.72907E-1 5.93903E-1 5.96793E-1 5.86796E-1 5.71149E-1 5.7199E-1 5.87147E-1 5.938E-1 5.88185E-1 5.86247E-1 5.86519E-1 5.93558E-1 5.96677E-1 5.95204E-1 5.99218E-1 5.95928E-1 5.90397E-1 5.87568E-1 5.97018E-1 5.82717E-1 5.78848E-1 5.81425E-1 5.93738E-1 5.90149E-1 5.86219E-1 5.83176E-1 5.97147E-1 5.93833E-1 5.93463E-1 5.89188E-1 5.86693E-1 5.94819E-1 6.30396E-1 5.96107E-1 5.90333E-1 6.18425E-1 6.0656E-1 6.06271E-1 6.0805E-1 5.8044E-1 5.83318E-1 5.83857E-1 5.83502E-1 5.81463E-1 5.87938E-1 5.74721E-1 5.89858E-1 5.76639E-1 5.62844E-1 5.65875E-1 5.95378E-1 5.78027E-1 5.63961E-1 5.54551E-1 5.48928E-1
6.0722E-1 5.83783E-1 5.7605E-1 5.78154E-1 6.13971E-1 5.94771E-1 5.81962E-1 5.84906E-1 5.88007E-1 5.8883E-1 5.85316E-1 5.90738E-1 5.92104E-1 5.88281E-1 5.88444E-1 5.89688E-1 5.85585E-1 5.90121E-1 5.899E-1 5.8294E-1 5.94402E-1 5.86049E-1 5.88007E-1 5.95169E-1 5.98368E-1 5.8919E-1 5.79682E-1 5.83756E-1 5.82132E-1 5.70546E-1 5.83118E-1 5.79144E-1 5.94272E-1 5.84194E-1 5.94126E-1 5.97595E-1 5.99595E-1 5.94788E-1 5.87944E-1 6.06493E-1 6.10373E-1 6.1019E-1 6.05206E-1 6.02594E-1 6.2246E-1 5.91492E-1 5.82884E-1 5.82594E-1 5.76531E-1 5.87772E-1 5.82317E-1 5.8135E-1 5.82196E-1 5.76505E-1 5.71631E-1 5.72004E-1 5.91822E-1 6.1029E-1 6.01432E-1 5.54263E-1 5.48612E-1
5.75212E-1 5.8506E-1 5.82486E-1 5.81615E-1 6.17771E-1 6.04032E-1 5.88248E-1 5.85395E-1 5.92084E-1 5.91342E-1 5.88273E-1 5.9422E-1 5.90135E-1 5.82852E-1 5.84938E-1 5.88467E-1 5.93175E-1 5.93238E-1 5.87972E-1 5.97603E-1 5.92917E-1 5.92992E-1 5.95768E-1 5.86115E-1 5.94091E-1 5.91094E-1 5.91856E-1 5.92752E-1 5.87776E-1 5.84829E-1 5.89497E-1 5.99972E-1 5.9095E-1 5.69445E-1 5.87007E-1 5.77324E-1 5.92184E-1 5.84629E-1 5.93716E-1 5.92558E-1 5.99294E-1 6.06005E-1 6.196E-1 6.09554E-1 6.13802E-1 5.97265E-1 5.82946E-1 5.86948E-1 5.84897E-1 5.92413E-1 5.70192E-1 5.81607E-1 6.01881E-1 5.76755E-1 5.76002E-1 5.73826E-1 5.86328E-1 5.72831E-1 5.5921E-1 5.54934E-1 5.49565E-1
5.84382E-1 5.7905E-1 5.86784E-1 5.83883E-1 5.79328E-1 6.03198E-1 5.82949E-1 5.83661E-1 5.80123E-1 5.94182E-1 5.92805E-1 5.94235E-1 5.91407E-1 5.98568E-1 5.93797E-1 5.90548E-1 5.89127E-1 5.89094E-1 5.95155E-1 5.89686E-1 5.88589E-1 5.95323E-1 5.88065E-1 5.87203E-1 5.82002E-1 5.81378E-1 5.89923E-1 5.83719E-1 5.80751E-1 5.60806E-1 5.89392E-1 5.8321E-1 6.02882E-1 5.77364E-1 5.99424E-1 6.02912E-1 5.92347E-1 5.94009E-1 6.02598E-1 6.01554E-1 6.21278E-1 6.18882E-1 6.0136E-1 6.29888E-1 6.22013E-1 6.031E-1 5.82051E-1 5.87888E-1 5.81542E-1 5.89105E-1 5.89169E-1 5.80357E-1 6.11244E-1 5.92095E-1 5.78801E-1 5.78403E-1 5.92774E-1 5.68401E-1 5.79315E-1 5.68732E-1 5.52213E-1
5.76511E-1 5.89239E-1 5.77359E-1 5.78362E-1 5.88155E-1 5.89547E-1 5.86399E-1 5.84264E-1 5.92612E-1 5.87655E-1 5.8779E-1 5.94885E-1 5.91992E-1 5.93162E-1 5.94529E-1 5.93735E-1 5.78793E-1 5.92566E-1 5.85566E-1 5.86376E-1 5.86499E-1 5.90742E-1 5.91902E-1 6.03064E-1 5.91553E-1 5.92817E-1 5.83208E-1 5.86248E-1 5.85608E-1 5.97823E-1 5.93198E-1 6.18782E-1 5.94146E-1 5.83104E-1 6.03534E-1 6.04591E-1 6.06297E-1 5.93782E-1 5.93699E-1 6.12605E-1 6.25572E-1 6.59151E-1 6.09563E-1 6.13716E-1 6.23139E-1 6.01314E-1 5.8347E-1 5.88091E-1 5.82201E-1 5.8096E-1 5.81544E-1 5.85468E-1 6.07922E-1 5.88287E-1 5.86474E-1 5.9097E-1 5.79847E-1 5.79796E-1 6.03046E-1 6.10885E-1 6.07307E-1
5.87981E-1 5.94555E-1 6.33334E-1 5.75261E-1 5.94479E-1 5.77911E-1 5.85496E-1 5.87993E-1 5.82771E-1 5.88911E-1 5.97198E-1 6.1217E-1 5.92004E-1 5.85389E-1 5.89467E-1 5.81408E-1 5.89239E-1 5.90235E-1 5.91101E-1 5.9366E-1 5.82377E-1 5.92858E-1 5.83798E-1 5.80972E-1 5.80201E-1 5.87722E-1 5.78935E-1 5.9157E-1 5.9069E-1 5.99216E-1 5.8526E-1 6.01407E-1 6.42043E-1 5.79636E-1 5.89561E-1 5.934E-1 6.10432E-1 5.97447E-1 6.11366E-1 6.09685E-1 6.26307E-1 6.15024E-1 6.31397E-1 6.21226E-1 6.19747E-1 5.72794E-1 5.85232E-1 5.84959E-1 5.8313E-1 5.80275E-1 5.81221E-1 6.20788E-1 6.37172E-1 6.15713E-1 5.78504E-1 5.75688E-1 5.83689E-1 5.87885E-1 6.01794E-1 5.72857E-1 5.7761E-1
5.90283E-1 6.45351E-1 6.5346E-1 6.01468E-1 5.90813E-1 5.79222E-1 5.7744E-1 5.92491E-1 5.85516E-1 6.232E-1 5.74442E-1 5.9345E-1 5.90579E-1 5.91107E-1 5.88318E-1 5.79081E-1 5.8728E-1 6.00117E-1 5.8817E-1 5.94491E-1 5.95305E-1 5.93949E-1 5.91856E-1 5.96121E-1 6.02376E-1 5.99308E-1 6.05649E-1 5.95417E-1 5.96964E-1 5.97813E-1 5.98451E-1 5.97716E-1 6.36099E-1 6.42679E-1 6.18109E-1 5.95198E-1 6.06129E-1 6.05747E-1 5.9503E-1 5.9701E-1 6.06162E-1 5.96522E-1 6.20108E-1 6.23785E-1 6.04541E-1 5.84153E-1 5.89092E-1 5.8482E-1 5.79952E-1 5.87722E-1 5.93641E-1 6.33662E-1 6.08112E-1 6.39542E-1 5.81086E-1 5.66266E-1 5.94866E-1 5.66275E-1 5.84266E-1 5.77972E-1 5.73691E-1
6.33181E-1 6.1607E-1 5.85812E-1 6.15762E-1 6.10523E-1 5.933E-1 5.73108E-1 5.85968E-1 5.87714E-1 5.73171E-1 5.92519E-1 5.8551E-1 5.86942E-1 5.96934E-1 5.96955E-1 5.88599E-1 5.85328E-1 5.80174E-1 5.94012E-1 5.97717E-1 5.9235E-1 6.00204E-1 5.95865E-1 5.94889E-1 5.99417E-1 5.91967E-1 5.94847E-1 5.89971E-1 5.93554E-1 5.93655E-1 5.92397E-1 5.96922E-1 5.96055E-1 6.35715E-1 5.88082E-1 5.92703E-1 5.9833E-1 6.05821E-1 6.04483E-1 5.92233E-1 6.02942E-1 6.08413E-1 6.18639E-1 6.02144E-1 5.97282E-1 5.86221E-1 5.93974E-1 5.83266E-1 5.91089E-1 5.87764E-1 6.37752E-1 6.27584E-1 6.33609E-1 6.12288E-1 5.80546E-1 5.69795E-1 6.27158E-1 5.96887E-1 5.7814E-1 5.68972E-1 5.7556E-1
6.52965E-1 6.7189E-1 6.0156E-1 6.34615E-1 5.97003E-1 5.86861E-1 5.83546E-1 5.86646E-1 5.83192E-1 5.85787E-1 5.88251E-1 5.8674E-1 5.83841E-1 5.90125E-1 5.79384E-1 5.83362E-1 5.97847E-1 5.91276E-1 6.02569E-1 6.18157E-1 5.74486E-1 5.782E-1 5.94355E-1 5.93991E-1 5.98757E-1 5.87326E-1 5.97967E-1 5.68651E-1 5.96186E-1 5.99351E-1 5.94472E-1 5.8804E-1 5.9547E-1 6.23906E-1 6.4877E-1 5.99073E-1 5.93861E-1 6.03721E-1 6.02333E-1 6.03846E-1 6.04834E-1 6.0821E-1 6.07385E-1 6.08653E-1 5.93573E-1 5.89897E-1 5.89834E-1 5.90538E-1 5.96003E-1 6.06112E-1 6.34982E-1 6.42768E-1 6.02121E-1 5.88275E-1 5.73244E-1 6.22555E-1 6.54138E-1 6.32406E-1 6.02368E-1 5.7065E-1 5.69496E-1
6.62593E-1 6.62856E-1 6.18356E-1 6.2295E-1 6.10194E-1 5.84794E-1 5.88098E-1 5.90219E-1 5.94019E-1 5.9699E-1 5.88364E-1 5.79699E-1 5.71589E-1 5.77732E-1 5.78414E-1 5.80286E-1 5.85941E-1 5.8307E-1 5.82443E-1 5.92124E-1 5.73325E-1 5.85578E-1 5.93171E-1 5.84417E-1 5.98991E-1 5.82537E-1 5.85715E-1 5.98257E-1 5.8461E-1 5.53271E-1 5.75286E-1 5.87668E-1 6.1757E-1 6.47881E-1 6.36601E-1 6.07278E-1 6.06078E-1 6.10713E-1 6.09647E-1 6.01227E-1 5.98504E-1 6.02907E-1 6.0596E-1 6.06304E-1 5.93694E-1 5.93324E-1 5.94312E-1 5.86291E-1 5.89546E-1 6.1039E-1 6.07195E-1 6.08293E-1 6.1611E-1 5.81879E-1 5.7675E-1 6.3004E-1 6.46656E-1 6.50508E-1 6.34435E-1 5.62142E-1 5.8069E-1
6.13975E-1 6.11803E-1 5.9175E-1 6.15708E-1 5.87625E-1 5.82841E-1 5.72747E-1 5.78954E-1 5.86135E-1 5.8896E-1 5.9011E-1 5.90926E-1 5.88048E-1 5.87547E-1 5.95496E-1 5.96034E-1 5.8957E-1 6.00236E-1 5.85526E-1 5.94548E-1 5.88774E-1 5.87119E-1 5.86733E-1 5.89031E-1 5.81059E-1 5.96394E-1 5.84551E-1 5.96864E-1 6.00333E-1 6.02793E-1 5.93297E-1 5.90022E-1 6.50705E-1 6.59412E-1 5.97621E-1 5.94954E-1 5.97975E-1 6.01663E-1 5.93988E-1 6.00602E-1 6.01267E-1 6.05244E-1 6.05083E-1 6.07747E-1 5.91424E-1 5.98313E-1 5.93991E-1 5.93481E-1 5.97468E-1 5.94022E-1 6.28813E-1 5.90097E-1 5.9492E-1 5.82558E-1 5.80238E-1 6.48166E-1 6.43543E-1 6.07811E-1 6.13907E-1 5.80818E-1 5.70186E-1
5.98063E-1 5.93031E-1 5.68201E-1 6.09393E-1 6.12425E-1 5.95034E-1 5.97878E-1 6.10632E-1 5.84347E-1 5.89836E-1 5.87242E-1 5.80218E-1 5.91559E-1 5.75344E-1 5.77046E-1 5.89822E-1 5.96121E-1 5.80945E-1 5.88978E-1 5.93839E-1 5.93797E-1 5.87636E-1 5.89693E-1 5.95532E-1 5.8953E-1 5.89299E-1 5.92927E-1 5.97143E-1 5.97689E-1 6.019E-1 6.03066E-1 6.05624E-1 6.05778E-1 6.48945E-1 6.41125E-1 6.08877E-1 6.03835E-1 6.08733E-1 6.12562E-1 6.07239E-1 6.08307E-1 6.01184E-1 6.0937E-1 5.97624E-1 5.9755E-1 5.97866E-1 5.99354E-1 5.9278E-1 6.39766E-1 5.93133E-1 6.32188E-1 5.92413E-1 5.89815E-1 5.82819E-1 6.20942E-1 6.44402E-1 6.5236E-1 6.36624E-1 6.30417E-1 5.96361E-1 5.63485E-1
6.20877E-1 6.07297E-1 6.05058E-1 6.64225E-1 6.36675E-1 5.89929E-1 6.08139E-1 5.95691E-1 5.87376E-1 5.88991E-1 5.86418E-1 5.87411E-1 6.10874E-1 5.85278E-1 5.90726E-1 5.89643E-1 5.88733E-1 5.91441E-1 5.9109E-1 5.84572E-1 5.9272E-1 5.94585E-1 5.90904E-1 5.94757E-1 5.99394E-1 5.98323E-1 5.95545E-1 5.99056E-1 6.01338E-1 5.99636E-1 5.98185E-1 5.98124E-1 5.95935E-1 6.53277E-1 6.5946E-1 6.0171E-1 6.07959E-1 6.0484E-1 6.01839E-1 6.05134E-1 6.07941E-1 6.02171E-1 6.01105E-1 6.02401E-1 5.97049E-1 5.97027E-1 5.96728E-1 5.97642E-1 5.92083E-1 6.19284E-1 5.96364E-1 5.87423E-1 5.90544E-1 5.91982E-1 6.06661E-1 6.31489E-1 6.44071E-1 6.57995E-1 5.90624E-1 5.98487E-1 5.76784E-1
6.24059E-1 6.12774E-1 5.96323E-1 6.09893E-1 6.17942E-1 5.96952E-1 6.57352E-1 6.08155E-1 5.87645E-1 5.81711E-1 5.86585E-1 5.70864E-1 5.83047E-1 5.88529E-1 5.96031E-1 5.93744E-1 5.9494E-1 5.91025E-1 5.84232E-1 5.95309E-1 5.86107E-1 5.88087E-1 5.91919E-1 5.94125E-1 5.8978E-1 5.91335E-1 6.00574E-1 5.97115E-1 5.88407E-1 5.85755E-1 5.83671E-1 5.94198E-1 6.01324E-1 6.13841E-1 6.53201E-1 5.96964E-1 5.95694E-1 6.31414E-1 6.07237E-1 6.13875E-1 6.05251E-1 6.05766E-1 6.012E-1 6.0102E-1 5.96383E-1 6.00838E-1 6.11283E-1 5.96819E-1 5.92175E-1 6.08574E-1 5.9218E-1 5.86183E-1 5.78679E-1 5.90379E-1 6.04651E-1 6.2926E-1 6.46723E-1 6.50877E-1 6.03874E-1 5.88923E-1 6.03965E-1
6.45859E-1 5.97057E-1 5.97279E-1 5.94801E-1 5.98741E-1 5.91092E-1 6.36884E-1 6.42485E-1 6.32551E-1 5.90402E-1 5.87373E-1 5.84067E-1 5.85587E-1 5.85549E-1 5.86355E-1 5.87578E-1 5.83785E-1 5.83015E-1 5.80933E-1 5.86649E-1 5.72987E-1 5.85294E-1 5.80944E-1 5.81901E-1 5.82292E-1 5.62372E-1 5.77949E-1 5.45216E-1 5.69626E-1 5.83792E-1 5.73774E-1 5.98338E-1 5.94295E-1 5.93038E-1 6.60156E-1 6.05667E-1 6.05612E-1 5.99328E-1 6.01469E-1 6.08756E-1 6.08589E-1 6.04605E-1 6.05333E-1 6.02555E-1 5.9578E-1 5.96546E-1 6.076E-1 5.94884E-1 5.98626E-1 5.93405E-1 5.92093E-1 5.91922E-1 5.86838E-1 6.14449E-1 6.39041E-1 6.46285E-1 6.07797E-1 6.00082E-1 5.95698E-1 5.93021E-1 6.09906E-1
6.30575E-1 6.65041E-1 5.94987E-1 6.084E-1 5.94359E-1 6.17293E-1 6.08404E-1 6.43865E-1 5.96418E-1 5.85549E-1 5.75774E-1 5.74214E-1 5.77725E-1 5.82629E-1 5.80702E-1 5.69316E-1 5.86571E-1 5.74568E-1 5.79739E-1 5.90551E-1 5.82347E-1 5.82036E-1 5.88401E-1 5.95888E-1 5.94155E-1 5.83343E-1 5.93011E-1 5.9285E-1 5.84573E-1 5.99782E-1 6.07647E-1 5.91741E-1 5.99293E-1 5.97894E-1 6.53738E-1 5.9825E-1 5.9758E-1 6.08142E-1 6.03529E-1 6.07902E-1 6.07516E-1 6.06854E-1 6.03067E-1 6.0377E-1 6.00255E-1 5.97204E-1 5.95724E-1 5.95837E-1 5.96326E-1 5.96918E-1 5.91518E-1 5.92145E-1 5.89207E-1 6.10304E-1 6.15145E-1 6.20976E-1 6.35701E-1 6.45374E-1 6.1704E-1 5.93684E-1 5.94552E-1
6.5898E-1 6.66835E-1 6.48153E-1 6.31396E-1 6.05419E-1 6.04462E-1 6.00149E-1 6.08424E-1 6.28471E-1 6.01793E-1 5.8546E-1 5.81502E-1 5.89429E-1 5.86638E-1 5.89141E-1 5.90241E-1 5.90932E-1 5.83269E-1 5.81305E-1 5.85511E-1 5.89969E-1 5.88697E-1 5.8516E-1 5.8891E-1 5.89831E-1 5.97961E-1 5.93281E-1 5.91433E-1 6.05962E-1 6.08998E-1 5.89992E-1 6.01885E-1 5.92873E-1 6.57112E-1 6.36143E-1 6.07777E-1 6.10351E-1 6.08186E-1 6.03797E-1 6.04438E-1 6.0472E-1 6.00183E-1 6.06495E-1 6.02836E-1 5.99038E-1 6.00263E-1 6.00142E-1 5.9528E-1 5.94831E-1 5.96578E-1 5.97006E-1 5.90142E-1 5.90494E-1 5.90881E-1 6.26777E-1 6.13499E-1 6.16879E-1 6.55694E-1 6.20804E-1 5.93398E-1 5.90602E-1
6.67703E-1 6.5696E-1 6.60577E-1 6.5187E-1 6.11302E-1 5.79885E-1 6.18781E-1 5.8718E-1 5.84504E-1 6.06017E-1 5.90348E-1 5.70912E-1 5.83263E-1 5.72761E-1 5.84922E-1 5.87027E-1 5.86618E-1 5.8846E-1 5.85689E-1 5.87419E-1 5.84648E-1 5.90921E-1 5.89229E-1 5.90016E-1 5.91427E-1 5.96285E-1 6.00139E-1 5.92594E-1 5.83425E-1 5.95477E-1 5.7662E-1 5.87502E-1 5.89001E-1 6.44501E-1 6.0622E-1 6.04657E-1 6.05871E-1 6.07111E-1 6.11758E-1 6.02391E-1 6.08063E-1 6.04066E-1 6.04508E-1 5.9837E-1 5.9852E-1 6.00112E-1 6.00904E-1 5.93768E-1 5.97359E-1 5.9417E-1 5.9559E-1 5.90114E-1 5.89652E-1 5.89054E-1 6.35208E-1 6.18366E-1 6.14033E-1 6.26119E-1 6.61269E-1 6.4505E-1 5.95972E-1
6.40967E-1 6.29028E-1 6.06979E-1 6.47539E-1 6.39101E-1 6.03114E-1 5.6676E-1 6.2024E-1 5.79617E-1 5.87049E-1 5.7538E-1 5.81355E-1 5.86928E-1 5.82732E-1 5.62106E-1 5.72651E-1 5.70409E-1 5.87866E-1 5.84867E-1 5.87735E-1 5.81058E-1 5.82653E-1 5.88393E-1 5.92703E-1 5.82986E-1 5.88036E-1 5.90832E-1 5.9413E-1 5.79971E-1 6.10359E-1 6.37287E-1 6.42514E-1 6.52385E-1 6.44159E-1 6.04653E-1 6.0769E-1 6.03095E-1 6.10249E-1 6.22718E-1 6.04683E-1 6.0187E-1 6.0475E-1 6.09884E-1 6.05912E-1 6.03126E-1 5.98932E-1 6.03603E-1 6.1073E-1 6.1037E-1 5.95182E-1 5.92219E-1 5.92128E-1 5.938E-1 5.88964E-1 6.28459E-1 6.32439E-1 6.13169E-1 6.08166E-1 6.24219E-1 6.33332E-1 5.96482E-1
