Candidate_Models_July82022/M_10_F_lqp_Set_1_cal/Bison.asc
ncols         290
nrows         380
xllcorner     -2197417.7431653
yllcorner     -584827.01486885
cellsize      10000.0
NODATA_value  -9999
[rows 216 to 242 of 380, columns 61 to 121 of 290]
3.25077E-1 3.56457E-1 2.78407E-1 3.03646E-1 3.0023E-1 2.92848E-1 2.62942E-1 2.79535E-1 2.59791E-1 2.83873E-1 3.51772E-1 2.83311E-1 3.00732E-1 2.08303E-1 1.73436E-1 1.68523E-1 1.78947E-1 1.61271E-1 1.50506E-1 2.62063E-1 1.18869E-1 2.07389E-1 1.26334E-1 2.7097E-1 3.14212E-1 3.2694E-1 1.19442E-1 2.12281E-1 1.53709E-1 2.32479E-1 1.46758E-1 1.45378E-1 2.38743E-1 2.86709E-1 2.25808E-1 2.7105E-1 1.75531E-1 2.31516E-1 1.62759E-1 2.01502E-1 2.29804E-1 2.2824E-1 2.84446E-1 3.23161E-1 2.88905E-1 3.04922E-1 3.06604E-1 2.99246E-1 3.09872E-1 2.98774E-1 3.08209E-1 3.07801E-1 3.43389E-1 3.05679E-1 3.60876E-1 3.54295E-1 4.83962E-1 5.87829E-1 6.54606E-1 6.41395E-1 6.20669E-1
4.06525E-1 3.92627E-1 3.8604E-1 2.71449E-1 3.21353E-1 3.83099E-1 3.07062E-1 3.04569E-1 2.45339E-1 2.91144E-1 4.22593E-1 3.87336E-1 2.88962E-1 2.71862E-1 2.06844E-1 1.50348E-1 1.93632E-1 1.89169E-1 1.75483E-1 1.66792E-1 1.33452E-1 2.73134E-1 1.11508E-1 2.95047E-1 1.91502E-1 2.31375E-1 2.03165E-1 2.8944E-1 1.79461E-1 2.39379E-1 1.84601E-1 3.19327E-1 1.39464E-1 4.26612E-1 2.76421E-1 2.75644E-1 2.54338E-1 1.71707E-1 1.51482E-1 3.25101E-1 2.13037E-1 2.5532E-1 2.60863E-1 2.66169E-1 3.19527E-1 2.837E-1 3.4465E-1 3.33093E-1 2.9753E-1 3.01816E-1 3.14586E-1 3.19202E-1 3.16111E-1 3.21144E-1 3.07532E-1 3.15544E-1 3.26E-1 3.54787E-1 5.42949E-1 6.44514E-1 6.43275E-1
5.19639E-1 4.34056E-1 4.7065E-1 2.61175E-1 3.59271E-1 2.94931E-1 3.64656E-1 3.43456E-1 3.07159E-1 2.31176E-1 3.07879E-1 3.68219E-1 2.52206E-1 2.68229E-1 2.62226E-1 1.93723E-1 2.66126E-1 2.28357E-1 2.30357E-1 2.16715E-1 2.17794E-1 1.52149E-1 1.6075E-1 1.89859E-1 2.39575E-1 1.95688E-1 1.23675E-1 4.58334E-1 2.59756E-1 1.88418E-1 1.86587E-1 1.98689E-1 1.86867E-1 1.5821E-1 2.01634E-1 2.01067E-1 3.26425E-1 1.647E-1 2.14903E-1 2.18519E-1 3.51836E-1 2.34623E-1 2.97472E-1 2.595E-1 2.84366E-1 3.58348E-1 2.92143E-1 3.43813E-1 3.32686E-1 3.03546E-1 3.31303E-1 3.88578E-1 3.79519E-1 3.45928E-1 3.1077E-1 3.25238E-1 3.26014E-1 3.20537E-1 3.9703E-1 6.41822E-1 6.47471E-1
4.99144E-1 2.79285E-1 3.13944E-1 3.03327E-1 3.05235E-1 4.80449E-1 2.85427E-1 2.89241E-1 2.54842E-1 2.24235E-1 2.93062E-1 3.26909E-1 2.48225E-1 2.72293E-1 2.73123E-1 2.64697E-1 2.53609E-1 2.66136E-1 2.23827E-1 1.0441E-1 1.50725E-1 2.17278E-1 1.92678E-1 1.26347E-1 1.56926E-1 1.9894E-1 2.61395E-1 3.90637E-1 1.29966E-1 1.29642E-1 1.98748E-1 1.79418E-1 2.09035E-1 2.39111E-1 1.88974E-1 1.87519E-1 1.88987E-1 2.69277E-1 2.19684E-1 2.47635E-1 2.89846E-1 3.73379E-1 2.69459E-1 2.83268E-1 2.63444E-1 5.50704E-1 4.49358E-1 2.91457E-1 3.05854E-1 3.18915E-1 3.16825E-1 3.4107E-1 3.57639E-1 3.42303E-1 3.29561E-1 3.31819E-1 3.7169E-1 3.58806E-1 5.93267E-1 6.31248E-1 6.537E-1
4.30921E-1 3.12102E-1 3.02097E-1 3.3194E-1 3.45227E-1 4.01736E-1 2.44489E-1 2.62891E-1 1.87205E-1 2.99665E-1 2.98244E-1 3.11603E-1 3.66338E-1 3.38959E-1 2.97446E-1 2.72755E-1 2.78702E-1 1.79762E-1 1.58198E-1 1.87563E-1 1.50708E-1 1.94677E-1 2.42197E-1 1.54556E-1 4.54624E-1 1.81518E-1 2.64381E-1 1.93557E-1 2.66635E-1 2.67599E-1 2.46817E-1 2.0083E-1 2.02253E-1 2.63281E-1 1.56408E-1 2.53272E-1 1.94794E-1 3.2728E-1 2.53975E-1 1.72213E-1 1.4643E-1 2.53064E-1 3.40837E-1 3.0291E-1 2.33042E-1 2.87922E-1 5.35092E-1 3.30597E-1 3.60818E-1 3.5507E-1 2.87539E-1 3.24414E-1 3.24843E-1 3.05308E-1 3.15047E-1 3.00207E-1 5.35829E-1 4.18265E-1 6.47572E-1 6.41023E-1 6.61615E-1
3.20995E-1 2.76802E-1 2.57525E-1 3.13328E-1 3.44887E-1 3.01462E-1 3.42098E-1 3.09807E-1 1.73079E-1 2.60268E-1 2.98664E-1 3.0029E-1 3.49218E-1 3.78276E-1 2.83222E-1 2.48892E-1 2.48232E-1 1.967E-1 1.63554E-1 2.32574E-1 1.82045E-1 2.00014E-1 1.36004E-1 2.01384E-1 1.2087E-1 9.4885E-2 2.00811E-1 1.17148E-1 1.67593E-1 2.00717E-1 1.65801E-1 1.06865E-1 1.65803E-1 2.11022E-1 1.03061E-1 1.98402E-1 3.29946E-1 2.88593E-1 2.23375E-1 3.11129E-1 2.16127E-1 1.70865E-1 1.51062E-1 1.92511E-1 2.98924E-1 2.42368E-1 2.62017E-1 2.90218E-1 3.23347E-1 3.34184E-1 3.20481E-1 2.96299E-1 3.31552E-1 3.08171E-1 3.13084E-1 2.96155E-1 3.53434E-1 5.11782E-1 6.59253E-1 6.22484E-1 6.34649E-1
3.85592E-1 3.14808E-1 4.33527E-1 3.63089E-1 5.21659E-1 3.10662E-1 4.48776E-1 4.41832E-1 2.33142E-1 2.77877E-1 4.02782E-1 3.44523E-1 3.59063E-1 3.3062E-1 3.22702E-1 2.99937E-1 3.21768E-1 2.34599E-1 1.93351E-1 1.34721E-1 2.15843E-1 1.2062E-1 1.60313E-1 1.27557E-1 1.47988E-1 2.56434E-1 2.337E-1 1.49027E-1 3.18547E-1 1.21657E-1 1.63861E-1 2.05363E-1 1.73923E-1 1.70406E-1 2.48032E-1 2.32872E-1 2.27107E-1 2.47916E-1 2.06862E-1 2.17389E-1 2.53985E-1 2.78585E-1 1.67055E-1 2.03527E-1 2.42625E-1 2.59645E-1 2.50642E-1 2.59454E-1 3.00895E-1 3.59825E-1 3.39926E-1 2.99672E-1 3.25774E-1 3.01023E-1 3.18074E-1 3.16487E-1 3.07778E-1 2.89027E-1 4.26577E-1 6.61954E-1 6.41895E-1
3.40686E-1 3.17096E-1 4.17023E-1 4.47485E-1 2.68388E-1 3.20008E-1 4.6336E-1 3.09455E-1 3.33235E-1 2.85805E-1 3.09791E-1 3.00137E-1 3.81363E-1 2.98736E-1 2.82305E-1 3.43366E-1 2.77774E-1 2.34164E-1 1.8735E-1 2.25328E-1 1.37647E-1 1.67014E-1 2.03161E-1 1.84294E-1 1.78821E-1 2.10905E-1 1.47772E-1 2.76721E-1 1.52373E-1 1.11614E-1 1.41619E-1 2.58958E-1 1.86626E-1 1.28122E-1 1.63251E-1 2.5563E-1 2.02217E-1 1.48186E-1 1.56996E-1 2.16511E-1 2.39463E-1 2.5552E-1 3.01972E-1 3.23756E-1 3.42387E-1 2.65989E-1 2.51433E-1 2.62939E-1 2.96495E-1 3.01781E-1 3.23512E-1 3.34901E-1 3.28413E-1 3.16497E-1 3.09774E-1 3.09225E-1 2.84699E-1 3.19786E-1 6.33293E-1 6.50329E-1 6.41705E-1
2.92612E-1 3.28099E-1 2.83961E-1 3.22125E-1 4.50254E-1 2.91622E-1 4.57925E-1 4.28987E-1 3.05315E-1 2.98468E-1 2.94185E-1 2.94771E-1 3.45193E-1 3.4068E-1 3.41165E-1 2.57125E-1 2.89443E-1 2.18378E-1 1.98415E-1 1.5362E-1 1.94042E-1 2.35052E-1 2.0073E-1 2.30426E-1 1.71647E-1 1.54558E-1 1.71242E-1 2.41603E-1 2.05499E-1 1.66725E-1 3.98319E-1 3.39812E-1 1.24741E-1 9.73844E-2 7.66991E-2 2.29726E-1 1.34732E-1 3.04909E-1 3.06322E-1 1.77453E-1 2.22908E-1 2.54082E-1 3.66335E-1 3.18683E-1 2.38822E-1 1.93036E-1 2.48918E-1 2.78144E-1 2.4055E-1 2.59532E-1 3.20332E-1 3.19573E-1 3.13409E-1 3.26404E-1 2.84954E-1 2.91904E-1 3.06559E-1 3.10333E-1 6.23227E-1 6.73371E-1 6.5959E-1
3.11369E-1 3.05778E-1 2.91653E-1 3.52095E-1 3.20455E-1 2.689E-1 3.04681E-1 3.25507E-1 3.1349E-1 3.26888E-1 3.16419E-1 3.0333E-1 2.99106E-1 2.94051E-1 2.91639E-1 2.37118E-1 2.30831E-1 2.49407E-1 2.15908E-1 2.2919E-1 1.96848E-1 2.18893E-1 2.30185E-1 1.99091E-1 1.72493E-1 2.0902E-1 1.17774E-1 1.83591E-1 2.22934E-1 2.56243E-1 1.42319E-1 1.8733E-1 2.28817E-1 1.97162E-1 2.16191E-1 2.49463E-1 1.88223E-1 2.58983E-1 3.73206E-1 1.84245E-1 1.84585E-1 1.89408E-1 2.90722E-1 3.665E-1 1.86871E-1 2.19705E-1 2.71303E-1 2.65864E-1 2.32184E-1 2.79955E-1 2.80251E-1 2.96303E-1 3.03747E-1 3.22147E-1 3.11227E-1 3.13403E-1 3.14333E-1 3.06682E-1 3.15354E-1 3.26953E-1 3.50983E-1
3.12572E-1 2.79024E-1 3.3047E-1 2.84218E-1 3.00931E-1 4.3364E-1 3.87165E-1 3.91971E-1 3.08497E-1 3.49062E-1 3.13341E-1 3.024E-1 3.14044E-1 3.00523E-1 2.55198E-1 2.68797E-1 2.16488E-1 2.26358E-1 2.15387E-1 1.9795E-1 1.49051E-1 1.88909E-1 2.39137E-1 1.94155E-1 2.70363E-1 2.07751E-1 1.73606E-1 1.95062E-1 9.9954E-2 1.65196E-1 1.5334E-1 3.35993E-1 1.27352E-1 1.40351E-1 2.27281E-1 2.12996E-1 1.38768E-1 1.58847E-1 2.37553E-1 2.58464E-1 2.29583E-1 1.92529E-1 3.11851E-1 2.30047E-1 2.29824E-1 2.33846E-1 2.68643E-1 2.5702E-1 2.91329E-1 3.26463E-1 3.73972E-1 3.7115E-1 3.18132E-1 3.1807E-1 3.18033E-1 3.15848E-1 3.06731E-1 2.96756E-1 3.89645E-1 4.5546E-1 4.81276E-1
3.12441E-1 2.85687E-1 2.90358E-1 2.93527E-1 2.27821E-1 2.98967E-1 3.17204E-1 2.81605E-1 2.95598E-1 3.08155E-1 3.38624E-1 3.03446E-1 2.89813E-1 3.20098E-1 2.99357E-1 2.53989E-1 2.39483E-1 2.20636E-1 2.33482E-1 2.76243E-1 2.75354E-1 2.61538E-1 1.41761E-1 3.11205E-1 3.03834E-1 1.79386E-1 2.48584E-1 2.00951E-1 2.6869E-1 1.2489E-1 2.09416E-1 2.46114E-1 2.84321E-1 2.76123E-1 1.96399E-1 1.48683E-1 2.94148E-1 2.53653E-1 2.68991E-1 2.26696E-1 2.39651E-1 2.08057E-1 3.3604E-1 2.41564E-1 3.85516E-1 2.19669E-1 2.57759E-1 2.34682E-1 2.36822E-1 3.23254E-1 2.43385E-1 3.25661E-1 3.40094E-1 3.2914E-1 3.07625E-1 3.37432E-1 3.17681E-1 3.423E-1 3.69578E-1 4.50934E-1 6.73369E-1
2.99455E-1 2.82892E-1 3.49581E-1 2.08508E-1 2.73931E-1 3.39264E-1 2.77357E-1 2.06034E-1 3.08653E-1 4.08566E-1 3.16635E-1 3.61639E-1 3.45936E-1 2.67049E-1 3.00798E-1 2.94524E-1 2.34361E-1 2.18774E-1 2.49421E-1 1.89756E-1 2.35247E-1 2.88569E-1 1.89453E-1 2.01748E-1 2.38675E-1 1.82947E-1 2.83542E-1 1.38977E-1 2.93151E-1 1.7171E-1 1.49955E-1 2.61404E-1 1.40323E-1 2.65065E-1 1.85857E-1 3.00914E-1 1.64866E-1 1.66426E-1 2.89532E-1 2.2867E-1 2.10995E-1 1.98682E-1 3.00234E-1 3.29663E-1 2.8725E-1 3.3116E-1 3.33064E-1 1.74289E-1 2.90114E-1 2.77692E-1 2.70692E-1 2.07651E-1 3.20439E-1 3.02184E-1 3.30283E-1 3.32709E-1 3.23041E-1 5.55459E-1 6.1768E-1 6.31407E-1 6.71566E-1
3.62887E-1 2.63866E-1 2.85913E-1 2.56723E-1 2.59624E-1 2.15204E-1 3.14143E-1 3.25275E-1 3.0893E-1 3.51824E-1 3.42833E-1 2.92187E-1 2.83476E-1 2.80227E-1 2.89933E-1 3.07333E-1 2.67738E-1 2.15321E-1 2.36029E-1 2.18958E-1 2.68209E-1 2.50063E-1 2.13576E-1 2.35946E-1 1.68679E-1 2.31274E-1 1.89022E-1 1.50495E-1 1.07028E-1 2.49811E-1 1.35391E-1 2.94189E-1 1.44678E-1 2.68229E-1 2.55991E-1 1.54286E-1 1.71079E-1 2.42101E-1 1.89877E-1 1.80429E-1 2.96738E-1 5.13182E-1 3.24491E-1 2.76702E-1 2.46288E-1 3.07486E-1 1.96169E-1 2.10541E-1 1.88424E-1 2.80742E-1 2.87282E-1 2.70357E-1 2.87013E-1 3.14155E-1 2.86765E-1 3.53998E-1 3.94046E-1 5.87288E-1 6.61766E-1 6.52268E-1 6.6332E-1
2.9434E-1 2.19215E-1 2.36121E-1 2.90146E-1 2.41709E-1 2.77101E-1 2.96614E-1 3.05397E-1 2.15286E-1 3.59344E-1 3.23566E-1 3.23945E-1 3.11838E-1 3.01045E-1 2.92393E-1 3.01085E-1 2.90364E-1 2.582E-1 2.42617E-1 2.59233E-1 1.85895E-1 1.99226E-1 1.67907E-1 1.68917E-1 1.91133E-1 2.3072E-1 1.58283E-1 2.87245E-1 1.41016E-1 3.06292E-1 9.38308E-2 1.23835E-1 1.26369E-1 1.54985E-1 1.46224E-1 1.20282E-1 1.68909E-1 1.58628E-1 1.3711E-1 2.05312E-1 1.02246E-1 2.80023E-1 2.20135E-1 2.10972E-1 3.44579E-1 3.01418E-1 1.57006E-1 2.53491E-1 2.63678E-1 2.8346E-1 2.48359E-1 2.50759E-1 2.65915E-1 3.34257E-1 3.27706E-1 4.11284E-1 5.74076E-1 6.66206E-1 6.52517E-1 6.20567E-1 6.18606E-1
2.72637E-1 1.81103E-1 2.37931E-1 1.76728E-1 2.53528E-1 2.26399E-1 1.76868E-1 2.41762E-1 2.15958E-1 3.18187E-1 3.50566E-1 3.29088E-1 3.20274E-1 2.44526E-1 2.84789E-1 3.02036E-1 2.60737E-1 2.47027E-1 1.45049E-1 1.91173E-1 7.88256E-2 1.84504E-1 2.13477E-1 2.07216E-1 2.10271E-1 2.78224E-1 3.00852E-1 1.77143E-1 1.95853E-1 -9999 1.53412E-1 1.39607E-1 1.3958E-1 2.20233E-1 2.99139E-1 1.13884E-1 2.39018E-1 2.65693E-1 2.81893E-1 2.13691E-1 1.77417E-1 2.19534E-1 2.2912E-1 2.00795E-1 2.85299E-1 2.05563E-1 3.32825E-1 2.11891E-1 3.04139E-1 3.1885E-1 3.34112E-1 2.8115E-1 2.69247E-1 2.89032E-1 3.2551E-1 3.87858E-1 5.92121E-1 6.74382E-1 6.73687E-1 6.30237E-1 5.96794E-1
2.18077E-1 1.34306E-1 2.84548E-1 2.16083E-1 1.41349E-1 1.49712E-1 1.30059E-1 2.11587E-1 2.57076E-1 3.06252E-1 3.26886E-1 2.7428E-1 1.92877E-1 2.4613E-1 2.68409E-1 2.50571E-1 2.50341E-1 2.7779E-1 2.96904E-1 2.86823E-1 7.03673E-2 3.30134E-1 2.11502E-1 2.00257E-1 2.19209E-1 1.31392E-1 1.41967E-1 1.1366E-1 2.38049E-1 2.58961E-1 7.34954E-2 1.50706E-1 1.68057E-1 2.28067E-1 1.98868E-1 2.40236E-1 3.14615E-1 1.87023E-1 2.21926E-1 1.14693E-1 1.33526E-1 3.28063E-1 2.99911E-1 2.11591E-1 1.77648E-1 2.39277E-1 2.20483E-1 2.35804E-1 3.00959E-1 2.58956E-1 2.94451E-1 3.59919E-1 3.57949E-1 3.46863E-1 4.00046E-1 3.58746E-1 3.78007E-1 6.54543E-1 6.78549E-1 6.77813E-1 6.15059E-1
1.34325E-1 1.88214E-1 1.24228E-1 2.65325E-1 1.49947E-1 2.38399E-1 1.94188E-1 1.6537E-1 2.28341E-1 1.87337E-1 1.97216E-1 2.98147E-1 1.94547E-1 2.8563E-1 2.62905E-1 3.08803E-1 3.27757E-1 2.42855E-1 3.17313E-1 2.61017E-1 2.52893E-1 2.68032E-1 3.07714E-1 8.77216E-2 1.69171E-1 1.62954E-1 2.52562E-1 2.45483E-1 2.6628E-1 3.29156E-1 1.44798E-1 1.66838E-1 1.85763E-1 5.76254E-2 1.00916E-1 2.66915E-1 3.48324E-1 1.19095E-1 1.92943E-1 1.55627E-1 1.86283E-1 1.84934E-1 2.33392E-1 2.72063E-1 2.45824E-1 3.2971E-1 2.28854E-1 2.61986E-1 3.39721E-1 3.09111E-1 3.37585E-1 2.77407E-1 2.53264E-1 3.15054E-1 3.05758E-1 4.35871E-1 4.72973E-1 6.40641E-1 6.65154E-1 6.70691E-1 6.40471E-1
1.11567E-1 2.84361E-1 1.27347E-1 1.84887E-1 1.82939E-1 1.28829E-1 2.71301E-1 3.08862E-1 2.47598E-1 2.23966E-1 1.93706E-1 2.74101E-1 2.70296E-1 3.26237E-1 1.6943E-1 2.91392E-1 2.89844E-1 2.78972E-1 3.22037E-1 2.57093E-1 1.87467E-1 1.24184E-1 1.81744E-1 2.13466E-1 1.58588E-1 1.67988E-1 1.0243E-1 2.9205E-1 1.01005E-1 2.40043E-1 3.34196E-1 1.82177E-1 5.57193E-2 3.14991E-1 8.13988E-2 2.92414E-1 3.06081E-1 2.39131E-1 2.03413E-1 2.72401E-1 1.20548E-1 1.31572E-1 3.98974E-1 4.52435E-1 2.69565E-1 2.77629E-1 1.97132E-1 2.87268E-1 3.39861E-1 2.06002E-1 2.85059E-1 2.71512E-1 2.67493E-1 2.47374E-1 2.27169E-1 3.59951E-1 4.65184E-1 4.25855E-1 6.32252E-1 6.83161E-1 6.62364E-1
2.40708E-1 2.73018E-1 3.10725E-1 2.99982E-1 7.45638E-2 1.30116E-1 2.69479E-1 2.6823E-1 3.03788E-1 2.22865E-1 2.7341E-1 2.77492E-1 2.36504E-1 1.86789E-1 2.74605E-1 2.65526E-1 2.83414E-1 3.0805E-1 3.93208E-1 3.40659E-1 2.48622E-1 2.55996E-1 2.49145E-1 2.41786E-1 1.91035E-1 2.39366E-1 1.20972E-1 1.13064E-1 1.05159E-1 1.60278E-1 3.1511E-1 1.40879E-1 2.27311E-1 1.50873E-1 1.644E-1 2.5586E-1 2.41432E-1 1.70919E-1 2.19916E-1 2.04371E-1 2.06983E-1 1.52688E-1 1.95152E-1 1.75401E-1 2.69288E-1 2.61609E-1 3.32002E-1 2.79819E-1 3.13384E-1 4.20986E-1 3.18166E-1 3.119E-1 2.57403E-1 2.85489E-1 3.71521E-1 4.06996E-1 5.29728E-1 5.6069E-1 6.79676E-1 6.63543E-1 6.42657E-1
1.48176E-1 1.99544E-1 1.15611E-1 1.37085E-1 1.30907E-1 3.83341E-1 9.91603E-2 2.06413E-1 2.34521E-1 2.95473E-1 2.60802E-1 2.18847E-1 2.23253E-1 1.33301E-1 3.0132E-1 2.96172E-1 3.2607E-1 2.98615E-1 1.59079E-1 3.49266E-1 3.47982E-1 1.31793E-1 1.35014E-1 1.36767E-1 1.42391E-1 2.61101E-1 2.39894E-1 1.97179E-1 1.03898E-1 2.02958E-1 2.71173E-1 1.02127E-1 1.44383E-1 1.86746E-1 1.57599E-1 2.40847E-1 2.66289E-1 1.77444E-1 1.89054E-1 2.00042E-1 2.58219E-1 2.16874E-1 1.15381E-1 1.77677E-1 3.50677E-1 3.2699E-1 2.39262E-1 3.08702E-1 3.03357E-1 2.42705E-1 2.64167E-1 3.38171E-1 2.75444E-1 4.70643E-1 5.12742E-1 5.61501E-1 5.34172E-1 6.75847E-1 6.80626E-1 6.5774E-1 6.09615E-1
1.78684E-1 9.47233E-2 2.23557E-1 -9999 8.85031E-2 9.09446E-2 1.67774E-1 2.45054E-1 3.86885E-1 4.04172E-1 4.62538E-1 2.86544E-1 4.32333E-1 3.01411E-1 2.31863E-1 3.06096E-1 2.68736E-1 1.93048E-1 2.00766E-1 2.066E-1 2.00382E-1 1.41709E-1 1.90113E-1 2.90463E-1 9.6134E-2 2.46361E-1 3.05679E-1 1.20189E-1 1.45923E-1 7.34139E-2 3.05377E-1 1.2337E-1 1.05577E-1 9.7028E-2 3.45222E-1 1.44036E-1 1.50948E-1 3.16219E-1 1.15237E-1 2.86936E-1 2.39131E-1 2.04403E-1 2.17456E-1 2.19752E-1 2.06619E-1 3.65617E-1 2.19284E-1 2.44271E-1 2.67052E-1 2.95733E-1 3.42259E-1 2.45671E-1 3.30223E-1 4.41814E-1 3.62751E-1 5.5703E-1 3.97264E-1 6.7613E-1 6.6251E-1 6.32041E-1 5.82099E-1
3.96554E-1 2.6554E-1 1.18222E-1 1.24172E-1 2.02795E-1 2.81047E-1 8.22094E-2 2.54497E-1 2.30354E-1 4.46545E-1 4.04339E-1 3.14457E-1 4.75307E-1 3.37512E-1 2.22383E-1 2.77838E-1 3.98903E-1 3.40025E-1 2.6094E-1 2.03951E-1 1.91727E-1 1.33085E-1 1.71125E-1 1.16536E-1 1.82053E-1 2.09621E-1 1.43447E-1 1.29742E-1 2.08761E-1 1.5788E-1 2.40413E-1 7.01061E-2 1.80944E-1 1.3612E-1 1.50134E-1 8.58842E-2 8.66375E-2 1.37934E-1 1.28507E-1 2.93939E-1 1.89976E-1 2.25587E-1 2.30259E-1 2.40239E-1 1.81427E-1 1.98345E-1 2.67227E-1 2.66999E-1 3.26406E-1 3.90521E-1 3.33697E-1 2.79653E-1 3.26581E-1 3.46054E-1 3.78261E-1 5.39278E-1 4.89756E-1 4.80826E-1 6.4932E-1 6.03171E-1 5.81853E-1
1.9038E-1 2.57231E-1 1.50343E-1 1.70499E-1 3.21884E-1 1.60259E-1 1.38777E-1 1.81705E-1 2.22311E-1 2.12514E-1 3.21734E-1 3.33039E-1 2.93285E-1 2.98319E-1 3.80301E-1 4.01603E-1 5.04086E-1 5.32153E-1 2.04717E-1 3.00362E-1 3.73022E-1 2.22727E-1 1.37401E-1 2.68731E-1 2.26241E-1 2.16489E-1 1.65453E-1 2.71949E-1 1.77119E-1 1.30341E-1 1.41359E-1 8.34496E-2 1.05896E-1 2.19978E-1 6.94529E-2 1.81382E-1 2.04269E-1 1.89442E-1 1.42217E-1 2.61689E-1 1.62147E-1 2.43211E-1 1.13052E-1 1.01405E-1 1.06918E-1 1.89153E-1 1.47505E-1 3.19845E-1 3.35876E-1 2.97475E-1 2.8446E-1 3.40062E-1 2.75797E-1 3.17267E-1 2.99867E-1 5.3493E-1 6.0158E-1 5.03708E-1 6.54366E-1 5.74636E-1 5.89433E-1
1.04168E-1 1.17181E-1 1.9697E-1 1.77822E-1 1.30316E-1 3.45028E-1 1.37078E-1 2.13217E-1 1.33992E-1 1.68143E-1 3.26741E-1 2.99472E-1 3.22162E-1 3.1876E-1 3.2377E-1 4.07435E-1 4.59115E-1 3.35283E-1 3.70664E-1 3.27078E-1 3.4266E-1 1.7499E-1 1.77431E-1 1.65814E-1 2.22187E-1 1.93183E-1 1.59865E-1 1.38463E-1 1.58868E-1 2.69552E-1 7.88988E-2 1.26946E-1 1.78328E-1 1.56595E-1 2.32157E-1 3.24216E-1 9.43339E-2 3.37874E-1 1.84511E-1 2.75474E-1 1.8181E-1 1.7636E-1 2.02231E-1 1.74118E-1 1.87028E-1 2.50845E-1 3.02336E-1 1.79361E-1 2.03354E-1 2.82196E-1 2.51816E-1 3.06824E-1 3.44436E-1 2.64477E-1 3.54796E-1 3.99346E-1 5.54551E-1 4.93744E-1 6.19871E-1 5.77224E-1 5.78495E-1
1.01382E-1 2.46402E-1 2.27584E-1 1.44278E-1 1.56578E-1 1.69059E-1 1.6598E-1 1.32261E-1 2.20698E-1 1.54097E-1 2.82456E-1 4.0638E-1 3.20468E-1 2.67048E-1 3.18644E-1 3.15155E-1 5.69919E-1 2.90116E-1 3.11572E-1 3.05351E-1 2.65459E-1 1.97659E-1 3.00604E-1 2.66986E-1 1.93963E-1 1.97366E-1 2.11356E-1 2.6436E-1 1.97689E-1 1.20949E-1 1.16038E-1 1.83702E-1 1.95586E-1 3.17246E-1 8.9444E-2 2.55508E-1 1.88212E-1 1.23989E-1 2.31009E-1 3.22988E-1 2.09367E-1 1.2118E-1 2.58995E-1 2.36284E-1 1.72014E-1 3.3942E-1 3.17373E-1 4.04748E-1 2.20896E-1 2.29944E-1 2.72152E-1 1.77575E-1 2.82448E-1 2.42274E-1 3.83014E-1 3.84912E-1 4.49166E-1 6.63066E-1 6.60453E-1 5.84429E-1 5.8296E-1
2.6823E-1 1.73244E-1 3.22356E-1 1.38798E-1 3.25328E-1 2.28267E-1 1.73796E-1 1.13709E-1 1.80804E-1 1.98651E-1 2.27445E-1 2.86884E-1 2.38872E-1 2.82057E-1 3.19811E-1 3.0675E-1 4.89463E-1 2.92756E-1 3.20962E-1 2.37764E-1 2.43256E-1 1.80108E-1 3.22716E-1 2.946E-1 3.23089E-1 2.03447E-1 2.1469E-1 1.52022E-1 8.89172E-2 1.92521E-1 1.46136E-1 1.8851E-1 1.47494E-1 1.96218E-1 1.70957E-1 1.0186E-1 1.53993E-1 3.33315E-1 3.33657E-1 -9999 1.80589E-1 1.86051E-1 2.04278E-1 2.55832E-1 2.56511E-1 2.24408E-1 4.16761E-1 4.05222E-1 3.02319E-1 1.71519E-1 1.89619E-1 2.99861E-1 3.60664E-1 2.72466E-1 3.85829E-1 5.31293E-1 6.41723E-1 6.53911E-1 6.1073E-1 5.96508E-1 5.86301E-1
