Candidate_Models_July82022/M_10_F_lqp_Set_1_cal/Bison.asc
ncols         290
nrows         380
xllcorner     -2197417.7431653
yllcorner     -584827.01486885
cellsize      10000.0
NODATA_value  -9999
[rows 135 to 161 of 380, columns 183 to 243 of 290]
9.21925E-2 8.87583E-2 9.63553E-2 8.80048E-2 8.51889E-2 8.65786E-2 8.59998E-2 8.7586E-2 8.86542E-2 8.57046E-2 8.74235E-2 8.83911E-2 8.50462E-2 8.89172E-2 8.48175E-2 8.49286E-2 8.57271E-2 8.62732E-2 8.40459E-2 8.23794E-2 9.90776E-2 9.03989E-2 8.71573E-2 8.51747E-2 8.72105E-2 8.75779E-2 8.33861E-2 8.35445E-2 8.0038E-2 8.36465E-2 8.51831E-2 8.51627E-2 8.65204E-2 8.70636E-2 8.57488E-2 8.56286E-2 8.46491E-2 8.2956E-2 8.20612E-2 8.84921E-2 8.27425E-2 8.22275E-2 8.23935E-2 8.44482E-2 8.33956E-2 8.3869E-2 8.20857E-2 8.39378E-2 8.28076E-2 8.35847E-2 8.38578E-2 9.79533E-2 9.70233E-2 7.98376E-2 8.63053E-2 8.42956E-2 8.57128E-2 8.48712E-2 8.78035E-2 8.37855E-2 8.64926E-2
9.58501E-2 8.89239E-2 8.86261E-2 8.44593E-2 8.49949E-2 8.3387E-2 8.71263E-2 8.68575E-2 8.76786E-2 8.80645E-2 8.86084E-2 8.67624E-2 9.06678E-2 8.53185E-2 8.42741E-2 8.43353E-2 8.78726E-2 8.70052E-2 8.38806E-2 8.48686E-2 8.58778E-2 8.6098E-2 8.59302E-2 8.64373E-2 8.67442E-2 8.26275E-2 8.60193E-2 8.24389E-2 8.4527E-2 8.74374E-2 8.59479E-2 8.96437E-2 8.62948E-2 8.81121E-2 8.60308E-2 8.57837E-2 8.57893E-2 8.31726E-2 8.32166E-2 8.3318E-2 8.22554E-2 8.25791E-2 8.49636E-2 8.42869E-2 8.47804E-2 8.55986E-2 8.58982E-2 8.63651E-2 8.4066E-2 8.3997E-2 8.13621E-2 9.50812E-2 8.9895E-2 8.07232E-2 8.41869E-2 8.27572E-2 8.55388E-2 8.53006E-2 8.7334E-2 8.78005E-2 8.55763E-2
9.69295E-2 1.17813E-1 9.58847E-2 8.52249E-2 8.25771E-2 8.35818E-2 8.71367E-2 8.57255E-2 8.79515E-2 8.6457E-2 8.51197E-2 8.75226E-2 8.62438E-2 8.63865E-2 8.48978E-2 8.30206E-2 8.46934E-2 9.09283E-2 8.49167E-2 8.46968E-2 8.85502E-2 8.70301E-2 8.85838E-2 8.59466E-2 8.45143E-2 8.5677E-2 9.12431E-2 8.74125E-2 8.61803E-2 8.7531E-2 8.76163E-2 8.73741E-2 8.57743E-2 8.7561E-2 8.79822E-2 8.60049E-2 8.63216E-2 8.33614E-2 8.30554E-2 8.32607E-2 8.26112E-2 8.31277E-2 8.34235E-2 8.53552E-2 8.42668E-2 8.70093E-2 8.48811E-2 8.5885E-2 8.48667E-2 8.36937E-2 8.59964E-2 8.55882E-2 8.55178E-2 9.25442E-2 8.55305E-2 8.43286E-2 8.48612E-2 8.29801E-2 8.60015E-2 8.66064E-2 8.89854E-2
1.00696E-1 1.53708E-1 1.53771E-1 8.39681E-2 8.32866E-2 8.24864E-2 8.91526E-2 8.54658E-2 9.17605E-2 8.82641E-2 8.53421E-2 8.88207E-2 8.82129E-2 8.66071E-2 8.65231E-2 8.62572E-2 8.59078E-2 8.55183E-2 8.62484E-2 8.8173E-2 8.50174E-2 8.64499E-2 9.01025E-2 8.75298E-2 8.6955E-2 8.90431E-2 8.74126E-2 8.84247E-2 8.62729E-2 8.8533E-2 1.01199E-1 8.92428E-2 8.75798E-2 8.83958E-2 8.58376E-2 8.76123E-2 8.78056E-2 8.7363E-2 8.51999E-2 8.84329E-2 8.58102E-2 8.46533E-2 8.39474E-2 8.56419E-2 8.70032E-2 8.82303E-2 8.86225E-2 8.80369E-2 8.64038E-2 8.68986E-2 8.70517E-2 8.71764E-2 8.59366E-2 8.89339E-2 1.04063E-1 8.86893E-2 8.46407E-2 8.72338E-2 8.69429E-2 8.77248E-2 9.01297E-2
8.82794E-2 1.25317E-1 1.25142E-1 1.22164E-1 8.9517E-2 8.84972E-2 8.40799E-2 1.0499E-1 8.6389E-2 9.2499E-2 8.77929E-2 9.0432E-2 9.02887E-2 8.72303E-2 8.35017E-2 8.4086E-2 8.62546E-2 9.0601E-2 8.90621E-2 8.36527E-2 8.88301E-2 9.00735E-2 8.87669E-2 8.96184E-2 8.87763E-2 8.85362E-2 8.9388E-2 8.88018E-2 9.31298E-2 1.09912E-1 9.13697E-2 9.05055E-2 8.79844E-2 8.88087E-2 8.57938E-2 8.71986E-2 8.89214E-2 8.86756E-2 8.92941E-2 8.74254E-2 8.67302E-2 8.61939E-2 8.65837E-2 8.83726E-2 8.86777E-2 8.90453E-2 8.88541E-2 8.67909E-2 8.59156E-2 8.92262E-2 8.75172E-2 8.78709E-2 8.76674E-2 9.50468E-2 9.20877E-2 9.1606E-2 9.11109E-2 8.78327E-2 9.03399E-2 9.14993E-2 9.26172E-2
9.27557E-2 8.58375E-2 1.12885E-1 1.07682E-1 1.46813E-1 8.43355E-2 8.34175E-2 8.49054E-2 8.64077E-2 8.52893E-2 8.83221E-2 8.65442E-2 1.14283E-1 8.62371E-2 9.98166E-2 8.46219E-2 8.54593E-2 8.90005E-2 9.28033E-2 8.9367E-2 8.77704E-2 9.49889E-2 9.20019E-2 9.00088E-2 9.06496E-2 8.80944E-2 9.1985E-2 8.9036E-2 1.21451E-1 9.47181E-2 9.29975E-2 8.80237E-2 8.80363E-2 8.91242E-2 8.52006E-2 8.88836E-2 8.91427E-2 8.99994E-2 9.01228E-2 8.82802E-2 8.52937E-2 8.8369E-2 8.68133E-2 8.88833E-2 8.99728E-2 8.83419E-2 9.0194E-2 9.23538E-2 9.14076E-2 9.0774E-2 9.23184E-2 8.86492E-2 9.08334E-2 9.17735E-2 8.80633E-2 8.99164E-2 9.08596E-2 9.12535E-2 8.96558E-2 8.91939E-2 9.33738E-2
1.05135E-1 8.64037E-2 8.77142E-2 1.27024E-1 1.5271E-1 1.50975E-1 8.88819E-2 8.63458E-2 8.28207E-2 8.67421E-2 9.08493E-2 1.00607E-1 1.77628E-1 1.11419E-1 9.34204E-2 9.02455E-2 8.88837E-2 9.15415E-2 9.01058E-2 9.47313E-2 9.48922E-2 9.00338E-2 9.55466E-2 8.92601E-2 9.05798E-2 8.89343E-2 9.28679E-2 8.97299E-2 8.77043E-2 1.0167E-1 8.73974E-2 8.83565E-2 9.15166E-2 8.96765E-2 8.87202E-2 9.07957E-2 8.96875E-2 8.77778E-2 9.00645E-2 8.81081E-2 8.76192E-2 8.60196E-2 8.90735E-2 8.89734E-2 8.85892E-2 9.31087E-2 8.5607E-2 9.09099E-2 9.0176E-2 9.1946E-2 9.11337E-2 9.03113E-2 9.04524E-2 8.96427E-2 9.35839E-2 9.30724E-2 9.03502E-2 9.07203E-2 9.28643E-2 9.31895E-2 9.42834E-2
1.23606E-1 9.03997E-2 1.1181E-1 9.33763E-2 8.52662E-2 9.05749E-2 8.90798E-2 8.84003E-2 9.13273E-2 8.99874E-2 8.57338E-2 8.8417E-2 9.46468E-2 9.44127E-2 9.37052E-2 9.19732E-2 9.00531E-2 9.31915E-2 9.38905E-2 9.86476E-2 9.6099E-2 1.0016E-1 1.01379E-1 8.79469E-2 9.14428E-2 8.85745E-2 8.76114E-2 9.23543E-2 8.72522E-2 9.11554E-2 8.902E-2 8.52769E-2 8.7793E-2 9.1435E-2 8.85156E-2 8.91518E-2 9.15202E-2 8.84612E-2 8.83045E-2 8.7904E-2 8.73453E-2 8.88443E-2 8.95586E-2 8.73126E-2 8.77334E-2 9.20467E-2 9.27226E-2 9.15491E-2 1.02292E-1 9.51296E-2 9.14378E-2 9.29897E-2 9.04192E-2 9.18342E-2 9.33354E-2 9.33036E-2 9.43367E-2 9.26428E-2 9.45014E-2 9.49769E-2 9.38369E-2
9.67603E-2 1.0776E-1 9.26347E-2 8.7576E-2 8.75267E-2 8.20966E-2 8.33359E-2 8.95156E-2 1.41477E-1 9.2073E-2 9.62696E-2 9.21618E-2 9.38265E-2 9.40942E-2 9.1772E-2 9.04496E-2 8.93466E-2 9.18139E-2 9.69555E-2 9.30104E-2 1.03834E-1 9.4433E-2 8.80044E-2 8.74373E-2 8.53266E-2 8.78208E-2 8.92551E-2 9.58082E-2 8.7023E-2 8.8745E-2 1.05773E-1 8.62223E-2 8.83268E-2 8.89085E-2 8.94357E-2 9.24553E-2 8.91012E-2 8.65618E-2 9.21123E-2 8.77599E-2 8.91695E-2 8.90853E-2 8.78574E-2 8.91215E-2 9.13065E-2 9.2981E-2 9.40274E-2 9.41737E-2 9.4944E-2 9.37937E-2 9.92708E-2 9.52755E-2 9.48638E-2 9.26524E-2 9.55087E-2 9.54001E-2 9.41488E-2 9.53382E-2 9.47988E-2 9.27572E-2 9.52068E-2
1.16602E-1 1.33783E-1 9.19977E-2 9.30413E-2 9.15534E-2 8.58783E-2 8.98813E-2 8.37256E-2 9.20698E-2 9.16696E-2 9.37427E-2 1.35593E-1 9.11204E-2 9.16737E-2 8.92116E-2 8.9247E-2 9.21384E-2 8.87331E-2 9.1644E-2 9.46301E-2 9.58365E-2 9.4278E-2 9.01348E-2 9.38301E-2 8.98014E-2 8.98898E-2 8.93299E-2 8.85062E-2 8.58929E-2 8.7795E-2 9.46059E-2 8.59361E-2 8.8507E-2 9.02504E-2 8.92028E-2 9.17864E-2 9.0178E-2 8.89968E-2 8.6806E-2 8.99646E-2 9.00927E-2 9.02834E-2 9.31018E-2 9.23552E-2 8.8195E-2 9.46404E-2 9.49932E-2 9.61939E-2 9.43377E-2 9.55405E-2 9.56395E-2 9.67569E-2 9.604E-2 9.52433E-2 9.58752E-2 9.6424E-2 9.50887E-2 9.67115E-2 9.58379E-2 9.53976E-2 9.66419E-2
1.17151E-1 9.95126E-2 9.51492E-2 9.41596E-2 9.43468E-2 9.12652E-2 9.72706E-2 8.82187E-2 8.72928E-2 8.73614E-2 1.16588E-1 9.88202E-2 9.26642E-2 9.43922E-2 9.15074E-2 9.6598E-2 8.98327E-2 8.82225E-2 8.91538E-2 8.88755E-2 9.39815E-2 9.69798E-2 9.0353E-2 8.8156E-2 8.96925E-2 8.80349E-2 8.8778E-2 8.77762E-2 8.46345E-2 9.04973E-2 9.12961E-2 9.01266E-2 8.80599E-2 8.87432E-2 8.85276E-2 8.99904E-2 9.09585E-2 9.01364E-2 8.80761E-2 8.56484E-2 9.14573E-2 8.86676E-2 9.30628E-2 9.24339E-2 9.37279E-2 9.11259E-2 9.39634E-2 9.5958E-2 9.47356E-2 9.29036E-2 9.60729E-2 9.65023E-2 9.70538E-2 9.75298E-2 9.61894E-2 9.80728E-2 9.41352E-2 1.00772E-1 9.86893E-2 9.76954E-2 9.85511E-2
1.05509E-1 9.84745E-2 9.51729E-2 9.91381E-2 8.96444E-2 9.10669E-2 1.11837E-1 8.66866E-2 9.40398E-2 1.05514E-1 9.35465E-2 9.82656E-2 9.64847E-2 9.51076E-2 9.48474E-2 9.01651E-2 8.94337E-2 9.11984E-2 9.11304E-2 9.40569E-2 1.05367E-1 8.97994E-2 9.08929E-2 8.95687E-2 9.40626E-2 8.98502E-2 8.88173E-2 8.68432E-2 8.91528E-2 8.89185E-2 8.43098E-2 8.85498E-2 8.85119E-2 8.85627E-2 9.19969E-2 9.16149E-2 9.29441E-2 8.95037E-2 9.81456E-2 9.0077E-2 8.87142E-2 9.15093E-2 9.28557E-2 9.55908E-2 9.56873E-2 9.44899E-2 9.67927E-2 9.61708E-2 9.90442E-2 9.36044E-2 9.69544E-2 9.80199E-2 1.0149E-1 1.08455E-1 9.62926E-2 9.86263E-2 9.84935E-2 9.85247E-2 9.65956E-2 9.98075E-2 9.95806E-2
9.77314E-2 1.1881E-1 1.2278E-1 9.39302E-2 9.46485E-2 9.62199E-2 9.07713E-2 1.04397E-1 1.00444E-1 8.94269E-2 1.03006E-1 9.28574E-2 9.38931E-2 9.17941E-2 2.04107E-1 9.6211E-2 9.72633E-2 9.16838E-2 9.02721E-2 9.61575E-2 9.76304E-2 8.77909E-2 9.32486E-2 9.11428E-2 8.63611E-2 9.11003E-2 9.06042E-2 1.05286E-1 8.8283E-2 8.70519E-2 8.61451E-2 9.07897E-2 8.9441E-2 9.02329E-2 9.04125E-2 9.25532E-2 8.83782E-2 9.01822E-2 9.14864E-2 8.76761E-2 8.98622E-2 9.35231E-2 9.51092E-2 9.74457E-2 9.67651E-2 9.67211E-2 9.76017E-2 9.83253E-2 9.65373E-2 9.8622E-2 9.65953E-2 1.16858E-1 9.82612E-2 9.81416E-2 1.02376E-1 9.59061E-2 9.74029E-2 9.95193E-2 1.00403E-1 9.98946E-2 1.00655E-1
9.70226E-2 9.43929E-2 9.07633E-2 9.45331E-2 9.47108E-2 9.60626E-2 9.12609E-2 9.30623E-2 9.07902E-2 9.51308E-2 9.13115E-2 9.17569E-2 9.39102E-2 9.2247E-2 1.00706E-1 8.99112E-2 9.34627E-2 9.25815E-2 9.44596E-2 1.0128E-1 1.00288E-1 9.34839E-2 9.64839E-2 1.10385E-1 8.86309E-2 9.08056E-2 9.12568E-2 8.76166E-2 9.41231E-2 8.65595E-2 8.77181E-2 8.80297E-2 8.90028E-2 9.00404E-2 8.87809E-2 8.90556E-2 8.58197E-2 9.68921E-2 9.10176E-2 9.05175E-2 9.06914E-2 9.35452E-2 9.43233E-2 9.4861E-2 9.80406E-2 9.84054E-2 1.00935E-1 1.03306E-1 9.94479E-2 9.92662E-2 9.681E-2 1.07125E-1 1.03613E-1 9.78766E-2 9.84209E-2 9.75526E-2 9.83468E-2 1.0071E-1 1.0124E-1 9.77707E-2 1.01687E-1
9.52992E-2 9.4439E-2 9.7082E-2 9.6539E-2 9.38698E-2 9.37387E-2 9.52784E-2 9.27203E-2 9.41366E-2 9.45989E-2 9.70745E-2 9.90848E-2 9.33275E-2 9.31971E-2 9.67041E-2 8.74657E-2 9.05502E-2 9.25756E-2 9.71195E-2 1.05127E-1 9.19017E-2 1.00934E-1 9.75253E-2 9.82132E-2 9.95156E-2 9.13169E-2 9.19918E-2 9.52709E-2 8.99758E-2 8.48222E-2 8.61653E-2 8.82025E-2 8.96568E-2 8.85738E-2 8.86381E-2 8.84946E-2 8.72548E-2 9.07968E-2 8.91323E-2 9.07806E-2 9.11921E-2 9.21098E-2 9.93331E-2 9.59869E-2 9.93427E-2 9.98934E-2 9.96751E-2 1.00149E-1 1.00351E-1 9.73886E-2 9.83678E-2 1.02038E-1 9.98578E-2 9.98228E-2 9.73946E-2 1.0019E-1 9.97724E-2 9.99007E-2 1.01071E-1 1.02618E-1 1.03096E-1
9.54521E-2 9.63167E-2 1.01749E-1 9.746E-2 9.42661E-2 9.08229E-2 8.96735E-2 9.34043E-2 9.27238E-2 9.73177E-2 1.07921E-1 9.99136E-2 8.03103E-2 9.33394E-2 9.20877E-2 9.21875E-2 8.56326E-2 8.95547E-2 1.29892E-1 1.05639E-1 9.49572E-2 9.99811E-2 1.00853E-1 1.06231E-1 1.12146E-1 9.11547E-2 9.54739E-2 8.99446E-2 8.88794E-2 9.09899E-2 8.74308E-2 8.93207E-2 8.80552E-2 8.73257E-2 8.92699E-2 8.61565E-2 8.90317E-2 8.7901E-2 9.12432E-2 9.3786E-2 9.06192E-2 9.1223E-2 1.05244E-1 9.64229E-2 9.91406E-2 9.92511E-2 1.02337E-1 1.00667E-1 1.0044E-1 1.02985E-1 1.12959E-1 9.68699E-2 1.00689E-1 1.00017E-1 1.02385E-1 1.03486E-1 1.00348E-1 1.00846E-1 1.00077E-1 1.00726E-1 1.02128E-1
1.50331E-1 9.32928E-2 9.31234E-2 9.4611E-2 9.54377E-2 9.41931E-2 9.2232E-2 9.92174E-2 9.56323E-2 9.92901E-2 9.95211E-2 9.65345E-2 9.77447E-2 8.83285E-2 8.71347E-2 8.93295E-2 9.40202E-2 1.05747E-1 1.53586E-1 9.05362E-2 1.01106E-1 9.93975E-2 1.00186E-1 1.0636E-1 1.04775E-1 1.02227E-1 8.86449E-2 8.76382E-2 8.9716E-2 9.0762E-2 9.16711E-2 9.01789E-2 8.86228E-2 8.51867E-2 8.66432E-2 9.26913E-2 9.15441E-2 8.79011E-2 9.18932E-2 9.37874E-2 9.49469E-2 9.63108E-2 9.79141E-2 1.00789E-1 9.99981E-2 9.89299E-2 9.99921E-2 9.95482E-2 9.96539E-2 1.00838E-1 9.86143E-2 9.7255E-2 1.0099E-1 9.85927E-2 9.88877E-2 1.00622E-1 1.00045E-1 1.02012E-1 1.01884E-1 1.02184E-1 1.0266E-1
1.23943E-1 9.65101E-2 1.13372E-1 9.88499E-2 9.81041E-2 9.59386E-2 1.00985E-1 9.36713E-2 9.22969E-2 9.34744E-2 9.88428E-2 1.05787E-1 9.99655E-2 8.94864E-2 8.911E-2 8.87536E-2 1.04141E-1 1.19052E-1 9.8333E-2 9.84912E-2 9.5611E-2 9.44986E-2 9.9767E-2 9.61369E-2 1.04243E-1 1.04482E-1 8.91278E-2 8.68113E-2 1.06532E-1 9.56457E-2 8.87822E-2 8.95606E-2 9.05534E-2 8.53699E-2 8.38175E-2 1.62878E-1 1.092E-1 8.75971E-2 9.1042E-2 9.56579E-2 9.73423E-2 9.4783E-2 9.92808E-2 9.75019E-2 1.01407E-1 1.00932E-1 1.01287E-1 9.90692E-2 9.93586E-2 9.95677E-2 9.87431E-2 9.88601E-2 1.01754E-1 1.02169E-1 1.01391E-1 1.01809E-1 1.02484E-1 1.03338E-1 1.03657E-1 1.03969E-1 1.03147E-1
1.05151E-1 1.01035E-1 1.04383E-1 9.76743E-2 9.14924E-2 9.38585E-2 1.04096E-1 1.63883E-1 1.33957E-1 9.35139E-2 1.06956E-1 1.08942E-1 1.68114E-1 1.19309E-1 1.07926E-1 9.56716E-2 1.04049E-1 9.85672E-2 9.43385E-2 9.2525E-2 9.68714E-2 9.29354E-2 1.02231E-1 9.21588E-2 9.79962E-2 1.03506E-1 8.56612E-2 9.11258E-2 1.13067E-1 1.08562E-1 9.74347E-2 9.23494E-2 1.18201E-1 8.58937E-2 9.66938E-2 1.14422E-1 1.37548E-1 9.40109E-2 8.69797E-2 9.24552E-2 9.32607E-2 9.75822E-2 9.99089E-2 9.9908E-2 9.93529E-2 9.98909E-2 9.93506E-2 9.88341E-2 1.02759E-1 9.87469E-2 1.00299E-1 9.70522E-2 1.01254E-1 1.01636E-1 1.01305E-1 1.01831E-1 1.03812E-1 1.04186E-1 1.036E-1 1.04346E-1 1.02957E-1
1.15221E-1 1.05706E-1 9.8095E-2 9.12884E-2 9.92647E-2 1.03308E-1 1.14175E-1 9.98696E-2 9.61006E-2 9.78381E-2 1.03467E-1 1.04615E-1 1.15821E-1 1.01082E-1 9.68614E-2 1.09172E-1 9.51131E-2 1.02776E-1 9.35495E-2 9.62676E-2 1.19532E-1 1.02599E-1 9.63651E-2 9.59542E-2 9.12826E-2 9.98509E-2 9.30301E-2 9.62924E-2 1.24353E-1 1.27903E-1 9.43511E-2 8.76281E-2 8.76609E-2 8.97109E-2 9.21338E-2 1.51533E-1 9.88529E-2 9.46999E-2 9.54316E-2 9.19699E-2 9.46246E-2 8.96546E-2 9.9286E-2 9.90468E-2 9.79145E-2 1.00351E-1 1.03886E-1 1.01626E-1 1.00997E-1 9.96815E-2 1.00686E-1 1.00071E-1 1.01306E-1 1.03491E-1 1.03051E-1 1.04311E-1 1.04891E-1 1.04441E-1 1.04813E-1 1.05337E-1 1.04721E-1
1.01812E-1 1.0384E-1 1.02253E-1 9.11891E-2 9.4746E-2 1.03132E-1 1.11704E-1 1.1233E-1 9.93387E-2 1.04737E-1 9.20863E-2 1.02485E-1 1.07919E-1 9.75348E-2 1.00989E-1 9.9891E-2 1.01555E-1 1.03468E-1 1.04677E-1 1.15917E-1 1.02734E-1 1.05084E-1 9.78226E-2 1.01031E-1 9.23158E-2 9.58046E-2 9.45243E-2 1.31859E-1 1.02092E-1 1.59263E-1 9.47366E-2 8.82478E-2 8.96507E-2 9.0901E-2 9.39609E-2 1.24888E-1 1.20275E-1 9.6238E-2 9.30137E-2 9.31718E-2 9.40504E-2 8.96239E-2 9.9473E-2 1.01048E-1 1.00519E-1 1.01281E-1 1.01556E-1 1.02029E-1 1.02709E-1 1.00827E-1 1.03527E-1 1.02991E-1 1.02849E-1 1.02976E-1 1.02965E-1 1.03079E-1 1.04553E-1 1.05631E-1 1.05666E-1 1.06056E-1 1.0668E-1
9.59448E-2 9.96403E-2 9.71663E-2 9.87623E-2 1.05312E-1 9.35075E-2 9.70443E-2 9.85727E-2 1.01525E-1 1.0125E-1 1.01288E-1 1.02927E-1 1.05562E-1 1.00303E-1 1.0113E-1 9.88162E-2 2.0386E-1 1.02421E-1 1.09367E-1 1.12299E-1 9.81486E-2 1.03086E-1 9.94129E-2 9.26616E-2 9.86458E-2 9.00733E-2 1.20934E-1 1.90156E-1 2.2662E-1 1.64886E-1 9.93781E-2 1.01597E-1 9.85283E-2 9.25521E-2 9.84588E-2 1.40513E-1 9.55437E-2 9.61775E-2 9.79216E-2 9.37601E-2 9.13061E-2 9.20018E-2 1.00546E-1 1.01064E-1 9.79899E-2 1.02208E-1 1.03819E-1 1.02095E-1 1.03683E-1 1.0271E-1 1.05568E-1 1.05232E-1 1.04893E-1 1.02725E-1 1.049E-1 1.05859E-1 1.05937E-1 1.06628E-1 1.08071E-1 1.07904E-1 1.08378E-1
1.32539E-1 1.00227E-1 1.03256E-1 1.25931E-1 9.52574E-2 1.01537E-1 1.01567E-1 9.95717E-2 1.03831E-1 1.05512E-1 9.96192E-2 1.06378E-1 1.0217E-1 1.0327E-1 1.06254E-1 1.01039E-1 1.74572E-1 1.09791E-1 1.09741E-1 1.03542E-1 9.70394E-2 1.01436E-1 1.15517E-1 9.73953E-2 9.75385E-2 9.64629E-2 1.51913E-1 1.64721E-1 2.21577E-1 1.09333E-1 9.80765E-2 9.94456E-2 9.12073E-2 9.12742E-2 1.02036E-1 9.54346E-2 9.3534E-2 8.94988E-2 9.30049E-2 9.77396E-2 9.22391E-2 9.73655E-2 9.93644E-2 1.00442E-1 9.91018E-2 1.03138E-1 1.03847E-1 9.90089E-2 1.05367E-1 1.06079E-1 1.05598E-1 1.05689E-1 1.06265E-1 1.05682E-1 1.06734E-1 1.03483E-1 1.0527E-1 1.07097E-1 1.08821E-1 1.08577E-1 1.09506E-1
1.67255E-1 1.21174E-1 8.89237E-2 9.21605E-2 9.76363E-2 9.6481E-2 1.06581E-1 1.26457E-1 1.03103E-1 1.042E-1 1.08415E-1 1.07756E-1 1.00854E-1 1.05539E-1 1.01482E-1 1.044E-1 1.05885E-1 1.10573E-1 1.13668E-1 1.12832E-1 1.04721E-1 1.07432E-1 1.08667E-1 1.00296E-1 9.60164E-2 9.98912E-2 9.71365E-2 9.47178E-2 9.91275E-2 1.12551E-1 9.04977E-2 9.03249E-2 1.22278E-1 9.83314E-2 9.44997E-2 9.30629E-2 9.74269E-2 8.68679E-2 9.48591E-2 9.54944E-2 9.29705E-2 9.80887E-2 1.01812E-1 1.02845E-1 1.00692E-1 1.00455E-1 1.01888E-1 1.0371E-1 1.00881E-1 1.06956E-1 1.07397E-1 1.07585E-1 1.10906E-1 1.08079E-1 1.07966E-1 1.08148E-1 1.05921E-1 1.09679E-1 1.0976E-1 1.10203E-1 1.11133E-1
1.02366E-1 9.8621E-2 1.10647E-1 9.94045E-2 9.83437E-2 9.46081E-2 1.17954E-1 1.09049E-1 1.08283E-1 1.13925E-1 1.12342E-1 1.13984E-1 1.12834E-1 1.06099E-1 1.08622E-1 1.13692E-1 1.15017E-1 1.14066E-1 1.25261E-1 1.18261E-1 1.23158E-1 1.05509E-1 1.04904E-1 1.00252E-1 1.01263E-1 1.30883E-1 1.19064E-1 1.74975E-1 2.82966E-1 1.61087E-1 1.14985E-1 1.06209E-1 1.06279E-1 1.0056E-1 9.11179E-2 9.14116E-2 9.18349E-2 9.11403E-2 9.35692E-2 9.49628E-2 9.3118E-2 1.00826E-1 1.00857E-1 1.02582E-1 1.02491E-1 1.01513E-1 1.03455E-1 1.02844E-1 1.04834E-1 1.08991E-1 1.07963E-1 1.06973E-1 1.08702E-1 1.10069E-1 1.10351E-1 1.08384E-1 1.07708E-1 1.10277E-1 1.11185E-1 1.11602E-1 1.12465E-1
9.75108E-2 1.28231E-1 9.81137E-2 1.09761E-1 1.16182E-1 2.24511E-1 1.088E-1 1.11031E-1 1.09541E-1 1.12475E-1 1.14716E-1 1.20344E-1 1.14068E-1 1.16747E-1 1.18237E-1 1.15006E-1 1.13776E-1 1.11409E-1 1.15085E-1 1.03392E-1 1.09474E-1 1.02352E-1 1.02991E-1 1.00317E-1 9.58065E-2 9.53972E-2 9.64422E-2 1.38737E-1 2.82967E-1 2.12833E-1 1.35935E-1 2.11301E-1 1.192E-1 9.16953E-2 9.35612E-2 9.60309E-2 9.43388E-2 9.68583E-2 9.41288E-2 9.76771E-2 9.65034E-2 9.9379E-2 1.02351E-1 1.04124E-1 1.07177E-1 1.05282E-1 1.01828E-1 1.05546E-1 1.05653E-1 1.05274E-1 1.08715E-1 1.07684E-1 1.08333E-1 1.10899E-1 1.1096E-1 1.08527E-1 1.0689E-1 1.07826E-1 1.12012E-1 1.09719E-1 1.1329E-1
1.1247E-1 1.11853E-1 9.97194E-2 1.12889E-1 1.22249E-1 1.43631E-1 1.13111E-1 1.17187E-1 1.11737E-1 1.02882E-1 1.17264E-1 1.1804E-1 1.24827E-1 1.22008E-1 1.22854E-1 1.19194E-1 1.19584E-1 1.19743E-1 1.18612E-1 1.12615E-1 1.06092E-1 1.03042E-1 1.0052E-1 9.98816E-2 9.99505E-2 9.45395E-2 1.08813E-1 9.22056E-2 1.47201E-1 2.34181E-1 1.3224E-1 1.94287E-1 1.08324E-1 1.16866E-1 9.17458E-2 9.57025E-2 9.4002E-2 9.31442E-2 9.64248E-2 9.89979E-2 9.91024E-2 9.89673E-2 1.01927E-1 1.02677E-1 1.03769E-1 1.06326E-1 1.02402E-1 1.03692E-1 1.03568E-1 1.04806E-1 1.08603E-1 1.07833E-1 1.08607E-1 1.114E-1 1.10676E-1 1.09037E-1 1.07059E-1 1.03135E-1 1.09028E-1 1.09249E-1 1.14143E-1
