Candidate_Models_Sept202022/M_0.6_F_lqp_Set_1_cal/Bison.asc
ncols         97
nrows         127
xllcorner     -2197417.7431653
yllcorner     -584827.01486885
cellsize      30000.0
NODATA_value  -9999
[rows 81 to 107 of 127, columns 0 to 60 of 97]
-9999 -9999 -9999 -9999 -9999 -9999 -9999 -9999 -9999 -9999 -9999 7.67272E-3 1.61065E-3 1.0291E-3 1.55867E-2 4.60213E-3 2.31047E-3 1.06139E-3 2.33422E-3 2.55956E-2 9.33171E-3 5.22544E-2 1.90826E-2 4.10261E-2 1.45336E-1 2.48322E-1 9.94155E-2 7.70788E-2 1.16023E-1 1.69867E-2 1.80801E-2 5.96117E-3 1.80869E-2 6.67719E-2 5.88763E-2 8.0421E-2 7.59779E-2 3.80304E-1 5.87159E-1 7.93681E-1 9.00516E-1 7.36014E-1 7.05088E-1 7.99143E-1 7.16571E-1 5.30524E-1 4.7636E-1 4.69985E-1 4.86284E-1 5.45083E-1 5.86594E-1 6.80012E-1 7.05175E-1 6.76086E-1 6.69056E-1 5.14211E-1 6.06004E-1 6.19776E-1 5.7692E-1 5.2894E-1 5.21409E-1
-9999 -9999 -9999 -9999 -9999 -9999 -9999 -9999 -9999 -9999 -9999 -9999 5.10453E-3 1.05162E-3 2.55925E-3 7.55504E-3 4.12423E-3 1.57181E-2 5.64462E-3 5.9264E-3 4.98885E-3 8.33389E-3 5.58316E-3 2.17825E-2 2.11827E-1 2.44508E-1 7.55414E-2 7.73627E-2 1.94431E-1 2.14965E-2 1.03373E-2 9.37157E-3 1.15842E-2 3.1553E-2 1.13951E-1 1.04488E-1 1.04142E-1 1.41246E-1 3.3133E-1 7.26821E-1 8.90003E-1 7.47388E-1 7.14905E-1 7.52468E-1 6.81519E-1 5.15594E-1 4.4319E-1 5.14933E-1 5.48109E-1 6.5872E-1 6.66233E-1 6.86299E-1 7.17158E-1 6.78634E-1 6.36305E-1 6.3291E-1 6.05984E-1 5.53725E-1 5.3195E-1 4.79309E-1 5.70729E-1
-9999 -9999 -9999 -9999 -9999 -9999 -9999 -9999 -9999 -9999 -9999 -9999 -9999 3.64675E-3 3.59884E-4 1.69691E-3 2.55654E-3 1.70762E-2 3.69105E-1 1.41039E-2 5.81749E-3 5.61021E-3 2.40697E-3 1.86976E-2 6.74669E-2 5.93841E-2 3.54567E-2 1.20735E-1 4.64399E-2 2.52571E-2 8.427E-3 7.34681E-3 6.87455E-3 1.3639E-2 7.17951E-2 2.38766E-1 8.55814E-2 1.13868E-1 1.79353E-1 6.75328E-1 8.01298E-1 7.92285E-1 7.30384E-1 6.79655E-1 6.27725E-1 4.87413E-1 5.04269E-1 5.35579E-1 5.62747E-1 6.25092E-1 6.47656E-1 6.52026E-1 7.28138E-1 7.01569E-1 6.57884E-1 6.31983E-1 6.72085E-1 6.24735E-1 5.07206E-1 5.1697E-1 5.36538E-1
-9999 -9999 -9999 -9999 -9999 -9999 -9999 -9999 -9999 -9999 -9999 -9999 -9999 4.39632E-3 1.04819E-3 1.63148E-3 4.87437E-3 -9999 5.35796E-2 1.35265E-1 1.61729E-1 4.13985E-2 5.66424E-3 1.02253E-2 9.6546E-2 6.31076E-2 8.61274E-2 8.43948E-2 3.91752E-2 2.67054E-2 1.56138E-2 9.96908E-3 7.77578E-3 1.66469E-2 4.60659E-2 8.43042E-2 6.4559E-2 9.77741E-2 1.34159E-1 5.22453E-1 6.62415E-1 7.14886E-1 7.28239E-1 5.40891E-1 5.98602E-1 6.8805E-1 6.33355E-1 6.51009E-1 5.44615E-1 6.03352E-1 6.28132E-1 6.03552E-1 6.36785E-1 6.1163E-1 6.13462E-1 4.60543E-1 6.23502E-1 6.84776E-1 5.7405E-1 5.62195E-1 6.43973E-1
-9999 -9999 -9999 -9999 -9999 -9999 -9999 -9999 -9999 -9999 -9999 -9999 -9999 6.22463E-3 2.22871E-3 1.26692E-3 4.42831E-3 -9999 7.19468E-2 3.23757E-1 8.13238E-2 1.00454E-2 1.82828E-3 1.06056E-2 3.82641E-2 4.77E-2 1.20361E-1 3.97173E-2 3.32073E-2 1.49035E-2 1.13628E-2 5.48398E-3 1.66353E-2 2.29132E-2 3.89291E-2 7.60266E-2 9.73976E-2 1.26129E-1 2.5549E-1 2.69969E-1 5.01025E-1 6.39592E-1 7.07267E-1 6.17961E-1 5.54585E-1 6.8772E-1 5.42032E-1 4.9462E-1 5.41293E-1 6.61121E-1 6.27673E-1 5.00114E-1 6.04679E-1 7.07591E-1 6.49968E-1 6.09826E-1 7.08116E-1 5.373E-1 5.4043E-1 5.34247E-1 5.17022E-1
-9999 -9999 -9999 -9999 -9999 -9999 -9999 -9999 -9999 -9999 -9999 -9999 -9999 2.56932E-3 3.99276E-3 1.54719E-3 2.54248E-3 -9999 3.0504E-3 5.5519E-2 2.16819E-2 6.11135E-3 4.62848E-3 7.93579E-3 4.40821E-2 9.6908E-2 1.83603E-1 4.05401E-2 2.32635E-2 1.22834E-2 2.17404E-2 1.96588E-2 2.77633E-2 1.69039E-2 2.22887E-2 1.70919E-1 4.24261E-2 1.09716E-1 1.30899E-1 3.48566E-1 4.31365E-1 6.17089E-1 6.63581E-1 6.43772E-1 6.41864E-1 5.7627E-1 4.73434E-1 5.18178E-1 5.66737E-1 6.69619E-1 5.88121E-1 4.20708E-1 5.25343E-1 6.97339E-1 6.68468E-1 6.50325E-1 6.58782E-1 4.52729E-1 4.90083E-1 5.31744E-1 6.30542E-1
-9999 -9999 -9999 -9999 -9999 -9999 -9999 -9999 -9999 -9999 -9999 -9999 -9999 4.92549E-3 1.27109E-3 9.14081E-4 2.12331E-2 -9999 2.55958E-2 7.22246E-2 9.46949E-3 2.69227E-3 2.29373E-2 4.74626E-2 5.91781E-2 1.40342E-1 4.52079E-1 1.61375E-1 9.69669E-2 1.55753E-2 4.20267E-2 8.31276E-3 5.02599E-3 2.05831E-2 5.75092E-2 9.95305E-2 8.71111E-2 8.50041E-2 5.47823E-1 4.96392E-1 3.56519E-1 5.7092E-1 7.59953E-1 6.49489E-1 6.05908E-1 5.97336E-1 6.55049E-1 7.01709E-1 6.09439E-1 5.23827E-1 4.37698E-1 3.76988E-1 5.23363E-1 6.2874E-1 7.17348E-1 6.98986E-1 5.98372E-1 5.05861E-1 4.87898E-1 4.92598E-1 5.77182E-1
-9999 -9999 -9999 -9999 -9999 -9999 -9999 -9999 -9999 -9999 -9999 -9999 -9999 2.45253E-3 1.2493E-3 1.34198E-3 1.45333E-3 3.49952E-3 5.07516E-3 1.08859E-1 4.75013E-3 1.57957E-3 1.754E-2 6.03203E-2 1.80035E-1 3.75046E-1 2.8703E-1 9.63131E-2 4.0437E-2 4.60413E-2 3.65368E-2 1.37362E-2 9.4633E-3 1.12375E-1 2.73336E-2 2.6482E-2 7.99182E-2 3.38707E-2 7.75234E-2 4.40975E-1 4.01933E-1 6.43317E-1 6.28497E-1 6.65459E-1 6.3582E-1 6.30177E-1 5.67602E-1 4.80323E-1 6.40994E-1 6.28742E-1 5.27032E-1 5.00409E-1 7.00266E-1 6.9729E-1 7.02105E-1 6.93245E-1 6.49048E-1 6.15579E-1 6.45687E-1 4.80817E-1 5.16573E-1
-9999 -9999 -9999 -9999 -9999 -9999 -9999 -9999 -9999 -9999 -9999 -9999 -9999 4.44216E-3 1.89235E-3 9.46156E-4 2.1593E-3 1.9483E-3 5.08591E-3 3.54665E-2 2.13283E-2 4.43745E-3 8.2222E-3 7.78482E-2 3.9164E-1 3.06555E-1 9.71789E-2 4.37702E-2 2.91186E-2 2.02809E-1 2.21388E-2 2.09794E-2 2.40062E-2 1.624E-1 1.69873E-2 2.69859E-2 1.02236E-1 2.60514E-2 2.99595E-2 4.98902E-2 3.85723E-1 5.69437E-1 5.45838E-1 6.68879E-1 6.70204E-1 6.30077E-1 6.61678E-1 4.542E-1 3.61451E-1 4.78826E-1 5.26666E-1 4.37989E-1 6.55463E-1 6.94298E-1 7.16675E-1 6.79849E-1 6.27506E-1 6.61786E-1 6.41748E-1 6.58919E-1 5.42643E-1
-9999 -9999 -9999 -9999 -9999 -9999 -9999 -9999 -9999 -9999 -9999 -9999 -9999 5.16881E-3 4.54057E-3 3.39128E-3 1.33994E-3 1.77108E-3 3.35432E-3 9.851E-2 3.90445E-3 7.31578E-3 2.54165E-2 3.476E-1 5.64098E-1 2.67373E-1 2.44137E-1 3.55682E-2 6.10791E-2 1.30762E-1 4.80754E-2 2.51799E-2 6.83624E-2 4.02839E-2 1.53149E-2 2.03682E-2 3.88726E-2 2.55701E-2 6.44627E-2 4.14721E-2 2.54264E-1 2.89259E-1 6.5818E-1 5.43698E-1 6.3671E-1 6.58625E-1 4.6734E-1 4.88575E-1 4.41846E-1 6.48784E-1 5.94967E-1 4.87349E-1 6.53764E-1 5.94228E-1 6.10782E-1 6.13158E-1 6.06456E-1 6.29663E-1 6.62872E-1 6.50564E-1 5.97815E-1
-9999 -9999 -9999 -9999 -9999 -9999 -9999 -9999 -9999 -9999 -9999 -9999 -9999 5.69038E-3 7.18083E-3 5.56197E-3 3.07968E-3 2.809E-3 4.56899E-2 5.59275E-2 1.01839E-2 9.99425E-3 1.29435E-1 5.70425E-1 3.90928E-1 2.31945E-1 4.2472E-1 2.77021E-1 8.89984E-2 7.96778E-2 1.00979E-1 5.70434E-2 7.86189E-2 6.0731E-2 8.86009E-3 4.72987E-2 6.26035E-2 8.66E-2 1.83378E-1 4.5059E-2 8.35477E-2 2.56909E-1 6.00954E-1 6.66022E-1 4.38667E-1 4.4966E-1 5.44079E-1 5.28673E-1 6.08015E-1 5.03869E-1 4.26439E-1 4.41795E-1 5.5223E-1 5.80717E-1 5.88727E-1 4.60418E-1 4.54855E-1 5.11572E-1 5.99932E-1 5.66821E-1 4.9883E-1
-9999 -9999 -9999 -9999 -9999 -9999 -9999 -9999 -9999 -9999 -9999 -9999 -9999 4.78457E-3 2.59159E-3 1.06431E-2 8.98883E-3 1.17204E-2 3.63493E-2 7.54546E-3 2.21308E-2 5.78253E-2 1.22535E-1 2.21273E-1 2.5519E-1 2.06386E-1 3.36854E-1 3.48966E-1 3.907E-1 3.03871E-1 1.9675E-1 1.23033E-1 2.69444E-2 9.28624E-3 9.55103E-3 3.60005E-2 1.5155E-1 2.72642E-1 5.82532E-1 3.37097E-2 8.57567E-2 4.40273E-1 5.13991E-1 6.27219E-1 5.02103E-1 5.35214E-1 5.715E-1 5.49777E-1 5.37771E-1 5.08251E-1 4.34283E-1 4.80642E-1 5.71874E-1 5.83281E-1 5.82483E-1 5.29886E-1 4.60805E-1 6.14585E-1 5.5348E-1 5.6702E-1 5.4278E-1
-9999 -9999 -9999 -9999 -9999 -9999 -9999 -9999 -9999 -9999 -9999 -9999 5.57736E-3 4.49962E-3 6.4679E-3 1.54774E-2 2.06913E-2 1.7722E-2 2.19139E-2 2.55584E-3 1.4511E-2 2.84357E-1 2.90869E-1 3.01751E-1 1.16539E-1 2.01599E-1 2.70125E-1 3.29206E-1 3.265E-1 2.39934E-1 4.03874E-1 8.33554E-2 1.4661E-2 8.58973E-3 1.57182E-2 2.13565E-2 9.69462E-2 3.10586E-1 9.08046E-2 3.70227E-2 2.4218E-2 3.34263E-1 5.26732E-1 5.9889E-1 5.51037E-1 5.75958E-1 5.2977E-1 4.94049E-1 4.46992E-1 6.2709E-1 4.63652E-1 4.60742E-1 5.04732E-1 5.19719E-1 5.50158E-1 5.30909E-1 4.97281E-1 6.71809E-1 5.54398E-1 5.11657E-1 5.93861E-1
-9999 -9999 -9999 -9999 -9999 -9999 -9999 -9999 -9999 -9999 -9999 -9999 2.13305E-2 9.73169E-3 6.12637E-3 1.14664E-2 1.43468E-2 1.5499E-2 5.05266E-3 7.45537E-3 7.25335E-2 2.93478E-1 7.10537E-2 2.12259E-1 1.85535E-1 1.79488E-1 1.80116E-1 2.42736E-1 2.79737E-1 3.00003E-1 2.82312E-1 1.47319E-1 2.79106E-2 3.95087E-2 7.75559E-3 2.1506E-2 2.3818E-1 5.14597E-1 1.73551E-1 2.39531E-2 3.1643E-2 3.09034E-1 4.03756E-1 4.72148E-1 4.68671E-1 5.04394E-1 4.06068E-1 4.58597E-1 5.12899E-1 5.73999E-1 4.68053E-1 4.14229E-1 3.98886E-1 4.66599E-1 4.88853E-1 4.79937E-1 4.8578E-1 5.32163E-1 5.48757E-1 4.82637E-1 5.01055E-1
-9999 -9999 -9999 -9999 -9999 -9999 -9999 -9999 -9999 -9999 -9999 -9999 7.39773E-3 5.64553E-3 5.24938E-3 1.25509E-2 1.02244E-2 1.07992E-2 6.33846E-3 3.04237E-2 1.30017E-1 1.52497E-1 1.22435E-1 4.02247E-2 7.71132E-2 1.44109E-1 2.48724E-1 1.78432E-1 2.24311E-1 2.40553E-1 3.42616E-1 4.60336E-2 2.05195E-2 9.51504E-3 8.54104E-3 1.57641E-2 1.5609E-1 4.83257E-1 1.97959E-1 4.09496E-2 3.6506E-2 4.23899E-1 3.95926E-1 5.0776E-1 4.17813E-1 4.28239E-1 3.98833E-1 3.83992E-1 4.92368E-1 7.08967E-1 6.57386E-1 6.68109E-1 4.70687E-1 3.9339E-1 4.84293E-1 5.99051E-1 6.30759E-1 6.7805E-1 5.13175E-1 4.9355E-1 5.84889E-1
-9999 -9999 -9999 -9999 -9999 -9999 -9999 -9999 -9999 -9999 -9999 -9999 2.29498E-2 4.0718E-3 2.25568E-2 3.27721E-2 6.81587E-2 2.53417E-3 1.23849E-2 1.81231E-2 4.88827E-2 8.77023E-2 1.19002E-1 1.22356E-1 7.34442E-2 9.46331E-2 1.52125E-1 1.67413E-1 2.8969E-1 4.2862E-1 3.44406E-1 1.05177E-1 2.5666E-2 1.19147E-2 8.99706E-3 1.07164E-2 5.48965E-2 2.69224E-1 6.2549E-2 9.30538E-2 5.55385E-2 3.54997E-1 4.03594E-1 4.70517E-1 4.72658E-1 4.85989E-1 5.03994E-1 3.6076E-1 4.33055E-1 6.25793E-1 6.51475E-1 6.2836E-1 6.40799E-1 4.78727E-1 7.09117E-1 6.34555E-1 7.43423E-1 5.86161E-1 4.35571E-1 4.75427E-1 4.64093E-1
-9999 -9999 -9999 -9999 -9999 -9999 -9999 -9999 -9999 -9999 -9999 6.73161E-3 5.77139E-3 2.28871E-2 2.37993E-2 8.24146E-3 3.83189E-2 7.32692E-3 3.09622E-2 2.35255E-1 1.31046E-1 7.85812E-2 1.38212E-1 1.25223E-1 4.27919E-2 9.41097E-2 1.43966E-1 3.54658E-1 3.37589E-1 4.57897E-1 5.09874E-1 4.10694E-1 2.22405E-2 3.89754E-2 1.23169E-2 2.06774E-2 4.50723E-2 5.46101E-1 3.28034E-1 1.78135E-1 3.96494E-1 1.85621E-1 6.13524E-1 5.39024E-1 5.28331E-1 6.13801E-1 4.70045E-1 2.81013E-1 4.02889E-1 4.91427E-1 4.57591E-1 3.85063E-1 5.89649E-1 6.96267E-1 5.06166E-1 4.53729E-1 4.24163E-1 4.62529E-1 4.71016E-1 5.15223E-1 4.48E-1
-9999 -9999 -9999 -9999 -9999 -9999 -9999 -9999 -9999 -9999 -9999 5.08377E-3 1.24461E-2 4.85255E-2 3.42052E-2 3.70734E-2 2.87904E-2 1.77642E-2 9.65684E-2 2.12764E-1 1.80402E-1 4.62985E-2 5.13705E-2 6.24469E-2 1.25712E-1 1.72728E-1 2.06519E-1 2.83649E-2 1.96497E-2 6.19571E-1 5.19662E-1 6.07574E-1 2.62714E-1 2.8702E-2 2.34739E-2 1.62456E-2 4.003E-2 6.39496E-1 6.99897E-2 5.27377E-1 4.28211E-1 2.92058E-1 7.26486E-1 5.09325E-1 5.45759E-1 1.68266E-1 1.13384E-1 4.60222E-1 3.93161E-1 6.27234E-1 4.89186E-1 3.46726E-1 5.28275E-1 5.90937E-1 3.5035E-1 3.84236E-1 3.64969E-1 3.86193E-1 4.42499E-1 4.64216E-1 4.78698E-1
-9999 -9999 -9999 -9999 -9999 -9999 -9999 -9999 -9999 -9999 1.70896E-3 1.58407E-3 1.33616E-2 4.93868E-2 1.47174E-1 1.00963E-2 4.15889E-3 1.48848E-2 8.23992E-2 6.2953E-2 7.87438E-2 1.34165E-1 1.50593E-1 1.23407E-1 1.59587E-1 3.29371E-1 1.37038E-1 2.48738E-2 7.70379E-2 2.14872E-1 2.44695E-1 6.85466E-1 3.97073E-1 1.15079E-2 3.51094E-2 2.61987E-2 1.66881E-1 6.34079E-1 1.38275E-1 3.54555E-1 7.07745E-1 3.97219E-1 6.3461E-1 7.00342E-1 4.78362E-1 6.0308E-1 2.83911E-1 4.87017E-1 5.14502E-1 3.34572E-1 5.10879E-1 3.05243E-1 3.01255E-1 3.35116E-1 3.56318E-1 3.60555E-1 3.64273E-1 4.26788E-1 3.8724E-1 3.833E-1 4.09735E-1
-9999 -9999 -9999 -9999 -9999 -9999 -9999 -9999 -9999 -9999 8.24293E-4 6.59887E-4 2.55684E-2 4.93897E-2 3.24325E-2 5.51452E-3 5.92597E-3 2.74193E-2 3.01551E-2 4.33856E-2 4.07322E-2 1.05987E-1 1.24473E-1 1.47189E-1 1.60601E-1 1.48741E-1 1.9899E-1 2.03838E-1 3.17638E-1 3.6933E-1 1.49742E-1 1.70503E-1 4.34147E-2 4.05803E-2 3.1192E-2 2.19321E-2 1.94303E-1 3.66856E-1 1.88033E-1 5.15854E-1 7.66853E-1 1.45488E-1 3.30051E-1 6.29418E-1 5.53913E-1 4.16258E-1 4.45222E-1 3.18556E-1 2.89407E-1 3.70534E-1 2.80252E-1 3.47382E-1 3.18118E-1 3.2204E-1 4.07774E-1 4.88449E-1 4.04929E-1 4.00993E-1 4.2657E-1 4.4237E-1 4.44252E-1
-9999 -9999 -9999 -9999 -9999 -9999 -9999 -9999 -9999 -9999 5.86463E-4 5.28468E-4 2.98766E-2 2.74709E-2 7.19496E-3 7.09559E-3 1.03874E-2 2.62289E-2 7.63145E-2 4.75915E-2 3.151E-2 4.14047E-2 4.41322E-2 5.60769E-2 1.22845E-1 7.99544E-2 3.30045E-1 7.1845E-2 2.91032E-1 3.1166E-1 6.89084E-2 3.78111E-2 3.94593E-2 5.7146E-2 5.42963E-2 5.65796E-2 1.8421E-1 2.20374E-1 3.59503E-1 2.99787E-1 6.3496E-1 4.66479E-1 6.40035E-1 5.92399E-1 6.20932E-1 6.11643E-1 2.41298E-1 3.20141E-1 3.23324E-1 3.31769E-1 4.68088E-1 5.35633E-1 5.0712E-1 3.46841E-1 4.00776E-1 3.1771E-1 3.09946E-1 3.47729E-1 5.05462E-1 4.23832E-1 3.54349E-1
-9999 -9999 -9999 -9999 -9999 -9999 -9999 -9999 -9999 8.07364E-4 4.56928E-4 6.70713E-4 3.02409E-2 8.46723E-3 1.57966E-3 3.17348E-3 2.05042E-2 7.24314E-2 9.41981E-2 2.26912E-2 3.78454E-2 5.04398E-2 5.81362E-2 7.48241E-2 4.33866E-2 3.9109E-2 4.46296E-1 1.06981E-1 8.89087E-2 4.36708E-2 5.11879E-2 1.31831E-1 1.2678E-1 1.35049E-1 1.33001E-1 1.34358E-1 1.52403E-1 1.94138E-1 5.89474E-1 2.3817E-1 7.08314E-1 6.10842E-1 7.08175E-1 4.38836E-1 6.14131E-1 4.80073E-1 5.1685E-1 4.60573E-1 4.25819E-1 3.0237E-1 3.07701E-1 3.67815E-1 3.55669E-1 4.91163E-1 5.79753E-1 5.47539E-1 4.52875E-1 4.4068E-1 3.59041E-1 4.33075E-1 4.33154E-1
-9999 -9999 -9999 -9999 -9999 -9999 -9999 -9999 -9999 9.6788E-4 3.92664E-4 7.27356E-4 5.07513E-3 1.46739E-3 1.12388E-3 4.82976E-3 2.65009E-2 5.29734E-2 7.73173E-2 4.77555E-2 1.14201E-1 5.23998E-2 4.72799E-2 6.80523E-2 5.33939E-2 9.00298E-2 3.40908E-1 3.0205E-1 2.39579E-1 1.4578E-1 1.51245E-1 2.42886E-1 7.97255E-2 1.52841E-1 3.93667E-1 4.54781E-1 2.57956E-1 5.55164E-1 5.25686E-1 5.97773E-1 7.50086E-1 7.69966E-1 4.60497E-1 5.06672E-1 6.6299E-1 6.69659E-1 5.94567E-1 3.90797E-1 5.85725E-1 5.61438E-1 5.48828E-1 5.62067E-1 3.78631E-1 5.13188E-1 5.25516E-1 6.21562E-1 5.15813E-1 4.34746E-1 4.63165E-1 3.33398E-1 2.97633E-1
-9999 -9999 -9999 -9999 -9999 -9999 -9999 -9999 7.93485E-4 5.51639E-4 1.2169E-3 1.33573E-2 1.23369E-3 1.46503E-3 3.56652E-3 2.36456E-2 3.04682E-2 4.90217E-2 6.43669E-2 6.37791E-2 1.09498E-1 1.14025E-1 6.53013E-2 8.4989E-2 6.96382E-2 2.59803E-1 2.15664E-1 3.36163E-1 2.09222E-1 3.15885E-1 2.58705E-1 2.48486E-1 8.30983E-2 2.0549E-1 3.52055E-1 2.16483E-1 2.84467E-1 6.45605E-1 5.78845E-1 8.33433E-1 7.84547E-1 7.04721E-1 5.26612E-1 3.70156E-1 1.64286E-1 4.26101E-1 1.09619E-1 3.18038E-1 4.13237E-1 5.92653E-1 4.52198E-1 4.25076E-1 2.91138E-1 3.60716E-1 3.50244E-1 6.46206E-1 6.16954E-1 6.21744E-1 4.59746E-1 3.25172E-1 3.49783E-1
-9999 -9999 -9999 -9999 -9999 -9999 -9999 1.66528E-3 1.31928E-3 5.75473E-4 5.03987E-3 1.40501E-2 9.43253E-4 1.40874E-3 7.95423E-3 5.07961E-2 6.06215E-2 6.787E-2 9.76124E-2 1.06438E-1 1.28111E-1 8.98238E-2 8.50274E-2 1.03134E-1 8.30614E-2 1.61873E-1 1.59438E-1 3.81979E-1 4.23572E-1 4.20015E-1 2.27234E-1 1.70935E-1 1.29318E-1 1.42623E-1 2.44433E-1 3.17391E-1 7.5828E-1 7.00895E-1 7.56876E-1 8.26671E-1 7.58986E-1 6.5878E-1 3.93466E-1 2.9546E-1 1.92395E-1 4.23575E-1 3.56075E-1 1.26166E-1 4.32993E-1 6.94612E-1 5.81459E-1 5.57047E-1 7.18642E-1 4.10114E-1 6.09654E-1 6.27916E-1 6.77222E-1 6.51472E-1 6.11641E-1 3.8249E-1 3.59393E-1
-9999 -9999 -9999 -9999 -9999 -9999 -9999 4.1093E-4 2.27519E-4 2.02855E-4 1.46813E-3 1.64622E-3 7.29385E-4 4.53962E-3 4.0498E-2 5.97312E-2 6.23005E-2 1.77313E-1 1.04963E-1 8.88763E-2 1.08459E-1 1.58711E-1 2.18216E-1 1.55652E-1 1.55516E-1 1.16347E-1 1.90182E-1 3.50914E-1 2.04189E-1 4.35745E-1 1.79956E-1 8.31823E-2 1.36164E-1 3.2436E-1 3.02366E-1 6.393E-1 6.63553E-1 7.60177E-1 8.0915E-1 8.39863E-1 8.17684E-1 6.36007E-1 5.0986E-1 3.66089E-1 3.13164E-1 2.47225E-1 3.44907E-1 3.21317E-1 5.52039E-1 3.75541E-1 4.42178E-1 4.40928E-1 5.0066E-1 6.15462E-1 4.7206E-1 6.77883E-1 5.51311E-1 6.48645E-1 6.23537E-1 4.05852E-1 3.77099E-1
-9999 -9999 -9999 -9999 -9999 -9999 -9999 9.43372E-4 6.38035E-4 2.87808E-4 2.30677E-3 2.96804E-3 3.26861E-3 4.68134E-3 5.76024E-2 5.47142E-2 7.52689E-2 1.70778E-1 9.95558E-2 8.48015E-2 1.05162E-1 1.18951E-1 3.22321E-1 2.04722E-1 1.1272E-1 9.78074E-2 9.64895E-2 3.63514E-1 1.33366E-1 2.48291E-1 3.43662E-1 1.13827E-1 4.33534E-1 4.67124E-1 4.72758E-1 6.18928E-1 7.66412E-1 7.19269E-1 7.89301E-1 7.06211E-1 6.03802E-1 5.37204E-1 4.39486E-1 2.61829E-1 1.80862E-1 2.67087E-1 2.6712E-1 1.57315E-1 4.53452E-1 6.98409E-1 6.0956E-1 5.4843E-1 6.33116E-1 4.20497E-1 5.7802E-1 5.70461E-1 4.25027E-1 6.22028E-1 5.22019E-1 3.70451E-1 4.74599E-1
