Candidate_Models_Sept202022/M_0.6_F_lqp_Set_1_cal/Bison.asc
ncols         97
nrows         127
xllcorner     -2197417.7431653
yllcorner     -584827.01486885
cellsize      30000.0
NODATA_value  -9999
[rows 54 to 80 of 127, columns 0 to 60 of 97]
-9999 -9999 -9999 -9999 3.81028E-2 9.69223E-3 2.16089E-3 8.71354E-3 7.7536E-3 1.21617E-3 1.68478E-3 1.34661E-2 8.54268E-3 1.59426E-2 1.34518E-2 9.77962E-3 1.79326E-2 3.30824E-2 4.10472E-2 5.51707E-2 8.02935E-2 9.76066E-2 8.89076E-2 7.54507E-2 7.1737E-2 1.55188E-1 1.02581E-1 7.90089E-2 1.2928E-1 1.08534E-1 1.16406E-1 1.30842E-1 1.47247E-1 1.62781E-1 1.60605E-1 1.67113E-1 1.6251E-1 1.5223E-1 1.60761E-1 1.94211E-1 2.67113E-1 2.85275E-1 2.19447E-1 1.64157E-1 1.59165E-1 1.3101E-1 1.49784E-1 1.25342E-1 1.02621E-1 9.32803E-2 1.00068E-1 1.07916E-1 7.10377E-2 1.22775E-1 1.66312E-1 8.33507E-2 1.04222E-1 9.8844E-2 1.03894E-1 8.28762E-2 5.3502E-2
-9999 -9999 -9999 -9999 -9999 5.80961E-3 2.15335E-3 4.45789E-3 3.21084E-2 4.12845E-3 9.60694E-4 1.06733E-2 4.15379E-2 9.51724E-3 1.32274E-2 8.88573E-3 1.08646E-2 1.61272E-2 4.60811E-2 3.26307E-2 8.73519E-2 1.03872E-1 9.16383E-2 1.27006E-1 7.65809E-2 8.05996E-2 8.73848E-2 1.01717E-1 1.80244E-1 1.63315E-1 1.55562E-1 1.4655E-1 1.56394E-1 1.51695E-1 1.49799E-1 1.93497E-1 1.88852E-1 1.7013E-1 2.00639E-1 1.93692E-1 2.58697E-1 3.28617E-1 2.06553E-1 1.62792E-1 1.67263E-1 1.52845E-1 1.40458E-1 1.1178E-1 1.17797E-1 7.17129E-2 9.44977E-2 1.09654E-1 9.55622E-2 1.63709E-1 1.4905E-1 1.09828E-1 1.10718E-1 8.61661E-2 9.58227E-2 7.65226E-2 7.21791E-2
-9999 -9999 -9999 -9999 -9999 1.16268E-2 5.26683E-3 9.10281E-3 1.41109E-2 6.36381E-3 1.40388E-4 2.24365E-3 2.78872E-3 2.4327E-3 1.84578E-2 9.38407E-3 1.7244E-2 2.36373E-2 3.35803E-2 5.39255E-2 9.73685E-2 7.13864E-2 6.94276E-2 8.76588E-2 6.61464E-2 5.94983E-2 7.97299E-2 1.47658E-1 2.35327E-1 1.63283E-1 1.86731E-1 1.86607E-1 1.86665E-1 1.85223E-1 2.10626E-1 2.3956E-1 1.94791E-1 1.77585E-1 2.01811E-1 1.83078E-1 2.81422E-1 2.26745E-1 1.68088E-1 1.77272E-1 1.72759E-1 1.56043E-1 1.43129E-1 1.24955E-1 1.38879E-1 1.34423E-1 1.5866E-1 1.43178E-1 1.68751E-1 1.58035E-1 1.10935E-1 1.24602E-1 1.18344E-1 1.17201E-1 7.7011E-2 5.95513E-2 2.91507E-2
-9999 -9999 -9999 -9999 -9999 -9999 1.21564E-2 -9999 2.95628E-2 1.59584E-3 4.43406E-4 1.52181E-3 3.15791E-3 3.72195E-3 4.63808E-3 2.56911E-2 1.39224E-2 2.24884E-2 4.10898E-2 6.83512E-2 6.01127E-2 6.64911E-2 6.88024E-2 9.68812E-2 7.19093E-2 8.70971E-2 5.53933E-2 1.45409E-1 1.79171E-1 1.93839E-1 3.47296E-1 3.09879E-1 2.2321E-1 2.06934E-1 2.26705E-1 2.55322E-1 2.5102E-1 1.95294E-1 2.05904E-1 1.66136E-1 1.9174E-1 1.42655E-1 1.93761E-1 1.70456E-1 1.23027E-1 1.4648E-1 1.28384E-1 1.70016E-1 1.84281E-1 1.66865E-1 1.61309E-1 1.87169E-1 1.43929E-1 1.37995E-1 1.2961E-1 1.21712E-1 1.1487E-1 1.03277E-1 8.1862E-2 5.60621E-2 3.44848E-2
-9999 -9999 -9999 4.32147E-3 -9999 -9999 -9999 -9999 -9999 5.26075E-3 2.16697E-3 6.12599E-4 1.58695E-3 3.50614E-3 2.91667E-3 2.00198E-2 1.49116E-2 2.79066E-2 3.68598E-2 5.90652E-2 5.52192E-2 7.60298E-2 5.86927E-2 1.11836E-1 5.36122E-2 6.368E-2 5.86719E-2 9.62624E-2 2.52028E-1 2.34569E-1 4.57796E-1 4.06275E-1 2.2031E-1 1.82833E-1 1.90972E-1 2.66979E-1 2.52177E-1 2.94365E-1 5.10723E-1 1.93958E-1 1.83821E-1 1.38587E-1 1.79661E-1 1.54136E-1 8.33015E-2 1.14934E-1 1.79674E-1 1.76691E-1 1.71531E-1 1.47773E-1 1.64919E-1 1.63127E-1 1.60886E-1 1.3966E-1 1.26207E-1 1.3607E-1 1.054E-1 1.08272E-1 8.84716E-2 7.094E-2 5.63997E-2
-9999 -9999 -9999 3.16982E-3 5.97274E-3 9.82061E-3 -9999 -9999 -9999 1.10684E-2 3.72701E-4 1.62487E-3 2.41496E-3 5.83476E-3 6.04911E-3 3.06089E-2 2.56325E-2 2.27797E-2 5.00631E-2 5.95752E-2 5.14997E-2 5.67193E-2 6.91243E-2 6.90912E-2 6.76664E-2 4.19542E-2 4.61747E-2 9.28541E-2 3.0879E-1 3.71931E-1 5.35643E-1 4.72029E-1 2.39398E-1 2.35308E-1 2.41793E-1 2.37151E-1 2.5071E-1 4.84527E-1 3.98701E-1 2.05011E-1 2.09955E-1 2.26009E-1 1.78159E-1 1.64567E-1 1.43903E-1 1.60519E-1 1.65702E-1 1.39197E-1 1.38722E-1 2.01569E-1 1.7889E-1 1.48137E-1 1.34005E-1 1.44179E-1 9.22311E-2 1.41342E-1 1.33292E-1 1.37671E-1 1.18401E-1 8.62048E-2 5.67626E-2
-9999 -9999 -9999 2.76856E-3 7.31594E-3 1.30902E-2 9.05412E-3 -9999 -9999 5.06057E-2 1.33193E-3 7.13228E-3 2.30798E-3 3.80115E-3 6.53136E-3 1.84062E-2 2.87031E-2 3.96324E-2 5.47907E-2 5.03093E-2 6.99735E-2 6.33814E-2 4.90827E-2 3.70441E-2 6.72076E-2 7.33132E-3 6.99476E-3 5.96683E-2 1.82967E-1 2.02407E-1 5.94742E-1 6.46968E-1 4.4031E-1 5.08744E-1 4.87477E-1 3.32066E-1 3.78845E-1 4.1818E-1 3.06333E-1 2.11287E-1 2.31721E-1 2.1948E-1 2.02826E-1 1.69098E-1 1.56265E-1 1.46837E-1 1.45496E-1 1.5491E-1 1.48243E-1 2.36551E-1 2.05828E-1 2.031E-1 1.41521E-1 1.57848E-1 8.74689E-2 1.36309E-1 1.15684E-1 1.42675E-1 1.17057E-1 8.66283E-2 4.70922E-2
-9999 -9999 -9999 1.8813E-3 4.00852E-3 7.33589E-3 -9999 -9999 1.74621E-2 9.16927E-4 2.22584E-4 1.38325E-3 1.52074E-3 3.78091E-3 1.04118E-2 2.01814E-2 1.07028E-1 5.08168E-2 6.44619E-2 3.70762E-2 6.20142E-2 6.33074E-2 6.45145E-2 5.11198E-2 5.49723E-2 9.58041E-3 4.6169E-3 4.01194E-2 1.09112E-1 3.64037E-1 5.679E-1 6.93588E-1 6.14917E-1 5.24179E-1 6.11045E-1 5.11692E-1 4.72356E-1 5.46734E-1 3.79655E-1 2.70666E-1 2.62512E-1 2.43103E-1 2.05805E-1 1.77079E-1 1.74341E-1 1.90128E-1 1.71016E-1 1.84499E-1 2.05452E-1 2.29772E-1 2.33018E-1 1.58541E-1 1.58152E-1 1.12401E-1 6.90128E-2 1.51052E-1 1.27469E-1 1.00007E-1 1.14217E-1 7.7958E-2 7.19576E-2
-9999 -9999 -9999 2.25681E-3 8.93131E-3 -9999 -9999 3.35333E-2 1.03397E-2 1.31927E-3 4.76668E-4 1.74099E-3 2.07916E-3 1.44159E-3 1.25784E-2 2.83017E-2 8.51604E-2 5.98165E-2 6.19962E-2 5.77211E-2 6.5609E-2 7.2864E-2 5.70712E-2 6.02804E-2 5.19935E-2 1.50445E-2 2.24063E-3 2.75828E-2 6.72187E-2 1.19177E-1 3.78833E-1 6.25373E-1 4.26491E-1 4.76519E-1 7.17718E-1 6.17399E-1 6.03479E-1 7.39685E-1 5.09295E-1 2.91321E-1 2.7157E-1 2.18649E-1 1.84493E-1 1.8356E-1 1.94796E-1 2.13446E-1 1.90539E-1 1.69385E-1 1.58795E-1 2.04102E-1 2.21397E-1 1.40431E-1 1.20295E-1 1.16722E-1 9.5491E-2 1.11575E-1 1.2218E-1 1.09013E-1 1.26657E-1 8.88989E-2 6.56621E-2
-9999 -9999 -9999 2.04877E-3 2.1827E-3 -9999 -9999 -9999 1.96407E-2 1.96289E-3 1.09372E-3 2.8609E-3 7.88403E-4 7.37294E-3 2.20838E-2 4.75578E-2 7.67318E-2 8.06325E-2 8.46585E-2 6.21584E-2 7.99771E-2 9.31771E-2 8.17675E-2 5.70459E-2 4.99159E-2 1.83733E-2 7.80663E-3 2.33347E-2 4.93214E-2 8.06077E-2 1.43519E-1 4.24054E-1 5.30555E-1 5.73161E-1 6.35457E-1 6.35637E-1 5.71445E-1 4.81868E-1 3.08892E-1 2.61213E-1 2.19704E-1 2.15057E-1 1.96174E-1 1.89202E-1 2.09997E-1 2.11845E-1 2.46426E-1 1.85851E-1 1.83811E-1 2.30617E-1 2.08679E-1 1.53618E-1 1.48138E-1 1.33419E-1 1.25233E-1 8.99774E-2 1.30961E-1 1.18077E-1 1.32283E-1 1.2073E-1 8.46449E-2
-9999 -9999 -9999 6.87807E-3 2.15668E-2 -9999 -9999 -9999 5.75854E-2 1.75707E-2 6.63099E-3 4.57282E-4 1.01292E-2 1.20737E-2 1.45194E-2 5.18488E-2 6.83972E-2 8.97774E-2 1.086E-1 6.80649E-2 6.62006E-2 1.27353E-1 9.79557E-2 7.41101E-2 5.60511E-2 3.04932E-2 9.32586E-3 2.10704E-2 3.31133E-2 8.23819E-2 1.23303E-1 4.63866E-1 5.17309E-1 6.27258E-1 4.84256E-1 5.67698E-1 4.9868E-1 5.39595E-1 3.27012E-1 3.25724E-1 2.36246E-1 2.28909E-1 1.9041E-1 1.91488E-1 2.81584E-1 2.88027E-1 2.66071E-1 1.93409E-1 1.67171E-1 2.34991E-1 2.91595E-1 1.79998E-1 1.45749E-1 9.98292E-2 1.47685E-1 9.26113E-2 1.12788E-1 1.06479E-1 9.03561E-2 1.24758E-1 7.62909E-2
-9999 -9999 -9999 2.25105E-3 3.20926E-2 -9999 -9999 -9999 8.13519E-2 1.28533E-2 6.37078E-4 1.97804E-4 3.34092E-3 1.02294E-2 8.90729E-2 5.05194E-2 5.36181E-2 1.02066E-1 8.54259E-2 8.36741E-2 1.4254E-1 1.87998E-1 1.04041E-1 8.06867E-2 5.59455E-2 2.78418E-2 1.10934E-2 1.33002E-2 2.52376E-2 5.3136E-2 1.00417E-1 2.76459E-1 4.71313E-1 6.56062E-1 5.24057E-1 5.53967E-1 3.20143E-1 4.94777E-1 5.12304E-1 3.50339E-1 1.87669E-1 1.73695E-1 1.95732E-1 2.03928E-1 2.28291E-1 2.15958E-1 2.20346E-1 2.03166E-1 2.51212E-1 2.41697E-1 2.21285E-1 2.01754E-1 1.60499E-1 1.44358E-1 1.25294E-1 1.21685E-1 9.89771E-2 1.53975E-1 1.14546E-1 1.20109E-1 1.44266E-1
-9999 -9999 -9999 -9999 4.80501E-3 -9999 -9999 -9999 -9999 1.88217E-2 1.27666E-3 7.68489E-4 2.95694E-3 3.02919E-3 2.05735E-2 4.65471E-2 4.90563E-2 1.03013E-1 1.22305E-1 1.50367E-1 1.15089E-1 3.14289E-1 1.6083E-1 1.00967E-1 9.89011E-2 3.93724E-2 1.41372E-2 8.60758E-3 2.18039E-2 2.82751E-2 6.87937E-2 1.11718E-1 1.51738E-1 2.21142E-1 1.9632E-1 2.53138E-1 4.79322E-1 4.03727E-1 2.2441E-1 1.70206E-1 2.62258E-1 1.93E-1 2.68818E-1 2.2211E-1 2.19816E-1 2.82997E-1 2.56475E-1 2.7522E-1 1.90435E-1 1.76942E-1 2.95002E-1 1.90541E-1 1.7999E-1 1.75129E-1 1.80552E-1 1.32059E-1 1.30413E-1 1.24568E-1 1.19546E-1 1.25548E-1 1.2889E-1
-9999 -9999 -9999 -9999 1.01018E-2 -9999 -9999 -9999 -9999 6.29502E-2 9.36334E-3 2.26378E-3 4.59875E-3 3.81111E-3 1.328E-2 4.12169E-2 8.38985E-2 9.99697E-2 1.18171E-1 1.00373E-1 1.24689E-1 1.62307E-1 1.19283E-1 1.94971E-1 2.69086E-1 4.91765E-2 1.9171E-2 6.72063E-3 1.27125E-2 2.63972E-2 4.13936E-2 6.83046E-2 1.39695E-1 2.52475E-1 1.67537E-1 1.71894E-1 2.88579E-1 1.90772E-1 1.35385E-1 1.13535E-1 2.20217E-1 1.72714E-1 2.10595E-1 2.8061E-1 2.37528E-1 2.72127E-1 4.06723E-1 2.73914E-1 2.43602E-1 2.55021E-1 2.68017E-1 2.32507E-1 2.25797E-1 1.80206E-1 1.7411E-1 1.81628E-1 1.55145E-1 1.53468E-1 1.38242E-1 1.09952E-1 1.08736E-1
-9999 -9999 -9999 -9999 -9999 -9999 -9999 -9999 -9999 4.40654E-2 3.75616E-2 3.28123E-3 5.09016E-3 4.85423E-3 5.48837E-3 2.03866E-2 8.53737E-2 9.63648E-2 1.00077E-1 1.30065E-1 1.17072E-1 1.22897E-1 1.36235E-1 1.02174E-1 7.62725E-2 1.95968E-2 9.6718E-3 1.46122E-2 8.39663E-3 2.71679E-2 5.10422E-2 7.1666E-2 8.47165E-2 1.8908E-1 1.11483E-1 1.65777E-1 3.12098E-1 2.8186E-1 1.6648E-1 2.36216E-1 2.77054E-1 2.0387E-1 2.60869E-1 3.00088E-1 4.71354E-1 5.33462E-1 5.407E-1 3.26633E-1 2.67743E-1 2.56059E-1 2.89964E-1 2.8525E-1 2.20246E-1 1.34994E-1 1.85404E-1 1.56975E-1 1.57045E-1 1.77711E-1 1.38765E-1 1.18477E-1 1.20245E-1
-9999 -9999 -9999 -9999 -9999 -9999 -9999 -9999 -9999 -9999 3.18422E-2 6.99802E-3 4.07069E-3 3.4395E-3 1.16541E-2 2.44249E-2 7.94147E-2 8.81459E-2 1.09325E-1 1.16753E-1 1.13167E-1 1.0894E-1 1.3535E-1 1.09601E-1 7.44855E-2 2.46554E-2 1.41486E-2 1.18792E-2 1.37244E-2 1.95657E-2 4.81095E-2 7.01715E-2 1.21494E-1 1.34384E-1 1.66423E-1 1.69539E-1 2.67698E-1 2.95552E-1 1.94279E-1 2.38929E-1 2.57582E-1 4.32621E-1 4.32743E-1 5.31243E-1 5.81043E-1 6.02766E-1 5.15394E-1 6.39526E-1 2.8037E-1 2.61301E-1 3.50715E-1 2.83975E-1 1.89765E-1 1.81201E-1 1.76314E-1 1.74225E-1 2.07121E-1 2.07988E-1 1.75565E-1 1.35018E-1 1.56031E-1
-9999 -9999 -9999 -9999 -9999 -9999 -9999 -9999 -9999 -9999 2.56335E-2 5.26202E-3 3.56243E-4 1.4714E-3 1.15037E-2 1.23448E-2 8.04389E-2 1.25784E-1 1.03701E-1 1.24307E-1 1.19147E-1 1.11145E-1 1.46349E-1 1.62385E-1 6.86021E-2 3.17791E-2 1.9454E-2 1.10085E-2 2.22741E-2 3.32372E-2 5.39539E-2 7.92633E-2 9.42024E-2 1.49785E-1 1.72175E-1 2.50787E-1 2.11837E-1 1.97524E-1 2.08924E-1 4.75724E-1 4.70161E-1 5.95278E-1 4.66429E-1 5.35044E-1 5.67479E-1 5.67677E-1 3.63415E-1 5.40282E-1 4.4747E-1 5.26613E-1 5.07951E-1 3.33601E-1 2.43198E-1 2.06266E-1 1.88515E-1 1.87531E-1 1.84787E-1 1.49658E-1 1.66594E-1 1.61758E-1 1.64816E-1
-9999 -9999 -9999 -9999 -9999 -9999 -9999 -9999 -9999 -9999 2.26023E-2 2.93555E-3 6.97331E-4 1.23948E-3 7.212E-2 3.66866E-2 5.79071E-2 1.47373E-1 1.22841E-1 1.69309E-1 1.47797E-1 1.43354E-1 1.46856E-1 1.54758E-1 8.52898E-2 2.67981E-2 1.83201E-2 1.98199E-2 2.70467E-2 3.99446E-2 7.48187E-2 1.17135E-1 1.10623E-1 1.09414E-1 1.76868E-1 2.23184E-1 3.33015E-1 4.13753E-1 4.43938E-1 3.88236E-1 4.57987E-1 5.11819E-1 6.1843E-1 6.06376E-1 6.11542E-1 6.56368E-1 6.64756E-1 6.21698E-1 5.16845E-1 6.5141E-1 6.51394E-1 5.67951E-1 4.61316E-1 4.125E-1 3.91553E-1 2.29699E-1 2.01216E-1 1.81043E-1 1.96852E-1 1.98413E-1 1.76721E-1
-9999 -9999 -9999 -9999 -9999 -9999 -9999 -9999 -9999 -9999 1.47191E-2 2.09155E-3 2.56235E-3 1.11079E-3 1.13448E-2 2.17995E-2 7.75065E-2 1.37188E-1 1.45591E-1 2.2386E-1 2.52613E-1 1.70643E-1 1.37671E-1 1.43079E-1 8.28566E-2 3.64087E-2 1.96415E-2 1.82198E-2 6.12587E-2 3.63548E-2 6.13712E-2 1.2358E-1 1.36172E-1 1.00816E-1 2.50635E-1 1.91243E-1 3.03043E-1 3.84428E-1 3.43602E-1 4.1565E-1 5.70222E-1 6.85553E-1 7.32757E-1 6.93644E-1 7.78807E-1 6.94568E-1 6.95064E-1 6.78687E-1 6.99334E-1 7.01276E-1 4.81126E-1 3.77218E-1 3.78976E-1 4.90607E-1 4.99029E-1 4.76626E-1 2.60411E-1 2.02342E-1 2.0418E-1 2.04223E-1 1.95968E-1
-9999 -9999 -9999 -9999 -9999 -9999 -9999 -9999 -9999 -9999 4.43623E-3 3.38398E-3 2.88152E-3 6.23097E-3 1.35317E-1 9.24304E-3 9.95407E-2 8.58338E-2 1.32062E-1 2.56436E-1 3.37828E-1 1.97428E-1 1.65243E-1 1.11894E-1 1.2751E-1 6.99582E-2 4.19723E-2 2.40455E-2 3.87635E-2 8.95295E-2 5.9909E-2 4.98809E-2 1.16731E-1 2.20525E-1 2.07948E-1 2.65619E-1 2.6003E-1 2.71409E-1 3.37255E-1 4.43856E-1 5.93636E-1 7.8015E-1 7.85817E-1 8.62806E-1 8.29384E-1 6.882E-1 6.02434E-1 6.52541E-1 5.22569E-1 7.14112E-1 6.94367E-1 4.82223E-1 3.9536E-1 5.55648E-1 4.45219E-1 3.93712E-1 2.54385E-1 3.04963E-1 2.63176E-1 2.04782E-1 2.16389E-1
-9999 -9999 -9999 -9999 -9999 -9999 -9999 -9999 1.86904E-2 9.87689E-3 5.23691E-3 3.28914E-3 1.88206E-3 3.29707E-3 5.99242E-3 1.01376E-1 1.10092E-1 1.01072E-1 1.06338E-1 1.61591E-1 1.78448E-1 2.51481E-1 2.52424E-1 1.45549E-1 1.44611E-1 9.04542E-2 3.06608E-2 1.35047E-2 1.45994E-2 3.33939E-2 2.83177E-2 4.73999E-2 1.10995E-1 1.03876E-1 1.57243E-1 1.35666E-1 1.91638E-1 3.30742E-1 2.83617E-1 5.03753E-1 6.75488E-1 7.90804E-1 7.35533E-1 7.45081E-1 7.65279E-1 6.2321E-1 6.2486E-1 6.69641E-1 6.31133E-1 5.45398E-1 6.48162E-1 6.00601E-1 5.18524E-1 4.87164E-1 4.18136E-1 3.89912E-1 4.40431E-1 4.21841E-1 4.12816E-1 2.75975E-1 2.60728E-1
-9999 -9999 -9999 -9999 -9999 -9999 -9999 -9999 1.51668E-2 3.59932E-3 4.22469E-3 4.50811E-3 4.10164E-3 1.37004E-3 1.77838E-3 1.34757E-2 1.74212E-2 1.65688E-1 8.50345E-2 6.07074E-2 9.79363E-2 1.37687E-1 2.5278E-1 1.26924E-1 1.23838E-1 7.94714E-2 4.31182E-2 2.33135E-2 1.33935E-2 1.40857E-2 5.07883E-2 2.81574E-2 1.08431E-1 1.47505E-1 2.0173E-1 1.10668E-1 2.60656E-1 2.65764E-1 2.7797E-1 2.60296E-1 5.61484E-1 7.49707E-1 7.17384E-1 6.98182E-1 7.13235E-1 6.40497E-1 5.82431E-1 6.29331E-1 6.1622E-1 6.82304E-1 6.41552E-1 6.10833E-1 5.77262E-1 4.84761E-1 4.66921E-1 5.39685E-1 5.71743E-1 5.73278E-1 4.95662E-1 5.21324E-1 5.35205E-1
-9999 -9999 -9999 -9999 -9999 -9999 -9999 -9999 3.61024E-3 1.94344E-3 7.08281E-4 7.51306E-4 2.06615E-3 1.45791E-3 1.08729E-3 1.01165E-2 9.84859E-3 1.10976E-1 9.31692E-2 1.00671E-1 7.75799E-2 7.70827E-2 1.73808E-1 1.51549E-1 1.54532E-1 1.70152E-1 6.41075E-2 4.79703E-2 2.02613E-2 1.26436E-2 4.34574E-2 3.40904E-2 6.60846E-2 2.30928E-1 4.23568E-1 3.65023E-1 1.78303E-1 2.6805E-1 2.5819E-1 5.80798E-1 7.30993E-1 7.89387E-1 7.646E-1 7.78274E-1 7.67413E-1 6.61048E-1 6.1483E-1 5.59637E-1 6.82868E-1 6.8593E-1 7.31395E-1 6.46129E-1 5.98144E-1 5.2413E-1 6.11047E-1 4.44174E-1 6.24751E-1 5.98807E-1 4.96402E-1 6.28866E-1 6.33319E-1
-9999 -9999 -9999 -9999 -9999 -9999 -9999 -9999 -9999 6.45318E-3 7.62657E-4 5.01762E-4 9.10616E-4 3.32205E-3 1.2508E-3 2.32939E-3 1.93937E-2 1.32223E-1 3.58658E-1 1.76985E-1 3.70509E-2 4.5818E-2 6.88399E-2 1.67116E-1 1.14977E-1 1.21777E-1 8.55812E-2 5.4211E-2 2.28843E-2 1.33742E-2 9.16806E-3 1.56199E-2 3.56259E-2 8.12197E-2 1.91472E-1 2.1926E-1 2.47176E-1 2.18086E-1 3.37063E-1 7.68214E-1 7.25991E-1 8.54039E-1 8.36019E-1 7.90866E-1 7.43349E-1 6.24505E-1 6.78068E-1 6.83718E-1 5.30943E-1 5.92459E-1 5.75386E-1 6.31554E-1 5.3962E-1 7.39797E-1 6.99004E-1 5.28337E-1 6.05604E-1 6.62847E-1 5.63073E-1 6.20075E-1 5.22179E-1
-9999 -9999 -9999 -9999 -9999 -9999 -9999 -9999 -9999 4.24317E-3 2.69271E-3 5.18467E-4 4.22319E-4 1.90984E-3 4.91707E-3 3.03366E-3 4.47905E-3 6.74484E-3 4.48201E-2 6.82788E-2 3.52151E-2 2.65326E-2 5.85778E-2 1.10401E-1 1.05062E-1 1.12657E-1 1.17823E-1 5.11053E-2 1.79573E-2 7.0181E-3 1.16896E-2 4.76489E-3 5.41214E-2 3.67105E-2 1.5779E-1 2.55573E-1 3.74505E-1 2.49567E-1 2.53789E-1 6.67232E-1 7.96239E-1 7.83625E-1 7.17693E-1 7.22755E-1 6.99685E-1 5.48644E-1 4.70539E-1 6.81264E-1 5.73208E-1 6.18177E-1 6.88302E-1 5.7616E-1 6.53495E-1 6.32858E-1 6.96923E-1 6.31233E-1 4.89151E-1 5.54814E-1 5.25946E-1 5.61216E-1 5.63626E-1
-9999 -9999 -9999 -9999 -9999 -9999 -9999 -9999 -9999 -9999 3.81526E-3 6.3238E-4 3.29267E-4 3.08843E-3 8.3322E-3 1.39413E-3 3.13013E-3 8.20835E-3 2.79583E-2 2.13168E-2 2.7054E-2 1.74976E-2 5.80332E-2 2.13428E-1 1.4952E-1 1.33279E-1 8.01914E-2 4.49629E-2 1.52352E-2 9.32895E-3 1.74438E-2 1.12065E-2 1.17829E-2 2.21524E-2 7.23431E-2 1.74111E-1 2.15532E-1 2.2523E-1 3.69759E-1 7.0531E-1 7.49915E-1 7.42781E-1 7.25171E-1 7.03005E-1 5.29353E-1 5.55835E-1 4.62771E-1 6.05913E-1 5.42728E-1 6.15239E-1 7.23604E-1 7.02261E-1 7.11434E-1 7.20155E-1 5.8896E-1 6.53577E-1 6.68278E-1 5.10389E-1 5.2248E-1 5.92069E-1 5.54577E-1
-9999 -9999 -9999 -9999 -9999 -9999 -9999 -9999 -9999 -9999 4.53372E-3 1.09224E-3 7.71221E-4 1.61723E-3 7.66911E-3 3.58157E-3 1.63582E-3 2.05769E-3 7.55677E-3 1.59908E-2 2.22389E-2 3.56381E-2 5.25025E-2 7.16697E-2 1.81189E-1 3.00187E-1 2.69373E-1 8.74057E-2 6.8648E-2 2.0459E-2 1.05678E-2 3.53618E-2 4.37172E-2 6.35499E-2 8.53591E-2 1.0661E-1 1.35547E-1 2.05953E-1 2.71881E-1 7.37237E-1 7.99052E-1 7.53983E-1 7.51891E-1 7.81931E-1 7.14589E-1 5.67252E-1 4.20909E-1 4.78546E-1 5.49643E-1 5.66638E-1 6.69103E-1 6.83277E-1 6.93724E-1 6.88578E-1 6.90622E-1 6.02223E-1 6.35386E-1 6.37035E-1 6.51693E-1 5.10024E-1 5.25705E-1
