Candidate_Models_Sept202022/M_0.6_F_lqp_Set_1_cal/Bison.asc
ncols         97
nrows         127
xllcorner     -2197417.7431653
yllcorner     -584827.01486885
cellsize      30000.0
NODATA_value  -9999
[rows 27 to 53 of 127, columns 0 to 60 of 97]
-9999 -9999 7.47076E-3 1.62664E-3 2.13903E-2 5.92908E-2 6.87834E-2 9.76362E-2 1.9993E-1 9.28135E-2 6.52916E-2 1.14579E-1 3.42485E-2 5.94234E-2 4.70186E-2 7.30273E-2 4.26154E-2 3.71437E-2 1.75028E-2 1.60563E-2 1.5148E-2 1.3295E-2 8.09161E-3 7.33878E-3 8.73225E-3 1.8078E-2 2.06115E-2 1.61738E-2 1.52877E-2 1.52937E-2 1.38637E-2 2.30299E-2 1.79824E-2 2.74042E-2 4.58363E-2 4.79204E-2 6.0314E-2 4.93231E-2 1.58644E-2 6.5757E-2 1.62739E-1 1.10403E-1 1.04879E-1 2.42885E-1 8.88531E-2 6.05714E-2 5.80649E-2 3.47614E-2 2.32205E-2 1.93523E-2 1.60731E-2 1.68785E-2 9.91233E-3 8.06927E-3 4.64277E-3 3.38175E-3 3.23516E-3 2.92686E-3 3.53752E-3 4.27652E-3 6.18122E-3
-9999 2.05623E-4 8.61654E-3 2.63017E-3 1.81334E-3 2.12192E-2 8.04456E-2 7.98744E-2 8.11822E-2 1.04969E-1 7.68165E-2 7.89786E-2 9.62893E-2 8.56063E-2 5.68497E-2 6.10035E-2 8.16056E-2 4.54636E-2 3.31455E-2 2.45516E-2 3.00223E-2 1.93482E-2 9.05855E-3 9.89209E-3 1.17686E-2 2.07499E-2 2.25857E-2 2.0529E-2 2.18368E-2 2.01987E-2 1.60571E-2 1.57087E-2 1.84145E-2 2.38225E-2 2.3001E-2 3.65809E-2 4.8897E-2 1.13548E-1 1.07182E-1 8.33667E-2 9.5614E-2 4.95737E-2 1.12636E-1 1.04068E-1 1.05424E-1 4.59019E-2 4.51048E-2 2.40284E-2 2.08627E-2 1.37819E-2 1.65025E-2 1.99193E-2 8.34942E-3 6.22356E-3 4.76215E-3 3.78318E-3 3.19329E-3 2.95319E-3 3.12071E-3 3.66585E-3 3.462E-3
-9999 1.39474E-5 4.41018E-5 1.53119E-3 2.15004E-3 2.02893E-2 4.36056E-2 8.57655E-2 1.22405E-1 1.08598E-1 6.38075E-2 8.95099E-2 1.03308E-1 8.13808E-2 7.33988E-2 3.88816E-2 5.5121E-2 5.83808E-2 5.86136E-2 3.83331E-2 2.09861E-2 1.21669E-2 1.55903E-2 1.42559E-2 2.45612E-2 1.92213E-2 2.33213E-2 2.32228E-2 1.73788E-2 1.72704E-2 1.61071E-2 1.83756E-2 3.2099E-2 2.33666E-2 2.29095E-2 2.75489E-2 3.8833E-2 7.25996E-2 6.06764E-2 9.46314E-2 1.06766E-1 9.96942E-2 1.17741E-1 8.32894E-2 3.81249E-2 4.99119E-2 2.84641E-2 2.0915E-2 1.35722E-2 1.53611E-2 1.53964E-2 1.25683E-2 7.73982E-3 5.50949E-3 4.38327E-3 3.72359E-3 3.14942E-3 2.70647E-3 2.61649E-3 3.44605E-3 3.35319E-3
6.84836E-3 1.06846E-5 8.66529E-8 5.23353E-6 8.91978E-5 5.85561E-3 3.93053E-2 1.13317E-1 8.67177E-2 9.05186E-2 7.48102E-2 8.8938E-2 1.20589E-1 1.35441E-1 7.1231E-2 5.15635E-2 9.22973E-2 6.20073E-2 5.74327E-2 4.32312E-2 2.33558E-2 1.54239E-2 2.53701E-2 2.89256E-2 1.99633E-2 2.26517E-2 2.00525E-2 2.66721E-2 1.78878E-2 1.61398E-2 1.46512E-2 1.58748E-2 2.60444E-2 1.77708E-2 3.04211E-2 3.4846E-2 4.3716E-2 4.93678E-2 8.03589E-2 9.66978E-2 9.91644E-2 8.25787E-2 7.4537E-2 9.34237E-2 4.50726E-2 3.91816E-2 3.22012E-2 2.05379E-2 1.25485E-2 7.97115E-3 7.03661E-3 7.77557E-3 7.50702E-3 6.19511E-3 4.9894E-3 3.94246E-3 3.0204E-3 2.7721E-3 2.73253E-3 3.34832E-3 3.24273E-3
3.24102E-2 1.2353E-2 3.96348E-6 1.58925E-7 2.50202E-5 1.28399E-2 4.85832E-2 1.40323E-1 9.89749E-2 1.0283E-1 1.08612E-1 1.14468E-1 1.12455E-1 1.80477E-1 9.90438E-2 9.5789E-2 5.20525E-2 9.03432E-2 4.54699E-2 2.32732E-2 1.67742E-2 2.05543E-2 2.3992E-2 2.32214E-2 2.49453E-2 1.91964E-2 2.11413E-2 2.34498E-2 2.06725E-2 1.7546E-2 1.87907E-2 2.07176E-2 2.38162E-2 1.0959E-2 3.83329E-2 3.78117E-2 5.68023E-2 6.63993E-2 7.0055E-2 5.62803E-2 7.65961E-2 7.74508E-2 7.20146E-2 5.34416E-2 4.08262E-2 3.09929E-2 2.92847E-2 2.45591E-2 1.59571E-2 8.33128E-3 7.60209E-3 7.95745E-3 6.56502E-3 6.19082E-3 5.28608E-3 4.1129E-3 3.24552E-3 3.14422E-3 2.97474E-3 3.26061E-3 3.3495E-3
4.76427E-2 1.83985E-1 7.97055E-3 1.09221E-5 9.71431E-6 9.33662E-3 7.53112E-2 1.07491E-1 1.15846E-1 1.10709E-1 1.13572E-1 1.10587E-1 1.05689E-1 1.09966E-1 8.73094E-2 6.159E-2 5.61825E-2 5.1906E-2 6.2195E-2 3.95505E-2 2.58764E-2 2.35225E-2 2.57632E-2 2.82107E-2 4.00239E-2 2.49861E-2 2.41703E-2 4.40103E-2 2.50736E-2 2.12798E-2 1.56323E-2 1.71952E-2 1.69959E-2 1.61746E-2 2.95432E-2 4.42826E-2 6.42009E-2 4.34819E-2 4.07513E-2 4.22481E-2 3.8149E-2 7.63415E-2 7.00124E-2 8.54533E-2 6.53395E-2 2.82749E-2 2.57579E-2 2.43641E-2 2.07595E-2 9.62101E-3 8.93106E-3 8.31658E-3 6.1416E-3 6.37883E-3 5.45128E-3 4.06331E-3 3.56319E-3 3.36474E-3 3.62902E-3 3.35433E-3 3.6019E-3
-9999 4.64392E-2 1.25017E-1 2.61171E-2 8.88783E-5 1.8919E-2 4.28247E-2 1.06195E-1 9.29673E-2 7.56551E-2 1.22897E-1 1.28115E-1 1.07923E-1 9.92598E-2 4.29747E-2 4.25686E-2 2.47796E-2 2.16689E-2 6.2618E-2 5.25392E-2 3.70427E-2 4.9227E-2 3.20058E-2 2.79334E-2 3.17935E-2 3.99462E-2 3.44835E-2 3.85096E-2 3.54766E-2 2.42718E-2 2.11739E-2 2.20959E-2 2.01424E-2 2.74232E-2 3.65111E-2 4.60541E-2 5.94313E-2 6.0082E-2 4.69416E-2 7.10711E-2 5.66917E-2 4.70795E-2 6.98629E-2 6.35206E-2 5.49476E-2 3.13961E-2 3.10193E-2 4.56975E-2 3.19431E-2 1.81463E-2 1.3532E-2 1.14029E-2 8.32935E-3 7.61989E-3 5.55326E-3 4.64622E-3 4.68696E-3 3.75203E-3 3.72519E-3 3.42869E-3 3.85432E-3
-9999 -9999 2.56913E-2 2.35629E-2 1.85782E-3 3.78065E-2 1.76225E-2 4.57634E-2 7.06251E-2 9.92267E-2 8.26527E-2 2.00257E-1 7.93504E-2 7.50342E-2 4.46771E-2 3.81528E-2 2.98573E-2 2.2033E-2 2.58785E-2 5.47274E-2 5.26393E-2 3.06375E-2 3.1726E-2 2.74398E-2 4.97166E-2 3.73384E-2 4.51017E-2 5.93941E-2 3.42545E-2 2.96147E-2 2.04031E-2 1.91397E-2 2.94486E-2 3.82192E-2 4.77225E-2 3.75027E-2 4.08828E-2 4.14689E-2 3.69498E-2 5.21362E-2 7.48606E-2 7.18005E-2 9.07308E-2 5.98559E-2 6.91843E-2 4.62067E-2 4.49538E-2 4.06092E-2 4.72761E-2 4.83972E-2 2.34404E-2 1.39736E-2 8.9567E-3 7.80053E-3 5.92759E-3 4.81761E-3 5.22338E-3 4.08015E-3 4.15255E-3 4.18206E-3 4.00832E-3
-9999 -9999 3.41038E-2 4.26089E-2 1.19588E-2 1.93938E-2 9.99358E-3 2.63079E-2 3.65969E-2 1.12265E-1 9.95072E-2 1.31787E-1 8.34785E-2 7.19219E-2 4.14784E-2 7.01122E-2 5.13405E-2 5.20665E-2 2.92183E-2 3.44552E-2 4.29538E-2 5.78183E-2 3.67454E-2 2.7742E-2 4.55121E-2 3.64368E-2 4.43557E-2 4.6032E-2 4.8085E-2 2.54481E-2 2.31751E-2 2.12855E-2 2.38195E-2 3.04158E-2 3.13662E-2 4.17058E-2 2.76504E-2 3.05323E-2 4.09164E-2 4.2246E-2 3.98294E-2 8.57967E-2 4.22465E-2 6.77762E-2 6.6397E-2 5.79088E-2 4.50135E-2 5.03218E-2 3.9668E-2 7.44326E-2 3.16939E-2 3.06836E-2 1.34049E-2 8.29993E-3 6.65637E-3 5.52059E-3 4.95439E-3 4.78826E-3 4.90261E-3 4.71101E-3 3.92593E-3
-9999 -9999 3.82408E-2 6.49717E-2 1.97638E-2 9.32846E-3 9.15913E-3 4.88016E-2 6.2964E-2 8.60831E-2 1.10513E-1 8.23423E-2 1.16208E-1 7.91911E-2 4.52594E-2 6.53194E-2 7.93063E-2 6.5928E-2 6.56411E-2 4.73049E-2 4.78907E-2 5.90745E-2 3.65124E-2 4.49203E-2 3.29341E-2 3.76746E-2 4.64107E-2 4.26425E-2 4.65327E-2 3.3998E-2 2.48902E-2 1.9164E-2 2.03659E-2 3.06404E-2 4.11599E-2 4.559E-2 2.7669E-2 3.19626E-2 3.53905E-2 2.95221E-2 3.44851E-2 4.06505E-2 3.57637E-2 2.31845E-2 6.81676E-2 6.76629E-2 5.41339E-2 7.04196E-2 5.31789E-2 6.09256E-2 2.99745E-2 2.12555E-2 1.3171E-2 9.40583E-3 9.38664E-3 7.0414E-3 6.0779E-3 5.34029E-3 6.1168E-3 5.24606E-3 4.51E-3
-9999 -9999 -9999 3.79219E-2 4.16759E-2 4.7474E-2 2.71344E-2 4.61911E-2 5.28697E-2 3.28113E-2 4.00674E-2 9.86525E-2 1.20159E-1 8.91473E-2 5.21623E-2 6.04889E-2 6.45552E-2 5.68559E-2 6.04042E-2 6.48053E-2 4.95905E-2 4.39929E-2 2.97735E-2 5.25839E-2 6.7383E-2 4.06415E-2 5.62192E-2 4.64892E-2 3.42655E-2 2.54982E-2 1.98137E-2 2.77195E-2 2.26267E-2 3.10454E-2 3.88092E-2 3.78548E-2 3.24403E-2 3.11833E-2 1.70018E-2 2.6016E-2 2.34252E-2 3.12244E-2 5.00661E-2 5.45833E-2 7.66032E-2 5.92531E-2 5.42374E-2 6.69222E-2 4.0588E-2 2.88107E-2 2.28704E-2 2.18566E-2 1.92259E-2 1.27923E-2 1.23704E-2 9.21502E-3 9.40188E-3 7.21843E-3 5.34328E-3 5.29622E-3 4.9906E-3
-9999 -9999 -9999 1.24861E-2 2.22197E-2 1.52911E-1 6.09529E-2 9.6021E-2 1.15094E-1 9.76508E-2 2.50408E-2 7.80575E-2 7.90862E-2 8.35699E-2 9.65158E-2 7.07587E-2 4.22703E-2 5.42408E-2 4.66564E-2 5.86435E-2 3.41067E-2 3.45438E-2 2.55091E-2 4.19039E-2 5.04968E-2 5.31196E-2 5.58048E-2 3.43664E-2 2.28357E-2 2.24874E-2 2.01173E-2 2.74673E-2 2.84668E-2 3.46858E-2 3.54094E-2 3.49911E-2 3.52179E-2 4.61755E-2 5.77925E-2 3.60119E-2 2.94865E-2 3.3509E-2 4.70383E-2 3.04664E-2 6.80866E-2 6.25374E-2 6.01935E-2 7.14042E-2 6.99558E-2 5.66956E-2 2.00467E-2 5.11202E-2 2.55863E-2 2.20623E-2 1.52877E-2 9.59688E-3 8.88772E-3 7.45719E-3 7.04081E-3 5.64882E-3 5.14428E-3
-9999 -9999 -9999 3.37033E-3 2.19058E-1 7.93627E-2 6.60883E-2 9.41741E-2 8.19214E-2 9.88788E-2 3.67934E-2 4.75949E-2 8.01745E-2 7.11062E-2 6.38918E-2 6.94332E-2 3.52807E-2 5.3806E-2 5.01876E-2 6.86431E-2 4.70382E-2 2.88494E-2 4.30616E-2 4.54703E-2 5.85102E-2 5.05828E-2 4.78788E-2 3.80879E-2 2.83121E-2 2.19939E-2 2.31232E-2 3.20713E-2 3.75426E-2 3.31191E-2 4.62036E-2 4.7092E-2 5.68861E-2 6.50407E-2 5.62749E-2 3.26968E-2 1.94807E-2 2.1334E-2 4.65385E-2 7.47967E-2 8.10189E-2 7.05011E-2 5.0372E-2 8.72721E-2 6.53578E-2 5.56002E-2 4.30429E-2 2.87987E-2 5.20026E-2 3.54877E-2 2.36847E-2 2.16151E-2 2.59377E-2 1.56174E-2 1.19006E-2 7.73694E-3 5.87273E-3
-9999 -9999 -9999 -9999 9.37836E-2 6.9672E-2 3.02472E-2 1.98306E-2 9.7186E-2 5.05944E-2 6.01556E-3 2.80805E-2 9.77701E-2 5.23322E-2 6.77708E-2 8.36116E-2 7.02978E-2 5.81742E-2 7.2323E-2 7.92262E-2 5.47644E-2 4.03008E-2 4.50819E-2 3.98923E-2 4.8716E-2 4.98651E-2 4.69E-2 3.67795E-2 3.22616E-2 2.84954E-2 2.80932E-2 3.67157E-2 3.36027E-2 4.59388E-2 3.79439E-2 4.52522E-2 5.5233E-2 4.65451E-2 3.79976E-2 4.05111E-2 3.4859E-2 3.47984E-2 3.61374E-2 9.14583E-2 9.24884E-2 6.99004E-2 4.64941E-2 7.95553E-2 8.17593E-2 6.67736E-2 2.89115E-2 6.3064E-2 8.97898E-2 4.37205E-2 3.47717E-2 4.71227E-2 2.2996E-2 3.22865E-2 3.16901E-2 8.77627E-3 5.7951E-3
-9999 -9999 -9999 -9999 9.58127E-3 2.21357E-2 1.59526E-2 5.32227E-2 1.23631E-2 3.98469E-3 1.75821E-3 2.01721E-2 8.54985E-2 6.49573E-2 8.47526E-2 4.83356E-2 6.11824E-2 7.86507E-2 6.9805E-2 7.53153E-2 7.16635E-2 7.92188E-2 4.96764E-2 4.46132E-2 4.15323E-2 3.90837E-2 5.61859E-2 4.02315E-2 3.75886E-2 2.55614E-2 2.59189E-2 4.18305E-2 4.52504E-2 5.12141E-2 4.54015E-2 5.26727E-2 4.92482E-2 7.33822E-2 6.69727E-2 9.14281E-2 9.01548E-2 9.72273E-2 6.02761E-2 1.01428E-1 7.5552E-2 1.03215E-1 1.01588E-1 2.76465E-2 6.4999E-2 1.12466E-1 8.54359E-2 8.82429E-2 9.76733E-2 2.93415E-2 3.08055E-2 5.20462E-2 4.67458E-2 4.27008E-2 3.09735E-2 1.07373E-2 6.93047E-3
-9999 -9999 -9999 -9999 5.32273E-3 1.09099E-2 6.12552E-3 3.38356E-2 2.58615E-2 5.44347E-3 5.39116E-3 1.36747E-2 5.75809E-2 5.53685E-2 6.69155E-2 5.223E-2 6.91893E-2 8.75381E-2 4.26029E-2 6.77875E-2 7.40529E-2 5.73645E-2 6.7028E-2 6.01316E-2 6.56287E-2 5.89632E-2 5.04698E-2 4.21855E-2 4.04564E-2 2.64343E-2 3.92564E-2 5.56848E-2 6.43461E-2 6.19978E-2 6.28382E-2 6.32535E-2 5.7336E-2 7.43757E-2 1.14834E-1 1.2679E-1 9.03774E-2 8.82578E-2 1.13711E-1 1.01954E-1 8.86901E-2 1.01744E-1 1.1917E-1 1.14414E-1 -9999 1.01066E-1 7.04233E-2 7.04975E-2 3.7692E-2 4.4957E-2 1.02968E-1 5.45351E-2 4.98563E-2 4.45349E-2 6.51577E-2 1.62131E-2 8.06269E-3
-9999 -9999 -9999 -9999 4.31595E-3 8.76172E-3 3.57252E-3 4.40543E-4 1.66088E-1 3.68014E-1 1.19525E-2 1.12749E-2 2.80171E-2 3.75356E-2 5.25584E-2 6.12682E-2 7.02015E-2 4.88698E-2 4.12139E-2 6.10749E-2 7.34888E-2 7.27656E-2 7.20221E-2 8.5424E-2 6.19028E-2 5.42206E-2 4.55052E-2 5.21437E-2 3.38989E-2 3.33192E-2 4.76603E-2 6.58282E-2 6.56298E-2 6.55931E-2 5.67323E-2 7.2159E-2 6.65605E-2 6.35869E-2 6.49257E-2 8.30858E-2 1.24188E-1 9.52386E-2 1.01869E-1 1.02529E-1 1.0234E-1 7.77176E-2 -9999 -9999 -9999 -9999 8.41933E-2 4.51767E-2 5.25576E-2 8.95101E-2 7.6879E-2 6.42504E-2 2.57415E-2 1.82116E-2 9.76738E-3 1.40121E-2 1.35195E-2
-9999 -9999 -9999 -9999 1.74465E-3 7.05712E-3 4.07486E-3 1.14355E-3 4.96196E-4 4.95844E-1 1.28613E-2 4.36881E-2 2.53035E-2 4.16195E-2 4.66471E-2 5.73098E-2 5.67018E-2 4.07302E-2 4.47017E-2 5.15007E-2 5.08227E-2 6.47603E-2 7.2151E-2 7.15279E-2 3.96304E-2 3.44692E-2 4.22654E-2 3.50544E-2 4.68586E-2 5.08362E-2 5.68716E-2 6.3022E-2 7.05596E-2 8.74004E-2 4.4637E-2 6.57294E-2 8.0616E-2 6.31677E-2 6.84767E-2 7.38097E-2 1.04554E-1 8.73822E-2 7.08214E-2 4.33643E-2 9.73344E-2 -9999 -9999 -9999 -9999 2.25696E-1 8.2839E-2 8.42522E-2 6.65937E-2 7.21772E-2 7.46816E-2 5.50857E-2 4.61494E-2 2.82642E-2 3.22519E-2 4.91381E-2 1.80617E-2
-9999 -9999 -9999 -9999 6.01314E-3 1.19317E-2 5.08396E-3 7.46811E-4 1.08763E-2 8.14595E-2 1.90516E-2 3.01648E-2 1.76345E-2 4.44876E-2 5.13903E-2 5.56498E-2 5.83761E-2 5.82899E-2 3.52448E-2 4.06327E-2 4.68794E-2 6.65666E-2 5.59685E-2 4.23522E-2 3.51224E-2 3.37451E-2 4.22902E-2 5.12128E-2 6.03628E-2 6.67519E-2 6.61841E-2 6.48422E-2 7.00954E-2 7.62461E-2 7.6327E-2 5.67414E-2 6.86823E-2 5.96091E-2 8.58376E-2 8.17048E-2 8.48971E-2 8.97012E-2 1.25857E-1 1.29138E-1 1.23381E-1 -9999 -9999 -9999 2.23505E-1 1.7671E-1 1.56692E-1 9.88579E-2 8.65234E-2 7.94075E-2 6.11875E-2 5.09063E-2 5.05757E-2 1.83598E-2 2.26225E-2 4.7553E-2 1.61684E-2
-9999 -9999 -9999 1.38794E-2 2.07855E-1 9.25029E-2 1.2405E-3 2.17732E-3 2.01957E-3 1.2293E-2 2.78214E-2 1.33926E-2 1.86177E-2 3.37275E-2 5.55653E-2 4.41568E-2 7.44344E-2 5.50044E-2 5.55012E-2 3.39155E-2 3.93561E-2 4.47237E-2 4.16865E-2 2.79385E-2 4.20146E-2 2.89432E-2 3.6527E-2 5.50018E-2 4.55855E-2 6.62324E-2 8.85927E-2 8.48337E-2 7.46094E-2 8.31516E-2 7.7702E-2 7.86591E-2 6.58922E-2 8.56358E-2 7.87993E-2 9.12475E-2 8.12704E-2 7.73678E-2 9.68225E-2 1.40694E-1 2.49185E-1 2.08951E-1 1.78815E-1 1.77152E-1 1.90662E-1 1.33601E-1 1.46335E-1 1.24716E-1 1.02172E-1 8.66436E-2 8.10876E-2 5.02196E-2 4.96021E-2 2.18548E-2 2.81932E-2 3.38881E-2 2.39481E-2
-9999 -9999 -9999 -9999 2.58848E-2 2.01059E-1 5.94693E-3 -9999 2.22945E-3 1.52433E-2 2.21671E-2 6.96951E-3 3.26741E-2 4.32031E-2 4.61828E-2 6.49732E-2 6.90049E-2 5.54773E-2 4.39414E-2 5.35144E-2 3.49717E-2 4.39193E-2 2.77245E-2 4.80187E-2 6.97906E-2 5.17532E-2 4.16452E-2 6.0555E-2 5.01177E-2 6.00283E-2 6.85378E-2 9.50131E-2 8.86319E-2 8.09921E-2 7.16036E-2 6.15761E-2 7.60786E-2 6.54233E-2 6.88321E-2 1.01705E-1 1.02621E-1 9.75938E-2 7.72169E-2 1.15808E-1 1.60545E-1 1.63916E-1 1.6326E-1 1.5062E-1 1.68556E-1 1.23303E-1 1.39678E-1 9.83862E-2 1.12994E-1 9.59125E-2 7.97009E-2 4.47113E-2 4.40111E-2 2.73417E-2 4.42527E-2 3.71661E-2 2.00418E-2
-9999 -9999 -9999 -9999 1.14889E-2 4.27128E-3 3.48825E-3 5.41095E-3 4.19834E-3 8.43697E-2 3.37516E-2 3.89561E-3 6.36321E-2 2.64849E-2 4.06714E-2 8.78679E-2 5.02815E-2 6.79339E-2 4.62844E-2 4.11876E-2 3.51105E-2 3.68994E-2 4.10147E-2 7.93477E-2 5.38468E-2 6.25901E-2 3.70876E-2 4.79597E-2 5.25174E-2 6.39726E-2 7.59679E-2 9.95907E-2 1.02309E-1 9.89502E-2 8.56433E-2 9.18115E-2 7.79985E-2 5.92544E-2 6.89247E-2 7.95667E-2 8.03545E-2 9.5063E-2 6.23915E-2 1.04386E-1 9.50948E-2 1.38017E-1 1.44001E-1 1.37973E-1 1.2572E-1 1.21935E-1 1.20372E-1 9.25471E-2 9.81139E-2 9.9594E-2 9.64764E-2 6.4936E-2 4.68676E-2 5.14155E-2 2.8862E-2 3.82876E-2 3.75918E-2
-9999 -9999 -9999 -9999 7.73204E-2 4.73575E-3 5.91848E-3 2.73972E-3 7.45637E-3 5.92539E-2 1.09232E-2 3.3754E-3 2.57487E-2 5.00696E-2 4.23748E-2 6.00037E-2 6.2745E-2 7.65277E-2 7.02763E-2 4.19672E-2 4.6822E-2 3.83703E-2 2.82183E-2 4.30791E-2 1.25058E-1 6.98166E-2 3.17019E-2 5.07905E-2 6.91847E-2 7.82216E-2 8.31737E-2 9.78102E-2 1.27103E-1 9.67767E-2 1.12293E-1 1.04283E-1 1.02079E-1 8.88768E-2 1.11266E-1 1.11649E-1 9.8925E-2 9.83568E-2 9.62449E-2 9.15484E-2 1.07745E-1 1.16965E-1 1.19197E-1 1.37835E-1 1.08511E-1 1.23929E-1 1.03782E-1 9.04703E-2 8.58901E-2 8.66751E-2 8.65898E-2 5.01605E-2 5.39535E-2 6.42179E-2 4.51265E-2 3.7463E-2 2.56991E-2
-9999 -9999 -9999 -9999 -9999 7.22076E-3 7.29797E-3 8.12391E-3 4.04077E-3 1.05311E-2 4.32275E-3 1.4511E-2 1.72063E-2 2.41196E-2 2.85947E-2 5.90334E-2 9.9601E-2 7.14729E-2 7.41554E-2 5.42964E-2 5.22787E-2 6.18931E-2 3.64102E-2 5.16762E-2 7.7235E-2 1.62182E-1 5.35243E-2 4.50836E-2 5.6424E-2 9.11603E-2 9.87396E-2 1.21632E-1 1.14379E-1 1.13095E-1 1.08695E-1 1.17518E-1 9.46908E-2 8.15255E-2 1.0351E-1 9.30536E-2 1.04546E-1 1.06721E-1 1.0586E-1 1.17585E-1 1.20998E-1 1.02512E-1 1.21861E-1 1.04023E-1 1.11099E-1 1.37721E-1 1.09437E-1 9.37395E-2 8.5726E-2 7.9242E-2 8.13043E-2 4.77769E-2 6.54977E-2 6.35225E-2 6.71905E-2 2.06554E-2 3.10191E-2
-9999 -9999 -9999 -9999 -9999 2.41737E-2 1.87222E-3 1.02868E-2 1.07681E-2 2.99472E-2 1.33804E-2 1.00046E-3 3.23971E-3 8.85027E-3 3.69333E-2 5.88214E-2 6.94428E-2 7.33009E-2 7.40737E-2 6.68136E-2 8.03764E-2 3.71759E-2 5.68463E-2 4.91898E-2 9.44529E-2 1.49363E-1 6.30955E-2 5.54094E-2 6.42652E-2 9.07845E-2 9.25283E-2 1.17124E-1 1.2826E-1 1.10493E-1 9.66373E-2 1.16037E-1 1.19445E-1 1.06975E-1 1.12954E-1 1.10036E-1 9.81941E-2 1.09773E-1 1.17983E-1 1.38238E-1 1.1713E-1 1.24076E-1 1.19011E-1 1.03724E-1 9.34147E-2 1.21983E-1 1.13542E-1 9.31758E-2 8.71895E-2 5.86177E-2 8.88307E-2 7.18127E-2 4.77307E-2 5.98878E-2 4.55096E-2 4.54431E-2 3.92202E-2
-9999 -9999 -9999 -9999 -9999 3.52414E-2 8.72111E-3 1.67137E-3 5.21397E-3 1.26068E-3 1.36425E-2 2.7592E-3 1.87236E-3 3.3998E-3 3.85579E-2 4.38856E-2 4.70972E-2 4.74325E-2 7.05705E-2 8.46712E-2 5.3728E-2 5.81065E-2 5.29186E-2 4.63549E-2 6.96639E-2 1.10603E-1 4.78215E-2 8.28455E-2 8.95046E-2 7.5592E-2 9.68937E-2 1.05979E-1 1.30544E-1 1.27769E-1 1.30804E-1 1.37126E-1 1.26068E-1 1.40089E-1 1.4772E-1 1.43438E-1 1.28307E-1 1.14093E-1 1.23671E-1 9.79122E-2 1.29397E-1 1.36045E-1 1.06314E-1 1.00884E-1 9.67103E-2 1.2162E-1 1.23868E-1 9.89099E-2 9.69455E-2 5.01325E-2 8.41289E-2 6.2472E-2 6.87392E-2 5.75801E-2 4.90849E-2 5.54109E-2 4.64428E-2
-9999 -9999 -9999 -9999 -9999 1.31669E-2 2.25876E-3 4.35456E-3 1.25604E-2 1.8864E-3 3.43007E-3 2.91887E-3 1.00456E-2 1.14802E-2 2.32219E-2 3.15054E-2 3.09643E-2 3.10767E-2 5.31004E-2 6.34787E-2 7.56531E-2 1.13375E-1 8.67548E-2 5.04849E-2 4.15445E-2 1.71433E-1 6.59023E-2 6.49085E-2 9.70485E-2 7.39698E-2 1.07751E-1 1.18087E-1 1.33025E-1 1.43179E-1 1.49195E-1 1.32677E-1 1.64944E-1 1.44616E-1 1.51154E-1 1.64447E-1 2.17697E-1 1.66258E-1 1.05156E-1 6.25697E-2 1.42046E-1 1.23282E-1 1.30783E-1 1.18035E-1 1.01266E-1 1.41607E-1 1.01002E-1 1.11813E-1 1.40221E-1 1.06534E-1 5.59723E-2 -9999 4.94649E-2 3.78596E-2 4.7057E-2 6.4355E-2 4.94466E-2
