Candidate_Models_Sept202022/M_0.6_F_lqp_Set_1_cal/Bison.asc
ncols         97
nrows         127
xllcorner     -2197417.7431653
yllcorner     -584827.01486885
cellsize      30000.0
NODATA_value  -9999
[rows 0 to 26 of 127, columns 0 to 60 of 97]
-9999 -9999 -9999 -9999 -9999 -9999 -9999 -9999 -9999 -9999 -9999 -9999 -9999 -9999 -9999 -9999 -9999 -9999 -9999 -9999 -9999 -9999 -9999 -9999 -9999 -9999 -9999 -9999 -9999 -9999 -9999 -9999 -9999 -9999 -9999 -9999 -9999 -9999 -9999 -9999 -9999 -9999 -9999 -9999 -9999 -9999 -9999 -9999 -9999 -9999 -9999 -9999 -9999 -9999 -9999 -9999 -9999 -9999 -9999 -9999 -9999
-9999 -9999 -9999 -9999 -9999 -9999 -9999 -9999 -9999 -9999 -9999 -9999 -9999 -9999 -9999 -9999 -9999 -9999 -9999 -9999 -9999 -9999 -9999 -9999 -9999 -9999 -9999 -9999 -9999 -9999 -9999 -9999 -9999 -9999 -9999 -9999 -9999 -9999 -9999 -9999 -9999 -9999 -9999 -9999 -9999 -9999 -9999 -9999 -9999 -9999 -9999 -9999 -9999 -9999 -9999 -9999 -9999 -9999 -9999 -9999 -9999
-9999 -9999 -9999 -9999 -9999 -9999 -9999 -9999 -9999 -9999 -9999 -9999 -9999 -9999 -9999 -9999 -9999 -9999 -9999 -9999 -9999 -9999 -9999 -9999 -9999 -9999 -9999 -9999 -9999 -9999 -9999 -9999 -9999 -9999 -9999 -9999 -9999 -9999 -9999 -9999 -9999 -9999 -9999 -9999 -9999 -9999 -9999 -9999 -9999 -9999 -9999 -9999 -9999 -9999 -9999 -9999 -9999 -9999 -9999 -9999 -9999
-9999 -9999 -9999 -9999 -9999 -9999 -9999 -9999 -9999 -9999 -9999 -9999 -9999 -9999 -9999 -9999 -9999 -9999 -9999 2.52626E-2 3.46388E-2 2.09729E-2 2.72875E-2 -9999 -9999 -9999 -9999 -9999 -9999 -9999 -9999 -9999 -9999 -9999 -9999 -9999 -9999 -9999 -9999 -9999 -9999 -9999 -9999 -9999 -9999 -9999 -9999 -9999 -9999 -9999 -9999 -9999 -9999 -9999 -9999 -9999 -9999 -9999 -9999 -9999 -9999
-9999 -9999 -9999 -9999 -9999 -9999 -9999 -9999 -9999 -9999 -9999 -9999 -9999 -9999 -9999 -9999 -9999 -9999 2.69555E-2 2.36227E-2 2.50382E-2 2.6597E-2 2.81932E-2 2.25092E-2 1.68349E-2 -9999 -9999 -9999 -9999 -9999 -9999 -9999 -9999 -9999 -9999 -9999 -9999 -9999 -9999 -9999 -9999 -9999 -9999 -9999 -9999 -9999 -9999 -9999 -9999 -9999 -9999 -9999 -9999 -9999 -9999 -9999 -9999 -9999 -9999 -9999 -9999
-9999 -9999 -9999 -9999 -9999 -9999 -9999 -9999 -9999 -9999 -9999 -9999 -9999 -9999 -9999 -9999 -9999 -9999 2.03265E-2 1.7607E-2 1.79769E-2 2.14391E-2 2.06017E-2 1.49113E-2 1.39133E-2 -9999 -9999 -9999 -9999 -9999 -9999 -9999 -9999 -9999 -9999 -9999 -9999 -9999 -9999 -9999 -9999 -9999 -9999 -9999 -9999 -9999 -9999 -9999 -9999 -9999 -9999 -9999 -9999 -9999 -9999 -9999 -9999 -9999 -9999 -9999 -9999
-9999 -9999 -9999 -9999 -9999 -9999 -9999 -9999 -9999 -9999 -9999 -9999 -9999 -9999 -9999 -9999 -9999 1.72562E-2 1.77345E-2 7.29468E-3 8.10128E-3 1.09484E-2 1.53136E-2 1.31082E-2 1.14334E-2 1.12606E-2 -9999 1.46368E-2 1.37631E-2 1.53438E-2 -9999 -9999 -9999 -9999 -9999 -9999 -9999 -9999 1.25761E-2 -9999 -9999 -9999 -9999 -9999 -9999 -9999 -9999 -9999 -9999 -9999 -9999 -9999 -9999 -9999 -9999 -9999 -9999 -9999 -9999 -9999 -9999
-9999 -9999 -9999 -9999 -9999 -9999 -9999 -9999 -9999 -9999 -9999 -9999 -9999 -9999 -9999 -9999 5.65626E-2 2.48602E-2 6.57107E-3 4.66353E-3 4.92497E-3 5.59466E-3 8.72974E-3 1.1633E-2 1.15923E-2 1.14228E-2 1.31859E-2 1.31436E-2 1.25324E-2 1.29207E-2 1.37754E-2 1.37195E-2 1.29495E-2 1.24337E-2 1.29817E-2 1.38721E-2 1.46912E-2 -9999 1.14179E-2 1.05076E-2 -9999 -9999 -9999 -9999 -9999 -9999 -9999 -9999 -9999 -9999 -9999 -9999 -9999 -9999 -9999 -9999 -9999 -9999 -9999 -9999 -9999
-9999 -9999 -9999 -9999 -9999 -9999 -9999 -9999 -9999 -9999 -9999 -9999 -9999 -9999 -9999 2.99861E-2 3.22401E-2 1.5894E-2 5.20311E-3 3.67779E-3 3.23788E-3 3.981E-3 7.00453E-3 1.13212E-2 1.22029E-2 1.14343E-2 2.33216E-2 2.42462E-2 1.23569E-2 1.08499E-2 1.18899E-2 1.21485E-2 1.20916E-2 1.18849E-2 1.30354E-2 1.69424E-2 1.5702E-2 1.54372E-2 1.17016E-2 1.13536E-2 -9999 -9999 -9999 -9999 -9999 -9999 -9999 -9999 -9999 -9999 -9999 -9999 -9999 -9999 -9999 -9999 -9999 -9999 -9999 -9999 -9999
-9999 -9999 -9999 -9999 -9999 -9999 -9999 -9999 -9999 -9999 -9999 -9999 -9999 -9999 -9999 3.12048E-2 2.71807E-2 1.3624E-2 4.73887E-3 5.03258E-3 6.37655E-3 7.31992E-3 8.28741E-3 1.02344E-2 1.26208E-2 1.06489E-2 2.10571E-2 2.08522E-2 1.08503E-2 1.08445E-2 1.55514E-2 1.42923E-2 1.44544E-2 1.76071E-2 1.55896E-2 1.94531E-2 2.10513E-2 1.84547E-2 1.41457E-2 -9999 -9999 -9999 1.02568E-2 -9999 -9999 -9999 -9999 -9999 -9999 -9999 -9999 -9999 -9999 -9999 -9999 -9999 -9999 -9999 -9999 -9999 -9999
-9999 -9999 -9999 -9999 -9999 -9999 -9999 -9999 -9999 -9999 -9999 -9999 -9999 -9999 2.4522E-2 2.46201E-2 2.28751E-2 1.39181E-2 1.14606E-2 7.53787E-3 7.90092E-3 8.81532E-3 1.13917E-2 1.25511E-2 1.14153E-2 1.6329E-2 2.38055E-2 1.77512E-2 1.66858E-2 1.16463E-2 1.96013E-2 1.50523E-2 1.3385E-2 2.10256E-2 2.64263E-2 2.38314E-2 2.4253E-2 1.78077E-2 1.29792E-2 -9999 -9999 1.05615E-2 -9999 -9999 -9999 -9999 -9999 -9999 -9999 -9999 -9999 -9999 -9999 -9999 -9999 -9999 -9999 -9999 -9999 -9999 -9999
-9999 -9999 -9999 -9999 -9999 -9999 -9999 -9999 -9999 -9999 -9999 -9999 -9999 1.75763E-2 3.14645E-2 2.69025E-2 2.34582E-2 1.34683E-2 1.31194E-2 1.9909E-2 1.23428E-2 1.69995E-2 1.48132E-2 1.55156E-2 1.35358E-2 2.04275E-2 2.23887E-2 1.97239E-2 1.02407E-2 9.46466E-3 1.08609E-2 1.49982E-2 1.58563E-2 2.34484E-2 2.70047E-2 2.55819E-2 2.60296E-2 1.69557E-2 1.30672E-2 1.03489E-2 9.7403E-3 1.01775E-2 -9999 1.30619E-2 1.33762E-2 -9999 -9999 -9999 -9999 -9999 -9999 -9999 -9999 -9999 -9999 -9999 -9999 -9999 -9999 -9999 -9999
-9999 -9999 -9999 -9999 -9999 -9999 -9999 -9999 -9999 -9999 -9999 -9999 -9999 2.91751E-2 2.59651E-2 1.99012E-2 1.74937E-2 1.19514E-2 3.46369E-2 1.24398E-2 1.51763E-2 9.57338E-3 1.26882E-2 1.06724E-2 1.11106E-2 1.77909E-2 1.91153E-2 1.18017E-2 1.12333E-2 1.02487E-2 1.3936E-2 1.57435E-2 2.26512E-2 2.25148E-2 2.60114E-2 2.67115E-2 1.55929E-2 1.5748E-2 1.14024E-2 8.72211E-3 8.8584E-3 1.19079E-2 1.29716E-2 1.37948E-2 1.39549E-2 1.58381E-2 -9999 -9999 -9999 -9999 -9999 -9999 -9999 -9999 -9999 -9999 -9999 -9999 -9999 -9999 -9999
-9999 -9999 -9999 -9999 -9999 -9999 -9999 -9999 -9999 -9999 -9999 -9999 4.9552E-2 6.09951E-2 2.86137E-2 2.02255E-2 1.44756E-2 1.56937E-2 1.47298E-2 1.72269E-2 1.62757E-2 1.12465E-2 1.11914E-2 1.1239E-2 1.15934E-2 8.96918E-3 1.41459E-2 7.20593E-3 2.03623E-2 2.38314E-2 1.86111E-2 1.24997E-2 1.15105E-2 1.58498E-2 1.57353E-2 1.90306E-2 1.20391E-2 1.36994E-2 1.3092E-2 8.85881E-3 8.35024E-3 9.09602E-3 1.22865E-2 1.37004E-2 1.45132E-2 1.50713E-2 1.58659E-2 -9999 -9999 -9999 6.31593E-3 5.10622E-3 -9999 -9999 -9999 -9999 -9999 -9999 -9999 -9999 -9999
-9999 -9999 -9999 -9999 -9999 -9999 -9999 -9999 -9999 -9999 -9999 2.2465E-2 2.17849E-2 4.55123E-2 2.0055E-2 1.46728E-2 7.72878E-3 1.71064E-2 1.77074E-2 1.65626E-2 1.22975E-2 1.84161E-2 1.51774E-2 1.47953E-2 6.52325E-3 6.05911E-3 1.76308E-2 1.84186E-2 1.34936E-2 1.22476E-2 1.22432E-2 1.25068E-2 9.22967E-3 9.40979E-3 1.92979E-2 2.43676E-2 2.22042E-2 1.83306E-2 1.56299E-2 9.83774E-3 9.13228E-3 9.50336E-3 1.08986E-2 1.21614E-2 1.24471E-2 1.33376E-2 1.30992E-2 1.17344E-2 -9999 -9999 -9999 5.97243E-3 5.1223E-3 -9999 -9999 -9999 -9999 -9999 -9999 -9999 -9999
-9999 -9999 -9999 -9999 -9999 -9999 -9999 -9999 -9999 -9999 -9999 2.36097E-2 1.52981E-2 1.42624E-2 9.16616E-3 4.85892E-3 4.2728E-3 1.04744E-2 7.46413E-3 1.48342E-2 1.53807E-2 1.52417E-2 1.49535E-2 1.68798E-2 5.06515E-3 6.81411E-3 1.52707E-2 2.70173E-2 3.30795E-2 2.52802E-2 1.18998E-2 1.04331E-2 8.52814E-3 8.96758E-3 1.89561E-2 2.14685E-2 1.76999E-2 1.60372E-2 1.29726E-2 1.0042E-2 1.00205E-2 1.04098E-2 1.09697E-2 1.2843E-2 1.05484E-2 1.14333E-2 1.02399E-2 9.83945E-3 1.0511E-2 -9999 -9999 6.7401E-3 6.2705E-3 5.92726E-3 6.26486E-3 -9999 -9999 -9999 -9999 -9999 -9999
-9999 -9999 -9999 -9999 -9999 -9999 -9999 -9999 -9999 -9999 3.212E-2 2.84086E-2 3.16991E-2 9.49665E-3 4.66258E-3 3.79566E-3 4.37203E-3 4.50502E-3 6.24341E-3 1.7752E-2 3.0043E-2 1.55863E-2 1.01974E-2 2.1159E-2 6.78974E-3 8.60734E-3 8.07969E-3 1.00632E-2 2.61013E-2 1.12198E-2 1.32833E-2 8.96604E-3 1.76065E-2 1.36177E-2 2.51129E-2 2.93172E-2 2.72688E-2 2.41578E-2 2.45746E-2 1.34751E-2 1.05324E-2 1.07339E-2 1.13899E-2 1.1633E-2 1.03015E-2 9.41324E-3 8.75444E-3 9.45343E-3 1.01278E-2 9.20253E-3 8.5156E-3 9.95804E-3 -9999 -9999 6.73884E-3 6.47505E-3 -9999 -9999 -9999 -9999 -9999
-9999 -9999 -9999 -9999 -9999 -9999 -9999 -9999 -9999 5.58969E-2 4.51021E-2 3.08895E-2 1.78321E-2 9.03495E-3 5.28818E-3 5.06872E-3 4.43661E-3 5.08028E-3 4.77674E-3 1.05915E-2 1.75471E-2 1.89358E-2 1.96751E-2 1.2571E-2 5.72668E-3 7.33368E-3 9.63009E-3 7.84412E-3 1.10292E-2 1.33483E-2 2.52478E-2 1.40237E-2 1.43313E-2 2.40128E-2 2.51296E-2 2.55739E-2 2.70125E-2 4.3786E-2 4.5337E-2 3.45179E-2 1.1297E-2 1.10592E-2 1.1259E-2 1.15547E-2 1.05662E-2 8.78688E-3 8.63975E-3 9.51555E-3 9.63177E-3 8.44418E-3 8.65841E-3 9.15769E-3 8.85272E-3 -9999 6.67027E-3 6.52303E-3 5.93152E-3 5.14701E-3 -9999 -9999 -9999
-9999 -9999 -9999 -9999 -9999 -9999 -9999 -9999 4.41504E-2 4.11217E-2 5.18706E-2 2.36324E-2 1.35778E-2 1.74902E-2 1.71738E-2 1.3126E-2 9.00982E-3 8.92333E-3 7.52423E-3 9.0699E-3 1.2548E-2 1.88445E-2 2.82389E-2 1.56207E-2 8.25447E-3 7.81784E-3 7.27657E-3 6.87715E-3 7.62282E-3 6.71885E-3 1.74919E-2 1.93358E-2 2.29287E-2 3.32822E-2 3.15591E-2 2.40846E-2 2.91842E-2 4.64915E-2 5.01452E-2 7.52522E-2 2.23601E-2 1.29026E-2 1.14104E-2 1.14539E-2 1.012E-2 8.82023E-3 9.61313E-3 1.0614E-2 9.58489E-3 8.50119E-3 8.53048E-3 8.99605E-3 9.33638E-3 9.60897E-3 7.2677E-3 6.65945E-3 5.46939E-3 4.95219E-3 4.57627E-3 4.16859E-3 4.01505E-3
-9999 -9999 -9999 -9999 -9999 -9999 -9999 -9999 1.59195E-2 1.17968E-2 2.19292E-2 2.25646E-2 1.59458E-2 2.13212E-2 2.75115E-2 3.51252E-2 1.61464E-2 1.4447E-2 1.35492E-2 9.89517E-3 1.11931E-2 1.20518E-2 1.25507E-2 1.88358E-2 1.1208E-2 1.37217E-2 9.35642E-3 7.70404E-3 1.44807E-2 1.51482E-2 2.21146E-2 2.54245E-2 2.88487E-2 4.06738E-2 3.44707E-2 2.93844E-2 3.87957E-2 4.35132E-2 4.86621E-2 5.60543E-2 2.96296E-2 1.32605E-2 1.22013E-2 1.16533E-2 1.10468E-2 1.07866E-2 1.15695E-2 1.20203E-2 1.13534E-2 9.24569E-3 8.65822E-3 9.55716E-3 1.0268E-2 1.01643E-2 -9999 7.57557E-3 6.31706E-3 6.02737E-3 4.55472E-3 4.47494E-3 3.97373E-3
-9999 -9999 -9999 -9999 -9999 -9999 -9999 2.73382E-2 2.76856E-2 2.98854E-2 4.24577E-2 2.3713E-2 2.78535E-2 2.27628E-2 2.77912E-2 3.18579E-2 2.31486E-2 2.80603E-2 2.26425E-2 1.71214E-2 1.47413E-2 1.55247E-2 1.22312E-2 1.34054E-2 8.22146E-3 1.63877E-2 2.19543E-2 1.68404E-2 2.90395E-2 2.824E-2 2.88389E-2 3.1943E-2 3.59388E-2 4.6774E-2 5.34844E-2 7.18947E-2 2.65092E-2 4.41806E-2 3.39417E-2 6.20965E-2 2.2647E-2 1.43983E-2 1.30888E-2 1.27153E-2 1.30953E-2 1.24297E-2 1.18691E-2 1.14508E-2 1.13968E-2 1.14663E-2 1.03081E-2 1.03886E-2 -9999 -9999 -9999 -9999 -9999 -9999 -9999 -9999 -9999
-9999 -9999 -9999 -9999 -9999 -9999 4.4325E-2 5.40192E-2 3.88187E-2 3.11908E-2 5.73275E-2 6.35828E-2 3.26649E-2 4.8545E-2 3.18953E-2 2.15619E-2 2.74215E-2 3.77844E-2 3.58526E-2 3.07168E-2 2.45344E-2 1.49669E-2 1.12504E-2 2.28057E-2 1.23749E-2 1.18426E-2 2.60771E-2 3.16118E-2 2.34892E-2 1.45679E-2 2.96097E-2 3.74465E-2 3.58747E-2 6.81518E-2 6.17683E-2 3.21414E-2 6.17291E-2 3.92559E-2 6.6949E-2 6.30932E-2 1.82188E-2 2.90782E-2 1.89327E-2 1.60681E-2 1.47773E-2 1.33415E-2 1.26824E-2 1.20653E-2 1.12452E-2 1.08408E-2 1.15849E-2 1.1525E-2 1.00769E-2 1.02441E-2 -9999 -9999 -9999 -9999 -9999 -9999 -9999
-9999 -9999 -9999 -9999 -9999 -9999 4.30068E-2 4.09333E-2 2.59709E-2 2.90863E-2 2.95812E-2 5.16965E-2 4.18051E-2 2.63062E-2 2.28289E-2 3.11397E-2 3.35166E-2 4.07584E-2 3.27842E-2 3.32467E-2 2.00412E-2 2.50834E-2 1.6703E-2 1.53848E-2 1.88947E-2 1.88897E-2 1.61237E-2 1.93273E-2 2.64695E-2 1.30752E-2 2.95669E-2 3.64147E-2 4.11366E-2 2.80651E-2 2.9791E-2 4.59318E-2 5.23618E-2 5.79784E-2 3.59384E-2 3.83586E-2 2.52662E-2 3.06963E-2 1.95679E-2 1.96445E-2 2.11957E-2 2.03501E-2 1.92475E-2 1.45949E-2 1.25054E-2 1.06168E-2 1.01422E-2 8.03797E-3 7.48386E-3 7.40852E-3 7.26217E-3 7.50757E-3 6.45732E-3 5.49447E-3 5.63863E-3 5.5843E-3 4.45004E-3
-9999 -9999 -9999 -9999 -9999 3.56197E-2 3.13938E-2 2.87771E-2 2.17564E-2 6.51723E-2 7.14501E-2 5.06618E-2 2.79085E-2 3.20709E-2 2.28064E-2 2.33887E-2 2.91056E-2 4.5495E-2 2.79715E-2 3.00918E-2 3.42385E-2 3.07563E-2 2.47626E-2 2.12938E-2 2.33265E-2 2.03879E-2 1.30517E-2 9.87019E-3 1.79515E-2 1.86441E-2 1.0942E-2 3.60556E-2 5.63753E-2 6.13719E-2 4.98798E-2 4.05823E-2 5.64928E-2 -9999 -9999 4.05826E-2 -9999 -9999 -9999 4.06656E-2 2.89383E-2 1.95443E-2 1.52325E-2 1.22023E-2 1.03607E-2 1.09631E-2 9.89335E-3 6.9635E-3 6.45502E-3 6.24227E-3 6.40893E-3 6.61933E-3 4.71149E-3 4.599E-3 4.23856E-3 4.46017E-3 4.64978E-3
-9999 -9999 -9999 -9999 2.23261E-2 1.84941E-2 2.3164E-2 2.56907E-2 2.99319E-2 4.38379E-2 5.22594E-2 4.26395E-2 3.69454E-2 2.24796E-2 2.82566E-2 3.72688E-2 3.64789E-2 3.39327E-2 3.23593E-2 3.80617E-2 5.03077E-2 3.03673E-2 2.5717E-2 2.71811E-2 2.28114E-2 2.35619E-2 1.36686E-2 1.24804E-2 1.07642E-2 9.21025E-3 2.55689E-2 4.02035E-2 5.76112E-2 5.69279E-2 2.32996E-2 5.30578E-2 5.46576E-2 6.72083E-2 1.12184E-1 5.99744E-2 1.22259E-1 -9999 2.94111E-2 4.45055E-2 2.39102E-2 1.62857E-2 1.75121E-2 1.94691E-2 1.40611E-2 1.50059E-2 1.12396E-2 6.7759E-3 6.85216E-3 6.36466E-3 5.61394E-3 4.35032E-3 3.68716E-3 3.86771E-3 3.32659E-3 3.55387E-3 4.42011E-3
-9999 -9999 -9999 3.64644E-2 5.21984E-2 4.35933E-2 3.33552E-2 3.72479E-2 3.99829E-2 7.31085E-2 5.09443E-2 5.42454E-2 6.6746E-2 2.7192E-2 4.30423E-2 2.63733E-2 3.82279E-2 3.54232E-2 4.74517E-2 5.19383E-2 2.89464E-2 1.339E-2 2.38876E-2 2.32142E-2 1.42068E-2 1.42165E-2 1.41048E-2 1.49268E-2 1.37738E-2 8.62513E-3 1.60237E-2 4.83326E-2 4.92339E-2 3.46687E-2 3.18083E-2 7.13159E-2 7.1878E-2 5.89073E-2 5.93331E-2 3.91103E-2 8.70486E-2 5.25666E-2 -9999 -9999 1.81949E-2 2.02481E-2 5.02393E-2 4.66614E-2 2.05848E-2 1.31567E-2 1.65234E-2 9.5281E-3 6.79084E-3 6.58072E-3 5.37368E-3 4.00153E-3 3.73821E-3 3.54409E-3 3.40172E-3 3.27033E-3 4.31348E-3
-9999 -9999 -9999 3.47776E-3 3.88096E-2 5.36744E-2 4.39053E-2 6.2025E-2 1.44374E-1 5.80463E-2 4.1904E-2 5.38119E-2 3.62897E-2 3.70392E-2 6.3016E-2 2.60368E-2 3.46783E-2 4.94751E-2 3.96092E-2 2.22275E-2 1.6576E-2 1.13377E-2 8.38285E-3 1.24299E-2 1.09856E-2 1.59066E-2 1.88826E-2 1.94683E-2 1.21907E-2 1.08525E-2 1.39204E-2 2.93848E-2 3.74587E-2 3.17291E-2 3.17169E-2 5.58362E-2 7.3107E-2 9.27955E-2 3.86618E-2 2.0162E-2 -9999 -9999 -9999 -9999 -9999 6.50122E-2 7.63089E-2 4.04533E-2 1.83718E-2 1.48607E-2 1.32311E-2 2.00759E-2 7.03728E-3 6.77786E-3 4.61827E-3 3.53195E-3 3.73261E-3 3.76748E-3 4.15979E-3 4.89381E-3 6.38738E-3
