Candidate_Models_July82022/M_0.4_F_lqp_Set_1_cal/Bison.asc
ncols         290
nrows         380
xllcorner     -2197417.7431653
yllcorner     -584827.01486885
cellsize      10000.0
NODATA_value  -9999
[rows 189 to 215 of 380, columns 183 to 243 of 290]
1.48196E-1 1.52574E-1 1.48444E-1 1.38165E-1 1.21312E-1 1.23492E-1 1.31811E-1 1.31971E-1 9.7242E-2 9.76418E-2 9.82646E-2 9.42724E-2 1.07835E-1 9.31808E-2 9.33285E-2 8.82266E-2 9.59912E-2 8.22997E-2 8.10846E-2 8.24971E-2 9.99678E-2 7.74748E-2 6.70743E-2 8.00498E-2 7.82162E-2 7.01033E-2 7.94117E-2 7.87788E-2 7.19089E-2 7.59266E-2 7.58329E-2 7.31714E-2 7.54152E-2 8.10889E-2 6.92332E-2 6.06414E-2 7.59538E-2 7.62726E-2 7.63135E-2 7.49843E-2 6.26767E-2 5.14866E-2 5.19736E-2 5.0928E-2 5.28749E-2 4.87383E-2 5.89519E-2 5.5357E-2 6.47286E-2 4.80833E-2 4.92873E-2 4.0393E-2 4.75006E-2 3.98917E-2 4.6377E-2 4.62979E-2 4.92884E-2 4.32038E-2 4.94088E-2 -9999 -9999
1.35149E-1 1.63702E-1 1.51757E-1 1.42136E-1 1.48827E-1 1.33099E-1 1.18312E-1 1.05938E-1 8.62292E-2 9.78436E-2 1.16761E-1 1.04089E-1 1.00481E-1 1.06196E-1 8.66293E-2 9.02049E-2 8.73729E-2 8.54129E-2 8.45371E-2 8.13072E-2 8.76769E-2 7.31938E-2 7.49062E-2 8.01497E-2 7.98158E-2 7.58687E-2 7.44446E-2 7.33632E-2 7.71913E-2 7.84852E-2 6.96374E-2 6.67595E-2 7.51685E-2 7.58782E-2 7.9594E-2 8.22233E-2 8.84004E-2 8.39924E-2 7.40094E-2 6.90794E-2 5.16925E-2 5.67766E-2 6.61296E-2 6.11779E-2 5.15481E-2 5.22767E-2 5.39747E-2 6.22721E-2 9.04747E-2 5.3529E-2 4.56444E-2 4.15542E-2 5.20025E-2 4.56128E-2 3.98297E-2 4.64135E-2 5.07289E-2 5.30072E-2 4.85107E-2 -9999 -9999
1.45428E-1 1.54064E-1 1.4939E-1 1.47987E-1 1.62117E-1 1.28959E-1 1.09356E-1 8.95275E-2 9.56155E-2 1.27306E-1 1.21172E-1 1.176E-1 1.02423E-1 1.40985E-1 9.77042E-2 8.89167E-2 9.512E-2 8.94329E-2 8.81824E-2 8.72165E-2 7.74148E-2 7.36626E-2 7.91709E-2 7.17405E-2 7.54892E-2 8.19377E-2 7.37024E-2 6.92458E-2 6.73018E-2 8.30198E-2 7.46119E-2 7.65491E-2 7.98857E-2 7.66951E-2 8.55946E-2 7.63177E-2 7.52592E-2 8.30529E-2 7.10425E-2 7.47855E-2 7.43281E-2 6.98118E-2 6.32221E-2 5.80441E-2 6.05184E-2 5.8256E-2 5.18435E-2 5.33755E-2 4.93688E-2 5.05902E-2 4.80374E-2 7.17656E-2 5.49663E-2 4.00294E-2 4.18093E-2 5.15907E-2 5.23368E-2 5.56713E-2 -9999 -9999 -9999
1.89998E-1 1.68444E-1 1.50369E-1 1.4134E-1 1.38454E-1 1.31395E-1 1.67197E-1 1.68678E-1 1.28189E-1 1.23882E-1 1.09819E-1 1.12723E-1 1.09795E-1 9.97861E-2 9.78118E-2 9.76332E-2 9.4345E-2 8.42127E-2 8.56263E-2 7.34143E-2 7.05343E-2 8.00848E-2 1.11679E-1 8.66252E-2 7.42744E-2 8.18056E-2 7.93943E-2 8.12013E-2 7.88994E-2 6.5646E-2 7.27672E-2 7.28908E-2 7.32907E-2 8.08209E-2 8.13116E-2 6.84922E-2 5.88099E-2 7.72134E-2 7.86515E-2 1.23288E-1 7.96352E-2 7.20665E-2 7.34966E-2 6.72582E-2 6.17305E-2 5.7053E-2 5.97541E-2 5.49149E-2 5.30793E-2 5.15407E-2 5.93389E-2 4.56964E-2 4.18232E-2 4.32317E-2 4.83068E-2 5.52018E-2 5.70568E-2 5.61067E-2 -9999 -9999 -9999
1.55098E-1 1.51673E-1 1.50218E-1 1.42109E-1 1.42683E-1 1.44631E-1 1.46318E-1 2.06664E-1 1.27001E-1 1.30108E-1 1.1196E-1 1.13406E-1 1.03037E-1 1.04313E-1 1.00433E-1 9.92927E-2 9.88977E-2 8.75529E-2 8.20427E-2 7.84577E-2 8.32575E-2 1.1042E-1 8.58566E-2 1.33912E-1 8.15293E-2 7.73083E-2 7.42324E-2 7.87006E-2 6.79521E-2 6.48592E-2 8.08967E-2 9.0092E-2 8.0718E-2 8.27191E-2 8.15469E-2 7.97678E-2 8.73601E-2 8.47424E-2 8.92086E-2 1.33526E-1 8.35664E-2 7.6333E-2 7.17836E-2 6.74953E-2 6.77854E-2 6.10561E-2 5.34502E-2 5.07949E-2 5.09115E-2 4.75226E-2 6.19651E-2 5.63296E-2 5.92442E-2 5.41857E-2 4.44826E-2 5.14807E-2 5.31101E-2 5.2241E-2 -9999 -9999 -9999
1.68233E-1 1.65971E-1 2.10159E-1 1.41749E-1 1.38342E-1 1.44444E-1 1.33505E-1 1.31429E-1 1.33523E-1 1.23287E-1 1.15084E-1 1.04165E-1 1.07321E-1 1.0946E-1 1.01992E-1 9.91189E-2 9.76257E-2 9.99334E-2 8.56811E-2 9.7021E-2 8.84216E-2 8.20545E-2 1.18023E-1 8.65795E-2 9.54966E-2 8.32239E-2 8.09065E-2 7.39443E-2 9.48097E-2 8.18997E-2 8.29785E-2 7.5378E-2 7.83641E-2 8.61097E-2 6.82197E-2 6.69872E-2 7.67772E-2 7.30478E-2 9.37742E-2 8.98896E-2 8.01922E-2 8.17444E-2 7.60083E-2 6.82513E-2 6.46765E-2 6.14906E-2 5.21144E-2 5.47407E-2 5.53395E-2 5.18877E-2 5.45753E-2 5.35584E-2 4.82542E-2 5.63447E-2 5.00634E-2 4.83457E-2 5.07051E-2 -9999 -9999 -9999 -9999
2.28867E-1 1.61245E-1 1.64452E-1 2.29572E-1 1.76257E-1 1.31214E-1 1.57597E-1 2.02958E-1 1.94417E-1 1.49881E-1 1.15732E-1 1.01289E-1 1.14159E-1 1.11787E-1 1.03569E-1 1.01832E-1 9.94524E-2 9.78936E-2 1.05412E-1 9.64864E-2 9.31725E-2 9.03611E-2 9.17561E-2 1.4409E-1 9.40939E-2 8.54216E-2 7.7236E-2 6.81733E-2 7.97237E-2 7.76534E-2 8.0161E-2 6.91209E-2 7.44548E-2 8.37534E-2 8.04019E-2 8.59526E-2 7.17577E-2 6.67792E-2 9.71344E-2 8.58701E-2 8.73608E-2 9.22469E-2 8.40797E-2 7.28792E-2 6.99947E-2 6.20945E-2 5.90235E-2 6.12231E-2 5.58007E-2 5.52109E-2 5.53685E-2 5.84006E-2 6.03832E-2 6.09628E-2 5.73763E-2 5.16431E-2 5.8347E-2 -9999 -9999 -9999 -9999
2.80016E-1 1.64174E-1 1.64435E-1 2.01134E-1 1.28404E-1 1.83067E-1 1.62499E-1 2.08488E-1 2.27918E-1 1.08679E-1 1.79543E-1 2.12571E-1 1.05447E-1 1.20336E-1 1.11939E-1 1.08325E-1 1.04752E-1 9.53745E-2 9.79996E-2 9.58796E-2 9.58384E-2 1.0854E-1 8.93638E-2 9.05335E-2 8.29566E-2 9.71089E-2 9.48062E-2 7.75671E-2 8.87696E-2 8.21456E-2 8.41115E-2 8.37937E-2 7.23008E-2 6.8043E-2 8.52803E-2 8.57056E-2 8.61094E-2 8.61576E-2 9.31684E-2 7.85958E-2 8.77433E-2 8.42833E-2 7.12264E-2 7.60008E-2 6.69032E-2 6.48533E-2 6.04092E-2 6.30559E-2 5.86567E-2 5.65169E-2 5.86483E-2 6.21222E-2 6.24102E-2 5.66015E-2 5.50496E-2 5.19813E-2 6.15873E-2 -9999 -9999 -9999 -9999
1.83816E-1 1.6095E-1 1.70469E-1 1.69397E-1 1.59332E-1 1.64582E-1 2.40563E-1 2.56511E-1 2.12725E-1 1.08439E-1 2.03509E-1 1.56834E-1 1.13358E-1 1.21555E-1 1.14876E-1 1.11505E-1 1.07281E-1 9.849E-2 1.00855E-1 1.02961E-1 9.46949E-2 9.28289E-2 8.84684E-2 9.55475E-2 1.27148E-1 1.04616E-1 9.43313E-2 8.36618E-2 7.78105E-2 8.42789E-2 8.60268E-2 8.43565E-2 8.20497E-2 8.19555E-2 9.528E-2 8.85828E-2 9.0883E-2 8.03673E-2 8.18081E-2 7.25325E-2 9.12135E-2 8.60343E-2 7.82594E-2 7.49137E-2 7.01477E-2 7.09197E-2 7.17252E-2 6.70683E-2 6.04814E-2 6.16399E-2 6.35503E-2 5.85762E-2 6.11385E-2 5.72724E-2 5.56952E-2 5.88191E-2 -9999 -9999 -9999 -9999 -9999
1.45489E-1 1.53192E-1 1.59918E-1 1.65274E-1 1.56946E-1 1.61596E-1 1.66343E-1 1.48462E-1 1.3805E-1 1.18013E-1 1.36601E-1 1.15208E-1 1.28845E-1 1.25408E-1 1.20746E-1 1.20424E-1 1.2151E-1 1.18031E-1 1.03168E-1 1.06003E-1 1.07042E-1 8.95228E-2 1.02429E-1 1.0252E-1 9.77414E-2 1.00164E-1 1.03425E-1 9.92205E-2 8.09978E-2 7.65123E-2 8.68212E-2 9.03287E-2 7.85514E-2 9.05115E-2 9.1189E-2 9.60566E-2 9.12887E-2 7.9779E-2 7.91185E-2 9.1463E-2 8.77288E-2 9.31805E-2 7.89059E-2 7.82601E-2 7.80118E-2 7.72904E-2 7.56064E-2 7.0503E-2 6.67222E-2 6.88577E-2 6.05184E-2 5.85965E-2 5.93527E-2 5.8004E-2 6.607E-2 6.1683E-2 -9999 -9999 -9999 -9999 -9999
1.42687E-1 1.79024E-1 1.86015E-1 1.58886E-1 1.61616E-1 1.58632E-1 1.5295E-1 1.51693E-1 1.45157E-1 1.30108E-1 1.36314E-1 1.3227E-1 1.21243E-1 1.28524E-1 1.32877E-1 1.27492E-1 1.19315E-1 1.1967E-1 1.12804E-1 1.32117E-1 1.69049E-1 9.37689E-2 1.09565E-1 1.23946E-1 1.04946E-1 1.09463E-1 1.09365E-1 1.08727E-1 9.25017E-2 9.13988E-2 9.81419E-2 9.70633E-2 9.45431E-2 1.00499E-1 9.7585E-2 9.03641E-2 7.29948E-2 8.22447E-2 8.56173E-2 9.68681E-2 8.54525E-2 8.86804E-2 7.23897E-2 8.45853E-2 8.37906E-2 7.98213E-2 7.84453E-2 7.43706E-2 6.69079E-2 5.67734E-2 6.0943E-2 5.69581E-2 5.88859E-2 6.01523E-2 6.47345E-2 6.81109E-2 -9999 -9999 -9999 -9999 -9999
1.80246E-1 1.78831E-1 1.82157E-1 1.71878E-1 1.55039E-1 1.61051E-1 1.54183E-1 1.59658E-1 1.47055E-1 1.42156E-1 1.31735E-1 1.3162E-1 1.362E-1 1.25689E-1 1.29352E-1 1.27358E-1 1.20931E-1 1.30043E-1 1.20114E-1 1.75856E-1 1.53522E-1 1.06382E-1 1.28997E-1 1.21528E-1 1.10542E-1 1.11678E-1 1.16689E-1 1.21762E-1 1.18164E-1 1.0646E-1 1.02373E-1 1.07303E-1 1.07685E-1 9.9394E-2 1.07318E-1 9.34557E-2 7.90861E-2 8.16266E-2 9.2664E-2 1.06151E-1 8.95311E-2 8.93588E-2 8.74537E-2 8.81712E-2 8.00511E-2 8.05531E-2 8.08679E-2 7.12458E-2 7.51665E-2 7.07716E-2 7.08941E-2 6.99046E-2 6.7305E-2 7.30145E-2 7.55852E-2 7.40126E-2 -9999 -9999 -9999 -9999 -9999
1.94314E-1 1.88331E-1 1.83526E-1 1.74129E-1 1.72422E-1 1.69009E-1 1.68637E-1 1.57614E-1 1.58412E-1 1.50762E-1 1.46322E-1 1.30457E-1 1.28117E-1 1.27825E-1 1.25666E-1 1.24921E-1 1.26334E-1 1.30341E-1 1.30978E-1 1.93192E-1 1.61201E-1 1.17149E-1 1.16227E-1 1.26797E-1 1.25418E-1 1.12925E-1 1.22655E-1 1.24155E-1 1.12981E-1 1.18881E-1 1.03029E-1 1.0924E-1 1.08292E-1 8.87095E-2 1.04739E-1 9.72112E-2 1.06241E-1 9.99632E-2 1.04562E-1 1.07073E-1 9.89503E-2 9.25022E-2 9.53658E-2 8.84808E-2 8.9225E-2 8.27161E-2 7.84485E-2 7.60053E-2 7.12689E-2 7.33415E-2 7.03337E-2 7.48976E-2 7.49628E-2 7.6949E-2 7.34831E-2 -9999 -9999 -9999 -9999 -9999 -9999
1.923E-1 1.93752E-1 1.75722E-1 1.81148E-1 1.75832E-1 1.6899E-1 1.67179E-1 1.64539E-1 1.56975E-1 1.47912E-1 1.31863E-1 1.29815E-1 1.43147E-1 1.30393E-1 1.34183E-1 1.29044E-1 1.42138E-1 1.35826E-1 1.73318E-1 1.45841E-1 1.22699E-1 1.19954E-1 1.31125E-1 1.2441E-1 1.06337E-1 1.09902E-1 1.26829E-1 1.26858E-1 1.19161E-1 1.21285E-1 1.19369E-1 1.12096E-1 1.11072E-1 1.08352E-1 1.20372E-1 1.16698E-1 1.0073E-1 1.00574E-1 9.50094E-2 1.06329E-1 1.10033E-1 1.08039E-1 9.43565E-2 8.52041E-2 8.67241E-2 9.14243E-2 8.83297E-2 8.36002E-2 8.31971E-2 7.97602E-2 7.67053E-2 7.93592E-2 8.14442E-2 7.91052E-2 8.37372E-2 -9999 -9999 -9999 -9999 -9999 -9999
2.01931E-1 1.9229E-1 1.8469E-1 1.83161E-1 1.78538E-1 1.80286E-1 1.75644E-1 1.67551E-1 1.70395E-1 1.6722E-1 1.45051E-1 1.48913E-1 1.47151E-1 1.49058E-1 1.40587E-1 1.40062E-1 1.93029E-1 1.68551E-1 1.32047E-1 1.22853E-1 1.29067E-1 1.40167E-1 1.35199E-1 1.32661E-1 1.18377E-1 1.28907E-1 1.16939E-1 1.21274E-1 1.1317E-1 1.16489E-1 1.32623E-1 1.1931E-1 1.31356E-1 1.19956E-1 1.18812E-1 1.18105E-1 1.12495E-1 8.33439E-2 1.11687E-1 1.07498E-1 1.12406E-1 1.03017E-1 1.05845E-1 1.00723E-1 9.70501E-2 7.41091E-2 8.61526E-2 9.6386E-2 8.76083E-2 8.9039E-2 8.4481E-2 9.94764E-2 9.4497E-2 8.59654E-2 8.79803E-2 -9999 -9999 -9999 -9999 -9999 -9999
2.04991E-1 2.03736E-1 1.9093E-1 1.9981E-1 1.9645E-1 1.85975E-1 1.83186E-1 1.77503E-1 1.82016E-1 1.69916E-1 1.68783E-1 1.66684E-1 1.60485E-1 1.71861E-1 1.87478E-1 1.83794E-1 1.46857E-1 1.53648E-1 1.53092E-1 1.47543E-1 1.31786E-1 1.27588E-1 1.33639E-1 1.3588E-1 1.36257E-1 1.3404E-1 1.46242E-1 1.3251E-1 1.35471E-1 1.35331E-1 1.22203E-1 1.30362E-1 1.29279E-1 1.3212E-1 1.19318E-1 1.00043E-1 1.17533E-1 1.07132E-1 1.20527E-1 1.1207E-1 1.09808E-1 9.43014E-2 1.07645E-1 1.08582E-1 1.0263E-1 9.12002E-2 9.29639E-2 9.23327E-2 9.25697E-2 9.02685E-2 8.99432E-2 8.98717E-2 9.10179E-2 8.93754E-2 -9999 -9999 -9999 -9999 -9999 -9999 -9999
2.10224E-1 2.19475E-1 2.0933E-1 2.1009E-1 2.19031E-1 2.09313E-1 2.01527E-1 2.11567E-1 1.76269E-1 1.64079E-1 1.85618E-1 1.80588E-1 1.54856E-1 1.65607E-1 1.88628E-1 1.51284E-1 1.43606E-1 1.40716E-1 1.76716E-1 1.43732E-1 1.35639E-1 1.19438E-1 1.46465E-1 1.39544E-1 1.51108E-1 1.49549E-1 1.48739E-1 1.44002E-1 1.43848E-1 1.39556E-1 1.39536E-1 1.35163E-1 1.30284E-1 1.27786E-1 1.19907E-1 1.05566E-1 1.27865E-1 1.22139E-1 1.24364E-1 1.18776E-1 1.19508E-1 1.13132E-1 1.10678E-1 1.09406E-1 1.09418E-1 1.05546E-1 1.04295E-1 9.65717E-2 9.51851E-2 9.38565E-2 9.72267E-2 9.22909E-2 9.35894E-2 9.47501E-2 -9999 -9999 -9999 -9999 -9999 -9999 -9999
2.29939E-1 2.196E-1 2.40968E-1 2.36375E-1 2.35611E-1 2.07856E-1 2.03222E-1 2.01446E-1 1.8337E-1 1.55474E-1 1.77306E-1 1.9006E-1 2.13256E-1 1.98157E-1 1.68257E-1 1.80481E-1 2.02924E-1 1.80225E-1 1.53978E-1 1.53489E-1 1.42692E-1 1.96358E-1 1.54704E-1 1.48372E-1 1.40538E-1 1.65276E-1 1.65084E-1 1.52675E-1 1.3788E-1 1.43739E-1 1.51536E-1 1.37289E-1 1.38793E-1 1.35617E-1 1.26201E-1 1.23198E-1 1.23104E-1 1.22124E-1 1.16514E-1 1.04831E-1 1.10422E-1 1.22259E-1 1.16765E-1 1.13792E-1 1.09848E-1 1.14436E-1 1.10752E-1 1.08636E-1 1.048E-1 1.0373E-1 1.04701E-1 9.61052E-2 1.02895E-1 9.60427E-2 -9999 -9999 -9999 -9999 -9999 -9999 -9999
2.32374E-1 2.33665E-1 2.58071E-1 2.3809E-1 2.15893E-1 2.01696E-1 2.06391E-1 1.93899E-1 1.97457E-1 1.80704E-1 1.69981E-1 1.84383E-1 1.85526E-1 1.79192E-1 1.92714E-1 2.26821E-1 2.67421E-1 1.73878E-1 1.65447E-1 1.6444E-1 1.61448E-1 1.54343E-1 1.65351E-1 1.70605E-1 1.5439E-1 1.62038E-1 1.67599E-1 1.63571E-1 1.52818E-1 1.62733E-1 1.44113E-1 1.62709E-1 1.36586E-1 1.34125E-1 1.34214E-1 1.41075E-1 1.23602E-1 1.16529E-1 1.27851E-1 1.19024E-1 1.23009E-1 1.22833E-1 1.17605E-1 1.17772E-1 1.16092E-1 1.15481E-1 1.13048E-1 1.10726E-1 1.12681E-1 1.12339E-1 1.09108E-1 1.09487E-1 1.07779E-1 -9999 -9999 -9999 -9999 -9999 -9999 -9999 -9999
2.3819E-1 2.11296E-1 2.59433E-1 2.09181E-1 2.22243E-1 2.11814E-1 2.68258E-1 2.48662E-1 2.26768E-1 1.96901E-1 1.97118E-1 1.81523E-1 1.75131E-1 1.92724E-1 1.97997E-1 2.76021E-1 2.81451E-1 2.09689E-1 1.68879E-1 1.55164E-1 1.65777E-1 1.7127E-1 1.74582E-1 1.6644E-1 1.76843E-1 1.7648E-1 1.7052E-1 1.55543E-1 1.49622E-1 1.63632E-1 1.55707E-1 1.52229E-1 1.44997E-1 1.50137E-1 1.42218E-1 1.47867E-1 1.43157E-1 1.33977E-1 1.31223E-1 1.34622E-1 1.29926E-1 1.25246E-1 1.28953E-1 1.22054E-1 1.19633E-1 1.086E-1 1.22869E-1 1.23882E-1 1.20049E-1 1.19423E-1 1.40394E-1 1.11857E-1 9.48673E-2 -9999 -9999 -9999 -9999 -9999 -9999 -9999 -9999
2.63237E-1 2.61394E-1 2.49994E-1 2.06719E-1 2.29287E-1 2.63708E-1 2.8758E-1 2.66281E-1 3.73166E-1 2.35823E-1 2.03148E-1 1.96317E-1 1.87272E-1 1.90345E-1 2.03014E-1 2.33546E-1 1.98724E-1 1.86847E-1 1.84606E-1 1.7008E-1 1.95417E-1 1.83857E-1 1.85983E-1 1.83105E-1 1.86749E-1 1.87527E-1 1.84112E-1 1.81787E-1 1.83634E-1 1.72678E-1 1.57296E-1 1.54336E-1 1.59114E-1 1.47451E-1 1.49015E-1 1.45723E-1 1.43524E-1 1.3297E-1 1.36149E-1 1.42879E-1 1.30968E-1 1.36906E-1 1.35551E-1 1.34638E-1 1.31542E-1 1.20788E-1 1.2371E-1 1.28656E-1 1.28047E-1 1.3191E-1 1.42922E-1 9.9372E-2 9.97992E-2 -9999 -9999 -9999 -9999 -9999 -9999 -9999 -9999
2.46917E-1 2.54212E-1 2.49571E-1 2.61992E-1 2.84294E-1 2.96598E-1 2.19373E-1 2.16326E-1 3.05421E-1 3.01116E-1 2.11293E-1 2.0041E-1 1.99195E-1 2.00139E-1 1.94946E-1 1.87758E-1 1.97976E-1 1.84273E-1 1.89637E-1 1.92805E-1 1.95142E-1 1.90198E-1 1.95385E-1 1.79512E-1 1.92991E-1 1.86302E-1 2.12521E-1 2.14364E-1 1.88945E-1 1.83825E-1 1.66354E-1 1.58297E-1 1.5648E-1 1.59868E-1 1.56447E-1 1.528E-1 1.48406E-1 1.50177E-1 1.51479E-1 1.51931E-1 1.43559E-1 1.33348E-1 1.44233E-1 1.38012E-1 1.38101E-1 1.23666E-1 1.36708E-1 1.41186E-1 1.33854E-1 1.36958E-1 1.09298E-1 1.24256E-1 1.26891E-1 -9999 -9999 -9999 -9999 -9999 -9999 -9999 -9999
2.72058E-1 2.33393E-1 2.29996E-1 2.57972E-1 2.72718E-1 2.81281E-1 2.72995E-1 2.42939E-1 2.44294E-1 2.43285E-1 2.58941E-1 2.18597E-1 2.1908E-1 2.11444E-1 1.90132E-1 1.87395E-1 1.92125E-1 2.0069E-1 2.1609E-1 2.07986E-1 2.08673E-1 2.11802E-1 1.96727E-1 1.99378E-1 2.0481E-1 2.05564E-1 2.07092E-1 2.17522E-1 2.29077E-1 1.91336E-1 1.86711E-1 1.71817E-1 1.57988E-1 1.64945E-1 1.46959E-1 1.59062E-1 1.57983E-1 1.56204E-1 1.63833E-1 1.5858E-1 1.5256E-1 1.37829E-1 1.41219E-1 1.31207E-1 1.26679E-1 1.1945E-1 1.42804E-1 1.3983E-1 1.29953E-1 1.46551E-1 1.40913E-1 1.36223E-1 -9999 -9999 -9999 -9999 -9999 -9999 -9999 -9999 -9999
2.73487E-1 2.52089E-1 2.48001E-1 2.54165E-1 2.65005E-1 2.86561E-1 2.51499E-1 2.42883E-1 2.33167E-1 2.12298E-1 2.29024E-1 2.35899E-1 2.35007E-1 2.12015E-1 2.09124E-1 2.13765E-1 2.0978E-1 2.07772E-1 2.16879E-1 2.16784E-1 2.2428E-1 2.1972E-1 2.11298E-1 2.42336E-1 2.96186E-1 2.14604E-1 2.12002E-1 2.08816E-1 2.26712E-1 1.96938E-1 1.83641E-1 1.71886E-1 1.71167E-1 1.75312E-1 1.65575E-1 1.62475E-1 1.65894E-1 1.37109E-1 1.75806E-1 1.62758E-1 1.63663E-1 1.51782E-1 1.59733E-1 1.36931E-1 1.36751E-1 1.40135E-1 1.5237E-1 1.5647E-1 1.48149E-1 1.52542E-1 1.48599E-1 1.36296E-1 -9999 -9999 -9999 -9999 -9999 -9999 -9999 -9999 -9999
3.0006E-1 2.62299E-1 2.92892E-1 2.433E-1 2.38303E-1 2.55333E-1 2.62568E-1 2.3549E-1 2.24769E-1 2.31454E-1 2.3366E-1 2.59226E-1 2.40008E-1 1.75117E-1 2.29849E-1 2.53676E-1 2.23682E-1 2.17441E-1 2.05558E-1 2.27809E-1 2.2746E-1 2.12928E-1 2.21295E-1 2.28782E-1 3.18932E-1 2.31451E-1 2.23081E-1 2.15668E-1 2.10176E-1 2.02237E-1 1.97245E-1 1.87152E-1 1.88671E-1 1.82537E-1 1.80209E-1 1.76976E-1 1.67505E-1 1.43758E-1 1.751E-1 1.72188E-1 1.70218E-1 1.60125E-1 1.60543E-1 1.50374E-1 1.38699E-1 1.45494E-1 1.56196E-1 1.60028E-1 1.85911E-1 1.55374E-1 1.38055E-1 1.37745E-1 -9999 -9999 -9999 -9999 -9999 -9999 -9999 -9999 -9999
3.39621E-1 2.64859E-1 3.02038E-1 2.37617E-1 2.70364E-1 2.49866E-1 2.23255E-1 2.26044E-1 2.38886E-1 2.31113E-1 2.43279E-1 2.44295E-1 2.52063E-1 2.02082E-1 2.54265E-1 2.39286E-1 2.26059E-1 2.43627E-1 2.62744E-1 2.33727E-1 2.34027E-1 2.14494E-1 1.90523E-1 2.31918E-1 2.39885E-1 2.35777E-1 2.2245E-1 2.21061E-1 2.10507E-1 2.04083E-1 2.10676E-1 2.01986E-1 1.90455E-1 1.5477E-1 1.68071E-1 1.81085E-1 1.68314E-1 1.57841E-1 1.78826E-1 1.68799E-1 1.69052E-1 1.67034E-1 1.63582E-1 1.55899E-1 1.54668E-1 1.51602E-1 1.54205E-1 1.60822E-1 1.78087E-1 1.65172E-1 1.61516E-1 -9999 -9999 -9999 -9999 -9999 -9999 -9999 -9999 -9999 -9999
2.79229E-1 2.67012E-1 2.42545E-1 2.6897E-1 2.52092E-1 2.16527E-1 2.17834E-1 2.18061E-1 2.40555E-1 2.34227E-1 2.53575E-1 2.50838E-1 2.75558E-1 2.62842E-1 2.57138E-1 2.48008E-1 2.65448E-1 2.32641E-1 2.37244E-1 2.55108E-1 2.3515E-1 2.01039E-1 1.8905E-1 2.4128E-1 2.41607E-1 2.05154E-1 2.1036E-1 2.28743E-1 2.16937E-1 1.987E-1 2.06923E-1 2.05109E-1 2.02435E-1 2.00241E-1 1.8839E-1 1.89196E-1 1.887E-1 1.63415E-1 1.67785E-1 1.67754E-1 1.66494E-1 1.73247E-1 1.63476E-1 1.67415E-1 1.63615E-1 1.59384E-1 1.6471E-1 1.74818E-1 1.7762E-1 1.69945E-1 1.78291E-1 -9999 -9999 -9999 -9999 -9999 -9999 -9999 -9999 -9999 -9999
