Candidate_Models_July82022/M_0.4_F_lqp_Set_1_cal/Bison.asc
ncols         290
nrows         380
xllcorner     -2197417.7431653
yllcorner     -584827.01486885
cellsize      10000.0
NODATA_value  -9999
[rows 216 to 242 of 380, columns 61 to 121 of 290]
3.28354E-1 3.34738E-1 2.55202E-1 2.2983E-1 2.16165E-1 2.23511E-1 2.28777E-1 1.76704E-1 1.96836E-1 1.96853E-1 2.68252E-1 1.61159E-1 1.51579E-1 1.03675E-1 7.05898E-2 5.85267E-2 6.40523E-3 1.4731E-3 3.47943E-3 2.7034E-2 7.57894E-2 5.72598E-3 4.79074E-2 5.23334E-3 1.4848E-1 2.17256E-3 2.19405E-3 1.50168E-2 1.18166E-2 1.55994E-1 1.54097E-1 2.33851E-2 9.89478E-2 1.90078E-1 2.83244E-2 9.8957E-2 1.53875E-1 1.32866E-1 1.87416E-1 2.75163E-1 2.38297E-1 1.57135E-1 1.51242E-1 1.6798E-1 1.90985E-1 1.82248E-1 2.21196E-1 2.17951E-1 2.43685E-1 2.23446E-1 2.34903E-1 2.42954E-1 2.70928E-1 2.26548E-1 2.68064E-1 2.72767E-1 4.30246E-1 5.49778E-1 6.29463E-1 6.32334E-1 6.19014E-1
4.64395E-1 4.04184E-1 3.73457E-1 2.12366E-1 2.42753E-1 3.30765E-1 2.49458E-1 2.23429E-1 2.76691E-1 2.35253E-1 3.42075E-1 2.71034E-1 1.76496E-1 1.14126E-1 1.05913E-1 8.80099E-2 4.89618E-3 9.26231E-3 1.50347E-1 1.30846E-2 1.05101E-2 4.5243E-3 1.65932E-2 2.66076E-2 3.82146E-3 8.3606E-3 6.46033E-2 1.91877E-2 1.36625E-2 9.99247E-2 9.35174E-3 6.74778E-2 7.3915E-2 1.34957E-1 6.47869E-2 5.15468E-2 6.7643E-2 8.1214E-2 2.20991E-1 3.00235E-1 1.60351E-1 1.08745E-1 1.39538E-1 1.75568E-1 1.78695E-1 1.7193E-1 2.4713E-1 2.40107E-1 2.10372E-1 2.1257E-1 2.29414E-1 2.37299E-1 2.40983E-1 2.3379E-1 2.23805E-1 2.37072E-1 2.49786E-1 2.88945E-1 4.87399E-1 6.17141E-1 6.3304E-1
6.16453E-1 4.84017E-1 5.25668E-1 2.22348E-1 2.80961E-1 2.40417E-1 3.05251E-1 2.75148E-1 2.75081E-1 1.78769E-1 1.67508E-1 2.46463E-1 1.65106E-1 1.16734E-1 1.1005E-1 1.59363E-1 1.72177E-1 1.8214E-1 1.12377E-1 6.63363E-3 5.12392E-3 8.387E-3 2.05534E-2 3.26541E-3 4.43211E-3 5.00241E-2 3.53995E-3 1.76968E-1 6.85339E-2 2.6325E-2 8.10201E-2 4.35612E-2 3.45856E-2 7.81863E-2 9.79859E-3 8.7334E-3 1.05914E-1 6.12687E-2 2.91541E-1 1.88188E-1 3.34689E-1 1.2035E-1 1.1328E-1 1.46962E-1 1.48931E-1 2.14919E-1 2.08113E-1 2.3463E-1 2.30251E-1 1.9645E-1 2.24597E-1 3.15239E-1 3.0974E-1 2.56512E-1 2.32449E-1 2.37425E-1 2.54712E-1 2.70343E-1 3.52127E-1 6.30467E-1 6.36251E-1
5.65724E-1 3.13163E-1 3.18567E-1 2.46441E-1 2.20072E-1 5.08899E-1 2.38086E-1 1.96517E-1 2.31425E-1 1.94422E-1 2.0288E-1 2.1149E-1 1.5534E-1 1.40569E-1 1.2961E-1 1.21139E-1 1.0027E-1 1.09304E-1 1.45211E-1 1.04424E-1 2.36032E-2 9.27037E-3 1.26977E-2 7.158E-3 3.5081E-3 1.3788E-2 1.27215E-2 3.35815E-2 1.33828E-2 1.19097E-2 5.64014E-2 6.5813E-2 2.90861E-2 2.11675E-2 1.2118E-1 5.56475E-2 1.68346E-1 1.77903E-1 3.19573E-1 9.08804E-2 1.44461E-1 2.54077E-1 9.86939E-2 9.2541E-2 8.28975E-2 4.01131E-1 2.82689E-1 1.85115E-1 2.1153E-1 2.0657E-1 2.0158E-1 2.3867E-1 2.80542E-1 2.63988E-1 2.41902E-1 2.45846E-1 2.98596E-1 2.99864E-1 5.76185E-1 6.13E-1 6.22846E-1
4.56168E-1 3.02437E-1 3.08776E-1 2.97482E-1 2.69764E-1 3.2901E-1 2.0754E-1 2.213E-1 2.23055E-1 2.56968E-1 2.12308E-1 1.87441E-1 2.41804E-1 2.14528E-1 1.54115E-1 1.34431E-1 5.45916E-2 4.64973E-2 3.6676E-2 8.71066E-3 1.70802E-2 4.48437E-2 8.01148E-3 3.36477E-2 1.49415E-1 2.26385E-2 1.01455E-2 1.29239E-2 1.40687E-2 1.64855E-3 1.7515E-2 6.75099E-2 6.31563E-2 4.65799E-2 9.90701E-2 5.02972E-2 1.63684E-1 1.90716E-1 2.08546E-1 1.23454E-1 5.68386E-2 2.00791E-1 1.24849E-1 5.96747E-2 5.69762E-2 7.67555E-2 2.41001E-1 1.98067E-1 2.39562E-1 2.26944E-1 1.78751E-1 2.3667E-1 2.49096E-1 2.27094E-1 2.40579E-1 2.37881E-1 5.04479E-1 3.69113E-1 6.36066E-1 6.28628E-1 6.48789E-1
2.67296E-1 2.81486E-1 2.58473E-1 2.9237E-1 2.69886E-1 2.60337E-1 2.90593E-1 2.63076E-1 2.47869E-1 2.51362E-1 2.82441E-1 1.90771E-1 2.3012E-1 2.40664E-1 1.6236E-1 3.92358E-2 9.12191E-2 1.06092E-1 7.8025E-2 8.0421E-4 7.52838E-3 9.5228E-3 2.30128E-3 7.577E-3 2.68087E-2 2.02711E-2 2.47736E-2 3.45108E-3 8.77979E-3 3.42072E-3 4.85245E-2 5.56248E-2 5.54421E-2 6.88372E-2 6.19646E-2 1.45979E-1 8.02769E-2 1.22703E-1 2.7177E-1 1.12933E-1 8.46731E-2 8.62016E-2 1.02853E-1 3.22725E-2 3.58409E-2 7.87261E-2 1.10162E-1 1.55046E-1 1.98578E-1 1.97469E-1 2.11108E-1 2.18716E-1 2.47939E-1 2.25933E-1 2.36338E-1 2.28034E-1 3.00224E-1 4.5321E-1 6.32155E-1 6.07571E-1 6.27585E-1
2.91242E-1 2.37297E-1 4.03843E-1 4.80016E-1 5.93864E-1 2.84512E-1 5.13136E-1 4.78972E-1 2.46513E-1 2.28293E-1 3.57429E-1 2.75066E-1 2.17799E-1 2.11337E-1 1.60236E-1 4.35209E-2 1.69557E-2 7.03504E-2 6.42668E-2 2.68216E-2 4.45585E-3 6.22795E-3 4.8319E-2 1.04759E-2 2.34965E-3 5.37992E-3 2.14024E-2 1.04059E-2 1.52234E-4 1.84346E-2 1.29391E-2 1.14011E-2 3.58087E-2 4.77989E-2 6.37765E-2 2.08316E-2 7.76522E-2 6.63211E-2 1.98832E-1 7.35234E-2 8.39134E-2 9.51051E-2 1.10385E-1 7.95114E-2 4.91583E-2 5.27743E-2 9.77011E-2 1.75012E-1 2.11808E-1 2.7736E-1 2.6902E-1 2.20318E-1 2.42859E-1 2.43678E-1 2.50429E-1 2.41843E-1 2.42108E-1 2.5741E-1 4.06792E-1 6.57351E-1 6.43347E-1
1.5608E-1 2.05619E-1 3.60062E-1 4.0563E-1 2.84358E-1 4.43854E-1 5.86873E-1 3.61638E-1 2.54827E-1 2.0462E-1 2.18683E-1 2.13002E-1 2.76885E-1 1.65279E-1 1.53373E-1 1.13199E-1 5.42613E-3 9.56072E-3 5.94247E-2 8.02343E-3 6.01164E-3 3.23167E-3 5.31608E-2 9.39426E-3 4.17519E-3 9.416E-3 2.65542E-2 4.99752E-2 9.16172E-4 2.77373E-2 2.32966E-2 6.57376E-2 1.03153E-1 1.21044E-2 4.83752E-2 6.18071E-2 1.34414E-2 5.3126E-2 1.12861E-1 1.30059E-1 1.24195E-1 1.00856E-1 1.0588E-1 7.799E-2 1.78235E-1 5.48473E-2 5.31094E-2 9.92274E-2 2.15277E-1 2.37089E-1 2.33705E-1 2.46279E-1 2.4615E-1 2.33534E-1 2.48466E-1 2.52611E-1 2.46922E-1 2.63881E-1 6.28154E-1 6.83172E-1 6.70073E-1
6.1221E-2 2.03237E-1 1.42878E-1 2.07891E-1 3.8397E-1 1.57262E-1 6.32752E-1 4.79331E-1 2.35532E-1 1.71448E-1 1.81934E-1 2.33687E-1 2.29293E-1 1.64385E-1 1.31664E-1 1.53235E-1 4.36095E-2 2.7218E-2 4.9085E-3 6.20499E-2 3.45407E-3 2.08021E-3 3.95255E-2 3.83279E-3 1.87851E-3 9.95806E-3 2.22005E-2 2.45133E-2 7.58122E-4 2.22184E-3 2.4321E-2 2.74523E-2 2.24773E-2 9.20966E-2 4.22684E-2 3.32703E-2 9.05253E-2 1.73473E-1 1.02128E-1 8.06467E-2 4.52836E-2 1.61094E-1 8.78485E-2 7.86042E-2 7.79421E-2 1.0595E-1 3.3863E-2 1.3508E-1 1.59689E-1 2.67105E-1 2.67936E-1 2.45716E-1 2.31954E-1 2.62947E-1 2.34101E-1 2.33849E-1 2.44175E-1 2.60762E-1 5.95654E-1 6.62734E-1 6.46921E-1
5.68909E-2 1.24501E-1 4.15984E-2 1.38038E-1 2.45023E-1 1.76322E-1 4.10847E-1 2.21573E-1 2.1877E-1 2.0129E-1 1.89712E-1 1.91825E-1 2.25661E-1 1.82525E-1 1.42434E-1 1.42656E-1 1.09122E-1 9.75261E-2 8.45735E-2 7.22227E-2 3.93639E-2 5.90685E-2 4.01762E-2 4.77347E-3 6.88337E-3 4.02711E-2 4.23472E-3 2.61824E-3 1.35266E-2 7.99071E-4 2.629E-3 2.77778E-2 3.73963E-3 7.54791E-2 2.79296E-2 4.0028E-2 1.19145E-1 1.50379E-1 1.26355E-1 2.42238E-1 6.8556E-2 1.19957E-1 1.01047E-1 1.1639E-1 7.33076E-2 6.33595E-2 3.54808E-2 5.3178E-2 2.19342E-1 2.2543E-1 2.80062E-1 2.43833E-1 2.27897E-1 2.50776E-1 2.37146E-1 2.45013E-1 2.5896E-1 2.63976E-1 2.70843E-1 2.85258E-1 3.02847E-1
3.18867E-2 1.90621E-2 7.70935E-2 9.09862E-2 1.69155E-1 5.21734E-1 5.17912E-1 4.57833E-1 2.45249E-1 2.56727E-1 1.98739E-1 1.7744E-1 2.13136E-1 2.43433E-1 1.60653E-1 1.56927E-1 1.75043E-1 1.69289E-1 1.46365E-1 1.54521E-1 1.16153E-1 7.87764E-2 5.69018E-2 4.81521E-3 7.03453E-4 2.51402E-3 2.43011E-3 1.60754E-2 5.42941E-3 2.22679E-2 2.0507E-2 9.73878E-2 1.11918E-2 1.75652E-2 9.82905E-2 2.24469E-2 8.48189E-3 9.987E-2 1.03347E-1 4.19072E-2 8.28473E-2 1.65377E-1 1.47692E-1 1.04956E-1 1.04665E-1 6.00663E-2 7.02035E-2 8.322E-2 1.81618E-1 2.83516E-1 3.23385E-1 3.24768E-1 2.43402E-1 2.53806E-1 2.46623E-1 2.68529E-1 2.7275E-1 2.75167E-1 3.49313E-1 4.19497E-1 4.54573E-1
5.91525E-3 1.12729E-2 1.33723E-2 7.28034E-2 1.90319E-1 2.78423E-1 3.91715E-1 1.55099E-1 2.20421E-1 2.23865E-1 2.14985E-1 1.68643E-1 1.78847E-1 2.57255E-1 2.27296E-1 1.54117E-1 1.44967E-1 1.16513E-1 1.23823E-1 5.60399E-2 3.35853E-2 3.67696E-2 7.16966E-2 2.78302E-3 1.30957E-3 2.26431E-3 1.40464E-3 5.37078E-3 5.99661E-3 8.00318E-3 6.1948E-2 8.09614E-3 1.79154E-3 7.40338E-2 5.23622E-2 5.76361E-2 8.63339E-2 1.67039E-1 1.61448E-1 7.90013E-2 1.01813E-1 2.3987E-1 2.91702E-1 1.40402E-1 1.8864E-1 1.04783E-1 1.08668E-1 1.4891E-1 1.85703E-1 2.82917E-1 1.83879E-1 2.67806E-1 2.77651E-1 2.75366E-1 2.67268E-1 2.69925E-1 2.72605E-1 2.95257E-1 3.23364E-1 4.47576E-1 6.76421E-1
7.82649E-3 8.79651E-3 2.0586E-2 5.97284E-2 8.8393E-3 2.97731E-1 3.83153E-1 2.60873E-1 2.51761E-1 3.37885E-1 2.07445E-1 2.60538E-1 2.33797E-1 1.7783E-1 1.91027E-1 1.6267E-1 1.33893E-1 1.29901E-1 1.09432E-1 1.15486E-1 4.96124E-2 2.71129E-2 1.88102E-2 9.89739E-3 8.75737E-3 2.36399E-3 1.24427E-3 1.17539E-2 1.43383E-3 2.91685E-2 1.30875E-2 3.42197E-3 5.38035E-3 3.2117E-3 3.10762E-2 1.64956E-2 5.06318E-3 1.157E-1 2.22552E-1 9.00255E-2 2.01163E-1 1.67437E-1 1.76743E-1 2.64028E-1 1.7104E-1 1.70452E-1 2.17738E-1 1.8773E-1 2.79665E-1 1.86206E-1 2.88193E-1 2.70272E-1 2.70449E-1 2.58208E-1 2.91994E-1 2.74493E-1 2.67354E-1 5.46006E-1 6.35012E-1 6.63643E-1 6.89343E-1
1.03884E-1 1.37203E-2 3.68916E-2 1.21492E-2 2.08909E-2 1.72955E-1 3.40732E-1 2.67397E-1 2.54969E-1 2.9908E-1 2.50011E-1 1.92344E-1 1.98402E-1 1.74713E-1 1.62887E-1 1.66004E-1 1.21535E-1 1.00211E-1 8.54408E-2 9.54994E-2 7.12671E-2 1.16612E-1 1.64959E-2 1.48671E-2 1.03311E-2 8.59556E-3 3.75063E-4 2.47206E-3 3.96114E-3 1.67672E-2 7.76745E-3 1.05137E-2 3.87832E-3 1.36983E-2 1.28204E-2 2.59651E-2 2.38882E-2 3.6679E-2 1.25863E-1 7.10823E-2 1.58527E-1 3.89124E-1 2.5867E-1 1.11796E-1 6.00378E-2 7.59987E-2 1.07705E-1 2.18783E-1 1.77189E-1 2.24297E-1 2.65109E-1 2.76996E-1 2.64865E-1 2.83394E-1 2.53571E-1 3.17462E-1 3.48646E-1 5.98484E-1 6.79083E-1 7.00235E-1 7.05993E-1
2.31892E-2 2.50837E-2 1.1392E-2 1.61717E-2 1.03059E-2 7.12675E-2 3.24588E-1 3.19012E-1 2.03562E-1 3.05468E-1 2.49081E-1 2.38917E-1 2.19853E-1 1.95208E-1 1.73931E-1 1.62732E-1 1.50213E-1 1.00402E-1 9.86022E-2 9.64276E-2 1.86602E-1 8.1815E-2 7.65287E-2 3.02105E-2 7.10797E-2 3.14261E-2 5.76035E-2 4.55324E-3 5.22416E-3 3.1129E-3 6.98651E-3 2.92993E-2 2.73437E-3 3.47808E-3 6.23131E-3 3.70406E-3 3.07416E-2 3.74577E-2 1.45458E-2 1.48028E-1 2.12104E-1 9.32516E-2 1.33857E-1 1.53734E-1 2.22295E-1 1.60887E-1 8.87061E-2 1.93231E-1 1.44275E-1 2.73315E-1 1.79E-1 1.63407E-1 2.4536E-1 3.09714E-1 2.88009E-1 3.63417E-1 5.60685E-1 6.78249E-1 6.60747E-1 6.52424E-1 6.68992E-1
7.81705E-3 2.76743E-2 2.7097E-2 1.47576E-2 6.70195E-3 2.2923E-2 2.04252E-1 1.54515E-1 1.71347E-1 2.38539E-1 2.87658E-1 2.54286E-1 2.37664E-1 1.95235E-1 1.68845E-1 1.4789E-1 1.32361E-1 1.31222E-1 1.02179E-1 1.51759E-1 1.2574E-1 1.63547E-2 3.85445E-2 7.24159E-2 1.39263E-2 2.84907E-3 9.63491E-4 4.82623E-2 8.77308E-3 -9999 7.13323E-4 3.89625E-3 3.61283E-4 1.65565E-3 2.42858E-2 1.05254E-2 1.2845E-2 1.43233E-2 7.53521E-2 1.43734E-1 8.5858E-2 2.4005E-1 1.08133E-1 4.8085E-2 5.14876E-2 1.13916E-1 1.24866E-1 2.16969E-1 1.42845E-1 1.39826E-1 1.36271E-1 1.72347E-1 2.12856E-1 2.67406E-1 2.8189E-1 3.57102E-1 5.77717E-1 6.47372E-1 6.86851E-1 6.3888E-1 6.2851E-1
2.83267E-2 5.8057E-2 2.3742E-2 3.91754E-2 2.34192E-2 5.15925E-2 1.65568E-1 1.93267E-1 2.16324E-1 2.03208E-1 3.28406E-1 2.80155E-1 1.93402E-1 2.11003E-1 1.98069E-1 1.67245E-1 1.68515E-1 1.21101E-1 1.28106E-1 1.83868E-1 1.38136E-1 4.44898E-2 3.26419E-2 2.11421E-2 2.18672E-2 4.80242E-2 3.02987E-2 6.4445E-4 2.81065E-3 3.51753E-3 2.1789E-3 1.58172E-2 3.36173E-3 1.75085E-3 6.34705E-3 5.88058E-2 3.11372E-2 3.94733E-2 4.97838E-2 8.49777E-2 1.47904E-1 2.06747E-1 1.42548E-1 4.15353E-2 7.70897E-2 1.6736E-1 7.6669E-2 3.69866E-2 1.46736E-1 1.07908E-1 1.13872E-1 2.15142E-1 3.19914E-1 2.55625E-1 3.28204E-1 3.13471E-1 3.04001E-1 6.36551E-1 6.86344E-1 7.05791E-1 6.5471E-1
1.25005E-1 1.65525E-2 4.67419E-2 2.79769E-2 1.06842E-1 5.00933E-2 1.82847E-1 2.95809E-1 3.75698E-1 2.33009E-1 2.65311E-1 2.3875E-1 1.84902E-1 1.92475E-1 2.0635E-1 1.88579E-1 2.24036E-1 1.33798E-1 1.63217E-1 1.70339E-1 5.30822E-2 1.0063E-1 1.53945E-1 6.47201E-2 2.02536E-2 1.21789E-2 1.45464E-3 9.35793E-4 6.99342E-4 3.23766E-3 5.30099E-3 1.53257E-3 8.13322E-4 1.13086E-2 1.00944E-3 7.3459E-3 4.03434E-2 4.93827E-3 8.23286E-2 1.56314E-2 1.89456E-2 5.45464E-2 1.25126E-1 1.94086E-1 4.9112E-2 1.05744E-1 1.79014E-1 2.57501E-1 1.79242E-1 1.54499E-1 1.56349E-1 2.10286E-1 1.61683E-1 3.06847E-1 3.30469E-1 3.70868E-1 4.40514E-1 6.48657E-1 6.97472E-1 7.09281E-1 6.91819E-1
2.13975E-2 9.03942E-2 1.6643E-2 6.60241E-2 5.17056E-2 1.93409E-1 1.5009E-1 4.10606E-1 1.31478E-1 2.62978E-1 2.99228E-1 2.28628E-1 1.98168E-1 2.15162E-1 1.8858E-1 1.88425E-1 1.72574E-1 1.32943E-1 2.44004E-1 2.25032E-1 2.03716E-1 1.1697E-1 7.45543E-2 1.12392E-1 1.16876E-1 2.83501E-3 1.00552E-2 3.18405E-4 8.51166E-3 8.49209E-4 6.2843E-4 2.26436E-2 2.75822E-3 1.81924E-3 1.4853E-3 1.85475E-2 6.07729E-3 9.51114E-3 6.50193E-2 7.54421E-2 7.18185E-2 3.55767E-2 1.47309E-1 1.51721E-1 3.98269E-2 1.13012E-1 8.7411E-2 2.16993E-1 2.12113E-1 1.35127E-1 1.19498E-1 1.36797E-1 1.66976E-1 1.38322E-1 2.19344E-1 2.591E-1 4.18908E-1 4.06895E-1 6.52912E-1 7.30523E-1 7.11892E-1
3.82958E-2 3.13506E-2 1.16075E-1 1.00496E-1 7.47755E-2 1.30639E-1 2.46856E-1 2.23259E-1 1.85859E-1 2.61183E-1 3.30141E-1 2.03688E-1 1.92702E-1 2.81652E-1 2.40698E-1 1.95254E-1 1.24851E-1 1.27823E-1 3.31814E-1 3.62118E-1 1.45495E-1 1.06193E-1 1.10654E-1 1.31274E-1 3.95459E-2 6.49411E-4 1.34106E-2 2.29239E-2 2.61072E-2 1.01836E-3 4.05629E-4 2.58338E-2 3.1203E-3 1.11608E-3 3.47425E-3 1.08621E-2 1.29066E-2 2.7439E-3 1.86737E-2 1.75523E-2 3.44258E-2 8.59919E-2 1.22436E-1 1.47454E-1 9.29717E-2 1.3013E-1 7.93155E-2 1.24116E-1 1.07842E-1 1.92099E-1 1.50483E-1 1.29132E-1 9.61071E-2 1.98802E-1 3.25627E-1 3.61526E-1 5.33056E-1 6.18275E-1 7.67499E-1 7.46717E-1 7.24088E-1
1.8283E-2 4.3277E-2 1.33053E-1 4.29981E-2 1.5473E-1 1.61459E-1 1.92023E-1 1.99231E-1 2.53481E-1 3.16947E-1 2.84666E-1 3.49014E-1 2.76653E-1 1.9433E-1 2.44078E-1 2.20992E-1 1.24365E-1 1.81786E-1 1.69548E-1 2.25809E-1 2.44316E-1 1.4734E-1 9.5128E-2 4.40501E-2 1.92543E-2 3.89178E-3 2.26207E-3 7.74963E-2 1.26585E-3 4.39181E-3 5.3572E-2 9.20372E-3 9.1687E-3 3.13602E-3 1.02186E-2 5.78685E-3 1.81165E-3 1.56988E-3 3.31497E-4 3.65012E-3 1.22109E-1 7.98061E-2 5.04713E-2 1.57167E-2 1.61078E-1 1.56687E-1 6.60256E-2 3.49595E-2 1.09587E-1 7.59716E-2 1.63396E-1 1.61767E-1 2.88756E-1 3.63633E-1 4.84466E-1 5.42578E-1 5.75977E-1 7.86593E-1 7.89722E-1 7.56912E-1 7.03076E-1
3.61633E-2 5.67182E-2 1.0888E-2 -9999 1.03183E-1 4.67374E-2 2.16972E-1 1.39438E-1 3.82204E-1 4.29144E-1 5.16636E-1 3.08386E-1 5.21755E-1 3.4507E-1 2.77667E-1 3.27392E-1 2.05268E-1 2.32883E-1 2.35307E-1 1.24363E-1 4.11549E-2 7.73204E-2 5.08815E-2 3.60076E-2 3.0936E-2 4.33025E-3 1.27948E-2 1.338E-2 1.45262E-3 1.13897E-2 1.56413E-1 7.83709E-3 1.39888E-2 4.29357E-3 2.80079E-2 1.58733E-3 4.78559E-3 1.74063E-3 6.28645E-3 3.80072E-3 4.33006E-2 1.29461E-1 3.15386E-2 2.74951E-2 1.00159E-1 5.41549E-2 5.88757E-2 1.13189E-2 8.28272E-2 1.02927E-1 1.6882E-1 7.94979E-2 2.21964E-1 3.5782E-1 3.74748E-1 6.24913E-1 4.56891E-1 7.7119E-1 7.58594E-1 7.50577E-1 6.7898E-1
3.63073E-2 5.67614E-2 1.76759E-2 6.80298E-2 4.46352E-2 1.00361E-1 1.53439E-1 1.53834E-1 2.23341E-1 5.51134E-1 4.018E-1 2.73564E-1 4.60421E-1 3.69432E-1 1.9075E-1 3.32602E-1 4.37431E-1 3.10067E-1 2.33367E-1 1.45938E-1 4.47632E-2 1.02136E-1 1.10584E-1 7.31029E-2 9.07215E-2 5.79085E-2 7.85596E-2 1.32933E-2 7.57765E-4 2.30414E-3 7.59068E-3 5.56058E-3 2.88793E-2 1.86968E-3 5.03156E-3 2.6168E-3 2.8528E-3 7.67649E-3 1.89791E-2 9.88638E-3 3.57134E-3 1.26234E-1 4.8946E-2 2.56172E-2 8.98695E-2 1.27055E-2 2.01205E-2 2.60457E-2 7.30336E-2 1.18916E-1 4.40467E-2 1.15536E-1 1.5311E-1 2.26972E-1 3.02348E-1 5.52901E-1 4.86959E-1 5.00852E-1 7.51952E-1 7.29289E-1 6.87774E-1
5.80601E-2 3.61773E-2 1.95823E-2 4.61191E-2 1.41076E-1 1.05578E-1 1.92286E-1 1.96941E-1 2.45893E-1 3.05428E-1 2.9615E-1 2.13915E-1 2.36577E-1 3.43229E-1 3.63507E-1 4.25995E-1 5.25114E-1 6.0972E-1 1.80269E-1 1.63304E-1 2.85628E-1 1.88101E-1 1.23188E-1 1.38614E-1 8.10112E-2 5.56876E-2 9.06502E-2 1.4922E-3 3.81666E-2 7.55934E-3 3.12155E-3 1.83792E-3 1.46827E-2 1.15312E-2 1.08962E-2 6.79023E-5 2.90299E-3 4.6272E-2 1.39398E-2 1.0975E-3 1.58036E-2 1.50097E-1 3.81426E-2 6.77655E-2 3.54269E-2 3.04265E-2 6.10922E-3 1.32312E-1 8.72168E-2 1.39421E-1 8.43689E-2 1.49591E-1 1.22312E-1 1.71609E-1 2.91357E-1 5.51664E-1 6.27405E-1 5.63988E-1 7.80202E-1 6.98233E-1 7.10209E-1
5.52757E-2 1.95976E-2 4.81553E-2 4.83702E-2 7.15599E-2 2.74279E-1 1.70836E-1 1.95461E-1 1.66183E-1 2.11413E-1 2.81611E-1 2.59967E-1 2.45017E-1 2.29408E-1 2.48313E-1 3.65245E-1 5.12054E-1 3.50162E-1 3.69472E-1 2.83192E-1 3.33141E-1 1.54503E-1 9.88623E-2 8.94789E-2 1.39776E-1 8.06566E-2 8.91294E-2 1.68759E-2 1.62698E-3 8.98295E-4 1.76871E-2 1.20001E-3 2.55483E-2 5.16588E-4 2.94343E-3 3.57641E-2 2.79095E-2 1.09967E-1 2.07795E-2 1.08567E-3 7.83575E-3 2.68728E-2 6.16305E-2 9.1407E-2 1.61006E-1 2.26566E-2 2.52948E-1 7.32544E-3 2.83725E-2 3.77443E-2 6.22761E-2 9.94786E-2 1.9964E-1 2.1888E-1 3.00208E-1 4.38125E-1 6.08407E-1 5.00531E-1 7.24775E-1 7.04664E-1 7.02676E-1
4.82535E-2 1.37928E-2 4.71113E-2 8.75434E-2 5.71203E-2 2.14066E-1 2.20558E-1 1.47475E-1 3.12184E-1 1.99189E-1 2.13476E-1 2.82977E-1 2.96753E-1 2.30679E-1 2.03613E-1 2.00867E-1 6.45957E-1 3.56952E-1 2.90399E-1 2.53402E-1 1.63857E-1 1.56049E-1 1.44892E-1 1.75632E-1 1.09047E-1 7.78431E-2 1.19183E-3 3.06331E-4 1.62794E-3 5.97785E-3 4.73605E-3 2.16693E-2 3.16914E-2 2.81398E-3 5.29952E-3 1.96634E-3 5.59765E-3 2.44969E-2 1.18436E-2 3.05372E-2 5.49333E-2 1.69843E-2 1.25129E-1 2.07693E-2 5.77666E-2 3.07257E-2 3.47908E-1 2.90613E-2 2.45842E-2 6.99334E-2 1.68591E-1 3.04347E-1 1.63882E-1 2.67819E-1 3.38947E-1 4.09217E-1 4.85577E-1 7.16281E-1 7.66368E-1 7.06777E-1 7.07171E-1
3.77519E-4 5.0333E-3 9.10536E-2 4.8017E-2 1.32052E-1 2.05288E-1 1.52184E-1 1.10476E-1 2.02829E-1 2.16594E-1 3.14922E-1 2.09469E-1 2.34045E-1 1.7326E-1 1.93489E-1 2.55069E-1 5.60806E-1 1.93891E-1 1.54109E-1 2.12769E-1 1.42215E-1 1.43806E-1 1.14737E-1 1.89683E-1 1.49969E-1 5.53001E-2 1.34451E-3 3.53785E-2 3.56126E-2 1.70511E-3 1.59303E-2 4.08328E-3 1.01665E-2 2.53844E-4 8.0386E-3 1.30553E-2 3.62296E-3 6.79922E-2 7.75062E-3 -9999 4.15492E-2 9.64948E-3 6.32583E-2 1.57231E-1 4.79473E-2 9.90452E-3 8.70754E-2 5.99222E-2 2.12341E-3 1.632E-1 2.49073E-1 3.39119E-1 2.12706E-1 2.6126E-1 3.26192E-1 5.75933E-1 7.50431E-1 7.70929E-1 7.36311E-1 7.23998E-1 7.15017E-1
