Candidate_Models_July82022/M_0.4_F_lqp_Set_1_cal/Bison.asc
ncols         290
nrows         380
xllcorner     -2197417.7431653
yllcorner     -584827.01486885
cellsize      10000.0
NODATA_value  -9999
[rows 162 to 188 of 380, columns 0 to 60 of 290]
-9999 -9999 -9999 -9999 -9999 -9999 -9999 -9999 -9999 -9999 -9999 -9999 -9999 -9999 1.23154E-2 8.1705E-3 -9999 5.98399E-3 3.57188E-3 9.41189E-4 3.2858E-3 8.59685E-3 2.49497E-2 1.88194E-2 4.16799E-3 -9999 1.13762E-2 5.78493E-7 3.85027E-6 2.04867E-4 1.92828E-3 1.82499E-4 1.36553E-4 7.21383E-4 0E0 4.69471E-2 1.46841E-2 7.86255E-3 3.96155E-4 8.82439E-3 2.46804E-2 2.33818E-3 1.73423E-2 1.59311E-2 5.9581E-3 1.45879E-2 4.68776E-2 3.71569E-2 7.59443E-2 5.00674E-2 4.85054E-2 4.91702E-2 9.35312E-2 1.11385E-1 4.56757E-2 6.23348E-2 5.37599E-2 5.70602E-2 4.41132E-2 3.94083E-2 4.96008E-2
-9999 -9999 -9999 -9999 -9999 -9999 -9999 -9999 -9999 -9999 -9999 -9999 -9999 -9999 -9999 -9999 -9999 1.01879E-2 2.03192E-3 3.31105E-4 6.44755E-3 -9999 -9999 -9999 -9999 -9999 4.64511E-3 8.01249E-5 2.82866E-4 9.73288E-5 1.18831E-4 7.08796E-6 0E0 9.27079E-4 2.69914E-3 7.88114E-2 6.43156E-3 1.28099E-4 5.05289E-4 1.47263E-2 2.45884E-3 7.03227E-2 4.73916E-2 2.20713E-2 6.86972E-3 9.67834E-3 1.18085E-2 2.48722E-2 3.14451E-2 3.83659E-2 2.58569E-2 4.89169E-2 4.16309E-2 1.26893E-1 6.50919E-2 2.62512E-2 4.77601E-2 5.40704E-2 6.6218E-2 4.70699E-2 2.71657E-2
-9999 -9999 -9999 -9999 -9999 -9999 -9999 -9999 -9999 -9999 -9999 -9999 -9999 -9999 -9999 1.41562E-2 -9999 1.68512E-2 3.94413E-3 2.95693E-4 6.87691E-5 8.31221E-6 -9999 -9999 -9999 2.50479E-4 8.20449E-4 1.18764E-4 1.05838E-4 8.74015E-4 5.04244E-3 7.72124E-5 5.50671E-6 1.96534E-3 0E0 2.44245E-3 1.67967E-3 9.69639E-4 2.01191E-2 6.47034E-2 1.65109E-2 1.20857E-2 5.94656E-2 1.67999E-3 7.12057E-4 2.9973E-2 3.94889E-3 3.06605E-2 2.43404E-2 3.60455E-2 1.25715E-2 6.14687E-2 7.05606E-2 9.62196E-2 1.9971E-2 6.94377E-2 3.93382E-2 4.14218E-2 7.23178E-2 7.13098E-2 5.87737E-2
-9999 -9999 -9999 -9999 -9999 -9999 -9999 -9999 -9999 -9999 -9999 -9999 -9999 -9999 -9999 8.89353E-3 -9999 4.03599E-3 -9999 4.17851E-4 5.1191E-4 -9999 -9999 -9999 1.37685E-3 1.26035E-4 -9999 4.96059E-4 2.16531E-8 3.93132E-5 -9999 2.69382E-4 6.71099E-6 8.61684E-4 0E0 1.81836E-2 3.09731E-4 4.35428E-2 1.00918E-1 1.02368E-1 1.31654E-2 2.15405E-2 5.48135E-2 4.01854E-3 2.06726E-2 5.1528E-3 2.86477E-2 2.37384E-2 4.8445E-2 2.53921E-2 8.44543E-2 4.698E-2 5.28385E-2 5.42029E-2 1.11574E-1 2.84707E-2 5.48563E-2 5.0891E-2 8.11905E-2 6.97477E-2 5.1587E-2
-9999 -9999 -9999 -9999 -9999 -9999 -9999 -9999 -9999 -9999 -9999 -9999 -9999 -9999 -9999 6.85151E-3 -9999 1.9805E-2 -9999 4.07753E-4 3.81615E-5 1.04499E-2 2.22988E-2 -9999 4.04459E-3 8.40086E-3 -9999 -9999 4.02104E-4 -9999 2.22614E-5 1.43764E-5 2.31945E-5 5.64348E-4 2.13274E-2 -9999 5.99324E-4 1.25251E-2 6.82683E-2 1.14901E-2 1.34557E-3 1.7433E-3 4.94331E-2 2.71274E-2 2.33056E-2 1.62919E-3 7.54072E-3 2.07186E-2 1.62936E-2 3.82466E-2 2.25639E-2 2.77164E-2 2.11804E-2 5.4734E-2 3.9207E-2 1.53638E-1 7.29398E-2 8.69974E-2 1.19926E-1 7.35813E-2 6.33018E-2
-9999 -9999 -9999 -9999 -9999 -9999 -9999 -9999 -9999 -9999 -9999 -9999 -9999 -9999 -9999 6.96548E-3 2.69247E-2 -9999 -9999 3.74659E-3 2.68558E-3 1.87302E-2 -9999 3.04457E-2 -9999 1.19741E-2 1.46284E-2 1.47126E-3 8.92029E-3 -9999 1.81719E-9 2.38621E-4 3.567E-5 1.59379E-3 2.66558E-3 1.80011E-5 6.47948E-3 1.2927E-3 8.66842E-4 1.10144E-4 1.01403E-4 7.57024E-3 6.36439E-2 7.4806E-2 7.53283E-3 3.58979E-4 9.75771E-3 2.13737E-2 2.51441E-2 9.08565E-2 9.02802E-3 1.78355E-2 3.26595E-2 3.29696E-2 2.77197E-2 2.08885E-2 9.47229E-2 4.2815E-2 5.92142E-2 7.50415E-2 8.33857E-2
-9999 -9999 -9999 -9999 -9999 -9999 -9999 -9999 -9999 -9999 -9999 -9999 -9999 -9999 -9999 2.10637E-2 -9999 -9999 -9999 5.98466E-3 1.712E-2 2.51295E-2 -9999 -9999 2.9034E-2 2.2884E-3 -9999 -9999 -9999 0E0 -9999 4.17678E-6 2.32673E-6 5.77378E-4 2.7501E-3 2.13633E-4 1.59448E-2 2.25851E-3 3.91692E-4 8.97839E-3 7.97412E-4 1.67885E-2 1.93365E-2 6.27948E-2 3.8492E-2 7.98667E-4 7.43644E-3 1.50308E-2 2.01902E-2 8.38061E-2 1.33291E-2 1.96987E-2 1.18147E-2 3.05144E-2 4.18144E-2 4.84676E-2 8.80048E-2 8.50122E-2 6.65135E-2 5.99218E-2 5.64797E-2
-9999 -9999 -9999 -9999 -9999 -9999 -9999 -9999 -9999 -9999 -9999 -9999 -9999 -9999 -9999 2.11951E-2 -9999 -9999 -9999 9.11927E-3 1.01885E-2 -9999 -9999 -9999 1.94373E-2 -9999 0E0 2.64133E-2 2.07509E-3 5.15587E-4 1.79515E-7 1.74605E-6 2.76644E-6 8.63652E-4 -9999 4.45088E-3 -9999 8.34553E-4 3.12662E-3 9.96632E-5 1.00825E-3 2.27546E-2 5.47142E-4 4.89171E-2 9.05788E-3 2.63898E-2 2.38343E-2 2.68861E-2 6.03306E-2 1.7612E-2 3.57556E-2 4.31339E-2 2.78405E-2 8.38028E-2 6.79052E-2 6.83766E-2 1.03699E-1 6.41626E-2 6.2332E-2 7.00613E-2 9.04929E-2
-9999 -9999 -9999 -9999 -9999 -9999 -9999 -9999 -9999 -9999 -9999 -9999 -9999 -9999 -9999 -9999 -9999 -9999 2.76734E-2 7.80542E-3 3.55925E-3 -9999 -9999 -9999 2.56339E-2 -9999 -9999 -9999 6.26605E-3 -9999 6.30647E-6 2.18005E-5 4.4789E-5 1.14841E-4 -9999 6.80864E-3 1.0504E-2 7.8248E-5 5.41604E-5 2.32944E-5 6.98163E-5 2.43752E-2 4.59614E-2 4.12246E-2 2.6922E-2 4.11925E-2 6.36275E-2 6.45082E-2 1.32915E-2 9.65531E-3 8.822E-2 4.40442E-2 2.50085E-2 5.2957E-2 1.29445E-2 5.28968E-2 8.60584E-2 7.36348E-2 4.02554E-2 5.32911E-2 8.68067E-2
-9999 -9999 -9999 -9999 -9999 -9999 -9999 -9999 -9999 -9999 -9999 -9999 -9999 -9999 -9999 -9999 -9999 -9999 -9999 -9999 -9999 -9999 -9999 -9999 -9999 2.30675E-2 -9999 2.00084E-2 1.20673E-3 3.17647E-4 2.39345E-5 2.4426E-5 1.73119E-4 2.34321E-3 5.37837E-5 1.60542E-3 1.6207E-4 9.70323E-3 2.67747E-4 7.4051E-4 2.22432E-2 1.12513E-2 3.32671E-3 3.19E-3 2.13483E-3 5.8885E-3 9.46797E-2 9.81037E-2 2.22577E-2 1.17913E-1 7.03894E-2 1.34452E-2 2.26493E-2 2.2301E-2 1.97951E-2 3.39653E-2 1.28063E-1 1.01935E-1 1.0093E-1 6.01882E-2 8.33579E-2
-9999 -9999 -9999 -9999 -9999 -9999 -9999 -9999 -9999 -9999 -9999 -9999 -9999 -9999 -9999 -9999 -9999 -9999 -9999 -9999 -9999 -9999 -9999 -9999 -9999 -9999 -9999 4.82601E-3 2.40677E-3 1.78939E-3 7.74735E-6 2.65452E-4 4.9099E-3 1.72026E-3 9.64129E-4 9.53288E-5 1.19793E-3 8.58763E-2 2.47279E-3 1.8011E-2 1.66642E-2 1.0344E-3 6.98215E-3 1.74825E-3 7.56512E-4 4.41247E-2 1.92476E-2 9.15498E-2 6.42232E-2 6.20209E-3 4.91615E-2 7.27553E-3 2.8513E-2 1.57333E-2 3.24591E-2 2.66576E-2 5.06288E-2 9.74621E-2 7.69195E-2 9.56786E-2 3.52771E-2
-9999 -9999 -9999 -9999 -9999 -9999 -9999 -9999 -9999 -9999 -9999 -9999 -9999 -9999 -9999 -9999 -9999 -9999 -9999 -9999 -9999 -9999 -9999 -9999 -9999 -9999 -9999 7.67219E-3 4.30938E-3 2.81886E-3 1.85072E-4 1.1749E-4 1.72133E-2 5.72445E-4 1.34948E-5 2.62726E-4 7.76126E-4 2.39673E-2 2.75414E-2 1.56265E-2 1.44773E-3 1.75303E-3 1.81229E-3 1.63188E-4 3.39528E-3 9.91449E-2 1.81145E-2 8.35894E-2 1.07922E-1 7.25293E-3 1.19633E-2 7.02775E-2 6.37638E-2 3.45164E-2 3.68326E-2 3.24642E-2 4.32703E-2 1.00543E-1 5.52957E-2 1.13631E-2 8.4562E-2
-9999 -9999 -9999 -9999 -9999 -9999 -9999 -9999 -9999 -9999 -9999 2.49752E-2 -9999 -9999 -9999 -9999 -9999 -9999 -9999 -9999 -9999 -9999 -9999 -9999 -9999 -9999 -9999 -9999 -9999 6.84425E-3 6.61823E-3 -9999 1.99603E-3 6.26264E-3 -9999 7.75674E-3 4.69982E-3 1.08765E-3 6.14546E-4 8.09773E-3 9.63951E-3 1.72378E-3 3.08559E-3 1.72296E-3 1.60868E-2 1.04817E-1 2.55908E-2 7.74652E-2 9.00839E-2 2.19115E-2 1.74891E-2 1.53032E-2 1.98718E-2 3.61125E-2 4.70475E-2 2.95124E-2 2.49426E-2 7.11194E-2 7.83583E-2 1.3636E-2 5.13727E-2
-9999 -9999 -9999 -9999 -9999 -9999 -9999 -9999 -9999 -9999 -9999 9.18296E-3 1.78289E-2 3.13191E-2 -9999 -9999 -9999 -9999 -9999 -9999 -9999 -9999 -9999 -9999 -9999 -9999 -9999 -9999 -9999 -9999 3.82563E-3 1.98527E-5 5.32384E-6 1.36703E-6 1.42206E-5 2.84858E-5 2.18601E-4 2.15424E-4 9.38349E-4 4.09909E-3 2.91463E-3 2.55226E-3 2.67844E-3 8.73179E-4 6.67995E-4 9.40935E-2 3.46953E-2 5.21711E-2 9.69138E-2 2.62529E-2 8.57725E-3 1.73477E-2 2.89008E-2 1.82042E-2 6.7091E-2 4.38306E-2 2.10899E-2 5.67167E-2 1.21973E-1 6.79452E-2 7.47971E-2
-9999 -9999 -9999 -9999 -9999 -9999 -9999 -9999 -9999 -9999 9.78794E-3 5.63212E-3 6.37366E-3 1.94509E-2 -9999 -9999 -9999 -9999 -9999 -9999 -9999 -9999 -9999 -9999 -9999 -9999 -9999 -9999 -9999 5.89274E-3 1.98986E-6 6.01043E-6 7.26649E-6 6.05263E-4 2.80505E-4 1.24226E-4 3.04572E-3 7.90828E-4 1.43946E-3 7.9551E-3 1.81279E-3 2.58781E-3 5.82433E-3 7.67257E-3 2.39765E-2 6.95398E-2 1.09034E-1 1.06334E-1 9.77252E-2 2.89983E-2 4.92986E-2 2.58235E-2 1.51838E-2 3.46181E-2 6.87956E-2 5.8655E-2 2.3316E-2 5.94592E-2 1.13796E-1 2.89222E-2 2.48166E-2
-9999 -9999 -9999 -9999 -9999 -9999 -9999 -9999 -9999 2.56612E-2 2.34783E-3 1.16373E-2 -9999 1.55801E-2 1.95647E-2 2.83041E-2 -9999 -9999 -9999 -9999 -9999 -9999 -9999 -9999 -9999 -9999 -9999 -9999 1.38381E-2 5.02707E-4 5.07564E-7 1.05383E-4 1.17435E-4 8.27689E-6 4.54663E-5 3.30303E-3 1.04509E-2 7.45599E-4 1.26384E-3 1.16428E-2 5.71591E-3 3.9446E-3 4.14284E-2 2.26679E-2 4.0894E-2 5.63274E-2 8.62387E-2 5.30278E-2 3.07681E-2 4.23301E-2 1.04911E-2 1.38236E-2 2.36017E-2 2.77912E-2 6.63811E-2 5.43874E-2 2.38037E-2 6.47534E-2 1.19668E-1 7.90472E-2 3.82598E-2
-9999 -9999 -9999 -9999 -9999 -9999 -9999 -9999 -9999 -9999 3.00039E-3 2.48629E-2 9.1119E-3 1.3302E-2 4.61441E-2 5.68302E-2 -9999 -9999 -9999 -9999 -9999 -9999 -9999 -9999 -9999 -9999 -9999 3.61593E-2 8.29892E-3 2.57822E-3 1.36155E-4 1.52821E-6 6.261E-4 1.21872E-3 1.61323E-3 2.67343E-2 7.29386E-3 1.13911E-3 4.23827E-4 1.9943E-2 1.56126E-3 7.31052E-3 3.02974E-3 2.60803E-3 3.03963E-3 2.36166E-2 6.90069E-2 2.48256E-2 4.295E-2 3.08407E-2 1.7629E-2 3.17292E-2 1.26065E-2 3.87259E-2 8.30658E-2 6.51038E-2 1.97725E-2 7.43306E-2 8.53356E-2 4.79946E-2 6.29812E-2
-9999 -9999 -9999 -9999 -9999 -9999 -9999 -9999 -9999 -9999 3.94157E-3 8.03781E-3 9.10652E-3 1.94003E-2 4.24211E-2 -9999 1.32123E-1 3.73179E-2 3.83484E-2 -9999 -9999 -9999 -9999 -9999 -9999 -9999 -9999 -9999 8.58675E-3 1.80706E-3 2.47651E-6 1.13493E-5 2.11319E-3 1.48572E-3 1.89166E-2 1.82635E-2 4.42722E-2 5.16846E-3 9.64374E-3 1.19663E-3 1.9898E-3 3.53832E-3 2.86381E-2 3.01356E-3 2.28466E-3 4.85428E-3 7.05801E-2 2.66221E-2 8.56908E-2 2.35063E-2 8.11161E-3 2.47332E-2 4.25008E-2 5.25393E-2 4.87354E-2 8.98686E-2 5.48995E-2 8.27786E-2 1.6143E-2 7.66354E-2 3.03448E-2
-9999 -9999 -9999 -9999 -9999 -9999 -9999 -9999 -9999 1.54412E-2 1.3339E-3 -9999 -9999 -9999 3.66543E-2 9.18466E-2 5.47082E-2 -9999 -9999 -9999 -9999 -9999 -9999 -9999 -9999 -9999 -9999 -9999 8.32278E-4 2.90399E-6 3.22198E-4 5.41975E-6 2.49951E-4 3.72568E-4 2.78015E-2 1.28931E-2 5.50415E-3 1.09975E-4 1.043E-3 5.27748E-3 5.69676E-3 2.114E-2 1.21421E-2 1.01153E-2 1.69455E-2 1.04804E-2 2.67754E-2 5.30314E-2 9.05016E-2 2.86506E-2 1.30262E-2 1.8113E-2 6.76401E-2 8.92714E-2 3.35146E-2 1.00049E-1 8.03299E-2 1.08399E-1 3.23818E-2 7.89997E-2 7.00671E-2
-9999 -9999 -9999 -9999 -9999 -9999 -9999 -9999 -9999 3.1791E-3 5.67399E-3 1.14638E-2 -9999 -9999 5.54704E-2 3.817E-2 -9999 -9999 -9999 -9999 -9999 -9999 -9999 -9999 -9999 -9999 -9999 -9999 2.66876E-3 1.20549E-3 1.32289E-4 1.42164E-4 1.91713E-5 3.1243E-4 2.44143E-3 2.16709E-3 4.75478E-4 1.87865E-4 2.07126E-2 1.40532E-2 2.72659E-2 5.84839E-3 2.99661E-2 3.95635E-2 1.62698E-3 1.56443E-2 2.26913E-2 2.38879E-3 1.16296E-1 4.83121E-2 2.08253E-2 1.85634E-2 6.37827E-2 4.28768E-2 8.29792E-2 9.77037E-2 7.35779E-2 4.97906E-2 1.49214E-1 7.09205E-2 2.80434E-2
-9999 -9999 -9999 -9999 -9999 -9999 -9999 -9999 -9999 -9999 9.14599E-3 4.51227E-3 1.01278E-2 1.9572E-2 3.22034E-2 2.86094E-2 -9999 -9999 -9999 -9999 -9999 -9999 -9999 -9999 -9999 3.69651E-2 3.55714E-3 -9999 -9999 1.32025E-2 7.10914E-5 1.71141E-5 1.30483E-3 6.66128E-3 4.41954E-3 2.95819E-3 4.49502E-4 5.31277E-3 1.41984E-2 2.85182E-2 6.50039E-3 2.5856E-3 8.96698E-3 8.14284E-2 3.76453E-2 3.21489E-3 2.39614E-3 5.71742E-2 1.01215E-1 1.06944E-1 2.61764E-2 4.27422E-2 7.38119E-2 4.99614E-2 6.35561E-2 1.38232E-1 7.37557E-2 5.32963E-2 2.06311E-2 1.03727E-1 5.91821E-2
-9999 -9999 -9999 -9999 -9999 -9999 -9999 -9999 -9999 -9999 -9999 1.97002E-3 1.2554E-2 1.96642E-2 2.0704E-2 -9999 -9999 -9999 -9999 -9999 -9999 -9999 -9999 -9999 -9999 -9999 6.88378E-3 1.13743E-2 2.97586E-6 4.26679E-4 3.80819E-8 1.77873E-5 8.71793E-6 9.86789E-6 1.07842E-3 2.86303E-4 1.08133E-4 1.01162E-5 9.2806E-3 4.35795E-5 2.10524E-4 4.73726E-3 2.36263E-3 6.09186E-2 3.22093E-2 1.40819E-2 4.37929E-2 5.60584E-2 1.13898E-1 1.36566E-1 7.01898E-2 1.13194E-2 6.34152E-2 8.49448E-2 8.25068E-2 1.59544E-1 3.83839E-2 2.53493E-2 5.99181E-3 3.63604E-2 7.83448E-2
-9999 -9999 -9999 -9999 -9999 -9999 -9999 -9999 -9999 2.46511E-2 1.42208E-2 3.62356E-3 5.37155E-3 1.24996E-2 -9999 -9999 -9999 -9999 -9999 -9999 -9999 -9999 -9999 -9999 5.5818E-2 2.9174E-2 2.56403E-2 -9999 2.14175E-6 3.12733E-5 4.85702E-8 9.44557E-7 1.67653E-5 1.06915E-3 4.29729E-4 1.83343E-3 6.52323E-5 4.88802E-4 2.61359E-3 4.58444E-5 4.77126E-4 8.55819E-4 2.37093E-3 7.25708E-3 6.39564E-2 2.456E-3 1.04226E-2 2.3866E-2 4.54699E-2 1.48749E-1 7.97643E-2 3.69908E-2 5.83211E-2 6.16873E-2 6.92227E-2 1.61355E-1 2.11751E-2 7.18036E-2 2.48082E-2 1.43567E-2 8.64698E-2
-9999 -9999 -9999 -9999 -9999 -9999 -9999 -9999 -9999 1.3035E-2 2.25535E-4 2.3481E-3 9.29675E-3 7.38494E-3 -9999 -9999 -9999 -9999 -9999 -9999 -9999 -9999 -9999 -9999 -9999 -9999 1.14241E-2 -9999 6.87972E-5 9.57336E-5 3.75186E-7 4.27508E-7 5.36242E-5 6.98662E-4 0E0 3.54661E-4 1.58443E-4 2.28799E-3 4.48734E-5 3.29958E-4 7.08773E-5 1.29071E-2 6.05047E-3 1.39358E-2 5.98592E-2 2.93373E-2 1.15295E-2 1.07009E-2 1.91154E-2 1.21624E-1 3.89418E-2 4.40055E-2 6.59714E-2 5.42159E-2 3.51019E-2 1.36938E-1 9.87652E-2 3.21967E-2 8.192E-2 8.07339E-2 6.63218E-2
-9999 -9999 -9999 -9999 -9999 -9999 -9999 -9999 -9999 1.12207E-2 1.21373E-2 -9999 -9999 -9999 -9999 -9999 -9999 -9999 -9999 -9999 -9999 -9999 -9999 -9999 -9999 1.07722E-2 3.68715E-5 2.21659E-3 5.43473E-4 1.76101E-5 1.38719E-7 2.37125E-4 4.95978E-3 1.20861E-3 3.0926E-3 5.80888E-4 1.55594E-3 4.75878E-4 3.44239E-5 2.37059E-4 1.31625E-3 1.55574E-3 1.84334E-3 2.79661E-2 1.87736E-2 2.92945E-2 3.50521E-2 2.55346E-2 1.63905E-2 1.65878E-1 5.45202E-2 8.41091E-2 9.28659E-2 4.71921E-2 3.65374E-2 6.86119E-2 8.40746E-2 1.12581E-1 8.63777E-2 1.25619E-1 1.34247E-1
-9999 -9999 -9999 -9999 -9999 -9999 -9999 -9999 -9999 -9999 2.85068E-3 6.95263E-3 1.29458E-3 7.87976E-3 -9999 -9999 -9999 -9999 -9999 -9999 -9999 -9999 -9999 9.40151E-2 3.27489E-2 1.47228E-2 1.18437E-2 4.91399E-6 3.68682E-3 8.8968E-6 5.70058E-7 1.75777E-6 -9999 2.60214E-4 3.51127E-5 9.20822E-4 7.71548E-3 9.60686E-6 3.36424E-5 1.25573E-4 6.98882E-4 2.50337E-3 4.78913E-3 6.60657E-2 5.66384E-2 8.50867E-2 3.31468E-2 2.6228E-2 8.94459E-2 1.82273E-1 2.41155E-1 1.18332E-1 1.25427E-1 8.47127E-2 3.6805E-2 5.55018E-2 1.16938E-1 8.91632E-2 5.24768E-2 4.88502E-2 7.75662E-2
-9999 -9999 -9999 -9999 -9999 -9999 -9999 -9999 -9999 -9999 -9999 1.32283E-3 1.17666E-2 1.19455E-2 -9999 -9999 -9999 -9999 -9999 -9999 -9999 -9999 -9999 -9999 2.39528E-2 -9999 -9999 3.70339E-6 2.11343E-3 8.6145E-7 1.36957E-4 1.54914E-5 1.30114E-5 1.6256E-3 1.91549E-2 -9999 7.40959E-5 4.61332E-5 5.87382E-5 1.15395E-4 4.41889E-3 7.53831E-4 4.40353E-3 1.45751E-3 2.68335E-2 6.56841E-2 1.25368E-1 1.07679E-1 1.53043E-1 4.87787E-2 8.12789E-2 4.95273E-2 1.13399E-1 1.35207E-1 8.31134E-2 5.94627E-2 1.31709E-1 6.68398E-2 9.01211E-2 7.94508E-2 1.41791E-1
