Candidate_Models_July82022/M_0.4_F_lqp_Set_1_cal/Bison.asc
ncols         290
nrows         380
xllcorner     -2197417.7431653
yllcorner     -584827.01486885
cellsize      10000.0
NODATA_value  -9999
[rows 108 to 134 of 380, columns 122 to 182 of 290]
5.16234E-2 7.62554E-2 7.40114E-2 5.9395E-2 6.64602E-2 7.15994E-2 6.7167E-2 3.79626E-2 3.54962E-2 3.44659E-2 7.08049E-2 7.73765E-2 8.168E-2 7.7286E-2 8.67904E-2 7.18773E-2 7.26369E-2 5.96379E-2 6.16576E-2 6.49544E-2 6.7228E-2 7.49328E-2 6.63397E-2 6.49678E-2 5.46162E-2 5.98712E-2 6.75612E-2 5.43487E-2 3.77721E-2 3.66568E-2 3.82974E-2 3.63106E-2 2.55521E-2 2.565E-2 2.73197E-2 2.01468E-2 1.75348E-2 1.4922E-2 1.426E-2 1.36755E-2 1.71749E-2 1.23427E-2 1.3395E-2 1.21053E-2 1.04077E-2 1.06752E-2 1.3827E-2 9.01436E-3 7.80197E-3 8.2506E-3 8.28047E-3 8.76316E-3 9.99802E-3 9.33758E-3 8.38409E-3 8.36935E-3 7.99785E-3 7.94902E-3 7.38468E-3 7.31971E-3 7.12691E-3
8.16749E-2 7.73349E-2 5.00075E-2 6.54368E-2 4.38907E-2 4.25364E-2 7.21302E-2 4.70472E-2 3.5862E-2 3.59279E-2 5.39122E-2 7.70561E-2 8.44191E-2 7.88307E-2 7.77324E-2 6.95086E-2 6.20165E-2 6.4621E-2 7.53335E-2 8.59306E-2 6.73292E-2 7.77807E-2 7.47612E-2 5.72733E-2 3.04548E-2 4.01126E-2 6.57862E-2 8.76493E-2 4.21837E-2 3.67676E-2 3.82071E-2 3.59761E-2 2.91849E-2 2.21351E-2 2.36818E-2 1.58752E-2 2.09145E-2 1.66561E-2 1.76135E-2 1.64873E-2 1.73042E-2 1.65735E-2 1.57302E-2 1.41451E-2 1.35736E-2 1.14563E-2 1.33534E-2 9.02401E-3 9.37968E-3 9.10484E-3 8.97736E-3 8.9963E-3 1.20986E-2 9.65866E-3 8.98053E-3 9.31104E-3 8.94438E-3 8.09737E-3 8.33499E-3 7.51048E-3 7.44839E-3
5.78044E-2 5.65233E-2 4.21175E-2 4.53244E-2 6.53901E-2 5.7483E-2 6.96438E-2 9.19565E-2 5.66319E-2 5.05416E-2 6.24913E-2 7.88019E-2 8.19167E-2 6.92595E-2 7.64293E-2 7.25236E-2 6.65526E-2 7.87143E-2 7.25662E-2 7.76758E-2 7.64479E-2 7.63264E-2 6.96843E-2 3.61692E-2 2.99706E-2 3.97321E-2 4.56776E-2 4.00395E-2 3.78437E-2 3.50781E-2 3.32018E-2 2.33302E-2 2.40979E-2 2.64055E-2 2.40331E-2 2.60202E-2 1.77789E-2 1.86708E-2 1.6059E-2 1.9671E-2 1.96509E-2 1.77099E-2 1.89003E-2 1.9992E-2 1.32325E-2 1.15651E-2 1.39277E-2 1.49535E-2 1.08389E-2 1.09131E-2 1.05629E-2 1.00695E-2 8.92235E-3 8.57132E-3 8.26176E-3 8.75456E-3 8.33574E-3 8.07088E-3 7.86843E-3 7.89245E-3 7.61495E-3
5.07349E-2 8.44478E-2 8.8613E-2 5.30253E-2 6.19761E-2 8.14294E-2 5.73945E-2 6.18988E-2 7.80395E-2 8.69822E-2 7.27109E-2 7.75609E-2 7.90959E-2 8.18252E-2 7.20168E-2 7.91213E-2 7.53914E-2 7.53634E-2 7.56974E-2 7.68002E-2 8.3028E-2 7.05585E-2 5.72426E-2 6.28299E-2 4.05311E-2 3.27162E-2 4.35788E-2 3.36301E-2 5.14475E-2 2.41115E-2 3.01248E-2 2.18628E-2 2.74645E-2 4.528E-2 2.74187E-2 2.72745E-2 2.28292E-2 2.12838E-2 2.13912E-2 1.76866E-2 1.85991E-2 1.93841E-2 1.79587E-2 1.35987E-2 1.22485E-2 1.18177E-2 1.33126E-2 1.34962E-2 1.4927E-2 1.20674E-2 1.21792E-2 1.24187E-2 1.0763E-2 8.90572E-3 8.40895E-3 9.14414E-3 1.15216E-2 8.26171E-3 7.98781E-3 8.46365E-3 8.16496E-3
4.8414E-2 5.16401E-2 6.86278E-2 7.36713E-2 8.3004E-2 8.97816E-2 9.94765E-2 6.41812E-2 6.88324E-2 6.6628E-2 8.51531E-2 8.30946E-2 8.17531E-2 8.94686E-2 5.59634E-2 7.34631E-2 8.24128E-2 6.92697E-2 5.94443E-2 7.52612E-2 7.43084E-2 6.88701E-2 8.06203E-2 7.48725E-2 7.08901E-2 5.98826E-2 7.2303E-2 4.12487E-2 2.99578E-2 4.16022E-2 4.7704E-2 3.60171E-2 3.78983E-2 4.87297E-2 3.65051E-2 3.42932E-2 2.535E-2 2.07633E-2 1.85318E-2 1.85495E-2 1.85276E-2 1.53159E-2 1.33506E-2 1.23113E-2 1.23632E-2 1.5E-2 1.19474E-2 1.40043E-2 1.46129E-2 1.0507E-2 1.30574E-2 1.0534E-2 1.03845E-2 9.40871E-3 8.55548E-3 8.17039E-3 8.88295E-3 8.31643E-3 8.82339E-3 8.6271E-3 8.59912E-3
6.48253E-2 5.26084E-2 7.25658E-2 9.38848E-2 9.42381E-2 1.01059E-1 6.80491E-2 7.02688E-2 5.79659E-2 5.30989E-2 7.22005E-2 8.05643E-2 7.37584E-2 8.36366E-2 7.49606E-2 5.73593E-2 7.32171E-2 5.37239E-2 8.10804E-2 8.1921E-2 7.98059E-2 8.40396E-2 7.44971E-2 7.28982E-2 6.66865E-2 7.25619E-2 7.55957E-2 5.83199E-2 3.59828E-2 4.51198E-2 4.28851E-2 5.53037E-2 5.58438E-2 5.29873E-2 5.53186E-2 3.65658E-2 2.00295E-2 2.383E-2 2.36631E-2 1.88383E-2 1.86435E-2 1.51775E-2 1.53117E-2 1.35199E-2 1.23144E-2 1.33203E-2 1.31758E-2 1.32978E-2 1.30469E-2 9.31075E-3 1.23795E-2 1.17346E-2 1.00062E-2 9.76146E-3 9.27279E-3 8.88612E-3 8.68846E-3 8.45635E-3 8.76738E-3 8.53512E-3 8.29868E-3
4.7481E-2 1.01631E-1 8.16303E-2 4.88626E-2 8.46368E-2 8.2527E-2 7.58958E-2 5.08565E-2 5.28896E-2 6.52215E-2 8.43477E-2 7.39743E-2 7.12515E-2 7.61538E-2 1.01745E-1 4.8819E-2 6.45126E-2 9.43812E-2 9.74139E-2 9.24497E-2 8.11393E-2 8.41993E-2 7.37794E-2 8.34591E-2 6.91754E-2 7.83426E-2 7.78675E-2 6.32014E-2 4.01762E-2 2.95496E-2 2.66925E-2 5.3593E-2 4.07948E-2 5.66418E-2 4.36126E-2 3.06445E-2 2.68608E-2 3.1018E-2 3.56766E-2 2.4446E-2 2.33749E-2 2.24773E-2 2.39638E-2 1.64874E-2 1.57135E-2 1.39238E-2 1.50473E-2 1.47426E-2 1.12584E-2 1.11557E-2 1.15527E-2 1.1409E-2 1.02365E-2 1.05833E-2 1.10304E-2 1.09556E-2 1.05154E-2 9.51944E-3 9.26814E-3 8.81592E-3 8.59202E-3
5.49515E-2 6.12938E-2 8.56595E-2 6.18606E-2 7.30363E-2 7.61025E-2 7.86953E-2 6.00472E-2 6.82757E-2 5.70499E-2 9.71272E-2 8.49492E-2 7.45414E-2 8.31986E-2 8.27666E-2 6.33816E-2 8.12026E-2 8.80428E-2 8.05932E-2 8.33604E-2 8.04138E-2 7.75914E-2 7.78232E-2 8.14643E-2 7.95203E-2 4.12365E-2 6.91229E-2 6.98464E-2 5.05721E-2 3.00223E-2 2.76416E-2 6.62351E-2 5.67278E-2 6.41512E-2 2.83555E-2 2.6364E-2 4.28168E-2 4.71878E-2 2.8486E-2 3.46429E-2 3.71793E-2 2.75361E-2 2.3878E-2 2.18538E-2 1.6143E-2 1.73939E-2 1.89063E-2 1.46587E-2 1.29645E-2 1.54155E-2 1.28863E-2 1.20551E-2 1.44166E-2 1.64329E-2 1.44699E-2 1.17773E-2 1.1092E-2 9.67512E-3 9.56131E-3 9.21105E-3 8.74125E-3
4.07754E-2 6.40087E-2 5.49288E-2 5.55291E-2 7.47278E-2 9.66181E-2 7.65864E-2 5.12224E-2 7.90534E-2 8.46085E-2 7.14173E-2 8.04887E-2 8.10801E-2 8.39235E-2 8.54038E-2 4.99147E-2 4.72694E-2 8.95609E-2 9.70611E-2 9.75878E-2 9.01982E-2 8.78175E-2 8.14562E-2 7.34778E-2 5.43116E-2 7.57145E-2 4.23529E-2 5.86988E-2 1.04599E-1 5.45237E-2 3.0916E-2 2.6372E-2 3.05269E-2 5.07211E-2 6.73806E-2 3.71185E-2 3.76342E-2 3.68059E-2 3.47407E-2 3.61239E-2 3.11334E-2 2.37583E-2 2.5527E-2 2.62933E-2 1.99052E-2 2.07612E-2 2.13194E-2 1.50383E-2 2.3898E-2 1.57211E-2 1.66319E-2 1.89753E-2 1.79456E-2 1.70583E-2 1.41967E-2 1.32757E-2 1.17612E-2 1.07358E-2 9.51074E-3 9.68674E-3 9.83947E-3
3.80098E-2 4.88678E-2 7.30477E-2 5.38267E-2 5.11005E-2 8.85978E-2 1.19624E-1 1.14825E-1 1.03661E-1 9.74742E-2 8.46845E-2 8.40763E-2 8.13201E-2 8.67276E-2 9.15952E-2 9.79352E-2 4.85407E-2 6.54011E-2 8.23986E-2 9.60535E-2 9.40279E-2 9.44901E-2 8.82807E-2 8.13813E-2 6.97462E-2 7.59218E-2 8.02938E-2 7.28364E-2 8.24942E-2 4.76773E-2 3.05632E-2 2.75947E-2 3.24763E-2 5.14787E-2 7.94222E-2 4.26194E-2 4.07214E-2 4.34029E-2 4.21793E-2 3.42957E-2 3.16945E-2 2.55492E-2 3.64122E-2 3.03859E-2 2.47284E-2 2.52412E-2 3.74869E-2 2.66878E-2 2.9223E-2 2.5679E-2 2.33189E-2 2.1213E-2 2.35127E-2 1.57067E-2 1.47185E-2 1.30274E-2 1.25322E-2 1.20682E-2 1.01118E-2 1.17039E-2 9.67605E-3
5.10939E-2 3.55982E-2 3.81423E-2 4.40159E-2 5.02003E-2 6.98315E-2 9.76591E-2 1.01161E-1 9.71351E-2 8.70365E-2 8.44437E-2 9.30599E-2 8.94609E-2 7.99843E-2 8.42274E-2 1.79504E-1 5.92767E-2 4.66608E-2 4.35844E-2 8.20748E-2 9.72925E-2 1.00236E-1 9.28949E-2 1.03931E-1 8.83161E-2 8.2843E-2 6.89832E-2 7.23718E-2 8.28087E-2 6.57521E-2 4.12429E-2 5.96651E-2 5.00419E-2 8.21755E-2 7.66812E-2 6.29992E-2 5.75712E-2 5.68666E-2 4.53589E-2 4.40708E-2 3.27215E-2 3.34262E-2 3.43534E-2 4.49434E-2 2.81952E-2 3.80014E-2 4.95824E-2 4.68935E-2 4.85413E-2 2.79761E-2 2.97178E-2 2.46218E-2 2.38322E-2 1.82272E-2 1.69272E-2 1.70462E-2 1.47948E-2 1.18507E-2 1.44859E-2 1.02676E-2 9.57606E-3
4.98136E-2 4.18084E-2 4.85052E-2 6.1172E-2 4.82516E-2 7.63683E-2 1.00627E-1 1.00601E-1 9.2484E-2 9.9992E-2 9.28858E-2 9.36475E-2 9.36403E-2 7.12165E-2 7.87892E-2 1.03567E-1 1.21102E-1 6.73479E-2 5.2835E-2 6.43284E-2 1.02744E-1 9.98062E-2 1.0272E-1 9.22889E-2 7.05003E-2 9.16586E-2 8.67676E-2 5.02699E-2 4.60207E-2 3.58053E-2 3.475E-2 4.29313E-2 5.2266E-2 7.64594E-2 7.82629E-2 6.91949E-2 6.55645E-2 3.99462E-2 4.38988E-2 4.53413E-2 3.09925E-2 3.45772E-2 2.73992E-2 2.4714E-2 2.37754E-2 2.49603E-2 2.55811E-2 3.126E-2 3.6041E-2 3.3905E-2 4.42174E-2 4.12093E-2 3.78126E-2 4.12964E-2 3.80101E-2 3.05738E-2 1.3303E-2 1.40149E-2 1.03045E-2 9.74058E-3 9.71363E-3
6.44906E-2 5.88771E-2 6.67828E-2 6.47701E-2 6.06431E-2 6.38166E-2 6.50794E-2 1.0086E-1 9.46841E-2 9.86597E-2 9.85678E-2 8.67918E-2 9.87232E-2 7.91643E-2 8.90738E-2 9.73794E-2 7.47826E-2 8.92483E-2 6.60366E-2 4.55639E-2 7.10864E-2 1.09742E-1 1.0905E-1 8.53117E-2 1.01675E-1 9.41675E-2 9.17492E-2 6.14388E-2 3.81847E-2 3.28959E-2 4.11751E-2 5.17076E-2 8.18213E-2 8.64832E-2 9.51318E-2 7.87124E-2 7.40346E-2 6.42245E-2 5.06894E-2 3.6763E-2 3.48424E-2 3.3956E-2 4.68201E-2 5.15847E-2 4.76286E-2 4.37729E-2 4.41836E-2 2.32833E-2 2.25453E-2 3.65028E-2 3.25901E-2 4.85997E-2 4.17244E-2 5.31797E-2 3.38683E-2 1.65874E-2 1.25048E-2 1.03505E-2 1.00328E-2 1.10986E-2 1.04296E-2
8.95886E-2 5.32925E-2 7.83014E-2 1.04104E-1 8.51355E-2 5.95362E-2 6.47871E-2 1.00493E-1 9.07482E-2 9.54934E-2 1.00709E-1 9.5314E-2 1.08503E-1 1.0049E-1 9.20514E-2 9.30049E-2 8.8407E-2 9.97995E-2 6.66206E-2 5.15533E-2 5.248E-2 1.04978E-1 1.12738E-1 7.72913E-2 1.05456E-1 1.0666E-1 9.66242E-2 9.48282E-2 7.26822E-2 7.35528E-2 9.3409E-2 8.24761E-2 8.85094E-2 6.96233E-2 7.96399E-2 8.19956E-2 8.5288E-2 8.94009E-2 7.1594E-2 6.97841E-2 9.11713E-2 7.32869E-2 6.23483E-2 5.95856E-2 9.94588E-2 6.08479E-2 7.35639E-2 5.94655E-2 2.68852E-2 2.15685E-2 2.16836E-2 3.57837E-2 5.75632E-2 1.96137E-2 1.73838E-2 1.54141E-2 1.24619E-2 1.20793E-2 1.16083E-2 1.138E-2 1.07816E-2
8.9275E-2 1.00378E-1 1.2071E-1 1.25312E-1 9.15703E-2 8.77287E-2 1.04893E-1 1.11078E-1 1.06228E-1 9.9873E-2 7.65308E-2 7.56041E-2 1.08541E-1 1.33102E-1 1.04484E-1 1.13661E-1 9.57728E-2 1.0252E-1 8.05701E-2 5.77537E-2 6.16876E-2 6.16967E-2 6.02954E-2 8.20229E-2 1.20059E-1 1.30758E-1 9.66916E-2 1.01842E-1 9.0928E-2 9.54931E-2 1.02248E-1 9.50915E-2 8.52595E-2 7.50191E-2 9.14938E-2 9.02762E-2 9.33497E-2 3.80004E-2 6.7849E-2 3.98312E-2 3.54186E-2 3.0098E-2 2.73023E-2 2.70288E-2 2.44308E-2 2.39114E-2 3.27365E-2 5.88793E-2 5.85306E-2 5.08735E-2 2.89809E-2 4.52163E-2 4.55315E-2 2.0624E-2 1.53835E-2 1.41027E-2 1.47994E-2 1.46615E-2 1.16792E-2 1.19755E-2 1.16967E-2
1.39647E-1 1.50566E-1 1.25619E-1 1.45441E-1 9.1863E-2 9.05932E-2 9.68436E-2 1.09394E-1 1.08508E-1 1.06198E-1 9.21349E-2 9.75573E-2 1.05905E-1 1.06276E-1 1.02201E-1 1.08381E-1 1.21257E-1 1.19919E-1 1.31231E-1 7.09957E-2 6.8491E-2 7.13233E-2 7.20038E-2 6.80199E-2 9.94025E-2 1.32711E-1 1.12873E-1 1.01347E-1 9.04843E-2 8.44699E-2 8.64586E-2 8.82427E-2 7.99424E-2 9.39936E-2 9.61592E-2 9.69586E-2 9.16181E-2 5.68785E-2 3.93745E-2 4.13792E-2 3.49196E-2 3.46862E-2 4.48707E-2 4.32827E-2 5.16984E-2 3.80086E-2 7.06071E-2 6.06968E-2 4.26398E-2 5.30539E-2 6.84927E-2 5.59986E-2 4.61553E-2 3.12808E-2 2.13433E-2 1.7192E-2 1.83745E-2 1.61228E-2 1.26709E-2 1.31769E-2 1.20772E-2
1.57688E-1 1.35817E-1 1.15024E-1 1.03942E-1 1.02056E-1 8.74722E-2 8.14934E-2 1.10297E-1 1.04048E-1 1.03734E-1 1.04349E-1 9.90265E-2 9.60288E-2 1.10839E-1 1.0273E-1 1.19293E-1 1.16635E-1 1.12754E-1 1.50039E-1 9.20601E-2 7.90692E-2 8.19661E-2 8.23431E-2 7.82815E-2 6.93588E-2 1.22519E-1 1.21388E-1 1.15615E-1 1.03509E-1 8.4463E-2 1.06977E-1 8.62921E-2 8.77951E-2 9.69562E-2 1.01048E-1 7.51535E-2 5.64927E-2 4.22992E-2 5.07097E-2 5.44947E-2 5.90618E-2 4.77733E-2 4.47042E-2 4.00864E-2 4.93541E-2 6.14557E-2 5.54619E-2 5.47206E-2 4.15331E-2 2.66053E-2 4.43054E-2 5.47142E-2 7.60572E-2 7.06412E-2 5.043E-2 4.12328E-2 1.74166E-2 1.49733E-2 1.62012E-2 1.32386E-2 1.18044E-2
1.37269E-1 1.24111E-1 1.0839E-1 1.14917E-1 1.09743E-1 1.16296E-1 1.16675E-1 1.09338E-1 1.12628E-1 1.12908E-1 1.08618E-1 9.17037E-2 1.01874E-1 1.04927E-1 1.20773E-1 9.87352E-2 1.49917E-1 1.31454E-1 1.4271E-1 1.55135E-1 8.72334E-2 8.52384E-2 8.58076E-2 7.99708E-2 7.2913E-2 8.44547E-2 1.27358E-1 1.22481E-1 1.06274E-1 1.09635E-1 1.01036E-1 9.12063E-2 8.70179E-2 9.40036E-2 6.71078E-2 4.63739E-2 7.48342E-2 4.3582E-2 4.85784E-2 7.11884E-2 -9999 7.54117E-2 7.04736E-2 6.07984E-2 6.50818E-2 6.47609E-2 8.30234E-2 5.88092E-2 4.86669E-2 3.1319E-2 5.73634E-2 6.85403E-2 7.43927E-2 6.79752E-2 3.86113E-2 3.86755E-2 2.4319E-2 1.69175E-2 1.43308E-2 1.3652E-2 1.2678E-2
6.70428E-2 1.07063E-1 1.47502E-1 1.35534E-1 1.12805E-1 1.1847E-1 1.15234E-1 1.06075E-1 1.14538E-1 1.15534E-1 1.09896E-1 1.01627E-1 1.09335E-1 1.11095E-1 1.64627E-1 1.07435E-1 1.16956E-1 1.50957E-1 1.58316E-1 1.75714E-1 1.18306E-1 9.33483E-2 8.76945E-2 8.8141E-2 7.72856E-2 6.85677E-2 1.0048E-1 1.06256E-1 1.0241E-1 9.70731E-2 1.01116E-1 9.12118E-2 8.0089E-2 6.0364E-2 5.67967E-2 4.99913E-2 5.76741E-2 5.40433E-2 8.06193E-2 6.27174E-2 -9999 7.88748E-2 3.98855E-1 7.29816E-2 5.33082E-2 6.00952E-2 5.94652E-2 6.56879E-2 4.86532E-2 7.20778E-2 6.50979E-2 6.17153E-2 1.18835E-1 5.58482E-2 5.87506E-2 3.63606E-2 2.4785E-2 1.97414E-2 1.68698E-2 1.55609E-2 1.28706E-2
8.42837E-2 1.00214E-1 1.24522E-1 1.28862E-1 1.24501E-1 1.20701E-1 1.26778E-1 1.18703E-1 1.11124E-1 1.04248E-1 9.91445E-2 9.13305E-2 1.0951E-1 1.1865E-1 1.34728E-1 1.27107E-1 1.10959E-1 1.42521E-1 1.6191E-1 1.5021E-1 9.77005E-2 9.46046E-2 9.09052E-2 9.14671E-2 8.01157E-2 7.43841E-2 6.55709E-2 7.71449E-2 7.41205E-2 5.47046E-2 7.32006E-2 1.02124E-1 8.71551E-2 6.13243E-2 6.15686E-2 8.83694E-2 6.93514E-2 5.64518E-2 5.95457E-2 7.42188E-2 8.78016E-2 8.30778E-2 7.25846E-2 7.35483E-2 6.47899E-2 3.70355E-2 5.84477E-2 3.64474E-2 6.06718E-2 5.71588E-2 4.00693E-2 4.91961E-2 6.38435E-2 6.25726E-2 2.77294E-2 2.48522E-2 2.59692E-2 1.66783E-2 1.68858E-2 1.67631E-2 1.54873E-2
1.30711E-1 1.24142E-1 1.13882E-1 1.21359E-1 1.23645E-1 1.12409E-1 1.23184E-1 1.20287E-1 1.06549E-1 1.13105E-1 1.09396E-1 1.1776E-1 1.12757E-1 1.23127E-1 1.12408E-1 7.28505E-2 7.66763E-2 8.45269E-2 9.43859E-2 9.31746E-2 1.00373E-1 9.70758E-2 9.27516E-2 9.19679E-2 8.71974E-2 8.02056E-2 7.4549E-2 6.92926E-2 6.57955E-2 6.04961E-2 7.47955E-2 6.97732E-2 6.64355E-2 7.02175E-2 7.34988E-2 5.40963E-2 6.78812E-2 9.22541E-2 8.09995E-2 7.68263E-2 6.15194E-2 1.01058E-1 9.73517E-2 6.58667E-2 6.74246E-2 5.39315E-2 4.20691E-2 3.48776E-2 4.18541E-2 5.77529E-2 2.87511E-2 3.33535E-2 2.72814E-2 1.74107E-2 1.86833E-2 2.19532E-2 2.45485E-2 2.21613E-2 1.82568E-2 1.58277E-2 1.66517E-2
1.63093E-1 1.56513E-1 1.19825E-1 1.0898E-1 1.30653E-1 1.20583E-1 1.22938E-1 1.31677E-1 1.20641E-1 1.2176E-1 1.14972E-1 9.57306E-2 1.19352E-1 1.32512E-1 7.96343E-2 8.4032E-2 8.92077E-2 9.33668E-2 1.00752E-1 9.92848E-2 1.00004E-1 9.99893E-2 9.96954E-2 9.38359E-2 9.37995E-2 8.80506E-2 8.51932E-2 7.81621E-2 8.93705E-2 1.13939E-1 1.18315E-1 1.04709E-1 6.47109E-2 6.15317E-2 5.3278E-2 8.19901E-2 8.66377E-2 8.97085E-2 8.86687E-2 7.5961E-2 8.79249E-2 7.38759E-2 6.30113E-2 7.68594E-2 7.59935E-2 7.27374E-2 3.4304E-2 2.97356E-2 3.49917E-2 6.02677E-2 1.846E-2 2.0251E-2 1.78935E-2 1.68867E-2 1.70142E-2 1.77078E-2 1.98018E-2 1.94889E-2 2.24455E-2 2.23412E-2 1.7049E-2
1.616E-1 1.28592E-1 1.25259E-1 1.12297E-1 1.29217E-1 1.29621E-1 1.246E-1 1.17317E-1 1.02432E-1 1.30145E-1 1.24369E-1 1.2914E-1 1.17501E-1 1.11399E-1 8.52657E-2 9.46148E-2 9.90387E-2 1.02329E-1 1.01305E-1 1.03184E-1 1.03666E-1 1.04636E-1 1.02237E-1 1.016E-1 1.01244E-1 1.00338E-1 9.21055E-2 9.00684E-2 8.79376E-2 1.21743E-1 1.42032E-1 9.1662E-2 6.95637E-2 5.58296E-2 7.57253E-2 9.43161E-2 8.55433E-2 9.21913E-2 8.10031E-2 8.56768E-2 7.77842E-2 7.82991E-2 7.86864E-2 7.79038E-2 6.13913E-2 7.402E-2 4.94309E-2 4.68597E-2 5.58833E-2 3.0913E-2 1.89175E-2 1.96398E-2 1.74876E-2 1.69084E-2 2.17436E-2 2.44459E-2 2.82937E-2 3.20687E-2 2.94759E-2 3.32095E-2 2.52844E-2
1.2908E-1 1.27383E-1 1.26502E-1 1.30167E-1 1.05581E-1 1.38394E-1 1.19723E-1 9.07451E-2 6.62902E-2 7.83287E-2 1.01153E-1 1.72573E-1 1.2882E-1 8.83447E-2 9.70212E-2 1.0247E-1 1.03538E-1 1.03812E-1 1.03802E-1 1.06657E-1 1.04672E-1 1.06014E-1 1.03966E-1 1.07163E-1 1.08722E-1 1.02294E-1 1.00922E-1 9.21854E-2 8.54548E-2 1.02034E-1 1.2796E-1 1.11312E-1 8.31102E-2 1.32518E-1 1.04501E-1 8.80634E-2 7.23E-2 7.97207E-2 8.60916E-2 8.06224E-2 8.22452E-2 8.02598E-2 7.80909E-2 8.13191E-2 1.06796E-1 6.86907E-2 5.6487E-2 1.04297E-1 -9999 3.31402E-2 2.2453E-2 2.16419E-2 2.07404E-2 2.22267E-2 2.91937E-2 3.94005E-2 4.26681E-2 4.83934E-2 3.99705E-2 2.34816E-2 2.4648E-2
1.01414E-1 1.10867E-1 1.248E-1 1.30615E-1 1.19185E-1 7.78745E-2 7.87647E-2 1.20926E-1 8.33308E-2 7.49006E-2 8.00952E-2 1.30689E-1 1.0697E-1 9.96037E-2 1.06442E-1 1.04757E-1 1.05504E-1 1.06766E-1 1.05767E-1 1.06054E-1 1.12453E-1 1.13032E-1 1.13319E-1 1.14855E-1 1.14394E-1 1.08129E-1 1.34431E-1 1.12442E-1 8.6476E-2 7.59998E-2 8.38935E-2 9.63091E-2 7.03496E-2 8.92956E-2 8.36156E-2 8.53204E-2 8.54215E-2 8.42089E-2 7.41608E-2 6.60261E-2 6.88965E-2 9.36372E-2 7.90062E-2 5.55088E-2 6.32168E-2 4.58332E-2 5.25221E-2 4.98912E-2 5.64649E-2 6.41277E-2 4.50719E-2 3.23929E-2 3.43437E-2 5.90661E-2 5.40442E-2 8.02215E-2 6.11915E-2 4.72099E-2 3.90154E-2 2.57396E-2 2.88642E-2
1.2969E-1 7.02636E-2 8.83006E-2 1.30443E-1 1.31624E-1 1.27162E-1 8.66384E-2 8.29135E-2 9.45472E-2 8.21847E-2 8.87904E-2 9.58257E-2 1.05454E-1 1.07139E-1 1.12465E-1 1.13958E-1 1.13871E-1 1.16395E-1 1.14358E-1 1.16409E-1 1.15371E-1 1.16684E-1 1.17543E-1 1.1557E-1 1.34197E-1 2.01086E-1 2.06001E-1 1.89739E-1 1.15072E-1 1.30044E-1 1.80521E-1 1.41314E-1 1.31617E-1 1.00044E-1 8.16861E-2 1.01698E-1 9.60007E-2 1.01256E-1 8.46356E-2 7.04029E-2 7.21717E-2 8.85824E-2 7.81906E-2 5.26399E-2 7.62321E-2 5.9819E-2 3.78679E-2 4.56065E-2 6.8495E-2 5.89673E-2 4.42748E-2 6.83511E-2 6.50968E-2 4.23996E-2 5.82694E-2 5.04347E-2 5.31584E-2 4.37719E-2 2.99732E-2 1.97071E-2 1.74643E-2
1.25509E-1 1.16793E-1 8.90852E-2 1.11575E-1 1.30775E-1 1.34427E-1 1.32759E-1 1.31221E-1 1.02212E-1 9.13234E-2 9.99749E-2 1.07771E-1 1.14272E-1 1.15544E-1 1.14988E-1 1.17114E-1 1.1489E-1 1.169E-1 1.16941E-1 1.16918E-1 1.18501E-1 1.17462E-1 1.19125E-1 1.47445E-1 2.43878E-1 1.98822E-1 1.96412E-1 1.74966E-1 1.77566E-1 1.75317E-1 1.7601E-1 1.36532E-1 1.30202E-1 1.20572E-1 9.29734E-2 9.97502E-2 1.00277E-1 9.4188E-2 9.62108E-2 7.84349E-2 9.02208E-2 7.48433E-2 6.64544E-2 8.04617E-2 8.06119E-2 6.60631E-2 7.12814E-2 4.23239E-2 7.15303E-2 4.15168E-2 2.75142E-2 3.53684E-2 3.81089E-2 4.14358E-2 4.32927E-2 5.42713E-2 5.3486E-2 3.97741E-2 3.81658E-2 1.81581E-2 1.41931E-2
