Candidate_Models_July82022/M_0.3_F_lqp_Set_1_all/Bison.asc
ncols         290
nrows         380
xllcorner     -2197417.7431653
yllcorner     -584827.01486885
cellsize      10000.0
NODATA_value  -9999
[rows 27 to 53 of 380, columns 61 to 121 of 290]
5.74525E-6 5.08706E-6 6.44181E-6 4.4531E-6 3.83381E-6 4.9894E-6 3.79048E-6 2.14577E-6 1.91188E-6 2.33769E-6 1.73199E-6 2.39199E-6 3.23254E-6 4.00726E-6 3.82775E-6 3.88822E-6 6.49693E-6 1.05364E-5 1.0668E-5 1.08976E-5 1.04671E-5 1.35608E-5 9.92537E-6 7.99466E-6 4.4604E-6 4.79103E-6 5.09232E-6 5.8667E-6 4.93799E-6 6.06471E-6 5.88345E-6 6.93688E-6 5.42616E-6 5.39044E-6 5.59328E-6 5.3787E-6 4.47003E-6 4.85486E-6 5.3227E-6 6.64785E-6 4.3809E-6 4.03405E-6 4.756E-6 4.58903E-6 4.47156E-6 4.89774E-6 4.89289E-6 4.696E-6 4.26676E-6 3.77411E-6 3.9477E-6 3.37927E-6 3.06003E-6 2.65672E-6 2.43661E-6 1.94549E-6 -9999 -9999 -9999 -9999 -9999
3.51359E-6 5.49853E-6 4.14538E-6 5.4624E-6 4.94698E-6 4.68943E-6 3.24569E-6 2.79378E-6 2.66924E-6 2.97391E-6 1.6818E-6 3.0601E-6 2.88025E-6 3.52812E-6 3.858E-6 4.48775E-6 6.94547E-6 1.15582E-5 1.15438E-5 1.22085E-5 1.02522E-5 1.06734E-5 1.23627E-5 9.83666E-6 4.47463E-6 4.72173E-6 5.10619E-6 6.62663E-6 7.34979E-6 6.58473E-6 8.76137E-6 8.85479E-6 8.42175E-6 5.5004E-6 4.40928E-6 5.00215E-6 5.91203E-6 -9999 9.30624E-6 9.07173E-6 5.36978E-6 5.5077E-6 4.94162E-6 4.91299E-6 4.497E-6 5.08549E-6 4.69875E-6 4.66131E-6 4.54814E-6 3.91555E-6 3.81069E-6 3.38537E-6 2.93102E-6 2.66406E-6 2.10859E-6 2.00399E-6 -9999 -9999 -9999 -9999 -9999
5.29574E-6 5.83239E-6 5.43825E-6 6.4503E-6 5.90175E-6 4.72657E-6 3.13544E-6 2.4635E-6 2.43799E-6 2.72859E-6 1.38664E-6 1.02462E-6 1.58865E-6 2.72588E-6 4.8737E-6 8.79349E-6 9.55794E-6 1.39132E-5 1.31163E-5 1.17674E-5 9.52443E-6 1.12692E-5 1.00676E-5 1.45892E-5 8.1689E-6 5.46027E-6 6.3559E-6 7.17138E-6 8.09289E-6 9.87084E-6 9.29655E-6 1.63615E-5 7.59428E-6 4.15286E-6 5.50841E-6 5.73861E-6 5.22987E-6 5.51692E-6 7.78529E-6 6.88507E-6 7.50369E-6 5.82069E-6 5.22501E-6 4.39912E-6 4.47367E-6 5.50007E-6 4.6083E-6 5.35265E-6 5.11217E-6 4.05825E-6 3.77275E-6 3.10538E-6 2.8004E-6 2.28367E-6 2.14697E-6 1.67004E-6 -9999 -9999 -9999 -9999 -9999
6.3116E-6 4.82191E-6 5.95599E-6 4.49047E-6 5.31047E-6 4.01995E-6 2.52926E-6 1.8671E-6 4.54363E-6 1.92555E-6 3.23252E-6 1.87739E-6 2.07506E-6 1.95564E-6 5.55715E-6 8.37038E-6 1.01051E-5 1.20782E-5 1.30182E-5 1.16054E-5 1.0613E-5 1.06471E-5 7.98215E-6 1.36079E-5 9.25854E-6 5.06646E-6 4.64668E-6 5.62422E-6 6.76489E-6 1.15633E-5 5.96857E-6 8.71548E-6 4.37811E-6 5.13014E-6 6.4409E-6 5.31774E-6 4.90567E-6 4.06651E-6 4.149E-6 7.86502E-6 7.93244E-6 6.14414E-6 8.69088E-6 4.46202E-6 3.9277E-6 3.99537E-6 4.17122E-6 4.66753E-6 5.4014E-6 4.02109E-6 3.59613E-6 2.90901E-6 2.57685E-6 2.15402E-6 1.97235E-6 1.3835E-6 -9999 -9999 -9999 -9999 -9999
4.63433E-6 6.38784E-6 5.76634E-6 6.56519E-6 4.11863E-6 3.42361E-6 4.18881E-6 5.42195E-6 4.77448E-6 4.21573E-6 4.8687E-6 4.36696E-6 2.17869E-6 3.08078E-6 4.73518E-6 1.08236E-5 1.1683E-5 1.4331E-5 1.27193E-5 1.25504E-5 9.62363E-6 9.52222E-6 1.06439E-5 1.2269E-5 6.60212E-6 5.19081E-6 5.52297E-6 5.80983E-6 5.88599E-6 6.86159E-6 4.30583E-6 5.45633E-6 6.43157E-6 6.41592E-6 6.33215E-6 5.26555E-6 5.23299E-6 5.65847E-6 6.11977E-6 8.82415E-6 8.47433E-6 2.06707E-5 1.00359E-5 4.0998E-6 3.91745E-6 4.77936E-6 5.68728E-6 7.38004E-6 4.31651E-6 3.1983E-6 3.34533E-6 2.73281E-6 2.41274E-6 1.91982E-6 1.59382E-6 1.43196E-6 -9999 -9999 -9999 -9999 -9999
3.57782E-6 5.97671E-6 7.51892E-6 7.69991E-6 8.26936E-6 9.16002E-6 7.47756E-6 5.91201E-6 6.52048E-6 4.92342E-6 6.70394E-6 4.76132E-6 2.9603E-6 6.36468E-6 8.93831E-6 1.17369E-5 1.08904E-5 1.24332E-5 1.02691E-5 1.10754E-5 1.15176E-5 1.07353E-5 1.01746E-5 8.17163E-6 7.18148E-6 5.66079E-6 7.12959E-6 6.16636E-6 5.40201E-6 4.69895E-6 5.40672E-6 6.20666E-6 6.78219E-6 8.58476E-6 5.19955E-6 4.40586E-6 4.44069E-6 4.28847E-6 4.31741E-6 4.67504E-6 1.43295E-5 8.03457E-6 1.44188E-5 5.57795E-6 4.95738E-6 4.36045E-6 1.00689E-5 1.21138E-5 5.48888E-6 3.13777E-6 2.56409E-6 2.34644E-6 1.82002E-6 2.55778E-6 1.57484E-6 1.2294E-6 1.46915E-6 -9999 -9999 -9999 -9999
7.1858E-6 5.1192E-6 9.17719E-6 9.52311E-6 8.54942E-6 1.33985E-5 7.84105E-6 8.02239E-6 3.34508E-6 3.75952E-6 5.70368E-6 5.84965E-6 5.8099E-6 8.56274E-6 1.02731E-5 1.01815E-5 1.04871E-5 1.21457E-5 9.91872E-6 1.21699E-5 1.14245E-5 1.1282E-5 8.471E-6 6.32165E-6 6.85376E-6 6.11954E-6 5.05723E-6 4.31299E-6 3.91127E-6 4.1882E-6 4.13751E-6 5.2865E-6 6.27013E-6 5.24675E-6 4.20654E-6 6.6881E-6 6.18179E-6 5.94614E-6 5.26417E-6 5.30532E-6 8.33919E-6 7.69812E-6 5.23463E-6 4.45725E-6 4.08541E-6 4.09732E-6 7.1199E-6 6.50619E-6 5.1227E-6 4.47966E-6 3.387E-6 2.20975E-6 2.17774E-6 2.32858E-6 1.40023E-6 1.25705E-6 1.05587E-6 -9999 -9999 0E0 -9999
8.05224E-6 5.81627E-6 7.53113E-6 5.68141E-6 6.09281E-6 7.97556E-6 6.6724E-6 4.03865E-6 2.2154E-6 2.86326E-6 4.56167E-6 6.49569E-6 8.38933E-6 1.31248E-5 1.2441E-5 1.16841E-5 1.01376E-5 1.08358E-5 9.06185E-6 1.15143E-5 1.22087E-5 1.00522E-5 8.0976E-6 6.32697E-6 6.50478E-6 5.00082E-6 4.19028E-6 4.07911E-6 3.86986E-6 4.00809E-6 3.81501E-6 4.12257E-6 4.0961E-6 4.96017E-6 6.34377E-6 5.58229E-6 8.33147E-6 6.44165E-6 5.77056E-6 6.66192E-6 1.77932E-5 1.04959E-5 5.16588E-6 4.84532E-6 8.00089E-6 5.40598E-6 4.06611E-6 3.25721E-6 3.40017E-6 3.16747E-6 2.63601E-6 2.41052E-6 2.43927E-6 2.85217E-6 1.56578E-6 1.22565E-6 1.07262E-6 1.4957E-6 -9999 -9999 1.35316E-6
8.17244E-6 5.75067E-6 7.16679E-6 5.5537E-6 6.99015E-6 9.28336E-6 6.74052E-6 8.48033E-6 4.54644E-6 3.89353E-6 4.85726E-6 4.94947E-6 5.53591E-6 1.18343E-5 1.16914E-5 1.06468E-5 9.78348E-6 9.09655E-6 8.00118E-6 1.06369E-5 9.67795E-6 9.26342E-6 7.63869E-6 5.39185E-6 6.64512E-6 4.2393E-6 4.69119E-6 4.18385E-6 3.90901E-6 3.7166E-6 4.03168E-6 4.39155E-6 4.13563E-6 4.7147E-6 5.96567E-6 7.43912E-6 1.24116E-5 8.68857E-6 4.67969E-6 6.11661E-6 9.11774E-6 6.34202E-6 9.60069E-6 6.25563E-6 1.17229E-5 9.03228E-6 7.31141E-6 3.43141E-6 2.96021E-6 2.96144E-6 2.83129E-6 2.70386E-6 1.94452E-6 1.92777E-6 1.72489E-6 1.26178E-6 1.1441E-6 1.02599E-6 1.32463E-6 1.34683E-6 1.27505E-6
8.64569E-6 9.24971E-6 9.16814E-6 5.3456E-6 7.79604E-6 8.33843E-6 5.35791E-6 3.0711E-6 4.72589E-6 3.66114E-6 4.54022E-6 4.5345E-6 6.03371E-6 1.01454E-5 1.00868E-5 1.00634E-5 9.54268E-6 7.60447E-6 1.02728E-5 1.20026E-5 9.41773E-6 6.73325E-6 6.71367E-6 6.5572E-6 5.33852E-6 5.45748E-6 5.19681E-6 3.98598E-6 4.28948E-6 4.12442E-6 5.78739E-6 6.60037E-6 5.00099E-6 4.39519E-6 6.71989E-6 1.35281E-5 7.98216E-6 6.79061E-6 7.16518E-6 4.7371E-6 1.13153E-5 8.30333E-6 7.76037E-6 9.97921E-6 1.00791E-5 9.70454E-6 5.70924E-6 3.241E-6 2.83769E-6 2.56507E-6 2.53236E-6 2.343E-6 2.37707E-6 2.04784E-6 2.19884E-6 1.43832E-6 1.23673E-6 1.12099E-6 9.4178E-7 1.07865E-6 1.26251E-6
5.80462E-6 1.13397E-5 7.88674E-6 5.41733E-6 5.57488E-6 5.78825E-6 4.40867E-6 2.51207E-6 3.39229E-6 4.12123E-6 4.52624E-6 4.91524E-6 5.87729E-6 9.05163E-6 8.43436E-6 8.60917E-6 7.0651E-6 7.51486E-6 1.07914E-5 7.67091E-6 5.77513E-6 5.15031E-6 6.93158E-6 6.85156E-6 7.89346E-6 5.9419E-6 5.80378E-6 5.34164E-6 7.00586E-6 6.08677E-6 9.37476E-6 9.98866E-6 7.09644E-6 1.05723E-5 8.34843E-6 8.11159E-6 7.76615E-6 4.55163E-6 7.24595E-6 1.15644E-5 8.80152E-6 5.64854E-6 6.84446E-6 6.38279E-6 5.56625E-6 5.76121E-6 3.07704E-6 3.70953E-6 3.00364E-6 2.60407E-6 2.72547E-6 3.14916E-6 5.67421E-6 3.06789E-6 1.76067E-6 1.58827E-6 1.44206E-6 1.24218E-6 1.01278E-6 8.90156E-7 8.58318E-7
7.67209E-6 7.7587E-6 5.76141E-6 5.99881E-6 5.75014E-6 5.29708E-6 3.47132E-6 3.74844E-6 3.22585E-6 4.25894E-6 4.40668E-6 6.18153E-6 8.03442E-6 7.8787E-6 7.49691E-6 7.88005E-6 6.0661E-6 7.17997E-6 7.98248E-6 5.69875E-6 6.02859E-6 5.31413E-6 6.79196E-6 8.53426E-6 1.0739E-5 9.54666E-6 7.91989E-6 9.13647E-6 1.05217E-5 9.65927E-6 9.43357E-6 8.79504E-6 5.08669E-6 4.68348E-6 4.73535E-6 4.88394E-6 3.58139E-6 3.27176E-6 6.42284E-6 4.79195E-6 7.39763E-6 6.15879E-6 6.60069E-6 4.86894E-6 4.70657E-6 4.16803E-6 3.79859E-6 3.66044E-6 2.48439E-6 2.63767E-6 2.64957E-6 2.41838E-6 3.15844E-6 2.5279E-6 1.5709E-6 1.34007E-6 1.29061E-6 1.42003E-6 1.03793E-6 9.98788E-7 9.55765E-7
1.06172E-5 5.56081E-6 6.99936E-6 5.88438E-6 8.14655E-6 5.36097E-6 5.55046E-6 4.38564E-6 5.28175E-6 6.05353E-6 8.29041E-6 5.01529E-6 8.66444E-6 7.31046E-6 6.73116E-6 6.55141E-6 7.41525E-6 7.01548E-6 7.94397E-6 7.55041E-6 5.94316E-6 5.16437E-6 4.77052E-6 5.93856E-6 1.2018E-5 1.06175E-5 1.23144E-5 9.04151E-6 1.01129E-5 6.17801E-6 6.71994E-6 5.67476E-6 6.4335E-6 5.09662E-6 5.48698E-6 6.78462E-6 3.77135E-6 4.71032E-6 9.31356E-6 7.2147E-6 7.62587E-6 6.16688E-6 4.33183E-6 5.7327E-6 7.24134E-6 9.09457E-6 5.2411E-6 3.6591E-6 3.30489E-6 3.17711E-6 2.71127E-6 2.26044E-6 3.59157E-6 4.15104E-6 2.07677E-6 2.22555E-6 1.35196E-6 1.25071E-6 1.11156E-6 1.0037E-6 1.04807E-6
9.14587E-6 5.08882E-6 6.83602E-6 1.17476E-5 6.73575E-6 6.18417E-6 5.06373E-6 5.82229E-6 6.85812E-6 6.70141E-6 5.45134E-6 7.65255E-6 6.10018E-6 5.73589E-6 4.80389E-6 5.04033E-6 6.89723E-6 8.07458E-6 9.10405E-6 9.79978E-6 6.50234E-6 5.56765E-6 5.18264E-6 4.65872E-6 9.65077E-6 1.51202E-5 1.24421E-5 1.29585E-5 1.11704E-5 9.14506E-6 9.31264E-6 5.65584E-6 4.27084E-6 3.95847E-6 5.32527E-6 4.95312E-6 4.92199E-6 4.52254E-6 4.99002E-6 4.64761E-6 7.66399E-6 5.79577E-6 5.65677E-6 6.04687E-6 5.98178E-6 7.46501E-6 3.23077E-6 2.70926E-6 2.49164E-6 2.49235E-6 2.24904E-6 3.2689E-6 3.40146E-6 2.15109E-6 3.69489E-6 1.87563E-6 1.45042E-6 1.52987E-6 1.25827E-6 1.09478E-6 1.04501E-6
9.91581E-6 9.93866E-6 1.3715E-5 6.88569E-6 6.60725E-6 5.94362E-6 6.64106E-6 5.90241E-6 5.65656E-6 7.61835E-6 5.21806E-6 7.27524E-6 5.25503E-6 5.27946E-6 4.26457E-6 4.8004E-6 6.82772E-6 9.32895E-6 9.07639E-6 9.57957E-6 7.3348E-6 5.63309E-6 6.42985E-6 6.01712E-6 1.04724E-5 1.24918E-5 6.32865E-6 7.94887E-6 1.31188E-5 8.75677E-6 8.20406E-6 6.80804E-6 6.86748E-6 4.75296E-6 5.44035E-6 3.66988E-6 4.79219E-6 6.1304E-6 4.37196E-6 3.30297E-6 3.5599E-6 4.95992E-6 1.19494E-5 1.1804E-5 8.54161E-6 4.96778E-6 5.05675E-6 4.1943E-6 4.45566E-6 3.05227E-6 3.88181E-6 5.05095E-6 3.14103E-6 3.10238E-6 4.51958E-6 2.68138E-6 1.88853E-6 1.56349E-6 1.34653E-6 1.14108E-6 1.17162E-6
5.30876E-6 6.86977E-6 6.7507E-6 6.82057E-6 7.22158E-6 7.28183E-6 6.74723E-6 7.55443E-6 7.50197E-6 8.63279E-6 7.42998E-6 6.95253E-6 6.04245E-6 4.80629E-6 4.20155E-6 5.12671E-6 6.09572E-6 7.69564E-6 9.68375E-6 1.04894E-5 9.1562E-6 9.88732E-6 1.4203E-5 9.77818E-6 6.39745E-6 6.11857E-6 4.72347E-6 4.29045E-6 5.17013E-6 6.29506E-6 6.15942E-6 3.98034E-6 8.58041E-6 7.25591E-6 4.5526E-6 5.0546E-6 5.43758E-6 4.20839E-6 3.39355E-6 3.16239E-6 4.49825E-6 6.36097E-6 6.22341E-6 9.66766E-6 1.23363E-5 1.19747E-5 9.36689E-6 7.63966E-6 7.58377E-6 7.2341E-6 5.53662E-6 3.77406E-6 2.74315E-6 3.22625E-6 4.35697E-6 2.27364E-6 1.79273E-6 1.58627E-6 1.43882E-6 1.33646E-6 1.15974E-6
6.77486E-6 5.77971E-6 7.48813E-6 6.05494E-6 6.66955E-6 6.08512E-6 7.66683E-6 9.80404E-6 1.08982E-5 9.12627E-6 7.03281E-6 5.57368E-6 5.30764E-6 4.86695E-6 4.65447E-6 5.49796E-6 7.10054E-6 8.45593E-6 9.17747E-6 1.01102E-5 1.43636E-5 1.34132E-5 1.3723E-5 8.50766E-6 6.50662E-6 5.9671E-6 5.85981E-6 8.17432E-6 8.81806E-6 5.48069E-6 6.89107E-6 5.23395E-6 4.72296E-6 5.14587E-6 4.35488E-6 4.19966E-6 3.70213E-6 3.26838E-6 5.18581E-6 4.20394E-6 7.61024E-6 6.39992E-6 3.85704E-6 6.42452E-6 5.73451E-6 5.47281E-6 7.39904E-6 9.41123E-6 6.38707E-6 6.03566E-6 6.48357E-6 5.16418E-6 3.94528E-6 3.10359E-6 2.43383E-6 1.88001E-6 1.65288E-6 1.43793E-6 1.44064E-6 1.32249E-6 1.12975E-6
6.98435E-6 6.31031E-6 6.21094E-6 6.69679E-6 6.82606E-6 7.28356E-6 8.25023E-6 1.67018E-5 8.50371E-6 8.90433E-6 6.68945E-6 4.82401E-6 5.18111E-6 4.91089E-6 5.07802E-6 5.38631E-6 6.64754E-6 9.58856E-6 1.04467E-5 1.17984E-5 1.17074E-5 1.20391E-5 1.16803E-5 1.19544E-5 1.01413E-5 9.76222E-6 1.30693E-5 1.07337E-5 9.78672E-6 4.07976E-6 7.70532E-6 1.00082E-5 6.10001E-6 3.75347E-6 5.12746E-6 4.62652E-6 3.99798E-6 3.86814E-6 4.8311E-6 4.05361E-6 4.0174E-6 4.31779E-6 6.47918E-6 1.14836E-5 3.91072E-6 7.63091E-6 7.89924E-6 5.69502E-6 4.81698E-6 5.34373E-6 7.27719E-6 5.12461E-6 3.43565E-6 2.58516E-6 2.63272E-6 2.27008E-6 1.69346E-6 1.40592E-6 1.33692E-6 1.28381E-6 1.22989E-6
6.69259E-6 6.08821E-6 4.50114E-6 6.15091E-6 6.03996E-6 5.68668E-6 6.1277E-6 7.4655E-6 6.29156E-6 9.10532E-6 6.20341E-6 5.23462E-6 4.67947E-6 4.92613E-6 5.56256E-6 5.51925E-6 6.37434E-6 9.90792E-6 9.79656E-6 9.70301E-6 9.53771E-6 1.43975E-5 1.42304E-5 1.48857E-5 1.48954E-5 1.64666E-5 1.39072E-5 1.60602E-5 1.44913E-5 4.26002E-6 6.40634E-6 8.13474E-6 8.02469E-6 3.95436E-6 3.85829E-6 3.89286E-6 4.75066E-6 3.34441E-6 3.28493E-6 5.24662E-6 4.18588E-6 4.13284E-6 8.19782E-6 7.30702E-6 6.34289E-6 7.4043E-6 7.28936E-6 4.29667E-6 3.80218E-6 4.44953E-6 4.71261E-6 3.74089E-6 3.38931E-6 2.45096E-6 2.56498E-6 2.19552E-6 2.77827E-6 1.35409E-6 1.39574E-6 1.39973E-6 1.21096E-6
1.08738E-5 6.05853E-6 6.41231E-6 5.56109E-6 6.64904E-6 6.66485E-6 5.9064E-6 1.13663E-5 8.73535E-6 1.08195E-5 8.85655E-6 6.62129E-6 5.71596E-6 5.41243E-6 5.91398E-6 7.06625E-6 7.96069E-6 8.19377E-6 6.60614E-6 6.45239E-6 1.08689E-5 1.3712E-5 1.45994E-5 1.42704E-5 1.51379E-5 1.4536E-5 8.38828E-6 7.51996E-6 1.11485E-5 5.08991E-6 7.8934E-6 4.90261E-6 5.96772E-6 5.60249E-6 5.05153E-6 7.08073E-6 5.33674E-6 3.95142E-6 3.92612E-6 4.39385E-6 4.43735E-6 5.57732E-6 8.64099E-6 7.5554E-6 5.41948E-6 5.76419E-6 6.01048E-6 5.07953E-6 4.68262E-6 3.51201E-6 3.0146E-6 2.41034E-6 2.39222E-6 2.54626E-6 2.92091E-6 2.02841E-6 2.40788E-6 1.28295E-6 1.2453E-6 1.29088E-6 1.41912E-6
1.36449E-5 1.02974E-5 4.71263E-6 5.41166E-6 6.31446E-6 5.52242E-6 4.9867E-6 6.84701E-6 7.93799E-6 6.61948E-6 7.6486E-6 7.27301E-6 6.36691E-6 5.15066E-6 5.72615E-6 7.45979E-6 9.56822E-6 7.30867E-6 7.5949E-6 6.90238E-6 7.24615E-6 9.84334E-6 7.80125E-6 6.21972E-6 1.21268E-5 1.23889E-5 4.85025E-6 3.99591E-6 8.48612E-6 9.23803E-6 6.72895E-6 6.0603E-6 5.73157E-6 3.8226E-6 6.98084E-6 1.01565E-5 6.23615E-6 4.85145E-6 7.09376E-6 5.67424E-6 4.26823E-6 9.21203E-6 1.04515E-5 7.79995E-6 6.94866E-6 6.03322E-6 8.02786E-6 5.07639E-6 5.20571E-6 5.3601E-6 4.11153E-6 4.97288E-6 3.78598E-6 3.4251E-6 3.25687E-6 2.73365E-6 1.97611E-6 1.40006E-6 1.36243E-6 1.32542E-6 1.38837E-6
1.32891E-5 1.53412E-5 6.99359E-6 5.57813E-6 6.58497E-6 5.63878E-6 4.64817E-6 4.47388E-6 5.91073E-6 7.37954E-6 7.96125E-6 7.82101E-6 5.30887E-6 5.21239E-6 5.90168E-6 9.88588E-6 9.47101E-6 6.71398E-6 7.38115E-6 7.53238E-6 8.43652E-6 6.87114E-6 7.15769E-6 1.35827E-5 1.05436E-5 8.63549E-6 4.90073E-6 7.67306E-6 5.97046E-6 6.37825E-6 7.74223E-6 6.88576E-6 5.36892E-6 3.23708E-6 4.43384E-6 1.31859E-5 8.53162E-6 5.8665E-6 1.15205E-5 4.97587E-6 4.45455E-6 6.84168E-6 1.0247E-5 7.97033E-6 1.19049E-5 7.53367E-6 5.11089E-6 1.10226E-5 5.31518E-6 1.08196E-5 9.91406E-6 6.99503E-6 3.73369E-6 3.02498E-6 9.77558E-6 5.0673E-6 3.65036E-6 1.97605E-6 1.45957E-6 1.28957E-6 1.53796E-6
9.11012E-6 7.56126E-6 8.752E-6 6.0139E-6 4.91703E-6 -9999 5.83153E-6 7.67418E-6 4.3742E-6 9.47013E-6 9.12042E-6 8.48413E-6 5.14946E-6 5.52146E-6 6.4681E-6 7.48329E-6 9.66859E-6 7.24852E-6 7.57773E-6 7.25333E-6 6.36019E-6 6.11675E-6 6.4411E-6 -9999 1.30764E-5 7.99348E-6 8.73234E-6 7.16984E-6 4.8879E-6 6.00546E-6 1.11017E-5 9.68922E-6 5.4288E-6 4.89682E-6 4.16285E-6 5.73724E-6 7.94802E-6 6.85585E-6 7.62342E-6 5.33158E-6 6.4203E-6 5.00473E-6 5.13236E-6 1.17071E-5 1.02972E-5 1.29258E-5 7.22922E-6 9.58549E-6 7.8147E-6 7.12021E-6 4.92497E-6 1.05147E-5 7.29861E-6 8.46246E-6 8.33013E-6 6.47875E-6 1.20609E-5 2.31992E-6 1.42875E-6 1.38305E-6 1.48901E-6
9.50657E-6 8.64301E-6 5.26651E-6 9.56311E-6 7.96844E-6 6.12947E-6 5.80413E-6 7.95247E-6 7.57485E-6 6.4493E-6 7.18688E-6 7.7757E-6 5.24143E-6 5.73056E-6 6.58344E-6 8.10323E-6 9.11946E-6 7.73144E-6 8.97935E-6 9.57583E-6 8.39483E-6 6.44915E-6 8.27255E-6 1.35301E-5 8.20113E-6 1.2227E-5 1.65841E-5 8.74764E-6 6.135E-6 8.60649E-6 1.10006E-5 1.43834E-5 5.82022E-6 4.09414E-6 6.83133E-6 6.49403E-6 6.20689E-6 4.07217E-6 9.69221E-6 1.06865E-5 7.0407E-6 8.52934E-6 9.77368E-6 9.41662E-6 4.68944E-6 8.43972E-6 1.07669E-5 6.65932E-6 6.70344E-6 8.00793E-6 9.78076E-6 9.48299E-6 6.32233E-6 6.17199E-6 7.65025E-6 1.09581E-5 1.32117E-5 3.46754E-6 1.75743E-6 1.5687E-6 1.39868E-6
7.16796E-6 9.94998E-6 9.89101E-6 1.152E-5 1.04129E-5 8.33903E-6 8.23857E-6 7.9189E-6 5.6308E-6 9.34177E-6 7.48758E-6 7.16718E-6 5.46103E-6 6.17286E-6 6.37911E-6 9.13227E-6 6.99523E-6 8.12286E-6 8.09557E-6 1.00354E-5 6.85046E-6 6.42359E-6 6.24686E-6 6.12264E-6 5.25027E-6 6.08688E-6 -9999 8.71732E-6 1.524E-5 1.08828E-5 1.13156E-5 1.10923E-5 6.68366E-6 5.98231E-6 7.02877E-6 9.31995E-6 7.36002E-6 5.56361E-6 1.00811E-5 1.21496E-5 1.08486E-5 1.09926E-5 8.84397E-6 6.35462E-6 8.32322E-6 9.41723E-6 5.54936E-6 7.59149E-6 -9999 7.61211E-6 1.07949E-5 1.08807E-5 9.18248E-6 6.30896E-6 8.42057E-6 1.18073E-5 9.99218E-6 9.13158E-6 2.27411E-6 1.8737E-6 1.73047E-6
9.59171E-6 7.55481E-6 1.04916E-5 8.54642E-6 1.3032E-5 5.94495E-6 1.15974E-5 7.78645E-6 7.96372E-6 7.24874E-6 5.25733E-6 5.38983E-6 5.53069E-6 6.43542E-6 6.70027E-6 7.8416E-6 1.02317E-5 6.85007E-6 8.23816E-6 7.21969E-6 7.28286E-6 6.84795E-6 6.67383E-6 6.17165E-6 6.34007E-6 4.73917E-6 4.52859E-6 5.13243E-6 7.16859E-6 1.33271E-5 1.17203E-5 1.22094E-5 9.06123E-6 6.70709E-6 8.68623E-6 7.75839E-6 7.88289E-6 6.25835E-6 4.98648E-6 7.53401E-6 1.18567E-5 6.88499E-6 7.87917E-6 8.04833E-6 9.82429E-6 9.33959E-6 4.59629E-6 8.15591E-6 9.05908E-6 7.40333E-6 9.00684E-6 1.31317E-5 1.27186E-5 1.41088E-5 1.19843E-5 1.26185E-5 1.09129E-5 1.12614E-5 7.20011E-6 2.23645E-6 2.06906E-6
7.13396E-6 9.50708E-6 1.08512E-5 1.03889E-5 9.02425E-6 2.27278E-6 1.055E-5 1.27401E-5 1.12542E-5 7.74986E-6 5.22783E-6 5.6532E-6 6.62833E-6 6.96678E-6 6.72657E-6 8.19446E-6 9.94604E-6 7.4128E-6 6.78954E-6 7.50318E-6 7.434E-6 7.07296E-6 6.16089E-6 6.37792E-6 7.48859E-6 6.3092E-6 4.71522E-6 5.04628E-6 6.22222E-6 1.27115E-5 1.04179E-5 1.11885E-5 8.24325E-6 8.56609E-6 7.85079E-6 1.03191E-5 7.55533E-6 7.50461E-6 1.11728E-5 9.88588E-6 1.09272E-5 8.05376E-6 8.79027E-6 9.85403E-6 1.32303E-5 8.47455E-6 4.60622E-6 6.15465E-6 9.99296E-6 1.26023E-5 8.08994E-6 1.26183E-5 1.23292E-5 1.20363E-5 1.615E-5 1.92139E-5 1.61758E-5 1.49576E-5 1.02419E-5 9.0675E-6 2.42611E-6
