Candidate_Models_July82022/M_0.3_F_lqp_Set_1_all/Bison.asc
ncols         290
nrows         380
xllcorner     -2197417.7431653
yllcorner     -584827.01486885
cellsize      10000.0
NODATA_value  -9999
[rows 54 to 80 of 380, columns 0 to 60 of 290]
-9999 -9999 -9999 -9999 -9999 -9999 -9999 -9999 -9999 -9999 -9999 -9999 -9999 -9999 -9999 -9999 -9999 -9999 -9999 -9999 -9999 -9999 -9999 -9999 -9999 -9999 -9999 1.29971E-5 6.63995E-6 1.13719E-5 1.85026E-5 1.34393E-5 1.35431E-5 1.32586E-5 1.05926E-5 9.57982E-6 6.2632E-6 4.00771E-6 6.18254E-6 6.72916E-6 8.17556E-6 2.24928E-6 2.92292E-6 4.02862E-6 3.76985E-6 3.35038E-6 3.00997E-6 2.03365E-6 1.23809E-6 1.65773E-6 1.02718E-6 1.946E-6 3.06709E-6 3.85139E-6 2.89051E-6 2.42559E-6 2.96733E-6 3.52525E-6 4.83812E-6 6.51318E-6 7.674E-6
-9999 -9999 -9999 -9999 -9999 -9999 -9999 -9999 -9999 -9999 -9999 -9999 -9999 -9999 -9999 -9999 -9999 -9999 -9999 -9999 -9999 -9999 -9999 -9999 -9999 -9999 1.32604E-5 4.43666E-6 8.32758E-6 9.59154E-6 1.62443E-5 1.81847E-5 1.432E-5 4.99047E-6 1.36155E-5 1.04079E-5 9.75128E-6 1.02311E-5 7.82266E-6 4.57879E-6 5.11769E-6 3.82887E-6 4.03251E-6 6.26138E-6 6.04572E-6 4.05081E-6 4.3353E-6 3.06671E-6 3.55427E-6 1.97162E-6 1.5091E-6 3.5053E-6 2.22397E-6 2.2983E-6 3.53978E-6 2.73884E-6 2.62314E-6 3.7896E-6 5.89649E-6 5.34587E-6 6.75481E-6
-9999 -9999 -9999 -9999 -9999 -9999 -9999 -9999 -9999 -9999 -9999 -9999 -9999 -9999 -9999 -9999 -9999 -9999 -9999 -9999 -9999 -9999 -9999 -9999 -9999 -9999 9.09404E-6 6.48206E-6 4.23521E-6 3.24824E-6 8.39407E-6 1.1355E-5 1.09612E-5 6.97498E-6 9.66754E-6 9.28448E-6 1.38529E-5 8.68396E-6 6.99307E-6 2.58362E-6 2.96395E-6 5.65585E-6 5.90904E-6 4.00865E-6 5.589E-6 6.66787E-6 5.60104E-6 4.6586E-6 4.46387E-6 3.95291E-6 4.75705E-6 1.85369E-6 1.17276E-6 3.40503E-6 3.07272E-6 1.50028E-6 2.49872E-6 1.47219E-6 3.8603E-6 5.6E-6 8.32977E-6
-9999 -9999 -9999 -9999 -9999 -9999 -9999 -9999 -9999 -9999 -9999 -9999 -9999 -9999 -9999 -9999 -9999 -9999 -9999 -9999 -9999 -9999 -9999 -9999 -9999 8.90505E-6 2.89856E-6 4.36257E-6 6.86824E-6 6.19306E-6 1.00635E-5 1.14598E-5 1.85174E-5 1.23976E-5 1.67671E-5 1.41398E-5 7.87504E-6 1.25766E-5 7.00016E-6 3.38514E-6 8.92278E-6 1.6572E-6 2.56559E-6 5.9402E-6 3.29411E-6 9.58301E-6 6.33094E-6 6.33827E-6 3.50924E-6 5.38364E-6 5.41913E-6 3.53922E-6 3.08463E-6 4.97013E-6 4.68925E-6 2.21843E-6 1.18514E-6 3.12296E-6 2.52984E-6 6.11307E-6 4.08403E-6
-9999 -9999 -9999 -9999 -9999 -9999 -9999 -9999 -9999 -9999 -9999 -9999 -9999 -9999 -9999 -9999 -9999 -9999 -9999 -9999 -9999 -9999 -9999 -9999 1.50194E-5 1.12609E-5 8.21093E-6 6.54578E-6 2.44681E-6 8.5349E-6 8.49375E-6 1.57766E-5 1.65624E-5 1.38948E-5 3.19091E-5 2.31716E-5 1.03106E-5 1.13943E-5 7.51863E-6 6.9322E-6 3.29516E-6 4.36179E-6 1.89736E-6 6.40421E-6 3.35156E-6 7.04706E-6 7.46479E-6 7.54127E-6 6.04832E-6 5.40604E-6 5.61834E-6 7.39697E-6 3.24468E-6 4.51587E-6 4.72379E-6 4.08919E-6 4.70045E-6 3.0273E-6 5.02249E-6 4.42186E-6 5.80723E-6
-9999 -9999 -9999 -9999 -9999 -9999 -9999 -9999 -9999 -9999 -9999 -9999 -9999 -9999 -9999 -9999 -9999 -9999 -9999 -9999 -9999 -9999 -9999 1.55605E-5 1.46282E-5 1.67758E-5 1.39333E-5 1.79788E-5 9.75022E-6 4.52857E-6 1.07996E-5 1.20354E-5 1.76461E-5 2.11444E-5 3.21598E-5 1.45575E-5 9.75559E-6 1.13604E-5 1.0837E-5 6.97797E-6 2.93151E-6 4.24557E-6 8.28155E-6 5.6291E-6 2.97142E-6 4.25684E-6 4.98686E-6 6.40834E-6 3.40624E-6 5.903E-6 5.92759E-6 5.75294E-6 4.87562E-6 2.95685E-6 6.21539E-6 4.51289E-6 2.28655E-6 2.45883E-6 2.62233E-6 3.25672E-6 4.4504E-6
-9999 -9999 -9999 -9999 -9999 -9999 -9999 -9999 -9999 -9999 -9999 -9999 -9999 -9999 -9999 -9999 -9999 -9999 -9999 -9999 -9999 -9999 -9999 2.6002E-5 1.53985E-5 1.71713E-5 1.99514E-5 1.89766E-5 2.17727E-6 5.37676E-6 6.94527E-6 1.62505E-5 1.06109E-5 7.86467E-6 1.14738E-5 9.92033E-6 1.24902E-5 2.02287E-5 1.18703E-5 9.40831E-6 8.31689E-6 2.73316E-6 1.68254E-6 5.97179E-6 2.08928E-6 1.92969E-6 5.86519E-6 1.03107E-5 8.31667E-6 3.00587E-6 4.25585E-6 7.95556E-6 8.64303E-6 3.97988E-6 3.35529E-6 5.93867E-6 2.61326E-6 1.20739E-6 4.65752E-6 5.87927E-6 3.92958E-6
-9999 -9999 -9999 -9999 -9999 -9999 -9999 -9999 -9999 -9999 -9999 -9999 -9999 -9999 -9999 -9999 -9999 -9999 -9999 -9999 -9999 -9999 2.18963E-5 1.11259E-5 1.1882E-5 1.62462E-5 3.06658E-5 1.34072E-5 1.11943E-5 2.03882E-5 2.08938E-5 1.2079E-5 1.39817E-5 1.33487E-5 9.45789E-6 1.48658E-5 1.1783E-5 9.90175E-6 1.40372E-5 1.32994E-5 1.40765E-5 6.92272E-6 7.20585E-6 2.87618E-6 8.70019E-6 4.358E-6 4.3561E-6 5.26409E-6 7.09896E-6 3.93756E-6 5.62744E-6 4.24128E-6 4.80687E-6 1.11258E-5 2.8101E-6 2.96725E-6 5.58141E-6 1.97209E-6 3.23258E-6 5.06349E-6 4.24476E-6
-9999 -9999 -9999 -9999 -9999 -9999 -9999 -9999 -9999 -9999 -9999 -9999 -9999 -9999 -9999 -9999 -9999 -9999 -9999 -9999 -9999 2.41913E-5 1.21325E-5 4.20145E-5 1.38812E-5 2.0691E-5 2.37166E-5 1.80566E-5 1.75188E-5 2.14962E-5 2.56519E-5 1.49989E-5 1.96996E-5 1.67278E-5 1.97268E-5 1.22287E-5 1.28101E-5 1.67252E-5 1.55889E-5 2.03578E-5 1.76176E-5 1.05764E-5 9.75259E-6 8.46445E-6 1.39141E-5 3.94545E-6 1.52918E-6 3.94372E-6 8.04328E-6 2.76922E-6 4.19873E-6 5.45431E-6 5.8241E-6 4.89605E-6 4.0593E-6 2.03866E-6 5.58482E-6 2.26E-6 3.5005E-6 3.19139E-6 7.38074E-6
-9999 -9999 -9999 -9999 -9999 -9999 -9999 -9999 -9999 -9999 -9999 -9999 -9999 -9999 -9999 -9999 -9999 -9999 -9999 -9999 -9999 1.92711E-5 1.71362E-5 3.35827E-5 4.05749E-5 2.33551E-5 1.29854E-5 9.15689E-6 1.67793E-5 2.72389E-5 1.80414E-5 2.44106E-5 1.9746E-5 8.86043E-6 1.18821E-5 1.6318E-5 1.21878E-5 1.2093E-5 1.69451E-5 1.74688E-5 2.53725E-5 1.97647E-5 1.04803E-5 1.72277E-5 1.58391E-5 3.86444E-6 2.96053E-6 2.72744E-6 6.89175E-6 1.1749E-5 5.88089E-6 5.82548E-6 3.98322E-6 6.02922E-6 1.24248E-5 1.37219E-5 6.50337E-6 4.61615E-6 5.01342E-6 6.05136E-6 8.07325E-6
-9999 -9999 -9999 -9999 -9999 -9999 -9999 -9999 -9999 -9999 -9999 -9999 -9999 -9999 -9999 -9999 -9999 -9999 -9999 -9999 3.30306E-5 2.50039E-5 3.67097E-5 2.08713E-5 2.33258E-5 2.19911E-5 1.5653E-5 1.0899E-5 6.8552E-6 1.6846E-5 3.13672E-5 1.84787E-5 1.26434E-5 4.93232E-6 4.07004E-6 1.77484E-5 1.20939E-5 1.40305E-5 1.818E-5 1.86957E-5 1.65823E-5 1.16386E-5 1.68706E-5 1.28825E-5 1.44247E-5 8.75102E-6 4.58585E-6 6.65236E-6 3.2061E-6 7.84108E-6 8.03164E-6 1.42221E-5 1.22673E-5 7.26564E-6 1.46957E-5 8.65502E-6 9.97498E-6 2.79868E-6 5.29687E-6 2.40698E-6 7.41187E-6
-9999 -9999 -9999 -9999 -9999 -9999 -9999 -9999 -9999 -9999 -9999 -9999 -9999 -9999 -9999 -9999 -9999 -9999 -9999 3.34468E-5 3.47594E-5 4.35061E-5 4.6286E-5 1.13324E-5 1.79493E-5 4.65222E-5 1.93976E-5 1.58504E-5 1.38022E-5 1.81072E-5 1.555E-5 1.43383E-5 1.38741E-5 1.68349E-5 1.47319E-5 1.70278E-5 1.85693E-5 2.02641E-5 1.19888E-5 1.75986E-5 1.03717E-5 1.00779E-5 6.54156E-6 9.89265E-6 1.06826E-5 5.77417E-6 7.13525E-6 6.14348E-6 5.23726E-6 8.05926E-6 6.49693E-6 1.10746E-5 7.5936E-6 6.86398E-6 1.60952E-5 5.58064E-6 7.65851E-6 8.36972E-6 2.55355E-6 6.63738E-6 2.85316E-6
-9999 -9999 -9999 -9999 -9999 -9999 -9999 -9999 -9999 -9999 -9999 -9999 -9999 -9999 -9999 -9999 -9999 -9999 2.81547E-5 3.36443E-5 4.79872E-5 3.81539E-5 2.42411E-5 1.75177E-5 4.69328E-6 2.13272E-5 1.97758E-5 1.5799E-5 1.17171E-5 2.18593E-5 1.84447E-5 1.50239E-5 1.84554E-5 1.63598E-5 1.89298E-5 1.56258E-5 1.40498E-5 1.76676E-5 9.22994E-6 1.39196E-5 8.27189E-6 8.06496E-6 5.29797E-6 7.08213E-6 5.83339E-6 7.63299E-6 1.07346E-5 8.35995E-6 9.81345E-6 1.13526E-5 1.59442E-5 9.72515E-6 6.32156E-6 1.26275E-5 8.64339E-6 1.56667E-5 4.69844E-6 8.43809E-6 9.75577E-6 1.41932E-5 2.28389E-6
-9999 -9999 -9999 -9999 -9999 -9999 -9999 -9999 -9999 -9999 -9999 -9999 -9999 -9999 -9999 -9999 -9999 -9999 3.63286E-5 3.66976E-5 2.78295E-5 2.37121E-5 2.23635E-5 1.75556E-5 1.21631E-5 1.62245E-5 7.89334E-6 1.86865E-5 1.50758E-5 1.67952E-5 2.45793E-5 1.54297E-5 2.16144E-5 9.63958E-6 1.05951E-5 8.02647E-6 1.33598E-5 1.32483E-5 6.02399E-6 1.02824E-5 9.27018E-6 1.13114E-5 1.10773E-5 7.85E-6 4.70824E-6 1.28893E-5 5.81636E-6 1.44922E-5 8.87833E-6 1.62861E-5 1.49728E-5 1.90447E-5 1.19995E-5 1.47362E-5 1.18122E-5 1.3141E-5 1.31358E-5 5.79442E-6 8.30282E-6 8.44654E-6 2.59562E-6
-9999 -9999 -9999 -9999 -9999 -9999 -9999 -9999 -9999 -9999 -9999 -9999 -9999 -9999 -9999 -9999 -9999 2.83023E-5 2.28079E-5 4.2885E-5 4.06726E-5 3.34811E-5 2.02454E-5 2.08056E-5 2.93757E-5 1.94278E-5 7.17028E-6 1.60255E-5 1.8998E-5 2.38501E-5 1.79132E-5 1.57037E-5 1.97249E-5 2.0644E-5 2.31206E-5 1.58738E-5 1.72926E-5 1.64762E-5 8.80876E-6 1.41385E-5 1.05232E-5 1.07652E-5 7.24583E-6 4.00111E-6 3.162E-6 3.56358E-6 1.0663E-5 2.212E-5 1.2453E-5 8.28032E-6 1.20349E-5 7.78649E-6 2.04218E-5 6.54703E-6 1.12663E-5 8.75206E-6 8.93724E-6 8.0332E-6 9.76379E-6 6.04245E-6 1.40651E-5
-9999 -9999 -9999 -9999 -9999 -9999 -9999 -9999 -9999 -9999 -9999 -9999 -9999 -9999 -9999 -9999 1.90959E-5 2.0537E-5 1.46121E-5 1.39854E-5 2.58265E-5 2.28189E-5 1.49775E-5 1.21098E-5 1.99987E-5 1.01668E-5 7.43183E-6 1.99948E-5 1.23463E-5 1.80065E-5 2.64142E-5 6.71823E-6 2.23542E-5 2.89444E-5 1.6811E-5 2.02931E-5 1.36532E-5 1.30489E-5 1.43867E-5 1.11148E-5 1.12605E-5 1.08335E-5 5.694E-6 1.84302E-5 6.65811E-6 4.08203E-6 2.09423E-5 1.74873E-5 2.72174E-5 1.31361E-5 1.93541E-5 3.58604E-5 1.99642E-5 1.0339E-5 1.78904E-5 1.24794E-5 1.90956E-5 2.39301E-5 1.16717E-5 3.47318E-6 9.98344E-6
-9999 -9999 -9999 -9999 -9999 -9999 -9999 -9999 -9999 -9999 -9999 -9999 -9999 -9999 -9999 -9999 1.94081E-5 9.14467E-6 1.64466E-5 1.29592E-5 1.44559E-5 9.41079E-6 1.04551E-5 9.19839E-6 2.43431E-5 9.40305E-6 6.96759E-6 1.61052E-5 3.09249E-5 3.35124E-5 1.67282E-5 3.15164E-5 2.13823E-5 2.55882E-5 2.38661E-5 1.60583E-5 1.11757E-5 1.11003E-5 1.31716E-5 1.47604E-5 1.89927E-5 1.04676E-5 1.12418E-5 4.56701E-6 2.46662E-5 1.11618E-5 5.14834E-6 6.52804E-6 1.185E-5 7.03624E-6 2.23136E-5 4.10799E-5 1.9965E-5 1.00231E-5 5.45091E-6 6.24941E-6 7.4927E-6 1.69658E-5 1.40867E-5 8.64621E-6 1.64372E-5
-9999 -9999 -9999 -9999 -9999 -9999 -9999 -9999 -9999 -9999 -9999 -9999 -9999 -9999 -9999 1.07171E-5 1.52655E-5 1.58322E-5 6.39495E-6 4.7948E-6 1.02981E-5 6.43052E-6 7.78634E-6 1.31097E-5 1.28151E-5 6.69925E-6 1.55403E-5 6.18132E-6 1.38805E-5 2.63268E-5 2.84395E-5 2.02247E-5 2.48457E-5 2.35865E-5 1.92908E-5 1.96366E-5 1.63969E-5 9.63464E-6 9.17962E-6 1.10962E-5 1.43868E-5 1.12714E-5 1.49992E-5 1.40333E-5 5.67048E-6 1.28243E-5 2.17076E-5 1.49028E-5 1.23451E-5 1.7337E-5 9.87236E-6 9.88219E-6 6.03051E-6 1.13309E-5 1.08719E-5 4.57539E-6 8.84751E-6 3.73468E-5 6.92691E-6 1.65873E-5 1.06117E-5
-9999 -9999 -9999 -9999 -9999 -9999 -9999 -9999 -9999 -9999 -9999 -9999 -9999 -9999 1.37007E-6 2.43257E-6 1.0948E-5 1.1634E-5 4.54064E-6 7.44309E-6 6.46942E-6 8.69381E-6 7.54893E-6 1.61959E-5 1.12872E-5 1.58203E-5 1.0476E-5 7.58316E-6 2.23574E-5 3.28419E-5 3.85368E-5 5.54189E-5 2.1734E-5 1.55454E-5 1.84705E-5 2.19873E-5 1.41565E-5 1.24855E-5 1.05783E-5 7.60698E-6 6.63556E-6 1.58043E-5 1.61377E-5 1.65452E-5 1.99191E-5 2.36643E-5 1.40472E-5 1.55967E-5 1.7809E-5 1.07516E-5 1.28377E-5 2.2321E-5 5.90819E-6 5.31856E-6 8.76192E-6 1.01501E-5 1.8565E-5 9.45639E-6 1.35026E-5 7.11941E-6 5.39925E-6
-9999 -9999 -9999 -9999 -9999 -9999 -9999 -9999 -9999 -9999 -9999 -9999 -9999 -9999 4.53295E-6 2.77478E-6 4.85483E-6 1.3031E-5 1.68723E-5 1.44785E-5 8.36792E-6 8.05476E-6 1.11753E-5 9.24707E-6 1.06315E-5 1.43943E-5 2.95229E-5 3.30248E-5 3.17758E-5 8.38433E-6 2.83966E-5 4.29513E-5 2.85473E-5 2.7136E-5 2.41507E-5 2.13694E-5 1.48211E-5 1.2932E-5 1.44964E-5 5.73705E-6 6.85717E-6 8.43802E-6 1.45125E-5 1.5568E-5 1.47164E-5 1.31125E-5 1.7965E-5 2.06196E-5 1.79279E-5 2.46901E-5 2.29358E-5 7.30459E-6 1.25434E-5 1.88877E-5 2.1121E-5 1.831E-5 2.89605E-5 3.87929E-5 1.76749E-5 1.67563E-5 2.40873E-5
-9999 -9999 -9999 -9999 -9999 -9999 -9999 -9999 -9999 -9999 -9999 -9999 -9999 8.57031E-6 1.65623E-5 1.03837E-5 1.96544E-5 2.54502E-5 1.80484E-5 1.44832E-5 7.72919E-6 9.43017E-6 1.27404E-5 1.68036E-5 1.33764E-5 2.12972E-5 1.52859E-5 4.08012E-5 5.2434E-5 3.23082E-5 1.97623E-5 2.2759E-5 4.27677E-5 5.03613E-5 2.79991E-5 3.30851E-5 2.24105E-5 2.24368E-5 2.44635E-5 1.1233E-5 1.17321E-5 6.88533E-6 9.18231E-6 1.45809E-5 8.04078E-6 1.09662E-5 5.04149E-6 2.31097E-5 3.8319E-6 6.30124E-6 2.33604E-5 9.71378E-6 7.34431E-6 3.95852E-6 2.87668E-5 1.95849E-5 4.18575E-5 4.04006E-5 1.61245E-5 2.57191E-5 7.44593E-6
-9999 -9999 -9999 -9999 -9999 -9999 -9999 -9999 -9999 -9999 -9999 -9999 1.2523E-5 4.64975E-6 4.71328E-6 1.13453E-5 1.62398E-5 1.71767E-5 2.21497E-5 1.61614E-5 1.12609E-5 1.04703E-5 9.0089E-6 6.52251E-6 1.29472E-5 1.05007E-5 2.92124E-5 5.53742E-5 5.06755E-5 5.19839E-5 2.14244E-5 1.28586E-5 5.05905E-5 2.55324E-5 3.36322E-5 2.47766E-5 2.86599E-5 2.65588E-5 1.72833E-5 9.13133E-6 1.29154E-5 8.52394E-6 1.50239E-5 1.87717E-5 1.58618E-5 7.58734E-6 1.4983E-5 5.56865E-6 1.53639E-5 3.42591E-6 1.74898E-5 7.03734E-6 1.51027E-5 3.02314E-5 1.78351E-5 6.22013E-6 3.24813E-5 2.65286E-5 2.46906E-5 1.33322E-5 1.20519E-5
-9999 -9999 -9999 -9999 -9999 -9999 -9999 -9999 -9999 -9999 -9999 7.42764E-6 3.06196E-5 2.55575E-5 1.3111E-5 1.04734E-5 1.5193E-5 1.20144E-5 1.6492E-5 1.39664E-5 1.54331E-5 1.68816E-5 1.09526E-5 1.29553E-5 1.2039E-5 1.99549E-5 3.25344E-5 3.87552E-5 2.87771E-5 4.69152E-5 1.59939E-5 1.36993E-5 3.80351E-5 1.84951E-5 2.2512E-5 3.12573E-5 1.94115E-5 2.65222E-5 2.17755E-5 1.55444E-5 1.25307E-5 1.20532E-5 1.45883E-5 3.26207E-5 1.86782E-5 6.98977E-6 1.0423E-5 2.11847E-5 2.18951E-5 3.75468E-5 1.63495E-5 1.13E-5 2.28721E-5 2.12851E-5 1.20329E-5 1.8544E-5 2.12401E-5 2.16922E-5 2.01168E-5 1.87487E-5 1.15622E-5
-9999 -9999 -9999 -9999 -9999 -9999 -9999 -9999 -9999 -9999 -9999 3.42834E-7 2.38057E-5 2.16297E-5 2.2551E-5 1.71223E-5 2.33472E-5 2.12017E-5 2.70346E-5 1.46841E-5 8.19997E-6 1.60375E-5 2.04578E-5 2.41708E-5 2.67499E-5 2.80862E-5 2.90918E-5 2.67345E-5 2.47445E-5 2.18842E-5 6.6426E-6 9.66653E-6 1.92988E-5 2.15313E-5 3.007E-5 3.25672E-5 2.66848E-5 2.87393E-5 1.79397E-5 1.39968E-5 1.61556E-5 1.97202E-5 1.41518E-5 2.41382E-5 2.03872E-5 4.08444E-6 7.1966E-6 3.31205E-6 4.52325E-6 1.1836E-5 6.80069E-6 5.22117E-6 2.19115E-5 2.79987E-5 1.87435E-5 2.40228E-5 2.79078E-5 2.26728E-5 1.5446E-5 1.18653E-5 1.03249E-5
-9999 -9999 -9999 -9999 -9999 -9999 -9999 -9999 -9999 -9999 9.47391E-8 4.37992E-7 9.99311E-7 1.62216E-5 3.01035E-5 2.47251E-5 2.04292E-5 1.90907E-5 2.93476E-5 2.09055E-5 2.00774E-5 1.67473E-5 1.70936E-5 2.10064E-5 2.51204E-5 2.21453E-5 4.96776E-5 1.76862E-5 2.09067E-5 2.81824E-5 1.24446E-5 3.00708E-6 2.05613E-5 1.79586E-5 2.55092E-5 2.13224E-5 1.75782E-5 2.05279E-5 2.92927E-5 2.27513E-5 1.99315E-5 1.54871E-5 1.59377E-5 5.68823E-6 2.11497E-5 5.96436E-6 2.67462E-6 1.06341E-5 1.43865E-5 1.73992E-5 5.75411E-6 9.14867E-6 1.54195E-5 3.05201E-5 1.96448E-5 2.07641E-5 2.03687E-5 8.71374E-6 1.68559E-6 7.43058E-6 6.41125E-6
-9999 -9999 -9999 -9999 -9999 -9999 -9999 -9999 -9999 9.35891E-8 7.30714E-8 1.01524E-7 3.09718E-7 3.82877E-6 1.72734E-5 3.21669E-5 1.06449E-5 1.97613E-5 3.4633E-5 5.25557E-5 3.03444E-5 2.7002E-5 1.69631E-5 3.37137E-5 3.55572E-5 2.91563E-5 5.82185E-5 2.54507E-5 2.3536E-5 2.01855E-5 1.95228E-5 3.69215E-6 9.58412E-6 2.67824E-5 1.8887E-5 1.73856E-5 1.13714E-5 1.73524E-5 1.77189E-5 2.11433E-5 1.42063E-5 1.31432E-5 1.92078E-5 3.28597E-5 1.18371E-5 1.76312E-5 4.74443E-6 1.56289E-5 1.37082E-5 1.05625E-5 1.40502E-5 1.99832E-5 1.9743E-5 1.22135E-5 1.27279E-5 1.68485E-5 1.02538E-5 3.08382E-6 1.01043E-5 2.13519E-6 5.31048E-6
-9999 -9999 -9999 -9999 -9999 -9999 -9999 -9999 -9999 3.57872E-7 4.95369E-8 3.61318E-8 7.67659E-7 1.83425E-6 1.99202E-5 2.69283E-5 1.6748E-5 1.19681E-5 3.25302E-5 2.11747E-5 5.23349E-5 5.44661E-5 3.16279E-5 3.94468E-5 4.09298E-5 1.61853E-5 6.52788E-5 4.2062E-5 2.84534E-5 2.45649E-5 1.25493E-5 8.74695E-6 1.75197E-5 2.06331E-5 1.9991E-5 2.44609E-5 1.88551E-5 1.5306E-5 1.22454E-5 2.8689E-5 2.54476E-5 2.25762E-5 2.19723E-5 3.46566E-5 1.79941E-5 3.1745E-5 2.44638E-5 2.41997E-5 1.71387E-5 1.17195E-5 1.37957E-5 1.18303E-5 1.27262E-5 1.17512E-5 8.53113E-6 1.17631E-5 7.66037E-6 2.81706E-6 5.64908E-6 7.86984E-6 4.67213E-6
