Candidate_Models_July82022/M_0.3_F_lqp_Set_1_all/Bison.asc
ncols         290
nrows         380
xllcorner     -2197417.7431653
yllcorner     -584827.01486885
cellsize      10000.0
NODATA_value  -9999
[rows 108 to 134 of 380, columns 61 to 121 of 290]
8.12573E-6 1.02031E-5 1.66087E-5 2.07247E-5 1.33465E-5 1.39064E-5 6.09217E-6 5.91004E-6 5.29239E-6 8.02757E-6 9.09424E-6 2.2765E-5 9.38592E-6 2.60568E-6 7.92439E-6 4.05871E-6 6.31087E-6 1.01214E-5 1.02595E-5 8.18185E-6 6.92695E-6 9.54688E-6 8.07494E-6 9.86019E-6 9.25512E-6 4.66152E-6 4.08007E-6 5.12094E-6 6.12818E-6 6.68122E-6 5.27747E-6 6.00447E-6 4.5005E-6 9.0403E-6 7.07786E-6 7.63313E-6 6.74599E-6 1.86853E-5 1.97124E-5 2.21279E-5 1.7342E-5 1.76574E-5 1.94949E-5 2.11901E-5 1.96708E-5 1.8146E-5 1.97251E-5 1.97636E-5 1.89979E-5 1.98113E-5 2.1066E-5 1.97328E-5 1.32675E-5 2.30086E-5 2.21369E-5 2.2417E-5 2.16345E-5 2.02895E-5 2.03928E-5 2.00574E-5 1.74208E-5
1.18798E-5 1.23275E-5 7.23219E-6 1.60957E-5 1.07003E-5 1.11006E-5 1.94933E-5 1.08952E-5 1.91312E-5 1.28462E-5 9.49445E-6 1.75857E-5 9.12429E-6 4.8607E-6 7.16477E-6 7.20728E-6 7.10707E-6 1.07927E-5 1.05807E-5 2.1736E-5 1.90462E-5 1.89754E-5 9.00291E-6 1.09214E-5 7.52601E-6 8.07416E-6 6.09362E-6 3.12395E-6 5.04814E-6 6.81982E-6 6.8485E-6 8.65329E-6 6.17287E-6 8.90499E-6 7.72069E-6 1.09651E-5 1.30154E-5 1.4718E-5 1.94922E-5 1.73788E-5 1.89401E-5 1.66587E-5 1.63024E-5 1.52144E-5 2.31665E-5 2.08262E-5 2.22881E-5 2.09869E-5 2.24908E-5 2.79817E-5 2.55357E-5 2.29017E-5 2.01205E-5 2.09131E-5 2.07454E-5 1.52964E-5 1.90672E-5 2.28813E-5 2.27853E-5 2.21889E-5 2.28746E-5
1.32318E-5 9.17939E-6 1.2458E-5 2.6405E-5 1.25586E-5 7.70936E-6 1.0227E-5 1.03286E-5 1.05873E-5 1.05123E-5 1.40898E-5 1.93696E-5 1.35135E-5 1.05195E-5 5.66398E-6 3.73018E-5 4.32411E-6 8.26625E-6 7.05136E-6 1.39976E-5 1.60028E-5 7.78265E-6 2.57786E-5 1.14327E-5 6.52686E-6 6.96624E-6 6.52657E-6 4.81096E-6 6.51699E-6 6.10424E-6 6.34465E-6 4.89586E-6 7.94739E-6 1.11047E-5 6.05937E-6 1.00977E-5 1.41036E-5 1.89292E-5 1.61254E-5 1.81169E-5 1.80675E-5 1.57814E-5 1.50487E-5 1.55683E-5 1.78456E-5 2.033E-5 2.37245E-5 2.40866E-5 2.55046E-5 2.27163E-5 2.09641E-5 2.23226E-5 2.3307E-5 1.57318E-5 1.82976E-5 1.70355E-5 2.08253E-5 1.85976E-5 2.17746E-5 2.87864E-5 1.99843E-5
1.01928E-5 7.93373E-6 7.05949E-6 1.23364E-5 1.02321E-5 6.53995E-6 4.12519E-6 6.14921E-6 1.17502E-5 1.1177E-5 2.83767E-5 2.54482E-5 1.7355E-5 6.77475E-6 3.97039E-6 7.44524E-6 1.57025E-5 9.77905E-6 8.76981E-6 1.70448E-5 9.95448E-6 1.31931E-5 1.06074E-5 1.13728E-5 1.18686E-5 9.57209E-6 1.07075E-5 7.35773E-6 4.42785E-6 4.1661E-6 4.8036E-6 5.48041E-6 5.51906E-6 9.80896E-6 5.8841E-6 5.55655E-6 1.37656E-5 2.04711E-5 1.62308E-5 1.74832E-5 1.81948E-5 1.92235E-5 1.57583E-5 1.67426E-5 1.52193E-5 1.82207E-5 1.79105E-5 2.39444E-5 2.53563E-5 1.69031E-5 1.33068E-5 2.24532E-5 2.51106E-5 1.62633E-5 1.57474E-5 1.72473E-5 2.04471E-5 2.29911E-5 2.25892E-5 2.05999E-5 1.93462E-5
8.37809E-6 1.94884E-5 4.57331E-6 8.18443E-6 8.56391E-6 5.71137E-6 7.574E-6 6.64938E-6 9.54516E-6 2.39082E-5 1.31579E-5 3.09243E-5 1.68115E-5 1.18062E-5 1.50789E-5 9.79824E-6 7.82078E-6 7.80509E-6 1.09508E-5 3.29172E-5 9.63843E-6 1.01249E-5 1.7997E-5 9.54899E-6 1.23013E-5 1.09772E-5 8.69225E-6 5.233E-6 3.96945E-6 3.62351E-6 3.60616E-6 3.91257E-6 1.00019E-5 6.60367E-6 4.67656E-6 7.37245E-6 1.94522E-5 1.4618E-5 2.09748E-5 1.70187E-5 1.92306E-5 1.96623E-5 1.84519E-5 1.72795E-5 1.57962E-5 2.13448E-5 1.69394E-5 1.85657E-5 2.13809E-5 2.1016E-5 1.93351E-5 2.4007E-5 2.03112E-5 1.93695E-5 2.07729E-5 1.73257E-5 2.53425E-5 2.66704E-5 2.05529E-5 1.97294E-5 2.07825E-5
1.12989E-5 1.4382E-5 5.94469E-6 1.01024E-5 8.78512E-6 2.46128E-6 5.35165E-6 4.48452E-6 9.77695E-6 2.00306E-5 1.2332E-5 1.99777E-5 1.26589E-5 6.52825E-6 1.14767E-5 8.4882E-6 1.48377E-5 1.8237E-5 1.5269E-5 1.82937E-5 1.84986E-5 9.28959E-6 7.73491E-6 1.45276E-5 1.04142E-5 9.4806E-6 6.04928E-6 4.00286E-6 4.7201E-6 4.55507E-6 6.28654E-6 7.75528E-6 6.29773E-6 7.17044E-6 6.77116E-6 2.48182E-5 1.89806E-5 1.97995E-5 2.16317E-5 1.88877E-5 1.81232E-5 1.69569E-5 1.98068E-5 1.91225E-5 1.9126E-5 1.80706E-5 1.75299E-5 1.84939E-5 2.21241E-5 1.30223E-5 1.19726E-5 1.90204E-5 1.38947E-5 2.35458E-5 1.85492E-5 2.59784E-5 2.38425E-5 2.26168E-5 1.45555E-5 2.41193E-5 2.04534E-5
2.72563E-6 3.3717E-6 5.06357E-6 4.86964E-6 5.30156E-6 3.51316E-6 5.3472E-6 5.84461E-6 1.72337E-5 6.16873E-6 1.76003E-5 1.56159E-5 7.14512E-6 9.92293E-6 1.60235E-5 5.82245E-6 1.06107E-5 1.49852E-5 1.82562E-5 1.8676E-5 1.09786E-5 7.79852E-6 1.45256E-5 6.24085E-6 1.59776E-5 9.87814E-6 9.97784E-6 8.07356E-6 6.53711E-6 3.49129E-6 5.09009E-6 5.16924E-6 7.93877E-6 9.5415E-6 1.53004E-5 1.859E-5 2.23309E-5 1.73996E-5 1.72301E-5 1.86031E-5 1.73416E-5 1.89219E-5 1.94874E-5 1.87006E-5 2.24935E-5 1.78556E-5 2.02831E-5 2.34249E-5 1.99497E-5 1.49749E-5 2.33872E-5 1.94037E-5 2.18197E-5 2.00541E-5 2.15693E-5 2.02243E-5 1.56947E-5 2.03526E-5 2.0446E-5 1.9088E-5 2.484E-5
4.89642E-6 9.41066E-6 6.1788E-6 3.65292E-6 7.74985E-6 4.01259E-6 3.41021E-6 9.05343E-6 6.69205E-6 1.92955E-5 1.32185E-5 1.01848E-5 1.13488E-5 1.81536E-5 1.09771E-5 1.12932E-5 2.18005E-5 1.12653E-5 1.27811E-5 1.23439E-5 1.38423E-5 1.40837E-5 1.81628E-5 1.58371E-5 2.43709E-5 1.02078E-5 1.15603E-5 6.01616E-6 7.13042E-6 3.47258E-6 3.88809E-6 6.68898E-6 7.42892E-6 8.47448E-6 1.69432E-5 1.7148E-5 1.75052E-5 2.32435E-5 1.62431E-5 1.55215E-5 1.41104E-5 1.5067E-5 1.97935E-5 2.1606E-5 2.11347E-5 2.19043E-5 2.38162E-5 2.76137E-5 2.58053E-5 1.78799E-5 2.08888E-5 2.18166E-5 2.322E-5 2.02746E-5 1.92081E-5 2.1283E-5 2.02959E-5 1.10916E-5 9.30833E-6 1.30438E-5 1.9215E-5
6.51408E-6 6.01453E-6 6.61737E-6 5.39918E-6 2.99768E-6 1.24226E-5 1.38015E-5 1.25638E-5 7.89242E-6 1.06015E-5 1.25473E-5 1.7647E-5 1.4245E-5 1.27994E-5 8.79571E-6 9.29775E-6 1.41218E-5 1.21585E-5 1.19632E-5 1.39984E-5 1.10051E-5 1.33799E-5 1.44673E-5 8.39844E-6 9.73716E-6 1.26593E-5 1.19909E-5 6.7375E-6 9.23662E-6 4.05886E-6 6.04622E-6 7.21012E-6 7.22439E-6 6.99164E-6 2.02628E-5 2.90026E-5 1.7326E-5 1.92686E-5 1.50438E-5 1.42416E-5 2.13626E-5 1.59493E-5 1.74315E-5 1.94802E-5 2.25016E-5 2.23439E-5 2.29797E-5 2.46507E-5 2.36915E-5 2.12901E-5 2.30211E-5 2.01352E-5 1.49083E-5 1.99009E-5 1.84734E-5 1.5443E-5 9.74454E-6 9.33787E-6 8.36957E-6 9.56615E-6 7.68561E-6
9.81245E-6 2.14773E-5 8.28679E-6 1.57838E-5 4.26198E-6 6.72677E-6 1.65795E-5 8.18289E-6 9.35546E-6 6.81008E-6 1.27034E-5 1.18821E-5 1.22084E-5 1.09918E-5 9.28389E-6 9.5423E-6 1.28802E-5 8.95198E-6 7.32589E-6 1.65719E-5 2.02109E-5 1.26038E-5 8.20384E-6 1.01485E-5 9.78892E-6 1.04888E-5 4.41188E-6 1.23422E-5 7.69795E-6 4.86182E-6 3.38569E-6 1.02352E-5 8.48622E-6 1.16097E-5 1.61617E-5 1.73449E-5 1.87191E-5 1.35675E-5 1.57243E-5 1.50066E-5 1.65754E-5 1.56872E-5 1.54278E-5 1.78984E-5 2.11835E-5 2.30549E-5 2.24434E-5 2.50616E-5 2.71703E-5 2.24345E-5 2.57675E-5 2.41347E-5 1.81371E-5 1.74309E-5 1.41524E-5 1.99558E-5 1.47219E-5 1.3694E-5 1.37026E-5 1.12662E-5 8.48124E-6
2.00389E-5 2.07986E-5 7.38011E-6 1.00665E-5 5.07314E-6 7.37978E-6 9.06485E-6 6.76321E-6 1.1148E-5 1.10004E-5 1.462E-5 1.28857E-5 7.35992E-6 1.75092E-5 1.58565E-5 1.36709E-5 1.30472E-5 8.4689E-6 1.22555E-5 1.35736E-5 1.52761E-5 7.79444E-6 7.11208E-6 5.64051E-6 7.52017E-6 8.0785E-6 8.70925E-6 8.27508E-6 5.2418E-6 4.7851E-6 5.19037E-6 8.11755E-6 8.1409E-6 2.10937E-5 1.95019E-5 2.44299E-5 1.82596E-5 1.42219E-5 1.62913E-5 1.68701E-5 1.59325E-5 1.49714E-5 1.54029E-5 2.14093E-5 2.17397E-5 2.37547E-5 2.36973E-5 2.45047E-5 2.54768E-5 2.65807E-5 2.56996E-5 2.11851E-5 3.16827E-5 1.82271E-5 1.61013E-5 1.58767E-5 1.41386E-5 1.43784E-5 1.59534E-5 1.00882E-5 1.04882E-5
1.05447E-5 1.01896E-5 6.86687E-6 5.11001E-6 6.55794E-6 5.6691E-6 9.88393E-6 9.81772E-6 8.90405E-6 6.88372E-6 1.15201E-5 1.04654E-5 1.12533E-5 1.52948E-5 3.05779E-5 9.50255E-6 1.05217E-5 9.79049E-6 9.17867E-6 1.26454E-5 1.24058E-5 7.35204E-6 8.2455E-6 7.06314E-6 8.11706E-6 6.17785E-6 6.81703E-6 7.22697E-6 3.43564E-5 1.94598E-5 7.8822E-6 1.17222E-5 2.1891E-5 2.07467E-5 1.58076E-5 2.05913E-5 1.83687E-5 1.51359E-5 1.64776E-5 1.77662E-5 1.71125E-5 1.63273E-5 1.93479E-5 2.13935E-5 2.06852E-5 2.20726E-5 2.35572E-5 2.2399E-5 2.57377E-5 2.70259E-5 2.95551E-5 1.89021E-5 1.92727E-5 2.02625E-5 1.60358E-5 9.89288E-6 1.04872E-5 1.90237E-5 2.51594E-5 1.53022E-5 1.23745E-5
1.1633E-5 1.18394E-5 1.15725E-5 7.24297E-6 3.37871E-5 2.63892E-5 1.0155E-5 1.10898E-5 7.63064E-6 1.28754E-5 1.19036E-5 1.03043E-5 1.10685E-5 9.11127E-6 1.14909E-5 6.55241E-6 1.10101E-5 9.2106E-6 9.08304E-6 9.8487E-6 8.10594E-6 7.49243E-6 6.67291E-6 7.81092E-6 9.45339E-6 7.15793E-6 1.97068E-5 1.74818E-5 8.58032E-6 1.13169E-5 9.23842E-6 1.64145E-5 2.08308E-5 1.70954E-5 1.75745E-5 1.69475E-5 1.34782E-5 1.78441E-5 1.90815E-5 1.85602E-5 2.04803E-5 1.92724E-5 2.26974E-5 2.142E-5 2.15453E-5 2.41886E-5 2.34818E-5 2.75858E-5 2.69857E-5 2.76016E-5 3.19458E-5 2.82406E-5 2.43807E-5 2.20438E-5 2.71689E-5 2.11037E-5 2.0778E-5 2.15163E-5 1.61779E-5 1.54866E-5 1.39559E-5
1.33939E-5 1.6714E-5 1.49062E-5 1.07875E-5 1.09743E-5 1.07546E-5 1.76334E-5 9.95073E-6 9.08705E-6 9.6802E-6 1.15005E-5 7.22124E-6 1.08855E-5 8.83202E-6 8.94484E-6 7.43485E-6 7.89452E-6 1.0292E-5 1.07225E-5 7.67398E-6 6.59301E-6 7.16355E-6 9.29178E-6 6.64909E-6 7.24405E-6 9.40866E-6 8.04673E-6 6.91954E-6 8.56817E-6 1.01701E-5 1.37523E-5 1.84002E-5 2.39177E-5 2.53043E-5 1.97635E-5 1.54307E-5 1.86386E-5 1.70319E-5 2.09444E-5 2.0744E-5 2.24766E-5 2.11039E-5 2.0597E-5 2.20056E-5 2.20677E-5 3.74928E-5 2.47757E-5 2.58678E-5 2.80604E-5 2.97408E-5 3.2361E-5 2.99457E-5 2.94732E-5 2.69528E-5 2.75846E-5 3.11857E-5 3.08558E-5 2.55305E-5 2.1017E-5 2.05515E-5 2.13877E-5
1.65323E-5 1.77525E-5 1.98888E-5 1.71987E-5 1.94099E-5 1.565E-5 1.23483E-5 6.73817E-6 1.12157E-5 1.25371E-5 1.09225E-5 1.19052E-5 1.07244E-5 7.45258E-6 8.8075E-6 8.64575E-6 1.14744E-5 9.38106E-6 8.88746E-6 9.49662E-6 6.08478E-6 5.50264E-6 7.96692E-6 7.54585E-6 5.41306E-6 6.42754E-6 8.32625E-6 6.1502E-6 8.0272E-6 8.07492E-6 1.12888E-5 1.1943E-5 2.87067E-5 1.60007E-5 2.94326E-5 2.16539E-5 2.055E-5 2.08979E-5 2.39602E-5 2.57542E-5 2.63956E-5 2.24046E-5 2.22382E-5 1.89146E-5 2.70159E-5 2.54787E-5 2.34806E-5 2.20138E-5 2.6355E-5 2.89777E-5 3.13238E-5 3.21013E-5 2.99027E-5 2.49697E-5 3.07062E-5 3.86978E-5 4.31928E-5 3.68773E-5 3.35785E-5 3.32613E-5 3.28709E-5
1.48859E-5 1.76997E-5 2.30103E-5 1.83906E-5 1.63285E-5 1.5515E-5 1.41756E-5 2.05354E-5 1.17258E-5 1.53434E-5 1.09729E-5 1.56096E-5 1.21999E-5 1.03603E-5 5.20364E-6 6.54423E-6 1.35508E-5 1.0572E-5 2.25031E-5 3.42348E-5 8.45731E-6 5.48304E-6 9.49027E-6 7.28911E-6 7.5153E-6 5.55529E-6 5.1544E-6 3.14132E-6 5.91781E-6 1.20433E-5 1.00969E-5 1.27758E-5 2.18923E-5 2.44619E-5 2.91673E-5 2.18821E-5 2.60801E-5 2.30423E-5 2.74827E-5 2.31358E-5 2.6527E-5 2.54537E-5 3.60597E-5 2.69111E-5 2.77837E-5 2.44418E-5 2.36948E-5 2.29353E-5 2.60089E-5 2.92365E-5 2.95853E-5 3.29362E-5 3.77678E-5 3.82001E-5 3.28238E-5 4.95445E-5 3.65451E-5 3.79621E-5 4.64752E-5 4.74207E-5 4.73175E-5
1.57578E-5 1.77791E-5 2.1677E-5 1.70107E-5 1.54168E-5 1.74583E-5 1.91734E-5 1.4203E-5 1.67609E-5 1.9195E-5 1.18459E-5 1.2826E-5 1.18693E-5 8.46064E-6 7.43928E-6 6.86776E-6 8.05723E-6 1.11766E-5 3.37969E-5 1.50122E-5 6.30947E-6 6.89718E-6 1.0153E-5 7.33436E-6 8.66004E-6 5.93586E-6 2.91986E-6 6.99113E-6 9.01881E-6 7.58185E-6 1.85806E-5 8.18497E-6 2.70813E-5 2.80123E-5 2.62315E-5 2.4365E-5 2.47357E-5 2.31927E-5 2.16747E-5 2.08221E-5 2.01601E-5 2.21607E-5 2.0645E-5 2.20022E-5 2.3837E-5 2.17058E-5 2.53957E-5 2.38761E-5 2.75539E-5 2.95892E-5 2.92781E-5 3.25019E-5 3.70291E-5 3.51046E-5 4.32235E-5 4.62029E-5 5.00753E-5 4.04302E-5 4.55164E-5 5.40904E-5 5.99272E-5
1.6389E-5 1.63149E-5 1.25732E-5 1.48132E-5 1.50886E-5 1.9388E-5 1.79425E-5 1.79905E-5 1.87622E-5 2.01613E-5 1.33604E-5 1.36579E-5 1.54088E-5 1.833E-5 8.22475E-6 1.18762E-5 1.71346E-5 2.64522E-5 1.88419E-5 8.92543E-6 7.45408E-6 8.03204E-6 1.11554E-5 8.01069E-6 7.18346E-6 4.75506E-6 5.66637E-6 5.26878E-6 1.09878E-5 5.26048E-6 1.80824E-5 3.19648E-5 2.62831E-5 2.33627E-5 2.77717E-5 2.29597E-5 2.19836E-5 2.10174E-5 2.03091E-5 2.04851E-5 1.98069E-5 2.12887E-5 2.24379E-5 2.29774E-5 2.36784E-5 2.35179E-5 2.45143E-5 2.42897E-5 3.04753E-5 3.30279E-5 3.01478E-5 3.08456E-5 3.69631E-5 4.51051E-5 4.98056E-5 3.75863E-5 4.43942E-5 5.24822E-5 5.03704E-5 4.24232E-5 4.20597E-5
1.72577E-5 1.28091E-5 1.32736E-5 1.34738E-5 1.44834E-5 1.88927E-5 1.9083E-5 2.00541E-5 1.7173E-5 2.12421E-5 1.76866E-5 1.51813E-5 1.62349E-5 2.41664E-5 1.01853E-5 1.44828E-5 3.71441E-5 3.19876E-5 7.57468E-6 1.97284E-5 1.3513E-5 1.20376E-5 1.27313E-5 1.15511E-5 1.0717E-5 4.85812E-6 6.77734E-6 6.80113E-6 1.06795E-5 1.07933E-5 2.08549E-5 3.1712E-5 2.28921E-5 2.49303E-5 2.10779E-5 2.02649E-5 2.1568E-5 2.42897E-5 1.98331E-5 2.04976E-5 2.18003E-5 1.88652E-5 1.98641E-5 2.11366E-5 2.32079E-5 2.39507E-5 2.68307E-5 2.6343E-5 2.41919E-5 2.70444E-5 3.16843E-5 3.31756E-5 3.29194E-5 3.57858E-5 5.50211E-5 5.78961E-5 5.49002E-5 5.63646E-5 5.42401E-5 5.1704E-5 4.52715E-5
1.247E-5 1.47261E-5 1.58995E-5 1.45194E-5 1.52253E-5 1.64475E-5 2.35033E-5 2.17583E-5 5.07296E-5 4.06731E-5 1.51544E-5 2.65843E-5 2.73059E-5 1.09023E-5 8.51655E-6 1.29798E-5 2.47835E-5 1.78861E-5 8.13555E-6 1.12776E-5 1.04884E-5 1.97472E-5 1.56474E-5 9.87607E-6 1.18738E-5 7.30325E-6 6.35016E-6 9.52423E-6 1.38667E-5 1.01515E-5 1.84026E-5 2.6059E-5 2.45041E-5 2.79393E-5 2.08262E-5 1.92085E-5 1.9494E-5 1.96368E-5 2.04014E-5 1.81241E-5 1.98856E-5 2.16442E-5 2.04292E-5 2.20681E-5 2.26366E-5 2.27719E-5 2.27596E-5 2.50531E-5 2.61379E-5 2.64835E-5 3.22863E-5 3.10968E-5 3.28394E-5 3.76581E-5 3.91264E-5 4.1622E-5 4.16052E-5 4.99135E-5 6.10016E-5 6.17736E-5 4.00836E-5
1.79406E-5 1.32013E-5 1.24672E-5 1.69425E-5 1.67702E-5 1.74779E-5 1.85036E-5 2.37305E-5 3.95115E-5 5.50336E-5 4.80504E-5 6.58881E-5 1.59513E-5 1.14092E-5 1.33492E-5 1.06587E-5 7.35662E-6 6.47719E-6 4.96958E-6 6.78272E-6 1.55996E-5 1.35279E-5 1.98429E-5 1.24612E-5 1.00316E-5 6.50441E-6 1.39089E-5 1.28055E-5 1.60475E-5 1.0204E-5 2.24901E-5 2.14125E-5 2.25926E-5 2.20745E-5 2.04918E-5 2.07679E-5 1.95389E-5 1.3899E-5 1.57833E-5 1.89469E-5 1.82414E-5 1.77776E-5 1.65404E-5 1.99996E-5 2.33283E-5 2.35331E-5 2.50978E-5 2.53178E-5 2.59392E-5 2.63779E-5 2.66352E-5 2.7463E-5 4.78741E-5 5.01681E-5 3.81253E-5 3.77168E-5 3.87338E-5 3.9568E-5 3.93183E-5 4.32332E-5 4.34102E-5
5.34069E-5 3.86082E-5 1.39785E-5 1.37373E-5 1.86594E-5 1.31938E-5 2.31042E-5 1.63489E-5 2.38164E-5 4.69232E-5 3.69387E-5 1.19069E-5 9.25652E-6 1.25063E-5 1.05074E-5 1.18279E-5 8.8738E-6 5.58745E-6 5.34971E-6 7.25788E-6 1.49854E-5 1.74925E-5 2.11914E-5 1.37652E-5 8.71585E-6 1.14153E-5 1.17383E-5 1.85362E-5 1.68214E-5 2.07726E-5 2.24276E-5 2.38116E-5 2.16712E-5 2.00218E-5 2.21559E-5 1.92981E-5 1.66879E-5 2.08743E-5 1.72392E-5 1.8416E-5 1.92938E-5 1.92718E-5 2.09421E-5 1.90845E-5 2.26031E-5 2.31183E-5 2.4765E-5 2.76107E-5 2.54306E-5 2.76321E-5 3.06598E-5 3.20839E-5 3.05031E-5 3.02225E-5 3.18284E-5 3.98987E-5 4.48128E-5 4.40792E-5 5.79421E-5 6.06438E-5 6.14914E-5
1.16259E-5 1.12976E-5 1.47383E-5 1.54893E-5 1.57763E-5 1.55022E-5 2.11741E-5 2.42216E-5 2.11481E-5 1.94796E-5 1.14626E-5 9.49863E-6 1.36815E-5 1.02829E-5 8.63551E-6 6.86916E-6 5.63185E-6 6.29217E-6 6.80934E-6 8.66482E-6 1.8101E-5 1.72159E-5 2.06845E-5 1.38556E-5 7.04442E-6 8.86991E-6 7.9503E-6 1.98647E-5 2.13539E-5 1.91148E-5 3.47829E-5 2.22184E-5 2.27984E-5 2.01022E-5 1.98704E-5 1.9667E-5 1.92999E-5 1.8901E-5 1.79524E-5 1.88503E-5 2.06539E-5 1.96337E-5 1.93111E-5 1.67185E-5 2.05976E-5 2.33272E-5 2.38811E-5 2.52977E-5 2.76646E-5 2.767E-5 2.89815E-5 2.92961E-5 3.10477E-5 3.38035E-5 2.72559E-5 2.73864E-5 2.74707E-5 3.60892E-5 6.02916E-5 3.71175E-5 4.73156E-5
1.32631E-5 1.71133E-5 1.84246E-5 1.63344E-5 1.92308E-5 2.11097E-5 2.33041E-5 3.31578E-5 2.81544E-5 2.00177E-5 1.66865E-5 1.44842E-5 1.03637E-5 8.19594E-6 6.41709E-6 4.3973E-6 5.16535E-6 5.49962E-6 5.69239E-6 1.12955E-5 1.04044E-5 1.78575E-5 1.30032E-5 1.01542E-5 1.50889E-5 1.55418E-5 1.61174E-5 1.94183E-5 1.97986E-5 2.05906E-5 3.04566E-5 2.42511E-5 2.31542E-5 2.16772E-5 2.07863E-5 1.97735E-5 1.88868E-5 1.80261E-5 1.84126E-5 1.95226E-5 2.63249E-5 2.08621E-5 2.18431E-5 1.34865E-5 2.13625E-5 2.65998E-5 2.70049E-5 2.56043E-5 2.67406E-5 2.77688E-5 2.99272E-5 2.8375E-5 3.04635E-5 3.21866E-5 3.0764E-5 3.08956E-5 3.22761E-5 3.46769E-5 3.76144E-5 6.67897E-5 5.16879E-5
1.54251E-5 2.38118E-5 1.8687E-5 1.77477E-5 2.1576E-5 2.63535E-5 2.01807E-5 3.08732E-5 4.14129E-5 2.12056E-5 1.84581E-5 8.92508E-6 1.23464E-5 7.57348E-6 4.96681E-6 4.53217E-6 5.04596E-6 9.39608E-6 1.03386E-5 1.19547E-5 1.22501E-5 2.15199E-5 1.99241E-5 1.75549E-5 1.6032E-5 1.31499E-5 2.68802E-5 2.08533E-5 2.16635E-5 2.17797E-5 2.4958E-5 2.15376E-5 2.27693E-5 2.21496E-5 2.001E-5 2.02224E-5 2.02376E-5 2.03572E-5 2.20794E-5 3.64958E-5 3.11201E-5 2.03206E-5 1.56488E-5 1.33939E-5 2.37537E-5 2.51046E-5 2.23523E-5 2.66585E-5 2.56065E-5 2.86282E-5 3.22089E-5 2.90205E-5 2.96666E-5 3.08443E-5 3.14519E-5 3.36847E-5 3.53395E-5 3.34909E-5 3.38951E-5 3.59356E-5 4.43526E-5
1.76001E-5 2.13646E-5 1.55371E-5 1.99098E-5 2.73271E-5 2.78797E-5 2.56528E-5 2.45458E-5 2.29071E-5 1.75574E-5 1.98512E-5 1.76137E-5 1.06379E-5 6.28825E-6 5.59988E-6 5.56613E-6 7.66393E-6 4.69651E-5 2.46134E-5 1.28818E-5 1.72509E-5 1.10466E-5 1.36368E-5 1.59918E-5 1.54653E-5 1.99301E-5 2.10895E-5 2.71525E-5 2.25623E-5 1.90033E-5 2.25963E-5 2.2481E-5 2.41483E-5 2.10011E-5 2.04015E-5 1.92419E-5 1.87534E-5 2.14455E-5 1.87189E-5 2.30818E-5 1.78748E-5 1.95737E-5 1.48435E-5 2.0224E-5 2.32927E-5 3.16986E-5 1.5272E-5 2.06981E-5 2.4011E-5 2.50797E-5 2.35598E-5 2.3791E-5 2.94426E-5 3.20759E-5 2.84417E-5 3.10079E-5 3.96662E-5 3.51606E-5 3.86981E-5 3.93982E-5 3.84404E-5
2.37037E-5 1.89313E-5 1.64385E-5 3.24169E-5 3.18736E-5 2.16258E-5 2.53336E-5 2.65379E-5 2.12095E-5 1.22328E-5 2.15075E-5 1.8611E-5 1.63501E-5 1.33565E-5 9.43373E-6 8.68264E-6 1.23294E-5 5.79473E-5 8.33911E-6 1.17449E-5 1.99983E-5 1.68232E-5 1.7223E-5 2.07881E-5 2.41267E-5 1.97296E-5 2.09959E-5 2.63707E-5 1.76557E-5 1.73433E-5 2.11404E-5 2.27286E-5 2.3416E-5 2.18523E-5 2.12751E-5 2.14214E-5 2.12965E-5 2.11418E-5 2.1393E-5 2.20094E-5 2.27869E-5 2.04398E-5 2.38412E-5 2.51735E-5 2.09661E-5 1.81847E-5 2.04916E-5 2.08877E-5 2.34992E-5 2.34645E-5 2.69477E-5 2.48734E-5 2.85808E-5 3.40246E-5 3.50321E-5 3.26E-5 3.21854E-5 3.34577E-5 3.74304E-5 3.35404E-5 4.05549E-5
