Candidate_Models_July82022/M_0.3_F_lqp_Set_1_all/Bison.asc
ncols         290
nrows         380
xllcorner     -2197417.7431653
yllcorner     -584827.01486885
cellsize      10000.0
NODATA_value  -9999
[rows 81 to 107 of 380, columns 183 to 243 of 290]
5.65319E-7 8.74608E-7 1.10068E-6 1.0201E-6 6.03677E-7 6.1061E-7 6.63967E-7 4.73427E-7 4.5738E-7 4.44767E-7 4.42086E-7 4.14327E-7 3.91482E-7 3.94142E-7 4.48226E-7 4.35434E-7 4.28605E-7 3.99421E-7 3.77522E-7 4.09623E-7 4.11632E-7 3.66633E-7 3.65637E-7 3.63368E-7 3.01513E-7 2.89694E-7 3.1144E-7 2.73614E-7 2.69757E-7 2.41519E-7 2.37958E-7 2.43934E-7 2.28644E-7 2.29551E-7 2.27059E-7 2.07131E-7 2.12517E-7 1.89168E-7 1.80643E-7 1.69414E-7 1.78777E-7 1.58645E-7 1.49929E-7 1.49197E-7 1.39664E-7 1.32003E-7 1.27096E-7 1.22698E-7 1.10333E-7 1.08348E-7 1.19066E-7 1.20455E-7 1.29285E-7 1.28881E-7 1.24209E-7 1.35739E-7 1.26203E-7 1.36635E-7 1.04853E-7 7.07207E-8 6.34828E-8
5.5303E-7 7.40007E-7 9.48449E-7 -9999 5.74009E-7 6.55989E-7 5.31097E-7 4.93082E-7 4.48608E-7 4.21141E-7 4.46624E-7 4.05913E-7 3.94222E-7 4.08896E-7 4.5044E-7 4.42294E-7 4.15254E-7 4.34211E-7 4.0236E-7 4.05297E-7 3.96485E-7 3.50388E-7 3.54146E-7 3.3548E-7 3.21684E-7 3.08053E-7 3.1819E-7 2.81042E-7 2.37393E-7 2.32244E-7 2.42616E-7 2.66636E-7 2.42125E-7 2.24155E-7 2.08643E-7 2.03558E-7 1.87372E-7 1.98142E-7 1.89267E-7 1.65761E-7 1.71112E-7 1.63863E-7 1.5103E-7 1.48701E-7 1.35576E-7 1.34427E-7 1.38719E-7 1.18136E-7 1.28874E-7 1.21387E-7 1.27506E-7 1.28949E-7 1.40092E-7 1.26574E-7 1.24044E-7 1.35915E-7 1.29724E-7 1.28695E-7 1.11571E-7 7.80671E-8 6.18057E-8
4.75556E-7 6.63006E-7 8.91405E-7 8.88501E-7 6.09743E-7 5.19726E-7 4.72601E-7 4.56319E-7 4.43073E-7 4.26483E-7 3.9251E-7 4.22765E-7 4.06586E-7 4.3874E-7 4.4644E-7 4.57552E-7 4.10356E-7 4.09512E-7 4.3475E-7 3.80449E-7 3.57547E-7 3.23837E-7 3.49034E-7 3.43331E-7 3.22337E-7 3.14851E-7 2.97435E-7 2.90962E-7 2.47718E-7 2.3747E-7 2.61836E-7 2.27065E-7 2.46415E-7 2.26013E-7 2.1161E-7 1.90651E-7 1.84328E-7 1.87597E-7 1.86162E-7 1.70579E-7 1.49113E-7 1.62811E-7 1.6193E-7 1.61353E-7 1.46844E-7 1.42481E-7 1.32563E-7 1.31454E-7 1.28233E-7 1.31273E-7 1.29746E-7 1.29241E-7 1.40749E-7 1.26714E-7 1.47154E-7 1.2865E-7 1.11365E-7 1.29133E-7 1.11569E-7 1.04922E-7 7.17841E-8
4.19954E-7 4.95393E-7 9.1202E-7 9.89508E-7 9.22588E-7 5.49842E-7 4.94992E-7 4.76774E-7 4.63012E-7 4.25302E-7 4.12352E-7 4.1213E-7 4.6763E-7 4.73506E-7 4.59484E-7 4.28709E-7 3.91277E-7 3.71258E-7 3.93262E-7 3.54911E-7 3.62155E-7 3.37045E-7 3.40188E-7 4.03164E-7 3.25508E-7 3.22867E-7 2.77439E-7 2.90173E-7 2.69198E-7 2.42775E-7 3.18632E-7 2.57791E-7 2.55274E-7 2.49761E-7 2.28524E-7 2.08622E-7 1.75491E-7 1.80366E-7 1.87596E-7 1.90042E-7 1.78642E-7 1.82256E-7 1.79993E-7 1.64687E-7 1.50699E-7 1.46788E-7 1.36362E-7 1.34225E-7 1.44735E-7 1.35097E-7 1.2735E-7 1.36193E-7 1.47984E-7 1.43639E-7 1.10588E-7 1.40345E-7 1.19441E-7 1.09951E-7 1.16728E-7 1.14205E-7 7.52006E-8
4.40591E-7 5.04006E-7 5.51191E-7 8.05067E-7 9.0471E-7 6.63507E-7 5.54225E-7 5.85649E-7 4.75169E-7 3.92356E-7 4.30423E-7 4.03598E-7 4.8325E-7 4.05939E-7 4.18472E-7 4.3516E-7 4.04371E-7 3.91646E-7 3.81141E-7 3.71633E-7 3.64855E-7 3.67034E-7 3.82643E-7 3.79267E-7 3.48471E-7 3.33961E-7 3.16572E-7 2.98745E-7 3.03219E-7 2.65631E-7 3.22158E-7 2.80534E-7 2.74896E-7 2.38653E-7 2.39359E-7 2.10244E-7 1.76218E-7 1.87982E-7 1.93513E-7 2.02882E-7 1.81927E-7 1.87535E-7 1.71134E-7 1.62495E-7 1.61858E-7 1.51233E-7 1.43994E-7 1.45408E-7 1.42551E-7 1.43784E-7 1.48589E-7 1.55078E-7 1.23887E-7 1.22592E-7 1.19602E-7 1.28934E-7 9.4985E-8 1.04253E-7 1.04736E-7 1.06357E-7 6.45386E-8
4.92034E-7 5.31561E-7 5.39667E-7 6.44515E-7 6.9671E-7 8.44039E-7 5.21091E-7 5.68205E-7 -9999 -9999 4.57401E-7 4.49061E-7 4.7794E-7 4.62602E-7 4.27702E-7 4.10942E-7 4.34417E-7 4.15721E-7 4.02978E-7 3.91521E-7 4.17114E-7 3.92936E-7 3.72709E-7 3.91032E-7 4.37369E-7 3.73102E-7 3.27416E-7 3.17543E-7 3.15038E-7 2.83027E-7 2.93324E-7 3.06435E-7 2.78065E-7 2.67931E-7 2.38451E-7 2.14127E-7 2.2213E-7 2.02961E-7 2.06853E-7 2.08475E-7 1.98222E-7 1.93938E-7 1.91509E-7 1.64527E-7 1.7165E-7 1.58722E-7 1.64175E-7 1.56976E-7 1.33425E-7 1.42207E-7 1.40966E-7 1.32991E-7 1.21977E-7 1.29E-7 1.61764E-7 1.11538E-7 1.14412E-7 9.17201E-8 9.8494E-8 7.9307E-8 7.72042E-8
5.06206E-7 5.4463E-7 4.39689E-7 6.33775E-7 7.09838E-7 7.96183E-7 5.92731E-7 5.75983E-7 5.10473E-7 5.04508E-7 5.20073E-7 4.91035E-7 -9999 4.40378E-7 4.07584E-7 4.38786E-7 4.26608E-7 3.977E-7 3.88479E-7 3.88478E-7 4.05027E-7 4.05089E-7 4.02036E-7 3.71429E-7 3.99565E-7 4.31583E-7 3.49044E-7 3.21405E-7 3.26128E-7 3.87374E-7 2.96348E-7 4.55721E-7 2.99165E-7 2.56111E-7 2.6155E-7 2.68981E-7 2.54162E-7 2.1428E-7 2.19205E-7 2.17392E-7 2.01195E-7 2.11559E-7 1.79212E-7 1.79324E-7 1.69773E-7 1.79282E-7 1.59801E-7 1.63807E-7 1.4918E-7 1.52411E-7 1.82175E-7 1.51163E-7 1.40091E-7 1.50952E-7 1.20957E-7 1.19384E-7 1.10739E-7 1.18201E-7 9.47212E-8 7.59189E-8 8.01645E-8
5.28771E-7 5.66245E-7 5.97951E-7 5.52882E-7 5.58214E-7 6.88671E-7 6.2705E-7 5.8462E-7 5.09879E-7 4.89789E-7 5.06832E-7 5.39727E-7 5.74586E-7 4.52699E-7 4.35732E-7 4.49587E-7 4.56237E-7 4.03144E-7 4.54263E-7 4.61583E-7 4.46558E-7 4.18807E-7 3.85094E-7 4.43278E-7 3.87186E-7 3.70234E-7 4.0245E-7 3.27035E-7 3.4398E-7 2.71301E-7 3.18516E-7 3.34066E-7 2.83544E-7 2.90493E-7 2.97313E-7 2.79214E-7 2.69376E-7 2.28959E-7 2.26397E-7 2.30914E-7 2.25817E-7 2.15005E-7 2.16786E-7 1.87505E-7 1.88319E-7 1.86975E-7 1.9112E-7 1.80456E-7 1.55525E-7 1.66687E-7 1.53188E-7 1.4946E-7 1.4458E-7 1.21592E-7 1.28957E-7 1.1457E-7 1.29708E-7 1.11268E-7 1.04389E-7 9.45579E-8 8.05697E-8
5.57624E-7 6.35811E-7 6.63763E-7 6.23156E-7 6.56962E-7 7.03386E-7 7.53338E-7 6.16353E-7 5.55482E-7 5.7481E-7 6.26571E-7 5.49206E-7 5.54958E-7 4.77551E-7 4.62439E-7 4.70923E-7 4.36306E-7 4.60174E-7 4.75579E-7 4.70766E-7 4.98778E-7 4.61588E-7 4.31109E-7 4.20453E-7 3.64098E-7 4.01182E-7 3.98023E-7 4.02894E-7 3.69787E-7 3.22302E-7 3.32706E-7 3.1208E-7 3.04013E-7 3.11018E-7 3.07656E-7 3.05965E-7 2.78031E-7 2.54273E-7 2.32887E-7 2.38744E-7 2.24508E-7 2.14813E-7 2.13341E-7 1.97029E-7 1.95187E-7 2.09407E-7 1.84597E-7 1.98506E-7 1.87651E-7 1.7898E-7 1.7596E-7 1.49584E-7 1.41913E-7 1.2674E-7 1.34763E-7 1.2827E-7 1.78424E-7 1.1587E-7 9.23783E-8 8.18457E-8 8.06177E-8
6.22174E-7 6.50546E-7 7.65469E-7 7.01919E-7 7.68706E-7 7.83935E-7 8.47771E-7 6.2617E-7 6.37694E-7 5.99086E-7 5.56119E-7 5.77649E-7 5.39152E-7 4.73425E-7 4.57155E-7 4.95945E-7 4.68E-7 4.65504E-7 4.85915E-7 4.90864E-7 4.89188E-7 4.55621E-7 4.95298E-7 4.38913E-7 4.15843E-7 4.41583E-7 4.69633E-7 4.45181E-7 4.72524E-7 3.67485E-7 3.33718E-7 3.1659E-7 3.07888E-7 3.30643E-7 3.25179E-7 3.20081E-7 3.06373E-7 2.78139E-7 2.49074E-7 1.87455E-7 2.14435E-7 2.20293E-7 2.17638E-7 2.23899E-7 2.28334E-7 2.00043E-7 1.82948E-7 1.8075E-7 1.8662E-7 1.88911E-7 1.9772E-7 1.75826E-7 1.72914E-7 1.31186E-7 1.47422E-7 1.34214E-7 1.22996E-7 1.18801E-7 1.11699E-7 9.3865E-8 8.16427E-8
6.51877E-7 6.96079E-7 7.19852E-7 7.54384E-7 7.35698E-7 7.01008E-7 7.22157E-7 6.68475E-7 6.48169E-7 6.43149E-7 5.87234E-7 5.88602E-7 5.50616E-7 5.47194E-7 4.9669E-7 5.01099E-7 5.05272E-7 4.56965E-7 4.63115E-7 4.72398E-7 5.4994E-7 4.65211E-7 5.4307E-7 5.35266E-7 5.27193E-7 4.65687E-7 4.47198E-7 4.60998E-7 4.08343E-7 4.20984E-7 3.79162E-7 3.36573E-7 3.41124E-7 3.74823E-7 3.30803E-7 2.89714E-7 3.02479E-7 2.82644E-7 2.43625E-7 2.68442E-7 2.47023E-7 2.24757E-7 2.2394E-7 2.11126E-7 2.24442E-7 1.92205E-7 1.93712E-7 1.79415E-7 1.68932E-7 1.7527E-7 1.90168E-7 1.69507E-7 1.58171E-7 1.55668E-7 1.58063E-7 1.35908E-7 1.34477E-7 1.19618E-7 1.05787E-7 1.07304E-7 8.90514E-8
6.96353E-7 7.5599E-7 8.97305E-7 5.59393E-7 7.292E-7 7.11545E-7 6.40742E-7 6.54075E-7 6.51411E-7 5.99925E-7 6.8535E-7 5.97774E-7 5.1474E-7 5.56632E-7 5.13586E-7 5.1623E-7 5.03466E-7 4.7098E-7 4.80782E-7 5.268E-7 5.17491E-7 5.28698E-7 5.25448E-7 5.11109E-7 4.82014E-7 4.85285E-7 4.99765E-7 4.79424E-7 3.80739E-7 3.72559E-7 3.32323E-7 3.3816E-7 4.22514E-7 3.59157E-7 2.87474E-7 3.17162E-7 3.05361E-7 2.90094E-7 2.85784E-7 2.81955E-7 2.21455E-7 2.39596E-7 2.38726E-7 2.25745E-7 2.13927E-7 2.14328E-7 1.97378E-7 1.90988E-7 1.79964E-7 1.74376E-7 1.81836E-7 1.46769E-7 1.54098E-7 1.46786E-7 1.43357E-7 1.60814E-7 1.49534E-7 1.33572E-7 1.19037E-7 1.05996E-7 1.09044E-7
7.3928E-7 8.04207E-7 7.84416E-7 9.22479E-7 7.69797E-7 7.02745E-7 7.38356E-7 7.5699E-7 6.38646E-7 6.91527E-7 6.75671E-7 6.20722E-7 5.4554E-7 5.44288E-7 5.43237E-7 5.44585E-7 5.20299E-7 5.31983E-7 5.45508E-7 5.70745E-7 5.63485E-7 5.61675E-7 5.62952E-7 5.48302E-7 5.68628E-7 5.27091E-7 5.5126E-7 5.35498E-7 4.18109E-7 3.99399E-7 3.29062E-7 3.60604E-7 3.91763E-7 4.41232E-7 2.75583E-7 3.1028E-7 3.05564E-7 2.82064E-7 2.71364E-7 2.75525E-7 2.61963E-7 2.63008E-7 2.22837E-7 2.25415E-7 2.19795E-7 2.1487E-7 1.95531E-7 1.82766E-7 1.8914E-7 1.81123E-7 1.77417E-7 1.8208E-7 1.66388E-7 1.69984E-7 1.45247E-7 1.49917E-7 1.54995E-7 1.42374E-7 1.26112E-7 1.19968E-7 1.14057E-7
8.47556E-7 1.03477E-6 8.09957E-7 7.94281E-7 7.85592E-7 6.91356E-7 7.43339E-7 7.0218E-7 7.0098E-7 6.64487E-7 5.72184E-7 5.88283E-7 5.94353E-7 5.6596E-7 5.66984E-7 5.78552E-7 5.8422E-7 5.49113E-7 5.31147E-7 5.84823E-7 6.01219E-7 6.15769E-7 5.67965E-7 5.46635E-7 5.72071E-7 5.21102E-7 4.92207E-7 5.34666E-7 4.68395E-7 4.43895E-7 3.84592E-7 3.89757E-7 4.22409E-7 3.83503E-7 3.41172E-7 3.35383E-7 3.05635E-7 2.92907E-7 2.82E-7 2.82425E-7 2.57302E-7 2.64232E-7 2.49952E-7 2.41328E-7 2.06374E-7 2.04238E-7 2.02205E-7 1.93608E-7 1.8363E-7 1.80614E-7 1.80912E-7 1.84619E-7 -9999 1.70048E-7 1.56555E-7 1.5104E-7 1.58438E-7 1.39902E-7 1.33074E-7 1.33085E-7 1.33444E-7
7.62077E-7 8.2928E-7 9.50993E-7 9.48633E-7 8.26139E-7 7.90897E-7 7.72772E-7 7.63026E-7 7.05205E-7 6.6049E-7 6.52926E-7 6.19144E-7 6.02967E-7 6.12519E-7 5.9581E-7 5.94403E-7 5.65352E-7 5.66965E-7 6.2316E-7 6.71289E-7 6.18295E-7 6.74309E-7 5.39651E-7 5.25411E-7 5.34617E-7 5.24245E-7 6.00533E-7 4.94957E-7 5.4245E-7 4.30053E-7 4.23342E-7 3.85323E-7 4.25272E-7 3.70729E-7 3.71511E-7 3.49905E-7 3.39742E-7 3.32374E-7 2.82506E-7 2.338E-7 2.60025E-7 2.8803E-7 2.47285E-7 2.32892E-7 2.22373E-7 1.93688E-7 2.6871E-7 2.15561E-7 1.92544E-7 2.15421E-7 1.85317E-7 1.68557E-7 1.83247E-7 1.51287E-7 1.67768E-7 1.4835E-7 1.56135E-7 1.55574E-7 1.36083E-7 1.38306E-7 1.57103E-7
8.94043E-7 9.12724E-7 8.57061E-7 7.94007E-7 7.58778E-7 8.10165E-7 8.56535E-7 7.03738E-7 7.7396E-7 7.29608E-7 6.77761E-7 6.64549E-7 6.94321E-7 6.93318E-7 7.27125E-7 6.04299E-7 6.32699E-7 5.37407E-7 6.43331E-7 6.96716E-7 7.03673E-7 8.17624E-7 5.54741E-7 5.61089E-7 5.4491E-7 5.56634E-7 5.4362E-7 5.099E-7 5.52012E-7 4.73198E-7 4.19812E-7 5.00065E-7 4.27605E-7 3.998E-7 4.69869E-7 3.79724E-7 3.71041E-7 3.17009E-7 2.94941E-7 2.58706E-7 2.59218E-7 2.60665E-7 2.6956E-7 2.38036E-7 2.36063E-7 2.25688E-7 2.21897E-7 2.10513E-7 2.02998E-7 2.12213E-7 2.00364E-7 1.88935E-7 1.96103E-7 1.686E-7 1.71406E-7 1.70279E-7 1.69564E-7 1.66399E-7 1.50931E-7 1.47054E-7 1.54865E-7
9.01983E-7 1.0412E-6 8.3344E-7 8.48171E-7 9.39723E-7 8.04771E-7 8.57339E-7 7.55178E-7 7.91777E-7 8.12371E-7 7.86681E-7 7.07189E-7 7.65275E-7 7.59247E-7 7.58737E-7 7.29039E-7 7.37232E-7 6.48683E-7 7.23396E-7 7.69043E-7 7.0515E-7 7.00746E-7 6.09128E-7 5.22454E-7 6.71927E-7 5.4852E-7 5.03919E-7 5.13402E-7 5.07653E-7 4.72931E-7 4.03022E-7 4.19639E-7 4.30127E-7 4.07208E-7 3.9265E-7 4.18885E-7 3.6128E-7 3.2657E-7 3.07096E-7 2.84812E-7 2.84363E-7 2.69261E-7 2.4942E-7 2.39577E-7 2.61955E-7 2.5374E-7 2.30412E-7 2.12762E-7 2.3243E-7 2.12936E-7 1.95691E-7 2.26105E-7 1.86691E-7 1.86929E-7 1.88878E-7 1.76929E-7 1.79904E-7 1.77684E-7 1.60984E-7 1.61815E-7 1.63444E-7
9.5733E-7 1.01922E-6 8.12751E-7 9.00155E-7 8.563E-7 1.10611E-6 8.56189E-7 7.15995E-7 8.40626E-7 9.03191E-7 7.87645E-7 8.24204E-7 7.92166E-7 8.14605E-7 8.12244E-7 7.61481E-7 7.74019E-7 7.48367E-7 7.09825E-7 7.21295E-7 7.63072E-7 6.80611E-7 6.91278E-7 6.01953E-7 5.50534E-7 5.19715E-7 5.19584E-7 5.76235E-7 4.85494E-7 4.4224E-7 4.28886E-7 4.41882E-7 4.78326E-7 4.57174E-7 4.5652E-7 3.52292E-7 3.52522E-7 3.29706E-7 3.22851E-7 3.33369E-7 3.15464E-7 3.06978E-7 2.56711E-7 2.54565E-7 2.59458E-7 2.58627E-7 2.37282E-7 2.44528E-7 2.53691E-7 2.32118E-7 2.21407E-7 2.0973E-7 1.95033E-7 2.00636E-7 2.04463E-7 1.69525E-7 1.78558E-7 1.71672E-7 1.72734E-7 1.87525E-7 1.72429E-7
1.0393E-6 9.8264E-7 9.80528E-7 9.74464E-7 9.61759E-7 9.80879E-7 1.05167E-6 8.32221E-7 8.07683E-7 8.85698E-7 7.26684E-7 8.26731E-7 9.41507E-7 8.80015E-7 7.69843E-7 7.94321E-7 7.105E-7 6.92568E-7 6.22644E-7 6.85608E-7 8.07457E-7 7.75966E-7 6.67404E-7 6.43471E-7 5.68741E-7 5.20706E-7 5.35593E-7 4.88999E-7 4.54512E-7 5.0917E-7 3.8854E-7 4.28479E-7 4.25394E-7 4.24151E-7 4.167E-7 3.42292E-7 3.01798E-7 3.3228E-7 3.62989E-7 3.33822E-7 3.27177E-7 3.09947E-7 2.63577E-7 2.51793E-7 2.60472E-7 2.11161E-7 2.43359E-7 2.52967E-7 2.71349E-7 2.71619E-7 2.24276E-7 2.10966E-7 2.13149E-7 1.91318E-7 1.85399E-7 1.95084E-7 1.7792E-7 1.78448E-7 1.66344E-7 1.80417E-7 1.91218E-7
1.10847E-6 9.22789E-7 1.00643E-6 8.96404E-7 8.89256E-7 8.39038E-7 8.86289E-7 8.70758E-7 8.37377E-7 8.31381E-7 8.01448E-7 7.5562E-7 8.13634E-7 7.77798E-7 8.18428E-7 7.92875E-7 7.34779E-7 6.77579E-7 6.23244E-7 6.81258E-7 7.77371E-7 7.23315E-7 6.69145E-7 7.93121E-7 5.65474E-7 5.20503E-7 5.09595E-7 5.10074E-7 5.99386E-7 5.20805E-7 4.51017E-7 4.38958E-7 4.53615E-7 4.9435E-7 3.89686E-7 3.7798E-7 3.11257E-7 3.70119E-7 3.42714E-7 3.46407E-7 3.3945E-7 3.27518E-7 3.21683E-7 3.37243E-7 3.47652E-7 2.77867E-7 2.64435E-7 2.45498E-7 2.78545E-7 2.96265E-7 2.58108E-7 2.50369E-7 2.17951E-7 1.97114E-7 1.83308E-7 1.96315E-7 1.88689E-7 1.82097E-7 1.76764E-7 1.83984E-7 1.78331E-7
9.76191E-7 9.58054E-7 9.88652E-7 1.03389E-6 1.07557E-6 9.9867E-7 9.18676E-7 9.49917E-7 8.5454E-7 9.10047E-7 8.31177E-7 7.74127E-7 7.58926E-7 8.53486E-7 7.61571E-7 7.58907E-7 7.39701E-7 6.80912E-7 6.66818E-7 6.36731E-7 7.28381E-7 6.96087E-7 7.38034E-7 5.3345E-7 4.69288E-7 4.26195E-7 4.94652E-7 5.27301E-7 5.3947E-7 5.30917E-7 4.85971E-7 4.93018E-7 4.85173E-7 4.84946E-7 3.80696E-7 4.44276E-7 3.99725E-7 4.94388E-7 4.02791E-7 3.72072E-7 3.53158E-7 3.49882E-7 3.28406E-7 3.39139E-7 2.90396E-7 2.81443E-7 2.77763E-7 2.72599E-7 2.88639E-7 2.71837E-7 2.64973E-7 2.81317E-7 2.26612E-7 2.39529E-7 2.25898E-7 1.89946E-7 1.9287E-7 1.9154E-7 1.73159E-7 1.90013E-7 1.7928E-7
8.99709E-7 9.34626E-7 9.27415E-7 9.05769E-7 8.43842E-7 7.93E-7 1.15677E-6 9.28784E-7 9.23364E-7 8.79689E-7 9.75353E-7 8.28364E-7 7.61382E-7 8.34529E-7 7.94964E-7 7.47583E-7 5.24341E-7 6.38784E-7 6.78653E-7 5.95821E-7 5.95102E-7 6.05418E-7 8.17762E-7 6.18047E-7 5.55165E-7 5.44894E-7 5.37889E-7 5.86706E-7 5.35388E-7 5.56482E-7 5.28651E-7 5.34076E-7 5.13157E-7 5.36381E-7 6.11749E-7 4.60398E-7 4.66566E-7 4.22935E-7 3.97077E-7 4.43613E-7 4.18427E-7 3.62647E-7 3.39525E-7 3.57785E-7 3.45238E-7 3.05302E-7 3.02473E-7 3.27267E-7 3.01797E-7 3.197E-7 2.96189E-7 3.45165E-7 2.72321E-7 2.564E-7 2.19871E-7 2.34414E-7 2.13733E-7 1.96596E-7 1.761E-7 1.95089E-7 2.13698E-7
1.08375E-6 1.0548E-6 8.80888E-7 8.3579E-7 8.64974E-7 9.23144E-7 1.0063E-6 9.68829E-7 9.07677E-7 9.63369E-7 1.36481E-6 8.53796E-7 8.09046E-7 8.05832E-7 8.02868E-7 8.06496E-7 7.71622E-7 7.22926E-7 6.28987E-7 6.78883E-7 6.68426E-7 7.37887E-7 8.77645E-7 8.10027E-7 7.447E-7 6.46923E-7 6.19406E-7 8.96582E-7 6.28848E-7 8.11485E-7 5.46422E-7 5.52599E-7 5.78042E-7 5.13415E-7 5.31438E-7 5.60671E-7 5.38956E-7 4.9609E-7 4.59793E-7 4.91621E-7 4.10956E-7 3.83948E-7 3.55602E-7 3.35625E-7 3.76013E-7 3.62999E-7 3.62505E-7 3.22947E-7 3.24347E-7 2.96224E-7 2.95858E-7 2.63379E-7 2.42314E-7 2.99109E-7 2.37223E-7 2.6467E-7 2.57095E-7 2.05085E-7 2.15497E-7 1.97444E-7 2.10235E-7
1.00908E-6 1.0699E-6 9.09038E-7 9.57604E-7 9.55592E-7 9.6265E-7 1.04252E-6 1.0275E-6 9.82349E-7 9.34289E-7 8.50378E-7 8.38648E-7 8.13359E-7 8.10908E-7 7.96546E-7 9.05782E-7 8.40158E-7 9.246E-7 7.20307E-7 6.98509E-7 7.49234E-7 8.90667E-7 1.03295E-6 1.02801E-6 8.10087E-7 8.71994E-7 6.92732E-7 9.37774E-7 4.93282E-7 6.22637E-7 5.24272E-7 5.65379E-7 6.23125E-7 6.35908E-7 6.33259E-7 6.03623E-7 6.03496E-7 6.16342E-7 5.36742E-7 5.31309E-7 5.03086E-7 4.15463E-7 3.56722E-7 4.19257E-7 4.12413E-7 3.41121E-7 3.07239E-7 2.69682E-7 2.68953E-7 2.67007E-7 2.54277E-7 2.52129E-7 2.74806E-7 3.2815E-7 2.45739E-7 2.74004E-7 2.7011E-7 2.31427E-7 2.18343E-7 2.52951E-7 2.30931E-7
9.58972E-7 1.05574E-6 1.05058E-6 9.81002E-7 1.0085E-6 1.00041E-6 1.09261E-6 1.05917E-6 9.68196E-7 9.18459E-7 8.46196E-7 8.34346E-7 8.5904E-7 8.45438E-7 8.14845E-7 7.87724E-7 8.1622E-7 7.52992E-7 9.21488E-7 9.03269E-7 8.5537E-7 8.21369E-7 1.05722E-6 8.99373E-7 8.18064E-7 6.63906E-7 7.4921E-7 6.17328E-7 1.14999E-6 1.17973E-6 7.67777E-7 5.8728E-7 6.51011E-7 6.05567E-7 6.28217E-7 6.46768E-7 6.82088E-7 4.99432E-7 4.2428E-7 5.23507E-7 4.89171E-7 4.76132E-7 4.55268E-7 4.5114E-7 4.31102E-7 3.41134E-7 3.12155E-7 2.92921E-7 3.67974E-7 2.76535E-7 3.1627E-7 2.5945E-7 2.99851E-7 3.34879E-7 2.77255E-7 2.70985E-7 2.81665E-7 2.73388E-7 2.40609E-7 2.64021E-7 2.55312E-7
1.138E-6 1.12934E-6 1.10497E-6 1.0595E-6 9.98128E-7 9.84193E-7 1.03107E-6 9.67053E-7 7.7854E-7 9.35588E-7 9.01576E-7 8.29673E-7 8.53578E-7 8.55766E-7 7.91244E-7 7.75407E-7 1.31893E-6 8.17733E-7 1.08183E-6 1.04729E-6 1.06897E-6 1.0477E-6 9.61291E-7 8.94003E-7 8.71037E-7 9.09648E-7 8.60911E-7 7.27232E-7 9.90516E-7 1.06363E-6 9.41637E-7 6.92279E-7 6.97603E-7 5.65373E-7 5.63754E-7 5.37708E-7 5.27441E-7 4.78771E-7 4.20312E-7 4.4882E-7 4.43386E-7 4.7235E-7 4.44181E-7 4.5577E-7 4.55027E-7 3.63227E-7 3.14659E-7 2.91415E-7 2.98103E-7 2.85967E-7 2.91615E-7 3.24728E-7 3.08877E-7 3.39632E-7 3.33035E-7 2.69716E-7 2.80791E-7 3.08445E-7 3.03034E-7 3.39225E-7 2.53773E-7
1.34484E-6 1.07767E-6 1.1522E-6 1.30017E-6 1.14218E-6 1.02103E-6 1.26226E-6 1.08007E-6 8.57125E-7 9.65025E-7 9.19795E-7 8.50589E-7 8.40713E-7 9.1041E-7 8.82362E-7 8.78849E-7 8.91246E-7 9.7634E-7 1.16599E-6 1.237E-6 1.14432E-6 1.08131E-6 1.32284E-6 1.35343E-6 1.16146E-6 1.01766E-6 8.52286E-7 7.90226E-7 6.79488E-7 6.40871E-7 6.62152E-7 6.55686E-7 9.47368E-7 5.60601E-7 6.05187E-7 5.6395E-7 5.51372E-7 5.0565E-7 4.93601E-7 4.74787E-7 4.59908E-7 4.2267E-7 4.08212E-7 3.70125E-7 4.35904E-7 3.52564E-7 3.17747E-7 3.22299E-7 3.31555E-7 3.0788E-7 3.21656E-7 3.70603E-7 3.69889E-7 3.41362E-7 3.8721E-7 3.7969E-7 3.75949E-7 3.82281E-7 3.70249E-7 3.78409E-7 3.7189E-7
