Candidate_Models_Sept202022/M_10_F_lqp_Set_1_all/Bison.asc
ncols         97
nrows         127
xllcorner     -2197417.7431653
yllcorner     -584827.01486885
cellsize      30000.0
NODATA_value  -9999
[rows 81 to 107 of 127, columns 0 to 60 of 97]
-9999 -9999 -9999 -9999 -9999 -9999 -9999 -9999 -9999 -9999 -9999 1.19035E-5 7.33296E-6 1.246E-5 3.1746E-5 2.10397E-5 1.48463E-5 9.60659E-6 2.07637E-5 5.12154E-5 3.04434E-5 4.81295E-5 2.20482E-5 4.03957E-5 8.02087E-5 1.32281E-4 6.24325E-5 5.48844E-5 8.28223E-5 2.709E-5 2.43766E-5 2.27707E-5 3.40971E-5 4.97342E-5 4.00466E-5 5.09838E-5 7.08189E-5 6.54197E-5 1.61439E-4 5.97379E-4 5.59028E-4 4.83394E-4 5.02769E-4 6.48666E-4 4.5734E-4 2.54841E-4 2.31941E-4 2.16416E-4 2.45665E-4 2.79083E-4 3.14792E-4 4.78739E-4 5.25849E-4 5.01113E-4 5.85417E-4 3.20024E-4 4.30767E-4 4.29707E-4 3.99723E-4 3.87803E-4 4.52104E-4
-9999 -9999 -9999 -9999 -9999 -9999 -9999 -9999 -9999 -9999 -9999 -9999 9.98199E-6 8.5408E-6 1.68566E-5 3.65621E-5 2.03659E-5 1.85802E-5 1.10756E-5 2.95039E-5 2.0427E-5 1.79462E-5 1.98015E-5 3.6649E-5 1.29152E-4 1.59278E-4 7.42641E-5 5.89051E-5 9.59138E-5 2.50073E-5 1.51962E-5 2.26449E-5 2.33346E-5 4.1119E-5 5.57904E-5 3.77376E-5 5.0615E-5 5.16257E-5 7.4974E-5 4.40067E-4 5.11184E-4 5.08394E-4 4.70384E-4 5.27196E-4 4.32345E-4 2.77261E-4 2.00392E-4 2.25669E-4 2.5254E-4 3.65107E-4 3.68151E-4 4.40492E-4 6.22091E-4 4.32129E-4 4.22931E-4 5.64611E-4 4.37032E-4 3.04207E-4 3.9476E-4 3.46266E-4 4.75421E-4
-9999 -9999 -9999 -9999 -9999 -9999 -9999 -9999 -9999 -9999 -9999 -9999 -9999 1.25755E-5 6.74577E-6 1.82604E-5 4.13875E-5 3.21673E-5 3.9695E-5 1.33656E-5 1.28838E-5 1.31272E-5 9.96907E-6 3.36831E-5 6.49745E-5 6.27205E-5 4.55824E-5 8.71312E-5 4.84658E-5 3.0005E-5 1.8867E-5 1.58845E-5 1.52151E-5 2.17914E-5 3.74635E-5 6.37575E-5 3.59145E-5 6.27194E-5 6.68675E-5 4.77761E-4 5.77462E-4 5.49326E-4 4.717E-4 4.31982E-4 3.63958E-4 2.50813E-4 2.33618E-4 2.39274E-4 2.73597E-4 3.24271E-4 3.7484E-4 4.41364E-4 6.25329E-4 5.47043E-4 4.80265E-4 4.79064E-4 4.77639E-4 4.26711E-4 3.71485E-4 3.91776E-4 3.53917E-4
-9999 -9999 -9999 -9999 -9999 -9999 -9999 -9999 -9999 -9999 -9999 -9999 -9999 1.57519E-5 9.50734E-6 1.63234E-5 3.15082E-5 -9999 6.84675E-5 9.96556E-5 7.07351E-5 2.47053E-5 1.01275E-5 2.73501E-5 6.74603E-5 5.80865E-5 6.68796E-5 6.27364E-5 3.68492E-5 3.91553E-5 2.69915E-5 1.73026E-5 1.68631E-5 2.20265E-5 3.43408E-5 4.177E-5 3.48078E-5 6.39185E-5 5.9876E-5 5.2978E-4 3.84962E-4 4.55581E-4 4.89817E-4 3.34035E-4 3.20576E-4 4.50187E-4 3.03325E-4 3.06167E-4 2.50532E-4 2.90155E-4 3.58767E-4 3.78132E-4 3.70318E-4 3.23284E-4 4.03896E-4 2.57835E-4 3.74203E-4 3.1901E-4 3.31565E-4 4.80672E-4 4.31661E-4
-9999 -9999 -9999 -9999 -9999 -9999 -9999 -9999 -9999 -9999 -9999 -9999 -9999 1.42846E-5 1.05835E-5 1.65117E-5 3.12267E-5 -9999 6.10043E-5 1.42205E-4 3.13047E-5 1.22959E-5 9.88991E-6 2.73941E-5 4.3128E-5 3.20553E-5 7.44854E-5 3.40861E-5 3.59705E-5 2.42654E-5 2.33487E-5 1.32138E-5 2.63464E-5 2.37658E-5 2.9584E-5 5.34238E-5 4.78364E-5 4.44335E-5 7.52442E-5 1.8146E-4 4.883E-4 4.03211E-4 4.84715E-4 3.95886E-4 2.82298E-4 3.61034E-4 2.21959E-4 2.30256E-4 2.61752E-4 4.18026E-4 4.71109E-4 2.78435E-4 4.01412E-4 5.55925E-4 3.67682E-4 2.87736E-4 3.60208E-4 3.41268E-4 4.0852E-4 4.05904E-4 3.8282E-4
-9999 -9999 -9999 -9999 -9999 -9999 -9999 -9999 -9999 -9999 -9999 -9999 -9999 1.47417E-5 1.55134E-5 1.9894E-5 3.24595E-5 -9999 2.64119E-5 4.40972E-5 2.42415E-5 3.34926E-5 1.8801E-5 2.38213E-5 6.39679E-5 9.29953E-5 1.18324E-4 3.69689E-5 2.82355E-5 2.73715E-5 3.02821E-5 1.8077E-5 3.58393E-5 2.38535E-5 2.0212E-5 9.33998E-5 3.4034E-5 4.6316E-5 6.19095E-5 4.22341E-4 4.0006E-4 4.18752E-4 4.66814E-4 4.95682E-4 4.55971E-4 3.27889E-4 2.44937E-4 2.70288E-4 3.0836E-4 4.18387E-4 3.61791E-4 2.08424E-4 3.03331E-4 5.2734E-4 5.17178E-4 4.69759E-4 4.08749E-4 2.34643E-4 3.23535E-4 4.46671E-4 5.63761E-4
-9999 -9999 -9999 -9999 -9999 -9999 -9999 -9999 -9999 -9999 -9999 -9999 -9999 1.73237E-5 7.71337E-6 8.28677E-6 8.58436E-5 -9999 5.60655E-5 4.16633E-5 1.74628E-5 1.04834E-5 4.69725E-5 5.36814E-5 4.76157E-5 8.37614E-5 1.71605E-4 8.15453E-5 6.00207E-5 2.66703E-5 4.01938E-5 2.15156E-5 2.26586E-5 3.3985E-5 5.53385E-5 6.14002E-5 4.91274E-5 4.91292E-5 1.33394E-4 4.39451E-4 2.97472E-4 3.70106E-4 5.93892E-4 5.04508E-4 4.13524E-4 3.6013E-4 4.33076E-4 4.50528E-4 3.8444E-4 2.40412E-4 2.55559E-4 2.09141E-4 3.19262E-4 4.03492E-4 5.2745E-4 5.4799E-4 4.21626E-4 2.92649E-4 2.5144E-4 2.96251E-4 5.17144E-4
-9999 -9999 -9999 -9999 -9999 -9999 -9999 -9999 -9999 -9999 -9999 -9999 -9999 1.45504E-5 7.52287E-6 1.07779E-5 1.26436E-5 3.25028E-5 4.0851E-5 4.60708E-5 9.99146E-6 1.49781E-5 5.77369E-5 6.45973E-5 1.11405E-4 1.60416E-4 1.24101E-4 6.39868E-5 3.79986E-5 4.85591E-5 3.46576E-5 1.84385E-5 1.8755E-5 9.59585E-5 2.86533E-5 3.71386E-5 5.72162E-5 4.47722E-5 6.40902E-5 6.85873E-4 3.55876E-4 4.36684E-4 4.23007E-4 5.28334E-4 4.51457E-4 4.80336E-4 3.37085E-4 2.95806E-4 5.21312E-4 5.45474E-4 4.23364E-4 4.28161E-4 5.8251E-4 5.22314E-4 5.08989E-4 6.11571E-4 5.25011E-4 5.27834E-4 4.31693E-4 2.89059E-4 4.10394E-4
-9999 -9999 -9999 -9999 -9999 -9999 -9999 -9999 -9999 -9999 -9999 -9999 -9999 2.11659E-5 9.4264E-6 8.69654E-6 1.09065E-5 2.71904E-5 4.87712E-5 4.64788E-5 9.30625E-6 2.67076E-5 4.19559E-5 8.22368E-5 1.76892E-4 1.26109E-4 7.81232E-5 4.47981E-5 3.83266E-5 1.1142E-4 3.54384E-5 3.31167E-5 3.59613E-5 1.14107E-4 2.93319E-5 3.66573E-5 7.00263E-5 4.07715E-5 5.9184E-5 1.62926E-4 6.26998E-4 4.08201E-4 3.46487E-4 4.00954E-4 4.89967E-4 4.74959E-4 3.30593E-4 2.59486E-4 2.61615E-4 2.98569E-4 2.99023E-4 3.64727E-4 4.92554E-4 5.34036E-4 4.87606E-4 5.13597E-4 4.57892E-4 5.59406E-4 5.75259E-4 4.95377E-4 3.29011E-4
-9999 -9999 -9999 -9999 -9999 -9999 -9999 -9999 -9999 -9999 -9999 -9999 -9999 2.32931E-5 2.03483E-5 1.99832E-5 2.95834E-5 3.39825E-5 4.49638E-5 3.03358E-5 9.82816E-6 2.53453E-5 5.18462E-5 2.12737E-4 2.64672E-4 1.3044E-4 1.11059E-4 4.95266E-5 7.17387E-5 1.01654E-4 6.0224E-5 3.89962E-5 5.88958E-5 4.10464E-5 2.63958E-5 3.45014E-5 4.17355E-5 3.65055E-5 6.02739E-5 1.37611E-4 3.43149E-4 3.06807E-4 3.616E-4 2.95692E-4 3.56707E-4 4.21133E-4 2.559E-4 2.50434E-4 2.18257E-4 2.2773E-4 2.7867E-4 2.75738E-4 4.69074E-4 3.57566E-4 3.08562E-4 3.72358E-4 4.15629E-4 4.45619E-4 4.42864E-4 3.85543E-4 3.83943E-4
-9999 -9999 -9999 -9999 -9999 -9999 -9999 -9999 -9999 -9999 -9999 -9999 -9999 2.39922E-5 2.87579E-5 2.91181E-5 3.72181E-5 4.5976E-5 6.32876E-5 2.02756E-5 3.05132E-5 5.27162E-5 1.22577E-4 2.86443E-4 1.93913E-4 1.19508E-4 1.70713E-4 1.48102E-4 9.93381E-5 1.00153E-4 1.10031E-4 6.80744E-5 6.75352E-5 3.62646E-5 2.17226E-5 4.3594E-5 5.19316E-5 6.70175E-5 8.69976E-5 5.6175E-5 3.45232E-4 2.59724E-4 3.19733E-4 3.42806E-4 1.98629E-4 2.5559E-4 2.89589E-4 2.39189E-4 2.47171E-4 2.13941E-4 2.10002E-4 2.59099E-4 2.97958E-4 3.22641E-4 2.9333E-4 2.57719E-4 2.7198E-4 2.87872E-4 3.50999E-4 3.65698E-4 3.3722E-4
-9999 -9999 -9999 -9999 -9999 -9999 -9999 -9999 -9999 -9999 -9999 -9999 -9999 2.44358E-5 2.32423E-5 5.86271E-5 5.30768E-5 5.05492E-5 2.85672E-5 2.56577E-5 4.89342E-5 9.85212E-5 1.31498E-4 1.76295E-4 1.90796E-4 1.29931E-4 1.54613E-4 1.3357E-4 2.05581E-4 1.73239E-4 1.80619E-4 1.18811E-4 3.61765E-5 2.59746E-5 2.37796E-5 4.09816E-5 9.53107E-5 1.37071E-4 3.12511E-4 4.23942E-5 1.14273E-4 4.85341E-4 2.71452E-4 3.34741E-4 2.32755E-4 2.66196E-4 2.76748E-4 2.53321E-4 2.42203E-4 2.64025E-4 2.18458E-4 2.51656E-4 3.13548E-4 3.07982E-4 2.82836E-4 2.82881E-4 2.2168E-4 3.28417E-4 2.97955E-4 3.91519E-4 3.78094E-4
-9999 -9999 -9999 -9999 -9999 -9999 -9999 -9999 -9999 -9999 -9999 -9999 1.8257E-5 1.98491E-5 2.33596E-5 6.96375E-5 4.4369E-5 2.81987E-5 3.60415E-5 2.52215E-5 5.44758E-5 1.79485E-4 1.83119E-4 2.17377E-4 1.72895E-4 1.47471E-4 1.3984E-4 1.90345E-4 1.56469E-4 1.71804E-4 3.07599E-4 8.53281E-5 3.47704E-5 2.80472E-5 3.19869E-5 3.63357E-5 7.79452E-5 1.50769E-4 7.22177E-5 3.94731E-5 4.66795E-5 3.37417E-4 3.3184E-4 3.43563E-4 2.99915E-4 2.29246E-4 2.43048E-4 2.39357E-4 2.35136E-4 4.51958E-4 2.93298E-4 2.4179E-4 2.44987E-4 2.75621E-4 2.47072E-4 2.60611E-4 2.33187E-4 3.60108E-4 2.69522E-4 2.70231E-4 3.62871E-4
-9999 -9999 -9999 -9999 -9999 -9999 -9999 -9999 -9999 -9999 -9999 -9999 3.29156E-5 2.53454E-5 3.01141E-5 4.36985E-5 2.99067E-5 3.69568E-5 1.93803E-5 3.48297E-5 1.1564E-4 2.49068E-4 1.27988E-4 1.69272E-4 1.58131E-4 1.94125E-4 1.98423E-4 1.46506E-4 1.34754E-4 2.38307E-4 2.93845E-4 1.16774E-4 3.86741E-5 3.48626E-5 2.34546E-5 3.57904E-5 1.97593E-4 3.11425E-4 1.34196E-4 3.51707E-5 8.26482E-5 2.44575E-4 2.24895E-4 2.59717E-4 2.64731E-4 2.96804E-4 2.32911E-4 2.74229E-4 3.25908E-4 5.04104E-4 3.99524E-4 2.5749E-4 1.98501E-4 2.53198E-4 2.29757E-4 2.54539E-4 2.30486E-4 2.6013E-4 2.79897E-4 2.47838E-4 2.73651E-4
-9999 -9999 -9999 -9999 -9999 -9999 -9999 -9999 -9999 -9999 -9999 -9999 2.09295E-5 2.46375E-5 3.69305E-5 3.64153E-5 2.33931E-5 4.19657E-5 5.37896E-5 8.71829E-5 1.58142E-4 2.366E-4 1.74666E-4 1.17509E-4 1.35459E-4 1.88051E-4 1.39354E-4 1.08554E-4 1.50003E-4 3.07183E-4 3.11959E-4 7.60524E-5 4.88176E-5 3.24555E-5 2.89449E-5 2.76762E-5 1.76288E-4 3.77314E-4 1.63338E-4 6.90764E-5 9.27575E-5 3.76224E-4 2.40334E-4 2.67882E-4 2.48653E-4 2.78354E-4 2.66655E-4 2.59672E-4 3.08396E-4 2.7837E-4 1.91039E-4 3.43689E-4 3.229E-4 1.92053E-4 2.08581E-4 1.95925E-4 2.07445E-4 3.03122E-4 2.44601E-4 2.56448E-4 3.45182E-4
-9999 -9999 -9999 -9999 -9999 -9999 -9999 -9999 -9999 -9999 -9999 -9999 2.9191E-5 2.61911E-5 7.62117E-5 6.75162E-5 3.42727E-5 3.22414E-5 7.21048E-5 9.27877E-5 1.33301E-4 1.57737E-4 1.92757E-4 1.50905E-4 1.51646E-4 1.38128E-4 1.4669E-4 1.24174E-4 2.18557E-4 4.52739E-4 3.28775E-4 1.40847E-4 5.1348E-5 3.17551E-5 3.20846E-5 3.62738E-5 6.2013E-5 1.98768E-4 7.05724E-5 7.47921E-5 8.01825E-5 3.53978E-4 3.12212E-4 3.57496E-4 2.78833E-4 3.11833E-4 5.49713E-4 3.29703E-4 2.94281E-4 2.83705E-4 2.19091E-4 1.72768E-4 2.01874E-4 2.0837E-4 2.66234E-4 2.40101E-4 1.86242E-4 2.10697E-4 2.28159E-4 2.62345E-4 2.54734E-4
-9999 -9999 -9999 -9999 -9999 -9999 -9999 -9999 -9999 -9999 -9999 2.54759E-5 2.42675E-5 1.01868E-4 8.54381E-5 7.02282E-5 5.27012E-5 2.7143E-5 1.0671E-4 2.28719E-4 1.70043E-4 1.53381E-4 1.57625E-4 1.98307E-4 1.88117E-4 1.4329E-4 1.72074E-4 3.79513E-4 3.24964E-4 3.16135E-4 5.51106E-4 3.15437E-4 5.20027E-5 6.88355E-5 2.87452E-5 5.17699E-5 5.08357E-5 2.92846E-4 1.00673E-4 1.14548E-4 2.18928E-4 1.07208E-4 4.88837E-4 3.13785E-4 5.1815E-4 8.3281E-4 5.87477E-4 2.11184E-4 2.53305E-4 3.61347E-4 2.91942E-4 1.89364E-4 2.05812E-4 2.28731E-4 2.32966E-4 2.33604E-4 2.32196E-4 2.31513E-4 2.55873E-4 2.77628E-4 2.37485E-4
-9999 -9999 -9999 -9999 -9999 -9999 -9999 -9999 -9999 -9999 -9999 2.18495E-5 6.81208E-5 1.01959E-4 7.42271E-5 9.96529E-5 3.92367E-5 4.58898E-5 1.6153E-4 1.83611E-4 1.72167E-4 1.18414E-4 1.23317E-4 1.45745E-4 1.58458E-4 1.74529E-4 3.22473E-4 9.43438E-5 7.09245E-5 4.6681E-4 3.31398E-4 4.12349E-4 1.67236E-4 6.48181E-5 5.1015E-5 4.97784E-5 7.31766E-5 5.48086E-4 5.50806E-5 2.58479E-4 1.99184E-4 1.89986E-4 3.03615E-4 2.29717E-4 3.87434E-4 1.07096E-4 7.09646E-5 4.16956E-4 2.52109E-4 4.09689E-4 3.20441E-4 2.07185E-4 2.16445E-4 2.16884E-4 2.32392E-4 2.26999E-4 2.06713E-4 2.08992E-4 2.52123E-4 2.70498E-4 2.69782E-4
-9999 -9999 -9999 -9999 -9999 -9999 -9999 -9999 -9999 -9999 2.9889E-5 2.43346E-5 8.34144E-5 9.21278E-5 1.4663E-4 2.83009E-5 3.10581E-5 7.24837E-5 1.20638E-4 1.13186E-4 1.17041E-4 1.63856E-4 1.57624E-4 1.56845E-4 1.39534E-4 2.85392E-4 1.58141E-4 7.61098E-5 1.12556E-4 1.6381E-4 1.7513E-4 4.22471E-4 2.69101E-4 3.42167E-5 5.77133E-5 6.28511E-5 2.73734E-4 6.21712E-4 1.07746E-4 2.41422E-4 5.12725E-4 1.88139E-4 3.4226E-4 2.72233E-4 4.20635E-4 3.47862E-4 1.93728E-4 5.36825E-4 3.72068E-4 2.06155E-4 3.31054E-4 2.11716E-4 2.03681E-4 2.0176E-4 2.01161E-4 2.18773E-4 2.0842E-4 2.29393E-4 2.34345E-4 2.31484E-4 2.42241E-4
-9999 -9999 -9999 -9999 -9999 -9999 -9999 -9999 -9999 -9999 1.71897E-5 1.99583E-5 1.30271E-4 1.05662E-4 5.97533E-5 2.13965E-5 4.3386E-5 8.84115E-5 9.67282E-5 1.0661E-4 9.83947E-5 1.39568E-4 1.42385E-4 1.50527E-4 1.44361E-4 1.45076E-4 2.10042E-4 1.70273E-4 2.02892E-4 1.83591E-4 1.33368E-4 1.4986E-4 5.62391E-5 7.56134E-5 5.70805E-5 4.82883E-5 4.34733E-4 1.78457E-4 1.41912E-4 2.18781E-4 3.84605E-4 9.59343E-5 1.78884E-4 3.41112E-4 2.76666E-4 3.76172E-4 4.65192E-4 2.30794E-4 1.88396E-4 2.01184E-4 1.84011E-4 2.17769E-4 1.80576E-4 2.18713E-4 1.90304E-4 1.82469E-4 2.08909E-4 2.23515E-4 2.43582E-4 2.31937E-4 2.54088E-4
-9999 -9999 -9999 -9999 -9999 -9999 -9999 -9999 -9999 -9999 1.8441E-5 2.09241E-5 1.10206E-4 9.75649E-5 3.48504E-5 4.17526E-5 7.48535E-5 1.04075E-4 1.35386E-4 1.12511E-4 1.05939E-4 9.87189E-5 1.12704E-4 1.13025E-4 1.37171E-4 1.0434E-4 2.65098E-4 1.39538E-4 3.57639E-4 2.09188E-4 1.04198E-4 6.48662E-5 5.34149E-5 7.62215E-5 7.7204E-5 9.1575E-5 1.0846E-4 1.84432E-4 4.13722E-4 1.82055E-4 3.40787E-4 2.21278E-4 2.81802E-4 2.27912E-4 3.34171E-4 2.55368E-4 2.32462E-4 3.23977E-4 2.30834E-4 2.1383E-4 1.89892E-4 2.1423E-4 2.24695E-4 2.277E-4 1.96784E-4 1.90793E-4 2.08141E-4 1.99684E-4 2.75519E-4 2.56726E-4 2.27511E-4
-9999 -9999 -9999 -9999 -9999 -9999 -9999 -9999 -9999 2.68402E-5 1.96371E-5 3.25862E-5 1.28963E-4 5.33179E-5 2.01011E-5 3.18482E-5 1.03442E-4 1.44662E-4 1.58225E-4 8.53459E-5 1.0284E-4 1.07246E-4 1.10407E-4 1.23701E-4 9.12333E-5 8.72861E-5 3.20582E-4 1.44478E-4 1.28898E-4 7.35752E-5 8.78088E-5 1.54667E-4 1.17101E-4 1.66022E-4 1.34111E-4 1.24045E-4 1.01333E-4 1.55028E-4 5.99267E-4 1.17699E-4 3.441E-4 4.90846E-4 5.96504E-4 2.45083E-4 4.76506E-4 2.86898E-4 4.41584E-4 2.57232E-4 2.19152E-4 2.19399E-4 1.88473E-4 2.09027E-4 2.21931E-4 2.32528E-4 2.33792E-4 2.52208E-4 2.53644E-4 2.22894E-4 2.50274E-4 2.40573E-4 2.30852E-4
-9999 -9999 -9999 -9999 -9999 -9999 -9999 -9999 -9999 2.47369E-5 2.62271E-5 3.28949E-5 4.4495E-5 2.88529E-5 2.1026E-5 6.63836E-5 1.25182E-4 1.61786E-4 1.48628E-4 1.22497E-4 1.62303E-4 1.17266E-4 1.06581E-4 1.27288E-4 1.07575E-4 1.27137E-4 2.4416E-4 1.87275E-4 1.69069E-4 1.29696E-4 1.459E-4 2.54037E-4 8.53529E-5 1.80593E-4 3.05905E-4 4.13939E-4 1.60498E-4 5.84533E-4 6.29331E-4 3.32674E-4 3.57656E-4 5.95775E-4 4.74988E-4 7.01292E-4 5.81628E-4 4.16179E-4 7.06301E-4 2.72384E-4 2.12863E-4 2.24773E-4 2.84456E-4 2.99234E-4 2.6471E-4 2.38831E-4 2.24944E-4 2.56944E-4 2.41773E-4 2.26801E-4 2.22927E-4 2.39313E-4 2.11714E-4
-9999 -9999 -9999 -9999 -9999 -9999 -9999 -9999 3.81944E-5 2.37346E-5 3.64671E-5 9.10293E-5 2.18023E-5 2.53152E-5 3.77653E-5 1.15273E-4 1.45681E-4 1.42231E-4 1.47725E-4 1.35148E-4 1.4599E-4 1.3924E-4 1.30228E-4 1.34086E-4 1.23504E-4 1.97901E-4 1.59943E-4 2.39547E-4 1.81324E-4 2.02877E-4 2.29822E-4 3.07598E-4 1.30479E-4 2.07223E-4 3.25005E-4 1.25536E-4 1.56797E-4 3.93682E-4 3.79774E-4 3.60018E-4 4.48753E-4 4.05845E-4 4.64865E-4 1.97127E-4 9.38621E-5 3.99157E-4 1.39528E-4 3.08673E-4 4.12098E-4 2.80168E-4 2.95437E-4 3.43134E-4 2.32905E-4 2.61738E-4 2.77752E-4 3.00513E-4 3.32512E-4 2.65268E-4 2.54815E-4 2.42482E-4 2.34585E-4
-9999 -9999 -9999 -9999 -9999 -9999 -9999 2.73552E-5 3.38524E-5 2.23031E-5 6.71803E-5 8.85886E-5 2.36665E-5 2.84621E-5 6.80156E-5 1.43699E-4 1.5291E-4 1.48E-4 1.66763E-4 1.62294E-4 1.6671E-4 1.4418E-4 1.36362E-4 1.3753E-4 1.28759E-4 1.63387E-4 1.7119E-4 2.34784E-4 3.22339E-4 2.73955E-4 1.96527E-4 2.06991E-4 1.77453E-4 2.1085E-4 2.06583E-4 1.76898E-4 4.07348E-4 3.96011E-4 3.74513E-4 4.49428E-4 4.30136E-4 5.8832E-4 4.09014E-4 2.6583E-4 1.41644E-4 1.80482E-4 2.09976E-4 7.93894E-4 9.78178E-4 3.2926E-4 2.47938E-4 4.28134E-4 8.34574E-4 3.63176E-4 4.66267E-4 2.95997E-4 2.65076E-4 2.44953E-4 2.66712E-4 2.70233E-4 2.40453E-4
-9999 -9999 -9999 -9999 -9999 -9999 -9999 1.37426E-5 1.28261E-5 1.37677E-5 3.63204E-5 3.83337E-5 2.93136E-5 5.70462E-5 1.54457E-4 1.69617E-4 1.59991E-4 1.60404E-4 1.55963E-4 1.60866E-4 1.58571E-4 1.64088E-4 1.73962E-4 1.67146E-4 1.60191E-4 1.50363E-4 1.73045E-4 2.68969E-4 3.3225E-4 3.2182E-4 2.28377E-4 1.31619E-4 1.75685E-4 2.90149E-4 1.62894E-4 2.83457E-4 2.98726E-4 5.76976E-4 4.44164E-4 3.98661E-4 3.83896E-4 3.30243E-4 2.58453E-4 1.84108E-4 1.95084E-4 1.61463E-4 1.74952E-4 1.48592E-4 3.8834E-4 1.72834E-4 2.01307E-4 1.88232E-4 3.99228E-4 8.44851E-4 4.32134E-4 3.33367E-4 2.66276E-4 2.38265E-4 2.91384E-4 2.79666E-4 2.32428E-4
-9999 -9999 -9999 -9999 -9999 -9999 -9999 1.72941E-5 1.48827E-5 2.02031E-5 5.34129E-5 5.30567E-5 5.13273E-5 6.80047E-5 1.97008E-4 1.68231E-4 1.73162E-4 1.90546E-4 1.68304E-4 1.57824E-4 1.72443E-4 1.46547E-4 1.66912E-4 1.68212E-4 1.53126E-4 1.61444E-4 1.58293E-4 2.69981E-4 3.52739E-4 3.53124E-4 3.49518E-4 1.73466E-4 3.94441E-4 8.22247E-4 3.67787E-4 2.882E-4 4.08801E-4 3.35979E-4 4.30077E-4 3.18979E-4 2.53249E-4 2.28847E-4 2.06819E-4 1.91352E-4 2.05868E-4 2.01375E-4 1.58199E-4 1.09386E-4 2.80152E-4 2.91939E-4 2.34683E-4 2.33104E-4 3.92482E-4 2.56942E-4 7.17406E-4 5.49084E-4 3.6655E-4 2.65931E-4 2.78616E-4 2.54942E-4 2.14099E-4
