Candidate_Models_Sept202022/M_10_F_lqp_Set_1_all/Bison.asc
ncols         97
nrows         127
xllcorner     -2197417.7431653
yllcorner     -584827.01486885
cellsize      30000.0
NODATA_value  -9999
[rows 27 to 53 of 127, columns 0 to 60 of 97]
-9999 -9999 7.10479E-5 7.17651E-5 5.34002E-5 2.75517E-5 1.50142E-5 2.41515E-5 6.59595E-5 2.18312E-5 2.85275E-5 3.28388E-5 1.98391E-5 1.62029E-5 1.57976E-5 2.10985E-5 1.33841E-5 1.62991E-5 1.99478E-5 1.60637E-5 1.17751E-5 1.69671E-5 1.88218E-5 2.20683E-5 2.82625E-5 2.22742E-5 2.68445E-5 2.57165E-5 3.00177E-5 2.75104E-5 2.21645E-5 1.68566E-5 1.92155E-5 1.75573E-5 1.6611E-5 1.61297E-5 2.81428E-5 1.79329E-5 2.00417E-5 1.7925E-5 1.90631E-5 2.91043E-5 2.08002E-5 3.72357E-5 2.37093E-5 1.847E-5 1.44022E-5 1.51512E-5 1.40379E-5 1.38567E-5 1.42741E-5 1.54005E-5 1.43564E-5 1.43371E-5 1.23991E-5 1.11674E-5 1.11592E-5 1.06822E-5 1.11516E-5 1.12919E-5 1.42651E-5
-9999 8.83571E-5 6.01401E-5 6.88609E-5 5.4163E-5 4.44835E-5 2.0454E-5 2.35862E-5 2.43883E-5 2.06035E-5 2.5707E-5 2.34342E-5 1.56439E-5 1.67294E-5 2.12731E-5 1.64677E-5 2.53892E-5 2.02462E-5 1.92665E-5 2.12693E-5 5.06585E-5 2.75687E-5 1.45214E-5 1.98565E-5 2.58255E-5 2.44434E-5 2.43034E-5 2.29004E-5 2.32731E-5 2.45867E-5 2.20737E-5 1.33428E-5 2.49578E-5 1.68458E-5 1.69097E-5 2.12607E-5 2.73565E-5 2.92914E-5 2.1774E-5 1.77659E-5 1.86492E-5 1.89468E-5 1.82791E-5 1.9305E-5 1.95876E-5 1.66145E-5 1.52644E-5 1.51046E-5 1.42904E-5 1.40032E-5 1.38082E-5 1.73726E-5 1.38803E-5 1.35502E-5 1.25529E-5 1.15348E-5 1.1226E-5 1.0891E-5 1.12476E-5 1.17813E-5 1.10508E-5
-9999 7.56272E-5 8.16957E-5 8.508E-5 8.5056E-5 4.81309E-5 2.81498E-5 2.55883E-5 4.04226E-5 2.97726E-5 2.80184E-5 2.80955E-5 1.77328E-5 1.80606E-5 1.77995E-5 1.87755E-5 1.31317E-5 1.89957E-5 3.34053E-5 4.30864E-5 1.49275E-5 1.24353E-5 1.6515E-5 1.59898E-5 2.88981E-5 2.85842E-5 2.9513E-5 2.66456E-5 2.58583E-5 3.00653E-5 2.02144E-5 1.2518E-5 1.6953E-5 1.79707E-5 1.69721E-5 1.73686E-5 2.71333E-5 3.44938E-5 2.77338E-5 2.14363E-5 2.56843E-5 2.12269E-5 2.90481E-5 1.74636E-5 1.60357E-5 1.53482E-5 1.55342E-5 1.48571E-5 1.44267E-5 1.34225E-5 1.26137E-5 1.3509E-5 1.33442E-5 1.351E-5 1.2349E-5 1.19864E-5 1.15902E-5 1.13278E-5 1.10907E-5 1.15943E-5 1.12331E-5
6.68342E-5 8.64364E-5 7.1843E-5 7.63327E-5 6.88642E-5 6.0809E-5 4.72612E-5 2.6666E-5 3.52069E-5 2.67751E-5 3.17078E-5 2.85832E-5 2.15273E-5 2.71123E-5 1.94861E-5 1.65532E-5 1.91488E-5 2.15817E-5 2.25828E-5 2.03992E-5 2.10582E-5 1.37309E-5 1.61899E-5 2.84054E-5 2.75869E-5 2.31803E-5 2.33483E-5 2.46677E-5 2.81372E-5 2.48139E-5 2.08092E-5 2.13517E-5 1.26188E-5 1.87562E-5 2.30234E-5 2.18274E-5 3.2376E-5 2.68621E-5 2.7486E-5 2.10395E-5 1.99731E-5 1.72348E-5 2.57497E-5 2.22317E-5 1.62232E-5 1.4416E-5 1.42453E-5 1.43393E-5 1.45952E-5 1.41227E-5 1.33303E-5 1.40635E-5 1.40275E-5 1.40979E-5 1.32717E-5 1.28006E-5 1.18827E-5 1.15882E-5 1.13459E-5 1.16979E-5 1.16529E-5
3.67135E-5 5.81085E-5 7.91682E-5 8.02902E-5 7.11701E-5 7.15037E-5 3.9923E-5 3.11546E-5 2.76462E-5 2.87776E-5 3.53058E-5 2.48942E-5 2.35538E-5 3.2886E-5 1.95667E-5 2.96164E-5 1.73644E-5 1.96448E-5 1.9574E-5 1.8617E-5 1.90895E-5 2.49423E-5 1.58931E-5 2.23612E-5 2.36877E-5 2.81127E-5 2.55843E-5 3.16289E-5 3.04437E-5 2.7793E-5 1.72119E-5 1.2031E-5 2.01056E-5 1.7735E-5 1.55013E-5 2.51927E-5 2.11208E-5 2.61327E-5 2.4372E-5 2.14157E-5 2.10812E-5 2.09051E-5 2.05202E-5 1.93967E-5 1.62596E-5 1.43344E-5 1.34986E-5 1.41738E-5 1.42573E-5 1.39063E-5 1.35391E-5 1.42258E-5 1.40806E-5 1.42487E-5 1.37275E-5 1.30246E-5 1.23746E-5 1.22855E-5 1.17654E-5 1.20488E-5 1.16803E-5
2.72056E-5 4.33154E-5 7.44247E-5 1.24224E-4 8.13025E-5 7.98905E-5 4.86556E-5 2.67929E-5 2.34503E-5 2.74296E-5 2.83464E-5 2.67046E-5 2.58195E-5 1.91424E-5 1.71861E-5 1.70248E-5 2.63413E-5 1.23164E-5 1.58332E-5 1.79938E-5 2.00692E-5 1.77651E-5 1.57891E-5 2.44659E-5 2.73306E-5 2.39101E-5 2.47193E-5 4.01118E-5 2.63078E-5 1.86619E-5 1.82375E-5 1.78114E-5 2.30652E-5 2.00283E-5 1.25119E-5 1.70799E-5 3.57393E-5 2.19156E-5 1.91712E-5 2.23062E-5 1.68848E-5 2.73883E-5 2.03057E-5 3.09122E-5 2.34458E-5 1.49959E-5 1.4182E-5 1.30927E-5 1.51432E-5 1.41409E-5 1.40862E-5 1.39277E-5 1.42376E-5 1.42019E-5 1.39763E-5 1.28054E-5 1.27849E-5 1.26436E-5 1.26564E-5 1.2042E-5 1.18606E-5
-9999 3.55687E-5 4.17858E-5 6.25979E-5 7.38155E-5 6.66569E-5 4.75956E-5 2.82867E-5 2.23574E-5 1.75682E-5 2.60915E-5 2.77758E-5 2.22922E-5 2.03982E-5 2.05278E-5 1.27147E-5 1.64455E-5 1.49475E-5 1.43964E-5 1.67968E-5 2.0094E-5 2.6803E-5 1.45164E-5 2.00013E-5 1.95884E-5 2.86396E-5 2.51633E-5 4.13805E-5 3.30988E-5 2.98539E-5 2.38742E-5 1.52777E-5 2.1958E-5 2.0349E-5 1.37847E-5 2.57455E-5 2.93182E-5 2.28753E-5 2.09644E-5 3.09537E-5 2.04119E-5 1.68038E-5 2.25847E-5 2.17106E-5 2.20541E-5 1.41946E-5 1.50695E-5 1.45089E-5 1.37838E-5 1.44527E-5 1.46713E-5 1.42625E-5 1.43954E-5 1.4802E-5 1.41512E-5 1.40536E-5 1.65316E-5 1.2947E-5 1.27214E-5 1.2044E-5 1.23212E-5
-9999 -9999 2.27355E-5 4.40344E-5 5.44962E-5 4.76008E-5 3.06591E-5 2.05602E-5 2.88725E-5 2.99879E-5 2.89861E-5 3.83182E-5 1.96497E-5 1.82881E-5 2.18614E-5 1.3066E-5 1.47067E-5 1.51485E-5 1.71704E-5 1.7741E-5 2.09765E-5 1.53615E-5 1.44319E-5 2.16768E-5 3.35691E-5 2.27341E-5 1.7736E-5 4.46432E-5 3.13285E-5 3.30576E-5 1.97136E-5 1.41899E-5 2.59511E-5 1.96025E-5 2.31948E-5 2.07996E-5 2.56911E-5 1.98758E-5 2.41106E-5 3.14488E-5 1.96148E-5 2.01937E-5 2.36678E-5 2.21598E-5 1.80254E-5 1.46843E-5 1.43836E-5 1.45474E-5 1.41061E-5 1.66109E-5 1.43861E-5 1.4992E-5 1.49157E-5 1.48895E-5 1.47761E-5 1.39242E-5 1.78262E-5 1.32084E-5 1.31201E-5 1.29447E-5 1.26766E-5
-9999 -9999 2.64785E-5 3.51724E-5 5.1813E-5 3.52791E-5 2.97045E-5 2.95516E-5 4.01789E-5 3.37937E-5 3.42527E-5 2.54142E-5 1.68421E-5 1.44512E-5 1.67665E-5 1.74653E-5 1.77928E-5 1.92573E-5 1.82298E-5 2.27509E-5 2.40787E-5 1.94193E-5 1.32535E-5 1.87992E-5 2.68919E-5 3.58739E-5 2.42645E-5 4.08207E-5 4.57949E-5 3.09217E-5 2.60628E-5 1.79725E-5 1.85813E-5 1.36808E-5 1.31474E-5 2.07465E-5 2.60542E-5 2.21254E-5 2.82293E-5 2.70954E-5 2.11433E-5 2.2131E-5 1.8029E-5 1.70087E-5 1.59015E-5 1.46608E-5 1.29988E-5 1.53933E-5 1.69926E-5 2.03255E-5 1.51674E-5 1.49115E-5 1.53178E-5 1.56567E-5 1.49002E-5 1.45137E-5 1.41896E-5 1.40018E-5 1.405E-5 1.36786E-5 1.29172E-5
-9999 -9999 2.44039E-5 2.65971E-5 4.65591E-5 3.37408E-5 2.778E-5 3.72626E-5 4.63743E-5 3.55995E-5 2.89065E-5 1.50854E-5 2.00974E-5 1.79204E-5 1.92331E-5 1.77701E-5 1.95583E-5 1.99843E-5 1.95755E-5 1.92733E-5 2.58939E-5 2.15727E-5 1.4726E-5 1.92823E-5 1.7591E-5 1.81662E-5 1.74125E-5 1.78436E-5 3.20649E-5 3.35401E-5 2.21938E-5 1.68309E-5 1.38277E-5 1.4691E-5 1.71694E-5 1.91554E-5 2.24826E-5 2.40223E-5 2.32547E-5 1.98625E-5 2.09172E-5 1.82361E-5 1.7832E-5 1.73176E-5 1.5947E-5 1.51279E-5 1.3669E-5 1.70427E-5 1.59844E-5 1.83609E-5 1.57151E-5 1.57352E-5 1.59401E-5 1.55556E-5 1.50294E-5 1.47069E-5 1.45284E-5 1.42978E-5 1.50465E-5 1.42489E-5 1.36817E-5
-9999 -9999 -9999 2.47967E-5 6.7147E-5 5.5598E-5 4.14585E-5 2.66673E-5 2.71045E-5 3.23041E-5 2.18049E-5 1.81975E-5 2.34072E-5 2.1577E-5 1.76423E-5 1.66032E-5 1.95882E-5 1.79712E-5 2.09366E-5 1.82506E-5 2.48348E-5 5.18214E-5 1.61904E-5 2.07644E-5 2.63231E-5 1.86392E-5 2.85532E-5 1.88022E-5 1.89596E-5 2.19166E-5 2.45706E-5 2.18335E-5 1.24109E-5 1.74879E-5 1.89618E-5 1.90077E-5 2.35801E-5 2.26402E-5 1.91615E-5 2.00514E-5 1.92234E-5 1.98159E-5 2.06797E-5 1.99217E-5 1.62743E-5 1.57283E-5 1.51885E-5 1.5115E-5 1.69508E-5 1.67705E-5 1.70002E-5 1.67679E-5 1.69226E-5 1.65065E-5 1.61177E-5 1.66375E-5 1.47928E-5 1.45257E-5 1.43489E-5 1.45763E-5 1.43201E-5
-9999 -9999 -9999 2.00941E-5 1.19741E-4 5.55108E-5 3.84983E-5 2.03521E-5 3.13201E-5 2.83168E-5 2.3611E-5 2.21193E-5 1.89783E-5 2.00606E-5 2.20871E-5 2.00274E-5 1.62189E-5 2.53637E-5 1.95339E-5 1.65274E-5 1.78293E-5 2.31262E-5 1.76256E-5 1.61639E-5 1.98324E-5 2.18727E-5 2.05743E-5 1.33778E-5 9.17328E-6 1.61024E-5 2.3775E-5 1.6114E-5 1.42608E-5 1.89839E-5 1.89757E-5 1.91493E-5 2.56145E-5 3.06458E-5 2.35993E-5 2.45841E-5 1.99881E-5 2.08809E-5 2.33985E-5 1.98856E-5 2.02764E-5 1.75193E-5 1.74492E-5 1.71206E-5 1.72471E-5 1.60776E-5 1.79139E-5 1.65942E-5 1.75337E-5 1.68718E-5 1.62794E-5 1.59268E-5 1.56526E-5 1.51008E-5 1.49237E-5 1.47845E-5 1.45307E-5
-9999 -9999 -9999 1.06916E-5 1.09525E-4 3.24725E-5 3.69477E-5 4.11886E-5 1.90494E-5 4.0048E-5 3.01443E-5 2.34223E-5 2.30175E-5 2.44167E-5 1.8447E-5 1.95052E-5 1.50118E-5 2.26961E-5 1.56401E-5 2.01501E-5 2.81659E-5 2.02233E-5 2.76459E-5 1.82692E-5 2.01881E-5 2.28507E-5 2.06895E-5 1.84995E-5 1.37945E-5 1.47354E-5 2.8411E-5 2.03401E-5 2.00126E-5 1.98272E-5 1.87185E-5 1.99638E-5 2.22524E-5 2.27581E-5 2.9097E-5 2.61895E-5 2.19336E-5 1.96875E-5 2.22466E-5 2.60968E-5 1.78229E-5 1.85978E-5 1.84229E-5 1.78894E-5 1.82431E-5 1.70318E-5 1.87215E-5 1.88072E-5 1.7675E-5 1.75022E-5 1.73308E-5 1.673E-5 1.56561E-5 1.53231E-5 1.53921E-5 1.52736E-5 1.54341E-5
-9999 -9999 -9999 -9999 3.8904E-5 3.42268E-5 2.15891E-5 1.76283E-5 2.26909E-5 4.64102E-5 3.29382E-5 2.44845E-5 2.84668E-5 2.05827E-5 1.90985E-5 3.70975E-5 4.1106E-5 2.07514E-5 2.00141E-5 1.99318E-5 1.92412E-5 1.93693E-5 1.93059E-5 1.53085E-5 1.98767E-5 2.69306E-5 2.16947E-5 2.0618E-5 1.77329E-5 1.84858E-5 1.53719E-5 1.78171E-5 2.43836E-5 2.24917E-5 2.12676E-5 2.10285E-5 2.09718E-5 2.36545E-5 2.5569E-5 2.59652E-5 2.43797E-5 2.16681E-5 1.98816E-5 1.95192E-5 1.9382E-5 1.97771E-5 2.08092E-5 2.05621E-5 2.62892E-5 1.8942E-5 1.91302E-5 1.81419E-5 1.82034E-5 1.96666E-5 2.17092E-5 1.76831E-5 1.71739E-5 1.50677E-5 1.5305E-5 1.55719E-5 1.55655E-5
-9999 -9999 -9999 -9999 7.99246E-6 2.01604E-5 2.34226E-5 2.17086E-5 1.44156E-5 4.57542E-5 3.8057E-5 1.98625E-5 1.99952E-5 2.59983E-5 2.31742E-5 2.37746E-5 2.65774E-5 2.66866E-5 1.94614E-5 2.28186E-5 2.23345E-5 2.2575E-5 1.81838E-5 1.65735E-5 1.6289E-5 1.81729E-5 3.7144E-5 2.50498E-5 2.79558E-5 3.08589E-5 1.79317E-5 2.04227E-5 2.49815E-5 2.37478E-5 2.29813E-5 2.13902E-5 2.12389E-5 2.23468E-5 2.78777E-5 3.06626E-5 3.57371E-5 3.15511E-5 2.07698E-5 2.01026E-5 2.07168E-5 2.27258E-5 2.35686E-5 2.50113E-5 2.45777E-5 2.13828E-5 1.95421E-5 1.85083E-5 1.8157E-5 1.87415E-5 1.95224E-5 1.34595E-5 1.37697E-5 1.62305E-5 1.70931E-5 1.69221E-5 1.65464E-5
-9999 -9999 -9999 -9999 1.11633E-5 1.07854E-5 1.02267E-5 2.27935E-5 2.99138E-5 4.01524E-5 4.32548E-5 1.20041E-5 1.88208E-5 2.4855E-5 2.55493E-5 2.47572E-5 3.28612E-5 3.40498E-5 1.79237E-5 2.10623E-5 2.33372E-5 2.01631E-5 2.09345E-5 2.3842E-5 3.16589E-5 2.97383E-5 3.82804E-5 1.75502E-5 2.51889E-5 2.31064E-5 2.34431E-5 2.74331E-5 2.37658E-5 2.2049E-5 2.26696E-5 2.20877E-5 2.17956E-5 2.20741E-5 3.44096E-5 4.51408E-5 2.48748E-5 2.4415E-5 2.11734E-5 2.18617E-5 2.20033E-5 2.82783E-5 2.94939E-5 3.01752E-5 -9999 2.24047E-5 2.08838E-5 1.96032E-5 2.14554E-5 1.77192E-5 2.50794E-5 1.62681E-5 1.92797E-5 2.0699E-5 2.00557E-5 1.64251E-5 1.68055E-5
-9999 -9999 -9999 -9999 9.59179E-6 1.15138E-5 8.66907E-6 6.65863E-6 1.72444E-5 2.81816E-5 3.39438E-5 1.72305E-5 1.56209E-5 1.74756E-5 2.77881E-5 3.51041E-5 3.39657E-5 2.49662E-5 2.17216E-5 2.12608E-5 3.19485E-5 2.48024E-5 2.44063E-5 5.6057E-5 2.91096E-5 2.38276E-5 2.81884E-5 2.00146E-5 2.08379E-5 2.09096E-5 2.27321E-5 2.64424E-5 2.41525E-5 2.53076E-5 2.48527E-5 2.33728E-5 2.27323E-5 2.30705E-5 2.26922E-5 2.7048E-5 3.96338E-5 2.39793E-5 2.37403E-5 2.26837E-5 2.4036E-5 2.61679E-5 -9999 -9999 -9999 -9999 2.68438E-5 2.20878E-5 2.04669E-5 1.8632E-5 2.11287E-5 2.07237E-5 1.85863E-5 1.68892E-5 1.6734E-5 1.67243E-5 1.66998E-5
-9999 -9999 -9999 -9999 7.06112E-6 8.21393E-6 9.51729E-6 8.46714E-6 1.55194E-5 2.68817E-5 3.53837E-5 3.83112E-5 1.86703E-5 2.86031E-5 2.96441E-5 3.10167E-5 2.56954E-5 2.06825E-5 1.73479E-5 2.10943E-5 1.99954E-5 2.10828E-5 2.34926E-5 2.52651E-5 1.78237E-5 2.21452E-5 3.49E-5 1.82395E-5 2.40145E-5 2.29584E-5 2.38868E-5 2.38592E-5 2.47265E-5 2.67623E-5 2.50218E-5 3.0595E-5 2.40592E-5 2.32554E-5 2.36482E-5 2.45142E-5 2.65078E-5 2.28662E-5 2.42155E-5 2.5452E-5 2.86968E-5 -9999 -9999 -9999 -9999 3.32242E-5 2.98048E-5 2.58967E-5 2.16179E-5 1.98883E-5 2.1853E-5 2.06473E-5 1.83828E-5 1.63282E-5 1.66271E-5 1.71492E-5 1.64341E-5
-9999 -9999 -9999 -9999 1.05344E-5 8.6142E-6 1.15348E-5 6.52205E-6 1.27921E-5 3.15125E-5 6.59876E-5 4.58621E-5 1.90429E-5 3.60934E-5 3.56596E-5 3.29864E-5 2.61276E-5 2.76765E-5 1.79167E-5 1.99682E-5 1.87681E-5 2.42176E-5 2.26181E-5 1.92496E-5 1.75641E-5 1.89909E-5 2.72691E-5 2.34674E-5 2.82152E-5 3.07978E-5 2.90041E-5 2.43623E-5 2.57572E-5 2.52457E-5 2.53535E-5 2.66532E-5 2.92871E-5 2.58988E-5 2.50617E-5 2.5957E-5 2.4968E-5 2.58636E-5 3.2369E-5 3.87563E-5 3.45174E-5 -9999 -9999 -9999 3.67115E-5 3.01173E-5 4.13114E-5 3.07768E-5 2.57538E-5 2.90845E-5 2.03636E-5 2.33569E-5 1.87355E-5 1.78677E-5 1.82499E-5 2.40544E-5 1.81427E-5
-9999 -9999 -9999 1.59987E-5 9.2736E-6 1.45711E-5 6.20935E-6 8.20929E-6 1.07437E-5 3.4637E-5 8.23769E-5 4.38663E-5 2.27387E-5 2.29368E-5 2.6533E-5 2.42716E-5 3.08933E-5 3.11936E-5 2.89501E-5 1.96401E-5 1.76781E-5 1.94022E-5 1.83841E-5 1.76511E-5 2.52325E-5 1.74115E-5 1.75703E-5 2.57968E-5 2.70402E-5 3.30833E-5 3.85716E-5 3.30677E-5 2.65811E-5 2.68752E-5 2.71712E-5 2.61314E-5 2.60272E-5 2.62942E-5 2.4569E-5 2.57029E-5 2.80236E-5 2.68924E-5 2.82544E-5 3.9279E-5 6.5181E-5 4.7253E-5 3.2107E-5 3.15845E-5 3.03973E-5 2.80401E-5 3.52681E-5 3.58885E-5 2.71851E-5 2.49672E-5 2.63629E-5 2.51926E-5 1.90356E-5 1.78098E-5 2.07223E-5 2.14133E-5 1.90598E-5
-9999 -9999 -9999 -9999 8.64889E-6 1.89949E-5 9.95537E-6 -9999 1.28653E-5 4.31568E-5 8.29196E-5 5.29709E-5 2.82298E-5 2.29595E-5 2.48333E-5 2.80068E-5 3.93958E-5 3.36977E-5 3.27846E-5 2.88565E-5 1.78218E-5 2.48375E-5 1.77554E-5 3.13669E-5 3.5543E-5 2.48913E-5 1.69216E-5 2.89427E-5 2.75982E-5 2.99942E-5 3.24469E-5 3.46332E-5 3.11539E-5 2.84047E-5 2.93871E-5 2.90431E-5 3.45089E-5 3.28304E-5 2.91212E-5 2.73201E-5 2.62746E-5 2.56788E-5 2.73244E-5 3.73948E-5 5.28927E-5 3.84955E-5 3.26729E-5 2.91647E-5 3.23249E-5 2.8754E-5 3.43599E-5 3.48563E-5 2.94098E-5 2.44892E-5 2.595E-5 2.58648E-5 1.90707E-5 1.86636E-5 2.28394E-5 2.14467E-5 1.89158E-5
-9999 -9999 -9999 -9999 8.30268E-6 7.34503E-6 8.26525E-6 1.37015E-5 1.31697E-5 5.89325E-5 7.07041E-5 3.89029E-5 4.82408E-5 3.28645E-5 2.97413E-5 3.42515E-5 2.39686E-5 4.41934E-5 3.27181E-5 2.71916E-5 2.49396E-5 2.0271E-5 2.17877E-5 4.49631E-5 2.52761E-5 2.26047E-5 1.99019E-5 2.49654E-5 2.29466E-5 3.07006E-5 3.68642E-5 4.1219E-5 3.70704E-5 3.45253E-5 3.45521E-5 3.07931E-5 3.34689E-5 3.53648E-5 3.08221E-5 3.09328E-5 3.03789E-5 2.84959E-5 2.96316E-5 3.53675E-5 3.29817E-5 3.3234E-5 3.93079E-5 4.33773E-5 3.24924E-5 3.06888E-5 3.41995E-5 2.84791E-5 2.4594E-5 2.25717E-5 2.25792E-5 2.1649E-5 2.04771E-5 1.86639E-5 2.14329E-5 2.16296E-5 1.93952E-5
-9999 -9999 -9999 -9999 8.66374E-6 8.84622E-6 1.116E-5 9.862E-6 1.1617E-5 3.71345E-5 5.30847E-5 2.96831E-5 4.3626E-5 3.99726E-5 3.39079E-5 3.52802E-5 3.32255E-5 4.14174E-5 3.3423E-5 2.80108E-5 2.5103E-5 2.48547E-5 1.6199E-5 2.9696E-5 5.54586E-5 3.66742E-5 2.32123E-5 2.96565E-5 3.23558E-5 3.66852E-5 3.65065E-5 3.57239E-5 4.37773E-5 4.02664E-5 4.15826E-5 3.3154E-5 3.23105E-5 3.24914E-5 3.99433E-5 3.66858E-5 3.17182E-5 3.19951E-5 3.7947E-5 3.34846E-5 3.10223E-5 3.10517E-5 4.38777E-5 4.73706E-5 3.03153E-5 3.41557E-5 3.02681E-5 2.7753E-5 2.42591E-5 2.33507E-5 2.24822E-5 2.19577E-5 2.06498E-5 2.49721E-5 2.36025E-5 2.09203E-5 1.96225E-5
-9999 -9999 -9999 -9999 -9999 9.69885E-6 1.16826E-5 1.27207E-5 9.0458E-6 1.47572E-5 2.71802E-5 3.27922E-5 4.03507E-5 4.0675E-5 5.43183E-5 3.89207E-5 5.52165E-5 3.7484E-5 4.08274E-5 3.14644E-5 2.83659E-5 3.52228E-5 2.47982E-5 3.36949E-5 4.84881E-5 6.86285E-5 3.28952E-5 2.34392E-5 2.58651E-5 3.84242E-5 4.06037E-5 4.49754E-5 4.15252E-5 4.30799E-5 3.99205E-5 3.71321E-5 3.5024E-5 3.71238E-5 3.35975E-5 3.51042E-5 3.45799E-5 3.25422E-5 3.82746E-5 3.16031E-5 3.08583E-5 2.86925E-5 4.86227E-5 3.22869E-5 3.47841E-5 2.98613E-5 2.82199E-5 2.90727E-5 2.52624E-5 2.50516E-5 2.40565E-5 2.40039E-5 2.60503E-5 1.89832E-5 2.22214E-5 2.25702E-5 2.04975E-5
-9999 -9999 -9999 -9999 -9999 2.36765E-5 6.61624E-6 1.30338E-5 9.67857E-6 1.28295E-5 2.12308E-5 2.24805E-5 2.04828E-5 2.75158E-5 4.32431E-5 4.27379E-5 5.49642E-5 4.9437E-5 4.60363E-5 3.94179E-5 3.9543E-5 1.70253E-5 2.71886E-5 2.62206E-5 5.26749E-5 6.18439E-5 3.06817E-5 2.90727E-5 3.06369E-5 3.90659E-5 3.76845E-5 4.16437E-5 4.06901E-5 3.62129E-5 3.55806E-5 3.55175E-5 4.07213E-5 4.37713E-5 3.69989E-5 3.72641E-5 3.87719E-5 3.61034E-5 3.30117E-5 3.97278E-5 5.06306E-5 3.94145E-5 3.39254E-5 3.83736E-5 3.72878E-5 4.12698E-5 3.18197E-5 2.99209E-5 3.59902E-5 2.66089E-5 2.50468E-5 3.41226E-5 2.34831E-5 2.03551E-5 2.1474E-5 2.23202E-5 2.19986E-5
-9999 -9999 -9999 -9999 -9999 2.07184E-5 1.53754E-5 5.05336E-6 7.95164E-6 7.81791E-6 1.57701E-5 3.23137E-5 2.57084E-5 3.2659E-5 3.73182E-5 3.47616E-5 3.61574E-5 4.40811E-5 4.57913E-5 4.44638E-5 2.45255E-5 2.53807E-5 2.3996E-5 2.22756E-5 3.55297E-5 5.09709E-5 2.44555E-5 4.01705E-5 3.99484E-5 3.0703E-5 3.71894E-5 3.77012E-5 4.06895E-5 3.84035E-5 4.21485E-5 4.16918E-5 3.93235E-5 4.96417E-5 4.46499E-5 4.26301E-5 4.12154E-5 3.90127E-5 4.6237E-5 4.3307E-5 4.44995E-5 5.89503E-5 3.6048E-5 3.47691E-5 3.34629E-5 3.38866E-5 3.36517E-5 3.60589E-5 4.12734E-5 2.851E-5 2.95506E-5 2.38135E-5 2.2027E-5 2.13925E-5 2.06784E-5 2.04116E-5 1.93666E-5
-9999 -9999 -9999 -9999 -9999 1.5781E-5 7.07376E-6 1.00098E-5 1.1661E-5 9.83897E-6 1.30722E-5 1.61493E-5 4.03637E-5 3.48192E-5 3.70361E-5 2.69661E-5 2.68652E-5 2.27655E-5 3.82797E-5 3.66413E-5 2.99156E-5 3.83724E-5 3.18253E-5 1.98422E-5 2.34137E-5 5.63951E-5 2.84164E-5 2.85682E-5 3.81852E-5 2.71331E-5 3.62413E-5 4.21251E-5 4.3807E-5 4.5336E-5 4.49756E-5 4.37872E-5 4.78738E-5 4.10954E-5 4.29773E-5 4.7035E-5 8.00188E-5 5.52082E-5 4.29711E-5 3.92325E-5 3.90131E-5 3.66377E-5 3.54366E-5 3.60361E-5 3.61275E-5 4.29288E-5 3.88067E-5 3.32686E-5 4.51453E-5 4.31708E-5 2.99867E-5 -9999 2.7749E-5 2.41665E-5 2.31717E-5 2.23317E-5 2.19114E-5
