Candidate_Models_Sept202022/M_10_F_lqp_Set_1_all/Bison.asc
ncols         97
nrows         127
xllcorner     -2197417.7431653
yllcorner     -584827.01486885
cellsize      30000.0
NODATA_value  -9999
[rows 54 to 80 of 127, columns 0 to 60 of 97]
-9999 -9999 -9999 -9999 1.25117E-5 1.01315E-5 7.37313E-6 1.10491E-5 9.52172E-6 6.37118E-6 8.43145E-6 1.78521E-5 2.88564E-5 4.90947E-5 3.10348E-5 1.44963E-5 1.94982E-5 3.22898E-5 2.93302E-5 3.08798E-5 3.74207E-5 3.41877E-5 2.89187E-5 2.48264E-5 3.32314E-5 4.87499E-5 4.06495E-5 3.05791E-5 4.11019E-5 3.61645E-5 3.92831E-5 4.42983E-5 5.19307E-5 5.33257E-5 4.50044E-5 4.45706E-5 4.67518E-5 4.49745E-5 5.25786E-5 6.37329E-5 9.9941E-5 1.70174E-4 9.02551E-5 4.79468E-5 4.02812E-5 3.9288E-5 3.95776E-5 3.60519E-5 3.71982E-5 3.61398E-5 3.56527E-5 3.38759E-5 3.12874E-5 4.13184E-5 4.5342E-5 3.72747E-5 3.92999E-5 3.83061E-5 3.96262E-5 2.50657E-5 2.25219E-5
-9999 -9999 -9999 -9999 -9999 7.20193E-6 5.65435E-6 9.20745E-6 7.78779E-6 6.98459E-6 7.04821E-6 1.61646E-5 3.15791E-5 4.11829E-5 3.04133E-5 1.78049E-5 1.44651E-5 1.50399E-5 3.49363E-5 1.77635E-5 4.03316E-5 3.62985E-5 3.06064E-5 3.68952E-5 3.017E-5 3.0848E-5 3.59503E-5 4.09972E-5 5.16476E-5 4.90594E-5 5.29927E-5 4.87413E-5 5.33612E-5 4.62549E-5 4.42078E-5 5.01913E-5 5.56812E-5 4.69416E-5 6.14102E-5 5.5582E-5 1.01198E-4 3.6062E-4 6.70321E-5 4.51392E-5 4.66259E-5 4.55495E-5 3.81164E-5 3.74808E-5 3.9621E-5 3.86598E-5 4.18168E-5 4.70802E-5 4.12644E-5 4.41694E-5 4.50044E-5 3.65253E-5 3.39157E-5 3.15156E-5 3.17694E-5 2.56222E-5 3.03648E-5
-9999 -9999 -9999 -9999 -9999 1.08119E-5 8.72371E-6 1.04922E-5 1.08221E-5 8.54084E-6 4.06384E-6 1.05157E-5 1.46654E-5 2.2512E-5 3.57387E-5 2.18386E-5 2.56819E-5 2.85939E-5 2.88996E-5 3.04356E-5 3.44747E-5 2.86386E-5 2.50165E-5 3.21198E-5 3.13977E-5 4.10631E-5 4.14176E-5 4.69019E-5 6.85295E-5 5.01513E-5 6.10241E-5 6.41799E-5 6.64929E-5 5.76654E-5 6.23937E-5 7.78889E-5 4.97731E-5 4.42206E-5 5.76601E-5 4.73505E-5 8.75894E-5 6.02639E-5 4.4556E-5 4.56388E-5 4.56179E-5 4.28485E-5 3.88729E-5 3.69188E-5 3.55922E-5 4.26227E-5 4.34714E-5 4.4184E-5 4.36477E-5 5.32186E-5 3.80434E-5 3.37733E-5 3.74209E-5 3.54924E-5 3.15798E-5 3.03313E-5 2.87242E-5
-9999 -9999 -9999 -9999 -9999 -9999 1.29741E-5 -9999 1.55078E-5 4.69928E-6 3.82071E-6 9.08849E-6 2.14431E-5 2.11085E-5 1.59931E-5 3.30049E-5 1.98409E-5 2.87618E-5 2.98987E-5 3.56615E-5 2.79522E-5 2.82859E-5 2.74663E-5 4.28716E-5 3.35974E-5 3.67743E-5 2.35228E-5 4.69133E-5 5.17163E-5 5.72856E-5 1.20777E-4 1.29834E-4 8.54418E-5 7.02246E-5 6.89439E-5 7.52836E-5 7.19093E-5 4.94161E-5 5.50341E-5 4.34936E-5 4.823E-5 5.09333E-5 5.48069E-5 4.91575E-5 4.3995E-5 4.41624E-5 4.41466E-5 5.27851E-5 6.00629E-5 4.47181E-5 4.43434E-5 7.2624E-5 4.3307E-5 3.63279E-5 3.63666E-5 4.00127E-5 3.83016E-5 3.88393E-5 3.70817E-5 3.29138E-5 2.834E-5
-9999 -9999 -9999 1.62017E-5 -9999 -9999 -9999 -9999 -9999 8.57274E-6 9.0797E-6 9.91501E-6 1.1004E-5 1.74054E-5 2.35964E-5 2.43613E-5 2.09548E-5 2.75934E-5 2.91514E-5 3.85385E-5 2.71457E-5 3.20599E-5 2.33226E-5 4.20648E-5 2.54617E-5 2.58117E-5 2.57246E-5 3.69643E-5 8.34703E-5 6.13089E-5 2.12076E-4 1.70443E-4 7.89611E-5 6.15435E-5 5.24375E-5 7.71511E-5 6.8404E-5 9.04078E-5 2.47834E-4 5.10522E-5 5.27654E-5 4.99607E-5 5.42071E-5 4.93189E-5 4.63276E-5 4.84936E-5 5.2869E-5 4.7479E-5 4.76027E-5 4.36814E-5 4.4703E-5 4.57924E-5 4.93117E-5 3.84987E-5 4.04214E-5 4.67813E-5 3.86201E-5 5.39613E-5 4.44439E-5 3.45302E-5 3.23498E-5
-9999 -9999 -9999 1.37423E-5 2.18612E-5 2.39446E-5 -9999 -9999 -9999 1.14591E-5 7.96499E-6 1.83304E-5 1.60988E-5 1.92845E-5 1.88176E-5 2.5541E-5 1.75582E-5 2.4685E-5 3.70343E-5 3.3062E-5 2.90475E-5 2.88038E-5 2.84006E-5 4.28778E-5 3.14081E-5 2.73282E-5 2.7756E-5 4.21292E-5 1.17487E-4 1.06917E-4 3.006E-4 2.17893E-4 8.30614E-5 7.58186E-5 7.29607E-5 5.87539E-5 6.54432E-5 2.48339E-4 1.32377E-4 5.15943E-5 5.60497E-5 6.69618E-5 5.30801E-5 4.94167E-5 5.09871E-5 4.53795E-5 4.99173E-5 4.69986E-5 4.78822E-5 5.91065E-5 5.53678E-5 5.18756E-5 3.82326E-5 3.96615E-5 3.81846E-5 4.61874E-5 7.38838E-5 6.71859E-5 4.6752E-5 4.32941E-5 3.94731E-5
-9999 -9999 -9999 1.33251E-5 2.28348E-5 3.04614E-5 2.07617E-5 -9999 -9999 1.24818E-5 9.77457E-6 2.00256E-5 1.79923E-5 2.10105E-5 1.7689E-5 2.18645E-5 2.56169E-5 3.42337E-5 3.75388E-5 3.07787E-5 3.76131E-5 4.00884E-5 3.73654E-5 3.31128E-5 4.33469E-5 2.71486E-5 4.87301E-5 4.03487E-5 7.23538E-5 6.38453E-5 2.31848E-4 4.65974E-4 2.25322E-4 2.30694E-4 3.00866E-4 9.70269E-5 1.25257E-4 1.46913E-4 7.40883E-5 6.1529E-5 6.68085E-5 6.31332E-5 5.5759E-5 5.2145E-5 4.90616E-5 4.96507E-5 4.9406E-5 5.50132E-5 5.36538E-5 9.32837E-5 1.15429E-4 8.21327E-5 5.72605E-5 8.33465E-5 4.12881E-5 4.23369E-5 4.85761E-5 5.54911E-5 5.08519E-5 4.76957E-5 3.71339E-5
-9999 -9999 -9999 8.19243E-6 2.02342E-5 2.34022E-5 -9999 -9999 2.17799E-5 1.03699E-5 6.04574E-6 1.00602E-5 1.41373E-5 1.8028E-5 1.99764E-5 2.66145E-5 4.65513E-5 4.04134E-5 4.03364E-5 2.84793E-5 3.4113E-5 3.7726E-5 4.42347E-5 4.02182E-5 4.20077E-5 2.78641E-5 3.66602E-5 3.57853E-5 5.29117E-5 1.30426E-4 3.74247E-4 5.43267E-4 4.43736E-4 3.38055E-4 3.47363E-4 2.59625E-4 2.02093E-4 2.26745E-4 1.17153E-4 7.97195E-5 8.09561E-5 8.01542E-5 6.28624E-5 5.60265E-5 5.08726E-5 6.65537E-5 5.97919E-5 5.92012E-5 7.61093E-5 1.03953E-4 9.26283E-5 5.60972E-5 4.96916E-5 4.02264E-5 4.37291E-5 4.52753E-5 4.92699E-5 4.3285E-5 5.16237E-5 4.05585E-5 4.02377E-5
-9999 -9999 -9999 8.20124E-6 1.91781E-5 -9999 -9999 2.88895E-5 1.68212E-5 9.32905E-6 9.00378E-6 1.01201E-5 1.44009E-5 1.92111E-5 1.98763E-5 3.43152E-5 3.93913E-5 3.61551E-5 3.99575E-5 3.61034E-5 3.65514E-5 4.42436E-5 4.53506E-5 4.79959E-5 4.45584E-5 3.00573E-5 5.86108E-5 5.01167E-5 4.64707E-5 4.75939E-5 1.51158E-4 4.15911E-4 1.77503E-4 3.06008E-4 5.45003E-4 4.5846E-4 3.85083E-4 6.32234E-4 2.30108E-4 8.43372E-5 7.91334E-5 6.48019E-5 5.86385E-5 5.28702E-5 5.82759E-5 7.71611E-5 6.44433E-5 5.29411E-5 5.27307E-5 7.17279E-5 7.86844E-5 4.51457E-5 3.76674E-5 4.20893E-5 4.20526E-5 4.28569E-5 4.64857E-5 4.36288E-5 4.02934E-5 4.00327E-5 4.44369E-5
-9999 -9999 -9999 8.00393E-6 1.03949E-5 -9999 -9999 -9999 1.71958E-5 8.74078E-6 8.33404E-6 1.1926E-5 8.80203E-6 3.73535E-5 3.45576E-5 3.32808E-5 3.94168E-5 4.52403E-5 4.8056E-5 3.44077E-5 4.05781E-5 4.48882E-5 4.73524E-5 4.56524E-5 4.35372E-5 2.85534E-5 2.87595E-5 2.95714E-5 4.25376E-5 4.18226E-5 5.36834E-5 1.88643E-4 2.87737E-4 3.04544E-4 6.30529E-4 6.31718E-4 4.15757E-4 4.34018E-4 1.03348E-4 8.48658E-5 7.36379E-5 7.28912E-5 6.616E-5 5.99712E-5 6.72127E-5 7.14233E-5 8.40459E-5 6.02337E-5 6.14263E-5 7.81223E-5 7.68025E-5 5.30126E-5 5.64746E-5 5.09098E-5 4.92466E-5 4.54044E-5 4.51524E-5 4.60034E-5 4.68452E-5 5.40042E-5 4.75419E-5
-9999 -9999 -9999 9.18226E-6 1.38775E-5 -9999 -9999 -9999 2.08012E-5 1.16856E-5 1.04993E-5 8.56752E-6 2.06452E-5 3.20028E-5 3.01922E-5 4.06732E-5 4.0763E-5 4.48544E-5 4.8262E-5 4.02318E-5 4.02989E-5 5.18792E-5 5.32476E-5 5.42831E-5 5.08314E-5 4.68583E-5 2.68532E-5 4.13938E-5 3.97401E-5 5.34047E-5 6.25271E-5 2.46756E-4 3.907E-4 4.0827E-4 3.2977E-4 3.17032E-4 2.44445E-4 4.79075E-4 1.36741E-4 1.62703E-4 8.98501E-5 8.39259E-5 7.15453E-5 6.3263E-5 9.712E-5 9.83448E-5 9.35019E-5 6.65948E-5 6.79896E-5 8.58862E-5 9.03652E-5 5.58946E-5 5.28715E-5 4.88712E-5 5.03494E-5 4.90043E-5 4.52943E-5 4.37669E-5 4.21447E-5 4.11936E-5 4.47193E-5
-9999 -9999 -9999 7.67511E-6 1.6711E-5 -9999 -9999 -9999 2.1112E-5 1.56099E-5 5.47955E-6 1.08812E-5 1.49542E-5 2.93076E-5 4.56212E-5 3.49079E-5 4.06689E-5 4.88352E-5 4.2933E-5 4.3875E-5 6.78341E-5 9.45563E-5 5.75408E-5 5.81747E-5 5.20924E-5 4.79235E-5 4.03801E-5 4.53825E-5 4.04518E-5 5.15973E-5 6.27573E-5 1.25124E-4 2.43942E-4 3.99259E-4 2.50463E-4 3.61451E-4 1.48851E-4 3.11579E-4 3.25249E-4 1.37053E-4 7.31876E-5 6.93574E-5 7.00617E-5 7.23884E-5 6.37682E-5 6.62378E-5 7.33215E-5 7.56385E-5 8.85295E-5 7.60144E-5 6.43047E-5 6.12305E-5 5.49841E-5 5.17829E-5 5.20293E-5 5.09495E-5 4.61193E-5 5.40049E-5 4.87991E-5 4.71935E-5 8.60955E-5
-9999 -9999 -9999 -9999 8.82608E-6 -9999 -9999 -9999 -9999 1.65727E-5 8.23594E-6 8.7905E-6 1.8224E-5 1.35149E-5 3.13351E-5 3.91464E-5 4.5246E-5 5.02642E-5 5.17931E-5 6.40382E-5 5.36487E-5 1.37621E-4 8.45996E-5 6.60136E-5 7.56294E-5 5.09279E-5 3.7179E-5 3.43432E-5 5.55758E-5 4.25874E-5 4.55985E-5 6.21497E-5 7.29115E-5 7.6158E-5 7.24174E-5 8.46492E-5 3.17589E-4 2.09728E-4 9.33216E-5 6.78603E-5 1.01943E-4 6.77345E-5 8.93239E-5 7.28235E-5 6.77503E-5 8.82574E-5 7.504E-5 7.98476E-5 7.62423E-5 7.46964E-5 1.01987E-4 6.076E-5 5.69734E-5 5.46583E-5 5.43447E-5 5.58149E-5 5.2529E-5 4.84604E-5 4.7005E-5 4.42129E-5 4.6019E-5
-9999 -9999 -9999 -9999 1.69121E-5 -9999 -9999 -9999 -9999 2.19836E-5 1.08065E-5 8.106E-6 2.9032E-5 1.9974E-5 2.66437E-5 3.85349E-5 4.79308E-5 4.71791E-5 5.16882E-5 4.9586E-5 5.97971E-5 7.82642E-5 6.39996E-5 1.01362E-4 1.3618E-4 6.36321E-5 4.82561E-5 4.35774E-5 4.35465E-5 4.31654E-5 3.40639E-5 5.0544E-5 7.18273E-5 8.30071E-5 6.76821E-5 7.10192E-5 1.41193E-4 7.40965E-5 6.60697E-5 6.32346E-5 8.21927E-5 8.05269E-5 8.17549E-5 1.0044E-4 7.26738E-5 8.22047E-5 1.34934E-4 8.18827E-5 7.83436E-5 8.11181E-5 8.7197E-5 6.81225E-5 6.2683E-5 5.93657E-5 5.85531E-5 6.24168E-5 5.69312E-5 5.20836E-5 4.98095E-5 4.65413E-5 4.52327E-5
-9999 -9999 -9999 -9999 -9999 -9999 -9999 -9999 -9999 1.83141E-5 1.5296E-5 6.50122E-6 1.64495E-5 1.52526E-5 1.57969E-5 3.26291E-5 5.22067E-5 5.21975E-5 5.06591E-5 6.06028E-5 5.40065E-5 5.83204E-5 6.76601E-5 6.40587E-5 5.11756E-5 3.71621E-5 3.07303E-5 4.67253E-5 3.74177E-5 4.05507E-5 5.18677E-5 4.10052E-5 4.17781E-5 6.17451E-5 6.1769E-5 7.42259E-5 1.0545E-4 9.81964E-5 7.30425E-5 8.82717E-5 1.09108E-4 8.05382E-5 9.66908E-5 1.07474E-4 2.13132E-4 2.55671E-4 2.3845E-4 1.02473E-4 7.60652E-5 7.37334E-5 8.17035E-5 8.34023E-5 6.78032E-5 5.83924E-5 6.00446E-5 5.67101E-5 5.79745E-5 5.81844E-5 5.21044E-5 5.26563E-5 4.98225E-5
-9999 -9999 -9999 -9999 -9999 -9999 -9999 -9999 -9999 -9999 1.78257E-5 8.40418E-6 9.24138E-6 1.78157E-5 2.62477E-5 4.61848E-5 5.33841E-5 4.7994E-5 5.58336E-5 5.50843E-5 4.92729E-5 5.07108E-5 6.36204E-5 6.55755E-5 5.51235E-5 3.39037E-5 3.65761E-5 3.45512E-5 3.90281E-5 4.01427E-5 5.35314E-5 3.39323E-5 6.00248E-5 7.43169E-5 7.90887E-5 7.95659E-5 9.75124E-5 1.04652E-4 8.11623E-5 1.06204E-4 1.09459E-4 1.94111E-4 2.23483E-4 2.86043E-4 4.04565E-4 3.93678E-4 2.5329E-4 3.15873E-4 8.24102E-5 7.24088E-5 1.03484E-4 8.20956E-5 6.8513E-5 6.52761E-5 6.12827E-5 5.58671E-5 6.6905E-5 7.22432E-5 6.32933E-5 5.71302E-5 5.7948E-5
-9999 -9999 -9999 -9999 -9999 -9999 -9999 -9999 -9999 -9999 1.54934E-5 1.00274E-5 8.27218E-6 1.38285E-5 2.65432E-5 1.85946E-5 5.7507E-5 6.31196E-5 5.45084E-5 5.81979E-5 4.79634E-5 4.88862E-5 6.54049E-5 7.84997E-5 4.91873E-5 3.12501E-5 2.66227E-5 1.98013E-5 2.92486E-5 5.75253E-5 4.9903E-5 4.80657E-5 4.922E-5 6.53606E-5 7.72304E-5 8.47489E-5 7.43046E-5 7.87988E-5 8.28031E-5 1.81353E-4 2.70018E-4 3.62254E-4 3.75109E-4 4.05896E-4 3.67233E-4 3.10883E-4 1.21585E-4 2.19962E-4 1.641E-4 2.30874E-4 2.03142E-4 1.10892E-4 6.7154E-5 6.53767E-5 6.07318E-5 6.18294E-5 6.24963E-5 5.91353E-5 5.94196E-5 5.796E-5 6.13317E-5
-9999 -9999 -9999 -9999 -9999 -9999 -9999 -9999 -9999 -9999 1.32007E-5 7.64068E-6 9.17762E-6 1.3406E-5 7.08776E-5 7.97483E-5 7.95041E-5 7.20333E-5 5.90688E-5 6.12572E-5 5.49269E-5 5.65793E-5 6.52566E-5 7.25843E-5 5.86921E-5 3.40832E-5 2.71784E-5 3.13171E-5 3.94123E-5 3.3236E-5 5.06693E-5 6.46693E-5 5.83141E-5 4.86903E-5 7.32821E-5 7.79198E-5 1.07115E-4 1.74853E-4 2.31958E-4 2.28795E-4 3.76025E-4 3.89799E-4 4.79995E-4 4.67762E-4 4.91347E-4 4.82838E-4 3.61353E-4 3.20882E-4 3.52839E-4 3.66526E-4 4.76508E-4 2.59357E-4 1.87487E-4 1.56661E-4 1.41524E-4 6.86037E-5 6.31118E-5 6.13563E-5 6.39225E-5 6.14324E-5 6.69864E-5
-9999 -9999 -9999 -9999 -9999 -9999 -9999 -9999 -9999 -9999 1.42066E-5 5.65962E-6 1.0185E-5 1.34551E-5 4.1437E-5 3.27534E-5 6.27836E-5 6.33955E-5 5.80574E-5 6.57598E-5 7.37364E-5 6.4734E-5 6.28429E-5 7.0526E-5 5.33409E-5 3.11673E-5 2.84596E-5 3.07153E-5 6.67466E-5 4.00441E-5 3.50563E-5 7.52959E-5 6.2316E-5 4.07226E-5 7.37437E-5 7.68401E-5 1.00556E-4 1.31204E-4 1.49127E-4 2.26693E-4 3.54502E-4 3.87177E-4 6.05217E-4 5.00599E-4 6.64062E-4 5.7092E-4 4.8699E-4 4.47212E-4 5.16771E-4 4.0725E-4 1.62616E-4 1.13486E-4 1.17117E-4 2.2961E-4 3.15919E-4 2.42473E-4 7.9287E-5 6.76293E-5 6.59219E-5 6.028E-5 6.73768E-5
-9999 -9999 -9999 -9999 -9999 -9999 -9999 -9999 -9999 -9999 1.1399E-5 7.50829E-6 1.2503E-5 4.2721E-5 7.59497E-5 2.32324E-5 6.96106E-5 5.09293E-5 6.00571E-5 8.20025E-5 9.31686E-5 7.27465E-5 7.31567E-5 5.81088E-5 7.10397E-5 5.05261E-5 3.32204E-5 3.33686E-5 4.69403E-5 7.30256E-5 3.73664E-5 4.07889E-5 5.10532E-5 5.59243E-5 7.69261E-5 1.12247E-4 9.47212E-5 9.98376E-5 1.11536E-4 1.92452E-4 4.36381E-4 5.74511E-4 6.30241E-4 5.36763E-4 7.04111E-4 4.18064E-4 4.30888E-4 4.32612E-4 3.22217E-4 5.47384E-4 3.9345E-4 1.65904E-4 1.17386E-4 3.45999E-4 1.51746E-4 1.3209E-4 7.32051E-5 9.45282E-5 7.33903E-5 6.29102E-5 6.94566E-5
-9999 -9999 -9999 -9999 -9999 -9999 -9999 -9999 3.00274E-5 2.04517E-5 1.70437E-5 1.11529E-5 7.72778E-6 1.5687E-5 3.39237E-5 6.98115E-5 7.1278E-5 6.09429E-5 5.09254E-5 6.9978E-5 7.81263E-5 8.78645E-5 8.68805E-5 6.97211E-5 7.52116E-5 6.45376E-5 3.29268E-5 2.53246E-5 2.84826E-5 4.26245E-5 2.75897E-5 3.26482E-5 6.16346E-5 4.60215E-5 6.71735E-5 5.88912E-5 7.6348E-5 1.05684E-4 9.62696E-5 2.11217E-4 4.36544E-4 6.33464E-4 5.76114E-4 4.89139E-4 5.23773E-4 4.07882E-4 4.20949E-4 4.34814E-4 4.61985E-4 3.64173E-4 5.48555E-4 3.90073E-4 3.44278E-4 2.79286E-4 1.29443E-4 1.07305E-4 1.59344E-4 1.36133E-4 1.4581E-4 6.89197E-5 8.16579E-5
-9999 -9999 -9999 -9999 -9999 -9999 -9999 -9999 1.33271E-5 1.25263E-5 2.13714E-5 1.70793E-5 1.36496E-5 7.63863E-6 1.00293E-5 3.83388E-5 4.04657E-5 8.08934E-5 5.10975E-5 5.64956E-5 7.23143E-5 7.81767E-5 1.03285E-4 7.1926E-5 7.25037E-5 5.25665E-5 3.53305E-5 3.11436E-5 3.07103E-5 3.04316E-5 6.65906E-5 2.62016E-5 5.2023E-5 6.89133E-5 9.39126E-5 5.23601E-5 6.96903E-5 9.13409E-5 9.45394E-5 1.06231E-4 3.23064E-4 4.84188E-4 4.46613E-4 5.16704E-4 4.68312E-4 4.66503E-4 4.0313E-4 4.3591E-4 4.26168E-4 5.3019E-4 5.32583E-4 4.92416E-4 4.21019E-4 3.65047E-4 3.4071E-4 2.70141E-4 3.82443E-4 2.84128E-4 3.47855E-4 3.0675E-4 3.81082E-4
-9999 -9999 -9999 -9999 -9999 -9999 -9999 -9999 7.43997E-6 5.80306E-6 8.27896E-6 7.42288E-6 1.09716E-5 8.78653E-6 9.54242E-6 3.15803E-5 4.49513E-5 9.38073E-5 6.05329E-5 6.30952E-5 7.42909E-5 6.09575E-5 6.88036E-5 7.48786E-5 7.89179E-5 7.5104E-5 4.13984E-5 4.32828E-5 4.07754E-5 3.65417E-5 5.28711E-5 4.88536E-5 4.61418E-5 8.10118E-5 1.27382E-4 1.11112E-4 5.17716E-5 7.34399E-5 9.07329E-5 2.59669E-4 5.12125E-4 4.50619E-4 5.43131E-4 5.81867E-4 6.19415E-4 5.15565E-4 4.36995E-4 3.73453E-4 5.45414E-4 5.24114E-4 7.03982E-4 5.63462E-4 4.42346E-4 3.36738E-4 3.8089E-4 3.43276E-4 3.74845E-4 3.12282E-4 3.62147E-4 4.48962E-4 5.79285E-4
-9999 -9999 -9999 -9999 -9999 -9999 -9999 -9999 -9999 7.20053E-6 6.57781E-6 7.635E-6 1.082E-5 1.41596E-5 9.69398E-6 9.83159E-6 3.5245E-5 9.51676E-5 1.46506E-4 1.0114E-4 4.71528E-5 4.47589E-5 4.16068E-5 7.15593E-5 5.98785E-5 6.35265E-5 4.75741E-5 3.02915E-5 3.3534E-5 2.96968E-5 2.44788E-5 3.9264E-5 4.58212E-5 4.11263E-5 7.92822E-5 7.24794E-5 7.37383E-5 7.52906E-5 1.10826E-4 5.59676E-4 4.96083E-4 4.99034E-4 6.37506E-4 5.9388E-4 4.47965E-4 4.08397E-4 5.73733E-4 5.78511E-4 3.57349E-4 4.2013E-4 3.97518E-4 3.4573E-4 3.82068E-4 6.91862E-4 5.72157E-4 4.11588E-4 4.60093E-4 3.97407E-4 4.41599E-4 3.45124E-4 5.07686E-4
-9999 -9999 -9999 -9999 -9999 -9999 -9999 -9999 -9999 7.50114E-6 8.3721E-6 7.93352E-6 6.61386E-6 1.55318E-5 1.69969E-5 1.20373E-5 1.44041E-5 3.25291E-5 7.44835E-5 6.58219E-5 3.6031E-5 3.30122E-5 4.08377E-5 4.84484E-5 5.34931E-5 5.68895E-5 6.32865E-5 4.33078E-5 2.73496E-5 2.37742E-5 4.16485E-5 2.00585E-5 7.1375E-5 3.46261E-5 6.96068E-5 9.62147E-5 1.3256E-4 7.8307E-5 9.1112E-5 3.58218E-4 5.5587E-4 5.19876E-4 4.84083E-4 5.18106E-4 4.64642E-4 3.16241E-4 3.33188E-4 5.4004E-4 3.81046E-4 4.64424E-4 5.35186E-4 3.73302E-4 4.69656E-4 5.34606E-4 5.8889E-4 4.95278E-4 3.61269E-4 3.4652E-4 4.63436E-4 4.00535E-4 5.04646E-4
-9999 -9999 -9999 -9999 -9999 -9999 -9999 -9999 -9999 -9999 7.71199E-6 4.86996E-6 4.90373E-6 1.96428E-5 2.89286E-5 1.13896E-5 1.29883E-5 2.14105E-5 5.84802E-5 4.5916E-5 3.90011E-5 2.39211E-5 3.42743E-5 9.9609E-5 7.24239E-5 6.70289E-5 5.07053E-5 3.09793E-5 2.77171E-5 2.5012E-5 3.00565E-5 2.8444E-5 3.45041E-5 3.79364E-5 4.27293E-5 7.61786E-5 1.01643E-4 9.60097E-5 1.76686E-4 3.86119E-4 4.34633E-4 4.85576E-4 5.11818E-4 4.67177E-4 2.636E-4 2.11953E-4 2.43915E-4 3.77567E-4 3.42965E-4 3.58202E-4 6.06115E-4 5.63439E-4 4.88026E-4 6.25675E-4 4.05527E-4 4.87113E-4 5.91428E-4 3.84028E-4 4.54256E-4 5.29713E-4 4.54358E-4
-9999 -9999 -9999 -9999 -9999 -9999 -9999 -9999 -9999 -9999 9.2073E-6 5.42277E-6 7.26881E-6 1.27105E-5 3.88884E-5 2.05722E-5 9.25988E-6 1.15585E-5 3.68582E-5 3.11061E-5 3.26384E-5 3.6322E-5 3.35064E-5 4.48387E-5 8.95344E-5 1.40061E-4 1.097E-4 5.3248E-5 4.79334E-5 3.27653E-5 1.91285E-5 3.02881E-5 5.25171E-5 5.20696E-5 3.20494E-5 6.1298E-5 7.68074E-5 8.62496E-5 9.92996E-5 4.85299E-4 4.74361E-4 5.38502E-4 5.86924E-4 6.68134E-4 4.95817E-4 2.88217E-4 2.24436E-4 2.28098E-4 3.24735E-4 3.02471E-4 3.98759E-4 4.51951E-4 4.86229E-4 5.14882E-4 4.67628E-4 4.02489E-4 5.32308E-4 5.44162E-4 5.24901E-4 4.34631E-4 4.32023E-4
