Candidate_Models_Sept202022/M_10_F_lqp_Set_1_all/Bison.asc
ncols         97
nrows         127
xllcorner     -2197417.7431653
yllcorner     -584827.01486885
cellsize      30000.0
NODATA_value  -9999
[rows 0 to 26 of 127, columns 0 to 60 of 97]
-9999 -9999 -9999 -9999 -9999 -9999 -9999 -9999 -9999 -9999 -9999 -9999 -9999 -9999 -9999 -9999 -9999 -9999 -9999 -9999 -9999 -9999 -9999 -9999 -9999 -9999 -9999 -9999 -9999 -9999 -9999 -9999 -9999 -9999 -9999 -9999 -9999 -9999 -9999 -9999 -9999 -9999 -9999 -9999 -9999 -9999 -9999 -9999 -9999 -9999 -9999 -9999 -9999 -9999 -9999 -9999 -9999 -9999 -9999 -9999 -9999
-9999 -9999 -9999 -9999 -9999 -9999 -9999 -9999 -9999 -9999 -9999 -9999 -9999 -9999 -9999 -9999 -9999 -9999 -9999 -9999 -9999 -9999 -9999 -9999 -9999 -9999 -9999 -9999 -9999 -9999 -9999 -9999 -9999 -9999 -9999 -9999 -9999 -9999 -9999 -9999 -9999 -9999 -9999 -9999 -9999 -9999 -9999 -9999 -9999 -9999 -9999 -9999 -9999 -9999 -9999 -9999 -9999 -9999 -9999 -9999 -9999
-9999 -9999 -9999 -9999 -9999 -9999 -9999 -9999 -9999 -9999 -9999 -9999 -9999 -9999 -9999 -9999 -9999 -9999 -9999 -9999 -9999 -9999 -9999 -9999 -9999 -9999 -9999 -9999 -9999 -9999 -9999 -9999 -9999 -9999 -9999 -9999 -9999 -9999 -9999 -9999 -9999 -9999 -9999 -9999 -9999 -9999 -9999 -9999 -9999 -9999 -9999 -9999 -9999 -9999 -9999 -9999 -9999 -9999 -9999 -9999 -9999
-9999 -9999 -9999 -9999 -9999 -9999 -9999 -9999 -9999 -9999 -9999 -9999 -9999 -9999 -9999 -9999 -9999 -9999 -9999 2.19332E-5 2.18278E-5 1.71555E-5 1.74608E-5 -9999 -9999 -9999 -9999 -9999 -9999 -9999 -9999 -9999 -9999 -9999 -9999 -9999 -9999 -9999 -9999 -9999 -9999 -9999 -9999 -9999 -9999 -9999 -9999 -9999 -9999 -9999 -9999 -9999 -9999 -9999 -9999 -9999 -9999 -9999 -9999 -9999 -9999
-9999 -9999 -9999 -9999 -9999 -9999 -9999 -9999 -9999 -9999 -9999 -9999 -9999 -9999 -9999 -9999 -9999 -9999 2.10013E-5 1.91593E-5 1.85983E-5 1.99073E-5 1.86624E-5 1.50754E-5 1.35334E-5 -9999 -9999 -9999 -9999 -9999 -9999 -9999 -9999 -9999 -9999 -9999 -9999 -9999 -9999 -9999 -9999 -9999 -9999 -9999 -9999 -9999 -9999 -9999 -9999 -9999 -9999 -9999 -9999 -9999 -9999 -9999 -9999 -9999 -9999 -9999 -9999
-9999 -9999 -9999 -9999 -9999 -9999 -9999 -9999 -9999 -9999 -9999 -9999 -9999 -9999 -9999 -9999 -9999 -9999 1.55089E-5 1.58149E-5 1.76593E-5 1.84993E-5 1.66269E-5 1.3879E-5 1.36105E-5 -9999 -9999 -9999 -9999 -9999 -9999 -9999 -9999 -9999 -9999 -9999 -9999 -9999 -9999 -9999 -9999 -9999 -9999 -9999 -9999 -9999 -9999 -9999 -9999 -9999 -9999 -9999 -9999 -9999 -9999 -9999 -9999 -9999 -9999 -9999 -9999
-9999 -9999 -9999 -9999 -9999 -9999 -9999 -9999 -9999 -9999 -9999 -9999 -9999 -9999 -9999 -9999 -9999 1.44112E-5 1.35322E-5 1.18892E-5 1.23815E-5 1.48366E-5 1.57589E-5 1.45912E-5 1.47525E-5 1.46942E-5 -9999 1.53238E-5 1.42651E-5 1.46686E-5 -9999 -9999 -9999 -9999 -9999 -9999 -9999 -9999 1.24198E-5 -9999 -9999 -9999 -9999 -9999 -9999 -9999 -9999 -9999 -9999 -9999 -9999 -9999 -9999 -9999 -9999 -9999 -9999 -9999 -9999 -9999 -9999
-9999 -9999 -9999 -9999 -9999 -9999 -9999 -9999 -9999 -9999 -9999 -9999 -9999 -9999 -9999 -9999 1.98058E-5 1.85309E-5 1.25657E-5 9.38082E-6 1.00701E-5 1.21185E-5 1.50832E-5 1.45051E-5 1.48778E-5 1.44138E-5 1.45707E-5 1.46978E-5 1.35876E-5 1.37039E-5 1.3698E-5 1.43182E-5 1.31189E-5 1.29879E-5 1.30835E-5 1.33269E-5 1.35031E-5 -9999 1.20116E-5 1.17593E-5 -9999 -9999 -9999 -9999 -9999 -9999 -9999 -9999 -9999 -9999 -9999 -9999 -9999 -9999 -9999 -9999 -9999 -9999 -9999 -9999 -9999
-9999 -9999 -9999 -9999 -9999 -9999 -9999 -9999 -9999 -9999 -9999 -9999 -9999 -9999 -9999 9.01419E-6 1.12879E-5 1.1609E-5 1.14603E-5 9.28179E-6 9.47527E-6 1.11183E-5 1.4565E-5 1.55283E-5 1.50789E-5 1.33725E-5 1.27935E-5 1.28038E-5 1.25842E-5 1.24682E-5 1.2548E-5 1.26688E-5 1.25027E-5 1.21714E-5 1.28934E-5 1.44388E-5 1.38066E-5 1.39545E-5 1.23285E-5 1.23168E-5 -9999 -9999 -9999 -9999 -9999 -9999 -9999 -9999 -9999 -9999 -9999 -9999 -9999 -9999 -9999 -9999 -9999 -9999 -9999 -9999 -9999
-9999 -9999 -9999 -9999 -9999 -9999 -9999 -9999 -9999 -9999 -9999 -9999 -9999 -9999 -9999 9.71951E-6 1.14711E-5 1.01732E-5 8.93474E-6 9.03903E-6 9.16986E-6 1.14143E-5 1.57952E-5 1.79721E-5 1.65141E-5 1.30979E-5 1.19967E-5 1.20062E-5 1.16274E-5 1.19348E-5 1.22302E-5 1.25643E-5 1.19549E-5 1.18477E-5 1.37512E-5 1.57268E-5 1.65979E-5 1.57002E-5 1.37743E-5 -9999 -9999 -9999 1.22699E-5 -9999 -9999 -9999 -9999 -9999 -9999 -9999 -9999 -9999 -9999 -9999 -9999 -9999 -9999 -9999 -9999 -9999 -9999
-9999 -9999 -9999 -9999 -9999 -9999 -9999 -9999 -9999 -9999 -9999 -9999 -9999 -9999 1.51461E-5 1.14477E-5 1.33529E-5 1.287E-5 1.28054E-5 1.08691E-5 1.02414E-5 1.18815E-5 1.66115E-5 1.7228E-5 1.80308E-5 1.1089E-5 1.17223E-5 1.21983E-5 1.2016E-5 1.21102E-5 1.2201E-5 1.23626E-5 1.1771E-5 1.2338E-5 1.49258E-5 1.68581E-5 1.68628E-5 1.56298E-5 1.31695E-5 -9999 -9999 1.28538E-5 -9999 -9999 -9999 -9999 -9999 -9999 -9999 -9999 -9999 -9999 -9999 -9999 -9999 -9999 -9999 -9999 -9999 -9999 -9999
-9999 -9999 -9999 -9999 -9999 -9999 -9999 -9999 -9999 -9999 -9999 -9999 -9999 1.1299E-5 1.304E-5 9.58943E-6 1.26337E-5 1.46523E-5 1.70261E-5 2.85406E-5 1.33308E-5 1.59917E-5 1.35434E-5 1.87513E-5 1.25503E-5 9.95066E-6 1.10864E-5 1.11067E-5 1.15262E-5 1.23555E-5 1.23099E-5 1.17423E-5 1.18349E-5 1.32161E-5 1.45119E-5 1.56546E-5 1.67322E-5 1.64089E-5 1.33906E-5 1.2733E-5 1.24415E-5 1.29186E-5 -9999 1.39806E-5 1.40849E-5 -9999 -9999 -9999 -9999 -9999 -9999 -9999 -9999 -9999 -9999 -9999 -9999 -9999 -9999 -9999 -9999
-9999 -9999 -9999 -9999 -9999 -9999 -9999 -9999 -9999 -9999 -9999 -9999 -9999 1.15494E-5 1.05951E-5 1.12609E-5 1.61356E-5 1.30491E-5 4.18371E-5 2.43462E-5 1.8758E-5 1.31397E-5 1.62058E-5 1.71149E-5 1.1197E-5 1.05187E-5 1.07558E-5 1.12591E-5 1.16986E-5 1.18136E-5 1.12968E-5 1.11928E-5 1.11585E-5 1.16443E-5 1.21698E-5 1.19643E-5 1.53126E-5 1.41725E-5 1.24647E-5 1.19122E-5 1.21275E-5 1.48237E-5 1.37172E-5 1.48152E-5 1.53724E-5 1.53611E-5 -9999 -9999 -9999 -9999 -9999 -9999 -9999 -9999 -9999 -9999 -9999 -9999 -9999 -9999 -9999
-9999 -9999 -9999 -9999 -9999 -9999 -9999 -9999 -9999 -9999 -9999 -9999 2.2033E-5 2.97783E-5 1.51413E-5 1.89822E-5 1.82559E-5 1.7429E-5 1.00906E-5 1.82073E-5 1.73148E-5 1.58838E-5 1.83385E-5 1.26097E-5 9.71432E-6 1.04647E-5 1.06977E-5 1.13294E-5 1.12574E-5 1.05436E-5 1.06886E-5 1.08845E-5 1.10202E-5 1.08816E-5 1.09557E-5 1.16813E-5 1.22048E-5 1.2731E-5 1.26095E-5 1.22165E-5 1.23123E-5 1.27069E-5 1.36548E-5 1.50979E-5 1.56601E-5 1.56214E-5 1.54252E-5 -9999 -9999 -9999 1.1398E-5 1.07098E-5 -9999 -9999 -9999 -9999 -9999 -9999 -9999 -9999 -9999
-9999 -9999 -9999 -9999 -9999 -9999 -9999 -9999 -9999 -9999 -9999 1.19001E-5 1.29125E-5 3.02765E-5 1.79923E-5 1.56196E-5 1.30628E-5 3.06511E-5 2.05439E-5 1.60896E-5 1.59154E-5 2.28523E-5 1.69083E-5 9.99322E-6 9.85465E-6 1.02797E-5 1.01535E-5 1.15788E-5 1.1405E-5 1.13771E-5 1.05202E-5 1.02266E-5 1.08015E-5 1.10476E-5 1.09817E-5 1.14583E-5 1.21001E-5 1.2681E-5 1.25254E-5 1.29021E-5 1.28188E-5 1.32317E-5 1.40386E-5 1.52725E-5 1.58419E-5 1.58799E-5 1.5002E-5 1.37697E-5 -9999 -9999 -9999 1.121E-5 1.08707E-5 -9999 -9999 -9999 -9999 -9999 -9999 -9999 -9999
-9999 -9999 -9999 -9999 -9999 -9999 -9999 -9999 -9999 -9999 -9999 1.15487E-5 9.33929E-6 1.36882E-5 1.65687E-5 1.50388E-5 1.11723E-5 1.81732E-5 1.41713E-5 2.18939E-5 1.77852E-5 2.09797E-5 1.41625E-5 1.01383E-5 1.05038E-5 1.07997E-5 1.12671E-5 1.08455E-5 1.03589E-5 1.03161E-5 1.04571E-5 1.05549E-5 1.08048E-5 1.07899E-5 1.08232E-5 1.16225E-5 1.23788E-5 1.29096E-5 1.31396E-5 1.31503E-5 1.31256E-5 1.39113E-5 1.44768E-5 1.50895E-5 1.45631E-5 1.5047E-5 1.45362E-5 1.40855E-5 1.36699E-5 -9999 -9999 1.18025E-5 1.1436E-5 1.08842E-5 1.08951E-5 -9999 -9999 -9999 -9999 -9999 -9999
-9999 -9999 -9999 -9999 -9999 -9999 -9999 -9999 -9999 -9999 1.94448E-5 1.14503E-5 1.85082E-5 1.44161E-5 1.39787E-5 1.31065E-5 1.23935E-5 1.11791E-5 1.18564E-5 3.23016E-5 2.68082E-5 2.06793E-5 1.63459E-5 1.54821E-5 1.06668E-5 1.1313E-5 1.21775E-5 1.22542E-5 1.09335E-5 1.08089E-5 9.97638E-6 1.03768E-5 1.00145E-5 1.06667E-5 1.10618E-5 1.19108E-5 1.26255E-5 1.31942E-5 1.30461E-5 1.32958E-5 1.39762E-5 1.43761E-5 1.44644E-5 1.44502E-5 1.38656E-5 1.39106E-5 1.42409E-5 1.45555E-5 1.41501E-5 1.33913E-5 1.26061E-5 1.35085E-5 -9999 -9999 1.08962E-5 1.04848E-5 -9999 -9999 -9999 -9999 -9999
-9999 -9999 -9999 -9999 -9999 -9999 -9999 -9999 -9999 1.84384E-5 3.72819E-5 1.58537E-5 1.65907E-5 1.58899E-5 1.47551E-5 1.3979E-5 1.23001E-5 1.33956E-5 1.30512E-5 1.3483E-5 1.28715E-5 1.62873E-5 2.22758E-5 1.26344E-5 1.14191E-5 1.17932E-5 1.25277E-5 1.30497E-5 1.24625E-5 1.08284E-5 1.03709E-5 1.0143E-5 1.03827E-5 1.0108E-5 1.10831E-5 1.24341E-5 1.24257E-5 1.29405E-5 1.32374E-5 1.35122E-5 1.43475E-5 1.47528E-5 1.49996E-5 1.43699E-5 1.43304E-5 1.4086E-5 1.44682E-5 1.46011E-5 1.40982E-5 1.34002E-5 1.31767E-5 1.34448E-5 1.33073E-5 -9999 1.06157E-5 1.05778E-5 1.03004E-5 9.86123E-6 -9999 -9999 -9999
-9999 -9999 -9999 -9999 -9999 -9999 -9999 -9999 2.77587E-5 2.08776E-5 2.11885E-5 1.15929E-5 7.03682E-6 1.44215E-5 2.09021E-5 1.88196E-5 1.80217E-5 1.50741E-5 1.54776E-5 1.21227E-5 1.14969E-5 1.58339E-5 2.04673E-5 9.6117E-6 1.19639E-5 1.22541E-5 1.3404E-5 1.32328E-5 1.20321E-5 1.13781E-5 1.01115E-5 1.03888E-5 1.07755E-5 1.12489E-5 1.1595E-5 1.28917E-5 1.30493E-5 1.27211E-5 1.34327E-5 1.36465E-5 1.50705E-5 1.55566E-5 1.51595E-5 1.48334E-5 1.42391E-5 1.43322E-5 1.4886E-5 1.46661E-5 1.40872E-5 1.37248E-5 1.3608E-5 1.37688E-5 1.36454E-5 1.37018E-5 1.10443E-5 1.08298E-5 1.02648E-5 9.91001E-6 9.41576E-6 9.16347E-6 9.02202E-6
-9999 -9999 -9999 -9999 -9999 -9999 -9999 -9999 1.2338E-5 1.28297E-5 8.14711E-6 6.02201E-6 8.3937E-6 1.67278E-5 2.25515E-5 2.68072E-5 2.02447E-5 2.05419E-5 2.11104E-5 1.5668E-5 1.46561E-5 1.37313E-5 1.33549E-5 1.31215E-5 1.26426E-5 1.17991E-5 1.32289E-5 1.26814E-5 1.22565E-5 1.19333E-5 1.02887E-5 1.03457E-5 1.11368E-5 1.22873E-5 1.29479E-5 1.30822E-5 1.40169E-5 1.2807E-5 1.41843E-5 1.40167E-5 1.63165E-5 1.6051E-5 1.5654E-5 1.52611E-5 1.51022E-5 1.53255E-5 1.52845E-5 1.5021E-5 1.46606E-5 1.42165E-5 1.42446E-5 1.42787E-5 1.4289E-5 1.36624E-5 -9999 1.11945E-5 1.07223E-5 1.03889E-5 9.26638E-6 9.32023E-6 8.84588E-6
-9999 -9999 -9999 -9999 -9999 -9999 -9999 9.49009E-6 1.01492E-5 1.92255E-5 1.83916E-5 8.07134E-6 9.41314E-6 1.16439E-5 1.87228E-5 2.69014E-5 2.21444E-5 2.20292E-5 2.34529E-5 2.06988E-5 1.80978E-5 1.59915E-5 1.95503E-5 1.64348E-5 1.49054E-5 1.3305E-5 1.26544E-5 1.49498E-5 1.69419E-5 1.3297E-5 1.37184E-5 1.27609E-5 1.30639E-5 1.24442E-5 1.33609E-5 1.77253E-5 1.4748E-5 1.40624E-5 1.46364E-5 1.46227E-5 1.62021E-5 1.62887E-5 1.6193E-5 1.59365E-5 1.62048E-5 1.6223E-5 1.59268E-5 1.54171E-5 1.50117E-5 1.46659E-5 1.45878E-5 1.48611E-5 -9999 -9999 -9999 -9999 -9999 -9999 -9999 -9999 -9999
-9999 -9999 -9999 -9999 -9999 -9999 2.16397E-5 1.95844E-5 1.55873E-5 1.01899E-5 2.17939E-5 4.73051E-5 1.17212E-5 2.34873E-5 9.28423E-6 1.87101E-5 2.51253E-5 2.79833E-5 2.48883E-5 2.78507E-5 2.39491E-5 1.82552E-5 2.10272E-5 2.67808E-5 2.02601E-5 2.08381E-5 1.74106E-5 1.63775E-5 1.62997E-5 1.14431E-5 1.90651E-5 2.41766E-5 1.29077E-5 1.35182E-5 1.35593E-5 1.76683E-5 1.53156E-5 1.50989E-5 1.51953E-5 1.52379E-5 1.64566E-5 1.66318E-5 1.66963E-5 1.7282E-5 1.72073E-5 1.67496E-5 1.6464E-5 1.57512E-5 1.54677E-5 1.49502E-5 1.53155E-5 1.56523E-5 1.44523E-5 1.32373E-5 -9999 -9999 -9999 -9999 -9999 -9999 -9999
-9999 -9999 -9999 -9999 -9999 -9999 1.81245E-5 1.79924E-5 1.16355E-5 1.03121E-5 9.42992E-6 5.11986E-5 1.82014E-5 1.78609E-5 1.46618E-5 2.02683E-5 1.97353E-5 2.3837E-5 1.84086E-5 2.54838E-5 2.99948E-5 2.46611E-5 2.39125E-5 2.72085E-5 2.51866E-5 2.33119E-5 2.12335E-5 1.69908E-5 1.33715E-5 1.22999E-5 1.21647E-5 2.01573E-5 1.45572E-5 1.64939E-5 1.71883E-5 1.81307E-5 1.57708E-5 1.71606E-5 1.70645E-5 1.64861E-5 1.66325E-5 1.81258E-5 1.8193E-5 1.90636E-5 1.84947E-5 1.65837E-5 1.65582E-5 1.65497E-5 1.5774E-5 1.55051E-5 1.49249E-5 1.45712E-5 1.34909E-5 1.2861E-5 1.25155E-5 1.1702E-5 1.08288E-5 1.02694E-5 1.04867E-5 1.04969E-5 9.52704E-6
-9999 -9999 -9999 -9999 -9999 1.58963E-5 1.17411E-5 1.17525E-5 1.21239E-5 3.10064E-5 2.88759E-5 1.84641E-5 1.10647E-5 1.50613E-5 1.17977E-5 1.06123E-5 1.04048E-5 2.18352E-5 1.458E-5 1.74324E-5 2.73151E-5 2.73273E-5 2.84228E-5 3.15115E-5 2.72828E-5 2.46089E-5 2.63481E-5 1.8221E-5 1.14608E-5 1.1885E-5 1.3122E-5 1.6573E-5 2.00288E-5 1.99114E-5 2.46992E-5 2.01408E-5 1.8101E-5 -9999 -9999 2.02277E-5 -9999 -9999 -9999 1.88406E-5 1.72235E-5 1.63731E-5 1.7111E-5 1.66871E-5 1.56355E-5 1.53579E-5 1.47597E-5 1.38808E-5 1.31553E-5 1.25947E-5 1.21453E-5 1.13411E-5 1.08701E-5 1.04469E-5 1.04833E-5 1.01146E-5 9.85419E-6
-9999 -9999 -9999 -9999 3.17714E-5 1.36447E-5 1.53368E-5 1.39701E-5 1.50512E-5 1.46269E-5 8.55494E-6 1.14375E-5 2.21874E-5 1.5516E-5 1.1517E-5 1.24637E-5 1.53431E-5 1.39212E-5 1.22543E-5 1.52835E-5 2.22032E-5 2.0651E-5 2.16639E-5 3.39287E-5 2.59144E-5 3.40233E-5 2.72397E-5 2.56355E-5 2.20206E-5 1.30007E-5 1.30602E-5 2.01014E-5 2.29065E-5 1.59243E-5 1.95612E-5 1.67355E-5 1.60094E-5 1.86036E-5 1.82991E-5 1.83314E-5 2.34641E-5 -9999 2.20141E-5 2.0221E-5 1.77203E-5 1.70015E-5 1.72176E-5 1.57068E-5 1.54167E-5 1.61917E-5 1.55718E-5 1.43056E-5 1.37354E-5 1.2936E-5 1.17305E-5 1.09519E-5 1.03282E-5 1.03083E-5 9.88757E-6 9.75439E-6 9.62953E-6
-9999 -9999 -9999 2.55996E-5 3.37338E-5 2.2615E-5 1.25094E-5 1.73047E-5 1.5308E-5 1.09607E-5 1.19183E-5 1.27762E-5 2.81141E-5 1.7012E-5 2.06714E-5 1.00375E-5 1.46753E-5 1.80457E-5 1.6299E-5 1.91218E-5 1.68126E-5 1.19305E-5 2.47728E-5 2.89015E-5 3.28507E-5 3.15859E-5 2.87062E-5 2.40267E-5 2.42398E-5 2.19058E-5 1.5363E-5 1.7796E-5 1.98028E-5 1.39216E-5 1.72936E-5 2.14589E-5 1.76801E-5 1.81258E-5 1.71594E-5 1.72712E-5 2.0891E-5 2.15169E-5 -9999 -9999 1.79603E-5 1.8479E-5 1.74646E-5 1.54486E-5 1.59219E-5 1.57458E-5 1.77581E-5 1.47994E-5 1.40635E-5 1.35124E-5 1.25013E-5 1.11571E-5 1.07749E-5 1.03799E-5 1.03033E-5 1.0122E-5 1.02353E-5
-9999 -9999 -9999 5.656E-5 3.41358E-5 2.24388E-5 1.22565E-5 2.59724E-5 6.32498E-5 1.76531E-5 2.20934E-5 1.77822E-5 1.48559E-5 1.40268E-5 4.47155E-5 1.58451E-5 1.90623E-5 3.15367E-5 2.36885E-5 1.54369E-5 1.75397E-5 1.44803E-5 1.59612E-5 2.33335E-5 2.95276E-5 3.06042E-5 2.9385E-5 2.91852E-5 2.83373E-5 2.5194E-5 2.29108E-5 1.57145E-5 2.40153E-5 1.8342E-5 1.94078E-5 2.08195E-5 1.95328E-5 1.98999E-5 1.74653E-5 1.83153E-5 -9999 -9999 -9999 -9999 -9999 1.74838E-5 1.67645E-5 1.5341E-5 1.53232E-5 1.46267E-5 1.60707E-5 1.85947E-5 1.39503E-5 1.37437E-5 1.17912E-5 1.06939E-5 1.11357E-5 1.16318E-5 1.24396E-5 1.22058E-5 1.28886E-5
