Candidate_Models_July82022/M_0.2_F_lqp_Set_1_all/Bison.asc
ncols         290
nrows         380
xllcorner     -2197417.7431653
yllcorner     -584827.01486885
cellsize      10000.0
NODATA_value  -9999
[rows 297 to 323 of 380, columns 183 to 243 of 290]
2.3976E-4 3.2801E-4 1.78759E-4 1.74412E-4 1.9353E-4 1.87199E-4 1.87522E-4 1.83079E-4 1.87883E-4 2.05336E-4 2.00982E-4 2.17099E-4 2.08168E-4 1.977E-4 1.77507E-4 1.60555E-4 1.71174E-4 1.71143E-4 1.54623E-4 1.68462E-4 1.74313E-4 1.57158E-4 1.57815E-4 1.68725E-4 1.59646E-4 1.73448E-4 1.7187E-4 1.7061E-4 1.68216E-4 2.00412E-4 1.8456E-4 1.76854E-4 1.64689E-4 1.87985E-4 1.57656E-4 2.7871E-4 2.5769E-4 1.94888E-4 1.96419E-4 2.34389E-4 1.7576E-4 2.29207E-4 2.29654E-4 1.50443E-4 1.19871E-4 1.39644E-4 1.33516E-4 1.20904E-4 1.17675E-4 1.4532E-4 1.13578E-4 1.39764E-4 1.18179E-4 9.97479E-5 9.30871E-5 9.50994E-5 9.454E-5 8.74997E-5 8.42295E-5 7.48011E-5 7.79885E-5
2.89655E-4 2.75647E-4 1.97592E-4 1.79023E-4 1.99746E-4 1.98419E-4 1.8428E-4 1.91037E-4 1.88407E-4 1.95981E-4 1.79438E-4 1.91766E-4 1.87284E-4 1.80504E-4 1.84378E-4 1.78077E-4 1.69648E-4 1.57225E-4 1.57624E-4 1.72831E-4 1.87213E-4 1.79718E-4 1.6391E-4 1.61989E-4 1.62939E-4 1.71914E-4 1.71008E-4 2.06897E-4 1.8927E-4 2.6615E-4 1.76221E-4 1.87353E-4 1.75772E-4 1.61624E-4 1.68642E-4 3.09027E-4 1.73875E-4 1.79562E-4 3.56326E-4 3.09809E-4 2.63961E-4 2.19747E-4 2.11743E-4 2.29807E-4 1.28771E-4 1.20899E-4 1.37886E-4 1.81956E-4 1.14745E-4 1.1808E-4 1.12532E-4 1.5848E-4 1.17305E-4 9.64946E-5 9.53451E-5 9.58593E-5 9.53876E-5 8.93879E-5 8.5562E-5 7.91354E-5 7.62318E-5
2.10804E-4 2.12272E-4 1.8063E-4 1.86557E-4 1.91226E-4 1.98558E-4 1.75172E-4 1.84565E-4 1.93758E-4 1.65367E-4 1.8159E-4 1.92805E-4 1.81108E-4 1.75412E-4 1.81172E-4 1.75458E-4 1.68803E-4 1.52745E-4 1.54465E-4 1.68293E-4 1.91135E-4 2.06168E-4 1.82337E-4 1.72709E-4 1.63765E-4 1.60864E-4 1.66972E-4 1.81005E-4 1.76414E-4 2.23704E-4 1.88201E-4 1.78913E-4 1.73215E-4 1.72613E-4 1.48626E-4 1.66316E-4 1.5302E-4 1.47431E-4 3.88865E-4 2.54927E-4 2.90631E-4 2.17883E-4 2.22501E-4 1.84591E-4 1.29169E-4 1.42565E-4 1.77871E-4 1.23845E-4 1.19689E-4 1.54213E-4 1.25153E-4 1.27818E-4 1.64484E-4 1.03864E-4 9.9327E-5 9.65933E-5 9.28794E-5 8.7742E-5 8.45047E-5 7.92112E-5 1.03505E-4
1.59345E-4 3.85291E-4 1.93907E-4 1.59879E-4 1.7352E-4 1.8081E-4 1.82385E-4 1.87481E-4 1.9023E-4 1.63814E-4 1.73375E-4 1.9293E-4 1.6247E-4 1.70793E-4 1.99416E-4 2.26886E-4 1.68212E-4 1.63982E-4 1.55063E-4 1.73096E-4 1.89116E-4 1.86558E-4 1.74194E-4 1.70962E-4 1.70896E-4 1.54791E-4 1.70227E-4 1.79942E-4 1.84623E-4 2.21428E-4 1.7779E-4 1.67427E-4 1.48723E-4 1.51365E-4 1.68999E-4 1.91538E-4 1.61081E-4 1.41338E-4 2.93584E-4 1.96424E-4 1.93842E-4 2.64681E-4 1.84304E-4 2.03932E-4 1.34893E-4 1.2701E-4 1.96492E-4 1.32714E-4 1.24403E-4 1.38018E-4 1.71049E-4 1.55078E-4 1.20332E-4 1.0869E-4 1.01907E-4 9.70712E-5 9.55726E-5 9.33812E-5 8.53205E-5 8.02384E-5 2.70785E-4
1.43639E-4 2.64628E-4 3.15276E-4 1.65637E-4 1.72092E-4 1.73396E-4 1.74862E-4 1.80086E-4 2.04299E-4 1.90092E-4 1.84956E-4 1.94307E-4 1.79421E-4 2.09702E-4 1.74605E-4 1.71684E-4 1.78784E-4 1.72826E-4 1.72988E-4 1.82138E-4 1.89105E-4 1.8873E-4 1.68055E-4 1.67714E-4 1.73854E-4 1.61804E-4 1.68705E-4 1.86191E-4 1.70557E-4 1.92957E-4 5.19526E-4 1.54001E-4 1.51626E-4 1.69055E-4 1.55717E-4 1.61892E-4 1.63274E-4 2.01923E-4 2.99786E-4 1.75698E-4 1.92841E-4 2.5054E-4 2.21842E-4 2.17876E-4 1.3785E-4 1.27201E-4 1.261E-4 1.14578E-4 1.18229E-4 1.28906E-4 1.19557E-4 1.21255E-4 1.25797E-4 1.16592E-4 1.05856E-4 1.34809E-4 9.62451E-5 9.45539E-5 8.95718E-5 8.4396E-5 9.521E-5
1.48262E-4 1.44828E-4 1.51074E-4 1.7859E-4 1.67698E-4 1.72802E-4 1.75565E-4 1.81552E-4 1.73704E-4 1.86477E-4 2.00352E-4 1.97427E-4 1.79337E-4 1.80433E-4 1.792E-4 1.71378E-4 1.77212E-4 1.67681E-4 1.68472E-4 1.69236E-4 1.8882E-4 1.78728E-4 1.67423E-4 1.72495E-4 1.73809E-4 1.71304E-4 1.81493E-4 1.39975E-4 1.86644E-4 1.88119E-4 3.62236E-4 1.66646E-4 1.50117E-4 1.55362E-4 1.93534E-4 3.37693E-4 4.15765E-4 1.86158E-4 1.50658E-4 1.90296E-4 2.68431E-4 1.82104E-4 2.16429E-4 1.6721E-4 1.35455E-4 1.23561E-4 1.25791E-4 1.17636E-4 1.15965E-4 1.26945E-4 1.19843E-4 1.18885E-4 1.33647E-4 1.17281E-4 1.10077E-4 1.19681E-4 9.98891E-5 9.17222E-5 8.83864E-5 8.43232E-5 7.92017E-5
1.4663E-4 1.41755E-4 1.59914E-4 1.56776E-4 1.68066E-4 1.78419E-4 1.7942E-4 1.80511E-4 1.83908E-4 2.7979E-4 2.11644E-4 1.92931E-4 1.84834E-4 1.76603E-4 1.86163E-4 1.8301E-4 1.75411E-4 1.73473E-4 1.90543E-4 1.74711E-4 1.77308E-4 1.972E-4 2.84257E-4 1.73848E-4 1.90753E-4 1.78196E-4 1.6837E-4 1.67933E-4 1.69237E-4 1.5422E-4 2.0059E-4 2.81099E-4 1.81083E-4 1.86274E-4 2.28593E-4 2.26837E-4 1.58907E-4 1.73983E-4 1.67516E-4 2.47628E-4 3.09731E-4 2.10228E-4 1.85761E-4 2.55778E-4 1.74864E-4 1.34092E-4 1.22919E-4 1.14529E-4 1.22305E-4 1.19055E-4 1.20516E-4 1.20657E-4 1.40388E-4 1.18137E-4 1.13679E-4 1.0493E-4 1.05351E-4 9.75386E-5 1.00302E-4 9.34962E-5 7.98515E-5
1.39595E-4 1.45331E-4 1.5403E-4 1.68747E-4 1.77862E-4 1.69347E-4 1.79978E-4 1.82439E-4 1.8336E-4 1.87245E-4 1.96641E-4 2.01829E-4 1.86739E-4 1.69818E-4 1.68619E-4 1.74037E-4 1.72911E-4 1.79092E-4 1.81759E-4 1.87512E-4 1.80313E-4 1.77146E-4 1.67877E-4 1.62294E-4 1.75648E-4 1.78842E-4 1.71255E-4 1.76489E-4 1.79271E-4 1.7079E-4 1.74653E-4 1.68849E-4 1.94899E-4 1.59848E-4 1.74599E-4 1.75063E-4 2.29776E-4 1.65904E-4 2.45274E-4 1.53508E-4 1.83555E-4 1.60161E-4 1.86807E-4 2.3283E-4 1.92399E-4 1.32311E-4 1.25952E-4 1.23113E-4 1.21248E-4 1.22873E-4 1.16332E-4 1.17145E-4 1.26966E-4 1.27324E-4 1.17139E-4 1.09529E-4 1.1075E-4 1.30409E-4 1.18576E-4 8.68972E-5 8.11347E-5
1.48393E-4 1.54578E-4 1.58341E-4 1.86159E-4 1.63962E-4 1.72102E-4 1.63505E-4 1.81217E-4 1.84791E-4 1.8822E-4 1.93306E-4 2.00257E-4 1.75282E-4 1.76958E-4 1.7185E-4 1.7335E-4 1.64062E-4 1.77694E-4 1.88149E-4 1.79956E-4 1.82894E-4 1.78238E-4 1.77922E-4 1.68662E-4 1.82164E-4 1.79645E-4 1.71451E-4 1.64607E-4 1.88077E-4 1.88756E-4 1.67137E-4 1.59467E-4 1.96147E-4 1.8372E-4 1.90768E-4 1.75983E-4 1.67654E-4 1.65026E-4 2.63869E-4 1.74726E-4 1.7404E-4 2.39238E-4 2.13608E-4 1.90251E-4 1.89051E-4 1.45658E-4 1.33925E-4 1.26467E-4 1.22336E-4 1.28485E-4 1.30123E-4 1.22807E-4 1.48418E-4 1.25027E-4 1.1745E-4 1.08276E-4 1.41752E-4 1.18179E-4 1.01233E-4 8.63208E-5 8.09657E-5
1.76219E-4 1.52824E-4 1.48852E-4 1.59838E-4 2.33215E-4 1.71361E-4 1.62056E-4 1.6952E-4 1.82765E-4 1.80885E-4 1.72196E-4 1.75328E-4 1.75973E-4 1.81272E-4 1.76265E-4 1.69165E-4 1.66689E-4 1.72897E-4 1.82567E-4 1.68051E-4 1.74257E-4 1.66108E-4 1.68325E-4 1.80283E-4 1.81426E-4 1.83705E-4 1.65783E-4 1.64145E-4 1.57903E-4 1.55475E-4 1.67346E-4 1.52282E-4 1.75322E-4 1.66879E-4 1.83845E-4 1.87833E-4 1.84939E-4 1.75517E-4 1.67529E-4 2.2209E-4 2.31355E-4 2.2421E-4 1.96723E-4 1.83702E-4 2.27694E-4 1.5377E-4 1.32404E-4 1.25463E-4 1.14236E-4 1.21751E-4 1.22841E-4 1.32473E-4 1.32739E-4 1.23392E-4 1.13282E-4 1.12186E-4 1.35497E-4 1.78292E-4 1.54871E-4 8.50808E-5 7.82597E-5
1.37327E-4 1.51949E-4 1.56263E-4 1.61858E-4 2.19335E-4 1.98045E-4 1.65642E-4 1.69977E-4 1.78642E-4 1.75186E-4 1.81531E-4 1.74792E-4 1.77598E-4 1.67589E-4 1.72811E-4 1.65845E-4 1.70604E-4 1.79592E-4 1.73029E-4 1.78166E-4 1.80225E-4 1.74737E-4 1.79284E-4 1.68656E-4 1.93257E-4 1.72951E-4 1.7671E-4 1.58449E-4 1.57414E-4 1.52369E-4 1.59138E-4 1.70927E-4 1.81598E-4 1.43894E-4 1.59933E-4 1.65122E-4 1.78737E-4 1.60565E-4 1.84275E-4 1.87588E-4 1.94799E-4 2.28538E-4 2.52259E-4 2.04777E-4 1.98836E-4 1.66647E-4 1.30484E-4 1.26686E-4 1.16845E-4 1.26919E-4 1.13175E-4 1.2439E-4 1.59716E-4 1.18202E-4 1.21756E-4 1.09542E-4 1.24404E-4 1.03912E-4 9.14764E-5 8.41308E-5 7.79102E-5
1.45842E-4 1.45649E-4 1.62285E-4 1.6109E-4 1.60404E-4 1.96833E-4 1.71684E-4 1.78069E-4 1.82558E-4 1.7912E-4 1.8122E-4 1.86795E-4 1.72708E-4 1.92207E-4 1.84727E-4 1.76221E-4 1.69727E-4 1.68445E-4 1.71607E-4 1.6802E-4 1.70479E-4 1.82632E-4 1.6977E-4 1.69931E-4 1.61788E-4 1.54468E-4 1.65072E-4 1.48399E-4 1.46992E-4 1.43023E-4 1.52816E-4 1.51186E-4 1.77298E-4 1.44374E-4 1.69082E-4 1.89985E-4 1.7484E-4 1.77823E-4 1.90246E-4 1.91425E-4 2.44472E-4 2.34365E-4 1.87849E-4 2.47496E-4 2.22688E-4 1.66088E-4 1.23801E-4 1.22435E-4 1.11156E-4 1.20119E-4 1.20551E-4 1.15161E-4 1.79874E-4 1.47951E-4 1.15729E-4 1.12756E-4 1.33967E-4 9.90372E-5 1.12114E-4 9.46716E-5 7.8263E-5
1.37496E-4 1.59268E-4 1.54826E-4 1.63951E-4 1.7103E-4 1.8079E-4 1.73085E-4 1.76972E-4 1.76472E-4 1.74951E-4 1.7223E-4 1.87485E-4 1.75164E-4 1.78694E-4 1.78279E-4 1.79077E-4 1.83557E-4 1.73503E-4 1.61603E-4 1.58457E-4 1.57607E-4 1.68554E-4 1.73901E-4 1.78008E-4 1.69737E-4 1.61079E-4 1.49277E-4 1.52543E-4 1.64813E-4 1.67641E-4 1.69976E-4 2.1204E-4 1.69197E-4 1.48155E-4 1.69955E-4 1.79118E-4 1.94002E-4 1.82272E-4 1.7671E-4 2.17147E-4 2.51231E-4 4.20877E-4 2.14264E-4 2.11349E-4 2.26094E-4 1.61862E-4 1.22412E-4 1.24612E-4 1.16667E-4 1.11825E-4 1.11148E-4 1.13956E-4 1.62831E-4 1.28761E-4 1.23541E-4 1.2725E-4 1.11335E-4 1.10293E-4 1.49833E-4 1.79384E-4 1.68449E-4
1.41425E-4 1.76153E-4 2.3894E-4 1.66385E-4 1.7624E-4 1.63152E-4 1.65624E-4 1.7093E-4 1.71069E-4 1.70332E-4 1.75858E-4 2.33245E-4 1.71262E-4 1.72562E-4 1.62589E-4 1.76712E-4 1.85201E-4 1.68861E-4 1.54639E-4 1.53014E-4 1.43858E-4 1.54674E-4 1.53216E-4 1.50971E-4 1.53628E-4 1.56203E-4 1.47396E-4 1.56806E-4 1.44451E-4 1.51348E-4 1.39525E-4 1.58677E-4 3.25874E-4 1.44693E-4 1.47737E-4 1.58425E-4 2.01024E-4 1.7329E-4 1.95299E-4 1.89401E-4 2.5515E-4 2.2421E-4 2.61014E-4 2.12746E-4 2.03553E-4 1.33741E-4 1.24102E-4 1.22554E-4 1.22167E-4 1.14475E-4 1.14898E-4 1.86594E-4 2.46194E-4 1.71222E-4 1.11363E-4 1.13029E-4 1.32351E-4 1.38767E-4 1.43052E-4 9.68415E-5 1.06173E-4
1.50104E-4 3.95953E-4 3.41919E-4 1.89085E-4 2.07308E-4 1.65107E-4 1.5859E-4 1.74504E-4 1.75792E-4 2.55991E-4 1.69209E-4 1.69959E-4 1.73739E-4 1.72618E-4 1.56714E-4 1.5474E-4 1.63956E-4 1.73742E-4 1.52867E-4 1.53103E-4 1.53722E-4 1.55901E-4 1.63599E-4 1.61696E-4 1.6306E-4 1.61488E-4 1.65345E-4 1.54342E-4 1.45672E-4 1.42304E-4 1.38399E-4 1.46218E-4 2.92879E-4 3.97463E-4 1.8115E-4 1.52153E-4 1.72087E-4 1.7834E-4 1.61649E-4 1.61269E-4 1.84469E-4 1.7265E-4 2.07308E-4 2.12007E-4 1.59639E-4 1.26667E-4 1.27125E-4 1.22826E-4 1.16463E-4 1.19524E-4 1.29542E-4 2.25413E-4 1.59153E-4 2.51643E-4 1.18679E-4 1.08263E-4 1.3844E-4 9.95693E-5 1.12188E-4 1.03613E-4 1.00632E-4
2.43986E-4 1.89509E-4 1.5208E-4 2.63576E-4 2.11084E-4 1.69879E-4 1.52362E-4 1.66846E-4 1.72753E-4 1.61444E-4 1.78481E-4 1.70045E-4 1.7292E-4 1.66514E-4 1.72929E-4 1.58775E-4 1.55987E-4 1.43389E-4 1.54188E-4 1.56888E-4 1.39652E-4 1.50965E-4 1.47321E-4 1.56418E-4 1.55311E-4 1.54099E-4 1.57466E-4 1.44227E-4 1.46989E-4 1.31749E-4 1.28488E-4 1.36894E-4 1.52271E-4 3.43751E-4 1.50717E-4 1.42017E-4 1.46898E-4 1.5872E-4 1.67866E-4 1.50452E-4 1.63222E-4 1.75469E-4 2.0254E-4 1.60986E-4 1.43791E-4 1.24165E-4 1.29765E-4 1.20655E-4 1.27876E-4 1.258E-4 2.29249E-4 1.9782E-4 2.217E-4 1.7325E-4 1.23877E-4 1.17166E-4 2.08056E-4 1.36695E-4 1.04962E-4 9.11838E-5 9.56965E-5
2.97407E-4 4.38095E-4 1.67792E-4 2.72178E-4 2.0304E-4 1.6955E-4 1.58435E-4 1.67361E-4 1.68821E-4 1.68406E-4 1.67477E-4 1.66882E-4 1.7146E-4 1.57756E-4 1.47633E-4 1.44509E-4 1.53168E-4 1.46944E-4 1.61405E-4 2.16346E-4 1.29661E-4 1.24687E-4 1.41753E-4 1.49016E-4 1.50272E-4 1.46449E-4 1.59384E-4 1.31368E-4 1.52158E-4 1.3776E-4 1.45962E-4 1.34191E-4 1.39338E-4 1.95248E-4 3.16022E-4 1.46934E-4 1.39473E-4 1.48779E-4 1.56155E-4 1.6236E-4 1.66045E-4 1.62308E-4 1.62218E-4 1.62637E-4 1.33776E-4 1.23308E-4 1.24267E-4 1.27786E-4 1.29503E-4 1.48068E-4 2.22241E-4 2.52703E-4 1.41307E-4 1.22802E-4 1.12863E-4 2.08664E-4 3.34426E-4 2.19519E-4 1.40392E-4 9.71124E-5 8.76188E-5
3.56769E-4 3.75908E-4 2.20602E-4 2.90249E-4 2.39806E-4 1.66656E-4 1.66692E-4 1.65285E-4 1.65206E-4 1.67441E-4 1.63321E-4 1.65374E-4 1.48862E-4 1.50464E-4 1.47321E-4 1.48105E-4 1.38149E-4 1.29755E-4 1.34738E-4 1.40089E-4 1.27668E-4 1.36936E-4 1.4204E-4 1.34903E-4 1.48492E-4 1.30163E-4 1.32898E-4 1.32512E-4 1.31138E-4 1.12545E-4 1.25394E-4 1.29395E-4 1.94342E-4 3.29307E-4 2.24036E-4 1.48832E-4 1.50683E-4 1.59149E-4 1.60769E-4 1.46678E-4 1.41551E-4 1.46559E-4 1.50809E-4 1.56601E-4 1.34163E-4 1.31244E-4 1.28198E-4 1.23242E-4 1.17685E-4 1.53539E-4 1.50733E-4 1.50647E-4 1.69461E-4 1.13423E-4 1.17545E-4 2.11528E-4 3.48425E-4 3.10819E-4 2.10235E-4 9.41023E-5 9.97095E-5
1.90876E-4 1.99106E-4 2.05561E-4 2.53487E-4 1.64949E-4 1.54844E-4 1.46906E-4 1.56748E-4 1.59434E-4 1.614E-4 1.63075E-4 1.90647E-4 1.58239E-4 1.51436E-4 1.52822E-4 1.48648E-4 1.35237E-4 1.35012E-4 1.32944E-4 1.40254E-4 1.38092E-4 1.3345E-4 1.30919E-4 1.3319E-4 1.28801E-4 1.33138E-4 1.2499E-4 1.26694E-4 1.25854E-4 1.32973E-4 1.18258E-4 1.25227E-4 3.01196E-4 3.46451E-4 1.28057E-4 1.34301E-4 1.42055E-4 1.5156E-4 1.46745E-4 1.4576E-4 1.38051E-4 1.41053E-4 1.43619E-4 1.54699E-4 1.34434E-4 1.34162E-4 1.25588E-4 1.38738E-4 1.25732E-4 1.20743E-4 1.94338E-4 1.1897E-4 1.27334E-4 1.20049E-4 1.24089E-4 2.79553E-4 2.71142E-4 1.71001E-4 1.68873E-4 1.13195E-4 8.96279E-5
1.69796E-4 1.7289E-4 1.86474E-4 1.89116E-4 1.90194E-4 1.74105E-4 1.98445E-4 1.95027E-4 1.51872E-4 1.61916E-4 1.64547E-4 1.6984E-4 1.57153E-4 1.48346E-4 1.38397E-4 1.40128E-4 1.39485E-4 1.32525E-4 1.40419E-4 1.45122E-4 1.42451E-4 1.39532E-4 1.33162E-4 1.38535E-4 1.31379E-4 1.2374E-4 1.24865E-4 1.19895E-4 1.15541E-4 1.2171E-4 1.30021E-4 1.36765E-4 1.38285E-4 2.64519E-4 2.64296E-4 1.46137E-4 1.48602E-4 1.61132E-4 1.6353E-4 1.45919E-4 1.41764E-4 1.32875E-4 1.47888E-4 1.38565E-4 1.41457E-4 1.3295E-4 1.34455E-4 1.24805E-4 2.30417E-4 1.22366E-4 1.99035E-4 1.21307E-4 1.23052E-4 1.21502E-4 1.85924E-4 2.61493E-4 3.3513E-4 3.61076E-4 2.05978E-4 1.38258E-4 9.30077E-5
2.46842E-4 1.90166E-4 1.90608E-4 3.87157E-4 2.51172E-4 1.56399E-4 1.81179E-4 1.60104E-4 1.50862E-4 1.52177E-4 1.52205E-4 1.54958E-4 1.89276E-4 1.44458E-4 1.44005E-4 1.41132E-4 1.40316E-4 1.44391E-4 1.52921E-4 1.41812E-4 1.3626E-4 1.34293E-4 1.33579E-4 1.32984E-4 1.34385E-4 1.31123E-4 1.2291E-4 1.21036E-4 1.2544E-4 1.27652E-4 1.32271E-4 1.3675E-4 1.3189E-4 3.28934E-4 3.47755E-4 1.38271E-4 1.46357E-4 1.44568E-4 1.37811E-4 1.40778E-4 1.50276E-4 1.43282E-4 1.43126E-4 1.46273E-4 1.35909E-4 1.3331E-4 1.27555E-4 1.27131E-4 1.18091E-4 1.69328E-4 1.22864E-4 1.15329E-4 1.2408E-4 1.3174E-4 1.4402E-4 1.90044E-4 2.31917E-4 3.5292E-4 1.24025E-4 1.34865E-4 1.09807E-4
2.19654E-4 2.00907E-4 1.72618E-4 2.08675E-4 2.11846E-4 1.68324E-4 3.7385E-4 1.86657E-4 1.46935E-4 1.41064E-4 1.47227E-4 1.38918E-4 1.35479E-4 1.39396E-4 1.49152E-4 1.49451E-4 1.50739E-4 1.52989E-4 1.42445E-4 1.43836E-4 1.29261E-4 1.27113E-4 1.28304E-4 1.364E-4 1.30486E-4 1.25885E-4 1.25144E-4 1.28837E-4 1.20398E-4 1.15482E-4 1.1661E-4 1.25734E-4 1.25294E-4 1.50155E-4 3.48919E-4 1.25545E-4 1.27348E-4 1.92159E-4 1.35547E-4 1.60621E-4 1.48487E-4 1.54089E-4 1.44712E-4 1.41009E-4 1.30596E-4 1.35981E-4 1.53879E-4 1.20237E-4 1.15925E-4 1.49356E-4 1.17881E-4 1.12581E-4 1.09614E-4 1.30425E-4 1.40671E-4 1.91212E-4 2.28893E-4 3.65491E-4 1.36315E-4 1.20754E-4 1.3921E-4
2.67914E-4 1.62964E-4 1.73412E-4 1.73026E-4 1.61147E-4 1.49672E-4 2.51122E-4 2.58711E-4 2.54772E-4 1.37928E-4 1.36209E-4 1.36116E-4 1.34512E-4 1.33527E-4 1.33544E-4 1.33207E-4 1.28791E-4 1.30277E-4 1.32882E-4 1.31434E-4 1.14937E-4 1.2157E-4 1.25542E-4 1.23116E-4 1.14745E-4 1.05629E-4 1.17375E-4 9.23336E-5 1.05984E-4 1.14117E-4 1.08084E-4 1.21425E-4 1.16573E-4 1.22627E-4 3.19627E-4 1.26307E-4 1.30888E-4 1.22215E-4 1.24602E-4 1.42458E-4 1.50229E-4 1.48371E-4 1.46898E-4 1.39767E-4 1.27485E-4 1.27013E-4 1.39124E-4 1.18363E-4 1.18176E-4 1.19239E-4 1.15026E-4 1.16859E-4 1.14345E-4 1.6812E-4 2.25968E-4 2.43173E-4 1.3814E-4 1.25645E-4 1.23935E-4 1.20642E-4 1.44207E-4
3.75819E-4 3.38772E-4 1.57267E-4 1.79056E-4 1.69039E-4 1.98217E-4 1.80828E-4 2.65612E-4 1.5941E-4 1.51236E-4 1.27951E-4 1.2408E-4 1.3183E-4 1.31352E-4 1.29348E-4 1.32506E-4 1.29459E-4 1.22106E-4 1.23204E-4 1.18143E-4 1.0817E-4 1.0911E-4 1.19222E-4 1.2298E-4 1.18504E-4 1.18797E-4 1.21723E-4 1.22615E-4 1.18703E-4 1.21616E-4 1.2249E-4 1.17066E-4 1.15678E-4 1.19336E-4 3.06284E-4 1.19359E-4 1.2045E-4 1.28798E-4 1.22926E-4 1.36623E-4 1.42801E-4 1.43929E-4 1.40163E-4 1.32389E-4 1.27969E-4 1.26923E-4 1.21616E-4 1.18389E-4 1.16613E-4 1.17396E-4 1.11746E-4 1.15874E-4 1.14628E-4 1.5676E-4 1.58916E-4 1.69517E-4 2.023E-4 2.34744E-4 1.54245E-4 1.14056E-4 1.25771E-4
3.67273E-4 3.44003E-4 2.81309E-4 2.01184E-4 1.6256E-4 1.71911E-4 1.50982E-4 1.59324E-4 2.01686E-4 1.50321E-4 1.23209E-4 1.25653E-4 1.35035E-4 1.295E-4 1.31824E-4 1.35747E-4 1.30342E-4 1.28278E-4 1.20324E-4 1.12572E-4 1.10991E-4 1.12522E-4 1.15202E-4 1.1536E-4 1.1991E-4 1.21128E-4 1.18605E-4 1.22103E-4 1.27096E-4 1.25982E-4 1.09702E-4 1.16517E-4 1.10507E-4 3.19404E-4 2.91733E-4 1.24785E-4 1.26581E-4 1.26363E-4 1.22573E-4 1.29447E-4 1.31622E-4 1.32593E-4 1.38099E-4 1.32396E-4 1.26478E-4 1.28335E-4 1.27624E-4 1.18622E-4 1.16273E-4 1.13891E-4 1.12324E-4 1.15991E-4 1.20182E-4 1.26927E-4 1.86438E-4 1.54338E-4 1.59239E-4 2.90708E-4 1.77303E-4 1.19833E-4 1.22491E-4
3.87808E-4 3.98273E-4 3.42475E-4 3.83795E-4 1.60683E-4 1.28126E-4 1.70381E-4 1.10592E-4 1.13613E-4 1.51604E-4 1.26069E-4 1.11712E-4 1.16776E-4 1.18814E-4 1.25776E-4 1.23583E-4 1.26656E-4 1.22428E-4 1.20208E-4 1.18903E-4 1.1401E-4 1.13755E-4 1.17787E-4 1.19874E-4 1.24093E-4 1.29729E-4 1.25397E-4 1.08937E-4 1.02557E-4 1.06406E-4 9.76135E-5 1.05155E-4 1.02777E-4 2.92761E-4 1.15118E-4 1.15649E-4 1.18722E-4 1.21772E-4 1.32962E-4 1.24409E-4 1.36798E-4 1.31213E-4 1.37202E-4 1.33385E-4 1.22457E-4 1.2609E-4 1.26484E-4 1.19363E-4 1.24781E-4 1.14343E-4 1.09625E-4 1.12947E-4 1.15986E-4 1.17892E-4 1.92046E-4 1.65053E-4 1.47343E-4 1.69913E-4 3.03185E-4 2.44475E-4 1.21511E-4
3.83772E-4 3.4681E-4 2.54653E-4 3.12214E-4 2.18147E-4 1.41222E-4 9.29184E-5 1.55158E-4 1.01553E-4 1.16332E-4 1.09868E-4 1.11672E-4 1.2272E-4 1.26064E-4 1.18068E-4 1.23773E-4 1.20796E-4 1.28853E-4 1.23684E-4 1.18664E-4 1.11758E-4 1.14548E-4 1.13983E-4 1.20438E-4 1.15312E-4 1.15589E-4 1.09195E-4 1.10352E-4 1.02683E-4 1.34894E-4 2.16143E-4 3.98465E-4 2.71792E-4 2.68116E-4 1.12109E-4 1.06896E-4 1.08457E-4 1.2581E-4 1.53726E-4 1.25056E-4 1.26417E-4 1.30136E-4 1.35067E-4 1.29799E-4 1.23599E-4 1.22994E-4 1.24961E-4 1.44903E-4 1.37518E-4 1.10518E-4 1.0754E-4 1.1014E-4 1.12906E-4 1.11136E-4 1.76626E-4 1.83698E-4 1.36744E-4 1.28747E-4 1.60269E-4 1.77984E-4 1.19973E-4
