Candidate_Models_July82022/M_0.2_F_lqp_Set_1_all/Bison.asc
ncols         290
nrows         380
xllcorner     -2197417.7431653
yllcorner     -584827.01486885
cellsize      10000.0
NODATA_value  -9999
[rows 54 to 80 of 380, columns 183 to 243 of 290]
1.33134E-6 1.23748E-6 1.17497E-6 -9999 -9999 -9999 -9999 -9999 -9999 -9999 -9999 -9999 -9999 -9999 -9999 -9999 -9999 -9999 -9999 -9999 -9999 -9999 -9999 -9999 -9999 -9999 -9999 -9999 -9999 -9999 -9999 -9999 -9999 -9999 -9999 -9999 -9999 -9999 -9999 -9999 -9999 -9999 -9999 -9999 -9999 -9999 -9999 -9999 -9999 -9999 -9999 -9999 -9999 -9999 -9999 -9999 -9999 -9999 -9999 -9999 -9999
1.39051E-6 1.4097E-6 -9999 -9999 -9999 -9999 -9999 -9999 -9999 -9999 -9999 -9999 -9999 -9999 -9999 -9999 -9999 -9999 -9999 -9999 -9999 -9999 -9999 -9999 -9999 -9999 -9999 -9999 -9999 -9999 -9999 -9999 -9999 -9999 -9999 -9999 -9999 -9999 -9999 -9999 -9999 -9999 -9999 -9999 -9999 -9999 -9999 -9999 -9999 -9999 -9999 -9999 -9999 -9999 -9999 -9999 -9999 -9999 -9999 -9999 -9999
-9999 -9999 -9999 -9999 -9999 -9999 -9999 -9999 -9999 -9999 7.08698E-7 5.85098E-7 -9999 -9999 -9999 -9999 -9999 -9999 -9999 -9999 -9999 -9999 -9999 -9999 -9999 -9999 -9999 -9999 -9999 -9999 -9999 -9999 -9999 -9999 -9999 -9999 -9999 -9999 -9999 -9999 -9999 -9999 -9999 -9999 -9999 -9999 -9999 -9999 -9999 -9999 -9999 -9999 -9999 -9999 -9999 -9999 -9999 -9999 -9999 -9999 -9999
-9999 -9999 -9999 -9999 -9999 -9999 -9999 -9999 7.801E-7 6.47632E-7 5.80016E-7 5.36361E-7 5.20219E-7 6.20288E-7 -9999 -9999 -9999 -9999 -9999 -9999 -9999 -9999 -9999 -9999 -9999 -9999 -9999 -9999 -9999 -9999 -9999 -9999 -9999 -9999 -9999 -9999 -9999 -9999 -9999 -9999 -9999 -9999 -9999 -9999 -9999 -9999 -9999 -9999 -9999 -9999 -9999 -9999 -9999 -9999 -9999 -9999 -9999 -9999 -9999 -9999 -9999
-9999 -9999 1.47564E-6 1.23474E-6 1.20097E-6 1.06219E-6 9.94285E-7 8.03329E-7 6.74168E-7 5.91334E-7 5.50435E-7 5.59302E-7 5.70498E-7 6.31571E-7 -9999 -9999 -9999 -9999 -9999 -9999 -9999 -9999 -9999 -9999 -9999 -9999 -9999 -9999 6.09846E-7 -9999 -9999 -9999 -9999 -9999 -9999 -9999 -9999 -9999 -9999 -9999 -9999 -9999 -9999 -9999 -9999 -9999 -9999 -9999 -9999 -9999 -9999 -9999 -9999 -9999 -9999 -9999 -9999 -9999 -9999 -9999 -9999
-9999 -9999 1.20782E-6 1.04821E-6 1.07518E-6 9.12887E-7 8.78534E-7 8.05606E-7 6.96151E-7 7.12919E-7 7.37008E-7 6.75336E-7 -9999 7.11299E-7 -9999 -9999 -9999 -9999 -9999 -9999 -9999 -9999 -9999 -9999 -9999 -9999 -9999 5.95134E-7 6.22535E-7 6.16066E-7 -9999 -9999 -9999 -9999 -9999 -9999 -9999 -9999 -9999 -9999 -9999 -9999 -9999 -9999 -9999 -9999 -9999 -9999 -9999 -9999 -9999 -9999 -9999 -9999 -9999 -9999 -9999 -9999 -9999 -9999 -9999
-9999 1.31942E-6 1.29314E-6 1.16836E-6 1.02844E-6 1.00933E-6 9.14115E-7 8.78879E-7 8.27642E-7 -9999 -9999 -9999 -9999 7.00112E-7 -9999 -9999 7.08826E-7 6.97862E-7 -9999 -9999 -9999 -9999 -9999 -9999 -9999 -9999 -9999 -9999 -9999 -9999 -9999 -9999 -9999 -9999 -9999 -9999 -9999 -9999 -9999 -9999 -9999 -9999 -9999 -9999 -9999 -9999 -9999 -9999 -9999 -9999 -9999 -9999 -9999 -9999 -9999 -9999 -9999 -9999 -9999 -9999 -9999
1.45165E-6 1.30314E-6 1.28122E-6 1.23255E-6 1.07076E-6 1.0188E-6 8.82171E-7 -9999 9.06962E-7 3.70358E-7 -9999 -9999 -9999 7.71429E-7 -9999 -9999 -9999 7.04378E-7 -9999 -9999 -9999 -9999 -9999 -9999 -9999 -9999 -9999 -9999 -9999 -9999 -9999 -9999 -9999 -9999 -9999 -9999 -9999 -9999 -9999 -9999 -9999 -9999 -9999 -9999 -9999 3.39954E-7 3.78862E-7 3.45905E-7 -9999 -9999 -9999 -9999 -9999 -9999 -9999 -9999 -9999 -9999 -9999 -9999 -9999
1.43384E-6 1.43481E-6 1.23593E-6 1.15276E-6 -9999 -9999 9.80151E-7 -9999 -9999 -9999 8.78152E-7 7.7944E-7 7.5959E-7 7.94375E-7 -9999 -9999 -9999 -9999 -9999 -9999 -9999 -9999 -9999 -9999 -9999 -9999 -9999 -9999 -9999 -9999 -9999 -9999 -9999 -9999 -9999 -9999 -9999 -9999 -9999 -9999 -9999 -9999 -9999 -9999 -9999 -9999 3.39557E-7 3.60185E-7 1.31178E-7 -9999 -9999 -9999 -9999 -9999 -9999 -9999 -9999 -9999 -9999 -9999 -9999
-9999 -9999 -9999 -9999 -9999 1.00243E-6 -9999 -9999 -9999 -9999 8.64213E-7 8.71265E-7 7.77262E-7 8.16005E-7 8.14797E-7 8.24431E-7 -9999 -9999 -9999 -9999 -9999 -9999 -9999 -9999 -9999 -9999 -9999 -9999 -9999 -9999 -9999 -9999 -9999 -9999 -9999 -9999 -9999 -9999 -9999 -9999 -9999 -9999 -9999 3.39684E-7 3.78871E-7 3.82908E-7 3.72065E-7 3.56476E-7 3.49234E-7 -9999 -9999 -9999 -9999 -9999 -9999 -9999 -9999 -9999 -9999 -9999 -9999
-9999 -9999 -9999 8.01686E-7 -9999 -9999 -9999 8.18233E-7 9.17334E-7 8.95158E-7 9.20249E-7 9.09013E-7 9.0365E-7 8.84367E-7 9.04155E-7 8.85844E-7 8.47976E-7 -9999 -9999 -9999 -9999 -9999 -9999 -9999 -9999 -9999 -9999 -9999 -9999 -9999 -9999 -9999 -9999 -9999 -9999 -9999 -9999 -9999 -9999 -9999 -9999 -9999 -9999 3.89046E-7 3.54952E-7 3.72789E-7 3.59018E-7 3.56423E-7 3.34713E-7 3.36818E-7 3.35776E-7 3.30453E-7 -9999 3.14785E-7 -9999 -9999 -9999 -9999 -9999 -9999 2.78223E-7
-9999 -9999 -9999 1.26415E-6 1.30843E-6 9.82072E-7 9.19908E-7 9.12897E-7 9.31211E-7 9.58412E-7 9.64967E-7 9.2622E-7 9.55956E-7 9.57564E-7 9.62705E-7 9.73539E-7 8.96476E-7 -9999 -9999 -9999 -9999 -9999 -9999 -9999 -9999 -9999 -9999 -9999 -9999 -9999 -9999 -9999 -9999 -9999 -9999 -9999 -9999 -9999 -9999 -9999 -9999 -9999 -9999 -9999 3.81256E-7 3.65265E-7 3.58406E-7 3.32994E-7 3.39922E-7 3.3253E-7 3.37625E-7 -9999 3.13444E-7 3.17176E-7 -9999 -9999 -9999 -9999 -9999 2.63541E-7 2.71965E-7
-9999 -9999 -9999 -9999 1.12306E-6 9.17318E-7 9.29212E-7 9.85618E-7 9.9567E-7 1.02526E-6 9.36953E-7 1.00667E-6 1.03149E-6 1.03848E-6 1.04492E-6 9.88093E-7 9.49666E-7 9.44162E-7 8.80407E-7 8.64197E-7 8.60724E-7 8.36927E-7 -9999 -9999 -9999 -9999 -9999 -9999 -9999 -9999 -9999 -9999 -9999 -9999 -9999 -9999 -9999 -9999 -9999 -9999 -9999 -9999 4.01384E-7 4.07127E-7 3.84489E-7 3.51736E-7 3.60436E-7 3.45561E-7 3.37466E-7 3.29867E-7 2.85902E-7 3.38037E-7 3.15587E-7 -9999 -9999 -9999 2.96407E-7 2.86349E-7 2.74256E-7 2.90027E-7 2.71482E-7
-9999 -9999 1.37638E-6 1.20157E-6 1.24716E-6 1.0529E-6 1.11289E-6 1.09346E-6 1.01929E-6 1.00198E-6 1.00455E-6 9.92948E-7 1.0315E-6 1.05781E-6 1.03691E-6 1.00761E-6 9.84206E-7 1.00812E-6 8.99544E-7 8.61197E-7 8.37188E-7 8.2202E-7 7.96241E-7 -9999 -9999 -9999 -9999 -9999 -9999 -9999 -9999 -9999 -9999 -9999 -9999 -9999 -9999 -9999 -9999 -9999 -9999 -9999 4.40116E-7 4.27629E-7 3.66641E-7 3.91856E-7 -9999 3.62221E-7 3.08572E-7 3.2264E-7 3.19149E-7 3.13776E-7 3.00747E-7 -9999 -9999 -9999 2.95599E-7 2.72768E-7 2.90759E-7 2.53858E-7 2.64086E-7
-9999 -9999 1.31054E-6 1.30842E-6 1.26287E-6 1.24276E-6 1.21018E-6 1.13573E-6 1.11453E-6 1.14179E-6 1.06119E-6 1.01847E-6 1.03162E-6 1.07781E-6 1.14687E-6 1.03734E-6 1.04356E-6 9.66982E-7 9.67271E-7 8.79264E-7 8.67402E-7 8.63118E-7 8.48757E-7 8.93416E-7 -9999 -9999 -9999 -9999 -9999 -9999 -9999 -9999 -9999 -9999 -9999 -9999 -9999 -9999 -9999 -9999 -9999 -9999 -9999 -9999 4.03747E-7 -9999 -9999 -9999 -9999 3.41951E-7 3.19663E-7 2.93907E-7 2.97607E-7 -9999 -9999 -9999 2.9453E-7 2.72589E-7 2.53408E-7 2.58988E-7 2.40016E-7
-9999 -9999 -9999 1.25367E-6 1.25457E-6 1.30197E-6 1.18565E-6 1.12786E-6 1.13914E-6 1.15392E-6 1.1347E-6 1.08813E-6 1.09247E-6 1.12918E-6 1.12248E-6 1.13026E-6 1.06897E-6 9.90312E-7 9.82783E-7 8.555E-7 9.25822E-7 8.52666E-7 9.10358E-7 9.34246E-7 9.26685E-7 9.34156E-7 -9999 -9999 -9999 -9999 -9999 -9999 -9999 6.39134E-7 6.33286E-7 5.48771E-7 5.4089E-7 5.08113E-7 5.25306E-7 -9999 -9999 -9999 4.58723E-7 4.19393E-7 4.08229E-7 -9999 -9999 -9999 -9999 3.45263E-7 3.19272E-7 3.03008E-7 3.04198E-7 -9999 -9999 1.43489E-7 2.80329E-7 2.3197E-7 2.37689E-7 2.34367E-7 2.4044E-7
1.53933E-6 1.37032E-6 -9999 -9999 1.33796E-6 1.23892E-6 1.08185E-6 1.08268E-6 1.11215E-6 1.06404E-6 1.09097E-6 1.0904E-6 1.08531E-6 1.09359E-6 1.02647E-6 1.05564E-6 1.06678E-6 1.02233E-6 9.44566E-7 8.91786E-7 8.93183E-7 9.2687E-7 9.10534E-7 9.15172E-7 9.37627E-7 9.61398E-7 8.95865E-7 8.68645E-7 8.06339E-7 7.93804E-7 7.02339E-7 6.5623E-7 6.34021E-7 6.74187E-7 6.26847E-7 6.02916E-7 5.67113E-7 5.58381E-7 5.39126E-7 5.21711E-7 5.05035E-7 4.83465E-7 4.50098E-7 4.21788E-7 3.96754E-7 3.95022E-7 -9999 -9999 -9999 3.50201E-7 3.31163E-7 3.00589E-7 3.15419E-7 -9999 -9999 -9999 2.9592E-7 2.33467E-7 2.28032E-7 2.33314E-7 2.50541E-7
1.5751E-6 -9999 -9999 -9999 1.34936E-6 1.15318E-6 1.02907E-6 1.01954E-6 1.01959E-6 1.01815E-6 1.04304E-6 1.05974E-6 1.06416E-6 1.08268E-6 1.02331E-6 1.00843E-6 1.02686E-6 1.00503E-6 9.69937E-7 8.99577E-7 9.02912E-7 8.76923E-7 8.86388E-7 9.21847E-7 9.56294E-7 1.00243E-6 9.83404E-7 8.93962E-7 8.86266E-7 7.8892E-7 7.33292E-7 7.11613E-7 6.66336E-7 6.47286E-7 6.70319E-7 6.60207E-7 6.25033E-7 5.31889E-7 5.18259E-7 4.84862E-7 4.75213E-7 4.55042E-7 4.37647E-7 4.17289E-7 3.94508E-7 3.72435E-7 3.6084E-7 3.73461E-7 3.33505E-7 3.49219E-7 3.35533E-7 3.29057E-7 -9999 -9999 -9999 -9999 -9999 2.66944E-7 2.33147E-7 2.38188E-7 2.52483E-7
1.62843E-6 -9999 -9999 1.53692E-6 1.16914E-6 1.17138E-6 1.01138E-6 1.00526E-6 9.72712E-7 9.64387E-7 9.54489E-7 1.04474E-6 9.92048E-7 1.00673E-6 1.0134E-6 9.9858E-7 9.74414E-7 9.50719E-7 9.54254E-7 8.8216E-7 8.95564E-7 9.15589E-7 9.51743E-7 9.0711E-7 9.43733E-7 9.45432E-7 9.05786E-7 9.74778E-7 9.30429E-7 8.07587E-7 7.68026E-7 6.86626E-7 7.23597E-7 6.90878E-7 7.22552E-7 7.13913E-7 6.38754E-7 5.63556E-7 5.02469E-7 4.83687E-7 4.73119E-7 4.5037E-7 4.39386E-7 4.06417E-7 4.19955E-7 4.14521E-7 4.03603E-7 3.61033E-7 3.5938E-7 3.4334E-7 3.31634E-7 3.3038E-7 -9999 -9999 -9999 -9999 -9999 2.90918E-7 2.57467E-7 2.55134E-7 2.62624E-7
1.47019E-6 1.41527E-6 -9999 -9999 1.2292E-6 1.0247E-6 1.02794E-6 9.69659E-7 9.43674E-7 9.69605E-7 9.69833E-7 9.31082E-7 1.00679E-6 9.91683E-7 9.77627E-7 9.42168E-7 9.52228E-7 9.4377E-7 9.5039E-7 8.82088E-7 9.02348E-7 8.97653E-7 8.95301E-7 8.84493E-7 9.17837E-7 9.20337E-7 8.82495E-7 9.01958E-7 9.3331E-7 8.44998E-7 8.09178E-7 7.34407E-7 7.16661E-7 7.43524E-7 7.5426E-7 7.33916E-7 7.33238E-7 6.18456E-7 5.67001E-7 5.12845E-7 4.51634E-7 4.28785E-7 4.01059E-7 4.07787E-7 4.08365E-7 4.05721E-7 3.76468E-7 3.18028E-7 3.5528E-7 3.3239E-7 3.40927E-7 3.29667E-7 3.22966E-7 3.24588E-7 -9999 3.28972E-7 -9999 2.96145E-7 2.75732E-7 2.92758E-7 2.55392E-7
1.53135E-6 1.50999E-6 -9999 1.4661E-6 1.24079E-6 1.12478E-6 1.01637E-6 9.05266E-7 9.28802E-7 9.13936E-7 9.61455E-7 9.16428E-7 9.87602E-7 9.78844E-7 9.40378E-7 9.41534E-7 9.24722E-7 9.37398E-7 9.37781E-7 8.71411E-7 8.8877E-7 8.42572E-7 8.96681E-7 8.83877E-7 8.63621E-7 8.49954E-7 8.64926E-7 9.52162E-7 8.35231E-7 8.17102E-7 7.85797E-7 7.32255E-7 7.82341E-7 7.09994E-7 7.49876E-7 7.22429E-7 7.12313E-7 6.15152E-7 5.54232E-7 5.22706E-7 4.78828E-7 4.57586E-7 4.59186E-7 4.12626E-7 4.0674E-7 3.9007E-7 3.69991E-7 3.49786E-7 3.54386E-7 3.51654E-7 3.30836E-7 3.61938E-7 3.43895E-7 -9999 -9999 3.54381E-7 -9999 -9999 3.34741E-7 3.12574E-7 2.51812E-7
-9999 -9999 -9999 -9999 -9999 1.17146E-6 1.02134E-6 9.72821E-7 8.78051E-7 9.17897E-7 8.70636E-7 8.78001E-7 9.50633E-7 9.04299E-7 8.91879E-7 9.08782E-7 9.31677E-7 9.22416E-7 9.17792E-7 8.61717E-7 8.74969E-7 8.73206E-7 8.47907E-7 8.73085E-7 9.09787E-7 9.05398E-7 8.54031E-7 8.35999E-7 8.06864E-7 8.0218E-7 7.83156E-7 7.37878E-7 7.30186E-7 7.69721E-7 7.3628E-7 7.18827E-7 6.7618E-7 6.33443E-7 5.48769E-7 5.34463E-7 4.60234E-7 4.37984E-7 4.27677E-7 4.14008E-7 3.80617E-7 3.71421E-7 3.53817E-7 3.51544E-7 3.33688E-7 3.53839E-7 3.61341E-7 3.50941E-7 3.21258E-7 3.44038E-7 3.24669E-7 -9999 3.48751E-7 3.48364E-7 3.29203E-7 2.89477E-7 2.05838E-7
-9999 -9999 1.53476E-6 -9999 -9999 1.28413E-6 1.1462E-6 9.58872E-7 8.60479E-7 9.80387E-7 9.51894E-7 9.16795E-7 9.06622E-7 9.19738E-7 9.24479E-7 8.90985E-7 9.22155E-7 9.08013E-7 8.662E-7 8.8204E-7 8.30278E-7 8.66187E-7 8.57085E-7 8.55574E-7 9.19178E-7 8.45975E-7 8.17692E-7 8.79456E-7 8.17284E-7 8.06407E-7 7.69975E-7 7.8137E-7 7.0741E-7 7.38903E-7 6.90398E-7 6.74941E-7 6.60664E-7 5.79306E-7 5.46489E-7 5.01398E-7 4.45703E-7 4.38014E-7 4.49399E-7 4.39355E-7 4.15855E-7 3.63717E-7 3.58687E-7 3.42706E-7 3.39303E-7 3.25855E-7 3.33006E-7 3.51841E-7 3.40509E-7 3.28244E-7 3.14018E-7 3.14371E-7 3.16948E-7 3.4787E-7 2.97559E-7 2.54934E-7 2.21296E-7
2.10367E-6 -9999 4.06361E-7 -9999 1.47318E-6 1.3193E-6 1.12205E-6 1.04213E-6 9.59894E-7 1.06965E-6 9.67645E-7 9.12742E-7 9.00926E-7 8.65569E-7 8.7605E-7 8.56076E-7 8.70662E-7 8.56668E-7 8.44005E-7 8.43429E-7 8.55189E-7 8.06388E-7 8.17919E-7 8.32168E-7 9.04381E-7 8.41891E-7 7.87697E-7 7.83766E-7 7.60238E-7 7.40192E-7 7.08032E-7 6.79457E-7 6.95802E-7 7.20451E-7 6.9522E-7 6.39085E-7 6.04605E-7 5.38466E-7 5.11234E-7 5.15892E-7 4.35311E-7 4.42559E-7 4.33421E-7 4.15827E-7 3.89307E-7 3.72566E-7 3.58876E-7 3.4291E-7 3.24631E-7 3.23486E-7 3.10035E-7 3.29817E-7 3.5121E-7 3.48763E-7 3.29856E-7 3.2579E-7 3.45669E-7 3.23809E-7 3.60472E-7 2.26533E-7 1.87859E-7
1.63198E-6 -9999 1.61512E-6 1.64575E-6 1.55242E-6 1.68478E-6 1.42063E-6 1.11618E-6 1.15449E-6 1.98915E-6 1.01113E-6 8.77481E-7 8.42536E-7 8.62837E-7 9.27229E-7 9.11647E-7 9.2617E-7 9.07539E-7 8.76529E-7 9.1857E-7 8.59748E-7 8.84131E-7 8.46059E-7 8.6741E-7 8.66405E-7 7.98991E-7 7.47777E-7 8.28279E-7 7.4061E-7 7.02664E-7 6.71901E-7 6.88608E-7 6.70111E-7 6.46286E-7 6.39337E-7 6.17176E-7 5.61165E-7 5.42524E-7 5.19254E-7 4.77438E-7 4.40849E-7 4.34389E-7 4.27582E-7 4.06096E-7 3.53811E-7 3.72684E-7 3.46657E-7 3.35889E-7 3.30649E-7 3.15328E-7 3.03275E-7 3.24968E-7 3.34412E-7 3.78702E-7 3.76214E-7 3.49589E-7 3.7204E-7 3.7867E-7 2.88329E-7 2.04575E-7 1.85324E-7
1.48938E-6 1.86502E-6 1.39978E-6 1.37713E-6 1.50849E-6 1.22619E-6 1.28188E-6 1.16248E-6 1.24518E-6 1.17313E-6 9.29531E-7 8.72437E-7 8.35531E-7 8.51862E-7 9.14815E-7 1.09903E-6 9.47366E-7 8.9193E-7 8.72374E-7 9.23964E-7 9.38254E-7 8.54195E-7 8.55923E-7 8.36862E-7 8.54243E-7 7.69688E-7 7.85417E-7 7.73214E-7 6.64908E-7 6.57719E-7 6.27253E-7 6.53903E-7 6.31378E-7 6.16761E-7 6.39843E-7 6.20679E-7 5.81784E-7 5.14125E-7 4.87929E-7 4.5253E-7 4.41543E-7 4.1838E-7 4.17494E-7 3.95567E-7 3.52416E-7 3.33541E-7 3.34628E-7 3.34448E-7 3.14761E-7 3.08345E-7 3.33962E-7 2.99849E-7 3.45849E-7 3.49767E-7 3.29202E-7 3.62978E-7 3.40248E-7 3.76701E-7 2.48817E-7 2.0883E-7 2.04133E-7
1.34341E-6 1.65969E-6 -9999 1.44734E-6 1.51755E-6 1.24219E-6 1.11297E-6 1.1154E-6 9.89691E-7 1.00299E-6 9.87088E-7 9.3108E-7 8.8277E-7 9.47083E-7 9.10559E-7 8.60393E-7 9.08192E-7 9.26014E-7 9.0413E-7 9.225E-7 9.22457E-7 8.44576E-7 7.91147E-7 8.52479E-7 8.09032E-7 7.47093E-7 7.72197E-7 6.81757E-7 6.68392E-7 6.32629E-7 6.03554E-7 6.57684E-7 6.39409E-7 6.21273E-7 6.23635E-7 5.82889E-7 5.55706E-7 5.10911E-7 5.10746E-7 4.76069E-7 4.44064E-7 4.18034E-7 3.94117E-7 3.95767E-7 3.47408E-7 3.57896E-7 3.22216E-7 3.25616E-7 3.22621E-7 2.92848E-7 3.19978E-7 3.03941E-7 3.34616E-7 3.65739E-7 3.73542E-7 3.38229E-7 3.44131E-7 3.74605E-7 3.20559E-7 2.47016E-7 2.15123E-7
