Candidate_Models_July82022/M_0.2_F_lqp_Set_1_all/Bison.asc
ncols         290
nrows         380
xllcorner     -2197417.7431653
yllcorner     -584827.01486885
cellsize      10000.0
NODATA_value  -9999
[rows 135 to 161 of 380, columns 183 to 243 of 290]
3.87086E-6 3.73805E-6 5.05545E-6 3.38977E-6 3.01509E-6 2.79578E-6 3.07802E-6 2.74625E-6 2.73679E-6 2.86124E-6 3.0242E-6 2.80944E-6 3.57355E-6 2.77573E-6 2.49421E-6 2.95838E-6 3.62618E-6 2.70393E-6 4.51693E-6 6.48321E-6 5.43249E-6 3.18875E-6 3.06987E-6 3.39331E-6 2.66584E-6 4.01261E-6 2.51385E-6 2.0135E-6 1.92899E-6 2.08735E-6 2.11796E-6 2.17284E-6 2.29861E-6 2.29235E-6 2.10971E-6 2.08923E-6 1.76541E-6 1.76954E-6 1.72557E-6 2.02407E-6 1.62543E-6 1.64542E-6 1.61102E-6 1.71071E-6 1.70195E-6 1.7735E-6 1.69806E-6 1.76265E-6 1.66911E-6 1.70486E-6 1.6203E-6 2.46983E-6 2.45621E-6 1.42675E-6 1.70852E-6 1.61272E-6 1.6938E-6 1.6322E-6 1.7745E-6 1.59031E-6 1.69762E-6
3.95225E-6 3.44933E-6 2.99038E-6 4.92442E-6 3.56172E-6 3.0998E-6 2.81444E-6 2.96512E-6 2.78302E-6 3.27185E-6 3.70255E-6 4.13452E-6 5.6091E-6 3.45267E-6 4.08289E-6 3.42576E-6 2.7135E-6 3.96439E-6 6.50727E-6 4.98788E-6 6.34008E-6 5.19999E-6 4.44097E-6 4.14807E-6 4.09174E-6 3.50135E-6 2.5373E-6 2.19551E-6 2.11546E-6 2.23835E-6 2.19732E-6 2.44078E-6 2.27871E-6 2.37888E-6 2.18571E-6 2.01577E-6 1.98447E-6 1.78266E-6 1.77788E-6 1.71561E-6 1.64341E-6 1.5764E-6 1.65402E-6 1.66502E-6 1.62089E-6 1.74327E-6 1.93632E-6 1.85749E-6 1.69411E-6 1.61784E-6 1.70827E-6 2.42756E-6 1.9254E-6 1.38085E-6 1.58803E-6 1.51958E-6 1.7372E-6 1.59503E-6 1.59471E-6 1.6099E-6 1.58162E-6
3.43558E-6 4.20748E-6 3.12591E-6 5.40284E-6 5.7865E-6 3.61409E-6 3.61708E-6 4.08977E-6 3.91138E-6 4.46752E-6 4.78011E-6 4.14767E-6 4.61663E-6 3.21315E-6 4.44571E-6 4.92955E-6 3.70556E-6 5.67229E-6 6.85976E-6 6.87556E-6 8.53403E-6 6.3947E-6 3.72553E-6 3.53635E-6 4.48141E-6 3.54351E-6 2.97858E-6 2.51981E-6 2.28241E-6 2.4103E-6 2.35177E-6 2.30069E-6 2.20901E-6 2.35469E-6 2.23059E-6 2.13792E-6 2.09381E-6 1.90548E-6 1.79199E-6 1.80845E-6 1.68631E-6 1.6363E-6 1.57314E-6 1.64313E-6 1.57875E-6 1.74172E-6 1.76251E-6 1.96574E-6 1.99701E-6 1.72418E-6 1.64114E-6 1.58572E-6 1.57894E-6 1.69597E-6 1.59097E-6 1.53515E-6 1.60557E-6 1.52146E-6 1.56994E-6 1.55817E-6 1.72234E-6
4.13099E-6 6.6794E-6 8.14991E-6 5.46386E-6 7.32409E-6 6.94481E-6 4.42817E-6 5.7922E-6 3.7533E-6 3.46455E-6 4.75966E-6 3.54768E-6 4.17862E-6 4.40272E-6 4.6324E-6 3.80171E-6 5.69504E-6 6.31847E-6 4.77485E-6 8.20896E-6 5.40557E-6 4.07485E-6 3.41211E-6 3.84711E-6 3.50503E-6 2.97524E-6 2.81687E-6 2.75155E-6 2.31963E-6 2.43729E-6 3.49458E-6 2.51016E-6 2.36375E-6 2.39142E-6 2.28714E-6 2.19339E-6 2.10944E-6 2.10311E-6 1.8236E-6 2.05572E-6 1.56703E-6 1.75668E-6 1.59235E-6 1.70962E-6 1.71282E-6 1.74772E-6 1.93455E-6 1.95353E-6 1.73191E-6 1.80569E-6 1.65696E-6 1.68498E-6 1.59271E-6 1.80107E-6 2.88983E-6 1.68122E-6 1.50277E-6 1.61599E-6 1.56803E-6 1.55144E-6 1.73501E-6
8.97974E-6 1.22492E-5 6.93539E-6 6.58032E-6 3.61312E-6 8.92825E-6 6.73461E-6 7.771E-6 4.61473E-6 4.72043E-6 5.09765E-6 4.399E-6 3.70711E-6 4.86825E-6 7.22587E-6 8.29671E-6 7.03944E-6 4.26838E-6 4.91824E-6 6.09836E-6 3.22551E-6 3.84454E-6 3.52359E-6 3.22414E-6 3.57862E-6 3.58129E-6 3.48639E-6 2.53749E-6 2.57442E-6 4.5238E-6 2.62006E-6 2.50705E-6 2.37803E-6 2.52552E-6 2.27222E-6 2.18714E-6 2.26487E-6 2.15327E-6 2.06533E-6 1.96034E-6 1.8777E-6 1.80094E-6 1.76166E-6 1.86156E-6 1.91166E-6 1.81749E-6 1.81128E-6 1.79429E-6 1.72807E-6 1.82466E-6 1.72045E-6 1.69072E-6 1.78085E-6 1.97105E-6 1.51668E-6 1.61602E-6 1.7255E-6 1.55186E-6 1.67883E-6 1.74085E-6 1.79771E-6
5.99143E-6 9.14404E-6 1.09138E-5 7.32467E-6 9.45794E-6 8.98377E-6 1.00392E-5 8.58203E-6 8.49801E-6 5.16928E-6 5.77794E-6 4.59497E-6 8.35375E-6 5.86648E-6 7.05929E-6 8.48643E-6 7.91308E-6 4.62478E-6 3.41718E-6 3.5644E-6 3.79371E-6 3.63783E-6 3.40495E-6 3.96266E-6 3.73264E-6 3.55333E-6 2.82752E-6 2.42544E-6 5.75172E-6 2.85802E-6 2.78946E-6 2.36906E-6 2.43434E-6 2.56604E-6 2.10347E-6 2.28422E-6 2.26283E-6 2.23063E-6 2.10527E-6 1.95858E-6 1.87769E-6 1.90247E-6 1.80511E-6 1.92085E-6 1.89699E-6 1.87946E-6 1.96497E-6 2.07949E-6 1.96591E-6 1.87789E-6 2.00661E-6 1.73335E-6 1.85337E-6 1.64341E-6 1.67877E-6 1.71326E-6 1.67182E-6 1.72555E-6 1.66333E-6 1.69518E-6 1.86495E-6
5.19075E-6 1.00731E-5 9.09136E-6 9.29095E-6 1.20882E-5 1.27318E-5 8.39701E-6 7.92535E-6 8.14293E-6 6.58045E-6 5.47712E-6 6.90644E-6 1.09012E-5 3.71201E-6 3.23479E-6 4.67942E-6 5.24013E-6 4.05013E-6 3.85668E-6 3.60225E-6 4.02488E-6 3.83939E-6 3.76005E-6 3.25495E-6 3.121E-6 3.58681E-6 3.37911E-6 2.54889E-6 2.45661E-6 3.37121E-6 2.29567E-6 2.42942E-6 2.67919E-6 2.48318E-6 2.34676E-6 2.35731E-6 2.31811E-6 2.06731E-6 2.13161E-6 2.05258E-6 1.96892E-6 1.81405E-6 1.94454E-6 2.01902E-6 1.91786E-6 2.12418E-6 1.94257E-6 2.04895E-6 2.01599E-6 1.9872E-6 1.93156E-6 1.76137E-6 1.81985E-6 1.53868E-6 1.85644E-6 1.98181E-6 1.70356E-6 1.71766E-6 1.85971E-6 1.82601E-6 1.93031E-6
5.66339E-6 7.50048E-6 6.92912E-6 7.86544E-6 9.33378E-6 9.82298E-6 7.98233E-6 6.19065E-6 6.93998E-6 6.68882E-6 7.88295E-6 6.45999E-6 3.25435E-6 2.51811E-6 2.66701E-6 3.10333E-6 5.6022E-6 4.09019E-6 3.46317E-6 4.99905E-6 4.05238E-6 5.0635E-6 4.75013E-6 3.68754E-6 4.51985E-6 2.31706E-6 2.87355E-6 2.57784E-6 2.30761E-6 2.56153E-6 2.4657E-6 2.30809E-6 2.45607E-6 2.55454E-6 2.17731E-6 2.18292E-6 2.33429E-6 2.17834E-6 2.1099E-6 2.09396E-6 2.00573E-6 1.92623E-6 1.88493E-6 1.93487E-6 2.1936E-6 1.91284E-6 2.3268E-6 2.13181E-6 2.67046E-6 2.15863E-6 1.92863E-6 1.98148E-6 1.77334E-6 1.7705E-6 1.83749E-6 1.83016E-6 1.89753E-6 1.7772E-6 1.91922E-6 1.94233E-6 1.87657E-6
7.92612E-6 5.03487E-6 5.81951E-6 8.41391E-6 8.72315E-6 9.87257E-6 9.05712E-6 7.13854E-6 9.45147E-6 4.75713E-6 9.95789E-6 5.59189E-6 4.04817E-6 3.32809E-6 2.7797E-6 3.98614E-6 6.02714E-6 3.8777E-6 4.69817E-6 5.24564E-6 6.09686E-6 7.09313E-6 5.4678E-6 4.98687E-6 4.55222E-6 3.95497E-6 2.94643E-6 2.74395E-6 2.43682E-6 2.90834E-6 5.01657E-6 2.42044E-6 2.23375E-6 2.16829E-6 2.31757E-6 2.33101E-6 2.12518E-6 1.89274E-6 2.23778E-6 1.98054E-6 2.02584E-6 1.95461E-6 1.86499E-6 1.98438E-6 2.15637E-6 1.91721E-6 2.06926E-6 2.17016E-6 2.21596E-6 2.05964E-6 2.30724E-6 2.09516E-6 2.04845E-6 1.85773E-6 2.04828E-6 2.02166E-6 1.88373E-6 1.91469E-6 1.84728E-6 1.91166E-6 1.89629E-6
5.29164E-6 5.96044E-6 5.36308E-6 7.76347E-6 6.95504E-6 9.36404E-6 7.44266E-6 8.00133E-6 9.43832E-6 9.96807E-6 9.1056E-6 1.07098E-5 6.12009E-6 6.10216E-6 6.96058E-6 7.33506E-6 4.93273E-6 5.49406E-6 5.36544E-6 6.7452E-6 5.74227E-6 3.67134E-6 4.6706E-6 4.35678E-6 2.9315E-6 3.18068E-6 3.03133E-6 3.91155E-6 3.29047E-6 3.68582E-6 3.58781E-6 2.52241E-6 2.37566E-6 2.28872E-6 2.19866E-6 1.9828E-6 2.02302E-6 2.06909E-6 1.89513E-6 2.06971E-6 2.05379E-6 1.94449E-6 2.08286E-6 1.98141E-6 1.94525E-6 2.07526E-6 2.11498E-6 2.20078E-6 2.11284E-6 2.06302E-6 2.14453E-6 2.21493E-6 2.13689E-6 2.04553E-6 2.07963E-6 2.16869E-6 2.06066E-6 1.98969E-6 1.94614E-6 1.94258E-6 2.05621E-6
4.22909E-6 3.81916E-6 3.16671E-6 2.98993E-6 5.31736E-6 7.33719E-6 1.06398E-5 5.83305E-6 8.90472E-6 8.85722E-6 1.18029E-5 7.29708E-6 6.59276E-6 5.17059E-6 6.48092E-6 7.00414E-6 8.00893E-6 7.684E-6 5.65582E-6 5.6876E-6 3.25911E-6 3.50023E-6 7.19138E-6 5.52426E-6 4.24025E-6 5.54736E-6 4.47306E-6 5.27043E-6 4.45292E-6 3.24458E-6 3.99723E-6 2.9273E-6 3.07309E-6 2.99297E-6 2.76852E-6 2.41759E-6 2.16719E-6 2.14973E-6 2.22114E-6 1.92798E-6 2.14133E-6 2.12607E-6 2.195E-6 1.94611E-6 2.02333E-6 2.08176E-6 2.08965E-6 2.11568E-6 2.15752E-6 1.96432E-6 2.10331E-6 2.19844E-6 2.17257E-6 2.2223E-6 1.97565E-6 2.06209E-6 2.34666E-6 2.28394E-6 2.06011E-6 1.95352E-6 2.08313E-6
4.0238E-6 3.89088E-6 3.99369E-6 2.99236E-6 5.99072E-6 7.29483E-6 9.41043E-6 7.85597E-6 8.47779E-6 8.24263E-6 9.67999E-6 6.86805E-6 4.76867E-6 5.32272E-6 4.91898E-6 7.15747E-6 8.1167E-6 6.5294E-6 7.46882E-6 6.80445E-6 4.05445E-6 3.35942E-6 4.80823E-6 5.09856E-6 4.35094E-6 5.40422E-6 6.57785E-6 4.65637E-6 3.54764E-6 4.06632E-6 4.3401E-6 3.33613E-6 3.83442E-6 3.91835E-6 3.25049E-6 2.60374E-6 2.95144E-6 2.20718E-6 1.65129E-6 2.33002E-6 2.07302E-6 2.33277E-6 2.52922E-6 2.32951E-6 2.11742E-6 2.11056E-6 2.26287E-6 2.22048E-6 2.39854E-6 2.07302E-6 2.29248E-6 2.22362E-6 2.37508E-6 2.96002E-6 2.19576E-6 2.31435E-6 2.58204E-6 2.30217E-6 2.23008E-6 2.28038E-6 2.26256E-6
6.19333E-6 1.01716E-5 1.40358E-5 4.00762E-6 5.53464E-6 4.10724E-6 7.25534E-6 6.98146E-6 8.73935E-6 8.88131E-6 6.09763E-6 7.99571E-6 7.09074E-6 5.89944E-6 1.21209E-5 5.83087E-6 8.22055E-6 7.60177E-6 7.96861E-6 4.62201E-6 2.80713E-6 5.39091E-6 2.95482E-6 3.81981E-6 7.92958E-6 9.06162E-6 4.31459E-6 7.0552E-6 3.3793E-6 3.4347E-6 5.25212E-6 3.82015E-6 2.87451E-6 2.99198E-6 3.32798E-6 2.84825E-6 2.29108E-6 2.35681E-6 2.14117E-6 2.0696E-6 2.99748E-6 2.79215E-6 2.25586E-6 2.489E-6 2.65968E-6 2.45461E-6 2.32267E-6 2.37115E-6 2.4069E-6 2.30067E-6 2.16399E-6 3.70165E-6 2.37294E-6 2.62077E-6 2.56059E-6 2.44318E-6 2.37497E-6 2.35742E-6 2.22472E-6 2.2244E-6 2.37135E-6
6.77802E-6 1.00735E-5 9.94812E-6 4.811E-6 5.74901E-6 4.07321E-6 7.17887E-6 5.35594E-6 7.43914E-6 7.59251E-6 9.17349E-6 8.45698E-6 6.44331E-6 8.09096E-6 5.6992E-6 7.4733E-6 8.27394E-6 8.38418E-6 9.49051E-6 4.29079E-6 4.61663E-6 3.14213E-6 3.38974E-6 4.30753E-6 5.62893E-6 5.19569E-6 3.45011E-6 4.07143E-6 3.86214E-6 4.67647E-6 7.59765E-6 3.54719E-6 3.42528E-6 3.08972E-6 3.79123E-6 3.17819E-6 3.14987E-6 4.04626E-6 2.42194E-6 2.3798E-6 2.86943E-6 2.79999E-6 2.34094E-6 2.11133E-6 2.50753E-6 2.43789E-6 2.70416E-6 2.79741E-6 2.62657E-6 2.68478E-6 2.4573E-6 3.0008E-6 2.64847E-6 2.31189E-6 2.28855E-6 2.51029E-6 3.07797E-6 2.28551E-6 2.29831E-6 2.21786E-6 2.32512E-6
1.07572E-5 9.63189E-6 6.4807E-6 5.98633E-6 8.92001E-6 6.52153E-6 6.79018E-6 3.56062E-6 4.76029E-6 5.04349E-6 4.42765E-6 5.13892E-6 5.87672E-6 7.07597E-6 5.95376E-6 7.26701E-6 6.30446E-6 8.67158E-6 8.8624E-6 5.20595E-6 5.96422E-6 4.2306E-6 3.74608E-6 3.23928E-6 3.06049E-6 7.4957E-6 3.23423E-6 4.17848E-6 3.46339E-6 4.5895E-6 6.96142E-6 5.17013E-6 4.47038E-6 4.99504E-6 5.39542E-6 5.30334E-6 3.59965E-6 2.62407E-6 2.92282E-6 2.95287E-6 2.74144E-6 2.64371E-6 2.54928E-6 2.3934E-6 2.60668E-6 2.66862E-6 2.38064E-6 2.60123E-6 3.01266E-6 2.9367E-6 3.0577E-6 3.06082E-6 2.46254E-6 2.53028E-6 2.23963E-6 2.28772E-6 2.19322E-6 2.26413E-6 2.47004E-6 2.32251E-6 2.81259E-6
9.89295E-6 8.26815E-6 5.85105E-6 7.22829E-6 7.83323E-6 8.02349E-6 8.58742E-6 7.67222E-6 4.94063E-6 4.89356E-6 6.17798E-6 7.12377E-6 8.01497E-6 5.72801E-6 7.71372E-6 9.3751E-6 8.55261E-6 7.32746E-6 1.06171E-5 5.63629E-6 5.13888E-6 4.22114E-6 4.08914E-6 5.27389E-6 3.46071E-6 6.67414E-6 5.24449E-6 4.1611E-6 6.77843E-6 3.85355E-6 5.25499E-6 4.42988E-6 6.31512E-6 4.98304E-6 5.10667E-6 8.48558E-6 3.49741E-6 2.75627E-6 2.69051E-6 3.21353E-6 3.52469E-6 2.65191E-6 3.14115E-6 2.56599E-6 3.19494E-6 2.85848E-6 2.61831E-6 2.67959E-6 2.51469E-6 2.83204E-6 3.43367E-6 2.73467E-6 2.69429E-6 2.35747E-6 2.65097E-6 2.42179E-6 2.18866E-6 2.5209E-6 2.61555E-6 2.44657E-6 2.41509E-6
1.12757E-5 9.63414E-6 8.31624E-6 6.09842E-6 7.88367E-6 7.68731E-6 7.33114E-6 7.0489E-6 5.71582E-6 5.95688E-6 6.06921E-6 4.93791E-6 4.87217E-6 9.1169E-6 8.35809E-6 8.93632E-6 7.02121E-6 4.21515E-6 1.09789E-5 6.67914E-6 4.52469E-6 5.93785E-6 5.85575E-6 3.60039E-6 3.1122E-6 3.88346E-6 8.10074E-6 8.92097E-6 6.40021E-6 5.06996E-6 3.41948E-6 4.18139E-6 7.2227E-6 7.97463E-6 5.96432E-6 4.75192E-6 3.79827E-6 3.60395E-6 2.52676E-6 3.61655E-6 3.06676E-6 2.97042E-6 2.77642E-6 2.83494E-6 3.08884E-6 2.91464E-6 2.41437E-6 2.71476E-6 2.68535E-6 3.10161E-6 2.8159E-6 2.51971E-6 2.62586E-6 2.54718E-6 2.479E-6 2.29079E-6 2.45826E-6 2.47786E-6 2.31888E-6 2.23182E-6 2.36144E-6
1.15182E-5 9.30758E-6 8.37552E-6 6.14195E-6 7.25312E-6 6.74018E-6 7.1821E-6 6.92639E-6 8.03997E-6 7.57459E-6 6.04604E-6 4.57141E-6 5.89089E-6 8.34414E-6 8.55141E-6 8.07992E-6 6.60293E-6 4.79565E-6 5.84175E-6 6.0403E-6 6.8277E-6 7.4757E-6 6.19757E-6 6.891E-6 3.95575E-6 3.21582E-6 8.42339E-6 9.30554E-6 6.46559E-6 5.45471E-6 7.75575E-6 6.38425E-6 6.81572E-6 9.35121E-6 9.17029E-6 8.63267E-6 5.41236E-6 6.21784E-6 4.32842E-6 3.28719E-6 2.84421E-6 3.38878E-6 3.41147E-6 3.51038E-6 2.91761E-6 2.64399E-6 2.39205E-6 2.96349E-6 2.66964E-6 2.65232E-6 2.67328E-6 2.69514E-6 2.7964E-6 2.22124E-6 2.18005E-6 2.18436E-6 2.18644E-6 2.41213E-6 2.40208E-6 2.56161E-6 2.57912E-6
1.03468E-5 7.03237E-6 5.37105E-6 6.43587E-6 8.56133E-6 8.44643E-6 4.78999E-6 6.62058E-6 1.19385E-5 7.86291E-6 5.0434E-6 5.65419E-6 5.73471E-6 7.60787E-6 8.47908E-6 6.11829E-6 7.05992E-6 6.79122E-6 9.3426E-6 9.36708E-6 6.92962E-6 7.50678E-6 4.76973E-6 8.94623E-6 5.64111E-6 2.91601E-6 7.02871E-6 7.77921E-6 5.82418E-6 7.68106E-6 7.61103E-6 8.1868E-6 9.79159E-6 8.86228E-6 5.47983E-6 5.0445E-6 9.41501E-6 6.51895E-6 5.17383E-6 5.16044E-6 4.06238E-6 3.36163E-6 3.10777E-6 2.68687E-6 3.24945E-6 2.6098E-6 2.6547E-6 3.2617E-6 2.7019E-6 2.39325E-6 2.61978E-6 2.53328E-6 2.39626E-6 2.29969E-6 2.21936E-6 2.40222E-6 2.33316E-6 2.44366E-6 2.26322E-6 2.80281E-6 3.18816E-6
7.67732E-6 5.8529E-6 7.11813E-6 8.43576E-6 6.98655E-6 5.81285E-6 6.83634E-6 7.91639E-6 8.22455E-6 7.57424E-6 5.96558E-6 5.07212E-6 6.1814E-6 8.37192E-6 8.70625E-6 8.54887E-6 8.04316E-6 7.72426E-6 9.37109E-6 7.60519E-6 5.22637E-6 5.79918E-6 7.23983E-6 8.34745E-6 7.49433E-6 4.87645E-6 5.46822E-6 5.11403E-6 5.20134E-6 5.90808E-6 3.97584E-6 9.39589E-6 9.33945E-6 6.99319E-6 8.59162E-6 6.70071E-6 4.74086E-6 3.95156E-6 3.44185E-6 5.37121E-6 4.27297E-6 5.07736E-6 3.47959E-6 3.7651E-6 4.17671E-6 2.97518E-6 3.09893E-6 2.689E-6 3.00279E-6 2.88113E-6 2.66565E-6 2.92929E-6 2.60757E-6 2.53086E-6 2.49473E-6 2.6984E-6 2.56211E-6 2.62967E-6 2.51996E-6 2.57726E-6 2.76522E-6
9.98338E-6 6.34031E-6 7.84842E-6 9.7052E-6 8.47687E-6 6.74978E-6 6.77501E-6 6.41263E-6 7.3542E-6 7.68677E-6 9.64912E-6 6.4696E-6 4.52098E-6 7.94342E-6 7.37554E-6 7.8792E-6 6.42411E-6 4.84317E-6 4.41503E-6 6.05025E-6 4.26946E-6 4.00722E-6 7.07514E-6 8.15192E-6 8.92205E-6 8.07136E-6 8.64712E-6 1.0464E-5 4.64927E-6 1.04667E-5 8.28527E-6 9.25758E-6 8.30726E-6 6.58864E-6 8.71899E-6 6.96608E-6 5.51915E-6 3.48603E-6 4.53158E-6 5.18469E-6 5.01988E-6 7.04696E-6 3.04622E-6 3.45723E-6 3.35679E-6 2.76195E-6 2.72345E-6 3.3527E-6 2.72718E-6 3.0334E-6 2.39036E-6 2.58558E-6 2.62639E-6 2.38181E-6 2.96814E-6 2.81605E-6 2.48826E-6 2.66581E-6 2.74156E-6 2.40956E-6 2.5007E-6
1.05254E-5 1.08222E-5 8.6729E-6 7.72743E-6 5.69915E-6 7.85375E-6 9.20707E-6 8.80771E-6 6.84261E-6 9.50787E-6 8.54543E-6 7.70728E-6 8.05097E-6 9.03818E-6 8.80534E-6 8.1365E-6 9.28071E-6 5.89966E-6 3.58928E-6 6.99219E-6 6.0406E-6 5.17448E-6 5.98108E-6 6.51519E-6 4.61753E-6 7.34016E-6 1.06829E-5 1.34148E-5 1.30859E-5 1.12071E-5 8.441E-6 8.97391E-6 7.97201E-6 8.23443E-6 7.52783E-6 8.62903E-6 4.85797E-6 3.68776E-6 3.52373E-6 4.34084E-6 5.49709E-6 6.36209E-6 4.12339E-6 2.85026E-6 3.78732E-6 3.317E-6 3.02246E-6 3.03336E-6 3.07697E-6 3.36815E-6 2.49804E-6 2.33449E-6 2.44839E-6 3.16759E-6 2.67123E-6 2.59744E-6 3.03187E-6 2.47936E-6 2.37462E-6 2.46641E-6 2.86481E-6
1.27433E-5 1.1437E-5 1.10691E-5 5.4991E-6 9.27463E-6 7.28647E-6 8.13806E-6 8.08367E-6 8.05518E-6 9.28385E-6 9.08478E-6 8.1275E-6 9.17544E-6 7.50669E-6 6.87169E-6 7.89853E-6 1.23594E-5 6.72767E-6 4.4417E-6 7.24762E-6 8.51619E-6 7.03703E-6 8.31126E-6 6.66276E-6 4.41596E-6 7.4836E-6 1.23415E-5 1.27946E-5 1.49982E-5 9.07881E-6 7.17105E-6 8.50254E-6 8.21952E-6 7.45139E-6 6.30499E-6 4.88631E-6 5.00458E-6 7.25204E-6 4.65521E-6 4.04161E-6 6.55057E-6 5.07673E-6 4.85889E-6 3.93152E-6 3.82186E-6 2.88689E-6 2.95456E-6 3.82878E-6 3.51732E-6 3.0453E-6 2.47275E-6 2.62051E-6 2.57154E-6 3.01822E-6 2.67931E-6 2.80481E-6 3.47466E-6 2.93759E-6 2.47648E-6 2.54574E-6 3.08413E-6
1.65943E-5 1.02163E-5 1.15893E-5 1.09999E-5 9.99202E-6 9.53885E-6 7.63913E-6 1.08816E-5 7.01209E-6 1.00918E-5 8.5688E-6 7.38919E-6 8.57844E-6 1.04869E-5 9.98601E-6 8.47844E-6 7.25209E-6 4.44427E-6 3.72864E-6 4.07422E-6 5.81929E-6 4.88446E-6 8.28418E-6 5.44794E-6 6.06798E-6 8.67857E-6 8.48619E-6 9.06276E-6 9.2011E-6 9.37165E-6 9.12526E-6 8.75396E-6 1.09353E-5 6.53828E-6 6.29591E-6 6.72102E-6 6.48404E-6 6.23999E-6 4.36781E-6 3.87696E-6 5.84406E-6 3.77905E-6 3.16491E-6 3.31285E-6 4.08493E-6 3.66311E-6 3.34469E-6 4.02505E-6 4.30849E-6 3.11673E-6 2.68487E-6 3.281E-6 2.75229E-6 2.43707E-6 2.31229E-6 2.47839E-6 2.72624E-6 2.52007E-6 2.47153E-6 2.62873E-6 2.86655E-6
1.22848E-5 1.32588E-5 1.34503E-5 9.5634E-6 1.05467E-5 1.04929E-5 1.03415E-5 9.29923E-6 6.94379E-6 7.05201E-6 8.04547E-6 6.55692E-6 9.28535E-6 9.29167E-6 8.46083E-6 5.2304E-6 7.33782E-6 5.1951E-6 5.19044E-6 5.01018E-6 4.36267E-6 5.03531E-6 7.1673E-6 7.36579E-6 8.67343E-6 9.52048E-6 9.81873E-6 1.23196E-5 1.27696E-5 8.40366E-6 7.92148E-6 9.07309E-6 1.00158E-5 5.2055E-6 8.61002E-6 8.35222E-6 5.77223E-6 5.88407E-6 4.08551E-6 4.99094E-6 4.54006E-6 2.77619E-6 2.89063E-6 3.0689E-6 3.31378E-6 4.0855E-6 4.25887E-6 3.62403E-6 3.77757E-6 3.18873E-6 2.99478E-6 3.26422E-6 3.02333E-6 2.76571E-6 2.62166E-6 2.67759E-6 2.66381E-6 2.62149E-6 2.70084E-6 2.77276E-6 2.9258E-6
1.25256E-5 1.5751E-5 1.36204E-5 1.04552E-5 1.11714E-5 1.31898E-5 9.88123E-6 1.0389E-5 8.53748E-6 1.03367E-5 9.50978E-6 5.54888E-6 8.36079E-6 8.42556E-6 5.81E-6 6.57489E-6 7.65946E-6 6.8778E-6 5.34637E-6 7.39663E-6 6.64985E-6 8.11455E-6 7.52964E-6 7.28285E-6 8.28846E-6 8.24086E-6 8.42751E-6 1.15839E-5 1.51042E-5 1.39592E-5 1.06365E-5 1.53316E-5 9.77589E-6 7.17784E-6 6.85358E-6 7.89594E-6 5.3371E-6 4.75759E-6 5.33167E-6 3.63953E-6 4.35172E-6 3.86725E-6 2.89114E-6 2.73506E-6 3.18916E-6 3.69928E-6 4.13433E-6 4.21957E-6 3.20063E-6 3.10156E-6 3.41991E-6 2.7919E-6 3.37425E-6 2.90329E-6 2.64359E-6 2.46983E-6 2.93723E-6 2.72055E-6 2.816E-6 2.77373E-6 3.04535E-6
1.8163E-5 1.23441E-5 1.38479E-5 1.32275E-5 1.33382E-5 1.56698E-5 9.84066E-6 1.18401E-5 1.06877E-5 1.17222E-5 8.02236E-6 6.84818E-6 7.15029E-6 5.98302E-6 7.13418E-6 6.60962E-6 5.94369E-6 5.523E-6 4.84278E-6 7.21936E-6 7.50451E-6 8.66133E-6 8.45796E-6 7.93368E-6 8.07594E-6 8.34216E-6 8.6804E-6 7.51529E-6 1.1551E-5 1.40296E-5 1.02363E-5 1.35015E-5 9.97047E-6 6.40804E-6 8.03986E-6 6.15354E-6 7.72663E-6 7.29772E-6 6.03865E-6 4.20798E-6 3.77996E-6 4.03145E-6 4.31461E-6 3.48995E-6 3.03731E-6 3.43876E-6 5.56271E-6 5.38677E-6 5.67155E-6 3.94403E-6 3.84591E-6 3.46037E-6 3.08577E-6 2.89959E-6 2.61479E-6 2.76798E-6 2.99529E-6 3.7319E-6 3.85695E-6 3.48705E-6 3.08773E-6
