Candidate_Models_July82022/M_0.2_F_lqp_Set_1_all/Bison.asc
ncols         290
nrows         380
xllcorner     -2197417.7431653
yllcorner     -584827.01486885
cellsize      10000.0
NODATA_value  -9999
[rows 81 to 107 of 380, columns 183 to 243 of 290]
1.09783E-6 1.49004E-6 1.48814E-6 1.71537E-6 1.17357E-6 1.13779E-6 1.13527E-6 9.52663E-7 9.3794E-7 8.95133E-7 8.83451E-7 8.455E-7 8.49707E-7 8.25599E-7 9.45639E-7 9.35071E-7 9.21998E-7 8.64763E-7 8.4816E-7 9.03785E-7 9.05453E-7 8.44474E-7 8.53585E-7 8.6544E-7 7.2766E-7 7.21069E-7 7.45E-7 6.69631E-7 6.7305E-7 6.16764E-7 6.19941E-7 6.31274E-7 6.08743E-7 6.23878E-7 6.21192E-7 5.76708E-7 5.8539E-7 5.1694E-7 4.93001E-7 4.62716E-7 4.76913E-7 4.19939E-7 4.15136E-7 4.06445E-7 3.8293E-7 3.63094E-7 3.39421E-7 3.32317E-7 3.11515E-7 2.99298E-7 3.21266E-7 3.2145E-7 3.45618E-7 3.25963E-7 3.32003E-7 3.51682E-7 3.31608E-7 3.55899E-7 3.13214E-7 2.449E-7 2.23131E-7
1.08081E-6 1.27418E-6 1.64374E-6 -9999 1.07377E-6 1.18471E-6 1.02803E-6 9.78657E-7 9.17592E-7 8.64382E-7 9.11822E-7 8.57264E-7 8.53668E-7 8.3911E-7 9.36391E-7 9.03389E-7 8.75077E-7 9.44927E-7 8.71865E-7 8.93098E-7 8.83102E-7 8.1727E-7 8.03835E-7 7.80588E-7 7.5753E-7 7.43248E-7 7.63554E-7 6.87449E-7 5.95089E-7 5.89302E-7 6.05922E-7 6.92207E-7 6.30614E-7 5.98055E-7 5.74667E-7 5.62289E-7 5.31699E-7 5.42701E-7 5.16973E-7 4.5404E-7 4.59038E-7 4.4199E-7 4.10402E-7 4.04902E-7 3.71732E-7 3.63629E-7 3.68598E-7 3.25345E-7 3.43862E-7 3.24803E-7 3.33265E-7 3.37684E-7 3.62949E-7 3.38666E-7 3.35759E-7 3.36782E-7 3.53802E-7 3.41205E-7 3.25441E-7 2.54966E-7 2.22953E-7
9.14791E-7 1.14653E-6 1.46568E-6 1.3598E-6 1.08629E-6 1.04682E-6 9.05388E-7 9.08282E-7 8.97845E-7 8.78064E-7 8.03089E-7 8.4395E-7 8.40107E-7 8.79405E-7 8.91732E-7 9.11306E-7 8.79355E-7 8.71568E-7 9.45402E-7 8.44273E-7 8.23848E-7 7.6771E-7 8.17038E-7 7.94681E-7 7.62715E-7 7.45154E-7 7.1751E-7 6.99559E-7 6.10737E-7 5.94254E-7 6.67329E-7 5.78924E-7 6.2985E-7 5.84044E-7 5.72701E-7 5.16634E-7 5.23376E-7 5.18185E-7 5.049E-7 4.57621E-7 4.13447E-7 4.43107E-7 4.29186E-7 4.38472E-7 4.00955E-7 3.81102E-7 3.6434E-7 3.58146E-7 3.45838E-7 3.5326E-7 3.47397E-7 3.43343E-7 3.62089E-7 3.34689E-7 3.78931E-7 3.15942E-7 3.13186E-7 3.55541E-7 3.13757E-7 3.13292E-7 2.43305E-7
8.70934E-7 9.38896E-7 1.44219E-6 1.49229E-6 1.19632E-6 1.07607E-6 9.84542E-7 9.36987E-7 9.256E-7 8.4259E-7 8.60067E-7 8.42112E-7 9.07093E-7 9.47108E-7 9.11842E-7 8.62765E-7 8.12049E-7 8.23239E-7 8.53275E-7 7.91538E-7 8.20026E-7 7.81881E-7 7.95544E-7 9.51282E-7 7.5235E-7 7.49522E-7 6.50807E-7 6.96778E-7 6.42711E-7 5.95343E-7 7.90642E-7 6.44049E-7 6.30275E-7 6.41689E-7 6.03779E-7 5.65754E-7 5.01353E-7 5.01186E-7 5.02544E-7 5.04687E-7 4.79713E-7 4.88124E-7 4.75011E-7 4.41956E-7 4.03247E-7 3.96717E-7 3.66477E-7 3.65956E-7 3.79873E-7 3.57112E-7 3.41216E-7 3.53432E-7 3.72213E-7 3.75553E-7 3.12106E-7 3.42337E-7 3.39215E-7 3.08789E-7 3.20952E-7 3.38473E-7 2.56187E-7
9.08013E-7 9.62425E-7 9.91703E-7 1.28797E-6 1.39665E-6 1.14916E-6 1.08047E-6 1.15481E-6 9.24238E-7 7.38141E-7 8.78106E-7 7.98799E-7 9.56517E-7 7.59463E-7 8.70366E-7 9.05317E-7 8.25016E-7 8.52854E-7 8.45784E-7 8.25017E-7 8.2498E-7 8.26652E-7 8.52602E-7 8.64413E-7 7.98715E-7 7.60777E-7 7.39541E-7 7.11245E-7 7.41805E-7 6.30932E-7 8.22218E-7 6.91662E-7 6.87427E-7 5.93314E-7 6.18468E-7 5.60409E-7 4.93839E-7 5.07299E-7 5.159E-7 5.28399E-7 4.84062E-7 4.91623E-7 4.54743E-7 4.33896E-7 4.25308E-7 4.03115E-7 3.82658E-7 3.82827E-7 3.73255E-7 3.84568E-7 3.8897E-7 3.92953E-7 3.37145E-7 3.37847E-7 3.13446E-7 3.44623E-7 2.86892E-7 3.0502E-7 3.04114E-7 3.26214E-7 2.27392E-7
9.71451E-7 1.0636E-6 1.0526E-6 1.15529E-6 1.26267E-6 1.36887E-6 9.87494E-7 1.05604E-6 -9999 -9999 9.15031E-7 8.97475E-7 9.02886E-7 9.06122E-7 8.77344E-7 8.5818E-7 8.82001E-7 9.04274E-7 8.92693E-7 8.84477E-7 9.3931E-7 8.77258E-7 8.33901E-7 8.74778E-7 1.00707E-6 8.70685E-7 7.60185E-7 7.47429E-7 7.5077E-7 6.77654E-7 7.19182E-7 7.6792E-7 6.84312E-7 6.63082E-7 6.06955E-7 5.73107E-7 5.70598E-7 5.34525E-7 5.35795E-7 5.3599E-7 5.08908E-7 4.94457E-7 5.04606E-7 4.34738E-7 4.51292E-7 4.19236E-7 4.30371E-7 4.15165E-7 3.56215E-7 3.80757E-7 3.75453E-7 3.56494E-7 3.33635E-7 3.38008E-7 3.96843E-7 3.04953E-7 3.15087E-7 2.75012E-7 2.99502E-7 2.60237E-7 2.48488E-7
1.0034E-6 1.02789E-6 9.08685E-7 1.2236E-6 1.42417E-6 1.20208E-6 1.01992E-6 1.06211E-6 9.71051E-7 9.01121E-7 1.01081E-6 9.45439E-7 -9999 8.80651E-7 8.44022E-7 9.17701E-7 8.97051E-7 8.66242E-7 8.60937E-7 8.77357E-7 8.98121E-7 8.98448E-7 8.94552E-7 8.28441E-7 9.07225E-7 1.00127E-6 8.02708E-7 7.55558E-7 7.70626E-7 9.35497E-7 7.12609E-7 1.2092E-6 7.34298E-7 6.36011E-7 6.37449E-7 6.77211E-7 6.4765E-7 5.70784E-7 5.69826E-7 5.63635E-7 5.06598E-7 5.25316E-7 4.5773E-7 4.65102E-7 4.46316E-7 4.6447E-7 4.17626E-7 4.32231E-7 3.90687E-7 3.82687E-7 4.34358E-7 3.49797E-7 3.64753E-7 3.64036E-7 3.36941E-7 3.19407E-7 2.93331E-7 3.41039E-7 2.87894E-7 2.29032E-7 2.55465E-7
1.01291E-6 1.0753E-6 1.09111E-6 1.05825E-6 1.06147E-6 1.32315E-6 1.14151E-6 1.10309E-6 9.6294E-7 9.39601E-7 9.85709E-7 9.96068E-7 1.1238E-6 9.28536E-7 8.78773E-7 9.13689E-7 9.86207E-7 9.10101E-7 9.70307E-7 1.00791E-6 9.49801E-7 9.11583E-7 8.71074E-7 9.90907E-7 8.69928E-7 8.45222E-7 9.08349E-7 7.58612E-7 7.80934E-7 6.38994E-7 7.4876E-7 7.94245E-7 6.84529E-7 7.06277E-7 7.20114E-7 6.93022E-7 6.87038E-7 5.89801E-7 5.75819E-7 5.81262E-7 5.65551E-7 5.38985E-7 5.38032E-7 4.7964E-7 4.80637E-7 4.70562E-7 4.60651E-7 4.49263E-7 4.03144E-7 4.12151E-7 3.988E-7 3.92181E-7 3.66809E-7 3.33097E-7 3.5718E-7 3.10844E-7 3.6261E-7 2.99078E-7 2.89082E-7 2.97478E-7 2.5697E-7
1.06053E-6 1.15795E-6 1.19299E-6 1.17365E-6 1.13769E-6 1.23254E-6 1.21468E-6 1.16389E-6 1.0407E-6 1.07355E-6 1.12418E-6 1.09222E-6 1.0249E-6 9.57732E-7 9.46221E-7 9.62848E-7 9.15928E-7 9.42247E-7 1.02699E-6 1.01556E-6 1.0545E-6 1.00119E-6 9.22808E-7 9.14844E-7 8.33517E-7 8.90692E-7 8.96439E-7 9.097E-7 8.12963E-7 7.22484E-7 7.6218E-7 7.23316E-7 7.3394E-7 7.52442E-7 7.31978E-7 7.48199E-7 6.6866E-7 6.18163E-7 5.88613E-7 5.85417E-7 5.53126E-7 5.32476E-7 5.2619E-7 4.93831E-7 4.87498E-7 5.06E-7 4.53613E-7 4.72268E-7 4.36479E-7 4.29947E-7 4.24878E-7 3.88889E-7 3.68861E-7 3.27924E-7 3.53522E-7 3.43264E-7 5.20838E-7 3.32061E-7 2.77147E-7 2.6241E-7 2.70501E-7
1.17645E-6 1.22228E-6 1.38163E-6 1.22388E-6 1.30098E-6 1.37511E-6 1.44001E-6 1.15788E-6 1.20742E-6 1.09555E-6 1.08761E-6 1.05658E-6 1.07417E-6 9.03275E-7 9.35748E-7 1.02698E-6 9.56114E-7 9.76544E-7 1.01502E-6 1.07697E-6 1.0367E-6 9.93501E-7 1.0506E-6 9.2794E-7 9.06837E-7 9.42027E-7 1.02948E-6 9.83864E-7 1.08226E-6 8.15137E-7 7.52272E-7 7.18953E-7 7.04153E-7 7.68787E-7 7.8533E-7 7.64083E-7 7.32976E-7 6.80915E-7 6.07398E-7 4.72272E-7 5.30916E-7 5.3958E-7 5.29734E-7 5.37891E-7 5.35552E-7 4.91684E-7 4.65486E-7 4.42519E-7 4.47682E-7 4.55726E-7 4.57269E-7 4.08799E-7 4.09774E-7 3.30651E-7 3.91718E-7 3.53673E-7 3.54213E-7 3.19735E-7 3.08539E-7 2.84988E-7 2.71151E-7
1.21231E-6 1.27519E-6 1.22272E-6 1.32116E-6 1.3137E-6 1.25732E-6 1.33881E-6 1.20962E-6 1.1765E-6 1.19638E-6 1.12211E-6 1.08518E-6 1.08021E-6 1.10752E-6 1.01551E-6 1.02376E-6 1.03512E-6 9.72729E-7 9.71357E-7 9.96495E-7 1.16376E-6 9.9806E-7 1.15372E-6 1.14964E-6 1.14215E-6 9.94725E-7 9.58685E-7 1.00073E-6 9.17505E-7 9.47381E-7 8.67772E-7 7.66208E-7 7.73661E-7 8.74793E-7 7.7162E-7 6.97301E-7 7.23956E-7 6.83817E-7 5.8565E-7 6.52198E-7 5.9818E-7 5.45092E-7 5.34835E-7 5.0744E-7 5.23802E-7 4.66532E-7 4.7562E-7 4.38069E-7 4.28599E-7 4.51936E-7 4.34962E-7 4.2209E-7 3.9792E-7 3.70884E-7 4.07859E-7 3.49569E-7 3.52477E-7 3.21773E-7 2.96229E-7 3.12023E-7 2.73923E-7
1.24977E-6 1.32326E-6 1.59701E-6 8.99504E-7 1.29895E-6 1.27258E-6 1.13293E-6 1.19671E-6 1.20825E-6 1.06637E-6 1.35354E-6 1.1387E-6 9.80672E-7 1.11711E-6 1.03131E-6 1.03585E-6 1.00419E-6 9.76639E-7 1.00256E-6 1.09101E-6 1.06889E-6 1.12356E-6 1.0974E-6 1.06823E-6 1.04837E-6 1.04699E-6 1.0416E-6 1.02773E-6 8.74977E-7 8.4892E-7 7.85685E-7 7.76768E-7 9.70251E-7 8.16895E-7 7.00684E-7 7.41717E-7 7.18885E-7 6.91468E-7 6.7913E-7 6.74227E-7 5.37158E-7 5.86737E-7 5.56443E-7 5.29262E-7 5.04553E-7 5.22142E-7 4.89751E-7 4.7611E-7 4.43077E-7 4.06256E-7 4.40845E-7 3.59475E-7 3.8034E-7 3.68544E-7 3.62008E-7 3.90415E-7 4.10717E-7 3.57475E-7 3.29815E-7 3.00189E-7 3.26529E-7
1.29314E-6 1.37493E-6 1.31669E-6 1.66887E-6 1.32421E-6 1.19676E-6 1.32152E-6 1.39275E-6 1.1488E-6 1.30893E-6 1.30174E-6 1.18862E-6 1.00293E-6 1.06342E-6 1.06629E-6 1.10941E-6 1.04808E-6 1.05139E-6 1.10082E-6 1.16162E-6 1.15325E-6 1.11225E-6 1.12095E-6 1.14062E-6 1.17781E-6 1.07731E-6 1.15392E-6 1.1563E-6 9.50104E-7 9.00766E-7 7.87549E-7 8.30908E-7 8.96723E-7 1.0347E-6 6.97517E-7 7.53803E-7 7.13947E-7 6.59993E-7 6.37648E-7 6.47439E-7 6.23697E-7 6.3722E-7 5.23986E-7 5.30897E-7 5.29369E-7 5.23037E-7 4.7679E-7 4.48752E-7 4.55115E-7 4.38236E-7 4.32786E-7 4.57226E-7 4.26989E-7 4.46223E-7 3.61132E-7 3.71659E-7 4.0544E-7 3.62048E-7 3.29942E-7 3.31172E-7 3.2383E-7
1.42545E-6 1.75935E-6 1.36673E-6 1.36088E-6 1.35174E-6 1.15833E-6 1.30452E-6 1.24142E-6 1.2872E-6 1.20659E-6 1.08765E-6 1.07932E-6 1.12616E-6 1.09815E-6 1.10299E-6 1.15278E-6 1.16445E-6 1.1031E-6 1.04852E-6 1.12426E-6 1.19755E-6 1.17936E-6 1.16324E-6 1.11935E-6 1.17423E-6 1.11352E-6 1.02237E-6 1.16563E-6 1.02439E-6 9.69086E-7 8.87035E-7 8.84242E-7 9.35652E-7 8.67173E-7 7.98758E-7 8.19803E-7 7.09326E-7 6.82584E-7 6.65078E-7 6.55467E-7 5.98245E-7 6.16502E-7 5.88789E-7 5.65245E-7 4.90812E-7 4.96282E-7 4.83016E-7 4.64488E-7 4.75699E-7 4.35152E-7 4.33384E-7 4.33999E-7 -9999 4.27006E-7 3.92861E-7 3.80422E-7 3.81492E-7 3.60975E-7 3.50984E-7 3.54121E-7 3.75364E-7
1.2707E-6 1.34929E-6 1.60782E-6 1.63158E-6 1.44928E-6 1.31093E-6 1.36183E-6 1.37176E-6 1.25595E-6 1.20685E-6 1.17796E-6 1.13828E-6 1.11565E-6 1.17571E-6 1.12512E-6 1.12488E-6 1.11257E-6 1.13495E-6 1.21558E-6 1.2709E-6 1.16586E-6 1.3213E-6 1.1054E-6 1.08704E-6 1.11149E-6 1.08067E-6 1.28367E-6 1.04086E-6 1.15872E-6 9.21159E-7 9.40086E-7 8.61627E-7 9.27003E-7 8.44786E-7 8.44986E-7 8.02158E-7 7.8169E-7 7.68415E-7 6.49953E-7 5.65159E-7 6.03548E-7 6.71908E-7 5.72443E-7 5.47156E-7 5.2295E-7 4.70678E-7 7.08569E-7 5.12956E-7 4.66321E-7 5.53442E-7 4.35885E-7 3.95009E-7 4.46807E-7 3.65957E-7 4.0938E-7 3.59225E-7 3.87617E-7 3.88606E-7 3.5717E-7 3.7511E-7 4.25449E-7
1.50142E-6 1.47075E-6 1.51197E-6 1.37134E-6 1.33437E-6 1.40373E-6 1.40628E-6 1.19331E-6 1.31503E-6 1.3256E-6 1.21352E-6 1.23128E-6 1.24026E-6 1.26382E-6 1.24597E-6 1.16343E-6 1.20153E-6 1.05093E-6 1.19839E-6 1.27185E-6 1.34934E-6 1.6611E-6 1.11632E-6 1.13855E-6 1.09547E-6 1.1409E-6 1.14597E-6 1.05861E-6 1.15751E-6 9.99012E-7 9.23931E-7 1.12272E-6 9.32158E-7 8.77153E-7 1.11152E-6 8.5678E-7 8.5445E-7 7.23577E-7 6.93276E-7 6.29168E-7 6.01576E-7 5.95234E-7 6.27171E-7 5.47903E-7 5.5039E-7 5.18029E-7 5.11222E-7 4.84023E-7 4.70812E-7 5.00837E-7 4.75081E-7 4.46893E-7 4.73288E-7 4.11299E-7 3.93455E-7 4.09294E-7 4.0735E-7 4.11242E-7 3.80647E-7 3.87006E-7 3.91602E-7
1.44075E-6 1.71908E-6 1.43017E-6 1.42574E-6 1.63352E-6 1.33747E-6 1.48189E-6 1.3141E-6 1.37007E-6 1.34537E-6 1.3165E-6 1.27732E-6 1.35658E-6 1.38508E-6 1.37668E-6 1.2918E-6 1.25847E-6 1.17351E-6 1.31252E-6 1.43226E-6 1.30053E-6 1.34176E-6 1.17829E-6 1.07727E-6 1.40118E-6 1.10272E-6 1.04975E-6 1.0567E-6 1.07112E-6 1.0008E-6 8.76424E-7 9.29519E-7 9.29211E-7 8.77947E-7 9.02776E-7 9.51703E-7 8.26092E-7 7.34863E-7 6.82121E-7 6.48038E-7 6.33002E-7 6.0556E-7 5.8663E-7 5.53713E-7 6.03084E-7 5.79644E-7 5.35918E-7 5.17105E-7 5.2833E-7 4.91898E-7 4.56025E-7 5.52525E-7 4.36208E-7 4.3791E-7 4.36872E-7 4.31582E-7 4.38468E-7 4.36775E-7 3.92206E-7 3.97063E-7 4.04117E-7
1.53582E-6 1.64107E-6 1.32944E-6 1.49929E-6 1.37198E-6 1.91244E-6 1.44716E-6 1.26936E-6 1.43287E-6 1.62907E-6 1.38041E-6 1.34314E-6 1.28416E-6 1.35707E-6 1.4441E-6 1.37727E-6 1.38544E-6 1.34486E-6 1.28768E-6 1.30491E-6 1.38957E-6 1.26264E-6 1.31017E-6 1.17644E-6 1.09135E-6 1.05411E-6 1.05294E-6 1.18472E-6 1.05011E-6 9.08764E-7 9.54013E-7 9.4407E-7 1.05823E-6 9.73056E-7 1.02704E-6 7.69944E-7 8.01281E-7 7.36754E-7 7.25042E-7 7.35419E-7 6.88903E-7 6.82869E-7 5.97774E-7 5.90505E-7 5.92814E-7 6.06978E-7 5.42878E-7 5.63643E-7 5.57924E-7 5.29872E-7 5.27538E-7 4.96705E-7 4.72877E-7 4.69794E-7 4.70642E-7 4.14793E-7 4.35576E-7 4.20607E-7 4.22938E-7 4.54053E-7 4.25388E-7
1.68372E-6 1.6155E-6 1.63654E-6 1.65212E-6 1.64926E-6 1.6964E-6 1.81924E-6 1.41071E-6 1.37368E-6 1.46531E-6 1.20282E-6 1.45609E-6 1.6108E-6 1.51786E-6 1.35127E-6 1.38533E-6 1.28371E-6 1.3034E-6 1.21961E-6 1.29283E-6 1.51047E-6 1.43008E-6 1.23256E-6 1.18838E-6 1.11172E-6 1.01388E-6 1.06501E-6 9.89917E-7 9.38411E-7 1.05331E-6 8.48755E-7 8.96799E-7 9.11497E-7 8.9512E-7 9.01851E-7 7.50328E-7 7.21625E-7 7.59627E-7 7.99624E-7 7.24048E-7 6.99607E-7 6.7743E-7 6.03989E-7 5.83253E-7 5.82709E-7 5.22514E-7 5.46204E-7 5.5641E-7 5.71381E-7 5.74418E-7 5.01566E-7 4.91026E-7 5.19161E-7 4.32967E-7 4.36427E-7 4.53451E-7 4.11878E-7 4.30308E-7 3.98101E-7 4.44728E-7 4.73196E-7
1.88408E-6 1.49327E-6 1.65434E-6 1.46531E-6 1.45904E-6 1.38299E-6 1.47496E-6 1.47825E-6 1.37904E-6 1.42427E-6 1.33932E-6 1.21159E-6 1.31317E-6 1.34449E-6 1.38693E-6 1.37978E-6 1.34272E-6 1.26324E-6 1.16161E-6 1.24096E-6 1.40869E-6 1.30703E-6 1.22879E-6 1.59416E-6 1.09969E-6 1.01854E-6 9.78804E-7 1.02046E-6 1.22235E-6 1.08425E-6 9.51235E-7 9.19576E-7 9.40243E-7 1.03086E-6 8.29641E-7 8.48034E-7 7.29248E-7 8.34097E-7 7.65063E-7 7.58625E-7 7.23482E-7 7.00946E-7 7.16161E-7 7.5045E-7 7.99543E-7 6.29616E-7 5.78417E-7 5.64861E-7 5.87786E-7 6.28015E-7 5.47373E-7 5.45683E-7 5.104E-7 4.54329E-7 4.05252E-7 4.51566E-7 4.42504E-7 4.33297E-7 4.15753E-7 4.53765E-7 4.3866E-7
1.5494E-6 1.51106E-6 1.64917E-6 1.67222E-6 1.84786E-6 1.64983E-6 1.49746E-6 1.5827E-6 1.44377E-6 1.53607E-6 1.43937E-6 1.36551E-6 1.34694E-6 1.42287E-6 1.35518E-6 1.36168E-6 1.2441E-6 1.27356E-6 1.215E-6 1.2151E-6 1.37332E-6 1.22433E-6 1.36588E-6 1.08052E-6 9.50357E-7 8.91912E-7 9.84914E-7 9.97317E-7 1.0176E-6 1.04813E-6 1.00712E-6 9.85213E-7 9.62702E-7 9.9752E-7 8.24941E-7 9.08844E-7 8.61293E-7 1.07109E-6 8.47326E-7 7.72352E-7 7.37501E-7 7.35775E-7 6.9383E-7 7.00926E-7 6.0728E-7 6.02425E-7 6.022E-7 5.99794E-7 6.41143E-7 5.87693E-7 5.69966E-7 5.88087E-7 5.12051E-7 5.09618E-7 4.96661E-7 4.25657E-7 4.4412E-7 4.45047E-7 4.00766E-7 4.59877E-7 4.36863E-7
1.50619E-6 1.49905E-6 1.53652E-6 1.44987E-6 1.38055E-6 1.32703E-6 1.87491E-6 1.487E-6 1.53513E-6 1.47145E-6 1.678E-6 1.43397E-6 1.26118E-6 1.42972E-6 1.2636E-6 1.33767E-6 8.52691E-7 1.14131E-6 1.30589E-6 1.15514E-6 1.15501E-6 1.18912E-6 1.5067E-6 1.18458E-6 1.06905E-6 1.02333E-6 9.61906E-7 1.02673E-6 9.40976E-7 1.03428E-6 1.04295E-6 1.02461E-6 1.0443E-6 1.10511E-6 1.29326E-6 8.68415E-7 9.33647E-7 8.24154E-7 8.06201E-7 8.65075E-7 8.74149E-7 7.48174E-7 7.00743E-7 7.24017E-7 7.25035E-7 6.5934E-7 6.63419E-7 6.52466E-7 6.12086E-7 6.55357E-7 5.98267E-7 7.17766E-7 5.6853E-7 5.35645E-7 4.89216E-7 5.01276E-7 4.7257E-7 4.55818E-7 4.15961E-7 4.58926E-7 5.10306E-7
1.67957E-6 1.67765E-6 1.41849E-6 1.3679E-6 1.40155E-6 1.46131E-6 1.61974E-6 1.55665E-6 1.43043E-6 1.57925E-6 2.45338E-6 1.44303E-6 1.36263E-6 1.42811E-6 1.38851E-6 1.40419E-6 1.3378E-6 1.31427E-6 1.22688E-6 1.25967E-6 1.2448E-6 1.30669E-6 1.51458E-6 1.387E-6 1.29833E-6 1.12343E-6 1.06006E-6 1.71648E-6 1.09519E-6 1.60125E-6 1.06793E-6 1.05007E-6 1.14769E-6 1.01131E-6 1.03387E-6 1.02958E-6 9.97382E-7 9.3358E-7 8.82553E-7 9.55417E-7 8.37572E-7 7.63772E-7 7.19325E-7 6.82053E-7 7.33734E-7 7.12828E-7 7.09289E-7 6.23686E-7 6.36016E-7 5.80969E-7 5.73958E-7 5.52677E-7 5.18304E-7 5.94443E-7 5.0836E-7 5.38022E-7 5.34108E-7 4.56695E-7 4.79438E-7 4.55665E-7 4.70532E-7
1.6127E-6 1.67259E-6 1.45431E-6 1.54856E-6 1.52065E-6 1.52596E-6 1.65763E-6 1.69176E-6 1.5385E-6 1.52802E-6 1.38336E-6 1.42979E-6 1.36326E-6 1.37314E-6 1.36901E-6 1.46015E-6 1.38743E-6 1.54282E-6 1.34607E-6 1.2632E-6 1.32514E-6 1.57699E-6 1.80448E-6 1.79901E-6 1.42541E-6 1.77823E-6 1.18059E-6 1.72683E-6 7.8535E-7 1.07814E-6 9.76343E-7 1.00697E-6 1.08228E-6 1.08638E-6 1.12036E-6 1.07214E-6 1.07185E-6 1.12527E-6 9.7771E-7 9.7101E-7 9.23896E-7 8.06867E-7 7.21596E-7 7.96377E-7 7.66582E-7 6.87687E-7 6.47348E-7 5.91677E-7 5.7655E-7 5.67103E-7 5.29111E-7 5.25191E-7 5.68122E-7 6.60096E-7 5.46843E-7 5.50168E-7 5.45071E-7 5.1522E-7 4.81219E-7 5.37132E-7 5.38258E-7
1.50699E-6 1.6143E-6 1.64575E-6 1.51903E-6 1.57786E-6 1.55467E-6 1.72246E-6 1.67522E-6 1.54189E-6 1.44594E-6 1.43648E-6 1.40467E-6 1.4575E-6 1.42388E-6 1.36858E-6 1.33752E-6 1.39475E-6 1.33998E-6 1.53639E-6 1.53171E-6 1.43929E-6 1.42879E-6 1.91811E-6 1.51032E-6 1.36945E-6 1.22094E-6 1.19448E-6 9.23351E-7 1.78991E-6 1.83774E-6 1.34665E-6 1.05627E-6 1.1392E-6 1.12836E-6 1.1059E-6 1.16571E-6 1.21135E-6 1.00205E-6 8.56578E-7 9.31481E-7 8.88231E-7 8.79588E-7 8.44843E-7 8.25044E-7 7.91485E-7 6.69056E-7 6.4487E-7 6.36881E-7 8.44645E-7 5.87616E-7 6.34503E-7 5.40315E-7 5.96489E-7 6.59559E-7 5.72766E-7 5.60699E-7 5.832E-7 5.69086E-7 5.19708E-7 5.59617E-7 5.70368E-7
1.73216E-6 1.72647E-6 1.69689E-6 1.60818E-6 1.52969E-6 1.55419E-6 1.59446E-6 1.50553E-6 1.33236E-6 1.50651E-6 1.51722E-6 1.41445E-6 1.42958E-6 1.43313E-6 1.289E-6 1.32664E-6 2.60305E-6 1.44227E-6 1.68105E-6 1.65438E-6 1.70944E-6 1.6807E-6 1.56324E-6 1.43068E-6 1.44329E-6 1.54217E-6 1.43763E-6 1.2418E-6 1.53991E-6 1.6658E-6 1.58954E-6 1.2631E-6 1.27806E-6 1.12183E-6 1.0518E-6 1.01885E-6 9.59711E-7 9.73843E-7 8.57747E-7 9.11243E-7 8.70552E-7 8.26885E-7 7.97575E-7 8.19635E-7 8.48635E-7 6.97901E-7 6.43624E-7 5.95754E-7 6.15738E-7 6.13881E-7 5.9065E-7 6.17996E-7 6.04158E-7 6.35981E-7 6.14402E-7 5.33964E-7 5.55036E-7 6.19529E-7 6.1722E-7 6.79838E-7 5.6161E-7
1.99617E-6 1.60938E-6 1.7462E-6 2.03991E-6 1.72871E-6 1.60411E-6 1.94783E-6 1.67356E-6 1.42112E-6 1.53446E-6 1.46273E-6 1.45648E-6 1.38655E-6 1.48134E-6 1.45778E-6 1.44529E-6 1.53904E-6 1.55744E-6 1.77457E-6 1.87364E-6 1.75767E-6 1.67648E-6 1.9766E-6 2.02977E-6 1.8382E-6 1.65177E-6 1.396E-6 1.21729E-6 1.15173E-6 1.13559E-6 1.07954E-6 1.09929E-6 1.83613E-6 1.00584E-6 1.09493E-6 1.04212E-6 1.026E-6 9.18486E-7 9.08128E-7 8.81591E-7 8.96058E-7 8.1328E-7 8.12336E-7 7.34979E-7 8.24126E-7 7.08772E-7 6.54936E-7 6.49835E-7 6.56908E-7 6.13922E-7 6.3024E-7 7.21004E-7 7.08874E-7 6.61787E-7 7.113E-7 6.97276E-7 6.96683E-7 7.10857E-7 7.07634E-7 7.20282E-7 7.32343E-7
