Candidate_Models_July82022/M_0.5_F_lqp_Set_1_cal/Bison.asc
ncols         290
nrows         380
xllcorner     -2197417.7431653
yllcorner     -584827.01486885
cellsize      10000.0
NODATA_value  -9999
[rows 135 to 161 of 380, columns 183 to 243 of 290]
1.81539E-2 1.74615E-2 2.33706E-2 1.60828E-2 1.44591E-2 1.35576E-2 1.47725E-2 1.35729E-2 1.36E-2 1.38414E-2 1.48688E-2 1.39318E-2 1.69085E-2 1.40133E-2 1.25869E-2 1.4519E-2 1.75877E-2 1.34604E-2 2.05757E-2 2.81247E-2 2.6073E-2 1.57407E-2 1.50584E-2 1.60937E-2 1.33304E-2 1.90069E-2 1.24013E-2 1.03828E-2 9.76394E-3 1.05888E-2 1.08938E-2 1.11613E-2 1.17974E-2 1.18404E-2 1.10581E-2 1.09612E-2 9.58138E-3 9.49586E-3 9.22676E-3 1.11232E-2 8.95021E-3 8.99089E-3 8.87886E-3 9.48398E-3 9.29221E-3 9.61933E-3 9.18885E-3 9.58797E-3 9.13744E-3 9.36105E-3 9.05116E-3 1.41302E-2 1.40449E-2 8.00201E-3 9.76378E-3 9.13388E-3 9.60431E-3 9.32059E-3 1.0187E-2 9.09781E-3 9.81835E-3
1.8354E-2 1.59779E-2 1.42461E-2 2.17662E-2 1.65817E-2 1.45187E-2 1.36584E-2 1.43834E-2 1.37149E-2 1.57489E-2 1.75576E-2 1.91707E-2 2.5641E-2 1.64136E-2 1.92391E-2 1.63837E-2 1.36462E-2 1.86537E-2 2.82007E-2 2.25474E-2 2.82926E-2 2.36528E-2 2.05759E-2 1.93602E-2 1.91651E-2 1.65033E-2 1.26543E-2 1.08681E-2 1.07451E-2 1.14859E-2 1.1262E-2 1.26217E-2 1.16395E-2 1.22372E-2 1.13181E-2 1.0667E-2 1.05986E-2 9.53471E-3 9.5004E-3 9.29027E-3 8.91874E-3 8.71273E-3 9.2861E-3 9.23493E-3 9.12228E-3 9.67755E-3 1.04298E-2 1.0159E-2 9.30188E-3 9.03106E-3 9.20049E-3 1.35881E-2 1.08977E-2 7.83506E-3 9.02457E-3 8.578E-3 9.75622E-3 9.19619E-3 9.45798E-3 9.57021E-3 9.23443E-3
1.61439E-2 2.03814E-2 1.53659E-2 2.33376E-2 2.50044E-2 1.66007E-2 1.69677E-2 1.89376E-2 1.84643E-2 2.05766E-2 2.16549E-2 1.93546E-2 2.12827E-2 1.53477E-2 2.04487E-2 2.22863E-2 1.74817E-2 2.59948E-2 2.98829E-2 3.00057E-2 3.68944E-2 2.85139E-2 1.78889E-2 1.69484E-2 2.05104E-2 1.69288E-2 1.48862E-2 1.25283E-2 1.14668E-2 1.21442E-2 1.19635E-2 1.17643E-2 1.1237E-2 1.20009E-2 1.16573E-2 1.11177E-2 1.10025E-2 1.00101E-2 9.52299E-3 9.60676E-3 9.09321E-3 8.96682E-3 8.76596E-3 9.21401E-3 8.86501E-3 9.78588E-3 9.60317E-3 1.05191E-2 1.06785E-2 9.41354E-3 9.29772E-3 9.03969E-3 9.04382E-3 1.01165E-2 9.08399E-3 8.7648E-3 9.12912E-3 8.61715E-3 9.1692E-3 9.22629E-3 1.01329E-2
1.92521E-2 3.14921E-2 3.53603E-2 2.35557E-2 3.13862E-2 2.94821E-2 2.04197E-2 2.55615E-2 1.79575E-2 1.66062E-2 2.14668E-2 1.69157E-2 1.95754E-2 2.04527E-2 2.13819E-2 1.80257E-2 2.55395E-2 2.79057E-2 2.18043E-2 3.52302E-2 2.43296E-2 1.91378E-2 1.67264E-2 1.83306E-2 1.67437E-2 1.46738E-2 1.38044E-2 1.35228E-2 1.16142E-2 1.23062E-2 1.80477E-2 1.27128E-2 1.19931E-2 1.2218E-2 1.15423E-2 1.14576E-2 1.11799E-2 1.1074E-2 9.81017E-3 1.10641E-2 8.7827E-3 9.53797E-3 8.85227E-3 9.50333E-3 9.6552E-3 9.91649E-3 1.06606E-2 1.0819E-2 9.72905E-3 1.00177E-2 9.44959E-3 9.60766E-3 9.08996E-3 1.02708E-2 1.67461E-2 9.83887E-3 8.68614E-3 9.44462E-3 9.23855E-3 9.27293E-3 1.0291E-2
3.66209E-2 4.87147E-2 3.06617E-2 2.97154E-2 1.69553E-2 3.69336E-2 2.88733E-2 3.37219E-2 2.10195E-2 2.1919E-2 2.30836E-2 2.05212E-2 1.78041E-2 2.22727E-2 3.11071E-2 3.53417E-2 3.08348E-2 2.00486E-2 2.2567E-2 2.69421E-2 1.56882E-2 1.83922E-2 1.69726E-2 1.58036E-2 1.72426E-2 1.71858E-2 1.67197E-2 1.26346E-2 1.32067E-2 2.31715E-2 1.33061E-2 1.27583E-2 1.20582E-2 1.27212E-2 1.14857E-2 1.13468E-2 1.18073E-2 1.13811E-2 1.11487E-2 1.05589E-2 1.01638E-2 9.86756E-3 9.75666E-3 1.03095E-2 1.05217E-2 1.02326E-2 1.02031E-2 9.89668E-3 9.70168E-3 1.03299E-2 9.6942E-3 9.64952E-3 1.00092E-2 1.16231E-2 9.22903E-3 9.62009E-3 1.01961E-2 9.20289E-3 1.00276E-2 1.04264E-2 1.08259E-2
2.59399E-2 3.73898E-2 4.42877E-2 3.17077E-2 4.07629E-2 3.72625E-2 4.13526E-2 3.615E-2 3.60605E-2 2.29265E-2 2.57472E-2 2.09335E-2 3.68755E-2 2.60463E-2 3.12453E-2 3.61957E-2 3.38901E-2 2.14281E-2 1.66998E-2 1.72202E-2 1.80196E-2 1.79867E-2 1.6691E-2 1.89446E-2 1.8001E-2 1.70618E-2 1.41174E-2 1.21489E-2 2.98112E-2 1.45631E-2 1.41013E-2 1.19145E-2 1.22227E-2 1.28604E-2 1.06843E-2 1.18436E-2 1.17994E-2 1.17842E-2 1.13249E-2 1.05636E-2 9.98061E-3 1.04266E-2 9.85373E-3 1.05383E-2 1.0612E-2 1.03487E-2 1.09153E-2 1.16203E-2 1.10902E-2 1.06477E-2 1.13311E-2 9.85011E-3 1.06474E-2 9.79483E-3 9.62771E-3 1.00104E-2 9.99405E-3 1.02658E-2 9.85203E-3 9.94562E-3 1.1151E-2
2.35272E-2 4.14485E-2 3.78168E-2 3.97065E-2 4.90596E-2 5.20163E-2 3.58046E-2 3.40163E-2 3.39439E-2 2.85194E-2 2.48445E-2 3.02521E-2 4.68898E-2 1.81387E-2 1.58975E-2 2.1802E-2 2.36648E-2 1.91616E-2 1.83123E-2 1.77798E-2 1.9443E-2 1.83508E-2 1.84342E-2 1.5722E-2 1.53784E-2 1.73467E-2 1.65529E-2 1.26412E-2 1.20814E-2 1.73197E-2 1.15165E-2 1.21675E-2 1.34797E-2 1.25512E-2 1.19682E-2 1.22597E-2 1.20174E-2 1.08247E-2 1.13912E-2 1.08315E-2 1.05095E-2 9.77178E-3 1.06085E-2 1.08788E-2 1.04784E-2 1.18043E-2 1.02473E-2 1.12613E-2 1.10612E-2 1.11743E-2 1.08496E-2 1.00751E-2 1.03953E-2 9.23095E-3 1.09265E-2 1.14097E-2 9.9873E-3 1.00986E-2 1.09703E-2 1.08838E-2 1.14746E-2
2.64258E-2 3.24092E-2 3.08478E-2 3.35087E-2 3.87993E-2 4.0982E-2 3.43195E-2 2.72814E-2 3.01419E-2 2.91509E-2 3.37318E-2 2.84367E-2 1.61687E-2 1.28883E-2 1.35119E-2 1.52991E-2 2.54007E-2 1.95241E-2 1.69135E-2 2.34999E-2 1.957E-2 2.37217E-2 2.23529E-2 1.76399E-2 2.10825E-2 1.18848E-2 1.4098E-2 1.30726E-2 1.14614E-2 1.28711E-2 1.22719E-2 1.13248E-2 1.21488E-2 1.30381E-2 1.12155E-2 1.13815E-2 1.22111E-2 1.13206E-2 1.10287E-2 1.09656E-2 1.05742E-2 1.04116E-2 1.03973E-2 1.03367E-2 1.15219E-2 1.08201E-2 1.24857E-2 1.15864E-2 1.49875E-2 1.21496E-2 1.0824E-2 1.12519E-2 1.01529E-2 1.03181E-2 1.07985E-2 1.07517E-2 1.11719E-2 1.0529E-2 1.13384E-2 1.15385E-2 1.11598E-2
3.38968E-2 2.3661E-2 2.60585E-2 3.57293E-2 3.73899E-2 4.03162E-2 3.72303E-2 3.13851E-2 4.05716E-2 2.21012E-2 4.1747E-2 2.55231E-2 1.93201E-2 1.63337E-2 1.39449E-2 1.87388E-2 2.71383E-2 1.86426E-2 2.22486E-2 2.40469E-2 2.79731E-2 3.06039E-2 2.44692E-2 2.27059E-2 2.04714E-2 1.85599E-2 1.43951E-2 1.39734E-2 1.18654E-2 1.40111E-2 2.42635E-2 1.18841E-2 1.12983E-2 1.11813E-2 1.18237E-2 1.22085E-2 1.10814E-2 1.00486E-2 1.19366E-2 1.04442E-2 1.08109E-2 1.05682E-2 1.00681E-2 1.06658E-2 1.15918E-2 1.08844E-2 1.15912E-2 1.20164E-2 1.22908E-2 1.15588E-2 1.31785E-2 1.19095E-2 1.17156E-2 1.06901E-2 1.18345E-2 1.17096E-2 1.10704E-2 1.13709E-2 1.10664E-2 1.1179E-2 1.13811E-2
2.53103E-2 2.79311E-2 2.3966E-2 3.36132E-2 3.07635E-2 3.9524E-2 3.24097E-2 3.38055E-2 3.94486E-2 4.14706E-2 3.85172E-2 4.56143E-2 2.74201E-2 2.76766E-2 3.10619E-2 3.22888E-2 2.28981E-2 2.4808E-2 2.45491E-2 3.02081E-2 2.60039E-2 1.75458E-2 2.13787E-2 2.08438E-2 1.43384E-2 1.55039E-2 1.45746E-2 1.81996E-2 1.53961E-2 1.71754E-2 1.72646E-2 1.22687E-2 1.19841E-2 1.17951E-2 1.13477E-2 1.06351E-2 1.07678E-2 1.08863E-2 9.99506E-3 1.10076E-2 1.10678E-2 1.06688E-2 1.14318E-2 1.09582E-2 1.04468E-2 1.16332E-2 1.18294E-2 1.22711E-2 1.17923E-2 1.17471E-2 1.20915E-2 1.25137E-2 1.21523E-2 1.17168E-2 1.1924E-2 1.24393E-2 1.18517E-2 1.18037E-2 1.15333E-2 1.15263E-2 1.21531E-2
2.09098E-2 1.82678E-2 1.54783E-2 1.47917E-2 2.3792E-2 3.20562E-2 4.22436E-2 2.60483E-2 3.78673E-2 3.75399E-2 4.79873E-2 3.23697E-2 2.94924E-2 2.40371E-2 2.89709E-2 3.04947E-2 3.51078E-2 3.35304E-2 2.55364E-2 2.57244E-2 1.61261E-2 1.69592E-2 3.10697E-2 2.48021E-2 1.9772E-2 2.48979E-2 2.04161E-2 2.31898E-2 1.96314E-2 1.56244E-2 1.85969E-2 1.42939E-2 1.51701E-2 1.48081E-2 1.37435E-2 1.23312E-2 1.14124E-2 1.12736E-2 1.13266E-2 9.95423E-3 1.14955E-2 1.12733E-2 1.19268E-2 1.08145E-2 1.12935E-2 1.12179E-2 1.15375E-2 1.19117E-2 1.19321E-2 1.09742E-2 1.19184E-2 1.23737E-2 1.23377E-2 1.26231E-2 1.15926E-2 1.20676E-2 1.30888E-2 1.35466E-2 1.2332E-2 1.18412E-2 1.24807E-2
1.95901E-2 1.87674E-2 1.89324E-2 1.49974E-2 2.6481E-2 3.17246E-2 3.97521E-2 3.36214E-2 3.65556E-2 3.59473E-2 4.08614E-2 3.08628E-2 2.25681E-2 2.46868E-2 2.28899E-2 3.11442E-2 3.53757E-2 2.94285E-2 3.31367E-2 3.04724E-2 1.95143E-2 1.61165E-2 2.21773E-2 2.29162E-2 2.05292E-2 2.44185E-2 2.83642E-2 2.09073E-2 1.6684E-2 1.87386E-2 1.95751E-2 1.59312E-2 1.83232E-2 1.87652E-2 1.60285E-2 1.30805E-2 1.48395E-2 1.13211E-2 9.53437E-3 1.19285E-2 1.08755E-2 1.22761E-2 1.33709E-2 1.26757E-2 1.18226E-2 1.16802E-2 1.25306E-2 1.22924E-2 1.3375E-2 1.14575E-2 1.27347E-2 1.25802E-2 1.36398E-2 1.70999E-2 1.2472E-2 1.33145E-2 1.46839E-2 1.33564E-2 1.29005E-2 1.33693E-2 1.33186E-2
2.76822E-2 4.38591E-2 5.83276E-2 1.89257E-2 2.52705E-2 1.94969E-2 3.20163E-2 3.08482E-2 3.73201E-2 3.79091E-2 2.77686E-2 3.50532E-2 3.15609E-2 2.61472E-2 5.1182E-2 2.68464E-2 3.56985E-2 3.35923E-2 3.4934E-2 2.14863E-2 1.43479E-2 2.38483E-2 1.44256E-2 1.78248E-2 3.36577E-2 3.84528E-2 1.9742E-2 3.2058E-2 1.59683E-2 1.60423E-2 2.30629E-2 1.79473E-2 1.41493E-2 1.46731E-2 1.62115E-2 1.42176E-2 1.16121E-2 1.20416E-2 1.13496E-2 1.06777E-2 1.49855E-2 1.44759E-2 1.23213E-2 1.35189E-2 1.4308E-2 1.34364E-2 1.28502E-2 1.30845E-2 1.30406E-2 1.2888E-2 1.21084E-2 2.11914E-2 1.32631E-2 1.46284E-2 1.46395E-2 1.35576E-2 1.34942E-2 1.35913E-2 1.32143E-2 1.31582E-2 1.38174E-2
2.97138E-2 4.25456E-2 4.15003E-2 2.21409E-2 2.61764E-2 1.94959E-2 3.16893E-2 2.48063E-2 3.27258E-2 3.35947E-2 3.8822E-2 3.65822E-2 2.87627E-2 3.50133E-2 2.60111E-2 3.20347E-2 3.57961E-2 3.67363E-2 3.99065E-2 2.05212E-2 2.17144E-2 1.53105E-2 1.63697E-2 2.08483E-2 2.4493E-2 2.32315E-2 1.62773E-2 1.85635E-2 1.84444E-2 2.10143E-2 3.24704E-2 1.67837E-2 1.63933E-2 1.50042E-2 1.78392E-2 1.52617E-2 1.48873E-2 1.95762E-2 1.23427E-2 1.21852E-2 1.44434E-2 1.46423E-2 1.26322E-2 1.15799E-2 1.36105E-2 1.33273E-2 1.47918E-2 1.54709E-2 1.4175E-2 1.47416E-2 1.34831E-2 1.69727E-2 1.49226E-2 1.30701E-2 1.2988E-2 1.41226E-2 1.68557E-2 1.33712E-2 1.35754E-2 1.2992E-2 1.37329E-2
4.50798E-2 4.06132E-2 2.90526E-2 2.70658E-2 3.88979E-2 2.94333E-2 3.04672E-2 1.7163E-2 2.23704E-2 2.36781E-2 2.07275E-2 2.3277E-2 2.59998E-2 3.07405E-2 2.7084E-2 3.13409E-2 2.80607E-2 3.78759E-2 3.74904E-2 2.40607E-2 2.62814E-2 2.05211E-2 1.80573E-2 1.60181E-2 1.5149E-2 3.22805E-2 1.55306E-2 1.95636E-2 1.6734E-2 2.04535E-2 3.03234E-2 2.36464E-2 2.09053E-2 2.26727E-2 2.40281E-2 2.3949E-2 1.67627E-2 1.31063E-2 1.4396E-2 1.45841E-2 1.37913E-2 1.36087E-2 1.39224E-2 1.2949E-2 1.43901E-2 1.4641E-2 1.32085E-2 1.41808E-2 1.61611E-2 1.55373E-2 1.61969E-2 1.6728E-2 1.37733E-2 1.40473E-2 1.26474E-2 1.31456E-2 1.27217E-2 1.31429E-2 1.41992E-2 1.37679E-2 1.61924E-2
4.14854E-2 3.54179E-2 2.70326E-2 3.22451E-2 3.42498E-2 3.52347E-2 3.70497E-2 3.40752E-2 2.29124E-2 2.30184E-2 2.84852E-2 3.16595E-2 3.244E-2 2.55336E-2 3.32823E-2 3.97407E-2 3.61768E-2 3.21833E-2 4.43491E-2 2.55833E-2 2.3403E-2 2.02687E-2 1.97096E-2 2.50077E-2 1.77044E-2 2.86107E-2 2.40012E-2 1.93611E-2 2.9482E-2 1.82663E-2 2.35102E-2 2.06206E-2 2.80053E-2 2.24371E-2 2.2923E-2 3.58874E-2 1.65516E-2 1.3546E-2 1.34294E-2 1.60756E-2 1.71834E-2 1.35183E-2 1.70577E-2 1.3775E-2 1.71049E-2 1.55415E-2 1.46536E-2 1.46408E-2 1.38315E-2 1.54366E-2 1.91279E-2 1.47516E-2 1.47903E-2 1.33349E-2 1.49768E-2 1.40487E-2 1.27746E-2 1.4438E-2 1.47742E-2 1.41042E-2 1.40894E-2
4.78041E-2 4.11231E-2 3.58681E-2 2.74048E-2 3.48765E-2 3.40874E-2 3.25329E-2 3.08182E-2 2.57343E-2 2.77281E-2 2.75968E-2 2.2622E-2 2.25508E-2 3.74654E-2 3.56156E-2 3.88326E-2 3.20538E-2 2.07141E-2 4.67069E-2 2.85623E-2 2.16062E-2 2.7153E-2 2.71235E-2 1.81359E-2 1.6013E-2 1.91263E-2 3.45853E-2 3.80861E-2 2.83657E-2 2.31584E-2 1.64509E-2 1.92438E-2 3.16098E-2 3.35312E-2 2.61365E-2 2.19026E-2 1.81647E-2 1.69119E-2 1.28025E-2 1.77947E-2 1.566E-2 1.5422E-2 1.48269E-2 1.53616E-2 1.66564E-2 1.57941E-2 1.35739E-2 1.4865E-2 1.4801E-2 1.68407E-2 1.51838E-2 1.37078E-2 1.45747E-2 1.39435E-2 1.37884E-2 1.32313E-2 1.40354E-2 1.43413E-2 1.3541E-2 1.32556E-2 1.38836E-2
4.80449E-2 3.92149E-2 3.68946E-2 2.80313E-2 3.24718E-2 3.05769E-2 3.25969E-2 3.09706E-2 3.53291E-2 3.34952E-2 2.77031E-2 2.21901E-2 2.7079E-2 3.59541E-2 3.69081E-2 3.49638E-2 2.99117E-2 2.39234E-2 2.67202E-2 2.7702E-2 3.04365E-2 3.22608E-2 2.78648E-2 3.0103E-2 1.95892E-2 1.63706E-2 3.56016E-2 3.89043E-2 2.89179E-2 2.48934E-2 3.39181E-2 2.7932E-2 2.96094E-2 3.9011E-2 3.82563E-2 3.75497E-2 2.50797E-2 2.72271E-2 2.01019E-2 1.6422E-2 1.48011E-2 1.69307E-2 1.7716E-2 1.81189E-2 1.58234E-2 1.45743E-2 1.34674E-2 1.59645E-2 1.46004E-2 1.46011E-2 1.45861E-2 1.47975E-2 1.54007E-2 1.29889E-2 1.2686E-2 1.28563E-2 1.2934E-2 1.41097E-2 1.41634E-2 1.49226E-2 1.50195E-2
4.28673E-2 3.12871E-2 2.53076E-2 2.89488E-2 3.65761E-2 3.67459E-2 2.29475E-2 3.17725E-2 5.01416E-2 3.44744E-2 2.38562E-2 2.67946E-2 2.89897E-2 3.46707E-2 3.79376E-2 2.74937E-2 3.20819E-2 3.06623E-2 4.09642E-2 3.97055E-2 3.07826E-2 3.22643E-2 2.27813E-2 3.76291E-2 2.56492E-2 1.50081E-2 2.91289E-2 3.35038E-2 2.61387E-2 3.36836E-2 3.28037E-2 3.49895E-2 4.14094E-2 3.73796E-2 2.45366E-2 2.36489E-2 4.00396E-2 2.88397E-2 2.28511E-2 2.37953E-2 1.94235E-2 1.71312E-2 1.62972E-2 1.44999E-2 1.73009E-2 1.43246E-2 1.45776E-2 1.73827E-2 1.50468E-2 1.33363E-2 1.45393E-2 1.38736E-2 1.35983E-2 1.325E-2 1.27803E-2 1.37787E-2 1.37075E-2 1.42651E-2 1.33923E-2 1.61287E-2 1.78824E-2
3.40745E-2 2.72826E-2 3.1254E-2 3.55817E-2 3.18762E-2 2.73976E-2 3.15717E-2 3.5613E-2 3.57876E-2 3.30978E-2 2.78613E-2 2.42993E-2 2.8795E-2 3.74258E-2 3.84413E-2 3.90409E-2 3.61555E-2 3.55677E-2 3.99599E-2 3.33973E-2 2.53767E-2 2.65672E-2 3.25001E-2 3.7003E-2 3.2472E-2 2.28875E-2 2.42227E-2 2.35185E-2 2.45022E-2 2.72544E-2 1.87774E-2 3.99076E-2 3.9111E-2 3.08091E-2 3.69456E-2 3.11709E-2 2.17248E-2 1.88003E-2 1.70091E-2 2.45484E-2 2.04824E-2 2.309E-2 1.80356E-2 1.93861E-2 2.12618E-2 1.60845E-2 1.69811E-2 1.4851E-2 1.63916E-2 1.57604E-2 1.48284E-2 1.60697E-2 1.46534E-2 1.4555E-2 1.42366E-2 1.53726E-2 1.48218E-2 1.51348E-2 1.47388E-2 1.50741E-2 1.60041E-2
4.16371E-2 2.87281E-2 3.49654E-2 4.07752E-2 3.66788E-2 2.97885E-2 3.10717E-2 2.95257E-2 3.28915E-2 3.51812E-2 3.97986E-2 2.9651E-2 2.22476E-2 3.50957E-2 3.40728E-2 3.62616E-2 2.9795E-2 2.33476E-2 2.10882E-2 2.86751E-2 2.09105E-2 1.98389E-2 3.10146E-2 3.44692E-2 3.86046E-2 3.53383E-2 3.71845E-2 4.50667E-2 2.20732E-2 4.43254E-2 3.496E-2 3.93163E-2 3.52032E-2 2.87863E-2 3.67411E-2 3.12693E-2 2.5653E-2 1.71551E-2 2.12233E-2 2.42424E-2 2.35852E-2 3.09379E-2 1.60055E-2 1.81631E-2 1.77661E-2 1.50907E-2 1.4891E-2 1.801E-2 1.52863E-2 1.65437E-2 1.38025E-2 1.47383E-2 1.4942E-2 1.37673E-2 1.66462E-2 1.58725E-2 1.44008E-2 1.53814E-2 1.58823E-2 1.43539E-2 1.49692E-2
4.204E-2 4.60545E-2 3.72003E-2 3.38045E-2 2.67273E-2 3.38368E-2 4.00803E-2 3.82435E-2 3.06666E-2 4.1479E-2 3.81037E-2 3.47822E-2 3.69606E-2 3.99744E-2 3.92851E-2 3.69554E-2 4.42198E-2 2.79044E-2 1.84231E-2 3.28479E-2 2.75889E-2 2.4578E-2 2.75495E-2 2.89083E-2 2.1792E-2 3.09074E-2 4.41384E-2 5.46427E-2 5.36104E-2 4.71816E-2 3.59347E-2 3.83029E-2 3.42307E-2 3.57601E-2 3.31365E-2 3.74268E-2 2.21681E-2 1.8041E-2 1.75215E-2 2.06067E-2 2.5192E-2 2.90624E-2 2.08422E-2 1.53429E-2 1.94102E-2 1.77587E-2 1.65445E-2 1.6356E-2 1.69919E-2 1.83443E-2 1.44179E-2 1.36656E-2 1.41029E-2 1.72753E-2 1.52714E-2 1.50601E-2 1.72996E-2 1.45728E-2 1.42986E-2 1.47356E-2 1.68208E-2
5.20463E-2 4.59016E-2 4.52089E-2 2.68998E-2 3.97593E-2 3.29755E-2 3.7273E-2 3.55846E-2 3.55869E-2 4.15475E-2 3.90737E-2 3.69412E-2 4.12502E-2 3.3396E-2 3.20067E-2 3.56974E-2 5.32415E-2 3.07652E-2 2.21512E-2 3.36416E-2 3.80272E-2 3.20328E-2 3.71651E-2 3.02565E-2 2.07048E-2 3.1496E-2 4.97706E-2 5.24826E-2 5.9504E-2 3.89439E-2 3.14314E-2 3.65168E-2 3.54796E-2 3.27652E-2 2.81719E-2 2.24398E-2 2.29704E-2 3.15626E-2 2.16427E-2 1.96782E-2 2.97584E-2 2.42957E-2 2.39896E-2 2.01444E-2 1.96195E-2 1.58278E-2 1.61361E-2 1.96342E-2 1.91831E-2 1.69777E-2 1.42442E-2 1.50966E-2 1.48839E-2 1.69294E-2 1.54259E-2 1.57263E-2 1.92027E-2 1.69037E-2 1.48342E-2 1.51834E-2 1.79761E-2
6.28996E-2 4.42066E-2 4.52221E-2 4.47355E-2 4.26966E-2 4.10825E-2 3.44903E-2 4.65097E-2 3.09106E-2 4.37762E-2 3.85208E-2 3.3109E-2 3.67165E-2 4.58449E-2 4.33993E-2 3.81215E-2 3.39634E-2 2.19276E-2 1.97633E-2 2.08566E-2 2.76992E-2 2.37802E-2 3.68393E-2 2.54155E-2 2.73902E-2 3.78568E-2 3.6882E-2 3.86791E-2 3.87143E-2 3.97796E-2 3.82965E-2 3.67623E-2 4.46116E-2 2.86174E-2 2.78988E-2 2.93348E-2 2.86045E-2 2.72156E-2 2.07283E-2 1.87333E-2 2.66735E-2 1.87744E-2 1.66129E-2 1.7487E-2 2.09132E-2 1.90526E-2 1.78165E-2 2.11808E-2 2.20446E-2 1.73427E-2 1.54586E-2 1.84125E-2 1.61786E-2 1.42491E-2 1.37389E-2 1.46113E-2 1.55661E-2 1.50752E-2 1.4834E-2 1.55469E-2 1.70218E-2
4.76196E-2 5.12807E-2 5.2992E-2 4.03426E-2 4.39751E-2 4.34863E-2 4.41976E-2 4.00688E-2 3.15608E-2 3.22275E-2 3.58718E-2 3.03324E-2 4.19376E-2 4.18432E-2 3.82324E-2 2.57334E-2 3.4548E-2 2.60693E-2 2.61131E-2 2.52151E-2 2.2423E-2 2.43358E-2 3.25744E-2 3.31811E-2 3.79573E-2 4.1635E-2 4.27342E-2 5.16011E-2 5.12752E-2 3.74505E-2 3.44034E-2 3.6951E-2 4.11974E-2 2.3828E-2 3.64917E-2 3.62741E-2 2.57133E-2 2.62601E-2 1.91756E-2 2.32845E-2 2.1272E-2 1.45373E-2 1.533E-2 1.61828E-2 1.74461E-2 2.10338E-2 2.19459E-2 1.90733E-2 2.02302E-2 1.77141E-2 1.68836E-2 1.81727E-2 1.71909E-2 1.6121E-2 1.54528E-2 1.54919E-2 1.52968E-2 1.5555E-2 1.59862E-2 1.64256E-2 1.715E-2
4.87638E-2 6.03616E-2 5.30229E-2 4.13927E-2 4.55245E-2 5.75609E-2 4.2023E-2 4.55824E-2 3.73021E-2 4.52869E-2 4.26615E-2 2.71755E-2 3.79772E-2 3.93995E-2 2.84933E-2 3.15776E-2 3.65603E-2 3.28219E-2 2.69913E-2 3.38365E-2 3.1858E-2 3.6907E-2 3.43338E-2 3.31214E-2 3.66516E-2 3.64809E-2 3.70824E-2 4.8436E-2 6.13309E-2 5.51494E-2 4.32433E-2 6.09272E-2 4.13113E-2 3.04085E-2 2.97397E-2 3.51307E-2 2.4253E-2 2.23302E-2 2.45387E-2 1.78419E-2 2.09393E-2 1.93206E-2 1.53344E-2 1.4833E-2 1.72939E-2 1.95742E-2 2.12002E-2 2.20015E-2 1.7498E-2 1.68308E-2 1.90055E-2 1.60651E-2 1.90238E-2 1.67738E-2 1.53848E-2 1.43841E-2 1.63375E-2 1.56713E-2 1.64562E-2 1.6116E-2 1.77367E-2
6.84589E-2 4.67911E-2 5.29513E-2 5.10532E-2 5.39671E-2 6.14002E-2 4.13423E-2 4.95072E-2 4.53659E-2 4.72076E-2 3.61469E-2 3.16118E-2 3.44612E-2 2.93306E-2 3.46316E-2 3.23461E-2 2.96578E-2 2.80191E-2 2.48089E-2 3.46185E-2 3.47879E-2 3.92045E-2 3.79183E-2 3.57831E-2 3.67311E-2 3.58392E-2 3.84183E-2 3.19079E-2 4.75952E-2 5.60015E-2 4.30185E-2 5.52986E-2 4.20629E-2 2.88517E-2 3.43942E-2 2.77851E-2 3.30022E-2 3.22315E-2 2.79113E-2 2.04466E-2 1.8709E-2 2.01995E-2 2.17917E-2 1.80253E-2 1.61356E-2 1.82386E-2 2.75859E-2 2.69282E-2 2.81085E-2 2.07885E-2 2.08277E-2 1.91569E-2 1.74511E-2 1.67717E-2 1.52179E-2 1.57116E-2 1.66544E-2 1.97368E-2 2.10912E-2 1.9402E-2 1.80479E-2
