Candidate_Models_July82022/M_0.5_F_lqp_Set_1_cal/Bison.asc
ncols         290
nrows         380
xllcorner     -2197417.7431653
yllcorner     -584827.01486885
cellsize      10000.0
NODATA_value  -9999
[rows 297 to 323 of 380, columns 61 to 121 of 290]
1.07188E-1 8.70005E-2 2.70967E-1 1.64841E-1 2.22207E-1 2.73321E-1 2.45051E-1 2.69679E-1 2.08711E-1 1.27225E-1 2.75523E-1 2.46539E-1 1.26812E-1 1.62292E-1 2.11539E-1 2.15167E-1 2.39604E-1 2.48119E-1 1.10669E-1 3.11001E-2 4.72327E-2 6.43777E-2 7.39408E-2 8.32955E-2 1.47108E-1 3.85271E-1 3.15866E-1 2.64195E-1 2.4465E-1 3.93435E-1 2.52598E-1 1.94445E-1 5.15296E-1 4.26602E-1 4.04896E-1 4.60576E-1 4.13711E-1 1.24742E-1 4.11424E-2 5.88283E-2 8.68407E-2 1.31972E-1 9.04815E-2 2.71236E-2 1.00721E-1 6.36397E-2 2.31504E-2 1.1694E-1 1.09411E-1 3.03363E-1 5.05228E-1 6.15895E-1 5.34237E-2 5.48212E-2 2.30911E-1 3.87276E-1 5.66663E-1 1.86154E-1 4.91822E-2 8.88665E-2 7.20324E-1
9.39445E-2 2.33403E-1 2.06357E-1 8.10379E-2 1.96086E-1 2.71254E-1 1.92397E-1 2.15977E-1 2.14147E-1 1.14669E-1 1.70604E-1 2.29808E-1 2.7683E-1 2.42172E-1 2.67164E-1 3.97142E-1 1.8315E-1 1.20704E-1 5.31917E-2 3.98702E-2 1.14184E-1 1.09223E-1 1.3136E-1 1.04497E-1 1.07581E-1 1.30619E-1 1.57768E-1 1.08638E-1 1.81466E-1 1.31373E-1 2.79954E-1 2.07625E-1 2.06044E-1 4.54335E-1 4.67979E-1 4.56431E-1 2.26408E-1 4.59816E-2 2.78529E-2 3.46916E-2 4.93818E-2 1.13409E-1 8.22247E-2 1.12001E-1 7.97381E-2 9.20015E-2 1.07091E-1 5.55475E-2 1.73215E-1 4.4148E-1 5.5198E-1 4.38526E-1 8.65476E-2 4.85386E-2 2.09494E-1 6.92428E-1 7.20807E-1 4.42894E-2 7.72759E-2 1.05327E-1 7.38615E-1
5.89676E-2 1.03871E-1 2.92171E-1 7.79243E-2 2.03431E-1 2.95487E-1 1.55517E-1 1.25804E-1 3.34457E-1 2.27157E-1 1.93532E-1 1.6196E-1 1.86042E-1 3.08028E-1 3.96548E-1 2.55049E-1 1.0937E-1 1.221E-1 7.96145E-2 1.16387E-1 3.72581E-1 3.40218E-1 2.05663E-1 2.29873E-1 1.05596E-1 1.21826E-1 2.48277E-1 2.38279E-1 1.50773E-1 1.51075E-1 1.9E-1 2.90851E-1 3.31768E-1 4.45545E-1 1.03139E-1 1.55362E-1 6.13289E-2 2.10324E-2 4.0874E-2 2.41165E-2 2.43265E-2 4.57616E-2 4.42137E-2 2.02406E-2 1.20423E-1 6.9749E-2 7.08155E-2 2.23802E-2 1.94419E-1 4.38522E-1 5.28772E-1 2.25616E-1 1.35143E-1 7.84699E-2 3.23477E-1 7.35013E-1 6.18479E-1 1.06131E-1 7.47457E-2 6.41275E-1 6.56852E-1
7.35781E-2 1.19084E-1 8.84198E-2 1.32523E-1 1.01704E-1 1.65688E-1 1.39787E-1 2.69921E-1 2.40635E-1 1.56503E-1 1.34553E-1 1.80917E-1 1.54396E-1 2.99889E-1 2.69491E-1 1.70173E-1 1.00854E-1 1.08899E-1 8.76022E-2 3.90294E-1 4.01893E-1 2.42383E-1 2.55454E-1 5.56324E-1 3.35721E-1 2.09313E-1 4.97543E-1 5.85783E-1 2.54935E-1 1.73821E-1 2.10536E-1 2.57848E-1 1.94306E-1 3.17328E-1 6.81249E-2 6.10376E-2 8.66372E-2 6.21387E-2 4.99969E-2 1.1059E-1 2.8962E-2 4.26955E-2 5.53666E-2 3.85983E-2 1.28443E-1 3.16373E-2 6.86841E-2 4.44923E-2 1.3069E-1 5.31496E-1 4.29846E-1 2.58724E-1 2.19439E-1 5.31909E-2 1.82893E-1 3.9724E-1 1.38188E-1 2.44742E-1 5.0111E-1 6.38178E-1 7.22145E-1
8.14194E-2 1.10179E-1 1.08235E-1 1.92232E-1 1.79213E-1 1.22606E-1 1.23126E-1 1.44327E-1 1.41364E-1 9.14111E-2 1.95361E-1 2.21423E-1 1.51709E-1 1.30695E-1 1.47518E-1 1.48848E-1 1.21363E-1 1.18551E-1 3.80158E-1 3.1174E-1 1.81944E-1 8.05109E-2 6.18462E-2 5.23654E-1 6.52868E-1 6.52217E-1 6.19419E-1 6.16591E-1 2.02714E-1 2.0465E-1 1.68133E-1 1.20416E-1 2.32732E-1 2.30498E-1 3.63103E-2 9.43531E-3 4.30068E-2 3.63758E-2 3.01418E-2 5.67941E-2 4.19258E-2 2.38709E-2 1.56352E-2 5.10924E-2 6.91593E-2 5.57044E-2 5.6391E-2 8.46057E-2 2.17026E-1 5.03409E-1 4.88741E-1 3.16899E-1 1.25744E-1 5.75132E-2 1.17814E-1 7.10153E-2 1.43157E-1 2.75624E-1 4.85519E-1 6.33794E-1 6.28567E-1
7.08249E-2 9.8383E-2 1.13956E-1 1.2796E-1 1.39245E-1 1.37301E-1 1.35872E-1 1.12636E-1 1.04086E-1 1.00733E-1 1.34546E-1 3.32531E-1 2.81443E-1 1.72234E-1 1.66739E-1 2.89488E-1 1.78504E-1 2.10284E-1 4.19683E-1 3.01814E-1 4.29744E-1 2.17985E-2 2.15222E-2 1.2969E-1 6.49412E-1 6.7227E-1 4.60187E-1 4.29838E-1 1.6529E-1 1.11201E-1 1.85883E-1 1.50213E-1 1.73599E-1 3.64832E-2 3.68918E-2 1.02038E-2 1.84111E-2 2.00402E-2 1.61993E-2 5.53788E-2 3.24852E-2 1.0492E-2 4.24087E-2 5.72769E-2 1.05799E-1 6.47243E-2 8.19065E-2 2.13579E-1 2.8436E-1 1.68639E-1 5.78173E-1 5.1991E-1 1.74063E-1 2.40352E-1 9.88276E-2 4.62528E-2 1.75237E-1 4.78191E-1 4.88326E-1 3.50158E-1 5.98436E-1
7.17107E-2 7.81313E-2 7.70395E-2 8.79891E-2 9.19714E-2 9.57578E-2 8.9415E-2 8.96858E-2 7.15766E-2 1.12174E-1 1.31321E-1 1.99819E-1 2.56474E-1 1.12987E-1 1.60064E-1 1.48167E-1 6.8225E-2 9.78611E-2 2.94504E-1 3.90926E-1 3.9221E-1 1.64068E-2 3.14669E-2 5.61369E-2 1.73732E-1 6.62053E-1 5.59394E-1 5.05794E-1 1.81864E-1 2.74672E-1 1.18582E-1 1.41539E-1 2.06296E-1 8.0936E-2 1.83186E-2 5.31623E-2 9.4789E-2 9.64157E-2 6.67605E-2 5.05784E-2 3.34312E-2 1.11278E-1 5.35257E-2 3.70292E-2 6.78276E-2 7.09645E-2 4.5455E-2 1.26281E-1 1.01501E-1 3.92787E-2 1.68306E-1 9.15828E-2 2.79326E-1 2.66415E-1 1.95429E-1 5.60701E-1 6.67535E-1 5.21277E-1 1.23837E-1 1.86737E-1 6.46417E-1
0E0 5.6302E-2 4.55157E-2 4.75299E-2 4.66811E-2 9.76092E-2 8.31849E-2 6.15095E-2 7.64711E-2 1.09209E-1 1.20801E-1 1.44751E-1 2.1874E-1 1.19545E-1 1.05529E-1 1.14231E-1 4.71583E-2 5.91434E-2 2.84163E-1 4.09545E-1 3.4395E-1 2.59029E-2 1.71219E-2 4.78859E-2 5.71515E-2 1.21877E-1 2.16519E-1 1.83123E-1 1.49924E-1 1.13887E-1 9.73807E-2 1.7752E-1 1.47778E-1 1.67493E-1 1.39688E-1 9.01592E-2 2.19457E-1 2.12455E-1 5.94554E-2 1.18461E-1 7.0909E-2 1.72758E-1 1.10122E-1 8.30146E-2 2.3918E-1 1.74413E-1 2.01868E-2 2.61394E-1 2.19768E-1 1.27934E-1 4.89342E-2 4.97823E-2 1.19738E-1 7.42536E-1 7.41915E-1 7.41182E-1 1.9664E-1 1.63E-1 7.09628E-1 1.88261E-1 7.66921E-1
5.68193E-2 7.6578E-2 1.16331E-1 9.62461E-2 8.0829E-2 7.58311E-2 9.28913E-2 7.78789E-2 8.52999E-2 1.03149E-1 1.17305E-1 1.16059E-1 8.11486E-2 9.58434E-2 6.51483E-2 5.62295E-2 3.53032E-2 2.22609E-1 5.29038E-1 3.83574E-1 1.83391E-1 5.5377E-2 5.29298E-2 9.63368E-2 1.07153E-1 1.22967E-1 2.89314E-2 6.18968E-2 1.12001E-1 1.02713E-1 7.94706E-2 1.80576E-1 5.53881E-2 4.96491E-2 1.24091E-2 1.61237E-1 8.53041E-2 1.54073E-1 1.45791E-1 5.23279E-2 1.43767E-1 2.824E-1 1.98664E-1 5.03415E-2 1.10662E-1 1.08223E-1 3.80256E-2 1.12902E-1 6.46273E-2 7.87432E-2 1.56278E-1 2.88565E-2 2.71568E-1 7.35538E-1 8.2776E-1 3.09818E-1 1.15501E-1 2.89717E-1 1.93086E-1 4.91345E-1 6.96952E-1
6.36461E-2 1.13104E-1 1.28102E-1 1.42859E-1 6.75693E-2 1.63516E-1 7.0428E-2 1.12502E-1 1.22387E-1 1.19904E-1 1.00413E-1 1.43388E-1 8.8693E-2 7.87073E-2 6.72742E-2 9.34834E-2 1.13737E-1 3.54416E-1 4.6893E-1 4.07053E-1 2.34736E-1 1.20875E-1 4.41107E-2 6.49632E-2 4.79547E-2 5.85835E-2 2.79267E-2 1.25098E-1 1.40487E-1 7.08594E-2 2.68402E-2 1.21009E-1 8.43664E-2 1.22925E-1 1.42182E-2 1.30699E-1 1.07545E-1 1.8476E-1 2.56792E-1 1.78707E-1 2.63767E-1 1.87408E-1 1.05552E-1 1.85056E-1 2.51785E-1 8.65394E-2 1.58607E-1 1.38497E-1 2.28018E-1 2.53029E-1 3.06828E-1 4.30074E-2 4.62769E-1 6.72088E-1 8.31987E-1 1.78406E-1 1.82532E-1 1.69746E-1 1.88829E-1 5.20222E-1 7.33752E-1
9.32284E-2 1.13788E-1 1.19836E-1 8.5137E-2 4.37192E-2 1.44017E-1 9.42071E-2 1.67755E-1 2.53771E-1 1.8157E-1 1.26193E-1 1.3929E-1 2.58528E-1 4.7676E-2 7.31558E-2 6.55726E-2 6.90022E-2 2.60024E-1 4.81347E-1 5.66001E-1 4.00942E-1 2.3809E-1 9.09305E-2 3.98167E-2 5.90666E-2 7.72403E-2 9.96962E-2 1.681E-1 1.3407E-1 3.1532E-2 6.42063E-2 1.21147E-1 1.32468E-1 2.24641E-1 6.53057E-2 1.11466E-1 2.49895E-1 1.83905E-1 2.61878E-1 1.6255E-1 1.33688E-1 2.72068E-1 2.92306E-1 1.06964E-1 3.65822E-1 3.59507E-1 3.46325E-1 2.38496E-1 2.24816E-1 4.41697E-1 4.37382E-1 1.94523E-1 2.46744E-1 7.42512E-1 7.8844E-1 2.04096E-1 1.30649E-1 2.00972E-1 2.78965E-1 5.77411E-1 7.20243E-1
1.49171E-1 1.28288E-1 9.5699E-2 9.25292E-2 6.84013E-2 7.36375E-2 1.21525E-1 1.64314E-1 1.53035E-1 1.43344E-1 1.06472E-1 1.02311E-1 1.31339E-1 1.09502E-1 1.21711E-1 1.24257E-1 1.89401E-1 1.13777E-1 5.13754E-1 5.5454E-1 4.04701E-1 4.80108E-1 3.64849E-1 1.98838E-1 3.51135E-1 2.88898E-1 1.57529E-1 1.96037E-1 2.06245E-1 8.31249E-2 1.72352E-1 3.81381E-1 4.44437E-2 1.21431E-1 2.45386E-1 1.08314E-1 3.55573E-1 1.93371E-1 1.67851E-1 2.91568E-1 3.48611E-1 3.97103E-1 3.50752E-1 5.23612E-1 5.15718E-1 2.56363E-1 4.75616E-1 3.6648E-1 1.52388E-1 1.49159E-1 6.34965E-1 2.70264E-1 1.45075E-1 7.45568E-1 8.1475E-1 2.98187E-1 4.11058E-1 2.12462E-1 3.45316E-1 7.51961E-1 7.67884E-1
1.75642E-1 1.45488E-1 1.0134E-1 9.9507E-2 1.2439E-1 1.32437E-1 6.68883E-2 8.53934E-2 1.25164E-1 1.25498E-1 1.21575E-1 1.21596E-1 8.17526E-2 1.38617E-1 9.34418E-2 1.78318E-1 2.16214E-1 1.69798E-1 3.89998E-1 3.27553E-1 3.11522E-1 2.51811E-1 3.11338E-1 3.97407E-1 2.95688E-1 2.11302E-1 1.51999E-1 1.04941E-1 1.88228E-1 1.97551E-1 1.42357E-1 3.57683E-1 1.38112E-1 1.31887E-1 1.30198E-1 1.4197E-1 1.20742E-1 1.98195E-1 1.20703E-1 9.87691E-2 3.45258E-1 3.14573E-1 5.58501E-1 4.34668E-1 3.88827E-1 4.19277E-1 5.23592E-1 5.26557E-1 3.13474E-1 2.6403E-1 6.663E-1 5.29315E-1 5.09039E-2 6.38653E-1 7.76663E-1 7.17626E-1 7.56636E-1 3.35504E-1 3.33684E-1 7.82257E-1 7.19255E-1
1.54056E-1 1.48333E-1 1.51156E-1 1.3919E-1 8.24103E-2 1.61822E-1 9.37542E-2 1.98436E-1 1.60632E-1 1.11908E-1 2.46865E-1 3.24402E-1 1.54369E-1 5.41217E-2 9.43792E-2 2.80399E-1 2.46186E-1 1.99397E-1 2.16036E-1 3.09814E-1 2.51539E-1 1.8466E-1 2.60202E-1 1.95256E-1 2.115E-1 1.89002E-1 2.24646E-1 1.09213E-1 1.33489E-1 3.62623E-1 1.09803E-1 1.62267E-1 4.90678E-1 6.36498E-2 6.18044E-2 1.77784E-1 7.41984E-2 7.64631E-2 7.92884E-2 1.12449E-1 5.21162E-2 1.93014E-1 3.84739E-1 4.45973E-1 3.51033E-1 2.90895E-1 5.49786E-1 3.17533E-1 1.95274E-1 4.50871E-1 6.89175E-1 6.87312E-1 1.13767E-1 7.1167E-2 5.37872E-1 2.1305E-1 8.23345E-1 6.80678E-1 5.98483E-1 7.19033E-1 6.09481E-1
2.3888E-1 2.38181E-1 2.5445E-1 1.43348E-1 9.01039E-2 1.18857E-1 1.2264E-1 1.01043E-1 1.102E-1 1.17592E-1 1.33973E-1 2.9619E-1 2.35032E-1 3.24104E-2 1.77912E-1 5.235E-1 5.04835E-1 2.65551E-1 3.42928E-1 2.16111E-1 2.50488E-1 3.00317E-1 2.49014E-1 2.73752E-1 2.71536E-1 1.64344E-1 2.03401E-1 2.7649E-1 2.44292E-1 4.21698E-1 1.27869E-1 1.11307E-1 5.33012E-1 7.54496E-2 4.68664E-2 1.09042E-1 6.6255E-2 3.45571E-2 7.88811E-2 1.62009E-1 1.32494E-1 3.29672E-1 4.27995E-1 5.59656E-1 4.14187E-1 2.09679E-1 3.80615E-1 1.39444E-1 2.82128E-1 5.18429E-1 5.98209E-1 6.96923E-1 2.82006E-1 2.01755E-1 1.36125E-1 6.58884E-1 8.10534E-1 6.98267E-1 7.73803E-1 7.29144E-1 6.68219E-1
1.31432E-1 1.55068E-1 1.60206E-1 1.61088E-1 1.36631E-1 1.25273E-1 1.33983E-1 3.97576E-1 2.91951E-1 1.45589E-1 8.84661E-2 8.0631E-2 7.51757E-2 4.72184E-2 1.54873E-1 2.7711E-1 2.43796E-1 2.28667E-1 3.44998E-1 2.93982E-1 4.19714E-1 2.33191E-1 2.45767E-1 2.35437E-1 1.94199E-1 2.12551E-1 2.24998E-1 4.20152E-1 3.29166E-1 3.74951E-1 1.85128E-1 7.92104E-2 5.12103E-1 1.08595E-1 4.88238E-2 2.59483E-1 1.01315E-1 2.17127E-2 2.44831E-1 2.64205E-1 2.43105E-1 3.15087E-1 5.10225E-1 2.85615E-1 5.31653E-1 3.59795E-1 1.90055E-1 1.60508E-1 3.3969E-1 3.36193E-1 3.84145E-1 7.10404E-1 5.37057E-1 2.94865E-1 7.39772E-1 7.88525E-1 7.4048E-1 6.88412E-1 7.75527E-1 6.42028E-1 7.57479E-1
1.42954E-1 1.56629E-1 1.86912E-1 2.05433E-1 1.70406E-1 1.62433E-1 1.39548E-1 2.47528E-1 6.29062E-1 2.34246E-1 7.85127E-2 1.92658E-1 1.2633E-1 8.06759E-2 2.39505E-1 2.45518E-1 4.17739E-1 3.68622E-1 2.60609E-1 2.05623E-1 3.5279E-1 3.69137E-1 3.16012E-1 1.47729E-1 2.10579E-1 2.26671E-1 4.22898E-1 4.05697E-1 3.79283E-1 4.43808E-1 2.03726E-1 2.65573E-1 3.62323E-1 5.29446E-2 1.84727E-2 1.11537E-1 2.4161E-2 2.34358E-2 2.96398E-1 4.09994E-1 4.42985E-1 3.61646E-1 2.09725E-1 4.28828E-1 2.66401E-1 2.57215E-1 2.08134E-1 3.78433E-1 3.30389E-1 3.60068E-1 4.52877E-1 6.64687E-1 4.23307E-1 3.94728E-1 7.782E-1 7.70038E-1 8.12994E-1 7.98795E-1 7.59464E-1 6.35846E-1 7.55566E-1
1.68696E-1 1.74877E-1 1.89504E-1 1.2153E-1 1.13321E-1 1.87077E-1 1.44079E-1 1.67374E-1 3.56036E-1 1.24982E-1 7.45971E-2 1.01747E-1 9.66778E-2 1.65684E-1 2.05333E-1 2.60819E-1 2.36627E-1 2.10875E-1 3.29521E-1 2.82242E-1 2.37122E-1 2.28362E-1 2.21291E-1 3.61626E-1 3.34191E-1 3.77362E-1 3.22547E-1 3.76032E-1 3.40125E-1 3.414E-1 1.47088E-1 2.16695E-1 5.45151E-1 1.58502E-1 2.39634E-2 9.84974E-3 1.90433E-2 4.22895E-2 2.54022E-1 1.71753E-1 4.17217E-1 3.14378E-1 3.50132E-1 4.74648E-1 1.38727E-1 2.08351E-1 3.53086E-1 3.66232E-1 3.87554E-1 6.02332E-1 5.23189E-1 7.55478E-1 5.74205E-1 4.03363E-1 7.78031E-1 5.19284E-1 7.99395E-1 7.80686E-1 7.94518E-1 7.62001E-1 5.7274E-1
1.77805E-1 1.96415E-1 1.75863E-1 1.98341E-1 1.50983E-1 1.80128E-1 1.8498E-1 1.6166E-1 3.92107E-1 1.56357E-1 2.11507E-1 1.53228E-1 1.0588E-1 2.01696E-1 2.04562E-1 2.24139E-1 2.12994E-1 2.03879E-1 2.1291E-1 1.98673E-1 3.79966E-1 4.00627E-1 3.54131E-1 3.13522E-1 3.2334E-1 4.10133E-1 3.37607E-1 3.61767E-1 4.01744E-1 2.06841E-1 1.4631E-1 2.32253E-1 3.9952E-1 4.88673E-2 1.03453E-1 1.11267E-1 3.36645E-1 1.56712E-1 6.17378E-2 3.9478E-2 7.38679E-2 3.33179E-1 2.72074E-1 2.27807E-1 2.9182E-1 2.94511E-1 3.92388E-1 5.21054E-1 4.6695E-1 6.9331E-1 4.02354E-1 6.29593E-1 7.88967E-1 5.26228E-1 6.03232E-1 4.72843E-1 7.92238E-1 6.58615E-1 8.1303E-1 7.32316E-1 7.82743E-1
1.78961E-1 1.83648E-1 1.71892E-1 1.90623E-1 1.74117E-1 1.96168E-1 2.00544E-1 1.83168E-1 2.41691E-1 1.86244E-1 2.32952E-1 2.42965E-1 2.01379E-1 2.0594E-1 2.16005E-1 1.88257E-1 1.88208E-1 1.87611E-1 1.58544E-1 2.62984E-1 3.57125E-1 2.22806E-1 4.10567E-1 4.0439E-1 2.45817E-1 3.42801E-1 3.75598E-1 4.24948E-1 3.60758E-1 3.15958E-1 1.59617E-1 2.28231E-1 1.5977E-1 1.01778E-1 1.07566E-1 3.29716E-2 4.91957E-2 1.4185E-1 7.7694E-2 1.82501E-1 1.99193E-1 2.66979E-1 2.85967E-1 1.80068E-1 3.57974E-1 4.36861E-1 5.98253E-1 4.77003E-1 7.54942E-1 6.76293E-1 4.85127E-1 5.51357E-1 8.13043E-1 8.15571E-1 5.93183E-1 6.43289E-1 5.84117E-1 6.61448E-1 8.04988E-1 8.31764E-1 8.04102E-1
1.71545E-1 1.80393E-1 2.24258E-1 1.97436E-1 2.04682E-1 2.08947E-1 2.08084E-1 1.99397E-1 1.49329E-1 1.64804E-1 2.77871E-1 2.73959E-1 2.54276E-1 2.56817E-1 2.17574E-1 1.78838E-1 1.6929E-1 2.23058E-1 2.8937E-1 2.49975E-1 3.6142E-1 2.91878E-1 3.88313E-1 2.66115E-1 3.00862E-1 4.10151E-1 3.34026E-1 2.69075E-1 2.29603E-1 4.28956E-1 1.85723E-1 6.88897E-2 1.35043E-1 4.74013E-2 8.84506E-2 5.5159E-2 3.48227E-2 9.00669E-2 4.12507E-2 1.32663E-1 1.24623E-1 2.54803E-1 4.71967E-1 1.34646E-1 1.38656E-1 4.25586E-1 7.25573E-1 4.44558E-1 5.86119E-1 7.00924E-1 7.59903E-1 7.03512E-1 6.24684E-1 8.28353E-1 7.44215E-1 6.87697E-1 6.23976E-1 6.98806E-1 8.2427E-1 8.02633E-1 7.83399E-1
1.52091E-1 1.82047E-1 4.1226E-1 1.81105E-1 2.07658E-1 1.94192E-1 2.10275E-1 2.28106E-1 2.08957E-1 2.0188E-1 1.92611E-1 1.98777E-1 3.15423E-1 2.1407E-1 2.03072E-1 1.70698E-1 1.49346E-1 1.5087E-1 3.30867E-1 2.82163E-1 2.98939E-1 2.94315E-1 2.33541E-1 3.16777E-1 3.07376E-1 2.67865E-1 2.17472E-1 3.86845E-1 2.04002E-1 2.54485E-1 1.70799E-1 1.78011E-1 1.34567E-1 1.41229E-1 8.2338E-2 9.57814E-2 1.34809E-1 2.35634E-1 1.15501E-1 3.50016E-1 3.17053E-1 2.90855E-1 2.50167E-1 4.34715E-1 4.02994E-1 5.15468E-1 4.51498E-1 5.36027E-1 5.54848E-1 7.01328E-1 6.40988E-1 5.41331E-1 4.94999E-1 6.71713E-1 6.93211E-1 6.36239E-1 7.14592E-1 6.72229E-1 6.8814E-1 7.73555E-1 8.01743E-1
1.49931E-1 1.50612E-1 2.04828E-1 3.53695E-1 1.78848E-1 1.95776E-1 5.41003E-1 5.80461E-1 5.08454E-1 4.30713E-1 1.97455E-1 2.04483E-1 1.77879E-1 1.97013E-1 2.41406E-1 1.49646E-1 1.30985E-1 1.66214E-1 3.37012E-1 2.98612E-1 3.63096E-1 3.51673E-1 2.69649E-1 2.28354E-1 2.38945E-1 1.9004E-1 2.01139E-1 3.37404E-1 3.05221E-1 3.3555E-1 2.5123E-1 1.81115E-1 1.92944E-1 1.94284E-1 2.26866E-1 2.66371E-1 2.37285E-1 1.52778E-1 3.90374E-1 2.97591E-1 3.2619E-1 1.33714E-1 2.74377E-1 3.70863E-1 5.06094E-1 4.02679E-1 5.04925E-1 5.31491E-1 5.91403E-1 5.35376E-1 7.1001E-1 6.68814E-1 4.86801E-1 6.51264E-1 6.27361E-1 7.6978E-1 6.74443E-1 7.20954E-1 6.54177E-1 6.48405E-1 6.7899E-1
1.67898E-1 1.44365E-1 1.4078E-1 1.80881E-1 1.60909E-1 3.34317E-1 5.72676E-1 5.80538E-1 3.75409E-1 2.44895E-1 2.70592E-1 1.82796E-1 1.7025E-1 1.66014E-1 1.48978E-1 1.68006E-1 1.62387E-1 1.33495E-1 1.45811E-1 1.27726E-1 2.07839E-1 3.63049E-1 2.10361E-1 2.48087E-1 2.29753E-1 2.02986E-1 1.77632E-1 2.88463E-1 3.62603E-1 3.59897E-1 2.78372E-1 1.57731E-1 1.19664E-1 5.04084E-2 1.05372E-1 9.31878E-2 1.21063E-1 3.6721E-1 3.9873E-1 0E0 4.17997E-1 3.05481E-1 2.12376E-1 4.72626E-1 5.06693E-1 4.33168E-1 4.38423E-1 5.23561E-1 6.14824E-1 5.43934E-1 6.60118E-1 6.27515E-1 6.06628E-1 6.99538E-1 5.25738E-1 6.06635E-1 6.79312E-1 4.59861E-1 6.04409E-1 7.36744E-1 6.21359E-1
1.48926E-1 1.40302E-1 1.36236E-1 2.95193E-1 1.81149E-1 2.47154E-1 2.80913E-1 5.41616E-1 3.45376E-1 2.80238E-1 1.91522E-1 1.83589E-1 1.79267E-1 1.93496E-1 1.66176E-1 1.72314E-1 1.53777E-1 1.51853E-1 1.60923E-1 1.64024E-1 1.32844E-1 2.172E-1 2.48436E-1 2.07777E-1 1.86915E-1 1.8329E-1 2.08159E-1 2.18526E-1 3.07711E-1 3.87394E-1 2.36324E-1 1.75749E-1 1.84983E-1 1.65159E-1 2.13778E-1 2.94328E-1 4.4471E-1 4.61877E-1 3.01587E-1 3.85122E-1 4.52981E-1 2.21196E-1 3.82682E-1 4.56443E-1 4.29916E-1 4.57364E-1 5.06673E-1 6.20806E-1 6.28081E-1 6.45364E-1 5.63128E-1 5.90834E-1 5.46872E-1 7.79529E-1 5.76689E-1 5.2798E-1 6.60618E-1 6.07866E-1 5.00392E-1 4.98533E-1 5.5277E-1
1.46492E-1 1.49969E-1 1.33336E-1 2.04013E-1 2.8076E-1 2.63977E-1 2.37112E-1 3.01588E-1 3.42669E-1 4.20701E-1 2.0066E-1 1.76571E-1 2.08187E-1 1.60904E-1 1.93812E-1 1.67238E-1 1.43382E-1 1.52992E-1 1.3555E-1 2.31971E-1 1.47137E-1 2.86917E-1 2.42441E-1 2.35498E-1 1.80892E-1 2.8803E-1 1.86814E-1 1.98581E-1 2.80427E-1 3.86156E-1 1.85821E-1 2.16703E-1 1.26835E-1 1.59537E-1 2.5367E-1 2.91008E-1 4.59409E-1 4.63446E-1 3.5094E-1 1.85297E-1 4.98143E-1 2.9302E-1 3.61427E-1 3.94477E-1 4.54792E-1 4.83776E-1 6.2822E-1 6.23017E-1 7.32905E-1 6.35958E-1 7.03133E-1 5.77499E-1 4.72888E-1 6.36936E-1 7.44694E-1 5.41069E-1 6.98228E-1 4.93187E-1 5.16441E-1 5.09033E-1 7.23038E-1
1.35488E-1 1.4584E-1 1.40505E-1 1.39405E-1 1.467E-1 1.54757E-1 2.64806E-1 3.40543E-1 1.92737E-1 2.81001E-1 1.4606E-1 1.46994E-1 1.3246E-1 1.49686E-1 1.79183E-1 1.57491E-1 1.46506E-1 1.49097E-1 1.33058E-1 1.48456E-1 1.79366E-1 2.14877E-1 3.56467E-1 2.16791E-1 2.76009E-1 3.18169E-1 2.89623E-1 3.48421E-1 2.6106E-1 3.90668E-1 1.64277E-1 2.19253E-1 2.29696E-1 2.57607E-1 2.88837E-1 2.0245E-1 2.67421E-1 2.79815E-1 3.73842E-1 2.39249E-1 2.93213E-1 3.31595E-1 4.2977E-1 4.60061E-1 4.70611E-1 6.23177E-1 6.07705E-1 5.91723E-1 8.03947E-1 6.22688E-1 7.45801E-1 5.05406E-1 5.37538E-1 6.45722E-1 6.26693E-1 5.64732E-1 5.37544E-1 5.35164E-1 7.24045E-1 8.18582E-1 7.89002E-1
