Candidate_Models_July82022/M_0.5_F_lqp_Set_1_cal/Bison.asc
ncols         290
nrows         380
xllcorner     -2197417.7431653
yllcorner     -584827.01486885
cellsize      10000.0
NODATA_value  -9999
[rows 324 to 350 of 380, columns 61 to 121 of 290]
1.18135E-1 1.38008E-1 1.52989E-1 1.55459E-1 1.2777E-1 1.29565E-1 2.33715E-1 1.50747E-1 1.2737E-1 1.62273E-1 1.66668E-1 1.52144E-1 1.32445E-1 1.51662E-1 1.77257E-1 1.42258E-1 1.56188E-1 1.39052E-1 1.62777E-1 1.37122E-1 3.814E-1 1.72619E-1 1.63187E-1 3.52705E-1 2.53632E-1 3.28658E-1 2.84059E-1 3.57177E-1 2.5706E-1 3.62883E-1 3.63751E-1 3.64726E-1 4.03544E-1 3.36957E-1 2.86269E-1 9.78362E-2 3.79562E-1 4.49183E-1 2.84455E-1 3.98365E-1 3.8138E-1 2.82718E-1 5.37858E-1 3.94099E-1 3.62224E-1 3.16605E-1 3.38028E-1 6.09829E-1 5.45588E-1 5.96389E-1 7.70331E-1 4.73165E-1 4.64214E-1 7.15892E-1 5.87491E-1 5.67838E-1 4.98905E-1 7.82387E-1 7.62801E-1 8.09685E-1 7.42519E-1
1.17761E-1 1.21405E-1 1.54772E-1 1.61276E-1 1.38967E-1 1.19933E-1 2.82197E-1 2.45072E-1 2.09107E-1 1.40164E-1 1.32363E-1 1.35953E-1 1.27816E-1 1.51748E-1 1.41606E-1 1.34203E-1 1.20902E-1 1.49121E-1 1.48395E-1 2.18777E-1 4.09257E-1 3.33053E-1 2.05142E-1 1.33856E-1 3.3619E-1 1.97991E-1 2.9068E-1 2.63848E-1 2.9598E-1 3.52788E-1 3.81069E-1 4.06624E-1 3.83294E-1 4.49457E-1 2.64119E-1 1.6772E-1 2.49603E-1 3.60747E-1 5.11403E-1 3.70487E-1 3.53346E-1 2.67584E-1 1.71234E-1 4.52632E-1 3.74515E-1 0E0 6.63979E-1 6.37776E-1 6.96414E-1 5.11074E-1 7.63045E-1 8.13588E-1 5.58299E-1 5.6737E-1 6.03578E-1 6.39807E-1 5.20048E-1 6.38675E-1 7.42253E-1 6.5736E-1 6.57124E-1
1.15511E-1 1.04323E-1 1.36203E-1 1.48582E-1 1.41819E-1 1.11707E-1 1.99809E-1 2.06041E-1 1.59336E-1 1.17187E-1 1.28175E-1 1.24788E-1 1.02267E-1 1.12237E-1 1.12947E-1 1.16781E-1 1.12831E-1 1.17672E-1 1.23775E-1 2.26433E-1 2.38727E-1 4.34667E-1 2.13803E-1 1.62822E-1 1.90764E-1 3.08337E-1 2.4228E-1 3.31972E-1 3.5339E-1 4.0477E-1 3.70049E-1 2.9109E-1 4.57417E-1 3.88192E-1 1.82831E-1 2.88521E-1 2.25856E-1 3.62288E-1 2.84671E-1 2.84781E-1 3.4222E-1 2.84774E-1 2.43755E-1 4.02767E-1 3.99162E-1 4.06225E-1 3.92372E-1 5.26724E-1 6.21918E-1 5.46246E-1 5.27538E-1 8.11054E-1 5.98317E-1 4.32443E-1 7.98437E-1 7.67047E-1 5.1247E-1 5.25401E-1 7.78507E-1 8.17536E-1 7.79881E-1
1.14176E-1 1.12603E-1 1.28471E-1 1.17548E-1 1.20569E-1 1.59887E-1 2.67658E-1 1.25124E-1 1.10805E-1 1.5133E-1 1.58339E-1 1.01998E-1 1.01662E-1 1.03627E-1 1.09674E-1 1.06728E-1 1.16461E-1 1.13102E-1 1.3357E-1 1.89364E-1 2.07736E-1 4.06233E-1 1.94855E-1 2.34922E-1 1.08565E-1 2.06152E-1 3.33149E-1 3.03076E-1 3.80553E-1 3.91818E-1 3.27744E-1 3.16517E-1 4.27225E-1 3.76545E-1 3.34712E-1 3.411E-1 3.69283E-1 3.68014E-1 5.35766E-1 4.23828E-1 3.88379E-1 4.09106E-1 3.35927E-1 5.0718E-1 4.01863E-1 4.37253E-1 4.31756E-1 6.36034E-1 4.42716E-1 5.21839E-1 5.6961E-1 8.35186E-1 4.75554E-1 5.15037E-1 6.60479E-1 6.58047E-1 5.0225E-1 5.11064E-1 7.86002E-1 7.85362E-1 7.95887E-1
1.03015E-1 1.08146E-1 1.30726E-1 1.21428E-1 1.58495E-1 1.29827E-1 1.22282E-1 1.56438E-1 1.5918E-1 1.77391E-1 9.64859E-2 9.63892E-2 1.19368E-1 9.79355E-2 9.98269E-2 1.04582E-1 1.1336E-1 1.2626E-1 1.89185E-1 1.77778E-1 3.59986E-1 4.60887E-1 2.62435E-1 1.73399E-1 1.6874E-1 2.81968E-1 2.32108E-1 3.03843E-1 2.27371E-1 3.78327E-1 3.53396E-1 2.99719E-1 3.83544E-1 3.18516E-1 3.69714E-1 5.0659E-1 6.07952E-1 7.04496E-1 7.52591E-1 7.49213E-1 5.81581E-1 5.83232E-1 4.45831E-1 5.04836E-1 3.7944E-1 3.96594E-1 5.43884E-1 4.32613E-1 4.45637E-1 4.80865E-1 7.14117E-1 7.97145E-1 6.1668E-1 5.01494E-1 4.85413E-1 5.12355E-1 4.90387E-1 4.84423E-1 5.98065E-1 6.99146E-1 7.63053E-1
1.14367E-1 1.00131E-1 9.412E-2 1.63906E-1 1.42649E-1 1.17182E-1 1.03593E-1 2.171E-1 3.24528E-1 1.18535E-1 9.83284E-2 1.18141E-1 1.05853E-1 9.42927E-2 9.72369E-2 1.21578E-1 2.74299E-1 3.2272E-1 3.47808E-1 2.3657E-1 4.93598E-1 4.27259E-1 1.91265E-1 1.29024E-1 2.45145E-1 1.46059E-1 1.15314E-1 1.2668E-1 1.97592E-1 3.14095E-1 3.88896E-1 3.87468E-1 4.33535E-1 2.72235E-1 3.05883E-1 3.3163E-1 6.16443E-1 7.16049E-1 7.45985E-1 6.49532E-1 7.45598E-1 7.55271E-1 6.33868E-1 7.47746E-1 7.20097E-1 3.82232E-1 3.72171E-1 4.15658E-1 4.21785E-1 4.53488E-1 4.97824E-1 5.2146E-1 5.15159E-1 5.11318E-1 4.85113E-1 4.85178E-1 5.0681E-1 4.6948E-1 5.19236E-1 7.70995E-1 5.5354E-1
1.01443E-1 9.67627E-2 8.54791E-2 8.58864E-2 1.80299E-1 1.17272E-1 1.16753E-1 2.71762E-1 1.76336E-1 8.69919E-2 9.35832E-2 8.61813E-2 8.84518E-2 9.33819E-2 1.01063E-1 1.26692E-1 1.58929E-1 1.54614E-1 1.47078E-1 1.59927E-1 2.8185E-1 3.72705E-1 1.88316E-1 1.97332E-1 1.54443E-1 1.44387E-1 2.23792E-1 2.43011E-1 3.03062E-1 3.58693E-1 3.60433E-1 3.71145E-1 2.79482E-1 2.94716E-1 2.06597E-1 2.12553E-1 2.73286E-1 2.58487E-1 3.38755E-1 4.90803E-1 4.00526E-1 3.68896E-1 5.4359E-1 6.10545E-1 6.5114E-1 6.37217E-1 7.06556E-1 5.38771E-1 4.61281E-1 4.29681E-1 4.90741E-1 5.00351E-1 4.82195E-1 4.58091E-1 4.79437E-1 5.09271E-1 4.28792E-1 4.38865E-1 5.37671E-1 7.621E-1 6.02391E-1
1.06344E-1 1.22557E-1 9.21215E-2 9.6978E-2 2.51167E-1 1.65352E-1 1.75931E-1 1.39919E-1 2.06101E-1 8.0885E-2 7.87602E-2 9.08186E-2 9.41881E-2 1.03881E-1 9.71466E-2 9.68654E-2 1.15913E-1 1.0798E-1 1.31398E-1 1.76843E-1 2.14364E-1 2.29744E-1 2.32529E-1 2.97886E-1 2.00027E-1 1.62776E-1 1.26235E-1 1.58397E-1 2.79635E-1 3.02114E-1 3.25157E-1 2.62277E-1 3.18608E-1 3.80149E-1 3.10022E-1 2.42777E-1 2.12996E-1 1.99138E-1 2.82239E-1 2.58208E-1 2.78092E-1 2.9288E-1 4.05174E-1 4.55498E-1 4.51695E-1 5.5341E-1 5.36872E-1 3.79792E-1 4.04804E-1 4.24132E-1 4.55951E-1 4.5716E-1 4.63512E-1 4.9833E-1 4.66528E-1 4.54625E-1 6.05118E-1 5.36659E-1 5.91611E-1 5.57053E-1 7.33776E-1
1.28237E-1 1.86207E-1 1.01149E-1 9.59169E-2 1.0141E-1 1.20791E-1 1.33998E-1 1.32914E-1 7.2357E-2 8.17806E-2 8.04272E-2 8.46314E-2 8.73461E-2 9.05867E-2 9.28835E-2 1.20719E-1 1.04285E-1 1.14032E-1 1.2809E-1 1.86971E-1 2.21637E-1 1.70735E-1 1.31821E-1 2.8667E-1 3.02537E-1 3.75829E-1 1.53567E-1 1.23257E-1 2.71539E-1 2.84522E-1 2.73843E-1 2.37767E-1 2.80304E-1 2.88327E-1 2.92381E-1 3.02654E-1 3.23293E-1 3.63792E-1 3.57283E-1 4.84682E-1 3.98852E-1 3.15681E-1 3.532E-1 5.6688E-1 6.07878E-1 3.50087E-1 3.60897E-1 3.65362E-1 3.68568E-1 3.87667E-1 4.10247E-1 4.17573E-1 4.34656E-1 4.41834E-1 4.22296E-1 4.03557E-1 6.96797E-1 6.82649E-1 7.07303E-1 6.93437E-1 5.33944E-1
1.36171E-1 1.14399E-1 9.84497E-2 8.3452E-2 1.0135E-1 1.07265E-1 8.04464E-2 8.67826E-2 8.54561E-2 7.99217E-2 8.0097E-2 8.41508E-2 8.74063E-2 9.17256E-2 1.16224E-1 1.19906E-1 1.20296E-1 1.34265E-1 1.55744E-1 1.7035E-1 2.15292E-1 2.3753E-1 1.6282E-1 2.58109E-1 2.5309E-1 3.69919E-1 1.54273E-1 1.20903E-1 1.10511E-1 3.30899E-1 3.18079E-1 3.52487E-1 2.94398E-1 2.6139E-1 3.28838E-1 3.54067E-1 3.43542E-1 2.9596E-1 3.59155E-1 3.62551E-1 5.13035E-1 5.37494E-1 5.17268E-1 5.76295E-1 4.74086E-1 3.11886E-1 3.08463E-1 2.92206E-1 2.98282E-1 3.34448E-1 3.60277E-1 3.77474E-1 4.0879E-1 3.95722E-1 3.93084E-1 6.57472E-1 5.58969E-1 4.64267E-1 5.89985E-1 5.89734E-1 5.19786E-1
1.40673E-1 1.2764E-1 9.60067E-2 8.43645E-2 1.04415E-1 1.11135E-1 7.32326E-2 7.85378E-2 9.59169E-2 1.73968E-1 8.0318E-2 8.31405E-2 1.15553E-1 9.63359E-2 1.00562E-1 1.47137E-1 1.54946E-1 1.50155E-1 1.3778E-1 1.62523E-1 1.92771E-1 2.59501E-1 2.57599E-1 2.85095E-1 3.24628E-1 2.74991E-1 2.38002E-1 1.46586E-1 1.25766E-1 1.40106E-1 2.05642E-1 2.53046E-1 2.27714E-1 3.48852E-1 2.96175E-1 2.20977E-1 2.58296E-1 3.51533E-1 2.57996E-1 4.29687E-1 4.76985E-1 5.43679E-1 5.67609E-1 5.25055E-1 2.93617E-1 3.42065E-1 3.41884E-1 3.4665E-1 2.65124E-1 2.94537E-1 3.23778E-1 3.47887E-1 3.78581E-1 3.48565E-1 5.81283E-1 6.58976E-1 5.01487E-1 5.6714E-1 6.32253E-1 6.55005E-1 5.02587E-1
1.40776E-1 1.55859E-1 1.22504E-1 1.4609E-1 8.64899E-2 1.81341E-1 1.60313E-1 9.40172E-2 9.74912E-2 8.79178E-2 1.04828E-1 1.76803E-1 1.17342E-1 1.0876E-1 1.45913E-1 1.8891E-1 1.76256E-1 1.65551E-1 1.5996E-1 1.73796E-1 1.50151E-1 2.25159E-1 2.407E-1 2.68074E-1 3.11775E-1 2.89709E-1 2.28559E-1 1.71534E-1 1.48309E-1 1.47372E-1 3.30857E-1 3.38979E-1 3.35629E-1 4.11963E-1 3.39726E-1 2.65473E-1 2.54633E-1 3.2644E-1 2.02666E-1 3.52361E-1 3.47207E-1 3.97772E-1 5.36513E-1 5.51833E-1 5.73612E-1 5.94591E-1 5.04643E-1 6.11564E-1 3.7261E-1 3.07681E-1 3.77477E-1 3.30347E-1 3.86038E-1 6.79376E-1 5.26842E-1 6.5945E-1 6.44453E-1 5.34497E-1 6.48297E-1 5.33656E-1 4.36698E-1
1.63596E-1 1.26414E-1 1.28666E-1 9.72445E-2 1.05914E-1 1.98423E-1 1.25121E-1 1.16552E-1 1.80051E-1 1.44572E-1 1.65988E-1 1.98335E-1 1.84828E-1 1.26718E-1 1.59272E-1 2.13231E-1 2.16416E-1 1.7244E-1 1.76983E-1 1.80232E-1 1.83394E-1 2.01372E-1 1.96918E-1 2.33772E-1 2.70216E-1 2.57667E-1 2.289E-1 1.81052E-1 1.66934E-1 1.49209E-1 1.40881E-1 2.26171E-1 4.12571E-1 4.17825E-1 4.00118E-1 3.31801E-1 3.76157E-1 3.36662E-1 3.07386E-1 2.45827E-1 2.98137E-1 2.93778E-1 4.12299E-1 5.39745E-1 5.58019E-1 5.3315E-1 4.46848E-1 4.33468E-1 5.3202E-1 5.9727E-1 3.97013E-1 3.31438E-1 6.4548E-1 5.78594E-1 5.91775E-1 5.41401E-1 6.30355E-1 4.65556E-1 5.42334E-1 5.29694E-1 2.98192E-1
1.50485E-1 1.25276E-1 1.36171E-1 9.19227E-2 8.72976E-2 1.39229E-1 1.26865E-1 1.20721E-1 2.30336E-1 2.27144E-1 1.37221E-1 2.04488E-1 1.22956E-1 1.32018E-1 1.67425E-1 2.44539E-1 2.55598E-1 2.13497E-1 1.94374E-1 1.99313E-1 1.56188E-1 1.88247E-1 1.90976E-1 2.18594E-1 2.1935E-1 2.38103E-1 2.48348E-1 1.98181E-1 1.83892E-1 1.61602E-1 1.45431E-1 1.92101E-1 3.02146E-1 4.17467E-1 2.81523E-1 2.10291E-1 4.18525E-1 2.92178E-1 2.87923E-1 2.75156E-1 3.20274E-1 4.11568E-1 4.34878E-1 3.9019E-1 4.20219E-1 4.73452E-1 3.74977E-1 3.75303E-1 3.64411E-1 5.249E-1 4.30017E-1 3.58323E-1 4.55138E-1 4.74533E-1 6.15468E-1 5.14376E-1 5.90305E-1 4.23684E-1 3.18096E-1 2.93998E-1 3.1793E-1
-9999 -9999 -9999 -9999 8.28386E-2 1.22677E-1 1.134E-1 2.21026E-1 1.28346E-1 1.74893E-1 1.44175E-1 1.05067E-1 1.92477E-1 2.09779E-1 1.8291E-1 2.23955E-1 2.84047E-1 2.41795E-1 2.35885E-1 1.81316E-1 1.51391E-1 1.74176E-1 1.72129E-1 1.91692E-1 2.21542E-1 2.24967E-1 2.15865E-1 2.09534E-1 2.03664E-1 1.56857E-1 1.38577E-1 3.0109E-1 2.39322E-1 2.2031E-1 3.00147E-1 1.86467E-1 2.72095E-1 3.61312E-1 3.06354E-1 2.91865E-1 4.29436E-1 3.86226E-1 3.1048E-1 4.0068E-1 3.34073E-1 3.64652E-1 3.70304E-1 4.08128E-1 5.49828E-1 4.0667E-1 5.27731E-1 4.84416E-1 5.61107E-1 5.69512E-1 5.55545E-1 5.20805E-1 3.36051E-1 3.32691E-1 3.69955E-1 3.35675E-1 2.37865E-1
-9999 -9999 -9999 -9999 -9999 -9999 -9999 -9999 -9999 1.72391E-1 1.40542E-1 1.14039E-1 2.48137E-1 4.41955E-1 1.81349E-1 1.78204E-1 2.69162E-1 2.35091E-1 2.042E-1 1.84016E-1 1.49275E-1 1.773E-1 1.93747E-1 1.84665E-1 2.11663E-1 2.31006E-1 3.88663E-1 2.08913E-1 1.84416E-1 1.47924E-1 1.30449E-1 1.83058E-1 2.35283E-1 1.73289E-1 2.62775E-1 2.32053E-1 4.33328E-1 3.34713E-1 4.83539E-1 4.3076E-1 3.94833E-1 2.94788E-1 3.14238E-1 3.33218E-1 4.1097E-1 4.44432E-1 4.56178E-1 3.69928E-1 4.86806E-1 5.6044E-1 4.79177E-1 5.53926E-1 4.50425E-1 5.72516E-1 3.39932E-1 3.45274E-1 4.17623E-1 2.32762E-1 3.64864E-1 3.31829E-1 2.50653E-1
-9999 -9999 -9999 -9999 -9999 -9999 -9999 -9999 -9999 -9999 -9999 -9999 -9999 2.45262E-1 1.523E-1 1.82246E-1 2.42975E-1 2.17349E-1 2.01984E-1 1.74856E-1 1.82601E-1 1.81256E-1 1.85757E-1 1.75542E-1 2.12091E-1 2.73058E-1 2.68416E-1 2.16171E-1 1.61533E-1 1.31575E-1 1.36554E-1 1.40459E-1 2.05663E-1 2.37384E-1 2.66019E-1 2.82939E-1 1.85147E-1 1.87179E-1 4.7289E-1 4.99216E-1 4.04267E-1 4.12595E-1 4.76634E-1 4.43698E-1 4.19005E-1 3.33792E-1 3.45771E-1 5.08008E-1 5.34823E-1 4.9341E-1 5.18437E-1 5.21186E-1 3.58882E-1 5.9853E-1 3.21779E-1 3.86926E-1 5.48535E-1 3.46191E-1 5.56968E-1 6.02824E-1 4.57211E-1
-9999 -9999 -9999 -9999 -9999 -9999 -9999 -9999 -9999 -9999 -9999 -9999 -9999 -9999 -9999 -9999 -9999 2.22998E-1 1.95284E-1 1.85829E-1 1.97347E-1 1.76339E-1 2.12799E-1 2.09459E-1 2.23139E-1 4.72E-1 2.81233E-1 2.47331E-1 1.63464E-1 1.50475E-1 1.64842E-1 1.53977E-1 2.11005E-1 2.21887E-1 3.55169E-1 3.99399E-1 2.73478E-1 2.09092E-1 5.16454E-1 3.84864E-1 2.01709E-1 2.64364E-1 2.99449E-1 3.96492E-1 4.21943E-1 3.60591E-1 4.42968E-1 4.95224E-1 4.27398E-1 5.35243E-1 5.87688E-1 3.53083E-1 2.87134E-1 5.89932E-1 3.32871E-1 5.24344E-1 3.98169E-1 3.53871E-1 5.51245E-1 5.72932E-1 2.051E-1
-9999 -9999 -9999 -9999 -9999 -9999 -9999 -9999 -9999 -9999 -9999 -9999 -9999 -9999 -9999 -9999 -9999 -9999 -9999 -9999 -9999 1.85445E-1 1.98751E-1 2.07067E-1 2.59474E-1 4.77201E-1 3.82149E-1 2.29019E-1 3.01897E-1 1.70725E-1 1.84139E-1 1.62713E-1 1.82721E-1 3.0496E-1 2.95802E-1 3.13545E-1 3.02656E-1 2.06705E-1 3.73358E-1 2.28476E-1 2.75837E-1 2.74562E-1 3.46252E-1 2.36391E-1 5.29336E-1 5.38623E-1 3.73923E-1 5.72903E-1 3.58801E-1 5.36835E-1 5.99849E-1 4.33177E-1 3.11271E-1 6.0261E-1 4.22993E-1 6.23535E-1 4.88447E-1 3.17552E-1 5.97738E-1 6.09701E-1 1.92225E-1
-9999 -9999 -9999 -9999 -9999 -9999 -9999 -9999 -9999 -9999 -9999 -9999 -9999 -9999 -9999 -9999 -9999 -9999 -9999 -9999 -9999 -9999 -9999 -9999 -9999 2.30547E-1 2.77188E-1 2.71992E-1 3.11334E-1 1.77784E-1 3.40461E-1 2.76881E-1 2.26251E-1 3.01165E-1 2.96348E-1 3.73421E-1 3.46053E-1 1.90752E-1 2.76889E-1 2.53205E-1 2.79687E-1 2.92905E-1 3.011E-1 2.0743E-1 2.60476E-1 3.07886E-1 4.7578E-1 3.45308E-1 2.39627E-1 5.4141E-1 5.51849E-1 4.35461E-1 2.81665E-1 4.7475E-1 5.24867E-1 5.17453E-1 5.42914E-1 3.44919E-1 4.42697E-1 5.84218E-1 4.56762E-1
-9999 -9999 -9999 -9999 -9999 -9999 -9999 -9999 -9999 -9999 -9999 -9999 -9999 -9999 -9999 -9999 -9999 -9999 -9999 -9999 -9999 -9999 -9999 -9999 -9999 -9999 -9999 -9999 -9999 -9999 3.55255E-1 2.21955E-1 2.27447E-1 3.84524E-1 4.0098E-1 2.647E-1 2.79229E-1 2.57332E-1 2.53842E-1 2.69668E-1 3.15438E-1 2.972E-1 2.84764E-1 2.51594E-1 2.88284E-1 3.5672E-1 5.89959E-1 3.15192E-1 4.08386E-1 5.56206E-1 3.1579E-1 3.76631E-1 4.04572E-1 3.81348E-1 6.11071E-1 4.72076E-1 4.15318E-1 5.98868E-1 5.39411E-1 4.64845E-1 5.56252E-1
-9999 -9999 -9999 -9999 -9999 -9999 -9999 -9999 -9999 -9999 -9999 -9999 -9999 -9999 -9999 -9999 -9999 -9999 -9999 -9999 -9999 -9999 -9999 -9999 -9999 -9999 -9999 -9999 -9999 -9999 -9999 -9999 -9999 -9999 2.81537E-1 2.72004E-1 2.74512E-1 2.34898E-1 2.22436E-1 4.467E-1 2.89339E-1 2.59678E-1 3.2314E-1 2.86791E-1 3.88387E-1 3.6521E-1 5.52156E-1 4.18814E-1 5.88034E-1 5.47702E-1 3.90922E-1 3.82945E-1 4.23185E-1 3.81276E-1 6.20171E-1 5.51399E-1 5.53322E-1 3.94651E-1 4.22582E-1 4.74508E-1 6.23306E-1
-9999 -9999 -9999 -9999 -9999 -9999 -9999 -9999 -9999 -9999 -9999 -9999 -9999 -9999 -9999 -9999 -9999 -9999 -9999 -9999 -9999 -9999 -9999 -9999 -9999 -9999 -9999 -9999 -9999 -9999 -9999 -9999 -9999 -9999 -9999 -9999 -9999 -9999 2.64435E-1 3.26556E-1 2.70931E-1 2.76247E-1 3.1515E-1 2.39175E-1 3.25743E-1 3.12279E-1 3.8715E-1 3.49087E-1 4.62928E-1 4.92065E-1 5.29676E-1 5.86776E-1 6.07562E-1 6.06616E-1 5.8996E-1 6.09913E-1 5.04088E-1 5.58144E-1 3.63435E-1 5.67762E-1 4.34715E-1
-9999 -9999 -9999 -9999 -9999 -9999 -9999 -9999 -9999 -9999 -9999 -9999 -9999 -9999 -9999 -9999 -9999 -9999 -9999 -9999 -9999 -9999 -9999 -9999 -9999 -9999 -9999 -9999 -9999 -9999 -9999 -9999 -9999 -9999 -9999 -9999 -9999 -9999 -9999 -9999 -9999 -9999 2.862E-1 2.83835E-1 2.83376E-1 3.38056E-1 2.96126E-1 4.41545E-1 5.25073E-1 2.88225E-1 5.59337E-1 5.4827E-1 4.82119E-1 5.84093E-1 5.39183E-1 5.87445E-1 5.4391E-1 5.48941E-1 3.74084E-1 4.18524E-1 3.87407E-1
-9999 -9999 -9999 -9999 -9999 -9999 -9999 -9999 -9999 -9999 -9999 -9999 -9999 -9999 -9999 -9999 -9999 -9999 -9999 -9999 -9999 -9999 -9999 -9999 -9999 -9999 -9999 -9999 -9999 -9999 -9999 -9999 -9999 -9999 -9999 -9999 -9999 -9999 -9999 -9999 -9999 -9999 -9999 -9999 -9999 -9999 2.81882E-1 4.00264E-1 5.54125E-1 4.83824E-1 5.57736E-1 5.2082E-1 5.78801E-1 5.45627E-1 6.08679E-1 5.70084E-1 5.54706E-1 5.02132E-1 5.85554E-1 3.96849E-1 3.94863E-1
-9999 -9999 -9999 -9999 -9999 -9999 -9999 -9999 -9999 -9999 -9999 -9999 -9999 -9999 -9999 -9999 -9999 -9999 -9999 -9999 -9999 -9999 -9999 -9999 -9999 -9999 -9999 -9999 -9999 -9999 -9999 -9999 -9999 -9999 -9999 -9999 -9999 -9999 -9999 -9999 -9999 -9999 -9999 -9999 -9999 -9999 -9999 -9999 -9999 -9999 -9999 4.42571E-1 5.43636E-1 5.82708E-1 5.39498E-1 5.1368E-1 5.45357E-1 5.71077E-1 3.85417E-1 5.21221E-1 4.53283E-1
-9999 -9999 -9999 -9999 -9999 -9999 -9999 -9999 -9999 -9999 -9999 -9999 -9999 -9999 -9999 -9999 -9999 -9999 -9999 -9999 -9999 -9999 -9999 -9999 -9999 -9999 -9999 -9999 -9999 -9999 -9999 -9999 -9999 -9999 -9999 -9999 -9999 -9999 -9999 -9999 -9999 -9999 -9999 -9999 -9999 -9999 -9999 -9999 -9999 -9999 -9999 -9999 -9999 -9999 -9999 5.64656E-1 4.90217E-1 4.23244E-1 5.08244E-1 5.19389E-1 5.75943E-1
