Candidate_Models_July82022/M_0.5_F_lqp_Set_1_cal/Bison.asc
ncols         290
nrows         380
xllcorner     -2197417.7431653
yllcorner     -584827.01486885
cellsize      10000.0
NODATA_value  -9999
[rows 216 to 242 of 380, columns 122 to 182 of 290]
4.88467E-1 6.196E-1 6.23295E-1 6.37516E-1 5.86862E-1 6.43121E-1 4.60131E-1 4.86484E-1 5.08786E-1 5.28394E-1 5.61873E-1 5.92861E-1 6.93043E-1 5.09078E-1 5.06238E-1 5.36217E-1 5.30893E-1 5.89709E-1 5.73487E-1 6.25331E-1 6.799E-1 5.91988E-1 5.13142E-1 6.43405E-1 5.1544E-1 6.91688E-1 5.80787E-1 4.39606E-1 4.22676E-1 4.70959E-1 4.14688E-1 4.11083E-1 3.61477E-1 4.08389E-1 4.0642E-1 4.34012E-1 3.57103E-1 4.04182E-1 6.11003E-1 5.21114E-1 6.16651E-1 3.35438E-1 4.38759E-1 5.38092E-1 5.37521E-1 5.12045E-1 4.48606E-1 3.60771E-1 3.3E-1 3.27993E-1 3.28832E-1 3.18451E-1 3.40673E-1 3.01473E-1 2.68319E-1 2.79727E-1 2.69209E-1 2.68859E-1 2.99169E-1 2.8337E-1 2.19008E-1
6.14831E-1 5.80275E-1 6.15328E-1 6.52709E-1 6.42763E-1 6.61558E-1 5.24159E-1 6.05123E-1 6.23124E-1 4.98173E-1 6.2881E-1 5.75772E-1 6.29093E-1 6.26116E-1 5.06367E-1 5.25191E-1 5.23128E-1 5.82517E-1 5.08593E-1 5.39739E-1 5.75919E-1 6.10539E-1 6.10026E-1 6.9002E-1 6.72259E-1 5.88031E-1 6.73473E-1 6.79529E-1 6.53743E-1 4.88843E-1 4.09283E-1 3.82327E-1 3.74764E-1 3.8166E-1 3.92293E-1 5.9066E-1 4.26737E-1 4.44876E-1 5.17191E-1 5.8222E-1 5.60633E-1 5.03788E-1 4.74994E-1 5.29382E-1 5.33086E-1 4.50544E-1 3.13104E-1 3.28672E-1 3.42867E-1 3.40333E-1 3.04725E-1 3.14117E-1 3.11962E-1 2.99622E-1 2.99268E-1 2.80827E-1 2.92652E-1 2.78524E-1 2.7986E-1 2.52059E-1 2.29135E-1
6.3957E-1 6.40095E-1 6.00138E-1 6.48607E-1 5.53839E-1 6.08104E-1 6.29718E-1 6.56211E-1 4.49798E-1 6.5929E-1 5.59885E-1 6.04654E-1 7.055E-1 6.57556E-1 5.24342E-1 5.44002E-1 5.36995E-1 4.95566E-1 4.93211E-1 5.249E-1 5.5799E-1 6.83834E-1 6.58218E-1 7.04016E-1 6.8196E-1 5.88714E-1 6.17088E-1 6.40366E-1 6.72161E-1 6.57818E-1 4.37447E-1 3.8484E-1 3.7702E-1 3.89605E-1 3.73848E-1 4.54974E-1 3.9483E-1 6.11487E-1 4.15957E-1 4.05898E-1 6.04486E-1 4.31224E-1 5.6177E-1 5.28953E-1 5.49851E-1 4.06613E-1 3.05044E-1 3.10475E-1 3.10511E-1 3.62632E-1 3.35019E-1 3.71068E-1 3.38688E-1 3.0098E-1 3.01695E-1 2.67496E-1 3.08601E-1 2.69379E-1 2.92391E-1 2.73534E-1 2.55427E-1
5.86894E-1 6.33158E-1 6.23461E-1 5.89284E-1 5.18758E-1 5.40129E-1 5.98661E-1 6.03735E-1 3.92113E-1 6.3428E-1 6.95611E-1 7.29813E-1 6.01447E-1 7.1817E-1 5.45617E-1 5.38384E-1 5.38224E-1 5.13082E-1 4.99266E-1 5.47403E-1 5.61229E-1 6.69819E-1 6.64618E-1 6.19187E-1 6.07635E-1 5.87338E-1 5.17479E-1 6.31025E-1 6.16945E-1 6.92989E-1 5.9516E-1 5.19786E-1 3.95268E-1 3.82491E-1 3.86678E-1 3.93347E-1 4.0085E-1 6.26126E-1 5.15624E-1 5.79937E-1 3.60845E-1 3.65719E-1 3.34972E-1 3.47411E-1 4.1174E-1 4.70058E-1 3.30487E-1 3.17626E-1 3.25732E-1 3.45513E-1 3.45644E-1 3.11229E-1 3.78145E-1 3.45738E-1 3.07326E-1 2.99393E-1 2.87953E-1 2.87896E-1 3.07238E-1 2.98856E-1 2.9896E-1
6.07563E-1 5.93892E-1 6.54705E-1 6.03204E-1 5.96036E-1 5.44546E-1 6.60177E-1 6.29585E-1 7.03866E-1 6.73616E-1 7.1992E-1 6.77347E-1 6.70218E-1 7.28913E-1 7.18102E-1 6.22725E-1 5.3457E-1 5.38032E-1 5.10215E-1 5.42923E-1 5.8008E-1 6.85E-1 5.31395E-1 5.07472E-1 5.50906E-1 5.25104E-1 5.78559E-1 4.9988E-1 5.23761E-1 5.9395E-1 5.25718E-1 6.75993E-1 6.37508E-1 4.96654E-1 5.75448E-1 5.40261E-1 3.99487E-1 4.63075E-1 5.41556E-1 3.82693E-1 3.84344E-1 3.72068E-1 3.5128E-1 3.62882E-1 3.5878E-1 3.54409E-1 3.49175E-1 3.52647E-1 3.38559E-1 3.45647E-1 4.78349E-1 5.11282E-1 3.68567E-1 3.38986E-1 3.31915E-1 3.05086E-1 2.87451E-1 2.87981E-1 3.25131E-1 2.92164E-1 2.75661E-1
6.26832E-1 6.52276E-1 5.69973E-1 5.68276E-1 5.63829E-1 5.18454E-1 5.04053E-1 6.91261E-1 5.98555E-1 6.28311E-1 7.11977E-1 6.26781E-1 7.13237E-1 6.32445E-1 5.33314E-1 6.42294E-1 5.48531E-1 5.7768E-1 5.65091E-1 6.15819E-1 6.87094E-1 5.93687E-1 5.88253E-1 6.00899E-1 5.37656E-1 5.03044E-1 5.24483E-1 4.95636E-1 4.55334E-1 4.90912E-1 5.31098E-1 5.75644E-1 6.6814E-1 6.14953E-1 6.40978E-1 6.12637E-1 6.03617E-1 5.58302E-1 5.82108E-1 5.25131E-1 3.8831E-1 3.86208E-1 3.83514E-1 3.75457E-1 3.77663E-1 3.56953E-1 3.46049E-1 3.1806E-1 3.5456E-1 3.54578E-1 4.70968E-1 5.58734E-1 5.21468E-1 3.45371E-1 3.42162E-1 3.27998E-1 3.16634E-1 3.25963E-1 3.30274E-1 3.05223E-1 2.68747E-1
6.5285E-1 6.52172E-1 5.97029E-1 6.09196E-1 5.84973E-1 5.11732E-1 5.08114E-1 6.09488E-1 5.68508E-1 6.04865E-1 6.37899E-1 6.28158E-1 7.2585E-1 5.34297E-1 5.72604E-1 5.51056E-1 5.53301E-1 5.38285E-1 5.65371E-1 5.31118E-1 5.96691E-1 5.79056E-1 5.53284E-1 5.14252E-1 4.94731E-1 5.14111E-1 5.26151E-1 4.79586E-1 4.69595E-1 4.57518E-1 5.02854E-1 5.07497E-1 6.05356E-1 5.52067E-1 4.32727E-1 4.94455E-1 4.48796E-1 4.62048E-1 5.98139E-1 6.24632E-1 4.75418E-1 3.94688E-1 3.87464E-1 3.8262E-1 3.79094E-1 5.15591E-1 5.25179E-1 4.68869E-1 5.54051E-1 3.60771E-1 4.31581E-1 5.5066E-1 5.60299E-1 3.94389E-1 3.4286E-1 3.31485E-1 3.27382E-1 3.30031E-1 3.27413E-1 3.25157E-1 2.72963E-1
6.46903E-1 6.53859E-1 6.78122E-1 6.24363E-1 6.85516E-1 6.11905E-1 5.53584E-1 5.36928E-1 5.72792E-1 6.02596E-1 5.44535E-1 6.11626E-1 6.47955E-1 5.34861E-1 5.32115E-1 5.39885E-1 5.40695E-1 5.23561E-1 5.34615E-1 5.35451E-1 6.8804E-1 6.1844E-1 5.1642E-1 5.29528E-1 5.26556E-1 5.59117E-1 5.05518E-1 5.15953E-1 4.57658E-1 4.712E-1 4.82772E-1 5.07314E-1 5.41297E-1 5.20429E-1 5.54717E-1 4.77774E-1 5.32563E-1 4.70801E-1 5.84797E-1 5.8524E-1 5.73614E-1 6.15116E-1 4.01086E-1 3.89149E-1 3.9318E-1 5.76754E-1 5.96122E-1 4.71118E-1 5.77857E-1 3.78406E-1 4.08791E-1 5.41852E-1 6.00185E-1 5.58088E-1 3.65767E-1 3.59979E-1 3.44203E-1 3.44646E-1 3.41943E-1 3.45443E-1 4.15914E-1
6.53437E-1 5.29519E-1 5.19202E-1 6.58155E-1 6.75161E-1 6.09782E-1 5.73031E-1 5.72601E-1 5.8511E-1 5.74559E-1 6.20582E-1 5.43846E-1 5.91418E-1 5.50015E-1 5.7294E-1 5.42277E-1 5.31026E-1 5.22056E-1 5.13235E-1 5.67901E-1 5.55406E-1 5.84091E-1 5.39E-1 5.40802E-1 5.7478E-1 5.5091E-1 5.07112E-1 5.64135E-1 5.15359E-1 4.98072E-1 4.85754E-1 4.62778E-1 4.84048E-1 5.14124E-1 5.65301E-1 4.89547E-1 4.82992E-1 4.30091E-1 4.41338E-1 5.49356E-1 5.21819E-1 5.10688E-1 5.87897E-1 4.06364E-1 4.17816E-1 3.99176E-1 5.65955E-1 4.07507E-1 6.04179E-1 3.94905E-1 4.58839E-1 4.84757E-1 5.55108E-1 5.70748E-1 5.61863E-1 5.56982E-1 5.05364E-1 3.93161E-1 3.42511E-1 4.501E-1 4.87686E-1
6.14134E-1 6.98228E-1 6.5507E-1 7.01696E-1 5.83556E-1 5.57773E-1 6.09784E-1 5.4617E-1 5.62859E-1 5.46821E-1 6.4233E-1 6.33512E-1 5.61521E-1 5.26836E-1 5.45913E-1 5.47325E-1 5.37912E-1 5.28035E-1 5.48321E-1 5.78288E-1 5.52306E-1 5.67291E-1 6.29374E-1 5.28343E-1 6.18479E-1 5.17271E-1 5.35148E-1 5.43654E-1 5.25712E-1 5.03812E-1 5.50152E-1 5.3546E-1 5.04073E-1 5.23662E-1 4.77662E-1 4.67922E-1 5.50155E-1 4.39147E-1 4.04092E-1 3.89642E-1 3.86344E-1 3.81726E-1 5.0725E-1 5.94685E-1 5.74389E-1 5.77255E-1 5.93599E-1 5.91192E-1 6.08661E-1 4.18902E-1 6.03487E-1 5.51326E-1 4.31271E-1 4.38627E-1 4.59409E-1 4.71381E-1 5.23254E-1 5.77303E-1 5.70364E-1 5.35854E-1 3.12176E-1
6.7173E-1 6.04033E-1 6.94215E-1 6.83382E-1 6.16586E-1 5.70066E-1 5.8917E-1 5.35961E-1 5.15618E-1 5.84222E-1 5.32648E-1 5.98064E-1 5.16025E-1 5.17893E-1 5.30557E-1 5.37502E-1 5.34474E-1 5.16482E-1 5.28822E-1 5.57112E-1 5.67483E-1 6.01308E-1 5.71013E-1 5.25322E-1 5.42819E-1 5.51313E-1 4.74507E-1 5.5917E-1 5.49063E-1 5.16929E-1 4.77883E-1 4.85054E-1 4.84773E-1 4.66697E-1 5.0477E-1 4.75223E-1 4.73077E-1 5.73641E-1 4.32764E-1 4.22624E-1 4.2307E-1 4.40025E-1 5.16857E-1 4.25933E-1 4.40172E-1 5.78032E-1 5.47221E-1 4.76397E-1 5.35945E-1 6.00824E-1 6.0517E-1 6.18704E-1 5.76073E-1 3.91476E-1 4.02214E-1 4.73149E-1 4.10071E-1 3.95345E-1 5.11079E-1 3.80824E-1 2.83544E-1
6.90807E-1 6.30264E-1 7.07088E-1 6.21607E-1 5.92959E-1 5.99739E-1 5.62528E-1 6.63601E-1 5.53822E-1 5.90612E-1 5.63603E-1 5.8279E-1 6.04801E-1 5.47201E-1 5.31052E-1 5.46053E-1 5.87909E-1 5.15395E-1 5.39518E-1 5.96407E-1 6.12135E-1 5.81744E-1 5.36664E-1 5.14907E-1 5.46414E-1 5.62714E-1 5.66195E-1 5.04375E-1 5.27236E-1 5.23393E-1 4.78365E-1 4.9008E-1 4.64163E-1 4.80688E-1 4.64866E-1 4.55116E-1 6.11775E-1 6.3698E-1 4.34395E-1 4.50164E-1 4.37184E-1 4.19075E-1 5.32449E-1 5.47197E-1 3.93206E-1 6.17694E-1 6.46046E-1 5.40593E-1 6.42739E-1 6.40789E-1 5.79199E-1 6.35279E-1 5.47503E-1 5.75378E-1 6.47901E-1 4.53002E-1 4.70045E-1 6.19054E-1 6.01661E-1 4.16844E-1 2.946E-1
6.49891E-1 6.25607E-1 7.21001E-1 6.89355E-1 5.94905E-1 6.26911E-1 6.30008E-1 6.34371E-1 6.37883E-1 6.88892E-1 5.76142E-1 6.04359E-1 5.7099E-1 5.17075E-1 5.42673E-1 5.34097E-1 6.16764E-1 5.19663E-1 5.01245E-1 5.42989E-1 5.39778E-1 5.5834E-1 5.49625E-1 5.53446E-1 5.83336E-1 6.08718E-1 5.52453E-1 4.81832E-1 5.37986E-1 5.01957E-1 4.81849E-1 5.17218E-1 5.03085E-1 5.19541E-1 4.86679E-1 5.13182E-1 6.52103E-1 5.58893E-1 5.57484E-1 5.03014E-1 4.71085E-1 6.3869E-1 6.53955E-1 5.77249E-1 4.52244E-1 4.07733E-1 5.92888E-1 6.31664E-1 5.00632E-1 5.79774E-1 6.25892E-1 6.29875E-1 4.64621E-1 4.586E-1 5.17268E-1 4.96636E-1 6.19188E-1 6.0196E-1 6.42482E-1 5.94036E-1 5.73993E-1
6.31108E-1 6.74982E-1 6.73822E-1 7.44954E-1 6.45949E-1 7.10006E-1 6.37113E-1 6.16198E-1 6.18523E-1 5.72656E-1 6.23833E-1 5.6537E-1 5.44298E-1 5.84213E-1 5.6429E-1 5.46907E-1 5.28759E-1 5.2962E-1 5.48298E-1 5.25185E-1 4.98105E-1 5.54656E-1 5.82454E-1 7.1958E-1 6.56454E-1 5.76853E-1 5.89786E-1 5.82355E-1 5.31659E-1 5.2014E-1 5.24651E-1 5.13086E-1 5.13022E-1 5.53563E-1 5.25313E-1 6.71341E-1 6.73008E-1 5.15054E-1 5.75402E-1 5.96659E-1 4.86279E-1 6.65478E-1 5.14023E-1 4.30484E-1 4.53182E-1 4.6989E-1 5.01427E-1 6.71529E-1 6.63695E-1 4.59567E-1 6.58124E-1 6.00883E-1 4.89698E-1 4.97669E-1 4.80068E-1 5.69832E-1 6.70444E-1 6.38489E-1 5.39808E-1 5.66052E-1 2.82076E-1
5.93276E-1 6.78758E-1 5.66165E-1 7.14328E-1 6.78524E-1 6.37903E-1 5.86728E-1 6.2347E-1 6.61251E-1 6.42608E-1 6.82463E-1 7.0294E-1 5.84612E-1 5.6363E-1 5.64703E-1 5.62658E-1 5.54471E-1 5.53322E-1 5.21899E-1 5.36995E-1 5.22958E-1 5.48128E-1 6.64413E-1 5.70119E-1 6.24698E-1 6.43858E-1 6.47411E-1 6.06815E-1 5.14923E-1 5.64414E-1 5.31394E-1 5.29103E-1 5.14159E-1 5.82593E-1 5.11051E-1 5.64067E-1 5.40965E-1 5.89289E-1 6.87524E-1 6.11399E-1 5.50481E-1 4.30178E-1 5.53063E-1 5.70958E-1 4.00541E-1 3.93443E-1 5.25164E-1 6.59746E-1 6.40091E-1 6.52815E-1 6.65983E-1 5.8341E-1 4.28057E-1 5.81896E-1 5.09693E-1 6.41545E-1 5.4744E-1 5.19089E-1 4.42857E-1 3.45939E-1 4.03837E-1
5.66873E-1 7.18289E-1 6.67667E-1 6.62139E-1 6.90056E-1 6.18364E-1 5.85679E-1 6.39451E-1 6.13654E-1 7.26479E-1 6.75067E-1 7.29176E-1 5.88429E-1 6.23096E-1 6.96657E-1 5.9115E-1 5.56634E-1 5.22047E-1 4.89388E-1 5.63077E-1 5.32599E-1 5.76152E-1 6.24484E-1 6.87668E-1 7.21118E-1 7.34827E-1 7.01571E-1 7.27563E-1 5.46441E-1 5.29527E-1 5.4755E-1 7.04922E-1 7.21798E-1 6.42228E-1 5.55089E-1 5.04E-1 4.9347E-1 6.15678E-1 6.15623E-1 6.0876E-1 5.11836E-1 5.75983E-1 4.59368E-1 4.54356E-1 5.16238E-1 4.29834E-1 5.01814E-1 5.82748E-1 6.57418E-1 6.56299E-1 6.15993E-1 5.82279E-1 4.21454E-1 6.0635E-1 5.88268E-1 6.85914E-1 5.8479E-1 6.50138E-1 4.94825E-1 4.39657E-1 3.81097E-1
5.68696E-1 5.94924E-1 6.96717E-1 7.45199E-1 7.20172E-1 5.95055E-1 5.82573E-1 6.15997E-1 6.10307E-1 6.22496E-1 5.59726E-1 5.78505E-1 5.7747E-1 5.75736E-1 6.14817E-1 6.3148E-1 5.43722E-1 4.94934E-1 5.21301E-1 5.34326E-1 5.4745E-1 5.44368E-1 5.35381E-1 5.67045E-1 5.83815E-1 7.31835E-1 5.48862E-1 5.48026E-1 5.11018E-1 5.69653E-1 7.10909E-1 6.18749E-1 6.50766E-1 5.16131E-1 5.35307E-1 5.1437E-1 5.09101E-1 5.05018E-1 6.0142E-1 6.70502E-1 5.03956E-1 6.57622E-1 4.8596E-1 4.37487E-1 4.83907E-1 4.47956E-1 4.39297E-1 4.45003E-1 5.32133E-1 6.49327E-1 5.27187E-1 5.42143E-1 4.19596E-1 5.38765E-1 5.55776E-1 6.60838E-1 6.47941E-1 6.37494E-1 4.78418E-1 3.8791E-1 3.54054E-1
5.94982E-1 5.9447E-1 6.06033E-1 6.72636E-1 6.08094E-1 6.35449E-1 6.27961E-1 6.35583E-1 6.42244E-1 6.2577E-1 5.9376E-1 5.81621E-1 5.56118E-1 5.68178E-1 5.80434E-1 5.8916E-1 5.08598E-1 4.74559E-1 5.10203E-1 5.50713E-1 5.85301E-1 6.77726E-1 5.3487E-1 5.52062E-1 5.83766E-1 7.36449E-1 5.57745E-1 4.9485E-1 5.08423E-1 6.32423E-1 6.19232E-1 5.30365E-1 6.06068E-1 6.07708E-1 5.90118E-1 5.22509E-1 5.07196E-1 5.00656E-1 4.89449E-1 5.36509E-1 5.03207E-1 5.45514E-1 5.49391E-1 4.58475E-1 4.98969E-1 5.23482E-1 4.47661E-1 4.27274E-1 5.16587E-1 5.91868E-1 5.27082E-1 4.35724E-1 5.05975E-1 4.28405E-1 4.74376E-1 6.05439E-1 5.38111E-1 4.75458E-1 3.92049E-1 4.06579E-1 4.66144E-1
6.96748E-1 6.18408E-1 6.17585E-1 6.30261E-1 6.12716E-1 7.14979E-1 6.59271E-1 6.46995E-1 6.92738E-1 6.87892E-1 6.83318E-1 6.30368E-1 6.95668E-1 5.95611E-1 6.01784E-1 6.08361E-1 5.6812E-1 5.26468E-1 5.09536E-1 5.15781E-1 5.23906E-1 5.50429E-1 5.48602E-1 5.86578E-1 6.67377E-1 6.81691E-1 5.64799E-1 5.55284E-1 5.59836E-1 5.3854E-1 5.5785E-1 5.04738E-1 5.19246E-1 5.66047E-1 5.54547E-1 5.66125E-1 5.21995E-1 5.08848E-1 5.31034E-1 4.99414E-1 5.26112E-1 5.23541E-1 6.11744E-1 5.63523E-1 4.84146E-1 4.564E-1 4.55717E-1 4.5726E-1 5.10043E-1 6.27895E-1 4.67147E-1 5.02701E-1 4.42823E-1 4.18241E-1 4.70228E-1 5.00028E-1 5.73942E-1 4.65859E-1 4.46357E-1 4.209E-1 4.46503E-1
7.27026E-1 6.10023E-1 6.39336E-1 6.10722E-1 5.96202E-1 6.63044E-1 6.59834E-1 7.1406E-1 6.72439E-1 6.84173E-1 6.71515E-1 6.56603E-1 6.71099E-1 7.09393E-1 5.95767E-1 6.38191E-1 6.17867E-1 5.70439E-1 5.46555E-1 6.477E-1 5.29579E-1 5.39925E-1 5.2752E-1 5.35034E-1 6.09164E-1 7.18514E-1 5.63341E-1 5.57073E-1 5.49299E-1 5.12206E-1 5.36045E-1 5.24795E-1 5.64136E-1 6.09738E-1 5.65433E-1 6.62419E-1 5.54429E-1 5.50581E-1 5.414E-1 5.17491E-1 4.99755E-1 6.06266E-1 7.56077E-1 6.44181E-1 5.35436E-1 4.79551E-1 4.50715E-1 4.67478E-1 4.52286E-1 4.58307E-1 4.61645E-1 4.66557E-1 4.18885E-1 4.2777E-1 4.52422E-1 5.02877E-1 4.97377E-1 5.48765E-1 5.11628E-1 4.8822E-1 4.37295E-1
6.28011E-1 6.43912E-1 6.20638E-1 6.16566E-1 6.10299E-1 5.94622E-1 5.94017E-1 6.57935E-1 6.8828E-1 6.20401E-1 6.89474E-1 6.64168E-1 7.66726E-1 6.62959E-1 5.90185E-1 7.41982E-1 6.51915E-1 5.90319E-1 5.80289E-1 5.71315E-1 5.40421E-1 5.6753E-1 6.45941E-1 6.50452E-1 6.84797E-1 7.31193E-1 6.69174E-1 5.53921E-1 5.50675E-1 5.1187E-1 5.57579E-1 5.32902E-1 5.69927E-1 5.66443E-1 6.08089E-1 7.21676E-1 5.56109E-1 5.47467E-1 6.40508E-1 5.58951E-1 5.52497E-1 5.04618E-1 6.23804E-1 6.39878E-1 5.48868E-1 5.58479E-1 5.39913E-1 5.30013E-1 4.48536E-1 4.38806E-1 4.8296E-1 4.24247E-1 4.3036E-1 4.28423E-1 4.61399E-1 4.62053E-1 4.44113E-1 4.80084E-1 4.44884E-1 4.4007E-1 4.80978E-1
6.74104E-1 6.26364E-1 6.14114E-1 6.01959E-1 6.201E-1 6.01875E-1 5.90222E-1 5.96661E-1 5.33027E-1 6.23548E-1 6.96835E-1 6.54091E-1 6.62082E-1 6.11465E-1 6.04197E-1 7.49571E-1 7.28516E-1 5.95082E-1 5.91923E-1 6.05095E-1 5.97851E-1 5.69145E-1 5.8921E-1 5.89575E-1 6.00461E-1 6.84634E-1 7.39052E-1 5.91702E-1 5.49014E-1 5.9938E-1 5.89395E-1 5.91038E-1 5.57774E-1 6.07372E-1 6.43159E-1 5.9964E-1 5.6009E-1 5.60672E-1 5.45185E-1 5.91595E-1 5.28854E-1 5.56312E-1 4.99944E-1 5.39873E-1 7.49908E-1 5.81677E-1 5.38956E-1 5.92298E-1 5.43827E-1 5.17578E-1 4.98885E-1 4.2552E-1 4.6697E-1 4.3437E-1 4.59159E-1 4.29176E-1 5.06185E-1 4.76257E-1 4.3971E-1 4.73844E-1 4.39397E-1
6.56094E-1 6.23061E-1 6.3029E-1 6.26514E-1 6.32375E-1 6.03587E-1 6.14088E-1 5.72966E-1 5.09751E-1 6.7705E-1 6.37436E-1 6.15642E-1 6.47701E-1 6.75656E-1 5.98379E-1 7.68613E-1 5.97626E-1 5.97235E-1 6.43041E-1 6.13279E-1 7.08376E-1 5.92035E-1 5.66244E-1 5.56409E-1 5.57083E-1 5.38912E-1 6.65117E-1 5.9467E-1 6.40073E-1 5.97497E-1 6.28585E-1 5.86854E-1 6.17168E-1 5.88674E-1 6.17152E-1 6.23176E-1 5.51929E-1 5.99589E-1 5.51761E-1 5.80131E-1 5.24676E-1 5.91579E-1 5.35945E-1 5.19284E-1 6.94935E-1 4.88303E-1 5.06218E-1 4.83846E-1 6.24441E-1 4.62558E-1 4.67637E-1 4.6738E-1 5.0164E-1 4.76727E-1 4.40726E-1 4.36968E-1 6.30548E-1 4.69324E-1 5.82568E-1 4.33123E-1 3.71248E-1
6.56883E-1 6.33635E-1 6.28578E-1 6.22992E-1 6.32295E-1 6.31064E-1 6.44347E-1 5.88843E-1 5.48162E-1 6.17584E-1 6.35118E-1 6.19478E-1 6.17926E-1 6.45723E-1 6.59352E-1 6.18811E-1 5.9289E-1 5.96228E-1 6.11101E-1 6.85049E-1 6.70405E-1 6.06975E-1 5.68311E-1 5.65242E-1 5.45893E-1 5.54974E-1 6.20354E-1 6.50404E-1 6.21287E-1 6.63395E-1 6.38604E-1 6.55593E-1 6.23963E-1 5.7989E-1 6.35118E-1 5.85433E-1 5.87908E-1 6.15521E-1 5.77783E-1 5.60767E-1 6.82018E-1 6.51536E-1 5.43955E-1 5.21462E-1 4.91324E-1 5.88035E-1 5.05744E-1 5.7201E-1 7.10694E-1 6.59877E-1 5.60135E-1 4.61177E-1 5.47835E-1 4.62384E-1 4.70729E-1 4.48755E-1 4.4604E-1 4.42494E-1 5.38402E-1 4.83567E-1 4.64763E-1
6.632E-1 6.28877E-1 6.35784E-1 6.05509E-1 5.74741E-1 6.14872E-1 5.98795E-1 5.99689E-1 5.91595E-1 6.15832E-1 6.19408E-1 6.22187E-1 6.24319E-1 5.9358E-1 7.24547E-1 6.79519E-1 6.07104E-1 6.00659E-1 6.17409E-1 6.25181E-1 6.03862E-1 6.20358E-1 6.09861E-1 5.74621E-1 5.90825E-1 5.89068E-1 6.63263E-1 6.20526E-1 6.17316E-1 7.59667E-1 6.53033E-1 6.20079E-1 6.15581E-1 6.55762E-1 6.14573E-1 6.18416E-1 5.99916E-1 6.15689E-1 5.52849E-1 5.94647E-1 5.86737E-1 5.92282E-1 5.83127E-1 5.6065E-1 5.12236E-1 5.84169E-1 5.32547E-1 5.22419E-1 5.92439E-1 5.93146E-1 5.25304E-1 7.22785E-1 7.01821E-1 4.84922E-1 5.49678E-1 4.53146E-1 4.48254E-1 4.89032E-1 4.48827E-1 4.31924E-1 3.89491E-1
6.66102E-1 6.37515E-1 6.22792E-1 6.05109E-1 5.80774E-1 5.63947E-1 6.00786E-1 6.0525E-1 5.61927E-1 6.2212E-1 6.21501E-1 6.22078E-1 6.51078E-1 6.21167E-1 6.10142E-1 6.15564E-1 5.9398E-1 6.66163E-1 6.30039E-1 6.94877E-1 6.24673E-1 5.96232E-1 6.09164E-1 6.71542E-1 6.2605E-1 6.03392E-1 7.11618E-1 6.00843E-1 6.10432E-1 6.22273E-1 6.08164E-1 6.17527E-1 6.03986E-1 6.19451E-1 6.28943E-1 6.41874E-1 5.79021E-1 5.67092E-1 5.49505E-1 5.50702E-1 5.49976E-1 7.87934E-1 6.56248E-1 5.48857E-1 5.43864E-1 5.16944E-1 4.94315E-1 4.89569E-1 5.76162E-1 5.08895E-1 5.15969E-1 5.33632E-1 5.18712E-1 4.86676E-1 5.51398E-1 4.5653E-1 4.35355E-1 4.59861E-1 5.06954E-1 4.13409E-1 4.06252E-1
6.88247E-1 6.56925E-1 6.23672E-1 6.02457E-1 5.98379E-1 6.18923E-1 6.07586E-1 6.21245E-1 6.14617E-1 6.28322E-1 6.09608E-1 6.39127E-1 6.87244E-1 6.67468E-1 6.26529E-1 5.8735E-1 6.0012E-1 6.13481E-1 6.51345E-1 6.46927E-1 6.30138E-1 6.16874E-1 6.13837E-1 6.20239E-1 6.33486E-1 6.21407E-1 5.92753E-1 6.17509E-1 6.25744E-1 5.97769E-1 6.12655E-1 6.05004E-1 6.05646E-1 6.20378E-1 6.26688E-1 6.31863E-1 5.92086E-1 5.76419E-1 6.48273E-1 5.6027E-1 5.65962E-1 5.5692E-1 5.48425E-1 5.62445E-1 5.48861E-1 5.45174E-1 5.07466E-1 4.99194E-1 5.14816E-1 5.49801E-1 6.11887E-1 6.23372E-1 5.35234E-1 5.0311E-1 4.6945E-1 5.45203E-1 4.80412E-1 4.43046E-1 4.35244E-1 4.88727E-1 4.1587E-1
