Candidate_Models_July82022/M_0.6_F_lqp_Set_1_cal/Bison.asc
ncols         290
nrows         380
xllcorner     -2197417.7431653
yllcorner     -584827.01486885
cellsize      10000.0
NODATA_value  -9999
[rows 270 to 296 of 380, columns 183 to 243 of 290]
5.188E-1 5.2819E-1 5.08359E-1 4.88418E-1 4.82473E-1 4.14838E-1 4.25466E-1 4.5085E-1 4.63594E-1 4.82576E-1 4.47011E-1 4.55458E-1 4.41998E-1 4.35992E-1 4.2703E-1 4.19435E-1 4.25511E-1 4.3157E-1 4.19851E-1 4.13018E-1 4.16866E-1 4.07742E-1 3.98844E-1 3.94554E-1 3.98217E-1 3.92495E-1 3.96012E-1 3.85597E-1 3.6935E-1 3.63476E-1 3.75836E-1 6.18808E-1 4.46356E-1 3.76313E-1 4.05877E-1 3.41869E-1 3.86001E-1 4.31487E-1 3.78642E-1 4.00267E-1 3.76921E-1 4.99161E-1 5.45488E-1 5.73058E-1 4.23062E-1 4.12923E-1 3.92215E-1 4.08813E-1 3.97744E-1 3.71909E-1 3.54824E-1 3.33829E-1 4.19227E-1 4.51749E-1 4.93996E-1 3.8142E-1 3.32469E-1 3.67903E-1 2.94182E-1 3.72959E-1 3.54763E-1
5.40271E-1 5.14885E-1 5.18791E-1 5.16788E-1 4.64298E-1 4.49644E-1 4.26989E-1 4.42077E-1 4.58271E-1 4.66478E-1 4.45009E-1 4.76207E-1 4.55154E-1 4.42134E-1 4.35848E-1 4.25085E-1 4.24139E-1 4.2298E-1 4.25327E-1 4.15445E-1 4.12473E-1 4.09495E-1 3.93126E-1 3.95615E-1 3.81085E-1 3.95713E-1 3.81917E-1 3.74106E-1 3.77978E-1 3.69384E-1 5.46955E-1 5.53233E-1 6.0015E-1 3.76069E-1 3.63956E-1 3.64695E-1 4.48816E-1 5.90214E-1 5.41897E-1 4.65749E-1 3.47036E-1 4.39854E-1 4.80682E-1 3.68226E-1 4.39869E-1 3.84661E-1 3.78761E-1 4.03519E-1 4.64002E-1 3.90593E-1 3.35861E-1 4.11321E-1 3.61628E-1 4.11634E-1 4.36247E-1 3.48808E-1 3.13206E-1 3.37849E-1 3.38384E-1 4.1541E-1 3.77727E-1
5.43554E-1 5.20741E-1 5.46854E-1 5.49881E-1 5.13933E-1 4.88305E-1 4.55589E-1 4.92811E-1 4.55833E-1 4.52195E-1 5.09951E-1 4.96852E-1 4.54197E-1 4.4147E-1 4.38298E-1 4.3652E-1 4.73931E-1 4.27117E-1 4.12273E-1 4.26226E-1 4.07158E-1 4.10253E-1 3.96266E-1 3.92402E-1 3.88713E-1 4.05166E-1 4.02169E-1 3.73642E-1 3.72535E-1 3.85001E-1 4.63105E-1 4.43406E-1 3.83115E-1 3.58144E-1 3.78925E-1 3.69393E-1 3.63177E-1 4.61844E-1 4.62277E-1 5.87246E-1 4.22282E-1 5.51318E-1 5.55016E-1 4.29858E-1 4.04049E-1 3.78083E-1 4.01127E-1 3.80168E-1 4.10962E-1 3.58032E-1 3.36932E-1 3.24275E-1 3.24896E-1 3.42278E-1 3.61178E-1 3.50675E-1 3.90383E-1 3.69149E-1 3.84842E-1 3.76479E-1 4.35206E-1
5.28929E-1 5.21249E-1 5.42891E-1 5.49444E-1 5.23274E-1 5.38879E-1 5.20506E-1 4.77547E-1 4.76984E-1 4.70912E-1 4.48326E-1 5.21152E-1 4.68983E-1 4.30888E-1 4.36067E-1 4.27559E-1 4.24577E-1 4.27664E-1 4.24948E-1 4.23535E-1 4.41524E-1 4.19526E-1 3.98573E-1 3.85804E-1 3.88316E-1 4.02422E-1 3.84552E-1 3.98306E-1 3.74444E-1 3.76809E-1 4.47584E-1 4.53603E-1 3.59911E-1 4.09408E-1 3.88751E-1 4.32963E-1 4.1882E-1 3.6105E-1 3.73983E-1 5.541E-1 4.98169E-1 3.58878E-1 4.16731E-1 4.37243E-1 5.76937E-1 5.60034E-1 4.17605E-1 4.03411E-1 4.6442E-1 3.86996E-1 3.35146E-1 3.28165E-1 3.32594E-1 3.23704E-1 3.36914E-1 4.47405E-1 4.90603E-1 4.84481E-1 4.91141E-1 5.37812E-1 4.49627E-1
6.25539E-1 6.8662E-1 5.86267E-1 5.54851E-1 5.30051E-1 5.53166E-1 5.16683E-1 4.99272E-1 4.78776E-1 4.70262E-1 4.78997E-1 4.4726E-1 5.039E-1 5.2991E-1 4.38607E-1 4.31468E-1 4.28954E-1 4.25958E-1 4.29784E-1 4.29759E-1 4.77911E-1 4.46177E-1 4.13974E-1 3.79139E-1 3.8097E-1 3.92931E-1 3.8128E-1 3.94626E-1 3.77254E-1 4.21449E-1 4.18754E-1 3.98652E-1 3.8796E-1 6.28878E-1 5.82442E-1 5.31019E-1 5.17229E-1 4.33471E-1 4.32047E-1 4.04981E-1 5.46566E-1 5.66937E-1 5.94963E-1 5.05075E-1 4.99618E-1 5.05585E-1 5.08743E-1 4.34419E-1 3.74249E-1 4.56226E-1 3.72813E-1 3.67592E-1 3.62729E-1 3.14399E-1 3.42043E-1 3.62173E-1 5.41545E-1 4.89606E-1 4.80681E-1 5.58352E-1 5.85727E-1
5.38373E-1 5.1066E-1 5.36321E-1 6.02075E-1 5.56607E-1 4.9677E-1 5.11969E-1 5.04692E-1 4.98814E-1 4.6995E-1 4.45001E-1 4.51077E-1 4.38005E-1 4.44105E-1 5.62745E-1 4.92685E-1 4.63579E-1 4.20768E-1 4.28854E-1 4.26539E-1 4.38716E-1 4.48784E-1 4.03535E-1 3.90224E-1 3.81053E-1 3.81918E-1 3.80378E-1 3.7778E-1 3.75024E-1 4.347E-1 4.10826E-1 4.992E-1 4.01946E-1 3.95668E-1 3.99187E-1 4.52676E-1 3.78268E-1 3.64586E-1 3.98142E-1 4.26876E-1 3.81799E-1 4.79525E-1 4.26122E-1 4.69616E-1 4.00096E-1 3.81542E-1 4.80742E-1 5.35181E-1 4.02068E-1 3.70708E-1 3.48313E-1 4.22091E-1 4.03733E-1 3.22484E-1 3.38126E-1 3.31943E-1 4.21396E-1 3.94701E-1 4.18502E-1 3.74117E-1 4.52385E-1
5.32972E-1 5.28763E-1 5.07722E-1 4.9275E-1 4.89728E-1 4.95708E-1 4.79616E-1 4.90161E-1 4.87365E-1 4.8957E-1 4.70394E-1 4.47592E-1 4.47451E-1 4.38033E-1 4.92936E-1 4.42557E-1 4.67451E-1 4.38058E-1 4.4374E-1 4.34366E-1 4.45581E-1 4.30946E-1 4.00822E-1 4.02336E-1 3.93644E-1 3.77653E-1 3.76317E-1 3.80069E-1 3.84747E-1 4.56621E-1 4.1414E-1 4.47058E-1 4.50374E-1 6.34362E-1 6.41778E-1 5.5057E-1 6.02582E-1 6.00561E-1 4.45601E-1 3.79235E-1 3.77803E-1 3.8024E-1 3.7958E-1 3.84948E-1 4.10825E-1 4.26648E-1 4.46488E-1 5.31887E-1 4.91468E-1 5.03405E-1 3.76608E-1 3.50316E-1 3.24616E-1 3.10145E-1 3.27078E-1 3.33791E-1 3.23306E-1 4.07398E-1 4.13275E-1 4.43276E-1 4.36163E-1
5.10021E-1 5.37452E-1 5.27038E-1 5.16938E-1 5.22058E-1 4.85377E-1 5.10849E-1 5.26478E-1 5.01001E-1 4.98192E-1 4.86788E-1 4.79147E-1 4.76087E-1 4.61501E-1 4.8276E-1 4.60626E-1 4.49786E-1 4.50469E-1 4.48088E-1 4.48246E-1 4.72334E-1 4.82777E-1 4.1878E-1 4.14893E-1 4.00643E-1 4.042E-1 3.89147E-1 3.80301E-1 3.8112E-1 4.71287E-1 3.78267E-1 3.84133E-1 5.77156E-1 5.69897E-1 5.13623E-1 5.93473E-1 6.28015E-1 5.33572E-1 6.41728E-1 3.77825E-1 3.72682E-1 4.12851E-1 3.90328E-1 3.78546E-1 3.91614E-1 4.18723E-1 3.73571E-1 3.78175E-1 3.75616E-1 4.70162E-1 5.62113E-1 3.96277E-1 3.56042E-1 3.3816E-1 3.24605E-1 3.14466E-1 3.52428E-1 3.2744E-1 3.27016E-1 3.91621E-1 5.81317E-1
5.24556E-1 5.04385E-1 5.10098E-1 5.15407E-1 5.35042E-1 5.16396E-1 5.40985E-1 5.34815E-1 5.12089E-1 5.31945E-1 5.208E-1 5.06517E-1 4.79688E-1 4.80181E-1 4.81382E-1 4.67297E-1 4.51002E-1 5.56837E-1 4.54563E-1 4.55167E-1 4.5298E-1 5.20687E-1 4.30712E-1 4.35594E-1 4.26846E-1 4.18996E-1 4.08584E-1 3.88673E-1 3.97214E-1 4.88555E-1 3.91112E-1 3.79384E-1 3.91834E-1 6.73106E-1 6.34735E-1 5.73886E-1 5.21589E-1 4.62651E-1 4.89014E-1 4.16392E-1 3.92422E-1 3.86292E-1 4.73362E-1 3.76161E-1 3.70399E-1 3.72387E-1 3.87306E-1 3.74644E-1 3.71436E-1 3.71E-1 4.29291E-1 4.93165E-1 4.74937E-1 3.50347E-1 3.21504E-1 3.16078E-1 3.15763E-1 3.49813E-1 3.32244E-1 3.48349E-1 3.58858E-1
5.49283E-1 5.46079E-1 5.35747E-1 4.98218E-1 5.06361E-1 5.30506E-1 5.16132E-1 5.23652E-1 5.12417E-1 5.18798E-1 5.21987E-1 5.02668E-1 5.01924E-1 5.44727E-1 5.65256E-1 5.17714E-1 5.08125E-1 4.90061E-1 4.50599E-1 4.70494E-1 4.62932E-1 5.25122E-1 4.47021E-1 4.16201E-1 4.31218E-1 4.29799E-1 4.06186E-1 4.03553E-1 4.02815E-1 3.99958E-1 4.87437E-1 3.82383E-1 3.94952E-1 4.04699E-1 4.0052E-1 4.54765E-1 4.19322E-1 5.29538E-1 4.74943E-1 4.04745E-1 3.88344E-1 3.877E-1 4.35204E-1 3.82088E-1 3.7664E-1 3.75733E-1 3.68977E-1 3.94472E-1 3.90183E-1 3.73838E-1 3.57557E-1 4.47394E-1 4.76699E-1 3.55928E-1 3.18749E-1 3.07289E-1 3.01877E-1 3.52952E-1 3.48779E-1 3.68926E-1 3.04711E-1
5.53972E-1 5.2745E-1 5.37695E-1 5.27199E-1 5.37158E-1 5.16031E-1 5.33797E-1 5.85181E-1 5.17645E-1 5.10592E-1 5.26121E-1 5.19162E-1 5.26273E-1 5.61089E-1 5.20698E-1 5.06503E-1 5.10219E-1 5.17803E-1 5.2014E-1 4.57657E-1 4.5759E-1 5.15815E-1 4.46453E-1 5.01443E-1 5.1051E-1 4.25597E-1 4.1459E-1 4.08617E-1 4.57727E-1 4.00769E-1 4.96113E-1 4.04946E-1 3.95244E-1 4.09554E-1 4.30586E-1 4.05287E-1 4.2949E-1 4.41303E-1 4.30531E-1 4.00082E-1 3.99676E-1 3.93258E-1 3.88113E-1 4.10343E-1 3.72158E-1 3.89704E-1 4.69407E-1 3.77155E-1 3.73537E-1 3.71896E-1 3.62991E-1 4.75052E-1 3.43306E-1 3.26657E-1 3.18815E-1 3.10579E-1 3.06678E-1 3.07684E-1 3.06174E-1 3.71263E-1 2.99828E-1
5.48736E-1 5.34077E-1 5.11541E-1 5.07135E-1 5.41141E-1 5.59579E-1 5.20562E-1 5.02626E-1 5.20172E-1 5.14735E-1 5.30534E-1 5.16551E-1 5.24134E-1 5.28663E-1 5.28746E-1 4.87362E-1 5.24143E-1 5.44379E-1 5.20621E-1 4.7615E-1 4.83435E-1 4.70613E-1 4.39549E-1 4.39859E-1 5.76771E-1 4.25791E-1 4.17213E-1 4.10493E-1 4.28774E-1 4.04324E-1 4.18186E-1 6.42964E-1 5.18619E-1 4.03066E-1 4.87142E-1 4.50446E-1 4.4473E-1 4.38495E-1 6.01569E-1 4.25632E-1 3.93917E-1 4.03619E-1 4.15667E-1 4.31766E-1 3.90143E-1 3.92361E-1 4.31966E-1 4.11409E-1 3.75618E-1 3.64618E-1 3.53567E-1 4.09619E-1 3.4451E-1 3.24054E-1 3.17541E-1 3.17932E-1 3.18611E-1 3.38739E-1 3.06001E-1 3.68887E-1 3.04968E-1
4.97057E-1 5.3531E-1 5.42144E-1 6.45983E-1 7.25662E-1 5.07477E-1 5.05769E-1 5.14429E-1 5.19079E-1 4.84463E-1 5.16765E-1 5.14997E-1 5.04562E-1 5.12209E-1 5.14638E-1 4.95534E-1 4.76663E-1 5.26266E-1 5.36463E-1 4.67423E-1 4.61954E-1 4.56717E-1 3.8793E-1 4.31776E-1 4.53008E-1 5.6855E-1 4.16543E-1 4.06698E-1 4.02839E-1 4.05927E-1 4.08305E-1 4.0527E-1 5.5192E-1 6.07551E-1 4.58608E-1 4.73118E-1 4.10029E-1 5.19243E-1 5.10521E-1 4.97241E-1 4.06201E-1 4.02627E-1 5.2153E-1 4.21936E-1 4.02435E-1 4.24533E-1 3.78233E-1 4.05612E-1 3.83572E-1 3.72276E-1 3.65367E-1 3.54435E-1 3.48988E-1 3.30974E-1 3.1814E-1 3.19589E-1 3.41655E-1 3.46968E-1 3.25163E-1 3.12295E-1 3.02983E-1
5.3013E-1 5.19556E-1 5.39175E-1 5.14658E-1 5.20269E-1 5.08223E-1 5.15839E-1 5.22609E-1 5.08146E-1 4.79602E-1 4.80056E-1 4.96487E-1 5.16392E-1 5.06094E-1 5.15688E-1 4.8558E-1 4.77986E-1 5.48872E-1 5.75152E-1 4.75644E-1 5.09414E-1 4.59121E-1 4.52747E-1 4.33069E-1 4.2983E-1 4.99856E-1 4.57119E-1 4.09388E-1 4.02677E-1 4.10758E-1 4.24684E-1 4.18494E-1 4.04688E-1 5.6954E-1 5.46181E-1 5.73948E-1 4.47388E-1 5.22719E-1 4.9091E-1 4.5586E-1 5.07496E-1 4.40015E-1 4.28417E-1 4.31625E-1 4.07718E-1 3.91543E-1 4.00489E-1 3.99586E-1 3.76957E-1 3.76764E-1 3.78664E-1 3.74328E-1 3.46485E-1 3.23669E-1 3.12421E-1 3.42839E-1 3.24405E-1 4.25396E-1 3.31726E-1 3.07332E-1 3.00592E-1
5.14793E-1 5.53826E-1 5.00162E-1 5.06562E-1 5.13805E-1 5.01225E-1 5.15646E-1 5.13287E-1 5.00655E-1 4.73749E-1 4.72671E-1 4.87526E-1 5.15336E-1 4.9371E-1 5.13255E-1 5.07349E-1 4.70477E-1 4.89139E-1 4.91404E-1 5.10631E-1 4.80719E-1 4.64124E-1 4.57943E-1 4.3211E-1 4.27543E-1 4.0867E-1 4.16322E-1 3.96701E-1 4.00576E-1 4.02882E-1 4.85269E-1 4.79478E-1 4.1995E-1 5.44593E-1 4.6904E-1 4.78345E-1 4.67763E-1 5.06853E-1 5.21965E-1 4.78416E-1 4.0461E-1 4.26488E-1 5.76865E-1 6.10021E-1 4.50266E-1 3.92422E-1 3.78503E-1 3.96417E-1 4.03089E-1 4.91638E-1 3.83029E-1 3.62636E-1 3.25446E-1 3.08095E-1 3.11731E-1 3.15639E-1 3.11214E-1 3.56085E-1 3.62535E-1 3.21363E-1 3.09723E-1
5.38658E-1 5.17455E-1 5.44905E-1 5.23891E-1 5.09154E-1 4.99276E-1 5.04865E-1 4.94516E-1 4.80181E-1 5.11051E-1 4.55777E-1 5.04835E-1 5.09289E-1 4.89993E-1 4.79853E-1 4.82259E-1 4.94798E-1 4.98874E-1 4.72874E-1 4.82655E-1 4.72643E-1 4.60936E-1 4.7518E-1 4.49301E-1 4.31048E-1 4.13461E-1 4.90248E-1 5.14502E-1 4.07871E-1 4.02193E-1 4.09058E-1 4.11902E-1 4.55772E-1 4.30833E-1 4.43558E-1 4.55604E-1 4.3808E-1 4.37908E-1 4.96383E-1 5.55386E-1 4.59367E-1 4.80691E-1 5.65107E-1 5.7618E-1 6.26693E-1 6.06818E-1 4.49141E-1 4.31627E-1 4.30874E-1 4.91626E-1 5.11823E-1 3.59511E-1 3.36749E-1 3.19636E-1 3.12883E-1 3.12516E-1 3.48908E-1 3.21626E-1 3.29054E-1 2.93335E-1 3.11442E-1
5.25143E-1 5.30261E-1 5.16805E-1 5.19398E-1 5.12003E-1 5.0047E-1 4.90854E-1 4.93823E-1 5.32721E-1 6.47239E-1 5.33805E-1 4.9487E-1 6.53439E-1 6.81738E-1 6.85509E-1 7.00311E-1 6.64073E-1 5.00947E-1 4.64005E-1 4.88575E-1 4.71739E-1 4.74273E-1 4.43596E-1 4.39141E-1 4.40613E-1 4.24619E-1 4.09892E-1 3.9455E-1 4.20933E-1 4.05759E-1 4.05992E-1 4.14208E-1 4.27049E-1 4.41432E-1 5.31172E-1 5.24871E-1 4.68978E-1 5.00633E-1 5.24576E-1 4.35721E-1 4.34698E-1 4.32247E-1 6.64118E-1 6.23327E-1 4.81717E-1 5.21652E-1 4.68314E-1 5.58065E-1 6.12032E-1 5.93119E-1 4.48605E-1 3.58251E-1 3.36521E-1 3.24691E-1 3.22574E-1 3.11845E-1 3.13719E-1 3.13627E-1 3.11806E-1 3.09045E-1 3.0119E-1
5.28383E-1 5.1724E-1 5.15661E-1 5.06505E-1 5.30898E-1 5.2153E-1 5.8192E-1 6.02878E-1 6.3997E-1 5.1726E-1 5.85746E-1 6.474E-1 5.95298E-1 4.67835E-1 4.92235E-1 4.95817E-1 6.74863E-1 6.8174E-1 4.80204E-1 4.79934E-1 4.57684E-1 4.66737E-1 4.50708E-1 4.55286E-1 4.2553E-1 4.36389E-1 4.21512E-1 4.05203E-1 3.9621E-1 4.07581E-1 4.18216E-1 4.24341E-1 4.44105E-1 4.66182E-1 5.59492E-1 5.12975E-1 5.38603E-1 5.01793E-1 4.45728E-1 4.33869E-1 4.93094E-1 4.38857E-1 6.49666E-1 5.5105E-1 6.24856E-1 6.37415E-1 4.78099E-1 4.62193E-1 5.02268E-1 4.66079E-1 5.1214E-1 4.25879E-1 3.41369E-1 3.24473E-1 3.17079E-1 3.12722E-1 3.20108E-1 3.0695E-1 3.06376E-1 3.05733E-1 3.02975E-1
5.18941E-1 5.24817E-1 5.06723E-1 5.09675E-1 5.05946E-1 4.94582E-1 4.95578E-1 5.98347E-1 5.02738E-1 4.82816E-1 4.88843E-1 4.99707E-1 4.78007E-1 4.94036E-1 4.98193E-1 4.79606E-1 5.26789E-1 6.61531E-1 6.14139E-1 5.00463E-1 4.54784E-1 4.53336E-1 4.52347E-1 4.52176E-1 4.38815E-1 4.82933E-1 4.36299E-1 4.40339E-1 4.09809E-1 4.05033E-1 4.08527E-1 4.6768E-1 4.31778E-1 4.33367E-1 4.7184E-1 5.22182E-1 5.70937E-1 4.64601E-1 4.20607E-1 4.27809E-1 4.19335E-1 4.68697E-1 4.68061E-1 6.35287E-1 6.69197E-1 6.39639E-1 6.41203E-1 5.23101E-1 4.47511E-1 4.06676E-1 4.41083E-1 4.33236E-1 3.439E-1 3.2218E-1 3.22706E-1 3.03733E-1 3.7541E-1 3.69082E-1 5.57068E-1 3.55065E-1 2.98674E-1
5.28334E-1 5.38903E-1 5.35276E-1 5.28041E-1 5.17105E-1 4.88319E-1 5.41153E-1 4.9725E-1 4.93398E-1 4.8312E-1 4.98021E-1 5.05776E-1 4.72068E-1 5.06361E-1 5.02211E-1 4.8991E-1 6.43133E-1 5.04541E-1 6.54662E-1 6.86924E-1 4.73764E-1 4.60247E-1 4.54531E-1 4.6187E-1 4.47223E-1 4.88204E-1 4.60171E-1 4.72568E-1 4.64383E-1 4.4505E-1 4.12827E-1 4.43198E-1 4.54225E-1 4.88303E-1 4.30875E-1 5.01647E-1 4.79711E-1 4.5767E-1 4.25913E-1 4.17801E-1 3.98613E-1 4.11095E-1 4.05386E-1 4.13301E-1 4.16799E-1 5.26047E-1 5.33402E-1 4.36378E-1 6.39814E-1 4.27344E-1 4.96409E-1 4.62185E-1 3.77238E-1 3.30109E-1 3.32172E-1 3.14551E-1 3.06017E-1 3.20431E-1 4.18368E-1 3.07827E-1 3.0582E-1
5.2845E-1 5.39342E-1 5.25334E-1 5.28953E-1 5.03053E-1 5.5605E-1 5.25196E-1 4.98717E-1 4.8731E-1 4.90677E-1 5.00659E-1 4.8515E-1 4.98533E-1 5.02505E-1 5.11647E-1 4.96819E-1 5.27775E-1 6.75657E-1 6.80988E-1 6.48927E-1 4.5988E-1 4.49526E-1 4.49646E-1 4.58186E-1 4.68558E-1 4.4338E-1 4.93281E-1 4.39311E-1 4.60532E-1 4.54172E-1 4.40204E-1 4.56871E-1 4.85386E-1 4.58373E-1 5.52624E-1 4.73459E-1 4.47188E-1 4.8157E-1 4.28542E-1 4.16662E-1 4.34789E-1 4.52578E-1 3.94224E-1 4.2558E-1 4.17833E-1 5.14925E-1 4.21331E-1 4.45352E-1 3.81091E-1 3.5731E-1 4.19321E-1 4.03901E-1 3.57665E-1 3.39844E-1 3.26661E-1 3.13388E-1 3.13248E-1 3.30733E-1 2.98728E-1 3.00021E-1 3.05251E-1
5.20674E-1 5.0543E-1 5.12989E-1 5.10156E-1 4.95049E-1 5.48995E-1 4.86689E-1 4.97295E-1 4.96699E-1 4.97318E-1 4.83132E-1 4.7624E-1 4.93407E-1 4.9469E-1 5.61444E-1 5.16273E-1 5.05031E-1 4.85164E-1 5.00267E-1 6.85043E-1 5.46305E-1 4.44335E-1 4.48901E-1 4.5212E-1 4.43375E-1 4.62429E-1 4.86047E-1 4.60329E-1 4.83335E-1 4.23013E-1 4.56527E-1 5.60088E-1 4.87672E-1 4.53726E-1 5.13304E-1 5.03593E-1 4.5433E-1 4.38699E-1 4.31611E-1 4.219E-1 4.21841E-1 4.21863E-1 4.28328E-1 4.06669E-1 4.29742E-1 4.21492E-1 5.60578E-1 4.21166E-1 3.95029E-1 3.66588E-1 3.57484E-1 3.82201E-1 3.62212E-1 3.40137E-1 3.25742E-1 3.21791E-1 3.08598E-1 3.07814E-1 3.01365E-1 2.98628E-1 2.9836E-1
5.47695E-1 5.08454E-1 5.11279E-1 4.99328E-1 5.95898E-1 4.98116E-1 4.80461E-1 4.84734E-1 4.98236E-1 5.00673E-1 5.24612E-1 5.76471E-1 5.54554E-1 5.27372E-1 5.10858E-1 4.9264E-1 5.37179E-1 4.49157E-1 6.40348E-1 6.79687E-1 6.90749E-1 5.82836E-1 4.56074E-1 4.52662E-1 5.82859E-1 6.46715E-1 6.68346E-1 6.65187E-1 6.29077E-1 5.01088E-1 4.4844E-1 4.86291E-1 4.88966E-1 4.78014E-1 4.46408E-1 4.34321E-1 4.29946E-1 4.26931E-1 4.28324E-1 4.29676E-1 4.21616E-1 4.09996E-1 4.04229E-1 4.03028E-1 3.97974E-1 4.00921E-1 4.28623E-1 5.19891E-1 4.62132E-1 3.93972E-1 3.65826E-1 3.482E-1 3.46258E-1 3.33984E-1 3.46364E-1 3.23524E-1 3.02922E-1 3.0404E-1 3.12254E-1 3.00542E-1 3.09178E-1
5.29255E-1 5.07603E-1 4.82031E-1 4.96871E-1 6.03227E-1 4.96948E-1 5.00177E-1 4.88058E-1 5.16369E-1 5.82541E-1 5.72667E-1 5.59196E-1 5.53288E-1 4.80572E-1 5.73402E-1 4.8395E-1 4.64371E-1 4.83897E-1 5.72728E-1 5.72552E-1 5.12878E-1 6.96374E-1 5.90011E-1 6.55756E-1 6.81924E-1 6.92538E-1 7.06465E-1 4.7589E-1 5.24778E-1 5.06767E-1 5.58715E-1 4.58481E-1 4.66454E-1 4.64925E-1 4.74132E-1 4.96601E-1 4.67871E-1 4.37859E-1 4.35017E-1 4.33781E-1 4.15513E-1 4.1307E-1 4.05946E-1 4.03882E-1 4.04506E-1 4.04986E-1 4.2594E-1 4.59558E-1 4.26557E-1 5.21513E-1 3.74209E-1 3.52327E-1 3.57309E-1 3.43257E-1 3.26778E-1 3.14238E-1 3.20206E-1 3.08004E-1 3.1533E-1 3.04012E-1 3.06313E-1
5.29156E-1 4.92092E-1 5.02547E-1 5.76916E-1 5.09206E-1 4.88822E-1 4.82909E-1 5.05803E-1 5.35419E-1 5.54118E-1 5.07785E-1 5.27001E-1 5.09302E-1 5.03397E-1 5.66095E-1 4.82008E-1 4.73283E-1 4.8432E-1 4.83804E-1 4.65338E-1 4.64586E-1 4.60521E-1 4.96011E-1 4.71195E-1 4.83593E-1 5.08146E-1 4.77116E-1 4.74229E-1 4.92721E-1 4.45011E-1 4.39436E-1 4.44277E-1 4.39995E-1 4.73082E-1 4.92222E-1 5.31414E-1 5.21516E-1 5.44236E-1 4.62587E-1 4.36654E-1 4.27711E-1 4.16881E-1 4.14227E-1 4.04301E-1 4.09932E-1 3.78853E-1 4.12724E-1 3.8705E-1 3.78749E-1 4.8267E-1 4.16813E-1 3.48054E-1 3.68246E-1 3.46281E-1 3.40861E-1 3.26606E-1 3.1834E-1 3.21099E-1 3.55578E-1 3.16691E-1 3.10402E-1
4.98932E-1 5.20919E-1 5.36922E-1 4.72131E-1 4.92536E-1 4.8205E-1 4.86458E-1 4.89042E-1 4.9179E-1 5.32628E-1 4.97559E-1 5.0773E-1 5.06808E-1 4.98985E-1 4.78311E-1 4.73772E-1 5.0552E-1 4.66051E-1 4.68455E-1 4.60415E-1 4.53433E-1 4.65968E-1 4.67396E-1 4.50021E-1 4.74456E-1 4.51172E-1 5.47439E-1 4.77769E-1 4.70593E-1 4.47164E-1 4.82947E-1 5.00701E-1 4.52779E-1 4.57274E-1 5.27203E-1 4.89492E-1 6.10092E-1 5.37008E-1 5.47585E-1 5.33173E-1 4.47183E-1 4.33135E-1 4.11262E-1 4.29824E-1 4.2374E-1 4.32781E-1 4.12361E-1 3.95664E-1 3.80739E-1 3.79144E-1 3.71641E-1 3.6543E-1 3.64742E-1 3.52177E-1 3.6037E-1 3.37022E-1 3.32482E-1 3.2286E-1 3.19402E-1 3.12232E-1 3.25693E-1
4.67214E-1 4.81005E-1 5.04403E-1 4.97337E-1 4.90705E-1 4.96844E-1 4.90697E-1 4.71022E-1 4.96563E-1 5.06851E-1 5.55103E-1 4.87466E-1 5.12116E-1 4.98993E-1 4.82657E-1 4.63071E-1 4.68468E-1 4.76675E-1 4.69658E-1 4.7134E-1 4.69964E-1 4.5711E-1 4.61063E-1 4.4634E-1 4.51833E-1 4.55107E-1 5.01509E-1 5.29073E-1 5.23992E-1 5.37991E-1 4.38055E-1 4.66328E-1 4.51812E-1 5.36929E-1 5.23769E-1 4.7205E-1 5.4733E-1 5.37678E-1 5.87942E-1 5.51875E-1 5.13862E-1 4.85194E-1 5.69236E-1 4.0501E-1 4.06769E-1 4.47411E-1 3.8832E-1 4.04862E-1 4.14384E-1 3.86828E-1 3.67203E-1 4.01092E-1 4.10672E-1 3.46944E-1 3.46615E-1 3.40038E-1 3.38307E-1 3.36349E-1 3.29059E-1 3.18375E-1 3.17549E-1
