Candidate_Models_July82022/M_0.6_F_lqp_Set_1_cal/Bison.asc
ncols         290
nrows         380
xllcorner     -2197417.7431653
yllcorner     -584827.01486885
cellsize      10000.0
NODATA_value  -9999
[rows 162 to 188 of 380, columns 122 to 182 of 290]
4.01557E-1 4.07904E-1 3.93612E-1 3.69741E-1 3.3957E-1 2.65892E-1 2.9234E-1 2.30156E-1 2.58558E-1 2.31131E-1 2.28243E-1 2.27728E-1 2.18517E-1 2.11492E-1 2.07069E-1 1.96768E-1 2.10414E-1 1.94808E-1 1.91787E-1 1.93858E-1 1.93071E-1 1.95137E-1 1.93265E-1 1.76422E-1 1.81564E-1 1.79203E-1 1.61924E-1 1.39472E-1 1.67083E-1 1.92004E-1 1.8932E-1 1.79561E-1 1.61432E-1 1.61446E-1 1.50799E-1 1.06853E-1 1.07563E-1 1.10337E-1 1.09886E-1 1.19009E-1 1.73873E-1 1.98995E-1 2.03033E-1 1.31723E-1 1.0457E-1 1.17179E-1 1.50965E-1 1.6138E-1 2.02708E-1 1.73991E-1 1.88393E-1 1.72334E-1 1.28308E-1 1.45734E-1 1.40334E-1 1.22833E-1 6.04386E-2 9.70989E-2 8.54865E-2 9.74424E-2 7.79804E-2
2.26729E-1 2.82746E-1 3.59955E-1 2.99514E-1 3.58057E-1 3.11646E-1 3.20769E-1 2.42554E-1 2.94669E-1 2.17935E-1 2.23846E-1 2.58351E-1 2.20831E-1 2.07527E-1 1.97551E-1 1.93756E-1 2.27209E-1 2.22465E-1 2.24147E-1 2.13283E-1 1.97172E-1 1.61869E-1 1.70474E-1 1.60463E-1 1.9818E-1 1.53151E-1 1.12804E-1 1.27641E-1 1.4035E-1 1.53497E-1 1.48384E-1 1.8598E-1 1.65998E-1 1.68693E-1 1.69908E-1 1.09617E-1 1.10657E-1 1.17831E-1 1.88024E-1 1.97298E-1 2.16969E-1 2.2228E-1 2.46081E-1 1.99099E-1 1.76708E-1 1.7539E-1 1.84469E-1 1.74845E-1 1.47377E-1 1.75839E-1 2.05313E-1 1.55478E-1 1.24529E-1 1.47123E-1 1.59859E-1 1.13661E-1 1.19475E-1 1.15937E-1 1.00248E-1 7.17317E-2 5.46523E-2
2.56585E-1 3.81712E-1 2.69711E-1 2.75548E-1 3.90729E-1 3.01287E-1 2.43524E-1 2.44751E-1 2.46749E-1 2.30145E-1 2.22112E-1 2.22592E-1 2.36335E-1 2.12265E-1 2.20555E-1 2.06091E-1 2.17302E-1 2.16559E-1 1.99334E-1 1.66175E-1 1.77338E-1 1.59722E-1 1.87566E-1 1.96744E-1 1.94796E-1 1.17328E-1 1.17524E-1 1.22525E-1 1.24949E-1 1.5914E-1 1.44004E-1 1.72573E-1 1.62611E-1 1.18772E-1 1.14126E-1 1.2312E-1 1.23732E-1 1.87137E-1 2.21165E-1 2.17635E-1 2.11806E-1 2.50996E-1 2.42386E-1 1.54188E-1 1.65238E-1 1.67641E-1 1.62139E-1 1.49392E-1 1.39586E-1 1.11719E-1 1.15806E-1 1.37322E-1 1.26346E-1 1.24452E-1 1.4466E-1 7.95427E-2 1.0361E-1 1.02139E-1 9.50824E-2 9.37004E-2 9.31736E-2
3.31917E-1 3.66507E-1 3.10307E-1 3.78113E-1 3.28231E-1 2.83727E-1 2.81555E-1 2.81275E-1 2.42737E-1 2.56269E-1 2.64393E-1 2.55093E-1 2.62823E-1 2.3327E-1 2.08593E-1 2.19603E-1 2.14304E-1 1.85655E-1 1.95456E-1 1.98207E-1 1.61217E-1 1.9052E-1 2.05327E-1 1.58328E-1 1.71866E-1 1.61986E-1 1.43977E-1 1.28474E-1 1.44017E-1 1.66844E-1 1.438E-1 1.6235E-1 2.12271E-1 1.81246E-1 1.38328E-1 1.28729E-1 1.324E-1 2.16095E-1 2.37543E-1 2.00335E-1 1.79029E-1 1.69595E-1 1.93155E-1 1.82749E-1 1.68252E-1 1.56497E-1 1.51329E-1 1.47674E-1 1.24588E-1 1.03243E-1 1.31757E-1 1.24925E-1 1.08605E-1 1.09483E-1 1.3461E-1 1.03488E-1 1.08304E-1 9.18519E-2 8.86821E-2 8.97886E-2 8.86549E-2
4.08925E-1 3.06125E-1 3.82526E-1 2.79544E-1 2.57394E-1 2.75254E-1 2.61405E-1 2.7687E-1 2.58397E-1 2.39969E-1 2.33606E-1 2.49106E-1 2.4903E-1 2.30971E-1 2.36223E-1 2.39897E-1 2.30345E-1 2.26982E-1 2.11201E-1 2.10595E-1 2.09158E-1 2.10633E-1 2.16614E-1 2.44397E-1 2.10743E-1 2.08619E-1 1.34888E-1 1.30233E-1 1.64371E-1 2.01833E-1 2.33435E-1 2.1326E-1 2.03365E-1 2.37337E-1 2.02664E-1 2.22651E-1 2.11796E-1 2.46141E-1 2.45902E-1 1.88378E-1 1.96177E-1 1.93744E-1 1.72782E-1 1.57909E-1 1.6258E-1 1.82465E-1 1.72377E-1 1.71586E-1 1.69659E-1 1.73446E-1 1.36442E-1 1.42977E-1 1.22922E-1 1.55218E-1 1.45915E-1 1.13275E-1 1.08637E-1 9.71444E-2 9.21699E-2 1.14502E-1 1.23062E-1
2.55013E-1 2.42245E-1 2.11437E-1 2.28428E-1 2.49976E-1 2.42554E-1 2.43498E-1 3.04159E-1 2.4147E-1 2.3464E-1 2.60961E-1 2.38967E-1 2.64613E-1 2.38245E-1 2.26182E-1 2.44234E-1 2.33667E-1 2.3492E-1 2.09864E-1 1.92878E-1 2.12829E-1 2.21977E-1 2.41155E-1 2.28836E-1 2.13279E-1 2.34204E-1 1.73785E-1 1.32438E-1 1.8447E-1 2.36005E-1 2.27357E-1 2.28291E-1 2.16353E-1 1.96426E-1 2.53009E-1 2.49774E-1 2.38251E-1 3.09904E-1 2.5378E-1 2.06635E-1 1.63617E-1 1.96767E-1 2.33847E-1 1.47947E-1 1.69466E-1 1.59922E-1 1.73694E-1 2.04502E-1 1.78208E-1 1.95821E-1 1.34364E-1 1.70971E-1 1.45099E-1 1.53563E-1 1.08095E-1 1.28435E-1 1.02506E-1 6.89372E-2 5.17515E-2 7.5241E-2 1.0253E-1
2.21143E-1 2.06476E-1 2.10331E-1 2.89329E-1 2.02509E-1 2.39866E-1 2.72984E-1 2.48534E-1 2.4543E-1 2.38111E-1 2.58694E-1 2.40992E-1 2.4698E-1 2.41283E-1 2.3275E-1 2.41756E-1 2.39014E-1 2.2018E-1 2.01021E-1 1.98889E-1 1.9948E-1 1.92499E-1 2.06532E-1 1.96757E-1 2.0123E-1 2.35881E-1 2.34719E-1 1.79546E-1 1.90559E-1 2.454E-1 2.30213E-1 2.10136E-1 1.69032E-1 1.91383E-1 2.25849E-1 2.12539E-1 2.15454E-1 2.27568E-1 2.41802E-1 2.28827E-1 1.49308E-1 1.35881E-1 1.67987E-1 1.6313E-1 1.74505E-1 1.5821E-1 1.46584E-1 1.4416E-1 1.56477E-1 1.42689E-1 1.50894E-1 1.95273E-1 1.32054E-1 1.36146E-1 1.063E-1 1.36377E-1 1.13207E-1 1.03264E-1 6.10463E-2 6.27259E-2 5.54858E-2
2.33531E-1 2.25384E-1 2.03805E-1 3.02016E-1 2.51979E-1 2.35223E-1 2.82252E-1 2.8468E-1 2.51863E-1 2.48116E-1 2.43747E-1 2.68116E-1 2.32212E-1 2.35791E-1 2.32467E-1 2.14194E-1 2.2825E-1 1.91586E-1 1.88236E-1 1.83737E-1 1.78293E-1 1.69371E-1 1.83035E-1 1.86107E-1 1.80951E-1 2.00064E-1 2.38989E-1 2.42127E-1 2.64626E-1 2.57507E-1 2.08831E-1 2.98396E-1 2.43154E-1 2.28827E-1 2.0568E-1 1.95554E-1 2.53683E-1 3.04934E-1 2.25747E-1 1.70653E-1 1.80792E-1 1.4167E-1 1.7234E-1 1.71621E-1 1.6962E-1 1.57644E-1 1.54819E-1 1.44488E-1 1.39579E-1 1.59532E-1 1.22677E-1 1.27958E-1 1.2032E-1 9.11738E-2 9.26554E-2 7.1876E-2 7.69834E-2 1.07199E-1 9.47713E-2 6.00537E-2 5.19946E-2
2.46497E-1 2.39493E-1 2.42338E-1 2.54476E-1 2.3085E-1 2.57227E-1 2.64668E-1 2.69452E-1 2.73354E-1 2.61743E-1 2.36597E-1 2.38486E-1 2.31738E-1 2.24819E-1 2.31626E-1 2.0417E-1 2.10127E-1 1.88914E-1 1.71985E-1 1.92625E-1 1.80175E-1 1.8294E-1 2.25679E-1 2.04164E-1 2.05855E-1 2.1602E-1 1.96115E-1 2.43317E-1 2.35165E-1 2.25628E-1 2.06226E-1 3.09811E-1 2.98911E-1 2.52463E-1 1.92301E-1 1.77922E-1 2.55879E-1 1.80568E-1 1.94405E-1 1.81482E-1 1.82729E-1 1.63674E-1 1.53229E-1 1.72838E-1 1.72858E-1 1.44957E-1 1.8091E-1 1.52595E-1 1.37814E-1 1.62081E-1 1.50517E-1 1.37185E-1 1.28304E-1 9.86448E-2 9.58027E-2 9.06149E-2 9.94127E-2 9.99809E-2 7.66918E-2 5.89357E-2 5.42869E-2
2.58151E-1 2.45326E-1 1.74725E-1 1.71458E-1 2.20917E-1 2.54062E-1 2.81068E-1 2.46076E-1 2.53047E-1 2.14974E-1 2.07633E-1 2.08024E-1 2.10377E-1 2.30147E-1 2.16348E-1 2.13133E-1 2.11973E-1 1.88658E-1 1.5708E-1 1.70538E-1 2.05181E-1 1.69422E-1 2.23476E-1 2.41684E-1 2.18756E-1 2.13857E-1 2.00381E-1 2.81281E-1 2.45713E-1 2.49627E-1 2.34141E-1 2.64239E-1 3.28711E-1 2.83143E-1 1.87357E-1 1.92474E-1 2.84882E-1 2.0456E-1 2.00111E-1 2.01233E-1 1.85281E-1 1.78571E-1 1.95184E-1 1.70481E-1 1.79087E-1 1.44932E-1 1.81022E-1 1.42473E-1 1.45703E-1 1.36148E-1 1.78383E-1 1.37685E-1 1.60194E-1 1.15931E-1 1.27746E-1 1.18036E-1 9.99257E-2 7.66572E-2 6.55609E-2 7.09075E-2 5.65518E-2
2.539E-1 2.14649E-1 1.40873E-1 2.02928E-1 3.12167E-1 2.43411E-1 2.62677E-1 2.63745E-1 2.55074E-1 2.29317E-1 1.64555E-1 1.69301E-1 1.77246E-1 1.97239E-1 1.97345E-1 2.09661E-1 2.15999E-1 1.73004E-1 1.812E-1 2.45247E-1 2.37905E-1 2.17277E-1 1.84291E-1 2.03616E-1 2.27024E-1 2.41794E-1 2.24926E-1 2.2626E-1 2.29133E-1 2.72796E-1 2.5389E-1 3.04334E-1 3.44026E-1 2.13581E-1 2.11465E-1 1.9263E-1 1.91208E-1 1.75516E-1 1.82872E-1 1.93808E-1 1.72471E-1 2.14526E-1 1.7394E-1 1.83601E-1 1.96791E-1 1.64404E-1 1.59855E-1 1.53014E-1 1.46757E-1 1.72376E-1 1.72182E-1 1.42547E-1 1.8644E-1 1.63581E-1 1.47441E-1 1.50601E-1 1.0385E-1 7.57299E-2 7.11255E-2 1.01769E-1 1.11126E-1
2.5567E-1 2.44301E-1 1.67434E-1 1.66088E-1 2.21468E-1 2.47009E-1 2.88234E-1 2.3996E-1 2.31569E-1 1.92329E-1 1.70859E-1 1.41758E-1 1.38337E-1 1.55464E-1 1.66924E-1 2.16841E-1 1.97435E-1 2.05628E-1 2.42372E-1 2.11021E-1 1.96233E-1 1.86728E-1 1.82664E-1 2.14694E-1 1.78951E-1 1.99212E-1 1.52635E-1 2.19173E-1 2.50118E-1 2.29703E-1 2.56832E-1 2.43098E-1 2.39477E-1 2.30176E-1 2.12191E-1 2.26492E-1 2.89768E-1 2.45684E-1 1.76978E-1 1.70747E-1 1.59666E-1 2.39155E-1 1.73276E-1 2.35164E-1 2.59963E-1 1.60951E-1 1.41087E-1 1.4444E-1 1.55833E-1 1.50495E-1 2.12975E-1 2.06768E-1 2.00645E-1 1.61511E-1 1.20885E-1 1.20584E-1 9.95508E-2 8.81354E-2 1.16086E-1 1.01288E-1 8.28962E-2
2.425E-1 2.00955E-1 1.60085E-1 1.73948E-1 2.25399E-1 2.48667E-1 3.29618E-1 2.45503E-1 2.19411E-1 1.62625E-1 1.69505E-1 1.98654E-1 1.72687E-1 1.50051E-1 1.76144E-1 2.27923E-1 2.35784E-1 2.29474E-1 2.09572E-1 2.16593E-1 1.90101E-1 1.83858E-1 1.87619E-1 1.88739E-1 1.71758E-1 1.5441E-1 1.30253E-1 1.95681E-1 2.32748E-1 2.50539E-1 2.44636E-1 2.25824E-1 2.50291E-1 2.67362E-1 2.85207E-1 2.57935E-1 2.3089E-1 2.02838E-1 1.83417E-1 1.67788E-1 1.63489E-1 2.09876E-1 1.56245E-1 1.44585E-1 1.63047E-1 1.57217E-1 1.43864E-1 1.31848E-1 1.42978E-1 1.57546E-1 1.94517E-1 2.31477E-1 1.93475E-1 1.29491E-1 1.19159E-1 1.2237E-1 1.35713E-1 1.36507E-1 1.3436E-1 1.01043E-1 8.59349E-2
2.16659E-1 2.2612E-1 2.27198E-1 2.07088E-1 2.5694E-1 2.72655E-1 2.70972E-1 2.64369E-1 2.21143E-1 2.67312E-1 1.65976E-1 1.43602E-1 1.39593E-1 1.60694E-1 1.97942E-1 1.80117E-1 2.14384E-1 1.87293E-1 1.89334E-1 1.84519E-1 1.88253E-1 1.83635E-1 1.59772E-1 1.71632E-1 1.71227E-1 1.77923E-1 1.80294E-1 2.26222E-1 2.4115E-1 2.48945E-1 2.34424E-1 2.63383E-1 2.19548E-1 2.2944E-1 2.02447E-1 2.09626E-1 2.12689E-1 2.23331E-1 1.83691E-1 1.68828E-1 1.70669E-1 1.39519E-1 1.40178E-1 1.64919E-1 2.26981E-1 1.5978E-1 1.65645E-1 1.71732E-1 1.8482E-1 1.96724E-1 1.93177E-1 1.74345E-1 1.56554E-1 1.2911E-1 1.38434E-1 1.38336E-1 1.29305E-1 1.3842E-1 1.4465E-1 1.46946E-1 8.33534E-2
2.45549E-1 2.72583E-1 2.52618E-1 2.23937E-1 2.57472E-1 2.53526E-1 2.38936E-1 2.44757E-1 2.81158E-1 2.37672E-1 2.30015E-1 1.53623E-1 1.6472E-1 1.5185E-1 1.78023E-1 1.78577E-1 1.75406E-1 2.016E-1 1.84881E-1 1.84134E-1 1.75232E-1 1.63982E-1 1.51714E-1 1.95946E-1 1.83525E-1 1.9212E-1 1.97837E-1 2.39227E-1 2.50464E-1 2.55693E-1 2.48311E-1 2.21447E-1 2.63793E-1 2.14913E-1 1.88532E-1 1.87609E-1 2.31922E-1 1.77131E-1 1.88156E-1 1.75928E-1 1.74916E-1 1.52917E-1 1.84698E-1 1.9626E-1 1.74222E-1 1.79339E-1 2.69827E-1 1.83169E-1 2.5424E-1 2.4744E-1 1.82733E-1 1.73823E-1 1.36254E-1 1.50262E-1 1.31759E-1 1.39277E-1 1.24028E-1 1.43217E-1 1.14387E-1 1.01657E-1 1.45123E-1
2.64943E-1 3.28728E-1 2.794E-1 2.79786E-1 2.39955E-1 2.67006E-1 2.38129E-1 2.35376E-1 2.33127E-1 2.26197E-1 1.91989E-1 1.7766E-1 1.8411E-1 1.6682E-1 1.77461E-1 1.73427E-1 2.16502E-1 1.79743E-1 1.89325E-1 1.71366E-1 1.34799E-1 1.43165E-1 1.59011E-1 1.50091E-1 1.63519E-1 2.09546E-1 2.13696E-1 2.24873E-1 2.37853E-1 2.24423E-1 2.28935E-1 2.30284E-1 1.91828E-1 1.85855E-1 1.88065E-1 1.96955E-1 1.78761E-1 2.18866E-1 1.82968E-1 1.7927E-1 1.57199E-1 1.27206E-1 1.50126E-1 1.94307E-1 1.86337E-1 1.84311E-1 2.35568E-1 2.64574E-1 2.03826E-1 2.65098E-1 2.25222E-1 1.6668E-1 1.70815E-1 2.5246E-1 1.90314E-1 1.62151E-1 1.47204E-1 1.13494E-1 1.0328E-1 1.13607E-1 1.9824E-1
3.01733E-1 3.31554E-1 3.04297E-1 2.5734E-1 2.94876E-1 2.59509E-1 2.45081E-1 2.4144E-1 1.95385E-1 2.12481E-1 1.93953E-1 1.98683E-1 1.88602E-1 1.80643E-1 1.80882E-1 1.75291E-1 1.75336E-1 1.74255E-1 1.78505E-1 1.77637E-1 1.83108E-1 1.77113E-1 1.62566E-1 1.64181E-1 2.08975E-1 2.4826E-1 2.54218E-1 2.31898E-1 2.55542E-1 2.61282E-1 2.67635E-1 2.16806E-1 1.92092E-1 2.1646E-1 1.9054E-1 1.82703E-1 1.89857E-1 1.81471E-1 1.80179E-1 2.42817E-1 1.52048E-1 1.14535E-1 1.2462E-1 1.70295E-1 2.14517E-1 2.39127E-1 2.85845E-1 2.67012E-1 2.64843E-1 2.8033E-1 2.79756E-1 1.55411E-1 1.58807E-1 1.97602E-1 2.03451E-1 2.30382E-1 2.05847E-1 1.17635E-1 1.39897E-1 1.19623E-1 1.53179E-1
3.21849E-1 3.41344E-1 2.40388E-1 2.86684E-1 2.88342E-1 2.68819E-1 2.59852E-1 2.21501E-1 1.76294E-1 2.10989E-1 2.14008E-1 2.00833E-1 1.94013E-1 1.81663E-1 1.89148E-1 1.81552E-1 2.25901E-1 1.82339E-1 1.67924E-1 1.93947E-1 1.78731E-1 2.15321E-1 1.83261E-1 1.90421E-1 2.45807E-1 2.68249E-1 3.03916E-1 2.52624E-1 2.09757E-1 2.27647E-1 1.81625E-1 2.14673E-1 2.00339E-1 1.87804E-1 1.92598E-1 1.85473E-1 3.0809E-1 2.61904E-1 2.74309E-1 2.01227E-1 1.66087E-1 1.2725E-1 1.3699E-1 1.64331E-1 1.81375E-1 1.9527E-1 2.04725E-1 2.96836E-1 2.32845E-1 2.84823E-1 2.57617E-1 2.27576E-1 2.28764E-1 1.50878E-1 2.0294E-1 2.50075E-1 2.59546E-1 1.38019E-1 1.25975E-1 1.22981E-1 9.0939E-2
2.47678E-1 2.48025E-1 2.44431E-1 2.71611E-1 2.68218E-1 2.70465E-1 2.50998E-1 2.19251E-1 2.37096E-1 1.97723E-1 2.10826E-1 2.11398E-1 2.0643E-1 1.9358E-1 1.92381E-1 1.92709E-1 2.17716E-1 2.1821E-1 1.80157E-1 2.14675E-1 2.31924E-1 2.33904E-1 2.5205E-1 2.19098E-1 2.24747E-1 2.55637E-1 2.57328E-1 2.38263E-1 2.79031E-1 2.32566E-1 2.13666E-1 1.93267E-1 1.79007E-1 1.91373E-1 1.75201E-1 1.97584E-1 3.14084E-1 1.77151E-1 3.10325E-1 2.16061E-1 1.84579E-1 1.46069E-1 1.31852E-1 1.93761E-1 2.07803E-1 2.11687E-1 1.8594E-1 1.45616E-1 1.86058E-1 1.97986E-1 2.01005E-1 1.89715E-1 2.45022E-1 2.0481E-1 1.82184E-1 1.97373E-1 1.74905E-1 1.08785E-1 1.00222E-1 1.04399E-1 9.98423E-2
2.81811E-1 2.72386E-1 2.96083E-1 2.96916E-1 2.82591E-1 2.38656E-1 2.41943E-1 2.31619E-1 2.26312E-1 2.09094E-1 2.02757E-1 2.15616E-1 2.16236E-1 2.17747E-1 2.24427E-1 2.03383E-1 2.00196E-1 1.99713E-1 2.06664E-1 2.5678E-1 2.51933E-1 2.94799E-1 2.74908E-1 2.70328E-1 2.39907E-1 2.58203E-1 2.43025E-1 2.65183E-1 2.46232E-1 2.17996E-1 1.80869E-1 1.74338E-1 2.15607E-1 1.70884E-1 1.44212E-1 1.75625E-1 3.22295E-1 3.19236E-1 2.07702E-1 1.72901E-1 1.91406E-1 1.28362E-1 1.48012E-1 1.62957E-1 1.85276E-1 1.78001E-1 1.79967E-1 1.29073E-1 1.32448E-1 1.88465E-1 1.80041E-1 2.05552E-1 2.05328E-1 1.71658E-1 1.59864E-1 1.47805E-1 1.12902E-1 1.12888E-1 9.99714E-2 9.74354E-2 1.12903E-1
3.586E-1 3.49053E-1 2.75963E-1 3.08357E-1 2.61426E-1 2.34243E-1 2.19447E-1 2.28392E-1 1.98463E-1 2.20436E-1 1.94305E-1 2.13728E-1 2.14145E-1 2.23877E-1 2.37993E-1 2.29271E-1 2.21207E-1 2.16982E-1 2.33457E-1 2.5065E-1 2.25932E-1 2.77153E-1 2.44296E-1 2.38706E-1 3.42121E-1 2.61573E-1 2.23498E-1 2.02983E-1 2.40462E-1 2.21262E-1 1.99981E-1 1.94046E-1 1.68326E-1 1.81504E-1 1.97781E-1 2.19106E-1 1.88955E-1 1.91831E-1 1.64722E-1 1.35082E-1 2.16453E-1 1.29941E-1 1.29384E-1 1.54812E-1 2.14045E-1 1.91377E-1 1.87443E-1 1.49761E-1 1.47602E-1 1.62042E-1 1.77809E-1 1.5819E-1 1.67763E-1 1.84229E-1 1.47404E-1 1.13063E-1 1.27331E-1 1.22496E-1 1.03973E-1 1.24138E-1 1.32447E-1
3.05901E-1 3.0077E-1 2.94923E-1 3.15289E-1 2.64422E-1 2.39836E-1 2.28052E-1 1.96374E-1 1.80042E-1 1.95375E-1 2.05854E-1 2.02607E-1 2.08982E-1 2.27698E-1 2.98966E-1 3.00704E-1 2.33269E-1 2.98497E-1 2.64941E-1 2.63585E-1 2.80144E-1 3.31882E-1 3.42546E-1 2.84917E-1 2.55523E-1 2.53471E-1 2.5372E-1 2.51319E-1 2.15334E-1 2.34565E-1 2.1028E-1 1.87363E-1 1.9156E-1 1.98445E-1 2.75356E-1 2.22236E-1 2.03627E-1 1.8586E-1 1.94063E-1 1.34317E-1 1.26231E-1 1.33629E-1 1.33512E-1 2.14189E-1 2.1142E-1 2.12341E-1 2.17086E-1 2.90816E-1 1.95141E-1 1.82625E-1 1.6397E-1 1.3703E-1 1.81623E-1 1.77844E-1 1.8938E-1 1.5099E-1 1.63795E-1 1.79588E-1 1.28358E-1 1.36541E-1 1.30397E-1
3.36809E-1 3.18715E-1 2.82867E-1 3.15801E-1 2.88357E-1 2.22558E-1 2.34593E-1 2.13753E-1 1.71749E-1 1.85559E-1 2.00537E-1 2.1255E-1 2.43263E-1 2.61876E-1 3.01284E-1 3.22486E-1 2.80729E-1 2.91945E-1 2.60211E-1 2.43069E-1 2.56354E-1 2.44783E-1 2.58356E-1 2.45636E-1 2.30579E-1 2.28773E-1 2.44122E-1 2.44353E-1 2.81296E-1 2.28619E-1 2.10867E-1 2.16603E-1 2.17899E-1 2.2225E-1 2.91278E-1 2.27736E-1 2.10831E-1 1.98397E-1 1.80307E-1 1.83183E-1 1.45121E-1 1.45581E-1 1.50562E-1 2.15047E-1 2.27824E-1 2.33596E-1 2.22894E-1 2.25726E-1 2.20703E-1 2.02859E-1 1.89948E-1 1.62196E-1 1.87899E-1 3.01071E-1 2.92556E-1 2.07071E-1 1.4493E-1 1.23046E-1 1.26738E-1 1.61928E-1 1.55022E-1
3.01263E-1 3.19104E-1 2.79875E-1 2.60937E-1 2.71772E-1 2.4133E-1 2.37656E-1 2.22664E-1 2.05797E-1 1.96544E-1 2.08378E-1 2.40136E-1 2.32368E-1 2.74081E-1 2.87399E-1 3.57209E-1 3.32693E-1 2.68428E-1 2.57466E-1 2.39518E-1 2.57496E-1 2.45338E-1 2.70677E-1 2.42908E-1 3.18856E-1 2.50767E-1 3.16855E-1 2.7547E-1 2.31339E-1 2.36374E-1 1.96033E-1 2.27163E-1 2.47404E-1 2.38382E-1 2.1988E-1 2.17128E-1 2.19119E-1 1.90462E-1 2.07672E-1 1.89993E-1 1.43826E-1 1.38309E-1 1.42041E-1 1.77681E-1 1.89952E-1 1.93066E-1 1.94743E-1 1.59407E-1 1.87321E-1 1.92747E-1 1.96464E-1 1.80949E-1 1.81289E-1 2.04576E-1 1.90798E-1 1.83722E-1 1.27517E-1 1.22491E-1 1.20885E-1 1.2139E-1 1.26384E-1
2.94265E-1 2.76452E-1 3.07242E-1 2.8702E-1 2.9459E-1 2.34541E-1 2.05491E-1 2.20417E-1 2.19763E-1 2.15564E-1 2.17474E-1 2.28374E-1 2.38113E-1 3.09009E-1 2.53941E-1 3.25743E-1 2.67036E-1 2.85455E-1 2.53634E-1 2.99673E-1 2.59345E-1 2.77657E-1 2.46333E-1 2.37771E-1 2.38948E-1 2.30854E-1 2.91771E-1 2.6135E-1 2.33693E-1 2.84281E-1 2.34098E-1 2.25736E-1 1.66177E-1 2.29612E-1 2.48249E-1 2.63559E-1 2.44484E-1 1.60584E-1 2.05061E-1 1.87E-1 1.99851E-1 1.59403E-1 1.8735E-1 2.05604E-1 1.49237E-1 1.87189E-1 2.36948E-1 2.0302E-1 1.79929E-1 1.73724E-1 1.54161E-1 2.10985E-1 1.98862E-1 1.83643E-1 1.76031E-1 1.69027E-1 1.42106E-1 1.50467E-1 1.20714E-1 1.61425E-1 1.25019E-1
2.84881E-1 2.6814E-1 2.70589E-1 2.54981E-1 2.2269E-1 2.39404E-1 2.24903E-1 2.07727E-1 2.26013E-1 2.27116E-1 2.33277E-1 2.27992E-1 2.81088E-1 2.32914E-1 2.2448E-1 3.53607E-1 2.78713E-1 2.48736E-1 2.77501E-1 2.68014E-1 2.52085E-1 2.33799E-1 2.21467E-1 2.46919E-1 2.29803E-1 2.49284E-1 2.80359E-1 3.17938E-1 3.01605E-1 2.82937E-1 2.16822E-1 2.34494E-1 2.36904E-1 2.4626E-1 1.95895E-1 1.14602E-1 1.25368E-1 2.16339E-1 2.28798E-1 1.97385E-1 2.08269E-1 2.07426E-1 1.88002E-1 1.78199E-1 1.70944E-1 2.14359E-1 2.05492E-1 2.30763E-1 2.0049E-1 1.63533E-1 1.43616E-1 2.33791E-1 1.95688E-1 1.98469E-1 1.80002E-1 1.73585E-1 1.51954E-1 1.8111E-1 2.16134E-1 2.03505E-1 1.28733E-1
2.57352E-1 2.82957E-1 2.69993E-1 2.52831E-1 2.40294E-1 2.43476E-1 2.30153E-1 2.17957E-1 2.34687E-1 2.27618E-1 2.46929E-1 2.74598E-1 3.12911E-1 2.49678E-1 2.60976E-1 2.39553E-1 2.92797E-1 3.24815E-1 2.43901E-1 2.15442E-1 2.80079E-1 2.59964E-1 2.83266E-1 2.71204E-1 2.68019E-1 3.07352E-1 3.23049E-1 3.70652E-1 2.69441E-1 2.58759E-1 2.28547E-1 2.23235E-1 2.25187E-1 2.60068E-1 2.56114E-1 2.4022E-1 2.54893E-1 2.25599E-1 2.25442E-1 2.51422E-1 2.17524E-1 1.76375E-1 2.18307E-1 1.89438E-1 1.64276E-1 1.87808E-1 2.14779E-1 2.48381E-1 2.20545E-1 2.10087E-1 1.85201E-1 2.00673E-1 1.61961E-1 2.25302E-1 2.24028E-1 1.76051E-1 2.84266E-1 1.82953E-1 1.47075E-1 2.75702E-1 1.54434E-1
