Candidate_Models_July82022/M_0.6_F_lqp_Set_1_cal/Bison.asc
ncols         290
nrows         380
xllcorner     -2197417.7431653
yllcorner     -584827.01486885
cellsize      10000.0
NODATA_value  -9999
[rows 54 to 80 of 380, columns 0 to 60 of 290]
-9999 -9999 -9999 -9999 -9999 -9999 -9999 -9999 -9999 -9999 -9999 -9999 -9999 -9999 -9999 -9999 -9999 -9999 -9999 -9999 -9999 -9999 -9999 -9999 -9999 -9999 -9999 9.74065E-2 3.31247E-2 4.31119E-2 5.77586E-2 8.70166E-2 5.41818E-2 6.39242E-2 4.03551E-2 3.20122E-2 3.4554E-2 2.53925E-2 3.22102E-2 3.1352E-2 4.49699E-2 2.33738E-2 3.11002E-2 3.73787E-2 3.79953E-2 2.88115E-2 2.0384E-2 1.79731E-2 1.43114E-2 1.45286E-2 1.20595E-2 1.48127E-2 1.44711E-2 2.0075E-2 2.00846E-2 1.52349E-2 1.71762E-2 2.05539E-2 2.50051E-2 2.69629E-2 3.0166E-2
-9999 -9999 -9999 -9999 -9999 -9999 -9999 -9999 -9999 -9999 -9999 -9999 -9999 -9999 -9999 -9999 -9999 -9999 -9999 -9999 -9999 -9999 -9999 -9999 -9999 -9999 6.65047E-2 5.61552E-2 4.58826E-2 3.58909E-2 7.80753E-2 1.03414E-1 6.04121E-2 4.36783E-2 5.64563E-2 4.13325E-2 3.21273E-2 4.48317E-2 3.60887E-2 2.56606E-2 3.17833E-2 3.16227E-2 3.51752E-2 3.83285E-2 5.00719E-2 3.06783E-2 3.68328E-2 3.15152E-2 3.27233E-2 2.22692E-2 1.58663E-2 1.67522E-2 1.58141E-2 1.77409E-2 2.73541E-2 2.03468E-2 1.68893E-2 2.10711E-2 2.78786E-2 2.39613E-2 2.92747E-2
-9999 -9999 -9999 -9999 -9999 -9999 -9999 -9999 -9999 -9999 -9999 -9999 -9999 -9999 -9999 -9999 -9999 -9999 -9999 -9999 -9999 -9999 -9999 -9999 -9999 -9999 3.73261E-2 3.09614E-2 2.32189E-2 1.94014E-2 3.54329E-2 4.59899E-2 4.36282E-2 3.31635E-2 3.74213E-2 3.10573E-2 4.30229E-2 3.66042E-2 3.41576E-2 2.38038E-2 2.77696E-2 3.4079E-2 4.43462E-2 3.8074E-2 4.43423E-2 6.06808E-2 5.2403E-2 4.43426E-2 3.25534E-2 2.64645E-2 2.73171E-2 1.46606E-2 1.36758E-2 2.73019E-2 2.81895E-2 1.7095E-2 2.04008E-2 1.24349E-2 2.02515E-2 2.54599E-2 3.97206E-2
-9999 -9999 -9999 -9999 -9999 -9999 -9999 -9999 -9999 -9999 -9999 -9999 -9999 -9999 -9999 -9999 -9999 -9999 -9999 -9999 -9999 -9999 -9999 -9999 -9999 4.07344E-2 1.93124E-2 2.31407E-2 3.07503E-2 2.77528E-2 3.93479E-2 4.46857E-2 6.19253E-2 5.10895E-2 6.09714E-2 5.10523E-2 2.30717E-2 4.09496E-2 3.38606E-2 2.79096E-2 4.39187E-2 2.23641E-2 2.3706E-2 4.79418E-2 3.10932E-2 6.68541E-2 4.80146E-2 4.87399E-2 2.78235E-2 3.15231E-2 3.14885E-2 2.46367E-2 2.74456E-2 3.5193E-2 3.24272E-2 2.22793E-2 1.4322E-2 2.14198E-2 1.90465E-2 2.72088E-2 2.01504E-2
-9999 -9999 -9999 -9999 -9999 -9999 -9999 -9999 -9999 -9999 -9999 -9999 -9999 -9999 -9999 -9999 -9999 -9999 -9999 -9999 -9999 -9999 -9999 -9999 5.57108E-2 4.56389E-2 3.55704E-2 3.37014E-2 1.78051E-2 3.65917E-2 3.79377E-2 5.67917E-2 5.29631E-2 5.34245E-2 9.15852E-2 7.14212E-2 3.79688E-2 4.76972E-2 3.07526E-2 3.65526E-2 2.15611E-2 3.96487E-2 2.25267E-2 4.69283E-2 3.28486E-2 5.32526E-2 5.20396E-2 4.46838E-2 3.64725E-2 3.67757E-2 2.96951E-2 3.72294E-2 2.32954E-2 3.05577E-2 3.90113E-2 2.46908E-2 2.61455E-2 2.0911E-2 2.34782E-2 2.24321E-2 2.67777E-2
-9999 -9999 -9999 -9999 -9999 -9999 -9999 -9999 -9999 -9999 -9999 -9999 -9999 -9999 -9999 -9999 -9999 -9999 -9999 -9999 -9999 -9999 -9999 6.56935E-2 6.1153E-2 6.34036E-2 5.6436E-2 8.65618E-2 7.55032E-2 2.57929E-2 4.86034E-2 4.78585E-2 5.81753E-2 6.70815E-2 8.79022E-2 5.11627E-2 3.66054E-2 5.46031E-2 5.72286E-2 3.56147E-2 2.98364E-2 3.69703E-2 4.16533E-2 3.64201E-2 3.25872E-2 3.98612E-2 3.90242E-2 6.14037E-2 2.98167E-2 3.03061E-2 4.26844E-2 3.06323E-2 3.47751E-2 2.93343E-2 4.42967E-2 3.71753E-2 1.93977E-2 1.76165E-2 2.09537E-2 2.159E-2 2.17744E-2
-9999 -9999 -9999 -9999 -9999 -9999 -9999 -9999 -9999 -9999 -9999 -9999 -9999 -9999 -9999 -9999 -9999 -9999 -9999 -9999 -9999 -9999 -9999 9.04963E-2 5.96168E-2 6.52383E-2 6.43029E-2 6.83884E-2 1.96443E-2 5.06355E-2 6.90318E-2 6.26119E-2 3.94535E-2 2.45903E-2 3.92176E-2 4.27113E-2 4.71064E-2 7.68736E-2 5.51727E-2 4.76728E-2 4.14137E-2 1.83245E-2 1.97771E-2 3.93807E-2 2.67182E-2 2.37097E-2 5.44254E-2 6.60217E-2 4.32508E-2 2.93689E-2 3.02558E-2 4.79899E-2 4.49899E-2 3.05342E-2 2.7143E-2 3.54263E-2 1.94445E-2 1.42192E-2 3.01298E-2 2.81036E-2 2.43665E-2
-9999 -9999 -9999 -9999 -9999 -9999 -9999 -9999 -9999 -9999 -9999 -9999 -9999 -9999 -9999 -9999 -9999 -9999 -9999 -9999 -9999 -9999 8.53222E-2 4.88487E-2 4.4962E-2 6.43147E-2 9.20351E-2 5.26205E-2 4.60162E-2 9.0533E-2 9.64477E-2 4.52203E-2 4.28178E-2 3.94244E-2 5.01246E-2 5.77933E-2 5.51516E-2 4.58696E-2 6.00198E-2 6.3594E-2 5.47058E-2 3.73762E-2 3.86315E-2 2.43964E-2 5.95138E-2 3.95983E-2 3.27315E-2 4.33242E-2 4.62346E-2 3.39416E-2 4.87359E-2 3.25545E-2 3.62436E-2 6.26798E-2 2.92618E-2 2.88276E-2 4.03229E-2 2.15668E-2 2.76083E-2 3.4565E-2 2.56158E-2
-9999 -9999 -9999 -9999 -9999 -9999 -9999 -9999 -9999 -9999 -9999 -9999 -9999 -9999 -9999 -9999 -9999 -9999 -9999 -9999 -9999 9.95892E-2 5.80034E-2 1.27283E-1 5.47784E-2 5.69345E-2 8.21008E-2 6.9983E-2 5.96877E-2 7.91965E-2 1.03077E-1 5.83881E-2 6.01493E-2 7.08648E-2 7.59343E-2 5.52353E-2 5.83245E-2 6.60604E-2 5.59985E-2 8.23701E-2 1.1638E-1 4.60323E-2 4.22617E-2 4.09523E-2 5.93701E-2 3.60734E-2 1.8639E-2 4.04117E-2 4.63934E-2 3.08896E-2 3.89177E-2 4.32958E-2 4.60668E-2 3.3809E-2 3.49211E-2 2.21095E-2 4.18765E-2 2.4478E-2 2.99894E-2 2.47854E-2 4.18081E-2
-9999 -9999 -9999 -9999 -9999 -9999 -9999 -9999 -9999 -9999 -9999 -9999 -9999 -9999 -9999 -9999 -9999 -9999 -9999 -9999 -9999 8.51203E-2 7.28723E-2 1.0997E-1 1.10924E-1 8.23818E-2 9.20379E-2 4.06825E-2 6.47044E-2 8.7288E-2 1.01475E-1 7.93908E-2 9.4269E-2 7.75803E-2 7.66913E-2 5.64503E-2 5.08742E-2 5.57274E-2 6.88156E-2 7.05251E-2 1.04958E-1 7.21871E-2 4.65737E-2 6.57607E-2 6.13953E-2 2.77592E-2 2.36565E-2 2.50737E-2 4.43049E-2 6.98457E-2 4.53586E-2 5.11536E-2 3.78595E-2 4.13535E-2 6.44801E-2 7.68774E-2 4.61433E-2 4.14955E-2 4.24587E-2 4.15897E-2 3.41113E-2
-9999 -9999 -9999 -9999 -9999 -9999 -9999 -9999 -9999 -9999 -9999 -9999 -9999 -9999 -9999 -9999 -9999 -9999 -9999 -9999 1.47874E-1 1.65817E-1 1.28986E-1 8.32309E-2 7.96796E-2 8.92759E-2 7.62E-2 4.07684E-2 3.25002E-2 6.3041E-2 9.21797E-2 5.49593E-2 7.6924E-2 6.75351E-2 4.9173E-2 8.30759E-2 5.1296E-2 6.4341E-2 9.55564E-2 1.05145E-1 6.52359E-2 4.85549E-2 6.60876E-2 5.51408E-2 5.46038E-2 4.26528E-2 3.14126E-2 4.39976E-2 2.99457E-2 5.70731E-2 5.91623E-2 8.80816E-2 8.06889E-2 5.001E-2 8.4212E-2 6.25299E-2 6.42675E-2 3.13445E-2 5.08558E-2 2.02696E-2 4.73433E-2
-9999 -9999 -9999 -9999 -9999 -9999 -9999 -9999 -9999 -9999 -9999 -9999 -9999 -9999 -9999 -9999 -9999 -9999 -9999 1.08793E-1 1.18627E-1 1.73622E-1 1.81891E-1 5.88151E-2 7.79294E-2 1.29712E-1 6.9389E-2 5.63416E-2 5.87477E-2 6.25165E-2 5.25592E-2 5.06862E-2 5.75036E-2 8.71529E-2 9.36119E-2 9.56417E-2 6.98594E-2 7.91068E-2 1.02946E-1 9.20496E-2 4.24243E-2 5.36004E-2 3.73641E-2 4.92157E-2 5.30714E-2 4.03444E-2 4.33781E-2 5.18221E-2 4.67815E-2 5.30871E-2 4.27116E-2 7.6578E-2 6.56935E-2 5.18588E-2 8.23785E-2 4.51911E-2 5.5987E-2 6.34109E-2 2.73342E-2 3.82287E-2 2.63007E-2
-9999 -9999 -9999 -9999 -9999 -9999 -9999 -9999 -9999 -9999 -9999 -9999 -9999 -9999 -9999 -9999 -9999 -9999 9.18649E-2 1.12128E-1 1.7678E-1 1.35619E-1 9.57428E-2 8.0111E-2 3.38758E-2 7.05021E-2 7.67375E-2 5.35379E-2 4.1232E-2 7.67341E-2 6.57439E-2 5.03107E-2 7.5445E-2 9.55395E-2 1.17177E-1 8.4668E-2 6.00302E-2 7.22451E-2 4.90269E-2 6.19786E-2 3.63343E-2 4.488E-2 3.55235E-2 3.8069E-2 5.28941E-2 4.82485E-2 6.68204E-2 5.184E-2 7.08775E-2 6.73368E-2 7.66744E-2 6.22442E-2 4.51517E-2 6.8362E-2 4.98E-2 7.95196E-2 3.36261E-2 5.48759E-2 6.09505E-2 6.33144E-2 2.34211E-2
-9999 -9999 -9999 -9999 -9999 -9999 -9999 -9999 -9999 -9999 -9999 -9999 -9999 -9999 -9999 -9999 -9999 -9999 1.16763E-1 1.29908E-1 1.226E-1 8.76328E-2 7.76062E-2 8.09093E-2 5.74233E-2 5.57183E-2 4.27098E-2 7.655E-2 5.67799E-2 7.7291E-2 7.18283E-2 4.89413E-2 7.57391E-2 8.79152E-2 8.26177E-2 4.87445E-2 6.00749E-2 6.48411E-2 3.59554E-2 5.21792E-2 4.05915E-2 5.56307E-2 5.06316E-2 4.3586E-2 3.90611E-2 7.86126E-2 4.21316E-2 7.16982E-2 5.16436E-2 7.00495E-2 7.14476E-2 9.63931E-2 6.15965E-2 7.52929E-2 6.62621E-2 6.01946E-2 6.79471E-2 4.15859E-2 5.70174E-2 4.83222E-2 2.66464E-2
-9999 -9999 -9999 -9999 -9999 -9999 -9999 -9999 -9999 -9999 -9999 -9999 -9999 -9999 -9999 -9999 -9999 1.24449E-1 8.89374E-2 1.46444E-1 1.3638E-1 1.27784E-1 7.72562E-2 9.61737E-2 1.03191E-1 6.75001E-2 3.44936E-2 7.73135E-2 8.26261E-2 7.40447E-2 9.21187E-2 9.32423E-2 7.09244E-2 1.05429E-1 9.896E-2 6.69403E-2 7.24029E-2 6.76991E-2 4.89448E-2 6.72757E-2 5.01905E-2 5.63939E-2 4.23982E-2 2.72218E-2 2.46139E-2 2.8503E-2 6.10633E-2 8.76584E-2 6.43528E-2 4.323E-2 6.5157E-2 5.125E-2 9.7269E-2 4.54365E-2 6.07968E-2 4.63028E-2 5.15848E-2 5.02245E-2 5.14683E-2 4.28129E-2 7.83233E-2
-9999 -9999 -9999 -9999 -9999 -9999 -9999 -9999 -9999 -9999 -9999 -9999 -9999 -9999 -9999 -9999 1.02311E-1 9.98363E-2 6.73617E-2 6.30185E-2 9.00931E-2 8.11837E-2 6.12247E-2 5.76024E-2 7.8063E-2 3.9488E-2 3.64909E-2 1.3254E-1 1.10604E-1 6.85958E-2 1.2028E-1 7.37387E-2 6.81098E-2 9.73188E-2 5.41685E-2 7.10128E-2 4.72137E-2 5.28157E-2 5.77241E-2 5.38011E-2 5.91798E-2 4.97041E-2 3.32445E-2 8.39925E-2 3.68765E-2 2.70282E-2 7.62712E-2 6.86821E-2 1.0519E-1 6.80929E-2 9.94997E-2 1.69013E-1 9.42987E-2 5.93031E-2 8.51269E-2 6.33593E-2 8.17168E-2 9.5433E-2 5.69802E-2 2.73615E-2 4.98601E-2
-9999 -9999 -9999 -9999 -9999 -9999 -9999 -9999 -9999 -9999 -9999 -9999 -9999 -9999 -9999 -9999 9.63623E-2 5.4633E-2 7.07307E-2 5.41942E-2 6.05552E-2 4.66189E-2 5.25308E-2 4.36419E-2 9.09648E-2 3.68984E-2 3.79447E-2 8.72399E-2 1.46598E-1 9.17242E-2 6.53439E-2 1.09768E-1 6.97714E-2 1.1086E-1 9.44876E-2 5.66779E-2 5.38312E-2 5.25556E-2 6.21633E-2 6.47177E-2 8.40513E-2 4.84424E-2 5.86227E-2 3.05725E-2 9.26767E-2 4.96762E-2 2.92039E-2 3.60685E-2 5.31086E-2 4.07806E-2 9.77594E-2 1.78765E-1 9.08011E-2 5.95338E-2 3.56094E-2 3.88087E-2 4.51611E-2 7.24243E-2 6.43961E-2 5.32234E-2 7.74664E-2
-9999 -9999 -9999 -9999 -9999 -9999 -9999 -9999 -9999 -9999 -9999 -9999 -9999 -9999 -9999 5.14661E-2 8.97227E-2 6.79629E-2 3.79576E-2 2.88364E-2 5.10901E-2 4.06472E-2 4.3859E-2 5.65795E-2 4.51858E-2 3.26008E-2 6.59296E-2 3.86867E-2 6.76563E-2 1.10103E-1 9.23206E-2 7.12796E-2 8.71675E-2 7.91635E-2 7.45766E-2 6.63517E-2 6.57129E-2 4.80995E-2 4.57034E-2 5.17843E-2 6.3829E-2 4.76715E-2 5.86019E-2 6.60115E-2 3.34435E-2 4.92762E-2 8.73943E-2 6.34701E-2 5.72078E-2 6.96832E-2 6.45854E-2 5.9847E-2 4.15074E-2 6.09876E-2 5.90512E-2 3.54702E-2 5.47253E-2 1.12592E-1 4.24484E-2 7.67848E-2 5.46134E-2
-9999 -9999 -9999 -9999 -9999 -9999 -9999 -9999 -9999 -9999 -9999 -9999 -9999 -9999 1.87686E-2 2.21679E-2 5.27788E-2 6.64653E-2 3.11724E-2 4.43647E-2 3.3825E-2 4.58866E-2 4.43943E-2 6.38928E-2 4.48381E-2 5.97422E-2 5.22862E-2 5.08882E-2 7.3341E-2 1.02772E-1 1.00494E-1 1.32042E-1 7.97823E-2 6.21048E-2 6.24238E-2 7.10478E-2 6.77482E-2 5.32133E-2 4.56295E-2 4.05884E-2 4.42119E-2 6.6603E-2 5.9421E-2 7.4253E-2 7.94416E-2 1.02252E-1 6.53921E-2 6.2804E-2 6.08045E-2 4.63022E-2 6.43775E-2 9.41292E-2 3.51989E-2 3.52117E-2 5.84606E-2 5.27963E-2 8.13938E-2 4.79349E-2 6.18381E-2 4.04824E-2 3.11865E-2
-9999 -9999 -9999 -9999 -9999 -9999 -9999 -9999 -9999 -9999 -9999 -9999 -9999 -9999 4.50404E-2 3.33028E-2 3.75198E-2 6.6692E-2 7.55938E-2 7.58052E-2 4.05984E-2 3.91129E-2 5.06519E-2 5.71586E-2 8.8611E-2 5.66932E-2 9.28074E-2 1.00737E-1 1.08078E-1 3.88063E-2 8.54692E-2 1.1191E-1 8.23935E-2 8.84485E-2 9.10565E-2 8.09058E-2 1.10742E-1 5.92332E-2 9.16898E-2 3.81442E-2 4.01972E-2 3.88475E-2 5.59954E-2 6.24144E-2 5.76643E-2 4.85616E-2 6.03758E-2 7.2615E-2 6.35662E-2 8.19479E-2 8.68717E-2 4.92674E-2 5.09414E-2 7.6125E-2 9.70775E-2 8.31589E-2 1.04363E-1 1.32564E-1 7.82531E-2 1.11095E-1 1.41716E-1
-9999 -9999 -9999 -9999 -9999 -9999 -9999 -9999 -9999 -9999 -9999 -9999 -9999 7.87531E-2 1.28036E-1 9.01284E-2 1.04086E-1 1.03434E-1 8.8634E-2 7.68411E-2 3.75079E-2 4.68521E-2 6.61506E-2 1.01017E-1 6.06991E-2 7.79701E-2 5.20227E-2 1.12657E-1 1.30181E-1 9.74112E-2 7.46453E-2 7.47353E-2 1.00033E-1 1.34426E-1 1.01236E-1 1.24962E-1 1.36935E-1 1.25013E-1 1.45748E-1 5.68267E-2 5.18064E-2 3.94316E-2 4.47639E-2 6.56868E-2 4.05031E-2 4.65059E-2 3.10316E-2 9.02838E-2 2.91874E-2 4.18754E-2 8.50467E-2 6.47036E-2 4.30754E-2 3.16566E-2 1.00334E-1 8.67302E-2 1.39073E-1 1.26495E-1 8.25986E-2 1.09454E-1 4.63116E-2
-9999 -9999 -9999 -9999 -9999 -9999 -9999 -9999 -9999 -9999 -9999 -9999 8.57219E-2 4.91861E-2 4.25192E-2 8.51455E-2 7.47759E-2 7.40994E-2 9.27171E-2 5.68003E-2 5.95045E-2 5.52127E-2 4.35419E-2 3.00973E-2 5.81255E-2 4.24324E-2 9.97388E-2 1.32257E-1 1.37994E-1 1.37178E-1 7.87485E-2 6.57466E-2 1.16184E-1 7.71028E-2 1.0622E-1 8.87721E-2 1.09115E-1 1.046E-1 6.97698E-2 4.74094E-2 5.64002E-2 4.5358E-2 7.14132E-2 8.05834E-2 7.32815E-2 4.2699E-2 6.62877E-2 3.70279E-2 6.75126E-2 3.03924E-2 6.86282E-2 4.32825E-2 9.02929E-2 1.0775E-1 8.3469E-2 3.64905E-2 1.20431E-1 1.00599E-1 8.48343E-2 7.56752E-2 6.33329E-2
-9999 -9999 -9999 -9999 -9999 -9999 -9999 -9999 -9999 -9999 -9999 5.34742E-2 1.62188E-1 1.38358E-1 8.83518E-2 8.03152E-2 9.00373E-2 6.16897E-2 6.47122E-2 5.84677E-2 7.46861E-2 7.75684E-2 5.35664E-2 5.7771E-2 5.35602E-2 7.18681E-2 1.01346E-1 1.15947E-1 8.90069E-2 1.52198E-1 6.17579E-2 6.90856E-2 1.20699E-1 7.69819E-2 6.56102E-2 8.49881E-2 5.85612E-2 9.26562E-2 7.98557E-2 6.1101E-2 6.10783E-2 5.71061E-2 6.93418E-2 1.33167E-1 1.19103E-1 3.90149E-2 5.47999E-2 8.75865E-2 9.1826E-2 1.28635E-1 6.60672E-2 5.14593E-2 7.79065E-2 9.74197E-2 6.88054E-2 7.70325E-2 9.47497E-2 8.15197E-2 8.20989E-2 7.07189E-2 5.59265E-2
-9999 -9999 -9999 -9999 -9999 -9999 -9999 -9999 -9999 -9999 -9999 7.0398E-3 1.34558E-1 1.31539E-1 1.24894E-1 1.04804E-1 1.11545E-1 8.60821E-2 9.83424E-2 7.21122E-2 5.26026E-2 8.09904E-2 1.44603E-1 9.32003E-2 1.62957E-1 1.74098E-1 1.48671E-1 1.06061E-1 8.45387E-2 7.99841E-2 4.61587E-2 5.99439E-2 9.10283E-2 8.63601E-2 1.07065E-1 9.79986E-2 7.7826E-2 8.00592E-2 4.95038E-2 4.98682E-2 6.03742E-2 7.68107E-2 6.93631E-2 1.22468E-1 1.09452E-1 2.99508E-2 3.95405E-2 2.58411E-2 3.49471E-2 6.37802E-2 4.39639E-2 3.87634E-2 8.06838E-2 9.14259E-2 7.35636E-2 8.35581E-2 7.87661E-2 8.03347E-2 7.47744E-2 6.91497E-2 5.46919E-2
-9999 -9999 -9999 -9999 -9999 -9999 -9999 -9999 -9999 -9999 4.1795E-3 7.43829E-3 1.4947E-2 1.0876E-1 1.39967E-1 1.20846E-1 1.03752E-1 9.48448E-2 1.09785E-1 9.1126E-2 8.90574E-2 8.25244E-2 8.56203E-2 9.89801E-2 1.1508E-1 1.70011E-1 1.86579E-1 7.937E-2 7.86686E-2 9.79915E-2 6.93482E-2 3.19492E-2 8.53541E-2 8.89783E-2 9.35417E-2 7.18117E-2 5.43604E-2 6.50322E-2 9.53859E-2 7.4303E-2 6.304E-2 6.11986E-2 8.32093E-2 7.16345E-2 1.397E-1 3.36967E-2 2.61183E-2 5.27753E-2 7.63564E-2 8.7751E-2 5.25542E-2 7.45176E-2 1.27929E-1 1.58079E-1 1.12452E-1 7.76593E-2 6.88605E-2 6.09306E-2 2.13314E-2 5.0444E-2 4.69028E-2
-9999 -9999 -9999 -9999 -9999 -9999 -9999 -9999 -9999 4.19274E-3 2.627E-3 6.84821E-3 5.47859E-3 4.96735E-2 1.46839E-1 1.44504E-1 7.59841E-2 9.94618E-2 1.15619E-1 1.48389E-1 1.07229E-1 1.05097E-1 8.9468E-2 1.78293E-1 2.62813E-1 2.28771E-1 2.43959E-1 9.29128E-2 9.53033E-2 8.96578E-2 8.95501E-2 3.48112E-2 6.46022E-2 1.12978E-1 8.18463E-2 6.99604E-2 4.54443E-2 5.18442E-2 5.91204E-2 6.98003E-2 4.03014E-2 4.57167E-2 6.54157E-2 1.46344E-1 7.1916E-2 7.27156E-2 4.00842E-2 7.49088E-2 7.29178E-2 5.91707E-2 7.0212E-2 1.16992E-1 1.10539E-1 7.45858E-2 5.86503E-2 6.79128E-2 7.71677E-2 2.60782E-2 5.37497E-2 1.97616E-2 3.67087E-2
-9999 -9999 -9999 -9999 -9999 -9999 -9999 -9999 -9999 6.23177E-3 3.48354E-3 2.15761E-3 2.08004E-2 2.96767E-2 1.25273E-1 1.33839E-1 9.97574E-2 7.21273E-2 1.16625E-1 1.0165E-1 1.49896E-1 1.53094E-1 1.56864E-1 2.30704E-1 2.8261E-1 1.52571E-1 3.00313E-1 1.49944E-1 1.07919E-1 1.12852E-1 8.32282E-2 6.27082E-2 9.50733E-2 8.69384E-2 7.84471E-2 9.19285E-2 5.95508E-2 4.5319E-2 4.11595E-2 9.75754E-2 8.40225E-2 8.80383E-2 8.07111E-2 1.00649E-1 6.87085E-2 1.00433E-1 1.25146E-1 1.24419E-1 7.93414E-2 6.30138E-2 6.90407E-2 6.79047E-2 6.51687E-2 7.70967E-2 6.78051E-2 6.19088E-2 4.72643E-2 3.3852E-2 4.51744E-2 4.75181E-2 3.83734E-2
