Candidate_Models_July82022/M_0.6_F_lqp_Set_1_cal/Bison.asc
ncols         290
nrows         380
xllcorner     -2197417.7431653
yllcorner     -584827.01486885
cellsize      10000.0
NODATA_value  -9999
[rows 270 to 296 of 380, columns 122 to 182 of 290]
6.48494E-1 5.44206E-1 6.02783E-1 6.46108E-1 6.6478E-1 6.48441E-1 6.45684E-1 6.78991E-1 6.5209E-1 6.2551E-1 6.20485E-1 6.11549E-1 6.06889E-1 6.11701E-1 5.79059E-1 5.6735E-1 5.95371E-1 6.22401E-1 6.20337E-1 6.63047E-1 6.31896E-1 6.27974E-1 6.21058E-1 5.94293E-1 6.57743E-1 6.54042E-1 7.96616E-1 7.80822E-1 7.08821E-1 6.72418E-1 6.65879E-1 6.20194E-1 6.28299E-1 6.70412E-1 6.2013E-1 6.28846E-1 6.28346E-1 6.35892E-1 6.47119E-1 6.40595E-1 6.99041E-1 6.48149E-1 6.81188E-1 6.40633E-1 6.19574E-1 6.1498E-1 5.94757E-1 5.87241E-1 5.89687E-1 5.69649E-1 5.79444E-1 6.17195E-1 7.15665E-1 6.29626E-1 5.52778E-1 6.85193E-1 6.20436E-1 6.55759E-1 6.2111E-1 5.98807E-1 5.57535E-1
5.75331E-1 5.08547E-1 5.6056E-1 6.31499E-1 6.66179E-1 6.5369E-1 6.56613E-1 6.57383E-1 6.54279E-1 6.48439E-1 6.3643E-1 5.96598E-1 6.34343E-1 7.32477E-1 6.07836E-1 6.0516E-1 6.13436E-1 6.20548E-1 6.47531E-1 7.1405E-1 6.79224E-1 7.02436E-1 6.54737E-1 6.45294E-1 6.84299E-1 6.54497E-1 7.97584E-1 7.66094E-1 7.12529E-1 6.45972E-1 6.31028E-1 6.19916E-1 6.28353E-1 6.39532E-1 6.18363E-1 6.40366E-1 6.44995E-1 6.27473E-1 6.32319E-1 6.34439E-1 6.39782E-1 6.68606E-1 7.28921E-1 6.04014E-1 6.07173E-1 6.44717E-1 5.95121E-1 5.82573E-1 5.82445E-1 5.89332E-1 5.92005E-1 5.72611E-1 5.81513E-1 5.96671E-1 5.92163E-1 5.89354E-1 6.0232E-1 5.56113E-1 6.86564E-1 5.6693E-1 5.393E-1
5.52557E-1 4.97604E-1 5.80662E-1 6.43691E-1 6.33825E-1 6.40239E-1 6.54622E-1 6.61712E-1 6.68432E-1 6.74391E-1 6.28282E-1 6.23154E-1 6.43199E-1 6.54384E-1 6.43498E-1 6.37001E-1 6.98206E-1 6.08359E-1 6.05041E-1 6.24217E-1 6.17102E-1 6.29508E-1 6.36462E-1 7.41715E-1 7.18162E-1 6.62988E-1 7.47085E-1 6.14581E-1 6.18154E-1 6.95195E-1 6.50482E-1 5.81436E-1 6.10922E-1 6.22751E-1 6.38162E-1 6.14314E-1 6.65913E-1 6.35698E-1 6.19227E-1 6.27161E-1 6.35285E-1 6.50493E-1 6.51413E-1 6.19107E-1 5.98559E-1 6.30058E-1 6.24979E-1 5.88066E-1 6.37936E-1 6.37961E-1 6.36935E-1 6.40911E-1 6.16536E-1 5.99784E-1 6.28267E-1 6.47616E-1 5.83551E-1 5.71941E-1 5.51304E-1 5.45196E-1 5.39277E-1
5.05502E-1 5.28987E-1 5.9565E-1 6.03939E-1 6.38487E-1 6.43687E-1 6.4977E-1 6.57114E-1 6.27959E-1 6.29992E-1 6.41454E-1 6.21006E-1 6.23918E-1 6.1848E-1 6.39962E-1 6.60923E-1 7.63278E-1 6.18321E-1 6.25331E-1 6.24103E-1 6.25825E-1 6.26523E-1 6.23424E-1 6.13881E-1 7.51955E-1 6.05611E-1 6.05213E-1 6.13438E-1 5.90187E-1 5.91759E-1 5.96549E-1 5.8845E-1 6.23092E-1 6.20414E-1 6.26422E-1 6.18998E-1 6.39096E-1 6.38625E-1 6.14544E-1 6.19819E-1 6.43695E-1 6.34446E-1 6.65344E-1 6.5342E-1 5.90859E-1 6.07725E-1 5.94082E-1 5.99157E-1 6.07705E-1 6.27413E-1 6.25462E-1 6.27019E-1 6.2987E-1 5.9871E-1 6.77063E-1 6.59301E-1 5.60542E-1 5.61048E-1 5.6993E-1 5.18025E-1 5.60685E-1
4.08304E-1 4.8767E-1 5.90909E-1 6.00305E-1 6.72568E-1 6.40348E-1 6.50134E-1 6.74222E-1 6.3997E-1 6.7671E-1 6.1676E-1 6.27969E-1 6.47354E-1 6.21411E-1 6.50183E-1 6.27E-1 6.23153E-1 6.46177E-1 6.2062E-1 6.38979E-1 6.17873E-1 6.45393E-1 6.03558E-1 5.99248E-1 6.22298E-1 6.14218E-1 6.02078E-1 6.6752E-1 5.8509E-1 5.83934E-1 5.99457E-1 5.94731E-1 6.28625E-1 6.30094E-1 6.34029E-1 6.09546E-1 6.06946E-1 6.09419E-1 6.16835E-1 6.2254E-1 6.40061E-1 6.36071E-1 6.42902E-1 6.60639E-1 6.18692E-1 6.04608E-1 5.75322E-1 5.93454E-1 6.01756E-1 6.157E-1 6.26027E-1 6.27846E-1 6.33883E-1 5.91413E-1 5.84363E-1 5.56958E-1 5.42472E-1 5.56153E-1 5.63331E-1 5.48558E-1 5.61411E-1
4.64739E-1 5.08074E-1 5.84157E-1 5.94425E-1 6.1353E-1 6.22304E-1 6.72614E-1 6.28601E-1 6.30892E-1 6.23301E-1 6.1425E-1 6.17605E-1 6.38347E-1 6.22149E-1 6.11258E-1 6.45194E-1 6.16588E-1 6.2118E-1 6.46546E-1 6.18408E-1 6.16681E-1 6.16442E-1 6.1053E-1 6.17751E-1 6.20191E-1 5.9406E-1 5.82567E-1 5.92378E-1 5.7062E-1 5.87096E-1 5.9027E-1 6.02156E-1 6.43539E-1 6.41867E-1 6.26364E-1 6.13769E-1 6.15329E-1 5.82465E-1 6.28468E-1 6.39862E-1 6.20445E-1 6.34251E-1 6.17356E-1 6.40316E-1 6.11639E-1 6.23561E-1 6.03096E-1 5.98688E-1 6.02664E-1 6.2005E-1 6.39182E-1 6.18921E-1 6.31383E-1 6.16272E-1 5.74226E-1 5.48947E-1 5.41799E-1 5.94404E-1 5.28163E-1 5.3609E-1 5.333E-1
3.09834E-2 6.14044E-1 6.16375E-1 5.93048E-1 6.3459E-1 6.98829E-1 6.94264E-1 6.08158E-1 6.10481E-1 6.46506E-1 6.19159E-1 6.01155E-1 6.23202E-1 6.35304E-1 5.98987E-1 6.10534E-1 6.14992E-1 6.11966E-1 6.29729E-1 6.36466E-1 6.11751E-1 6.00236E-1 5.9329E-1 5.8016E-1 6.82283E-1 5.80118E-1 5.71079E-1 5.5236E-1 5.73541E-1 5.59086E-1 5.87193E-1 5.95511E-1 6.08115E-1 6.30487E-1 6.12671E-1 6.23262E-1 6.20759E-1 6.22156E-1 6.24603E-1 6.20433E-1 6.12803E-1 6.02177E-1 6.10165E-1 6.15791E-1 5.85572E-1 6.19661E-1 6.13201E-1 6.05219E-1 6.13198E-1 6.36202E-1 6.46907E-1 6.27935E-1 6.12891E-1 6.28051E-1 5.99744E-1 5.66011E-1 5.31856E-1 5.34182E-1 5.10088E-1 5.40336E-1 5.38821E-1
8.70418E-2 1.72596E-1 6.85429E-1 6.87858E-1 6.38203E-1 6.35808E-1 6.1633E-1 6.18981E-1 6.18471E-1 5.99764E-1 6.09489E-1 6.15417E-1 5.96354E-1 5.82575E-1 5.84165E-1 6.01578E-1 6.02099E-1 6.07554E-1 6.41298E-1 6.08961E-1 6.1136E-1 6.03588E-1 5.83201E-1 5.97228E-1 5.83866E-1 5.48485E-1 5.66498E-1 5.43892E-1 5.35497E-1 5.43777E-1 5.59399E-1 5.77596E-1 5.5529E-1 5.87021E-1 6.08162E-1 6.23116E-1 6.11767E-1 6.04309E-1 6.14221E-1 6.2839E-1 6.39437E-1 5.99945E-1 6.19476E-1 6.32836E-1 5.96417E-1 6.13085E-1 5.87295E-1 6.18679E-1 6.15645E-1 6.4134E-1 6.60067E-1 6.62262E-1 6.37642E-1 6.00833E-1 6.05268E-1 5.62201E-1 5.48084E-1 5.29622E-1 5.45537E-1 5.3135E-1 5.30484E-1
3.55963E-2 1.99946E-1 5.80802E-1 7.24385E-1 6.37997E-1 6.17627E-1 6.50575E-1 6.96752E-1 5.99778E-1 6.03269E-1 5.70763E-1 6.12114E-1 6.82061E-1 6.91321E-1 7.29512E-1 7.33247E-1 5.7594E-1 6.15732E-1 6.03709E-1 6.19495E-1 5.94914E-1 5.83475E-1 5.72254E-1 5.71351E-1 5.29867E-1 5.42592E-1 5.53824E-1 5.44542E-1 5.51874E-1 5.28374E-1 5.31872E-1 5.41213E-1 5.72763E-1 5.75445E-1 5.86032E-1 5.96808E-1 6.06465E-1 6.11003E-1 5.92156E-1 5.88554E-1 5.92665E-1 5.96529E-1 6.00168E-1 6.09425E-1 5.97381E-1 6.07459E-1 6.07561E-1 6.20963E-1 6.83798E-1 6.45904E-1 6.52661E-1 6.53491E-1 6.45492E-1 6.10188E-1 5.85756E-1 5.95491E-1 5.8286E-1 5.25062E-1 5.41397E-1 5.5267E-1 5.48856E-1
2.92153E-2 7.54713E-2 3.18194E-1 6.78362E-1 5.68509E-1 6.13023E-1 5.97863E-1 6.03434E-1 5.93546E-1 5.79465E-1 5.78465E-1 5.75066E-1 5.83278E-1 5.75704E-1 5.64757E-1 6.63737E-1 6.07165E-1 5.92168E-1 5.93287E-1 5.94435E-1 5.83469E-1 5.67596E-1 5.6426E-1 5.36588E-1 5.21616E-1 5.60349E-1 5.74051E-1 5.60994E-1 5.69369E-1 5.55051E-1 5.45498E-1 5.39352E-1 5.62869E-1 5.67238E-1 6.04455E-1 5.81882E-1 5.66593E-1 5.94278E-1 6.00368E-1 5.75395E-1 5.48481E-1 5.72882E-1 6.13861E-1 5.85105E-1 5.96811E-1 5.74154E-1 5.60458E-1 6.01374E-1 6.3008E-1 6.26031E-1 6.05493E-1 6.36612E-1 6.26355E-1 6.18991E-1 5.90525E-1 5.85886E-1 5.76527E-1 5.51095E-1 5.47335E-1 5.63667E-1 5.47296E-1
2.23183E-2 3.50313E-2 2.08751E-1 6.01652E-1 6.33855E-1 6.4241E-1 6.23328E-1 5.95436E-1 5.78008E-1 5.80174E-1 5.82875E-1 5.81053E-1 5.85113E-1 5.51799E-1 5.47269E-1 5.51863E-1 5.59808E-1 5.74374E-1 5.64884E-1 5.88004E-1 5.63109E-1 5.39915E-1 5.37865E-1 5.34766E-1 5.55062E-1 6.22926E-1 6.2543E-1 5.47666E-1 5.56086E-1 5.28558E-1 5.28072E-1 5.25228E-1 5.39665E-1 5.51633E-1 5.61053E-1 5.87486E-1 5.8077E-1 5.75923E-1 5.86967E-1 5.61866E-1 6.00692E-1 6.58436E-1 6.32411E-1 5.58306E-1 5.6899E-1 5.59362E-1 5.543E-1 5.97912E-1 6.1149E-1 5.92473E-1 6.02982E-1 6.26186E-1 6.14019E-1 6.14647E-1 5.82332E-1 5.79115E-1 5.48091E-1 5.44584E-1 5.58629E-1 5.65473E-1 5.46347E-1
1.96772E-2 1.20068E-1 1.62032E-1 6.32905E-1 6.07869E-1 6.99184E-1 6.07758E-1 5.91091E-1 6.18913E-1 5.7261E-1 5.70955E-1 5.66858E-1 5.64539E-1 5.58686E-1 5.41051E-1 5.61066E-1 5.51017E-1 5.4648E-1 5.07752E-1 5.38945E-1 5.39995E-1 5.41917E-1 5.30278E-1 5.2143E-1 6.82603E-1 6.61176E-1 5.94049E-1 6.28804E-1 5.51426E-1 5.9275E-1 5.80712E-1 5.40342E-1 5.41537E-1 5.37151E-1 5.5142E-1 5.37534E-1 5.44767E-1 5.34902E-1 5.19231E-1 5.32757E-1 6.33331E-1 6.44489E-1 5.53453E-1 5.35069E-1 5.62264E-1 5.47041E-1 5.50313E-1 5.60807E-1 5.76508E-1 5.91604E-1 5.89307E-1 6.00479E-1 5.92965E-1 6.02655E-1 6.02966E-1 5.93344E-1 5.78302E-1 5.54745E-1 5.3661E-1 5.50432E-1 5.4689E-1
5.47662E-2 2.91101E-1 1.76006E-1 6.05489E-1 7.18681E-1 6.32376E-1 5.87939E-1 5.87569E-1 5.70272E-1 5.51377E-1 5.5261E-1 5.66907E-1 5.82459E-1 5.67812E-1 5.55555E-1 5.43655E-1 5.2995E-1 5.17364E-1 5.58851E-1 5.21627E-1 5.22807E-1 5.15473E-1 5.03002E-1 5.3712E-1 6.75061E-1 6.381E-1 7.10013E-1 6.25166E-1 5.84806E-1 6.10217E-1 6.01479E-1 5.36333E-1 5.18468E-1 5.30707E-1 5.41225E-1 6.30359E-1 5.29869E-1 5.33826E-1 5.3095E-1 5.46964E-1 5.51293E-1 5.31787E-1 5.78782E-1 5.38565E-1 5.484E-1 5.42707E-1 5.4015E-1 5.42237E-1 5.55154E-1 5.78876E-1 5.52109E-1 5.96843E-1 5.80373E-1 5.94192E-1 5.83957E-1 5.82695E-1 5.80601E-1 5.751E-1 5.47092E-1 5.2932E-1 5.27976E-1
9.41025E-2 2.45565E-1 4.20939E-1 7.10098E-1 5.97726E-1 6.1617E-1 5.85937E-1 5.58261E-1 5.69765E-1 5.49311E-1 5.55465E-1 5.26512E-1 5.3623E-1 5.23549E-1 5.15034E-1 5.16232E-1 5.02733E-1 5.09377E-1 4.88392E-1 5.14862E-1 4.9997E-1 5.36663E-1 5.3169E-1 5.38959E-1 5.49042E-1 6.58392E-1 7.16063E-1 6.9658E-1 6.31371E-1 6.30599E-1 5.25587E-1 5.35771E-1 5.10408E-1 5.02491E-1 5.0012E-1 5.46363E-1 5.51389E-1 5.29875E-1 5.2071E-1 5.45374E-1 5.50937E-1 5.23618E-1 5.73402E-1 5.57035E-1 5.69718E-1 5.64928E-1 5.35742E-1 5.18387E-1 5.25726E-1 5.53625E-1 5.53917E-1 5.83819E-1 5.41674E-1 5.81269E-1 5.52562E-1 5.61691E-1 5.21424E-1 5.5269E-1 5.47143E-1 5.22607E-1 5.28268E-1
6.05143E-2 2.32309E-1 5.00468E-1 7.22071E-1 6.54841E-1 5.81743E-1 6.16342E-1 6.54813E-1 5.68674E-1 5.34492E-1 5.23562E-1 5.23198E-1 5.11849E-1 4.92983E-1 4.91821E-1 4.85926E-1 4.89956E-1 4.73762E-1 5.41543E-1 5.12593E-1 4.71247E-1 5.04999E-1 4.99879E-1 4.98362E-1 5.23853E-1 5.68875E-1 6.92431E-1 7.18068E-1 6.94866E-1 6.59379E-1 6.72594E-1 6.10583E-1 5.01557E-1 6.28177E-1 5.47492E-1 5.07924E-1 5.14423E-1 5.49524E-1 5.33206E-1 5.35103E-1 5.36153E-1 5.24428E-1 5.49489E-1 5.77911E-1 7.35331E-1 7.23253E-1 6.46902E-1 5.32073E-1 5.38131E-1 5.48476E-1 5.40855E-1 5.50694E-1 5.46461E-1 5.6161E-1 5.45854E-1 5.3893E-1 5.29042E-1 5.20954E-1 5.3045E-1 4.87337E-1 5.11451E-1
6.49323E-2 6.59047E-2 2.05221E-1 6.65664E-1 5.98336E-1 5.98365E-1 5.98716E-1 6.79986E-1 5.64016E-1 5.40433E-1 5.25353E-1 5.40185E-1 5.60258E-1 4.84096E-1 5.09948E-1 4.87503E-1 4.79037E-1 5.00543E-1 4.70449E-1 4.64916E-1 4.83782E-1 4.98828E-1 5.38947E-1 5.08439E-1 5.10206E-1 5.45862E-1 6.88496E-1 6.97023E-1 6.39324E-1 5.40382E-1 6.11075E-1 6.59244E-1 6.30809E-1 3.38118E-1 4.73733E-1 5.27765E-1 5.21753E-1 5.18782E-1 5.19253E-1 5.37171E-1 6.00052E-1 5.33449E-1 5.38398E-1 5.67333E-1 6.72638E-1 6.66975E-1 7.24589E-1 6.32638E-1 5.48059E-1 5.77105E-1 6.18242E-1 5.36117E-1 5.30092E-1 5.33622E-1 5.1806E-1 5.23644E-1 5.29609E-1 5.47066E-1 5.13387E-1 5.30815E-1 5.13539E-1
4.03616E-2 1.93933E-1 5.88516E-1 6.25313E-1 6.0029E-1 5.40394E-1 5.49704E-1 5.50722E-1 5.38341E-1 5.30932E-1 5.14159E-1 5.00775E-1 5.04976E-1 5.26856E-1 4.65518E-1 4.75553E-1 4.51755E-1 4.53267E-1 4.73259E-1 4.63829E-1 4.75418E-1 4.72058E-1 4.83475E-1 5.4609E-1 5.09807E-1 6.23693E-1 6.83749E-1 6.88555E-1 4.01485E-1 4.59477E-1 5.69651E-1 4.58054E-1 6.94355E-1 6.65385E-1 5.50778E-1 4.99252E-1 4.95506E-1 5.14023E-1 5.18846E-1 6.27952E-1 6.89537E-1 6.23144E-1 6.12478E-1 5.48134E-1 7.26082E-1 6.6297E-1 6.85454E-1 7.15919E-1 7.57335E-1 7.24875E-1 7.51295E-1 6.68094E-1 5.79546E-1 6.09075E-1 5.47962E-1 5.75917E-1 5.35346E-1 5.17342E-1 5.92017E-1 5.70765E-1 6.25452E-1
1.80623E-2 3.48362E-1 5.13246E-1 5.44456E-1 5.62693E-1 5.45313E-1 5.36395E-1 5.25754E-1 5.31779E-1 5.31811E-1 4.86462E-1 4.75791E-1 6.02987E-1 6.21742E-1 4.9782E-1 4.31373E-1 4.45896E-1 4.47436E-1 4.28327E-1 4.85289E-1 4.52912E-1 4.67474E-1 4.73142E-1 4.76634E-1 6.35618E-1 6.33786E-1 6.3685E-1 6.62145E-1 6.55127E-1 6.48925E-1 6.05544E-1 4.95831E-1 6.15844E-1 5.02757E-1 4.80737E-1 4.86253E-1 4.97204E-1 5.16526E-1 5.18395E-1 5.34122E-1 5.11594E-1 5.1631E-1 5.66676E-1 4.80069E-1 6.85329E-1 7.03746E-1 6.35904E-1 7.00156E-1 6.75389E-1 5.09744E-1 6.89651E-1 5.39647E-1 5.29759E-1 5.09493E-1 5.41097E-1 5.07432E-1 5.31415E-1 5.10594E-1 5.02616E-1 5.29304E-1 5.34421E-1
1.82958E-1 2.50369E-1 2.33786E-1 5.92355E-1 5.66062E-1 5.39353E-1 5.42466E-1 5.32479E-1 4.93932E-1 4.84011E-1 4.79227E-1 4.62505E-1 5.65402E-1 4.94117E-1 4.87829E-1 4.45316E-1 4.3694E-1 5.78823E-1 4.23684E-1 4.75922E-1 4.47759E-1 4.54472E-1 4.52376E-1 4.79454E-1 5.06943E-1 6.53073E-1 6.04052E-1 4.79265E-1 4.75859E-1 5.18507E-1 5.95037E-1 4.39455E-1 4.15877E-1 4.23648E-1 6.46861E-1 6.3141E-1 6.25143E-1 5.07581E-1 5.09737E-1 5.27612E-1 5.40176E-1 6.52597E-1 7.07162E-1 4.95595E-1 5.318E-1 6.4437E-1 7.36668E-1 6.19615E-1 6.2128E-1 6.84757E-1 7.40895E-1 5.43369E-1 5.24718E-1 5.14849E-1 5.28443E-1 5.15582E-1 5.31572E-1 4.83732E-1 5.09235E-1 5.08695E-1 5.42519E-1
1.61891E-1 2.0006E-1 1.91299E-1 3.72244E-1 6.78241E-1 5.23551E-1 5.14919E-1 6.49351E-1 5.62071E-1 4.67298E-1 4.85481E-1 4.64519E-1 4.83343E-1 4.51999E-1 4.6337E-1 4.32237E-1 4.74132E-1 4.80274E-1 3.54648E-1 5.49057E-1 5.22371E-1 4.72985E-1 4.31987E-1 4.69773E-1 5.59427E-1 6.41859E-1 5.8901E-1 4.69273E-1 5.36025E-1 6.66229E-1 5.51184E-1 5.44996E-1 6.17434E-1 5.14564E-1 4.15907E-1 4.87442E-1 6.46035E-1 6.46589E-1 5.90807E-1 6.95368E-1 6.75091E-1 6.70937E-1 6.35044E-1 7.08997E-1 7.16452E-1 6.96586E-1 6.24093E-1 7.13982E-1 5.99961E-1 5.18888E-1 7.1872E-1 5.1874E-1 5.29271E-1 5.31728E-1 5.32357E-1 5.38512E-1 5.02404E-1 5.17074E-1 4.93409E-1 5.13366E-1 5.17743E-1
8.15606E-2 1.71729E-2 1.17546E-1 1.93318E-1 4.83334E-1 5.73655E-1 6.31677E-1 4.62523E-1 6.14453E-1 4.59309E-1 4.56365E-1 4.82286E-1 4.90787E-1 4.93586E-1 5.12399E-1 4.81822E-1 4.90737E-1 5.59662E-1 5.01512E-1 5.0399E-1 5.73209E-1 5.26275E-1 5.00006E-1 5.10946E-1 5.36068E-1 6.29284E-1 4.72803E-1 4.72002E-1 6.3141E-1 6.34858E-1 6.42278E-1 5.83718E-1 6.42648E-1 6.16556E-1 6.73004E-1 6.76279E-1 6.65805E-1 6.82158E-1 6.93957E-1 6.6931E-1 5.71241E-1 6.33715E-1 6.48021E-1 5.53809E-1 5.9939E-1 6.72466E-1 6.33623E-1 5.10313E-1 5.13681E-1 5.25753E-1 6.69131E-1 5.30358E-1 5.26362E-1 5.16984E-1 5.4268E-1 5.41589E-1 5.23424E-1 5.3333E-1 5.13531E-1 5.37332E-1 5.35143E-1
1.22289E-1 2.26623E-1 2.5511E-1 3.23879E-1 2.52189E-1 6.36497E-1 5.44674E-1 5.11627E-1 3.21311E-1 4.68797E-1 5.48195E-1 4.97227E-1 6.86883E-1 6.25032E-1 6.34978E-1 5.68952E-1 6.12629E-1 5.62257E-1 5.25074E-1 5.23304E-1 5.17353E-1 5.22664E-1 5.30599E-1 5.1881E-1 5.80438E-1 5.66476E-1 5.82856E-1 4.82874E-1 5.16919E-1 5.57282E-1 4.72064E-1 4.89515E-1 5.47665E-1 5.13877E-1 4.69232E-1 5.54241E-1 6.2089E-1 6.91678E-1 6.7252E-1 6.8939E-1 6.10778E-1 5.44976E-1 5.35333E-1 4.50191E-1 4.78642E-1 4.92879E-1 5.1591E-1 5.05369E-1 5.23644E-1 5.27578E-1 5.25788E-1 5.07693E-1 5.10675E-1 5.10027E-1 5.41961E-1 5.39847E-1 5.41287E-1 5.08686E-1 5.39101E-1 5.32266E-1 5.25037E-1
1.54118E-1 4.07577E-1 1.95712E-1 1.23234E-1 2.34899E-1 2.89816E-1 6.25963E-1 5.82015E-1 2.90033E-1 6.75624E-1 5.74068E-1 6.07806E-1 5.19283E-1 3.61992E-1 2.05847E-1 4.58906E-1 6.11781E-1 5.8914E-1 5.80484E-1 5.31945E-1 5.2144E-1 5.23874E-1 5.16E-1 4.98206E-1 4.80361E-1 5.81245E-1 6.1468E-1 5.74602E-1 5.87127E-1 5.74179E-1 4.69378E-1 4.81029E-1 4.7826E-1 4.67882E-1 5.76998E-1 5.38285E-1 6.68783E-1 6.79814E-1 6.6635E-1 5.97493E-1 5.36734E-1 4.63269E-1 4.88947E-1 4.99794E-1 5.01661E-1 5.08777E-1 4.93104E-1 5.05621E-1 5.24993E-1 5.12611E-1 5.11928E-1 5.11117E-1 5.12678E-1 5.15505E-1 5.21842E-1 5.24596E-1 5.1019E-1 5.20127E-1 5.18747E-1 5.12403E-1 5.67118E-1
2.83309E-1 1.32625E-1 7.65981E-2 2.30588E-1 5.54385E-1 6.27708E-1 3.50702E-1 6.15691E-1 5.79605E-1 5.84212E-1 6.04623E-1 6.64927E-1 2.906E-1 1.64108E-1 1.1761E-1 2.84676E-1 1.81343E-1 1.34133E-1 5.46929E-1 5.83901E-1 5.41906E-1 5.16556E-1 5.36998E-1 5.20835E-1 4.87778E-1 6.66822E-1 5.80159E-1 3.16278E-1 6.66292E-1 5.67065E-1 4.70176E-1 4.77325E-1 5.12787E-1 4.7323E-1 4.35833E-1 6.00247E-1 6.85953E-1 6.68033E-1 6.77079E-1 4.58682E-1 4.66621E-1 4.5663E-1 4.81293E-1 4.93741E-1 4.70947E-1 4.91217E-1 4.92475E-1 5.02706E-1 4.87424E-1 5.19412E-1 5.27236E-1 5.02338E-1 5.06352E-1 5.16993E-1 5.15747E-1 5.06692E-1 5.06213E-1 5.15863E-1 5.22003E-1 5.47951E-1 5.55235E-1
3.26566E-1 6.45673E-1 8.39024E-2 3.27378E-1 6.87461E-1 7.21437E-1 5.66921E-1 5.01381E-1 2.75151E-1 4.153E-1 6.71196E-1 6.73954E-1 3.42982E-1 2.22348E-1 8.79893E-2 1.00516E-1 3.50102E-2 1.22571E-1 1.50649E-1 6.75845E-1 5.66749E-1 5.5179E-1 5.39818E-1 5.20153E-1 4.9297E-1 4.91913E-1 5.63963E-1 5.89221E-1 5.41495E-1 5.30665E-1 5.09847E-1 5.34289E-1 5.1962E-1 4.78614E-1 4.37728E-1 6.27904E-1 6.38714E-1 6.375E-1 6.46457E-1 4.52167E-1 4.74163E-1 4.49828E-1 4.77451E-1 4.64498E-1 4.7188E-1 5.1142E-1 5.02355E-1 4.97899E-1 4.97768E-1 4.97491E-1 5.03242E-1 4.98377E-1 5.00682E-1 5.17408E-1 5.01994E-1 5.0456E-1 5.06626E-1 5.10927E-1 5.28662E-1 5.18526E-1 5.30895E-1
2.57664E-1 7.34419E-1 4.19167E-1 2.73123E-1 4.41334E-1 7.15042E-1 6.97246E-1 3.96778E-1 2.97961E-1 2.40017E-1 5.2368E-1 4.6681E-1 5.49449E-1 6.92882E-1 3.02216E-1 8.61656E-2 5.28852E-2 1.24366E-1 1.56434E-1 7.18137E-1 6.46565E-1 5.6054E-1 5.5381E-1 5.1526E-1 5.00118E-1 6.00026E-1 6.05748E-1 6.36575E-1 6.25238E-1 6.14434E-1 5.38465E-1 5.12868E-1 4.80066E-1 4.75958E-1 4.59217E-1 4.63359E-1 5.7765E-1 6.3481E-1 5.52191E-1 4.43081E-1 4.4139E-1 4.51728E-1 4.70325E-1 4.88104E-1 4.65725E-1 5.035E-1 4.82519E-1 4.83292E-1 4.96245E-1 4.86423E-1 4.87446E-1 4.99387E-1 5.13816E-1 5.15792E-1 4.95501E-1 4.94868E-1 5.28397E-1 5.16231E-1 5.06498E-1 5.08345E-1 5.06126E-1
6.91777E-1 6.19773E-1 7.01759E-1 3.605E-1 4.09716E-1 6.98051E-1 6.20559E-1 6.93881E-1 4.11128E-1 3.36526E-1 2.46614E-1 7.27077E-1 7.19463E-1 7.19605E-1 5.23026E-1 2.03658E-1 7.60954E-2 1.6598E-1 1.56233E-1 4.06998E-1 5.76391E-1 6.02421E-1 5.6842E-1 5.17706E-1 5.81075E-1 4.23715E-1 4.36742E-1 5.6668E-1 5.46763E-1 5.49596E-1 6.35781E-1 6.18608E-1 4.90209E-1 4.59618E-1 4.65779E-1 4.70706E-1 4.33741E-1 5.47004E-1 5.00124E-1 4.34573E-1 4.4068E-1 4.57151E-1 4.69353E-1 4.56119E-1 4.6032E-1 4.98221E-1 4.84618E-1 4.71091E-1 4.7451E-1 4.78011E-1 4.92958E-1 5.00852E-1 5.11014E-1 4.9039E-1 4.84334E-1 5.31166E-1 5.33447E-1 5.21277E-1 5.09416E-1 4.90433E-1 4.93969E-1
