Candidate_Models_July82022/M_4_F_lqp_Set_1_cal/Bison.asc
ncols         290
nrows         380
xllcorner     -2197417.7431653
yllcorner     -584827.01486885
cellsize      10000.0
NODATA_value  -9999
[rows 216 to 242 of 380, columns 183 to 243 of 290]
2.84352E-1 2.65468E-1 2.40068E-1 2.62559E-1 2.391E-1 2.47014E-1 2.45092E-1 2.49162E-1 2.62334E-1 2.39071E-1 2.89668E-1 2.59487E-1 2.55642E-1 2.65364E-1 2.71525E-1 2.71044E-1 2.60708E-1 2.41217E-1 2.33681E-1 2.59344E-1 3.13792E-1 2.3187E-1 2.17386E-1 2.28114E-1 2.27591E-1 2.26935E-1 2.22589E-1 2.26714E-1 2.33554E-1 2.23166E-1 2.18776E-1 2.20107E-1 2.22131E-1 2.09473E-1 2.08726E-1 2.07517E-1 2.06266E-1 2.04584E-1 2.02621E-1 1.95811E-1 2.00894E-1 2.00782E-1 1.9823E-1 1.90396E-1 1.93E-1 1.91258E-1 1.88425E-1 1.90403E-1 1.93226E-1 1.95076E-1 1.93201E-1 -9999 -9999 -9999 -9999 -9999 -9999 -9999 -9999 -9999 -9999
2.584E-1 2.62697E-1 2.70279E-1 2.4374E-1 2.37989E-1 2.4559E-1 2.42016E-1 2.46495E-1 2.13329E-1 2.47039E-1 2.98133E-1 2.53311E-1 2.98115E-1 2.89916E-1 2.74497E-1 2.48887E-1 2.5907E-1 2.53851E-1 2.46109E-1 2.60494E-1 3.12228E-1 2.60899E-1 2.38135E-1 2.28016E-1 2.27562E-1 2.40363E-1 2.313E-1 2.28375E-1 2.30156E-1 2.27562E-1 2.18094E-1 2.35138E-1 2.16775E-1 2.20499E-1 2.1451E-1 2.17473E-1 2.16041E-1 2.10175E-1 2.09912E-1 2.05164E-1 2.0279E-1 2.02041E-1 2.02009E-1 1.97291E-1 1.95322E-1 1.94367E-1 1.96322E-1 1.97858E-1 1.99909E-1 1.98305E-1 -9999 -9999 -9999 -9999 -9999 -9999 -9999 -9999 -9999 -9999 -9999
2.77478E-1 2.67682E-1 2.67244E-1 2.54179E-1 2.62672E-1 2.41015E-1 2.26158E-1 2.5008E-1 2.42084E-1 2.57714E-1 2.88073E-1 2.61703E-1 3.10931E-1 2.79811E-1 2.95606E-1 2.60769E-1 3.49926E-1 3.48912E-1 2.78163E-1 2.84541E-1 2.98173E-1 2.42981E-1 2.29892E-1 2.34177E-1 2.37407E-1 2.31467E-1 2.45226E-1 2.2692E-1 2.29892E-1 2.28905E-1 2.24818E-1 2.25592E-1 2.301E-1 2.23045E-1 2.37836E-1 2.34246E-1 2.18349E-1 2.17541E-1 2.16218E-1 2.13505E-1 2.0653E-1 2.03121E-1 2.04375E-1 2.04912E-1 2.03117E-1 2.02013E-1 2.03454E-1 2.00749E-1 2.01333E-1 2.02087E-1 -9999 -9999 -9999 -9999 -9999 -9999 -9999 -9999 -9999 -9999 -9999
2.73835E-1 2.8633E-1 2.55629E-1 2.6582E-1 2.79154E-1 2.41566E-1 2.50373E-1 2.67581E-1 2.62425E-1 2.94682E-1 3.30848E-1 2.56867E-1 2.66795E-1 2.75731E-1 2.64923E-1 2.55816E-1 2.45384E-1 3.15707E-1 3.02373E-1 2.73955E-1 2.48881E-1 3.32374E-1 3.14676E-1 2.37188E-1 2.46248E-1 2.33154E-1 2.37444E-1 2.52798E-1 2.32191E-1 2.35526E-1 2.41222E-1 2.30813E-1 2.86877E-1 2.48801E-1 2.28872E-1 2.27723E-1 2.2835E-1 2.27662E-1 2.37474E-1 2.38531E-1 2.14117E-1 2.08231E-1 2.04171E-1 2.09879E-1 2.05993E-1 2.06962E-1 2.04555E-1 2.07139E-1 2.09454E-1 2.03062E-1 -9999 -9999 -9999 -9999 -9999 -9999 -9999 -9999 -9999 -9999 -9999
2.72115E-1 2.66781E-1 2.85697E-1 2.54331E-1 2.86308E-1 3.49387E-1 2.64568E-1 2.71989E-1 2.87827E-1 2.82436E-1 2.95144E-1 2.77456E-1 3.11765E-1 2.73374E-1 2.98685E-1 2.58694E-1 2.47566E-1 2.54954E-1 2.50294E-1 2.75713E-1 2.63713E-1 2.2717E-1 2.55282E-1 2.81696E-1 2.25482E-1 2.54937E-1 2.65695E-1 2.67249E-1 2.49392E-1 2.33994E-1 2.5767E-1 2.72814E-1 3.62016E-1 2.96479E-1 2.41445E-1 2.29234E-1 2.30354E-1 2.29999E-1 2.28344E-1 2.24099E-1 2.277E-1 2.23038E-1 2.17987E-1 2.15466E-1 2.15537E-1 2.14409E-1 2.15952E-1 2.16193E-1 2.10617E-1 -9999 -9999 -9999 -9999 -9999 -9999 -9999 -9999 -9999 -9999 -9999 -9999
2.91719E-1 3.15314E-1 3.25179E-1 2.837E-1 2.77207E-1 3.79839E-1 3.39169E-1 2.58286E-1 2.85903E-1 3.36499E-1 3.25373E-1 3.15928E-1 3.01883E-1 2.96589E-1 3.52212E-1 2.96415E-1 2.64327E-1 2.54733E-1 2.50507E-1 2.42061E-1 2.46763E-1 2.55258E-1 2.31231E-1 2.46529E-1 2.55709E-1 2.77039E-1 3.07963E-1 2.75911E-1 2.38612E-1 2.35313E-1 2.50569E-1 2.75554E-1 2.5914E-1 2.59211E-1 2.48609E-1 2.46315E-1 2.40035E-1 2.3564E-1 2.27997E-1 2.32202E-1 2.32941E-1 2.39803E-1 2.33763E-1 2.29275E-1 2.23396E-1 2.1417E-1 2.15168E-1 2.18029E-1 2.16198E-1 -9999 -9999 -9999 -9999 -9999 -9999 -9999 -9999 -9999 -9999 -9999 -9999
2.79245E-1 2.7468E-1 2.6458E-1 2.70379E-1 2.66099E-1 2.81316E-1 2.97165E-1 2.69963E-1 3.05498E-1 3.43889E-1 2.72252E-1 3.0758E-1 3.36157E-1 2.72396E-1 2.73196E-1 2.9199E-1 2.77235E-1 2.98724E-1 2.70924E-1 2.47937E-1 2.67889E-1 3.4148E-1 3.26203E-1 2.66559E-1 2.93134E-1 3.64346E-1 3.22715E-1 2.43709E-1 2.56815E-1 2.41194E-1 2.48133E-1 2.56777E-1 2.64612E-1 2.65846E-1 2.6512E-1 2.56396E-1 2.48797E-1 2.38325E-1 2.39812E-1 2.41993E-1 2.40472E-1 2.52224E-1 2.48506E-1 2.44174E-1 2.34706E-1 2.25486E-1 2.24783E-1 2.26007E-1 2.25176E-1 -9999 -9999 -9999 -9999 -9999 -9999 -9999 -9999 -9999 -9999 -9999 -9999
3.2613E-1 2.98889E-1 2.91813E-1 2.62986E-1 2.68452E-1 2.79498E-1 4.25467E-1 2.73113E-1 2.82793E-1 2.72244E-1 2.8988E-1 2.89363E-1 3.28637E-1 2.80428E-1 2.94895E-1 2.89055E-1 3.21665E-1 2.44227E-1 2.94955E-1 2.75652E-1 2.77638E-1 2.33822E-1 2.82643E-1 2.68267E-1 3.14631E-1 2.71173E-1 2.78493E-1 4.15985E-1 3.43345E-1 3.74522E-1 2.68997E-1 2.60211E-1 2.70178E-1 2.83608E-1 2.78736E-1 3.62433E-1 2.56786E-1 2.50019E-1 2.50433E-1 2.45777E-1 2.45496E-1 2.48204E-1 2.5634E-1 2.59181E-1 2.49505E-1 2.37057E-1 2.33825E-1 2.32078E-1 2.39128E-1 -9999 -9999 -9999 -9999 -9999 -9999 -9999 -9999 -9999 -9999 -9999 -9999
3.18643E-1 2.86557E-1 2.78416E-1 2.75649E-1 2.78586E-1 2.77021E-1 3.19908E-1 3.31522E-1 4.5529E-1 4.10153E-1 2.84616E-1 2.86395E-1 2.8594E-1 2.83961E-1 2.88264E-1 3.08479E-1 2.5907E-1 2.5312E-1 2.78688E-1 3.21076E-1 2.59489E-1 2.72303E-1 2.60018E-1 2.45136E-1 2.67754E-1 4.46085E-1 5.37291E-1 5.39915E-1 4.31821E-1 3.21298E-1 2.72402E-1 2.68307E-1 2.81209E-1 2.93521E-1 2.95005E-1 2.92463E-1 2.76523E-1 2.68317E-1 2.60731E-1 2.65279E-1 2.59136E-1 2.61229E-1 2.74123E-1 2.75514E-1 2.67775E-1 2.58529E-1 2.42271E-1 2.40559E-1 -9999 -9999 -9999 -9999 -9999 -9999 -9999 -9999 -9999 -9999 -9999 -9999 -9999
5.64792E-1 5.80725E-1 3.72871E-1 2.81419E-1 3.50468E-1 5.70164E-1 5.8033E-1 5.91793E-1 5.74105E-1 5.52415E-1 5.78408E-1 4.30516E-1 3.87939E-1 2.76637E-1 4.69682E-1 3.05547E-1 2.71008E-1 2.59937E-1 2.52653E-1 2.94084E-1 3.05838E-1 2.53195E-1 2.4061E-1 2.43864E-1 2.55189E-1 3.02027E-1 5.30385E-1 5.2164E-1 2.9304E-1 2.68446E-1 3.06738E-1 3.23676E-1 2.85038E-1 3.02091E-1 3.13552E-1 3.05285E-1 2.97131E-1 2.82343E-1 2.71498E-1 2.63437E-1 2.62962E-1 2.65433E-1 2.82635E-1 2.86836E-1 2.84558E-1 2.75131E-1 2.63872E-1 2.55863E-1 -9999 -9999 -9999 -9999 -9999 -9999 -9999 -9999 -9999 -9999 -9999 -9999 -9999
4.54051E-1 5.23663E-1 5.92458E-1 5.96354E-1 5.67528E-1 5.53597E-1 4.92928E-1 4.52046E-1 4.82055E-1 5.90649E-1 5.662E-1 4.69003E-1 5.77712E-1 5.78643E-1 5.22199E-1 2.81905E-1 2.67993E-1 2.98668E-1 2.7017E-1 2.66736E-1 2.28922E-1 2.39881E-1 2.04003E-1 2.50924E-1 2.59232E-1 2.68523E-1 3.00657E-1 2.57217E-1 2.67144E-1 2.64261E-1 3.00298E-1 3.71238E-1 3.23955E-1 3.06757E-1 3.12981E-1 3.16116E-1 3.13932E-1 2.97997E-1 2.81467E-1 2.72973E-1 2.72113E-1 2.77524E-1 2.89546E-1 2.95972E-1 2.95317E-1 2.92343E-1 2.82932E-1 2.71584E-1 -9999 -9999 -9999 -9999 -9999 -9999 -9999 -9999 -9999 -9999 -9999 -9999 -9999
5.04515E-1 5.60319E-1 5.74382E-1 5.31871E-1 5.16921E-1 5.50198E-1 6.08976E-1 5.90303E-1 5.43736E-1 5.36142E-1 5.97862E-1 5.66895E-1 4.42498E-1 5.84773E-1 4.00885E-1 4.12087E-1 3.41392E-1 2.59854E-1 2.6408E-1 2.45132E-1 2.62266E-1 2.5422E-1 2.2121E-1 2.41341E-1 3.27933E-1 2.80775E-1 4.45553E-1 3.057E-1 2.74888E-1 2.7877E-1 2.95856E-1 2.88049E-1 3.01383E-1 3.06342E-1 3.22479E-1 3.22791E-1 3.19259E-1 3.05678E-1 2.92527E-1 2.74112E-1 4.81209E-1 3.54105E-1 2.94765E-1 3.03044E-1 3.05479E-1 3.0203E-1 3.00059E-1 2.89005E-1 -9999 -9999 -9999 -9999 -9999 -9999 -9999 -9999 -9999 -9999 -9999 -9999 -9999
5.04764E-1 4.99889E-1 3.67666E-1 4.13553E-1 4.19368E-1 5.99018E-1 4.79175E-1 4.02589E-1 5.24363E-1 5.65307E-1 4.55622E-1 4.56872E-1 4.58898E-1 5.40696E-1 5.57398E-1 5.2487E-1 4.9369E-1 2.62827E-1 2.42989E-1 2.44788E-1 2.51102E-1 2.36746E-1 2.47575E-1 2.908E-1 3.69449E-1 3.73453E-1 3.52853E-1 3.05004E-1 2.63382E-1 2.86591E-1 3.04671E-1 2.84611E-1 3.0069E-1 3.20226E-1 3.26045E-1 3.33066E-1 3.24986E-1 3.17663E-1 3.02841E-1 2.95192E-1 4.57651E-1 2.91002E-1 2.966E-1 3.09333E-1 3.14982E-1 3.11653E-1 3.08424E-1 2.99908E-1 3.03193E-1 -9999 -9999 -9999 -9999 -9999 -9999 -9999 -9999 -9999 -9999 -9999 -9999
5.78097E-1 5.89255E-1 5.85235E-1 4.69165E-1 3.46705E-1 4.41079E-1 4.98537E-1 5.77241E-1 5.60273E-1 4.64264E-1 4.61934E-1 4.47414E-1 4.56828E-1 4.93749E-1 4.94776E-1 5.79291E-1 5.31639E-1 2.55293E-1 2.56446E-1 2.36461E-1 2.45788E-1 2.34747E-1 2.44826E-1 2.77191E-1 4.51009E-1 4.24578E-1 3.19304E-1 4.15946E-1 3.86862E-1 3.6613E-1 3.27394E-1 3.03154E-1 3.20246E-1 3.69785E-1 3.34436E-1 3.3616E-1 3.24997E-1 3.20413E-1 3.31489E-1 3.79719E-1 2.9177E-1 2.9259E-1 3.07334E-1 3.15549E-1 3.16618E-1 3.21542E-1 3.14057E-1 3.06528E-1 3.12296E-1 -9999 -9999 -9999 -9999 -9999 -9999 -9999 -9999 -9999 -9999 -9999 -9999
4.94174E-1 4.85457E-1 4.64749E-1 5.46616E-1 5.75065E-1 5.90741E-1 6.07767E-1 4.70539E-1 4.76074E-1 4.58051E-1 4.70652E-1 4.74869E-1 4.97002E-1 5.11831E-1 5.78278E-1 2.82552E-1 2.55572E-1 2.57959E-1 2.66744E-1 2.81688E-1 3.96843E-1 2.61733E-1 2.64723E-1 2.94149E-1 3.20994E-1 3.96054E-1 3.38598E-1 4.03738E-1 3.80286E-1 3.37667E-1 3.76154E-1 4.07196E-1 3.71346E-1 3.55392E-1 3.43568E-1 3.37283E-1 3.3555E-1 3.27739E-1 3.18872E-1 3.57859E-1 2.9357E-1 3.11873E-1 3.08584E-1 3.20848E-1 3.18236E-1 3.21542E-1 3.19871E-1 3.14747E-1 3.13003E-1 3.08738E-1 -9999 -9999 -9999 -9999 -9999 -9999 -9999 -9999 -9999 -9999 -9999
4.93304E-1 4.83946E-1 4.78826E-1 4.77599E-1 4.76386E-1 4.63056E-1 4.65887E-1 4.75847E-1 4.92521E-1 4.77382E-1 4.60492E-1 4.61995E-1 4.52687E-1 5.84146E-1 3.31869E-1 2.86344E-1 2.59512E-1 2.93104E-1 3.04334E-1 2.85778E-1 2.90579E-1 2.67061E-1 2.77417E-1 3.09033E-1 3.47013E-1 2.82587E-1 3.11131E-1 3.262E-1 3.10418E-1 3.0177E-1 3.43409E-1 4.3277E-1 3.46556E-1 3.38847E-1 3.59354E-1 3.67573E-1 3.38247E-1 3.55692E-1 3.86332E-1 3.23056E-1 3.56565E-1 3.40673E-1 3.29082E-1 3.13179E-1 3.26856E-1 3.23752E-1 3.20208E-1 3.24835E-1 3.21341E-1 3.17844E-1 3.14376E-1 -9999 -9999 -9999 -9999 -9999 -9999 -9999 -9999 -9999 -9999
5.3399E-1 5.07681E-1 4.86924E-1 4.72603E-1 4.61346E-1 4.6223E-1 4.6856E-1 4.74313E-1 4.87259E-1 4.83603E-1 4.72916E-1 4.90545E-1 6.03739E-1 4.0938E-1 2.8106E-1 2.95265E-1 2.61441E-1 2.63707E-1 2.71912E-1 2.44356E-1 2.59849E-1 2.8191E-1 2.85642E-1 3.06254E-1 3.01082E-1 2.81184E-1 2.79561E-1 3.33146E-1 3.05815E-1 2.9674E-1 2.86452E-1 2.965E-1 3.18045E-1 3.27148E-1 3.41289E-1 3.44419E-1 3.64984E-1 3.60563E-1 3.74976E-1 3.64356E-1 3.39447E-1 3.42663E-1 3.64619E-1 3.19138E-1 3.23305E-1 3.31579E-1 3.47466E-1 3.24911E-1 3.21778E-1 3.178E-1 3.13388E-1 -9999 -9999 -9999 -9999 -9999 -9999 -9999 -9999 -9999 -9999
6.08585E-1 5.97215E-1 5.79777E-1 4.75224E-1 4.82441E-1 5.10374E-1 4.94283E-1 4.83303E-1 4.7626E-1 4.97107E-1 4.75462E-1 4.77897E-1 6.21745E-1 5.41263E-1 5.88329E-1 3.33763E-1 3.28205E-1 2.82356E-1 2.79378E-1 4.9732E-1 4.6643E-1 4.09384E-1 5.72201E-1 4.68242E-1 3.0291E-1 2.89001E-1 2.84592E-1 2.77713E-1 2.8714E-1 3.11726E-1 2.87831E-1 2.9846E-1 3.1695E-1 3.49428E-1 3.43928E-1 3.4285E-1 3.43991E-1 3.68646E-1 3.57933E-1 3.50846E-1 3.26043E-1 3.19834E-1 3.14144E-1 3.12303E-1 3.04341E-1 3.2135E-1 3.29039E-1 3.26515E-1 3.22215E-1 3.178E-1 3.14106E-1 3.12068E-1 -9999 -9999 -9999 -9999 -9999 -9999 -9999 -9999 -9999
5.8581E-1 6.11272E-1 6.12635E-1 4.96768E-1 4.90892E-1 5.29054E-1 4.96308E-1 4.92209E-1 5.01512E-1 5.03383E-1 5.05159E-1 6.19379E-1 5.98009E-1 6.18656E-1 5.50636E-1 5.41233E-1 4.71409E-1 5.86696E-1 2.71244E-1 5.79363E-1 5.71728E-1 5.71968E-1 5.81702E-1 3.16472E-1 3.17213E-1 2.93565E-1 3.03108E-1 2.59026E-1 2.81453E-1 2.97448E-1 2.75947E-1 2.92718E-1 3.48367E-1 3.74855E-1 3.45212E-1 3.54615E-1 3.45753E-1 3.44076E-1 3.46735E-1 3.46453E-1 3.35567E-1 3.13501E-1 3.21199E-1 3.34622E-1 3.20501E-1 3.08349E-1 3.21368E-1 3.26515E-1 3.26427E-1 3.1958E-1 3.17121E-1 3.12529E-1 3.09031E-1 -9999 -9999 -9999 -9999 -9999 -9999 -9999 -9999
6.30026E-1 6.35777E-1 6.37414E-1 5.98924E-1 6.28297E-1 6.31589E-1 5.64257E-1 6.2168E-1 5.29199E-1 4.85847E-1 4.99949E-1 6.32717E-1 5.91792E-1 6.07742E-1 5.40425E-1 4.66669E-1 4.47923E-1 5.98563E-1 3.22114E-1 3.93633E-1 5.85814E-1 5.96626E-1 2.87443E-1 2.86456E-1 2.80182E-1 2.69447E-1 2.84999E-1 2.98343E-1 2.57837E-1 3.00865E-1 3.23418E-1 2.99254E-1 3.26449E-1 3.29521E-1 3.50519E-1 4.02836E-1 3.4159E-1 3.35956E-1 3.28273E-1 3.22122E-1 3.26728E-1 3.41287E-1 4.28661E-1 3.61198E-1 3.0694E-1 3.01821E-1 3.14895E-1 3.18007E-1 3.25186E-1 3.28034E-1 3.23571E-1 3.20986E-1 3.08899E-1 -9999 -9999 -9999 -9999 -9999 -9999 -9999 -9999
6.23768E-1 6.34927E-1 6.35828E-1 5.77928E-1 6.53798E-1 6.52063E-1 6.03977E-1 6.42435E-1 6.17653E-1 6.04712E-1 6.30569E-1 6.18398E-1 6.39812E-1 5.905E-1 5.20769E-1 5.31202E-1 4.5966E-1 4.84853E-1 5.89975E-1 5.99123E-1 4.08096E-1 4.26558E-1 2.7819E-1 2.75064E-1 2.99983E-1 2.98122E-1 2.92263E-1 2.88082E-1 2.83697E-1 3.35585E-1 3.52393E-1 2.86462E-1 3.45234E-1 3.19704E-1 3.42946E-1 4.00793E-1 3.40609E-1 3.29123E-1 3.32364E-1 3.15905E-1 3.25822E-1 3.12647E-1 3.48414E-1 3.50579E-1 3.04708E-1 3.09534E-1 3.00748E-1 3.12725E-1 3.22997E-1 3.28034E-1 3.23713E-1 3.20899E-1 3.16327E-1 3.05034E-1 -9999 -9999 -9999 -9999 -9999 -9999 -9999
5.87887E-1 5.33243E-1 6.60335E-1 5.91182E-1 5.72977E-1 5.63143E-1 5.51356E-1 6.14666E-1 6.43646E-1 6.36253E-1 5.7261E-1 6.24352E-1 3.93849E-1 3.108E-1 6.01918E-1 3.51976E-1 3.95711E-1 4.92353E-1 3.0342E-1 2.91592E-1 2.79537E-1 2.73755E-1 2.7033E-1 2.96109E-1 3.13273E-1 2.89885E-1 2.81256E-1 3.10991E-1 2.89617E-1 4.54309E-1 5.27912E-1 2.92494E-1 2.98188E-1 3.10144E-1 3.27824E-1 4.07381E-1 3.39847E-1 3.24486E-1 3.2021E-1 3.64295E-1 3.49658E-1 3.44132E-1 3.28016E-1 3.28016E-1 3.07729E-1 2.99464E-1 2.93585E-1 3.03383E-1 3.163E-1 3.1958E-1 3.31163E-1 3.21905E-1 3.17353E-1 3.1348E-1 -9999 -9999 -9999 -9999 -9999 -9999 -9999
5.43352E-1 6.21505E-1 5.44677E-1 5.11396E-1 5.05325E-1 5.243E-1 5.29721E-1 5.86272E-1 5.41911E-1 6.08552E-1 6.14609E-1 6.1713E-1 5.92806E-1 5.74874E-1 6.27909E-1 3.59171E-1 2.90114E-1 2.75696E-1 2.60228E-1 2.623E-1 2.54168E-1 2.67843E-1 2.87166E-1 2.91992E-1 2.93948E-1 2.8613E-1 2.99726E-1 3.23683E-1 3.22474E-1 5.94987E-1 6.02212E-1 3.50916E-1 2.93597E-1 2.97306E-1 3.13729E-1 4.67516E-1 3.75905E-1 3.59197E-1 3.10253E-1 3.44596E-1 3.03818E-1 3.42142E-1 3.23301E-1 3.30051E-1 3.27893E-1 3.82625E-1 3.30777E-1 2.93753E-1 3.01999E-1 3.13232E-1 4.03964E-1 3.22819E-1 3.21268E-1 3.14433E-1 3.0312E-1 -9999 -9999 -9999 -9999 -9999 -9999
5.37145E-1 6.34923E-1 5.18907E-1 5.14628E-1 5.33602E-1 5.37251E-1 5.22789E-1 5.14042E-1 5.16001E-1 5.3179E-1 5.03727E-1 6.22179E-1 6.07907E-1 5.78198E-1 3.19431E-1 3.04502E-1 2.86745E-1 2.9404E-1 2.85909E-1 2.97565E-1 3.11758E-1 2.97585E-1 2.96407E-1 3.98659E-1 3.32024E-1 3.01537E-1 3.16227E-1 3.43728E-1 3.47397E-1 5.17428E-1 5.63943E-1 5.31703E-1 2.96752E-1 3.07046E-1 3.24303E-1 3.62349E-1 3.28999E-1 3.38974E-1 3.20489E-1 3.75566E-1 3.05344E-1 3.33083E-1 3.5094E-1 3.05359E-1 3.04226E-1 3.83673E-1 3.4332E-1 3.03109E-1 2.92012E-1 3.04785E-1 4.28524E-1 3.1854E-1 3.19135E-1 3.16327E-1 3.22594E-1 -9999 -9999 -9999 -9999 -9999 -9999
5.20245E-1 5.63799E-1 5.24972E-1 5.21752E-1 5.16134E-1 5.39522E-1 5.2349E-1 5.12199E-1 5.18066E-1 5.48646E-1 5.22297E-1 5.11547E-1 4.98378E-1 6.11537E-1 3.75839E-1 2.92584E-1 3.00428E-1 3.00148E-1 3.39516E-1 3.44524E-1 3.04485E-1 2.93267E-1 2.94043E-1 3.47395E-1 3.2017E-1 3.16567E-1 3.87847E-1 5.33517E-1 5.70067E-1 4.84182E-1 5.8295E-1 4.43634E-1 3.03191E-1 3.38159E-1 3.48442E-1 3.28972E-1 3.12235E-1 3.11914E-1 3.31997E-1 3.64726E-1 3.26443E-1 3.07574E-1 3.28875E-1 3.24084E-1 3.26773E-1 3.55975E-1 3.62044E-1 3.31145E-1 3.15383E-1 2.95198E-1 3.56832E-1 3.16176E-1 3.21284E-1 3.18375E-1 3.29562E-1 3.09553E-1 -9999 -9999 -9999 -9999 -9999
5.29554E-1 5.61693E-1 5.20564E-1 5.24617E-1 5.25577E-1 5.34534E-1 5.13399E-1 5.11072E-1 5.17649E-1 5.21437E-1 5.07645E-1 5.33934E-1 5.01422E-1 5.84988E-1 5.79651E-1 3.94222E-1 4.72599E-1 5.80788E-1 6.16295E-1 5.06742E-1 3.99481E-1 3.80957E-1 6.04232E-1 3.1148E-1 3.11799E-1 6.18636E-1 5.35102E-1 5.01465E-1 4.86385E-1 4.70681E-1 5.41075E-1 3.67626E-1 3.26347E-1 3.53405E-1 3.87578E-1 3.52236E-1 3.29165E-1 3.37591E-1 3.43265E-1 3.33529E-1 3.35533E-1 3.31729E-1 3.13843E-1 3.24467E-1 3.23178E-1 3.33586E-1 3.33787E-1 3.8945E-1 3.08975E-1 3.11796E-1 2.93512E-1 3.03012E-1 3.14466E-1 3.19871E-1 3.17267E-1 3.21363E-1 2.96929E-1 -9999 -9999 -9999 -9999
5.79517E-1 5.25978E-1 5.20451E-1 5.19314E-1 5.20978E-1 5.24484E-1 5.18428E-1 5.17816E-1 5.13417E-1 5.09582E-1 5.07145E-1 5.14362E-1 5.26731E-1 4.85646E-1 4.98917E-1 6.11669E-1 5.63522E-1 5.98906E-1 5.89341E-1 5.48323E-1 5.8941E-1 5.90539E-1 5.91094E-1 4.57366E-1 6.27172E-1 4.6981E-1 4.9083E-1 4.90845E-1 4.95119E-1 4.88497E-1 4.74367E-1 6.01849E-1 5.32194E-1 4.25291E-1 3.67458E-1 3.69644E-1 3.45816E-1 3.45282E-1 3.87793E-1 3.45859E-1 3.45352E-1 3.55168E-1 3.23734E-1 3.55097E-1 3.32809E-1 3.03743E-1 3.14024E-1 3.37157E-1 3.47903E-1 3.21885E-1 2.79445E-1 2.9362E-1 3.46499E-1 3.22315E-1 3.2117E-1 3.1867E-1 3.10509E-1 -9999 -9999 -9999 -9999
