Candidate_Models_July82022/M_4_F_lqp_Set_1_cal/Bison.asc
ncols         290
nrows         380
xllcorner     -2197417.7431653
yllcorner     -584827.01486885
cellsize      10000.0
NODATA_value  -9999
[rows 351 to 377 of 380, columns 183 to 243 of 290]
4.98388E-1 4.39016E-1 4.70681E-1 4.60236E-1 5.11293E-1 5.17899E-1 5.20272E-1 5.0849E-1 4.94617E-1 4.90997E-1 4.73706E-1 4.72404E-1 4.726E-1 4.74972E-1 4.65146E-1 4.86274E-1 5.31176E-1 4.88067E-1 4.86176E-1 4.88659E-1 4.92619E-1 4.9309E-1 4.79847E-1 4.84371E-1 4.8627E-1 4.72249E-1 4.68017E-1 4.692E-1 4.5868E-1 4.49472E-1 4.49775E-1 4.6872E-1 4.66556E-1 4.80407E-1 4.55981E-1 4.66762E-1 4.46543E-1 4.5595E-1 4.69793E-1 4.63273E-1 4.71951E-1 4.57979E-1 4.46784E-1 4.53177E-1 4.73638E-1 4.96546E-1 4.81338E-1 4.60368E-1 4.61679E-1 4.54121E-1 4.45554E-1 4.48184E-1 -9999 -9999 -9999 -9999 -9999 -9999 -9999 -9999 -9999
4.49708E-1 4.50955E-1 4.79663E-1 4.57103E-1 4.76737E-1 5.06212E-1 4.96408E-1 4.93563E-1 4.84432E-1 4.83041E-1 4.74767E-1 4.80092E-1 4.79228E-1 4.7605E-1 4.75055E-1 4.76057E-1 4.8187E-1 4.78355E-1 5.01355E-1 4.71406E-1 5.07696E-1 5.08187E-1 4.86121E-1 4.73378E-1 4.83455E-1 4.8246E-1 4.73036E-1 4.68316E-1 4.59377E-1 4.60761E-1 4.69089E-1 4.74488E-1 4.64644E-1 4.62834E-1 4.49274E-1 4.65888E-1 4.52726E-1 4.34822E-1 4.67008E-1 4.71368E-1 4.77083E-1 4.6178E-1 4.58734E-1 4.5631E-1 4.52188E-1 4.75937E-1 4.99674E-1 4.68798E-1 4.6741E-1 4.54259E-1 4.41967E-1 4.49764E-1 -9999 -9999 -9999 -9999 -9999 -9999 -9999 -9999 -9999
5.2634E-1 4.37999E-1 4.65392E-1 4.53472E-1 4.76179E-1 4.69975E-1 4.65409E-1 4.8281E-1 4.83181E-1 4.77634E-1 4.77257E-1 4.74126E-1 5.01754E-1 4.8502E-1 4.74229E-1 4.74306E-1 4.84631E-1 4.91659E-1 4.91294E-1 4.91486E-1 4.87723E-1 5.14723E-1 4.68619E-1 4.89262E-1 4.74278E-1 4.76997E-1 4.55394E-1 4.48655E-1 4.576E-1 4.61866E-1 4.71657E-1 4.60109E-1 4.63446E-1 4.5143E-1 4.4954E-1 4.36445E-1 4.42762E-1 4.5159E-1 4.57966E-1 4.68293E-1 4.79703E-1 4.5735E-1 4.60907E-1 4.55939E-1 4.66831E-1 4.70259E-1 4.68906E-1 4.64524E-1 4.73427E-1 4.79013E-1 4.47608E-1 4.39985E-1 -9999 -9999 -9999 -9999 -9999 -9999 -9999 -9999 -9999
4.73429E-1 5.0807E-1 4.49374E-1 4.56459E-1 4.57977E-1 4.70366E-1 4.6243E-1 4.66771E-1 4.63642E-1 4.80822E-1 4.70209E-1 4.69259E-1 4.71265E-1 4.71611E-1 4.69354E-1 4.72493E-1 5.21067E-1 4.71253E-1 4.89606E-1 4.79054E-1 4.9892E-1 4.71777E-1 4.78918E-1 4.60437E-1 4.82481E-1 4.61491E-1 4.58026E-1 4.53436E-1 4.4869E-1 4.43186E-1 4.48114E-1 4.61741E-1 4.52362E-1 4.34663E-1 4.48518E-1 4.49632E-1 4.40103E-1 4.55607E-1 4.52142E-1 4.55302E-1 4.55954E-1 4.59748E-1 4.62064E-1 4.77546E-1 4.5922E-1 4.68902E-1 4.67892E-1 4.5955E-1 4.66525E-1 4.5529E-1 4.59829E-1 4.50053E-1 -9999 -9999 -9999 -9999 -9999 -9999 -9999 -9999 -9999
5.24511E-1 4.48663E-1 4.4397E-1 4.60717E-1 4.39224E-1 4.60606E-1 5.58391E-1 5.09605E-1 4.50697E-1 4.54574E-1 4.73181E-1 4.72733E-1 4.60997E-1 4.64388E-1 4.72555E-1 4.85307E-1 4.89826E-1 4.74576E-1 4.86288E-1 4.91313E-1 4.85605E-1 4.77242E-1 4.73645E-1 4.80716E-1 4.78248E-1 4.59943E-1 4.58316E-1 4.64146E-1 4.64974E-1 4.6649E-1 4.54062E-1 4.44683E-1 4.42325E-1 4.40641E-1 4.50561E-1 4.30971E-1 4.44982E-1 4.40544E-1 4.40817E-1 4.55412E-1 4.59501E-1 4.51817E-1 4.55706E-1 4.59043E-1 4.67795E-1 4.68128E-1 4.6771E-1 4.63458E-1 4.49701E-1 4.51367E-1 4.47564E-1 4.48576E-1 -9999 -9999 -9999 -9999 -9999 -9999 -9999 -9999 -9999
4.66471E-1 4.5002E-1 4.85749E-1 4.49381E-1 4.26849E-1 4.52611E-1 5.33188E-1 4.47862E-1 4.61195E-1 4.56152E-1 4.53563E-1 4.57032E-1 4.66875E-1 4.73827E-1 4.58615E-1 4.73938E-1 4.84995E-1 4.70657E-1 4.83538E-1 4.79195E-1 4.58841E-1 4.82904E-1 4.82459E-1 4.70387E-1 4.52486E-1 4.55008E-1 4.51798E-1 4.56984E-1 4.50696E-1 4.31153E-1 4.53271E-1 4.49638E-1 4.38673E-1 4.93462E-1 5.35139E-1 4.48871E-1 4.58896E-1 4.51628E-1 4.45475E-1 4.54265E-1 4.44395E-1 4.55173E-1 5.30058E-1 5.08169E-1 4.72345E-1 4.69597E-1 4.67985E-1 4.64864E-1 4.54144E-1 4.54345E-1 4.44854E-1 4.4475E-1 -9999 -9999 -9999 -9999 -9999 -9999 -9999 -9999 -9999
4.45664E-1 4.92883E-1 4.61126E-1 4.51378E-1 4.67772E-1 4.95221E-1 5.48611E-1 4.68287E-1 4.41107E-1 4.53503E-1 4.37937E-1 4.49126E-1 4.50579E-1 4.51181E-1 4.62242E-1 4.82278E-1 5.2645E-1 4.89593E-1 4.63019E-1 4.48698E-1 4.63005E-1 4.77379E-1 4.70442E-1 4.74607E-1 4.64285E-1 4.63034E-1 4.56429E-1 4.59035E-1 4.64254E-1 4.43957E-1 4.46034E-1 4.2768E-1 4.41599E-1 4.40502E-1 4.67284E-1 4.46088E-1 4.49467E-1 4.47245E-1 4.48241E-1 4.49325E-1 4.33607E-1 4.42503E-1 4.48283E-1 4.42599E-1 4.67976E-1 4.65714E-1 4.64629E-1 4.62008E-1 4.50222E-1 4.46226E-1 4.4694E-1 4.48507E-1 -9999 -9999 -9999 -9999 -9999 -9999 -9999 -9999 -9999
4.52601E-1 4.39776E-1 4.4955E-1 4.54933E-1 4.56645E-1 4.49356E-1 4.52336E-1 4.85116E-1 4.75159E-1 4.08705E-1 4.50392E-1 4.37881E-1 4.38297E-1 4.53506E-1 4.65501E-1 4.56555E-1 4.88433E-1 4.63383E-1 4.59201E-1 4.75386E-1 4.71649E-1 4.50945E-1 4.41282E-1 4.55023E-1 4.7714E-1 4.71535E-1 4.59364E-1 4.57291E-1 4.68014E-1 4.53781E-1 4.55431E-1 4.55827E-1 4.51711E-1 4.43212E-1 4.39728E-1 4.48846E-1 4.48375E-1 4.52842E-1 4.31051E-1 4.50037E-1 4.50847E-1 4.50895E-1 4.40714E-1 4.60332E-1 4.65742E-1 4.39719E-1 4.54732E-1 4.55272E-1 4.49058E-1 4.42744E-1 4.3629E-1 4.4121E-1 -9999 -9999 -9999 -9999 -9999 -9999 -9999 -9999 -9999
4.56255E-1 4.30354E-1 4.27823E-1 4.71319E-1 4.49357E-1 4.33605E-1 4.52587E-1 4.39522E-1 4.31803E-1 4.3804E-1 4.37415E-1 4.3722E-1 4.39217E-1 4.33882E-1 4.49406E-1 4.64305E-1 4.54777E-1 4.57549E-1 4.67826E-1 4.68143E-1 4.7377E-1 4.569E-1 4.75774E-1 4.65159E-1 4.5922E-1 4.6759E-1 4.60052E-1 4.5732E-1 4.52114E-1 4.56965E-1 4.50429E-1 4.48935E-1 4.46659E-1 4.44843E-1 4.42966E-1 4.41204E-1 4.46424E-1 4.39371E-1 4.34402E-1 4.39049E-1 4.54188E-1 4.40493E-1 4.51503E-1 4.43366E-1 4.47792E-1 4.43862E-1 4.40217E-1 4.43996E-1 4.46265E-1 4.41419E-1 4.23898E-1 -9999 -9999 -9999 -9999 -9999 -9999 -9999 -9999 -9999 -9999
4.94374E-1 4.79074E-1 4.86348E-1 4.8743E-1 4.71014E-1 4.60396E-1 4.58813E-1 4.50631E-1 4.54456E-1 4.71364E-1 4.53354E-1 4.30049E-1 4.35405E-1 4.35236E-1 4.31133E-1 4.41189E-1 4.53852E-1 4.61945E-1 4.46805E-1 4.55642E-1 4.59132E-1 4.57611E-1 4.61096E-1 4.62401E-1 4.50713E-1 4.48427E-1 4.5262E-1 4.54817E-1 4.54177E-1 4.49675E-1 4.5531E-1 4.4443E-1 4.43044E-1 4.3983E-1 4.25313E-1 4.23685E-1 4.44662E-1 4.35022E-1 4.46558E-1 4.50744E-1 4.37548E-1 4.5144E-1 4.40169E-1 4.39611E-1 4.49756E-1 4.32915E-1 4.29996E-1 4.32778E-1 4.43542E-1 4.3417E-1 4.35477E-1 -9999 -9999 -9999 -9999 -9999 -9999 -9999 -9999 -9999 -9999
5.03717E-1 4.82141E-1 5.09014E-1 4.97285E-1 4.60144E-1 4.78974E-1 4.70393E-1 4.77758E-1 4.85508E-1 4.72813E-1 4.646E-1 4.56874E-1 4.57259E-1 4.54437E-1 4.51635E-1 4.29484E-1 4.1079E-1 4.40293E-1 4.54954E-1 4.51512E-1 4.62275E-1 4.56485E-1 4.5509E-1 4.4935E-1 4.52685E-1 4.49504E-1 4.53877E-1 4.44609E-1 4.47795E-1 4.49175E-1 4.47902E-1 4.57071E-1 4.61097E-1 4.57885E-1 4.28561E-1 4.41221E-1 4.39177E-1 4.47769E-1 4.30677E-1 4.35709E-1 4.30466E-1 4.22094E-1 4.29282E-1 4.25641E-1 4.31671E-1 4.3057E-1 4.39287E-1 4.48688E-1 4.24853E-1 4.39967E-1 4.33419E-1 -9999 -9999 -9999 -9999 -9999 -9999 -9999 -9999 -9999 -9999
4.70501E-1 4.63273E-1 4.70223E-1 4.57057E-1 4.57974E-1 4.54077E-1 4.52491E-1 4.55403E-1 4.57463E-1 4.74342E-1 4.62894E-1 4.59315E-1 4.53022E-1 4.47369E-1 4.26003E-1 4.51845E-1 4.65136E-1 4.39528E-1 4.43463E-1 4.19101E-1 4.95081E-1 4.97484E-1 4.47916E-1 4.46065E-1 4.59518E-1 4.59018E-1 4.59384E-1 4.46979E-1 4.54915E-1 4.51689E-1 4.42838E-1 4.5958E-1 4.63973E-1 4.64205E-1 4.56312E-1 4.46548E-1 4.3415E-1 4.36141E-1 4.41693E-1 4.34491E-1 4.33181E-1 4.15895E-1 4.31348E-1 4.24661E-1 4.30764E-1 5.05776E-1 4.67583E-1 4.32361E-1 4.20739E-1 4.17084E-1 4.29573E-1 -9999 -9999 -9999 -9999 -9999 -9999 -9999 -9999 -9999 -9999
5.04346E-1 4.85441E-1 4.7382E-1 4.55466E-1 4.8845E-1 4.62293E-1 4.57904E-1 4.69916E-1 4.61282E-1 4.63145E-1 4.34575E-1 4.56502E-1 4.29521E-1 4.44179E-1 4.38191E-1 4.39623E-1 4.44819E-1 4.48795E-1 4.50634E-1 4.50559E-1 4.37387E-1 6.11298E-1 6.08368E-1 4.30346E-1 4.51469E-1 4.59833E-1 4.67351E-1 4.48474E-1 4.64574E-1 4.62573E-1 4.57708E-1 4.62432E-1 4.56519E-1 4.60476E-1 4.57231E-1 4.54767E-1 4.39799E-1 4.26022E-1 4.307E-1 4.35208E-1 4.40718E-1 4.32267E-1 4.18334E-1 4.28217E-1 4.29111E-1 4.19251E-1 4.33314E-1 4.24059E-1 4.20611E-1 4.16216E-1 4.11059E-1 -9999 -9999 -9999 -9999 -9999 -9999 -9999 -9999 -9999 -9999
5.25451E-1 5.31545E-1 4.98738E-1 5.06583E-1 4.73057E-1 4.68115E-1 4.75158E-1 4.98164E-1 4.74461E-1 4.67735E-1 4.49238E-1 4.80051E-1 4.40751E-1 4.38171E-1 4.21868E-1 4.26089E-1 4.41913E-1 4.3058E-1 4.41868E-1 4.47678E-1 4.41159E-1 4.34351E-1 4.61623E-1 4.43502E-1 4.50145E-1 4.55575E-1 4.59729E-1 5.36495E-1 4.49495E-1 4.64616E-1 6.00605E-1 4.59282E-1 4.5116E-1 4.4971E-1 4.46412E-1 4.4266E-1 4.42532E-1 4.45643E-1 4.31509E-1 4.26537E-1 4.27964E-1 4.18517E-1 4.26191E-1 4.24178E-1 4.1762E-1 4.13815E-1 4.01761E-1 4.14101E-1 4.22809E-1 4.04197E-1 4.0776E-1 -9999 -9999 -9999 -9999 -9999 -9999 -9999 -9999 -9999 -9999
4.74246E-1 4.95167E-1 4.78556E-1 4.89773E-1 4.7606E-1 4.74865E-1 4.62542E-1 4.72375E-1 4.84096E-1 5.10907E-1 4.65802E-1 4.62284E-1 4.55028E-1 4.50322E-1 4.41977E-1 4.31825E-1 4.26798E-1 4.31157E-1 4.18487E-1 4.31333E-1 4.22727E-1 4.28538E-1 4.31819E-1 4.35767E-1 4.36304E-1 4.41224E-1 4.51277E-1 4.67837E-1 4.47903E-1 4.53978E-1 4.99804E-1 4.5256E-1 4.80344E-1 4.40515E-1 4.41074E-1 4.37434E-1 4.31599E-1 4.26625E-1 4.13264E-1 4.08219E-1 4.18342E-1 4.13809E-1 4.23886E-1 4.13326E-1 4.12517E-1 4.13064E-1 4.06944E-1 4.00891E-1 4.00593E-1 4.04398E-1 4.026E-1 -9999 -9999 -9999 -9999 -9999 -9999 -9999 -9999 -9999 -9999
4.98172E-1 4.68705E-1 4.87927E-1 4.66929E-1 4.6359E-1 4.70333E-1 4.72552E-1 4.6498E-1 5.26693E-1 4.81358E-1 4.52277E-1 4.54638E-1 4.45201E-1 4.40565E-1 4.78408E-1 4.20302E-1 4.10125E-1 4.24169E-1 4.35835E-1 4.35589E-1 4.31479E-1 4.28547E-1 4.24679E-1 4.25194E-1 4.27883E-1 4.3571E-1 4.49475E-1 4.49727E-1 4.49484E-1 4.50715E-1 4.56775E-1 4.61656E-1 4.87201E-1 4.62922E-1 4.37261E-1 4.51842E-1 4.33543E-1 4.31452E-1 4.23987E-1 4.26926E-1 4.16299E-1 4.25554E-1 4.15104E-1 4.12619E-1 4.12009E-1 4.03697E-1 4.06265E-1 4.05476E-1 4.01105E-1 3.9886E-1 5.70254E-1 -9999 -9999 -9999 -9999 -9999 -9999 -9999 -9999 -9999 -9999
4.68885E-1 4.65033E-1 4.88503E-1 4.67812E-1 4.62204E-1 4.63118E-1 5.15548E-1 4.58133E-1 4.80101E-1 4.93116E-1 4.4262E-1 4.43699E-1 4.35306E-1 4.133E-1 4.29165E-1 4.42295E-1 4.3903E-1 4.37672E-1 4.29736E-1 4.28497E-1 4.24816E-1 4.24424E-1 4.25917E-1 4.18709E-1 4.23414E-1 4.33649E-1 4.3824E-1 4.44797E-1 4.36476E-1 4.39336E-1 4.37888E-1 4.68114E-1 4.45792E-1 4.46979E-1 4.0969E-1 4.09914E-1 4.39825E-1 4.29585E-1 4.23363E-1 4.23328E-1 4.14178E-1 4.2017E-1 4.19011E-1 4.15457E-1 4.12098E-1 4.09551E-1 4.03136E-1 4.03507E-1 4.05545E-1 3.99212E-1 4.92202E-1 -9999 -9999 -9999 -9999 -9999 -9999 -9999 -9999 -9999 -9999
4.77401E-1 4.79685E-1 4.71367E-1 4.52445E-1 4.83628E-1 4.53293E-1 4.79036E-1 4.67273E-1 5.15666E-1 4.78708E-1 4.48401E-1 4.34165E-1 4.40416E-1 4.53361E-1 4.48248E-1 4.36523E-1 4.34114E-1 4.28017E-1 4.25977E-1 4.27013E-1 4.1899E-1 4.11774E-1 4.12499E-1 4.09677E-1 4.22464E-1 4.34072E-1 4.31787E-1 4.19093E-1 4.29877E-1 4.21438E-1 4.14721E-1 4.23181E-1 4.29301E-1 4.33906E-1 4.33508E-1 4.22805E-1 4.37917E-1 4.21131E-1 4.56494E-1 4.2517E-1 4.21086E-1 4.14472E-1 4.08108E-1 4.10257E-1 4.08496E-1 4.02608E-1 4.13051E-1 4.02686E-1 4.00088E-1 3.90167E-1 3.92538E-1 -9999 -9999 -9999 -9999 -9999 -9999 -9999 -9999 -9999 -9999
4.97873E-1 4.76495E-1 4.8685E-1 4.669E-1 4.66978E-1 4.64001E-1 4.72545E-1 4.47649E-1 4.82452E-1 5.47784E-1 4.4936E-1 4.61014E-1 4.58117E-1 4.4828E-1 4.45377E-1 4.35598E-1 4.29317E-1 4.23658E-1 4.22523E-1 4.23209E-1 4.16851E-1 4.13206E-1 4.01711E-1 4.14356E-1 4.10829E-1 4.21583E-1 4.18163E-1 4.27849E-1 4.12899E-1 4.31097E-1 4.17951E-1 4.05338E-1 4.1087E-1 4.19456E-1 4.22557E-1 4.21757E-1 4.32368E-1 4.87341E-1 4.51586E-1 4.13764E-1 4.11494E-1 4.18409E-1 4.06323E-1 4.12552E-1 5.25549E-1 4.02503E-1 4.00845E-1 4.01501E-1 3.93869E-1 3.86627E-1 3.87588E-1 -9999 -9999 -9999 -9999 -9999 -9999 -9999 -9999 -9999 -9999
4.88859E-1 5.13493E-1 4.73047E-1 4.67568E-1 4.69767E-1 4.74922E-1 4.73305E-1 4.64972E-1 4.63859E-1 4.57483E-1 4.52298E-1 4.60313E-1 4.53852E-1 4.46177E-1 4.3667E-1 4.30011E-1 4.22999E-1 4.24718E-1 4.18722E-1 4.22219E-1 4.19829E-1 4.11329E-1 4.06681E-1 4.03612E-1 4.11583E-1 4.12662E-1 4.16672E-1 4.08428E-1 3.99383E-1 4.17276E-1 4.21961E-1 4.05856E-1 4.11697E-1 4.12761E-1 4.17563E-1 4.11859E-1 4.11038E-1 4.28461E-1 4.23688E-1 4.23938E-1 4.15226E-1 4.06671E-1 4.03026E-1 3.95097E-1 3.96647E-1 3.96523E-1 3.97143E-1 3.98599E-1 3.96847E-1 3.91484E-1 5.23843E-1 -9999 -9999 -9999 -9999 -9999 -9999 -9999 -9999 -9999 -9999
4.75032E-1 4.87169E-1 5.17498E-1 4.72267E-1 4.7065E-1 4.88859E-1 4.68553E-1 4.58966E-1 5.04634E-1 4.6377E-1 4.65289E-1 4.5244E-1 4.48013E-1 4.43336E-1 4.40324E-1 4.28731E-1 4.14818E-1 4.17906E-1 4.1661E-1 4.15586E-1 4.15913E-1 4.11423E-1 4.04009E-1 4.1542E-1 3.94784E-1 3.87472E-1 4.09446E-1 3.87504E-1 3.94266E-1 3.87818E-1 4.1104E-1 4.16708E-1 3.94276E-1 3.83509E-1 4.09026E-1 4.05624E-1 4.04843E-1 4.0759E-1 4.14232E-1 4.13698E-1 4.09078E-1 3.98322E-1 3.93465E-1 3.96199E-1 3.99181E-1 4.14406E-1 3.94096E-1 3.95544E-1 3.97941E-1 3.94232E-1 3.93581E-1 -9999 -9999 -9999 -9999 -9999 -9999 -9999 -9999 -9999 -9999
5.93026E-1 4.97035E-1 5.15046E-1 4.9073E-1 4.83827E-1 4.89157E-1 4.7338E-1 4.57698E-1 4.84485E-1 4.50893E-1 4.54179E-1 4.46223E-1 4.42081E-1 4.31603E-1 4.31262E-1 4.24843E-1 4.21409E-1 4.12126E-1 4.09301E-1 4.10277E-1 4.12219E-1 4.15784E-1 4.05829E-1 4.2098E-1 3.98092E-1 4.02078E-1 3.85726E-1 4.04718E-1 3.96955E-1 3.91006E-1 3.98568E-1 3.96367E-1 4.06128E-1 4.02665E-1 4.42597E-1 4.03293E-1 3.97527E-1 4.0387E-1 4.03839E-1 4.06214E-1 3.96671E-1 4.18368E-1 4.14655E-1 3.94955E-1 3.94352E-1 3.96356E-1 3.94091E-1 3.89989E-1 3.88912E-1 3.91031E-1 3.84766E-1 -9999 -9999 -9999 -9999 -9999 -9999 -9999 -9999 -9999 -9999
4.76077E-1 5.6661E-1 4.83562E-1 4.87451E-1 5.5676E-1 5.02521E-1 4.60279E-1 4.57477E-1 4.59488E-1 4.60581E-1 4.55781E-1 4.54783E-1 4.43866E-1 4.25759E-1 4.23626E-1 4.16093E-1 4.15006E-1 4.06357E-1 4.05289E-1 4.03852E-1 4.06261E-1 4.1065E-1 4.10087E-1 4.0943E-1 4.02542E-1 3.97587E-1 3.82218E-1 3.80429E-1 3.95378E-1 3.88148E-1 4.37024E-1 3.99327E-1 4.00144E-1 4.01286E-1 4.03747E-1 3.99694E-1 3.85993E-1 4.00358E-1 3.93238E-1 4.02782E-1 3.98773E-1 4.0505E-1 4.01519E-1 4.02882E-1 3.99476E-1 3.90942E-1 3.89744E-1 3.89881E-1 3.87528E-1 3.91483E-1 3.92846E-1 -9999 -9999 -9999 -9999 -9999 -9999 -9999 -9999 -9999 -9999
5.02601E-1 4.73025E-1 4.79022E-1 4.79388E-1 4.93856E-1 5.24128E-1 4.64282E-1 4.56889E-1 4.63299E-1 4.73735E-1 4.55341E-1 4.46725E-1 4.35331E-1 4.24358E-1 4.22492E-1 4.17179E-1 4.08529E-1 4.02917E-1 4.01321E-1 3.98401E-1 3.98189E-1 4.05438E-1 4.0187E-1 4.02981E-1 3.92252E-1 3.88875E-1 3.81337E-1 3.74759E-1 3.90979E-1 3.83603E-1 3.87449E-1 4.30563E-1 3.89324E-1 3.91506E-1 3.82229E-1 3.74658E-1 3.73053E-1 3.85013E-1 3.91941E-1 3.91273E-1 3.92054E-1 3.89869E-1 3.97629E-1 3.97074E-1 3.93721E-1 3.93324E-1 3.87717E-1 3.86742E-1 3.88018E-1 3.8578E-1 3.87879E-1 -9999 -9999 -9999 -9999 -9999 -9999 -9999 -9999 -9999 -9999
5.16854E-1 5.04356E-1 4.69455E-1 4.6921E-1 4.82275E-1 4.68272E-1 4.6782E-1 4.71963E-1 4.63702E-1 4.9083E-1 4.57913E-1 4.4017E-1 4.35854E-1 4.30135E-1 4.17396E-1 4.12927E-1 4.06003E-1 4.05571E-1 3.96009E-1 3.95482E-1 3.94025E-1 3.90782E-1 3.97186E-1 3.92082E-1 3.84447E-1 3.84704E-1 3.92275E-1 4.98496E-1 3.82452E-1 3.9091E-1 3.68532E-1 3.87771E-1 3.79209E-1 3.79752E-1 3.79416E-1 3.8417E-1 3.80313E-1 3.82394E-1 3.68569E-1 3.81192E-1 3.74311E-1 3.83357E-1 3.82309E-1 3.89618E-1 3.85616E-1 3.82345E-1 3.83038E-1 3.80107E-1 3.8432E-1 3.82064E-1 3.83266E-1 -9999 -9999 -9999 -9999 -9999 -9999 -9999 -9999 -9999 -9999
5.63321E-1 5.01422E-1 4.73529E-1 4.9123E-1 5.13863E-1 4.62609E-1 4.79301E-1 4.86887E-1 4.85613E-1 4.97306E-1 4.53667E-1 4.48523E-1 4.32153E-1 4.17563E-1 4.17341E-1 4.09462E-1 3.92704E-1 4.2408E-1 4.01461E-1 3.78036E-1 3.80508E-1 3.84104E-1 3.83504E-1 3.92088E-1 3.74396E-1 3.72846E-1 3.80989E-1 3.83738E-1 3.90219E-1 3.82281E-1 3.70221E-1 3.79849E-1 3.79694E-1 3.69706E-1 3.72577E-1 3.84015E-1 3.83907E-1 3.72874E-1 3.60344E-1 3.81081E-1 3.86183E-1 3.92026E-1 5.46648E-1 4.85936E-1 3.68258E-1 3.77233E-1 3.66599E-1 3.61362E-1 3.66592E-1 3.66419E-1 3.74847E-1 -9999 -9999 -9999 -9999 -9999 -9999 -9999 -9999 -9999 -9999
4.91096E-1 4.89671E-1 5.16037E-1 4.84235E-1 5.10204E-1 5.01836E-1 4.73099E-1 5.25512E-1 5.15265E-1 5.06544E-1 4.56053E-1 4.43735E-1 4.31433E-1 4.2226E-1 4.18246E-1 4.1203E-1 4.10866E-1 4.07412E-1 3.91497E-1 3.78376E-1 3.93582E-1 4.15431E-1 3.96063E-1 3.79476E-1 3.5987E-1 3.82147E-1 3.77496E-1 3.84563E-1 3.7835E-1 3.77365E-1 3.70409E-1 3.64653E-1 3.67265E-1 3.72079E-1 3.67852E-1 3.68877E-1 3.68393E-1 3.79336E-1 3.82528E-1 3.85363E-1 3.75374E-1 3.69764E-1 3.71098E-1 3.65775E-1 3.76822E-1 3.74687E-1 3.73963E-1 3.61849E-1 3.67783E-1 3.80368E-1 3.82631E-1 -9999 -9999 -9999 -9999 -9999 -9999 -9999 -9999 -9999 -9999
