Candidate_Models_July82022/M_4_F_lqp_Set_1_cal/Bison.asc
ncols         290
nrows         380
xllcorner     -2197417.7431653
yllcorner     -584827.01486885
cellsize      10000.0
NODATA_value  -9999
[rows 81 to 107 of 380, columns 122 to 182 of 290]
6.26149E-2 8.8164E-2 1.5122E-1 8.73629E-2 8.71203E-2 7.46426E-2 7.37225E-2 1.15362E-1 9.1632E-2 8.70757E-2 1.07614E-1 8.69095E-2 6.23843E-2 5.96963E-2 6.48471E-2 6.14877E-2 6.03149E-2 5.79494E-2 5.37756E-2 4.87313E-2 4.56249E-2 4.58595E-2 4.27548E-2 3.85112E-2 4.10531E-2 3.88632E-2 3.97875E-2 3.87766E-2 3.87691E-2 3.98065E-2 3.80318E-2 3.85008E-2 3.62416E-2 3.50423E-2 3.43961E-2 3.70479E-2 3.43972E-2 3.54096E-2 2.90048E-2 2.79416E-2 2.74604E-2 2.55364E-2 2.30589E-2 2.29966E-2 2.17485E-2 2.05142E-2 2.23591E-2 2.14605E-2 2.01878E-2 2.01066E-2 2.03454E-2 1.67449E-2 1.87189E-2 1.9742E-2 2.03718E-2 1.99037E-2 2.00296E-2 1.87602E-2 1.7476E-2 2.68928E-2 2.23494E-2
8.71579E-2 2.59751E-1 1.4804E-1 7.19294E-2 7.00973E-2 6.81316E-2 6.83146E-2 6.65701E-2 1.66148E-1 3.49853E-1 1.69669E-1 8.06351E-2 5.62766E-2 6.44962E-2 6.13692E-2 5.77867E-2 3.84772E-2 -9999 4.84636E-2 4.20181E-2 4.54981E-2 4.51776E-2 3.87817E-2 3.9028E-2 3.99544E-2 3.73384E-2 3.97194E-2 3.62357E-2 3.88886E-2 3.68157E-2 3.8617E-2 3.74548E-2 3.77167E-2 3.38897E-2 3.35401E-2 3.31904E-2 3.20264E-2 3.43065E-2 2.95725E-2 2.96532E-2 2.79778E-2 2.51014E-2 2.36555E-2 2.21075E-2 2.21283E-2 2.16193E-2 2.0547E-2 2.03771E-2 2.05268E-2 2.08304E-2 1.86052E-2 1.66256E-2 1.89361E-2 1.9468E-2 1.93794E-2 1.97208E-2 1.87359E-2 2.07544E-2 1.84553E-2 2.02724E-2 2.0672E-2
7.19355E-2 5.97154E-2 6.63916E-2 6.71395E-2 6.70832E-2 6.46399E-2 6.35176E-2 6.07173E-2 7.11498E-2 5.70356E-2 1.40687E-1 8.09139E-2 6.25903E-2 6.28463E-2 5.48463E-2 5.30015E-2 5.23841E-2 4.83723E-2 5.05296E-2 4.57886E-2 4.51061E-2 4.31297E-2 4.01446E-2 4.1859E-2 4.25124E-2 3.79986E-2 3.71901E-2 3.75298E-2 3.42484E-2 3.58791E-2 3.75646E-2 4.37458E-2 6.85454E-2 3.36698E-2 3.36194E-2 3.42627E-2 3.0199E-2 3.03421E-2 2.785E-2 2.88617E-2 2.64493E-2 2.63017E-2 2.96483E-2 2.24887E-2 2.10257E-2 2.20593E-2 2.16534E-2 1.89979E-2 1.98997E-2 1.90918E-2 1.66E-2 -9999 1.89896E-2 1.99621E-2 1.9656E-2 2.05135E-2 2.0067E-2 2.17856E-2 2.09014E-2 2.16133E-2 1.80793E-2
6.64465E-2 6.64125E-2 6.59666E-2 6.45822E-2 6.64363E-2 7.15472E-2 5.97455E-2 8.40834E-2 5.86086E-2 6.35438E-2 6.39367E-2 5.69503E-2 5.86336E-2 7.26438E-2 5.21575E-2 4.62526E-2 4.57179E-2 5.00474E-2 5.08565E-2 4.51245E-2 4.22836E-2 4.31417E-2 3.92624E-2 4.23348E-2 4.00959E-2 3.80387E-2 3.64272E-2 3.58242E-2 3.79884E-2 3.82428E-2 3.75092E-2 7.10936E-2 4.13992E-2 3.36204E-2 3.19717E-2 3.34604E-2 3.05949E-2 2.96012E-2 3.04707E-2 3.01969E-2 2.74108E-2 2.50386E-2 2.49491E-2 2.32098E-2 2.28395E-2 2.2291E-2 2.19463E-2 2.00533E-2 2.12283E-2 1.92696E-2 1.97843E-2 1.99808E-2 2.00258E-2 2.02324E-2 2.25033E-2 2.14429E-2 2.02467E-2 2.04264E-2 1.58472E-2 2.00636E-2 1.85068E-2
6.42081E-2 6.4276E-2 6.39379E-2 6.51976E-2 7.57253E-2 6.97594E-2 5.57105E-2 1.11287E-1 6.93061E-2 9.87307E-2 8.29002E-2 6.84887E-2 4.72361E-2 1.00129E-1 5.123E-2 4.8443E-2 5.12056E-2 4.84268E-2 4.69013E-2 4.58617E-2 4.51435E-2 4.1571E-2 4.07379E-2 4.12268E-2 3.63495E-2 3.85483E-2 3.78644E-2 3.5593E-2 3.63743E-2 3.78741E-2 3.64717E-2 3.64547E-2 4.31488E-2 3.18396E-2 3.34386E-2 3.33015E-2 2.87028E-2 2.90719E-2 2.84954E-2 2.74852E-2 2.73988E-2 2.51466E-2 2.29695E-2 2.54869E-2 2.26014E-2 2.16532E-2 2.13096E-2 2.00968E-2 2.01731E-2 2.06093E-2 2.00437E-2 1.85816E-2 1.6698E-2 1.92768E-2 2.07052E-2 2.17947E-2 2.37085E-2 2.27422E-2 1.99622E-2 1.80779E-2 1.95721E-2
6.31591E-2 6.6603E-2 7.42252E-2 6.03962E-2 1.80014E-1 2.00217E-1 5.44616E-2 6.75345E-2 5.72038E-2 5.48477E-2 6.26566E-2 5.65893E-2 5.37062E-2 4.67261E-2 4.86168E-2 9.71741E-2 5.07456E-2 4.98418E-2 4.36654E-2 4.59835E-2 4.14363E-2 4.29058E-2 4.03391E-2 4.11099E-2 3.60576E-2 3.76037E-2 3.93086E-2 3.93803E-2 3.60254E-2 3.48664E-2 3.66537E-2 3.76193E-2 3.41928E-2 3.49232E-2 2.89593E-2 3.08686E-2 3.03534E-2 2.95945E-2 2.80491E-2 2.9024E-2 2.69919E-2 2.51318E-2 2.2201E-2 2.34551E-2 2.33512E-2 2.18225E-2 2.12376E-2 1.97454E-2 1.99646E-2 1.92437E-2 1.87527E-2 1.95514E-2 1.87338E-2 1.87388E-2 2.00409E-2 1.89956E-2 2.04514E-2 2.11246E-2 2.43175E-2 1.78929E-2 1.87269E-2
7.0148E-2 5.64068E-2 7.59612E-2 1.4531E-1 1.35021E-1 1.18213E-1 6.0646E-2 7.25466E-2 6.18443E-2 6.08077E-2 5.50317E-2 5.40935E-2 4.8617E-2 5.3224E-2 4.78583E-2 5.26978E-2 4.24725E-2 5.44164E-2 4.64275E-2 4.3531E-2 4.08093E-2 4.12659E-2 4.03202E-2 3.81648E-2 3.67466E-2 3.9274E-2 3.85711E-2 2.62508E-2 3.15059E-2 -9999 3.62115E-2 3.20598E-2 3.30343E-2 3.31777E-2 3.21823E-2 2.89575E-2 2.66079E-2 2.83254E-2 2.89961E-2 2.85012E-2 2.66126E-2 2.6547E-2 2.58628E-2 2.33355E-2 2.40134E-2 2.29957E-2 2.43743E-2 2.14585E-2 2.05906E-2 2.05774E-2 1.96246E-2 1.92391E-2 1.82349E-2 1.93826E-2 2.02881E-2 1.97465E-2 1.89635E-2 2.11048E-2 2.34896E-2 2.10779E-2 1.87511E-2
1.90112E-1 8.03585E-2 5.43348E-2 1.01982E-1 1.12775E-1 9.34752E-2 6.82258E-2 7.63592E-2 6.10388E-2 6.37577E-2 5.48957E-2 4.7661E-2 5.40763E-2 5.03352E-2 4.93459E-2 4.10665E-2 4.44143E-2 4.5048E-2 4.6575E-2 4.21896E-2 4.24007E-2 3.9339E-2 3.91163E-2 3.96891E-2 3.95284E-2 3.69488E-2 3.51967E-2 3.56641E-2 2.96163E-2 3.17982E-2 2.93866E-2 3.37859E-2 3.50228E-2 3.08856E-2 2.97065E-2 3.23952E-2 2.95365E-2 2.9963E-2 3.00916E-2 2.92373E-2 2.67625E-2 2.63365E-2 2.43352E-2 2.44345E-2 2.41236E-2 2.37351E-2 2.32354E-2 2.30317E-2 2.15966E-2 2.08678E-2 2.00798E-2 1.91785E-2 1.87126E-2 1.93116E-2 1.99413E-2 2.21161E-2 2.16532E-2 2.09492E-2 2.02058E-2 1.91319E-2 1.86251E-2
1.35036E-1 7.832E-2 6.35713E-2 5.56941E-2 8.57795E-2 1.30685E-1 6.00477E-2 9.31296E-2 8.07329E-2 5.5792E-2 5.08884E-2 5.3874E-2 5.62402E-2 5.20389E-2 4.61705E-2 5.11265E-2 4.33479E-2 4.35827E-2 4.60261E-2 4.21148E-2 3.76716E-2 4.23519E-2 3.85197E-2 4.06294E-2 3.91075E-2 3.59176E-2 3.57471E-2 3.44507E-2 3.20082E-2 -9999 3.45318E-2 3.18257E-2 3.42545E-2 3.09833E-2 3.1873E-2 3.24933E-2 3.1057E-2 3.29674E-2 3.15088E-2 3.03795E-2 2.91145E-2 2.65895E-2 2.71292E-2 2.5939E-2 2.4994E-2 2.33552E-2 2.39045E-2 2.25002E-2 2.21696E-2 2.07112E-2 1.97595E-2 2.02503E-2 1.97315E-2 1.96291E-2 1.98146E-2 1.99673E-2 2.00198E-2 2.09283E-2 2.21927E-2 2.13385E-2 1.96779E-2
5.92479E-2 6.71904E-2 5.38488E-2 5.29275E-2 6.78259E-2 1.26296E-1 2.01633E-1 1.87597E-1 5.65333E-2 5.58652E-2 5.51731E-2 5.70548E-2 5.7074E-2 4.68657E-2 4.5139E-2 4.66937E-2 4.66642E-2 4.28344E-2 4.08046E-2 3.92916E-2 4.28219E-2 3.90174E-2 3.99214E-2 4.0606E-2 3.74195E-2 3.68504E-2 3.43532E-2 3.61519E-2 3.51193E-2 2.75162E-2 3.25424E-2 3.3609E-2 3.36192E-2 3.46205E-2 3.37451E-2 3.0158E-2 3.11789E-2 3.29034E-2 3.11663E-2 3.03422E-2 2.80174E-2 2.78014E-2 2.60074E-2 2.65609E-2 2.48493E-2 2.44312E-2 2.27932E-2 2.25838E-2 2.13907E-2 2.17088E-2 2.00508E-2 1.99857E-2 1.94561E-2 2.0926E-2 2.05697E-2 2.05402E-2 2.21477E-2 2.05722E-2 2.15548E-2 2.15358E-2 1.9299E-2
5.67211E-2 5.52945E-2 5.39839E-2 5.62324E-2 5.76182E-2 8.24684E-2 1.01568E-1 1.05046E-1 5.61671E-2 9.47818E-2 5.46114E-2 5.43763E-2 5.25333E-2 4.93311E-2 3.92915E-2 4.54896E-2 4.22395E-2 4.68968E-2 4.1143E-2 3.92194E-2 4.12811E-2 4.0921E-2 3.98754E-2 3.81879E-2 3.80633E-2 3.736E-2 3.51481E-2 3.51458E-2 -9999 -9999 3.23759E-2 3.47745E-2 3.28785E-2 3.5706E-2 3.39103E-2 -9999 3.20728E-2 3.31686E-2 3.00183E-2 2.95406E-2 3.01703E-2 2.93558E-2 2.47739E-2 2.6202E-2 2.55254E-2 2.42461E-2 2.29205E-2 2.2221E-2 2.13769E-2 2.19049E-2 2.12662E-2 2.10219E-2 1.85423E-2 2.10984E-2 2.09947E-2 2.17951E-2 2.19764E-2 2.18143E-2 2.14643E-2 2.21637E-2 2.03979E-2
9.79054E-2 8.76531E-2 5.25341E-2 5.20539E-2 7.54856E-2 7.14142E-2 7.29808E-2 5.61773E-2 6.90982E-2 7.90096E-2 5.39245E-2 5.6823E-2 4.95596E-2 5.10693E-2 4.47128E-2 4.66665E-2 4.35946E-2 4.167E-2 3.86399E-2 4.1005E-2 4.3474E-2 4.19887E-2 3.78872E-2 3.81283E-2 3.78548E-2 3.69192E-2 3.5637E-2 3.28379E-2 2.93815E-2 2.9049E-2 3.20993E-2 3.43436E-2 3.44966E-2 3.44377E-2 3.50185E-2 3.27998E-2 3.13049E-2 3.16861E-2 3.22778E-2 3.14196E-2 3.01662E-2 2.96813E-2 -9999 2.63461E-2 2.57049E-2 2.49099E-2 2.39964E-2 2.3694E-2 2.28461E-2 2.18773E-2 2.17061E-2 2.1692E-2 2.08979E-2 1.952E-2 2.09569E-2 2.2095E-2 2.45321E-2 2.10288E-2 2.05353E-2 2.10583E-2 2.07701E-2
1.01827E-1 6.1691E-2 6.73207E-2 5.34784E-2 1.41446E-1 6.69501E-2 5.69177E-2 5.28985E-2 6.84208E-2 9.76333E-2 5.28144E-2 5.53922E-2 4.98452E-2 5.06219E-2 4.53991E-2 4.28789E-2 4.47967E-2 4.35252E-2 3.75556E-2 3.85849E-2 3.98629E-2 3.8686E-2 3.94957E-2 3.86318E-2 3.73967E-2 3.5989E-2 3.37708E-2 3.42288E-2 3.46495E-2 3.44412E-2 3.48571E-2 3.38406E-2 3.38521E-2 3.51769E-2 3.44519E-2 2.75792E-2 3.10843E-2 3.12036E-2 3.29141E-2 3.10383E-2 3.00272E-2 2.86887E-2 2.72419E-2 2.7348E-2 2.71438E-2 2.4773E-2 2.33131E-2 2.39653E-2 2.24097E-2 2.48129E-2 2.30007E-2 2.19774E-2 2.16426E-2 2.13318E-2 2.05908E-2 2.23661E-2 2.13234E-2 2.10053E-2 2.05694E-2 2.16922E-2 2.08332E-2
5.74929E-2 1.03744E-1 1.38701E-1 8.3295E-2 7.62995E-2 7.76436E-2 5.48054E-2 6.3735E-2 8.8921E-2 8.94546E-2 8.12851E-2 6.25953E-2 5.11519E-2 4.48776E-2 4.42767E-2 4.09926E-2 3.91866E-2 4.25541E-2 3.86186E-2 4.21107E-2 4.00411E-2 3.9973E-2 3.94846E-2 3.5902E-2 3.79818E-2 3.61257E-2 3.47839E-2 3.52604E-2 3.55956E-2 3.36767E-2 3.43928E-2 3.28403E-2 3.41781E-2 3.38425E-2 3.45188E-2 3.32411E-2 3.25662E-2 3.23869E-2 3.19367E-2 3.1828E-2 2.96332E-2 2.829E-2 2.788E-2 2.47654E-2 2.69678E-2 2.44597E-2 2.38807E-2 2.3038E-2 2.27342E-2 2.23333E-2 2.2727E-2 2.2779E-2 2.27446E-2 2.20338E-2 2.18949E-2 2.23448E-2 2.23029E-2 1.90008E-2 2.151E-2 2.2261E-2 2.20767E-2
6.08692E-2 1.12595E-1 1.42573E-1 8.19039E-2 5.40156E-2 5.63276E-2 8.12809E-2 8.22329E-2 1.72646E-1 1.90701E-1 1.38763E-1 4.50537E-2 4.88691E-2 7.61215E-2 4.56097E-2 4.37005E-2 4.01074E-2 3.72906E-2 3.739E-2 3.8497E-2 3.81346E-2 3.49933E-2 3.54388E-2 4.18337E-2 4.08471E-2 3.55978E-2 3.43688E-2 3.39243E-2 3.45753E-2 3.28655E-2 3.46379E-2 3.45027E-2 3.41574E-2 3.36653E-2 3.27238E-2 3.23816E-2 3.2922E-2 3.1255E-2 3.08377E-2 3.02784E-2 2.96392E-2 2.9735E-2 2.89813E-2 2.8213E-2 2.24588E-2 2.48113E-2 2.43635E-2 2.3693E-2 2.26718E-2 2.41123E-2 2.35804E-2 2.30188E-2 2.27877E-2 2.24163E-2 2.13754E-2 2.1465E-2 2.10354E-2 2.17919E-2 2.25656E-2 2.19147E-2 2.30119E-2
7.18287E-2 1.30548E-1 7.20373E-2 1.48429E-1 1.00376E-1 6.55138E-2 6.4424E-2 5.38584E-2 1.35847E-1 1.82922E-1 1.17478E-1 1.28588E-1 4.97954E-2 5.67275E-2 4.15159E-2 4.34164E-2 3.99592E-2 4.09712E-2 3.69442E-2 3.7932E-2 3.93177E-2 3.45602E-2 3.62252E-2 6.4257E-2 3.76487E-2 3.75078E-2 3.60567E-2 3.61047E-2 3.53713E-2 3.5033E-2 3.61737E-2 3.58581E-2 3.22846E-2 3.11931E-2 3.36631E-2 3.2023E-2 3.32773E-2 3.39182E-2 3.0747E-2 3.10957E-2 3.09584E-2 2.96032E-2 2.82041E-2 2.648E-2 2.68143E-2 2.59202E-2 2.49734E-2 2.51102E-2 2.41927E-2 2.29718E-2 2.33658E-2 2.46843E-2 2.65882E-2 2.36246E-2 2.33424E-2 2.29145E-2 2.20296E-2 2.26164E-2 2.13382E-2 2.20742E-2 2.31048E-2
5.46205E-2 6.20584E-2 7.63299E-2 1.886E-1 1.25069E-1 7.14998E-2 7.19488E-2 6.48245E-2 8.52659E-2 1.26227E-1 1.8785E-1 1.60859E-1 4.73604E-2 4.73895E-2 4.31328E-2 4.52125E-2 9.43766E-2 4.04089E-2 4.18006E-2 3.95505E-2 3.55886E-2 3.65406E-2 4.16786E-2 7.22051E-2 3.94258E-2 3.77193E-2 3.59626E-2 3.6028E-2 3.59671E-2 3.53933E-2 3.45831E-2 3.49667E-2 3.2845E-2 3.41211E-2 3.27398E-2 3.27856E-2 3.28494E-2 3.33138E-2 3.3719E-2 2.92927E-2 3.01568E-2 3.04446E-2 2.95522E-2 2.87492E-2 2.26952E-2 2.65564E-2 2.59289E-2 2.43104E-2 2.34763E-2 2.40037E-2 2.49237E-2 2.52134E-2 2.47589E-2 2.36035E-2 2.39604E-2 2.41145E-2 2.32938E-2 2.22168E-2 2.09945E-2 2.2012E-2 2.25914E-2
5.86042E-2 5.70158E-2 5.66613E-2 5.49598E-2 8.4034E-2 1.48069E-1 1.21135E-1 1.02539E-1 5.42545E-2 8.61282E-2 1.22498E-1 1.16898E-1 4.93595E-2 4.61805E-2 4.13464E-2 4.53043E-2 3.47644E-2 4.15551E-2 4.17448E-2 3.87818E-2 3.85414E-2 3.829E-2 4.07566E-2 3.83052E-2 4.93461E-2 3.94495E-2 3.79388E-2 3.76104E-2 3.58848E-2 3.56805E-2 3.75138E-2 3.71126E-2 3.53151E-2 3.58192E-2 3.34017E-2 3.23673E-2 -9999 3.44511E-2 3.32484E-2 3.15327E-2 3.00053E-2 3.05729E-2 3.02476E-2 2.89333E-2 2.7834E-2 2.71118E-2 2.49187E-2 2.56275E-2 2.49581E-2 2.44678E-2 2.57862E-2 2.60099E-2 2.70067E-2 2.35828E-2 2.40176E-2 2.37661E-2 2.21218E-2 2.18664E-2 2.24903E-2 2.20156E-2 2.21222E-2
8.33931E-2 5.52152E-2 6.07061E-2 5.4331E-2 5.19951E-2 9.62099E-2 1.17412E-1 6.4482E-2 8.56962E-2 7.25714E-2 1.53995E-1 1.1941E-1 4.63909E-2 4.74367E-2 4.14475E-2 4.45052E-2 6.03415E-2 9.57904E-2 4.10042E-2 4.10909E-2 6.80767E-2 4.25255E-2 3.96206E-2 3.75601E-2 4.02528E-2 3.58923E-2 3.76111E-2 3.9062E-2 3.83452E-2 3.7929E-2 3.73397E-2 3.7294E-2 -9999 3.53977E-2 -9999 3.33843E-2 3.47158E-2 3.39636E-2 3.51188E-2 3.40416E-2 3.07004E-2 2.94649E-2 2.97377E-2 2.96146E-2 2.73091E-2 2.73267E-2 2.66081E-2 2.5632E-2 2.44745E-2 2.52891E-2 2.58443E-2 2.4334E-2 2.50008E-2 2.43915E-2 2.31903E-2 2.36242E-2 2.28851E-2 2.35725E-2 2.34943E-2 2.41477E-2 2.3407E-2
9.04359E-2 5.3741E-2 5.17782E-2 6.69474E-2 5.57726E-2 5.01916E-2 5.29869E-2 5.68318E-2 1.08025E-1 1.36257E-1 1.39748E-1 8.39501E-2 4.63722E-2 4.00529E-2 4.40247E-2 4.23547E-2 4.57518E-2 4.34904E-2 3.85736E-2 4.63626E-2 4.59061E-2 4.26045E-2 3.52543E-2 3.72214E-2 3.72661E-2 3.98069E-2 3.82711E-2 4.01926E-2 3.97434E-2 3.80139E-2 3.75139E-2 3.11173E-2 3.56968E-2 3.44987E-2 3.45836E-2 3.13454E-2 3.42006E-2 3.22018E-2 3.42731E-2 3.24953E-2 3.0016E-2 3.13647E-2 3.01901E-2 2.7772E-2 2.92423E-2 2.65379E-2 2.73755E-2 2.62839E-2 2.53108E-2 2.45657E-2 2.49382E-2 2.45509E-2 2.47015E-2 2.43302E-2 2.39855E-2 2.27394E-2 2.42932E-2 2.22559E-2 2.31201E-2 2.33855E-2 2.40006E-2
1.59055E-1 8.7962E-2 5.57194E-2 6.585E-2 1.98404E-1 5.74428E-2 5.95556E-2 5.82744E-2 7.05953E-2 9.59896E-2 1.28845E-1 4.77953E-2 4.6621E-2 4.40425E-2 4.68218E-2 4.37228E-2 4.54096E-2 4.6352E-2 3.99771E-2 3.88472E-2 8.70418E-2 4.95766E-2 4.06078E-2 4.11071E-2 3.86672E-2 4.28663E-2 4.04749E-2 4.31212E-2 3.91028E-2 3.8906E-2 3.4106E-2 3.70565E-2 3.77731E-2 3.62862E-2 3.51384E-2 3.55091E-2 3.27009E-2 3.58268E-2 3.38426E-2 3.27002E-2 3.36099E-2 3.14307E-2 3.15381E-2 3.03568E-2 2.88041E-2 2.70268E-2 2.677E-2 -9999 2.36691E-2 2.5172E-2 2.48712E-2 2.46755E-2 2.44678E-2 2.57255E-2 2.51986E-2 2.45165E-2 2.53011E-2 2.45988E-2 2.43879E-2 2.43744E-2 2.41415E-2
5.7599E-2 5.86683E-2 5.71466E-2 5.57601E-2 1.13935E-1 5.70407E-2 6.50578E-2 1.08164E-1 1.13881E-1 1.11768E-1 5.59996E-2 4.93967E-2 4.67783E-2 4.55665E-2 4.10383E-2 4.52402E-2 4.23135E-2 6.16656E-2 4.42924E-2 3.55746E-2 4.21412E-2 4.70198E-2 3.95254E-2 3.88129E-2 4.49125E-2 8.08455E-2 4.99155E-2 4.11177E-2 3.9859E-2 3.51993E-2 3.54456E-2 3.84102E-2 3.77688E-2 3.75189E-2 3.64275E-2 3.42781E-2 3.47131E-2 3.5401E-2 3.46502E-2 3.39176E-2 3.35844E-2 3.1981E-2 3.17478E-2 3.08998E-2 2.99853E-2 2.83799E-2 2.82725E-2 2.66559E-2 2.67939E-2 2.6874E-2 2.71601E-2 2.51076E-2 2.63914E-2 2.7053E-2 2.47633E-2 2.51923E-2 2.54195E-2 2.54351E-2 2.46549E-2 2.48069E-2 2.4927E-2
5.69873E-2 6.58107E-2 1.29064E-1 7.23068E-2 7.87367E-2 7.59407E-2 6.05883E-2 9.06002E-2 1.12238E-1 5.7973E-2 5.51953E-2 5.33568E-2 5.86852E-2 6.33949E-2 4.67803E-2 4.59265E-2 4.37865E-2 4.10048E-2 3.71914E-2 3.30874E-2 4.06479E-2 3.7815E-2 4.7942E-2 4.52789E-2 5.07541E-2 6.55973E-2 4.77704E-2 5.73395E-2 5.09789E-2 3.95519E-2 4.05381E-2 4.02927E-2 3.89127E-2 3.74463E-2 3.81662E-2 3.54526E-2 3.44505E-2 3.31107E-2 3.52691E-2 3.43554E-2 3.36261E-2 3.36021E-2 3.20747E-2 3.18229E-2 3.05938E-2 2.94022E-2 2.98866E-2 2.77361E-2 2.77837E-2 2.6802E-2 2.73889E-2 2.60666E-2 2.715E-2 2.76468E-2 2.53174E-2 2.50961E-2 2.64238E-2 2.56835E-2 2.48303E-2 2.42169E-2 2.45245E-2
5.90146E-2 6.85257E-2 1.00107E-1 1.18125E-1 5.86451E-2 8.60778E-2 6.4552E-2 6.18589E-2 5.42457E-2 5.44217E-2 5.00447E-2 5.317E-2 4.97338E-2 5.11876E-2 4.75747E-2 4.63511E-2 4.38643E-2 4.03183E-2 3.70521E-2 3.33574E-2 4.01735E-2 4.06859E-2 4.61935E-2 5.18942E-2 6.23691E-2 7.74612E-2 6.75061E-2 4.98383E-2 4.22359E-2 3.96224E-2 4.01756E-2 4.12193E-2 3.91824E-2 3.86105E-2 3.78698E-2 3.65292E-2 3.72222E-2 3.37642E-2 3.54115E-2 3.52656E-2 3.41295E-2 3.32096E-2 3.26991E-2 3.1953E-2 3.04374E-2 3.06926E-2 2.98605E-2 2.9529E-2 2.88115E-2 2.86384E-2 2.79855E-2 2.87707E-2 2.75841E-2 2.80357E-2 2.68668E-2 2.68924E-2 2.75312E-2 2.68957E-2 2.63432E-2 2.44876E-2 2.41115E-2
7.41462E-2 7.87107E-2 1.13059E-1 7.59482E-2 5.89347E-2 5.58626E-2 5.25498E-2 5.1847E-2 5.61255E-2 5.48856E-2 5.30542E-2 5.04087E-2 6.40305E-2 5.0779E-2 4.86521E-2 4.36774E-2 4.06548E-2 5.13984E-2 3.21594E-2 3.95432E-2 4.61992E-2 5.23468E-2 4.65665E-2 4.12203E-2 4.50176E-2 6.2991E-2 4.52986E-2 4.70105E-2 4.50085E-2 4.2567E-2 4.204E-2 3.99865E-2 4.0597E-2 3.89326E-2 3.96992E-2 3.62105E-2 3.70758E-2 3.5941E-2 3.89995E-2 3.82506E-2 3.45615E-2 3.40735E-2 3.33582E-2 3.34052E-2 3.16302E-2 3.1095E-2 3.03945E-2 3.02895E-2 2.96893E-2 2.91132E-2 2.84972E-2 2.87228E-2 2.90043E-2 2.76332E-2 2.85443E-2 2.65225E-2 2.75248E-2 2.94234E-2 2.65135E-2 2.49514E-2 2.42264E-2
6.22288E-2 6.81162E-2 6.0326E-2 6.10619E-2 5.66516E-2 5.29397E-2 5.28108E-2 5.14383E-2 6.01133E-2 5.5978E-2 5.42705E-2 5.42461E-2 4.76067E-2 5.19879E-2 4.8451E-2 4.28004E-2 4.23918E-2 4.04317E-2 3.94919E-2 4.26006E-2 4.72804E-2 1.01439E-1 6.31778E-2 5.15267E-2 7.22411E-2 1.19844E-1 1.04301E-1 4.6664E-2 4.43565E-2 4.3323E-2 4.24589E-2 4.36258E-2 4.40335E-2 4.00921E-2 4.07528E-2 3.86586E-2 3.76539E-2 3.95317E-2 3.80014E-2 3.6357E-2 3.46923E-2 3.41153E-2 3.29385E-2 3.32599E-2 3.2562E-2 3.20148E-2 3.20324E-2 3.14042E-2 3.45328E-2 2.93697E-2 2.98252E-2 3.05544E-2 3.31875E-2 2.87611E-2 3.0672E-2 2.74856E-2 2.8054E-2 2.82597E-2 2.64791E-2 2.47241E-2 2.6144E-2
6.55027E-2 6.42802E-2 6.2441E-2 5.78906E-2 5.88432E-2 5.68795E-2 5.71218E-2 5.12341E-2 5.21104E-2 5.28028E-2 5.25662E-2 5.08713E-2 4.93867E-2 4.97766E-2 5.04286E-2 4.57796E-2 4.6299E-2 4.27877E-2 4.04076E-2 4.46428E-2 5.16659E-2 6.46939E-2 5.77903E-2 4.36486E-2 4.92951E-2 8.77768E-2 6.76739E-2 4.55484E-2 4.43335E-2 4.18545E-2 4.44832E-2 4.34633E-2 4.28048E-2 3.87663E-2 3.92022E-2 3.90307E-2 3.78455E-2 3.73633E-2 3.68853E-2 3.61838E-2 3.52835E-2 3.57581E-2 3.2671E-2 3.30889E-2 3.16016E-2 3.19503E-2 3.28036E-2 3.18484E-2 3.07067E-2 3.08863E-2 3.08019E-2 2.98887E-2 3.0234E-2 2.97406E-2 2.99431E-2 2.90373E-2 2.87635E-2 2.74649E-2 2.70624E-2 2.6766E-2 2.68688E-2
