Candidate_Models_July82022/M_4_F_lqp_Set_1_cal/Bison.asc
ncols         290
nrows         380
xllcorner     -2197417.7431653
yllcorner     -584827.01486885
cellsize      10000.0
NODATA_value  -9999
[rows 54 to 80 of 380, columns 0 to 60 of 290]
-9999 -9999 -9999 -9999 -9999 -9999 -9999 -9999 -9999 -9999 -9999 -9999 -9999 -9999 -9999 -9999 -9999 -9999 -9999 -9999 -9999 -9999 -9999 -9999 -9999 -9999 -9999 1.49614E-1 5.33926E-2 3.73021E-2 3.49946E-2 1.5213E-1 6.32893E-2 8.94188E-2 2.88899E-2 2.37832E-2 4.48298E-2 3.99197E-2 3.46068E-2 3.01613E-2 4.87944E-2 5.2867E-2 7.22345E-2 8.16662E-2 9.03653E-2 6.53364E-2 4.2355E-2 3.2853E-2 4.35861E-2 3.79657E-2 3.95882E-2 3.63422E-2 2.91921E-2 3.70271E-2 4.94684E-2 3.78551E-2 3.92657E-2 4.66852E-2 4.10356E-2 3.69215E-2 3.80866E-2
-9999 -9999 -9999 -9999 -9999 -9999 -9999 -9999 -9999 -9999 -9999 -9999 -9999 -9999 -9999 -9999 -9999 -9999 -9999 -9999 -9999 -9999 -9999 -9999 -9999 -9999 9.63394E-2 1.40621E-1 7.54895E-2 3.58963E-2 9.15168E-2 1.22943E-1 4.59831E-2 9.40706E-2 3.75276E-2 4.97543E-2 3.75324E-2 2.52094E-2 2.6046E-2 3.2012E-2 4.5328E-2 6.00446E-2 6.69132E-2 5.36451E-2 9.66377E-2 6.28627E-2 7.90818E-2 6.92839E-2 6.96323E-2 5.77356E-2 4.19272E-2 2.90572E-2 3.05537E-2 4.72269E-2 6.17281E-2 4.88531E-2 4.24055E-2 4.49878E-2 4.49369E-2 4.3855E-2 3.76916E-2
-9999 -9999 -9999 -9999 -9999 -9999 -9999 -9999 -9999 -9999 -9999 -9999 -9999 -9999 -9999 -9999 -9999 -9999 -9999 -9999 -9999 -9999 -9999 -9999 -9999 -9999 3.46108E-2 4.60399E-2 4.57475E-2 3.74459E-2 4.16695E-2 4.38991E-2 4.1608E-2 4.5874E-2 3.00707E-2 1.80401E-2 3.87288E-2 4.00534E-2 3.87159E-2 5.35705E-2 5.28266E-2 3.68259E-2 6.32592E-2 7.22648E-2 8.93623E-2 1.11128E-1 9.94641E-2 9.30767E-2 6.81578E-2 5.56611E-2 4.88469E-2 3.18683E-2 4.37424E-2 5.48729E-2 6.82833E-2 5.39974E-2 5.29784E-2 3.64782E-2 4.12311E-2 4.57595E-2 7.43498E-2
-9999 -9999 -9999 -9999 -9999 -9999 -9999 -9999 -9999 -9999 -9999 -9999 -9999 -9999 -9999 -9999 -9999 -9999 -9999 -9999 -9999 -9999 -9999 -9999 -9999 5.84904E-2 4.45877E-2 4.29074E-2 4.53434E-2 4.24743E-2 3.67322E-2 2.99282E-2 3.64929E-2 4.83253E-2 3.09016E-2 1.90654E-2 2.28052E-2 3.80194E-2 2.7809E-2 5.89734E-2 5.10735E-2 6.33905E-2 4.17152E-2 7.05831E-2 6.30155E-2 8.80009E-2 7.77052E-2 7.07591E-2 5.05194E-2 5.8678E-2 6.3516E-2 5.09999E-2 6.37578E-2 6.4381E-2 5.62681E-2 5.90514E-2 4.29609E-2 3.90046E-2 4.19973E-2 5.00746E-2 3.95247E-2
-9999 -9999 -9999 -9999 -9999 -9999 -9999 -9999 -9999 -9999 -9999 -9999 -9999 -9999 -9999 -9999 -9999 -9999 -9999 -9999 -9999 -9999 -9999 -9999 6.25517E-2 5.29662E-2 4.72683E-2 5.32985E-2 3.95952E-2 4.34985E-2 4.2824E-2 3.57531E-2 3.96525E-2 3.86687E-2 3.9419E-2 3.43162E-2 2.39354E-2 4.86196E-2 4.18108E-2 5.59073E-2 3.32429E-2 5.1646E-2 5.10076E-2 6.45337E-2 6.04844E-2 7.61084E-2 8.12269E-2 7.46666E-2 6.45269E-2 6.69501E-2 6.07562E-2 5.99604E-2 5.45672E-2 6.32832E-2 8.3028E-2 4.73032E-2 4.32345E-2 4.24491E-2 3.88414E-2 5.00757E-2 4.21497E-2
-9999 -9999 -9999 -9999 -9999 -9999 -9999 -9999 -9999 -9999 -9999 -9999 -9999 -9999 -9999 -9999 -9999 -9999 -9999 -9999 -9999 -9999 -9999 5.78845E-2 5.38608E-2 6.56198E-2 5.21025E-2 1.22378E-1 1.49585E-1 4.36277E-2 5.41699E-2 3.82858E-2 4.59558E-2 3.37316E-2 3.63918E-2 2.91928E-2 2.84757E-2 6.06801E-2 6.19009E-2 4.47999E-2 6.05176E-2 6.25523E-2 4.33872E-2 4.86202E-2 6.75247E-2 7.72547E-2 6.68351E-2 1.18766E-1 6.46221E-2 5.05081E-2 8.42389E-2 5.40389E-2 5.10017E-2 6.54984E-2 8.18416E-2 7.33235E-2 4.08658E-2 3.49731E-2 4.33041E-2 4.79885E-2 4.03342E-2
-9999 -9999 -9999 -9999 -9999 -9999 -9999 -9999 -9999 -9999 -9999 -9999 -9999 -9999 -9999 -9999 -9999 -9999 -9999 -9999 -9999 -9999 -9999 6.94996E-2 4.82849E-2 4.48496E-2 4.5751E-2 5.62489E-2 4.80156E-2 1.14243E-1 1.79783E-1 7.57064E-2 4.83767E-2 2.6897E-2 2.95099E-2 3.70767E-2 2.96069E-2 4.60131E-2 4.44834E-2 5.66846E-2 4.64847E-2 3.09657E-2 5.2196E-2 4.91915E-2 7.095E-2 5.74186E-2 9.5752E-2 9.11348E-2 5.56712E-2 6.17302E-2 4.89127E-2 5.87595E-2 5.76564E-2 5.83166E-2 4.71135E-2 5.148E-2 3.20133E-2 3.67346E-2 4.11519E-2 4.81084E-2 4.21655E-2
-9999 -9999 -9999 -9999 -9999 -9999 -9999 -9999 -9999 -9999 -9999 -9999 -9999 -9999 -9999 -9999 -9999 -9999 -9999 -9999 -9999 -9999 5.05897E-2 4.50168E-2 4.76681E-2 6.49006E-2 4.19205E-2 4.73252E-2 4.50527E-2 1.12504E-1 1.13125E-1 3.95296E-2 4.15265E-2 3.70216E-2 6.77355E-2 3.70056E-2 4.21578E-2 4.15615E-2 5.27989E-2 6.27882E-2 4.45745E-2 5.29543E-2 5.26081E-2 5.23796E-2 6.56311E-2 7.07512E-2 5.48249E-2 8.4084E-2 7.03859E-2 6.44514E-2 8.95896E-2 5.32733E-2 6.08156E-2 7.12062E-2 6.53152E-2 6.69933E-2 6.91332E-2 4.50641E-2 5.40272E-2 7.21264E-2 5.38043E-2
-9999 -9999 -9999 -9999 -9999 -9999 -9999 -9999 -9999 -9999 -9999 -9999 -9999 -9999 -9999 -9999 -9999 -9999 -9999 -9999 -9999 8.03063E-2 7.20273E-2 6.23047E-2 5.92375E-2 5.20029E-2 4.63171E-2 5.2185E-2 4.15075E-2 6.638E-2 1.22353E-1 5.87083E-2 4.73033E-2 6.80889E-2 5.28966E-2 4.13705E-2 4.90748E-2 4.5661E-2 4.67259E-2 9.5561E-2 1.78857E-1 4.32875E-2 3.3886E-2 4.56653E-2 5.27156E-2 6.54575E-2 5.14888E-2 8.94597E-2 7.55351E-2 7.83056E-2 7.41638E-2 7.93858E-2 6.01318E-2 5.29048E-2 6.14548E-2 5.87182E-2 7.40774E-2 6.04006E-2 5.05376E-2 3.57785E-2 5.61598E-2
-9999 -9999 -9999 -9999 -9999 -9999 -9999 -9999 -9999 -9999 -9999 -9999 -9999 -9999 -9999 -9999 -9999 -9999 -9999 -9999 -9999 9.98928E-2 8.24277E-2 6.96423E-2 4.55739E-2 7.76783E-2 1.38169E-1 4.13146E-2 5.60427E-2 5.40699E-2 1.37637E-1 6.71141E-2 1.15892E-1 1.80158E-1 1.80013E-1 4.93471E-2 5.43649E-2 4.89529E-2 5.34048E-2 8.56625E-2 1.3457E-1 6.50611E-2 4.55747E-2 5.59053E-2 4.78737E-2 5.05992E-2 5.18687E-2 5.44747E-2 7.80263E-2 1.01863E-1 7.11565E-2 9.1641E-2 7.98359E-2 6.9561E-2 7.62382E-2 8.8377E-2 7.43205E-2 7.65892E-2 6.30687E-2 5.52997E-2 4.46913E-2
-9999 -9999 -9999 -9999 -9999 -9999 -9999 -9999 -9999 -9999 -9999 -9999 -9999 -9999 -9999 -9999 -9999 -9999 -9999 -9999 1.93376E-1 2.65806E-1 9.04053E-2 5.13244E-2 6.33182E-2 8.07449E-2 9.63336E-2 4.62876E-2 3.52702E-2 5.32892E-2 5.00784E-2 4.78365E-2 1.18696E-1 2.65181E-1 1.76191E-1 1.40266E-1 3.82158E-2 6.63844E-2 1.38502E-1 2.08595E-1 6.55462E-2 6.66771E-2 4.72319E-2 4.03781E-2 5.53348E-2 4.86096E-2 5.99556E-2 6.4053E-2 6.34081E-2 9.28675E-2 1.03502E-1 1.21115E-1 1.15168E-1 7.08664E-2 1.14671E-1 8.39969E-2 8.46171E-2 7.97621E-2 1.02886E-1 4.21563E-2 5.8329E-2
-9999 -9999 -9999 -9999 -9999 -9999 -9999 -9999 -9999 -9999 -9999 -9999 -9999 -9999 -9999 -9999 -9999 -9999 -9999 8.01729E-2 1.15272E-1 1.98236E-1 1.44697E-1 6.28424E-2 6.03585E-2 6.17978E-2 4.88699E-2 5.6854E-2 4.96487E-2 3.68152E-2 3.28913E-2 3.96736E-2 5.43978E-2 1.26253E-1 1.77956E-1 1.72723E-1 5.34162E-2 7.25666E-2 2.24702E-1 1.76667E-1 6.44761E-2 6.57045E-2 4.9286E-2 4.52403E-2 6.75126E-2 7.57663E-2 6.92692E-2 9.23925E-2 8.89387E-2 8.5799E-2 6.73958E-2 1.13946E-1 1.12089E-1 8.77708E-2 9.91335E-2 8.36959E-2 8.72934E-2 1.07346E-1 7.38847E-2 5.57099E-2 6.0062E-2
-9999 -9999 -9999 -9999 -9999 -9999 -9999 -9999 -9999 -9999 -9999 -9999 -9999 -9999 -9999 -9999 -9999 -9999 9.2316E-2 9.56885E-2 1.86541E-1 1.47866E-1 9.10783E-2 7.02847E-2 6.77043E-2 5.64627E-2 6.67042E-2 4.82701E-2 3.6951E-2 5.28313E-2 3.85294E-2 4.45415E-2 5.6508E-2 1.54538E-1 1.99511E-1 1.20866E-1 5.2914E-2 6.00752E-2 7.38723E-2 8.79927E-2 6.28626E-2 5.97606E-2 6.86576E-2 4.15189E-2 1.34796E-1 8.05831E-2 1.07322E-1 8.17525E-2 1.15631E-1 9.89609E-2 9.21331E-2 9.43662E-2 7.38177E-2 8.50782E-2 7.17688E-2 9.37353E-2 6.12061E-2 7.75267E-2 8.48455E-2 6.75436E-2 7.14606E-2
-9999 -9999 -9999 -9999 -9999 -9999 -9999 -9999 -9999 -9999 -9999 -9999 -9999 -9999 -9999 -9999 -9999 -9999 1.02386E-1 8.197E-2 9.68369E-2 7.02383E-2 8.24368E-2 6.99039E-2 5.85117E-2 4.69053E-2 5.5697E-2 5.97159E-2 3.04678E-2 7.72257E-2 4.55247E-2 3.98186E-2 4.84564E-2 2.034E-1 1.85691E-1 8.2849E-2 4.81355E-2 6.31705E-2 5.36184E-2 6.23155E-2 5.98947E-2 5.83858E-2 6.18456E-2 4.7686E-2 9.94865E-2 1.26622E-1 8.17114E-2 6.37816E-2 7.72828E-2 7.19626E-2 7.99526E-2 1.18749E-1 7.13961E-2 9.36857E-2 9.106E-2 5.30916E-2 7.63776E-2 7.68037E-2 9.00194E-2 6.54802E-2 7.075E-2
-9999 -9999 -9999 -9999 -9999 -9999 -9999 -9999 -9999 -9999 -9999 -9999 -9999 -9999 -9999 -9999 -9999 1.52172E-1 8.44973E-2 8.87086E-2 8.58757E-2 8.0817E-2 8.53245E-2 8.01049E-2 5.71926E-2 6.06624E-2 5.23886E-2 8.64785E-2 8.15009E-2 5.51701E-2 1.11904E-1 1.6098E-1 5.19239E-2 1.14882E-1 9.73471E-2 5.32232E-2 5.21496E-2 6.02034E-2 5.42702E-2 6.69773E-2 5.63237E-2 5.91685E-2 5.58268E-2 3.8742E-2 5.76289E-2 6.19878E-2 5.88604E-2 4.91834E-2 5.38567E-2 4.63594E-2 7.17805E-2 7.86951E-2 9.01948E-2 8.2984E-2 7.74318E-2 5.41132E-2 7.1003E-2 8.19193E-2 5.71253E-2 7.64021E-2 1.00641E-1
-9999 -9999 -9999 -9999 -9999 -9999 -9999 -9999 -9999 -9999 -9999 -9999 -9999 -9999 -9999 -9999 9.84355E-2 8.7774E-2 5.66684E-2 5.18317E-2 7.44617E-2 6.52269E-2 5.82435E-2 6.04963E-2 5.19792E-2 5.29489E-2 5.40936E-2 2.03684E-1 2.21211E-1 7.17053E-2 9.63601E-2 1.83343E-1 3.8036E-2 8.13454E-2 4.38256E-2 4.53436E-2 3.97791E-2 4.88631E-2 5.39263E-2 5.99388E-2 7.55489E-2 5.90007E-2 4.06524E-2 6.96756E-2 4.96983E-2 5.15E-2 5.28059E-2 5.86023E-2 6.69474E-2 5.67043E-2 9.99061E-2 2.02534E-1 1.16721E-1 8.15258E-2 9.03816E-2 7.5129E-2 6.93383E-2 8.77929E-2 5.89677E-2 6.01652E-2 5.36136E-2
-9999 -9999 -9999 -9999 -9999 -9999 -9999 -9999 -9999 -9999 -9999 -9999 -9999 -9999 -9999 -9999 7.27336E-2 5.59542E-2 5.09966E-2 5.0901E-2 5.31263E-2 4.6752E-2 5.60505E-2 4.74392E-2 6.61769E-2 5.17983E-2 5.17414E-2 1.09609E-1 1.26798E-1 5.65163E-2 5.19162E-2 8.82101E-2 3.89682E-2 1.2743E-1 8.09724E-2 4.90681E-2 5.38506E-2 4.42623E-2 6.05977E-2 6.93952E-2 7.76733E-2 5.59373E-2 7.64856E-2 4.76386E-2 7.20833E-2 4.63061E-2 3.68676E-2 5.22174E-2 4.61429E-2 4.65536E-2 8.24982E-2 1.87283E-1 9.25067E-2 9.09701E-2 6.90412E-2 6.01642E-2 6.95174E-2 6.82482E-2 6.2397E-2 8.61242E-2 8.783E-2
-9999 -9999 -9999 -9999 -9999 -9999 -9999 -9999 -9999 -9999 -9999 -9999 -9999 -9999 -9999 6.37062E-2 9.65918E-2 5.31104E-2 6.22306E-2 5.45922E-2 5.72489E-2 6.81043E-2 5.94945E-2 3.8971E-2 4.80758E-2 5.64255E-2 6.32987E-2 6.28013E-2 8.42082E-2 1.00214E-1 5.39003E-2 4.56089E-2 6.0816E-2 4.05367E-2 6.12465E-2 3.73696E-2 4.72181E-2 5.09583E-2 5.50666E-2 5.85165E-2 6.89866E-2 6.3023E-2 6.52391E-2 5.4373E-2 3.5853E-2 4.9521E-2 6.9083E-2 4.71594E-2 4.82228E-2 6.55582E-2 8.83995E-2 7.45161E-2 7.23233E-2 8.02162E-2 6.2376E-2 7.61544E-2 8.12651E-2 5.17449E-2 5.65755E-2 8.45153E-2 6.60556E-2
-9999 -9999 -9999 -9999 -9999 -9999 -9999 -9999 -9999 -9999 -9999 -9999 -9999 -9999 6.95231E-2 5.48078E-2 5.30734E-2 8.12259E-2 6.9399E-2 6.07847E-2 5.21967E-2 5.99173E-2 6.39777E-2 4.86969E-2 5.24663E-2 4.3676E-2 5.95724E-2 8.92077E-2 4.36887E-2 4.61361E-2 3.22798E-2 5.12609E-2 6.20861E-2 5.16451E-2 6.34133E-2 5.24471E-2 9.06832E-2 5.74602E-2 5.6009E-2 4.45754E-2 8.2039E-2 6.22572E-2 5.47035E-2 6.73209E-2 5.33509E-2 1.06738E-1 6.27884E-2 4.79286E-2 5.19086E-2 7.67272E-2 7.83512E-2 7.987E-2 4.32143E-2 6.22364E-2 8.17135E-2 6.48565E-2 5.53767E-2 3.58438E-2 6.38084E-2 5.91452E-2 5.06539E-2
-9999 -9999 -9999 -9999 -9999 -9999 -9999 -9999 -9999 -9999 -9999 -9999 -9999 -9999 9.94941E-2 9.14444E-2 7.2532E-2 8.30096E-2 6.86884E-2 8.33648E-2 5.01176E-2 4.96497E-2 5.93844E-2 1.1882E-1 1.91484E-1 4.27505E-2 5.96106E-2 6.8296E-2 8.0561E-2 4.45724E-2 5.0523E-2 3.58191E-2 4.34251E-2 6.6561E-2 6.95973E-2 6.62058E-2 1.99606E-1 9.05435E-2 1.94154E-1 7.12282E-2 7.21533E-2 6.22334E-2 6.24974E-2 5.04194E-2 4.78642E-2 4.29326E-2 5.38763E-2 5.4898E-2 5.30161E-2 5.7571E-2 7.99841E-2 7.88802E-2 4.42959E-2 6.10344E-2 7.98319E-2 7.68378E-2 4.8793E-2 7.52556E-2 9.1617E-2 2.07684E-1 1.72165E-1
-9999 -9999 -9999 -9999 -9999 -9999 -9999 -9999 -9999 -9999 -9999 -9999 -9999 1.40608E-1 1.86299E-1 1.52847E-1 1.18499E-1 8.12787E-2 9.41008E-2 8.57629E-2 4.9292E-2 5.03934E-2 8.14544E-2 1.77601E-1 7.53331E-2 6.93329E-2 5.36684E-2 6.96123E-2 6.38834E-2 6.29908E-2 6.91976E-2 4.09461E-2 3.31356E-2 6.14604E-2 7.22026E-2 1.08782E-1 2.24554E-1 2.11239E-1 2.46105E-1 8.7528E-2 8.14241E-2 7.67236E-2 7.29007E-2 6.26186E-2 4.00003E-2 4.38012E-2 4.78073E-2 6.65373E-2 6.23477E-2 6.70868E-2 6.92672E-2 1.23795E-1 5.37359E-2 7.80824E-2 9.16268E-2 8.78056E-2 5.11795E-2 7.21509E-2 8.27995E-2 1.21288E-1 7.5984E-2
-9999 -9999 -9999 -9999 -9999 -9999 -9999 -9999 -9999 -9999 -9999 -9999 1.32963E-1 1.05094E-1 8.78726E-2 1.38739E-1 7.0182E-2 6.95913E-2 6.98193E-2 4.32645E-2 7.22781E-2 6.60486E-2 4.95517E-2 4.88234E-2 6.08058E-2 5.30892E-2 7.17339E-2 5.84193E-2 6.1264E-2 6.2873E-2 7.34886E-2 7.37022E-2 4.00173E-2 4.91945E-2 6.49187E-2 5.68397E-2 1.23408E-1 9.67671E-2 7.23879E-2 6.38894E-2 7.71345E-2 6.49023E-2 7.30744E-2 7.77161E-2 8.37467E-2 5.17877E-2 6.45926E-2 5.82128E-2 5.65019E-2 8.02863E-2 6.35748E-2 6.13849E-2 1.46893E-1 9.38153E-2 9.75279E-2 4.99946E-2 9.7375E-2 1.09917E-1 7.39455E-2 1.02501E-1 8.91754E-2
-9999 -9999 -9999 -9999 -9999 -9999 -9999 -9999 -9999 -9999 -9999 9.42111E-2 2.02814E-1 1.64305E-1 1.27277E-1 1.31726E-1 1.24068E-1 7.35194E-2 5.71599E-2 5.03233E-2 7.72514E-2 7.18009E-2 6.61307E-2 6.09739E-2 6.80577E-2 6.30469E-2 7.0491E-2 6.22036E-2 4.53515E-2 9.63389E-2 5.69663E-2 7.03032E-2 8.17258E-2 7.79767E-2 3.77113E-2 5.52029E-2 4.32679E-2 6.8452E-2 7.16203E-2 5.47205E-2 6.83742E-2 6.02674E-2 7.49465E-2 1.4439E-1 2.41338E-1 3.64286E-2 5.61234E-2 5.64149E-2 6.74069E-2 8.01884E-2 5.68148E-2 5.44142E-2 7.34287E-2 9.46893E-2 9.90798E-2 7.1059E-2 1.03187E-1 8.01274E-2 9.98284E-2 6.84825E-2 9.0954E-2
-9999 -9999 -9999 -9999 -9999 -9999 -9999 -9999 -9999 -9999 -9999 1.06005E-1 1.77353E-1 1.78902E-1 1.50979E-1 1.49614E-1 1.24758E-1 6.48816E-2 6.06849E-2 8.81676E-2 8.87227E-2 1.10222E-1 2.33768E-1 7.33653E-2 2.43176E-1 2.54328E-1 2.11419E-1 8.32451E-2 5.70332E-2 5.8063E-2 7.03778E-2 8.07065E-2 1.02351E-1 7.63739E-2 8.58364E-2 7.6013E-2 5.74943E-2 4.69824E-2 3.93774E-2 4.62985E-2 6.11929E-2 6.32463E-2 9.80498E-2 1.66783E-1 1.52159E-1 6.28518E-2 5.10114E-2 6.28256E-2 7.55566E-2 8.66264E-2 7.37497E-2 6.95627E-2 8.78081E-2 8.86982E-2 8.68125E-2 9.15167E-2 7.22422E-2 7.72664E-2 6.25186E-2 8.90167E-2 7.03306E-2
-9999 -9999 -9999 -9999 -9999 -9999 -9999 -9999 -9999 -9999 1.10041E-1 9.54947E-2 8.94706E-2 1.57838E-1 1.54498E-1 1.37304E-1 1.19525E-1 1.19832E-1 8.40835E-2 8.14034E-2 7.7462E-2 9.58985E-2 1.00406E-1 1.07888E-1 1.14444E-1 2.77245E-1 1.74222E-1 7.95548E-2 8.25542E-2 7.15842E-2 8.73562E-2 7.03017E-2 7.41992E-2 1.05324E-1 7.02268E-2 5.59998E-2 4.90585E-2 5.45302E-2 6.86294E-2 5.51845E-2 4.97116E-2 5.87452E-2 1.31189E-1 2.39248E-1 2.45216E-1 5.09808E-2 6.53088E-2 6.34649E-2 9.12365E-2 1.20691E-1 1.22316E-1 1.5469E-1 2.90196E-1 2.43951E-1 1.83074E-1 9.13312E-2 7.69085E-2 8.52014E-2 9.27119E-2 7.1796E-2 7.84886E-2
-9999 -9999 -9999 -9999 -9999 -9999 -9999 -9999 -9999 1.20683E-1 9.28622E-2 1.56927E-1 7.02205E-2 1.45557E-1 2.30117E-1 1.55483E-1 1.31095E-1 1.08497E-1 7.15142E-2 7.32943E-2 7.55411E-2 9.45475E-2 1.14783E-1 2.24635E-1 3.69394E-1 3.28765E-1 2.48664E-1 8.90421E-2 8.97754E-2 9.50646E-2 8.78449E-2 7.90704E-2 8.65119E-2 1.09458E-1 8.94152E-2 8.41371E-2 6.78187E-2 5.30849E-2 7.20872E-2 6.85126E-2 4.11686E-2 4.11697E-2 5.26867E-2 1.70672E-1 1.32591E-1 6.86547E-2 1.06039E-1 7.51342E-2 6.94663E-2 7.36689E-2 9.65268E-2 1.88634E-1 1.55713E-1 8.91768E-2 7.94048E-2 9.21316E-2 1.577E-1 6.04789E-2 7.77827E-2 5.81471E-2 6.63813E-2
-9999 -9999 -9999 -9999 -9999 -9999 -9999 -9999 -9999 1.47902E-1 1.56889E-1 9.79298E-2 1.54045E-1 1.36931E-1 1.62499E-1 1.64353E-1 1.47189E-1 1.15682E-1 8.47553E-2 1.19093E-1 8.6178E-2 8.01929E-2 1.9917E-1 2.56723E-1 3.46933E-1 2.61659E-1 3.30063E-1 1.42588E-1 9.61709E-2 1.21351E-1 1.0448E-1 9.50772E-2 1.13734E-1 8.26762E-2 7.26134E-2 9.82992E-2 7.07793E-2 5.49924E-2 6.00637E-2 8.86776E-2 5.7665E-2 6.29683E-2 5.51417E-2 5.73988E-2 5.06539E-2 6.4913E-2 1.71817E-1 1.47393E-1 8.49469E-2 6.49603E-2 8.34744E-2 8.20894E-2 5.44357E-2 1.16937E-1 1.39919E-1 9.06625E-2 7.44835E-2 1.23324E-1 8.74005E-2 7.35739E-2 6.66891E-2
