Candidate_Models_Sept202022/M_0.8_F_lqp_Set_1_cal/Bison.asc
ncols         97
nrows         127
xllcorner     -2197417.7431653
yllcorner     -584827.01486885
cellsize      30000.0
NODATA_value  -9999
[rows 81 to 107 of 127, columns 0 to 60 of 97]
-9999 -9999 -9999 -9999 -9999 -9999 -9999 -9999 -9999 -9999 -9999 3.57533E-3 7.77736E-4 1.68709E-3 1.77203E-2 7.19635E-3 4.07623E-3 1.2191E-3 2.74314E-3 1.97986E-2 1.1861E-2 5.65493E-2 3.32063E-2 6.83744E-2 1.80258E-1 2.79061E-1 1.22686E-1 1.08221E-1 1.53037E-1 2.74022E-2 2.36359E-2 1.18978E-2 2.73305E-2 7.83429E-2 7.25093E-2 8.47893E-2 5.0762E-2 3.40703E-1 5.62941E-1 7.96031E-1 9.10718E-1 7.46222E-1 7.10184E-1 8.04767E-1 7.21975E-1 5.24252E-1 4.73933E-1 4.68066E-1 4.84432E-1 5.43662E-1 5.86615E-1 6.8379E-1 7.09556E-1 6.82168E-1 6.79729E-1 5.18864E-1 5.98237E-1 6.115E-1 5.68231E-1 5.18447E-1 5.21986E-1
-9999 -9999 -9999 -9999 -9999 -9999 -9999 -9999 -9999 -9999 -9999 -9999 2.10547E-3 1.02635E-3 4.86285E-3 1.23565E-2 6.87071E-3 1.27439E-2 4.12593E-3 3.22388E-3 4.32646E-3 9.98832E-3 1.04755E-2 4.00748E-2 2.53906E-1 2.63028E-1 9.89723E-2 1.11501E-1 2.23575E-1 3.50348E-2 1.6543E-2 1.50259E-2 1.71736E-2 4.02008E-2 1.07826E-1 1.23488E-1 8.00699E-2 1.23838E-1 2.91914E-1 7.18914E-1 8.89818E-1 7.57796E-1 7.15952E-1 7.59278E-1 6.8801E-1 5.14253E-1 4.37641E-1 5.05572E-1 5.40392E-1 6.52231E-1 6.6001E-1 6.85896E-1 7.23085E-1 6.79406E-1 6.40138E-1 6.37958E-1 5.97212E-1 5.40001E-1 5.27886E-1 4.85477E-1 5.666E-1
-9999 -9999 -9999 -9999 -9999 -9999 -9999 -9999 -9999 -9999 -9999 -9999 -9999 2.53094E-3 6.38582E-4 3.39329E-3 4.58928E-3 1.72832E-2 2.39362E-1 8.59256E-3 3.688E-3 6.6784E-3 4.49347E-3 3.01199E-2 9.43501E-2 8.20539E-2 5.89964E-2 1.48889E-1 5.55289E-2 3.67202E-2 1.54654E-2 1.40944E-2 1.23484E-2 2.1498E-2 7.90801E-2 2.45059E-1 8.75958E-2 8.64202E-2 1.53921E-1 6.66844E-1 8.12941E-1 8.0249E-1 7.3264E-1 6.78803E-1 6.21592E-1 4.86513E-1 4.99531E-1 5.27605E-1 5.5823E-1 6.14829E-1 6.39728E-1 6.51228E-1 7.32877E-1 7.01509E-1 6.54059E-1 6.25354E-1 6.64784E-1 6.13671E-1 4.98687E-1 5.17741E-1 5.32331E-1
-9999 -9999 -9999 -9999 -9999 -9999 -9999 -9999 -9999 -9999 -9999 -9999 -9999 2.98108E-3 1.32766E-3 3.36703E-3 9.41833E-3 -9999 4.39007E-2 1.244E-1 1.30661E-1 3.65993E-2 9.2179E-3 1.90144E-2 1.32077E-1 8.2762E-2 1.20662E-1 1.04101E-1 5.40549E-2 3.65526E-2 2.56848E-2 1.60691E-2 1.23935E-2 2.43109E-2 5.83637E-2 1.11242E-1 7.5098E-2 9.46227E-2 1.27733E-1 5.22299E-1 6.61531E-1 7.18635E-1 7.2752E-1 5.40404E-1 5.9286E-1 6.81481E-1 6.24228E-1 6.39395E-1 5.39313E-1 5.96895E-1 6.20894E-1 6.00586E-1 6.34796E-1 6.1051E-1 6.10208E-1 4.63558E-1 6.16493E-1 6.70641E-1 5.73036E-1 5.58465E-1 6.2568E-1
-9999 -9999 -9999 -9999 -9999 -9999 -9999 -9999 -9999 -9999 -9999 -9999 -9999 6.15827E-3 2.66862E-3 2.36781E-3 8.88294E-3 -9999 6.65523E-2 2.85311E-1 7.41829E-2 1.01782E-2 4.04835E-3 2.02218E-2 5.49783E-2 7.2497E-2 1.54516E-1 5.75017E-2 4.82189E-2 2.70787E-2 1.95264E-2 1.12099E-2 2.37297E-2 3.3146E-2 5.07924E-2 9.97177E-2 1.07665E-1 1.30673E-1 2.38693E-1 2.74247E-1 5.12888E-1 6.32517E-1 7.02612E-1 6.06871E-1 5.46562E-1 6.73901E-1 5.29279E-1 4.90265E-1 5.38489E-1 6.53893E-1 6.20263E-1 4.97478E-1 6.03909E-1 7.04687E-1 6.5032E-1 6.11188E-1 7.03325E-1 5.37244E-1 5.37671E-1 5.29077E-1 5.1247E-1
-9999 -9999 -9999 -9999 -9999 -9999 -9999 -9999 -9999 -9999 -9999 -9999 -9999 3.06189E-3 4.77856E-3 3.81824E-3 5.35597E-3 -9999 5.20996E-3 5.48017E-2 1.27546E-2 5.84742E-3 7.98116E-3 1.56076E-2 5.56617E-2 1.31461E-1 2.30537E-1 6.32788E-2 4.01083E-2 2.30361E-2 3.56363E-2 3.2449E-2 3.49852E-2 2.61763E-2 3.6086E-2 2.03232E-1 5.10555E-2 1.29368E-1 1.39999E-1 3.68103E-1 4.37963E-1 6.11022E-1 6.56791E-1 6.35058E-1 6.2892E-1 5.65854E-1 4.69206E-1 5.11618E-1 5.62923E-1 6.59195E-1 5.7843E-1 4.24589E-1 5.25505E-1 6.97773E-1 6.71391E-1 6.55499E-1 6.56193E-1 4.5929E-1 4.92591E-1 5.17837E-1 6.16517E-1
-9999 -9999 -9999 -9999 -9999 -9999 -9999 -9999 -9999 -9999 -9999 -9999 -9999 5.26193E-3 1.70918E-3 1.87638E-3 3.79236E-2 -9999 2.96287E-2 6.17286E-2 8.49547E-3 3.67459E-3 3.13983E-2 7.30265E-2 8.39546E-2 1.88111E-1 4.66373E-1 2.10409E-1 1.37259E-1 2.90131E-2 6.17986E-2 1.48638E-2 7.70555E-3 3.35767E-2 7.53851E-2 1.2765E-1 1.07898E-1 9.49417E-2 5.17541E-1 4.913E-1 3.5702E-1 5.62302E-1 7.52357E-1 6.3653E-1 5.89302E-1 5.82705E-1 6.43761E-1 6.8986E-1 6.06211E-1 5.18166E-1 4.34756E-1 3.84346E-1 5.26764E-1 6.33814E-1 7.24992E-1 7.03187E-1 6.0411E-1 5.11591E-1 4.97577E-1 4.97371E-1 5.60396E-1
-9999 -9999 -9999 -9999 -9999 -9999 -9999 -9999 -9999 -9999 -9999 -9999 -9999 2.78527E-3 1.08842E-3 1.49933E-3 2.54116E-3 6.75748E-3 7.81129E-3 9.40681E-2 4.24221E-3 2.49137E-3 2.89415E-2 8.63694E-2 2.32744E-1 4.22258E-1 3.22545E-1 1.30701E-1 6.41822E-2 7.02717E-2 5.04048E-2 2.12977E-2 1.33225E-2 1.52271E-1 4.29791E-2 4.29064E-2 1.0408E-1 4.14194E-2 8.77855E-2 4.39679E-1 4.0111E-1 6.35683E-1 6.19972E-1 6.61155E-1 6.28853E-1 6.1396E-1 5.56867E-1 4.82775E-1 6.5228E-1 6.39487E-1 5.38455E-1 5.15224E-1 7.14999E-1 7.0741E-1 7.1114E-1 6.99052E-1 6.52645E-1 6.13567E-1 6.41796E-1 4.90514E-1 5.18798E-1
-9999 -9999 -9999 -9999 -9999 -9999 -9999 -9999 -9999 -9999 -9999 -9999 -9999 4.88906E-3 1.48263E-3 7.66208E-4 3.49874E-3 3.59523E-3 6.09709E-3 3.64511E-2 1.18418E-2 6.74174E-3 1.7295E-2 1.13018E-1 4.3556E-1 3.21313E-1 1.35482E-1 6.89803E-2 5.21357E-2 2.22555E-1 3.6868E-2 3.37316E-2 2.90917E-2 1.83522E-1 2.72521E-2 3.99834E-2 1.32871E-1 3.15946E-2 3.47891E-2 5.38564E-2 3.98769E-1 5.74232E-1 5.50593E-1 6.68678E-1 6.643E-1 6.219E-1 6.4488E-1 4.52575E-1 3.7074E-1 4.84713E-1 5.27672E-1 4.57332E-1 6.6467E-1 7.0655E-1 7.23401E-1 6.82682E-1 6.30553E-1 6.63646E-1 6.42666E-1 6.52812E-1 5.44232E-1
-9999 -9999 -9999 -9999 -9999 -9999 -9999 -9999 -9999 -9999 -9999 -9999 -9999 6.07095E-3 4.59325E-3 4.52681E-3 2.85793E-3 3.12466E-3 4.38456E-3 6.56432E-2 3.36608E-3 1.15359E-2 4.76304E-2 4.08048E-1 5.77815E-1 2.86711E-1 2.71419E-1 6.40154E-2 9.78143E-2 1.67425E-1 7.11037E-2 4.14929E-2 8.23581E-2 4.81294E-2 2.60724E-2 3.42395E-2 5.55485E-2 3.2765E-2 7.65631E-2 4.35809E-2 2.51465E-1 3.01799E-1 6.59974E-1 5.39201E-1 6.27548E-1 6.55491E-1 4.64779E-1 4.90963E-1 4.45142E-1 6.40758E-1 5.92692E-1 4.91642E-1 6.55362E-1 6.01712E-1 6.12957E-1 6.20711E-1 6.12101E-1 6.41046E-1 6.70483E-1 6.48946E-1 5.93525E-1
-9999 -9999 -9999 -9999 -9999 -9999 -9999 -9999 -9999 -9999 -9999 -9999 -9999 7.45527E-3 9.56468E-3 8.48407E-3 4.31236E-3 3.43478E-3 4.7318E-2 3.5633E-2 1.13659E-2 2.08394E-2 1.82273E-1 5.79554E-1 3.87679E-1 2.58867E-1 4.11676E-1 3.21254E-1 1.25412E-1 1.03508E-1 1.17402E-1 7.32923E-2 9.09933E-2 5.51191E-2 1.40424E-2 6.99613E-2 7.99721E-2 1.1217E-1 1.81176E-1 5.03357E-2 1.02832E-1 2.62262E-1 5.94793E-1 6.56576E-1 4.25195E-1 4.4434E-1 5.38275E-1 5.1714E-1 5.95135E-1 4.9973E-1 4.32503E-1 4.51361E-1 5.51768E-1 5.80649E-1 5.92803E-1 4.76812E-1 4.72366E-1 5.26974E-1 6.09044E-1 5.70082E-1 5.12282E-1
-9999 -9999 -9999 -9999 -9999 -9999 -9999 -9999 -9999 -9999 -9999 -9999 -9999 5.613E-3 3.87563E-3 1.6371E-2 1.49337E-2 1.76294E-2 2.60766E-2 1.00904E-2 3.0329E-2 8.48722E-2 1.66493E-1 2.67968E-1 2.80515E-1 2.32131E-1 3.3865E-1 3.53183E-1 3.686E-1 2.82554E-1 1.89009E-1 1.31568E-1 3.52856E-2 1.50729E-2 1.41831E-2 4.76827E-2 1.69328E-1 3.03567E-1 5.34119E-1 3.98209E-2 9.5125E-2 4.53681E-1 5.03959E-1 6.14613E-1 4.89398E-1 5.1939E-1 5.54113E-1 5.32496E-1 5.22484E-1 4.97428E-1 4.34575E-1 4.83618E-1 5.75107E-1 5.86884E-1 5.83849E-1 5.43657E-1 4.68363E-1 6.25076E-1 5.62175E-1 5.66333E-1 5.46821E-1
-9999 -9999 -9999 -9999 -9999 -9999 -9999 -9999 -9999 -9999 -9999 -9999 7.40514E-3 4.49076E-3 7.1774E-3 2.225E-2 2.39927E-2 1.53379E-2 1.68424E-2 5.05008E-3 2.56527E-2 3.04872E-1 3.24005E-1 3.08072E-1 1.19698E-1 2.10044E-1 2.90623E-1 3.16595E-1 3.14255E-1 2.15954E-1 3.63681E-1 9.94311E-2 2.24901E-2 1.4451E-2 2.57607E-2 2.80615E-2 1.218E-1 3.32094E-1 1.00519E-1 3.93139E-2 3.06707E-2 3.25427E-1 5.26961E-1 5.88992E-1 5.32465E-1 5.53468E-1 5.12732E-1 4.76745E-1 4.33356E-1 6.26393E-1 4.62456E-1 4.58164E-1 5.05066E-1 5.27298E-1 5.5377E-1 5.35911E-1 5.06382E-1 6.7393E-1 5.5849E-1 5.16392E-1 5.88763E-1
-9999 -9999 -9999 -9999 -9999 -9999 -9999 -9999 -9999 -9999 -9999 -9999 2.05504E-2 1.01367E-2 8.26092E-3 1.59441E-2 1.26866E-2 1.37515E-2 6.81427E-3 1.34752E-2 9.88678E-2 3.41866E-1 9.54368E-2 2.39395E-1 2.10461E-1 1.77966E-1 1.84427E-1 2.47295E-1 2.76261E-1 2.67694E-1 2.46878E-1 1.5973E-1 3.6544E-2 4.722E-2 1.39072E-2 3.5174E-2 2.75435E-1 4.95461E-1 1.70242E-1 2.81819E-2 3.94932E-2 2.92284E-1 3.93725E-1 4.581E-1 4.49685E-1 4.86473E-1 4.00338E-1 4.4309E-1 5.14754E-1 5.75921E-1 4.78817E-1 4.1667E-1 4.01513E-1 4.65073E-1 4.9553E-1 4.91568E-1 4.89553E-1 5.37253E-1 5.55914E-1 4.92805E-1 5.05338E-1
-9999 -9999 -9999 -9999 -9999 -9999 -9999 -9999 -9999 -9999 -9999 -9999 6.11869E-3 6.19426E-3 8.43634E-3 1.59926E-2 8.06868E-3 9.31091E-3 8.80877E-3 4.82255E-2 1.6409E-1 1.60396E-1 1.5758E-1 5.52299E-2 9.16475E-2 1.47013E-1 2.64622E-1 1.97709E-1 2.17313E-1 2.16519E-1 3.2167E-1 5.88686E-2 3.11296E-2 1.62519E-2 1.4508E-2 2.71705E-2 1.97368E-1 4.73592E-1 1.99594E-1 5.292E-2 4.91902E-2 4.3514E-1 3.88726E-1 4.90514E-1 3.97203E-1 4.0595E-1 3.83348E-1 3.70456E-1 4.84873E-1 6.92904E-1 6.33567E-1 6.63717E-1 4.83623E-1 4.00797E-1 4.89758E-1 5.95776E-1 6.25894E-1 6.58012E-1 5.1801E-1 4.94705E-1 5.73444E-1
-9999 -9999 -9999 -9999 -9999 -9999 -9999 -9999 -9999 -9999 -9999 -9999 1.78629E-2 5.4592E-3 2.97163E-2 3.04833E-2 3.736E-2 3.90838E-3 2.12385E-2 3.3156E-2 7.27685E-2 1.16311E-1 1.30712E-1 1.5082E-1 8.10651E-2 1.05456E-1 1.70663E-1 1.90371E-1 2.81512E-1 4.0853E-1 3.25672E-1 1.25527E-1 3.5984E-2 1.82587E-2 1.38037E-2 1.60772E-2 7.39465E-2 3.07093E-1 7.11811E-2 1.12426E-1 7.5031E-2 3.69983E-1 4.02122E-1 4.64533E-1 4.4671E-1 4.5757E-1 5.15216E-1 3.6532E-1 4.32428E-1 6.13864E-1 6.2237E-1 6.07549E-1 6.29635E-1 4.85003E-1 7.05773E-1 6.34593E-1 7.32107E-1 5.85289E-1 4.4821E-1 4.71445E-1 4.68258E-1
-9999 -9999 -9999 -9999 -9999 -9999 -9999 -9999 -9999 -9999 -9999 6.99077E-3 6.45156E-3 3.25409E-2 2.47439E-2 8.08155E-3 2.92708E-2 1.01086E-2 5.27372E-2 2.79659E-1 1.66748E-1 1.04101E-1 1.67771E-1 1.38325E-1 4.9089E-2 9.84775E-2 1.41694E-1 3.44525E-1 3.57808E-1 4.46116E-1 4.79416E-1 4.10856E-1 3.2949E-2 4.46766E-2 1.81723E-2 2.56224E-2 6.02463E-2 5.64466E-1 3.28007E-1 2.07036E-1 4.15457E-1 2.01478E-1 6.32338E-1 5.51883E-1 5.32824E-1 6.35012E-1 4.83982E-1 2.78319E-1 3.92818E-1 4.88868E-1 4.57268E-1 3.86656E-1 5.83693E-1 6.89901E-1 5.08846E-1 4.57899E-1 4.37215E-1 4.74431E-1 4.71822E-1 5.07198E-1 4.53346E-1
-9999 -9999 -9999 -9999 -9999 -9999 -9999 -9999 -9999 -9999 -9999 4.48459E-3 1.782E-2 4.441E-2 2.8842E-2 4.29227E-2 2.16549E-2 1.79235E-2 1.34544E-1 2.41055E-1 2.14043E-1 6.49933E-2 6.49476E-2 6.88005E-2 1.33226E-1 1.70747E-1 1.96753E-1 4.33851E-2 2.88998E-2 6.24489E-1 5.08518E-1 5.8959E-1 2.54783E-1 3.53109E-2 2.72307E-2 2.21963E-2 4.99904E-2 6.44817E-1 8.70899E-2 5.30512E-1 4.29584E-1 3.05776E-1 7.12332E-1 5.08493E-1 5.4588E-1 1.71014E-1 1.20515E-1 4.60895E-1 3.8185E-1 6.14132E-1 4.84828E-1 3.46443E-1 5.2504E-1 5.85302E-1 3.56539E-1 3.88641E-1 3.75343E-1 3.97561E-1 4.44772E-1 4.61764E-1 4.75059E-1
-9999 -9999 -9999 -9999 -9999 -9999 -9999 -9999 -9999 -9999 3.0354E-3 2.34353E-3 2.00152E-2 4.42918E-2 1.39556E-1 7.87074E-3 6.05594E-3 2.36259E-2 1.08254E-1 8.16676E-2 1.01436E-1 1.60931E-1 1.72154E-1 1.43179E-1 1.68561E-1 3.18387E-1 1.64295E-1 3.69371E-2 9.33306E-2 2.27719E-1 2.31166E-1 6.60097E-1 3.9013E-1 1.63799E-2 3.50197E-2 3.09343E-2 1.78592E-1 6.58855E-1 1.57261E-1 3.72618E-1 7.11377E-1 3.87913E-1 6.52597E-1 6.81764E-1 4.85936E-1 5.95119E-1 2.83303E-1 4.91583E-1 5.10827E-1 2.81731E-1 5.0117E-1 3.08511E-1 3.09007E-1 3.44936E-1 3.62895E-1 3.71958E-1 3.68508E-1 4.2801E-1 3.98238E-1 3.95139E-1 4.15341E-1
-9999 -9999 -9999 -9999 -9999 -9999 -9999 -9999 -9999 -9999 1.45823E-3 1.1111E-3 3.4784E-2 4.59936E-2 2.95513E-2 5.83538E-3 8.24386E-3 4.00754E-2 4.08627E-2 5.44554E-2 5.26531E-2 1.20525E-1 1.40429E-1 1.61055E-1 1.66934E-1 1.55384E-1 2.29034E-1 2.13031E-1 3.23102E-1 3.471E-1 1.54961E-1 1.61848E-1 4.81165E-2 4.41837E-2 3.17983E-2 2.94702E-2 2.18756E-1 3.66051E-1 1.94082E-1 4.70134E-1 7.61519E-1 1.52435E-1 3.29479E-1 6.21648E-1 5.33211E-1 4.19982E-1 4.47824E-1 3.09967E-1 2.81947E-1 3.59926E-1 2.78626E-1 3.40909E-1 3.2006E-1 3.29496E-1 4.10937E-1 4.85232E-1 4.11821E-1 4.06442E-1 4.39623E-1 4.52955E-1 4.53485E-1
-9999 -9999 -9999 -9999 -9999 -9999 -9999 -9999 -9999 -9999 1.03033E-3 1.21477E-3 3.13637E-2 3.38221E-2 6.37214E-3 6.92665E-3 1.41159E-2 4.04936E-2 9.67539E-2 5.82757E-2 3.97349E-2 5.01634E-2 5.74031E-2 6.87603E-2 1.39115E-1 9.95411E-2 3.58584E-1 9.17735E-2 3.09134E-1 3.21432E-1 8.7447E-2 4.9584E-2 4.70835E-2 6.34579E-2 5.61089E-2 7.3272E-2 2.01286E-1 2.37695E-1 3.73734E-1 2.96522E-1 6.23172E-1 4.82959E-1 6.22652E-1 5.63957E-1 6.00384E-1 5.70085E-1 2.31562E-1 3.23194E-1 3.17949E-1 3.23086E-1 4.52303E-1 5.24127E-1 5.00473E-1 3.50081E-1 4.03874E-1 3.29465E-1 3.26393E-1 3.63657E-1 4.95341E-1 4.40053E-1 3.69946E-1
-9999 -9999 -9999 -9999 -9999 -9999 -9999 -9999 -9999 1.32015E-3 8.34845E-4 1.67541E-3 4.01375E-2 1.09177E-2 2.13964E-3 3.93494E-3 3.1241E-2 9.72223E-2 1.22856E-1 3.60379E-2 4.82201E-2 6.01614E-2 6.96723E-2 8.61947E-2 6.22362E-2 6.05673E-2 4.72278E-1 1.24365E-1 1.02297E-1 6.30837E-2 7.31189E-2 1.25837E-1 1.39761E-1 1.44642E-1 1.34019E-1 1.60294E-1 1.8867E-1 2.31922E-1 6.07495E-1 2.33646E-1 6.87417E-1 6.18337E-1 7.13356E-1 4.19498E-1 6.0427E-1 4.52038E-1 5.04137E-1 4.41411E-1 4.04332E-1 3.01412E-1 3.03025E-1 3.60369E-1 3.61086E-1 4.84944E-1 5.64274E-1 5.40902E-1 4.54345E-1 4.51789E-1 3.73462E-1 4.44191E-1 4.43505E-1
-9999 -9999 -9999 -9999 -9999 -9999 -9999 -9999 -9999 1.63436E-3 9.56277E-4 1.81295E-3 7.37844E-3 2.41349E-3 1.74081E-3 6.80828E-3 4.07133E-2 7.3909E-2 9.76015E-2 6.42721E-2 1.28393E-1 6.77973E-2 6.29648E-2 8.54414E-2 7.73863E-2 1.23713E-1 3.71421E-1 3.0737E-1 2.55457E-1 1.62215E-1 1.79034E-1 2.33048E-1 1.07679E-1 1.73093E-1 3.99952E-1 4.84997E-1 2.69984E-1 5.89003E-1 5.49163E-1 5.86235E-1 7.39732E-1 7.73638E-1 4.67229E-1 5.30578E-1 6.86501E-1 6.58083E-1 6.10776E-1 3.92428E-1 5.4618E-1 5.36838E-1 5.20386E-1 5.21867E-1 3.72502E-1 4.99747E-1 5.21376E-1 6.05238E-1 5.10826E-1 4.43855E-1 4.67383E-1 3.50623E-1 3.14415E-1
-9999 -9999 -9999 -9999 -9999 -9999 -9999 -9999 1.7374E-3 1.0652E-3 2.39612E-3 1.99903E-2 1.89222E-3 2.27425E-3 4.94109E-3 3.45356E-2 4.9777E-2 6.66261E-2 7.81701E-2 8.11016E-2 1.23418E-1 1.26348E-1 9.27397E-2 1.25128E-1 1.01402E-1 2.92598E-1 2.4026E-1 3.53201E-1 2.23828E-1 3.34647E-1 2.70846E-1 2.65587E-1 1.10838E-1 2.33703E-1 3.8153E-1 2.4655E-1 2.98026E-1 6.57567E-1 5.87169E-1 8.21534E-1 7.75822E-1 6.89435E-1 5.32517E-1 3.563E-1 1.72809E-1 4.68233E-1 1.24124E-1 3.12477E-1 4.18671E-1 5.72343E-1 4.46942E-1 4.23189E-1 2.88129E-1 3.57679E-1 3.68717E-1 6.32277E-1 6.20208E-1 6.22708E-1 4.69284E-1 3.44824E-1 3.67604E-1
-9999 -9999 -9999 -9999 -9999 -9999 -9999 2.8446E-3 2.0494E-3 1.09884E-3 9.28906E-3 2.02921E-2 1.73725E-3 2.5439E-3 1.28078E-2 6.77889E-2 7.91542E-2 8.69595E-2 1.12687E-1 1.21167E-1 1.38932E-1 1.16147E-1 1.14614E-1 1.41138E-1 1.17058E-1 1.86572E-1 1.85254E-1 4.13362E-1 4.45437E-1 4.3971E-1 2.4081E-1 2.09137E-1 1.5783E-1 1.73662E-1 2.7437E-1 3.47306E-1 7.48578E-1 6.94552E-1 7.28146E-1 8.12317E-1 7.41777E-1 6.56883E-1 4.07255E-1 3.08659E-1 1.934E-1 4.04363E-1 3.29163E-1 1.69047E-1 4.5959E-1 6.79072E-1 5.5809E-1 5.67067E-1 7.2273E-1 4.18775E-1 6.12497E-1 6.16257E-1 6.65381E-1 6.41244E-1 6.06663E-1 3.95832E-1 3.77491E-1
-9999 -9999 -9999 -9999 -9999 -9999 -9999 5.03637E-4 3.38686E-4 4.57417E-4 3.35248E-3 3.45262E-3 1.64084E-3 7.74167E-3 5.5569E-2 7.9045E-2 8.08409E-2 1.98148E-1 1.2194E-1 1.047E-1 1.2428E-1 1.8117E-1 2.4823E-1 1.96429E-1 1.88322E-1 1.44321E-1 2.23237E-1 3.82283E-1 2.13924E-1 4.70316E-1 2.14305E-1 1.13567E-1 1.67193E-1 3.53877E-1 2.99106E-1 6.41359E-1 6.50867E-1 7.44376E-1 7.84645E-1 8.20832E-1 8.00188E-1 5.99721E-1 4.85071E-1 3.66752E-1 3.04534E-1 2.51805E-1 3.24924E-1 2.96241E-1 5.34026E-1 3.7526E-1 4.49693E-1 4.61252E-1 5.01932E-1 6.43989E-1 4.90863E-1 6.70263E-1 5.54223E-1 6.32376E-1 6.22739E-1 4.23368E-1 3.89029E-1
-9999 -9999 -9999 -9999 -9999 -9999 -9999 1.05993E-3 7.10899E-4 7.05639E-4 4.88716E-3 5.63291E-3 5.71247E-3 9.23046E-3 8.33138E-2 7.69267E-2 9.7142E-2 1.92957E-1 1.15152E-1 1.0119E-1 1.2376E-1 1.39245E-1 3.49936E-1 2.34131E-1 1.38199E-1 1.21768E-1 1.19598E-1 4.02459E-1 1.47469E-1 2.7195E-1 3.77943E-1 1.39783E-1 4.39931E-1 5.17939E-1 4.86256E-1 5.84999E-1 7.4695E-1 6.99009E-1 7.5949E-1 6.65202E-1 5.74743E-1 4.99758E-1 3.98476E-1 2.49841E-1 1.92036E-1 2.73077E-1 2.70125E-1 1.65113E-1 4.47426E-1 6.92274E-1 6.15929E-1 5.71612E-1 6.13622E-1 3.86429E-1 6.07887E-1 5.91188E-1 4.54284E-1 6.20962E-1 5.29181E-1 3.9069E-1 4.72597E-1
