Candidate_Models_Sept202022/M_0.8_F_lqp_Set_1_cal/Bison.asc
ncols         97
nrows         127
xllcorner     -2197417.7431653
yllcorner     -584827.01486885
cellsize      30000.0
NODATA_value  -9999
[rows 0 to 26 of 127, columns 0 to 60 of 97]
-9999 -9999 -9999 -9999 -9999 -9999 -9999 -9999 -9999 -9999 -9999 -9999 -9999 -9999 -9999 -9999 -9999 -9999 -9999 -9999 -9999 -9999 -9999 -9999 -9999 -9999 -9999 -9999 -9999 -9999 -9999 -9999 -9999 -9999 -9999 -9999 -9999 -9999 -9999 -9999 -9999 -9999 -9999 -9999 -9999 -9999 -9999 -9999 -9999 -9999 -9999 -9999 -9999 -9999 -9999 -9999 -9999 -9999 -9999 -9999 -9999
-9999 -9999 -9999 -9999 -9999 -9999 -9999 -9999 -9999 -9999 -9999 -9999 -9999 -9999 -9999 -9999 -9999 -9999 -9999 -9999 -9999 -9999 -9999 -9999 -9999 -9999 -9999 -9999 -9999 -9999 -9999 -9999 -9999 -9999 -9999 -9999 -9999 -9999 -9999 -9999 -9999 -9999 -9999 -9999 -9999 -9999 -9999 -9999 -9999 -9999 -9999 -9999 -9999 -9999 -9999 -9999 -9999 -9999 -9999 -9999 -9999
-9999 -9999 -9999 -9999 -9999 -9999 -9999 -9999 -9999 -9999 -9999 -9999 -9999 -9999 -9999 -9999 -9999 -9999 -9999 -9999 -9999 -9999 -9999 -9999 -9999 -9999 -9999 -9999 -9999 -9999 -9999 -9999 -9999 -9999 -9999 -9999 -9999 -9999 -9999 -9999 -9999 -9999 -9999 -9999 -9999 -9999 -9999 -9999 -9999 -9999 -9999 -9999 -9999 -9999 -9999 -9999 -9999 -9999 -9999 -9999 -9999
-9999 -9999 -9999 -9999 -9999 -9999 -9999 -9999 -9999 -9999 -9999 -9999 -9999 -9999 -9999 -9999 -9999 -9999 -9999 3.69468E-2 5.89526E-2 3.58543E-2 3.7305E-2 -9999 -9999 -9999 -9999 -9999 -9999 -9999 -9999 -9999 -9999 -9999 -9999 -9999 -9999 -9999 -9999 -9999 -9999 -9999 -9999 -9999 -9999 -9999 -9999 -9999 -9999 -9999 -9999 -9999 -9999 -9999 -9999 -9999 -9999 -9999 -9999 -9999 -9999
-9999 -9999 -9999 -9999 -9999 -9999 -9999 -9999 -9999 -9999 -9999 -9999 -9999 -9999 -9999 -9999 -9999 -9999 3.85602E-2 3.40167E-2 3.7357E-2 3.65237E-2 4.13405E-2 2.69095E-2 1.64436E-2 -9999 -9999 -9999 -9999 -9999 -9999 -9999 -9999 -9999 -9999 -9999 -9999 -9999 -9999 -9999 -9999 -9999 -9999 -9999 -9999 -9999 -9999 -9999 -9999 -9999 -9999 -9999 -9999 -9999 -9999 -9999 -9999 -9999 -9999 -9999 -9999
-9999 -9999 -9999 -9999 -9999 -9999 -9999 -9999 -9999 -9999 -9999 -9999 -9999 -9999 -9999 -9999 -9999 -9999 2.58411E-2 2.32163E-2 2.5049E-2 2.94047E-2 2.84296E-2 1.65701E-2 1.4519E-2 -9999 -9999 -9999 -9999 -9999 -9999 -9999 -9999 -9999 -9999 -9999 -9999 -9999 -9999 -9999 -9999 -9999 -9999 -9999 -9999 -9999 -9999 -9999 -9999 -9999 -9999 -9999 -9999 -9999 -9999 -9999 -9999 -9999 -9999 -9999 -9999
-9999 -9999 -9999 -9999 -9999 -9999 -9999 -9999 -9999 -9999 -9999 -9999 -9999 -9999 -9999 -9999 -9999 2.13497E-2 2.26535E-2 8.77165E-3 9.79046E-3 1.49595E-2 2.08358E-2 1.64928E-2 1.28896E-2 1.23673E-2 -9999 1.54314E-2 1.45705E-2 1.60202E-2 -9999 -9999 -9999 -9999 -9999 -9999 -9999 -9999 1.19076E-2 -9999 -9999 -9999 -9999 -9999 -9999 -9999 -9999 -9999 -9999 -9999 -9999 -9999 -9999 -9999 -9999 -9999 -9999 -9999 -9999 -9999 -9999
-9999 -9999 -9999 -9999 -9999 -9999 -9999 -9999 -9999 -9999 -9999 -9999 -9999 -9999 -9999 -9999 4.5355E-2 3.21674E-2 9.29842E-3 5.39131E-3 5.54932E-3 7.20276E-3 1.17329E-2 1.55225E-2 1.42673E-2 1.266E-2 1.48025E-2 1.39681E-2 1.33122E-2 1.36796E-2 1.42367E-2 1.39274E-2 1.28599E-2 1.22854E-2 1.25574E-2 1.32743E-2 1.38056E-2 -9999 1.09151E-2 1.0149E-2 -9999 -9999 -9999 -9999 -9999 -9999 -9999 -9999 -9999 -9999 -9999 -9999 -9999 -9999 -9999 -9999 -9999 -9999 -9999 -9999 -9999
-9999 -9999 -9999 -9999 -9999 -9999 -9999 -9999 -9999 -9999 -9999 -9999 -9999 -9999 -9999 2.79694E-2 3.20298E-2 1.86267E-2 7.09711E-3 4.66756E-3 3.8344E-3 4.96838E-3 9.24523E-3 1.66175E-2 1.72028E-2 1.33107E-2 2.0704E-2 2.09682E-2 1.28696E-2 1.15289E-2 1.22976E-2 1.24638E-2 1.24732E-2 1.22189E-2 1.30452E-2 1.66347E-2 1.51537E-2 1.48166E-2 1.13445E-2 1.09959E-2 -9999 -9999 -9999 -9999 -9999 -9999 -9999 -9999 -9999 -9999 -9999 -9999 -9999 -9999 -9999 -9999 -9999 -9999 -9999 -9999 -9999
-9999 -9999 -9999 -9999 -9999 -9999 -9999 -9999 -9999 -9999 -9999 -9999 -9999 -9999 -9999 3.89202E-2 3.22471E-2 1.5864E-2 5.42511E-3 5.56935E-3 6.71839E-3 8.94575E-3 1.15823E-2 1.62562E-2 1.89207E-2 1.349E-2 1.88665E-2 1.84664E-2 1.15035E-2 1.15952E-2 1.51291E-2 1.40683E-2 1.3489E-2 1.58174E-2 1.50404E-2 1.90354E-2 2.05675E-2 1.777E-2 1.3898E-2 -9999 -9999 -9999 9.70714E-3 -9999 -9999 -9999 -9999 -9999 -9999 -9999 -9999 -9999 -9999 -9999 -9999 -9999 -9999 -9999 -9999 -9999 -9999
-9999 -9999 -9999 -9999 -9999 -9999 -9999 -9999 -9999 -9999 -9999 -9999 -9999 -9999 2.71926E-2 3.44669E-2 3.38817E-2 1.88995E-2 1.56583E-2 9.30179E-3 9.63968E-3 1.08234E-2 1.86529E-2 2.12139E-2 1.85297E-2 1.81079E-2 2.06521E-2 1.62883E-2 1.56592E-2 1.22128E-2 1.77864E-2 1.444E-2 1.26602E-2 1.77026E-2 2.35559E-2 2.33283E-2 2.34797E-2 1.77139E-2 1.33638E-2 -9999 -9999 9.95042E-3 -9999 -9999 -9999 -9999 -9999 -9999 -9999 -9999 -9999 -9999 -9999 -9999 -9999 -9999 -9999 -9999 -9999 -9999 -9999
-9999 -9999 -9999 -9999 -9999 -9999 -9999 -9999 -9999 -9999 -9999 -9999 -9999 2.10519E-2 3.79647E-2 3.55113E-2 3.30668E-2 1.95813E-2 1.83333E-2 2.28848E-2 1.39475E-2 1.89116E-2 2.05201E-2 2.51874E-2 1.79487E-2 1.83467E-2 1.94037E-2 1.79325E-2 1.09079E-2 1.03305E-2 1.1208E-2 1.41142E-2 1.43518E-2 1.97159E-2 2.2866E-2 2.35034E-2 2.47441E-2 1.6624E-2 1.33689E-2 1.04492E-2 9.2912E-3 9.74035E-3 -9999 1.27959E-2 1.3073E-2 -9999 -9999 -9999 -9999 -9999 -9999 -9999 -9999 -9999 -9999 -9999 -9999 -9999 -9999 -9999 -9999
-9999 -9999 -9999 -9999 -9999 -9999 -9999 -9999 -9999 -9999 -9999 -9999 -9999 3.95044E-2 3.5795E-2 2.89928E-2 2.67423E-2 1.63034E-2 3.94256E-2 1.16869E-2 1.47028E-2 1.12906E-2 1.76528E-2 1.60658E-2 1.22139E-2 1.62583E-2 1.72579E-2 1.17907E-2 1.1295E-2 1.04409E-2 1.35979E-2 1.44428E-2 1.77846E-2 1.74841E-2 1.96341E-2 2.22455E-2 1.53705E-2 1.49089E-2 1.13756E-2 8.86154E-3 8.76758E-3 1.2628E-2 1.32224E-2 1.3577E-2 1.36259E-2 1.57731E-2 -9999 -9999 -9999 -9999 -9999 -9999 -9999 -9999 -9999 -9999 -9999 -9999 -9999 -9999 -9999
-9999 -9999 -9999 -9999 -9999 -9999 -9999 -9999 -9999 -9999 -9999 -9999 6.60488E-2 7.1873E-2 3.84894E-2 3.0614E-2 2.44018E-2 1.93918E-2 1.73452E-2 1.79742E-2 1.636E-2 1.45443E-2 1.61557E-2 1.49562E-2 1.25017E-2 9.58378E-3 1.39564E-2 8.14972E-3 1.81721E-2 2.02294E-2 1.64514E-2 1.21939E-2 1.12435E-2 1.37473E-2 1.40505E-2 1.56176E-2 1.14531E-2 1.25157E-2 1.16748E-2 8.89392E-3 8.25321E-3 9.04719E-3 1.27874E-2 1.39882E-2 1.48342E-2 1.52183E-2 1.58182E-2 -9999 -9999 -9999 6.15111E-3 4.98268E-3 -9999 -9999 -9999 -9999 -9999 -9999 -9999 -9999 -9999
-9999 -9999 -9999 -9999 -9999 -9999 -9999 -9999 -9999 -9999 -9999 3.47558E-2 3.08736E-2 6.26753E-2 3.11418E-2 2.40401E-2 1.27599E-2 2.06983E-2 1.98699E-2 1.89273E-2 1.53451E-2 2.52745E-2 2.14335E-2 1.67429E-2 7.6883E-3 6.97917E-3 1.70368E-2 1.73949E-2 1.34471E-2 1.21798E-2 1.20331E-2 1.25449E-2 9.6468E-3 9.55655E-3 1.60099E-2 1.861E-2 1.7359E-2 1.52207E-2 1.32847E-2 9.92243E-3 9.31306E-3 9.56366E-3 1.10084E-2 1.21423E-2 1.22715E-2 1.32355E-2 1.33532E-2 1.21092E-2 -9999 -9999 -9999 5.91002E-3 5.07413E-3 -9999 -9999 -9999 -9999 -9999 -9999 -9999 -9999
-9999 -9999 -9999 -9999 -9999 -9999 -9999 -9999 -9999 -9999 -9999 3.30245E-2 2.52951E-2 2.43373E-2 1.55735E-2 9.15374E-3 7.23569E-3 1.33092E-2 9.5784E-3 1.7988E-2 2.02426E-2 2.20688E-2 1.94443E-2 1.89343E-2 6.26867E-3 7.8227E-3 1.51823E-2 2.38505E-2 2.63778E-2 2.09085E-2 1.16088E-2 1.01723E-2 8.49426E-3 8.89101E-3 1.55188E-2 1.70243E-2 1.50184E-2 1.39242E-2 1.1891E-2 9.86848E-3 1.07094E-2 1.08151E-2 1.10463E-2 1.35124E-2 1.04752E-2 1.14132E-2 1.04278E-2 9.94218E-3 1.054E-2 -9999 -9999 6.64765E-3 6.18233E-3 5.83938E-3 5.9099E-3 -9999 -9999 -9999 -9999 -9999 -9999
-9999 -9999 -9999 -9999 -9999 -9999 -9999 -9999 -9999 -9999 4.59629E-2 3.8226E-2 4.56932E-2 1.51479E-2 6.58308E-3 6.06222E-3 6.97587E-3 6.7177E-3 8.77766E-3 2.05167E-2 3.82365E-2 2.26687E-2 1.34707E-2 2.38957E-2 8.36917E-3 9.78501E-3 9.31881E-3 1.09363E-2 2.14709E-2 1.15112E-2 1.3035E-2 9.37001E-3 1.45201E-2 1.20139E-2 1.88342E-2 2.12984E-2 2.06243E-2 1.87529E-2 1.89323E-2 1.22426E-2 1.12619E-2 1.1246E-2 1.18078E-2 1.22613E-2 1.06736E-2 9.66866E-3 8.89254E-3 9.57752E-3 1.00782E-2 9.15573E-3 8.5194E-3 1.01522E-2 -9999 -9999 6.2806E-3 5.96355E-3 -9999 -9999 -9999 -9999 -9999
-9999 -9999 -9999 -9999 -9999 -9999 -9999 -9999 -9999 6.62542E-2 5.30732E-2 3.94389E-2 2.97715E-2 1.58111E-2 7.80505E-3 8.50575E-3 7.14662E-3 9.51581E-3 8.48356E-3 1.35643E-2 2.19428E-2 2.46685E-2 2.31075E-2 1.50583E-2 7.41742E-3 9.07294E-3 1.07668E-2 9.18061E-3 1.16824E-2 1.34731E-2 2.0764E-2 1.2777E-2 1.23396E-2 1.856E-2 1.95689E-2 1.9883E-2 2.05905E-2 2.85726E-2 2.93086E-2 2.36853E-2 1.19702E-2 1.16074E-2 1.14615E-2 1.21383E-2 1.09191E-2 8.96071E-3 8.89074E-3 9.71333E-3 9.61008E-3 8.35056E-3 8.61055E-3 9.24089E-3 8.794E-3 -9999 6.14631E-3 5.95618E-3 5.43126E-3 4.76031E-3 -9999 -9999 -9999
-9999 -9999 -9999 -9999 -9999 -9999 -9999 -9999 4.957E-2 4.99656E-2 6.38666E-2 3.3696E-2 2.27798E-2 2.96706E-2 2.58923E-2 2.10262E-2 1.60947E-2 1.54174E-2 1.15737E-2 1.21522E-2 1.56298E-2 2.02929E-2 3.04665E-2 1.74203E-2 9.88466E-3 9.80214E-3 8.83329E-3 8.39377E-3 8.77037E-3 7.88197E-3 1.58038E-2 1.60999E-2 1.82206E-2 2.37993E-2 2.31505E-2 1.96257E-2 2.22844E-2 3.06196E-2 3.27041E-2 4.23611E-2 1.87847E-2 1.37307E-2 1.1722E-2 1.18974E-2 1.04637E-2 8.98824E-3 9.88605E-3 1.08086E-2 9.67865E-3 8.5134E-3 8.63891E-3 9.14306E-3 9.46338E-3 9.57008E-3 6.67695E-3 6.05762E-3 5.01045E-3 4.59392E-3 4.36821E-3 3.96896E-3 3.88279E-3
-9999 -9999 -9999 -9999 -9999 -9999 -9999 -9999 1.99781E-2 1.65446E-2 2.57431E-2 2.90576E-2 2.2819E-2 3.42972E-2 4.32385E-2 4.92774E-2 2.38559E-2 2.42573E-2 2.27971E-2 1.64312E-2 1.50095E-2 1.53592E-2 1.52954E-2 2.07121E-2 1.30698E-2 1.58322E-2 1.09886E-2 9.04997E-3 1.43106E-2 1.43041E-2 1.88586E-2 2.02861E-2 2.27232E-2 2.93073E-2 2.59799E-2 2.40028E-2 2.76092E-2 2.95251E-2 3.23293E-2 3.56551E-2 2.44142E-2 1.3716E-2 1.27092E-2 1.21211E-2 1.14397E-2 1.11636E-2 1.18516E-2 1.2385E-2 1.16862E-2 9.37065E-3 8.86657E-3 1.00318E-2 1.06147E-2 9.98743E-3 -9999 6.87727E-3 5.83353E-3 5.79757E-3 4.58056E-3 4.29039E-3 3.88211E-3
-9999 -9999 -9999 -9999 -9999 -9999 -9999 3.23759E-2 3.27049E-2 3.65494E-2 4.78028E-2 2.97018E-2 3.31687E-2 2.99135E-2 4.32125E-2 4.73313E-2 3.56321E-2 4.69657E-2 3.99138E-2 3.23383E-2 2.63468E-2 2.56266E-2 2.09125E-2 2.13111E-2 1.20335E-2 1.96337E-2 2.21713E-2 1.65424E-2 2.45845E-2 2.37088E-2 2.45054E-2 2.57209E-2 2.91528E-2 3.52021E-2 3.83748E-2 4.74501E-2 2.20052E-2 3.1424E-2 2.56469E-2 3.94152E-2 2.04951E-2 1.4788E-2 1.38233E-2 1.33157E-2 1.35971E-2 1.27969E-2 1.22066E-2 1.19724E-2 1.19395E-2 1.20941E-2 1.10181E-2 1.1147E-2 -9999 -9999 -9999 -9999 -9999 -9999 -9999 -9999 -9999
-9999 -9999 -9999 -9999 -9999 -9999 4.99041E-2 6.26602E-2 4.89414E-2 3.51663E-2 6.08715E-2 6.96379E-2 3.7803E-2 5.23478E-2 3.88518E-2 3.3565E-2 4.02138E-2 5.8998E-2 5.39072E-2 5.65617E-2 4.63453E-2 2.78164E-2 2.26958E-2 4.3844E-2 2.25311E-2 1.59704E-2 2.61855E-2 2.89932E-2 2.08563E-2 1.43451E-2 2.43751E-2 2.86726E-2 3.05998E-2 5.06183E-2 4.56553E-2 2.72377E-2 4.22598E-2 2.92892E-2 4.3917E-2 4.23591E-2 1.73026E-2 2.49078E-2 1.84575E-2 1.68941E-2 1.53842E-2 1.3937E-2 1.32704E-2 1.28039E-2 1.22028E-2 1.17E-2 1.25452E-2 1.27828E-2 1.09719E-2 1.08695E-2 -9999 -9999 -9999 -9999 -9999 -9999 -9999
-9999 -9999 -9999 -9999 -9999 -9999 5.11425E-2 4.85164E-2 3.31453E-2 3.60724E-2 3.4523E-2 5.8757E-2 4.76933E-2 3.04027E-2 3.01274E-2 4.04255E-2 4.37251E-2 5.56231E-2 4.71242E-2 5.26793E-2 3.67612E-2 4.76324E-2 3.30839E-2 2.92301E-2 3.75392E-2 3.24179E-2 2.13406E-2 2.05882E-2 2.46081E-2 1.35918E-2 2.71356E-2 3.37078E-2 3.79047E-2 2.66451E-2 2.80092E-2 3.6471E-2 4.06351E-2 4.35964E-2 3.02859E-2 3.15425E-2 2.3499E-2 2.7838E-2 1.99611E-2 2.05142E-2 2.17287E-2 1.99266E-2 1.90429E-2 1.52453E-2 1.40826E-2 1.1641E-2 1.13231E-2 8.75592E-3 7.92889E-3 7.6401E-3 7.28754E-3 7.78336E-3 6.82523E-3 5.81976E-3 5.90127E-3 6.08051E-3 4.80354E-3
-9999 -9999 -9999 -9999 -9999 4.02739E-2 3.4585E-2 3.23647E-2 2.76846E-2 7.7145E-2 8.03736E-2 5.75189E-2 3.42893E-2 3.59583E-2 2.9039E-2 3.23289E-2 3.94761E-2 5.65596E-2 3.90884E-2 4.50388E-2 5.32656E-2 5.09055E-2 4.48138E-2 3.81E-2 3.93936E-2 3.78454E-2 2.5442E-2 1.85898E-2 2.21818E-2 1.9287E-2 1.26822E-2 3.46857E-2 4.85995E-2 5.01631E-2 4.04956E-2 3.51652E-2 4.47192E-2 -9999 -9999 3.58918E-2 -9999 -9999 -9999 3.64332E-2 2.67727E-2 1.9415E-2 1.62829E-2 1.33133E-2 1.15269E-2 1.2229E-2 1.14132E-2 7.77166E-3 6.95761E-3 6.47084E-3 6.66438E-3 7.22263E-3 4.7571E-3 4.77181E-3 4.29012E-3 4.68708E-3 4.97555E-3
-9999 -9999 -9999 -9999 3.65155E-2 2.64145E-2 2.40653E-2 2.71471E-2 3.75291E-2 4.96169E-2 5.78433E-2 4.71756E-2 4.44666E-2 2.80414E-2 3.43869E-2 4.20002E-2 4.27835E-2 4.53825E-2 4.19444E-2 5.01275E-2 6.68135E-2 4.45256E-2 3.93761E-2 4.44782E-2 3.81591E-2 4.42882E-2 2.51481E-2 2.5012E-2 2.10436E-2 1.45178E-2 2.64174E-2 4.01445E-2 5.65855E-2 4.8854E-2 2.25377E-2 4.15827E-2 4.19728E-2 5.00335E-2 7.55965E-2 4.55354E-2 8.05208E-2 -9999 3.01958E-2 3.92793E-2 2.32805E-2 1.76315E-2 1.87592E-2 2.07073E-2 1.50371E-2 1.61996E-2 1.23323E-2 7.36364E-3 7.39665E-3 6.68467E-3 5.89438E-3 4.51329E-3 3.79474E-3 4.04136E-3 3.43823E-3 3.75933E-3 4.93702E-3
-9999 -9999 -9999 4.7981E-2 6.12735E-2 5.41352E-2 3.46046E-2 3.49489E-2 3.8338E-2 7.4379E-2 5.77418E-2 6.05996E-2 6.8818E-2 3.25089E-2 4.77043E-2 3.26366E-2 4.15058E-2 4.41105E-2 5.96109E-2 5.91207E-2 3.67794E-2 1.92687E-2 4.00475E-2 3.50053E-2 2.53251E-2 2.73237E-2 2.67785E-2 2.83676E-2 2.63563E-2 1.69396E-2 2.22608E-2 4.66883E-2 4.71827E-2 3.44362E-2 3.03469E-2 5.3359E-2 5.39674E-2 4.50894E-2 4.43362E-2 3.40388E-2 6.27115E-2 4.60314E-2 -9999 -9999 1.93151E-2 2.18219E-2 4.53549E-2 3.82554E-2 2.04608E-2 1.3693E-2 1.76385E-2 1.02609E-2 7.3499E-3 7.04087E-3 5.66871E-3 4.1695E-3 3.93442E-3 3.76031E-3 3.62528E-3 3.4573E-3 4.80426E-3
-9999 -9999 -9999 5.69923E-3 4.39565E-2 5.89097E-2 4.78013E-2 6.53177E-2 1.39074E-1 6.89427E-2 5.35395E-2 6.12704E-2 4.04094E-2 3.76989E-2 6.77449E-2 3.43982E-2 4.15725E-2 5.69476E-2 4.92559E-2 2.9869E-2 2.3038E-2 1.6443E-2 1.43275E-2 2.09462E-2 1.67999E-2 2.86024E-2 3.56526E-2 3.26679E-2 2.2494E-2 1.81237E-2 2.2473E-2 3.26845E-2 3.72503E-2 3.32538E-2 3.10656E-2 4.482E-2 5.54269E-2 6.4564E-2 3.42922E-2 2.14398E-2 -9999 -9999 -9999 -9999 -9999 7.08405E-2 6.35106E-2 3.45942E-2 1.79913E-2 1.42255E-2 1.35591E-2 2.09119E-2 7.76767E-3 7.38561E-3 5.0027E-3 3.79307E-3 3.97418E-3 3.98285E-3 4.42564E-3 5.3352E-3 7.36036E-3
