Candidate_Models_Sept202022/M_0.8_F_lqp_Set_1_cal/Bison.asc
ncols         97
nrows         127
xllcorner     -2197417.7431653
yllcorner     -584827.01486885
cellsize      30000.0
NODATA_value  -9999
[rows 54 to 80 of 127, columns 0 to 60 of 97]
-9999 -9999 -9999 -9999 1.27712E-2 6.70399E-3 1.82948E-3 5.32335E-3 3.97191E-3 7.52307E-4 1.01318E-3 1.40674E-2 1.04749E-2 1.86286E-2 1.96982E-2 1.63967E-2 2.52372E-2 4.09107E-2 4.81769E-2 5.66774E-2 7.67638E-2 1.0473E-1 1.01317E-1 9.39288E-2 8.20288E-2 1.49977E-1 9.89312E-2 8.02572E-2 1.25886E-1 1.15015E-1 1.23475E-1 1.3741E-1 1.5431E-1 1.64172E-1 1.53217E-1 1.57491E-1 1.5661E-1 1.49804E-1 1.62712E-1 1.96311E-1 2.62744E-1 2.67668E-1 2.19003E-1 1.6812E-1 1.61072E-1 1.36302E-1 1.52172E-1 1.29064E-1 1.08412E-1 9.97152E-2 1.05303E-1 1.11849E-1 7.92985E-2 1.28927E-1 1.61807E-1 9.08103E-2 1.06835E-1 9.80629E-2 9.81867E-2 7.91271E-2 5.30206E-2
-9999 -9999 -9999 -9999 -9999 3.96869E-3 1.27546E-3 2.89788E-3 1.30327E-2 1.84792E-3 5.90038E-4 8.52037E-3 3.21059E-2 1.32685E-2 2.00482E-2 1.36492E-2 1.56872E-2 2.34243E-2 5.22342E-2 4.17596E-2 8.28684E-2 1.06594E-1 1.08982E-1 1.436E-1 9.15259E-2 8.93791E-2 9.23266E-2 1.01596E-1 1.76184E-1 1.66603E-1 1.5522E-1 1.47803E-1 1.59565E-1 1.51746E-1 1.41379E-1 1.80056E-1 1.85079E-1 1.69514E-1 1.98443E-1 1.99488E-1 2.57981E-1 2.92163E-1 2.1375E-1 1.72564E-1 1.72837E-1 1.57605E-1 1.45324E-1 1.18469E-1 1.23992E-1 8.13644E-2 1.03881E-1 1.1686E-1 1.04922E-1 1.62742E-1 1.46005E-1 1.11052E-1 1.0911E-1 8.6508E-2 9.14462E-2 7.31613E-2 6.85134E-2
-9999 -9999 -9999 -9999 -9999 7.8961E-3 3.77797E-3 5.91835E-3 7.36064E-3 4.22135E-3 1.14852E-4 2.85673E-3 4.70066E-3 4.91395E-3 2.94011E-2 1.39536E-2 2.4937E-2 2.83129E-2 4.28898E-2 6.09177E-2 1.06045E-1 8.16548E-2 8.09045E-2 1.02086E-1 7.94537E-2 7.14633E-2 8.48668E-2 1.46687E-1 2.29093E-1 1.66589E-1 1.88772E-1 1.86776E-1 1.86182E-1 1.82531E-1 2.0107E-1 2.28926E-1 1.81931E-1 1.68811E-1 2.02725E-1 1.94666E-1 2.75809E-1 2.2223E-1 1.77816E-1 1.84063E-1 1.7791E-1 1.61858E-1 1.48036E-1 1.29347E-1 1.41646E-1 1.40547E-1 1.61474E-1 1.46978E-1 1.67628E-1 1.58544E-1 1.14546E-1 1.22473E-1 1.15226E-1 1.12439E-1 7.82651E-2 6.20812E-2 3.44517E-2
-9999 -9999 -9999 -9999 -9999 -9999 7.4435E-3 -9999 1.55235E-2 1.17975E-3 3.43067E-4 2.2155E-3 4.62658E-3 8.28716E-3 9.93539E-3 3.79831E-2 2.24516E-2 2.81983E-2 5.06199E-2 7.799E-2 6.91307E-2 7.7256E-2 7.97377E-2 1.09395E-1 8.85426E-2 9.3508E-2 6.25687E-2 1.46643E-1 1.89743E-1 2.00106E-1 3.44778E-1 3.05312E-1 2.25614E-1 2.05551E-1 2.17336E-1 2.38219E-1 2.36598E-1 1.8756E-1 2.0133E-1 1.7936E-1 1.92834E-1 1.4357E-1 1.94332E-1 1.75576E-1 1.29674E-1 1.47975E-1 1.27612E-1 1.53694E-1 1.6479E-1 1.64498E-1 1.64507E-1 1.87385E-1 1.45989E-1 1.38318E-1 1.29283E-1 1.19668E-1 1.11126E-1 1.02707E-1 8.43316E-2 5.97525E-2 4.00027E-2
-9999 -9999 -9999 4.88134E-3 -9999 -9999 -9999 -9999 -9999 3.44488E-3 1.57439E-3 1.14976E-3 3.51665E-3 7.08976E-3 6.05118E-3 3.1031E-2 2.22359E-2 4.0312E-2 4.55355E-2 7.06185E-2 6.70104E-2 8.46597E-2 7.0281E-2 1.27135E-1 6.88635E-2 8.08401E-2 6.90777E-2 9.9901E-2 2.62649E-1 2.53003E-1 4.49921E-1 3.98731E-1 2.24069E-1 1.81048E-1 1.83632E-1 2.56117E-1 2.40417E-1 2.86325E-1 5.04436E-1 1.98305E-1 1.8438E-1 1.39126E-1 1.83402E-1 1.56409E-1 9.05889E-2 1.16975E-1 1.64704E-1 1.57967E-1 1.52389E-1 1.39067E-1 1.68426E-1 1.65475E-1 1.61496E-1 1.37953E-1 1.23816E-1 1.313E-1 1.05356E-1 1.11021E-1 9.2293E-2 7.51147E-2 6.17249E-2
-9999 -9999 -9999 3.31292E-3 7.68867E-3 1.20891E-2 -9999 -9999 -9999 5.18064E-3 4.03737E-4 2.1987E-3 4.89266E-3 1.07087E-2 1.239E-2 4.71101E-2 3.67779E-2 3.15229E-2 6.55277E-2 7.56622E-2 6.05539E-2 6.58839E-2 8.31839E-2 8.28028E-2 8.81474E-2 5.87834E-2 5.91723E-2 1.0857E-1 3.14442E-1 3.96116E-1 5.26467E-1 4.63687E-1 2.43252E-1 2.34902E-1 2.31969E-1 2.26881E-1 2.4626E-1 4.65456E-1 3.98555E-1 1.99124E-1 2.01398E-1 2.13264E-1 1.81026E-1 1.6602E-1 1.40369E-1 1.44635E-1 1.49618E-1 1.28377E-1 1.32356E-1 1.96983E-1 1.82619E-1 1.53186E-1 1.35453E-1 1.40916E-1 9.61492E-2 1.37225E-1 1.35616E-1 1.38214E-1 1.16944E-1 9.14369E-2 6.42462E-2
-9999 -9999 -9999 2.80212E-3 8.93518E-3 1.58684E-2 1.0601E-2 -9999 -9999 1.69311E-2 8.2903E-4 7.25457E-3 4.62949E-3 8.05835E-3 1.3009E-2 2.93731E-2 4.22987E-2 5.68311E-2 7.47285E-2 6.50721E-2 8.09461E-2 7.17796E-2 5.96388E-2 5.2746E-2 8.78679E-2 1.36993E-2 1.31177E-2 7.86827E-2 2.05963E-1 2.18616E-1 6.07673E-1 6.32609E-1 4.32921E-1 5.07554E-1 4.6824E-1 3.25884E-1 3.70745E-1 4.03357E-1 3.13515E-1 2.04782E-1 2.1921E-1 2.11055E-1 1.99924E-1 1.66793E-1 1.51962E-1 1.4227E-1 1.41889E-1 1.52419E-1 1.50516E-1 2.38864E-1 2.04692E-1 1.97338E-1 1.4463E-1 1.58684E-1 9.34741E-2 1.35144E-1 1.19877E-1 1.41482E-1 1.18627E-1 9.3315E-2 5.38967E-2
-9999 -9999 -9999 1.99128E-3 6.03069E-3 9.9511E-3 -9999 -9999 8.75127E-3 6.94758E-4 2.73814E-4 2.15683E-3 3.29529E-3 7.5755E-3 1.94667E-2 3.16596E-2 1.31017E-1 6.94909E-2 8.39818E-2 5.30863E-2 8.37226E-2 7.93783E-2 8.21004E-2 7.04428E-2 7.63198E-2 1.77176E-2 1.01519E-2 5.86198E-2 1.33581E-1 3.75403E-1 5.51099E-1 6.74924E-1 5.98116E-1 5.0013E-1 5.96853E-1 4.91859E-1 4.55E-1 5.32211E-1 3.70423E-1 2.62782E-1 2.54889E-1 2.38504E-1 1.98566E-1 1.65447E-1 1.63729E-1 1.87921E-1 1.69336E-1 1.80566E-1 2.04166E-1 2.30688E-1 2.3197E-1 1.55369E-1 1.56953E-1 1.15408E-1 7.83432E-2 1.48912E-1 1.31235E-1 1.04881E-1 1.19191E-1 8.47296E-2 7.89232E-2
-9999 -9999 -9999 1.96681E-3 9.39898E-3 -9999 -9999 2.03119E-2 5.42762E-3 9.64133E-4 5.24013E-4 2.11517E-3 3.64222E-3 3.41845E-3 2.35837E-2 4.13061E-2 1.11451E-1 8.20403E-2 8.27487E-2 8.116E-2 8.98356E-2 9.41035E-2 7.55999E-2 8.13105E-2 7.16557E-2 2.60454E-2 5.46794E-3 4.12139E-2 8.42019E-2 1.36243E-1 3.85732E-1 6.14159E-1 4.19547E-1 4.6478E-1 6.97488E-1 5.97023E-1 5.86721E-1 7.2947E-1 4.89803E-1 2.76565E-1 2.62313E-1 2.12682E-1 1.77821E-1 1.70125E-1 1.81779E-1 2.08443E-1 1.86365E-1 1.71819E-1 1.64301E-1 2.11273E-1 2.26192E-1 1.47368E-1 1.27104E-1 1.24233E-1 1.04632E-1 1.17115E-1 1.26905E-1 1.14001E-1 1.27782E-1 9.44331E-2 7.44248E-2
-9999 -9999 -9999 1.1396E-3 2.25874E-3 -9999 -9999 -9999 8.99622E-3 9.30544E-4 7.73739E-4 2.99328E-3 1.29597E-3 1.05004E-2 3.50701E-2 6.73706E-2 1.0108E-1 1.00681E-1 1.08592E-1 8.49005E-2 1.04207E-1 1.16649E-1 1.06573E-1 7.9983E-2 7.27018E-2 3.17889E-2 1.39555E-2 3.35843E-2 5.98777E-2 9.3363E-2 1.54797E-1 4.11865E-1 5.0977E-1 5.61273E-1 6.14721E-1 6.16659E-1 5.58586E-1 4.54931E-1 3.00307E-1 2.52637E-1 2.11973E-1 2.0681E-1 1.89701E-1 1.80753E-1 2.01155E-1 2.01909E-1 2.35257E-1 1.86848E-1 1.82066E-1 2.28762E-1 2.10839E-1 1.58807E-1 1.52427E-1 1.37964E-1 1.30627E-1 9.8547E-2 1.34571E-1 1.24004E-1 1.36734E-1 1.26581E-1 9.27706E-2
-9999 -9999 -9999 2.06212E-3 9.34554E-3 -9999 -9999 -9999 1.48052E-2 4.86443E-3 2.38463E-3 7.69084E-4 8.08655E-3 1.60164E-2 2.37956E-2 7.25829E-2 9.10342E-2 1.10724E-1 1.34677E-1 8.88029E-2 8.62505E-2 1.52403E-1 1.23319E-1 1.00037E-1 7.8708E-2 4.79195E-2 1.54168E-2 2.92021E-2 4.41666E-2 9.23181E-2 1.28746E-1 4.5212E-1 4.86579E-1 5.91315E-1 4.73418E-1 5.60358E-1 4.97664E-1 5.24223E-1 3.21636E-1 3.21067E-1 2.26677E-1 2.17786E-1 1.82726E-1 1.8305E-1 2.69371E-1 2.74829E-1 2.58199E-1 1.93749E-1 1.63971E-1 2.23248E-1 2.80955E-1 1.82782E-1 1.50139E-1 1.07871E-1 1.50392E-1 1.01736E-1 1.19375E-1 1.14278E-1 9.90595E-2 1.29902E-1 8.48714E-2
-9999 -9999 -9999 6.27875E-4 9.96275E-3 -9999 -9999 -9999 1.81319E-2 2.15997E-3 2.61325E-4 2.53707E-4 4.28857E-3 1.40789E-2 9.69823E-2 6.85612E-2 6.80542E-2 1.22035E-1 1.05676E-1 1.02578E-1 1.66383E-1 2.06149E-1 1.31718E-1 1.07853E-1 7.78884E-2 4.13094E-2 1.86397E-2 1.82629E-2 3.33987E-2 5.87761E-2 1.03178E-1 2.77899E-1 4.64724E-1 6.51913E-1 5.30054E-1 5.43308E-1 3.20203E-1 4.8472E-1 4.98738E-1 3.39323E-1 1.82062E-1 1.64709E-1 1.81577E-1 1.88576E-1 2.0724E-1 2.05701E-1 2.21591E-1 1.98567E-1 2.38615E-1 2.27723E-1 2.18288E-1 2.04735E-1 1.63399E-1 1.47463E-1 1.32007E-1 1.28699E-1 1.07232E-1 1.60607E-1 1.25219E-1 1.2922E-1 1.57329E-1
-9999 -9999 -9999 -9999 3.07317E-3 -9999 -9999 -9999 -9999 7.26831E-3 5.22885E-4 5.74527E-4 3.10422E-3 5.58054E-3 3.02437E-2 6.18071E-2 6.22678E-2 1.1959E-1 1.3885E-1 1.6454E-1 1.33228E-1 3.13725E-1 1.80775E-1 1.27383E-1 1.20039E-1 5.80072E-2 2.32701E-2 1.34502E-2 2.47406E-2 3.26965E-2 7.2849E-2 1.13345E-1 1.51441E-1 2.23594E-1 1.94976E-1 2.5173E-1 4.71024E-1 3.93213E-1 2.1622E-1 1.63692E-1 2.54035E-1 1.80786E-1 2.55292E-1 2.09693E-1 2.07282E-1 2.64911E-1 2.48581E-1 2.56975E-1 1.85948E-1 1.7499E-1 2.87081E-1 1.87937E-1 1.7874E-1 1.76154E-1 1.83821E-1 1.39082E-1 1.3754E-1 1.32583E-1 1.30041E-1 1.3507E-1 1.39077E-1
-9999 -9999 -9999 -9999 6.89082E-3 -9999 -9999 -9999 -9999 1.94237E-2 3.23948E-3 1.16229E-3 3.06212E-3 5.09537E-3 2.06771E-2 5.93655E-2 1.02677E-1 1.1656E-1 1.28648E-1 1.15914E-1 1.34686E-1 1.74193E-1 1.4204E-1 2.05783E-1 2.36397E-1 6.70198E-2 2.95343E-2 1.07436E-2 1.50004E-2 2.71681E-2 4.36386E-2 6.67713E-2 1.35694E-1 2.51679E-1 1.63065E-1 1.6758E-1 2.86069E-1 1.78804E-1 1.19488E-1 9.31415E-2 1.971E-1 1.44515E-1 1.96054E-1 2.70536E-1 2.28145E-1 2.60941E-1 3.97299E-1 2.61854E-1 2.3215E-1 2.4134E-1 2.58505E-1 2.2272E-1 2.14739E-1 1.79462E-1 1.78625E-1 1.86917E-1 1.61935E-1 1.58899E-1 1.45883E-1 1.2146E-1 1.2048E-1
-9999 -9999 -9999 -9999 -9999 -9999 -9999 -9999 -9999 1.34747E-2 1.0424E-2 1.37423E-3 3.3207E-3 6.20055E-3 9.12035E-3 3.49476E-2 1.07683E-1 1.13426E-1 1.0975E-1 1.40097E-1 1.3246E-1 1.43719E-1 1.55063E-1 1.24756E-1 9.06397E-2 3.0001E-2 1.6467E-2 2.16944E-2 1.12198E-2 2.4536E-2 4.49608E-2 6.5764E-2 8.4318E-2 1.68983E-1 1.00221E-1 1.52298E-1 2.92876E-1 2.594E-1 1.34014E-1 1.83449E-1 2.42057E-1 1.86821E-1 2.53215E-1 2.86621E-1 4.66756E-1 5.25317E-1 5.31067E-1 3.18079E-1 2.58905E-1 2.43375E-1 2.74696E-1 2.68268E-1 2.13222E-1 1.37209E-1 1.87277E-1 1.63812E-1 1.64882E-1 1.83451E-1 1.47298E-1 1.2884E-1 1.30986E-1
-9999 -9999 -9999 -9999 -9999 -9999 -9999 -9999 -9999 -9999 1.11287E-2 2.40705E-3 2.03183E-3 4.30734E-3 1.55071E-2 3.47303E-2 9.0538E-2 8.84435E-2 1.15804E-1 1.28216E-1 1.28131E-1 1.28233E-1 1.48185E-1 1.31189E-1 8.67254E-2 3.22699E-2 2.02248E-2 1.69933E-2 1.71754E-2 2.01992E-2 4.03698E-2 7.08875E-2 1.09019E-1 1.1375E-1 1.44413E-1 1.47694E-1 2.37851E-1 2.74034E-1 1.77935E-1 2.1984E-1 2.41632E-1 4.22865E-1 4.28625E-1 5.21728E-1 5.82477E-1 5.97764E-1 5.06672E-1 6.31077E-1 2.71956E-1 2.53471E-1 3.34261E-1 2.72196E-1 1.89147E-1 1.78538E-1 1.76549E-1 1.8167E-1 2.14322E-1 2.13834E-1 1.82928E-1 1.451E-1 1.65622E-1
-9999 -9999 -9999 -9999 -9999 -9999 -9999 -9999 -9999 -9999 8.98359E-3 1.84712E-3 4.06409E-4 2.11346E-3 1.58104E-2 2.08454E-2 1.01622E-1 1.34955E-1 1.03314E-1 1.35461E-1 1.30572E-1 1.26155E-1 1.53268E-1 1.85022E-1 8.15312E-2 3.8802E-2 2.66836E-2 1.52263E-2 2.89996E-2 3.17389E-2 4.59316E-2 6.13559E-2 7.48419E-2 1.27108E-1 1.52698E-1 2.23968E-1 1.88888E-1 1.73994E-1 1.9172E-1 4.58227E-1 4.6484E-1 5.88464E-1 4.83013E-1 5.44836E-1 5.63963E-1 5.59292E-1 3.51241E-1 5.32766E-1 4.39043E-1 5.21172E-1 5.01862E-1 3.29004E-1 2.36848E-1 1.98721E-1 1.84519E-1 1.92975E-1 1.93747E-1 1.59119E-1 1.74456E-1 1.70123E-1 1.73545E-1
-9999 -9999 -9999 -9999 -9999 -9999 -9999 -9999 -9999 -9999 6.27098E-3 1.11649E-3 6.15141E-4 1.82297E-3 5.67264E-2 4.78559E-2 7.50153E-2 1.55212E-1 1.32555E-1 1.7996E-1 1.58757E-1 1.50755E-1 1.50871E-1 1.79579E-1 1.01134E-1 3.19388E-2 2.36007E-2 2.37459E-2 3.15972E-2 4.92504E-2 6.41335E-2 8.7272E-2 7.90315E-2 9.02583E-2 1.58542E-1 1.99493E-1 3.00261E-1 3.86531E-1 4.27028E-1 3.72829E-1 4.77518E-1 5.17658E-1 6.22782E-1 6.26377E-1 6.23664E-1 6.74275E-1 6.59301E-1 6.12629E-1 5.23956E-1 6.44896E-1 6.49989E-1 5.66866E-1 4.59385E-1 4.07896E-1 3.90033E-1 2.36551E-1 2.09531E-1 1.91051E-1 2.02588E-1 1.97899E-1 1.80556E-1
-9999 -9999 -9999 -9999 -9999 -9999 -9999 -9999 -9999 -9999 5.60505E-3 8.57731E-4 1.40402E-3 1.3263E-3 1.194E-2 3.28069E-2 8.71885E-2 1.49606E-1 1.5995E-1 2.31199E-1 2.5005E-1 1.74706E-1 1.50638E-1 1.65646E-1 1.00837E-1 4.55477E-2 2.48214E-2 2.24257E-2 5.15397E-2 4.00901E-2 6.8137E-2 1.03928E-1 9.72889E-2 9.3636E-2 2.13687E-1 1.63111E-1 2.74083E-1 3.49029E-1 3.10631E-1 3.96363E-1 5.63861E-1 6.6847E-1 7.39005E-1 7.15226E-1 7.91541E-1 7.12774E-1 7.10889E-1 6.85696E-1 7.05931E-1 6.99604E-1 4.74112E-1 3.69535E-1 3.74129E-1 4.85967E-1 4.97006E-1 4.75461E-1 2.68367E-1 2.08673E-1 2.08379E-1 2.05416E-1 1.98456E-1
-9999 -9999 -9999 -9999 -9999 -9999 -9999 -9999 -9999 -9999 2.65986E-3 1.24782E-3 1.76006E-3 2.90479E-3 5.76421E-2 1.75834E-2 1.11661E-1 9.2807E-2 1.40304E-1 2.57985E-1 3.34176E-1 2.01448E-1 1.80612E-1 1.41039E-1 1.47103E-1 8.7687E-2 4.92291E-2 2.76617E-2 4.0233E-2 7.76049E-2 7.05751E-2 4.92697E-2 8.91034E-2 2.00139E-1 1.55299E-1 2.16047E-1 2.2004E-1 2.29189E-1 2.99856E-1 4.18716E-1 5.9484E-1 7.7819E-1 7.98078E-1 8.57628E-1 8.32886E-1 6.89179E-1 6.25454E-1 6.62362E-1 5.29743E-1 7.25011E-1 6.94237E-1 4.71869E-1 3.84277E-1 5.52947E-1 4.34275E-1 3.91185E-1 2.60266E-1 3.08045E-1 2.63228E-1 2.08473E-1 2.19774E-1
-9999 -9999 -9999 -9999 -9999 -9999 -9999 -9999 9.17512E-3 6.70294E-3 5.12866E-3 2.51194E-3 1.46087E-3 2.01448E-3 5.369E-3 7.33235E-2 1.11973E-1 1.00072E-1 1.12201E-1 1.6985E-1 1.90561E-1 2.65156E-1 2.71827E-1 1.82843E-1 1.56694E-1 9.59973E-2 3.7378E-2 1.84091E-2 1.9262E-2 3.53929E-2 3.91823E-2 5.65802E-2 8.88199E-2 9.80165E-2 1.18676E-1 1.07668E-1 1.53481E-1 2.81325E-1 2.47503E-1 4.82567E-1 6.67548E-1 7.93379E-1 7.54084E-1 7.60142E-1 7.63765E-1 6.43198E-1 6.48809E-1 6.80197E-1 6.51209E-1 5.63636E-1 6.72063E-1 6.13129E-1 5.3475E-1 4.92078E-1 4.00907E-1 3.7355E-1 4.33909E-1 4.22707E-1 4.12778E-1 2.72935E-1 2.62077E-1
-9999 -9999 -9999 -9999 -9999 -9999 -9999 -9999 5.78941E-3 2.81044E-3 5.39933E-3 5.51867E-3 3.35182E-3 1.04835E-3 1.98624E-3 1.26988E-2 2.03927E-2 1.60941E-1 1.02663E-1 7.82807E-2 1.15108E-1 1.55715E-1 2.87816E-1 1.47766E-1 1.47621E-1 9.55876E-2 5.69564E-2 3.51916E-2 1.92756E-2 1.88304E-2 4.9681E-2 4.23554E-2 1.19473E-1 1.23222E-1 1.42374E-1 8.89527E-2 2.11579E-1 2.18858E-1 2.41219E-1 2.37784E-1 5.36084E-1 7.43513E-1 7.29387E-1 7.1895E-1 7.27717E-1 6.65646E-1 6.09531E-1 6.49304E-1 6.34097E-1 7.02318E-1 6.623E-1 6.2811E-1 5.94722E-1 5.04952E-1 4.86635E-1 5.332E-1 5.7236E-1 5.69993E-1 4.92761E-1 5.22093E-1 5.32319E-1
-9999 -9999 -9999 -9999 -9999 -9999 -9999 -9999 1.68729E-3 1.20891E-3 8.21631E-4 1.43606E-3 2.84227E-3 1.42454E-3 1.17031E-3 7.51313E-3 1.08124E-2 1.05688E-1 1.07978E-1 1.09541E-1 8.68653E-2 9.71567E-2 2.08735E-1 1.66314E-1 1.70617E-1 1.86674E-1 7.47343E-2 5.8796E-2 2.58442E-2 1.85552E-2 5.00421E-2 4.75728E-2 7.78462E-2 2.13346E-1 3.71776E-1 2.72788E-1 1.53472E-1 2.19335E-1 2.17213E-1 5.51843E-1 7.3071E-1 7.96645E-1 7.85356E-1 7.9447E-1 7.89087E-1 6.85411E-1 6.36691E-1 5.79476E-1 6.99772E-1 7.02041E-1 7.52418E-1 6.68629E-1 6.14048E-1 5.34616E-1 6.17849E-1 4.67395E-1 6.20805E-1 5.94938E-1 4.90257E-1 6.19207E-1 6.29088E-1
-9999 -9999 -9999 -9999 -9999 -9999 -9999 -9999 -9999 2.2225E-3 6.18481E-4 8.87179E-4 1.41289E-3 3.45066E-3 1.18233E-3 2.07145E-3 1.26576E-2 8.96357E-2 2.93429E-1 1.73241E-1 4.77261E-2 5.76824E-2 9.3675E-2 1.77708E-1 1.35197E-1 1.3674E-1 9.78839E-2 7.22215E-2 3.53732E-2 2.08708E-2 1.60327E-2 2.30166E-2 4.61313E-2 1.03525E-1 1.8402E-1 1.94917E-1 2.09876E-1 1.73531E-1 2.80082E-1 7.60825E-1 7.45535E-1 8.61701E-1 8.56543E-1 8.04556E-1 7.48366E-1 6.3907E-1 6.97838E-1 7.00483E-1 5.43565E-1 6.0356E-1 5.9249E-1 6.37422E-1 5.56983E-1 7.49585E-1 7.08445E-1 5.46493E-1 6.19074E-1 6.61675E-1 5.575E-1 6.16185E-1 5.23884E-1
-9999 -9999 -9999 -9999 -9999 -9999 -9999 -9999 -9999 1.18086E-3 1.17984E-3 6.77648E-4 9.01586E-4 3.42991E-3 5.8267E-3 2.2919E-3 3.29318E-3 6.57728E-3 4.53227E-2 7.6377E-2 4.60805E-2 3.69599E-2 7.66593E-2 1.40304E-1 1.26792E-1 1.28654E-1 1.35635E-1 7.46903E-2 3.18453E-2 1.47407E-2 1.88074E-2 8.6075E-3 4.78204E-2 5.56366E-2 1.52342E-1 2.07901E-1 2.86542E-1 1.80367E-1 2.01826E-1 6.35197E-1 8.00628E-1 8.02591E-1 7.33733E-1 7.35314E-1 7.11101E-1 5.57777E-1 4.8804E-1 6.95383E-1 5.83957E-1 6.31321E-1 7.05958E-1 5.91198E-1 6.6398E-1 6.53275E-1 7.08636E-1 6.40088E-1 4.95938E-1 5.51648E-1 5.17775E-1 5.49996E-1 5.6361E-1
-9999 -9999 -9999 -9999 -9999 -9999 -9999 -9999 -9999 -9999 1.78455E-3 6.97817E-4 7.67706E-4 5.76025E-3 1.20464E-2 2.12206E-3 2.21869E-3 6.51839E-3 2.69075E-2 2.642E-2 3.51304E-2 2.74544E-2 7.83258E-2 2.63811E-1 1.97434E-1 1.59566E-1 1.12575E-1 6.90543E-2 2.69389E-2 1.74354E-2 2.35747E-2 1.76769E-2 1.73592E-2 3.33317E-2 8.06878E-2 1.33559E-1 1.45376E-1 1.71505E-1 3.2183E-1 6.79338E-1 7.70644E-1 7.64433E-1 7.40088E-1 7.08389E-1 5.25633E-1 5.4366E-1 4.65065E-1 6.11744E-1 5.47178E-1 6.20519E-1 7.42718E-1 7.18952E-1 7.19003E-1 7.35882E-1 6.05356E-1 6.64274E-1 6.69993E-1 5.04909E-1 5.10652E-1 5.85588E-1 5.55698E-1
-9999 -9999 -9999 -9999 -9999 -9999 -9999 -9999 -9999 -9999 1.88413E-3 8.07804E-4 1.06183E-3 2.54721E-3 1.23309E-2 5.10948E-3 1.84198E-3 1.97269E-3 8.08383E-3 1.98663E-2 3.17812E-2 4.78992E-2 7.46308E-2 1.10096E-1 2.1088E-1 3.31252E-1 3.08248E-1 1.23682E-1 9.52488E-2 2.98232E-2 1.72786E-2 4.61166E-2 5.1686E-2 8.06305E-2 1.1193E-1 1.04482E-1 9.64694E-2 1.50353E-1 2.28234E-1 7.21708E-1 8.24386E-1 7.71196E-1 7.62743E-1 7.91622E-1 7.24844E-1 5.63146E-1 4.21942E-1 4.78026E-1 5.52777E-1 5.68104E-1 6.74437E-1 6.92257E-1 7.05419E-1 7.02008E-1 6.94137E-1 6.06942E-1 6.3218E-1 6.27154E-1 6.35863E-1 5.08379E-1 5.28875E-1
