Candidate_Models_Sept202022/M_0.8_F_lqp_Set_1_cal/Bison.asc
ncols         97
nrows         127
xllcorner     -2197417.7431653
yllcorner     -584827.01486885
cellsize      30000.0
NODATA_value  -9999
[rows 27 to 53 of 127, columns 0 to 60 of 97]
-9999 -9999 1.01409E-2 2.81093E-3 2.60357E-2 6.23101E-2 7.23806E-2 1.11023E-1 2.19013E-1 9.75955E-2 7.72204E-2 1.32721E-1 4.25048E-2 6.12243E-2 4.91948E-2 7.60709E-2 5.30191E-2 4.57339E-2 2.39337E-2 2.31851E-2 2.13293E-2 1.88145E-2 1.28348E-2 1.30798E-2 1.47685E-2 3.01884E-2 3.51624E-2 2.57279E-2 2.74054E-2 2.78783E-2 2.45055E-2 2.97272E-2 2.23065E-2 2.946E-2 4.27165E-2 4.13168E-2 4.95993E-2 4.19135E-2 1.83092E-2 5.45309E-2 1.0382E-1 8.43522E-2 7.80874E-2 1.58974E-1 7.35152E-2 5.51083E-2 4.57022E-2 3.07146E-2 2.08721E-2 1.66648E-2 1.47693E-2 1.70032E-2 1.03484E-2 8.86778E-3 4.9994E-3 3.60519E-3 3.46422E-3 3.15103E-3 3.89192E-3 4.87074E-3 6.91141E-3
-9999 2.09573E-4 1.09194E-2 3.99779E-3 3.23637E-3 2.66836E-2 8.21783E-2 9.81069E-2 9.81343E-2 1.18742E-1 8.72968E-2 8.30234E-2 9.35767E-2 8.43505E-2 6.20868E-2 7.04589E-2 9.42418E-2 5.63255E-2 4.28055E-2 3.31436E-2 4.04727E-2 2.6577E-2 1.43891E-2 1.72792E-2 1.70637E-2 3.49239E-2 4.22348E-2 3.42371E-2 3.94821E-2 3.26471E-2 2.81022E-2 2.07888E-2 2.35898E-2 2.58486E-2 2.50591E-2 3.35118E-2 4.1559E-2 8.39424E-2 7.90924E-2 6.31592E-2 7.07883E-2 4.50672E-2 7.8794E-2 7.47073E-2 7.53405E-2 4.0627E-2 3.89164E-2 2.23481E-2 1.86058E-2 1.30988E-2 1.46297E-2 1.9781E-2 8.7704E-3 6.84483E-3 5.21785E-3 4.14652E-3 3.53134E-3 3.28117E-3 3.41445E-3 3.99394E-3 3.8672E-3
-9999 1.20638E-5 5.7009E-5 1.88389E-3 3.36735E-3 2.82182E-2 5.18449E-2 9.70143E-2 1.59499E-1 1.25093E-1 7.10937E-2 9.41714E-2 9.8121E-2 8.53836E-2 7.99042E-2 4.81078E-2 6.7191E-2 7.06754E-2 6.85809E-2 4.9779E-2 2.87861E-2 1.79621E-2 2.07993E-2 2.19556E-2 3.47543E-2 2.91916E-2 4.07941E-2 4.25551E-2 2.92E-2 3.09085E-2 2.6009E-2 2.39909E-2 3.47491E-2 2.62529E-2 2.5675E-2 2.62044E-2 3.30762E-2 5.51995E-2 4.86078E-2 7.04611E-2 7.65457E-2 7.09204E-2 7.92003E-2 6.23016E-2 3.51487E-2 4.23103E-2 2.75435E-2 2.02464E-2 1.35629E-2 1.36101E-2 1.31932E-2 1.19448E-2 8.31037E-3 6.10107E-3 4.85067E-3 4.1014E-3 3.51998E-3 3.02874E-3 2.89322E-3 3.8325E-3 3.71222E-3
1.86835E-3 7.90126E-6 1.26785E-7 1.09997E-5 1.22512E-4 7.56484E-3 5.06868E-2 1.26383E-1 1.05262E-1 1.00949E-1 8.26418E-2 9.52452E-2 1.19853E-1 1.47122E-1 7.84155E-2 6.07452E-2 9.97017E-2 7.49718E-2 6.73908E-2 4.93568E-2 2.89054E-2 2.05456E-2 3.08927E-2 4.25841E-2 2.7555E-2 3.32987E-2 3.21297E-2 4.86751E-2 2.80566E-2 2.42131E-2 1.98483E-2 2.34348E-2 2.9362E-2 2.09916E-2 3.50791E-2 3.51989E-2 3.60988E-2 4.24098E-2 6.3933E-2 7.11512E-2 7.11022E-2 5.81327E-2 5.25277E-2 6.75792E-2 4.06129E-2 3.49079E-2 2.93605E-2 2.02733E-2 1.29974E-2 8.74184E-3 7.64178E-3 8.6294E-3 8.18262E-3 6.89523E-3 5.55339E-3 4.36166E-3 3.33218E-3 3.1195E-3 3.04339E-3 3.74145E-3 3.57239E-3
8.74141E-3 1.45831E-3 1.16422E-6 1.06635E-7 2.9539E-5 1.3028E-2 6.34153E-2 1.47684E-1 1.17705E-1 1.13938E-1 1.17023E-1 1.17043E-1 1.15491E-1 1.7527E-1 1.01727E-1 1.12006E-1 6.68347E-2 9.95933E-2 5.23096E-2 2.98344E-2 2.15746E-2 2.67879E-2 3.084E-2 3.25518E-2 3.18106E-2 2.774E-2 3.25656E-2 4.0101E-2 3.5494E-2 2.61258E-2 2.59258E-2 2.49283E-2 2.88181E-2 1.40227E-2 3.88466E-2 4.60514E-2 4.7427E-2 5.32305E-2 5.66669E-2 4.73524E-2 5.91727E-2 5.68325E-2 5.43816E-2 4.43356E-2 3.73165E-2 2.90763E-2 2.6966E-2 2.29982E-2 1.6164E-2 9.1118E-3 8.00979E-3 8.60229E-3 7.169E-3 6.91573E-3 5.93153E-3 4.59705E-3 3.64703E-3 3.54592E-3 3.33964E-3 3.63751E-3 3.75703E-3
9.80853E-3 1.13738E-2 6.00926E-4 2.12865E-6 7.01375E-6 8.82767E-3 8.66896E-2 1.23747E-1 1.24778E-1 1.21864E-1 1.23637E-1 1.17574E-1 1.12746E-1 1.14752E-1 9.8886E-2 7.98785E-2 8.06381E-2 6.17391E-2 5.72906E-2 4.24854E-2 3.03259E-2 2.81365E-2 3.10083E-2 3.36395E-2 4.62397E-2 3.74218E-2 3.58515E-2 7.24533E-2 4.05751E-2 3.439E-2 2.25779E-2 2.2029E-2 2.22542E-2 2.00228E-2 3.27002E-2 4.24304E-2 5.25966E-2 3.94062E-2 3.77058E-2 3.80612E-2 3.44286E-2 5.87268E-2 5.45812E-2 6.11921E-2 5.22391E-2 2.711E-2 2.44085E-2 2.31076E-2 2.0075E-2 1.04667E-2 9.31079E-3 8.6537E-3 6.92053E-3 7.1827E-3 6.19541E-3 4.64357E-3 4.04195E-3 3.78359E-3 4.13173E-3 3.78663E-3 4.07898E-3
-9999 8.11772E-3 1.64732E-2 2.96068E-3 3.62452E-5 1.46167E-2 4.86742E-2 1.31205E-1 1.08864E-1 9.19864E-2 1.32031E-1 1.382E-1 1.18551E-1 1.04052E-1 5.46561E-2 5.3321E-2 3.73518E-2 3.20374E-2 5.83279E-2 5.42557E-2 4.0332E-2 5.5427E-2 3.72466E-2 3.69491E-2 4.48847E-2 5.73737E-2 5.00339E-2 6.00301E-2 5.12507E-2 3.92425E-2 3.30766E-2 2.79262E-2 2.42426E-2 3.0641E-2 3.98715E-2 4.16542E-2 5.1867E-2 5.05731E-2 4.24071E-2 5.65426E-2 4.83677E-2 4.07367E-2 5.4861E-2 5.05941E-2 4.61272E-2 2.95892E-2 2.79326E-2 3.74147E-2 2.83567E-2 1.7899E-2 1.34256E-2 1.15222E-2 9.12658E-3 8.31366E-3 6.39573E-3 5.32083E-3 5.53001E-3 4.2719E-3 4.24734E-3 3.88672E-3 4.42629E-3
-9999 -9999 6.61464E-3 2.58873E-3 5.85999E-4 3.62768E-2 2.14348E-2 6.03873E-2 8.07452E-2 1.15618E-1 9.60681E-2 2.1661E-1 9.04032E-2 8.32631E-2 5.62567E-2 4.74059E-2 3.72346E-2 2.94722E-2 3.09318E-2 5.43479E-2 5.48119E-2 3.64213E-2 3.8968E-2 3.84236E-2 6.20978E-2 5.96867E-2 6.58883E-2 9.04008E-2 5.25145E-2 4.92661E-2 3.35689E-2 2.70449E-2 3.69681E-2 4.3763E-2 4.85514E-2 3.61358E-2 3.90835E-2 3.95288E-2 3.38039E-2 4.23995E-2 6.12154E-2 5.57233E-2 6.86256E-2 4.98117E-2 5.68763E-2 4.01144E-2 3.80817E-2 3.50608E-2 3.90041E-2 3.80304E-2 2.06846E-2 1.39624E-2 9.83636E-3 8.3767E-3 6.78189E-3 5.5086E-3 6.21029E-3 4.71473E-3 4.77927E-3 4.81935E-3 4.60796E-3
-9999 -9999 7.98801E-3 5.28026E-3 3.46161E-3 2.15366E-2 1.49493E-2 3.00606E-2 3.41672E-2 1.3416E-1 1.1279E-1 1.44728E-1 9.28394E-2 8.13768E-2 4.87389E-2 7.26276E-2 5.4746E-2 5.305E-2 3.68369E-2 4.63601E-2 4.77226E-2 5.88676E-2 4.17996E-2 4.38236E-2 6.20707E-2 5.41562E-2 6.09119E-2 6.59511E-2 6.99922E-2 3.85695E-2 3.88951E-2 3.02793E-2 3.23654E-2 3.59568E-2 3.44447E-2 4.004E-2 2.63799E-2 3.15752E-2 3.63945E-2 3.72833E-2 3.82548E-2 6.90396E-2 3.9149E-2 5.57593E-2 5.48344E-2 4.91955E-2 3.94495E-2 4.15798E-2 3.54577E-2 5.492E-2 2.65445E-2 2.50631E-2 1.3324E-2 9.14998E-3 7.53094E-3 6.28255E-3 5.67719E-3 5.52201E-3 5.64753E-3 5.4277E-3 4.51676E-3
-9999 -9999 8.95453E-3 9.21679E-3 4.72676E-3 1.25026E-2 1.47168E-2 5.41646E-2 6.17135E-2 1.03656E-1 1.35753E-1 9.54241E-2 1.21958E-1 8.3919E-2 4.93696E-2 6.61646E-2 7.45207E-2 6.2482E-2 6.83224E-2 6.19184E-2 5.83756E-2 6.26088E-2 4.29106E-2 6.15555E-2 4.43749E-2 5.9785E-2 6.27974E-2 6.47181E-2 7.16256E-2 5.24828E-2 3.97344E-2 2.65476E-2 2.81076E-2 3.75059E-2 4.27006E-2 4.50823E-2 2.81049E-2 3.05963E-2 3.36027E-2 3.01386E-2 3.41979E-2 3.88675E-2 3.48631E-2 2.45014E-2 5.74295E-2 5.73639E-2 4.66667E-2 5.57821E-2 4.43106E-2 4.86677E-2 2.69172E-2 2.02684E-2 1.35888E-2 1.00671E-2 9.80834E-3 7.72182E-3 6.69253E-3 6.21136E-3 7.17543E-3 6.12627E-3 5.2167E-3
-9999 -9999 -9999 7.64119E-3 5.50793E-3 3.76874E-2 2.81549E-2 6.01055E-2 6.50918E-2 4.21171E-2 5.51624E-2 1.17034E-1 1.23812E-1 9.03108E-2 5.87894E-2 6.34798E-2 6.49396E-2 5.8688E-2 6.6207E-2 7.05671E-2 6.08252E-2 5.44213E-2 3.59585E-2 6.68371E-2 8.81916E-2 5.53519E-2 7.88545E-2 6.14606E-2 4.62529E-2 3.64439E-2 2.9579E-2 3.32429E-2 3.1299E-2 3.60898E-2 4.02169E-2 3.96923E-2 3.52592E-2 3.0846E-2 2.05367E-2 2.87814E-2 2.60102E-2 3.22805E-2 4.67015E-2 4.95749E-2 6.42896E-2 5.29168E-2 4.98745E-2 5.67168E-2 3.70904E-2 2.85174E-2 2.33733E-2 2.13783E-2 1.85559E-2 1.32666E-2 1.23373E-2 9.79205E-3 9.60784E-3 7.85992E-3 6.20471E-3 6.18163E-3 5.81231E-3
-9999 -9999 -9999 2.90284E-3 1.5006E-3 9.64673E-2 4.62879E-2 9.2429E-2 1.18667E-1 1.00781E-1 3.61409E-2 9.21255E-2 8.99263E-2 8.63973E-2 1.00167E-1 7.06055E-2 4.812E-2 6.45723E-2 5.78847E-2 6.31977E-2 4.00907E-2 3.70991E-2 3.22497E-2 5.26029E-2 6.13261E-2 6.24195E-2 6.33478E-2 4.58481E-2 3.42676E-2 3.33807E-2 2.87447E-2 3.44803E-2 3.91638E-2 3.91506E-2 3.94604E-2 3.88061E-2 3.66636E-2 4.38886E-2 5.29971E-2 3.57686E-2 3.11717E-2 3.5275E-2 4.34759E-2 3.13108E-2 5.88895E-2 5.73073E-2 5.43636E-2 6.15208E-2 5.77212E-2 4.84439E-2 2.18004E-2 4.22144E-2 2.38008E-2 2.02075E-2 1.47593E-2 1.03777E-2 9.54558E-3 8.09891E-3 7.8908E-3 6.58631E-3 6.07587E-3
-9999 -9999 -9999 1.01935E-3 5.80759E-4 1.7146E-2 4.3212E-2 4.90659E-2 8.19727E-2 9.89947E-2 5.28298E-2 6.69677E-2 9.06049E-2 7.7354E-2 7.25173E-2 7.33894E-2 4.75498E-2 6.28637E-2 5.92915E-2 7.03155E-2 5.00546E-2 3.53753E-2 5.02827E-2 5.21819E-2 6.34945E-2 5.80068E-2 5.55538E-2 4.93018E-2 3.65259E-2 3.28206E-2 3.46644E-2 4.01745E-2 4.82072E-2 3.72844E-2 4.72685E-2 5.09744E-2 5.75861E-2 5.97626E-2 5.04539E-2 3.39628E-2 2.24304E-2 2.46948E-2 4.57807E-2 6.4544E-2 6.86686E-2 6.52547E-2 4.83923E-2 7.43383E-2 5.78059E-2 4.86733E-2 3.92065E-2 2.90653E-2 4.26732E-2 3.07898E-2 2.19725E-2 2.09077E-2 2.29287E-2 1.54246E-2 1.20845E-2 8.63932E-3 6.92041E-3
-9999 -9999 -9999 -9999 4.27402E-3 7.55457E-3 2.51527E-2 1.4296E-2 6.35996E-2 3.02119E-2 8.46464E-3 4.52824E-2 1.0712E-1 6.17568E-2 7.89161E-2 9.14459E-2 7.959E-2 6.82403E-2 8.25883E-2 8.13421E-2 5.79109E-2 4.96382E-2 5.27514E-2 4.74265E-2 5.49167E-2 5.69524E-2 5.34276E-2 4.29668E-2 3.8699E-2 4.01248E-2 3.84625E-2 4.73307E-2 3.99842E-2 4.95057E-2 4.2746E-2 5.05557E-2 5.90532E-2 4.9475E-2 4.03234E-2 4.23006E-2 3.71749E-2 3.69416E-2 3.84234E-2 7.97607E-2 7.99466E-2 6.43027E-2 4.79719E-2 7.1436E-2 7.12188E-2 6.0192E-2 3.03156E-2 5.2785E-2 6.76978E-2 4.10211E-2 3.55628E-2 4.57418E-2 2.31947E-2 2.74538E-2 2.60308E-2 9.70094E-3 6.96506E-3
-9999 -9999 -9999 -9999 3.60514E-3 8.69543E-3 1.30773E-2 2.73056E-2 5.57099E-3 4.79628E-4 1.61194E-3 3.54256E-2 9.91578E-2 6.95739E-2 9.30921E-2 5.56219E-2 7.43318E-2 9.56247E-2 8.02335E-2 8.30665E-2 7.4883E-2 8.63764E-2 5.92643E-2 5.42684E-2 5.0518E-2 4.68429E-2 6.39682E-2 4.50162E-2 4.18687E-2 3.1502E-2 3.54816E-2 5.61758E-2 5.24928E-2 5.77247E-2 5.17682E-2 5.75184E-2 5.37293E-2 7.41092E-2 6.67324E-2 8.34772E-2 7.98757E-2 8.69357E-2 5.92938E-2 8.93092E-2 6.98393E-2 9.12086E-2 9.25617E-2 3.30257E-2 6.44699E-2 9.48002E-2 7.31409E-2 7.1426E-2 7.71778E-2 3.11983E-2 3.13749E-2 4.33083E-2 3.7998E-2 3.55049E-2 2.71835E-2 1.23156E-2 8.42383E-3
-9999 -9999 -9999 -9999 1.2272E-3 4.14625E-3 8.58145E-3 1.92457E-2 5.75695E-3 1.3581E-3 7.26003E-3 2.84232E-2 7.42507E-2 6.06228E-2 7.19133E-2 5.86085E-2 7.36466E-2 1.01463E-1 5.38318E-2 7.9599E-2 8.22319E-2 6.18596E-2 7.71776E-2 7.41141E-2 7.57236E-2 6.98065E-2 6.25134E-2 5.12776E-2 4.45708E-2 3.23685E-2 4.96723E-2 6.46456E-2 6.82323E-2 6.40309E-2 6.35598E-2 6.48595E-2 6.07162E-2 7.59446E-2 1.06501E-1 1.10191E-1 8.59226E-2 8.39787E-2 1.01317E-1 9.16022E-2 8.0271E-2 9.17345E-2 1.09061E-1 1.09164E-1 -9999 8.91277E-2 6.55576E-2 6.41983E-2 3.94742E-2 4.28776E-2 8.40734E-2 4.48777E-2 4.20865E-2 3.84518E-2 4.98501E-2 1.62188E-2 9.55901E-3
-9999 -9999 -9999 -9999 1.31182E-3 2.95729E-3 4.72302E-3 5.18728E-4 6.25646E-2 1.06466E-1 9.5421E-3 2.49375E-2 4.46886E-2 4.74189E-2 5.68673E-2 6.09866E-2 7.52726E-2 6.34982E-2 5.36321E-2 7.50222E-2 8.63494E-2 8.23639E-2 8.4135E-2 1.02344E-1 7.23728E-2 6.28398E-2 4.97539E-2 6.39902E-2 4.01544E-2 4.24061E-2 5.93616E-2 7.16068E-2 6.56038E-2 6.33933E-2 5.70234E-2 7.03531E-2 6.75366E-2 6.62523E-2 6.76711E-2 8.25803E-2 1.10728E-1 9.0671E-2 9.48515E-2 9.43696E-2 9.39097E-2 7.75355E-2 -9999 -9999 -9999 -9999 8.23456E-2 4.8107E-2 4.9845E-2 7.08657E-2 6.22148E-2 5.29681E-2 2.5975E-2 1.88127E-2 1.13736E-2 1.47476E-2 1.3879E-2
-9999 -9999 -9999 -9999 8.51326E-4 4.88056E-3 3.76082E-3 1.09523E-3 3.59541E-4 9.72443E-2 1.03603E-2 6.79528E-2 4.02136E-2 4.60694E-2 4.86457E-2 6.00388E-2 6.46857E-2 5.28818E-2 5.91361E-2 6.34038E-2 6.43902E-2 7.82977E-2 8.6471E-2 8.4838E-2 5.0499E-2 4.08692E-2 4.73574E-2 4.36012E-2 5.75737E-2 6.46539E-2 6.85176E-2 7.04677E-2 7.11376E-2 8.24521E-2 4.77279E-2 6.56462E-2 7.63211E-2 6.48206E-2 6.8869E-2 7.336E-2 9.79202E-2 8.51164E-2 7.17751E-2 4.82967E-2 9.54629E-2 -9999 -9999 -9999 -9999 1.90426E-1 8.19081E-2 7.76277E-2 6.14399E-2 6.17036E-2 6.20901E-2 4.83019E-2 4.05138E-2 2.75847E-2 2.86308E-2 3.84719E-2 1.74985E-2
-9999 -9999 -9999 -9999 2.12325E-3 5.95673E-3 6.33705E-3 1.15786E-3 9.28815E-3 1.50498E-2 1.24693E-2 3.83237E-2 3.19797E-2 4.42318E-2 5.13166E-2 6.12443E-2 6.66452E-2 6.67317E-2 4.61324E-2 5.13363E-2 6.04024E-2 8.23115E-2 6.75334E-2 5.31303E-2 4.90071E-2 4.17999E-2 4.95307E-2 6.29364E-2 7.33671E-2 7.88521E-2 7.38435E-2 7.14339E-2 7.23427E-2 7.48821E-2 7.30004E-2 5.71164E-2 6.59396E-2 6.17661E-2 8.43999E-2 8.07134E-2 8.29929E-2 8.81863E-2 1.15907E-1 1.24099E-1 1.21301E-1 -9999 -9999 -9999 1.9467E-1 1.52743E-1 1.32866E-1 8.92876E-2 7.76193E-2 6.97556E-2 5.40472E-2 4.70249E-2 4.44073E-2 1.98367E-2 2.31626E-2 3.93867E-2 1.70381E-2
-9999 -9999 -9999 3.96677E-3 4.42527E-2 1.7044E-2 1.82755E-3 2.73769E-3 1.56416E-3 3.24797E-3 9.92788E-3 2.00042E-2 3.1095E-2 4.66647E-2 6.85351E-2 5.57003E-2 8.22689E-2 6.14166E-2 6.40392E-2 4.52763E-2 5.11599E-2 5.80427E-2 5.10039E-2 3.38297E-2 5.3372E-2 3.91649E-2 4.70182E-2 6.54903E-2 5.70033E-2 7.54009E-2 9.34686E-2 8.77543E-2 7.83298E-2 8.1696E-2 7.41604E-2 7.36038E-2 6.57626E-2 8.13589E-2 7.68178E-2 8.9025E-2 8.19764E-2 7.81652E-2 9.3699E-2 1.31815E-1 2.19667E-1 1.87792E-1 1.59602E-1 1.58799E-1 1.6631E-1 1.20695E-1 1.27701E-1 1.10773E-1 9.04628E-2 7.62634E-2 7.11551E-2 4.85758E-2 4.45658E-2 2.34593E-2 2.79117E-2 3.05114E-2 2.21827E-2
-9999 -9999 -9999 -9999 5.93101E-3 3.03158E-2 5.43852E-3 -9999 1.06102E-3 2.76509E-3 8.17055E-3 1.22544E-2 5.26543E-2 6.36994E-2 6.04968E-2 7.68717E-2 7.39044E-2 6.25972E-2 5.26781E-2 6.12463E-2 4.58023E-2 5.43542E-2 3.4278E-2 5.13743E-2 7.27149E-2 6.13627E-2 5.31991E-2 6.9047E-2 6.10276E-2 7.04395E-2 7.68674E-2 9.73739E-2 9.19476E-2 8.58375E-2 7.52376E-2 6.48726E-2 7.60284E-2 6.55713E-2 6.65664E-2 9.20779E-2 9.35097E-2 8.83352E-2 7.84611E-2 1.1065E-1 1.46566E-1 1.501E-1 1.45365E-1 1.36711E-1 1.49952E-1 1.14649E-1 1.25008E-1 9.32789E-2 9.89364E-2 8.42038E-2 7.33919E-2 4.49064E-2 4.15002E-2 2.79881E-2 3.92483E-2 3.24322E-2 1.96146E-2
-9999 -9999 -9999 -9999 1.76745E-3 2.42012E-3 3.99665E-3 7.66416E-3 2.15151E-3 6.86336E-3 1.14947E-2 7.44406E-3 8.56463E-2 3.47604E-2 4.96675E-2 1.00391E-1 5.748E-2 7.80485E-2 5.27806E-2 4.56026E-2 4.06907E-2 4.81057E-2 5.20128E-2 8.18418E-2 6.3426E-2 7.96304E-2 4.32528E-2 5.82665E-2 6.16675E-2 7.62714E-2 8.68082E-2 1.06054E-1 1.06841E-1 1.04397E-1 8.98537E-2 9.17525E-2 7.83527E-2 6.25917E-2 6.87152E-2 7.57348E-2 7.66527E-2 9.31968E-2 6.71669E-2 1.02493E-1 9.43487E-2 1.28673E-1 1.33586E-1 1.28561E-1 1.19345E-1 1.15631E-1 1.12739E-1 8.96357E-2 9.04726E-2 8.89347E-2 8.64721E-2 6.04202E-2 4.52508E-2 4.61447E-2 2.94713E-2 3.47974E-2 3.2215E-2
-9999 -9999 -9999 -9999 1.13737E-2 3.42473E-3 5.2021E-3 3.62844E-3 4.67521E-3 7.15645E-3 5.44848E-3 6.33001E-3 3.64287E-2 6.0573E-2 5.66585E-2 6.73794E-2 6.85009E-2 7.69058E-2 7.4994E-2 5.02427E-2 5.64884E-2 4.42111E-2 3.66576E-2 4.85783E-2 1.22939E-1 7.52471E-2 3.35303E-2 5.53327E-2 7.871E-2 8.77835E-2 9.57149E-2 1.08255E-1 1.3134E-1 1.00561E-1 1.11666E-1 1.02725E-1 9.52451E-2 8.5306E-2 1.03768E-1 1.03824E-1 9.92044E-2 1.00784E-1 9.83775E-2 9.32352E-2 1.05421E-1 1.12561E-1 1.13893E-1 1.27957E-1 1.06275E-1 1.19275E-1 1.01728E-1 8.89275E-2 8.34E-2 8.14782E-2 7.96121E-2 5.05354E-2 5.11875E-2 5.72563E-2 4.21605E-2 3.40072E-2 2.46392E-2
-9999 -9999 -9999 -9999 -9999 3.83782E-3 6.63952E-3 8.05336E-3 2.44129E-3 6.62091E-3 6.47574E-3 1.67079E-2 2.24414E-2 3.81721E-2 4.08092E-2 7.11241E-2 1.08186E-1 7.9441E-2 7.65635E-2 5.67906E-2 5.69476E-2 6.49926E-2 4.24378E-2 5.85645E-2 7.955E-2 1.5005E-1 5.38772E-2 5.10937E-2 6.53663E-2 1.02197E-1 1.11048E-1 1.31196E-1 1.21422E-1 1.16991E-1 1.11716E-1 1.16981E-1 9.56983E-2 8.38397E-2 1.02767E-1 9.67868E-2 1.08223E-1 1.08412E-1 1.06371E-1 1.09616E-1 1.07178E-1 9.83186E-2 1.16593E-1 1.0343E-1 1.09882E-1 1.29837E-1 1.07834E-1 9.35907E-2 8.55986E-2 7.7019E-2 7.81009E-2 5.04624E-2 6.35242E-2 5.81561E-2 5.7808E-2 2.28582E-2 2.8925E-2
-9999 -9999 -9999 -9999 -9999 1.1957E-2 1.77832E-3 7.21989E-3 5.00449E-3 1.71508E-2 1.49767E-2 2.58517E-3 6.55663E-3 1.62927E-2 4.86987E-2 7.10054E-2 7.42299E-2 7.98026E-2 7.33627E-2 6.58802E-2 7.92644E-2 4.60917E-2 6.50451E-2 5.86227E-2 9.77169E-2 1.40322E-1 6.48989E-2 6.11952E-2 7.3966E-2 9.90008E-2 1.0568E-1 1.28984E-1 1.38288E-1 1.18892E-1 1.03495E-1 1.19775E-1 1.232E-1 1.11257E-1 1.16838E-1 1.15078E-1 1.03273E-1 1.10463E-1 1.07828E-1 1.1832E-1 1.06077E-1 1.0958E-1 1.14309E-1 1.05542E-1 9.609E-2 1.18926E-1 1.11025E-1 9.49041E-2 8.93737E-2 6.19691E-2 8.55552E-2 7.43394E-2 5.11376E-2 5.86016E-2 4.45011E-2 4.2058E-2 3.5355E-2
-9999 -9999 -9999 -9999 -9999 1.32756E-2 7.08884E-3 1.55986E-3 3.03543E-3 1.01276E-3 1.35588E-2 4.53808E-3 3.74787E-3 6.46488E-3 5.14176E-2 5.3714E-2 5.2356E-2 5.25488E-2 7.47465E-2 7.80058E-2 6.04013E-2 6.44353E-2 6.29251E-2 5.71397E-2 7.96176E-2 1.07667E-1 5.51043E-2 8.75062E-2 9.5522E-2 8.48567E-2 1.08477E-1 1.20702E-1 1.42916E-1 1.35802E-1 1.34266E-1 1.37661E-1 1.29848E-1 1.41991E-1 1.48917E-1 1.45204E-1 1.30625E-1 1.13353E-1 1.17476E-1 9.40645E-2 1.13978E-1 1.24506E-1 1.01855E-1 1.04236E-1 9.97541E-2 1.19439E-1 1.21055E-1 1.01462E-1 9.79277E-2 5.57186E-2 8.61113E-2 6.71317E-2 7.18441E-2 6.03048E-2 4.96045E-2 5.09296E-2 4.21139E-2
-9999 -9999 -9999 -9999 -9999 8.3944E-3 2.0719E-3 4.12439E-3 5.62769E-3 9.47638E-4 2.5512E-3 4.7888E-3 1.19744E-2 1.77119E-2 3.36727E-2 4.20654E-2 3.85184E-2 3.84605E-2 5.54939E-2 6.40481E-2 7.69626E-2 1.08642E-1 9.43696E-2 6.17631E-2 5.02189E-2 1.63961E-1 6.8452E-2 6.98519E-2 1.00213E-1 8.36766E-2 1.18825E-1 1.32189E-1 1.4313E-1 1.48361E-1 1.48066E-1 1.34394E-1 1.60708E-1 1.45891E-1 1.50722E-1 1.63237E-1 2.13985E-1 1.6928E-1 1.11579E-1 6.76785E-2 1.2655E-1 1.17437E-1 1.27538E-1 1.21386E-1 1.06269E-1 1.4102E-1 1.05056E-1 1.13237E-1 1.35395E-1 1.07508E-1 6.25387E-2 -9999 5.70673E-2 4.47068E-2 5.04397E-2 6.05655E-2 4.74052E-2
