Candidate_Models_Sept202022/M_0.2_F_lqp_Set_1_all/Bison.asc
ncols         97
nrows         127
xllcorner     -2197417.7431653
yllcorner     -584827.01486885
cellsize      30000.0
NODATA_value  -9999
[rows 54 to 80 of 127, columns 0 to 60 of 97]
-9999 -9999 -9999 -9999 1.60215E-5 4.72282E-6 8.83734E-7 3.85145E-6 3.18663E-6 4.11523E-7 6.88736E-7 2.93347E-6 1.71975E-6 3.26024E-6 4.16868E-6 3.29725E-6 6.44886E-6 1.07917E-5 1.30138E-5 1.6261E-5 2.39648E-5 3.56474E-5 3.35761E-5 3.34827E-5 2.38078E-5 5.42584E-5 3.78365E-5 3.17015E-5 5.25651E-5 4.56188E-5 4.59675E-5 4.90093E-5 5.58588E-5 6.04539E-5 5.61621E-5 5.96097E-5 5.913E-5 5.62791E-5 6.09861E-5 7.73886E-5 1.21979E-4 1.25614E-4 9.54623E-5 6.99048E-5 6.77587E-5 5.55127E-5 6.33613E-5 5.16854E-5 4.21559E-5 3.86426E-5 4.15221E-5 4.51336E-5 3.26807E-5 5.65401E-5 6.84946E-5 3.58479E-5 4.19968E-5 3.6296E-5 3.44313E-5 2.99907E-5 1.91333E-5
-9999 -9999 -9999 -9999 -9999 3.18285E-6 9.0412E-7 1.80739E-6 1.85565E-5 1.57048E-6 4.26943E-7 2.93009E-6 9.15269E-6 1.89384E-6 4.42344E-6 2.43166E-6 3.17559E-6 5.67104E-6 1.47869E-5 1.10489E-5 2.61926E-5 3.60535E-5 3.94134E-5 5.79437E-5 2.57953E-5 2.8464E-5 3.4382E-5 4.09354E-5 8.04657E-5 7.29954E-5 5.91273E-5 5.48669E-5 6.05718E-5 5.76122E-5 5.05095E-5 7.01662E-5 7.27889E-5 6.56683E-5 8.05666E-5 8.4351E-5 1.19789E-4 1.45594E-4 9.32348E-5 7.13398E-5 7.22382E-5 6.55677E-5 5.83917E-5 4.6775E-5 4.88022E-5 3.02949E-5 4.12313E-5 4.78063E-5 4.28892E-5 6.9812E-5 5.76863E-5 4.33944E-5 4.24583E-5 3.22449E-5 3.26854E-5 2.6075E-5 2.22947E-5
-9999 -9999 -9999 -9999 -9999 5.30047E-6 2.92684E-6 4.33893E-6 6.12309E-6 2.93493E-6 5.69085E-8 5.08419E-7 5.42375E-7 4.99101E-7 6.94136E-6 2.57965E-6 6.06939E-6 6.2734E-6 1.10348E-5 1.69847E-5 3.31545E-5 2.51608E-5 2.52666E-5 3.47336E-5 2.30984E-5 1.85015E-5 2.73719E-5 6.75049E-5 1.11807E-4 7.25916E-5 7.80041E-5 7.32693E-5 7.32132E-5 7.16686E-5 7.90777E-5 9.25653E-5 7.18228E-5 6.67881E-5 8.44908E-5 8.70375E-5 1.31173E-4 9.98367E-5 7.61397E-5 7.62248E-5 7.21333E-5 6.55925E-5 5.92561E-5 5.08805E-5 5.68692E-5 5.66544E-5 6.69349E-5 5.90899E-5 6.98992E-5 6.12693E-5 4.4832E-5 4.80808E-5 4.28042E-5 4.11531E-5 2.7564E-5 2.07586E-5 1.0388E-5
-9999 -9999 -9999 -9999 -9999 -9999 4.65589E-6 -9999 9.31715E-6 9.4893E-7 2.34133E-7 3.97744E-7 5.49265E-7 1.10342E-6 1.4099E-6 1.10297E-5 5.3373E-6 6.08818E-6 1.38667E-5 2.40935E-5 1.80788E-5 2.29902E-5 2.59269E-5 3.77985E-5 2.85927E-5 2.96462E-5 2.26406E-5 6.85722E-5 9.24918E-5 9.21357E-5 1.85988E-4 1.43569E-4 9.30307E-5 8.21395E-5 8.81141E-5 1.01075E-4 1.00999E-4 7.68744E-5 8.41213E-5 7.99882E-5 8.00377E-5 5.24832E-5 8.16996E-5 7.07393E-5 4.88989E-5 5.63718E-5 4.55622E-5 5.23638E-5 5.55597E-5 6.62644E-5 6.67286E-5 6.91481E-5 5.70922E-5 5.48823E-5 5.02347E-5 4.35563E-5 3.91435E-5 3.58734E-5 2.82357E-5 1.86749E-5 1.27084E-5
-9999 -9999 -9999 2.61395E-6 -9999 -9999 -9999 -9999 -9999 2.64046E-6 6.55786E-7 1.20089E-7 3.8019E-7 9.47414E-7 5.28648E-7 8.4646E-6 4.99493E-6 1.08056E-5 1.23027E-5 2.07519E-5 2.08809E-5 2.77849E-5 2.07137E-5 4.7923E-5 1.91121E-5 2.17052E-5 2.37816E-5 4.10771E-5 1.30189E-4 1.3582E-4 2.95681E-4 2.32924E-4 9.42771E-5 7.18334E-5 7.50724E-5 1.14688E-4 1.05147E-4 1.34968E-4 3.91745E-4 8.41584E-5 7.39197E-5 5.13395E-5 7.4045E-5 5.92878E-5 2.95008E-5 3.94296E-5 5.87463E-5 5.60603E-5 5.33809E-5 5.08171E-5 6.80743E-5 6.57136E-5 6.19734E-5 5.21736E-5 4.44959E-5 4.55361E-5 3.69484E-5 3.37279E-5 2.89577E-5 2.48284E-5 1.97816E-5
-9999 -9999 -9999 1.74207E-6 3.12624E-6 4.7498E-6 -9999 -9999 -9999 4.83175E-6 8.78622E-8 3.17231E-7 4.5441E-7 1.5988E-6 1.80464E-6 1.40319E-5 9.96003E-6 7.34599E-6 1.87721E-5 2.43702E-5 1.77665E-5 1.90809E-5 2.68776E-5 2.28645E-5 2.77414E-5 1.32258E-5 1.63048E-5 3.93086E-5 1.63808E-4 2.72403E-4 4.12398E-4 3.15861E-4 1.07327E-4 1.06035E-4 1.00951E-4 1.02637E-4 1.13126E-4 2.98617E-4 2.49536E-4 8.3486E-5 8.18801E-5 8.34343E-5 7.2388E-5 6.46589E-5 4.97975E-5 5.05123E-5 5.13888E-5 4.29225E-5 4.63226E-5 8.29858E-5 7.61597E-5 6.15228E-5 5.16223E-5 5.24171E-5 3.37497E-5 4.86776E-5 3.93791E-5 4.28029E-5 3.81588E-5 2.8564E-5 1.81288E-5
-9999 -9999 -9999 1.27502E-6 3.6387E-6 6.44721E-6 4.26768E-6 -9999 -9999 2.38934E-5 4.19179E-7 1.40758E-6 4.01042E-7 9.26822E-7 1.57535E-6 6.43775E-6 1.14846E-5 1.53665E-5 2.32477E-5 2.01562E-5 2.41169E-5 1.84433E-5 1.36245E-5 1.17639E-5 2.46983E-5 1.21275E-6 1.20115E-6 2.19564E-5 9.19992E-5 1.0299E-4 6.56002E-4 7.06385E-4 2.6951E-4 4.0142E-4 3.03846E-4 1.72274E-4 2.06264E-4 2.33575E-4 1.79286E-4 8.33312E-5 8.90398E-5 8.40192E-5 7.97386E-5 6.49216E-5 5.55371E-5 5.03792E-5 5.06102E-5 5.35024E-5 5.47546E-5 1.07381E-4 7.84902E-5 7.7576E-5 4.89943E-5 4.77456E-5 3.24597E-5 4.99404E-5 4.11493E-5 4.75783E-5 3.79405E-5 2.7302E-5 1.55646E-5
-9999 -9999 -9999 9.44582E-7 2.6061E-6 3.72546E-6 -9999 -9999 6.70693E-6 2.14403E-7 5.03314E-8 3.10587E-7 3.97286E-7 9.21111E-7 2.53546E-6 6.26189E-6 5.07287E-5 2.03511E-5 2.65712E-5 1.37589E-5 2.69234E-5 2.21247E-5 2.076E-5 1.64425E-5 1.83066E-5 1.81793E-6 8.2815E-7 1.32673E-5 4.9932E-5 2.32178E-4 4.48274E-4 8.22005E-4 5.5034E-4 3.42076E-4 5.61599E-4 3.25281E-4 2.7316E-4 4.07781E-4 2.0851E-4 1.18073E-4 1.0985E-4 9.80492E-5 7.72606E-5 5.91941E-5 6.03004E-5 7.01434E-5 6.12866E-5 6.65181E-5 7.91955E-5 9.5352E-5 9.74895E-5 5.60945E-5 5.74419E-5 4.17572E-5 2.55404E-5 5.56197E-5 4.6525E-5 3.57543E-5 3.8311E-5 2.725E-5 2.45014E-5
-9999 -9999 -9999 1.10414E-6 3.98573E-6 -9999 -9999 9.84617E-6 3.67104E-6 3.64251E-7 1.03549E-7 3.4638E-7 5.13061E-7 2.59085E-7 3.93251E-6 9.05353E-6 4.0711E-5 2.84559E-5 2.64546E-5 2.60475E-5 2.95949E-5 2.72587E-5 1.67172E-5 1.88261E-5 1.54249E-5 3.46164E-6 3.97009E-7 7.35118E-6 2.60147E-5 5.73754E-5 2.36082E-4 5.87723E-4 2.4238E-4 2.93389E-4 9.64021E-4 5.54914E-4 5.19297E-4 1.06812E-3 3.1161E-4 1.23146E-4 1.14787E-4 8.44124E-5 6.54736E-5 6.16876E-5 6.67296E-5 7.72694E-5 6.88913E-5 6.84293E-5 6.48701E-5 9.04297E-5 9.96385E-5 5.65924E-5 4.68192E-5 4.723E-5 3.88536E-5 4.26138E-5 4.552E-5 3.95848E-5 4.45313E-5 3.0641E-5 2.1196E-5
-9999 -9999 -9999 9.93931E-7 1.06172E-6 -9999 -9999 -9999 6.8151E-6 5.83798E-7 2.81059E-7 6.80366E-7 1.58951E-7 1.41664E-6 6.49624E-6 2.26559E-5 3.85206E-5 3.61921E-5 3.80329E-5 2.91223E-5 3.63839E-5 4.06434E-5 3.05993E-5 1.7718E-5 1.62603E-5 5.12621E-6 1.6443E-6 7.23735E-6 1.6349E-5 3.38031E-5 6.55979E-5 2.32545E-4 3.41678E-4 4.48638E-4 5.5367E-4 5.71551E-4 4.63424E-4 2.63915E-4 1.37422E-4 1.06332E-4 8.15078E-5 7.81732E-5 6.96517E-5 6.61839E-5 7.50932E-5 7.50608E-5 9.15567E-5 7.31984E-5 6.78743E-5 9.37139E-5 8.61352E-5 6.04881E-5 5.40735E-5 4.90643E-5 4.65251E-5 3.40304E-5 4.9011E-5 4.37654E-5 4.7745E-5 4.02577E-5 2.74677E-5
-9999 -9999 -9999 3.11181E-6 8.05451E-6 -9999 -9999 -9999 1.01467E-5 6.48482E-6 2.14881E-6 9.32663E-8 1.85177E-6 2.67534E-6 3.73617E-6 2.24825E-5 3.3255E-5 4.25318E-5 5.27324E-5 3.12898E-5 2.86805E-5 6.03311E-5 3.92954E-5 2.63837E-5 1.84014E-5 8.63963E-6 2.0195E-6 5.3765E-6 1.049E-5 2.96567E-5 4.77607E-5 2.81329E-4 3.30301E-4 4.75543E-4 2.9177E-4 4.43347E-4 3.50265E-4 3.77583E-4 1.42082E-4 1.3859E-4 8.89873E-5 8.21844E-5 6.36467E-5 6.60885E-5 1.10949E-4 1.14561E-4 1.04488E-4 7.56223E-5 5.66313E-5 8.06491E-5 1.24814E-4 7.2482E-5 5.48952E-5 3.70714E-5 5.58972E-5 3.41093E-5 4.30907E-5 4.07362E-5 3.43573E-5 4.53338E-5 2.70297E-5
-9999 -9999 -9999 1.00291E-6 9.96329E-6 -9999 -9999 -9999 1.24165E-5 1.74639E-6 2.69464E-7 2.58198E-8 5.73801E-7 2.17438E-6 2.80783E-5 2.19909E-5 2.02476E-5 4.57313E-5 4.07339E-5 3.83354E-5 6.79129E-5 8.43647E-5 4.40592E-5 3.11573E-5 1.9574E-5 7.22288E-6 2.92408E-6 2.94826E-6 7.22575E-6 1.55846E-5 3.62952E-5 1.33415E-4 2.91983E-4 6.45617E-4 4.17512E-4 3.96656E-4 1.47919E-4 3.03593E-4 3.14709E-4 1.57572E-4 6.85845E-5 5.80257E-5 6.88703E-5 6.76367E-5 7.9647E-5 8.09487E-5 9.20508E-5 7.36405E-5 9.1382E-5 9.08965E-5 9.13479E-5 8.47969E-5 6.10678E-5 5.48297E-5 4.81516E-5 4.63118E-5 3.79696E-5 5.8867E-5 4.44147E-5 4.509E-5 4.61922E-5
-9999 -9999 -9999 -9999 2.57887E-6 -9999 -9999 -9999 -9999 5.24702E-6 3.68438E-7 1.91337E-7 6.03215E-7 6.28633E-7 5.76515E-6 1.74386E-5 1.63045E-5 4.35337E-5 5.7239E-5 6.6896E-5 5.18057E-5 1.51904E-4 6.74823E-5 4.24342E-5 3.69286E-5 1.33188E-5 4.03467E-6 2.0475E-6 4.79526E-6 7.56945E-6 2.64471E-5 4.44876E-5 6.12336E-5 9.70657E-5 7.66956E-5 1.08452E-4 2.81289E-4 2.00601E-4 8.87432E-5 6.28798E-5 1.12218E-4 7.90551E-5 1.09786E-4 8.1089E-5 8.10617E-5 1.12929E-4 1.12365E-4 1.1274E-4 6.2902E-5 6.16191E-5 1.25581E-4 7.27859E-5 6.8547E-5 6.82981E-5 7.29412E-5 5.12382E-5 4.95811E-5 4.78147E-5 4.73599E-5 4.87098E-5 4.87705E-5
-9999 -9999 -9999 -9999 4.07703E-6 -9999 -9999 -9999 -9999 1.09768E-5 3.42081E-6 7.8315E-7 9.93081E-7 6.27212E-7 2.94858E-6 1.4715E-5 3.51463E-5 4.18797E-5 4.85412E-5 4.44829E-5 5.05561E-5 6.65174E-5 5.1036E-5 8.05563E-5 8.9984E-5 1.61048E-5 5.55002E-6 1.53599E-6 2.72976E-6 6.36714E-6 1.53959E-5 2.49738E-5 5.93072E-5 1.25965E-4 6.63886E-5 6.56897E-5 1.25519E-4 7.03635E-5 4.45524E-5 3.64978E-5 9.14353E-5 5.35578E-5 7.24412E-5 1.12715E-4 9.58814E-5 1.15675E-4 2.21357E-4 1.17176E-4 9.60887E-5 9.94395E-5 1.10133E-4 9.05135E-5 8.64435E-5 6.85758E-5 6.96106E-5 7.19831E-5 6.08861E-5 5.88327E-5 5.2516E-5 4.34534E-5 4.27802E-5
-9999 -9999 -9999 -9999 -9999 -9999 -9999 -9999 -9999 1.01899E-5 1.18612E-5 1.58403E-6 1.30262E-6 7.94895E-7 1.00025E-6 7.51315E-6 3.72087E-5 4.33794E-5 4.45599E-5 5.59523E-5 5.14937E-5 5.55824E-5 5.85835E-5 4.45798E-5 2.66426E-5 6.18282E-6 2.90237E-6 3.8508E-6 1.88465E-6 6.53062E-6 1.45166E-5 2.9163E-5 4.0972E-5 8.8661E-5 4.05632E-5 6.16821E-5 1.33607E-4 1.11862E-4 5.01157E-5 7.37319E-5 1.1441E-4 7.52354E-5 1.06128E-4 1.25726E-4 2.80803E-4 3.53089E-4 3.66269E-4 1.56352E-4 1.19557E-4 1.05859E-4 1.22866E-4 1.15852E-4 8.47774E-5 4.74606E-5 7.35665E-5 6.2422E-5 6.22923E-5 6.98834E-5 5.32858E-5 4.45001E-5 4.55341E-5
-9999 -9999 -9999 -9999 -9999 -9999 -9999 -9999 -9999 -9999 8.77213E-6 3.72952E-6 1.48444E-6 5.87144E-7 1.85421E-6 5.82342E-6 2.61679E-5 3.27408E-5 4.63353E-5 5.41242E-5 5.25903E-5 5.07775E-5 5.69802E-5 5.03395E-5 2.84585E-5 8.12563E-6 4.10624E-6 3.07602E-6 3.64063E-6 4.59901E-6 1.25784E-5 3.26449E-5 5.36121E-5 4.90127E-5 6.20396E-5 6.18108E-5 1.10158E-4 1.31752E-4 7.44879E-5 9.90376E-5 1.05921E-4 2.38776E-4 2.27127E-4 3.42864E-4 4.45484E-4 4.57117E-4 3.24381E-4 5.26825E-4 1.28825E-4 1.16698E-4 1.62517E-4 1.22833E-4 7.12484E-5 6.57456E-5 6.74987E-5 7.34896E-5 8.69717E-5 8.68935E-5 6.7865E-5 5.12104E-5 5.83379E-5
-9999 -9999 -9999 -9999 -9999 -9999 -9999 -9999 -9999 -9999 8.61648E-6 2.3479E-6 6.13531E-8 1.92987E-7 1.55814E-6 3.04371E-6 3.01888E-5 5.12909E-5 3.98585E-5 5.79693E-5 5.69052E-5 5.16227E-5 6.25571E-5 7.86668E-5 2.8588E-5 1.14841E-5 7.25423E-6 2.91547E-6 7.41184E-6 8.41576E-6 1.44457E-5 2.42754E-5 3.19036E-5 5.82927E-5 7.02389E-5 1.10969E-4 9.46436E-5 8.18275E-5 8.65171E-5 2.88662E-4 2.7194E-4 4.43012E-4 2.87335E-4 3.5267E-4 3.98693E-4 4.05818E-4 1.83083E-4 3.91498E-4 2.64077E-4 3.6545E-4 3.13486E-4 1.59546E-4 1.04764E-4 7.98015E-5 7.3673E-5 7.74286E-5 7.77869E-5 6.07762E-5 6.70703E-5 6.30912E-5 6.20002E-5
-9999 -9999 -9999 -9999 -9999 -9999 -9999 -9999 -9999 -9999 8.77569E-6 1.35987E-6 1.36582E-7 2.10764E-7 1.45592E-5 8.62831E-6 1.68625E-5 5.74102E-5 5.40326E-5 8.08724E-5 7.16611E-5 6.5147E-5 6.1197E-5 8.0302E-5 3.70683E-5 8.13782E-6 5.64908E-6 4.87644E-6 6.63012E-6 1.35572E-5 2.04611E-5 3.3216E-5 3.39809E-5 4.02456E-5 7.37872E-5 9.73086E-5 1.61364E-4 2.1818E-4 2.52253E-4 1.93358E-4 2.77734E-4 3.28812E-4 5.26926E-4 5.01734E-4 5.00328E-4 6.24742E-4 6.33288E-4 5.05388E-4 3.21257E-4 5.9118E-4 6.0212E-4 4.4112E-4 2.79319E-4 2.22782E-4 2.1029E-4 1.0287E-4 8.78687E-5 7.88042E-5 8.13642E-5 7.54332E-5 6.38844E-5
-9999 -9999 -9999 -9999 -9999 -9999 -9999 -9999 -9999 -9999 6.01793E-6 1.02091E-6 6.54673E-7 2.16338E-7 1.70372E-6 4.34009E-6 2.15829E-5 6.38673E-5 7.08339E-5 1.03236E-4 1.12678E-4 7.67778E-5 6.35132E-5 7.13688E-5 3.98514E-5 1.48218E-5 5.70601E-6 4.69048E-6 1.29754E-5 7.81705E-6 1.96263E-5 3.79424E-5 4.4305E-5 4.35612E-5 1.14869E-4 7.40185E-5 1.33495E-4 1.88435E-4 1.56802E-4 2.12932E-4 4.18952E-4 6.18995E-4 8.79154E-4 7.65301E-4 1.1291E-3 7.63166E-4 7.56036E-4 7.09178E-4 7.3883E-4 8.10488E-4 3.1292E-4 2.00238E-4 2.0588E-4 2.92716E-4 3.00965E-4 2.87061E-4 1.21646E-4 8.55211E-5 8.36355E-5 8.30136E-5 7.70736E-5
-9999 -9999 -9999 -9999 -9999 -9999 -9999 -9999 -9999 -9999 2.50016E-6 1.69591E-6 6.90715E-7 8.01446E-7 2.94283E-5 1.48935E-6 2.61349E-5 3.38825E-5 6.22335E-5 1.24847E-4 1.79506E-4 9.02545E-5 8.12177E-5 6.1497E-5 6.04903E-5 3.2863E-5 1.64174E-5 6.3248E-6 8.71114E-6 1.96205E-5 1.87658E-5 1.39706E-5 3.69982E-5 1.04926E-4 7.20088E-5 9.87699E-5 1.05588E-4 1.09468E-4 1.50494E-4 2.4974E-4 4.8489E-4 1.13563E-3 1.22262E-3 1.1206E-3 1.41369E-3 6.87467E-4 5.01368E-4 6.1461E-4 3.28321E-4 8.71577E-4 7.54364E-4 3.03741E-4 2.1467E-4 3.82088E-4 2.54782E-4 2.11247E-4 1.23999E-4 1.50558E-4 1.19972E-4 8.75034E-5 9.04114E-5
-9999 -9999 -9999 -9999 -9999 -9999 -9999 -9999 9.44593E-6 4.70442E-6 2.58978E-6 1.75587E-6 7.02068E-7 6.11192E-7 1.06028E-6 2.23726E-5 2.74824E-5 2.94464E-5 4.70852E-5 7.16505E-5 8.43382E-5 1.33957E-4 1.43736E-4 8.36489E-5 6.38217E-5 3.18622E-5 1.02337E-5 3.51403E-6 3.39016E-6 6.92069E-6 7.45318E-6 1.3911E-5 3.13246E-5 3.61085E-5 5.36661E-5 3.9602E-5 7.25736E-5 1.49082E-4 1.18093E-4 3.36106E-4 6.67898E-4 1.2351E-3 9.38468E-4 9.35385E-4 9.81082E-4 5.37995E-4 5.50366E-4 6.52898E-4 5.85304E-4 3.93312E-4 6.51757E-4 4.85032E-4 3.32766E-4 2.63954E-4 2.21389E-4 2.01011E-4 2.42167E-4 2.53711E-4 2.30894E-4 1.25549E-4 1.17187E-4
-9999 -9999 -9999 -9999 -9999 -9999 -9999 -9999 8.64192E-6 2.07161E-6 2.61438E-6 2.34177E-6 1.57261E-6 3.08353E-7 2.86354E-7 2.58564E-6 3.31857E-6 4.382E-5 3.08769E-5 2.14658E-5 3.57201E-5 6.11973E-5 1.56553E-4 6.23726E-5 6.19304E-5 3.77179E-5 1.96133E-5 9.14383E-6 3.4345E-6 3.35748E-6 1.11929E-5 7.40479E-6 3.29876E-5 4.46535E-5 6.3119E-5 3.28914E-5 1.13593E-4 1.15041E-4 1.19465E-4 1.16679E-4 4.13903E-4 9.95931E-4 8.29799E-4 7.9801E-4 7.97427E-4 5.9138E-4 4.6667E-4 5.61425E-4 5.38826E-4 7.58967E-4 5.93662E-4 5.2609E-4 4.65529E-4 3.03044E-4 2.53279E-4 3.26539E-4 3.96718E-4 4.3788E-4 3.00625E-4 3.44463E-4 3.53562E-4
-9999 -9999 -9999 -9999 -9999 -9999 -9999 -9999 2.43085E-6 1.1087E-6 2.75789E-7 3.23112E-7 1.07039E-6 4.63197E-7 2.02298E-7 1.63969E-6 1.29708E-6 2.34616E-5 2.58644E-5 2.53768E-5 1.91966E-5 2.74361E-5 1.0164E-4 7.11188E-5 7.136E-5 8.2984E-5 2.9939E-5 1.84092E-5 4.93241E-6 2.91073E-6 8.8597E-6 8.19636E-6 1.8704E-5 8.56097E-5 2.17117E-4 1.5623E-4 8.10213E-5 1.29222E-4 1.09119E-4 4.32628E-4 9.1208E-4 1.21086E-3 1.16316E-3 1.18018E-3 1.17946E-3 6.63708E-4 5.23122E-4 4.16999E-4 7.72336E-4 7.96791E-4 1.00791E-3 6.57927E-4 4.94376E-4 3.46084E-4 4.91842E-4 2.31428E-4 4.96036E-4 4.81791E-4 3.09983E-4 5.4616E-4 5.44975E-4
-9999 -9999 -9999 -9999 -9999 -9999 -9999 -9999 -9999 3.59217E-6 3.09012E-7 1.52494E-7 2.69635E-7 1.34692E-6 3.12162E-7 3.67171E-7 2.74544E-6 2.72703E-5 1.43362E-4 5.24081E-5 9.54105E-6 1.28448E-5 3.50027E-5 8.47856E-5 5.69528E-5 5.90676E-5 4.0804E-5 2.29341E-5 8.91602E-6 3.40894E-6 2.16003E-6 2.51712E-6 8.28917E-6 2.3231E-5 6.47556E-5 7.6313E-5 9.6888E-5 8.47908E-5 1.57906E-4 1.05187E-3 9.43459E-4 1.84344E-3 1.84899E-3 1.32249E-3 8.72601E-4 5.70745E-4 7.12248E-4 7.74492E-4 3.54368E-4 4.65134E-4 4.46162E-4 5.36351E-4 3.81694E-4 1.00261E-3 8.05785E-4 3.74625E-4 4.83217E-4 6.3997E-4 4.27138E-4 5.54024E-4 3.66098E-4
-9999 -9999 -9999 -9999 -9999 -9999 -9999 -9999 -9999 1.72457E-6 1.08728E-6 1.2655E-7 1.22174E-7 1.05351E-6 2.29492E-6 7.96506E-7 7.67631E-7 9.87242E-7 9.89295E-6 1.56921E-5 9.26547E-6 6.96652E-6 2.67645E-5 6.45473E-5 5.8793E-5 5.80448E-5 5.71606E-5 2.53645E-5 7.16553E-6 1.99906E-6 2.32349E-6 9.06245E-7 1.06369E-5 1.17255E-5 5.09656E-5 8.49159E-5 1.66825E-4 8.89583E-5 1.12275E-4 6.3347E-4 1.30338E-3 1.28213E-3 9.04693E-4 9.16863E-4 7.54064E-4 3.90218E-4 2.91881E-4 7.53581E-4 4.41393E-4 5.38616E-4 7.61942E-4 4.48991E-4 6.25966E-4 5.74097E-4 7.92617E-4 5.93353E-4 3.10279E-4 4.07709E-4 3.6392E-4 4.19323E-4 4.24808E-4
-9999 -9999 -9999 -9999 -9999 -9999 -9999 -9999 -9999 -9999 1.8434E-6 2.37313E-7 6.59786E-8 1.6078E-6 3.00892E-6 6.81435E-7 7.27196E-7 1.37618E-6 5.93516E-6 4.38846E-6 5.88437E-6 4.39011E-6 2.03301E-5 1.34658E-4 9.26552E-5 7.4883E-5 4.48774E-5 2.19393E-5 5.89417E-6 3.02313E-6 3.7406E-6 2.37272E-6 2.02359E-6 4.9129E-6 2.16352E-5 4.84468E-5 5.81853E-5 7.78864E-5 1.87702E-4 8.35037E-4 1.07906E-3 1.01032E-3 9.45672E-4 8.82563E-4 3.37849E-4 3.49279E-4 2.55931E-4 5.07223E-4 3.85133E-4 5.15496E-4 9.07636E-4 7.91448E-4 8.0655E-4 8.54041E-4 4.69518E-4 6.3375E-4 7.07593E-4 3.50015E-4 3.56267E-4 4.75129E-4 4.08439E-4
-9999 -9999 -9999 -9999 -9999 -9999 -9999 -9999 -9999 -9999 2.34302E-6 4.83376E-7 1.61598E-7 4.22772E-7 3.17077E-6 1.94418E-6 6.00616E-7 3.66672E-7 1.42319E-6 3.60901E-6 5.60133E-6 8.64293E-6 1.83996E-5 4.08322E-5 1.01456E-4 1.78791E-4 1.61224E-4 4.76114E-5 3.41082E-5 6.44484E-6 2.60992E-6 8.64611E-6 8.209E-6 1.381E-5 3.50903E-5 2.95734E-5 3.36977E-5 7.01092E-5 1.28929E-4 1.01972E-3 1.47857E-3 1.03702E-3 1.06651E-3 1.3334E-3 8.80375E-4 4.14655E-4 2.12883E-4 2.67214E-4 4.00145E-4 4.19211E-4 6.88271E-4 7.20123E-4 7.62109E-4 7.72985E-4 7.42065E-4 5.14477E-4 5.77382E-4 5.5915E-4 5.6219E-4 3.48107E-4 3.69405E-4
