Candidate_Models_Sept202022/M_0.2_F_lqp_Set_1_all/Bison.asc
ncols         97
nrows         127
xllcorner     -2197417.7431653
yllcorner     -584827.01486885
cellsize      30000.0
NODATA_value  -9999
[rows 27 to 53 of 127, columns 0 to 60 of 97]
-9999 -9999 1.61586E-6 1.82664E-7 4.18206E-6 1.85954E-5 2.98228E-5 4.46168E-5 7.56326E-5 4.44413E-5 2.62777E-5 5.47187E-5 1.89332E-5 2.6036E-5 2.01794E-5 3.06513E-5 1.76806E-5 1.38708E-5 5.30233E-6 5.61725E-6 5.06147E-6 3.84364E-6 2.30864E-6 2.50577E-6 2.6075E-6 7.39715E-6 8.72521E-6 6.43106E-6 6.46429E-6 7.5295E-6 7.53542E-6 1.06293E-5 7.09388E-6 1.05868E-5 1.59989E-5 1.57128E-5 1.63719E-5 1.68043E-5 6.04658E-6 2.48807E-5 5.26836E-5 3.41844E-5 3.80782E-5 8.00998E-5 3.28056E-5 2.79884E-5 2.17906E-5 1.30747E-5 7.82447E-6 5.52768E-6 4.6814E-6 5.79631E-6 2.87871E-6 2.28089E-6 1.03188E-6 6.89472E-7 6.71455E-7 6.30688E-7 8.89398E-7 1.32845E-6 1.83955E-6
-9999 6.35775E-9 1.78028E-6 4.69763E-7 1.95474E-7 4.76618E-6 3.29271E-5 3.71311E-5 3.78538E-5 5.67172E-5 3.42285E-5 3.25176E-5 4.64634E-5 3.81287E-5 2.46352E-5 2.8052E-5 3.57539E-5 1.86864E-5 1.19427E-5 8.42828E-6 7.76108E-6 5.31051E-6 2.76073E-6 3.49509E-6 3.12606E-6 8.42826E-6 1.13972E-5 9.14289E-6 1.19151E-5 1.01724E-5 8.78476E-6 6.74525E-6 5.84679E-6 8.96593E-6 9.17104E-6 1.1008E-5 1.24934E-5 3.30892E-5 3.43739E-5 2.81913E-5 3.32164E-5 2.01626E-5 3.80168E-5 3.53847E-5 3.62249E-5 1.83626E-5 1.82143E-5 8.73096E-6 6.74496E-6 4.17781E-6 4.77587E-6 6.83488E-6 2.34263E-6 1.64574E-6 1.15718E-6 8.8561E-7 7.25332E-7 6.8221E-7 7.22273E-7 9.26898E-7 9.62705E-7
-9999 6.91728E-11 6.45568E-10 1.29215E-7 1.64679E-7 4.73386E-6 1.32683E-5 3.75079E-5 5.67736E-5 5.30238E-5 2.34419E-5 3.54775E-5 4.72843E-5 3.99292E-5 3.25611E-5 1.46574E-5 2.52043E-5 2.67507E-5 1.92863E-5 1.09207E-5 7.36291E-6 3.81519E-6 4.35026E-6 4.77217E-6 7.95717E-6 6.3782E-6 1.00548E-5 1.0745E-5 7.75306E-6 7.78646E-6 8.03702E-6 8.11823E-6 1.14722E-5 9.19749E-6 9.43062E-6 8.99336E-6 8.86351E-6 1.73567E-5 1.57135E-5 2.95111E-5 3.16518E-5 3.08888E-5 3.17588E-5 2.92743E-5 1.60462E-5 1.99735E-5 1.22102E-5 8.08107E-6 4.6866E-6 4.51194E-6 4.35293E-6 3.82515E-6 2.30816E-6 1.42667E-6 1.08268E-6 8.65051E-7 7.23715E-7 5.8658E-7 5.72201E-7 8.94087E-7 8.9408E-7
1.85176E-7 1.29902E-10 1.5435E-13 2.21188E-10 9.00221E-10 7.44814E-7 1.07575E-5 5.49601E-5 3.36195E-5 4.07541E-5 2.58223E-5 3.62519E-5 5.92435E-5 6.99072E-5 3.31247E-5 2.00314E-5 4.17078E-5 2.59512E-5 2.17447E-5 1.38816E-5 6.81174E-6 4.43382E-6 7.25279E-6 9.65592E-6 5.79729E-6 8.15434E-6 7.53999E-6 1.32788E-5 6.30242E-6 6.13541E-6 5.20107E-6 6.97256E-6 1.06175E-5 6.92049E-6 1.20413E-5 1.22154E-5 9.5888E-6 1.33358E-5 2.3678E-5 2.9809E-5 3.08545E-5 2.48626E-5 1.81935E-5 2.90676E-5 1.94471E-5 1.65936E-5 1.3581E-5 8.60737E-6 4.64193E-6 2.65642E-6 2.17293E-6 2.5361E-6 2.27176E-6 1.74246E-6 1.30461E-6 9.1664E-7 6.61109E-7 6.25526E-7 6.19293E-7 8.64886E-7 8.13257E-7
1.93084E-6 2.11801E-7 1.39651E-10 4.13263E-14 3.2776E-10 1.69769E-6 1.6143E-5 6.55307E-5 4.53049E-5 4.63109E-5 4.20286E-5 5.39932E-5 5.35662E-5 8.68224E-5 4.56255E-5 3.96488E-5 2.3557E-5 4.41976E-5 1.76562E-5 7.25617E-6 4.71365E-6 5.67447E-6 7.11143E-6 6.70603E-6 6.96484E-6 5.76141E-6 7.7623E-6 9.78136E-6 8.37913E-6 6.4086E-6 7.77734E-6 7.24676E-6 9.3488E-6 4.4953E-6 1.52823E-5 1.78082E-5 1.73485E-5 1.8627E-5 2.12748E-5 1.81913E-5 2.42906E-5 2.27277E-5 2.22067E-5 1.82264E-5 1.73766E-5 1.36706E-5 1.26064E-5 1.02166E-5 6.5454E-6 2.95642E-6 2.35604E-6 2.51319E-6 1.88547E-6 1.78139E-6 1.44454E-6 1.01093E-6 7.52536E-7 7.43395E-7 7.08803E-7 8.1293E-7 8.98741E-7
1.25747E-6 1.04943E-6 2.67849E-7 4.77001E-10 9.35456E-11 1.11396E-6 2.50478E-5 4.73394E-5 5.64575E-5 5.47801E-5 5.46134E-5 5.13458E-5 5.00647E-5 5.34912E-5 4.039E-5 2.59767E-5 2.32827E-5 2.2409E-5 2.4348E-5 1.46917E-5 8.17355E-6 6.33114E-6 7.11138E-6 6.99432E-6 1.08084E-5 8.6151E-6 8.79779E-6 1.86481E-5 1.01072E-5 1.09823E-5 6.22713E-6 6.11743E-6 5.92188E-6 5.77489E-6 1.36862E-5 1.66234E-5 1.61296E-5 1.39301E-5 1.45696E-5 1.29512E-5 1.39505E-5 2.15418E-5 2.27575E-5 2.18739E-5 2.09217E-5 1.24813E-5 1.11124E-5 1.08887E-5 8.31196E-6 3.7126E-6 2.904E-6 2.54595E-6 1.84164E-6 1.9499E-6 1.56549E-6 1.08944E-6 8.75107E-7 8.10702E-7 9.53452E-7 8.82563E-7 1.03705E-6
-9999 8.87093E-7 2.7536E-6 3.28563E-6 1.33749E-9 2.72652E-6 1.18984E-5 4.79216E-5 4.58521E-5 3.84507E-5 6.21159E-5 6.46127E-5 5.47084E-5 4.42325E-5 1.63404E-5 1.71815E-5 9.49321E-6 7.55108E-6 2.40177E-5 1.90753E-5 1.23526E-5 1.50091E-5 9.47296E-6 8.39216E-6 1.11171E-5 1.55131E-5 1.33586E-5 1.4726E-5 1.37833E-5 1.09533E-5 1.04032E-5 7.9088E-6 6.78169E-6 1.01726E-5 1.59888E-5 1.34594E-5 1.73293E-5 1.84331E-5 1.59436E-5 1.91339E-5 1.93832E-5 1.7181E-5 2.18831E-5 2.05147E-5 1.8679E-5 1.44263E-5 1.2696E-5 1.78414E-5 1.34619E-5 7.52841E-6 4.80564E-6 3.87111E-6 2.81462E-6 2.34264E-6 1.67716E-6 1.27167E-6 1.30712E-6 9.77415E-7 1.00613E-6 9.32239E-7 1.15223E-6
-9999 -9999 1.00508E-6 1.75935E-6 9.29261E-8 1.11328E-5 5.11087E-6 1.85718E-5 2.74869E-5 4.4702E-5 3.34313E-5 1.14194E-4 3.66645E-5 3.20914E-5 1.58319E-5 1.44491E-5 9.61844E-6 6.63241E-6 7.58598E-6 1.88039E-5 1.80092E-5 9.42939E-6 1.01675E-5 8.9579E-6 1.61418E-5 1.46339E-5 2.03927E-5 2.47398E-5 1.47008E-5 1.37326E-5 1.04049E-5 8.47931E-6 1.13348E-5 1.62883E-5 1.75684E-5 1.24411E-5 1.24754E-5 1.49983E-5 9.5246E-6 1.20158E-5 2.59187E-5 2.23617E-5 2.84978E-5 2.04044E-5 2.68767E-5 1.9604E-5 1.85351E-5 1.70351E-5 1.90456E-5 1.67348E-5 8.30707E-6 4.96514E-6 3.08628E-6 2.34051E-6 1.78034E-6 1.35705E-6 1.56775E-6 1.14863E-6 1.20633E-6 1.25454E-6 1.21192E-6
-9999 -9999 1.17042E-6 4.20419E-6 1.50506E-6 4.9769E-6 2.64251E-6 7.40963E-6 1.00891E-5 4.92066E-5 3.72354E-5 6.74432E-5 3.96719E-5 3.16935E-5 1.38188E-5 2.66874E-5 1.62363E-5 1.48952E-5 8.29848E-6 1.2225E-5 1.29873E-5 1.84425E-5 1.22651E-5 9.48656E-6 1.68601E-5 1.24929E-5 1.6676E-5 1.67557E-5 1.84576E-5 1.00999E-5 1.1122E-5 8.58174E-6 1.10332E-5 1.42004E-5 1.35234E-5 1.40744E-5 5.9659E-6 1.04691E-5 9.73813E-6 1.01747E-5 1.46487E-5 2.95247E-5 1.71571E-5 2.59097E-5 2.64001E-5 2.46571E-5 2.01969E-5 1.99216E-5 1.65427E-5 2.40627E-5 1.10731E-5 1.01231E-5 4.49754E-6 2.64804E-6 2.0867E-6 1.62085E-6 1.43688E-6 1.42221E-6 1.49139E-6 1.45813E-6 1.14751E-6
-9999 -9999 1.84174E-6 7.75651E-6 3.33785E-6 2.14147E-6 2.18007E-6 1.33479E-5 1.86802E-5 3.07986E-5 4.63382E-5 3.85384E-5 5.76764E-5 3.24668E-5 1.39219E-5 2.19612E-5 2.55008E-5 1.90276E-5 2.18268E-5 1.52919E-5 1.62144E-5 2.01323E-5 1.24277E-5 1.69748E-5 1.13547E-5 1.32162E-5 1.85123E-5 1.83528E-5 2.12673E-5 1.50661E-5 1.23153E-5 7.47999E-6 9.59647E-6 1.50318E-5 1.56202E-5 1.66179E-5 7.06457E-6 7.88615E-6 9.36817E-6 9.52558E-6 1.17097E-5 1.68446E-5 1.54577E-5 1.09341E-5 2.8121E-5 2.89303E-5 2.38839E-5 2.66258E-5 2.11866E-5 2.21249E-5 1.15311E-5 8.00096E-6 4.62195E-6 3.04522E-6 2.96969E-6 2.16992E-6 1.77917E-6 1.70258E-6 2.08584E-6 1.7224E-6 1.38909E-6
-9999 -9999 -9999 3.36999E-6 5.12105E-6 1.01746E-5 7.39949E-6 1.46262E-5 1.68099E-5 9.22746E-6 1.27505E-5 4.69658E-5 5.42698E-5 3.3212E-5 1.86076E-5 2.07842E-5 2.00333E-5 1.7636E-5 2.03738E-5 2.2201E-5 1.61395E-5 1.13139E-5 9.05484E-6 1.95474E-5 2.64218E-5 1.44412E-5 2.30242E-5 1.86787E-5 1.3894E-5 9.61383E-6 7.75888E-6 8.0666E-6 1.11951E-5 1.28637E-5 1.39957E-5 1.45817E-5 1.15922E-5 7.94965E-6 7.62264E-6 1.06771E-5 9.88566E-6 1.31774E-5 2.05012E-5 2.25604E-5 3.14625E-5 2.68046E-5 2.64076E-5 2.89343E-5 1.74811E-5 1.31576E-5 9.99515E-6 8.39776E-6 6.65994E-6 4.31061E-6 3.88217E-6 2.88025E-6 2.93117E-6 2.31569E-6 1.71867E-6 1.7057E-6 1.58446E-6
-9999 -9999 -9999 1.35199E-6 8.9066E-6 5.32644E-5 1.36703E-5 2.96479E-5 3.9817E-5 3.19629E-5 6.6113E-6 3.29011E-5 3.53626E-5 3.15641E-5 3.93668E-5 2.19883E-5 1.33299E-5 1.74978E-5 1.56668E-5 1.98237E-5 9.90644E-6 8.46473E-6 7.0985E-6 1.46768E-5 1.73076E-5 1.82008E-5 1.96085E-5 1.36202E-5 9.96354E-6 9.2155E-6 7.31021E-6 9.61532E-6 1.64417E-5 1.33771E-5 1.39341E-5 1.44268E-5 1.06804E-5 1.26864E-5 1.976E-5 1.03431E-5 1.06121E-5 1.3437E-5 1.53686E-5 1.27256E-5 2.70045E-5 2.93298E-5 2.77442E-5 3.09454E-5 2.76764E-5 2.34521E-5 9.00624E-6 1.90514E-5 9.05363E-6 7.24403E-6 4.86176E-6 3.17969E-6 2.85408E-6 2.32704E-6 2.36189E-6 1.86622E-6 1.70691E-6
-9999 -9999 -9999 9.47477E-7 1.00267E-4 1.90944E-5 1.89191E-5 2.39287E-5 2.567E-5 3.10917E-5 9.9525E-6 1.65774E-5 3.07189E-5 2.448E-5 2.50326E-5 2.36775E-5 1.17794E-5 1.72593E-5 1.74762E-5 2.12649E-5 1.23292E-5 8.10802E-6 1.23578E-5 1.44472E-5 1.89756E-5 1.64608E-5 1.59499E-5 1.49804E-5 9.84284E-6 8.64156E-6 9.05984E-6 1.20884E-5 1.88498E-5 1.23555E-5 1.61539E-5 1.87944E-5 2.21016E-5 2.24588E-5 1.59886E-5 9.46298E-6 6.97967E-6 9.86109E-6 1.95146E-5 2.70469E-5 3.22672E-5 3.28704E-5 2.43835E-5 3.71099E-5 2.84165E-5 2.30956E-5 1.71247E-5 1.21059E-5 1.85062E-5 1.23632E-5 8.09423E-6 8.04799E-6 9.11972E-6 5.7348E-6 4.11018E-6 2.68979E-6 1.9838E-6
-9999 -9999 -9999 -9999 5.26396E-6 1.73338E-5 8.17093E-6 6.30838E-6 3.56779E-5 8.56026E-6 1.09914E-6 7.2685E-6 3.62335E-5 1.84313E-5 2.81956E-5 2.74261E-5 2.0671E-5 1.99191E-5 2.68498E-5 2.69453E-5 1.71425E-5 1.34218E-5 1.46402E-5 1.32125E-5 1.5142E-5 1.48006E-5 1.46188E-5 1.1189E-5 1.00248E-5 1.16805E-5 1.20134E-5 1.76589E-5 1.30138E-5 1.60123E-5 1.4815E-5 1.88533E-5 2.30089E-5 1.93509E-5 1.22318E-5 1.39053E-5 1.33411E-5 1.49784E-5 1.78675E-5 3.79704E-5 3.81081E-5 3.10014E-5 2.40897E-5 3.55241E-5 3.67305E-5 2.96364E-5 1.32501E-5 2.40536E-5 3.15172E-5 1.82614E-5 1.42244E-5 2.25663E-5 9.53081E-6 1.1917E-5 1.0734E-5 3.12454E-6 2.00897E-6
-9999 -9999 -9999 -9999 5.98676E-6 5.87697E-6 3.79156E-6 1.53769E-5 6.02647E-6 4.21207E-7 1.76635E-7 5.508E-6 3.86649E-5 2.11753E-5 3.46049E-5 1.5668E-5 2.08928E-5 2.83212E-5 2.66006E-5 2.61161E-5 2.47672E-5 3.01898E-5 1.81231E-5 1.61475E-5 1.44564E-5 1.25482E-5 1.58477E-5 1.08032E-5 9.73594E-6 7.23234E-6 9.80162E-6 2.19368E-5 1.69293E-5 1.96875E-5 1.8245E-5 2.12658E-5 2.06252E-5 2.96651E-5 2.61619E-5 3.3156E-5 2.95061E-5 3.68201E-5 2.83143E-5 4.2556E-5 3.27592E-5 4.31996E-5 4.56099E-5 1.55095E-5 3.26419E-5 4.78711E-5 3.55857E-5 3.38157E-5 3.75622E-5 1.42276E-5 1.47041E-5 2.07697E-5 1.75056E-5 1.53488E-5 1.09642E-5 4.21089E-6 2.60485E-6
-9999 -9999 -9999 -9999 1.18753E-6 3.79008E-6 2.11786E-6 8.76364E-6 3.21603E-6 2.50662E-7 1.47939E-6 3.59473E-6 1.98696E-5 1.80378E-5 2.27459E-5 1.71697E-5 1.96457E-5 2.94557E-5 1.44267E-5 2.53877E-5 2.55073E-5 1.90011E-5 2.53994E-5 2.32189E-5 2.15107E-5 1.93534E-5 1.59997E-5 1.48788E-5 1.12153E-5 7.90543E-6 1.44071E-5 2.01787E-5 2.19467E-5 2.10078E-5 2.15E-5 2.31502E-5 2.31666E-5 3.00777E-5 4.22141E-5 4.16218E-5 3.87392E-5 3.96429E-5 4.87175E-5 4.3436E-5 3.66629E-5 4.10309E-5 5.37787E-5 5.78795E-5 -9999 4.46181E-5 3.1818E-5 3.10405E-5 1.7704E-5 1.9829E-5 3.90073E-5 1.99775E-5 1.75367E-5 1.4902E-5 2.09154E-5 5.919E-6 3.03252E-6
-9999 -9999 -9999 -9999 1.14422E-6 2.14842E-6 1.18556E-6 1.26716E-7 7.61136E-5 2.49481E-4 3.20806E-6 2.4059E-6 8.87878E-6 1.43079E-5 1.48039E-5 1.36154E-5 2.01812E-5 1.53769E-5 1.30023E-5 2.37527E-5 2.63842E-5 2.50646E-5 2.68502E-5 2.95348E-5 2.02209E-5 1.65672E-5 1.20093E-5 2.00589E-5 1.1035E-5 1.21687E-5 1.89068E-5 2.20277E-5 2.05694E-5 1.99617E-5 1.8659E-5 2.46195E-5 2.5167E-5 2.64297E-5 2.84587E-5 3.52676E-5 4.49415E-5 4.2924E-5 4.49085E-5 4.38407E-5 4.31426E-5 3.63879E-5 -9999 -9999 -9999 -9999 4.13588E-5 2.2845E-5 2.20284E-5 3.17845E-5 2.66648E-5 2.21342E-5 9.99194E-6 7.02792E-6 3.81211E-6 5.20564E-6 4.72238E-6
-9999 -9999 -9999 -9999 5.73632E-7 2.47492E-6 1.2194E-6 3.38162E-7 4.56483E-8 4.37485E-4 4.46868E-6 1.03602E-5 7.51721E-6 1.03425E-5 1.13876E-5 1.61648E-5 1.93054E-5 1.31795E-5 1.65783E-5 1.8738E-5 2.05128E-5 2.56613E-5 2.92776E-5 2.75499E-5 1.39864E-5 1.01467E-5 1.21903E-5 1.3457E-5 1.70659E-5 2.0371E-5 2.18902E-5 2.23923E-5 2.21607E-5 2.72743E-5 1.57206E-5 2.17292E-5 2.77878E-5 2.52296E-5 2.74439E-5 3.04345E-5 4.27465E-5 3.91225E-5 3.24444E-5 2.0411E-5 4.47015E-5 -9999 -9999 -9999 -9999 1.05473E-4 3.76994E-5 3.46989E-5 2.70061E-5 2.68765E-5 2.6219E-5 2.00123E-5 1.70767E-5 1.16168E-5 1.12778E-5 1.5422E-5 6.27071E-6
-9999 -9999 -9999 -9999 1.81044E-6 4.9311E-6 1.79147E-6 2.16961E-7 3.80867E-6 4.23394E-5 5.2788E-6 6.84749E-6 4.61711E-6 8.34463E-6 1.17273E-5 1.53424E-5 2.02893E-5 1.95465E-5 1.14498E-5 1.32623E-5 1.87493E-5 2.74479E-5 2.1134E-5 1.577E-5 1.4327E-5 1.21346E-5 1.44973E-5 1.98282E-5 2.28454E-5 2.34295E-5 2.21806E-5 2.29564E-5 2.30951E-5 2.44205E-5 2.44525E-5 1.90563E-5 2.19818E-5 2.30809E-5 3.3598E-5 3.31139E-5 3.53399E-5 3.82774E-5 4.95664E-5 5.3375E-5 5.60551E-5 -9999 -9999 -9999 1.08026E-4 7.83898E-5 5.71048E-5 3.74255E-5 3.31413E-5 2.67661E-5 2.27126E-5 1.81745E-5 1.83666E-5 7.33364E-6 8.48213E-6 1.34425E-5 5.63437E-6
-9999 -9999 -9999 3.3186E-6 1.61631E-4 7.58537E-5 3.77991E-7 7.82153E-7 4.64186E-7 3.14463E-6 2.45995E-6 2.66446E-6 4.60929E-6 1.15606E-5 2.12294E-5 1.54615E-5 2.70296E-5 1.65504E-5 1.77089E-5 1.03279E-5 1.42904E-5 1.75824E-5 1.54061E-5 9.30465E-6 1.51543E-5 1.14859E-5 1.45986E-5 1.95114E-5 1.55843E-5 2.03406E-5 2.82742E-5 2.7083E-5 2.48929E-5 2.65538E-5 2.43643E-5 2.47611E-5 2.31214E-5 2.96925E-5 2.91809E-5 3.5848E-5 3.35816E-5 3.17985E-5 3.83801E-5 5.47501E-5 1.06847E-4 8.56461E-5 7.69626E-5 7.97497E-5 8.42675E-5 5.66803E-5 5.61601E-5 4.62158E-5 3.86408E-5 3.19436E-5 2.88285E-5 1.82911E-5 1.81858E-5 9.06912E-6 9.5184E-6 1.02024E-5 7.17374E-6
-9999 -9999 -9999 -9999 1.30565E-5 1.31656E-4 1.87825E-6 -9999 4.33127E-7 2.75219E-6 3.35845E-6 1.41806E-6 1.11846E-5 1.64857E-5 1.77688E-5 2.60465E-5 2.02046E-5 1.67671E-5 1.31151E-5 1.56612E-5 1.16792E-5 1.4743E-5 9.26029E-6 1.44966E-5 2.28454E-5 2.00859E-5 1.72917E-5 1.95404E-5 1.6387E-5 1.95154E-5 2.15331E-5 2.90627E-5 2.79695E-5 2.79281E-5 2.45786E-5 2.15823E-5 2.49242E-5 2.08453E-5 2.22912E-5 3.42213E-5 3.63868E-5 3.32139E-5 3.10933E-5 4.34378E-5 5.45854E-5 6.38458E-5 6.42339E-5 6.36581E-5 7.07282E-5 5.26232E-5 5.39167E-5 3.66394E-5 4.07939E-5 3.55559E-5 3.09115E-5 1.61316E-5 1.68869E-5 1.07522E-5 1.36961E-5 1.08209E-5 6.21211E-6
-9999 -9999 -9999 -9999 7.90665E-6 2.05855E-6 1.41076E-6 2.45851E-6 9.38055E-7 1.62174E-5 6.47171E-6 8.01531E-7 1.41396E-5 6.48162E-6 1.1657E-5 3.46348E-5 1.85994E-5 2.29947E-5 1.38003E-5 1.16504E-5 9.90614E-6 1.28068E-5 1.51328E-5 2.47348E-5 1.98044E-5 2.76778E-5 1.39984E-5 1.75087E-5 1.90371E-5 2.26873E-5 2.56167E-5 3.30509E-5 3.28838E-5 3.32798E-5 2.97334E-5 3.18981E-5 2.6487E-5 1.79793E-5 2.36814E-5 2.58801E-5 2.68183E-5 3.62441E-5 2.54648E-5 3.84162E-5 3.58085E-5 5.33479E-5 5.49068E-5 5.03243E-5 5.25328E-5 5.0754E-5 4.71452E-5 3.77144E-5 3.85818E-5 3.82193E-5 3.80709E-5 2.53096E-5 1.84036E-5 1.83993E-5 1.01882E-5 1.20411E-5 1.10743E-5
-9999 -9999 -9999 -9999 4.88696E-5 1.98157E-6 2.464E-6 1.25339E-6 2.08322E-6 1.27878E-5 1.85662E-6 6.73433E-7 5.48232E-6 1.35636E-5 1.34267E-5 1.68903E-5 1.98812E-5 2.15448E-5 2.3762E-5 1.32281E-5 1.4462E-5 1.1553E-5 9.56253E-6 1.2875E-5 4.11569E-5 2.45827E-5 1.04607E-5 1.64573E-5 2.36117E-5 2.63727E-5 2.95863E-5 3.40001E-5 4.44415E-5 3.19305E-5 3.81968E-5 3.65127E-5 3.28267E-5 2.89717E-5 3.48016E-5 3.62761E-5 3.79962E-5 3.94212E-5 3.55716E-5 3.5068E-5 4.11922E-5 4.51642E-5 4.0123E-5 4.70184E-5 4.52405E-5 5.039E-5 4.24349E-5 3.66345E-5 3.52307E-5 3.42593E-5 3.36365E-5 2.07982E-5 2.05385E-5 2.11593E-5 1.48394E-5 1.16345E-5 8.10093E-6
-9999 -9999 -9999 -9999 -9999 2.59333E-6 2.44375E-6 3.19012E-6 1.399E-6 3.26587E-6 9.70764E-7 2.93465E-6 3.74336E-6 6.2382E-6 7.37011E-6 1.73622E-5 2.96853E-5 2.1452E-5 2.0963E-5 1.6205E-5 1.61593E-5 1.83219E-5 1.13737E-5 1.63045E-5 2.20847E-5 5.3415E-5 1.74151E-5 1.6419E-5 2.01981E-5 3.31991E-5 3.67932E-5 4.46138E-5 4.08357E-5 3.82519E-5 3.80601E-5 4.33697E-5 3.39438E-5 2.92854E-5 3.77656E-5 3.58379E-5 4.15433E-5 4.14649E-5 3.8548E-5 4.10047E-5 3.86886E-5 3.77582E-5 3.83428E-5 4.18326E-5 4.47206E-5 5.51948E-5 4.53406E-5 3.93663E-5 3.62796E-5 3.15175E-5 3.26618E-5 2.05311E-5 2.49879E-5 2.34651E-5 2.1353E-5 7.13505E-6 9.31425E-6
-9999 -9999 -9999 -9999 -9999 6.87306E-6 8.59549E-7 3.35296E-6 3.75023E-6 1.00875E-5 2.79214E-6 1.94193E-7 6.59442E-7 2.23369E-6 9.73348E-6 1.59685E-5 1.91153E-5 2.07845E-5 1.91259E-5 1.82036E-5 2.39774E-5 1.29283E-5 1.95459E-5 1.70745E-5 2.86957E-5 4.85401E-5 2.24445E-5 2.02088E-5 2.39942E-5 2.96536E-5 3.40563E-5 4.34893E-5 4.88494E-5 4.14814E-5 3.69374E-5 4.49848E-5 4.65766E-5 4.26424E-5 4.479E-5 4.40028E-5 3.71419E-5 4.05248E-5 3.77873E-5 3.9396E-5 3.1383E-5 3.69426E-5 4.44537E-5 3.98135E-5 3.5383E-5 4.49228E-5 4.46342E-5 3.8877E-5 3.33736E-5 2.46359E-5 3.54238E-5 2.71918E-5 2.13329E-5 2.42484E-5 1.66506E-5 1.45305E-5 1.12707E-5
-9999 -9999 -9999 -9999 -9999 8.52128E-6 3.52882E-6 8.05991E-7 2.29043E-6 3.49173E-7 2.86099E-6 4.86729E-7 3.49175E-7 6.2559E-7 1.1455E-5 1.25581E-5 1.42187E-5 1.35731E-5 2.03824E-5 2.09413E-5 1.79118E-5 1.93066E-5 1.913E-5 1.74007E-5 2.33993E-5 3.51335E-5 1.73663E-5 2.91846E-5 3.04174E-5 2.82153E-5 3.62195E-5 4.25755E-5 5.1743E-5 4.93919E-5 5.08407E-5 5.31779E-5 5.0882E-5 5.6506E-5 5.70605E-5 5.57402E-5 4.9056E-5 4.06806E-5 3.89987E-5 2.8861E-5 3.6455E-5 3.77679E-5 3.68671E-5 4.10046E-5 3.92742E-5 4.75257E-5 4.83597E-5 3.92877E-5 3.40484E-5 2.10881E-5 3.5434E-5 2.95712E-5 3.20474E-5 2.59824E-5 1.95941E-5 1.85579E-5 1.46046E-5
-9999 -9999 -9999 -9999 -9999 3.48211E-6 8.88621E-7 1.65204E-6 4.06111E-6 4.64792E-7 7.89766E-7 5.1026E-7 2.31653E-6 2.74144E-6 7.37968E-6 9.98516E-6 1.05122E-5 1.0688E-5 1.48035E-5 1.77221E-5 2.5456E-5 3.79144E-5 3.2275E-5 1.91685E-5 1.40036E-5 6.06385E-5 2.35982E-5 2.56014E-5 3.42088E-5 3.04606E-5 4.32185E-5 4.72903E-5 5.08327E-5 5.34069E-5 5.43748E-5 5.12669E-5 6.34816E-5 5.66279E-5 5.71339E-5 6.38119E-5 8.84382E-5 6.53327E-5 4.08775E-5 2.0995E-5 4.52354E-5 4.4052E-5 5.01982E-5 4.88018E-5 4.16309E-5 5.59801E-5 3.9574E-5 4.54268E-5 5.1742E-5 3.87254E-5 2.53872E-5 -9999 2.53146E-5 1.92331E-5 2.01388E-5 2.27659E-5 1.68983E-5
