Candidate_Models_Sept202022/M_0.2_F_lqp_Set_1_all/Bison.asc
ncols         97
nrows         127
xllcorner     -2197417.7431653
yllcorner     -584827.01486885
cellsize      30000.0
NODATA_value  -9999
[rows 81 to 107 of 127, columns 0 to 60 of 97]
-9999 -9999 -9999 -9999 -9999 -9999 -9999 -9999 -9999 -9999 -9999 3.50228E-6 5.25879E-7 3.51767E-7 4.95924E-6 2.28075E-6 1.26616E-6 2.28246E-7 4.85221E-7 4.60664E-6 1.62468E-6 1.09549E-5 5.96398E-6 2.14796E-5 8.34049E-5 1.51457E-4 5.17929E-5 4.1394E-5 5.81256E-5 6.63413E-6 4.6168E-6 1.33947E-6 3.50637E-6 1.55252E-5 1.82492E-5 2.57704E-5 1.92247E-5 2.39232E-4 6.06911E-4 1.43562E-3 2.84615E-3 9.25206E-4 8.32311E-4 1.45422E-3 9.39238E-4 3.4691E-4 2.71105E-4 2.53208E-4 2.88328E-4 3.81624E-4 4.68288E-4 7.25974E-4 7.69811E-4 7.25707E-4 6.94434E-4 3.47902E-4 5.08519E-4 5.57778E-4 4.58751E-4 3.70644E-4 3.68129E-4
-9999 -9999 -9999 -9999 -9999 -9999 -9999 -9999 -9999 -9999 -9999 -9999 2.60659E-6 3.59413E-7 1.2642E-6 3.09963E-6 1.92105E-6 6.42836E-6 1.51248E-6 8.23313E-7 8.90812E-7 1.28769E-6 1.20947E-6 8.75665E-6 1.183E-4 1.25745E-4 3.26534E-5 4.00178E-5 9.72636E-5 1.03471E-5 3.27183E-6 2.63534E-6 2.1663E-6 7.36496E-6 2.93194E-5 5.00313E-5 3.17749E-5 5.08631E-5 1.79145E-4 9.73709E-4 1.46806E-3 9.30165E-4 8.52902E-4 1.02744E-3 7.56099E-4 3.42149E-4 2.28473E-4 3.16508E-4 3.80251E-4 6.54322E-4 6.82398E-4 7.38989E-4 8.27449E-4 7.29228E-4 5.98003E-4 5.67941E-4 5.23782E-4 4.0957E-4 3.84175E-4 3.10375E-4 4.51762E-4
-9999 -9999 -9999 -9999 -9999 -9999 -9999 -9999 -9999 -9999 -9999 -9999 -9999 1.72531E-6 1.12611E-7 7.21086E-7 5.18914E-7 4.65512E-6 1.62945E-4 5.57498E-6 1.24643E-6 1.78241E-6 4.42011E-7 5.0766E-6 3.28362E-5 2.57427E-5 1.78895E-5 5.44189E-5 1.65911E-5 1.02175E-5 3.30166E-6 2.64743E-6 1.18461E-6 3.79313E-6 1.71335E-5 1.24228E-4 3.24783E-5 3.3176E-5 6.48852E-5 8.10664E-4 1.43765E-3 1.21973E-3 9.30374E-4 7.3185E-4 5.5755E-4 2.99237E-4 3.12736E-4 3.51058E-4 4.1223E-4 5.70206E-4 6.34011E-4 6.42405E-4 8.83797E-4 7.89001E-4 6.66011E-4 5.69902E-4 7.23362E-4 5.63115E-4 3.4595E-4 3.62763E-4 3.89759E-4
-9999 -9999 -9999 -9999 -9999 -9999 -9999 -9999 -9999 -9999 -9999 -9999 -9999 2.265E-6 4.20137E-7 7.87128E-7 2.06788E-6 -9999 5.32186E-6 4.40736E-5 9.74582E-5 1.58453E-5 1.17497E-6 3.21381E-6 5.05445E-5 2.97938E-5 4.33957E-5 3.86397E-5 1.69948E-5 8.37044E-6 6.53866E-6 2.50297E-6 1.74107E-6 4.51288E-6 1.19197E-5 4.13278E-5 2.47152E-5 3.24418E-5 4.76046E-5 4.02254E-4 6.88652E-4 7.9861E-4 8.25694E-4 4.04654E-4 5.04211E-4 7.339E-4 5.80864E-4 6.29607E-4 3.78759E-4 5.08325E-4 5.77954E-4 5.25011E-4 6.10955E-4 5.33692E-4 5.5865E-4 2.72345E-4 5.64285E-4 7.18254E-4 4.52491E-4 4.40434E-4 5.64406E-4
-9999 -9999 -9999 -9999 -9999 -9999 -9999 -9999 -9999 -9999 -9999 -9999 -9999 3.39825E-6 1.08252E-6 5.66725E-7 1.92076E-6 -9999 1.59306E-5 1.67008E-4 3.89333E-5 1.93568E-6 2.65104E-7 3.60475E-6 1.72338E-5 2.46051E-5 6.16394E-5 1.91713E-5 1.38907E-5 6.40427E-6 3.23088E-6 1.43184E-6 3.94767E-6 7.15619E-6 1.00629E-5 3.37511E-5 3.55848E-5 4.61803E-5 1.02591E-4 1.36367E-4 3.70656E-4 5.7731E-4 7.96773E-4 5.23734E-4 4.11976E-4 7.08166E-4 3.74708E-4 3.04567E-4 3.75143E-4 6.7766E-4 5.63914E-4 3.2985E-4 5.2733E-4 8.34384E-4 6.47683E-4 5.13125E-4 8.41997E-4 3.96547E-4 4.00589E-4 4.01825E-4 3.75412E-4
-9999 -9999 -9999 -9999 -9999 -9999 -9999 -9999 -9999 -9999 -9999 -9999 -9999 1.73518E-6 2.09469E-6 9.65747E-7 6.99933E-7 -9999 1.02291E-6 2.73916E-5 5.25063E-6 8.14982E-7 7.76754E-7 1.69085E-6 1.43628E-5 4.38752E-5 1.02916E-4 2.24068E-5 1.15408E-5 4.69243E-6 9.20014E-6 6.6114E-6 6.29952E-6 4.69285E-6 8.06294E-6 8.69574E-5 1.25318E-5 4.61864E-5 5.33964E-5 1.97425E-4 2.72588E-4 5.05514E-4 5.94989E-4 6.04498E-4 5.77726E-4 4.65606E-4 2.94639E-4 3.62057E-4 4.47296E-4 6.88256E-4 4.87347E-4 2.22837E-4 3.71636E-4 7.85032E-4 6.82764E-4 6.68969E-4 6.52338E-4 2.58018E-4 3.25978E-4 3.75677E-4 5.80997E-4
-9999 -9999 -9999 -9999 -9999 -9999 -9999 -9999 -9999 -9999 -9999 -9999 -9999 2.98804E-6 7.01306E-7 3.50826E-7 9.59582E-6 -9999 3.98044E-6 3.87067E-5 3.77324E-6 5.85576E-7 2.84358E-6 1.07479E-5 2.28542E-5 7.38489E-5 3.18886E-4 9.58263E-5 5.20502E-5 7.23718E-6 1.84234E-5 2.93086E-6 8.50072E-7 7.90194E-6 2.08668E-5 4.84628E-5 4.08629E-5 2.74174E-5 4.68329E-4 3.56223E-4 1.93228E-4 4.58533E-4 1.0152E-3 5.95639E-4 5.12857E-4 5.07074E-4 6.60027E-4 8.16006E-4 5.49418E-4 3.55817E-4 2.57681E-4 1.86347E-4 3.70916E-4 5.8898E-4 8.95716E-4 8.12916E-4 5.2216E-4 3.35281E-4 2.98217E-4 3.23791E-4 4.35121E-4
-9999 -9999 -9999 -9999 -9999 -9999 -9999 -9999 -9999 -9999 -9999 -9999 -9999 1.733E-6 6.65557E-7 2.51756E-7 4.28289E-7 1.49776E-6 1.07269E-6 5.14685E-5 1.64156E-6 2.18093E-7 2.6206E-6 1.81755E-5 9.93245E-5 2.45607E-4 1.75124E-4 5.39019E-5 1.99318E-5 2.2778E-5 1.55406E-5 4.43395E-6 2.57215E-6 5.43921E-5 1.10693E-5 1.07623E-5 3.89862E-5 8.29935E-6 2.49192E-5 2.87196E-4 2.38581E-4 5.94931E-4 5.62473E-4 5.85584E-4 5.86546E-4 5.31566E-4 4.51625E-4 3.10525E-4 6.5095E-4 6.30103E-4 3.9286E-4 3.4229E-4 8.4838E-4 8.13007E-4 8.40329E-4 7.67238E-4 6.35148E-4 5.41438E-4 5.99108E-4 3.07008E-4 3.78976E-4
-9999 -9999 -9999 -9999 -9999 -9999 -9999 -9999 -9999 -9999 -9999 -9999 -9999 2.66399E-6 1.02269E-6 2.00545E-7 9.22506E-7 4.88236E-7 3.59367E-7 1.51587E-5 5.0282E-6 6.68E-7 1.54366E-6 2.77036E-5 2.55334E-4 1.53273E-4 5.3955E-5 2.46929E-5 1.54247E-5 9.52172E-5 9.89882E-6 7.97432E-6 7.14832E-6 7.48007E-5 6.43216E-6 9.96542E-6 5.27087E-5 5.19965E-6 6.97672E-6 1.26715E-5 2.28247E-4 4.81799E-4 4.33437E-4 6.99667E-4 6.14827E-4 5.42843E-4 6.21016E-4 2.758E-4 1.74232E-4 2.87684E-4 3.57631E-4 2.52948E-4 6.62325E-4 8.08095E-4 8.99807E-4 7.34976E-4 5.8045E-4 6.60858E-4 5.74352E-4 6.59476E-4 4.06024E-4
-9999 -9999 -9999 -9999 -9999 -9999 -9999 -9999 -9999 -9999 -9999 -9999 -9999 2.69593E-6 2.2977E-6 1.79761E-6 4.76611E-7 3.48293E-7 2.50263E-7 4.92275E-5 8.00787E-7 1.21391E-6 9.86349E-6 1.99028E-4 4.48238E-4 1.193E-4 1.21623E-4 2.02203E-5 3.1855E-5 6.26409E-5 2.22757E-5 1.1469E-5 2.70998E-5 1.30628E-5 6.31095E-6 8.33935E-6 1.75262E-5 6.86656E-6 2.42186E-5 9.071E-6 1.07528E-4 1.3798E-4 7.04689E-4 4.15903E-4 6.22012E-4 7.23698E-4 2.88625E-4 3.08168E-4 2.51612E-4 6.00171E-4 4.78498E-4 3.10029E-4 6.47555E-4 5.05368E-4 5.24717E-4 5.53812E-4 5.43767E-4 6.14034E-4 7.03539E-4 6.59172E-4 5.07006E-4
-9999 -9999 -9999 -9999 -9999 -9999 -9999 -9999 -9999 -9999 -9999 -9999 -9999 2.3508E-6 3.26959E-6 2.41186E-6 4.83977E-7 1.75514E-7 9.70435E-6 2.27701E-5 2.0013E-6 1.76418E-6 5.44494E-5 3.84732E-4 1.69189E-4 1.02779E-4 2.21997E-4 1.55833E-4 4.14471E-5 3.07686E-5 3.51383E-5 2.18856E-5 3.0462E-5 1.40699E-5 2.31434E-6 2.44526E-5 2.98962E-5 4.24074E-5 8.20797E-5 1.07058E-5 2.74601E-5 1.15659E-4 5.35399E-4 7.17363E-4 2.50348E-4 2.62473E-4 4.07581E-4 3.76759E-4 5.24948E-4 3.29665E-4 2.34986E-4 2.5608E-4 4.18479E-4 4.77905E-4 4.80862E-4 2.60716E-4 2.63884E-4 3.35421E-4 5.17145E-4 4.54829E-4 3.4716E-4
-9999 -9999 -9999 -9999 -9999 -9999 -9999 -9999 -9999 -9999 -9999 -9999 -9999 2.43335E-6 1.47434E-6 4.16873E-6 3.53694E-6 4.49658E-6 1.3837E-5 2.1417E-6 6.44319E-6 2.4204E-5 5.30139E-5 9.25362E-5 8.80682E-5 7.8963E-5 1.44919E-4 1.66594E-4 1.9983E-4 1.01054E-4 5.24633E-5 4.09208E-5 1.00993E-5 3.1546E-6 2.58899E-6 1.47051E-5 7.70736E-5 1.62335E-4 4.5097E-4 9.54825E-6 2.56602E-5 2.7232E-4 3.57033E-4 6.05243E-4 3.39874E-4 3.94977E-4 4.60343E-4 4.18489E-4 3.97154E-4 3.61163E-4 2.55587E-4 3.05919E-4 4.65702E-4 4.82971E-4 4.75356E-4 3.63727E-4 2.60351E-4 5.36562E-4 4.13925E-4 4.70512E-4 4.3301E-4
-9999 -9999 -9999 -9999 -9999 -9999 -9999 -9999 -9999 -9999 -9999 -9999 1.94881E-6 2.34873E-6 3.35498E-6 6.52003E-6 8.88483E-6 6.69774E-6 4.65041E-6 4.57407E-7 5.13271E-6 1.26333E-4 1.24882E-4 1.09579E-4 2.26139E-5 6.13827E-5 1.1115E-4 1.29303E-4 1.53153E-4 5.75719E-5 1.28707E-4 3.03662E-5 6.14781E-6 3.19063E-6 6.05344E-6 6.25143E-6 4.90611E-5 1.91202E-4 3.70056E-5 9.89738E-6 5.75712E-6 1.69242E-4 4.03204E-4 5.27404E-4 4.196E-4 4.60973E-4 3.90899E-4 3.33997E-4 2.77617E-4 6.4386E-4 3.04965E-4 2.94653E-4 3.49251E-4 3.69854E-4 4.11121E-4 3.84299E-4 3.0862E-4 7.36269E-4 4.15502E-4 3.60624E-4 5.37907E-4
-9999 -9999 -9999 -9999 -9999 -9999 -9999 -9999 -9999 -9999 -9999 -9999 6.73573E-6 4.43106E-6 2.68862E-6 4.32681E-6 5.60802E-6 5.01261E-6 1.48252E-6 1.7373E-6 2.91288E-5 9.80332E-5 2.42708E-5 7.34047E-5 5.96857E-5 4.88664E-5 3.98936E-5 8.15138E-5 1.17046E-4 1.17909E-4 1.11727E-4 5.73004E-5 1.00448E-5 1.2913E-5 2.40781E-6 8.64795E-6 1.33232E-4 3.64157E-4 6.63184E-5 5.62324E-6 7.52338E-6 1.498E-4 2.21762E-4 3.10635E-4 3.00544E-4 3.58955E-4 2.34809E-4 2.96315E-4 3.75288E-4 4.73012E-4 2.96364E-4 2.45357E-4 2.19551E-4 3.07797E-4 3.21886E-4 3.12354E-4 3.24956E-4 3.92671E-4 4.19567E-4 3.11416E-4 3.52798E-4
-9999 -9999 -9999 -9999 -9999 -9999 -9999 -9999 -9999 -9999 -9999 -9999 4.06986E-6 2.49778E-6 2.17073E-6 4.48488E-6 3.6505E-6 2.95193E-6 1.30313E-6 1.17597E-5 4.51517E-5 3.28645E-5 3.59133E-5 9.87735E-6 1.7313E-5 3.41519E-5 1.00556E-4 6.68155E-5 8.7005E-5 9.57149E-5 1.60224E-4 1.88912E-5 7.93073E-6 3.06833E-6 2.51019E-6 5.8054E-6 7.55256E-5 3.44166E-4 8.13213E-5 1.1753E-5 9.96098E-6 2.84737E-4 2.22655E-4 3.51631E-4 2.43414E-4 2.58389E-4 2.33222E-4 2.18027E-4 3.50308E-4 8.54275E-4 7.18878E-4 7.50451E-4 3.20673E-4 2.134E-4 3.12621E-4 5.02718E-4 5.95158E-4 7.43057E-4 3.69937E-4 3.45263E-4 5.16039E-4
-9999 -9999 -9999 -9999 -9999 -9999 -9999 -9999 -9999 -9999 -9999 -9999 1.16403E-5 1.97344E-6 7.44364E-6 5.2857E-6 2.35646E-5 8.29378E-7 5.29406E-6 8.17925E-6 1.91712E-5 2.4587E-5 2.48097E-5 3.67135E-5 1.41467E-5 2.19992E-5 4.69185E-5 6.24016E-5 1.14137E-4 2.15113E-4 1.59646E-4 4.40308E-5 1.01878E-5 4.13164E-6 2.24741E-6 2.44755E-6 2.46131E-5 1.56939E-4 1.78454E-5 3.81425E-5 1.72922E-5 1.90764E-4 2.37011E-4 3.16727E-4 3.11006E-4 3.31466E-4 4.04933E-4 1.9929E-4 2.69159E-4 5.84243E-4 6.10585E-4 6.36812E-4 6.27879E-4 3.09211E-4 8.93703E-4 6.10945E-4 1.1101E-3 4.82865E-4 2.58177E-4 3.21738E-4 3.03214E-4
-9999 -9999 -9999 -9999 -9999 -9999 -9999 -9999 -9999 -9999 -9999 4.01998E-6 2.9921E-6 1.0077E-5 3.11962E-6 4.37883E-7 1.39183E-5 2.67097E-6 1.1434E-5 1.05404E-4 4.92226E-5 2.62774E-5 4.13375E-5 2.97346E-5 5.23301E-6 2.12831E-5 4.68613E-5 1.64607E-4 1.68524E-4 2.42456E-4 3.05999E-4 2.38176E-4 9.68737E-6 1.38847E-5 3.51815E-6 4.92918E-6 1.72635E-5 4.67658E-4 1.91748E-4 9.63262E-5 2.65164E-4 8.52711E-5 6.65248E-4 5.09952E-4 4.13736E-4 6.96093E-4 3.44373E-4 1.29005E-4 2.36256E-4 3.57557E-4 2.93938E-4 2.07349E-4 5.04252E-4 8.58415E-4 3.53337E-4 2.86961E-4 2.48089E-4 2.91364E-4 3.12505E-4 3.81936E-4 2.7477E-4
-9999 -9999 -9999 -9999 -9999 -9999 -9999 -9999 -9999 -9999 -9999 2.38758E-6 5.58563E-6 1.29508E-5 7.24081E-6 9.67861E-6 1.0644E-5 4.18613E-6 3.73825E-5 7.16919E-5 6.34204E-5 1.35992E-5 1.11078E-5 1.1926E-5 3.27222E-5 5.43635E-5 6.69196E-5 1.02487E-5 7.47116E-6 5.22466E-4 3.67387E-4 5.19814E-4 1.19289E-4 8.57802E-6 6.4995E-6 4.13673E-6 1.02009E-5 6.78061E-4 2.76911E-5 4.42239E-4 2.96523E-4 1.62928E-4 9.78003E-4 4.42265E-4 4.8442E-4 7.9545E-5 4.77479E-5 3.0604E-4 2.27834E-4 6.17082E-4 3.37928E-4 1.79322E-4 3.86036E-4 5.07131E-4 1.85097E-4 2.15602E-4 1.92777E-4 2.11472E-4 2.79628E-4 3.08394E-4 3.26234E-4
-9999 -9999 -9999 -9999 -9999 -9999 -9999 -9999 -9999 -9999 1.0008E-6 8.55625E-7 5.58439E-6 9.0604E-6 5.3233E-5 3.63818E-6 1.7066E-6 6.5166E-6 2.72216E-5 2.12124E-5 2.68225E-5 3.71755E-5 4.25668E-5 3.05781E-5 4.73793E-5 1.28986E-4 5.69737E-5 1.0521E-5 3.19264E-5 9.48679E-5 1.05434E-4 7.46699E-4 2.33978E-4 4.25683E-6 1.02699E-5 6.8964E-6 5.34207E-5 7.02283E-4 6.42147E-5 2.23217E-4 9.47117E-4 2.51205E-4 6.54289E-4 8.15804E-4 3.54396E-4 5.77131E-4 1.5202E-4 3.77245E-4 3.87517E-4 1.65505E-4 3.84507E-4 1.46533E-4 1.46891E-4 1.71024E-4 1.8611E-4 1.91215E-4 1.95524E-4 2.60555E-4 2.16388E-4 2.08846E-4 2.43875E-4
-9999 -9999 -9999 -9999 -9999 -9999 -9999 -9999 -9999 -9999 5.34699E-7 3.3584E-7 9.61488E-6 1.42537E-5 1.27778E-5 2.02179E-6 1.841E-6 1.05289E-5 1.01712E-5 1.41913E-5 1.33228E-5 3.4693E-5 4.06599E-5 5.58615E-5 5.89082E-5 5.90158E-5 9.23771E-5 9.175E-5 1.67226E-4 1.94868E-4 5.78567E-5 7.6435E-5 1.54039E-5 1.26664E-5 8.15488E-6 6.16335E-6 7.29209E-5 2.22767E-4 8.19475E-5 3.58281E-4 1.20557E-3 6.2687E-5 1.97159E-4 6.28662E-4 4.51389E-4 2.51004E-4 2.91332E-4 1.54072E-4 1.35222E-4 1.94954E-4 1.28116E-4 1.83455E-4 1.55497E-4 1.6416E-4 2.3259E-4 3.24007E-4 2.32968E-4 2.33865E-4 2.62904E-4 2.80524E-4 2.8678E-4
-9999 -9999 -9999 -9999 -9999 -9999 -9999 -9999 -9999 -9999 3.53768E-7 2.73279E-7 9.79597E-6 1.04134E-5 2.45694E-6 2.3657E-6 3.15007E-6 8.58187E-6 1.96772E-5 1.5455E-5 9.45273E-6 1.40894E-5 1.64556E-5 2.10493E-5 5.09637E-5 3.49868E-5 1.68999E-4 2.68047E-5 1.40945E-4 1.61135E-4 2.40102E-5 1.40998E-5 1.07241E-5 1.7806E-5 1.57884E-5 1.78745E-5 7.55042E-5 9.68879E-5 1.97653E-4 1.6865E-4 6.71559E-4 3.6323E-4 6.33406E-4 4.83686E-4 5.91903E-4 4.97135E-4 1.08214E-4 1.59655E-4 1.60848E-4 1.70338E-4 2.90906E-4 3.99919E-4 3.54178E-4 1.8579E-4 2.29998E-4 1.59843E-4 1.54403E-4 1.84976E-4 3.69799E-4 2.62896E-4 1.90604E-4
-9999 -9999 -9999 -9999 -9999 -9999 -9999 -9999 -9999 4.02379E-7 2.67425E-7 3.69618E-7 7.1953E-6 2.85653E-6 6.0632E-7 1.10882E-6 7.56679E-6 1.84011E-5 2.93265E-5 1.01774E-5 1.38942E-5 1.78765E-5 2.12114E-5 2.68591E-5 1.92274E-5 1.46782E-5 2.93302E-4 4.28957E-5 2.6151E-5 1.65752E-5 1.73048E-5 3.80672E-5 4.81739E-5 4.63856E-5 4.59335E-5 5.26929E-5 6.7862E-5 8.98554E-5 5.37431E-4 1.05983E-4 8.96847E-4 6.09226E-4 9.89959E-4 2.71578E-4 5.75973E-4 3.2892E-4 3.7207E-4 2.85343E-4 2.36126E-4 1.46171E-4 1.49363E-4 1.98125E-4 1.92778E-4 3.38023E-4 4.74587E-4 4.24908E-4 2.95538E-4 2.78967E-4 2.02701E-4 2.71574E-4 2.65691E-4
-9999 -9999 -9999 -9999 -9999 -9999 -9999 -9999 -9999 4.51632E-7 2.28201E-7 3.95712E-7 1.8145E-6 6.67247E-7 4.81479E-7 1.34035E-6 9.14081E-6 9.82454E-6 2.07206E-5 1.88961E-5 4.06709E-5 2.08109E-5 1.91624E-5 2.73613E-5 2.44037E-5 4.12591E-5 1.7687E-4 1.40464E-4 1.09651E-4 6.42136E-5 6.94037E-5 8.85345E-5 2.81701E-5 4.60073E-5 2.09705E-4 2.69223E-4 1.31213E-4 4.82392E-4 4.00084E-4 5.52527E-4 1.04099E-3 1.28697E-3 3.18686E-4 4.15678E-4 8.90141E-4 8.14423E-4 6.21758E-4 2.60459E-4 4.31821E-4 4.13294E-4 3.79872E-4 3.81903E-4 2.1424E-4 3.60475E-4 3.80807E-4 5.64727E-4 3.70131E-4 2.71238E-4 3.02473E-4 1.76316E-4 1.46248E-4
-9999 -9999 -9999 -9999 -9999 -9999 -9999 -9999 3.44399E-7 2.99641E-7 5.27113E-7 4.80431E-6 4.83755E-7 5.91023E-7 1.13557E-6 8.99734E-6 1.12876E-5 1.84176E-5 2.04269E-5 2.45926E-5 3.68492E-5 4.28334E-5 3.14124E-5 4.16425E-5 2.9733E-5 1.35091E-4 1.00259E-4 1.76338E-4 9.71345E-5 1.62813E-4 1.21264E-4 8.97849E-5 2.47474E-5 7.67897E-5 1.7307E-4 1.02785E-4 1.60689E-4 7.41148E-4 5.23177E-4 1.73434E-3 1.28822E-3 8.80351E-4 4.01661E-4 1.91232E-4 7.00294E-5 3.02341E-4 3.11581E-5 1.5932E-4 2.50871E-4 4.82268E-4 2.88953E-4 2.70976E-4 1.43741E-4 1.9946E-4 1.90302E-4 6.4194E-4 5.93992E-4 6.14181E-4 2.9912E-4 1.69819E-4 1.87236E-4
-9999 -9999 -9999 -9999 -9999 -9999 -9999 9.32597E-7 6.17579E-7 2.63425E-7 1.75498E-6 4.86037E-6 3.77897E-7 6.0232E-7 2.43452E-6 1.85411E-5 2.10615E-5 2.65036E-5 3.10589E-5 3.62104E-5 4.29811E-5 4.08442E-5 4.04768E-5 5.1731E-5 3.9505E-5 7.25753E-5 6.56068E-5 2.00462E-4 2.22467E-4 2.48542E-4 1.0405E-4 6.87178E-5 3.7467E-5 4.54968E-5 9.74184E-5 1.95816E-4 1.26164E-3 9.26491E-4 1.14338E-3 1.64487E-3 1.00624E-3 6.72114E-4 2.25438E-4 1.21376E-4 6.95519E-5 2.74257E-4 1.74251E-4 3.98111E-5 2.34456E-4 7.50595E-4 4.63551E-4 4.90083E-4 9.58477E-4 2.54736E-4 5.72504E-4 5.81299E-4 7.61828E-4 6.75027E-4 5.53034E-4 2.2235E-4 1.93211E-4
-9999 -9999 -9999 -9999 -9999 -9999 -9999 1.76369E-7 1.0276E-7 6.94033E-8 5.11929E-7 6.14992E-7 3.32531E-7 1.58359E-6 1.35823E-5 2.01817E-5 2.36372E-5 6.63474E-5 3.48963E-5 3.06361E-5 3.94881E-5 6.68137E-5 9.70415E-5 7.79042E-5 7.1993E-5 4.8701E-5 7.95028E-5 1.73118E-4 5.62597E-5 2.58132E-4 8.26299E-5 3.34402E-5 4.83325E-5 1.46276E-4 1.45171E-4 7.33365E-4 7.67418E-4 1.1303E-3 1.47713E-3 1.95206E-3 1.48717E-3 5.23251E-4 3.51069E-4 1.96874E-4 1.36471E-4 9.41143E-5 1.81946E-4 1.47838E-4 4.32935E-4 1.93185E-4 2.47021E-4 3.1249E-4 3.79761E-4 6.3916E-4 3.23028E-4 7.25914E-4 4.22384E-4 6.39353E-4 5.85802E-4 2.40411E-4 2.04713E-4
-9999 -9999 -9999 -9999 -9999 -9999 -9999 4.45179E-7 1.94326E-7 1.07088E-7 6.7672E-7 1.01437E-6 1.26047E-6 1.68837E-6 2.30523E-5 2.12279E-5 3.0084E-5 6.53248E-5 3.36105E-5 2.93826E-5 3.91569E-5 4.40697E-5 1.55523E-4 8.49307E-5 4.8268E-5 3.76242E-5 3.67278E-5 1.63991E-4 3.29377E-5 9.09491E-5 1.79199E-4 4.52915E-5 2.58491E-4 2.83385E-4 2.90685E-4 6.28635E-4 1.28023E-3 1.06401E-3 1.35181E-3 9.43709E-4 5.62397E-4 3.61975E-4 2.22968E-4 7.49994E-5 4.83383E-5 8.80873E-5 1.20317E-4 5.38377E-5 3.18349E-4 6.81071E-4 4.92569E-4 4.67466E-4 6.19954E-4 2.15517E-4 5.5682E-4 5.09845E-4 2.69099E-4 5.75106E-4 3.75326E-4 2.02681E-4 2.94718E-4
