Candidate_Models_Sept202022/M_0.2_F_lqp_Set_1_all/Bison.asc
ncols         97
nrows         127
xllcorner     -2197417.7431653
yllcorner     -584827.01486885
cellsize      30000.0
NODATA_value  -9999
[rows 0 to 26 of 127, columns 0 to 60 of 97]
-9999 -9999 -9999 -9999 -9999 -9999 -9999 -9999 -9999 -9999 -9999 -9999 -9999 -9999 -9999 -9999 -9999 -9999 -9999 -9999 -9999 -9999 -9999 -9999 -9999 -9999 -9999 -9999 -9999 -9999 -9999 -9999 -9999 -9999 -9999 -9999 -9999 -9999 -9999 -9999 -9999 -9999 -9999 -9999 -9999 -9999 -9999 -9999 -9999 -9999 -9999 -9999 -9999 -9999 -9999 -9999 -9999 -9999 -9999 -9999 -9999
-9999 -9999 -9999 -9999 -9999 -9999 -9999 -9999 -9999 -9999 -9999 -9999 -9999 -9999 -9999 -9999 -9999 -9999 -9999 -9999 -9999 -9999 -9999 -9999 -9999 -9999 -9999 -9999 -9999 -9999 -9999 -9999 -9999 -9999 -9999 -9999 -9999 -9999 -9999 -9999 -9999 -9999 -9999 -9999 -9999 -9999 -9999 -9999 -9999 -9999 -9999 -9999 -9999 -9999 -9999 -9999 -9999 -9999 -9999 -9999 -9999
-9999 -9999 -9999 -9999 -9999 -9999 -9999 -9999 -9999 -9999 -9999 -9999 -9999 -9999 -9999 -9999 -9999 -9999 -9999 -9999 -9999 -9999 -9999 -9999 -9999 -9999 -9999 -9999 -9999 -9999 -9999 -9999 -9999 -9999 -9999 -9999 -9999 -9999 -9999 -9999 -9999 -9999 -9999 -9999 -9999 -9999 -9999 -9999 -9999 -9999 -9999 -9999 -9999 -9999 -9999 -9999 -9999 -9999 -9999 -9999 -9999
-9999 -9999 -9999 -9999 -9999 -9999 -9999 -9999 -9999 -9999 -9999 -9999 -9999 -9999 -9999 -9999 -9999 -9999 -9999 1.15393E-5 1.68103E-5 7.98488E-6 1.02849E-5 -9999 -9999 -9999 -9999 -9999 -9999 -9999 -9999 -9999 -9999 -9999 -9999 -9999 -9999 -9999 -9999 -9999 -9999 -9999 -9999 -9999 -9999 -9999 -9999 -9999 -9999 -9999 -9999 -9999 -9999 -9999 -9999 -9999 -9999 -9999 -9999 -9999 -9999
-9999 -9999 -9999 -9999 -9999 -9999 -9999 -9999 -9999 -9999 -9999 -9999 -9999 -9999 -9999 -9999 -9999 -9999 1.3051E-5 1.22721E-5 1.4235E-5 1.29929E-5 1.14065E-5 7.70729E-6 4.16969E-6 -9999 -9999 -9999 -9999 -9999 -9999 -9999 -9999 -9999 -9999 -9999 -9999 -9999 -9999 -9999 -9999 -9999 -9999 -9999 -9999 -9999 -9999 -9999 -9999 -9999 -9999 -9999 -9999 -9999 -9999 -9999 -9999 -9999 -9999 -9999 -9999
-9999 -9999 -9999 -9999 -9999 -9999 -9999 -9999 -9999 -9999 -9999 -9999 -9999 -9999 -9999 -9999 -9999 -9999 9.89567E-6 9.30326E-6 9.50859E-6 1.1128E-5 9.67604E-6 4.67149E-6 3.87531E-6 -9999 -9999 -9999 -9999 -9999 -9999 -9999 -9999 -9999 -9999 -9999 -9999 -9999 -9999 -9999 -9999 -9999 -9999 -9999 -9999 -9999 -9999 -9999 -9999 -9999 -9999 -9999 -9999 -9999 -9999 -9999 -9999 -9999 -9999 -9999 -9999
-9999 -9999 -9999 -9999 -9999 -9999 -9999 -9999 -9999 -9999 -9999 -9999 -9999 -9999 -9999 -9999 -9999 7.88726E-6 9.06348E-6 3.41461E-6 3.69594E-6 5.52375E-6 7.34181E-6 4.89322E-6 3.11248E-6 2.90785E-6 -9999 4.2761E-6 4.2337E-6 4.82657E-6 -9999 -9999 -9999 -9999 -9999 -9999 -9999 -9999 2.84691E-6 -9999 -9999 -9999 -9999 -9999 -9999 -9999 -9999 -9999 -9999 -9999 -9999 -9999 -9999 -9999 -9999 -9999 -9999 -9999 -9999 -9999 -9999
-9999 -9999 -9999 -9999 -9999 -9999 -9999 -9999 -9999 -9999 -9999 -9999 -9999 -9999 -9999 -9999 1.17066E-5 1.01847E-5 3.15428E-6 2.09848E-6 2.02109E-6 2.43889E-6 3.46589E-6 4.87356E-6 3.8192E-6 3.10758E-6 4.43248E-6 4.03465E-6 4.0072E-6 4.17251E-6 4.33764E-6 4.09669E-6 3.71503E-6 3.44331E-6 3.41589E-6 3.52314E-6 3.51918E-6 -9999 2.57365E-6 2.3433E-6 -9999 -9999 -9999 -9999 -9999 -9999 -9999 -9999 -9999 -9999 -9999 -9999 -9999 -9999 -9999 -9999 -9999 -9999 -9999 -9999 -9999
-9999 -9999 -9999 -9999 -9999 -9999 -9999 -9999 -9999 -9999 -9999 -9999 -9999 -9999 -9999 1.236E-5 1.43838E-5 7.43271E-6 2.41389E-6 1.78723E-6 1.37024E-6 1.56108E-6 2.53909E-6 4.97941E-6 5.31346E-6 3.94176E-6 7.42456E-6 7.83021E-6 4.22988E-6 3.57132E-6 3.76365E-6 3.78558E-6 3.81456E-6 3.70176E-6 3.77405E-6 4.72834E-6 4.03726E-6 3.77052E-6 2.73027E-6 2.5626E-6 -9999 -9999 -9999 -9999 -9999 -9999 -9999 -9999 -9999 -9999 -9999 -9999 -9999 -9999 -9999 -9999 -9999 -9999 -9999 -9999 -9999
-9999 -9999 -9999 -9999 -9999 -9999 -9999 -9999 -9999 -9999 -9999 -9999 -9999 -9999 -9999 1.44124E-5 1.30634E-5 6.20418E-6 2.11721E-6 2.22695E-6 2.6344E-6 3.1292E-6 3.10025E-6 4.22008E-6 5.92062E-6 4.54937E-6 7.23507E-6 6.98725E-6 3.93353E-6 3.89804E-6 5.41779E-6 4.69894E-6 4.45655E-6 5.53736E-6 4.4951E-6 5.53262E-6 5.7808E-6 4.67135E-6 3.48575E-6 -9999 -9999 -9999 1.7483E-6 -9999 -9999 -9999 -9999 -9999 -9999 -9999 -9999 -9999 -9999 -9999 -9999 -9999 -9999 -9999 -9999 -9999 -9999
-9999 -9999 -9999 -9999 -9999 -9999 -9999 -9999 -9999 -9999 -9999 -9999 -9999 -9999 9.62784E-6 1.29091E-5 1.25376E-5 6.49896E-6 4.86222E-6 3.01877E-6 3.60695E-6 3.70353E-6 5.6213E-6 6.57739E-6 5.0261E-6 7.68933E-6 8.32133E-6 6.15703E-6 6.10109E-6 4.27809E-6 6.88533E-6 5.05851E-6 4.24915E-6 6.43229E-6 8.45078E-6 7.24461E-6 7.26494E-6 4.8076E-6 3.43982E-6 -9999 -9999 1.79441E-6 -9999 -9999 -9999 -9999 -9999 -9999 -9999 -9999 -9999 -9999 -9999 -9999 -9999 -9999 -9999 -9999 -9999 -9999 -9999
-9999 -9999 -9999 -9999 -9999 -9999 -9999 -9999 -9999 -9999 -9999 -9999 -9999 7.74512E-6 1.36559E-5 1.3305E-5 1.19151E-5 5.95249E-6 5.01484E-6 4.55455E-6 4.26934E-6 5.82699E-6 7.62029E-6 8.32013E-6 7.37344E-6 7.63924E-6 7.74508E-6 7.08466E-6 3.92565E-6 3.42199E-6 3.69787E-6 5.14303E-6 5.12908E-6 7.32135E-6 8.31206E-6 8.07079E-6 8.0834E-6 4.16118E-6 3.39848E-6 2.30218E-6 1.76362E-6 1.78407E-6 -9999 2.52886E-6 2.56995E-6 -9999 -9999 -9999 -9999 -9999 -9999 -9999 -9999 -9999 -9999 -9999 -9999 -9999 -9999 -9999 -9999
-9999 -9999 -9999 -9999 -9999 -9999 -9999 -9999 -9999 -9999 -9999 -9999 -9999 1.44714E-5 1.21498E-5 9.12744E-6 8.65977E-6 5.20489E-6 8.68032E-6 1.97847E-6 3.325E-6 3.37497E-6 4.9986E-6 4.80101E-6 4.38156E-6 6.36196E-6 6.63485E-6 4.29071E-6 3.9641E-6 3.50952E-6 5.18243E-6 5.52979E-6 7.03484E-6 6.64046E-6 7.40235E-6 8.93387E-6 4.23415E-6 4.06578E-6 2.82797E-6 1.85777E-6 1.6986E-6 2.58557E-6 2.8378E-6 2.64473E-6 2.46561E-6 3.11384E-6 -9999 -9999 -9999 -9999 -9999 -9999 -9999 -9999 -9999 -9999 -9999 -9999 -9999 -9999 -9999
-9999 -9999 -9999 -9999 -9999 -9999 -9999 -9999 -9999 -9999 -9999 -9999 2.20883E-5 2.07414E-5 1.18704E-5 9.13667E-6 8.15301E-6 5.39757E-6 5.82898E-6 4.18206E-6 3.64307E-6 3.98277E-6 4.17761E-6 4.93915E-6 4.77793E-6 3.4063E-6 5.17812E-6 2.82734E-6 7.43291E-6 8.81889E-6 6.82388E-6 4.6073E-6 4.06413E-6 5.2249E-6 5.27054E-6 5.49829E-6 3.2894E-6 3.38795E-6 2.86014E-6 1.84602E-6 1.52418E-6 1.65914E-6 2.68555E-6 2.71781E-6 2.78495E-6 2.86131E-6 3.13079E-6 -9999 -9999 -9999 1.17623E-6 8.7536E-7 -9999 -9999 -9999 -9999 -9999 -9999 -9999 -9999 -9999
-9999 -9999 -9999 -9999 -9999 -9999 -9999 -9999 -9999 -9999 -9999 1.31657E-5 1.00937E-5 1.62674E-5 8.86336E-6 7.9725E-6 4.41299E-6 3.80977E-6 4.49698E-6 4.53565E-6 4.00113E-6 6.48694E-6 6.61063E-6 6.1819E-6 2.81556E-6 2.35831E-6 6.79156E-6 6.94948E-6 5.26419E-6 4.64594E-6 4.76967E-6 5.17464E-6 3.55216E-6 3.34179E-6 6.30033E-6 7.15824E-6 6.01284E-6 4.59024E-6 3.52903E-6 2.13389E-6 1.83802E-6 1.78459E-6 2.05512E-6 2.13192E-6 2.01184E-6 2.2757E-6 2.57918E-6 2.61049E-6 -9999 -9999 -9999 1.08616E-6 8.65612E-7 -9999 -9999 -9999 -9999 -9999 -9999 -9999 -9999
-9999 -9999 -9999 -9999 -9999 -9999 -9999 -9999 -9999 -9999 -9999 1.26933E-5 7.84429E-6 7.00553E-6 4.09955E-6 2.20841E-6 2.21394E-6 3.12857E-6 1.98227E-6 3.37732E-6 5.46347E-6 5.75868E-6 6.39611E-6 6.90528E-6 2.14571E-6 2.73395E-6 5.90834E-6 1.0089E-5 1.16085E-5 9.13265E-6 4.61465E-6 3.84955E-6 2.98108E-6 3.09673E-6 6.07617E-6 6.27381E-6 4.8328E-6 3.99658E-6 2.925E-6 2.08341E-6 2.32553E-6 2.12231E-6 2.03604E-6 2.63336E-6 1.72922E-6 1.94304E-6 1.81899E-6 1.85903E-6 2.23785E-6 -9999 -9999 1.23989E-6 1.1363E-6 1.08194E-6 1.08516E-6 -9999 -9999 -9999 -9999 -9999 -9999
-9999 -9999 -9999 -9999 -9999 -9999 -9999 -9999 -9999 -9999 1.32058E-5 1.29546E-5 1.44243E-5 4.20969E-6 1.45196E-6 1.49184E-6 2.12155E-6 1.98598E-6 2.36062E-6 3.69161E-6 1.00673E-5 6.1572E-6 3.48102E-6 7.54681E-6 3.13995E-6 3.73547E-6 3.41415E-6 4.05941E-6 8.96418E-6 4.57604E-6 5.62067E-6 3.69117E-6 6.08581E-6 4.61092E-6 7.57021E-6 8.22903E-6 7.40826E-6 6.06287E-6 5.91034E-6 2.91679E-6 2.4386E-6 2.25352E-6 2.34179E-6 2.40196E-6 1.95268E-6 1.6714E-6 1.47654E-6 1.71859E-6 2.0087E-6 1.82777E-6 1.69094E-6 2.1598E-6 -9999 -9999 1.18942E-6 1.14414E-6 -9999 -9999 -9999 -9999 -9999
-9999 -9999 -9999 -9999 -9999 -9999 -9999 -9999 -9999 2.42882E-5 1.33437E-5 1.26001E-5 8.04209E-6 4.02137E-6 1.70892E-6 2.27281E-6 2.06801E-6 2.87082E-6 2.61552E-6 4.14736E-6 7.55461E-6 8.28619E-6 5.84082E-6 5.12494E-6 2.76217E-6 3.65208E-6 4.04215E-6 3.30629E-6 4.34793E-6 5.69529E-6 9.25474E-6 5.36851E-6 4.92461E-6 7.94983E-6 7.96325E-6 7.37942E-6 7.4736E-6 1.09071E-5 1.09189E-5 7.73025E-6 2.69447E-6 2.37794E-6 2.20141E-6 2.47557E-6 2.03559E-6 1.50902E-6 1.50577E-6 1.80035E-6 1.87453E-6 1.54945E-6 1.65607E-6 1.88427E-6 1.74299E-6 -9999 1.16979E-6 1.12674E-6 1.05869E-6 9.75544E-7 -9999 -9999 -9999
-9999 -9999 -9999 -9999 -9999 -9999 -9999 -9999 1.40723E-5 1.66395E-5 2.16225E-5 1.18782E-5 6.35327E-6 7.79585E-6 6.26215E-6 5.3968E-6 4.10315E-6 5.2829E-6 3.28592E-6 3.81864E-6 5.52469E-6 6.63961E-6 9.64067E-6 6.72131E-6 3.40276E-6 3.81182E-6 3.16857E-6 3.0416E-6 3.2936E-6 3.0543E-6 6.90203E-6 6.87059E-6 7.71042E-6 9.97366E-6 9.34454E-6 7.14004E-6 8.04862E-6 1.20999E-5 1.26344E-5 1.75853E-5 5.16379E-6 3.13712E-6 2.36502E-6 2.41068E-6 1.99869E-6 1.5404E-6 1.80793E-6 2.20277E-6 1.92522E-6 1.58082E-6 1.65649E-6 1.83081E-6 1.96176E-6 1.98226E-6 1.27256E-6 1.1327E-6 9.49065E-7 9.35382E-7 9.85403E-7 9.35869E-7 9.88838E-7
-9999 -9999 -9999 -9999 -9999 -9999 -9999 -9999 6.84621E-6 5.31949E-6 9.9519E-6 1.07588E-5 8.72046E-6 9.32093E-6 1.10826E-5 1.40845E-5 7.33589E-6 7.06698E-6 6.16395E-6 5.34752E-6 5.04815E-6 4.9432E-6 4.54951E-6 6.70878E-6 4.04755E-6 5.71305E-6 4.04357E-6 3.32287E-6 5.49541E-6 5.54269E-6 8.00215E-6 8.67919E-6 9.68224E-6 1.22444E-5 1.02398E-5 9.28332E-6 1.01589E-5 1.13925E-5 1.21877E-5 1.38599E-5 7.45118E-6 3.12426E-6 2.74136E-6 2.52337E-6 2.29561E-6 2.19653E-6 2.5022E-6 2.81313E-6 2.641E-6 1.85363E-6 1.70854E-6 2.13555E-6 2.34285E-6 2.14245E-6 -9999 1.38153E-6 1.18951E-6 1.33095E-6 1.11923E-6 1.07797E-6 1.0329E-6
-9999 -9999 -9999 -9999 -9999 -9999 -9999 1.23461E-5 1.31606E-5 1.12495E-5 1.74098E-5 1.18328E-5 1.21865E-5 9.09672E-6 1.15069E-5 1.29186E-5 1.04261E-5 1.42569E-5 1.1342E-5 9.25509E-6 8.6223E-6 8.54991E-6 5.7743E-6 6.4425E-6 3.30044E-6 6.22558E-6 8.67548E-6 5.55808E-6 8.60555E-6 9.09479E-6 9.85495E-6 1.06446E-5 1.21175E-5 1.50883E-5 1.61385E-5 1.86655E-5 7.39245E-6 1.19957E-5 8.86315E-6 1.56463E-5 5.95101E-6 3.56912E-6 3.16822E-6 2.98384E-6 3.03414E-6 2.73931E-6 2.60327E-6 2.63961E-6 2.75009E-6 2.93556E-6 2.52914E-6 2.54297E-6 -9999 -9999 -9999 -9999 -9999 -9999 -9999 -9999 -9999
-9999 -9999 -9999 -9999 -9999 -9999 1.6863E-5 2.3607E-5 1.92998E-5 1.34815E-5 2.31389E-5 2.00097E-5 1.34084E-5 1.77666E-5 1.3529E-5 8.74402E-6 1.11442E-5 1.7193E-5 1.59623E-5 1.47326E-5 1.32491E-5 7.5866E-6 5.21833E-6 1.12625E-5 6.06129E-6 3.78685E-6 7.79969E-6 9.35185E-6 7.01982E-6 5.55463E-6 8.2559E-6 8.98981E-6 1.25835E-5 2.19746E-5 1.94876E-5 8.7694E-6 1.69768E-5 1.06071E-5 1.80574E-5 1.72059E-5 4.68548E-6 7.92341E-6 5.06897E-6 4.34873E-6 3.68599E-6 3.20331E-6 3.01127E-6 2.99701E-6 2.83226E-6 2.81252E-6 3.13429E-6 3.25261E-6 2.71591E-6 2.78928E-6 -9999 -9999 -9999 -9999 -9999 -9999 -9999
-9999 -9999 -9999 -9999 -9999 -9999 1.9798E-5 1.7466E-5 1.22618E-5 1.3986E-5 1.38846E-5 1.41871E-5 1.54829E-5 9.39814E-6 8.46362E-6 1.15185E-5 1.32489E-5 1.70606E-5 1.41283E-5 1.61642E-5 8.62632E-6 1.29485E-5 7.30394E-6 6.27786E-6 9.21633E-6 9.70919E-6 5.24122E-6 5.72669E-6 8.89068E-6 5.01921E-6 1.08944E-5 1.22741E-5 1.55889E-5 9.50977E-6 9.77995E-6 1.31143E-5 1.6619E-5 1.76271E-5 1.09567E-5 1.16229E-5 7.69454E-6 9.27953E-6 5.66322E-6 5.69237E-6 6.36973E-6 5.95192E-6 5.56296E-6 3.97059E-6 3.69429E-6 2.75101E-6 2.79958E-6 1.83012E-6 1.63891E-6 1.58941E-6 1.50709E-6 1.90436E-6 1.78347E-6 1.55023E-6 1.65347E-6 1.79595E-6 1.51767E-6
-9999 -9999 -9999 -9999 -9999 1.32575E-5 1.34567E-5 1.15959E-5 1.02513E-5 2.60971E-5 2.78689E-5 2.14339E-5 1.17646E-5 1.16711E-5 8.08326E-6 9.61279E-6 1.21715E-5 1.71999E-5 1.16652E-5 1.42873E-5 1.56076E-5 1.53233E-5 1.15091E-5 8.6256E-6 9.94465E-6 9.91203E-6 5.84665E-6 5.24403E-6 7.55855E-6 7.28781E-6 4.73043E-6 1.32287E-5 1.82817E-5 1.89672E-5 1.24618E-5 1.18927E-5 1.75991E-5 -9999 -9999 9.71259E-6 -9999 -9999 -9999 1.38923E-5 9.23417E-6 5.99678E-6 4.43697E-6 3.22951E-6 2.76331E-6 3.16927E-6 2.96274E-6 1.62856E-6 1.39305E-6 1.26644E-6 1.39381E-6 1.77786E-6 9.93254E-7 1.11747E-6 9.92258E-7 1.27957E-6 1.51917E-6
-9999 -9999 -9999 -9999 7.5555E-6 7.45942E-6 7.21706E-6 8.49476E-6 1.3477E-5 1.8357E-5 2.45578E-5 1.92847E-5 1.44959E-5 9.03682E-6 1.24081E-5 1.58846E-5 1.59373E-5 1.39784E-5 1.2679E-5 1.62251E-5 2.13741E-5 1.36963E-5 1.11593E-5 1.08134E-5 8.92893E-6 9.88978E-6 5.88074E-6 6.23001E-6 6.10307E-6 4.59057E-6 9.63842E-6 1.4852E-5 2.12605E-5 1.95344E-5 5.45546E-6 1.5675E-5 1.65783E-5 2.01796E-5 3.49983E-5 1.80559E-5 3.47765E-5 -9999 1.00034E-5 1.50095E-5 7.60514E-6 5.3767E-6 5.82552E-6 7.16307E-6 4.43223E-6 4.80155E-6 3.21593E-6 1.48432E-6 1.5419E-6 1.36282E-6 1.25241E-6 8.87953E-7 7.51668E-7 8.94383E-7 7.55752E-7 9.38344E-7 1.56738E-6
-9999 -9999 -9999 1.27383E-5 1.71477E-5 1.78819E-5 1.21332E-5 1.09142E-5 1.46257E-5 3.45046E-5 2.52111E-5 2.65797E-5 2.41213E-5 1.06598E-5 1.53767E-5 1.01717E-5 1.32951E-5 1.36643E-5 2.16942E-5 2.19923E-5 1.13181E-5 4.38008E-6 1.02559E-5 8.25352E-6 4.67304E-6 5.40306E-6 6.00122E-6 7.91681E-6 7.50052E-6 4.30406E-6 7.73974E-6 1.75185E-5 1.72842E-5 1.35302E-5 1.08851E-5 1.93368E-5 2.16901E-5 1.76801E-5 1.78004E-5 1.33114E-5 2.64101E-5 1.67012E-5 -9999 -9999 6.09409E-6 7.3406E-6 2.10109E-5 1.65537E-5 7.02797E-6 3.89284E-6 5.29468E-6 2.56954E-6 1.55113E-6 1.49592E-6 1.14207E-6 8.05021E-7 7.97884E-7 8.13778E-7 8.10251E-7 7.98088E-7 1.42364E-6
-9999 -9999 -9999 5.05677E-7 9.82537E-6 1.99556E-5 1.79064E-5 2.12713E-5 3.84189E-5 2.86351E-5 1.70761E-5 2.46758E-5 1.85951E-5 1.55931E-5 1.85229E-5 9.08867E-6 1.2021E-5 1.55007E-5 1.7362E-5 7.70811E-6 5.38297E-6 3.2834E-6 2.85864E-6 4.48014E-6 2.88433E-6 6.13234E-6 8.71406E-6 8.89042E-6 5.06785E-6 4.34273E-6 6.80223E-6 1.19525E-5 1.14978E-5 1.20939E-5 1.05631E-5 1.58033E-5 2.15317E-5 2.64071E-5 1.34124E-5 7.52271E-6 -9999 -9999 -9999 -9999 -9999 4.13501E-5 3.35692E-5 1.48598E-5 6.06146E-6 4.29057E-6 3.87157E-6 6.71517E-6 1.81066E-6 1.67062E-6 1.05168E-6 7.59446E-7 8.16046E-7 8.17731E-7 9.54703E-7 1.36278E-6 2.22201E-6
