Candidate_Models_Sept202022/M_8_F_lqp_Set_1_all/Bison.asc
ncols         97
nrows         127
xllcorner     -2197417.7431653
yllcorner     -584827.01486885
cellsize      30000.0
NODATA_value  -9999
[rows 0 to 26 of 127, columns 0 to 60 of 97]
-9999 -9999 -9999 -9999 -9999 -9999 -9999 -9999 -9999 -9999 -9999 -9999 -9999 -9999 -9999 -9999 -9999 -9999 -9999 -9999 -9999 -9999 -9999 -9999 -9999 -9999 -9999 -9999 -9999 -9999 -9999 -9999 -9999 -9999 -9999 -9999 -9999 -9999 -9999 -9999 -9999 -9999 -9999 -9999 -9999 -9999 -9999 -9999 -9999 -9999 -9999 -9999 -9999 -9999 -9999 -9999 -9999 -9999 -9999 -9999 -9999
-9999 -9999 -9999 -9999 -9999 -9999 -9999 -9999 -9999 -9999 -9999 -9999 -9999 -9999 -9999 -9999 -9999 -9999 -9999 -9999 -9999 -9999 -9999 -9999 -9999 -9999 -9999 -9999 -9999 -9999 -9999 -9999 -9999 -9999 -9999 -9999 -9999 -9999 -9999 -9999 -9999 -9999 -9999 -9999 -9999 -9999 -9999 -9999 -9999 -9999 -9999 -9999 -9999 -9999 -9999 -9999 -9999 -9999 -9999 -9999 -9999
-9999 -9999 -9999 -9999 -9999 -9999 -9999 -9999 -9999 -9999 -9999 -9999 -9999 -9999 -9999 -9999 -9999 -9999 -9999 -9999 -9999 -9999 -9999 -9999 -9999 -9999 -9999 -9999 -9999 -9999 -9999 -9999 -9999 -9999 -9999 -9999 -9999 -9999 -9999 -9999 -9999 -9999 -9999 -9999 -9999 -9999 -9999 -9999 -9999 -9999 -9999 -9999 -9999 -9999 -9999 -9999 -9999 -9999 -9999 -9999 -9999
-9999 -9999 -9999 -9999 -9999 -9999 -9999 -9999 -9999 -9999 -9999 -9999 -9999 -9999 -9999 -9999 -9999 -9999 -9999 2.13058E-5 2.12192E-5 1.602E-5 1.63334E-5 -9999 -9999 -9999 -9999 -9999 -9999 -9999 -9999 -9999 -9999 -9999 -9999 -9999 -9999 -9999 -9999 -9999 -9999 -9999 -9999 -9999 -9999 -9999 -9999 -9999 -9999 -9999 -9999 -9999 -9999 -9999 -9999 -9999 -9999 -9999 -9999 -9999 -9999
-9999 -9999 -9999 -9999 -9999 -9999 -9999 -9999 -9999 -9999 -9999 -9999 -9999 -9999 -9999 -9999 -9999 -9999 2.04373E-5 1.82468E-5 1.75369E-5 1.88337E-5 1.75285E-5 1.37131E-5 1.2043E-5 -9999 -9999 -9999 -9999 -9999 -9999 -9999 -9999 -9999 -9999 -9999 -9999 -9999 -9999 -9999 -9999 -9999 -9999 -9999 -9999 -9999 -9999 -9999 -9999 -9999 -9999 -9999 -9999 -9999 -9999 -9999 -9999 -9999 -9999 -9999 -9999
-9999 -9999 -9999 -9999 -9999 -9999 -9999 -9999 -9999 -9999 -9999 -9999 -9999 -9999 -9999 -9999 -9999 -9999 1.41967E-5 1.43619E-5 1.6308E-5 1.71797E-5 1.52396E-5 1.23864E-5 1.21158E-5 -9999 -9999 -9999 -9999 -9999 -9999 -9999 -9999 -9999 -9999 -9999 -9999 -9999 -9999 -9999 -9999 -9999 -9999 -9999 -9999 -9999 -9999 -9999 -9999 -9999 -9999 -9999 -9999 -9999 -9999 -9999 -9999 -9999 -9999 -9999 -9999
-9999 -9999 -9999 -9999 -9999 -9999 -9999 -9999 -9999 -9999 -9999 -9999 -9999 -9999 -9999 -9999 -9999 1.30303E-5 1.19211E-5 9.8689E-6 1.0389E-5 1.30893E-5 1.41385E-5 1.30551E-5 1.33027E-5 1.3231E-5 -9999 1.37393E-5 1.26135E-5 1.29616E-5 -9999 -9999 -9999 -9999 -9999 -9999 -9999 -9999 1.06376E-5 -9999 -9999 -9999 -9999 -9999 -9999 -9999 -9999 -9999 -9999 -9999 -9999 -9999 -9999 -9999 -9999 -9999 -9999 -9999 -9999 -9999 -9999
-9999 -9999 -9999 -9999 -9999 -9999 -9999 -9999 -9999 -9999 -9999 -9999 -9999 -9999 -9999 -9999 1.77484E-5 1.76065E-5 1.07415E-5 7.25976E-6 7.94274E-6 1.01127E-5 1.33348E-5 1.28633E-5 1.33981E-5 1.2934E-5 1.2874E-5 1.29554E-5 1.18806E-5 1.19362E-5 1.19384E-5 1.22207E-5 1.12971E-5 1.11179E-5 1.12625E-5 1.1535E-5 1.17456E-5 -9999 1.02293E-5 9.95827E-6 -9999 -9999 -9999 -9999 -9999 -9999 -9999 -9999 -9999 -9999 -9999 -9999 -9999 -9999 -9999 -9999 -9999 -9999 -9999 -9999 -9999
-9999 -9999 -9999 -9999 -9999 -9999 -9999 -9999 -9999 -9999 -9999 -9999 -9999 -9999 -9999 6.98625E-6 9.3488E-6 9.77546E-6 9.53254E-6 7.21273E-6 7.31664E-6 9.05166E-6 1.28163E-5 1.39632E-5 1.35076E-5 1.17554E-5 1.10594E-5 1.10407E-5 1.07542E-5 1.06973E-5 1.07773E-5 1.08635E-5 1.0697E-5 1.03669E-5 1.11027E-5 1.26878E-5 1.20956E-5 1.21829E-5 1.05437E-5 1.05044E-5 -9999 -9999 -9999 -9999 -9999 -9999 -9999 -9999 -9999 -9999 -9999 -9999 -9999 -9999 -9999 -9999 -9999 -9999 -9999 -9999 -9999
-9999 -9999 -9999 -9999 -9999 -9999 -9999 -9999 -9999 -9999 -9999 -9999 -9999 -9999 -9999 8.08612E-6 9.83916E-6 8.27157E-6 6.88592E-6 6.89894E-6 7.08157E-6 9.43087E-6 1.42553E-5 1.6646E-5 1.50562E-5 1.14E-5 1.02172E-5 1.02306E-5 9.82148E-6 1.01332E-5 1.03998E-5 1.07251E-5 1.01231E-5 1.00083E-5 1.19281E-5 1.39513E-5 1.47839E-5 1.39151E-5 1.19533E-5 -9999 -9999 -9999 1.04644E-5 -9999 -9999 -9999 -9999 -9999 -9999 -9999 -9999 -9999 -9999 -9999 -9999 -9999 -9999 -9999 -9999 -9999 -9999
-9999 -9999 -9999 -9999 -9999 -9999 -9999 -9999 -9999 -9999 -9999 -9999 -9999 -9999 1.26892E-5 9.89531E-6 1.19945E-5 1.1318E-5 1.1232E-5 9.02373E-6 8.28625E-6 9.96979E-6 1.52335E-5 1.58207E-5 1.67022E-5 9.17859E-6 9.88861E-6 1.02282E-5 9.8862E-6 1.02466E-5 1.02905E-5 1.04662E-5 9.91026E-6 1.0463E-5 1.30144E-5 1.49986E-5 1.50441E-5 1.37834E-5 1.13045E-5 -9999 -9999 1.10464E-5 -9999 -9999 -9999 -9999 -9999 -9999 -9999 -9999 -9999 -9999 -9999 -9999 -9999 -9999 -9999 -9999 -9999 -9999 -9999
-9999 -9999 -9999 -9999 -9999 -9999 -9999 -9999 -9999 -9999 -9999 -9999 -9999 9.7542E-6 1.07252E-5 7.88285E-6 1.1049E-5 1.33932E-5 1.54125E-5 2.51728E-5 1.0998E-5 1.34504E-5 1.15915E-5 1.74373E-5 1.06687E-5 8.07989E-6 9.1486E-6 9.19103E-6 9.61299E-6 1.04228E-5 1.03761E-5 9.8017E-6 9.9025E-6 1.12377E-5 1.25189E-5 1.36961E-5 1.47973E-5 1.44633E-5 1.148E-5 1.08518E-5 1.06848E-5 1.10885E-5 -9999 1.23442E-5 1.25086E-5 -9999 -9999 -9999 -9999 -9999 -9999 -9999 -9999 -9999 -9999 -9999 -9999 -9999 -9999 -9999 -9999
-9999 -9999 -9999 -9999 -9999 -9999 -9999 -9999 -9999 -9999 -9999 -9999 -9999 9.84384E-6 8.78068E-6 9.73119E-6 1.50865E-5 1.1427E-5 3.72827E-5 2.0627E-5 1.54073E-5 1.1236E-5 1.48297E-5 1.57904E-5 9.28827E-6 8.55327E-6 8.78622E-6 9.30378E-6 9.74222E-6 9.85509E-6 9.32469E-6 9.21245E-6 9.18014E-6 9.70006E-6 1.01999E-5 9.96335E-6 1.33469E-5 1.22454E-5 1.06143E-5 1.00936E-5 1.03424E-5 1.24575E-5 1.2054E-5 1.31389E-5 1.36645E-5 1.38606E-5 -9999 -9999 -9999 -9999 -9999 -9999 -9999 -9999 -9999 -9999 -9999 -9999 -9999 -9999 -9999
-9999 -9999 -9999 -9999 -9999 -9999 -9999 -9999 -9999 -9999 -9999 -9999 2.10613E-5 2.82993E-5 1.33267E-5 1.81508E-5 1.71219E-5 1.51608E-5 8.29433E-6 1.55572E-5 1.47236E-5 1.43206E-5 1.74005E-5 1.07174E-5 7.74865E-6 8.47981E-6 8.74406E-6 9.38173E-6 9.24775E-6 8.55308E-6 8.68614E-6 8.88431E-6 9.02765E-6 8.93597E-6 9.0056E-6 9.71953E-6 1.02798E-5 1.08402E-5 1.07555E-5 1.04062E-5 1.05029E-5 1.09048E-5 1.19247E-5 1.3322E-5 1.38975E-5 1.40136E-5 1.39916E-5 -9999 -9999 -9999 9.37841E-6 8.6854E-6 -9999 -9999 -9999 -9999 -9999 -9999 -9999 -9999 -9999
-9999 -9999 -9999 -9999 -9999 -9999 -9999 -9999 -9999 -9999 -9999 1.02318E-5 1.12328E-5 2.7369E-5 1.6908E-5 1.4028E-5 1.12396E-5 2.72792E-5 1.77209E-5 1.45935E-5 1.42636E-5 2.22939E-5 1.54624E-5 7.9193E-6 7.91178E-6 8.35271E-6 8.17519E-6 9.52766E-6 9.40281E-6 9.37013E-6 8.52532E-6 8.2102E-6 8.79884E-6 9.04815E-6 8.98638E-6 9.4846E-6 1.0165E-5 1.07983E-5 1.06816E-5 1.11E-5 1.10262E-5 1.1441E-5 1.22693E-5 1.34578E-5 1.40193E-5 1.41397E-5 1.3341E-5 1.20713E-5 -9999 -9999 -9999 9.19377E-6 8.82172E-6 -9999 -9999 -9999 -9999 -9999 -9999 -9999 -9999
-9999 -9999 -9999 -9999 -9999 -9999 -9999 -9999 -9999 -9999 -9999 9.59528E-6 7.70151E-6 1.23495E-5 1.53916E-5 1.34247E-5 9.23204E-6 1.5122E-5 1.23701E-5 1.99275E-5 1.62319E-5 2.05995E-5 1.24302E-5 7.89335E-6 8.56377E-6 8.82723E-6 9.26353E-6 8.84265E-6 8.32952E-6 8.29651E-6 8.42923E-6 8.50804E-6 8.75807E-6 8.76235E-6 8.79254E-6 9.60454E-6 1.04095E-5 1.10146E-5 1.12857E-5 1.13284E-5 1.13405E-5 1.2095E-5 1.27096E-5 1.33135E-5 1.2801E-5 1.32992E-5 1.27168E-5 1.22452E-5 1.18534E-5 -9999 -9999 9.80651E-6 9.46044E-6 8.91679E-6 8.91556E-6 -9999 -9999 -9999 -9999 -9999 -9999
-9999 -9999 -9999 -9999 -9999 -9999 -9999 -9999 -9999 -9999 1.74046E-5 8.79137E-6 1.60092E-5 1.29397E-5 1.229E-5 1.12457E-5 1.03193E-5 9.02436E-6 9.89346E-6 2.85635E-5 2.44372E-5 2.01025E-5 1.49008E-5 1.23643E-5 8.68997E-6 9.28306E-6 1.01591E-5 1.02226E-5 8.85921E-6 8.73872E-6 7.91387E-6 8.28014E-6 7.91257E-6 8.59867E-6 8.97549E-6 9.87137E-6 1.06557E-5 1.13011E-5 1.11766E-5 1.1468E-5 1.21826E-5 1.25749E-5 1.27502E-5 1.27245E-5 1.2143E-5 1.21241E-5 1.23651E-5 1.26345E-5 1.22706E-5 1.14862E-5 1.07302E-5 1.16048E-5 -9999 -9999 8.91705E-6 8.4704E-6 -9999 -9999 -9999 -9999 -9999
-9999 -9999 -9999 -9999 -9999 -9999 -9999 -9999 -9999 1.45722E-5 3.30839E-5 1.27501E-5 1.47147E-5 1.45833E-5 1.32282E-5 1.22154E-5 1.03306E-5 1.15123E-5 1.10658E-5 1.14544E-5 1.09431E-5 1.40602E-5 1.93668E-5 1.04971E-5 9.4243E-6 9.74664E-6 1.04662E-5 1.09825E-5 1.02905E-5 8.72032E-6 8.20298E-6 7.9749E-6 8.24071E-6 8.00017E-6 8.98619E-6 1.04095E-5 1.04429E-5 1.10292E-5 1.13643E-5 1.16624E-5 1.25715E-5 1.2993E-5 1.32991E-5 1.27129E-5 1.25975E-5 1.22616E-5 1.25592E-5 1.26866E-5 1.22136E-5 1.14751E-5 1.12824E-5 1.15634E-5 1.14237E-5 -9999 8.67061E-6 8.5432E-6 8.20806E-6 7.74298E-6 -9999 -9999 -9999
-9999 -9999 -9999 -9999 -9999 -9999 -9999 -9999 2.46306E-5 1.75304E-5 1.69736E-5 8.92411E-6 5.19196E-6 1.30636E-5 2.06494E-5 1.79577E-5 1.67436E-5 1.32071E-5 1.38053E-5 1.01803E-5 9.52045E-6 1.33176E-5 1.66917E-5 7.6049E-6 9.97658E-6 1.01917E-5 1.13216E-5 1.11442E-5 9.93949E-6 9.25122E-6 7.92609E-6 8.1507E-6 8.57216E-6 9.10312E-6 9.50136E-6 1.08723E-5 1.10987E-5 1.07721E-5 1.153E-5 1.17911E-5 1.32705E-5 1.38382E-5 1.34655E-5 1.31499E-5 1.25112E-5 1.25113E-5 1.30234E-5 1.28414E-5 1.22142E-5 1.18015E-5 1.17005E-5 1.19035E-5 1.1776E-5 1.17051E-5 9.07998E-6 8.77387E-6 8.15535E-6 7.76778E-6 7.28748E-6 7.02814E-6 6.86157E-6
-9999 -9999 -9999 -9999 -9999 -9999 -9999 -9999 1.06822E-5 1.11405E-5 6.26993E-6 4.32548E-6 6.58262E-6 1.53685E-5 2.25526E-5 2.73578E-5 1.92079E-5 1.96045E-5 2.03542E-5 1.39799E-5 1.27302E-5 1.18783E-5 1.14183E-5 1.07763E-5 1.06315E-5 9.69135E-6 1.11596E-5 1.05885E-5 1.00367E-5 9.62314E-6 8.0762E-6 8.07901E-6 8.91064E-6 1.01459E-5 1.08932E-5 1.09718E-5 1.20724E-5 1.08163E-5 1.23235E-5 1.21383E-5 1.45127E-5 1.43445E-5 1.39601E-5 1.35604E-5 1.33638E-5 1.35369E-5 1.35197E-5 1.32415E-5 1.28373E-5 1.23222E-5 1.23169E-5 1.24293E-5 1.24301E-5 1.17633E-5 -9999 9.15803E-6 8.61575E-6 8.23538E-6 7.07947E-6 7.19232E-6 6.72376E-6
-9999 -9999 -9999 -9999 -9999 -9999 -9999 7.74061E-6 8.30484E-6 1.67035E-5 1.54182E-5 6.00442E-6 7.27519E-6 9.6531E-6 1.74982E-5 2.72569E-5 2.17108E-5 2.15361E-5 2.32072E-5 1.98888E-5 1.68111E-5 1.42075E-5 1.84086E-5 1.47444E-5 1.31133E-5 1.10449E-5 1.04356E-5 1.22626E-5 1.35822E-5 1.0596E-5 1.04942E-5 9.80599E-6 1.04601E-5 1.02567E-5 1.11423E-5 1.50959E-5 1.27155E-5 1.21151E-5 1.27502E-5 1.27518E-5 1.4404E-5 1.45326E-5 1.44608E-5 1.42378E-5 1.44998E-5 1.44672E-5 1.41213E-5 1.3565E-5 1.31628E-5 1.28434E-5 1.27453E-5 1.30473E-5 -9999 -9999 -9999 -9999 -9999 -9999 -9999 -9999 -9999
-9999 -9999 -9999 -9999 -9999 -9999 1.96412E-5 1.73959E-5 1.31959E-5 8.09034E-6 1.79413E-5 4.07755E-5 9.4491E-6 2.04074E-5 7.30471E-6 1.73082E-5 2.53608E-5 2.87902E-5 2.51387E-5 2.84383E-5 2.34265E-5 1.67621E-5 2.00305E-5 2.67465E-5 1.93649E-5 1.93825E-5 1.45602E-5 1.29753E-5 1.30342E-5 9.12944E-6 1.47178E-5 1.89953E-5 1.05326E-5 1.13171E-5 1.12605E-5 1.52196E-5 1.31795E-5 1.31912E-5 1.32321E-5 1.32731E-5 1.46162E-5 1.48979E-5 1.49943E-5 1.56156E-5 1.55049E-5 1.49773E-5 1.4632E-5 1.3876E-5 1.35416E-5 1.3077E-5 1.35074E-5 1.37526E-5 1.24185E-5 1.13276E-5 -9999 -9999 -9999 -9999 -9999 -9999 -9999
-9999 -9999 -9999 -9999 -9999 -9999 1.66793E-5 1.62161E-5 9.48432E-6 7.96993E-6 7.185E-6 4.58479E-5 1.5046E-5 1.59181E-5 1.24221E-5 1.9012E-5 1.87144E-5 2.34105E-5 1.69793E-5 2.54602E-5 3.06656E-5 2.41024E-5 2.31948E-5 2.7277E-5 2.48551E-5 2.23142E-5 1.88042E-5 1.42634E-5 1.07587E-5 9.8394E-6 9.50289E-6 1.61922E-5 1.15309E-5 1.41201E-5 1.46795E-5 1.56724E-5 1.36921E-5 1.51946E-5 1.51416E-5 1.45352E-5 1.4773E-5 1.63939E-5 1.65571E-5 1.74631E-5 1.68259E-5 1.48236E-5 1.47607E-5 1.47096E-5 1.38491E-5 1.35606E-5 1.30295E-5 1.26257E-5 1.14991E-5 1.07788E-5 1.03406E-5 9.53414E-6 8.65212E-6 8.07733E-6 8.2333E-6 8.18871E-6 7.19883E-6
-9999 -9999 -9999 -9999 -9999 1.41348E-5 9.95916E-6 9.84416E-6 1.01861E-5 2.66981E-5 2.35822E-5 1.47244E-5 8.70188E-6 1.30477E-5 9.39998E-6 8.42435E-6 8.35439E-6 2.01965E-5 1.26987E-5 1.57959E-5 2.69722E-5 2.69809E-5 2.87049E-5 3.21989E-5 2.69511E-5 2.40258E-5 2.58553E-5 1.63548E-5 8.80041E-6 9.50011E-6 1.08753E-5 1.34691E-5 1.67505E-5 1.67263E-5 2.11703E-5 1.7391E-5 1.57892E-5 -9999 -9999 1.79867E-5 -9999 -9999 -9999 1.70882E-5 1.54384E-5 1.45634E-5 1.52773E-5 1.4745E-5 1.36507E-5 1.33948E-5 1.28004E-5 1.18507E-5 1.10689E-5 1.04456E-5 9.93221E-6 9.13435E-6 8.60562E-6 8.18194E-6 8.16597E-6 7.82456E-6 7.59797E-6
-9999 -9999 -9999 -9999 3.3195E-5 1.17724E-5 1.33912E-5 1.17355E-5 1.278E-5 1.21941E-5 6.26632E-6 9.21114E-6 1.91928E-5 1.36331E-5 9.32023E-6 1.02869E-5 1.32631E-5 1.17358E-5 1.00882E-5 1.28226E-5 1.9789E-5 1.92184E-5 2.07206E-5 3.52571E-5 2.52504E-5 3.49437E-5 2.68623E-5 2.47442E-5 2.05396E-5 1.06955E-5 1.06964E-5 1.71926E-5 1.8796E-5 1.33996E-5 1.69139E-5 1.45202E-5 1.39176E-5 1.65001E-5 1.63015E-5 1.60811E-5 2.06835E-5 -9999 2.04814E-5 1.8525E-5 1.59124E-5 1.5182E-5 1.54052E-5 1.3753E-5 1.34307E-5 1.41511E-5 1.35002E-5 1.21983E-5 1.15737E-5 1.07339E-5 9.52205E-6 8.69484E-6 8.06836E-6 8.01563E-6 7.59507E-6 7.46485E-6 7.37795E-6
-9999 -9999 -9999 2.5316E-5 3.57665E-5 2.17927E-5 1.05722E-5 1.49254E-5 1.32343E-5 8.65987E-6 9.82972E-6 1.03059E-5 2.48441E-5 1.54058E-5 1.79367E-5 8.03313E-6 1.26702E-5 1.63991E-5 1.46082E-5 1.75814E-5 1.48952E-5 9.73714E-6 2.37859E-5 2.89134E-5 3.35798E-5 3.22219E-5 2.8578E-5 2.29319E-5 2.29724E-5 2.06349E-5 1.31366E-5 1.56156E-5 1.65947E-5 1.1562E-5 1.48453E-5 1.8412E-5 1.53926E-5 1.58257E-5 1.50623E-5 1.52623E-5 1.85089E-5 1.93128E-5 -9999 -9999 1.61902E-5 1.66944E-5 1.54788E-5 1.339E-5 1.38697E-5 1.36774E-5 1.56612E-5 1.26483E-5 1.18301E-5 1.12331E-5 1.01716E-5 8.8471E-6 8.44756E-6 8.04841E-6 7.93594E-6 7.75185E-6 7.8791E-6
-9999 -9999 -9999 6.36768E-5 3.56585E-5 2.15683E-5 1.02893E-5 2.39467E-5 6.22065E-5 1.61244E-5 2.14634E-5 1.62236E-5 1.2548E-5 1.172E-5 3.98813E-5 1.33973E-5 1.78676E-5 2.94919E-5 2.26745E-5 1.36562E-5 1.55587E-5 1.21331E-5 1.39353E-5 2.24453E-5 2.98286E-5 3.0706E-5 2.92181E-5 2.86469E-5 2.7969E-5 2.43368E-5 2.15677E-5 1.34671E-5 2.08629E-5 1.55562E-5 1.6527E-5 1.78673E-5 1.70142E-5 1.71408E-5 1.53661E-5 1.64401E-5 -9999 -9999 -9999 -9999 -9999 1.51716E-5 1.45866E-5 1.32338E-5 1.32262E-5 1.24893E-5 1.39099E-5 1.63578E-5 1.17013E-5 1.14185E-5 9.47611E-6 8.40457E-6 8.74742E-6 9.13693E-6 9.83039E-6 9.62337E-6 1.02203E-5
