Candidate_Models_Sept202022/M_8_F_lqp_Set_1_all/Bison.asc
ncols         97
nrows         127
xllcorner     -2197417.7431653
yllcorner     -584827.01486885
cellsize      30000.0
NODATA_value  -9999
[rows 54 to 80 of 127, columns 0 to 60 of 97]
-9999 -9999 -9999 -9999 1.01636E-5 7.70218E-6 5.12209E-6 8.22523E-6 7.17664E-6 4.33881E-6 6.20224E-6 1.59345E-5 2.68841E-5 4.8815E-5 2.80805E-5 1.17048E-5 1.59821E-5 2.83183E-5 2.68278E-5 2.9529E-5 3.78087E-5 3.26373E-5 2.66373E-5 2.21963E-5 2.9207E-5 4.81214E-5 3.80166E-5 2.84767E-5 4.12562E-5 3.59106E-5 4.05409E-5 4.73569E-5 5.53639E-5 5.6744E-5 4.73548E-5 4.60054E-5 4.80636E-5 4.6125E-5 5.41868E-5 6.53166E-5 9.84701E-5 1.57973E-4 8.68347E-5 4.7936E-5 4.04094E-5 4.00258E-5 4.0028E-5 3.6585E-5 3.75327E-5 3.63715E-5 3.59374E-5 3.35303E-5 3.08715E-5 4.18208E-5 4.46678E-5 3.63662E-5 3.77646E-5 3.56498E-5 3.62569E-5 2.32194E-5 2.05974E-5
-9999 -9999 -9999 -9999 -9999 4.98135E-6 3.67959E-6 6.82261E-6 5.71433E-6 4.9676E-6 4.95207E-6 1.37962E-5 3.02828E-5 3.90913E-5 2.75516E-5 1.48395E-5 1.12061E-5 1.2071E-5 3.34187E-5 1.50122E-5 4.06086E-5 3.52809E-5 2.82001E-5 3.52698E-5 2.61132E-5 2.80483E-5 3.30748E-5 3.99424E-5 5.25322E-5 5.00102E-5 5.63814E-5 5.27141E-5 5.79099E-5 4.89871E-5 4.68845E-5 5.23988E-5 5.71668E-5 4.86886E-5 6.28486E-5 5.6976E-5 9.91289E-5 3.14206E-4 6.66282E-5 4.57862E-5 4.72911E-5 4.60887E-5 3.90621E-5 3.82637E-5 4.02805E-5 3.96582E-5 4.2992E-5 4.69325E-5 4.21287E-5 4.43713E-5 4.40146E-5 3.56421E-5 3.29531E-5 3.0193E-5 2.96852E-5 2.39594E-5 2.77729E-5
-9999 -9999 -9999 -9999 -9999 8.23014E-6 6.2102E-6 7.91429E-6 8.37665E-6 6.5141E-6 2.52191E-6 8.01656E-6 1.15904E-5 1.94285E-5 3.41061E-5 1.83614E-5 2.22339E-5 2.611E-5 2.67035E-5 2.80955E-5 3.3173E-5 2.64578E-5 2.24683E-5 2.9302E-5 2.7424E-5 3.81302E-5 3.8346E-5 4.59695E-5 7.14661E-5 5.19564E-5 6.49815E-5 6.98318E-5 7.22066E-5 6.26232E-5 6.67367E-5 8.05749E-5 5.21738E-5 4.56158E-5 5.86839E-5 4.77698E-5 8.72269E-5 5.88943E-5 4.47427E-5 4.71364E-5 4.68331E-5 4.39993E-5 3.98771E-5 3.73157E-5 3.55837E-5 4.34593E-5 4.44449E-5 4.47885E-5 4.39626E-5 5.23949E-5 3.76423E-5 3.34392E-5 3.67253E-5 3.40029E-5 3.00531E-5 2.87105E-5 2.74004E-5
-9999 -9999 -9999 -9999 -9999 -9999 1.03675E-5 -9999 1.31113E-5 3.00223E-6 2.40032E-6 6.56987E-6 1.8359E-5 1.81818E-5 1.28673E-5 3.07114E-5 1.63256E-5 2.60725E-5 2.80035E-5 3.46318E-5 2.57299E-5 2.55677E-5 2.4875E-5 4.10324E-5 3.02201E-5 3.43771E-5 2.04129E-5 4.55598E-5 5.18637E-5 5.98858E-5 1.26075E-4 1.36514E-4 9.2394E-5 7.68043E-5 7.42604E-5 7.78542E-5 7.48037E-5 5.17501E-5 5.75379E-5 4.41595E-5 5.04925E-5 5.3205E-5 5.54239E-5 5.11717E-5 4.56736E-5 4.57883E-5 4.55876E-5 5.41269E-5 6.15043E-5 4.43447E-5 4.52962E-5 7.14694E-5 4.34917E-5 3.65011E-5 3.61921E-5 3.96737E-5 3.80115E-5 3.78305E-5 3.57463E-5 3.17542E-5 2.73679E-5
-9999 -9999 -9999 1.30454E-5 -9999 -9999 -9999 -9999 -9999 6.2602E-6 6.67916E-6 6.97299E-6 8.15895E-6 1.39597E-5 1.87347E-5 2.08658E-5 1.76639E-5 2.59307E-5 2.72302E-5 3.87728E-5 2.48838E-5 2.99037E-5 2.01142E-5 4.27228E-5 2.15902E-5 2.21364E-5 2.26504E-5 3.52293E-5 8.77891E-5 6.13273E-5 2.19509E-4 1.77272E-4 8.59203E-5 6.69742E-5 5.64358E-5 8.15167E-5 7.31455E-5 9.39881E-5 2.36435E-4 5.40707E-5 5.59861E-5 5.29987E-5 5.59558E-5 5.18256E-5 4.88464E-5 5.08995E-5 5.50535E-5 4.93944E-5 4.97338E-5 4.49546E-5 4.60004E-5 4.6535E-5 4.97795E-5 3.83118E-5 3.98407E-5 4.65667E-5 3.83138E-5 5.29648E-5 4.37675E-5 3.38116E-5 3.17155E-5
-9999 -9999 -9999 9.95926E-6 1.81791E-5 2.00415E-5 -9999 -9999 -9999 8.62029E-6 5.28665E-6 1.47327E-5 1.26763E-5 1.59361E-5 1.51024E-5 2.26752E-5 1.44836E-5 2.18686E-5 3.66371E-5 3.25673E-5 2.70129E-5 2.7164E-5 2.61123E-5 4.24086E-5 2.98435E-5 2.36765E-5 2.47301E-5 4.04493E-5 1.24193E-4 1.06458E-4 3.1158E-4 2.24766E-4 9.00357E-5 8.07876E-5 7.87098E-5 6.34707E-5 7.05294E-5 2.46643E-4 1.31473E-4 5.53391E-5 5.93564E-5 7.07336E-5 5.57378E-5 5.12031E-5 5.35787E-5 4.76764E-5 5.25924E-5 4.95838E-5 4.98314E-5 5.96946E-5 5.62008E-5 5.23679E-5 3.86294E-5 3.94195E-5 3.85622E-5 4.67358E-5 7.21978E-5 6.58356E-5 4.62948E-5 4.28923E-5 3.94024E-5
-9999 -9999 -9999 9.44537E-6 1.8634E-5 2.53407E-5 1.73083E-5 -9999 -9999 9.22771E-6 7.03162E-6 1.62233E-5 1.38483E-5 1.58034E-5 1.39172E-5 1.92043E-5 2.36333E-5 3.36852E-5 3.76493E-5 2.92441E-5 3.69787E-5 3.97095E-5 3.69522E-5 3.10061E-5 4.37115E-5 2.32575E-5 4.4469E-5 3.84466E-5 7.32663E-5 6.70578E-5 2.33639E-4 4.82866E-4 2.337E-4 2.34157E-4 3.06027E-4 1.03434E-4 1.32153E-4 1.53424E-4 7.47903E-5 6.67065E-5 7.15697E-5 6.72743E-5 5.97453E-5 5.43991E-5 5.17169E-5 5.22749E-5 5.20232E-5 5.81376E-5 5.64595E-5 9.19945E-5 1.11329E-4 8.06869E-5 5.82012E-5 8.26632E-5 4.25339E-5 4.32858E-5 4.92565E-5 5.56647E-5 5.13403E-5 4.79146E-5 3.80369E-5
-9999 -9999 -9999 5.40931E-6 1.63257E-5 1.99659E-5 -9999 -9999 1.71413E-5 7.29527E-6 3.76103E-6 7.32993E-6 1.06313E-5 1.35789E-5 1.61902E-5 2.39379E-5 4.69675E-5 4.04491E-5 4.09422E-5 2.72684E-5 3.40287E-5 3.81064E-5 4.53497E-5 4.04024E-5 4.32016E-5 2.40011E-5 3.15947E-5 3.25832E-5 5.16683E-5 1.34157E-4 3.8598E-4 5.5967E-4 4.5319E-4 3.45452E-4 3.54795E-4 2.67484E-4 2.1108E-4 2.31751E-4 1.21656E-4 8.52593E-5 8.66034E-5 8.52928E-5 6.70448E-5 5.97963E-5 5.35572E-5 6.99233E-5 6.3576E-5 6.29982E-5 7.89747E-5 1.03744E-4 9.1778E-5 5.8172E-5 5.07947E-5 4.14249E-5 4.5726E-5 4.6612E-5 5.04311E-5 4.44921E-5 5.25758E-5 4.16813E-5 4.14199E-5
-9999 -9999 -9999 5.46549E-6 1.55755E-5 -9999 -9999 2.3279E-5 1.31218E-5 6.63453E-6 6.35763E-6 7.05753E-6 1.07622E-5 1.51621E-5 1.66821E-5 3.20016E-5 3.76595E-5 3.59905E-5 4.13899E-5 3.63044E-5 3.66723E-5 4.59149E-5 4.68511E-5 4.91659E-5 4.5588E-5 2.73208E-5 5.28401E-5 4.57149E-5 4.34864E-5 4.71492E-5 1.54616E-4 4.25861E-4 1.88255E-4 3.16477E-4 5.64455E-4 4.64407E-4 3.87391E-4 6.184E-4 2.348E-4 9.16826E-5 8.55621E-5 7.02986E-5 6.33032E-5 5.65078E-5 6.25072E-5 8.16611E-5 6.90597E-5 5.58245E-5 5.52986E-5 7.38053E-5 7.99038E-5 4.67129E-5 3.80661E-5 4.32724E-5 4.36393E-5 4.46353E-5 4.8014E-5 4.48961E-5 4.13049E-5 4.11284E-5 4.60499E-5
-9999 -9999 -9999 4.9558E-6 7.17702E-6 -9999 -9999 -9999 1.37563E-5 6.10801E-6 5.61013E-6 8.63834E-6 5.97655E-6 3.36384E-5 3.20347E-5 3.18694E-5 3.83626E-5 4.541E-5 4.99525E-5 3.39791E-5 4.15855E-5 4.67163E-5 5.02756E-5 4.83445E-5 4.51024E-5 2.66604E-5 2.45153E-5 2.51318E-5 3.95089E-5 4.04539E-5 5.45559E-5 1.99495E-4 3.02324E-4 3.20225E-4 6.34528E-4 6.26335E-4 4.17161E-4 4.12272E-4 1.12349E-4 9.30919E-5 8.15261E-5 8.0162E-5 7.21348E-5 6.4789E-5 7.21185E-5 7.73869E-5 9.01456E-5 6.41837E-5 6.6558E-5 8.22843E-5 8.00876E-5 5.64325E-5 5.98689E-5 5.37505E-5 5.16384E-5 4.78426E-5 4.69918E-5 4.74408E-5 4.76341E-5 5.49779E-5 4.92932E-5
-9999 -9999 -9999 5.96466E-6 1.0632E-5 -9999 -9999 -9999 1.75451E-5 8.78726E-6 7.89057E-6 5.98559E-6 1.625E-5 2.82961E-5 2.737E-5 4.07566E-5 4.10663E-5 4.60733E-5 4.89091E-5 3.99726E-5 4.0043E-5 5.31725E-5 5.7251E-5 5.79667E-5 5.31045E-5 4.7574E-5 2.23926E-5 3.65669E-5 3.57969E-5 5.47785E-5 6.76585E-5 2.60208E-4 3.97586E-4 4.1577E-4 3.40547E-4 3.27541E-4 2.52061E-4 4.70601E-4 1.45684E-4 1.7229E-4 9.88768E-5 9.30831E-5 7.92947E-5 6.9232E-5 1.02185E-4 1.051E-4 1.00227E-4 7.20075E-5 7.48567E-5 9.31506E-5 9.43972E-5 5.99642E-5 5.66761E-5 5.23286E-5 5.36185E-5 5.19947E-5 4.78362E-5 4.56011E-5 4.39298E-5 4.22247E-5 4.70103E-5
-9999 -9999 -9999 4.48586E-6 1.29126E-5 -9999 -9999 -9999 1.76354E-5 1.20658E-5 3.40294E-6 7.52375E-6 1.13826E-5 2.60112E-5 4.26403E-5 3.443E-5 4.12039E-5 5.17701E-5 4.38375E-5 4.3755E-5 7.05104E-5 1.00851E-4 6.24879E-5 6.23143E-5 5.42177E-5 4.82059E-5 3.60911E-5 4.16629E-5 3.70787E-5 5.12973E-5 6.62714E-5 1.32191E-4 2.5604E-4 4.12387E-4 2.56357E-4 3.72826E-4 1.58499E-4 3.20689E-4 3.34848E-4 1.47612E-4 8.07922E-5 7.73562E-5 7.64346E-5 7.97426E-5 6.95654E-5 7.26796E-5 7.84595E-5 8.34485E-5 9.74149E-5 8.35568E-5 6.94389E-5 6.53965E-5 5.92006E-5 5.57149E-5 5.59209E-5 5.42492E-5 4.88897E-5 5.6188E-5 5.05465E-5 4.89294E-5 8.68118E-5
-9999 -9999 -9999 -9999 6.04875E-6 -9999 -9999 -9999 -9999 1.33149E-5 5.50261E-6 6.04676E-6 1.45004E-5 1.01504E-5 2.80419E-5 3.96396E-5 4.67001E-5 5.31516E-5 5.33606E-5 6.72726E-5 5.60167E-5 1.47106E-4 9.15896E-5 6.90799E-5 7.99234E-5 5.18044E-5 3.44808E-5 2.89454E-5 5.06698E-5 3.8565E-5 4.37687E-5 6.36201E-5 7.70827E-5 8.1846E-5 8.00752E-5 9.2625E-5 3.26624E-4 2.21611E-4 1.01539E-4 7.39711E-5 1.09752E-4 7.19925E-5 9.81636E-5 8.10777E-5 7.48875E-5 9.74504E-5 8.16405E-5 8.7925E-5 8.50715E-5 8.26472E-5 1.09503E-4 6.63922E-5 6.20508E-5 5.86322E-5 5.82242E-5 5.95581E-5 5.59879E-5 5.17426E-5 4.94482E-5 4.60165E-5 4.71234E-5
-9999 -9999 -9999 -9999 1.31904E-5 -9999 -9999 -9999 -9999 1.85663E-5 7.87507E-6 5.44613E-6 2.46123E-5 1.53712E-5 2.22857E-5 3.80734E-5 5.00966E-5 5.02236E-5 5.45238E-5 5.15855E-5 6.37976E-5 8.32984E-5 6.818E-5 1.08363E-4 1.46531E-4 6.50075E-5 4.60962E-5 3.84285E-5 3.93442E-5 3.94112E-5 3.02375E-5 4.94594E-5 7.34363E-5 8.62396E-5 7.27574E-5 7.66073E-5 1.50074E-4 8.16462E-5 7.15198E-5 6.61364E-5 8.70345E-5 8.73707E-5 9.09084E-5 1.10247E-4 8.03314E-5 9.11412E-5 1.44865E-4 9.10004E-5 8.72912E-5 8.98441E-5 9.44731E-5 7.40953E-5 6.84856E-5 6.45468E-5 6.31618E-5 6.69039E-5 6.1026E-5 5.57465E-5 5.31991E-5 4.91825E-5 4.7477E-5
-9999 -9999 -9999 -9999 -9999 -9999 -9999 -9999 -9999 1.46735E-5 1.19694E-5 4.1066E-6 1.26186E-5 1.09167E-5 1.16189E-5 2.95164E-5 5.51597E-5 5.53178E-5 5.16167E-5 6.3775E-5 5.7518E-5 6.16771E-5 7.1114E-5 6.68062E-5 5.12293E-5 3.45333E-5 2.67185E-5 4.28965E-5 3.16536E-5 3.75407E-5 4.78431E-5 3.82712E-5 3.94474E-5 6.22083E-5 6.40058E-5 7.93888E-5 1.15283E-4 1.08211E-4 7.88019E-5 9.53521E-5 1.17647E-4 8.96508E-5 1.06091E-4 1.19324E-4 2.24025E-4 2.68756E-4 2.51242E-4 1.12627E-4 8.4081E-5 8.19152E-5 8.99583E-5 9.1662E-5 7.45818E-5 6.45444E-5 6.54358E-5 6.16616E-5 6.27083E-5 6.23743E-5 5.58812E-5 5.66549E-5 5.31716E-5
-9999 -9999 -9999 -9999 -9999 -9999 -9999 -9999 -9999 -9999 1.411E-5 5.44082E-6 5.96031E-6 1.32224E-5 1.9712E-5 4.45737E-5 5.49372E-5 4.89853E-5 6.02609E-5 5.85618E-5 5.15558E-5 5.26905E-5 6.65517E-5 6.69565E-5 5.56611E-5 3.06054E-5 3.18448E-5 3.00221E-5 3.37116E-5 3.68947E-5 5.01542E-5 3.01532E-5 5.92975E-5 7.87229E-5 8.48379E-5 8.56281E-5 1.05956E-4 1.12966E-4 8.78897E-5 1.13556E-4 1.19358E-4 2.07115E-4 2.3537E-4 3.00759E-4 4.15393E-4 4.02367E-4 2.67849E-4 3.31461E-4 9.14116E-5 8.00409E-5 1.13599E-4 9.05796E-5 7.59064E-5 7.23934E-5 6.71692E-5 6.0369E-5 7.19731E-5 7.69423E-5 6.78903E-5 6.14939E-5 6.21368E-5
-9999 -9999 -9999 -9999 -9999 -9999 -9999 -9999 -9999 -9999 1.19832E-5 6.48237E-6 5.04511E-6 9.72177E-6 2.02673E-5 1.43188E-5 6.08204E-5 6.88855E-5 5.75917E-5 6.1259E-5 4.95984E-5 5.04592E-5 6.86341E-5 8.08057E-5 4.87815E-5 2.75681E-5 2.32154E-5 1.53185E-5 2.45835E-5 5.43021E-5 4.69217E-5 4.5559E-5 4.72653E-5 6.81335E-5 8.13274E-5 9.07108E-5 7.67305E-5 8.32231E-5 8.88394E-5 1.94197E-4 2.8115E-4 3.70564E-4 3.68138E-4 4.01176E-4 3.80827E-4 3.27658E-4 1.35313E-4 2.35788E-4 1.76788E-4 2.42836E-4 2.1597E-4 1.21377E-4 7.4495E-5 7.30707E-5 6.70606E-5 6.77088E-5 6.77625E-5 6.41371E-5 6.46412E-5 6.27493E-5 6.60912E-5
-9999 -9999 -9999 -9999 -9999 -9999 -9999 -9999 -9999 -9999 9.74478E-6 4.48508E-6 6.03535E-6 9.47618E-6 7.15739E-5 7.69949E-5 8.13511E-5 7.9293E-5 6.34969E-5 6.52564E-5 5.76935E-5 6.0276E-5 6.9128E-5 7.31736E-5 5.97406E-5 3.06186E-5 2.24455E-5 2.72215E-5 3.53174E-5 2.83443E-5 4.86214E-5 6.79175E-5 5.64155E-5 4.58362E-5 7.69234E-5 8.32031E-5 1.16233E-4 1.88139E-4 2.44572E-4 2.38745E-4 3.78382E-4 3.94737E-4 4.86073E-4 4.63165E-4 4.91402E-4 4.82585E-4 3.77621E-4 3.37009E-4 3.56018E-4 3.77536E-4 4.79689E-4 2.71601E-4 1.98017E-4 1.66782E-4 1.50712E-4 7.5202E-5 6.88326E-5 6.63974E-5 6.95939E-5 6.68951E-5 7.28758E-5
-9999 -9999 -9999 -9999 -9999 -9999 -9999 -9999 -9999 -9999 1.05191E-5 3.28628E-6 6.4141E-6 9.4612E-6 3.67339E-5 2.8815E-5 6.24118E-5 6.70472E-5 6.14871E-5 7.1285E-5 8.02504E-5 7.0276E-5 6.65829E-5 7.24416E-5 5.30274E-5 2.75345E-5 2.40475E-5 2.63707E-5 6.8054E-5 3.49593E-5 3.11871E-5 7.92851E-5 6.25227E-5 3.79467E-5 7.51087E-5 8.27075E-5 1.1104E-4 1.44913E-4 1.61331E-4 2.39154E-4 3.67237E-4 4.07786E-4 6.14987E-4 5.05983E-4 6.72249E-4 5.72049E-4 4.90447E-4 4.60794E-4 5.23521E-4 4.26684E-4 1.77624E-4 1.26081E-4 1.28522E-4 2.40114E-4 3.14587E-4 2.46936E-4 8.6086E-5 7.43663E-5 7.25876E-5 6.60155E-5 7.38255E-5
-9999 -9999 -9999 -9999 -9999 -9999 -9999 -9999 -9999 -9999 7.54355E-6 4.38821E-6 8.71213E-6 3.77189E-5 8.29253E-5 1.90612E-5 6.89132E-5 4.98583E-5 6.27128E-5 8.83321E-5 1.00169E-4 7.81299E-5 7.67519E-5 5.79623E-5 7.35658E-5 5.06077E-5 2.92595E-5 2.77887E-5 4.34295E-5 7.25486E-5 3.306E-5 3.66359E-5 4.84106E-5 5.40355E-5 7.83858E-5 1.17363E-4 1.02581E-4 1.08841E-4 1.23346E-4 2.06886E-4 4.48168E-4 5.96814E-4 6.40705E-4 5.76424E-4 7.389E-4 4.31077E-4 4.31158E-4 4.43063E-4 3.37536E-4 5.61242E-4 4.11558E-4 1.8229E-4 1.30586E-4 3.56434E-4 1.63646E-4 1.41958E-4 7.91382E-5 1.02804E-4 8.08467E-5 6.95043E-5 7.70918E-5
-9999 -9999 -9999 -9999 -9999 -9999 -9999 -9999 2.14662E-5 1.53808E-5 1.29277E-5 7.30955E-6 4.69314E-6 1.0997E-5 2.87672E-5 7.29481E-5 6.98245E-5 5.76275E-5 5.05242E-5 7.45407E-5 8.39367E-5 9.30125E-5 9.09038E-5 6.99953E-5 7.91194E-5 6.603E-5 2.87811E-5 2.12535E-5 2.38873E-5 3.75556E-5 2.24848E-5 2.85727E-5 6.14878E-5 4.46937E-5 7.07438E-5 5.79945E-5 8.03102E-5 1.15914E-4 1.06101E-4 2.25678E-4 4.52235E-4 6.55861E-4 5.85473E-4 5.0144E-4 5.47454E-4 4.13502E-4 4.24603E-4 4.4615E-4 4.71763E-4 3.73235E-4 5.54223E-4 4.02151E-4 3.53696E-4 2.8713E-4 1.42619E-4 1.18823E-4 1.70501E-4 1.45637E-4 1.56895E-4 7.67843E-5 9.00426E-5
-9999 -9999 -9999 -9999 -9999 -9999 -9999 -9999 9.19084E-6 8.72483E-6 1.67165E-5 1.28585E-5 9.31652E-6 4.74775E-6 6.47682E-6 3.43086E-5 3.5374E-5 8.21189E-5 4.879E-5 5.67639E-5 7.69378E-5 8.24668E-5 1.03978E-4 7.67298E-5 7.64866E-5 5.23028E-5 3.29748E-5 2.87181E-5 2.77987E-5 2.56333E-5 6.37505E-5 2.18855E-5 5.18662E-5 6.8675E-5 1.04793E-4 5.13593E-5 6.93941E-5 9.80981E-5 1.0342E-4 1.14657E-4 3.40756E-4 5.08392E-4 4.61189E-4 5.30601E-4 4.82507E-4 4.7374E-4 4.06936E-4 4.4412E-4 4.39349E-4 5.45866E-4 5.38153E-4 4.98845E-4 4.33711E-4 3.69186E-4 3.37282E-4 2.82719E-4 3.80035E-4 2.96071E-4 3.45065E-4 3.13201E-4 3.7404E-4
-9999 -9999 -9999 -9999 -9999 -9999 -9999 -9999 4.53318E-6 3.3069E-6 5.24499E-6 4.93376E-6 7.60816E-6 5.42557E-6 5.87658E-6 2.39317E-5 3.90147E-5 9.16935E-5 5.9441E-5 6.11139E-5 7.55538E-5 6.02469E-5 6.78841E-5 7.96048E-5 8.42367E-5 7.84596E-5 3.9382E-5 4.06845E-5 3.68621E-5 3.0911E-5 4.63906E-5 4.34882E-5 4.47816E-5 8.91658E-5 1.48096E-4 1.25147E-4 4.98177E-5 7.3709E-5 9.82785E-5 2.80336E-4 5.32301E-4 4.7095E-4 5.64657E-4 6.03427E-4 6.45947E-4 5.26921E-4 4.4351E-4 3.85419E-4 5.71549E-4 5.53326E-4 7.26283E-4 5.81755E-4 4.57158E-4 3.4643E-4 3.83332E-4 3.46271E-4 3.89312E-4 3.27043E-4 3.61976E-4 4.53845E-4 5.58495E-4
-9999 -9999 -9999 -9999 -9999 -9999 -9999 -9999 -9999 4.36714E-6 3.81225E-6 4.51744E-6 6.6838E-6 9.82278E-6 5.88924E-6 6.00296E-6 2.85589E-5 9.41119E-5 1.66151E-4 1.03869E-4 4.10791E-5 4.1074E-5 3.81062E-5 7.41717E-5 6.26001E-5 6.6316E-5 4.63278E-5 2.50588E-5 2.8986E-5 2.50634E-5 2.01123E-5 3.25136E-5 4.17523E-5 3.78235E-5 8.35146E-5 7.22957E-5 7.45201E-5 7.59911E-5 1.18154E-4 5.87045E-4 5.10454E-4 5.29698E-4 6.72599E-4 6.242E-4 4.67747E-4 4.26379E-4 5.90401E-4 6.02671E-4 3.74605E-4 4.42283E-4 4.15445E-4 3.63849E-4 3.93309E-4 7.04487E-4 5.74942E-4 4.11623E-4 4.61556E-4 4.11522E-4 4.44003E-4 3.6235E-4 4.93664E-4
-9999 -9999 -9999 -9999 -9999 -9999 -9999 -9999 -9999 4.24299E-6 4.99312E-6 4.64189E-6 3.83417E-6 1.1085E-5 1.27596E-5 7.68353E-6 9.40639E-6 2.56971E-5 6.8977E-5 5.97805E-5 3.05885E-5 2.59658E-5 3.47035E-5 4.43274E-5 5.31128E-5 5.81817E-5 6.36545E-5 3.79522E-5 2.29313E-5 1.92112E-5 3.59559E-5 1.50534E-5 7.03434E-5 2.96901E-5 7.10949E-5 1.03973E-4 1.54695E-4 8.00831E-5 9.21422E-5 3.82413E-4 5.81275E-4 5.46453E-4 5.10116E-4 5.48107E-4 4.85414E-4 3.31323E-4 3.49448E-4 5.70033E-4 4.01035E-4 4.88362E-4 5.56192E-4 3.92438E-4 4.82915E-4 5.39425E-4 6.00533E-4 5.01021E-4 3.61571E-4 3.52578E-4 4.59764E-4 4.06615E-4 4.95718E-4
-9999 -9999 -9999 -9999 -9999 -9999 -9999 -9999 -9999 -9999 4.74729E-6 2.68473E-6 2.71945E-6 1.53279E-5 2.64053E-5 7.32236E-6 8.23394E-6 1.57282E-5 5.30612E-5 3.8586E-5 3.04082E-5 1.79345E-5 2.74163E-5 9.83624E-5 6.93148E-5 6.57892E-5 4.6979E-5 2.54868E-5 2.24834E-5 2.07048E-5 2.52943E-5 2.26595E-5 2.87642E-5 3.39575E-5 3.84011E-5 7.72409E-5 1.11017E-4 9.97115E-5 1.85903E-4 4.10681E-4 4.5544E-4 5.11915E-4 5.4714E-4 5.10719E-4 2.78833E-4 2.24904E-4 2.56212E-4 3.99103E-4 3.67723E-4 3.82159E-4 6.31349E-4 5.83835E-4 5.06152E-4 6.40636E-4 4.1704E-4 5.04914E-4 5.98132E-4 3.87081E-4 4.50844E-4 5.28508E-4 4.49055E-4
-9999 -9999 -9999 -9999 -9999 -9999 -9999 -9999 -9999 -9999 5.71882E-6 3.0497E-6 4.33456E-6 8.60354E-6 3.42069E-5 1.5144E-5 5.83236E-6 7.40164E-6 2.85133E-5 2.47484E-5 2.53305E-5 2.99692E-5 2.67579E-5 3.93028E-5 9.21981E-5 1.45552E-4 1.11314E-4 4.87494E-5 4.36489E-5 2.80674E-5 1.4193E-5 2.40508E-5 4.71923E-5 4.76868E-5 2.76383E-5 5.81596E-5 7.60812E-5 9.06248E-5 1.01254E-4 5.148E-4 5.03058E-4 5.74882E-4 6.32024E-4 7.27737E-4 5.3226E-4 3.06792E-4 2.37003E-4 2.42767E-4 3.47351E-4 3.2307E-4 4.24175E-4 4.74334E-4 5.06223E-4 5.41058E-4 4.87733E-4 4.16742E-4 5.38171E-4 5.47603E-4 5.27271E-4 4.35518E-4 4.2942E-4
