Candidate_Models_Sept202022/M_8_F_lqp_Set_1_all/Bison.asc
ncols         97
nrows         127
xllcorner     -2197417.7431653
yllcorner     -584827.01486885
cellsize      30000.0
NODATA_value  -9999
[rows 27 to 53 of 127, columns 0 to 60 of 97]
-9999 -9999 8.10329E-5 8.24657E-5 6.00684E-5 2.75791E-5 1.30829E-5 2.2545E-5 6.80598E-5 2.05858E-5 2.91324E-5 3.17455E-5 1.83524E-5 1.42773E-5 1.38969E-5 1.83665E-5 1.10812E-5 1.4517E-5 1.87049E-5 1.43538E-5 9.64363E-6 1.43078E-5 1.63644E-5 2.0646E-5 2.81042E-5 2.09873E-5 2.61064E-5 2.49045E-5 3.00075E-5 2.70688E-5 2.09531E-5 1.4499E-5 1.68596E-5 1.49285E-5 1.38729E-5 1.37986E-5 2.41202E-5 1.56399E-5 1.81439E-5 1.58553E-5 1.6601E-5 2.61583E-5 1.89812E-5 3.36213E-5 2.09121E-5 1.64071E-5 1.22946E-5 1.3004E-5 1.18493E-5 1.16657E-5 1.20746E-5 1.31231E-5 1.20747E-5 1.19435E-5 1.00167E-5 8.80294E-6 8.7268E-6 8.25579E-6 8.65919E-6 8.78128E-6 1.1471E-5
-9999 1.05187E-4 6.82302E-5 7.95572E-5 6.03322E-5 4.68632E-5 1.91881E-5 2.2882E-5 2.42083E-5 1.92338E-5 2.5926E-5 2.27179E-5 1.34367E-5 1.46194E-5 2.01262E-5 1.43828E-5 2.32922E-5 1.91418E-5 1.75299E-5 1.98001E-5 4.8416E-5 2.41172E-5 1.19297E-5 1.77672E-5 2.54141E-5 2.34514E-5 2.35577E-5 2.13913E-5 2.19753E-5 2.34256E-5 2.07485E-5 1.12434E-5 2.19191E-5 1.44768E-5 1.44473E-5 1.81748E-5 2.34753E-5 2.56892E-5 1.925E-5 1.56525E-5 1.64881E-5 1.69466E-5 1.59819E-5 1.64124E-5 1.68947E-5 1.43266E-5 1.30981E-5 1.29381E-5 1.20882E-5 1.17757E-5 1.15644E-5 1.50034E-5 1.15569E-5 1.11694E-5 1.0165E-5 9.14953E-6 8.77287E-6 8.42067E-6 8.71072E-6 9.20928E-6 8.52961E-6
-9999 8.88986E-5 9.58066E-5 1.00561E-4 9.92852E-5 5.24132E-5 2.76884E-5 2.54647E-5 4.41997E-5 3.06585E-5 2.88522E-5 2.8819E-5 1.58002E-5 1.62603E-5 1.61536E-5 1.7238E-5 1.09494E-5 1.75282E-5 3.26356E-5 4.16132E-5 1.28384E-5 1.00464E-5 1.42081E-5 1.39421E-5 2.88843E-5 2.8628E-5 2.96799E-5 2.59603E-5 2.53018E-5 3.02415E-5 1.86061E-5 1.03113E-5 1.39227E-5 1.55068E-5 1.42782E-5 1.50571E-5 2.29071E-5 2.92094E-5 2.37504E-5 1.84828E-5 2.21514E-5 1.8503E-5 2.47218E-5 1.52108E-5 1.3957E-5 1.30745E-5 1.33386E-5 1.26276E-5 1.21879E-5 1.1164E-5 1.03531E-5 1.12067E-5 1.10065E-5 1.10996E-5 9.94773E-6 9.53355E-6 9.07688E-6 8.77392E-6 8.54156E-6 9.0257E-6 8.7077E-6
7.70514E-5 1.03184E-4 8.3284E-5 8.80771E-5 7.88397E-5 6.95029E-5 5.11161E-5 2.66153E-5 3.80856E-5 2.70779E-5 3.3495E-5 2.94053E-5 1.98548E-5 2.482E-5 1.80182E-5 1.40002E-5 1.7299E-5 2.02948E-5 2.06109E-5 1.87676E-5 1.93581E-5 1.13856E-5 1.36554E-5 2.63014E-5 2.76147E-5 2.20618E-5 2.21253E-5 2.37611E-5 2.7851E-5 2.40871E-5 1.94393E-5 1.93529E-5 1.02115E-5 1.63877E-5 1.95921E-5 1.84589E-5 2.71103E-5 2.29638E-5 2.37393E-5 1.82857E-5 1.74292E-5 1.49162E-5 2.18506E-5 1.91659E-5 1.4125E-5 1.22345E-5 1.19987E-5 1.2066E-5 1.23229E-5 1.18272E-5 1.10445E-5 1.17465E-5 1.16499E-5 1.16778E-5 1.08032E-5 1.02603E-5 9.3408E-6 9.01532E-6 8.7849E-6 9.12716E-6 9.06746E-6
3.69762E-5 6.51476E-5 9.39139E-5 9.49529E-5 8.25651E-5 8.38254E-5 4.12969E-5 3.07063E-5 2.75715E-5 2.94701E-5 3.79103E-5 2.46612E-5 2.31905E-5 3.08334E-5 1.81561E-5 2.71812E-5 1.57062E-5 1.76237E-5 1.83133E-5 1.7168E-5 1.77385E-5 2.26935E-5 1.30706E-5 1.94981E-5 2.20801E-5 2.80284E-5 2.50319E-5 3.25311E-5 3.09813E-5 2.75709E-5 1.52675E-5 9.74813E-6 1.73761E-5 1.56804E-5 1.28382E-5 2.16871E-5 1.81414E-5 2.23915E-5 2.10031E-5 1.86765E-5 1.80315E-5 1.79054E-5 1.77349E-5 1.67178E-5 1.39506E-5 1.2128E-5 1.12247E-5 1.18465E-5 1.19161E-5 1.15884E-5 1.12021E-5 1.18648E-5 1.16844E-5 1.18141E-5 1.12306E-5 1.04755E-5 9.79131E-6 9.66788E-6 9.17707E-6 9.39732E-6 9.11155E-6
2.7081E-5 4.49281E-5 8.50434E-5 1.53684E-4 9.64672E-5 9.46931E-5 5.1733E-5 2.54057E-5 2.25811E-5 2.73126E-5 2.84341E-5 2.67504E-5 2.57549E-5 1.74378E-5 1.45074E-5 1.47146E-5 2.56312E-5 9.76481E-6 1.36946E-5 1.64145E-5 1.90562E-5 1.60415E-5 1.32959E-5 2.21023E-5 2.55074E-5 2.2498E-5 2.39991E-5 4.18949E-5 2.54333E-5 1.69926E-5 1.64969E-5 1.57669E-5 2.06507E-5 1.76546E-5 9.9112E-6 1.38851E-5 3.00491E-5 1.89564E-5 1.67644E-5 1.93624E-5 1.46664E-5 2.32445E-5 1.75364E-5 2.60556E-5 1.97077E-5 1.26749E-5 1.17343E-5 1.0718E-5 1.25909E-5 1.17877E-5 1.17191E-5 1.15592E-5 1.18249E-5 1.17562E-5 1.14776E-5 1.02929E-5 1.01809E-5 1.00176E-5 1.00268E-5 9.45661E-6 9.30434E-6
-9999 3.54382E-5 4.20773E-5 6.84148E-5 8.66506E-5 7.70358E-5 5.04362E-5 2.73079E-5 2.14579E-5 1.62676E-5 2.60945E-5 2.75276E-5 2.12317E-5 1.8839E-5 1.91972E-5 1.06078E-5 1.45653E-5 1.26034E-5 1.20654E-5 1.50128E-5 1.90821E-5 2.44438E-5 1.22873E-5 1.75885E-5 1.72419E-5 2.81076E-5 2.4059E-5 4.39802E-5 3.34704E-5 3.01999E-5 2.28009E-5 1.26422E-5 1.95699E-5 1.73024E-5 1.05874E-5 2.16222E-5 2.48467E-5 1.97818E-5 1.80662E-5 2.64395E-5 1.7495E-5 1.45977E-5 1.93158E-5 1.85267E-5 1.8498E-5 1.1795E-5 1.24547E-5 1.18981E-5 1.1323E-5 1.20412E-5 1.2279E-5 1.18671E-5 1.19776E-5 1.23219E-5 1.16468E-5 1.13633E-5 1.27774E-5 1.03421E-5 1.01201E-5 9.48845E-6 9.732E-6
-9999 -9999 2.21542E-5 4.68475E-5 6.19928E-5 5.13202E-5 2.98556E-5 1.86778E-5 2.88762E-5 3.09835E-5 2.98301E-5 3.71692E-5 1.8511E-5 1.66656E-5 2.08738E-5 1.1029E-5 1.23831E-5 1.25648E-5 1.48165E-5 1.60978E-5 2.01408E-5 1.3413E-5 1.22193E-5 2.03305E-5 3.33423E-5 2.10538E-5 1.561E-5 4.80763E-5 3.18088E-5 3.40756E-5 1.80309E-5 1.17965E-5 2.2907E-5 1.58196E-5 1.88079E-5 1.78981E-5 2.22004E-5 1.74471E-5 2.07747E-5 2.67996E-5 1.66615E-5 1.72925E-5 2.01377E-5 1.89686E-5 1.53104E-5 1.22234E-5 1.18131E-5 1.18137E-5 1.15066E-5 1.3792E-5 1.19493E-5 1.25805E-5 1.24893E-5 1.24161E-5 1.22593E-5 1.13894E-5 1.37483E-5 1.06231E-5 1.0524E-5 1.03484E-5 1.0078E-5
-9999 -9999 2.59725E-5 3.56682E-5 5.66131E-5 3.6598E-5 2.83447E-5 2.92923E-5 4.30174E-5 3.55809E-5 3.68574E-5 2.39959E-5 1.54904E-5 1.24566E-5 1.46595E-5 1.59765E-5 1.5934E-5 1.72579E-5 1.576E-5 2.18128E-5 2.37166E-5 1.76028E-5 1.13627E-5 1.71347E-5 2.61369E-5 3.72737E-5 2.26071E-5 4.35566E-5 5.01272E-5 3.15675E-5 2.54623E-5 1.52754E-5 1.56608E-5 1.09601E-5 1.08211E-5 1.82216E-5 2.24653E-5 1.94476E-5 2.43054E-5 2.33923E-5 1.85089E-5 1.92842E-5 1.57932E-5 1.47098E-5 1.34255E-5 1.21856E-5 1.04113E-5 1.25219E-5 1.41445E-5 1.67763E-5 1.27607E-5 1.24831E-5 1.28797E-5 1.31876E-5 1.24115E-5 1.19741E-5 1.16214E-5 1.14053E-5 1.14303E-5 1.10555E-5 1.03071E-5
-9999 -9999 2.35741E-5 2.4781E-5 4.76818E-5 3.29046E-5 2.67062E-5 3.9831E-5 5.15832E-5 3.82227E-5 2.90454E-5 1.3374E-5 1.92524E-5 1.65249E-5 1.79377E-5 1.64842E-5 1.87891E-5 1.89743E-5 1.80111E-5 1.6552E-5 2.59286E-5 2.00973E-5 1.29873E-5 1.78107E-5 1.58517E-5 1.63404E-5 1.50868E-5 1.57918E-5 3.29562E-5 3.47024E-5 2.07123E-5 1.44014E-5 1.12136E-5 1.21457E-5 1.49485E-5 1.67649E-5 1.96333E-5 2.083E-5 2.02119E-5 1.74073E-5 1.8323E-5 1.60865E-5 1.56725E-5 1.5111E-5 1.35688E-5 1.26333E-5 1.10776E-5 1.40897E-5 1.33131E-5 1.55531E-5 1.33156E-5 1.33273E-5 1.35143E-5 1.31133E-5 1.25471E-5 1.2184E-5 1.19766E-5 1.17312E-5 1.24217E-5 1.16265E-5 1.10505E-5
-9999 -9999 -9999 2.32249E-5 7.64025E-5 6.24334E-5 4.57304E-5 2.67479E-5 2.73359E-5 3.37162E-5 2.0423E-5 1.6754E-5 2.2609E-5 2.00616E-5 1.60083E-5 1.51482E-5 1.86401E-5 1.69845E-5 2.00806E-5 1.57866E-5 2.30961E-5 4.8058E-5 1.4522E-5 1.93188E-5 2.51897E-5 1.6973E-5 2.78861E-5 1.65008E-5 1.71202E-5 2.03289E-5 2.38309E-5 1.90623E-5 9.93453E-6 1.55061E-5 1.695E-5 1.68873E-5 2.09545E-5 1.98595E-5 1.71446E-5 1.78298E-5 1.70315E-5 1.75028E-5 1.81716E-5 1.73242E-5 1.39021E-5 1.32551E-5 1.254E-5 1.25973E-5 1.43189E-5 1.4309E-5 1.46213E-5 1.43832E-5 1.45077E-5 1.40689E-5 1.3567E-5 1.37598E-5 1.22558E-5 1.19713E-5 1.17798E-5 1.19581E-5 1.1689E-5
-9999 -9999 -9999 1.81317E-5 1.45025E-4 6.11072E-5 4.25823E-5 1.90569E-5 3.09792E-5 2.84268E-5 2.27523E-5 2.1085E-5 1.7963E-5 1.85415E-5 2.19068E-5 1.91808E-5 1.46627E-5 2.57637E-5 1.87659E-5 1.49627E-5 1.56395E-5 2.1124E-5 1.56619E-5 1.3951E-5 1.82297E-5 2.03502E-5 1.87693E-5 1.11705E-5 7.0509E-6 1.41969E-5 2.28016E-5 1.3603E-5 1.17865E-5 1.71419E-5 1.71046E-5 1.72759E-5 2.2675E-5 2.68524E-5 2.08735E-5 2.17076E-5 1.76812E-5 1.85592E-5 2.03379E-5 1.73269E-5 1.7457E-5 1.48863E-5 1.48862E-5 1.45998E-5 1.46749E-5 1.36295E-5 1.55451E-5 1.41901E-5 1.51478E-5 1.44377E-5 1.38066E-5 1.34492E-5 1.31246E-5 1.25395E-5 1.2359E-5 1.21854E-5 1.19067E-5
-9999 -9999 -9999 8.80794E-6 1.24378E-4 3.30393E-5 3.69226E-5 4.47609E-5 1.75827E-5 4.41788E-5 3.03864E-5 2.25894E-5 2.24719E-5 2.44192E-5 1.74546E-5 1.84885E-5 1.32966E-5 2.19325E-5 1.39398E-5 1.93623E-5 2.64062E-5 1.81286E-5 2.56567E-5 1.65557E-5 1.87719E-5 2.16657E-5 1.92434E-5 1.68432E-5 1.15376E-5 1.24874E-5 2.8164E-5 1.80291E-5 1.72339E-5 1.8041E-5 1.6832E-5 1.80902E-5 1.99954E-5 2.04961E-5 2.59932E-5 2.35911E-5 1.98013E-5 1.76022E-5 1.96445E-5 2.26436E-5 1.55765E-5 1.62581E-5 1.60685E-5 1.55912E-5 1.57444E-5 1.46535E-5 1.62998E-5 1.64551E-5 1.52804E-5 1.50807E-5 1.48774E-5 1.42323E-5 1.31001E-5 1.27838E-5 1.28242E-5 1.26906E-5 1.28006E-5
-9999 -9999 -9999 -9999 3.79524E-5 3.17184E-5 2.01757E-5 1.60167E-5 2.14433E-5 5.22989E-5 3.3654E-5 2.34512E-5 2.91616E-5 1.97938E-5 1.80274E-5 3.6551E-5 4.0931E-5 1.95363E-5 1.83972E-5 1.89981E-5 1.81677E-5 1.74295E-5 1.76223E-5 1.36E-5 1.83532E-5 2.53525E-5 2.07384E-5 1.9564E-5 1.60594E-5 1.62869E-5 1.3122E-5 1.52673E-5 2.24824E-5 2.07631E-5 1.94938E-5 1.92535E-5 1.91071E-5 2.15567E-5 2.31942E-5 2.3362E-5 2.21286E-5 1.9372E-5 1.77964E-5 1.74297E-5 1.72518E-5 1.76285E-5 1.86634E-5 1.83816E-5 2.24429E-5 1.66568E-5 1.69557E-5 1.5893E-5 1.58279E-5 1.7197E-5 1.90611E-5 1.47353E-5 1.46063E-5 1.25586E-5 1.27244E-5 1.29967E-5 1.29459E-5
-9999 -9999 -9999 -9999 6.1097E-6 1.68353E-5 2.09463E-5 2.01098E-5 1.2753E-5 5.1502E-5 4.11558E-5 1.78887E-5 1.89322E-5 2.60383E-5 2.28867E-5 2.30803E-5 2.65288E-5 2.62812E-5 1.82398E-5 2.26208E-5 2.11321E-5 2.147E-5 1.69296E-5 1.49838E-5 1.46659E-5 1.67685E-5 3.65902E-5 2.47911E-5 2.77709E-5 3.0737E-5 1.53274E-5 1.77626E-5 2.35087E-5 2.19314E-5 2.13477E-5 1.96579E-5 1.95486E-5 2.05311E-5 2.53432E-5 2.75502E-5 3.17689E-5 2.81634E-5 1.87839E-5 1.81264E-5 1.87478E-5 2.05975E-5 2.16234E-5 2.32042E-5 2.2725E-5 1.93904E-5 1.7458E-5 1.62947E-5 1.5756E-5 1.64981E-5 1.6429E-5 1.10118E-5 1.12459E-5 1.34708E-5 1.43377E-5 1.42999E-5 1.39236E-5
-9999 -9999 -9999 -9999 8.95604E-6 8.50939E-6 8.89374E-6 2.0467E-5 3.06146E-5 4.42835E-5 4.26297E-5 9.24167E-6 1.66817E-5 2.39917E-5 2.57569E-5 2.4409E-5 3.47777E-5 3.61139E-5 1.65527E-5 2.02987E-5 2.30475E-5 1.91099E-5 1.99636E-5 2.20453E-5 3.03164E-5 2.83931E-5 3.57403E-5 1.60399E-5 2.42786E-5 2.18134E-5 2.1525E-5 2.62973E-5 2.25432E-5 2.05813E-5 2.12159E-5 2.05318E-5 2.01543E-5 2.03597E-5 3.12258E-5 4.02586E-5 2.26867E-5 2.22614E-5 1.93631E-5 1.99791E-5 2.01767E-5 2.58777E-5 2.7703E-5 2.89553E-5 -9999 2.05363E-5 1.89454E-5 1.7341E-5 1.94093E-5 1.54549E-5 2.2036E-5 1.37312E-5 1.64797E-5 1.73271E-5 1.69083E-5 1.38707E-5 1.42274E-5
-9999 -9999 -9999 -9999 7.52703E-6 9.30642E-6 6.78725E-6 5.15852E-6 1.53797E-5 2.72185E-5 3.39159E-5 1.47942E-5 1.32309E-5 1.58464E-5 2.90364E-5 3.79942E-5 3.60185E-5 2.3873E-5 2.02595E-5 2.03194E-5 3.17888E-5 2.4916E-5 2.37672E-5 5.37994E-5 2.83624E-5 2.35631E-5 2.87317E-5 1.85957E-5 1.92038E-5 1.86747E-5 2.10722E-5 2.57657E-5 2.30157E-5 2.41966E-5 2.36663E-5 2.19608E-5 2.12287E-5 2.15459E-5 2.1121E-5 2.49268E-5 3.5778E-5 2.20277E-5 2.19225E-5 2.1079E-5 2.25247E-5 2.48279E-5 -9999 -9999 -9999 -9999 2.52618E-5 2.0175E-5 1.83779E-5 1.64318E-5 1.86176E-5 1.80007E-5 1.60175E-5 1.44409E-5 1.43013E-5 1.41968E-5 1.41318E-5
-9999 -9999 -9999 -9999 5.12042E-6 6.22874E-6 7.4731E-6 6.75424E-6 1.33901E-5 2.49145E-5 3.50503E-5 4.00642E-5 1.65796E-5 2.9501E-5 3.12583E-5 3.21312E-5 2.51967E-5 1.90285E-5 1.51999E-5 1.97278E-5 1.8562E-5 2.02567E-5 2.21607E-5 2.43825E-5 1.64408E-5 2.15248E-5 3.4184E-5 1.63752E-5 2.30291E-5 2.16694E-5 2.2925E-5 2.28401E-5 2.3767E-5 2.57354E-5 2.38298E-5 2.89754E-5 2.26635E-5 2.18103E-5 2.22686E-5 2.29375E-5 2.45536E-5 2.13784E-5 2.259E-5 2.40906E-5 2.77261E-5 -9999 -9999 -9999 -9999 3.24155E-5 2.8164E-5 2.37066E-5 1.93307E-5 1.77481E-5 1.9476E-5 1.80783E-5 1.60524E-5 1.38826E-5 1.39796E-5 1.42438E-5 1.38791E-5
-9999 -9999 -9999 -9999 7.76311E-6 6.48821E-6 9.6193E-6 4.77168E-6 1.08994E-5 3.06517E-5 7.25798E-5 4.99874E-5 1.71666E-5 3.88685E-5 3.77919E-5 3.44721E-5 2.55738E-5 2.70377E-5 1.59884E-5 1.8304E-5 1.68698E-5 2.25546E-5 2.10199E-5 1.72881E-5 1.49803E-5 1.68879E-5 2.56524E-5 2.24943E-5 2.74407E-5 3.12436E-5 2.88062E-5 2.33401E-5 2.48822E-5 2.41411E-5 2.42068E-5 2.54999E-5 2.78335E-5 2.45344E-5 2.38733E-5 2.46994E-5 2.37339E-5 2.44835E-5 3.04347E-5 3.71172E-5 3.44551E-5 -9999 -9999 -9999 3.60635E-5 2.89872E-5 3.82199E-5 2.81279E-5 2.3121E-5 2.60986E-5 1.82723E-5 2.05765E-5 1.60909E-5 1.54733E-5 1.55324E-5 2.00864E-5 1.53764E-5
-9999 -9999 -9999 1.25414E-5 7.05292E-6 1.25719E-5 4.5663E-6 6.25231E-6 8.37684E-6 3.37505E-5 9.66298E-5 4.53517E-5 2.14778E-5 2.13625E-5 2.6363E-5 2.3314E-5 3.08048E-5 3.09971E-5 2.81194E-5 1.76511E-5 1.54093E-5 1.7658E-5 1.66758E-5 1.56558E-5 2.31882E-5 1.45489E-5 1.54572E-5 2.50851E-5 2.66326E-5 3.41113E-5 3.86006E-5 3.27637E-5 2.59366E-5 2.61645E-5 2.61269E-5 2.50963E-5 2.50277E-5 2.51408E-5 2.33327E-5 2.46294E-5 2.68641E-5 2.57845E-5 2.70639E-5 3.73809E-5 6.23148E-5 4.63691E-5 3.15179E-5 3.10313E-5 2.93861E-5 2.68778E-5 3.30639E-5 3.28606E-5 2.47498E-5 2.28491E-5 2.36654E-5 2.24148E-5 1.65389E-5 1.53935E-5 1.76207E-5 1.80174E-5 1.60998E-5
-9999 -9999 -9999 -9999 6.67801E-6 1.74126E-5 7.97316E-6 -9999 1.01122E-5 4.26623E-5 9.51371E-5 5.13867E-5 2.58822E-5 2.08429E-5 2.37852E-5 2.7663E-5 4.05371E-5 3.38229E-5 3.19611E-5 2.75235E-5 1.61397E-5 2.36733E-5 1.5563E-5 3.08364E-5 3.59988E-5 2.2646E-5 1.44944E-5 2.88476E-5 2.72563E-5 3.02547E-5 3.32248E-5 3.56711E-5 3.17616E-5 2.81664E-5 2.92398E-5 2.86056E-5 3.31668E-5 3.15456E-5 2.80557E-5 2.64183E-5 2.47716E-5 2.41546E-5 2.65326E-5 3.57957E-5 5.0836E-5 3.73631E-5 3.17276E-5 2.83821E-5 3.1152E-5 2.75858E-5 3.23785E-5 3.22768E-5 2.69426E-5 2.24854E-5 2.35909E-5 2.34054E-5 1.68267E-5 1.63402E-5 1.95475E-5 1.84075E-5 1.61736E-5
-9999 -9999 -9999 -9999 6.24437E-6 5.561E-6 6.47948E-6 1.18715E-5 1.07591E-5 6.13543E-5 8.0553E-5 3.63384E-5 4.87885E-5 3.27932E-5 2.95401E-5 3.20099E-5 2.23245E-5 4.27002E-5 3.17929E-5 2.5308E-5 2.30675E-5 1.7929E-5 1.9131E-5 4.64549E-5 2.38021E-5 2.021E-5 1.76535E-5 2.35108E-5 2.17447E-5 3.02516E-5 3.70923E-5 4.24322E-5 3.89175E-5 3.56398E-5 3.46657E-5 3.04894E-5 3.26755E-5 3.41699E-5 3.01376E-5 3.04545E-5 2.98314E-5 2.78226E-5 2.91538E-5 3.43097E-5 3.21736E-5 3.24541E-5 3.80157E-5 4.15991E-5 3.1512E-5 2.9526E-5 3.25059E-5 2.6829E-5 2.28764E-5 2.07291E-5 2.0616E-5 1.96568E-5 1.83173E-5 1.62967E-5 1.86549E-5 1.87967E-5 1.68011E-5
-9999 -9999 -9999 -9999 6.89231E-6 6.77135E-6 8.66896E-6 7.6864E-6 9.2516E-6 3.80125E-5 5.68144E-5 2.69654E-5 4.48689E-5 4.14882E-5 3.25507E-5 3.50488E-5 3.20607E-5 4.33732E-5 3.40594E-5 2.70556E-5 2.39189E-5 2.34801E-5 1.39196E-5 2.84661E-5 6.09089E-5 3.93414E-5 2.12149E-5 2.82541E-5 3.23289E-5 3.72146E-5 3.638E-5 3.71505E-5 4.64871E-5 4.23879E-5 4.20859E-5 3.30661E-5 3.20225E-5 3.2181E-5 3.90079E-5 3.59771E-5 3.1498E-5 3.1831E-5 3.71991E-5 3.28672E-5 3.05395E-5 3.05371E-5 4.20898E-5 4.52617E-5 2.96448E-5 3.29323E-5 2.91148E-5 2.65329E-5 2.27756E-5 2.16797E-5 2.06605E-5 2.00863E-5 1.84254E-5 2.189E-5 2.08095E-5 1.84711E-5 1.72327E-5
-9999 -9999 -9999 -9999 -9999 7.45172E-6 9.85787E-6 1.07926E-5 6.44068E-6 1.23826E-5 2.53982E-5 3.42971E-5 4.22447E-5 3.82142E-5 5.51337E-5 3.86632E-5 5.89471E-5 3.80983E-5 4.28976E-5 3.11724E-5 2.78935E-5 3.43538E-5 2.24797E-5 3.25015E-5 5.07362E-5 7.87925E-5 3.18879E-5 2.14325E-5 2.47053E-5 3.8121E-5 4.04746E-5 4.65567E-5 4.41223E-5 4.50651E-5 4.03434E-5 3.70449E-5 3.50873E-5 3.68504E-5 3.36646E-5 3.52895E-5 3.47353E-5 3.26658E-5 3.79123E-5 3.12489E-5 3.01381E-5 2.8062E-5 4.6792E-5 3.18066E-5 3.41422E-5 2.93279E-5 2.72195E-5 2.77348E-5 2.38362E-5 2.36491E-5 2.22043E-5 2.22278E-5 2.35135E-5 1.66911E-5 1.96836E-5 2.01812E-5 1.79469E-5
-9999 -9999 -9999 -9999 -9999 2.02158E-5 4.62409E-6 1.09303E-5 7.29124E-6 1.06775E-5 1.91266E-5 2.00547E-5 1.83272E-5 2.48159E-5 4.31935E-5 4.27958E-5 5.73456E-5 5.18845E-5 4.91515E-5 4.08221E-5 4.0502E-5 1.47608E-5 2.52233E-5 2.36989E-5 5.51967E-5 6.77302E-5 2.88317E-5 2.71494E-5 2.94117E-5 4.10604E-5 3.83955E-5 4.35859E-5 4.24594E-5 3.73658E-5 3.62638E-5 3.59452E-5 4.10862E-5 4.37601E-5 3.76396E-5 3.76669E-5 3.93128E-5 3.6468E-5 3.28127E-5 3.90182E-5 4.95373E-5 3.86063E-5 3.32391E-5 3.7729E-5 3.66032E-5 4.01747E-5 3.1224E-5 2.89613E-5 3.40977E-5 2.5405E-5 2.33622E-5 3.15597E-5 2.15506E-5 1.81703E-5 1.92317E-5 2.00397E-5 1.95839E-5
-9999 -9999 -9999 -9999 -9999 1.76763E-5 1.26719E-5 3.3736E-6 5.71242E-6 5.59475E-6 1.37083E-5 3.1359E-5 2.35278E-5 3.04488E-5 3.49464E-5 3.32195E-5 3.50715E-5 4.28201E-5 4.64184E-5 4.74427E-5 2.24516E-5 2.33391E-5 2.14104E-5 1.94088E-5 3.27238E-5 5.28332E-5 2.21784E-5 3.97785E-5 4.10346E-5 3.0627E-5 3.86162E-5 3.88116E-5 4.23561E-5 3.96571E-5 4.26024E-5 4.21424E-5 3.98812E-5 4.93299E-5 4.54194E-5 4.34088E-5 4.23965E-5 4.01666E-5 4.58877E-5 4.33833E-5 4.45564E-5 5.78206E-5 3.56262E-5 3.46E-5 3.31743E-5 3.3601E-5 3.31916E-5 3.50026E-5 3.92398E-5 2.74576E-5 2.7927E-5 2.21082E-5 2.00652E-5 1.92775E-5 1.85793E-5 1.82236E-5 1.7052E-5
-9999 -9999 -9999 -9999 -9999 1.36195E-5 4.91888E-6 7.92463E-6 9.00154E-6 7.13378E-6 1.04923E-5 1.38472E-5 4.25083E-5 3.34222E-5 3.3668E-5 2.36835E-5 2.40433E-5 2.01062E-5 3.77745E-5 3.73522E-5 2.87141E-5 3.76533E-5 3.04888E-5 1.65482E-5 2.01484E-5 6.0012E-5 2.62327E-5 2.62299E-5 3.92267E-5 2.61564E-5 3.7181E-5 4.35774E-5 4.66596E-5 4.78868E-5 4.66358E-5 4.43633E-5 4.83862E-5 4.19033E-5 4.43127E-5 4.82223E-5 7.98779E-5 5.61568E-5 4.33857E-5 4.00504E-5 3.91751E-5 3.68401E-5 3.53887E-5 3.61157E-5 3.59933E-5 4.21978E-5 3.82354E-5 3.26116E-5 4.31356E-5 4.11524E-5 2.92853E-5 -9999 2.64053E-5 2.25006E-5 2.11951E-5 2.00494E-5 1.94129E-5
