Candidate_Models_Sept202022/M_8_F_lqp_Set_1_all/Bison.asc
ncols         97
nrows         127
xllcorner     -2197417.7431653
yllcorner     -584827.01486885
cellsize      30000.0
NODATA_value  -9999
[rows 81 to 107 of 127, columns 0 to 60 of 97]
-9999 -9999 -9999 -9999 -9999 -9999 -9999 -9999 -9999 -9999 -9999 8.10813E-6 4.18983E-6 8.03919E-6 2.49766E-5 1.64205E-5 1.05527E-5 5.77076E-6 1.40604E-5 4.44671E-5 2.22047E-5 3.89529E-5 1.58676E-5 3.39236E-5 7.95062E-5 1.33826E-4 6.06765E-5 5.02342E-5 7.97869E-5 2.24569E-5 1.99743E-5 1.72828E-5 2.74806E-5 4.60818E-5 3.63236E-5 4.67584E-5 7.00452E-5 6.34917E-5 1.62219E-4 6.39427E-4 6.14198E-4 5.18105E-4 5.41751E-4 7.12992E-4 5.0181E-4 2.71299E-4 2.4662E-4 2.31748E-4 2.62924E-4 3.00649E-4 3.37777E-4 5.07281E-4 5.51273E-4 5.27957E-4 6.08379E-4 3.34409E-4 4.41616E-4 4.44982E-4 4.10844E-4 3.92126E-4 4.50885E-4
-9999 -9999 -9999 -9999 -9999 -9999 -9999 -9999 -9999 -9999 -9999 -9999 6.26998E-6 5.14552E-6 1.20841E-5 3.1321E-5 1.63437E-5 1.32793E-5 6.65988E-6 2.11981E-5 1.37305E-5 1.18336E-5 1.34112E-5 3.04452E-5 1.30719E-4 1.64809E-4 7.31425E-5 5.3569E-5 9.24007E-5 2.0951E-5 1.16273E-5 1.77561E-5 1.77942E-5 3.48242E-5 5.26903E-5 3.27453E-5 4.65494E-5 4.95454E-5 7.38722E-5 4.70831E-4 5.78456E-4 5.49395E-4 5.0967E-4 5.72552E-4 4.68348E-4 2.98381E-4 2.14587E-4 2.42833E-4 2.70878E-4 3.92548E-4 3.96235E-4 4.70754E-4 6.58409E-4 4.6551E-4 4.45606E-4 5.77463E-4 4.5423E-4 3.18562E-4 4.06143E-4 3.58516E-4 4.7926E-4
-9999 -9999 -9999 -9999 -9999 -9999 -9999 -9999 -9999 -9999 -9999 -9999 -9999 8.13931E-6 3.81203E-6 1.26464E-5 4.11737E-5 2.73786E-5 3.68854E-5 8.67323E-6 7.83764E-6 8.67023E-6 5.90781E-6 2.72249E-5 6.27063E-5 6.02863E-5 4.01919E-5 8.5006E-5 4.66953E-5 2.55893E-5 1.46529E-5 1.18827E-5 1.13269E-5 1.68788E-5 3.33334E-5 6.0473E-5 3.01477E-5 6.09519E-5 6.43766E-5 5.03436E-4 6.31101E-4 6.03195E-4 5.12783E-4 4.66379E-4 3.88098E-4 2.71141E-4 2.52825E-4 2.62095E-4 2.9763E-4 3.50017E-4 4.03516E-4 4.72541E-4 6.67587E-4 5.84038E-4 5.11698E-4 5.00275E-4 5.10345E-4 4.46316E-4 3.82618E-4 4.02435E-4 3.64542E-4
-9999 -9999 -9999 -9999 -9999 -9999 -9999 -9999 -9999 -9999 -9999 -9999 -9999 1.06585E-5 5.81446E-6 1.13401E-5 2.58837E-5 -9999 7.46535E-5 9.72442E-5 5.67023E-5 1.68121E-5 6.10701E-6 2.2407E-5 6.31089E-5 5.48237E-5 6.1955E-5 5.88887E-5 3.33006E-5 3.54914E-5 2.17217E-5 1.28846E-5 1.20219E-5 1.74782E-5 2.9955E-5 3.76441E-5 2.89441E-5 5.88327E-5 5.7411E-5 5.55489E-4 4.13951E-4 4.9369E-4 5.33243E-4 3.56623E-4 3.46169E-4 4.85445E-4 3.31355E-4 3.33417E-4 2.73066E-4 3.18191E-4 3.86377E-4 4.06241E-4 4.01158E-4 3.48458E-4 4.32972E-4 2.7671E-4 3.97659E-4 3.39599E-4 3.50183E-4 4.9361E-4 4.42835E-4
-9999 -9999 -9999 -9999 -9999 -9999 -9999 -9999 -9999 -9999 -9999 -9999 -9999 1.06013E-5 7.06445E-6 1.13794E-5 2.59344E-5 -9999 5.84886E-5 1.39581E-4 2.27099E-5 7.47679E-6 5.94443E-6 2.22355E-5 3.83638E-5 2.65494E-5 7.10339E-5 3.0046E-5 3.13856E-5 1.95191E-5 1.787E-5 9.00672E-6 2.0542E-5 1.87514E-5 2.41027E-5 4.88289E-5 4.26637E-5 3.88438E-5 7.04526E-5 1.80901E-4 5.25501E-4 4.34006E-4 5.30757E-4 4.24113E-4 3.01212E-4 3.88441E-4 2.36982E-4 2.48923E-4 2.88091E-4 4.533E-4 5.06298E-4 2.96734E-4 4.29917E-4 5.97802E-4 3.98839E-4 3.15253E-4 3.92825E-4 3.61723E-4 4.24086E-4 4.23893E-4 3.97416E-4
-9999 -9999 -9999 -9999 -9999 -9999 -9999 -9999 -9999 -9999 -9999 -9999 -9999 1.02105E-5 1.12894E-5 1.57769E-5 2.94277E-5 -9999 2.14198E-5 3.60985E-5 1.76308E-5 2.48127E-5 1.2647E-5 1.77381E-5 5.60823E-5 8.39818E-5 1.14762E-4 3.30892E-5 2.35704E-5 2.22804E-5 2.49645E-5 1.29566E-5 2.87723E-5 1.86328E-5 1.56839E-5 9.55956E-5 2.72506E-5 4.06925E-5 5.75837E-5 4.41041E-4 4.29153E-4 4.50918E-4 5.07742E-4 5.40544E-4 4.93766E-4 3.51929E-4 2.62252E-4 2.89962E-4 3.37351E-4 4.55305E-4 3.89063E-4 2.22478E-4 3.25757E-4 5.68386E-4 5.54217E-4 5.0965E-4 4.38838E-4 2.49554E-4 3.41712E-4 4.62263E-4 5.90373E-4
-9999 -9999 -9999 -9999 -9999 -9999 -9999 -9999 -9999 -9999 -9999 -9999 -9999 1.29119E-5 4.6386E-6 5.09559E-6 7.60803E-5 -9999 5.49627E-5 3.38367E-5 1.18803E-5 6.42852E-6 3.69656E-5 4.50342E-5 4.0568E-5 7.73803E-5 1.81047E-4 7.7069E-5 5.43442E-5 2.09219E-5 3.3707E-5 1.63378E-5 1.68392E-5 2.75512E-5 4.74532E-5 5.78732E-5 4.42515E-5 4.25452E-5 1.35262E-4 4.7045E-4 3.13717E-4 3.94895E-4 6.64359E-4 5.52382E-4 4.48431E-4 3.87446E-4 4.71418E-4 4.93767E-4 4.16736E-4 2.58706E-4 2.70538E-4 2.21662E-4 3.4383E-4 4.37132E-4 5.76038E-4 5.95068E-4 4.52307E-4 3.11209E-4 2.6958E-4 3.13874E-4 5.35156E-4
-9999 -9999 -9999 -9999 -9999 -9999 -9999 -9999 -9999 -9999 -9999 -9999 -9999 1.03543E-5 4.32913E-6 6.59426E-6 7.93804E-6 2.651E-5 3.78555E-5 4.00657E-5 6.19927E-6 9.384E-6 4.66606E-5 5.54881E-5 1.0732E-4 1.63542E-4 1.25392E-4 6.04649E-5 3.21849E-5 4.28625E-5 2.94756E-5 1.3621E-5 1.38384E-5 8.45795E-5 2.32228E-5 3.17646E-5 5.34226E-5 3.68728E-5 5.64438E-5 7.28837E-4 3.74176E-4 4.71808E-4 4.57687E-4 5.79392E-4 4.91839E-4 5.23798E-4 3.61941E-4 3.1729E-4 5.63286E-4 5.93424E-4 4.53655E-4 4.60055E-4 6.40999E-4 5.70809E-4 5.54663E-4 6.61277E-4 5.62744E-4 5.61366E-4 4.5833E-4 3.0896E-4 4.31593E-4
-9999 -9999 -9999 -9999 -9999 -9999 -9999 -9999 -9999 -9999 -9999 -9999 -9999 1.61335E-5 5.68567E-6 4.65087E-6 6.88217E-6 2.4812E-5 5.18252E-5 4.00838E-5 5.48823E-6 1.93367E-5 3.16769E-5 7.22665E-5 1.80954E-4 1.28487E-4 7.36708E-5 3.92561E-5 3.26153E-5 1.09706E-4 3.05216E-5 2.71403E-5 2.98501E-5 1.05359E-4 2.33663E-5 3.12011E-5 6.55433E-5 3.33421E-5 5.24698E-5 1.49741E-4 6.50031E-4 4.36495E-4 3.67597E-4 4.32269E-4 5.35471E-4 5.18366E-4 3.54936E-4 2.75417E-4 2.80707E-4 3.26753E-4 3.2612E-4 4.00072E-4 5.38223E-4 5.85486E-4 5.3301E-4 5.57097E-4 4.91277E-4 5.95298E-4 6.04926E-4 5.26321E-4 3.48127E-4
-9999 -9999 -9999 -9999 -9999 -9999 -9999 -9999 -9999 -9999 -9999 -9999 -9999 1.8542E-5 1.4929E-5 1.45506E-5 2.58654E-5 3.16386E-5 4.81696E-5 2.35871E-5 5.72198E-6 1.75318E-5 4.24358E-5 2.1563E-4 2.81116E-4 1.30572E-4 1.10566E-4 4.28212E-5 6.44939E-5 9.70173E-5 5.35644E-5 3.29683E-5 5.2065E-5 3.35418E-5 2.04745E-5 2.8398E-5 3.69932E-5 3.04138E-5 5.53473E-5 1.31258E-4 3.62367E-4 3.2153E-4 3.86749E-4 3.09365E-4 3.79832E-4 4.58597E-4 2.69062E-4 2.68558E-4 2.33094E-4 2.48538E-4 3.03586E-4 2.95507E-4 5.10952E-4 3.9019E-4 3.38376E-4 4.07661E-4 4.47687E-4 4.81789E-4 4.78526E-4 4.16529E-4 4.0562E-4
-9999 -9999 -9999 -9999 -9999 -9999 -9999 -9999 -9999 -9999 -9999 -9999 -9999 2.02903E-5 2.3578E-5 2.40327E-5 3.47631E-5 4.89028E-5 6.26287E-5 1.49389E-5 2.1642E-5 4.00151E-5 1.13784E-4 3.13108E-4 2.01778E-4 1.16788E-4 1.74091E-4 1.43083E-4 9.27555E-5 9.68527E-5 1.08658E-4 6.40058E-5 6.26858E-5 2.80616E-5 1.56773E-5 3.81643E-5 4.74574E-5 6.29661E-5 8.16883E-5 4.50665E-5 3.65238E-4 2.69745E-4 3.38727E-4 3.67386E-4 2.02093E-4 2.66003E-4 3.03413E-4 2.50831E-4 2.63074E-4 2.26012E-4 2.21393E-4 2.76161E-4 3.17201E-4 3.4616E-4 3.19117E-4 2.82969E-4 2.96002E-4 3.1E-4 3.7982E-4 3.89522E-4 3.6206E-4
-9999 -9999 -9999 -9999 -9999 -9999 -9999 -9999 -9999 -9999 -9999 -9999 -9999 1.8214E-5 1.71453E-5 5.01854E-5 4.61741E-5 4.40993E-5 2.20865E-5 1.80681E-5 3.93156E-5 8.98143E-5 1.22666E-4 1.74925E-4 1.95348E-4 1.24779E-4 1.53062E-4 1.3057E-4 2.0982E-4 1.79209E-4 1.86698E-4 1.16845E-4 2.91968E-5 1.91E-5 1.67247E-5 3.50485E-5 9.26154E-5 1.33904E-4 3.25167E-4 3.3936E-5 1.05847E-4 5.32964E-4 2.83009E-4 3.56892E-4 2.418E-4 2.78603E-4 2.91747E-4 2.65623E-4 2.5314E-4 2.77154E-4 2.26042E-4 2.65438E-4 3.3379E-4 3.33408E-4 3.05291E-4 3.08927E-4 2.37985E-4 3.571E-4 3.20937E-4 4.17368E-4 4.05225E-4
-9999 -9999 -9999 -9999 -9999 -9999 -9999 -9999 -9999 -9999 -9999 -9999 1.54339E-5 1.42826E-5 1.70333E-5 5.88501E-5 3.57627E-5 2.11388E-5 2.68756E-5 1.66773E-5 4.33832E-5 1.7915E-4 1.84179E-4 2.20884E-4 1.74103E-4 1.42659E-4 1.33822E-4 1.93288E-4 1.52735E-4 1.78715E-4 3.39517E-4 7.91242E-5 2.70961E-5 2.08264E-5 2.45015E-5 2.81198E-5 7.01974E-5 1.47778E-4 6.88352E-5 3.1011E-5 3.85318E-5 3.59885E-4 3.48884E-4 3.6428E-4 3.15658E-4 2.39156E-4 2.55637E-4 2.48996E-4 2.43423E-4 4.94158E-4 3.06343E-4 2.49759E-4 2.56564E-4 2.93253E-4 2.64389E-4 2.78975E-4 2.50665E-4 3.88137E-4 2.87717E-4 2.86266E-4 3.85414E-4
-9999 -9999 -9999 -9999 -9999 -9999 -9999 -9999 -9999 -9999 -9999 -9999 2.85469E-5 1.98441E-5 2.35406E-5 3.70904E-5 2.29124E-5 2.74632E-5 1.24645E-5 2.50148E-5 1.04542E-4 2.57978E-4 1.21281E-4 1.61653E-4 1.48559E-4 1.92814E-4 2.03663E-4 1.41751E-4 1.26396E-4 2.48882E-4 3.14529E-4 1.11682E-4 3.0693E-5 2.72539E-5 1.67581E-5 2.728E-5 1.88525E-4 3.20878E-4 1.30938E-4 2.75027E-5 7.17676E-5 2.55667E-4 2.2631E-4 2.65665E-4 2.72575E-4 3.09571E-4 2.38614E-4 2.84339E-4 3.42948E-4 5.4369E-4 4.22572E-4 2.62675E-4 2.00798E-4 2.61692E-4 2.40334E-4 2.69346E-4 2.41943E-4 2.75836E-4 2.98978E-4 2.61731E-4 2.88356E-4
-9999 -9999 -9999 -9999 -9999 -9999 -9999 -9999 -9999 -9999 -9999 -9999 1.43646E-5 1.81873E-5 3.03658E-5 3.02774E-5 1.66535E-5 3.15114E-5 4.13005E-5 7.47529E-5 1.50712E-4 2.4195E-4 1.66412E-4 1.0499E-4 1.24034E-4 1.85093E-4 1.27661E-4 9.65526E-5 1.39922E-4 3.28625E-4 3.23193E-4 6.81638E-5 4.15414E-5 2.49662E-5 2.1372E-5 2.00838E-5 1.57381E-4 3.87783E-4 1.54372E-4 5.93733E-5 8.11721E-5 3.87542E-4 2.4067E-4 2.74038E-4 2.52053E-4 2.85492E-4 2.71423E-4 2.62889E-4 3.23329E-4 2.95789E-4 2.01469E-4 3.55879E-4 3.26139E-4 1.93384E-4 2.1491E-4 2.04147E-4 2.18615E-4 3.21527E-4 2.56048E-4 2.66479E-4 3.61862E-4
-9999 -9999 -9999 -9999 -9999 -9999 -9999 -9999 -9999 -9999 -9999 -9999 2.05466E-5 1.83219E-5 6.5469E-5 6.28484E-5 2.62605E-5 2.30564E-5 5.97331E-5 7.87757E-5 1.2085E-4 1.48168E-4 1.87587E-4 1.3871E-4 1.41865E-4 1.26425E-4 1.3317E-4 1.08478E-4 2.10999E-4 4.97032E-4 3.38594E-4 1.30775E-4 4.35607E-5 2.38199E-5 2.35821E-5 2.73167E-5 5.15645E-5 1.88706E-4 6.17766E-5 6.84877E-5 6.96777E-5 3.79508E-4 3.18311E-4 3.7013E-4 2.83614E-4 3.22142E-4 5.57875E-4 3.34857E-4 2.99721E-4 2.95657E-4 2.24719E-4 1.80135E-4 2.06788E-4 2.1165E-4 2.83781E-4 2.52419E-4 2.00271E-4 2.20075E-4 2.3764E-4 2.73191E-4 2.66197E-4
-9999 -9999 -9999 -9999 -9999 -9999 -9999 -9999 -9999 -9999 -9999 1.74955E-5 1.70408E-5 8.22981E-5 8.48981E-5 7.43194E-5 4.06383E-5 1.86771E-5 9.26018E-5 2.11485E-4 1.56154E-4 1.38687E-4 1.39854E-4 1.87834E-4 1.86919E-4 1.29435E-4 1.55758E-4 3.8722E-4 3.111E-4 3.15652E-4 6.06403E-4 3.09534E-4 4.19508E-5 5.99513E-5 2.17678E-5 4.30788E-5 4.34564E-5 2.97612E-4 9.58549E-5 1.11274E-4 2.27883E-4 1.03081E-4 5.03401E-4 3.09734E-4 5.39321E-4 8.55057E-4 6.02298E-4 2.03396E-4 2.53493E-4 3.66685E-4 2.93668E-4 1.86054E-4 2.06675E-4 2.37136E-4 2.33539E-4 2.37091E-4 2.37944E-4 2.40302E-4 2.65889E-4 2.90709E-4 2.46601E-4
-9999 -9999 -9999 -9999 -9999 -9999 -9999 -9999 -9999 -9999 -9999 1.48701E-5 5.30443E-5 9.46501E-5 6.86643E-5 8.92555E-5 2.92327E-5 3.55868E-5 1.47286E-4 1.73546E-4 1.54152E-4 9.90966E-5 1.06847E-4 1.33791E-4 1.44075E-4 1.58401E-4 3.20615E-4 7.2804E-5 5.37344E-5 4.67714E-4 3.2659E-4 4.37855E-4 1.576E-4 5.56874E-5 4.05598E-5 3.9803E-5 6.17533E-5 5.86073E-4 4.44164E-5 2.71041E-4 2.05625E-4 1.88237E-4 3.26903E-4 2.29768E-4 3.97438E-4 9.9831E-5 6.11544E-5 4.26127E-4 2.5123E-4 4.18332E-4 3.20166E-4 2.03265E-4 2.16112E-4 2.20526E-4 2.30758E-4 2.2874E-4 2.08428E-4 2.126E-4 2.59556E-4 2.81015E-4 2.80157E-4
-9999 -9999 -9999 -9999 -9999 -9999 -9999 -9999 -9999 -9999 2.21646E-5 1.62848E-5 6.50993E-5 8.92196E-5 1.29041E-4 1.91213E-5 2.18766E-5 6.0529E-5 1.08622E-4 9.90299E-5 1.03923E-4 1.51136E-4 1.42437E-4 1.47818E-4 1.24839E-4 2.84309E-4 1.40376E-4 6.24748E-5 9.66343E-5 1.49245E-4 1.60547E-4 4.39741E-4 2.55816E-4 2.44751E-5 4.63095E-5 4.91887E-5 2.65005E-4 6.51969E-4 9.78318E-5 2.36428E-4 5.5391E-4 1.89533E-4 3.58091E-4 2.88501E-4 4.35486E-4 3.64323E-4 1.89459E-4 5.43587E-4 3.76579E-4 2.0278E-4 3.25892E-4 2.04996E-4 1.97984E-4 1.97233E-4 1.97134E-4 2.17605E-4 2.08908E-4 2.33661E-4 2.39689E-4 2.3727E-4 2.48316E-4
-9999 -9999 -9999 -9999 -9999 -9999 -9999 -9999 -9999 -9999 1.1009E-5 1.18688E-5 1.06924E-4 9.62891E-5 4.573E-5 1.36716E-5 3.1182E-5 7.64403E-5 8.21643E-5 9.24299E-5 8.53216E-5 1.26227E-4 1.31659E-4 1.40673E-4 1.347E-4 1.35468E-4 1.9579E-4 1.60284E-4 1.95529E-4 1.76942E-4 1.17697E-4 1.34109E-4 4.54902E-5 6.49415E-5 4.49222E-5 3.61013E-5 4.40508E-4 1.76659E-4 1.32453E-4 2.15347E-4 4.14455E-4 8.7338E-5 1.7673E-4 3.57253E-4 2.9024E-4 3.92872E-4 4.85117E-4 2.28105E-4 1.80258E-4 1.95297E-4 1.75386E-4 2.12189E-4 1.73073E-4 2.12241E-4 1.86888E-4 1.80547E-4 2.08965E-4 2.26369E-4 2.48978E-4 2.37445E-4 2.61928E-4
-9999 -9999 -9999 -9999 -9999 -9999 -9999 -9999 -9999 -9999 1.12754E-5 1.31926E-5 9.34164E-5 7.58234E-5 2.40508E-5 2.89903E-5 5.78031E-5 8.94995E-5 1.22748E-4 9.66305E-5 8.91032E-5 8.4873E-5 9.77622E-5 1.00296E-4 1.28557E-4 9.59829E-5 2.59199E-4 1.20171E-4 3.52956E-4 1.99209E-4 8.37553E-5 5.04324E-5 4.29966E-5 6.69837E-5 6.43992E-5 7.82598E-5 9.53201E-5 1.76335E-4 4.27474E-4 1.78776E-4 3.53042E-4 2.20965E-4 2.88253E-4 2.31081E-4 3.50885E-4 2.67429E-4 2.24555E-4 3.22246E-4 2.2377E-4 2.0648E-4 1.82554E-4 2.13753E-4 2.21399E-4 2.23318E-4 1.92603E-4 1.85674E-4 2.05952E-4 1.98035E-4 2.82131E-4 2.62623E-4 2.28939E-4
-9999 -9999 -9999 -9999 -9999 -9999 -9999 -9999 -9999 1.80579E-5 1.18565E-5 2.1332E-5 1.15845E-4 3.96007E-5 1.218E-5 2.16069E-5 8.93714E-5 1.32616E-4 1.44649E-4 6.99926E-5 8.78196E-5 9.34194E-5 9.68653E-5 1.12114E-4 7.82678E-5 7.27107E-5 3.18173E-4 1.326E-4 1.17091E-4 5.98235E-5 7.20516E-5 1.50082E-4 1.07371E-4 1.52E-4 1.20849E-4 1.09918E-4 8.87814E-5 1.44484E-4 6.46573E-4 1.04705E-4 3.69088E-4 5.09151E-4 6.31387E-4 2.46281E-4 5.01797E-4 2.91171E-4 4.59074E-4 2.50361E-4 2.11103E-4 2.09239E-4 1.78122E-4 2.02419E-4 2.16805E-4 2.30513E-4 2.35274E-4 2.55541E-4 2.5503E-4 2.23503E-4 2.51815E-4 2.43919E-4 2.32203E-4
-9999 -9999 -9999 -9999 -9999 -9999 -9999 -9999 -9999 1.63444E-5 1.59107E-5 2.12267E-5 3.25409E-5 1.84749E-5 1.24231E-5 5.02471E-5 1.1114E-4 1.52379E-4 1.36716E-4 1.07607E-4 1.54604E-4 1.03852E-4 9.04486E-5 1.13484E-4 9.42722E-5 1.19664E-4 2.42921E-4 1.81923E-4 1.61568E-4 1.20496E-4 1.39692E-4 2.53942E-4 7.13484E-5 1.63347E-4 3.10734E-4 4.23905E-4 1.4989E-4 6.22944E-4 6.75184E-4 3.54901E-4 3.75526E-4 6.37922E-4 4.90435E-4 7.18871E-4 5.78938E-4 4.2906E-4 7.2343E-4 2.61072E-4 2.07744E-4 2.20028E-4 2.87754E-4 3.08579E-4 2.60118E-4 2.37793E-4 2.23385E-4 2.59948E-4 2.42001E-4 2.26532E-4 2.23224E-4 2.38639E-4 2.09238E-4
-9999 -9999 -9999 -9999 -9999 -9999 -9999 -9999 2.73221E-5 1.44414E-5 2.28781E-5 6.83361E-5 1.34164E-5 1.54195E-5 2.57289E-5 9.95755E-5 1.35398E-4 1.28342E-4 1.33742E-4 1.21886E-4 1.34918E-4 1.30988E-4 1.16415E-4 1.19519E-4 1.11346E-4 1.95067E-4 1.56338E-4 2.33417E-4 1.71992E-4 1.96937E-4 2.27475E-4 3.09967E-4 1.18406E-4 1.98143E-4 3.2656E-4 1.1351E-4 1.49494E-4 4.18742E-4 4.05927E-4 3.97633E-4 4.82152E-4 4.32519E-4 4.9392E-4 1.89296E-4 8.46722E-5 3.91528E-4 1.2605E-4 3.04656E-4 4.0326E-4 2.79322E-4 2.91995E-4 3.44063E-4 2.23645E-4 2.58855E-4 2.75516E-4 3.09241E-4 3.34761E-4 2.67707E-4 2.54444E-4 2.40567E-4 2.33704E-4
-9999 -9999 -9999 -9999 -9999 -9999 -9999 1.82314E-5 2.14577E-5 1.3627E-5 4.8847E-5 6.57252E-5 1.40395E-5 1.75889E-5 5.27453E-5 1.31343E-4 1.42497E-4 1.36036E-4 1.56007E-4 1.50735E-4 1.58726E-4 1.36145E-4 1.27327E-4 1.29686E-4 1.19842E-4 1.59449E-4 1.63137E-4 2.21041E-4 3.18972E-4 2.67522E-4 1.91122E-4 1.95091E-4 1.72955E-4 1.96228E-4 1.97214E-4 1.75408E-4 4.51718E-4 4.29549E-4 4.18797E-4 5.11819E-4 4.89902E-4 6.67059E-4 4.37397E-4 2.71188E-4 1.39954E-4 1.84506E-4 2.26602E-4 9.27265E-4 1.04862E-3 3.39777E-4 2.49448E-4 4.28062E-4 8.89869E-4 3.64758E-4 4.76395E-4 3.0149E-4 2.72874E-4 2.48957E-4 2.71237E-4 2.70467E-4 2.37273E-4
-9999 -9999 -9999 -9999 -9999 -9999 -9999 7.41339E-6 6.52882E-6 7.20513E-6 2.45017E-5 2.55772E-5 1.79129E-5 4.13721E-5 1.4173E-4 1.57941E-4 1.46218E-4 1.45536E-4 1.41128E-4 1.48403E-4 1.48287E-4 1.55821E-4 1.68399E-4 1.58529E-4 1.51278E-4 1.40473E-4 1.58985E-4 2.52249E-4 3.35288E-4 3.07122E-4 2.09376E-4 1.13817E-4 1.60957E-4 2.90868E-4 1.52197E-4 3.02525E-4 3.32252E-4 6.48209E-4 5.15738E-4 4.69001E-4 4.45161E-4 3.76164E-4 2.86151E-4 1.93551E-4 2.13027E-4 1.74129E-4 1.84895E-4 1.50533E-4 4.10286E-4 1.74768E-4 2.08939E-4 1.92651E-4 4.00402E-4 8.83949E-4 4.41383E-4 3.44808E-4 2.64365E-4 2.39682E-4 2.95013E-4 2.78093E-4 2.26889E-4
-9999 -9999 -9999 -9999 -9999 -9999 -9999 1.00387E-5 7.99479E-6 1.12291E-5 3.93471E-5 3.78388E-5 3.62947E-5 5.03676E-5 1.78339E-4 1.53495E-4 1.58487E-4 1.74086E-4 1.53116E-4 1.43625E-4 1.60243E-4 1.33421E-4 1.55837E-4 1.58969E-4 1.41529E-4 1.50473E-4 1.43985E-4 2.56076E-4 3.57276E-4 3.4841E-4 3.31913E-4 1.57401E-4 4.10275E-4 9.35472E-4 3.81649E-4 3.17604E-4 4.7698E-4 3.89453E-4 5.00182E-4 3.59985E-4 2.80223E-4 2.54476E-4 2.30853E-4 2.10578E-4 2.29755E-4 2.26875E-4 1.64807E-4 1.004E-4 2.7919E-4 3.05288E-4 2.4608E-4 2.46773E-4 4.20001E-4 2.57262E-4 7.48671E-4 5.80097E-4 3.65093E-4 2.66295E-4 2.73923E-4 2.47556E-4 2.08847E-4
